prob_class_0,prob_class_1,prob_class_2,prob_class_3,prob_class_4,prob_class_5,prob_class_6,true_label
0.001170078042890283,0.25486928717988805,6.185867006853531e-06,4.784419486113831e-08,0.7439442396226619,9.409086047915286e-06,7.523573102018481e-07,4
0.0010055599706792527,0.25592160337991426,7.099603624132337e-06,3.302343697725336e-08,0.7430577694175274,7.282690639678078e-06,6.519141783395807e-07,4
0.00572806003234487,0.5358669287213483,2.1825173157774928e-05,1.2128424739407873e-07,0.4583603004773301,1.9999963698297198e-05,2.764347873149895e-06,4
0.024123399318539237,0.17545654496876203,6.087767212260121e-06,3.3446047046094804e-08,0.8004077556560035,3.0993322497713066e-06,3.0795111860699336e-06,4
0.08095482168245197,0.9189845385110746,7.284122991401574e-06,1.185490445174485e-07,4.439144135154452e-05,4.018193683540919e-06,4.827499402592074e-06,1
0.15595118580779008,0.3807989343888259,8.695816177986468e-06,9.225063830002805e-08,0.4632313105668579,7.601864978808474e-06,2.1793047311965908e-06,4
0.15637385539726145,0.8434115822205931,3.5269719177563446e-05,1.6416164843540416e-07,0.00013256560279725145,4.2962929863422975e-05,3.59996865870148e-06,1
0.24517606224943264,0.6732309112187554,2.1726397118534154e-05,1.8304037217582403e-07,0.08154930021307336,1.6702463360042068e-05,5.114417887743904e-06,0
0.00048725553501984236,0.270961002781443,5.684270370506691e-06,1.430906159584576e-07,0.7285321341326597,1.2954323039595785e-05,8.258668512313516e-07,4
0.5050871929548935,0.4803036911276935,2.98825770983111e-05,2.3968532586632283e-07,0.014533912441571092,2.1393532685071285e-05,2.3687680732622004e-05,0
0.0002712696156942298,0.037191978151418885,3.65877226240802e-06,8.281095046547093e-08,0.9625233002682011,9.250907811942021e-06,4.594736607898555e-07,4
0.0002533810131784479,0.13751765012346545,3.2850906474402587e-06,7.435321451264995e-08,0.8622168907890162,8.306084269191858e-06,4.1254620882374153e-07,4
0.006741587302041301,0.9898045666039328,3.138183231296884e-05,1.6307668179422016e-07,0.003387233076135929,3.184881948286796e-05,3.2192894122877735e-06,1
0.5151745573526456,0.4846090241272603,5.45297540872274e-05,1.2114472398555859e-07,0.00014547523344944592,1.2836073564000215e-05,3.456314269232024e-06,0
0.27023140294316117,0.7295340144256794,2.9877461953511304e-05,2.0044619769477236e-07,0.00015800722543618322,4.0778676062441335e-05,5.718821509621276e-06,1
0.2047655928326143,0.7951807043621233,9.422552516640916e-06,1.5990443102758472e-07,3.306061224046767e-05,5.4199253763759845e-06,5.6398106980592206e-06,1
0.01248579794405611,0.9844588388404065,2.9451007814562006e-05,1.2277887103293351e-07,0.0029707314350301537,5.1580088407989037e-05,3.4779054134392275e-06,1
0.006444402435252847,0.9869134544663302,2.6397942924224468e-05,3.4674423026912416e-07,0.006565496844230981,4.5453162536316315e-05,4.4484044951123135e-06,1
0.0022353025414232,0.9845640431110019,3.2095524168375835e-05,6.022351342669277e-07,0.013092831259136791,7.051550564182518e-05,4.609823493605958e-06,1
0.03126176344174965,0.9682967524273328,3.739472825493973e-05,1.7714010697872245e-07,0.00033869842098583887,4.981096830127281e-05,1.540287326855387e-05,1
0.005300000841004879,0.9911699384937066,2.5333115774735603e-05,2.765787227419667e-07,0.003466672316734245,3.4705434046859666e-05,3.0732200099001166e-06,1
0.017524440332089827,0.9824680774015258,2.782532373238968e-06,4.0466494637233585e-08,1.8676851866144146e-06,1.364333767304266e-06,1.427248562790955e-06,1
0.460094777187297,0.5397133393866552,8.667185224950165e-06,1.464490998299358e-07,0.00015159070917629826,1.4517133028135731e-05,1.696194951848357e-05,1
0.48323256831072336,0.5167403421703567,8.013607110153424e-06,1.685919559441868e-07,7.5501232697467124e-06,5.684102377844415e-06,5.673094206315466e-06,0
0.3462193078524225,0.6537187437425155,9.881972548657262e-06,1.8463514835268852e-07,3.9144736191845776e-05,6.225000949230402e-06,6.512060223882167e-06,0
0.7588249958661293,0.2399810520202634,1.109411469407358e-05,2.5136648386861424e-07,1.919772104156541e-05,6.937709010587357e-06,0.0011564712023771917,0
0.2393443606359142,0.760403916992298,1.2470511572957858e-05,2.497422027335355e-07,0.0002193379304742398,9.11693815165501e-06,1.0547249386249205e-05,0
0.7956417048526458,0.20157206232792121,8.955062304440144e-06,2.0205471166660082e-07,1.6126601220273325e-05,7.104246091521575e-06,0.002753844855104934,0
0.5418721308857031,0.4580848202644916,1.1741918136743996e-05,2.1982664206023503e-07,1.5800004248827057e-05,7.4114872910175715e-06,7.875613486781448e-06,1
0.7422734134713886,0.2564925789714368,1.631574863097878e-05,2.0095214716641258e-07,2.0976656597230437e-05,7.046601977361666e-06,0.0011894675978218459,0
0.5793617833681324,0.4205161701023179,8.60728845287815e-06,1.1434874646406082e-07,0.00010535786526728718,3.933960085191865e-06,4.033066998039728e-06,0
0.10441645624042806,0.8954645031073022,1.0296855244476272e-05,1.1961285955273685e-07,9.159586316786576e-05,4.8743800095358865e-06,1.215394098821415e-05,1
0.3806586937913175,0.6193104381166967,9.52211122107827e-06,2.2796043510028436e-07,7.826324866597793e-06,6.1330014686311e-06,7.158693994616432e-06,0
0.03038866140763432,0.9694341305193936,2.304094814556604e-05,1.6935161587610243e-07,0.00010415198218819323,4.540113682139154e-05,4.4446542009368615e-06,1
0.83772036253254,0.13910735390301654,1.4896199472480145e-05,2.2925651969373401e-07,1.3988292599972653e-05,7.887152466761932e-06,0.023135282663384635,0
0.08068484788066244,0.9190884443735222,8.739318097019454e-06,1.506944126154409e-07,0.00019742756524752922,1.2118169861463015e-05,8.271998196750022e-06,1
0.8564844077293733,0.13696038443398667,1.0376640180007697e-05,1.5224349943201892e-07,1.2016336846211224e-05,6.181885772124572e-06,0.006526480730342091,0
0.13637432263821625,0.8635900930837724,1.1292840800064644e-05,1.645618294705922e-07,1.1764214982519755e-05,5.6614496328294055e-06,6.701210766332381e-06,1
0.8525390232193645,0.11646029252598625,9.953892543510388e-06,1.9236355318714503e-07,1.2718293118280842e-05,6.520120153699826e-06,0.030971299585280346,0
0.3120235779994894,0.6879471877644667,8.788453221917525e-06,1.7239011813736236e-07,9.763371619706556e-06,5.249746608272015e-06,5.260274475820399e-06,0
0.17213375768524286,0.8277585785442475,8.969722040268836e-06,1.6792689689733682e-07,8.602620027030173e-05,5.661679815104479e-06,6.838241486895469e-06,1
0.008940132974284486,0.9866828928373953,2.5140718570715073e-05,8.538857908159128e-07,0.004313724078302469,3.3960195037800695e-05,3.295310618549012e-06,1
0.028166843321581887,0.9715850403725946,3.870404519941139e-05,1.540955147610938e-07,0.00017223518518730743,3.066379817717963e-05,6.3591817446596895e-06,1
0.9316170969782147,0.060825593678059536,1.2916707664630843e-05,2.454157825558653e-07,1.0178077711341664e-05,8.443082436013738e-06,0.007525526060131381,0
0.191404267299813,0.8085520439519817,1.5655306166422024e-05,1.7633579382836166e-07,1.1993019806018642e-05,7.06229155371725e-06,8.801794885480064e-06,1
0.9594762334408021,0.037114563823639535,4.298019877963336e-06,9.726425395426596e-08,3.1213562896990716e-06,2.926717178376691e-06,0.00339875937795829,0
0.052319953294144884,0.9476386043391766,6.944975934715936e-06,1.1227579606351685e-07,2.586104300942251e-05,3.952028860309671e-06,4.572043078275521e-06,1
0.08362721388067644,0.9162718296577981,7.608807811230983e-06,1.4244850387693186e-07,8.250380207541886e-05,4.900680993676436e-06,5.8007221413312136e-06,1
0.197701668161839,0.8019434251017991,9.801580238337715e-06,2.4247169937350584e-07,0.00032686234001686235,7.464899690396926e-06,1.0535444716988819e-05,1
0.12057471614535638,0.8793310527478755,5.465175216514062e-06,1.256891800072385e-07,7.824601080765946e-05,4.335642606545544e-06,6.058588957743767e-06,1
0.1834296658666586,0.8134423954967613,4.5771012932723996e-05,3.42876728382652e-07,0.0029876904481266663,7.14470451683241e-05,2.2687253624041092e-05,1
0.42264831422052085,0.5772614000514721,1.202869694560719e-05,2.234605300011952e-07,6.257799829379761e-05,7.574145315353858e-06,7.881426922292836e-06,1
0.9463571980945396,0.05350166091156016,3.918383527909887e-06,1.1622007515102435e-07,2.5084615983726573e-06,2.8645336496190932e-06,0.00013173339504921657,0
0.2142036923770682,0.782295387641778,3.055986580435242e-05,2.826374395486239e-07,0.0034055125942317687,5.7173499633837575e-05,7.391384044229099e-06,1
0.21018797914986256,0.7896906370526672,8.43890582156715e-06,1.579892065175042e-07,0.00010091800846358445,5.435330526568887e-06,6.433563452019144e-06,1
0.1646277321973454,0.8353242966443509,6.724859416767912e-06,1.417644826070452e-07,2.938090903137574e-05,4.890159446108188e-06,6.8334659266122855e-06,1
0.9899234945013982,0.009338144664672348,4.498862616839137e-06,1.0281759254488193e-07,3.577732066610174e-06,3.1311097328060727e-06,0.0007270503119207454,0
0.2280464497011102,0.7718636260136604,8.42273699089799e-06,1.576865013111956e-07,6.937217123897634e-05,5.550453667774989e-06,6.4212368305051175e-06,0
0.06607235634810847,0.9337853197310414,1.4774648385642582e-05,8.765571440004929e-08,9.061019965122441e-05,3.34881060999765e-05,3.363310998918029e-06,1
0.7859034657356897,0.2132506236280359,7.4952068905651896e-06,1.6995698046062022e-07,6.3995401696253236e-06,5.114068057654715e-06,0.0008267318641761644,0
0.9532921262972511,0.04458740422116479,9.632283865156438e-06,1.433674397931979e-07,6.4576249458423e-06,4.833654137708468e-06,0.002099402551195748,0
0.0916411393877506,0.9066324119898739,4.777451166549509e-05,1.5292626516897382e-07,0.0016362888874728433,3.4806605493306005e-05,7.4256914789032545e-06,1
0.03414913122778016,0.9658242261032013,4.371803043127464e-06,8.168385160969318e-08,1.653960958216859e-05,2.768624981471278e-06,2.880947560177724e-06,1
0.004978643511865928,0.4396594429315549,2.4521632579598266e-05,9.782620666620128e-08,0.5553108735068504,2.3704217281646687e-05,2.7163736610104363e-06,4
0.007995791334081572,0.6257759370163448,1.6698228534500187e-05,7.586748913439958e-08,0.3661834433353528,2.5283291639642142e-05,2.7709265576867024e-06,4
0.005593237770200289,0.4564209417989004,1.9803889418448772e-05,7.167730812572647e-08,0.5379418599820769,2.196782492495687e-05,2.1170571709461268e-06,4
0.842047758568861,0.15791975040247339,1.160991049173335e-05,1.820193661025198e-07,7.853664555282675e-06,7.151339278004201e-06,5.694094974392267e-06,0
0.013096031589597837,0.4723303289356503,2.5459296149398317e-05,9.61785084225955e-08,0.514520394404694,2.4648962937963906e-05,3.040632462077682e-06,4
0.8470632260127284,0.15291183018376808,8.381686953001243e-06,1.8742320801608895e-07,6.407240032659963e-06,4.410277475315282e-06,5.557175834287416e-06,0
0.45421694231228205,0.5457340774127737,1.7911004593858912e-05,2.651045740112908e-07,1.08884843607757e-05,9.120336852807022e-06,1.0795344562672367e-05,0
0.01733852313975608,0.552994227368523,2.921998884987996e-05,1.1038541392562194e-07,0.42960668244579575,2.8356545409366878e-05,2.880126252207616e-06,4
0.048450103863294125,0.9514397978718127,1.7408137260361328e-05,9.715627306179485e-08,8.036033299622911e-05,9.129586154111517e-06,3.1030522095945847e-06,1
0.07211246101948375,0.7253840232865261,5.618077360424731e-05,2.3671600638438795e-07,0.20239566494519273,4.741404470801383e-05,4.0192144788618185e-06,4
0.2228473357503101,0.7771216341655549,7.809502502919596e-06,1.5950497064445747e-07,1.0951326456938136e-05,5.614462506176574e-06,6.495287698276232e-06,0
0.23017802994005299,0.7697890899336133,1.1358842216153413e-05,1.8363452999714482e-07,7.542313124658304e-06,6.3175400787672805e-06,7.47779638400031e-06,1
0.21411998452621525,0.7857993236684536,1.2052206151105571e-05,1.7527578125275637e-07,5.625232335991013e-05,6.0300436049456725e-06,6.181956434024369e-06,0
0.10182963514921724,0.8980600271324457,6.318432051244545e-06,1.2905064291559987e-07,9.428413376050512e-05,4.35096124338075e-06,5.2551406391764476e-06,1
0.08683369381326299,0.9096494446644192,2.1090487367469942e-05,2.2625505002725898e-07,0.0034620896017784346,2.506309425140008e-05,8.392083870188508e-06,1
0.12937832783662562,0.8705062328140531,8.017900541509146e-06,1.4980675656296923e-07,9.693721848845618e-05,5.050756641548376e-06,5.283666893256002e-06,1
0.025754373293191128,0.9739581153642897,2.831914822719788e-05,1.1739063693583429e-07,0.00021479966800918974,3.574083106939302e-05,8.534304576229028e-06,1
0.05163466617116114,0.9481119705412085,3.178140086907609e-05,1.3612932400864016e-07,0.00019121521793479958,2.7745797782003077e-05,2.4847417204072e-06,1
0.046451775352743606,0.9535250010396352,7.2191737132406625e-06,9.263268314208789e-08,6.0367879062858596e-06,3.260605135040412e-06,6.6144081834768705e-06,1
0.026965857108159155,0.9730019277657005,6.207936129931794e-06,8.262684011863176e-08,1.9479214909433132e-05,2.8425937869063594e-06,3.6027544740343263e-06,1
0.04566747778770041,0.9541140626477995,1.0149477356893897e-05,1.479004788601332e-07,0.00019715296550652513,4.98648621083394e-06,6.022734946929807e-06,1
0.2973299011126427,0.7025363918585269,1.0499621418853123e-05,1.6974189172845624e-07,0.00011015071974161851,5.974794910694006e-06,6.9121508675961065e-06,1
0.510131717511641,0.48982816510285726,1.283569973410832e-05,2.2376031513660028e-07,1.491488978515883e-05,6.067051804200343e-06,6.075983863080032e-06,1
0.009601394440951278,0.9902596798428996,2.725446011078869e-05,1.0481523562896246e-07,7.969183759538963e-05,2.8938456993000794e-05,2.9361462142983943e-06,1
0.05152352495991457,0.9484356775552263,7.620726638749241e-06,1.129281480159462e-07,2.0715336068022593e-05,3.974991189088187e-06,8.373502815402083e-06,1
0.0726282387111713,0.926111904015747,2.4127987851116616e-05,1.6408427361406822e-07,0.0011983891643515309,3.171968456874332e-05,5.456352036761085e-06,1
0.06698602614736568,0.9309444464353458,4.307838381076443e-05,1.425799810655049e-07,0.0019863454201206597,3.5854514396084334e-05,4.106518979949489e-06,1
0.10236256886135241,0.8974367584754398,1.847039198901947e-05,1.1089317815141723e-07,0.00014744974411916545,3.255158197527681e-05,2.0900519461354733e-06,1
0.08763577589457702,0.9121324256471726,2.2928483205560384e-05,1.2064532812443065e-07,0.0001697279298669103,3.6726079414778844e-05,2.295320434701279e-06,1
0.004242825057189179,0.9955264146135527,2.7153708736217513e-05,1.0650985561921589e-07,0.00016738946273922,3.410321036655343e-05,2.007437560456516e-06,1
0.0046179426193178885,0.9951360513718813,2.6227996857127153e-05,1.1608650940399218e-07,0.00018217808814155887,3.526860141211857e-05,2.2152358807040353e-06,1
0.05417252865920548,0.9457992508430357,9.29138428349588e-06,1.0928173933055034e-07,6.870066096066656e-06,3.846640174297646e-06,8.103125465470184e-06,1
0.04134174573723992,0.9585582524188097,2.550347911568622e-05,8.926611980638919e-08,5.48062520334182e-05,1.703187640300731e-05,2.570970278555064e-06,1
0.05375242443349994,0.9460854781463336,1.8319184387049125e-05,1.0411803057637843e-07,0.00010428995490718545,3.340739259332067e-05,5.9767702483092456e-06,1
0.04367163676574569,0.9561478500202926,1.7454148513124246e-05,1.0737458565903738e-07,0.00012284481157085787,3.394317041827504e-05,6.163708873850565e-06,1
0.4025227647633128,0.5974338920830481,1.2049534627726217e-05,2.251339601093492e-07,1.1079445589544837e-05,7.630865859309334e-06,1.2358173602654905e-05,1
0.11004278544362442,0.8892783888095577,1.053119296978839e-05,1.7139508293187972e-07,0.0006551809225190765,5.896535256414733e-06,7.045700989569233e-06,1
0.1564202992050785,0.8324080272186717,8.574990502451902e-06,1.602154464351583e-07,0.011151775669874811,5.511920250959654e-06,5.650780175337759e-06,1
0.33313785554611025,0.6651436778519342,2.340651813731729e-05,2.167376105414381e-07,0.0016579432564868613,2.339368330140035e-05,1.3506406419632477e-05,0
0.05870498234483964,0.9411887633373821,7.773591658929852e-06,1.1305169643433734e-07,9.045318028613802e-05,3.889337444339104e-06,4.025156692579664e-06,1
0.18571401143481317,0.7938624023161617,3.904370159448995e-05,3.7314119715482843e-07,0.020295912621300295,5.3369884031180504e-05,3.4886900902052114e-05,1
0.5419167173906747,0.45742639145134417,9.811810765905052e-06,2.2565142646061792e-07,0.0006293163356146163,7.607870746415693e-06,9.929489427567221e-06,1
0.04914249940319263,0.9507287932937123,7.320732992794774e-06,9.504476635069357e-08,0.00011485641125049278,3.2044121267765784e-06,3.230701958500219e-06,1
0.018526122174474777,0.9812282050015998,2.390984814468015e-05,1.7437453585255825e-07,0.00017600019311724122,4.319280360061387e-05,2.3956045269777912e-06,1
0.01589845769464855,0.9837659522959555,2.6514725636159003e-05,1.2867257802875744e-07,0.00027013669295549873,3.628356925536559e-05,2.5263489709359145e-06,1
0.053749855108053524,0.9459810915450454,9.546266948988281e-06,1.7872069820004848e-07,0.00024583295752718707,6.148559690049477e-06,7.346842036682316e-06,1
0.022221784756129383,0.9696605586406114,3.358435338089737e-05,2.921599754093335e-07,0.00800387632263267,6.454195988193204e-05,1.53618073883497e-05,1
0.12961391901932698,0.843089280992885,7.470130793165859e-06,1.525734824246135e-07,0.027278045370670103,5.144037207403024e-06,5.987875635000745e-06,1
0.14808784942512387,0.8517585036778139,6.801556315785397e-06,1.7167864492650234e-07,0.00013538683767380823,5.1658154914933104e-06,6.1210089363123965e-06,0
0.21125716741746972,0.7883138619258271,7.445576704927033e-06,1.5120310158629863e-07,0.0004075428829384828,5.3222425686417315e-06,8.508751389600653e-06,1
0.024718452206654397,0.32053608543308243,8.390208930212999e-06,5.8586104117365976e-08,0.654721710039773,1.3025781392602857e-05,2.2777440632235478e-06,4
0.06938232416885477,0.6142527673253698,3.089169429585397e-05,2.249734742768581e-07,0.316290122941245,3.85106698953034e-05,5.158226865028349e-06,4
0.03606297172690591,0.9638542039710203,8.696190095199745e-06,9.32974135754948e-08,6.759378921387801e-05,3.2715368128714835e-06,3.169488538230073e-06,1
0.0248509037937731,0.9716422776494722,3.187325919018945e-05,1.692151140173083e-07,0.003377374271047058,7.693875881954801e-05,2.0463052584013946e-05,1
0.03905395527946038,0.566651508243841,2.6948605539079152e-05,1.6393062670951922e-07,0.3942371094653272,2.6555848258960444e-05,3.7586269466300257e-06,4
0.05623447937208951,0.6437084897728554,2.950515782051676e-05,1.8622298645906633e-07,0.2999878597087652,3.521001583919233e-05,4.269749643715115e-06,4
0.035825204209247064,0.9595803203425524,3.376928111200025e-05,1.436014653882608e-07,0.004476414284065949,5.099869244913046e-05,3.3149589107929035e-05,1
0.15190039551140042,0.837101596086837,2.5490142082628084e-05,2.0422839173193952e-07,0.010918178354761774,4.889732917891789e-05,5.238347347677342e-06,4
0.014559374803241364,0.9763936884541425,3.707571603030296e-05,4.605881780058735e-07,0.008939213089599697,6.671138682324548e-05,3.4759619845891927e-06,1
0.4850153534995352,0.5144555842334049,1.5380732851532164e-05,2.873741935461645e-07,0.0004943649325897243,9.688862838791892e-06,9.340364586260501e-06,0
0.17477940382571622,0.697594382797529,2.4344779797812713e-05,2.3106959901225518e-07,0.1274832898865578,8.511508153538638e-05,3.3232559264949445e-05,4
0.02586190172884936,0.9642758441763508,1.9515155416133646e-05,1.6311413576549705e-07,0.009796607458738886,3.041546811365415e-05,1.555289839538784e-05,1
0.05545065417835341,0.9377342366454504,6.626974338459333e-05,1.2589381788661014e-07,0.006683003581154799,4.8790556570097924e-05,1.6919401268696885e-05,1
0.6079418440795932,0.3917494809074874,9.905237821784668e-06,2.0572907893214424e-07,0.00028360226819759866,7.241518527152565e-06,7.720259293949205e-06,0
0.0540695358444229,0.9402667546737055,2.206268162402303e-05,1.4168689555701562e-07,0.005593519195699949,4.487303839891843e-05,3.1128792534100507e-06,1
0.07736133373185802,0.8816548398438663,4.0530566404299805e-05,3.458391601852412e-07,0.04087605340522207,5.731065998649028e-05,9.585953502405008e-06,4
0.009153519522085022,0.9807558749326417,3.058524926805293e-05,1.4113643054400487e-07,0.010022376800851697,3.4842269139648904e-05,2.660089583151273e-06,1
0.014890155006024875,0.9769757514519337,3.074184958828429e-05,1.3619938868543134e-07,0.008066817049388974,3.383140571330008e-05,2.5670379623262835e-06,1
0.06599158552276967,0.922994078736344,2.742050213839244e-05,1.8386050036893867e-07,0.010946176009481744,3.437622740686619e-05,6.179141358767987e-06,4
0.8552994736470042,0.1442424266172757,8.592815958389266e-06,1.6326239685373412e-07,6.8497491685294145e-06,5.616745023411386e-06,0.0004368771631728665,0
0.007149453883338608,0.9899787910784528,2.5352196952079165e-05,1.423220771746789e-07,0.002809133309327516,3.473942378815367e-05,2.387786063973047e-06,1
0.01249599156589313,0.9754204809147067,1.9435681550345945e-05,9.981494898111513e-08,0.012028277546476824,3.3287518860675265e-05,2.426957563472758e-06,1
0.08080430054522558,0.9191705231605919,5.459998777591389e-06,1.02160827685745e-07,1.0439893119389623e-05,3.5364920004938576e-06,5.637749457331572e-06,1
0.047998241183637436,0.9517803742910842,2.954546243626215e-06,4.7318377788489496e-08,0.00020784540468573638,2.479952500854121e-06,8.057303470104085e-06,1
0.09732338658175652,0.9012895150417499,2.7436407636186727e-05,1.600636104451729e-07,0.0013089552262086238,4.530244544614908e-05,5.244233591913224e-06,1
0.6677926405825094,0.33209019592498795,1.2212642408464893e-05,5.752515397936403e-08,9.27859508053543e-05,1.0915802904493757e-05,1.19157123035345e-06,0
0.057232748925392506,0.9336217179615567,1.4316009163789539e-05,1.2548642671810484e-07,0.009120491523570912,5.67527271383585e-06,4.9248211755270875e-06,1
0.059595331373330555,0.9374440500813005,2.3835951728821808e-05,2.8714408127676235e-07,0.0028914619572829427,4.09712429067724e-05,4.062249368924661e-06,1
0.060699154633449645,0.9390503604029757,2.2631847827069036e-05,1.890788580294646e-07,0.0001824365326652368,4.082744466854624e-05,4.40005955576383e-06,1
0.067137963139605,0.9326259283589902,2.9981423092664697e-05,1.5694082375994205e-07,0.00015190985422895733,4.896675423860527e-05,5.093529020907946e-06,0
0.05838001145482052,0.9413460298286428,2.515036291544947e-05,1.485971307022413e-07,0.00021346057564003594,3.208805684209079e-05,3.111124008343069e-06,1
0.05517061776125508,0.9445778010973861,2.0246611892822312e-05,1.42839327458892e-07,0.0001979350535170115,3.0120856474571277e-05,3.1357801472418637e-06,1
0.09837474907241768,0.9002307842192666,9.118275238156187e-06,1.245614958686652e-07,0.0013753563662821388,5.633441617443236e-06,4.234063682162793e-06,1
0.2617688854793294,0.7356609013618471,2.0566177353748e-05,2.7946019616868387e-07,0.0024747640454973628,5.7956828975468476e-05,1.6646646800862377e-05,1
0.9114410474867304,0.08764394679217469,1.296853042137477e-05,1.6836798804377834e-07,7.90543300468093e-06,7.411853947281849e-06,0.0008865515357334539,1
0.22334808588361854,0.7718025729510679,2.3729282783983356e-05,1.7160012953689214e-07,0.004785262407773857,3.4854159080234054e-05,5.323715545735375e-06,0
0.6046255211695236,0.39533894820667703,1.4653667284606563e-05,1.85631527236871e-07,7.82340084260888e-06,6.258594008597306e-06,6.609330136370501e-06,0
0.01110549032194684,0.9782810429177732,3.3471446005297255e-05,2.3253383110741988e-07,0.010516798504558344,5.98386608166096e-05,3.1256150687342003e-06,1
0.27023330784241045,0.7288360265686377,1.0427470853113413e-05,2.365270149167029e-07,0.0008943296638983469,1.9007950366356598e-05,6.663976819155469e-06,1
0.5093501086553639,0.4906057990110986,9.23497217006493e-06,2.85400037091213e-07,1.3531235310956689e-05,7.736791763342444e-06,1.3303934256111892e-05,0
0.036940661324773826,0.07299636076464516,1.278586487008091e-06,2.8221823830473244e-08,0.8900582225251094,2.6534477762956513e-06,7.951293845516761e-07,4
0.022344258568989656,0.9644979058977519,2.808909098406661e-05,2.1104416091953232e-07,0.013042839652630703,8.338136514590401e-05,3.314380336983801e-06,1
0.015368052590827692,0.9720019112113927,2.9614197644347457e-05,2.2261671919401025e-07,0.012513439109006843,8.32641507849102e-05,3.496123624390617e-06,1
0.013185471016488391,0.033841565074250665,4.147007330014513e-07,9.356968626894976e-09,0.9529719032338166,3.289911294213916e-07,3.0762661339816436e-07,4
0.08061596071708148,0.574348009379514,4.262795489818153e-06,8.541945602494143e-08,0.34502577644722016,3.0033491008435545e-06,2.901892137513815e-06,4
0.27146257776698157,0.7285010302430388,9.25627859038224e-06,1.892854138494735e-07,1.4696513700877693e-05,6.5875195140292e-06,5.662392760323709e-06,1
0.10121891702773292,0.8931386936528282,3.550880837806799e-05,1.4251104662850674e-07,0.0055747763509696015,2.6368682230971693e-05,5.592966813528195e-06,0
0.0084384952483865,0.025184992775327198,3.388878489827715e-07,6.790758736306564e-09,0.9663756795577957,2.387631588145063e-07,2.4797672406869554e-07,4
0.1699642227512864,0.7518383115730823,8.082633225938734e-06,1.4816139523488994e-07,0.07817901004068104,5.091534028860099e-06,5.1333063001966735e-06,4
0.017145834411534604,0.021107689089630118,4.27189497023494e-07,9.667304690265275e-09,0.9617454762237201,2.908927540728846e-07,2.7252555943961095e-07,4
0.07080990476899335,0.34405018149897454,2.953047363619923e-06,6.791400342963473e-08,0.5851321503968917,2.342716831872061e-06,2.3996569413956652e-06,4
0.06534008820243388,0.9344660727107141,1.711027253575454e-05,1.4357488260358483e-07,0.00014892210369509766,2.389343145635124e-05,3.769704282231326e-06,1
0.18863143153484077,0.6638520171029781,6.698882533057674e-06,1.3682114339377836e-07,0.14750004888438495,4.7196922489879095e-06,4.947081870732048e-06,4
0.2759020673558973,0.6560172286009561,7.15590425429228e-06,1.7702291088795e-07,0.0680621062538746,5.449948493349869e-06,5.8149136134158374e-06,4
0.18163204058994667,0.14886597605854954,3.3813654086920655e-06,7.652034964041213e-08,0.6694939698995835,2.3984239426406623e-06,2.157142219306187e-06,4
0.06378500029318737,0.9359913546199259,2.100324932486188e-05,1.1301160102009201e-07,0.00017506812289069598,2.2624433037955807e-05,4.836270032231613e-06,1
0.04699336338797251,0.10021321627908554,1.2054772085725274e-06,2.9821120698001045e-08,0.8527902036907178,9.1809343210353e-07,1.063250462783312e-06,4
0.8203049868826764,0.17856908980108532,1.1615066239292629e-05,1.4891277424329405e-07,6.800420453968937e-06,5.241624660985215e-06,0.0011021172921097766,0
0.9168102209556568,0.08216047622166887,1.6689363364055735e-05,1.543500633694254e-07,9.737961670766303e-06,6.980664968547952e-06,0.0009957404826077894,0
0.4488831851481259,0.3707735613150402,9.413340294851426e-06,2.7240404278711614e-07,0.18032253868498085,6.409971458741165e-06,4.61913605658928e-06,4
0.10336755068667136,0.8964178873951841,9.482463973113249e-06,1.224056496130092e-07,0.00019647192405193226,4.126924325246182e-06,4.358200144617355e-06,1
0.060619736391847305,0.9268666531914651,8.296056085216027e-05,1.3350218191996243e-07,0.012385730010235917,3.839179223495375e-05,6.394551182728633e-06,1
0.6495109406849537,0.35026905345477044,1.0403466000876901e-05,2.3979233885747053e-07,1.5339299414123103e-05,7.269078289365656e-06,0.00018675422423275288,1
0.6713989827852015,0.3285559199014737,1.0742554654146429e-05,2.431041720760034e-07,1.4280763227936049e-05,7.315093959230176e-06,1.2515797311391622e-05,0
0.43897413243283306,0.5571260186790384,1.372432740405763e-05,2.5150691159232847e-07,0.0038695891635061163,8.479592197741226e-06,7.804298109085179e-06,0
0.6074591895724059,0.3924937289731722,1.1283114628905226e-05,2.5533705236862917e-07,9.764912663781714e-06,7.683185826878571e-06,1.8094904249863626e-05,0
0.22158158773954645,0.7427813355479964,2.767767575584813e-05,2.6226845769287665e-07,0.03555300629554678,4.845455775059638e-05,7.675914946334593e-06,1
0.34231528124909805,0.6576442755450167,1.3603241321142063e-05,1.9448215328752412e-07,1.250050150693181e-05,6.977538926768891e-06,7.1674419770270274e-06,0
0.7141022236659611,0.2857952827123431,1.139757778864948e-05,2.5792735538115225e-07,1.016626395991891e-05,7.761128997321403e-06,7.291072359463883e-05,0
0.9241793410359945,0.0757580069319146,3.8095973156942236e-06,8.032601222971461e-08,3.7025886121536388e-06,2.428501215256224e-06,5.26310189356691e-05,0
0.13150689339477736,0.8506724825110149,2.2980731228926426e-05,1.538032163317209e-07,0.017749537808329257,4.3324691492705083e-05,4.627059940440512e-06,1
0.9012777796764871,0.09869012085171952,6.438614035467684e-06,1.430237141918935e-07,8.40488393677486e-06,4.9510387942082935e-06,1.2161911312835215e-05,0
0.12444824860441683,0.8754493854750123,5.8871129571737885e-06,1.1221564419919617e-07,7.178831026370899e-06,3.9848681698968705e-06,8.520289277335171e-05,1
0.3467101351750873,0.6531246624079527,1.0966310280671754e-05,2.010215960992513e-07,0.0001402978634573199,6.908063301189043e-06,6.829158324545714e-06,1
0.08157179996867514,0.918340944291632,6.434021284617859e-06,6.28463464672266e-08,4.459735855408792e-06,2.6636897151761393e-06,7.363544649100034e-05,1
0.2706445704438847,0.729031752452895,8.418566088236187e-06,2.0825866605862537e-07,0.00029794876208386224,6.411593830539132e-06,1.0689922551719395e-05,1
0.0645570982793334,0.9046743225633767,2.747127714741121e-05,1.709148524993438e-07,0.030696317588981684,4.104095405213456e-05,3.5784222562725635e-06,1
0.2758045400979396,0.7227802869451098,9.530645577078519e-06,2.1567865158323403e-07,0.001392276408445511,6.489849959622144e-06,6.660374316790642e-06,1
0.3750816979968983,0.6248728621897205,7.171898726641971e-06,1.4666108040108994e-07,1.0213426271772136e-05,5.104105537995066e-06,2.2803721764304897e-05,0
0.24539395562313215,0.7542839901101445,9.466768462778885e-06,1.8425811978242613e-07,0.00030031710156262564,5.085335414588639e-06,7.000803163724273e-06,1
0.03681114487630818,0.9631107332911669,6.883703199816023e-06,7.909248838682073e-08,4.447153556653945e-06,2.8376429775444043e-06,6.387424030255367e-05,1
0.059643103512022975,0.899654197857749,2.029949029045194e-05,1.5347151849595784e-07,0.04062991081528972,4.915547436846776e-05,3.1793787607286627e-06,1
0.04639285036881454,0.9530880609864187,5.552881094614471e-06,5.5284637366656795e-08,3.969571408908578e-06,2.298803034683475e-06,0.0005072121045911726,1
0.3805431733799963,0.6190600336697085,1.0313047265306443e-05,2.0274964633520267e-07,1.3570333135732613e-05,6.975231829236873e-06,0.0003657315884184166,1
0.6948945516868427,0.3050714007574584,9.129279890628593e-06,2.0269022887516588e-07,1.2144187625969072e-05,6.860748000206373e-06,5.710649953321832e-06,1
0.676195655595228,0.3237606071994123,1.3630806846578084e-05,1.843483933045304e-07,1.601747747613306e-05,8.18749386579948e-06,5.717078778031967e-06,0
0.4507066257338499,0.5485941338124528,1.1566427583152632e-05,2.1610756984102234e-07,1.1473830385238637e-05,7.286098228851401e-06,0.0006686979899302043,1
0.06537792494692568,0.6672351376925659,4.5792129301909604e-05,4.5751538416968306e-07,0.2672786257016253,5.664158548019499e-05,5.420428716930598e-06,4
0.09195314117642599,0.9079887505852541,3.4108968355713422e-06,6.966576928884827e-08,2.3501273008469373e-06,2.4521859604491103e-06,4.982536245379511e-05,1
0.0015684506604835035,0.053430825090685884,2.153017671931418e-06,1.8866141141820034e-08,0.944994743599021,3.550412674858735e-06,2.583533217326279e-07,4
0.6732308724549673,0.3267289636558156,6.84180879357974e-06,1.278326139223054e-07,4.936586568961703e-06,4.30989521826529e-06,2.394776602246755e-05,0
0.0018008942641210752,0.044766520657890954,2.8730492578001053e-06,2.517552619827478e-08,0.9534246655656831,4.676533351385954e-06,3.447541694296703e-07,4
0.9701198470157655,0.029736340830030444,3.2075880887340536e-06,6.74819144873945e-08,2.055437126157657e-06,2.2751625867978935e-06,0.0001362064844878037,0
0.0009918045034299687,0.020208054203816588,1.8715211268249813e-06,1.2331809473930374e-08,0.9787958996478087,1.809224693044564e-06,5.485673155738078e-07,4
0.005850611880167828,0.06486649228504192,4.696507065607635e-06,4.4478200354018076e-08,0.929271512260044,6.115632523810557e-06,5.269569566799445e-07,4
0.002108367062309791,0.039796432768295156,2.8813678849931762e-06,2.728795172498654e-08,0.9580886465322425,3.3216864009347243e-06,3.232949148251494e-07,4
0.017232776849846303,0.29979073899903885,1.0968518816804321e-05,7.62152392346383e-08,0.6829450498603963,1.9046669138641042e-05,1.3428875237488026e-06,4
0.046408103514282026,0.9534196980529217,2.8159466958054615e-06,5.36099779641137e-08,2.3622192228860694e-06,1.8443535237627078e-06,0.00016512230337568384,1
0.05876149051956594,0.7680554358379516,3.05535707941331e-05,1.2133696520048685e-07,0.1730929103402583,5.427103600651886e-05,5.21735845834437e-06,4
0.9504448265239894,0.0488750753755533,4.175299901742058e-06,1.3208015856516692e-07,2.9630743886195384e-06,3.1799152979351135e-06,0.0006696477307102402,0
0.37698299166146204,0.6042107090784959,1.7055687159642947e-05,2.3898607335782414e-07,0.018772547096262093,1.0254587670303846e-05,6.202902876659901e-06,0
0.0022062071814816517,0.03518056563271362,3.576252888353204e-06,2.1978206891732632e-08,0.962604717377677,3.933900075680323e-06,9.776769565902918e-07,4
0.005054429064807752,0.05560266358591519,5.160681321522495e-06,4.2636359173673085e-08,0.939329027365359,7.662014798947185e-06,1.0146514385494063e-06,4
0.5536706226324252,0.4455961143308758,9.327889989856154e-06,2.438758564345057e-07,1.1630130640444877e-05,6.553864368859947e-06,0.0007055072758434593,0
0.8469460049355353,0.1530070272297923,1.3330684188752628e-05,1.9687153008712042e-07,2.0803694117464607e-05,7.3550349319896314e-06,5.281549904255788e-06,0
0.002402429578577393,0.03574688590430153,2.529723973417095e-06,2.1136423491248087e-08,0.9618428894000567,3.935890141140857e-06,1.3083665264391709e-06,4
0.005431019412088465,0.06139609295948515,4.896126215497248e-06,4.826830945727058e-08,0.9331569946129931,1.0400905265908229e-05,5.477156423240643e-07,4
0.0027022019034332566,0.03354559079009128,2.364880191969048e-06,2.4892119737734675e-08,0.9637436830089952,5.126689988807601e-06,1.0078351797733124e-06,4
0.0032904204073692005,0.04266160562530959,2.1514533719413242e-06,3.299133189043989e-08,0.9540380751871675,6.416085341162273e-06,1.298250108724824e-06,4
0.004854462320915325,0.036771364390878795,1.468305943948649e-06,2.7735471856723995e-08,0.9583666133654112,4.976751227676913e-06,1.0871301512259587e-06,4
0.6281379587620165,0.371474543819861,9.461865564940758e-06,1.3760434050088106e-07,6.260994712554838e-06,4.734026386985828e-06,0.0003669029271176354,1
0.003340243299066525,0.017057217317863284,1.2023634768714885e-06,9.169154766708774e-09,0.9795983506400441,2.7474069559710382e-06,2.298034386331139e-07,4
0.6091760429526729,0.38975760560814476,1.5899687248072807e-05,1.9960102916265676e-07,1.0396499031243544e-05,6.866909397523655e-06,0.001032988742476407,1
0.8782069155284488,0.12177399981194667,6.2706530620684235e-06,1.3558651410396138e-07,5.179225753011907e-06,3.990090358643955e-06,3.5091039166594438e-06,0
0.011284433571759882,0.058008415422772075,4.089013978996834e-06,3.7599404497417684e-08,0.9306920698964536,9.343418745710495e-06,1.6110768851756266e-06,4
0.7863589922988027,0.21201049706626068,6.273214832978227e-06,1.5518692130252656e-07,8.306793097743827e-06,4.976678044592004e-06,0.0016107987620402303,0
0.8308843311285562,0.16907177774314192,9.47971121651152e-06,1.7377099776775507e-07,7.4092916866330945e-06,6.093465900935823e-06,2.0734888500170832e-05,0
0.0416478755897605,0.10436407873523308,6.3689914448089675e-06,8.042061677872236e-08,0.8539463181644562,3.165980115100725e-05,3.618297337669729e-06,4
0.9118372537969521,0.08728794561441781,1.37309596576172e-05,1.8241726569208825e-07,1.8588300067489508e-05,6.275733353212221e-06,0.0008360231782861506,0
0.424777285398328,0.5700063224988461,1.1804097579957077e-05,2.2081745803502026e-07,1.2277783556311432e-05,7.551105098033567e-06,0.0051845382991334045,1
0.4723507139541503,0.5258713452619923,1.6665530139916982e-05,2.6598381983467303e-07,0.001743461552483727,1.2199424865803136e-05,5.348292548224609e-06,0
0.7592418385128028,0.24042618396875406,8.596705661327464e-06,1.6062117328379604e-07,6.9755951229870675e-06,5.525878543266192e-06,0.0003107187179423561,0
0.4275599123786298,0.5724100189194439,8.757872682824265e-06,1.8503177009622432e-07,1.0732792603857569e-05,5.482200599757241e-06,4.910804269593982e-06,1
0.271046945048616,0.700547063759484,5.1492093511165426e-05,3.2033357211396473e-07,0.028214658108627434,0.000129339774017596,1.0180882171702269e-05,4
0.003656641325801889,0.03233930329403256,2.2863582618776264e-06,5.206347666536849e-86,0.9639956031629644,5.190029999136354e-06,9.75828940231442e-07,4
0.033181277579242816,0.0909490978853676,7.59175760358031e-06,3.406854642444829e-08,0.8758420292078972,1.813384096983708e-05,1.8356603724974632e-06,4
0.8455045803189044,0.15324683658941096,9.665275921881443e-06,2.1872533829448e-07,3.1817750081507957e-05,6.5815258834320185e-06,0.001200299814459839,0
0.2702345138433491,0.6762684123941332,5.697470991602846e-05,2.5332281835358533e-07,0.05328903452701025,0.00013716181916561407,1.3649383607612514e-05,4
0.7855524825835536,0.21440962314631218,1.2563529655058952e-05,1.9600899745919062e-07,1.2252907472465522e-05,6.942241348048887e-06,5.939582661222667e-06,0
0.43265060692464696,0.5673039414123476,1.486842546341791e-05,1.9963462990929318e-07,1.5278225985966365e-05,9.133391763093004e-06,5.971985163142191e-06,0
0.016822759031729025,0.10228035383117025,9.185382554391962e-06,5.687139944451407e-08,0.8808664557784136,1.3695229159912617e-05,7.4938755734327175e-06,4
0.8208196954211635,0.17832873033068738,6.96066139916843e-06,1.6893783160030193e-07,3.416418116478792e-05,5.522044387667603e-06,0.0008047584233659301,0
0.4147255870151493,0.5849513237308922,1.0320458894897018e-05,2.068051321804036e-07,1.0223156348051207e-05,7.2712709339016594e-06,0.0002950675626495203,1
0.06716097799721152,0.3890332344712283,2.4462156610616244e-05,1.6519198983805583e-07,0.5437097760274208,6.659874458545963e-05,4.785410953574207e-06,4
0.0032299247611405264,0.03187184618071584,2.868457741266814e-06,1.7721844198638346e-08,0.9648904552674459,4.007910293579287e-06,8.797008187036435e-07,4
0.8997644326688483,0.09892669087930078,7.842137741482637e-06,1.7411282299750436e-07,2.135704597270106e-05,5.893447399115216e-06,0.0012736097079144519,0
0.0029118799309978648,0.025874164877511995,1.827533763996737e-06,1.4032375471699218e-08,0.9712084057575232,3.0960004339135164e-06,6.118673936484639e-07,4
0.8782504018190037,0.12172535100319384,7.692009724422007e-06,1.4401159060696698e-07,8.88185170564808e-06,3.956506056790889e-06,3.5727987249573577e-06,0
0.0052003921265741165,0.03277426991984094,2.1132524249272054e-06,1.7422938851916585e-08,0.9620179202096046,4.779880722891584e-06,5.071878935527721e-07,4
0.9138618574478208,0.08400722473446713,7.904261473029239e-06,1.6314792407722343e-07,1.7375192332915814e-05,5.606542823521243e-06,0.002099868673158426,0
0.705903844802531,0.2930396465767438,1.1514550282517629e-05,1.7959486197665568e-07,1.4377220154094217e-05,6.314557506386098e-06,0.0010241226979203347,1
0.835160581393088,0.16480505107162136,1.0342204799583562e-05,2.1015933094198918e-07,1.0726587756866032e-05,7.2750662807050995e-06,5.813517122405745e-06,0
0.9149156816050116,0.08505969878650702,7.752930183581957e-06,1.3018001596618562e-07,8.853605230439147e-06,4.610712269564455e-06,3.2721807818149573e-06,0
0.6038416120226783,0.3961013248588323,2.2913612283092465e-05,2.2092310401990234e-07,1.5441083962494492e-05,1.1864686986233083e-05,6.622812153609253e-06,0
0.003929156843165107,0.02466343505151422,9.273597647158161e-07,8.721169551740841e-125,0.9714030018882336,2.8019794008988005e-06,6.768779214224968e-07,4
0.7229140484345956,0.27703328651887266,1.310996387203772e-05,1.8645126332581004e-07,1.623912052988182e-05,8.36728094512896e-06,1.4762229921298074e-05,0
0.0679795548447924,0.30151236151112015,1.171097484538386e-05,1.3355564258460476e-07,0.630444095219331,4.386901041246814e-05,8.274883856063085e-06,4
0.024429037245884654,0.07951673611042583,3.3090184260053267e-06,6.529378018687267e-08,0.8960360785185285,1.2387260230953269e-05,2.3865527238197816e-06,4
0.5044395860898389,0.49552575800244386,9.680236088291595e-06,2.1933132797263903e-07,1.265797373440228e-05,6.1376095817457755e-06,5.960756984729984e-06,0
0.1280936537761865,0.3477050934348104,1.3814670005134151e-05,2.1762958868565013e-07,0.5241212361969081,5.549554794750128e-05,1.0488744553801542e-05,4
0.03150115506581134,0.07387551739754139,5.7215476718967496e-06,6.285453569433952e-08,0.8946028445089834,1.2399201221281948e-05,2.299424235134032e-06,4
0.43089478434711026,0.5690462126813861,1.8961987811322845e-05,2.537316267558657e-07,1.9197989064637147e-05,1.2055275699663881e-05,8.53398730125369e-06,1
0.042242862081921156,0.10704055070545478,6.672336486026704e-06,8.363877062209338e-08,0.8506892659704822,1.7233559100243752e-05,3.33170778499898e-06,4
0.8894189114091579,0.06722418656954596,1.2290562776140511e-05,2.2991768846907974e-07,1.3839613492084947e-05,7.820629773322233e-06,0.043322721297566,0
0.40613060258806205,0.5922813322012472,9.41342834282437e-06,1.3278921310912227e-07,9.493327311217005e-06,4.715644549718182e-06,0.0015643100212738182,1
0.25977681846436834,0.7396762165052615,4.718059276665797e-06,1.0314184795437821e-07,7.671205323828188e-06,3.1761516455065126e-06,0.0005312964722763068,1
0.30161950721484815,0.6983323088377955,1.7055588287631793e-05,2.1704560637697452e-07,1.5072939575703301e-05,1.0016161546269416e-05,5.822212340444714e-06,1
0.8191714012715154,0.17812964666931588,2.1430775668737438e-05,1.7140175416160502e-07,1.1550098051467759e-05,7.901213449490592e-06,0.0026578985702449924,0
0.006942819287444692,0.11553834599165495,4.241199443941512e-06,4.8348719398852116e-08,0.8774990216406718,1.243805910303668e-05,3.0854729621410495e-06,4
0.01127362729480657,0.046601534386891165,4.356102390379665e-06,3.985482643475135e-08,0.9421147335449341,4.282863937541794e-06,1.425952213735653e-06,4
0.68364890416395,0.31608091832278046,1.6499527404701677e-05,2.66781886571256e-07,1.2780677915666079e-05,9.667270492059965e-06,0.00023096325557050347,0
0.006198817398855496,0.03257025866163814,2.2119116370908135e-06,2.7022897098968306e-08,0.9612249738278047,2.74433416771769e-06,9.668429996279072e-07,4
0.02008256983416871,0.13232293770725206,8.137470556886127e-06,7.830424260792152e-08,0.8475681010562582,1.4204137091476729e-05,3.971490429953724e-06,4
0.010123386056270387,0.09962466662514938,6.535260115307115e-06,5.828296602807712e-08,0.8902312337641985,1.150604316001232e-05,2.613968140430347e-06,4
0.9851032319254086,0.01477620438022518,5.056070320755059e-06,9.124531664426815e-08,3.4969602448529807e-06,3.158630756081958e-06,0.00010876078772776008,0
0.9366124674282307,0.0627872006020394,5.357610064414994e-06,1.0955995202441482e-07,5.814300261186278e-06,3.8129103940934393e-06,0.0005852375890582302,0
0.18775430868425122,0.808273919554947,3.5258368637391474e-06,1.9307091030713823e-08,4.267862634130963e-06,2.791393769779319e-06,0.003961167360443415,1
0.9309327561583136,0.0660068119956294,9.328050542615101e-06,3.321949916566242e-07,6.518280981864902e-06,6.572070435164461e-06,0.0030376812491053145,0
0.016718506862659563,0.12770690278615618,3.5188279296594843e-06,3.6474774091547925e-08,0.855552489532737,1.5366913626684528e-05,3.1786021168169967e-06,4
0.3513079349344351,0.6486518699239535,1.4263483881349793e-05,1.855610317829138e-07,1.1819850996531701e-05,8.886486402357842e-06,5.039759299569527e-06,1
0.00198383161387125,0.03220109080926975,2.936202781309366e-06,1.9199670085046456e-08,0.9658086841837012,2.3885031293849162e-06,1.0494875769442705e-06,4
0.9027291940332435,0.09591444628701994,7.96516289214185e-06,1.4900309072877294e-07,6.2801417757103335e-06,5.0953308132292495e-06,0.0013368700411648484,1
0.013223323775679629,0.08262056728614253,2.537466937525074e-06,3.7722689797749986e-08,0.9041465786369935,4.804509342805177e-06,2.150602214303724e-06,4
0.0023200765212105516,0.046339901689135134,2.1999004767994766e-06,2.58152906157144e-08,0.9513330489231545,3.499333518848259e-06,1.2478172134267714e-06,4
0.004193634027467426,0.05915281601190929,2.456877561183158e-06,3.295318031378896e-08,0.9366450971632166,4.370129836625058e-06,1.592836828560497e-06,4
0.8606324059403794,0.13887798503882384,7.1812405096288985e-06,1.2985763535500156e-07,1.1123325747195114e-05,4.4952698508735e-06,0.0004666793270537033,0
0.10678267621307176,0.5493516321116831,0.0035784930429641876,2.9277225964472705e-07,0.11502752193605065,0.22525421337941307,5.170544557532943e-06,4
0.06560579616799733,0.1930079200461354,0.0026759664505956187,1.9738480145249134e-07,0.6937220601190589,0.04498523398677884,2.8258446324875477e-06,4
0.16284185573026053,0.7321727671413765,0.0012649836971152133,3.311788057255425e-07,0.024965653283429125,0.07874856014039236,5.8488286205544016e-06,1
0.002292841221778798,0.03892131415881788,1.7103332861806937e-06,2.794495227545138e-08,0.9587799215967575,3.1102103186173945e-06,1.074534088672788e-06,4
0.053094916701048794,0.9014678750585975,0.0009214254699730331,2.8079338723605333e-07,0.009192951924834242,0.03531451002386703,8.04002829203407e-06,1
0.9369819482587857,0.06287687388913663,3.5880201029796093e-06,7.291055619774273e-08,5.249155569792163e-06,2.523938035604367e-06,0.00012974382781322157,0
0.32107980392801766,0.678883734981208,1.4215135050654078e-05,1.85197930521272e-07,9.266588667242174e-06,8.051301169629127e-06,4.7428679562959476e-06,1
0.0010485375500772745,0.01080877230766631,3.4632770065224817e-07,3.862152764373074e-09,0.9881408367024368,1.2538639255146003e-06,2.4938604068692595e-07,4
0.9556526306709165,0.042642022833988796,9.330891001229718e-06,1.888986154422624e-07,1.576768282259449e-05,6.519651930593058e-06,0.0016735393707247171,0
0.09940267505449067,0.6267423727179456,7.538282229564941e-06,2.0131455284569979e-07,0.2738261057066211,8.203753337266789e-06,1.290317082297333e-05,4
0.1590470440585642,0.7087015768811783,9.227216397719691e-06,2.1968039225386005e-07,0.13221776121355125,1.009062841122257e-05,1.4080321505032674e-05,4
0.740878454499101,0.0866401122533671,2.2334062853798463e-05,2.2055799691521512e-07,1.1088389402761917e-05,9.709349615887527e-06,0.17243808088766252,6
0.0036545188905930718,0.04072353360448593,1.3425338601969268e-06,1.667604806425784e-08,0.9556151499855502,4.374093159346926e-06,1.0642163030868955e-06,4
0.18402619431917455,0.019743737272718775,4.4970580339710185e-06,4.9801076710332756e-08,7.776602252333957e-07,2.19233068757934e-06,0.7962225515580832,6
0.18402619431917455,0.019743737272718775,4.4970580339710185e-06,4.9801076710332756e-08,7.776602252333957e-07,2.19233068757934e-06,0.7962225515580832,6
0.756424176006237,0.24228881893092866,1.0173983920668713e-05,2.338665324402524e-07,1.9600262355037487e-05,7.070501105105449e-06,0.0012499264489211747,0
0.017995966539232206,0.1303779958423341,3.5234706513344566e-06,3.389181301498676e-08,0.8516040276189436,9.419142752801683e-06,9.033494273106796e-06,4
0.10736450124443325,0.01203758203892806,1.786668935352046e-06,3.12428804930098e-08,1.9193540754781833e-06,1.227498167979604e-06,0.8805929519525795,6
0.10418711261836232,0.012310926069789063,1.943033528307899e-06,3.200557500935484e-08,1.7169327565139746e-06,1.1968474691825837e-06,0.8834970724925195,6
0.058359223774631964,0.006412237729942124,1.0215465759357956e-06,1.548524762365517e-08,1.9887803616852254e-07,5.577855288878405e-07,0.9352267448000372,6
0.8094333796026708,0.1885196186572721,9.578416261733874e-06,1.7527415099055297e-07,7.847717794103872e-06,5.983832953167873e-06,0.0020234164988972647,0
0.06836414438984048,0.010713129442823068,1.2813914407408968e-06,2.4645957978993564e-08,2.7089251035719635e-07,7.631529473171245e-07,0.92092038608448,6
0.0031910439416659503,0.06468273153585433,6.511037898476038e-06,4.720572732740784e-08,0.9321112609078737,7.366044074508184e-06,1.039326905747784e-06,4
0.40062460937203664,0.007369274241790687,5.100133618195758e-06,9.837077710042342e-08,5.612990126652607e-06,3.398501454362332e-06,0.5919919063901963,6
0.7104870522257988,0.13370974511611694,1.485465052330965e-05,3.041197904793863e-07,1.4317356931052762e-05,9.343928746116793e-06,0.1557643826020933,6
0.0025404802516132015,0.05206498929572016,3.6709280253937744e-06,2.421956630489124e-08,0.9453801784460815,9.168722885057773e-06,1.4881361082518757e-06,4
0.0032494202696409717,0.06358215188266231,5.931711191754899e-06,4.640251970495493e-08,0.9331522607471443,8.710412586669648e-06,1.4785742544054288e-06,4
0.6182441300000174,0.04073115805941654,1.3430013217733989e-05,1.5399939032487034e-07,8.750024354486343e-06,5.320351911581388e-06,0.3409970575516919,6
0.7857506013674695,0.21412907455996158,1.4936328481195561e-05,2.396335622674019e-07,1.554331359012067e-05,7.966910136204613e-06,8.163788679909331e-05,1
0.01444583248797722,0.1531936907394154,6.302620630053361e-06,2.6894709390306565e-08,0.8323367168346687,1.6159699584110987e-05,1.2707230149402043e-06,4
0.01803788668467542,0.6246578999268291,0.09054700930642356,4.508681514758959e-07,0.01394147631626967,0.25280535693479184,9.919962858991287e-06,4
0.0045424765439109884,0.4641212110240824,0.047288766577307476,2.862410895607812e-07,0.4632521431140203,0.020791997477940423,3.119021649007493e-06,4
0.007741110195606259,0.07348223817307449,3.913647448694105e-06,5.2750917317280275e-08,0.9187585786076062,1.2030810876494661e-05,2.075814470598509e-06,4
0.000171807822803637,0.0012342150079388122,0.8765107278089193,0.0002919422755078499,2.063860318005201e-05,0.12176211212347703,8.556358173226124e-06,2
0.7971473509689262,0.02057136494744917,1.0658735008055272e-05,2.0558442663327884e-07,1.1681012088096495e-05,7.10250537305593e-06,0.18225163624672885,6
3.2433065809726246e-05,0.00022702839259585664,0.9904761337425969,2.5764416798133394e-05,4.955442631687572e-06,0.009233263990135286,4.209494323971364e-07,2
0.4603564786343573,0.539598782802506,1.590112141521386e-05,1.837063106913089e-07,1.3731791036101174e-05,1.0261273710480617e-05,4.660670664460398e-06,1
0.9255970246137458,0.024742321988120777,1.0744007471097104e-05,2.18324183819336e-07,1.3887347925708835e-05,7.697936526817276e-06,0.04962810578202593,0
0.010452605601819348,0.09722029411679131,3.7112081142730103e-06,2.1895260198830577e-08,0.8923140242211449,8.48500029452792e-06,8.579565751119446e-07,4
0.37869935039550495,0.621202930204885,2.9967954845632815e-05,1.0814716359023531e-07,2.5890761926614203e-05,1.5221296642159735e-05,2.653123903195064e-05,1
0.00019103340617028289,0.0015073522362607794,0.9264464659899062,0.00022399874682576884,2.165214704546403e-05,0.07160434636166016,5.151112131324692e-06,2
0.3224336912389584,0.6774935882222957,2.473294529258263e-05,2.3254170331113246e-07,2.1164649179398564e-05,1.938454285902402e-05,7.205859711735718e-06,1
0.00014643290946818698,0.000872366000282372,0.9420318445642284,0.0001425906956862379,1.8177924771497537e-05,0.05678425918712377,4.3287184395407656e-06,2
2.8414082004650963e-05,0.0002395317955290517,0.9932927012993769,1.612719406526794e-05,3.11006857493093e-06,0.0064181175098637295,1.9980505855373393e-06,2
0.000372778312509985,0.002504522884972837,0.7708586517029019,0.0007039937852160833,7.400853416915298e-05,0.22547675526344696,9.2895167831203e-06,2
0.0044323607187166155,0.082833624451194,4.3634832483092e-06,4.209377800250537e-08,0.9127184024576828,8.86681172469889e-06,2.339983655409615e-06,4
0.23021268950050533,0.6370909995730093,5.358716941303446e-05,2.804301083065306e-07,0.13255333963121116,8.465992771556916e-05,4.443768037189198e-06,4
0.005640376199380263,0.25532253980813197,0.001717525069937742,3.8071862043866927e-07,0.00042061688468770673,0.7368889359163289,9.625402912893143e-06,5
0.00016128460402490267,0.0009910930869379117,0.9811058780191692,0.000784077264362606,2.5572030558623545e-05,0.01692976390029068,2.331094656090129e-06,2
0.005170085559594962,0.09490357476713285,0.01086955678278038,2.753275574061625e-64,0.0008337883444348895,0.8882183441455397,4.6504005172576255e-06,5
0.23374045705421445,0.6277492643377093,5.490716331083778e-05,2.8671909754093464e-07,0.1383636152775884,8.65585304626275e-05,4.910917616855312e-06,4
0.0005203968506239975,0.010464641276637359,0.7510153106660754,0.0011974550713530461,0.0001251272699552793,0.2366622334176508,1.483544770428481e-05,2
0.0001293528041901754,0.0008106742787697242,0.9731425279115768,2.494593051830447e-05,2.2990708057791247e-05,0.02586452063770068,4.9877291863455466e-06,2
0.003949844944640859,0.06084267975252538,5.4002219003190195e-06,3.0630788575733214e-08,0.9351942871567762,6.053031384591858e-06,1.7042619841667904e-06,4
0.03135469163092005,0.5536718091437716,4.91423231437032e-05,2.787418995219821e-07,0.41484561505187334,7.043620674339549e-05,8.02690164836022e-06,4
0.052122780179050934,0.2918454048343384,0.012270733535522835,4.4418416625924716e-07,0.029123518340242564,0.6146335608488022,3.5580778766580392e-06,1
0.0040368999976331706,0.3757119969418253,0.000951216986526236,1.6343232065589666e-08,0.0010793270124950377,0.6182169303926127,3.612325675405137e-06,5
0.02911271446216506,0.49976965188790873,0.005447322081951858,9.509726451326987e-07,0.0015364859124993994,0.46412564720492683,7.227477903018306e-06,5
0.141728480785787,0.004055290105439267,2.258292266094466e-06,3.309422982819234e-08,2.1482930497774864e-06,1.456866004246371e-06,0.8542103325632238,6
5.228095199260692e-05,0.0005087132915887861,0.9904300699438189,4.1756145502350163e-05,3.5697586568458836e-06,0.008961917633622451,1.692274817987097e-06,2
0.04631219530988804,0.9515529813780581,0.0010696653939978454,8.09883068978802e-08,0.0006267754874472442,0.00036594826899358376,7.235317330808634e-05,1
0.9546597766179075,0.006548801631517346,2.457352347110945e-05,2.1339777114844155e-07,1.5644906584486896e-05,7.656184538807696e-06,0.03874333373820994,0
0.008650374091130663,0.11640482006025407,9.635401811217543e-06,6.01368819888699e-08,0.8749184946388818,1.367196661266105e-05,2.9437044275481183e-06,4
0.5175563278418173,0.06581260512328488,1.5762282582925622e-05,1.7005889263679948e-07,1.0538832322042354e-05,6.681425523713038e-06,0.4165979144355765,0
0.089659026091575,0.90700415860438,1.0912480563778651e-05,1.518434250690388e-07,0.0033125698082638335,7.901730551348043e-06,5.279441241204279e-06,1
0.08960759451696101,0.910313746826525,3.243446108970641e-05,1.747603389753808e-07,1.4101275945631126e-05,1.1701681440373415e-05,2.0246477699283595e-05,1
0.003353119765763108,0.265115403512326,0.0007727394608166502,9.37004051511709e-08,0.0006442217090507834,0.7301089682831917,5.453568446693716e-06,5
7.486197578661737e-05,0.0027838006459072833,0.9816691671283675,2.0930314704983316e-05,4.9974354030184064e-06,0.015443458154958086,2.784344872544102e-06,2
0.002438274114643022,0.2502227755750982,0.0004904885250763741,6.762539192501035e-08,0.0006151783268662788,0.7462284091364856,4.806696438633353e-06,5
0.0002783244555709641,0.002088277951688608,0.6488575829744743,0.33590311583996907,4.641792044729477e-05,0.012824700015013204,1.5808428366130267e-06,3
0.07727225651120521,0.0004058398930173592,1.6177937455774167e-06,1.9991612803479615e-08,1.5818530957597081e-06,8.800658366926179e-07,0.9223178038914865,6
0.003833587473101538,0.07055370126142875,6.428983373848246e-06,3.64660627130185e-08,0.9255961806286849,7.91023805037471e-06,2.154949297912394e-06,4
0.00014090049441328934,0.0019550668093087395,0.9815634309485126,0.0011031792850679058,4.182057885009627e-05,0.015191015934873804,4.585948973593257e-06,2
6.396719959811444e-05,0.0006060378297559707,0.997618125119599,6.880695433282104e-05,4.927263678142806e-06,0.0016358567279269591,2.2789051089899983e-06,2
0.938617506930794,0.004040755232406623,1.495507090640245e-05,2.1426611520356776e-07,1.6350584792418643e-05,9.847585231982657e-06,0.0573003703297534,0
0.06891750214668578,0.00032799659154652687,9.879014473653886e-07,1.518822918988403e-08,1.1458889614396732e-06,6.840847294587191e-07,0.9307516681984003,6
0.47102782478325084,0.0038468100527469296,1.3682893288575102e-05,1.1970978216780385e-07,9.664389225367436e-06,5.334010801700528e-06,0.5250965641609044,6
0.11926911893687864,0.0006647251466269792,2.504081587023792e-06,3.07808011895688e-08,2.2116740858218547e-06,1.3550248206213772e-06,0.8800600543551997,6
0.0003232147065369355,0.0012854568473193012,0.9558622380384559,0.0005498251710185704,4.546862777567272e-05,0.041923405041805716,1.0391567087798321e-05,2
0.00017889644964111062,0.0007042868810454221,0.9376441076554551,0.0006138034878669006,4.140944166745527e-05,0.060811227127931126,6.268956393012405e-06,2
0.002201870396979121,0.03992942411135778,3.988104622344615e-06,2.5107998085319695e-08,0.9578585437878462,4.832103698927656e-06,1.3163874977126347e-06,4
0.010401942543972077,0.046187183022223764,3.3571606769017626e-06,1.5224067835375156e-08,0.9434021351346715,5.081729742218142e-06,2.8518464560909645e-07,4
0.0020372254233604536,0.03948458061188733,2.753868734202869e-06,1.693091047420395e-08,0.9584694537683959,4.556316590718287e-06,1.4130801209442407e-06,4
0.009464099861138841,0.18602003464191896,0.0005397770240296632,6.06596048123357e-08,0.0019709833437274245,0.8019981651803408,6.879289239448016e-06,5
0.08393767078134833,0.00043615391442834283,2.7341928887626245e-06,2.3424605306767275e-08,1.8534915009463205e-06,1.0311921839995985e-06,0.9156205330030442,6
0.0002722061207677992,0.002719316656649036,0.2772932825580945,0.6852635430588739,4.2759898707020134e-05,0.03440152751144033,7.364195467409655e-06,3
0.8050528742268225,0.12611013576939759,1.6689762648438422e-05,2.1528194952469743e-07,1.4755008501457297e-05,1.0043596383099503e-05,0.06879528635429719,0
0.002967572900019306,0.1056948647051173,0.00012066367354067815,1.119168417018514e-08,0.0004610643149537347,0.8907514288000671,4.394414617784125e-06,5
0.0022032866753061197,0.19195909692909824,0.00041599666839662583,4.477407278688406e-08,0.001034536997208457,0.8043820562045952,4.981751322415898e-06,5
0.2637656249814224,0.693554098894494,3.1210939818071085e-05,2.5332303246427955e-07,0.042552500696235,9.197924465116064e-05,4.331920346860184e-06,1
0.0018861430450109466,0.03751245147284464,2.984019031756388e-06,1.724389549666115e-08,0.9605923813917424,4.583625137087378e-06,1.439202337706384e-06,4
0.0018371097138303563,0.03657647271990479,4.063507631564747e-06,2.4388124199637354e-08,0.961576337127128,4.546572183754864e-06,1.4459711974346152e-06,4
0.28531871562632316,0.7036430860753611,0.00018465622856156077,3.25276994014088e-07,0.010739933812843461,9.927137065266601e-05,1.401160926414606e-05,0
0.0007341336475151651,0.008041369242820251,0.8076649870286698,0.00046409162341162606,0.00016466123610836284,0.1829123715088956,1.8385712579107985e-05,2
4.611266582744421e-06,4.510118438539953e-05,0.0025632935899855725,0.9970736950276614,6.48418887854375e-07,0.0003125104777161421,1.4003478102160122e-07,3
0.0003374965189275525,0.0034624733260310374,0.8479521909458223,0.06225644552045885,8.740890433874881e-05,0.08590125545149123,2.729332930336122e-06,2
0.00128950999031112,0.022051506302523817,1.5622254801100206e-06,7.537451545189448e-09,0.976654281058914,2.864616327492522e-06,2.6826899191371207e-07,4
0.0027496906998573495,0.19713110325283068,0.00043594629996769916,2.567482489233607e-08,0.0016093142057559042,0.7980690397950689,4.880071694655429e-06,5
0.0002581189796873062,0.0035532513645477066,0.23839109970361233,0.37110652322632626,3.437761990242552e-05,0.386638640291674,1.798881424988177e-05,3
0.00017584967215008025,0.000677871685762142,0.9727261211468893,0.0002501714393614437,1.722913765997845e-05,0.026145486528942035,7.270389234971429e-06,2
0.41527171540090074,0.008972870279814452,7.070616968656836e-06,1.1025181127446218e-07,6.14767341227977e-06,4.3316715430933085e-06,0.5757377541055496,6
0.0279936006609856,0.9460249243989837,0.012020684706396155,2.153573907452192e-07,0.005512127459039564,0.00843220079196076,1.624662524335321e-05,1
0.001998333156118866,0.10627021590878152,0.0014985669389885284,4.4422278951378924e-08,0.0003306664209091293,0.8898988636842261,3.309468697039644e-06,5
0.003254929725717706,0.13558236694190037,0.000382399160101985,4.052909447017057e-08,0.0011698502197170658,0.8596073939977966,3.0194256718616298e-06,5
0.00013089107933885979,0.0016391917640827785,0.2388395208066213,0.6186869772191845,2.709189390089422e-05,0.14067489106073391,1.4361761376888985e-06,3
1.0978437554051426e-05,0.00014593120480024729,0.014163010551526167,0.9796999810683772,3.244458374450946e-06,0.005976754978608364,9.930075962487289e-08,3
0.0025507662566630037,0.14900348342841202,0.0014008909778520243,5.237508503049151e-08,0.000980362917721209,0.8460605420899207,3.901954345991986e-06,5
0.0003353067482389856,0.0029750416524863175,0.9335404414764278,0.00035594065060770856,3.7832012749538546e-05,0.06274700149151628,8.43596797318567e-06,2
3.465744088652606e-06,4.661743303971097e-05,0.00262845971147882,0.9913883994248383,5.07006959783185e-07,0.005932309145141374,2.4153445331266953e-07,3
0.0008955484590326863,0.013382336053297856,1.4301411792454077e-06,6.348590187495143e-09,0.9857152400590549,5.165154070903463e-06,2.7378477428191783e-07,4
0.21135816340206542,0.7076336912808096,3.5202177739446946e-05,2.9712708503528086e-07,0.08093559970096433,2.8871714255648914e-05,8.174597080911186e-06,4
0.00054958204179803,0.006150370905500558,0.7406020256879718,0.00018458760141538592,0.0001071744968335001,0.2523998624562256,6.396810255015737e-06,2
0.0019481194323843886,0.031883528633642924,2.409810026192165e-06,1.35336205669718e-08,0.9661598168414085,5.884026741684679e-06,2.277221756392303e-07,4
0.10474249748388173,0.8818322909002433,9.676203953699117e-05,1.6469028513310324e-07,0.013277636733477234,4.6428267187028514e-05,4.219885388764669e-06,1
0.0005772528877469196,0.007505877509501072,0.5526772930625085,0.038014749099271626,0.0001320501540274797,0.40108611041054915,6.666876395240764e-06,3
0.00010685967834996356,0.00036063143339554616,0.9754570571525282,0.0002018362226224202,1.917962905435312e-05,0.023844852980356688,9.582903692680384e-06,2
0.3433843441926451,0.002032044383081351,1.1680209912860269e-05,1.0006766831756454e-07,7.921532415442115e-06,4.458800392424664e-06,0.6545594508138844,6
0.6685693549813811,0.014235422700908522,9.003878688757699e-06,1.285088076749091e-07,6.8528594156660685e-06,5.954775252589553e-06,0.31717328229554576,6
0.0025883274394405595,0.04961784117102708,6.018507186289351e-06,3.561484372053585e-08,0.9477787930308049,6.87263361558446e-06,2.111603081871937e-06,4
0.6188773805264896,0.010932422566995757,8.424424719920775e-06,1.221216429923309e-07,6.568103893725366e-06,5.658810089779498e-06,0.37016942344616816,6
0.24614519817563138,0.5111594155853769,0.00015994179571989992,2.1819060237070319e-07,0.2423751806263797,0.00015498972592803396,5.055900361610263e-06,4
0.04365102119748693,0.24177017021490846,0.00021545258096726362,6.675423270169047e-08,0.011487777967774842,0.7028733288170946,2.1824675350794842e-06,5
0.011162365169818202,0.2929473991377579,1.6158067680246786e-05,8.00856535539525e-08,0.6958529745748188,1.611720713732636e-05,4.9057571340333174e-06,4
0.3003884078050866,0.5128192010467298,0.00017678430385153172,2.677120287177503e-07,0.1864860092683508,0.0001225068410760477,6.823022876441821e-06,4
0.04950296561544435,0.1628435354624127,7.11323825887469e-05,4.3045173516663156e-08,0.00842909030150287,0.7791514689019934,1.7642908843252388e-06,5
0.00012410277081400693,0.0012336401423018498,0.9683174692246619,6.248150729764263e-05,1.7222300612342025e-05,0.030241304456242464,3.779598069733315e-06,2
6.989080745955711e-05,0.00047037709717200516,0.04256611932333243,1.1248339365230995e-05,1.0520711901878006e-05,0.9568697042497585,2.1394710106077073e-06,5
0.013295956258466808,0.3428535095445053,1.6610735263247038e-05,1.065825436304553e-07,0.6438073171661454,1.9878038894498176e-05,6.6216741811782775e-06,4
0.004850602791990268,0.09436420015973013,0.0002781234964569982,1.9813287077303519e-10,0.0007316561118126357,0.899773548685939,1.868555938037116e-06,5
0.029589743992471256,0.2273487776759103,0.000618408196213527,7.184319827269522e-08,0.0021389037805271106,0.7402989533108469,5.141200832587736e-06,5
0.00034197784417957356,0.004180104470037676,0.9044743054120419,0.060391021161108144,0.0001238597867344898,0.030485920387628367,2.810938269546996e-06,3
0.048023565279955015,0.10087357997016992,6.510015541361795e-05,3.6893090944098457e-08,0.0065221582674373875,0.8445133346561875,2.2247777455901434e-06,5
0.00012990828155746845,0.012017101492948164,0.9723504351577771,0.00031603991173657133,5.6053685353724314e-05,0.015128964040403594,1.497430223404779e-06,2
0.0001949247681865263,0.0006851823647859681,0.37884523478739784,0.00014938381048610117,4.0977003166195656e-05,0.6200773136022791,6.983663698326309e-06,5
0.0408157154503937,0.6056044894608964,0.00898439663922642,1.7890204175789222e-07,0.34125063810466577,0.003337596494588105,6.984948187610664e-06,4
0.00010850150662840131,0.011122637162733574,0.9775561189941667,0.0002102317901726968,4.9744874226777e-05,0.010951577980696568,1.1876913753914904e-06,2
0.0005813384891861784,0.004942170525469682,0.9371723167326148,7.282034140871929e-05,3.590127987006583e-05,0.05716802070857251,2.743192287788601e-05,2
0.009079974905762107,0.04384750811311375,3.099577985175787e-06,2.195931479041006e-08,0.9470596324021131,9.37668814595766e-06,3.8635356529647316e-07,4
0.1704909488349245,0.5806626496582491,2.8716293276823593e-05,2.0229072097840136e-07,0.24871155624148553,0.00010269142440788547,3.2352569352037702e-06,4
0.027712659567967063,0.41092304595889034,0.0070046279387272065,1.831588972385686e-07,0.5359443880058992,0.01840826126164465,6.834107974291308e-06,4
0.25281174070478923,0.46991171968597506,0.0049336342347251795,2.556635972074726e-07,0.2628200389184513,0.009517708051114921,4.902741347098438e-06,4
0.05274755684574911,0.8549609265816475,0.0011780166307249732,2.5148988805313104e-07,0.00797131217748763,0.08313426847193758,7.667802565183297e-06,1
0.00019151303890048383,0.000837056860180093,0.37625457948468805,0.5370358315509378,3.681162218751748e-05,0.0856358190972731,8.388345832932676e-06,3
0.07533978286145729,0.08224778087799046,0.0004988659840680749,5.255553251692365e-08,0.8404397070755321,0.0014728028125286262,1.0078328909703978e-06,4
0.00011198857266974015,0.008279778066917768,0.9579110016707982,9.375575028585367e-05,2.4044121585303954e-05,0.03357491356007821,4.518257664837968e-06,2
0.0003135889434048741,0.0011440780788826745,0.9717715934629512,0.0007247664333756583,4.0426004133552166e-05,0.026003476363249463,2.070714002449062e-06,2
0.09714359503270457,0.8249754076830069,0.0012979474788450403,3.3157972676805514e-07,0.013359221958906039,0.06321338656459084,1.0109702219668298e-05,5
0.01053560339002145,0.05440129305217243,1.427160944160951e-05,1.2761544910960088e-08,0.0028440420198532577,0.9322041828262615,5.943407049617006e-07,5
0.0775557365513836,0.26230228596393557,1.1373764980818853e-05,1.388357623420678e-07,0.6601164276793415,7.596093857741827e-06,6.441110738400294e-06,4
0.3500810046359715,0.32953061564468883,0.00038804325938357075,2.3901444666459343e-07,0.3193068146778075,0.0006824213975680917,1.0861370133796957e-05,4
0.0863746563431918,0.3527947151147848,0.0003161481811586974,9.439802215473902e-08,0.5588431860556993,0.00166945375933562,1.7461478075980438e-06,4
0.1618308726291209,0.7523839893061068,0.0002618499008229076,1.4821939177068947e-07,0.08475111844718514,0.0007660610866806623,5.960410691851951e-06,4
0.092940347454962,0.6353293642987212,0.0005566441260903491,1.5108846953925354e-07,0.02517789194670649,0.24598975064796438,5.8504370859534615e-06,5
0.0003885736026855637,0.03378725899364898,0.752132614797734,5.6198727200595686e-05,3.7743466430792963e-05,0.2135769337581764,2.0676654123709825e-05,2
0.0003057540514631194,0.001500635919091507,0.5636918697154272,0.2161072265996034,5.7990252147385205e-05,0.21831851976917727,1.8003693090234768e-05,2
0.01565178899594655,0.21157587664550598,4.439111651906714e-05,4.0410655798052476e-08,0.008993444914043849,0.7637334722126042,9.857047244740322e-07,5
0.000575605391137499,0.006193250400401845,0.7349908713933685,0.0014617006496414832,8.795861972578194e-05,0.256686694958409,3.918587315857619e-06,5
0.017380192898393793,0.0257897661517452,2.595146588559388e-06,1.641210048880393e-08,0.9568204335825001,6.771945658015848e-06,2.2386301368313135e-07,4
0.37142320654841376,0.6283812710972512,2.022383967412854e-05,1.7276577846277112e-07,0.00015077337738077606,1.5051026308551158e-05,9.30134519313878e-06,1
0.0003534740188019399,0.0016572917692905956,0.7380803698181169,0.00019926546025394334,5.5135773594427096e-05,0.25963428536767164,2.0177792270579647e-05,2
0.00012276426482773416,0.0003350931847375163,0.07805733383572928,8.672435286579461e-05,2.4016191237807154e-05,0.9213731574641536,9.107064482865323e-07,5
0.012456860714094683,0.022380636515845726,3.1813581098706716e-06,1.8613682442997988e-08,0.9651509129729454,7.98266435067654e-06,4.071609712275048e-07,4
0.0007966949762666177,0.00890775582389351,0.7386660924365468,0.0006141862739840177,9.086313021281864e-05,0.25091542894004476,8.978419051522809e-06,5
0.21596078716277162,0.298326201227235,3.44450565249449e-05,2.4485834339483155e-07,0.4855730265376955,0.00010148930561831918,3.805851811285916e-06,4
9.225088200951605e-05,0.000307112330820749,0.054385744127790236,3.651769042704469e-07,2.253222701512298e-05,0.9451913055774936,6.896779664742401e-07,5
0.18921886612992767,0.2594783943248664,3.840707132478871e-05,1.9268889387179002e-07,0.5511877404204949,7.070689771843293e-05,5.692466773864595e-06,4
0.00830260585120151,0.017083900604256876,2.0226461302207992e-06,1.270641557660621e-08,0.9746031100694306,8.047428491578138e-06,3.006940738078537e-07,4
0.008311096896717829,0.019003578648111474,2.1019730653314164e-06,1.3808324801197425e-08,0.9726776804325185,5.2038678025072e-06,3.2437345971582663e-07,4
0.3909168916743091,0.6066464302025483,2.6652548000503253e-05,2.372126521436384e-07,0.002384474865746106,1.909524112716702e-05,6.21825561687816e-06,1
0.14830157006785752,0.8515272192437583,2.1646294987055523e-05,1.4966493114525434e-07,0.00013036314257984833,1.5706320808392602e-05,3.3452650779952923e-06,1
0.0007772494432313773,0.03223212705040755,0.5881482254196837,0.00041239576480476626,9.178959503841084e-05,0.3783133871191632,2.4825607671118283e-05,5
3.7059921213100377e-09,2.5017541765702705e-08,1.1107700902590386e-05,0.9999885605499249,7.336939135884445e-10,3.021895799127223e-07,1.0236492909095677e-10,3
0.00020046468563416793,0.013537641064426929,0.9408285850882042,0.00011645793236699397,2.316862314247697e-05,0.04528684074929042,6.841856934823998e-06,2
0.0002932383220352522,0.026460540881699836,0.7895036566203358,0.0003103857410303923,3.240046662941419e-05,0.1833825112379448,1.7266730324438285e-05,2
0.12994830041336916,0.8656066718780853,0.0012768414747601697,1.4131803041464632e-07,0.002062975896597613,0.0011007732813166176,4.295737840703578e-06,1
0.00016669979425262707,0.015249008844603987,0.1371645064334997,0.10574120439158965,4.9536976842262035e-05,0.7416126980756832,1.6345483528715013e-05,5
8.508586823828336e-13,2.6491489105888925e-12,2.419037590804827e-09,0.9999999974183105,2.205456734533256e-13,1.5892542270186166e-10,6.166003056575819e-15,3
0.0004947750127763788,0.004531300456181288,0.9433953607299237,0.009940897554870666,0.0001536009615683441,0.041480479748909296,3.58553577023244e-06,3
0.0002459927826953645,0.003081967993949669,0.16774551300501034,0.0005751384686031821,3.5814843226484066e-05,0.8283016059385023,1.3966968012656962e-05,5
0.0852530599735012,0.4155496258382481,0.0014116427419650932,1.7011145856213752e-07,0.49292072611923826,0.004861628542134822,3.1466734539063617e-06,4
0.052784390792714346,0.6936378541950755,0.1064749575828426,3.047864722195041e-07,0.02462965475331859,0.12238602654901853,8.681134055826362e-05,5
9.653223581007813e-11,5.928127099517619e-10,3.779488057757746e-07,0.9999996084310848,1.7833451261602027e-11,1.291240715922546e-08,5.238241672311154e-13,3
0.0004723735535943703,0.0043751664634461476,0.2982683030086489,0.002432139416164029,9.71860980603837e-05,0.6943463930422374,8.438417848668121e-06,5
4.089418005696392e-09,3.802177597408694e-08,1.0458237897464092e-05,0.9999889325967107,1.6585581484032026e-09,5.653672110022659e-07,2.842847258510602e-11,3
4.196401709814297e-05,0.000366385090834736,0.07508856272572347,0.9190055430112787,1.058136243491901e-05,0.005486674668731651,2.8912389852478153e-07,3
0.00022126619024342477,0.000709982076859902,0.9943763937387702,0.000429448990778368,4.029606825415986e-05,0.004216311979817211,6.300955276679281e-06,2
0.00027989136126646156,0.0020186797166338822,0.8902546895252392,0.007574472035631096,2.6602843216156672e-05,0.09983330776105068,1.2356756962471132e-05,3
4.1496283861415083e-05,0.000361278369916166,0.08202857838110243,0.9113571264204391,1.0302522723162024e-05,0.00620077431380184,4.4370815590134483e-07,3
0.00043095445321134025,0.0039130523963523895,0.4668604148417523,0.00029368515931410956,6.483304845079286e-05,0.5284235904113165,1.3469689602621178e-05,5
0.0829000912585821,0.23328909871205533,2.9067685883210936e-05,1.521128303819331e-07,0.6836879412634006,8.80067332255935e-05,5.642234022935125e-06,4
0.0032207064076338323,0.1234077092016086,8.177371275080446e-06,3.9832722578910816e-08,0.8733493128636209,1.1926307868799133e-05,2.1280152701462406e-06,4
0.15492577423902296,0.6726150479447137,0.00046769578623912514,2.1024151812788332e-07,0.17079368939831155,0.0011924046447677286,5.177745426837563e-06,4
0.000750858584593251,0.0068962289516002915,0.9571779925505163,0.00014693420166800991,6.968104603503318e-05,0.03493654527101722,2.1759394569851553e-05,2
0.00021770389745862944,0.0024059762154342826,0.9911580078564962,1.7268560656133498e-09,1.6575372346235116e-05,0.006190265681701946,1.1469249706601731e-05,2
0.12447676986194389,0.281890829375317,0.0005346573882021436,1.222995657869495e-07,0.5912000580145826,0.0018945491827493677,3.013877639142554e-06,4
0.0005147086592367396,0.06307264539905327,0.47851633272529526,0.0015506449147130712,0.00016234376777843177,0.45617740832845316,5.916205470046303e-06,5
0.0005223254859658354,0.03956545170379622,0.46364149419030654,1.750359953580505e-05,0.00015755216034137281,0.49608966910464475,6.0037554095128305e-06,5
6.680086249829851e-05,0.0005789669221563017,0.047551465320002734,6.296928507906186e-191,1.4604456699630998e-05,0.9517852766463929,2.8857922500858654e-06,5
0.0020231315257689085,0.01903543282101684,1.0900257421858296e-06,4.490413642322715e-09,0.978938340315916,1.8511227394522584e-06,1.4969840304116691e-07,4
0.7321057487307593,0.024600245574485056,1.7967930732872767e-05,2.0692173484886613e-07,2.1703660640179808e-05,7.255636018883941e-06,0.24324687154562866,6
0.0005497997714101453,0.029000930212671607,0.1672234257080887,4.766041225357155e-06,0.00016014201838567335,0.8030554198631044,5.516385114313058e-06,5
0.00018681261296002279,0.0023974760083079255,0.9953037341982436,8.314498408866994e-05,7.727627249599485e-06,0.002011828192040184,9.276377109794215e-06,2
0.000994442280442311,0.011087873877441914,0.676447804075828,0.00020364305073043693,9.310262677760737e-05,0.3111409327904144,3.2201298365458275e-05,2
0.00024235373478901742,0.021462092426738875,0.786410179283346,0.0004964421062924426,9.802323176704512e-05,0.19128820752050973,2.7016965569087547e-06,2
0.00013453728264576888,0.0005127286309244148,0.9699679088126931,0.0016904913780946668,3.4553315068664497e-05,0.027655168235784445,4.612344788718985e-06,2
0.12072387274703883,0.006235050686792357,2.1190653676332685e-06,3.1401484246235985e-08,1.854786248401844e-06,1.0803107988533917e-06,0.8730359910022697,6
0.00059875587146276,0.0058155470966931464,0.7294531071216578,0.0012656307988926435,6.216365236942245e-05,0.2627873132998273,1.748215909701183e-05,2
0.22527891569768468,0.5031534933331466,2.1181882683199637e-05,1.8157540209139982e-07,0.27152792913421586,1.3585570848751271e-05,4.712806018756083e-06,4
0.0004116990253822475,0.05301471198894198,0.556340360341403,0.00031288776220708366,3.973521121165268e-05,0.3898652413045515,1.5364366302544887e-05,5
0.00034017586095913066,0.02514323882074123,0.9234663423871581,0.0006569701644559966,2.29946239463464e-05,0.0503464277864383,2.385035630101672e-05,5
0.0038528044707925495,0.06698732295781495,5.244047885074722e-06,2.7631314001258438e-08,0.9291473520255016,6.371538726967376e-06,8.773279648891195e-07,4
0.3583405193654149,0.6356079997791722,3.0470563941066382e-05,2.3640886169982617e-07,0.0059953925819498525,1.924207058776877e-05,6.139230072563221e-06,4
0.0004190841238928438,0.06705902354211409,0.7641339171590263,0.00023159546612344135,4.608346430460633e-05,0.16809575190290696,1.454434163180515e-05,2
0.00030399142683785096,0.002904593436909905,0.8407525794252729,0.0005575365383701895,4.389986739147844e-05,0.155426569723253,1.082958196446008e-05,2
0.00029796647469966547,0.0010386419676792114,0.5960408288325203,0.24784096502264974,6.893966701882181e-05,0.15470411438406312,8.543651369138527e-06,2
0.15582697175128063,0.44600153948957977,0.0008161830037581648,1.2865494061704826e-07,0.3969035995862893,0.0004432000736257813,8.377440525672286e-06,4
0.07767019595040282,0.36480507263535583,6.68814722022876e-05,7.422919191776304e-08,0.5574228520038783,3.235728151816537e-05,2.566427450802358e-06,4
0.00018786523633737155,0.011554068979374417,0.9198692774753565,0.00040496668325394174,4.1303168174602364e-05,0.06794111379011682,1.4046673863399058e-06,2
8.736276792161096e-10,5.0966670157891175e-09,1.6248814797211574e-06,0.9999982991045027,1.8928226793884275e-10,6.984986253737955e-08,4.578121926824325e-12,3
0.41440906218415696,0.27810345797792296,0.001889808729960803,2.5067781426477454e-07,0.024650481959901077,0.28094251134039966,4.427129844247619e-06,5
0.3253696924093826,0.04082779140244334,4.2435874346888185e-06,6.288382888666385e-08,4.175905214497996e-06,2.163403452104494e-06,0.6337918704082439,6
0.0005853987722191911,0.0064590177720771375,0.9622063712271851,0.000727668877444348,5.193356583645815e-05,0.029954745818399953,1.4863966837698304e-05,2
0.0005869405742501019,0.007622042174407039,0.6438855207731063,0.002192936823711894,7.022012120216529e-05,0.3456225641501613,1.977538316116114e-05,3
0.0005351297353154514,0.007245809927254811,0.5821955963840922,0.24731693555281456,6.618638297795388e-05,0.16262089028997423,1.945172757085298e-05,3
0.00017734555845599353,0.011387200237053434,0.9508996756351883,0.00036822359253633514,3.4477792223250985e-05,0.03713036874436442,2.7084401781622814e-06,2
0.0006537910480021527,0.04587014275726955,0.5124032522737973,0.001839604270848581,0.00011526401146586434,0.4390941806251727,2.376501344389621e-05,3
4.771638935461134e-11,6.836011407664429e-10,1.1629587895697158e-07,0.9999998766314374,4.7203701019387826e-12,6.334486529187371e-09,2.158893950808087e-12,3
0.0001420411119941239,0.0012640094480497093,0.9918334065360407,6.978388197356943e-05,5.612791382896689e-06,0.006680927018928047,4.21921163110481e-06,2
0.00029528534849885884,0.015742821226531672,0.7834293895209196,0.0051735841030286795,7.482006181088656e-05,0.1952785604884277,5.53925078271772e-06,2
4.2757302891137976e-10,2.332297029581874e-08,1.6035145079608617e-06,0.9999982806851302,1.045463642221652e-10,9.192989454557035e-08,1.5377493763660285e-11,2
0.00010212357427138531,0.003882561077161547,0.9826084518554713,0.00038755705963419126,7.641738373021018e-06,0.013006989776551481,4.674918537029391e-06,2
2.610617281346436e-10,3.946184383566862e-09,4.778596773695815e-07,0.999999493260458,2.5825675264093538e-11,2.4634981225417304e-08,1.1811551403625227e-11,3
2.9849769649041505e-11,5.365490715589163e-10,4.853428437957156e-08,0.9999999480938444,3.645044200160883e-12,2.800221303323387e-09,1.6059758803153693e-12,3
0.792247076907587,0.015287918491500829,1.0266075103460995e-05,2.0540053569106362e-07,1.3726636088618374e-05,6.962005796582158e-06,0.1924338444833877,6
0.24263513879719814,0.7573002308176244,2.2005810553258112e-05,1.704411735467506e-07,1.7857414280731165e-05,1.842946441700841e-05,6.167254752868876e-06,1
2.1682635271713577e-06,1.3537288586752612e-05,0.001446473382328652,0.9981772795747246,7.050870936916168e-07,0.0003598245589502866,1.1844788578151659e-08,3
9.374201172045296e-05,0.0028198468622852657,0.9832561523603901,0.00019068241373690594,7.486860261177961e-06,0.013628895541301362,3.1939503046548534e-06,2
4.204912987193173e-09,6.867584813758979e-08,5.838630590993405e-06,0.9999935825698127,5.510107369671156e-10,5.051278712626611e-07,2.3995316650549464e-10,3
0.00020381890851394805,0.011670589756218503,0.9059552372165635,0.0040015736127725155,5.632374859558679e-05,0.07811089063922079,1.5661181153503795e-06,2
5.6870538166583186e-05,0.0006639348505823173,0.08265970433582738,0.8918593882935983,1.4084094265791776e-05,0.024745201300051912,8.165875077719916e-07,3
0.00012152669407136566,0.026897019096261493,0.9462680539819626,0.00267249532836598,1.85924887472148e-05,0.02401226235070221,1.0050059889203538e-05,3
0.0,0.0,0.0,1.0,0.0,0.0,0.0,3
2.6181765495498636e-10,4.181561661212174e-09,4.755676328954245e-07,0.9999994923429533,3.430851945025565e-11,2.759678533840435e-08,1.494061245615161e-11,3
0.00010193317821014989,0.010282849333082603,0.9727573028060535,1.1673667647044734e-32,1.4920009831037739e-05,0.016831014754705945,1.1979918116659357e-05,3
8.807297496670432e-09,5.5144241482875426e-08,6.239437015144327e-06,0.9999918979755827,3.73238224928792e-09,1.7948460894736104e-06,5.739170992471665e-11,3
0.00029091708256062887,0.015683122712700087,0.7211915529125482,0.1600820238421281,6.854161729657428e-05,0.10267971550285117,4.126329915086263e-06,3
0.0002388218928393218,0.029368111515985736,0.8843139479160949,0.0007211224158477358,3.9929626075233455e-05,0.08530944332723027,8.623305926872304e-06,3
0.0,0.0,0.0,1.0,0.0,0.0,0.0,3
0.0003499641512681497,0.003527338795072701,0.713718075668894,0.001020266600782658,5.800873172132536e-05,0.2813117134117056,1.4632640555300574e-05,2
0.0003150192068119353,0.00405302732493531,0.7354791971064608,0.0005664355713479043,7.576164080908083e-05,0.25950044611681955,1.0113032815408807e-05,2
0.248886391466542,0.6180153573701322,0.001394565784624534,3.050132413958675e-07,0.012580838314179965,0.11911225700296721,1.028504831246188e-05,5
0.14225600523664383,0.8531411096826027,2.976277772206154e-05,1.8635556101516268e-07,0.004550155020839507,1.7267835473653008e-05,5.5130911571622185e-06,1
7.240287687040342e-59,8.142790156136723e-58,8.917843416659318e-56,1.0,2.0627401205681985e-59,3.3211331776946003e-56,5.2468919849009474e-61,3
5.962767709359272e-08,6.216548937989844e-06,0.0005097532858384512,0.9994775005211421,6.9993546921835734e-09,6.459682009878095e-06,3.335039613735773e-09,3
0.0,0.0,0.0,1.0,0.0,0.0,0.0,3
9.184650905770572e-45,1.739857561815757e-43,9.227931638441857e-37,1.0,1.1160232527913048e-45,4.127399834779139e-42,5.628905218128482e-46,3
1.9676178090777353e-06,4.1118325592722835e-05,0.004164920864297608,0.99496275784395,3.281279081994269e-07,0.0008288804880848125,2.673235738015502e-08,3
0.0004278655077198794,0.006714888579004485,0.7443075175597028,0.04870771260158251,8.290212303424646e-05,0.19970714935292225,5.196427603370562e-05,3
0.41474258142795223,0.006120438910533155,5.037802231148588e-06,9.412648717041944e-08,5.253477125487964e-06,3.1734882399765582e-06,0.5791234207674307,6
0.0001643191018375763,0.012572560148896128,0.9545744165202846,0.0016603524421870876,2.2398192860205346e-05,0.031001118774866512,4.834819067766225e-06,2
0.0001264954460382637,0.0064896963871929015,0.9344541108157851,0.027043186773554117,3.141690589361282e-05,0.03185404323653398,1.0504350021830744e-06,3
8.85698760797031e-05,0.008073756857934091,0.9870964774772858,9.80012637572774e-06,1.7436570797788166e-05,0.004708988146800974,4.970944725727966e-06,3
0.0,0.0,0.0,1.0,0.0,0.0,0.0,3
7.477637998831351e-105,5.006777098277531e-103,6.931088897762901e-101,1.0,1.2065091070637955e-105,2.698321636060262e-102,3.8399720713591814e-106,3
3.1630335970049027e-13,6.8369328119768725e-12,7.223235475910642e-10,0.9999999991541715,5.876604249786201e-14,1.1628871983143554e-10,4.309612248401786e-15,3
0.00019698599122305603,0.009594622370174706,0.9307654010898694,0.00863825188168826,2.529547057001028e-05,0.05076272762227353,1.6715574201009397e-05,2
0.0694970076987125,0.4702783707230048,1.4853461957573599e-05,1.1773037359141857e-07,0.4601921024883268,8.884324967594626e-06,8.663572657146725e-06,4
0.07875459331620563,0.6503326838417736,2.8555540189683356e-05,1.8739870988681433e-07,0.27085615418404496,1.4035375179170641e-05,1.3790343897102161e-05,4
0.07957415400315326,0.5732476480770409,0.0005684027198234707,2.0703980055124808e-07,0.34559557538068675,0.001008965269671763,5.047509823440502e-06,4
2.5006782625651898e-05,0.0015030406372450566,0.05301607587111191,0.9230849436517058,7.553840060487075e-06,0.02236318333683088,1.9588042038134484e-07,3
2.3100402753287195e-05,0.0010494749748850417,0.04696486951279881,0.9348025475398797,6.431095028281281e-06,0.017153395527082827,1.8094757210592229e-07,3
0.00034662081056417005,0.022154940548757735,0.7941973306796083,0.002491499784940365,8.523546173961306e-05,0.1807217001113003,2.672603089699525e-06,3
0.00016333512077389666,0.010028682703302103,0.9426824856667934,0.0020953038214102963,2.7135256942788772e-05,0.044997147623904936,5.9098068724848545e-06,3
0.0001744793596637445,0.009614050763133281,0.689190263525336,0.2565931127451007,3.827781870495276e-05,0.04438742521521606,2.3905728451630256e-06,3
1.9288759281476152e-05,0.0008396332733563678,0.3440668634548434,0.6520943288046447,2.787998754915873e-06,0.0029764311418896796,6.665672294482996e-07,3
0.0,0.0,0.0,1.0,0.0,0.0,0.0,3
0.0,0.0,0.0,1.0,0.0,0.0,0.0,3
0.06790377778957482,0.49485672568310274,1.896463333494412e-05,1.0114880385695381e-07,0.4372091222279809,7.709704333874529e-06,3.598812868794792e-06,4
0.00014916838725529744,0.016879882935329354,0.8170782829909787,3.050703463041054e-05,1.775883077535787e-05,0.16583623888782123,8.160933209686852e-06,2
0.0003709067111368298,0.0038698695512577666,0.7193504237401466,0.00036680795678892063,4.205446964138248e-05,0.27598936671894825,1.0570852080216201e-05,2
0.00027588199985401215,0.019458060457908058,0.7702171379726854,0.032373890973372094,0.00012746651046848634,0.17754464456079663,2.9175249153387017e-06,3
0.0003704368141183586,0.0171258154771372,0.668367603214565,0.15524025743769768,9.657496459213926e-05,0.15879641042637113,2.9016655185300382e-06,3
0.00011303427444488525,0.0044020481014034885,0.6371072509291069,0.33740456744287084,2.396491474693108e-05,0.020947306685473253,1.8276519535978593e-06,3
5.132480679992797e-72,2.9807989139850296e-70,2.868020207877197e-68,1.0,7.369501315811995e-73,1.919432618426916e-69,2.6356695083451612e-73,3
0.0002908179759717612,0.019272294395117982,0.9469855816810613,0.0003059501571411104,1.9704311631975755e-05,0.033114381185757415,1.1270293318471698e-05,2
0.06577039555404823,0.4053682770695832,1.4532881390631665e-05,8.461579239666132e-08,0.5288331334872864,6.558018901632055e-06,7.0183729973706826e-06,4
0.003776424914393277,0.061589228429546616,1.5620006624384352e-06,1.1527658038188255e-08,0.9346313240365223,9.72128322322431e-07,4.769628950788806e-07,4
0.07856701240960347,0.6812672579027926,0.00022337492442304333,9.442896610039825e-08,0.239376464121273,0.0005619300382875785,3.866174654456535e-06,4
0.00030478193989820273,0.012734347111822895,0.8031062476844162,0.0008617638314133841,4.419581209324081e-05,0.18293200887636035,1.665474399584729e-05,2
3.200490877573611e-08,1.7212137819962025e-06,0.0007426736294920541,0.9992498503964203,2.889544336293642e-09,5.718563679751554e-06,1.3021728084242883e-09,3
3.473341841422289e-08,2.0288515197155605e-06,0.00023317473213543146,0.9997590805566943,3.6659491351793358e-09,5.676191664691517e-06,1.2686181422407794e-09,3
1.1865916290673836e-08,6.68055231168126e-07,3.165959729689778e-05,0.9999665942436254,1.522353831334696e-09,1.0644779115302887e-06,2.3766472881848423e-10,3
2.0895488000934664e-05,0.0009625626964123853,0.13446005528298668,0.8605496716193978,4.185269070768414e-06,0.004001912871534938,7.167725965801715e-07,3
0.0,0.0,0.0,1.0,0.0,0.0,0.0,3
0.00020862854113482739,0.01141019063484097,0.9241868993382454,0.0027723942362371376,3.328745650503104e-05,0.06138208192960849,6.517863427954197e-06,2
0.007586969693004745,0.10352844307989965,3.1711789540037595e-06,1.937742231040161e-08,0.8888786760971734,1.5985433336313783e-06,1.1220302122637145e-06,4
0.07038426374057974,0.7656400553714551,0.00017885750256035516,1.6377943337775802e-07,0.16360778659224073,0.00018471571268758444,4.157301042889187e-06,4
0.0006926608397839954,0.02213997882262419,0.7699524386012806,1.0223973513448973e-222,0.00027943334106498967,0.2069151903259356,2.0298069310586575e-05,3
1.9273409279180157e-05,0.0009484539227184259,0.15274866784727842,0.8430207222870137,1.7929978560181158e-06,0.0032604690609036326,6.20474950761186e-07,3
0.00010569409823524643,0.004641192401233837,0.9497975363252056,0.008056457118620765,1.9666633565821464e-05,0.037375078432847285,4.374990291404838e-06,3
0.0006429273007597762,0.00748857171922856,0.6524694882560788,0.00033662350583706427,5.144469959020654e-05,0.3389766985751874,3.424594331836193e-05,2
0.0005836133538345892,0.006423271587079975,0.6020303990629154,0.00010929147895853503,7.893098663099631e-05,0.39073965278895506,3.484074162539763e-05,2
0.1520445522965897,0.002605863574547068,1.8639786908253164e-06,3.921477669230383e-08,2.288900682114656e-06,1.3221319142720803e-06,0.8453440699027993,6
0.04132551880726584,0.000712643557620241,5.429898581316899e-07,1.0703519619629585e-08,5.808015606206603e-07,3.2207284245033567e-07,0.9579603810673332,6
0.19724908895702645,0.8026940159479898,2.0481939848405606e-05,2.207768517207159e-07,1.0203003260676917e-05,1.998876946220928e-05,6.000605560941313e-06,1
0.01989179965710337,0.16937893434838036,6.216567591456484e-06,3.6195147995743145e-08,0.8107186730856196,3.052344824559684e-06,1.2878013325716394e-06,4
0.009394765791251916,0.11896755974263941,2.4376980471100263e-05,2.232194899216056e-08,0.8715918791602101,2.0877035894736446e-05,5.189675838524363e-07,4
0.037002504311407565,0.7818071322330217,0.000837369021732458,1.779741101120263e-07,0.1733533293783615,0.006993031720729132,6.455360637156538e-06,4
0.00011665044363454462,0.00525840352587319,0.9473734577726426,7.52281136751333e-05,1.5391357156353428e-05,0.047156999067833986,3.869719184403001e-06,2
1.2937576415153083e-05,0.00048351369119774333,0.03099107113292817,0.9482274958788565,3.453026968619566e-06,0.020281348341399608,1.8035223398625917e-07,3
1.5053418693497265e-07,8.014814137911585e-06,0.0009712558377942832,0.9989697292836358,2.0682092383793228e-08,5.082227338649384e-05,6.57476605663907e-09,3
6.439407391763568e-05,0.002893398893317406,0.9572326394231304,0.01695396825984674,1.6859805357754243e-05,0.02283574343197057,2.9961124595543797e-06,3
8.655490667592559e-37,4.773700037676456e-35,1.3307892692155838e-31,1.0,1.2416197153222812e-37,3.1793799837423126e-34,1.218616272444877e-37,3
4.8411818552555254e-14,2.6622117166742066e-12,7.242838609995368e-10,0.9999999992552626,5.17298687865566e-15,1.773086406283313e-11,6.796016701987268e-15,3
0.00011947508502351651,0.00578327503540041,0.9549870901233246,0.005710112635382665,1.6844747789514003e-05,0.033378967240139695,4.235132939566982e-06,2
0.00042263563708135987,0.01169871855304536,0.6612495715148232,0.001853579918727025,7.894702664844251e-05,0.3246927991299508,3.7482197236936828e-06,3
0.09723834245598602,0.5623892876450965,1.1582198979614271e-05,1.0333749852970762e-07,0.3403494576606424,9.316346380736802e-06,1.9103554162225194e-06,4
0.154901116059774,0.7305674276741689,0.00018205847994101526,1.6077556734539788e-07,0.11420796905510183,0.00013554765863000944,5.720296817040649e-06,4
2.2245691874706219e-26,7.44855676015558e-25,2.1043658518971872e-23,1.0,6.230182204287256e-27,1.0982184539561359e-23,1.4525787220866225e-28,3
5.580857247586498e-13,5.063350726436474e-12,9.603192449175488e-10,0.9999999989934405,1.0562361354753316e-12,3.955816514347948e-11,4.5496470630790525e-15,3
7.642276566029201e-20,5.710399016583437e-19,8.569342253118138e-17,1.0,2.1483856898931597e-19,5.119021431769013e-18,5.935536587105563e-22,3
1.4982505999169774e-135,8.791300526690292e-134,1.7489949938379694e-131,1.0,1.4157354154066323e-136,2.6185850005396127e-133,9.105621748277967e-137,3
0.0,0.0,0.0,1.0,0.0,0.0,0.0,3
3.393268001105336e-14,1.865990185960796e-12,5.524134401566772e-10,0.9999999994332534,3.983223403145092e-15,1.2427868949199921e-11,1.649938012568929e-15,3
4.474545893525666e-15,4.063322129981309e-14,1.7025442110064915e-11,0.9999999999814708,7.443916735815172e-16,1.457684052305464e-12,1.163504655068237e-16,3
8.6968103636537e-05,0.0036477797982168384,0.16218293484005988,0.8019360416289729,2.109291611358023e-05,0.03212460513586921,5.775771310962431e-07,3
6.293424832497319e-05,0.0005092146330024152,0.04559302048455532,0.9361714007591538,6.9215874614236775e-06,0.017654675246874585,1.8330406274386146e-06,3
0.0693361991989439,0.00380678236224933,5.655685624040629e-07,1.1922425164869797e-08,4.800229877076866e-07,4.0196630289848106e-07,0.9268555589585287,6
0.13830078639847349,0.8532143263189752,2.0938543149403687e-05,1.6350626258064511e-07,0.008445068070564294,1.3513287666130758e-05,5.203874908855698e-06,1
6.393487119757584e-11,2.151520755592169e-10,1.029832699136829e-07,0.9999998893336628,1.6039333148759095e-11,7.387216803521476e-09,7.241179240074682e-13,3
2.3687187100267476e-11,2.3606724684525675e-10,1.0113321681251154e-07,0.99999989678181,6.498534466344873e-12,1.8167790659407625e-09,1.941136999936834e-12,3
5.80485576168814e-08,5.079189664942423e-07,5.424453607765966e-05,0.9999414363503776,2.0778957207255936e-08,3.731922224070619e-06,4.448394791281745e-10,3
1.8464735806021455e-64,1.3797067964914645e-63,1.948842529661009e-61,1.0,4.650900197576295e-64,1.311845968724396e-62,1.4341029665826794e-66,3
6.262311465022253e-06,0.0004524745626314354,0.1462245391336278,0.8525790687392796,6.4681885572441285e-06,0.0007310194193075287,1.6764513134944078e-07,3
4.113261175473432e-12,2.7609783403554807e-10,5.294958325825189e-08,0.999999945681522,5.9362921972043335e-12,1.0825861709905171e-09,1.611575996484061e-13,3
2.34163731907379e-09,1.5014103538992642e-07,1.9561144102702262e-05,0.9999795929556221,1.0411367072018668e-09,6.923554778404406e-07,2.0987949018633114e-11,3
1.0169877581855236e-08,7.154009024156092e-07,4.13202702450287e-05,0.99994758583089,5.1800753749507814e-09,1.0362951905297279e-05,1.9610436535791516e-10,3
2.8744848495705935e-05,0.0014407576968139789,0.13402194275603385,0.8398947424578006,8.319742820952907e-06,0.024604567867002495,9.246310325668781e-07,3
2.6490698755641417e-263,1.36231720225616e-261,6.738845048941149e-259,1.0,1.9559533881853965e-264,3.6042047347778685e-261,1.1047449811715673e-264,3
3.780666488564868e-80,2.6575794464565177e-78,2.2508509509802932e-76,1.0,6.839830416047055e-81,1.4332160599154101e-77,8.022798125958334e-82,3
9.428583874982995e-05,0.0009190601842244224,0.9755380172344585,0.0001534017272915734,1.3292847265672102e-05,0.023278583269933636,3.3588980763388127e-06,2
3.100451589355788e-05,0.0012792769829308998,0.059718771794902294,0.9267784503775576,8.680938045840189e-06,0.012183612940234342,2.0245043547863704e-07,3
0.0003038996552915023,0.004549208698088113,0.889047627519899,1.8994557098377315e-08,6.0945728256692296e-05,0.1060162936211283,2.20057827793206e-05,3
6.620274728925689e-06,8.887134405411958e-05,0.005293676553581808,0.990742955974054,1.4010282308506317e-06,0.00386633416390955,1.4066144091424615e-07,3
0.0008433273108816723,0.007899758348982114,0.9382698058678594,1.9780534462523545e-11,0.0002977109561568664,0.052679105475766645,1.0292020572706486e-05,3
3.633713342304758e-09,2.4612896145245364e-07,2.953777021237279e-05,0.9999692070613834,1.7422236555927548e-09,1.0036309372652796e-06,3.256874570430262e-11,3
1.6893285706701415e-08,1.643517437775582e-06,0.00010095044697695861,0.9998835960780853,6.4984404992800165e-09,1.3786283112001378e-05,2.826620998023024e-10,3
0.0,0.0,0.0,1.0,0.0,0.0,0.0,3
7.15388279297716e-69,1.0032924696589915e-67,2.963971247637872e-65,1.0,1.292083774765705e-69,1.4431899874001786e-66,7.721092526124684e-71,3
0.08808765009152804,0.001266409860827538,8.383056978507827e-07,1.8970870447836113e-08,9.714706388378934e-07,5.708404698662202e-07,0.9106435404599673,6
0.03521644501023877,0.5673748658018465,0.00020911263500774147,1.0752909441967145e-07,0.396975672826016,0.00022095720652715741,2.838991269464356e-06,4
0.09005739353570955,0.2673061958980788,0.0002153750060620555,9.733841884528066e-08,0.6415434827748384,0.0008742447330927746,3.21071379952867e-06,4
2.3243878979423116e-10,8.316052769408886e-10,4.1321615230374936e-07,0.9999995674282188,6.923449312930355e-11,1.822055194693189e-08,1.7983397404864664e-12,3
7.549936035993244e-08,5.067806049064559e-06,0.0008491964740195704,0.9991224224853595,1.181329898906751e-07,2.311805458544973e-05,1.5476361793768096e-09,3
1.5429832783831852e-205,8.76021686146499e-204,5.501715566147175e-201,1.0,1.7869732831787013e-206,1.9997245866335246e-203,7.568053730051143e-207,3
0.0,0.0,0.0,1.0,0.0,0.0,0.0,3
0.00022313520660839682,0.011890233833234582,0.9092805855741475,1.9976469870072576e-19,3.516332330630049e-05,0.07853443624486663,3.64458178366843e-05,3
0.00041296168172629964,0.01979826907945098,0.5929151230584445,0.0004341544515291323,5.261345803572952e-05,0.3863725050975432,1.4373173270037027e-05,2
0.0005898762542186472,0.02582721373791264,0.4972182854929371,0.004211878730270577,0.00011197908266823716,0.47203327806934886,7.488632643995261e-06,5
0.0008606247112997832,0.007203057792894638,0.5963580835294023,0.010540115417398434,0.00011817018314996301,0.3849150739435018,4.874422353177167e-06,3
3.2882795066506817e-06,0.00021717080571373535,0.04358926186851169,0.9537203530487209,8.903434973219572e-07,0.002468966388352874,6.926569666429524e-08,3
6.221469551399729e-11,9.524479120852913e-10,1.977347773849119e-07,0.9999997810457018,9.36073101631294e-12,2.018579538577287e-08,9.70214033716244e-12,3
0.00013463424550441298,0.001233991560607222,0.8826854438242714,0.07806349132187151,2.8324070078054476e-05,0.037850624082387034,3.4908952804138723e-06,3
0.0005595851453659011,0.02076592421440751,0.3376604025961006,0.0005037502260045938,0.00013977202854199107,0.6403662966657552,4.269123824181084e-06,5
0.07948959567443172,0.0012109179054374522,8.136695306345859e-07,1.841335361622212e-08,7.190246764992885e-07,5.540645833304952e-07,0.9192973812479867,6
0.1013150554349662,0.8912220346835379,2.6523072763403785e-05,1.5949220525153177e-07,0.007417159893605964,1.5018946885498738e-05,4.048476036032833e-06,1
0.06708947469046843,0.9296725008219875,2.0718185706755648e-05,1.4077100763784104e-07,0.0032006268467833885,1.3151077214210538e-05,3.3876068320936698e-06,1
0.11466350209649004,0.8852717729414569,2.449651406524249e-05,1.604623189660044e-07,2.1873122355352177e-05,1.4121762361896001e-05,4.0731009518340485e-06,1
0.14415350013888073,0.6031719822902702,0.0005239042036286013,2.2920737594738722e-07,0.24430040135971917,0.007845934851895114,4.047948230099725e-06,4
0.00023473451998828467,0.02649000143230478,0.9638837129041249,0.0010995217984584905,2.93047006094079e-05,0.008261111068385969,1.613576128046526e-06,2
1.7497311708549195e-12,1.2146280857386216e-10,2.916475078997111e-08,0.9999999704247238,2.18437243460559e-12,2.850453571337041e-10,8.312564751765453e-14,3
2.6418189727151635e-06,0.00012885770875288303,0.0357923878855067,0.9635266064567468,3.522418659857029e-07,0.0005490477849649669,1.0610318994322532e-07,3
1.2537718622980274e-10,1.4022363750456124e-09,7.711168842340623e-07,0.9999991948650752,1.0854535498143455e-11,3.2465110257282144e-08,1.4462113043018946e-11,3
9.8077725265208e-12,1.1077760457254692e-10,2.3709815253044213e-08,0.9999999744939667,1.4616453272702906e-12,1.674089206710839e-09,8.162219196220552e-14,3
0.00013009286871635975,0.007776935922417256,0.9281993845944007,9.47990113999352e-05,1.7600084022559378e-05,0.0637735272703226,7.66024872079271e-06,2
0.0002735472022774559,0.013852817014949068,0.4494959701587656,0.38901258609358613,4.756461616191789e-05,0.14731376846745192,3.746446808006854e-06,2
0.0006482808271462107,0.024465866164212324,0.39021942049463393,0.0013103856922447653,0.00015773712054041817,0.5831935333808358,4.776320386606057e-06,5
0.05170647816457314,0.9445672616882561,2.5469509577551386e-05,1.1982822055569635e-07,0.003682573254219435,1.4506146228109702e-05,3.591408925083565e-06,1
3.10502469975575e-12,2.243492200649903e-10,2.3570895844165475e-08,0.999999974897203,1.1719867627697448e-12,1.303241916955094e-09,3.316872581697149e-14,3
3.1404704012844933e-55,1.4173964689917796e-53,2.214451606362827e-51,1.0,4.261339036018518e-56,4.704382374828196e-53,9.789790819116246e-57,3
0.00011458791886215573,0.004499820348439591,0.9331604460357297,3.619356871181947e-05,1.4561401766184752e-05,0.062169142478678135,5.248247812468115e-06,2
0.0003146759598963696,0.014914016587450427,0.512136526305029,0.000683194220283737,9.411284769722609e-05,0.47185513097760573,2.343102037354778e-06,5
0.0006071323322201805,0.0675703788828799,0.8546925284809739,0.06060287917017625,0.00010100194006882979,0.016421867211828076,4.211981853033518e-06,3
3.9561573816873186e-07,3.666855861551895e-06,0.00035598273882196007,0.9996184049213667,1.3412745939524174e-07,2.140874609736399e-05,6.994655108521842e-09,3
4.80009130600246e-05,0.0005635040452682971,0.10805943416578152,0.8885034145101508,1.0318196746097236e-05,0.002812078586417682,3.2495825757638587e-06,3
1.1162521033290643e-10,7.888897437956232e-09,9.768341175348542e-07,0.9999989930622087,1.593053416133096e-10,2.1941929418136643e-08,1.916238626712069e-12,3
7.870610179635553e-05,0.005255542996541379,0.7865677667065516,0.17652464690574404,0.00012618815424897948,0.03144631467183134,8.344632863946368e-07,2
6.320725114074133e-57,2.896175914897602e-55,1.1531026624007543e-52,1.0,5.7086464665069076e-58,1.6501326089833912e-54,3.1366957059566837e-58,3
3.598527911297996e-11,4.164663875250505e-10,2.0003058349958204e-07,0.9999997921205913,3.260719495618203e-12,7.391909493982337e-09,1.2032478624646806e-12,3
0.0002982056594309143,0.0036381515060146512,0.4704482209922655,0.0011230095062630353,6.985266437627586e-05,0.5244175603177337,4.999353915972104e-06,5
0.000520996883007872,0.005810108180054841,0.6612037794036688,0.0008360603796617067,9.361379140567668e-05,0.3314110559353266,0.00012438542687450696,5
0.02438753441857495,0.6755588711784121,8.415013626218144e-05,8.243416039205053e-08,0.2997221425553369,0.00024172960607150257,5.489671182021902e-06,4
7.533621002935962e-08,7.490161438178419e-07,9.581123373129881e-05,0.9998967574539659,2.310503728561182e-08,6.58319298719502e-06,6.619246089408774e-10,3
0.00046839865011288944,0.01657552167722415,0.9230319613311502,0.0009911637735251315,5.782957334816301e-05,0.05884883267218782,2.629232245171937e-05,2
0.0001728469653306239,0.008247479480492646,0.8540079697364228,0.00023927032818246949,3.6664934482566943e-05,0.13729270802522253,3.0605298663189455e-06,2
0.00025206132457201064,0.011426732513138286,0.9158162935559656,5.246870266043872e-09,6.395838969224409e-05,0.07243913267364581,1.8162961156069356e-06,3
0.07729886523215929,0.7920355894867024,0.0006871247620297729,1.9132934470982814e-177,0.1293076408270962,0.0006540971718818914,1.668252013044123e-05,4
0.0003741930741789508,0.0412808715711613,0.9380604921284053,0.0032346873481338143,9.28526520797496e-05,0.016953540253295464,3.362972745433434e-06,2
1.2589960728967272e-11,4.191022829759351e-11,1.0194153667690537e-08,0.9999999879883076,3.651384605052934e-12,1.7589737314162114e-09,4.1339465187222393e-13,3
1.391988544016056e-12,4.6710597641512164e-12,6.930220500393013e-10,0.9999999987333104,3.167273094858231e-13,5.672697351759796e-10,1.818668265939761e-14,3
0.0004861884249544673,0.01720505978210221,0.9266621889484967,0.0013031846764465001,6.466087901174244e-05,0.054257154416726995,2.1562872261404766e-05,2
0.00036864935867490925,0.014084700105727856,0.9548040472468642,0.00032738867366744167,3.98388044391834e-05,0.030353081921249234,2.2293889377065343e-05,2
0.00019278852285755627,0.010443009749916722,0.937006151848562,0.00023670864267652677,3.132648570154085e-05,0.05207601659550915,1.3998154776340436e-05,2
0.001059295793928757,0.0326750622005757,0.43140899864971405,0.19797175454251276,0.0001022847154305515,0.3367507451719999,3.185892583834333e-05,3
1.4429134341719178e-10,1.5299531663456121e-09,8.416579838844902e-07,0.9999991307723713,1.2500852074255148e-11,2.588031747721106e-08,2.582035883021921e-12,3
0.00037465861015529374,0.009488127517423289,0.5935550086081606,0.2596251083681703,6.240235705207839e-05,0.136891551607844,3.1429311946954275e-06,3
0.0002841866819432132,0.012300368909366437,0.6388468721075398,0.10829276919396047,4.7384544852277186e-05,0.24022675163624474,1.6669260930652092e-06,3
0.906536904887776,0.08812982700384757,9.127912841536468e-06,1.7178790165905795e-07,9.101702945502023e-06,5.1691611499868815e-06,0.005309697543537773,0
4.220750062686039e-11,4.258403322469136e-10,2.39654906840284e-08,0.9999999619961545,9.603719923655124e-12,1.3560248127741909e-08,4.551152712899686e-13,3
9.594357003548482e-05,0.0009013934035064012,0.09241043774682535,0.8991888618151311,3.401936470913531e-05,0.0073686306240024185,7.134757899823036e-07,3
2.2726064073288405e-26,2.1155201374786157e-25,2.285274668794658e-23,1.0,6.384037930251112e-27,1.303920120325118e-24,1.6333428693107834e-28,3
0.0006428131180368685,0.0053965230223466205,0.939662579254543,0.012543518500256721,0.00019919099903657005,0.0415465403166999,8.834789080330652e-06,3
0.00027846545319690544,0.01174782020133447,0.9725511688606734,0.000390033155300257,2.0531906172792453e-05,0.014990300477155268,2.1679946166792722e-05,2
0.0001747616651888117,0.008809229792334136,0.9115923347862701,0.001848743380295986,3.303050629984944e-05,0.07753978256493942,2.117304671750233e-06,2
0.00014394806938246833,0.008528405084056419,0.2787077919487244,0.6717421543910239,2.6731339295387842e-05,0.04084875498567995,2.2141818374055483e-06,3
0.0003480837257015246,0.011485126241574588,0.9307465013911567,2.965648463265693e-07,6.329383086162263e-05,0.057354796690982854,1.9015548763325059e-06,3
0.00030322665493244473,0.012468276360258391,0.6674015554403883,0.13761481406783296,4.8826777900867965e-05,0.1821615830367284,1.7176619587039277e-06,3
7.706819472638255e-05,0.0029802943584615648,0.9882310820864406,0.00023913230085333666,1.2995513908705313e-05,0.008458766587419075,6.609581903171154e-07,2
8.066952907279014e-10,6.92812802283018e-09,6.232036529000086e-07,0.9999993151458294,2.5236237845061265e-10,5.365696970613068e-08,6.3625245695782306e-12,3
1.607649451303341e-28,1.5103926297713845e-27,1.0835062096708416e-25,1.0,5.534707463210542e-29,1.0879119498288244e-26,1.1955141567684463e-30,3
0.001024864684221179,0.009081323464630097,0.8739997087636913,7.905814446720258e-09,0.0002987207912268059,0.11558820587853784,7.168511878411767e-06,3
1.6433821480824112e-07,1.6120953827049025e-06,0.00026993088692638025,0.999718971452918,3.949878292014253e-08,9.280530057107175e-06,1.197718374795524e-09,3
3.988701717322205e-11,4.723363199317815e-10,4.85568331579457e-07,0.9999995042784896,4.3556784095107916e-12,9.632045115807073e-09,4.5547114985659844e-12,3
1.05397817636589e-08,1.1232794202653576e-07,6.017868787547188e-05,0.999937810429578,1.0632434594561364e-09,1.8865664698167846e-06,3.851094821548777e-10,3
0.00038265065655179574,0.005683622653253161,0.5146720561186932,0.36852506130383617,5.1633521887490714e-05,0.11068123340937454,3.7423364036806373e-06,3
0.9149434515879298,0.0701825602959004,9.212558292994188e-06,1.7338093445235284e-07,8.2661711502496e-06,5.217096092705363e-06,0.014851118909699406,0
0.4298736404384646,0.5466835345582985,2.615808402309572e-05,4.715602564056653e-07,0.023350816318496663,6.0602681660407916e-05,4.7763588002334204e-06,1
0.00017379078146269853,0.006289971725020444,0.9116185694785545,0.0039114768203896986,3.3048475352067725e-05,0.07797155578745446,1.5869317664500799e-06,2
1.0175676962828648e-12,1.0266454052791283e-11,7.12427016713731e-10,0.999999998943228,2.481697075812632e-13,3.328017893235021e-10,1.0972234585597977e-14,3
2.6421684210171197e-09,2.5296924728090262e-08,3.034037141835635e-06,0.9999967870814057,8.414887977833723e-10,1.5007851489447874e-07,2.23555355198328e-11,3
6.4707831311534106e-34,6.0506270965101484e-33,1.0134211824695596e-30,1.0,1.1555644495900493e-34,7.069204683587046e-32,6.977319614891652e-36,3
7.609999020811437e-06,6.586227764527187e-05,0.014068265488798167,0.9849959455705658,1.844967375491225e-06,0.0008604162339277899,5.546266685467676e-08,3
0.0,0.0,0.0,1.0,0.0,0.0,0.0,3
0.0,0.0,0.0,1.0,0.0,0.0,0.0,3
3.10403472955392e-08,1.308812301151976e-06,3.366076081460181e-05,0.9999464733999863,8.609553345995534e-09,1.8517191751304033e-05,1.8524587080593907e-10,3
2.6789473279323183e-06,2.4507504202818183e-05,0.00210142635360428,0.994111625704767,5.975362912306211e-07,0.0037591370922023296,2.6861604284767288e-08,3
0.0006788980889251,0.007124447033136763,0.5977970374109595,0.0012710638509925393,5.848407685741217e-05,0.3930502696321799,1.979990694885338e-05,5
0.1154441888777956,0.7715660562038885,0.000296334824940376,1.9318735748712284e-07,0.11141747469958717,0.0012683435787166023,7.408627714275309e-06,1
0.10969003750672399,0.8559901379386442,0.00022644949658071601,1.7764441769125586e-07,0.03310785476782324,0.0009736942665915094,1.1648379218469216e-05,1
9.765557854740571e-08,2.9561116066927916e-06,0.0001076336144506221,0.999883973518933,2.700605943673323e-08,5.310829678177898e-06,1.2636933870309452e-09,3
0.00020409698218148585,0.0025386405714596465,0.26831017584076006,0.6641351019415236,6.238017378923932e-05,0.06474298167630785,6.622813978026585e-06,3
2.290239655737142e-07,2.2464156600269973e-06,0.0010992417474726427,0.9988756017959811,5.121025837807422e-08,2.2627216193733806e-05,2.5904686899224777e-09,3
0.00034491466840161865,0.021164626242931056,0.9056200750730012,0.0001815158017268535,4.206999790927517e-05,0.07262818160956246,1.8616606467586216e-05,2
0.0,0.0,0.0,1.0,0.0,0.0,0.0,3
0.00022825696827989572,0.007812279194953853,0.3968946419096218,0.5737550912446496,3.1627613283283844e-05,0.02127015856225042,7.944506961192356e-06,3
4.500638073322118e-11,1.3003419645827205e-09,4.05347902033464e-08,0.9999999549463623,1.3837829851832774e-11,3.1591043895688126e-09,5.569568284813235e-13,3
2.9019959862182114e-12,2.5635662640602605e-11,3.224878385368348e-09,0.9999999943410172,5.49816991054779e-13,2.404995584395485e-09,2.145825061654671e-14,3
0.00011262120104421603,0.0058086138500619494,0.966414000284472,0.00015424360057067474,1.6759744258518733e-05,0.027488277879687616,5.483439905193745e-06,2
6.838479863009218e-13,3.718105840685015e-11,2.4622660363123347e-09,0.9999999970775242,1.9128638588852824e-13,4.2214277082015055e-10,1.094125542488499e-14,3
0.0,0.0,0.0,1.0,0.0,0.0,0.0,3
0.0,0.0,0.0,1.0,0.0,0.0,0.0,3
0.0005801206348816371,0.01737053209526101,0.6468429318991743,0.003168622615515747,0.00013438992408256275,0.3318996903695889,3.712461495795066e-06,2
0.00026827678850594296,0.0061253809178961754,0.1954663722522316,0.0002776534360722272,4.085950731281684e-05,0.7978199034520806,1.5536459006946154e-06,5
0.05053041866700187,0.6018214004039938,0.00025930120933301336,1.2105505295145961e-07,0.34710961690366743,0.00027606895573029945,3.0728052204291856e-06,1
3.4357853957105517e-15,1.8815014229443716e-14,4.491587056444344e-12,0.9999999999946234,8.609071710395015e-16,8.616789423988668e-13,3.338670641896029e-17,3
7.884006697520629e-05,0.004074629881568215,0.9720562583562604,0.0001092918586799913,1.3636130711386249e-05,0.02366429674886584,3.0469569387511027e-06,2
3.0437388404439684e-12,1.4763812596665344e-10,7.768761309217973e-09,0.9999999879118887,6.062561334425395e-13,4.168035130940283e-09,2.6635265718886224e-14,3
2.2020524829370288e-06,0.00012430579531429097,0.006758433708474743,0.9917991610672594,5.681371844839519e-07,0.00131524710551448,8.213376970875354e-08,3
8.239075801287622e-22,5.012406490276715e-20,1.7855293584324615e-17,1.0,9.58772592636071e-23,1.345184463499505e-19,2.982203115155487e-23,3
1.883024741608935e-10,2.1935439909139478e-09,6.46695378791392e-07,0.9999993009720866,2.991694898100952e-11,4.991900468816315e-08,1.7666560462839115e-12,3
0.00021329930161291083,0.001762844414163331,0.22391401275644413,0.00016567582141429357,4.272715048122222e-05,0.7738988664211053,2.574134778834808e-06,5
0.0008142193346913686,0.03638254424903759,0.44417293051761114,0.0002756807806589474,9.981498359938373e-05,0.5182273745527558,2.743558164582255e-05,5
0.000445274649865141,0.02246703956884347,0.8613569280902101,8.243140690693996e-05,8.544444933145937e-05,0.11555655464815605,6.3271866870046695e-06,5
0.04464212619807486,0.11237290979616572,6.977406056990106e-05,4.0351016717330286e-08,0.8426688567908889,0.0002454456019989536,8.472012850946097e-07,0
0.0007139824177346888,0.12968043318526057,0.5314663678181304,0.24907810671300007,0.0001440207510165471,0.08891148193352645,5.607181331202636e-06,3
0.00044410696674859567,0.010890259872853534,0.7574611271261886,0.004645064698374812,5.3552580963730186e-05,0.22650218813255307,3.7006223175784076e-06,2
2.0916408936466008e-19,3.66821731726876e-18,2.152587843078182e-16,0.9999999999999996,6.602917036573527e-20,1.2333698820656304e-16,1.1393952123827405e-21,3
4.898565355790617e-66,1.3144519468779175e-64,3.571932822732835e-63,1.0,2.1385060020280745e-66,3.072331073459172e-64,3.1648665989815813e-68,3
0.0002185228359038354,0.009738816744906875,0.9557130541732376,0.0007174585311554805,4.056935156391621e-05,0.03355766008654975,1.3918276682702729e-05,2
2.005227512818233e-06,1.6778662067903506e-05,0.009630967470214271,0.9900405018957034,4.581346947572177e-07,0.0003092749442134434,1.3665593212532507e-08,3
0.00016961805663786236,0.0015670952159795217,0.9806723123906037,0.0023028706897091347,3.602285595351849e-05,0.015246315514914495,5.76527620167638e-06,3
3.3088911226790494e-05,0.001890754496545568,0.10934382593845478,0.8556071063679566,8.567528934614992e-06,0.033116141448134545,5.15308747142706e-07,3
0.0001731449832948955,0.010315596831321753,0.7390652334836477,0.028222418265899933,3.631072585137275e-05,0.2221844464840738,2.849225910536342e-06,3
0.00011273597118493507,0.003012099848574885,0.9105840173440976,0.0528561799107879,1.4446387303297759e-05,0.03341994513151467,5.754065366336477e-07,2
0.0004310856180603128,0.004923836340935538,0.2998574095524273,8.115422135483121e-05,6.0416601341141045e-05,0.6946239810462039,2.2116619676944936e-05,5
0.0004271623062297576,0.08827626558335197,0.4048000474230083,0.4482774244544967,0.00010475434406082636,0.05811026747238657,4.07841646592134e-06,3
6.432897414165453e-08,2.3997823338008507e-06,0.00014559910605736848,0.9998281122146534,9.223563355959219e-09,2.380867240226336e-05,6.6720156691823955e-09,3
1.4095175050239778e-09,6.817633153893448e-08,5.249139857798104e-06,0.999993346246994,2.4215594429070415e-10,1.334755993383528e-06,2.9149514979680213e-11,3
6.542768795375125e-05,0.005169295663441027,0.9746814890352238,5.057667335012615e-125,8.74578346815186e-06,0.020073819533587688,1.2222963256849452e-06,3
3.1718337888941023e-142,1.920070330032005e-140,5.948466863426198e-138,1.0,3.4831543095213914e-143,4.881679520059203e-140,1.156628920557743e-143,3
0.00012762430231677457,0.006534983216783665,0.8862768747194131,0.09493221937166067,1.9666342997732658e-05,0.012103691441806801,4.940605021439472e-06,3
1.4161704749720666e-09,7.590153604528316e-08,9.684003083294329e-06,0.9999900978132819,2.284176703143817e-10,1.405801272590626e-07,5.7383392991307424e-11,3
9.50890503082814e-17,8.428870541376798e-16,1.140949171368975e-13,0.9999999999998321,5.582154651389306e-17,5.295345598472022e-14,2.649967841247096e-18,3
0.00022032015125417615,0.005828932674252981,0.7265986522284884,0.0009271059582187244,2.5658701629716224e-05,0.26639819833539546,1.1319507605113746e-06,3
0.00016978100766396018,0.0015658793025275458,0.14340369617190896,0.0005868969986754641,3.3754098230193045e-05,0.8542341925855685,5.799835425330441e-06,5
0.536091445885043,0.45911911097051306,1.5529069609011697e-05,2.0790993722225808e-07,0.004734517200189316,9.587402602981848e-06,2.9601562105601994e-05,0
0.13803254421234956,0.8574941431219405,0.0004031800029488743,2.4922039122309217e-07,0.0033379151734881695,0.0007266148991562267,5.353369725525992e-06,1
2.6630370512891548e-05,0.0008122767375163671,0.01845762613447704,0.9796879692099625,9.31971075619359e-06,0.0010060057831960485,1.7205357902416134e-07,3
0.0,0.0,0.0,1.0,0.0,0.0,0.0,3
5.548511577379775e-08,3.001372314961505e-06,0.0012834941305248204,0.998708647327836,6.988169731490539e-09,4.792521289208778e-06,2.1747494302833452e-09,3
0.0003238997056526333,0.018520203931899154,0.724615200302134,0.00040470598910285013,3.094379384444739e-05,0.2560958151263134,9.231151053550112e-06,2
6.921060588089509e-06,8.975491471200797e-05,0.00770440106485569,0.9894854013549479,2.106867402189859e-06,0.002711355196133015,5.954136132553909e-08,3
0.5124348704223431,0.48613678450064907,1.6993347392255615e-05,2.2023251315812122e-07,0.001379883393407713,8.457387595647811e-06,2.279071609889261e-05,0
0.41356852108253206,0.5012714281381923,0.0008063353589147038,2.4280325402516776e-07,0.08184979740368549,0.0024995752218287953,4.099991592659953e-06,4
0.0626451702771312,0.7236183964777892,0.0005219664806010091,1.8017017023645418e-07,0.2110083415703826,0.0022011696350495657,4.775388875966275e-06,4
0.00012862891402505653,0.005968569051854668,0.24157641689424228,0.00016865217933856164,2.1709039345059107e-05,0.7521309116546377,5.112266556720027e-06,5
1.2349941092849164e-09,5.997290394165292e-08,2.6553873180535947e-06,0.9999957103275056,2.8767810366508576e-10,1.5727787861359197e-06,1.0813999422529158e-11,3
0.0,0.0,0.0,1.0,0.0,0.0,0.0,3
0.0,0.0,0.0,1.0,0.0,0.0,0.0,3
2.601464816192165e-09,1.4072178400955616e-07,3.765202179838372e-05,0.9999620030466823,3.6818008625117616e-10,2.0113812537416403e-07,1.0196489721641363e-10,3
7.152037416277327e-05,0.002031596785619334,0.4112251755330249,0.5629284845688836,8.070969049358073e-06,0.02373476366988453,3.880993755244723e-07,2
0.00027738092617942485,0.008367949924604361,0.14918244577040643,0.004872102489333019,3.540647518405055e-05,0.8372621948573891,2.519556903750096e-06,5
0.00043245009988774534,0.04650951692950338,0.9236590283135656,0.004216595987891424,9.848318108182103e-05,0.025080655628399947,3.269859670005922e-06,2
0.0003700916686051181,0.03495532317033548,0.5653757484877094,0.38378557009804154,0.00010183371523659475,0.015408775784588486,2.6570754831866103e-06,2
0.00011272243186356407,0.019824203778356374,0.07940752263425364,0.8636580169701152,2.2018916495772332e-05,0.03697484135207563,6.739168396687628e-07,3
0.00048396245538257204,0.08462881526283805,0.4070872330821506,0.0013878008724617853,9.129673198218801e-05,0.5062835752382928,3.731635689193402e-05,2
3.0430930680353313e-173,1.1016569834322504e-171,2.205225216645625e-170,1.0,7.012763740366356e-174,8.886162763152296e-171,2.2052688122548222e-175,3
8.078218669956148e-10,1.6019007532152094e-08,3.5482521650850164e-07,0.9999989288215777,2.9685380884947446e-10,6.992221579126177e-07,7.364661807463099e-12,3
4.889572198665902e-257,3.223884857930425e-255,1.817654733521468e-253,1.0,6.707587487178855e-258,1.0304334669257477e-254,1.6014340821459898e-258,3
0.0003972912248608597,0.0208469892876135,0.45557033388899143,0.000259959807394146,9.547229845069775e-05,0.5228171794391445,1.277405354496302e-05,2
0.0002774773419488158,0.008307012833921277,0.24158073880566724,8.403868723768745e-05,3.7674206118431316e-05,0.7497093570011032,3.701124003290483e-06,2
0.00046278128561742316,0.02704747492935529,0.2855397413052477,0.00012720480847841018,5.2658917019794026e-05,0.6867464445475067,2.3694206774791124e-05,5
0.00015086785108109842,0.008227717381922926,0.3062161770777989,0.6021450754726132,2.767169538580837e-05,0.08323033013869513,2.160382502846157e-06,2
6.783316819706931e-57,2.4822211251221606e-55,1.6930907574565118e-53,1.0,1.613980553792898e-57,5.0396139529183734e-54,4.887902581439054e-59,3
7.787898655104988e-05,0.005284824641856418,0.9900564583890986,3.0359112381163534e-05,9.57630404023494e-06,0.00453483929245419,6.063273618208018e-06,2
3.4697813824044724e-06,0.00019327544688650693,0.005835362422447812,0.9904156323842096,5.939613353009968e-07,0.0035516352420944686,3.0761644088555693e-08,3
4.246585566181194e-295,2.7329871177099883e-293,1.79039667529209e-291,1.0,5.705727428036266e-296,1.1521372499058497e-292,2.1115252597014343e-296,3
5.640007868553243e-11,1.4728884868479904e-09,8.504131338599344e-08,0.9999998444337217,1.2579163340023793e-11,6.898273465881756e-08,3.62619343072458e-13,3
1.1736203122420938e-05,0.00014288835172621966,0.01080255147613374,0.973634744835714,2.164610052587967e-06,0.015405732208441372,1.8231480956371533e-07,3
0.0008888432684644392,0.04074477541933147,0.6523292147163461,0.00022969666361472994,7.447081971624338e-05,0.30567746442462446,5.553468790262328e-05,5
0.0002222098111957493,0.000708411202506347,0.9441258694562781,0.0019027516525574736,4.727299633469704e-05,0.0529879914111413,5.493469986424252e-06,2
0.05235700575867859,0.33044263254208583,9.018656233232425e-05,7.192447592326314e-08,0.6170529399590597,5.5337555887854515e-05,1.8256974798256153e-06,4
6.747055422343646e-08,1.3893958463060025e-06,4.0086365569635824e-05,0.9999013224532696,2.6050012162734166e-08,5.7107830952070655e-05,4.337959914143376e-10,3
2.7675311182041635e-06,0.00015362691000598563,0.004506200329233588,0.9924032204019607,5.319621534975951e-07,0.0029336152797599237,3.7585768123203876e-08,3
2.254937618685753e-68,1.6980259953416234e-66,1.1426241404555885e-64,1.0,2.457604384084485e-69,2.131247571031036e-65,1.0434612982856774e-69,3
0.0,0.0,0.0,1.0,0.0,0.0,0.0,3
7.625891957075905e-165,5.01667015070064e-163,6.4521043662755265e-161,1.0,8.082946568935833e-166,6.089110647405057e-162,3.431895701121048e-166,3
0.0005155797832941427,0.0068679614840451075,0.27529544393332817,0.01743723901991457,7.664752985057127e-05,0.6997886996139961,1.8428635571297774e-05,5
6.222285095943938e-05,0.00025664100152598837,0.04497590715268935,0.9362544390429051,1.6332765880139716e-05,0.018434068933651175,3.88252388761527e-07,3
0.20165654543578454,0.3838522637916195,0.0005151846386570976,2.028189776387071e-07,0.4115370662501821,0.002436432403803488,2.304660975562782e-06,4
0.00028222357423480685,0.011834462908309392,0.8920123358755309,0.0002831192782694581,4.270806648713199e-05,0.09552975186405446,1.5398433114009064e-05,2
8.214366669143553e-05,0.005194692035568334,0.11366273584092691,0.004737701861448504,2.2391749136329223e-05,0.8762957736517853,4.561194443163015e-06,5
0.0,0.0,0.0,1.0,0.0,0.0,0.0,3
0.0,0.0,0.0,1.0,0.0,0.0,0.0,3
1.5353036989203974e-55,9.241926087551658e-54,1.357554482543411e-51,1.0,2.2543119057381644e-56,5.38519079271567e-53,8.588822557317932e-57,3
3.919668268251237e-56,2.1202774221691316e-54,2.8520952069376922e-52,1.0,4.754458486411985e-57,9.574285687885904e-54,1.723207955360629e-57,3
1.7473258902288358e-19,9.024273706599186e-18,6.723990888670701e-16,0.9999999999999993,2.0235811719463864e-20,4.437402745800893e-17,7.334276203655732e-21,3
3.6785697160719436e-10,4.6408214505272095e-09,5.157063266083735e-07,0.9999994154318703,4.629632170834794e-11,6.380375848289222e-08,3.070045716950049e-12,3
0.000536322001585825,0.004992108499973363,0.6176931882475076,0.00302612755868779,0.00013245885943343727,0.3736163529178397,3.4419149722296752e-06,5
0.00025975014674780656,0.018975561332379078,0.16609541583825854,0.00010813398420601205,2.667999791587798e-05,0.8145251409787809,9.317721711738837e-06,5
0.16138738269612982,0.547982054934012,0.0011470878112372627,1.3685661805466164e-07,0.28816008194713144,0.0013201633128062397,3.0924420651753623e-06,4
0.11246724008570887,0.5855422052610433,0.001252130511669678,1.2793470688182777e-07,0.29913698826175356,0.0015986810056684564,2.6269394491333095e-06,4
0.11651457934055166,0.39915784880647115,0.00012540699674974985,1.0847010748724711e-07,0.4840936571904989,0.00010558236827760521,2.816827343407331e-06,4
0.013055126018492421,0.2762747057073246,0.00019526018321797242,6.378877204786943e-08,0.7101412309237168,0.0003308978967299096,2.7154817463148165e-06,4
0.017222497858277903,0.26119685773552803,0.0003599092795245179,6.515665691546644e-08,0.7208293796646769,0.0003870956583189832,4.194647016783035e-06,4
0.2978888991915709,0.6947304080959802,0.00019096122162548109,1.7561734480953856e-07,0.006853432620303058,0.0003318713086311582,4.251944544439709e-06,0
0.00042942721137375207,0.0902804055966394,0.6449930949753375,8.989471648864493e-05,9.475338892350358e-05,0.26410909909860597,3.325012631265789e-06,2
0.0001336111477335271,0.007247408176276698,0.08718984471008502,0.007237799487322527,4.5921655757571795e-05,0.8981441113078334,1.3035149912128945e-06,5
0.00018890057058908982,0.007042041450649768,0.2579671379406715,0.6784960246371473,4.816144241887032e-05,0.05625304117546788,4.69278305573861e-06,3
2.229707799636478e-108,1.3822762153588236e-106,1.685408380799169e-104,1.0,3.375504945374501e-109,1.5937580500619786e-105,1.0547917009907035e-109,3
1.5538619597619224e-54,8.2198925183448985e-53,1.0864727274674435e-50,1.0,2.0512278387604117e-55,7.984545111050974e-52,3.297401682669112e-56,3
0.00046916394404273193,0.016812242923815758,0.8674221599724093,0.08289933271829311,0.00015036846239857132,0.03223433228422583,1.2399694814752035e-05,3
0.00018407908525095205,0.00917817760548443,0.7055459005044991,0.00021360124264478537,1.975351211833875e-05,0.2848558794509062,2.6085990961781713e-06,2
0.0002702258188132932,0.011344202767282062,0.286231188018516,0.00024100260586560308,2.2559732493352667e-05,0.7018729221598066,1.7898897223102587e-05,5
0.22407974556501453,0.7217446663546735,0.00023398109982686143,2.9398565694267606e-07,0.04983980235878639,0.004096120966493367,5.389669548526761e-06,4
0.12516390980371425,0.5821683882517037,0.00021314582502719427,1.2724518908700042e-07,0.2920388669065277,0.00041219223681133126,3.3697310266078755e-06,4
2.071752549803269e-05,0.002900723252965321,0.011069349139923901,0.9832263323744479,5.1539362632398025e-06,0.002777569156883306,1.5461401812257818e-07,3
7.51874956703809e-05,0.0036488411016657417,0.18158536654341761,0.7895094952412061,1.4226261922931136e-05,0.025166340038181256,5.433179361350903e-07,3
9.034006654733685e-05,0.00380659040286335,0.9699836008379276,0.0001532974306658154,7.851918475488655e-06,0.025953253872044977,5.065471475473395e-06,2
0.00013464075104219173,0.005495174138053125,0.9579149052137715,7.676315376254234e-05,0.0012984213513592853,0.03507917205474536,9.233372658994698e-07,2
4.988981825594934e-37,1.5415113390608796e-35,3.8081864863804708e-34,1.0,1.7136070565007863e-37,5.835121021805609e-35,8.379314303314824e-39,3
5.731133688063411e-19,6.0427978666593744e-18,5.438465531950092e-16,0.9999999999999991,1.1805171412549792e-19,4.773152474999496e-16,4.2498727169223866e-21,3
4.3110738668400705e-17,2.3428750992050846e-15,3.6088901026546536e-13,0.999999999999625,1.2136319690473698e-17,1.1875903218723454e-14,4.45615022062345e-19,3
5.924381228538283e-19,3.1978025889780746e-17,1.4295556479219604e-15,0.9999999999999982,1.4579969572927297e-19,1.4308252328991952e-16,7.82362065398751e-21,3
2.4177976878690113e-180,1.2727902786707261e-178,1.0692268485271962e-176,1.0,2.747315249418901e-181,1.1029349718157e-177,1.0617989798248451e-181,3
1.8938241541838697e-09,6.449375020184234e-08,2.061736919322387e-06,0.9999974324055991,5.010775457736948e-10,4.3891815359673433e-07,5.0676178601387574e-11,3
0.00022033258357580162,0.011304706834942184,0.917039852474866,0.0004794090503535785,6.660559397275242e-05,0.07088586448185845,3.228980431299599e-06,2
0.00018814235750095365,0.00877615624088508,0.12689597907180544,4.05660134719315e-05,2.5498775782696044e-05,0.864067635899284,6.021641270051032e-06,5
0.0002071417059608261,0.007256605983313022,0.8316269325784873,0.0005171363719715031,1.6324959441936237e-05,0.1603705037374795,5.354663346105252e-06,2
4.4710827751848914e-08,2.5070239171343358e-06,9.418155333846779e-05,0.999891710013141,7.663592666970823e-09,1.1548696064347933e-05,3.3911873362303184e-10,3
0.00014903101570521346,0.011146058025793135,0.9515695197681492,0.00014387417945675005,2.829706956801533e-05,0.03695534978750789,7.870153819763529e-06,2
2.840311923131125e-13,1.2838765690795549e-11,3.754110161310666e-10,0.9999999994077691,8.418922116541085e-14,2.0361077544307358e-10,2.3009026327093833e-15,3
3.955454998199116e-19,2.141080928419686e-17,3.3595604460479047e-15,0.9999999999999967,8.669341704590503e-20,7.533403272545378e-17,6.347099005528263e-21,3
3.51067245145855e-76,1.99565651044839e-74,5.507158952899472e-73,1.0,5.845879425824223e-77,2.183058845647044e-73,3.91030086715185e-78,3
1.576658086824803e-05,0.0005471724621622742,0.03424197050068232,0.9643122861144168,3.0732122124798343e-06,0.0008793275683022923,4.0356135541186663e-07,3
0.0003931000003966701,0.010546871000658231,0.3850315265596103,4.260567560351687e-10,9.157570640278496e-05,0.6039343720082833,2.5542985919692224e-06,3
0.000260373700134446,0.008141885655595545,0.20555565420284605,0.0002380821443882099,2.1341156922688678e-05,0.7857756522579746,7.010882138601924e-06,5
0.0,0.0,0.0,1.0,0.0,0.0,0.0,3
1.6748144442777753e-16,8.834712458408979e-15,9.676484591450168e-13,0.9999999999988876,2.2046526887897468e-17,1.3599790937329834e-13,3.544036088214116e-18,3
0.00029378163883141237,0.018787279381245553,0.6393132069554395,0.13063531599057898,6.419391932628869e-05,0.21089397797426343,1.2244140314869405e-05,2
0.00023363866267149167,0.0024284400062496783,0.9273278410260001,0.019273701880218576,2.335672823937094e-05,0.05071118261901677,1.8390776041982726e-06,3
6.174511193360901e-19,7.615463866448738e-18,7.404060593610098e-16,0.9999999999999991,8.771960732208509e-20,1.7573611652431845e-16,5.03786290315537e-21,3
0.00042416481012717963,0.0033000114209497905,0.49501144082851517,0.0030440156387265367,6.988662999062138e-05,0.49814820326525727,2.277406433324067e-06,5
0.15692667076113992,0.00222906568470225,1.8313698307990735e-06,3.4217383091614694e-08,1.4190904128422305e-06,1.1536440603313754e-06,0.8408398252324708,6
0.0008304005809980169,0.09199926651077737,0.6299823358021047,0.24973358192770784,0.00011359900387731075,0.0273360996187892,4.716555745333366e-06,3
0.00043882341664434616,0.13233737844203777,0.7076315519490954,0.00031692121599012575,4.663117578188041e-05,0.15920447380790775,2.421999254266586e-05,2
0.00021086959275503104,0.012605898329811467,0.9311859361532718,0.0012119279673906275,2.379711594068291e-05,0.054683292324918066,7.82785159124079e-05,2
0.00015118625866192707,0.006700043959058752,0.774846155557202,0.0002175727769189624,3.432278152654632e-05,0.21804804442724904,2.6742393824711257e-06,2
8.159754554911483e-05,0.012413480976251482,0.9453378135350757,0.00011836504823718688,1.5936152003773834e-05,0.042030998989428296,1.807753454486434e-06,2
0.0005438500434456337,0.015177284692577338,0.5257051661889247,0.00016119685155022325,0.00013366070315862574,0.4582752975860154,3.5439343280701145e-06,3
0.00045352609883630686,0.10041006006196211,0.747505747557244,4.04247291158489e-09,3.8502125891097946e-05,0.151569688319905,2.2471793688545234e-05,2
6.539001189091696e-05,0.0028451552796978645,0.9921842453064631,3.3320225891429544e-05,6.517502701225081e-06,0.004862248466230734,3.123207124849074e-06,2
0.0004757026973123207,0.05772673327105886,0.8461918002366989,0.0003846659036951908,5.895743040767955e-05,0.09514759221975973,1.4548241067349016e-05,2
0.0,0.0,0.0,1.0,0.0,0.0,0.0,3
7.553430362753394e-69,4.418193364405131e-67,3.62843661080784e-65,1.0,9.212770189113411e-70,7.690964320766461e-66,3.6355966611192454e-70,3
0.00015671713827854287,0.008305291613627154,0.046376397905396084,6.656239314672402e-05,2.9809149120425056e-05,0.9450632599956027,1.9618048284242853e-06,5
0.00015032192978100048,0.008045680100989834,0.05086140840620108,5.294393108939561e-05,2.8877357841611037e-05,0.9408590412850244,1.7269890724856865e-06,5
0.00012772330545172587,0.006501335310072283,0.044714191402922564,4.491697918610221e-05,1.5257926378450858e-05,0.9485957092173449,8.658586439388128e-07,5
0.00019031309869438665,0.0072455992539894746,0.9244286206293738,5.937137723398732e-09,1.2779052926400273e-05,0.06811586724130443,6.814786573740658e-06,2
2.2047263146536005e-149,1.466771762411682e-148,1.298742337783364e-146,1.0,6.141885605220547e-150,5.897162334542366e-145,1.4326272281116664e-151,3
0.00022140968120419423,0.008671658366193586,0.1704115015214066,0.00034759842312770433,4.558951370273811e-05,0.8202890890661108,1.3153428254478557e-05,5
0.22237757983394799,0.7687578976821025,0.00017814385243664082,3.1618357064899394e-07,0.00836522074280265,0.0003123962988950521,8.4454062446602e-06,1
0.24524635725330243,0.5408955031525267,0.0030005443157352218,3.5520021531195264e-07,0.20527863463395438,0.005562705998675592,1.5899445590338486e-05,4
3.919011625964628e-08,2.254948200147445e-06,3.215308098213219e-05,0.9999558579685427,9.791425407665562e-09,9.684700044402335e-06,3.2068891153729584e-10,3
0.0,0.0,0.0,1.0,0.0,0.0,0.0,3
0.0,0.0,0.0,1.0,0.0,0.0,0.0,3
0.0002929383818284525,0.0186269519563426,0.7874919848113502,0.00029528901094105753,9.639264952204511e-05,0.19319430821682643,2.134973189335202e-06,2
0.00020838851479783454,0.009394707759016737,0.9417633089985926,0.0006781786616331648,6.724837987216541e-05,0.047886755855682965,1.411830404298019e-06,2
3.338023034669915e-14,1.02103510110158e-12,8.295347378070244e-11,0.9999999999070661,3.007924120015683e-15,8.922415421890866e-12,4.769366430524803e-16,3
3.4529372255335436e-155,2.2906495960157572e-154,1.6424064565229123e-152,1.0,8.258002408839169e-156,9.638876261923285e-151,2.2373262598943427e-157,3
0.0003976392773759123,0.01478230301181582,0.5931044225244426,0.0007488052360143546,7.58953297531179e-05,0.39087687960574946,1.4055014848683405e-05,5
0.00016608811052849204,0.0063990956732746405,0.26154313694277925,0.00018430492448007527,2.3629516228905635e-05,0.7316778173900709,5.9274426376809575e-06,5
0.9152268863328051,0.08475541720370493,4.5658808669667784e-06,7.662440351415546e-08,7.970379433651785e-06,3.168852625366568e-06,1.914726160224493e-06,0
0.017950729803997503,0.37094405933102614,0.0002587333433395389,9.463545113230392e-08,0.610416978095909,0.00041996128944030267,9.443500836377119e-06,4
0.013672322344828113,0.259223117999609,0.00021021240103199503,6.581057380624105e-08,0.7264692173650195,0.00041849696057598814,6.567118361520145e-06,4
2.0027856216764054e-17,2.745442225135094e-16,8.799915081600591e-15,0.9999999999999516,4.460998311998585e-18,3.929980418917183e-14,1.5105185991128452e-19,3
5.117736964385587e-08,1.815367004001996e-06,5.555356116324746e-05,0.9999036855260887,1.1601435039740985e-08,3.888139750205049e-05,1.3694373464884342e-09,3
2.0924042960390284e-08,7.3801675050732e-07,3.441380612483805e-05,0.9999581281118838,4.774596061864667e-09,6.693809872798791e-06,5.567291342470899e-10,3
0.0004537327499817417,0.01629308281633276,0.7636099774389384,0.00022359295637493543,8.800474446307134e-05,0.2193247460414559,6.863252453130861e-06,2
0.00015190773286632506,0.004471099756118514,0.4324441674845545,0.5048513891099647,1.0452121084615613e-05,0.058069911649695535,1.0721457157444964e-06,3
9.342400319914155e-71,2.7113140937808225e-69,1.1828473443629938e-67,1.0,9.187138839422209e-72,3.401859925913452e-68,8.133235565483341e-73,3
0.0005585957029097563,0.015931635717100323,0.7511684334177806,0.001214072547299997,6.753284948749249e-05,0.23103665415761446,2.3075607807453946e-05,5
0.00018986275964002146,0.0076244225896020205,0.2028697388250903,6.191522049400094e-05,4.432924524935365e-05,0.789197637395032,1.2093964892184374e-05,5
0.00019769185545259217,0.013798728023675074,0.11384224160675077,0.0002068013405417935,2.9458802384183085e-05,0.8719186005258084,6.47784538701435e-06,5
0.977604283407283,0.021297716598418136,5.537554414984266e-06,1.0556331707629921e-07,3.2633323560074533e-06,4.516901018909891e-06,0.0010845766431918178,0
0.019544329636870424,0.2842085820166089,0.00021022323236651472,7.406270796369546e-08,0.6954522900762544,0.0005715520168376529,1.2948958354073266e-05,4
1.247125218208298e-07,7.91014869161456e-06,0.00014394628424303833,0.9998014131801988,3.726407712192361e-08,4.656746168081309e-05,9.485868838610461e-10,3
1.1819002162087547e-05,0.001977027214715566,0.9965977694031377,1.6997924822734565e-05,1.914855384567042e-06,0.0013919240390482283,2.547560729006675e-06,2
8.473356272262772e-05,0.016967094431237364,0.9310321965523229,6.28509925236344e-05,1.2991954554897599e-05,0.051838471723740245,1.6607828983116432e-06,2
0.00010926758536982443,0.008563899630797341,0.9698989696435493,8.119721170450787e-06,2.762961994628346e-05,0.02139060541830742,1.5083808591997538e-06,3
0.0,0.0,0.0,1.0,0.0,0.0,0.0,3
0.0,0.0,0.0,1.0,0.0,0.0,0.0,3
0.0002653925849832455,0.009203106676639589,0.8333982499045528,0.11122905265615227,6.34377440447105e-05,0.045834038975908084,6.721457719423007e-06,3
0.0005800164589744318,0.04402204390060268,0.720406970008395,0.0016748649117593172,9.591974928669115e-05,0.2332004766482226,1.9708322759400236e-05,2
0.00028560942817651305,0.015112782167311425,0.8194124905840207,0.0007491388122630185,8.035181471268478e-05,0.16435777471012764,1.852483387959502e-06,2
0.0001933594318507399,0.010025599933403139,0.18775798577876662,0.00012872465405021978,3.616677072486656e-05,0.8018458467336865,1.2316697517771822e-05,5
7.588442589269804e-05,0.005614811800564955,0.03374474980056329,3.454074368101712e-05,3.057903164120322e-05,0.9604986792983186,7.54899338338432e-07,5
0.00010836685225563008,0.0071436699552095695,0.9510773994973966,5.1937844776053304e-05,2.314443992043725e-05,0.04158954953209139,5.93187835036577e-06,2
0.00015242555598769767,0.019934071358116815,0.08458232658730065,0.00010180538205668516,2.3914401131532082e-05,0.8952015686154228,3.888099983815695e-06,5
0.06923857797288945,0.0008602943314484809,7.658928187551541e-07,1.73321659136788e-08,6.602534792009519e-07,5.215312476656665e-07,0.9298991626859505,6
0.024172128100548588,0.28828936373336356,8.289542943076169e-05,6.342044941647863e-08,0.6873998184560561,5.1914507276970034e-05,3.816352874615241e-06,4
0.00019185104048316504,0.008702597704005666,0.7562417868320306,0.00026554664686736433,3.2259318046872513e-05,0.2345606829188328,5.275539733345714e-06,2
6.306354291640166e-16,1.99435181942291e-14,3.1083659510326175e-13,0.9999999999991547,2.038168284326463e-16,5.136935219997133e-13,4.368752945842999e-18,3
0.0001402399913658796,0.009928687109978622,0.1753368150595365,0.0003678351627572532,7.074628189271263e-05,0.8141543679471712,1.3084472977757193e-06,5
0.0,0.0,0.0,1.0,0.0,0.0,0.0,3
0.0,0.0,0.0,1.0,0.0,0.0,0.0,3
0.00043760667349441947,0.031245876111493303,0.3330942016104391,0.00023426492302355828,9.579287004664011e-05,0.6348763090049128,1.5948806590081005e-05,2
4.6372815131605724e-08,1.1981334578096446e-06,2.813229766433634e-05,0.9999590777720142,4.0448708320072874e-09,1.1540977754641467e-05,4.0142320930790866e-10,3
0.00029849216343004616,0.016990604365534893,0.35476605615702056,0.00022194365650258705,2.916037136327741e-05,0.6276805049035367,1.323838261199907e-05,5
0.06793060457274092,0.0007180924075611419,7.262787592919786e-07,1.726810960476227e-08,6.188678846056292e-07,4.945562332106263e-07,0.9313494460487112,6
0.0004529115021861818,0.060353541417352274,0.9142966600489741,2.1983831239099246e-06,3.281325424529313e-05,0.024839445680847005,2.2429713270991283e-05,2
0.00023144010593999494,0.026204674105650805,0.8803601007853435,0.001508342785639158,6.387987868858578e-05,0.09162459158968919,6.97074904869526e-06,2
5.0411171409188976e-08,4.6504693178772e-06,6.442470055227742e-05,0.9999179627273105,1.2654654686590551e-08,1.2897849176703774e-05,1.187816551832107e-09,3
0.00022030761373297142,0.04043089036573022,0.2352886633047573,0.6016707877232865,5.5872371058926765e-05,0.12233131914284888,2.1594785852669805e-06,3
0.0,0.0,0.0,1.0,0.0,0.0,0.0,3
0.0004408733637854054,0.011064562246538897,0.34108182939230336,0.0011794328150415115,4.2015721638166646e-05,0.646185661523045,5.6249376475772885e-06,5
0.21291511737456265,0.0017789626040538842,2.590215955348097e-06,3.7958418145401863e-08,1.959672585817636e-06,1.2797736026677283e-06,0.7853000524008216,6
0.06526298466099202,0.6835194754669173,0.00045352757321994114,1.6154807373771362e-07,0.2504612275521812,0.00029716077215420975,5.462426461738841e-06,4
0.0003845242670909824,0.036052951253384646,0.8790808145716335,0.0002844287597016107,8.54369741503276e-05,0.08410320193655264,8.642237486493723e-06,2
1.2436655013921586e-06,0.00010082116847122356,0.0037851489222522207,0.9957414222133545,2.5793540951629487e-07,0.0003710771516920658,2.8943319040090876e-08,2
0.0001006626840910948,0.04605238572340493,0.7139561455680573,2.5526019406491712e-05,3.3389504527852956e-05,0.23983138682360436,5.036769079634771e-07,2
0.0,0.0,0.0,1.0,0.0,0.0,0.0,3
0.00015472470197338482,0.029383067844496503,0.09662216420494449,1.5400764373124107e-05,3.2483260071813485e-05,0.8737909605188336,1.1987053071175933e-06,5
2.3073666857026117e-107,5.393008562957247e-106,1.6219141076856096e-104,1.0,8.938381589009086e-108,1.9864323542247533e-102,1.5035681440970813e-109,3
0.00038281094507897263,0.05561833910339445,0.9242073480703765,0.0004197116230642466,2.9750677637552867e-05,0.019323081484454562,1.895809599374868e-05,2
0.00023333397052293782,0.013595944774221944,0.8719587779164901,0.00512908177857435,4.3883951635699794e-05,0.1090325988748621,6.378733692692769e-06,2
0.0005047269694859471,0.03414666842037067,0.8607150664362573,0.0002876751933803472,6.156265446589775e-05,0.10425705792603386,2.7242400005894213e-05,2
0.0004295953632023782,0.08632161517166195,0.2593250395307562,7.177688937776664e-05,0.00010972238579657217,0.6537388520511763,3.3986080287677395e-06,2
0.0002740489841916922,0.05209176068422773,0.8745107638563366,0.00018938791588041083,5.042677176769653e-05,0.07288127041453571,2.3413730600007452e-06,2
0.0008195079980201888,0.05465092887623648,0.4421290259433149,8.223189350473511e-08,0.0006853555054579542,0.5017092369612798,5.862483797214065e-06,3
0.00017466523969311698,0.0036137296613774177,0.04268387458366534,9.384141015154922e-23,2.3476600009455166e-05,0.9535032589506138,9.949646407168608e-07,5
0.0003908603393992941,0.022813110729413024,0.5947699306081727,0.002613546266764941,5.4179518184199296e-05,0.3793146686208317,4.370391723418667e-05,5
0.06630998585749194,0.8176979847625397,0.0002820550193069607,1.5885849420374152e-07,0.11552215920825508,0.00018228481022733401,5.371483684908377e-06,4
0.06447480395215988,0.6545258375131364,0.00036323112236866787,1.618541386848838e-07,0.2800113964718872,0.0006160332246582324,8.535861650990437e-06,4
0.000193290471186183,0.02439623768606009,0.9366196697956849,0.0006152602377387323,4.145771981226456e-05,0.038126665830479765,7.418259037878231e-06,2
0.00011959271597629357,0.01218995266804551,0.9655610096621977,0.00015381684520240045,1.8667476661003758e-05,0.021940050089867175,1.6910542049847247e-05,2
0.00024055498052725206,0.01961660977693032,0.855584984343408,0.005676547844395663,4.524122670444812e-05,0.11882840438605713,7.657441977518645e-06,2
6.360323967631832e-05,0.004551721717422412,0.07530358657333333,0.4536559435272168,2.0731845738785955e-05,0.46640382635883604,5.86737776256471e-07,5
9.3865394361271e-05,0.014370677053286561,0.95936221715901,5.3039737722046976e-05,1.7102681638305817e-05,0.026093688294042704,9.409679939142281e-06,2
0.0002528454463223271,0.008783018496161043,0.05439785583066321,0.00014199112400523786,3.7729228680140786e-05,0.9363849868137606,1.57306040751321e-06,5
0.000247250041787467,0.009744801249126045,0.6892515011911314,9.026855489546455e-05,2.649683944085821e-05,0.3006313752635538,8.306860064777669e-06,5
0.00016963047496996038,0.00952282799651169,0.6716607175308955,0.00013423511919132163,3.7735525091681904e-05,0.31846879948887735,6.053864462589131e-06,5
0.00046375473390024654,0.021743616248861633,0.3794345061953543,0.0008967083982146898,0.00017854921072762322,0.5972753095969311,7.555616010364805e-06,5
0.046223686116070015,0.00043803702140857625,4.554255001930516e-07,1.082826305123381e-08,4.0648588067908523e-07,3.1011993260426964e-07,0.9533370940029448,6
0.09256499189921784,0.8831358889798161,1.7362542452092956e-05,1.2884421475696105e-07,0.024262944969112188,1.2205396027851613e-05,6.477369159203216e-06,1
0.15753434833819696,0.8266646470599814,0.00012895816282063776,2.1917668628992318e-07,0.015558065669370933,0.00010077682308743302,1.2984769856011181e-05,0
0.00035844014695125945,0.04738627525650402,0.9002905905201669,0.0003501023338211054,7.687968832906704e-05,0.05151177005131628,2.5942002911325427e-05,2
0.0,0.0,0.0,1.0,0.0,0.0,0.0,3
0.00016258732954502417,0.010524419790308862,0.9521477759003908,0.00020463473108237412,3.0213556732260574e-05,0.03692833953471624,2.029157224572396e-06,2
0.0005777588936286751,0.045383085445794225,0.4042289895617357,0.007794428955106585,0.00016621178450838633,0.5418454431312058,4.082228020683276e-06,5
4.649584547322393e-07,1.6340672032895444e-05,0.000722533808623272,0.9990796340071837,3.870163614149173e-08,0.00018098292273053675,4.929338540972782e-09,3
0.00022660147896106143,0.007171153199148865,0.05944540023810365,0.0017096669271697835,3.8827527524853714e-05,0.9314057953051988,2.5553238928863693e-06,5
0.0005681178459212401,0.08481569903780115,0.5333328638712924,0.0003558016013658037,6.121561321093167e-05,0.3808342055704379,3.209645997052825e-05,5
0.2103327416217728,0.0021282865998032215,2.6294694358918543e-06,6.233655055097057e-08,2.047478535485516e-06,1.65639498124524e-06,0.7875325760989208,6
0.06663555022224618,0.707765676177611,0.0015196531830247912,1.482436481380156e-07,0.22357779544854317,0.00049235822675027,8.818498176725777e-06,4
0.02213873985436387,0.3061703895307178,0.0001352291392107043,7.614280335913998e-08,0.671230769689505,0.00031772656938702706,7.069074012323411e-06,4
0.19909654794862322,0.7753094233294041,9.374622868115109e-05,2.422334186876567e-07,0.024760141778845883,0.0007338476674330203,6.05081359397424e-06,1
0.0,0.0,0.0,1.0,0.0,0.0,0.0,3
0.0,0.0,0.0,1.0,0.0,0.0,0.0,3
0.0004283403329190851,0.06679756051514651,0.4491654537860577,0.00022331512793094828,3.6446781056735676e-05,0.4833321793282284,1.670412866059266e-05,5
0.0001836192051161928,0.05898055930186345,0.8945429689442916,0.00022925332388645526,7.975314690117069e-05,0.04598173550737593,2.1105705649578343e-06,2
0.00016057353064350392,0.031112582198577852,0.9073759444954224,0.00229376102314418,2.2283512261560356e-05,0.05902888302131726,5.972218633233927e-06,2
7.492797638676244e-07,0.00015354083928867583,0.0006282339405629142,0.9987431918499797,2.42749511474969e-07,0.00047403389702569364,7.4438675971603315e-09,3
0.0,0.0,0.0,1.0,0.0,0.0,0.0,3
2.4734807103299485e-22,3.3372001256441014e-20,1.793066198184009e-18,1.0,4.6342669772590675e-23,5.687995382351829e-20,3.4664269963474754e-24,3
0.00011665972181536334,0.0027629469308862657,0.0366103679530638,1.548928696410995e-41,2.554959590345794e-05,0.9604837155990854,7.601992457796056e-07,3
8.953530940519919e-05,0.006165840281491819,0.08172576615009716,0.00015332837837519315,3.385220266071977e-05,0.911830882872918,7.948050518263594e-07,5
0.00046775665303194617,0.02817983785211696,0.4384925168925961,1.2451588974640184e-05,0.00013590309735520638,0.5327080751794087,3.458736516516277e-06,3
1.542023244193949e-22,1.6522903819956978e-20,1.1637404422787337e-18,1.0,2.889105772642414e-23,3.622575331383135e-20,2.161048186204042e-24,3
1.104124944953266e-05,0.00025807124831741873,0.004219215554597422,7.621705508114391e-176,1.7045208154956714e-06,0.9955099078761714,5.955064877570775e-08,5
0.4265882850712689,0.08630685743461822,9.023879592005814e-06,1.2423538516208427e-07,9.185382515053873e-06,6.568465890458116e-06,0.48707995553073025,6
0.12860595329069055,0.8698701227503493,2.5745656791732588e-05,1.5346896486793543e-07,0.0014829750693904865,1.1236646137144415e-05,3.8131176759007177e-06,1
0.029065661901231204,0.3301027480147732,0.00016180449765406491,8.430665234448748e-08,0.6404018340730413,0.00026430950360456826,3.557703043298902e-06,4
0.00019422422357822928,0.018100107054415063,0.8680483442815649,0.00030216585853251815,5.880966633997616e-05,0.1132819916927505,1.435722281910337e-05,2
0.0,0.0,0.0,1.0,0.0,0.0,0.0,3
2.754420902887686e-54,3.4197869152238054e-52,1.2511740255145068e-50,1.0,4.747085136727281e-55,6.838100042177351e-52,7.337643751259423e-56,3
0.0002490947235088285,0.027063346458688093,0.941989804687541,0.00025998290096086366,2.750210899009439e-05,0.03039836848825268,1.190063205832525e-05,2
0.0006638504632860495,0.05226923308421971,0.42600206558896186,0.017132414223190826,0.00019179142222766033,0.5037359096647052,4.735553408662684e-06,5
0.0003564209757241599,0.06980429202121118,0.3627650793203715,0.0005748829071259093,0.00010097755255524583,0.5663956932842914,2.6539387204865793e-06,5
0.0002498138450929394,0.016575161624693417,0.1514831042909885,0.003915793272889389,6.351460379129153e-05,0.8277108353613768,1.777001167552864e-06,3
0.0003013475467066624,0.030283872138060542,0.2571001281163757,0.00019202956087035512,4.853171199272971e-05,0.712064819235554,9.271690440029876e-06,5
0.05226025153302666,0.3864047879051575,0.00038920981695341644,9.51813700378921e-08,0.5607330383760998,0.00020765183325743188,4.965354135069117e-06,4
0.0,0.0,0.0,1.0,0.0,0.0,0.0,3
2.968989113704145e-20,3.3718717655153553e-18,2.8460463168993726e-16,0.9999999999999998,3.89363795543416e-21,9.63495459440336e-18,1.6508203988461888e-21,3
0.0002616092397893338,0.04290522327619759,0.264467822161658,6.15162054917632e-05,7.123109472693686e-05,0.6922306705711104,1.9274510258630443e-06,5
0.00024802308144667546,0.009054140713585738,0.5514713283268617,0.00019673891321633706,5.505719701614981e-05,0.4389697658162909,4.945951582701115e-06,5
0.0002544450976751589,0.00921773260983446,0.4050997611253241,0.0002307035811283735,6.0227995091725895e-05,0.5851330729290327,4.056661913368344e-06,5
0.12963770315448248,0.8408991169099745,3.725832887899636e-05,2.226844373960082e-07,0.029403476480054033,1.5592159217141813e-05,6.630282955484634e-06,1
0.02551532430427158,0.29066209036682233,0.0001407983963292388,7.565080867440025e-08,0.6834351166220505,0.00024260820418016223,3.98645553747614e-06,4
0.0007271809024768617,0.08912227842129611,0.7650171597213694,0.0004981469149812926,0.00014427084361028143,0.14448064930844717,1.0313887818863781e-05,2
0.00018415997358128353,0.014851703251963506,0.7936147270727223,0.03331276827374297,7.493246355480184e-05,0.15795950654791802,2.2024165171563025e-06,2
0.0004219942320583185,0.019590295105446676,0.48463241459688455,4.796108086895624e-21,9.992725902257133e-05,0.4952427586988971,1.2610107690989126e-05,3
0.0,0.0,0.0,1.0,0.0,0.0,0.0,3
0.0,0.0,0.0,1.0,0.0,0.0,0.0,3
5.859970055299327e-05,0.006668784308898618,0.960975133069007,4.131672527797466e-25,9.065662775504045e-06,0.03228684727301657,1.5699857491133015e-06,3
4.5334898468021605e-11,2.7917249573770646e-09,7.635191747942141e-08,0.9999998762393167,9.338226544953923e-12,4.4562027240889736e-08,3.4037214072236565e-13,5
3.791357333543845e-05,0.00267528144010703,0.9529726733304211,0.03233843048392573,3.961280223046956e-06,0.011966960818759883,4.779073227437556e-06,2
0.00021081458501424763,0.013611955096328746,0.15528902361502803,0.00012588040054628327,4.153335698197886e-05,0.8307189522409328,1.8407051678744766e-06,5
3.480745478726191e-05,0.005355200528281162,0.04493327162801748,0.9435541659521269,8.745173163754462e-06,0.006113014398271335,7.94865352077954e-07,3
0.0,0.0,0.0,1.0,0.0,0.0,0.0,3
5.598566728003418e-10,2.3610971215452038e-08,4.340596921193183e-07,0.9999985138136837,4.98807769329476e-10,1.0274515710017204e-06,5.417715853058229e-12,3
0.0002093732151566866,0.031852066208532336,0.13598543011788672,5.889753701956819e-05,4.6577878139251166e-05,0.8318458269232655,1.8281199999865352e-06,5
0.0003320225640615294,0.014025538511185662,0.7526003396909734,0.0002903490195824452,3.467871181034157e-05,0.23270195151443718,1.5119987949488796e-05,5
2.5078035164461946e-09,1.5150954924965538e-07,1.8294974227791015e-06,0.999991299381751,7.335008237999553e-10,6.71635137654718e-06,1.859597678811119e-11,3
0.000260876488017525,0.019119125029797075,0.10311725560428177,0.00027203583043428016,5.383068940332335e-05,0.8771718339248916,5.042433174548423e-06,5
0.0002997822200371437,0.02517015014555163,0.22982934670819322,0.00026599647956348425,3.632742212764886e-05,0.7443904596555047,7.937369022326775e-06,5
0.5685337208868214,0.21973167923125328,1.1351585041947905e-05,1.363165705594926e-07,9.068344294867181e-06,7.165338834179749e-06,0.21170687829718382,6
0.00010730740849136935,0.0017099736857709232,0.10689963092881202,0.00040303754465365884,2.9504927473915174e-05,0.8908468851340009,3.6603707970625487e-06,5
1.2607358336646997e-119,5.3900687440265675e-118,6.410441030740092e-117,1.0,6.680883048324163e-120,1.1365187907005674e-115,8.208805760244658e-122,3
1.4027992830603423e-09,7.057148619232837e-08,1.2682409961352375e-06,0.9999949487723764,1.1600992189857287e-09,3.7098361089789043e-06,1.613383664864238e-11,3
0.00016606817993448456,0.038559042968777525,0.13516725818746092,4.4822065649975465e-05,2.368741512006316e-05,0.8260361378050856,2.9833779714935978e-06,5
3.7742308123645327e-06,0.00023878957038258537,0.009163594579920739,0.9895633600973175,4.833614823365839e-07,0.0010298417949523941,1.5636513205321144e-07,3
7.584151392205053e-05,0.005636967221740066,0.9710472109759769,3.646098725356714e-20,2.0021831129604088e-05,0.023219011673503036,9.467837281291503e-07,2
0.000398651644009404,0.11718754052147927,0.49597196426059076,8.056611966085078e-05,0.00013913339919049755,0.38621886614760864,3.277907460637709e-06,2
5.594314709694759e-05,0.003992405115715729,0.0800915791787892,0.8947268692385294,9.147885192592698e-06,0.021123509853631713,5.455810444562488e-07,3
0.0005150843904604982,0.051706901812986095,0.16922062586578288,0.000707302581593705,6.68203304085501e-05,0.7777651482966231,1.8116722145105366e-05,5
0.00020635131174651997,0.037320912373751215,0.8604471777168666,5.061430603051999e-16,5.688424538035421e-05,0.10196718450838806,1.4898438664664752e-06,2
0.00016222348833122756,0.012902610633216929,0.8416478895660714,0.0007617225025203763,5.390511026608024e-05,0.14446962043563377,2.028263960431957e-06,2
0.00010112165117414118,0.03137925861438568,0.9134460743052749,8.268117595442023e-37,2.5355157215381532e-05,0.055047242930177806,9.473417720955907e-07,2
0.0004130926286561015,0.10350460837374754,0.8174467700910852,0.00015160963095370416,0.00027922628868814635,0.07820259216766862,2.1008192005741495e-06,2
0.1541478444414942,0.0014984662830878806,1.5828566331641544e-06,3.0602644100016617e-08,1.5139600239121253e-06,1.0317726081475501e-06,0.8443495300835084,6
0.19869671477096879,0.8012115430425636,1.7516890037914798e-05,1.4124762221867474e-07,0.0,8.156748157518193e-06,6.592730065006282e-05,0
2.0096868024514503e-07,2.0131180523889553e-05,0.0015600160151718883,0.9981759592854396,4.216878015195259e-08,0.00024364016466344728,1.0216740649455633e-08,3
2.2761850132566668e-07,2.2948468804126488e-05,0.0017433417120898682,0.9980468592487294,5.0963218428511805e-08,0.00018656448500663187,7.503650329785854e-09,3
0.00043114188984711414,0.20860806253266584,0.13805502790514787,3.737927587361335e-05,7.296479332181615e-05,0.65278770815122,7.715451923766233e-06,5
0.000629422273211532,0.048653504514881,0.48167009689137147,0.0009974296982956064,7.630921573613104e-05,0.46795412378686124,1.911361964307034e-05,5
0.3053472941381185,0.6933239039064436,9.255081339794958e-06,1.407150315182809e-07,0.001295278903385364,8.100007005569851e-06,1.602724867584361e-05,0
2.854216874990673e-07,2.8854803720346656e-05,0.0018023878220736085,0.9976242834115858,6.39052085816065e-08,0.0005441099916726285,1.4644051587133204e-08,3
1.6738370934584187e-07,1.6969628134512594e-05,0.0010596746621605105,0.9988069867924957,7.064716590008339e-08,0.00011612535275399273,5.533580072255883e-09,3
0.0005719715750634852,0.2740418236779986,0.5138487153154992,5.040403791391184e-05,0.0003974688525225028,0.21108660047112413,3.016069878042378e-06,2
0.00047035547762053773,0.026760618012810725,0.4903487888866674,0.0009512562043303131,5.741849942247917e-05,0.48139909131243436,1.2471606714347183e-05,5
0.024364628583305736,6.594999201900873e-05,2.102322927399636e-07,6.497074711307398e-09,2.1761081157406727e-07,1.761265156955759e-07,0.9755688109579805,6
0.8163069521558772,0.18363991487350248,1.520480981353604e-05,1.4772812040638412e-07,7.037873419424827e-06,7.632875557382593e-06,2.3109683709673192e-05,0
0.0002656202752027894,0.01977532724193138,0.8861780757360461,0.0006181191970837404,9.671918347630627e-05,0.0930630313515088,3.107014750763336e-06,2
0.0003271764862694771,0.09013560144867779,0.24955041385883028,0.38192165779925624,5.774720077508079e-05,0.2780010136721475,6.389534043500976e-06,3
0.0003314580046027911,0.07821970967860213,0.37393244858902847,0.02562533400105284,7.775983683029667e-05,0.5218084726319026,4.817257980811883e-06,3
8.731281068575887e-05,0.0060545070646224105,0.03676754488102982,4.551722829224846e-05,1.8110049691322184e-05,0.9570235079627529,3.5000029256986517e-06,5
0.0003046158162119361,0.051841293837467134,0.4480690844410504,0.00013279184604944887,6.594780757631462e-05,0.4995820751204682,4.191131176841282e-06,5
0.00046162281138546085,0.08215410933664644,0.5783925019865128,0.00025464147528704594,0.00011400237925386269,0.33861901560295193,4.106407962504293e-06,2
0.9516731868287868,0.04581789604659192,1.6081819440587428e-05,1.5641055018210043e-07,9.836690779602082e-06,7.217991482600196e-06,0.002475624212368428,0
0.0003325150143154622,0.014444602095734628,0.8233926234600855,0.0045687218215456895,5.751985298670702e-05,0.1571988191306421,5.1986246899016485e-06,2
0.0002033222674264952,0.011346997703173404,0.22202310473596143,1.3585417660559446e-08,4.4624087634348195e-05,0.766379438220752,2.499399634664041e-06,5
0.1328711577154036,0.8670679540956264,2.635701659284252e-05,1.912806858097432e-07,1.2218180272781222e-05,1.832851713805839e-05,3.7931942803768885e-06,1
0.00021560970035336218,0.020212541515953364,0.8371529420668276,0.0006064186096866527,7.976318533553026e-05,0.1417300291754431,2.695746400504916e-06,2
0.00046026440457469915,0.09506242648489034,0.17410661459083893,0.0002213460049916564,0.0002122310806508529,0.7299337281307318,3.389303321937414e-06,5
0.0012152688132524535,0.44995350874071,0.19320314717545212,0.00015762312239081853,0.0003001199535155111,0.35516049256042903,9.839634250283128e-06,5
0.00032008595898662384,0.02008600826440057,0.25566602187541093,0.07514266532650817,6.064401869771431e-05,0.6487222077419965,2.3668139995339725e-06,3
0.9133940862918901,0.031434558538481976,1.64737263254537e-05,1.9078983452087397e-07,1.8605398891194576e-05,8.628435442667884e-06,0.05512745681913386,0
0.20557587946580633,0.6158513060676535,0.00013189880903361086,1.9290617932041015e-07,0.17834033265738486,8.842190566189746e-05,1.1968188280484138e-05,4
0.00034283866536256646,0.07365740163283414,0.1848921138055377,1.4332852151242288e-27,0.00018719466616569857,0.7409179266285539,2.524601546095339e-06,5
0.00019116683135227526,0.04229691613569162,0.952502319942832,0.001650259489606773,1.783699831608931e-05,0.0033344533215908835,7.047280610348864e-06,2
1.4443971504995225e-07,5.987054204897182e-06,9.898808620553882e-05,0.9998331120184826,3.68627083451194e-08,6.173059553435118e-05,9.43149162936903e-10,3
0.00025307374106801184,0.018315781671148543,0.13024370197730029,0.00017082175424707317,4.3508944349204985e-05,0.8509690341752357,4.077736651139561e-06,5
0.00019264248399308961,0.010987359566566544,0.11806256938636163,0.00020384009900733334,2.811363419371543e-05,0.8705193051039593,6.16972591843388e-06,5
0.01358508999826371,5.253837689788995e-05,1.609751926002911e-07,3.393425332941877e-09,1.3435939936903914e-07,1.1440982991144612e-07,0.9863619584869913,6
0.00015130064262942249,0.006071160490384667,0.5619089233603956,0.00017334280638164684,1.2914042483641315e-05,0.43167319816877764,9.160488947317474e-06,5
0.00023814726238155276,0.02129875506358531,0.1994809776976058,0.00012871353530644435,3.1592651823055856e-05,0.7788050858639091,1.6727925388833376e-05,5
0.0002162546663554238,0.01885064786443433,0.2382466331195456,0.0003436264448906109,3.0025718093710344e-05,0.7423101921783687,2.6200083117051936e-06,5
0.00026639737488767546,0.019617242778458752,0.40957913622260683,3.934846530221222e-05,3.192424317502364e-05,0.5704566441467124,9.306768857061576e-06,5
0.00046970475511587845,0.023202811672318788,0.5423762645157933,0.0011797833171037937,8.897743692603314e-05,0.4326758010417891,6.657260953010292e-06,5
9.161833661439016e-05,0.035285883970698206,0.8755075757533957,4.477016769562772e-05,2.8536876864838165e-05,0.08903997591558045,1.6389791509798063e-06,2
0.0001779476766783838,0.05001546354913687,0.8945229614427789,0.0,6.021622019147857e-05,0.05522157229916495,1.8388120494482423e-06,2
0.00010374340224962949,0.005627013545365744,0.07493822324642334,3.5516210647843813e-189,2.482302154750314e-05,0.9193054274841693,7.693002445566563e-07,3
0.00013096029373451044,0.02032450107335163,0.7941415444484545,0.00017216977167364912,4.071416654655396e-05,0.18518847399696678,1.6362492725115574e-06,2
0.01101086830499956,8.610066207354301e-05,1.234972897075224e-07,2.794745508359072e-09,1.0047115234034064e-07,8.409492034300251e-08,0.9889027201748191,6
0.03840335764890786,0.00022904244375748564,8.734522309752302e-07,1.4006842144119515e-08,7.719180849710346e-07,4.722427252925309e-07,0.9613654682874513,6
0.0002708447405847771,0.02256625903164923,0.20382842573719082,0.00019562872983038926,6.049700709518884e-05,0.7730674853316416,1.085942200806063e-05,5
4.0638654607566674e-11,1.6844417347710695e-09,2.8360622181082625e-08,0.999999940168766,9.840278035467334e-12,2.973538979771158e-08,3.013455690712569e-13,3
0.0001608172509934739,0.026242028555036462,0.48153064750950086,0.00010115791542962253,4.220980977732529e-05,0.49192172680522317,1.4121540392085832e-06,2
0.0006528968282843639,0.028555776096610336,0.22305154494167204,0.0004170663686870489,6.919453157042718e-05,0.7472322450394472,2.1276193728497695e-05,5
0.00037458204920987244,0.05488491719385306,0.8415928378804718,0.005338515395428085,0.0001472387417563619,0.0976587731556975,3.135583583322228e-06,3
0.00034394684470184176,0.1521214779259009,0.22135912798237986,0.0014766022689533596,0.0002347483198077747,0.6244620464047678,2.0502534886584194e-06,5
0.00029910221341596126,0.021168578492441754,0.3732189409215122,7.6934461235565e-05,7.072173789664922e-05,0.6051614392364064,4.282937091488961e-06,5
0.00047970903705491115,0.09488583502182325,0.2879182252700722,0.00016811913006136917,0.00035149527298614265,0.6161939717175128,2.6445504893883827e-06,5
0.00022249009819684813,0.04241541960518306,0.22345390363549214,0.00014166374087752626,5.264990713781824e-05,0.7337104880756262,3.3849374864226832e-06,5
2.575245434222548e-06,0.00010654008707840088,0.00247697459198147,0.9959587673188561,5.304572434543238e-07,0.0014545929645928858,1.9334813376721755e-08,5
0.013362767646576942,0.00010958960183931695,1.7942316364749288e-07,3.739103628479568e-09,1.576424667341266e-07,1.2606442405047756e-07,0.9865271758824258,6
0.02640488731802648,0.00016358902936024038,2.435507552455654e-07,4.6156120040734255e-09,2.3315471563892635e-07,1.5561603174143403e-07,0.9734308867154987,6
0.0004411911997166787,0.12360574763548947,0.8662426492762787,0.00014069863581665735,4.168337876482635e-05,0.009510688989233016,1.7340884700588633e-05,2
0.0003896745471495825,0.14976598851877865,0.2477932631845118,0.00013088832862197307,0.0003562308505641508,0.6015617810604476,2.1735099261586538e-06,5
0.03899806990108856,0.00014692366587283132,5.630052693644675e-07,9.86946592275377e-09,4.246968991220437e-07,3.4739824191938997e-07,0.9608536614631622,6
0.2504134742461168,0.7495271884873473,2.1078783481496735e-05,2.6467202454560456e-07,1.6475952283966947e-05,1.543742413501389e-05,6.080434610763672e-06,1
0.00021454219311007377,0.007735670496098918,0.2107789521600727,0.0003118033346903378,2.5521947555053354e-05,0.780931976237462,1.533631010855654e-06,5
0.00025707759095933293,0.00980726487696906,0.0824282053504028,7.165942563714395e-05,3.45830152090759e-05,0.9073996910650017,1.5186758207837817e-06,5
0.0002866321419268782,0.08434528140327882,0.1293032999876325,8.115974349417131e-05,9.825100067449298e-05,0.7858816281143969,3.7476085963308936e-06,5
0.0001668076386996045,0.004229708030518842,0.03825820330361794,0.0006037051124703529,3.948063110112248e-05,0.9567010258367341,1.0694468581028266e-06,5
1.3518142103396596e-20,1.1598360369822595e-18,6.050487428683029e-18,1.0,2.7242280525497785e-21,9.922492916486238e-17,1.5751058352200078e-22,3
0.00027178978146254814,0.08526109789834048,0.09430538814656714,9.915502681782642e-05,5.960863252126907e-05,0.8200006529672019,2.3075470888550595e-06,5
0.00047284030095244415,0.030607365499667857,0.726493957308107,0.0007029377535341,0.00011269292992590575,0.2416018877461156,8.31846169698982e-06,5
8.631342662267338e-05,0.009901215560776047,0.9511820505446292,4.721140915851227e-05,1.160225556802359e-05,0.03876727124637931,4.335556866061175e-06,2
0.19240174294801834,0.8075431739203063,2.552949337962512e-05,1.9050409921970014e-07,1.4116259764066143e-05,1.0226062032280405e-05,5.020812400146037e-06,1
0.00010094559006605529,0.006183992517683648,0.02835568252704808,0.00010438988358486273,1.61400610933781e-05,0.965235751405702,3.0980148220497056e-06,5
0.0005304142936527479,0.03924570414937797,0.8767633180219511,0.0004698873590983104,0.00010626016474325197,0.08287718027368515,7.235737491615609e-06,2
0.0003676072110466435,0.0865210970973169,0.9104709409354225,4.8689666635434204e-61,0.00021987316162590698,0.002419702030911858,7.795636761704159e-07,2
0.0003026887601200692,0.08361237068673934,0.4236376071884886,0.0002760526774309528,9.938265322002833e-05,0.49206933533301456,2.5627009865127866e-06,5
8.688098480412309e-05,0.006388131954258048,0.04768267079966717,0.7240382954187311,2.3194214952772055e-05,0.2217800577768504,7.688507363557369e-07,3
8.836488949257342e-05,0.009133632550694328,0.9608933355443002,3.677099663896075e-08,1.1182874865095776e-05,0.02987024382349411,3.203546156997824e-06,2
7.860969175524826e-05,0.010312511985736943,0.962085369116775,0.00010503510282937476,1.1286713479720004e-05,0.027403913748843798,3.2736405797555617e-06,2
0.7572454356147692,0.22370077198766672,0.00032710256097218826,2.2154034350501244e-07,0.018421159601982415,0.0002973207419599111,7.987952306060737e-06,0
0.00010758352782811068,0.005567893815771509,0.019359037713009664,8.243855054381012e-05,1.573535579243211e-05,0.9748660127048289,1.298332225696453e-06,5
0.0004087034753454804,0.03617387085734585,0.19471493525792713,0.008314899763436153,6.279210963897537e-05,0.7603200364083161,4.762127990425653e-06,3
0.0003553011373914687,0.03598988147926781,0.24929107115189494,0.013302494577288602,6.39878189208614e-05,0.7009920940782811,5.1697569553067825e-06,5
0.00016879178080018368,0.04443529069948181,0.31270413778272615,0.00012993599021605794,5.051359875703719e-05,0.6425100275942514,1.3025537674102095e-06,5
0.00018877615609343623,0.014477775196209563,0.10867305854737942,0.00700997623495255,4.418639513076841e-05,0.8696045680649833,1.6594052509275213e-06,5
0.00022138057515925982,0.014125582598101014,0.06595480743229572,0.00011814370250842179,8.29418795837285e-05,0.9194943381124855,2.8056998662763807e-06,5
0.9648150142232029,0.034398435838027,1.6506135695163826e-05,1.2685061997185969e-07,1.0369634567342177e-06,7.2462325720204204e-06,0.0007616337564260986,0
0.000981657790826639,0.03826037155814207,0.6537636741172591,0.11630265104707341,0.0001918244769679302,0.19048633804838758,1.348296134320055e-05,3
0.00011852311554711527,0.043898854806111304,0.9495693838200622,7.42333244657994e-17,0.00012066533738238301,0.00629179673405242,7.761868444383551e-07,2
0.00042836076203374635,0.07647418087330911,0.8589540310952348,7.758486660094615e-05,0.0001571264653945021,0.06390813383731277,5.821001138889926e-07,3
0.00021941791975663854,0.014000351868253142,0.05522698597021196,0.0001167339878228712,8.220655613472462e-05,0.9303515228719617,2.780825859165686e-06,5
0.022846239396011492,9.779370625058016e-05,2.679811435583478e-07,5.006969808203092e-09,1.992149600686012e-07,1.7225566508000555e-07,0.9770553224389995,6
0.00047473472306431067,0.06217587979428908,0.15706808923278498,0.2216329615099151,7.022498824131534e-05,0.5585710548914183,7.054860286856477e-06,3
0.00011047361429318625,0.009110909938145733,0.9541347824080079,9.544214103227251e-07,1.586365194886264e-05,0.036625921301648,1.0946645461331684e-06,2
0.0003156636176575981,0.014461446364033924,0.05857714418931132,0.00028477482584430403,6.510737112477535e-05,0.9262927138749815,3.1497570466157867e-06,5
4.3459914468781466e-05,0.008239771013639286,0.008638316452465648,0.8463257206322751,1.155669791665214e-05,0.13674070497218715,4.703170474677005e-07,3
0.3927969408509114,0.6057181084317891,3.144528217143436e-05,2.2133465810841515e-07,0.0014307155052172278,1.7887220548172173e-05,4.681374704563128e-06,1
0.0002165160798159433,0.012445274758305676,0.06255446315780835,5.362096268556495e-05,5.7944692520209166e-05,0.9246699614191608,2.2189297034155695e-06,5
0.00014670340993538496,0.08620503181523265,0.8794609464684564,7.926443613880319e-05,0.00010792219797416701,0.033999138239090405,9.934331720848072e-07,2
3.2809103525977935e-05,0.0062204333239320175,0.006521306409442885,0.9350466243932657,8.724474104482161e-06,0.05216974724025108,3.5505547788144865e-07,3
0.22920356410994244,0.769549510319234,1.7765185732671024e-05,1.5299326597327715e-07,0.001210120986994667,1.5606912240346497e-05,3.2794925897416525e-06,1
0.00022226372534016485,0.013229606334191896,0.11926163417831694,0.00015964250811151772,4.606753800037781e-05,0.8670734499436584,7.335772380761486e-06,5
0.00022664682624911567,0.03763763172078676,0.06212679551177362,8.360135689907015e-05,3.107474677523834e-05,0.8998908903640961,3.3594734200144228e-06,5
0.0007147249416400588,0.11514248854428451,0.3269046991671398,6.423625974641559e-05,0.0001376295977023537,0.557032037895764,4.183593722711955e-06,5
0.0006436289993347433,0.10368890235258076,0.4177105730158197,3.8704207323395214e-05,0.00012393914789757003,0.47778709161756244,7.160659481395509e-06,5
0.7335687143209574,0.2597342614620587,1.608385658675138e-05,2.0337149297347417e-07,1.3922425166637157e-05,1.0532038181496896e-05,0.006656282525556047,0
0.00013757205693132899,0.01042554180122033,0.901960758854082,0.02968111009955538,2.29299376292554e-05,0.05776938474485091,2.7025057310614367e-06,3
0.00032553834396881795,0.05425561645540506,0.044058548952020944,6.728964093600071e-05,6.597023269434576e-05,0.9012243485620667,2.687812908298901e-06,5
0.0002529204289714288,0.06083484557743421,0.15112097853074322,0.00010338177707958504,4.3774606802424624e-05,0.7876419113545646,2.1877244044936028e-06,5
0.7003576107556324,0.2995746494120323,2.200343426599438e-05,1.9993430052794573e-07,1.2488117724535362e-05,8.25434293916078e-06,2.4794003104997342e-05,0
1.427006703477721e-10,6.764676632526661e-09,5.8719903852742324e-08,0.9999996700056962,4.693765238504698e-11,2.643189737171922e-07,1.111478656610054e-12,3
2.7868038114728443e-08,3.2935418056804417e-06,2.8144753419234556e-05,0.9999150316129101,8.537761455862008e-09,5.3493433352842866e-05,2.527122728594367e-10,3
0.0002807403916569024,0.06605702108811186,0.17402410805500929,0.0005983986334463598,0.0001333759385838185,0.7589042737891082,2.0821040836689587e-06,5
0.00014911711707542587,0.03812960777430108,0.0973964824343521,0.00016146768275044623,3.0929649973733975e-05,0.8641296502730846,2.745068462741936e-06,5
0.277876910245587,0.7220762140951733,1.6563255927167954e-05,1.9870958268288106e-07,1.5599868309894758e-05,9.274916681611943e-06,5.238908738213329e-06,1
0.00023168227106535209,0.010332096235395816,0.20631926317053592,0.002901461946835676,9.128239637225161e-05,0.780121421363244,2.79261655101362e-06,5
4.551963304976337e-23,1.2600486113975803e-20,7.901099415581367e-21,1.0,1.1197429467070439e-23,3.972257717555049e-20,3.7263267228988363e-25,5
5.238499020968009e-08,1.182577195501483e-05,2.8036098209359472e-05,0.9998533292310342,1.6003191771105747e-08,0.00010674003693517168,4.736842305080832e-10,3
0.00013467570985186374,0.015352687740163923,0.10714430323516265,0.47134528203318504,3.776194881439522e-05,0.40598406806978954,1.2212630324211926e-06,3
8.080626756149499e-05,0.006274395630019882,0.9720968596655393,0.0045069949918654,9.791083667985055e-06,0.01702802753584849,3.124825497551744e-06,2
0.0002269764431149649,0.016626144958707376,0.2861662213554154,0.0005142611474225909,5.013772412678573e-05,0.6964078651147175,8.393256495474673e-06,5
0.0001443922280239854,0.029750937444930833,0.11258726819086959,0.0004602879383834685,2.939685568896555e-05,0.8570256839781316,2.0333639716516336e-06,5
0.21029326360221895,0.7896536869530422,2.161130487392022e-05,1.5937171932357333e-07,1.4127901777596934e-05,1.1733808285910714e-05,5.417058082106807e-06,1
0.3073142349428069,0.6924518194382477,2.698015412627091e-05,2.1476883625955916e-07,2.1799725713298773e-05,1.679519849487902e-05,0.00016815577177466107,1
0.0004403051044896868,0.036588320463668576,0.27170811811654955,0.0004485167318957231,5.1505437132433145e-05,0.690747503226205,1.5730920059004996e-05,5
0.9193505896934899,0.023893981101127126,9.394900825610985e-06,2.2679587247790287e-07,1.3977303607462264e-05,7.025066038522616e-06,0.056724805139039276,0
0.6364550013502068,0.3535538336041069,2.939310763479147e-05,2.959486958146139e-07,0.009931279305613034,1.5776393768598416e-05,1.4420289974099797e-05,0
8.167712978590548e-09,3.806798016327757e-07,4.772729771963084e-06,0.9999791975075256,2.2501672899463363e-09,1.563861168906819e-05,5.333156558557909e-11,3
0.0003183652468466785,0.008765692395242735,0.941379924878688,0.0014616316760416254,8.776819323541732e-05,0.04798434565904714,2.2719508984476035e-06,2
0.00011408855744544294,0.032524261976660813,0.013533461268365708,1.5119252248171363e-05,2.2312500343409285e-05,0.9537892177936577,1.5386512787785716e-06,5
0.00015347018433608037,0.04068970516525054,0.15555243499242583,0.0002110313998420293,4.518013979900718e-05,0.8033468064921786,1.3716261679217712e-06,5
0.00015530945738698897,0.016209229824234273,0.0933863277033168,0.04145275965719528,3.608765366175468e-05,0.8487588597557892,1.4259484156267315e-06,3
0.00024540900739378435,0.014514076322876941,0.10806302746216613,0.0012291096611391668,5.560300923710369e-05,0.8758895988687367,3.175668450019046e-06,5
3.3169561981222985e-05,0.0032864735385589416,0.025789008250748615,0.7922049433407216,9.623476538250267e-06,0.1786764801923368,3.01639114380557e-07,3
0.00011696153628968363,0.026345114720454067,0.15135059559726013,9.387639532119544e-05,3.6707986425084985e-05,0.8220557167120842,1.027052165630046e-06,5
0.0014672929866974525,0.4125002455995198,0.16509899682589912,6.110216065204668e-05,0.0006978022715848583,0.4201712521901368,3.3079655099260646e-06,5
0.00028886882459239243,0.0462734261425744,0.8601318431645835,0.0070229650312888525,0.00011191882425555435,0.08616786056178372,3.11745092156135e-06,2
0.00033799900328062936,0.046368646453462475,0.8178828256457655,0.011228575591322967,0.00017661893335126332,0.1240018017273689,3.5326454481336194e-06,2
0.0001906861920387154,0.048867963983604254,0.13219081589082474,0.00010896591509033596,6.133558207951322e-05,0.8185786645218665,1.567914496069546e-06,5
0.00016605045234765244,0.04102101866537608,0.17047157032944302,0.00022271268880631815,4.808786690578699e-05,0.7880691946496436,1.3653474776082879e-06,5
7.662261231214372e-07,7.605424863907576e-05,0.0004854014587140766,0.998173891650677,2.3518388344272628e-07,0.0012636442640156164,6.967947581714681e-09,3
0.0003083198948103841,0.048405442337918346,0.718359799026794,0.012507590553924258,0.00016080901986158954,0.22025482581545486,3.213351236484692e-06,3
0.0019400865258288194,0.02790128176508292,5.167094501469774e-07,3.998093969835212e-09,0.9701576668693417,3.258537007879428e-07,1.182785015404433e-07,4
0.00026516588082179597,0.02985632274992841,0.9332269763507954,0.003113277987563699,3.3935157215084436e-05,0.03350143475609076,2.8871175848776855e-06,3
0.0003498753893106503,0.023526833429277805,0.25521311513568606,0.00020841640849696637,5.5758265089705894e-05,0.720643553478319,2.4478938198479037e-06,5
0.00026843985042328673,0.019670435960130805,0.2389683546123709,9.18163199366726e-05,3.723249334595349e-05,0.7409552397051381,8.481058654352817e-06,5
4.758718717452461e-06,0.00047234199620624785,0.003280057464416784,0.9889836456364016,1.46063141729336e-06,0.007257692277753142,4.327508757369535e-08,3
3.753145680112424e-05,0.0037186544612885777,0.023214387654270897,0.8211518774188313,1.1519828801702706e-05,0.1518656878744626,3.413055438390157e-07,3
0.000703640846486692,0.2771651094337316,0.3943719592322364,1.5664233100253022e-05,0.0001447360063437307,0.3275670638705294,3.182637757205677e-05,5
1.2586791003908212e-05,0.001874151152130753,0.018104632944539435,0.9766201985116479,4.453543796431759e-06,0.003383855005795392,1.220510861196145e-07,3
0.0001460598380030134,0.013174875113253545,0.32361689119214754,0.00024063127636303998,7.27847610757086e-05,0.6627470772946467,1.6805245105365232e-06,5
0.0002905220703487964,0.005637927242799362,0.2315800317175019,0.000762048760397153,8.385156387413255e-05,0.7616432710575083,2.3475875703216423e-06,5
0.28287695575331,0.7169956374727373,4.0921635284434504e-05,4.0684276132879004e-07,3.5589168625823334e-05,3.7395286794403124e-05,1.3093840486964445e-05,1
0.09683683955460338,0.8873331838517742,0.001959240923141842,2.0703592741689265e-07,0.013535311582547957,0.0003293221151123969,5.894936893013575e-06,0
0.0005891726923650516,0.06732132803666378,0.36491526091883025,0.00015257352013346652,5.757961189083779e-05,0.5669435790047265,2.0506215390099253e-05,5
0.00040959173048586884,0.029399832466375123,0.4428157169920636,0.00011513495749337534,4.338257343934551e-05,0.527195973232728,2.0368047414618122e-05,5
0.13300387171708947,0.8626292730750998,0.0002678963313582936,2.030632480884263e-07,0.003954325819362255,0.00013897999838780059,5.4499954540200045e-06,0
0.00037788448981906827,0.07997670724286571,0.4154872008345535,3.6043827581066414e-05,4.2666655206860726e-05,0.50406020601786,1.929093211386604e-05,5
0.35368416616438786,0.6461836440466195,3.653362200175594e-05,2.542068322337901e-07,2.6916968150766073e-05,1.987930037000834e-05,4.8605691637990986e-05,0
0.0004186975321763567,0.13485615154725336,0.3975474618004897,8.086605805081861e-05,4.7447551967267704e-05,0.4670283254060854,2.105010397710964e-05,5
0.0046759672021814925,0.09357302647839746,0.0017439030541693138,1.8173408002088162e-08,0.8993516383305284,0.0006551375002773855,3.092610378338549e-07,4
0.024115999406054606,0.27097562032994155,0.004649895395761142,5.324249497933467e-08,0.6984580925139441,0.0017994330720970857,9.060397066021351e-07,4
0.0003707211310232488,0.14966065229781295,0.2624574081574555,0.00019497304254190728,4.930112964226507e-05,0.5872524755167071,1.4468724816926877e-05,5
0.0006044279267166809,0.053824837467722236,0.18606931406928348,0.0007020728509851459,8.359559195512241e-05,0.7586973354239119,1.841666942552233e-05,5
0.0004380779825918682,0.05261869508746581,0.40377801441848554,0.0028108374730156957,7.129715000604348e-05,0.5402696632039149,1.3414684520202168e-05,2
0.0003418250746346535,0.12590894200982103,0.2742391020777539,0.00015341589704091283,4.4301663297767245e-05,0.599290495073104,2.1918204347873623e-05,5
0.0005568705125808034,0.06658122670230911,0.28112074232914225,0.0014154442779637322,0.00015000888315228533,0.6501718907643669,3.816530485042968e-06,5
0.00035866023785429356,0.043123468186792864,0.5740252451082523,0.000132025156572978,5.613803940542719e-05,0.38228585377691215,1.8609494209984315e-05,5
0.002489641900288375,0.15944862242830854,0.0035912482890318085,4.065602055795037e-08,0.8342323460865041,0.00023750848669980304,5.92153146828178e-07,4
0.00045750678881703545,0.10537982634899312,0.13502273143069785,0.00013211428930230476,6.140793379358972e-05,0.758939855866719,6.557341676963846e-06,5
0.008403177294371294,0.18703429062341642,0.001635181212734773,4.7657967802041914e-08,0.8023135083925114,0.0006131006827986567,6.941361997097e-07,4
0.0023480448767545094,0.14929794381670117,0.0024696525164352155,3.941800590703354e-08,0.845649510187265,0.0002342312679667061,5.779168716258516e-07,4
0.0024280358084141696,0.1223416672563211,0.005705410683913988,3.214294615176899e-08,0.8692851020158187,0.00023922394580614545,5.281467797499407e-07,4
0.6347214014149362,0.36522352724429796,1.6374523367275133e-05,1.876349289612981e-07,1.4582301625018453e-05,9.763524282427242e-06,1.4163356562188725e-05,0
0.1632294468034071,0.8366794696861024,2.794460988607985e-05,1.9972931689699617e-07,4.1410095820230865e-05,1.558226615689292e-05,5.9468093101529035e-06,1
0.009862283061000615,0.6746927542107936,0.010307540427575927,1.5881636469638063e-07,0.3045163934960414,0.000618243195799617,2.6267924242372396e-06,4
0.2916353995717984,0.7083113137671186,1.9292401996528382e-05,1.7552913816315814e-07,1.5109507454620192e-05,1.274297239245887e-05,5.966250101132805e-06,1
0.009938244982911138,0.7142707900390708,0.0302225945877451,1.7390276865276096e-07,0.2397144398785,0.005850009090919123,3.747518085299124e-06,4
0.05861345938102652,0.9272539271341452,0.0031909677083617146,2.220309908190643e-07,0.010729135021419513,0.00020677548980702258,5.513234249035421e-06,1
0.0004610164839821307,0.10533606450730619,0.7186921383204143,0.0009045159163136307,0.00013681151864922998,0.1744666938415809,2.75941175361268e-06,2
0.023810875201437716,0.010917574801479006,3.5705745154057967e-06,2.656521580931266e-08,2.976525350701818e-06,2.619474903117707e-06,0.9652623568570983,6
0.006729583733768133,0.09737584133442861,0.0009773178015561013,3.125389872903223e-08,0.8948614776755818,4.857933183849059e-05,7.168868928040421e-06,4
0.1292830522214638,0.870659896662147,1.7578352645067688e-05,1.7987766055005753e-07,1.1579529712425028e-05,1.449635697918329e-05,1.3216999391967703e-05,1
0.04413549796250229,0.9493250978593648,2.470741566905607e-05,6.054399596421176e-08,0.006500290435570176,1.0004989264564937e-05,4.340793633313087e-06,1
0.019453988801819276,0.9610233040137144,0.001954445248538631,1.3098575542839868e-07,0.01691726400454915,0.0006483649805902732,2.501965032938755e-06,4
0.0016331976673472984,0.5885907353958452,0.3747489268764686,0.00021229467799664144,0.0011433576846676397,0.03366811147108269,3.3762265920097005e-06,2
0.00037312616702718016,0.3741894543633275,0.5902063755300133,0.00012441303142689134,0.0001492237835898924,0.034947452829389165,9.954295226193054e-06,2
0.48394356443743947,0.33461495628058663,3.614886950720089e-05,2.9009183089850676e-07,3.4363052652989244e-05,2.4010579093874025e-05,0.1813466666888889,6
0.0008700279699917758,0.18662370417208057,0.771822272526654,0.000907466458512353,0.0001378834799969755,0.03963335865320284,5.286739561429498e-06,2
0.638267650238652,0.3518331237911115,1.5607644333624977e-05,1.5514639240273799e-07,1.4319466626556557e-06,7.847567242872417e-06,0.009874183665605028,0
0.027704891300004062,0.889547011836285,0.0229485624389172,2.096394981072333e-07,0.047845036867063796,0.011950984482072505,3.303436159568504e-06,1
0.00037385809077807844,0.01535636751695216,1.0475358308603185e-06,1.8254519376687882e-09,0.984268315408825,1.619388424614619e-07,2.476833194637566e-07,4
0.02555113087041944,0.008477657847596494,3.2859099302812403e-06,2.4382364469916257e-08,2.3327759509622008e-06,2.299920734741253e-06,0.9659632682930035,6
0.8478445345572225,0.15212036668657494,1.4051813736058589e-05,1.4468076225856952e-07,6.6548971433151334e-06,8.794162269643171e-06,5.45320229120624e-06,0
0.7984824724395401,0.2014864991184934,1.1205806075188337e-05,9.477571344299032e-08,6.3171341526025685e-06,9.50795315346072e-06,3.90277287165993e-06,0
0.4971623561520394,0.48812379473690515,2.6843398437976758e-05,2.738596697139364e-07,0.014653728493825229,2.651120841806147e-05,6.492150704550006e-06,1
0.022083827921817813,0.009010675471070742,3.1987390755303734e-06,2.3735532512623947e-08,2.1328324742189644e-06,2.23890687235292e-06,0.9688979023931569,6
0.00027356999706434264,0.01584870990238926,7.636818264063987e-07,1.3230234160664365e-09,0.9838723239283299,1.2757241250014314e-07,4.5035949542546245e-06,4
0.3817947437175976,0.6181442698157673,2.1729450165151522e-05,2.2349290055424982e-07,1.8206525179505825e-05,1.3925651246165254e-05,6.901347143759642e-06,1
0.032199595859653034,0.957823974742564,0.005747017298619348,1.3504361833558346e-07,0.0036657652579552796,0.0005585384412172637,4.973356372851873e-06,1
0.012232513018576795,0.7108841611698725,0.004012635152611591,8.349090697287541e-94,0.2724735226479197,0.0003359064440157453,6.126156700353724e-05,1
0.0013385204062444046,0.056446142984717944,6.416803141899422e-05,4.7697229852290375e-09,0.9421248914729061,1.470446950732803e-05,1.156786548224028e-05,4
0.9875814172088088,0.000970533707180641,8.81503826273738e-06,1.2184865795690182e-07,6.637669107479147e-06,4.371628654336635e-06,0.011428102899327943,0
0.9583282270355143,0.020329416643456576,1.8826292260790675e-05,2.519158755212034e-07,2.3262899689046176e-05,1.1224830392443407e-05,0.021288790382811576,0
0.0030592139536892125,0.1401435869210663,0.0007957426971367873,2.1978962969032802e-08,0.85590784679405,7.625468198782326e-05,1.7332973106877487e-05,4
0.0007988225100053796,0.8747792072821405,0.06371171245171352,0.0008355264890465863,0.00024227915890153852,0.0596288386396958,3.6134684965869064e-06,1
0.962574179582112,0.03453573001821,1.1445319819518285e-05,9.27104402755126e-08,4.230592898364846e-06,5.914936290615271e-06,0.0028684068402290335,0
0.03211807578119563,0.5501198124759322,0.0004203332473843672,1.198380896777792e-07,0.4171521404831367,0.00018647625987131382,3.041914390106429e-06,4
0.10906784764555788,0.8908651604523891,2.7508713955814917e-05,2.388973452968837e-07,1.751356578895072e-05,1.6952984757507878e-05,4.777740205570358e-06,1
0.027808790260174743,0.0011102110293261251,2.3904999149447853e-06,1.7738173421722112e-08,1.5636131636064698e-06,1.8296169823202358e-06,0.9710751972422648,6
0.0013839873961332746,0.1046783213113082,0.0012598217679666984,2.0969024868517738e-08,0.8924789880898124,0.00019324672098161789,5.613744772847897e-06,4
0.021928404641861802,0.8065081060506324,0.004578750306453251,1.211515861169921e-07,0.1665126120828672,0.00044472189308206417,2.7283873517295433e-05,4
0.8012879645896203,0.19865119234086953,8.015869452390367e-06,1.654515687890479e-07,1.0647769715107867e-05,5.6857070715499755e-06,3.632827170215884e-05,0
0.6252609113370056,0.3746338272812433,5.052619858590758e-05,2.7421545829035386e-07,2.5381609667521393e-05,1.7335646518094505e-05,1.1743711521370157e-05,0
0.03830087128651557,0.7731589152583563,0.0010845726977465765,1.6894067796475075e-07,0.1870717576457645,0.00037942585926157077,4.288311677506665e-06,4
0.6398249069255028,0.2871939684180176,1.2738416113619406e-05,1.1568253423795119e-07,1.202895807966821e-05,7.4334440327905e-06,0.07294880815571937,0
0.955100177641552,0.039154694543302775,1.353652521667414e-05,1.15736291011082e-07,5.043482594548221e-06,7.534674353598039e-06,0.005718897396689554,0
0.15488227616550498,0.6740839927999513,0.12628460548496778,4.5293126296098073e-07,0.011891130687034178,0.03285270215575791,4.839775520818317e-06,2
0.5438093466909841,0.4560948190980368,3.724960663445745e-05,2.3286247565453414e-07,1.9343119381273565e-05,1.856877823382935e-05,2.043984425384142e-05,0
0.004431161402265797,0.0765256668320304,0.0004481756450271403,2.1537177713952672e-08,0.9185350788833645,5.513462787194352e-05,4.761072262568874e-06,4
0.000543266629349906,0.1550996752800397,0.5026280052526273,0.00036962095656173176,9.562895140511714e-05,0.34124723787356,1.6565056456173647e-05,2
0.0020642237956183464,0.1301651811084342,0.004879220415893419,2.4771644359708374e-08,0.8625953838545839,0.00029049282998163024,5.4732238442254175e-06,4
0.00030898698742104686,0.0967907088842638,0.2519318728390913,8.289878638658219e-05,4.960974938786753e-05,0.6508258400657598,1.0082687689663018e-05,2
0.004924113373153316,0.1348696842459896,0.002453649387604847,2.5666955053553396e-08,0.8574193298701623,0.0003300108577311782,3.186598403672586e-06,4
0.020800108320392276,0.09214335329616359,0.45105294575667876,6.039901605085844e-08,0.00322385598022788,0.4327764751863072,3.201061214070128e-06,5
0.9594570903854148,0.0018528614415501844,6.066640836498532e-06,1.472396212432261e-07,7.465770224819474e-06,4.200616887702232e-06,0.03867216790546468,0
0.004745836383569154,0.03774985199886245,0.36084075799956783,2.9173313419401442e-08,0.0014160578163434614,0.5952459204845788,1.5461437648938366e-06,5
0.2906712242909791,0.7092592458252186,2.4892955450204683e-05,1.8056522949553578e-07,1.808718622954958e-05,1.337123939151711e-05,1.2997937501772304e-05,1
0.001560186998614198,0.11430262658958706,0.8426290214240838,6.324944214009413e-08,0.001921330377618959,0.03957931181273753,7.459547916126883e-06,2
4.244501332902301e-17,4.1999711385056325e-15,8.600619644544825e-14,0.9999999999998732,6.0803213497759485e-18,3.655011679686241e-14,4.7556979602875035e-18,2
0.0013323137019943196,0.508486763688238,0.2301306728811368,0.00029279053376235817,0.00020262537528983508,0.25950811030652016,4.6723513058626237e-05,1
0.0010589903587999454,0.2567038111776438,0.633297255665828,0.0006549527829607099,0.00016044920001135235,0.10811298308887426,1.1557725881878981e-05,2
0.0010866419467533196,0.6056489973427036,0.38244510729514813,0.00023904719904232347,0.0006723670814625047,0.009897634250046652,1.0204884843459778e-05,2
0.001893889046725471,0.09456872495180624,0.0007285360016850014,1.9072451734196084e-08,0.9026569123598347,0.00014190543520602004,1.001313229081075e-05,4
0.0026176266848119047,0.17435201777317022,0.0017622414382352394,2.755607718616448e-08,0.8207967104153077,0.00045428535304408807,1.7090779353579462e-05,4
0.0003669285302410562,0.14805928389858436,0.35097761683585316,8.144976082511592e-05,4.662764273394403e-05,0.5004483023217245,1.979101003788175e-05,2
0.010115505522934004,0.4475174017486338,0.5210151355217857,9.820531712923844e-08,0.02001681667025216,0.0013332017362330058,1.8405948442585404e-06,2
0.0005307018572860159,0.3306723047070855,0.2289901191004914,2.5070375866595076e-05,8.90968168541233e-05,0.43968842878543685,4.2783569795392655e-06,2
0.0013788575385412253,0.5635301585342892,0.3537335290538309,0.00012829501596763144,0.00019727726295223615,0.08100714263534053,2.473995907834038e-05,2
0.41488354745082606,0.564003473768127,0.007309706576687225,2.110586815301495e-07,0.006894493414414878,0.00690502149251605,3.5462387472311473e-06,0
0.35508885108210825,0.007220872578320164,3.295613715006596e-06,8.162649280821351e-08,4.871052188560142e-06,2.30502303673667e-06,0.6376797230241384,6
0.02005135816710288,0.967282820004955,0.0003973653416128203,4.1749473514750484e-134,0.010498098865990667,0.0017590151373827233,1.1342482956115784e-05,1
0.10422386985808181,0.8957065447272455,2.7578243752114565e-05,2.463173854391786e-07,1.6848220141300756e-05,1.9126505532910278e-05,5.786127860908365e-06,1
0.005289427464365644,0.0661067718557416,0.9072405159221245,5.2465636911270806e-08,0.02086882774294959,0.0004935269105663668,8.776386153210066e-07,2
0.09893226453786476,0.001112075739749604,1.7483831964772326e-06,2.8454922800920014e-08,1.6315327282715659e-06,9.593618713791643e-07,0.8999512919896668,6
0.3966667592318827,0.010487132560240248,3.4434834213121825e-06,1.020525593888355e-07,5.0863748523585e-06,2.4920732538522186e-06,0.5928349842237901,6
0.2353167228288774,0.5862874415273874,0.06408305176595955,3.057668871642536e-07,0.0900869656312253,0.024219956432469977,5.556047193080528e-06,0
0.008237030065326953,0.11124068907129213,0.843762891896144,9.354985950792325e-08,0.03593758096788439,0.0008199372935545628,1.777155938479297e-06,2
0.6446441681670337,0.3552804811812056,2.509565405442168e-05,1.879193790190174e-07,1.6374098026665282e-05,1.24413497478884e-05,2.125163055258832e-05,0
0.056513292689305994,0.9215470268923328,0.005218433348766434,1.9907810121291465e-07,0.014655852922772973,0.0020596206932959917,5.5743754249191165e-06,1
0.006033260496263583,0.08779685180127406,0.878020183627118,7.787817623492127e-08,0.02705384372778214,0.0010945713679763364,1.2111014096824753e-06,2
0.717510895407878,0.027087166171310805,1.278674676261903e-05,1.6028125787504987e-07,9.625174869668212e-06,5.750495339288213e-06,0.25537361572258155,6
0.9387879134288349,0.05997833476463376,1.691408436163772e-05,1.6062764593319127e-07,1.1364312043306631e-05,8.929619456535356e-06,0.001196383163023916,0
0.017233732075291417,0.9710333565841636,0.0015780968756173063,1.5628513302149286e-07,0.0074162683669371406,0.0027250830125599146,1.3306800297711216e-05,1
0.14596824136658335,0.7665506122618795,0.01171050678894065,2.4403986498819447e-07,0.06824874330418361,0.007488823307828984,3.282893071899571e-05,1
0.03508767487959044,0.9089738889260853,0.018074103211964114,2.286534349361701e-07,0.017207876214639446,0.020644452724778523,1.1775389507335507e-05,1
0.16602859985073054,0.41304291680073296,0.0023699747909825585,1.7903413365988268e-07,0.4174872691347658,0.0010678686835088203,3.191705145738742e-06,4
0.025984591350917796,0.15756216242177468,0.502893250232398,1.7260649429643977e-07,0.30482439009271994,0.008732749052449376,2.684243245915031e-06,4
0.12573233297271988,0.0017007395991424964,1.8667453745556895e-06,2.970033347861468e-08,1.603914721591376e-06,1.1435846239546703e-06,0.8725622834830841,6
0.003803127221490572,0.17291345866875188,0.0899682248094559,3.944980680349358e-07,0.01002657850184702,0.7232856006040514,2.6156963351757066e-06,5
0.9219844675969457,0.056289244086327704,7.339523039368452e-06,1.6560300320352488e-07,1.0672837592420385e-05,5.82260358369731e-06,0.021702287749508012,6
0.44889885235506266,0.006031350563927341,4.723593865233634e-06,9.465310250392046e-08,5.324699346791515e-06,3.328004222061507e-06,0.5450563261304735,6
0.08378281824059539,0.744903959785696,0.020976462759365686,3.3725917270511735e-07,0.09984666863777393,0.05048387400213586,5.879315260417539e-06,4
0.0205497749085026,0.1581888236067874,0.4730665100535094,1.934393303133612e-07,0.3342088879352007,0.01398280183720504,3.008219464768288e-06,4
0.0008223545553013393,0.48476068184690563,0.5085311444979743,2.475344001727785e-05,0.0010271802861044263,0.0048309897646117,2.8956090852174597e-06,2
0.009333452947473607,0.20444599882305853,0.05102254439528539,2.75000781538811e-07,0.002707193409695905,0.732488995948923,1.5394747818589803e-06,5
0.012878896365656261,0.00013011918731088254,1.3807039130169864e-07,2.5797124061599134e-09,1.3605474632686386e-07,8.69753799336826e-08,0.986990620766803,6
0.04439897895485291,0.4816132921019422,0.010287211041113456,1.6780338310738924e-07,0.4400912097793612,0.023606089782626235,3.050536720945842e-06,4
0.0006690071885103615,0.044235561203588146,0.944609552311856,4.68269174793146e-08,0.004611916024569261,0.005872354541200897,1.5619033578985317e-06,2
0.9500527836330438,0.048379380351082905,1.380271976552377e-05,1.1789232741672235e-07,8.784616816816608e-06,8.635295579313827e-06,0.0015364954913842128,0
0.3647480374820262,0.6346187195823741,2.9097383709507286e-05,2.0169010609370002e-07,1.743205372385116e-05,1.626661232759635e-05,0.0005702451957326045,1
0.12184407995834554,0.2800145774861208,0.0063579498043583645,1.3284753632556112e-07,0.5742375916379093,0.01754325319947557,2.4150662539917844e-06,4
0.0026475177944895196,0.10697760401203721,0.25440711764888096,2.9851976329380104e-08,0.6264872192502213,0.0094799986515393,5.127908553398337e-07,4
0.00817099157548556,0.16838056009282953,0.020030649155071908,2.9805507725155e-211,0.0018987870498718947,0.8015148043799194,4.2077468216745235e-06,5
0.01563529808430348,0.00011625963431065377,1.675732800973403e-07,3.1309454947760447e-09,1.6512693199359112e-07,1.0556028389426517e-07,0.9842480008899445,6
0.013155506396666622,0.00010746747164567977,1.4412431671802934e-07,2.6928241773024327e-09,1.4121751170891797e-07,9.078895979111207e-08,0.9867366473080753,6
0.007656519795525044,0.15016136611618505,0.8093007033093278,1.3503930529782104e-07,0.025120623401341004,0.007758553411362462,2.0989269535339096e-06,2
0.0020153633765945256,0.08505287989746803,0.09936359448671105,2.759713826871563e-08,0.8054969738550589,0.008070689842578338,4.7094445066310467e-07,4
0.0068003410680741085,0.5449706280373359,0.2726642289989838,2.1215314247439795e-07,0.0037780838767293786,0.17178314575780174,3.360107932780186e-06,2
0.24202265992436556,0.2871786572233036,0.0180910235744773,3.7592343779750055e-07,0.43270705492466904,0.019986174605281327,1.4053824465341568e-05,4
0.9861895179499421,0.0036803733673458953,1.709916668063073e-05,1.8691645033213252e-07,2.6347128797898565e-05,8.264222034707876e-06,0.01007821124874866,0
0.7125991057557592,0.2869955476115884,2.6219863357451358e-05,2.612803239099022e-07,0.00034947835787154703,1.5689671857879306e-05,1.3697459241414312e-05,0
0.0017025496914380173,0.0466788896432569,0.09201401225506048,4.9615966914701584e-08,0.8527528913656831,0.006850835839294784,7.715892998301781e-07,4
0.006888539830501372,0.16872263801230455,0.024690822283001693,3.751735278656453e-211,0.000643631754168684,0.7990532426579842,1.125462039606832e-06,5
0.08699938214534017,0.3849541489135998,0.005405858227151808,1.266158721417058e-07,0.5023454036546516,0.020292778664002753,2.3017793817403002e-06,4
0.0010121852037798468,0.1999711000690021,0.631620590743293,1.308265523319294e-07,0.0020511586846437163,0.16534214815374873,2.686318980136461e-06,2
0.7782390359137209,0.22102636390746574,3.9843712877721926e-05,2.4216921296931095e-07,1.9808230378753703e-05,1.6544902808483336e-05,0.0006581611635354758,0
0.720662363983455,0.2792842445330677,2.217329229601925e-05,1.350846859849018e-07,1.730006558988161e-05,9.934965803205763e-06,3.848075102297838e-06,0
0.0165682986458518,0.0662524132519243,0.0012486986959369137,2.1360896585519295e-08,0.9133763135635116,0.0025538289915432114,4.254903357312401e-07,4
0.004829980839972372,0.41463018089382025,0.5648426571531867,1.3750019220841734e-07,0.008562393412515803,0.007132596917980382,2.0532823322895135e-06,2
0.13271665349159512,0.0005166898020700459,1.5315262382282364e-06,3.128061583673024e-08,1.7458635152495367e-06,1.0546305241090998e-06,0.8667622934054415,6
0.0009984640706162374,0.15253692650056494,0.8067093185260662,1.3256928479591644e-07,0.013283613814405683,0.026468822415791984,2.72210327018968e-06,2
0.0548288428364946,0.28158760637517255,0.0021504462488661173,1.1747712408048105e-07,0.6596979590781175,0.0017324888705111622,2.5391137139594834e-06,4
0.009423019408644751,0.2925541474552421,0.5271910250855811,2.7460709168554106e-07,0.07727877786231215,0.09354848510315947,4.2704779686408776e-06,4
0.15935020280900994,0.1591940670809738,0.5609701558460448,1.6520682978011985e-07,0.032546322670823545,0.08792984651405952,9.239872258629367e-06,4
0.298659064899126,0.7012711004059402,2.906302152731236e-05,2.811808352060841e-07,1.1961454888252592e-05,1.3192166984203278e-05,1.5336870698732088e-05,1
0.21335902537435483,0.01122609709663628,1.0588537103962539e-05,7.731746789934408e-08,6.682540260985096e-06,5.68197017494147e-06,0.7753918471640011,6
0.12283661214925208,0.770580185493156,0.009531153801286803,2.7212341841471674e-07,0.09241947826268912,0.004602346267593644,2.99519026040644e-05,1
0.004703405843675913,0.29216461871185995,0.6868663475046692,4.819625862545472e-08,0.0108403766254754,0.005396384842710207,2.8818275350681723e-05,2
0.007042332234512782,0.22776365710346427,0.14434838526799618,8.969751994344e-311,0.0030115529928854724,0.6178324788019405,1.5935992008180872e-06,2
0.003173721318880314,0.03127184536193007,0.9583433677665554,6.04668382020949e-08,0.003414071396371282,0.0037877468360014497,9.186853423475033e-06,2
0.048653091073614825,6.824462881213034e-05,7.773228869716379e-07,1.2804033282495463e-08,7.810481267702944e-07,3.667057144661694e-07,0.9512767264168115,6
0.7731013342283533,0.2246045712817686,3.396835080111061e-05,2.61531857805866e-07,2.303698151786201e-05,2.2516426260979482e-05,0.0022143111994404135,0
0.001089905052266542,0.19517554156393144,0.1870683840842585,2.3439968112069782e-07,0.006143543765012749,0.6105196396299996,2.751504850079714e-06,5
0.21899654185551495,0.00037562527716780085,3.3162887681763178e-06,3.521937758738574e-08,3.912760376739242e-06,1.638511574902707e-06,0.7806189300872197,6
0.653858456321797,0.34549934511544533,2.654470826087667e-05,2.0437515224185723e-07,1.689253068195382e-05,1.3086109806612474e-05,0.0005854708388561398,0
0.17359433858441453,0.8263311790889272,2.966372372459293e-05,2.36255069104333e-07,1.445002016763568e-05,1.3515689947555314e-05,1.6616637749270424e-05,1
0.8099193794938991,0.18130196479540606,2.0358765494520755e-05,2.974018219267533e-07,1.898921359780894e-05,1.603512632625934e-05,0.008722975203454128,0
0.5206524777360988,0.47723091353099545,1.5996347871669073e-05,2.0417071697184864e-07,0.0020833054817768096,9.714167443396676e-06,7.388565096894493e-06,0
0.2471198275521102,0.0032644908640729374,1.623066835104843e-05,1.1128476789905609e-07,8.670929146982774e-06,7.56905698027582e-06,0.7495830996445707,6
0.012707347637032953,0.16105209658043218,0.0018114889645187255,3.57465756026848e-08,0.8234127852858152,0.0010153752639869861,8.705216383693101e-07,4
0.00471152635738522,0.07962099208514488,0.8816905370014029,7.254199738708756e-08,0.002724408793622177,0.03124710337787969,5.359842567734287e-06,2
0.008671928406143375,0.10813812329045897,0.8450245159043999,1.7885763242172573e-07,0.0024706690758074224,0.035668209565028725,2.6374900529142025e-05,2
0.03234392638627501,0.20323208043101332,0.35223744374519766,2.2710348315721003e-07,0.2334817933580135,0.17870184369181516,2.6852842023061037e-06,4
0.024206066762053027,0.47825481119783475,0.0027384497840591557,1.2013268776076972e-07,0.49413414847475035,0.0006642315414185442,2.17210719628817e-06,4
0.0056614825773803005,0.14754351445993613,0.8358423513856569,1.1562995515930485e-07,0.005626143035649563,0.005307970167042926,1.8422744379093413e-05,2
0.0008368836884799996,0.03603552369273064,0.9537101445501301,3.563266218425359e-08,0.0011183381899237488,0.008294388851345218,4.685394727950175e-06,2
0.0022462725511633117,0.3388282211016738,0.15134755167005381,6.363093665992185e-07,0.0011739763631459506,0.5063998824370908,3.4595675057343797e-06,5
0.7913787557148971,0.20546802882465887,4.012371707732331e-05,2.492555743944591e-07,2.065229558732004e-05,2.2455637219001836e-05,0.003069734554986177,0
0.21535468393903262,0.006911033221383525,1.1029895103985494e-05,7.08396466987147e-08,5.311810582693042e-06,4.987678106888587e-06,0.7777128826161436,6
0.9369766275017704,0.027783797836986812,1.4356014068462083e-05,2.1779915846446884e-07,1.4658556986861492e-05,1.1176386411287836e-05,0.03519916590461746,0
0.1640115702873905,0.0010694359742981355,7.717758499175697e-06,4.707439283626472e-08,4.132794187815121e-06,4.160696828096888e-06,0.8349029354144034,6
0.09094981678720356,0.0006090414735111204,6.520427341690188e-06,3.430262716967304e-08,2.6718367191717807e-06,2.744768409450199e-06,0.9084291704041878,6
0.0503444443531286,0.00023914725277934478,2.995809500746048e-06,1.8879874206383314e-08,1.4928400797964337e-06,1.3283949527370338e-06,0.9494105724696846,6
0.23461082164568775,0.0013633332090154037,1.6856439832765867e-05,8.408887907610442e-08,6.822662086354476e-06,6.8643866454589864e-06,0.7639952175678532,6
0.08745015770220088,0.0008662647038942779,6.4615435091271685e-06,3.931481962731698e-08,3.397975543572356e-06,2.889200055625636e-06,0.9116707895599768,6
0.14853923060181948,0.004122491658237129,6.4875586085121645e-06,5.2233631357307714e-08,3.641165136965103e-06,3.801649867992899e-06,0.8473242951326986,6
0.00032899063472516916,0.05060207248803618,0.8918330124679001,8.02293702352984e-08,0.005450808317432675,0.05178419788881177,8.379737239479157e-07,2
0.19352241790177474,0.001156484209254849,1.4496410499781695e-05,7.133066236660302e-08,5.638944807525924e-06,5.822901334169361e-06,0.8052950683016665,6
0.7860051261570006,0.047389984648353804,1.8377712022192468e-05,1.3126611392234296e-07,1.1611762494766065e-05,1.0389048620721125e-05,0.16656437940539376,6
0.0013551536955904828,0.052697701609079724,0.9405714849379089,0.0,0.0032794730735447404,0.002089995277939392,6.1914059366773715e-06,2
0.004789954552641065,0.14056105635671132,0.0039023416420045755,3.135284543147594e-08,0.8505762482340001,0.00016946680753098352,9.010542665682597e-07,4
0.008767650049438325,0.0551098099346853,0.9086962014994175,1.0725356175473366e-07,0.015121725468163035,0.012299942494689062,4.563300044982641e-06,2
0.024449311412823794,0.21443255363270325,0.24226708101112668,4.6884160096627246e-07,0.004965217093142047,0.5138832839346469,2.0840739564422635e-06,5
0.6046312284359607,0.3882175359740052,2.089281473249965e-05,2.3411678683728434e-07,1.689751647321839e-05,1.1751830733871384e-05,0.007101459311307718,0
0.007063473864404457,0.9653615736766068,0.0013505935819759132,8.874806782006532e-08,0.019713324269538056,0.006498681835595416,1.2264023811751448e-05,1
0.7410480097879311,0.25600315745727936,2.680134490786009e-05,1.529353750680697e-07,9.971687361142877e-06,1.3971692290770875e-05,0.0028979350948546098,0
0.04942674609293981,0.00023593695931506867,2.7122295060092332e-06,1.8535724460877118e-08,1.4877873104934745e-06,1.5573983660872142e-06,0.9503315409968381,6
0.032271424018304545,0.9187300081441376,0.008527983734147745,2.68645058454392e-07,0.013712358642809841,0.026747919893109835,1.0036922431741476e-05,1
0.11776584653700185,0.3126509444728147,0.4798157919116429,1.9926208131787138e-07,0.028127896996890465,0.061633744251767424,5.576567801304518e-06,2
0.03986238323658859,0.26283353706811563,0.15095690568881634,3.045360784776655e-07,0.011555109773622431,0.53478846446383,3.2952329485116586e-06,5
0.025142979575943785,0.2630113270892119,0.1644767176305589,5.308737388646767e-07,0.005778964857676696,0.5415870479659519,2.4320069181194677e-06,5
0.03657025628632401,0.21715146072290087,0.10940372978894569,5.143345558336406e-07,0.0054659282660842945,0.6314056926573627,2.41794382669069e-06,5
0.000669550033486139,0.12301578083169308,0.7315550625894494,1.5769735565998552e-07,0.0013610186727478222,0.14339561715883067,2.81301643734954e-06,2
0.19962498523844424,0.001008302088984218,9.509239851019513e-06,4.438340375226349e-08,3.896544639477516e-06,4.0029065233318915e-06,0.7993492595981541,6
0.07009850917952898,0.0001318620089277549,3.913911136870298e-06,1.8738056264238906e-08,1.4494675961895008e-06,1.173558703709914e-06,0.9297630731360502,6
0.08015369894585643,0.27382565438877154,0.00041763187484948237,2.001439655717685e-07,0.643737898814074,0.0018590518015805762,5.864030902435847e-06,4
0.051442946170247514,0.3072840679798987,0.09434083273377968,3.745423426864162e-07,0.013644664565412225,0.5332836080292488,3.5059790703205605e-06,5
0.012846412885132556,0.08434399771010921,0.8962378297604644,2.4112374549353755e-77,0.001534178018726685,0.0050275845799830805,9.997045584264647e-06,2
0.0006782540291974499,0.09039143491141657,0.8891789465257,1.517546464150003e-07,0.006253186570224347,0.013496441173237712,1.5850355774926427e-06,2
0.3321987112976046,0.6662468509063061,2.2908847804435174e-05,1.4148079008412355e-07,1.778531258941206e-05,1.1848121664843623e-05,0.0015017540332406092,1
0.14985390727937714,0.0007852778670087714,8.501001123744761e-06,4.47220184867821e-08,3.483404654617962e-06,3.2827675469698294e-06,0.8493455029582703,6
0.23158459741554183,0.25548850124035705,0.00030149502197907577,1.9400127476823454e-07,0.511522611355802,0.0010969169092351638,5.684055810041093e-06,4
0.0020813776976484183,0.1528679064211896,0.12990928341349162,3.820093163915104e-07,0.0030910818633758746,0.7120482705040541,1.698090924032853e-06,5
0.10669975232179604,0.0007129081383781729,6.487871384988158e-06,4.001390674922757e-08,3.11668913291346e-06,3.257217429707119e-06,0.8925744377479714,6
0.08082235174209136,0.0005430376851943926,4.507859891728876e-06,3.030951783381684e-08,2.360812840608898e-06,2.7139068993744865e-06,0.9186249976835646,6
0.009175349921465901,0.2375460316799149,0.0036515119853465054,5.2721304279534786e-08,0.7495010360603463,0.00012450246591689368,1.5151657052609043e-06,4
0.10567471895970514,0.0008376766614432494,6.578859798708869e-06,4.843841168270533e-08,3.785177542029884e-06,3.856053820042363e-06,0.8934733358492791,6
0.10411688472372348,0.0008137759084600628,5.30022526874512e-06,4.304363247365981e-08,3.170562246275682e-06,2.9448187378534702e-06,0.8950578807179311,6
0.011597332356493528,0.3061977000183352,0.004615387801037378,6.663794767839266e-08,0.6774307125482729,0.00015688551964433649,1.9151182690004982e-06,4
0.011845707046966457,0.3102381530632135,0.0012912986901964286,8.454393794455013e-08,0.6765156600909628,0.0001061049110616028,2.991653661395461e-06,4
0.5885862827251844,0.061545738492339984,1.2195319878854017e-05,1.5665544919974552e-07,7.754218847935117e-06,6.739280087875968e-06,0.34984113330821176,6
0.08087258154079682,0.0005370891276987017,4.932931890423334e-06,3.6319878067315705e-08,3.0904356349348855e-06,2.7889944950578176e-06,0.9185794806496059,6
0.10829631361783773,0.0008315136663338228,5.551061881273435e-06,4.5080700411936794e-08,3.7043662631714778e-06,3.2786888787367016e-06,0.8908595935181048,6
0.020057844686799508,0.4825692469438269,0.0002110710582955693,9.505425817628989e-08,0.4971042881729955,4.8895035329046524e-05,8.559048494958189e-06,4
0.08356408581483143,0.27960328388545747,0.0041823542690658765,1.2902765020649314e-07,0.631694973741052,0.0009527747478938018,2.3985140492696593e-06,4
0.16039809336923685,0.006366421899861547,8.692186955585464e-06,7.481262453561395e-08,4.735714877292519e-06,4.042903591263435e-06,0.8332179391128529,6
0.15404113358895408,0.5468506335603428,0.010777838647373758,2.5735221888616927e-07,0.2856879101856612,0.0026374427070371452,4.783958412180203e-06,4
0.0011479855906776986,0.11164373661245729,0.868796258013196,3.8291783312951194e-07,0.0026915190772303066,0.01571828770686708,1.8300817384648573e-06,2
0.009292197152821407,0.47108792283835693,0.15574058292587217,2.8684110544385615e-07,0.0009909792488849208,0.3628756432945682,1.2387698390968161e-05,5
0.008639591487535427,0.37329181899008307,0.07916926669655114,6.599419898141262e-07,0.0006147281624402054,0.5382749005815637,9.034139836833958e-06,5
0.0015319017366814873,0.07561135961897332,0.9076612523298088,2.161587632572029e-77,0.001034106710255745,0.014153983236753676,7.396367527003264e-06,2
0.00045164943877032583,0.09649840276522266,0.8848084198227372,2.9251148589689513e-07,0.0014723373867306711,0.016767351925113298,1.5461499399904e-06,2
0.03772335732125918,0.0001180630098343676,2.0186430041468215e-06,1.1868116690940374e-08,8.887374129625249e-07,1.0626682993349536e-06,0.9621545977520733,6
0.0029547684615080535,0.16712592302660595,0.18721247279722208,5.021618740779635e-07,0.003971097430920326,0.6387328170087746,2.419113094887441e-06,5
0.023649217741286043,0.825323919651485,0.0008588191029257261,1.8843725027892087e-07,0.13072087600733678,0.01942406410776731,2.2914951948699052e-05,4
0.6378841694229486,0.3586992460275237,2.4664030781173972e-05,1.9714439217117662e-07,1.8108188062394403e-05,2.0783261833835874e-05,0.0033528319244581876,1
0.057605933004949775,0.0006156394267923902,3.6159982757540833e-06,2.873819636273276e-08,2.1288679564798944e-06,1.4849109965511716e-06,0.9417711690528328,6
0.0017155575733393364,0.21751873763507323,0.3227486286920601,1.8404979999492177e-07,0.012854968564919378,0.4451580351276674,3.88835714049146e-06,5
0.0062526375694107765,0.48015743832519037,0.15103098027131753,1.4660267631041486e-07,0.0023270761301670707,0.3602287073319093,3.0137693285613617e-06,5
0.008430938789702363,0.5208886932287062,0.05911745977582246,2.7145506958222427e-07,0.0011209009411608844,0.41042071228677207,2.1023522766363294e-05,5
0.0011032575397306366,0.16743742950495114,0.025390870769424582,3.531473447845411e-07,0.00019456367391381757,0.8058713480734442,2.1772911909071764e-06,5
0.01678770870060593,0.3483850002432183,0.00046609951401968097,2.4313995931553485e-08,0.6323718255767667,0.001988014402861101,1.3272485324306602e-06,4
0.010377686321189534,0.5046943495790838,0.08949976393644232,2.9261395254023826e-07,0.0015279551099572838,0.39389334333907533,6.609100299215581e-06,5
0.156276365570791,0.0057619664258758444,8.543969082919716e-06,6.313470918037546e-08,3.4901831243232403e-06,3.860786725731422e-06,0.837945709929691,6
0.7417384143426877,0.0433644277439461,1.481549919120021e-05,1.196233048823111e-07,6.423292826281244e-06,6.581416848019838e-06,0.2148692180811957,6
0.09000364711237098,0.8506594730379865,0.0005928930564885356,2.564873541706374e-07,0.054217610407146836,0.00451984710190505,6.2727967479589206e-06,1
0.04147012246138526,0.5788708283708182,0.22826414803443512,2.004736069774747e-07,0.08551714346066173,0.06586710410161743,1.0453097475375444e-05,2
0.3401135770467642,0.6598425796527688,1.5456946911095635e-05,1.6359134144262725e-07,6.496732440517452e-06,1.2025078730818856e-05,9.70095104309596e-06,1
0.03087941037859236,0.5473309763202808,0.14385928999266814,1.3971124233635726e-07,0.02788929510678972,0.25002787964161743,1.3008848809303861e-05,5
0.018140247293695077,0.20565189737201314,0.017796892815107483,5.301864550459217e-08,0.0105166959992855,0.7478892768080287,4.936693224606961e-06,5
0.0026012659759064053,0.14684534901475285,0.018193026518250686,3.368222916657936e-07,0.00016143243487441147,0.8321966345179446,1.9547159792626926e-06,5
0.23584105114857606,0.0010348871779869474,5.983508709750893e-06,6.435897606352253e-08,5.875573409049705e-06,3.147452980353954e-06,0.7631089907793618,6
0.09678863558604454,0.8635961197710241,0.002798978484833832,1.46768195457156e-07,0.034293413177742656,0.0025195728856527155,3.133326506938949e-06,1
0.0019482651854569896,0.12693436493820806,0.6592538814751128,1.436283171183823e-07,0.021603305620560325,0.19025764842545304,2.390726891694251e-06,2
0.012818450232301425,0.26919076095066274,0.5270545692830364,4.68696354897535e-07,0.004309076198811619,0.18660855353707823,1.812110175468835e-05,5
0.0035158238407331987,0.24133287478363047,0.031578360213947464,3.049754916138736e-07,0.0004333013889261108,0.7231354066258748,3.928171396412969e-06,5
0.009601393441265529,0.17407039315990425,0.0001336202943821174,0.07680380231555436,0.7384817663038749,0.000907734262214255,1.2902228046369352e-06,4
0.009414122324182482,0.17233804534398547,0.008645159144167679,4.3931590843902864e-08,0.009838098728602888,0.7997604399516967,4.090575773885363e-06,5
0.025145486961552558,0.2746674664807587,0.020105526559656268,1.0124657454653849e-07,0.05062438673641105,0.6294536142768969,3.4177381499945633e-06,4
0.3686177214263653,0.6313153937322509,1.83646385577793e-05,1.843708731450711e-07,7.56616201724458e-06,1.3414039783351762e-05,2.7355630152374612e-05,1
0.7475634330153935,0.24506208111558758,1.93578752419987e-05,2.401424970078035e-07,1.7632625071206654e-05,1.2681643646570757e-05,0.007324573582562189,6
0.0071758032305764925,0.12254584530912532,0.0019992825477072565,3.393425914925559e-08,0.004342463027090402,0.8639349456992322,1.6262520091109089e-06,5
0.5559233753938625,0.0010194186127713907,7.408572825120214e-06,8.993622597182558e-08,1.3504775117631741e-05,4.017291633039213e-06,0.44303218541756445,6
0.11479813829119098,0.00035378663035181304,2.8170384240288914e-06,8.477837664387017e-09,2.6199237122529153e-06,1.305297789331212e-06,0.884841324340694,6
0.4215750742279864,0.0030845559771443087,9.659180953908616e-06,2.993377955392947e-08,1.0062996286574459e-05,6.770162992645893e-06,0.5753138475208566,6
0.023133199124131188,0.40203667859191433,0.0013711230716641773,5.7781887112166976e-08,0.5729513462745965,0.000505095662177878,2.499493628820297e-06,4
0.3396697424249093,0.012832650239782587,6.851123585384925e-06,5.5373663661497936e-08,3.083509549351284e-06,3.386186590463928e-06,0.6474842311419192,6
0.0035458330516474545,0.183182219183941,0.2668434539966917,1.067325412278703e-06,0.00092210088978786,0.5455024708707812,2.8546817384812032e-06,5
0.11718671368004777,0.0003559969526251025,2.97313685873081e-06,8.580668836127063e-09,2.9195050456192266e-06,1.4743812937260635e-06,0.8824499137634602,6
0.46539882866856674,0.00367662887663308,1.0689921298886268e-05,1.1942665076189068e-07,1.0420966773159173e-05,6.751037810996025e-06,0.5308965611022664,6
0.07210442652009957,0.0004745745175939238,5.431214356101091e-06,3.027439204651793e-08,2.2982126855731597e-06,2.996549588784908e-06,0.9274102427112839,6
0.08558416877216951,0.0005574597861172269,3.7470572320159983e-06,4.1587905291552924e-08,2.0936824462058485e-06,2.3933882100745936e-06,0.9138500957259197,6
0.060646870930155854,0.0005901253034279341,2.7454060780184342e-06,1.213701078936537e-08,1.3737415320230088e-06,1.4383685248095662e-06,0.9387574341132706,6
0.13426899900572456,0.8656923397457915,1.8777096242867666e-05,5.419891344550782e-08,8.432301867849514e-06,7.387584714711101e-06,4.0100667451503084e-06,1
0.01639789013032439,0.14990149819238086,0.008947786208581308,4.235444712373006e-08,0.007048297993640604,0.8177029970449465,1.4880756791066084e-06,5
0.005785745714677989,0.05366878069146464,0.906258132378965,2.019805415563122e-07,0.0013156355487891692,0.03296447619324296,7.027492318645448e-06,2
0.14285690317202374,0.0004744443322825262,2.7477398336300633e-06,3.335613436250854e-08,2.9911235528828027e-06,1.4902368885531654e-06,0.8566613900392842,6
0.80492908540029,0.19440256465181882,2.0734404477151664e-05,1.7584495153963448e-07,1.1567405177272385e-05,1.8785168417376183e-05,0.0006170871248679725,0
0.32288528478757617,0.6651703792545642,0.0003752247055864242,2.897777477820763e-07,0.010137381375918048,0.0014250662297329829,6.373868874398263e-06,1
0.008968578492779813,0.35816562271467706,0.2405768541917766,1.7827913868276044e-07,0.00568019980009399,0.3866059595076296,2.607013904231923e-06,5
0.796815109895823,0.20305973565689608,1.34407793636534e-05,2.2171001342393958e-07,9.476929352859706e-05,1.152018577515867e-05,5.202478600118905e-06,0
0.14982800605216892,0.850015040509926,2.2881341315942963e-05,1.5327261237785618e-07,0.00010562389968587582,1.29846683780302e-05,1.5310255912982694e-05,1
0.009032944513951912,0.3504135115931662,0.04460658353669624,3.8631496218912443e-07,0.007275435488584409,0.5886690566660838,2.081886555178106e-06,5
0.0021947626547308033,0.08835133093726985,0.0001065149598514236,1.0777402199418894e-08,0.9091579812578032,0.0001879100924373742,1.4893205052134335e-06,4
0.025132849951228026,0.2199185738258354,0.0330575321096301,1.0544789467244035e-07,0.005421141287499194,0.7164641767390506,5.620638861909389e-06,5
0.012405594584006094,0.29426232764280985,0.09727952397141362,4.414477773390659e-07,0.004476699639710292,0.5915716363319096,3.77638237314153e-06,5
0.12871061323412528,0.0013097346906471709,9.076253913821164e-06,4.7731131932920465e-08,3.853540291312106e-06,4.324628577516025e-06,0.8699623499213129,6
0.004736823902863111,0.28585881019603676,0.050436537342427645,3.833284784513217e-07,0.0007643638269879087,0.658193260271576,9.821131630201006e-06,5
0.002750379499291874,0.11277871651564463,0.00013612646646469324,1.3354991909802625e-08,0.8840014014376372,0.0003318326743552749,1.5300516143117653e-06,4
0.015588312899109311,0.7667632861869373,0.000736403850440194,1.5504265833894997e-07,0.21359052091714104,0.0033122147730089576,9.106330704678857e-06,4
0.2627703449211306,0.728078784266653,3.545579256996764e-05,2.307781025287214e-07,1.718405698493763e-05,1.981058025775555e-05,0.009078189604301396,1
0.23201025712037565,0.76650496661148,3.353363437596776e-05,3.326337435317809e-08,0.0014281670592996034,1.6215607242018116e-05,6.826703852500495e-06,1
0.003320526607647608,0.10241189927433947,0.007886873171269482,3.179760711777491e-08,0.0031471569874980177,0.8832317686069591,1.7435546791299248e-06,5
0.005438824539060851,0.35553144579352824,0.1463120643372712,3.86339999717588e-07,0.008964940020774139,0.4837497061440561,2.632825309731391e-06,5
0.03779806787832688,0.861963743669966,0.0067694892906050965,1.954518020226486e-07,0.08675477867176452,0.006708350990203684,5.374047332019677e-06,4
0.21498355768890479,0.0010731745506518688,3.9431648889439965e-06,1.3889932388285621e-08,4.497941777830545e-06,2.1385757498696027e-06,0.7839326741880942,6
0.5830894788375831,0.36399227953803703,1.715738856703104e-05,1.9634822016570798e-07,1.4286786733579698e-05,1.0586077888581505e-05,0.0528760150229704,1
0.06289012567138143,0.0006329382275018246,4.552901329448046e-06,2.7365189097734765e-08,2.2395422644753535e-06,2.708597616488545e-06,0.9364674076947173,6
0.034686265336936264,0.8507448747445495,0.016105973621782656,2.4332097383772503e-07,0.09197758995488696,0.006477897312651451,7.155708219092134e-06,1
0.05230833181304582,0.29413854739765843,0.1888677204290041,1.726881369690425e-07,0.038837824957197724,0.4258367718928249,1.0630822132150288e-05,5
0.01357916970331337,0.3982018889402891,0.2919591992128362,2.977996971121953e-07,0.014255852873674299,0.28200052652384217,3.064946347856918e-06,2
0.05457786744626731,0.000514828780237168,5.019078869417686e-06,1.2798886107140634e-08,2.1318905162754803e-06,1.5744101618042604e-06,0.9448985655950618,6
0.0408931748194039,0.8670911349183005,0.0073828022460680565,1.940567816892142e-07,0.07978122525327508,0.004846133015636954,5.335690533957833e-06,4
0.042029546774931266,0.7969006541754137,0.09549915768339438,2.0656609357552013e-07,0.045357301022318754,0.020206446049215572,6.687728632634677e-06,1
0.01271017437849303,0.21615783109277847,6.539756910320233e-06,2.344766572896013e-08,0.7711121382729977,3.964954888068035e-06,9.3280962665348e-06,4
0.0984235230406585,0.0013177392679219614,8.192872880992063e-06,5.41547706474145e-08,3.749022495481065e-06,4.6924997849344955e-06,0.9002420491414874,6
0.1680802081690692,0.8318554508955238,2.6439812743333282e-05,1.7119526106446406e-07,1.4736430016050374e-05,1.2851309807201692e-05,1.0142187579300117e-05,1
0.1001133896770493,0.0010154878445801777,4.428298927828693e-06,3.259234627097172e-08,2.0230722477041753e-06,3.0635134449529778e-06,0.8988615750014037,6
0.11014941875501957,0.0009670561613272827,1.0459854863555325e-05,3.6672855934614947e-08,3.827081510278038e-06,3.4470604321168046e-06,0.8888657544139912,6
0.015782722780266593,0.44718632087978527,0.07062015904984043,2.8762413007204405e-07,0.03257068698341848,0.4338369458833819,2.8767991772967635e-06,5
0.034060928078966685,0.0002290509227363616,2.6141063173708755e-06,1.449178943756194e-08,1.314201985770135e-06,1.0731013119861047e-06,0.9657050050968924,6
0.006678271049269694,0.36444517345631317,0.1298622972927906,5.347011930927868e-07,0.08177298388461696,0.4172344172792024,6.322336614152022e-06,4
0.005040985611050296,0.3918457302011768,0.33407695334018733,4.3946647313050773e-07,0.03143679052656488,0.23759392757345976,5.173281087899764e-06,4
0.25812732981892045,0.737201070781143,3.4731434170852804e-05,1.9288026298660967e-07,1.1469368746689289e-05,1.0082410260874724e-05,0.00461512330649512,1
0.052660300163514605,0.9254412568769212,0.005546075870518956,1.9171050239921722e-07,0.01392504351253025,0.0024204858750660366,6.645990946660922e-06,1
0.017591220282484492,0.6113572859266061,0.29618154443916195,2.1228112976189635e-07,0.016210073569898172,0.05864802351297732,1.1639987742361955e-05,2
0.028520843437973783,0.00020121338688684046,1.1317908592872027e-06,1.0993377871480757e-08,7.640166835147604e-07,5.577837396977425e-07,0.971275478590479,6
0.10347058542273316,0.8154363607708565,0.025563997824171854,2.525147660776164e-07,0.04418014637133021,0.011341710089828828,6.947006313395844e-06,1
0.0034853954964370083,0.10638878237478809,0.03630313798885961,4.355367975534229e-08,0.002149058507477783,0.8516720305108478,1.5515679098442033e-06,5
0.0006953552521777863,0.06260316209089585,0.04057260714869614,3.2278015731159066e-08,0.8720725195199521,0.02405537289657911,9.508136833177032e-07,4
0.5957116783065096,0.37899920758351385,1.5019002545089785e-05,2.139764360298169e-07,1.535176688382221e-05,1.1537048294969477e-05,0.025246992315816688,1
0.08212689477307242,0.0004922642063456543,5.3105549639746595e-06,4.082540589868125e-08,2.8906014328878646e-06,3.62131837014334e-06,0.917368977720409,6
0.04015170328384508,0.0002982178258595322,1.6129212507337275e-06,1.906805843571207e-08,1.1608776064866971e-06,7.949006123258688e-07,0.9595464911227674,6
0.0863881222953653,0.0006800351111208799,3.4702696738955248e-06,3.679403016818699e-08,2.4976782661041833e-06,1.7021593286104681e-06,0.9129241356922151,6
0.006899386415185302,0.298559565245755,0.10790126588636716,6.186395641872753e-07,0.31426250758170315,0.27237066085757483,5.995373850359777e-06,5
0.0008736182241295521,0.0692191045364473,0.27408989433540343,1.0455324741214964e-07,0.6322262791619792,0.023589790802081415,1.2083867117600934e-06,4
0.0010438019315852727,0.17838599539251476,0.7923768556002508,2.4058499466835305e-07,0.00828267871276606,0.01990821507077955,2.2127071087689166e-06,2
0.37159284082249144,0.016216925765164408,7.975948172784142e-06,9.894495580081289e-08,8.303485001193154e-06,4.425043905087099e-06,0.6121694299903093,6
0.07522631799413004,0.0004548133416046794,4.296677061375599e-06,3.2793098619232104e-08,2.6837574583746622e-06,3.3621861784354764e-06,0.9243084932504684,6
0.5574857157701186,0.4424633017901635,1.870241644263629e-05,2.387098483249425e-07,1.4570896895551473e-05,1.2137644069794452e-05,5.3327724615983576e-06,0
0.0007648875179081113,0.06612439330526126,0.04960146931698949,9.009719853709046e-08,0.8647492384066539,0.018758880046797686,1.041309190998688e-06,4
0.0007709446822509023,0.06660644696085029,0.3126840214392758,9.88332943712514e-08,0.5976381174593316,0.022299228347329395,1.14227766763575e-06,4
0.6745202927260485,0.32540988898626383,2.5802663423850308e-05,2.0299694381662243e-07,1.6531129496557823e-05,2.2822064902479688e-05,4.459432920884439e-06,0
0.17200484481678618,0.0007173701088941142,1.5929452383382012e-05,6.569195169561626e-08,5.544729192765373e-06,6.63856260131414e-06,0.8272496066381905,6
0.04613608916854488,0.00025371474472190404,2.929992528329361e-06,2.1131260246084256e-08,1.9064940470579912e-06,1.923675749378659e-06,0.9536034147931481,6
0.02901580755203734,0.0002500454696523618,1.1455989638286437e-06,1.1629040807795508e-08,9.244448536814853e-07,7.574495341480001e-07,0.9707313078559179,6
0.09396936808303163,0.8842541179854864,0.008087033952001268,2.2956720370993744e-07,0.013099323861429299,0.0005798022776116728,1.0124273236128803e-05,1
0.0013709681903519594,0.06786959065607573,0.03143331299787776,9.238857295987735e-08,0.8666775427633622,0.032647224546234734,1.2684575246779386e-06,4
0.021449573789448725,0.00018368303761317052,9.948592889333015e-07,1.0098873719608451e-08,6.958432764184226e-07,6.577831586255304e-07,0.9783643845883405,6
0.08714120695670427,0.006112711347871581,1.518150566864666e-05,1.1080535419688658e-07,1.0730242770166805e-05,6.01015881908476e-06,0.9067140489828122,6
0.00022323304326117116,0.03424612829224412,0.9532164068518965,6.70712936305331e-08,0.002529049228583722,0.009784462475743565,6.530369772961026e-07,2
0.12756233040599155,0.0018015983259499122,5.78350020048151e-06,4.250522890030319e-08,3.99528186295504e-06,2.8757729496298745e-06,0.8706233742078164,6
0.12534501444732996,0.004768601821490738,1.4564358817151042e-05,1.0630098045662625e-07,1.0294045222576496e-05,6.4097690469992e-06,0.8698550092571121,6
0.168396533593028,0.0027820155576659795,3.055528045842753e-05,1.0344173657856644e-07,1.2366252393956837e-05,1.0144653563330684e-05,0.8287682812211538,6
0.012810894488036727,0.7636261904376374,0.0496257035818447,5.046450150849657e-07,0.038361311217471855,0.1355701247429901,5.270887004078951e-06,4
0.05612652149381107,0.00032600244366374966,4.636643832832538e-06,3.126004997325487e-08,2.2133361140141323e-06,2.550270794292621e-06,0.9435380445517341,6
0.069767659755667,0.0019084830447544906,3.5789166259378487e-06,3.044706021967049e-08,2.734719649538333e-06,1.9797236063159706e-06,0.9283155333926365,6
0.11200189258905378,0.0010610462529477564,5.657711807160826e-06,7.344074157906975e-08,4.752302512524427e-06,3.8101854614899074e-06,0.8869227675174758,6
0.23416980748442964,0.022084804225058565,5.4117246460310856e-05,2.7707329233651566e-07,3.0351091994184254e-05,2.1777822303129585e-05,0.7436388650564618,6
0.05124417165969301,0.9419615523884677,0.0017582043682393118,1.1521813809611582e-07,0.004482891712644194,0.0005491481626791601,3.916490138408438e-06,1
0.009627007573875853,0.24729101839218307,0.3400925140872446,2.6237187759426955e-07,0.06283787086540864,0.3401351664161196,1.61602932905211e-05,2
0.008031913995157297,0.5015242398109844,0.042008016639997425,2.79504636302601e-07,0.016426455772847393,0.4320056267806119,3.4674957652094933e-06,4
0.10022920990086433,0.007774968743794428,1.0752359578334801e-05,6.374693791225941e-09,8.11724198572145e-06,3.443134630939876e-06,0.8919735022444525,6
0.008616658356715877,0.17787358253261976,0.011756474438422928,7.149297832331501e-08,0.002848683606506514,0.7989032471788333,1.282393923312245e-06,5
0.009592486277910513,0.4763764839793347,0.03183353577446134,2.716139325715735e-07,0.014862181726279431,0.46733167102329254,3.3696047887527073e-06,5
0.0030317324940950384,0.2624461663777329,0.15859920578643874,1.8257108467127832e-10,0.46120041049437643,0.11471789289710374,4.59176768196187e-06,4
0.0008016712353446446,0.06927869386496008,0.3744677363511484,1.0119680946828011e-07,0.5216622273257678,0.03378840043169248,1.1695942771814614e-06,2
0.015767578155603673,0.0006822600292540118,1.0750922470478392e-06,8.244399891812566e-09,7.836693697519175e-07,5.150770293216453e-07,0.9835477797320964,6
0.08341367654597404,0.0007394903899249623,3.559599649576417e-06,2.916969813879126e-08,2.570956160798631e-06,1.6377899480933585e-06,0.9158390355486444,6
0.04179361047143209,0.0029049262979741076,2.0715151636600334e-05,6.013567129829396e-08,6.942607460265476e-06,4.775253117842858e-06,0.9552689700827078,6
0.000912765378644314,0.08759850627296573,0.047698981630538054,1.2998214665386209e-07,0.8310592552337248,0.0327288592177121,1.5022842682581889e-06,4
0.6281549369748719,0.37181046445771104,1.1259103318856686e-05,1.77216826501e-07,1.1155422216627941e-05,8.091571014914264e-06,3.9152540402242416e-06,0
0.09322202711345855,0.004297946705358829,5.405731060609696e-06,2.768051106610551e-51,4.494921336693911e-06,2.185309571684684e-06,0.9024679402192135,6
0.013580759222096807,0.6678967736691347,0.06929571374018237,3.599111290993997e-07,0.1601975116590459,0.08902454216458654,4.33963382456838e-06,4
0.0001842115095184539,0.029078163829930042,0.9583184978957523,4.008631253315153e-08,0.0007869901874212983,0.011631515586393349,5.809046719655191e-07,2
0.7719602215153473,0.22707250701116882,1.3615601913771048e-05,1.7206245479079353e-07,1.54843786052454e-05,8.059478913925481e-06,0.0009299399515962977,0
0.03703010981123671,0.5331166752727078,0.0007839738669876767,9.530438171684614e-08,0.4285825659849352,0.00048427726847042127,2.3024912805748263e-06,4
0.014488845064954115,0.0011646024908396647,8.474388957974285e-06,2.4597666661535212e-08,2.0805163287579223e-06,1.9954613114829737e-06,0.9843339774799413,6
0.010310155167341123,0.374477160765572,0.2500840916365971,7.881618218548152e-08,0.3647111564377814,0.00041485368312669575,2.5034933993297615e-06,4
0.09704318092189687,0.896977482887816,0.00016064559610459492,1.7999523049339056e-07,0.005673402118718406,0.0001389904272804271,6.118052953330197e-06,1
0.031964373935340226,0.5094791545900104,0.001941922118878522,7.934474831447868e-08,0.4562625081416483,0.0003504112225756659,1.550646798696141e-06,4
0.18816540420805955,0.015668463790960308,8.080089187664172e-06,6.956704358381754e-08,4.832230319447158e-06,3.5278542430022475e-06,0.7961496222601865,6
0.19273146506279504,0.00577221620611196,8.102433441209605e-06,6.639666280949769e-08,4.502881737883744e-06,3.5376099855251544e-06,0.8014801094092655,6
0.11904716442880606,0.8778878455243443,2.2422820999764358e-05,1.8472953217714229e-07,0.003017418994483887,1.5191178742400593e-05,9.772323091190338e-06,1
0.008262289623984164,0.3625996683448578,0.03761699585402215,1.4909873742131038e-07,0.005507454919623257,0.586010767723896,2.6744348791559855e-06,5
0.8976360487325636,0.04375465800337174,2.873090400599125e-05,2.682335742162974e-07,1.538455437918018e-05,1.1332178933793344e-05,0.05855357739317133,0
0.02774955127886728,0.6863524692511713,0.1424795497042071,2.0235196253160506e-07,0.14195410268727626,0.0014585577635095734,5.566963006048564e-06,2
0.029755272632736772,0.4648685015983198,0.4414018374579329,2.1015663601426316e-07,0.05192529802534039,0.012002615381488708,4.62647475452136e-05,2
0.025247680191617362,0.0012562885115241043,1.82417087790819e-06,1.5011949178956207e-08,1.389448426980533e-06,8.243994652864645e-07,0.9734919782661391,6
0.11084313971105234,0.8888959246545656,2.2928226104218205e-05,1.0968352523738068e-07,8.300561065376417e-06,6.977207561104649e-06,0.0002226199561260474,1
0.011569691257826538,0.6210714700735654,0.06589941516349801,2.247909157998887e-07,0.008308163486458794,0.293146925383449,4.109844286301432e-06,5
0.0103448689621175,0.6912892984193418,0.05596415132692015,2.1107336512090675e-07,0.007064424983268319,0.23533220662751256,4.838607474562998e-06,5
0.0017842229670261452,0.10861174051656097,0.07110862121585271,1.0189812156282406e-07,0.013618045399911145,0.8048751559319508,2.112070576694646e-06,5
0.013723485208864366,0.19681013817452458,0.0002342708732196536,5.826917278781275e-08,0.788902941287013,0.0003271683229353967,1.937864270244119e-06,4
0.8185082736959058,0.16790392414263028,0.0010538270413246596,3.636944126127955e-07,0.012000326757384387,0.000518693096745388,1.4591571596816867e-05,0
0.12323499905631644,0.021874068123857414,2.0329328601571153e-05,6.442616201132924e-08,1.0654197682995375e-05,5.555973789314468e-06,0.8548543288935903,6
0.013495042325503217,0.08296368482107679,0.004947501875826544,3.470835869775419e-08,0.0008242845379609296,0.8977677867258257,1.6650054480895305e-06,5
0.8362204896068506,0.15448549352933252,1.9898330972226657e-05,2.1557254854775775e-07,1.717591894579725e-05,1.0686884963053925e-05,0.009246040156387407,0
0.186130160508419,0.018004890157399474,2.5630636176489252e-05,8.122666277489902e-08,1.1043876960200915e-05,6.302204816017359e-06,0.795821891389566,6
0.5171195144444901,0.4795942881851899,2.9470482276448253e-05,2.0740226965416798e-07,1.4112987394401113e-05,2.0078174393153137e-05,0.0032223283239863733,1
0.02725418368947546,0.0014216783287372345,1.729254784315023e-06,1.6303552164303598e-08,1.4190227922275581e-06,8.354614278670633e-07,0.9713201379392308,6
0.0023536764126511236,0.07025152190078601,0.4854418935301264,5.9492627388029015e-08,0.007697144120275702,0.4342519532736506,3.7512698826829214e-06,2
0.9481133191259236,0.05059845672832619,6.964935477892696e-06,1.0413626841544768e-07,9.68424119285226e-06,4.780236252798451e-06,0.0012666905965581948,0
0.7219434893198642,0.032856366252895015,2.3897817983130176e-05,3.085779028228972e-07,1.6793178232163552e-05,1.567893452238196e-05,0.24514346591860037,0
0.016047496012995637,0.9785126893654369,3.596601499422624e-05,1.5715951449727115e-07,0.005381262294156769,1.1198232541271946e-05,1.1230920360815965e-05,1
0.4194345568819981,0.580515850127214,1.7750981984488622e-05,1.720941094407857e-07,1.3565090978427913e-05,1.0239645448459533e-05,7.86517826703719e-06,1
0.3757259669592271,0.05486384518079742,1.4865505133916726e-05,0.0,9.738850595831634e-06,7.023266658999336e-06,0.5693785602375868,6
0.020229122145530774,0.3217357927362091,0.0005923319897102895,1.1851252078487668e-07,0.6566917894282128,0.0007419225402886416,8.922647527460491e-06,4
0.00088397038223953,0.05686777726451691,0.9306348203932057,3.67165339648941e-08,0.0018304202345623324,0.009779024781272367,3.9502276693162484e-06,2
0.004701799808785679,0.08338383889569863,9.025729105325523e-05,2.5862031484721523e-08,0.9100311861968352,0.0017908757917930538,2.016153802714197e-06,4
0.006307597995735283,0.9839643360528776,2.256349224921483e-05,8.259606656002055e-08,0.009693395593409917,6.195930232680931e-06,5.828339429021423e-06,1
0.0010067454544928523,0.04322455018730686,0.9501603696427191,4.2452454782160435e-08,0.002208105144793976,0.0033920588383850128,8.128279847227313e-06,2
0.009159859241858507,0.07855177380299323,2.8606511983504868e-06,1.1550546247879855e-08,0.9122809661692106,1.8609941682938153e-06,2.667590024694298e-06,4
0.341565286719259,0.6551182216817618,3.605780703782049e-05,4.788702725809247e-07,0.003235988571934838,2.1749765166684443e-05,2.221658456718156e-05,1
7.47462526064044e-38,5.0097997332702924e-37,2.039358465816132e-41,7.25454346749798e-44,1.0,1.1688332999078533e-41,2.0460877236188162e-41,4
0.001601228230653755,0.025607341030357358,7.555469684338066e-07,3.1079288669228502e-09,0.9727896196783963,4.06345448675055e-07,6.46060246584936e-07,4
0.7180933357643562,0.2726966884511489,4.374273235666063e-05,2.3221094434072016e-07,1.7074605416252883e-05,1.6829696168624783e-05,0.00913209653960887,0
0.6433982095888001,0.008425994956670678,4.07703422733588e-05,2.2776518137394477e-07,1.778146510530539e-05,2.333302158729873e-05,0.34809368286038184,6
0.04371723931034867,0.000576950082677729,2.292502582593472e-06,2.050260303164391e-09,1.3414033184756568e-06,1.1302882600204637e-06,0.9557010443625522,6
0.007409219217030916,0.2762733826714511,0.40047784107801065,4.514111852646119e-08,0.31542054797634966,0.0004162954440879109,2.668471951303764e-06,4
0.3365779889968137,0.012545408264032021,2.799587853554118e-05,1.3009461758851737e-07,2.2586781376812988e-05,1.0226858677379812e-05,0.6508156631259471,6
0.006729519591225685,0.05187042744350913,0.9198225003944531,2.1316320976563306e-07,0.0014873099817960095,0.02008316176345588,6.867662350571945e-06,2
0.9575519115798654,0.04103299401511225,6.71967201429257e-06,1.0521573108574457e-07,6.847937132891408e-06,5.767532580248113e-06,0.0013956540475639106,0
0.07018339410970681,0.00853349152250156,9.083790537244422e-06,6.733544712973738e-08,3.816429644371841e-06,5.980187820938889e-06,0.9212641666243419,6
0.0590167780236848,0.02269607245066613,8.116247208287774e-06,5.301411596147506e-08,4.530143493760234e-06,4.7223120218737034e-06,0.9182697278088093,6
0.5309693095057497,0.024909653818770618,4.5531397657203764e-05,2.1158077818364618e-07,2.8446317611638316e-05,1.9801158727544352e-05,0.4440270462207052,6
0.057888147658696314,0.9419905148332034,3.948874963810114e-05,2.7865987249626103e-07,2.564413044461303e-05,1.310153863393773e-05,4.2824429511114706e-05,1
0.005853083820585182,0.287131011204901,0.34313150137710297,4.041582422027315e-08,0.362587556141126,0.001294271615233851,2.5354252269486504e-06,4
0.003101173295378289,0.13760824890845533,0.6291768744867348,2.1083044083542064e-08,0.2291729610345009,0.0009386925582159494,2.02863367057942e-06,4
0.008767469233393409,0.10138649127178825,3.3103170275138385e-06,1.3359276240969337e-08,0.8898369197587873,1.9009144343072889e-06,3.895145292809742e-06,4
0.06275909831971209,0.024791194031925493,8.630907575598236e-06,5.637580070236281e-08,4.817404989699759e-06,5.523775275565454e-06,0.9124306791847208,6
0.10774355518304937,0.008608277877786877,5.704336893036515e-06,4.3692943862577045e-08,3.0819087080024453e-06,3.2938597558684906e-06,0.8836360431408631,6
0.9706100070430954,0.01066299533325004,4.837446149340825e-05,2.6322331244410964e-07,2.7469988719262276e-05,1.997625212945983e-05,0.01863091369799998,0
0.9072307189114587,0.09273351419928477,1.3453381479239184e-05,1.426758496893303e-07,5.401247132557809e-06,8.329102373001589e-06,8.440482422196707e-06,0
0.0023151037718781922,0.4343640444562129,0.00042111624075544203,5.361029186122904e-08,0.5625654268650422,0.00033012709927943953,4.127956539888784e-06,4
0.001221577163899878,0.034628756055362,0.9581379864564825,6.209000601668503e-08,0.0024423991791112237,0.003565459046161418,3.7600089770892674e-06,2
0.0014567485262342661,0.08586036940133072,0.8547701316910697,3.2252547585386163e-07,0.0010923139478195407,0.056814744920915726,5.368987154419299e-06,5
7.19033153768373e-05,0.0007571736914545039,3.2255552340674366e-08,1.1205926519000891e-10,0.9991708574080346,1.5071147763636688e-08,1.8146374692489807e-08,4
0.17641743599795776,0.05762186902435522,2.5955200332361056e-05,1.526330221024259e-07,1.2343625367188694e-05,1.5126185466954119e-05,0.7659071173334985,6
0.08870790478432122,0.013992519146138449,9.923709020015721e-06,6.013956718255856e-08,4.906248797563417e-06,6.399287995329574e-06,0.8972782866841602,6
0.012886311545825698,0.4242492439715258,0.003909302297162824,8.565410246432291e-08,0.5587568938799571,0.00018482749923202232,1.3335152194105863e-05,4
0.8101352936508628,0.18982686979908242,1.1649796939867027e-05,1.789896276928333e-07,1.4486501684018087e-05,7.786877712622868e-06,3.734384090612367e-06,0
0.5176735250658535,0.4822742438839671,1.2564966266618554e-05,1.923265634845753e-07,2.440146726190469e-05,1.0170575143069796e-05,4.901714944341501e-06,1
0.746591906572205,0.11875992067259483,5.207916362677698e-05,3.0967171725082485e-07,2.2898578154599093e-05,2.585773125039417e-05,0.13454702761045118,6
0.5622594341388236,0.43516857867051206,2.2388741259622395e-05,1.4177177567590427e-07,1.1785235641057499e-05,9.24410043247369e-06,0.0025284273415554373,1
0.0012077667226781921,0.03681901244970288,0.000654796930855961,6.0166451321666465e-09,0.9613061614326208,1.1748078204162176e-05,5.083692926986235e-07,4
0.001740285199030712,0.06345862607910607,0.9259019949258159,2.7722152748853392e-08,0.00285489725086116,0.006028030139824575,1.6138683208710506e-05,2
0.03835544980899443,0.3015522066435334,0.12915446160745273,6.869812997104357e-07,0.019225369929311658,0.5117082856579361,3.53937147204741e-06,5
0.002983632618965368,0.04842416523061846,1.3286916734701059e-06,6.273003332056781e-09,0.9485886583059528,8.797306072347822e-07,1.3291491792533993e-06,4
0.005536683582065188,0.11649037208629501,2.9621206533359166e-06,1.398472881206663e-08,0.8779650214962335,1.9835894296396217e-06,2.9631405944981694e-06,4
0.9161948379045455,0.07801579167973742,2.1738383136870945e-05,1.639141618564333e-07,1.0652957320150724e-05,1.4099160582940135e-05,0.005742716000515266,0
0.9086010258176773,0.06779023714943941,8.752811183897136e-05,4.4925350467273843e-07,3.4774123405442524e-05,4.21761620718441e-05,0.023443809382062586,0
0.0061668347490009025,0.23612753562482425,0.0010492342923490688,5.096863904995533e-08,0.7564754988552732,0.00016784486842023698,1.3000641493228523e-05,4
0.004586676228503982,0.1125890671040398,0.8815934526685438,1.5516019277507575e-08,0.0010423044589311066,0.0001866383074419292,1.8457165200135457e-06,2
0.8921548790403548,0.1038334239281182,2.4467446512883425e-05,1.3045137269949758e-07,1.332747172357049e-05,1.1190023196673907e-05,0.003962581638721217,0
0.0018205185484728116,0.05492915676442205,0.0007028931931699483,9.069147093570463e-09,0.9425246932797796,2.1962858183952542e-05,7.662868246440709e-07,4
0.08774281738263615,0.008320323495208152,1.1021658960625942e-05,7.925218473302081e-08,6.76202439424536e-06,7.2971935567287085e-06,0.9039116989930593,6
0.9470824630101969,0.017358702873028174,5.235104429305845e-05,3.4884287825577965e-07,3.000053176000845e-05,2.6996981696349713e-05,0.03544913671614737,0
0.7064426945772714,0.2928054042312375,3.058780946033371e-05,2.0573246180779881e-07,0.0006810312588713513,1.191318014167795e-05,2.8163210556108896e-05,0
0.001139128042435793,0.027784108734431868,0.0011683562142805867,5.209440824612984e-09,0.9698877225156081,2.0239118280522208e-05,4.4016552234486757e-07,4
0.015195704597240758,0.3165023961254544,0.06388528521263569,2.7334267186637117e-07,0.01934473054021271,0.5850659775025135,5.6326792710967415e-06,5
0.021840453026732917,0.8033899529651067,0.040514441415514246,8.12141264350184e-07,0.014041345234224675,0.120206444839623,6.5503775339525865e-06,5
0.5770257731472874,0.4226007059738978,2.6634457953641174e-05,3.6852326492077257e-07,2.3572557758991002e-05,1.8903856839291947e-05,0.0003040414829978837,1
0.0008260275773539585,0.029428457813391762,0.0006331345438854812,4.193932499988186e-09,0.9690910753069502,2.0946017370477272e-05,3.5454711557757835e-07,4
0.004163641897083798,0.0773718710628489,0.9175463439425057,1.06626999745779e-08,0.0008047039149125467,0.00011331732857087516,1.1119137797596012e-07,2
0.8391312071979048,0.15881965862293496,2.2585689499000875e-05,1.6980243600362477e-07,1.41153745954557e-05,1.2501774085161968e-05,0.001999761538544635,1
0.0011692179772263558,0.029418273651741735,0.000632915438127985,4.194678921670748e-09,0.9687557067250453,2.3527588760591702e-05,3.544244192011495e-07,4
0.9754514277012821,0.024540921785139364,3.3161905252455827e-06,2.688886767783499e-08,1.421365255870036e-06,1.7595697669125144e-06,1.126499162983048e-06,0
0.001315448263288401,0.02692366369491383,0.0007398158422399941,4.441423220661992e-09,0.9709931465994148,2.7078885758818042e-05,8.422729608439919e-07,4
0.00020778267525228705,0.0070130589002631695,1.1089750051144743e-06,9.882516155235694e-10,0.000516025582533531,1.4600097611053555e-07,0.9922618768777183,6
0.0018553917995445595,0.03095713377961983,0.0019056981475791387,3.0900991340061805e-08,0.00045658547300184496,0.9648245606668332,5.99232430192929e-07,5
0.8934687104497712,0.0982825326124798,2.0799360680630333e-05,1.7332255786736775e-07,8.316471878153066e-06,8.80005366825774e-06,0.008210667728963844,0
0.021273072266476838,0.8457416514038292,0.00831044267266302,1.745227880898951e-07,0.12340072980497013,0.001255521980249792,1.840734902299902e-05,4
0.2579973258686263,0.024788998808453897,3.193765630956381e-05,2.1323592248154247e-07,1.3885862016092567e-05,1.9428616504625224e-05,0.717148209952167,6
0.8181388934870256,0.16022377655049563,5.695140369910412e-05,3.147636133207135e-07,3.0487587206331107e-05,3.0612922245282046e-05,0.02151896328571471,0
0.01588032410459065,0.8769515072487724,0.0076238770028007625,1.5948038531756733e-07,0.09849268312684925,0.0010346282469100164,1.6820789691663242e-05,4
0.15906358946290958,0.8331694731684133,2.138995243735067e-05,1.340376717864078e-07,0.007694262377660293,1.4539319924315634e-05,3.6611680983463025e-05,1
0.01066461321698443,0.13031393528703822,2.2063155357095602e-05,1.345063618494893e-08,0.8589473569179258,4.6089242663245765e-05,5.928729394920249e-06,4
0.00656548885189891,0.04192815324946715,0.8399629376014031,4.269406294378197e-08,0.001253797425884954,0.11027301174510314,1.65684321798108e-05,5
0.7265082149325449,0.2521739267967382,4.5742668024065416e-05,3.2478129983195764e-07,2.8423446183630884e-05,3.161768622415182e-05,0.021211749688985183,0
0.9166560702308343,0.07405890596656096,3.0385106121306243e-05,2.2480971423929492e-197,2.2570758077990646e-05,1.8221334585515917e-05,0.00921384660381987,0
0.0028955787846842063,0.032021443454228686,0.0021489115899660546,6.2222031374459705e-09,0.9616060360088429,0.0013274565042224486,5.674358528565695e-07,4
0.007329257825531253,0.13786174019041691,0.00013378457688398973,3.238375246713946e-08,0.8544092033881118,0.0002652016634314643,7.799718722961739e-07,4
0.7238862989963563,0.2161620244673104,4.3564592659038854e-05,3.449402193206098e-07,2.169863892723275e-05,1.6426468922803028e-05,0.05986964189560499,1
0.0025048383538465663,0.07439069716439488,0.002026978468111634,2.8179673138454245e-08,0.0001407506321360565,0.920935111789519,1.595412318690748e-06,5
0.00483925982020411,0.23829758317697336,0.006396946462016343,7.062951573616234e-08,0.0003094068378169108,0.7501536988798777,3.0341935958811386e-06,5
0.8853016770243044,0.11465809847755659,1.4556576885272261e-05,1.5116554727234348e-07,9.466303053468236e-06,1.198131925361697e-05,4.069133399194221e-06,0
0.014339810025862619,0.11681387388574833,0.0005930044268665424,3.0435292559204244e-08,0.8675377679778913,0.0007021164263520677,1.3396821986579395e-05,4
0.022580666170379703,0.16218704826317987,0.0006760920944552093,4.2691375577305237e-08,0.8140094925265834,0.0005286514441077773,1.800680991855745e-05,4
0.8675203454254826,0.030567155447789093,4.0372778572803903e-05,2.908669478453547e-07,1.898197415947982e-05,2.3585154595606985e-05,0.10182926835245239,0
0.3509352399648496,0.015280304244076174,1.845646254517533e-05,1.3271277802858492e-07,2.4534836310191007e-05,1.1056100623986845e-05,0.6337302756788169,6
0.8350407293292159,0.04366473635595955,4.770616542081944e-05,3.0266149910151666e-07,5.9200808201478305e-05,2.136625567803159e-05,0.12116595842402512,0
0.9638771702813618,0.013823232161738475,1.3060374950072168e-05,1.8744792133618693e-07,1.4003008152187558e-05,8.696555797684653e-06,0.02226365017007847,0
0.8361750867763508,0.16024290846491848,2.6634782430805777e-05,1.2576566966502712e-07,1.2126197525048915e-05,1.4167776244429405e-05,0.003528950236860758,0
0.005726354153216531,0.28956204962747123,0.6792387975273307,7.267088818757696e-08,0.022423560860861697,0.0029544381994155737,9.472696081574983e-05,2
0.022828053641639697,0.20716432569580662,0.02770989486074709,8.420135355735852e-08,0.006571296260686809,0.7357128548813618,1.3490458404297168e-05,5
0.08431412674482518,0.9156492483318431,1.55771404064315e-05,9.305479234903877e-08,1.0180029834862346e-05,7.486160839561148e-06,3.2885374581532254e-06,1
0.7257063291587066,0.01793260501857393,3.160521032043046e-05,2.2867664045299742e-07,1.822386961266892e-05,1.8612720461204402e-05,0.25629239534568454,6
0.050068902519243924,0.8090507424235789,0.0007060247103681275,1.357654745381301e-07,0.13923705151850313,0.0009343567914232341,2.786271408312715e-06,4
0.15007431343788386,0.3604383074633657,0.00154397588933805,1.7170467666409964e-07,0.48699024092447607,0.0009335356107151383,1.9454969544485153e-05,4
0.13478271716643916,0.3655246476844539,0.0014321576345760784,1.592694324276888e-07,0.49736165166539326,0.0008693411431881841,2.9325436516939695e-05,4
0.8664030695105202,0.1308769757153924,1.9140808844982894e-05,1.6046309371415126e-07,9.070743663617936e-06,1.052963234159035e-05,0.0026810531261434213,0
0.007495436357797791,0.07936712659976,0.0014077607884198386,1.5496061570587087e-08,0.9114515194427308,0.0002777706719620046,3.70643267834605e-07,4
0.0012883976074082866,0.05689054096142716,0.0008149868041325649,1.5611885596330118e-08,0.00012529178975041822,0.940878485489422,2.2817359739756334e-06,5
0.8959810776722485,0.1020768827757244,8.229549488650662e-06,1.0036187870489549e-07,4.953866918893378e-06,5.811814356309231e-06,0.0019229439593843826,0
0.9456466188193134,0.05151469576749223,1.7059044901780536e-05,1.1602305548622891e-07,7.66287408548844e-06,9.671672222803576e-06,0.0028041757989288756,0
0.16282360075203064,0.437697310265809,0.0029311583000160993,2.0526058880900973e-07,0.3949932427424087,0.0015501301081273073,4.352571019487269e-06,4
0.6867248604826972,0.3100396982546505,3.147496036692591e-05,2.7857949533612546e-07,2.123617128905142e-05,2.044276188490288e-05,0.0031620087896159815,0
0.34230479810204706,0.6572352022532534,2.040298697629839e-05,2.1187870723804144e-07,0.00041298419541408387,1.752400355332927e-05,8.876580048565358e-06,1
0.091974285523055,0.8838792861332249,0.0016605621198082174,2.2351361912290577e-07,0.021269696021678188,0.001208376777052012,7.569911562451583e-06,1
0.005615588075694421,0.06289606696685522,0.001428222072940056,1.2135415160319085e-08,0.9298577300541893,0.00020209043341506053,2.90261490705981e-07,4
0.03433398860567538,0.809566313505997,0.0004531151066675162,9.313439811111989e-94,0.1545165510904596,0.001118680292950337,1.1351398250117298e-05,4
0.05429971991942736,0.4514270050040118,0.17287508153066863,2.199601279514533e-07,0.03496975678075418,0.28638771671236724,4.050009264286721e-05,5
0.4620154037402871,0.5342194603530896,2.8849272327011566e-05,2.3480558639080758e-07,1.8295249577707066e-05,1.305157273022207e-05,0.0037047050064019844,1
0.7055445051033302,0.2943994985228514,1.9852896923257557e-05,2.084195869642484e-07,1.601304138033643e-05,1.4046865001889604e-05,5.8751509259474655e-06,1
0.001935619786823312,0.0614015515237352,0.0035473776722561826,2.251014563465319e-08,0.0009096196227143304,0.932204474181333,1.3347029922440714e-06,5
0.09226966969018525,0.7517141624921633,0.0005075295488823334,2.0274458174379246e-07,0.15285859154375803,0.0026297144546722447,2.012952575703447e-05,4
0.008240340160613258,0.2146103123570638,0.011382256244770673,7.22169869815834e-08,0.003044701962768346,0.7627072779373221,1.5039120474907495e-05,5
0.7735950527858337,0.2210822273542609,3.3052225668436135e-05,1.5835068687176664e-07,1.6105039876533068e-05,1.1826681840515184e-05,0.005261577561832982,0
0.013387483093016328,0.33508922987572415,0.009992231963221894,1.1232115353469912e-07,0.009294216619522915,0.6322267475619643,9.978565396932984e-06,5
0.0033966233546282787,0.08102551103752643,0.009621485655461613,3.437210155867615e-08,0.0034329448707427473,0.9025217279390954,1.6727704440764367e-06,5
0.12424425201919953,0.850901365964781,0.0035916921896260385,2.496898099455825e-07,0.017346425375545024,0.003905294073527266,1.0720687511066485e-05,1
0.44814237941919316,0.5516024881524029,2.4863243671333222e-05,2.2013879036044456e-07,1.5075055540306919e-05,1.4735325995659775e-05,0.00020023866440620317,0
0.1008056251142022,0.8932641211553315,0.00033747420657591766,2.433579598657537e-07,0.003776295822442173,0.0018109568650269833,5.283478461451854e-06,1
0.0037928060259263133,0.0837542058933051,0.004911180821824811,3.519852119197431e-08,0.00615579491879537,0.9013848426223648,1.1345192625848185e-06,5
0.002904617018310624,0.06089103772881835,0.005759704638679675,2.5447594935717906e-08,0.0035024622483221064,0.9269398921643356,2.260753938769647e-06,5
0.4803440019338474,0.011340271537176221,2.473136770330024e-05,1.5938700311375375e-07,1.3240642558303378e-05,1.4682594657654072e-05,0.5082629125370541,6
0.9195117348879266,0.07501469282668885,1.600665662729237e-05,1.2448563950336403e-07,6.342924061268171e-06,8.494462765891142e-06,0.005442603756290534,0
0.06481696811138628,0.8248899644970961,0.016796880776688033,2.3280083778445417e-07,0.028556559008647262,0.0649318911652522,7.503640092486862e-06,4
0.03572684561119121,0.8461690761846483,0.02203058244046389,2.556233243793838e-07,0.04129417663698443,0.05477376956744015,5.29393594775041e-06,4
0.22149314616810697,0.003147132745027804,1.4695240779001923e-05,9.470686845546312e-08,8.023557734624051e-06,9.827387518201248e-06,0.7753270801939649,6
0.003910514593932506,0.1068804259449099,0.005922049990673248,3.3762593352287675e-08,0.014095583141416373,0.8691906933462173,6.992202572707407e-07,5
0.13183676561476676,0.0012003717070118117,7.062554695528415e-06,5.5258474557376554e-08,5.0885814364667896e-06,5.733971062461819e-06,0.8669449223125525,6
0.9610879200126341,0.01724138515417512,4.758331962875252e-05,2.867998971434269e-07,2.077493159892581e-05,3.123014104777126e-05,0.021570819641018153,0
0.6758728388245642,0.3238837418223199,2.3384204167279022e-05,2.428377254031062e-07,1.3243660450804642e-05,1.6889689518165096e-05,0.0001896589612541434,1
0.07792037227763156,0.8003124442875189,0.0104856440177781,3.147347927634485e-07,0.10683689411183973,0.004437656588132976,6.673982305883293e-06,4
0.9426892604909656,0.039584920657410025,1.7241170827329746e-05,1.4392937427737407e-07,1.302138688049958e-05,1.1631386945677254e-05,0.01768378097759668,0
0.03545884179748564,0.30715991347378974,0.020046081075739828,7.989722108290165e-08,0.6290071567062668,0.00832601502230292,1.9120271940039898e-06,4
0.021833910939232586,0.669119988640406,0.04738125234208796,1.584563471541104e-07,0.2588337276549918,0.0028271699346120644,3.7920323224612535e-06,4
0.9103379133208054,0.08080709969566971,2.813662735203767e-05,2.289220766929468e-07,1.6679491315417045e-05,1.2421530152261895e-05,0.00879752041262841,0
0.7434788449627229,0.03488004054537147,2.6776031393985636e-05,2.195983884826792e-07,1.788926439888551e-05,1.4954690065264368e-05,0.2215812749076591,0
0.018525557739153316,0.6973749824064769,0.03665856595543709,1.5619303110315226e-07,0.24443427751132976,0.0030027223258582455,3.737868713522122e-06,4
0.015347022803519033,0.6208324846890031,0.06420604270398808,1.2128756045139996e-07,0.29742701337212996,0.0021844126008730837,2.9025429262033275e-06,4
0.005463199220661141,0.3169194948119191,0.5698681076895166,7.32183519164054e-08,0.10288305659196877,0.004864316272974463,1.7521946078582813e-06,2
0.005550211770054489,0.26883752362514196,0.6341714800664976,5.8089767010778244e-08,0.08669405130525693,0.004745284992126517,1.3901511556042509e-06,2
0.2279606859053728,0.7719958049738689,1.8921188874200595e-05,1.4483608733885435e-07,1.2839354588503323e-05,7.2687582447443e-06,4.334982963387599e-06,0
0.018030567626199836,0.1222120660557661,0.008443802368994923,3.625654618731002e-08,0.8467155301042752,0.004597218994049075,7.78594168680182e-07,4
0.07463239564354453,0.9217047011031313,2.391607281867787e-05,2.0275483428563033e-07,0.003610091199979661,1.870731336129104e-05,9.98591233012465e-06,1
0.899011611987722,0.01489255846683975,3.339368200672784e-05,2.3502595335345575e-07,1.840990871120631e-05,1.766715258890566e-05,0.08602612377617809,0
0.07391139985050264,0.2414009666470865,0.0026821811557167633,1.1322581393249512e-07,0.6807340498949793,0.0012692707090652745,2.018516835707623e-06,4
0.6551373427977886,0.34481650359819044,1.7941231777791607e-05,1.7173274307828492e-07,1.3572908798601208e-05,9.260466167825566e-06,5.207264533635658e-06,0
0.09384597350285119,0.31780147440014217,0.003315161074556657,1.291461907278116e-07,0.5837942059621535,0.001240753579053461,2.3023350523849117e-06,4
0.8592161286293463,0.1404630624031064,1.7728556349285093e-05,1.4519110327912763e-07,6.460592458989108e-06,9.160916494275529e-06,0.0002873137111415778,0
0.20134627902997304,0.7491867870952067,0.00025558554268836925,2.3462476129077805e-07,0.048065128140430506,0.0011318582862429143,1.4127280697102237e-05,1
0.759053919288811,0.24088482946621628,2.083821262818979e-05,1.626763680034944e-07,1.0915366669531676e-05,9.162361541480566e-06,2.017262776530078e-05,0
0.8487824905236163,0.15059056826535458,1.3045634394437896e-05,8.591244268377211e-08,4.693953832810969e-06,6.741099779797553e-06,0.0006023746105793034,0
0.8168853364844878,0.18266217593750275,1.0125594746134449e-05,1.9101440565344686e-07,4.766159365903599e-06,5.936325987100526e-06,0.0004314684835047282,0
0.17940282877149621,0.7308994171511349,0.00031666919218221383,2.468934216520965e-07,0.089150560468845,0.00022280511826465517,7.472404655354273e-06,1
0.3672328574127752,0.6327097359625499,1.9957515666812055e-05,1.926447691772374e-07,1.6582816998004248e-05,1.4125635408679446e-05,6.548011832189577e-06,0
0.9171218868188712,0.07039900172242754,1.510110493738619e-05,1.475423758351456e-07,7.71738170541371e-06,7.0193058667341435e-06,0.01244912612381614,0
0.13671146810324888,0.0015846998874271907,7.293592043421516e-06,5.2600094207314594e-08,3.598884344242155e-06,3.3570452457602852e-06,0.8616895298875964,6
0.7373366939886351,0.24418538598736414,1.548179006708664e-05,2.0625730313404022e-07,1.5059044207977947e-05,1.3872302200445307e-05,0.018433300630222093,0
0.6823788026947779,0.3138761533041757,0.0003345587741637985,2.2976597490675812e-07,0.003092152295552372,0.0003116243966601437,6.4787686949462525e-06,0
0.9666911291872529,0.016832907545260477,4.944284897219741e-05,3.034612294775435e-07,2.3758084217122386e-05,2.225696937709323e-05,0.01638020190369086,0
0.0796429471095124,0.0005836116186280402,5.109683121597651e-06,3.1812897836556174e-08,1.8445911886358015e-06,1.8120757890712585e-06,0.9197646431088624,6
0.12067091056886166,0.8760104141102788,1.5025428518317553e-05,1.3433827936048296e-07,0.0032793042721315823,1.0071387078963231e-05,1.4139894851221832e-05,1
0.6710869096661897,0.32885859491206754,1.719742572044625e-05,1.6419395340595924e-07,1.2022128979152524e-05,1.503469209214527e-05,1.0076980997575048e-05,1
0.8046323759563726,0.19316794427397163,2.915336682165187e-05,1.1556649357725751e-07,1.3128015545740422e-05,1.3810908263195829e-05,0.002143471912531837,0
0.35238879221069197,0.6299689850856449,3.4653078044989906e-05,2.48912738193944e-07,0.017580487206216383,2.106571469923668e-05,5.767791964321282e-06,1
0.7706916185474484,0.22613943668014294,1.913144617427637e-05,2.680380411377323e-07,1.664447040679649e-05,1.501351843306594e-05,0.003117887299353336,0
0.829762766870701,0.17017640701734257,1.831488413029007e-05,1.5784405171213206e-07,7.851147126292511e-06,1.2938920775302926e-05,2.1563315872720443e-05,0
0.24467958023087358,0.7519387164288387,0.00010025923860394891,2.0837593928003015e-07,0.003002364434427887,0.00025205992431311005,2.6811367003433206e-05,1
0.31601282109746837,0.6660682127319013,0.0001230555334822481,2.517455487175908e-07,0.017416016497256097,0.00037302330973834483,6.619084604999698e-06,1
0.698354588142217,0.30160614272104364,1.793726073990096e-05,2.628335284819151e-07,9.049858338904609e-06,7.492213702415289e-06,4.526970429942436e-06,0
0.4422036049321344,0.5576866498573222,3.4266792043704596e-05,1.9073138482322527e-07,2.5468501463121523e-05,1.8344040937686457e-05,3.147514471419825e-05,1
0.2653649809028106,0.7338978196672201,2.246068687448643e-05,1.6138696979743552e-07,1.3415811852473477e-05,1.1576748750395683e-05,0.0006895847955222536,1
0.014853573353330957,0.00021378916167063053,1.5842025891512259e-06,6.446483552051622e-09,7.140141962873213e-07,5.601636958920938e-07,0.9849297726580336,6
0.892844125258926,0.09644474954210903,1.5548281632805324e-05,1.824694590976823e-07,1.3788197526353668e-05,8.951540596656229e-06,0.010672654709750075,0
0.8925389676978259,0.00508627778429558,1.874919988882808e-05,2.2332991758904245e-07,1.7343118282752465e-05,1.0306168229002165e-05,0.10232813270156048,6
0.23704437098784611,0.0016190299869260946,9.699301010730245e-06,8.196228637695738e-08,5.464651552129363e-06,4.57125850467902e-06,0.761316781851874,6
0.2166522530594006,0.004186090920264131,1.146270072556132e-05,9.850096887510163e-08,6.15089459135671e-06,5.493665581979422e-06,0.7791384502584674,6
0.8788115679977938,0.005217518980776494,1.892549144432284e-05,2.2542980338650246e-07,2.1839949816226964e-05,1.040307318702995e-05,0.11591951907717855,6
0.42270803831355996,0.577183128629155,3.964025735241018e-05,2.3865444409842053e-07,2.2977706607753185e-05,2.2166125957770958e-05,2.3810312922931976e-05,1
0.00465058699949633,0.00011160578724157206,4.864942062625355e-07,1.9395703596031763e-09,2.1363548094556253e-07,1.6853791564120204e-07,0.995236936606089,6
0.3750486066866151,0.6244750289011937,4.3029876953268484e-05,2.613411557005497e-07,2.1098203885804385e-05,1.978771944292362e-05,0.00039218727075346577,1
0.8979906213553966,0.07397802328705426,1.9215151210874424e-05,2.487157141386424e-07,1.581807564742975e-05,1.4471793226280002e-05,0.027981601621750566,0
0.27607446045183653,0.004465521392857823,7.2734371338097555e-06,8.663708986593698e-08,5.044081454102318e-06,4.42159226430751e-06,0.7194431924073635,6
0.3487035176812358,0.6512317939789476,2.8487424236631054e-05,1.839933430376049e-07,1.3856666673102117e-05,1.4709946209513239e-05,7.450309354427091e-06,1
0.90976957925381,0.07406702715759877,1.4031093753972207e-05,1.5236399908789663e-07,1.216569398273873e-05,8.002087901723536e-06,0.016129042348953876,0
0.005446144216512304,8.938850045293419e-05,8.553968726271858e-07,6.876738078468881e-10,2.5874075189422494e-07,2.5491075346119147e-07,0.9944630975469829,6
0.39148089337593234,0.07441058268525805,2.151667450092039e-05,2.151612110554861e-07,1.0423888951308054e-05,1.1211788587534875e-05,0.5340651564255589,6
0.783135685864761,0.2168074186055308,1.3002434877872606e-05,1.8562581318901859e-07,1.4788332317523256e-05,1.1922473723610824e-05,1.6996662976044765e-05,0
0.00880131078112215,0.0003591090725117302,3.1418763151849615e-07,2.776215475849617e-09,1.32600014895681e-07,1.2587202862225378e-07,0.9908390047104756,6
0.05397366751796986,0.0009504409067408795,1.4342599617169997e-06,2.222423198484292e-08,1.0310771806473532e-06,8.656920721555149e-07,0.9450725383218427,6
0.04823158948426683,0.9516723855556352,1.2226037206713492e-05,7.753475647329148e-51,2.4502316508265865e-05,6.561515359411201e-06,5.273509102356649e-05,1
0.7293489774136789,0.27059263283939916,1.3530151243923046e-05,1.8025644931719447e-07,1.3969214124640509e-05,1.180068903168393e-05,1.890943607234989e-05,0
0.0917512634590235,0.0026241849791384764,3.03382412457947e-06,2.6807387181209243e-08,1.2542632021915672e-06,1.2154316680078168e-06,0.9056190212354561,6
0.8622861198343881,0.13765608655339326,1.5169381961418207e-05,1.4243563993292024e-07,1.2560560364188164e-05,9.422046946388038e-06,2.049918730688477e-05,0
0.034604635100047076,0.00013871672326408886,4.051051709978151e-07,8.61696192811774e-09,6.222446248704905e-07,3.508818309093624e-07,0.9652552613281001,6
0.029007898219898166,0.0001748021412409551,6.234547967029332e-07,7.883241940331118e-09,6.956967290544304e-07,3.652896238459555e-07,0.9708156073144694,6
0.13774416086404673,0.8495800402154577,0.0003250498907875429,2.106021781949187e-07,0.007001126096141885,0.005333332531088032,1.6079800299847913e-05,1
0.7586242496759731,0.22884534399317139,2.3245898295607816e-05,8.000136075310655e-08,7.3092354864946465e-06,9.6583425816668e-06,0.012490112853131032,0
0.7720372431102932,0.2278551711398729,2.356443526686616e-05,2.147424873965763e-07,1.2811950788844838e-05,1.4258993615642014e-05,5.673562767523429e-05,0
0.04931157391596079,0.00011408680904842173,5.693055997139779e-07,1.210965702095677e-08,9.509260783207972e-07,4.931040269927103e-07,0.9505723138296288,6
0.21271508486525198,0.78722319266972,2.974270705583142e-05,1.693009498041636e-07,1.2678607072014255e-05,1.642274379353138e-05,2.7091061567963972e-06,1
0.02461656092219778,0.00017193065849483127,6.399942521739318e-07,8.092374229839094e-09,4.6003881725013394e-07,3.76978173063337e-07,0.9752100233156906,6
0.004234902785887936,2.750195279330537e-05,3.3617744457633194e-07,2.9689664539825463e-09,1.4962494151924855e-07,1.587262454237505e-07,0.9957369477637208,6
0.8514558609284941,0.14849995938066465,1.6583597578737755e-05,1.7344295282401963e-07,9.297788318627011e-06,1.3082731604834744e-05,5.042130386308356e-06,0
0.03227112702226869,6.537670305988125e-05,8.584692189904481e-07,1.085486965120491e-08,6.170823609876436e-07,4.83669679470443e-07,0.9676615261985423,6
0.015923364028595347,6.486163770161943e-05,4.144896444476377e-07,5.240992877466735e-09,3.049293502123512e-07,2.4285444126667837e-07,0.9840108068192742,6
0.018004977562393606,5.539546241743951e-05,4.7103872911140586e-07,5.956024854550355e-09,3.4815864409266527e-07,2.7598722647404545e-07,0.9819385258345645,6
0.7715374615712658,0.1627049784408993,1.8731389103001322e-05,1.1177686842285883e-07,7.815745576941525e-06,1.3135444919768063e-05,0.06571776563136694,6
0.2589385808558798,0.2912979568188973,2.8789865675842843e-05,1.9996700142994803e-07,1.1226239753566222e-05,1.4556948514294371e-05,0.4497086893042776,6
0.34353580416076474,0.040208387134551694,3.963014699902082e-05,1.902461713009054e-07,1.2556152369374618e-05,1.3073261332589234e-05,0.6161903588978113,6
0.017326922188244914,0.0002315044503541805,9.661113374560822e-07,1.330639004814168e-08,4.838345459752771e-07,5.651979054600348e-07,0.9824395449112219,6
0.11476662255659324,0.008778049379607227,1.3096327854836776e-05,6.426733601635383e-08,4.558665940878549e-06,4.0656994629762595e-06,0.8764335431032049,6
0.01763908549204146,5.643775639085759e-05,4.625068445975214e-07,5.848143881967227e-09,3.3875334647266715e-07,2.5744554424776116e-07,0.9823034121976885,6
0.03056001661743844,0.00016279587026294632,5.377123366253884e-07,8.626880619483834e-09,2.9718055160848915e-07,3.1505209074012375e-07,0.969276028940439,6
0.10668078628897465,0.00329146331491134,2.7534054952382597e-06,3.6578565772159645e-08,2.025609468851725e-06,1.613253218950234e-06,0.8900213215493651,6
0.15762475859269595,0.8228210631107493,0.0017132532991099732,2.50718235731325e-07,0.011887151391079771,0.005940527547496342,1.2995340632926446e-05,1
0.2273766206782945,0.0358890152256794,1.5640986278197123e-05,6.532745322459911e-08,5.667874514231628e-06,7.676947616157766e-06,0.7367053129601642,6
0.03569681438006092,0.004249401995002894,1.4079015322760678e-05,2.8323620390126115e-08,1.9595726819196357e-06,1.9463313701042117e-06,0.9600357703819411,6
0.7605462612386854,0.23941597050552443,1.6316046901213105e-05,1.4470412966871588e-07,8.156877018367662e-06,9.303433997889105e-06,3.847193743152147e-06,0
0.011783684758874131,2.59567348255922e-05,1.6351430195479663e-07,3.0542853036695543e-09,1.9120360492562703e-07,1.360923936726556e-07,0.9881898646417143,6
0.06504286073113352,0.0015030433617721599,1.227310628246578e-06,1.1818895245025409e-08,8.519791345625988e-07,7.190959795405267e-07,0.9334512857024567,6
0.7704536274430921,0.22949929554006626,1.3728675939083217e-05,2.4338420011502034e-07,1.666685869906273e-05,1.3021030986307346e-05,3.417067017158497e-06,0
0.04198710942404651,0.0001455583192826357,5.661197075967804e-07,8.03002929167495e-09,3.3760690370008767e-07,3.317453532654006e-07,0.9578660887546769,6
0.06453006113066241,0.006625272231400363,7.1527826284222676e-06,2.42415004735367e-08,2.4903395711182286e-06,2.926609173431632e-06,0.9288320726650637,6
0.9779148866901196,0.0161127671348916,1.2308539997072851e-05,1.0687878254946071e-07,7.263662325983225e-06,5.9608650358651165e-06,0.005946706228847328,0
0.7173955708252076,0.2825659850108079,1.3846511465834049e-05,2.010974573555978e-07,1.1617225259597393e-05,9.29984238012246e-06,3.4794874217761485e-06,0
0.058069353025127224,0.005689674644429733,3.735980999755984e-06,2.1297432740768913e-08,1.5846016792607033e-06,2.2037588410128737e-06,0.9362334266914903,6
0.013357398915587007,0.000957375199569406,2.661898133610746e-06,1.2292824425482291e-08,8.504803621858711e-07,6.4258155398315e-07,0.9856810586319693,6
0.030202254969768073,0.0003611826606417231,3.38816379865348e-06,2.572113602896793e-08,1.1353218183937065e-06,1.344518313093675e-06,0.969430668644524,6
0.027811975023539746,8.735147834614096e-05,4.529003391993251e-07,6.424088300014513e-09,2.6698106728057625e-07,2.9099982517506096e-07,0.9720996561927941,6
0.02697161588975443,0.0018790134564570106,1.3068605068891394e-06,1.0218608791439314e-08,7.223150287484498e-07,9.479035335933994e-07,0.9711463833561105,6
0.8216791305595506,0.17819485438147492,1.0014487842659118e-05,1.4889141732197015e-07,0.00010648525640371367,6.807544640784818e-06,2.558878670096398e-06,0
0.19227781680053005,0.8048503373546252,2.2045458718977083e-05,1.4801009237231108e-07,0.002836378361892562,1.0340435810425224e-05,2.9335783305093333e-06,1
0.0037620060706469068,1.1008922456990068e-05,1.579144347617052e-07,2.1203403861286872e-09,8.191697790340912e-08,8.399630617283059e-08,0.9962266590588369,6
0.031949377939814304,0.00014700018206005027,5.646737061463823e-07,6.404093162971555e-09,2.59960390379474e-07,2.720181829171583e-07,0.967902518821753,6
0.1317216314009717,0.00173211944482023,1.3080462715829953e-05,6.563285022710236e-08,4.1561684633915365e-06,3.174259719027363e-06,0.8665257726304596,6
0.017888166776033703,0.0018534597487478177,1.0185403858796894e-06,7.967838353977861e-09,6.117964831442163e-07,7.387766527440447e-07,0.9802559963938583,6
0.847454397828617,0.15233127767377838,1.6478634602235883e-05,1.3877278410765006e-07,1.1378022858131991e-05,1.1071716164428428e-05,0.00017525735119558816,0
0.7034317900203669,0.012059744462763231,7.913162834569118e-05,4.906841082667025e-07,2.429496211953664e-05,2.5649480208246185e-05,0.2843788987620881,0
0.011829845254301908,0.00019878526632085812,1.5166298694760476e-06,5.00972440362689e-09,4.4431817715285874e-07,5.419446106649391e-07,0.9879688615769956,6
0.01693510971037421,0.00026212316076409335,8.520437958025843e-07,1.376909254402877e-08,4.2646369634587837e-07,6.237065227049775e-07,0.9828008511457542,6
0.02363939407610735,0.0001319238150435533,4.762001721015993e-07,5.166279844187429e-09,3.51784128045615e-07,2.1766839487340184e-07,0.9762276312898742,6
0.015932618153376696,0.0008686785566504804,1.5906987125835162e-06,6.872555721046114e-09,7.06020548749438e-07,7.43462960121915e-07,0.9831956562351956,6
0.014333965332656264,0.0010951148930003942,1.6488952659149054e-06,8.23429682666341e-09,7.294005808765098e-07,7.706629455537104e-07,0.9845677625812541,6
0.7596888744364809,0.24024111363092412,1.3681003637519427e-05,1.7335645362702454e-07,1.2474163604728375e-05,9.897251570652648e-06,3.3786157328620995e-05,0
0.008676930063947926,3.740105639652739e-05,2.107791417429598e-07,1.980681120855092e-09,1.0473110938943455e-07,1.1488214114739869e-07,0.9912852365065821,6
0.011277691674981204,0.00018612238452365455,1.1388438845628711e-06,1.5029933874239826e-08,4.636259188259544e-07,7.367327164986203e-07,0.9885338317080414,6
0.009067862176953767,0.00014213930621174262,5.841104020854423e-07,8.039174331789014e-09,2.723789079602659e-07,3.976652679198606e-07,0.9907887363230823,6
0.9594993550763018,0.040094212539559235,1.330023746999868e-05,9.486124827663227e-08,9.48916455817256e-06,9.78775450928666e-06,0.00037376036635367613,0
0.8527209118016624,0.01917140270090847,1.5482525036383658e-05,1.9576798727751604e-07,1.1020516524648666e-05,9.991173751158575e-06,0.12807099551412976,6
0.19033685004177672,0.005992834289321164,4.660557234584632e-06,7.139738398179576e-08,2.7583580279185484e-06,2.8795391467383553e-06,0.8036599458171089,6
0.011964475106932852,5.144003869895664e-05,4.539865152469995e-07,5.034250253797755e-09,2.0551349748870055e-07,2.1839944248271922e-07,0.9879832019206627,6
0.008751326977791227,0.00012661312267557212,3.864774068647422e-07,6.212676463599249e-09,2.104945061303366e-07,3.0731584469157925e-07,0.991121149399099,6
0.051146936560867995,0.0046409959986246805,2.9492805520673248e-06,2.4788364906812668e-08,1.2132131684596196e-06,1.0443963090525776e-06,0.944206835762113,6
0.010847671886965242,4.354197962035318e-05,4.019313218973316e-07,4.45701092722992e-09,1.81948822132825e-07,1.9335723346531657e-07,0.989108004439026,6
0.5463487246177239,0.4535690619099929,2.7677766977846264e-05,2.5394350562328376e-07,2.0202469231611537e-05,2.8689704337072226e-05,5.3895882311338585e-06,0
0.6456577793779071,0.03549560836862281,1.869403948734768e-05,2.5484712336441287e-07,9.85089476722097e-06,9.872485907008758e-06,0.3188079399861852,6
0.01092012783727537,4.782374940496475e-05,4.1796584049889994e-07,4.6348174845360375e-09,1.8920742979557326e-07,2.0572391700127445e-07,0.9890312308813148,6
0.010742298004102011,4.370398974047639e-05,4.0342681985837054e-07,4.473594483650792e-09,1.8262581364278926e-07,1.9407667316221462e-07,0.9892132134032563,6
0.004234688294783156,4.7257988315165985e-05,4.4061426332200474e-07,4.945441464701398e-09,2.3762849697278834e-07,2.801954374502692e-07,0.9957170903332625,6
0.9645851408875394,0.033627995027695486,1.773313444301661e-05,1.3994496854957204e-07,1.2217758839340652e-05,1.1745959671326401e-05,0.001745027286842694,0
0.017756047914012564,0.00028524680111803244,6.450752377951181e-07,7.1655613011568876e-09,6.154838437442491e-07,3.1822183178695795e-07,0.9819571193383948,6
0.06758617826799791,0.002920580200218228,3.912031413751519e-06,2.7500366548243305e-08,1.2653192225328289e-06,1.1191272749287118e-06,0.9294869175535062,6
0.9172643896636269,0.07626339137052075,1.7489676626376267e-05,1.5073212596941942e-07,8.664318236091983e-06,1.0544489786103464e-05,0.006435369749078007,0
0.7686383822194944,0.21471299277779077,2.7502606107314883e-05,2.60109765242718e-07,1.627481145488382e-05,1.3344877175595187e-05,0.01659124259821161,0
0.7652221382755471,0.13944366709090858,1.6921005733765062e-05,2.1395678207695222e-07,1.633464903457079e-05,9.82422865548657e-06,0.09529090079333853,0
0.5239436966741725,0.059704498179270024,1.420042295737302e-05,1.038407527887756e-07,5.969875778947506e-06,5.148197249407165e-06,0.41632638280981904,6
0.32346958397452275,0.6737570369837079,3.345026161574807e-05,2.519056933921841e-07,0.002711850059356257,2.2498842742581693e-05,5.3279723612195125e-06,1
0.10609163857094374,0.0031009892230600797,3.926679025823176e-06,4.007844829489387e-08,1.5334254887950723e-06,1.8219181149273553e-06,0.8908000501049184,6
0.9395694839599897,0.04736572296970399,1.4539960505132613e-05,6.436940009650914e-08,6.6198980517571074e-06,8.896367094511826e-06,0.013034672475254486,0
0.00452206660192241,6.64184936046336e-05,5.062385352267467e-07,4.2857046525295345e-09,2.1451457355337777e-07,2.8021826906546773e-07,0.9954105096473904,6
0.7688368836357828,0.2311190946180491,1.344080003385557e-05,2.0250058848635947e-07,1.2688515401324497e-05,1.3539675205015787e-05,4.1502549393729385e-06,0
0.8828091847303161,0.11497146791114733,2.5025463869237077e-05,2.750974625789212e-07,2.3390627626715283e-05,1.1940731060251861e-05,0.0021587154385179306,0
0.15218880697259995,0.009172267690208817,1.1795562726534798e-05,8.51054761788218e-08,6.651714086111364e-06,6.64442483827236e-06,0.8386137485300641,6
0.8118917900714118,0.16207147532467653,1.692264141259412e-05,2.6387398377784723e-07,1.1674371993216504e-05,1.1955454684807146e-05,0.02599591826183735,0
0.7833349758577476,0.21458941998650546,1.836712303733147e-05,1.8711720116231288e-07,1.8355632616833755e-05,8.593982367411175e-06,0.0020301003005241992,0
0.6708706988142965,0.3278782429030119,3.3516734147085635e-05,3.9469211538729215e-07,1.232552760869097e-05,1.3119298992410497e-05,0.0011917020298280855,0
0.03413312655046684,0.0003909350765320912,1.9897540685051063e-06,2.109044861666625e-08,7.595924382791438e-07,9.6166622024422e-07,0.9654722062698253,6
0.15301141271299976,0.022601882024327984,7.406182698432434e-06,7.008812075615238e-08,4.657493903333236e-06,4.460649244545389e-06,0.8243701108487053,6
0.05935233317558899,0.004430784317037321,6.071299590408094e-06,3.416848879262114e-08,8.454616846200738e-06,3.1370334959691855e-06,0.9361991853889523,6
0.8032029506803452,0.1588220777778431,2.5139431940592087e-05,1.9787337997480785e-07,1.644886225751044e-05,1.0053763259115755e-05,0.03792313161097458,0
0.17256615135045358,0.013607419324515828,4.0158186356759786e-06,3.981169592556724e-08,2.619295359606315e-06,1.678901585784338e-06,0.8138180754977535,6
0.05253786128709891,0.008620090240256836,1.0125967444323756e-05,6.586940510344524e-08,1.3562612608147524e-05,5.232075699595304e-06,0.938813061947487,6
0.4087780362225156,0.018699654104015338,1.1016428791855261e-05,1.4557120821913493e-07,7.752918017310007e-06,7.031142553134233e-06,0.5724963636128986,6
0.03125176225194249,0.00020437766976154153,1.8828488708912765e-06,1.3216303978355395e-08,6.655156837811913e-07,7.541877355222765e-07,0.9685405443097018,6
0.03392644771522999,0.00032866020590685335,1.855938676752484e-06,2.0574672250897146e-08,8.759561795437799e-07,9.791985583329868e-07,0.9657411604107764,6
0.6345234394157309,0.007676036433092309,7.5206817492996265e-06,7.784665063844285e-08,3.3067097357243274e-06,4.275560914973014e-06,0.3577853433521261,6
0.12973987106026025,0.018645464396764316,3.221297480387993e-05,1.8861537138018306e-07,3.223326921775737e-05,1.6335833868564058e-05,0.8515336938497138,6
0.3039424273385331,0.6959641093649538,3.6593800534038256e-05,3.063171027035414e-07,2.5842383644290765e-05,2.3716252653156895e-05,7.00454257882455e-06,1
0.011120720609040981,0.0002666687859898113,5.034930381517927e-07,6.361290631154453e-09,3.29396611245322e-07,2.990771766592147e-07,0.9886114722768524,6
0.508747957860646,0.4869881221397053,3.921046303363048e-05,2.884973278608597e-07,1.9589091052616268e-05,1.958736852917577e-05,0.004185244579705405,1
0.5545050411063823,0.44539907276347956,4.6836506331697697e-05,3.5424003209502554e-07,2.0266876912394768e-05,1.8160690749139757e-05,1.0267816112924209e-05,0
0.34931402359677893,0.6473628822325129,2.413524831915886e-05,2.1191511609858574e-07,1.8559817445275047e-05,1.0389205724929242e-05,0.0032697979841028652,1
0.005390106867701355,4.824737004090275e-05,3.9144115141540207e-07,5.032984609660953e-09,2.276598021390716e-07,2.480558751797924e-07,0.9945607735724443,6
0.7941954551435704,0.20574881969498315,1.9379952835156305e-05,1.878131348024091e-07,1.5994068426091012e-05,1.606510978993121e-05,4.0982172603726635e-06,0
0.34062722894030506,0.6561764187497441,2.4529495573396256e-05,2.4997435699503934e-07,1.4809662555549268e-05,1.3264193739828265e-05,0.0031434989837250513,1
0.5235581970013202,0.02402152528261774,2.044268223400791e-05,1.8616306303762882e-07,1.3613988989902346e-05,1.0924082404192638e-05,0.45237511079937087,6
0.790520841493704,0.20938732533404036,2.1569816611700782e-05,2.061477486075997e-07,1.572526129325737e-05,1.6911881620421074e-05,3.742006498162848e-05,0
0.6388255079650481,0.3605926827191505,2.8156635114736305e-05,2.4828489478384743e-07,1.3111315653649273e-05,1.6428886150262245e-05,0.0005238641939879017,1
0.0010201521927389653,0.000247544109280179,1.6715307934506149e-07,1.1881724566599355e-09,2.1846166929484047e-07,1.1021332309974331e-07,0.9987318066817368,6
0.7004058488540001,0.29914541171072667,2.0737877569319017e-05,1.7908174960721932e-07,1.0996803878665212e-05,1.7217537382401325e-05,0.00039960813469321657,0
0.030105324374806147,0.0009960479248715562,3.007348852522519e-06,7.57346178802868e-09,1.215870438635111e-06,7.786040248132768e-07,0.9688936183035445,6
0.0014222863092603415,0.000359996708614739,2.269753702230162e-07,2.2064308120607475e-09,1.9439141158846584e-07,1.2235015853438845e-07,0.9982171710587536,6
0.0031726960954005286,0.0011848964641442985,5.406157351203555e-07,5.255333273748618e-09,4.630064300532878e-07,2.914167331599451e-07,0.9956411071462236,6
0.001909246687220868,0.00038826693381680254,2.7658393625084356e-07,1.4898513289662225e-09,2.509342257437007e-07,1.5687504543966744e-07,0.9977018004959036,6
0.8463450020402318,0.1460160585567915,1.970017439035989e-05,2.1072408583302526e-07,9.651376508010322e-06,1.0770364499439951e-05,0.007598606763492987,0
0.6920110227794866,0.30792792067804625,1.957989064942046e-05,2.5550048963631635e-49,6.897371379162655e-06,1.287493733176418e-05,2.1704343106842675e-05,0
0.33749786206472754,0.009395069302487293,2.2222967449651235e-05,5.5060248756881945e-08,8.155578924688216e-06,5.204628242854434e-06,0.6530714303979193,6
0.6286789257238758,0.37125154045783293,1.9363846592157252e-05,2.7481572419254803e-07,1.6411782226313707e-05,1.220333521491309e-05,2.1280038533654863e-05,1
0.0015047166239306744,0.00031564957624451547,3.008025200974689e-07,2.2063464635281117e-09,1.9438398029706304e-07,1.2568988124010022e-07,0.9981790107170967,6
0.5898730529137248,0.40992937242362143,1.8987021890290636e-05,1.9441572068896408e-07,1.557606493386805e-05,1.2416670304206347e-05,0.0001504004898046058,1
0.19964671796310404,0.024983531077424542,2.0807922105661226e-05,5.941713802020959e-08,8.349507413349835e-06,6.108490951726708e-06,0.7753344256218626,6
0.00866480157328136,0.0004428017147424719,1.349225101506453e-06,1.0519869523483714e-08,1.2553883849469971e-06,5.392355200296408e-07,0.9908892423431,6
0.012172544397073373,0.00048253053094408373,1.9485845547815407e-06,1.1463727572918995e-08,2.1521606849998098e-06,6.382885273693614e-07,0.9873401745744878,6
0.8304196971472296,0.1649181658695903,2.5583815566634696e-05,1.863908600829152e-07,1.0955288981208903e-05,1.6667951140803638e-05,0.0046087435366311425,0
0.7349026449992323,0.2620215015483404,2.7154001053338644e-05,1.0489332519280254e-07,1.294083537386743e-05,1.541803110157865e-05,0.0030202356915732817,1
0.1387829017184156,0.014662693429186415,1.0676502830488817e-05,6.991342126889084e-08,3.399147141794071e-06,5.806374306080274e-06,0.8465344529146983,6
0.0168539460424665,0.0004007220072451932,1.6044469258115701e-06,1.3415929070271371e-09,2.004868894947106e-06,9.77501371577879e-07,0.982740743791503,6
0.16400973543126623,0.7526375245222071,1.9515982266176033e-05,5.98239165375048e-08,1.4909725012479545e-05,7.088754949542695e-06,0.08331116576038206,6
0.01908573103714719,0.000463266015888189,1.9970160928850194e-06,7.052543760933856e-09,2.290676275619091e-06,1.076071511592227e-06,0.9804456321305407,6
0.07423548999510203,0.0010066867631139086,4.903720123050349e-06,2.8475347567698372e-08,4.655996490717156e-06,2.639425685020758e-06,0.9247455956241377,6
0.6481061259869705,0.34956980391596054,1.3003166543350734e-05,1.548864020727355e-07,1.3841311085723552e-05,7.673423942211676e-06,0.0022893973090956006,1
0.8869812241923695,0.10915779339164734,1.900108520145034e-05,1.238779387932136e-07,9.47838997019634e-06,7.47864348323828e-06,0.0038249004193894177,0
0.023176332662464414,0.0015685303021975734,1.6742602112046357e-06,6.546690084814541e-09,1.3825163748022804e-06,1.1446905626932743e-06,0.9752509290214991,6
0.022070631156307537,0.0023184800278808833,1.8953265351233063e-06,1.2241676622487394e-08,1.4295030980896845e-06,1.2433250031439854e-06,0.9756063084194985,6
0.02052130802679096,0.0029725100940762895,3.6652462451101723e-06,1.9743272379757346e-08,2.752705261661821e-06,2.0297443584072166e-06,0.9764977144399952,6
0.03624261717442698,0.0014917988342695076,2.463516244256998e-06,1.9395047937617405e-08,1.7702089634552533e-06,1.7639593747900983e-06,0.9622595669116731,6
0.06428178641091001,0.4649357785779247,1.2043810845054021e-05,3.439116926889967e-08,5.874179878950437e-06,3.535649028179723e-06,0.4707609469802438,1
0.03117029960393942,0.0013882945678718806,2.8760074260427312e-06,1.8187666891395156e-08,1.2481830165897933e-06,1.313529313114409e-06,0.9674359499207662,6
0.0384469651033266,0.0017970939917248188,2.4820933044492804e-06,1.772392656854962e-08,1.8418116393226184e-06,1.7812102959220864e-06,0.9597498180657823,6
0.1358709785398459,0.8640529664870997,1.8929524004167712e-05,6.27504161299012e-08,2.2776765020229298e-05,9.835514207031784e-06,2.4450419406779246e-05,1
0.03895046573451812,0.0017368500731065536,2.4809470636935353e-06,2.017023368301931e-08,1.8758379511982777e-06,1.705530219411996e-06,0.9593066017069073,6
0.03145762200394186,0.0020378332133900254,3.104163101644367e-06,2.1882294526683318e-08,1.6340485177196367e-06,1.6038423233828122e-06,0.9664981808464309,6
0.0629904483856814,0.005028264617477629,7.201911346210114e-06,4.0194004917838096e-08,4.092873636703086e-06,3.22974784283556e-06,0.9319667222700103,6
0.8665084877417912,0.13234704453066648,1.1574854264259596e-05,1.4175853212467096e-07,0.0011129743224619249,1.7338391490074715e-05,2.4384007937702643e-06,0
0.7172717030778433,0.27929609927214916,1.4767577271465977e-05,1.8469358167711246e-07,9.420875499241334e-06,8.844944363623407e-06,0.0033989795592913297,1
0.050938471937841484,0.7492135776693264,1.5401683479825803e-05,4.8730454181765944e-08,9.266060741162934e-06,4.736813825455442e-06,0.19981849710433155,1
0.285903744625643,0.7139984798386186,3.138193837615825e-05,2.396887727062032e-07,3.4559298613793224e-05,2.6361685364911403e-05,5.232924610658529e-06,0
0.040189471110174846,0.0018846175384468085,2.971686223464578e-06,2.2320289640881986e-08,1.5758322306616056e-06,1.4383625992518225e-06,0.9579199031500353,6
0.6696179409621575,0.33032183615826255,1.9605346809359588e-05,8.513163736044748e-08,1.721992011040902e-05,1.159715810639137e-05,1.1715322916461847e-05,0
0.7725862501169946,0.2255958942839087,1.2036090623990632e-05,1.983364133527143e-07,1.2049617928376684e-05,9.720535044779442e-06,0.0017838510190863774,0
0.7747649101671449,0.22162162412179684,1.2070031882715475e-05,1.988957135217197e-07,1.2151411090973809e-05,9.747946536201843e-06,0.003579297425834785,0
0.7749865490219515,0.22168502395099166,1.2073484785665593e-05,2.2996023959625695e-07,1.2154887274269084e-05,9.750735154631315e-06,0.0032942179596025514,0
0.891011980383698,0.10878071842920008,1.83491389767359e-05,1.526310366848725e-07,1.0934509685010645e-05,1.1176534460082127e-05,0.00016668837294312448,6
0.3248643730326759,0.6747822346220803,1.7427497202303872e-05,7.139314293024815e-08,1.4227791492136288e-05,1.1189719718980252e-05,0.00031047594368724705,1
0.7514051602197409,0.23881176038777666,3.717197555594498e-05,3.219782942980834e-07,2.2976733533629774e-05,2.529426511996441e-05,0.009697314439978306,0
0.03421549749521644,0.00014811922268199225,2.7671379470883827e-06,3.6595910484611706e-08,1.4234158634459811e-06,1.1638566522982819e-06,0.9656309922757284,6
0.6204771748300845,0.3791305324621296,2.4980142774215503e-05,1.7713896206842446e-07,1.1282355496064489e-05,1.5793292949034455e-05,0.00034005977760456606,1
0.013645672738119174,5.224782460981406e-05,6.990082511077533e-07,6.37431190319186e-09,5.09430955581846e-07,3.8882722059472936e-07,0.9863004757965318,6
0.011487738931575946,0.0001500712803378459,8.307126335410563e-07,7.210373235317842e-09,5.368687910962809e-07,4.6964267633007326e-07,0.9883603453536121,6
0.16815477609988094,0.005366921545149931,5.76847322489049e-06,3.932807022574779e-08,2.4005989217685436e-06,2.3156951657490116e-06,0.8264677782595865,6
0.18569686056062787,0.005575934021071939,6.106353825346683e-06,4.765902954842501e-08,2.3367980381842044e-06,2.267043123595522e-06,0.8087164475642835,6
0.4157419611282075,0.5827062466956602,3.25370929860724e-05,2.935496791042082e-07,1.4249432892156122e-05,2.152394262444572e-05,0.0014831881579504902,1
0.017381981236844878,0.00017954115333647884,9.903058127911825e-07,9.008830535824609e-09,7.178598237675102e-07,5.976713378586607e-07,0.9824361627640137,6
0.7356556453536341,0.264197948180272,1.884685770318254e-05,1.8895167901439248e-07,6.6094709102774725e-06,2.047358646713952e-05,0.00010028759933431235,1
0.025471717997340413,0.00013500934754326948,1.7739427003202045e-06,2.1291412040858815e-08,1.3619032714570166e-06,8.364648311327672e-07,0.9743892790529013,6
0.04180634793409255,0.00020298862449145654,2.438637673256739e-06,2.0314921255344923e-08,1.7191052189213542e-06,1.4150640890843845e-06,0.9579850703195134,6
0.7254822906398868,0.27430580217694855,3.0226345061528153e-05,2.0089891371858202e-07,5.564136381539157e-06,1.3879415838025583e-05,0.00016203638696990792,0
0.0453587480906319,0.0015473518414429951,1.8133924315419722e-06,1.4485050444122143e-08,1.4833522300723798e-06,1.6882040051773545e-06,0.9530889006342078,6
0.03696033228214675,0.00016169595240858494,1.7118185277954538e-06,1.6067105671557973e-08,1.2640053973281061e-06,8.006504912244375e-07,0.9628741792239226,6
0.057173893906107,0.000502768241144612,2.7331166896524047e-06,2.4177739393192902e-08,1.7927122590057637e-06,1.5748003419034627e-06,0.9423172130457185,6
0.9224862708866033,0.07731779918288069,2.145862308380796e-05,9.141101175473429e-08,1.4808716541560754e-05,9.63823339941701e-06,0.00014993294647931433,0
0.08457329967611835,0.8519095441925538,0.0003470749224598833,2.1487485084981768e-07,0.06110789311493719,0.0020486489502508903,1.3324268829031894e-05,4
0.03276321558475809,0.00023413612794462817,1.7227598012855624e-06,2.23625312991178e-08,1.375774609759955e-06,1.1324549675713934e-06,0.9669983949353874,6
0.10080660963125418,0.8057495113625848,0.0004316380653971979,1.8342446153997757e-07,0.09004279412556844,0.002955427705593302,1.3835685140659988e-05,4
0.0929366561475904,0.0017436396913880423,1.9070793501656697e-06,1.9481900055422762e-08,1.1361142589976346e-06,1.1556563295196222e-06,0.9053154858291828,6
0.8109567693133969,0.18767429838745692,3.1419361931780206e-05,2.437612469224892e-07,1.1682228252511843e-05,2.2902622052875276e-05,0.0013026843256621976,0
0.06015784783916837,0.0005266909214890802,2.4133860937881497e-06,2.1236898394407396e-08,1.679994950273921e-06,1.271833431226965e-06,0.9393100747879689,6
0.8726187257607927,0.12577811531852046,1.9410575480232453e-05,1.68894630467359e-07,1.3460849943772088e-05,1.2660159396528178e-05,0.0015574584412359179,0
0.7232671009157962,0.27666184407012073,2.265738058013179e-05,1.4132721778434547e-07,1.3067110368256593e-05,1.025028482019644e-05,2.4938911096859125e-05,0
0.43109951906328786,0.5684048885537726,3.272838607085764e-05,3.934531992396507e-07,2.2037915629838472e-05,2.2409498736499956e-05,0.0004180231293030619,0
0.08138282097347349,0.9117138427272148,2.8250275834833916e-05,2.1839956192076617e-08,0.006853030695841138,1.6205406820555513e-05,5.828080859021305e-06,1
0.08895845845226735,0.7316688753537653,0.0003255592710854942,1.665604106422264e-07,0.17720529042461602,0.001832730309785215,8.919628070019135e-06,4
0.8323099360745354,0.16621577479360156,2.193007602983339e-05,8.338812162930014e-08,2.1635007804523746e-05,1.4061749019235543e-05,0.0014165789108878505,0
0.8145673761351928,0.18509555059143915,2.277028060492156e-05,2.2530902394067477e-07,9.448882340001018e-06,1.9536229408391024e-05,0.00028509257199082436,0
0.7915665854732898,0.20836540746262686,1.4650037387781305e-05,1.3206965003344263e-07,1.0985797718459744e-05,9.578845109737989e-06,3.266031421713983e-05,0
0.09996194614279401,0.003528261738574712,9.053992638937664e-06,7.714563165411818e-08,5.8020894391400326e-06,4.7828570702334074e-06,0.8964900760338513,6
0.6969394856889569,0.30299804792630974,1.5266325125048116e-05,1.0611984593232081e-07,6.952801584718155e-06,1.610542203518688e-05,2.403571614263102e-05,0
0.04657231051409302,0.45573622869929475,0.00026084599467518147,1.0518769447826898e-07,0.4964311433911711,0.0009972063480048821,2.159865066510707e-06,4
0.925404820428775,0.07267730543133827,1.797003946747267e-05,1.3771831381293417e-07,1.2459468080729176e-05,1.204550769355596e-05,0.0018752614063313787,0
0.6573325251122976,0.34263504186959587,1.1483658112578248e-05,1.164888897289522e-07,7.917296793697443e-06,8.564133094597922e-06,4.35144121570413e-06,0
0.26217236103727426,0.014190820014541153,1.2859778252557523e-05,7.522156651765709e-08,5.986561540611512e-06,7.481047405253946e-06,0.7236104163394197,6
0.79072263658183,0.20822074653623793,1.508082695958446e-05,1.475873225893645e-07,2.6885833218772723e-05,8.20049235690107e-06,0.0010063021420744112,0
0.21849256744741594,0.009168783394124,1.3080653282512394e-05,1.0179055745295577e-07,8.426647112236074e-06,7.149150617977229e-06,0.77230989091689,6
0.03580205383660408,0.35968911293234357,0.0001361009569299321,8.301922501590547e-08,0.6027704726495043,0.001600422686636455,1.7539187567580628e-06,4
0.582141883819503,0.41517390163200496,1.417915057482058e-05,2.058679847881642e-07,0.0026434594416362917,1.1833232361352537e-05,1.4536855934726244e-05,0
0.0585281190169514,0.0024480875926682338,2.7369264907690815e-06,2.164755477256915e-08,2.263042616188473e-06,1.849943581677035e-06,0.939016921830137,6
0.8874156667625585,0.013682650948317788,9.581818116216532e-06,9.6398954873774e-08,5.474740039472896e-06,6.404480495206407e-06,0.09888012485151797,0
0.06478537876439035,0.532464484103902,0.00034037341203273474,1.2600241388344836e-07,0.4009632312769028,0.0014434770061595142,2.9294341986582556e-06,4
0.6538872321430526,0.34040584214613856,3.074174984544801e-05,2.3364634277952328e-07,2.3174168886082428e-05,2.131076536760826e-05,0.005631465380367096,1
0.8267496994579967,0.047720963918339826,4.025071569149855e-05,3.7010180606497277e-07,2.2825852941327775e-05,2.1665038326237668e-05,0.1254442249148984,0
0.3434320743938419,0.6552258610703193,3.8321865257950956e-05,6.291530398106681e-08,1.2397327791556236e-05,1.1132828964101687e-05,0.0012801495985214845,1
0.5959944762851788,0.4033961323458158,2.684253741516839e-05,2.240503645970087e-07,1.3265123571418286e-05,1.6020712671587982e-05,0.0005530389449825183,1
0.41184971288656225,0.5870958979910593,2.074412839305394e-05,1.5325897464940687e-07,2.1917594689706408e-05,1.2612396452753375e-05,0.0009989617438683487,0
0.3600673955310113,0.6394427077369533,2.5694908960669677e-05,2.595947334290827e-07,1.0089954186643778e-05,1.410024854599074e-05,0.00043975202560878036,1
0.055961281763104886,0.0003816083798944705,5.260500929927173e-06,3.783809038405627e-08,2.8037043716280116e-06,3.020689210043793e-06,0.9436459871243986,6
0.7803051450228503,0.21558744364932184,3.431588442318491e-05,2.6420761661332977e-07,2.2040925431815183e-05,1.7523059009128748e-05,0.00403326725134722,0
0.9358390201374094,0.05596312952579079,1.5939782285124877e-05,1.2640838423274583e-07,1.2842865337687494e-05,1.0161521522327654e-05,0.00815877975927009,0
0.5817966091203469,0.04011346893414288,2.2085046815208854e-05,1.8461850733823683e-07,1.2598364109905772e-05,1.2186897133756713e-05,0.3780428670189441,0
0.8537074886080935,0.12717523334371558,2.803068062322848e-05,2.0839752648948968e-07,1.4142495391361038e-05,1.800093198997758e-05,0.01905689554265976,0
0.979602041461187,0.007874444840878665,2.0482183750451932e-05,1.220093503214805e-07,8.460213465788352e-06,1.4623268382158137e-05,0.012479826022985727,0
0.7972122043407915,0.2011664102803764,1.875150932780461e-05,2.034900618250891e-07,9.722586700292201e-06,1.4764744657114936e-05,0.0015779430480851691,0
0.13416919538996833,0.4276602594882569,0.00020215629055721852,1.4135135285982697e-07,0.43705489710924506,0.0009057738753139283,7.576495305602572e-06,4
0.1897569956362525,0.003079722180957913,8.37086382302012e-06,6.03711102395295e-08,4.246688662021096e-06,4.8653132500480965e-06,0.8071457389459443,6
0.9714888247652975,0.02767041092077404,2.2467784447472796e-05,1.528661075031833e-07,9.047278616831729e-06,9.573957321549464e-06,0.000799522427435394,0
0.059310574977039704,0.0005195122537754423,2.8513529990826723e-06,2.2552604328889615e-08,1.586419211482927e-06,1.81751642845543e-06,0.9401636349279414,6
0.23717761779727886,0.458381699865673,0.00031884559691156656,1.515054811960596e-07,0.3032341902438397,0.0008701597897204112,1.7335201095390027e-05,4
0.039662142994725515,0.0009365411585680796,3.80306128873744e-06,2.104524307373969e-08,3.043217302538092e-06,2.2385111834358428e-06,0.9593922100116887,6
0.704750225484465,0.29519265378037984,2.186575865487008e-05,1.5557793640274942e-07,5.402836964572351e-06,1.3673295779240169e-05,1.6023265819926657e-05,0
0.043311263810087076,0.0003002244848842361,2.265082219365843e-06,1.8272408162081582e-08,1.3937189752176483e-06,1.439269124818714e-06,0.9563833953623012,6
0.12673067719212003,0.008945976076202752,9.04563820435079e-06,5.244851369834296e-08,5.006343384439501e-06,5.83834869258283e-06,0.8643034039528823,6
0.30071695100510093,0.6989048229620126,2.5685922562699916e-05,2.0127884068644526e-07,1.805330114540054e-05,1.2254844629325402e-05,0.00032203068570824263,1
0.0182791546230113,0.00045995756322091174,1.5261490679161279e-06,1.0811748930874093e-08,1.0974181856910885e-06,1.1660735656966815e-06,0.9812570873611995,6
0.011554586913524305,0.988313257666798,4.240502105533999e-06,1.5473586965983912e-220,2.328002435285172e-06,2.128633076093706e-06,0.000123458282060877,1
0.018960357779663588,0.00040439453572083936,2.475631261097533e-06,1.0589745407927966e-08,1.369884625405665e-06,1.0516266480481256e-06,0.9806303399523355,6
0.11040109889107369,0.8894598385237794,1.815750931173896e-05,1.3944502396883218e-07,7.817880532366566e-06,1.0755119965638822e-05,0.00010219263031309242,1
0.06300446969526814,0.0011198649236628655,6.690282338126415e-06,3.006864468944309e-08,3.851693530698035e-06,3.3656396924403864e-06,0.9358617276968629,6
0.7226045468558662,0.2764060406990798,3.0463213724138332e-05,2.8965518872573664e-07,3.033086324997439e-05,2.8048781880164468e-05,0.0009002799310110838,0
0.585218332759476,0.41417441616289746,2.372994089505615e-05,1.9502117372280487e-07,1.3680654956145655e-05,2.0913328026294747e-05,0.0005487321325753596,0
0.07815882306752044,0.9216881247921919,1.8866361387247278e-05,1.6701816394459937e-07,1.697851266107376e-05,1.1144816127389087e-05,0.00010589543194797965,1
0.5309496483715792,0.46887857203545075,5.3071321319703294e-05,2.2720019374167032e-07,2.367540630532088e-05,1.2445446852150668e-05,8.236021829906396e-05,0
0.05647298569363963,0.0005758364637676012,7.051956499945365e-06,3.552908047364265e-08,2.609590185459712e-06,2.8641655483515754e-06,0.9429386166012786,6
0.9506341543419075,0.04923142017174907,1.2164001087003606e-05,5.510485341898054e-08,2.634192686204484e-06,6.8905782854253076e-06,0.00011268160943160773,0
0.751531615916459,0.22221462276680065,2.0919821936266133e-05,2.2431666374115346e-07,1.774848537160346e-05,2.5281928890854897e-05,0.026189586763877806,0
0.0872439931077483,0.9125543761799897,2.2719071370534662e-05,1.8857427383243657e-07,1.820606916574135e-05,1.5147986479201182e-05,0.00014536901097272765,1
0.9374252920852763,0.057570594016376764,3.112493318699857e-05,2.1585727422569072e-07,1.7936581499470682e-05,1.4462056101789018e-05,0.004940374470284823,0
0.14437399069950338,0.854500979603083,2.3073250095999246e-05,1.9407288728165016e-07,2.917258426755134e-05,1.4683260898802115e-05,0.0010579065292639377,1
0.07425549181282423,0.9250164058352482,1.4994805183632334e-05,1.315342282044357e-07,1.3470201371417586e-05,1.4156469093073386e-05,0.0006853493420513124,1
0.08546441618944196,0.0006496110636776333,9.325248730047241e-06,5.0966385196094846e-08,3.941993063558965e-06,4.130529682470475e-06,0.9138685240090191,6
0.9536276860503773,0.035365172600681484,3.107255923324982e-05,2.1538114323004388e-07,1.7904251488033235e-05,1.4404882185589587e-05,0.01094354427489108,0
0.22488390883695575,0.0020342198309101552,1.1335301820690295e-05,5.704614037971863e-08,4.5940600920225474e-06,5.080061052396605e-06,0.7730608048630285,6
0.25821972990360065,0.741701681929304,2.381821909528829e-05,1.9312670267262795e-07,3.249518710284256e-05,1.4014553716811224e-05,8.067080477946548e-06,1
0.8435144608270898,0.08505658102540437,5.710941902336711e-05,3.3044918323515276e-07,2.881089554163042e-05,2.9090396522169392e-05,0.07131361698723543,0
0.9216138547582119,0.07817461922873623,1.8466578199055182e-05,9.514572097246224e-08,4.6756564005591165e-06,1.5165647318735807e-05,0.0001731229854125571,0
0.24139132934836793,0.14530780670326898,3.1438288344760476e-05,3.416818102496125e-07,2.8132169945056536e-05,2.5893986324007238e-05,0.613215057821939,6
0.03459398001062169,0.00044809906826352025,3.0555424084355773e-06,2.1811486409113957e-08,1.9394277364003296e-06,1.9448695001630645e-06,0.9649509592699833,6
0.039894960057907713,0.00032957866581502596,2.6064118223101263e-06,1.1227144316381824e-08,1.2948890340247688e-06,1.701055384168747e-06,0.9597698476928923,6
0.4835079310147829,0.01711979868946048,2.2132064410614996e-05,1.7299547105834756e-07,9.302239751516996e-06,1.5288558482535456e-05,0.49932537443764097,0
0.9666624197536593,0.032303816995441104,8.54228259739835e-06,8.550012986710454e-08,3.871549345965542e-06,4.862024052641216e-06,0.0010164018947738337,0
0.03197010063776556,0.0004790834080293626,2.134544647440649e-06,1.652443595593538e-08,1.4385943089143155e-06,1.3016559211231366e-06,0.9675459246348916,6
0.07015840381772405,0.0020484698967508782,5.050343495057581e-06,2.9186747371048898e-08,2.5768344966536518e-06,3.001351045734593e-06,0.9277824685697402,6
0.9044902484208812,0.056235116201597185,2.1232265700848953e-05,1.3879667854592292e-07,7.208287282089435e-06,8.72581561406271e-06,0.03923733021224617,0
0.042905455655106596,0.0005876099769952479,3.5221879117123007e-06,2.1429100362139148e-08,1.7083551443193595e-06,2.1519985461878e-06,0.9564995303971956,6
0.029801181328128253,0.0003071331400489645,2.499884464067918e-06,1.4949886720199307e-08,1.1918251071890288e-06,1.5974867998762236e-06,0.9698863813855649,6
0.14966553437677377,0.017991462487849448,1.7662661692174446e-05,1.298650467925778e-07,6.8044450594982185e-06,1.087238650928477e-05,0.8323075337770691,6
0.24869552830040104,0.20882855723308985,5.0806604167645317e-05,3.7355649689687047e-07,3.373156519241413e-05,3.828347994771748e-05,0.5423527192607046,6
0.05087225637614825,0.0005397298151277288,4.375330955578132e-06,2.627166705093196e-08,2.394525397468537e-06,2.807288249743167e-06,0.948578410392454,6
0.4726889915947047,0.0067109621058717974,3.8654683759700416e-05,2.1033447121102462e-07,2.2044340701784636e-05,1.973219220176865e-05,0.5205194047482891,0
0.35065727388318174,0.02830916615404148,1.5093900335461495e-05,1.3989933675737295e-07,7.740235238166466e-06,1.0016059199941489e-05,0.6210005698686664,6
0.17428491341341137,0.19334496039887122,2.985485401134314e-05,2.2784789519627543e-07,1.3263173015867143e-05,2.2315034794512624e-05,0.6323044652780004,6
0.1937914612435242,0.02928628959361264,1.1301553888400597e-05,8.898276706547832e-08,5.427102139490385e-06,7.88116262503625e-06,0.7768975503614431,6
0.8387438169709611,0.16107763339771716,1.8369407016574832e-05,2.574465263065517e-07,1.2767853471204752e-05,1.4809843892659576e-05,0.0001323450804148719,0
0.02740875183076168,0.0003454256693024879,2.5044030332330154e-06,3.908821184778506e-09,1.2686634486820523e-06,1.7004786193294936e-06,0.9722403450460134,6
0.858016468351917,0.14195287428815356,1.0530610537602389e-05,9.416078558299043e-08,1.2780055079919436e-05,4.69218792557988e-06,2.560345600756255e-06,0
0.11508706443967681,0.00828671086371517,4.608256292653426e-06,4.497163173933975e-08,3.2708685186754137e-06,3.7702066619175428e-06,0.8766145303935031,6
0.2859365642607932,0.00438640107926935,1.390428488338554e-05,2.8993035491501937e-08,6.6693632181456315e-06,9.037100661081518e-06,0.7096473949181393,6
0.8076172508434292,0.19233654873640027,1.3654547519704229e-05,1.479358807306999e-07,2.1033592516120298e-05,7.341788801898047e-06,4.022555452120946e-06,0
0.8995390358812436,0.10043278938859104,1.2234656731987167e-05,1.1350411413109305e-07,6.744164640036423e-06,5.7595647874929284e-06,3.3228398919262836e-06,0
0.2522828806802002,0.0037982456569950955,2.176545240815104e-05,2.9735478360255657e-08,1.0298994085057647e-05,1.1095839308573938e-05,0.7438756836415247,6
0.19548575828404527,0.0023743338186201263,1.1588231065859454e-05,2.7891087442329555e-08,8.35368502970317e-06,8.565948836567786e-06,0.802111372141315,6
0.5941382067020355,0.4057951623823674,2.0208960872926022e-05,2.1053379161664463e-07,2.0163045000511265e-05,2.1852438982235345e-05,4.1959369498454185e-06,1
0.7274323153611494,0.2719916945324786,2.5584660545944976e-05,2.376168536861542e-07,1.5352094585014362e-05,1.2712338911195248e-05,0.0005221033954762645,0
0.05716737673094868,0.0008143145574568177,5.2854716938381266e-06,8.46827047303125e-09,3.3564076540714144e-06,2.9818752996929683e-06,0.9420066764886763,6
0.20849272181395848,0.010933521906644659,9.498525989973014e-06,9.323028520415204e-08,6.742642986546938e-06,7.007764433386664e-06,0.7805504141157019,6
0.024813270551968778,0.00037431947022921897,1.6600835853100713e-06,9.93948169628502e-09,8.425300194663717e-07,1.1509999930934935e-06,0.9748087464247225,6
0.07192497372030907,0.0020370365513950597,4.678375203163309e-06,4.591936211401439e-08,3.331055450566718e-06,3.4515830550313713e-06,0.926026482795225,6
0.9521060545738905,0.03973060724584646,2.7923636725557638e-05,2.5561270345279354e-07,1.6569957926982034e-05,1.6240133303363624e-05,0.008102348839603951,0
0.24032948063893056,0.001828965644414183,1.498317583165806e-05,1.0007787916515295e-07,7.667697786992177e-06,9.752110290019546e-06,0.7578090506548675,6
0.18659993470925637,0.0020895244666864245,9.331437659793002e-06,7.541460559467536e-08,5.57770518652341e-06,7.201823543673163e-06,0.8112883544430616,6
0.07094825714331826,0.0006587895656940175,5.239558559369889e-06,3.574058162821759e-08,2.738347184638586e-06,3.6198235117584578e-06,0.9283813198211504,6
0.05470697724288652,0.0007946966114889315,4.490163177669023e-06,2.707784812464512e-08,2.1074265449129186e-06,2.6906138880443427e-06,0.9444890108641659,6
0.8453153998683458,0.031198812918693756,1.9822874367647378e-05,3.6830603190167225e-08,1.5287158471697903e-05,1.4214329277378809e-05,0.12343642602024081,0
0.024598191721006787,0.0002679917322697634,3.0694721037657853e-06,1.2224728870310304e-08,9.15163972096751e-07,1.1696664147403728e-06,0.975128650019504,6
0.0481751004995661,0.0005758548457133146,3.779787487799579e-06,2.4773095933062848e-08,2.179026902873346e-06,2.283320019275583e-06,0.9512407777472146,6
0.04595670464483218,0.0035258810479811705,3.0911943871558327e-06,2.3317047414585568e-08,1.7412229636733096e-06,1.7732681034815815e-06,0.9505107853046849,6
0.9237926215292364,0.07564250302531066,1.0019888723149203e-05,1.412648642690843e-07,9.665198057955737e-06,6.272690160775198e-06,0.0005387764036466119,0
0.08737739674817262,0.013727423512319223,6.821317358696455e-06,4.406137898580269e-08,3.3934066066417647e-06,3.5980475816876025e-06,0.8988813229065821,6
0.9140271660417779,0.06284276557324261,2.970592417662733e-05,1.8230517935982447e-07,1.934601604629543e-05,2.0958518492767782e-05,0.023059875621084528,0
0.9833024910169235,0.015265580354205386,4.8555101635382e-06,7.528977083424256e-08,3.115550445965438e-06,2.786370826960293e-06,0.001421095907664032,0
0.9656602180153985,0.02960383362136384,5.971865413849847e-06,7.710465853727887e-08,3.3522472555042792e-06,2.9980589688703924e-06,0.004723549086940856,0
0.11388528432569382,0.021410202111999708,1.2206142649191738e-05,6.72206427831215e-08,4.925759676034651e-06,4.408661806677899e-06,0.8646829057775318,6
0.9296554457966224,0.055611293287681496,4.6741210627490864e-05,3.3091002184704577e-07,1.8892185353184466e-05,2.415645319704264e-05,0.014643140156496282,0
0.10474906773837755,0.8950069773229036,1.9453377794997345e-05,5.872304774628946e-08,1.6551429601094913e-05,6.425271586371531e-06,0.00020146613668863093,1
0.37727804600399933,0.6138979178033609,1.7489099081887492e-05,1.5628694920513407e-07,7.343997152082845e-06,8.96313120082459e-06,0.008790083678255817,1
0.0787954802966182,0.9211686065516391,6.515881218419795e-06,1.2513486975960198e-07,3.506712610917663e-06,3.78717468071176e-06,2.197824836305372e-05,1
0.16940148867963506,0.830398269813526,7.976178188339399e-06,7.128660367380477e-08,3.0702145730163648e-06,5.454052318091544e-06,0.00018366977515592382,1
0.8652081348846372,0.1259265578900539,3.2851512860260636e-05,2.744299503488626e-07,1.0888115686356162e-05,1.7728576223665158e-05,0.008803564590588167,0
0.6414371412902717,0.3439819712081844,5.582414762322924e-05,3.8544706058664854e-07,1.7845369956545314e-05,2.4252130533090987e-05,0.014482580406370208,0
0.08645101301104897,0.9132893240365829,2.2577971058608117e-05,1.7778401570481723e-07,0.00020127552046127624,1.0422604974091904e-05,2.5209071858479923e-05,1
0.1359356217610514,0.004965640412097446,7.410214803845765e-06,5.070282234954348e-08,3.29839509927978e-06,3.564412796311832e-06,0.8590844141013293,6
0.08709524819963614,0.9101313491049426,1.9036640770452013e-05,1.1141245704911372e-07,0.0027282235619617715,7.160357225889037e-06,1.8870723006039353e-05,1
0.03338524410495212,0.9617247639920017,0.00031503999604023085,1.3081118988305492e-07,0.003622701639273761,0.0009409367913098517,1.1182665232577959e-05,1
0.868518381462803,0.13084824478486526,3.621624814101312e-05,2.6870157926972867e-07,2.5864243197513006e-05,1.8578309094624764e-05,0.0005524462503190952,0
0.19093334529037154,0.8085721326949232,1.201843668581275e-05,7.080421864312802e-08,2.0434623319339043e-05,4.792810477641683e-06,0.0004572053400039548,1
0.029099095469463866,0.9231034933817673,0.021335090986125096,1.8549083961930573e-07,0.023223143574092258,0.0032331023097600968,5.888787951538609e-06,4
0.03211429143296288,0.8722607971782629,0.043326033824413586,3.9482103736749767e-07,0.038831777724502255,0.013458276615919708,8.428402901186653e-06,1
0.011648856911632132,0.9455918519497134,0.030903261067200073,1.8213810246879696e-07,0.00570203240313446,0.006140394909785198,1.3420620432194256e-05,1
0.0006067960263902218,0.09154912240676503,0.9002446477133105,7.255325796022804e-08,0.00275005888010568,0.00483732756537602,1.1974854794586673e-05,2
0.0028848995970078843,0.39288001387238525,0.5751374669345315,2.693059659355666e-07,0.017879234724517527,0.011195185676878881,2.2929888713048455e-05,2
0.9799103658339073,0.01988764787203845,7.282647550136609e-06,5.9081308067251223e-08,5.805760617880494e-06,4.19739028161129e-06,0.0001846414142964068,0
0.15825862756697376,0.7207002043965651,0.005153187870193252,1.0233772754691005e-06,0.019234058464653515,0.09663897655226535,1.392177207359568e-05,1
0.002612377440546632,0.1108717466040114,0.8503745175886652,1.986273927075152e-07,0.0313378711640292,0.004797654737484481,5.6338378703147326e-06,4
0.9083126084774097,0.09163845254768091,7.934487348975507e-06,7.93794743540617e-08,2.1972690635026707e-06,4.742056969809771e-06,3.398578205269728e-05,0
0.0008609516053742234,0.0641260414080876,0.9041107210928881,1.2054135442651146e-07,0.020122422193043468,0.010776256436411244,3.486722840651794e-06,2
0.00046092469375315104,0.044006981748690666,0.9439054444521164,8.098549397686512e-08,0.002240579998156494,0.009381819197720518,4.168924068679593e-06,2
0.011211299142415579,0.9449586158306875,0.036542358439347465,7.329420427089009e-32,0.004259708398357075,0.0030195577283365555,8.460460855723052e-06,1
0.01594441018546406,0.9659550633306268,0.010890421269335053,7.23257525509195e-32,0.004054122031798664,0.003147329111146343,8.654071628954211e-06,1
0.0025786644081430936,0.09773442411785513,0.04401449580031459,1.238292622966036e-05,0.0022130308597551373,0.8534451171690981,1.884718604402587e-06,5
0.0021656197152113287,0.12396290785681748,0.052083389618555166,3.031540888101902e-07,0.0030328723223946442,0.818753178761381,1.7285715515891301e-06,5
0.0019587052446026843,0.44381304403849026,0.543548650285949,1.941338768135164e-07,0.001001006045748441,0.009667535560042488,1.0864691290146764e-05,1
0.0025318030747150254,0.7465013586050908,0.24317567897275866,0.0,0.002007996237606337,0.005775204061457597,7.959048371607605e-06,1
0.015142426268956361,0.5507456369763293,0.03609088218492041,4.5981270640793764e-07,0.012359279448111419,0.3856557518136415,5.56349533463591e-06,1
0.6313413216006687,0.35508472064970176,0.007028166026490619,2.5506095406912263e-07,0.004112837880591395,0.002408024103012097,2.4674678581408954e-05,0
0.5277831321911982,0.45536491724828276,0.01410936602941161,5.522357060179636e-07,0.0015898428316080695,0.0011351640480920472,1.7025415701261778e-05,0
0.006075839782902347,0.8246677273909585,0.10021053871043153,4.849143577976505e-07,0.03283740154223229,0.03620272379724333,5.283861873940631e-06,1
0.13623740448069616,0.6498846588917307,0.009520402682351669,2.7208528566316834e-07,0.02075028145844218,0.18359896094489442,8.019456599191674e-06,1
0.012896886270196356,0.7160212528926418,0.1460175956405909,6.770909728967585e-07,0.046202205228375745,0.07885604032337357,5.342553848579874e-06,5
0.005834143318907156,0.8450576116329718,0.11551648700754649,4.554519409980895e-07,0.016950093976139436,0.016635997541092528,5.21107140160873e-06,1
0.0010102067113944347,0.09411076261236459,0.8430399389018868,0.0,2.1925081428096397e-05,0.06180947052171784,7.69617120839357e-06,2
0.0005595344901219441,0.03182888416186718,0.44455384555454913,3.0449955766215794e-07,0.00010437153912782879,0.522947023034967,6.03671980930308e-06,5
0.06490387334248274,0.8380803654247774,0.0017461074656448573,1.7330293330217905e-07,0.09471571548956148,0.0005213498720510106,3.241510254942729e-05,1
0.019823330133300194,0.735673547068763,0.08293708982813082,1.6773870610682638e-07,0.151413454711744,0.010148902460377637,3.5080589781505495e-06,2
0.008531734373465891,0.820963781763201,0.07209422418480109,2.0106747140959768e-07,0.09155560001586656,0.006844661461612367,9.797133581908563e-06,2
0.0017809857030102304,0.10568288174289873,0.029325650682492505,1.2255710640011587e-210,8.408486267341875e-05,0.8631237616086239,2.635400301306909e-06,5
0.04083384093547496,0.9582954487371897,5.10075637934699e-05,1.576042146277423e-07,0.000802036154075303,1.0293859190321697e-05,7.2151460614025734e-06,1
0.0017502638391362867,0.0835325871920683,0.020597570588958766,8.520952741180693e-07,9.821578543633958e-05,0.8940183231756959,2.1873234303407866e-06,5
0.0014561194991596306,0.07747298847707754,0.019103387103586757,8.034572216220375e-07,0.00010368487345693328,0.9018609879383016,2.0286511960271747e-06,5
0.0029265966899289235,0.6155211241013212,0.368416805649862,1.271962608293738e-07,0.010019036248541046,0.003113698337473453,2.6117766124525646e-06,2
0.010454270475529603,0.8885705616426097,0.0649692090411082,4.687220045228673e-07,0.015695416911314305,0.02030442158485054,5.651622583154849e-06,1
0.001168482383257762,0.11836979870292084,0.04285542978790955,4.409985877606932e-07,8.971449170354183e-05,0.8375021532235754,1.3980412045294726e-05,5
0.0007908843871919157,0.061038105667804834,0.04996160470375139,2.9700283680952997e-07,5.14367664317956e-05,0.8881476587817209,1.0012690262371799e-05,2
0.0007336111140502155,0.1416463245634617,0.6092434672206356,5.54159254989471e-50,0.00010384958121691959,0.248266648013774,6.099506861537175e-06,2
0.0012176335400231463,0.23483627873479088,0.7405508995134089,4.397036130328291e-32,0.000481969562974446,0.0229083881992937,4.830449508769182e-06,2
0.1011577489442379,0.8278776388760324,0.01787562517996379,4.26698419837799e-07,0.03187614955638996,0.02119646687917296,1.594386578337107e-05,1
0.04175807284771559,0.844583834578387,0.09138023968193744,3.004739947753538e-07,0.01543532469599519,0.006834826899532255,7.4008224377392585e-06,1
0.007046385940105545,0.603191612751814,0.35042265611941803,1.9984514324882206e-07,0.013266562651444219,0.026069376886800673,3.2058052743905827e-06,1
0.00022596555113920625,0.04641561606159335,0.9495137790974095,1.2684103490144884e-07,4.5089311504978165e-05,0.003796554961582886,2.8681757351457452e-06,2
0.0003416195646722195,0.016164584529322536,0.19920443698722667,3.626242532201508e-50,3.509129813023326e-05,0.7842505218088571,3.7458117911330815e-06,5
0.0003503334845942238,0.1169913994596035,0.8698749726884847,9.979446942650866e-51,0.00023675057323087974,0.0125413862896191,5.1575044674547715e-06,2
0.013520484004632106,0.46453752120969605,0.4884789855404639,5.101369979844158e-88,0.0022227065307671113,0.031233823213510203,6.479500930681747e-06,2
0.002067464095198141,0.468731371479867,0.07134767602651124,7.131766119640433e-07,0.00039337404769243083,0.457439342448144,2.0058725975444877e-05,1
0.012758159690582091,0.3991265921811659,0.5720258953166184,1.569915045138493e-07,0.008268484094702716,0.007808640475496469,1.207124993003972e-05,1
0.0006519068360691092,0.10288077705407452,0.8816604822828292,0.0,0.00010102044728751881,0.014697187570232442,8.625809507214135e-06,2
0.0010034957917342514,0.0821011823406018,0.9163705637801776,7.748469526754413e-09,0.00045526173916906384,6.624624698391826e-05,3.24235286375269e-06,2
0.0012795728431920107,0.05220286660292221,0.8486496723605813,4.0904533122973257e-07,0.00016027696773847458,0.09769625576123009,1.09464190046087e-05,2
0.0015262769973487303,0.11343996656113178,0.882947508512333,1.2321135249086838e-08,0.001866744664490472,0.00021711309816737286,2.377845393357626e-06,2
0.0014891150606559196,0.441799937899461,0.5438451842277002,0.0,0.00040070047616482,0.012459412092933957,5.650243083998715e-06,2
0.00032792988685332274,0.04848547696400988,0.9339360264019531,4.352192682132913e-287,6.621189320124365e-05,0.01718171527641219,2.639577570383803e-06,2
0.009321567428867073,0.04394210262484026,0.9452910971061248,3.9537968862282667e-08,0.0007928483962078855,0.0006507710171729086,1.5738888180627513e-06,2
0.08164910445362795,0.1421921406015397,0.6996817264440566,1.8691895402135828e-07,0.004840510047369823,0.07162449399043773,1.1837544014261316e-05,2
0.01435366831469317,0.3530594420565881,0.013474987175949324,1.3937683310499613e-07,0.0023385072704268403,0.6167540070273457,1.9248778163580728e-05,5
0.002679323889355976,0.028442099536225514,0.9639226813177018,4.449514131723602e-08,0.000755397556732817,0.004197196457813713,3.2567470289598662e-06,2
0.002667665254075252,0.04365764970481481,0.9479353713174588,1.0665166692090276e-07,0.0014743068218008115,0.004249844114141059,1.5056136042433889e-05,2
0.002601959194204347,0.242618804237997,0.32435441507170726,1.2595699215126729e-06,0.0002217606769783435,0.43017989910182813,2.1902147363603848e-05,5
0.0003878549120288859,0.01971879953307002,0.9112211312315683,5.920307200045136e-07,5.659680061922585e-05,0.06860783300976861,7.192482225052282e-06,2
0.002332016975738342,0.027581931754185603,0.9643863299973247,8.265941281081151e-08,0.00021039798476375467,0.0054768258938867505,1.2414734688101438e-05,2
0.004223889996669846,0.23361129125794888,0.27901604400064045,8.31405886992078e-22,0.00036184864152804207,0.48278064981666313,6.276286549706698e-06,5
0.002043738162335947,0.4285217878084647,0.36779574939848775,9.167157689767064e-07,0.0005533480241304769,0.20107786716983284,6.592720979205988e-06,5
0.0004801118005364475,0.03094166550142154,0.8832657079305346,1.000137518578954e-06,0.0007743058096987819,0.08453470727336192,2.501546928161176e-06,2
0.0014287094582002995,0.06400982922979116,0.9275420937553057,2.880808923893196e-08,0.00372985329389228,0.003284757233543836,4.728221177462432e-06,2
0.003000129611065832,0.07837022869743542,0.3685560166832624,8.940640819256352e-08,0.0014768960271393566,0.5485715594026472,2.5080172041590305e-05,5
0.001016083417206189,0.057571427336622905,0.47857180358467877,4.963792408170839e-07,0.0003186604159726954,0.46251221172045837,9.317145820286153e-06,5
0.0013047313566458235,0.07904624837187456,0.9144968039388713,3.03131324226093e-08,0.004375384809476071,0.0007718259687233173,4.97524127640194e-06,2
0.0021024704903998986,0.30002836532175553,0.6211884274445095,1.4862125575350608e-206,0.004588672609722874,0.07208292714177592,9.136991836354202e-06,2
0.0059082572975921056,0.06533700074741819,0.14908104835865285,1.868647653426799e-07,0.0009363803038765152,0.7787144425677145,2.268385998053937e-05,5
0.000617475271656573,0.04881135630598928,0.7063899587561072,1.3980558465824988e-06,0.0007566219148290004,0.24341975873512903,3.430960442467413e-06,2
0.005313065878878258,0.11711458134166249,0.0020689528048029996,7.367214242586814e-08,0.0008552060105825875,0.8746472181775437,9.021143875490364e-07,5
0.002685089346208203,0.07009906793488178,0.922993016484034,5.3273059848165456e-08,0.0016327598546427584,0.00255168919232076,3.832391485274145e-05,2
0.006385567260730705,0.08756377859854725,0.209138586759638,2.174857789650238e-07,0.0003508560339475284,0.6965364499275499,2.4543933807528206e-05,5
0.0006049978517679523,0.019517316958064475,0.9669523031811902,1.3016014845919215e-07,0.0002297798272756586,0.012684649698553,1.0822323000276498e-05,2
0.0017253082354814174,0.04311226298742754,0.9038090119145943,2.9442906522950016e-07,0.00027849864932643763,0.05105267975585161,2.1944028253459473e-05,2
0.018360862943126124,0.11014073849546867,0.0040956084205158476,1.0818992419201293e-07,0.0008615216922519518,0.8665402026515558,9.576071573024759e-07,5
0.01129722626849427,0.11710032388178104,0.8069945044051942,2.1341341495859417e-07,0.007414743166125408,0.057158995950636865,3.399291435307095e-05,2
0.0021318244611631624,0.03703198126106223,0.9524950662562449,8.595132611628184e-08,0.0021607641100673375,0.006172667711782072,7.610248354461826e-06,2
0.0002310345319582124,0.059197615930366286,0.8993557608999596,1.8329631400759355e-07,0.0004257596253439701,0.04078824702744449,1.3986886137373984e-06,2
0.0004435278638063609,0.024572869515570993,0.954790723813996,1.6550208785950754e-07,5.024530531970511e-05,0.020132849171293998,9.618827924916392e-06,2
0.008891826220645212,0.18700346421749406,0.00859809605411954,3.730910467842144e-07,0.000656442683208596,0.7948480506332551,1.7471002307334174e-06,5
0.0010156800756290021,0.06901543395421775,0.906382338085067,3.249749728971629e-07,0.0002613490588967442,0.02330072841852583,2.4145432690594085e-05,2
0.005079673354543533,0.28212200329788956,0.6777185428678595,2.305924579128485e-07,0.012361775139268954,0.022712191778117934,5.582969862543017e-06,2
0.004400502124576373,0.18108723768395815,0.02890987835044109,3.68768129060599e-07,0.0007814279322199472,0.7848162148244527,4.370316222611645e-06,5
0.002371733231188456,0.06930297226985088,0.6887932106867977,4.046881705565705e-07,0.0009957325622984455,0.23853007584425337,5.870717440658111e-06,2
0.00018950527720082276,0.016710189156335164,0.9723218622773859,1.0590337513365513e-07,4.983650547092212e-05,0.010721618233212724,6.882647019240636e-06,2
0.0001845522533200347,0.014964523484924963,0.9784530165991729,1.1126254453624745e-07,4.09635115499999e-05,0.0063337163842293745,2.3116504258132924e-05,2
0.0013682174528489518,0.2148100639741442,0.444694132325126,2.0987587228982637e-64,0.0028750205586765996,0.33624839621687874,4.169472325417136e-06,2
0.0015453237739486566,0.2700214915336987,0.38146058162715346,1.5835393384136307e-06,0.0006339561321395483,0.3463260224200317,1.1040973689753604e-05,5
0.0028817336814068433,0.22588083776433407,0.0882655894485626,4.657738478172949e-07,0.0009824949086848242,0.68198663631853,2.2421046339825737e-06,5
0.00177166745821656,0.12333087580244104,0.28865097211084356,4.1087207038133134e-07,0.0007120973620750334,0.5855322112586706,1.7651356826508424e-06,5
0.0026086358003777187,0.1933361330413792,0.02634840293442468,4.593261257971022e-07,0.00022445676568494117,0.7774743895506258,7.5225813819444476e-06,5
0.0020557236851608913,0.2996507367054945,0.08708473562370468,1.7806608776718095e-10,0.000906666237072617,0.6102979495365779,4.188033923279847e-06,5
0.00020775391670217416,0.006022658781901777,0.9894416940545806,9.576269375105116e-08,4.3521271868531836e-05,0.004276731861282942,7.544350970367111e-06,2
0.00205389991479765,0.31039114546714275,0.1373038912017235,2.71284837542658e-07,0.0009600045811420094,0.5492874346341067,3.352916249982998e-06,5
0.0023085807958340043,0.10631904465784241,0.37048464686596744,3.6319875364067836e-07,0.00021623565172330218,0.5206255346108889,4.559421899024855e-05,5
0.008585178120258389,0.3799147208849719,0.19756710403318944,2.5624477868960684e-07,0.0022194784564662762,0.41169817431927935,1.5087941056004108e-05,5
0.01921364246215641,0.5953760095571944,0.08138102104629788,4.143054747817858e-07,0.0054577870101416865,0.29855920164561495,1.1923973119706178e-05,5
0.001959660851391941,0.11905976863691392,0.02251729253366824,1.3454620782323114e-07,0.009408298265516245,0.8470509436451832,3.901521118461229e-06,5
0.0063821884108942835,0.4330350936797578,0.215893353491581,2.7206898200356806e-07,0.003687392888278003,0.3409969396598969,4.759800610076195e-06,5
0.0013595571288492474,0.008559946869678899,0.9894151864911562,2.645548747404433e-157,0.000177196875337513,0.0004838230589739892,4.289576004064991e-06,2
0.021197432121970575,0.4865484811615108,0.17519800818258985,2.4130274844824707e-07,0.005707893035369385,0.31134235957692546,5.584618885408357e-06,5
0.003952595001886123,0.21688150979775975,0.6378186291536843,1.590322791683414e-07,0.025471872088344633,0.11587235947920083,2.8754468451713785e-06,5
0.0025527123617339565,0.15777633265065172,0.7657413216314775,3.0646089805486283e-07,0.014348930939383497,0.05957758351351073,2.8124423446227643e-06,2
0.0008435316989765389,0.008949184208810648,0.9896177490067161,3.392800159446641e-78,0.00014600610466447428,0.00043781565837124487,5.713322460935503e-06,2
0.00017849243092923583,0.0036122612704086936,0.9943556315392919,2.0914208911207708e-17,1.5685041798486652e-05,0.001834551644416312,3.378073155424135e-06,2
0.0008716748544760189,0.021635705855454383,0.976263063994055,2.3117990388597698e-08,0.00024574742383795653,0.0009806242249848565,3.160529201472413e-06,2
0.0019008030701867249,0.03174087842839666,0.17877936773368594,3.17231353075579e-07,8.953065906490265e-05,0.7874868119950458,2.2908822670076306e-06,5
0.0015893559927791382,0.1587303743972875,0.2284686602838084,1.02652990986572e-06,0.02177210341491086,0.5894338171484471,4.6622328570338255e-06,5
0.00045069508915171827,0.022781629966571522,0.914168501995148,2.9771924678834724e-07,7.946854517262803e-05,0.06251779372552499,1.6129591842721276e-06,2
0.0014160527965771256,0.07504937619884956,0.09059169360225144,4.986721362534342e-07,5.0649259991828206e-05,0.8328722337164118,1.94957537819699e-05,5
0.0006218091177095274,0.03131957320060775,0.9102942063761161,4.673943621146413e-07,0.00018283733264558386,0.0575787199390311,2.3866395278421795e-06,2
0.001454969623239215,0.06767850020504623,0.8635725639453291,2.8567994072397843e-07,0.000624732125825464,0.06666377205638038,5.176364238755379e-06,2
0.00026728426909787344,0.018962131756843584,0.9360337527130235,2.2260625669031227e-07,9.986282358772296e-05,0.04463420447407507,2.541357115525913e-06,2
0.0003215591054153517,0.024603023260580396,0.9695548310175819,7.417410834032693e-08,7.193106863896045e-05,0.005440209534662031,8.371839013165252e-06,2
0.0006171151916641284,0.026547088965502542,0.9710054491248141,4.8029991282393e-08,0.0008232036804150732,0.001000187370682392,6.907636930564297e-06,2
0.0006757395187392006,0.021807977109718796,0.9739676749122387,2.7206055177857262e-08,0.0007695286957628103,0.0027719913598021613,7.0611976830278644e-06,2
0.0002755733004701832,0.01602160570327467,0.9766902579778369,4.8829207826434366e-08,0.00017527142713380238,0.006831571287204642,5.67147487190292e-06,2
0.0003474141115495984,0.042522166484688644,0.8953290495347603,2.3542245987873167e-07,0.0002328488707798679,0.061564591715188986,3.693860572554884e-06,2
0.0012445185982139278,0.06452658713227058,0.8348816360575028,3.295290355473993e-07,5.651167259256946e-05,0.09928610992904568,4.307081338978062e-06,2
0.0003369044320128656,0.023316232987002895,0.9717300822423721,8.602114933296107e-08,0.00025093606272386614,0.0043577060552507365,8.052199488015111e-06,2
0.0002879095100765085,0.04823476739217597,0.9023877834575569,4.449497212566264e-07,0.0003423664998265584,0.04874351405386138,3.214136781290511e-06,2
0.00016895456537281776,0.01149843514507162,0.9830165886469734,1.0598221441831087e-07,5.707661400726296e-05,0.005254975682374573,3.863363985967601e-06,2
0.0023855042858888283,0.08563816466802514,0.7726405565742941,1.0023698371526828e-07,0.00011512024560600733,0.13921436482732902,6.189161873006293e-06,2
0.0006274877593594524,0.024100112707246373,0.709877594096736,1.8471667440187043e-06,0.0005787347774479857,0.2648105508865279,3.672605938334638e-06,2
0.0002295930854100947,0.017991598439799198,0.9702159353899179,1.0122733264071746e-07,7.959478372699449e-05,0.011474100991116922,9.076082696182024e-06,2
0.0002717393151782025,0.005756016766352945,0.974741364434296,2.6276480593446487e-07,7.649794215322681e-05,0.019149595787435317,4.522989778450112e-06,2
0.0007981310834237667,0.1628077914591269,0.8046196341887516,4.171074935432909e-52,0.0001539715343305972,0.031614773004806855,5.698729560340721e-06,2
0.0008026492043332786,0.0317914417136017,0.5306438163361985,1.4052293371258972e-06,0.00011157186634844512,0.43664618562442886,2.9300257521214215e-06,2
0.0029273058195249183,0.5225171795336327,0.45273700141866036,2.9232371221335244e-07,0.005531807197325089,0.01628268093409053,3.732773054049099e-06,2
0.0003670647766228606,0.030814796143070564,0.9025075270563174,2.0646990423250884e-07,7.635108009097557e-05,0.06621908653268016,1.4967941313603508e-05,2
0.00026414279254084223,0.023595725777846462,0.8984709610719875,1.5960532240367664e-07,5.902089604335851e-05,0.07759841934137998,1.15705148794313e-05,2
0.0011193214326894886,0.08857872830966454,0.28899719636713983,4.2533637388980064e-07,7.894219496464217e-05,0.621212906918422,1.2479440745682788e-05,5
0.0012237579221872812,0.2819171412226552,0.1002075387199262,3.8689097415693237e-07,0.00016001285788624862,0.6164835575470361,7.604839334891584e-06,5
0.010094939186016614,0.4237032425081848,0.15832665132671417,1.8319096477726887e-07,0.0011823599615397218,0.40668265926209096,9.964564488936966e-06,5
0.0015665560190666792,0.08286781655517138,0.03961279093083276,7.065523347447418e-07,8.253002051868378e-05,0.8758502212940978,1.937862797800382e-05,5
0.0015946696447368815,0.026868926421442216,0.9534182961251734,2.515356088031335e-08,0.0003731985321279782,0.017742782554459106,2.101568499358032e-06,2
0.01974940999691976,0.3209094465026934,0.01524524947731949,2.917905740858105e-07,0.0026575960465111833,0.6414315868878276,6.419298154586304e-06,5
0.004960643012516875,0.5939940650972473,0.3604724982309934,1.2970711209013383e-07,0.029413255289757304,0.01115674532935037,2.6633330226602276e-06,2
0.002113666675246481,0.05149761112292843,0.9408019285961895,1.1533604665970359e-07,0.002934174155638401,0.0026403904907313404,1.2113623219267075e-05,2
0.01419602989324619,0.27432693812672354,0.048903278505646276,5.741281791236e-311,0.0016961678619016758,0.660865821921479,1.1763691003380957e-05,5
0.0005219234485089302,0.06337846888728606,0.9343327070454811,1.0319955589795531e-08,0.001031863861182518,0.0007347607447409041,2.656928450353802e-07,2
0.006053747458054289,0.5959486708927797,0.25408411876269843,1.9731096872606082e-07,0.009997876534091885,0.13391188385889416,3.505182512767418e-06,5
0.0002455452503729238,0.017773383957233154,0.97570189524988,4.823928824295069e-08,0.00029106158820940594,0.005983576615717456,4.489099298799151e-06,2
0.0018725029848687944,0.04733503455022305,0.9383445338030397,4.511981071727186e-08,0.003315557410292786,0.009118495192020959,1.383093974394837e-05,2
0.0015471498350727222,0.039600998491937024,0.9560971085282246,1.0176000052299916e-07,0.00010563678373837925,0.0026397230735886955,9.28152743806901e-06,2
0.00038641943153328956,0.08399452548956432,0.8962512383918709,4.9229781291063015e-77,0.0001802912355914826,0.019183257003993863,4.268447446157313e-06,2
0.0004050450929093047,0.023028355676430988,0.9735259092777304,2.3538568997694617e-07,9.585431869820472e-05,0.002932626076585856,1.1974171955277919e-05,2
0.0002090505202706334,0.023379926838722496,0.9562477702598586,2.0493768091966225e-07,0.00024561987921801174,0.01991443472337696,2.992840872304021e-06,2
0.000283864928868388,0.020876886463689282,0.9760870303738194,1.7762234952839432e-07,0.00013345944960813785,0.0026081775130971886,1.0403648567974781e-05,2
0.027010180330518316,0.9686609876237379,2.885498747397449e-05,3.9708004042826694e-07,0.004246271629945369,4.8044347588272587e-05,5.264000695625713e-06,1
0.0010623539834862684,0.20280273628295356,5.014033576741399e-06,2.992550228912108e-08,0.7961220015710027,7.1772937246361704e-06,6.869097537882201e-07,4
0.0683505446446609,0.8772584887179141,3.8159150666021114e-05,1.6279775399712555e-07,0.054328677822466774,1.5883069421138465e-05,8.08379711709655e-06,4
0.0003527094980441995,0.04723809553058807,3.3081458691547288e-06,1.1107727198365241e-07,0.9523930973352138,1.2026037821981796e-05,6.523751908348097e-07,4
0.0009776544435269427,0.17123382105470447,4.4719694287803666e-06,1.1633378168935503e-07,0.8277680608101963,1.5247531211121355e-05,6.278571507259897e-07,4
0.00029000494145442815,0.04729036714514917,3.6460474090041926e-06,9.2019650796592e-08,0.9524024620126592,1.2891198902558714e-05,5.366347750296269e-07,4
0.7251873723389262,0.27387051503060694,1.8371778273263304e-05,7.945747672025376e-08,0.0009043886026024856,1.7005808547773426e-05,2.2669835666456233e-06,0
0.003191555436507915,0.9570695242752177,3.163240558316806e-05,7.747859485541217e-07,0.039629674079253344,7.190024759798333e-05,4.938769891633833e-06,4
0.10127214649780625,0.8987079393601162,5.514138780870359e-06,1.2478504286857494e-07,6.616751473459842e-06,3.754827839831608e-06,3.903638940688739e-06,1
0.2525460687734748,0.7474185019216684,9.696853301572201e-06,1.811763733479824e-07,1.3020272386661873e-05,6.140933163628864e-06,6.390069631449139e-06,1
0.004470572517957659,0.9925006388377775,3.414367469171126e-05,1.440511523914778e-07,0.0029528645570785594,3.8487165793270584e-05,3.149195548938353e-06,1
0.32692497939871124,0.6729943566332132,8.637628924076858e-06,1.9546967140417978e-07,5.983425553788708e-05,5.881754312527347e-06,6.1148596296163e-06,0
0.06463610092852302,0.9351919783824825,1.0684731070159643e-05,1.9011684817357927e-07,0.0001233569599403782,1.4112347687089707e-05,2.3576533448642395e-05,1
0.04599804197265215,0.9514538588741317,2.5839777438946913e-05,2.6027646004907875e-07,0.002472173917929952,4.377985648800544e-05,6.045324899369759e-06,1
0.22734232676861382,0.7726261842987061,8.254889137730879e-06,1.5454413313003088e-07,1.1574439393496e-05,5.439844523354794e-06,6.0652154922062464e-06,1
0.02185685594161251,0.9780918621889767,7.662244396905107e-06,7.090717385308314e-08,2.6990908106604464e-05,2.839965437049811e-06,1.3717844296238375e-05,1
0.6524219513645183,0.34751755984233523,1.76798401453195e-05,3.495746459819813e-07,1.5831532529875324e-05,1.1848755425473776e-05,1.4779090399842158e-05,0
0.001600555047535721,0.4101310503872554,2.4562235178953873e-05,4.923131955994866e-07,0.588161773612227,7.820746995875262e-05,3.3589346485465108e-06,4
0.08343877168485754,0.9164369494230599,9.18669576766677e-06,1.9890334455122566e-07,9.410512264044686e-05,1.4565895421231359e-05,6.222274908709665e-06,1
0.019182210600100218,0.977110430197514,3.0346288425185225e-05,2.079184314562845e-07,0.003597453277536215,7.452244170402765e-05,4.82927628917331e-06,1
0.40880457582115176,0.5911551625679649,1.0677171595731659e-05,1.9989296052454544e-07,1.480015735592384e-05,6.739420311417924e-06,7.844968659770195e-06,0
0.029409786205281382,0.9704124537813184,2.723294853455683e-05,1.4423418690569147e-07,0.00011093608938210492,3.5624292256224365e-05,3.8224490402899885e-06,1
0.0062260607195267405,0.9929033803105692,2.4511573391482572e-05,1.4211123751838004e-07,0.0008115969866693133,3.150288708244025e-05,2.8054115234410457e-06,1
0.7130610681821224,0.28690324906626213,7.2487178274603405e-06,1.3543531768075718e-07,1.324031921181489e-05,4.56622148406749e-06,1.0492057774306625e-05,0
0.10877273058172689,0.8910843674768283,7.224329974821874e-06,1.6753676821755669e-07,0.00011596167905950998,1.2268888944899196e-05,7.2795066978109455e-06,1
0.0034221921149877304,0.9964625378366135,1.5645290312507565e-05,9.448183466345565e-08,7.733789643061989e-05,2.0309540457905434e-05,1.8828393628806585e-06,1
0.1300142720061684,0.8698855764600787,1.0099108157968961e-05,1.6436290601062775e-07,7.765343304924715e-05,5.541519342676807e-06,6.693110297129538e-06,1
0.052945996370088504,0.9469150479625332,1.5781873150004397e-05,8.13628428047984e-08,8.382607061631742e-05,3.515279397732459e-05,4.1135667918045706e-06,1
0.010101054312456162,0.9841323683301101,4.675726944967781e-05,1.1350953995591847e-07,0.005666203949034434,5.127772977122863e-05,2.224899638354856e-06,1
0.011114929547096693,0.6244476429973024,3.689074844789951e-05,1.2025209161171396e-07,0.3643644744564948,3.394623932671935e-05,1.9957592399301553e-06,4
0.0559125995618893,0.9440070406540405,9.815311971013472e-06,2.1490657996038082e-07,5.529648909371549e-05,6.89633169623838e-06,8.136744729049775e-06,1
0.07383183525917938,0.9260256400934224,8.554175701056428e-06,1.453541586989384e-07,0.00011700976269950853,1.1688730554853388e-05,5.12662428407787e-06,1
0.19290648681004688,0.8068135901646223,8.630640250591482e-06,1.6125520843135376e-07,0.0002598959860456283,5.547691366233034e-06,5.687452460101194e-06,1
0.3452407593645583,0.6544905914241419,1.3526455573858491e-05,2.78386012002145e-07,0.00022615590968241736,1.997973619708607e-05,8.708723834307292e-06,0
0.007751673080093037,0.9918983823058984,2.881592132231271e-05,1.3115592678445805e-07,0.00027729682132957045,4.122876264979999e-05,2.471952780077797e-06,1
0.01129536363045555,0.9704864928211083,2.696217595195005e-05,3.4620045671944446e-07,0.018142693955167766,4.2706953882347656e-05,5.434262977453609e-06,1
0.03665427877442097,0.9548726534341477,2.5191184024962576e-05,1.57937668855014e-07,0.008408384005771643,3.629231242069153e-05,3.042351545110238e-06,1
0.07638238079812248,0.914829857455083,2.1475939055601305e-05,1.4495154112961729e-07,0.008726732874707037,3.542226887015513e-05,3.985712620546051e-06,4
0.0173686492534946,0.9824352518960201,3.4365411830201845e-05,1.2641588716366167e-07,0.00012317860482457778,3.251193635282491e-05,5.916481590442434e-06,1
0.14944149944292417,0.8505160282820818,8.566213304323066e-06,1.6432796509520745e-07,2.2886452571824825e-05,5.070754935877542e-06,5.784526216855791e-06,1
0.013680557282766969,0.6414668481344487,1.3282065552750027e-05,1.0098062186285023e-07,0.34481035041493946,1.956343234484254e-05,9.29768932556872e-06,4
0.25293403727463976,0.742643857135737,1.0376800025474643e-05,2.351138245942861e-07,0.004397748151084222,6.489135998950498e-06,7.256388690170635e-06,1
0.09397445174805594,0.9049818399966417,6.074000423118698e-06,1.2498556110191066e-07,0.0010157982079415007,1.534643156545334e-05,6.364629811197313e-06,1
0.17048850432336113,0.7168028965910935,3.265962209751021e-05,3.276696941272263e-07,0.11260001412286187,6.977553449325569e-05,5.822136398604121e-06,4
0.6546467524360504,0.3453161327272381,1.0922646485013544e-05,2.0571204592145264e-07,9.214888868049038e-06,7.747502467291631e-06,9.024086845119443e-06,0
0.39051032159941745,0.6081313342225028,1.0534692953319338e-05,2.663801993662616e-07,0.0013098736159096657,2.3886116440147026e-05,1.3783372577364587e-05,1
0.08687124372967582,0.9104547077160335,5.833714557062195e-06,1.0645120431875891e-07,0.002647193805946813,1.217777582323034e-05,8.73680675928288e-06,0
0.14027119052857465,0.8260008583944751,5.974972270181345e-06,1.3265761500082988e-07,0.03371325894190141,4.490253288872782e-06,4.094251874887099e-06,1
0.10348755010196652,0.892985511421351,4.551085881123279e-05,4.0092307670776284e-07,0.003347516151227741,9.230354274721668e-05,4.120700081966287e-05,1
0.042409141714418334,0.957432229463702,3.559214991494359e-05,1.0266343266403909e-07,9.066422582438743e-05,3.0334840352999306e-05,1.934942354555298e-06,1
0.06435235468154679,0.9347063529779386,8.470355232473508e-06,1.2085606087810337e-07,0.0009243574284187602,4.237947041464241e-06,4.10575376095413e-06,1
0.03068807004541403,0.9691813696357782,2.8674302254164667e-05,1.1794792738514877e-07,6.067672815758244e-05,3.903384470557813e-05,2.0574957630472943e-06,1
0.8422003180310148,0.1565312658479521,1.6340901834125375e-05,2.0774769317100194e-07,1.2228757308043304e-05,9.145417591304934e-06,0.0012304932966064176,0
0.09861412290877158,0.5473857782433406,4.5075201130374855e-06,9.322415773275985e-08,0.3539871459441732,3.2777625067271557e-06,5.074396937118301e-06,4
0.051970569443563194,0.9479371749680161,1.5615230003885274e-05,1.0263028690178127e-07,5.9903094520472055e-05,1.2980567775409802e-05,3.65406583387932e-06,1
0.07555667241328662,0.756779359794212,6.8580419602912455e-06,1.0696632252834438e-07,0.16764922296193704,3.837687246250361e-06,3.942135035313026e-06,4
0.016449233147917623,0.036339687035353646,5.575654034377024e-07,1.1730178512653859e-08,0.9472097593375925,3.9548467898663273e-07,3.5569887498351916e-07,4
0.14984201460385446,0.7747341823922361,7.033604852251944e-06,1.4250552281429677e-07,0.07540626225151015,5.112745904485489e-06,5.251896119575181e-06,4
0.23387562341504073,0.7660928416905359,7.495161748193655e-06,1.54703900422992e-07,1.3432726169026394e-05,5.316365792535142e-06,5.135936813174961e-06,1
0.37560128504910445,0.6239119639282982,8.348199004476442e-06,1.4148697492030332e-07,5.248068753173309e-06,5.8101634525313275e-06,0.0004672031044124614,1
0.07121638569895883,0.18109033257053184,2.0598280833762182e-06,4.7371800819133546e-08,0.7476877605816525,1.5971471721222029e-06,1.8168018004233073e-06,4
0.4867615374251821,0.5132009923552435,9.289286295250936e-06,1.899604018606148e-07,1.5697377660127762e-05,6.6110104772508315e-06,5.682584739990095e-06,0
0.6410077590968583,0.35883991121809344,9.702142258382494e-06,2.0457133211709185e-07,9.486834824794163e-06,6.061127119100847e-06,0.0001268750095141032,0
0.6904575420531397,0.30950057157868716,6.8253868837559835e-06,1.3817610044200125e-07,9.096052800692237e-06,4.66115069954583e-06,2.116560168878868e-05,0
0.9156415085639946,0.03985233196331958,2.231573380685471e-05,2.2550934978102376e-07,1.2208265486245139e-05,1.0198928226732739e-05,0.04446121103581593,0
0.7021349446893507,0.29783225763438503,8.619185573982747e-06,1.6123779356167506e-07,1.3055151092398709e-05,5.484489241821868e-06,5.477612562530028e-06,0
0.633842434174301,0.3659060789022579,1.1663032777187441e-05,2.084645529816313e-07,1.3044416312791573e-05,7.293647176284027e-06,0.0002192773626220655,0
0.35162027839867055,0.645623097401598,1.2875855565118795e-05,2.0077263470154876e-07,0.0027180667256040186,8.648901712439177e-06,1.683194421517477e-05,0
0.2641565108365962,0.7349175498955499,1.59168598116254e-05,2.2720502918154738e-07,4.061094421211282e-05,8.151222363522022e-06,0.0008610330364375623,1
0.6727387499187952,0.3266960027312317,1.5074338887846425e-05,2.2761241205341998e-07,1.6192682485484407e-05,7.981472681252169e-06,0.0005257712435063054,0
0.5758342837375409,0.4221220857391859,1.1824670213144157e-05,2.2111427497939846e-07,0.0020175805746032566,6.807375405463124e-06,7.196788776294837e-06,1
0.3213587889604102,0.677959570905153,1.2293271387875218e-05,2.086216620469048e-07,1.6084419038444894e-05,7.07118516305966e-06,0.0006459826371855247,1
0.5505720241111126,0.4493770462670652,1.213505817529549e-05,2.478521643722711e-07,2.1172172167763014e-05,8.356371862301108e-06,9.018167452563874e-06,0
0.0328525758996753,0.6458524112794944,1.9584075911809642e-05,9.203437974519617e-08,0.3212330046502294,3.5053718212508534e-05,7.278342096782704e-06,1
0.27047327761885603,0.7079418554749289,2.6212493872494047e-05,2.2885448943708265e-07,0.021507581163644828,4.490445741225315e-05,5.939936795983757e-06,1
0.03409417681578245,0.8499237200165289,2.7401709173215663e-05,6.93023125862835e-08,0.11591823773855528,2.5768440303448135e-05,1.0625977344306894e-05,4
0.0023397065767780376,0.044480431831203586,3.807783650803684e-06,3.3095799817156606e-08,0.9531710299585513,4.372885532393465e-06,6.178684842817238e-07,4
0.0019104004836107335,0.03706992668478208,2.2871953725929854e-06,2.010431012311652e-08,0.9610128287842193,3.5629492571898066e-06,9.737984479760791e-07,4
0.003061889272506352,0.037637472320297134,1.915002868161844e-06,2.9106038618000497e-08,0.9592924321063521,5.116832971042128e-06,1.1453589665871544e-06,4
0.00438641381382695,0.04001734831018433,1.5979203208320968e-06,3.0183814395343835e-08,0.9555884761821054,4.945818958983613e-06,1.1877707893278514e-06,4
0.5847608329417779,0.41499568648937835,1.6467619571566032e-05,3.6306304624797314e-07,0.00020986646040731764,1.1410885769078159e-05,5.37254004934345e-06,0
0.8006370896313887,0.19932776263933127,1.2682690455119667e-05,1.7246999477281273e-07,1.0852252237355967e-05,6.092216467667474e-06,5.34810012521301e-06,0
0.6983758154826731,0.3015305428166991,9.422213773631284e-06,1.9267869004862754e-07,1.2167083150204228e-05,6.705612465429007e-06,6.515411254846688e-05,0
0.609476593153704,0.3904756586017267,1.572424798986068e-05,1.994276960898535e-07,1.6722447390536402e-05,8.949617887585588e-06,6.152503605314928e-06,0
0.005920208468815339,0.041375070843510615,4.2944746858223696e-06,3.250002769224877e-08,0.9526930793860902,6.380458501368903e-06,9.338683688889708e-07,4
0.8694222922705229,0.13056079378276783,4.9186315224772925e-06,1.2430175564327256e-07,5.077863167530426e-06,3.415007410164364e-06,3.378142853615813e-06,1
0.7897065808147942,0.20744881157708145,1.7416006460269782e-05,3.443579943442236e-07,2.361893122147268e-05,1.1847008792463441e-05,0.002791381303655782,0
0.44737332488324005,0.552582462728277,1.4452397312662791e-05,1.9404872398319598e-07,1.4883223725773889e-05,8.877833560600716e-06,5.804885159858604e-06,0
0.003847272586621739,0.025883286191530432,1.0910641726859062e-06,4.245280711373746e-86,0.970263382179723,4.1722823815388224e-06,7.956955706571937e-07,4
0.7346843590376867,0.2652607710590646,1.4542042293846979e-05,2.0362922729124786e-07,1.781046277079553e-05,9.04513150139576e-06,1.3268637455152399e-05,0
0.12738557561802893,0.871664209902407,1.130620764977297e-05,1.470882972558319e-07,0.0009276411388086069,7.353154056387877e-06,3.76689075216577e-06,1
0.0027283134379958384,0.014099496637019567,9.393515844061787e-07,6.572812130202906e-09,0.9831688626593921,2.141398527933518e-06,2.399426680298922e-07,4
0.6042919558002767,0.3956578375757036,1.6099112874700746e-05,2.0418203730711543e-07,1.7121109273720875e-05,9.162976102296756e-06,7.619243731529881e-06,0
0.8473641351194133,0.15260326616026806,8.353269632744598e-06,1.8926539649992496e-07,1.4160892494732425e-05,5.199787631237061e-06,4.695505163462635e-06,0
0.8028898792188189,0.19692805480294437,6.814609205658939e-06,2.845363646862899e-07,1.5418801870193557e-05,5.445869559711928e-06,0.00015410216123646646,0
0.7067752819376586,0.2924383067690537,1.1491960104273329e-05,2.3978001325546597e-07,1.4741721635713493e-05,8.156095875874662e-06,0.0007517817356584297,0
0.2649962405224945,0.5868099178377583,3.487387633945287e-05,2.8761488374914955e-07,0.14801026899638373,0.00012937179068384149,1.9039361456334073e-05,4
0.6679912385633063,0.3294140749800167,1.4062423276171093e-05,1.8279268057721141e-07,1.3049399500745283e-05,8.118399754461993e-06,0.002559273441465094,0
0.7697991380455309,0.22911953838198945,1.892926571590976e-05,1.624788808087777e-07,1.0807323942877795e-05,7.379207428390077e-06,0.0010440452965114764,0
0.9082057456895357,0.09177274113851187,5.3378222246611966e-06,1.2955092345246e-07,7.16363644936823e-06,4.234610702594891e-06,4.6475516522246625e-06,0
0.0014630902714022392,0.027519712386776005,2.636082168622653e-06,1.6279678798510464e-08,0.9710114804171723,2.2776623661473463e-06,7.869004357237221e-07,4
0.7288657392094294,0.2702957665153383,9.836638964475018e-06,2.2287504841697217e-07,1.0830250434378023e-05,6.123163248546559e-06,0.0008114813475364527,0
0.1058893808816892,0.37662163990374126,1.232939538101045e-05,1.5375832099027447e-07,0.5174432665245372,2.3875643319087015e-05,9.353893011203532e-06,4
0.012561947007923107,0.10023075120560167,3.2479673146511768e-06,3.998229176165063e-08,0.8871898554017601,1.1787423965026625e-05,2.3710111435825652e-06,4
0.12556658561793957,0.4919890365250849,1.3531952854837464e-05,1.559345342286627e-07,0.38236103159550794,5.806591695846876e-05,1.159245712015087e-05,4
0.9401417223923504,0.05943424324430432,9.926771561257053e-06,2.458684838469018e-07,1.295827989993541e-05,6.911187479010898e-06,0.00039399225592149745,0
0.21606876557359755,0.7128563940127578,0.00033952305801757745,1.9031901776745426e-07,0.03852221425928473,0.032205825552410985,7.08722491359561e-06,1
0.9733536938004558,0.025482172415042095,7.6134327302166005e-06,1.6912046922325134e-07,1.4811042244578447e-05,6.101042899924614e-06,0.0011354391461583,0
0.811532246899801,0.14361253530978677,1.9543571377953515e-05,2.4332952612676734e-07,1.1428300554851565e-05,9.560147554345377e-06,0.04481444244139893,1
0.16082617432998614,0.0173096021229278,4.141572569299508e-06,4.5864378815446765e-08,2.9772599862000757e-06,2.019030346044815e-06,0.8218550398198058,6
0.08679606324355285,0.7001378277352927,1.3019791220495652e-05,1.910987191948692e-07,0.21300166043447763,3.901295252919686e-05,1.2224744208009954e-05,4
0.08759665153912741,0.7545507863286113,7.392911909003424e-06,2.4796602266954814e-07,0.15782244976742443,9.817144399369052e-06,1.2654342506166743e-05,4
0.01191260249864228,0.07686397397328107,2.4901772676837433e-06,3.2164859879362086e-08,0.9112109760080217,7.872511244061656e-06,2.0526666832706882e-06,4
0.019319567802695666,0.20206400922074522,1.0866466558998306e-05,5.9309678312058065e-08,0.7785782438777985,2.233340565605182e-05,4.919916867220562e-06,4
0.5930921697630843,0.15133574029022698,2.0132859162833312e-05,3.037530168039357e-07,8.133352565323639e-06,8.70499284627203e-06,0.25553481498909747,6
0.9818496616543783,0.016733081123915076,9.92883929991959e-06,1.8757786823057707e-07,1.2742692162342576e-05,6.445045854135317e-06,0.0013879530665220484,0
0.45800414336933276,0.008424739912147337,5.830601201789093e-06,1.1245994989942257e-07,6.197636611936533e-06,3.885252455620355e-06,0.5335550907683007,6
0.02175488408340525,0.2812381711079201,1.138438691023097e-05,4.060790122705034e-08,0.6969750816445294,1.6218614782858596e-05,4.219554551061715e-06,4
0.7514087948189235,0.050076431990358994,1.8529668734305587e-05,1.8587705894338468e-07,1.0684182035003477e-05,6.517977884615243e-06,0.1984788554850047,6
0.8058669813113466,0.05693277536547804,1.231974775631819e-05,1.9724186938359207e-07,1.0157064504843368e-05,7.749414570509974e-06,0.13716981985447435,0
0.17220535747297774,0.8204384366932859,0.0002573633670503667,1.9655697613726814e-07,0.004607641753269663,0.002467950175292767,2.305398114731811e-05,1
0.00012846055965856577,0.000810487863350959,0.9864730113910589,0.00042326538943915424,1.3657607793669228e-05,0.01214679767870927,4.319509989233688e-06,2
0.01732568679228721,0.7777803260592695,0.0031122905173456496,6.596140880739971e-07,0.004261156623080522,0.19749018617167452,2.969422225454053e-05,5
0.009279559606698035,0.48050093818278683,0.0015151407034929526,3.021881809543141e-07,0.00959840421181136,0.49909827146668234,7.383640347531421e-06,5
1.1674215840731974e-05,7.68362964601236e-05,0.9993054870589073,5.33230596017394e-06,1.9364198506299147e-06,0.000598346544074697,3.871589063431573e-07,2
0.040248067690356465,0.5639471353957354,5.005433165622233e-05,2.8391493508272305e-07,0.39568759824304695,5.919758892761227e-05,7.662835342135833e-06,4
0.4752617128871948,0.003793959972808323,5.964702585637189e-06,1.036340399124217e-07,7.198904138726049e-06,4.1658884504129595e-06,0.5209268940107823,6
0.003949844944640859,0.06084267975252538,5.4002219003190195e-06,3.0630788575733214e-08,0.9351942871567762,6.053031384591858e-06,1.7042619841667904e-06,4
0.00021959896615361164,0.0017836288465287794,0.820836907665008,0.14172837711543426,4.176869878964109e-05,0.035382164147726824,7.5545603589797385e-06,2
0.017432244997894444,0.5464397928280853,0.0032038045083665158,4.65045116150799e-07,0.004998855638578237,0.4279171605065575,7.676475401920181e-06,5
0.8098570088927656,0.07558002747134504,1.566960034556907e-05,1.6309682752338942e-07,1.0994233970746311e-05,7.228729894813765e-06,0.11452890797485057,0
0.1751523030700246,0.005875577686306241,3.0571890898727656e-06,3.777869751248452e-08,3.0390858951013446e-06,1.6630844825933763e-06,0.8189643221055041,6
0.1700369011083308,0.7435224093977676,0.00045054694926339333,3.3517115763733244e-07,0.08447686715100586,0.0015058328850372634,7.107337437571537e-06,0
0.09795492200458884,0.5741219972096491,0.00805338025144546,6.415690972786723e-07,0.00790565059682718,0.31195730215546125,6.106212930996508e-06,5
0.0011547156465154106,0.024184078929325933,1.6883396246205905e-06,1.187931843907568e-08,0.9746558972644899,3.158090070047309e-06,4.498506555172582e-07,4
0.13827543137440237,0.0004999877174951663,2.066112966329569e-06,3.148525970818596e-08,1.987190984168636e-06,1.2370209788693286e-06,0.8612192590979134,6
0.003714265968213368,0.12207468314148133,5.6157441067875306e-06,5.58429460054829e-08,0.8741934072436827,9.144521493280268e-06,2.8275380766195378e-06,4
0.00046261608955611454,0.006476584234876422,0.5404324080897815,0.01571729916179508,9.588999201000642e-05,0.43678296181599,3.224061599078477e-05,3
0.28109370576055825,0.0011367002913974483,8.109765897417251e-06,6.611107803835605e-08,5.191938662613745e-06,2.9301558678429617e-06,0.7177532959765384,6
0.00011255124214840055,0.0013490257269952377,0.17585667175188563,0.6467593556771343,1.766533825500331e-05,0.1758975133526287,7.216910952633668e-06,3
0.0037493970086458967,0.058866076026981774,8.26535050233257e-06,4.5650651512111965e-08,0.9373666972407025,6.904775967518414e-06,2.613946548419028e-06,4
0.00013729821331691087,0.0012120596671203166,0.09513805219626184,0.0007872756097588054,1.690185721150895e-05,0.9027016958528131,6.716603517501028e-06,5
0.11777590141122339,0.0006596975818434429,3.367975198395831e-06,3.3298345924262876e-08,2.635955559417725e-06,1.4658515525678888e-06,0.8815568979262769,6
0.0002578450509986207,0.01450673638005494,0.9494249718264484,0.0035286104856679704,6.903078558534367e-05,0.03221084069448066,1.9647767639283594e-06,2
0.0013600771807003975,0.016817862608700287,1.3795656556915083e-06,1.0355210229114023e-08,0.9818167771427675,3.7331272602845604e-06,1.6001970561864855e-07,4
0.014163003337211424,0.9546391312503774,0.016523344134210634,4.4534388756880095e-07,0.0015419310259953516,0.013108575537096195,2.356937122120474e-05,1
0.3003758598300146,0.51279777930613,0.0001952122870913826,2.675605842891834e-07,0.18647821928133806,0.0001458389969799533,6.822737861711741e-06,4
0.00022587604383758695,0.0007783016124461481,0.9866332464099951,0.0012372683710359868,3.9569573751325645e-05,0.011079139709155065,6.598279778838347e-06,2
5.7875834606663895e-05,0.0004224908659521296,0.021031989381514904,8.36977031086923e-06,1.2956789498144607e-05,0.9784651598414091,1.1575167081972562e-06,5
0.004589040185286238,0.019390330315044453,3.862523026734724e-06,2.1417482078354714e-08,0.9760099632621926,6.267196183452743e-06,5.151007847088584e-07,4
0.00031960804389070144,0.0010615804870779198,0.27492037466352304,0.0006316978127434024,6.752196480718656e-05,0.7229904846891305,8.732338827151304e-06,5
0.00010500132297402367,0.0007172661191151229,0.026087640573611542,9.34403789931505e-06,1.4979845259265713e-05,0.9730633826624328,2.3854387079854965e-06,5
0.005368310541655664,0.10871298934402272,0.00023409251929301994,3.170947839842138e-08,0.0008446747948169534,0.8848379080488901,1.9930418431921372e-06,5
0.025034919196053117,0.03783843494811854,2.863772252704041e-05,1.720949518369274e-08,0.0029575811478579866,0.9341395999113301,8.098646180815119e-07,5
0.00041276239714192623,0.0019748951843564714,0.8603442206007293,0.001680284854716971,8.267863188964941e-05,0.13549184240995746,1.3315921208299052e-05,2
0.2762135704038651,0.6243553641347784,4.876320893798245e-05,2.5419181994109464e-07,0.09929054533374201,8.04688637702732e-05,1.1033863086289894e-05,4
0.01335529282884322,0.039091277842976925,4.5226160665146455e-06,2.1309612577501404e-08,0.9475391918719128,9.337579379025117e-06,3.5595120894182763e-07,4
0.021514389159506424,0.07292609841076554,3.0348340076640395e-06,4.011422481960774e-08,0.9055508907688314,2.0238317655574293e-06,3.5228808987355292e-06,4
0.04074977272189809,0.04025447337911799,6.13186337872753e-06,4.290783276082879e-08,0.9189748666805798,1.3490706115767094e-05,1.2217410768620017e-06,4
0.0005381212045237302,0.00510318851777399,0.4475271057247789,0.00010352742845113808,5.218241406998596e-05,0.5466495420670346,2.6332643367646004e-05,2
5.182933743433225e-05,0.00040118050695160673,0.022665205169337836,2.8125224751460315e-74,2.2422167384218362e-06,0.9768763544389255,3.1883306121241705e-06,5
0.00018745681966532052,0.0020258612632912424,0.9601342046857586,0.0002083412969193056,1.4897991225704516e-05,0.0374225402716632,6.697671476790773e-06,2
0.3956165550824277,0.26527706236776183,0.0004927717236983846,2.2617854884184948e-07,0.3379588974052293,0.00064870888901731,5.778353316657997e-06,4
0.19064908066942624,0.34021692263444797,3.5608703698166085e-05,3.4438712112379764e-07,0.4690310877214622,5.437869072682994e-05,1.2577193117592254e-05,4
0.012860923108623813,0.013592341765128003,1.879303845479597e-06,1.1703660837548308e-08,0.9735397245198542,4.8711430764849135e-06,2.484558111029232e-07,4
0.0004803961946425447,0.0013451349133952375,0.6082302147349561,0.00632488488857331,7.52470028227191e-05,0.3835389706712765,5.151594333551642e-06,5
0.0003069068712322974,0.0024589652918973236,0.28136093790211186,0.00021045196641416778,3.783135639402988e-05,0.7156216248216137,3.281790336653847e-06,5
0.17584389308751214,0.3251079359361273,5.140190009036339e-05,2.6741038292748413e-07,0.49886546485189254,0.0001276040769448389,3.43273704976445e-06,4
0.013100600432839666,0.08801890840860284,9.764843233894202e-06,2.25523052016888e-08,0.8988512752966358,1.1557350709944773e-05,7.871115672540102e-06,4
0.07965918776617008,0.8199529606896527,0.0006259221653191657,1.809510318955857e-07,0.08670960853658986,0.013048424344332529,3.715546903835628e-06,5
0.5109660566477231,0.4879662413731711,1.7605226131587724e-05,2.580725614889169e-07,1.4921063682113678e-05,1.1280010808245699e-05,0.0010236376059224147,1
0.03756794520224161,0.06469658192802573,5.947359463905138e-06,5.0598038394162884e-08,0.8977033549583884,2.5371415528806467e-05,7.485383131132912e-07,4
0.3142013867530721,0.6352396462850861,0.000923936402502254,2.521106775929818e-07,0.01131007847807855,0.03830845491824907,1.6245052334307445e-05,1
0.21095229128669093,0.35240719062368325,4.539965420660525e-05,2.2777079453039102e-07,0.43651493366445415,7.563352862584604e-05,4.323471544694833e-06,4
3.31548813974128e-10,2.5589008643032897e-09,5.063693290689924e-07,0.9999994606248979,7.806717020161039e-11,3.003326929800442e-08,3.986942551033304e-12,3
0.009674019480301445,0.029742335962630855,4.738078711242286e-06,1.2436389385097587e-08,0.9605701717280651,7.699222841416612e-06,1.023091060469421e-06,4
1.6355776842236692e-62,1.4110108332440431e-61,2.4361162557121554e-59,1.0,7.224026180538955e-63,1.9145883904830848e-60,1.185270504844265e-64,3
0.0004149798837003391,0.00514320003865908,0.593432218809763,0.004443324797676268,3.0407382671557326e-05,0.396508817987608,2.7051099921587127e-05,5
0.00044606735602063737,0.0042216205548789585,0.37186137031541056,0.0008735949998111007,4.9762755060804986e-05,0.622528200028656,1.9383990161759307e-05,5
0.10730151784893414,0.24925918294832747,0.00046088558810503273,1.0542472347057022e-07,0.6412311597078395,0.0017451983654730313,1.950116597284285e-06,4
0.226916530353769,0.7729944370766365,2.432473751011641e-05,2.0377074005545772e-07,4.164389303762566e-05,1.7415629549609904e-05,5.444538757084385e-06,1
0.0004481652930118715,0.029673670794329633,0.5339265628582451,0.0007600807581243723,7.456498116369699e-05,0.4351015815852224,1.5373729902884037e-05,5
0.8241785776331142,0.009622853162251657,1.7046343786181057e-05,5.653040303812485e-295,1.289014005102502e-05,7.819228062972727e-06,0.16616081349273404,6
0.35482331236772013,0.6403050147705568,2.3397666023941967e-05,3.5726564644400843e-07,0.0048242039533505565,1.8713822838583645e-05,5.00015386349452e-06,1
0.290340043736023,0.007546356943127463,6.537675717199324e-06,7.689366317823154e-08,4.541865216747597e-06,2.64538625128193e-06,0.7020997975000012,6
0.00021537831099656442,0.019785144453906025,0.5922749777340246,0.000557371183019371,6.124779687743652e-05,0.38710117518568254,4.705335493373581e-06,5
0.00022649129945328053,0.022776519442475208,0.8553601527585772,0.0020251881295051555,0.00010050722804303308,0.11950862699303892,2.514148907257959e-06,2
9.851450659446031e-05,0.0007823617729198212,0.9163746333456245,0.07011208513924964,1.775110551556825e-05,0.012612017542486427,2.636587609636065e-06,3
0.004571346001491219,0.10330043354248651,4.312318346364716e-06,2.2722199062779773e-08,0.8921183367061977,4.653202852513723e-06,8.955064265970822e-07,4
0.15590461702460565,0.5255084482095983,0.0007519166183709928,1.1935105586139808e-07,0.31742224033854927,0.0003987908505289423,1.3867607291044095e-05,4
0.00031269589039498207,0.0009642600028835384,0.8756577319858224,0.014179893075749338,6.640516330416882e-05,0.1088083639972854,1.0649884560307715e-05,2
0.0005975901682095688,0.005317150709328387,0.8705267724123378,0.00027180076362735026,5.317001462146908e-05,0.12321657763792544,1.6938293949965395e-05,2
0.0004878656651419139,0.026895802795533965,0.42756955955129183,0.0003380200888539159,4.9538131967247364e-05,0.5446340788447763,2.513492243478947e-05,5
0.004364860498141409,0.06975747714368219,3.6339069620346687e-06,1.681733209865949e-08,0.9258692553152368,4.254573622828314e-06,5.017450227888253e-07,4
0.0005620690234165217,0.06367865191235733,0.8074023001378223,0.00023293115148791542,5.913464257306842e-05,0.1280530275919205,1.1885540422292092e-05,2
0.0003301924749385646,0.08259242792038836,0.37145693720035305,7.051551120418768e-05,4.3345924504395754e-05,0.5454885007060201,1.808026259141114e-05,2
0.00047148407264392884,0.004433176190397708,0.6274168685051874,0.0017277119485607378,4.621465045387527e-05,0.36587879601772955,2.574861502701299e-05,2
7.105820270821238e-09,4.253169858083091e-08,9.139046918342043e-06,0.999989586249984,2.027811712572613e-09,1.2229989495730429e-06,3.881767032811885e-11,3
0.0003735417769944633,0.028947064920996197,0.5561648999924642,0.00027208847856336355,7.37521906190972e-05,0.41414763575575936,2.1016884603131523e-05,5
0.00020528339176844194,0.010927423849253699,0.24829110398366988,0.0004729980835796557,3.5424918334278134e-05,0.7400562157470745,1.1550026319547998e-05,5
0.22806059276784776,0.7662307053522348,0.0001862953733860909,1.8009989770844504e-07,0.003417708406676224,0.0020873243451406177,1.7193654816659686e-05,0
0.0001541199186802095,0.0010636709892661333,0.7973645226532639,0.19637936571015596,2.6185022679650564e-05,0.005008271319622889,3.864386331178369e-06,3
0.33524757831831004,0.6646948510704884,1.8482225603846934e-05,1.9715953264565433e-07,1.5265420492668283e-05,1.9415371073747386e-05,4.21043449862186e-06,1
3.989725372803786e-06,3.470946755694402e-05,0.007562501659316078,0.991807352574843,7.32375215812132e-07,0.0005905661810127833,1.4801668263921834e-07,3
0.0001991452014733222,0.0025694816724265105,0.9681316380984761,0.00018217523832836808,3.4253019163158425e-05,0.028876620093267587,6.686676865171464e-06,2
0.0003537274062119885,0.004256311885065439,0.4867692013985588,7.771433643786718e-05,7.861866081240765e-05,0.5084593999784116,5.026334501842925e-06,2
4.6542604838358085e-14,8.144804552218296e-13,6.466092025081679e-11,0.9999999999301035,5.6834559804344945e-15,4.366184232336863e-12,2.504083001520002e-15,3
0.0004350116076118736,0.004466295411668408,0.7996500335140622,0.0009087337740642237,7.387054452348528e-05,0.19446168035766542,4.374790404450226e-06,2
5.483519982969097e-05,0.00450839020462385,0.9921002247453542,4.371500390626105e-05,3.0072224309904153e-06,0.003288120978224753,1.706645630318554e-06,2
0.00011826741188568844,0.005003426010715801,0.9849415623531557,0.0013390890631043563,2.9494710553567285e-05,0.008564194501762374,3.965948822554193e-06,2
0.0,0.0,0.0,1.0,0.0,0.0,0.0,3
7.414720461132402e-09,8.532870904764438e-08,9.460849496896049e-06,0.9999872007119,1.5993829922130464e-09,3.2439029918585356e-06,1.9279867519292934e-10,3
6.697712240665692e-36,1.0277603836866637e-34,1.0662613415311051e-32,1.0,2.0513203862355638e-36,2.3811933889689712e-33,6.092624046875009e-38,3
0.0,0.0,0.0,1.0,0.0,0.0,0.0,3
0.0,0.0,0.0,1.0,0.0,0.0,0.0,3
0.00010357269258757491,0.004743687675089636,0.9300214813713021,0.036909402665347896,2.6350887014825323e-05,0.028194770361991753,7.343466661256366e-07,3
0.41338941467236173,0.04579541055529022,5.137494349060421e-06,7.486472925141852e-08,4.061411274132061e-06,2.5755844796806813e-06,0.540803325417516,6
2.6534168280387075e-53,4.493404405571813e-52,5.693538031075238e-46,1.0,2.2913383836176365e-54,2.674834604662044e-51,1.4341693667604578e-54,3
4.563843716938398e-09,2.520568528601103e-07,1.601463983098264e-05,0.9999823232138907,6.256402151424635e-10,1.4046773788584757e-06,2.2256274581487814e-10,3
6.093251965031898e-166,6.23868339448469e-165,5.799661660347588e-163,1.0,1.795168181345884e-166,4.804213419522424e-163,4.415658089737807e-168,3
1.173075456525428e-53,1.926931997022525e-52,2.617086183201757e-46,1.0,9.483799457075346e-55,1.9053695686783892e-51,6.340462104820743e-55,3
0.5175936805407767,0.4629306159548709,0.0021398863857134956,2.2238794492476376e-07,0.01571551785123913,0.0016165094550220722,3.5674244327921253e-06,0
8.337617459880577e-05,0.0035710177623013576,0.8143918428646653,0.14735325788678158,2.1829742858139257e-05,0.03457521453213591,3.46103665879294e-06,3
3.0251792165309926e-68,4.8385958070241976e-67,5.550918796142185e-65,1.0,4.07221425457573e-69,5.814790295084932e-66,3.274281595836486e-70,3
0.0010978107705515718,0.008199393392100922,0.8752498776011165,2.391984417434848e-10,0.0005101027283382251,0.11493431296250858,8.502306185550195e-06,3
3.859974598327805e-09,2.511095664887413e-07,4.253395203342634e-05,0.999956252143645,7.055261152964164e-09,9.51839648481488e-07,3.987061170182129e-11,3
3.17452739094129e-05,0.001400545814041268,0.9680113480910445,0.026455940269717735,4.6913522468731845e-06,0.004092573554766701,3.1556442735728152e-06,3
7.803705542846504e-69,4.303921161093772e-67,9.433019154908152e-65,1.0,9.392271669886946e-70,2.8664978283484577e-66,1.0986924860870928e-69,3
1.954089825518717e-05,0.00015549900493754508,0.029710647987064884,0.9693031086091126,2.9819635120036077e-06,0.0008081086490669648,1.128880509180211e-07,3
0.00012700525739132803,0.005004433933192451,0.2876092973761365,0.3842433419407622,2.529663951326772e-05,0.3229862906441601,4.334208844011308e-06,3
7.755095824588475e-11,3.128375778398101e-09,4.468831796928947e-07,0.9999995355916312,1.1529843446846283e-11,1.4305046357744014e-08,2.686226873144936e-12,3
0.00018065426676689282,0.013202673177726092,0.9522242732922549,0.00012135077162481237,1.74434359904036e-05,0.03424329254588009,1.0312509756647059e-05,2
0.00013321419194225545,0.0012479900352959624,0.09489572261502768,0.8982517755735399,4.7631626687339756e-05,0.005422631321160848,1.03463634607219e-06,3
5.2113388338975974e-05,0.0019758346336331287,0.5524233629996925,0.39404963857759195,1.710363710085277e-05,0.05148041335900294,1.5334046395507798e-06,3
2.6616024766758045e-15,1.7482988605107222e-13,3.5930780366028924e-11,0.999999999962869,4.099965587775962e-16,1.0221169262559792e-12,1.5458734826101542e-16,3
8.245956379024213e-11,1.4835027653253211e-09,1.0679879079901917e-06,0.9999989069513987,1.0285217353138252e-11,2.3479780330833326e-08,4.665165549202197e-12,3
1.0596515086847813e-110,5.126785942860168e-109,1.308599037933728e-106,1.0,1.0398490733568013e-111,3.3865603462707377e-108,4.813260127876852e-112,3
2.7324229270435992e-15,1.4560296435361807e-13,3.593078036603019e-11,0.9999999999629043,4.599356494631299e-16,1.0159204865961247e-12,1.5458734826102087e-16,3
0.07380306509675275,0.2623362638519784,0.0001576572466512687,7.246935963883859e-08,0.6633340300002114,0.000367568148475165,1.34318657133093e-06,4
0.0,0.0,0.0,1.0,0.0,0.0,0.0,3
0.0006361022333319317,0.020161466432232218,0.5916063839065685,0.0008293083389576292,0.00010924088152821997,0.38663806655292815,1.943165445344427e-05,5
0.5066892950199333,0.48543316374586915,2.485268329250488e-05,2.2169921177300068e-07,0.007763392314734861,7.214682003170039e-05,1.6927716926649105e-05,0
0.00028188552419652316,0.025928143052879275,0.9625975539151265,0.0013857427890450824,6.378217140644715e-05,0.009740046231354268,2.846315992188137e-06,2
4.6574777589276865e-238,2.1330278490813555e-236,1.0510979467542684e-233,1.0,5.167925008858583e-239,1.5848869962225504e-235,2.2646456438589258e-239,3
0.0004316354608222884,0.004032271414937799,0.4401305183847186,0.5272743561445705,0.00014794788432945507,0.027980039237132784,3.23147348838923e-06,3
0.0,0.0,0.0,1.0,0.0,0.0,0.0,3
0.06613116084200221,0.6893538401885173,0.00038498599651356027,1.461369481888838e-07,0.24334094046331597,0.0007834579288555823,5.468443847296838e-06,4
3.431336301167005e-07,3.6169300269547865e-06,0.00044630862496926907,0.9995313985609986,8.262153708855668e-08,1.823615061842853e-05,1.3978219603038569e-08,3
3.2220353242198574e-09,2.170255570627502e-07,2.0495999274782135e-05,0.9999767643093815,1.2869271536369038e-09,2.5181204023596893e-06,3.642168603041163e-11,3
0.0,0.0,0.0,1.0,0.0,0.0,0.0,3
1.2872761316794403e-64,8.448400326476725e-64,2.0722166893769368e-61,1.0,2.98945567932917e-65,3.290960217897157e-62,2.5376147141249624e-66,3
4.606732363359334e-10,5.217981676132286e-09,9.084092168937305e-07,0.9999989948424028,5.7977632607186784e-11,9.100790289832573e-08,3.844667915215855e-12,3
0.0004025921948350773,0.004002178625440672,0.612534279474062,0.0004920571350472718,3.7818047910644706e-05,0.382514183995432,1.6890527272346623e-05,5
0.0005324794820176884,0.04783920727837984,0.7581955526920093,0.17508460819471758,6.733248963599876e-05,0.018277535503400288,3.284359839340712e-06,3
0.0013951973994082993,0.0123279337653554,0.836360765920508,2.4073149272254466e-10,0.00036470809570782203,0.1495362492249746,1.5145353314364693e-05,3
7.791921280181365e-16,2.6221184224245616e-15,4.993596457463072e-13,0.9999999999991787,1.7779616511471672e-16,3.1843917615965777e-13,8.425667404272246e-18,3
0.0004098287449007644,0.0037326604600618108,0.9520694197312922,0.018868622826453452,9.572368277436762e-05,0.02481077811239762,1.296644211976525e-05,3
5.287361330452036e-23,5.256859872780101e-22,6.455054004302279e-20,1.0,1.2943935197873804e-23,4.858756828857993e-21,3.9056235325168405e-25,3
0.00043656281768018857,0.0048643135943091794,0.562239641608089,0.0005896226747859458,4.33309550709772e-05,0.43180537935316904,2.1148996895756603e-05,5
2.7126533777456396e-206,7.044792668563949e-205,3.3083978663761923e-203,1.0,5.609180639205375e-207,1.2217000679142095e-203,1.4860979331862287e-208,3
8.045001248979535e-31,7.975036261122197e-30,1.2132209374254271e-27,1.0,2.4419614071102156e-31,4.5308622359085586e-29,1.1075420947092865e-32,3
0.0,0.0,0.0,1.0,0.0,0.0,0.0,3
2.40525887735602e-09,2.563409620738351e-08,1.899930974137488e-05,0.9999804357513161,2.4264029625977774e-10,5.365690624412887e-07,8.788493172608545e-11,3
0.0059923393662735455,0.13589259502567994,0.00012767987838710568,3.290064072999557e-08,0.8575112251839354,0.00047553277186573336,5.94873217474554e-07,4
2.3461717514399752e-14,8.561423012123078e-13,5.7158798820724594e-11,0.9999999999401132,3.965706365144167e-15,1.8429506057747412e-12,1.2380649487680017e-15,3
1.3886267757486182e-20,4.2928684780096996e-19,1.3975077311136536e-17,1.0,4.923748481695141e-21,8.69783546616589e-19,1.2282938368343655e-22,3
0.00024278717454599228,0.015973461538457488,0.9517295485215984,0.0004992886386415506,3.099176733960608e-05,0.031507336960753723,1.6585398663195525e-05,2
0.0001330755062794671,0.008348980322268327,0.9671289322149391,0.00026929977096250247,2.140242002561708e-05,0.02408864730478199,9.662460743143948e-06,2
0.0,0.0,0.0,1.0,0.0,0.0,0.0,3
5.471243886112421e-22,3.2181105693752545e-20,1.085921970843268e-17,1.0,6.204153134071294e-23,1.2207997828376e-19,1.970533060690104e-23,3
0.0003732725433760672,0.015934186143130875,0.6859507989786383,0.0002987316388819623,6.119264849670345e-05,0.2973618666478982,1.99513995778468e-05,2
0.0004146045314158295,0.004275778977066305,0.9116190774981425,0.0005849081711365382,5.036983658070027e-05,0.08303580834750103,1.9452638157003145e-05,2
6.633072840987317e-10,4.2750321848550415e-08,1.1424907334769698e-05,0.9999884066173057,8.177277121133532e-11,1.2495452275741721e-07,2.5434916988068948e-11,3
0.00035422971441853156,0.0180676283411814,0.7679766513476444,0.0009116467150836864,4.270936902273939e-05,0.2126290511523695,1.8083360279840788e-05,2
0.18174341947751807,0.8004597256551745,0.0010216297606377056,2.6481931245773174e-07,0.0158117223401013,0.00095938599442883,3.851952827161032e-06,0
0.04227823063294748,0.5438355257934048,0.00026984659266551987,1.054193192027477e-07,0.4133798739063974,0.00023374174024625363,2.6759150195092125e-06,1
0.0,0.0,0.0,1.0,0.0,0.0,0.0,3
0.00028213394616470974,0.00925663250047255,0.3642498751465098,0.04091292252515164,7.326781916420022e-05,0.5852227761138327,2.3919487043946623e-06,3
0.00027476049939313706,0.0030576928849521006,0.5277764645455978,0.0010164248364142856,7.166910953314821e-05,0.46780110772838623,1.8803957233431717e-06,3
1.4372122933023885e-08,4.913853089945952e-07,1.2752742431459868e-05,0.9999750727648609,5.142480586694213e-09,1.1663507265799671e-05,8.55292975463312e-11,3
0.0004505865144013908,0.005243648241258741,0.29462153395252316,4.724185960074711e-05,5.8248580147623594e-05,0.6995556913703058,2.3049481762549195e-05,5
1.97537419334913e-20,1.0202056464350026e-18,4.296618185701687e-16,0.9999999999999996,2.669234230805861e-21,1.5019125654915976e-18,7.3011471535171925e-22,3
0.000326357414057417,0.011524568174162484,0.5465884361476513,0.0002466222098854654,5.6968263956986145e-05,0.4412448737300934,1.21740601930356e-05,2
0.00024436209377945965,0.009340336180070985,0.43367073127654926,0.23800461058092645,4.9805397396680086e-05,0.31868870997694776,1.4444943294419811e-06,5
0.00020537640684448693,0.006938494474109689,0.981497283500406,3.0961862394229586e-05,2.585196146699124e-05,0.011289199933326837,1.2831861451682565e-05,2
2.2256470532310714e-10,1.3377931479876149e-08,4.683919094383334e-06,0.9999952688891044,2.9098827307065263e-11,3.3554147766814435e-08,8.058716498477086e-12,3
1.7279960328702706e-08,1.311451909650905e-06,2.5377778709491947e-05,0.9999712946656708,4.67095596645806e-09,1.9933508843925625e-06,8.01909340161372e-10,3
1.4046567664529683e-09,6.794122461535243e-08,3.2064249419911684e-06,0.9999950273170798,2.6163378032574175e-10,1.696638205580741e-06,1.2257217158833225e-11,3
4.100013904131111e-65,2.3306701362323834e-63,6.329629090991284e-62,1.0,7.584874128421796e-66,2.1920239129176304e-63,4.7831823745193526e-67,3
6.703320965009605e-66,8.404804455655701e-65,8.774384675334425e-63,1.0,1.4116995923463522e-66,1.4052421795780417e-63,6.574583631446065e-68,3
0.00014270620571228768,0.0015766260029955066,0.06327379490840587,0.0001682099889210621,2.0943204916979367e-05,0.9348100754070678,7.644281980618505e-06,5
3.933678049525545e-07,5.109164385325694e-05,0.0002885308846358828,0.9995864243833015,1.0842353249206669e-07,7.344830484264466e-05,2.9920294679574028e-09,3
1.0221551102741906e-15,3.4710183200641606e-14,1.1505083188034896e-12,0.9999999999985394,3.775329211934543e-16,2.7394722823166927e-13,2.856635838809503e-17,3
4.4190596252546205e-10,2.1374354914205443e-08,7.321645392746096e-07,0.9999987003637076,8.777091743931776e-11,5.455638650888104e-07,3.856128753884564e-12,3
4.930602970087264e-18,1.5740622323276946e-16,4.729249677200217e-15,0.9999999999999936,1.4469111088505547e-18,1.6066720714387332e-15,3.0338935515937747e-19,3
0.00018409809649433067,0.0061616207298189314,0.15157897687318742,0.00013835937873943172,2.867283226736356e-05,0.8419014844496949,6.787639797555558e-06,5
0.00011876589708104278,0.0059190495955567055,0.9150612915277183,0.0012758312010135648,2.6112327765723146e-05,0.07759764035302871,1.3090978359495288e-06,2
0.00021860074094133224,0.013406187611086593,0.8625008954838965,0.0004938279007804011,5.502735099979265e-05,0.12332362449356102,1.8364187343066739e-06,2
6.82748683421368e-103,3.637379526057142e-101,6.701608935603273e-99,1.0,9.076875552002553e-104,6.227251475678619e-100,1.3016300485413505e-104,3
0.0001733821313849237,0.0067738727929102125,0.9511146285996569,0.0012538264816714868,2.1919286209762353e-05,0.0406595624936692,2.8082144975937418e-06,2
0.17549441441596433,0.6902360953980076,0.0001330093164063637,1.7391932604129775e-07,0.13296663936630332,0.0011659685054748882,3.699078517534008e-06,4
0.2762005311785416,0.7237401889343646,1.7552057355817945e-05,1.2210459263955717e-07,8.580942052949262e-06,7.249048601892194e-06,2.577573449079914e-05,1
0.04774265258144384,0.7127803513566078,0.000474694436064277,1.8539608671139838e-07,0.23680539246070803,0.0021861421198237463,1.0581649265649813e-05,4
1.5327759007181024e-05,0.0010509089612046087,0.018455387222944285,0.9477439425924619,6.268235448637688e-06,0.03272779702700103,3.6820193250866806e-07,2
0.0,0.0,0.0,1.0,0.0,0.0,0.0,3
4.0495540464807013e-08,1.1850507989359082e-06,2.64018339650836e-05,0.9999619394229665,1.64233007424869e-08,1.0416458013171143e-05,3.154149788142498e-10,3
0.0003904761118180902,0.019718932977846413,0.9255739983449862,0.000398325502970714,2.6297998917949414e-05,0.05387913339626441,1.2835667196236087e-05,2
9.12298484221151e-19,4.95793268161037e-17,1.477899079929899e-14,0.9999999999999849,2.5498873373928243e-19,2.9950190419720805e-16,7.789691561913474e-21,3
7.110503872339998e-13,1.88202668012721e-11,6.980434464853222e-10,0.9999999987551549,1.6474863462650163e-13,5.271009893720971e-10,4.633475544730775e-15,3
9.261556779512927e-17,1.1422936778749631e-15,1.1320595328680689e-13,0.9999999999998601,1.2067095463362125e-17,2.552072081992877e-14,7.556623004448425e-19,3
0.12918106731337733,0.8455961199055929,0.00021130010942766695,1.7059164128298975e-07,0.02448867332620148,0.0005188081590698605,3.8605946896225155e-06,1
9.707370456339521e-05,0.006113294980980906,0.06967631677743628,5.9935715885630576e-05,4.058294135322477e-05,0.9240117940156295,1.001864151057574e-06,5
3.639447011058935e-144,2.1357277705761433e-142,1.9921711811339446e-140,1.0,5.215426245095461e-145,2.7456699379834273e-141,1.629737893879892e-145,3
2.781020386788527e-26,1.6033483904034993e-24,3.242371851122659e-23,1.0,4.701180876038694e-27,2.512727044351723e-23,3.1416100759407255e-28,3
4.3076038012136255e-10,1.4669446627883984e-08,4.5822363711039713e-07,0.9999993484078789,9.885363526457484e-11,1.7815789681952528e-07,1.1526566449797381e-11,3
0.00019935579841801832,0.007364956835652204,0.14417178587749066,0.00024207424389919847,3.0303115271367793e-05,0.8479848146736747,6.709455593767227e-06,5
0.0005114525520664038,0.009977891689823543,0.34454010999441753,6.415928643082323e-05,5.391352370431467e-05,0.6448281178328185,2.4355120738969525e-05,5
9.622249500200504e-19,7.320586667245427e-17,1.4167429774174311e-14,0.9999999999999856,2.5245761665248165e-19,2.4386319542348563e-16,7.934464497550477e-21,3
8.402560360039396e-05,0.008600620229877783,0.9798695436545611,0.0018633366911595018,2.6984051505042626e-05,0.00955280839432991,2.6813749665134327e-06,2
1.7346523642480346e-23,9.150359853768282e-22,4.598595687610884e-20,1.0,2.2834207168568236e-24,1.7587801498706834e-20,3.6706577259380926e-25,3
0.00011625505238286946,0.0034155851876358392,0.948626197617246,0.01019740106351257,9.551281660857046e-06,0.03763153149922917,3.4782983329348145e-06,3
0.00033601823560063855,0.012542023186454329,0.12140306771533894,0.0002106190904855711,6.878116255654485e-05,0.8654294390627439,1.0051546819975028e-05,5
2.4901690594577553e-15,1.9449536864893708e-13,1.2522451740701072e-11,0.9999999999867775,6.128334372448369e-16,5.024462922886758e-13,3.3834731438092985e-17,3
3.089394414728452e-68,1.0958720078571736e-66,3.0431069049546485e-65,1.0,7.140035165662888e-69,1.678370189262083e-65,8.266802532063816e-70,3
0.0004304506646238349,0.05085097830093403,0.34113650951344204,0.0001652759200738113,5.905906717630912e-05,0.6073310469436772,2.667959007277439e-05,5
0.1241542598826811,0.6830087587151771,0.0007187188299514968,2.3703043458975824e-07,0.18889090563212707,0.003215497330330888,1.1622579297904818e-05,4
0.0,0.0,0.0,1.0,0.0,0.0,0.0,3
8.51193651986302e-05,0.006370945584055741,0.08571850563332142,0.0018908845806997938,2.1141866029502685e-05,0.9059125644893578,8.384813371552214e-07,5
0.0004554419407006577,0.053113614092899095,0.2510079722867955,0.0004708214625958419,5.4567799423748845e-05,0.6948813033201089,1.6279097476303983e-05,5
4.0278387270553564e-15,5.4286730823411426e-14,1.3161424900422307e-12,0.9999999999915898,9.538208077849831e-16,7.034843046479721e-12,2.986809040928218e-17,3
0.9693649036061212,0.027720069422569996,6.004181224580006e-06,1.0437716553646321e-07,4.741985463691041e-06,3.600526109739955e-06,0.0029005759013454053,0
0.6678506857572979,0.2653351784667409,1.602227567191862e-05,1.4207246871886398e-07,1.3787246834101939e-05,9.10368510987274e-06,0.06677508049587648,6
6.037649903275895e-14,9.141096793423496e-12,4.603230885337069e-11,0.9999999998348374,1.561958034723744e-14,1.0991264323719838e-10,4.891139238718546e-16,3
0.00024635318087056044,0.01629178766421968,0.4352994709745499,0.003907246439516874,3.56708598752456e-05,0.5441918717748919,2.759910607586154e-05,5
0.00023212612216624476,0.01174758657761576,0.6151128721254812,0.00029880219562986634,3.657723460693887e-05,0.3725656527164093,6.383028090707408e-06,2
0.0001983235643244704,0.011344564449997156,0.18066361494826802,0.00013053257788788318,3.0270083974439605e-05,0.8076254599844346,7.234391113488052e-06,5
0.0003506661567189883,0.07662079987825073,0.3501953437755315,0.3606489832623296,8.016862245644526e-05,0.21210060103786924,3.4372668433074643e-06,3
0.00016277429601854764,0.009410959455595171,0.18715980105610053,0.00013585862661352695,3.206876290637926e-05,0.8030958241724299,2.71363033597778e-06,5
0.0006725389313858899,0.02147362326671441,0.5958733061545883,0.13157474805503946,0.00013642210524491307,0.25024271190625313,2.664958077390351e-05,5
0.0005191329102676092,0.13736842311326095,0.38040847736301064,0.2763590083924939,0.0001386035536168638,0.2052012804393865,5.074227963699056e-06,3
0.0004812802438006698,0.02984353526147947,0.36846209553389825,0.0002143375010087472,7.246140599633269e-05,0.6009134913356556,1.2798718160951895e-05,5
0.0,0.0,0.0,1.0,0.0,0.0,0.0,3
0.00020687024884046096,0.011980104990689178,0.9577951326374666,0.00023675003523566598,3.2866979006908026e-05,0.029741722605007574,6.552503753443689e-06,2
0.0004912974503327903,0.03552500361921395,0.1812829284022567,0.00046933097214076796,0.00012220077228736404,0.7821060634229842,3.17536078411779e-06,5
0.010180120998308848,0.00012183351796465226,1.0585919326547502e-07,2.61874696337141e-09,9.860599041451391e-08,7.879905938644911e-08,0.9896977596007365,6
0.0003007601322721341,0.07785504680883179,0.25482597777977817,0.029326028395661796,9.190782052748472e-05,0.6375973080192091,2.971043719615017e-06,3
4.870609948381334e-05,0.0056046905538646545,0.9656677214291829,1.0501997849399078e-35,9.095764634636115e-06,0.02866899483581256,7.913170214949654e-07,3
0.00028467615388016727,0.015332076849643519,0.33607612877223836,0.0005304339414377708,4.738632374538581e-05,0.6477256493131679,3.648645887013417e-06,5
0.08388285029702815,0.9122764344293801,2.5279450284774683e-05,1.8156879052901767e-07,0.0037939178074805724,1.5164908645544871e-05,6.171538390676628e-06,1
0.00022472114909840028,0.05475634011305545,0.9183307593608662,3.2367749882723506e-05,2.1769249854801668e-05,0.02662658755997195,7.454817270404645e-06,2
0.00013916588300321938,0.025899764690480453,0.9092188720402324,0.00040898114229334474,3.0244738820232512e-05,0.06430130724172746,1.6642634427190412e-06,2
9.444069193518532e-08,3.238426835485675e-06,8.364996381095474e-05,0.9996712837407932,6.123288136507581e-08,0.0002416712836678669,9.113192465926954e-10,3
0.00023810138876455622,0.017017325855373754,0.19233657811562943,0.00042591756082758126,5.2942153103458834e-05,0.7899243198700732,4.8150562280614775e-06,5
0.11955606422752749,0.8669258630845137,9.008067573516221e-05,1.596650284477358e-07,0.012953696544897092,0.0004674589032842571,6.6768990140096405e-06,1
0.0009358912716654348,0.1699794607180911,0.6045071913560538,0.0007819745335726034,0.00011332374531931047,0.223625772149128,5.638622616958198e-05,2
5.963244135884833e-05,0.003674090228536825,0.11148252150619671,0.865660391637403,1.5218898022323317e-05,0.01910775590605272,3.8938242942414654e-07,3
0.00016154042700717818,0.053495304419729536,0.9152055335526411,0.00012917677316449128,7.016345265969776e-05,0.03093642458389142,1.8567909063560323e-06,2
0.00010213476826966889,0.0080435207751192,0.9881258514574631,6.438246892589817e-05,5.828261955318883e-06,0.003654485996367952,3.7962718988505743e-06,2
0.0,0.0,0.0,1.0,0.0,0.0,0.0,3
0.0005007361252312991,0.10134779042813338,0.49218791857369953,0.0020249916096470788,0.00014371403115356237,0.40379087095194627,3.978280188945728e-06,2
0.0001716001198349795,0.014651744221808373,0.0836167636113135,0.00012978150646699644,3.6951544858752265e-05,0.9013896887756148,3.4702201025990472e-06,5
0.000554994164471983,0.15164819727477816,0.7798236215996329,0.0002837371666135566,7.516819566523598e-05,0.06760977426190883,4.507336929392251e-06,2
0.00012811728548781283,0.019003645816606376,0.12833727164983888,3.690504897933268e-05,2.6117013535566254e-05,0.8524667858516893,1.1573338628203107e-06,5
0.0004101265973555836,0.0980094381896388,0.48103607526251274,0.32448797328840095,0.00012452805380164478,0.09592818629173527,3.672316554917182e-06,3
0.5977125877660693,0.28988754161623914,1.019769732035379e-05,1.3352042027760677e-07,1.0340659084641917e-05,6.9660565486577774e-06,0.11237223268431769,6
0.00023241776165069603,0.045557797988522185,0.9448772997355441,1.2516024212884092e-06,1.3377886447874159e-05,0.0005197824010656566,0.00879807262434841,2
0.00014422991125522997,0.04147931582731587,0.8730478680349936,4.94113158183406e-16,4.341621288379303e-05,0.08528406016984774,1.1098437030677112e-06,2
5.662557286736266e-10,4.6949185814588345e-08,2.6399415152181066e-06,0.9999968822816312,1.1181271412272835e-10,4.301303512681857e-07,1.9248126982380383e-11,3
0.0002834587405961328,0.01926974907159201,0.18392385176464232,0.0024715249321727814,6.896320839979282e-05,0.7939803863982712,2.06588432583704e-06,5
9.847146335291716e-09,8.16442959653515e-07,4.130775940350363e-05,0.9999416934384925,1.944415044933259e-09,1.6169954086074218e-05,6.134970122987506e-10,3
1.3181882644845676e-09,8.771387206021269e-08,8.739168314310691e-06,0.9999907117867213,1.652082239157894e-10,4.598233556488026e-07,2.43401120492532e-11,2
0.0003477577720893377,0.02073526907921293,0.3224674307174429,0.00037941416446570186,7.509003669989745e-05,0.6559833158770653,1.172235302388817e-05,5
0.0006634207456314505,0.15400307263620328,0.14805297863858793,0.0003762292980255167,0.00011894295135721218,0.6967777719833346,7.5837468600644245e-06,5
0.0002942418343698848,0.015955152131383377,0.1991389778658765,0.011616442475807223,8.690755750858173e-05,0.7729001765519892,8.10158306529427e-06,5
0.10165729940978475,0.5055907618681533,0.00043102303871532695,1.3379011837593118e-07,0.39197931318579476,0.0003342339253784698,7.234782054936047e-06,1
0.0001379117025320392,0.023860015639858498,0.11921132898786849,0.6502765742712936,3.720635988663905e-05,0.20647571243097734,1.250607583400956e-06,3
0.00048632380592548107,0.017680822674098057,0.5284456666842949,0.1545668966852694,0.00012034597087333245,0.29869689793326804,3.0462462707504154e-06,3
0.5245002292491495,0.4625940284569875,1.3519301703467604e-05,1.633331178604401e-07,1.195346728403064e-05,8.458563235474986e-06,0.012871647628522198,1
0.00027455161464898665,0.002798956895239634,0.21179582181209541,0.02316497711861189,4.8146736567885185e-05,0.761913732926574,3.812896262156648e-06,5
3.1568868359203322e-06,0.0009064649743861523,0.003514779926755198,0.9941275080852322,1.2127155664126969e-06,0.0014468490634431744,2.8347780930484578e-08,3
0.00025544948468691635,0.012591336557586737,0.13322920001388897,2.3139948273698012e-215,8.467477036734648e-05,0.8538376712009321,1.6679725379788706e-06,5
0.00011164023076988266,0.005103208166921172,0.0374044905174467,0.0002156278110681478,1.2899997291205247e-05,0.9571513803651575,7.529113453493277e-07,5
7.321693514738708e-05,0.007334194248875122,0.35147438204933273,0.5499382729086434,1.9419464624245868e-05,0.09115600434096569,4.510052411394814e-06,3
0.0003568694464086151,0.15832829622410596,0.5873802187077364,3.0507119118308558e-05,0.0003767557508839923,0.2535255407367862,1.8120149604614483e-06,2
0.00022385152682289538,0.014131500250162908,0.3166781752281137,0.0003752207439687425,3.086123815491383e-05,0.668552859104061,7.53190871584384e-06,5
0.0002972454904369487,0.058513067409126394,0.8284099076351094,0.00017608974455534128,0.000154174826678497,0.11244644457349218,3.0703206011933786e-06,2
0.00038672321024457376,0.2633804984754616,0.1432628689913446,7.47127563508483e-05,0.0003466454686197574,0.5925467176708394,1.8334271392496892e-06,5
0.00015577242416521425,0.013368999083059099,0.930270264639138,5.24429492183225e-06,1.9256606962124194e-05,0.056178693156007854,1.7697957459391496e-06,2
0.00012457149080037668,0.006949423004274805,0.0958738314735361,0.00029371323599388,4.484827371865804e-05,0.8967121367205863,1.4758010899514924e-06,5
0.00032177909595934654,0.09604083961580158,0.28814457240450675,4.555838380848916e-05,0.00010001900289510006,0.6153415956003144,5.635896714229712e-06,5
0.00017996120310219443,0.07616286408138169,0.45271477886125017,0.19272741509796712,0.0001992912823512487,0.2780146505334029,1.0389405446044817e-06,2
0.00017126664066841672,0.014520986144318751,0.09758942640495658,9.851702188631702e-05,4.384601984972948e-05,0.8875707206793261,5.23708899399238e-06,5
0.00019790422595519436,0.006594574607838637,0.07129032746397386,4.01012342840666e-05,3.584009602247308e-05,0.9218402126299697,1.0397419559489276e-06,5
0.00012154100023277914,0.02948376783364562,0.9610043097136403,1.7776220798762616e-05,5.445164649335306e-05,0.009317340051283223,8.135339060806537e-07,2
0.00019626265744918282,0.10923920810683485,0.8874142513054888,0.0,0.0001412222366769828,0.0030077839383247118,1.2717552256519565e-06,2
0.0002282265507709842,0.016469192266297415,0.1452729705962477,0.0001278255628054297,5.071350356771638e-05,0.8378467864897321,4.285030578654615e-06,5
8.429078841189165e-05,0.03472627942420129,0.9588141759748917,5.8082704581854426e-05,4.602828189730862e-05,0.006270647131001643,4.956950144614677e-07,2
0.000337569174544229,0.06512653189269604,0.22479714422456595,9.774833759574949e-05,5.091829845161677e-05,0.7095855490923548,4.538979791503299e-06,5
9.817648196147636e-05,0.007064249572294802,0.9696731620879089,0.0007782507139917945,1.394486866657137e-05,0.022370150239734418,2.066035442044612e-06,2
0.0005789902298965714,0.024355882432751507,0.5751040146485953,6.378200945138165e-24,0.00015360753478362919,0.39979541398467555,1.2091169297383837e-05,3
0.000792978636808297,0.03462143327775783,0.3394170880857148,0.00017995056430991524,0.0001256306086701547,0.6248418356029632,2.1083223775775607e-05,5
0.00017315672259205408,0.02209144884993549,0.029268772537532652,4.062275866785921e-05,2.3679522529741198e-05,0.9483997642271638,2.555381578349054e-06,5
0.9664449176728319,0.033505340022190425,7.4594413559299036e-06,8.159683092883259e-08,4.624758061171685e-07,3.8067549917611138e-06,3.7932035993030166e-05,0
1.2477689562162414e-08,8.485686210373446e-07,0.00010807629704640642,0.9998877006184759,1.6413982987285943e-09,3.359887693161336e-06,5.090754949297097e-10,3
0.00024745539124737314,0.024715463866834257,0.04998145505698683,1.8233125297097055e-05,3.187693718168861e-05,0.9250039263098417,1.5893126109062185e-06,5
0.00024323379635695326,0.014597862639205709,0.09235208951891209,0.00018578367897735285,5.0680368172899166e-05,0.8925634281751625,6.9218232124856034e-06,5
1.3544430731131216e-08,2.5202133459052064e-06,9.626028690256546e-06,0.9999570682623834,4.157299943509762e-09,3.076767067875822e-05,1.231710594441978e-10,3
0.0001223234389247797,0.031967690117113326,0.058315941406009986,3.193872427094173e-05,0.0001075866224836859,0.9094527273649875,1.7923262097639406e-06,5
0.0004681013348802806,0.09491283763167085,0.4351156981462716,0.00021924244187288632,9.209861029312459e-05,0.46916383381872395,2.8188016287312162e-05,5
3.191156179037099e-05,0.004643694323243379,0.02326770649717732,0.8640207629934954,7.706512135056304e-06,0.10802776211385724,4.559983011531335e-07,3
0.00015152920891004266,0.05560933059460577,0.11386153455701144,0.00012282566670123354,2.3765609996234704e-05,0.8302281880091251,2.8263536502224465e-06,5
0.00018190981120690117,0.005109146594125723,0.12624221703091235,0.00025343591331658733,5.442071177899418e-05,0.8681572901621202,1.5797765392247272e-06,5
0.00023269888785779668,0.03148338874929468,0.8985543247937202,0.0012704467401101062,0.00010871412707823218,0.06834799461587047,2.432086068295551e-06,2
0.00012111932294173739,0.032708259594448306,0.44032468615255604,0.00012612540374458246,4.5348360302539804e-05,0.5266729468232925,1.5143427142501894e-06,5
1.466127904888147e-05,0.001404030667974039,0.008940027649728417,0.9647085675678548,4.108755767145585e-06,0.024928471131597862,1.329480286799056e-07,3
0.00018540427636242122,0.05464672895042635,0.04439417028325189,6.873497451827662e-05,5.401648742683492e-05,0.9006484262897972,2.518738217071602e-06,1
0.8293106946813229,0.17065667479907343,8.82281855304249e-06,1.53376581779227e-07,7.604215180715237e-06,6.908150788350511e-06,9.141958499887005e-06,0
0.00028564652177023696,0.039103384876639294,0.9469553828083805,5.0706065115324074e-05,0.0001389114286752545,0.01345993730917597,6.030990243524047e-06,2
0.17949307321508032,0.820461634368282,2.0300370110113024e-05,1.4754742330748584e-07,1.2008370359760417e-05,8.920169951025754e-06,3.915958793357375e-06,1
0.0007819704921799397,0.31901496658288353,0.13619116384263288,7.836947771902156e-05,0.00023824197716798784,0.5436802636598688,1.5023967547936656e-05,1
0.8485510561668723,0.027861102344725313,2.016104317922368e-05,2.2726402627761082e-07,1.5379776066061918e-05,1.1537129461360978e-05,0.12354053627566929,0
0.7537663986318203,0.24169383560822325,1.714182431588875e-05,2.6174409553863867e-07,1.4905932647316847e-05,1.072634477960012e-05,0.004496729914118135,0
0.0005100285511195472,0.06554513290019115,0.3811153917724205,0.0007679907327856142,5.606044063288535e-05,0.5519854304201627,1.9965182687602387e-05,5
0.31062585536737003,0.6893060654829434,2.8909108015340054e-05,1.9095754157041537e-07,1.5175724513642194e-05,1.9378999796340803e-05,4.424359819496481e-06,1
0.0008576289240767666,0.10790460937761792,0.696218728702553,0.0020612888144425617,0.00011980973123230838,0.1928172472249003,2.068722517741114e-05,2
0.0005340579293877835,0.057037421076225926,0.3690804997337624,0.0006869177919916689,8.845566662009065e-05,0.5725666515527987,5.996249213419955e-06,2
0.04056139404030568,0.8087854460190363,1.733041104316743e-05,1.316530591633375e-07,0.15062036013106478,1.144499862268492e-05,3.892746868230436e-06,4
0.006866225693444226,0.2153108038572833,0.004505094075242201,6.177162509627953e-08,0.7726359604202646,0.0006809151538084626,9.390283320811082e-07,4
0.00044127967558880857,0.42053885428293414,0.26615776124678103,0.000964444194810885,8.701057720702544e-05,0.3117936179523048,1.703207037334988e-05,2
0.00022395223220921857,0.15976203078011417,0.048558679481396,0.00016184186966508815,3.461519268676175e-05,0.791256710276577,2.1701673517048176e-06,5
0.0008753857844479775,0.2573477380674107,0.7142836665386108,2.3824210726805852e-05,0.000514226172914343,0.026952291908232232,2.867317657411411e-06,2
0.7911793166812692,0.20878826714646626,9.012521354165696e-06,2.0395349268956932e-07,1.1313123385975031e-05,6.137035615624602e-06,5.749538415899693e-06,0
0.0002893072121385475,0.06229518874983048,0.9144876055755589,0.00011226327440115418,2.9737218093175664e-05,0.02277644254882407,9.45542115385079e-06,2
0.03556451643093114,0.4350396705686278,0.0010936840971857219,9.424172520353316e-08,0.5282026080650711,9.70864875167298e-05,2.3401089422859574e-06,4
0.26604280976536676,0.7338999293470752,2.4510999359109322e-05,2.1312633217304262e-07,1.58721058580777e-05,1.0397272965996456e-05,6.267383042717699e-06,1
0.9470411365736896,0.0015134992299450944,8.88444299732113e-06,1.4813460646889475e-07,8.727591473254261e-06,5.954725365495181e-06,0.05142164930192273,0
0.00023376509698472172,0.01974233166732162,0.9711687230519823,6.249734277422717e-08,3.4500054190354086e-05,0.008796990405080961,2.3627227097209598e-05,2
0.013921492008840932,0.007025902591201406,2.0237080996846652e-06,1.6370725573486585e-08,1.5662646239560002e-06,1.8390702067549143e-06,0.9790471599863018,6
0.72267341018976,0.2369094206258518,7.967417378869629e-06,1.7437192178045383e-07,1.2705730877225457e-05,8.61853711200884e-06,0.04038770312709845,0
0.6917450168126188,0.303680118301477,1.588419220246477e-05,2.661464178349537e-07,1.510611221986056e-05,9.952149776863735e-06,0.0045336562852871165,0
0.9440795866015564,0.055898064429083606,1.1398518564308166e-05,8.304009790276027e-08,4.521555334215957e-06,4.682081693023496e-06,1.6637736703714816e-06,0
0.970362103745839,0.0019626282839101572,2.3815166282655832e-05,2.254458129717284e-07,1.748166293352222e-05,1.0196054699056886e-05,0.0276235496405225,0
0.10733196759535375,0.008401638154242797,1.0039847193667523e-05,7.037500162755411e-08,6.203529321622077e-06,6.658791796090698e-06,0.8842434217070905,6
0.8894220861258663,0.034131992560426525,1.732596519958818e-05,2.1907727110357207e-07,1.7494624151353054e-05,9.533357099944609e-06,0.07640134828998499,0
0.2172791898816712,0.02820379595855939,2.485986330120694e-05,1.6585180599741065e-07,1.2652544377004214e-05,1.5526022205797795e-05,0.7544638098780795,6
0.036608560409796875,0.7541254609142138,0.0005466880612977176,1.6329738127935802e-07,0.2084608803639002,0.00025410188855339293,4.145064856390832e-06,4
0.15655855881541056,0.6239594421364117,0.0036976803784009673,2.698454003181484e-07,0.20600187348146973,0.009773869905568045,8.305437338518001e-06,4
0.001645568805834686,0.11715780581937044,0.0013066541779535308,2.1781223361774002e-08,0.8797268923802921,0.00016035285746560975,2.7041778602037974e-06,4
0.03835062276907556,0.6900991468093852,0.004874109370987336,2.0958052650235897e-07,0.26618731350933394,0.0004413747558126616,4.7223204878792607e-05,4
0.0862254950714542,0.8980359113943678,0.004029056673976241,2.351862402970269e-07,0.010987252337877628,0.0007169432716030283,5.106064481000138e-06,1
0.006788751878017069,0.164853091824601,0.005529110085619774,3.488225074673615e-08,0.8223455505759087,0.00047412221478056546,9.338538822024977e-06,4
0.002217546238121275,0.79623427933505,0.1862635619194902,0.00011561804413551344,0.0006347653698333418,0.014529906092322345,4.323001047274247e-06,1
0.18722820443736993,0.8121241009247656,2.7287993296053307e-05,2.1529260202595553e-07,0.0005976487908975865,1.6764343132332976e-05,5.778217936387235e-06,1
0.3693914685701412,0.6305318518431227,3.8277342403604804e-05,1.9421953195065718e-07,1.4617132357774139e-05,1.6221518305159875e-05,7.369374137561386e-06,1
0.4244001957668203,0.4953796195721698,0.018189430094742328,1.4146308419964573e-07,0.05872836124660654,0.0032868550968588994,1.5396759717927222e-05,0
0.10425410862954268,0.7253433452468966,0.0044162998674756445,2.841652675631439e-07,0.16495220878312744,0.0010250071262811558,8.746181408859686e-06,4
0.10559102865969744,0.8182609828754265,0.04443942852521519,2.0147481280226067e-07,0.0058235421456080145,0.02588154848685024,3.267832389822142e-06,1
0.15388364124100057,0.1970983665010954,0.001663873402379567,1.0556713784381057e-07,0.6467473264219509,0.0006048048835413773,1.881982894485899e-06,4
0.05345191201567322,0.6898958805854812,0.0489498586213612,3.1354956497389133e-07,0.2006007828815986,0.0070966113168493125,4.641029471485333e-06,2
0.6796775914955124,0.30632179231086454,9.61485704687901e-06,1.7346728519523906e-07,1.1135487873072375e-05,9.74778164720257e-06,0.013969944599770719,0
0.07576251751784993,0.0003264756539490436,8.260557122109914e-07,1.869365309006781e-08,7.149056045654118e-07,5.859265588477998e-07,0.9239088612466723,6
0.05635577154898739,0.39930013391156066,0.009663342390483397,1.3642156476887278e-07,0.5168833163232608,0.017793391410950682,3.907993192462375e-06,4
0.005900776307635885,4.683172067027131e-05,6.321346441538473e-08,1.4305216427106055e-09,7.565861177553206e-08,4.3044922420618934e-08,0.9940522086241736,6
0.9878599112813857,0.005582130348342124,1.0328805046189764e-05,2.1822161041726746e-07,1.2657973736457967e-05,6.71991961321519e-06,0.006528033450265692,0
0.02606839639527533,0.40205106832416737,0.21190714223043938,2.2709548613282858e-07,0.32098581387728903,0.03898444129510874,2.9107822341321218e-06,4
0.0034208274966155317,0.17705328168494472,0.022361509107045693,3.168699174985022e-211,0.0011926714182745773,0.7959637282615372,7.982031582263037e-06,5
0.7299324059769905,0.2700081961201618,2.1906669700872757e-05,1.7354346699518658e-07,9.782531575717166e-06,1.2273000386866716e-05,1.526215771724394e-05,1
0.010379403444556762,0.33364559662803295,0.4787637178481773,3.024781834499641e-07,0.08512214380025149,0.09208413189307833,4.703907719531043e-06,4
0.0055836257830588,0.28138716604214575,0.04427078726431985,1.4677870969165274e-07,0.001409949316152858,0.6673418269944593,6.497821153792137e-06,5
0.006027633615704091,0.2962770351309009,0.04037015556639878,8.695069239161367e-295,0.0015220679581120244,0.6557945867641163,8.520964767779681e-06,5
0.987560049466854,0.0032508958144446443,1.6049308220506174e-05,1.754401123103546e-07,4.233797630928061e-28,7.962551811621493e-06,0.009164867418556972,0
0.37505785933409685,0.013294711207135192,1.996718799629575e-05,9.963859811377838e-08,8.187491720174105e-06,8.013551835383576e-06,0.611611161588618,6
0.0026026091069783416,0.2505949216717864,0.09714971148295601,1.2731133181990004e-06,0.0007604823574297032,0.6488864879801891,4.514287342235599e-06,5
0.2446157021283169,0.0009911907456620767,4.28529033421096e-06,5.5635117342622e-08,4.123306116599698e-06,1.8757460936246725e-06,0.7543827671483593,6
0.9638431310586402,0.0024972480194167565,1.6590075947722638e-05,1.6308385677603124e-07,1.5417662100280233e-05,8.9321448631421e-06,0.03361851795517519,0
0.015112402823813126,0.779412643946098,0.009634683508561444,1.7774464848744044e-07,0.19367099416398267,0.002163346679446973,5.751133449171967e-06,4
0.016192504358605433,0.11326456607075759,0.0016874449027012724,3.614728284970234e-08,0.8624913801813525,0.006363056181137362,1.0121581628884337e-06,4
0.009956745979582467,0.12047301910242203,0.8388872574459622,1.2890422867284688e-07,0.011543593836256917,0.019104460282712874,3.479444883473338e-05,2
0.029151890342849294,0.1531771220766751,0.7172337453950866,1.5455919352012496e-07,0.017632104860126927,0.08276619796192097,3.878480414753809e-05,4
0.06466171091831037,0.2108193021561646,0.00153345079505369,7.419427742620797e-08,0.7210598713291011,0.001924032023353416,1.5585837394590065e-06,4
0.8257402782183558,0.16976123163396806,1.3228250943130065e-05,1.266131688742533e-07,1.2321662542301173e-05,8.827237787034844e-06,0.004463986383234815,0
0.9653780135507358,0.004454992568021401,2.2688439622737892e-05,2.3438471535925988e-07,3.3356762293118165e-05,9.653003326586564e-06,0.030101061291284616,0
0.07198756009222253,0.16405504192470535,0.001402744770290049,8.35423018470102e-08,0.762056643222498,0.0004962276796111067,1.698768371090689e-06,4
0.024831110394465745,0.5378453452957822,0.002699680287590927,1.3239707201605473e-07,0.43398036399712375,0.0006401788068968942,3.1888210685799915e-06,4
0.0008697191140955581,0.1759661634569814,0.30063255505595615,2.0279120319118053e-07,0.0033833381796833932,0.5191456409339138,2.3804681664507755e-06,5
0.13061291898499336,0.0013094553351352461,7.85645982336666e-06,4.79204002129627e-08,4.2070675699791204e-06,3.7918385003131944e-06,0.8680617223935776,6
0.14826130176514427,0.003744952492474818,7.468710454976529e-06,5.240536982710947e-08,3.7779861725177166e-06,3.8141492771682906e-06,0.8479786324911064,6
0.0015121094841623359,0.05697567936623886,0.9377805302824801,1.765503762688443e-204,0.0017496047808753894,0.001965970725053672,1.6105361189702854e-05,2
0.23900229906970194,0.0071582317258219764,1.25221361564875e-05,7.32031399750157e-08,7.608391984979151e-06,5.95808609946328e-06,0.7538133073870953,6
0.1111683418805039,0.6220177427297973,0.03249023883754806,3.038145467518176e-07,0.010141817126888176,0.22417329508568132,8.26052503463348e-06,0
0.17282831379592842,0.17266329660016994,0.0003455099783820625,1.121392488434087e-07,0.6535539708292836,0.0006039547724973193,4.841884489933853e-06,4
0.0006196424066890252,0.024573913645323957,0.966578796089705,5.058877832318034e-08,0.0016163218091382297,0.006609601248458975,1.6742119064260252e-06,2
0.012529335759652266,0.4702785876627017,0.1714093935007637,2.8609512341982e-07,0.0023299190580939235,0.34343476682663493,1.7711097030028787e-05,2
0.004018206698515562,0.06796074513610303,0.9239230043992764,1.452464922328503e-309,0.0015054864526326745,0.002573789962395979,1.8767351076267245e-05,2
0.29753801711171574,0.002337090304321313,1.884209217873228e-05,1.2071710746483381e-07,1.039128767253488e-05,8.799688548909758e-06,0.7000867387984552,6
0.04415625481342909,0.8246164305630271,0.0006795282616080687,3.0979457687361326e-07,0.13030519974017182,0.00022996484328535228,1.2311983901628868e-05,4
0.03588657096494392,0.0010296783602057225,2.582673334414583e-06,2.012009790573773e-08,1.1607266238564078e-06,1.0872979872662554e-06,0.9630788998568068,6
0.035338044856523254,0.8346078837091507,3.287555954149187e-05,1.6746722749568027e-07,0.1299910410549934,1.4907963707854596e-05,1.5079388855924573e-05,4
0.00908747703255731,0.6263564515406094,0.10947307339711781,2.430123337327804e-07,0.004821446134304277,0.2502568658972578,4.442985819682926e-06,2
0.0031581976547392027,0.1946051516601975,0.08429007598959852,5.602145881049815e-07,0.004347393249436651,0.713596054809984,2.5664214561008067e-06,5
0.00265086915844901,0.23052950670718436,0.140348765623052,7.986604659224684e-07,0.0016663852508714595,0.6248012487459871,2.425853990196628e-06,5
0.16438191348887507,0.790228157657044,0.002315921773432215,5.7913611574561e-07,0.017103832349077492,0.025955129198948667,1.4466396506724193e-05,1
0.0005655793151251292,0.0844830930406775,0.8396867416754589,6.995618447353392e-08,0.005151288512714255,0.07011174955947033,1.4779403695451378e-06,2
0.02964124233090928,0.4278182887131896,0.0011597208592827788,4.091521261091717e-08,0.5406513990629532,0.0007270189629587065,2.289155493783364e-06,4
0.03021389086488182,0.9466612907035918,0.0009580936344215959,8.777002805582064e-08,0.004192890045569438,0.017957814660223722,1.5932321283425953e-05,1
0.001881497721043358,0.2937779474270984,0.3552134145133004,2.1507755021272727e-07,0.008757410381943104,0.340365098597392,4.416281672483482e-06,2
0.002281826329097034,0.06826959703967964,0.07019230932155798,5.766996433450112e-07,0.000441459310789341,0.8588121913298513,2.0399693814037672e-06,5
0.0026279465696391916,0.11625606219876856,8.100395075587888e-05,1.2046998231663933e-08,0.8807365993928172,0.00029671107606571326,1.6647649554782758e-06,4
0.06610403777771584,0.0004913514767384973,3.9894192148083844e-06,3.129879879066863e-08,2.3930010267779162e-06,1.8012490768631814e-06,0.9333963957774284,6
0.048099849879254274,0.0006104559105115552,4.075954814560757e-06,2.278965462865902e-08,1.8558837624103217e-06,2.255712686191252e-06,0.9512814838693163,6
0.02869997809888144,0.3224941976615893,0.011111161545921644,1.0764903665907025e-07,0.0075216223509324345,0.6301697243188302,3.2083748083923475e-06,4
0.009795253824559268,0.40106163886589613,0.3515426206360734,1.8539066218007549e-07,0.016094320346529967,0.2215029297392849,3.0511969944009176e-06,5
0.0006875890282702881,0.08262229451908729,0.7686180918779901,6.963111537357064e-08,0.005507029980728003,0.14256345389006306,1.4710727459126716e-06,2
0.5936687383101438,0.0052801322124702635,1.406212855238522e-05,1.4526994154806415e-07,1.4061765583610521e-05,9.533851424585232e-06,0.40101332646188376,6
0.004506628903373604,0.18904766536912135,0.1234901116705727,5.374492877532347e-07,0.0017814437274278198,0.6811704404628394,3.1724173774922622e-06,5
0.2187675651045514,0.7811754990555341,2.4833798305626676e-05,1.502441012702655e-07,1.1772282441586044e-05,1.1278545212777277e-05,8.900969853322067e-06,1
0.012756507367634468,0.00010905635935187888,8.314604695217188e-07,7.53515497032874e-09,4.0688393535130213e-07,4.6312893946466195e-07,0.9871327272645144,6
0.018425309379843026,0.4102531451292851,0.1340529866792391,2.5537227960788463e-07,0.005206753265657759,0.43205193114962276,9.619024072505405e-06,5
0.2072915255987506,0.7885332311738668,0.0023776983178509575,1.9677340077849737e-07,0.0015338526656112083,0.00025701380351440963,6.481667005396177e-06,1
0.06459300743304329,0.001013049954157933,5.3528785453170085e-06,3.078783584569935e-08,2.4316515448331356e-06,2.8681715838659996e-06,0.9343832591232888,6
0.5550274131216774,0.018516661999441533,3.4427861146699855e-05,1.8707141676657257e-07,1.4180784116940211e-05,1.0446643390770471e-05,0.42639668251881,6
0.05653934107213102,0.0005106914334767714,3.9287718504681625e-06,2.5753356046621785e-08,2.1076293324860987e-06,2.2975596989827593e-06,0.9429416077801541,6
0.0139968686965042,0.98598453827798,7.507226046832175e-06,2.699901428613158e-08,5.032955558064943e-06,3.67210435445346e-06,2.3537405418706864e-06,1
0.5508267893147879,0.026287463483387175,1.2928926812246892e-05,1.603887167114287e-07,1.3560931071255485e-05,7.24672843756696e-06,0.4228518502267871,6
0.6095326254149087,0.38878716536897423,3.974419060991673e-05,2.9209935637343377e-07,2.47980152743188e-05,2.9611728146510428e-05,0.001585763182729808,0
0.10435451083426878,0.8821840691490629,0.003831308496018498,1.6158327732003252e-07,0.009199006870547926,0.00042650025191383236,4.4428149108601875e-06,1
0.027766828686888654,0.00021900369602977194,1.1106750524139523e-06,1.0128627174159613e-08,8.051702131558082e-07,6.065822990386617e-07,0.9720116350608898,6
0.07283104937794213,0.0003913001084186505,3.907908438825467e-06,2.818404123568714e-08,2.6370676000530326e-06,2.565722820749703e-06,0.9267685116307383,6
0.5712462380782541,0.025507048863725748,1.280475278344181e-05,1.5884828621644987e-07,1.2971741226626259e-05,7.055979422561487e-06,0.4032137217363013,6
0.0009072554599715158,0.04681525520991185,0.9421293251076802,2.2404263649743465e-07,0.00018866169024834854,0.009956743481039646,2.535008511985556e-06,2
0.10367244168166201,0.005381338699864251,1.496006829119437e-05,1.0918914776937104e-07,1.1121643603533704e-05,6.441326884977599e-06,0.8909135873905463,6
0.00578613634946797,0.3344798617164441,0.022108257273397443,2.7360202885156554e-07,0.011898306397229398,0.6257248164805999,2.3481808323986473e-06,5
0.0006467354586466126,0.0711319881475431,0.27564702813826997,1.0569087934502126e-07,0.633762107318461,0.018810813711170646,1.221535029431537e-06,4
0.050998806062923285,0.4573998356715135,0.00028437827817738635,1.1725978458709573e-07,0.48849237538112594,0.0028171171950565426,7.370151418744665e-06,4
0.08524134746646492,0.0007509842529442351,3.6292654665664613e-06,3.803071280952235e-08,2.3514664968995103e-06,1.6698435456954324e-06,0.913999979674369,6
0.13707789309905863,0.004637427896670423,1.4370094435068584e-05,1.0488310174720803e-07,1.0683044070729724e-05,6.934324180787428e-06,0.8582525866584825,6
0.0026830868980409774,0.10651074712586343,0.8701263458800904,3.321543092374197e-08,0.0035218260088706343,0.017151316302991784,6.6445687118791105e-06,2
0.8875224896552489,0.10674081168240684,1.0303926037548792e-05,2.196941722762184e-07,1.4896197355124316e-05,7.630363328567392e-06,0.005703648481450571,0
0.4482839119510294,0.5362170770526868,5.2504584135128774e-05,3.010979772592924e-07,2.0173879395142353e-05,2.0690731994804706e-05,0.01540534070278144,1
0.38425888514245804,0.028797134880398142,9.237323662475442e-06,1.0120995758810336e-07,4.399203681095648e-06,4.827937551332335e-06,0.5869254143022913,6
0.004818806934554968,0.09418704128267105,0.00012485362330803178,2.674213939545737e-08,0.9004623803328652,0.000404806319153209,2.0847653080430465e-06,4
0.4278318897303644,0.04431231024187374,1.9027787008076356e-05,1.506893853433168e-07,1.1395381463142202e-05,7.531146354889458e-06,0.5278176950235504,6
0.8158002320071336,0.18393739596925496,1.4397723055096794e-05,1.6418559753254841e-07,1.0330976820120458e-05,7.5367204668920025e-06,0.00022994241767169447,0
0.09669256410624416,0.0023626555272594904,2.12227094549638e-05,6.160910150365418e-08,7.1127136104932295e-06,5.459756493604218e-06,0.9009109235778358,6
0.00990603451144334,0.43473722078626503,0.03285586169654574,1.7876125211354136e-07,0.00612096485683351,0.5163764928725812,3.246515079101137e-06,5
0.3501679208668586,0.029543552000892263,1.8670411608188518e-05,1.3499741213759948e-07,1.142928364200001e-05,1.1431845002990281e-05,0.6202468605945839,6
0.25987062617664536,0.7392694695882306,2.690202140122982e-05,1.6021226000861744e-07,9.33971759058095e-06,1.0186110467080155e-05,0.000813316173405136,1
0.0011144209353823105,0.08480493646277082,0.5546686035761779,8.265320201294282e-08,0.009272451340352792,0.350137791856313,1.713175801121187e-06,5
0.6812388499852848,0.318699809206082,2.2312144100025673e-05,1.763628793722793e-07,1.7208995127046137e-05,1.7146090699265838e-05,4.4972158275496615e-06,0
0.2782642105366533,0.033838116923552354,4.1963404636000655e-05,1.4280163440105748e-07,1.725356025144651e-05,1.231181500754355e-05,0.687826000958265,6
0.8045460843790432,0.19290593206966766,5.399610191246603e-05,3.1472065159277e-07,3.3747127884261456e-05,2.1951236640179447e-05,0.002437974364200645,0
0.4967893992461771,0.4990102220736969,1.719504295726287e-05,1.5725044190199974e-07,6.306121316812549e-06,6.2048986241388e-06,0.004170515366785765,0
0.33061397426616657,0.669318329671872,3.374497891549738e-05,2.0187501980252874e-07,1.2685396784496426e-05,1.3872367955441346e-05,7.19144328620893e-06,1
0.0019096358771634732,0.030394229827477474,0.1365198517884178,1.2892173838869012e-08,0.0004579208989745547,0.8307146941198047,3.6545959880357736e-06,5
0.00583510573713133,0.8617391683369791,2.78917782568221e-05,8.236482729515497e-08,0.13238491456612417,6.837855473980413e-06,5.9993612070914915e-06,4
0.01119038585178833,0.14380779586926104,0.00023170364392437125,5.1104217880991694e-08,0.8445602147773885,0.00020594015089177853,3.908602528113708e-06,4
0.003976668937758597,0.657803460641529,0.00015460118959851997,7.582578128478765e-08,0.3372112801978911,0.0007242032419203353,0.00012970996552121928,4
0.003490482946480495,0.09289272232721937,0.9031359475910593,1.0319717799990512e-08,0.0003759788669658021,0.00010482840565944474,2.9542897567384886e-08,2
0.043690479812517294,0.0012883123895871089,1.841646997516951e-06,5.798488722746855e-47,9.558449881269505e-07,1.1191253025813485e-06,0.9550172911806074,6
0.0026706394804791784,0.06829652690213622,2.7717238563908888e-05,1.590622156997728e-08,0.9289405175092234,6.27154243909923e-05,1.8675389846624828e-06,4
0.004990308324270318,0.12030055674115867,3.4260104250288003e-06,1.2648499961380505e-08,0.8747019104727263,1.7849484153993005e-06,2.000854504342695e-06,4
0.009131632860365111,0.398325285031672,0.0031889422650694106,7.58089955231481e-08,0.5891695073196448,0.0001611048888346732,2.345182541845652e-05,4
0.0026609485602862356,0.047517738979390385,0.887980028908965,3.569134928657202e-08,0.05738882578540309,0.004417647993545932,3.477408105986757e-05,4
0.006785037963229484,0.10473388682854416,0.01000423259806926,1.0809241952689457e-07,0.008485119159373004,0.8699905307101812,1.0846481833532648e-06,5
0.021305311445511555,0.5701046214464751,0.00037554981251013164,6.650593107498666e-08,0.40781184447682606,0.0003987437743097202,3.862538436354978e-06,4
0.030562038669592874,0.625371178127877,0.00036192056145618764,1.4091357898076192e-07,0.34327254528924744,0.0004284540769708468,3.7223612766255515e-06,4
0.39917431600871617,0.03268409626620889,4.1995843872712147e-05,2.8114985488739364e-07,2.0103153612447775e-05,2.5558210475642277e-05,0.5680536493672593,6
0.008697783751170786,0.03388694802650681,0.8453425558144144,4.032973949836736e-08,0.038245329146531705,0.07349733410333578,0.00033000882830077006,4
0.007534307114518718,0.042106562391371304,0.9321139535147861,4.375760630752245e-08,0.01041869263726554,0.007766105395541217,6.033518891079869e-05,2
0.025018953557093875,0.8531231958401703,0.03157268030587668,1.1499636350921249e-07,0.08733625370971253,0.0012483049948435701,0.0017004965959394516,6
0.9151550324631118,0.01648564261289779,2.8433152823897953e-05,2.0097507709671147e-07,1.241177347442608e-05,1.7333431155936605e-05,0.068300945591459,6
0.05749966623539661,0.9401473368488565,4.895618715281789e-05,3.728318455546268e-07,0.0022641724278439617,2.4386994408130695e-05,1.5108474496171221e-05,1
0.0010010664432393741,0.0315829321291977,0.002393210203800207,1.2175443901818936e-08,8.48956394132268e-05,0.9649367110622166,1.1723466890240147e-06,5
0.9358650100347324,0.05604662676695134,1.7185001716146616e-05,1.3795551723507442e-07,8.619159410936083e-06,1.114891261815957e-05,0.008051272169053922,0
0.007435736085431196,0.11909737754163692,0.0010958396949744499,4.028521057612459e-08,0.0003566348866025,0.8720076610478634,6.710458280867059e-06,5
0.42780274649793876,0.41736237530254156,0.002341651683948692,2.896189497087098e-07,0.14596468085804165,0.0065208569256788125,7.399112900783984e-06,1
0.0014474495579041454,0.06125923151396099,0.0013409561109046359,1.6794801452472674e-08,0.0005293158264849644,0.9354214130614857,1.617134458044736e-06,5
0.022047879015304604,0.9256413521274482,0.0030605402764766663,1.942822887247495e-177,0.04849079341176227,0.0007516738703222945,7.761298685996425e-06,1
0.05900987620914413,0.7098177659535374,0.0005362350374809926,1.464227480153206e-07,0.2290880280493907,0.001533418340480237,1.4529987218568032e-05,4
0.13556808949622443,0.4376991720658619,0.0028574574143544235,2.052614619105028e-07,0.42268020251861055,0.001190520653953228,4.352589533690496e-06,4
0.05198708732509585,0.6722386268616907,0.0037401819251525093,1.1956565872401224e-07,0.27108701206308816,0.0009401859012069572,6.78635810709061e-06,4
0.9245086692311203,0.0734275263073648,1.0577752416941886e-05,1.629310798591875e-07,6.809158073136998e-06,6.290884959278752e-06,0.002039963734985683,0
0.08228884247136337,0.8743025129842914,0.012273532588566597,1.8372178614150329e-07,0.021361206983487608,0.009766949916247556,6.771334257269108e-06,4
0.06907849488644485,0.9226310377748627,0.004218202467178015,2.6835859421651293e-07,0.0031069227420234807,0.0009590374494154929,6.036321481359179e-06,1
0.014112331786274915,0.6044476612583723,0.029942219798448296,1.1808657578751976e-07,0.3493879485645615,0.0021068945658773166,2.8259398899277836e-06,4
0.9053148573571184,0.09267156892548833,2.6320848182929303e-05,1.450276494671952e-07,1.0548002184113111e-05,8.570904080906418e-06,0.001967988935295534,0
0.08963983904281325,0.31932867205896875,0.003331092108990189,1.2976680383383374e-07,0.586599633930242,0.0010983196932389957,2.3133989428482064e-06,4
0.22941701839869755,0.7705028724158947,3.705463031813144e-05,1.8628815284586156e-07,1.443844338874939e-05,1.5559077148797233e-05,1.2870746399265503e-05,0
0.11026708868003661,0.0011732044581821948,6.881860354971193e-06,4.8292020563381624e-08,3.882213129043659e-06,3.1121385633621553e-06,0.8885457823577132,6
0.8128762430899157,0.1869699306227646,1.1184923805988687e-05,2.425486074421308e-07,1.254783592222221e-05,1.1619104893657655e-05,0.00011823187409030411,0
0.13759849190369586,0.0011574385193809432,7.649792873640052e-06,5.4962892814317404e-08,3.617960089167241e-06,3.1307090563656952e-06,0.8612296161520112,6
0.11264284844205812,0.0011276829281702467,6.884266125901306e-06,4.830890255941689e-08,2.60738212632914e-06,3.328596224266687e-06,0.8862166000763926,6
0.7256629415513274,0.27429270709577475,1.3595378189235043e-05,1.5719139725079886e-07,1.4521872601297001e-05,1.1624934051593008e-05,4.451976658482786e-06,0
0.8507908986090906,0.13686843906586027,1.4978758925161606e-05,2.5703820876417093e-07,1.5175076755168046e-05,1.3011332879356786e-05,0.012297240118280432,0
0.837892839567904,0.15000275865384788,7.940877460210687e-05,1.5031631867848572e-07,2.135792574444702e-05,1.937810835026622e-05,0.011984106653232775,0
0.3170212610058378,0.6616144988619939,0.0002542409682663296,2.0419199105720043e-07,0.020384919875272186,0.0007024527548936383,2.2422341745086914e-05,1
0.5747415453208469,0.42520557108372115,2.2534805303868482e-05,1.755235980692709e-07,9.723535108210971e-06,1.4939722745573844e-05,5.5100086763797735e-06,0
0.0391740288478121,0.00047954546067602885,2.8133293047802154e-06,1.2618296018419616e-08,1.397588313000288e-06,1.1771019379286607e-06,0.9603410250536601,6
0.17754024636973503,0.003468709383163005,2.3402060755338014e-05,5.511444640784841e-08,6.794829516724656e-06,5.845300262111766e-06,0.8189549469421213,6
0.39619555484597735,0.6031780223712689,3.70528184485716e-05,2.5066917587185226e-07,2.053939214073404e-05,2.082416185166744e-05,0.0005477557411369829,1
0.005970552551334647,0.00010944949491796829,1.0462846646473048e-06,7.3268067402643e-10,2.8297795679869617e-07,2.715941490447389e-07,0.9939183963642961,6
0.035570804240766175,0.004216265555459677,2.006161682089648e-06,1.9365820648856224e-08,9.249660962868294e-07,9.2651894553747e-07,0.9602090531912295,6
0.00542020892951928,4.7126367701859455e-05,1.390084256424917e-06,6.491290342458294e-09,3.252869205280906e-07,3.444080888751686e-07,0.9945305984322226,6
0.0816167220227523,0.000455557953992458,1.7234167812122134e-06,2.0808583355110246e-08,1.2053358106722685e-06,9.90598457378481e-07,0.9179237798636226,6
0.7967477180499475,0.19308976328305955,2.12610848510956e-05,2.359665353732469e-07,1.9212600070924887e-05,1.454555650838585e-05,0.010107263459027335,0
0.06404069447226125,0.10271711404591782,7.148736837902207e-06,5.658991490155508e-08,2.7486023444828823e-06,3.646560042967649e-06,0.8332285909926807,6
0.022019393761310353,7.903202891563325e-05,6.026965027461219e-07,7.620764765730066e-09,4.414322935918685e-07,3.3547942258178024e-07,0.9779001869807903,6
0.02805073546374835,6.810276920430712e-05,8.473516969328604e-07,7.4133653548294805e-09,5.164600201793935e-07,3.285730113539301e-07,0.9718794619689535,6
0.018505717010114175,4.473005828180426e-05,3.267311876572163e-07,5.129895948016158e-09,3.156722022886879e-07,2.2736574806392509e-07,0.9814486780325702,6
0.11834744347065788,0.8698515112917462,0.0003726555808311017,1.77187723701036e-07,0.009268107287067008,0.002157262834494466,2.8423474794721614e-06,1
0.7957749705939174,0.20418668406715249,1.4015902544006388e-05,1.759258783006106e-07,1.1004861393260984e-05,9.344731101492012e-06,3.8039180130468605e-06,0
0.13288817304701772,0.0017213612271598363,1.4740475585835775e-05,1.1190184424544076e-07,5.292570008362982e-06,5.849433659831556e-06,0.8653644713447242,6
0.03290775986283628,0.00012305640864010992,4.726981787239482e-07,5.360977749742052e-09,2.2015004083639737e-07,2.2587150849973225e-07,0.9669682596478177,6
0.20266545134686784,0.7972887191617366,2.353170597724755e-05,1.6150187562406376e-07,9.10196377303257e-06,9.520532856951656e-06,3.513786912653169e-06,1
0.017799522536514574,0.0003304579475456648,2.281964553295679e-06,7.537774206442546e-09,6.921868158708307e-07,9.100145910486478e-07,0.9818661278122055,6
0.879959098468001,0.11035990978956209,2.2294019862275856e-05,1.5947797598223508e-07,5.8687997835684745e-06,9.789962715712546e-06,0.009642879482099099,0
0.8824262724498292,0.11684801547115221,1.4015968586988207e-05,1.2799836407724708e-07,1.0814729815595407e-05,9.321385570034153e-06,0.0006914319966821071,0
0.87512961110379,0.09828749021364186,1.539269231756157e-05,1.832955979413652e-07,5.140174536321137e-06,1.1149990169211654e-05,0.02655103252994725,0
0.24925467856160008,0.006809844242465633,6.531282569206038e-06,9.301797699454102e-08,3.865549718751514e-06,4.035372357810945e-06,0.7439209519733115,6
0.006662669609772622,0.00045772181373470914,9.007528473697961e-07,3.891669796089599e-09,3.984544462459545e-07,4.209951092222521e-07,0.9928778844824201,6
0.05628538714398525,0.0021520578031934356,2.936226616376814e-06,2.2018536090150985e-08,1.0772112379035335e-06,1.0039844463239058e-06,0.9415575156119846,6
0.5763170988404839,0.03769162712218018,5.0481465634691815e-05,2.8410315898414035e-07,3.0515584720865302e-05,2.3467424124723254e-05,0.3858865254596967,6
0.030952032627518278,0.0004019667574517212,2.7285601981066434e-06,2.52046805655007e-08,1.0923692759660658e-06,1.189860893223253e-06,0.9686409646199822,6
0.027556977928752713,0.00022401276286332256,1.2972756059426678e-06,1.4349142561196128e-08,5.832327296333449e-07,6.773933730476334e-07,0.9722164370575328,6
0.4713654864625679,0.030851913975729707,9.36674743503479e-06,1.1790472622428388e-07,5.919339356733934e-06,4.640817216826097e-06,0.49776255475296755,6
0.6403543297862323,0.3594927308924432,2.3248974208630784e-05,1.9162695497157913e-07,1.1802371910731688e-05,1.1322386034074094e-05,0.00010637396221628378,0
0.13635369625212998,0.0021495040973321276,3.223478435164773e-06,4.196959647812318e-08,2.316951757111109e-06,1.7826869599205026e-06,0.8614894345637892,6
0.0062041591268547245,5.425302053509543e-05,5.539087516159273e-07,5.6371798884419e-09,2.919011345180521e-07,3.0354059348067146e-07,0.9937404328649507,6
0.9310817793602387,0.06389035383227691,1.931116792318305e-05,2.439834164089472e-07,1.3306878900475937e-05,1.3207082572490103e-05,0.0049817976946718925,0
0.006892669139514319,4.785194672421761e-05,3.7776082042203064e-07,4.991735532965369e-09,2.2579395962866372e-07,2.4110265037431703e-07,0.9930586292645955,6
0.010097279500098139,5.749899913311698e-05,6.277077085663994e-07,8.116196177928817e-09,3.474370063917747e-07,3.350859777323542e-07,0.9898439031538798,6
0.0007897380146541168,0.00010810872218089878,2.3786380321120596e-07,1.0276818788228775e-09,1.6891907552396101e-07,1.1116856835580982e-07,0.9991016342840361,6
0.012963037084175712,0.0003482945661983548,1.03136235268811e-06,9.847347927251608e-09,5.099095804716688e-07,5.161331879452128e-07,0.9866866010971569,6
0.0005295748376569781,0.00013302840880560654,2.3894783146705897e-07,2.153436854821468e-09,1.696888986258726e-07,1.116752022682987e-07,0.9993368742881682,6
0.02330201368068206,0.0012712897134618307,4.693665507448011e-06,1.1629157582451434e-08,2.177005716697263e-06,1.19555748115042e-06,0.9754186187479932,6
0.4149235653866792,0.008115505683838509,2.123957020868237e-05,1.3517334725801283e-07,1.4447155837168769e-05,7.080224235101791e-06,0.5769180268058541,6
0.05728436653285363,0.0012326802645286526,4.410242740226747e-06,2.6048624190495e-08,3.55468280830821e-136,2.210275432887465e-06,0.9414763066358205,6
0.018281635521000383,0.0004596782706759226,2.334039954709947e-06,1.873071416017081e-09,2.851026137664987e-06,1.149880220367023e-06,0.9812523493889395,6
0.04995079709082984,0.0016468078236242455,3.2518647092862132e-06,1.5404915298488925e-08,1.910589738817072e-06,1.7990031801925437e-06,0.9483954182230022,6
0.05878275263238307,0.004590697173079379,4.815599894265455e-06,3.5670087731323256e-08,3.880723902915459e-06,3.3261514699791845e-06,0.9366144920491827,6
0.8007559964779422,0.1984765138650934,3.0391604133940852e-05,1.5259860485991412e-07,6.795711126396188e-06,1.2385918919761426e-05,0.0007177638241793938,0
0.012013453594618737,0.00176596964323337,4.586770175276394e-06,3.364334897180419e-08,2.5992269145511157e-06,1.9165750287574626e-06,0.9862114405466804,6
0.4427774965379774,0.5571483975644721,2.522377873027351e-05,1.8398455965033202e-07,1.5820251361186952e-05,2.4504616001384275e-05,8.37326689776832e-06,0
0.7852109066542576,0.2147033500005161,3.6982960308003696e-05,2.279279434858965e-07,9.633230219068926e-06,1.9249617545120423e-05,1.964960921056942e-05,0
0.8311614778285533,0.16865900756681346,2.1301271906249403e-05,1.510513863077313e-07,6.624110533799518e-06,1.4114856057726206e-05,0.0001373233147490039,0
0.12435576801453639,0.010352293174558271,8.490558119226651e-06,5.467628965480097e-08,3.815785577867107e-06,4.197983166689042e-06,0.8652753798077519,6
0.24642934162206317,0.7490125575507834,2.2782961625780588e-05,1.700313954787323e-07,0.004513775383844587,1.4571392636127943e-05,6.801057651361594e-06,0
0.674635827390304,0.32529993985964334,2.040392286999983e-05,1.9761297891196235e-07,1.706913158101273e-05,2.2325666191923533e-05,4.236416430828213e-06,0
0.6353846276404616,0.3630451495900689,2.9173601832787602e-05,2.1042087607989128e-07,1.3230027816271952e-05,1.9098502094672993e-05,0.0015085102168497806,1
0.10310295418724313,0.0056058087986105495,6.873310879876041e-06,5.2445540240200026e-08,4.5110635571033776e-06,4.642949261204841e-06,0.8912751572449078,6
0.22545410559938878,0.006661465553238168,8.506601079574558e-06,4.919340933337087e-08,3.1056824294388243e-06,3.955107165506243e-06,0.7678688122632893,6
0.08934469993649996,0.002235564729159485,4.060830627327469e-06,2.356951931290782e-08,1.4439497965788569e-06,1.8391112410513862e-06,0.9084123678731563,6
0.00918040142970821,0.0008687738289251335,7.016358145355269e-07,5.872278914315097e-09,4.218898596962095e-07,3.519002842120335e-07,0.9899493434431293,6
0.052338998524317115,0.0016500792223088285,2.122390455134597e-06,2.006343607504808e-08,1.4122865622578544e-06,1.5167782794180492e-06,0.9460058507346412,6
0.024658601034158525,0.0002497169945329268,1.273854966772665e-06,1.078734387599195e-08,8.040557348627782e-07,7.113862604686177e-07,0.9750888818870026,6
0.047100955918695314,0.4495506740726278,0.00025860000980517924,1.0638168701788798e-07,0.5020661664286429,0.0010213128067027314,2.1843818390171173e-06,4
0.16307483925301774,0.020621416682066775,1.0137371951020866e-05,3.9103240622238516e-08,4.573537870582606e-06,5.776345798323205e-06,0.8162832177060548,6
0.05172106094229538,0.0034900867823012384,2.6439606699626614e-06,2.2307925798162918e-08,1.412359102554914e-06,1.8047865070960797e-06,0.944782968861198,6
0.413024384399383,0.5869206669375643,2.2052230006225507e-05,1.0651563373278794e-07,9.40583812745026e-06,1.4478844326234971e-05,8.905234959077402e-06,0
0.5106691102440192,0.48920712696447277,3.887350234111232e-05,2.749808186825841e-07,1.8220125968931414e-05,2.105577132216986e-05,4.5338411057199155e-05,1
0.18029474705725307,0.013098083720515814,1.1251156328382933e-05,6.830404493791037e-08,7.878777301755218e-06,6.439970630932632e-06,0.8065815310139252,6
0.05457810430946207,0.0009446492049680323,2.4017392380858947e-06,1.7744611256113507e-08,1.4019116611301152e-06,1.1547214765648227e-06,0.9444722703685828,6
0.030286636518991234,0.00021990508521315422,3.0717231140470065e-06,2.4172675946711033e-08,2.006435404525569e-06,1.7534527739461626e-06,0.9694866026118271,6
0.234352224674017,0.7541330447885516,4.0048896671856096e-05,2.994525373337667e-07,0.01143948952073364,2.374517596643405e-05,1.1147491522288859e-05,1
0.14411050809010098,0.8424341565126386,9.540615547697072e-05,1.502338884392933e-07,0.013257959535412657,9.295252657537398e-05,8.866945906803168e-06,0
0.6622220360270954,0.3360302492758205,2.6279327857916922e-05,1.180731980017244e-07,6.0366904844113113e-05,1.3690127671594948e-05,0.0016472602635124469,1
0.9331257762858279,0.06672003976845468,1.4871879123358241e-05,8.87415663224088e-08,3.001793455077778e-06,7.821609280603914e-06,0.00012839992229194395,0
0.23359056137117104,0.7657944664197178,1.5616865512257616e-05,1.242641450257797e-07,1.0262488413312098e-05,1.044033701430743e-05,0.0005785282540263405,1
0.9331356321602471,0.061878304360512656,3.274364469420113e-05,2.2696436346990287e-07,1.8222426646585014e-05,1.4385080077490315e-05,0.0049204853634583785,0
0.9873418718331451,0.010750273753614066,1.0096053586053615e-05,1.2756796827953217e-08,5.168993274288226e-06,7.286540478425228e-06,0.0018852900691054683,0
0.8902473164715717,0.10971286242842629,1.4001306255359098e-05,1.4008883706013534e-07,1.3188034783296152e-05,7.753937031970515e-06,4.737733094301547e-06,0
0.09866018255806408,0.0010336429331030742,6.539986977305243e-06,4.402644012326222e-08,2.3197066271084075e-06,2.8188218586254435e-06,0.9002944519669297,6
0.0782913130060549,0.9215047047584913,1.5218058574393354e-05,1.131383464888322e-07,2.222276447018862e-05,9.623544918870119e-06,0.00015680472914373784,1
0.9344840983104548,0.0654956123849783,7.356839659981316e-06,1.2142877685698588e-07,4.304020241582583e-06,5.424107477602568e-06,3.0829084109472e-06,0
0.9805135559683406,0.016159077191517882,2.3320665239998196e-05,1.2080669867080342e-07,4.458779792492981e-06,8.97708181236854e-06,0.0032904895065981993,0
0.8531355073886491,0.14408250078430918,1.865768803329115e-05,1.6841827561400975e-07,9.00492987980311e-06,1.2255202983202436e-05,0.00274190558787001,0
0.0595343560768644,0.0005626803211708247,4.456176273622236e-06,3.215503729360272e-08,2.3716474385235483e-06,3.184364416339603e-06,0.9398929192587989,6
0.16771088622954636,0.023931089416700146,8.691656639011875e-06,8.067637924694032e-08,5.390696664403078e-06,6.692099331930978e-06,0.808337169224739,6
0.8678859054698234,0.09653233263077475,2.2112890966193958e-05,1.8942014783766568e-07,8.749537483274002e-06,1.2530757937599634e-05,0.035538179292867046,0
0.33028774402783184,0.03031020783848359,1.690162082660783e-05,1.6494166542427766e-07,1.3873447504951456e-05,1.211513357397524e-05,0.6393589929901137,6
0.159735318760298,0.0019267769577595737,1.2593686192851245e-05,2.0061576598678098e-08,6.948402047665591e-06,7.516784113935708e-06,0.8383108253480114,6
0.1550610064570252,0.0019398632524381572,1.2591070878924265e-05,2.0173146300668402e-08,6.512344816050618e-06,7.030874170475192e-06,0.8429729758275248,6
0.36928698138007254,0.016638535298496633,1.6341481071614736e-05,1.3290605447172215e-07,9.261150747588025e-06,1.1718094795325922e-05,0.6140370296887618,6
0.21863387977810395,0.006235157699414773,7.117158816191467e-06,8.551209916075405e-08,5.3988553828580675e-06,6.474180051018886e-06,0.7751118868161321,6
0.9344732339509901,0.0629954091944815,1.1101848621003683e-05,1.8127595737269907e-07,9.280955639444139e-06,7.823563654350334e-06,0.0025029692106560567,0
0.8845790773920279,0.11536504494540586,1.1494893539327602e-05,9.32536336163255e-08,3.141700911949133e-06,5.516673807389477e-06,3.5631140674011304e-05,0
0.0069786575870252445,0.2652237100583987,0.6627847321289816,4.6095230382323476e-07,0.020255807902757886,0.044742424861644495,1.4206508888272065e-05,2
0.005964808103561867,0.19280839104020026,0.04191182349919444,3.219370850080967e-07,0.003577648616100271,0.7557253172297359,1.168957412233053e-05,5
0.9340565028926414,0.06292187298297554,3.5308267941555094e-05,3.248923786341181e-07,1.3097121136882418e-05,1.9322300526336956e-05,0.002953571542399707,0
0.223291216752002,0.7766043449482358,3.5428420444590385e-05,3.217281905050573e-07,1.4610977843471231e-05,1.998273730181114e-05,3.409443598182987e-05,1
0.04588593670409759,0.8419069556894512,0.03788883944427138,5.660616021419267e-07,0.005596108809317641,0.06870274859561376,1.884469564647772e-05,1
0.002914828519201746,0.2982968104223283,0.043857359620319086,5.685744072608643e-07,0.001923644791415312,0.6530043660045574,2.4220677708320623e-06,5
0.9173117671100323,0.08260803700068615,1.3657284821999966e-05,1.4068793791125698e-07,9.26221460142399e-06,1.1290359082776888e-05,4.5845342837338385e-05,0
0.003413249642290613,0.14455185309835322,0.20591506626818365,1.6060524220226748e-06,0.0007943618230430664,0.645319199378027,4.663737680471951e-06,5
0.006476854534316491,0.6214729159275931,0.3172827442986031,3.1874258078876364e-07,0.031594757894519,0.023168935428737207,3.473173650457231e-06,1
0.012575255587834937,0.40448501703241513,0.05128854874239192,4.930067563703059e-07,0.026967649887673487,0.5046791456967614,3.890046166696824e-06,5
0.3057963965155082,0.6252956437985597,0.0004672818476289595,3.600876383407148e-07,0.06606430323335019,0.002368074716011279,7.939801303240183e-06,1
0.24109472789579323,0.7432215721459781,0.0005563666653481647,2.0433763845272757e-07,0.01379737512117842,0.0013213616616279027,8.392172435860106e-06,1
0.06600497354109587,0.9293120594783131,0.00037352764376803125,0.0,0.004233076540177112,6.812200953430128e-05,8.240787111425372e-06,1
0.017404915653012762,0.8997990672213175,0.0377910694476768,2.0531934657606544e-07,0.0352534521354376,0.009747641781844939,3.648441363719419e-06,1
0.0026167153432070374,0.22044060964786724,0.7626617392741354,1.41554962817171e-73,0.0013370292088425658,0.01293741130931529,6.495216632539508e-06,2
0.002700383533787006,0.25129186027070205,0.14896094951898695,1.1397372638472208e-06,0.0002078047639115137,0.5968120333465742,2.5828828774487813e-05,5
0.0002134447120971136,0.017893473023186838,0.04084996299607537,3.581816330573213e-07,4.7723163181499885e-05,0.9409927728500619,2.265073764028362e-06,5
0.0018484874141829572,0.42898083630170514,0.5624859954971799,0.0,0.0009119778413941584,0.005763053257199942,9.649688337807863e-06,2
0.02711496390177385,0.13294078175987992,0.8306535256572787,1.3957590304917052e-07,0.004807497163064873,0.004473801649452883,9.290292646772174e-06,2
0.005452492040315682,0.159643433400432,0.5740292742195104,9.886685321175984e-07,0.005062746156784772,0.25579698014264135,1.4085371783759526e-05,2
0.003202116429852899,0.16960607002505118,0.8182368115038051,5.66764059822176e-08,0.008231362271652101,0.0007179756491561794,5.6074440764529145e-06,2
0.0032474220514176763,0.36601206519062857,0.5779626341809737,1.1329195238082384e-06,0.0037678509378778887,0.04898716693006984,2.172778950856969e-05,2
0.0007407592275972372,0.09106026821049659,0.033704494911296144,1.064819024841174e-22,0.0006614876398970742,0.873830411289128,2.578721584905973e-06,5
0.013339855846337446,0.24287714455655574,0.002320988811197737,7.115987819285323e-08,0.0009467098258949754,0.7405100947372691,5.135062866730861e-06,5
0.0024463260232475484,0.056842121728094844,0.9337374313473685,5.191935146129758e-08,0.0020506242037965213,0.004890555839386264,3.288893875492171e-05,2
0.002628972859425169,0.040039990492496895,0.9540531289457759,3.633679159457562e-08,0.0009225464731439934,0.002332306913912074,2.301797845443438e-05,2
0.0031377355077657865,0.07157551329578615,0.5132793755452225,5.340469489037447e-07,0.0006209779684485416,0.4113753004502962,1.0563185531894678e-05,5
0.0008289855535968823,0.020881648982030147,0.9589216878421312,1.759120076476645e-07,0.0002516333062120633,0.01910603988384473,9.828520177544695e-06,2
0.0012849907686019707,0.05913369419866069,0.9281100662271108,2.9497424561703004e-07,0.0010529216699549013,0.010413794810064091,4.237351362241407e-06,2
0.005688427867947481,0.05494815898481739,0.8384486724456677,1.0962758466169248e-07,0.0022015030436059245,0.09869070376652948,2.2424263847501292e-05,2
0.0011847986341181587,0.12783116930669358,0.021966089565640157,3.540094080550815e-07,0.00031906513715367,0.8486962626373713,2.260709615214126e-06,5
0.0009882847444572507,0.05286852919413823,0.9409408439297549,1.6167667714082944e-07,0.0016782504166166995,0.003521827555367317,2.1024829885539328e-06,2
0.0009798417915929502,0.03386627957653664,0.9599905879949805,5.9441074241388256e-08,0.0013506207311317448,0.003810385013971365,2.2254507127736994e-06,2
0.005005811631695994,0.34260219194451147,0.05455765234485094,1.246653451889498e-07,0.0023291169916224734,0.595502720216496,2.3822054778955375e-06,5
0.023090307457207585,0.5312960129052717,0.1825927526722601,2.478324903119452e-07,0.010473013250893608,0.25254378800411703,3.8778777595559645e-06,5
0.0019544292454635043,0.05402404840175414,0.8491381191651068,1.5800594913123072e-06,0.0003759849302223545,0.09449212518555347,1.371301240827465e-05,2
0.0011765325416202496,0.15725346400316176,0.5409775998388783,1.5259644280469058e-07,0.008291596884175528,0.2922968443793578,3.8097563636552237e-06,2
0.0037639972732620903,0.1549900251861688,0.7628081251894333,1.4194049804967186e-07,0.02478205912215266,0.053653025713458875,2.625575026058597e-06,2
0.0034598847460399775,0.15980264742204095,0.74811029652891,3.472565686823471e-07,0.02369437212368975,0.06492921690976418,3.2350129862844983e-06,2
0.007198678540277108,0.05135861519697378,0.9103958622744776,1.3425178673782792e-07,0.001983394139639433,0.02905961576782607,3.6998290193214084e-06,2
0.0009552004500114984,0.06744661392315306,0.06698668404293992,1.100293327317091e-06,6.453644837852428e-05,0.8645326029361208,1.3261906068853281e-05,5
0.0012317005221693653,0.03270143861666529,0.13362631283139523,6.856993185992647e-07,9.341819231064854e-05,0.83233671648779,9.727650350976643e-06,5
0.0008959652768680735,0.0279850215524197,0.9657811256121774,8.358315037641538e-08,0.0005712812790317791,0.004756454798808095,1.0067897544624134e-05,2
0.000584681957112641,0.022765020944364344,0.9431640153947484,3.7338980208257095e-07,2.2115687928638134e-05,0.03345964003433468,4.152591709140265e-06,2
0.0006804817764171965,0.027055283631441336,0.7363154179636734,1.7636962016793528e-07,4.076141791315959e-05,0.23590592528358637,1.953557348295867e-06,2
0.000559492302780768,0.019337133037473933,0.9120267845798334,1.6144379184806536e-07,6.063461061039161e-05,0.06799793932811171,1.7854697398115272e-05,2
0.026107127943841943,0.3707316917815163,0.3185921121797155,2.800445174975494e-07,0.004554483182807494,0.2800025492023229,1.1755665278402643e-05,2
0.0008827453115260636,0.012531455208013433,0.4689394892022033,4.917133225032999e-07,0.00015202228913191313,0.5174919497805248,1.8464952780133016e-06,2
0.0008790766839649858,0.16178209750845435,0.7663584490496608,4.477285993630572e-52,0.00012849758458668544,0.07084545492957535,6.424243757883368e-06,2
0.002577321057705346,0.030946203133967308,0.20972695553357404,1.701249374153817e-06,0.0007391025108579647,0.7560052509156353,3.465598885798483e-06,5
0.0033044177673936808,0.25198208143009276,0.06774484792526282,7.034935023651066e-07,0.00040261676424010876,0.6765579359270409,7.396692467283371e-06,5
0.014179493430327752,0.3274323829609108,0.04743993573560161,1.5440493835101876e-07,0.0021037168789837996,0.6088290218844278,1.5294704809847054e-05,5
0.005653692616072882,0.2734957670350679,0.7039836679690704,5.803761321503119e-08,0.012920188332710119,0.003945434297697803,1.1917117676982965e-06,2
0.0010470682954516657,0.09244128619578018,0.9024525928656115,1.8143107081522888e-08,0.0028605787309914227,0.0011979886649415793,4.67104116517508e-07,2
0.2579793774678359,0.7375976195520729,2.1502312141223068e-05,1.833863158965934e-07,0.004370263125302294,2.6721886406722176e-05,4.332269925009689e-06,0
0.11317001932584125,0.8814114387296595,2.76554439172589e-05,2.2788767566643016e-07,0.005349282689884054,3.591688373655441e-05,5.459039285633989e-06,0
0.2757507257439665,0.7189718257319951,2.8287553404682288e-05,2.014248196603263e-07,0.005213166124622834,3.096829846175535e-05,4.825122729484406e-06,1
0.2306689418676793,0.7648830810221459,2.3414695320545844e-05,2.2118501243511664e-07,0.004383435184448613,3.252256343935626e-05,8.383481953898815e-06,0
0.2039210896439019,0.7911901652254306,2.320773384034993e-05,2.0145844804884226e-07,0.004824929576472253,3.289549411798775e-05,7.5108677888385855e-06,0
0.2946086001762274,0.7013167362791854,2.227434125742792e-05,1.7989397731520585e-07,0.004019547256278349,2.835270072960949e-05,4.309352344486273e-06,1
0.3218003241561815,0.6737668038757677,2.605813441018027e-05,1.6961502315887665e-07,0.004376503434703513,2.6077663465900256e-05,4.063120448046347e-06,1
0.07997242030010487,0.9148710634520788,3.6791969747413414e-05,1.9865652174083512e-07,0.005071151869277234,4.0967347203866355e-05,7.406405065843678e-06,1
0.10073566249608545,0.8921497817726015,3.628128004629524e-05,1.884827200997354e-07,0.0070215412365172754,4.824351788173824e-05,8.301214147387966e-06,1
0.08495825959298373,0.9109908599607384,2.3341824528041718e-05,2.463677669371781e-07,0.00396950708686468,4.969897275586342e-05,8.086194362231782e-06,1
0.09020061122133764,0.9050609526448546,3.5892737643810726e-05,1.791302743510926e-07,0.0046408514779763405,4.617968877787614e-05,1.533309913515011e-05,1
0.06904760881958649,0.9265133140324369,3.151945622833006e-05,2.2017171911399918e-07,0.004320964437150878,6.636573804816481e-05,2.000734482991264e-05,1
0.2870304746354998,0.7045234793798741,1.8722797985242844e-05,1.7113270038681445e-07,0.008406401826834367,1.6161017429965928e-05,4.589209676116294e-06,0
0.3422393425094324,0.6523850699897478,1.901136206805223e-05,1.7958928347621182e-07,0.0053337143055006316,1.587534733144487e-05,6.806896636263249e-06,0
0.1698096418136572,0.8240117354049104,2.6092159759991108e-05,1.9151276444713114e-07,0.006132542464134947,1.5827563433549348e-05,3.969081339514052e-06,1
0.1312421083511297,0.865512178734429,2.7314697732606558e-05,1.8988548185454142e-07,0.003173923456127322,3.276874897085301e-05,1.1516126128518448e-05,1
0.3252061866685665,0.6702327675823329,2.1594434412173816e-05,1.3034833395832584e-07,0.004521098054266867,1.250968544480737e-05,5.713226642871161e-06,0
0.09858146091006106,0.8966927335579705,3.375506409028363e-05,2.0886392883440386e-07,0.0046549037964851,3.228160609740975e-05,4.656201366998155e-06,1
0.056382604640979064,0.9429744869824731,9.233937338997616e-06,1.5101347090219265e-07,0.000612938020398775,1.627687364360204e-05,4.308531695295125e-06,1
0.329425215170198,0.6686417574461625,2.1874587551924585e-05,1.3444811469823833e-07,0.0018912952907410244,1.2671978542545626e-05,7.051078689330253e-06,0
0.27094748094633514,0.7235524068837806,2.3312356169310882e-05,1.432850941165256e-07,0.00545381340348585,1.3515742994258436e-05,9.32738214080638e-06,0
0.25399592734682247,0.7408654336829738,2.5827921699398914e-05,1.3398577501840997e-07,0.005092040067811283,1.4202279582895886e-05,6.434715335255956e-06,1
0.14293099293609468,0.8523697004974609,4.0365544567366695e-05,2.1927920231391404e-07,0.004617105979335213,3.566925731721812e-05,5.946506022347013e-06,1
0.029397497537558756,0.9648240544708486,2.3490671133950897e-05,9.879196252631995e-08,0.005707572159670546,2.9711121395724447e-05,1.757524742956081e-05,1
0.03186251076184716,0.9622577510219357,4.121910457763005e-05,1.7957697799251762e-07,0.005786059437665861,3.605858291899972e-05,1.6221514076661153e-05,1
0.04249096575463246,0.9568506311719687,8.947710795175779e-06,1.4633247055964902e-07,0.0006293617154817981,1.5772335534213187e-05,4.174979117362531e-06,1
0.3165119433048333,0.6811467348682896,2.6455053840633605e-05,1.6260110526292585e-07,0.002292367197602922,1.5337776499827852e-05,6.999197828292831e-06,0
0.3166348434908825,0.6814112211292757,2.6465326220895174e-05,1.6266424255209087e-07,0.0019049617417018813,1.5343732090526037e-05,7.001915585816641e-06,0
0.25554581875886967,0.7411938008970177,1.568771627209334e-05,1.3635073469279612e-07,0.0032229300045015924,1.3934359591570337e-05,7.691913012578833e-06,1
0.12390127769085221,0.8717175885192848,2.8125194331650645e-05,1.9987085445476053e-07,0.004312546379819365,3.502837588550534e-05,5.233968971748311e-06,1
0.04684495343295053,0.9528375358273564,3.3796375025442815e-05,1.9987456221190264e-07,0.00023873714316424032,3.6631362626198914e-05,8.145984314915865e-06,1
0.04572164484669393,0.9537196451168638,9.20771364271863e-06,1.57601928770622e-07,0.0005274142921834125,1.743392316830349e-05,4.4965055189524165e-06,1
0.05789907036522981,0.9415152027967608,9.482593268419312e-06,1.5508003466408807e-07,0.0005551964363132606,1.6468174472881437e-05,4.424553920030379e-06,1
0.03071990838297457,0.968603588104847,8.669131937390202e-06,1.41776541849098e-07,0.0006468945623846114,1.6753046384271695e-05,4.044994930298667e-06,1
0.05178657149311302,0.9468857388724323,7.863402526395273e-06,1.6593742863932618e-07,0.0012944139107554109,1.964220127750842e-05,5.604182466580538e-06,1
0.05477701528059898,0.9434841624033453,7.685278048079076e-06,1.6217855736060243e-07,0.0017066287514542501,1.886887338358248e-05,5.477234612277313e-06,1
0.12121418729410267,0.87853934713308,2.9517757670821877e-05,1.930801898086973e-07,0.00017524034442900554,3.6458303872346626e-05,5.056086655181101e-06,1
0.06484915767612857,0.9348673909359866,3.315863300989201e-05,1.961050057996143e-07,0.0002050748318812346,3.702946376536342e-05,7.992354222777694e-06,1
0.08580301015943606,0.8846748583097782,7.59192796360969e-05,3.0997706657318256e-07,0.02937229651879452,4.560496473595618e-05,2.8000790552720657e-05,1
0.04104294734265342,0.958623318996027,9.240817381815476e-06,1.5064380836039688e-07,0.0003033566683360708,1.6687546857653407e-05,4.297984935669144e-06,1
0.03336440169728641,0.9660287683835365,8.672634450544175e-06,1.4844335629498822e-07,0.0005773528350338419,1.6420802008448106e-05,4.235204328011094e-06,1
0.05245328127934393,0.9458850530644154,8.153544684398608e-06,1.6468023124835083e-07,0.0016292308232228804,1.949338539912832e-05,4.623222703004185e-06,1
0.24261902224080684,0.7564816281220427,5.838842486009777e-06,1.7005355734425333e-07,0.000875066603932154,1.413085101825664e-05,4.1432861567240564e-06,0
0.22704557800917502,0.7711116156737714,2.076902526883292e-05,1.4748994161099232e-07,0.0017974583267702986,1.6870019568393766e-05,7.561455504603217e-06,1
0.14080525880792832,0.8589280274920085,2.1555691550653205e-05,1.3374073876813628e-07,0.00021343233573921513,2.77762477145318e-05,3.815684320161115e-06,1
0.13353222157089795,0.8662150332398271,2.9772851051841534e-05,1.78578139880953e-07,0.00018124486936123247,3.645397488304436e-05,5.0949158389846845e-06,1
0.08463773438951917,0.9150884842342709,3.142268141636662e-05,2.0554058881537545e-07,0.00019795963915895606,3.881113465113476e-05,5.382380394576728e-06,1
0.03060042271220613,0.9656307356451698,3.9586397736252594e-05,1.8551290514730043e-07,0.0036848865761740053,2.8604183031062216e-05,1.5578972777381233e-05,1
0.07283369155804227,0.9251645034150691,2.0624590986294788e-05,1.9983473953244795e-07,0.0018955296707267948,4.2273390658304425e-05,4.317753977800316e-05,1
0.04935208521753484,0.9489136087964842,8.011442481095784e-06,1.7405310235479055e-07,0.0017027518331838602,1.8826009298525795e-05,4.5426479152418014e-06,1
0.06168239826881592,0.9360846748830415,7.944773055089292e-06,1.882344153597175e-07,0.0022022795303334873,1.800516316616836e-05,4.509147172404176e-06,1
0.24053900972900935,0.758393900132313,8.958516711095675e-06,1.8439045203208256e-07,0.0010346056118007358,1.7393113886878024e-05,5.9485058267700026e-06,0
0.28529574656896783,0.712729478504786,1.5152757547897811e-05,1.2450982144385472e-07,0.0019409748114866804,1.4487070971482821e-05,4.035776418690844e-06,1
0.09008000954984116,0.9096336264228796,3.3481469112061297e-05,2.190074355688968e-07,0.00020144688903394082,4.548163226000875e-05,5.73502943757441e-06,1
0.02541683281506799,0.9697772800478128,3.975638689452476e-05,1.8630952177316068e-07,0.004715541870071884,3.47566997108916e-05,1.5645870919687998e-05,1
0.034550910260342564,0.9614397729996021,3.690256184223259e-05,1.9217919235613593e-07,0.003923784560255514,3.997342344527512e-05,8.464015319686531e-06,1
0.12745366116332324,0.8710680169097887,2.3935418719903016e-05,1.7900762077246425e-07,0.0013796511715132274,4.401677498586906e-05,3.053955404826571e-05,1
0.10536897050780236,0.8932414907557308,2.282770103054858e-05,1.985406844698811e-07,0.0012654657924087709,6.661132944431157e-05,3.443537289857131e-05,1
0.06279685573438168,0.9357295169168455,1.9442170105699764e-05,1.855920484684523e-07,0.0013485390803309198,5.6372574604183734e-05,4.908793168378907e-05,1
0.06045212601713817,0.9380918920206874,2.435142679540433e-05,1.8606060057335704e-07,0.0013665343493264649,5.651489475586944e-05,8.39523069634065e-06,1
0.028033694010327636,0.9684618917714584,2.2503458274922315e-05,3.1256689228865994e-07,0.003428873703662012,3.7818754127016845e-05,1.490573525803449e-05,1
0.02222112303025758,0.9690900296119093,2.2201492351474125e-05,3.8226802574640795e-07,0.00860201745879533,4.601648564874353e-05,1.8229653011763316e-05,1
0.01852531665884225,0.9786441441984113,1.775090003256783e-05,2.901802723262787e-07,0.0027635497986765447,3.5110104884312065e-05,1.3838158880900734e-05,1
0.01776299068561479,0.9797990895513207,1.903341227744179e-05,2.905227281198539e-07,0.002369589798076941,3.515154001956188e-05,1.3854489962414953e-05,1
0.03883918904115787,0.9597370493884427,9.16401390541738e-06,1.5870029329148978e-07,0.0013890128153688772,1.849193720327812e-05,6.934103628461577e-06,1
0.14310499717303815,0.8546835627704369,1.1877315891318559e-05,2.2693987894148316e-07,0.0021723573176416293,2.1707452069502533e-05,5.271031043553502e-06,1
0.15832408966310388,0.8397083476292869,1.2457133942879563e-05,2.798294645909608e-07,0.0019260453297869089,2.3157323702287518e-05,5.6230907123302986e-06,1
0.16977925226960303,0.8277646646938379,2.725093448582785e-05,1.5579463242664596e-07,0.0024068047462591593,1.7426619231903735e-05,4.44494194959472e-06,1
0.10975044052084783,0.8880658517538706,2.4434619458993226e-05,1.7233053500723985e-07,0.0021342500724268096,1.9174002369077194e-05,5.676700491815144e-06,1
0.04635766795344818,0.9533201282921167,2.2599717215618986e-05,1.1981565996528772e-07,0.00027104217068228437,2.44952751747357e-05,3.946775702728139e-06,1
0.06821226414491907,0.9315081769484932,2.256096272662392e-05,1.3144967159273627e-07,0.00022206080029522654,3.047568920107626e-05,4.330004693243846e-06,1
0.08793702254017986,0.9117815423454968,2.4819077934253148e-05,1.3158192087320785e-07,0.00022228421189225908,2.986588153859328e-05,4.3343610373729846e-06,1
0.39421772122757653,0.6055983906456189,2.768146937550822e-05,1.184915126388562e-07,0.00012129286714970919,3.141468182820254e-05,3.3806169385089056e-06,1
0.31391976661803955,0.6857557373733554,4.4484490759080925e-05,1.6343649050161327e-07,0.00023365001834038652,3.832714947146193e-05,7.870913543620762e-06,1
0.06387829713655582,0.9168528710501659,3.32972797297806e-05,1.3860841557406765e-07,0.019169926468109676,4.081079920081592e-05,2.4658657822336652e-05,1
0.016339262013906647,0.9797344445331613,2.022495127560625e-05,8.827704069080016e-08,0.003864033583517305,2.6242015005474064e-05,1.570462609320951e-05,1
0.06589390979322124,0.9333543355485722,2.5713528683427738e-05,1.9316531126397026e-07,0.0006550131929114905,4.2786115233440106e-05,2.804865606711208e-05,1
0.13529062815697218,0.8628880016058267,2.3931648333162555e-05,1.786340922583631e-07,0.0017265617345210834,4.0222391952729545e-05,3.047582830186601e-05,0
0.08516914114900087,0.9131934354130586,2.8099162573667022e-05,1.8319214220243005e-07,0.0015250421519073624,5.284547795133345e-05,3.125345336621153e-05,1
0.10832048430920246,0.8901946706654487,2.8061786234357494e-05,1.7680866733717162e-07,0.0013691930650529623,5.724896329191569e-05,3.0164402102237115e-05,1
0.10688267322562268,0.8917844649338075,1.979489522105049e-05,1.916698066812575e-07,0.0012216719431604893,7.222959436239031e-05,1.897373801903838e-05,1
0.054481509877640215,0.9443519693589468,2.3500991781462422e-05,1.799189994346276e-07,0.0010629513931841336,6.215456798084334e-05,1.773389146726311e-05,1
0.054936466121060845,0.9437814526305615,2.4626509862563073e-05,2.1493369605398971e-07,0.0011746724409355353,6.423880078477363e-05,1.8328563098619333e-05,1
0.037755224979972746,0.9571499804943068,2.7974657063067123e-05,3.169833261199289e-07,0.00501078962510272,5.1372061904531525e-05,4.341198323951696e-06,1
0.019703945086958167,0.9783448612790633,1.9374630874967695e-05,3.150855697461588e-07,0.0018954710324731667,2.9871337250637186e-05,6.161547809995324e-06,1
0.009565835863056584,0.9879692317616673,2.4336530971041873e-05,3.3423541178564946e-07,0.002410877587386782,2.6125204365625366e-05,3.258817140835056e-06,1
0.010619234294982162,0.9818997525487587,2.3155124339307155e-05,3.6025921271228745e-07,0.007409003819528558,4.428795305212468e-05,4.206000126374913e-06,1
0.06825832526702451,0.9226192910000716,4.780430931686999e-05,6.408608504357291e-07,0.0089992994496754,6.076359225490415e-05,1.387552080623218e-05,1
0.05920364789336305,0.9378033088759704,3.110445827143399e-05,1.7653500288528516e-07,0.0029233665296699595,3.464739653680573e-05,3.7483111855735874e-06,1
0.008931492987241914,0.33144970973162535,1.1613607616938439e-05,5.402009175736024e-08,0.6595952474201596,1.0815825072066626e-05,1.0664081923418648e-06,1
0.0017876823123338958,0.22912083951542297,4.957013165644738e-06,3.568111148408431e-08,0.7690767963440598,8.870109942174403e-06,8.190239638294192e-07,4
0.06065308781548654,0.9391269835616148,1.0498797134264838e-05,1.425450407956019e-07,0.00019054976912123063,1.4670590799594985e-05,4.06692080253398e-06,1
0.045900102523864256,0.9534421987554335,7.183894950501956e-06,1.3814793785901707e-07,0.0006303380562121806,1.609715356328394e-05,3.941468038243693e-06,1
0.23901257497909606,0.7605104168090251,6.985231101452849e-06,1.621018606881252e-07,0.0004457139478969953,1.6689429977535147e-05,7.45750104213388e-06,0
0.2389976691807903,0.7604629882798636,8.651455942939768e-06,1.4545318661905462e-07,0.0005064536887396618,1.6634905514922648e-05,7.457035961974776e-06,0
0.10283518785145496,0.8954745208255522,2.3432170149525266e-05,1.6526054048131036e-07,0.0016421548155322013,1.9095267341024795e-05,5.443809429295157e-06,1
0.13705717807788526,0.8626641791089042,2.079786668111217e-05,1.1988220564864054e-07,0.00024036666116807452,1.3409435411375478e-05,3.94896774412118e-06,1
0.024796046482601766,0.9712804076322997,1.8407520791552605e-05,1.172169786554968e-08,0.003864720430754614,2.5125990621019782e-05,1.5280221233375836e-05,1
0.06167962327289292,0.9344047666027343,3.312113420511681e-05,2.8292195985772145e-07,0.0038310086747673456,4.602000785638147e-05,5.177385584038473e-06,1
0.054868215021669116,0.9430553415298859,2.3509139006751488e-05,1.967398681434086e-07,0.002001504629908993,3.881525843047931e-05,1.2417681230889717e-05,1
0.08968118713411748,0.9090255562568325,2.8487022495103867e-05,1.7448650117412706e-07,0.001168534205731231,7.608674652054329e-05,1.9974147801860854e-05,1
0.04197860516428231,0.9566640726888663,3.344749957748919e-05,1.8189209419326605e-07,0.0012324285981224635,5.893270528038661e-05,3.233145177696336e-05,1
0.03822571222543693,0.9604814904780269,2.8340841542067795e-05,1.8914137926879313e-07,0.0011843784723763174,4.626882377706722e-05,3.36200174613401e-05,1
0.04183163565300708,0.9549148001325718,2.459847818691396e-05,3.5055135509259824e-07,0.0031761375508838324,4.781200220369589e-05,4.665631791848201e-06,1
0.03492235789929631,0.9630008977124452,2.41949638881924e-05,4.1246714431483516e-07,0.001973147152927537,5.4725293321666295e-05,2.426451097667623e-05,1
0.05074621930268802,0.9475574179809202,2.7703146276057648e-05,3.255875963179883e-07,0.001614337163231591,4.781546330602913e-05,6.181355981859325e-06,1
0.02232626019122556,0.9758858058055799,2.2629116965439944e-05,2.971409948406876e-07,0.001727433211454198,3.27228956862234e-05,4.851638093547971e-06,1
0.0012370277740363165,0.22713956029604868,7.462664085973586e-06,1.1347161382829946e-07,0.7716035701676474,1.1351173320379655e-05,9.144532474827527e-07,4
0.001582583756280476,0.32218608386182174,7.916556461540175e-06,2.4209150907397624e-50,0.6762051861128066,1.692187643230155e-05,1.3078361974735036e-06,4
0.004456469922011444,0.9709852247105767,2.5362426294564463e-05,4.958732250824355e-07,0.0244755048367865,5.334665507672e-05,3.59557602893591e-06,1
0.005051775102815064,0.9777423486974381,2.674629047301863e-05,4.0432470106788293e-07,0.01713468227009774,4.087071968306556e-05,3.1725947919855497e-06,1
0.04891862206775826,0.950006479864895,8.3972778727024e-06,1.7369967073896117e-07,0.0010426789101506562,1.911475602236905e-05,4.533423630405125e-06,1
0.1875164044484792,0.812004907746079,8.27198921764853e-06,1.4187359438624882e-07,0.00044481548907251696,1.4634939296693718e-05,1.08235142605063e-05,0
0.17837660867907038,0.8211586172470902,8.916810938194407e-06,1.7510946033668724e-07,0.00043017808294843455,1.745185830879143e-05,8.052212183459362e-06,1
0.10645220482370778,0.8929709597739182,1.0521719194730555e-05,1.7367389973323296e-07,0.0005413088827617935,1.987607517580988e-05,4.955051341948045e-06,1
0.10575476447295389,0.8927729015854903,2.7461069562788662e-05,1.7253604462025208e-07,0.0014197354963006944,2.0042252196507935e-05,4.922587451212714e-06,1
0.0422048056079216,0.9575285710261293,1.8478039776970144e-05,1.1705315676191658e-07,0.00023057543782378814,1.3597057447930607e-05,3.855777743655572e-06,1
0.18377285995185227,0.8140022756576157,3.791480140775203e-05,1.2356426625631034e-07,0.0021604527586434863,1.781369323452867e-05,8.559572979952402e-06,1
0.2817311163598455,0.7133725786478321,3.582580900556532e-05,1.3678031344736004e-07,0.004816824958241452,2.5402425850141637e-05,1.811501891180155e-05,1
0.2819701352589023,0.713977799436252,3.6350391694141575e-05,1.3689635700106915e-07,0.00397202365210759,2.5423977107732643e-05,1.8130387579390122e-05,1
0.12404107491426188,0.8723017678985263,5.223598526875766e-05,1.7767605269421667e-07,0.003560863796962204,3.802694296824762e-05,5.852785959671397e-06,1
0.10162957084253409,0.8886437972947739,5.8858810945919626e-05,2.384820236097605e-07,0.009600113975973585,4.546260097420137e-05,2.1957992774772485e-05,1
0.04008417723957231,0.9439108588316452,2.5682084493873943e-05,1.117232695707308e-07,0.01592621166445189,3.308270902535334e-05,1.9875747541931736e-05,1
0.026959014679109383,0.9700025311691948,2.1376523426025596e-05,9.703479152546554e-08,0.0029745430956518958,2.6389115025375886e-05,1.6048382801011334e-05,1
0.0825446523202131,0.9158281471319457,3.8084349157340976e-05,3.187147700045927e-07,0.0014916565240731697,6.564293763418566e-05,3.149802220620886e-05,1
0.15937748431403703,0.8391567493001931,2.662773323743109e-05,1.6515378009530666e-07,0.0013688819203184063,3.978368676590305e-05,3.0307891667999432e-05,0
0.15097132243271322,0.8476668222645161,2.873514396984432e-05,1.7224335370655436e-07,0.001246420179766603,5.4918813973411675e-05,3.160892170714238e-05,0
0.1764209833943956,0.822400334938069,3.435674502673883e-05,2.3803686089996888e-07,0.001035278296972929,7.101585428649289e-05,3.7792734388319295e-05,1
0.17577431888486128,0.8230445200619972,3.4383656620901165e-05,2.061015018854167e-07,0.0010360892291305453,7.265972849977554e-05,3.782233738852644e-05,1
0.10295952245391775,0.8956691966079535,3.1839593812287466e-05,1.6863995207351673e-07,0.0012759827685537872,4.5626645892071686e-05,1.7663289918442223e-05,1
0.12064000053677401,0.8779294754296418,3.368092160465314e-05,1.7839263398544315e-07,0.001314128217089417,6.385171982671468e-05,1.8684782429407878e-05,1
0.045291607042615895,0.9536170322881059,3.4165943350601555e-05,1.7788106630506458e-07,0.0009878588282060449,5.0298403502662224e-05,1.8859613152304114e-05,1
0.051063074205230846,0.9474740265448697,2.753112420281822e-05,1.9294980229530103e-07,0.0013657977634458955,5.035912720211273e-05,1.901828524662296e-05,1
0.038540111081863136,0.9594252495848339,2.717122146757636e-05,1.821249426274622e-10,0.0019351941175272695,5.542508900062428e-05,1.6848723182498632e-05,1
0.03855133098756101,0.9595521658127747,2.7174815774624983e-05,3.268680163066465e-07,0.0018046251781109691,5.5432420831042845e-05,8.943916931616026e-06,1
0.052127777392373044,0.946261199424298,3.940788060124537e-05,4.1695445593153814e-07,0.0015039272437779505,4.814175658536201e-05,1.9129347908265947e-05,1
0.04164410644017499,0.9569704949316101,2.5287006053517114e-05,3.235040206249377e-07,0.0013021702797299754,3.9526857826583266e-05,1.809098058413136e-05,1
0.04156416204237047,0.9570901774856774,2.308561291298293e-05,3.672741050766478e-07,0.0012758399489808511,3.9185533136997926e-05,7.182102816152849e-06,1
0.017660205387721905,0.9804176971784145,1.9547227459399627e-05,2.8286458489130867e-07,0.0018664047226162963,3.137423522304951e-05,4.488383980069727e-06,1
0.010444044757535471,0.9805649448498795,2.34072194062668e-05,3.6537848795174043e-07,0.0089166387626101,4.395997484897885e-05,6.639057231737996e-06,1
0.010029438542038912,0.3859923858009129,1.3802315100579861e-05,6.420075077358917e-08,0.6039501875750978,1.2854181976984108e-05,1.2673841223182611e-06,1
0.0019355037381991102,0.19713864923493116,7.748829359640545e-06,3.604327671699461e-08,0.8009101149042115,7.235721323600947e-06,7.115286982942027e-07,4
0.0016458207685426743,0.1996545104785751,4.786446584476743e-06,2.977977783335503e-08,0.7986874298903326,6.7390713914409675e-06,6.835647957299033e-07,4
0.0019670497985815206,0.22393098168166595,5.704376143506254e-06,3.5490849262256546e-08,0.7740865911841766,8.822811896926953e-06,8.146566862249149e-07,4
0.00145325203482865,0.28904180412249814,6.457850969208596e-06,4.017873463116751e-08,0.7094859896080208,1.153394257706859e-05,9.222623716177566e-07,4
0.0014404733529118944,0.2504930511297905,7.467854890642378e-06,1.5555242861170925e-07,0.7480465533236446,1.1381860888464738e-05,9.169254453340855e-07,4
0.0064605700626973106,0.9696533024045308,3.2443850422793574e-05,6.427181693166117e-07,0.023778621941995124,6.908005206633448e-05,5.338970118186747e-06,1
0.11738932799764816,0.8825174878227183,7.061990787141921e-06,1.8673255571041247e-07,7.045378344267889e-05,5.063078715875873e-06,1.0418594131889065e-05,1
0.0623535971726938,0.937425219981152,1.4215105680124794e-05,1.491873264350126e-07,0.00018720791468269905,1.5354208090283834e-05,4.256430374333308e-06,1
0.051174133413581326,0.9485899410633049,1.336185015539103e-05,1.4023242216870705e-07,0.00020337149815236537,1.4432578439702754e-05,4.619363944179045e-06,1
0.04117701686298675,0.9584023730821019,9.668846689449139e-06,1.4566563907166406e-07,0.0003865480516877567,1.636694971380916e-05,7.88054118142105e-06,1
0.04066716751250169,0.958647787429118,8.667195987712823e-06,1.3207282209187476e-07,0.0006547266577084158,1.565455999236323e-05,5.864571869764865e-06,1
0.060495537798202104,0.9388362330654934,7.580659777484087e-06,1.3671957451557814e-07,0.0006404057027853453,1.6205338444995375e-05,3.900715721905038e-06,1
0.04889604995457678,0.9503163561029061,7.844924274205659e-06,1.5085968247154462e-07,0.0007577845927098628,1.757834038558689e-05,4.235225465032447e-06,1
0.2253577794388994,0.774201525067459,9.137714035392295e-06,1.4926581261596012e-07,0.0004075772447193067,1.6301301774798742e-05,7.529967299480281e-06,1
0.11548264272150165,0.8839589109230738,1.034958813108705e-05,1.708326650894526e-07,0.000523207562882293,1.9844383036948884e-05,4.873988709301009e-06,1
0.1751217927815123,0.8225458859303678,3.681859875382491e-05,1.3597940623703324e-07,0.0022710747875929606,1.6320381534000356e-05,7.97154083277988e-06,1
0.1222434319596353,0.8728623127051064,6.149740997180711e-05,2.2812897346222005e-07,0.00477989166856568,4.036323650739893e-05,1.2274891240151398e-05,1
0.093781003179992,0.8966678871370747,5.858720919299154e-05,2.674913395869104e-07,0.009418230649360882,4.9395336635518124e-05,2.4628996404252247e-05,1
0.07906539744210425,0.9165247410552385,2.6255345092993046e-05,1.385588093830033e-07,0.004324546981700525,3.4270784252415066e-05,2.4649832801963544e-05,1
0.04131544933456933,0.9538194614918798,4.046225189534241e-05,2.055312581202572e-07,0.004782128959252654,3.10565827754898e-05,1.1235848369203584e-05,1
0.0657391838722819,0.9263789053170961,3.7129721094530505e-05,2.2919394991706257e-07,0.0077746656756121895,4.723538353283735e-05,2.265083643256423e-05,1
0.557478970194749,0.44106480247404134,2.6044399112400105e-05,1.7512943447544554e-07,0.0013625500365236592,3.892227342689359e-05,2.8535492712341955e-05,0
0.6223596071463263,0.3762853084783367,2.7247812509840057e-05,1.5301356512399938e-07,0.0012679869955903194,3.161655118629092e-05,2.8080002485176773e-05,0
0.2853996098905577,0.7126421886510892,3.854332465641192e-05,2.2592036894712303e-07,0.0018085820016829155,6.939085138267002e-05,4.145936026225083e-05,0
0.12421837970551375,0.8747496785418738,3.750530640249402e-05,2.079538103567455e-07,0.0009150798582776494,5.538820976878048e-05,2.3760424353031992e-05,1
0.06166679891951386,0.9366472233785113,2.678748755809996e-05,1.8454658444725348e-07,0.001603647514388594,4.8196815826910216e-05,7.161337617019581e-06,1
0.042499226941531985,0.9559131514672374,3.8729097021208594e-05,1.8957381121507218e-07,0.001493801573896292,3.620483818546964e-05,1.8696508316248345e-05,1
0.03886051774596584,0.9594795983295528,4.0201430244338234e-05,4.230123953300108e-07,0.0015622709945942318,3.7581208671704026e-05,1.9407278576021188e-05,1
0.03383340052951829,0.9641799229582375,2.654953413959816e-05,3.6223720804373996e-07,0.0018703756137912115,5.864131241524877e-05,3.074781469002803e-05,1
0.054229256575029076,0.9445574424675774,2.4428805242292507e-05,1.5109226253207816e-07,0.0011213854580783555,4.063149283889031e-05,2.6704108971531597e-05,1
0.020144635158070884,0.9779834552011106,1.949869438848657e-05,2.8216227112400654e-07,0.0018154074882846994,3.129633732238376e-05,5.424958551697685e-06,0
0.016083836587014122,0.9509212819588743,3.39665555079333e-05,5.323254506083878e-07,0.03288350965776036,5.6810180938520324e-05,2.0062734454248682e-05,1
0.002447861261549076,0.5014623222186428,1.1487890759239102e-05,9.356197722040833e-08,0.4960583638008761,1.8399989738252758e-05,1.4712764573218715e-06,1
0.004570524100099937,0.9747764826102545,2.3241671906828397e-05,4.5440931679382717e-07,0.020576780162832566,4.92221242990651e-05,3.2949212906532927e-06,1
0.09444842962782346,0.9054903792426144,6.273417442363856e-06,1.866967052032728e-07,4.503273472451633e-05,4.4977127959539184e-06,5.200567894125977e-06,1
0.10599945378799108,0.89392202315829,7.3732797897135554e-06,2.087987443103328e-07,5.24015793907011e-05,5.286256679556641e-06,1.3253139114723367e-05,1
0.04951143179951654,0.9502762772155636,1.2673433218700829e-05,1.4457471299847484e-07,0.00017910377448933902,1.6244373570971614e-05,4.124828927980627e-06,1
0.05010811688295132,0.9495110702257785,9.555442273764416e-06,1.4431426792618057e-07,0.00034848988270822076,1.621511003683538e-05,6.4081419831919834e-06,1
0.33420804191711395,0.6651735009522045,1.0098010674054726e-05,1.778993662741418e-07,0.000583102755904281,1.92183226558663e-05,5.860142080912107e-06,1
0.3232394579185126,0.6762200328334701,9.233262597701604e-06,1.7453682065639665e-07,0.000509213884079709,1.7579347656453097e-05,4.308216862721189e-06,1
0.09042850279361757,0.908058134820399,5.451315467748253e-05,2.7251695928877083e-07,0.0013731708362430771,5.8473504573889636e-05,2.6932373529857207e-05,1
0.6767452506571902,0.3216377569234793,3.709363279543024e-05,1.890328630048229e-07,0.0015054653468076279,4.5664618533114764e-05,2.8579788331268664e-05,1
0.7359086494948522,0.26288506794540584,2.2313452201593094e-05,1.1915673659972992e-07,0.001137304313959413,2.467880786679469e-05,2.186682897777395e-05,0
0.7831708134790261,0.21608518127071977,1.722792728629795e-05,9.475224185216172e-08,0.000676607075077703,3.2687212560581116e-05,1.7388283088029716e-05,0
0.6352210550243165,0.3637444624322809,2.67082901760842e-05,1.4073901975085176e-07,0.0009590550079468445,3.7500680819718286e-05,1.1077825440119633e-05,0
0.4673514932373673,0.5315723735700508,3.17040822168516e-05,1.6712563775205998e-07,0.0009822257641996575,4.4531539364327084e-05,1.7504681163170052e-05,0
0.09059762786233375,0.9080474132007507,4.132666725011818e-05,1.6938082757199066e-07,0.0012318744836571835,6.363001899714912e-05,1.7958386183419895e-05,1
0.07180688531626385,0.9267141570632333,4.3328023531955236e-05,1.8995910603225126e-07,0.0013804267084177762,3.627842185412228e-05,1.8734507593191875e-05,1
0.13773826515202423,0.8609408089366816,4.9351669696328655e-05,1.7431541550752817e-07,0.0012111078823881648,4.179961315982859e-05,1.849243063448877e-05,1
0.05621090812661861,0.9426216364722343,2.5932478507358843e-05,2.1746655269832293e-07,0.00110102838650083,2.9376452058091587e-05,1.0900617528150928e-05,0
0.01855239965283784,0.9658505968454512,4.733834963984541e-05,3.2280863290203104e-07,0.015484635535898164,5.269055019432083e-05,1.2016257345710161e-05,1
0.014899495382625742,0.9448138350299468,3.25652790395751e-05,1.8167427826408337e-07,0.04021683604311557,3.294581496158783e-05,4.140776032468333e-06,1
0.0011828881233024449,0.2578784116168638,5.4734210145294364e-06,3.332083447882043e-08,0.7409251874568961,7.3482759996276915e-06,6.577850889903383e-07,4
0.0007279708577428477,0.13049990586728238,3.278713846266127e-06,2.2136884815183345e-08,0.8687622405498796,5.9952030112771685e-06,5.866713526606822e-07,4
0.0008703694676581444,0.1343527599481569,3.37551396224057e-06,2.2790449937941068e-08,0.8647672027187191,5.665568929133029e-06,6.039921246582469e-07,4
0.005427496841961995,0.9808124590286101,1.9972662113297713e-05,4.315157679492677e-07,0.013677894866813266,5.8402110815441486e-05,3.342973918007438e-06,1
0.004570524100099937,0.9747764826102545,2.3241671906828397e-05,4.5440931679382717e-07,0.020576780162832566,4.92221242990651e-05,3.2949212906532927e-06,1
0.0029586197376544675,0.8955980338641035,4.968240288304778e-05,1.2274983939830477e-06,0.10124580438468934,0.0001398878470972729,6.744265178279639e-06,1
0.0828025478466208,0.9171244088181688,7.543537852702295e-06,2.0508776294504816e-07,5.4641073854595536e-05,4.940772011413819e-06,5.71286372884228e-06,1
0.042107209405262434,0.9577700876055202,9.916777278871585e-06,1.2959317687956334e-07,9.682166977361599e-05,4.3925321109679584e-06,1.1442416877030134e-05,1
0.05604046584973933,0.9435718755581242,1.2206012492458663e-05,1.4225453573522688e-07,0.000358106140753991,1.2518210432587631e-05,4.685973921784505e-06,1
0.053810185818908826,0.9458386172749703,8.787606511705982e-06,1.2968994974645434e-07,0.0003211272064742057,1.5393640564511512e-05,5.75876262070928e-06,1
0.06660732243322928,0.9325806382609083,8.572254470407067e-06,1.6684066702328934e-07,0.0007646852756480832,1.8073012997948598e-05,2.0541922078857494e-05,1
0.40900549327476127,0.5905088142997604,9.213802988667361e-06,1.741689747020426e-07,0.00045485978046409066,1.7145535992108444e-05,4.299137058600363e-06,1
0.2532092499175928,0.7467155035271311,6.785396504924982e-06,1.1097084172987746e-07,5.2557511469321274e-05,1.2626627695318766e-05,3.166048764825996e-06,1
0.028407403033167966,0.9713743593504859,2.1554867011462933e-05,1.3068740811056507e-07,0.00017918093578718288,1.3642554736638987e-05,3.728571402872987e-06,1
0.11689010471653397,0.871504440752425,2.673315703502563e-05,1.484425841186575e-07,0.011546299476903896,1.7382332451429044e-05,1.4891122066646159e-05,1
0.03410844979316359,0.961858652163169,2.2547967368434132e-05,9.751315466219034e-08,0.003968078872498015,2.604619235876407e-05,1.6127498287481335e-05,1
0.6830045490841555,0.3160117999582637,3.081905334716249e-05,1.297381367707423e-07,0.0009062861988151438,4.065266634200247e-05,5.763300939811935e-06,1
0.8670191265018119,0.1324536184873481,1.1980451375345862e-05,6.003665804653363e-08,0.0004953253878179205,1.5012304567558102e-05,4.876830421059719e-06,0
0.8664186283816955,0.13317094383845293,1.0844735637050334e-05,5.7912298649397296e-08,0.0003810798505232619,1.543104841167623e-05,3.014232981118178e-06,0
0.13644142180943414,0.8617504671664583,2.5195937061722784e-05,1.5283727989507614e-07,0.0017381812717670168,4.119800784336818e-05,3.3829701555636025e-06,1
0.059862910048763616,0.9378201742006366,2.8770947877993144e-05,1.8399164232764134e-07,0.0022313161838513843,5.250617051565605e-05,4.138456712329442e-06,1
0.06721693214371392,0.9309161146434498,2.415017138666778e-05,1.9249751411969795e-07,0.0017876690887675649,4.7471581405859715e-05,7.469873762102384e-06,1
0.09501462963510815,0.9036081837314025,4.171914296684742e-05,1.7558256691845954e-07,0.0012802004513471927,3.646459890961634e-05,1.862685769879526e-05,1
0.10085035997546321,0.8977564637486005,5.415410930007138e-05,1.8026767526787782e-07,0.001282419054586086,3.7298962124741505e-05,1.912388225003433e-05,1
0.10125436059409446,0.8975290594523572,3.7964326139739304e-05,1.9444807580035018e-07,0.00109940352653504,5.915878235146493e-05,1.9858870446504028e-05,1
0.032154525376735396,0.9659686958930295,3.863921566934636e-05,0.0,0.0017495703481203973,5.9509199177440074e-05,2.9059967267912858e-05,0
0.036975411733945286,0.9618150936218814,2.9813562184553864e-05,1.5481918077538685e-07,0.0011402023814283267,2.770069806534931e-05,1.1623183314416888e-05,1
0.01670998740996741,0.7511844853420324,3.1362743909711374e-05,1.7191586598517722e-07,0.23204181709933383,2.82571295921837e-05,3.918359298159348e-06,4
0.0010347430315485009,0.2258860363904454,4.049360164986085e-06,2.9147728008361228e-08,0.7730672270633214,7.245950062796797e-06,6.690567288151406e-07,4
0.0011507602911806924,0.22613987984318532,4.186159936913275e-06,3.0132427413027084e-08,0.7726958019228941,8.649990864071258e-06,6.916595115213274e-07,4
0.001765049497020749,0.34536197773211286,6.071314922336399e-06,4.601839681018999e-08,0.6528525888214545,1.3210310159587638e-05,1.0563059332209631e-06,1
0.0051145701781417155,0.9869944089740951,2.1821360161041117e-05,5.505317511106126e-07,0.007810733722971833,5.4758275014609853e-05,3.156957864549655e-06,1
0.004875490148772095,0.9847789660671573,2.1056279703246522e-05,5.271098697629724e-07,0.010272063803919073,4.8850319066472504e-05,3.0462715118006575e-06,1
0.005561753830927918,0.9810375560998206,2.4606390955261723e-05,4.79866876825162e-07,0.013315962499474185,5.6188781284190444e-05,3.4525306609873006e-06,1
0.004613696636471114,0.9839840859895561,2.4184157047015818e-05,4.587016041392225e-07,0.01132456140100769,4.968706965435193e-05,3.326044659909301e-06,1
0.00512350186276983,0.9741738772295945,2.8296257095872266e-05,8.860296019231601e-07,0.0205856285273624,8.381433903813666e-05,3.995754537316591e-06,1
0.0025766956740591353,0.9265415927948483,3.6837968605093146e-05,1.318235291467425e-06,0.07056042059695161,0.0002772314475218741,5.9032827223944095e-06,1
0.0026786248228668898,0.883614385196562,3.673585523449961e-05,1.3145811961428399e-06,0.11342364053791973,0.00023941208716084854,5.886919059598223e-06,1
0.002133757855052063,0.8061410825440117,2.437071603965594e-05,8.954687205048103e-07,0.191616852818849,7.850688071767679e-05,4.5337166092361036e-06,4
0.05335942649564875,0.946564528273114,6.241593344586913e-06,8.9509628908527e-08,5.9508028814959384e-05,3.952746975912738e-06,6.253352472805501e-06,1
0.0759387875605837,0.9240000626839812,7.756832945056688e-06,2.0696583016702541e-07,4.320658301968478e-05,4.9860165537144016e-06,4.993357086623985e-06,1
0.07512334009582682,0.9248166611166946,6.5549212464644255e-06,1.9507424953387303e-07,4.3115325377904324e-05,4.6995363272979055e-06,5.4339302774090705e-06,1
0.05431308982982206,0.9451829838458057,1.1828753387290557e-05,1.397864519718112e-07,0.0004708861917285451,1.2876870966551785e-05,8.19472183766044e-06,1
0.0645419693212662,0.9349905451348905,9.757788318400007e-06,1.5046169437837779e-07,0.0004322007878116229,1.785915752543849e-05,7.517348493349772e-06,1
0.16622518485048943,0.8336765312140951,7.750420495844548e-06,1.2634877839678502e-07,7.242599786994597e-05,1.4376379954456176e-05,3.6047883168638963e-06,1
0.20682604770989196,0.7929005786074268,3.494844504336795e-05,1.2881014032323318e-07,0.00021995505452504705,1.4666360876416396e-05,3.6750120960615876e-06,1
0.0800907104454025,0.8808324379586213,3.4367967560929385e-05,1.637422869492996e-07,0.03901270655093116,1.628941448261145e-05,1.3323920714502487e-05,1
0.08993854422821243,0.8933922514822034,1.8709976130854904e-05,1.449232838991612e-07,0.016611880260115827,2.3062938329721605e-05,1.5406191723675992e-05,1
0.1811493015588371,0.8056499238491316,1.3018883145534848e-05,1.1545108013634158e-07,0.013157001737943309,1.8365395576108583e-05,1.227312428638842e-05,1
0.06652791669594359,0.9325789889196501,8.47725526573673e-06,5.962917293761294e-08,0.0008618217299335799,1.5675668597288443e-05,7.0601014368278435e-06,1
0.05008348868497253,0.9490113027541087,7.786855589469103e-06,6.067985635965226e-08,0.000874474323795646,1.5702199193572115e-05,7.184502483700521e-06,1
0.026520750823601804,0.9725535563979554,8.215078232274874e-06,6.21851498849721e-08,0.0008961675283719065,1.3885257265902997e-05,7.362729422921654e-06,1
0.03835844333402517,0.9580161204063301,3.3183280582330506e-05,2.0643556404125349e-07,0.0035560585300413654,3.119322696259127e-05,4.794786494248108e-06,1
0.09919849240516374,0.8812731264745821,3.234278414659356e-05,2.5542076179661146e-07,0.01941793331344708,5.260681560772834e-05,2.524278629095388e-05,1
0.7462298302885444,0.2523447942101699,3.140490977369355e-05,1.60042561473267e-07,0.0013309523513823267,3.866143908825443e-05,2.41967584799439e-05,1
0.6733832662826748,0.325584233468066,2.6824442745468068e-05,1.1292213237402701e-07,0.0009699057455541214,2.729994371853903e-05,8.357195108785178e-06,1
0.8165138706730115,0.18306037954350157,1.2561959310738042e-05,6.359985158491985e-08,0.0003910065858040941,1.8680074930353637e-05,3.437563590069186e-06,0
0.8470144941379588,0.15255550010803845,1.1337532368760265e-05,5.11907227949375e-08,0.00039775558473883576,1.818965103885182e-05,2.6717951334491456e-06,0
0.5887524776200259,0.40952574562488403,3.048070873257667e-05,1.2848850253717186e-07,0.0016528642463271089,3.400635431236669e-05,4.296957215367418e-06,0
0.5194248033498609,0.4783984101246045,3.707315262295836e-05,1.5627831710372663e-07,0.0020886332260670955,4.626849494251197e-05,4.655373584993145e-06,0
0.08599877273532391,0.9138064111917608,3.36177424947279e-05,1.6947936437491494e-07,0.00011511435476273264,4.2470054910797594e-05,3.4444413825950233e-06,1
0.06506646925001114,0.9347243241203709,3.406671171149511e-05,1.7080469392891602e-07,0.00012615756421609873,4.5340172063323716e-05,3.471376932997956e-06,1
0.11047667310895876,0.8892948079834092,2.7880243379379767e-05,1.8086536235864115e-07,0.00015254080221352865,4.367297574939946e-05,4.244020927300818e-06,1
0.0881268488374516,0.9101273837762622,2.7012282545316775e-05,1.7556774508029576e-07,0.0016643434634983246,4.690767689586193e-05,7.3283956016384185e-06,1
0.13222090225803598,0.866437831576436,3.711682472511648e-05,1.8964153525697667e-07,0.0012180643140627817,5.649702359838098e-05,2.939836160659511e-05,1
0.14363479200055157,0.8551510019561165,3.8958974148940796e-05,2.1053875058505656e-07,0.001090811714885021,6.272261371465559e-05,2.1502201832690665e-05,1
0.19155687833173,0.8072028461773526,3.465771167380857e-05,1.9873388245366582e-07,0.0011440257352235963,5.2744796065171216e-05,8.648514072547715e-06,1
0.051359702875354116,0.9464340281195528,3.3280508301199606e-05,1.8800764575534786e-07,0.002120523866594254,3.8925381627552616e-05,1.335124092420944e-05,0
0.05137489950853209,0.9467140649956888,3.420469553505346e-05,1.8806327464467638e-07,0.0018243506464805388,3.893689911524802e-05,1.3355191373675404e-05,0
0.0446062433591395,0.9538862234665022,3.0461097552508388e-05,1.927306325968769e-07,0.0014358415472003872,3.3770525523657784e-05,7.26727344908895e-06,0
0.0066254876206038775,0.9861136749900536,2.1935044457665223e-05,3.48661259176793e-07,0.0071908909178573545,4.21303460388889e-05,5.532419729254487e-06,1
0.01852436371743106,0.7317944073058592,4.5906545477474846e-05,7.644689802592414e-07,0.2495317684199454,8.618624191060158e-05,1.6603300396277596e-05,1
0.004592513189065066,0.5998817607864598,2.084046476818463e-05,1.2844289221615787e-07,0.39547307617390987,2.8276951514802393e-05,3.4039913901715553e-06,4
0.0011027562755323514,0.20138505776617036,4.9177369632537405e-06,3.083728395121044e-08,0.7974984348060313,8.128860654285393e-06,6.737173644575456e-07,4
0.005624873067474431,0.9672929844588772,2.0133884941719088e-05,1.321911710330768e-07,0.027026187783038037,3.286193091185496e-05,2.8266835858141304e-06,1
0.0045411144204162025,0.9898032785094932,1.9643845453214404e-05,1.3999357282412315e-07,0.005604728517643133,2.8701305477528268e-05,2.393407943839193e-06,1
0.006042452665300763,0.9780091254203899,2.5619835454229062e-05,9.82209127617314e-07,0.01584284393509737,7.540771003451818e-05,3.5682245953863304e-06,1
0.002299675135790526,0.8272104296865112,2.6683249459332065e-05,8.474435565116552e-07,0.17037973974099394,7.893475824930446e-05,3.6899854390430924e-06,4
0.07624015844974655,0.9236851270390011,6.546901152235137e-06,1.9483557178258604e-07,5.7851706449215796e-05,4.693786338432788e-06,5.427281740955073e-06,1
0.07691676721488348,0.9227222593315327,1.1312067149494152e-05,1.3196952024744637e-07,0.0003318199957822207,1.3362243538173349e-05,4.347177593696989e-06,1
0.0668861387300213,0.9323911449958964,8.561630565228472e-06,1.529960995668494e-07,0.0006756044383846183,1.8134591063714157e-05,2.02626179691566e-05,1
0.11372436966641075,0.8851850958433439,1.0354970692709837e-05,2.2504323283976295e-07,0.0010499823187515873,2.340262243280593e-05,6.569535135182666e-06,1
0.12296854241218846,0.8761292108130131,9.574338586406046e-06,2.0097385345990756e-07,0.0008654275987842544,2.1958099111031372e-05,5.085764463276206e-06,1
0.1483806931672203,0.8511327052883972,6.527403149263506e-06,1.475981872937985e-07,0.0004601852190604496,1.5293695789915505e-05,4.447628195518677e-06,1
0.21062677832352214,0.7888300076479664,7.427489490046057e-06,1.561372751503837e-07,0.0005120885099741125,1.848096464345738e-05,5.060927128665987e-06,1
0.06865923869754544,0.9312402402373813,8.244593067646169e-06,1.3287172308863115e-07,7.42430264616682e-05,1.4109682914706687e-05,3.7908909061811713e-06,1
0.032434563250272434,0.9674556496218498,9.211270813535685e-06,1.3493031432233927e-07,8.128801922000765e-05,1.5303284076316465e-05,3.849623453678903e-06,1
0.036526112392657344,0.28748837082017875,9.98443057990711e-06,5.02994894555586e-08,0.6759652032276824,5.2330008056035186e-06,5.045828606526945e-06,1
0.022818451947588084,0.14181277123933186,4.787113186264426e-06,2.7032771102680908e-08,0.8353597914762136,2.5050356224086917e-06,1.66615528687308e-06,1
0.05396645252507233,0.9204606470431904,2.7662170566493686e-05,1.6446139615120283e-07,0.025505529018890926,2.546730068004563e-05,1.407748020387156e-05,1
0.05259614682876783,0.9455975552848067,1.5110605036948178e-05,1.7393946495035807e-07,0.0017540199871251651,2.1849971706932437e-05,1.5143383091716004e-05,1
0.2633229300220779,0.734632646261689,6.821327319858943e-05,3.955814628406837e-07,0.0018438165533868835,9.290368542627405e-05,3.909462275859036e-05,1
0.44874112126415544,0.5484214316391746,4.2087105654946535e-05,1.7734344790497824e-07,0.0027331821952827685,5.2744373542059774e-05,9.256078742230048e-06,0
0.4903734573035765,0.5094301155717256,3.4138593793262624e-05,1.439095840438569e-07,0.00011924466106532108,3.808733997772475e-05,4.812620277614414e-06,0
0.5028996124310037,0.4968886853861829,3.381097332421515e-05,1.4252851586892285e-07,0.00012367463576268335,4.672811570063446e-05,7.345929510038463e-06,0
0.343108273510791,0.6567016818005978,3.208487122505951e-05,1.3759622155913655e-07,0.00011606320461946383,3.633092176407658e-05,5.428094781059309e-06,1
0.09815106620763261,0.9016581958566114,3.060701160336033e-05,1.6666251181147378e-07,0.00011511133703885467,4.146573197954412e-05,3.387192622110407e-06,1
0.08027269382843388,0.919503166146919,3.351090675806097e-05,1.8634242465312544e-07,0.00013822178691667107,4.8433828021165416e-05,3.787160526448856e-06,1
0.10551553112100819,0.8942978251282662,2.532647663822658e-05,1.5522162892540902e-07,0.00011663724155135487,4.0606937602519865e-05,3.9178733045018585e-06,1
0.2591496191336358,0.7392477662882234,2.4527770125446823e-05,1.8362322341930078e-07,0.0015323071578807598,4.246174895386871e-05,3.134277957355586e-06,1
0.5272813036762131,0.471998726391944,2.3157106461257018e-05,1.0770459834205984e-07,0.0006622055207493945,2.3073646637645398e-05,1.142595339635925e-05,0
0.20766621153780343,0.7912126927460382,4.213349351045499e-05,2.17080169744259e-07,0.001020172784400977,5.009516533679928e-05,8.4771927403351e-06,0
0.13366081504417435,0.864119119006925,1.9912701944724048e-05,1.246283635755667e-07,0.0021719334463693083,2.5803241109189417e-05,2.2919311139858148e-06,0
0.006242841231896207,0.6387867387588957,2.3999796422731636e-05,1.4367156707656853e-07,0.35491960953130036,2.3606987239316542e-05,3.060022678683584e-06,4
0.005151240938645253,0.9690185054800856,2.621355677351322e-05,1.2193099585409042e-07,0.025774621498241026,2.6889560974675637e-05,2.4070342838965627e-06,4
0.005043591544666806,0.9854706806860858,1.8752722962322515e-05,4.313333471230013e-07,0.009409544221516339,5.388331294769765e-05,3.1161784741048622e-06,1
0.005808798504176176,0.9832857468910771,2.3301523677257648e-05,4.3024045170325134e-07,0.010824485674237598,5.386757209876812e-05,3.369594281365586e-06,1
0.00014207959815997167,0.05550732663279436,1.7110930593734343e-06,5.43432609273417e-08,0.9443419651149529,6.588933668795367e-06,2.742841037335419e-07,4
0.00014163257011941898,0.050116033997972015,1.7208640998695484e-06,5.4653583151082346e-08,0.9497345435797951,5.738484052531792e-06,2.7585037803425244e-07,4
0.04655908633603918,0.9533766939527347,6.476230327567084e-06,1.2100213205500184e-07,4.938317691430742e-05,4.101340543886292e-06,4.137961308338222e-06,1
0.07903691889082169,0.9208962976495062,6.90369599566828e-06,9.823695647961672e-08,4.849277335126497e-05,4.3720508471070075e-06,6.916702521712727e-06,1
0.08305455268660053,0.9168718996301349,8.498403120284765e-06,2.0564628631541995e-07,5.018824013085079e-05,9.693872589971027e-06,4.96152113748587e-06,1
0.13689392048746696,0.8629860992736348,1.0650512392618652e-05,2.6226091960107593e-07,9.051868976733983e-05,1.2221342829545225e-05,6.327432989193017e-06,1
0.052939064136798414,0.9466294116814885,8.31046456168457e-06,1.2426692552308398e-07,0.00040683229035486747,1.1196819560995626e-05,5.060340310345955e-06,1
0.07658183781489127,0.922981807983779,7.707999621760305e-06,1.3209831112353643e-07,0.00040712062531703087,1.3649459259538039e-05,7.74401882022445e-06,1
0.1596776516548768,0.839881456262462,6.156526031917582e-06,1.392118828206047e-07,0.00041607977098085774,1.4321653038398982e-05,4.194920727255966e-06,1
0.05312870695803998,0.9467822295802525,7.167168315772942e-06,1.1573946939221932e-07,6.610066277593051e-05,1.1867386789510283e-05,3.812504356911267e-06,1
0.2090843433414759,0.7906406709117164,3.4904461806142775e-05,1.2864803047966748e-07,0.0002228525873384415,1.3429662604486061e-05,3.6703870282330797e-06,1
0.05916851696266247,0.8890347848246637,2.8475912865934344e-05,1.5739079756354662e-07,0.05173802487686571,1.554843255385336e-05,1.4491599590630905e-05,1
0.05600760388711324,0.9431593321572196,2.6047203549120257e-05,1.9519453548216427e-07,0.000745648261258521,4.188256243979346e-05,1.9290733884279156e-05,1
0.7432231596184237,0.2560389388752427,2.927221368087754e-05,1.6048359350497915e-07,0.0006552518996955334,3.615656582535583e-05,1.7060343538465056e-05,1
0.782684711840988,0.2160764499586128,3.64442293284638e-05,1.534246577815297e-07,0.0011524019399541967,3.732890729193208e-05,1.250969916679457e-05,1
0.618195212532515,0.3816546805451676,2.6262668089795973e-05,1.068918133919232e-07,9.368444820049426e-05,2.5304558971112483e-05,4.748355242896212e-06,1
0.4278719141575423,0.5718718736900587,3.355601350568923e-05,1.6656220929207003e-07,0.00016041889847164917,5.337740192618455e-05,8.693276286407333e-06,0
0.1124034303042515,0.8873767828008454,3.1947458827651184e-05,1.7250421188021792e-07,0.00011876687646132856,5.21808806804573e-05,1.6719174721759837e-05,1
0.302950498258804,0.6968618291951542,3.290998399039097e-05,1.7524682382455222e-07,0.00011191627018640927,3.967977808185202e-05,2.9912669593872666e-06,0
0.4143123821322918,0.5847754372374379,2.8807612719343636e-05,1.3832472756575234e-07,0.0008414628635785635,3.7468909897251756e-05,4.302919347682808e-06,0
0.6345969998793116,0.36484977819018694,1.8684803550330414e-05,8.325445942524133e-08,0.0005146288416534933,1.5929964535952613e-05,3.895066302293081e-06,0
0.147051833090709,0.8504132118908648,3.7559422955515254e-05,2.3129866849665388e-07,0.0024308115412070585,5.504316919695155e-05,1.1309586398307871e-05,0
0.06306939371530187,0.9342587988261908,2.069860113937244e-05,1.43298783393442e-07,0.0026203149224279503,2.801535369882544e-05,2.635282457645397e-06,0
0.0292939773438293,0.9660917317170258,2.1258019279310806e-05,1.7993413411149014e-07,0.004554656805718779,3.463338088300482e-05,3.5627991296363057e-06,1
0.01844878111595637,0.9775048289494966,2.547867064442873e-05,2.15658969938885e-07,0.003975212429219646,4.121300432958235e-05,4.270171383493249e-06,1
0.006335365572086095,0.9816698630506963,1.9511683848145842e-05,1.696634257460624e-07,0.01192836495312005,3.6950296719772e-05,9.774780103979666e-06,1
0.005761810685551563,0.5510577894352755,2.244387744372183e-05,1.2472243700834208e-07,0.44313449515262326,2.049341452051708e-05,2.8427121484114072e-06,4
0.0051493376278856865,0.6979028708247411,2.3121233160707797e-05,1.42499607940564e-07,0.29689027266916246,3.047862320608096e-05,3.77652223617152e-06,4
0.0024002181506281722,0.3963189181722951,1.0663340539390877e-05,5.500946539734137e-08,0.6012566375045438,1.2245135674315692e-05,1.262686853742334e-06,4
0.005102102829189637,0.9636468926625491,1.964930998291886e-05,1.2375653617206535e-07,0.03120328987092431,2.528701477257591e-05,2.654556045350592e-06,1
0.004099188044434523,0.9750098078828081,1.7670183680123945e-05,1.3899228352088738e-07,0.020838301046703422,3.212219996742131e-05,2.771650122774881e-06,1
0.006550490615545146,0.9813155211354323,2.7151912833385786e-05,6.100335474747662e-07,0.012043694208905054,5.812489122874165e-05,4.407202507763911e-06,1
0.008788868215658576,0.9817209800544068,2.379468546651858e-05,4.1818663293621675e-07,0.009404233159560856,5.723777978688263e-05,4.467918487495571e-06,1
0.00010138180344595425,0.028420553263677824,1.8210694212197205e-06,4.02463356612173e-08,0.9714708339107042,5.1249193229427505e-06,2.447870920416806e-07,4
0.09720541466046943,0.9027304746573537,7.811032601323292e-06,1.8517531406198647e-07,4.6139567617261854e-05,4.946659256552359e-06,5.028247387811135e-06,1
0.09473379552981215,0.9052017906185956,8.247864639687335e-06,2.2006741209323132e-07,4.541316619083029e-05,5.223301200892221e-06,5.309452148810865e-06,1
0.08785974966374994,0.9120482861100594,8.512095525007882e-06,2.2711755290759374e-07,7.22739739054232e-05,5.471491972962351e-06,5.4795472344039e-06,1
0.14893202922470083,0.8509460115401086,1.1395368392933302e-05,1.6795804884242095e-07,9.110017763557624e-05,1.2544605400785198e-05,6.751125712442337e-06,1
0.10977127611607497,0.8901330115301536,9.897442648024326e-06,0.0,6.467899942895945e-05,1.3843003098822181e-05,7.292908595885977e-06,1
0.07711073935500103,0.9222684270816978,1.1157836098018567e-05,1.7283761929465565e-07,0.0005888954707930716,1.3569205136163447e-05,7.038213654835322e-06,1
0.08737292279091352,0.9119487797242477,8.805045522129751e-06,1.3183760191384085e-07,0.0006533789349170935,1.1638834695373805e-05,4.3428321022306834e-06,1
0.06760821666999717,0.9320271261441692,8.99890592105474e-06,1.347402660779381e-07,0.00033919000501428435,1.1895086537729004e-05,4.438448094412294e-06,1
0.12244369813274146,0.8769999776140224,7.984991769503511e-06,1.426915803595914e-07,0.00052361645919586,1.4678136478434015e-05,9.90197421194466e-06,1
0.10131150910922707,0.897839532520318,1.0253038857840556e-05,2.2159089402576653e-07,0.0008079056446774269,2.383230073446362e-05,6.7457952912404615e-06,1
0.18876965146187727,0.8105262109014784,8.781546195838434e-06,1.9856905885899658e-07,0.0006689277922601876,2.0428120843711907e-05,5.801608285821913e-06,1
0.16272521428362322,0.836730050202171,8.611327202826065e-06,1.7535503275331157e-07,0.0005126248575122065,1.803993945593206e-05,5.284035002051129e-06,1
0.13152505282986127,0.8680346566619981,6.960232132881605e-06,1.4173328975718843e-07,0.000414336596593307,1.4581046953506777e-05,4.270899171091484e-06,1
0.12172985838678152,0.8778075303650885,6.4584414680115475e-06,1.3576639238399166e-07,0.00043648428236508607,1.5132118674160432e-05,4.400639230545494e-06,1
0.1666785243681599,0.8331868506326898,1.2961503557210534e-05,1.408519633673367e-07,0.0001028004326833459,1.470364014240952e-05,4.018570803743017e-06,1
0.04952070255088893,0.880801644092151,2.7992293740357103e-05,1.580704541890647e-07,0.06962030095920609,1.4647855267588881e-05,1.4554178291727776e-05,4
0.009480306516674485,0.0908022675108961,2.9301316937496464e-06,1.7494742606809675e-08,0.8997113260473965,1.571966770978656e-06,1.5803318255848551e-06,4
0.0737441384992337,0.8050898809498338,1.633884759831285e-05,1.3387399737679526e-07,0.12112666943563168,1.1379117595308608e-05,1.1459276109709743e-05,1
0.29102688450337144,0.7070665752704504,1.6465915246500776e-05,1.4795330743563545e-07,0.0018539526779326515,2.330925019490368e-05,1.26644294969233e-05,1
0.14014349567851597,0.8576511817094472,1.699647405746939e-05,1.5438635762777552e-07,0.0021476669237108486,2.697304514282318e-05,1.3531782768144263e-05,1
0.7767346413865818,0.22204232870405133,3.212275333392184e-05,1.46188626629679e-07,0.0011420477998514624,3.3172462506555935e-05,1.5540705048091697e-05,1
0.47752344870805274,0.5222821827575038,3.5789905011937636e-05,1.508104779742827e-07,0.00010808686595372002,4.2469796886477076e-05,7.871156113309342e-06,0
0.35385797511359696,0.6458693365193506,4.662015275735807e-05,1.9032448653370248e-07,0.0001562789486030284,5.3049645871066387e-05,1.654929533453051e-05,0
0.4138152387640696,0.5859482619120453,4.167946337668372e-05,1.6662283724617526e-07,0.00013417125882126093,4.599361430327565e-05,1.448836454670309e-05,0
0.39531711777306777,0.6044671625822949,3.237982658597967e-05,1.4617174061105023e-07,0.0001354835188333773,3.868604594182008e-05,9.024081535460863e-06,0
0.42346693680323033,0.576345196774659,2.853196897647106e-05,1.4201218740752397e-07,0.00011699083070857685,3.494141629469354e-05,7.2601939434894615e-06,0
0.18385248777950655,0.815943861154287,2.8097569146156926e-05,1.659879701386633e-07,0.00010909011139752494,5.020977963257576e-05,1.608761805993221e-05,1
0.1715970291540439,0.8282238408913146,2.341796990971435e-05,1.6848609409906616e-07,0.00011090616451397441,4.068379376648509e-05,3.9535403572614936e-06,1
0.20886588809473877,0.7909341969398221,3.0476956783412038e-05,1.6636096243670325e-07,0.000124891975044997,4.0475998683980106e-05,3.903673964212428e-06,1
0.2625441797610868,0.7372531003965805,3.080361693294609e-05,1.8469803075676267e-07,0.00012675919738625344,4.1819741508813885e-05,3.1525884738413978e-06,0
0.3965597246808911,0.6032336779296638,3.90098104877773e-05,1.6420609782837545e-07,0.00012120916522087416,4.297456276410897e-05,3.2396448746568603e-06,0
0.1896841599917198,0.8100930222767684,4.2552613621206285e-05,1.7907954803812078e-07,0.00013226572472969976,4.4285152089219535e-05,3.5351615237389117e-06,0
0.014933159857028975,0.9805274902890028,2.681773916853226e-05,2.2699324018460903e-07,0.004464459318128686,4.335120699111532e-05,4.494596439728032e-06,1
0.011090042219275034,0.9709062688730288,2.6193992050318634e-05,2.458942819211407e-07,0.01791865091347842,5.293680633488176e-05,5.661301550566147e-06,1
0.006537983115856362,0.9836814260141881,2.6578594322009126e-05,1.7473162526336319e-07,0.009698550750973752,3.805407895908362e-05,1.72327140753729e-05,1
0.010335558983952931,0.7636077064297623,2.8937810787451925e-05,1.82435260723139e-07,0.22599453219626747,2.892402339054819e-05,4.158120578750256e-06,1
0.005821972211008051,0.9645290794525125,2.4037917905494835e-05,1.519358890131714e-07,0.029585650183659665,3.5849300792516656e-05,3.2589982328276393e-06,1
0.004360201602837362,0.9815600045068641,1.9428071751784874e-05,1.3480006484183114e-07,0.01402662057651223,3.0930725711637435e-05,2.6797162579762355e-06,1
0.005855368619449317,0.9650995241805653,2.0172359576852556e-05,1.913684848302222e-07,0.028970221155354955,5.070623073260832e-05,3.816085836126437e-06,1
0.007319034826185124,0.9778049211081858,2.619526120910826e-05,2.1163794987825705e-07,0.014784338415085014,6.109156012155271e-05,4.207191263290352e-06,1
0.005925412716812552,0.9813503771974071,2.9579593295681053e-05,1.2380292015575062e-64,0.012644521423235699,4.661946102765113e-05,3.489608221379998e-06,1
0.00015592161757155745,0.08369252429920081,1.7966013940097672e-06,5.284160242051981e-08,0.9161450713227131,4.346433100594601e-06,2.868844175135355e-07,4
0.00021697904155777747,0.12258261666928957,3.2974041996145496e-06,7.943643358890911e-08,0.8771875282346898,9.036263704648033e-06,4.629501248908432e-07,4
0.00016759557121328718,0.05634608747889899,1.772277041162836e-06,5.340088829955275e-08,0.9434788530771395,5.388856295660787e-06,2.49338523008575e-07,4
0.05069593719301961,0.9492894760154372,4.295005809112587e-06,8.160455737584259e-08,4.6535470140679025e-06,2.7659684506989097e-06,2.790665712004242e-06,1
0.0864463172458255,0.9134791588442005,7.370344853950045e-06,1.1995230465373418e-07,5.802223021658267e-05,4.126740285542844e-06,4.88464231333568e-06,1
0.1206073487232721,0.8793087732414657,9.438208344075977e-06,1.5360676672642586e-07,6.274655570937023e-05,5.284560677777608e-06,6.255103764221218e-06,1
0.10080184719715807,0.8991340852757366,6.798181129962616e-06,1.7975692334398789e-07,4.665208431628214e-05,4.801915705088297e-06,5.635589030659964e-06,1
0.11279018483812012,0.8871456563957193,8.205222347221676e-06,2.189296413660682e-07,4.517837553905568e-05,5.2742368876497225e-06,5.282001745433416e-06,1
0.12444325439505112,0.8754574773449036,9.547775335972063e-06,1.5290968839074e-07,7.728410595736213e-05,6.137216852999389e-06,6.1462522105433056e-06,1
0.11670247985798382,0.8832094987644535,8.197946427473621e-06,0.0,6.58487733312768e-05,6.560510083941135e-06,7.414147720119699e-06,1
0.09776844281878787,0.902129529319635,8.60501043203586e-06,1.6077633993339256e-07,8.193229817269396e-05,5.659213808755986e-06,5.67056282383277e-06,1
0.15434876828213828,0.8451757776145334,1.1349175326777786e-05,1.956968828176327e-07,0.000437210231312003,1.5956701975468257e-05,1.0742297830962761e-05,1
0.07789111765836586,0.921799867939126,1.0865148348228355e-05,1.6268344088266334e-07,0.00027747707857791456,1.586800713181616e-05,4.641485008953917e-06,1
0.076188731103643,0.9232522598736305,9.038049489690089e-06,1.5546243177388077e-07,0.0005303250302552744,1.3159811251153535e-05,6.33066929867545e-06,1
0.0870398953289429,0.9125700910872374,8.101181986833202e-06,1.3658221264279732e-07,0.0003631279370924373,1.3322115099952373e-05,5.3257674278521384e-06,1
0.08545902684007356,0.9142014189181101,7.86334298562879e-06,1.3256874469801314e-07,0.0003149401612140607,1.2251252363524826e-05,4.36691650841165e-06,1
0.08749018309129576,0.912223386178052,9.234994255603384e-06,1.3534744578863932e-07,0.0002581892766114318,1.4412663278017249e-05,4.458449061520142e-06,1
0.09134904480190705,0.9081412314458671,7.705630245073394e-06,1.4851008815294207e-07,0.00048009748359001674,1.760286520450153e-05,4.1692630983642155e-06,1
0.07794124388183254,0.9214482215567821,8.031674578843428e-06,1.5302819460694503e-07,0.0005799153591892027,1.8138395281135096e-05,4.296104141605375e-06,1
0.18473425209095806,0.8146609551112733,8.514010705400201e-06,1.9251952391800006e-07,0.0005699617704469583,1.9357808827556985e-05,6.766688264550988e-06,1
0.12332168211938435,0.8762315546189027,6.8158953474336415e-06,1.430716848366011e-07,0.00041824919936327793,1.5743568411553667e-05,5.811526905863226e-06,1
0.1010234434315525,0.8985178143118814,7.199197228123655e-06,1.3628754796473154e-07,0.0004317990350517257,1.5190205126609961e-05,4.417531612036601e-06,1
0.11049520240043231,0.8889360630956199,9.888116326914502e-06,1.7136820243562303e-07,0.0005333556583396823,2.0430093072770376e-05,4.889268006016757e-06,1
0.046263602869088614,0.9536338710551742,7.157128661563718e-06,1.2771117783618505e-07,7.728798440904566e-05,1.3746394273418063e-05,4.2068572154648e-06,1
0.16170621346754302,0.8381604984905323,1.2469488594517494e-05,1.4157774794233793e-07,0.00010185829248490606,1.4779405328471562e-05,4.039277768936684e-06,1
0.006578895751739686,0.04160717286235269,9.307075614527257e-07,7.052065397179486e-09,0.9518118133344682,5.880746038572384e-07,5.92217208607335e-07,4
0.13487424005510806,0.8639656572485407,3.317311286053578e-05,2.463751324908482e-07,0.0010681167926083557,3.421759315168295e-05,2.434882259815747e-05,1
0.1763729009013637,0.8206593712228072,2.887634508360861e-05,2.4140791610166084e-07,0.0028872397572219095,3.035309643315988e-05,2.1017269174328117e-05,1
0.188400230966307,0.808372263433201,2.8653729631964e-05,2.396570254048938e-07,0.0031476378760868628,3.011909631120138e-05,2.085524143653677e-05,1
0.686152864998763,0.31286956598256344,2.2562229603207844e-05,1.236471096776312e-07,0.0009136812885041987,2.8057443348281057e-05,1.314441010802271e-05,1
0.7927433731875294,0.20716487642274722,1.4532449518304779e-05,5.951690220234089e-08,5.54151777834765e-05,1.9526674380067217e-05,2.2165711393436007e-06,1
0.4665030536173101,0.5332726527387412,3.0754019192454115e-05,1.5242172042097998e-07,0.0001381152229859281,4.2158184880712395e-05,1.3113795169099351e-05,0
0.40923817556036657,0.5897599101806794,1.7764215856489358e-05,1.6666698705918285e-07,0.0009060499396247165,6.177982621892628e-05,1.6153610267032305e-05,0
0.20289477447292745,0.7969288022271986,2.593758716464519e-05,1.6826291784497166e-07,0.00010543039754422979,4.093874873948878e-05,3.9483035077038895e-06,0
0.34268391198439413,0.6570809176760798,3.734889414948459e-05,1.8337880600514467e-07,0.00014546866837121915,4.7992273810148665e-05,4.177124389117464e-06,0
0.30937730107578465,0.6903900906114719,4.080734397298157e-05,1.8793092445993493e-07,0.0001387217087198791,4.9183613856786305e-05,3.707715269213015e-06,0
0.21149683419024937,0.788270271984945,4.180187570354303e-05,1.7435780513054235e-07,0.00013831259066959434,4.9165071311570914e-05,3.4399293157672954e-06,1
0.2957091299564458,0.701209754845217,2.435675029722315e-05,1.4431610752165583e-07,0.003027266141307559,2.605869351103919e-05,3.289297113684672e-06,1
0.06629270683661463,0.931201717718363,2.414873258728378e-05,1.4282988119628078e-07,0.002449741719964906,2.7923681874455788e-05,3.618480714614404e-06,1
0.005405278421988871,0.972160718276415,1.9949413151718185e-05,1.731730401505788e-07,0.022373146290856898,3.728117472782007e-05,3.4532498196025524e-06,1
0.005680358944920503,0.9746504574552227,2.04540675152411e-05,1.7554399032663294e-07,0.019601413315357294,4.364014397139493e-05,3.5005290223042337e-06,1
0.005413157910931808,0.979357649328017,2.102202534725746e-05,1.458595796907422e-07,0.01517741838011862,2.7706925537776867e-05,2.8995704678442393e-06,1
0.0038634395361368755,0.9878883505634873,2.020228394166187e-05,2.979480333922267e-07,0.008193562062721213,3.177642091303988e-05,2.3711847665614916e-06,1
0.0761861180730312,0.9237974848483033,4.919709259903846e-06,9.727495320824255e-08,4.652105101620688e-06,3.2971130567869653e-06,3.4308762942436336e-06,1
0.05577026515510924,0.9442149410097045,4.187926218723858e-06,8.280577274883466e-08,4.7537716144720395e-06,2.84878159919109e-06,2.9205499810657265e-06,1
0.08955023195891393,0.9104274335219208,6.0387251836170515e-06,1.1473500098134686e-07,8.245451310540263e-06,3.888917520178354e-06,4.046690149973445e-06,1
0.0782038728927977,0.9217743003581931,5.830903360074529e-06,1.1100870663145113e-07,7.545339588184747e-06,3.819052105955142e-06,4.520445248016942e-06,1
0.11502022281183688,0.8849119532789269,8.688238906415107e-06,2.318173655011608e-07,4.783788951434878e-05,5.473026278232617e-06,5.592937171771598e-06,1
0.13565437110179335,0.8642748499875017,8.555847081993791e-06,2.156989764342874e-07,4.916430106007724e-05,5.891676725512118e-06,6.9513868608907604e-06,1
0.12921612918965253,0.8706922584750005,9.913969039818094e-06,1.8352003243138486e-07,6.874318690845635e-05,6.3896748742926805e-06,6.3819844918917095e-06,1
0.09207182062701562,0.9078599381688182,7.513931536545404e-06,0.0,4.803887977808288e-05,5.892861938351976e-06,6.7955309129754456e-06,1
0.14243660148853776,0.857121175166294,1.0778832206535513e-05,2.0139210807591634e-07,0.0004173500803178577,6.7899642897101505e-06,7.1030762458065676e-06,1
0.19475548249874916,0.8048775872666664,9.854192987594686e-06,1.7166097353967947e-07,0.0003367646791031292,1.40852389339751e-05,6.054462586101411e-06,1
0.2051493270227387,0.7943916504839086,1.0859861572189303e-05,1.8917981536742833e-07,0.00042418732900027393,1.7113772863534513e-05,6.672350101305421e-06,1
0.1043832205864924,0.8950141136349333,1.0203102908159467e-05,1.5804856789192512e-07,0.0005674720868353744,1.3378726282874866e-05,1.1453813979989723e-05,1
0.08613856633658665,0.9133470470272149,8.215983273934019e-06,1.4330320745522783e-07,0.0004880612832803418,1.2130539451091594e-05,5.835526985439509e-06,1
0.08964873415684091,0.9098445683143405,7.906040494662999e-06,1.3311510919844122e-07,0.0004809736380231597,1.126812241221157e-05,6.416612779510968e-06,1
0.10871173659715563,0.8900895757286992,8.695718142354037e-06,1.295509329768939e-07,0.0011674860724618724,1.338624367460359e-05,8.99008893333311e-06,1
0.1075476910486734,0.8917505488049324,8.543446233332192e-06,1.4133854783025065e-07,0.0006731274762432972,1.4604234785463076e-05,5.343650584325953e-06,1
0.08959892154784652,0.9100493506990218,7.3898834325373655e-06,1.2664649309038908e-07,0.0003261867469418893,1.308613360078478e-05,4.938342663378023e-06,1
0.11399873163293968,0.8857316661408129,7.568050135786648e-06,1.437346525473062e-07,0.00024074191467952466,1.7113328966954216e-05,4.035197812316523e-06,1
0.2680419436696896,0.731196944604693,1.1638407276642437e-05,2.933432431485459e-07,0.000714566987008085,2.6829621195541248e-05,7.78336689406473e-06,1
0.1130462237808955,0.8865058293805449,7.1037369059329015e-06,1.4332301292839746e-07,0.000418983920375974,1.4994258751545002e-05,6.7215995131051485e-06,1
0.09844307365742681,0.9011471281446046,7.208634743457779e-06,1.3937621900384353e-07,0.0003816348256002729,1.690252198917421e-05,3.912839416564189e-06,1
0.0937462171700143,0.9058605559032125,6.500034398023628e-06,1.305383190471562e-07,0.000366901632392142,1.5235132341462762e-05,4.459589322525552e-06,1
0.1723828879446127,0.8274909180323182,1.182389535631673e-05,1.3424772505820358e-07,9.558928431512875e-05,1.4224421980211017e-05,4.4221736921513365e-06,1
0.1701448559948858,0.8297028283958726,1.1341430501012102e-05,1.287698510333308e-07,0.0001229596730531824,1.3644005502759012e-05,4.241730333493234e-06,1
0.12960284268175742,0.7909499963144528,2.4334951366244784e-05,1.9526616614522906e-07,0.07937621360383836,2.7119369401839147e-05,1.929781301718482e-05,1
0.1825772838830578,0.8147394715781415,1.9698781591937435e-05,1.7232573873689236e-07,0.0026214628963858503,2.7159887014199628e-05,1.4750648069750085e-05,1
0.17926343318010488,0.8189873190616624,2.004457391688528e-05,1.9029349979970303e-07,0.0016843271851954965,2.5879332504146328e-05,1.880637311631926e-05,1
0.12903675683422403,0.8686239595682422,2.4720337437897242e-05,2.345136583874431e-07,0.002259259034052467,3.189313848639351e-05,2.3176573898475176e-05,1
0.3822471852879091,0.6175111085674563,3.392728516404223e-05,1.7649902927429912e-07,0.0001599326048655746,3.4607477983416765e-05,1.3062277592206565e-05,0
0.3587747828715939,0.6410060221613884,3.378835367940712e-05,1.580016738056162e-07,0.00013207065313472724,4.4040223068929293e-05,9.1377354609182e-06,0
0.2816291113944415,0.7181552933037041,3.3406642971456274e-05,1.5779241429798368e-07,0.00012974049110679365,4.316474203864726e-05,9.125633323153633e-06,0
0.3905492293699522,0.6092227365359275,3.0926669823701e-05,1.539313334637327e-07,0.0001264062930187384,4.6691081511487336e-05,2.385611843281775e-05,0
0.47459795904156876,0.5252029664377884,2.678689750829917e-05,1.3615226099617256e-07,0.00011146561030628173,4.619793877672776e-05,1.448792179035192e-05,0
0.6219570951623183,0.37733534563852683,1.2299312402864618e-05,1.202422977298562e-07,0.0006481590041196439,4.0596521095741246e-05,6.384119238804507e-06,0
0.4431863609644941,0.5566578678361326,2.3995711699197e-05,1.3858829322766867e-07,8.600162510443778e-05,3.7871952010221006e-05,7.763322266209903e-06,0
0.34268291446224824,0.6570790049724362,3.7863545247965e-05,2.0435307092594462e-07,0.00014546824492496692,5.0367309841625814e-05,4.177112229882849e-06,0
0.33108808149254754,0.6686728771062723,4.324162123003009e-05,1.8201928687094354e-07,0.00014439020438519078,4.7636472526673805e-05,3.591083751447934e-06,0
0.0673619874358969,0.9293062230995092,3.0967112301008306e-05,1.7237554459153594e-07,0.0032625830301937463,3.369995010704704e-05,4.366996447462353e-06,1
0.010926433657270444,0.9855708396040213,2.54056326764071e-05,1.8235942948799029e-07,0.0034376488146567875,3.2890210337850854e-05,6.599721607768798e-06,1
0.005704692259634313,0.9728101073894799,2.385680208654648e-05,1.5083594573233317e-07,0.02143107789438797,2.7340926654445674e-05,2.7738918109263016e-06,1
0.006615970103552846,0.9804954564744209,2.7630764604036865e-05,2.033014733678077e-07,0.012812180242890226,4.508335805386228e-05,3.4757550045817317e-06,1
0.006719294424952674,0.9798623860840746,2.18012782158335e-05,1.942957958934321e-07,0.013336375911990847,5.608556170108699e-05,3.8624432690220176e-06,1
0.004911227086471174,0.9809010966559614,2.152028992464973e-05,2.9840238538692147e-07,0.01412054494321209,4.2342370161428706e-05,2.970251883861054e-06,1
0.0011107381750160546,0.1982605778819983,4.665946295292005e-06,1.1179317900902564e-07,0.8006106968369825,1.2570651453895541e-05,6.38715074856568e-07,4
0.001225659076664983,0.1988221295054027,5.148701608255551e-06,1.2335969686075212e-07,0.799934044061798,1.2190496032632829e-05,7.047987964304832e-07,4
0.09354814705902707,0.9064185086667712,5.28589358975688e-06,1.0063281357194185e-07,2.0397736444711076e-05,3.4620884276768e-06,4.097922926137175e-06,1
0.08851118401131282,0.9114331038880731,6.764293975117155e-06,1.100888313571672e-07,4.122346089371033e-05,3.7314366268271586e-06,3.882820287312004e-06,1
0.0414871933707674,0.958460698437238,5.829790848639053e-06,9.487980030794946e-08,3.905570346875851e-05,3.264166498053911e-06,3.8636513787950975e-06,1
0.16390954317572887,0.8360162426409036,8.966818831915457e-06,2.6153675032717565e-07,5.15258601958007e-05,6.174677656998168e-06,7.285289932699403e-06,1
0.1599188985086695,0.8400024641366485,8.77257852865534e-06,2.2734322711955317e-07,5.632924473775381e-05,6.180713078787749e-06,7.1274751098071785e-06,1
0.20098219420708238,0.7989319907520849,9.733697547662283e-06,2.5971202523196037e-07,6.34240967934362e-05,6.131597327899122e-06,6.26593713864219e-06,1
0.21198306809764966,0.787920498780052,9.599540280654633e-06,2.2757527423707884e-07,7.437934458250364e-05,6.047086962144034e-06,6.179575198829929e-06,1
0.20267584546434475,0.7972387558050412,9.251520502366824e-06,1.7125727706177444e-07,6.40576920452337e-05,5.96271865138501e-06,5.955542138106839e-06,1
0.15828242111541263,0.84163112207322,8.191975560666262e-06,0.0,6.443146460343132e-05,6.424623480606569e-06,7.408747722825429e-06,1
0.15706457118472628,0.8424209723742658,9.616504679593637e-06,1.6581997680107742e-07,0.0004822373376037342,1.3334500001849545e-05,9.102278745954616e-06,1
0.12132678714971591,0.8783016516640922,1.0095253126345978e-05,1.758602639485187e-07,0.00034065769986216693,1.4429801868356793e-05,6.202571070774629e-06,1
0.23928368824520777,0.7601838454442297,1.3701394316103383e-05,2.0515044072981464e-07,0.000492696461409087,2.0010202875803793e-05,5.853101520728879e-06,1
0.10369050733615535,0.8956827054764278,8.539187602179579e-06,1.4396678642366155e-07,0.000601174945196751,1.2186711053935968e-05,4.742376777637876e-06,1
0.10459546687091083,0.8948302702556614,8.199787972372675e-06,1.4321101559960292e-07,0.0005482128938028245,1.2122735460088279e-05,5.584245176820331e-06,1
0.08452170084976825,0.9149924296266035,7.448793942886955e-06,1.5217365806190056e-07,0.000457648399866821,1.6648544386928284e-05,3.9716117736328594e-06,1
0.3145346515526753,0.684684669295935,1.1279678157382141e-05,2.5505702822644026e-07,0.0007335933291935186,2.7865363689550404e-05,7.685723320890552e-06,1
0.12379257746947493,0.8758459698724866,6.89824653036824e-06,1.4300872629667379e-07,0.0003325945189665436,1.6007914265628446e-05,5.808969549743745e-06,1
0.12876751541531686,0.8708984640176876,6.770023293007014e-06,1.4079974172865578e-07,0.0003042675589440852,1.587408318629605e-05,6.968101830376715e-06,1
0.1215398186025885,0.8780283512418172,7.240165464120785e-06,1.3092774303640893e-07,0.00040232614711826147,1.5282226215663898e-05,6.850689053220779e-06,1
0.10963535757552179,0.8899725415039301,7.362146028314976e-06,1.376478978604196e-07,0.00036464938476724724,1.5490116789231798e-05,4.461625065601323e-06,1
0.13766755378817933,0.8572312649883687,3.665500304949096e-05,1.4575781028157562e-07,0.005043016293860878,1.6562794249198906e-05,4.801374482337432e-06,1
0.10873842367590324,0.8887850412031987,2.365378799477952e-05,1.836069693127164e-07,0.002407658073252455,2.932335976263331e-05,1.5716292919076706e-05,1
0.15012079414328988,0.8471788804907007,3.235764579356939e-05,2.1876549615851392e-07,0.0026163773073878635,2.9751436709503216e-05,2.162021062235012e-05,1
0.31971283587638916,0.6763416152098138,4.023256643277298e-05,2.1842778499016602e-07,0.0038485741950394564,3.330357493504439e-05,2.3220149604654743e-05,1
0.6995949631396544,0.3002809206160018,2.258893784021954e-05,9.627477110153459e-08,8.278945384847323e-05,1.60307609886282e-05,2.6108168951909306e-06,0
0.3317688248961194,0.6679320680289056,3.748405840444636e-05,1.7273126547387e-07,0.00019343168652524443,5.137582623027552e-05,1.6642772549667878e-05,0
0.3457802465042951,0.6539479351317445,3.461855805989797e-05,1.5621572741700124e-07,0.00017493689711090267,4.399979554113821e-05,1.8106897520965564e-05,0
0.6636561150774754,0.33545683476190946,1.6455066543730986e-05,1.1736204221248834e-07,0.0008144855756339483,4.3503555806232676e-05,1.2488600588977288e-05,0
0.4829193956605662,0.5169120342700305,1.9785945712836e-05,1.2297876985926502e-07,9.501396477069302e-05,4.1728030362678515e-05,1.1919149787321393e-05,0
0.28872735770786173,0.711016383798442,4.805975219637065e-05,1.9354560288525202e-07,0.00015353367018886864,5.0653037669787866e-05,3.818488038458384e-06,0
0.2610520641755165,0.7386949452291897,4.77697961436259e-05,2.010799775933166e-07,0.0001484277170522122,5.262486735858817e-05,3.967134761872012e-06,1
0.17913223612217177,0.8206622482324961,3.368865221223315e-05,1.5973371758050535e-07,0.00012671175964450672,4.180409109339223e-05,3.1514086645578153e-06,1
0.15781817650106908,0.842005650582749,3.095116138226195e-05,1.4702800813220145e-07,0.00011310448859361959,2.8744105434075527e-05,3.2261327640295934e-06,1
0.05647619103903964,0.9402214801291368,3.089148376960442e-05,1.7195456541980418e-07,0.0032332914148296924,3.3617647381813684e-05,4.356331277111392e-06,1
0.005630710742631184,0.9939426341612169,1.7168068180160545e-05,1.0463340836299047e-07,0.0003677440942677409,3.8886697495576345e-05,2.7516028000991266e-06,1
0.006453628269421814,0.9840589261735,2.568898114296182e-05,1.5909908748561086e-07,0.00942040605881173,3.753945878180328e-05,3.651959253910356e-06,1
0.008123749399385247,0.9588151146874493,2.220284984997488e-05,1.9916725018372373e-07,0.032991900608937245,4.267460811107728e-05,4.158679016918154e-06,1
0.008668100698382126,0.9749052417033004,3.733515167204263e-05,2.321845762492521e-07,0.0163167220395885,6.702256380478051e-05,5.345658676028056e-06,1
0.005407374123198063,0.9827627207870544,2.6312737198567092e-05,5.088492400710228e-07,0.011743817965785303,5.5562002574924074e-05,3.7035349488608213e-06,1
0.003885457768220028,0.989239117907157,2.0229907088954143e-05,2.7303281660481334e-07,0.006820727088062621,3.181986970119853e-05,2.3744269537445385e-06,1
0.0011616121461715627,0.20664055132783152,5.397899598819443e-06,1.2561127422519407e-07,0.7921732853366388,1.826414011238735e-05,7.63538372714169e-07,4
0.0009121310343006586,0.16352834075588543,4.306256497917004e-06,1.037402870881218e-07,0.8355417988168687,1.2714804832544283e-05,6.045913278559305e-07,4
0.00032456482319747807,0.041750796466552616,3.089209108017492e-06,1.0217377800896659e-07,0.9579104970161861,1.0349992672947906e-05,6.003185047349841e-07,4
0.020060887483507473,0.9799319504006839,2.3352373248493805e-06,3.864841898704926e-08,1.8698443064617683e-06,1.3296283724335264e-06,1.588757385826324e-06,1
0.05957021673949482,0.9404107866606882,4.88794964516415e-06,9.421143643428899e-08,4.5204023457584675e-06,3.193275832281035e-06,6.300760557574215e-06,1
0.042943166170032916,0.9570417037560656,4.860070099051997e-06,8.043466224860335e-08,4.626332837219917e-06,2.7263151137208404e-06,2.8369211892958538e-06,1
0.05808968453027166,0.9418938574585021,4.783145974881764e-06,7.916156004631016e-08,5.688959632591764e-06,2.6831635957260785e-06,3.2235804631522905e-06,1
0.03787122048118805,0.9620855057931051,5.412675094031944e-06,8.809124467534729e-08,3.168015812236967e-05,2.98583328419521e-06,3.106967961629971e-06,1
0.18133792464015003,0.8185820280616675,9.020596698493984e-06,2.0208193520308488e-07,5.728392674821917e-05,6.211709852855808e-06,7.32898294772856e-06,1
0.21131131460063599,0.7885857290998683,9.514777715431579e-06,1.3644980943752407e-07,8.104767037511706e-05,6.132391160250042e-06,6.1250104352550345e-06,1
0.1917732880342987,0.8081206391842639,9.723393753470689e-06,1.9859519023548883e-07,8.174919054270922e-05,6.850609173343146e-06,7.550992777881308e-06,1
0.15933964607670228,0.8405633543549873,8.222002361151974e-06,2.0595070680072656e-07,7.490590197245095e-05,6.3721553628179605e-06,7.293557907183066e-06,1
0.20333450407173145,0.7965794050925565,8.63303992206002e-06,1.6130004398371033e-07,6.616920743869709e-05,5.438254502828966e-06,5.6890338048219696e-06,1
0.11269150179622445,0.8870513976447416,8.505317935427144e-06,1.5891368156125395e-07,0.00023747366239139513,5.357797945789118e-06,5.604867079527819e-06,1
0.11790008954815404,0.8817258184962732,9.28903290139779e-06,1.7355664158727366e-07,0.00035265655597362366,5.851487478225255e-06,6.121322577823255e-06,1
0.11999076120856593,0.8793876114250355,8.49114101969487e-06,1.5398834324002732e-07,0.0005949317385083199,1.2638106610305362e-05,5.412391916799858e-06,1
0.1711571977141051,0.8283106186340897,9.260921899518833e-06,1.891941666370154e-07,0.000496182273372775,2.079170656829036e-05,5.759555797819644e-06,1
0.17233342889890782,0.8269166489397947,9.110714163981314e-06,2.415245038064576e-07,0.0007149977554490502,2.0756716060868565e-05,4.8154511196128835e-06,1
0.13351796696957785,0.8659129886397527,7.018896599628908e-06,1.4981703592196264e-07,0.0005422200581400615,1.4224701256788369e-05,5.430917636846448e-06,1
0.11280656658614256,0.8865170805315943,9.644935573262089e-06,2.0652829259036204e-07,0.000637421786101724,2.259520793637292e-05,6.484424359306654e-06,1
0.10853678683788963,0.8912047619497699,7.980357051679914e-06,1.3517830120446208e-07,0.0002282358733350812,1.5280504780249368e-05,6.819298872460354e-06,1
0.10160083260689483,0.8981115645316902,7.924017020726573e-06,1.4957800474681104e-07,0.00025752392469945514,1.5124001022277787e-05,6.88134066780249e-06,1
0.1064518467869393,0.8932893281682757,7.1514800257541066e-06,1.617149979064487e-07,0.00023033762865374104,1.639621558021689e-05,4.778005527676828e-06,1
0.10355324561489418,0.896184230223073,7.45852203791427e-06,1.606343135029386e-07,0.0002339223839143481,1.6236545968243056e-05,4.7460757987061585e-06,1
0.05558705911191786,0.944340759746762,6.887308756464541e-06,1.1227817229882452e-07,4.871098895122692e-05,1.3267217937665363e-05,3.203347502661196e-06,1
0.05699930180909359,0.9429221197943058,7.275411310533053e-06,1.1860509141573179e-07,5.4524750781988095e-05,1.3275772023888824e-05,3.383857392853775e-06,1
0.09161573970571145,0.6894029303411469,3.0424129891044486e-05,1.1579663431688856e-07,0.21893455310477097,1.2933153869081557e-05,3.3037679763413038e-06,1
0.012194852440803596,0.13384389031523677,1.8701187246595014e-06,1.1840583244715918e-08,0.8539552519564968,2.016869543232431e-06,2.1064586117595547e-06,4
0.27267513691354195,0.7244552810221606,2.1478994322662882e-05,1.5608344663089797e-07,0.002810397526252857,2.2124006763954895e-05,1.5425453511083893e-05,0
0.11034353637375476,0.8869912986521269,2.6360374607563622e-05,1.8761678916480178e-07,0.002589111464939735,3.223089037613236e-05,1.72746274060806e-05,1
0.6827310429010551,0.31579554266779325,2.1884413293456596e-05,1.117827086853326e-07,0.0014220883225250518,1.7446757653968547e-05,1.1883154970434832e-05,0
0.6929495790734548,0.3050208339099736,2.9921928677399498e-05,1.115310618887084e-07,0.001974700896200392,1.8458508342964997e-05,6.394152288860689e-06,0
0.512931602968749,0.4869009113165846,2.3742617500098442e-05,1.224163095873695e-07,9.457940537056282e-05,4.153718149233842e-05,7.50409399385268e-06,0
0.5545927725117213,0.4452868081379804,1.7725477254212604e-05,9.365609164591035e-08,6.922896495023577e-05,2.772795203198887e-05,5.643299970234742e-06,0
0.5812333708071951,0.4186391822385922,2.0519893931847177e-05,1.1320703657975371e-07,7.495283490313965e-05,2.9627541018118698e-05,2.2334773231991073e-06,0
0.43569417006228156,0.5641259354078957,3.485246538261069e-05,1.5356058841912606e-07,0.00010167037119904772,4.0188514509422015e-05,3.029618143299832e-06,0
0.053679866406489495,0.9439310304003204,2.985513028393354e-05,1.4478233272582594e-07,0.002322709011179899,3.321737619474683e-05,3.176893198858231e-06,1
0.010771200821954862,0.984668525162875,2.5115691705793672e-05,1.7734834138122057e-07,0.0044866704659973855,4.411698435977871e-05,4.193524765826521e-06,1
0.005846886042720886,0.9789975266464451,2.3320212810283695e-05,1.7344141051575582e-07,0.015084847413540135,4.3145100402229067e-05,4.101142670707399e-06,1
0.007933475226624825,0.9882589119857634,2.064940786754533e-05,1.865857566156551e-07,0.003753167879532884,3.084907377575311e-05,2.7598406787805893e-06,1
0.008802574938941656,0.9857420321637063,1.8468068732046242e-05,0.0,0.005378901065158336,5.373476955602715e-05,4.288993905855305e-06,1
0.0094827131825291,0.983583226663022,2.102297224489052e-05,2.0013239568726388e-07,0.006855849325165045,5.25829501442365e-05,4.404774498836258e-06,1
0.005357473230882039,0.9941882593304335,1.7544215813612342e-05,7.529391829791225e-08,0.00039430657440297373,3.972327682935591e-05,2.6180777200894654e-06,1
0.005767382342628247,0.9937995988160044,1.748042151005727e-05,7.502013444055562e-08,0.0003732760068697598,3.957883499124947e-05,2.6085578620017315e-06,1
0.006992387047645147,0.9515806512143246,2.5395173701042838e-05,1.9602901858473215e-07,0.04135417161135469,4.3870525922936825e-05,3.328398033034763e-06,1
0.004595905601640007,0.9896400449039376,1.970523232404213e-05,3.714311425280491e-07,0.0057095200081492,3.206044398566407e-05,2.3923788206370437e-06,1
0.0037868933981045245,0.9898848642180086,2.0280778642486773e-05,1.0792223990686883e-64,0.006273612537619301,3.196389348841663e-05,2.3851741367331013e-06,1
0.003969753281878223,0.9888001903998258,2.1302746663227734e-05,3.994507955659451e-07,0.0071723386415085,3.3507352264196304e-05,2.5081270645420495e-06,1
0.017597283638479313,0.9823951985269775,2.5412956924179254e-06,4.205870625885372e-08,2.011427561784736e-06,1.425570560396673e-06,1.4974820221065515e-06,1
0.02144255272480164,0.9785482075165055,2.582983368992435e-06,4.274864161304824e-08,2.111032271791403e-06,1.4706890543374614e-06,3.0323053560499878e-06,1
0.02319408280718912,0.9767845588090147,3.524216037641899e-06,5.832613952093625e-08,1.1571982024595095e-05,1.976951618314032e-06,4.226907976164342e-06,1
0.0354742605342089,0.9644821591609961,4.019166250589913e-06,8.7999777873314e-08,3.325977853710529e-05,2.881532376957982e-06,3.3318278523637713e-06,1
0.07806099730950994,0.9218793415205015,7.66720743204621e-06,1.8176566616391087e-07,4.2046692267262656e-05,4.82984275734699e-06,4.9356618656874164e-06,1
0.11524336287559928,0.8846851359602824,9.01657756933127e-06,0.0,4.8949926807617666e-05,6.208942223944507e-06,7.325717517504507e-06,1
0.1805661311732054,0.8193577760891155,8.391817942063979e-06,2.1747573602410638e-07,5.475287771968594e-05,5.912448516692932e-06,6.818117764659367e-06,1
0.2052066510862249,0.7946977437045284,8.007388351576494e-06,2.0296766490841014e-07,7.392707759207111e-05,6.279859460138556e-06,7.187916178057007e-06,1
0.11829246486398143,0.8813683779635869,8.45082741847418e-06,1.578955786843347e-07,0.0003196560182659957,5.323472458839416e-06,5.568958709384009e-06,1
0.2523353874926179,0.747277523869472,8.854981217961956e-06,1.8708100454603698e-07,0.00035619973682485603,1.6964173033909008e-05,4.882665828903602e-06,1
0.23708612463958453,0.7622927455285928,1.1842587627021621e-05,2.691797275216679e-07,0.0005730995952073411,2.6457323366453644e-05,9.461145894229995e-06,1
0.18597862036151386,0.8134439317853155,9.382724170581326e-06,1.9268188147200966e-07,0.0005400197096376838,2.108034266310877e-05,6.772394818011217e-06,1
0.1854975526606026,0.8137771054407432,9.534506250638733e-06,1.9829415047757012e-07,0.000687878163189314,2.1694352412499477e-05,6.036582651345674e-06,1
0.10776443052889431,0.8919884095376726,8.286851345155326e-06,1.410297631948014e-07,0.00021758136664425592,1.7126996925886154e-05,4.023688754881437e-06,1
0.09772025804440874,0.9020337269563399,8.521286658686295e-06,1.4501950011352878e-07,0.00021559965377625142,1.7611520266166833e-05,4.137519050069867e-06,1
0.09263811988877799,0.907107233564495,8.505621806960135e-06,1.4475290786547138e-07,0.00022468470998477074,1.7181549061474882e-05,4.129912966032376e-06,1
0.2282649633781154,0.7716232270250493,9.665502280979068e-06,1.1836211879061849e-07,8.629289845105366e-05,1.2355908711415003e-05,3.3769252729596227e-06,1
0.2223839987294327,0.7775153222477655,9.692554193236068e-06,1.1669664996987058e-07,7.448724849079566e-05,1.305311478069737e-05,3.329408687335983e-06,1
0.013045088937507781,0.20586328232215986,6.585089458550482e-06,3.847912473132703e-08,0.781077896514426,3.5657305647633833e-06,3.5429267583398155e-06,4
0.012204094251942375,0.1216954719880594,1.9802961071520008e-06,1.0981811120953007e-08,0.8660945741352483,1.951631820153003e-06,1.916715011496894e-06,4
0.013371840803938025,0.13702803897549795,2.05724271455025e-06,1.2915808732633005e-08,0.8495937828198348,2.171542066762304e-06,2.0957001391091477e-06,4
0.2780716707744788,0.44518140869914846,1.520031464789574e-05,1.346973983281244e-07,0.27671405484039613,1.1908900260066254e-05,5.621773670315973e-06,4
0.41002614883431976,0.5731176358522686,3.4465608708739714e-05,2.7655560823320224e-07,0.016769633187842786,2.450845512432315e-05,2.733150612773759e-05,0
0.6888141359484204,0.30952099427694174,2.964593602401668e-05,1.392580519756165e-07,0.001605939358459993,2.346962912287434e-05,5.6755929790434345e-06,0
0.4878103709579661,0.5107178994897096,2.8007668798813498e-05,1.6555385251752805e-07,0.0014066339928811625,2.7582997071191976e-05,9.339339720693198e-06,0
0.8037308157441307,0.19537941216657684,1.625357564807453e-05,6.165771135387589e-08,0.0008608346136482362,1.0758056392477166e-05,1.8641858923850783e-06,0
0.8076994815551283,0.19221929408696675,1.5201790221520591e-05,5.4940742512058964e-08,5.43479935504022e-05,9.958549913577536e-06,1.6610834766383775e-06,0
0.42877404248715417,0.570966587992143,3.743161049816107e-05,1.674012060693723e-07,0.00016073557804455996,5.030455277940404e-05,1.0730378174716217e-05,0
0.6824071952778331,0.3169794328672688,1.060832850527996e-05,1.0517685230136863e-07,0.0005580223725417351,3.4851897493846876e-05,9.784079504926534e-06,0
0.464136744040997,0.5357176952545089,2.2474332977112255e-05,1.257424438787433e-07,8.325235710698128e-05,3.7227481853894914e-05,2.4807901120965865e-06,0
0.12008674952317529,0.8797137096421729,3.167560698205768e-05,1.653322635605577e-07,0.00012411970111434292,4.0209583631633284e-05,3.370610660009717e-06,1
0.011107194673004563,0.9828029716412932,2.5574586094032654e-05,2.035929806218402e-07,0.006020249811066356,3.823019286587406e-05,5.575502695734279e-06,1
0.008815685860185865,0.980173430803577,2.1644097333724388e-05,1.8538526758853462e-07,0.010939252302906058,4.611624155625066e-05,3.685309173472373e-06,1
0.007325104498620581,0.981361233598049,2.167639123984883e-05,1.8941958676426938e-07,0.011235159705574128,5.2288845422780954e-05,4.3475415068734e-06,1
0.006818340796244927,0.8104898040573505,2.867449209837506e-05,1.8292220836416044e-07,0.18261894838422113,3.9837872222431845e-05,4.211475654310331e-06,1
0.005949656145274415,0.9256086428831493,1.9959154287092433e-05,1.5488966815789747e-07,0.06838929584935975,2.92119969385548e-05,3.0790813227150636e-06,1
0.007386271852600403,0.9784597179171174,2.426159249832124e-05,1.9481342009043278e-07,0.014079459453412671,4.622163773170009e-05,3.872733219385559e-06,1
0.005803575438426253,0.9695207405878203,2.6559266683129096e-05,2.2770695343848686e-07,0.02459315350754252,5.1421665399153814e-05,4.321827174953932e-06,1
0.004421105658877025,0.9875822490590952,1.9347801868811866e-05,4.197293940736454e-07,0.007938780494653793,3.546180096919898e-05,2.635455141773901e-06,1
0.005047128755796987,0.9859032844970816,2.0600787873792065e-05,2.8367669942503007e-07,0.008987019718420839,3.902065838457045e-05,2.661905742615053e-06,1
0.005854664047919744,0.9819646939489349,2.654974353898565e-05,3.0895138466688324e-07,0.01209884033784485,5.077807730125013e-05,4.164893075350001e-06,1
0.00023607214193340092,0.12273217979949586,2.8612877752856693e-06,6.476105732546828e-08,0.8770212281520698,7.234533207919179e-06,3.5932446033645927e-07,4
0.0071410366838371726,0.9928539851470325,1.5724640689316984e-06,2.987661484935239e-08,1.2994232508224131e-06,1.0126612623654083e-06,1.0637439331336683e-06,1
0.006449170130884917,0.9935432601090558,1.341224938810611e-06,3.6064044981469866e-08,1.5159547695324338e-06,9.778428719052128e-07,3.698673433861137e-06,1
0.01862505946571859,0.9813629085055686,3.379042580132663e-06,5.592350380082699e-08,3.191332216823142e-06,1.895514811179143e-06,3.5102156007191125e-06,1
0.05267946971098887,0.9472660331960926,6.206538557065219e-06,1.4828770504400034e-07,4.023717454689522e-05,3.909716225068426e-06,3.995375884313328e-06,1
0.11068500671719846,0.8892529858674553,8.070095937056538e-06,1.9281214399752104e-07,4.3465854981347505e-05,5.083636351062659e-06,5.195015932722554e-06,1
0.2174059223756189,0.7825040301515614,7.464511787773882e-06,1.7166838751072317e-07,6.971149673681109e-05,5.921759881795113e-06,6.778036025663687e-06,1
0.27707565258800637,0.7228331693235928,8.309037960036437e-06,1.748072924516285e-07,7.091835043963157e-05,5.8936533544802634e-06,5.88223935403735e-06,1
0.22090931916749343,0.778996683663926,8.455209814678125e-06,1.7788248674794078e-07,7.216593973477598e-05,5.997333978588979e-06,7.200802565777157e-06,1
0.24255042667294588,0.7573640594964013,7.702372649167678e-06,1.62044139734388e-07,6.542070029933482e-05,5.4633417995631655e-06,6.76537176498648e-06,1
0.18528168574143491,0.8146221386951078,8.28468581498815e-06,1.7429496688978188e-07,7.456335646590459e-05,5.876380223458005e-06,7.276845985965314e-06,1
0.13059656949715512,0.8693144413618976,9.777474315384791e-06,1.5912831774683293e-07,6.807506660522183e-05,5.365034436083026e-06,5.612437272847917e-06,1
0.12484025742259851,0.875070395968393,8.573197573623768e-06,1.601819472852124e-07,6.956307311378197e-05,5.4005577096041685e-06,5.6495986642124785e-06,1
0.10062952211263299,0.8990691882769478,8.535754583690161e-06,1.6269350999652614e-07,0.00028145962624494286,5.485235412638885e-06,5.646300667751066e-06,1
0.09423558723192746,0.9054085812500832,7.929623610315395e-06,1.668250933678082e-07,0.0003330997151392282,5.6245323484472666e-06,9.010821798210574e-06,1
0.12387231661122061,0.8756507508707877,1.0262574450505511e-05,1.9836935801664562e-07,0.00044331040545993606,1.6276732836994252e-05,6.884435885946845e-06,1
0.1591786089685613,0.8403425206123978,9.669154402243485e-06,2.0130763045199753e-07,0.00044562221283285096,1.8123774694832558e-05,5.2539694807104026e-06,1
0.2483224386293884,0.7502271034065152,1.3814911730628622e-05,2.863992931828014e-07,0.0013977756593274147,3.133348705463331e-05,7.247506690551093e-06,1
0.26959102465176865,0.7297988359527993,1.1732149066516335e-05,2.439996861153899e-07,0.000565293925462799,2.6694762131802192e-05,6.174559084840117e-06,1
0.15826072577575245,0.8414194432661586,6.973883795151847e-06,1.4457677534357995e-07,0.0002927557219731996,1.618343638485287e-05,3.773339160414105e-06,1
0.10731012625023859,0.8924953250554418,7.732901221620546e-06,1.4176646174547238e-07,0.00016640333753316155,1.5600792714056485e-05,4.669896388818191e-06,1
0.12800508326629187,0.8717310237053475,8.581409698107374e-06,1.4568130803845167e-07,0.00023573314934239185,1.5276387067421294e-05,4.156400944537246e-06,1
0.17864401367201654,0.8212386308477511,1.0065387512612401e-05,1.232590462252478e-07,8.986304459372427e-05,1.3787152232329216e-05,3.5166368477676243e-06,1
0.10726935133549315,0.89179238281206,9.78156502378504e-06,1.6145674596844675e-07,0.000905656381630738,1.805996259684429e-05,4.606486449641399e-06,1
0.6215557872436576,0.3757224369134306,4.0973816835311185e-05,1.6797279613240472e-07,0.0026446778823091925,2.761540476428006e-05,8.340766207067912e-06,0
0.25003151986652095,0.7496283745191282,4.914437713780155e-05,2.1978290260314153e-07,0.0002410383362603495,4.3947781876005385e-05,5.755336173999636e-06,0
0.7595046619601895,0.2398610023815553,1.005184224456799e-05,9.69959865167175e-08,0.0005763141232569338,3.222707394571426e-05,1.5645622821588804e-05,0
0.5188437904534868,0.4809946599870614,2.2120586076756186e-05,1.283721636330701e-07,8.489717286956365e-05,4.2952169928334185e-05,1.1451258413529916e-05,0
0.5877750562863299,0.41210867277822966,1.755929145675376e-05,9.702814423868764e-08,6.88686527480681e-05,2.6768526641710105e-05,2.977436449806141e-06,0
0.5593758921200568,0.44044218172789723,2.556833339556066e-05,1.229492487835353e-07,0.0001003738052863578,4.5303865233262116e-05,1.0557198882039436e-05,0
0.0970056670302561,0.902765763867827,3.6211840236526226e-05,1.8900933823902505e-07,0.00014232853999004963,4.598639977653121e-05,3.853312575476185e-06,1
0.09021530704201244,0.9095712562914248,3.3878115502495944e-05,1.758624892709349e-07,0.00013242864913528329,4.3368750223311536e-05,3.5852892125640126e-06,1
0.009832315227569968,0.9859440019883419,3.0860409681374145e-05,1.7562828556296715e-07,0.004152773927402767,3.570704621185189e-05,4.165772506375107e-06,1
0.008860633475110126,0.985680131999976,2.5428145334442338e-05,1.887540228993026e-07,0.005384816911560993,4.433749396512906e-05,4.46322003077627e-06,1
0.008859845180188366,0.9855924400031544,2.542588309462695e-05,1.8873723021307634e-07,0.005473326741582483,4.431063179414239e-05,4.462822956041732e-06,1
0.006990232056854958,0.9852099991846658,2.2985378289365095e-05,1.8104256378609779e-07,0.0077304992352341985,4.250412265739353e-05,3.598979734412979e-06,1
0.0077962091034184415,0.9916993283832741,2.085785428049693e-05,1.7865297472104195e-07,0.00043543354547261986,4.4441023874242464e-05,3.5514367050593195e-06,1
0.0065330875045126425,0.9408035878799108,1.992863277149333e-05,1.77416144475259e-07,0.05260252546641581,3.677614662457323e-05,3.916953620143519e-06,1
0.007699211663908758,0.9156834769513484,3.1074322310005915e-05,1.9900514648166457e-07,0.07653811579019276,4.3340508886487896e-05,4.581758207409658e-06,1
0.008118795469353892,0.9725305506716981,2.7235908671274573e-05,2.1135969968430278e-07,0.019272960703207265,4.6031155999560736e-05,4.214731370260745e-06,1
0.007897375833802617,0.9690916354315262,2.3399268212973418e-05,2.05686790005275e-07,0.02293848649556213,4.479567643180594e-05,4.1016076743974045e-06,1
0.005646714491771293,0.970288635504906,2.5104877697702195e-05,2.696527319323147e-07,0.023974827021143688,6.021190855946375e-05,4.236543189983716e-06,1
0.0045101687785141465,0.9785390163168489,1.854208181458234e-05,1.6842898817330362e-07,0.016894139666157958,3.460607916753642e-05,3.3586485085643807e-06,1
0.005389630458047529,0.9824424980188401,2.0444130254212706e-05,2.844115015358125e-07,0.012103342023589187,4.048017303707062e-05,3.3207847302038418e-06,1
0.00021360519879983435,0.06366194919408243,2.4649467762033863e-06,6.454609946073094e-08,0.9361163441815017,5.213800966397089e-06,3.581317741461513e-07,4
0.000223374515837112,0.0744454841952605,2.3987118929888533e-06,6.749814048170993e-08,0.9253228483116125,5.452256186102328e-06,3.745110704479932e-07,4
0.00017752597652507791,0.061626351335576285,2.0658280937881065e-06,5.364386916625893e-08,0.9381887962511404,4.884561451114751e-06,3.224033441399165e-07,4
0.00734328941808432,0.9926515691638703,1.6327501232679088e-06,3.1022042119696103e-08,1.3552198112054022e-06,1.0514852667374859e-06,1.0709408020025741e-06,1
0.007027930919060735,0.9929652415215573,1.62224127926003e-06,3.264382781031436e-08,1.424443743823892e-06,1.106455334565742e-06,2.6417751966685916e-06,1
0.00788550033823591,0.9921073776715359,1.6779140198312915e-06,3.6515124259554095e-08,1.6745372541835659e-06,1.0961737900622025e-06,2.6368500400859075e-06,1
0.04864307044102486,0.9513105444825128,4.631253439483176e-06,1.097926297237147e-07,3.568579862211784e-05,2.9769245357315243e-06,2.9813072352850607e-06,1
0.09500472547670093,0.9049386972129698,6.6283950153435415e-06,1.508679223315386e-07,3.9782708505807e-05,4.670030325620231e-06,5.345308560265436e-06,1
0.2607029299418332,0.73920697398879,8.204889644778232e-06,1.7261619823696132e-07,6.999575378663077e-05,5.819780293539005e-06,5.903029453830686e-06,1
0.3034589528462259,0.6964528884429827,8.008696184137826e-06,1.684886388472683e-07,6.832203119436255e-05,5.812073361507487e-06,5.847421412520463e-06,1
0.1892276884547888,0.810650326403193,9.636795861027667e-06,1.76600331170781e-07,9.770488768585532e-05,5.9541059163479e-06,8.512752223844263e-06,1
0.15924399423023303,0.8406296481223379,9.872078748066873e-06,1.809120377140293e-07,0.00010148458938680387,6.0994757311637306e-06,8.720591525284226e-06,1
0.10369353923959809,0.8962143608414425,8.018609486912015e-06,1.469460504652442e-07,7.189674349097886e-05,4.9543075183305645e-06,7.083312412780495e-06,1
0.1178645814093933,0.881721226399891,9.969167238791111e-06,1.8476931003874844e-07,0.00038094702123224586,1.3813180462199927e-05,9.278052472419101e-06,1
0.15763436033019396,0.841933530431196,1.0485663400289618e-05,2.2372182664997828e-07,0.0003980178059397181,1.6383378257328324e-05,6.998669185959022e-06,1
0.22433687479235961,0.7750972522562235,1.162773345290513e-05,2.420844027879669e-07,0.0005251469480346302,2.2730093840430917e-05,6.1260916861411295e-06,1
0.23945151343804594,0.7600135586190088,1.1751732354053982e-05,2.4828125998652213e-07,0.000493333085473256,2.3311936966285992e-05,6.282906891611112e-06,1
0.2328989358278532,0.7665619993794334,1.073249571629815e-05,2.565379531513841e-07,0.0004999634724827656,2.2319656054311677e-05,5.7926305067942795e-06,1
0.20200601158324719,0.7975971793375337,8.913177839983314e-06,1.8478061120899197e-07,0.000363072382815326,1.9962753241987074e-05,4.6759847105017565e-06,1
0.28640453298355945,0.712608917094111,1.1777176969338629e-05,2.56520242496389e-07,0.0009415797023211193,2.671171769348004e-05,6.224805103324399e-06,1
0.28894213595511203,0.7103419887134209,1.0497541117080856e-05,2.3518471278731904e-07,0.000673842313599473,2.4428881223539744e-05,6.871410814181527e-06,1
0.21300223485553407,0.786577477503704,9.403829128589331e-06,1.8912368537227227e-07,0.00038535128298239,1.9644474301760187e-05,5.6989306638826385e-06,1
0.1518024667347991,0.8479996699609897,6.6735663802670495e-06,1.383508437538181e-07,0.00017177251622556896,1.5668023477266988e-05,3.6108472842335873e-06,1
0.13344212594000587,0.8663424416715821,9.732899692346735e-06,1.6880359726833244e-07,0.00018293946441272195,1.7775122882289815e-05,4.816097827335499e-06,1
0.23060471026597495,0.7692864855880676,1.0492628184911423e-05,1.2690117292877893e-07,8.102789412831765e-05,1.3536174086200408e-05,3.6205483849903785e-06,1
0.06725097502145837,0.9185357901255429,2.1570878466032334e-05,1.7168896191559565e-07,0.014159774360463579,1.59098363959544e-05,1.5808088711205243e-05,4
0.7598718271266715,0.23903732045320367,1.8335612794509343e-05,9.215820181522874e-08,0.0010515240686510218,1.7144586222518842e-05,3.7559942550062695e-06,0
0.863380908746545,0.13571110097064554,1.0829313132976062e-05,5.208407827054457e-08,0.0008865358995530195,8.939821640140724e-06,1.6331644051586673e-06,0
0.8848169036747038,0.11450712732083132,9.274087572324051e-06,4.2820610848346826e-08,0.0006573107115804965,8.046727846837543e-06,1.2946568546576743e-06,0
0.8888916978323583,0.11042593696780198,1.2115257702388514e-05,4.301781003632277e-08,0.0006603377851323108,8.568520134916406e-06,1.3006190601327474e-06,0
0.8630362524535435,0.1363841268706932,1.3126414294126253e-05,4.4311012836725816e-08,0.0005567801134959271,8.33011864797007e-06,1.3397183124982432e-06,0
0.5124401066840971,0.4874089540967316,2.1847568955542682e-05,1.2067595299531464e-07,7.95683986592273e-05,3.817681806094194e-05,1.1225757542686385e-05,0
0.5496712542465889,0.45019500074162905,1.9367884259528175e-05,1.0697931176130076e-07,7.053743778467145e-05,3.378106897541367e-05,9.951641450575057e-06,0
0.5781807679327794,0.4216618787456119,2.418164738453201e-05,1.1478048100602191e-07,9.329848899220773e-05,3.406205299880783e-05,5.696351752188323e-06,0
0.4777237611733163,0.5220751820696286,3.4290383989867286e-05,1.4211396272654412e-07,0.00011739790631756531,4.2173488800836976e-05,7.0528639842980265e-06,1
0.08547379623315357,0.9143184701033171,3.239887502594136e-05,1.6818369992333832e-07,0.00012664633760021802,4.1475114470662263e-05,7.045152732281313e-06,1
0.010886540326320101,0.9868651176330306,2.250402327384126e-05,1.6921964013019478e-07,0.002176962399124138,4.408660057120108e-05,4.61979804004838e-06,1
0.010886514901340497,0.9868628128580759,2.0127275397050917e-05,1.6921924492604636e-07,0.002181669461081754,4.408649760911333e-05,4.619787250737228e-06,1
0.009542816768751216,0.9838830105103321,2.6168494303862857e-05,1.9392066286479602e-07,0.0064919680950103874,5.054806010992084e-05,5.294150829882372e-06,1
0.00708335420151367,0.9925903836949693,1.8545511872933572e-05,1.4295018281931974e-07,0.0002793476149582856,2.5782098190217155e-05,2.443928312946097e-06,1
0.007725383858920025,0.9917623597392109,2.4501304350134736e-05,2.2298512055878416e-07,0.00043545390805394614,4.855847024958158e-05,3.5197340948103947e-06,1
0.00722633393034896,0.9921053472265885,2.61089373940966e-05,2.2394907776059522e-07,0.0005925770969973767,4.590132306589586e-05,3.5075365271000875e-06,1
0.007426912963902122,0.9917948419263217,2.6833634796691587e-05,1.8910858712583007e-07,0.000708418069376688,3.919940292186434e-05,3.604894093680764e-06,1
0.007050692555266607,0.9922083150458031,2.548720557633498e-05,1.800676320734358e-07,0.0006725298221792298,3.921574490986705e-05,3.579558632803419e-06,1
0.008780193609124286,0.9721739130186918,3.608188709256168e-05,2.270466783735026e-07,0.01895490951288395,4.944755829518706e-05,5.227367233936045e-06,1
0.00792670155169169,0.9726902115291313,2.5643766475680202e-05,2.0645057697757353e-07,0.019304137181885728,4.8982681861076234e-05,4.116838377871867e-06,1
0.007802256602297167,0.9677745179390737,2.503982837969692e-05,2.689540339931464e-07,0.024333635217027465,6.0055893316738724e-05,4.22556587121217e-06,1
0.00759735765979066,0.9792483962150158,2.3680318188163382e-05,3.817296131142766e-07,0.013084035690341618,4.228836402045014e-05,3.8600230301490145e-06,1
0.00700356105237458,0.979680490971451,2.369076716245772e-05,3.8189805185243566e-07,0.013245706560867614,4.230702382160181e-05,3.861726270835947e-06,1
0.0067663982323523135,0.9789465016616633,2.507239177627449e-05,4.1409482515952357e-07,0.014199714103405967,5.787169381833415e-05,4.027822158869734e-06,1
0.004635333262106158,0.9608572972655698,2.0547863550891986e-05,3.0211186447659906e-07,0.034436330332667936,4.711670843498404e-05,3.0724558058045046e-06,1
0.00016682537662658794,0.05243308529118265,2.2839616163514714e-06,5.363282645160463e-08,0.9473921260151724,5.300498094674201e-06,3.252244807875552e-07,4
0.012720399741023618,0.9872703453326594,2.4906100343891203e-06,4.4462776355447656e-08,2.2109570602071235e-06,1.50705598540574e-06,3.0018404604312863e-06,1
0.008751512157170172,0.9912425865127082,1.4781149413673639e-06,3.2910443389151785e-08,2.233428485202118e-06,1.0776448584041446e-06,1.0792313929578811e-06,1
0.03091197027921827,0.9690575304154787,3.076278396208812e-06,7.349898163944493e-08,2.3391813255391798e-05,1.9774017457867316e-06,1.9803129239655535e-06,1
0.3065332881695801,0.6933422950628628,1.0696753804876196e-05,2.1085645063571687e-07,9.898034185019403e-05,6.344748159352141e-06,8.184067292022992e-06,1
0.1517936411137593,0.8480835021218666,9.110199417197872e-06,1.6695012090226337e-07,0.00010014799321466319,5.628747670002275e-06,7.802873951446938e-06,1
0.1424250885337752,0.8574586614878489,8.611928722372772e-06,1.5781899775845274e-07,9.478323438435035e-05,5.320890521756682e-06,7.376105749416074e-06,1
0.12015895638784169,0.8794316346952726,9.972446689059878e-06,1.965787706594234e-07,0.00037740098853522537,6.161488184254583e-06,1.5677414706432188e-05,1
0.18721685498069435,0.8123806506054284,1.292287567237763e-05,3.409238413250281e-07,0.0003565718154489254,2.419033529477354e-05,8.468463619794481e-06,1
0.1655703630765317,0.8338985172185726,6.9954915618137585e-06,1.5920990936371573e-07,0.0005048187852934855,1.4348689822221016e-05,4.797528308952252e-06,1
0.1362105422632885,0.8632178009578381,8.25101163485436e-06,1.7105313058397888e-07,0.0005401080346389492,1.8798076927566986e-05,4.328602541472831e-06,1
0.18954638028942425,0.8092700690647092,9.786066900045688e-06,2.0287662330833882e-07,0.00114623208973156,2.2195697410685114e-05,5.133915200849019e-06,1
0.1747422315324242,0.8249488391984056,7.505262379027245e-06,1.798426999539313e-07,0.0002796885721144421,1.7494741340991164e-05,4.06085063586145e-06,1
0.17617267666761657,0.8235158651589731,7.566700681401387e-06,1.8131489767621587e-07,0.0002819781111333813,1.7637953817009167e-05,4.09409288065751e-06,1
0.09509971126695921,0.9046997684380861,9.922145103048247e-06,1.4512022788547487e-07,0.0001707214188191418,1.4951238777318215e-05,4.780372027367014e-06,1
0.2143671704486283,0.785415416357253,9.169898757532434e-06,1.8358181541080222e-07,0.00018611147799963535,1.634639707487546e-05,5.601838471169467e-06,1
0.06523070161682808,0.934563622980418,1.265773451501628e-05,1.456495803693742e-07,0.0001687007873130927,1.6291647539262743e-05,7.879583806108022e-06,1
0.45894648069316923,0.5238403111690746,2.8754286586708665e-05,2.595195193658895e-07,0.0171355477613851,2.299871094605127e-05,2.5647859318893963e-05,0
0.8005319668307619,0.19852472982201888,1.4660239482137243e-05,7.025075014685185e-08,0.000912215306079339,1.4043437115290894e-05,2.3141137923831258e-06,0
0.7306627777798399,0.2680960174719139,2.058423046947917e-05,9.486952258124431e-08,0.0011980044242851122,1.9814522755305054e-05,2.7067012135860578e-06,0
0.7874597268662116,0.2114368350618657,2.0041139576699492e-05,9.452625901846464e-08,0.0010628072230863955,1.8019847073977024e-05,2.4753359266299176e-06,0
0.7837526157746515,0.21531371954552608,1.700756414856302e-05,8.02180638395107e-08,0.0008991840174153523,1.5292229460558053e-05,2.1006507339705993e-06,0
0.7878496751348393,0.21099183421299908,1.792765137763632e-05,7.783035115674331e-08,0.0011236099940899263,1.4837052054334302e-05,2.0381242884358315e-06,0
0.806888444305155,0.1915752094844089,1.8083451923243354e-05,8.564679786254504e-08,0.0015003614277390698,1.5572872317690405e-05,2.242811658383254e-06,0
0.9070896881572496,0.09239802199465431,6.87449565857524e-06,3.8831154197546217e-08,0.0004971357329409139,7.223926445467444e-06,1.0168618969562354e-06,0
0.8696226844679519,0.1296617311434237,1.2479411205204729e-05,4.212691582925648e-08,0.0006940487609285953,7.740406195175042e-06,1.2736833796484572e-06,0
0.5173860689809574,0.48249221609155774,2.0645075969206955e-05,1.1403393312612315e-07,7.179998159622719e-05,2.3024784546098417e-05,6.131051440242383e-06,0
0.4955001154483479,0.5043497547614983,2.330931769229955e-05,1.1364042326260182e-07,8.05988342476457e-05,3.473686318532037e-05,1.1371134605362748e-05,0
0.3077324943878166,0.6920448240658245,3.8562092780177293e-05,1.8838135906500846e-07,0.00012472472852764226,4.985731086532937e-05,9.349032826698814e-06,1
0.20840061120135558,0.7913845435192299,3.49713239090022e-05,1.8956456712822264e-07,0.0001258917957529626,5.005264955343674e-05,3.739945631954297e-06,1
0.11375004576241439,0.8860237425553121,3.9415349618968556e-05,1.9451165955024525e-07,0.00013211687609013104,4.833237065521701e-05,6.152574249607944e-06,1
0.09643767663693148,0.9033266917084509,3.7272014657510745e-05,1.8510714467802704e-07,0.00014581252909962584,4.566685014057365e-05,6.695153575033242e-06,1
0.09393028741582155,0.9058450500524324,3.246399787055968e-05,1.7881267136130826e-07,0.00014145594997037007,4.409628291502486e-05,6.467488318769453e-06,1
0.010922094958969598,0.9846628931640805,2.5537401738873806e-05,1.935911482846961e-07,0.0043459692655667525,3.876626525825906e-05,4.545353237643301e-06,1
0.006616487907335331,0.9929732384049126,1.6367043987905807e-05,1.4594052030663265e-07,0.0003644486407305562,2.633504071048497e-05,2.9770218028161905e-06,1
0.006970254078636119,0.9926612215983939,1.9112963854447467e-05,1.458946621774036e-07,0.00032044443066274047,2.632676558786915e-05,2.4942682028866504e-06,1
0.006391437223357775,0.9929066640067957,2.267663684025558e-05,1.7598021423882195e-07,0.0006337841825005647,4.175278196900605e-05,3.509188322526527e-06,1
0.0041761991490155215,0.9872852306864053,1.4460948155512351e-05,2.7774053259667507e-07,0.008481035206924961,4.010311773738959e-05,2.6931512288047813e-06,1
0.00038013195514761977,0.21784672226729646,4.434578274088561e-06,1.1163201174379802e-07,0.7817578489648674,1.0106303142261616e-05,6.442992604227624e-07,4
0.034550034910088734,0.9654381906080455,3.1714096468401524e-06,6.58825725246894e-08,4.219394399068867e-06,2.1573096023091767e-06,2.160485645140426e-06,1
0.1201872464541096,0.8797854703741858,5.030454046906193e-06,7.575150785884813e-08,1.5378695799572955e-05,3.3713325002350656e-06,3.4269378500844234e-06,1
0.09340290887728074,0.9065652122388861,4.639619546070305e-06,1.0999096411736265e-07,2.1160278331707238e-05,2.9823021874392554e-06,2.9866928041003483e-06,1
0.11164097990452232,0.8883114372505676,6.7412017154627565e-06,1.5981294772787642e-07,3.2095752838653556e-05,4.246519292690328e-06,4.33955811562495e-06,1
0.1771899443000238,0.8227400544033564,7.4888029173625365e-06,1.607014767970129e-07,5.157599995241033e-05,5.276230014312703e-06,5.499562259008889e-06,1
0.24003002972674664,0.7598893283922814,7.343449969808955e-06,1.6282430245683752e-07,6.043266283635732e-05,5.825718903198748e-06,6.877224960131301e-06,1
0.36053588534218706,0.639328568518364,1.0924140768668153e-05,2.1533874582364094e-07,0.00010827709768041258,6.479622070287815e-06,9.649940183764636e-06,1
0.35979530253866016,0.6400321913370646,1.1944922784965429e-05,4.0033797190997046e-07,0.00014174108005231138,8.150161691018688e-06,1.026962177513021e-05,1
0.32284729493180475,0.6769656497998163,1.058453772669945e-05,2.8069301400784187e-07,0.00015645574296106393,8.039008488686693e-06,1.169528618829267e-05,1
0.15082038432820732,0.849024186702268,7.070140923651727e-06,1.7845600468707939e-07,0.0001350566160275007,5.369806822840881e-06,7.753949746107387e-06,1
0.14983625238243825,0.8500211899753306,9.373199758010761e-06,1.8476630089146793e-07,0.00011941185681395926,5.559685956759012e-06,8.028133401275945e-06,1
0.1557618862141932,0.8437245006875583,7.1933388643225075e-06,1.6371270245865964e-07,0.00048701549592524936,1.4307338196001064e-05,4.933212560194415e-06,1
0.27431163622197086,0.7247200390586056,9.220991748567714e-06,2.6032448703020426e-07,0.000928229583787093,2.391658022144569e-05,6.6972391792391665e-06,1
0.261789864022573,0.7376403243729442,9.723845124722554e-06,2.132654370050879e-07,0.0005306733696887396,2.265748841867947e-05,6.543635813622682e-06,1
0.15502951716896393,0.8447987384203789,8.037641961310861e-06,1.4990557321795834e-07,0.00014364335256372877,1.5054573565394646e-05,4.8589369931445555e-06,1
0.11687543339649752,0.882945859775437,6.926500742555011e-06,1.3316363524546024e-07,0.00015122589820907472,1.4508257056784178e-05,5.913008421921196e-06,1
0.10035158926880253,0.8995834908752403,9.217135875852143e-06,1.2497870032205198e-07,3.898556413795145e-05,1.2184242569762573e-05,4.407934673397203e-06,1
0.24468212181219168,0.7552499816649205,9.32363306216613e-06,1.1771907902238641e-07,4.2752509798838784e-05,1.2344081892812477e-05,3.3585790548701823e-06,1
0.2183027693199882,0.7816158528178698,1.1811485784853937e-05,1.2676667605121042e-07,5.230107085251862e-05,1.3521827700687964e-05,3.616711127685119e-06,1
0.07511952653309777,0.9246762372234101,1.326064076588531e-05,1.441086541541362e-07,0.00016691598666318508,1.6119287092229512e-05,7.796220316689073e-06,1
0.5795947999900544,0.41368513434380966,2.5355331709498594e-05,2.0337271859940608e-07,0.00665625560486153,1.8152387455854342e-05,2.0098969390370113e-05,0
0.7477490915512768,0.24822554838677247,2.7521557571483565e-05,1.6838754782990825e-07,0.003972586664865543,1.6023055978194216e-05,9.06039598758032e-06,0
0.7966364089964664,0.20247087643058462,1.8941162088390927e-05,7.750799248656543e-08,0.0008564568723297082,1.4685857596180449e-05,2.5531729420419077e-06,0
0.7968775036296175,0.20231823743372923,1.6186795475746746e-05,7.000748134226191e-08,0.0007700514815998596,1.5953284242539395e-05,1.997367853800773e-06,0
0.7715617585991963,0.22747852547810862,1.6917031639603488e-05,7.897031430799244e-08,0.0009255975775936564,1.50543669239671e-05,2.0679762234708294e-06,0
0.7873547203109191,0.2116435948003017,1.837162885743636e-05,8.05867437594639e-08,0.0009657598558049932,1.5362512108425296e-05,2.1103052644763387e-06,0
0.8773241665353004,0.12211727250363302,9.68261190042185e-06,4.293310140974228e-08,0.0005394662758833659,8.0710822383204e-06,1.2980579429072257e-06,0
0.8648879754719608,0.13505606215619237,1.1263048248082328e-05,3.6804537648349715e-08,3.588208036959396e-05,7.667686905374774e-06,1.1127517859732287e-06,0
0.27893160757390517,0.7207423652294339,3.9239653922875865e-05,2.1596627848173452e-07,0.000237576666505065,4.333951765513048e-05,5.655392299347308e-06,0
0.4980389415142448,0.5017815561798398,2.3778942283734125e-05,1.3134397365443269e-07,0.0001124718129376999,3.605847836671449e-05,7.061728353704329e-06,0
0.5071058879862221,0.4927668825317837,2.298955915973719e-05,1.0934652564388982e-07,7.405787642162554e-05,2.3748845203591384e-05,6.323854683549925e-06,0
0.49805256336590037,0.501745931006902,3.472333393067042e-05,1.463161912611493e-07,0.00010802100799154021,5.0148967783631264e-05,8.466001300464932e-06,1
0.41882496578885053,0.5809350917280485,4.007016797291317e-05,1.6600166532323083e-07,0.00014040827016546887,5.074230605022816e-05,8.555737247239083e-06,1
0.28754206559749734,0.7121855982085069,4.484288797067068e-05,1.9386387446528117e-07,0.00016014762051656125,5.753070128922173e-05,9.621120344829222e-06,1
0.014558891996838194,0.9809925962018634,3.1793421810250464e-05,1.7679010414075953e-07,0.004359344504831172,5.300621741859304e-05,4.190867134321758e-06,1
0.008869062501088277,0.9908076828233682,2.180301040680926e-05,1.2873908306068926e-07,0.0002733382508364457,2.516860443117296e-05,2.8160707862280807e-06,1
0.006426012921320306,0.9931943968806085,2.206922954254062e-05,1.3233922293832864e-07,0.0003286123673263581,2.5872434956627938e-05,2.903827022560686e-06,1
0.0065396995111011895,0.9929872694907453,1.8546878388764006e-05,1.3468051840945873e-07,0.00041610806860942456,3.427405126319423e-05,3.9673193733050996e-06,1
0.007519059028717254,0.99198492437459,2.15348803618324e-05,2.2851791585957742e-07,0.0004253386216991412,4.5324347431000495e-05,3.590229285000177e-06,1
0.007022451099481377,0.9925090236043083,2.6852957432296706e-05,1.8924476235317132e-07,0.0003986479740483763,3.922763002506285e-05,3.6074899423421546e-06,1
0.008161769539872129,0.9776783089350346,2.69340377228076e-05,2.2323974793132947e-07,0.014082252400811396,4.627480620006499e-05,4.237040611059421e-06,1
0.006897942371579973,0.9847585386766904,2.6266045499311366e-05,1.8229896115438968e-07,0.0082737445135842,3.970213778686017e-05,3.623955897875814e-06,1
0.005559112955275981,0.9862763799124157,1.790376495250474e-05,1.468510712585254e-07,0.008115841308109948,2.7695927656416823e-05,2.9192805182581803e-06,1
0.005448890250738051,0.985956948408047,1.8119682608943657e-05,2.9209149037207296e-07,0.008540437789645574,3.235816883934611e-05,2.9536086303297158e-06,1
0.004409400979268653,0.9825408706392695,1.807747216496431e-05,3.8219207841728764e-07,0.012992408348664348,3.594453889381973e-05,2.915829660473009e-06,1
0.004572527782693844,0.9544385615904699,2.4505752503695227e-05,3.691731494889007e-07,0.04091498731022645,4.560146758317026e-05,3.4469233735302544e-06,1
0.0053148181379132995,0.9793942042576259,2.4822136105439562e-05,3.1696572134533343e-07,0.015229466920270867,3.337441432851442e-05,2.9971680347219467e-06,1
0.009898745572718219,0.9900933859458746,2.508301182541826e-06,4.765739951558296e-08,2.0003647225836397e-06,1.6153370319177583e-06,1.6968210709028088e-06,1
0.010194505201048904,0.9897968722979087,2.2841232116453878e-06,4.3398046932262895e-08,1.8509809928839424e-06,1.4709672167418014e-06,2.9730315743557286e-06,1
0.008133262457347483,0.9918598307783654,1.832771673861712e-06,3.4822425827491314e-08,1.4733226620209552e-06,1.180298433236238e-06,2.385549092621197e-06,1
0.008971721089811608,0.9910213006621176,2.0410124388191487e-06,4.0355919221017966e-08,1.7526797016318524e-06,1.3678549697928178e-06,1.7763450413150207e-06,1
0.010237163851227882,0.9897556402484257,1.8345459242993363e-06,3.627355998433077e-08,1.610635901667066e-06,1.2294843050137626e-06,2.484960655395992e-06,1
0.018053176638152944,0.9819391615301009,2.0664575279548096e-06,3.65772557359167e-08,2.745366505128923e-06,1.405680490460364e-06,1.4077499669230722e-06,1
0.15500266154390877,0.8449760582389982,5.283561918405366e-06,9.35214940891299e-08,6.760275501190795e-06,3.540961481097197e-06,5.601896698387864e-06,1
0.0956746708333573,0.9042912352170068,5.112634696190763e-06,1.2120468366640078e-07,2.2282568586507634e-05,3.286351711950585e-06,3.291189957599022e-06,1
0.17528474956409032,0.8246576694298912,8.095850712305267e-06,2.2357399354212196e-07,3.884605222149127e-05,5.203933867581777e-06,5.21159522357664e-06,1
0.21869349513226385,0.7812355649208541,7.050118188186174e-06,1.7143848005941486e-07,5.352975026932163e-05,5.116413855003483e-06,5.0722260895168066e-06,1
0.31242841993091053,0.6874870076455417,8.29673943173904e-06,1.7454855342032933e-07,6.415847405013558e-05,5.884929930312058e-06,6.057731582244625e-06,1
0.19219670780622694,0.807627346797307,1.1810941475535497e-05,2.424033902401381e-07,0.00014024992043416295,1.605904835610866e-05,7.583082809796194e-06,1
0.1709259039970122,0.8286639621067937,1.1990206714932381e-05,2.467686979952288e-07,0.0003722246194642507,1.771056473773217e-05,7.961736579027298e-06,1
0.20774992703577014,0.7918106902516727,1.2128279171198223e-05,2.5329865954844905e-07,0.00040089799679136396,1.8179219424338515e-05,7.923918510642231e-06,1
0.12305150483125699,0.8764849058252,1.052446592557749e-05,1.774376683964618e-07,0.00042791885429425145,1.8049736292795613e-05,6.918849362115231e-06,1
0.14200329154911837,0.857472429977413,8.151677769059098e-06,1.665330837409126e-07,0.0004934447013073906,1.830134127600607e-05,4.214220032449604e-06,1
0.24077305434909577,0.7585551587539466,9.166941496171239e-06,2.0471897399884254e-07,0.000635074095889911,2.135984974258198e-05,5.981290854886048e-06,1
0.25799789070726914,0.7414314265802302,1.1311908322101669e-05,2.7105836299113933e-07,0.0005267973314532556,2.63680202202103e-05,5.9343941420610105e-06,1
0.1386969279444971,0.861126244714315,7.4127516627802145e-06,1.5389944385521617e-07,0.00014728406535856803,1.6988233131211568e-05,4.9883915915869465e-06,1
0.18106322242505876,0.8186960276027917,1.0316473100588823e-05,1.7995304315267395e-07,0.00020436180295060888,1.7901094123670287e-05,7.990648931675099e-06,1
0.07791258263817612,0.9220372139119952,6.00948544912019e-06,1.2511941985938301e-07,2.9604834040544243e-05,1.0765556320989417e-05,3.698454597908893e-06,1
0.17812464003020873,0.8217666592574175,1.1564240704293353e-05,1.2202520381553222e-07,7.958624152379395e-05,1.3946770181281852e-05,3.4814347606574006e-06,1
0.11102331986420248,0.8888615545646704,1.2298002464135615e-05,1.3198821239298862e-07,8.391184318785399e-05,1.5018053319931015e-05,3.7656839427748863e-06,1
0.07332717608113361,0.9253657504886825,5.436321485103861e-06,1.595514835835331e-07,0.0012694652630272374,1.630962418999564e-05,1.570266999820217e-05,1
0.09228877244966188,0.9012195640200017,2.5930602687939883e-05,1.667746152998421e-07,0.006432434707007128,1.6649403050785848e-05,1.6482042975512772e-05,1
0.6220898665445258,0.3761241695167879,2.2959393292435645e-05,1.347149038484026e-07,0.0017376120410063226,1.194415160963726e-05,1.3313637873962136e-05,0
0.9123704175780791,0.08697244147732332,1.3233458489921076e-05,5.4151841181736735e-08,0.0006307245529386021,1.134497799015422e-05,1.7838033373258319e-06,0
0.5777792757330708,0.42089809263646266,2.4163322074890814e-05,1.6500795154188242e-07,0.0012529923238548406,4.098995388877014e-05,4.321022696470446e-06,0
0.6670284415224341,0.3322296503436049,1.6647533110933286e-05,1.215749643526448e-07,0.0006858277738947667,3.196048099962878e-05,7.350770991124288e-06,0
0.4695414700883002,0.5302809578215899,2.2457208812305048e-05,1.2460106135504908e-07,0.0001149357820453102,3.2848425562729825e-05,7.206072628147093e-06,0
0.4285488224506741,0.5712314517690494,3.892875995206172e-05,1.6403689513448916e-07,0.00011828086105917122,5.421126212242582e-05,8.140860247604782e-06,1
0.02825940576618175,0.9701903050831503,2.394412223435149e-05,1.719989125103515e-07,0.0014770821590034014,4.2416445813826626e-05,6.674424703855152e-06,1
0.013037293891243081,0.9866739257298273,2.3431221762457383e-05,1.2610398896587885e-07,0.00023781118188801503,2.4653441208517888e-05,2.7584300813004276e-06,1
0.00876713773140384,0.9909090203775267,2.2350632362050037e-05,1.2875225020102148e-07,0.00027336620725046824,2.5171178618736152e-05,2.8251205881981765e-06,1
0.007663013198373343,0.9919746790059999,1.9764457473175636e-05,1.2889071492738938e-07,0.0003143968112243007,2.519824859502285e-05,2.8193876194688003e-06,1
0.006300984945461586,0.9932968139900153,1.483607692507839e-05,1.659359084787383e-07,0.0003423070216443508,4.208776960764079e-05,2.804260437810774e-06,1
0.006436632681500705,0.9933177778233174,1.819766371784593e-05,1.7443780542171023e-07,0.00018958691815476036,3.4868476029980786e-05,2.7619994740517846e-06,1
0.005528165336512554,0.9865004205331807,2.2269529418494568e-05,1.5694153718602833e-07,0.007913463901245137,3.253201674577121e-05,2.991741360349698e-06,1
0.005402352662315225,0.9861830851081155,2.086214017530011e-05,1.4597658400962514e-07,0.008364259804110135,2.679861187094867e-05,2.4956968290400125e-06,1
0.006459821695659178,0.9758073416296908,2.3703344868229673e-05,2.973272896086262e-07,0.017673709153466395,3.179903345208509e-05,3.3278155736890594e-06,1
0.005043145738739685,0.9796258785170079,2.321211138406469e-05,3.309839553570294e-07,0.015272957040502712,3.143408377007651e-05,3.0415246402269087e-06,1
0.010186672936627417,0.9898058254510296,2.2104327561678445e-06,4.370578251008186e-08,1.842280104971456e-06,1.4813978461916346e-06,1.9237958529301086e-06,1
0.11862483837129854,0.8813574503275245,5.11897491417851e-06,1.0121493343300012e-07,5.439157190604054e-06,3.4821151998891244e-06,3.5698389388616317e-06,1
0.3315447775859648,0.668329144115594,1.03000759521749e-05,2.3309087244968647e-07,0.00010101090582881755,7.013790090263532e-06,7.5204356974640955e-06,1
0.4539609928792287,0.5458991382963858,1.2297610732682147e-05,2.782951143309042e-07,0.00011021303589173714,8.374002356030384e-06,8.705880290875191e-06,1
0.3616802838736798,0.638167301376018,1.2346398102045024e-05,3.229447461972445e-07,0.00012232365847729282,8.407223894333228e-06,9.014525082421035e-06,0
0.2243381220453511,0.77550381947513,1.0972780639559613e-05,2.4831418956031296e-07,0.00013159752959045372,7.471865301743549e-06,7.76798979757623e-06,1
0.20879345144981698,0.7907155693252984,1.0954127444395478e-05,2.287765443903554e-07,0.00045622025576715314,1.64192696756798e-05,7.1567954529532795e-06,1
0.16320872059687416,0.8365127786029583,7.167299222313954e-06,1.4843526851744005e-07,0.0002514668709262313,1.4906915210856252e-05,4.8112795395410436e-06,1
0.20112311096406532,0.7986369023698233,1.0736016645874498e-05,2.01734850392175e-07,0.0002013960693853255,2.1007543952239734e-05,6.645301277509545e-06,1
0.15966792300935287,0.8401293840763526,1.0826679964656794e-05,2.1703903814850197e-07,0.00016761038866566834,1.8681477206950282e-05,5.357329419108419e-06,1
0.17949853462638307,0.8204394311455788,8.929017549425602e-06,1.2107199280891957e-07,3.776691491269169e-05,1.0947076480553456e-05,4.2701471027024935e-06,1
0.20288508495572866,0.7970504852530915,1.2531038451895789e-05,1.1186181624039039e-07,3.693611172297244e-05,1.090547029097754e-05,3.94530889795308e-06,1
0.23023810877870873,0.7696842307145177,8.795444140490949e-06,1.1317165804814479e-07,5.465292840611857e-05,1.0870123509955487e-05,3.2288390589018067e-06,1
0.15440344077378299,0.8454802516278734,1.190761435220601e-05,1.2564846282949142e-07,8.632863994805907e-05,1.4360887586497074e-05,3.5848079940849133e-06,1
0.48168918942845385,0.5158067195603638,1.7153192517209917e-05,1.373324027355412e-07,0.002459467277750897,1.273397180154797e-05,1.4599236709878881e-05,0
0.3943017867186156,0.6021372409318915,1.7520533247646657e-05,1.6661011746141578e-07,0.0035127384431913318,1.4660523424700064e-05,1.588623951173921e-05,0
0.5677193318794571,0.43211725929873557,2.8783242181461455e-05,1.193150944204835e-07,0.00010252856592780872,2.8573584500941157e-05,3.4041141026450608e-06,0
0.5336828590371661,0.466130094403873,2.9057194025877115e-05,1.2438035085714094e-07,0.00012238346800058482,3.193288840296906e-05,3.548628180711106e-06,0
0.8724918692401004,0.1274442060637354,1.1391979757620964e-05,4.273729898340709e-08,4.227621148370931e-05,9.094629056193652e-06,1.1191385676727583e-06,0
0.8755563180244925,0.12438455130485666,1.1231979841502716e-05,3.896734854128402e-08,3.8546934576523836e-05,8.292371972875065e-06,1.0204169114531413e-06,0
0.4771041739454389,0.5227062337496787,2.587210340289121e-05,1.3296289621833173e-07,0.00012048282888638736,3.541474576812093e-05,7.689663928847884e-06,1
0.4116237340896222,0.58814755500851,4.0967605081484255e-05,1.672482379504509e-07,0.0001346748560540724,3.8358447446498724e-05,1.454274504784606e-05,1
0.256264258940787,0.7435208011771154,3.285569378001015e-05,1.5578710353243373e-07,0.00013140731823502492,4.113404427938032e-05,9.387038699536954e-06,1
0.20109743353392484,0.7986858143224098,3.935988160298112e-05,1.931769679876159e-07,0.00012024335360086326,4.707980268332358e-05,9.875928810114508e-06,1
0.06570548942964972,0.9320592880082964,3.1204417098990276e-05,1.98295764107998e-07,0.0021492683486128692,4.981353799243945e-05,4.737962585515599e-06,1
0.06451880032685954,0.9333558207968923,2.9250751966610015e-05,2.0051402437447237e-07,0.0020419771288613785,4.9824401976533124e-05,4.126079419298207e-06,1
0.020013746305816555,0.9759273671074018,3.164750067935777e-05,1.7264355635401416e-07,0.003983664492207345,3.9625459700434566e-05,3.7764906380808043e-06,1
0.006884770954386276,0.9927003351027419,1.8770548767388483e-05,1.6327545854787402e-07,0.00035392250250791473,3.908482070299974e-05,2.9527954347896686e-06,1
0.006695310488537336,0.9930706323070678,1.6026034202955435e-05,1.340748329233097e-07,0.0001807765523376122,3.439181333825083e-05,2.7287296832891686e-06,1
0.00553493962250587,0.9852676702191961,1.927226856512113e-05,1.495592067561668e-07,0.009146576272521618,2.8409692485526202e-05,2.982365518914219e-06,1
0.005559157032004029,0.9844433133555403,1.8344469691421904e-05,1.3988201373484063e-07,0.009947472208579762,2.8581912981247497e-05,2.9911391894392355e-06,1
0.005200980337397263,0.9840900395434056,2.5948656706313586e-05,3.0427231390321446e-07,0.010642606699220607,3.706510606990358e-05,3.055384886324413e-06,1
0.006122938957256293,0.9788857767303565,2.5170460933266444e-05,3.3073389885884504e-07,0.014931333555271273,3.141033549834322e-05,3.0392267856379875e-06,1
0.1066992400829594,0.8932832339944097,5.214639266114031e-06,9.743051701105372e-08,5.579594214133009e-06,3.302385857528536e-06,3.33187277609183e-06,1
0.24154087193575807,0.7584124515147725,7.627652877118798e-06,1.604721694163693e-07,2.7818247066647062e-05,5.410342591074768e-06,5.659834765048411e-06,1
0.2380351774413445,0.7619212909142079,7.07028837806617e-06,1.4874621757252666e-07,2.6135351473321716e-05,5.015000414843426e-06,5.162257963597537e-06,1
0.39604083734247353,0.6038171816024301,1.1586173124202208e-05,2.6219527063809215e-07,0.00011378367558906057,7.889552137277993e-06,8.45945897533415e-06,1
0.4522463095518693,0.5476215985087988,1.073073318085235e-05,2.4283665195901086e-07,0.00010621468882265519,7.307044180507447e-06,7.596636496026705e-06,0
0.3843748273180424,0.6155061460801232,9.608912809898747e-06,2.1744984022951166e-07,9.564129952195548e-05,6.543145677488278e-06,7.015793984909782e-06,0
0.3430157198579189,0.6568548840132459,1.0367662856076242e-05,2.3462036509320538e-07,0.00010439442537258057,7.059813086503163e-06,7.3396071548499115e-06,0
0.20887777271595265,0.7909713093069851,1.011269935471474e-05,2.2885053725396205e-07,0.000126531120160889,6.8861968444937425e-06,7.1591101648535845e-06,1
0.2221095265661877,0.7774843259398901,1.1162964506884636e-05,2.694736825310808e-07,0.0003706895201910437,1.6732297989864756e-05,7.2932375517710374e-06,1
0.1685521436268137,0.8310243991415074,9.281465624696128e-06,1.9384306447723948e-07,0.00039342642251339525,1.4491525840565409e-05,6.063974635748198e-06,1
0.1268088320641362,0.8728807847413562,8.038878330495934e-06,1.578924876873139e-07,0.0002824179050360815,1.5400701553205765e-05,4.3678171001919424e-06,1
0.11499133715110336,0.8848232741859109,8.322564547862681e-06,1.5638493952852275e-07,0.00015612231635178076,1.5635956845609522e-05,5.151440301028203e-06,1
0.1294161080941316,0.8701947897197009,1.050117403833311e-05,1.9732204628980097e-07,0.00035227484866648655,1.962890130350355e-05,6.499940113179742e-06,1
0.1152886078633441,0.8844628716659744,1.3166764380446641e-05,1.7628462209674005e-07,0.00020985580653524978,1.8143034234006887e-05,7.178580909886006e-06,1
0.0431711731392054,0.9555370448718955,9.26024181399741e-06,1.5252217135161355e-07,0.0012493514694800383,1.7717386709056517e-05,1.5300368724727233e-05,1
0.05524264263958618,0.9433498246020121,9.365116759607734e-06,1.5030472452066255e-07,0.0013664175446973543,1.6521868231579615e-05,1.5077923988723487e-05,1
0.07306914824342937,0.924564133232087,6.2092544654428656e-06,8.714635044885601e-08,0.002331457143756028,1.482474119049238e-05,1.414023872133411e-05,1
0.3777916202930358,0.619382537854347,2.8884645914038692e-05,1.6948149489154381e-07,0.0027653239043133574,1.4714261752808795e-05,1.6749559142045393e-05,0
0.6612685481848636,0.33659575746810216,2.149497011155315e-05,1.0829176034625008e-07,0.002090353931506229,1.1194643156462871e-05,1.2542510499510389e-05,0
0.5433967593656162,0.4553815451287454,2.9377656661284823e-05,1.6821314443009365e-07,0.001165457203338089,1.6919752937002716e-05,9.772679557636124e-06,0
0.8378427132670538,0.16081337393452372,1.1875410060621688e-05,5.4864153446167054e-08,0.0013228411098192166,6.223977209268731e-06,2.917437179987391e-06,0
0.8632230633079976,0.1364905843431274,9.798032490749525e-06,4.148239432173681e-08,0.0002670341427042757,8.112229281486151e-06,1.3664620041827188e-06,0
0.7659188106867125,0.23401576831887916,1.0686496884354434e-05,4.3620973445611916e-08,4.305240866117522e-05,1.0148098066285671e-05,1.4903698231327534e-06,0
0.7682096718903293,0.23167291482259011,1.9336724652051146e-05,8.990013911760901e-08,7.549968706948024e-05,2.026793089964368e-05,2.2190443201875552e-06,0
0.8811433948789481,0.11878239880892784,1.2213031289640312e-05,4.730786760060743e-08,4.592205003837216e-05,1.4465582871141065e-05,1.558340057118168e-06,0
0.8000558470431921,0.19981818763354817,2.3031875159928688e-05,7.990497842597697e-08,8.375708871160534e-05,1.7004025893390268e-05,2.0924285163713746e-06,0
0.5558269721183458,0.4430383881940483,2.357147168452212e-05,1.655513131990522e-07,0.0010734634057568073,3.310400727662203e-05,4.335251574721968e-06,0
0.5381538713286677,0.46167603702651805,3.2158191255616846e-05,1.3128423817984766e-07,8.734539853473607e-05,3.904120534844197e-05,1.141556543762125e-05,1
0.2072337218872048,0.7924623623902793,5.4295901979195416e-05,2.2166035617383547e-07,0.00017903527976597349,5.879390131564035e-05,1.1568979098876236e-05,1
0.21086936551558608,0.7888775933139964,4.045198824274518e-05,1.8261177270109533e-07,0.0001540340810290434,4.8330322938616745e-05,1.0042166434424797e-05,1
0.03298642475772224,0.966610716557336,3.788304880850676e-05,1.7446360607681903e-07,0.0003157000890517497,4.565906679809942e-05,3.442016677307896e-06,1
0.010525747282003532,0.9891479414695469,2.4794883251376887e-05,1.2653879845253553e-07,0.00027415341093209083,2.473844684715076e-05,2.4979686203716126e-06,1
0.007592142918145291,0.992043649087359,2.4962577080089992e-05,1.2739461113687568e-07,0.00031169740083144886,2.490575898272953e-05,2.514862989976359e-06,1
0.005836764958107452,0.9937673806254497,2.349440188412418e-05,1.3304671624305874e-07,0.00033985237674613654,2.932067211297711e-05,3.053918983394629e-06,1
0.005848249118520188,0.9937384727825919,2.1353076144998127e-05,1.2217303490255488e-07,0.00035622272741304777,3.263501534221339e-05,2.945106952602326e-06,1
0.005885938587914864,0.986990049350167,2.0021486744309497e-05,1.4091968515725785e-07,0.007072033013844917,2.879393905598558e-05,3.0227025877889676e-06,1
0.005594866876374218,0.9830404090625688,1.9532108779858455e-05,1.3796443825537567e-07,0.011309551118311082,3.255273443168381e-05,2.9501350959736676e-06,1
0.005708495285262468,0.9819081871915238,2.6672514010668587e-05,1.4489003571682367e-07,0.012323569118672096,2.9605195708421754e-05,3.3258047868018833e-06,1
0.053208910593127795,0.9467747855894735,5.003468809838916e-06,8.479980719585114e-08,3.608410988134855e-06,3.353247411711613e-06,4.253890381735668e-06,1
0.1694383982150982,0.8305365718469925,6.323877553174465e-06,1.2916186442108648e-07,8.861745946985337e-06,4.455482794925609e-06,5.259669749921098e-06,1
0.41777925240836966,0.5821073325452495,9.281145026787595e-06,1.952586858775792e-07,9.057898802103684e-05,6.5831750659500715e-06,6.7764795810128594e-06,0
0.32178972911551784,0.6781105623255842,8.933456762683575e-06,1.8794394687198635e-07,7.758134674984944e-05,6.483190881857851e-06,6.5226205565650765e-06,0
0.29025508014179857,0.7096234330976562,9.62545258870133e-06,2.1782413567054725e-07,9.790953065621594e-05,6.706082924850066e-06,7.0278702398337915e-06,0
0.16085705136595177,0.8390393342041742,7.787803261201368e-06,1.762381039759848e-07,8.471136133175508e-05,5.425786890617312e-06,5.5132402866454355e-06,0
0.18781178019603084,0.8120456453812869,8.394071570568012e-06,1.8995796486099392e-07,0.00011873589122491804,5.715905035261537e-06,9.53859688692153e-06,0
0.14504655822412763,0.8545441041597533,8.590614649806987e-06,1.729143166653919e-07,0.0003804727837488793,1.4188079067220843e-05,5.913224336360423e-06,1
0.127260450742311,0.8723021973730583,1.0116659822382527e-05,1.8967777422604587e-07,0.00040415746166298615,1.7937645913312542e-05,4.950439457834444e-06,1
0.14784925711694058,0.851942859871476,7.324470889409931e-06,1.7269897207664656e-07,0.00018045742306146926,1.4905275378768666e-05,5.023143281575206e-06,1
0.1170864293687867,0.8824985008403156,1.1148103366204819e-05,1.9201235133918922e-07,0.00038115089821843374,1.625374228797084e-05,6.325034673837493e-06,1
0.04349937920022994,0.9564310243309291,8.426641215257915e-06,1.1282224863493704e-07,4.573795758741794e-05,1.0724803978945653e-05,4.594243810737738e-06,1
0.058843385502556765,0.9410752195778248,8.10205217496986e-06,1.1834362254165541e-07,5.480949947620707e-05,1.3545944225377609e-05,4.819080119219668e-06,1
0.17679134752553868,0.8231265934327713,1.5156658164263873e-05,1.355716247439596e-07,4.8752579039987444e-05,1.2493609886325111e-05,5.520622974879454e-06,1
0.16728776555636599,0.8325959307816331,1.3917612934903522e-05,1.0836450375521901e-07,8.903053527821259e-05,9.677579241437683e-06,3.569570042707259e-06,1
0.17580938324969245,0.824103952497734,1.5005574375776685e-05,1.1683552548836156e-07,5.618401340298496e-05,1.2024458400028753e-05,3.3333708692652965e-06,1
0.093184685325717,0.9051991950674514,1.4667744169112808e-05,1.6704475989535512e-07,0.001567474722930362,1.7369954895125478e-05,1.6440140076744456e-05,1
0.14538461646591175,0.8524052542115856,1.1334040477845797e-05,2.1899922839115849e-07,0.002169707685839054,2.0703765617595372e-05,8.164831339834745e-06,1
0.19431161241928968,0.8041695107118806,8.835570802140762e-06,1.8410700178194405e-07,0.0014877387333876117,1.7842286670664826e-05,4.276170967635067e-06,1
0.26192538574719454,0.7351550182019544,1.673807016580443e-05,1.441482843317445e-07,0.002875831990012186,1.2635920052729205e-05,1.4245922336146423e-05,0
0.2555399483244474,0.7414750372920088,1.7388904716273994e-05,1.2765969438921777e-07,0.00293900722384209,1.3704862266476415e-05,1.4785733024576297e-05,0
0.7990772148289795,0.20003359463609846,1.648319582174669e-05,7.324676245708195e-08,0.0008621615940041307,8.382711272205458e-06,2.0897870616356316e-06,0
0.7665103485769627,0.23336975744894708,2.094747305272361e-05,7.847767783473489e-08,7.617878444336544e-05,2.0450234948604414e-05,2.2390039680863263e-06,0
0.7938315601626912,0.20604008337345647,2.3399013625834406e-05,7.959055624048165e-08,8.186686857193706e-05,2.0740236201122024e-05,2.2707548969518768e-06,0
0.8092920707145456,0.1905866028045928,2.1325674606223432e-05,7.089841074685105e-08,8.096851291653649e-05,1.693863090947903e-05,2.022764018674279e-06,0
0.3884385509164902,0.6112766369714479,4.038746209928527e-05,2.1111300303647523e-07,0.00019418545121922164,4.449978354420044e-05,5.528302196333599e-06,0
0.3777142139322547,0.6220251493909216,3.3113511776562893e-05,1.9651957321671153e-07,0.0001807621579420319,4.14183356007781e-05,5.146151931005316e-06,0
0.5588045058013239,0.4400521117213056,2.3651447109513005e-05,1.661130106954197e-07,0.0010781352952086215,3.7079661432563805e-05,4.349960609090767e-06,0
0.3159633173140759,0.6837686885153135,3.756760803108376e-05,1.9543698582376189e-07,0.00017709302061539472,4.132155721361205e-05,1.1816547764430695e-05,0
0.31596331744135026,0.6837686887907449,3.756720523252067e-05,1.9543698590248658e-07,0.00017709302068673024,4.132155723025694e-05,1.1816547769190563e-05,1
0.39311098961071334,0.6066493584777731,3.670442750395246e-05,1.7495234075977533e-07,0.00015853109051130006,3.751015004372235e-05,6.7312911138912435e-06,1
0.5455699138130309,0.45426101939413743,3.1247741122233794e-05,1.3167083770378515e-07,8.905786150020734e-05,4.17573064254541e-05,6.872212946062313e-06,1
0.04340437033755352,0.9563253764156068,4.000723145264992e-05,2.2696479406017686e-07,0.00014553950708426792,6.537139742154356e-05,1.9108146087142618e-05,1
0.0276038815941451,0.9682142854507519,3.446090769845818e-05,1.9438181699828068e-07,0.004061307623090444,6.595660024119926e-05,1.9913442255750377e-05,1
0.03949340429483909,0.9568816879392189,3.701757747092412e-05,2.087264384129667e-07,0.0035131650279370177,6.882142346642989e-05,5.6950106293498585e-06,1
0.09405560897845969,0.9037179847832019,3.1409695030320606e-05,2.536201333720862e-07,0.00213165216190648,5.7848068496795556e-05,5.2426927714454825e-06,1
0.04035957512865734,0.9534477797518605,3.514507385085993e-05,1.9468629775992825e-07,0.006099366214181707,5.284276838883799e-05,5.096376763102766e-06,1
0.027856425992477812,0.971731843135039,3.871735008146971e-05,1.7830583137846663e-07,0.00032265277618899094,4.6664619908265155e-05,3.5178204730887894e-06,1
0.008056332378761612,0.9916102220709511,2.2407519534856153e-05,1.2945747867634454e-07,0.00028108400345977215,2.7268984307178727e-05,2.5555855070588122e-06,1
0.008189257153995972,0.9914773419788738,2.240451682956657e-05,1.2944013080991103e-07,0.0002810463369780943,2.7265330144419067e-05,2.5552430474613506e-06,1
0.006230898976316326,0.993395535588378,2.552314230421219e-05,1.303220587458825e-07,0.0003178882181309447,2.7451099860405835e-05,2.572652951272885e-06,1
0.006035200163545717,0.9935667552021571,2.3489658747636804e-05,1.3301985628137721e-07,0.00033978376609512204,3.1584887151279035e-05,3.0533024469690127e-06,1
0.006547284369314952,0.9932127449833269,2.3561195207308746e-05,1.400065635390039e-07,0.00018272006751167506,3.0358341293271815e-05,3.1910367823614805e-06,1
0.005666922786539782,0.9904535362600625,2.0707016177632967e-05,1.421553562954606e-07,0.003821549247744173,3.403679587937715e-05,3.1057382400612367e-06,1
0.006743697110229229,0.9860576129822215,2.75003119217974e-05,1.584919340457803e-07,0.007135008626835625,3.2384454199473795e-05,3.638022658432816e-06,1
0.005976464929879692,0.9817661419427995,2.7736788033966423e-05,1.4308704443523527e-07,0.01219246741900722,3.3761414296435656e-05,3.2844189385259657e-06,1
0.0051510358199925,0.9820047086774444,2.3321610138175893e-05,1.4509978464680268e-07,0.012787810119838965,2.9648053439051325e-05,3.3306193621582877e-06,1
0.005335194101537013,0.9754979974668782,2.454650131647343e-05,2.942862700767968e-07,0.01909569762501026,4.283393659780555e-05,3.436082390137151e-06,1
0.002175690649537113,0.3954316504728239,7.675406581361425e-06,2.209959118029785e-07,0.6023668358858105,1.6774371327143935e-05,1.152218007993452e-06,1
0.0069077026136120535,0.943688619837827,2.951992764509041e-05,4.1391755059847266e-07,0.04933400555676382,3.563436821207366e-05,4.103778389126623e-06,1
0.023918327800038264,0.9760730927017189,2.660797791434777e-06,4.971444643658918e-08,2.40522839108902e-06,1.710334865808247e-06,1.7534227479462409e-06,1
0.08296229390437436,0.9170202086777061,5.175302656399671e-06,9.669555030936137e-08,5.5375045682792485e-06,3.2774743234847583e-06,3.41044082133899e-06,1
0.16427785888905283,0.8356980975272381,7.245229613877966e-06,1.3537014376643023e-07,7.469649507557915e-06,4.5640241360426415e-06,4.629310307979119e-06,1
0.15810445786916924,0.8418725333415613,6.410012695924266e-06,1.197649193242706e-07,8.217025150340062e-06,4.037891718504047e-06,4.2240947853452565e-06,1
0.4349238714308836,0.5649753095789999,9.81567142616752e-06,2.0650416496540283e-07,7.650662707582635e-05,7.123431968156259e-06,7.166755481287646e-06,0
0.3536445615848819,0.6462664736376025,8.112498072026432e-06,1.7067244484989425e-07,6.887099179999909e-05,5.887404498261866e-06,5.923210700557393e-06,0
0.3741177222268857,0.6258015655562978,7.437333839009606e-06,1.5646819736643058e-07,6.241281635466059e-05,5.275348089573094e-06,5.430250335681775e-06,0
0.3148313711041124,0.6850340436756441,1.0706547237816816e-05,2.2524659812000805e-07,0.00010389282764355407,7.5942218998821086e-06,1.2166376864166664e-05,0
0.1338440736371665,0.8657872465449674,9.814551000524442e-06,1.6876438915012023e-07,0.00034021684451669915,1.2527357568600743e-05,5.952300391326148e-06,1
0.13875228902359013,0.8608138349488941,1.0082770633981453e-05,1.890423840934231e-07,0.0004009205524449074,1.7749805773426212e-05,4.933856279354576e-06,1
0.16274893427088957,0.8367194868916583,1.0410768275158271e-05,2.126847250457845e-07,0.000492427110679764,2.2977371146514815e-05,5.550902625473465e-06,1
0.13719916020740666,0.8626493918785907,6.890297080755877e-06,1.5681579543379396e-07,0.00012496936316971167,1.4706052326782953e-05,4.7253856301481514e-06,1
0.1372956349727545,0.862535438149689,7.37738895570539e-06,1.5609122974218295e-07,0.00014132099924842528,1.5012963478367256e-05,5.059434644214153e-06,1
0.15718256671259365,0.8427177365115456,1.3143995423605527e-05,1.1756897832576515e-07,7.047165090799047e-05,1.1176024780614807e-05,4.7875357701445736e-06,1
0.14777423555349134,0.8521533879574866,1.5380446942212483e-05,1.1959521693542152e-07,4.1844835394612205e-05,1.0813549493372087e-05,4.218061974909883e-06,1
0.1535724061139049,0.8463536069607498,1.3306170423267696e-05,1.1878124837496643e-07,4.479257039845707e-05,1.1580049554127462e-05,4.1893537211719284e-06,1
0.07324690581967463,0.9250652564216487,1.103410287893721e-05,2.1285624346188327e-07,0.001651666630447335,1.702597151823846e-05,7.898197588819487e-06,1
0.20257192479723438,0.7957204880594835,1.0805611796364563e-05,2.0999884430339144e-07,0.0016721252417839405,1.9568741646486828e-05,4.877549210815229e-06,1
0.2933730339429346,0.7056629806934593,7.753259910149235e-06,1.6155486363686544e-07,0.0009335226860868743,1.5432613565624e-05,7.1152491798295306e-06,1
0.3248626991864953,0.6740525818964087,8.81553099793876e-06,1.7862828086725534e-07,0.001041957904866941,1.579128976533274e-05,1.7975563184685614e-05,1
0.5946242634663558,0.4045208126867777,2.408275020175242e-05,1.0214397230201808e-07,0.0008163992536620986,1.1425452112283099e-05,2.9142469179562598e-06,0
0.6380429782818501,0.361865358993126,1.5296073601533445e-05,6.487711214356969e-08,6.719396519566671e-05,7.256835493296817e-06,1.8509736212294086e-06,0
0.6979791712061121,0.30193988909953545,1.4202178368949816e-05,6.296874708429162e-08,5.8523530844845303e-05,6.289698200902859e-06,1.8613181905750037e-06,0
0.6819355390820564,0.31797605139723045,1.4878888454007569e-05,6.231843210313581e-08,5.929919331978919e-05,1.239114719573385e-05,1.7779733118209215e-06,0
0.624902999811609,0.3749055982418215,3.1853042860262446e-05,1.320403307067248e-07,0.00012978329965304786,2.5866392823461306e-05,3.767170902054072e-06,0
0.774960854210245,0.22493600118584237,1.7488585631776288e-05,7.92216070491147e-08,6.23131938668795e-05,2.1003374199062417e-05,2.2602286081231967e-06,0
0.7672276277972631,0.2326551575090754,1.857117602850199e-05,7.823737187360694e-08,7.594551790798473e-05,2.0387614423886945e-05,2.232147929332814e-06,0
0.512605018470733,0.4871662028133002,3.276067587410226e-05,1.5638538283760525e-07,0.00015439128264203345,3.7008625716609896e-05,4.461746351127614e-06,0
0.522361212902611,0.47625808401788405,2.4930742068717354e-05,1.920228498799697e-07,0.0013100755684390477,4.047629094371217e-05,5.0284552036371564e-06,0
0.35813625786089087,0.6416053576552672,3.9674064941760316e-05,1.8910717319508304e-07,0.00017135733228794043,4.22119320241517e-05,4.952047414797036e-06,1
0.3163836168715053,0.6833406698217556,4.6364987905643906e-05,1.9531464813157126e-07,0.00017698216569530967,4.036168753010908e-05,1.1809150959895117e-05,1
0.29177451024354906,0.7079600985760449,4.681546817268161e-05,1.972696806363973e-07,0.00015933490801748763,4.8747562573503576e-05,1.0295971961421306e-05,1
0.25463072335934833,0.7450907813898128,5.030686919250134e-05,2.0841000888237664e-07,0.00016833296170030098,4.8769597853288224e-05,1.0877412083854752e-05,1
0.05577536272639089,0.9439493859534525,4.1189351354040834e-05,1.947583713389432e-07,0.00015993289476130636,5.893618498813488e-05,1.499813068163414e-05,1
0.07017460208135855,0.9263338410892977,4.615113926488914e-05,2.4268535178234e-07,0.003352353571010505,8.71147375130174e-05,5.694696203467581e-06,1
0.044534417854262605,0.9488443712974864,4.161334213051812e-05,2.328213482341755e-07,0.006513838646145324,6.0932622315301225e-05,4.59341631156816e-06,1
0.0361127540480715,0.9634894920708386,3.395676581617256e-05,1.7390025614704684e-07,0.0003146806808955405,4.551163185362827e-05,3.4309022684232016e-06,1
0.034490699640134924,0.965126507466849,3.458035550933472e-05,1.7709379960635687e-07,0.00029819411786854614,4.634741770839883e-05,3.4939081301833472e-06,1
0.010107370907905684,0.9895331247989875,3.206024791077986e-05,1.3500248811560915e-07,0.0002865778235534976,3.806773634523545e-05,2.663482808944013e-06,1
0.011849728075763916,0.9878052554215189,2.8528638227689877e-05,1.3197872451680077e-07,0.0002859393161562189,2.7811212860657393e-05,2.6053567477432604e-06,1
0.008504350630460475,0.9911600041184786,2.5355272335490348e-05,1.2939870146763427e-07,0.00028034955137369876,2.725660344824089e-05,2.55442520188169e-06,1
0.0058711902438664055,0.9937465224033111,2.209899896928995e-05,1.4135895420915674e-07,0.0003227357809032782,3.356496346736846e-05,3.7462505280144925e-06,1
0.0057089730086453214,0.9907810075509395,2.420373307758389e-05,1.5784567654835059e-07,0.0034472664277858133,3.4768245406524125e-05,3.6231884687121438e-06,1
0.004960861149543538,0.991502616530015,2.1183317260742275e-05,1.3814790610366448e-07,0.0034816003391367435,3.042947014350675e-05,3.171045994523665e-06,1
0.00591322547256419,0.9855322129457285,2.3548147254356694e-05,1.4157298099721128e-07,0.008502415178736528,2.566189690993695e-05,2.7947858257592647e-06,1
0.0064627233393292636,0.9704860264916114,2.712254198002604e-05,1.5631474097008112e-07,0.022988443673830808,3.193959112257409e-05,3.5880473849978367e-06,1
0.004705506908494688,0.9811911660678181,2.420050032150278e-05,3.109953254165966e-07,0.014037055765117188,3.827771404728412e-05,3.482048875897523e-06,1
0.005116666804240989,0.9810296938988863,2.6315102506282147e-05,3.218681243726492e-07,0.0137816218371708,4.1622361334630804e-05,3.75812773669231e-06,1
0.005112114248548131,0.980156822459589,2.6291688636607495e-05,3.215817421206824e-07,0.014659109909715426,4.1585327827214006e-05,3.754783941507526e-06,1
0.004434457621719742,0.9836951585494476,2.469097474295251e-05,3.45113680836903e-07,0.011793875499067324,4.82726398699353e-05,3.199601471298563e-06,1
0.0063981024432364225,0.9840538154526738,2.209830063191452e-05,2.8554765095679366e-07,0.009493196810005865,2.9634086737469147e-05,2.86735906355366e-06,1
0.0020317210436572143,0.34594619058218956,6.235316427129452e-06,1.9240490024492364e-07,0.6519991243777623,1.5541773449018857e-05,9.945016145632336e-07,1
0.029052256218114105,0.9709375206529983,3.2387960833475356e-06,5.489177485716974e-08,2.5315212166149507e-06,2.1705910431959863e-06,2.2273287695829487e-06,1
0.034772574852358996,0.9652171241071029,3.105924428357524e-06,6.141189193824853e-08,2.834396255056336e-06,2.112764145754031e-06,2.1865438169943293e-06,1
0.02347875571723959,0.9765129771095075,2.574831200315087e-06,4.8108243401051014e-08,2.3007423511880424e-06,1.6306182858513048e-06,1.7128731721992633e-06,1
0.09856884322519294,0.901413632151709,5.243292749805091e-06,1.1323428704865618e-07,5.33348425733928e-06,3.379366609622305e-06,3.455245194221368e-06,1
0.16704678024289069,0.8329312333346975,5.9316673759524126e-06,1.247916688672042e-07,7.391682002600359e-06,4.207369312318042e-06,4.330912052175344e-06,1
0.4193318137535592,0.580580578220119,8.765807492023557e-06,1.8441690616925746e-07,6.589606339675351e-05,6.361524403610225e-06,6.4002141232941456e-06,0
0.2770691415681798,0.7228456653896231,7.841640281550915e-06,1.6497408154716503e-07,6.580568593609343e-05,5.56212521500954e-06,5.818616682683988e-06,1
0.26290467181850546,0.7370006385598459,8.71561086226328e-06,1.833608588890796e-07,7.324504797634734e-05,6.182038094154687e-06,6.363563857015102e-06,1
0.14674926617294276,0.8530162258251152,7.337119688268832e-06,1.5435987093434655e-07,0.0002164551762496757,5.204265556490387e-06,5.357080576534239e-06,0
0.11458733918377062,0.8848962576088019,1.0370773890738296e-05,1.8052484843601298e-07,0.00047849287082588055,1.7608243143312767e-05,9.750794718990287e-06,1
0.073960241514413,0.9259081724064869,9.823212987810972e-06,1.652787212491414e-07,9.928211973994497e-05,1.7599937276282878e-05,4.715530374909315e-06,1
0.07033348570855141,0.9292592623956443,1.2455989595216432e-05,1.4244667877807316e-07,0.00037607276193367433,1.3888394334993636e-05,4.692303261537199e-06,1
0.05324918356365795,0.9462186815273234,1.1018867048260593e-05,1.3303236189556384e-07,0.0005013035380390484,1.1880695752587892e-05,7.79877581670763e-06,1
0.11844328710290751,0.8814312855975626,1.4969035812496217e-05,1.165558699841646e-07,9.564656072138356e-05,1.0855750207655753e-05,3.8393969185423265e-06,1
0.07361520564709549,0.9246140955277324,1.0456255932048222e-05,1.866810400749062e-07,0.0017365889346996795,1.6995800727475467e-05,6.471152772666501e-06,1
0.2196129006720828,0.7788939066755806,1.0288770596530604e-05,2.707984024069102e-07,0.0014573877679584623,1.9523812876354372e-05,5.721502502772531e-06,1
0.4247619460791436,0.5748854688449179,5.104311360416491e-06,1.1905355401874652e-07,0.00032498167223263274,1.0614184676325829e-05,1.1765854115127854e-05,1
0.37997447913800064,0.6189272561564665,1.4835755120237335e-05,1.1715673663122075e-07,0.0010592474403443846,1.1449555677183805e-05,1.2614797654306938e-05,0
0.6773082576635437,0.3226085730961883,1.393692184385374e-05,5.9112375172490104e-08,6.12233613478921e-05,6.263341656936825e-06,1.6865030442533335e-06,0
0.6904064841071199,0.3095063947230669,1.55491102435057e-05,6.065850921879766e-08,5.7719691321866615e-05,1.2061094784284219e-05,1.7306149542943787e-06,0
0.7240024459022125,0.27586718394094634,2.2393585739183777e-05,9.58365513192734e-08,8.609071835713837e-05,1.9055755641658135e-05,2.73426055168757e-06,0
0.5648773034441862,0.4339192675698297,2.2714426697319726e-05,1.7495223109632065e-07,0.0011390801824667192,3.6877993486362275e-05,4.5814311025700035e-06,0
0.44017875031365233,0.5595689780866151,4.024704252473729e-05,1.7678747694778973e-07,0.00016019397847186838,4.702435307641217e-05,4.629438182573159e-06,1
0.367432311270266,0.6323025459725935,4.102131563299358e-05,2.2395797055119422e-07,0.0001755731520267514,4.3250451321019214e-05,5.073880189386154e-06,1
0.4100450163797326,0.589707992276874,3.748558338668282e-05,1.767025869811751e-07,0.000160117056385988,3.7885406516959886e-05,1.132659451672614e-05,1
0.24933566384054717,0.7504433317550208,3.471791844028769e-05,1.6488671212978263e-07,0.0001355735832034599,4.510541540509088e-05,5.442600670952129e-06,1
0.06172822057171435,0.9347438893195138,3.120449424063326e-05,2.505312131661623e-07,0.003393191950385034,7.855740362893095e-05,2.4685729303763727e-05,1
0.09960143667040092,0.8979017089208449,3.085216742471469e-05,2.2681811506650146e-07,0.0023719250381157493,8.55668830023909e-05,8.283502095997239e-06,1
0.01612535832624138,0.9834858086808779,3.1949982732508456e-05,1.4713993136565716e-07,0.0003123426973617803,4.1490228745171185e-05,2.902944109933907e-06,1
0.007091493976296637,0.9924981209450884,2.7814423139576063e-05,1.4194879032297554e-07,0.00034624873529355186,3.337779823774584e-05,2.8021731537106873e-06,1
0.005248679640030866,0.9923860610665736,2.141849889193083e-05,1.3968165313217894e-07,0.0023073449367257016,3.31499245125129e-05,3.2062516122456865e-06,1
0.0050956937982424965,0.9927047860043826,1.8229273038599652e-05,1.720665799115799e-07,0.002134243179174687,4.373954245790081e-05,3.1361361240378095e-06,1
0.004784671039455534,0.9908178926163189,2.6672946382306927e-05,1.3860680747771994e-07,0.004341263626926136,2.662493338147972e-05,2.7362307282355343e-06,1
0.004801268742522257,0.9900892258103866,2.6689291508392378e-05,1.3869174544115497e-07,0.005052853106495303,2.7086449857331936e-05,2.7379074847367045e-06,1
0.00540394599798006,0.9886559463351162,2.4740125239051755e-05,1.5419345268495818e-07,0.005881584995694909,3.0113927913987206e-05,3.51442460287809e-06,1
0.0052958426936869024,0.9885363603057152,3.0428067801319603e-05,1.5812041441563992e-07,0.006103208502240256,3.088086218012853e-05,3.121447961745724e-06,1
0.004980350725126318,0.9818324677199802,2.5057716222006217e-05,1.5590129523699243e-07,0.013123109400481656,3.527997973992408e-05,3.57855715475953e-06,1
0.028506722210589017,0.9714833466583224,3.1462880716244694e-06,5.3323930256487485e-08,2.4592147211279736e-06,2.1085936044864715e-06,2.163710761339979e-06,1
0.03309684374538793,0.9668922851247574,3.2881920374670814e-06,6.501577830852919e-08,2.9993679604997874e-06,2.2036954476792686e-06,2.3148586304837207e-06,1
0.09492973059388606,0.9050513240033597,5.681743676988832e-06,1.0615791346691458e-07,5.751370273688994e-06,3.661953620110658e-06,3.7441772701787595e-06,1
0.08074276657220165,0.9192406224095835,5.003533683299204e-06,9.348621232803888e-08,5.064849195164636e-06,3.1519012803042058e-06,3.297247843730828e-06,1
0.17190504659880262,0.8280710509991434,6.473613030766594e-06,1.361932358151035e-07,7.974215980048606e-06,4.591774804482584e-06,4.7266050031277625e-06,1
0.46167273065240727,0.538267185139717,8.860274234498667e-06,2.2707731895244845e-07,3.5802924074753424e-05,7.029048649838705e-06,8.164883597697434e-06,0
0.440662364459665,0.5592480290328443,1.1132406499720182e-05,2.0799830352469024e-07,6.375505390584843e-05,7.174972790007799e-06,7.336075991504909e-06,0
0.4457914267906304,0.5541175553238429,1.1328267066267554e-05,2.116577697479423e-07,6.48767431810803e-05,7.136072569866924e-06,7.465144939891481e-06,0
0.4449171545523091,0.5549825123393708,1.1222026613324175e-05,2.0967276911232298e-07,7.443712675572284e-05,7.0691479839947384e-06,7.395134198172328e-06,0
0.4161607327366846,0.5837395692508432,1.1055534804260984e-05,2.065620298631974e-07,7.4186227894906e-05,6.9642689566189465e-06,7.285418786389495e-06,1
0.38452607154367374,0.6153833790360526,1.0217923021989677e-05,1.898212669526998e-07,6.704685026656403e-05,6.399851694042131e-06,6.694974024167677e-06,1
0.2225490725223438,0.7773646065421156,8.844009031690679e-06,1.6524179879659777e-07,6.59124743301892e-05,5.571151341111277e-06,5.828059038957063e-06,1
0.11186611149641684,0.8878691899619221,8.180566838332875e-06,1.5284601979691867e-07,0.0002458210416036272,5.15322584465025e-06,5.390861354290601e-06,1
0.1097957865035986,0.8898834589927369,9.122946968847257e-06,1.7634104796589233e-07,0.00029086602382129913,1.4469251474290544e-05,6.119940352279574e-06,1
0.18448365595396612,0.8150536707914886,9.709199962225207e-06,2.0512825917540416e-07,0.00042814508043467335,1.9260161029312418e-05,5.353684859927935e-06,1
0.2718382687061273,0.727616558986035,1.0667590687440951e-05,2.3764240957127045e-07,0.0005037549381648662,2.3568919035629383e-05,6.943217540303621e-06,1
0.12096612861422357,0.8787757799612106,8.649150503079529e-06,1.6557369609242268e-07,0.00022776460100993722,1.4769683825551786e-05,6.742415531265518e-06,1
0.09395670919663436,0.9059211149445274,8.236611954927696e-06,1.4348255901131626e-07,9.473998201441521e-05,1.3995169129259697e-05,5.060613180614976e-06,1
0.1119639708907068,0.8875599767098323,1.2571237876301543e-05,1.3100841945618666e-07,0.0004473346910598915,1.169994391145417e-05,4.315518193729371e-06,1
0.11501991241484773,0.8848725619841948,1.502747779239176e-05,1.1701092640166851e-07,7.596749518646514e-05,1.2559230393553908e-05,3.854386658718988e-06,1
0.09093458667739059,0.9079924190702976,1.106004134980295e-05,1.4721434837237276e-07,0.00102546417486462,1.682593189964807e-05,1.9496889849432825e-05,1
0.48770014699775105,0.5112299004923165,1.1752625708030685e-05,2.1784358844934679e-07,0.001017031159327474,1.9421781209410986e-05,2.152910009899721e-05,1
0.33536565628047466,0.6641482399877409,8.844676035565964e-06,1.8916494244496543e-07,0.0004378994325733496,1.8802210184883808e-05,2.0368248048281204e-05,1
0.373651774300049,0.6259408862609845,6.170043472367773e-06,1.1955464445256856e-07,0.0003761627043690891,1.2014145206218857e-05,1.287299127449285e-05,0
0.43098507621493354,0.566643497880995,3.443442809994193e-05,1.810886810463471e-07,0.00231091912811505,2.0724658359685067e-05,5.16660081571602e-06,0
0.6735979043546361,0.32621359604921485,5.1562720617445495e-05,1.1332694810669358e-07,0.00011138979421040896,2.2200484817950076e-05,3.233269555151037e-06,0
0.6651500618922097,0.3339547005424765,1.4860936352372801e-05,1.2701517413413325e-07,0.0008476815916542507,2.8944180496523956e-05,3.6238416365834077e-06,0
0.4371061404393402,0.5626170189911692,4.015660530315493e-05,1.9754039803271468e-07,0.0001896746792360784,4.163886083403501e-05,5.17288371915295e-06,0
0.37922484407762846,0.6205170808000687,3.355383161625932e-05,1.8951645629953579e-07,0.00016925007674459654,4.9351839465715964e-05,5.729858020049908e-06,1
0.4065928252929187,0.593129672094589,3.8727053841028224e-05,1.9050807638339013e-07,0.0001829223725362627,5.0673945928909536e-05,4.988732110014179e-06,1
0.33592039550283814,0.6637926077343351,4.1285891396636784e-05,1.9461678748212596e-07,0.00018686748182776756,4.172624880455556e-05,1.6922524010219417e-05,1
0.25517986285522976,0.7445400236725406,5.186117224738653e-05,2.1172069148704983e-07,0.00017100700317788104,4.598337166101118e-05,1.1050204451951641e-05,1
0.20678841009744878,0.792958654480486,3.574241854104814e-05,1.7887782432661973e-07,0.0001665762654855816,4.494875848622096e-05,5.489101728070945e-06,1
0.04606301657032593,0.9536625632451566,4.1906109463076436e-05,1.9204386179903926e-07,0.00017523793087527214,4.791230279501781e-05,9.171797522151744e-06,1
0.08476075187674108,0.9148969344138598,5.1727491787762316e-05,2.3951021120874447e-07,0.00019668248989843006,7.247862064824769e-05,2.118559685378387e-05,1
0.03778215431705167,0.9568031832559202,3.3763322749022395e-05,2.066082610378451e-07,0.005317136328252444,5.8341210948980664e-05,5.214956816578753e-06,1
0.03165532134252157,0.9619428262507463,3.529156555980569e-05,2.2878605087482835e-07,0.006310080068945702,5.1924762676217583e-05,4.3272234995412545e-06,1
0.03804406701483193,0.9615564186338711,2.8772936752960024e-05,1.7527651559769753e-07,0.00031768395586262037,4.942412748401212e-05,3.4580546819721704e-06,1
0.02442482343841375,0.9751647509910705,3.065570015320011e-05,1.5699475438469337e-07,0.0003322464319512269,4.4269072377270524e-05,3.0973712798532577e-06,1
0.010414282182502036,0.9892299759050153,3.187572859785706e-05,1.452484192924767e-07,0.0002867746677698975,3.363575826782972e-05,3.310509427745745e-06,1
0.009644959146733818,0.9899329470355691,2.8732072869458083e-05,1.4663194583705188e-07,0.00035767212728049714,3.264836352552125e-05,2.894622075792645e-06,1
0.007638889697035969,0.98623194139049,3.110472215335284e-05,1.5873879594955827e-07,0.006059949688604782,3.482210751615535e-05,3.1336554036865023e-06,1
0.007052671364789173,0.9926808409209626,2.6855030148757415e-05,1.5973827157748936e-07,0.0002013861140758963,3.4821258867531195e-05,3.2655728843035944e-06,1
0.007435101640249279,0.9923280400576671,2.5309813275398484e-05,1.371261349925378e-07,0.00017982007858305223,2.88843136869995e-05,2.706970403015847e-06,1
0.005006733579137573,0.9905650631629439,2.419202217910702e-05,1.39425341594252e-07,0.004369976683140196,3.069475901835433e-05,3.200368239137711e-06,1
0.037256559550017936,0.962733123814885,3.089225376001333e-06,6.108170991919914e-08,2.9211891135275684e-06,2.07035106842283e-06,2.174787829197033e-06,1
0.11226303313993674,0.8877199079623057,5.410358988993907e-06,1.0108735170590266e-07,4.555778808762696e-06,3.426333461934845e-06,3.565339146174605e-06,1
0.3725303832855636,0.6274279836792959,9.928884978457606e-06,2.246908151772017e-07,1.7469013524260398e-05,6.761029277125656e-06,7.2494165455392455e-06,0
0.32923765004489725,0.6707255678809929,8.832987656397018e-06,1.8583025663137623e-07,1.5048697351879001e-05,6.265294199110719e-06,6.4492646457040315e-06,0
0.3815850362127253,0.6183241106464578,1.1296186596139292e-05,2.1105837703234927e-07,6.478602745823175e-05,7.115863957060434e-06,7.444004428474651e-06,1
0.2397843098966085,0.7601228624820354,1.002115657067056e-05,1.8616588052996e-07,6.977764012756144e-05,6.276609807790368e-06,6.566048969871013e-06,1
0.12876879257828772,0.8711383705688569,9.097302933779193e-06,1.699743516304243e-07,7.184388989260868e-05,5.730710049979529e-06,5.99497562738319e-06,0
0.09913700619459535,0.9005702631071697,8.625792986863712e-06,1.6116464197277737e-07,0.0002728257930099504,5.4336894042867565e-06,5.684258191632947e-06,1
0.13460769351588897,0.8652050031684134,1.1592483702698573e-05,1.693251365080216e-07,0.00015484755082738436,1.3798776076964433e-05,6.895179954115826e-06,1
0.08885192290645808,0.9109848967483382,1.0345988031051992e-05,1.4028366476760065e-07,0.00013627104555766038,1.147523939770294e-05,4.94778855241844e-06,1
0.10155595602989852,0.8980094145431736,1.4328964170594202e-05,1.270688928049469e-07,0.00040359856957652854,1.238907713485975e-05,4.185747152992613e-06,1
0.10772857463806934,0.8914047547356134,1.6549775879107053e-05,1.2613432931874232e-07,0.0008286877180723899,1.2297958223988423e-05,9.009039812286024e-06,1
0.07633261425051519,0.9229303878780407,1.0922936449811053e-05,1.4251980677794507e-07,0.0006907678976353154,1.6289367101167267e-05,1.8875150451255286e-05,1
0.05479956160641819,0.9441218540876899,1.0070991631531712e-05,1.682565381065077e-07,0.0010293122055408152,1.9545133179934654e-05,1.9487719001561324e-05,1
0.05843987226371752,0.9404908996977215,8.542528793623642e-06,1.611873768028155e-07,0.001025557456958964,1.7611088877237724e-05,1.7355776554245413e-05,1
0.2140811290163192,0.7854604794894524,7.01504162691138e-06,1.428493918857464e-07,0.0004222511637732572,1.3601196961704417e-05,1.5381242474786317e-05,1
0.21046830656384358,0.7890909626346021,7.101978360055551e-06,1.5581198279820778e-07,0.00040554334242798046,1.3157038133729662e-05,1.4772630649917301e-05,1
0.5172110854698554,0.4818131857015425,2.1863779673458415e-05,1.4182768695712718e-07,0.0009232520285392248,1.4044502000527274e-05,1.6426690701982288e-05,0
0.43610091825878994,0.562697230900336,3.978698280989957e-05,1.7982752780757055e-07,0.0011333186290715912,2.0580325926195395e-05,7.985075538523818e-06,0
0.5279932860547052,0.47188623955085096,1.658230420237805e-05,7.792606575842597e-08,9.148152197046716e-05,8.337604663698379e-06,3.995037541575916e-06,0
0.5574544764410596,0.44243227936203317,1.6660070524002436e-05,6.887301061932601e-08,8.651994971642019e-05,7.642416844319796e-06,2.352886811921594e-06,0
0.5363051174345524,0.4635778150759623,1.7440995088399642e-05,7.397463059618894e-08,8.960389524626464e-05,7.838094544799288e-06,2.1105299750507893e-06,0
0.8373621142534865,0.1625544208934939,2.259424057756381e-05,5.6565221981498215e-08,4.795301365833548e-05,1.1247201960603203e-05,1.6138316011206201e-06,0
0.6344808845105627,0.36423256876063725,1.9728953847151635e-05,1.3877033822569503e-07,0.001229879387156721,3.2840391853636335e-05,3.959225604446063e-06,0
0.3748622963099546,0.6248860401449384,2.9213591330069552e-05,1.8733628639168633e-07,0.00016975266318265515,4.684601174586246e-05,5.663942561965262e-06,1
0.3393856577906723,0.6603365149050348,5.6919406795294805e-05,1.9043524460600068e-07,0.00017256074921929057,4.082971721191406e-05,7.3269958219547504e-06,1
0.40962905976635106,0.5901276974940984,3.8771087350930775e-05,1.7652382726491128e-07,0.00015995507528510235,3.5126856359879014e-05,9.213196727338185e-06,1
0.3054159637652237,0.6942830665183032,4.606746093449877e-05,2.0974404052506632e-07,0.00020200805503860474,4.173741810394772e-05,1.0947038355588307e-05,1
0.028613243441194598,0.9710294246028224,3.779662721516297e-05,1.7817694261018416e-07,0.0002691012288329656,4.674064538346485e-05,3.5152776087062282e-06,1
0.037791564076322115,0.9617988810839974,3.666032885633101e-05,1.7648320400541715e-07,0.00031935464635596137,4.988151965930749e-05,3.4818616049005905e-06,1
0.01709291248537895,0.9825244547893248,2.9885786841743765e-05,1.5305185467516e-07,0.0003013974944015048,4.817681093358452e-05,3.0195812647185796e-06,1
0.01222179708907753,0.9807446337569917,3.8484286670702e-05,1.9639941803583586e-07,0.00694728151469162,4.37298411066277e-05,3.877112043891586e-06,1
0.007680257403534833,0.9920752368444166,2.577339302457149e-05,1.3956635584809704e-07,0.00018302005724525654,3.2817593272023963e-05,2.7551421511160933e-06,1
0.005384476158881231,0.9915889506498388,2.00603068953295e-05,1.513554188197419e-07,0.0029633816333399267,3.950568448423972e-05,3.4742111417717908e-06,1
0.005041990933728827,0.9909828751078196,2.2696841185754008e-05,1.5581566739815822e-07,0.00390077861207316,4.807298432272059e-05,3.429705202503736e-06,1
0.005875052231733225,0.9910603458824221,2.8515499748508716e-05,1.481816941826235e-07,0.0030017510410755757,3.126191519221411e-05,2.9252481343650444e-06,1
0.004922262460652016,0.9924556943614665,2.4665602765164135e-05,1.4300425668767066e-07,0.002566482848474443,2.792868181040436e-05,2.8230405745416504e-06,1
0.005078866081905749,0.9794964993834259,2.6466069993415446e-05,1.7300326795644776e-07,0.015351157845731617,4.302958906264365e-05,3.8080266129090834e-06,1
0.00550613387079976,0.9871823359407881,2.463449902724393e-05,3.143190669289057e-07,0.007243352770469678,4.007232935419119e-05,3.156270494211483e-06,1
0.0047001182971367,0.9872999567078083,2.2088137429164947e-05,3.063723458574897e-07,0.00793538669600936,3.906731667559646e-05,3.0764725949351015e-06,1
0.0018389238594349034,0.9955602491255149,2.0257654726169093e-05,5.410155236509524e-07,0.0025155080719432314,5.9969378461381295e-05,4.550894395892025e-06,1
0.002230806473146277,0.9928237306386591,3.2075829107154304e-05,9.046551227164669e-07,0.004801780262820436,0.0001055643137736563,5.137827370327145e-06,1
0.04298787890845732,0.9570011194517047,3.3272506781901097e-06,6.578806529704615e-08,3.0363735755421682e-06,2.2298719446031467e-06,2.3423555742578176e-06,1
0.027063798498527494,0.9729266206068082,2.73458270474937e-06,5.5852409789589394e-08,2.550098085611527e-06,1.965965445316707e-06,2.274396018880487e-06,1
0.16357053149510134,0.8364062068792486,6.328273389986912e-06,1.3313554980948113e-07,7.691044646006721e-06,4.4886844749474454e-06,4.620487589251282e-06,1
0.19015895846719866,0.8098153142596155,6.70317071947334e-06,1.5169285337661192e-07,9.562522372086846e-06,4.56449375556881e-06,4.74539348508934e-06,1
0.294299482403761,0.7056546663019816,1.2017654171383325e-05,2.7195969317244384e-07,1.660381522990619e-05,8.183367203002476e-06,8.77449796000444e-06,1
0.3129082806424443,0.687058712316006,8.35717294668202e-06,2.0322227079450371e-07,1.2279820165278343e-05,6.064970020604003e-06,6.101856146491594e-06,1
0.37721175743698415,0.622750117295939,1.0621308367663507e-05,1.9844892672057347e-07,1.361550469971792e-05,6.690734501155647e-06,6.9992705814636726e-06,1
0.38838147525980476,0.6115822912906033,1.0094267420273556e-05,1.8860167375259114e-07,1.2939888452855272e-05,6.358732931465847e-06,6.651959113742421e-06,1
0.1944973159056863,0.8054068342451057,1.2734289843382577e-05,1.8519535535767242e-07,7.015465693902635e-05,6.243888410089853e-06,6.5318186598400245e-06,1
0.11201449296076377,0.8878889435568375,9.352726450730066e-06,1.7474669426877718e-07,7.498110337833551e-05,5.891610277909327e-06,6.163295597590544e-06,1
0.08391753811651596,0.915754280532892,1.1900777541457434e-05,1.7565699814393278e-07,0.0002959128979615552,1.3038994993301971e-05,7.1530230973404685e-06,1
0.13127479805196288,0.8682664062722188,1.1411675061742465e-05,1.9662752619969859e-07,0.0004207549099450816,1.5811905170019998e-05,1.0620558115331825e-05,1
0.1323526732133707,0.8672506170206928,1.0233463925905018e-05,1.9161280278198122e-07,0.0003620465718433067,1.4616424031273944e-05,9.621693333301341e-06,1
0.13422408377643377,0.8656156190692229,7.31075390928511e-06,1.5447583403769563e-07,0.00013241901017444052,1.4452228396840899e-05,5.9606860284761605e-06,1
0.12669802723219367,0.8731217170096763,1.1708226023895603e-05,1.7549072907510815e-07,0.00014687060281415673,1.4355186197555005e-05,7.146252365162173e-06,1
0.06156006822237484,0.9379065173078188,8.128621351526177e-06,1.2941677404868023e-07,0.0005042570050198319,1.3312607984984724e-05,7.586818675891068e-06,1
0.06308993683807787,0.9360120219988988,9.672076681565608e-06,2.095631276458014e-180,0.0008606976747812595,1.524139990915553e-05,1.2430011651423024e-05,1
0.061154453940749476,0.9382694188450553,1.2891524257030504e-05,1.32765708548872e-07,0.000542375270074207,1.2944510397215394e-05,7.783143758146893e-06,1
0.0777682420308294,0.921327221293914,9.4908778254003e-06,1.4345753567600018e-07,0.0008595064525073494,1.6396545258415205e-05,1.8999342129825673e-05,1
0.0605234483554041,0.9384030410932318,8.590843698624167e-06,1.6209902170161001e-07,0.001031357813305734,1.5945857839148302e-05,1.745393749881895e-05,1
0.16594027734890218,0.8322469795342099,1.1360150512834338e-05,2.2077588236238577e-07,0.0017749164797704333,2.1117848069881842e-05,5.127862652557939e-06,1
0.41796192745773586,0.5806806899974618,1.2333981434222081e-05,2.876792227709164e-07,0.0012906820939892385,2.5647956696459267e-05,2.8430833459562156e-05,1
0.437971308516567,0.5616577458908413,1.0064962161302406e-05,2.0495583641007233e-07,0.0003178833392398189,2.0723810071397495e-05,2.2068525282679315e-05,1
0.20688691633271464,0.7926206696089302,7.862893002335996e-06,1.5736548168488456e-07,0.00045234977570669896,1.5688635810012945e-05,1.635538835441065e-05,0
0.46616892606242255,0.531937178041413,3.8611245249948124e-05,1.699971892931981e-07,0.0018277754132506063,1.9790672052354578e-05,7.548568422157735e-06,0
0.5096775818886937,0.4885588003296799,3.546257798337436e-05,1.5613426977656437e-07,0.0017028892874674062,1.8176783640536813e-05,6.932998265161248e-06,0
0.609105022679149,0.3907962025968878,1.4814890923697302e-05,6.225739157850308e-08,7.541105306436319e-05,6.710290785602858e-06,1.7762317977925078e-06,0
0.596303066177551,0.40358786765930244,1.6248938318535685e-05,6.891861408145326e-08,8.347965007601433e-05,7.30237662173329e-06,1.9662795161745374e-06,0
0.64966322271321,0.3502402005730187,1.6183652843636485e-05,6.864171079328163e-08,7.109300296548294e-05,7.273036912498327e-06,1.9583793389764007e-06,0
0.7618145484304965,0.23805122397641829,4.089797598874248e-05,8.28363833673649e-08,7.441256652115759e-05,1.6470854365663855e-05,2.3633598263703866e-06,0
0.7175726357917506,0.28228669253652483,2.1689159499342365e-05,9.822931506866555e-08,9.655023252392529e-05,1.953152319264956e-05,2.80252719358368e-06,0
0.5958063045869625,0.40329622932990455,1.5046889861129598e-05,1.2860450314648898e-07,0.0008481867840240288,3.043461831593984e-05,3.6691864285617453e-06,0
0.6272157396545109,0.37187546618308587,1.5037216525419222e-05,1.4885058138345004e-07,0.0008594578297083427,3.0476080494499806e-05,3.6741850936112477e-06,0
0.4445803493457473,0.5551819099984807,3.369533152307124e-05,2.061114671751358e-07,0.00016158228203146184,3.7587372049069874e-05,4.669558701266145e-06,1
0.26677787644436823,0.7329873259215097,3.784099961693561e-05,1.7669260678099787e-07,0.0001350615586518666,4.58914393087472e-05,1.582694393777596e-05,1
0.05881148930010613,0.9346498724276362,5.169227625490536e-05,2.4441730709203806e-07,0.006391117289815227,7.396439748784721e-05,2.161989139273776e-05,1
0.07113873107728914,0.9233576056992454,4.736440056665435e-05,2.271781657846651e-07,0.005355713498834492,7.708488219513135e-05,2.3273263703262062e-05,1
0.08504938699504169,0.9113761557035116,4.29001011202257e-05,2.2118930282775582e-07,0.003458945959126921,6.1023307880539844e-05,1.1366744016217841e-05,1
0.017357854144392833,0.9822325619054906,3.4956883790281236e-05,1.6098767641666903e-07,0.0003263744006667561,4.491552979079231e-05,3.1761481923240383e-06,1
0.015781367798327027,0.9838286862871185,4.026283108432532e-05,1.631901734740044e-07,0.00031036376788857225,3.543668659802857e-05,3.719438809955693e-06,1
0.008863600182243156,0.9855929248277909,3.891188897210263e-05,1.982452956727525e-07,0.005460672296618356,3.9174091321477766e-05,4.518467758424665e-06,1
0.005052638716590618,0.990901993841624,2.5318225855337298e-05,1.520627481015524e-07,0.003983037348824075,3.3857940513371134e-05,3.001863844546662e-06,1
0.005426071909909587,0.9907080060513688,2.004248497527734e-05,1.512209520746546e-07,0.003802786621243343,3.9470586957858016e-05,3.4711245931194662e-06,1
0.00708746382274493,0.9866090747587846,2.9760985210779e-05,1.8548608871682003e-07,0.006233988663404801,3.529862777745441e-05,4.227655988804588e-06,1
0.005805083649674259,0.9891271669152077,3.071367781283504e-05,1.596045958522318e-07,0.0049989292681379815,3.479613745072155e-05,3.150747120473785e-06,1
0.006379435687644747,0.9906310652471344,2.989727534232799e-05,1.5536213465458293e-07,0.0029230087481113194,3.337068274686587e-05,3.0669968855207165e-06,1
0.006826623355206996,0.9892011336767146,2.1090798639018216e-05,5.780744624378986e-07,0.0038759046637802394,6.941163322165632e-05,5.257797975173918e-06,1
0.004330835143149136,0.9928407803678228,1.6148698057273045e-05,1.1408092220469316e-53,0.002762891444680521,4.7147179241130274e-05,2.197167049067157e-06,1
0.005563618204421369,0.9913117222737249,1.715261408956412e-05,5.051608956036972e-07,0.0030639854992201387,4.033019545080776e-05,2.6860521979021554e-06,1
0.0019321091272141197,0.9895939306757898,3.4054705406108135e-05,7.074204149186348e-07,0.008358691806794301,7.641157394431744e-05,4.094690436538371e-06,1
0.035902513657242396,0.9640870148252245,3.5153775285554686e-06,5.988380458763848e-08,2.38554712553501e-06,2.226258124816823e-06,2.284450949646057e-06,1
0.03819960834810494,0.9617884717411466,3.776699626885026e-06,7.056399847904952e-08,3.244890481410571e-06,2.3917511450897887e-06,2.436005496739427e-06,1
0.04131263592928302,0.9586764668273741,3.4063593100503744e-06,6.364454601112705e-08,2.9716284508011904e-06,2.189574537457854e-06,2.266036498370255e-06,1
0.037839401758626365,0.9621500524547149,3.3478825160296706e-06,6.255196338290793e-08,2.7562303873969376e-06,2.151986224668265e-06,2.2271355670540472e-06,1
0.03033299945204739,0.9696576236511034,2.9667387284418914e-06,5.543065845937439e-08,2.5308418482560243e-06,1.8688527325628679e-06,1.9550328816449e-06,1
0.07702734787201124,0.92295609660815,5.237969731794242e-06,9.786642431304154e-08,4.468365505204244e-06,3.299580766077896e-06,3.4517374113684223e-06,1
0.16688633545317758,0.8330872620369135,7.1796348316409436e-06,1.6247524334264527e-07,8.725743758091595e-06,5.09256054828018e-06,5.242095527579886e-06,1
0.19527404897254746,0.8046969403807229,7.591104445267273e-06,1.7178680683713046e-07,1.070463650025754e-05,5.169128206392374e-06,5.373990770450543e-06,1
0.3013962635366431,0.698558528506666,1.0866919880673243e-05,3.0516009204212785e-07,1.5745573128439783e-05,8.27626412070911e-06,1.0014039469086627e-05,1
0.2556463240948537,0.744321307303043,8.079611401515882e-06,1.858144109683468e-07,1.0247954096561956e-05,6.409731810773915e-06,7.445490383485728e-06,1
0.24093234563522228,0.759037722561036,8.286406138325045e-06,1.743311594148504e-07,9.444826252625941e-06,5.877600459718093e-06,6.148639731586501e-06,1
0.31686793428486265,0.6830991057574589,9.878673923628472e-06,2.133400998389424e-07,1.0135134141928e-05,6.2229230296820264e-06,6.509886483291641e-06,1
0.3039695516002673,0.6959968661170767,1.0065195568678034e-05,2.1736822615272008e-07,1.0326498074735699e-05,6.340419552948862e-06,6.632801233321519e-06,1
0.3580911171019105,0.6418747976227808,9.495808098169225e-06,1.7742003717389042e-07,1.2172720658583427e-05,5.981742423767923e-06,6.257584091154786e-06,1
0.19961802347260785,0.8002947985291908,1.163307524255729e-05,1.6918034142025413e-07,6.367444132693015e-05,5.7343303106429145e-06,5.966970979551301e-06,1
0.14387830538253074,0.8560242939089381,1.2876153532158582e-05,1.8725848542447196e-07,7.141926435487446e-05,6.3134471411266985e-06,6.604585017516607e-06,1
0.08600234249143592,0.9139130885292184,8.284029580178761e-06,1.5477912157347508e-07,6.545272836158602e-05,5.218400652921513e-06,5.4590416292823515e-06,1
0.09221773469078834,0.9076874646325053,8.490657314870282e-06,1.586397619730209e-07,7.209467836451136e-05,5.348562706930337e-06,8.708138558013265e-06,1
0.08018814596607296,0.919497482708784,1.0822577307593775e-05,1.7613736074280548e-07,0.0002863782951091642,5.938496800860809e-06,1.1055818565140475e-05,1
0.07641980982694678,0.9232859163820037,9.62171716340009e-06,1.6035776685646435e-07,0.0002659406627816471,1.289525353757147e-05,5.6557998000565744e-06,1
0.0989647447143303,0.9007379519948387,8.369288094176554e-06,1.6013117107337373e-07,0.0002703394655034686,1.2877031719378445e-05,5.557374342582293e-06,1
0.1436575954785674,0.8559453206156497,9.658838965105314e-06,2.0608072318358627e-07,0.00036484995284337114,1.5720052058056635e-05,6.648981193047757e-06,1
0.2811572606933755,0.7182877888398184,1.2048301233218852e-05,2.742064557404989e-07,0.0005076845361905696,2.5305597274597953e-05,9.63782565197726e-06,1
0.27181385433092015,0.7276413102011797,1.1884138530747158e-05,2.704702881316219e-07,0.0005007671406299121,2.4011366122345617e-05,7.902352328754887e-06,1
0.23561872226118127,0.7638570287710458,9.717654478907777e-06,2.2116342720791964e-07,0.00048821431732154735,1.96340827683735e-05,6.46174977704541e-06,1
0.1665905364343174,0.8332058244586217,8.498464413307351e-06,1.7418063703025628e-07,0.0001713345717654085,1.5463121942331755e-05,8.168768302685765e-06,1
0.13587951664558512,0.863951101300073,8.909487770437135e-06,1.705574229418575e-07,0.0001395257727523239,1.3942085881496824e-05,6.834150514633823e-06,1
0.0936992673325186,0.9060914869836073,1.4561952045138737e-05,1.6948625035791287e-07,0.00017374848650696033,1.3864018313878915e-05,6.901740757851236e-06,1
0.09090121568836981,0.908800394766215,1.2736138444189558e-05,1.7150452356180947e-07,0.00025753811942937744,1.551481301324313e-05,1.2428970004631676e-05,1
0.10229080726901199,0.8969384349117573,2.1707012725315062e-05,1.659548354716301e-07,0.000717151982616432,1.7079903087680897e-05,1.4652965965870976e-05,1
0.08334286495473277,0.9161641167489893,1.1749445619002335e-05,1.5311472300945922e-07,0.00045533187983127165,1.7500317942338044e-05,8.283538162107595e-06,1
0.08597722278504624,0.913525234881206,7.0274827771226315e-06,1.2715417238982795e-07,0.0004667789520974777,1.2858208454795266e-05,1.0750536246127266e-05,1
0.08297803717263086,0.9164964848246815,7.278762474468902e-06,1.2630486483522134e-07,0.0004920456794411744,1.2772323946453032e-05,1.3254931960687163e-05,1
0.04050331964353035,0.9587038049273005,9.592338424104779e-06,1.4499114381279468e-07,0.0007473638185604434,1.6571829708305778e-05,1.920245133246697e-05,1
0.06122150450974803,0.9376921670997537,8.763188584105946e-06,1.4365226870602286e-07,0.0010440986531237238,1.6684880085727543e-05,1.6638016435995362e-05,1
0.07881021614594531,0.917696885337023,1.0971519214138203e-05,2.4458549260015265e-07,0.003434115150938695,2.3395305762379915e-05,2.41719556239114e-05,1
0.26031807808943225,0.7385477259786628,6.512509161227482e-06,1.9202479265440697e-07,0.0011070078937819802,1.5949246828429853e-05,4.534257340752461e-06,1
0.18969589100649306,0.8097427120816164,1.1830876233214733e-05,1.908678350784829e-07,0.0005185327929744141,2.105703880111761e-05,9.785336046931691e-06,0
0.33536799559152974,0.6628635769829636,3.106788431650272e-05,1.7541867250627963e-07,0.0017122193529824446,1.9959938469909023e-05,5.004831065232654e-06,0
0.56561802424624,0.4342835268535654,1.6331159314870036e-05,6.862928560415205e-08,7.228222070351571e-05,7.808866048152347e-06,1.9580248426593244e-06,0
0.6169599946698425,0.3829524294816065,1.457306070205671e-05,6.124113578008134e-08,6.459355350878451e-05,6.600755648536174e-06,1.7472375560152602e-06,0
0.6144261916414213,0.3854741707341701,1.4944314479286915e-05,6.28012749605222e-08,7.606984742664468e-05,6.768912188688841e-06,1.7917490389254762e-06,0
0.822060986871747,0.17785930936442798,1.3102037276816739e-05,6.189097325299208e-08,5.2467904867396253e-05,1.230615299171596e-05,1.7657777157218536e-06,0
0.7700648879722203,0.22983295545247376,1.6627689178696992e-05,7.854533188046566e-08,6.75917677350871e-05,1.5617638891457967e-05,2.240934168890263e-06,0
0.9575660284090982,0.04235065230201374,2.3490826769429987e-06,1.875688250248756e-08,7.573053416444547e-05,4.559325614125966e-06,6.615895499179274e-07,0
0.7047493860361167,0.29487734719209324,1.1296234321476156e-05,9.269283647356955e-08,0.0003362906122211702,2.2317786544598238e-05,3.2694458663390407e-06,0
0.4232379891054104,0.576510676269388,3.3896505787820604e-05,1.735959268812565e-07,0.0001713823717173199,4.092938074156835e-05,4.95277102807854e-06,0
0.44246253193190543,0.5573007620418017,3.2049576452726784e-05,1.7900014303558506e-07,0.0001621989608934366,3.759110872910992e-05,4.687380074436629e-06,1
0.23258232117100233,0.76713048557746,3.783040012947121e-05,1.7824828678715457e-07,0.00019612983465462617,3.547001027215716e-05,1.7584758194674416e-05,1
0.146168510665444,0.8535033423462781,4.607202454021273e-05,1.9460275170502127e-07,0.00021792429043744835,4.5205965723737176e-05,1.875010482486219e-05,1
0.017149555276894296,0.9824150906996693,3.400417006709404e-05,1.6369642799724895e-07,0.00034642911693710387,5.152745047660331e-05,3.2295895278822113e-06,1
0.019807722190220988,0.9797470068794787,3.123636770094064e-05,1.5996848385689958e-07,0.00033853970595647,7.217884775777926e-05,3.1560404009800382e-06,1
0.025983811282507492,0.9735270170389727,3.555960608821326e-05,1.8210876267501328e-07,0.00038539495706695423,6.444215756983003e-05,3.5928490319941124e-06,1
0.027211018000265368,0.9723361630081269,3.38607445464034e-05,1.7340850956850586e-07,0.00036698269824315564,4.838093977667135e-05,3.4212005319842454e-06,1
0.014951490300023348,0.9818481563917493,3.607195572413941e-05,1.8408840917996907e-07,0.003119458039995689,4.100514312436652e-05,3.6340809739174997e-06,1
0.007979960170875178,0.9870598249568547,3.467690145943637e-05,1.7696893602822495e-07,0.0048824639712682725,3.940349483067806e-05,3.4935357758774863e-06,1
0.009191843396076675,0.9905352965679766,3.020549673711965e-05,1.5415145233905685e-07,0.0002051347044497077,3.4322620662385515e-05,3.0430626451073153e-06,1
0.006957271636210624,0.9883688462981426,3.2030340971738864e-05,1.7353535673597872e-07,0.004599613453685669,3.8638981990576174e-05,3.4257536420974584e-06,1
0.006860568998496882,0.9809130731020393,2.989740905053999e-05,1.8561183006343978e-07,0.012161152558607995,3.0891798050923705e-05,4.230521924254275e-06,1
0.0048672018626811486,0.9903660741090463,2.5279253994730874e-05,1.5198050643910336e-07,0.004704112154866341,3.418039858928794e-05,3.000240315601517e-06,1
0.0058938149000251116,0.9858562850997602,2.8500558471803448e-05,1.642566326675229e-07,0.008174137639423843,4.332720017935914e-05,3.7703455071077415e-06,1
0.006751835638121592,0.9885444652945039,2.565080047927223e-05,1.6076021654477703e-07,0.004642321234758884,3.239271174323159e-05,3.1735601763883396e-06,1
0.006058004675853574,0.9893003794560937,2.3948319427107705e-05,2.9506477651596775e-07,0.004584278784867946,3.0130772623799206e-05,2.962926357277274e-06,1
0.005633621701193434,0.9855719622834409,2.1453955969206362e-05,2.8735131282464045e-07,0.00873996796688539,2.9821270459897755e-05,2.885470738389812e-06,1
0.005394900332100873,0.9908301746100874,2.253828606856345e-05,3.0355203823171515e-07,0.0037197533626837963,2.965666951236915e-05,2.673187508575332e-06,1
0.005924340647914503,0.989735968583143,2.0018796687626555e-05,5.367420385237507e-07,0.004257018974671323,5.926227942620044e-05,2.853976118955657e-06,1
0.0014793242471454146,0.9935654862582327,2.2526433342215675e-05,5.342585736716278e-07,0.004870114314100449,5.853127801089197e-05,3.483210594754476e-06,1
0.001558357477609181,0.9919514643541574,2.3101588041930048e-05,5.30440882177794e-07,0.006419121852714872,4.456382336649004e-05,2.860463228034984e-06,1
0.0029879884155626577,0.9784926919412231,5.9056509376982975e-05,1.1254344514503215e-06,0.018340548667809764,0.00011122597036678563,7.363061209429058e-06,1
0.03867752421662028,0.9613105664516743,3.7748230139067392e-06,7.052893577128136e-08,3.238621989016277e-06,2.3905627023532374e-06,2.434795064356132e-06,1
0.03845883602012112,0.9615297926606616,3.5763892335590235e-06,6.68213915241905e-08,3.0840655761633917e-06,2.264896308872379e-06,2.3791467070757492e-06,1
0.0336770008993627,0.966312576926472,3.3086402936905e-06,6.181876021849844e-08,2.7239232185634027e-06,2.12676170693357e-06,2.2010301859113845e-06,1
0.037690659403187506,0.9622988909155846,3.3074365153266577e-06,6.179626877808053e-08,2.8174310134335835e-06,2.083470212657623e-06,2.1795472177668347e-06,1
0.039974820964924274,0.960014903475611,3.2523251042395767e-06,6.076656509170742e-08,2.7704845042349044e-06,2.0487536027256186e-06,2.1432296884218493e-06,1
0.06632676842354615,0.9336586074601265,4.204147790341728e-06,8.84477476009643e-08,4.229950303450152e-06,2.982028707348649e-06,3.119541778383293e-06,1
0.06839465119889909,0.9315917850062886,3.89237929783042e-06,8.188869632333723e-08,3.986678998861142e-06,2.7608893371173364e-06,2.8419584821889735e-06,1
0.29218688121679265,0.7077618772520702,1.3389958579592815e-05,3.760109614736275e-07,1.5544532412427746e-05,9.967165899794802e-06,1.1963863283929916e-05,1
0.25245975405023946,0.7475009944032673,1.0219775458471204e-05,2.528170215797179e-07,1.186423616754535e-05,7.783397860425616e-06,9.131319985108558e-06,1
0.23312292942137305,0.7668436360025115,9.28129067304291e-06,1.7341198550025812e-07,1.1897729771502983e-05,5.965923111070536e-06,6.116220574446321e-06,1
0.09769237101027461,0.9022238323706624,9.277188981809896e-06,1.5098617786926545e-07,6.38487748603732e-05,5.1944040972941675e-06,5.32526494565532e-06,1
0.09758476717162046,0.9021259429704916,9.45876009178765e-06,1.576418865563615e-07,0.00026143659028672676,1.2676854605395831e-05,5.560011017514795e-06,1
0.1404302749088723,0.8591940867092022,8.905183153291545e-06,1.8515573151515313e-07,0.00034511389964056905,1.5460285401425272e-05,5.973857998996513e-06,1
0.07886329138990042,0.920921994203642,1.1044331327903534e-05,1.651466158588198e-07,0.00018274056893140598,1.4939657634721626e-05,5.8247019478038985e-06,1
0.08115728033035312,0.9183441446844706,1.4907570534043984e-05,1.535283280109607e-07,0.00044750885642626606,1.8223153779391193e-05,1.7781876108512538e-05,1
0.06597859960538474,0.9333762808776743,9.215883215934207e-06,1.4210570660238324e-07,0.0006046387566396087,1.6867337630091294e-05,1.4255433748657862e-05,1
0.061407319609392864,0.9380240074876238,8.234512279694887e-06,1.4899397510685745e-07,0.000532589126544792,1.7360946058759025e-05,1.0339324124978468e-05,1
0.04600815695966893,0.9532752695464696,7.614538783327395e-06,1.2123200264725977e-07,0.0006784123033405634,1.436960025822468e-05,1.605581947665198e-05,1
0.05367235465371756,0.9454721151063632,8.79226449182561e-06,1.3332315899152883e-07,0.0008131933435743026,1.5754151127906937e-05,1.7657157566334614e-05,1
0.05367825112574108,0.9454665716126548,8.711222672855788e-06,1.3332237729095695e-07,0.0008131885756577117,1.548708685761593e-05,1.765705403885843e-05,1
0.06843351658004558,0.9303353059462212,8.063583073146776e-06,1.569404621813132e-07,0.0011863634797029889,1.727049125580616e-05,1.9322979239218683e-05,1
0.0763685865402001,0.921610932255662,9.55517247231374e-06,2.3653472091378487e-07,0.0019814551417789796,2.262522629763586e-05,6.6091288677665595e-06,1
0.3596734146655384,0.6400056350066876,5.950833801833908e-06,1.2117860948166503e-07,0.0002899534190138705,1.1877045387912807e-05,1.3047850961001619e-05,0
0.3686756622316548,0.6300062077964599,1.3635005838824377e-05,2.4426633056571407e-07,0.0012710047024636836,2.5199676274864634e-05,8.046320977289461e-06,0
0.4247142397379834,0.5745475650379144,1.2382540951634796e-05,1.428293386821917e-07,0.0007063149059921582,1.4650039446569834e-05,4.7049083733696226e-06,0
0.5502573421382887,0.4496382013213111,1.738209254216837e-05,7.304567731380113e-08,7.704429067249661e-05,7.873084994074286e-06,2.084026513903359e-06,0
0.525799811311141,0.4740226005772774,3.148337573255899e-05,1.1849828263778011e-07,0.0001300497616327574,1.2555665844164675e-05,3.380810089668226e-06,0
0.4889396530474173,0.5108289814351641,5.398844057113041e-05,1.2769930578828e-07,0.00016007548380942674,1.3530574252375375e-05,3.6433194797626553e-06,0
0.6740601525719112,0.32579503744985017,2.357024304026869e-05,1.1134033973121297e-07,9.581333737453468e-05,2.213846677254664e-05,3.176590711453576e-06,0
0.21645836607987176,0.7831967779308091,4.009563392938347e-05,2.2962479411679336e-07,0.00025260190394859965,4.59157661749037e-05,6.0130604718326685e-06,1
0.19983474918041957,0.7998551604909129,4.020544010612968e-05,1.8912799455929255e-07,0.00021278746918130943,3.431287697525629e-05,2.2595414410234833e-05,1
0.10845821248236742,0.8853438296071183,4.10568304848439e-05,2.62225173305431e-07,0.006058555259218771,7.697928950594802e-05,2.1104306131394113e-05,1
0.11153610978876378,0.8851846560472165,3.8284497432498676e-05,2.0416269954722867e-07,0.0031764014169208144,5.711062503321546e-05,7.233461933687002e-06,1
0.09596084953812987,0.9005052486826591,4.340896146932874e-05,2.314903251308364e-07,0.003388432202919013,8.816504199815733e-05,1.3664082499445985e-05,1
0.04299359900081418,0.9491503411687356,4.4169611764035436e-05,1.9602569087935773e-07,0.007740618634929274,5.859064084065212e-05,1.2484917225155963e-05,1
0.03518000470032012,0.9644589742695516,3.4899737216181906e-05,1.7341201161160054e-07,0.00027307696437213567,4.944964690403059e-05,3.4212696242780916e-06,1
0.022434757057482307,0.9772244896256796,2.9913390971169468e-05,1.4863554044268216e-07,0.00026253799819490073,4.522084094265569e-05,2.9324511888119305e-06,1
0.01570186013052226,0.9838399750813095,3.586491724642761e-05,1.7479162117263074e-07,0.0003699097635279922,4.876682763990303e-05,3.4484881326193008e-06,1
0.011925142247945235,0.984124742938444,3.6483962601580866e-05,1.7861209311937588e-07,0.0038701409555662023,3.9785310084039906e-05,3.5259732658243487e-06,1
0.009172679209314003,0.9857408247956166,3.6266886820368904e-05,2.2639195793329342e-07,0.005002525190390492,4.361095441665799e-05,3.866571483810061e-06,1
0.006643830747658477,0.990866080590419,2.7977179793044246e-05,1.6652763275135198e-07,0.002421578881674669,3.707865834282018e-05,3.2874144793199665e-06,1
0.005809779325965125,0.989214441349905,2.4865748239680637e-05,1.6916322530285127e-07,0.004909758946453786,3.7646022618094306e-05,3.339443592880498e-06,1
0.005457409087016043,0.9911263921204476,2.4247562966702264e-05,1.652765643549045e-07,0.0033495512316227775,3.8972004187750765e-05,3.2627171945921997e-06,1
0.005632029190224961,0.9905470092447094,3.075476305136638e-05,1.5981809659060792e-07,0.003754965338426886,3.192668366212816e-05,3.154961828910379e-06,1
0.007343940632406881,0.9880989705124141,3.625548253727584e-05,1.8840275896139668e-07,0.004479288709606732,3.763700991785046e-05,3.7192503581571304e-06,1
0.006088002730860294,0.9899137890540605,3.180911602315325e-05,1.652970750761255e-07,0.003929949466776199,3.302121310923338e-05,3.263122095813752e-06,1
0.0072096528297912335,0.9785279214847495,3.53574008030788e-05,2.165247963110439e-07,0.014186547698819251,3.536896128104397e-05,4.935099759673081e-06,1
0.006726310856463543,0.9883308786004406,2.5552549314851603e-05,3.148303276957967e-07,0.0048823893586007975,3.139240047567339e-05,3.1614043770813724e-06,1
0.005704488501179567,0.9878911615836135,2.1723830889323733e-05,2.9096598010117813e-07,0.006343969163106465,3.5444187401861697e-05,2.9217678290588555e-06,1
0.007271253508184004,0.988429546745449,2.601830415678687e-05,4.322801356940779e-07,0.004224678417301663,4.395456220890384e-05,4.1161825637782505e-06,1
0.005684861448727824,0.9886247255650537,2.118800102336959e-05,3.255409736012688e-07,0.005636753708659565,2.8835780711135108e-05,3.3099548507854926e-06,1
0.005256096876351984,0.9890557366484687,2.0775881078151614e-05,3.145342204735335e-07,0.005633576543832755,3.072961552573638e-05,2.769900522122348e-06,1
0.005674949988933776,0.9900251202253177,2.102660169397116e-05,3.0044905836137506e-07,0.004245202440683869,3.055424019385077e-05,2.8460541186052478e-06,1
0.0052097814383515245,0.9905317772690702,1.818365660422806e-05,4.978569703500679e-07,0.004197384795109574,3.9527473273976246e-05,2.8475106204016506e-06,1
0.0053839397520661775,0.9903548455550192,1.818040858573483e-05,4.977680416663672e-07,0.004196635045830073,4.305446846745304e-05,2.8470019896374413e-06,1
0.0375813097614403,0.962407162112647,3.627118710025208e-06,6.776922297859579e-08,3.123321297717784e-06,2.2970228467002958e-06,2.4128938355352795e-06,1
0.039082370095402594,0.9609063225930297,3.5896374473644096e-06,6.706892165133052e-08,2.9552613524494644e-06,2.307383936352294e-06,2.3879599100554352e-06,1
0.03175715647199947,0.9682330595757477,3.1060293315078214e-06,5.8033169348226016e-08,2.5571185328810925e-06,1.9965253567939633e-06,2.0662458623900133e-06,1
0.03558244923945002,0.9644069547217043,3.384365863404867e-06,6.323361962328449e-08,2.7862662414593216e-06,2.131930705990566e-06,2.2302424150265524e-06,1
0.09852535680237112,0.9014573477653398,5.402874707598488e-06,1.0094751510962066e-07,4.8277427492774655e-06,3.4034601915528976e-06,3.5604071256757148e-06,1
0.0723782301067649,0.9276058592528323,4.573998332323287e-06,9.622874128116169e-08,4.602070764077187e-06,3.2443660438597943e-06,3.393976521167489e-06,1
0.18122483658415228,0.8187482089711013,7.1370849089501945e-06,1.696923707178113e-07,8.663895797321676e-06,4.859965658524523e-06,6.123806010887893e-06,1
0.28601756863819977,0.7139405084260518,1.1106205118157097e-05,2.698233028486195e-07,1.1853858554539084e-05,8.458504152599389e-06,1.0234544620394014e-05,1
0.19987294079047355,0.8000983044963955,8.661430253300817e-06,1.6183049000494915e-07,8.767571245464118e-06,5.456138567781862e-06,5.707742574341993e-06,1
0.11264321480126865,0.8872517180480948,1.298415131629727e-05,1.6448222768445398e-07,7.956183675497774e-05,5.658711078546468e-06,6.6979692591857675e-06,1
0.07032645234276715,0.929578508350732,1.2263600663882144e-05,1.5535434758034837e-07,7.187532040298042e-05,5.265701302772606e-06,5.479329783691321e-06,1
0.07278709190627473,0.9270617123710649,8.688995758267254e-06,1.623455249409232e-07,0.0001279593210532737,5.473503045747894e-06,8.911557278429247e-06,1
0.08058520236741223,0.9192720197855729,1.3247908062490358e-05,1.7609417145193027e-07,0.0001052292908201069,1.3071446308276132e-05,1.1053107652692034e-05,1
0.10203475256623618,0.8978209978510997,6.706517202104018e-06,1.3021311015568413e-07,0.00012234909585824905,1.0471155231765317e-05,4.592601261668012e-06,1
0.08218166139955344,0.9169837771599408,1.590521970928745e-05,1.6693197880774865e-07,0.0007812373328197525,1.7917649396910393e-05,1.9334306601035276e-05,1
0.06278759963185981,0.936658967190495,7.648417403913303e-06,1.383892662465904e-07,0.0005134926497831599,1.612527341924525e-05,1.6028447772642606e-05,1
0.07316909683699013,0.9262198170083455,8.116381628329183e-06,1.5796807355180022e-07,0.0005759410776440947,1.6989608945269243e-05,9.88111837301799e-06,1
0.0806320807802184,0.9187489624527132,6.9991537549667835e-06,1.6148205211012688e-07,0.0005887528094845622,1.7367540512108627e-05,5.675781264733537e-06,1
0.12753940171868647,0.8718107764412716,6.797175695651132e-06,2.0053591836479598e-07,0.0006224009253509866,1.486988360054142e-05,5.553319476502751e-06,1
0.10923223294745998,0.8901687309743329,7.3723617476452224e-06,1.6054406758772209e-07,0.0005716433855488054,1.4488986114076442e-05,5.370800728953389e-06,1
0.07275773701681039,0.9263180439106112,7.481029833250753e-06,1.298147130410296e-07,0.0008859846988620248,1.3431025932870278e-05,1.7192503237487865e-05,1
0.05663204068688478,0.9425846523355016,6.584727830192705e-06,1.1914303374546859e-07,0.0007469412670855172,1.3882680696642387e-05,1.5779158967486848e-05,1
0.07316990166553528,0.9255544303763186,8.650877130287563e-06,1.5652761548256578e-07,0.0012276018747024381,1.8528351041763406e-05,2.073032765623193e-05,1
0.07153541056561157,0.9273033931057542,7.72859057356213e-06,1.5798568686313432e-07,0.0011165968048654188,1.7261277079294912e-05,1.945167042915427e-05,1
0.09637641284701812,0.9016687999442887,1.0698852129837141e-05,2.385069895389099e-07,0.0019038294653934448,2.2813879463609946e-05,1.7206504716761363e-05,1
0.23189555476514098,0.7670509554772446,7.0963971819863175e-06,1.8379579232167265e-07,0.0010239437519206315,1.7337021047183165e-05,4.928791672459752e-06,1
0.35489786415725744,0.6442857967539127,1.009582683663116e-05,1.6016587637373024e-07,0.0007842836353662071,1.6523473478929455e-05,5.275987271463881e-06,0
0.5819187414694409,0.4179313614945823,2.4372922873843148e-05,1.0574307530670371e-07,0.00011117258709062572,1.1228884734250874e-05,3.016898202670426e-06,0
0.5085958347508541,0.4910723791172989,5.6699861523175676e-05,1.2276046227623314e-07,0.00025845382626838305,1.30072715731e-05,3.502412020134233e-06,0
0.4870649734625601,0.5127653189460646,2.082889620663725e-05,1.3895987830667498e-07,0.00011192609916136324,3.206588308969467e-05,4.747753039319246e-06,0
0.3752627755638464,0.6245229012730922,2.730010610625218e-05,1.712231169986904e-07,0.0001408942443592434,4.107251579972477e-05,4.8850736791104946e-06,0
0.37666970164329283,0.6230777372568461,4.116231394992354e-05,1.8297085695361104e-07,0.00016269549059841768,4.3300082393731556e-05,5.220242062029586e-06,0
0.216797592290854,0.782857908380747,4.258715445648596e-05,2.2952544124295872e-07,0.00025249260945716664,4.3179580272206094e-05,6.010458771782306e-06,1
0.21646325973017597,0.7831806427360622,5.134345695751309e-05,2.2962006345283226e-07,0.0002525966999168307,4.591482023149578e-05,6.012936592490373e-06,1
0.26119539552604426,0.7385010910615208,4.9691235821562116e-05,1.9187345118305365e-07,0.00021692551658223112,3.0903666959033526e-05,5.801119620758588e-06,1
0.06648006667295976,0.9267317028159001,4.773020812686766e-05,2.460866617420185e-07,0.006630006825038621,8.735517300687327e-05,2.289221830566744e-05,1
0.09413976461749347,0.9018081577302031,4.06319066843794e-05,2.245189781612281e-07,0.00391397344765668,7.636189502177522e-05,2.0885883962375764e-05,1
0.035466367625181724,0.9641494602458548,3.7871084615328094e-05,1.641353427893115e-07,0.00028374736566221106,5.424379731285683e-05,8.145746030153617e-06,1
0.020891087066570294,0.9786458790305785,3.988638483538866e-05,1.7757254722113092e-07,0.00037601585293770673,4.344868030769177e-05,3.5054122231469106e-06,1
0.014138439835243363,0.9819930180005094,4.1702287719629976e-05,1.7846566238718913e-07,0.0037794706284173555,4.366769986447585e-05,3.523082583351688e-06,1
0.011823929984420908,0.9805407320856916,3.2432109718368394e-05,2.4421503505083965e-07,0.007539407233858021,5.811522572130488e-05,5.139145554724628e-06,1
0.008856791379299641,0.9876150177918401,3.177829870785469e-05,1.7162409274997403e-07,0.0034546394582306017,3.821342436287712e-05,3.3880234660444775e-06,1
0.009207264221689257,0.9863043755242303,3.321524332358852e-05,1.9034109074557982e-07,0.0044088162468520565,4.238090793551971e-05,3.7575148783918243e-06,1
0.009241403507726858,0.9878657437743054,3.4521293984026505e-05,1.9782545883690755e-07,0.0028101809750140762,4.404736005992242e-05,3.9052634509589276e-06,1
0.005680509155552845,0.9905257937521169,2.66131876948679e-05,1.653992684061308e-07,0.00372465242822989,3.900093764735473e-05,3.2651394897272954e-06,1
0.005769908379695082,0.9908620481145254,2.9261174791871908e-05,1.5205661807348174e-07,0.003304754005571866,3.087452596582938e-05,3.0017428319392935e-06,1
0.004062938569068838,0.9923064991280193,2.1935813200100803e-05,1.4713670843261083e-07,0.0035717105818778923,3.386415200729368e-05,2.9046191178557907e-06,1
0.004189863413841444,0.9893470244537478,1.90740736411276e-05,2.955692985567582e-07,0.0064073573754527885,3.3417121445455406e-05,2.967992572466143e-06,1
0.00670034117284838,0.9881968527357281,2.181323895676291e-05,3.299876856798992e-07,0.005042933884156289,3.410872540164512e-05,3.6202552233047923e-06,1
0.006299261765604123,0.9890256842890919,1.9889319962040728e-05,3.0014575334436373e-07,0.004618014010152174,3.37984450650168e-05,3.052024371629358e-06,1
0.00611098040948019,0.9896366532575545,2.2146942799070385e-05,3.003311678833613e-07,0.004193591701337224,3.3273447906740606e-05,3.0539097545993636e-06,1
0.006301902863423682,0.9894403540830234,1.86179287553426e-05,4.973084037586223e-07,0.004192759882319019,4.301471206658166e-05,2.8532220082271216e-06,1
0.006301925169978298,0.9894438563593637,1.8617994656365452e-05,4.97310164058219e-07,0.004192774723237601,3.948405945761067e-05,2.8443831423987872e-06,1
0.001912597699865779,0.9921364492444888,2.3975764793542007e-05,5.045064055099319e-07,0.005862946590344789,5.9769647412240764e-05,3.756546689150873e-06,1
0.003080891163228111,0.9790369014538748,4.0169102245328274e-05,8.665173409816509e-07,0.017694730336688023,0.00014056505822245522,5.876368400330728e-06,1
0.029426413017071107,0.9705636461284811,3.126494309166771e-06,5.84155377637918e-08,2.696102924842012e-06,1.9799817520129143e-06,2.0798599242350704e-06,1
0.03125954825704092,0.9687304596488704,3.172106375901169e-06,5.926775534147811e-08,2.611518159150627e-06,2.038999036387091e-06,2.1102027620212336e-06,1
0.08744709795443366,0.9125363896698905,4.729574624501176e-06,1.070303443061599e-07,4.867830153609905e-06,3.354717295193804e-06,3.4532232582623406e-06,1
0.23157674816949486,0.7683830888817444,1.0718255904564422e-05,2.6514844140485255e-07,1.143979316898682e-05,8.163041391083614e-06,9.576709854787528e-06,1
0.1549192417684377,0.8450539027436837,7.944871817883899e-06,1.484422851323754e-07,8.521878342830658e-06,5.0047532883059075e-06,5.235542144479456e-06,1
0.29967366722859257,0.7002955543692838,9.105418629370654e-06,1.701259855933944e-07,9.76671135780614e-06,5.7358224111515286e-06,6.000323739634067e-06,1
0.3594270187385635,0.6405434905937383,8.848848232857335e-06,1.653322146139778e-07,8.957285927726495e-06,5.687953328742297e-06,5.831247994327823e-06,1
0.2825074903846545,0.7174627568896896,8.7634274269496e-06,1.637362090499547e-07,9.417559288413184e-06,5.633045667934801e-06,5.774957063574398e-06,1
0.21016970304247187,0.7897813525813064,8.58135507022085e-06,1.6033436225975044e-07,2.9113214666161617e-05,5.4344978005442024e-06,5.654974322650585e-06,1
0.1505366277199644,0.8493790700580872,9.015310823105295e-06,1.68442407937656e-07,6.338257070791468e-05,5.79495385800849e-06,5.9409441513835745e-06,1
0.08136664351602811,0.9185436444232284,1.0154732946018407e-05,1.4768074228162858e-07,6.912027782464812e-05,5.080686613998249e-06,5.208682616641033e-06,1
0.13968588776595386,0.8599499534430544,8.873283995201157e-06,1.8449248721694234e-07,0.000332719649837004,1.660990327938143e-05,5.771461393198303e-06,1
0.2811830011279103,0.7183354390622565,1.204940427607958e-05,2.742315598167928e-07,0.00043687865017880953,2.4345278110025018e-05,8.012245708414858e-06,0
0.14874909789283824,0.8510515564162131,8.387068951952954e-06,1.7616122861338168e-07,0.0001672758903947824,1.3671459872369514e-05,9.835110500839163e-06,1
0.15378472922515513,0.8460091765642098,1.0713364723692617e-05,1.8281862187753478e-07,0.00016890720106392851,1.5311760597665254e-05,1.0979065627824614e-05,1
0.12472786144350327,0.8750597003059456,7.587838421590937e-06,1.742397234760671e-07,0.00018627483959274488,1.197863569092865e-05,6.422697122538836e-06,1
0.06792361103015433,0.9308996017252863,7.777244577367926e-06,1.394239876213872e-07,0.0011338795401964485,1.6525891883155202e-05,1.8465143914823814e-05,1
0.06358458766899178,0.9357196085945277,7.745501815638728e-06,1.401458963823606e-07,0.0006553562275730233,1.6329957944310277e-05,1.623190325116847e-05,1
0.06983689885032358,0.9295247003826829,7.710092860448061e-06,1.666321949674341e-07,0.000607529887412817,1.792144302665204e-05,5.0727114989195954e-06,1
0.09747590774611771,0.9016212225637198,8.00971647465894e-06,1.570240919072032e-07,0.0008742948190118353,1.4889037983446167e-05,5.519092600773369e-06,1
0.07201172886733576,0.9273393926004795,7.953942011783189e-06,1.484639422913391e-07,0.0006149281515637996,1.4178683838447617e-05,1.1669290828510962e-05,1
0.06202585352815675,0.937136089622386,8.632745906076842e-06,1.5619955195227385e-07,0.0007943861875699984,1.8489517790298423e-05,1.6392198638732512e-05,1
0.06242521332837807,0.9365447986653621,8.237589580749216e-06,1.68390502204005e-07,0.0009898159950765537,1.8530509311966032e-05,1.3235521788324368e-05,1
0.24134578698468276,0.7576822355711744,7.566373492045461e-06,1.7647897858404626e-07,0.0009425017604266437,1.700025217476335e-05,4.732579070618271e-06,1
0.20337817636143013,0.7962134894161385,7.771821589026588e-06,1.4338062579511858e-07,0.00037127460954948055,1.370596782562445e-05,1.543844284129132e-05,0
0.5466668268535376,0.4529258508421155,8.71293651726213e-06,1.6130438702439526e-07,0.00036604643349025755,1.5636861307819897e-05,1.6764768644352256e-05,0
0.715636585949729,0.28426678746360173,1.5520969135958686e-05,7.19238781374584e-08,7.136086863604982e-05,7.620803947604489e-06,2.0520210713810063e-06,0
0.7427659284049393,0.2570920548062576,4.562299108853809e-05,8.988455462512752e-08,8.293884324793397e-05,1.0404236776012057e-05,2.9608331360672777e-06,0
0.4609147134354899,0.5389033774273745,2.3775199605348006e-05,1.4465651238229278e-07,0.00011903340133623754,3.482876335798732e-05,4.127116323644923e-06,0
0.18750535141297706,0.8121163400472701,4.603911399967509e-05,2.275268642919727e-07,0.00027269831175258835,5.28521418481985e-05,6.491445288031771e-06,1
0.2737112719666524,0.7259745399584716,4.916155746338929e-05,1.9925487526275334e-07,0.00022527070046112927,3.3532271799057263e-05,6.024290277219202e-06,1
0.2150367905771347,0.7846382757573974,5.917068675315056e-05,2.024339159528333e-07,0.000222690205516081,3.756931165241778e-05,5.301027630122355e-06,1
0.2929789515564226,0.7023739471130656,3.9480576056902634e-05,1.964261716328519e-07,0.004506739416984291,6.406295407355255e-05,3.662195722547823e-05,1
0.137886151068256,0.8592630474653178,3.758190282856815e-05,2.4701894225685276e-07,0.0027134712415194757,7.65223594103248e-05,2.2978943725552565e-05,1
0.09097059420601916,0.9065218080001082,4.384886303014585e-05,2.1353172026918048e-07,0.0023852826584095017,6.475567156113012e-05,1.349706915154035e-05,1
0.04836650691744725,0.943333418228004,5.230457415495626e-05,2.546574454147655e-07,0.008175180330567508,6.447941065862694e-05,7.855881722296636e-06,1
0.04241311946074186,0.9440590801175933,5.316123898719126e-05,2.594387420292363e-07,0.013401281934444379,6.195831803156178e-05,1.1139491459827983e-05,1
0.0196744854656939,0.9799568076563744,3.367624426786791e-05,1.3847119815360273e-07,0.000282257826239649,4.57622561885044e-05,6.872080037619883e-06,1
0.020314752671557353,0.9792731059695109,3.394114909667129e-05,1.633930443908627e-07,0.0003009156530468377,7.389755971309713e-05,3.2236040306413517e-06,1
0.020279993800829687,0.9792829278920272,3.7103101591017e-05,1.7861471655048612e-07,0.0003154908307370637,8.078184558672432e-05,3.5239145114809344e-06,1
0.02415471123210165,0.9753597574282212,3.323338514324701e-05,1.747521211373884e-07,0.00036982616999760477,7.884932358431256e-05,3.4477088309465005e-06,1
0.018465129803017552,0.9811944599483535,3.697698419394116e-05,1.8268115990765747e-07,0.00022765956858073082,7.140026265375867e-05,4.190752040578296e-06,1
0.010904929387186022,0.9858511063058955,3.790326411596744e-05,2.300447497274363e-07,0.0031353757024212133,6.629494765008095e-05,4.160347981529377e-06,1
0.015304192714334528,0.9749000935391765,3.182266552570681e-05,2.515254791826307e-07,0.009697220993292422,6.112557911217875e-05,5.2929830793272225e-06,1
0.011253431208461,0.984667313048675,3.3160112848847814e-05,1.9002516366977197e-07,0.0039998437623331926,4.231056434201763e-05,3.751278176252602e-06,1
0.006047033376801101,0.990462979691173,2.695035917205931e-05,1.6041572266828467e-07,0.0034240100668839657,3.569933070888546e-05,3.1667595383266124e-06,1
0.006841449760318702,0.9890404327274804,2.8881926690164444e-05,1.7016070520253662e-07,0.004045582611603982,4.012367840309051e-05,3.359134798543359e-06,1
0.006539157838968173,0.990059630351051,2.780432609534156e-05,1.6381191555602808e-07,0.0033314079867505565,3.86018815906517e-05,3.2338036287833694e-06,1
0.0062390046922063255,0.9905678554038022,2.7473225846705933e-05,1.6186120595119553e-07,0.0031241673205885533,3.8142201591624174e-05,3.1952947585501013e-06,1
0.007144356361958222,0.9892124497482648,3.137036523046497e-05,1.848215850466402e-07,0.0035673375392754362,4.0652609120572364e-05,3.6485545655981153e-06,1
0.006330287071646266,0.9910927792263695,2.946069089536878e-05,1.5309340980056444e-07,0.002513600737639306,3.0696969949031546e-05,3.0222100906118526e-06,1
0.005220231771980271,0.9918503672540032,2.099842048735847e-05,1.408490510294657e-07,0.0028730641893530964,3.241702036803037e-05,2.78049475695188e-06,1
0.007842596282738225,0.9847492029438543,2.8161791390772274e-05,4.32689095002217e-07,0.0073312869503399,4.320390910758998e-05,5.11543347437176e-06,1
0.006340111503162198,0.9893823247341518,2.254058799855273e-05,3.0209215209861766e-07,0.004218180720330254,3.346854592791463e-05,3.07181627729086e-06,1
0.006135115115198794,0.9895739101219604,2.508851626779017e-05,5.324090941885104e-07,0.004218997534790092,4.3283891580320564e-05,3.072411108124249e-06,1
0.006489636533269849,0.9888716162346363,2.5335321507424162e-05,5.12123219808045e-07,0.004555177658738913,5.406610667611006e-05,3.6560219517595907e-06,1
0.002863325690923588,0.9857139512861313,4.293725644670883e-05,9.111812579000943e-07,0.011273114010635545,9.96465283641154e-05,6.114046240685192e-06,1
0.0026432728486363473,0.9801585758040167,3.598725924568451e-05,9.102642718695271e-07,0.01700861214187559,0.00014651651111195557,6.125170841977136e-06,1
0.025064285918769122,0.9749277156414017,2.5152487674988427e-06,4.699500297581456e-08,2.1942443876338033e-06,1.584443377892037e-06,1.6575082931416827e-06,1
0.024275159603187733,0.975717107492317,2.4317465551469483e-06,4.5434844486256256e-08,2.1213990042364593e-06,1.5318424069225307e-06,1.6024816845384416e-06,1
0.08249053851297629,0.9174940358748417,4.506764172606879e-06,1.019881404560042e-07,4.557513654749188e-06,3.06886066081002e-06,3.1904855535595e-06,1
0.1102884191307863,0.8896877537537564,6.914209033391234e-06,1.5646865356874992e-07,7.153444029978506e-06,4.708199340041778e-06,4.894794400250412e-06,1
0.23157674926955307,0.7683830925317919,1.0718255955479316e-05,2.603981460738777e-07,1.143979322332923e-05,8.163041429860481e-06,9.576709900279738e-06,1
0.180124906864169,0.8198459879545503,8.526229052005605e-06,2.2302058093877928e-07,8.324744816237898e-06,5.805897073957664e-06,6.225289757588538e-06,1
0.21156678394841982,0.7884066170394558,7.740828405539892e-06,1.8823455448878472e-07,7.435517719514071e-06,5.490618711599462e-06,5.743812733190096e-06,1
0.17549538638040488,0.8244798576494421,7.45693785420991e-06,1.393257085252583e-07,7.548318464478554e-06,4.697386578666035e-06,4.914001547085842e-06,1
0.2804772135117972,0.7194946975407231,8.278293167227108e-06,1.5467194221721543e-07,8.879514846116883e-06,5.3212060979861085e-06,5.455261425843587e-06,1
0.18151369468725828,0.8184529985798699,9.991757593039283e-06,1.626157764089112e-07,1.1822420741558145e-05,5.594499226243842e-06,5.735439534542812e-06,1
0.21571055771743108,0.7841973907064641,9.809212759463298e-06,1.8327570170316682e-07,6.938288551059631e-05,6.212089434612042e-06,6.464112698550048e-06,1
0.21887686613108936,0.7810479029649519,7.936373669689266e-06,1.5692195139540423e-07,5.637266814915886e-05,5.39861356043776e-06,5.366326628095741e-06,1
0.08971699099038176,0.9101728731385044,9.027141568407103e-06,1.6769978064903732e-07,8.608154126408606e-05,5.654022557676173e-06,9.205465942949435e-06,1
0.09980918120999402,0.9000707022833745,9.381196594906502e-06,1.563491953518485e-07,9.163927899883252e-05,1.2572902167327117e-05,6.366779675273631e-06,1
0.1459268114852262,0.8538172858005505,8.976416816051685e-06,1.690744741999888e-07,0.00022239739004018997,1.4206164031635936e-05,1.0153668861343282e-05,1
0.08041074233663469,0.9187452530242864,1.1506473636555197e-05,1.6477233892378268e-07,0.0007967889637471556,1.5497521718067695e-05,2.00469076382597e-05,1
0.06914922220518828,0.9302050446199028,8.68968781617094e-06,1.4620331403741067e-07,0.0006083244019526554,1.4183906296564232e-05,1.438897552946302e-05,1
0.07671631665879712,0.9226525422033104,7.145706759448497e-06,1.6486327228832604e-07,0.000601080513110987,1.7731193795293215e-05,5.0188609545109065e-06,1
0.1564420169856503,0.8429225137789602,9.498058361686104e-06,1.9937266392953932e-07,0.0005992838489405015,2.144271002601499e-05,5.045245397376217e-06,1
0.15380395858944126,0.844971454017923,8.589668361253963e-06,1.8937286666544108e-07,0.0011906794948871094,2.0336662018742197e-05,4.792194501997615e-06,1
0.09301429810236865,0.9061926208235621,6.3362896256091045e-06,1.948176174804479e-07,0.000766803107276852,1.4309728984445052e-05,5.437130564674371e-06,1
0.10404631560453803,0.8939464663307825,8.926834002288694e-06,2.1631506367367998e-07,0.0019682597584008616,2.322997173225519e-05,6.585185480521657e-06,1
0.4758919112027491,0.5239272603152934,4.439880376138927e-05,1.0871232279269585e-07,0.0001215020092952431,1.1717344389500529e-05,3.1016121886954334e-06,0
0.5740374133810754,0.42582328739572944,2.3146624306645892e-05,1.062729756912037e-07,0.00010155988526153753,1.145442414881891e-05,3.0320165025019334e-06,0
0.6115102698700626,0.3883518372694211,2.1401152445278285e-05,9.825899982002063e-08,0.00010315592615083456,1.0434148807206493e-05,2.803374113088812e-06,0
0.774509288862545,0.22536656924924703,3.999305613804804e-05,7.879268661035435e-08,7.270408482430088e-05,8.770491986190181e-06,2.5954625727264177e-06,0
0.5965934538459564,0.40317538855770096,5.776545424753467e-05,1.374876990804984e-07,0.00014106776344969388,2.7337502876993827e-05,4.8493880694502975e-06,0
0.2921339250821736,0.707573368480255,3.2465219283112856e-05,1.939927541639891e-07,0.00020877410439196922,4.573841932198397e-05,5.534701820151446e-06,1
0.2583156584960945,0.7414343461998575,2.8706951768708313e-05,1.715355928663408e-07,0.00017502275788296246,4.0443607850082414e-05,5.65045095335685e-06,1
0.020637010931588883,0.9790086763219169,3.212616103176312e-05,1.3537229839148624e-07,0.0002759410706814333,4.026112538657134e-05,5.849017095989262e-06,1
0.018410795669894217,0.9812179714625907,3.319729233673157e-05,1.4151108359153587e-07,0.00028582486950845315,4.504625042438261e-05,7.022944161807634e-06,1
0.024664857685441594,0.97493706145142,3.2693674814393885e-05,1.6245038985310203e-07,0.0002991795968586118,5.798301627198767e-05,8.062124803561718e-06,1
0.020904773459364905,0.9786915919886069,3.2819579762843337e-05,1.6307599428809332e-07,0.0002880444674707471,7.939007989523257e-05,3.217348905198204e-06,1
0.02379626970832313,0.9757693723259245,3.5817825664738524e-05,1.7797386729880487e-07,0.00031435888558330036,8.049200952901602e-05,3.5112711077273985e-06,1
0.02365454574636679,0.9760171922946825,3.289880573819763e-05,1.7782257170554244e-07,0.00022160473460352165,6.950130123960506e-05,4.079294797627597e-06,1
0.008962278842378362,0.9865675287813939,3.3080527257840654e-05,2.3716624566348838e-07,0.004370777540777321,6.110632777866643e-05,4.990814168662933e-06,1
0.01463461199154496,0.9807849066669985,3.1467758651028265e-05,2.0281256415731558e-07,0.00449014451649953,5.3550417676833414e-05,5.115836065029721e-06,1
0.006482874654845963,0.9908464635686446,2.8843003232150612e-05,1.8069860645541584e-07,0.002595662419408284,3.7521657029379466e-05,8.453998233065449e-06,1
0.005779541980472881,0.9905747174371716,2.9612120819086137e-05,1.6043381975181149e-07,0.0035770975528437907,3.570335808075989e-05,3.167116792035421e-06,1
0.0066012384743442684,0.9883422736723009,2.8804590839936012e-05,1.6970507345215246e-07,0.004984147176234308,4.001624101441201e-05,3.350140192731077e-06,1
0.0034443406019049236,0.994758152460228,2.080336808512174e-05,1.3954071711108358e-07,0.0017422118416626252,3.159752040609931e-05,2.754666996141175e-06,1
0.005919072709883169,0.9896787443928038,2.933531909338692e-05,5.125412205518952e-07,0.0043211863128052915,4.800189589693831e-05,3.1468282970679635e-06,1
0.0055931357406252555,0.9897560310900242,2.5357980601222924e-05,5.12581246285852e-07,0.004573809888966666,4.8005644495173056e-05,3.1470740414240773e-06,1
0.033414806268294815,0.9665719293889167,3.820236850071561e-06,7.13774496015182e-08,4.502139967177318e-06,2.4065011211968736e-06,2.4640874003783047e-06,1
0.032708947746818935,0.9672817375428471,2.9817214093497727e-06,7.123980956659252e-08,2.4458011446479246e-06,1.8782908485275039e-06,1.9376571221265317e-06,1
0.11665573297692598,0.8833196348576322,6.8818159763834055e-06,1.7024250926832367e-07,6.190035229200102e-06,5.2412024084175095e-06,6.148869318542691e-06,1
0.19820622192380702,0.8017659505804905,8.804288939281847e-06,1.6449966708975712e-07,7.510692693648359e-06,5.54613026240143e-06,5.8018841399082265e-06,1
0.19547710315386244,0.804491681654849,8.543467954826633e-06,1.5962647796468454e-07,1.147158531113636e-05,5.410504218692154e-06,5.630007325834768e-06,1
0.19571184477811684,0.8042364636410618,9.060154502355093e-06,1.6928026893455706e-07,3.075393330725365e-05,5.737717331672214e-06,5.9704954113670704e-06,1
0.10731721519222537,0.8925808768152638,1.3835669057926273e-05,1.6170791444829858e-07,7.664393029855764e-05,5.563265891149639e-06,5.703419348704806e-06,1
0.10981337029184893,0.890085958344894,1.2845217234374315e-05,1.6125591276078593e-07,7.642969721076633e-05,5.547715597402667e-06,5.687477301718409e-06,1
0.09916959311230042,0.9007309193395961,9.651126524854998e-06,1.79291726951379e-07,7.728868476223847e-05,6.044846717535841e-06,6.32359837207679e-06,1
0.29103974808087363,0.7086021822749897,9.920117587375372e-06,2.0625815291939446e-07,0.0003261840670536976,1.5104495562800891e-05,6.6547057797934334e-06,0
0.2546929701760528,0.74481805925484,1.1150401669081217e-05,2.534340318972452e-07,0.00044591417865650794,2.2498949403217325e-05,9.153605346308728e-06,0
0.08636940649324816,0.9127551601751024,9.395522251314376e-06,1.5607077536565965e-07,0.0008358425279008011,1.4679103583665077e-05,1.5360107138379676e-05,1
0.07754953456727759,0.9217567661219874,9.32321027486673e-06,1.5686227957655095e-07,0.0006526743462731537,1.6106886844432876e-05,1.5438005062903242e-05,1
0.08252872407039485,0.9165989700551922,8.621139649415312e-06,1.4540982631254794e-07,0.0008334555541078382,1.5772888437141188e-05,1.4310882392305693e-05,1
0.2718226190270131,0.7277958798336542,7.165980601419863e-06,1.504202846274e-07,0.0003436044181540813,1.6552206288906564e-05,1.4028114003684477e-05,1
0.2612663918498208,0.7382672622822459,7.231855500966083e-06,1.5180305715926818e-07,0.00042783555762665194,1.69695811297691e-05,1.4157070618586915e-05,1
0.13221496132864285,0.8663524092812782,9.50886063443213e-06,2.6599516474035826e-07,0.0013949968289234446,2.2512916305134085e-05,5.344789051414064e-06,1
0.2035112213352604,0.7955739293826256,7.57220524110381e-06,1.7661499897984852e-07,0.000883069527977231,1.6659673847173316e-05,7.371260049352284e-06,1
0.24490008785637513,0.7545960120875329,7.437445452102742e-06,1.5145092738160433e-07,0.00046484449585216576,1.5159255013063678e-05,1.630740884743066e-05,1
0.6471793047048424,0.35256684022313467,5.1964904083143804e-05,1.1204799207246811e-07,0.00017333386406443146,2.1723567887583236e-05,6.720687995787339e-06,0
0.1759131516406897,0.8237414034806853,4.109027409232441e-05,2.3138227249169895e-07,0.00025453524213778423,4.352889751356606e-05,6.059082608888437e-06,1
0.25092382442065464,0.7488078771430994,3.267807593472654e-05,1.758909475948959e-07,0.00019954908867005837,2.9600395242365764e-05,6.294985451291278e-06,1
0.07438837945239248,0.9222818178231335,3.270214261866612e-05,2.3138653096949233e-07,0.0032122157189859155,6.63333009492294e-05,1.8320175389336986e-05,1
0.12195534101775657,0.8752778169320622,3.546291505976618e-05,2.40059610232997e-07,0.002664087878191543,5.3808622496561016e-05,1.3242574823388981e-05,1
0.12167633861306426,0.8759049270960295,3.8471820050387443e-05,2.118105467927529e-07,0.002315593920541165,5.220692962482865e-05,1.2249810142924773e-05,1
0.04332319888939436,0.9489803788282247,4.82484794331959e-05,2.2892213365163872e-07,0.007590569295170696,4.971989198580801e-05,7.655693657626192e-06,1
0.03443628453543084,0.9652102444043624,4.006954188221487e-05,1.688438893998676e-07,0.00027153203296810915,3.667100869751161e-05,5.029632769362553e-06,1
0.03238108638502732,0.9672524956673046,4.082236734082554e-05,1.720161237828986e-07,0.0002766335693881558,4.0253139598051274e-05,8.536855217255535e-06,1
0.029010330932883327,0.970504790651719,3.371931765877325e-05,1.6747989417020862e-07,0.0003533175250228154,8.856678743212915e-05,9.107305389831607e-06,1
0.024411934944395235,0.975166236465938,3.921048357686229e-05,2.0330464914513354e-07,0.00029352373318811066,8.473729712096889e-05,4.1537711315216956e-06,1
0.020608606887416194,0.976335875570584,4.169983441224471e-05,2.1285810845844793e-07,0.0029357566925011136,7.296221356221816e-05,4.8859434157659e-06,1
0.01634349833465982,0.9796010274099519,3.8492137572868635e-05,1.9741791088165388e-07,0.003944583454540235,6.766971612719184e-05,4.53152923706813e-06,1
0.008988085491372975,0.9866164774957732,3.3175781776307915e-05,2.397080771686473e-07,0.004295734056050545,6.128228186133542e-05,5.005185088349012e-06,1
0.012074199504864267,0.9838174212066815,3.4784714249894876e-05,2.065007371425565e-07,0.004008931487890594,5.924771736418165e-05,5.20886821247265e-06,1
0.005295556497758452,0.9910726362752602,2.22827546223077e-05,1.5188401132912934e-07,0.0035685520611789924,3.782219175887351e-05,2.998335409992333e-06,1
0.004652069472965316,0.9925782762694151,2.0847590638296574e-05,1.4210162730608394e-07,0.0027104958464098843,3.5363497135584015e-05,2.8052218086740156e-06,1
0.005190116032413947,0.9932564090584604,2.694806823218381e-05,1.400364868514278e-07,0.0014947903470639195,2.8832003378503194e-05,2.764453964201003e-06,1
0.007813529729333532,0.9863200141392362,2.805741699944556e-05,3.9449751177335804e-07,0.005779243354902403,5.3664387572557117e-05,5.096474444107982e-06,1
0.005773132620516615,0.9916622785639977,2.0067707518371428e-05,2.8215928369847726e-07,0.0025137928854376194,2.7311118813743027e-05,3.134944432526487e-06,1
0.006248684297775257,0.9902674702350331,2.5221204887057913e-05,2.7961326748763067e-07,0.0034241227641260462,3.063470794496112e-05,3.587176966202501e-06,1
0.00566368883895301,0.991701336628873,2.3119795605897875e-05,2.612969541911688e-07,0.0025746065435771227,3.40834802561825e-05,2.9034157804518905e-06,1
0.0017444656860032854,0.9925048108293416,2.581297289917284e-05,5.217783713567018e-07,0.0056521274770122715,6.853630677860588e-05,3.724949593866282e-06,1
0.0014759496660597814,0.994702149786038,2.1344501665184882e-05,4.814041401387192e-07,0.0037313146119699186,6.514748755286671e-05,3.612542574057494e-06,1
0.002544058637849409,0.9849593090882276,4.23261898159817e-05,8.362698466377076e-07,0.012331200252467495,0.0001160427097858756,6.226852006860683e-06,1
0.0318686129139013,0.9681220455049847,2.692795831245166e-06,6.09380098310131e-08,2.7715119826939547e-06,1.910017171672537e-06,1.9063181185501012e-06,1
0.09404309343974249,0.9059393012276745,5.143593731967733e-06,1.1639960288428168e-07,5.201514383737004e-06,3.5025068662721183e-06,3.6413179981702427e-06,1
0.16463886994401847,0.835338731195905,5.883985810805998e-06,1.353195473455442e-07,6.289474051917774e-06,4.6678941784984345e-06,5.422186488164907e-06,1
0.18008237551971176,0.8198901881475241,8.138336851702648e-06,1.5205699313164385e-07,8.628968241839867e-06,5.153938201921718e-06,5.363032475507979e-06,1
0.2548130233908657,0.7451587936038533,8.306013609820515e-06,1.5518987201366393e-07,8.909248521474449e-06,5.339024528088447e-06,5.473528749569906e-06,1
0.10010413076707969,0.8997987664838228,1.0991303479547745e-05,1.5984702553292687e-07,7.481456717768663e-05,5.499245401704666e-06,5.637786012934374e-06,1
0.08365491112330901,0.9161575722403147,1.048977041849676e-05,1.6711765610055337e-07,0.00015143151366974795,1.1555259804531355e-05,1.3872974827475134e-05,1
0.28198636260601667,0.7173835143813078,1.0581358763475722e-05,2.2044806180443558e-07,0.0005937680262701944,1.5974666400631478e-05,9.578513179512694e-06,0
0.109514631637668,0.8899815825142842,1.603802242518936e-05,2.0424624161138538e-07,0.00044619914440354017,1.601570481298765e-05,2.5328730164481695e-05,1
0.3076293091287271,0.692063749107758,7.109469469251133e-06,1.7090390881815465e-07,0.00027208048371934947,1.3791620734019904e-05,1.37892856833546e-05,1
0.14593725711242292,0.852566088784352,9.112713551612967e-06,1.5420293008716494e-07,0.001460690056679499,2.157500939252915e-05,5.122120671636309e-06,1
0.49621847273252984,0.5034718355501142,1.2890334593945734e-05,1.6090019736342493e-07,0.0002700132659876977,1.65769948486897e-05,1.0050221728111104e-05,0
0.3709981255449618,0.628942257734069,1.0327643236513205e-05,1.0207891100408525e-07,3.5222865365543806e-05,1.1051775533545838e-05,2.9123579226871185e-06,0
0.0684245447687255,0.9312513050037978,2.3545650026208003e-05,1.3725607270472857e-07,0.00028191064225066684,1.464070072513918e-05,3.9159784018712515e-06,0
0.2335448557271008,0.7661214208985342,2.5789702505563145e-05,1.5909556458468148e-07,0.0002860877039811985,1.7147803240627532e-05,4.539069073376321e-06,0
0.3417008535109582,0.6579917512297198,3.5191585186114554e-05,2.248684501019444e-07,0.0002405731903325843,2.3474183040370078e-05,7.931432312949549e-06,0
0.19431828317732636,0.8054291611943876,3.383488756174346e-05,2.1619937508199642e-07,0.00016789066276195658,4.298821696658013e-05,7.625661620327139e-06,1
0.21108916754129053,0.788575495686715,4.083043876527886e-05,2.207853318340903e-07,0.00024213771146735973,4.636625018292837e-05,5.781586246896215e-06,1
0.32135798185080794,0.6783790924755285,4.256586243023429e-05,1.9889338647993258e-07,0.00018022499908957297,3.47276050603926e-05,5.208313696922137e-06,1
0.34699489054608934,0.6527758811857622,3.3095896380804666e-05,1.7270748486389718e-07,0.0001549917323423283,3.644533430707663e-05,4.52259763332234e-06,1
0.28568706127575944,0.7140884069137095,2.8420736257655573e-05,1.4573843501980828e-07,0.0001677292012120667,2.3020281617900274e-05,5.215853008289067e-06,1
0.2632909454237026,0.7364589249186652,3.393368922329118e-05,1.7628518862498055e-07,0.00018032589043826406,2.9828481988395637e-05,5.865310793645593e-06,1
0.10573343771428409,0.8914516050092031,3.633541153781735e-05,1.9510787438490145e-07,0.0027181657336003465,4.674963995936872e-05,1.3511383541150042e-05,1
0.09788313173622104,0.8992784829450724,3.511586997897716e-05,2.25280427973506e-07,0.0027405575549603687,4.899425134420334e-05,1.3492361995052422e-05,1
0.1343743779446957,0.8626853164870866,4.321195297766111e-05,2.2207401262986294e-07,0.002826090974941386,5.7937180847643946e-05,1.2843385438474193e-05,1
0.04952311677394098,0.9424579085715431,4.200455985063546e-05,1.992969224536761e-07,0.007920659562818736,4.57093394544774e-05,1.0401895469539693e-05,1
0.02500169542504689,0.9745948048779441,3.764632789373278e-05,1.586330196108849e-07,0.00030515563183927116,5.266642876961894e-05,7.8726754871151e-06,1
0.020933741893740445,0.9787653376517257,3.45826303170398e-05,1.7710544940966085e-07,0.000200921065305969,6.17455154907244e-05,3.49413797076822e-06,1
0.020279893482103593,0.9764436062710872,3.37226620294425e-05,2.0542651899405288e-07,0.0031807991914319716,5.766945688550879e-05,4.103509943316723e-06,1
0.008566328532485049,0.9861471636569368,3.23126357259416e-05,2.3166095397699876e-07,0.005189400671425459,5.9687879055617e-05,4.87496341732735e-06,1
0.030920321722710305,0.9607802867121765,5.6871489339099695e-05,3.145654763473558e-07,0.00815759958196941,7.743625523218636e-05,7.169673095977427e-06,1
0.005490875833600571,0.9906473244375941,2.360201375511424e-05,1.4503938455971069e-07,0.0037990717185117625,3.611774121187099e-05,2.863215941976324e-06,1
0.005145865039598384,0.9883513585986106,2.29672321483409e-05,1.5620361262517872e-07,0.0064412475996355155,3.484508560801906e-05,3.5602407865526646e-06,1
0.004652075432666233,0.9925795478475155,2.3251064546163683e-05,1.421018093504845e-07,0.0027104993187880757,3.167900927238928e-05,2.8052254024043078e-06,1
0.006917872468719663,0.9905863222535177,2.9336047472268638e-05,1.524456963195946e-07,0.002436567513405959,2.673984758004616e-05,3.0094236080286865e-06,1
0.005704453003989446,0.9924848391287686,1.8625748380238757e-05,2.4929886559094207e-07,0.0017602025700923641,2.8974873464191215e-05,2.6553764396705505e-06,1
0.005007254700983021,0.9907034580517954,2.299813258890311e-05,3.024955391383481e-07,0.004223813304367943,3.9097396617579344e-05,3.075918108027223e-06,1
0.003311478483639304,0.981830108140817,4.729334900507316e-05,1.0201997240493296e-06,0.014626953572731591,0.00017622767422683147,6.9185798562761335e-06,1
0.003424032815655885,0.9780344909840997,4.8272936406774164e-05,1.0413311266233014e-06,0.018316423464243455,0.00016867658402836087,7.061884439424673e-06,1
0.031954081531152416,0.9680372596494374,1.9745973553796897e-06,4.633462038480588e-08,2.9565743318566162e-06,1.5621784825426874e-06,2.1191346198174296e-06,1
0.02367141108798799,0.9763207883139459,2.6884063622172906e-06,4.375379244580337e-08,2.035437587446638e-06,1.4751654922565583e-06,1.5578348317069159e-06,1
0.02142644897179448,0.9785665433985203,2.2062958414784686e-06,4.12225148365391e-08,1.9025784418786136e-06,1.3898230985627182e-06,1.467709788641994e-06,1
0.023881149171948717,0.9761111041687934,2.435741566445087e-06,4.5509487428246816e-08,2.1107036081282665e-06,1.5343590045957835e-06,1.6203455912231642e-06,1
0.02120273578710198,0.9787895811398148,2.4157484980298016e-06,4.5135936182814295e-08,2.0933785182160035e-06,1.521764669886759e-06,1.6070454609022732e-06,1
0.0307912419686959,0.9691997153965916,2.6419063091929647e-06,5.978637918782433e-08,2.6716561190177122e-06,1.7989941410975412e-06,1.870291763782756e-06,1
0.15739233849194534,0.8425848251781888,7.225143383390778e-06,1.3499485187732736e-07,6.1635677786628045e-06,4.551371115278463e-06,4.761252736450642e-06,1
0.1958249428601132,0.8041488483781541,8.160775037626308e-06,1.5247622904495787e-07,7.376933293080157e-06,5.140758295526963e-06,5.377818877446465e-06,1
0.23840242168614265,0.7615690302490198,8.377742153508079e-06,1.5653005083319276e-07,9.10786499613331e-06,5.385130936300827e-06,5.520796700777507e-06,1
0.22181961474441927,0.7781517637312937,7.780089524998173e-06,1.4536348654808e-07,1.0568152342794791e-05,5.000965656446455e-06,5.126953276233e-06,1
0.18558190987675716,0.8143306299274662,8.932503991748643e-06,1.756088165432266e-07,6.620615836291738e-05,5.952222055271241e-06,6.193702550013496e-06,1
0.09457760370734511,0.9053182667060494,1.2414090214536059e-05,1.572607376039858e-07,7.98522678764154e-05,5.30206869924629e-06,6.403899077589714e-06,1
0.24137446421448203,0.7584729040706318,1.186546060258093e-05,2.1489630941665175e-07,0.00011581797565491543,1.639251415138218e-05,8.340868167755084e-06,0
0.15182931969106936,0.8479877515905335,7.017822641264448e-06,1.6367974848642535e-07,0.00015793426069183523,1.1941380355320204e-05,5.871574960047997e-06,1
0.15093369499983517,0.8488434341985877,8.714722799819664e-06,1.7656501248728483e-07,0.00019032985539195718,1.3792004551648139e-05,9.857653821236923e-06,1
0.09166386731286504,0.9076453442969727,7.988948360959931e-06,1.484939061824657e-07,0.0006529080147463615,1.4846662673166993e-05,1.489627047551695e-05,1
0.071869033365957,0.9275046836563022,7.79208608862399e-06,1.4211978386924987e-07,0.0005886447206505387,1.544720529845912e-05,1.4256845919569063e-05,1
0.21143086180248555,0.7879420600709222,8.650511085735374e-06,1.7615294588669118e-07,0.0005909964244222998,1.924497409951983e-05,8.01006403896436e-06,1
0.45298235782487273,0.5468018513864903,8.33994084726798e-06,1.4472876090187616e-07,0.00017778970239581697,1.3932813964833448e-05,1.558360266795964e-05,1
0.16551515953506662,0.8338216122248472,8.093893428719504e-06,1.6989799735860275e-07,0.0006201274967864567,1.8992356965098712e-05,1.584459490851157e-05,1
0.2906058793131884,0.7090130789370955,8.590907497100574e-06,1.3904095659206852e-07,0.00034146455607158714,1.4743317686528814e-05,1.610392750419793e-05,0
0.48951948156186964,0.5102397990526302,1.3427805548011383e-05,1.312056442534214e-07,0.0002088730259086137,1.3965333468975072e-05,4.3220149303838084e-06,0
0.5822840632684769,0.4174956304684139,7.165462210834142e-06,9.219751820994474e-08,0.0002009292616091688,9.48887491874105e-06,2.6304668521417887e-06,0
0.5254429165980821,0.47451380815922073,7.459266949261298e-06,7.354529902270426e-08,2.581647804418798e-05,7.8276714552755e-06,2.098280949300036e-06,0
0.36728149149575223,0.6326626760647092,1.0406991248680079e-05,1.026086462003669e-07,3.1474387709816757e-05,1.092098042431131e-05,2.9274715096233597e-06,0
0.634692640009164,0.36512431803726186,1.4799900494189442e-05,8.964191657264372e-08,0.0001559330082919623,9.661878076319728e-06,2.5575247949573887e-06,0
0.44593332680312103,0.5533785685878027,2.119896302233996e-05,1.7395106695894272e-07,0.0006271806141932332,3.458812165539e-05,4.962959138317025e-06,1
0.34800249998020855,0.6505602937144371,2.717180610735654e-05,2.0049944391978187e-07,0.001366864094968894,3.771947514439732e-05,5.250429689669714e-06,1
0.06511814443867948,0.9283911810309522,3.8383577106905485e-05,2.5031486614213376e-07,0.006350701003002022,8.163835623475031e-05,1.9701279158295092e-05,1
0.05882969292638083,0.9338074947057369,4.9970717368068564e-05,2.2751291499111734e-07,0.007256800561887001,4.393900419065005e-05,1.187457152158458e-05,1
0.04314662817568128,0.956500867021589,4.036860068108201e-05,1.7010405481200052e-07,0.0002581616008109068,3.901343013775451e-05,1.479106704531404e-05,1
0.03786802196240245,0.9617775285962253,4.059129932295464e-05,1.710424559788612e-07,0.00025958578289585074,3.922865280487416e-05,1.4872663892548382e-05,1
0.032380805499142705,0.9672441053505113,4.0822013232052725e-05,1.7201463164948094e-07,0.0002766311697631424,4.250675518326008e-05,1.4957197536028263e-05,1
0.024579699095211877,0.9750278261259874,3.6905563777980145e-05,1.5551160896937611e-07,0.00029915110618076714,5.1630115197482445e-05,4.632482035735922e-06,1
0.02160656214039104,0.9780958177135958,3.513372389569268e-05,1.7457465935685254e-07,0.00017991298562180545,7.895465417338189e-05,3.444207662869531e-06,1
0.01821167138735505,0.9784893452638493,3.755850685788482e-05,2.0622698287463968e-07,0.0031931934766323933,6.395641183249331e-05,4.0687264901028805e-06,1
0.014065891013800236,0.9831999403257006,2.8855201228101128e-05,1.260663339422251e-07,0.0026458742394265856,5.5467378886656244e-05,3.845774623753561e-06,1
0.008384105205419731,0.9899903617002199,2.92907019718127e-05,1.269766162274247e-07,0.001531703377269228,6.05082210436865e-05,3.903817459620556e-06,1
0.01187090984304996,0.9808990891481946,3.251596110369533e-05,1.9285077214897915e-07,0.0071458520369504916,4.6329231977996216e-05,5.1109279513754185e-06,1
0.03045305762946297,0.9551414340558925,5.6494945592162756e-05,3.1248275151462665e-07,0.01426465513027766,7.692355303231896e-05,7.122202990952127e-06,1
0.00480722078851446,0.9924426827154632,2.082797753846986e-05,1.3902141779540006e-07,0.002697620331618753,2.8764749915219425e-05,2.7444155317969484e-06,1
0.006262134872374016,0.9892659223300978,2.247141853003187e-05,1.5464123914293219e-07,0.004416713403543822,2.9550568495580845e-05,3.0527657197740925e-06,1
0.005291821234997958,0.9912517002510328,2.479834739901372e-05,2.769747312298913e-07,0.0033918114501985024,3.6514121359925516e-05,3.0776202804528e-06,1
0.0052918191725598055,0.9912513139198937,2.258316821669123e-05,2.7697462328156356e-07,0.0033918101282715074,3.911901735382511e-05,3.077619080978894e-06,1
0.004766933395874047,0.9912047710025638,2.323301493095876e-05,4.6962760700725235e-07,0.003948445281476746,5.279502964164321e-05,3.3526479057411194e-06,1
0.0017099134738749158,0.9918777970551396,2.8786518249744394e-05,5.81885033856868e-07,0.006303228667322911,7.553835233976692e-05,4.1540480394122194e-06,1
0.0019410203136656474,0.9906156011109728,2.7443137263552278e-05,5.349922537946661e-07,0.007310806078094401,0.00010057969040800735,4.014677341718105e-06,1
0.00299444893994902,0.9819394947445843,5.0535980391060445e-05,1.2727890905321685e-06,0.014829755248001723,0.0001771129835282014,7.379314455231032e-06,1
0.8576212174901517,0.14221500606980553,1.0781198639354708e-05,2.091038568296178e-07,1.3900849436615552e-05,7.112649136859008e-06,0.00013177263897307006,0
0.031316870797562964,0.9686741330737783,2.159772253780958e-06,4.552891511404238e-08,2.79094047841515e-06,1.5350140118552234e-06,2.464872999594719e-06,1
0.023959288016539588,0.9760344240100426,2.0332505057491655e-06,3.30911360236111e-08,1.5450587275758523e-06,1.1156724762102533e-06,1.5609005721121689e-06,1
0.029825700198773536,0.9701660243297047,2.324014532387066e-06,4.8893107719421184e-08,2.256605960899917e-06,1.648438256094313e-06,1.997519664554902e-06,1
0.03677738968097449,0.9632116398410876,3.205147150259008e-06,7.253252782332616e-08,3.241239466571945e-06,2.182530441979532e-06,2.2690283512258163e-06,1
0.09580827158944823,0.904168508933423,7.179051277484226e-06,1.6246203750337354e-07,5.907136471822591e-06,4.8885424671922475e-06,5.082284874876734e-06,1
0.15950279663042072,0.8404765446670888,6.008394074521771e-06,1.2640586132849401e-07,5.875177684460811e-06,4.261792046523431e-06,4.3869328238229285e-06,1
0.13220488412960107,0.8677723883199508,7.076809971196367e-06,1.3222338480116182e-07,6.39708297859229e-06,4.457930698684889e-06,4.663503414777493e-06,1
0.28639419853918485,0.7135534427956696,8.733532768843439e-06,1.7268377998591377e-07,3.150883315893494e-05,5.853078587126368e-06,6.090536850588309e-06,1
0.09559743596575151,0.9043072531682136,8.286545473663188e-06,1.5394151600934768e-07,7.32023254259514e-05,5.2178136886833455e-06,8.450239930818837e-06,1
0.07694516831565956,0.9229658293781116,1.0140406399869228e-05,1.474723906705237e-07,6.85145492447428e-05,4.998544113965928e-06,5.201334079532237e-06,1
0.08442936225848015,0.9154103018504557,7.679038968276662e-06,1.6866477935651424e-07,0.00013591108855140732,5.2969779069396225e-06,1.1280120858391866e-05,1
0.09166334020094871,0.9081443087918805,1.0150060918374123e-05,1.6732916193093037e-07,0.0001497131175054185,1.1569884260601448e-05,2.0750615324718637e-05,1
0.13143756617866856,0.8684212783541565,8.722117003311022e-06,1.8134943732312657e-07,0.00011017578260412238,1.5251450225028918e-05,6.8247679053685815e-06,1
0.28610362661998445,0.7136574311449391,9.522305617872357e-06,2.208282726229645e-07,0.0002023501287364337,1.725393903258292e-05,9.59503341700747e-06,0
0.34529821606093736,0.654160445405256,1.4851883915313989e-05,2.689836617544607e-07,0.0004920704525513006,2.245981879693563e-05,1.1687394881585872e-05,0
0.3839548852386913,0.6156727626902563,9.835494804524063e-06,2.2354792033427556e-07,0.00033741262223139335,1.7105061082850237e-05,7.775345013368687e-06,0
0.08242268603977403,0.9168399515814551,1.0660188233473604e-05,1.5610916044955406e-07,0.0006948192851063404,1.6066596215772298e-05,1.5660200054977215e-05,1
0.06674704268196159,0.9324645961658852,8.00350923592551e-06,1.4876455522203632e-07,0.0007493178091454747,1.596764839303537e-05,1.4923420823979255e-05,1
0.09558312064612351,0.9032196157228105,9.982018352128179e-06,1.859458075632967e-07,0.0011597736346427,1.9998639500258033e-05,7.323392763340443e-06,1
0.13320812319354444,0.8655175717390994,9.747828186930514e-06,2.0163612210499517e-07,0.0012375669324802107,2.168614699653902e-05,5.102523570405534e-06,1
0.23603601694509782,0.7632983509392516,9.096402705135474e-06,1.835264818747998e-07,0.0006244589257336742,1.8876904547005258e-05,1.3016356182713248e-05,1
0.2628361276934234,0.7366093418235871,1.0200222835958802e-05,1.9158124568903522e-07,0.0005052178787271246,2.1054037316046082e-05,1.7866762864801295e-05,1
0.2836561440320122,0.7153908595153637,9.291190425656434e-06,2.1009317691417884e-07,0.0009149152542694539,2.224910300931754e-05,6.330811742759498e-06,1
0.39020723096896753,0.6091311330524133,1.2815365524310162e-05,2.1979742991303652e-07,0.0005990654367286735,2.4078118257937594e-05,2.5457260678329366e-05,0
0.6778695671743634,0.3210460374541635,1.740727707096242e-05,1.7009687979626717e-07,0.0010402930361414027,1.655334685229686e-05,9.971614528605832e-06,0
0.4551677476931601,0.5445369956091792,1.2330309711556227e-05,1.2420015129512868e-07,0.00026647610754372287,1.2782553407181311e-05,3.5435268470989234e-06,0
0.420937352474759,0.5788555844268762,2.051661192726842e-05,1.2656609579848676e-07,0.00016910600275199704,1.3702929108110828e-05,3.610988481524337e-06,0
0.14579272263205012,0.8539368978478427,2.029882981264754e-05,1.3115715383605113e-07,0.000232007570575892,1.4199989102124792e-05,3.7419734628265165e-06,0
0.6748769091039643,0.3249775732065101,1.317259768441028e-05,7.978546228297308e-08,0.00012085163935623805,8.599519491712238e-06,2.814147531002698e-06,0
0.46525152137997394,0.5345331456714869,5.9221971371385e-05,1.8267651497244944e-07,0.0001300865715741937,1.9398466749058575e-05,6.443262329653818e-06,1
0.36887815969102655,0.6308747394156651,6.102268264065714e-05,2.1560122082950067e-07,0.00015575127542917175,2.2506770154659353e-05,7.604563863108543e-06,1
0.11534286551996335,0.8844661839775231,2.9023945023559356e-05,2.1406973482015463e-07,0.00013147985711534112,2.2682084481905166e-05,7.550546158019853e-06,1
0.32921132380027573,0.6700922727975543,2.672219639831704e-05,2.2304008045934805e-07,0.0006194011360122518,4.369352283254663e-05,6.363506846370503e-06,1
0.44980081528280014,0.5492858742672737,1.985271764577249e-05,1.6725049651425437e-07,0.0008496676944639014,3.8851000664304425e-05,4.771786655723101e-06,1
0.20483347231118434,0.7948545902129226,4.933550533973473e-05,2.0171379495991713e-07,0.00022189802654175184,3.522006000590568e-05,5.2821702105910885e-06,1
0.044865682996091165,0.9547866298462155,3.801448800228255e-05,1.7307904864622968e-07,0.0002670402341225444,3.342595094912622e-05,9.033405570598687e-06,1
0.024467339137964898,0.9751582702746479,3.8558621253200575e-05,1.6247721527299167e-07,0.00028838639672647135,4.244311409709129e-05,4.839978095247868e-06,1
0.03145064289663671,0.9680352318304268,3.342783170814619e-05,2.1317403412492843e-07,0.0003890753337635116,8.777029147999595e-05,3.638641950598681e-06,1
0.013830722976477472,0.9828473103295408,3.418227290035161e-05,1.7458701994661593e-07,0.003234935085424098,4.923025838234821e-05,3.444490255267511e-06,1
0.010064462680381659,0.9859642198832805,2.842499825345061e-05,1.6061163367257638e-07,0.0038896054368254326,4.886986278479251e-05,4.256526840447941e-06,1
0.011882425988502707,0.9841685794278987,2.956273172559997e-05,1.707314716104138e-07,0.0038799129292499987,3.5977788878935346e-05,3.3704022724308096e-06,1
0.005370757514178144,0.9904084160239165,2.618166879754555e-05,1.482628036469795e-07,0.004160339183027277,3.1230497964311046e-05,2.9268493126387546e-06,1
0.005331384042253397,0.9902190543365914,2.17918979012245e-05,1.4823445645786852e-07,0.004393470672253752,3.122452683190259e-05,2.9262897120584074e-06,1
0.005024405068190444,0.9909425179706636,2.612747319240306e-05,1.4155454620523327e-07,0.003974211473671387,2.9802037830619517e-05,2.7944219053631684e-06,1
0.005167121966975764,0.9909928172180603,2.5406689145125545e-05,1.4968600219002868e-07,0.003780578149300301,3.097134590543373e-05,2.9549446108187985e-06,1
0.007548119128987841,0.979680922089219,2.5789850204823532e-05,2.0293807860892003e-07,0.012702580601096,3.8063067993258814e-05,4.322324420536273e-06,1
0.003746259218969761,0.9941843519658461,1.3940320306738942e-05,1.7336167040350252e-07,0.0020169421445124696,3.559409575132912e-05,2.738892942965858e-06,1
0.005838055282469858,0.9926866787511358,1.936723528382728e-05,2.8533234986491606e-07,0.0014235885131287608,2.885468669354586e-05,3.17019893835783e-06,1
0.0056721923984935675,0.9927595887329106,1.921236525538295e-05,2.537260600537973e-07,0.0015167779614006529,2.882996742626661e-05,3.14484845376039e-06,1
0.006367398291889839,0.9914612662339894,2.122065904307734e-05,2.6921482914950344e-07,0.0021171327151007905,2.9495444688841463e-05,3.217440458783416e-06,1
0.0055914173207954445,0.9909551932944358,2.475752652955534e-05,2.7651879966457837e-07,0.003386228146996555,3.905463827182886e-05,3.0725541712605472e-06,1
0.005133844230272675,0.9894895147482623,2.7732870403027283e-05,5.391829640836879e-07,0.005262840461876168,8.206937424690429e-05,3.4591319744970645e-06,1
0.004451436898375937,0.9914909041792802,2.6886915815051354e-05,5.227358998023327e-07,0.003960528680246721,6.683640469335067e-05,2.8841856888736247e-06,1
0.0017446047801984639,0.9944742012885954,2.6179124962645213e-05,5.88852510664179e-07,0.0037026020743842997,4.857489647817448e-05,3.2489828702355163e-06,1
0.0016691429846360838,0.9932547977931772,2.288574674149345e-05,5.206311120724115e-07,0.005001882705625017,4.744507174830394e-05,3.3250669597882944e-06,1
0.7897118448317437,0.20998777507681984,8.389656228229614e-06,2.1223336452124043e-07,1.3025109109829548e-05,6.491837392115232e-06,0.0002722612553416433,0
0.8141906769938811,0.18552817097463434,9.634380108100295e-06,1.8022888330118386e-07,1.255107630876818e-05,6.255574967204185e-06,0.000252530771216828,0
0.7470572623398395,0.25269450537444094,8.464979669416955e-06,1.641802508301927e-07,1.1433455164447071e-05,5.698542033833437e-06,0.00022247112860090363,0
0.8081995858594833,0.19151824761673986,9.655767748447367e-06,1.8062897863611457e-07,1.2147640999427212e-05,6.2694618998414195e-06,0.000253913024150647,0
0.04009052705443971,0.9599000914756298,2.638940522348177e-06,7.044372418895256e-08,2.6200249746546477e-06,1.8718172593043525e-06,2.180243449739854e-06,1
0.029037761554128804,0.9709541364382926,2.0567898843000602e-06,5.191501968583244e-08,2.1754424581974015e-06,1.5621420383456876e-06,2.255718177810723e-06,1
0.029814157576120614,0.9701776264958064,2.2568578293309063e-06,5.117520404737837e-08,2.144441288191673e-06,1.5398807136568341e-06,2.2235730376569047e-06,1
0.09645887741235934,0.9035185391138442,6.982410306157596e-06,1.5801204938884902e-07,5.745334444133883e-06,4.7546406879787365e-06,4.943076308768731e-06,1
0.06384275984862547,0.9361409220634183,4.928941818653834e-06,1.1154202688390603e-07,4.101782971448595e-06,3.5770331132497866e-06,3.598788026014595e-06,1
0.13789108416382995,0.8620883808146266,5.8836116183855765e-06,1.2378066170760595e-07,5.988616652639638e-06,4.173283058512485e-06,4.365729552491125e-06,1
0.1358166794321319,0.8641601988017518,7.199559203553563e-06,1.3451683609490467e-07,6.508042157677714e-06,4.535254743472352e-06,4.744393175360159e-06,1
0.0728149523688622,0.9270657554274497,8.36401579557746e-06,1.5538070424998655e-07,9.697697191135554e-05,5.266594656269383e-06,8.529240620524095e-06,1
0.0801922727404743,0.9197100644697526,1.1567541883200305e-05,1.4653672861882483e-07,7.038865549661282e-05,4.94050717259339e-06,1.0619548492106315e-05,1
0.08576334700559993,0.9140808204748446,6.999417842241923e-06,1.6230754344716133e-07,0.00013251742698208117,5.472222494147452e-06,1.0681144693479906e-05,1
0.38896978833983303,0.6106001576205231,1.2189298465269731e-05,2.770467959569708e-07,0.0003808619519237684,2.4688002754029685e-05,1.2037739704737175e-05,0
0.39242426223386784,0.6071429691081479,1.0592512722723215e-05,2.383101334867572e-07,0.0003955183042256087,1.78707896841991e-05,8.548741218420099e-06,0
0.12770580603795248,0.872034821409937,7.317886497487788e-06,1.682963080141199e-07,0.0002359739939160967,5.80543884347953e-06,1.010693654525717e-05,1
0.09794922780907284,0.9012438246214545,1.1401749037029375e-05,1.6034981707219577e-07,0.0007635897845894847,1.5710081527145332e-05,1.6085604501992313e-05,1
0.09341763811011172,0.9052100279998998,9.574928153256377e-06,1.8635557370633057e-07,0.0013333072611262028,2.0042710218933183e-05,9.222634916095894e-06,1
0.19122156187481398,0.807825474433088,8.500729039633967e-06,1.9221919777810785e-07,0.0009188797916135489,1.977486836698395e-05,5.616083879993603e-06,1
0.18080222756098469,0.8186530399394192,7.497777689999284e-06,1.5079042052387675e-07,0.0005053378568695484,1.5509785540235185e-05,1.623628907575468e-05,1
0.24073018975405305,0.7589396378366197,1.0952676192656562e-05,1.8552605500955647e-07,0.00027677933527857975,2.076697202510681e-05,2.148789977603021e-05,1
0.1360978270094442,0.8634467010998178,7.55069740844146e-06,1.5849583141323234e-07,0.00042427827682232764,1.704636977979688e-05,6.4380508957948766e-06,0
0.08779356416080149,0.9117312902565665,7.140398954475632e-06,1.4988330318290288e-07,0.000447331640997096,1.661182404927317e-05,3.911835327964947e-06,0
0.3111759538116846,0.687961790440657,1.0549812984078942e-05,1.9971784318810032e-07,0.0008177917951294236,2.3639316076650366e-05,1.0075105625146517e-05,0
0.3668480735333422,0.6324782259714922,1.3357690308016538e-05,2.269885234279551e-07,0.0006086122107704353,2.5213461888223667e-05,2.629014367538696e-05,0
0.1471086218341608,0.8522066820627604,8.944194745910063e-06,1.4397343923220973e-07,0.0006565862517386263,1.427908722896455e-05,4.74259592627312e-06,0
0.2443746507614841,0.7546822547489553,4.5835362805234556e-05,2.1678889925675395e-07,0.0008462898766414457,4.310592025745093e-05,7.646540957297023e-06,1
0.2418822283245568,0.7570937039635045,4.743861535666776e-05,2.461254159496709e-07,0.0009204216805470251,4.8939141208946954e-05,7.02214941025805e-06,1
0.39988720342231765,0.5999318386443464,2.666694707661407e-05,1.522897207011917e-07,0.00011312720014132656,3.666660115611257e-05,4.344895240998154e-06,1
0.31719082122704884,0.68260246375492,2.9751794395417554e-05,1.5720780812171684e-07,0.00014501323001263835,2.691968706076228e-05,4.873098754336804e-06,1
0.2958958175590453,0.7038843809991503,3.0501759962511207e-05,1.7880992308355518e-07,0.00015333775226715544,3.063027939339986e-05,5.152840258097535e-06,1
0.11835512308549291,0.8782166204440701,3.554742121590577e-05,2.431769022993988e-07,0.0033312318262654884,5.4508340583719803e-05,6.7257054696020415e-06,1
0.09427838765061322,0.9032710174777266,2.996607045071979e-05,2.1202724143285152e-07,0.0023589843719542675,5.2040535952400336e-05,9.391866061122696e-06,1
0.10268648935792293,0.8947042341219663,3.396932877928442e-05,2.121999692223018e-07,0.002507626369755773,5.00667215136451e-05,1.740190009278866e-05,1
0.04788517481672357,0.9517376224817906,3.8523516830257495e-05,1.7539664464473736e-07,0.00028675580995574915,3.6496704160872824e-05,1.5251273894268209e-05,1
0.0382554102514201,0.9614079180429558,3.679746868166346e-05,1.6753798898013116e-07,0.00025426716299945245,3.6695331414270505e-05,8.744204539935151e-06,1
0.01751674699590725,0.9820881365883339,3.4997095697550054e-05,1.4498507146755588e-07,0.00031241274358702494,3.999447705497503e-05,7.5671143474198814e-06,1
0.023797336466308133,0.9758352700467583,3.809124364393096e-05,1.5780342831105336e-07,0.000280090731523471,4.122220399620271e-05,7.831504341873533e-06,1
0.023953513443371082,0.9756107735255967,3.8485919904063366e-05,1.6217086840760877e-07,0.00033056691504432457,6.07244626965032e-05,5.773562518865538e-06,1
0.024828569093298322,0.974845612996358,3.551446568988604e-05,1.763961837972143e-07,0.000199198525271753,8.74483784271407e-05,3.480144771145789e-06,1
0.025299822685984772,0.9743857299248455,3.3854157409617836e-05,1.6814962739049262e-07,0.00019850365315366057,7.86039816628236e-05,3.317447316240507e-06,1
0.01715533710528163,0.982598174037471,2.8197454542489546e-05,1.464470348192886e-07,0.00017396083467383032,4.129484713843297e-05,2.8892738578860413e-06,1
0.01663111853039503,0.9799035231509664,3.583714799717589e-05,1.835280538393522e-07,0.003373965289551737,5.175146189953598e-05,3.62089113618617e-06,1
0.007940185244323822,0.9901090394239238,3.053857678789576e-05,1.7709853614825207e-07,0.0018652737455152723,5.1558060873699836e-05,3.2278500392938414e-06,1
0.012182622956647892,0.9839903898562276,3.10557865366848e-05,1.6607770814913504e-07,0.0037569829149872664,3.499711368341868e-05,3.785294208966532e-06,1
0.02151253793202375,0.9597200962452739,3.6246137422422344e-05,1.937631055745717e-07,0.018690321944950596,3.618766892102945e-05,4.416308303003379e-06,1
0.011681882679602584,0.9844530767505683,2.8934240109870383e-05,1.6710179017757788e-07,0.0037974275632686534,3.521291576528735e-05,3.298748895147533e-06,1
0.005226816162642025,0.9901624917058349,2.1364479328827827e-05,1.453270382950999e-07,0.00454888177053462,3.696471888065964e-05,3.335835740686914e-06,1
0.00493203194289297,0.9914711211523106,2.581198111433163e-05,1.3984525967706902e-07,0.0035408083534386532,2.732604602665832e-05,2.7606789571860104e-06,1
0.005909119069524086,0.9909716627540699,2.6821572321981964e-05,1.455959854655166e-07,0.0030592323957012025,3.01444086218692e-05,2.874203775326967e-06,1
0.00570513035108026,0.9906841977186905,2.6216796397560428e-05,1.4231307029391765e-07,0.003552057603196704,2.944582166969551e-05,2.809395895150061e-06,1
0.005576688948821518,0.9913671560331847,2.0373592960272933e-05,1.388707579670279e-07,0.003004149105359678,2.875200755297098e-05,2.7414413629274367e-06,1
0.006145938777080365,0.9906123374518871,1.9745935797075495e-05,1.3459251278137876e-07,0.0031913378873580497,2.78483706468532e-05,2.6569847178829244e-06,1
0.00454053965553509,0.9935320474103102,2.121505890563165e-05,1.5127727781514815e-07,0.0018704162053336437,3.130059478038136e-05,4.3297978574394456e-06,1
0.004260871468950987,0.9922516760411626,2.1417434298977262e-05,2.974847501201192e-07,0.0034245090143572338,3.60479643633661e-05,5.180592116852346e-06,1
0.007561649540707461,0.9895522019710448,2.5670093659773154e-05,3.9116364367343545e-07,0.0028084306939211785,4.7310494352249355e-05,4.346042670888128e-06,1
0.005549764835465874,0.992003270677674,2.1053737327866406e-05,0.0008614934466699421,0.0015307088858076163,3.053468458018489e-05,3.17373247449091e-06,1
0.004914627573936609,0.9917981862621277,2.3535050483514952e-05,2.628648666488451e-07,0.0032190231238619074,4.144428699570343e-05,2.9208377277764427e-06,1
0.0046549945920732775,0.989825818941454,2.4333570849089535e-05,2.9305855164360516e-07,0.005443431081579507,4.766377916004106e-05,3.4649763325464286e-06,1
0.0017021491109779792,0.993217879494558,2.7321979484892243e-05,4.80724220119487e-07,0.004993502247793436,5.527562514976063e-05,3.3908178158744566e-06,1
0.8348620792025387,0.16483215593601425,8.613331473955506e-06,2.030368081594458e-07,1.2232866851754112e-05,6.096976368593624e-06,0.0002786186499445324,0
0.8392265843542198,0.16045801950547933,9.606995337941917e-06,1.797166005710314e-07,1.2515401118865002e-05,6.2377941156327e-06,0.00028685623312767715,0
0.7685650435866774,0.23112542880379022,1.0660224240684546e-05,1.994191934594144e-07,1.3257030382320448e-05,6.8193670091896e-06,0.000278591568706612,0
0.7536867539205424,0.24614272723776923,1.1658937004621685e-05,2.1810196123102159e-07,1.449902728180365e-05,7.4187188596961185e-06,0.00013672405658096058,0
0.8511830825619712,0.1486582560981081,9.355497026886737e-06,2.496150030623666e-07,1.2965719357063578e-05,6.6398012197566315e-06,0.00012945070731398644,0
0.05468245729236501,0.9453085493999869,2.59882571039127e-06,4.5140414747365464e-08,2.4325815804802714e-06,1.7696586023732717e-06,2.147101340144762e-06,1
0.03124644154020235,0.9687450247409364,2.5192181817767247e-06,5.7009945034187704e-08,2.45860368702244e-06,1.7154502161536367e-06,1.7834368312584387e-06,1
0.03530076635844592,0.9646879523001481,3.4879910509255913e-06,7.893328951475104e-08,2.870022563417836e-06,2.375131715678672e-06,2.4692627864940736e-06,1
0.026230317839575953,0.9737602840824745,2.868920456035725e-06,7.50423549343576e-08,2.360632903369559e-06,1.9987858550732314e-06,2.0946963800009928e-06,1
0.07618475842128507,0.9237986877628303,4.534564646267442e-06,1.12176156187439e-07,4.131032695295155e-06,3.597368959568774e-06,4.178673427380954e-06,1
0.12275689068463218,0.8772238517093738,5.996353123474455e-06,1.1203608824821604e-07,5.420403918705529e-06,3.7773130517976508e-06,3.951499811546777e-06,1
0.1750976838924761,0.8248819956491681,6.097273003548251e-06,1.1392167909937586e-07,6.171991680159483e-06,3.919267611349252e-06,4.018004381721567e-06,1
0.2653310226375184,0.734643066536941,7.636363384149197e-06,1.426781019037545e-07,8.190964087662145e-06,4.9085798950731645e-06,5.032240071926246e-06,1
0.07383903737884076,0.9260741659812122,9.066100607574874e-06,1.4755071623526464e-07,6.740419809706568e-05,4.974693912935963e-06,5.204096613097559e-06,1
0.1138635485574993,0.8859765388378346,1.1646791258035083e-05,1.748039577875262e-07,0.00012323762171578205,1.4056951523020179e-05,1.0796436211442706e-05,1
0.21605925935945805,0.7837617135089555,1.1061933683615777e-05,2.3339721096280658e-07,0.00014094206526494906,1.9488392089479245e-05,7.301343337455401e-06,0
0.3697328921793649,0.6301054560088196,1.1016457127321516e-05,2.842318126235959e-07,0.00011958155168432304,2.1725923809474643e-05,9.043647381569193e-06,0
0.09210980791117146,0.9077246464408255,1.2397768957643764e-05,1.8030131683756884e-07,0.0001405294860507519,6.0788851877617826e-06,6.359206490026965e-06,1
0.07326143842611786,0.9264342106379149,1.0795486473018385e-05,1.7198816788733895e-07,0.0002672141409267474,1.189202870370426e-05,1.427729169615083e-05,1
0.1488833868190018,0.8503860624591434,7.678226920635558e-06,1.6668311421763977e-07,0.0006864048520947012,1.6021578990574975e-05,2.0279380734676324e-05,1
0.06674459808107625,0.9326136108277452,8.60534486559964e-06,1.4613434952714058e-07,0.0006013282913848464,1.7051750685838777e-05,1.465956989268738e-05,1
0.19811415792690948,0.8011021428603842,8.142417360225655e-06,1.65806481308122e-07,0.0007495003465768801,1.811460729336807e-05,7.776034994374104e-06,1
0.2491228517446297,0.7505685266178321,1.3199118911195711e-05,2.2175073845348277e-07,0.00024624869870296264,2.3268573447735235e-05,2.5683495738125207e-05,1
0.4431898940198385,0.5565381325035974,1.3883389607296038e-05,1.8824811778850208e-07,0.00023329359148683906,1.7968758116279143e-05,6.639489235979696e-06,0
0.09082273635430274,0.9086608864701757,7.189454659584651e-06,1.4029774477589796e-07,0.0004887610613523002,1.6347651490424608e-05,3.938710274520056e-06,0
0.24666888546719654,0.7524221761032779,9.472859433505191e-06,1.9913410336187986e-07,0.0008706169435536323,2.2194895446745332e-05,6.454596988297948e-06,0
0.594769277706111,0.4051916703742294,5.451707922740717e-06,7.014754627005513e-08,2.4689999621925298e-05,6.838723056213349e-06,2.001341512435221e-06,0
0.569532622601311,0.43042136414980553,6.4933791130715416e-06,8.355080980827866e-08,2.9027531456753187e-05,8.025044765063223e-06,2.3837427388143552e-06,0
0.20567303554737523,0.7940353543013459,4.110406148188255e-05,1.6124311517786157e-07,0.00022828720169828804,1.7457305311614134e-05,4.6003396720033896e-06,0
0.26173113385964525,0.7379699850159291,5.222621358285193e-05,1.807885103452797e-07,0.00022061151779810832,1.9485934832060727e-05,6.376669702274817e-06,1
0.16978856042121554,0.8299003501474206,5.4508733916852375e-05,2.2731804504106988e-07,0.00020466888309739274,4.519900872487809e-05,6.485487579492421e-06,1
0.2858118457025363,0.7139560640628279,3.385535185292527e-05,2.2625001876276478e-07,0.00015200491334187063,4.041909158947928e-05,5.584627832678194e-06,1
0.23352057645833948,0.7662177141543611,2.8810494340104774e-05,1.9786723698932283e-07,0.0001902957173592024,3.722386588847129e-05,5.181442474396236e-06,1
0.08020824971573583,0.9172707081999056,4.221512079217234e-05,2.1125845444252305e-07,0.0024238827059094937,4.537518699410598e-05,9.357812208448367e-06,1
0.080276182555982,0.9105675817203744,4.4703536958741795e-05,2.2155521714781413e-07,0.009049754570006483,4.249406428465712e-05,1.9061997176454974e-05,1
0.042273934589453124,0.9572465868390668,3.933144045883085e-05,1.7907510147424644e-07,0.0003922276235303745,3.839407861719893e-05,9.346353772254928e-06,1
0.04738362424311047,0.9522533979723793,3.939301550440768e-05,1.7935545117429095e-07,0.0002767239711990443,3.732045646828952e-05,9.360985887244618e-06,1
0.02292348956207481,0.9767359648139905,3.1670480147244e-05,1.4419493361912864e-07,0.000271200851844578,3.0004221827922712e-05,7.525875181285379e-06,1
0.024067764408374354,0.9755746512434514,3.228209194848786e-05,1.4697958742516543e-07,0.00027643820981087223,3.593674284116648e-05,1.2780323986402983e-05,1
0.022054180345498192,0.9776119247557551,4.0997851892924286e-05,1.6859913263626467e-07,0.00020451593179153667,7.855191288847651e-05,9.660603041258738e-06,1
0.018320492903190214,0.981355109751184,3.7146318659827454e-05,1.7875149554467372e-07,0.00021101934879639377,6.718180689899985e-05,8.871119775136368e-06,1
0.0165932473321483,0.983116336674595,3.287162583473936e-05,1.6051861218100165e-07,0.00018152910309166359,7.268785175912068e-05,3.166893958973016e-06,1
0.018096680628913328,0.9816336508004535,3.2822050526642974e-05,1.602765262040535e-07,0.00018125533016483992,5.2268795604267426e-05,3.162117811163535e-06,1
0.019837195892649,0.9799075568231711,3.332600291804974e-05,1.4924472523891564e-07,0.00017674383227046596,4.2083734386042446e-05,2.944469880133e-06,1
0.012502939234626921,0.9808949819848914,3.1154957087567985e-05,1.7603689928902184e-07,0.00653230593704309,3.4429562295083676e-05,4.012287156833754e-06,1
0.006273809591646782,0.9892375263924643,2.6037876289310393e-05,1.4744852856851792e-07,0.004421589827242804,3.750433141584192e-05,3.384532412418551e-06,1
0.005543047846619813,0.991419359520025,2.0321292001476452e-05,1.380330269398052e-07,0.002986026723421212,2.856024318359108e-05,2.5463417218855832e-06,1
0.00847314883424665,0.9842214339793363,3.261694849990635e-05,5.137216696641389e-07,0.007200090705214506,6.765282470989145e-05,4.542986323150709e-06,1
0.010297365613297247,0.9808538368746377,3.488259609163694e-05,5.311572918828769e-07,0.008727159365672576,7.962376633087885e-05,6.600626677925604e-06,1
0.005392236340504954,0.9897478199114069,2.7889721761873328e-05,4.0420521925186346e-07,0.004759939125378629,6.366168053452405e-05,8.049015193953546e-06,1
0.005277397553488158,0.9918780894256674,1.9220234024070016e-05,2.928799899508354e-07,0.002785556780164208,3.618906930580159e-05,3.2540573602956727e-06,1
0.005251678358319824,0.9924964873189525,2.1782574595092124e-05,2.785374384747572e-07,0.002190446660157057,3.5997693703310847e-05,3.328856834022708e-06,1
0.006579519496574352,0.9911555276222153,2.1675160178801733e-05,2.698831959942008e-07,0.002203518392056593,3.6403664590254706e-05,3.085781188554757e-06,1
0.006797833763666934,0.9908018218771472,2.5216031826842035e-05,2.8692381948852844e-07,0.0023340416630777015,3.7611570328453866e-05,3.188170133361158e-06,1
0.0059439029575427465,0.990845062314921,2.8639738603168862e-05,2.764880684201514e-07,0.003139995990276949,3.905029788833163e-05,3.0722126993122867e-06,1
0.004723821496251607,0.9928579462891973,2.2246502580089762e-05,2.4847297175821114e-07,0.0023569183195369845,3.605799808255208e-05,2.760921379476797e-06,1
0.00756317573069317,0.9855965382624567,3.4658944640602156e-05,7.393557056050419e-07,0.006730458825542937,7.000193648676349e-05,4.426944473972902e-06,1
0.001548951737629219,0.9938335423858004,2.307079418500721e-05,4.3745792379300186e-07,0.004544075447732686,4.6836540391775e-05,3.0856363370334605e-06,1
0.0016332521990720722,0.9934576531636428,2.1201157990452754e-05,4.367032635339994e-07,0.00481971476596513,6.466169677141771e-05,3.080313294540362e-06,1
0.002939410777621732,0.9854599942865458,3.815633147814171e-05,8.680238191245546e-07,0.011469069439837507,8.695741260626993e-05,5.543728091453124e-06,1
0.0032232107103407504,0.982059451294725,4.4606725100163004e-05,1.1205773532664868e-06,0.014578005479421837,8.75262383557877e-05,6.078974703238329e-06,1
0.6037140905313083,0.3960462200893819,8.447464056717341e-06,1.5834250413099132e-07,1.1026916528958255e-05,5.495919338472359e-06,0.00021456073688149534,0
0.7780426768253481,0.22180958337900403,1.0188569959165291e-05,1.905960285532501e-07,1.2670482201074049e-05,6.517648811287142e-06,0.00011817249864790687,0
0.05812491880407775,0.9418593978406838,3.878851599186665e-06,1.0081490247216258e-07,3.950685964030855e-06,2.887324644058274e-06,4.865678128469124e-06,1
0.05249949783440071,0.9474866452798836,3.7018912342098573e-06,6.380151599748816e-08,3.4610969063050223e-06,2.5207860771407306e-06,4.10930998206823e-06,1
0.04687365545893778,0.9531146714827973,3.447400735296489e-06,7.801473006655599e-08,3.359623299083124e-06,2.347491924007044e-06,2.440527576336813e-06,1
0.04685004974173823,0.9531376510471898,3.6668860409063678e-06,8.298168580669207e-08,3.456485502935458e-06,2.496949449232377e-06,2.5959083928044856e-06,1
0.04013417601850018,0.9598540522077236,3.1446211754233303e-06,7.779170518937841e-08,2.8285144393803797e-06,2.340781023417116e-06,3.3800654327106263e-06,1
0.07320393874762106,0.9267816327981339,4.564991455858737e-06,8.529247278629179e-08,3.894266556963099e-06,2.8756481568865075e-06,3.008255602379601e-06,1
0.21608689216271373,0.7838885146943827,7.749459327954234e-06,1.4479119078957292e-07,6.6108470491585885e-06,4.981276864566266e-06,5.106768471343351e-06,1
0.09520710422518197,0.9046995380652763,8.25271086622453e-06,1.533129608678545e-07,7.133943981778103e-05,5.196508950972588e-06,8.41573694622406e-06,1
0.09046818797101454,0.9093969711636215,9.9538227995364e-06,1.7103129980681653e-07,0.00010263203975508326,1.2695630037191526e-05,9.3883414722228e-06,1
0.15867658717731054,0.8411819961077224,9.067601348778881e-06,1.9346609362137134e-07,0.00011193574566026333,1.4167719972739318e-05,6.052181891372405e-06,0
0.36243433150501847,0.6374016101823352,1.0758649144335512e-05,2.5092868201657e-07,0.00012484720096411452,1.9200135822844595e-05,9.001398033114214e-06,0
0.1410221088117399,0.8587536909097635,7.192711644707843e-06,1.654175443729637e-07,0.0002012019603274694,5.706134904725493e-06,9.934054075087246e-06,1
0.07326154231903063,0.9264355244252319,8.816977277471337e-06,1.7198841178579503e-07,0.0002672145198662828,5.401357775788682e-06,2.1328412406377097e-05,1
0.2226446276198997,0.776417663496854,9.15061043624187e-06,1.8633661861476923e-07,0.0008988836897194811,1.8841155056412603e-05,1.0647091415560644e-05,1
0.4337039448591286,0.5659766499191174,2.01999945360969e-05,2.1596869864741077e-07,0.0002732689681934962,1.782846784400474e-05,7.891822481558676e-06,0
0.11105249973132884,0.8885489560114014,1.116688341606073e-05,1.9004358328591219e-07,0.00035920788123202003,2.2557357901783908e-05,5.422091136526038e-06,0
0.08760609993887339,0.9117745521787184,1.0886385433642556e-05,1.810431833728376e-07,0.000581626102008482,2.1489049050792786e-05,5.1653027317291626e-06,0
0.37735741912140763,0.622033270975099,1.4933632654257438e-05,2.3616945546277937e-07,0.0005405499580325686,2.623665066323048e-05,2.735349268803474e-05,0
0.74241403378728,0.2573943070355368,7.850624584077628e-06,8.758237677438871e-08,0.00017066738828032298,1.0168551025692378e-05,2.885030916248386e-06,0
0.882514789583039,0.11733647321971978,7.461113009745203e-06,7.290698238393857e-08,0.0001292843650393332,7.644775404183455e-06,4.274036805656005e-06,0
0.6126424712303966,0.38731145872917955,7.77489131564803e-06,7.821137337451096e-08,2.78335926837249e-05,7.624870017480635e-06,2.758475033450895e-06,0
0.6135299952028015,0.3864302285714668,5.951912245054999e-06,8.104519643503438e-08,2.3190848639534842e-05,8.240163205162532e-06,2.3122564456419453e-06,0
0.08825794061342862,0.9115606629242519,2.8835396488949505e-05,2.2330249774026714e-07,0.00012017871925021101,2.4282845152426347e-05,7.87619893024817e-06,1
0.26046113303667084,0.7393045667080657,3.036187636511133e-05,1.9863534968872275e-07,0.0001585767297851648,3.949585657411272e-05,5.667157189485752e-06,1
0.2905194496566814,0.7092490798400496,2.904670924105726e-05,1.9487272486447858e-07,0.00015792140217818886,3.8747711338969906e-05,5.559807785880259e-06,1
0.270918387632567,0.7288379764128078,3.158784556368168e-05,2.0025495483238032e-07,0.0001647836520843061,4.135083675889956e-05,5.713365263468507e-06,1
0.18825789942372267,0.811488720641727,3.78694847503654e-05,2.0352473587999514e-07,0.0001674742544865938,4.202601696830031e-05,5.8066536091787405e-06,1
0.22962858718946066,0.7701338240275881,2.8057347296672624e-05,1.7669461064139333e-07,0.00016699415269791235,3.731941045591414e-05,5.04117789008332e-06,1
0.20557294018729458,0.7941175454863038,3.113516440698718e-05,2.138328097287503e-07,0.00023522971494396944,3.733608993561662e-05,5.599524305319039e-06,1
0.18081875268538594,0.8188996017918652,2.9036714340903518e-05,1.940376962021906e-07,0.00021345382882975313,3.3879781524148353e-05,5.081160357994366e-06,1
0.06830825312339348,0.9262899729476799,3.1988267802401266e-05,2.307624073183017e-07,0.005302092346386777,6.116138299425608e-05,6.3011693357878975e-06,1
0.07206454590858469,0.9214920548988649,4.523937955139887e-05,2.2421331093006037e-07,0.0063373428836330644,4.399903024689968e-05,1.6593685808400648e-05,1
0.023854036607912098,0.9758864401055364,3.09379408804598e-05,1.5372638853892915e-07,0.0001820512650478875,4.3347464997784455e-05,3.032889236855072e-06,1
0.021473118060644752,0.9782623986224537,3.1529229345448146e-05,1.5666441989203667e-07,0.00018553064376527787,4.417592530607423e-05,3.090854064839871e-06,1
0.014873788389650333,0.980967636417053,3.324478602753135e-05,1.622408487483205e-07,0.004068490872008598,5.2377590140621765e-05,4.299704271249153e-06,1
0.024375073011904544,0.9712532518593331,4.138331341301592e-05,2.0927317996969932e-07,0.004283049187573548,4.27551211896027e-05,4.278233406493951e-06,1
0.005719717971168174,0.9902956993278934,1.9773852945657705e-05,1.4368083499324545e-07,0.003931774328398166,2.974789302960254e-05,3.142945729819056e-06,1
0.0076897739399345195,0.985207802773087,2.3023752898124514e-05,3.8483706211088003e-07,0.007020858847561818,5.384976710793185e-05,4.306082348509993e-06,1
0.007044878231044394,0.992728210246789,2.2265956084873263e-05,0.0,0.00014773367206581984,5.2731612566627225e-05,4.180281449431973e-06,1
0.005790738774811702,0.9940687672422507,1.6895818125493258e-05,2.489244140076491e-07,9.067625260253288e-05,2.990733209438217e-05,2.765655701454398e-06,1
0.00509757005821094,0.9925933069619174,2.5730962743764853e-05,2.484067430289764e-07,0.0022452992443581514,3.508418055136864e-05,2.7601854752326217e-06,1
0.004599855611249567,0.991291403022561,2.424516969661366e-05,2.68220711432523e-07,0.00404120419645624,4.004342982747882e-05,2.98034949786468e-06,1
0.005153693080311597,0.9917910566797763,2.5464964311588994e-05,2.802033230665576e-07,0.002991289124096586,3.5366707898579965e-05,2.8492402823687244e-06,1
0.002943212078355683,0.9867344094952263,3.8205675956278944e-05,8.691463636854731e-07,0.010196940904996253,8.081180175805353e-05,5.550897343815978e-06,1
0.8297200798386949,0.1699099046823341,8.662554831580478e-06,1.7666336817688415e-07,1.2143780986913456e-05,6.041205581963933e-06,0.00034299127420242385,0
0.5860086771007443,0.41392056050267223,8.909505812524812e-06,2.9680052031866464e-07,9.18564759821692e-06,5.6805987547220505e-06,4.66898438977562e-05,0
0.056976774937419344,0.9430032815649538,5.4188096812595245e-06,1.568099758463429e-07,6.201044537800517e-06,3.689913921015015e-06,4.476919511031792e-06,1
0.029907926219688293,0.9700812307648935,3.238358660952563e-06,7.328410480575578e-08,2.670665942043281e-06,2.2051456698348135e-06,2.655561040447319e-06,1
0.05100133401771021,0.9489836716309243,4.24586003775092e-06,9.608387599216178e-08,3.5726787611501493e-06,2.8911991713163325e-06,4.188529518946361e-06,1
0.03442622501198554,0.9655631877728725,3.2800104927465595e-06,7.422668638059749e-08,2.6046224721821877e-06,2.233508296133348e-06,2.394847194549034e-06,1
0.03299666250091511,0.9669931986204485,3.1235437872026153e-06,9.038937601373536e-08,2.5701445377035026e-06,2.12696300133204e-06,2.2278379341779475e-06,1
0.02838836168820746,0.9716035271750578,2.14893135223765e-06,6.034535051715396e-08,2.216791544612871e-06,1.7047940752475799e-06,1.9802744120657266e-06,1
0.10658943817310652,0.8933910128121959,6.106865402395868e-06,1.1410090384176079e-07,5.456794162886412e-06,3.846928610614487e-06,4.02432561755577e-06,1
0.13188513067289118,0.8680917963233179,7.624093547253978e-06,1.2408206264577252e-07,6.003198693586303e-06,4.2688170778519564e-06,5.052812409691713e-06,1
0.17089116784745678,0.8290503377279109,1.0754257319854353e-05,1.7245726705426827e-07,3.5639761298285516e-05,5.845400981331374e-06,6.0825477658147755e-06,1
0.10196801285151619,0.89793199986073,8.8387577220782e-06,1.6420012026731215e-07,7.640544238121496e-05,5.5655268144962795e-06,9.013360715791851e-06,1
0.09336160485004102,0.9065319080207935,8.605347574230246e-06,1.607826391108867e-07,8.662940383513323e-05,5.420810122096478e-06,5.670784995090891e-06,1
0.10309140802504024,0.8967837115504921,9.20898062006484e-06,1.7830355460422084e-07,9.606964235980684e-05,1.3235448518067953e-05,6.188049415405059e-06,1
0.34255403729884676,0.6572712386987607,1.1096752653069435e-05,2.588144181060724e-07,0.0001323193729285671,1.9803523218676674e-05,1.1245539174103287e-05,0
0.12260085166743215,0.8772767446920814,7.384555744889156e-06,1.496151062127169e-07,9.57000997570157e-05,1.0816333777442843e-05,8.353036100958944e-06,0
0.11011961256007398,0.8897301410221352,5.752372787935718e-06,1.3229271906073133e-07,0.00013185350755925537,4.5634826990991304e-06,7.944762025523258e-06,1
0.05728186619241391,0.9417616925291511,7.5036323821769125e-06,1.466385630656513e-07,0.0009201716834565073,1.4943891327362867e-05,1.3675432705880718e-05,1
0.06812710781292312,0.9307048036013783,9.295040597654243e-06,1.833356915082607e-07,0.0011311699602987156,1.8367066504915143e-05,9.073182605931535e-06,1
0.4023759449925754,0.5964601751703786,1.2971585862357081e-05,2.6414428463588406e-07,0.0010954939291438238,2.6708563572138425e-05,2.844161418316056e-05,1
0.2637513150152589,0.735577683641375,1.2977124944258484e-05,2.2273726043264072e-07,0.0006101516570940638,2.1852067906567143e-05,2.5797756160543527e-05,1
0.4056694736821807,0.5940631162261313,2.0539057413525558e-05,2.022090244705588e-07,0.0002209934530231759,1.7441109784550697e-05,8.23426244221372e-06,0
0.4039306908327343,0.5957735137291155,2.049000332904045e-05,2.026490531640254e-07,0.00025041036480241626,1.7545012412493873e-05,7.147408552980518e-06,0
0.06468852609320554,0.9347718398601992,7.556059902541065e-06,1.3095197914185573e-07,0.0005129522006345555,1.5258672335837684e-05,3.7361617432112104e-06,0
0.651122814404375,0.3486887170210706,1.0018365938725393e-05,1.0077843114066747e-07,0.00016496993120954068,9.825055421237044e-06,3.554443553741876e-06,0
0.3557809637094437,0.6441447525986367,1.691902138706223e-05,1.3108803700570547e-07,3.9747623409910057e-05,1.3745957557642277e-05,3.7400015281098528e-06,0
0.1099211260813607,0.8899115980434562,2.9537885716311768e-05,2.1585352807233283e-07,0.00010574763392256524,2.4161038915233962e-05,7.613463100941521e-06,1
0.11088781012929719,0.888901797081957,3.275837501212466e-05,2.1775181796179313e-07,0.00014528751712665814,2.4448726285045675e-05,7.680418504253035e-06,1
0.08883141082087255,0.9109316920246545,3.326099946098289e-05,2.2314842047629718e-07,0.00017091217825511226,2.463006393183159e-05,7.870764404463925e-06,1
0.18481614176137393,0.8149209058300713,3.5318680630050004e-05,2.2390703348384908e-07,0.00017650087416625637,4.452077686208151e-05,6.388169862881477e-06,1
0.2471502698969831,0.7526337330507823,2.7916712511212674e-05,1.7580894570676034e-07,0.00014511003482836128,3.777858648421328e-05,5.015909465255382e-06,1
0.1907085683717809,0.8089976310660365,2.9473225027696103e-05,1.856112755617681e-07,0.00022246112187871602,3.638502959051682e-05,5.295574410083034e-06,1
0.12107200479781619,0.8786295992169993,4.458315349474769e-05,1.841475798461998e-07,0.000216730797723215,3.215292644419409e-05,4.744959942423463e-06,1
0.06518937815372512,0.9312077792230345,3.215809810255638e-05,2.3621957627283445e-07,0.003520194186096838,4.391949631728772e-05,6.334623147236379e-06,1
0.036818863080802594,0.9626385715483613,3.849475697267646e-05,1.8039446012677526e-07,0.00045129960099161667,4.317540418587681e-05,9.415214225871889e-06,1
0.03430120781511434,0.9651785281217403,3.8547951648923505e-05,1.7550789578583657e-07,0.00042427379662603176,4.200585945400394e-05,1.526094752073575e-05,1
0.029203007215531027,0.9703821824588207,3.8967447430170166e-05,1.7741784997816767e-07,0.00031490504304985094,5.1500559427402404e-05,9.259857890669855e-06,1
0.02972755531413308,0.9698316498622173,4.0425453225459204e-05,1.8026720462887602e-07,0.0003199624606042629,7.12803008854511e-05,8.946341729443658e-06,1
0.022115193246086972,0.9776515071984012,3.0993897740935484e-05,1.5400443051037584e-07,0.00015871373883348202,4.0399539741325063e-05,3.0383747654660628e-06,1
0.014992455280450583,0.981380883703779,2.7695461378337253e-05,1.596698780632872e-07,0.0035428603274519493,5.1886772825713354e-05,4.058784236520996e-06,1
0.0062294554154749835,0.9899795503473644,2.271391694469382e-05,1.4729684587086043e-07,0.0037319250961723,3.24614631842682e-05,3.746464013462437e-06,1
0.0076744289928281665,0.9881533592999103,2.6759561581906668e-05,1.5827186738656868e-07,0.004110341544981427,3.0942637755926956e-05,4.009691074497794e-06,1
0.006787839571149384,0.9873909653059165,2.4035179199691645e-05,1.8341372645174577e-07,0.005757605884226442,3.5050852299363035e-05,4.319793482097434e-06,1
0.0064360907813250075,0.989041802292634,3.201659706794723e-05,2.2222593568041442e-07,0.004441514292018041,4.24407463792357e-05,5.913064640115923e-06,1
0.006817522684863435,0.9887634561235193,2.672477577582608e-05,3.610955520025676e-07,0.004337354673062958,5.052764739547319e-05,4.052999830902143e-06,1
0.005781658276008769,0.9940770331594082,1.4784822962528524e-05,2.5525784263708744e-07,9.29833448037238e-05,3.0449116197742583e-05,2.8360227768117494e-06,1
0.006136988008534078,0.9937217192292718,1.4783169591226115e-05,2.5522929741927854e-07,9.297294657343791e-05,3.0445711104896183e-05,2.8357056273481377e-06,1
0.006044294942160695,0.9907220884813706,1.7535415710499882e-05,2.780394654205777e-07,0.0031765468793021148,3.5933336532601526e-05,3.322905458101245e-06,1
0.006225772681515619,0.9905959515510375,1.8449062858638656e-05,2.780040659426743e-07,0.0031200534065426665,3.592876156569654e-05,3.5665324139324607e-06,1
0.007685382187156029,0.9857728776451553,2.847086536587168e-05,3.413732690253971e-07,0.006463799321913711,4.4749107059465556e-05,4.379500080693866e-06,1
0.0030611108308827677,0.9933571282230144,2.3465103663565e-05,2.5861394562681833e-07,0.003517633985211437,3.752963990227198e-05,2.87360338011628e-06,1
0.0017891732725235808,0.9936001673497243,2.120419935388216e-05,4.367659097977466e-07,0.0045418241816775175,4.411347563719997e-05,3.08075517380985e-06,1
0.0032186721607871476,0.9851868487880711,4.143805218184635e-05,9.232549327583038e-07,0.011465890493246728,8.068505927509993e-05,5.542191505105908e-06,1
0.003365483706467978,0.9818839638438663,4.459875417694785e-05,1.1654409100945442e-06,0.014575400487415686,0.00012237042156268497,7.017345600224895e-06,1
0.00321498280840505,0.9840575938450953,3.81020315000408e-05,9.59145642490507e-07,0.0125713693759876,0.00011145695451420415,5.535838855190048e-06,1
0.8084207718725073,0.19122139039580976,8.37745755970165e-06,1.7084911992248487e-07,1.1744111501758652e-05,5.842380724429054e-06,0.0003317029327772284,0
0.7891058429316355,0.21056789786551813,8.968732531647306e-06,1.6777671533290997e-07,1.1667137976557456e-05,5.823371932912599e-06,0.00029963218369003685,0
0.7498708340198994,0.24986244217361506,9.299532037306772e-06,1.7396493137095718e-07,1.1548273856735547e-05,5.948929454418234e-06,0.00023975310620564933,0
0.7173875999448264,0.2824337798922287,1.054565002438783e-05,1.5141800495879715e-07,1.3170163954063324e-05,6.746073651275451e-06,0.00014800685731025396,0
0.6595632069261437,0.34037649932559527,1.0606524893933256e-05,3.533329652096787e-07,1.0935264196182895e-05,6.900604120618017e-06,3.149802208508789e-05,0
0.6113104002706001,0.38862916415355425,1.0631474376281505e-05,3.5416410214347266e-07,1.0960986964362336e-05,6.916836251539435e-06,3.157211415142209e-05,0
0.03584949064681603,0.964138122227438,3.6860544805567617e-06,1.0584016128879473e-07,3.039879516879487e-06,2.5100021114350626e-06,3.0453494758825028e-06,1
0.05335113570683456,0.9466370769152178,3.0146249791662162e-06,7.835286179252499e-08,2.616874890760554e-06,2.29594336080824e-06,3.7815818552433e-06,1
0.04005139263502103,0.9599370537521388,2.9366364010050472e-06,7.264657343809574e-08,2.536778945368355e-06,2.2365471309337257e-06,3.7710037892846366e-06,1
0.03386901332707862,0.966117350143475,3.774682595824571e-06,7.646951249914802e-08,3.0249117760690217e-06,2.5703530252992306e-06,4.19011253675364e-06,1
0.03258695062959255,0.9674014445593098,3.63179742511641e-06,8.218762990792874e-08,2.8467020119533068e-06,2.4730560151595237e-06,2.5710680156547962e-06,1
0.021096413055859072,0.9788962841853045,1.9771770924701416e-06,4.1679731671204164e-08,1.869555270331105e-06,1.4052382308123883e-06,2.009108511411332e-06,1
0.07850998557076304,0.9214728272679434,4.991400361058715e-06,1.0501013316527543e-07,4.846623655332259e-06,3.540431951688747e-06,3.703695192336342e-06,1
0.06941938680653914,0.9305655699348342,4.745592006792564e-06,8.86668203014319e-08,4.092316577102667e-06,2.98941477538894e-06,3.1272684470679e-06,1
0.11990780803207414,0.8800722856437477,6.189833986616134e-06,1.1565109200315219e-07,5.622645095056491e-06,3.899193430516019e-06,4.079000573843321e-06,1
0.12595828939177026,0.8740187000698648,7.188201697539663e-06,1.343046320235548e-07,6.423023020844035e-06,4.528100252264317e-06,4.736908762426258e-06,1
0.2536788181470963,0.7462883346174684,8.990151646142645e-06,1.679723329249945e-07,1.207136166648981e-05,5.693385129472757e-06,5.9243646603196835e-06,1
0.12143740012619865,0.8784157300355276,7.400470815929281e-06,1.3900331514398482e-07,0.00012100457575227196,9.978025434186477e-06,8.347762956408822e-06,1
0.0728040651343139,0.9266310291869723,1.4718048819758859e-05,1.7052762450422536e-07,0.0005153917083104185,1.3478134883261707e-05,2.1147259076011372e-05,1
0.08849049714892827,0.910731496386882,1.4118347800615088e-05,1.6760163835253636e-07,0.0007268684555541189,1.6067653865847612e-05,2.0784405330863142e-05,1
0.05361603193975325,0.9454621169685272,7.926594093667561e-06,1.423547079168982e-07,0.0008859988952623099,1.450732495309699e-05,1.3275922702619945e-05,1
0.08494289099849595,0.9138545260405435,9.42605481866859e-06,1.8345807147627505e-07,0.0011641631277092832,1.973108123783691e-05,9.079239123284854e-06,1
0.3524031535463896,0.6469530539771783,1.1729688404926485e-05,2.1372098846828894e-07,0.0005866677977833036,2.2168960261996972e-05,2.3012308993313747e-05,1
0.3009681965900125,0.6983603337267245,1.2431869980532838e-05,2.133785929790086e-07,0.0006123416559952588,2.1768957123290186e-05,2.4713821571030027e-05,1
0.42007577784597516,0.5793620691733464,1.4136870129061858e-05,2.3785379422336502e-07,0.0004974147154481889,2.2814966033593863e-05,2.754857527346719e-05,1
0.15362848455466666,0.8463017727682149,1.1463005540868134e-05,1.486110000584808e-07,4.002328234201634e-05,1.286634446836499e-05,5.241433766857851e-06,0
0.14959758590462233,0.8497920296597145,1.0511687657468026e-05,1.7992113066650099e-07,0.0005732064286747313,2.1353108504272384e-05,5.133289695937316e-06,0
0.08846386488164623,0.9110232485144636,7.248507805049864e-06,1.2446470166415157e-07,0.0004872097854097763,1.4752771298985682e-05,3.5510746747405736e-06,0
0.20302465136339942,0.7959563963807917,1.2250739151001222e-05,2.266051070904747e-07,0.0009722934079492868,2.6716956922040806e-05,7.46454667952072e-06,0
0.222070594836189,0.7773222499696691,1.4721100707129842e-05,2.444372409477011e-07,0.000546999006778506,2.7731922301170738e-05,1.7458727114157446e-05,0
0.327689004455679,0.6716753060537056,1.8112665966542406e-05,2.864446017478551e-07,0.0005480171914846962,3.133681272679126e-05,3.793637583556809e-05,0
0.6470773712340177,0.35263549262900107,1.0441289560678773e-05,1.0188826739266344e-07,0.0002612821031169111,1.1161809099993566e-05,4.149046936408075e-06,0
0.704636560314884,0.2951963156642996,8.707522626417225e-06,1.0144694240463339e-07,0.0001466628463625352,8.556640199338194e-06,3.0955646858220876e-06,0
0.530847290637512,0.4690961543964123,1.2444244562042294e-05,9.008869766718717e-08,3.206045371775706e-05,8.782796927336378e-06,3.177382170762777e-06,0
0.3473973806419074,0.6525173187862842,2.7016137469513874e-05,1.2968037715278018e-07,3.977842628282597e-05,1.3802315036271825e-05,4.574012642675084e-06,1
0.5775613471969201,0.4223530658776921,1.783171037124482e-05,1.0329711781444157e-07,5.282481349429225e-05,1.1183667107320132e-05,3.6434372972135127e-06,1
0.4916108232378895,0.5082603853316678,1.6324006179802684e-05,1.137628208390421e-07,9.620633901636163e-05,1.2134744792932302e-05,4.012577632860497e-06,1
0.10583055392368448,0.8939794416030704,2.1597623013189202e-05,1.573250339466781e-07,0.00014509065143305838,1.7609794481804472e-05,5.549079283086933e-06,1
0.10760501404557417,0.8922024484741058,3.298525491006835e-05,2.1856036941647338e-07,0.00012716386422444693,2.4460863543942946e-05,7.708937272143442e-06,1
0.10088083211204753,0.8989048054505888,3.4439383831425126e-05,2.1803488580694797e-07,0.00014760941205371278,2.4405203880174547e-05,7.690402712588175e-06,1
0.2794413975983382,0.7203148379019731,3.12162850039557e-05,2.2826509051974087e-07,0.00016741825134536462,3.926733152140549e-05,5.634366727200241e-06,1
0.21792668442746826,0.781823238179152,3.487427074985991e-05,2.1414924097693606e-07,0.00016629862127932543,4.25805765204156e-05,6.10977558892309e-06,1
0.29238289424358377,0.7073977543936848,3.113431710290915e-05,1.7780199743908574e-07,0.00014015731211395276,4.2809159376231555e-05,5.0727721408645565e-06,1
0.08355751808176023,0.9139550955037404,3.977926791339161e-05,2.096928440333574e-07,0.0024059196094503086,3.567822971185242e-05,5.7996145798220675e-06,1
0.07264155178443331,0.9206184698691054,7.297720559471815e-05,2.297734376355903e-07,0.006602778315692854,4.926446249603349e-05,1.4728589239955455e-05,1
0.02527042249527579,0.9741927484197649,3.3392046175706096e-05,1.5475569281166663e-07,0.0004527867521131984,3.703905088057284e-05,1.3456480097145222e-05,1
0.029031618909208183,0.9704371845990883,3.885245955195504e-05,1.678244786479875e-07,0.00042989619562527117,4.768716111117815e-05,1.4592850936273717e-05,1
0.03265184756996953,0.9669154215155542,3.9644336943118814e-05,1.7678401180176575e-07,0.00031378002187384724,6.990299527254375e-05,9.226776374690007e-06,1
0.017789662632181836,0.9818858488987978,4.180992093097242e-05,1.73572229608733e-07,0.00020865565778304705,6.523523608611413e-05,8.614081990221552e-06,1
0.012854786435555212,0.9827471090844263,3.645062340567444e-05,1.8043078820120956e-07,0.004310307635802754,4.722127569014136e-05,3.944514331620882e-06,1
0.007705499831223332,0.9883089016679477,3.407438521841079e-05,1.6434100319033078e-07,0.003909476484076138,3.771984275911279e-05,4.163447772160445e-06,1
0.009390974187780657,0.9866189958258559,3.029620563381471e-05,1.620548828809726e-07,0.0039190841211163025,3.571385784515481e-05,4.773746885344823e-06,1
0.0061101648875776645,0.9901097170531181,2.1078181976696777e-05,1.4417586513600794e-07,0.003718526331901788,3.669087862087155e-05,3.678490939716903e-06,1
0.006697315508941448,0.9881540256697043,2.597833330325034e-05,2.0720690667388624e-07,0.005072190728782504,4.4608080367493846e-05,5.674471994105097e-06,1
0.00620087885684153,0.9877977298181816,2.9205888762878528e-05,2.285674019636323e-07,0.005909730497460033,5.682173630837922e-05,5.404635043835901e-06,1
0.005185576423674837,0.9909793004475935,2.9749426184822008e-05,4.93212346930388e-07,0.0037316223682122875,6.54595530754716e-05,7.79856891218177e-06,1
0.00612021408253574,0.9937144877851218,1.7567580304668203e-05,2.1927830586188097e-07,0.00011559828052911556,2.9577403351741528e-05,2.3355898509284666e-06,1
0.006260553226892101,0.9904252538837782,3.4671286358670534e-05,3.290326013327742e-07,0.003228619847107477,4.6351542417357026e-05,4.2211808446565605e-06,1
0.004537748418521208,0.9926875207241762,2.5280130158781592e-05,2.7816950345467395e-07,0.002709402638109056,3.6941360091167114e-05,2.828559439965318e-06,1
0.004428388067634747,0.9920159998466684,2.611059646159621e-05,4.1418497838802577e-07,0.0034779718895288003,4.8193935541050307e-05,2.9214791870412013e-06,1
0.0028871710578673338,0.98821399320518,3.768394663964922e-05,8.281660224261982e-07,0.008783302960616073,7.237505291138728e-05,4.645610763186532e-06,1
0.0036026808917770125,0.9806867567618073,5.705598825105247e-05,1.1435155792006719e-06,0.015520772249927066,0.00012489766328896459,6.6929293694171544e-06,1
0.7910778014095328,0.20853694556667735,8.239904129225449e-06,1.680438675685697e-07,1.1685715655754495e-05,5.832644535656482e-06,0.000359326715601453,0
0.8112431456441238,0.18844420696845343,8.457596453116795e-06,1.7248346534458538e-07,1.2011688115067198e-05,5.986738797371949e-06,0.0002860188805920356,0
0.7399415896784701,0.2597061911032345,1.0236406631822652e-05,1.91490901912734e-07,1.2724195537649177e-05,6.548250027545242e-06,0.00032251887519657796,0
0.7082620618599758,0.29155089452212707,1.1040822558304926e-05,2.0653898829845733e-07,1.3776878960374307e-05,7.062836522807149e-06,0.0001549565408671648,0
0.04624156941350397,0.9537321470300589,3.892478079725268e-06,7.272720746500331e-08,4.585194601174254e-06,2.452008404378813e-06,1.528114814441182e-05,1
0.0414117539983721,0.9585609764476336,4.287916632390893e-06,8.011559631918084e-08,5.0532994691807645e-06,2.7011090119331512e-06,1.5147113284490588e-05,1
0.035182799341948796,0.9647984629791297,3.7872919323862696e-06,7.076190551511856e-08,4.463314460684562e-06,2.3857479625685264e-06,8.030562660414753e-06,1
0.03030028141668958,0.969691284642917,2.3989088341487137e-06,5.703680597832114e-08,2.362534897769039e-06,1.633526110537577e-06,1.9819337449568097e-06,1
0.037142900347678066,0.9628445774648041,3.7820569522938525e-06,8.55880052494593e-08,2.977756406732192e-06,2.5753745599526136e-06,3.1014115935849403e-06,1
0.047297822562351224,0.9526867313606335,4.670785207533694e-06,1.0064735802270557e-07,3.63517876804138e-06,3.180550042005462e-06,3.858915639677139e-06,1
0.02225042710733199,0.977740892783225,2.703736919717596e-06,6.118560682635838e-08,2.160025828572112e-06,1.841097415421559e-06,1.9140636724274695e-06,1
0.030399894819944945,0.9695920631780359,2.3592129846673924e-06,4.963362017961266e-08,2.237209049895319e-06,1.6734047416672768e-06,1.722541623012704e-06,1
0.12374810212120024,0.8762280677521453,7.663726653711594e-06,1.2472709114231992e-07,6.757401882651057e-06,4.205192064907194e-06,5.079078962023808e-06,1
0.2115045904499718,0.7884093363967732,9.101398486844574e-06,1.6907927257782458e-07,6.510836459764073e-05,5.7309046045488145e-06,5.9634062932251534e-06,1
0.13142380055738,0.8684830053240021,6.785167887112306e-06,1.427477925700363e-07,7.361765221266896e-05,4.812762641225897e-06,7.835788084211922e-06,1
0.14694763296094077,0.8529095434891888,9.248282610343973e-06,1.9261298948328255e-07,0.00011387626093764217,1.3291934625538272e-05,6.214458707378282e-06,1
0.22016615541516782,0.7796737474120747,1.09838877719342e-05,2.496493890141185e-07,0.0001220453042849452,1.7801420816558135e-05,9.016910494912827e-06,0
0.3640925488975596,0.6357391238704411,1.0807872348597928e-05,2.52076736349832e-07,0.0001288747200707321,1.9287980699538207e-05,9.104582144151094e-06,0
0.11735723855892574,0.8825799701301135,6.820911472349636e-06,1.568669066514876e-07,4.284082255624792e-05,5.411177725031368e-06,7.561532300602856e-06,1
0.05488926887373684,0.9446088001946793,8.545672104679706e-06,1.4373476757434256e-07,0.0004647474558153787,1.0669412175822321e-05,1.782465672035202e-05,1
0.0550073696221451,0.944404615801183,4.219071711392983e-06,1.359383960745894e-07,0.0005570288767273375,1.3953148890102828e-05,1.2677540946927512e-05,1
0.45937306568165276,0.5403565872406272,1.6906730096192095e-05,2.515419062084204e-07,0.0002244144553270178,1.9586855256816728e-05,9.187495133850792e-06,0
0.704738591687755,0.2950970360753468,9.347993425382123e-06,9.134102333166801e-08,0.00014179063709816728,1.0133421723834298e-05,3.0088436274395295e-06,0
0.5611723606569902,0.4386230422603379,1.3040362944834316e-05,1.519266736771537e-07,0.00017488412761715124,1.1884755918305632e-05,4.635909518037216e-06,0
0.5795106337895455,0.4204398202189528,7.975298863148924e-06,8.490111774268415e-08,3.0214315740592457e-05,8.277056893336178e-06,2.994418886928712e-06,1
0.3941877627392489,0.6057404940101372,1.2314290191265744e-05,1.163308880667926e-07,4.3868536191820525e-05,1.1341162573376546e-05,4.102930769605918e-06,1
0.35622593191386537,0.6436110049244755,6.520110651339148e-05,1.27910348821902e-07,7.960863857087759e-05,1.3613925017810323e-05,4.511581208243092e-06,1
0.10877199590741639,0.8909981872028709,2.4601900402084615e-05,1.5525707581419605e-07,0.00018212724189364693,1.7456350903377492e-05,5.476139437829143e-06,1
0.09873502528993405,0.9010346495395489,3.331178663396002e-05,2.2072396931571737e-07,0.0001646694515648364,2.4337957809491385e-05,7.785250539502108e-06,1
0.17987677193351106,0.8197821815236175,5.911057019412913e-05,2.247566263692238e-07,0.0002306091004100755,4.468970650526804e-05,6.4124091356797605e-06,1
0.2639767190455113,0.735816909953594,2.9561711784425793e-05,1.688211559487952e-07,0.00013541207186807978,3.641185145210101e-05,4.81654463403312e-06,1
0.19224356781389385,0.8074825411706459,2.971045287939171e-05,1.8710524726356262e-07,0.00020197736917272816,3.6677890056092896e-05,5.338198104626734e-06,1
0.08026188717311467,0.9194912563397931,2.9564827974518185e-05,1.961106257380628e-07,0.0001815445725637659,3.0996053371295135e-05,4.554922556795138e-06,1
0.09062815036218017,0.9090886044274079,3.2080943229712954e-05,2.356554793414877e-07,0.0002058737344391394,3.745262771541657e-05,7.602249548242413e-06,1
0.07439183239172846,0.922045813424746,3.1841701051836444e-05,2.3389545943555492e-07,0.0034855597044527267,3.7173326444326274e-05,7.545556117327399e-06,1
0.12103227006939045,0.8747117652461873,2.6838888750172536e-05,2.227569647838119e-07,0.004183062379505591,3.8429069319755835e-05,7.411589881797522e-06,1
0.06803154862862426,0.9281453367453663,3.995893802604444e-05,1.9582346200564757e-07,0.0037405338161410734,3.6600238813544456e-05,5.825809566797904e-06,1
0.03694874142820461,0.9626227563486462,3.9905448165667946e-05,1.816885447437968e-07,0.0003278423631767509,5.108996769446864e-05,9.4827555677019e-06,1
0.02329105525014569,0.9762294669785524,4.151305533676996e-05,1.723398038606692e-07,0.00035466121374243465,6.814569016598791e-05,1.4985472252831894e-05,1
0.022363280918192285,0.9773233259722419,4.413222233307839e-05,1.6547483167806225e-07,0.00019892156670543734,6.19616232071258e-05,8.212222488621079e-06,1
0.020890699732429362,0.9787966250075463,3.9466586595947344e-05,1.7302613407312013e-07,0.00018210540871217704,8.234325834515615e-05,8.586980237084733e-06,1
0.01821152650806244,0.9815639248516569,2.8164104734969903e-05,1.4949699821056953e-07,0.0001540684735611114,3.921711797771815e-05,2.9494470085736695e-06,1
0.01587826379826476,0.9839083690927538,2.7049895914278974e-05,1.4393533662634992e-07,0.00014526850620961203,3.775814327514073e-05,3.1466282455262717e-06,1
0.013925592779234991,0.9858565010620376,2.7636824340637246e-05,1.470584444154212e-07,0.00014842054110169515,3.848683108058528e-05,3.214903760165362e-06,1
0.012934438522883271,0.9824331168540814,3.624939247494337e-05,1.8392270895416472e-07,0.00454385529390066,4.813516047780597e-05,4.020853473029252e-06,1
0.00796082280667062,0.9865722845211815,2.6033607514898007e-05,2.072471370918468e-07,0.005399025891197662,3.7398271212826824e-05,4.227655085564069e-06,1
0.005637703417849332,0.9892444926291681,2.8175193613194945e-05,2.078084821537169e-07,0.005039725602928338,4.476628508721472e-05,4.929062871465126e-06,1
0.005526541755286603,0.989083155431753,2.8421513785000328e-05,2.0371100936050317e-07,0.005306185766252029,5.067493354535368e-05,4.81688836879783e-06,1
0.007623493550202131,0.9871276366824614,2.4838417429292316e-05,1.9855353853812594e-07,0.005169762948291761,4.9360305594688974e-05,4.709542481920254e-06,1
0.007860178550397832,0.9882778553826067,2.4512206050902427e-05,1.9594586743045195e-07,0.0037839125989607824,4.871203992431658e-05,4.633276192105233e-06,1
0.0070472888287370925,0.989402853448881,2.6181872961941102e-05,1.9616892081645375e-07,0.0034700736391755863,4.876749087914741e-05,4.638550444410133e-06,1
0.00574160883646497,0.9917162870453528,2.3736716952971297e-05,1.802373973282242e-07,0.002463338661667354,5.005207346819838e-05,4.796428696405096e-06,1
0.005168451093532917,0.9924928432122946,1.921175184673085e-05,2.9367539854933544e-07,0.002275126517835911,4.021057444618925e-05,3.8631746453465686e-06,1
0.006443538182779745,0.9933760986251658,1.777713786534523e-05,2.2461232088591911e-07,0.00012967215488422911,3.0296883161794414e-05,2.392403822132214e-06,1
0.00682168652168037,0.9929940952854254,1.8179578196392034e-05,2.2913436560178567e-07,0.00013228280099872737,3.090684017514367e-05,2.619839158601023e-06,1
0.005763742522718184,0.9899035364736456,2.3982013665313393e-05,2.762253425196825e-07,0.004269184316767661,3.620915445500568e-05,3.069293405715022e-06,1
0.0014862983831423079,0.9930338913938933,2.514231439123111e-05,4.6442066408119245e-07,0.005404157258758589,4.696722977109272e-05,3.0789993794389774e-06,1
0.0032248758309076685,0.9870856983482768,4.0746263152178426e-05,9.250344147166577e-07,0.009557497804506558,8.470384521469495e-05,5.552873527419738e-06,1
0.003657433953972667,0.9671884703735486,4.591778991029044e-05,1.074098577335869e-06,0.028986273320818254,0.00011387398071703556,6.956482455809369e-06,1
0.002383501068792444,0.9891943221059607,3.439153670024577e-05,8.294214645540071e-07,0.008310290667145122,7.129338771357519e-05,5.3718122231880014e-06,1
0.6399659334511947,0.3597544922646513,7.429286936028078e-06,1.6562571199558758e-07,1.1534116573739135e-05,5.748712630891398e-06,0.0002546965423015061,0
0.6521846517222354,0.3474891550708547,1.061782189957872e-05,1.9862597931370786e-07,1.3198307462129153e-05,6.792242145817035e-06,0.00029538620942310074,1
0.6546411514359836,0.34520037822675814,1.021067656954667e-05,1.9100957355125786e-07,1.2681449901498239e-05,6.531790454663126e-06,0.00012885541075899538,0
0.6841995192481349,0.31573711187976017,1.1334457621052123e-05,3.7682633317380804e-07,1.1147981923293258e-05,7.250675466381847e-06,3.325893076108418e-05,0
0.552855540797947,0.44708922208864843,9.757436730703112e-06,3.2504746723190585e-07,1.0059859340810884e-05,6.348187439702547e-06,2.8746582426343752e-05,0
0.09707618477483576,0.9027928426681774,7.260398203489355e-06,1.1816292378037517e-07,7.453138557907213e-06,3.983880205147106e-06,0.00011215697709645763,1
0.03913097201556245,0.9608476663485471,4.0610020621338225e-06,7.587591591767123e-08,4.785881192256367e-06,2.5581675689885027e-06,9.880709151015344e-06,1
0.02711361839052742,0.9728759990906316,2.643921120554447e-06,5.562336996926798e-08,3.5715282347504167e-06,1.8753500292190986e-06,2.2360960862267834e-06,1
0.03660472364164847,0.9633859215006148,2.666382279911007e-06,6.034027077029521e-08,2.625952723759161e-06,1.8156609425530719e-06,2.1865215199442947e-06,1
0.10586516895713673,0.8941066292123647,8.949243848627236e-06,1.456488734005128e-07,8.265318662093377e-06,4.910573004445654e-06,5.931046109997927e-06,1
0.2608697863241045,0.7390982147967755,9.451457525167524e-06,1.76591389392754e-07,1.0156946280111646e-05,5.985526145014526e-06,6.228357780220538e-06,1
0.29744608718884086,0.7024994164472401,9.571656284310173e-06,1.7781538565258568e-07,3.2448351035203115e-05,6.027013227934113e-06,6.2715279860504955e-06,1
0.28973168912209907,0.71018664493901,9.47679638558915e-06,1.7605314628950977e-07,5.983643283658876e-05,5.967282513895702e-06,6.20937400852437e-06,1
0.12767586034184736,0.8722379316444655,8.141304748777168e-06,1.5517520244324112e-07,6.720676780288081e-05,5.23175457720009e-06,5.473011355526009e-06,1
0.10032306142520153,0.8995715218184357,7.577641071533717e-06,1.5942001050615694e-07,8.369397967463342e-05,5.374868899996728e-06,8.610846706212822e-06,1
0.2209561578115066,0.7788874371663819,1.1591299071205722e-05,2.4208385012558396e-07,0.0001196242188490022,1.7374333675381728e-05,7.573086665982713e-06,1
0.09080015712429097,0.908572515549938,1.3021872519707974e-05,1.6513009892458584e-07,0.0005758864492481676,1.4610702711998553e-05,2.3643171192300038e-05,1
0.22007331060846813,0.7789738996422416,8.173532229548673e-06,1.8482059607501687e-07,0.000918839550220048,2.01919279102459e-05,5.399918334410649e-06,1
0.2707747141824563,0.7291434791296939,8.064059861190279e-06,1.29318215143107e-07,6.460341530450425e-05,4.448907332917901e-06,4.560987135906091e-06,0
0.16031319697606922,0.8395902215859321,1.3406680829787226e-05,1.693774478218218e-07,5.7314963804161115e-05,1.6392963109904127e-05,9.297452807203251e-06,0
0.2596759412697515,0.7396745968664782,1.5754779875564513e-05,2.616010175554455e-07,0.0005912585068834045,3.3569637082049235e-05,8.617338911841432e-06,0
0.3171868537801851,0.6819511504234623,2.3240570846249896e-05,2.9962805211171445e-07,0.0007838299536173109,3.706050424584407e-05,1.756513959100033e-05,0
0.7166499044673016,0.2831998954077298,8.526743522283653e-06,8.191482774160322e-08,0.00012961252523610857,9.280603894582113e-06,2.698337487945339e-06,0
0.7123493785266672,0.28748951616719753,9.495070811441883e-06,9.265486874262808e-08,0.00013773560412919344,1.0008927582141994e-05,3.773048743859339e-06,0
0.3668696356029442,0.6330542923589338,1.5804671619734304e-05,1.1898246297699772e-07,4.435226750525431e-05,1.1599666076890218e-05,4.1964504570061305e-06,1
0.3542616399190585,0.645673482198973,1.0230437432424854e-05,1.313991443486003e-07,3.6102828938089225e-05,1.3778580430247478e-05,4.634636023452535e-06,1
0.5184964458742874,0.4814399603196401,8.131374249091985e-06,1.0293668175593728e-07,4.077287659783789e-05,1.0955894342519202e-05,3.6307242011794594e-06,1
0.09943605739843446,0.9003836273245807,2.4051092886408865e-05,1.5845206068705897e-07,0.0001336523196362464,1.6864581271017403e-05,5.588831130454417e-06,1
0.06940534309416417,0.9303043019465951,3.51580019142677e-05,2.278940752190542e-07,0.00022333533197913715,2.513180928901821e-05,6.501921983386996e-06,1
0.15852730767305773,0.841159350015986,5.2581877511801175e-05,2.302357352391089e-07,0.00020729586501582763,4.666560208117249e-05,6.5687306125599015e-06,1
0.08674400672446063,0.9103346838416446,4.5787452953885446e-05,2.6074333262243264e-07,0.0028159762858386006,5.1845741835577046e-05,7.439209934246461e-06,1
0.13154579473446637,0.8659211232461899,4.30536215116085e-05,2.3138361882798976e-07,0.0024332893881873867,4.9906071545283e-05,6.6015544807797985e-06,1
0.03261445507862441,0.9668790984545849,3.415234546885068e-05,1.6099009940884804e-07,0.00041238937148354974,4.57451789492354e-05,1.3998580789974521e-05,1
0.028799597517147103,0.9707574909801141,4.311677513380487e-05,1.767743752226053e-07,0.0003331216338619735,4.874934620168648e-05,1.7746973166119564e-05,1
0.023011532048340184,0.9766873575840747,3.871800582325078e-05,1.726532697020289e-07,0.00017148542092273973,8.216581192990251e-05,8.568475639482614e-06,1
0.017778612035332993,0.9819710959454805,3.448843022894423e-05,1.4181077373867117e-07,0.00016175803469770672,4.686592623341331e-05,7.037817252421867e-06,1
0.012366934207901912,0.987417630541717,2.809013205366427e-05,1.550774385435492e-07,0.00014550456697335913,3.853373241110166e-05,3.1517415043202683e-06,1
0.015084674870467756,0.9805649148284096,3.148035596098773e-05,1.763280302235277e-07,0.004261684819680821,5.288888392937493e-05,4.17991352126312e-06,1
0.01748086183236651,0.977346307827384,3.5917046927397334e-05,2.103562684040361e-07,0.005068620855839335,6.309551719788344e-05,4.986564016338464e-06,1
0.011930037237825921,0.984108791572546,2.7504008859194502e-05,1.61083417616899e-07,0.0038813712386962344,4.83163236524968e-05,3.8185350026005596e-06,1
0.007462396901592365,0.9874640767756522,2.6981619924564534e-05,1.986212110138289e-07,0.004995003798540633,4.66311354564462e-05,4.711147622788185e-06,1
0.006983389277196567,0.9879248115933719,2.4858476196229382e-05,1.9871388446859453e-07,0.005012611357388461,4.943185408386435e-05,4.698727878381391e-06,1
0.007492142868814689,0.9878004844953419,2.7677425749375844e-05,1.9543740255504855e-07,0.004626292883681872,4.8585635822839145e-05,4.621253186809832e-06,1
0.007188420490826858,0.9897985336824017,2.748542184608307e-05,1.9408161374434903e-07,0.0029325285412582546,4.82485874352319e-05,4.589194618285204e-06,1
0.005740845111772487,0.994081238941642,1.645671672163155e-05,2.561532484099311e-07,0.0001272619532293211,3.05559270762636e-05,3.3851963099533113e-06,1
0.0056403021812345125,0.9941924932118251,1.8347711247381506e-05,2.314437764577049e-07,0.00011594839750347585,2.9911054486416503e-05,2.7659999265668326e-06,1
0.007080287414677944,0.9927290271489542,2.2745954287949805e-05,2.3846846497942994e-07,0.00013379186622432257,3.125942144337516e-05,2.6497259476699667e-06,1
0.6733402629601709,0.32624761917075074,1.0093085044847568e-05,2.058374733534804e-07,1.2716648618752756e-05,7.1444250335325265e-06,0.000381957872907811,0
0.6412796904625806,0.35855370687220367,1.0711926237915291e-05,2.0377369005937865e-07,1.3528881268550544e-05,6.968273992215123e-06,0.00013518981002696306,1
0.7009813518595065,0.2988570538055765,1.1711803115361383e-05,2.3371299710284816e-07,1.2462011973472268e-05,7.49206414234779e-06,0.00012969474268873632,0
0.8844910849808422,0.1154854058083926,5.3758945809171206e-06,1.7872744423988596e-07,4.581189224037962e-06,3.4905527070121784e-06,9.882846808939623e-06,0
0.7113197805168584,0.28865532329920635,5.4880740279087706e-06,1.8591349903963544e-07,4.99200707474938e-06,3.6308965872745495e-06,1.0599292746330627e-05,0
0.47059798424588334,0.5293373263356382,1.1061580034177203e-05,3.747210840456687e-07,1.1597202801294684e-05,7.487666766975661e-06,3.416824779209222e-05,0
0.06264774819540517,0.9372557919774218,5.00747178930331e-06,9.176506269014229e-08,5.855453797995428e-06,3.0938724692936084e-06,8.241126405359215e-05,1
0.030512347962455205,0.9694615369162245,2.815048964868004e-06,5.158753870341286e-08,3.2917587649900247e-06,1.7392813896072516e-06,1.8217444662269152e-05,1
0.04301218332569799,0.9569562927593392,4.322403219934062e-06,8.075994502343612e-08,5.093941829904222e-06,2.722833322452624e-06,1.930397664532585e-05,1
0.025606560631376726,0.974379639299321,2.6796407936191398e-06,5.006650980112378e-08,3.1947031514299617e-06,1.6879996783781992e-06,6.187659168932305e-06,1
0.026725235709183476,0.9732661772947692,2.0872220255174802e-06,4.800180503222286e-08,2.1531335252189145e-06,1.6183878560303871e-06,2.68025083548341e-06,1
0.022670760691131796,0.9773225938094048,1.8074002360467004e-06,3.810076353190163e-08,1.6788359077845846e-06,1.284572798129621e-06,1.8365897579926133e-06,1
0.0235229360803065,0.9764704560710344,1.929088737500001e-06,4.058457558181949e-08,1.904195539044381e-06,1.368314883568918e-06,1.3656649233918015e-06,1
0.024514257411978924,0.9754774870542156,2.847814321607398e-06,4.634815573380405e-08,2.1640424333713808e-06,1.5626348288078136e-06,1.63469406609333e-06,1
0.05589854759799458,0.944077239150284,7.040161508226919e-06,1.145785732934515e-07,6.003591771726227e-06,3.863033305829469e-06,7.191886561958673e-06,1
0.055642059725774816,0.9443364821964696,6.807878676170963e-06,1.1079817202475434e-07,6.291952426344507e-06,3.7355765258172527e-06,4.511871955063037e-06,1
0.05888737127698375,0.9410870376448849,7.492409721451925e-06,1.4026935385047363e-07,7.517213536790463e-06,4.729201718403034e-06,5.711983801062792e-06,1
0.06107724675065198,0.9389001162306198,6.788292318635967e-06,1.270872006047581e-07,6.2616894606169e-06,4.28476349957196e-06,5.17518624881257e-06,1
0.34889014412323577,0.6510768545898608,9.211370909148148e-06,1.7112226159688422e-07,1.1813919452430049e-05,5.769412001880878e-06,6.035462278488766e-06,1
0.3614753677106234,0.6384714266766756,9.374638843619871e-06,1.7415533652879326e-07,3.1642707476591355e-05,5.871672565477114e-06,6.142438478829611e-06,1
0.21494290774302696,0.7849277075661264,9.175762715337222e-06,1.7046075803607829e-07,0.0001049343350716731,5.74710931287136e-06,9.357022988565673e-06,1
0.17300710086669577,0.8268979153553306,8.235496408292178e-06,1.529931629786366e-07,7.303891917432334e-05,5.1581867984775095e-06,8.398182429656244e-06,1
0.09330645233288731,0.906596696722728,7.238546317995118e-06,1.5228606358766498e-07,7.610024852450071e-05,5.134346839405413e-06,8.225516639238443e-06,1
0.2109245068913193,0.7889082588414742,1.0999688014713246e-05,2.2908932189503573e-07,0.00013343715904973438,1.517700100867379e-05,7.39132981133422e-06,1
0.05113991353211002,0.9480098181051273,7.1443201257537335e-06,1.4273588944006489e-07,0.0008153701669750264,1.4299668288352689e-05,1.331147148433064e-05,1
0.49574681794320963,0.5039434723234864,9.818192255334951e-06,1.6851785389658503e-07,0.00026301278905476296,1.7192249160366913e-05,1.951798497960296e-05,1
0.5015261455510949,0.49790826601475013,1.2939963174719563e-05,1.6244533157807665e-07,0.0005411679623009107,5.588635382677869e-06,5.729427965168579e-06,0
0.20951792400039404,0.7901530280860461,1.0879656140795792e-05,1.773601584126385e-07,0.0002932836272854458,1.964704680799759e-05,5.0602231670997366e-06,0
0.21383389196873392,0.7852805841405026,1.2913369049257755e-05,2.38099835749821e-07,0.0008360085991681161,2.8520630819646012e-05,7.843191890777398e-06,0
0.17534795837925102,0.8243230645550983,1.1628845297699834e-05,1.839055590292497e-07,0.00028750381580884137,2.360250829079563e-05,6.057990694133353e-06,0
0.16445576412943702,0.8352255947404825,1.2681338801995793e-05,1.8199910903022434e-07,0.00027642476762184916,2.3357833784241828e-05,5.995190763484767e-06,0
0.7194829282689739,0.2801123597740723,1.266855960047278e-05,1.6686189562288176e-07,0.00036747522837142786,1.8904747785834286e-05,5.496559300461907e-06,0
0.4201801918508039,0.5797585241668968,9.985757889066707e-06,1.0630347788055783e-07,3.783091354274927e-05,9.611738235315118e-06,3.7492691542235912e-06,1
0.3915746049329218,0.6083555397567064,1.3316543755121219e-05,1.1067339700903087e-07,4.173508861528502e-05,1.0789610643276432e-05,3.903393961064291e-06,1
0.3546189643429357,0.645306447062612,1.714662660578841e-05,1.1244139362946961e-07,4.240180254672343e-05,1.0961973610969617e-05,3.9657502952684315e-06,1
0.36880469767345664,0.6311213570551413,1.3861922166383348e-05,1.186191680653347e-07,4.421684458071381e-05,1.1564248255160144e-05,4.183637231763256e-06,1
0.3234763036916405,0.6764557196166178,1.1971115148602736e-05,1.2713975497259215e-07,3.899911059662884e-05,1.239492498205238e-05,4.4844012594605685e-06,1
0.3295795907165561,0.6703556823883119,9.903768915109626e-06,1.2587550513304062e-07,3.8167114931643516e-05,1.2090326423353286e-05,4.43980935684144e-06,1
0.3513112946874681,0.6486256338262115,1.0363220060267677e-05,1.317150643429178e-07,3.453881718283022e-05,1.3391955038743616e-05,4.645778974142598e-06,1
0.13724659096003322,0.8625610482068651,2.3097932170310084e-05,1.517959360976889e-07,0.00014783964663081896,1.5917398281969803e-05,5.354060082656407e-06,1
0.07063449903828123,0.9290975631601238,3.26289217664722e-05,2.3300350468134088e-07,0.00020265362534223973,2.57745546436101e-05,6.6476963380360785e-06,1
0.0844148627388457,0.9153247163706442,3.204087325522144e-05,2.2880424351590257e-07,0.00019631328585618845,2.531003765482316e-05,6.527889500322977e-06,1
0.10733777722584513,0.8923320550040886,5.599408190894915e-05,2.451764605486448e-07,0.00024027200425227736,2.6661511119537852e-05,6.994996325016194e-06,1
0.22939254481595708,0.7703600370477307,3.37167086769892e-05,2.1120674115497355e-07,0.000164013608914702,4.345078725337268e-05,6.025824725961249e-06,1
0.07593751939855345,0.9211052628281345,4.5654580029533166e-05,2.638283042367835e-07,0.002849293367510931,5.447877089539149e-05,7.527226572100742e-06,1
0.35574690738418696,0.6440769007819255,2.5777435959820592e-05,1.4720989663479606e-07,0.00011431655203333257,3.1750670456083866e-05,4.199965541806595e-06,1
0.06488568038305176,0.934863054002117,3.004195012047035e-05,1.891928920904858e-07,0.0001785495851052029,3.7087127148894474e-05,5.397759564399783e-06,1
0.08469046881044756,0.915040976566523,3.436350639385814e-05,0.0,0.0001923855117392344,3.590020955934212e-05,5.905395337073467e-06,1
0.06578900046634148,0.9290704176178197,2.438280651768882e-05,1.7465330246569565e-07,0.005080381250060109,2.9392444478587175e-05,6.25076147989317e-06,1
0.03247135118475175,0.9671479537645545,4.30520071009776e-05,1.440390890323137e-07,0.00030492507922920913,2.8802051440011145e-05,3.7718738344016194e-06,1
0.02752531404567545,0.9719968725142265,4.0536116849275786e-05,1.780569189852679e-07,0.00037251363815460326,4.910303530298366e-05,1.5482592872367836e-05,1
0.022821248550429822,0.9768941897948193,3.86740257316023e-05,1.7245715147580698e-07,0.00017129062926526156,6.481614608871149e-05,9.608396513557838e-06,1
0.020280973195694763,0.9794583995909799,3.8585384147691844e-05,1.566933509735948e-07,0.00015525163565299521,5.765508943480248e-05,8.978410738484036e-06,1
0.019694528674440825,0.9800059250862768,4.3334674233263196e-05,1.7323990730466908e-07,0.00018233039935830966,6.511033635986667e-05,8.597589423519845e-06,1
0.015239312512770026,0.9845075686745179,3.552753085625786e-05,1.4970489326225375e-07,0.00016358402970446427,4.85277949470453e-05,5.329752310737219e-06,1
0.015482481738710013,0.9842481710023772,3.42503629387174e-05,1.419480984372124e-07,0.0001825239450527952,4.538637038903086e-05,7.044632433716611e-06,1
0.018070174686339216,0.9817097145277459,2.720684777310124e-05,1.4643987571257367e-07,0.00014779624304149088,4.1253538814486504e-05,3.7077164100947653e-06,1
0.015742099609625984,0.9840381126645792,2.6912709048164528e-05,1.578934882681527e-07,0.0001481467830145972,4.135138307689114e-05,3.21895716686793e-06,1
0.01748081437875615,0.9773436547195841,3.8631553020946985e-05,2.1035569737015384e-07,0.005068607096542944,6.309534591856569e-05,4.986550479793863e-06,1
0.017057573265664313,0.9769520940401455,3.7712972390841717e-05,2.0535386198104237e-07,0.005885951322100313,6.159506549807213e-05,4.8679803389740755e-06,1
0.01705761846930474,0.9769546830245507,3.506300952918723e-05,2.0535440618167355e-07,0.005885966920240975,6.159522872886408e-05,4.8679932394277e-06,1
0.014191348380399971,0.9807917846822762,3.709010228307372e-05,2.217892101145637e-07,0.00491123295221421,6.331795027243613e-05,5.00414334391778e-06,1
0.012006724643915534,0.9822289995832564,3.4012447252748304e-05,1.9768431821020833e-07,0.005666123163708955,5.9270839859643386e-05,4.671637688553297e-06,1
0.01006088571330417,0.9844783174235938,3.335745750541822e-05,1.9802064725434704e-07,0.005370490412244011,5.206863690285126e-05,4.682335802741449e-06,1
0.00866236614159128,0.9858545541732592,2.4354460799182415e-05,1.943092487534612e-07,0.005408317539918717,4.561879797637569e-05,4.594577206252176e-06,1
0.007307430939458735,0.9887460985227077,2.6118055465056765e-05,2.036943508424459e-07,0.0038700131950473587,4.5516906318808776e-05,4.618686651398743e-06,1
0.007584033302941398,0.9887655550803182,2.800443814214489e-05,1.9774652094000295e-07,0.0035749348495848813,4.259872859692465e-05,4.675853895556899e-06,1
0.005777570990009519,0.9917301691803591,2.2016590364678263e-05,3.2296417409290043e-07,0.002414807881860633,5.0149518619010235e-05,4.962874612901449e-06,1
0.0017769861264949245,0.9915357891442436,2.1895681132425188e-05,4.790915858931408e-07,0.0066151162782757,4.6673907988861065e-05,3.0597702788539764e-06,1
0.0026310287259436655,0.9891588270266463,3.2961484438356615e-05,8.289578339904522e-07,0.008095811899945491,7.590627434260758e-05,4.635630849930405e-06,1
0.0022459795593483415,0.9896366320949961,3.1207842806244155e-05,9.172088419646641e-07,0.008005604563627085,7.506049100389807e-05,4.598239375996705e-06,1
0.3072194381933039,0.692351286694558,1.086048971748031e-05,1.8952978991380136e-07,1.153057224690045e-05,6.57840068477224e-06,0.0004001161196990738,1
0.4306511653030845,0.5690303084086182,9.855350334031475e-06,1.878551668965851e-07,1.3082168027281641e-05,6.520276095449362e-06,0.0002888806386734639,0
0.5453210464162859,0.45422092368557515,1.1119850424258291e-05,2.193177906691302e-07,1.4749536901292358e-05,7.6123141643153394e-06,0.0004243288788584938,0
0.7471265377602506,0.25230522075173023,1.2995703670293776e-05,2.472181410697756e-07,1.643461870629723e-05,8.453906597649114e-06,0.0005301100409038019,1
0.6976690235837953,0.30211943948411873,1.1097253496234528e-05,2.1968832515757213e-07,1.4597859108301122e-05,7.512493110090551e-06,0.0001781096380462446,1
0.6871942556665562,0.31263613535503787,1.0849406036365843e-05,2.2911626487302204e-07,1.1325126868179705e-05,7.344708141021516e-06,0.00013986062109546887,0
0.2474328044116206,0.7525048208817902,1.08370621665917e-05,3.597361651309659e-07,1.1133436146537714e-05,7.188238514495022e-06,3.285623359668142e-05,0
0.1834675667610966,0.8164232600504302,5.451363636279722e-06,1.4094552150837785e-07,7.265371971024855e-06,3.985381419469321e-06,9.233012592484475e-05,1
0.02706714980003734,0.9729232092723805,2.7046713594455445e-06,5.69014463034258e-08,2.673438621030653e-06,1.9184405591875555e-06,2.287475596139409e-06,1
0.030563164630114846,0.9694274363367044,2.7945705812625876e-06,5.1212259473810804e-08,2.425240706175789e-06,1.7266287956599855e-06,2.4013808379533854e-06,1
0.021784126223809187,0.9782092696252441,1.8742387378823894e-06,3.9509747498197016e-08,1.7494278853638997e-06,1.3320768980038474e-06,1.6088976779229679e-06,1
0.030742033638276975,0.9692484101719967,3.0622914326306924e-06,6.011375669676735e-08,2.5334308021117583e-06,1.929044730804923e-06,1.971309003912374e-06,1
0.024587793194584928,0.9754038047080515,2.6386483676261838e-06,4.930060576553996e-08,2.3131446423941713e-06,1.6621771121384176e-06,1.7388266355753917e-06,1
0.022564804628123936,0.9774264120261129,3.5542281663218913e-06,4.5024688349224505e-08,2.0780634501611487e-06,1.5180139329557067e-06,1.588015525254165e-06,1
0.03893977370313438,0.9610477032342758,4.983303548856574e-06,6.312810510109815e-08,2.7775841463214475e-06,2.1283732684894807e-06,2.5706735208436587e-06,1
0.06869265700670814,0.9312896482192703,6.007694118010738e-06,8.737016832103618e-08,3.858041818684977e-06,2.9456979647989687e-06,4.79596995175721e-06,1
0.08053359518448737,0.9194414878874068,6.7849119763056055e-06,1.1042438916469405e-07,6.296137935551482e-06,3.7229743821872817e-06,8.002479422725712e-06,1
0.0896833203157008,0.9102971518880376,5.791580912215397e-06,9.425793389253556e-08,6.625709408106746e-06,3.1779199853795687e-06,3.8383280220264075e-06,1
0.1347331321177538,0.8652416955294115,6.888571440972652e-06,1.28964578940674e-07,8.555121249046277e-06,4.3480595839167314e-06,5.251635981764567e-06,1
0.11189724502625631,0.8880769182790413,7.070372738915306e-06,1.3236817692045073e-07,8.780905674810144e-06,4.462812386099536e-06,5.3902357257010735e-06,1
0.161823057151424,0.8380339343618273,1.1085083620002415e-05,2.275061523376297e-07,0.00010806198490434731,1.5072117176590765e-05,8.561794895350058e-06,1
0.2254943007494772,0.7743431959397147,1.1051387177762481e-05,2.479425610971852e-07,0.00012400481189808917,1.642601439795298e-05,1.0773154773020255e-05,1
0.08536819697912641,0.9145325396893006,9.374967290812754e-06,1.5812283573711865e-07,5.740577917774108e-05,1.2715530384849044e-05,1.960893188354701e-05,1
0.07431654785282371,0.9250454478331815,8.10401337038885e-06,1.4024984868579314e-07,0.0005990817356570205,1.4434371959139173e-05,1.624394315940416e-05,1
0.07794877070023545,0.9213456825039882,8.702481667974697e-06,1.4863313686619937e-07,0.0006617842209859145,1.7696552094453655e-05,1.7214907891041824e-05,1
0.06674480491693331,0.9324216486955018,7.741916915897644e-06,1.5749451445313447e-07,0.0007936044356282598,1.7354687673238462e-05,1.4687852832988562e-05,1
0.385914422330819,0.6137034580017665,9.894776224984761e-06,1.8028793966837871e-07,0.0003339311825510282,1.8700999835674185e-05,1.9412420863064776e-05,1
0.5235772498449595,0.4758648344767979,1.2767583880129253e-05,2.1914073171208347e-07,0.0004979601810161994,2.158757168502296e-05,2.5381200929608617e-05,1
0.45664733426204757,0.5428505601727659,1.2841494489008662e-05,2.2511102320510557e-07,0.00046753477754816987,7.765281922290872e-06,1.3738900203749803e-05,0
0.42793057937121215,0.5715544391086571,1.1134650605186222e-05,1.951900997901933e-07,0.0004889700889794445,6.733149411034985e-06,7.94844103522367e-06,0
0.15143048802029063,0.8484745995675451,1.4293246401460765e-05,1.5862496484635342e-07,5.8106150764534275e-05,1.3647161629069148e-05,8.707228404189227e-06,1
0.5879919108308169,0.4114406669272738,1.96859233251568e-05,2.4903630145280014e-07,0.0005104407778647025,2.5988277108763164e-05,1.1058227309131038e-05,0
0.2662962558914423,0.7334654106355734,1.0268291154984934e-05,1.747508926716068e-07,0.00020457997952798092,1.8324672621172836e-05,4.985778787538632e-06,0
0.23832234762827292,0.7613496233323652,1.0482155827694966e-05,1.7839054818028956e-07,0.0002925176839072599,1.976118809077894e-05,5.089620988008758e-06,0
0.20709371177681332,0.7925967639079489,1.6737810226718192e-05,2.1579149273161445e-07,0.0002594205136814482,2.6041861939144174e-05,7.108337897677953e-06,0
0.6698625688718607,0.3299010861235845,1.1119369838158267e-05,1.464509114929452e-07,0.00020366270851540614,1.659226951992033e-05,4.824205769823971e-06,0
0.8654670831378455,0.1342324874904351,9.42592642790327e-06,9.19801435185318e-08,0.0002781685919897115,9.135923862265205e-06,3.6069492959502536e-06,0
0.6808497668715783,0.3189970971392289,9.178075057332378e-06,1.0903319704523496e-07,0.00013109092331741934,8.775551737117772e-06,3.982405883699061e-06,0
0.4686604611402465,0.5312802856677589,1.4228232215612863e-05,9.330361569004757e-08,3.320456760936946e-05,8.436317873144561e-06,3.2907706808735314e-06,1
0.30975131074749046,0.690166375779932,1.7459024847189495e-05,1.2695116061023245e-07,4.7873455419905415e-05,1.2376538813430376e-05,4.4775023363170875e-06,1
0.337275211026773,0.662645196614615,9.988234314911845e-06,1.2481342410534548e-07,5.238672274369178e-05,1.2690239891609638e-05,4.402348237781772e-06,1
0.2710070892349997,0.7287578067423832,3.506814484976092e-05,1.7853170312963994e-07,0.00017615512277291808,1.7405154412063885e-05,6.297068879366542e-06,1
0.11736533071413031,0.8823556985618283,4.005980901278789e-05,2.0394423374094968e-07,0.00021077780521280723,2.0735760349774083e-05,7.1934052322563545e-06,1
0.11249488956482698,0.8873228360739545,4.0670664364978784e-05,2.147611380279137e-07,0.00011240395825635693,2.2857744168320175e-05,6.127233291074833e-06,1
0.06960132699077931,0.9301056819840013,3.2558279851303774e-05,2.3249904995465858e-07,0.00022784818980724518,2.571875249618797e-05,6.633304014436237e-06,1
0.1787958965271373,0.8209618358989745,3.3934928498942334e-05,2.0590063246567706e-07,0.00015989312473571162,4.235918099809352e-05,5.874439023195541e-06,1
0.08785472165785646,0.9095746810723458,4.574922680293046e-05,2.60525648227466e-07,0.002463357723481619,5.3796794635875314e-05,7.432999229269734e-06,1
0.052812683234788625,0.9222714190460076,3.525551463302824e-05,2.3385819925122106e-07,0.024837287041550814,3.768958504633017e-05,5.431719774383741e-06,1
0.062069731475720896,0.9259731753191982,3.100768684178103e-05,2.277691492701801e-07,0.011882310166498884,3.619966355994941e-05,7.347919030842076e-06,1
0.07203379191471637,0.9234812041423357,2.3375458858422496e-05,1.8266814968310893e-07,0.0044194859221572975,3.542228460193553e-05,6.537609180718501e-06,1
0.03509494525280415,0.9643394548219347,3.486231329331143e-05,1.8581393440022812e-07,0.00045760815347403424,4.8986572552380474e-05,2.395707200704096e-05,1
0.015112557700118864,0.9846416350077504,3.478421315271665e-05,1.4200484374699472e-07,0.00016197940280897612,4.1854222722419097e-05,7.04744860282458e-06,1
0.024559549825545687,0.9752108744695978,3.2326840289092575e-05,1.378005818064378e-07,0.00014937880795784123,4.089345749048727e-05,6.8387985373967e-06,1
0.04224204624491583,0.9524229585253299,3.74062796092543e-05,2.5296719276081473e-07,0.005226416757171834,6.57779481538205e-05,5.1412776265505445e-06,1
0.008236411932089686,0.9859114691237355,3.017705370037492e-05,2.5965970742290045e-07,0.005763436613862912,5.339312579840322e-05,4.852491105497827e-06,1
0.006357220172710791,0.9910056322392651,2.0926166666595366e-05,1.5533567589103876e-07,0.0025808117168198462,3.158134886764571e-05,3.673019994391952e-06,1
0.009036275973492968,0.9907400222781524,2.195548774472858e-05,2.995602093358378e-07,0.00015174447366620136,4.317446667699413e-05,6.527760057422639e-06,1
0.2611681090580985,0.7384316590594351,1.0283218105223809e-05,1.7945564314507172e-07,1.188466086131583e-05,6.372874766701163e-06,0.00037151167308994423,1
0.7420210120970587,0.25739784497500023,1.0774620517452958e-05,2.133012764366276e-07,1.2796431441038661e-05,7.403486616070615e-06,0.0005499550880900119,0
0.696580052641834,0.3032238654316076,1.075609609446802e-05,2.2371894260402837e-07,1.4155507389463555e-05,7.281540232326973e-06,0.0001636650638995062,0
0.7226095429123196,0.2773650620020395,5.180777769574514e-06,1.9535909796094043e-07,5.065774494184263e-06,3.815369436558184e-06,1.1137804842808331e-05,0
0.04698862363775222,0.9529776915678216,4.023572110268997e-06,9.105349687725306e-08,5.435223193559759e-06,2.739833213414952e-06,2.1395112412118338e-05,1
0.040868677241613034,0.9591061156416052,3.3018675573517415e-06,8.140354546609562e-08,5.0327890138674636e-06,2.612232026062263e-06,1.4178824639229251e-05,1
0.03083143807807456,0.9691597049810884,2.48614237291198e-06,5.626143898616828e-08,2.448445740503186e-06,1.7634365622472114e-06,2.1026547224318276e-06,1
0.02889319513643981,0.9710981884565811,2.062737354064274e-06,5.470205501354548e-08,2.292196807163343e-06,1.566659170898403e-06,2.6401115919862883e-06,1
0.03196032134292631,0.9680303681637602,2.5183505162285633e-06,7.28762416196608e-08,2.5014343692157807e-06,1.7148593832266195e-06,2.5029728030836607e-06,1
0.03425397840407101,0.9657375537332124,2.344769489106883e-06,6.746203514995602e-08,1.7596996311659754e-06,1.5998638759257317e-06,2.696067685232061e-06,1
0.02605370155398521,0.9739378984546411,2.124342737364488e-06,6.803487395248602e-08,2.2468923159833064e-06,1.6134487626677217e-06,2.347272683702365e-06,1
0.02417802336415441,0.9758150700647877,1.8675751616774471e-06,3.936927648563541e-08,1.7745492132704238e-06,1.3273408973325983e-06,1.8977365089430957e-06,1
0.032063383387832455,0.9679244105321412,4.183814163908152e-06,5.300023522011985e-08,2.341416431546855e-06,1.7869106586599525e-06,3.84093853683041e-06,1
0.11297751997125947,0.8869997569956554,6.193543257929595e-06,1.1595258977193083e-07,7.691945127786783e-06,3.999824337248903e-06,4.721767772414328e-06,1
0.08796113616659705,0.9120162337220917,6.597302049611313e-06,1.23511571051143e-07,6.619142587950068e-06,4.260573987988665e-06,5.029581114631782e-06,1
0.08232482544340308,0.9175928461563897,6.029637021797126e-06,1.42457309218288e-07,6.344797331824481e-05,3.992923139038509e-06,8.715409418645681e-06,1
0.09536329281264601,0.9045275565703457,8.878801028510344e-06,1.706347565315299e-07,6.194817533997202e-05,1.3721683027460767e-05,2.44313228557676e-05,1
0.09207933103732308,0.9078199013708043,9.891328576570124e-06,1.6757330188302755e-07,5.309631429456421e-05,1.5428780734707572e-05,2.2183594964794673e-05,1
0.07662183120865042,0.9224990107098492,8.57951057723015e-06,1.6544372281780336e-07,0.0008344986960075218,1.81003545419828e-05,1.7814076650933823e-05,1
0.19311837812135546,0.805472899706461,9.931715491136751e-06,2.0224249459169392e-07,0.0013714315397558763,2.1247739086723546e-05,5.908935355339751e-06,1
0.38583064674728634,0.6135702332184076,9.949475431284842e-06,1.8024880216411444e-07,0.0005508827484948756,1.869935482730053e-05,1.9408206750319875e-05,1
0.4104537006575761,0.5887267482263023,1.4531511257695149e-05,1.8242526139476446e-07,0.0007921270534040887,6.276008430781095e-06,6.434117767711884e-06,0
0.12780804103402285,0.8721143919409642,8.381718562244711e-06,1.3441230632697052e-07,5.975441680983163e-05,4.555824214707574e-06,4.740653119797237e-06,1
0.24221479372741073,0.7574100809950531,1.2776930000703344e-05,2.0828951757534016e-07,0.000332778072011261,2.34193241839387e-05,5.942661822880147e-06,0
0.33604478381355796,0.6632685188740595,1.6451694750680948e-05,2.889091860169572e-07,0.0006257845707904406,3.4655246651257117e-05,9.51689100415938e-06,0
0.3256208109113531,0.673800440784779,1.7610382136081627e-05,2.5273939199102695e-07,0.0005201230840152151,3.243666818103143e-05,8.32543014362631e-06,0
0.23337457099223044,0.7662662617909336,1.6372161638945967e-05,2.110773841653324e-07,0.0003062895865047829,2.5472960158563137e-05,1.082143114954795e-05,0
0.7270874780573251,0.27276158066668504,9.940031492643621e-06,8.878642338540612e-08,0.00012763608941167518,9.794659294589852e-06,3.4817093675811597e-06,0
0.5891427040202801,0.41061014623750414,1.307077401957464e-05,1.0981677159123761e-07,0.00021937695971481223,1.0120283889524921e-05,4.471907820170256e-06,0
0.6464969754381102,0.3533736176629597,8.6161171357027e-06,9.253864596667306e-08,0.00010984507312597427,7.589342734183266e-06,3.263827288292754e-06,0
0.25106693574247796,0.7488581998816656,1.3262960079766933e-05,1.2789473361961707e-07,4.662886752116882e-05,1.0333871849575778e-05,4.510781672509819e-06,1
0.07365167600475113,0.926257832738292,1.105727981551802e-05,1.4056077095225823e-07,6.004430609054906e-05,1.4291330564156508e-05,4.957779715911341e-06,1
0.0657604422436057,0.9340794010049689,1.4435381774947291e-05,1.513606256045419e-07,0.0001232913642969274,1.7292765255845823e-05,4.985879472339491e-06,1
0.12446854005759128,0.8752260888866565,3.645326509792078e-05,2.404764386191201e-07,0.00023566600053352927,2.6150411127900474e-05,6.860902554142143e-06,1
0.15813220920229418,0.8416194271249616,3.478882188418919e-05,2.1108164199944007e-07,0.00016391646256483155,4.3425051063500425e-05,6.022255589955039e-06,1
0.09441062776239732,0.9031755593214649,4.440044314967652e-05,2.586927747131447e-07,0.002308354755711237,5.341831857904813e-05,7.380705923363038e-06,1
0.11479769074559247,0.882756143214524,3.958189544017085e-05,2.6262707388069106e-07,0.002343461102240888,5.420927713134059e-05,8.651137997104568e-06,1
0.04273185669051381,0.9544012117291285,4.0417454788475965e-05,2.3081358646231802e-07,0.0027734930128416858,4.620500812668673e-05,6.585291014347512e-06,1
0.05613966621737289,0.9436350071273011,2.1955914977005677e-05,1.5607437698931612e-07,0.00016823812589618806,3.059496686227962e-05,4.381573213429227e-06,1
0.04423753347173562,0.9553442755232291,2.389511493387875e-05,2.0423992909680243e-07,0.0003564321058692458,3.291580817702726e-05,4.743736126179231e-06,1
0.03579182185572819,0.9638182972916608,4.732158225107587e-05,1.346356097132534e-07,0.000310530776104787,2.805264324871381e-05,3.841215396670053e-06,1
0.033069049198508796,0.9663586491872171,3.276448407294674e-05,2.2893560614911674e-07,0.0004753254089776123,4.756726875488434e-05,1.64155168624305e-05,1
0.03498243148394965,0.9647559166738597,3.343050373914876e-05,2.562163306399153e-07,0.00014634588478707028,6.529591887977396e-05,1.632331845394917e-05,1
0.02780735447851928,0.9719327960759222,3.359785399370775e-05,1.652468050394366e-07,0.0001641290545335829,4.382548616480208e-05,1.8131804061363575e-05,1
0.028027636387519133,0.9717042536483721,3.7077223741517336e-05,1.7410358840480077e-07,0.00017292592948447264,4.884582856656243e-05,9.086878727718315e-06,1
0.022634820223812784,0.9770768678478728,3.842646505620554e-05,1.7135321651975546e-07,0.00017276337233047728,6.80074074078104e-05,8.943330303446762e-06,1
0.027310991679777224,0.972483261335445,2.7318447872712548e-05,1.3369860547791993e-07,0.0001349369595772363,3.530179477709585e-05,8.056083945575565e-06,1
0.0076555989500093225,0.9886722013297742,2.36670914491771e-05,1.5811763915304162e-07,0.0035996689242497586,4.512243935579747e-05,3.5831475226075677e-06,1
0.007193001580330606,0.9884033894890875,2.279735781054967e-05,1.9524799560685812e-07,0.004331201562852815,4.577944217615979e-05,3.635319746931811e-06,1
0.00611410302759023,0.9896254871409383,2.2073318866165917e-05,1.5531320224476208e-07,0.004195789271352194,3.887026428815804e-05,3.5216637625298193e-06,1
0.007762878468236676,0.9881814426894089,2.3136958270432576e-05,1.556061973729051e-07,0.003987790912795267,4.0915948428531055e-05,3.679416662807677e-06,1
0.00650892605027811,0.9897079600241304,2.890663765361408e-05,1.5147569183798742e-07,0.003723444520950706,2.7530906675207476e-05,3.0803846203883564e-06,1
0.003853462391718862,0.9935551618856626,2.2809386985400716e-05,1.9844393968551093e-07,0.0025105187091436472,5.069449786340923e-05,7.154684686532054e-06,1
0.004808384893858373,0.9904395756444813,2.2752069212099063e-05,1.8147376226323803e-07,0.004685733318494638,3.9068177318870286e-05,4.3044228726676955e-06,1
0.005821576766940948,0.9884895240234679,2.3209060943746165e-05,3.368549173726618e-07,0.0056137342676311364,4.713568581513871e-05,4.483340283534607e-06,1
0.009036340322063208,0.9907470774747953,2.784456396193891e-05,0.0,0.00014296681938038945,3.924301325664184e-05,6.527806542504303e-06,1
0.007319730895875182,0.9924994867748944,1.9125259065910645e-05,2.3574022598506754e-07,0.00012159442026752792,3.459614784718256e-05,5.230761823813444e-06,1
0.006890207036795432,0.99293508734738,2.6890018481292704e-05,1.375668037313888e-07,0.00011649890353423511,2.8463457478685527e-05,2.7156695268821246e-06,1
0.0069226813133000656,0.9928900187112516,2.7440693470285846e-05,2.8015579365833304e-07,0.00012776148844553792,2.904635459140735e-05,2.7712831475222598e-06,1
0.0052286007692402625,0.9908014627054794,3.0419099349621698e-05,2.764759022679881e-07,0.003901476340504983,3.4692532008904784e-05,3.072077514429295e-06,1
0.005045171803747835,0.9924793562052803,2.7119791560412478e-05,2.679543145697852e-07,0.002407121178870844,3.798567681180214e-05,2.97738941416401e-06,1
0.005422471854120978,0.9922923836703377,2.646175838147825e-05,2.614526853432951e-07,0.002218589370210641,3.692674806800373e-05,2.905146195894317e-06,1
0.005259277975748806,0.9910623570932813,2.2804437657460342e-05,2.808863671401158e-07,0.0036181478732823934,3.423018863022159e-05,2.9015450324771734e-06,1
0.006216149805866869,0.9833200730004067,3.1763268699994594e-05,6.211528579876817e-07,0.010342460657188725,8.377174327286144e-05,5.160371706954e-06,1
0.2544088300556506,0.7452474495161112,9.051662284430699e-06,1.7233202448035137e-07,1.1412890843656924e-05,6.119898995973806e-06,0.0003169636440896755,1
0.2664205602115557,0.7331643032688179,1.0465625850143817e-05,1.8263889753531296e-07,1.2095475624230412e-05,6.339224293757631e-06,0.0003860535549607819,1
0.3916832747235315,0.6079022328338713,1.095729986379255e-05,1.9121925394069058e-07,1.1486286273656593e-05,6.637040391577384e-06,0.0003852205968142397,0
0.636709633471563,0.36306691408639913,1.1554540016498132e-05,2.198027883880204e-07,1.4612095221274572e-05,7.516407310945259e-06,0.00018954959670075213,1
0.6874894046363911,0.31231001388327057,1.1424867744069305e-05,2.2834333050188957e-07,1.4448109152631111e-05,7.432053488541317e-06,0.00016704810662262126,0
0.6716757885396359,0.3281690009748302,1.1035628466979477e-05,2.2394227921269954e-07,1.1986930880575871e-05,7.178847307780542e-06,0.0001247851365993816,0
0.5607655130136636,0.4392071931708672,6.08265245999963e-06,2.0191358471028174e-07,5.421629137036724e-06,4.076131316162677e-06,1.1511488971271768e-05,0
0.36880763596622096,0.6311312779663061,9.758760786002661e-06,3.5340833152498913e-07,1.0937596700224583e-05,7.134432136345779e-06,3.2901869518940914e-05,0
0.04429205944595816,0.9556837022730031,3.2619612671521903e-06,7.38182321361467e-08,4.406404818859791e-06,2.3137298273038445e-06,1.4182366893248244e-05,1
0.035112690799880227,0.9648614696760192,2.8046009628986042e-06,7.07903686765431e-08,4.200199944939216e-06,2.1301082324311656e-06,1.6633824591840676e-05,1
0.06117682894502894,0.9387901794042437,5.160055896494537e-06,1.1677214191309852e-07,6.848726304466814e-06,3.5137167026809465e-06,1.7352379681676903e-05,1
0.04475532190712444,0.9552190015011275,4.03303515669486e-06,9.589003152668042e-08,5.352878828940564e-06,2.7462770320385815e-06,1.3448510698710828e-05,1
0.039894879194959154,0.9600757660958225,4.694825757622022e-06,1.358592674331348e-07,5.4680266193599425e-06,3.1969203457543767e-06,1.5859077227981973e-05,1
0.03324578859734495,0.9667390517515998,3.912361380429826e-06,1.1321624667666261e-07,4.504274800602476e-06,2.664104770391942e-06,3.965693857226276e-06,1
0.03700374640104287,0.96298399906229,3.172690872378103e-06,7.84860939467038e-08,3.2314474986207856e-06,2.3616754365433505e-06,3.4102367656282446e-06,1
0.02400956879341792,0.9759829919343258,2.027687460332467e-06,4.5978669182537143e-08,1.9266861443259767e-06,1.4411374429987185e-06,1.997782539508473e-06,1
0.022405317879189198,0.9775873669838451,1.9805283948642944e-06,4.175037854703004e-08,1.8727241544322424e-06,1.4076201005322083e-06,2.0125139373542324e-06,1
0.04320022051361622,0.9567809782600079,3.33587202997977e-06,6.113194818417058e-08,3.3345377126728444e-06,2.0610725469662416e-06,1.0008612138012166e-05,1
0.10382832118977194,0.8961428897182536,5.853856127347728e-06,1.0727558678465879e-07,5.907821942659321e-06,3.6168120508027066e-06,1.3303326266707654e-05,1
0.1652658349233813,0.8346867751896602,6.630999483636066e-06,1.5559873156370235e-07,2.808491932969116e-05,5.2460339232532135e-06,7.272335490594649e-06,1
0.16379573432049338,0.8361166408636262,6.231080501446964e-06,1.4621449220273813e-07,6.948414075730501e-05,4.929642924838219e-06,6.83373720466302e-06,1
0.09608547602055079,0.9038882850735982,6.141752585794584e-06,3.428381429863711e-94,7.550290866426676e-06,4.046239943656205e-06,8.500622455289997e-06,1
0.1074496778158965,0.8925179391010575,8.28960303930627e-06,1.3491322440583948e-07,9.632757127474394e-06,4.548619033174764e-06,9.777190621820527e-06,1
0.0891282302479295,0.9108389206282546,1.0069310585683924e-05,1.2755725006848242e-07,9.107543127588493e-06,4.300611285781548e-06,9.24410156682017e-06,1
0.10336340259643954,0.8965945458419371,1.1602459132818245e-05,1.4697905764456285e-07,1.2369201553948876e-05,4.955420360194225e-06,1.2977501518657095e-05,1
0.09930124085826691,0.9005838359489301,9.494395184972193e-06,1.576324641193999e-07,8.94142722790863e-05,5.314601512916666e-06,1.0542291361935577e-05,1
0.14061739702678466,0.8592377104242704,1.1319636046077516e-05,2.3232001949524984e-07,0.00011045399557860176,1.5391032375703784e-05,7.49556492489752e-06,1
0.22421687123082545,0.7746032817326349,9.076579398091102e-06,1.83126532365207e-07,0.0011328908620445702,1.7978403540446592e-05,1.9718065024238344e-05,1
0.37035286272194745,0.6293230500626256,9.796655861002453e-06,1.7850013589599892e-07,0.0002763765859053359,1.8515553609404194e-05,1.921991991533722e-05,1
0.6126147157817654,0.3870922577038502,1.6004845134014378e-05,1.941633997928411e-07,0.0002278881360186859,1.5931787088002952e-05,3.300758274388886e-05,0
0.40079273447534064,0.5987788603713516,1.474699521716362e-05,2.023754606992474e-07,0.00039823373174953006,6.98101089901452e-06,8.241039981398742e-06,0
0.18762081582030954,0.8123045826353434,7.884501584610007e-06,1.2643875290681035e-07,5.784560860895445e-05,4.285565421138007e-06,4.459429979371385e-06,1
0.7994115593241217,0.20021883080116307,7.727963154307497e-06,1.3403076382570834e-07,0.0003396340697633634,1.3113421021979319e-05,9.000390011709502e-06,0
0.3226004084843263,0.6766896291797738,2.6154427717382698e-05,2.947552075655903e-07,0.0006384472006502898,3.5356488870272455e-05,9.70946345453153e-06,0
0.6790449453613444,0.3208006443364692,8.856231567011046e-06,1.0428122335748656e-07,0.00013324785948564682,8.393088486655092e-06,3.808841423643641e-06,0
0.05250085708691323,0.9474422166452641,9.730249750499544e-06,1.2369148916434106e-07,3.1316293398123474e-05,1.1393257199545723e-05,4.362775985471252e-06,1
0.19926858978056838,0.8005617193110215,1.3477136161637925e-05,1.4638354884900193e-07,0.00013125117407706923,1.6036064783525655e-05,8.780149838775833e-06,1
0.058753799838456,0.9411487248777958,1.1648641454046717e-05,1.2214056305649388e-07,6.442404781633365e-05,1.3954409059269925e-05,7.326044855864798e-06,1
0.08665226804716819,0.9131747697210678,3.233221471313671e-05,2.2826682012073155e-07,0.00010995301998466945,2.393617368044784e-05,6.512556565563307e-06,1
0.05722717447541523,0.9417298912463409,3.745453593837438e-05,2.0751811979544036e-07,0.0009775908717533875,2.176069918772224e-05,5.920653244675032e-06,1
0.14421908689464105,0.8555208360786147,3.324903215591724e-05,2.1436764537910112e-07,0.00017639655170504642,4.4101068471764645e-05,6.116006766202888e-06,1
0.16468276983368588,0.8350771112024447,3.3371181139161175e-05,1.9539050041703513e-07,0.00016078084194345762,4.019697012758296e-05,5.574580158722299e-06,1
0.07618254092009441,0.9235645511962051,3.215102718139876e-05,1.9277955300462652e-07,0.00017661608957928018,3.8447898749636175e-05,5.500088637335053e-06,1
0.03537732554716979,0.9640456685867852,2.881494381103478e-05,2.3753679953673357e-07,0.0004820815666954838,4.897164878186472e-05,1.6900169957249816e-05,1
0.035839918707413036,0.9637817434852969,3.44056985960551e-05,2.422821600223389e-07,0.0002765020621124705,4.9949973519326987e-05,1.723779090217943e-05,1
0.027754836378846084,0.9718869716910291,3.313489291186442e-05,1.4405657553090723e-07,0.0002634358557731878,4.529814613405153e-05,1.6178978730269007e-05,1
0.023750497506506818,0.9759355232484201,4.2345245386745634e-05,1.7843318373109197e-07,0.00017722623887470626,8.491647706299046e-05,9.312850564545886e-06,1
0.022141785838596585,0.9776175930185005,3.1860606728130664e-05,1.3814065924503641e-07,0.00016077234126687302,4.099437827105654e-05,6.8556759776745405e-06,1
0.031728561233999,0.9645574810003437,3.4961657475405404e-05,1.753827694959628e-07,0.003621944213328971,4.630860679423629e-05,1.0567905289027043e-05,1
0.021152734935229078,0.9749356206309958,2.9403103583417783e-05,1.7881291311470767e-07,0.003820104181174329,5.7732663821938094e-05,4.225672282302144e-06,1
0.01780465852076419,0.9789849996579004,2.6732899959191802e-05,1.7123402985912806e-07,0.0031280301587767382,5.13609589949933e-05,4.046569574639403e-06,1
0.007824015721215452,0.9888932030566778,2.4187747658017024e-05,1.429035653542641e-07,0.0032141060070271545,4.070984200017783e-05,3.634721855922253e-06,1
0.00630684365588106,0.9899484392653934,2.6728621377044293e-05,1.5172546530235234e-07,0.0036730128032572305,4.11394249913069e-05,3.6845036348110682e-06,1
0.004315124065914914,0.99232347823864,2.4149899275606528e-05,1.7368099158532163e-07,0.0032951111095911177,3.3169624833382815e-05,8.793380753281579e-06,1
0.004247053569511397,0.9922967979731717,2.483933357794941e-05,1.7863925794897455e-07,0.0033891803478540657,3.4116555373133654e-05,7.833581253595952e-06,1
0.0056700485419753765,0.9893442710460355,2.301963787889767e-05,1.9333425561972522e-07,0.004912324101913302,4.574592417637135e-05,4.3974137649924295e-06,1
0.006015090024457796,0.9900939627750478,2.185675668020247e-05,2.0615826970817787e-07,0.0038113451714598934,5.258099825552782e-05,4.958115828696682e-06,1
0.0056856005019027345,0.9941527324806618,2.1239392825972408e-05,1.488056285304565e-07,0.00011082540690110108,2.6637303424693705e-05,2.816108654680712e-06,1
0.00663319116402555,0.9932047900088652,2.2200552291393023e-05,1.2820049414222566e-07,0.00011036027705024349,2.6525507715427935e-05,2.804289558002643e-06,1
0.006059880982591706,0.9937616791269246,2.7464783717771374e-05,1.4050724858579806e-07,0.00011898902900164391,2.9071854452459226e-05,2.7737160633284355e-06,1
0.004932048695109672,0.9921747612322961,2.4785532305631872e-05,2.7723265216675266e-07,0.0028258913609174384,3.915546053521809e-05,3.080486183427101e-06,1
0.0050712360098100736,0.9920366060380795,2.8017148738230214e-05,2.768205599821364e-07,0.0028216908176722385,3.909725794203327e-05,3.0759071979753985e-06,1
0.00547598246103008,0.991964503018096,2.6722891087920756e-05,2.640327802238433e-07,0.0024949828963747463,3.4610885565753204e-05,2.933815065052915e-06,1
0.006045909995863553,0.9910868316346014,2.5816764567781436e-05,2.611350422551778e-07,0.0028040478192843123,3.423103395358599e-05,2.90161668688245e-06,1
0.005496239855990467,0.9904536875372062,2.4168812648517685e-05,2.7675175117661705e-07,0.003986273740748385,3.627815903000784e-05,3.075142625068693e-06,1
0.005324518856888067,0.9906453080927843,2.4140917368243357e-05,2.7643232846530084e-07,0.0039664478199652915,3.6236287324157166e-05,3.071593341673711e-06,1
0.003916022516592179,0.9927866190761366,2.4780291815713595e-05,2.892568590834017e-07,0.0032340505889326666,3.52502577815432e-05,2.988011882273825e-06,1
0.0014464709147892928,0.9917614764455664,2.152938609737642e-05,5.220486062834065e-07,0.006719914890749656,4.6684531617832935e-05,3.401782573302572e-06,1
0.5826599604733865,0.4170308052583615,1.035436955476909e-05,1.936976163702324e-07,1.2388019896873729e-05,6.723062019686754e-06,0.0002795751191642103,1
0.4325501416109372,0.5668969562326324,1.495991076210138e-05,2.2695334363091313e-07,1.4514905186999744e-05,7.877337023546348e-06,0.0005153230501142497,0
0.5838575302469138,0.41573302856769156,1.2298523155033693e-05,1.8657804823462946e-07,1.0689634739608819e-05,6.380249386722971e-06,0.0003798862000651546,0
0.6806504211193312,0.31911851468015373,1.1183081616947116e-05,2.6992675510359823e-07,1.4135924626475268e-05,7.274767866526815e-06,0.00019820049964992692,0
0.6716740132719857,0.3281681336102159,1.1035599299344509e-05,2.1309322786209782e-07,1.4640790150534716e-05,7.178828333782061e-06,0.00012478480678696318,0
0.8265576075568912,0.17342447534830324,5.214845353527164e-06,1.9269111237181128e-07,4.996592083488633e-06,3.8019717718316364e-06,3.7109944844514203e-06,0
0.3150990667495277,0.6848611781129073,7.325722255278726e-06,2.6529713518206016e-07,8.210652696910624e-06,5.355687000235664e-06,1.859777847749045e-05,0
0.49719752308431314,0.5027413698898835,9.86279113333566e-06,3.571757352235872e-07,1.1054193674847084e-05,7.210486613901199e-06,3.262237864602852e-05,0
0.23833734909561907,0.7615542797671941,6.050818435253953e-06,1.2954270455603046e-07,8.266483111944858e-06,4.423630668105764e-06,8.950066226703477e-05,1
0.06830660865203322,0.9316604097382388,5.12086715036911e-06,1.4818808952431494e-07,6.875814320430368e-06,3.4870313034178142e-06,1.7349708864087935e-05,1
0.038892169375100566,0.961095220379797,3.808652848577932e-06,8.618987077911381e-08,2.9986963612468034e-06,2.593484915125243e-06,3.123221106798959e-06,1
0.026588860765254154,0.973399208947654,2.564631579730442e-06,7.94712783266643e-08,2.5135067401383802e-06,2.174205431627056e-06,4.5984720624243624e-06,1
0.04651677689464484,0.953464543765179,4.82337833463486e-06,1.0915312366580738e-07,4.230440756489662e-06,3.3604627722082747e-06,6.155905189412266e-06,1
0.021870587260420727,0.9781218866001168,2.2452447275400215e-06,4.425869218770196e-08,1.921518142397418e-06,1.3317603276856504e-06,1.98335757269042e-06,1
0.018417263724519118,0.9815745962208485,3.1958073844786736e-06,4.048424152217773e-08,1.890250327111723e-06,1.3649321061179172e-06,1.6485805731984701e-06,1
0.14550315578082698,0.8543647756269062,7.767750309568601e-06,1.622568542267387e-07,9.854647697530763e-05,5.47051349968967e-06,2.0121594628244135e-05,1
0.1055176018841624,0.8943677907778484,8.976873276795566e-06,2.3715090540208046e-07,7.113148584989902e-05,1.589951137329271e-05,1.8362316583861985e-05,1
0.09317218933921714,0.9065873483527778,1.614314135303982e-05,1.728404907479758e-07,0.0001865996801882645,1.752800685412679e-05,2.001863911913113e-05,1
0.13157758018070265,0.8669645627399102,1.0890078057439002e-05,2.2526382972842934e-07,0.001416813972265194,2.4227328285704197e-05,5.700436949241721e-06,1
0.44845441400328623,0.5511261209659812,1.4135704321614304e-05,1.7745639184665238e-07,0.0003929100355758833,5.982968126861139e-06,6.258866316237918e-06,0
0.3582950795845017,0.6416133671000633,1.0343199242843607e-05,1.6586732836537286e-07,6.948789446504035e-05,5.70629878118559e-06,5.850055617488937e-06,1
0.48836352622766493,0.5115517056928813,1.240114827929421e-05,1.477665691389767e-07,5.132193657659273e-05,1.1014868333205383e-05,9.882359695362411e-06,1
0.6537179633394246,0.34580229729497675,1.024157246183185e-05,1.8797363849807377e-07,0.00044050527749615203,2.0457745930416404e-05,8.34679607153615e-06,0
0.3529465760864016,0.646964275206143,1.2292943108227126e-05,1.071857550378156e-07,6.250615025002573e-05,9.877708638092722e-06,4.36471970413507e-06,1
0.28346141898348315,0.7164645935103728,1.1503413333117312e-05,1.220101748070568e-07,4.6010202949887034e-05,1.1031904935491796e-05,5.319974750731304e-06,1
0.2889641770375567,0.7109628153467238,1.260007385288916e-05,1.248595196971198e-07,4.266584484109274e-05,1.217262358476715e-05,5.444213920908968e-06,1
0.04736972257841465,0.9525724520606345,9.786510178130035e-06,1.1780465201319478e-07,3.291488830802639e-05,1.085101900508322e-05,4.155138807465596e-06,1
0.05690872443585933,0.9429821134699452,1.0706834586063526e-05,1.3222222407041482e-07,7.886135807805836e-05,1.510622642660985e-05,4.3554528804746944e-06,1
0.0810271080995308,0.9188584832307601,1.3755891044478481e-05,1.6302936772221574e-07,7.926265158733122e-05,1.6575795437085143e-05,4.651302272390669e-06,1
0.05251268702662704,0.9464703794522842,6.616170204338844e-05,2.107687048458143e-07,0.0009224460943729123,2.2101561005162668e-05,6.013394962576869e-06,1
0.04285045571751258,0.9561911161908518,6.780289462271415e-05,2.129334076585116e-07,0.0008611489281568872,2.3188179832028174e-05,6.075155616270085e-06,1
0.14402400624912795,0.8557266535615029,3.292817347732922e-05,2.172219653518047e-07,0.00018637572941424945,2.36216226944264e-05,6.197441817817561e-06,1
0.1510013561114897,0.848750984838716,3.2659751278641925e-05,2.1545122645603654e-07,0.00018485644128532345,2.3780484174959104e-05,6.146921828905314e-06,1
0.13773333715012168,0.8620212664877742,3.133499184986868e-05,2.0671199751172288e-07,0.00018514118107157155,2.2815889547070072e-05,5.897587638289488e-06,1
0.1266395751114147,0.8730968844038293,3.163293571886214e-05,2.0394813042021528e-07,0.00020337404064766764,2.2510827010585986e-05,5.818733248660625e-06,1
0.05142533482546211,0.9459037971237065,3.676659918979102e-05,2.2045233031282946e-07,0.002583623879115861,4.3967443871758774e-05,6.289676323443175e-06,1
0.04881374504850037,0.9509588273578816,2.2970507976122268e-05,1.6328664622977755e-07,0.00016714390937177696,3.256584188292771e-05,4.584047740777227e-06,1
0.04098223978276962,0.9586326844084717,2.2287554997565807e-05,1.904995504327974e-07,0.0003273330221035625,3.0701375032714204e-05,4.5633570745112125e-06,1
0.06069050574481786,0.913209488545273,3.342013825603883e-05,2.56540769491523e-07,0.026019025268366025,4.134520483164653e-05,5.958557686001044e-06,1
0.08894929224020885,0.9034129577287132,2.439545459754858e-05,2.0506315615463968e-07,0.00757304376546533,3.328286797816433e-05,6.822879880591918e-06,1
0.030856977198188848,0.9685751301251596,3.258736126144528e-05,2.2210391944312932e-07,0.0004776442915651317,4.5789937210813004e-05,1.1648982694907675e-05,1
0.03510154878257402,0.9645209067162834,3.294971876177621e-05,2.376538962137658e-07,0.00027122010290031486,4.8995789956420957e-05,2.4141235627927585e-05,1
0.018867160474905952,0.980822198514953,3.884865231599073e-05,1.7031703787823587e-07,0.0001961355373558711,6.659725374606272e-05,8.889249685453703e-06,1
0.024811746685096243,0.9749359389440733,3.340890515233506e-05,1.4485374436776268e-07,0.00016858523587880673,4.2986541565997036e-05,7.188834489176378e-06,1
0.01848373224983856,0.9777869565350138,2.8964035989746454e-05,1.6375280424289864e-07,0.003638728026925098,5.727987793329602e-05,4.175521495601992e-06,1
0.01605928034876813,0.9811655406851502,2.9812521807283338e-05,1.6443696217480282e-07,0.0026985716779635016,4.303546640746569e-05,3.594862941148324e-06,1
0.005601746250134716,0.9908264454560128,2.801697415662933e-05,1.4462455168668323e-07,0.0034929916053786703,4.697875545786668e-05,3.6763343075089032e-06,1
0.0044805155633549825,0.9927219242100943,2.7803593888835497e-05,1.439986460125485e-07,0.002732944046779538,3.302049680048502e-05,3.6480904357187214e-06,1
0.004108371675682811,0.9923380511922492,3.519213009727932e-05,1.607104829925916e-07,0.003474296337655031,3.62779891972925e-05,7.649964635436481e-06,1
0.006974606664811656,0.9878652813404663,2.6387673374008686e-05,2.15194570943061e-07,0.005073475580454673,5.486048655277503e-05,5.173059770098975e-06,1
0.005473467683997332,0.9943490608507987,1.8905727788992452e-05,0.0,0.00012182101775246188,3.150421004374084e-05,5.240509618744797e-06,1
0.005547919655932857,0.9942759473071292,2.4227964741745343e-05,1.6370886862152527e-07,0.00012181206036852903,2.704907926521521e-05,2.8802236937708502e-06,1
0.00663320451174254,0.9932067885968935,2.2255121025621175e-05,1.2820075211517885e-07,0.0001085672316909026,2.6525561091693026e-05,2.5307768037000797e-06,1
0.006046070235228613,0.9937815894618947,2.652595858210473e-05,1.357043075515183e-07,0.00011492164247338125,2.8078095026538438e-05,2.6789024872881438e-06,1
0.004742442504419285,0.9921245469096888,2.7513656599615196e-05,1.560375525100533e-07,0.0030674748321630405,3.4785729297894075e-05,3.080330278910028e-06,1
0.006338099995991214,0.9918980990478785,3.096573537771959e-05,2.814442179746275e-07,0.0016966488329648718,3.277766033642301e-05,3.1272832334150984e-06,1
0.006612484070563353,0.9915153139394434,2.8566862168939575e-05,1.2120565005751745e-76,0.0018034605771547272,3.699915530280082e-05,3.1753953666134967e-06,1
0.006612484070563353,0.9915153139394434,2.8566862168939575e-05,1.2120565005751745e-76,0.0018034605771547272,3.699915530280082e-05,3.1753953666134967e-06,1
0.001484144504106832,0.9917357109705738,2.2037927364036978e-05,5.748123345784922e-07,0.00670606564498981,4.744577274537965e-05,4.0203678854157085e-06,1
0.7281475985334114,0.27169166670348655,7.910369155024414e-06,2.5364927661383977e-07,1.272321993358586e-05,5.5174503679962956e-06,0.0001343300743690178,0
0.5849479937168436,0.4148279005806487,7.7843359793342e-06,1.6429743945245327e-07,1.1647325087654537e-05,5.717886901516673e-06,0.00019879185709977527,0
0.34102849614488867,0.6587195991677531,8.38291047363968e-06,1.6258849967728377e-07,1.0767614463104957e-05,5.643293848948911e-06,0.0002269482800725646,1
0.21588748800740123,0.7837790053302881,8.229415767958018e-06,1.5425532343015436e-07,1.0215740073094026e-05,5.477954557955366e-06,0.0003094292965881513,1
0.3783962105974052,0.6212456505196987,9.582527015038642e-06,1.6722766461261948e-07,1.1074848612836332e-05,5.804314898997369e-06,0.0003315099647048873,1
0.25166591644504377,0.7478962579993078,1.0842039907371157e-05,1.892078165290921e-07,1.2530510004305103e-05,6.7191964459212285e-06,0.00040754460147425086,1
0.43499219362155056,0.564496670918915,1.4660244895931752e-05,2.2240718213431262e-07,1.4224153343328921e-05,7.719544035352124e-06,0.0004743091100778227,1
0.39937199946860275,0.6002574415237382,1.0308353701745161e-05,1.563856480927657e-07,8.96742243358923e-06,5.427998706535192e-06,0.0003456988471690811,0
0.3342392708766568,0.6653830797619261,1.081428433457978e-05,1.6406100462350158e-07,9.517027571160196e-06,5.694403110194519e-06,0.00035145958539673134,0
0.4507347714308305,0.54913493007857,1.0000399792003858e-05,1.657097072838808e-07,1.0111196216698507e-05,5.666632641276558e-06,0.00010435455224227112,1
0.6314041226086831,0.3684481403377029,9.945070554743052e-06,3.547227679376674e-07,1.1920922053515804e-05,7.2466257777956875e-06,0.00011826971245997397,0
0.29276017641693775,0.7071855336768323,8.879408900517469e-06,2.9475188546477844e-07,9.12224461696534e-06,5.9503048918916975e-06,3.0043195935128897e-05,0
0.3097848930892078,0.6901579751176704,8.691599544926155e-06,3.147616547647661e-07,9.74152482952684e-06,6.354252191375786e-06,3.202965490127131e-05,0
0.12797958253603015,0.8719198419683459,5.094682845083853e-06,9.515898548032283e-08,7.494110260260113e-06,3.4140691790838115e-06,8.447747435372574e-05,1
0.24810692421246214,0.7515580279679952,2.1180961026309907e-05,3.4471997446973423e-07,2.3945858055443025e-05,1.1622284204488138e-05,0.00027795399628186484,1
0.04757279159771149,0.9523936309520267,5.795112198817417e-06,1.3114347550815378e-07,6.555375519747589e-06,3.94615541679073e-06,1.7149663650842507e-05,1
0.03623896508376457,0.9637457642075828,4.163265698730846e-06,9.42147648680316e-08,4.764255904726012e-06,2.8349569300726125e-06,3.4140153541017154e-06,1
0.02142721745595695,0.9785652912169928,2.474305929246135e-06,4.1080124959371176e-08,1.9180727296003147e-06,1.3850224030914613e-06,1.6728458631362771e-06,1
0.019731140605553078,0.9802613751944548,2.055384106920215e-06,3.766620349749336e-08,2.086741355689275e-06,1.2699215432043033e-06,2.034486783009002e-06,1
0.020757112126711583,0.9792331163471797,2.063267219852933e-06,4.0671516857094573e-08,1.7548372573321323e-06,1.223820902510247e-06,4.688929212468143e-06,1
0.22021255430519684,0.7797393259721981,8.305819223700434e-06,2.4035450374958057e-07,2.799369221820539e-05,5.65580999918837e-06,5.92404666033388e-06,1
0.2385166177240762,0.761388304835226,9.037107856988304e-06,2.9168729335149433e-07,7.023626846108493e-05,6.863727887921684e-06,8.648649198462558e-06,0
0.19066493118858732,0.8092051126790842,8.792632379050397e-06,1.6113050565726556e-07,8.91893084473112e-05,5.432538493431699e-06,2.6380522503009885e-05,1
0.15529131049851905,0.8445993150313555,8.35769026499015e-06,1.531599184941825e-07,7.670633417635139e-05,5.1638089849995455e-06,1.8993476780514282e-05,1
0.11001480980952374,0.8898832567059028,8.97910011043976e-06,1.6454764384208485e-07,7.294600666429398e-05,5.5477478056018744e-06,1.4296082349176662e-05,1
0.11604242446852947,0.8838568055296115,8.622086219673577e-06,1.6996020760305218e-07,7.309623968675701e-05,5.327166343684029e-06,1.3554549401474895e-05,1
0.1256679573221437,0.874272664055528,6.954981969580001e-06,1.573913457229343e-07,4.24522166927739e-05,4.73596348635677e-06,5.078068833871492e-06,1
0.11601819340703196,0.8837685562202174,9.757615714907922e-06,1.7436832085656208e-07,0.00017194367443520815,2.0760633454425085e-05,1.0614080825226984e-05,1
0.20441731167531027,0.7941700690638374,1.0487277921463454e-05,2.201372593166964e-07,0.001372665178666706,2.3675961008966665e-05,5.570705995838491e-06,1
0.20985972713242002,0.7889894796854721,9.365661417102844e-06,1.9071576609161018e-07,0.001111456583792679,2.08359840951171e-05,8.944237037099358e-06,1
0.39838120118957343,0.6011697325084554,8.805854864978662e-06,1.6044722937917855e-07,0.00040612745637477363,1.6696461980750605e-05,1.727608152131763e-05,1
0.3934785788891105,0.6061090029019858,1.4196676457350393e-05,1.9482334510494527e-07,0.0003833727047982824,6.7204980824295566e-06,7.933506220429173e-06,0
0.2879237295092103,0.7120104343363467,7.204978154373031e-06,1.1554166649391302e-07,5.0465583662865454e-05,3.974955629827393e-06,4.0750953294299154e-06,1
0.7711040138628887,0.22872776877742057,1.1868719294498623e-05,1.6445311558242427e-07,0.00013566210781077083,1.2712057065702905e-05,7.810022404121532e-06,0
0.8932798010975764,0.10659101979154015,7.985917262185468e-06,7.282236813831752e-08,0.00010836701134218986,6.489774516097431e-06,6.263585394978986e-06,0
0.04596273133450187,0.9539597207089574,1.125148436092501e-05,1.1797621555149674e-07,5.1945758916893885e-05,1.0866821769939103e-05,3.3659152774101804e-06,1
0.04710590575625656,0.9528079220086547,1.1518187500481425e-05,1.2365367237142673e-07,5.9067418666976625e-05,1.1389773884314853e-05,4.073201364579912e-06,1
0.06071773252991283,0.937829701360477,6.449286204190539e-05,1.7896213791127548e-07,0.0013647918062584432,1.7996550284733703e-05,5.1059288872838695e-06,1
0.07815176678824992,0.9187330529503912,4.026144256807981e-05,2.631488421442349e-07,0.0030376016859566626,2.9546143001401036e-05,7.507840990509856e-06,1
0.11561797243521703,0.8841305966357473,3.231389334761875e-05,2.1120602459918827e-07,0.00018916624731231453,2.371377806859095e-05,6.025804282297638e-06,1
0.13569712376890825,0.8640656834624941,3.071324975315203e-05,2.026104629919376e-07,0.000176888205127833,2.360813426725453e-05,5.78056898638211e-06,1
0.049594325915356535,0.9482343516793481,3.218824683444197e-05,1.9690790092575403e-07,0.0020901380557454756,4.231289696847871e-05,6.486297846058193e-06,1
0.06338726376013093,0.9345291885691972,3.5433650551940495e-05,2.1074545387590584e-07,0.0019995865752492886,4.137458192383965e-05,6.942117493077479e-06,1
0.02752349465979558,0.9721589509436037,1.639756416758751e-05,1.4015573276025718e-07,0.00027507144817967414,2.2587841833125408e-05,3.357386687641805e-06,1
0.020986880555548027,0.9786454078685318,4.1261145325253835e-05,1.5656328889300273e-07,0.00025778882168936114,5.278713127927557e-05,1.571791433732776e-05,1
0.018778817026650383,0.9809431986263335,3.580370831367029e-05,1.462251596290264e-07,0.00018802360366433634,4.675391448131108e-05,7.256895396902209e-06,1
0.023203312945492535,0.9731803224821343,2.8246540684515688e-05,1.7282822592020885e-07,0.003527817689075312,5.61627465678815e-05,3.96476781978295e-06,1
0.01862213844382686,0.9789053709106258,3.0223349607370992e-05,1.611593472221499e-07,0.002396405259252324,4.2177668462733794e-05,3.523208877653036e-06,1
0.004161824480259163,0.9934134126051722,2.932190077328569e-05,1.5180847992587511e-07,0.002354039369528575,3.402361456512487e-05,7.226221221958796e-06,1
0.007735367720308614,0.992046373657767,2.4085491220980264e-05,1.7667046876139578e-07,0.00014284511420611397,4.3231394854759607e-05,7.919951173576194e-06,1
0.006132440795522525,0.9936914607583373,1.9412138705293443e-05,1.3901527773274489e-07,0.00012174045297325928,3.1483375135504525e-05,3.323464048383885e-06,1
0.005729889465414331,0.9901865850107209,2.9532920292307195e-05,3.469035917621269e-07,0.004003224866110697,4.5474052527298604e-05,4.946781342827497e-06,1
0.004846388467960202,0.9904442246752486,2.076195246191708e-05,4.710828709393649e-07,0.004638144567833369,4.66225254970261e-05,3.386728128138387e-06,1
0.0023268451707289767,0.9867093810638626,4.172712281760743e-05,9.46386516239036e-07,0.010808756471494528,0.00010649260608475402,5.851178495389421e-06,1
0.0022554945404698644,0.9894380208649989,3.688281564771032e-05,9.89360514477466e-07,0.007970949891044233,0.0002910244985287465,6.638028795726411e-06,1
0.0023498848982659044,0.9883215062721397,3.031697493297684e-05,8.098047107620615e-07,0.009221642713638845,7.119322012779409e-05,4.646116183940018e-06,1
0.785990088355944,0.21384469484643517,8.313999937163439e-06,1.8875361451930248e-07,1.2439835626823036e-05,5.20959529718355e-06,0.00013906461314502834,0
0.6937880665670518,0.3060365132919708,9.301880709729803e-06,2.1118157554231397e-07,1.3917953803693901e-05,5.828606491053686e-06,0.0001461605183973391,0
0.6116196150113444,0.38834371244259247,1.0398663683524895e-05,3.4449230639269843e-07,1.1030635490196537e-05,6.696702392586779e-06,8.202052190642775e-06,0
0.6433070109835713,0.35665676472664426,9.659444056874078e-06,3.569212304547877e-07,1.0667568683251854e-05,7.042382112248541e-06,8.497973701628812e-06,0
0.3684926175399779,0.6314594776320245,9.135189212338888e-06,3.0324251023708035e-07,8.621422161260359e-06,6.121709414167033e-06,2.372326469949049e-05,0
0.26457836244758504,0.7353687931666582,8.547797339817067e-06,2.837440431800668e-07,9.930830558767744e-06,5.728084030801671e-06,2.8353929784094092e-05,1
0.17840995080376146,0.821476780157267,6.226698142066872e-06,1.2219321051500046e-07,9.159267387769629e-06,4.172659782895483e-06,9.358822044826438e-05,1
0.33516439470241205,0.6639861540628222,2.6381860128303045e-05,3.8367258964161366e-07,2.760300765888939e-05,1.3199555745953777e-05,0.000781883138642791,1
0.2872716313443175,0.7124006854035142,1.4007714499130591e-05,2.9528856260477683e-07,1.9582902552913764e-05,9.955696945634407e-06,0.00028384164960802103,1
0.038118343822372634,0.9618449957260152,4.0591510547620905e-06,9.18586489218827e-08,4.461568965190595e-06,2.764060534598443e-06,2.5283812408916312e-05,1
0.059758820017089,0.9402041787120559,6.339172786243249e-06,1.434555747176551e-07,7.17081165518576e-06,4.316631010787152e-06,1.9031199828366962e-05,1
0.05786509252616016,0.9421014594297852,6.161945347258505e-06,1.3944491512962995e-07,6.654570806782178e-06,4.195948788535042e-06,1.6296134196759067e-05,1
0.03700357105038109,0.9629828493491492,4.1014257527530475e-06,9.281532596805343e-08,3.229207536018056e-06,2.792847298814026e-06,3.363304556294747e-06,1
0.024171325944625077,0.9758205924722555,2.3043339934009804e-06,4.5423471063367326e-08,2.007134239560359e-06,1.3668089524972133e-06,2.3578824629406864e-06,1
0.020808667778310586,0.979182389338338,2.7525175504600035e-06,5.425815079879101e-08,2.397513657456046e-06,1.6326477154129163e-06,2.105946277380892e-06,1
0.025063566771957608,0.9749277238427795,2.558318063265242e-06,5.789477593554757e-08,2.5399804058110114e-06,1.742075103444564e-06,1.8111169144083957e-06,1
0.025532476127778474,0.9744604041481008,1.941433748592705e-06,4.092624682277215e-08,1.8447288237049588e-06,1.3798343792783325e-06,1.912800922443465e-06,1
0.018024773345575142,0.9819672542168851,2.5182966040279365e-06,4.1810488329447197e-08,1.987272297979294e-06,1.4096467106112955e-06,2.0154114386247834e-06,1
0.10199219558968226,0.8979864244405676,6.083519005374698e-06,1.7604539085267172e-07,6.6388484875492595e-06,4.142544726072365e-06,4.33901214031136e-06,1
0.3195430168602464,0.6803776032228829,8.801852540901005e-06,1.9918605430272535e-07,5.8154177743049905e-05,5.993581640948671e-06,6.231118891686287e-06,0
0.15815414532439803,0.841735130420081,7.2793425633020175e-06,1.4349178861718502e-07,7.714349926163331e-05,4.317720700344634e-06,2.184020120707538e-05,1
0.16088431271944942,0.8389990500856324,8.615680574779961e-06,1.5788775280807387e-07,8.603834962581782e-05,5.3232086082801545e-06,1.6502068356681584e-05,1
0.09052377713683508,0.9092373158647001,8.412037103930144e-06,1.7185204311899073e-07,0.00020690113007772821,1.8936777224869475e-05,4.485202015033436e-06,1
0.1204046055083432,0.8782812238435734,1.1089809686803158e-05,2.2728222964943778e-07,0.001272055879830781,2.4865790419124223e-05,5.9318859171148225e-06,1
0.20013633212950885,0.7987068474332041,9.25952714608818e-06,1.868176350620858e-07,0.0011186471380413437,1.9965532978795757e-05,8.761421485746405e-06,1
0.3740061481232717,0.6254593375125971,9.13620830243478e-06,1.8374146965645849e-07,0.0004862896286848101,1.9120507560502738e-05,1.978427811383338e-05,1
0.2486412832404423,0.7512843214839784,7.649875527833139e-06,1.2929168944620655e-07,5.339678658360307e-05,4.720299176367038e-06,8.499022602013524e-06,1
0.5883710135313531,0.41156922183424643,7.52970734694541e-06,1.1537299409985214e-07,4.034261542624739e-05,4.06100238651716e-06,7.715936246400421e-06,0
0.7718903700235646,0.2276859722583387,1.5730275518885674e-05,1.9084990272086038e-07,0.0003790568773294943,2.2392972623965032e-05,6.286742721438576e-06,0
0.8646633534847132,0.13514588364237703,1.007898610306025e-05,9.048281907258073e-08,0.00016464302652660306,9.487717186051467e-06,6.462660274609525e-06,0
0.7547733150575493,0.24511873375845475,1.0123085034262547e-05,8.10749219113665e-08,8.679455509811802e-05,7.650973440985974e-06,3.3014955007479113e-06,0
0.04628520436170395,0.9536627542999768,7.067186870751461e-06,1.152657671012291e-07,2.918306348875696e-05,1.0649921921837661e-05,5.025900270792392e-06,1
0.04640791432728902,0.9535359109130033,7.436078144849803e-06,1.2144374527787087e-07,3.3931659261484905e-05,1.1220733073064104e-05,3.464845483183581e-06,1
0.048684747010979544,0.9512407242274055,7.591468177698415e-06,1.2020263171555585e-07,5.231718700690177e-05,1.1070467851778717e-05,3.429435946770939e-06,1
0.058636474996557386,0.9400581596049079,3.830960668296949e-05,2.377185825786863e-07,0.0012337025345231629,2.633324282552895e-05,6.78229592023787e-06,1
0.04962620758616805,0.947955322551922,3.679357724042042e-05,2.3971558921383544e-07,0.00234807996186412,2.6517335144299547e-05,6.8392720716490745e-06,1
0.0512793884738772,0.9460610746235051,3.129109766988325e-05,1.9141969401224397e-07,0.0025886168232018927,3.3132049966652486e-05,6.305512085230625e-06,1
0.06588149861063591,0.9312786611840618,3.6345151633050834e-05,2.1616670475056226e-07,0.0027587427807076203,3.741540858624573e-05,7.120697670439098e-06,1
0.05805124501528756,0.9392404102522895,3.2313060936033767e-05,2.0633849432919258e-07,0.0026333141001968277,3.571428394259873e-05,6.796948852910571e-06,1
0.02961034672997008,0.9662325265424894,2.5834398711887884e-05,1.6872680784804866e-07,0.004092735571457283,3.36512045175164e-05,4.736826046060918e-06,1
0.03450412305928745,0.9651803936530948,1.7504051806547734e-05,1.3874914718574752e-07,0.00027148094147183983,2.2361153050183314e-05,3.9983921421482505e-06,1
0.09452393279177018,0.8986942503633536,2.27681630461886e-05,1.7549317487129204e-07,0.00672141626756054,3.1095234837261324e-05,6.361686257436885e-06,1
0.06470345841814597,0.9299847882776624,2.3562136279017363e-05,1.688382587405664e-07,0.005250871581705872,3.167813980110824e-05,5.472608146862231e-06,1
0.0389081799538448,0.9607432256860626,2.6205201647661335e-05,1.3420605349742413e-07,0.00029211783193138,2.6308160498068753e-05,3.828959961770676e-06,1
0.038088341897143475,0.9614796663803994,4.945204577173475e-05,1.6341823183659155e-07,0.0003409577324344695,3.6477724124600393e-05,4.940801894434551e-06,1
0.025485916308443372,0.9741085231350536,3.7654914475699615e-05,1.8022212232801153e-07,0.00025833692597931884,9.371763001035608e-05,1.5670863915316544e-05,1
0.022269381409911037,0.9774261302096295,4.2502145965517255e-05,1.7278386575037329e-07,0.00018185042773968886,6.493893809802128e-05,1.5024084790258711e-05,1
0.018627691952952764,0.9811068500297668,3.4580069673523764e-05,1.4577060417487102e-07,0.000176889265099849,4.660857528739595e-05,7.234336615696118e-06,1
0.025524628678003865,0.9702085069379629,3.453825866024434e-05,1.8767731218954272e-07,0.0041454875947937436,6.899299832753927e-05,1.7657854939777044e-05,1
0.003842949498936963,0.9930986363734253,2.703475751875092e-05,1.5476716496998e-07,0.0029852331438665696,4.0393611471574876e-05,5.597847615912e-06,1
0.005015400521446364,0.9948144104288212,2.242507729788644e-05,1.2987579439837057e-07,0.00011819811514859156,2.6872138125609735e-05,2.5638433659906796e-06,1
0.004775857701979177,0.9950520745513073,2.61540299696833e-05,1.3380155577532787e-07,0.00011331029082740712,2.9828283587770887e-05,2.641340772719926e-06,1
0.004769486291334764,0.9950653311288138,2.6119138212989175e-05,1.3362305283200254e-07,0.00010650351153563727,2.9788490056343636e-05,2.637816993795804e-06,1
0.005162326550890307,0.9922480741249661,2.947464643513356e-05,1.5078782166169983e-07,0.002523256857903373,3.374033640392849e-05,2.976695579261241e-06,1
0.0034346735208023054,0.9932487024938278,2.1254349958075502e-05,2.519920114693063e-07,0.0032507807395785507,3.303251461827589e-05,1.1304389203500702e-05,1
0.00602954563122233,0.9873141218132568,2.8365999469512815e-05,3.9035096536782184e-07,0.006575553352305288,4.2813512331977656e-05,9.209340448469484e-06,1
0.006784274885586493,0.9833294938911434,2.984459070669199e-05,4.4177285414879234e-07,0.009801210290941517,4.5045187060554106e-05,9.689381707087635e-06,1
0.006379625671214864,0.9865409465506526,2.8064505084223626e-05,3.862020326120026e-07,0.007003193948841348,4.2663328779387614e-05,5.11979339512761e-06,1
0.0014648848429369484,0.9948721626895556,2.435599454408551e-05,4.86617363366997e-07,0.0035347271412456242,9.908463264390303e-05,4.298081710614971e-06,1
0.0026454590085266613,0.9891901370677993,3.464685772487298e-05,8.278895607570477e-07,0.00805574149419302,6.841012089796356e-05,4.777561297383547e-06,1
0.862335643441311,0.13731007846881196,6.841384722049919e-06,1.550096487908852e-07,8.944297500526172e-06,4.278262641039323e-06,0.00033405913536457154,0
0.9007784933301466,0.09902256397487749,8.786216995547016e-06,1.9907496303937753e-07,1.1688000993630383e-05,5.494464272263636e-06,0.00017277493775159016,0
0.8744057910117986,0.12553985364135706,9.5962161660713e-06,2.1742763461757466e-07,1.2859546341935077e-05,6.000997573827262e-06,2.5681159127862854e-05,0
0.32375937868673765,0.6759847788229219,7.853501213395372e-06,1.4720903693410196e-07,9.749091469184955e-06,5.109487167227848e-06,0.00023298320145361532,1
0.3668893561381006,0.6327421972103504,1.4703838312550533e-05,1.814625062728978e-07,1.2007377483534306e-05,6.363176873450835e-06,0.00033519079637321734,1
0.3665143498770005,0.6331275622789503,1.777204429195178e-05,1.9668862717800037e-07,1.2424051021764326e-05,6.897097088737674e-06,0.00032079796301955413,0
0.2508812361929953,0.749017407819979,6.221650909582568e-06,2.2989307511212886e-07,6.311937098277204e-06,4.536000500268782e-06,8.405650544239137e-05,1
0.6403098657528227,0.35963831990421524,9.68786433076898e-06,3.5797137361713796e-07,9.71538117830229e-06,6.958726536687244e-06,2.5094399542783644e-05,0
0.6455244543327057,0.3544232783469039,1.0648846863138323e-05,3.5278050410624084e-07,9.574500427320424e-06,6.960681796659113e-06,2.4730510798930553e-05,0
0.6135024634462609,0.3864746828723626,5.920310245176286e-06,1.965246365893184e-07,5.967534883853608e-06,3.877610708584836e-06,6.891700902249966e-06,0
0.15098700188839076,0.8489182544999813,5.543388836955875e-06,1.3240151129711192e-07,8.154141959931688e-06,3.714757827210108e-06,7.719892149258362e-05,1
0.18895905795707993,0.8106083735541973,1.23637410696706e-05,1.9283986924733823e-07,1.269081053904009e-05,6.762136275295202e-06,0.0004005589609694884,1
0.38217989917200995,0.6174594453590687,2.113972177825661e-05,3.949753601767815e-07,2.8076521702771394e-05,1.3316651861575427e-05,0.00029772759821870804,0
0.3745503969405135,0.6250891013105321,2.1900433107186576e-05,4.091885193794591e-07,2.9100057450642092e-05,1.3795850596581305e-05,0.00029529621928065165,0
0.27622492217069733,0.7234689933507991,1.3084415999664079e-05,2.758250386459229e-07,1.8292123493744162e-05,9.299481397293663e-06,0.00026513263257419654,0
0.33175093766569597,0.6678406896617612,1.8211752193580425e-05,3.3374178668588344e-07,2.387473675463072e-05,1.1252153002574404e-05,0.00035470028880524535,0
0.2860363013931711,0.7136459697637492,1.3262074116075586e-05,2.7957014708838033e-07,1.887383073528472e-05,9.425748274522994e-06,0.00027588761980678505,1
0.14986243322868395,0.849912918019494,9.018071677669678e-06,1.8418935875602276e-07,1.2215042235247476e-05,6.353675077578574e-06,0.00019687777347250412,1
0.12147385999376425,0.8783442258078281,9.887103472502509e-06,1.8473101472761407e-07,1.2018579562530177e-05,6.228233098039744e-06,0.0001535955512596466,1
0.053668471935697876,0.9462398761912392,4.454481890379482e-06,8.322770789080294e-08,5.310692152123462e-06,2.8060343073620134e-06,7.899743700527629e-05,1
0.05555275926319484,0.9444123969571897,3.6164335187310945e-06,7.608329084320669e-08,4.9420974620383545e-06,2.565159244841253e-06,2.364400609908407e-05,1
0.04264027907628419,0.9573285856226348,3.5680460650731566e-06,7.506530539131022e-08,4.601532867990228e-06,2.530837716893316e-06,2.0359819125465403e-05,1
0.0466763994936221,0.9532866160920762,4.9513989959168e-06,1.1205023314037316e-07,5.379663302573691e-06,3.3716327308410863e-06,2.3169669039114204e-05,1
0.03528589076348871,0.9646938754100925,3.743101995693586e-06,8.470645400048263e-08,4.114187294887031e-06,2.548848358608253e-06,9.742982315209282e-06,1
0.03163682558777898,0.9683459327606941,3.5065829463974653e-06,7.935402438662507e-08,2.9432620211688548e-06,2.387791782733062e-06,8.324660752154873e-06,1
0.02574510877908337,0.9742457663546428,2.7443716031777418e-06,6.210517031923169e-08,2.1991467408116477e-06,1.8687674191668764e-06,2.250475340419842e-06,1
0.02521214783239978,0.9747791051627049,2.3868370206031114e-06,5.4014157382025336e-08,2.2523971176234982e-06,1.6253058637538815e-06,2.4284507358060804e-06,1
0.025268942814794578,0.974719938236462,2.968799618210096e-06,6.718397964733153e-08,2.6877812826538103e-06,2.021590659997354e-06,3.373593203022501e-06,1
0.03215174492516975,0.9678379751770514,2.977007861089252e-06,6.736973230613377e-08,2.6729984807942226e-06,2.027180025826462e-06,2.5353416786010663e-06,1
0.014666449738762797,0.9853266963525048,1.699311431350302e-06,3.349715095582409e-08,1.4075983268374157e-06,1.0079415935805646e-06,2.7055602299428396e-06,1
0.5091150401187958,0.49085115953945596,8.808808347736742e-06,1.993434643151817e-07,9.088361734236818e-06,5.998318166123902e-06,9.7055100356973e-06,0
0.5988075329100709,0.4011567448990152,8.15741456536156e-06,1.8460241330282758e-07,1.5869413656346783e-05,5.5547545189337455e-06,5.956005759686164e-06,0
0.5867807454315743,0.4131349819552381,1.1546087540352826e-05,2.3390673601534874e-07,5.6395225614186646e-05,7.8622560404268e-06,8.235137256319454e-06,0
0.2973050701084504,0.702592194622533,9.858078424466227e-06,2.23088461804116e-07,7.754574539304606e-05,6.7128138747328636e-06,8.395542862732751e-06,1
0.20048266002593962,0.7993922556549969,8.241578595687208e-06,2.0802402729778153e-07,0.00010133651059095639,6.259519499258081e-06,9.038686350051714e-06,1
0.20310368248193583,0.7967597904072755,9.834788281928728e-06,1.938652218896453e-07,0.00010567410196568349,5.833475836467334e-06,1.4990879482516052e-05,1
0.22218503807209225,0.7776580739344722,1.2983808678282393e-05,2.559393123910016e-07,0.0001248263221471966,7.70130805248219e-06,1.1120615245269982e-05,1
0.05469404401469243,0.9451703751656604,5.746087600782071e-06,1.33301704963006e-07,9.418781698134947e-05,1.479171003496115e-05,2.0721903325129067e-05,1
0.1635808336754406,0.8351596800265696,1.1295570521417799e-05,2.3149923450222582e-07,0.0012167738491811195,2.532715142841911e-05,5.858227624330921e-06,1
0.4751943619394726,0.5246883286704705,9.509357357142125e-06,1.3660510762307748e-07,9.312462952706164e-05,5.680375746667641e-06,8.858422318242142e-06,1
0.7543298954567583,0.24542838332710934,1.0551431229192996e-05,1.790619478374931e-07,0.0002150922936837669,6.069265177900684e-06,9.829164093815367e-06,0
0.567471094042743,0.4323786459108106,1.7518598919574915e-05,1.084495358231008e-07,0.00011918747321852084,8.71677751599705e-06,4.728747256507708e-06,0
0.0450336257328105,0.954910450840977,9.082882815372597e-06,1.153087075297216e-07,3.1846874974447056e-05,9.850587125077218e-06,5.02777259001271e-06,1
0.05164136696506134,0.9483031674288105,7.243819388982836e-06,1.2112591079658913e-07,3.345351639043139e-05,1.1191366917831342e-05,3.4557775203638474e-06,1
0.04844669138628528,0.9514684470606581,1.1795265732742491e-05,1.2951541891869227e-07,5.6370499506871924e-05,1.2871138381641775e-05,3.6951340162993996e-06,1
0.05146192092876391,0.9477299337638034,1.739307223358872e-05,1.4647395418171764e-07,0.0007714186089988453,1.4362187432452848e-05,4.8249648137315516e-06,1
0.06986121661359317,0.9272042392136045,3.790683736007503e-05,2.4775913937475474e-07,0.0028599539840020336,2.936683149164716e-05,7.068760809335676e-06,1
0.0825580434419487,0.9147942292501126,3.6210800184801836e-05,2.3667383814263832e-07,0.002576474451976712,2.805289338975011e-05,6.752488549482771e-06,1
0.07784181597047224,0.9193978778449825,3.7764250063923974e-05,2.4682718861757104e-07,0.002685996568171436,2.925636759145041e-05,7.042171529903906e-06,1
0.019763997800322654,0.979890964361392,1.7719842858601287e-05,1.206906400839444e-07,0.0003003003509788086,2.199459303210163e-05,4.9023607758618285e-06,1
0.0442964316765943,0.9553873761505047,1.4688382391222239e-05,1.3808823191642747e-07,0.0002752527185285811,2.2254638323496857e-05,3.85834542558297e-06,1
0.057476228135491816,0.9389656636293614,2.1942825485866455e-05,2.3611595976083946e-07,0.003491278410275634,3.805345536182036e-05,6.597428063698815e-06,1
0.11248027444067525,0.8807028427793675,2.1604582478427475e-05,1.803737045514926e-07,0.006755920708096488,3.263850858794924e-05,6.538607089932598e-06,1
0.024047653673420828,0.9756353435543923,4.2753017555127994e-05,1.801514424299581e-07,0.00017893287505216034,8.57341975807751e-05,9.402530556569607e-06,1
0.021832111942910647,0.9778800911641955,3.881412622772534e-05,1.6355385482596153e-07,0.00016244755565169054,7.78353940196628e-05,8.5362631400731e-06,1
0.019579213749078138,0.9766487191368305,4.12637941240786e-05,1.7890882244672292e-07,0.0036735446817773294,4.735082661556775e-05,9.728902751987273e-06,1
0.02181295442932042,0.9747279125040832,3.8410151975166026e-05,1.7855695667750717e-07,0.0033636878601033798,4.714672895699998e-05,9.709768604192673e-06,1
0.012738667949449627,0.985354833946914,3.548518357209119e-05,1.563465982008359e-07,0.0018235212945963714,4.4250660470861784e-05,3.084618398960436e-06,1
0.004141413354974425,0.9924236385488787,2.780184247232647e-05,1.4407419350517104e-07,0.003366151558026176,3.769112337606621e-05,3.1594980789396907e-06,1
0.0041349375643307896,0.9929318054021312,2.857410277061242e-05,1.5028822689848544e-07,0.0028595479544695247,3.922462653668717e-05,5.760061534233092e-06,1
0.00734552209388905,0.9924770469646115,2.5600459269964018e-05,1.336809785189275e-07,0.0001213983855399784,2.7659455221567883e-05,2.6389604893088136e-06,1
0.006937034548157532,0.9928903033779675,2.7493988898761817e-05,1.2750333537921993e-07,0.00011614231127606674,2.638126107838711e-05,2.5170092862030573e-06,1
0.0058343897198018515,0.9939942944815139,2.4855574186529837e-05,1.2715877819601057e-07,0.00011547544423491954,2.8347414009699067e-05,2.5102074748842667e-06,1
0.004366811954545695,0.9908277124136151,2.525489772115272e-05,3.2207765629944764e-07,0.004733050073020185,3.9249978465705855e-05,7.598604975683419e-06,1
0.004121250519035101,0.9913855192661911,2.204167592057922e-05,3.2627065243932434e-07,0.00442700619395063,3.669999650186999e-05,7.1560777481369815e-06,1
0.010358018817787688,0.9774312912442867,4.2073430617333026e-05,5.607718667594748e-07,0.012089277908282367,7.074186383509194e-05,8.03596332415111e-06,1
0.004835085947791368,0.9895999087397077,3.1633547672955916e-05,7.414426838608482e-07,0.005458436467715134,6.898744603693222e-05,5.206408392229995e-06,1
0.0019736950824456537,0.989704427891909,2.8490518512793577e-05,6.295495326740252e-07,0.008204668386466836,8.26847299715927e-05,5.403841161614801e-06,1
0.0013690930287226877,0.9950432911323474,2.261118709496346e-05,5.190470561314119e-07,0.003490387742098706,7.066621981771776e-05,3.4316428624232646e-06,1
0.0014061922327646779,0.993283130859579,1.7254786534254388e-05,5.441917912288659e-07,0.005166763319646958,0.0001229744880893272,3.140121594435998e-06,1
0.002755080353803858,0.9890385062078936,3.599413807228445e-05,8.621952774960424e-07,0.008094827129158785,7.009490882022666e-05,4.635066973954112e-06,1
0.006650531576102895,0.9818794726331163,9.463856895446592e-05,1.935749515509982e-06,0.011089866710517243,0.0002697355431990002,1.3819218594433498e-05,1
0.006971010487368381,0.9780685935330198,8.487290022810567e-05,2.2224474428943957e-06,0.014612697265450187,0.00024827219462569686,1.2331171865072667e-05,1
0.8392827779141107,0.1604601993831508,8.149546265415868e-06,1.8464950528738389e-07,1.606277665049178e-05,5.096321979434479e-06,0.00022752940833815381,0
0.8128938733256356,0.18683821681620158,7.8933065277533e-06,1.7884371693384693e-07,1.671778093659399e-05,5.050307483830159e-06,0.00023806961949776265,0
0.7276972352353239,0.27222774299426084,6.515995401464766e-06,1.375276404804135e-07,9.749568481114485e-06,4.677990488498332e-06,5.3940688403660975e-05,0
0.5634382470431835,0.4363635767120392,8.983301160971863e-06,9.601104134773294e-204,1.221749411420682e-05,6.598571821291538e-06,0.00017037687768083849,0
0.578478432572996,0.42132424008718466,9.539421803764954e-06,1.7881057868115926e-07,1.2452306071784249e-05,6.082225968477043e-06,0.00016907457539654978,0
0.2788297524270491,0.7210511449742083,6.37084673151368e-06,1.194175930349711e-07,8.032022905288677e-06,4.144872297660377e-06,0.00010043543921511432,1
0.4358875443891856,0.5639382064690964,1.8811722474628998e-05,1.8789757523790238e-07,1.1868754666271872e-05,6.588829449612206e-06,0.0001367919375522464,1
0.4679291985323077,0.5319544524614058,1.5067663778755002e-05,1.674762805828038e-07,9.310249553984837e-06,5.785949851253161e-06,8.601766682200819e-05,1
0.28325724364700056,0.7166529926687313,1.4496559328887614e-05,1.4541964303243098e-07,8.543668686028896e-06,5.0992953227365555e-06,6.147874128745157e-05,1
0.7124553094778889,0.2875197386423358,6.338652568916729e-06,2.3421634423288974e-07,5.544239409630374e-06,4.621302551602878e-06,8.213468900820896e-06,0
0.5387951695745329,0.4611822700095296,5.844339010856032e-06,1.940027722616517e-07,5.890957648506032e-06,3.827852020349765e-06,6.803264485503643e-06,0
0.2563062651396654,0.7436459040117589,7.352267403318195e-06,2.6625845359988303e-07,9.949990286757193e-06,5.375093619722482e-06,2.488723881238045e-05,1
0.22798076734478653,0.7718920844167743,6.908414573809846e-06,1.308992884586739e-07,8.494495802972739e-06,4.590123558740938e-06,0.00010702430521501029,1
0.6384907922321588,0.3612113890129996,1.3699489521071868e-05,2.882127488965675e-07,2.0617746364827885e-05,9.717134854704449e-06,0.0002534961713521238,0
0.3201577671892301,0.6794763688668777,1.5239222457725901e-05,3.212492726801088e-07,2.168759597383244e-05,1.0830966071277479e-05,0.00031778491011674693,1
0.22003845191800822,0.779689337592609,1.1362127688423376e-05,2.395184705866695e-07,1.61699348764801e-05,8.07540016114446e-06,0.00023636350818611487,1
0.18745490648347912,0.8122924207876752,1.0970978939842337e-05,2.053934827659989e-07,1.3621254147230771e-05,6.924871220845551e-06,0.00022095023105500453,1
0.10585925931801825,0.893967009738994,8.649198938659853e-06,1.6160195966020641e-07,1.0513805775932081e-05,5.448433633885777e-06,0.00014895790267935356,1
0.04782544674607634,0.9520843045043225,4.386287015125406e-06,8.195355226575616e-08,5.22938932101104e-06,2.763075964672936e-06,7.778804374820602e-05,1
0.03538695185106064,0.9645819324115538,3.210483701933552e-06,6.754283300838647e-08,4.3873399782027325e-06,2.2772164636159536e-06,2.1173154409028158e-05,1
0.028556556311730798,0.9714341930891836,2.6082442976115133e-06,5.4872793446218394e-08,2.5985913079152546e-06,1.8500442322993916e-06,2.1388464546013666e-06,1
0.020764802870234675,0.9792289437285373,1.5944437071934195e-06,3.9309078440369124e-08,1.5964581615141562e-06,1.2614245857349502e-06,1.7617656952283507e-06,1
0.025298459263198673,0.9746928379892423,2.2119431191842265e-06,7.139404682255557e-08,2.295362801269051e-06,1.6799816837309326e-06,2.4440659081245537e-06,1
0.04385634296407206,0.9561312162891118,3.781880603947469e-06,8.558401448374994e-08,3.3207109212348123e-06,2.5752544763444876e-06,2.677316799827544e-06,1
0.046453584759646636,0.9535338479398772,3.820351834083837e-06,8.645461899563275e-08,3.354490896714164e-06,2.60145128634313e-06,2.704551840152885e-06,1
0.048770046916840025,0.9512193180153501,3.2551815628362485e-06,7.36648073263403e-08,2.6616075150661066e-06,2.2678951763210714e-06,2.376718748536176e-06,1
0.5402726943993897,0.4596626424969039,1.038585151012103e-05,2.3503197460556918e-07,3.961753815640456e-05,7.072198568133275e-06,7.35248349710923e-06,0
0.5217551165753421,0.4781800897275902,9.422489997763319e-06,2.1323108920991408e-07,4.186209372253347e-05,6.416201907517491e-06,6.879680350630332e-06,0
0.5523870194548683,0.44754117802546034,9.955075010061642e-06,2.2528349598309234e-07,4.779577516171191e-05,6.778863260581797e-06,7.0475227430928194e-06,0
0.45534519876281154,0.5445842924396624,1.0256122803292669e-05,2.3209621203480804e-07,4.577607380962098e-05,6.983860392512036e-06,7.260644308466181e-06,1
0.31874520087618885,0.6811767640416196,1.1679798887335585e-05,2.643140230544681e-07,4.8190668571954456e-05,7.953306176831416e-06,9.946994532256788e-06,1
0.3598104369753861,0.640110511059081,1.1977666810499828e-05,2.710547785991366e-07,5.01677244146028e-05,8.156137990635238e-06,8.479381538649288e-06,1
0.2733244361764183,0.7266075557449778,1.0380906651377034e-05,2.3492007237842739e-07,4.281085887696596e-05,7.232410133210632e-06,7.348982870099958e-06,1
0.22960545841727276,0.7703331169250444,8.012628818589186e-06,2.2500713860316027e-07,3.9700825521812234e-05,6.102431335836911e-06,7.3837648682031265e-06,1
0.13713079330429043,0.8628171375571533,6.790195208737995e-06,1.5366221886686383e-07,3.2592919381241015e-05,4.816328552358545e-06,7.716033194993944e-06,1
0.10786050789444618,0.8920287330314773,8.690364544310755e-06,1.8282972152914934e-07,8.369007965288957e-05,6.164130720617001e-06,1.2031669437207766e-05,1
0.053150761350843116,0.9467147112356379,4.7000984814148174e-06,1.630762038085166e-07,0.00010394289805676552,5.498137990312529e-06,2.0223202786629342e-05,1
0.06477897490116298,0.9349773439455338,1.0611317698242526e-05,1.840385348498922e-07,0.00019576022533155377,1.8663616877691267e-05,1.846195486078178e-05,1
0.47432235318889815,0.5249959536978525,1.4850416259626323e-05,2.4952726425577516e-07,0.0006072089469674314,2.458095153011754e-05,3.480327122798553e-05,1
0.6721701868734279,0.3274218680837449,1.1315633380015364e-05,1.552863132225822e-07,0.0003647189514052979,5.3566546128122555e-06,2.639851711577214e-05,0
0.4107355331831137,0.5888653334964227,1.3829052159918333e-05,1.6064443312817663e-07,0.00037102150718770766,6.680065027044427e-06,7.442051655909386e-06,0
0.32283547254091943,0.6769093200270029,1.098249237626203e-05,3.701938720570851e-08,0.00023274554510377667,5.3050463895917e-06,6.137328820914209e-06,1
0.29527868357175857,0.704652832709548,7.734722202622645e-06,3.2241522307669695e-08,5.1571379559291316e-05,4.515805136291783e-06,4.629570272792546e-06,1
0.29108925000473934,0.7088431601767767,7.6249814504787075e-06,1.0953541575386242e-07,5.083968140211404e-05,4.451734593199223e-06,4.563885622390078e-06,1
0.35517408150731516,0.6447605958342062,8.452210975180312e-06,1.6334470254483614e-07,4.3965317045056925e-05,5.619513416117148e-06,7.122272339814591e-06,0
0.7605903660437348,0.2392037212895786,8.999434850731237e-06,1.2886622752548602e-07,0.00017573493755958057,1.039468841309118e-05,1.0654739635730346e-05,0
0.7527501749987762,0.2470703754340625,9.547272608111098e-06,1.5697229023577528e-07,0.00015021735154886027,1.2683475888253297e-05,6.844494825786433e-06,0
0.8102864416727256,0.18952189674611994,6.7966236647077085e-06,1.1076100986558878e-07,0.00016651774308945738,1.0719972389547592e-05,7.516481001062609e-06,0
0.8361047130041673,0.1637188557226498,5.265752139864756e-06,8.581319983065252e-08,0.00015803825286065705,9.299724506883354e-06,3.741730475760224e-06,0
0.8005312034961332,0.19923063541772718,9.83182636444693e-06,9.476230246200886e-08,0.00021355016841048907,7.91785606807719e-06,6.766472994508718e-06,0
0.04422806226529975,0.9557241451131563,9.192435544797872e-06,1.1551491995144287e-07,2.4675737600530425e-05,8.772169467372854e-06,5.036764011249333e-06,1
0.04396212360777355,0.9559866459652693,9.166909408844353e-06,1.1308323679029882e-07,2.825736185265267e-05,8.762336432729823e-06,4.930736025964318e-06,1
0.049230575051071736,0.9500624814563662,9.805772099401024e-06,1.2899603944637015e-07,0.000678561713230323,1.4197782346129284e-05,4.2492288469750964e-06,1
0.05973290176704777,0.9399068757986063,1.851781878089289e-05,2.4251457052791813e-07,0.0003101555471059102,2.438742470460449e-05,6.9191291839597655e-06,1
0.06719638075804711,0.9319067740173463,4.8115709973774225e-05,2.4045038598196146e-07,0.0008150513315437227,2.657749630858267e-05,6.860236394541312e-06,1
0.07261474469996299,0.9248499553399787,3.327585786221249e-05,2.13195410063295e-07,0.0024695180849211443,2.527000092881074e-05,7.0228209359890526e-06,1
0.03960423628876473,0.9600378085967375,4.3349080251114586e-05,1.7919584067141233e-07,0.00025412443721476905,5.091832248425772e-05,9.384078706915956e-06,1
0.02582419767294585,0.9738437072524316,4.1376778973583545e-05,1.8450940402610745e-07,0.00018630569210954727,9.459811123915771e-05,9.629982896220356e-06,1
0.021148255066834792,0.978560788001991,4.017231188885587e-05,1.6927693871413033e-07,0.0001781594802150281,6.362089768532513e-05,8.834964446099225e-06,1
0.021220340846046758,0.9784887236497798,4.0169353471076825e-05,1.6926447261791812e-07,0.00017814635997999578,6.361621243854741e-05,8.834313811005909e-06,1
0.020227467254976643,0.979529007496711,3.627134531718236e-05,1.5283915736099308e-07,0.00015180533376958546,5.074285677790243e-05,4.5528732904515375e-06,1
0.015031723081022078,0.9812692990683913,4.1513369345566684e-05,1.7499562458610492e-07,0.0035998265962027937,4.990178628762665e-05,7.561103125777653e-06,1
0.016900694520733492,0.9798390147290894,3.650666002021288e-05,1.783382697682752e-07,0.0031672875833972285,5.2799668474501455e-05,3.5185000153271665e-06,1
0.00642374434361275,0.9888500056248148,2.6803962421771517e-05,1.7462199587787738e-07,0.004639096330934994,5.541063056032212e-05,4.76448565981481e-06,1
0.008013323174745228,0.9918036126068499,2.1436066033253223e-05,1.5308401859367084e-07,0.00010650857820676489,4.8924481848338805e-05,6.0420082983197305e-06,1
0.0037556084757732265,0.9939115558920543,2.134948077430748e-05,2.965384598258962e-07,0.002266833240516472,3.587940814602617e-05,8.476964275765467e-06,1
0.005491661405794912,0.989689936984572,4.139982482017503e-05,4.041815803201461e-07,0.004706709410084994,6.365795744029495e-05,6.230235707361673e-06,1
0.0054848487335415206,0.9889795302593073,4.103379312549627e-05,5.12571623090097e-07,0.005425065787590816,6.357898665744527e-05,5.429868154380681e-06,1
0.00609559239942013,0.9874647928390694,3.034764630908854e-05,5.369626658509165e-07,0.0062978662855049175,0.00010625476035124608,4.609106679264345e-06,1
0.006142266298160129,0.9879200709529756,3.467454026178539e-05,6.186080790676458e-07,0.0056979901779166935,0.00019903887123078583,5.340551375854557e-06,1
0.008544733396980853,0.9839382409223898,3.6186099092622165e-05,9.438372200401226e-07,0.007384400665459857,8.78192215022062e-05,7.675857354795606e-06,1
0.7764031297820616,0.2231465946204557,9.742258394534874e-06,2.4129842073304604e-07,0.00011830960701104357,6.659830706130097e-06,0.00031532260295028577,0
0.7296116328827918,0.27003198067250955,8.89877774233956e-06,2.204069045105054e-07,1.8462163052373294e-05,6.223996338372798e-06,0.00032258110066102797,0
0.7758432329180338,0.22380197378465738,7.753118024043113e-06,1.756673759433165e-07,1.0719416840593733e-05,4.848415421943032e-06,0.0003312966796461285,0
0.8714235638903216,0.1285200469945266,9.186523246325308e-06,2.32158266492963e-07,1.4775815565289548e-05,6.40756266524551e-06,2.5787055408410765e-05,0
0.3437971305564684,0.6559699281969041,9.517575591273055e-06,1.784010849007158e-07,1.1999250393794762e-05,6.0682970738684975e-06,0.00020517772248388724,1
0.42803229394675374,0.5717429197332524,2.116926008983859e-05,2.271126764089056e-07,1.439662356523136e-05,7.963948916363619e-06,0.00018102937474606863,0
0.5497680199241983,0.45003588768904645,2.119450407454773e-05,2.116975693931452e-07,1.3253833326041757e-05,7.313701473895116e-06,0.00015411865031107652,1
0.5599427467943998,0.4399773760822142,1.7511477736619272e-05,1.7566325799495365e-07,1.112426342124262e-05,6.06879253545417e-06,4.499692643481369e-05,1
0.14230267315032932,0.8576649938823274,5.326565753023425e-06,1.76815294390179e-07,6.188403848440189e-06,3.5694594777982334e-06,1.7071722969763035e-05,1
0.18139751832394263,0.818476371026899,5.8901040522658265e-06,1.1001594074261363e-07,6.993986035366586e-06,3.857826634398756e-06,0.00010925871649562298,1
0.06703734665030243,0.9328885336491836,3.691845426217589e-06,6.895665068690916e-08,4.875298229861815e-06,2.4180387118741286e-06,6.306556149518574e-05,1
0.06937355988483557,0.9305462711906918,3.9931526313132454e-06,7.458449619302976e-08,5.273192050988682e-06,2.6153851340493224e-06,6.821261016005112e-05,1
0.13993084574333944,0.859636595213559,1.5352190571178204e-05,1.9448036636897182e-07,1.3991729373737094e-05,6.690742332619144e-06,0.0003963299004576028,1
0.21256836552681027,0.7868847988464198,2.1528613125403317e-05,2.7272281103028085e-07,1.96208174492072e-05,9.38253095106424e-06,0.0004960309424332176,1
0.2790791820219687,0.7203324522677852,1.8516502438257547e-05,3.4596303094619895e-07,2.5618237736040768e-05,1.1664194034848056e-05,0.0005322208130057769,1
0.355478696846324,0.6437739904500367,2.1695500120531124e-05,4.0535954371623175e-07,2.8540141054460322e-05,1.3666756123774643e-05,0.0006830049467969264,0
0.6214481204420309,0.3782920186362014,1.3745217138778866e-05,2.8917477615893774e-07,2.0087429380232774e-05,9.74956974413298e-06,0.00021598953072859276,0
0.5670502083075794,0.4326264248579846,1.5312124353504692e-05,3.018355149392062e-07,2.4540484832914693e-05,9.082341669243869e-06,0.00027413004806570325,0
0.38092016139889784,0.6186951193996701,1.8736456495362424e-05,3.693366030637899e-07,2.3180114363512507e-05,1.1576342186679444e-05,0.00033085695178356855,1
0.2930475950078021,0.7067229082967714,1.026448921819297e-05,1.6705448146782173e-07,1.0995036717103173e-05,5.632266201687381e-06,0.00020243784880801647,1
0.09179817609337071,0.9080146580618805,8.857946779866912e-06,1.4416301432296063e-07,9.488387391957173e-06,4.860477048985882e-06,0.00016381487051381893,1
0.030278537175101948,0.9696987943806671,3.002502088225813e-06,5.6211425096560055e-08,3.384924954645422e-06,1.8951763935828318e-06,1.4329629369164804e-05,1
0.03591101926828985,0.9640369195435292,3.647036387535356e-06,6.81413656175092e-08,4.34804495751193e-06,2.2973960778073815e-06,4.170056939263614e-05,1
0.0370745316862403,0.962897717697789,3.939286113200194e-06,7.36017705304426e-08,4.642439238303501e-06,2.481494425654253e-06,1.661379442294243e-05,1
0.03369827261082987,0.9662804445889092,2.7466896066164364e-06,5.77854350463868e-08,3.479708275809707e-06,1.9482443685550423e-06,1.3050372574633062e-05,1
0.017273681083493215,0.9827208312301091,1.7193045096219375e-06,4.546170262791782e-08,1.089643100817039e-06,1.2079997273858486e-06,1.4252773572161156e-06,1
0.027994141944310953,0.9719956142631292,2.9254617455623695e-06,6.62032429428183e-08,2.690471069695224e-06,1.992079931812331e-06,2.5695765700344855e-06,1
0.2763467004089978,0.7236295871713383,7.60192902391837e-06,1.7203176721348104e-07,5.211532841519422e-06,5.176499154220997e-06,5.550426877094288e-06,1
0.29925492652046753,0.7007205726464971,7.410850182121213e-06,1.677076501731819e-07,6.419329249114511e-06,5.2565630636760044e-06,5.246382890271101e-06,0
0.4380322883793748,0.5619112691521735,7.807052490868926e-06,1.7667371433051308e-07,3.72209558754984e-05,5.537591875583555e-06,5.700194495353143e-06,0
0.5231100936061971,0.4768165308708063,1.032529285717911e-05,2.9879420366805255e-07,4.686110247201175e-05,7.030961427566955e-06,8.859372036288676e-06,0
0.2788552647277707,0.7210742548016025,1.005755606550628e-05,2.6307550300046517e-07,4.580934460798378e-05,7.007130768664855e-06,7.3433636815376005e-06,1
0.22887886186237222,0.7710776054171531,6.2007776338437715e-06,1.3045326721098429e-07,2.8275840045295464e-05,4.398250926022882e-06,4.527398602313123e-06,1
0.16459845829553854,0.8353136326495666,7.5798755080694895e-06,1.594670190530973e-07,6.925893371247778e-05,5.376453800011359e-06,5.5343248552631305e-06,1
0.13315520253941765,0.8664548139142559,1.128060437912041e-05,2.3460867332080114e-07,0.00034327126336097775,2.5667339282537934e-05,9.529730630556701e-06,1
0.19792275982503119,0.8017336719958555,1.0587157794963565e-05,2.2223382639328863e-07,0.0003032335779117986,2.3901448691116238e-05,5.6237608890469495e-06,1
0.22727460356833673,0.7724541495862047,9.98122423067551e-06,1.8661603941866127e-07,0.00021857588172546238,2.0888980094164905e-05,2.161414336881869e-05,1
0.3031313076979849,0.6966133390197036,1.049174612126349e-05,1.762657390777215e-07,0.00020679487556593036,1.747503848122168e-05,2.041535640400952e-05,1
0.34179879915586014,0.657580151261454,1.2859842440933372e-05,2.1636771716552837e-07,0.0005615989444183704,2.131440179168693e-05,2.5060026318038397e-05,1
0.15651833829873218,0.8434185208345044,8.450817861694397e-06,2.848603080746594e-08,4.5856873962721226e-05,4.082131746631614e-06,4.7225571615216895e-06,1
0.336081215088254,0.6638571131598409,8.86147833122547e-06,1.4496389851706001e-07,3.930654961738542e-05,5.891617769028841e-06,7.467142289004103e-06,0
0.3487577980148479,0.651178204048259,9.195722733693777e-06,1.504317640162707e-07,4.0789145827507505e-05,6.113842570261118e-06,7.74879399758407e-06,0
0.6809021835107462,0.3188217905894838,1.0829902673595297e-05,1.717588722478509e-07,0.00023859101859038226,1.4777292141178534e-05,1.1655927492730509e-05,0
0.7843643086660912,0.2155337355839869,5.845400772153066e-06,9.562018271574185e-08,8.400331478001167e-05,7.842067833976562e-06,4.169346353140543e-06,0
0.056384121596671194,0.9435611045867462,8.797041834750827e-06,1.1443082261163585e-07,2.761290371698271e-05,9.764611061302825e-06,8.48482914697569e-06,1
0.05583922116101308,0.9441123333951683,8.55528390719147e-06,1.1411144227647444e-07,2.690938873554627e-05,8.842007678862938e-06,4.024652054675621e-06,1
0.05578170118883279,0.9441393303915739,7.38360732343989e-06,1.287957167109103e-07,5.605725515892029e-05,1.1724160810073882e-05,3.6746005838186663e-06,1
0.06276544040582513,0.9361521817713974,1.0521020569285119e-05,1.7781476793573512e-07,0.001046264690847724,1.955694124617255e-05,5.857355346516953e-06,1
0.04784482761024993,0.9516117850526375,1.764086171094368e-05,2.0124164264676765e-07,0.0004991838642082685,1.9732314916014788e-05,6.629054634679805e-06,1
0.05661142550167767,0.9421130424909051,3.919070901731228e-05,1.9481772433171493e-07,0.0012087324271857739,2.099660766982963e-05,6.41744581992792e-06,1
0.08100470050082605,0.9163025901049229,3.1231538461682136e-05,2.0580952499191638e-07,0.0026333216843165675,2.117083775216571e-05,6.779524195713606e-06,1
0.04592990349592971,0.9509202864667797,2.8914437919861728e-05,2.1216758635634219e-07,0.003090005045481941,2.472200650736262e-05,5.956379795246768e-06,1
0.03041509979852217,0.969387443044037,2.0099978100363837e-05,1.4627805876622273e-07,0.00015606005343143565,1.7044292780890357e-05,4.106555069230754e-06,1
0.0474500247549033,0.9523573344488978,1.830685231666917e-05,1.5536540417806477e-07,0.0001411352080198817,2.8313702154431696e-05,4.729668303782916e-06,1
0.0481232542955085,0.9483780279866758,2.3212711138314062e-05,2.65416641056359e-07,0.0034262991982941457,4.2775678158108035e-05,6.164713584096451e-06,1
0.11474863385142656,0.8785616237143294,2.1508598193667094e-05,2.0922493263295216e-07,0.006629161488750155,3.325240575351938e-05,5.6107166143794714e-06,1
0.047943098364822065,0.9474530591767838,2.1865255541221753e-05,1.4627168233123563e-07,0.004549050823495935,2.8673685444013924e-05,4.1064222307324266e-06,1
0.027039738763398137,0.9726624443506027,2.7451780700250834e-05,1.5108846085091483e-07,0.00023253203502483525,3.372550988583203e-05,3.9564719271150835e-06,1
0.023540341597616723,0.9761274948267253,4.004544707425646e-05,1.7857266217719226e-07,0.00019106508645151877,9.155433919520067e-05,9.320130275070275e-06,1
0.024363904354999005,0.9753107954746386,4.30221818861485e-05,1.812856393886058e-07,0.00018005940015764293,8.62739627074741e-05,1.576333997160145e-05,1
0.021650365019381734,0.9780998009077575,3.8822846971502754e-05,1.6359060204663518e-07,0.0001624840543094677,4.2892788647692767e-05,5.470792330251295e-06,1
0.014101535294594441,0.981758248969898,3.996395495045747e-05,1.6562579609428957e-07,0.004046959640384758,4.722988417546715e-05,5.896630200840928e-06,1
0.0163950306091504,0.9801062803050299,4.146416692221044e-05,1.7478821649222792e-07,0.0033996553473609544,4.9842641755302174e-05,7.552141564649287e-06,1
0.020186898189513205,0.9760341743700754,4.2463505945970405e-05,1.8411045341368308e-07,0.0036726340375619238,5.450860836299248e-05,9.137178087214342e-06,1
0.02083176552784441,0.9757101129767066,3.7580246206718e-05,1.8672899391483558e-07,0.003355803521375733,5.5283865802282156e-05,9.26713307045396e-06,1
0.01847607785426056,0.9781361925119508,3.970020145076499e-05,1.7778846905037952e-07,0.0032942586851423287,5.008530592755923e-05,3.507652798760266e-06,1
0.004272033677889086,0.9924916563307811,2.991110510509825e-05,1.5022160679109805e-07,0.0031644701500161323,3.702682010785701e-05,4.75169449410517e-06,1
0.007599806694095801,0.9904643382591984,2.1525735265290267e-05,1.57985311830335e-07,0.0018537522436695372,5.4577386685062947e-05,5.8416957741747755e-06,1
0.009475031457755866,0.9903032147404173,2.2936473474802112e-05,1.6834113273014858e-07,0.00013295262335549673,5.8154240335961127e-05,7.542123527720393e-06,1
0.0062417524718113085,0.9935861805836871,3.074758668589841e-05,1.2971544556830905e-07,0.00010713249700737413,3.149646740024578e-05,2.56067796256734e-06,1
0.005497906571141549,0.9943302353897892,2.799194023221183e-05,1.2981258399735207e-07,0.00010721272401822206,3.396096668868238e-05,2.562595546348355e-06,1
0.005196348623008018,0.9946351426534263,3.078004793868131e-05,1.2985239049057089e-07,0.0001009377991653426,3.4097642715744235e-05,2.5633813556982433e-06,1
0.006307985891939113,0.9910944087279739,3.289314939823714e-05,1.5254021957939096e-07,0.002521492762559444,4.005563832227654e-05,3.011289587432543e-06,1
0.0052982864993320646,0.9912738180784951,3.5619416501319476e-05,3.899493526729828e-07,0.0033294641341538285,5.318552913425638e-05,9.236393030974334e-06,1
0.00802801640626256,0.9890502008892534,2.4947514972134258e-05,2.976252485153863e-07,0.0028309115412659277,5.8649322933964116e-05,6.976700063790743e-06,1
0.0059108488127465955,0.9902011054694108,2.8166899813575e-05,4.983771544788104e-07,0.0037896459257254736,6.545661350435533e-05,4.277901644914002e-06,1
0.006275355488999366,0.9872145115616123,2.7502753152317647e-05,5.368265681359088e-07,0.0063712576020190865,0.00010622782918635852,4.6079384623152575e-06,1
0.001509470150026299,0.9922248268294206,2.509729479130317e-05,5.159683260168086e-07,0.00613356048170501,0.00010210037739378158,4.428898336841154e-06,1
0.00509827969581962,0.9923713067406443,2.2891512193845234e-05,1.3329035040786528e-64,0.002410355554528018,9.312685106268345e-05,4.0396457517099516e-06,1
0.0018340660696235258,0.9909892697088956,2.525595381915351e-05,4.788275179029897e-07,0.007077798693621076,7.028192073563639e-05,2.848825787275699e-06,1
0.003019193217682065,0.9890666273721226,4.016485667171959e-05,8.215371671587407e-07,0.007769876881436263,9.827217689102498e-05,5.043958029218495e-06,1
0.0028696405672187166,0.9912185992931581,4.0079367281401764e-05,8.197885561250236e-07,0.005767764753381738,9.806300824998425e-05,5.033222153817993e-06,1
0.002644461431739859,0.9883633185068362,4.013629610867114e-05,8.209529857124815e-07,0.00883867951280838,0.000107542928166646,5.040371354367776e-06,1
0.7064810822498911,0.2925183780343712,9.2218697312342e-06,2.089458269503058e-07,1.9559717440792776e-05,5.766899882784102e-06,0.0009657822828556617,0
0.7023639945385243,0.29728581726688846,8.163582318571792e-06,1.8496752916098624e-07,1.422629081702333e-05,5.849096688444168e-06,0.00032176425723399516,0
0.8822317735933437,0.11772404907190055,9.385636901811754e-06,2.698251148121203e-07,1.3534610960417567e-05,5.869311747658839e-06,1.5117950030822893e-05,0
0.40736899177400115,0.5924621836299275,8.95626867932034e-06,1.6787973299819415e-07,1.1291584652693206e-05,5.710414222434354e-06,0.00014269844878381357,1
0.24256916499845296,0.757314756032538,9.031653459417452e-06,1.2912330018025109e-07,8.684828410086314e-06,4.527846630173753e-06,9.37055172093738e-05,1
0.43811509489547174,0.5616818874812965,2.079674195071887e-05,2.231161460045692e-07,1.4143284365024671e-05,7.823806303075386e-06,0.0001600306744668901,0
0.6274596898879471,0.3723068335011334,2.0728642070464435e-05,2.2238554200603198e-07,1.3934795400217625e-05,7.68294823131373e-06,0.00019090783967549096,1
0.39915482083459514,0.6007562998658265,1.9493669982403298e-05,1.9554726510753547e-07,1.2242704847902225e-05,6.85707400694416e-06,5.009030347612906e-05,1
0.3811406226160878,0.6187951281656936,1.7219370374101477e-05,1.7273303521444628e-07,1.1917644967658533e-05,6.057068633806769e-06,2.8882401207675747e-05,1
0.2749962041393166,0.7249548384254115,1.157849543801359e-05,1.336074747660313e-07,2.4186956664647167e-05,4.793505935267114e-06,8.264869759389177e-06,0
0.1363595846474223,0.8636049921132101,5.835686629979248e-06,1.937155389536079e-07,6.779900460020797e-06,3.910473737487217e-06,1.8703463001241886e-05,1
0.062325930554108865,0.93760149368098,3.6149431782014202e-06,6.752026296172696e-08,4.773744304834748e-06,2.367670239940634e-06,6.175188692556795e-05,1
0.08253476940200075,0.9173891701775775,4.165722631642431e-06,7.930700493003533e-08,5.501080849137553e-06,2.728412873060492e-06,6.358589706296431e-05,1
0.08484071643553828,0.9149617727345628,5.036629533815687e-06,9.429339779293753e-08,6.402036912512363e-06,3.2439923889425517e-06,0.0001827338776656298,1
0.4384390625070128,0.5612797359721627,1.6890478094344983e-05,4.2632915956286234e-07,3.466233679025129e-05,1.2828401228700305e-05,0.0002163939755516684,1
0.21466337176037137,0.7851679584808036,1.061691140302338e-05,2.407429481562603e-07,1.5109385379567837e-05,7.5457529087783255e-06,0.0001351569661855533,1
0.18113143910606264,0.8186158275092545,9.21650883816285e-06,1.942879152215906e-07,1.3116411977436262e-05,6.702028245037009e-06,0.0002235041477071156,1
0.11962793808409915,0.880099095293467,9.126938847751654e-06,1.7052807016646867e-07,1.12236581521354e-05,5.74937875116257e-06,0.0002466961186127582,1
0.06381022420075333,0.9360587245078514,6.172205463106073e-06,1.1532172000404022e-07,7.502818458503286e-06,3.888088605538685e-06,0.00011337285714813128,1
0.04290045588374045,0.9570420094831589,4.198768116391916e-06,7.844994207901328e-08,4.724078177658416e-06,2.6989271886898084e-06,4.583440967571659e-05,1
0.03897707678355569,0.9609912736268867,4.28176377683528e-06,8.000063613357926e-08,5.046048343662544e-06,2.6972331125127087e-06,1.954454368818785e-05,1
0.02522300864025161,0.974742479098777,2.4245794714406314e-06,4.539183099455414e-08,2.733393455273149e-06,1.530392200777794e-06,2.7778504012852325e-05,1
0.01535071230753509,0.9846429263274045,2.2179403970147205e-06,5.917851767346264e-08,1.2457699788431967e-06,1.3971584123282258e-06,1.4413177546539843e-06,1
0.011255071351890985,0.9887381428964666,2.1259912747425662e-06,5.621527924866988e-08,1.3473888493608736e-06,1.4937417228542284e-06,1.762414516202202e-06,1
0.01367766326469726,0.9863157178690797,2.265041509128653e-06,3.6863532784458714e-08,1.572962052714017e-06,1.2428593830731476e-06,1.5011397453162527e-06,1
0.014998318617163569,0.9849944914593205,2.0907596699685314e-06,3.402709721993503e-08,1.451957091776667e-06,1.1472285444212193e-06,2.465951112588813e-06,1
0.017546358600301085,0.982445095798069,2.134119774904041e-06,3.9109084019340757e-08,1.698812111758552e-06,1.3185684703915843e-06,3.354992188734626e-06,1
0.035791628871090546,0.9641982999057258,3.0520843988602982e-06,6.906871547585106e-08,2.711096784582748e-06,2.078303054343419e-06,2.16067023031638e-06,1
0.04000012557917358,0.9599870279645825,3.912532292445445e-06,8.854066414346346e-08,3.411352737841974e-06,2.664221152155244e-06,2.769809397340104e-06,1
0.03954340936922179,0.9604433856088017,4.0217375068080324e-06,9.101197977356381e-08,3.506569206143526e-06,2.738583948493623e-06,2.8471193353472803e-06,1
0.022081118587650442,0.9779102472040744,2.2300304636058953e-06,6.891745479111514e-08,2.206471394853256e-06,1.8682548257974355e-06,2.260534136052215e-06,1
0.13971625726207262,0.8602663634487446,4.987305275668655e-06,1.049239798954459e-07,5.10813147487967e-06,3.5375272816340382e-06,3.6414011705777648e-06,1
0.2217094048404996,0.7782644201074185,7.856578526209313e-06,1.6528835548781544e-07,6.84410905554316e-06,5.572721006744331e-06,5.736355137843268e-06,1
0.39605820448439305,0.6039160280583249,7.288243488230589e-06,1.610973104015836e-07,7.950248692439695e-06,5.169597357633299e-06,5.198270433451199e-06,0
0.34228733950779855,0.6576429341366025,8.367825502134478e-06,2.58601505743919e-07,4.5607321592378384e-05,7.010321442208059e-06,8.482285556546622e-06,1
0.11251032775472451,0.887219058863917,9.159771536287508e-06,1.8989278721864947e-07,0.00023268184938891079,2.0868482265945844e-05,7.71338538027913e-06,1
0.12287212012936324,0.876733270083307,1.1414422318393431e-05,2.373917555160669e-07,0.00034734337257878137,2.5971822121752483e-05,9.642778555290988e-06,1
0.44971775854092,0.5497856191533791,1.6972448920308804e-05,2.3291573089033496e-07,0.0004622487744311124,8.034507989650783e-06,9.133658629064535e-06,0
0.33636718554724393,0.663207787886076,1.4714575221633804e-05,2.0193055572473583e-07,0.0003947793249475835,7.1078131884369825e-06,8.222922766642542e-06,0
0.2286293667684334,0.7712955352878708,9.616526713624195e-06,1.0814517073469814e-07,5.647207961881097e-05,4.395232303029039e-06,4.50595988932105e-06,1
0.212777272220988,0.7871453103062854,6.675203421153477e-06,3.167847086308968e-08,6.0647660304497885e-05,4.4380571297420565e-06,5.624873400430341e-06,1
0.2511286609619356,0.7488018572877628,1.1959813391714519e-05,1.5312361646232577e-07,4.325457349575513e-05,6.2248072146862375e-06,7.889432583020969e-06,0
0.1934184655100276,0.806324491655657,1.145110371328766e-05,1.9332815636528662e-07,0.00021424172948036194,1.6821594510195888e-05,1.4335078455307986e-05,0
0.04405083603079123,0.9558986444347848,9.185521445359515e-06,1.154280352907601e-07,2.8511460161916576e-05,8.636037166373374e-06,4.071087615162869e-06,1
0.04350350541406286,0.9564450694441027,8.471576303792727e-06,1.1812232737921492e-07,2.951653527411521e-05,9.15279401343177e-06,4.166113915535303e-06,1
0.04889855635541006,0.9510252573940979,6.695566770678251e-06,1.2359788226820183e-07,5.4421018380100033e-05,1.1419763464592404e-05,3.5263039947275843e-06,1
0.04988742853331785,0.9500360748060793,7.0782556918820645e-06,1.234693253533301e-07,5.436441386472539e-05,1.14078855138328e-05,3.5226362072692333e-06,1
0.049865738890025865,0.950059045730819,7.126765968393194e-06,1.225053395711203e-07,5.331942128232853e-05,1.1151553311732572e-05,3.495133252912049e-06,1
0.04580133542433275,0.9541194808394909,7.455345533750585e-06,1.2815344860244772e-07,5.5777713353059326e-05,1.216624745954108e-05,3.6562763815346555e-06,1
0.09560315544609753,0.9040519658951938,1.1966849558293852e-05,2.0773321141839721e-07,0.0003033484411932281,2.3428844769861184e-05,5.9267899758511685e-06,1
0.0615852239924982,0.9372570874456465,1.0958834076864713e-05,1.9312682632544296e-07,0.0011183933666954581,2.178148791895115e-05,6.361746337863352e-06,1
0.07413581537499145,0.9235553325593691,2.6703077781981717e-05,1.7313909048282306e-07,0.002252452652365439,1.7508340271183218e-05,1.2014856130403968e-05,1
0.03612601154014951,0.9636714023377987,1.8597512758604705e-05,1.5968143063958207e-07,0.00016234178315852613,1.7446355315528843e-05,4.04078938840526e-06,1
0.08641722481444697,0.9108950233892322,1.9224991573468432e-05,3.199101912749341e-07,0.0026212143561596423,3.8861301108236495e-05,8.13123728797104e-06,1
0.1258904461721789,0.8695524566951892,2.001505439532407e-05,2.11416746004498e-07,0.004497600414072062,3.3600753661435747e-05,5.669493756972345e-06,1
0.03812611348956941,0.9615748836917923,2.1579183197833498e-05,1.2688943844704953e-07,0.0002487587779539642,2.435817925628091e-05,4.179788791721573e-06,1
0.036516051091643895,0.963206784337356,2.8094639522741176e-05,1.5691141817495087e-07,0.00020977877266118236,3.502529283213084e-05,4.108954565799653e-06,1
0.018348102335621903,0.9812834344135052,3.805874185485883e-05,1.7501573148235598e-07,0.0002745001139261218,4.8995649288365336e-05,6.733730071871213e-06,1
0.025095710264570026,0.9745310643120215,3.8184852184995766e-05,1.8398284216235107e-07,0.000248883993769635,6.997472462189636e-05,1.5997869989744548e-05,1
0.0214322473388839,0.9782742667677703,4.1617347023807285e-05,1.7536598643076873e-07,0.00017974631502650252,6.279409903789047e-05,9.152766271296168e-06,1
0.022156687979572758,0.9775992454997448,3.74665971621942e-05,1.5787567539549905e-07,0.00015680778415249922,4.139435818825617e-05,8.23990550407268e-06,1
0.019811027458550554,0.9762514525031244,4.215023344873069e-05,1.7760945100578784e-07,0.003842616065302117,4.728532355466042e-05,5.290806568570106e-06,1
0.018016259965987214,0.978211886752031,3.894609256642299e-05,1.6417351569602922e-07,0.003679132061697048,4.872039060775004e-05,4.89056359507295e-06,1
0.005593174862623706,0.9903615491836562,3.096289963309522e-05,1.4374068576033718e-07,0.0039701727001718555,3.840421622634512e-05,5.592397003072819e-06,1
0.004221779317388296,0.9936696026922646,3.102022102216427e-05,1.5344457276458823e-07,0.0020323728631996794,3.523013133659839e-05,9.841330216129107e-06,1
0.007454947062894625,0.9923842129655319,2.4391879350036706e-05,1.2690834093344132e-07,0.00010036394548788731,3.318284414556123e-05,2.774394249069615e-06,1
0.005203264642035386,0.9946169937288292,3.08210142811366e-05,1.301016278895195e-07,0.00010738833762691523,3.8835382541573244e-05,2.5667930579369873e-06,1
0.004996828813109453,0.9922989828654639,3.595984382884167e-05,3.732910662429296e-07,0.0026105784297362163,5.300391976934742e-05,4.272837026010158e-06,1
0.006106363985174832,0.990097605521778,2.9098586014369715e-05,3.3205102160781037e-07,0.0037036378792904513,5.854257345658419e-05,4.4194032640947715e-06,1
0.006568532703279754,0.9892828846042213,2.8285372000643113e-05,3.5743179553662866e-07,0.004055477460128956,5.9937706160762994e-05,4.524722413265174e-06,1
0.007811577812072562,0.9903450046379347,2.3186664094249984e-05,3.106463154572687e-07,0.0017704433313767607,4.390028949360386e-05,5.576618712572507e-06,1
0.010845708492154112,0.987096026495154,2.7629007065070065e-05,3.520733564803401e-07,0.0019713277218885474,5.2311164885430526e-05,6.6450454960908695e-06,1
0.008726260521179426,0.9890411324298255,2.7683450953170966e-05,3.5276712887608275e-07,0.0021345152528775848,6.508125786045697e-05,4.9743201749059725e-06,1
0.007034211918161889,0.9902446725852961,2.413755885879568e-05,4.692930212272237e-07,0.0026305345906751845,6.18794696555861e-05,4.09458433127194e-06,1
0.005965441032926649,0.9893230670111067,2.3578526044532807e-05,4.847443803926252e-07,0.004587346054197867,9.592174884004323e-05,4.160882503559055e-06,1
0.004941235347386264,0.9898995657673026,2.1982910765230652e-05,4.827329301170283e-07,0.0050641997897687965,6.919716089920666e-05,3.336290947749253e-06,1
0.004941854592060341,0.990023621795983,2.3735963011833958e-05,4.827934270929786e-07,0.004937762313645579,6.920583281429176e-05,3.3367090578483106e-06,1
0.006569042189642999,0.9887727161389142,2.8063702842401296e-05,5.08689851461798e-07,0.004554768061698262,7.177803484638357e-05,3.1231822043261545e-06,1
0.0016725550234953648,0.992668943039388,2.480034199191204e-05,5.013092488096848e-07,0.0055831724491378016,4.694996891688706e-05,3.077867821123811e-06,1
0.0029493900167464407,0.9864662888235681,4.4189585540461326e-05,9.038594913844411e-07,0.010415274838405708,0.00011840348722325169,5.549389024748752e-06,1
0.0029911588906277975,0.986270765453346,3.8333963890670934e-05,9.071409855744177e-07,0.010601962769178665,9.03957480239464e-05,6.476033947150471e-06,1
0.6961806114849637,0.30241785574131763,8.620112955204196e-06,2.135048731409212e-07,1.693593993629952e-05,6.02909219928954e-06,0.001369734123754946,0
0.7268320555778215,0.27223889322388417,9.135018666891171e-06,2.0697798658934251e-07,1.937550509259314e-05,6.5451177373239966e-06,0.0008937885788107624,0
0.8843312722845159,0.11561857452459964,5.465046912865686e-06,1.2382507884093823e-07,1.0254493772522495e-05,3.4175692478575904e-06,3.0892255872394075e-05,0
0.46659003709914226,0.5333540305794204,8.469912826128624e-06,1.7876733396564524e-07,1.267312053486836e-05,6.221468823298552e-06,2.838905191896548e-05,0
0.18621906134596072,0.8136532342564163,8.846946249688756e-06,1.264825872040035e-07,8.376457978343985e-06,4.537882581285618e-06,0.00010581662822642386,1
0.4132990518104469,0.58662565588032,1.277222450447561e-05,1.6375311547013364e-07,1.1217731877019891e-05,5.7421781431148685e-06,4.53964215929292e-05,1
0.5143284507622429,0.4856066546252637,1.3479160523835407e-05,1.7281676570331395e-07,1.1341792257613077e-05,5.9704522714233894e-06,3.3930390674796525e-05,1
0.45991486820418975,0.5400277125126814,1.546453631339086e-05,1.954491049695809e-07,1.3389031707016017e-05,6.853631916715405e-06,2.151663408666833e-05,1
0.4267610471557353,0.5731764947528525,1.7928016083394336e-05,2.0744645190114386e-07,1.421089711536244e-05,7.274331719146656e-06,2.2837400042477794e-05,0
0.4812552914296529,0.518697660076489,1.627222769026456e-05,1.8776975490065273e-07,1.2388836640632464e-05,6.5843472927708345e-06,1.1615312479514655e-05,0
0.2665561235866346,0.7333877180138302,1.3281532604999807e-05,1.5325929365147026e-07,2.7744524776730464e-05,5.498564620277873e-06,9.480518239443766e-06,0
0.13188920695524245,0.8680558835811426,9.576094663443345e-06,1.1050121606496346e-07,1.9751139880467474e-05,3.874843332623948e-06,2.1596884522138108e-05,1
0.103401593029008,0.8965124777405157,7.3979950814818554e-06,7.226226670483594e-08,1.525870835917755e-05,3.0626504068992104e-06,6.0137614362241294e-05,1
0.12981998308451773,0.8701002692392829,4.209834084716987e-06,7.863169361537749e-08,4.998811657392442e-06,2.757304440517197e-06,6.770309432290201e-05,1
0.09117404263699698,0.9087328865996629,4.630372285983866e-06,8.648654735311134e-08,6.811124757392945e-06,3.102923536156091e-06,7.843985621293875e-05,1
0.06098497188233355,0.9389322111027708,3.871458712220479e-06,7.231148524571112e-08,5.112488099483931e-06,2.5356795739854314e-06,7.122507702482664e-05,1
0.1297763216654226,0.8700933980711606,6.938049599591775e-06,1.3208655075115082e-07,8.967997689639321e-06,4.544196893395867e-06,0.00010969793268355882,1
0.11398638034546864,0.8859074576844462,5.9308220012677765e-06,1.1103404656823692e-07,7.53864089441807e-06,3.819923880268015e-06,8.876154926242755e-05,1
0.025606373364309012,0.9743838910692411,3.0754524174514145e-06,6.037211102286863e-08,2.663838864280156e-06,1.937335296539487e-06,1.9985677608075076e-06,1
0.026173646984928627,0.9738186187627443,2.5859412874652066e-06,6.899742318989839e-08,1.7698772023284922e-06,1.6289750745474685e-06,1.680461339327702e-06,1
0.02916841473004805,0.9708213506181869,3.4289511571311714e-06,9.1490396643143e-08,2.3468523861395015e-06,2.1600165455738456e-06,2.2073412798015756e-06,1
0.022608832163973996,0.9773824674340962,2.749632782252233e-06,5.137424276042335e-08,2.4104380169988578e-06,1.7320900857876725e-06,1.7568668020756484e-06,1
0.02647906102214678,0.9735118790808642,2.773079170333064e-06,6.27548229922035e-08,2.311027890232534e-06,1.888315707059555e-06,2.0247193983131097e-06,1
0.039249282705327106,0.9607431905997746,2.1890701532645415e-06,4.605411942024246e-08,2.140534717707029e-06,1.5527213516212665e-06,1.598314556252149e-06,1
0.0906036930379632,0.9093833431747497,3.7894321075551367e-06,7.972287162930192e-08,3.639970828245815e-06,2.6878682417488445e-06,2.766793237942751e-06,1
0.2519907939222975,0.7479576754205205,6.7609555977194544e-06,1.6725266266308448e-07,3.3222965885230163e-05,5.149154944505426e-06,6.230328091837407e-06,1
0.3062701376768273,0.6936683405268661,7.418592257749464e-06,2.2926614899711132e-07,4.013878839101254e-05,6.2150813687778034e-06,7.520068139777229e-06,1
0.29607996141587123,0.7038608076700756,8.93777331688668e-06,1.880347594493984e-07,3.723971442396843e-05,6.339619333069261e-06,6.525772219569291e-06,1
0.15950025126091616,0.8404339231008642,1.0747677328292987e-05,1.969579311282442e-07,4.129385425273743e-05,6.6404653673511846e-06,6.946683340207505e-06,1
0.12095419523528274,0.8789887017985637,8.594324048154285e-06,1.6057667513331206e-07,3.72706787442717e-05,5.413866016559973e-06,5.663520669539212e-06,1
0.09951497403761313,0.9003871848415032,8.310453955761179e-06,1.552728356049363e-07,7.561702836156169e-05,5.235046293482993e-06,8.523319437237634e-06,1
0.03921480269250073,0.9607020646622693,3.9033655957669295e-06,1.0045690202854018e-07,5.997174534065001e-05,4.412668200930491e-06,1.4744409190640076e-05,1
0.05209867900570445,0.9476977905011994,1.0565339778143628e-05,1.7190328965479092e-07,0.00015659229749299963,1.4883096188466424e-05,2.1317856346837303e-05,1
0.35366517317501084,0.6459150626609967,1.4330901943425583e-05,1.9666534370751018e-07,0.0003903056000312539,6.922481437718837e-06,8.008515236230634e-06,0
0.24445599534166274,0.7552624696263056,1.1244909293005272e-05,3.7903932636511046e-08,0.00025853643818611767,5.431805768887561e-06,6.283974850890502e-06,1
0.2875144991562559,0.7122045842435842,1.0854766223074243e-05,3.658885251839342e-08,0.0002588345356846005,5.124757582577303e-06,6.065951817016782e-06,1
0.1623641861825303,0.8375564032561847,1.1536416818756254e-05,3.620437488561853e-08,5.6764947770893824e-05,5.070849338457503e-06,6.002142981944775e-06,1
0.24654141958753148,0.7533892678956662,7.660438355082482e-06,3.1931876496892785e-08,5.2562602845103016e-05,4.472435591597386e-06,4.585108133970806e-06,1
0.21485375812228436,0.785072432781105,6.6576248635904104e-06,3.160298098189443e-08,5.70834380731701e-05,4.426369898986493e-06,5.610060794039787e-06,1
0.6168316760998622,0.38294821207039165,1.4506128504950797e-05,2.2942298154513668e-07,0.00017713171802354204,1.8240983122068294e-05,1.0003577113792431e-05,0
0.21609129656365908,0.7837467854132598,1.1316039719072738e-05,1.826890194511558e-07,0.00012874280262738835,1.3710665093796376e-05,7.965826621267285e-06,0
0.23118036216909107,0.7686029605270912,1.1569891628686027e-05,1.9335087745730358e-07,0.00017328471589870068,1.7292582212694532e-05,1.433676320026587e-05,0
0.11304055742547289,0.8867540705942352,1.0731536422429477e-05,1.724433402968514e-07,0.00016677921448202932,1.442784031591257e-05,1.3260945731421332e-05,0
0.06845019030259841,0.9315007455446974,7.384371509292033e-06,1.1888503107411867e-07,2.80350809015276e-05,8.342105259843057e-06,5.183710002500853e-06,1
0.04359414516267585,0.9563293757274751,7.23042713401814e-06,1.2428722020976367e-07,5.409496988110199e-05,1.1483454493073969e-05,3.5459711208339364e-06,1
0.04191911194088042,0.9580054486778966,7.102805210114858e-06,1.2209346680270234e-07,5.3140157115306255e-05,1.1590943096060931e-05,3.4833823348385483e-06,1
0.056046204983122835,0.9420298156886109,3.075406158454068e-05,1.819257862361919e-07,0.0018501512758094662,1.879803448181927e-05,2.4094030603909177e-05,1
0.08194044943175945,0.9160013022362066,2.3855200631628852e-05,1.790925922990778e-07,0.0020093326278437617,1.8110376098640896e-05,6.771034867549338e-06,1
0.06852477976331682,0.9291553750114765,2.373949226662492e-05,1.6451385089987107e-07,0.002267888774563819,1.6636130366893673e-05,1.1416314158221697e-05,1
0.0591911078322473,0.9381726780697186,2.202888303423847e-05,2.3096611793764848e-07,0.0025663186899262695,4.1790822166993243e-05,5.844736788422497e-06,1
0.12902118603234028,0.8665042044648639,2.0481454418741838e-05,2.1634327647200666e-07,0.004413726364275459,3.438373391145242e-05,5.801606913838735e-06,1
0.07707870804027996,0.919085551464152,1.9878292285104873e-05,1.69267785610595e-07,0.00378017226192711,3.0420067731758014e-05,5.100605838580811e-06,1
0.032014625555181614,0.9676241509184657,2.4305699986487067e-05,1.322702639254891e-07,0.0003050752159836942,2.7936609116877232e-05,3.773731001733528e-06,1
0.02389369517094901,0.9757368447958356,3.9711317251955554e-05,1.775983879452292e-07,0.00027855083260887184,4.636961189565413e-05,4.650673070920615e-06,1
0.02636261231551653,0.9732723046552206,3.758982772020638e-05,1.7358691521431796e-07,0.0002722591140740858,4.85956522128261e-05,6.4648483404535946e-06,1
0.027571291672584198,0.972035996444285,3.8175938101604155e-05,1.7692477937466972e-07,0.0002896715432204717,4.930332715360282e-05,1.5384149875794237e-05,1
0.02509565443909629,0.9745288964650961,4.040926988280679e-05,1.8398243289203294e-07,0.0002488834401265338,6.997456896293669e-05,1.599783440244052e-05,1
0.021092147481596425,0.9786069459413691,3.8229670912722204e-05,1.6109109373786045e-07,0.0001723605583090488,8.174753091450497e-05,8.407725804639864e-06,1
0.014998344451230813,0.9847954732644467,3.431030311130541e-05,1.2802455955144968e-07,0.00012532362382780695,3.356751736257355e-05,1.2852815460966834e-05,1
0.01709511428992198,0.9826859023237908,3.3340134868208604e-05,1.3812065659332884e-07,0.00014536832112247878,3.244146025076741e-05,7.69534938913701e-06,1
0.007243990894441247,0.9891421864877151,3.1516331240110774e-05,1.4877046041192086e-07,0.003525041409212013,4.011786455921816e-05,1.6998242371799485e-05,1
0.010330152747362448,0.98944505235164,2.1605063378004817e-05,1.6518193325416706e-07,0.00013879859994293554,5.4872536467514264e-05,9.353519275954384e-06,1
0.00788323231436591,0.9919455086492619,2.911443716136958e-05,1.341992003120428e-07,0.00010425542504702974,3.5107340330759486e-05,2.6476346324748464e-06,1
0.005801184589820801,0.9940299588249455,2.76042242039165e-05,1.2723807068182643e-07,0.00010534576652314163,3.326905889528012e-05,2.5102975406944687e-06,1
0.005168970456233001,0.9925279119428109,2.1956683966938416e-05,2.973135281994694e-07,0.0022394864094967873,3.769846958374701e-05,3.678724380640063e-06,1
0.005607877482140179,0.9919765617942523,2.4006190967699912e-05,4.654071528094703e-07,0.0023177207050611762,6.999372377646098e-05,3.3746966494017787e-06,1
0.0061254910077149245,0.9896113094097814,2.2955913349028807e-05,4.669270874875176e-07,0.004169618210706975,6.693147864024696e-05,3.227052720157028e-06,1
0.005781464806992295,0.9886003397190516,2.3760050685092587e-05,4.685135439551352e-07,0.005521853636569868,6.910634082309563e-05,3.006932334198123e-06,1
0.001721577351222466,0.9922184207949503,3.0196546406595917e-05,5.275884234433842e-07,0.005945828815219394,8.020969078705149e-05,3.239212991121789e-06,1
0.0029930791352231244,0.9869039251002057,3.835857327775805e-05,9.077233460034163e-07,0.009973562695022385,8.459366115047994e-05,5.573111774379808e-06,1
0.6927326486758886,0.3056145431256027,8.291928654794006e-06,2.053763314628662e-07,1.6291156088492992e-05,5.799553048722168e-06,0.0016222201843855075,0
0.6792950792981183,0.3200460604461011,8.802943875834239e-06,1.854242856970624e-07,1.5085903878678163e-05,6.307190625807261e-06,0.0006284787931146893,0
0.6458268661361123,0.3535566826043322,9.453706497758498e-06,1.8040987368386198e-07,1.3924324775113123e-05,6.136625846093003e-06,0.0005867561925627917,0
0.8502770944412291,0.14942934098877234,6.19846276547704e-06,1.4044255298539607e-07,1.0432657489764059e-05,3.876211141283075e-06,0.0002729167960489198,0
0.886259164479353,0.113607061318818,4.9996827044162935e-06,1.132810230039535e-07,8.414985970905997e-06,3.126553556097266e-06,0.00011711969857462768,0
0.8696668876929927,0.13027920135156337,5.711702053705809e-06,9.933077266301165e-08,1.153299964546475e-05,3.5718151377101935e-06,3.299510783422135e-05,0
0.72798353295665,0.27195215641136306,1.2272256813961744e-05,2.7861833647484195e-07,1.836238377311428e-05,8.810549595418145e-06,2.458682346799115e-05,0
0.3924665637845723,0.60747955111828,8.969255842746358e-06,1.681231693673372e-07,1.1708038630384977e-05,5.718694688931327e-06,2.732098481600821e-05,0
0.5333964310632531,0.46655214592594224,8.660868091334534e-06,1.5907947630762526e-07,1.1078239013217976e-05,5.4667315033679165e-06,2.605809272054743e-05,0
0.3005195637473066,0.6993433378265114,1.1759783077126747e-05,1.451294325359643e-07,9.52635643180259e-06,5.089118781270892e-06,0.00011057803845902599,1
0.5474376064678883,0.45239822769313354,2.0198600933780936e-05,2.1669903899892917e-07,1.2916055807302549e-05,7.486491627945172e-06,0.0001233479915702941,1
0.5008901107258547,0.4990061533140248,1.866400453249794e-05,2.0656022283285883e-07,1.252242017131996e-05,7.136217059607396e-06,6.520675813438905e-05,1
0.4958371322738069,0.5040887122903032,1.830982066805367e-05,2.3475082019131273e-07,1.423143510247013e-05,8.110142334430057e-06,3.326928696480847e-05,1
0.4605061555705636,0.5394331120706103,1.5260489091421195e-05,1.9565523855633238e-07,1.217267348719171e-05,6.860860211413847e-06,2.624268079744648e-05,1
0.4369558147793129,0.5629955573596394,1.5614666083865845e-05,1.9734652553712916e-07,1.3687956281853601e-05,6.920166998383878e-06,1.2207725158256067e-05,0
0.18668180786975466,0.8132723860315354,9.556132754437968e-06,2.0879662016103447e-07,1.9945404921223348e-05,3.956246243031522e-06,1.2139518171284908e-05,0
0.15289298139230914,0.8470588960227113,7.826502453983545e-06,1.710050814556643e-07,1.6335348678486524e-05,3.2401779804983955e-06,2.0549550785161362e-05,1
0.12011469151915663,0.8798424488110687,8.007841677205984e-06,7.821913702765673e-08,1.651654527924858e-05,3.3152525571104514e-06,1.494181112409784e-05,1
0.12924752391332778,0.8706897672278676,5.692736669992232e-06,7.57731536867019e-08,4.754308342113213e-06,2.6570666804444375e-06,4.952897395865014e-05,1
0.051849018031834636,0.9480680974108364,3.871807722683736e-06,7.371145448297932e-08,5.1129489882529e-06,2.5945912268334015e-06,7.123149793719476e-05,1
0.10829659513615386,0.8915878582128444,6.2590797255375466e-06,1.1717953254558744e-07,7.771094643132326e-06,3.950725026273336e-06,9.744857207428078e-05,1
0.40772578414064614,0.5921681466772555,1.5283434965821386e-05,4.932976178708229e-07,2.673112211180143e-05,1.1607844064517442e-05,5.19534833384267e-05,1
0.05647570622248192,0.9433998368813408,5.3991113181032765e-06,1.0087719979814453e-07,6.362839741734034e-06,3.401089500573474e-06,0.00010919297841707358,1
0.024127777271204985,0.9758496689990912,3.350902507487497e-06,5.4535912010641134e-08,3.4798920607521893e-06,1.87620859601489e-06,1.379219062752204e-05,1
0.03108566050505438,0.9688954128622849,3.899146326187091e-06,7.285179723376331e-08,3.389084193931749e-06,2.4562089665995807e-06,9.109341376981474e-06,1
0.028409674336814465,0.9715681560506612,3.880981896333149e-06,6.31629499039091e-08,2.938356544239551e-06,2.1295480660971405e-06,1.3157563067863276e-05,1
0.026561936201526155,0.9734284738240914,3.2064005223717415e-06,8.555235760021939e-08,2.1945336553416547e-06,2.01982409858941e-06,2.08366374842467e-06,1
0.02970075497292395,0.9702905748382677,2.9292368697751458e-06,7.81571480013924e-08,1.914015493631928e-06,1.845228997053694e-06,1.9035502999434074e-06,1
0.03151256110492281,0.9684777787152015,3.202880814512011e-06,5.984274611486947e-08,2.2692027036382457e-06,2.017606911215133e-06,2.110646700476114e-06,1
0.024159925495083015,0.9758322648455048,2.3921157748777504e-06,5.0325836017167e-08,1.9239098326704897e-06,1.6967428995656656e-06,1.7465650689749545e-06,1
0.03137483694153121,0.9686172401301123,2.3201016163628168e-06,5.2503934188538394e-08,2.2764750304258754e-06,1.5798626923536317e-06,1.6939850830667741e-06,1
0.027091163756939294,0.9729013136911321,2.174248758861068e-06,5.687182673007744e-08,2.1260419390091186e-06,1.5778964518214582e-06,1.587492952210041e-06,1
0.08498444060715234,0.914998619061382,5.2856885680228e-06,9.875800485153195e-08,4.743061005556456e-06,3.3296405339386466e-06,3.483183353340419e-06,1
0.4865711221739895,0.5134022570890462,8.17743490014759e-06,1.1727120350938075e-07,7.910663984202446e-06,5.1512529269882815e-06,5.26411394937678e-06,0
0.30472998417125824,0.695211246854864,8.1606534896025e-06,1.7168554867777866e-07,3.859290218305704e-05,5.788403307948772e-06,6.055329348366017e-06,0
0.4315386216555792,0.5684114954787828,6.4091284392150885e-06,1.473967455328106e-07,3.233572541197661e-05,5.084501270502344e-06,5.906113770737522e-06,0
0.23679463012765695,0.763151731234177,8.093915088413336e-06,1.7028149212267094e-07,3.372373361661342e-05,5.741065336461224e-06,5.909642632323894e-06,1
0.15809389042050664,0.8418005876298684,8.394543751859553e-06,1.6882559536772624e-07,7.167613232052072e-05,1.7364821775540715e-05,7.917626181849232e-06,1
0.1612178498927909,0.8387243513836914,8.033290266356896e-06,3.036064860347189e-08,4.228442647800384e-05,3.678981401555543e-06,3.771664723510268e-06,1
0.2339989208557337,0.765949694968332,7.739952650443821e-06,1.2658520794671692e-07,3.184958829324676e-05,5.145963332789696e-06,6.52208644999596e-06,1
0.2335263008230274,0.7664190611531556,9.85168154491866e-06,3.6609366437064525e-08,3.3123381291283595e-05,5.127573177695679e-06,6.498778436783399e-06,1
0.19296674437640726,0.8068817828498991,1.0683065681255642e-05,1.7199057683184286e-07,0.00012120350173948302,1.1914875453026963e-05,7.499340243054448e-06,0
0.29836617145053757,0.701433261791998,1.0985728651895224e-05,1.84524534604806e-07,0.0001597173997808234,1.6503186987695114e-05,1.3175917509267752e-05,0
0.039408794079693346,0.9605278683271602,1.0642812625006173e-05,1.1294602437734036e-07,3.9405462120989905e-05,8.577088283665296e-06,4.5992840926443325e-06,1
0.043571256459028866,0.9563763064150304,6.756942240799769e-06,1.1795468944049473e-07,3.223402135833048e-05,9.168006240837358e-06,4.160201411398539e-06,1
0.04696117532536273,0.9529868606797585,6.384290329817831e-06,1.1769523367476939e-07,3.216311868601111e-05,9.147840089829084e-06,4.15105053958593e-06,1
0.05128305248291187,0.9486330267074778,7.059000345087124e-06,1.1906592840480756e-07,5.9169675043644615e-05,1.4176063010788877e-05,3.3970052824913165e-06,1
0.10877364853609485,0.890742118106266,1.0999693332873237e-05,1.9094429235735038e-07,0.00044496234967466235,2.2632581272686986e-05,5.447789066381876e-06,1
0.04772915438361865,0.9516687036126799,1.6850131553503672e-05,2.368801732412456e-07,0.0005585720714351698,1.9923141670920145e-05,6.559778868466716e-06,1
0.052237415493057035,0.9467866725504941,2.3157242859087084e-05,2.3308677324094993e-07,0.0009211565174351985,2.5466708132340685e-05,5.8984012487227525e-06,1
0.03666739783794104,0.9630145364671459,3.138398401677904e-05,1.7528274160864938e-07,0.00023546493764569422,4.645145601784226e-05,4.590034490897979e-06,1
0.03238702491551804,0.9672738708761325,3.619390400445424e-05,1.725170711317843e-07,0.00024729222616758415,4.9020556665907056e-05,6.425004440163228e-06,1
0.019785311012814704,0.9799603282700278,3.5686116473684176e-05,1.4783952908694713e-07,0.00015559717618621129,5.007448642846549e-05,1.2855098540063855e-05,1
0.01609308129729223,0.9837008611302677,3.262583684957103e-05,1.3069067703854506e-07,0.0001294882089684239,3.0692359996128146e-05,1.3120475948758786e-05,1
0.019336269739134285,0.9755633029631899,4.697935002567531e-05,1.7529553587874448e-07,0.004994500473896901,4.117347282548474e-05,1.7598705391711086e-05,1
0.011080489865752477,0.985051262170201,3.959629164467254e-05,1.7613487020258682e-07,0.0037660750303144413,4.384053291565292e-05,1.855997430183036e-05,1
0.006337611831469272,0.9891479288209162,3.2361179476504924e-05,1.7630255464039241e-07,0.004420872641124585,5.686991484449176e-05,4.1793096142480285e-06,1
0.005668924664359295,0.9941795754676205,2.3299420287589272e-05,1.2946664378353804e-07,9.22339457803983e-05,3.274367010152988e-05,3.0933652069571113e-06,1
0.008226913359469963,0.9916104726638993,2.76564956821664e-05,1.2741381747874374e-07,9.898406001841897e-05,3.3332242238898854e-05,2.51376487362181e-06,1
0.006410613264364601,0.9934260662535209,2.7692964255171056e-05,1.2764710637253906e-07,9.946844599867758e-05,3.3513057291562136e-05,2.51836746255787e-06,1
0.005196259268897212,0.9946180393477791,3.14318824723365e-05,1.2992646661828857e-07,0.00011560371303111006,3.59725240765052e-05,2.5633372769271074e-06,1
0.005215263760703434,0.9906306791167199,2.091561982053729e-05,2.5942552746745653e-07,0.004081631990871592,4.7282988065681484e-05,3.967098291178955e-06,1
0.009210094041233569,0.9876175999198537,2.730401329102516e-05,1.3023113027888307e-76,0.00310073891050185,4.0764559732791005e-05,3.498555386958925e-06,1
0.002987274469189174,0.9886229158682225,4.301272275818362e-05,8.797877879998319e-07,0.008228450533453134,0.00011206502161355305,5.401596975383924e-06,1
0.00426971206488846,0.9816906804120754,5.328019694659443e-05,1.2126910534711527e-06,0.01384258903191192,0.00013583460259668117,6.691000527741007e-06,1
0.0035404740490712983,0.9811294196359904,4.6026440184990694e-05,1.3411371743169783e-06,0.015185945679213914,9.010588327463878e-05,6.6871750904378755e-06,1
0.762902310325594,0.2352521321422254,9.258927562777387e-06,2.2932717529163021e-07,1.819101929320732e-05,6.4758928604092415e-06,0.001811402365288918,0
0.6636486774964342,0.3357079306573293,1.006241939272333e-05,1.882361490942146e-07,1.452836932305285e-05,6.402835909772617e-06,0.0006122099854620268,0
0.7226617705005899,0.276949570206535,9.342799013711597e-06,1.9679573764913014e-07,1.5462095586122675e-05,6.693989554999715e-06,0.00035696361298265646,0
0.7906395723493347,0.20901644334257544,8.062455899169104e-06,1.8267624290945183e-07,1.4050062563841629e-05,5.776640972098067e-06,0.0003159124724119385,0
0.8598629386874668,0.13974328365457633,6.170898956309725e-06,1.3981802205314292e-07,1.056874085036605e-05,3.858974102321476e-06,0.0003730392260258653,0
0.6619412364048958,0.3380186259212898,7.673681535829458e-06,1.8303984736357092e-07,1.1481758200598943e-05,5.509121327542052e-06,1.5290072903276438e-05,0
0.5914249700190739,0.4085091778959953,7.870700679535466e-06,1.6278117972099497e-07,1.0948656147223281e-05,5.593939733717255e-06,4.1276007190484396e-05,0
0.31074671489438865,0.6891743589914584,1.1425096884552635e-05,3.092857469367362e-07,1.0986361075168118e-05,5.743098412254021e-06,5.046227203409999e-05,1
0.44136919564303795,0.5584513589320391,1.9862390182215995e-05,2.1309202943405474e-07,1.3423177676667402e-05,7.472299933807303e-06,0.00013847446510095065,1
0.38613486484793336,0.6137174943408473,1.8123427990608827e-05,1.9443571571152761e-07,1.1829441014342846e-05,6.8180963384679044e-06,0.00011067541016030129,1
0.39598663132173073,0.603948291599057,1.2304982732490958e-05,1.7889503266888431e-07,3.5253727732243325e-05,6.2731456653748e-06,1.1066328049378791e-05,0
0.3898533333783044,0.6100797821689252,1.3576595835010742e-05,1.807112365079602e-07,3.561163568918221e-05,6.33683279559056e-06,1.1178677214069994e-05,0
0.07436131364407828,0.925615318267645,5.307505187998757e-06,6.124477651457116e-08,3.842740307444624e-06,2.1476135954559395e-06,1.2008984409311085e-05,1
0.04945492763437201,0.9504729484663614,3.6926785623949784e-06,7.030119449825925e-08,4.87639843500638e-06,2.474552479807742e-06,6.100996859488774e-05,1
0.40901742108031547,0.5907366990274808,1.536755418064195e-05,2.5010682368155354e-07,1.737358709134513e-05,8.432388029676046e-06,0.0002044562560783851,0
0.0741094785720077,0.9258618557886457,4.355367645323327e-06,1.253095310838845e-07,4.947697274952803e-06,2.971718710303842e-06,1.6265546185107295e-05,1
0.08188364407255334,0.9180040216709527,5.415050635203554e-06,1.0137801880920192e-07,6.296853783769661e-06,3.417974686558044e-06,9.710299936960967e-05,1
0.022564409053276904,0.9774190788384971,2.468149079697994e-06,4.620752060910896e-08,2.7825124400135126e-06,1.5896854782666765e-06,9.625553707495812e-06,1
0.025565945571666707,0.9744136261373885,3.269689565539021e-06,6.109100334250211e-08,2.8419690615889335e-06,2.059692085659029e-06,1.2195849228709975e-05,1
0.02931246140127972,0.9706778753954052,3.2223027771635073e-06,8.5976657490112e-08,2.231084642960291e-06,2.0298414863817992e-06,2.0939977511784196e-06,1
0.02963317618918205,0.9703573898628508,3.193865541987959e-06,8.521790246374385e-08,2.086928576865603e-06,2.0119278749960513e-06,2.0560080706615257e-06,1
0.03159365959279177,0.9683957686459874,3.499597194448559e-06,6.538660616492599e-08,2.49608045890733e-06,2.2045189611791046e-06,2.3061780001275846e-06,1
0.02664630859336329,0.9733433488567929,3.433045832238783e-06,6.414315799967619e-08,2.420443200847548e-06,2.1625959249746854e-06,2.262321727854257e-06,1
0.027189934333645915,0.9728000318921609,3.3305526389132814e-06,6.222817130429561e-08,2.348181144049993e-06,2.098031869306711e-06,2.194780369670222e-06,1
0.019064610332301408,0.980927091956124,2.541607220681547e-06,5.34708685722386e-08,2.044141497668703e-06,1.8027781307518955e-06,1.8557138568779219e-06,1
0.03271880235647648,0.9672740592276301,2.2555348931901408e-06,4.2142499138536286e-08,1.9335369507435003e-06,1.4208405034517867e-06,1.4863610467646588e-06,1
0.07871738656862749,0.9212682715812851,4.900843939224345e-06,7.976119664783206e-08,3.858916440501791e-06,2.689160375336934e-06,2.813168135827626e-06,1
0.07822852002988942,0.9217578255704892,4.265462066986992e-06,7.969605437103949e-08,3.8114068307476375e-06,2.6869640939761758e-06,2.8108705752960704e-06,1
0.2436771622490005,0.7562710234457687,8.699965260725224e-06,1.6255047953917874e-07,3.1738239848907174e-05,5.480413119913473e-06,5.733136521536229e-06,1
0.14096433250729992,0.8589710007537004,9.943306870801959e-06,1.8578112114430893e-07,4.1721534867881806e-05,6.263637588999556e-06,6.552478551056283e-06,1
0.0798245628826229,0.9199336433156408,9.252710610834259e-06,1.6701041646562098e-07,0.00019933025678053998,1.629005672111079e-05,1.6753767207414105e-05,1
0.12118556763998423,0.8786339596504135,8.98175687079498e-06,1.8620233480264165e-07,0.00014583482216414686,2.061019498693823e-05,4.859733245548181e-06,1
0.18108671864923256,0.8186615448422697,9.890863595530945e-06,2.050491814904029e-07,0.00021385558879661077,2.243338592910507e-05,5.3516209950725956e-06,1
0.335045005295414,0.6646567280441589,1.3402347816093887e-05,1.80081206194026e-07,0.00024608714742229505,1.773981458155631e-05,2.0857269401025854e-05,1
0.37714588296057217,0.6225102313281736,1.9742194903532687e-05,1.943719048220033e-07,0.00027463252574900696,1.6273590307582958e-05,3.3043028389205797e-05,1
0.260850891903052,0.7388583084688003,1.1804496633511541e-05,1.3712629384320217e-07,0.00026655920500047117,5.702112061731481e-06,6.596688158129489e-06,0
0.3446627797857504,0.654996094670387,1.0610584052596009e-05,1.2325727320839196e-07,0.0003193368090050962,5.125397650295687e-06,5.929495881416167e-06,1
0.15778905062039403,0.8421315560718077,1.2128129139087902e-05,3.8061327092381504e-08,5.5462819710161204e-05,5.454299782685738e-06,6.309997839012236e-06,1
0.24989972833783916,0.7500241277105434,7.42777845210179e-06,3.5258811658682884e-08,5.748347004507666e-05,4.938412065919996e-06,6.259032242690421e-06,1
0.12905814158859305,0.8708777954783521,1.1855268748827606e-05,1.8245782877825614e-07,3.779249168727975e-05,6.27705827444007e-06,7.955656515602637e-06,1
0.2067255619279775,0.7930973722742232,1.1444784246155708e-05,1.8425376225721674e-07,0.00014463828147219234,1.2764423897437166e-05,8.034054421369353e-06,0
0.24377917944011934,0.7560557850147565,1.0470136680313953e-05,1.6903254593762356e-07,0.00013414998044280777,1.2876034837236616e-05,7.370360617927045e-06,0
0.043035518603391935,0.9569106166193131,6.874999844091596e-06,1.1802058859942234e-07,3.25958638342005e-05,1.011336738724924e-05,4.162525640941943e-06,1
0.04387210201991593,0.9560520181729543,7.144272403662551e-06,1.2280626593896567e-07,5.3450396959293146e-05,1.1658612681041271e-05,3.5037188195380957e-06,1
0.06572213855766908,0.9339457212447472,1.3030340162774925e-05,2.3363518824618839e-07,0.0002834873763231185,2.7692722944791547e-05,7.696122964898489e-06,1
0.09524020246679067,0.903935782096903,2.02605796382461e-05,2.069440540692598e-07,0.000775729625090585,2.241721185710572e-05,5.401075666397253e-06,1
0.053531981646153116,0.9457378806086378,1.9236542643217602e-05,1.9648441416497692e-07,0.0006846004854989207,2.1132076155936866e-05,4.972156496701843e-06,1
0.11156985886564422,0.8836484942906011,2.0566900799963775e-05,2.0029636092078974e-07,0.004734301295619793,2.1509730867761406e-05,5.068620106334931e-06,1
0.1869377791492343,0.8094709204278595,1.8998250195613305e-05,1.9786265927141144e-07,0.003531264508012427,3.505883268726496e-05,5.780969351820895e-06,1
0.09513312845944154,0.9030728768880552,2.1522471521855698e-05,1.8395984011460233e-07,0.001733920682760499,3.2824211685927016e-05,5.543326694847491e-06,1
0.03236284267769016,0.9673690016711877,2.010330140952361e-05,1.2660302407076107e-07,0.00021710869935904863,2.7205005267466704e-05,3.612042061987445e-06,1
0.03826429945134629,0.9614560035383578,1.8606111813834637e-05,1.281289031071244e-07,0.00022753509759742112,2.9049973925261764e-05,4.37769805618972e-06,1
0.023123646750544426,0.9766262385995612,2.3499205846768877e-05,1.2788136779107648e-07,0.00019313352725084122,2.9705521637051246e-05,3.6485137918007553e-06,1
0.044673579486299964,0.9550495144780073,2.8510665882701537e-05,1.5923496769359494e-07,0.00020186767883994722,4.219865589982629e-05,4.169800102182792e-06,1
0.03156983429529226,0.9681130069428777,3.8994648867128335e-05,1.6119555120784671e-07,0.0002310635489287241,4.271822763886782e-05,4.2211408438331816e-06,1
0.02837370041293282,0.9713195792988646,3.3247894072965784e-05,1.584767094588807e-07,0.00022716626256576722,4.1997710851176646e-05,4.149944003297049e-06,1
0.02087076101851267,0.9787932337685095,3.8681206733740794e-05,1.579141288622498e-07,0.00022635983913632423,5.707513722198603e-05,1.3731115757265987e-05,1
0.02193778268261863,0.9778079941579199,3.7444620247300355e-05,1.5286582519599581e-07,0.00015435404776987564,4.8979475282266106e-05,1.329215033651107e-05,1
0.019230493050937256,0.980526659333543,3.442716165784583e-05,1.4262396332897128e-07,0.00015260152114699577,4.3274719581945245e-05,1.2401589169633359e-05,1
0.02062749433501455,0.9753831512303681,4.443695739986765e-05,1.6580902579481287e-07,0.0038787914778924243,4.931387822037003e-05,1.6646312078751353e-05,1
0.01513637195746434,0.9770189745420009,4.2808828122982366e-05,1.972560071447358e-07,0.0077426591664035965,4.956742039073574e-05,9.420829610200813e-06,1
0.014895449669386274,0.9800966651334919,4.971915958528694e-05,2.1510508251284054e-07,0.0048817441811253096,5.354034348440973e-05,2.266640784439506e-05,1
0.006870037855894529,0.988450728697257,3.3319805083219035e-05,1.7617828792626884e-07,0.004576860790048754,5.329285288784967e-05,1.558382054054016e-05,1
0.0070492697021198175,0.9927979828742954,2.229307751532674e-05,1.4512118119320182e-07,9.128624066260227e-05,3.573752605915337e-05,3.2854581664638134e-06,1
0.007181864619553381,0.9926513693027255,2.9419299180025925e-05,1.2966956147495794e-07,0.00010073648140823177,3.392235881179956e-05,2.5582687597290802e-06,1
0.006231892216003476,0.9936022899068423,3.0303372114019466e-05,1.276697496674807e-07,9.948609068663125e-05,3.338193040866153e-05,2.5188141952637384e-06,1
0.0061081503283963055,0.9920905742929369,2.4462267182703344e-05,2.600134337227912e-07,0.0017354640956108534,3.8044050078026385e-05,3.0449523613593024e-06,1
0.006290399802153703,0.9911867259850867,2.399963126193177e-05,0.0005305807924824943,0.0019270583090820591,3.591915790212195e-05,5.316322030941937e-06,1
0.006136772439076481,0.9885752844255529,2.329732304099366e-05,3.377457366557027e-07,0.00521194186135105,4.8529560107617936e-05,3.836645134247299e-06,1
0.0017137775209285255,0.9920345540769002,2.9747588531885144e-05,5.197443152423414e-07,0.006140116131601437,7.809388488073439e-05,3.191052841923008e-06,1
0.00334308477008887,0.9847721935075769,4.346036408435487e-05,1.1444261625597294e-06,0.011742635431913997,9.116714992266604e-05,6.314350250815895e-06,1
0.7447160562054772,0.2533320142941408,9.792582207031463e-06,2.425448521033642e-07,1.9239490821223427e-05,6.849142383879166e-06,0.001915805740117705,0
0.8108340373695493,0.18823089315088992,9.244161598868884e-06,2.5003381955445936e-07,1.98446567013704e-05,7.491685002680426e-06,0.0008982389424385159,0
0.7095626413013616,0.2900786669890543,9.173449345085488e-06,1.9322857400694978e-07,1.4935133975275225e-05,6.5726528002154035e-06,0.0003278172448895059,0
0.7821544336216788,0.2174083954860061,9.256433890705748e-06,1.9001064332179274e-07,1.4114781588968406e-05,6.008571502597878e-06,0.00040760109468959823,0
0.8265600937985237,0.1732127082135568,7.026989088708067e-06,1.5921500616495695e-07,1.1827153460549749e-05,4.394330405117558e-06,0.00020379029995894608,0
0.8359843365892807,0.16397378792549078,7.588224918158284e-06,1.7193128691021984e-07,1.5179263066883139e-05,4.745299452978692e-06,1.4190766503491905e-05,0
0.6405378029970545,0.35942755750075145,8.308996186043918e-06,2.6311648293152124e-07,1.3095751181931164e-05,6.573560436512968e-06,6.3980779065906995e-06,0
0.3682659350277619,0.6316597887825028,1.5251287274105e-05,1.8954981437348408e-07,1.1532183478767255e-05,6.646766982124474e-06,4.0656402185824295e-05,1
0.45701431557700617,0.5428942862400797,1.7784986076864518e-05,2.21039755459101e-07,1.3174778394639602e-05,7.636454163951255e-06,5.258092452327758e-05,1
0.4994359566566673,0.5005035737169116,1.5990736619046773e-05,1.9874002130836278e-07,1.2782336983393376e-05,6.866045703460897e-06,2.463176709396354e-05,1
0.34229164722437316,0.6576647853802099,1.4295656762515953e-05,1.806761782289373e-07,1.1925610934771595e-05,6.241978284392636e-06,1.0923473257051729e-05,1
0.32181698467644126,0.6781185277959519,1.3922121565096504e-05,2.024056795814726e-07,3.622500612655972e-05,7.2618154643263794e-06,6.876178771193698e-06,0
0.31672910445119845,0.6831933700724216,1.7076016488693393e-05,1.970448970966515e-07,3.883040825471444e-05,7.069483839889458e-06,1.4352522899501773e-05,0
0.08839181639193935,0.9115870490179449,5.433622581708478e-06,1.276807003866015e-07,3.884317434434008e-06,2.2495238897714234e-06,9.43944550946598e-06,1
0.08255878317322074,0.9173504389084299,5.688269054646338e-06,9.19592727660054e-08,5.596471061880886e-06,3.2369015645967424e-06,7.616431739548348e-05,1
0.05129480178218538,0.9486037747434168,4.029046991934274e-06,7.670497484051007e-08,5.320592657621612e-06,2.6999610328082643e-06,8.929716874074457e-05,1
0.08121095869411275,0.9186761672910303,5.103350568170896e-06,9.715756051430963e-08,7.022368983181504e-06,3.3425286840204665e-06,9.730860906090337e-05,1
0.22000927065028317,0.7797510607024595,1.3064724774001654e-05,2.126282931616617e-07,1.4942051679783003e-05,7.168793908277058e-06,0.00020428044860228972,0
0.5325151477646812,0.4673053337629406,1.3504222237823769e-05,3.056007506919547e-07,2.0090056512157786e-05,9.195638998017796e-06,0.00013642295387937658,0
0.13154073491589907,0.8684033798554033,6.67335327120011e-06,1.9625375960307433e-07,9.70401968022543e-06,5.17437711995842e-06,3.4137224866747546e-05,1
0.04966853731646944,0.9502742153360013,3.7534362454961394e-06,7.382899125047525e-08,4.231504138789121e-06,2.3691653022249193e-06,4.681941285172538e-05,1
0.03223011653957232,0.9677431936112768,4.664567408002968e-06,7.591579795656122e-08,4.844125143504655e-06,2.61174458165543e-06,1.4493496219830109e-05,1
0.022974641575563306,0.9770105526357533,2.786700405693535e-06,5.80736700133409e-08,2.7016019453066724e-06,1.9979187083164986e-06,7.261493954201635e-06,1
0.03171563030756643,0.9682674070444703,3.6759661367051664e-06,8.714573585703485e-08,3.2224988668693188e-06,2.3628751757746655e-06,7.61416204800554e-06,1
0.02745065771984752,0.9725390732406428,3.4544080872691232e-06,9.216963193373431e-08,2.2571717120534775e-06,2.220459822766349e-06,2.244830255449035e-06,1
0.028122522035764774,0.9718661633371447,3.606217982781096e-06,8.54922238353405e-08,2.983420721932562e-06,2.318041742784716e-06,2.321454419320261e-06,1
0.02553162270692232,0.974459977577221,2.6828621545997564e-06,5.012669783136036e-08,2.208735270816634e-06,1.6900289265939192e-06,1.7679628067274686e-06,1
0.027336438433695306,0.9726549474889085,2.7513290493130757e-06,5.1405935878257936e-08,2.2651024028279905e-06,1.7331586238767942e-06,1.8130813839669808e-06,1
0.024790912815908072,0.9752009558960592,2.597126534276469e-06,4.852481026290613e-08,2.1381512163027933e-06,1.636021053644723e-06,1.7114644183613717e-06,1
0.03445149914006492,0.9655387959077644,2.8649420915278063e-06,6.027325575589081e-08,2.6558235757492965e-06,2.032121606536807e-06,2.0917916407930687e-06,1
0.04199716301278524,0.9579934830885548,2.761309640677951e-06,5.809301440540958e-08,2.5597554887210693e-06,1.958614451494085e-06,2.016126064499685e-06,1
0.027779148385871207,0.972214026799832,2.131985828948457e-06,3.9834103755652916e-08,1.9050375372933992e-06,1.3430126165198895e-06,1.4049442098948323e-06,1
0.03193294180385739,0.968059626277854,2.3513706258466845e-06,4.3933097587317956e-08,2.005888527898154e-06,1.4812107912480462e-06,1.5495152459477037e-06,1
0.2808684502250025,0.7191111623409375,6.6599122479363225e-06,1.2443405199306012e-07,5.152451420731883e-06,4.195312207260482e-06,4.255324132247343e-06,1
0.17845608989271766,0.8214833896879495,9.269952841131025e-06,1.8933389870191227e-07,3.6967745069504005e-05,6.3834200024013726e-06,7.709967520989866e-06,1
0.11626001658651922,0.8836478939298978,9.206157742798808e-06,1.7200819899371932e-07,7.084532694334003e-05,5.799281510397873e-06,6.06670918751044e-06,1
0.05413469270341097,0.9456341629158076,1.1043050527988907e-05,1.9127185587142802e-07,0.00017894049242811038,1.7249799146669074e-05,2.3719766822661454e-05,1
0.12459428447389331,0.8752167690572905,9.904911805125109e-06,1.6443561624955508e-07,0.00014487148902569922,1.751015805365886e-05,1.6495474315638412e-05,1
0.11896880004188932,0.8808691455396448,8.240421890952758e-06,1.6834606417285823e-07,0.0001307513709577477,1.8500580807674015e-05,4.393698745427439e-06,1
0.1691590179645026,0.8307418325468855,8.292013838702217e-06,1.6676358054673566e-07,6.451794890670273e-05,1.7229745374892607e-05,8.943016911104675e-06,1
0.3764314527460072,0.6232724480352251,2.0772542659252773e-05,1.9727800615861128e-07,0.00022540498395714497,1.6187351450469468e-05,3.35370626945e-05,0
0.38268258197239563,0.6171063935841707,1.3949737187477672e-05,1.9143455655722375e-07,0.00016357898638080174,6.603600659667136e-06,2.6700684649196574e-05,0
0.22096498087976874,0.7788448110429929,1.4271822491739753e-05,1.6578785063350527e-07,0.0001569231923257519,6.893943359008907e-06,1.19533312112879e-05,0
0.29580478394667,0.7039143063471359,1.1403032741866483e-05,1.3246271035613743e-07,0.0002574936853840307,5.508186630603803e-06,6.372338727386865e-06,0
0.1739511024408171,0.8259866942768553,9.223843273951322e-06,2.8946897899301836e-08,4.409717597103423e-05,4.054354163738887e-06,4.798962021144633e-06,1
0.2243087391254216,0.7756323767532595,8.357975633289582e-06,2.727376148788326e-08,4.276261228834232e-05,3.8200116929243665e-06,3.916247942843005e-06,1
0.16426934078947752,0.8356561316654082,9.347037164563465e-06,1.1967177805945195e-07,5.410192688206959e-05,4.793025496659419e-06,6.165883793128599e-06,1
0.2091630673462016,0.7906540544098422,1.1839415530772198e-05,1.9060707546357188e-07,0.00014933258401420078,1.320455810107906e-05,8.311079234488806e-06,0
0.2585272641128076,0.7412895054025969,1.1348994370022802e-05,1.8271160605015936e-07,0.0001508845234996846,1.284744365039572e-05,7.966811469355948e-06,0
0.2380605484247563,0.7617266963188337,1.045777515734475e-05,2.137380121117273e-07,0.00017877910571380742,1.5497918655095206e-05,7.806718871599695e-06,0
0.23622203673553238,0.7635551754029953,1.1148886271210162e-05,1.9022927358379008e-07,0.00018832408718679145,1.5378230177543703e-05,7.746428563126102e-06,0
0.09345535552012357,0.906489182755078,8.066189459623707e-06,1.3295978104870846e-07,3.322413428888639e-05,9.349017971046687e-06,4.689423298063304e-06,1
0.0701366181663357,0.9298056680122653,7.785624744842802e-06,1.4167707507876105e-07,3.499514023425738e-05,9.794501556595523e-06,4.996877788422469e-06,1
0.06592595614046949,0.9340248295141281,6.7851270340020745e-06,1.2129182038065211e-07,2.8602642118545152e-05,9.427384120860423e-06,4.277900308433643e-06,1
0.04231647456897267,0.9576102086944381,6.809193432595588e-06,1.1689091418567683e-07,5.1467893078957704e-05,1.0800076560080519e-05,4.122682603647052e-06,1
0.040613262722964207,0.9593149381330607,6.803072743765758e-06,1.169412241538723e-07,5.0897686727456236e-05,1.064505677921162e-05,3.336386500436219e-06,1
0.04680293492700714,0.953125919211555,6.65105781661334e-06,1.1190744741835576e-07,4.927363754994714e-05,1.1916488071527732e-05,3.1927705526119615e-06,1
0.06948021059979494,0.930081447948117,1.1485491136059059e-05,1.9937728361910238e-07,0.0003972299453129494,2.3738249494070086e-05,5.688388861356047e-06,1
0.05470382760679137,0.9449990550040466,1.41718147807767e-05,2.4242715457970467e-07,0.00024705167947749345,2.8734832610042174e-05,6.916635139015949e-06,1
0.13332782510093996,0.865168711460079,1.992147817599635e-05,1.5829835597372295e-07,0.001448525447617691,2.9727239902943785e-05,5.1309749283060374e-06,1
0.048988610794037456,0.9507522891009293,2.0336073482737896e-05,1.232036492631496e-07,0.00021093809836081974,2.418767319320958e-05,3.515056347154201e-06,1
0.030702569001837984,0.9690468818276652,2.0088332832347327e-05,1.2045088955256201e-07,0.00020102085991967547,2.5883007999216438e-05,3.4365188561727115e-06,1
0.03226209075526459,0.9675517440684164,1.9661882538493295e-05,1.251100349783198e-07,0.00013592455202854635,2.6884185315319014e-05,3.5694464017370853e-06,1
0.03039044143357378,0.9694187500009882,2.2056723333413105e-05,1.2446224332598558e-07,0.00013522076523665052,2.9855650014330892e-05,3.5509646102253134e-06,1
0.0385549824981813,0.9611947503745553,2.640577471593658e-05,1.3675941555884276e-07,0.00018889371560286633,3.032596774848555e-05,4.504909780602275e-06,1
0.04004705514916202,0.9596688652427855,2.9071884523930886e-05,1.6000514992880278e-07,0.00021494188364016547,3.571586628996491e-05,4.1899684484297595e-06,1
0.02606179920017999,0.97361254509543,5.231805007434813e-05,1.623299732779662e-07,0.00023268967066434755,3.623480633610379e-05,4.250847341924763e-06,1
0.03112442144324363,0.9685619823359852,3.4845044970911925e-05,1.6148789526458256e-07,0.00023148260550163476,3.865032853156903e-05,8.45675387162489e-06,1
0.017505482607579535,0.9821447735616182,3.4162418898757054e-05,1.5601891424508366e-07,0.0002554432444154641,4.998137264408742e-05,1.000077592968231e-05,1
0.024007738473230573,0.9708179877459174,4.892229741643035e-05,2.1165753625475812e-07,0.005039405780665386,6.405079218449229e-05,2.1683253049542172e-05,1
0.021018863403945258,0.9726155332201952,3.628528985194735e-05,1.7175513441537707e-07,0.006268072323883705,5.19548760455785e-05,9.11913094382261e-06,1
0.007836517989105365,0.9920196822126083,2.256045852940593e-05,1.4277745006569823e-07,7.999813710077758e-05,3.7864540886995066e-05,3.233884318965564e-06,1
0.009648202543816207,0.9901955446531356,3.1498879044060845e-05,1.525403918195664e-07,8.392021041826888e-05,3.756458004891563e-05,3.1165931452890724e-06,1
0.007882781105044177,0.9919746801635634,2.8807957612994893e-05,1.269749903900645e-07,7.788124923577454e-05,3.321744235996666e-05,2.5051071931367273e-06,1
0.005203310686817614,0.994625795303615,3.296186316280687e-05,1.3010277918616416e-07,0.00010107303554949854,3.4162192303896646e-05,2.566815772028141e-06,1
0.006029572984643524,0.9937995967209343,3.2890107320820015e-05,1.298195538593912e-07,0.00010116131614412572,3.408782342308506e-05,2.5612279802811374e-06,1
0.00425756884831002,0.9955714403222518,3.2948747036910986e-05,1.3005100891993922e-07,0.00010134167648166482,3.4004560521570715e-05,2.5657943892667615e-06,1
0.004255490964585049,0.9955721527277354,2.672298796650719e-05,1.215192913869172e-07,0.00010873136643477055,3.4382963035808844e-05,2.3974709509571606e-06,1
0.004382148518720565,0.9926403612747793,3.216040546907158e-05,1.4660276200282977e-07,0.0029013881017878667,4.059011854183652e-05,3.2049779394107287e-06,1
0.004652828509170572,0.9934382481602605,2.436257031981291e-05,2.7250171188883646e-07,0.0018455393002237699,3.572104023849028e-05,3.027918074848124e-06,1
0.0061605877280002915,0.990162829311366,2.4465851634632773e-05,3.215129439102671e-07,0.003597277986996102,5.027029108912505e-05,4.2473179701147574e-06,1
0.006610881967397948,0.9889210775924789,2.8312492223773384e-05,8.11090915205149e-65,0.004399005653680324,3.754017588370142e-05,3.182118335085789e-06,1
0.0055378305529459595,0.9913930967963734,3.0473518788053394e-05,2.961972982229806e-07,0.0029970077078469086,3.828335214022072e-05,3.0118746073016253e-06,1
0.005538770756296934,0.9904859424680802,2.6117492066382304e-05,4.563199472568786e-07,0.003900403305783441,4.550800897316702e-05,2.801648852746497e-06,1
0.0018905268876331968,0.9921059226127006,3.281558736475175e-05,6.380012384705271e-07,0.005875359774665833,9.064403511093735e-05,4.093101286151889e-06,1
0.004081021468609271,0.9826922612085275,5.305359901391693e-05,1.3970413734139996e-06,0.013028602718379157,0.0001347012356607769,8.962728436133595e-06,1
0.004062277311677638,0.9791064493332745,6.194165563168494e-05,1.269724689563775e-06,0.01660980649723774,0.00014936917107792594,8.886306410838511e-06,1
0.7879363682477455,0.21131681967609178,1.1920329021530034e-05,2.2299178193382141e-07,1.7436200655219352e-05,7.585045677041738e-06,0.0007096475090268157,0
0.6310639627743367,0.3688997175466473,1.0482029506988894e-05,2.0271772332296768e-07,1.2902059172320524e-05,6.4763345413690565e-06,6.256538071958496e-06,0
0.48800172229340266,0.511891785703075,1.6096066796086464e-05,2.000491118229516e-07,1.2228273989848613e-05,6.91127200083151e-06,7.105634162373237e-05,1
0.39308070627858266,0.606884822277981,1.1397965966820464e-05,1.6570844009469047e-07,1.1467534799151233e-05,5.81074369247611e-06,5.629490537730115e-06,1
0.19808045191022144,0.8018841430475944,1.1840882775207436e-05,1.366352351275336e-07,8.573036842037097e-06,4.902134492829807e-06,9.952352839083294e-06,0
0.11146747732392065,0.8884830904151996,6.8586822076368345e-06,1.0163575158306306e-07,6.185363644996069e-06,3.49659268089931e-06,3.278998659445312e-05,1
0.0808994993337769,0.9189840666975668,5.944145287701557e-06,8.808363699396822e-08,5.360607045211373e-06,3.100481917975175e-06,0.00010194065076817825,1
0.11603077864282897,0.8838203742854446,9.737371822257455e-06,1.3210661697004486e-07,9.00007992213741e-06,4.544887235062311e-06,0.00012543262613010672,1
0.14477537169311183,0.8550385914136155,1.0984052550714919e-05,1.7876536905730415e-07,1.256239865020626e-05,6.150096509427471e-06,0.00015616158019303092,1
0.060698499434258354,0.9392165351426983,4.288256156722416e-06,8.028270511242183e-08,5.324176382019607e-06,2.7619800584587965e-06,7.251072774104014e-05,1
0.289118455610302,0.7106541877082211,1.5380115309200307e-05,2.5031125595025796e-07,1.738778791070838e-05,8.439280493424647e-06,0.00018589918650766804,0
0.5509144449708663,0.4489852133140678,1.4661855459440892e-05,3.3179800776620966e-07,2.4975300339013483e-05,9.983924099568294e-06,5.038883716010997e-05,0
0.03919353125023902,0.9607757524398768,4.940989637465589e-06,9.231763701332204e-08,6.4201397116653125e-06,3.1760199424991873e-06,1.60868429554489e-05,1
0.022530998189790104,0.9774576200976783,2.064093356848619e-06,4.0600111581966604e-08,2.3269929235730353e-06,1.3294412651809773e-06,5.620584874535923e-06,1
0.025649009138765992,0.9743382390840405,2.2431208003608536e-06,4.911320404966896e-08,2.052225113881736e-06,1.6082005094263025e-06,6.799117565582679e-06,1
0.021155701878449926,0.9788344709691217,3.129990747668049e-06,7.420235573109136e-08,2.5770225748305793e-06,2.0119275213721595e-06,2.0340092288272238e-06,1
0.02887946551115995,0.971110156607669,3.2606149890947146e-06,6.09214536134595e-08,2.8117606301432295e-06,2.095891509598153e-06,2.148692588582713e-06,1
0.02972836061270284,0.9702615320088649,3.1885042654803708e-06,5.957413412974324e-08,2.7495766267119486e-06,2.008550618969029e-06,2.1011727869791214e-06,1
0.023644896353100357,0.9763471251963868,2.508962778660148e-06,4.687755532292338e-08,2.188760637514029e-06,1.5804836131492136e-06,1.653365928074114e-06,1
0.020552664803721025,0.9794405640464382,2.1577419544464084e-06,4.669215200200682e-08,1.7799809496550006e-06,1.3619646199568492e-06,1.4247701647422707e-06,1
0.030007373633338885,0.9699855537943733,2.237677821707772e-06,4.1808856940477226e-08,1.9089003759581775e-06,1.4095917080942924e-06,1.4745935252154155e-06,1
0.08005820337923449,0.9199282237292083,4.226270425861185e-06,7.896379626793111e-08,3.820337512840414e-06,2.662275905255878e-06,2.7850439171033477e-06,1
0.3472428200768379,0.6526993450668911,8.832877516608142e-06,1.739334965521684e-07,3.525840356843255e-05,6.2231966817854495e-06,7.346445007547783e-06,0
0.2871208978136347,0.7128252039214108,8.957150630425987e-06,1.9382699487252714e-07,3.31790814172859e-05,5.6537447534565124e-06,5.914461158358281e-06,1
0.08533932283919,0.9145712138558915,8.74467183169058e-06,1.6338577879971456e-07,6.942994953839174e-05,5.537924890291278e-06,5.587372879501083e-06,1
0.10078764957569879,0.8991371981482454,8.205597678030232e-06,1.6107849733456664e-07,5.622887837425307e-05,5.274478146632329e-06,5.2822433596032715e-06,1
0.16554605431484154,0.8341798732632679,1.0536255994528468e-05,2.1524835151267627e-07,0.0002342189676725861,2.3654960633887674e-05,5.446989237932572e-06,0
0.1236830217249303,0.8761728097056326,9.141542692566471e-06,1.2283072019476547e-07,0.00010720435428426204,1.1432290049238303e-05,1.626755169072415e-05,1
0.4140871608985441,0.5857125500327187,1.324007695481665e-05,1.8169577150916485e-07,0.00015525728827471406,6.267657930599334e-06,2.5342349805629276e-05,0
0.40301161208621705,0.5966350172990504,1.552727829221816e-05,1.8037178473492425e-07,0.0003170071305746344,7.500385961784179e-06,1.3155448118977623e-05,0
0.3013024374075803,0.6983432205157535,1.1215563967983162e-05,3.712771647613133e-08,0.0003314041784985484,5.417630634025058e-06,6.267575849384563e-06,1
0.14268904341248187,0.8572409232001332,1.1255677791979546e-05,3.5323340407571476e-08,4.782436732643581e-05,5.061938261929796e-06,5.8560806641732605e-06,1
0.13961951560551572,0.8603113754049825,9.742768551711038e-06,3.6204640029708016e-08,4.783219714447485e-05,5.070886475011709e-06,6.426932690601287e-06,1
0.12562697392033095,0.8741500008823636,1.2983256093892789e-05,4.243483397361466e-08,0.00019660758020517068,5.857137959331864e-06,7.534788213151219e-06,1
0.27662225284766406,0.7231530131750956,1.229001473763954e-05,2.3350869763197723e-07,0.00019411400064041698,7.91472573816128e-06,1.018172742665344e-05,0
0.13467104421942325,0.8652759120082119,7.513151937722045e-06,1.48555469843716e-07,3.503186715606363e-05,5.110722556767358e-06,5.23947524465805e-06,1
0.062041714116875826,0.937902200644959,6.722378124591376e-06,1.2486974715374706e-07,3.325260709229438e-05,1.0900552239531821e-05,5.0848309615399725e-06,1
0.08338238994223221,0.9163891849579768,9.618983920426188e-06,1.66563281942225e-07,0.0001961506471690798,1.7736725529815955e-05,4.75217988986726e-06,1
0.08944291226857305,0.910288286189038,1.1447286990155191e-05,1.9871409571158776e-07,0.00022799917739485312,2.365928904419201e-05,5.497074864113297e-06,1
0.07660540091087424,0.9226998274483721,2.016795480289505e-05,2.2171870120100815e-07,0.0006427429379648173,2.3846046511562324e-05,7.792982773463383e-06,1
0.09120746307854004,0.9080336358686202,2.0334194037505277e-05,2.2354627110319467e-07,0.0007074953872403857,2.4042603304717817e-05,6.805321985870704e-06,1
0.09154935355811451,0.9077477026062261,2.0772619482509686e-05,2.2347587798991376e-07,0.0006522575160840226,2.4035032461824105e-05,5.655191753126647e-06,1
0.11696206622091548,0.8809741932219436,1.973636660015826e-05,1.6755197332766027e-07,0.0020197308781209717,1.8674845077365935e-05,5.430915368919783e-06,1
0.06272992253268311,0.9354165749933266,2.578671974149871e-05,1.541812818435854e-07,0.00179289303513125,3.0269626031963273e-05,4.3989118035341645e-06,1
0.047777423329616306,0.9519749629916724,1.947980479438667e-05,1.1680211769569549e-07,0.00019997797742680936,2.4706676642679946e-05,3.332417729692261e-06,1
0.043965941086865495,0.9558540652219132,1.9619818150909796e-05,1.1764164646511605e-07,0.00013201560280844138,2.4884258746904627e-05,3.35636986866882e-06,1
0.02400562078500698,0.9757685746352908,2.1287987826219204e-05,1.3406373312913315e-07,0.00016887403150190388,3.16835971445197e-05,3.824899496704239e-06,1
0.019148011232079123,0.9805420838819208,3.2865212331266527e-05,1.5231244417191343e-07,0.00021833018115364282,4.879398800666923e-05,9.763192064474655e-06,1
0.02892642880916139,0.9670458835680704,3.661787105864426e-05,1.7373897107227827e-07,0.003927830258380518,4.795845038195329e-05,1.510730397587443e-05,1
0.02410474593581951,0.9712838693965513,4.1044569956844784e-05,1.7135417143045804e-07,0.004518074391596229,4.218428793944415e-05,9.910063965205321e-06,1
0.024023640380647936,0.9711690762620071,4.365211254055142e-05,2.0004305144512461e-07,0.004696900500930012,4.979135574540444e-05,1.6739345077723595e-05,1
0.018149128673156472,0.9759392327914677,4.395343549457292e-05,2.0373394282812052e-07,0.005787807122417293,6.165299220578937e-05,1.8021251315478938e-05,1
0.026227084057957175,0.9690705423678657,3.358438983692367e-05,1.8318899301488498e-07,0.004596721086551022,6.215871097129155e-05,9.726197824920343e-06,1
0.0073036811178218055,0.9925439074379779,1.8525547153404073e-05,1.221047631462529e-07,7.606070103531259e-05,4.541220870101184e-05,1.229088254740208e-05,1
0.007617323171734382,0.9922345789426966,3.1526134304483024e-05,1.2700825801840494e-07,7.813980145208875e-05,3.5799178019576064e-05,2.5057635347895066e-06,1
0.004251169782363929,0.9955705840485651,2.908998814510596e-05,1.2985554408728826e-07,0.0001094458585464995,3.6741642593455415e-05,2.838824241777196e-06,1
0.007852007705148932,0.9882464136909035,3.5756741050705074e-05,4.843458557452356e-07,0.0037866540723907774,7.245352492183354e-05,6.229919728441078e-06,1
0.0018628989975218013,0.9916678144737108,2.8351646978190765e-05,6.377195008769006e-07,0.00638265933380832,5.4119222892406065e-05,3.51860558771705e-06,1
0.003819482428610309,0.9866944863555335,5.02994017710012e-05,1.3245160863380613e-06,0.00931216146625353,0.00011374838978147467,8.497441963460436e-06,1
0.7292425453963419,0.26856076056277045,8.454647241829482e-06,2.0940658158409055e-07,1.6560928781685053e-05,5.913361924414768e-06,0.0021655556963581625,0
0.758126095642183,0.24067389389728025,9.875459545682824e-06,2.0843302769554281e-07,1.693476700167475e-05,7.08983094338424e-06,0.0011659019700184642,0
0.6818639461801067,0.3177237895077277,1.147834856842116e-05,2.147237208223664e-07,1.6596549214487784e-05,7.303808311937537e-06,0.0003766708823498334,0
0.7341847572130188,0.2654857174685154,1.0201880761766311e-05,2.148913454066354e-07,1.770325942189058e-05,7.309510047298586e-06,0.0002940957768893658,0
0.7606924998337897,0.23924138013257001,1.0823236123514683e-05,2.402998082353791e-07,1.8403977586256937e-05,6.700487222073348e-06,2.99520329001175e-05,0
0.7690006324051332,0.230955814687219,9.480526598795291e-06,2.3477238240822746e-07,2.004539677853872e-05,6.546361230888576e-06,7.245850657277255e-06,0
0.6925558078207147,0.3073921743056227,9.81735698963355e-06,2.4311353018103583e-07,2.1825211214698802e-05,6.778944662725455e-06,1.3353247265534937e-05,0
0.3354860968044749,0.6644693161978066,1.4083302475140384e-05,1.7503357729422505e-07,1.1297823807010158e-05,6.137739602477473e-06,1.2893098256827233e-05,1
0.3476432805654914,0.6523006751833359,1.1619619451789476e-05,1.8553427155828487e-07,1.1535048678556756e-05,6.409815092557331e-06,2.6294233678284326e-05,1
0.3169026956668854,0.6830577833521545,1.0350588289707458e-05,1.6527123512937748e-07,1.1035711638742665e-05,5.795412632736123e-06,1.2173997163803413e-05,1
0.2537961615036848,0.7461683243929013,1.3009691041684133e-05,1.6442345366838885e-07,1.0988468007252607e-05,5.765684269025603e-06,5.585836642226402e-06,1
0.3033139816936469,0.6966227664880993,1.2997624031167334e-05,1.889649442200276e-07,3.587998600842433e-05,6.626257884620613e-06,7.558985385398438e-06,0
0.3990113471179189,0.6009250927671939,1.3500778967037276e-05,1.962800230500279e-07,3.512868340557864e-05,6.882768947950282e-06,7.851603543741214e-06,0
0.4449323972960663,0.5550290807558822,1.261262973283263e-05,1.8336773461191793e-07,1.1960879321408639e-05,6.4299857429771055e-06,7.335085519731035e-06,0
0.2866285077708224,0.7133153654366857,1.1921869884942427e-05,1.7332517638642946e-07,3.102040214221429e-05,6.077832697352297e-06,6.9333625907940676e-06,0
0.24994996102777214,0.750009289313812,1.3383227308982784e-05,1.5443277708625543e-07,1.0547942565496485e-05,5.415350508717274e-06,1.1248705255619636e-05,0
0.17863932945360575,0.821320219760816,1.1162361725350583e-05,0.0,8.074921073398765e-06,4.516705862665197e-06,1.669679691684411e-05,1
0.14961918385404557,0.8503492031625126,8.716361220044518e-06,1.0058051307212898e-07,6.231038932630064e-06,3.526963271067633e-06,1.3038039505064326e-05,1
0.12226098810453338,0.8777156673695812,7.856006982996774e-06,9.065264656895527e-08,5.616000086538007e-06,3.1788320133592342e-06,6.603034155932383e-06,1
0.2267586269908494,0.773199272342479,9.101725798379993e-06,1.3487441380376127e-07,8.302578728752862e-06,4.640108237517139e-06,1.992137949307411e-05,1
0.1481534122402495,0.851806682780159,8.352236665500085e-06,1.2376806873374614e-07,7.341018249497482e-06,4.356548755564748e-06,1.9731407852377557e-05,1
0.10979665250120402,0.8901678144520512,7.158654317506108e-06,1.0608090444443545e-07,6.4558874171621305e-06,3.649520058504726e-06,1.8162904047369172e-05,1
0.08590920952921434,0.9139924598726645,6.265326117182597e-06,2.1164172557000624e-175,6.325156839689713e-06,3.2680106888931023e-06,8.247210447553432e-05,1
0.4839069831337356,0.5159922416729138,1.4026089026579588e-05,2.764849413564099e-07,1.7306037110186994e-05,8.319533585388535e-06,6.084704868711395e-05,0
0.03098970163534604,0.9689823703752075,3.4128269669083953e-06,9.024167843557029e-08,4.538229498012374e-06,2.4468187651253425e-06,1.7439872538331016e-05,1
0.03441721702190611,0.9655531652518876,4.405507049661676e-06,1.0444088421615207e-07,5.252303700076262e-06,2.8318169583782477e-06,1.7023657613899448e-05,1
0.034748275829714174,0.9652257257594528,3.987816402550714e-06,1.0544549985933491e-07,4.564701431166076e-06,2.8590561725649923e-06,1.4481391326739631e-05,1
0.034817935155313444,0.9651625022072345,3.947496817662384e-06,8.974758821481271e-08,4.450281829573822e-06,2.5425037807317784e-06,8.532607435796902e-06,1
0.03370255428578721,0.9662776601767924,3.99247525777628e-06,9.077018727146681e-08,4.500989086351291e-06,2.571473494786854e-06,8.629829394494681e-06,1
0.020728977898152555,0.9792572761450892,2.418003471813555e-06,5.2942265920267304e-08,2.212224793916902e-06,1.733582254927848e-06,7.329203971628579e-06,1
0.026062880374348087,0.9739197540105895,3.55152295259512e-06,8.485360772501993e-08,3.0869347534325905e-06,2.2828843108991956e-06,8.359419437765125e-06,1
0.025214082247187377,0.9747733098268859,2.1949923881360674e-06,5.803980078079832e-08,2.1279631257117217e-06,1.5736949504544768e-06,6.653235661715305e-06,1
0.01996184133070391,0.9800282589811888,1.721007431798164e-06,4.5506731150288906e-08,1.6827603568269716e-06,1.233872481633184e-06,5.216541105657272e-06,1
0.01856398785018397,0.9814211680100048,2.5805737168119716e-06,6.82353092582325e-08,2.523223937495521e-06,1.8501366334445795e-06,7.821970214192064e-06,1
0.027970942221220027,0.9720204139751949,2.749534157410711e-06,5.1372400050159e-08,2.2636247119055335e-06,1.7673737362862334e-06,1.8118985792075055e-06,1
0.022792086738977917,0.9772001307388969,2.4800329184679393e-06,5.3666321758476644e-08,2.0458476697334225e-06,1.5653943625285125e-06,1.6375808527662296e-06,1
0.03499336317037893,0.9649964965245216,3.188795621218377e-06,5.9579577831357e-08,2.7818309606518434e-06,2.008734154162708e-06,2.101364785702365e-06,1
0.02846702217204817,0.9715253634078278,2.370946415139892e-06,4.4298852373872545e-08,2.1432172147024233e-06,1.49354226720916e-06,1.5624153747610264e-06,1
0.12473951827941412,0.8752393450888333,6.581436335869554e-06,1.229678050878783e-07,5.949289938579825e-06,4.145877479051919e-06,4.337060193984496e-06,1
0.07524232139038622,0.9247427828036962,4.67123192809228e-06,8.727747378232941e-08,4.1943809722833935e-06,2.9582506994895873e-06,2.9846648440592812e-06,1
0.4419327862484095,0.5580422326248621,6.852089937085704e-06,1.2729322684583905e-07,6.699719944988062e-06,4.314575812495967e-06,6.987447806803288e-06,0
0.4235369482040284,0.5764181176193353,7.391528616837092e-06,1.3810359986360174e-07,2.5167504835545226e-05,4.656183006936871e-06,7.580856577288553e-06,0
0.15968716889871362,0.8402614951881736,7.844010324661973e-06,1.6020977470745177e-07,3.128121350499571e-05,5.526491104687283e-06,6.5239884035994944e-06,1
0.14600427434960658,0.8539331735161056,1.0028211645245933e-05,1.8736748515697175e-07,3.941100364890696e-05,6.317122083001693e-06,6.608429425413795e-06,1
0.11700035215460917,0.8829155189487542,8.232123273911688e-06,1.5380930218661963e-07,6.510479551808206e-05,5.2133323303600854e-06,5.424836212221525e-06,1
0.08903921389902748,0.910871929035956,8.68203298881474e-06,1.6221543229348054e-07,6.896721029848162e-05,5.498256253921867e-06,5.54735004289566e-06,1
0.0344789935133408,0.9653491441292734,5.899882007876287e-06,1.6813589098076565e-07,0.00013447618575400248,1.0467495331573143e-05,2.085065840143779e-05,1
0.16926693979869478,0.8304426914269581,1.126772365487694e-05,2.3019172496113898e-07,0.0002466791288440884,2.5184103473153018e-05,7.007626649788274e-06,0
0.16809816640941036,0.8317965190019164,7.368398181696696e-06,9.887423942302887e-08,7.200530076473935e-05,9.033494198126273e-06,1.6808521289165404e-05,0
0.2872617897478457,0.7124942544462025,1.103462220846211e-05,1.2818308940939393e-07,0.00022129631271725262,5.330227484067193e-06,6.166460452481054e-06,0
0.24962185724395894,0.750319534977598,8.306934881351253e-06,1.1035975803014716e-07,4.2501468204917286e-05,3.796683523786916e-06,3.892332075107821e-06,1
0.15247765299857768,0.8474691567431697,8.998280730578304e-06,9.731832001354616e-08,3.5366317725254296e-05,4.046734667027921e-06,4.681606809559798e-06,1
0.1463457759002668,0.8535680195623085,1.030493515857882e-05,3.6827589045994956e-08,5.9587335808308004e-05,5.15813782563193e-06,1.111730104300389e-05,1
0.2732044803472625,0.7265983997446447,1.1866037212843092e-05,2.346212252935322e-07,0.00016683657783967619,7.952434617559011e-06,1.0230237197464707e-05,1
0.07303502731083285,0.926912345344251,7.588016408488055e-06,1.4177637926695224e-07,3.5019669001453246e-05,4.877502930714651e-06,5.000380196218465e-06,1
0.05403980655210822,0.9459107291469621,7.061070369023252e-06,1.2175730462821624e-07,2.871241109804528e-05,9.274744459142527e-06,4.294317699152788e-06,1
0.046902006306728014,0.9530256049500843,6.688170909580038e-06,1.1650987959425862e-07,5.070994762667581e-05,1.0764871062818182e-05,4.109243708995819e-06,1
0.046582337981601094,0.9533534969081789,5.87924225378284e-06,1.0255437303513761e-07,4.48252281018465e-05,1.0432162419712202e-05,2.92592307144754e-06,1
0.06343818521926747,0.9364910735926939,6.790889504016898e-06,1.1594852757785144e-07,4.8179482250902325e-05,1.2346803342116406e-05,3.308064414027176e-06,1
0.06662583911826586,0.9333038454036091,6.748299068007369e-06,1.3317907743694189e-07,4.787731489056381e-05,1.2269367869583154e-05,3.287317219472223e-06,1
0.058995285366081965,0.9409163170428145,7.814546029964058e-06,1.5061090808967202e-07,5.835256614955029e-05,1.7851674168738896e-05,4.228193847482932e-06,1
0.047480866039297964,0.9524234430812227,7.907636883367664e-06,1.6446114014787502e-07,6.533488736143862e-05,1.8122152636757255e-05,4.161741457681011e-06,1
0.10622826168372651,0.8930656117197422,1.9373506504249223e-05,2.496921551557002e-07,0.000656668674159849,2.2107023764036332e-05,7.727699947904337e-06,1
0.13588226910826373,0.8628776785881414,2.0713990573799357e-05,2.1448612006492647e-07,0.00119399181827398,1.9438364368648056e-05,5.693644258478084e-06,1
0.10425445204107596,0.8935530477280984,2.003334829416244e-05,1.6104801149980785e-07,0.002149019086553996,1.8765495977359718e-05,4.521251988751061e-06,1
0.10425722085914498,0.8935767789527679,2.1628794381884536e-05,1.6105228865666295e-07,0.0021209229749948495,1.876599435650151e-05,4.521372065390053e-06,1
0.11304510180859638,0.8850547062974972,1.970172797109818e-05,1.5688627102241672e-07,0.0018577619975037696,1.748607759086062e-05,5.08520456993925e-06,1
0.10621678166291229,0.8918126401430195,2.0736918632653764e-05,1.6266496459688332e-07,0.0019261901477039191,1.8130153605660497e-05,5.35830916145782e-06,1
0.03428187675375095,0.9654985830169085,2.5148429416303816e-05,1.2879395125440186e-07,0.00016022220948306922,3.0366246275514305e-05,3.6745502145386752e-06,1
0.03983459071406837,0.9599360653198747,2.6655593994294792e-05,1.3651267109876264e-07,0.0001698244488413561,2.8832641735222526e-05,3.8947688147432444e-06,1
0.03724194360372486,0.9624998296673146,2.519238239114734e-05,1.4950985172537793e-07,0.00020084309265616828,2.8126610318670434e-05,3.915133742491988e-06,1
0.03065366517061265,0.9690684271457506,3.289831414358341e-05,1.5507874471431552e-07,0.00020978378679041072,3.1009540622074045e-05,4.060963335643913e-06,1
0.029257316590678557,0.9704670772239051,3.19270137029074e-05,1.5217907671225758e-07,0.0002058612419243993,3.199818844047063e-05,5.667562271731936e-06,1
0.03500104739713017,0.9607702805769639,4.363548285403962e-05,1.8076992793834855e-07,0.004117695102525427,5.144199657702815e-05,1.571867402118681e-05,1
0.02721266245514855,0.9656262975322378,3.702316659032828e-05,1.917331354099745e-07,0.007039727567734588,6.505786374730343e-05,1.903968140591207e-05,1
0.021109440276228585,0.975754085762437,2.8024299458732227e-05,1.7163393246805125e-07,0.003039518876211299,5.823790952484191e-05,1.0521242207069616e-05,1
0.023468652408544167,0.9738033801099351,2.7988337202699618e-05,2.1115176440232668e-07,0.002638722925237215,5.445775160835629e-05,6.587315708122111e-06,1
0.026413465199821802,0.9734249256392972,2.096718574515178e-05,1.3604186480528185e-07,0.00010014785292298398,3.386087483024526e-05,6.497205517746095e-06,1
0.014028047648589628,0.9858059621098225,3.16022477437062e-05,1.39291204099504e-07,8.543550938258986e-05,4.123874654465864e-05,7.574446712763688e-06,1
0.007394904133212707,0.9924511686072414,3.222365245105517e-05,1.2981832549692092e-07,7.962523432636322e-05,3.938735069736053e-05,2.561203745747623e-06,1
0.006308799965111218,0.9935378052921384,3.22154687680752e-05,1.297853561734567e-07,8.441009149055283e-05,3.407884384608793e-05,2.560553289393113e-06,1
0.0044720909961391735,0.9953678757080693,3.163796094769379e-05,1.277044960008829e-07,9.137413827463549e-05,3.410169275811576e-05,2.7917993149953916e-06,1
0.0036345349909357467,0.9961956641939526,2.8309246902167503e-05,1.2159539704268383e-07,0.00010282829644803897,3.4404496554636796e-05,4.137179809588888e-06,1
0.008354797737287716,0.9874549928179543,3.480401721872684e-05,4.74224466487281e-07,0.0040787086190848506,7.093946153067175e-05,5.283122456992618e-06,1
0.007230438261685539,0.989177323176785,2.892073657836864e-05,1.8376011597717746e-07,0.003493992856473719,6.482921331478946e-05,4.311995046749025e-06,1
0.0043385442730432535,0.9936528500426696,3.334912247996436e-05,1.406890136507549e-07,0.001938177171762217,3.4161365564951174e-05,2.777335466284535e-06,1
0.004161054199641868,0.9942043454055213,3.364756243759173e-05,2.521869745277809e-07,0.0015634313814416078,3.446707425332287e-05,2.8021897298224414e-06,1
0.005558117798066867,0.9903155189187187,2.5229385257299466e-05,2.763403032080823e-07,0.00405875755885765,3.902942799842353e-05,3.070570797860158e-06,1
0.006484704575820934,0.9882470627538352,2.8259461145011017e-05,2.897182913405026e-07,0.005193638712871694,4.301335807042639e-05,3.0314199653979668e-06,1
0.006371310909936067,0.9893821353719879,2.6088386481094366e-05,2.7521598546030454e-07,0.004177682795364889,3.970879357652188e-05,2.7985266682188553e-06,1
0.005379602630599132,0.9906440297408889,2.6121660568847966e-05,2.7556700605170963e-07,0.003907408865292422,3.975943963249824e-05,2.80209601207255e-06,1
0.009510708297640655,0.9698976449680309,0.00012377890894272028,3.561729707661136e-06,0.02017105799849548,0.00027548860871565167,1.7759488466997567e-05,1
0.7811261634850164,0.21314177822450678,1.07314969040751e-05,2.431504196423432e-07,1.8348264718505093e-05,6.710945832231573e-06,0.005696024432602404,0
0.7258280946881773,0.27290132658383065,1.34936731575018e-05,2.5242409138113613e-07,1.9232129927130074e-05,8.586183071445641e-06,0.0012290143177447733,0
0.7661036776066231,0.23364931198475644,9.593461191528824e-06,1.980138541031212e-07,1.7088626887280577e-05,6.735423678102154e-06,0.00021339488300961212,0
0.7363568937415004,0.26357768873638626,1.0727465035424955e-05,2.3817347801031314e-07,1.831848637674995e-05,6.641196918815979e-06,2.9492200304157658e-05,0
0.5784308044874464,0.421531136225617,8.183695499765752e-06,1.582689801602642e-07,1.4712862806917693e-05,4.413150751146945e-06,1.0591308898447147e-05,0
0.6083622361640666,0.3915835941864891,1.0066453745773368e-05,1.809867608296761e-07,1.2052885685228057e-05,6.219570557340834e-06,2.5649752695076973e-05,0
0.4912345671054846,0.5087161618423901,1.0112756742334334e-05,1.61473700874617e-07,1.0563484645023181e-05,5.549008508361323e-06,2.288432852881713e-05,0
0.44015458503279636,0.5597814124354921,1.3277652801052533e-05,2.120086333866741e-07,1.3181014406933035e-05,7.285630440973204e-06,3.004622542920153e-05,1
0.42348623904897625,0.5764515079525981,1.2959593909103558e-05,2.0693008283041643e-07,1.2648882699523631e-05,7.111107158889645e-06,2.932648457511749e-05,1
0.21940004254925394,0.7805569613681372,1.077207380035551e-05,1.7200123239950452e-07,1.110209622792371e-05,6.031407185369808e-06,1.4918504162548325e-05,1
0.2448204429751099,0.7551401771295151,1.0421309552341815e-05,1.6640046470535358e-07,1.1111162578993851e-05,5.835010275633559e-06,1.1846012503126372e-05,1
0.2456766573027461,0.7542912800948013,9.770102497080413e-06,1.5600242825219476e-07,1.042568838968823e-05,5.470392005738535e-06,6.240417131930804e-06,1
0.18413875182418443,0.8158174512544691,1.2046626548268486e-05,1.416878542628785e-07,8.714603680783605e-06,4.874512230895613e-06,1.801949103232312e-05,1
0.13419187344967823,0.8657726948721187,7.509638603045243e-06,1.1128198397759923e-07,7.457007599426015e-06,3.917047375582107e-06,1.6436702640913528e-05,1
0.4174222342779774,0.5824914751704094,1.3946931564315633e-05,2.5558627251150483e-07,1.6927377327453444e-05,8.617128445962062e-06,4.654352800292901e-05,0
0.2075313348081144,0.7923954719008753,9.277699699327045e-06,2.103757574060943e-07,1.5118166366277206e-05,6.4767720537507335e-06,4.211027713332489e-05,0
0.11817751661137667,0.8817666489799798,7.5173682057779845e-06,1.7821344366027889e-07,8.962305677180907e-06,4.735453775677699e-06,3.44410675414391e-05,1
0.07651818337487065,0.9234384278700928,5.355062370511754e-06,1.4159810067367957e-07,6.687913015510306e-06,3.8393001531086505e-06,2.7364881396591608e-05,1
0.032195404793519185,0.9677841895966443,3.7283555189604616e-06,1.1283132961182114e-07,4.339847415022013e-06,2.7182210549834925e-06,9.50635451795815e-06,1
0.04852647933084523,0.9514513838520676,4.873647399436129e-06,9.10594120943851e-08,3.46838525450839e-06,3.132733008777991e-06,1.0570992012175166e-05,1
0.024079163724845545,0.9759062842453284,3.2584546624135853e-06,7.724783601171467e-08,2.8322038387895104e-06,2.094502872680246e-06,6.289620616067963e-06,1
0.02655911631453775,0.9734318347960907,2.878389145391057e-06,5.377993151258647e-08,2.3697078948543433e-06,1.8502004656549657e-06,1.8968119340811378e-06,1
0.029014882563004666,0.9709747094439813,3.900151516408936e-06,5.672008057877358e-08,2.4992598347366367e-06,1.9513509323505483e-06,2.0005106499379295e-06,1
0.032644795350480676,0.9673444663678209,3.981823679543488e-06,5.7907842555339127e-08,2.7037759438471913e-06,1.952371355568178e-06,2.0424028768082786e-06,1
0.022648758079339422,0.9773436369398011,2.429024467420697e-06,4.5383984896362643e-08,1.999756866252069e-06,1.5301276684331887e-06,1.6006878727138536e-06,1
0.021625449517968263,0.9783652591406915,2.9218241748848898e-06,5.459147324424074e-08,2.548931294684309e-06,1.8405594806690863e-06,1.9254349166382354e-06,1
0.030322059326085338,0.969668038545087,3.1237556025442057e-06,5.8364367665811665e-08,2.6937412269768606e-06,1.96776316623584e-06,2.0585044643967595e-06,1
0.189954159183508,0.8100126327040773,1.0349114093110612e-05,1.933632386137334e-07,9.40080068700184e-06,6.652309589497214e-06,6.612524806380262e-06,1
0.08638514255316272,0.9135999152400742,4.306098382282457e-06,9.428216637863006e-08,4.3627856228186265e-06,3.08724773579398e-06,3.0917928558032094e-06,1
0.07443339910646361,0.9255510362665739,4.8657133926110455e-06,1.1625247563648821e-07,4.369009285926656e-06,3.081414125606466e-06,3.132237682901142e-06,1
0.3274692436287089,0.6725022377709109,9.393361526694874e-06,1.745031531461628e-07,6.881283931011024e-06,5.9147458386025334e-06,6.154705930500574e-06,0
0.1572726415856889,0.8426900393323192,6.884052486056495e-06,1.2862189666813442e-07,2.1433422260964167e-05,4.336506001129945e-06,4.536479346894863e-06,1
0.07578623217612218,0.9240219848875568,1.5201577021000656e-05,1.9083711339384397e-07,0.0001594808883098518,6.434101104930656e-06,1.047553277171144e-05,1
0.15313386655724623,0.8467279634355944,9.136816397602447e-06,1.6843274075321594e-07,9.891626589732542e-05,1.6709650378065343e-05,1.3238841745394818e-05,1
0.14922320936104141,0.8506993153123519,5.577414867650584e-06,1.12169334448383e-07,4.625643097242726e-05,1.1718687385936442e-05,1.3810624046200611e-05,1
0.14917085485632564,0.8507351753955137,5.577865891929113e-06,9.628773069747953e-08,6.649027716858695e-05,9.05308703327031e-06,1.2752230336352995e-05,1
0.17875685085155205,0.8211489136013201,7.38257085754121e-06,9.906441814439552e-08,6.143681846267379e-05,8.476241908927248e-06,1.6840851480583224e-05,0
0.38825795748685404,0.6115291290389849,1.3823662696208011e-05,1.897044154079661e-07,0.00016210059741811366,6.543918847563688e-06,3.025559078381782e-05,0
0.43595079329124503,0.5637314586489665,1.454421496293418e-05,1.6895208297693656e-07,0.00028099605405233183,7.025521387597878e-06,1.5013317302708412e-05,0
0.34538635393771555,0.6543388308300793,1.1194706622674973e-05,1.375019865966492e-07,0.00025369146569080824,4.834877246977597e-06,4.956680658189116e-06,0
0.2886756472334093,0.7112683513414891,8.916263219768736e-06,9.47503697073687e-08,3.919171606122044e-05,3.8508412611729685e-06,3.94785418987517e-06,0
0.12377035871788765,0.8761272861427203,1.2686571901869173e-05,3.665138143695793e-08,7.343434973308116e-05,5.133457873539422e-06,1.1064108502126852e-05,1
0.08995671947170505,0.9099649833884673,1.1739379773960774e-05,1.3222969216616535e-07,5.431663363250888e-05,5.295987878219708e-06,6.8129088505119545e-06,1
0.10845035136467328,0.8914666370381706,1.1067467770174575e-05,3.617321833130951e-08,6.049212101661092e-05,4.99286813119738e-06,6.422967020065852e-06,1
0.28767935421090224,0.712113053565934,1.1482925246600425e-05,2.2704614379562643e-07,0.0001781712038862995,7.811108515032577e-06,9.899939372036726e-06,1
0.36875508500790816,0.6309681736341166,1.1959591982338893e-05,2.483974526608116e-07,0.0002456748270730531,8.743415198655802e-06,1.0115126268680867e-05,0
0.20366684040296335,0.796274093527623,1.0327318782910228e-05,1.8371380365369532e-07,3.748118560686493e-05,5.4680482739337065e-06,5.605802946578339e-06,0
0.19051146389430337,0.8094304119773714,1.0166890404823864e-05,1.5647293941557384e-07,3.689893904877341e-05,5.383105595749241e-06,5.518720336513125e-06,1
0.046989312435256496,0.9529625224738117,6.755647663298518e-06,1.1616685982991787e-07,2.902790092211064e-05,8.168229908502194e-06,4.097145577802249e-06,1
0.0657183001147255,0.9342336874171906,6.97322025003002e-06,1.1990813312381406e-07,2.8276345495350572e-05,8.413895836949429e-06,4.229098368416363e-06,1
0.044225364028157146,0.9557256674216219,6.756397499000317e-06,1.1650368931090181e-07,2.911206823812455e-05,8.874555413372236e-06,4.109025380876098e-06,1
0.05499214180949935,0.9449398237049809,6.436851689828323e-06,1.1213182579915397e-07,4.659354822099173e-05,1.093712178649058e-05,3.9548319966343415e-06,1
0.05702234260815498,0.9429106641480108,6.4144948469433706e-06,1.1189103441725547e-07,4.5892637866384285e-05,1.138191780423136e-05,3.1923022821992064e-06,1
0.062307958987976475,0.9376219111731955,6.655129570432438e-06,1.1608853847180032e-07,4.823766024178206e-05,1.1808901488675604e-05,3.312058988736522e-06,1
0.04341169294474753,0.9565147802886345,6.14651061745622e-06,1.1644878707361066e-07,5.159459429112164e-05,1.2400073579722644e-05,3.2691393425391224e-06,1
0.11084007121806787,0.8870098466179113,2.1469843486409364e-05,1.5986870879324978e-07,0.0021053362252131946,1.8628082295626482e-05,4.4881443169598345e-06,1
0.03791543957881032,0.9618283220413294,1.8360598510467316e-05,1.1837692754432389e-07,0.00020934226688731962,2.503978976144323e-05,3.3773477734619775e-06,1
0.031192080361420377,0.9685915824632251,2.171278928816531e-05,1.3019123121135833e-07,0.00016399601568368427,2.6783763902065076e-05,3.7144152494692623e-06,1
0.029180972294369226,0.9706002054629577,2.1331693372973145e-05,1.2458398919811639e-07,0.00016381947300080988,2.9992054234631092e-05,3.55443807552551e-06,1
0.02457519846980299,0.9752094257535717,2.0958020065963978e-05,1.2240161621768357e-07,0.00016144182833852347,2.9361352626532946e-05,3.4921739782961876e-06,1
0.03133507512642533,0.968408565058177,2.6700351527838548e-05,1.3475077495415979e-07,0.00019721969775560378,2.8460514225716457e-05,3.844501113557828e-06,1
0.029272471920457212,0.9704653222049839,3.129050202029498e-05,1.4749970936533666e-07,0.00019953119712277982,2.7374180476153647e-05,3.862495230111776e-06,1
0.025308183175421314,0.9744140313682738,3.217946671450692e-05,1.5338238581519897e-07,0.0002074890261881899,3.2251204244350524e-05,5.712376771993081e-06,1
0.026633234633127504,0.9692792013533111,3.353381506579333e-05,1.7499075031134875e-07,0.003986053232205951,5.2585824311668544e-05,1.521615122734951e-05,1
0.02655712637534435,0.9684435339368543,3.994165648192981e-05,1.8405411769958684e-07,0.004889638688322,5.184135257746429e-05,1.773393630202204e-05,1
0.029453686581972907,0.9659985435777373,4.44471551322886e-05,1.8720230666397238e-07,0.004428708617396102,5.272808293765964e-05,2.1698782516762537e-05,1
0.01964120839880329,0.9801600894415514,2.3439157413950622e-05,1.5191532805627993e-07,0.00012774683241972032,4.270253247902093e-05,4.661722004352984e-06,1
0.015969668764317036,0.9838503387874574,3.168040426653532e-05,1.382714037071652e-07,9.971795802802562e-05,4.093682302997813e-05,7.518991497343857e-06,1
0.006029662062852425,0.9938142786707688,3.22414180122893e-05,1.2982147175529655e-07,8.443358042379783e-05,3.669318065235961e-05,2.56126581871541e-06,1
0.0035648751268331624,0.9927215600631589,3.438016872124448e-05,1.502962497444302e-07,0.003633764926363111,3.95090496496951e-05,5.760369023963162e-06,1
0.0071181282571934614,0.9905503509749329,3.1483998805146063e-05,2.0223403890147683e-07,0.0022308829617641857,6.417241745494908e-05,4.779155810608479e-06,1
0.007118241014843924,0.9905660421968673,3.1484497540432104e-05,2.022372424732932e-07,0.002215077387984573,6.417343400463114e-05,4.7792315167999e-06,1
0.006146025084760848,0.991038498258908,2.6265559302518474e-05,2.5818772830196426e-07,0.0027484778170623753,3.752303428510242e-05,2.9520579529783226e-06,1
0.00787126642102136,0.9895111475092188,3.16254566362756e-05,1.2454056456481652e-76,0.0025371815907318084,4.518019509796634e-05,3.598827293582949e-06,1
0.0067002870376007394,0.9909377711018705,3.06775623729265e-05,1.1717802197741663e-76,0.002289654731692183,3.853968855039966e-05,3.0698779131125896e-06,1
0.005895750370563046,0.9888518483160975,2.158831859628422e-05,2.947763477599885e-07,0.005189844004894429,3.72134767087256e-05,3.4607367920365764e-06,1
0.005981236342066015,0.9906398330923685,2.6121549910099827e-05,2.755658386718703e-07,0.0033120830765147554,3.7648289160472425e-05,2.8020841416006846e-06,1
0.004079233002630185,0.9865823478223918,6.042298760002859e-05,1.2303926399827977e-06,0.009133369462451312,0.00013468336644545072,8.712965841226242e-06,1
0.003898252338903822,0.9884185971133389,6.156989816554199e-05,7.210623052112151e-07,0.007462767803172079,0.00014914686745812767,8.944916656119282e-06,1
0.008559549449089359,0.9751265582902877,0.00013129541825398147,2.527620106531678e-06,0.015894161416282082,0.0002669400936476187,1.8967712332632285e-05,1
0.7406432893530916,0.2571907812542759,1.1079731412786507e-05,2.4197042909946963e-07,1.843566794873758e-05,8.230602676458976e-06,0.002127941420165369,0
0.7509547022611707,0.24863804618900667,1.03760135538993e-05,3.32711189642809e-07,1.880874024332082e-05,7.237227325216982e-06,0.00037049685751063287,0
0.8140257929179013,0.1848639098975435,9.623565903206432e-06,2.2159238046787497e-07,1.768596200395955e-05,7.537445160342548e-06,0.0010752286191072799,0
0.7190001266411458,0.28061020557157607,1.1607286021700106e-05,2.1713573414957832e-07,1.678297993456733e-05,7.385852731251452e-06,0.00035367453285622036,0
0.7472510034490406,0.25239699191309845,1.029512774124017e-05,1.9258938877517653e-07,1.486435937672277e-05,6.550910971269755e-06,0.000320101650383007,0
0.7974673286439083,0.20213994604044874,9.657832570881613e-06,1.993425116819766e-07,1.6407026285497254e-05,6.850361931447423e-06,0.00035961075234337055,0
0.6675265521778528,0.3324329382880036,8.48957106075325e-06,2.6883464970828814e-07,1.8097955289233646e-05,7.116049305481989e-06,6.537123838312715e-06,0
0.5809446794485048,0.41901661193619727,7.809458399058521e-06,1.6151457194733616e-07,1.0756127482782072e-05,5.550413033860127e-06,1.4431101810439292e-05,0
0.36538049059729144,0.6345569513449146,1.2018212858715633e-05,1.9189874310649815e-07,1.1730071619066336e-05,6.594558448057417e-06,3.202331612499965e-05,1
0.32840974806273554,0.6715331184113281,1.0952189681047038e-05,1.7487720169082543e-07,1.0814014687965003e-05,6.009616890209963e-06,2.9182827475283202e-05,1
0.2641528346124023,0.7358080435817016,1.028260421248656e-05,1.6418571108987903e-07,1.1229323721122022e-05,5.757347571222404e-06,1.168834468010249e-05,1
0.38580119813283775,0.6141560404269137,1.1714585688837432e-05,2.1516898039419399e-07,1.5429274243989935e-05,7.545130440716396e-06,7.857280894708089e-06,1
0.3843310185188302,0.6156285637630181,1.0986715884356668e-05,2.017997492621803e-07,1.4783799003867623e-05,7.076324051438866e-06,7.369079462707707e-06,1
0.11096363319365021,0.8889428240528154,7.99677175608188e-06,1.1653076611440955e-07,7.721516863500212e-06,4.009028491930141e-06,7.369890565687146e-05,1
0.12826372827098834,0.8716137524584561,1.100263720605341e-05,1.3938055972776588e-07,9.673814262953344e-06,4.79513397020985e-06,9.690830455659158e-05,1
0.26790966368935204,0.7319748793339108,1.5934240596540602e-05,2.0185373120917008e-07,1.418488969006252e-05,6.80552798095924e-06,7.833046473809114e-05,0
0.3786637213153162,0.6212248341164136,1.3056647394437199e-05,0.0,2.0632956297678166e-05,8.908704503407889e-06,6.884626007461577e-05,0
0.10160817266131507,0.8982257076840605,5.127066963194167e-06,1.0808074607988409e-07,6.787815162095515e-06,3.6439581138452916e-06,0.00015045273363916364,1
0.020061791001798807,0.9799286698458259,2.922244277714037e-06,7.331317233987964e-08,2.5461415381068775e-06,1.9878181448072275e-06,2.0096352422330623e-06,1
0.02180863488375604,0.9781823372476225,2.907273363326467e-06,7.904065731449339e-08,1.93565203689491e-06,1.9041695214542741e-06,2.2017330424380844e-06,1
0.024382756629105332,0.9756082621917068,3.365486466123019e-06,4.894442247747129e-08,2.156640610946222e-06,1.6838435957814005e-06,1.7262640924012589e-06,1
0.019886227030405768,0.9801047704577582,3.0570282574930067e-06,4.975311089837933e-08,2.1922738905284805e-06,1.677433388673996e-06,2.026023188265106e-06,1
0.019563994724140697,0.9804268690131417,3.058032909664065e-06,4.976946160457854e-08,2.323786677013387e-06,1.6779846551176757e-06,2.02668901416636e-06,1
0.020081647462500803,0.9799086133647452,3.359607785763076e-06,5.467759034625519e-08,2.5529521895839594e-06,1.8434629313206432e-06,1.9284722568176527e-06,1
0.034920609590499495,0.9650696239073056,3.062714238564948e-06,5.7223868515620124e-08,2.7500647631136984e-06,1.9395903860144386e-06,1.956908938789907e-06,1
0.23675066395977595,0.7632160559557677,1.0386800562650168e-05,2.0389620505342016e-07,9.326490166519016e-06,6.676534084507775e-06,6.686363437788358e-06,1
0.2096156478822782,0.7903544333681523,9.35354848617474e-06,2.2174357308763434e-07,8.398715027999878e-06,5.923521199093323e-06,6.021221283138046e-06,1
0.18849384796613922,0.811471780644015,8.439183313166338e-06,1.576780197809516e-07,1.4788618366331779e-05,5.424624714406584e-06,5.561285432146642e-06,1
0.16176897766873724,0.8381411335037421,9.518338500532826e-06,1.778409960626514e-07,6.789233547433795e-05,6.027881287127488e-06,6.2724312622370426e-06,1
0.10501766145187363,0.8948935824132223,8.866525798218761e-06,1.6566250291289287e-07,6.826595542747823e-05,5.615093951315569e-06,5.842897224244057e-06,1
0.0694676931537779,0.9304034516234906,1.2273637949520925e-05,1.9682233692513123e-07,0.00010280696770773277,6.635893789021602e-06,6.941900948422631e-06,1
0.21380487980989085,0.7859516375430994,1.0933789803700183e-05,2.2453427732661346e-07,0.00019986722714953112,2.456515096021673e-05,7.8919448191788e-06,0
0.15483400083867582,0.84510176392179,1.0177585104444874e-05,1.0089513649464476e-07,4.500250905868194e-05,4.100576661233235e-06,4.853673573475638e-06,0
0.16747391110722293,0.8324389802401375,1.2105842290194501e-05,1.2001084714274552e-07,6.423206653791264e-05,4.877476714791813e-06,5.773256249453464e-06,1
0.10068501062026466,0.8992164762810988,1.0356935932036905e-05,1.7141028695875016e-07,7.461380668899367e-05,5.896992018830781e-06,7.4739537098295845e-06,1
0.34437602346143986,0.6554073780532568,1.322306354141549e-05,2.614530288901563e-07,0.0001846895885135708,9.202962276969585e-06,9.22141794257296e-06,0
0.047863332203773964,0.9520914850927629,6.222891761798527e-06,1.0730420294827477e-07,2.646677082672434e-05,8.601172457440467e-06,3.7845642142070963e-06,1
0.04799326848030819,0.9519395211563414,6.158742104489867e-06,1.0728707605518738e-07,4.669579976156662e-05,1.0464574250613112e-05,3.783960157470285e-06,1
0.05012547029991193,0.9498046351866638,6.466541714228425e-06,1.1279891227165539e-07,4.909478023289895e-05,1.1002188113020717e-05,3.2182044517667085e-06,1
0.07537098741285746,0.9245454674333673,7.719889482193543e-06,2.0465612327945245e-07,5.3952240476636144e-05,1.7588034386664755e-05,4.080333306612214e-06,1
0.08685780980692351,0.9129078980459849,1.1071642778070883e-05,2.3012819595212668e-07,0.00019080753036579482,2.517715308804781e-05,7.005692663774378e-06,1
0.0949293614382544,0.90481373008715,1.081369149695967e-05,2.2808779705308422e-07,0.00021514087271441512,2.4953923443243384e-05,5.771899144039353e-06,1
0.09506235671930242,0.9046496580573727,9.622222935362926e-06,2.1671111623471027e-07,0.00024879570816570143,2.2701221317514565e-05,6.649359789930549e-06,1
0.08495267806294039,0.9143464443945585,2.1993407153667946e-05,2.3442980053089387e-07,0.0006462899928672357,2.624128083220479e-05,6.118431847778586e-06,1
0.10535885269958739,0.892220195041426,2.5189352875760586e-05,1.6616831843926882e-07,0.0023714937066001795,1.9362119918136638e-05,4.740911274154999e-06,1
0.0781529239898493,0.9215839050545238,1.6576309790337878e-05,1.2274907252425387e-07,0.0002287474002241647,1.368109305569404e-05,4.043403484248179e-06,1
0.050179724292689826,0.9495675077287469,1.9669346219923483e-05,1.193440212197543e-07,0.00020432999377363397,2.5244355151124693e-05,3.4049393974312773e-06,1
0.0276891168605637,0.9721127044325314,1.8319855248998644e-05,1.1537155155834656e-07,0.00015208442030245544,2.4367456777048676e-05,3.2916030248423102e-06,1
0.028172416441802114,0.9715868911353521,2.4559691470219228e-05,1.268140774825982e-07,0.00018560363783274634,2.6784215953061412e-05,3.618063512157984e-06,1
0.036413103867997246,0.9633390231513573,2.5781445327755316e-05,1.4517716271867949e-07,0.00019220852743775816,2.5348530988944337e-05,4.389299728235546e-06,1
0.03578427421600462,0.9639633417961353,2.885740303443491e-05,1.4302332819167577e-07,0.00019347574319543613,2.558363780543801e-05,4.324180496484468e-06,1
0.030548223218522578,0.9691828517430291,3.0398653382269048e-05,1.4489419674688784e-07,0.00020769659626861318,2.6890628522341627e-05,3.7942660783116995e-06,1
0.02678006696986136,0.9683120787223822,5.016810996812429e-05,2.0980097231880556e-07,0.0047864608403172335,4.8407895582306075e-05,2.2607660916507505e-05,1
0.040027572566828845,0.9557855672853527,4.1405689504868254e-05,1.9227916240059336e-07,0.004071351250499006,4.998876275292597e-05,2.3922165899485988e-05,1
0.03057280422097449,0.9636464471722759,4.7670108059708286e-05,2.3726579152727294e-07,0.005629474815006186,8.129476127467917e-05,2.2071656617469953e-05,1
0.022364830869074658,0.9774344750109518,2.8343477541859405e-05,1.3899789677749875e-07,0.00012590899065560712,4.115190957322126e-05,5.150744306082651e-06,1
0.023139996832975254,0.9766591626803254,2.9188793267318226e-05,1.3888764203811939e-07,0.00012580911818795048,4.111926740258308e-05,4.5844201996619925e-06,1
0.020302573699371666,0.9794994832064164,2.911458529776413e-05,1.3660333343086624e-07,0.00012373991428089024,4.044297183680565e-05,4.509019463011292e-06,1
0.01775408438669938,0.9820851817588135,2.0681816577115696e-05,1.2543882034939714e-07,9.72180955440416e-05,3.792800802078655e-05,4.780495524884971e-06,1
0.01277127730595746,0.987059538605853,3.0491598131717942e-05,1.3045606417259155e-07,9.421698636951975e-05,3.7251042566285586e-05,7.094005058110439e-06,1
0.0037114429226424222,0.9925363835578461,3.471544255550764e-05,1.5176193190369344e-07,0.00367290149283643,3.718505952962714e-05,7.219762657675136e-06,1
0.007959004834714564,0.9901112298264536,3.147004162497806e-05,2.3364946585558956e-07,0.0018291406414164715,6.414396916292053e-05,4.777037161731871e-06,1
0.0055716415888259485,0.9931547616500134,2.6106201930812302e-05,1.5120010213283798e-07,0.0012056261610570885,3.864022369088655e-05,3.072974379577858e-06,1
0.005142015773141978,0.9930891367500195,2.584769842309656e-05,1.4970291932271862e-07,0.0017012745672223158,3.853296247429781e-05,3.0425457994900013e-06,1
0.005652684044178245,0.9911963628330496,2.9046422915670572e-05,1.4956896865680644e-07,0.003075691360329916,4.229053084217059e-05,3.7752397156210137e-06,1
0.0073341690519088,0.9910740883975432,2.9637760382441207e-05,1.3269617597649228e-07,0.0015251401473470043,3.380142649597806e-05,3.0305201464311174e-06,1
0.00799436059383802,0.9898213540401365,3.217871537369543e-05,1.2378094510542936e-76,0.0021016351289887564,4.490462419867615e-05,5.5668974644932986e-06,1
0.007490969880525714,0.9903339126354093,3.20547481632307e-05,1.2330408397859105e-76,0.0020935386639394297,4.596097503582212e-05,3.563096926555572e-06,1
0.006894995787393102,0.9908953715377861,3.25633991927e-05,1.3816246054230671e-76,0.0021267593459807924,4.669029280017756e-05,3.6196368472737873e-06,1
0.005601341467581945,0.9925870403213016,2.7247500251466043e-05,2.6304739781989057e-07,0.0017430117821791412,3.817301535492462e-05,2.9228659331341298e-06,1
0.0025137989737445067,0.9933284162419401,3.355120876213344e-05,5.54844690977878e-07,0.0040136810380335675,0.00010512335041416245,4.874342414574639e-06,1
0.6646537464542819,0.3348795620321945,1.2094708952841794e-05,2.2170608306983172e-07,1.689173236953856e-05,7.541312744259593e-06,0.0004299420533737911,0
0.6706746728603876,0.32898301395580026,1.4052087899735366e-05,2.004969029119392e-07,1.5677278326607146e-05,6.8900323342581814e-06,0.0003054932883483948,0
0.7395781004143833,0.26014108296188604,9.504631204087771e-06,1.742278018841023e-07,1.3623241569819727e-05,5.987300407505246e-06,0.00025152722274730165,0
0.7747822518620078,0.22489064452377677,1.0565364943802069e-05,1.936719343166413e-07,1.8296796904827763e-05,6.655493777208487e-06,0.00029139228665532433,0
0.7854166593026615,0.21425559726433885,9.51189136089784e-06,1.9633021185770907e-07,1.58965247736699e-05,6.7468449050582455e-06,0.00029539184174826727,0
0.8488634871988919,0.15109559973209685,7.594331993639126e-06,1.5495101939284166e-07,1.0989436163196393e-05,4.320633183660256e-06,1.785371665146436e-05,0
0.8005642630617273,0.1994030417105429,7.869043227343024e-06,1.7471018436142063e-07,1.3815474643411252e-05,5.9136671492513375e-06,4.9223325253772875e-06,0
0.5999408945315635,0.4000237463954333,8.052639525725696e-06,1.6654402387246005e-07,1.1576917871323097e-05,5.723249052194637e-06,9.839722529969606e-06,0
0.2800943491234518,0.7198720028910004,9.059064357423671e-06,1.6639339135737534e-07,1.1931688586975172e-05,5.8347622411211e-06,6.656076970725123e-06,1
0.4872979602427455,0.5126560089860326,1.3649980261902316e-05,2.179537079664851e-07,1.6561087148397585e-05,7.642779891563368e-06,7.958970212148942e-06,1
0.38413213540693514,0.6158205380821262,1.2965196319913926e-05,2.381397129071911e-07,1.7076452805133185e-05,8.350623745614937e-06,8.696098355204324e-06,1
0.38883464514253724,0.6111183668801866,1.2772704148641397e-05,2.3460409113389686e-07,1.718703685950804e-05,8.226643386458753e-06,8.566988790436557e-06,1
0.31896227828688567,0.6809936835476762,1.464161216518496e-05,2.128659376091345e-07,1.3204241405124241e-05,7.464371782140285e-06,8.515074148160689e-06,0
0.2766891069429882,0.7232728230697271,1.2606717240533353e-05,1.8681331820711907e-07,1.1369112628591557e-05,6.575697086370077e-06,7.331647011064041e-06,0
0.2888630752630195,0.7110894977961687,1.8267295233804116e-05,2.1393207308821212e-07,1.3019509835542748e-05,7.530258137846502e-06,8.395945531511643e-06,0
0.33549186079466936,0.6644562016997552,1.70563561986606e-05,2.0061039508848453e-07,1.3442905915478788e-05,6.901634791429106e-06,1.4335998274856832e-05,0
0.20865570350151882,0.791308264976534,9.245969097373101e-06,1.3899030385963695e-07,1.0037443957280488e-05,4.781707928773413e-06,1.1827410660075114e-05,1
0.14628008706450774,0.8536889551979693,8.526731733344242e-06,1.263538332918605e-07,9.132621641772953e-06,4.346973203920462e-06,8.825057110770197e-06,1
0.17095530619887933,0.8289770503108844,1.2525205656450131e-05,1.586683394541914e-07,1.1021843281078864e-05,5.458694856726247e-06,3.847907810282697e-05,1
0.14220387651951677,0.8577387018871796,7.577443453755643e-06,1.4186131519924852e-07,9.407937398826052e-06,4.782874927408352e-06,3.551147620854053e-05,1
0.16557516640079725,0.8343626682061865,9.254330348619033e-06,1.5061415379348442e-07,9.979937206080016e-06,5.077978156905584e-06,3.7702533150736774e-05,1
0.10498936261200142,0.894959454832051,6.859691075361699e-06,2.0414419002854634e-07,7.249651865078675e-06,4.81968429828072e-06,3.204938451876e-05,1
0.0824544835416097,0.9175178260773461,4.751205908429661e-06,1.413957379682837e-07,4.990045054973598e-06,3.4063665947445363e-06,1.4401367748231632e-05,1
0.06435876089209212,0.9356201416710566,4.1070451245089105e-06,1.0980300536337024e-07,3.985659902193362e-06,2.6452656554346604e-06,1.0249663163957901e-05,1
0.08830381911264557,0.9116745961996667,4.568498054843275e-06,1.1035665960566115e-07,3.3128146083169025e-06,2.992217678802033e-06,1.0600800686173144e-05,1
0.02429861863897757,0.9756949852965225,1.8755330838653917e-06,5.043099598247738e-08,1.5066375030471906e-06,1.3673893200245242e-06,1.596073596856169e-06,1
0.019789931860655703,0.9802023419303737,1.8360491247252302e-06,4.9369316291567155e-08,1.7215277834115018e-06,1.3386028675193673e-06,2.7806598787118412e-06,1
0.019605916655705432,0.980388211790998,1.729139945997017e-06,5.2329011597626205e-08,1.3579319964861628e-06,1.2606589109647499e-06,1.471493431290075e-06,1
0.02018595409550693,0.9798048351948722,2.726178639583662e-06,8.250242207302543e-08,2.1162986849820354e-06,1.9875669420679913e-06,2.298162931978115e-06,1
0.02222556585282054,0.9777655900878919,2.61067666918996e-06,7.900698264241564e-08,2.0502223604167915e-06,1.90335826448357e-06,2.20079501078797e-06,1
0.014154810309706684,0.985838906270591,2.458474870814654e-06,3.114377009379781e-08,1.4541342357876267e-06,1.0714446134300172e-06,1.2682222124544013e-06,1
0.038651722236743256,0.9613356011410438,3.994776110143407e-06,7.463854772925108e-08,3.4448575591736834e-06,2.529857092101673e-06,2.632492903829647e-06,1
0.3816871776866844,0.6182615791210805,1.5920033690570123e-05,3.8036423015699374e-07,1.4461243958556138e-05,1.0233242365682211e-05,1.0248307990023366e-05,1
0.6477016504996939,0.3522551134205276,1.2057765535310289e-05,3.213222327213198e-07,1.2216498893108433e-05,8.644788400744809e-06,9.995704716599412e-06,0
0.437221105015181,0.5627541745063281,7.581477581973878e-06,1.408432689193953e-07,7.256780417804013e-06,4.773851496187071e-06,4.967525725814375e-06,0
0.4380845821428728,0.561889215751387,8.117035496824766e-06,1.507924808781037e-07,7.428104181579889e-06,5.187740305556917e-06,5.3184332752887394e-06,0
0.1932141723554265,0.8067051388884597,8.931663804796917e-06,1.6687954388813724e-07,5.9963204276544195e-05,5.741186370567598e-06,5.8858221179949725e-06,1
0.20955748328130488,0.7903517984591144,9.750509593913725e-06,1.8217888954075184e-07,6.818522960754906e-05,6.174913228587049e-06,6.42542826105449e-06,1
0.09549395677904672,0.9044279840935816,7.540088420867398e-06,1.4087929685338023e-07,6.056266793918928e-05,4.846695287781575e-06,4.9687964268588145e-06,1
0.07838258248100245,0.921430763637747,1.3272817561095195e-05,2.128453666875228e-07,0.0001542702500553865,7.214346699090226e-06,1.1683621568099069e-05,1
0.03135012634667075,0.9684540427838861,4.547420941383612e-06,1.4130814292175938e-07,0.00016138419107809303,1.2234220110281015e-05,1.7523729170592204e-05,1
0.042792434090691875,0.9570182004629708,8.360686927433507e-06,1.450044769386512e-07,0.0001522134205526446,1.4100108449518946e-05,1.4546225930543043e-05,1
0.14531694235147385,0.8544735982557913,8.157471885776336e-06,1.69113942079354e-07,0.000178351382173109,1.8501894526392122e-05,4.279530207860128e-06,0
0.21335930035022296,0.7864037575417316,1.0481270388368403e-05,2.1798450312495102e-07,0.00019687805040572218,2.3848573545245357e-05,5.516229203213024e-06,0
0.13794049757991825,0.8620061428347924,6.104880391232089e-06,9.756339897696355e-08,2.6654686048031287e-05,9.202519499270409e-06,1.1299935951949463e-05,1
0.37913696777678285,0.6206153501355001,1.472172038346468e-05,2.0202860996534519e-07,0.00019356813979092718,6.969046164034616e-06,3.22211527685842e-05,0
0.1290822767655454,0.8708391105040707,1.4592204947201042e-05,1.2626483630533024e-07,5.2255741220962036e-05,5.132939530513087e-06,6.505579848828702e-06,1
0.22815163200273317,0.7715908794285845,1.2775296395740537e-05,2.95691903953652e-07,0.00022448403304554427,9.128518507275508e-06,1.080502882987713e-05,0
0.0738511675264632,0.9261045906676127,6.411826570145428e-06,1.1025467809316596e-07,2.566389119312387e-05,8.167207523199725e-06,3.888625959613707e-06,1
0.05123232505577924,0.9487074819341976,5.9813173660887524e-06,1.0692281337869058e-07,4.1560454786321614e-05,8.773202257800635e-06,3.771112799657976e-06,1
0.04477760755245199,0.9551542685344179,6.267889640641651e-06,1.0693878135252001e-07,4.735952706005933e-05,1.1387398620639011e-05,3.0021590275708184e-06,1
0.10045962662648165,0.8993301586625156,1.0520548389552241e-05,2.2119667054139264e-07,0.000169675450495663,2.4200000411708142e-05,5.597515035252322e-06,1
0.13054332679756533,0.8692455333309373,9.852415496866325e-06,2.53308084384894e-07,0.00017133581741265256,2.3178601258184693e-05,6.519729245300807e-06,1
0.08745317592850618,0.9105397836852321,2.139326219506739e-05,1.5744439785459817e-07,0.001962335821834093,1.8661846795109435e-05,4.492011039482324e-06,1
0.06568856624488113,0.9340625929192207,1.758848641026586e-05,1.1495966312282356e-07,0.00021423155001676906,1.3625988148180906e-05,3.2798516597791524e-06,1
0.05315808061772787,0.9465840292573363,1.7508299337205995e-05,1.2197212186995148e-07,0.00020882958901102274,2.7412454046422298e-05,4.017810419322376e-06,1
0.04675577509550719,0.9530243298514984,2.1131987981216557e-05,1.2821861966572842e-07,0.0001685987648792392,2.637794577270991e-05,3.6581357417159954e-06,1
0.03578588361158254,0.9639852173683113,2.4531356027613413e-05,1.3813782045402366e-07,0.00017593362183753356,2.41194328154032e-05,4.176471604923317e-06,1
0.03447067250175747,0.9652685260575189,3.11226091423262e-05,1.4670985536041418e-07,0.00019846271694859825,2.722759302744887e-05,3.841811749855273e-06,1
0.020022282037918494,0.9751333479847484,3.792145844091266e-05,1.7867340814385835e-07,0.00474669309197703,4.710398189923584e-05,1.24727716077653e-05,1
0.05079473891914872,0.9425494531975572,5.502242083486189e-05,2.556142221607308e-07,0.006476223751207829,6.928270563716937e-05,5.502339139225556e-05,1
0.038988685837517856,0.9528729722441763,5.019439066500459e-05,2.4982976368428964e-07,0.00797115299588412,7.802590895142208e-05,3.87187930415255e-05,1
0.03923221829982448,0.9573101451249222,3.4607200528530585e-05,1.9844982888094642e-07,0.003366533469939003,4.397842219773617e-05,1.2319032759497399e-05,1
0.04068779893782559,0.9591078283098882,2.2063456555880004e-05,1.6762277817371556e-07,0.0001294382175105068,4.056844830733611e-05,1.2135007134351947e-05,1
0.021622648568415403,0.978174168349732,3.257095174341796e-05,1.3730126512219914e-07,0.00012217552913683686,4.064960245867751e-05,7.649697248375855e-06,1
0.026259627167511096,0.9735502229577102,3.404789066725954e-05,1.4152642166078434e-07,0.00010984406745948212,4.1900508147465676e-05,4.215882082826867e-06,1
0.015304956233009526,0.9845213464526309,3.071550748941798e-05,1.3141404392198931e-07,0.00010087675055162855,3.4827543715107785e-05,7.146098559711131e-06,1
0.004567079581285459,0.9952820655253551,2.5709811920631385e-05,1.1382902578572398e-07,8.81585963209923e-05,3.068280443727827e-05,6.189851654694973e-06,1
0.0037123514644701707,0.9927793512765529,3.4723940714387585e-05,1.5179908243136376e-07,0.0034185460746355063,3.486124010151669e-05,2.0014204442727516e-05,1
0.0040792419719100905,0.9932776378397982,3.094815657851963e-05,1.5338404471868394e-07,0.002549803425479112,3.4951096900297754e-05,2.7264125289076567e-05,1
0.006047048389406169,0.9905675517235981,4.0690323761091374e-05,2.047527981028343e-07,0.0032879404506709667,5.008777650827116e-05,6.476583257099864e-06,1
0.00818404868167872,0.9881820492061894,3.695612531820904e-05,2.1191356916092856e-07,0.003522280627274966,6.867147585575184e-05,5.7819701138539695e-06,1
0.010876566041423183,0.9871100867980942,2.9574994263395673e-05,2.2597202376821228e-07,0.0019019003076266921,7.323102770039866e-05,8.414858868319471e-06,1
0.0054510445259108265,0.9932035548313819,2.651001257601415e-05,1.5353886481301107e-07,0.001276378673585868,3.9237910543256466e-05,3.120507137126994e-06,1
0.005891308415419103,0.9923411418607468,3.325949080297607e-05,1.5350970998738022e-07,0.0016938318755191299,3.7274419548255847e-05,3.0304282538035748e-06,1
0.005617153663145277,0.991728375555686,3.142306141539949e-05,1.4572276525210486e-07,0.0025875390550423377,3.248623541614248e-05,2.8767065293698216e-06,1
0.007547032085221373,0.9908114136853438,2.8755362721063537e-05,1.471080752518473e-07,0.0015736430605667515,3.606840484745265e-05,2.940293224576624e-06,1
0.005031687214604986,0.9932958167967104,2.6310666309261086e-05,2.52634033845751e-07,0.001604233989749363,3.8810140279691335e-05,2.8885583126363887e-06,1
0.005205536199256582,0.992443289565777,2.716931963528391e-05,0.0005078861245652683,0.0017790509579474589,3.411698394384354e-05,2.9508488744600793e-06,1
0.0022698120941480686,0.9945408891364027,3.6432586217369345e-05,3.3548026433375395e-07,0.0030659084871427944,8.219921191312774e-05,4.423003911522501e-06,1
0.004709827115711892,0.9787429734412673,6.582052890004159e-05,1.385959927594947e-06,0.016322135301292704,0.0001504468746563313,7.410778244122408e-06,1
0.9374270931305307,0.060571185554838446,9.287886449120421e-06,1.8993177583650016e-07,1.5159032831798513e-05,6.4605125029632425e-06,0.0019706239510710317,0
0.8978518760927194,0.0996644050783702,1.0194831454066956e-05,2.309908457689653e-07,1.8267921270969563e-05,7.304459313354697e-06,0.0024477206260262395,0
0.7792897432546756,0.21953477803665342,8.877793490063623e-06,2.5721998405002854e-07,1.590794642041006e-05,6.508014111932775e-06,0.0011439277346643672,0
0.7671073087464031,0.2317310955084533,1.0282087085879238e-05,2.102625899040283e-07,1.6781696952056913e-05,7.152063339573936e-06,0.001127169635176058,0
0.7122040302540891,0.28743112036533536,1.0239065341938853e-05,1.8661820440369623e-07,1.4218395455925242e-05,6.4472626705895845e-06,0.00033375803890271213,0
0.8716488620496058,0.128251115657478,8.448976100165306e-06,1.5934718951802772e-07,1.1610307099768982e-05,5.475931409447219e-06,7.432773111752417e-05,0
0.7409040809183243,0.2590515031576299,6.933697765294711e-06,1.71703620710657e-07,2.6660998220504705e-05,5.811899660660787e-06,4.83762477864882e-06,0
0.5878318151152502,0.41211788676319605,9.698166294723965e-06,2.0057667225108252e-07,2.6847761153229287e-05,6.892773590197787e-06,6.6588438433796796e-06,0
0.28900654109034773,0.7109549979442567,9.824855067871828e-06,1.5687668049254372e-07,1.1920184342942418e-05,5.391032905677623e-06,1.1168016398597504e-05,1
0.48193944618761825,0.5180174175157761,1.1817278369180773e-05,2.1705519983979319e-07,1.5564530715704306e-05,7.611272743063086e-06,7.926159577806285e-06,1
0.3476750973573547,0.6522787201507932,1.5980009918332167e-05,2.0243353344841493e-07,1.5091016260924319e-05,6.96435654185951e-06,7.944675597489843e-06,0
0.28465674451263995,0.7152981467872368,1.7437003467937034e-05,2.04208354471604e-07,1.2427742325699667e-05,7.025416022435273e-06,8.014329952836236e-06,0
0.13619270341299114,0.8637818454077347,8.072929342545744e-06,1.1764055168373116e-07,8.502841744225561e-06,4.140864475668846e-06,4.616903159847007e-06,1
0.2885560600208284,0.7113886583004781,1.201560542432984e-05,1.9555388397950303e-07,1.3584085329453067e-05,6.7276747482438975e-06,2.2758759307446828e-05,1
0.21641512251901993,0.7835426684912077,7.961442657662423e-06,1.4905036681462952e-07,9.257907949605412e-06,5.025254850890355e-06,1.9815333947637663e-05,1
0.12560852227657726,0.8743688028759241,5.593862529502531e-06,1.3838108964155004e-07,7.74843140354203e-06,4.260294937062947e-06,4.933877539072497e-06,0
0.07935154146274596,0.9206223798526287,4.935161007225167e-06,1.3194291616414524e-07,4.3943584769568986e-06,3.178638539554415e-06,1.3438583685458584e-05,1
0.022358582700287944,0.9776343376653546,2.0849131316320907e-06,6.309578568107827e-08,1.6373285793851336e-06,1.5200414079057728e-06,1.7742554528968896e-06,1
0.021252751564241303,0.9787407421664255,1.9205847676431074e-06,5.812271170583088e-08,1.508277866105707e-06,1.4002350169502265e-06,1.6190489708309292e-06,1
0.017948674587196314,0.9820443810625349,2.315690380388431e-06,3.768784276670664e-08,1.7596836309475287e-06,1.2965814993678913e-06,1.5347069154528864e-06,1
0.017449337546429255,0.9825430629200065,2.5341703814550873e-06,4.1243603069380996e-08,1.9257056884826584e-06,1.418910947969473e-06,1.679502943179576e-06,1
0.038117133203591516,0.9618705319098758,3.565782830831496e-06,8.06965414152217e-08,3.190742946312151e-06,2.5488906937490468e-06,2.9487735200200617e-06,1
0.04457979983046812,0.9554069003874465,4.248710490373715e-06,7.892950519027519e-08,3.472881932159781e-06,2.7154256829573226e-06,2.783834474779768e-06,1
0.5795864448459943,0.4203676708217299,1.3605062209422454e-05,3.5974389000764785e-07,1.0887016651032706e-05,9.754119337866209e-06,1.1278390187477874e-05,0
0.5759958316410798,0.42395567458338845,1.3596663900369972e-05,3.655991506806524e-07,1.3156673789232788e-05,9.912879258312911e-06,1.146195943313799e-05,0
0.18606097331065252,0.8139136477472059,9.668020631136849e-06,1.4309681289284084e-07,4.817717533216713e-06,4.922984883052762e-06,5.827122281456637e-06,0
0.22231896533740736,0.7776543190245977,1.0490576591996695e-05,1.5256493167314664e-07,5.442830819802284e-06,5.24871824275588e-06,5.380947408833559e-06,0
0.24133969631047175,0.7585907511222892,8.869550742150397e-06,1.657190210795672e-07,4.3817176172284827e-05,5.61700962209352e-06,1.1083111681310893e-05,0
0.18668342708581073,0.8132356149069084,8.961467968590403e-06,1.6743640601019265e-07,6.016329612962992e-05,5.760344196331868e-06,5.9054625803206865e-06,1
0.03374534713729194,0.966046656160684,4.894854220026993e-06,1.5210440568853467e-07,0.0001737143094793184,1.037285207639237e-05,1.886258184296984e-05,1
0.2031666096470402,0.796597564214195,9.668564531335544e-06,2.0044066164589254e-07,0.00019869813845295375,2.202765283609969e-05,5.231342282537259e-06,0
0.17291185147510538,0.8270243787324016,7.880155819370438e-06,1.004546150782752e-07,3.011680726459646e-05,8.5951912323406e-06,1.7077183561574245e-05,1
0.4073995756404605,0.592554473868373,6.819478941863371e-06,2.6861555331065262e-08,3.1484814174367084e-05,3.7622773631862576e-06,3.857059131854001e-06,0
0.3533382358603381,0.6466147624099222,6.983942671668678e-06,2.750936898600577e-08,3.224412584839486e-05,3.7960729534679793e-06,3.9500788971927e-06,0
0.3550426554079358,0.6449010044011124,8.855380537905336e-06,9.410338829002526e-08,3.964526319827307e-05,3.824546664700016e-06,3.920897162613755e-06,0
0.2083871906492777,0.7915387616614544,1.0643312559761692e-05,1.1966211642277622e-07,5.3433114998836396e-05,4.86452464252234e-06,4.987074950444245e-06,0
0.17596089044841126,0.8239623854011595,1.0649564029736776e-05,1.197324013198676e-07,5.609746795655337e-05,4.8673818760739274e-06,4.990004165304857e-06,0
0.16868546438752668,0.83124866734278,1.0244410246527364e-05,1.9031546750746056e-07,4.217383206533067e-05,6.547382965537081e-06,6.7123289484385366e-06,0
0.05076780841664614,0.9491898279590307,5.3088451592830275e-06,1.0843158217162197e-07,2.8875150951569624e-05,3.6557454994867305e-06,4.415451130498138e-06,1
0.04422222226915916,0.9557182916352285,6.2023600055354804e-06,1.066527920471703e-07,4.1515098728287486e-05,7.900394800861485e-06,3.761589285757622e-06,1
0.044379535257262716,0.9555603297847116,6.184092214295373e-06,1.066351643920945e-07,4.150823708100407e-05,8.575025998577684e-06,3.7609675674022626e-06,1
0.1171686627563914,0.8825689623834735,1.0486830392446241e-05,2.172771940804922e-07,0.00022117835477156576,2.387792257871453e-05,6.614475198388305e-06,1
0.09399552961699582,0.9058253552392782,1.0256175890102084e-05,2.1563818494769918e-07,0.00013948867362369394,2.369780181940401e-05,5.456854207909036e-06,1
0.10999729878401397,0.8895628098860234,1.0249495173731777e-05,2.456005922404035e-07,0.000400772402434316,2.3246795245939495e-05,5.377036516397059e-06,1
0.08516772075864264,0.9145995862395306,1.993904935539511e-05,1.3892475158415924e-07,0.00019275875300873033,1.5280037896751817e-05,4.576236814275811e-06,1
0.04399557953192664,0.9557832777101303,2.1535336472193223e-05,1.2876329943062266e-07,0.00016931498172711434,2.6490000740540088e-05,3.673675704015884e-06,1
0.032304310251666836,0.967494483173611,1.987189658341858e-05,1.1881732023685911e-07,0.0001522939688797452,2.5531979560799116e-05,3.3899123779878537e-06,1
0.030456260161388467,0.969337015984014,2.0843146461217618e-05,1.1920421517749045e-07,0.0001567454360351055,2.5615117218648024e-05,3.400950667234005e-06,1
0.0253318543924847,0.9743640821690397,2.8270008265458544e-05,1.372833902744664e-07,0.00024994029090644074,2.0802601671200724e-05,4.913254242464415e-06,1
0.03811180969941772,0.9584062927619572,3.505081445343901e-05,1.6514965102173275e-07,0.0034101208013655325,3.0650142995693316e-05,5.910630159582623e-06,1
0.04621156032179556,0.9475649808136604,3.536818745463367e-05,2.2912754975477803e-07,0.0060664103525889,7.212931359742766e-05,4.9321883353493974e-05,1
0.04784182136136502,0.9457813657137011,4.6314430331434255e-05,2.372107591261145e-07,0.006204525506297755,7.46739065293679e-05,5.106187101609329e-05,1
0.04883733263167567,0.9459680876796768,3.8947027066878996e-05,2.3772952625603958e-07,0.005043677440839614,7.122968111106748e-05,4.048781010365429e-05,1
0.021503229243486983,0.9783125626013613,2.2989808963250445e-05,1.3410843521302967e-07,0.00011670162245492764,3.662670123396929e-05,7.755914064315398e-06,1
0.015991583123640418,0.9838251904859672,3.4744995407826516e-05,1.3480670870626065e-07,9.73590757720103e-05,4.326318984762616e-05,7.724322656625948e-06,1
0.0072857289877348436,0.9925459788560909,2.449403579687717e-05,1.1855711279950699e-07,0.00010059128827784967,3.197008803359517e-05,1.1118186953464517e-05,1
0.007607634477536912,0.9906649625321867,2.819254264384273e-05,2.518371829752223e-07,0.0015927269675356617,8.182321160848434e-05,2.440843130550193e-05,1
0.006293575682406834,0.9913391350556907,2.403073350583885e-05,1.4124947889020824e-07,0.0023004440824284387,3.910794731149425e-05,3.5652491777265423e-06,1
0.007503703720521695,0.9906055585257384,2.7274439030040008e-05,1.7289070677722925e-07,0.0017946441129194008,6.470804731272607e-05,3.938263770793855e-06,1
0.0071491740468940385,0.990976712591867,3.823140092091201e-05,1.7729607526168337e-07,0.0017926797408149312,3.952492961099615e-05,3.4999938167146522e-06,1
0.004952121465437175,0.9934801933458306,2.9145875970888998e-05,1.4393465505592338e-07,0.0015030745528765807,3.2340601246134564e-05,2.980223983708663e-06,1
0.005406824622182121,0.9929058648681621,3.0669921521842064e-05,2.787555978492547e-07,0.0016162906899941983,3.697373406192884e-05,3.0974084799040537e-06,1
0.005827595092689169,0.9922641708319426,2.7667195967717183e-05,2.6565938089013717e-07,0.0018364526130709758,4.081111987174796e-05,3.037487076933472e-06,1
0.005706571465978306,0.9904390560414024,2.3714390993334986e-05,2.814528231344134e-07,0.0037852303806854984,4.201888926748298e-05,3.127378850131309e-06,1
0.005143114715261045,0.9904763032290019,2.320700277704358e-05,2.7543091660767664e-07,0.00431291929416227,4.111986178320281e-05,3.060466097580271e-06,1
0.006633648472257198,0.9914547423492365,2.9635514406789283e-05,2.7803880774240387e-07,0.0018358037228251415,4.271287192551912e-05,3.1790305411906363e-06,1
0.005124393179419062,0.991052062275959,2.107407263145142e-05,2.973558455559067e-07,0.0037616298800342753,3.75195808445112e-05,3.0236552660528414e-06,1
0.005351647016702021,0.9914500034187403,2.3803842238407397e-05,5.350321872800754e-07,0.003129124939605712,4.193372029753833e-05,2.9520302283112107e-06,1
0.0018213361832948363,0.9948501025609847,3.168545073867673e-05,6.204291521946747e-07,0.0032347254555359006,5.738178971550062e-05,4.1481305784048105e-06,1
0.932716928032208,0.06500095852964957,9.479107815938135e-06,1.9384213951035953e-07,1.5471130852549575e-05,6.7461028860952355e-06,0.002250223254448492,0
0.9307366941840295,0.06724847923648905,8.886019771163625e-06,1.871741876352518e-07,1.4517149973654277e-05,6.366713384970869e-06,0.0019848695221643064,0
0.8173172659146782,0.18027659450616473,7.908961760937911e-06,2.4918332771005963e-07,1.799542002196732e-05,6.971728722594161e-06,0.002373014285323726,0
0.7526715678865612,0.24588690272162803,1.1315408952118398e-05,2.074208653460844e-07,1.6554890270115065e-05,7.0554023308737475e-06,0.0014063962693922026,0
0.7219846202221198,0.2764988818926631,1.2068854982624372e-05,2.2123215827419936e-07,1.6847975895707635e-05,7.643101272637482e-06,0.0014797167209078246,0
0.9055535526637195,0.0940669396696475,1.0238945106464787e-05,1.8661601298020918e-07,1.4218228491904501e-05,6.4471869615616865e-06,0.0003484166900601401,0
0.8066822352813897,0.1929784572720705,1.0771520477561104e-05,1.9745093685991022e-07,1.578065758234615e-05,6.785358375295584e-06,0.00030577245916774603,0
0.8606237050620544,0.1392827610224841,7.856561756124383e-06,1.4817429002891213e-07,1.5352952258369046e-05,5.091977155643934e-06,6.508425000121663e-05,0
0.8650851950503675,0.13484803329651446,7.562950932956192e-06,1.4345645827828344e-07,1.4063634215591793e-05,4.929849896632365e-06,4.007176161467307e-05,0
0.843649976946881,0.1563106893631434,6.431512272292655e-06,1.3122541701679972e-07,1.5874719545246395e-05,4.441775621698771e-06,1.2454457119423373e-05,0
0.7500866389907024,0.24985849370491733,9.860166980486217e-06,2.1891754070040834e-07,3.121035999690786e-05,7.410017186844497e-06,6.167842675593773e-06,0
0.48568724896233023,0.5142645844101092,1.1120095967886668e-05,3.273648104898349e-07,1.7839160896155184e-05,8.79752755543518e-06,1.0082478330669686e-05,0
0.4742506317930445,0.5257055704199174,1.1905517296827217e-05,2.1867593834451507e-07,1.6020144382178064e-05,7.668105672261408e-06,7.98534374861538e-06,1
0.2915254513385519,0.7084312816731954,1.6725080131909022e-05,1.9587087302144892e-07,1.1920338642946636e-05,6.738580178141638e-06,7.687118426696222e-06,0
0.20109021096415391,0.798867515665695,1.3920513471752056e-05,2.3096994407607086e-278,1.1154348931339487e-05,5.763103186078309e-06,1.1435404561983365e-05,1
0.17809288164743475,0.8218693002623513,9.051217841069179e-06,1.318963928770413e-07,8.747085176641195e-06,4.5376548585265395e-06,1.535023594480824e-05,1
0.18151843217586436,0.8184409992873628,1.0639519013436586e-05,1.3478060646325015e-07,9.471452539362704e-06,4.636880967042558e-06,1.5685903646538344e-05,1
0.153657907962439,0.8463176420659931,6.742524110994192e-06,1.2623034985159854e-07,8.371325386119368e-06,4.255874651487746e-06,4.954017069430612e-06,1
0.21098626181404762,0.7889741350016023,1.0376181559773021e-05,2.0453726941421724e-07,1.557523562890058e-05,6.154601672000945e-06,7.292628220229144e-06,0
0.09697139073219803,0.9029989496755849,4.994247260887026e-06,1.3205745843978845e-07,5.88623204132295e-06,3.5090057031117154e-06,1.5138049753226664e-05,1
0.11616094698561563,0.8838006885566488,7.921421037624654e-06,2.1135732750301547e-07,7.37327157946453e-06,4.989980819686388e-06,1.786842697132422e-05,1
0.12468948302951684,0.8752915577284749,6.432760901368678e-06,1.7453862177508983e-07,3.896168498415346e-06,4.204812247175218e-06,4.2509617396192885e-06,1
0.019728418107043125,0.9802637578464672,2.5057512330896786e-06,7.075270041068682e-08,1.8360246599771332e-06,1.7045042419948482e-06,1.707013653936846e-06,1
0.034178906710629384,0.9658116040151156,2.9849100017177416e-06,5.901913414159437e-08,2.36330659920505e-06,2.0004405179402653e-06,2.0815980018998674e-06,1
0.02349605366788806,0.9764958209991761,2.7728658733757865e-06,4.589121667795798e-08,1.8590113108948736e-06,1.5788036183563978e-06,1.868760916621796e-06,1
0.018858394286231733,0.9811331113809428,2.4587247630371814e-06,5.0218156790964624e-08,2.212765231668832e-06,1.7276641019379436e-06,2.0449605721788447e-06,1
0.020096014906999648,0.9798956857545513,2.391029050549785e-06,4.883550755959284e-08,2.1518414873046504e-06,1.718975434154999e-06,1.9886569691796716e-06,1
0.018340095976703368,0.9816524925823283,2.4714482839219277e-06,4.022280142428747e-08,1.8780434235863979e-06,1.3837921289979135e-06,1.6379343303585027e-06,1
0.02126574283531822,0.9787244622717494,3.2848829882646637e-06,5.346144485342726e-08,2.467452382591044e-06,1.8120638668782757e-06,2.177032249750804e-06,1
0.02614628847911298,0.9738412443882123,3.3745842436788312e-06,6.305085947086e-08,3.431381154739857e-06,2.137094957609271e-06,3.4610214592193286e-06,1
0.03204501509668452,0.9679454498047965,2.9824228785087163e-06,5.5723701711631604e-08,2.6145111214582217e-06,1.9170723345147847e-06,1.9653684830941723e-06,1
0.6550304527044745,0.3449189024415241,1.586074506678381e-05,2.2745624823055953e-07,1.4302038549344953e-05,1.0044472402679709e-05,1.0210141734305789e-05,0
0.6406417715212014,0.3593146104487702,1.3851591085559225e-05,3.911152317700316e-07,1.0516727433972365e-05,9.42236222492113e-06,9.43623405211082e-06,0
0.44014907912740814,0.5598300413194865,6.657955338881902e-06,2.1773066208528152e-07,4.921038482508786e-06,4.538073780503329e-06,4.54475484134078e-06,0
0.08810733655939693,0.9118736247011918,6.618677606094066e-06,1.0700070152833126e-07,4.274663987287613e-06,3.681163999749497e-06,4.357233116534522e-06,0
0.1795717611934041,0.8204034431102479,9.307611261703101e-06,1.37649144870588e-07,5.759998799887892e-06,4.735567799616221e-06,4.854869341837847e-06,0
0.18207473485240347,0.8178981891780858,9.045400942471031e-06,1.4380146099413624e-07,7.083723455623231e-06,4.947227015916663e-06,5.855816635779673e-06,0
0.18207473485240347,0.8178981891780858,9.045400942471031e-06,1.4380146099413624e-07,7.083723455623231e-06,4.947227015916663e-06,5.855816635779673e-06,0
0.3579336670086256,0.6420438678153674,7.0055515763595875e-06,1.301441274381528e-07,6.328105595437626e-06,4.411206458479393e-06,4.590168249237936e-06,1
0.16649524283152972,0.8334202125261231,1.1010604505931313e-05,1.49424623128318e-07,6.11723402257061e-05,5.984736692621207e-06,6.227536299896684e-06,1
0.08322694953793362,0.9166237324514958,1.654818855023792e-05,2.0774216585961723e-07,0.00011819366297474785,7.041374834019539e-06,7.32704204582641e-06,1
0.029262666942848986,0.9705660549480455,4.7923509929245595e-06,1.5281598671025583e-07,0.00013415156681526245,1.3230549769649261e-05,1.8950825541101794e-05,1
0.15573314303568042,0.8442154537003943,5.887498581218606e-06,1.0120841306006643e-07,2.570556935333176e-05,8.811418317942933e-06,1.0897569259589836e-05,1
0.2023102533380965,0.797560706208795,9.505651787365353e-06,1.3307417562022994e-07,8.894308398888126e-05,4.590439311032795e-06,2.5868203845361313e-05,1
0.18453800170735135,0.8153087610293799,9.404321646492926e-06,1.290570653713798e-07,0.00011416469648652624,4.45186771577678e-06,2.508732035461476e-05,1
0.36431396102017977,0.6355206719313645,1.0709478381179752e-05,1.4696794766145855e-07,0.00012087188708404908,5.069709740921435e-06,2.8569005301905115e-05,1
0.09509182610632944,0.9048322985137928,1.0826790890658766e-05,1.6662909971915698e-07,5.196868588290338e-05,5.64779303413481e-06,7.265480970294722e-06,1
0.14193905731750464,0.8579911194783992,1.282859174298846e-05,1.8656888987859565e-07,4.38093641424553e-05,6.418490244059618e-06,6.5801890766500485e-06,0
0.10605410308174454,0.893884815977013,1.0682446383148996e-05,1.5535704953593392e-07,3.949804065904276e-05,5.265733678280848e-06,5.479363472667654e-06,1
0.0707439395045246,0.9292017019843074,9.672217724784025e-06,1.4066508309950004e-07,3.4745171767513584e-05,4.839271242603657e-06,4.961185350246286e-06,1
0.045530970865451006,0.954411995744754,7.161955115442088e-06,1.0571256182465731e-07,3.7614051628142085e-05,7.846940804261636e-06,4.304729685468863e-06,1
0.14483838475028177,0.8549205233352432,9.515214760248233e-06,2.5702865293717446e-07,0.00020299862425702435,2.1977246792308445e-05,6.343800012617637e-06,1
0.10685939009244512,0.8928644308315336,9.957106357411866e-06,2.064224714940669e-07,0.0002375819207656487,2.3209981401108188e-05,5.2236450258222255e-06,1
0.10413316503413218,0.8941492310219517,2.696796221260198e-05,1.7570025630963808e-07,0.001664621707248989,2.082570932844509e-05,5.012864869994597e-06,1
0.06730738264268077,0.93246066448505,1.8447242241774886e-05,1.205725554884461e-07,0.00019565379197448437,1.4291275456558588e-05,3.4399900408553055e-06,1
0.06457198862851289,0.9351736137571349,1.7946489532514267e-05,1.3585329398298663e-07,0.00021903071134432816,1.3931234109223571e-05,3.353326072135831e-06,1
0.056579095594838716,0.9431255049751778,1.8080988164613022e-05,1.1817869143751148e-07,0.0002598210366063388,1.4007534513863392e-05,3.3716920068539785e-06,1
0.046977533926436124,0.9528478382468417,1.928608456873906e-05,1.1701857602598673e-07,0.00012713366700046815,2.4752463192432858e-05,3.3385933846532545e-06,1
0.03925276356541865,0.9605483464004648,1.8518432473581985e-05,1.193945359629714e-07,0.0001530338144986685,2.3812012002403352e-05,3.406380606111638e-06,1
0.019717028446817872,0.9800423722736137,1.6279604177497848e-05,1.1974595933452569e-07,0.00019957992812553367,2.0908138058008345e-05,3.7118632480273906e-06,1
0.04578508204636437,0.9450822126677727,3.677349718444881e-05,1.9257719652527548e-07,0.009053898256353382,3.0437923262264462e-05,1.1403031866462821e-05,1
0.040876971229336444,0.9544542169247805,3.199684325500502e-05,1.553780455511464e-07,0.004606072817986772,2.5025897708214092e-05,5.5609088877260454e-06,1
0.04710266132121059,0.9443554490222253,3.713003242730111e-05,2.387092991166225e-07,0.008396390138872587,7.532252015918494e-05,3.28082558056804e-05,1
0.04995125673364338,0.9419148621402853,3.3997160884876615e-05,2.7520011026566723e-07,0.007997455706464164,7.495144067861207e-05,2.720161793367628e-05,1
0.01499905848367791,0.9847820084074717,3.257498411616504e-05,1.3731826339366445e-07,0.00014271097045491667,3.6342870544545297e-05,7.166965471486533e-06,1
0.0170763078835118,0.982731466513658,2.8960136466923317e-05,1.5385556364063545e-07,0.00010809429328298035,4.6624827404100346e-05,8.39249011261404e-06,1
0.016804664487186077,0.9830044977763628,2.9740799882303303e-05,1.3931065342737366e-07,0.00010812432500821954,4.44384791175693e-05,8.394821789425829e-06,1
0.014851274494971747,0.9849609212856077,3.3809251134136416e-05,1.3958791628636374e-07,0.00010081212314287418,4.463172765366954e-05,8.411529573308716e-06,1
0.01602868589019205,0.9837969329893826,3.332732991090536e-05,1.3853127619252017e-07,0.00010021078482320875,3.6577813694288475e-05,4.12666072071697e-06,1
0.00878803540237381,0.9900878096641419,1.8915257814546392e-05,2.5492368178505986e-07,0.00097818390003468,8.768945954655739e-05,3.911139240654848e-05,1
0.009132300640573316,0.9899250462676217,1.9374848621182014e-05,2.2440612899581417e-07,0.0008151206428447691,8.041207258840397e-05,2.752112162174027e-05,1
0.010214312241326311,0.98829700629975,3.4266043131889594e-05,1.9131319415774713e-07,0.0013935023038199243,5.413122779475526e-05,6.590570982802156e-06,1
0.010130172456590581,0.9881778702309608,3.4261912469097266e-05,1.9129013195912244e-07,0.001596824325652753,5.409000768444067e-05,6.589776510378419e-06,1
0.005548236608297047,0.992226575149186,2.9409221100860577e-05,1.5045311557257963e-07,0.0021552166265697533,3.744185356956019e-05,2.9700881614680987e-06,1
0.0051412528524703675,0.9913587219409355,2.5963894775489625e-05,2.722022755269853e-07,0.0034301266698620386,4.0637848810146835e-05,3.0245908708976194e-06,1
0.005284683591842368,0.9904423651591291,2.5939895197402443e-05,2.7195066690572463e-07,0.0042031173226102425,4.0600285446319967e-05,3.0217951075726038e-06,1
0.005148877686859251,0.9904369471015981,2.4701837796463223e-05,2.810729974334324e-07,0.004344106958340305,4.1962184012610334e-05,3.123158395524545e-06,1
0.005139350458717352,0.9918613238783659,2.85664344288121e-05,2.7234027743086217e-07,0.002929509732574299,3.795103134957249e-05,3.0261242868024806e-06,1
0.005350722804649249,0.9912787832242804,2.379973139218933e-05,2.9026187631131604e-07,0.0033098342357782136,3.361822160123404e-05,2.9515204222816577e-06,1
0.004655492164265742,0.9924632168931032,2.490277081328822e-05,2.4233374406028715e-07,0.0028211892459842043,3.2388568908249946e-05,2.5680231812164135e-06,1
0.004876230059883787,0.9905599367384841,2.4477227822210014e-05,4.841117288782146e-07,0.004468360818215158,6.727431867542651e-05,3.236725190653247e-06,1
0.003782626709164521,0.9803361784478725,4.8188432315034926e-05,1.29602053194196e-06,0.015726116437386323,9.885937098337118e-05,6.734581746549586e-06,1
0.804698109191573,0.19246142669904304,8.741332721815389e-06,1.9723229193084355e-07,1.6024729602517577e-05,6.934689755631919e-06,0.0028085661250119337,0
0.9181885142855803,0.08147911007026866,1.205446565784323e-05,1.7199458528162318e-07,1.3727411085863401e-05,6.031174097071589e-06,0.000300390598724977,0
0.8785021209367403,0.12140585438205045,7.234662964025593e-06,1.3644531559334002e-07,1.3887972590059917e-05,4.688913507602082e-06,6.60766868323255e-05,0
0.7796337687025232,0.22030629901811674,8.032841537372729e-06,1.9892242541425993e-07,3.836805638702188e-05,6.733213731766123e-06,6.599245278255011e-06,0
0.7729719223607302,0.22697714650256046,8.276074985537141e-06,2.620739851017864e-07,3.0615735977526546e-05,6.547515232456027e-06,5.229736528785286e-06,0
0.6142066136228441,0.3857548848492326,1.1052514799979303e-05,2.1328997675272162e-07,1.4557261047408157e-05,6.9763365763462215e-06,5.7021255226387535e-06,1
0.5741985207997373,0.42575632961696,1.3432049048964298e-05,2.1860649285382631e-07,1.6296678135302094e-05,7.370349782607806e-06,7.831899842903627e-06,1
0.3067676463994017,0.693197465438942,1.1207284695138537e-05,1.6331508656521648e-07,1.1489565163920256e-05,5.618557716845126e-06,6.409438993798169e-06,0
0.28471382477756074,0.7152410434768418,1.689009113296272e-05,1.9780335098745085e-07,1.3475827392940703e-05,6.805063558317159e-06,7.762960162389163e-06,0
0.261388545701086,0.7385725583268081,1.0202609441225687e-05,1.942372233591296e-07,1.4039107666721988e-05,6.837013313425365e-06,7.623004461060273e-06,1
0.25548147226692475,0.7444775214641891,1.0756150918416819e-05,2.047755430079507e-07,1.4800797942239292e-05,7.207954734920596e-06,8.03658974767916e-06,1
0.23436379355231882,0.7655964253262268,1.261828299629207e-05,1.838764728389337e-07,1.3290251759777005e-05,6.472322200060926e-06,7.2163880253971764e-06,1
0.18864177646243493,0.811315513178049,1.122689710049358e-05,1.422214667781559e-07,9.994344943351654e-06,4.79501749040661e-06,1.6551878514953758e-05,1
0.1759568559769798,0.8240077257536969,1.0580801502252807e-05,1.7220246140839797e-07,1.2101202711502837e-05,5.8058310960350796e-06,6.758231552222594e-06,1
0.34554643953134184,0.6544282195634146,7.467385715589724e-06,1.3980086623920598e-07,7.533708584650972e-06,4.713406590276762e-06,5.486603487072898e-06,1
0.21029552185588285,0.7896675892856863,1.0342211370648466e-05,1.8952751302754737e-07,1.2698418649471157e-05,6.389947737621975e-06,7.268753159983796e-06,0
0.2815940751924765,0.7183694611394118,9.55361663132935e-06,1.883227126998251e-07,1.4340519128733615e-05,5.6666996962341e-06,6.714509942750748e-06,0
0.4340955505548214,0.5658569020875044,1.276204820345594e-05,2.8938483070861534e-07,1.547042206552306e-05,8.707696000986875e-06,1.0317806573715759e-05,0
0.3643800357242168,0.6355841727523116,9.022724790720689e-06,2.0459409371185954e-07,9.76361082789818e-06,6.298773798149824e-06,1.0501819961255901e-05,0
0.1916137272307459,0.8083407881076777,7.700273787270794e-06,1.82915853406094e-07,8.681042721784324e-06,4.860405314283577e-06,2.4060023899584304e-05,1
0.1399547996357695,0.8600223888090407,7.273447025887696e-06,1.9406825086365554e-07,5.942125020830647e-06,4.67530080001946e-06,4.7266140920907525e-06,1
0.12772697438801586,0.8722543630341787,5.951368649264244e-06,1.7711254327896563e-07,3.953625305274503e-06,4.266820624190541e-06,4.313650683318287e-06,1
0.08468721008769853,0.9152995607787189,4.3813886923985715e-06,1.1911774330062673e-07,2.5093653754897777e-06,2.869667130360215e-06,3.3495946410140193e-06,1
0.08603491967650902,0.9139513568455555,4.17650126723406e-06,1.2639357719804196e-07,2.8214424341886365e-06,3.0449493410773765e-06,3.554191316172505e-06,1
0.12570908096598493,0.8742722097372642,5.693848305379045e-06,1.7231309397314618e-07,3.846488770077318e-06,4.1511970274440795e-06,4.8454495539956964e-06,1
0.14454519068038713,0.8554343705229996,6.453000018571869e-06,2.1102814527379167e-07,3.879119566004089e-06,4.3983758825853435e-06,5.497273000699913e-06,1
0.02936785657715544,0.9706218274125796,3.815161891035567e-06,5.8716368481963685e-08,2.3511829363993455e-06,2.0200295770453537e-06,2.070919492272487e-06,1
0.023791446885451675,0.9762007247952033,2.447612568447024e-06,4.8395420438370387e-08,1.9604543200890117e-06,1.6649561818368056e-06,1.7069008542878388e-06,1
0.022852915695336196,0.9771388536074884,2.8088226650299423e-06,4.648630529464455e-08,1.8831178077256007e-06,1.599276556955103e-06,1.8929938402462604e-06,1
0.016559286068330775,0.9834336774185012,2.139971514690942e-06,4.0740766122207345e-08,1.795162478026108e-06,1.401611759821723e-06,1.659026649406284e-06,1
0.017985418793109675,0.9820056155809975,2.998453914837253e-06,4.879981393136289e-08,2.2523000918711937e-06,1.6788686024739994e-06,1.9872034697469446e-06,1
0.5117646318600377,0.48818766007698655,1.4989343458016893e-05,2.800614593344928e-07,1.2925919174115225e-05,9.635003762535808e-06,9.877735121650729e-06,0
0.3321749082906872,0.6677994495078765,8.010969493280994e-06,1.5749188283358046e-07,6.580867068378268e-06,5.338152588127496e-06,5.554720403645919e-06,1
0.13693402960753775,0.8630459574224992,6.366262709639694e-06,9.797849679472614e-08,6.722267061984521e-06,3.3707714996131977e-06,3.455690194772234e-06,1
0.11688203999746448,0.8830638731122022,1.0311546033752032e-05,1.3993771905381632e-07,3.2198485467806274e-05,5.60476837330819e-06,5.832152739538883e-06,1
0.03702919216258648,0.9628857731733508,1.098191506533388e-05,1.3786444443951054e-07,6.437953672208372e-05,4.672884898285151e-06,4.862462932611373e-06,1
0.03394744204885458,0.965951651677164,9.11671121718052e-06,1.4619727371924533e-07,8.153168033119618e-05,4.955324306499243e-06,5.156360852856252e-06,1
0.08146872056281895,0.9182882267125471,9.435952544681397e-06,1.66711697406764e-07,0.00019897372963710003,1.7752529759464966e-05,1.6723800995255484e-05,0
0.09815696361828384,0.901668340230526,8.28921184959707e-06,1.597574167653755e-07,0.00014024585869612524,1.9021030625282685e-05,6.980292602432402e-06,0
0.1168401669740996,0.882923953814195,8.41291152436826e-06,1.7186990691785167e-07,0.000204006413036944,1.893874567850715e-05,4.3492715587690724e-06,0
0.1839852108412514,0.8159066100189432,9.018779682986487e-06,1.8137982176020724e-07,6.70188367726686e-05,2.0614588385100753e-05,1.1345555142835936e-05,1
0.20963067681026315,0.7902786251484908,1.4691155104072903e-05,1.4956913736423433e-07,6.462110465187273e-05,5.1455955470895944e-06,6.090616805879084e-06,1
0.17036380730834685,0.8295575009134819,1.3396189839476872e-05,1.363852293481397e-07,5.565693366432135e-05,4.692032334943415e-06,4.810237103072351e-06,1
0.10104049749457679,0.8988838294573444,1.2188977523947392e-05,1.2462892400814394e-07,4.983085990921269e-05,4.287582637139828e-06,9.240999084393468e-06,1
0.10202038193961598,0.8979221929284006,1.1700880793401522e-05,1.4822752226857182e-07,3.524867472061165e-05,5.099440245375593e-06,5.227908701848678e-06,0
0.06648627331223841,0.933455943794524,1.0708270613823777e-05,1.5573261671785727e-07,3.614781717062598e-05,5.2784633018429555e-06,5.492609534589607e-06,1
0.05216629815571659,0.9475489883216935,9.289991649878156e-06,1.3712146456944468e-07,0.0002595241049701762,1.017850759655019e-05,5.583796908579178e-06,1
0.043279149192412734,0.9563515642934335,9.135897314970996e-06,1.3484701248373136e-07,0.00034583768540370817,8.68690670069436e-06,5.491177721898267e-06,1
0.06781510977278823,0.9318395205771626,7.94645679573839e-06,1.5761949570226686e-07,0.0003188622690817294,1.2933098373148347e-05,5.470206302963765e-06,1
0.09699193098509565,0.9025600581103338,9.096501571561681e-06,1.6496666384836747e-07,0.0004179691938029238,1.5600739810906837e-05,5.179502721467937e-06,1
0.12507257671165178,0.8746489396219105,1.0018721820335582e-05,2.2318408148435456e-07,0.00023929926829634445,2.3521691363912606e-05,5.420800875438793e-06,1
0.061343856839807934,0.938556249962539,8.14152928497784e-06,1.393543712753682e-07,7.10448526229647e-05,1.6591617555881095e-05,3.975843817815204e-06,1
0.06602904112179347,0.9337304638395972,2.1279071377224864e-05,1.3863785120414308e-07,0.00019868940164935055,1.6432526558281753e-05,3.955401173142856e-06,1
0.07074768315511822,0.9290198346849844,2.1126029542659244e-05,1.376407498404423e-07,0.00019097719448760514,1.6314341701130546e-05,3.926953416130833e-06,1
0.0638175254563071,0.9359611936643812,1.7466169989631494e-05,1.1509982357796363e-07,0.0001867731578500109,1.3642601146590109e-05,3.2838505015375465e-06,1
0.06991743161419049,0.9298471576081375,1.7249081793394252e-05,1.136692401642789e-07,0.00020083068011570617,1.347303634350761e-05,3.744310179136174e-06,1
0.04394812015302646,0.9558451941256595,2.0133146576976314e-05,1.203793766825598e-07,0.0001575343571199678,2.54633596789057e-05,3.4344785613510252e-06,1
0.050157493040958144,0.9496675287770427,1.9946033185877235e-05,1.1678536007674872e-07,0.00012688029185408935,2.4703131971737436e-05,3.331939627175051e-06,1
0.028905270306767525,0.9708912849282948,1.5243385651853972e-05,1.0678031547605615e-07,0.0001641649440482267,2.0931944605855e-05,2.9977103163028243e-06,1
0.024673852116243337,0.9681883942387484,1.9993514382552167e-05,1.541485930780426e-07,0.007086718683754727,2.691528233307512e-05,3.972015944835421e-06,1
0.027174293894144837,0.9649805366413995,2.3347763466618036e-05,1.571212479947064e-07,0.007791632115409835,2.550458477442983e-05,4.5278795566468065e-06,1
0.04080932669131006,0.9477599760401181,6.163043035398547e-05,2.697516830892707e-07,0.01129891087565061,5.7633142264458056e-05,1.2253068619960794e-05,1
0.052198535830287225,0.9474474211741333,3.252901679017264e-05,2.4473716382936674e-07,0.00024062116770318315,6.61281833714972e-05,1.451989055082257e-05,1
0.033906099144129315,0.9658659370668047,2.9111207686053417e-05,1.455797308805065e-07,0.00014407029541153052,3.515440103666036e-05,1.948230520071651e-05,1
0.027024750708250517,0.9727678359677187,3.4706185354535095e-05,1.4168629908881753e-07,0.00011590818255127847,4.433721342549812e-05,1.232005640042668e-05,1
0.016228861383462866,0.9835864536805982,3.221520691711077e-05,1.3580164008522044e-07,0.0001014005503612309,4.384556771230617e-05,7.087809308160255e-06,1
0.014022931908504496,0.9857942102413423,3.4341225649399504e-05,1.3507650975950327e-07,9.75539294364763e-05,4.3087836504558095e-05,7.739782053330637e-06,1
0.01638652007351887,0.9834263680305494,3.431818198714424e-05,1.4168913399814783e-07,0.00010232964861603763,4.22036957635332e-05,8.118680430989374e-06,1
0.020379278311546793,0.979435498578371,3.411195711026044e-05,1.4379729840038937e-07,0.00010385219107514417,4.2831636146406e-05,4.283528451939174e-06,1
0.021818533467910524,0.9734525711678512,4.4436935551983335e-05,1.9475217247325794e-07,0.0045945251318837334,5.601435770647024e-05,3.3724186923556736e-05,1
0.0072418414046475105,0.9913784765879312,3.119627914050813e-05,1.8226205250915232e-07,0.0012948361173036008,4.933914049459188e-05,4.128208430481413e-06,1
0.01106653574106624,0.9866456953571932,3.844528453152913e-05,2.0205539975097047e-07,0.0021879513514757,5.713404038817969e-05,4.036169945531454e-06,1
0.007483213371098231,0.990345458004842,3.064446461157149e-05,1.7251616464638254e-07,0.0020720140442741495,6.45678669041014e-05,3.929732105141923e-06,1
0.006103166611785341,0.9926614384972855,3.2792779026703396e-05,1.5144454145114456e-07,0.0011541170703940641,4.534569301271444e-05,2.9879039541509476e-06,1
0.006959402476565278,0.9916841942091068,2.8885533335441256e-05,1.4861299538036628e-07,0.0012878259822639464,3.657281321871663e-05,2.970372514580507e-06,1
0.0054168905424279426,0.9927744976527119,3.022579091218239e-05,1.5463056290362362e-07,0.001738740510373904,3.643831805055676e-05,3.0525549606159406e-06,1
0.005970982003183944,0.9924992410590213,3.018499383405586e-05,1.5442185123834884e-07,0.0014624149999813733,3.39360462691174e-05,3.086475858958632e-06,1
0.005142299912179186,0.9924305492773479,2.4705584873719986e-05,2.7249657246863346e-07,0.002358463082824839,4.068178523425215e-05,3.0278609678919183e-06,1
0.0051282016763918616,0.9917886214444132,2.1089735079474298e-05,2.7232031516340004e-07,0.0030212414555773424,3.754746574816007e-05,3.025902474946531e-06,1
0.004814408286340123,0.9902857834930022,2.047070878144554e-05,5.183197011939127e-07,0.004824866115415197,5.0026384287336915e-05,3.92669247254061e-06,1
0.8695009149489027,0.12869283300542417,8.76729363588051e-06,1.6071179047904427e-07,8.970312096234255e-06,5.522825623812681e-06,0.0017828309025266391,0
0.8441604555060158,0.15327882515974334,1.158650938308498e-05,1.8500559224104722e-07,1.0326298381743456e-05,6.357676822166485e-06,0.00253226384406172,0
0.8482023958564086,0.14917858467669035,1.0952932016385136e-05,2.0077636137844705e-07,1.0723112338581507e-05,6.899635863501558e-06,0.002590243010321162,0
0.9334765147802728,0.06397173621939231,9.161147435205635e-06,2.067046482343172e-07,1.649772680358e-05,7.267737917149133e-06,0.0025186156835306384,0
0.8110746827318087,0.18623131545384042,9.082796908400523e-06,2.0493681094136127e-07,1.6356630331190537e-05,7.205580736673919e-06,0.0026611518695635445,0
0.8197099328500075,0.1770947714199072,1.0097572430451075e-05,2.023388516389678e-07,1.6149279295866353e-05,7.114236456366242e-06,0.0031617323030510057,0
0.7581360759769619,0.23963289865655651,1.2578986818477716e-05,2.305832994729872e-07,1.7642590249820254e-05,7.966163343516365e-06,0.0021926070427702644,0
0.7283973939920819,0.27119795986943,1.4494674125350243e-05,2.390442895822096e-07,2.2903620164193163e-05,7.252076169251557e-06,0.0003597567237395984,0
0.7957789721462319,0.20367144995426573,1.2689386369606675e-05,1.9964256801343882e-07,2.0475148887353912e-05,6.860673301826952e-06,0.0005093530483753974,0
0.8056408673755263,0.1943039568910584,7.810026408593775e-06,1.5935194227882547e-07,2.3451742070561544e-05,5.3938146174366666e-06,1.8360798376509984e-05,0
0.784562155216738,0.21538162538854225,8.85992498909686e-06,1.9670995361860826e-07,3.485224520609116e-05,6.658325013490124e-06,5.652189557726457e-06,0
0.41096790587895976,0.5889874934847945,1.1191084110201278e-05,2.3321750855583218e-07,1.738590022114677e-05,7.862962307501864e-06,7.927472098295065e-06,1
0.6501285006798403,0.34983130774249843,1.1048482839877015e-05,2.068444741536735e-07,1.4551950555017607e-05,6.973791607056878e-06,7.410508185193108e-06,1
0.5862032513533538,0.4137554689191464,1.1347610306815298e-05,2.1244459722038573e-07,1.4945931174041859e-05,7.162600572831369e-06,7.611140848907043e-06,1
0.595115969402353,0.4048392459206261,1.2482743187849003e-05,2.0315654741456383e-07,1.7970941892695338e-05,6.8494526192938505e-06,7.278382773584285e-06,1
0.6046299752880543,0.3953291717581956,1.0519579718315069e-05,1.969425998743507e-07,1.6440724016639507e-05,6.639948471890643e-06,7.055758943300578e-06,1
0.29458552917431335,0.7053802172896172,1.1321378280473535e-05,1.649776840874873e-07,1.0616734709797153e-05,5.675756352532908e-06,6.474689042733357e-06,0
0.2208855637131457,0.7790779808464072,1.1890994904295302e-05,1.7327826632118315e-07,1.1491442045614387e-05,6.099272803003191e-06,6.800452427848629e-06,1
0.19526051015795431,0.8047066877218767,1.0739999917039637e-05,1.5650570712481254e-07,1.0379121983475313e-05,5.384293435409435e-06,6.142199126209671e-06,1
0.37808301907740005,0.6218887003698338,7.653468277325752e-06,1.6133835728112876e-07,8.694339312623338e-06,5.439546241238071e-06,6.331860577620708e-06,0
0.3880016009505597,0.6119557466488165,1.0198315358500808e-05,2.574136262728027e-07,1.5273104507165675e-05,7.745670699485224e-06,9.177896432297218e-06,0
0.420168079530551,0.5797862378099864,1.2261549971191542e-05,2.78035821998981e-07,1.486370762809587e-05,8.366200154386835e-06,9.91316588683978e-06,0
0.17347145835734776,0.826501887036471,7.335131157725765e-06,2.18293271882965e-07,7.7038620650499e-06,5.258906102010032e-06,6.138413584810994e-06,1
0.1360438751253469,0.8639370310128857,6.565812670870409e-06,1.7518733222350423e-07,3.865660069071486e-06,4.220440339173551e-06,4.266761356164068e-06,1
0.12227306752796856,0.8777075733595763,6.568434625818526e-06,1.782198257308488e-07,3.978342808850499e-06,4.293496180393569e-06,4.340619014396164e-06,1
0.066938405324381,0.9330452776798468,5.096119166344084e-06,1.3827182905337996e-07,3.588138494340811e-06,3.3311084637311415e-06,4.163357818638379e-06,1
0.05224338602330714,0.9477410952082257,4.163947984695176e-06,1.1320613667958977e-07,2.7723414315871444e-06,2.7272505370136196e-06,5.7420223773145825e-06,1
0.021401957194754552,0.9785892962848797,3.44404689060309e-06,4.436642021475605e-08,1.7972431975803688e-06,1.5263457767991859e-06,1.9345180804997713e-06,1
0.02175155124050569,0.9782402033008437,2.8138601927971125e-06,4.6569676899634225e-08,1.8864951153653372e-06,1.6021448049806367e-06,1.8963888602138955e-06,1
0.8593334602873607,0.1406449038996359,6.747138400818386e-06,1.4016443302079643e-07,5.562449280416989e-06,4.58965194694955e-06,4.596408942398156e-06,0
0.1123016833039551,0.8876797391692591,5.9957760236521326e-06,1.0175068294262134e-07,5.3907186326361545e-06,3.500546684725501e-06,3.5887347618005247e-06,1
0.20760097078867693,0.7923730523703192,9.024855503280078e-06,1.6258981218367415e-07,5.828690730430102e-06,5.0194276196542695e-06,5.941277338334814e-06,1
0.13886874740875238,0.8611126465324933,5.854904464368572e-06,1.3304422166808833e-07,4.598416105412468e-06,3.959965946669325e-06,4.059728016303523e-06,1
0.0931985548611383,0.9067349853183261,1.100485351901243e-05,1.1691450379761359e-07,4.307187132681264e-05,4.68264537750456e-06,7.583535808622976e-06,1
0.039167567079570496,0.9607577194327405,1.0987352889674915e-05,1.0167805947928729e-07,5.295681962283596e-05,4.072397176987692e-06,6.5952399400100005e-06,1
0.037385960008391825,0.9624969957839035,1.0549954716560515e-05,1.6918103257631134e-07,9.465411341643703e-05,5.703963182392528e-06,5.966995356545113e-06,1
0.045323436558471854,0.9545816635255192,1.040697033513273e-05,1.6688810848875426e-07,7.281327646230549e-05,5.626656912438494e-06,5.886124190463347e-06,1
0.030364203983101745,0.9694567641100085,8.949159265558116e-06,1.5338648644262417e-07,0.00013789280948595806,1.3014978009754507e-05,1.9021573642345007e-05,1
0.10155731792590315,0.8982952016214415,8.258201932445486e-06,1.5915976473908706e-07,0.00011564497648742631,1.8949873005652484e-05,4.468241465102517e-06,0
0.19861366088693239,0.8011323533604793,1.0040851884544614e-05,2.081586143117488e-07,0.00021569558979666264,2.277357312709758e-05,5.267579165976931e-06,0
0.17421081299123975,0.8257377977822082,5.40620676940365e-06,1.0038563538171891e-07,2.642307794545265e-05,8.65057914985587e-06,1.0808977052045634e-05,1
0.20677108524694404,0.793146699257355,9.453043863302936e-06,1.3233769207525064e-07,4.556780549256417e-05,4.565034058653475e-06,2.2497274594334624e-05,1
0.22968454675024397,0.7702342070234799,1.103824548146529e-05,1.466459190798085e-07,5.9844179823419174e-05,5.045028683814302e-06,5.172126368400334e-06,1
0.12272779394017853,0.8771962136860212,9.027591256658158e-06,1.3893862169512664e-07,5.714567382586937e-05,4.7798761543446936e-06,4.900293941814216e-06,1
0.1583428599734619,0.8416052491610442,7.757444761825392e-06,1.5250942091845148e-07,3.335523273643509e-05,5.246749503249126e-06,5.378929071544801e-06,0
0.1614169184676878,0.8385198025029783,1.202709895347596e-05,2.0257916436464593e-07,3.883833885901421e-05,6.029555907116802e-06,6.18145644979066e-06,0
0.078053531812747,0.9218888299866025,1.0589845517975324e-05,1.540103358074613e-07,3.616409406456442e-05,5.298385162219612e-06,5.431865570036434e-06,0
0.06309168445869485,0.936850376893222,8.365277873579707e-06,1.5629892512507043e-07,3.86068303582271e-05,5.297657984421336e-06,5.512582941718652e-06,1
0.08599349844921995,0.9139637906959587,7.613260470570823e-06,1.1072123759237403e-07,2.7348851141242396e-05,3.732940697898033e-06,3.905081273906963e-06,1
0.046672630772361716,0.9531252104501594,8.512645078255936e-06,1.4424627103943966e-07,0.00017770695590625681,1.0707381008211185e-05,5.087549215087374e-06,1
0.052850562490082284,0.9467964894952866,8.700529018021338e-06,1.2842092075461526e-07,0.0003293568998908845,9.532667416885914e-06,5.229497384367213e-06,1
0.094933673225792,0.904718570232429,7.775025693742172e-06,1.6187268648305747e-07,0.0003210214575322125,1.4573437144330018e-05,4.22474872230631e-06,1
0.16913880496712486,0.8304834688929003,9.344421864697801e-06,2.0868252050613397e-07,0.00034062260917149705,2.1262122482050934e-05,6.288303936060484e-06,1
0.08358615023798441,0.9162234694778483,8.988718276325212e-06,1.9974348981979244e-07,0.00015793841383985918,1.840194389924741e-05,4.851464662161552e-06,1
0.08358518878253626,0.9162129305543072,8.966371741081392e-06,1.7280827334420884e-07,0.00016766364642549554,2.0226427858717866e-05,4.851408857855245e-06,1
0.08463229988372084,0.9151660168110954,9.066760918462184e-06,2.014777203536666e-07,0.00016895976518996835,1.8561714878624542e-05,4.893586476287874e-06,1
0.07329677402079093,0.926614895081218,1.1164632099669893e-05,1.9109926800128516e-07,4.8770620349153315e-05,2.2752396935011557e-05,5.452149339259492e-06,1
0.0626614397409374,0.9370600650416203,1.8125505948695436e-05,1.1455098261047648e-07,0.000244698516928377,1.178328845513171e-05,3.7733551275488017e-06,1
0.06381204327401167,0.9359389474722126,1.736208722743128e-05,1.1441393150352122e-07,0.00021420260857022683,1.356130343725968e-05,3.7688406093370777e-06,1
0.060741329838940115,0.9390864243107047,1.699543740931806e-05,1.1839925300553395e-07,0.00012863368976022204,2.2598205241040132e-05,3.900118691653369e-06,1
0.04968173508469392,0.9364443316551572,3.560254903501462e-05,2.2404920908509588e-07,0.013795216527006616,3.768624415034317e-05,5.203890747979402e-06,1
0.04644688468159636,0.9468010338539414,3.261288944906985e-05,2.2784970155185662e-07,0.006645350912023756,6.859765020135219e-05,5.292163086303212e-06,1
0.014220934487576147,0.9846628712066187,1.9821976648572533e-05,2.232132464235525e-07,0.0009797152018627033,8.003592791179284e-05,3.639798613563411e-05,1
0.008928055317746413,0.9895427125262327,2.554324696384512e-05,1.7064556236814662e-07,0.0014191573136880388,6.343301304694115e-05,2.0927936759836135e-05,1
0.007943852346362752,0.9905258297600109,2.5549350451091387e-05,1.6341235974436029e-07,0.001421537409782203,6.537411778606358e-05,1.7693603247503648e-05,1
0.007241882223485414,0.991384064519933,2.5306871633597464e-05,1.5768529556535866e-07,0.001294843415682926,4.9617052270521315e-05,4.128231699241572e-06,1
0.005923514691116152,0.9927429388109836,3.1827495574527675e-05,1.4690031318318276e-07,0.0012600727552322017,3.85993943305469e-05,2.899952449910221e-06,1
0.005483643393885634,0.991500628115991,2.7638850930785756e-05,2.6322486679527317e-07,0.002949987815785503,3.491376065078398e-05,2.924837889620425e-06,1
0.005176021065621456,0.9917281660839584,2.621189939199384e-05,2.8143942842207535e-07,0.0030273874744874093,3.880480709828393e-05,3.127230014032942e-06,1
0.004501577430610511,0.9924915068992904,2.0671163952163575e-05,2.4476743100670224e-07,0.0029489778422255764,3.430214943484958e-05,2.719747055320047e-06,1
0.9056474196931469,0.09220138009198697,9.658341181959698e-06,1.7704543373085525e-07,9.948411595954771e-06,6.084127711309985e-06,0.002125332288943058,0
0.9299102234732771,0.06717688907642422,1.2723309882909626e-05,2.3322886138246299e-07,1.772773005481187e-05,8.014858947288499e-06,0.002874188322552364,0
0.9334829678282218,0.06411273738989672,1.214295923000016e-05,2.2259055081498585e-07,1.711602012194401e-05,7.649275725167647e-06,0.002367163936253802,0
0.9345398413156469,0.06298132858456595,1.043957364082092e-05,2.0919199705010504e-07,1.6696249679473718e-05,7.188837347658785e-06,0.0024442962471221104,0
0.7585946998635281,0.23866218470558656,1.0408327546285445e-05,2.0856587637307533e-07,1.6646277083482555e-05,7.3331787208856e-06,0.002708519081658284,0
0.7959910225302733,0.20160903902924032,1.1404730756115432e-05,2.090582083672458e-07,1.6685571597688537e-05,7.184239728755599e-06,0.002364454840195508,0
0.7880664123818953,0.20921705762987414,1.1487881379057849e-05,2.1058242850261732e-07,1.6807224243609545e-05,7.236619221230103e-06,0.0026807876809579584,0
0.9259049530103227,0.07289803674165234,1.0450222570364277e-05,1.915612787638875e-07,1.4595007085245215e-05,6.618035392909157e-06,0.0011651554216976735,0
0.7547034911142132,0.2444252644526512,1.3322291232078992e-05,1.900840751055239e-07,2.105109059076036e-05,6.665501406134888e-06,0.000830015465831518,0
0.7482243975262994,0.25076407693987723,1.4662098609278025e-05,1.937953074192953e-07,2.6833177971780842e-05,7.082464583277214e-06,0.0009627539973517662,0
0.7712338453862275,0.22870183524836818,8.261575265222617e-06,2.616148303101333e-07,4.434957231638705e-05,6.9249407900071645e-06,4.5216622023491e-06,0
0.7571443935153407,0.24280533550902153,7.724277565182758e-06,2.0096898114368184e-07,3.135371153274497e-05,6.110967470224052e-06,4.881050088563345e-06,0
0.7274707841450877,0.2724941072140409,8.21168814453407e-06,1.926901460992966e-07,1.4364666162611688e-05,6.496576372794405e-06,5.843020045602288e-06,1
0.7274136245420167,0.2725513640464606,7.730894113477196e-06,2.3197529347991282e-07,1.6047108891168483e-05,6.1162020712661915e-06,4.885231153182787e-06,1
0.6128824946435187,0.38707808554037526,1.0150548735046422e-05,1.9003377621169246e-07,1.586397696856631e-05,6.407016474696043e-06,6.80824015164967e-06,0
0.19914662730627355,0.8008230516151994,9.927662577385354e-06,1.4466814374040555e-07,9.594080232532022e-06,4.977043655239593e-06,5.677623917983102e-06,1
0.22922068958912906,0.7707470575427667,8.894314671861838e-06,1.6651515578396318e-07,1.10429270965873e-05,5.6140827576144735e-06,6.535028422581882e-06,1
0.22934620943941794,0.7706104354641358,1.1475293736866442e-05,1.8676031550653694e-07,1.2352303680013805e-05,6.296651269703022e-06,1.3044087444213843e-05,1
0.5337979438778353,0.4661713844581307,8.343112260396379e-06,1.7587634493661662e-07,9.477774818783194e-06,5.9296966148952104e-06,6.745203994939877e-06,0
0.3006586942636015,0.6993052047646241,1.0121318378016278e-05,1.8547951032885897e-07,1.2427200860871446e-05,6.253468736377381e-06,7.113504289053708e-06,0
0.33243199339651497,0.6675274709536843,1.1360214687063846e-05,2.2393471805269316e-07,1.3948347879798037e-05,7.018922311384941e-06,7.984230204290646e-06,0
0.47200811378885743,0.527939605547016,1.403250124350197e-05,3.181928897329816e-07,1.7010491843555753e-05,9.574541093552397e-06,1.134493705615935e-05,0
0.5723559525209947,0.427581641241542,1.4308748690697744e-05,3.5397012793625894e-07,1.8923131749345325e-05,1.0651091351097593e-05,1.8169295544203824e-05,0
0.7167512227186801,0.28321044694833714,9.084175801029712e-06,2.2472453322046253e-07,1.0724272856751034e-05,6.762043865449946e-06,1.1535115926084855e-05,0
0.4466170819007281,0.5533521736066412,7.688662621736799e-06,1.743436708352536e-07,8.467861439345342e-06,5.464559902615764e-06,8.949064996347753e-06,0
0.1347335114055887,0.8652462803188724,6.099634285164417e-06,1.6307543643280278e-07,5.431226982890247e-06,3.928652497380705e-06,4.585686337070362e-06,1
0.14115558771139133,0.858819464576902,7.5301782861052385e-06,2.0132143223900283e-07,6.7050097729533945e-06,4.850037288527679e-06,5.6611649269339615e-06,1
0.058146347214553085,0.9418393458042585,4.1154236342183265e-06,1.2454518304473187e-07,3.3961330752877614e-06,2.9560805844678627e-06,3.714798711524323e-06,1
0.04885202966591705,0.9511324828598288,3.810336523378065e-06,1.1531232309120099e-07,2.934982700122987e-06,2.777990701730795e-06,5.848852005645569e-06,1
0.04335847116065878,0.956628063085635,3.625504493945645e-06,9.856735933845326e-08,2.3675774874826175e-06,2.374587558346357e-06,4.999516807080012e-06,1
0.034483779139788076,0.9655060731989785,3.1920097044682484e-06,6.311401309281307e-08,2.5272780736957434e-06,2.139235535678517e-06,2.2260239065976394e-06,1
0.02588299283592595,0.9741090212121638,2.5136242563506745e-06,4.7854364996947055e-08,1.8294277977304403e-06,1.6463421560931633e-06,1.9487033351853206e-06,1
0.7700622387921501,0.22991118586879608,7.873353211890982e-06,1.7530135032870566e-07,7.03782927069033e-06,5.7402021789625705e-06,5.7486530420009125e-06,0
0.8101235730820625,0.18985081366435982,7.510328062784216e-06,1.9792177875943064e-07,6.209276756406761e-06,5.49064856292837e-06,6.205078416762195e-06,0
0.42053401812748237,0.579408959309404,1.3529166710187396e-05,3.5653791925308853e-07,1.2892407145445767e-05,9.890899456577184e-06,2.0353551882300675e-05,1
0.025170589647319008,0.9747735042302196,7.299907395844295e-06,7.755351304578335e-08,4.039207103789617e-05,3.106163799845761e-06,5.030426714937757e-06,1
0.03662634675358412,0.9632742336411435,1.3774017945362236e-05,1.5062077928468044e-07,7.51043876313814e-05,5.078201536307351e-06,5.312377380044065e-06,1
0.03620821123997506,0.9635923090918738,4.359664962585151e-06,1.4117822392923806e-07,0.0001670460260841557,1.3770406207366008e-05,1.4162392672995476e-05,1
0.06950679945455024,0.9303314664296813,8.059038095497995e-06,1.4238476868173036e-07,0.00012408722233506994,1.5162042511927523e-05,1.4283428057113232e-05,0
0.17543898817574152,0.8244940931446829,6.1199145371686275e-06,1.2543096738577898e-07,3.597363375276346e-05,1.1193978678483658e-05,1.3505721639688588e-05,1
0.17660653420292738,0.8233236656096616,1.0708488579715773e-05,2.8755590216424635e-08,5.0265929787638965e-05,4.028570467668616e-06,4.768442985754824e-06,1
0.15429742172404987,0.8456241063205546,1.1091681433643917e-05,1.3019637894683694e-07,5.709404349740589e-05,4.479118617396215e-06,5.676915468149599e-06,1
0.10690158009899432,0.8930252475567857,6.597926060830606e-06,1.6806355893050339e-07,4.992292990963501e-05,5.30602904998114e-06,1.1177395640671597e-05,1
0.133464358841735,0.8664603846383081,9.138210513219791e-06,1.4064110097256152e-07,5.617888263926482e-05,4.838446190539045e-06,4.960339512926795e-06,1
0.0700999443009935,0.9298409181266186,1.095931846072554e-05,1.5938365800447958e-07,3.699527723193308e-05,5.4022131485424725e-06,5.621379888576619e-06,1
0.05674528228097936,0.9432002995150229,7.856990331705133e-06,1.4680195471355867e-07,3.6261018157017506e-05,4.975763888936681e-06,5.177629665190272e-06,1
0.0944817775982685,0.905182683936022,9.178611305181687e-06,1.5858548589579028e-07,0.0003055445346661691,1.3012360434891863e-05,7.644373817302178e-06,1
0.0848486304501527,0.9146737986048368,1.0032977763890838e-05,1.6363709518196377e-07,0.00044056221134712494,1.3761845909062416e-05,1.3050272895277082e-05,1
0.10739104854432535,0.8921812641936518,9.110805006226529e-06,1.652260591642117e-07,0.00039754638897818677,1.487534209847699e-05,5.9894998807008626e-06,1
0.0808511869486379,0.918942409940847,9.353837603279697e-06,1.975049329321419e-07,0.00017330940456575762,1.854438207416288e-05,4.997981339042289e-06,1
0.11375090035046997,0.886038565423633,9.938706395669659e-06,2.0844622555287564e-07,0.00017462430904469203,2.0487906889367187e-05,5.274857341740494e-06,1
0.1619131875132125,0.837727036820668,8.967418426260126e-06,1.9976759372284103e-07,0.00032607119578942237,1.8517617004405547e-05,6.019667305426037e-06,1
0.09085376079225342,0.9089334349777364,9.413116579491221e-06,1.8488405129710152e-07,0.00017920859091759725,1.8807214955056987e-05,5.190423506820949e-06,1
0.07152476803339929,0.9283851265543814,1.1351248230107287e-05,1.9146434948282632e-07,5.0304270597271144e-05,2.279586376180019e-05,5.462565280561513e-06,1
0.044687474904708244,0.9551733830666204,8.234825363825726e-06,1.451234281316246e-07,0.00010934315720626667,1.7278485030084672e-05,4.14043764308709e-06,1
0.05207854889876418,0.9477495271800271,1.918289237535251e-05,1.1639245601266554e-07,0.00012645342514503637,2.285048133741786e-05,3.3207298948940823e-06,1
0.05078517551132408,0.9490445857589891,1.708262559825813e-05,1.1670875366190755e-07,0.000126797063577304,2.291257774622882e-05,3.329754011194269e-06,1
0.0183170212773081,0.9814643038235573,1.5692770190834312e-05,1.1300477653833786e-07,0.00017932589662679452,2.0593925667438525e-05,2.949301872755092e-06,1
0.044646646037903435,0.9525969891563073,2.6755585981177905e-05,2.6669377978070043e-07,0.0026797561650787234,4.2434521049900926e-05,7.151839899465055e-06,1
0.056130089146669344,0.9436029181788067,2.8344255261717666e-05,1.913886659525988e-07,0.00019760528072158384,3.555844564989773e-05,5.293304224886535e-06,1
0.015473530185267127,0.9843646541385022,2.7685893035997836e-05,1.2265799235230934e-07,8.124516337193427e-05,4.044791407222613e-05,1.2314047758026923e-05,1
0.015519187000106016,0.9842831887843734,3.3842110730502755e-05,1.381587568261037e-07,0.00011075863831483434,4.087198189019994e-05,1.2013325827950644e-05,1
0.021691909158910703,0.973900444888703,4.56689253321447e-05,2.1628284597305133e-07,0.0042848532322924855,6.542423602976026e-05,1.148327588601213e-05,1
0.028096137993177606,0.9697853393318899,2.5644429696334043e-05,1.9107575141809468e-07,0.001996494073174721,7.051984276346713e-05,2.56732535465853e-05,1
0.010055298941950442,0.9880240308088796,2.309449914494635e-05,1.7207630779857013e-07,0.0017979745001861093,7.136976771240221e-05,2.8059405818769523e-05,1
0.009186388315446551,0.9894361926095405,3.066159862001026e-05,1.8190496924295563e-07,0.0012565080158491312,6.853406962774089e-05,2.153348594680197e-05,1
0.009484588560993231,0.9881923052437543,3.857998707662188e-05,2.0237213034672378e-07,0.0022198060697336654,5.822619767154489e-05,6.291568640356267e-06,1
0.009486623423873857,0.988404316110428,3.851381032103931e-05,2.024155481010594e-07,0.0020045930963719137,6.170777934623239e-05,4.043364110836381e-06,1
0.009960600156480042,0.9884763014748059,3.6770575650568746e-05,1.881126891818093e-07,0.0014787677135649437,4.152027460579994e-05,5.851692203335713e-06,1
0.00446724532302554,0.9920829517322854,2.1898657663131137e-05,2.367246289968191e-07,0.0033896958929293297,3.53412904583053e-05,2.630379009118252e-06,1
0.004486389103252882,0.9930626693698205,1.9340648818042544e-05,2.449082906207415e-07,0.0023949809610318445,3.3653696561450905e-05,2.721312224831861e-06,1
0.004517449327968486,0.9923873257885245,2.5767877745701272e-05,2.4563044482827845e-07,0.0030242529914623517,4.0979259548101255e-05,3.979124305858466e-06,1
0.0019422536692087716,0.991591500154848,2.266230507308238e-05,6.654636650863592e-07,0.006390811875359278,4.777078974506014e-05,4.3357421008929545e-06,1
0.0019985260575405496,0.987200319494501,2.546004273176025e-05,6.847439632142979e-07,0.010722472342651964,4.897914643566086e-05,3.558172175569783e-06,1
0.004295907989330918,0.9715575056840224,6.657029943220442e-05,1.5919574308349974e-06,0.023879884949809513,0.00019060130549832313,7.93781447594201e-06,1
0.8643607549182395,0.128365056909679,1.3237995089273387e-05,2.4266346965305606e-07,1.479807207288405e-05,8.509254114486373e-06,0.007237400187335277,0
0.9383367068123761,0.05891765795893211,9.475914441817166e-06,1.898818413626121e-07,1.5119295477276443e-05,6.676247825277702e-06,0.00271417388910598,0
0.741368882260247,0.25605839536462077,1.1393009868219978e-05,2.0884335473533667e-07,1.591172423642868e-05,7.215094418511971e-06,0.0025379937032545905,0
0.9246695635539015,0.07415544992690809,9.942620916019647e-06,1.8121517935961042e-07,2.004008260759966e-05,6.354504090697325e-06,0.0011384680963966002,0
0.7162698585988144,0.2827834361500621,1.0776143917821508e-05,2.1030272155895995e-07,2.5192208337568682e-05,6.649339989210742e-06,0.0009038772561572631,0
0.802359628349796,0.19666644764550997,1.5888866942104278e-05,1.9569447901366356e-07,2.093591086312655e-05,6.862236220021476e-06,0.0009300412961898455,0
0.7426940244481529,0.2567778646656469,1.3091490421545908e-05,2.0596888539392587e-07,2.1123969885616204e-05,7.0780758186502666e-06,0.00048661138118888104,0
0.7368348734395443,0.263108343312762,1.1661982093818723e-05,2.1683212924103539e-07,2.3532218157579096e-05,7.451388823861074e-06,1.3920826489261645e-05,0
0.8267034357800569,0.1732469671301796,8.950912064466812e-06,1.697837463857317e-07,2.111188688394708e-05,5.83458140968382e-06,1.3529925658847752e-05,0
0.7925320539950825,0.20741229597206215,6.574962711800848e-06,1.4597873138588086e-07,2.6834095721624557e-05,4.9411522942488254e-06,1.7153843396062936e-05,0
0.7571432575829685,0.2428049712318201,8.615400575803843e-06,1.9496664355116882e-07,3.1353664493242036e-05,6.110958302031255e-06,5.496195196924893e-06,0
0.7512820254529184,0.24868396499612325,8.477887654457042e-06,1.783595879225257e-07,1.3931415379239178e-05,6.0134195142584765e-06,5.408468822373715e-06,0
0.6509171606398858,0.34904469320349446,1.0797562810525718e-05,1.7573024999934284e-07,1.4952297315359036e-05,5.924771002782234e-06,6.2957952410111985e-06,0
0.6145817332554399,0.3853793867820003,1.0106002879372416e-05,1.891998097543831e-07,1.542749862280571e-05,6.378899173983287e-06,6.778362074010158e-06,0
0.2957727284678154,0.7041919641355583,1.1429384473213202e-05,1.6655157474848835e-07,1.1445099672106099e-05,5.7299031904327024e-06,6.5364577157124225e-06,0
0.2765707645970486,0.7233844958869723,1.3977509378396129e-05,2.0368342700253602e-07,1.555723759427742e-05,7.00735685016806e-06,7.993728729398029e-06,0
0.24191730432583813,0.7580498911146651,8.977663446807097e-06,1.680755721573932e-07,1.1146410555321022e-05,5.91614163664717e-06,6.5962682857247755e-06,1
0.4301389425545179,0.5698137729537255,1.13058620722083e-05,2.8536899005789376e-07,1.693177813220928e-05,8.586857878652468e-06,1.017462468348485e-05,0
0.47134156502989333,0.5285974525835574,1.4884907724038621e-05,3.3752156653567744e-07,1.804379682838711e-05,1.0391169955275074e-05,1.732499047499763e-05,0
0.24594944141449807,0.7540181187208176,9.178571926078295e-06,2.1973606496387135e-07,1.034762882677925e-05,5.793505659602872e-06,6.900422206886503e-06,1
0.15214895652543164,0.8478297875829401,6.919744259312169e-06,1.850013070185725e-07,4.492034627241737e-06,4.456868935847972e-06,5.202242498886725e-06,1
0.06710905849385064,0.9328769991709832,3.8178621650984585e-06,1.0379702812680783e-07,2.2053666878763573e-06,2.500575578340465e-06,5.314733706790434e-06,1
0.04532609961240995,0.9546630839402925,3.1514145508544577e-06,9.537134860735887e-08,2.4274357739598415e-06,2.297592421524857e-06,2.844633202680412e-06,1
0.05767853884617993,0.942308498555821,3.986923884603492e-06,1.1257527381109622e-07,2.7932731948985787e-06,2.7120524112993695e-06,3.357773234415326e-06,1
0.059949969394079324,0.9400339402177047,5.2488754657216374e-06,8.686943123570423e-08,3.978273410905113e-06,2.9885843585700086e-06,3.7877855494031576e-06,1
0.05466712844264368,0.9453174069119316,4.055282012836902e-06,7.720443702655675e-08,2.9514537119763854e-06,2.6560778587777556e-06,5.724627403896854e-06,1
0.023293931826313945,0.9766977404571613,2.47618801154975e-06,4.896042839796205e-08,1.983342276950069e-06,1.6843942502860117e-06,2.1348315574347417e-06,1
0.031172708092033628,0.968818482028075,2.7938892687570214e-06,5.524217662664521e-08,2.1118569546240333e-06,1.9005063421193147e-06,1.9483851493101213e-06,1
0.027100831292552564,0.9728899429869506,2.964137867211595e-06,5.631823783371165e-08,2.2814004230318127e-06,1.93752626554413e-06,1.986337703022242e-06,1
0.029662368090479677,0.9703293729248055,2.8979034787347053e-06,4.7960601964680527e-08,2.0229945112372976e-06,1.649997045224516e-06,1.6401290777607784e-06,1
0.038292505165308154,0.9616993971802434,2.4036885161349055e-06,5.093861137913337e-08,2.148607961716666e-06,1.7524500281565604e-06,1.7419693306851765e-06,1
0.7659651825419753,0.23400726433073,8.829892254192444e-06,1.7626361605742476e-07,6.995051477551703e-06,5.771711347730394e-06,5.78020859932116e-06,0
0.18787391499609185,0.8121017526432762,7.066953273145198e-06,1.397313362748333e-07,6.411003319380746e-06,4.807201797603292e-06,5.907470905664452e-06,1
0.1425543379351758,0.8574246071389089,5.929810239937667e-06,1.1459631119120454e-07,6.0712759079775325e-06,3.94247709814741e-06,4.9967663580896825e-06,1
0.16398219882603196,0.8359940134780568,6.699454719855942e-06,1.29470044878884e-07,6.859281560698865e-06,4.454180780561582e-06,5.645308805374722e-06,1
0.14542426908228917,0.8545503877651699,8.271751965933451e-06,1.769099425418869e-09,7.36064938664262e-06,4.75797596331499e-06,4.951006125651683e-06,1
0.15291555451503108,0.8470568707732045,8.89429893682458e-06,3.70747010402979e-08,8.006737237592983e-06,5.312973113414885e-06,5.323627775706209e-06,1
0.03611175571722324,0.9638411884242779,6.271550782051743e-06,8.885762004060735e-08,3.0114320993018546e-05,3.558914507814046e-06,7.0222145960361584e-06,1
0.10418817514050135,0.895630570218429,7.721982709226764e-06,1.6008574162577914e-07,0.00014934824179591548,1.7719425231874768e-05,6.304905591039685e-06,0
0.20164305522172937,0.7981232140780972,9.041686566498009e-06,2.0192174215202528e-07,0.0001974564013404068,2.1131126619261142e-05,5.899563905314395e-06,0
0.18966917869526542,0.8101715424520746,8.803097167004637e-06,1.7704215550372023e-07,0.00012219858704189988,1.829171123545387e-05,9.808415060317316e-06,0
0.19979553786020215,0.8001421755053918,6.200166170688745e-06,1.1512834174958598e-07,3.365393931943887e-05,9.92100940447719e-06,1.2396391169706777e-05,1
0.22861999978071823,0.7712935535196987,1.0583811210971987e-05,1.452433962466749e-07,4.754283550929116e-05,5.010220748625048e-06,2.31645887178795e-05,1
0.21007910361363918,0.7898426968085206,1.2227496964297629e-05,1.2990521060263352e-07,5.514727774634549e-05,5.280928643581006e-06,5.413969275285748e-06,1
0.1895272398336098,0.8104038762820341,7.180062009104138e-06,1.4115822062384578e-07,5.043916863605157e-05,4.968613975067915e-06,6.1548815151241345e-06,1
0.10185871346669903,0.8979426595656035,7.760790564604271e-06,1.450029040431362e-07,0.00018071814460232405,4.888794053369872e-06,5.114235573190961e-06,1
0.04823535499907926,0.95154153797568,9.394748741693993e-06,1.5919346582454577e-07,0.00019612143875880048,1.1816909236669296e-05,5.614735037977272e-06,1
0.08185413859028928,0.9179339369024829,8.935949108870076e-06,1.4892859761999563e-07,0.00018561076426514299,1.1976170926749151e-05,5.252694329398012e-06,1
0.09023206728044027,0.9095763114507357,8.901986353616137e-06,1.9074157000416801e-07,0.00015979236265723827,1.7909347878406014e-05,4.826830364728155e-06,1
0.08986603400282153,0.909948275731287,8.619582998027641e-06,1.8469055427805272e-07,0.00015487108828954606,1.7341198283882198e-05,4.673705765598439e-06,1
0.13743956131627544,0.8622579662214654,7.400383048973246e-06,1.6842480675915888e-07,0.0002746492738699815,1.5179176473455427e-05,5.0752040597607895e-06,1
0.08987283777225999,0.9099219907491556,9.534060382678875e-06,1.8725952175088624e-07,0.00017114418815431984,1.9048858207302276e-05,5.257112318519854e-06,1
0.050992453320731115,0.9489239345808218,1.1656311029329618e-05,1.961233911316242e-07,4.527993361349487e-05,2.0884240547731604e-05,5.595489865321853e-06,1
0.04905580912150576,0.9507984450814545,8.324886843459065e-06,1.4086740244088914e-07,0.00011656423974500304,1.6696791761418317e-05,4.019011287558304e-06,1
0.05280579224761251,0.947044981947781,7.3962985294390814e-06,1.3076316837656845e-07,0.00012246885724887302,1.5499152782085355e-05,3.7307328778412205e-06,1
0.04851111019802953,0.9512154621570211,1.4467145984159486e-05,1.076126220729171e-07,0.0002435872070908905,1.106957389977278e-05,4.1961053523702435e-06,1
0.0639809595608127,0.9357503738826929,1.4100836899693066e-05,1.0586303034948602e-07,0.00023962690807344684,1.0705064421904126e-05,4.127884068902425e-06,1
0.046725512580939425,0.953000868012976,1.4360784863337406e-05,1.078146080721648e-07,0.00024404441373152857,1.0902411552216372e-05,4.20398132933485e-06,1
0.0348056775749097,0.964921647854889,1.4627238949452724e-05,1.0981503096945995e-07,0.00024143316222560382,1.2795627419265551e-05,3.708726575869253e-06,1
0.06194741984795665,0.9378612671901385,1.6642412638939976e-05,1.2111054037196126e-07,0.00015918361885232455,1.165655701136231e-05,3.7092628616532022e-06,1
0.06241995918163665,0.9287017287278682,4.164933075492787e-05,2.2219396502943168e-07,0.008795470038652473,3.580972729872909e-05,5.160799824266979e-06,1
0.0543445720008381,0.942853914418177,2.6426567203748397e-05,2.3709371443532182e-07,0.002730014137619414,3.821103447632796e-05,6.624747970982408e-06,1
0.07604400628674912,0.9216592956886219,2.3268580369474323e-05,2.3176403313073543e-07,0.0022311829746277604,3.663162608383055e-05,5.383079514756723e-06,1
0.04090018203811347,0.9565161449880707,3.29655999348868e-05,2.4290639398454884e-07,0.0025064298496326525,3.8392739708642925e-05,5.64187814562261e-06,1
0.04029734093166629,0.9571560657197606,2.414216257319963e-05,2.404652487438814e-07,0.002478871014427133,3.775452756711162e-05,5.585178757196926e-06,1
0.01488262326021653,0.9833334563486015,3.94696990997788e-05,2.0693325521508942e-07,0.0016812493582120547,5.886079277070906e-05,4.133607844479903e-06,1
0.010059052906410359,0.9879462120326337,3.8570379358716876e-05,2.0232173286119988e-07,0.0018912140849660232,5.845827307073535e-05,6.290001827579568e-06,1
0.00697345063109765,0.9914600972386491,2.961660955889048e-05,1.7303984969367274e-07,0.0014834191537300354,4.978675905647656e-05,3.45656805793693e-06,1
0.0048582217550688775,0.9935142005889983,2.501359403571905e-05,2.3371790354112593e-07,0.001567617387673445,3.2115986710028394e-05,2.5969696103651415e-06,1
0.004669426650488889,0.9933472057127166,2.1398570343814854e-05,2.313186818857105e-07,0.0019273811358931797,3.178630135160151e-05,2.570310524205114e-06,1
0.004716028269848551,0.9898560494562579,2.367306237799146e-05,2.66919023086131e-07,0.005352599963940403,4.745734006583993e-05,3.924988486241497e-06,1
0.0021528185944666373,0.986309508146293,2.969309130472769e-05,9.094207973000866e-07,0.011431853363597672,7.112113864871726e-05,4.096244891966307e-06,1
0.8803664186178894,0.11167820363949728,1.2789982143468566e-05,2.3445101941830897e-07,1.4132781167509662e-05,8.09978485436225e-06,0.00792012074342852,0
0.9356235849279079,0.05917440833974323,1.2472087998414396e-05,1.9914591619782138e-07,1.2575469143946233e-05,6.98326455651636e-06,0.005169776764733829,0
0.9561865010904865,0.04132445417762945,1.041690527293994e-05,1.909505449678761e-07,1.5306582030402975e-05,6.561973825853759e-06,0.002456568320209706,0
0.770458353626195,0.22621354029284785,1.0901337661645143e-05,2.1844499348516917e-07,1.7393629524199e-05,7.680528597324428e-06,0.0032919121401803826,0
0.7716612006454683,0.22529690400836788,1.0484476609377342e-05,2.1009177916659552e-07,1.672850686391075e-05,7.386829481451851e-06,0.003007085441429863,0
0.7490449543766955,0.24989426872925796,1.574480342858688e-05,1.9392012755579106e-07,2.0746086070168114e-05,6.800016688317619e-06,0.0010172920677320111,0
0.7201581674046786,0.27922283516927016,1.6409840584650014e-05,2.021110262683752e-07,2.0046127790921322e-05,6.982506766359379e-06,0.0005753568398829423,0
0.7514526667313379,0.2478691725349495,1.2170105881784775e-05,1.91472709590943e-07,1.796497559184437e-05,6.579917899225888e-06,0.0006412542616300599,0
0.6890818162903819,0.31086354370431196,1.1769908281680474e-05,2.188388091455891e-07,2.333053781770228e-05,7.520347941064765e-06,1.180037245645671e-05,0
0.7616953308991056,0.2382510015924667,9.511158124477853e-06,1.874857625168717e-07,3.222509515307925e-05,5.6415155573720775e-06,6.10225383016188e-06,0
0.7536089514118933,0.24634476962045895,9.84449432123525e-06,1.9405654918718222e-07,2.493064459468121e-05,5.839232945226497e-06,5.47053923762343e-06,0
0.698915071981665,0.301048051401278,9.102440242681676e-06,2.011978117299643e-07,1.6649983302522664e-05,6.456418628517343e-06,4.466577071575401e-06,0
0.7235277297116679,0.27643692607162135,7.5872975575079814e-06,2.2766649649929024e-07,1.6732164220678253e-05,6.00259741698506e-06,4.794491019064582e-06,0
0.633323369799372,0.36663541070269984,1.1208269745679601e-05,1.8241450214564192e-07,1.7143413714657207e-05,6.150131538556958e-06,6.5352684270593955e-06,0
0.291245448152562,0.7087153188632532,1.0030854357576761e-05,1.8779291464493467e-07,1.531277930891409e-05,6.331465500222239e-06,7.370092103546135e-06,0
0.21676447148990186,0.7832049517447672,9.89372672110957e-06,1.4417362276979538e-07,9.907330418104676e-06,4.973318545780055e-06,5.6582160233486156e-06,0
0.23964237099021887,0.7603220521297213,9.211660400736159e-06,1.7537154088604296e-07,1.3134288764114047e-05,6.172954591802961e-06,6.882604762350687e-06,1
0.26516650041830886,0.7348007300711545,8.702321222349624e-06,1.6292074515936867e-07,1.1775610477122512e-05,5.734695360776889e-06,6.39396273109233e-06,1
0.26587306249813025,0.7340827181040562,1.095097124735265e-05,1.7822697110471355e-07,1.1914987735298437e-05,6.008948318908456e-06,1.5166263540840741e-05,1
0.3261769308632007,0.6737826875956172,1.1321424737503942e-05,2.0747221242425032e-07,1.3900720636334305e-05,6.994955894382859e-06,7.956967701298376e-06,0
0.41886960352366953,0.5810844678726008,1.0703752366680029e-05,2.4271210366842545e-07,1.1974037429905749e-05,7.607473349802886e-06,1.540062847963598e-05,0
0.5052834544873517,0.4946649470800776,1.3613113377876818e-05,3.2431680752742957e-07,1.728422414083692e-05,9.288387806701653e-06,1.1088390437837134e-05,0
0.5511926179185648,0.4487480812079309,1.5916775257056537e-05,3.6091959846563397e-07,1.9294648258894507e-05,1.0860203475563258e-05,1.2868326914416613e-05,0
0.47025312384490425,0.529703310077124,1.0283052467548965e-05,2.543823695694579e-07,1.2139599989883706e-05,7.831589734999704e-06,1.305745340966924e-05,0
0.40089249791381026,0.5990596638065174,1.1570367512871287e-05,2.434198311914371e-07,1.5811678446193517e-05,8.206935102809939e-06,1.20058787793265e-05,0
0.275602174674732,0.7243581003190247,1.0196707474078805e-05,2.7172769302756696e-07,1.3559140000404765e-05,7.164303810049925e-06,8.533127265666438e-06,1
0.048480357701056576,0.9515084589962735,3.2582993094500224e-06,9.860600511107627e-08,2.509765750711262e-06,2.375518574166089e-06,2.9411130304704397e-06,1
0.053988505962369954,0.9460015070889698,3.1571825573940903e-06,6.242539331407393e-08,2.4849212055048963e-06,2.1476318122748683e-06,2.1347876917905556e-06,1
0.10183421599933547,0.8981445122937164,6.130599756381516e-06,2.9100926092500494e-08,6.293738009352024e-06,3.6523062138728943e-06,5.165962042306764e-06,1
0.054417080283449534,0.9455601491432333,1.0017241087343778e-05,2.5043456349354515e-08,5.674644513150189e-06,3.4567032400088026e-06,3.596941020256811e-06,1
0.020561214012518175,0.9794193570722218,6.637466348948828e-06,5.5089611744501585e-08,5.720407645511651e-06,2.4601375320538892e-06,4.5558141218417715e-06,1
0.028274439210386478,0.9717015575177836,7.724962565668535e-06,6.411560768980556e-08,7.70148253574932e-06,2.8632115542886626e-06,5.649499566207554e-06,1
0.22002252190774294,0.7799174834344018,6.656194430809735e-06,1.2288996604343362e-07,2.9426172953881674e-05,1.055728001397262e-05,1.3232120490538221e-05,0
0.22526795295066923,0.7746411334054185,7.065194013701046e-06,1.242736868101612e-07,5.219308620142379e-05,1.040468820333597e-05,2.1126401807194597e-05,1
0.21213518559706734,0.7877672675749424,1.091741552155242e-05,1.4982150351875111e-07,5.218774063763112e-05,5.168144128528886e-06,2.912370619902905e-05,1
0.17967723924231865,0.8202659719743887,8.767872387909917e-06,1.0185265845873613e-07,3.88798297701384e-05,4.139492235907934e-06,4.8997362402661175e-06,1
0.24379908265508296,0.7561277296758888,6.579846821573167e-06,1.36603044008895e-07,5.092601623573501e-05,5.004014630847786e-06,1.0541188296150347e-05,0
0.10318363611965677,0.8967495032143196,7.792308935181318e-06,1.618459439102854e-07,4.120914133828201e-05,5.696799061129972e-06,1.2000570745439575e-05,0
0.17525705730769267,0.8246706273158576,7.047476652959158e-06,1.601454975348375e-07,5.5344244802310704e-05,4.876864704296158e-06,4.886644792648864e-06,1
0.09984971603162868,0.900104641510692,6.593128487485115e-06,1.231876467678448e-07,3.0428133636809905e-05,4.1532427752564e-06,4.3447651329622545e-06,1
0.08572903234712151,0.9140597473816663,7.769635725467776e-06,1.5085451987992725e-07,0.00018584811461248784,1.2131044970721718e-05,5.320621383672809e-06,1
0.09077453727996404,0.9089853202928249,7.1308134151943064e-06,1.4826320261592308e-07,0.0002157990720858102,1.1309671411334329e-05,5.754607096350398e-06,1
0.10675250477240462,0.8929127513757968,8.664739118023582e-06,1.5692778568716856e-07,0.0003073978232650151,1.1491982300056397e-05,7.032379329877015e-06,1
0.08307263570925218,0.9167430856135115,8.97212728076355e-06,1.922444694733647e-07,0.00015294162722654677,1.730781611824543e-05,4.864862141403233e-06,1
0.1217696456114966,0.8779219705818013,7.548287605668454e-06,1.5970711343683125e-07,0.0002801384328539933,1.5360741697165594e-05,5.176637431740201e-06,1
0.1214524831602929,0.8782415318994471,7.5799146269725645e-06,1.5462164928530313e-07,0.00027762697406279993,1.542510258671866e-05,5.198327334257212e-06,1
0.09541424969498875,0.9043881625900854,8.526189584340273e-06,2.0112599353579934e-07,0.00016605477506867182,1.6958338847542557e-05,5.847285431899046e-06,1
0.05896663965416263,0.9409502762682262,1.1365481689204883e-05,1.9405570747349607e-07,4.532397948901368e-05,2.0664062818579546e-05,5.536497906805376e-06,1
0.056168208429698864,0.9437388534911242,1.183315505884356e-05,1.995927927698472e-07,5.162036969563796e-05,2.3763641242396214e-05,5.521320387497023e-06,1
0.03572165090634598,0.9641337547359136,8.454646561515925e-06,1.4260664300463116e-07,0.0001150255307098498,1.690294121127417e-05,4.0686326146811045e-06,1
0.04849482202543825,0.9513455400671924,8.2083875965312e-06,1.4094845836807117e-07,0.00013056084827137523,1.6706399193043637e-05,4.021323850157056e-06,1
0.04257261898053697,0.9571952108248205,1.1878914570884532e-05,1.05965825695336e-07,0.00020383194253484682,1.2347118721383751e-05,4.00625298929722e-06,1
0.04944744454350676,0.95026634085826,1.2395717432253075e-05,1.1617624853628433e-07,0.0002583091666168089,1.118164496888757e-05,4.211892966916464e-06,1
0.04019728131827919,0.9596129375434431,1.5721947072758434e-05,1.0856264273708548e-07,0.00015873942515697533,1.0978054193952183e-05,4.233149211324616e-06,1
0.023062237057668286,0.976728582736298,1.650338226450821e-05,1.208650669643934e-07,0.00016539693280263586,2.224958003819401e-05,4.909445861303204e-06,1
0.07263432588319062,0.9249577439949098,2.436523564166825e-05,2.4268714252554765e-07,0.0023385729182160636,3.91124952092939e-05,5.636785690069492e-06,1
0.04029734093166629,0.9571560657197606,2.414216257319963e-05,2.404652487438814e-07,0.002478871014427133,3.775452756711162e-05,5.585178757196926e-06,1
0.023964816130440558,0.9758038233936841,3.154289521525519e-05,1.4868946090330414e-07,0.00014454893539138128,4.558899612389034e-05,9.530959683922171e-06,1
0.020403944081953628,0.9794154273821133,2.5388347621675363e-05,1.258286144300496e-07,0.0001066948642742154,3.759367170496837e-05,1.0825823717838864e-05,1
0.019153189164981075,0.9806271769625862,3.604144982285599e-05,1.5187043030312775e-07,0.00012877670966858568,4.673736497469088e-05,7.926477536363437e-06,1
0.01873569098150909,0.981055783092845,3.424564422416138e-05,1.4430331604010603e-07,0.00012236026589784531,4.4244180291265876e-05,7.531531916592568e-06,1
0.015764975381836504,0.980352198382943,4.7746909376465325e-05,1.8785066972411708e-07,0.0037589763738523773,5.0775576697831146e-05,2.5139524624212956e-05,1
0.056086286191957754,0.9427283683224879,2.3162147165098212e-05,2.266877669385388e-07,0.0010657226885674661,7.750209529172623e-05,1.873186676315636e-05,1
0.01651976901561867,0.9819211283809691,2.6934698836867457e-05,1.885400055417304e-07,0.001438333954514389,7.132648398846737e-05,2.2318926066941622e-05,1
0.00893460525821138,0.9898629826859792,2.875285913084929e-05,1.5074659479025255e-07,0.0011276183326463702,4.287886965106847e-05,3.0112477866640306e-06,1
0.013098655812347796,0.9854345210585286,3.1565096599215376e-05,1.7221013280214383e-07,0.0013715374766575326,5.8846918318485015e-05,4.701427415369111e-06,1
0.010921639147946739,0.9872488744913711,3.162321333873377e-05,1.7252720109936994e-07,0.0017233212378879308,6.703881026365953e-05,7.330571990703293e-06,1
0.009277047364556246,0.989256930561854,3.529185949094862e-05,1.7637108579253374e-07,0.001357398615859093,6.682446836961761e-05,6.330758784515351e-06,1
0.011610563773749727,0.9868825948143701,4.787132460989416e-05,1.7601256485443354e-07,0.0014018523223399333,3.826927789235089e-05,1.867247447331185e-05,1
0.010429091073354962,0.9878691784966893,5.579389663793897e-05,1.9789547420098637e-07,0.0015894586567133835,3.5286035650044874e-05,2.0993945480300697e-05,1
0.0034548563280018315,0.994582684268868,1.541323970203316e-05,1.194302243872362e-07,0.0019162430582430866,2.7727550259867484e-05,2.956124700906416e-06,1
0.004708701614888464,0.9936689555735895,2.132538816717376e-05,2.337543086680378e-07,0.0015678615679826247,2.9665422787727802e-05,3.2566782759263357e-06,1
0.004615150540984172,0.9922352981049838,2.119268966648917e-05,2.509428214972822e-07,0.003089443992132331,3.516757980095341e-05,3.496149610788345e-06,1
0.005422487889471943,0.9915811259830482,2.3901596439345138e-05,5.608975378504083e-07,0.002931554539787369,3.693420840251472e-05,3.434885312874292e-06,1
0.004625426112651543,0.9920059427097379,2.321196392426722e-05,5.119860459958362e-07,0.003304813414406569,3.675803463132702e-05,3.3357786024362253e-06,1
0.0021098848371800855,0.9666394936169628,3.45253180548731e-05,9.48258148787937e-07,0.031157209308156474,5.3924108199746174e-05,4.014553297314539e-06,1
0.9080990492478824,0.08629293395960845,1.0378802108124886e-05,1.902520822387068e-07,1.2013850122780236e-05,6.6713927559591685e-06,0.00557876249544018,0
0.9209744426246002,0.07315604141891717,1.049942609525132e-05,2.2290581407300472e-07,1.2177862899338304e-05,6.76247044031778e-06,0.005839853291233621,0
0.8892951303319279,0.10413102726375101,1.1708280325654998e-05,2.150531659212782e-07,1.3579964399895485e-05,7.541069282349277e-06,0.006540798037147296,0
0.9431350908585706,0.05178706690031309,9.705697214473263e-06,2.2078910119907694e-07,1.2281229112637372e-05,6.81987057429371e-06,0.0050488146551136625,0
0.7768040831174797,0.22103278350046124,1.1482810991128395e-05,1.9118402421598886e-07,2.045337052743478e-05,6.704072298191e-06,0.0021243019442181267,0
0.681553973843391,0.3171492359704168,1.7157979311879445e-05,2.1132544155604704e-07,2.0969562939077503e-05,7.410352640335275e-06,0.0012510409658593785,0
0.7214042282858065,0.2785215612105989,1.1724362589231199e-05,2.1368937701943453e-07,2.116812614326743e-05,7.343388829293069e-06,3.3760936655668956e-05,0
0.7688847737422575,0.23105680676161425,7.755352853526043e-06,1.721860063138703e-07,2.8391337609797753e-05,5.28097241642887e-06,1.6819647242222352e-05,0
0.771245118303659,0.22869935550095088,7.893458792042921e-06,1.7862909021505154e-07,3.424185021319416e-05,5.375015030043937e-06,7.837242264704017e-06,0
0.7701629851344437,0.22977879379738692,7.985558822921936e-06,2.577468450989031e-07,3.9542096285638894e-05,6.065071221999833e-06,4.370594993698036e-06,0
0.778951115573942,0.22100892347852932,8.008881949557776e-06,1.6883062823011147e-07,2.0180245086364767e-05,5.692149248766293e-06,5.9108406156012315e-06,0
0.7300864809901324,0.2698698189585883,7.865764671624259e-06,1.845729303257609e-07,2.2964824316437828e-05,6.222903259380236e-06,6.461986101378872e-06,0
0.6329322561794402,0.3670250749217226,9.442320270929201e-06,1.7677465761920514e-07,2.0756607867038727e-05,5.9599833579758796e-06,6.333212683499497e-06,0
0.6079850325714726,0.3919745276496274,1.0158000935936468e-05,1.9017329279480425e-07,1.686664583572079e-05,6.411720296639226e-06,6.81323853889376e-06,0
0.23265199108205717,0.7673167856614076,7.953273698039184e-06,1.4889743141325905e-07,1.2141211563845908e-05,5.1362679444420115e-06,5.843605897336567e-06,0
0.30656945257297447,0.6933952609307635,9.61178579869687e-06,1.799473111397195e-07,1.2365628573801703e-05,6.066949834039556e-06,7.062184744258019e-06,0
0.27586356103218485,0.7241012821521768,8.346902914605213e-06,1.562667715744489e-07,1.0363276291525974e-05,5.376073293544046e-06,1.0914296367049963e-05,1
0.2474599617068172,0.7525036029361097,8.81244272116553e-06,5.376604687541529e-194,1.0408760455383417e-05,5.691124030110152e-06,1.1523029866341985e-05,1
0.2662063911589223,0.7337569873404606,1.1182523754674638e-05,1.8199548634409713e-07,1.1978409900280594e-05,6.1360043597092084e-06,7.142567116132931e-06,1
0.12443534011408997,0.8755440996581353,6.693274533090566e-06,1.78946575256665e-07,4.345019099776201e-06,4.311004312838425e-06,5.0319832537020814e-06,1
0.1614714393912984,0.8385052143653594,7.685725219532939e-06,2.0853501439388364e-07,5.349205097807395e-06,5.023819791691551e-06,5.078958218781321e-06,1
0.14220953585946944,0.8577733909542385,4.706324085576487e-06,1.2795183072615163e-07,2.66647017000299e-06,3.0824892474463095e-06,6.4899509584659425e-06,1
0.05195389315679233,0.9480344554394741,3.5738257369172797e-06,1.1687243369329857e-07,2.508877071281223e-06,2.435925753072999e-06,3.0159027386837044e-06,1
0.04539777071837748,0.9545899589800577,2.9404013173167817e-06,6.107133070263367e-08,2.639406537260703e-06,2.1010477575215286e-06,4.528374621946721e-06,1
0.08623531265128245,0.9137488727270644,4.590751110204827e-06,9.077062806849486e-08,4.052411762298156e-06,3.1227979210203745e-06,3.957890231549945e-06,1
0.07135729623720195,0.9286283471692407,4.163782368268819e-06,9.515962487581216e-08,3.675511967380298e-06,2.8323580632170266e-06,3.589781533796933e-06,1
0.110371506270046,0.8896061849051484,6.723498969387641e-06,1.329403859234626e-07,5.0821871205460695e-06,4.573571535366805e-06,5.796626794604895e-06,1
0.035588983155418426,0.9643990380743379,3.5715889433673337e-06,7.061924373797747e-08,2.827810458154639e-06,2.4295262930490764e-06,3.0792253055589095e-06,1
0.19977698968985744,0.8001852887027103,8.966220130356734e-06,1.8622593844887508e-07,8.205683126719461e-06,6.555021733017617e-06,1.3808456503531415e-05,1
0.21862998752668883,0.7813368615712984,9.626758677777932e-06,1.9034508960925744e-07,8.485666756441448e-06,6.548475677172678e-06,8.299655811784132e-06,1
0.09762144681242166,0.9023538384097302,8.42522328716368e-06,3.130822055257788e-08,6.771115705067405e-06,3.9293322867464175e-06,5.5577983488459105e-06,1
0.1799076090718008,0.8200253819451075,6.304175530362152e-06,1.2920749636953517e-07,3.552898330783398e-05,1.1134259098418033e-05,1.391235765854313e-05,0
0.21663572356494057,0.7832770065434347,1.0648707239767539e-05,1.4144123877396256e-07,4.514621876861922e-05,1.1605749095938747e-05,1.9727775281608537e-05,1
0.08247616180386806,0.9173720426732868,1.0054790504565731e-05,1.3798355737090157e-07,0.00012211157791896144,4.759790117649583e-06,1.4731380746747253e-05,1
0.08373426383571526,0.9161150203738473,9.69223449966028e-06,1.3300814119685803e-07,0.00012486211228633404,4.588161430959407e-06,1.1440274079408592e-05,1
0.1668617149556858,0.8330749585453001,8.991743814149133e-06,1.0445327795986557e-07,4.4862036232017554e-05,4.343423735079426e-06,5.024841954831133e-06,1
0.587982044503804,0.41190918545500543,6.069550053018244e-06,1.1070376760946653e-07,9.384703106901692e-05,4.053417834703118e-06,4.689338466283566e-06,0
0.2216634597166796,0.7782565252181767,9.918564133101741e-06,1.2215796276398883e-07,5.419424370724562e-05,5.0796279950345425e-06,1.0700471345541224e-05,0
0.31141430347470406,0.6885240967053097,6.841139399273541e-06,1.2935559772626059e-07,4.431624444658933e-05,4.548380861366885e-06,5.764699681460838e-06,0
0.20118070450560582,0.7987407951118176,8.24254684730458e-06,1.5312586268483992e-07,5.943608239054605e-05,5.267956819571637e-06,5.400670656544421e-06,1
0.16218498391930036,0.8377392412583257,8.309194002679184e-06,1.54363999798439e-07,5.663485039848036e-05,5.232074855185575e-06,5.444339117645311e-06,1
0.1311499777544593,0.868771440512292,8.61698973580456e-06,1.6008207311226537e-07,5.8732763299927306e-05,5.425885508216355e-06,5.646012631292782e-06,1
0.10698009305092686,0.892848323462096,7.800179205837654e-06,1.4573884290369544e-07,0.00015358377053782755,4.9136063393643335e-06,5.140192051271193e-06,1
0.08798218195301145,0.9118006284177693,7.0946572344893755e-06,1.3574341790354442e-07,0.00019433235673980658,1.0915877816442414e-05,4.710994010566003e-06,1
0.08288430998889995,0.9169066196530763,6.829112392289536e-06,1.4054896746772848e-07,0.00018705872063601718,1.050730909262181e-05,4.5346669351635815e-06,1
0.08896408801768116,0.9107943414961174,7.215985371870736e-06,1.5003408993755804e-07,0.00021837662224009444,1.0987149907312222e-05,4.840694592391225e-06,1
0.08302726820684554,0.9167872713128782,8.962968751619086e-06,2.2242518439509853e-07,0.00015309207308804914,1.732484149814921e-05,5.858171754190128e-06,1
0.0993797692672671,0.9004267771769836,8.74288145045136e-06,2.0180077398523176e-07,0.00016069770695028088,1.791513700600672e-05,5.8960295685812565e-06,1
0.12939093105808533,0.8703478073494313,7.6111485658538335e-06,1.8586403238825098e-07,0.00023445568611031356,1.4812081369620914e-05,4.196812404956907e-06,1
0.1044786813664759,0.8952551199164416,7.843637684515704e-06,1.6571414226580167e-07,0.000238837693651558,1.5026663933008179e-05,4.325007671252853e-06,1
0.058760274832246516,0.941145035267929,1.18737228882382e-05,2.0323641049126155e-07,5.261706035176455e-05,2.419745261982391e-05,5.7984275542382e-06,1
0.05816522366219044,0.9415105554566489,1.1461106008742052e-05,1.9895398082886237e-07,0.0002831966592317769,2.3687850235619708e-05,5.67631170375176e-06,1
0.06663519118571375,0.932820039788976,1.1482556444341167e-05,1.9996434296038533e-07,0.0005036796406903335,2.3701725711814175e-05,5.705138120636199e-06,1
0.051484507018431595,0.9479878252762481,8.237338385563159e-06,1.5917272000057454e-07,0.0004950287709379301,1.8866704405416993e-05,5.375718871262216e-06,1
0.0749962245827725,0.9247222432950638,1.4228964456996513e-05,1.288686558055588e-07,0.00025138246875817076,1.1448406169128483e-05,4.343414123652617e-06,1
0.0528818477796858,0.9468429214576557,1.30885703930857e-05,1.2559065275446107e-07,0.00024409514689758294,1.3507236231626027e-05,4.414218483517738e-06,1
0.04848923738868902,0.9513152653200629,1.2824213874837868e-05,1.2305403441574767e-07,0.0001664731201555715,1.1751840917212772e-05,4.325062265990388e-06,1
0.043058501849407134,0.9567429801517443,1.4869861735571197e-05,1.1442878832536818e-07,0.0001673168561690988,1.1754966162042179e-05,4.461885993559114e-06,1
0.04413414002158173,0.953419057178904,2.1508645014748872e-05,2.2222787959241493e-07,0.0023790622228264525,4.020973240370147e-05,5.799971389658511e-06,1
0.047938408431685314,0.9494643920914726,2.0191460482104003e-05,2.3087133541831905e-07,0.002534206590471402,3.7208209328855174e-05,5.362345224350808e-06,1
0.08106985984912658,0.9169446551875462,2.1804232582280736e-05,2.3285725059851466e-07,0.0019205111344150452,3.75282678913449e-05,5.408471187815231e-06,1
0.056585440200193356,0.9432007433433548,2.364392202584315e-05,1.3023610035099337e-07,0.0001659333637946572,2.098916953131906e-05,3.119764999671819e-06,1
0.04177291389538167,0.9580123529367759,2.34363927270404e-05,1.5249075930573245e-07,0.00016195303781372042,2.564945171794425e-05,3.5417948244794515e-06,1
0.02451777988302185,0.9752634083089046,3.379449153078804e-05,1.3817260183054784e-07,0.00015168600336123636,2.9574889277319167e-05,3.6182513023177876e-06,1
0.024548144663902847,0.9752330126310379,2.9740605147371364e-05,1.4762364123466033e-07,0.00014330676482578376,4.17819708778185e-05,3.865740567042813e-06,1
0.02152073174134734,0.9782752936918229,2.9539747027443576e-05,1.466266404376571e-07,0.00012433030095214943,4.449711775029154e-05,5.460774459465056e-06,1
0.021717054705689683,0.9780833734631036,3.4219814188969865e-05,1.3896498566502433e-07,0.00011171683989299964,3.95450505609073e-05,1.3951161578264807e-05,1
0.012834267494683966,0.9831395058081148,4.915417089422891e-05,1.9222767276060136e-07,0.0039028826995898746,5.1716321963680235e-05,2.2281277080750995e-05,1
0.013037745885168886,0.9808711279437887,4.009056697364376e-05,1.7726838677395422e-07,0.005984303033130733,4.4122668818102635e-05,2.2432633733090153e-05,1
0.022391351263273632,0.9760346388511497,1.8262329904151705e-05,1.6606256956144406e-07,0.0015042380333367242,4.3206198422976745e-05,8.13726134310074e-06,1
0.020747844314327094,0.9774742562713218,2.9722828558547047e-05,1.7494082537957866e-07,0.0016561770815019371,7.621401167840558e-05,1.561055178676725e-05,1
0.02446723959472961,0.9739943363640748,2.948925215077538e-05,1.6082585972379818e-07,0.0014494568652014665,5.492646722498039e-05,4.390630758495987e-06,1
0.019602239188459696,0.9790282622908739,2.2006503365257343e-05,1.563744311217752e-07,0.0012743849321236642,5.273113516523364e-05,2.0219575581163952e-05,1
0.022625849875751065,0.9752918187435813,2.8258175984205357e-05,2.0079774240942652e-07,0.001958910658988947,6.469067678418701e-05,3.0271071167713394e-05,1
0.01026772246683705,0.9868867434839246,3.806941589618545e-05,1.722325647050726e-07,0.0027031401243666317,8.709715598420614e-05,1.7055120426630275e-05,1
0.031463377598288926,0.9662800288580033,6.279650997953819e-05,2.0767691228124743e-07,0.0021345127535953396,3.704498379338021e-05,2.203161942714079e-05,1
0.003235764338280105,0.9955476309080347,1.9742962780407592e-05,1.256238079321317e-07,0.0011649823480426589,2.927388513370169e-05,2.4799339203964474e-06,1
0.004342731495205651,0.9937178040086571,1.6444105962459348e-05,1.274179408683917e-07,0.0018901571157802258,2.9582020611314646e-05,3.153835842411268e-06,1
0.0036280869529771807,0.9940157302939563,1.924197081236364e-05,1.2230731577860819e-07,0.0023053956258071453,2.83955109588095e-05,3.0273381728096722e-06,1
0.004151878729652546,0.9937752490486285,2.3210988733345638e-05,2.2001297910613183e-07,0.0020171937875303482,2.918219918238881e-05,3.0652332937071796e-06,1
0.003837606120761543,0.9935301598932454,3.2302828876944705e-05,3.021951891902156e-07,0.0025618431739945513,3.415716748101381e-05,3.628620451311683e-06,1
0.004320754223741402,0.9903379507853359,2.0444989773669508e-05,5.437980667296593e-07,0.005281167797871841,3.5808235497789706e-05,3.3301697128813324e-06,1
0.0021107099703361965,0.9683222361035712,2.988770105736324e-05,8.916327409221163e-07,0.029462528443041782,6.973002594521992e-05,4.016123307664969e-06,1
0.8852813026354232,0.10435707532362126,1.0509986288115947e-05,2.038802665420692e-07,1.2342087395963718e-05,7.0436302607598265e-06,0.010331522456744298,0
0.9038898826585591,0.08998609848189904,1.054701481110791e-05,1.9333556110920854e-07,1.2208562593577208e-05,6.779518240620136e-06,0.00609429042833561,0
0.6850850850675291,0.3113859381607474,9.55696746864916e-06,1.9150601157619634e-07,1.934894466537344e-05,6.870762318780242e-06,0.003493008591259243,0
0.7268290081699361,0.2697997917327955,8.98821186979422e-06,1.8010907874623283e-07,1.819744753550814e-05,6.461868540494716e-06,0.0033373724602439,0
0.7816032170985965,0.2156419795949942,1.079417227115492e-05,1.978661630924531e-07,2.1438420546299936e-05,6.938388645061904e-06,0.0027154344587838335,0
0.7332370789254647,0.26282991660040395,1.1250926562695105e-05,2.1825355843149494e-07,2.3922568855285484e-05,7.65329446883684e-06,0.003889959430685955,0
0.7878010123407946,0.20982367618015277,1.392428476550186e-05,1.8148861970889695e-07,1.9416130613639057e-05,6.364092569014888e-06,0.0023354254824848567,0
0.7202612094637076,0.2779096891298643,1.7514491911597998e-05,2.157164121468354e-07,2.1405273535441045e-05,7.4525439568545275e-06,0.0017825133806116844,0
0.7146894206043292,0.2846664216926873,1.6406874690400925e-05,2.020744969719817e-07,2.0042504678629347e-05,6.9812447567404714e-06,0.0006005250043605782,0
0.6230727474334579,0.3768689819967729,1.1045157658167585e-05,2.279775978039716e-07,2.714986777330885e-05,7.834400419869701e-06,1.2013166320166934e-05,0
0.7669567319097965,0.23299294337639415,8.47912289712043e-06,1.9188267764963315e-07,2.7461152562659226e-05,5.773820351042404e-06,8.418735320936918e-06,0
0.7772099919219497,0.22275319512472944,7.580005828308445e-06,2.0101536194423547e-07,1.912624957380476e-05,5.757051726912559e-06,4.148630829731311e-06,0
0.7367239175918421,0.26323130908500675,7.781734645841924e-06,1.9641719867087353e-07,2.510166038972331e-05,6.1564239349716245e-06,5.53708698198403e-06,0
0.28037317327426203,0.7195907046112975,9.152931390167438e-06,1.7135685576037964e-07,1.4161767665432207e-05,5.911013487261789e-06,6.725045041853142e-06,0
0.3105040329915361,0.6894573187401069,9.881357717627608e-06,1.84994109204751e-07,1.5084562551561173e-05,6.237103366699459e-06,7.260250611852689e-06,0
0.29542141729103244,0.7045415984709918,9.45590839869077e-06,1.770290481253324e-07,1.4435085319037435e-05,5.968560170983837e-06,6.947655038815881e-06,0
0.22970825700960373,0.7702477217321526,1.2396566959387732e-05,1.3507857967954218e-50,1.264908473069415e-05,6.358596931085174e-06,1.2617009622384503e-05,1
0.28417637056848694,0.7157937819435444,8.25114020928529e-06,1.54473947463437e-07,9.94203877818688e-06,5.437374037375767e-06,6.062460996233257e-06,1
0.5149654227546631,0.4849819129309663,1.2904320440191546e-05,2.926109137390117e-07,1.564288745003005e-05,8.804770026027666e-06,1.5019725540628126e-05,0
0.5088491396758579,0.49110891210120733,9.808986541827678e-06,2.426549166659852e-07,1.1579944116761231e-05,7.470540343361533e-06,1.2846097016158548e-05,0
0.3543386604780122,0.6456122132279144,1.2648932338684151e-05,2.6359845541953993e-07,1.6820002424494394e-05,8.887260361000546e-06,1.0506500493627913e-05,0
0.1916224652028173,0.8083521157275048,7.281833090711576e-06,1.9254560707739683e-07,6.630185778193685e-06,5.22069417044136e-06,6.093811031486576e-06,1
0.1593174297323868,0.8406617674826979,6.772237740549238e-06,1.8105767879442564e-07,4.396279008941932e-06,4.361862936106744e-06,5.091347550747756e-06,1
0.1734345379406906,0.8265408826266886,7.855614973805048e-06,2.218121118503874e-07,5.755999486592092e-06,5.343678522236505e-06,5.402327526541314e-06,1
0.11524423267905716,0.8847327877882291,7.565001851544181e-06,2.0525945502087453e-07,5.2651825707166865e-06,4.9449082474848694e-06,4.999180588885423e-06,1
0.11383961323385355,0.8861381247138032,6.0960697290505125e-06,1.6573514018228596e-07,3.5213605222106656e-06,3.99272745561027e-06,8.486159496303883e-06,1
0.05134533494854397,0.948641331748028,3.2803523799461867e-06,9.927339781369025e-08,2.5267525391468022e-06,2.391596740597605e-06,5.03532837033061e-06,1
0.06506018549317502,0.9349231443491911,4.145525674848916e-06,1.2545616196053153e-07,3.0134436665165982e-06,3.022366058183968e-06,6.363366072532465e-06,1
0.052085271132630756,0.9479029225332813,3.658497580858296e-06,1.4843100202682216e-08,2.5631748992441814e-06,2.488644747951194e-06,3.081173759704449e-06,1
0.04379616560163318,0.9561921343613625,2.7926798600602556e-06,5.800319646025706e-08,2.5068066170796216e-06,2.041671619691456e-06,4.300875710754602e-06,1
0.5995719004464589,0.40037271333771257,1.6131639429353662e-05,3.1896284673807893e-07,1.405447635989545e-05,1.0973335052003786e-05,1.3907802140350865e-05,0
0.6638227645933983,0.3361181216812417,1.716865622856095e-05,3.394672617939032e-07,1.5575072851956824e-05,1.1678752058259922e-05,1.435177695952692e-05,0
0.14035960825248694,0.8596053086183132,1.0177943457648255e-05,4.831298602169563e-08,1.0216896363706694e-05,6.06351215411205e-06,8.57646423846615e-06,1
0.11819130599203985,0.881780600031502,9.577186011449199e-06,3.558892645330203e-08,7.696915844506533e-06,4.466581469514043e-06,6.317704206382114e-06,1
0.12811427576195134,0.8718628247502652,7.4587706625328635e-06,3.1083088506516414e-08,7.043176276656848e-06,3.902056575408008e-06,4.4644011803204466e-06,1
0.08686230191609988,0.9131162901954979,6.972930201387542e-06,2.905843555268788e-08,6.584406304365363e-06,3.647889092348865e-06,4.173604368577739e-06,1
0.05753126507955312,0.9424512451327461,6.200163208782114e-06,2.2731395223776612e-08,5.1484130163982346e-06,2.8536157268458282e-06,3.264864353684932e-06,1
0.0750711461445456,0.924905862546617,7.229161105905578e-06,8.191982744298992e-08,6.09733113069965e-06,3.658294835087353e-06,5.9246019383961785e-06,1
0.02766114314346145,0.9722895901941095,7.6167901529831794e-06,7.048653574639022e-08,2.6830791663275213e-05,2.8231180911523543e-06,1.1925475985602404e-05,1
0.027977372754081863,0.9719135613386746,1.0589099295668958e-05,1.1579325612636806e-07,8.671289849797165e-05,3.9039865146598685e-06,7.744129679446967e-06,1
0.2004486491112951,0.7994151050233429,8.73867615452813e-06,1.9515481987207517e-07,9.98243037164576e-05,2.1785876482418557e-05,5.701854188632152e-06,0
0.1754306639503313,0.8244867805450541,1.0771345143110007e-05,1.4781695549412088e-07,4.592030593494643e-05,5.098996557182091e-06,2.061704002366502e-05,1
0.11957323030538908,0.8803036961767772,1.2101875623411514e-05,1.4058078072374e-07,9.822242971941742e-05,5.845759722267918e-06,6.762871988076171e-06,1
0.1852707297170435,0.8146748247651674,8.479043142430996e-06,2.8581172630396027e-08,3.7103797374676886e-05,4.0957658488496634e-06,4.738330250453447e-06,1
0.6088959545648057,0.3910113268603237,8.403494454791182e-06,1.0923128179647204e-07,7.642745663764215e-05,3.840816064462814e-06,3.9375764318082346e-06,0
0.6795427827382104,0.3203737461769382,5.959834482627725e-06,9.895738083451424e-08,7.028498804722465e-05,3.5600827666703956e-06,3.567222174079076e-06,0
0.18674832525205384,0.8131902258297538,7.942517694277496e-06,1.561479084130512e-07,4.116985638311746e-05,5.3719236225914125e-06,6.808472583951175e-06,0
0.11332461905655336,0.8865975288674721,1.036366085705483e-05,1.675457722115934e-07,4.9133625176088746e-05,5.76404193149955e-06,1.2423202237549267e-05,0
0.19036972097245092,0.8095529897886778,8.101153473959918e-06,1.5049912817275143e-07,5.855196936666747e-05,5.177589825103558e-06,5.3080270772480465e-06,1
0.12273216657530837,0.8772155248107122,7.879863354714646e-06,1.4722931994454989e-07,3.412501650858624e-05,4.963802178297856e-06,5.192702617741676e-06,1
0.08266802209230652,0.917127796784194,7.5642875221208445e-06,1.4645913688902997e-07,0.0001804331383657818,1.0871641738148139e-05,5.1655967364205164e-06,1
0.0801784779823564,0.9196469969930204,8.455276464503523e-06,1.8092925872153583e-07,0.00014393972069817306,1.6289104955483055e-05,5.659993246139282e-06,1
0.11856771760770454,0.8811703777048814,7.640015101250548e-06,1.611976953890712e-07,0.0002350321916083811,1.3870406243625282e-05,5.200876765410834e-06,1
0.052364224431526614,0.9475565193057247,1.0841855971999706e-05,1.8511525410933458e-07,4.323583206899986e-05,1.971203676199553e-05,5.281422691646699e-06,1
0.08568687730329712,0.9141492293439352,1.2986148270693946e-05,2.2542727482999555e-07,0.00011925631846436978,2.4993843400726428e-05,6.4316153571365825e-06,1
0.057302767394260906,0.9422719672589134,8.440115901547004e-06,1.655009338235158e-07,0.0003923966808582875,1.96167860752614e-05,4.646263056719712e-06,1
0.051484507018431595,0.9479878252762481,8.237338385563159e-06,1.5917272000057454e-07,0.0004950287709379301,1.8866704405416993e-05,5.375718871262216e-06,1
0.04431452245722307,0.955160094147271,8.334863675554365e-06,1.7485391132168038e-07,0.0004933690819467757,1.894104757815285e-05,4.5635483940883875e-06,1
0.08917467737068989,0.9091347452356694,2.0184327466542887e-05,2.12858073911329e-07,0.0016428308786316848,1.9867780576938618e-05,7.481548891447502e-06,1
0.07349575518822171,0.9253756688326243,1.6705756916080652e-05,2.366124164908838e-07,0.0010848646623382399,2.0216583439630715e-05,6.552364043287895e-06,1
0.057201711191455756,0.9409530733427636,2.349781573697501e-05,2.3376191941512624e-07,0.0017877271359820232,2.554047358168534e-05,8.216278560292824e-06,1
0.071791634291148,0.9262994209484213,1.9341712940819574e-05,2.1359399123147835e-07,0.0018453368052028898,3.864752364198613e-05,5.4051246541435645e-06,1
0.061087752444090336,0.9386452865018237,1.7941470112608997e-05,1.60911037632007e-07,0.0002156719825903953,2.911478536071676e-05,4.071904984420392e-06,1
0.06512986548180365,0.9326136140496308,2.479904027089046e-05,2.3451864865452137e-07,0.002188243824018958,3.779602588968818e-05,5.447059737213235e-06,1
0.024895978913270368,0.9748980817576436,1.7918571257574116e-05,1.1911740691642844e-07,0.00016403393306037688,2.0798390215097346e-05,3.069317146257746e-06,1
0.029157276954460208,0.9706216283560646,3.366520262878056e-05,1.3764398952809868e-07,0.0001601177833449473,2.3569650694591664e-05,3.6044088174371485e-06,1
0.03649551972257456,0.9632842724160467,3.0121185873439915e-05,1.39595368972422e-07,0.000162387773862958,2.390379773604979e-05,3.6555085370790937e-06,1
0.020753163869665758,0.979011350932051,2.8557909478714915e-05,1.393647166428064e-07,0.00016447909086146926,3.8659364657315354e-05,3.6494685690900872e-06,1
0.017689872297700155,0.9821136342851686,2.675218914636349e-05,1.327900206877127e-07,0.00011967788541527494,4.498509140151915e-05,4.945461147298211e-06,1
0.023250490766406243,0.9752513129467796,2.568701691263818e-05,1.3287687544091395e-07,0.0014042051969394103,6.413869922133959e-05,4.032496864946216e-06,1
0.003268485729583826,0.9955780587167692,2.0329086547134722e-05,1.3461344113255483e-07,0.0010989657329548862,3.136872284030482e-05,2.657397863518563e-06,1
0.004538542828722865,0.9946158812090451,2.4682898810544982e-05,1.2393426797327648e-07,0.0007889282880725172,2.8773232753937326e-05,3.067608327157358e-06,1
0.00408452696293661,0.9945612449169638,2.548895349583557e-05,2.121769274759834e-07,0.0012974280919223335,2.8142836775663865e-05,2.95606097830322e-06,1
0.0030216151530947227,0.9960248114089324,2.1270088336594507e-05,2.1790643442454843e-07,0.0009013953665250151,2.765419188294261e-05,3.0358847938191052e-06,1
0.0033171943537886506,0.9947438996535415,3.167411798560114e-05,2.553820006748975e-07,0.0018582854366621022,4.455396004016212e-05,4.1370959812195775e-06,1
0.004753636496599334,0.9931086696053482,2.4176292069922098e-05,2.6832901869516783e-07,0.002079698036708621,3.0329269159271203e-05,3.221971095988599e-06,1
0.0022384884381625382,0.49530313033682727,3.388468949669015e-05,9.08352506165691e-07,0.5023212540303028,9.824271964671764e-05,4.091433057757773e-06,4
0.8826160401649833,0.10878829848301004,1.0771116997279819e-05,2.0775203721757197e-07,1.2523358125654528e-05,7.177391715731569e-06,0.0085649817331309,0
0.8248910598082331,0.16943034724169145,1.1598660313650756e-05,2.1261309858909938e-07,1.3425881443886057e-05,7.455505711467957e-06,0.005645900289507991,0
0.7551724457144814,0.23839762701480854,1.075757236271384e-05,2.1556417181326232e-07,1.3612232894021357e-05,7.73390963961639e-06,0.006397607991641756,0
0.6874688066648688,0.3076870976800177,1.2248851136153951e-05,2.3761201642070536e-07,2.6044431369267794e-05,8.332119503895946e-06,0.004797232641087751,0
0.7012711188794215,0.29478884604871336,1.6697430624876072e-05,2.1763370168224224e-07,2.2484714649743355e-05,7.631558528929973e-06,0.0038930037343598897,0
0.6586117613926432,0.3407983811547522,1.8985637331893436e-05,2.0368585814885834e-07,2.0211496499439242e-05,7.036913863608741e-06,0.0005434197190515747,0
0.6575865594989918,0.3419729039978908,1.7644582045140755e-05,2.1731866113043066e-07,2.1554477916449048e-05,7.507898256795052e-06,0.0003936122262378201,0
0.6331727907428272,0.36677146887957546,1.2668638211200406e-05,2.322266841298485e-07,2.6813200574062153e-05,7.980419344606931e-06,8.045892783525929e-06,0
0.6054453654460443,0.39449625648889364,1.1977354274778527e-05,2.2829121764571448e-07,2.6673266297779286e-05,7.696871691141595e-06,1.1802281580624944e-05,0
0.6661991296950243,0.33375146476285245,9.106278546235533e-06,2.0607521934473796e-07,2.3987947302657777e-05,6.200879151117319e-06,9.904361904042238e-06,0
0.7574650862265817,0.24248939165350022,6.84348318109521e-06,1.5486812647623397e-07,2.1906388761823362e-05,4.660038891103092e-06,1.1957340957549611e-05,0
0.7688751601622413,0.23107632301965436,8.636118314516543e-06,1.9543548628729522e-07,2.8295126554528476e-05,5.880725669785915e-06,5.509412079297568e-06,0
0.7844663954236055,0.21548639541602366,8.178689278511543e-06,1.9445770797745945e-07,2.9253480450978558e-05,5.569241438540687e-06,4.013291494696687e-06,0
0.7692155461198443,0.23057478982078192,7.92659088957626e-06,1.7937887007648092e-07,0.00019110374440669888,5.397576181867279e-06,5.0567690256483285e-06,0
0.7567132549085664,0.24311616127161267,7.780240642909823e-06,1.640107725144383e-07,0.00015123986540439472,5.657607827169448e-06,5.742095173946484e-06,0
0.6579136632287035,0.34204127270352036,9.081326391280782e-06,1.9143821190762888e-07,2.2478379813317862e-05,6.454367228971915e-06,6.858556130661911e-06,0
0.3272809937865567,0.6726817679705809,9.520850846476605e-06,1.782448699406164e-07,1.45342243689404e-05,6.009551780770835e-06,6.9953709964551025e-06,0
0.30938336492257873,0.6905781262980103,9.845694019589939e-06,1.84326430304952e-07,1.5030119498365201e-05,6.214592475235335e-06,7.234046987523109e-06,0
0.2823768097295234,0.7175896848152294,8.538354433582834e-06,1.5985103643169412e-07,1.3034376977468899e-05,5.4993833893621074e-06,6.273489410270844e-06,0
0.38126275709982393,0.6186998633481468,9.03182131592245e-06,1.6908949018766038e-07,1.0667878081916075e-05,5.700876817410934e-06,1.180988632367233e-05,1
0.583170051703217,0.41679891029190136,8.095211511726634e-06,1.8356233854665002e-07,1.046094255996567e-05,5.753506221629767e-06,6.544782249662258e-06,0
0.6542402346064825,0.345719030372482,9.80706757270106e-06,2.843671980099942e-07,1.2451784495262612e-05,6.691477866467525e-06,1.1500323903142819e-05,0
0.46344368527079316,0.5365166574011845,9.787999455827507e-06,2.2194701981564578e-07,1.0779953190560509e-05,7.1176027677350914e-06,1.1749825588424672e-05,0
0.24935293365144814,0.7506054723081382,1.0944560415243058e-05,2.8939512937151024e-07,1.35113635331422e-05,7.689752410920388e-06,9.158968924768661e-06,1
0.1670906886645097,0.8328863653199589,7.469955249265297e-06,1.9971135242817403e-07,4.8492106624445305e-06,4.811248834495848e-06,5.61588943264974e-06,1
0.05323234565961021,0.9467556606558167,3.644215747118338e-06,9.907605713608291e-08,2.379796570881421e-06,2.3867452555544596e-06,3.483850942247133e-06,1
0.07900073444146305,0.9209852490369574,4.455639024685735e-06,8.465656009142141e-08,4.004862666074466e-06,2.9123357770213826e-06,2.559027551859713e-06,1
0.034879659709306204,0.9651094225012704,3.057324287437576e-06,5.0599032818983596e-08,2.3172338533574122e-06,1.7407674470813409e-06,3.7518648026225807e-06,1
0.07919345515191631,0.9207850307054263,5.155554904403431e-06,1.0707946451667483e-07,4.627805475990709e-06,3.6838736967240186e-06,7.939829115726878e-06,1
0.539478580661782,0.46046377128488103,1.67343785177e-05,3.3088050559111734e-07,1.4772003690013014e-05,1.138334037070242e-05,1.4427450252973732e-05,0
0.30660568741132393,0.6933511834642698,1.0283715698243801e-05,2.135899608535136e-07,9.276132876320623e-06,7.518216028394626e-06,1.5837469842292724e-05,1
0.05793556371342932,0.9420456404705775,5.743288781256006e-06,6.508213318574466e-08,5.637238115391807e-06,2.643339963502128e-06,4.7068669998793625e-06,1
0.02265624378407546,0.9772663833569084,7.766601411244036e-06,8.492885384608908e-08,5.611059291145876e-05,2.878644745420081e-06,1.0532091093941472e-05,1
0.020336731536134918,0.9795870906430879,7.36978043019432e-06,8.058956188064276e-08,5.280164421725644e-05,2.731565402540782e-06,1.3194241165121946e-05,1
0.021381529423779484,0.9785328561509921,8.054920343242946e-06,8.80816609930278e-08,6.18744659659416e-05,2.9855084473994576e-06,1.2611448811106054e-05,1
0.01955394954517554,0.980349263714181,8.381240950372681e-06,9.165002168033767e-08,7.208502911156724e-05,3.1064572448588403e-06,1.312236331521757e-05,1
0.017844724341714364,0.9820573116164905,8.45470290956183e-06,9.245333830042198e-08,7.116321174009822e-05,3.1170777818548866e-06,1.5136596025463361e-05,1
0.040885741543567125,0.9589910347297017,1.0316639328036345e-05,1.1281386893437441e-07,9.500060468819171e-05,3.8035360410433413e-06,1.3990132804924477e-05,1
0.053263792993584864,0.9466076520894217,6.692525004485583e-06,1.2039876159313646e-07,9.696260290546383e-05,9.848649269015196e-06,1.4930741052913079e-05,1
0.1259354322994446,0.8738522994040278,9.163914958206185e-06,2.0881073664838747e-07,0.00017260878632498902,2.2947491679441748e-05,7.3392928282573015e-06,1
0.17763113802129357,0.8222322188599761,8.7641555958861e-06,1.957238346405283e-07,0.00010011536239029639,2.1849397770134224e-05,5.718479139238163e-06,0
0.11743696090497469,0.8824900038129366,6.3867841234449546e-06,1.309006042849846e-07,4.5953497029420996e-05,1.1280160092879538e-05,9.28394023848891e-06,0
0.13152788723504924,0.8684040087495313,7.396777441795797e-06,1.267883943352147e-07,3.2867006840230695e-05,1.0029399719684088e-05,1.7684043023395317e-05,0
0.18152801985782643,0.8183940311663979,7.5277844281502696e-06,1.277242081960832e-07,4.199868107973183e-05,1.0480218687635432e-05,1.781456737197046e-05,1
0.2701649606182072,0.7297741861823065,1.0347781488754728e-05,3.1908054916993595e-08,4.142272325807608e-05,4.469099098616796e-06,4.5816875858620795e-06,0
0.5821047404805544,0.4177865477798032,9.011413439915774e-06,2.9405730311399155e-08,9.132982962508978e-05,4.118665358767666e-06,4.222425488489722e-06,0
0.20237681697610896,0.7975545658523651,7.789802496667491e-06,1.770139665525706e-07,4.870415809719342e-05,5.268634664461552e-06,6.6775623013301435e-06,1
0.10704442396416576,0.8927623087223031,9.836703609730524e-06,1.8378934178792098e-07,0.00017056810739720052,6.196484457568231e-06,6.482228724643465e-06,1
0.12684542071161062,0.8729040866525098,7.887294579828588e-06,1.8291133551342446e-07,0.00022214409852293617,1.3394784237829371e-05,6.883547203490169e-06,1
0.07277297156889403,0.9271047814684744,7.847516433663121e-06,1.6792417576272674e-07,9.495689478085147e-05,1.4021470801072076e-05,5.253156440238096e-06,1
0.07575388821774687,0.9240773635430847,8.168965343676453e-06,1.7480266320778216e-07,0.00013919860955710975,1.5737526078476102e-05,5.4683355260187196e-06,1
0.10684838550939282,0.8929236940186566,8.568227409388555e-06,1.9750667838924856e-07,0.00019553552753678652,1.6261890047249538e-05,7.357320278797753e-06,1
0.05729497803134493,0.9426323080092911,1.0140462223533379e-05,1.7664979688268585e-07,3.8936419474938435e-05,1.7230080115928478e-05,6.230347753027262e-06,1
0.055618931639279126,0.9443003985798556,1.103403782534622e-05,1.9247188368471878e-07,4.4373098126780556e-05,1.957886233811782e-05,5.4913106912089895e-06,1
0.08490881498988566,0.9149189771984698,1.385707353988212e-05,2.3995046316859504e-07,0.0001270607838469244,2.42040305865778e-05,6.845973208126734e-06,1
0.08015139654383249,0.9195440063626229,1.161546274727146e-05,2.0163346809429395e-07,0.00026302036253909107,2.4006875232191105e-05,5.752759557981459e-06,1
0.058811954058996745,0.9406939907951117,8.65281254817853e-06,1.6913031810169543e-07,0.00046043807273189546,2.0046976125100563e-05,4.748154168151914e-06,1
0.040801274266196765,0.959068130068528,5.990260753852574e-06,1.2276992725117947e-07,0.0001077503205408612,1.3528152357748357e-05,3.2041616952100195e-06,1
0.05218869804545155,0.947678954369741,5.286280717657207e-06,1.219646097693457e-07,0.00011010920919352822,1.3117256419340644e-05,3.7128738670044874e-06,1
0.08684768268342072,0.9118226324980202,1.992364000680437e-05,2.0350251120364855e-07,0.0012825210435406015,2.1886878829325705e-05,5.149753671183153e-06,1
0.04606271774517604,0.9537358418620419,1.366922179205725e-05,1.2133364564869637e-07,0.00016262568619947594,2.1953764652079937e-05,3.070386492843985e-06,1
0.036061092850641976,0.9637404441959306,1.4173970530357941e-05,1.2110473646561416e-07,0.00015999685351278015,2.1145386145582616e-05,3.0256385024998083e-06,1
0.030233646818777486,0.9695657885245726,2.463556021549799e-05,1.307467377121625e-07,0.0001488758548720869,2.2822364805129324e-05,4.100130019382442e-06,1
0.022056659320779957,0.9776922120167388,3.883749222857889e-05,1.3864666999071697e-07,0.00018478051210291593,2.3741346010480344e-05,3.630665469201776e-06,1
0.022210382002628263,0.9775427612211567,3.097691103573044e-05,1.41470779360915e-07,0.00018796969895010297,2.4064076553939256e-05,3.7046188960840354e-06,1
0.01803633516805279,0.9817772545073186,2.8904779137355202e-05,1.2952698780022458e-07,0.0001098308556109519,3.9713677814756346e-05,7.83148507777536e-06,1
0.01754665681680783,0.9821915310018572,3.6321368293254556e-05,1.527913098678681e-07,0.0001619081160492305,2.9600260941025113e-05,3.3829644741295194e-05,1
0.017747980226123845,0.9820018858046344,3.799762626558111e-05,1.598427416641695e-07,0.0001335141322093754,3.534345816985359e-05,4.3118909855340385e-05,1
0.014451693555636828,0.9852876264734051,3.195577208381114e-05,1.5715200727622234e-07,0.0001670079669024319,3.474849929154305e-05,2.6810580673083807e-05,1
0.018247788092829106,0.9771273875248775,5.6219915055690324e-05,2.432299654255984e-07,0.004475033515336822,6.711783109337855e-05,2.620989084225937e-05,1
0.04300114531307719,0.9551823923315648,2.6268093476724398e-05,2.699957244366374e-07,0.001654935103872014,9.244905064081323e-05,4.2540111643985244e-05,1
0.023060760100510832,0.9744164573075879,3.9077083168004485e-05,2.443426457544374e-07,0.002412334177722139,6.350070817037195e-05,7.626280195118546e-06,1
0.02370327604908209,0.9741438031229501,2.535172435235657e-05,2.2187367423444482e-07,0.0020641457923397098,5.8030860330798585e-05,5.170577270672391e-06,1
0.013808686439702612,0.9826915741618277,3.328334782074975e-05,2.0910603795697168e-07,0.0033837398297219367,7.494810543953632e-05,7.559009449492681e-06,1
0.013863483279842726,0.9845748310736094,3.454021798934199e-05,2.326473527666263e-07,0.0014610772440461742,6.148565928813309e-05,4.349877871570015e-06,1
0.009825916431578713,0.9877855761727475,2.7826823038568167e-05,2.830388688517366e-07,0.0022838403321414225,7.197362087940716e-05,4.583580745424823e-06,1
0.00640509072691502,0.9912371701625147,2.988194002132843e-05,9.995907569597227e-08,0.002274491017834733,4.577967657494083e-05,7.486517063900236e-06,1
0.0049055824564153035,0.9923346646853379,2.864304817431997e-05,9.581481719649563e-08,0.002665907878581418,5.4787584316883604e-05,1.0318532357354292e-05,1
0.006655636876611749,0.9921687467317085,3.0044153843514356e-05,1.7671024051584534e-07,0.001102132846195897,3.8834186031849255e-05,4.4284953680392805e-06,1
0.0037645982145353063,0.9955695735251205,2.1046551804301814e-05,2.3505449742792315e-07,0.0006052269741730323,3.551188208378534e-05,3.807797785696623e-06,1
0.005297247245970808,0.9898669102660228,2.7200625981730793e-05,5.952969673567254e-07,0.004701428076558441,0.00010210863075019562,4.509857748531515e-06,1
0.004537269509234896,0.9910143081896045,2.4405576374481198e-05,5.150479733802839e-07,0.004331493356997599,8.808852118426401e-05,3.9197986312306004e-06,1
0.0017777869998196162,0.9715354449211125,2.550390461930414e-05,7.300807861280483e-07,0.026597604704982274,5.9502332661694036e-05,3.4270560181749874e-06,1
0.0011429385758505736,0.5305076798923922,1.5771840035583085e-05,4.891514410403504e-07,0.46827801319162105,5.2904095668503996e-05,2.2032529910335086e-06,4
0.8364935655487331,0.1570856109361371,1.1674390439680277e-05,2.1400129483903433e-07,1.3494141507102436e-05,7.677837476998443e-06,0.006387763144411022,0
0.7257843243650981,0.26822607033406953,1.0201275487022635e-05,2.0441689143741104e-07,1.2908315469643017e-05,7.3339727742778125e-06,0.0059589573202098985,0
0.7349484685341725,0.2621150021637388,1.5306067628311902e-05,1.9949872713862414e-07,2.134289934868229e-05,6.995636249519654e-06,0.0028926852001351163,0
0.7420869449184134,0.25477273251738536,1.2043239709041226e-05,2.0051492913635743e-07,2.0468480893721472e-05,6.927364999827145e-06,0.003100682963669538,0
0.6426836538224795,0.3567815110437607,1.852648173911891e-05,1.9875984490509857e-07,1.9722694280486565e-05,6.866730566631882e-06,0.0004895204673286316,0
0.6129886771066939,0.38695537350525516,1.2771508883589966e-05,2.372599589920024e-07,2.6876483017223273e-05,7.999254113406057e-06,8.06488207767407e-06,0
0.5597028160618428,0.4402408394400219,1.2521166964544925e-05,2.386564166930022e-07,2.7425988742068762e-05,8.046335888419333e-06,8.112350123832685e-06,0
0.7733950877331852,0.22655884951322638,8.1306175086431e-06,1.839959955095422e-07,2.702470508293606e-05,5.536507184473995e-06,5.186927816744976e-06,0
0.7162103505633426,0.28360367388120994,8.48861742085339e-06,1.7894365543081568e-07,0.00016500998042640456,6.033111435466105e-06,6.264902509176187e-06,0
0.2723835122065439,0.7275803460504188,1.213380093038593e-05,1.5371005456510076e-07,1.2533636572853618e-05,5.288114107502003e-06,6.032481371982642e-06,0
0.21249632103954322,0.7874713064009564,8.842271459611032e-06,6.19294161555439e-168,9.995293650332185e-06,4.535484731466465e-06,8.999509659015979e-06,0
0.2840744192768238,0.715890164488208,8.441846354006702e-06,1.5804425777612548e-07,1.0340676778755461e-05,5.437224464725208e-06,1.103844311301507e-05,1
0.34350778727268355,0.6564590491229536,9.238823189143467e-06,1.7296488142786647e-07,1.1132126722063393e-05,5.831536198163509e-06,6.7881533720936695e-06,1
0.559847128392955,0.44011941491664613,7.99530070091947e-06,1.8129681873270967e-07,1.0518834664604873e-05,5.45528796241585e-06,9.30597025230254e-06,0
0.5824812724058763,0.41748224320862365,9.004871564196411e-06,2.0418926426340695e-07,9.917460088460941e-06,6.548130601934609e-06,1.0809733981184366e-05,0
0.36632571918523277,0.6336350552134267,9.24929891314022e-06,1.949791439090665e-07,1.1952298529834892e-05,6.7258724155916185e-06,1.1103152338233914e-05,0
0.3574171192427598,0.6425341662394729,1.497907673375678e-05,2.4378435628236526e-07,1.5555680920804183e-05,8.2192251194037e-06,9.71675063703567e-06,0
0.20989093696240718,0.790077769172614,9.397961028811111e-06,2.7968302377892836e-07,7.113247549335875e-06,6.638278062518173e-06,7.864695314686725e-06,1
0.135409384292118,0.8645706073889015,6.428465817110413e-06,1.7477206310134706e-07,4.28004917252144e-06,4.210436085255641e-06,4.914595842248096e-06,1
0.16024443901460342,0.8397281816065422,8.802475461264504e-06,2.485477811839035e-07,6.375586670766061e-06,5.899282913305592e-06,6.053486028104031e-06,1
0.04530375798498339,0.9546787870281914,3.6445769199152026e-06,9.908587641659243e-08,2.380032428976308e-06,2.3870793772064423e-06,8.944212222603687e-06,1
0.06882400712859169,0.9311612998978073,4.599343082457791e-06,7.611959626552539e-08,3.485974169527488e-06,2.618649083982532e-06,3.912887668761922e-06,1
0.047543044768493595,0.9524445532398452,3.568498703701259e-06,6.793705284227045e-08,2.9361324804436837e-06,2.337155081239663e-06,3.4922683429804493e-06,1
0.029602700764277554,0.9703882675621781,2.3108100916516117e-06,4.399319002636868e-08,1.9013162479779183e-06,1.5135054728246572e-06,3.2620485416293176e-06,1
0.02948084156601208,0.9705097642019846,2.403572938106328e-06,4.5759208595446434e-08,1.977640783607315e-06,1.5742621210196889e-06,3.392996951924131e-06,1
0.02925001153296242,0.9707404925795251,2.659147048588605e-06,4.4009158379076736e-08,2.015443892348556e-06,1.5140548348782191e-06,3.263232578104788e-06,1
0.12333184684749605,0.8766474035749581,6.023295924752787e-06,1.1909562095772645e-07,5.316967674203031e-06,4.097267645308975e-06,5.1929506806240235e-06,1
0.07294834695142877,0.9270148407495663,1.399017918530826e-05,3.5126505145094314e-08,7.77077193484864e-06,4.409652224352919e-06,1.0606569155446758e-05,1
0.07227568218018779,0.9276942198758819,1.2978971794009587e-05,3.258756828354849e-08,7.209102072545008e-06,4.0909234315862765e-06,5.786359064112559e-06,1
0.02248935088867619,0.9774081442907728,8.414677416089272e-06,9.201565402833775e-08,7.583086857307548e-05,3.1023211928007648e-06,1.5064937715065632e-05,1
0.12068915638628994,0.87915454681778,1.0789358250317337e-05,2.2041905383340442e-07,0.00011548598084612827,2.4223200803843966e-05,5.577836975885632e-06,1
0.14267452025305702,0.8572307446160833,9.357563896618438e-06,1.8772752797024588e-07,5.915414687302227e-05,1.723159868463551e-05,8.804093877314968e-06,0
0.13180285759652266,0.8681152468612767,7.168070357366416e-06,1.4691348935564755e-07,5.1500880825556975e-05,1.2660046061570047e-05,1.0419631466607094e-05,0
0.1634709474611601,0.8364530569435291,7.439234469154449e-06,1.2587082105735542e-07,4.132982497996885e-05,9.544602226972259e-06,1.7556062813472627e-05,1
0.1234349069338034,0.8764816234748966,7.855355880593314e-06,1.377041590785369e-07,5.151983982130487e-05,4.750152177765841e-06,1.9206539261054172e-05,1
0.1587484181899073,0.8411777304840387,7.974772365111716e-06,1.3979752656317844e-07,4.141587703866567e-05,4.822363606836498e-06,1.9498515516895877e-05,1
0.1038854956910628,0.8960529806401454,8.808918507376353e-06,1.208862493640447e-07,3.7137153982904214e-05,4.170012616329631e-06,1.128669743575475e-05,1
0.1018691003859943,0.8980690283756892,9.007981571567467e-06,1.0464072855171466e-07,3.695261676783363e-05,4.264246146634979e-06,1.1541753101700344e-05,1
0.1868566909046337,0.8130800939538428,7.94144202422473e-06,1.5612676100924966e-07,4.293882614570068e-05,5.371196092910147e-06,6.807550499752495e-06,1
0.12383537110820804,0.8760878641113554,1.0449974249566757e-05,1.6894117140499418e-07,5.345435050607257e-05,5.812047556206002e-06,6.8794669535227614e-06,1
0.17839284221598717,0.8215351333861648,1.031539054017764e-05,1.5875842216961146e-07,5.048918816655208e-05,5.461732577821669e-06,5.599328141291172e-06,1
0.11105374240073652,0.8886667003344046,1.0263777533759631e-05,1.906731192812932e-07,0.0002559492234294861,6.428572019513253e-06,6.725018756793872e-06,1
0.06181597207345883,0.9380107950842024,8.640107823371847e-06,1.6143210091878334e-07,0.00015329490415532892,5.4427068216507945e-06,5.6936914375741795e-06,1
0.09229709535211034,0.907508034569468,6.755791349328854e-06,1.4212976277450197e-07,0.0001782475986441808,4.791925676551634e-06,4.932632988728968e-06,1
0.06573503369474867,0.9341364029292099,7.088576240130283e-06,1.5168408152023345e-07,0.00010521296809073229,1.1365028553596401e-05,4.745119075918547e-06,1
0.10281251593656382,0.8969856993504038,7.642763454853243e-06,1.7151858872395422e-07,0.00017661140180879042,1.2209092853038256e-05,5.149936327112084e-06,1
0.09261569478998713,0.9071855960812016,7.53431818394321e-06,1.4628561652328033e-07,0.00017410541409530273,1.176363422207142e-05,5.15947669328727e-06,1
0.0472471639057283,0.9526758210553176,1.0474144952038973e-05,1.8246264691993344e-07,4.212601307679988e-05,1.7797054285223268e-05,6.4353639931099e-06,1
0.04948560660879721,0.9504352070044485,1.1105722332003225e-05,1.9372231006948156e-07,4.4725584688223255e-05,1.7634371497396235e-05,5.5269859266967115e-06,1
0.0726832727377678,0.9272319877198514,8.123249819063788e-06,1.3904149105464574e-07,5.623633834054777e-05,1.6273995527703776e-05,3.966917202310493e-06,1
0.08095239447053557,0.9188750867051286,7.444675368526266e-06,1.6179598181451851e-07,0.00014442391566383812,1.6562286622966387e-05,3.926150698598064e-06,1
0.11365327689738405,0.8858831658501887,9.297109795397792e-06,2.0938893798778127e-07,0.000425887219340298,2.1934198417176597e-05,6.229335936159996e-06,1
0.16600618143132662,0.8332223031176952,8.295637643920359e-06,1.7413278725831737e-07,0.0007399110069377924,1.8728138500077693e-05,4.406535109335777e-06,1
0.14251962250749048,0.8551836861414732,2.2146721292301468e-05,1.9150816837691354e-07,0.002248758033854396,2.0596876428208233e-05,4.998211293331871e-06,1
0.12987257634642568,0.8699147063287265,1.73947322259046e-05,1.5615794721903754e-07,0.00017392380935591446,1.6537115768427692e-05,4.705509550398123e-06,1
0.06624296353292287,0.9334725874219145,1.9202468997759313e-05,1.6694081128461441e-07,0.00023429762859127518,2.6904590818562448e-05,3.877415943721522e-06,1
0.03672868129407105,0.9630874678030766,1.6509879188358083e-05,1.286031761343527e-07,0.00014118067944688818,2.214354075180754e-05,3.888200289122421e-06,1
0.02100891707787493,0.9787496362038769,2.9096077312429e-05,1.3868551009989057e-07,0.00018483227602385043,2.374799684797278e-05,3.631682554164626e-06,1
0.02384229312169704,0.9759414966883819,3.062204137621723e-05,1.443486652990036e-07,0.00014032901704921126,4.133480228948826e-05,3.779980540906946e-06,1
0.01828073728457027,0.981542134957493,2.496109522264611e-05,1.1185470267806238e-07,0.00011833668857676024,3.0336294036651847e-05,3.381825397828334e-06,1
0.018903177352631313,0.9807770334697014,4.469096547714025e-05,2.151206367536054e-07,0.00017968688998609792,4.756617127193359e-05,4.763003029549997e-05,1
0.042219804382171065,0.9546486590298866,4.0903065370483255e-05,2.9698535086633204e-07,0.0029989205990926734,6.481367426456228e-05,2.6602263863797006e-05,1
0.046335892344836004,0.9519835272478598,2.5930774412830924e-05,2.4608221142687334e-07,0.0015455607982038783,8.241256967280228e-05,2.6430182802918876e-05,1
0.01753237273115389,0.9822927737103228,2.9646833755062153e-05,1.3566048402287094e-07,9.973718882028632e-05,4.0163830536983705e-05,5.170044926830983e-06,1
0.022323996877463434,0.9738120547445958,3.355569004737273e-05,2.0721657317156018e-07,0.0037642212104592437,6.182499358131536e-05,4.139267279577138e-06,1
0.016512627166330254,0.981204556162143,2.974782351140052e-05,2.6727967088787964e-07,0.0021755939780529854,7.287921674279743e-05,4.328373548464499e-06,1
0.0070920863565413555,0.9913842358076533,3.00232502178581e-05,9.572304859018326e-08,0.0014345405550688106,5.1317167792478815e-05,7.701139677581799e-06,1
0.005057726019851118,0.9940436976324134,2.1337149727701204e-05,8.382767262388882e-08,0.0007902502884445631,8.293294015181612e-05,3.9721417387973494e-06,1
0.005817751972118449,0.9937134916570954,2.2184317688769612e-05,1.304811623213231e-07,0.0004113773878202879,3.179422521898132e-05,3.269958895814797e-06,1
0.004120212157641575,0.9931099749215754,2.0266602173265132e-05,2.655467786286832e-07,0.002713873827540946,3.2063570966175504e-05,3.3433733242506894e-06,1
0.004757699428053455,0.991853305295167,2.3417531260822402e-05,2.780871852419647e-07,0.003329937517571984,3.2022998102379066e-05,3.3391426591557573e-06,1
0.0020735425267400234,0.9673110737103068,3.2513393980420925e-05,8.617888870214873e-07,0.03048492024162158,9.320663888482222e-05,3.881699579441496e-06,1
0.0010744667643661783,0.5157780769178549,1.791803573117876e-05,4.7492931927323435e-07,0.48307555825514525,5.136590436935059e-05,2.1391932138495826e-06,4
0.853257019389498,0.13867306715958772,1.095888945269217e-05,2.1258841271242785e-07,1.3250834262230111e-05,7.6271467587464814e-06,0.008037863992028028,0
0.8525489349283866,0.1399187985057173,1.0949795101100382e-05,2.1241199394500685e-07,1.293623634339961e-05,7.620817289454392e-06,0.007500547305168337,0
0.8675977676003505,0.12591659779469394,1.1792230459058892e-05,2.161614004874772e-07,1.3630349894590486e-05,7.755336728179915e-06,0.006452240526473288,0
0.8671722028035297,0.12585483452909094,1.1786446260036281e-05,2.1605537130446838e-07,1.3623664080841181e-05,7.751532663183144e-06,0.006939584969004202,0
0.7982040405764013,0.18982324037731563,1.8615442784513503e-05,2.656074066188877e-07,1.6197236245973296e-05,9.31380780486323e-06,0.011928326952041072,0
0.7538155907235534,0.23991250537554107,1.544824736968593e-05,2.5083687120449204e-07,2.447452041141624e-05,8.795863182098994e-06,0.0062229344330711105,0
0.6474556298764208,0.3473789615792168,1.3642912692260747e-05,2.543133791509475e-07,2.7084278887237983e-05,8.917770651689351e-06,0.005115509268751991,0
0.648342195961755,0.35113199062737777,1.5796722632715168e-05,1.9455958798048407e-07,2.1183661662570247e-05,6.7216206093076126e-06,0.0004819168463747506,0
0.611793245296577,0.38811992800710104,1.6576699539679406e-05,2.041661367046463e-07,2.2229623365254682e-05,7.053506467819626e-06,4.076270081245661e-05,0
0.8034683848847124,0.19648334851252908,7.126238062003897e-06,1.4992329881944342e-07,1.7226684666999464e-05,5.171655592325664e-06,1.8592101138349473e-05,0
0.5645244264009431,0.43542596299337427,9.530445846585517e-06,2.1567413167919792e-07,2.671453701271232e-05,6.489713954047133e-06,6.660234737594763e-06,0
0.7708921613774938,0.22901553027248633,8.070888559076714e-06,1.8264432848984487e-07,7.291874100768838e-05,5.495835026665089e-06,5.64024109781573e-06,0
0.237506462527124,0.7624480610962325,1.01096758111035e-05,1.645348944824548e-07,1.816307283673632e-05,5.547317959082904e-06,1.1491775142018952e-05,0
0.3150197127783292,0.6849419917187274,9.13646382451003e-06,0.0,1.1191535044369653e-05,6.020788634388855e-06,1.1946715440172295e-05,1
0.38853224571786465,0.611428928232043,9.366805315664163e-06,1.7536090231552138e-07,1.1123658651353112e-05,5.9123183917658716e-06,1.2247906831255264e-05,1
0.5238445350794451,0.4761197547320106,9.205333557979139e-06,1.9405233557564917e-07,1.232601085040984e-05,6.5425027896168885e-06,7.442289010634149e-06,0
0.6471950272619695,0.3527660610111953,9.214298592762558e-06,2.671791800175854e-07,1.233801509939427e-05,6.28702460051592e-06,1.0805209362685868e-05,0
0.6904607611551221,0.3094982591124876,9.934453321196192e-06,2.2526792304063616e-07,1.2478608341689416e-05,6.778394665015066e-06,1.156300813918207e-05,0
0.6869653795171448,0.31299446036820305,1.0026887699180443e-05,2.907411352720506e-07,1.1242924630076569e-05,6.84146373125705e-06,1.1758097456368828e-05,0
0.7302100383023317,0.2697599374436782,7.4594402794185285e-06,1.7771260623555097e-07,8.215408817992729e-06,5.424329355365219e-06,8.747362931224923e-06,0
0.48053830227134764,0.5194145050899014,1.122451621106092e-05,2.3661756227997883e-07,1.4504750021320616e-05,8.1622039325686e-06,1.3064551023654189e-05,0
0.3412060820987388,0.6587588803613408,8.733118642442532e-06,1.8409784487996895e-07,1.1085956069610214e-05,6.350518275049577e-06,8.683849088551254e-06,0
0.4201272108964003,0.5798322453387162,1.1430785514039374e-05,2.1400176414096884e-07,1.2886702490366859e-05,7.215100682616662e-06,8.797174432225992e-06,0
0.4019322867866616,0.5980246005226056,1.2235789307903738e-05,2.2907266472042254e-07,1.3794238055827818e-05,7.72321829321185e-06,9.130372411064491e-06,0
0.325442968704195,0.6745146076811768,1.088997024572662e-05,2.879516607834416e-07,1.4481010810343888e-05,7.651396837765805e-06,9.113285073866567e-06,0
0.1828599472947699,0.8171150876513255,8.127242623411395e-06,2.172841150545085e-07,5.275896611240933e-06,5.234594491499654e-06,6.110036063453749e-06,1
0.19301308266543787,0.8069605661183208,8.578500516495774e-06,2.2934862161639636e-07,5.56883606183165e-06,5.525240678753962e-06,6.449290362657429e-06,1
0.13341294912959534,0.8665561094446544,9.536007869655172e-06,2.587383079094227e-07,7.288158680043693e-06,6.141155119539283e-06,7.717365773180444e-06,1
0.04237810973890918,0.9576051014224563,3.5074123986667983e-06,9.073736624161944e-08,2.250491711402897e-06,2.297147173136077e-06,8.643049985333596e-06,1
0.052701118587650184,0.9472838936549339,4.1970706386936645e-06,6.946194636659494e-08,3.181080335139931e-06,2.389614122361138e-06,5.1505303732870536e-06,1
0.04365519947124495,0.9563310203546501,3.858881991648711e-06,6.386488982762303e-08,2.92475745013433e-06,2.197155264422585e-06,4.735514509020343e-06,1
0.12122357130850174,0.8787560338141202,5.920331704343581e-06,1.1705976087061545e-07,5.226077663425795e-06,4.027227591793854e-06,5.104180657511495e-06,1
0.05195621050592222,0.9480232981604877,8.893796160035378e-06,2.2234804370967037e-08,5.096862669448445e-06,2.7912755381581168e-06,3.6871644180896893e-06,1
0.019751297914044275,0.9801601042947218,7.46815488823787e-06,8.166530009958553e-08,7.151531398409733e-05,2.753357500859089e-06,6.779299560532799e-06,1
0.05008764015582782,0.9497750525593113,6.93568683991842e-06,1.2035730313847012e-07,0.00010567681799556524,9.648822963667685e-06,1.492559975874289e-05,1
0.14267510821464582,0.8571720674989749,9.205768495924799e-06,1.708468277132714e-07,0.00011760870313676744,2.0973276008090556e-05,4.865691910943042e-06,1
0.13162626755834994,0.8682933619015595,8.168536994022188e-06,1.5147667482274198e-07,3.9261935143376515e-05,1.3147220827902518e-05,1.9641370450433865e-05,0
0.12462735346564686,0.8752935262862392,8.139131886179611e-06,1.403148161322211e-07,3.912059998900994e-05,1.2149535997722421e-05,1.9570665424957005e-05,0
0.2750161658872307,0.7249177585680566,6.833462619029081e-06,1.1979040005975424e-07,3.828209579281595e-05,4.1322109188782885e-06,1.670798498201396e-05,1
0.14510694278660471,0.8548216022716688,7.72221800467305e-06,1.3537025600351572e-07,4.0046696210797755e-05,4.669643391040066e-06,1.8881013864131893e-05,1
0.13988276714641204,0.8600558803172651,9.952069129608254e-06,1.0368593618357009e-07,3.815414446095453e-05,4.807304808069881e-06,8.335331988097041e-06,1
0.5508420030434066,0.4490751208083324,8.642739960692456e-06,3.259819908649961e-08,6.620096860444083e-05,3.950163192298692e-06,4.049678304489996e-06,0
0.4873304517336861,0.5125543815231945,9.046071277874785e-06,3.24105833438756e-08,9.599464315247492e-05,4.622347348635407e-06,5.4712707570133545e-06,0
0.22983978279737285,0.770082664539579,1.263365380667988e-05,3.964779929314938e-08,5.275320877450533e-05,5.553141504366212e-06,6.573011163119424e-06,0
0.24171257426527626,0.7582347259319501,1.0993902281385084e-05,3.938978387247214e-08,2.939950023358228e-05,5.617646987351154e-06,6.649363487188434e-06,1
0.26339519054084504,0.7365503515078974,1.0615209282636593e-05,3.793644104327243e-08,2.6916367373625225e-05,5.436403245634816e-06,1.1452034914680217e-05,1
0.07249975375584632,0.9273030453863996,6.836595231477619e-06,1.4382973188355443e-07,0.00018037956175692162,4.849240382943822e-06,4.9916306507488235e-06,1
0.1003503311363152,0.8995030683352734,8.419331377411041e-06,1.894179442537637e-07,0.00011702667691796724,1.3909095287424452e-05,7.05600688438422e-06,1
0.12152298033589878,0.8782575573005289,7.4475018509312255e-06,1.4027673684871254e-07,0.00019190888177127757,1.1541465659757412e-05,8.424237553605313e-06,1
0.10927583586990398,0.8905131399969989,8.059415690698665e-06,1.5604576933885278e-07,0.00018572169933219235,1.158325615622809e-05,5.503716148755909e-06,1
0.09745477391922278,0.9023247764011921,8.926897596171854e-06,1.539288963737458e-07,0.00019356152624571416,1.237827256147026e-05,5.429054285302087e-06,1
0.09113488419376173,0.9085997242406545,1.0195442990764539e-05,1.758027658212217e-07,0.0002346825055162679,1.4137271192483994e-05,6.200543118507366e-06,1
0.07913050385800294,0.92071446362186,1.3012797205845656e-05,2.3020512440086376e-07,0.00011426598107308718,2.0955605614851716e-05,6.567931118826284e-06,1
0.052871794209662,0.9470385610053097,8.34444289670495e-06,1.4247409956502704e-07,6.192163248915268e-05,1.5171384453272919e-05,4.064851089852574e-06,1
0.056754478089173825,0.9431564460699803,8.283257726744658e-06,1.4142941604274323e-07,6.155596680191118e-05,1.5060141108714469e-05,4.035045792138317e-06,1
0.038593441005943106,0.9612895857941672,6.305320810851234e-06,1.0784427881811255e-07,9.306542691373683e-05,1.2782612832248063e-05,4.711995053819499e-06,1
0.1345173606431606,0.8650295928746286,9.078257056059352e-06,2.0818979759442487e-07,0.0004162594668908366,2.1417870277095016e-05,6.082698189172986e-06,1
0.14506598690563516,0.8542180300866098,7.5152708004832795e-06,1.5629904683222448e-07,0.0006848627375639478,1.709988214755526e-05,6.348818196022778e-06,1
0.1627645811745604,0.8370323230690229,1.6133581971465657e-05,1.4919682417380984e-07,0.00016696852984421015,1.5348697842184357e-05,4.495749934866867e-06,1
0.04839839458188908,0.9514382126465147,1.3948399610606223e-05,1.3767171370761035e-07,0.00013329585844022284,1.2902247596886903e-05,3.108594234714763e-06,1
0.044777459712663926,0.9550574483129647,1.4900537666239775e-05,1.1115128304715747e-07,0.00013380291094099953,1.3156955269373418e-05,3.120419211867515e-06,1
0.059804120651965914,0.9378331216358087,2.1540422929837965e-05,2.4629551743890814e-07,0.002295556361674042,3.9694036303904174e-05,5.720595799926855e-06,1
0.04229678474352113,0.9575352016683837,1.382230765343527e-05,1.4532617467610586e-07,0.00013062523805999703,2.04088808121076e-05,3.011835395176971e-06,1
0.02778496447555325,0.9720322286849874,1.746343262441208e-05,1.199368924722536e-07,0.00013951956369310427,2.2563183619469453e-05,3.1407226297720173e-06,1
0.02253152272395345,0.9772811758436648,2.2929607354966857e-05,1.2647961328909166e-07,0.00013884943029462068,2.208386179264902e-05,3.3120533263254363e-06,1
0.023127396080946636,0.9766672689959647,2.9984649861517924e-05,1.4134407741770015e-07,0.00014560325041500447,2.5904377713978894e-05,3.701301020724016e-06,1
0.02343325453929123,0.9763538788300546,3.063498065900003e-05,1.4440965954091833e-07,0.00014876120885026043,2.9544453721195503e-05,3.7815777641792734e-06,1
0.02684403729388186,0.9729509919614078,3.0071198104919744e-05,1.3733441101704584e-07,0.00012985213238562516,4.142313129321646e-05,3.48694851566418e-06,1
0.018935962774916396,0.9808688432327514,3.0154271957919932e-05,1.4214365582986523e-07,0.00012052900792799646,4.064632964159682e-05,3.722239148781194e-06,1
0.01977622674156443,0.9800235149758172,3.1097422932052285e-05,1.4202115418283474e-07,0.00012760740671090986,3.769240055687194e-05,3.7190312643089326e-06,1
0.01672376276415962,0.9830535692285107,2.8290172111475366e-05,1.424602577304825e-07,0.0001466496317453827,4.012542345462268e-05,7.460319760444381e-06,1
0.011933762198920487,0.9878488136198832,2.7293025414973434e-05,1.3783142386680692e-07,0.0001444356225275509,3.7559693669973964e-05,7.99800816010021e-06,1
0.05458962334630954,0.9432846789448781,3.8502085339359025e-05,3.054946002366524e-07,0.0019271814571424448,9.394805475468342e-05,6.576061697565564e-05,1
0.03955199599722169,0.960191714143084,2.9544259769693525e-05,2.0254491195635402e-07,0.00015880086312739056,6.294085260883663e-05,4.801339276479386e-06,1
0.02595316501570611,0.9707998963744984,3.335325521122223e-05,1.661696224891762e-07,0.003169086905856455,4.054711438322859e-05,3.7851647220046264e-06,1
0.006328811756622439,0.9924159683983418,2.9209922141663875e-05,9.85928354135806e-08,0.0011587278279725293,5.5975151261881566e-05,1.1208350824019558e-05,1
0.005422985653827074,0.9940748813120371,2.3763898360706882e-05,1.397717578197372e-07,0.0004406685195012018,3.405805610797671e-05,3.5027884081902517e-06,1
0.0062466298933020895,0.9929054194908655,2.1330996277225785e-05,1.4708529686459674e-07,0.0007847948438547542,3.512261595362181e-05,6.5550744499880115e-06,1
0.006035807598939292,0.9925651692442208,2.5056842997798122e-05,1.47983595397419e-07,0.001335349335427235,3.42314657597948e-05,4.237529059428368e-06,1
0.004593568908030369,0.9891998205662368,2.2263873064434614e-05,2.7736291930882577e-07,0.0061494734863295816,3.193959560189223e-05,2.6562078174687916e-06,1
0.8296691007084537,0.1579094308728102,1.4472683557946865e-05,2.2954926947457256e-07,1.4495349994651138e-05,8.049390658373652e-06,0.01238422144525543,0
0.8553288785564894,0.13358255029263194,1.4526474784686558e-05,2.3040244482058212e-07,1.4549225466681713e-05,8.266270196944915e-06,0.011050998777985327,0
0.7756813769484979,0.20539242934115406,2.0160311272921023e-05,2.5479682768041464e-07,1.5537986930409444e-05,8.934723291468187e-06,0.018881305892025472,0
0.7482707137583726,0.24236169732896973,1.5334613966441553e-05,2.4899177857669857e-07,1.5183984182710167e-05,8.731163035607609e-06,0.009328090159694349,0
0.7154409702470953,0.2782822928937392,1.5622108596384564e-05,2.536598973436538e-07,2.4749967200929688e-05,8.894855613157156e-06,0.006227216267857558,0
0.6967051369514906,0.3032438197420109,9.411977428412766e-06,1.7484898605584047e-07,1.8116079258939168e-05,5.926467768702298e-06,1.741393305627144e-05,0
0.84224887826278,0.15768713295114062,6.622668959627644e-06,1.2303120798810297e-07,1.2599175849579018e-05,4.170115624537499e-06,4.047379443759174e-05,0
0.8448369529051154,0.15512687271689934,6.267990351396076e-06,1.1644224243897453e-07,1.142398807398876e-05,3.925867182821142e-06,1.4440090134415176e-05,0
0.7950354493676481,0.20491675189795222,6.786136538918995e-06,1.6088670992452744e-07,1.6838338545210092e-05,4.977866438903129e-06,1.903550616667601e-05,0
0.8088233950578247,0.1911315432145132,8.675523462510977e-06,1.6116767092369766e-07,1.2251871164264037e-05,5.559534063070835e-06,1.8413631301195942e-05,0
0.8036744640370801,0.196280699155416,8.511071719110496e-06,1.827551391480268e-07,1.2624246516172113e-05,5.454148483385971e-06,1.806458564615268e-05,0
0.773832750774967,0.22612572568629258,6.494404431873878e-06,1.3663064969518453e-07,1.3235712840664032e-05,4.713121103546252e-06,1.694366971467563e-05,0
0.7636036917131341,0.23634875046156753,6.753551180993262e-06,1.5283296397236113e-07,1.813047764675302e-05,4.90118915890103e-06,1.7619774347636375e-05,0
0.7671290406488578,0.23281255880609514,6.5757327984836975e-06,1.488089313235539e-07,2.2196471269182667e-05,4.477715480193839e-06,2.500181656783623e-05,0
0.6848189964300608,0.31491777219841427,8.921995114238961e-06,2.0190488252959695e-07,0.00024179705291077548,6.075392182366919e-06,6.235026434759551e-06,0
0.7102439731317286,0.2882708641724595,8.013483790286348e-06,2.0226673220263794e-07,0.001463648991057175,6.086280372128565e-06,7.211673860216099e-06,0
0.7293221060856105,0.2692513822620321,9.065118357163309e-06,2.0555538572804312e-07,0.0014037268130279966,6.185237166379598e-06,7.3289284201044345e-06,0
0.7681208146722218,0.23115436326039424,8.413171356190905e-06,1.9077221225152398e-07,0.0007042684971550703,5.74040603874873e-06,6.209220621728848e-06,0
0.777101248237337,0.22273205742055455,7.258697858165817e-06,1.6459403830503293e-07,0.0001487549009909896,5.158971229768404e-06,5.357177991466491e-06,0
0.6242024450187863,0.37575521864003514,9.66691749502113e-06,1.8097946070275562e-07,1.9902839363731836e-05,6.101748907059902e-06,6.48385595204834e-06,0
0.4388956889089252,0.5610643120564991,1.1258349299934774e-05,2.1077349483481738e-07,1.315166821786867e-05,7.106259112230632e-06,8.271984450829813e-06,1
0.7133978504041112,0.2865590457113752,1.044939787762704e-05,2.3694450824948296e-07,1.3125427168013304e-05,7.129747408969488e-06,1.2162367550789878e-05,0
0.5950674633714651,0.4048908802927316,9.907736225216777e-06,2.0885928170460101e-07,1.280315645874674e-05,7.204672527500692e-06,1.1531911309967908e-05,0
0.21833941604948653,0.7816336428676102,8.322274696583322e-06,2.476706324620437e-07,6.372378388525696e-06,5.966636484525418e-06,6.032122701072685e-06,0
0.20313658590816483,0.7968428681189389,6.688633931974676e-06,1.7882250748195838e-07,4.3420065981399244e-06,4.308015394435951e-06,5.0284944640242e-06,1
0.13068399538036704,0.8692886911568389,8.733006435122694e-06,2.3742609748056455e-07,5.814403938616964e-06,5.852197088119674e-06,6.676429234817336e-06,1
0.12362889351874641,0.87634490241297,8.378296764208341e-06,2.277825304536238e-07,5.578239529149084e-06,5.614497629328e-06,6.405251830522688e-06,1
0.10953943810260323,0.89044063602074,6.4019779517963685e-06,1.740519318912278e-07,4.262413648083015e-06,4.1930873947418335e-06,4.894345730254667e-06,1
0.04365526288764617,0.9563324095837091,3.858887597313365e-06,6.386498260194375e-08,2.92476169882851e-06,2.197068644528314e-06,3.2829457215870477e-06,1
0.041736346888365985,0.9582502977620322,3.4038736427451057e-06,6.480292210719691e-08,2.800680283678966e-06,2.2809241362103457e-06,4.805068617417642e-06,1
0.026883145151940877,0.9731071810626852,2.475098415322737e-06,4.7120905958910464e-08,2.036491379970573e-06,1.6211089829078753e-06,3.493965689894445e-06,1
0.05695284788226714,0.9430321402654385,3.5831764933738088e-06,7.442159521014762e-08,3.2163839014328743e-06,2.619587679738204e-06,5.5182826245489365e-06,1
0.6429492325848252,0.35698994512840115,1.7443714505218648e-05,3.449058516734889e-07,1.612880930990309e-05,1.1865856824753737e-05,1.5039000282258948e-05,0
0.6735346937243978,0.32640745608360267,1.679305638619772e-05,3.3204071376825406e-07,1.4823800635388291e-05,1.1423255217174336e-05,1.4478039047042542e-05,0
0.6735346937243978,0.32640745608360267,1.679305638619772e-05,3.3204071376825406e-07,1.4823800635388291e-05,1.1423255217174336e-05,1.4478039047042542e-05,0
0.17107745879641703,0.8288761476581784,1.5909064685306858e-05,6.833209244397381e-08,1.2501920146994365e-05,7.419625497065954e-06,1.0494602982735584e-05,1
0.07811897971499042,0.9218448482125956,1.3912155491620205e-05,3.493937348655683e-08,7.292502133999468e-06,4.385059447529511e-06,1.0547415967206337e-05,1
0.015003801319867746,0.9849803558758341,6.03710995772563e-06,4.6650186193849105e-08,3.410124993004192e-06,1.8947181881559224e-06,4.454200973074947e-06,1
0.017500626306748472,0.9824870391069928,5.222101581670697e-06,1.5021765268856508e-08,2.72174746554236e-06,1.885303803060876e-06,2.4904116433171197e-06,1
0.06302170531958252,0.9369581082044318,8.395276456520825e-06,2.3736390978029025e-08,5.378474079075441e-06,2.9797791964224003e-06,3.4092098626764506e-06,1
0.012951510560231187,0.9869879967869322,2.323648790131157e-06,8.857501477236156e-09,4.729814350833694e-05,2.2042359444715512e-06,8.657767092084216e-06,1
0.031569111944744835,0.9683385637565388,4.553095561865207e-06,8.121536792577842e-08,7.097582903298253e-05,6.642579844010742e-06,1.0071578909711864e-05,1
0.05275235286329187,0.9471286808458419,5.703654666025338e-06,1.1786924508426307e-07,9.146417152957396e-05,1.0688173680902039e-05,1.0992421744620713e-05,1
0.09591989166753853,0.903947036983164,1.053109390652101e-05,1.8740322347365457e-07,9.640173040134807e-05,2.0246086872860575e-05,5.705034893378173e-06,1
0.11117735828793177,0.8887582042975966,6.488805293992767e-06,1.0978969051489201e-07,3.420050837950221e-05,8.325193367170765e-06,1.5313117740551433e-05,1
0.3152173967067812,0.6847160832937522,6.518717173495268e-06,1.1427292159539731e-07,3.651884398798059e-05,3.941883607643676e-06,1.9426281775918265e-05,1
0.2641542084635135,0.7357812737835285,7.178875676454009e-06,1.2584548086455331e-07,3.5319420349779024e-05,4.3410830071574835e-06,1.7552528443768813e-05,1
0.13435427103444067,0.8655607652710021,1.189672617046802e-05,1.632607459422726e-07,5.7192969593867635e-05,5.746663148614295e-06,9.96407489848663e-06,1
0.2419654419407963,0.7579593927822673,1.151357491596462e-05,4.78328366628574e-08,4.2309542020934426e-05,6.854662829294259e-06,1.4439664333669568e-05,1
0.24007181616602888,0.7598879812879006,7.5734976750663165e-06,1.4889306726817276e-07,2.21064363455748e-05,5.122336849893641e-06,5.251382132704396e-06,1
0.11252138245898663,0.8870923947520384,9.779110364154238e-06,1.8166931919522053e-07,0.0003637295459309802,6.125007586724867e-06,6.407455774190474e-06,1
0.06645287903446903,0.9333713029590763,6.051091680880981e-06,1.3290804323797762e-07,0.00015640657207779116,4.481014057715394e-06,8.746420595135628e-06,1
0.09605382581974771,0.9037682394245355,6.9581416700936675e-06,1.4280632361912613e-07,0.0001567654944206652,9.46081510776622e-06,4.607498194510837e-06,1
0.12436580722037179,0.8754226271173206,6.494247862568683e-06,1.4610745491056143e-07,0.00018830703837388743,1.1175620551440109e-05,5.44264806468194e-06,1
0.049810230986336294,0.9501208602425735,7.4172848438952015e-06,1.2754405376414225e-07,4.7398057568853895e-05,9.467471249848618e-06,4.4984133738299145e-06,1
0.05373442082454927,0.946192283922151,9.872288961154348e-06,1.8526059678705565e-07,3.993882292730893e-05,1.5754869234500877e-05,7.544011579813032e-06,1
0.05639367783325937,0.9435289175665187,1.1230063702970771e-05,1.956309710917863e-07,4.256291091274225e-05,1.6516190601149114e-05,6.899804034157462e-06,1
0.06986108291769827,0.9299856443246909,1.261622413894072e-05,2.2289292518796397e-07,0.00011197792297614843,2.0594310004137804e-05,7.861407566497878e-06,1
0.07078752177551684,0.9291315804023376,9.67091669739709e-06,1.5177079221298554e-07,5.456095769556548e-05,1.2767952341409454e-05,3.7462246191855327e-06,1
0.06860559378354832,0.930469817245461,7.665003653072541e-06,1.5941311986571604e-07,0.0008952899321540768,1.7440577007510137e-05,4.0340450562877996e-06,1
0.13056818524678948,0.8686921569932357,7.787236475609045e-06,1.505632640694166e-07,0.0007096468287477394,1.784622765447604e-05,4.226903833007048e-06,1
0.12382504728617799,0.874827626340798,2.0857193449463554e-05,1.8501255288492908e-07,0.0013027078659712597,1.9082628374517684e-05,4.493672675826995e-06,1
0.14034895232004338,0.8567647263621252,1.9557240692685868e-05,1.6911629013296235e-07,0.002841405990414417,1.8319519840514814e-05,6.869450593595394e-06,1
0.13736588222705157,0.8598975699917334,2.108961142776012e-05,1.823670783139861e-07,0.0026909024226776075,1.9613743938137716e-05,4.759636093260167e-06,1
0.09190715730693237,0.9079237132404395,1.3435356483578983e-05,1.2424472894725e-07,0.00013904424472901283,1.2781738576913975e-05,3.743868109561298e-06,1
0.07563387732999097,0.9241990668631939,1.2069796022675102e-05,1.190306474635922e-07,0.00013885712752901864,1.246872212503409e-05,3.541130491034654e-06,1
0.07554161740569854,0.924297548850544,1.2791423351708616e-05,1.1828989644785393e-07,0.0001323800973291031,1.1979502119549073e-05,3.564431060753107e-06,1
0.041834865709530725,0.9579695955276528,1.2210837960994318e-05,1.2968837263362095e-07,0.00015928516014950206,2.0900896388266182e-05,3.0121799450680156e-06,1
0.03940883516271151,0.9603993349525544,1.8368453256480838e-05,1.473293342980103e-07,0.00014772061533938592,2.2255666815821292e-05,3.337819988144817e-06,1
0.0184728879726218,0.9813136028715563,2.7966738663493334e-05,1.3330255400854628e-07,0.00015732448944759023,2.459390316667741e-05,3.4907219901324593e-06,1
0.05079090174964748,0.9471207751027044,3.763156635491213e-05,2.9858747178353027e-07,0.001911187929976998,9.182392136047985e-05,4.7381142484001166e-05,1
0.06674760845258584,0.9314558527453751,3.3832979190349264e-05,2.8793180560734406e-07,0.001675624251880784,7.131276858284111e-05,1.5480870579170058e-05,1
0.02324125138759511,0.973522289858228,3.210616912284974e-05,1.796017030942632e-07,0.0031173564121131873,6.824219827070957e-05,1.8574372967055733e-05,1
0.018283119533397882,0.9815402958470811,3.1738119645474273e-05,1.336752602466545e-07,9.654192967173017e-05,4.051140342971313e-05,7.65949151390898e-06,1
0.017718038525316303,0.9821014279901578,3.4442228414121486e-05,1.3547379030720394e-07,9.784085037177348e-05,4.0352386020883345e-05,7.762545928846119e-06,1
0.025889015444308217,0.9739321644649587,2.9150041680178173e-05,1.3273686588982669e-07,0.00010121733958177449,4.071425037986276e-05,7.6057222255637745e-06,1
0.026939607739417937,0.9728332788721743,3.096982911137141e-05,2.0736270756655252e-07,0.00012315359709952182,6.710725987954613e-05,5.675339609700429e-06,1
0.028971466685171407,0.9708160046043852,2.430249696526323e-05,1.638062584616154e-07,0.00013433104871760583,4.924812157945826e-05,4.4832369227512196e-06,1
0.021904501858185627,0.9768254836271976,3.2826521066655813e-05,2.5560891952301404e-07,0.0011654250995112839,6.672808789424142e-05,4.779197225271756e-06,1
0.023031828329157514,0.9757829051317635,3.171947068024197e-05,0.0,0.0010748872268061507,7.363468052057264e-05,5.025161072198077e-06,1
0.016608032737706373,0.981820766353837,3.184663530121836e-05,1.1812907071451647e-07,0.0014724833739386285,5.790539638352713e-05,8.84737376260613e-06,1
0.014005695059859283,0.9848451960491548,2.9892328875887e-05,9.97100660451083e-08,0.0010627723546253875,4.8876630137243096e-05,7.4678672816039255e-06,1
0.004164909226983556,0.9951934136341886,1.5695191444073486e-05,2.1447781950722578e-07,0.0005969820465599959,2.5797305868134545e-05,2.9881171364809954e-06,1
0.004781564465213869,0.9938670714155057,1.7828861290214553e-05,2.4015995774469607e-07,0.001299013431976112,3.161311519878505e-05,2.668550857422035e-06,1
0.004445379011678669,0.9904433238797041,2.4852087894340852e-05,2.788879509339901e-07,0.005055316475440437,2.8286860673572068e-05,2.562796657962258e-06,1
0.001583435574705655,0.7024991206565707,2.3043906718270696e-05,6.107939003637779e-07,0.2958249775925528,6.606031635081792e-05,2.751159201369921e-06,1
0.85273677757586,0.1312289880542831,1.5773533317630634e-05,2.3816977923492934e-07,1.4524038429601266e-05,8.351678053555804e-06,0.01599534695027685,0
0.6753591398112376,0.32358675234188805,1.3761980927342806e-05,2.0158137083922725e-07,2.1188573936307457e-05,6.9642082960277604e-06,0.0010119915023438508,0
0.6255803239059031,0.3737503835387305,1.7350936720489666e-05,1.9895986945064668e-07,2.1662764619415286e-05,6.873640989920086e-06,0.0006232062531669325,0
0.6214511104846664,0.37799258406891834,1.4581631333441543e-05,1.900564508969898e-07,1.9557814129704582e-05,6.664532733715985e-06,0.0005153114117674075,0
0.715796541436514,0.28415769617401593,1.206758497236088e-05,1.9351803312687525e-07,1.6588071594250908e-05,6.675470898234221e-06,1.0237743972239987e-05,0
0.7538017457108996,0.2461509538235139,8.035234838710752e-06,1.5315348476092925e-07,1.4836316370924192e-05,5.283081963810829e-06,1.899267892841068e-05,0
0.8397624422273929,0.16019961993763598,6.116894063092197e-06,1.0586962451443112e-07,1.440490048022928e-05,3.9872491348901455e-06,1.332292166844747e-05,0
0.7164384126817771,0.28348878431794294,7.501889010670073e-06,1.5782632267840915e-07,5.166278539874566e-05,5.321137482501093e-06,8.159362065236786e-06,0
0.6850017529105876,0.31403168292132266,9.297475784633072e-06,2.669646750515722e-07,0.0009441225116026469,6.331074045037033e-06,6.546141982425665e-06,0
0.7102053926905136,0.2883136141256794,9.706902947251262e-06,2.2010812224753902e-07,0.0014565952426743175,6.623134361211578e-06,7.847795701982102e-06,0
0.7180647151863047,0.2813630034553863,8.85661385052077e-06,1.8670117624314489e-07,0.000550406888897877,6.294657380814383e-06,6.536497003460661e-06,0
0.602019378040444,0.3977963695166377,1.0308873686491396e-05,1.929978611273917e-07,0.0001603291874777724,6.506951029836008e-06,6.914432862957384e-06,0
0.22940267880547546,0.7705643343550295,8.182251249065704e-06,1.671181672327889e-07,1.2935672649817826e-05,5.764798473314948e-06,5.936998955710757e-06,0
0.5377247599846595,0.4622358796970788,9.273160478004673e-06,2.0538264056516418e-07,1.2416831606324757e-05,6.590709387529198e-06,1.0874234149230446e-05,0
0.6108401131485358,0.38912130874611334,9.556264387017013e-06,2.0145010628883218e-07,1.090564845217337e-05,6.7919197079156e-06,1.112282269739916e-05,0
0.3917386993426961,0.6082149868267631,1.3119939966005194e-05,2.580653751929982e-07,1.4791001268086643e-05,8.281293327422646e-06,9.863530604060088e-06,0
0.29283823632084083,0.7071334744114973,8.738737685170803e-06,2.600645578659769e-07,6.691264732085737e-06,6.265218705463249e-06,6.333981981041715e-06,0
0.14531164483923342,0.8546641071908684,7.790621779700501e-06,2.1180528605386202e-07,5.186967660757172e-06,5.102603949533628e-06,5.955971221801387e-06,1
0.09794882692364944,0.9020297820303596,5.243355237146872e-06,1.5867980937594198e-07,4.11772330050451e-06,3.822757387778431e-06,8.04853025630141e-06,1
0.08862788968902309,0.9113561103026185,5.158154159739585e-06,1.3995501025894506e-07,3.155814850659626e-06,3.371658004431052e-06,4.174426333249458e-06,1
0.08566692833800198,0.914319192385145,4.330920623503811e-06,1.1774564650443834e-07,2.453777181774572e-06,2.8364962361255665e-06,4.140337164977772e-06,1
0.041627840726087495,0.9583625385840434,2.768218223676941e-06,5.2701318777505835e-08,2.2776680375598136e-06,1.8130188139724828e-06,2.7090834750707725e-06,1
0.05713304462657076,0.942852532519922,4.514787360887877e-06,7.472019046507748e-08,3.4218869605513396e-06,2.570507043072591e-06,3.84095195222099e-06,1
0.6523178542343061,0.34761997418601814,1.7969754947595944e-05,5.1052912954295806e-08,1.661519688417015e-05,1.2043051842079533e-05,1.549252308894241e-05,0
0.21745918600862713,0.7824888190165512,1.4373774046837268e-05,6.778647876571868e-08,1.2032075403008028e-05,7.4945770957514205e-06,1.802676179720262e-05,1
0.14431786672933472,0.855637489369788,1.5309084500211165e-05,6.575507724644458e-08,1.20304339526631e-05,7.1398084011444235e-06,1.0098818946110049e-05,1
0.015074814273365615,0.9849103409724332,5.5930473912229926e-06,4.321880900275512e-08,3.1229460708554434e-06,1.9589718811803568e-06,4.1265700487299215e-06,1
0.012616926347671904,0.9873684784877135,5.485578950944451e-06,4.23883747744467e-08,3.0985869087533933e-06,1.9213309248476166e-06,4.0472794552811555e-06,1
0.012883349692615948,0.9871029185060848,5.173720924767633e-06,3.9978573546861375e-08,2.8888100356633452e-06,1.8121022590652571e-06,3.817189506052978e-06,1
0.013572767418687284,0.9864081285809404,3.963165132686998e-06,5.0361088188665305e-08,4.613175657110772e-06,2.2489757920716724e-06,8.228322702151098e-06,1
0.02563984193169386,0.974284739097151,5.117594540550498e-06,7.764705773225448e-08,5.927819873778057e-05,5.752578271991418e-06,5.192952546820686e-06,1
0.1420389090699085,0.8578267688418024,9.441943386102877e-06,1.957425400016539e-07,9.821967198610629e-05,2.1511347453193493e-05,4.95338292396541e-06,1
0.15256014827408632,0.8473212346336813,8.429913208281679e-06,1.8825943021666676e-07,8.39759021170456e-05,2.0522626446748633e-05,5.500391030229437e-06,1
0.16774800340187493,0.8321599484311778,9.1464021224112e-06,2.0375482177400624e-07,5.6350181168161854e-05,2.0208012981245314e-05,6.139815853504245e-06,1
0.09445217937013654,0.9054678385971956,7.617973665082985e-06,1.4515193985892335e-07,5.072367243545688e-05,1.4172798622594548e-05,7.322436004860193e-06,1
0.10953076771093802,0.8903829261351789,8.279444377664503e-06,1.427337376731273e-07,4.500055155162376e-05,1.2975375288386801e-05,1.9908048927791716e-05,1
0.11754656535961969,0.8823739859162418,8.25212049090603e-06,1.4144985639160778e-07,3.943705592134032e-05,1.1889120630372342e-05,1.97289772395795e-05,1
0.12907204080908888,0.8708446864427292,8.38551102148992e-06,1.4188168979440804e-07,4.419746424235886e-05,1.0758683235737578e-05,1.9789207992670894e-05,1
0.1285619877558006,0.8713649530516979,1.436827213316558e-05,4.8432050881667406e-08,4.382953383139269e-05,6.783555725635901e-06,8.029398760177353e-06,1
0.26645965889726153,0.7334942876436512,1.0631650768408197e-05,4.0100311559191926e-08,2.554090273209841e-05,4.859194622277561e-06,4.981610652819818e-06,0
0.2648354351214946,0.7351312525058387,9.647032670671067e-06,3.519465136628492e-08,1.2751902650690491e-05,5.043496744948025e-06,5.8347459490055175e-06,0
0.196259831742628,0.8036888762413746,1.3950884991666935e-05,2.0648768300232307e-07,1.4555579020750795e-05,7.268220855561789e-06,1.5310843446415637e-05,1
0.1945373096272973,0.8054327083756392,7.471513986723379e-06,1.4688809350041249e-07,1.2129567088143043e-05,5.053360159426442e-06,5.180667736032094e-06,1
0.17387685863692384,0.8260768450761128,1.0095564367718126e-05,1.5537520016213368e-07,2.522000345640164e-05,5.3453403032971515e-06,5.480003635946395e-06,1
0.1533482212769322,0.8466045659995786,1.0399080162248614e-05,1.5123599538426685e-07,2.6125451213128494e-05,5.2029401126641395e-06,5.334016005945173e-06,1
0.11672443182135162,0.8829429731707782,1.2321668986428648e-05,1.7919459150107778e-07,0.0003077324000946427,6.04157178166516e-06,6.3201724160338635e-06,1
0.10230401630076859,0.8976355372564799,7.535234113758544e-06,1.5693727682007215e-07,3.7294045938608256e-05,1.0396863583052077e-05,5.063361839527414e-06,1
0.11179573453329167,0.8880437766285034,9.162742102496744e-06,2.0614318346453277e-07,0.0001279823123574313,1.545860187573874e-05,7.679038685722202e-06,1
0.09616411256129317,0.9037013982914225,7.786407073701856e-06,1.7469134693639e-07,0.00010792825304291765,1.20923693386924e-05,6.507426482119211e-06,1
0.10609573405180145,0.8937081539977797,7.123263220274704e-06,1.732171556490195e-07,0.00017836040340642268,5.169496689306818e-06,5.2855699471644466e-06,1
0.08837735231905021,0.9113981835611332,8.691057802948172e-06,1.6238405226162726e-07,0.00020440860931071543,5.474801999983281e-06,5.7272666507993655e-06,1
0.041672336583661866,0.9582553136146345,7.480787878335005e-06,1.2863602132494623e-07,5.0654924352763596e-05,9.548526941451432e-06,4.536926509756993e-06,1
0.04318319071821023,0.9567421926327268,7.612193336758909e-06,1.3126057305117052e-07,5.168843322362624e-05,1.0555268826363222e-05,4.629493103315235e-06,1
0.0564674267480266,0.9434531127646276,1.0282494485686134e-05,1.9800758432658735e-07,4.4078008343873844e-05,1.6838894252783457e-05,8.063082678976623e-06,1
0.05610499885825393,0.9438149080484051,7.653638450301639e-06,1.3350599598158674e-07,5.547504481646033e-05,1.3021917077250988e-05,3.808987001317521e-06,1
0.16141575157920612,0.8379659662193021,7.27554434790584e-06,1.6247970763296105e-07,0.0005882663463429106,1.7681772800686487e-05,4.896058292569231e-06,1
0.14355633337778193,0.855910087704817,7.3675857611194595e-06,1.6453520495301766e-07,0.0005037980616747656,1.729073744256535e-05,4.957997317730151e-06,1
0.1223085731686597,0.8771863128049306,7.926822000464757e-06,1.5326209725689537e-07,0.0004741447725023203,1.858649909939222e-05,4.302670710241731e-06,1
0.12716065164086512,0.8704820574311071,2.141904540770099e-05,1.643774848855784e-07,0.0023119393317430612,1.9153449972230854e-05,4.614723420200102e-06,1
0.0618060356713907,0.9380252483294295,1.4991378112703566e-05,1.1163002705747261e-07,0.00013756731325537976,1.3007110433062569e-05,3.0385673515579676e-06,1
0.048559312953332184,0.951263394909249,1.377207600150314e-05,1.227792950658015e-07,0.00014687578385422153,1.3414529156761922e-05,3.1069691111271184e-06,1
0.07288460652186776,0.9251086250352911,1.9692295188118487e-05,2.0646770722840663e-07,0.0019442867906116642,3.7358099590774176e-05,5.224789743337538e-06,1
0.054380057624098435,0.9453510913710587,1.5872551774586477e-05,1.6857855421262114e-07,0.00022172588638795808,2.7168533487853142e-05,3.915454638345715e-06,1
0.031201899277126754,0.9686160621664097,1.688096983919203e-05,1.1549908814682712e-07,0.00013910577660402495,2.264106923020159e-05,3.2952417019230145e-06,1
0.029391654705238836,0.9704244313771189,1.946384334513134e-05,1.2580047826909518e-07,0.00013906472261558003,2.1965282018959567e-05,3.294269184332037e-06,1
0.026573578991062705,0.9732496183924705,1.8539773812477643e-05,1.1982794822451831e-07,0.00013246245650824727,2.254268843224835e-05,3.137869765593259e-06,1
0.017024998370076004,0.9827723338717794,2.2982684142017297e-05,1.2677102531286115e-07,0.00014961593933762707,2.662267926394416e-05,3.319684375611229e-06,1
0.024758747063258604,0.9750560137078895,2.9935182732656196e-05,1.4111089524869852e-07,0.0001196532909813031,3.181444943752995e-05,3.6951948051972785e-06,1
0.04999248109325893,0.9479388178582246,3.504058290860095e-05,2.9787515348537244e-07,0.0019008177035513324,9.160486374562754e-05,4.0940023157329466e-05,1
0.023809924546431948,0.9759938944584295,2.8819478267858588e-05,1.3891508430742816e-07,0.00010663167993747721,4.200051744948211e-05,1.8590404399648273e-05,1
0.021427651990914745,0.9783879612096633,2.9695046940684158e-05,1.3804934666558351e-07,0.00010480657294032589,4.1837006830272783e-05,7.910123364148672e-06,1
0.031123358957572612,0.9686772598689926,2.7177262578967268e-05,1.5938204484775837e-07,0.00011874738201901731,4.512359147298676e-05,8.173555318985384e-06,1
0.01588150137059848,0.9824772093698355,2.9851932721539282e-05,1.1801243208783938e-07,0.0015414913044878532,6.288681892795712e-05,6.941190996534542e-06,1
0.005223565871891249,0.9935374662661198,2.9299463000909393e-05,9.870425205560922e-08,0.0011492891203709228,5.2888038348293676e-05,7.39253601685318e-06,1
0.005405575338330278,0.9932487180034686,2.6395136995304743e-05,1.036990849828695e-07,0.001263720449548319,4.783983700969395e-05,7.64753556276991e-06,1
0.004015132361220415,0.9954033126447239,1.5626022575284167e-05,2.3278289628136957e-07,0.0005349059419953314,2.754710208530389e-05,3.2431445035023974e-06,1
0.004014926021789081,0.9953521584273778,1.720189661531507e-05,2.327709334651728e-07,0.0005808548081711828,3.2039627814045186e-05,2.586447299186089e-06,1
0.003693302123326495,0.9952625548102956,1.584987371841287e-05,2.3274997895433613e-07,0.0009948365150615618,3.063771315707905e-05,2.5862144619621606e-06,1
0.006484238409190177,0.9875899100158815,2.371116479217175e-05,2.92835103924874e-07,0.005866450871264912,3.245616691957121e-05,2.9405368475355273e-06,1
0.005016269610373699,0.990446183366026,2.498438704640482e-05,2.9667820600433473e-07,0.004473464280715602,3.582254984022659e-05,2.979127792138924e-06,1
0.005260357506565149,0.9853549182616961,2.668907523606975e-05,7.07411488852125e-07,0.009287763028883253,6.58597587267261e-05,3.7049574037221204e-06,1
0.0055647515467983,0.9892688003261488,3.094257888630973e-05,6.786357976028146e-07,0.005082872865775161,4.889731155126148e-05,3.0567350424456204e-06,1
0.0022117324944612546,0.9793218087580979,3.333721003219455e-05,8.836246731838286e-07,0.018358897264464255,6.936059518177752e-05,3.980053089494384e-06,1
0.8388401512179664,0.1466502893069634,1.4652100510394302e-05,2.2123689560334967e-07,1.3970448439418283e-05,7.757908377723908e-06,0.014472957780847102,0
0.8230536908172666,0.15742315068097043,1.7308089240406044e-05,2.613405449721505e-07,1.593703504525809e-05,9.164185737415859e-06,0.019480487851194647,0
0.6559359942422767,0.33883494337058934,1.600353728107556e-05,2.5985324572589676e-07,2.5262727716061936e-05,9.112031998541395e-06,0.005178424236892563,0
0.6461728243096062,0.34934796243054106,2.207690667094899e-05,2.214605420854747e-07,2.231947936528189e-05,7.765750780830291e-06,0.004426829662493757,0
0.675334366967085,0.3209356481024004,1.790051395438952e-05,2.3374696062626455e-07,2.5331018746649115e-05,8.075461118195392e-06,0.0036784441897346966,0
0.9410039923023573,0.0587953940878546,4.314330875089049e-06,6.918541092671045e-08,6.219203448800478e-06,2.345024224450613e-06,0.00018766586582857108,0
0.9129794264866752,0.08699228937273946,6.162985429585365e-06,7.736870639444821e-08,6.661498697710983e-06,2.6617292468033145e-06,1.2720558505043401e-05,0
0.9199102548513718,0.08006340447094158,4.724028144731335e-06,7.575539240852417e-08,6.447553250374241e-06,2.567712295861594e-06,1.2525628603211389e-05,0
0.6699861573971919,0.32997735003722095,1.0346413167545272e-05,1.6591700250606597e-07,1.4746509608475359e-05,5.593915932630627e-06,5.63980987595838e-06,0
0.6741702437274866,0.32578805563399754,1.1450909265661144e-05,1.8362890700006646e-07,1.763315639779797e-05,6.191075375301965e-06,6.241868570236223e-06,0
0.7657284296540231,0.2342336871854497,8.404254727954238e-06,1.561282343603765e-07,1.3995593209525952e-05,5.263886187252376e-06,1.0063298168177696e-05,0
0.7343281636044123,0.26562479637920194,7.997738966075964e-06,1.546267388060246e-07,1.4499009363614982e-05,5.213263045697271e-06,1.917537827150533e-05,0
0.7119286032669664,0.2880258415677826,7.463645292416479e-06,1.44300674986588e-07,1.5187265660931739e-05,4.8651182983330266e-06,1.7894835324519975e-05,0
0.698184866934141,0.30026639830865803,9.445157175335015e-06,2.2456943322546224e-07,0.0015259832724703706,6.431637019468587e-06,6.65012110257512e-06,0
0.7195902895575546,0.2785834238557487,1.013941527572434e-05,2.299155218874085e-07,0.0018015157630531312,6.91824262384944e-06,7.483250222399426e-06,0
0.31686807131190736,0.683094704570451,9.743818392577354e-06,1.8241916296301094e-07,1.350639016753647e-05,6.292611566806534e-06,7.498878351811894e-06,0
0.6328653494744203,0.3670943345752683,8.703471010260069e-06,2.1968256081076944e-07,1.3506156323219249e-05,6.610329061044121e-06,1.1276311355847416e-05,0
0.4619283273130779,0.5380341985150712,1.1606054663342341e-05,2.7785028019800917e-07,9.539140229085003e-06,7.325730398940559e-06,8.725396279319084e-06,0
0.3209265154002137,0.6790407350244906,1.0454191684102102e-05,2.4783640360684887e-07,8.53408926567869e-06,6.719852440016108e-06,6.793605502263803e-06,0
0.27758862562374126,0.7223843388587972,8.072085554194795e-06,2.4022501147624013e-07,6.180808181806257e-06,5.787263930814788e-06,6.755134783300681e-06,0
0.23783099722889123,0.7621407818354587,9.067094558605374e-06,2.465090221254017e-07,6.0368385967674874e-06,5.938652114531643e-06,6.931841357915546e-06,1
0.11322295286864306,0.8867485425473705,6.9870196992799035e-06,2.1144837682044518e-07,5.487061722040441e-06,5.0940056444677456e-06,1.0725048543845794e-05,1
0.04950294329638318,0.9504835123107748,3.897208579008943e-06,7.419502910141615e-08,3.2065923633441426e-06,2.5524405609659645e-06,3.813956309511423e-06,1
0.21034041286825428,0.7896213436057763,1.0956257759151342e-05,2.0858515699192285e-07,9.014722139983284e-06,7.341751013188696e-06,1.0722209900239691e-05,1
0.27661905503208045,0.7233310304310606,1.7119867178882752e-05,6.361761097583223e-08,1.3453412669521342e-05,7.984316208364894e-06,1.1293323191115965e-05,0
0.1299995849264258,0.8699600298436831,1.3726397709817172e-05,5.099463862586951e-08,1.1151377364731582e-05,6.401679322146952e-06,9.054780855891886e-06,1
0.0807305675687584,0.9192434497385862,6.90641725327006e-06,8.671678893649872e-08,7.476059792505765e-06,3.872512808971979e-06,7.640986011547341e-06,1
0.011159806721911095,0.9888268240265742,5.19666117882863e-06,4.0155838352500735e-08,2.5050797781726224e-06,1.7932398129840886e-06,3.8341149062322996e-06,1
0.017373864642525914,0.9825548752171716,2.6670249216588126e-06,8.013147589583112e-08,5.587417486765663e-05,2.7016443941753913e-06,9.937164643200174e-06,1
0.028425177261228896,0.9714997779489839,4.581250989991201e-06,7.974618377844315e-08,5.95330288862317e-05,6.543386242257462e-06,4.307377485056239e-06,1
0.03012900287713277,0.9697830786724102,4.573155640472002e-06,7.960526741478634e-08,7.120129207651572e-05,7.76463138604892e-06,4.299766086700454e-06,1
0.1497322999808821,0.8501855632660426,8.163818236022702e-06,1.3851581830020115e-07,4.314896400793716e-05,1.1365708098610834e-05,1.9319746914416332e-05,1
0.14510693443211714,0.854821553055578,7.722217560068724e-06,1.353702482096149e-07,4.010426859740853e-05,4.669643122186785e-06,1.888101277706333e-05,1
0.11773784772680224,0.8821695458007098,9.723375125103465e-06,1.7045048185727846e-07,6.643002263130702e-05,5.8797478087340205e-06,1.0402876441037395e-05,1
0.17389744239980856,0.8260379469162095,1.2229305396596074e-05,1.420610617610925e-07,3.9750849350702824e-05,5.907314134053379e-06,6.581154038968994e-06,1
0.1397992011280112,0.8601595175575659,1.151200837626089e-05,3.880426054447299e-08,1.797453155300729e-05,5.560826848870387e-06,6.195143384281011e-06,1
0.25274648091398316,0.7472041010188304,9.829943488007736e-06,5.1232158675972495e-08,1.6313179738485703e-05,7.47573345828088e-06,1.574797834318463e-05,1
0.275960595403534,0.7240082326117553,1.1001653082472415e-05,1.4615977968467952e-07,9.840887234744836e-06,5.028304132540406e-06,5.154980481218186e-06,1
0.11825624834346439,0.8813169710408322,1.4252612001210548e-05,1.805509898316424e-07,0.0003987836112116726,6.2115275357461015e-06,7.352313965055825e-06,1
0.09755514628392213,0.9013143642826661,9.879120634012333e-06,1.8458186307174256e-07,0.0011040703602570067,6.223204428213531e-06,1.0132166229537856e-05,1
0.04461633392695139,0.9553105320454814,7.614872049653553e-06,1.3094166808322715e-07,5.156285325885038e-05,9.20711510212593e-06,4.61824548862494e-06,1
0.04636391604018059,0.9535609872927099,7.78122020102718e-06,1.3417518150675955e-07,5.222831770475724e-05,1.0220664173161009e-05,4.732289848981989e-06,1
0.05415003715617023,0.9457788658970514,1.1217445616565721e-05,1.934276068226709e-07,3.812982090851276e-05,1.473416014013851e-05,6.822092506233656e-06,1
0.04367794623468234,0.9562374397688769,7.868956795522646e-06,1.3526320754479864e-07,5.955734328824004e-05,1.3193312100336603e-05,3.859121049257676e-06,1
0.038110138902299306,0.9618049512264545,7.963471474371329e-06,1.3688786491086954e-07,5.955226059826536e-05,1.3351778042966161e-05,3.9054732654518625e-06,1
0.15374213655208685,0.8457844230638707,9.414537969353374e-06,2.1323035399496778e-07,0.0004352388112186424,2.214845909524296e-05,6.425345405365245e-06,1
0.11973073574698657,0.8797145603691875,9.996069732012762e-06,1.710956629430648e-07,0.0005189060035031349,2.074922268531149e-05,4.881492242471349e-06,1
0.11481045503637058,0.8832798043421833,2.4674418331719188e-05,1.6399430245358634e-07,0.0018607851184841476,1.9438205419579414e-05,4.678884908398146e-06,1
0.056544861187306936,0.9432990416962003,1.4650059338933957e-05,1.0908847126022151e-07,0.00012556449125689253,1.2710968814198538e-05,3.062508611522121e-06,1
0.060613375307171875,0.9392244457353875,1.4679622927082285e-05,1.0930861007068333e-07,0.00013158471784951761,1.2736619348322353e-05,3.0686887054860503e-06,1
0.041079655921836766,0.9587540894625106,1.3271803325163982e-05,1.150558592995762e-07,0.0001270518958695432,2.208656039150182e-05,3.7293002073263936e-06,1
0.02854097778825553,0.9712748268778336,2.9819096562105233e-05,1.4056367883118958e-07,0.00012629785074343004,2.4256957781969725e-05,3.6808651444029513e-06,1
0.025661402736678524,0.9741353355995832,3.0419448370153784e-05,1.409776539679182e-07,0.00014468113489755492,2.4328397128875772e-05,3.6917056877360824e-06,1
0.04722319341894141,0.9507198160479363,3.3050458151563044e-05,2.987490392752535e-07,0.0019122220853560346,9.187360784118105e-05,1.954563273414117e-05,1
0.020753244052750506,0.9790683437226165,2.5152327912255745e-05,1.5129829222153383e-07,0.0001061906559642646,3.752600863181766e-05,9.391933832345648e-06,1
0.029970439038648922,0.9698293146716834,2.502870682207387e-05,1.6119505282724172e-07,0.00011412279220480981,4.5901320842038565e-05,1.5032274745774569e-05,1
0.018692115478108125,0.9811296504893453,3.2561746800564926e-05,1.3443735764812076e-07,9.709232586022164e-05,4.074236340859455e-05,7.703159119781091e-06,1
0.015711201697300982,0.9841038898354072,3.4078859360510705e-05,1.340445278802464e-07,0.00010323609557747059,3.9778817555378435e-05,7.680650270590203e-06,1
0.01699854399818125,0.9828054988189234,3.318080514719989e-05,1.3479934418043776e-07,9.960741177462755e-05,4.967034270404159e-05,1.3363823925115336e-05,1
0.055866361432650107,0.9319055839955007,3.5578751876882454e-05,3.395353426049842e-07,0.012063435955163697,0.00012137558839998529,7.32474106600606e-06,1
0.021965435233724517,0.9755369507070761,2.8098742462006136e-05,1.3648983229669735e-07,0.002397822091594872,6.741215959371807e-05,4.1445757164482275e-06,1
0.005575393458877747,0.9930427947087479,2.917407061124894e-05,1.0367758577843849e-07,0.0013012716701829162,4.516436218581812e-05,6.098051808745757e-06,1
0.00423489316330469,0.994088464552966,1.7646726566335755e-05,2.440378105611736e-07,0.0016239163086649545,3.212357085076996e-05,2.7116398367654125e-06,1
0.005344169290280933,0.9915792397261239,2.4049826010124564e-05,2.9701760165637634e-07,0.0030140596860368197,3.5201918074785706e-05,2.9825358720014323e-06,1
0.004979258920222211,0.9910661198611058,2.5679989375834846e-05,3.0493816654707025e-07,0.0038887543173385603,3.6819902669763814e-05,3.0620711210279856e-06,1
0.0017658383512971483,0.9887576771853439,2.1112560368013914e-05,6.547897585041415e-07,0.00939921462541299,5.255316093827311e-05,2.9493268809635414e-06,1
0.844446900354186,0.14015298553163894,1.5744975799903882e-05,2.3773857986092e-07,1.5012480458784841e-05,8.336557586298418e-06,0.015360782361750102,0
0.6135041441260345,0.3775450075607318,1.4650381365610851e-05,2.3788173090195214e-07,1.5917418140276273e-05,8.341577330665535e-06,0.008911701054666186,0
0.6478249513643357,0.34581816511001573,1.567128858492898e-05,2.544584445287907e-07,1.5641273485952287e-05,8.922857524324305e-06,0.006316393647608814,0
0.8702578562323764,0.1245550780556084,1.0944461490544147e-05,1.7770782740656994e-07,1.0951708519722263e-05,6.2315150430255355e-06,0.005158760319134578,0
0.5959311814591501,0.39993787593613167,2.0360368898891247e-05,2.0424140032906487e-07,2.0584080925898857e-05,7.161943157671594e-06,0.004082631970335397,0
0.9124916120339557,0.0871271173021043,6.692921718127554e-06,8.891617991425162e-08,7.788415125558073e-06,3.0589990142160615e-06,0.00036364141190223297,0
0.942265761112331,0.05770522217530404,4.340111116201209e-06,6.959882765963492e-08,5.582138833638643e-06,2.3590368933141117e-06,1.6665826693911044e-05,0
0.6529023590330008,0.3470278104763578,1.3959567526045027e-05,2.1348332055817208e-07,2.688607111301507e-05,6.743109921421337e-06,2.2028258760361076e-05,0
0.6727368080601663,0.32721338177739934,1.0607128830609263e-05,1.7009788728434338e-07,1.6357309147299573e-05,5.7348750725647255e-06,1.6940751496475827e-05,0
0.7109373048716823,0.2890192594134104,1.1985663299437973e-05,1.922043219700188e-07,1.8244288581331995e-05,6.480196741435503e-06,6.533361963363369e-06,0
0.8299363332451722,0.1700154647123055,8.046464088255034e-06,1.494814557160904e-07,1.4000277605139065e-05,5.0397890760622105e-06,2.0966030296942684e-05,0
0.813788741741767,0.18616400495800814,7.888088624845923e-06,1.4653926961292242e-07,1.372471551609593e-05,4.940592842579906e-06,2.05533639719945e-05,0
0.7910176497251978,0.20893764598522116,7.938687054339075e-06,1.4747925105254937e-07,1.3356825886636122e-05,4.972284453880043e-06,1.82890129350691e-05,0
0.7166910926593174,0.283265946897596,7.749625324031918e-06,1.4479429226655827e-07,1.222821361834757e-05,4.881760676903883e-06,1.7956049174969576e-05,0
0.7201656980175313,0.27979131177974714,7.754993658352401e-06,1.448945944277704e-07,1.2236684368364605e-05,4.885142378894679e-06,1.7968487721481923e-05,0
0.6624466482449531,0.33751041793436104,7.357789458132302e-06,1.3747321614799422e-07,1.3755471468856685e-05,4.634929528045949e-06,1.7048157014713528e-05,0
0.6637635435702981,0.336187634412592,6.983138779129866e-06,1.469127459357893e-07,1.6133033769103378e-05,4.9531846512637015e-06,2.060574716469828e-05,0
0.6061674558977336,0.3798513415905756,7.523896836522494e-06,1.582893279587451e-07,0.01396000027907429,5.336747773040596e-06,8.183298678954102e-06,0
0.587621646712192,0.2997057930312248,6.553881055446646e-06,1.3788193144175085e-07,0.11265253497670696,4.648709423771652e-06,8.684807465702476e-06,0
0.7758730202868733,0.2231266429753646,8.310649193028767e-06,1.8844747892051195e-07,0.0009800336315245542,5.6704539577075596e-06,6.133555607581459e-06,0
0.7143944883766601,0.285170638765987,8.976468825110368e-06,1.892277699404815e-07,0.0004127023646512931,6.3798418557346e-06,6.624954250832768e-06,0
0.5559896169696183,0.4439533752328952,1.4695089814052646e-05,2.391624713929806e-07,2.5441799530177598e-05,8.06339759641932e-06,8.568348074563343e-06,0
0.29599005057961364,0.7039770597477232,8.60923019064733e-06,1.611779388591782e-07,1.1933681161955637e-05,5.559888259025485e-06,6.625695112666595e-06,0
0.3805109010822398,0.6194525550828354,9.602461079421243e-06,1.7977273815235543e-07,1.3310447781543779e-05,6.061064080315269e-06,7.390089245448401e-06,0
0.5583389487140523,0.4416247215683839,7.796500211976892e-06,1.9678989335515828e-07,1.2313717020552674e-05,5.921480276652006e-06,1.010123016122447e-05,0
0.7118579942926788,0.2880978688255917,1.0699820758001175e-05,2.426229527818433e-07,1.3439981874040174e-05,7.300613893661104e-06,1.2453842251045942e-05,0
0.5141077100922652,0.4858561322473656,1.0144413264993512e-05,1.8991891084101918e-07,1.1850401330762893e-05,6.403143771974734e-06,7.569783090438134e-06,0
0.38419317652248053,0.6157766586693785,9.257002034673738e-06,2.2161369076189844e-07,7.883796025969e-06,5.843010667755607e-06,6.959385721842773e-06,0
0.28142794487175493,0.7185420531787282,9.6748109024868e-06,2.58658787817038e-07,6.563634399363949e-06,6.231352280609114e-06,7.273493146495619e-06,0
0.2747980209225466,0.7251744928480701,8.831041038734613e-06,2.400913850337741e-07,5.879675021330173e-06,5.7840447344208135e-06,6.751377203588544e-06,0
0.16937273158009356,0.8305979941356262,9.359945127742783e-06,2.5447081263727144e-07,6.231817441140095e-06,6.272323744230318e-06,7.155727154376022e-06,1
0.054901126804625736,0.9450850222903345,3.5164977855550535e-06,1.0641986329447473e-07,2.4350736692297825e-06,2.5636577711804955e-06,5.229255950352914e-06,1
0.027109590217610967,0.9728770252254587,2.6648230817936225e-06,5.07328828045643e-08,2.20144221873256e-06,1.7453011261455388e-06,6.722257620620428e-06,1
0.03976068326730392,0.9602274107772835,3.410896696009017e-06,6.493662694509123e-08,2.806458796300722e-06,2.2856302602856884e-06,3.338033033413736e-06,1
0.060345549645692186,0.9396371255386551,5.423188878668112e-06,8.975432806706534e-08,4.11039055112264e-06,3.0877080345568753e-06,4.613773860367807e-06,1
0.1469437001671332,0.8530208881366554,1.108492701555097e-05,1.8345667064385568e-07,8.40158443380544e-06,6.311234768721378e-06,9.43049332277624e-06,1
0.2963198368535944,0.7036076824015289,2.6183721949573023e-05,2.949241200572629e-07,1.9181751383596566e-05,1.0742788491697827e-05,1.607755893180049e-05,0
0.41603165232804595,0.5838925935938308,2.56456451276498e-05,9.529949373483081e-08,2.015327826281e-05,1.196054489950963e-05,1.7899310339228595e-05,0
0.04446269309651621,0.955517977808977,6.703361697805599e-06,5.739396103730452e-08,4.9480693381975235e-06,2.563042889392011e-06,5.057226620262406e-06,1
0.013196209315291295,0.986793720282265,4.193110255584803e-06,1.1262492942250473e-08,2.421393502568695e-06,1.5774625912498007e-06,1.8671736013814445e-06,1
0.020891365023014547,0.9790908980944759,3.566377878091237e-06,4.5318997523296696e-08,4.835510513975271e-06,1.8851620407648321e-06,7.404513078881382e-06,1
0.026281844203994206,0.9736686019044003,3.467750957942069e-06,1.0418950345850155e-07,2.9789223657803567e-05,3.2721087358027352e-06,1.2920618750443665e-05,1
0.02875190951254477,0.9711625589940708,4.0018065718802e-06,8.031445130995681e-08,6.896721264183168e-05,2.522304157512233e-06,9.95985556203695e-06,1
0.1477318640500852,0.8521511834082999,8.491054564426935e-06,1.8915561401012184e-07,8.437565814749492e-05,1.837009838407281e-05,5.526574904754524e-06,1
0.15637469124394374,0.8435362815763062,9.433452000117577e-06,2.1469528261946428e-07,5.3756989894258135e-05,1.9349273100602903e-05,6.2727694723901736e-06,1
0.16926308167810675,0.8306516962194291,7.411137245763222e-06,1.5050371277480774e-07,4.6883304486615885e-05,5.191677170704477e-06,2.558547984829896e-05,1
0.0888854767806245,0.9110536941344999,9.94772449488233e-06,1.365142727664223e-07,3.760755449852535e-05,4.709106641490054e-06,8.428184967863567e-06,1
0.219178399252439,0.7807862559701529,1.1095032487003193e-05,1.6785582713274282e-07,1.098821079337808e-05,5.774708685682496e-06,7.318969614800206e-06,1
0.11916983997083343,0.880793119594077,1.083362484442602e-05,1.575556694826186e-07,1.5071992374518308e-05,5.420354530321329e-06,5.556907670772138e-06,1
0.12310814226315002,0.8765426257177135,1.4541831525627566e-05,1.8421480046562966e-07,0.00032167116394868963,6.337574258945968e-06,6.497234602758934e-06,1
0.09754897236425276,0.9021088885807801,1.447209327974766e-05,1.8333136174424508e-07,0.0003148365109101876,6.1810435936154735e-06,6.466075821730003e-06,1
0.10795383226400529,0.8916699762855854,1.564572941843573e-05,1.981988938516455e-07,0.0003466747655394153,6.682304606521271e-06,6.990451951235701e-06,1
0.09667519708032662,0.9032036127705744,9.733857424295143e-06,2.0272600402593017e-07,9.148125649167797e-05,1.3430450368156688e-05,6.341858811070188e-06,1
0.09902034640399093,0.9008435245462504,9.228183913871485e-06,2.033290057439229e-07,0.00010550353738970948,1.3716131685371026e-05,7.477867763964089e-06,1
0.11487753023006779,0.8849390263676752,7.54270932657172e-06,1.5405586069851655e-07,0.00016439121390897493,5.3142097311475384e-06,6.041213429630821e-06,1
0.05468704286441451,0.9452381838418844,8.107276228454968e-06,1.3940881291809568e-07,5.1807252045764705e-05,9.802479268645143e-06,4.916877345142235e-06,1
0.07962839122681947,0.9201289787982803,9.97888664877129e-06,1.7629864615345214e-07,0.0002111492824041547,1.5107474440819591e-05,6.21803276019333e-06,1
0.05432536071155324,0.9455985913262209,7.279921945708827e-06,1.268183544973726e-07,5.269616430007988e-05,1.1472239292825985e-05,4.472818332817247e-06,1
0.04073613663460346,0.9591599518734348,8.473143131752757e-06,1.3116399019574033e-07,7.668955194292365e-05,1.2793482354798969e-05,5.824150542137329e-06,1
0.17986667567542963,0.8195410134231469,9.063819530153737e-06,1.8228563382552619e-07,0.0005581489324347289,1.942298657816944e-05,5.492877246700897e-06,1
0.1548518347597458,0.8447095424650535,7.89976990296015e-06,1.588750260357933e-07,0.0004065365579973947,1.657661045132305e-05,7.450961822720429e-06,1
0.13491600082007207,0.8647966994304176,7.474265720707642e-06,1.551765646512416e-07,0.0002575113114441384,1.7129208467288863e-05,5.029787313889408e-06,1
0.13066801696553876,0.8690713383096627,9.910639325071688e-06,1.696334110277677e-07,0.00022586985443906745,1.985482456471961e-05,4.8397730588387576e-06,1
0.11617359428209786,0.8834688005268881,1.0139016827067228e-05,2.0058972113815374e-07,0.0003211738460450688,2.1140439228483687e-05,4.951299192032482e-06,1
0.06366055797018157,0.9361722991146367,1.5716617828344888e-05,1.1674364718917239e-07,0.0001343758556466988,1.3602948519991515e-05,3.330749539453541e-06,1
0.07470222490951002,0.9241104629070866,2.0862216075384142e-05,2.1308924268677107e-07,0.0011375627181924826,2.328180820468848e-05,5.392351688071763e-06,1
0.06744047985587484,0.9323323451995064,1.6735582963175632e-05,1.6463939528670167e-07,0.00018918837072024372,1.7120933765337766e-05,3.965417775080381e-06,1
0.028286354691741584,0.9715380658657929,1.9915201562363884e-05,1.2871773765059052e-07,0.0001251333606991811,2.7031500586155816e-05,3.3706618802533196e-06,1
0.016735920537769188,0.9831079018695177,2.192349288291786e-05,1.2092859363304825e-07,0.00010865553318095647,2.2310946283167196e-05,3.166691772489296e-06,1
0.024767193938565243,0.9750323006836267,2.7203579473285782e-05,1.3989196056944493e-07,0.00014400580785457222,2.549282329856416e-05,3.6632752210523813e-06,1
0.02569187777657522,0.9727286743496562,2.8155227997761137e-05,2.3099887807796128e-07,0.0014785692948995983,6.712704439249136e-05,5.365307600648387e-06,1
0.0468793557886576,0.9508298542461282,3.602389383254133e-05,3.290608991400921e-07,0.0021511707144464915,9.562334574177095e-05,7.642950294488764e-06,1
0.05979338207881787,0.9384166134597427,2.9402830610055827e-05,2.8473192460917654e-07,0.0016501507308850092,9.691796363708275e-05,1.3248204382699747e-05,1
0.025570820558608546,0.974239049867207,2.0686788682155016e-05,1.7011817225334224e-07,0.0001247687406751716,3.520527343933397e-05,9.2986532152474e-06,1
0.02551758693340399,0.9742805678662093,2.683078824517015e-05,1.5588004195050827e-07,0.00013002330008420005,3.51588832723002e-05,9.676348743175512e-06,1
0.021204247399032268,0.9786159947420423,2.7163018461364115e-05,1.4005527424980495e-07,0.00010573719445136549,3.7365762888039896e-05,9.351827850458738e-06,1
0.01804104213694357,0.9817779701631487,3.36999948260725e-05,1.3913683086233955e-07,0.00010048634365905846,4.1290000402337797e-05,5.372224188920041e-06,1
0.01699829549953395,0.9827911313626848,3.4270259359409175e-05,1.347973735731499e-07,0.0001131348359041635,4.966961658226467e-05,1.3363628561784895e-05,1
0.02275456983306243,0.97706994475709,2.6407870391498872e-05,1.34417286183344e-07,9.915246930484682e-05,4.122968406978017e-05,8.560968795219958e-06,1
0.029193312088318952,0.9706203296525081,2.386265161382752e-05,1.520380086397518e-07,0.00011423980403169729,4.38435379720061e-05,4.2602275468113475e-06,1
0.030603136884119156,0.9692203485230982,2.336146287490726e-05,1.412395868512179e-07,0.00010863282670607962,4.063597652261362e-05,3.7430870918515134e-06,1
0.02082510061278774,0.9770062281019142,2.7225290484591074e-05,2.1559018982905373e-07,0.0020733885341348004,6.391246024158301e-05,3.929410247233973e-06,1
0.003681774919169966,0.9947611973226494,2.06460602048265e-05,1.3589565320392906e-07,0.001491815634227743,4.138553353376116e-05,3.0446345608883796e-06,1
0.005841165114942311,0.9932419277629292,2.704130620301515e-05,1.681206507374143e-07,0.0008474084118076366,3.58128066258494e-05,6.4764768411463e-06,1
0.004187704289271999,0.9950821000229191,2.2118913054016624e-05,1.345463818941011e-07,0.0006750076733728032,3.0278480950153784e-05,2.656074050120014e-06,1
0.005251122861781962,0.9902156376536545,2.466698622144533e-05,2.9660914835183725e-07,0.004472422994448173,3.287446040365713e-05,2.9784343419034454e-06,1
0.0044889247138203935,0.8484124933610215,2.171093858834726e-05,2.8527659410952226e-07,0.14704502936218988,2.893484370329507e-05,2.6215040826621604e-06,1
0.0020648398598793727,0.9822854483032631,2.7704073889364097e-05,8.415150443524662e-07,0.015555517203580704,6.208639950822003e-05,3.5626448350200142e-06,1
0.002083282028217537,0.9815777132277489,3.309631734733036e-05,8.79155864990899e-07,0.0162513127653209,4.9994504185181184e-05,3.722001314899249e-06,1
0.0019820187321711465,0.9824907685459366,3.040864429551105e-05,8.077617125271194e-07,0.015444906545473156,4.714143489291643e-05,3.9483355180540604e-06,1
0.0018293482568321028,0.9836600273379452,2.6425899195588924e-05,7.349709520991316e-07,0.014435053554532862,4.529840163001749e-05,3.11157891229451e-06,1
0.8416557537072281,0.14057808353687648,1.4968620288343514e-05,2.2601613206988007e-07,1.4812486660591537e-05,7.92549741625975e-06,0.017728230135398208,0
0.7533884896658855,0.23573616162562494,1.6450716817016666e-05,2.6711420633701786e-07,1.787345542406029e-05,9.366645348641606e-06,0.010831390776693619,0
0.5949810235696378,0.39620266879133853,1.493299222814429e-05,2.424705507745156e-07,1.6224470575135627e-05,8.502489207665708e-06,0.008776405216462004,0
0.6191923247717294,0.3739946336575005,1.4512611482203042e-05,2.3564472849816915e-07,1.5767733242210293e-05,8.2631344486952e-06,0.006774262446868345,0
0.6267754198676809,0.36732131412932273,2.188888131682479e-05,2.1957439936309083e-07,1.3830800739792176e-05,7.69961116886521e-06,0.005859627135371365,0
0.5984347009279972,0.4002549614626625,1.7910179190844745e-05,2.3837952622172178e-07,2.436522671718793e-05,8.079821397536598e-06,0.0012597440025086636,0
0.9002694972792371,0.09938878870292531,7.044652901303671e-06,9.000586849735464e-08,7.573269179534168e-06,3.096487762661274e-06,0.0003239096021255146,0
0.948829165445913,0.050940920509487723,3.4368164749747385e-06,5.8324130537505405e-08,4.378640702057835e-06,2.0065353458874986e-06,0.0002200337279457989,0
0.820503304933622,0.17924023830476643,8.317207701273117e-06,1.3337628689953093e-07,1.2316986425757344e-05,4.520759789632519e-06,0.00023116843140804063,0
0.7119223327332334,0.2880254516399208,1.1159891454249174e-05,1.789620913448779e-07,1.6987318527228277e-05,6.065880564135806e-06,1.7823574208744692e-05,0
0.6689122288426678,0.3310375780008569,1.063977883027668e-05,1.7062146874092334e-07,1.638410363750414e-05,6.005755401378644e-06,1.6992897137351762e-05,0
0.7758681395486718,0.22408868947020957,7.733356511840344e-06,1.4366476706815104e-07,1.263430536448578e-05,4.8436785701382e-06,1.78159759048877e-05,0
0.7800805117303473,0.21987361358150703,8.314256431102025e-06,1.544563103602341e-07,1.3044215066718538e-05,5.207517025796471e-06,1.9154243311656264e-05,0
0.7143010676874052,0.2856551858744294,8.368083300715418e-06,1.554562674517216e-07,1.070341912904865e-05,5.24123072494442e-06,1.9278248743269235e-05,0
0.6992755214779774,0.3006814201809525,8.20137973296266e-06,1.5323488870630875e-07,1.0534615938608129e-05,5.166336616633142e-06,1.900277389295238e-05,0
0.7296454581367583,0.2699739323002218,1.0374127411898268e-05,2.0449677765962963e-07,0.000357221630192105,6.153383260211246e-06,6.655925377890712e-06,0
0.3213320302512456,0.6786245221629054,1.038053699209956e-05,1.9433950766651052e-07,1.8180002085204055e-05,6.703807944112421e-06,7.9888993199562e-06,0
0.3940123860109356,0.6059518666105056,9.393179780091384e-06,1.7585467257380906e-07,1.3020352587890402e-05,5.928965928023005e-06,7.2290255903438204e-06,0
0.4952597062017064,0.504700116115796,9.890246574275556e-06,1.9495842632305387e-07,1.3660721267187772e-05,6.11070074444369e-06,1.0321055485189009e-05,0
0.6947899126100814,0.3051645691283776,1.0441411725229057e-05,2.367634188723814e-07,1.5562715805273867e-05,7.124298363002058e-06,1.2153072228521706e-05,0
0.681842658957152,0.3181119914404968,1.020270265915751e-05,2.935448830318934e-07,1.5927662402651947e-05,6.961424351958309e-06,1.196426805443655e-05,0
0.5059156183889731,0.4940512259397358,1.018819235847141e-05,2.0039875870925315e-07,8.67685133120483e-06,6.4307770931361505e-06,7.659451749643326e-06,0
0.3892978088739881,0.6106699789392368,9.841748916839456e-06,2.3378544086420583e-07,8.381800145288427e-06,6.355855638574596e-06,7.398996633387702e-06,0
0.23441185181476143,0.7655603935272425,8.202271428607486e-06,2.440993389923281e-07,6.5636058288431956e-06,5.880600406280985e-06,6.864080993376783e-06,0
0.0881987610266912,0.911782562315984,6.046040809779268e-06,1.640458195718018e-07,3.832910435078747e-06,3.893469600391657e-06,4.740190659939977e-06,1
0.26566810841404315,0.7342471722559998,1.8188213237554465e-05,6.499997340891265e-08,1.309685335019491e-05,8.346587959808572e-06,4.5022675436210296e-05,1
0.2268619681083024,0.773096425166247,1.096212034453656e-05,5.203534183281019e-08,1.100407444319695e-05,6.530685714704776e-06,1.3057809606271535e-05,1
0.011943027154298357,0.9880438536441625,4.7447604595765445e-06,4.391951062160475e-08,2.785437490905467e-06,1.7849953073507581e-06,3.76008877064578e-06,1
0.012090836648096745,0.987893836773443,4.990905830122228e-06,4.61863403265737e-08,3.5930863645786544e-06,1.8775960477028578e-06,4.818803877289463e-06,1
0.014534406240976855,0.985452103456833,4.452633101660188e-06,4.741116215222814e-08,3.004333296187388e-06,1.9269044841347336e-06,4.0590201459158655e-06,1
0.01814366895956117,0.9817905877596492,2.527508187032346e-06,7.740426651376516e-08,5.133612192667862e-05,2.384912215123274e-06,9.417334194220865e-06,1
0.010471381533203613,0.9894727398581429,2.159662472552243e-06,6.613908926700192e-08,4.35682230764011e-05,2.037819476810763e-06,8.046764538722159e-06,1
0.01417894612611412,0.9857561587041591,3.1367154301859934e-06,6.201008834815038e-08,5.224143125484943e-05,1.910600330229565e-06,7.544412623351226e-06,1
0.032373212679861985,0.9675488819869115,3.8120603649120026e-06,8.330236166409469e-08,5.685251536902275e-05,7.553710120554867e-06,9.603745010219001e-06,1
0.044137663137004644,0.9557728695757008,6.092972781759643e-06,9.95081351176551e-08,6.820342051316876e-05,8.958741489957474e-06,6.112644374648025e-06,1
0.12346765283123042,0.8764468459646507,8.1996293982163e-06,1.8661479922757593e-07,5.2355440820744995e-05,1.799467024245137e-05,6.76484885837357e-06,1
0.1591706357310744,0.8407507664990562,6.637644695036357e-06,1.3479579955884346e-07,4.4260351660559925e-05,4.6498273190350405e-06,2.2915150395050045e-05,1
0.13956573340414188,0.8603574979731915,9.300476509342768e-06,1.6303708147873244e-07,5.517291183632702e-05,5.738790317194455e-06,6.393406921951766e-06,1
0.10671576201201179,0.8932495826387433,1.2270235432268088e-05,4.136006482045366e-08,9.559712300098061e-06,5.927085214289887e-06,6.8569562334167424e-06,1
0.13363263508161816,0.8662825287215188,1.1883063497646753e-05,1.728159319640484e-07,6.073970262169819e-05,5.945416976175359e-06,6.095197835498257e-06,1
0.1995706520856031,0.8001265770051645,1.0893566546164482e-05,2.023728891846585e-07,0.00027767791712888894,6.859384386873191e-06,7.137668281524355e-06,1
0.0958089703202861,0.9038125833731298,9.956325550128561e-06,1.8602436264057747e-07,0.0003554710605094641,6.271838511514448e-06,6.5610576503598705e-06,1
0.11862679884053211,0.8813214729299087,7.104401719902057e-06,1.47964275897081e-07,3.004474738647348e-05,9.80241547985288e-06,4.62870069704207e-06,1
0.09732193817376932,0.9025570400682655,9.71779888963183e-06,2.3393515626116037e-07,9.133033431721212e-05,1.3408293340024896e-05,6.3313962621434665e-06,1
0.09107248190518422,0.9087927958149239,7.114131612784355e-06,1.6361036558426635e-07,0.00011420603431111391,5.643795652838067e-06,7.59470794969099e-06,1
0.0453684444749847,0.9545595458875272,7.506172762917e-06,1.4024719230814546e-07,5.4591876342652755e-05,4.824894633678464e-06,4.946446556322533e-06,1
0.08455809271690236,0.9153140711093187,1.3327977612310841e-05,2.2917889980172563e-07,9.00810930950756e-05,1.6114811011261364e-05,8.083113160561788e-06,1
0.0738993903668681,0.9259770352029975,1.2883655616397562e-05,2.2153863890519965e-07,8.707801098897395e-05,1.5577582843525308e-05,7.813642046701549e-06,1
0.14153931364433978,0.8582198483187014,8.215251187284655e-06,1.7549059561081992e-07,0.00021188369562455487,1.5376197394338224e-05,5.187402157000185e-06,1
0.11973836880570352,0.8800231650918643,9.172365774121925e-06,1.5660840121516854e-07,0.00020799230280823283,1.6676666043241353e-05,4.468159405607384e-06,1
0.10646132625632747,0.8924829928357159,2.7213868480235615e-05,1.876464817808133e-07,0.0010037570716832885,1.897559807539196e-05,5.546723235824905e-06,1
0.07478112288972684,0.9250605733283903,1.8583063739682974e-05,1.2146029496074306e-07,0.000121737442374265,1.4396497820643516e-05,3.4653176531896745e-06,1
0.050552764475709264,0.9492980730838048,1.3275213982989982e-05,0.0,0.00010923582513287454,2.2979992326378347e-05,3.6714090438361473e-06,1
0.032368525793890504,0.96747601778071,1.544730418442455e-05,1.3755457322450114e-07,0.00011274155694082844,2.37346902117323e-05,3.395319489220503e-06,1
0.03495660213541794,0.9648359534075279,1.7864964447669924e-05,1.4368712362243497e-07,0.00015529274568926103,2.98957550693975e-05,4.2473047239104955e-06,1
0.024313901258053567,0.9755298773954846,2.182171058117399e-05,1.2036845955914342e-07,0.00010848287119865842,2.264437237819828e-05,3.1520238440032706e-06,1
0.02399426062011795,0.9758511500127866,2.0554172199753226e-05,1.2231769908904478e-07,0.00010990365812338226,2.0806151546470435e-05,3.2030675268619336e-06,1
0.026437488602278635,0.973354292390286,2.9101843365585462e-05,1.7279783879527183e-07,0.00013394236874021047,3.63560599725282e-05,8.645937518275792e-06,1
0.05813333573050874,0.9315014687270536,4.1861668069456104e-05,3.598437337175844e-07,0.010198732153101296,0.00011645487635601614,7.787001177211965e-06,1
0.05692931756649412,0.9318784520275974,4.063156735635102e-05,3.6180769831950426e-07,0.0110128599148591,0.00012933741134060533,9.039704654340084e-06,1
0.054889552989214996,0.9256463749356062,4.0359837647844226e-05,3.593880550028281e-07,0.019300511644308023,0.00011386195489621943,8.9792502719342e-06,1
0.005817993397400418,0.9930809927134808,2.1405302981846954e-05,1.5897061980192166e-07,0.001027455821545662,4.843218304556775e-05,3.5616109257627346e-06,1
0.004502237386522119,0.9944879428719637,1.900918921400144e-05,1.2958357866997049e-07,0.0009558980174002524,3.1575511833414575e-05,3.2074394878143487e-06,1
0.005841156040430889,0.9932403847171428,2.466232472180478e-05,1.681203895544593e-07,0.0008496863057549527,3.877716485914381e-05,5.165326700679852e-06,1
0.005990732565274727,0.9932883859270533,2.116835972035192e-05,2.530288871001271e-07,0.000663449645256287,3.3198929119473575e-05,2.811544688650328e-06,1
0.00642499309730461,0.990227707178604,2.5215717053554176e-05,3.1535017504084284e-07,0.0032836504238395276,3.495160854030455e-05,3.1666244830478822e-06,1
0.8021252295595241,0.19026883659848515,1.2285534086353275e-05,2.3832361864921108e-07,1.5763526940981874e-05,8.233574934163568e-06,0.007569412882410507,0
0.7490092302508876,0.24042728477332992,1.5782807442667096e-05,2.942025052692964e-07,1.945954473250551e-05,1.0316525524151677e-05,0.010517631895578172,0
0.836703736822719,0.15789233421677457,8.217693699836356e-06,2.2269158806752746e-07,1.0529448688594234e-05,5.991249473046098e-06,0.005378967877057002,0
0.7785043162122424,0.21662408050125004,7.408192063258449e-06,2.0075487302588675e-07,9.492222642331417e-06,5.401068525601694e-06,0.004849101048403564,0
0.9146001859053982,0.0850763919824231,6.3435773392635795e-06,8.104859044153855e-08,6.25776009068755e-06,2.8528532394566504e-06,0.00030788687291866384,0
0.6822987265740997,0.31765066040942164,1.0757892844603884e-05,1.7251556700413603e-07,1.6565986389265086e-05,5.935083467502775e-06,1.7181538210437836e-05,0
0.7031737260691526,0.2967746214740627,1.100463556406397e-05,1.7647237906451555e-07,1.694594337445446e-05,5.949791992427863e-06,1.757561347441272e-05,0
0.8068574600239482,0.19310796304054625,8.775659430572567e-06,1.4072810394833088e-07,1.1845201874168734e-05,4.744668544844799e-06,9.070677552181236e-06,0
0.7956565514662759,0.20431049951590513,8.31246215239748e-06,1.33300186396686e-07,1.1417111645439996e-05,4.494235221491493e-06,8.59190861332098e-06,0
0.6625737992874516,0.33739225182991983,8.308245660509846e-06,1.5434464656254117e-07,1.033420364353465e-05,5.203752264575031e-06,9.948336413231367e-06,0
0.7089406880966272,0.29043272147377347,9.910814804286583e-06,2.242818868661486e-07,0.0006027805575338664,6.748724473829202e-06,6.926050900444161e-06,0
0.7233184583482257,0.27640751742612224,1.0245282560941255e-05,2.323161072732074e-07,0.0002482730872953791,6.990477121119951e-06,8.283062567357276e-06,0
0.3358441191080971,0.6641171574818965,9.251832574312539e-06,1.7320843698869396e-07,1.620324031608128e-05,5.974884416526687e-06,7.120244262654921e-06,0
0.4839142365855612,0.5160459067045055,9.619451418484257e-06,1.762824833776648e-07,1.4079121627355794e-05,5.9433896316561065e-06,1.0038464772505273e-05,0
0.6718402596390824,0.3281110538548825,1.1226541189506155e-05,2.545665609293631e-07,1.6732935603557263e-05,7.660001456059746e-06,1.2812461225209452e-05,0
0.4874629512263606,0.512502294697666,1.03275424782059e-05,2.0313973473701313e-07,8.795529918080585e-06,6.518734752982376e-06,8.909129089383455e-06,0
0.2991521585750443,0.7008179737317979,9.522457453182622e-06,2.5888906968406473e-07,6.5694779510047905e-06,6.236900004115399e-06,7.279968679748198e-06,0
0.1896353361749623,0.8103371506671859,8.771781391329478e-06,2.3848028043583303e-07,6.051591695178771e-06,5.745231592229096e-06,6.706072892258898e-06,1
0.12508580519023357,0.8748826923538845,8.481686050538157e-06,2.3059339690115823e-07,5.538828867177942e-06,5.555228576613567e-06,1.1696118990571947e-05,1
0.12173042664401626,0.878241472229423,7.565915941587843e-06,2.0569616079207143e-07,4.940799903958908e-06,4.955428931998507e-06,1.0433285622480907e-05,1
0.0908657978605385,0.9091132260256324,5.647585468410419e-06,1.5354210350284629e-07,3.6880649950845013e-06,3.6989848475929437e-06,7.787936414336174e-06,1
0.06526186774331218,0.9347233423127833,4.321094782404396e-06,1.3076940298808117e-07,3.409189774751741e-06,3.150238929318697e-06,3.7786510151129775e-06,1
0.06300408819473821,0.9369810861375198,4.331532015133533e-06,1.3108526523169466e-07,3.417424379380589e-06,3.157848060456383e-06,3.7877780215853923e-06,1
0.054610313677807394,0.9453773442909019,3.866848716494607e-06,1.0918480664796315e-07,2.580779730642155e-06,2.630265341380339e-06,3.1549526957222827e-06,1
0.032588996613936466,0.9674001818241219,3.113752275810155e-06,5.9279593594932475e-08,2.5619707199498542e-06,2.0393231320451953e-06,3.0472362199309536e-06,1
0.12087920042152443,0.8790935672816894,8.656732956340083e-06,1.644767966286228e-07,7.780932529530512e-06,5.65829344818782e-06,4.971861055537079e-06,1
0.09245034616144893,0.90752276639397,8.521043057239484e-06,1.4102413010938507e-07,6.124626285765666e-06,4.851480134526508e-06,7.249270973246157e-06,1
0.19587236963040894,0.8040623648788991,1.5540050597089883e-05,5.5536124543469185e-08,1.1189981174426816e-05,7.131343662755869e-06,3.134857913297765e-05,1
0.2190705168691835,0.7808416158422025,1.623571626059885e-05,5.8022253831650875e-08,1.1690911697768756e-05,7.450585282328879e-06,5.243205311942312e-05,1
0.012417995403136034,0.9875679854927396,4.249862598969976e-06,4.647283160577014e-08,4.788034217822551e-06,1.566838294010726e-06,3.367896181760175e-06,1
0.02248757189376543,0.9774545953854565,3.979379796541427e-06,7.343332204924467e-08,4.236718629248144e-05,2.3061998243618925e-06,9.106521542784253e-06,1
0.02173711765569513,0.9782090577903826,2.0168638427313147e-06,6.059721267939182e-08,4.2329309704481015e-05,1.9030772044374867e-06,7.514705957705462e-06,1
0.0117924302669995,0.988157329919007,1.8617740773566957e-06,6.605116363562002e-08,3.824081123286616e-05,2.0351103895504652e-06,8.036067130268401e-06,1
0.09226091099890996,0.9076227954110065,7.4018578975759336e-06,1.682427991900522e-07,8.627371626793612e-05,1.6536364692954925e-05,5.913408425835458e-06,1
0.16608376647452983,0.8338519674535291,9.70315364118953e-06,1.4398360898359894e-07,4.1505104730230615e-05,5.987259266379635e-06,6.926570694260322e-06,1
0.10671472879003724,0.8932409341965625,1.2270116631852457e-05,4.1359664372318957e-08,1.9241619431440437e-05,5.927027828252689e-06,6.856889844368627e-06,1
0.18505925005558949,0.8148905715789829,1.5774152520414713e-05,5.637274431432563e-08,1.0091395321525137e-05,7.238773252956439e-06,1.701767158832799e-05,1
0.17882919486981347,0.821136470578136,1.2284428077367787e-05,4.5649067152258975e-08,8.171728878830344e-06,5.72917752128386e-06,8.103568505885302e-06,1
0.20870460758474202,0.7912600746756872,1.314551847755375e-05,1.5364333085069176e-07,1.1313897100810089e-05,5.285759167949722e-06,5.4189214934051e-06,1
0.16823306492263299,0.8317265389477057,1.2505127436379117e-05,1.6931883866555527e-07,1.6010934653768285e-05,5.738960116659489e-06,5.971788615900324e-06,1
0.07922658826759087,0.9207072206278848,7.094149724397372e-06,1.3254885173648604e-07,4.982062229921174e-05,4.4688536171208795e-06,4.674930031938814e-06,1
0.08528684482602346,0.9146194919931488,6.232555346812086e-06,1.311232877393587e-07,7.832811054229031e-05,4.420791059493712e-06,4.550600591123722e-06,1
0.06619671450214545,0.933753202202953,7.057441231738254e-06,1.0263784227980298e-07,3.584282085071562e-05,3.460410910518088e-06,3.619984066260849e-06,1
0.04874795932716074,0.9511847851638461,7.010609792961397e-06,1.3098797095215443e-07,5.098768107159952e-05,4.506351590517896e-06,4.619878567068678e-06,1
0.05790659580145286,0.9420239084524773,7.501765711415137e-06,1.4016484986559638e-07,5.208821130418757e-05,4.822061823961277e-06,4.943542380597639e-06,1
0.07843257320003737,0.921447521451867,1.2512800306382755e-05,2.151616615116966e-07,8.449069961929251e-05,1.5097959713232948e-05,7.588726795172615e-06,1
0.04433982711950795,0.9555852707191079,7.4931048777126775e-06,1.3394772512974537e-07,5.213977924489258e-05,1.0411061957439053e-05,4.724267579200478e-06,1
0.04190401552232772,0.9580144608402014,8.600392913479102e-06,1.2860368929173132e-07,5.6625110481318966e-05,1.1633744211099591e-05,4.535786175524823e-06,1
0.13793324473492594,0.8617778069374842,7.5990889797480255e-06,1.5737766461390359e-07,0.00026028575506358524,1.580497361519169e-05,5.101132266612663e-06,1
0.10379881279727501,0.8930258581676271,2.1048112149101985e-05,1.5528469567150385e-07,0.0031289349147713,1.8405857812248382e-05,6.784865669546102e-06,1
0.0755136131715996,0.9234200031074269,2.084662862982427e-05,2.1293003059934126e-07,0.0010170350225301708,2.290081705276196e-05,5.388322730262402e-06,1
0.03326364721752716,0.9665563914015225,1.6085204697339214e-05,1.2353841379091754e-07,0.00013175884159140962,2.792439154685776e-05,4.069404700894912e-06,1
0.019839159856033784,0.9800028392273098,2.5459097991791166e-05,1.204596619248004e-07,0.00010823419341957844,2.10327534719459e-05,3.154412111097765e-06,1
0.01877976436283215,0.9810483501794193,2.555776849895548e-05,1.1744563247291953e-07,0.0001230730450536487,2.0110958295254977e-05,3.026240268604278e-06,1
0.026445181796480723,0.9733471463661354,2.005676336940699e-05,2.057553599308882e-07,0.00015725035086704175,2.5629421608447154e-05,4.529546178987836e-06,1
0.08470784255597726,0.9136784404509097,3.2040522224354016e-05,3.068411604383289e-07,0.0014692761077515228,8.421039089345048e-05,2.7883131083341095e-05,1
0.014544480805092094,0.9852786754582058,3.214768084972686e-05,1.3551698722786543e-07,9.415749418066744e-05,4.333009208326984e-05,7.072952601196411e-06,1
0.06640638953587992,0.9235731100857681,3.473092243219034e-05,3.0914158313524877e-07,0.00986643230801317,0.00011130415572290102,7.723850600464467e-06,1
0.004952224270679637,0.9934249884262278,2.0977508791000876e-05,1.497057444358453e-07,0.0015527148041924856,4.559124563939491e-05,3.3540387254985405e-06,1
0.004193743093728409,0.9950428397226685,1.5577691041483087e-05,1.2070448344963794e-07,0.0007153003066037029,2.9430816443699663e-05,2.9876650309112073e-06,1
0.0044866966177688405,0.9947809813114605,1.9143551799083286e-05,1.3450566723030964e-07,0.0006797963280652854,3.05924149354256e-05,2.6552703037803983e-06,1
0.004631006051636534,0.9891601079788525,1.902164747150286e-05,5.899417094426026e-07,0.006131261288660531,5.4923363924676014e-05,3.089727744894949e-06,1
0.0018813536114636405,0.9861886756325939,2.4963583940246036e-05,6.692029459858276e-07,0.011852022458382402,4.930126341079256e-05,3.0142472630068037e-06,1
0.7446806904500889,0.24470309744293,1.5053401838424296e-05,2.8601269675095526e-07,1.7612706609792125e-05,9.69433719331277e-06,0.01057356564864287,0
0.5881885867599238,0.41030343728908863,1.6089422215222655e-05,2.1414575499091496e-07,1.3845582344792614e-05,7.367294164543468e-06,0.0014704595065079859,0
0.7183052389855753,0.2807525422017647,1.0578923718360058e-05,1.5196807841274988e-07,2.1866876449094497e-05,6.176350851697162e-06,0.0009034446935623888,0
0.7168735263365593,0.28307042778482805,9.589485292556162e-06,1.5377876656885998e-07,1.476676567904525e-05,5.2904780186818015e-06,2.6245370855655278e-05,0
0.6755766865404975,0.32436103466891425,1.0651905564308444e-05,1.7081593529934866e-07,1.6426359583795663e-05,5.876610738304457e-06,2.9153098766594292e-05,0
0.7378319165615851,0.2621302722880083,7.095538857933231e-06,1.3181584680432713e-07,9.79302282232085e-06,4.444190495696575e-06,1.6346582383934286e-05,0
0.5390916415623836,0.46087196294338056,8.885904339760753e-06,1.6602457231501345e-07,1.2962773692854921e-05,5.597542664424551e-06,8.783248966505224e-06,0
0.6827886109071297,0.31688541086197786,1.0456255724821421e-05,2.3710001282976143e-07,0.00029598009895094953,7.134426598989608e-06,1.2170349604795478e-05,0
0.651413981590299,0.34853584098465423,9.891482730436637e-06,2.8459068524474486e-07,2.18788312530479e-05,6.749075324157562e-06,1.1373445053960942e-05,0
0.3995741774067126,0.6003912884601519,1.0556136579792264e-05,2.5271512082117614e-07,8.990213819293538e-06,6.7989965296378125e-06,7.936071086087617e-06,0
0.3345704892654931,0.6653989920958807,9.027956992523152e-06,2.3871646577718174e-07,7.224334338900395e-06,6.472573849842965e-06,7.5550569791277595e-06,0
0.29078638065139795,0.7091775704081515,1.1737761245296682e-05,3.1847797576982096e-07,8.56357869197949e-06,7.672457129277262e-06,7.75666540814938e-06,0
0.1829086359891448,0.8170637541975818,8.822811700021483e-06,2.3986765225743655e-07,6.086797154424278e-06,5.778654785144997e-06,6.681681981538962e-06,1
0.08264004512310937,0.9173408300329777,4.705227596884017e-06,1.4239443722112695e-07,3.6242892228198155e-06,3.430426271662412e-06,7.222506384463876e-06,1
0.10458279032525358,0.8953970225318799,6.8134258425592774e-06,1.8486709924724058e-07,4.978562742990877e-06,4.387642628812482e-06,3.822644552660293e-06,1
0.05138370624433108,0.9485997248939234,6.018386279615036e-06,8.010304778117727e-08,4.37172451227199e-06,2.7149643793422618e-06,3.383683526316226e-06,1
0.01935717062323065,0.9806329402814679,3.4407777358892986e-06,4.046911955875274e-08,2.108598942437717e-06,1.392209471164832e-06,2.90704003252331e-06,1
0.07542751941511061,0.9245516237570783,6.0012589139233286e-06,1.142519243547657e-07,4.937788320462729e-06,3.93046878508406e-06,5.873059867273023e-06,1
0.1142416560626502,0.8856690417339389,1.3844707584027222e-05,4.363495604657384e-08,8.792013139590256e-06,5.603125350127761e-06,6.101872238098473e-05,1
0.18667298893214768,0.8132917523810114,9.20727949364665e-06,4.369443705378783e-08,9.554987925321147e-06,5.485238874468357e-06,1.096748611044818e-05,1
0.1567218879704888,0.8432513943977826,1.093872568624187e-05,4.558517670504416e-08,1.0010725491427498e-05,5.722595374194011e-06,7.560265462125575e-17,1
0.03422224293767925,0.9657447495536077,7.050094474505227e-06,7.709375201867945e-08,1.842821159630968e-05,2.6130756992843876e-06,4.839033191084458e-06,1
0.013814162776005197,0.9861578979451698,4.442168914772415e-06,5.587786503790852e-08,1.750782068394623e-05,1.8839303675674342e-06,4.049480993594462e-06,1
0.10145486321726413,0.8984469221177478,7.062885246671059e-06,1.5734022027301167e-07,7.018393140526505e-05,1.5280304215724974e-05,5.530203900341713e-06,1
0.09627683882898042,0.9036325110431453,6.063110852664399e-06,1.3798992119212559e-07,6.798111223835985e-05,1.2436252150959222e-05,4.031662710939406e-06,1
0.08705018496474763,0.9128912780781171,5.784158836632557e-06,1.316412715230035e-07,3.696773203919034e-05,1.1686632159062649e-05,3.966792828926844e-06,1
0.17081138261742454,0.8291136654027056,7.596448096096983e-06,1.3316551318076998e-07,3.999077287900825e-05,4.593590031497699e-06,2.2638003349943152e-05,1
0.1518506325959205,0.8480858736759782,6.486752054308661e-06,1.1371257398997417e-07,3.3639686001672996e-05,3.9225542248856105e-06,1.933102324639582e-05,1
0.1847236203911644,0.815225777608217,9.180989144798362e-06,1.362352900912386e-07,2.076515253574668e-05,5.665061521687507e-06,1.4854562126150454e-05,1
0.1384497896662756,0.8614936523476252,8.964848645019607e-06,1.4181770419507308e-07,1.8969542197108335e-05,5.792365276755772e-06,2.268941227620772e-05,1
0.17460461662854854,0.825352474289622,8.473373875753575e-06,1.0315958905658328e-07,2.0462097538917825e-05,4.782901198791592e-06,9.087549626967482e-06,1
0.2512798784245019,0.7486560049553136,9.875443843178905e-06,1.8306707735768642e-07,3.960050878088494e-05,6.703000018268281e-06,7.754600464836386e-06,1
0.19192782707133524,0.8080336537994407,1.5073299116640959e-05,4.7303529742660214e-08,8.777411077259127e-06,6.7788107426464e-06,7.84230475797378e-06,1
0.18080727539734723,0.8191591337023428,1.1092532830896607e-05,4.1210088419497486e-08,9.966531984270228e-06,5.173304719489497e-06,7.3173206870378975e-06,1
0.1464328582162037,0.853532851617167,1.0523118958039017e-05,1.592033947432801e-07,1.1189103320639734e-05,5.4770408756028515e-06,6.941700080377009e-06,1
0.20907776488623397,0.7908888899649779,1.0339766677011e-05,1.5642947327665213e-07,1.0726120226378766e-05,5.302082835436945e-06,6.820749576156282e-06,1
0.19208766278252584,0.8078751892248297,1.3981906286787282e-05,1.6341893681959887e-07,1.1699978822719544e-05,5.538986494982165e-06,5.76370210316322e-06,1
0.12217212508872931,0.8777874645154216,1.1760466547979294e-05,1.739260826118381e-07,1.6446599594180555e-05,5.895119876930848e-06,6.134283747369026e-06,1
0.10291689031105791,0.8970013696708643,1.322323356249173e-05,1.6751278659740711e-07,5.57650630127822e-05,5.762907134358467e-06,6.821301581523815e-06,1
0.10444919120034946,0.8954591889098359,1.246274429588862e-05,1.5787885888796562e-07,6.724742011950066e-05,5.322848899597011e-06,6.428997640699059e-06,1
0.14905367549715606,0.8508792314976487,6.232784426629729e-06,1.4104959046336694e-07,5.206259317414967e-05,4.2441863389379875e-06,4.4123916650624696e-06,1
0.08678728036747609,0.9130680639304101,8.21742710308234e-06,1.678366155027292e-07,0.00012389923886882458,5.789581592698602e-06,6.581617933660576e-06,1
0.045452597732217666,0.9544806101221495,8.61312022976786e-06,1.2526240696192915e-07,4.9326445917299994e-05,4.3093762178450265e-06,4.417940861105709e-06,1
0.06074910801302217,0.9391233997835798,1.2764759447817657e-05,2.1949418070618422e-07,9.133258962337538e-05,1.5433825902873e-05,7.741534243631644e-06,1
0.06943935776643453,0.9304401180823695,1.19505404126356e-05,2.17464703213357e-07,8.539506893517601e-05,1.5291122336895446e-05,7.669954808327924e-06,1
0.04338974121462007,0.9565362940820885,1.1556702927193297e-05,1.9637587272773833e-07,4.054786135789707e-05,1.4737686800726003e-05,6.926076332884543e-06,1
0.04803907654253021,0.9518871072312753,1.0900510375180512e-05,1.9485895250865916e-07,4.0702905785006364e-05,1.5145375746876496e-05,6.872575334608627e-06,1
0.043551282545948845,0.9563681827706066,7.478618826934349e-06,1.283826932191206e-07,5.587749014920455e-05,1.2522200017773852e-05,4.527991757366887e-06,1
0.04030872504996003,0.959611114550629,7.515638236645438e-06,1.2918984829265109e-07,5.6228797623282084e-05,1.2600928365206622e-05,3.685845337738681e-06,1
0.17110608096447597,0.8285687440943831,7.752992513536303e-06,1.5890178616080324e-07,0.0002951858796186694,1.4624950396642793e-05,7.452216825944005e-06,1
0.1330374847641392,0.8666833164534791,7.297784305527422e-06,1.544069498683577e-07,0.00025166528137432335,1.5076468206626953e-05,5.0048415453048854e-06,1
0.13354647688453633,0.8662194637215257,7.259710260939729e-06,1.536013769920143e-07,0.00020666954087906003,1.4997811165161739e-05,4.9787302556075535e-06,1
0.0912296222470178,0.9073026864025354,2.1213615174871593e-05,1.556241587785463e-07,0.001423353116067052,1.8528916842138996e-05,4.440078203919172e-06,1
0.09275626527528463,0.9061972154515235,2.0476953343979804e-05,2.091541217306013e-07,0.0009980456800004146,2.2494714644531793e-05,5.2927710810771604e-06,1
0.061686440514309895,0.9381463711272255,1.2846153501091633e-05,1.2062494597124977e-07,0.00013819595140693178,1.2973175988233905e-05,3.0524526221069653e-06,1
0.04645338375445047,0.9533924092756327,1.5236973762366078e-05,1.13458801491078e-07,0.00012192106663237745,1.3220198897180024e-05,3.7152718233304244e-06,1
0.049926971534240215,0.9499225025969767,1.427207906476274e-05,1.1337242612989504e-07,0.00011967658235502499,1.2842858685907684e-05,3.620976251175381e-06,1
0.03838421165225441,0.9614535387367074,1.9027752223268455e-05,1.154511410652678e-07,0.0001261466053159643,1.36659286078542e-05,3.293873749801705e-06,1
0.03339134666496301,0.966448956149383,1.8625986068965883e-05,1.1301341955137744e-07,0.00011344904943884426,2.428481228435135e-05,3.2243244423644488e-06,1
0.031679989273351264,0.9681073213991341,1.8913857472599947e-05,1.2940804421986362e-07,0.00015955522368037435,3.0511033340773593e-05,3.5798049766313532e-06,1
0.026228311758877753,0.9717749141250585,3.4333227999375915e-05,3.720092609313814e-07,0.0019085068937597224,4.6701123572295136e-05,6.860861471396197e-06,1
0.02424838885573866,0.9733561582284169,3.5789820856057645e-05,3.0575097794178056e-07,0.0023036955182812228,4.711869258236769e-05,8.543133147033522e-06,1
0.03271058926689071,0.9670922275463045,2.3856273417807716e-05,1.5504842138513843e-07,0.00012871166922565517,3.480313297420799e-05,9.657062765916426e-06,1
0.026589667820502042,0.9732168523679884,2.3406132164432595e-05,1.4142245144161778e-07,0.00012207346891857722,3.390701510408597e-05,1.3951772870998216e-05,1
0.016990057802902195,0.9828308720296282,3.175098987581902e-05,1.546262005302561e-07,9.190760666269305e-05,4.68955843085816e-05,8.361360421946232e-06,1
0.01394046725122982,0.9858846226924912,3.1858765308031376e-05,1.342990777943079e-07,9.331128808688859e-05,4.2940678704293246e-05,6.665025101878998e-06,1
0.013943096123748076,0.985876801084279,3.183761402104262e-05,1.554383764090965e-07,9.343644328574297e-05,4.799933162063446e-05,6.6739646692035696e-06,1
0.027764636812373383,0.963311445050275,4.338370696735693e-05,2.6733512378381967e-07,0.008749936568984368,0.00010613616138257819,2.4194364893569745e-05,1
0.06217441286882859,0.9276991817762225,3.568426501116673e-05,2.863926631795504e-07,0.010001236640099604,8.30441881782253e-05,6.153868997015308e-06,1
0.07962499435842056,0.9066085457196691,3.954551479899156e-05,3.5199649749376576e-07,0.013603743763944368,0.00011405134856172077,8.767298107765237e-06,1
0.029192998351902432,0.9706098985324246,2.210277471096417e-05,1.5194708000347294e-07,0.00012788755882318313,4.2700653296012625e-05,4.260181762745461e-06,1
0.004897083738684877,0.9943492357683871,1.716731997232351e-05,1.2062034525610701e-07,0.0007046199428573028,2.9391448963489456e-05,2.3811607896184443e-06,1
0.005547913250755079,0.9886480333648437,2.120031352884862e-05,3.2228485019659647e-07,0.0057419608036142844,3.7608396816801006e-05,2.9615855910218167e-06,1
0.005619323455208697,0.9886930968006369,2.0774873318785454e-05,3.158173546012489e-07,0.005626733214779814,3.685368513670692e-05,2.9021535644977827e-06,1
0.8663811275668817,0.11705954331495284,1.552346867938329e-05,2.3891036163854256e-07,1.4883360453109583e-05,8.219275293237901e-06,0.016520464103378128,0
0.7081918169029462,0.28010428409591703,1.5066599266332373e-05,2.8626344618199284e-07,1.76281477989827e-05,9.702836289902273e-06,0.011661215154335299,0
0.6628865392113586,0.328838310972221,1.33999680346214e-05,2.5459766736419195e-07,1.5678164185583428e-05,8.629531709945377e-06,0.008237187554822856,0
0.7562555365976344,0.2377309403877177,1.0340923695096984e-05,1.7114335550755697e-07,1.0347771083231318e-05,5.887875033454221e-06,0.005986775301480347,0
0.876544456887166,0.12275478098141095,6.369354258553601e-06,8.477433398322831e-08,4.700673665176819e-06,2.916506623622261e-06,0.0006866908225418132,0
0.8888832946524273,0.11044237669548526,6.475566008482268e-06,7.601063657660325e-08,4.263784752766046e-06,2.61500733142154e-06,0.0006608982833579262,0
0.9025449667627333,0.09686847778235914,4.842341029305e-06,7.325855248138187e-08,3.878113287506797e-06,2.5203268970794367e-06,0.0005752414151411998,0
0.7019086144759406,0.2966054217323012,1.0998725183561666e-05,2.1255542468340777e-07,1.3596063785062013e-05,7.312581750586481e-06,0.001453843865614351,0
0.718396313864623,0.28059440691843146,1.1353434829052254e-05,5.470113203085738e-08,2.1500873317207617e-05,6.7819278866287136e-06,0.0009695882797804825,0
0.7058580484621917,0.29319652985843075,1.0596410401458279e-05,2.266279698657152e-09,2.369837858302521e-05,6.18656019746072e-06,0.0009049380639159043,0
0.7209127997704854,0.2784132854921587,9.790819127617651e-06,1.406468189508321e-07,1.7189029220784457e-05,5.63175519070493e-06,0.0006411624869978427,0
0.745063663859099,0.25471641468470113,9.966579576605109e-06,1.5982592052051455e-07,1.6534368212710198e-05,5.417264280077106e-06,0.00018784341820996127,0
0.7120588033739117,0.2878828923347754,9.596397716253144e-06,1.5388961547864957e-07,1.4777410060666738e-05,5.294291573268833e-06,2.8482302347355332e-05,0
0.7338861633226704,0.2660522593504416,1.0923069363097882e-05,1.751643683219568e-07,1.5164329533341757e-05,5.9371575809632725e-06,2.9377606042373726e-05,0
0.7198447921425731,0.2801203594582319,9.35517479952771e-06,1.5002131999974884e-07,1.0588588627780425e-05,5.084939510674311e-06,9.669674936926198e-06,0
0.7851288385334715,0.21483395929502253,7.918715939295766e-06,1.2698599901908576e-07,9.104677849970778e-06,4.304162393156383e-06,1.574762932451565e-05,0
0.6504570644027312,0.34951446506095013,7.260884800949512e-06,1.3488752549297003e-07,9.391015191153642e-06,4.54775259058009e-06,7.135996210444326e-06,0
0.49366746648070875,0.5062915502138841,8.35844901013921e-06,1.7619965012583008e-07,1.67794103907661e-05,5.940596896492193e-06,9.728649459650453e-06,0
0.7015387362961741,0.2983579242190161,1.1041497049522599e-05,2.5037060693600165e-07,7.191259671601763e-05,7.533743656993878e-06,1.2601276780377263e-05,0
0.6502310712197629,0.3497157850799592,1.0684645809377917e-05,2.4227885441547294e-07,2.2563798116666388e-05,7.458962633531181e-06,1.2194014864142978e-05,0
0.6592096576608809,0.3407398896036492,1.0670346491249623e-05,3.0939896263779114e-07,1.9923486973728092e-05,7.28050325384586e-06,1.2268999788224413e-05,0
0.36013985394542275,0.6398281258389168,9.78825648779256e-06,2.325147570443587e-07,8.336242912184265e-06,6.304420314066841e-06,7.358781189387447e-06,0
0.3578545853046619,0.6421079452367755,1.1613539864212332e-05,2.7587337983225235e-07,9.368972842798719e-06,7.4800488452133985e-06,8.73102363036261e-06,0
0.3524757637083421,0.6474884602619873,1.1088666949125427e-05,2.634053066383388e-07,8.945542937286154e-06,7.141988694020565e-06,8.336425783526708e-06,0
0.13104001501032414,0.8689258712491926,9.089810124667847e-06,2.4712659503598424e-07,6.150790915091127e-06,6.091299799024427e-06,1.2534713049544571e-05,1
0.15565284944400623,0.844312661883013,9.22697665053133e-06,2.508557704560039e-07,6.243607223634926e-06,6.04336968609272e-06,1.2723863649845423e-05,1
0.12147811219938273,0.8784927573739859,7.793450519208326e-06,2.1188219159459664e-07,5.273584815668572e-06,5.104456681933299e-06,1.074705242290968e-05,1
0.13916770982497514,0.8608023365319178,1.0525499415612977e-05,1.5923760357786822e-07,8.977361240413232e-06,5.478055917298815e-06,4.813488929952076e-06,1
0.04230550397959617,0.9576779191299519,5.935265280819631e-06,6.98083336674241e-08,3.1557067970807876e-06,2.4015304597107918e-06,5.014579580371785e-06,1
0.019727747992648415,0.9802617720398972,3.646363756275325e-06,4.2887144167500155e-08,2.23458745388509e-06,1.4753938052574076e-06,3.080735294834365e-06,1
0.05567096847844326,0.9443041221771638,8.78595360152433e-06,8.747319643700534e-08,5.114272578670316e-06,3.2593115908771727e-06,7.662333425753506e-06,1
0.08361014436342383,0.916335929755561,1.143924613835409e-05,3.304749799674808e-08,8.34647774531464e-06,4.243599411128893e-06,2.986351022242299e-05,1
0.05317472953404742,0.9467793510536852,7.64261394153691e-06,2.2079188249655125e-08,4.6083404297314235e-06,2.7710443367046752e-06,3.0875334371030957e-05,1
0.11195636145650675,0.8880032617328183,1.4017179908668082e-05,3.5194298490372976e-08,7.785769345569831e-06,4.4181627515052666e-06,1.4120504370777486e-05,1
0.0157443637117785,0.9841984225669542,4.836004071589347e-06,6.083190171729188e-08,4.489478204521249e-05,2.0509564365842434e-06,5.371146812140141e-06,1
0.013349442274804972,0.9866092672597121,2.151350196523036e-06,4.599070436208944e-08,3.194542814496404e-05,1.4443545704088377e-06,5.703341866521181e-06,1
0.10246832779093135,0.8974772430060208,5.8696693592869445e-06,1.028951323754175e-07,3.0483315800380993e-05,3.6218361124154158e-06,1.4351486643280695e-05,1
0.20163442396372203,0.7983286535855216,1.0231294947567552e-05,1.2456150262977733e-07,9.903866030294042e-06,5.689838143999609e-06,1.0972890131782706e-05,1
0.15532784662185672,0.8446371237607447,1.2402750569386241e-05,4.180674204120891e-08,9.662954539682654e-06,5.991096089567549e-06,6.931009457619326e-06,1
0.2306217607712634,0.769332149166765,1.8706276023562524e-05,5.8704658973966736e-08,9.179974487341329e-06,8.412644364194945e-06,9.732462437609126e-06,1
0.15688321086447216,0.8430413053427566,9.211297263194585e-06,1.7401546387448568e-07,5.4062894464582254e-05,5.898149401026063e-06,6.137436178669408e-06,1
0.10403206002079086,0.8958860429207126,1.3285648552060354e-05,1.683034637626162e-07,5.671702098235079e-05,5.790108634428482e-06,5.935976863740721e-06,1
0.07037268332131563,0.9295562874556482,7.789395508933729e-06,1.45538996291513e-07,5.305438945054783e-05,4.906813310631192e-06,5.133085769268417e-06,1
0.10547673860945408,0.8944547957882053,6.535287494068768e-06,1.3749230209123218e-07,5.238566602560976e-05,4.6355208926909755e-06,4.771635625969109e-06,1
0.1104986154526894,0.8892831447249505,8.567599201813668e-06,2.081483179468021e-07,0.00019504379824321978,6.525097695870148e-06,7.895178901140655e-06,1
0.09252297722660227,0.9073223957143178,8.165717256259974e-06,1.6678046914816342e-07,0.00013374985470645541,5.75314946210973e-06,6.791557185923015e-06,1
0.11700568115736237,0.8829188236153175,8.149383807107618e-06,1.5226510687773607e-07,5.658492174683908e-05,5.238344418736703e-06,5.370312240608873e-06,1
0.047650442328567195,0.9522760899198823,1.1337702817130692e-05,1.9550125739371757e-07,4.036727002143216e-05,1.4672048356018587e-05,6.8952290985415666e-06,1
0.04330345809677677,0.9566158630844748,7.39290807547798e-06,1.2878660569088943e-07,5.605328966389367e-05,1.25615968604038e-05,4.5422375431266965e-06,1
0.04723632326238827,0.9526977994563939,6.094873061484226e-06,1.0631572208937116e-07,4.6273026097178315e-05,1.0369830260258834e-05,3.0332360767523317e-06,1
0.03976759516868766,0.9601695080958844,5.144443249289628e-06,1.0104370808516902e-07,4.4958977313880484e-05,9.855608193391572e-06,2.8366629633373206e-06,1
0.1214512015547839,0.8782458043417752,9.290077124212359e-06,1.7086881967778306e-07,0.0002707447565977536,1.7159850435521863e-05,5.628550463561171e-06,1
0.08849506215372817,0.9112719135257538,1.7130770694772375e-05,1.9529340445955596e-07,0.00019537934936224516,1.6425243040805074e-05,3.893664015563916e-06,1
0.04888515616607412,0.9509400051981722,1.3425910691546633e-05,1.1127393380624224e-07,0.00014530695811636616,1.2965618512247779e-05,3.02887449959134e-06,1
0.042327631965432315,0.957518252157953,1.6050908232376602e-05,1.149785926709554e-07,0.00012137206095497009,1.3397284688816374e-05,3.1806441456625937e-06,1
0.033670676765418114,0.9661718690236074,1.6656935323283096e-05,1.1279397659945213e-07,0.00011322876060588258,2.4237657433929293e-05,3.2180636347859667e-06,1
0.030056490352753762,0.9697736348150853,1.8385894281982354e-05,1.2450178193963036e-07,0.00011794720900713278,2.9865134424859623e-05,3.5520926649191556e-06,1
0.03960926097942795,0.9499148154416776,2.8991133508227715e-05,3.2370414297357285e-07,0.01034933683592659,8.807246502927642e-05,9.199440287344551e-06,1
0.026078894877156804,0.9737085868543858,3.38636944086779e-05,1.500277691747158e-07,0.00012721424726772548,3.6228507446084914e-05,1.506179156545527e-05,1
0.016268205355900622,0.9835562397940926,3.0239180939388025e-05,1.3396993261445196e-07,8.7457339330579e-05,4.4274668375863346e-05,1.3449691428305447e-05,1
0.01376769177384577,0.986052737715173,3.3409287244632944e-05,1.3840713928676947e-07,9.714465291031299e-05,3.684324024540806e-05,1.2034923441438742e-05,1
0.0149737717434119,0.9848389367251511,3.1837662721379436e-05,1.3415663246364364e-07,9.416132407226838e-05,4.949305911843702e-05,1.1665328892579208e-05,1
0.017704942427573863,0.9820802151421518,3.388184598674394e-05,1.3550414796370784e-07,0.0001153932095637067,5.379662877040929e-05,1.1635241805444304e-05,1
0.050986111421752,0.9366739819403386,4.0479403519457414e-05,2.9214397033803176e-07,0.012210644564329881,8.173810802479864e-05,6.752418065011182e-06,1
0.0661249612626359,0.9206554874680304,3.4583733831867685e-05,3.078314504426304e-07,0.013074611107312563,0.00010235747958390722,7.691117154895804e-06,1
0.019292611310217755,0.9805428655624213,2.1239994688687267e-05,1.6951057862366776e-07,9.471146288381932e-05,4.533660320291831e-05,3.065556006763631e-06,1
0.01325411054940801,0.9850504927756775,2.8929202288523003e-05,1.119060126986982e-07,0.0015927243412726282,6.945422578887809e-05,4.176999551744486e-06,1
0.003195323592798633,0.9959924072644979,1.8575599046527407e-05,7.641223295952423e-08,0.0007519957317041917,3.876923963402927e-05,2.8521600861527334e-06,1
0.004705396091851115,0.994607123253891,1.8540271399142206e-05,1.2393317668690002e-07,0.0006384705823467018,2.789930808998922e-05,2.4465592453173636e-06,1
0.006237547488497878,0.9929501743961727,2.3823020140530477e-05,1.423734256060189e-07,0.0007534622460374481,3.203988835919028e-05,2.8105873666411717e-06,1
0.00623731716893136,0.9929135100093825,2.2716176698069456e-05,1.4236816851006418e-07,0.000791943950288361,3.155984294434356e-05,2.810483586547291e-06,1
0.0062922304703268974,0.9928962849372701,2.2715782617640695e-05,1.4236569870585223e-07,0.0007542567138124727,3.155929544391669e-05,2.810434830253856e-06,1
0.005136148858892366,0.9904138716703073,1.9568523922207596e-05,2.7223037626693374e-07,0.004394243185262567,3.316189909737648e-05,2.7336321421244184e-06,1
0.005057924441679298,0.9880946156013244,1.9838622935101524e-05,5.52928708198305e-07,0.006765058653580968,5.878732091823633e-05,3.222430853842839e-06,1
0.0017541005855566884,0.9859856757267513,2.3287459486104414e-05,4.811412795656467e-07,0.01218972575914781,4.39588082724613e-05,2.770519506021706e-06,1
0.8442668240451694,0.1285260424200681,1.115353074730849e-05,2.1927315527903874e-07,1.2804554092296991e-05,7.5436930206570316e-06,0.02717541248374704,0
0.8690316074951453,0.11424735147837746,1.504509479284525e-05,2.3154805875432803e-07,1.3612829791372761e-05,7.965988689080015e-06,0.016684185565144987,0
0.7988194739399098,0.1910588098719176,1.180325313240106e-05,2.3337982703916855e-07,1.4432514990784761e-05,7.91035769787782e-06,0.010087336682524374,0
0.7487928238755507,0.23955959999782114,1.1445860580993016e-05,2.2631328268083964e-07,1.3930083690732728e-05,7.670838737428336e-06,0.011614303030336417,0
0.8988673628057274,0.10044456139851587,4.574781830892532e-06,1.1028714871625757e-07,4.924976839026434e-06,2.9902109942839064e-06,0.0006754755389437601,0
0.7119806021062602,0.2878512758348331,9.595343799831152e-06,1.5387271467923272e-07,1.2897856698220682e-05,5.29371013208675e-06,0.00014018127556198582,0
0.7868121531005599,0.21315384978512253,7.239106535972852e-06,1.1608765644873718e-07,8.311036987592124e-06,3.9347654785250346e-06,1.4396117658858365e-05,0
0.6088951298698753,0.3910742740664174,7.564197483548642e-06,1.4052225160804086e-07,1.0366797123495514e-05,4.737728203175624e-06,7.78681864533199e-06,0
0.6880507930464601,0.31153611498785444,9.211033800707688e-06,2.3249385109327265e-07,0.00038471869732823415,6.995825498045556e-06,1.1933915207343334e-05,0
0.5187665733201263,0.48119928425517866,9.990975379166304e-06,2.3733023504443487e-07,1.0096640522922577e-05,6.3062939278925895e-06,7.511184629819873e-06,0
0.41962072622925833,0.5803480629758747,9.694297266351448e-06,2.3028280638259338e-07,7.754168801304786e-06,6.243903057997181e-06,7.2881429350494415e-06,0
0.3138488345213196,0.6861194345066809,9.267027591967115e-06,2.8044832083036423e-07,7.540996386513441e-06,6.756284208814239e-06,7.88621549154068e-06,0
0.12972978512148625,0.8702266949332798,1.493829859050631e-05,1.7569860451358025e-07,9.33349215173059e-06,6.044590068134883e-06,1.3027865819148442e-05,1
0.10036894590999605,0.8995975221299889,1.1557417456706892e-05,1.35933962400163e-07,7.082688885228077e-06,4.676560074685949e-06,1.0079359635879253e-05,1
0.06989341904186588,0.9300810693620847,8.788153233196615e-06,1.0336292650526139e-07,5.317526003429526e-06,3.6383021359631863e-06,7.664251750394324e-06,1
0.04319726618443456,0.956785807499082,6.060375367102427e-06,7.127983093589727e-08,3.222226275315712e-06,2.4521525749507175e-06,5.1202824351371285e-06,1
0.03164388355075752,0.9683391528868834,5.88307740600309e-06,6.919451972546602e-08,3.6053043087280824e-06,2.435498971392376e-06,4.97048715332498e-06,1
0.05153976486788247,0.9484336435353747,8.712856605165388e-06,8.67454407247112e-08,6.961347229538571e-06,3.2320627913776155e-06,7.598584675882333e-06,1
0.11195665205096526,0.888005566638262,1.4017216291726196e-05,3.519438984085971e-08,7.785789554349373e-06,4.41817421930929e-06,1.1524936317511022e-05,1
0.11212300673672924,0.8878419094556735,1.4230497740561911e-05,4.0842863289232916e-08,8.927360416526774e-06,5.127262795099354e-06,6.7578437816272866e-06,1
0.10747581187422679,0.8924919534060961,1.0368457877546484e-05,1.1749389282314491e-07,8.479313036228481e-06,4.772067035363896e-06,8.497387835126409e-06,1
0.06848722465869081,0.9314866059748089,5.3312417691195215e-06,7.553497881588698e-08,6.875810024374867e-06,2.8180565707925132e-06,1.1068723157079432e-05,1
0.06297318303803427,0.9369734084107781,5.935459166133252e-06,1.1294324500845747e-07,3.292717570553996e-05,1.0074885433949595e-05,4.358087636985287e-06,1
0.12212427389406262,0.877818061573439,5.621867704410461e-06,1.1416762828488473e-07,3.206650707454894e-05,3.938251478798895e-06,1.5923738612313635e-05,1
0.21607371380421103,0.783903657716434,7.296487706246436e-06,1.4746284900608323e-09,7.237709790253844e-06,3.9659546103312755e-06,4.1268526199376185e-06,1
0.27811633707585226,0.7218445625072769,1.4740328110264264e-05,4.625858903116099e-08,1.0299528957095904e-05,6.629065990847226e-06,7.385235223697334e-06,1
0.1721295330329068,0.8278340850139326,1.230190893178133e-05,1.6373684283885078e-07,1.1227174936983755e-05,5.549761728144121e-06,7.1393707208815905e-06,1
0.10301503020338805,0.8969029461489275,1.02764219489253e-05,1.6725056707200874e-07,5.992724737996289e-05,5.753886051225762e-06,5.898841737370593e-06,1
0.13507647282629395,0.8647106542868359,8.365719164767265e-06,1.8931634949477439e-07,0.00019227589763229862,5.9338576926966155e-06,6.10809603092206e-06,1
0.11759326890828058,0.882272009131001,1.6568518965755275e-05,2.549939668561821e-07,0.00010013223781136448,8.772602399207214e-06,8.993607575314584e-06,1
0.061432993677244044,0.938497284721856,1.1204808452710205e-05,1.9267248350123868e-07,3.798096564693447e-05,1.3547694622928036e-05,6.795459693901195e-06,1
0.04299668230634547,0.9569393989662115,5.228033913976808e-06,1.0268553992430205e-07,4.5689503556509766e-05,1.0015749300963471e-05,2.8827551313540667e-06,1
0.17792604328018305,0.8218042430602779,1.1113060628646184e-05,1.9248447025261943e-07,0.00023180890339496508,1.981030615019559e-05,6.788904895035179e-06,1
0.07016040912316855,0.9295370341991361,8.350321868712638e-06,1.616214208441437e-07,0.0002730665461959727,1.644083836237957e-05,4.537349847484634e-06,1
0.08493572372044661,0.9138195954123643,2.368255760395538e-05,1.5890043549626953e-07,0.0011969758241533103,1.692073653990051e-05,6.942848456587524e-06,1
0.08924884988907672,0.9095764791015899,2.0487415460926823e-05,1.637003014947926e-07,0.0011316279351933542,1.8119510353102112e-05,4.272448024476747e-06,1
0.07216851813629123,0.9262516477662577,2.1402965468846207e-05,2.1659875442789256e-07,0.0015288645116970656,2.3696965842664393e-05,5.6530556877991536e-06,1
0.09149920305288549,0.9082820484802592,1.587763188983045e-05,1.490904252934108e-07,0.00018291433434078399,1.603462956951755e-05,3.772780629691497e-06,1
0.05270274396861839,0.9471501121257608,1.3710485433101091e-05,1.1085967034550786e-07,0.00011738761365253778,1.2917348609210125e-05,3.017598255556365e-06,1
0.04661769049152854,0.9532256465190404,1.4661271798932356e-05,1.1825706289976004e-07,0.00012483283290569557,1.3779291443106732e-05,3.271336220576212e-06,1
0.044693128183593334,0.9551454911870776,1.680751995668811e-05,1.2039848231210381e-07,0.00012709332750218927,1.4028809243236971e-05,3.330574144428449e-06,1
0.061109639905304484,0.9365588834702553,2.1510679085372945e-05,1.4565991319179825e-07,0.002277110734768131,2.8553760140708403e-05,4.155790532933755e-06,1
0.06582442116877973,0.9317184409134287,2.1379087707824344e-05,1.5787798632102425e-07,0.0024039001829625727,2.7566457086354216e-05,4.1343120485502276e-06,1
0.022413949640069902,0.9715130258058653,2.3423580038365825e-05,1.622316040588987e-07,0.006018264290508902,2.7288200946709647e-05,3.886250967012725e-06,1
0.031729650988846565,0.9662886804611364,2.7698099856906325e-05,2.5376857039813066e-07,0.001906204244752162,4.042176880444085e-05,7.090668033305176e-06,1
0.03461936920050464,0.9636295538160153,2.549122197385094e-05,2.550869248485111e-07,0.0016775714056302105,4.063176415064143e-05,7.127504800534515e-06,1
0.026693057341529637,0.9710523863236584,3.3061404747149656e-05,2.8831356849625007e-07,0.0021685857844428486,4.5924301778801326e-05,6.69653027449302e-06,1
0.03039058184896396,0.9694204139508085,2.3324122427370483e-05,1.4087077415982968e-07,0.00012159727041667779,3.450405242544207e-05,9.437884184285544e-06,1
0.018879446920469244,0.9809539530092068,2.950863462088151e-05,1.2224761552765076e-07,8.580267059014518e-05,4.5099585099064233e-05,6.066932398333854e-06,1
0.017066396613800893,0.9827237625751182,3.230312659669401e-05,1.3294106427753587e-07,0.00011321052765047868,5.2779056514175376e-05,1.1415159255172948e-05,1
0.043763544367069425,0.9414320041213945,3.619322352018433e-05,2.811784529061166e-07,0.014666671525125144,9.450704498321909e-05,6.798539454698316e-06,1
0.04269969832613393,0.949487403721132,3.649497193515138e-05,2.9355530546622515e-07,0.007654528837124096,0.00011369121682891805,7.889371540403952e-06,1
0.030249562482454754,0.9695467367125331,2.2162881413819124e-05,2.0602170529939907e-07,0.00013069843002361427,4.6188301392455256e-05,4.445170476951531e-06,1
0.018640388447777982,0.9811908810208132,2.250761367826593e-05,1.7333767997437544e-07,9.655462786962586e-05,4.6360184012819213e-05,3.13476816820756e-06,1
0.010437493482257936,0.9877811639387872,2.631790648978605e-05,1.934919904698042e-07,0.0016824253125570531,6.807083300203484e-05,4.335034915027129e-06,1
0.005029853754437603,0.9942655186257295,2.040001066837021e-05,1.2389061098859647e-07,0.0006514503243967905,3.0207675198945726e-05,2.4457189577890203e-06,1
0.00433007500410705,0.9932192305229947,1.8263218665078955e-05,2.5407143169329276e-07,0.002398565018441963,3.106087731536148e-05,2.55128704443816e-06,1
0.005821748312208492,0.9883151098692502,2.079598868189513e-05,2.8930643140080716e-07,0.005803909391618085,3.5242028527075e-05,2.905103282908773e-06,1
0.005138817703243882,0.9898838612183606,2.0675796641665027e-05,4.980922711918062e-07,0.0049033986031502995,4.9845738498537464e-05,2.9028478336369575e-06,1
0.7126037690357653,0.2123799011191517,1.8696037251921906e-05,2.408434819318768e-07,1.5074306192903346e-05,8.285780771513883e-06,0.07497403287738459,0
0.7758985973502656,0.1505430617991039,1.3757625898845184e-05,2.1173356591018417e-07,1.2447925538057954e-05,7.284307198311067e-06,0.07352463925842943,0
0.9133050943164663,0.08381064124707546,4.321225850128907e-06,8.210272731324863e-08,4.652011399620144e-06,2.8245948599715893e-06,0.0028723845016211283,0
0.9117381413553044,0.08729810645621401,4.108809100478116e-06,1.481147258449655e-08,4.344121457923512e-06,2.7948489748863923e-06,0.0009524895974758434,0
0.6387442358779446,0.35740690502048944,8.517920243892061e-06,2.257029465597366e-07,1.2377021557809107e-05,7.125802757847262e-06,0.003820612654059845,0
0.7541006761649355,0.24332763908358368,1.1030712749708547e-05,2.3591649831666366e-09,2.4669675567418654e-05,6.440121311041133e-06,0.002529541882687722,0
0.739426672847943,0.259804803421524,1.1100345890157142e-05,1.430146743971758e-07,2.3977087120235577e-05,6.385005153365951e-06,0.0007269182776948308,0
0.69599297248216,0.3032300508457733,9.45237941375886e-06,1.357850736218229e-07,1.6594855224189726e-05,5.437082039212576e-06,0.0007453565703158662,0
0.7208184580704058,0.27837685115129746,9.789537859589167e-06,1.4062841331284812e-07,1.718677979167192e-05,5.631018195385535e-06,0.0007719428140368187,0
0.7181548448082159,0.2815304154395928,9.678553905912136e-06,1.3138037698611715e-07,1.417895052402678e-05,5.339616791696035e-06,0.0002854112505928393,0
0.8038362965799581,0.19613768954171548,6.983516734715004e-06,1.1198897094206857e-07,7.904244171135175e-06,3.795841438430452e-06,7.2182870110227636e-06,0
0.6710034039998921,0.32896594219537295,7.27972254576637e-06,1.3601461100867124e-07,9.469484101907223e-06,4.585752443087597e-06,9.182831033123894e-06,0
0.6834759803621727,0.31634678931630567,8.33045180578882e-06,1.8851824863498936e-07,0.00015439475611533197,5.672583444447542e-06,8.64401190766521e-06,0
0.6673307133839578,0.3323272514693732,9.558404520280414e-06,2.412617655421697e-07,0.000314249774648896,7.259655268931275e-06,1.0726050465645218e-05,0
0.8068532582348594,0.19298101035029047,8.842494908511719e-06,1.7430494570448412e-07,0.00014346121333329783,5.244899931162784e-06,8.008501731402744e-06,0
0.4887709415459972,0.5111927859366457,1.0613720147580405e-05,2.5409367804056184e-07,1.0725971476667004e-05,6.699369819148006e-06,7.97936223563868e-06,0
0.4076128497057962,0.5923551716934886,9.911665886252214e-06,2.354462807876958e-07,7.996022711503362e-06,6.3839058403774895e-06,7.451559996431493e-06,0
0.11282139900559096,0.8871436589253688,1.3015537989230718e-05,1.3307877985246011e-07,7.347468677431925e-06,4.578332726106052e-06,9.867650867766796e-06,1
0.06631032065369735,0.9336678372330649,8.157633472574111e-06,8.340860822748954e-08,4.546889961710591e-06,2.869521054447914e-06,6.184660140915709e-06,1
0.07433404931009237,0.9256409943169782,9.295975566745055e-06,9.504770179222408e-08,5.247719253660198e-06,3.2699431397707938e-06,7.047687267620387e-06,1
0.04531986711128222,0.9546598369623801,6.795914409090184e-06,7.9930961498575e-08,4.9285904110020276e-06,2.749766806171088e-06,5.7417237500582255e-06,1
0.049100266050838726,0.950882115140578,6.308318389360985e-06,7.419604249669623e-08,3.3540544992636115e-06,2.552475423560519e-06,5.3297642287363745e-06,1
0.047011856015077555,0.9529726442547022,5.54959393058783e-06,6.527221387679706e-08,2.95065013258782e-06,2.245479895633637e-06,4.6887340475939e-06,1
0.03320021519762039,0.9667835086507475,5.342888627303966e-06,6.855716234710588e-08,3.5269369683930503e-06,2.4130653560487878e-06,4.924703517947712e-06,1
0.04226424129121315,0.9577148850213153,6.852098083330975e-06,8.792255154198431e-08,4.5231932999041125e-06,3.094685600713645e-06,6.315787936109461e-06,1
0.2233915765283442,0.776563760466935,1.647259885926268e-05,3.031103863300717e-08,1.2944765743656304e-05,7.68213097368083e-06,7.533198105449178e-06,1
0.06147195697507457,0.9384941949859797,9.223195989020158e-06,1.588374869297532e-07,6.7295693380462805e-06,3.4215147217178262e-06,1.4314921409955073e-05,1
0.07767253419976883,0.9222868069252669,1.1290302102297268e-05,3.261720497973612e-08,8.237802919438004e-06,4.1883458729099105e-06,1.690980686468348e-05,1
0.11499776182056495,0.8849677474363447,1.109411902693038e-05,1.2571698195738048e-07,9.072757897221777e-06,5.1060514803717e-06,9.092097703847764e-06,1
0.07001664156125627,0.9299522652108891,4.0655766828356035e-06,9.271315460748526e-08,7.930213007935685e-06,3.856645762204807e-06,1.5148079246955484e-05,1
0.059576848716816073,0.9403969417929893,5.0391853175897975e-06,8.436651965333878e-08,7.763998198086712e-06,2.8595845521427365e-06,1.0462355607412782e-05,1
0.05466723591220426,0.9452577411193902,4.749559015253073e-06,8.105118199598774e-08,5.782074148077393e-05,2.510583194487399e-06,9.861033533042978e-06,1
0.01522968396994851,0.98471757603083,2.4531831509786167e-06,4.65900174230628e-08,4.071600234927198e-05,3.7465605736953927e-06,5.7776631303333494e-06,1
0.07354281184125615,0.9263624955939371,6.540453123495308e-06,1.3616941726235258e-07,7.108520533353606e-05,1.278539053703924e-05,4.145346395292418e-06,1
0.05516739879438563,0.9447801762412941,5.7930655392056665e-06,1.0826220594583633e-07,3.1755144599675986e-05,8.377398137682974e-06,6.391093837747459e-06,1
0.044679578072865475,0.9552716876998117,5.824331055440966e-06,1.0303615366054424e-07,2.8095780812522184e-05,8.422611449307136e-06,6.2884678518414675e-06,1
0.0504254949718269,0.949527207474901,5.930546181337657e-06,9.920456575255089e-08,2.705098779373828e-05,8.162195062742669e-06,6.054619668219438e-06,1
0.08252840033962505,0.9174074511750032,7.553406582426027e-06,1.2528010485553809e-07,3.754644749743526e-05,9.49980907214883e-06,9.423542114839316e-06,1
0.05999005973132965,0.9399553689876352,4.5083609003974346e-06,9.155478188269793e-08,3.404338123120558e-05,3.1582135895905443e-06,1.2769770532234888e-05,1
0.06936071210136725,0.9305793312076794,6.243530229572056e-06,1.0944890250850187e-07,3.960939931250304e-05,3.7754774153794958e-06,1.0218835093218643e-05,1
0.14819435931882766,0.8517350656303203,7.88119340668323e-06,1.3815709015600364e-07,3.420610177382866e-05,4.863032164510746e-06,2.34865664169697e-05,1
0.15441814732866235,0.8455444917191295,7.340172122718078e-06,9.768763475218112e-08,7.446991231485039e-06,4.529198978362014e-06,1.7946902241077328e-05,1
0.17506266339959836,0.824903811523426,1.2552883087676785e-05,4.2312803291820635e-08,7.85135634368048e-06,6.0636169661437125e-06,7.014907775040658e-06,1
0.1888128950137631,0.8111492309492577,1.4302961202341873e-05,5.428865355666575e-08,9.284405616860149e-06,5.894696544026576e-06,8.33768496236442e-06,1
0.12492712229402864,0.8750387603184949,1.2444246414489275e-05,1.460730576857529e-07,1.0132565600863056e-05,5.025320653867098e-06,6.369181749630415e-06,1
0.16368882012124594,0.8362742235946666,1.0550962337412795e-05,1.6238397630554524e-07,1.49292764434294e-05,5.586461753548358e-06,5.727199576542776e-06,1
0.08307987533201595,0.9168592482607243,6.545342410648755e-06,1.2229479986444946e-07,4.5772354518683597e-05,4.123140650179483e-06,4.313274880516278e-06,1
0.15229941797360047,0.8474779400602565,9.123520340586222e-06,1.919425444962395e-07,0.00020019373994437792,6.471370875736029e-06,6.661392437732127e-06,1
0.1286832852420749,0.8710736667493976,7.787986299099779e-06,2.1869882560585158e-07,0.00022182593017058358,6.038640017833869e-06,7.17675321436708e-06,1
0.10171108499106928,0.8982293466657822,6.751421046538264e-06,1.2614522417402325e-07,4.3988742698881195e-05,4.25295680760269e-06,4.449077371482548e-06,1
0.0709842549907585,0.9289554418018947,7.189537561815028e-06,1.1429870675546642e-07,4.4402275553620794e-05,3.942728744459274e-06,4.6543667799581465e-06,1
0.0906109483478027,0.9093302297625858,8.366315750953393e-06,1.216730778639284e-07,4.1856660433678835e-05,4.185893284472648e-06,4.291347064366415e-06,1
0.08164024174892444,0.9182696679742786,9.901256006103905e-06,1.8394052174467286e-07,6.728303912556204e-05,6.234553263239234e-06,6.487487880349271e-06,1
0.07854659725763709,0.9213663873934789,9.079334730737796e-06,1.6964054042328839e-07,6.60333747369506e-05,5.749864004092454e-06,5.983134871932355e-06,1
0.09121745759901188,0.9087130130464948,1.0746389318499786e-05,2.1248537598685368e-07,4.387416563154288e-05,7.202063915466852e-06,7.494250252153013e-06,1
0.1282323732737357,0.8716083972505828,1.3504002401035794e-05,2.8047443442019294e-07,0.00012437443713365296,9.649211417219925e-06,1.1421350295291039e-05,1
0.059365799453775875,0.9405645264780046,1.1197169577941644e-05,1.9254112909397457e-07,3.795507213510957e-05,1.3538458486222618e-05,6.790826891313306e-06,1
0.06729823079731645,0.932640480363852,1.0208630747383596e-05,1.9074058709444937e-07,3.760013653357937e-05,6.562008265196751e-06,6.727322698277506e-06,1
0.04462664990557889,0.9553001021851519,7.532587371745756e-06,1.2988789055039124e-07,5.055946962385745e-05,1.0444885087574258e-05,4.5810792954010955e-06,1
0.27019883707246006,0.7293766559344753,1.4227053168775588e-05,2.4526772356027007e-07,0.00037024557520434504,2.294640570382859e-05,1.684269126406533e-05,1
0.21114337181091464,0.7886465414935687,1.0392728154832876e-05,1.847182136595705e-07,0.00017337700764609052,1.5992590643133522e-05,1.0139650858842044e-05,1
0.11763737231041133,0.8821328255160298,9.624324357793088e-06,1.6765664027488045e-07,0.00019564037273895316,1.5166721963201692e-05,9.203097858486056e-06,1
0.11155379173926147,0.8882392910784455,9.164685239492646e-06,1.5964968337605552e-07,0.0001763899246370525,1.5572096955034397e-05,5.630825777996862e-06,1
0.08091947925502926,0.9188019544063127,7.828587288662848e-06,1.515231892481717e-07,0.0002514837083280602,1.4779445495990514e-05,4.323074355868408e-06,1
0.08042517572004391,0.9192814788807044,9.426595897963278e-06,1.5556302918755692e-07,0.00026283062526095074,1.656534813142976e-05,4.367266932018097e-06,1
0.06417372527093025,0.9356542061566094,1.389078929371316e-05,1.2011843606559228e-07,0.00014191102241295158,1.3011681661296839e-05,3.1349606564681497e-06,1
0.06117756412535644,0.9386707908522843,1.504499645189076e-05,1.1202928432449937e-07,0.0001203849296784518,1.3053631817140944e-05,3.0494351272670534e-06,1
0.03018683803793304,0.9664578259805512,2.0310432883691143e-05,1.599109390615457e-07,0.0033028237177893595,2.7921423005201304e-05,4.120496898628784e-06,1
0.02645380077156979,0.9715992565002243,2.753976867531951e-05,2.551632439741336e-07,0.0018703014468626183,4.291978690694901e-05,5.926562517063287e-06,1
0.040252455955537676,0.9580992613099868,3.0434963483228784e-05,2.2365299101311325e-07,0.0015675776566184076,4.363591034740275e-05,6.410551035423003e-06,1
0.033052706180823274,0.9667303525088212,2.4632525501257534e-05,1.3780256252585198e-07,0.00012517197073907136,4.7446712572190035e-05,1.955229898065836e-05,1
0.019588757862271315,0.9801819935211664,3.676450663995852e-05,1.5491722643609945e-07,0.00013136020390279533,4.749846285415001e-05,1.3470525939095899e-05,1
0.016565184655731445,0.9832571608185029,3.017211815393469e-05,1.3367282149672261e-07,9.001191488601797e-05,4.391695645876678e-05,1.3419863445448437e-05,1
0.014797394634600279,0.9850343090280044,2.8139634744345107e-05,1.2466822358884624e-07,8.699508122048966e-05,4.052109158441492e-05,1.2515861622551073e-05,1
0.01225236513241734,0.9875594848044627,2.9707339385386384e-05,1.2307080453543749e-07,8.63804472196826e-05,6.508235414403612e-05,6.856851566314682e-06,1
0.010948518084580184,0.9888479840185337,3.30702997580681e-05,1.233976437639229e-07,9.892499982287624e-05,6.525519340105362e-05,6.124006260556221e-06,1
0.013328790457852516,0.9864548378570978,3.361712228943443e-05,1.254880552163846e-07,0.00011123523418006492,6.42034696796784e-05,7.190370845385318e-06,1
0.052973802974862295,0.9395048482431034,3.383268540900938e-05,3.9442383837142665e-07,0.007359047084339618,0.0001220970667718821,5.977521675147776e-06,1
0.020039076355614062,0.9797931263481932,2.1979419089509163e-05,1.7285753087222364e-07,9.628716947346495e-05,4.623176530586157e-05,3.1260847929504234e-06,1
0.01764191787175635,0.9821891124413601,2.250015475998578e-05,1.732802366750421e-07,9.681770210214018e-05,4.6344820463890955e-05,3.1337293206456587e-06,1
0.010092661419911457,0.9885443323583603,2.7458570397771452e-05,1.1230292804423058e-07,0.0012630894667909939,6.582192086909462e-05,6.5239607423265446e-06,1
0.006997892489217175,0.9918894791642461,2.223787283142823e-05,8.75660195886899e-08,0.0010466949029632588,4.0298731764673866e-05,3.3092729577155267e-06,1
0.004807099664503201,0.9943243645713398,2.0440657137832323e-05,1.2389794349688453e-07,0.0008176195432870732,2.7905802080131257e-05,2.4458637085040674e-06,1
0.005425718474937898,0.9938853949201004,2.0431633092506064e-05,1.2384324561459985e-07,0.000638007281512837,2.787906319060038e-05,2.4447839200795288e-06,1
0.004692272697240281,0.994329570332655,1.965737606945967e-05,1.3185385856900796e-07,0.000926535763824018,2.9229055283867146e-05,2.602921068728425e-06,1
0.006615272557996173,0.9923180691749348,1.814787013392506e-05,1.315871218681446e-07,0.0010149756380282635,3.080551635324354e-05,2.597655431560006e-06,1
0.006089750014162039,0.9922680830247129,1.7528852608531898e-05,2.4986526148547504e-07,0.001588342806084339,3.353638686062349e-05,2.5090503101214054e-06,1
0.005938027046452054,0.9910614956733513,2.1915781637161296e-05,5.279642492033274e-07,0.0029285165671516246,4.687072914356743e-05,2.6462380151260102e-06,1
0.8297094829474684,0.14780365131116482,1.76120953222932e-05,2.6046313837966245e-07,1.6806913985586676e-05,8.828341357485597e-06,0.02244335792756302,0
0.937824580666732,0.060001059556194544,3.6305531684929833e-06,1.0314571090565275e-08,4.020613387636007e-06,2.4330411249743436e-06,0.002164265254821387,0
0.9126867797105188,0.08499639602869945,3.977952230738794e-06,1.0057871118781759e-07,4.456606640397833e-06,2.705838952930097e-06,0.0023055832842466665,0
0.896353407014967,0.10070686938551192,4.384108287620607e-06,1.1084797797956882e-07,4.911634170932335e-06,2.9821099627192696e-06,0.002927334899121689,0
0.8878215780118033,0.10951635349232876,4.70386848332055e-06,1.189328081904866e-07,5.2092438039044345e-06,3.1996137292139135e-06,0.0026488368370432584,0
0.6873317723430412,0.3092088855474166,8.70095191160485e-06,1.5913090991418097e-07,1.1277727067873164e-05,6.617128308400929e-06,0.0034325871713444304,0
0.6696191633754168,0.32707627971203007,8.476727504909677e-06,1.5783580114568154e-07,1.0987098905994548e-05,6.446604245740827e-06,0.003278488646095465,0
0.7801242924394733,0.21719593499735285,1.1480398259165503e-05,5.240913323022865e-08,1.2778099244627695e-05,7.5104669204729914e-06,0.0026479511896161335,0
0.7610172892944933,0.23552174660358452,1.0214403531408918e-05,4.8486055860536726e-08,2.3799641541815884e-05,6.948272108318907e-06,0.003419953298684823,0
0.6939415965198137,0.30519719041673055,1.0417519453645483e-05,4.342404298177134e-08,2.3298297305901363e-05,5.992238084742675e-06,0.0008214615845683927,0
0.6801489108674053,0.31953261026574004,9.116861299064761e-06,1.309652975727491e-07,1.137439501728481e-05,5.2440894142468045e-06,0.0002926125558265341,0
0.7872324094789295,0.21273391304037367,7.171045999740081e-06,1.149962250533509e-07,8.232898389794862e-06,3.89777165241019e-06,1.4260768429963463e-05,0
0.7688045890255728,0.23116030005947832,7.476271412843385e-06,1.1989087644709483e-07,8.583320045457613e-06,4.063674780466038e-06,1.4867757833652118e-05,0
0.43388038322677536,0.5656750685754582,9.399051916654907e-06,1.977392358856823e-07,0.00042020599633164375,6.666807171173932e-06,8.078603111145978e-06,0
0.40786348156478713,0.5919438555964961,1.0058502379761248e-05,2.1161289376473312e-07,0.00016482105717514144,7.134559569549448e-06,1.0437106698524628e-05,0
0.6797357950358875,0.31993517426259493,1.0529546820276085e-05,2.3876191936016087e-07,0.0002988223034914049,7.184433977791521e-06,1.2255655308679925e-05,0
0.5846576100395667,0.41502495443928084,9.849790946687713e-06,2.233481679571311e-07,0.0002890479955680547,6.720628528405278e-06,1.159375794116185e-05,0
0.37619778186150876,0.6237697521522274,1.0068065332625964e-05,2.3916146533775513e-07,8.10497924858528e-06,6.484639597002807e-06,7.5691406202577196e-06,0
0.3306213154125186,0.6693436894773519,1.0717317042768743e-05,2.913739706743703e-07,8.773479827869566e-06,7.019494183805466e-06,8.193445104468426e-06,0
0.2998685578438786,0.700093890211676,9.692778352489506e-06,2.6351962008411674e-07,8.059641141272684e-06,6.348454655087667e-06,1.3187550676577564e-05,0
0.1500284647013503,0.8499191810501979,1.791311455338481e-05,2.106872620367768e-07,1.1192165766677275e-05,7.416043076621112e-06,1.562223779305397e-05,1
0.16239314229882776,0.8375575378097301,1.6929140440106782e-05,1.9911413156726613e-07,1.057737589565253e-05,6.8501585737055315e-06,1.4764102401018855e-05,1
0.07151314102415722,0.9284608663310504,9.681975481886772e-06,9.899440843375241e-08,5.4656220624677795e-06,3.405722086843879e-06,7.340330752719324e-06,1
0.11737967102162453,0.8825919003817386,1.0171924434846504e-05,1.3538549791737167e-07,7.629183638268257e-06,4.588861553367951e-06,5.903241512181112e-06,1
0.06480532221677046,0.9351714437338777,8.543084212701792e-06,1.0027929750613579e-07,6.768260091418407e-06,3.4499266658549373e-06,4.372499084375381e-06,1
0.06616494747002843,0.9338115643934133,8.414095901466702e-06,9.896339698537933e-08,4.461670000030225e-06,3.4045163345267646e-06,7.108890925420988e-06,1
0.06926462519868805,0.9307118562597254,9.475085474770424e-06,9.433421237829162e-08,4.785168637205072e-06,3.435317929594676e-06,5.728635332786042e-06,1
0.10436683123206773,0.8955976631318665,1.3117420422704195e-05,1.3059739960189614e-07,9.570932936476636e-06,4.755894781966484e-06,7.93079052517288e-06,1
0.19144763252187755,0.8084991574077136,1.52865497626399e-05,1.7777627056222666e-07,1.4860656399855943e-05,7.220462783515995e-06,1.5664625192080805e-05,1
0.061038987360580214,0.938933906238717,3.5442814482891564e-06,8.082531446891449e-08,6.913387457103422e-06,3.3621400096361723e-06,1.3205766473146924e-05,1
0.027359994326835967,0.9725655239312767,2.722443687181673e-06,8.179654750337716e-08,5.896500030570876e-05,2.568849920192849e-06,1.0143651426601134e-05,1
0.041580032492026395,0.9583462802718998,4.349646489312058e-06,7.28221950371015e-08,5.794702500613144e-05,2.2870071612937293e-06,9.030735221994819e-06,1
0.029265091869816275,0.9706806379302994,3.664980740524518e-06,6.135945598096382e-08,4.437146159859499e-05,2.068743005509108e-06,4.103655083836064e-06,1
0.020332309391529683,0.9796263361279458,3.1143701058641117e-06,5.086271880755244e-08,3.0580644815571674e-05,4.579182885243472e-06,3.0294199989310655e-06,1
0.04067520521902179,0.9592629802558742,3.941131989644952e-06,9.15189389589794e-08,4.722646005207351e-05,8.239472226057479e-06,2.315941897223827e-06,1
0.10894003703794167,0.8909857721669674,7.9230235570158e-06,1.6238666460799703e-07,4.311548379471754e-05,1.3993423359139215e-05,8.996477715739887e-06,1
0.09436811408039045,0.9055669313550191,5.894766117983638e-06,1.2065589781200675e-07,3.2896840044017615e-05,1.0397338124631334e-05,1.564496440609429e-05,1
0.05401162380493824,0.9459404986690162,5.572277932707295e-06,1.055892619392168e-07,2.9281245094554433e-05,8.687504914124954e-06,4.2309088421657314e-06,1
0.04875220049147231,0.951200409622804,5.975136110405343e-06,9.937937832368338e-08,2.7098655486167806e-05,8.1514259782932e-06,6.065288770224994e-06,1
0.05747320914583696,0.9424717124372065,6.537231671202038e-06,1.084259215091916e-07,3.3596589187774356e-05,8.21875582690025e-06,6.617414349172605e-06,1
0.06734102288625181,0.9325977269895347,6.334440870998291e-06,1.2863840431274463e-07,4.067346641282607e-05,4.437425859025834e-06,9.676152666257042e-06,1
0.2095238859022466,0.7903793712271389,7.982980837731441e-06,1.3994142084837704e-07,5.990420816842955e-05,4.925839346822834e-06,2.378990084062428e-05,1
0.12381641632333312,0.8761536657194435,8.536010944474025e-06,8.893269073240756e-08,6.232703446494714e-06,4.123283904150532e-06,1.0937026237431316e-05,1
0.21024474072186253,0.7897321660226199,7.327351804702866e-06,3.054343394354443e-08,7.0716511949356506e-06,4.277967850464555e-06,4.385741233452826e-06,1
0.24245867806643634,0.7575031916434204,1.4325545607114309e-05,4.495690475337545e-08,1.0009707430048967e-05,6.2968150861863535e-06,7.453265115081107e-06,1
0.12854647560973131,0.8714114227240365,1.4768813181948968e-05,4.2666956013785805e-08,8.434120511072132e-06,5.97600998111543e-06,1.2880055601832804e-05,1
0.11109069345897891,0.888870079391185,1.4462125349721703e-05,3.631187461250785e-08,9.205932453294473e-06,4.558407892605263e-06,1.0964372266057075e-05,1
0.11537790217904535,0.8845887437971222,1.1279249134689087e-05,1.501253710418589e-07,1.0214044179752563e-05,5.16473153720871e-06,6.545873609720171e-06,1
0.11501302459167531,0.8849526679100649,1.258523572215728e-05,1.4772801842713486e-07,1.0050936069835489e-05,5.082255919868701e-06,6.4413425294303496e-06,1
0.11046581532363142,0.889457578521322,8.38916115311122e-06,1.5674516623931085e-07,5.713945613239194e-05,5.392470957860064e-06,5.528321636993024e-06,0
0.16455806938023673,0.8352826617561948,8.322024577430056e-06,1.5548902153723347e-07,0.00014006493521721703,5.24233503371348e-06,5.484079718498689e-06,1
0.17571281978285738,0.8239432885752626,8.4108824694364e-06,1.7694991871292357e-07,0.0003230587900852538,6.1039481113297184e-06,6.141071295398386e-06,1
0.1016662316417485,0.8982475023324475,6.751557511184507e-06,1.2614777391329644e-07,7.068611044802016e-05,4.253042771467517e-06,4.449167299479251e-06,1
0.11784046213404341,0.8820944400473962,1.0491543914308016e-05,2.0626112541407407e-07,4.0134192705634625e-05,6.991096688932573e-06,7.27472412614139e-06,1
0.1707950384876294,0.828993938766831,9.673903833989992e-06,2.232903754010181e-07,0.0001728658846071258,2.1531179147022084e-05,6.728487575831121e-06,1
0.13757746432806386,0.862260325277982,9.503981376759005e-06,1.6387970722420994e-07,0.00013358404243193003,1.317847221089547e-05,5.780018227502853e-06,1
0.07716163901919729,0.9226187926201271,8.683836397916055e-06,1.512732510924198e-07,0.00019298548889897985,1.241237214271901e-05,5.335389984871981e-06,1
0.07872605368454685,0.9209877718072887,8.303381195448264e-06,1.6071287882293192e-07,0.00025685015310444864,1.634841749119705e-05,4.5118434945529035e-06,1
0.09982843892979276,0.8999530285225346,8.431752973303084e-06,1.8097892654502305e-07,0.00018691859000051725,1.8609531243300046e-05,4.3916945290097e-06,1
0.10414777640872479,0.895691456542295,1.5854580665403206e-05,1.4750260893288702e-07,0.00012489503801131502,1.61373272630354e-05,3.7326004316894984e-06,1
0.07054529229847453,0.9292836619886278,1.3924478336190706e-05,1.1930059139893064e-07,0.00014074245571917045,1.3145862451414883e-05,3.113615799366559e-06,1
0.05661634138081882,0.9432368719230476,1.4826412034519395e-05,1.1040164314020889e-07,0.00011588652898969717,1.2863979362621986e-05,3.0993741037635224e-06,1
0.04762112759563135,0.9522395099051281,1.727447111470754e-05,1.1395696055030948e-07,0.00010405682938938209,1.4665997678126023e-05,3.2512440977231337e-06,1
0.049279961547501167,0.9480490214000185,2.0133544072092414e-05,1.3975300880860205e-07,0.002618628068069341,2.7395827753986507e-05,4.71985957622239e-06,1
0.02626484503798112,0.9726717421502614,2.1502226626363056e-05,1.8777117300856508e-07,0.0010071001849852044,3.0124578750507047e-05,4.498050222179399e-06,1
0.0461091112988839,0.9522842803154445,2.8478916055557203e-05,3.1798491466241495e-07,0.0014846672014369516,8.563229156735012e-05,7.5119916972187955e-06,1
0.03984737785269419,0.9599413324674664,2.1593374680451007e-05,1.5861743915961402e-07,0.0001291181213766775,4.6005916251091516e-05,1.4413650091972801e-05,1
0.028557000100488582,0.971230252901051,3.4575825117311824e-05,1.4598695989497076e-07,0.00012378789150903544,4.154328288275259e-05,1.2694011991275292e-05,1
0.025901138392154965,0.9738761064287371,3.6235775901973606e-05,1.5011664408477646e-07,0.0001272896076816445,4.602657823719517e-05,1.3053100643188369e-05,1
0.011299348470642841,0.9884958002263105,3.084371186101495e-05,1.233536949964333e-07,0.00011147692665713766,5.628548567241334e-05,6.121825161152371e-06,1
0.014658072178623357,0.9851707301621868,2.9132013930957894e-05,1.2265441606032138e-07,7.971716325461233e-05,5.065219899121387e-05,1.1573628596882963e-05,1
0.04425193110685524,0.9488177226683607,3.657615444090989e-05,3.3233462104985127e-07,0.006784370529024968,0.00010484814915100224,4.219057546175316e-06,1
0.054003935592098776,0.9350512565629642,3.5369303337144614e-05,3.667124064194384e-07,0.01078494714480487,0.00011815014404876121,5.974540339803517e-06,1
0.05398059483501784,0.9346471229753215,3.4911530141649484e-05,3.6941872501235786e-07,0.011226957937046292,0.00010407134563237656,5.971958115133913e-06,1
0.008349327314122437,0.990189483125439,4.205430622564938e-05,1.289911621970156e-07,0.0013482043066802827,5.364845608763597e-05,1.715350028304181e-05,1
0.007078383198452792,0.9907317094840923,2.0569533963788776e-05,2.5343510890342053e-07,0.002139098524097449,2.7440926947813325e-05,2.5448973371063987e-06,1
0.0072198558830071724,0.9867848502710995,2.0089782636892848e-05,2.7948194294591787e-07,0.005940519849801681,3.1598281942135184e-05,2.806449569871688e-06,1
0.0032697451220806755,0.9697604805575083,3.8307119838354664e-05,1.005835758309648e-06,0.026845182043978007,8.072190559769966e-05,4.557415238660989e-06,1
0.0036573947109986168,0.9683008652938667,4.118854928745968e-05,1.0814938810603552e-06,0.02790777599208868,8.679373968385832e-05,4.900220193350628e-06,1
0.6758481706170081,0.2062168021140701,1.7197572899638782e-05,2.2154017357344038e-07,1.4006098338293862e-05,7.621685650732594e-06,0.11789598037185939,0
0.6693711756376518,0.3238847126840997,1.25689718275719e-05,2.042758024081184e-07,1.2771785475002681e-05,7.313453138470767e-06,0.006711253192005038,0
0.745955611697179,0.24970513821871826,1.0012245111353083e-05,5.493364624215566e-08,1.214428608394623e-05,6.810755345130873e-06,0.0043102278639158935,0
0.7374074327810688,0.25759191635857176,8.486144433451301e-06,5.626090626455615e-08,1.2078415518042197e-05,7.099220194124156e-06,0.00497293081930761,0
0.7566761884502406,0.2392480818161207,1.015613710774482e-05,4.820947494576436e-08,2.10753402473624e-05,6.908636806546087e-06,0.004037541410001871,0
0.6798659149987855,0.3193996593675622,9.11306796198638e-06,3.7986610597460515e-08,1.1501984934229784e-05,5.320532274082231e-06,0.0007084520618714354,0
0.8221782295229176,0.17776971231293026,6.829920404534591e-06,8.858410065610584e-08,8.398436044726812e-06,3.5470689803397123e-06,3.3194154621724456e-05,0
0.8125519190383707,0.18741628310871095,6.576337775730106e-06,1.0545937355751495e-07,8.463437294577058e-06,3.5745221770776794e-06,1.307809629729154e-05,0
0.7430598312920507,0.25690636654374344,7.134471558964529e-06,1.1440971053053536e-07,8.48735674179839e-06,3.87789187218526e-06,1.4188034322502089e-05,0
0.6899999496908312,0.30968630984942147,1.1624922840018323e-05,2.6360003303767747e-07,0.00028046944548748646,8.115371031323698e-06,1.3267120355199836e-05,0
0.7898936349567781,0.20999338765071282,8.25315975037112e-06,1.8714388153819588e-07,9.030746951260517e-05,5.631228232969001e-06,8.598391131488795e-06,0
0.6471375269605164,0.3527095406848094,9.824320497694669e-06,6.378906351566036e-137,0.0001161463102489636,6.85836861600238e-06,2.01033553115435e-05,0
0.45321016778258105,0.5467286824050769,1.0477081146180566e-05,2.48877415531189e-07,3.59340929121869e-05,6.613123414553922e-06,7.87663745370312e-06,0
0.38672131253757,0.613242215210711,1.0563476931986561e-05,2.509297008560975e-07,1.0912531242119924e-05,6.803724303735665e-06,7.941589540341265e-06,0
0.1889023279833254,0.8110510654161469,1.8998272389177372e-05,1.9341728020067876e-07,1.2884492971214384e-05,6.654168791740854e-06,7.876249095220095e-06,0
0.1854866539826174,0.8144672394906619,1.8794427047865965e-05,1.9134197510501693e-07,1.2746246513139711e-05,6.5827717046420905e-06,7.791739480230922e-06,0
0.17048385318886225,0.8294749901939178,1.5606959403784315e-05,1.8277632989018281e-07,1.149035030769322e-05,6.433597943931226e-06,7.442933234463659e-06,1
0.1651252811201651,0.8348323660201044,1.684923426651008e-05,1.9732486777314734e-07,1.048232630988025e-05,6.788602215935099e-06,8.035372070427979e-06,1
0.1572182517175558,0.8427352120477476,1.597364531223858e-05,1.8787596012700187e-07,9.98037977705557e-06,6.463529780267573e-06,1.3930803866965712e-05,1
0.11850292015722994,0.8814538309755756,1.604379770015573e-05,1.6404154971565833e-07,9.233970060978696e-06,5.643550356690978e-06,1.216350752686588e-05,1
0.07402127056056829,0.9259545826071314,8.315118626816062e-06,1.1094277489653068e-07,7.066526584823551e-06,3.8167838448543885e-06,4.837460468960094e-06,1
0.07371265585067545,0.926260643348303,9.151261363036434e-06,1.0763365687682183e-07,5.75804337142709e-06,3.7029400109240746e-06,7.980922619217461e-06,1
0.06854599393037077,0.9314346710292807,6.8996748992205715e-06,8.115135293413998e-08,3.6684714072479166e-06,2.8563539046497246e-06,5.82938878446514e-06,1
0.04554637043958579,0.9544285174474573,8.327683760288115e-06,8.291064925525682e-08,6.296083200792946e-06,3.3695522041449554e-06,7.035883142592702e-06,1
0.06022227871518355,0.93975551825977,7.978778524353695e-06,7.943693910096036e-08,4.175331097597502e-06,3.228377966431122e-06,6.741100518932124e-06,1
0.12448246276602981,0.8754657175901401,1.7305807684042838e-05,5.454345301701276e-08,1.098996765557309e-05,7.0038756073669305e-06,1.6465449429983534e-05,1
0.1538791969040541,0.8460861814624454,9.569948321211012e-06,1.2395349893523452e-07,2.132900436859099e-174,5.058606778057913e-06,1.9869124902308845e-05,1
0.03714141056679946,0.9628366316715931,2.69521018911505e-06,8.254009575882988e-08,6.58112745405465e-06,2.556702717719244e-06,1.0042181150901577e-05,1
0.026806289355985852,0.97312253560105,2.6120377863408226e-06,7.999296302788305e-08,5.6286053271872065e-05,2.4646728564397165e-06,9.732286086395018e-06,1
0.023039591220955568,0.9769173825952632,2.7787962398341436e-06,5.3894900149893506e-08,3.477198468614353e-05,1.817074417222573e-06,3.6044335377021943e-06,1
0.0831021577014391,0.9168198946494359,5.619944034369486e-06,1.279039181785724e-07,5.7107978474472034e-05,1.135484355447462e-05,3.7369791434667607e-06,1
0.05256327988137715,0.9473970001230233,3.851522901125999e-06,7.883416309955676e-08,1.998475216820084e-05,5.582777891153546e-06,1.0222108475778637e-05,1
0.06067318253824665,0.9392794896855452,6.196607035758984e-06,1.0484573629111861e-07,2.9033315098604437e-05,7.947375443751526e-06,4.045632893642543e-06,1
0.05197304792373451,0.9479751330292038,6.043142828745487e-06,1.0224914307715347e-07,3.1682667824721846e-05,7.75055197838158e-06,6.240435286796223e-06,1
0.04404560233502993,0.9559082617735997,4.917882005154337e-06,9.987124461731903e-08,3.157773710931536e-05,3.4450928228288076e-06,6.095308188313158e-06,1
0.06066966676870651,0.9392770339540796,6.109900826870815e-06,1.2407849546378575e-07,3.355886291420707e-05,4.280130239966556e-06,9.226304737529498e-06,1
0.04587184749402293,0.9540770891672747,5.51112415679818e-06,9.660984545132847e-08,2.8580171493957965e-05,3.400598444189269e-06,1.3474834762304052e-05,1
0.08359118279030721,0.9163532603100961,6.377587153330393e-06,1.1179891646527288e-07,2.9538912289855588e-05,3.935243034680014e-06,1.5593358202121733e-05,1
0.2733080357633548,0.726665071819271,9.002245294827982e-06,1.9253534330911677e-09,7.321846924945249e-06,5.178161398583891e-06,5.388238402562248e-06,1
0.13458532119624944,0.8653803739576797,1.1530611241408826e-05,4.131274529205374e-08,9.86705105312368e-06,5.891893692041883e-06,6.973977338638742e-06,1
0.1285924070808424,0.8713747870688705,1.2205740766493926e-05,3.9893581333174774e-08,8.468618961890444e-06,5.008037121575489e-06,7.083559855483291e-06,1
0.10752282355545173,0.8924453923749293,1.1547914649434072e-05,1.355517358425889e-07,9.526821837439563e-06,4.66335783332985e-06,5.910423562958978e-06,1
0.1585261931993975,0.8414413061003786,1.0202251966996468e-05,1.5434902462366732e-07,1.010402586128823e-05,5.310037002266498e-06,6.730036368658836e-06,1
0.08708106154772494,0.9128020882251634,6.396109119171743e-06,1.1950648805900409e-07,0.0001020905455834563,4.029133368077956e-06,4.214932552937305e-06,1
0.10605395547245271,0.8937821378837112,8.775247791146044e-06,1.9973212204915806e-07,0.00014159039133469602,6.042759141932765e-06,7.298513446387636e-06,1
0.06393166378772608,0.936006423516837,5.893321371904184e-06,1.203693348418747e-07,4.676056733773461e-05,4.2368680805256384e-06,4.901569311823262e-06,1
0.0836669859542532,0.9162395180875766,1.0223262408403377e-05,1.9101396867540187e-07,6.987041357725276e-05,6.4743034891603106e-06,6.736964726452254e-06,1
0.10062954202956695,0.8992995522576754,1.1820885189588298e-05,2.208643486900556e-07,4.34758412025317e-05,7.598349694046933e-06,7.789772322799602e-06,1
0.08194615892323441,0.9179924424528619,1.0348819774357512e-05,1.9225513486000174e-07,3.746269604015968e-05,6.614112933149087e-06,6.780740021334086e-06,1
0.04901449703378074,0.9509210469901657,1.044853772563973e-05,1.9522306853715985e-07,4.030982934386658e-05,6.616968395345851e-06,6.885417520221311e-06,1
0.05649657023379394,0.9434372001406243,5.338690568408094e-06,1.0471965608105824e-07,4.693779307216817e-05,1.021415306346135e-05,3.634269221589205e-06,1
0.1945213634897918,0.8051848860489133,7.643131292029399e-06,1.739494972592716e-07,0.0002634313872238842,1.619626585383163e-05,6.305727427941061e-06,1
0.24904261534928993,0.7505585581341199,1.3368471039973706e-05,2.5438276261276216e-07,0.0003477345577048395,2.56607897439253e-05,1.1808315338580775e-05,1
0.11000796197582582,0.8897782941169464,8.126489838638343e-06,1.7700414534647264e-07,0.00018281335790870914,1.8331814162101463e-05,4.295241172937098e-06,1
0.15481574166400164,0.8447587140158159,1.0197918168424936e-05,2.70346218875487e-07,0.00038645229879843334,2.3233666211460713e-05,5.390090785199519e-06,1
0.06623639426900824,0.9336212043549508,1.3822163744437937e-05,1.1009400205445322e-07,0.00011232911179968155,1.3049268990785284e-05,3.0907375039147876e-06,1
0.037841787883234265,0.9619753182559949,1.791053061900924e-05,1.1815294474907579e-07,0.00014874827708987818,1.2848444109130193e-05,3.268456008018916e-06,1
0.04756786661221424,0.9507221912195689,3.680347605323792e-05,2.4944712709381267e-07,0.0016279307103286083,3.916473788040352e-05,5.793796827466173e-06,1
0.03155284924158344,0.9676480583565477,2.2750191573932086e-05,1.8130924426769196e-07,0.0007471564477091419,2.5246838854446977e-05,3.7576144868555326e-06,1
0.027738835089640264,0.9720602676778146,2.5369808044821566e-05,1.4045046935005084e-07,0.00012156331792215283,3.996777235050527e-05,1.3855883758357441e-05,1
0.031003147746925613,0.9688044047217226,2.713992434294877e-05,1.3727852924865463e-07,0.00011036106253259139,3.906513827267905e-05,1.5744127674043362e-05,1
0.010880975476074124,0.9889179644446119,3.307264013161894e-05,1.2340637657202607e-07,9.893200071052457e-05,5.820147078254041e-05,1.0730561312682692e-05,1
0.011232945356061074,0.9885542294155014,3.285114809736348e-05,1.2262877978878103e-07,0.00010922259442710176,6.27405782283331e-05,7.888278904822937e-06,1
0.017543304784705588,0.9822658516208419,2.7661751392461108e-05,1.281916985665845e-07,9.472481771216025e-05,5.562008273735865e-05,1.2708750912112428e-05,1
0.0311861453151243,0.9686415850704703,2.338096293837083e-05,1.872669001794519e-07,9.998804879405008e-05,4.436966044826658e-05,4.343675324284221e-06,1
0.0288914440662852,0.9709360870140386,2.4833698586178113e-05,1.4009297451341827e-07,0.00010456552969899547,3.9369374743942944e-05,3.5602236725588784e-06,1
0.02294133865534356,0.9768992573288108,2.1624538765632752e-05,1.7257951955066584e-07,9.613230828171178e-05,3.835353225072718e-05,3.121057028408118e-06,1
0.017595711208928673,0.9822307644434639,2.0727540018895818e-05,1.641379927386766e-07,0.00010539830316942199,4.4242772702283025e-05,2.991593724088958e-06,1
0.02016549290773334,0.9780005965462159,3.343779307053502e-05,1.3034552841065796e-07,0.0016837648176633805,0.00011171231757810759,4.865272210253186e-06,1
0.02230532824302108,0.9753388276195402,3.4449328217013106e-05,2.194473786038758e-07,0.0022705194121015832,4.6269789162883804e-05,4.386160578577583e-06,1
0.011417772119820877,0.987642102407476,2.5803893593046763e-05,1.604901216311226e-07,0.0008765396901821575,3.2628972205444655e-05,4.9924266010230224e-06,1
0.005794863207721443,0.9933864447860671,2.146849103582977e-05,1.5455989027786469e-07,0.0007608502961844438,3.1410706437838415e-05,4.807952662955521e-06,1
0.005317561072775498,0.9938216114028664,2.1206186254006867e-05,1.4224266113868576e-07,0.000806157929673682,3.0513159817848846e-05,2.808005951195644e-06,1
0.006987007321013476,0.9908301439921037,1.8265971147805408e-05,2.6037252745858957e-07,0.0021335157004706735,2.8192082526069627e-05,2.6145602109040868e-06,1
0.001983401237159638,0.9909839007989337,2.467027093122179e-05,6.760195591323626e-07,0.006959880705555768,4.4934070167160595e-05,2.536897693365598e-06,1
0.003166422885703127,0.9814129204482931,3.780449737893055e-05,1.1774543388508733e-06,0.015302189404877917,7.523753214158665e-05,4.247777266436142e-06,1
0.8290201761825179,0.12884950301964507,1.3328012956733134e-05,2.2618163441496547e-07,1.569214937185015e-05,7.666376548529742e-06,0.04209340807732528,0
0.7369490909712544,0.24593928544545493,1.8689897128767897e-05,2.4076436260046037e-07,1.5221481464027843e-05,8.283059568422623e-06,0.017069188380766865,0
0.7983322500462611,0.19229879213938295,1.3874092784815841e-05,2.636059526017281e-07,1.701743214802179e-05,8.934501137226995e-06,0.009328868182333389,0
0.9191101891755996,0.07423715407075238,7.978974912544007e-06,1.5776427013968045e-07,1.021098280311755e-05,5.4273706345648785e-06,0.006628881661027631,0
0.9063410806077028,0.08853173208268525,7.628669596563081e-06,1.5083785877637413e-07,9.762684419361708e-06,5.189089802011081e-06,0.005104456027935149,0
0.6578083352132836,0.3397172476838484,8.367893512415577e-06,1.7379884252548727e-07,1.036938154356037e-05,6.1173472101465475e-06,0.002449388681759403,0
0.8231031566784534,0.17057239483708145,1.1047722448046435e-05,6.061494400035596e-08,1.3400261429175004e-05,6.733988909898546e-06,0.006293205896734189,0
0.7480119415831527,0.24982804819249477,1.1325394216664113e-05,1.4591415279699423e-07,2.1677353557018412e-05,6.5144546983371156e-06,0.002120347107727873,0
0.6868102975244642,0.31270077562328075,9.327668200908808e-06,3.8881143124165255e-08,1.1637402306228665e-05,5.445823504431364e-06,0.0004624770771003194,0
0.8187889418587891,0.18114141877496912,7.18821317297009e-06,8.361694368726615e-08,8.839012028452158e-06,3.7331456971274826e-06,4.979537839949112e-05,0
0.8128394699313515,0.18712849956275202,6.624454375733545e-06,1.0623098028866659e-07,8.525361094850856e-06,3.600675616828382e-06,1.317378382883309e-05,0
0.7203322255984188,0.2796385079130904,6.390282841272462e-06,1.1871410486318522e-07,8.806673433442532e-06,4.002463355724353e-06,9.948354755457066e-06,0
0.3345444750362915,0.6652216643987583,9.957425624889127e-06,2.0948641968506544e-07,0.000208209295756475,7.062865185882264e-06,8.421491963436334e-06,0
0.7015513906953672,0.29820807528945265,1.0609794957455162e-05,2.4058157974868386e-07,0.00020995612500677324,7.239188228211269e-06,1.2488325407907226e-05,0
0.8488460765481712,0.1510413865467208,8.552421368054778e-06,2.479872890245325e-07,9.104751630238965e-05,5.835417964116326e-06,6.853562184495387e-06,0
0.21201434767349553,0.7879454993622506,1.2720004559259222e-05,1.8535878245392333e-07,1.3250949948121143e-05,6.376930872982312e-06,7.6197200912701385e-06,0
0.20021666601620788,0.7997400725101006,1.4788458108564095e-05,2.155007552555412e-07,1.2068082189675759e-05,7.413910477544673e-06,8.775522160375962e-06,0
0.17012563940859163,0.8298337398008401,1.54584232835785e-05,1.8103679266163315e-07,1.1380993192681016e-05,6.228240696157155e-06,7.372096603381625e-06,0
0.11529237451427204,0.8846753924307417,1.2831792270831849e-05,1.5027577355055904e-07,7.961562410049217e-06,5.169963932267809e-06,6.119460599554728e-06,1
0.1158258466567895,0.8841326435072472,1.53986787160687e-05,1.5744546069244652e-07,8.862673345814379e-06,5.4166239430827366e-06,1.1674414497564563e-05,1
0.09423500283425221,0.9057328329582879,1.108599594581674e-05,1.3038928131755816e-07,6.793789405050394e-06,4.4858054338299475e-06,9.66822739408297e-06,1
0.05278411565417189,0.9471969750061082,6.520840092062098e-06,7.669564196391313e-08,4.102962267026303e-06,2.699522416724609e-06,5.509319301732831e-06,1
0.08691425103279046,0.9130559259776696,1.0342813156121392e-05,1.2164823604356893e-07,6.338347477475697e-06,4.281757499456561e-06,8.738423171057454e-06,1
0.06002322717118097,0.939958034787763,6.537271241478135e-06,7.688889889628337e-08,3.955564826375653e-06,2.645114458579534e-06,5.52320163090352e-06,1
0.0931373457962701,0.9068269151570431,1.1935494400646374e-05,3.761760733518059e-08,7.5795767415886596e-06,4.830443029343952e-06,1.1355914908086185e-05,1
0.19011762140952942,0.8098154286463867,2.235875762818206e-05,7.046905111143745e-08,1.4198818549167851e-05,9.048867294847375e-06,2.1273031560586885e-05,1
0.21479198840612893,0.7851564225425538,2.0922856881618602e-05,6.005056174531191e-08,1.3131703509050396e-05,7.538526593524168e-06,9.935913771285159e-06,1
0.04131670038895387,0.9586418901722746,2.6834681036378504e-06,1.0229094342069961e-08,2.6185237438102292e-05,2.5320732459323555e-06,9.99843088981707e-06,1
0.019390124752667975,0.9805433199363605,3.944831993123504e-06,8.37920844117821e-09,5.233768118958459e-05,2.0741591392639754e-06,8.190259441241827e-06,1
0.021242639139389438,0.9786890431682117,3.276443969527319e-06,5.324963931304539e-08,5.6685641703953785e-05,3.9527134571035475e-06,4.349643628796645e-06,1
0.05630144680080475,0.9436454198063821,3.868539491611213e-06,8.804382313766765e-08,3.8406752583942645e-05,8.19767339827359e-06,2.5723835161733115e-06,1
0.10893940853132153,0.8909806318120393,7.933519234093755e-06,1.6238572775230557e-07,4.4422928766677874e-05,1.3993342627027691e-05,1.344748028388315e-05,1
0.054201924324256356,0.9457479133278999,5.934415317646175e-06,1.2051477510607888e-07,3.259500207352047e-05,4.15719848444525e-06,7.355217193212137e-06,1
0.1551815888314029,0.8447812774886766,7.420866055121381e-06,9.876156043996352e-08,6.890860831485041e-06,4.578990573176241e-06,1.8144200900029476e-05,1
0.31028247630784433,0.6896877663089775,1.0091819774307634e-05,4.206688021296934e-08,8.303563569698226e-06,5.27953646650899e-06,6.04039648762987e-06,1
0.23666385666560633,0.7632887832219487,1.5518286970022983e-05,4.89096476574409e-08,1.0889790261216888e-05,6.138396059623701e-06,1.4764729506412409e-05,1
0.11303277952219645,0.8869304817247211,1.2544776402406849e-05,3.62417356337388e-08,8.668826944088134e-06,4.5484610201474305e-06,1.0940446980062465e-05,1
0.13647181821573007,0.8634961504844868,1.026755750816416e-05,3.8145206258498754e-08,9.608454095250263e-06,5.344027031249831e-06,6.773115942517167e-06,1
0.14084425248323476,0.8591217731469157,1.1559530927557653e-05,1.5423241864497581e-07,1.0229629040461863e-05,5.306025431328184e-06,6.724952031525445e-06,1
0.15498943531230877,0.8449773222623655,1.0245125222186605e-05,1.5499765054884992e-07,1.075163269016069e-05,5.3323515434289486e-06,6.758318219333159e-06,1
0.18239568613441834,0.8175725119720649,1.102967405494069e-05,1.4653204548253843e-07,1.049096183319353e-05,4.9666154780206156e-06,5.168110105017071e-06,1
0.23683869688236348,0.7629550235110386,9.843880698352432e-06,2.010560725515157e-07,0.00018111185920745352,6.935498152520846e-06,8.18731246701102e-06,0
0.09525638801663147,0.9046577270352956,6.104514294761222e-06,1.140582580879063e-07,7.179815167881718e-05,3.845447565490616e-06,4.022776275616774e-06,1
0.16011885678724483,0.8396005263184545,8.995162702492461e-06,2.0473757294454973e-07,0.00025774137819665235,6.194195645221791e-06,7.481420183123041e-06,1
0.18237249087789448,0.8174799356362914,9.594367195659966e-06,2.072002043227429e-07,0.0001254055572157127,6.043828254548593e-06,6.322532943755919e-06,1
0.10622322524364655,0.8936808791597912,9.968424978853725e-06,1.9710290283101098e-07,7.209766612138492e-05,6.6806842471870625e-06,6.951718311818242e-06,1
0.07723469893716017,0.9226817216581131,1.433734157131478e-05,2.3178691373252506e-07,5.1597546388182285e-05,7.974116399904576e-06,9.438613453551556e-06,1
0.08301849874920965,0.9169054251011352,1.3514785050611003e-05,2.148569974190352e-07,4.620561857696919e-05,7.391680052871633e-06,8.749208977212542e-06,1
0.05581424073005342,0.9441251721759646,9.821378496098304e-06,1.8350507005091885e-07,3.789028680326692e-05,6.219793890195563e-06,6.472129722402822e-06,1
0.05710696397224275,0.9428257839723372,7.053292560598261e-06,1.3103249858547784e-07,5.100501366138059e-05,4.441267665753702e-06,4.621449033862979e-06,1
0.04723713647139488,0.9526978825400311,6.183724154752395e-06,1.077222706259385e-07,4.6051433790501346e-05,8.838799111315232e-06,3.799309246820269e-06,1
0.12392008464148892,0.875778349180137,8.60251176745427e-06,1.7910059016534422e-07,0.0002714359793327262,1.681633832849799e-05,4.532248355363363e-06,1
0.21123701463578604,0.7885471111041633,9.983100976247442e-06,2.0273457528937133e-07,0.00018632179745368274,6.99339867991932e-06,1.2373228365687163e-05,1
0.6474473476897135,0.35242619307001943,6.489703104300384e-06,1.1376430581010891e-07,0.00010898820930204284,3.924338731756842e-06,6.943224823112576e-06,1
0.4359567312257588,0.563848424431545,8.162918570175777e-06,1.5164486380332532e-07,0.00017309287969607764,5.112728695180044e-06,8.324170871076986e-06,1
0.12251619099034117,0.877225208450963,8.121941460196043e-06,2.131137898512756e-07,0.0002294746527999615,1.6508636524327585e-05,4.2822141215021585e-06,1
0.0673150555412972,0.932575835807476,1.38508795528871e-05,1.1829139341770148e-07,7.895902030739674e-05,1.309318314460177e-05,3.087276828685881e-06,1
0.06008431273646388,0.9397698470431911,1.7101665633236766e-05,1.1177776610092912e-07,0.0001121888633638568,1.3248842896261166e-05,3.1890706854355096e-06,1
0.09911432060563431,0.8996189340992388,2.1374119989252982e-05,1.4100011200172952e-07,0.0012245169893655018,1.6690342876826013e-05,4.022842783297642e-06,1
0.08280585430756772,0.9155922740850847,2.2882444527389022e-05,1.43697280471004e-07,0.001546086403813735,2.8659266629968404e-05,4.099795096015137e-06,1
0.026462907364131722,0.9725923409106808,2.65739220310762e-05,1.4618058910089557e-07,0.000889399430415452,2.4865491339782208e-05,3.7667008121198288e-06,1
0.027496125762421355,0.9714736856805716,2.1702100678906228e-05,1.5220742348188634e-07,0.0009766110211102926,2.773740938211738e-05,3.9858184123301644e-06,1
0.028000666580487565,0.9717748088328922,2.5362357852337432e-05,1.4040922414120668e-07,0.00015049411976648656,3.467588498941397e-05,1.385181478783724e-05,1
0.035461243295607583,0.9556976623640947,4.542100870727851e-05,2.944246462315791e-07,0.008675314730104187,0.00010508944311039905,1.4974733729720112e-05,1
0.028011674216596647,0.9640768500831854,4.0530414239470125e-05,2.5688207412413116e-07,0.0077751153488850675,8.213619049015683e-05,1.3436864529333721e-05,1
0.019893121468740595,0.9799190502820617,2.950018289285535e-05,1.4126627614475516e-07,0.00012031760878626626,3.465133406288827e-05,3.2178571793487666e-06,1
0.020638302774851593,0.9791942393134744,2.3448969314366277e-05,1.7296748839537678e-07,9.579550572099568e-05,4.440280190165376e-05,3.637667248498009e-06,1
0.026200917438258614,0.9736354052104683,2.315785828385591e-05,1.6304691991000724e-07,9.938210145209838e-05,3.754531615616085e-05,3.4290284609403192e-06,1
0.025684369382538447,0.974142984437038,2.412329623179237e-05,1.710711429947673e-07,0.0001035252847685977,4.12545455722298e-05,3.571982708270428e-06,1
0.022955576726685377,0.9768722599225171,2.1130557153770053e-05,1.4160003401284207e-07,0.00010947363148931531,3.830079651489e-05,3.116765605185168e-06,1
0.016177367016562107,0.9836643807161557,1.958423382348419e-05,7.74224259463526e-08,8.776209068201961e-05,4.793868633264157e-05,2.8898340183399247e-06,1
0.006732825264871924,0.9910248508196476,2.2557543279414604e-05,1.6032190857553634e-07,0.0021680961265075796,4.578248624945481e-05,5.727437535359816e-06,1
0.005027944795448895,0.9938364165664794,1.94492038830007e-05,1.3045752235738065e-07,0.001083444533730374,3.0039086877435657e-05,2.5753560586201243e-06,1
0.005150701793575739,0.9915696283577834,2.2132038975026993e-05,2.65915013795966e-07,0.003227878891088796,2.672278784829092e-05,2.670215714918383e-06,1
0.0053210797041164095,0.9911647252861067,2.2735576619201255e-05,2.658064285763186e-07,0.0034583606804421867,3.0163820942742228e-05,2.6691253441425044e-06,1
0.006484155747283177,0.9884260881917954,1.9545123653765575e-05,3.0013606909811047e-07,0.005036280107092995,3.1053375512108044e-05,2.57731859325197e-06,1
0.0071883601660014925,0.9877826358832021,1.9521024000725796e-05,3.131603957545703e-07,0.004967068759818066,3.942018603549925e-05,2.680820546398392e-06,1
0.0021253693438745987,0.9854171933859279,2.4111445752973646e-05,5.760499844579833e-07,0.01238213097983566,4.808953016736776e-05,2.5292644571705554e-06,1
0.0022221064800603237,0.9837472009668938,3.1869171243267954e-05,7.920155661576333e-07,0.013931126251937398,6.356207286836511e-05,3.343041430650776e-06,1
0.8170837525792666,0.13186119511252553,1.3307071442334333e-05,2.2582624865947277e-07,1.5645000584825903e-05,7.654330826830728e-06,0.05101822007910519,0
0.8365442376166529,0.14243873768805318,1.2431698954804532e-05,2.444013395450518e-07,1.615881919071441e-05,8.28392943027326e-06,0.02097990584637842,0
0.9419744538632567,0.045190167427275815,1.4189853164878862e-05,2.1838565988292426e-07,1.4098174849744332e-05,7.513160360072045e-06,0.012799359135433008,0
0.9372631697128407,0.0544245382052012,1.375233674962499e-05,2.1165216447993332e-07,1.3044516050312609e-05,7.28150673055443e-06,0.008278002070263206,0
0.9192617382973216,0.06895268699549423,1.2745417768182359e-05,3.264304915846567e-08,1.211367979638878e-05,6.761633402410526e-06,0.011753921333168332,0
0.9073179036652583,0.0857198423776548,7.5213538300595914e-06,2.1368517461940323e-08,9.611530159830614e-06,5.040488965381102e-06,0.006940059215614204,0
0.8367357657007802,0.15705075093304866,8.878219801589016e-06,2.52234370497227e-08,1.1409963464593246e-05,5.9498023830881076e-06,0.006187220157084738,0
0.8304014551829584,0.16421919661313103,1.0090519813562394e-05,5.2590242542304454e-08,1.3056165489131577e-05,6.876257981182258e-06,0.0053492726703842156,0
0.8414978190116261,0.15576829615132964,9.260497552152583e-06,1.2267203599243936e-07,1.571909219011615e-05,4.981129025333766e-06,0.0027038014462405597,0
0.7331897315061271,0.266350850061892,1.0149896477067995e-05,2.1707826950799622e-09,1.2663232238332066e-05,5.925869532642306e-06,0.0004306772629500387,0
0.8050010439759367,0.19497257416002345,6.644661153786219e-06,1.0655501993318044e-07,8.825079927059735e-06,3.6116588690182513e-06,7.193909069924584e-06,0
0.7056049316825383,0.29436389019416254,6.817188383846529e-06,1.2737260525690865e-07,9.26523103780616e-06,4.2943859590354105e-06,1.067394531326228e-05,0
0.6834048253721792,0.31647091608543265,1.0705420276712225e-05,2.422638205607132e-07,9.724225267214143e-05,7.289807473027022e-06,8.77879814587597e-06,0
0.8493810030051169,0.15050086274975166,8.938542606992408e-06,2.0268522715701505e-07,9.35817005632827e-05,6.098873039241556e-06,9.312443694906335e-06,0
0.7958045401331104,0.20404862304428695,8.873809319417738e-06,2.392072764166676e-07,0.00012415987138355552,6.452825223098807e-06,7.111109400099267e-06,0
0.13058212322961105,0.8693811089696645,1.3992150789110398e-05,1.6386497217923863e-07,1.0301475768941933e-05,5.637475528573514e-06,6.672833665771218e-06,1
0.09401367239060891,0.9059546740020343,1.1638928241977052e-05,1.3661853552002192e-07,9.2209431120828e-06,4.700111564424114e-06,5.957005902562774e-06,1
0.10970308729863533,0.8902621291282264,1.0383198116714334e-05,1.5107071283302292e-07,7.850258258529006e-06,5.197312368556499e-06,1.120173368161047e-05,1
0.08895110553822823,0.9110224725252243,9.877206703757013e-06,1.15939327646083e-07,7.38478320739419e-06,3.9886811300290214e-06,5.055326178823359e-06,1
0.11608557957626017,0.8838843602223335,1.0487312391853259e-05,1.2334778111618023e-07,6.345651341070641e-06,4.243382386112998e-06,8.860507506398278e-06,1
0.06873522329300563,0.9312335239945359,1.1056088138447511e-05,1.100747185133638e-07,6.43570987946193e-06,4.008695278410427e-06,9.642144443672614e-06,1
0.10837777460853142,0.8915652137419271,1.5803328241697434e-05,4.565514650990738e-08,9.529084815434932e-06,5.86253618544771e-06,2.5771045152300347e-05,1
0.17346440613484657,0.826456000444633,1.9213332256629277e-05,4.82407841549046e-08,1.0671945019226511e-05,6.055970563382757e-06,4.360393189707169e-05,1
0.17135530082571024,0.8285961752941059,1.8321294342928577e-05,1.6252882521346722e-07,1.1684473933985454e-05,6.601180967465771e-06,1.1754402114373117e-05,1
0.10033324789136236,0.8996324949886896,6.63607063412862e-06,1.1110172543583598e-07,1.0224359137161784e-05,3.507779850291412e-06,1.3777808600889116e-05,1
0.021372461414259126,0.9785673411109463,2.7095112353418755e-06,5.469114996704723e-08,4.893338654802334e-05,1.7175951860597033e-06,6.782290675077579e-06,1
0.04442225377858323,0.9555122478569522,5.417575970052853e-06,9.824869779814363e-08,4.8146243341617625e-05,8.845354043243015e-06,2.9909424116505355e-06,1
0.057388858688487226,0.9425582217397771,5.409383785233814e-06,9.901685898381745e-08,2.796431963367455e-05,6.607734079400042e-06,1.2839117378404095e-05,1
0.0561892457019894,0.9437612036462654,4.552115749604299e-06,9.484659013136926e-08,2.8403022257589552e-05,3.2717656436886024e-06,1.3228901503957455e-05,1
0.060728297920054415,0.9392174197140473,5.893437525585849e-06,1.1968260729675667e-07,3.6836324587345945e-05,4.128492570563128e-06,7.304428607552189e-06,1
0.06255255359031088,0.9373891891893877,7.505967561382929e-06,1.3157939205078318e-07,3.8050287937886414e-05,4.538876239334673e-06,8.030509170617904e-06,1
0.05686244588548935,0.9430823381851405,7.1725724477043505e-06,1.257349854487319e-07,3.58180237857538e-05,4.425782837138765e-06,7.673815313904547e-06,1
0.1747123943438237,0.8251783947052833,9.761025309496163e-06,1.7111048848966503e-07,6.938989843286448e-05,6.02296855174629e-06,2.386594811040204e-05,1
0.16266278901046075,0.8372833286653574,7.633222888915894e-06,1.1326822395729763e-07,2.2762390673722217e-05,4.710023788554593e-06,1.8663418606728637e-05,1
0.127491822647845,0.8724802435644476,6.494951225975607e-06,8.916931085721252e-08,6.249286584317694e-06,4.134254582581295e-06,1.0966126003692597e-05,1
0.2255902478586512,0.7743765196772368,1.1919868244498515e-05,4.936354107850667e-08,8.596120904134506e-06,5.457702547335783e-06,7.2094088748876615e-06,1
0.2297437992975872,0.7702164395907172,1.3624193672068373e-05,5.0628219789295266e-08,1.0007850262999704e-05,7.091078789149569e-06,8.98736075165428e-06,1
0.24154046260078607,0.758422793097441,1.064870480363941e-05,5.054817931116285e-08,9.992028392835954e-06,7.079868176982674e-06,8.973152220232384e-06,1
0.19893813076255382,0.8010280843686374,9.318213803622365e-06,4.423249126450345e-08,1.0375129532065065e-05,6.195281641391683e-06,7.852011340571427e-06,1
0.13974186925474866,0.860222976384345,1.182652471511511e-05,4.394798745762981e-08,9.326947544438112e-06,6.155433530619664e-06,7.801507128528541e-06,1
0.5630844612308827,0.43676562633512944,1.0838257591647255e-05,1.57621272236563e-07,0.00012793459875245917,5.422672418631942e-06,5.559283952851322e-06,0
0.4809915317511124,0.5188519982585549,8.372081377213367e-06,1.5642428467508827e-07,0.00013704292608571805,5.381492244516148e-06,5.5170663406734305e-06,0
0.19184448936974424,0.8080941216064812,7.407775999030109e-06,1.376179124536581e-07,4.435016084200732e-05,4.639755816759506e-06,4.853713204104958e-06,1
0.09432820311607885,0.9055794890383418,6.464692039378783e-06,1.2078790833843727e-07,7.738990188862693e-05,4.072336153886931e-06,4.2601275891022895e-06,1
0.17508200111109626,0.8244008705615049,9.553664750056343e-06,1.7850103304306223e-07,0.0004950822625689631,6.018188357122143e-06,6.295710689825846e-06,1
0.09268697927648131,0.9072512466420692,7.061499527736648e-06,1.3193880736972198e-07,4.538816601873962e-05,4.539063015631832e-06,4.653414079943468e-06,1
0.10072459713714225,0.8992147167647224,8.63146461375055e-06,1.2552919317071372e-07,4.3183199646977346e-05,4.318554407624939e-06,4.42735027388609e-06,1
0.07757155564367296,0.922354890925517,8.174832030293889e-06,1.5186789109385056e-07,5.472295749188469e-05,5.147470753153107e-06,5.3563026435967595e-06,1
0.07799928120226861,0.9219272461555262,8.124355853095177e-06,1.517974783817863e-07,5.469758549375244e-05,5.14508415666197e-06,5.353819223348699e-06,1
0.10858226252852793,0.8913467243754853,1.1718077371537634e-05,2.31698294407392e-07,4.2920372639872385e-05,7.97106764791719e-06,8.171880032786119e-06,1
0.10774456735351381,0.8921833206928469,1.5031567369339806e-05,2.186072246601676e-07,4.163091599855004e-05,7.52069833119166e-06,7.710164715680442e-06,1
0.046084362329725216,0.9538571376056076,1.1981589492015156e-05,1.742507591862591e-07,3.4203777305378725e-05,5.994712186928753e-06,6.145734923660205e-06,1
0.24930167536654205,0.7503646322731349,1.3107082233900628e-05,2.494089098508346e-07,0.0002832204643702932,1.97899819508756e-05,1.732542285820409e-05,1
0.04085053419412693,0.9589388306185678,9.1962097653613e-06,1.572283110497629e-07,0.00018408787115598433,1.1648453815282958e-05,5.5454242574633004e-06,1
0.07983296850905883,0.9198678009121573,7.79327198955072e-06,1.568651785225844e-07,0.0002699363859064233,1.2871204644546291e-05,8.472851065008023e-06,1
0.05880712434697171,0.9410873376522528,1.5985803407214783e-05,1.1727398461436261e-07,7.212632999941787e-05,1.3962713075795097e-05,3.3458803082554187e-06,1
0.053232420985021844,0.946629643875822,1.7197305039131163e-05,1.1240287241345805e-07,0.00010409559022577032,1.3322935764789948e-05,3.2069052538483967e-06,1
0.05324452259381254,0.9466091392139824,1.714110203596019e-05,1.120355253797045e-07,0.00011260923527010887,1.3279394698365216e-05,3.196424675307693e-06,1
0.056237444663040016,0.9436058062763946,1.858602065795571e-05,1.1677602499295427e-07,0.00012205494108449784,1.2659649504939295e-05,3.3316732929735952e-06,1
0.045181371219395,0.9546692544727273,1.7504910984643834e-05,1.1547713601577947e-07,0.00011590183885430237,1.2557465504834766e-05,3.294615397604643e-06,1
0.10414885001658025,0.894592659380169,2.1234836444791614e-05,1.4008129076469498e-07,0.0012165374764490542,1.6581580966846617e-05,3.996628099280229e-06,1
0.03342885745746065,0.9631473362103699,1.9078780654877207e-05,1.4424141569543485e-07,0.0033722581938336253,2.827569161530688e-05,4.04942464982892e-06,1
0.06315753379887176,0.9355304120634157,3.310056316656251e-05,2.5643641128454435e-07,0.0012310973328622432,4.072303387056084e-05,6.876771402049603e-06,1
0.02601384716639855,0.9730509894692344,2.9268226484935764e-05,1.5016278278082488e-07,0.0008760990872526004,2.5713611938251962e-05,3.932275908512279e-06,1
0.04214546646640027,0.9557024164994526,3.3526555831922464e-05,3.0003574485602314e-07,0.002038354074705061,7.274902474351669e-05,7.1873431218850425e-06,1
0.08113706930645212,0.9171532000637916,3.406912239243901e-05,3.070470989662989e-07,0.0015486147815792566,9.8837833649446e-05,2.7901845036066e-05,1
0.02974891068827024,0.9700391115001756,3.787767327200475e-05,1.4133575042315107e-07,0.00011954993650491512,4.021969541320217e-05,1.4189170613752414e-05,1
0.022291840042865163,0.9774938171446397,3.912886141912009e-05,1.4600440085537808e-07,0.00011807201197142455,4.4300406167881154e-05,1.269552853604552e-05,1
0.035947153085881,0.9557825092898877,4.1059013395890314e-05,2.6604357644248447e-07,0.008117331434872845,9.814988842001617e-05,1.3531243965884193e-05,1
0.033954930711652356,0.9575066682100609,4.278422841297416e-05,2.77332707337308e-07,0.008394099887733633,8.867513296393229e-05,1.2564496468815359e-05,1
0.021307880295484968,0.978527619925522,2.3274219310230987e-05,1.6386617990872872e-07,9.988146556368983e-05,3.7733969678000276e-05,3.4462582611357256e-06,1
0.005285965018449259,0.9939697062220153,2.1902809516123474e-05,1.4691533285002922e-07,0.0006878632685532084,3.151551718070465e-05,2.9002489524752896e-06,1
0.005509799850692816,0.9935160031703563,2.131312594116975e-05,1.4295997001738678e-07,0.0009170008322139477,3.2917894512695554e-05,2.822166313383147e-06,1
0.005737504623086343,0.9928759529234301,2.138439405106401e-05,1.4273535556601344e-07,0.0013293314169711779,3.2866174896250226e-05,2.817732209640065e-06,1
0.005385709308835429,0.9932362591223987,2.216923851803895e-05,1.3549009332803092e-07,0.001324211541899067,2.884059444061192e-05,2.674703814928074e-06,1
0.006220420989801245,0.9896757858435372,2.2225373897204113e-05,3.107316521233722e-07,0.004042874860582105,3.526195346776846e-05,3.120247062315244e-06,1
0.006746541037921039,0.9888029914901003,2.4046128098656306e-05,3.3701317744706553e-07,0.004384819163014233,3.810277432216038e-05,3.162393366115619e-06,1
0.006166933915876839,0.9891378908243931,2.243045925996603e-05,3.9366574590322085e-07,0.004622719671333581,4.108154075971814e-05,8.549922630921357e-06,1
0.7982988448312036,0.1439252274920829,1.2871118527795993e-05,2.487402875485089e-07,1.7330422209617405e-05,8.430997114636905e-06,0.057737046398573806,0
0.9168116980408034,0.0727706880484819,1.55734606837496e-05,2.3031401834325004e-07,1.4194682059929596e-05,7.923534499770162e-06,0.010379691919452778,0
0.9166626296703156,0.07906221321115293,5.18042350968155e-06,1.47178251054304e-08,6.2474535332001766e-06,3.4716977988979684e-06,0.004260242825864439,0
0.9326890003749271,0.06142860906790019,5.246710953561277e-06,1.490615082897107e-08,6.401034007015401e-06,3.5688600690598193e-06,0.005867159045992098,0
0.8769090698579376,0.11713793399796424,5.94434239518845e-06,1.6888154332493345e-08,7.639451496570712e-06,3.983643493761423e-06,0.00593541181855853,0
0.932553473893296,0.06490364643108189,6.624420455249297e-06,8.158605663256863e-08,5.805331517436264e-06,3.3924483094813863e-06,0.002526975889283275,0
0.7629754504574113,0.23310428762848343,1.5736409038836242e-05,1.9380888754100685e-07,1.3711597532758024e-05,7.221157548181463e-06,0.0038833989410979,0
0.841411320558609,0.1509735467374672,1.1660778144058344e-05,2.0944214548931497e-07,1.5066268654606346e-05,7.945997104175157e-06,0.007580250217875361,0
0.8607118519816928,0.13680531634261647,1.0122761129660987e-05,1.3409427632233318e-07,1.4008762615232118e-05,5.570932317584533e-06,0.0024529951253521374,0
0.7925892357113936,0.20389823255633316,1.2469099151636451e-05,1.6517576634608442e-07,1.7717868361931575e-05,6.862209484670887e-06,0.003475317379508685,0
0.7779122852884901,0.22069295500130842,8.767295268765334e-06,1.2863158875280834e-07,1.557988057504289e-05,5.223118171372816e-06,0.0013650607845974235,0
0.6825613654545605,0.3171483828531416,9.17283032595383e-06,3.823572205563066e-08,1.2831110202089124e-05,4.7987670499491545e-06,0.00026341074899776984,0
0.8287953192221124,0.1711520021026762,6.846654727121038e-06,7.964376250228612e-08,8.921131647853709e-06,3.5557598278222064e-06,3.327548524617149e-05,0
0.7806714266339936,0.21929483249721804,6.34460394558471e-06,1.1854281976236188e-07,8.55915501666064e-06,4.017982696841933e-06,1.4700584309455809e-05,0
0.7113976703229716,0.2885735839376125,6.859207786930168e-06,1.28157697371245e-07,8.762114283674294e-06,4.3438768500448865e-06,8.65238279789913e-06,0
0.7314038678068564,0.2684803158717144,7.865863435249045e-06,1.520770827911716e-07,8.804761025003972e-05,5.127301021379165e-06,1.4623469639818734e-05,0
0.6475759788094574,0.3522926135892332,1.0946267468350548e-05,2.7078899629535755e-07,9.84134599012807e-05,8.148140503351323e-06,1.3628944440233688e-05,0
0.7493565857061855,0.2505118685277979,8.998945380198878e-06,1.8970158525452185e-07,0.00010629191000115165,6.39581660813671e-06,9.669392441776826e-06,0
0.26841840595145416,0.7315058394295145,1.499202872190104e-05,2.184672322607768e-07,4.42821468195865e-05,7.365654591406901e-06,8.896321666005637e-06,0
0.12236032984024658,0.8776069155714387,1.1196795111692579e-05,1.6316222998352789e-07,9.137115085082107e-06,5.6132989649154674e-06,6.644216922854572e-06,1
0.13883410123231824,0.861127667790581,1.454896909435908e-05,1.7038598653033308e-07,1.071142348646416e-05,5.861819135000644e-06,6.938379398445338e-06,1
0.1364249145337936,0.863538569686752,1.3896242969017173e-05,1.6274177585951495e-07,1.023086531743713e-05,5.598834007557661e-06,6.62709538433225e-06,1
0.1204167707830967,0.8795465969398907,1.5611104185726568e-05,1.5893325722883836e-07,8.922424051158152e-06,5.467808869634526e-06,6.472006648786636e-06,1
0.09998293855716811,0.8999749848351121,1.5020708601011267e-05,1.535808642559292e-07,1.0230789947854959e-05,5.283669550518301e-06,1.138785875650166e-05,1
0.10470525877993705,0.8952535288765578,1.5288319552297868e-05,1.5631708145277843e-07,8.799156388466769e-06,5.377804113158246e-06,1.1590746369589347e-05,1
0.10593943219890177,0.8940255481042638,1.4144425431459969e-05,1.446212119460806e-07,9.449272901547328e-06,4.975429052444984e-06,6.305948236960327e-06,1
0.07094736258379776,0.9290312501024947,7.321451651638122e-06,9.744649438599076e-08,6.366967240570683e-06,3.3524689269492345e-06,4.248979393841646e-06,1
0.038975228379073565,0.961008226696299,5.472829384806591e-06,6.43693384749102e-08,3.969051521739072e-06,2.2657555361334043e-06,4.772918846438482e-06,1
0.07513063450477613,0.924847755084433,7.5190518490768935e-06,8.843622913355896e-08,4.607872403882585e-06,3.0423630940400524e-06,6.352687214838511e-06,1
0.17373688452841912,0.8262202248369699,1.3809899626674021e-05,1.5649182219745694e-07,1.1250463509758755e-05,6.355985388420152e-06,1.1317794263903105e-05,1
0.01948240430593107,0.9804723155059564,2.8356875068894236e-06,5.3740064502789934e-08,3.704237699603022e-05,1.8118541108031623e-06,3.53652943418559e-06,1
0.04750642726185314,0.9524564484571368,4.368270834179744e-06,9.049602156679205e-08,2.4020700134377788e-05,3.1216912895090826e-06,5.523122730465858e-06,1
0.10667347292749386,0.8932922969282597,1.1561307885806341e-05,3.643867742237281e-08,6.9534939545042255e-06,4.679005092915809e-06,1.0999898635978795e-05,1
0.13313963185987604,0.8668269351406662,1.2565297501445592e-05,1.4191462327681965e-07,8.247532501375154e-06,5.168181136669055e-06,7.310073694912626e-06,1
0.1128242921966516,0.8871466852153046,8.906580996150611e-06,1.3474692586839282e-07,9.47025833281529e-06,4.635670125207339e-06,5.875331663872443e-06,1
0.17734774383751906,0.8226168038012692,1.0310275690880142e-05,1.5867970237699255e-07,1.3927829686726107e-05,5.459024397367426e-06,5.596551734571679e-06,0
0.24749575342413194,0.7524730816785263,7.728019228649764e-06,1.519309223067803e-07,1.2776814310253177e-05,5.149607158174305e-06,5.358525722155452e-06,0
0.6685492575001011,0.33140038282995893,6.352275700843028e-06,1.2488274499645246e-07,3.524503852966981e-05,4.2328730625419694e-06,4.404599902003307e-06,0
0.10187896131856913,0.8980326066023977,6.989747163077516e-06,1.5095245938657595e-07,7.219230768399837e-05,4.492941295531288e-06,4.606130431100533e-06,1
0.1412504027925934,0.85867241391103,1.3413255524153282e-05,2.491846709030017e-07,4.6159592838848226e-05,8.572647777455715e-06,8.78861556506846e-06,1
0.12058670641026041,0.8793380454656216,1.5936247017827103e-05,2.3176416979456118e-07,4.2932575561660515e-05,7.973333944994607e-06,8.174203423911791e-06,1
0.09253049997586343,0.9074102203496766,1.2554406457368177e-05,1.8258135598679643e-07,3.3821827890833566e-05,6.281307954991891e-06,6.439550801026159e-06,1
0.06493168351549596,0.9350051555663766,1.2936194126391448e-05,1.881337738208069e-07,3.692888187941281e-05,6.47232661690133e-06,6.635381730845848e-06,1
0.059052246918969854,0.9408909047208004,6.4596887136541206e-06,1.2000482681845776e-07,4.1907657188946346e-05,4.12850079493721e-06,4.2325087054435575e-06,1
0.16768839072504724,0.8320605411770186,7.595413233133663e-06,1.6049067012898618e-07,0.00021938653240436367,1.6189451280984614e-05,7.736210345639644e-06,1
0.2365118961412767,0.7631484780056601,1.3330385558810958e-05,2.536580507227751e-07,0.00029252009293725733,2.1747041926250293e-05,1.1774674590132687e-05,1
0.25352915760860684,0.7460981023830671,1.4413277549602556e-05,2.7147996501675857e-07,0.00031799771204001374,2.1111469151183832e-05,1.8946069620283145e-05,1
0.26331311771405363,0.7363680855565901,1.9625616687512826e-05,2.5482127058370544e-07,0.00026267049260923525,1.8256351816909467e-05,1.79894469720787e-05,1
0.3332645670382779,0.6662864670187282,1.3031757024720013e-05,2.0717552614792091e-07,0.0004204561485797468,7.1465908023159964e-06,8.124271061034052e-06,1
0.11545446266581989,0.8842790598971859,7.6076981123222875e-06,1.6072939852760258e-07,0.00023760557556361565,1.4574656229127722e-05,6.5287776905204605e-06,1
0.044653875522043605,0.9552141476519289,1.735228455663504e-05,1.130539675236739e-07,9.7825730975601e-05,1.3460275233284699e-05,3.2254812945213234e-06,1
0.07709017654371482,0.9218688443401886,2.3613526430307646e-05,1.483621910831113e-07,0.0009957501866702935,1.7234152183439988e-05,4.232888621433145e-06,1
0.07092258544405045,0.9278717703370792,1.9571242046721668e-05,1.4537431092602266e-07,0.001164840781729131,1.693917870508432e-05,4.1476420783158275e-06,1
0.07084995546597547,0.9279012415106824,2.322411245190153e-05,2.723285324912823e-07,0.0011797944265537783,3.907873842912065e-05,6.433417375041572e-06,1
0.0722035344646219,0.9268548318273759,2.5387704630362914e-05,1.8404395784801572e-07,0.0008817213742894633,2.9250358864170916e-05,5.090226260147024e-06,1
0.021380272644205056,0.9778145798216532,1.9337081258578376e-05,1.2395136803792498e-07,0.0007608499279201395,2.1642663093412763e-05,3.1939105015479485e-06,1
0.021721077125017044,0.9769097490296385,3.243174713544995e-05,1.4528423496752963e-07,0.0013079140734443063,2.48782179546683e-05,3.804522575232977e-06,1
0.031946060258040296,0.9650488165541993,3.065258042389182e-05,1.717400733283214e-07,0.0029385766361010226,3.129692765471074e-05,4.425303507518455e-06,1
0.03041335770371559,0.9693675124526,2.6786513889986267e-05,1.373583210009698e-07,0.00011641553972141727,4.853424956697575e-05,2.7256182185037294e-05,1
0.023796837220360644,0.9760391677055008,2.9507865255954654e-05,1.4070694773562594e-07,9.140956946639043e-05,3.973181604356327e-05,3.205116424895199e-06,1
0.01736065126030069,0.9824514786594438,2.682579315830829e-05,1.3427031830235838e-07,0.00012728342230673186,3.0568095872734294e-05,3.058498599339834e-06,1
0.011426388649531823,0.9884180030688055,2.173635440496031e-05,1.2236615167080466e-07,0.00010290789762144563,2.8426065969638774e-05,2.4155975148124904e-06,1
0.006012233960995319,0.9886845698595592,2.1746120875278575e-05,3.817687344104208e-07,0.005235033001485616,4.01267547117756e-05,5.908533638290189e-06,1
0.020892646562338787,0.9713543968509547,2.907962547741599e-05,9.701175654814973e-07,0.007627188041293297,8.422511133843158e-05,1.149369103172479e-05,1
0.8041603117888877,0.15669644427740673,1.2039926389359583e-05,2.3669927564052474e-07,1.6421847862083023e-05,8.022869675153563e-06,0.039106522590503366,0
0.9044248804430683,0.08592074519263122,1.3869329219923808e-05,2.13452690680044e-07,1.3155487020872956e-05,7.343151045797864e-06,0.009619792944323151,0
0.9043782528474448,0.0864216221462357,1.2539060610038584e-05,3.211453554047312e-08,1.191755091439271e-05,6.652157865499157e-06,0.009168984122394253,0
0.9354476350748314,0.05900193085908606,5.27724969844481e-06,1.4992912829277647e-08,6.364223352108771e-06,3.5365865605555563e-06,0.005535241013558537,0
0.9493378374147767,0.048473052948495646,6.428231118728228e-06,7.91697978174401e-08,5.6334003807602775e-06,3.291977304128492e-06,0.002173676858126302,0
0.767241330093678,0.22922131610403484,1.111677575574055e-05,1.369136972066307e-07,9.686374740797214e-06,5.101290196632002e-06,0.003511312447896649,0
0.8534447103594616,0.13953046699211216,1.2518286183798045e-05,5.9422199379477346e-08,1.5183971926972711e-05,7.630351027467984e-06,0.006989430617088673,0
0.857092664814584,0.1384037263079282,1.0384009450076376e-05,1.5235161954065264e-07,1.2164818614896561e-05,6.3294316820442e-06,0.004474578266121159,0
0.8253769031616092,0.17263716863828465,1.1648394392625725e-05,1.5430404771870594e-07,1.655169438999276e-05,6.410545101148937e-06,0.0019511632621748729,0
0.8139393429937547,0.18346781309636967,1.0105183188616038e-05,1.338614247067051e-07,1.5547675348901184e-05,5.4354769820580375e-06,0.00256162171293126,0
0.8084714247212534,0.19145628391071973,6.5245475467119425e-06,1.1647728644162932e-07,9.16586569574251e-06,3.947971901088203e-06,5.253650559666891e-05,0
0.7850993447374306,0.21486531487387509,6.47978839826527e-06,1.2106861118231924e-07,9.527167604675571e-06,4.1985544756037e-06,1.5013809604683453e-05,0
0.793345444398647,0.20662275474280042,6.022177484032016e-06,1.1251859157628957e-07,7.898854426603494e-06,3.813792812865921e-06,1.395351523748428e-05,0
0.7565698353980725,0.243395746165874,6.463872569708486e-06,1.2077123924040493e-07,8.785040017259288e-06,4.071819941212757e-06,1.497693228632591e-05,0
0.7498226088948566,0.250136539105413,7.8719908219676e-06,1.4708057385187547e-07,9.634512665326106e-06,4.958842993926325e-06,1.8239572675317282e-05,0
0.7762103265533465,0.22375318297481414,7.102996972389311e-06,1.4943434787606204e-07,1.0060574802840716e-05,5.038200828366638e-06,1.4139264887579346e-05,0
0.5327697127671611,0.46673879712205735,1.1383729335311338e-05,2.57613964675525e-07,0.00046246928030792945,7.75169895571399e-06,9.627788217833294e-06,0
0.6964944147445427,0.3032338283166548,9.276467759603295e-06,2.099266037820577e-07,0.0002483467658192456,6.316768725498225e-06,7.607009894364815e-06,0
0.7439929687044711,0.2559136054252713,8.69232608435157e-06,1.967074689571445e-07,7.148984217726963e-05,5.919000096197449e-06,7.127994430881897e-06,0
0.3044467018448444,0.6954131769652053,1.2786649675767084e-05,2.393856121878833e-07,0.00010927608357565492,8.070920820856672e-06,9.748150265825667e-06,0
0.3078471451915341,0.692009796320397,1.634712826351038e-05,2.3821404917160383e-07,0.00010874128193527639,8.031421402931696e-06,9.700442418122554e-06,0
0.23133002071436626,0.7685473845327903,1.5150204529742025e-05,1.9192162277092957e-07,9.283456964082889e-05,6.602713425488954e-06,7.815343624594105e-06,0
0.25429575514872166,0.745577738522508,1.4439189512672596e-05,2.1041113430593914e-07,9.604965180454553e-05,7.238811350675069e-06,8.568264968269216e-06,0
0.2289334147626624,0.7709696745600639,1.2445959502772737e-05,1.8136533592871155e-07,7.065833341678114e-05,6.23954362809923e-06,7.385475390465085e-06,0
0.13637432263821625,0.8635900930837724,1.1292840800064644e-05,1.645618294705922e-07,1.1764214982519755e-05,5.6614496328294055e-06,6.701210766332381e-06,0
0.13637432263821625,0.8635900930837724,1.1292840800064644e-05,1.645618294705922e-07,1.1764214982519755e-05,5.6614496328294055e-06,6.701210766332381e-06,1
0.0856029209263296,0.9143668063584789,1.1520416979194845e-05,1.349179862511341e-07,8.481705075080047e-06,4.641607268106273e-06,5.49406788285343e-06,1
0.10125764926118024,0.8987001627217256,1.5060480052070943e-05,1.539875117709503e-07,1.025787877385652e-05,5.297659516672747e-06,1.1418011239932314e-05,1
0.1778351357683728,0.8221272061704606,1.3532630309379436e-05,1.3473124068813053e-07,7.081687001409705e-06,5.4755806775821546e-06,1.1433431937310704e-05,1
0.09128416857076271,0.9086815259265728,1.210014000888014e-05,1.204693277379028e-07,7.043448787932451e-06,4.488770186008869e-06,1.0552674354011368e-05,1
0.08032111659249673,0.9196481805679522,1.0347362392214901e-05,2.9893092061532495e-08,7.549800824703088e-06,3.751726853680636e-06,9.024056388426335e-06,1
0.06996322830715986,0.9300043193646126,1.0936968878236536e-05,3.1596440248117915e-08,7.979998527816837e-06,3.965505245010201e-06,9.538259136446877e-06,1
0.09636938306519807,0.9035887680961453,1.4063979004592125e-05,4.063024017135449e-08,1.0261575487813583e-05,5.21729249464366e-06,1.2265361429553336e-05,1
0.2072119103706037,0.792738166086667,2.0775319455092337e-05,5.962711549265693e-08,1.3039105363749628e-05,7.485368708838472e-06,8.5641220861535e-06,1
0.23637686076460857,0.7635753041981675,1.575206655799031e-05,6.564391119330667e-08,1.4348329357398786e-05,8.240695105109738e-06,9.428302292122973e-06,1
0.14138581198744682,0.8585717864222306,8.677284661994424e-06,1.1374778484533576e-07,1.0294067561541265e-05,4.731636133418017e-06,1.8584854180591927e-05,1
0.11111560135030422,0.8888448432207355,8.057811274147757e-06,1.1636787018661406e-07,1.0392321701526637e-05,4.259301864501317e-06,1.672962624995813e-05,1
0.07990799467769888,0.9199917563140616,6.347696575853244e-06,1.0832338513376227e-07,7.727633692561829e-05,3.337564917601408e-06,1.3179086435403704e-05,1
0.031856817113809895,0.9680717742499189,4.099043902040696e-06,7.950117343749511e-08,5.795004910401019e-05,2.680393654885217e-06,6.599648436844313e-06,1
0.02611480549125768,0.9738266008980536,3.321375380874463e-06,6.1228731021402e-08,4.3668239000146276e-05,4.48384261634553e-06,7.058924960614682e-06,1
0.06530727411847209,0.9346062439583329,5.76181156148807e-06,1.2173097473562467e-07,6.6558435871547e-05,1.0959469119661104e-05,3.0804756675172046e-06,1
0.058957680900581684,0.9409932971321419,4.969138384258256e-06,1.0170986280111606e-07,2.8187864148986847e-05,8.764692429712564e-06,6.9985624505110744e-06,1
0.03335176733221462,0.9666183574287742,3.035335584774223e-06,6.288204302555758e-08,1.8830830556837415e-05,2.169137632581314e-06,5.777053193878349e-06,1
0.0643627250393708,0.9355948763475496,6.8602556048856954e-06,1.0906258164232106e-07,2.7390316304791438e-05,3.762151144654742e-06,4.276827443632219e-06,1
0.05152984037484429,0.9484226644288629,5.9804363839330465e-06,1.0483687508120703e-07,2.990773224795359e-05,3.6163839480922394e-06,7.885806837846295e-06,1
0.059815985972104774,0.9401217433781307,6.844960154271135e-06,1.199919515166264e-07,3.434596882678571e-05,4.223632091909769e-06,1.6736096739824627e-05,1
0.1614778138398131,0.8384868260068546,9.288270370936168e-06,1.2751884336243606e-07,7.397678214460797e-06,5.912296029525433e-06,1.2634389873967457e-05,1
0.21900986244260603,0.7809589105595899,1.12606758488485e-05,4.183475987574214e-08,8.664189951134888e-06,5.251722794205209e-06,6.008574449926827e-06,1
0.17536349216955768,0.8245986723713543,1.2921447374644717e-05,4.801677761088444e-08,9.6168935656706e-06,6.725315538585197e-06,8.523785831636508e-06,0
0.14776384011824664,0.8522023807010694,1.1716255894492695e-05,1.500429547262784e-07,8.719919886575018e-06,5.464194953284304e-06,7.728766994730763e-06,1
0.13122814772834218,0.8687395685346616,1.1105998085647302e-05,1.4222775457970363e-07,8.75870672650552e-06,5.179372885621887e-06,7.0974315438698586e-06,1
0.5585077598859652,0.44132748462792665,7.24517107103952e-06,1.639640648721648e-07,0.0001461758676282651,5.178988736475052e-06,5.991494607458981e-06,0
0.12455946880901025,0.8753797378898467,8.352095100024932e-06,1.3278095571845303e-07,4.222769769682709e-05,4.673743472324067e-06,5.406983918280462e-06,1
0.10015816792193365,0.8997802804355302,8.928514937794341e-06,1.298492580932893e-07,4.353572414453025e-05,4.3778374471646105e-06,4.57971674844918e-06,1
0.09291920640660165,0.906997485950855,8.226810403078373e-06,1.307891893893784e-07,6.521463889702364e-05,4.409527011557997e-06,5.325877042283016e-06,1
0.11018224973952964,0.889733634975349,7.00793643872539e-06,1.301898955140627e-07,6.79961059729851e-05,4.389321958346769e-06,4.591730855606755e-06,1
0.08687831268783244,0.9130493651227627,7.603187320261532e-06,1.5033571449557216e-07,5.41708642597094e-05,5.095538549633998e-06,5.302263560649699e-06,1
0.09213301592271644,0.9077943753199164,7.559427723723471e-06,1.494704681279e-07,5.448591136014615e-05,5.1422010501227485e-06,5.27174676494559e-06,1
0.06771706003084299,0.9322241914464189,1.2032477001822565e-05,1.7499082687285015e-07,3.434904559839092e-05,6.0201725797596235e-06,6.1718367314720916e-06,1
0.04442723977623951,0.9555111139859601,6.434530378026996e-06,1.2022436038216918e-07,4.6797895254382996e-05,4.0533362659980745e-06,4.240251541662564e-06,1
0.18799473795902463,0.8117199182659073,7.396515054579162e-06,1.6811310371612194e-07,0.00025459267672640684,1.5652845016509262e-05,7.5336251670018555e-06,1
0.2394504509369097,0.7601955193772776,1.1887241996316654e-05,2.5117677938204613e-07,0.00030869745840382545,2.1534313366192835e-05,1.1659495266931009e-05,1
0.09010812134530856,0.9096244993987711,8.065998629089523e-06,1.5821465852266154e-07,0.0002393516091155543,1.4312572006583576e-05,5.490861510601037e-06,1
0.20301875369629585,0.7968517504803578,7.226115776330058e-06,1.667912077768156e-07,0.00010226982276321279,1.4807115352975104e-05,5.025978245899145e-06,1
0.05948970521837983,0.9404623274818139,5.519347316846034e-06,1.0840732263516796e-07,2.8722317925737847e-05,1.0573840939074003e-05,3.043386301842147e-06,1
0.08953973918409307,0.9091823675590485,2.45276153440645e-05,1.603125264931999e-07,0.0012306317248557022,1.799976315338596e-05,4.573840978704122e-06,1
0.0891342559877423,0.9095874690092229,2.40332923261382e-05,1.49608605756675e-07,0.001233324859079453,1.6498793222636115e-05,4.268449800806397e-06,1
0.05765008060493576,0.9410324224349031,2.234977110419344e-05,1.4743625611200804e-07,0.001273613842939492,1.717943888422469e-05,4.2064709770538285e-06,1
0.05314721634326625,0.9454655424847259,2.1694089745750066e-05,1.4421990985424842e-07,0.0013445493748659438,1.6804666589927493e-05,4.04882089616361e-06,1
0.042922177701329604,0.9536818446048515,1.891131717043433e-05,1.6771953923256334e-07,0.00334585054644998,2.703039644569572e-05,4.017714213642613e-06,1
0.021080806144621177,0.9777349786766162,2.4075313641310747e-05,1.405353017989308e-07,0.0011317808475508214,2.453831883997221e-05,3.680163428817367e-06,1
0.03416804856891014,0.9629375331343184,4.223692584348192e-05,1.7311262621799332e-07,0.002818100924857087,2.9446662751231827e-05,4.460670693517659e-06,1
0.02754979038176328,0.9691304978275185,2.947476761112222e-05,1.8248651366083352e-07,0.0032347305305755786,5.0621794161890535e-05,4.7022118561360135e-06,1
0.029916550686857096,0.9698782120208969,2.216611411690881e-05,1.4097192568807532e-07,0.0001280508390687433,4.2873450086463055e-05,1.2005917048290383e-05,1
0.031070566902619452,0.9686916305023294,3.4676116961648e-05,1.4611722974771714e-07,0.00013815644397139752,5.162912623663161e-05,1.3194790651712847e-05,1
0.02585361823866226,0.9738934409251581,3.672728308632274e-05,1.5476037489056332e-07,0.00013809270776357445,5.468309894356015e-05,2.3282986011156385e-05,1
0.025859291387111384,0.9739787519987702,2.6314535268542332e-05,1.416370358777593e-07,9.201379660660205e-05,3.990053206969681e-05,3.586113137871631e-06,1
0.02603979701429271,0.9737734364599874,2.619799815751384e-05,1.4160717867166196e-07,0.0001246788541348996,3.216270906695571e-05,3.5853571822108662e-06,1
0.022900989829953807,0.9769444508493842,2.596065519325351e-05,1.3998048828212824e-07,8.854943705912974e-05,3.67206792728143e-05,3.1885686483717493e-06,1
0.01887964095547976,0.980903761879403,3.060250324861322e-05,1.5308380655708098e-07,0.0001563078450204503,2.604463906516368e-05,3.4890939764510878e-06,1
0.018798237988682565,0.9809859916159518,2.774307557260766e-05,1.5309663966219514e-07,0.0001563209483985961,2.8063888285756917e-05,3.4893864692415403e-06,1
0.0059447348389357075,0.9926962041828623,2.1464787801919003e-05,1.4397725744511285e-07,0.0013039627815618435,3.064718304232656e-05,2.842248538562737e-06,1
0.006340955653830817,0.9914056844010158,1.8046263036776933e-05,2.57240695282313e-07,0.002206538028090498,2.5935301767101885e-05,2.5831115635554364e-06,1
0.006480257379578274,0.9908590668683581,1.760199700740721e-05,2.5090789928723747e-07,0.0026150065050656967,2.529682201574868e-05,2.5195200756434463e-06,1
0.005093112825561956,0.9924450133965669,2.018401513910238e-05,2.9904656852822633e-07,0.0024032266578973044,3.381026225372806e-05,4.353796012501837e-06,1
0.003790471340829943,0.972087859570243,3.612334747397805e-05,1.1494146161712934e-06,0.023951136910790177,0.00012755438440370499,5.705031643363318e-06,1
0.003644648252398874,0.9731500998474476,4.630890484021937e-05,1.0966248220473712e-06,0.023029713572709446,0.00012264724420815362,5.485553573480309e-06,1
0.0037904730649038995,0.972088301718781,3.566851969085946e-05,1.1494151389758807e-06,0.02395114780482621,0.00012755444242107866,5.70503423826395e-06,1
0.0035443800710342334,0.9843179592807554,3.058205624168451e-05,1.3068424154144498e-06,0.011956148140132771,0.00014313719692167514,6.48641249896696e-06,1
0.0031371941413703896,0.9847204646195008,3.028002175851712e-05,1.3593248274785802e-06,0.0119610372244087,0.00014319572829905254,6.468939834943734e-06,1
0.003968643404467831,0.9742764269300167,3.70316788496618e-05,2.2358441672333064e-06,0.021520019556913,0.00018752008506647794,8.122500519137224e-06,1
0.824267367781892,0.1570703333315311,1.2674434019955515e-05,2.4917339646930097e-07,1.6474328120208326e-05,8.445677245859351e-06,0.018624455273794607,0
0.8545374749648861,0.13458312181297924,1.1859059652652809e-05,2.3314352088077855e-07,1.5050888067578832e-05,7.902348152825057e-06,0.010844357782740718,0
0.9542207235451563,0.04058252536586595,7.729352450528472e-06,1.1430845450619831e-07,7.398390409820458e-06,3.932413522530512e-06,0.005177576624140144,0
0.9488717037751584,0.04573053182090156,5.55773308861548e-06,1.0989026961071263e-07,7.1124320622880585e-06,3.780420127964008e-06,0.005381203928391483,0
0.9326370122968075,0.06416821505972814,7.028807309210093e-06,8.65664664648834e-08,6.140222893152725e-06,3.2253943596886183e-06,0.0031782916524357545,0
0.7821858359766642,0.19889956653153223,1.642599228553355e-05,2.0230176298542939e-07,1.4312451763269647e-05,7.537595005716947e-06,0.01887611915098603,0
0.7425544725964696,0.25476471116279226,1.005194731201551e-05,2.4481772184518915e-09,1.895187701652244e-05,5.988449921393384e-06,0.002645821518311002,0
0.7915536752385399,0.2084101336751637,7.123794925468658e-06,1.3310125346146155e-07,7.940675317697254e-06,4.4875281685730546e-06,1.6505986631049553e-05,0
0.7925844832805444,0.20737381206866332,7.452272367700835e-06,1.4408079305909253e-07,1.1383025083515922e-05,4.8577049470855e-06,1.786756760117956e-05,0
0.7605965666330743,0.23934895220237262,8.472568953531116e-06,1.7620106139948389e-07,1.999578670181332e-05,5.522777226778801e-06,2.0313830609438285e-05,0
0.6038946883164763,0.3955525658964587,1.0468987325531201e-05,2.369133393484846e-07,0.000521130865038558,7.128809525273532e-06,1.3780211836308735e-05,0
0.7391863800468009,0.2605432846049906,7.822055789495135e-06,1.7701323920223684e-07,0.00025059554165049073,5.326393478706835e-06,6.414344050661335e-06,0
0.7638110132485374,0.23608465810430895,8.842397210112615e-06,2.317546775617326e-07,8.048071952675239e-05,6.0332719010405e-06,8.740503838008623e-06,0
0.6663526403835386,0.33348133900831445,1.1357342998895637e-05,2.394176073021384e-07,0.00013414835059973946,8.071999540799141e-06,1.2203497400243292e-05,0
0.24162698437619165,0.7582644841381488,8.269213609461242e-06,1.7431853003294884e-07,8.697625744564988e-05,6.013177456671413e-06,7.098518617507124e-06,0
0.22997020581211125,0.7699005274550784,1.4841874825568971e-05,2.1627915573335414e-07,9.810947573207826e-05,7.291883272231113e-06,8.807219824890384e-06,0
0.194289633773325,0.8055959070721473,1.3075953498727193e-05,1.9054575088055966e-07,8.687796021062985e-05,6.555379062267457e-06,7.759316005343015e-06,0
0.13094788776400682,0.8690184879698013,1.2990736396389965e-05,1.5321316977655566e-07,8.970221042034047e-06,5.271019692516967e-06,6.239075891132112e-06,1
0.10398867202376307,0.8959755776292012,1.502659836487257e-05,1.5298253056195218e-07,9.077997261944533e-06,5.263084970953445e-06,6.2296839076265105e-06,1
0.10443203156295058,0.8955259294291732,1.5007286029007315e-05,1.5344362371264579e-07,1.0221647668460554e-05,5.278948039911129e-06,1.1377682515274284e-05,1
0.0989241239477728,0.9010369231030539,1.3905610037995405e-05,1.4217941805338512e-07,9.471282558929104e-06,4.891423586646999e-06,1.054245357139956e-05,1
0.09564849335082162,0.9043129470945601,1.3956168578864201e-05,1.426963593381409e-07,8.970697449789293e-06,4.909208008807289e-06,1.058078422128048e-05,1
0.08189807168600832,0.9180641056657163,1.3507308557321813e-05,1.5930563873133234e-07,1.1810168338954118e-05,5.399629443731837e-06,6.946236296721265e-06,1
0.08951065428036566,0.9104659598702962,7.866363215630113e-06,9.252118179385841e-08,5.383594571934147e-06,3.1830225294705244e-06,6.860347839280987e-06,1
0.18415188884353534,0.8158142532385965,1.2082138016970549e-05,1.4210551377209475e-07,6.423922648686895e-06,5.0018098831278635e-06,1.0207941805554398e-05,1
0.06758159158880285,0.9323835723024735,1.5875995120522913e-05,3.96905482594118e-08,7.355993279051319e-06,4.982605405660315e-06,6.581824370250101e-06,1
0.13903236968115298,0.8609258100792094,9.212552965430826e-06,1.1185439225283163e-07,9.567457392572971e-06,4.652875524430158e-06,1.8275499362947355e-05,1
0.08478065810291405,0.9151876174228739,6.1454626664584055e-06,1.0288792019988748e-07,9.468467234622987e-06,3.248447959739289e-06,1.2759208430802319e-05,1
0.055880530531918306,0.944026288552687,5.518084413173848e-06,9.41660610185191e-08,7.32106572085558e-05,2.901361892411598e-06,1.1456645819479272e-05,1
0.051966930318199885,0.9479376056238431,5.44189879532617e-06,1.0758152360026452e-07,7.351104191846509e-05,3.3147073321884154e-06,1.3088828387605486e-05,1
0.03533902726115657,0.9645931386987809,4.211103163242757e-06,8.167456873966955e-08,5.5325284141360014e-05,2.753669994411026e-06,5.462308194724615e-06,1
0.027034773031787616,0.9729368443399913,3.7814959423110458e-06,6.132770141708268e-08,1.8741285179348153e-05,2.1155200859080966e-06,3.682999312361203e-06,1
0.02594483404042075,0.9740308301297429,3.781252878834292e-06,6.132375945216849e-08,1.5973092554661483e-05,2.115384106476922e-06,2.4047765367582515e-06,1
0.06710581875373459,0.9328476417578185,7.534914089439006e-06,1.197881289528146e-07,3.0055229938398914e-05,4.132132576265781e-06,4.697423714092174e-06,1
0.0749473592734468,0.9249703923299494,7.351173800377093e-06,1.2886586194292728e-07,5.225856784473706e-05,4.5359874822799626e-06,1.7973801614843114e-05,1
0.12452702330940839,0.8754385183175094,8.107501717527015e-06,1.1130804770854292e-07,7.390097435318112e-06,5.1606971265495486e-06,1.3688768755334344e-05,1
0.1598989148651396,0.8400662139593899,9.197451451504244e-06,1.262719886630268e-07,7.325345141142356e-06,5.8544867372331535e-06,1.2367620152019622e-05,1
0.20377215057643766,0.7961844790916444,1.7942852981359846e-05,5.63088593349083e-08,8.805329954049868e-06,7.2305698403694535e-06,9.335270282800564e-06,1
0.2046284368020474,0.7953362620998952,1.1917073974669041e-05,4.42733575536424e-08,9.275949371787737e-06,6.202562333193314e-06,7.861239020264254e-06,0
0.2115840517529751,0.7883756473631686,1.3763431512392091e-05,5.1145634922445445e-08,1.0243547190603392e-05,7.163548875815374e-06,9.079210642472846e-06,0
0.16882004226167738,0.8311467722726308,1.0765543101495353e-05,1.8863289777361988e-07,9.500962278716766e-06,5.614459940214777e-06,7.115867473596789e-06,0
0.6106052813185816,0.3893685356502425,7.702655857253715e-06,1.3071710665238486e-07,9.242197385857803e-06,4.497083666622191e-06,4.610377159531572e-06,0
0.6041828037839928,0.3957873689437861,6.679129628373235e-06,1.3130853909059523e-07,1.393492320633816e-05,4.450673934290191e-06,4.631236912890269e-06,0
0.37337717477163795,0.6265825322933245,7.695920799256267e-06,1.512998752249778e-07,2.1904307590431037e-05,5.205137757376826e-06,5.336269015170538e-06,0
0.3364621474641064,0.6635010307275749,7.339050783279433e-06,1.3634117018637387e-07,1.9738674103735217e-05,4.799059102411872e-06,4.808683159029663e-06,0
0.7254582157691881,0.2744531945823077,5.669763333876365e-06,1.0532880870625354e-07,7.54759759435312e-05,3.6236455762236235e-06,3.7149348416297883e-06,0
0.1374619269806082,0.8624768536155739,8.82072406878402e-06,1.4023118247042103e-07,4.161210011640693e-05,4.935983252576722e-06,5.7103651977528745e-06,1
0.20205565907241613,0.7979045797184063,9.060507435300233e-06,1.3176885256050252e-07,2.1388296932549006e-05,4.533216096107275e-06,4.647419860972247e-06,1
0.19008512213215523,0.8098534514775169,7.233506494398741e-06,1.343804218174885e-07,4.4764231333940434e-05,4.554743508451267e-06,4.739528569497643e-06,1
0.28547761155847046,0.7139715730505093,1.0434695419721132e-05,1.9496224335263046e-07,0.0005266021172614798,6.707320431446676e-06,6.876295664302822e-06,1
0.30794962079791943,0.6916773872978649,1.0598102130826839e-05,1.9688396256638878e-07,0.00034847940996846267,6.773433676371908e-06,6.944074477627579e-06,1
0.1095664444639028,0.8903678633215012,1.4031847086616856e-05,2.0406808372611471e-07,3.723841142922456e-05,7.020511326257712e-06,7.197376670361711e-06,1
0.08366278771141022,0.916151718837118,8.98666777406585e-06,1.9230017440168011e-07,0.0001529859437283657,1.7312831246424693e-05,6.015708548389483e-06,1
0.26345695395560736,0.7362294624874615,1.5230597595552756e-05,2.5477329986457675e-07,0.0002667005488669734,2.1406846337290497e-05,9.990790831809373e-06,1
0.08595488541777763,0.9138251030075333,7.791082304134743e-06,1.5282217155667561e-07,0.0001941381848015861,1.2539465181858297e-05,5.3900202296289e-06,1
0.055770339096989086,0.9441805826974421,5.662446720804885e-06,1.1121798526669304e-07,2.928345343440206e-05,1.0847987545379952e-05,3.1730998827347388e-06,1
0.058810264246095756,0.9411375852938432,6.723447853563692e-06,1.1728024624483091e-07,3.0524384229613175e-05,1.1439288776291359e-05,3.3460589554306666e-06,1
0.05881024074289856,0.9411372091734067,6.723445166574902e-06,1.1728019937442844e-07,3.092401650594248e-05,1.1439284204642798e-05,3.346057618196691e-06,1
0.0560067361340009,0.9439406017773854,6.743472487001205e-06,1.176295452937213e-07,3.097160323358371e-05,1.1473358731100286e-05,3.3560246167256066e-06,1
0.07700187182090068,0.9227843998874921,8.532819499205838e-06,1.460502425582988e-07,0.0001837879737171601,1.709452121525218e-05,4.1669269331311995e-06,1
0.05216397201790568,0.9464330323962127,2.281864504007761e-05,1.483374332306813e-07,0.001358511976089034,1.7284445058705594e-05,4.232182260661059e-06,1
0.05579038224378952,0.9433889240961578,1.4528954726844525e-05,1.7462130033053122e-07,0.0007732079163427485,2.795255013417197e-05,4.829617548528903e-06,1
0.02172818893981742,0.9769168307076809,2.748633066898236e-05,1.4041770482813802e-07,0.0012991587344890739,2.451778569330379e-05,3.677083945828314e-06,1
0.031003008703351764,0.968798152349161,2.661625114836826e-05,1.4162140341350814e-07,0.00012008617025603692,4.030098324187704e-05,1.1693921437593444e-05,1
0.02219418177116612,0.9776023211235896,3.343755081512278e-05,1.4089819514849341e-07,9.820960534692883e-05,5.898555351890676e-05,1.27234973685066e-05,1
0.023520844867251537,0.9762970128873253,3.368140158219919e-05,1.4192572653548434e-07,9.40075621483853e-05,4.690391607828714e-05,7.407439887871365e-06,1
0.033795843500638724,0.9573482645338574,4.0801291999055975e-05,2.719041488980547e-07,0.008720625172815345,8.050122353050133e-05,1.369237300998911e-05,1
0.02381251277155059,0.9760203870221227,2.505456062072102e-05,1.4559120894226228e-07,9.769286356166682e-05,4.1014461122162295e-05,3.1927298133878077e-06,1
0.024944084091663585,0.9748463094769084,2.598025087242985e-05,1.444322116731142e-07,0.0001473874271291379,3.280434825066498e-05,3.289972964144044e-06,1
0.02624218602641073,0.9735384286821984,3.0372717573550957e-05,1.5193434288265382e-07,0.0001551341729389947,3.026357119420919e-05,3.4628953413845e-06,1
0.022005204753272778,0.9777978099227036,2.556675371708424e-05,1.4108688385729067e-07,0.00014405825980137664,2.4003564123039074e-05,3.2156594985059635e-06,1
0.013351022477496997,0.9864793394867151,2.4400421791848895e-05,1.3536351458999363e-07,0.00011383846358575709,2.8591611911065957e-05,2.6721749844641714e-06,1
0.022579456363876035,0.9772542026682921,2.471786830228208e-05,1.3427857820243887e-07,0.00011047561280375903,2.8362450602458413e-05,2.650757545035681e-06,1
0.01362620879496536,0.9862194376819179,1.872644633915281e-05,1.2384400869591712e-07,0.0001044823753911653,2.7168438516137446e-05,3.852418861456575e-06,1
0.005725536443077873,0.9931424159325096,3.054532085060053e-05,1.4679305384345036e-07,0.0010646414939689877,2.7641759338489417e-05,9.072257200323961e-06,1
0.007682263952308122,0.9912673063286597,2.49166928243903e-05,1.4651590017382095e-07,0.0009884147615154145,3.14292682419193e-05,5.52248055034118e-06,1
0.00652022847222812,0.9896709433301136,2.502719489687421e-05,3.2635972437399223e-07,0.0037418249040076616,3.68982928794168e-05,4.7514461497208915e-06,1
0.007068823353188414,0.9907747090432938,3.334552913014067e-05,4.370832531391428e-07,0.0020699044657253637,4.561243559057391e-05,7.16808981831321e-06,1
0.01581459183117998,0.98142422174811,2.6843267648890505e-05,1.2449934432660748e-06,0.0025724146089691506,0.0001547144634970758,5.969087151610952e-06,1
0.0030405316656468514,0.9912058743109826,3.173022372186334e-05,1.2879581358013464e-06,0.005410159910269316,0.0003044809849569976,5.93494628671462e-06,1
0.0039038820973016012,0.987841529148082,4.309390774844703e-05,2.1267660055253065e-06,0.007781949918153026,0.00041914620827614754,8.271954433218234e-06,1
0.9213414895028433,0.0742520821761161,9.556051189095871e-06,1.4707018675845908e-07,9.518829241325159e-06,5.059475203898344e-06,0.0043821468952194905,0
0.9182801009891747,0.07621462206746035,9.722428189495241e-06,2.1499964344867568e-08,9.245838321745429e-06,5.147563922906059e-06,0.005481139612966239,0
0.9489737674121818,0.04601391615117697,6.8663239545622775e-06,1.1100426051462103e-07,6.6399636285486755e-06,3.907112346124606e-06,0.004994792032451403,0
0.9497775215768751,0.04501469354636425,5.635438111426795e-06,1.1142669206402069e-07,7.211873990648403e-06,3.833275784685187e-06,0.005190992862181819,0
0.9404234051650284,0.05616658124167896,7.536558553200434e-06,9.281990735489016e-08,6.583784037344434e-06,3.7722720329122393e-06,0.0033920281587618128,0
0.9034104641413289,0.09391687659756975,8.021774281031777e-06,8.71296770246495e-08,6.180171830818374e-06,3.2463791155296574e-06,0.0026551238061970324,0
0.9003751101645732,0.09686136411432064,7.694224574093118e-06,8.357194787705085e-08,5.9278194956496085e-06,3.113821093993455e-06,0.0027467062839944675,0
0.8830542962234309,0.11363299660200006,7.41379674194377e-06,8.052603987865832e-08,6.020579395925893e-06,3.0003331017103112e-06,0.003296191939289751,0
0.8060874925825341,0.17096636212089025,1.743010696619759e-05,2.1466839305603938e-07,1.5187366513135438e-05,7.998365330612694e-06,0.02290531478937288,0
0.8607811490166369,0.1192802006183632,1.1982940732435537e-05,3.2556079101131266e-08,1.4555524499529052e-05,7.138547886327333e-06,0.019904940795802663,0
0.8677603345797668,0.1202473206059163,1.2080098026202013e-05,2.8394618313235627e-08,1.467354021881722e-05,7.1964270004400005e-06,0.011958366354453139,0
0.8555787869278224,0.12585604103423892,1.2643552515119447e-05,6.001681758887317e-08,1.486805889139779e-05,7.5323993167766154e-06,0.01853006801039783,0
0.859343797773128,0.12640987589630068,1.2699191005776218e-05,6.028092414758558e-08,1.7844090198571645e-05,7.565545960372898e-06,0.014208157222482457,0
0.7787089926739442,0.21798398375472636,1.013124681371184e-05,1.9917553518103544e-07,1.7065904467203434e-05,6.751010779024234e-06,0.0032728762337342903,0
0.7520229309286965,0.2465699870424963,7.377874080770853e-06,1.4587901806159112e-07,1.0987164082433813e-05,4.94453710126666e-06,0.0013836265745246787,0
0.7105992424200458,0.2881181447752405,7.990197151348515e-06,1.579861762069352e-07,1.1831778182031213e-05,5.354906552857577e-06,0.0012572779366510827,0
0.6937123761312934,0.3062309866767238,9.022199476197409e-06,1.676079699941105e-07,8.583196035267503e-06,5.681035128396375e-06,3.318315337291528e-05,0
0.8444759065910943,0.15549207512521154,6.2353030965153345e-06,1.158350019928178e-07,7.376157994463688e-06,3.9262018115378715e-06,1.4364785789599237e-05,0
0.8004540317326578,0.19952065153172688,6.2873482117331345e-06,1.1747305146846354e-07,7.020269010789392e-06,3.960621059557478e-06,7.931024281733934e-06,0
0.7931367575103263,0.20682746106449815,7.004001755462337e-06,1.3541401571526683e-07,7.283712100218529e-06,4.5655032851948435e-06,1.679279401902926e-05,0
0.6881491877209336,0.3113622334456115,1.1312114614504143e-05,2.5599332247534153e-07,0.00046003148474481933,7.702933235786609e-06,9.276307537385522e-06,0
0.23037577427475445,0.7694646811014202,1.2121387027554004e-05,2.2693087929486942e-07,0.00012309956821237778,7.65100768528552e-06,1.6445730021016747e-05,0
0.16179073057838989,0.8381050925773711,9.408635498069909e-06,1.7614402722134468e-07,8.148048748119171e-05,5.9387215621568295e-06,7.172855670347032e-06,0
0.16421206311866018,0.835683003219731,1.075964201749976e-05,1.5679193625383245e-07,7.822778631847153e-05,5.518965608477473e-06,1.0270475727995275e-05,0
0.1864677201007499,0.8134954008166252,1.1703753236230036e-05,1.70549738398451e-07,1.2192279304298995e-05,5.867452719390254e-06,6.945047626339796e-06,0
0.1025410594142113,0.8974241154207581,1.3671177517868115e-05,1.6010598780613353e-07,8.965964957350015e-06,5.5081545264468925e-06,6.519762041369835e-06,1
0.10376386084668601,0.8961983670240934,1.3556037473772702e-05,1.5716355115459895e-07,1.1879069922392708e-05,5.327023858377206e-06,6.852834414686472e-06,1
0.06251657046084212,0.9374502071483861,7.344473923938666e-06,2.1308115288140897e-257,7.120436014203056e-06,3.3690781364576154e-06,1.5388402697209203e-05,1
0.025370945443361215,0.9746054202650678,6.687136448228366e-06,7.366866935748699e-181,4.087624797088491e-06,2.4807166443158192e-06,1.0378813681070304e-05,1
0.04454947198307207,0.9554143606445406,1.4326013870950962e-05,1.107005204767384e-07,6.664723367167993e-06,4.49615117749002e-06,1.0569783451205281e-05,1
0.05568495268730895,0.9442850093636588,8.102877811037637e-06,1.0173951546082653e-07,8.325246297701146e-06,4.543382909267602e-06,8.964702498694359e-06,1
0.037277087997492804,0.9626645212001732,4.688111840220798e-06,8.884597900074032e-08,4.581949930582323e-05,2.9954551370600857e-06,4.798890071640225e-06,1
0.03144230685175604,0.9685330446336623,2.9769724710142914e-06,6.167295370806446e-08,1.7102694346613565e-05,2.1274296820514522e-06,2.379745128372706e-06,1
0.03536873988750247,0.9646000865461392,5.027612071504977e-06,7.992768543841531e-08,2.0054115422754926e-05,2.7571329115232867e-06,3.254778267299546e-06,1
0.038929033648016476,0.9610314984950099,6.707101553372652e-06,9.204266678276537e-08,2.588426829640989e-05,3.1750433464843377e-06,3.609401110388475e-06,1
0.08643604651567108,0.9135187635924769,7.260162332502428e-06,1.2727043357014712e-07,1.5571353231137205e-05,4.479829528430167e-06,1.7751276326681517e-05,1
0.25182900696594657,0.7481163536602148,1.7624733209949575e-05,6.298624142037699e-08,9.849509381342275e-06,8.088006451412317e-06,1.9014138554236204e-05,1
0.27774845894299977,0.7222101914671186,1.421276382725713e-05,5.2802120393576324e-08,1.1079896503116726e-05,6.628509404068696e-06,9.375618026885413e-06,0
0.180128260170481,0.8198371283610516,1.203382737714518e-05,2.5646080670931217e-08,8.974245891073715e-06,5.623564177812418e-06,7.954184940656792e-06,1
0.21149052476483132,0.7884707400491746,1.3375835787995622e-05,2.4612997463512227e-08,1.0548806328388832e-05,6.2379302309088755e-06,8.548000649309525e-06,1
0.19006517236412176,0.8098991831273831,1.2500180853706825e-05,2.3001696830178734e-08,9.30336248999639e-06,5.8295614027458655e-06,7.988402051845479e-06,1
0.6355276584516795,0.3644440191474455,7.463455596564442e-06,1.1486459067080447e-07,1.2741113160076955e-05,3.951706764383881e-06,4.051260763259547e-06,0
0.3118939286862293,0.6878244306969318,1.01650342913897e-05,1.888387379369299e-07,0.0002581297710748456,6.496652395007874e-06,6.660320339972167e-06,1
0.13741452775495655,0.8624912432265918,9.29596239562191e-06,1.5626355786241248e-07,7.5357579806784e-05,4.651020559451127e-06,4.768192131926972e-06,1
0.12695969933886575,0.872943082836948,7.974655901393786e-06,1.5677973751492023e-07,7.816318729281245e-05,5.393660306177289e-06,5.529540948156202e-06,1
0.07810978939496556,0.9218184559776083,1.307897125184042e-05,2.0792846367713915e-07,4.284733694472536e-05,7.153319165068014e-06,8.467071600530825e-06,1
0.04185159991319928,0.9580843029723355,6.692654097409528e-06,1.2504720793110666e-07,4.8653124812410614e-05,4.2159374461028995e-06,4.410350901639021e-06,1
0.06138302902536174,0.9384006043544545,8.408685565298109e-06,1.26203989067881e-07,0.0001908662407409551,1.0148759666502045e-05,6.816730221794282e-06,1
0.110914843624114,0.8887447289314584,9.129370975936807e-06,1.8981702366200023e-07,0.0003078947340790285,1.7089272584300375e-05,6.1242497646158415e-06,1
0.07539610067228619,0.9244086994632377,9.055613379211445e-06,1.9403331399175755e-07,0.0001635712216299302,1.7468866223214844e-05,4.910129929851066e-06,1
0.09353738259071494,0.9062792107237906,8.24149609390249e-06,1.9022793571791207e-07,0.0001513373576485399,1.6951460437126307e-05,6.686143379205614e-06,1
0.15416104627633745,0.845571745785043,6.960323097566439e-06,1.5819903159319425e-07,0.00023957867660838583,1.483577104092248e-05,5.674968841264301e-06,1
0.14490007826294674,0.8548932312766583,7.147014178258933e-06,1.5101602239183348e-07,0.00018061808469661662,1.2947161586761663e-05,5.827183911027698e-06,1
0.15114450112612324,0.8486704317488263,8.823655628359884e-06,1.402762109426912e-07,0.0001655520541903228,4.83887598861945e-06,5.712263032403025e-06,1
0.06622031515231167,0.9335543324510336,9.335198683605265e-06,1.6687535919228452e-07,0.00019627208152485194,1.3692566562736707e-05,5.885674524258598e-06,1
0.059368023586871724,0.9405814673318175,6.422068684234063e-06,1.1187430154848608e-07,2.9117385708389123e-05,1.091200336830327e-05,3.94574924836736e-06,1
0.08195494602155903,0.9178489558227062,8.78833363443885e-06,1.5329729126788547e-07,0.00016783034401643787,1.4952489927240848e-05,4.373690865355663e-06,1
0.06896947898423897,0.9248224951138246,2.699016952350139e-05,2.1556341286311148e-07,0.006140915237664714,3.474111922521785e-05,5.163812110171137e-06,1
0.08128022009246719,0.9173932719223183,2.2669896500488492e-05,2.3740873336959313e-07,0.0012590634835304944,3.6878300784614726e-05,7.658895665212607e-06,1
0.12149628750526516,0.8774028467361136,2.013368868220727e-05,2.452295593150456e-07,0.0010341085053176106,3.980209414543049e-05,6.5762409167538225e-06,1
0.02182965921053452,0.9772409084930147,1.558708440324132e-05,1.3433152592607834e-07,0.0008867380720245918,2.345510182310066e-05,3.5177066738554276e-06,1
0.036332281180891025,0.959829075097047,4.238273364854534e-05,1.732846529538363e-07,0.0037618769806246895,2.967296049256884e-05,4.537762643356486e-06,1
0.04290457468962098,0.9548078135168471,3.652613344899848e-05,3.0590739262843834e-07,0.0021515764622290316,9.209811630478445e-05,7.105174156776477e-06,1
0.09219152080259553,0.9060225533949948,3.5257273084868376e-05,3.0937132367808985e-07,0.0016469752260915987,8.020319655010837e-05,2.318073535940745e-05,1
0.030172152068509078,0.9696338183982418,2.843552303362818e-05,1.3398031477548e-07,0.00011196759561868361,3.812657049261391e-05,1.5365863789324857e-05,1
0.024833467047387356,0.9749595709220402,3.225503384743748e-05,1.4290085170228574e-07,0.00012059208980298455,3.9625709683120065e-05,1.434629638703308e-05,1
0.02670664989061918,0.9731092547706677,3.295759791400516e-05,1.3659032931481285e-07,0.00010807220026696605,3.615021435054126e-05,6.778735852166304e-06,1
0.024957898868272634,0.9748574246476734,2.9614348936199912e-05,1.3618659123018973e-07,0.00010775275698459264,4.041449249516848e-05,6.75869904690455e-06,1
0.02295097656131984,0.9679756489703909,3.856290684051175e-05,2.733635014532064e-07,0.008952343995890899,7.234963364755171e-05,9.84456840872448e-06,1
0.03159382894759246,0.9682186262364701,2.6156526649801356e-05,1.6418765854316588e-07,0.0001229389333014636,3.442050532231296e-05,3.864663005440318e-06,1
0.021830798162666865,0.9779604938403034,2.600271548997339e-05,1.4994860298008504e-07,0.00014470151335271403,3.405726558416378e-05,3.7965540003002717e-06,1
0.03310005979300947,0.9667029986367005,2.52766545730606e-05,1.3948600856851227e-07,0.00014461505536680468,2.373120207494076e-05,3.1791722667552734e-06,1
0.013177414470726921,0.9866530324048215,2.3250972517304063e-05,1.3557001444322665e-07,0.00011485510146793484,2.8635229008931755e-05,2.676251442908503e-06,1
0.015340394727093486,0.9844891579943529,1.970382842798753e-05,1.3030775059956957e-07,0.00012054957463178432,2.745909693085988e-05,2.604470812495373e-06,1
0.005673998961447764,0.992958658782568,2.3768563316856577e-05,1.397646338842689e-07,0.0013084777707385664,2.631827782519711e-05,8.637879469824629e-06,1
0.0076074020970483295,0.9915621981955389,2.4805059038161296e-05,1.438127851007106e-07,0.0007749388335934564,2.7637572724089813e-05,2.8744292719158768e-06,1
0.0057360519692266744,0.9926399787740381,1.9855534052907216e-05,1.4396910270439044e-07,0.0015710614111075448,2.842984142294463e-05,4.478501048923323e-06,1
0.006128589279250924,0.9923309920525609,2.3478383283103916e-05,3.071449069431615e-07,0.0014809809428860841,3.085203328807572e-05,4.800163823854724e-06,1
0.006599218286222341,0.9903591500002403,2.3222718961290112e-05,3.3073129786682545e-07,0.0029758706279107623,3.739254381492014e-05,4.815091552291895e-06,1
0.010540552505271117,0.9841003647486622,4.1131125635872e-05,6.013764426729205e-07,0.005246453226666194,6.275748169279504e-05,8.139535629130743e-06,1
0.010611919514499003,0.9827207193665891,2.482818227908518e-05,6.819549729516275e-07,0.006542929478764634,9.261090289582154e-05,6.310599999411242e-06,1
0.015793579139887347,0.9828862706616075,2.760933510586558e-05,6.085724990233661e-07,0.0012290103234818917,5.470431705682469e-05,8.217650361462404e-06,1
0.015416529375663528,0.9822677365846469,2.8016902027991506e-05,1.0969736316517338e-06,0.0020299362747832625,0.00024698768171946153,9.696207527160248e-06,1
0.015962086199119846,0.9800632311064517,3.242026324696076e-05,9.452023693683708e-07,0.003720327008254686,0.00021562211233370582,5.368108223669362e-06,1
0.002710785508234658,0.9904935191457719,3.53915713132554e-05,1.4165198886833979e-06,0.006553495306147881,0.00020046275714041636,4.929191503003246e-06,1
0.002945522556836218,0.9900604152367489,3.845625974773627e-05,1.3265973608314434e-06,0.006731034906923355,0.00021782157650208412,5.422865880767465e-06,1
0.00281723560155982,0.9904938092172346,3.62881840057481e-05,1.268819790632978e-06,0.006437876746560856,0.00020833474817068913,5.186682677518416e-06,1
0.8652801281432817,0.10199254288336213,1.0316751877076337e-05,1.9937597675980792e-07,1.3181925947831989e-05,6.757804702071198e-06,0.03269687311485241,0
0.8191405319114954,0.16569390125313682,1.1023648688168096e-05,2.167197352394943e-07,1.3838994850173216e-05,7.34566756554352e-06,0.015133141804528526,0
0.949941651053294,0.04197278747863213,6.8733271013914265e-06,1.1111747671883588e-07,6.64673590444749e-06,3.911097314153927e-06,0.008068019190277066,0
0.9565044673370384,0.039184879661982475,5.837993470118317e-06,1.0742424260061221e-08,5.565718659119497e-06,2.7225959209055727e-06,0.00429651595050496,0
0.6855969051784493,0.3047674436609121,1.0459699259944796e-05,1.1360955648539334e-07,8.037652628666237e-06,4.2329973448016655e-06,0.009612807201848816,0
0.8434486058655797,0.1476193833887846,1.2389298560084573e-05,1.345681820859312e-07,9.520434160104158e-06,4.900496617483214e-06,0.00890506594811609,0
0.8678187103418985,0.11864077503990816,1.5224951112747297e-05,3.238155567139565e-08,1.4477496674084607e-05,7.100280260284783e-06,0.013503679508590665,0
0.8296235676345344,0.16543457191309174,1.0793661310261716e-05,2.1219829183556997e-07,1.2763564305451842e-05,7.192414239883333e-06,0.004910898614226382,0
0.8093867506534138,0.1880071031385632,1.0530374011041461e-05,2.0702218768049306e-07,1.7408233650564167e-05,7.016971332638148e-06,0.0025709836068410386,0
0.7018417880399292,0.29679251219525143,8.838257591500553e-06,1.7475445158163966e-07,1.332935386647493e-05,5.923263543576259e-06,0.0013374341353663513,0
0.6864569327690384,0.3134893364240769,8.441697689383491e-06,1.577249984811638e-07,8.558815049132627e-06,5.346053991521059e-06,3.122651515633294e-05,0
0.8075266462672838,0.1924450017770164,6.961325735631169e-06,1.3006567298188797e-07,8.094184131181366e-06,4.385183130071962e-06,8.781197029825573e-06,0
0.7918418276815203,0.2081171148733128,7.765904435652293e-06,1.6150480589698854e-07,9.44836056823658e-06,5.062143536133271e-06,1.861953182088632e-05,0
0.7326306273467103,0.26701768574983437,7.5302127864979155e-06,1.7040882769082512e-07,0.0003326835943831162,5.127664307015394e-06,6.175023150839016e-06,0
0.568622025705608,0.43120483176482816,1.22635813824543e-05,2.5852149678210484e-07,0.00014229416412355655,8.7160899602442e-06,9.610172600683147e-06,0
0.6189478029102299,0.38087894541156153,1.3695264725245538e-05,2.563962737276876e-07,0.00014112440902826057,8.644437755075753e-06,9.531170426310333e-06,0
0.3467903036912711,0.6530527065716449,1.3079184373298368e-05,2.4486230854153717e-07,0.00012543895220144902,8.255568437002971e-06,9.97116976364668e-06,0
0.2806340329780391,0.7192186386003335,1.2262612524124948e-05,2.2957483629771472e-07,0.00011774744480157406,7.740149081164257e-06,9.348640384143047e-06,0
0.48414465172216553,0.515673736147133,1.5012630726048526e-05,2.810593774002146e-07,0.00014639449613103976,9.475957891638162e-06,1.0447986575496162e-05,0
0.20194020382863984,0.797934488922456,1.25351858486753e-05,1.8266556241544444e-07,9.319298851084004e-05,6.158596072161627e-06,1.323781291006305e-05,0
0.14699055261566535,0.852958331983457,1.0736566651199265e-05,1.5645567679871893e-07,2.834413327321634e-05,5.507129512740429e-06,6.371115763541964e-06,1
0.14780903079587468,0.8521528431715155,1.209947877727656e-05,1.763163404568527e-07,1.2604522815153994e-05,6.065842146703019e-06,7.179872530287658e-06,1
0.12207256913807998,0.8778915137071234,1.2148614311021241e-05,1.5649918385849424e-07,1.1855084849583266e-05,5.384069014328182e-06,6.37288743792305e-06,1
0.1320578304393236,0.867906457522319,1.1204097814770265e-05,1.6602852672578964e-07,1.186906640450457e-05,5.711908677090295e-06,6.760936934114417e-06,1
0.09553963857146607,0.904427127541955,1.3968878825961994e-05,1.4221411792735166e-07,8.438998677901599e-06,4.892617372528931e-06,5.79117758501547e-06,1
0.09557200596577538,0.9043727101179881,1.0842499887900158e-05,1.6034842838460073e-07,3.185438808456902e-05,5.43497456873964e-06,6.991705266916313e-06,1
0.10632846517597841,0.8936347244972855,1.1426819844048485e-05,1.3439792279311768e-07,1.0659929613450387e-05,4.623715433268832e-06,9.965463922541716e-06,1
0.06924125767646618,0.9307366356423731,7.33530065100195e-06,8.627501740331724e-08,5.319768654235471e-06,2.968134904600734e-06,6.397201933364665e-06,1
0.09829114482721693,0.9016787994388569,6.960223646446072e-06,1.1652872598469644e-07,9.626431901914189e-06,3.679124832542001e-06,9.673424819282684e-06,1
0.027544424232213656,0.9724299053377918,3.470370338992603e-06,7.088048423564366e-08,1.6797770245775583e-05,2.44504660430055e-06,2.8863623211458553e-06,1
0.027118519265869896,0.9728478592775927,5.040504015840225e-06,8.013263825833501e-08,2.24734927926269e-05,2.76420282931223e-06,3.263124261311976e-06,1
0.027747908059583198,0.9722180325374559,4.765519235691055e-06,7.576100084965668e-08,2.351961656316714e-05,2.613401698132211e-06,3.0851044631377416e-06,1
0.06889813546179296,0.9310456702886648,7.5291974045903576e-06,1.3198661052350802e-07,3.3959225889284665e-05,4.6458356320027056e-06,9.928004005882583e-06,1
0.07449796975508906,0.9254561811633847,7.355034592219165e-06,1.2893354151111886e-07,1.584350229116411e-05,4.538369755362178e-06,1.7983241346310494e-05,1
0.08374772628221179,0.9162234014099231,7.350615135930159e-06,1.288560685714949e-07,7.275635454312367e-06,4.5356427625104535e-06,9.581558443925509e-06,1
0.0558426578383461,0.9441347840570878,5.246723506153936e-06,7.203236837730228e-08,5.041024328794709e-06,3.339715718280188e-06,8.858608644343954e-06,1
0.24185702049463412,0.7580860663096785,1.2963025671495465e-05,1.829087822368575e-07,9.394018499290768e-06,7.598925726583254e-06,2.677431700766593e-05,1
0.25956146689770254,0.740386553366964,1.4312656954755608e-05,6.533866929411463e-08,1.0217371630125593e-05,8.390079592946301e-06,1.8994288486610202e-05,1
0.30163822224204506,0.698324014855035,1.1026972176584162e-05,5.2330632456390526e-08,1.0822378930096598e-05,6.569321208552168e-06,9.291899972186274e-06,1
0.23631053437031074,0.7636509575101831,1.2954786129875643e-05,4.814066617764736e-08,1.0216746981328953e-05,6.742667592274755e-06,8.54577813646448e-06,0
0.17942353385892082,0.8205417987552085,1.2044170750954099e-05,5.1836109694292426e-08,8.981959478529758e-06,5.628397771033144e-06,7.961021760365767e-06,0
0.18282573326946988,0.8171409094672942,1.147895034926744e-05,2.4953231819073507e-08,8.543303281267099e-06,5.974284867842701e-06,7.335771505732093e-06,0
0.43203284765546773,0.5679335977116158,1.1175918049380374e-05,1.6907763703409872e-07,9.02050273934134e-06,5.8168077566093256e-06,7.372326734214511e-06,0
0.40054925220432064,0.59941918692992,1.0511861362696183e-05,1.5903129140547442e-07,8.484517674414634e-06,5.471181556697537e-06,6.934273874248594e-06,1
0.1889991863349958,0.8109663881817676,1.0609736899106752e-05,1.6051383039630694e-07,1.1134270358297683e-05,5.5221235175154125e-06,6.998838631301842e-06,1
0.6806297493703248,0.3193444896502557,5.77638500539886e-06,1.3125998071795845e-07,1.1850783642925619e-05,3.997267325380458e-06,4.005283464843415e-06,0
0.35441864562775877,0.6455366455705922,6.7705587454816625e-06,1.257800128972633e-07,2.904908302780481e-05,4.32718330587761e-06,4.436196557025385e-06,0
0.28326748161158144,0.7166506795615255,7.51642150643803e-06,1.39636273690405e-07,6.445399201384043e-05,4.803877329076219e-06,4.924899769943552e-06,0
0.11760048072869789,0.8823120457935824,6.681245739668325e-06,1.3135161771115453e-07,7.150931410725138e-05,4.518862053416855e-06,4.63270420178671e-06,1
0.11864056716204596,0.8812850817709786,1.0095091998730483e-05,1.468150320127569e-07,5.388022240944528e-05,5.050846640446728e-06,5.178090894827175e-06,1
0.06958625675627297,0.9303479741162048,1.3588860816126626e-05,1.9762564184530634e-07,3.821361266092643e-05,6.798873354424372e-06,6.9701550488007225e-06,1
0.07013532224458445,0.9296736148114791,6.846966084539018e-06,1.3100429631282522e-07,0.00016900367253259568,1.0534778879635663e-05,4.546522143170661e-06,1
0.08551364844621161,0.9143156568470512,7.533026217041292e-06,1.736441991159903e-07,0.00014110411819712981,1.5415498940003754e-05,6.4684191839520875e-06,1
0.13047550222262255,0.8694080937669223,9.780576446151335e-06,1.6864911040323138e-07,8.69445441176911e-05,1.3562006257434244e-05,5.948234523321212e-06,1
0.09714893513803356,0.9026695336000499,7.705834750659058e-06,1.653620406146246e-07,0.00015548764066075304,1.2129845711731923e-05,6.0425787528102e-06,1
0.05235712802434369,0.9444066095801704,1.9145922977602764e-05,1.498973536785244e-07,0.0031939068066567655,1.6097405467540096e-05,6.962363030448895e-06,1
0.08046108735589522,0.9186988913080244,1.675843328135331e-05,1.8832341998817092e-07,0.0007830774940121485,3.432226938177427e-05,5.674815985027255e-06,1
0.03051881189321888,0.968610186725073,1.5117845034871529e-05,1.1946934054672518e-07,0.0008289359005229993,2.3419613669877444e-05,3.4085531395735817e-06,1
0.02112079162125769,0.9777016944382242,1.5294839235298565e-05,1.3181291896029392e-07,0.0011356201981104939,2.3015337721356203e-05,3.451752531882574e-06,1
0.026569971676683266,0.969941416208458,3.940153301961867e-05,1.655668758141478e-07,0.003415800371876019,2.8908983978120607e-05,4.335659109100857e-06,1
0.03349327692443757,0.9618751250821349,4.5257613418674685e-05,1.797124215611784e-07,0.004550151054666632,3.137888234004733e-05,4.630730580619644e-06,1
0.03678438025693576,0.9611189251787743,3.263361249184091e-05,2.9204461920927546e-07,0.0019859615575064165,7.081143361522372e-05,6.995916057150365e-06,1
0.043503947349982516,0.9542902762440895,3.3360067820970315e-05,2.9521676117347237e-07,0.0020763847161020966,8.887953760143501e-05,6.8568676425703705e-06,1
0.03712303228342991,0.9626539223638494,2.5710740991915108e-05,1.5906565828332707e-07,0.00012005709443607522,5.187751357905053e-05,2.5240938055210927e-05,1
0.026832475343629907,0.972966505083144,2.948852659188788e-05,1.3794972808405948e-07,0.00012729698569983094,3.65099949963794e-05,7.586116209885852e-06,1
0.01977691183367711,0.9800261330013537,3.092149212995536e-05,1.430797851929154e-07,0.00012015464121936495,3.786772409071543e-05,7.868227743787667e-06,1
0.023589922790595946,0.9761740138805717,2.8668637503513426e-05,1.7553263330613158e-07,0.0001567228726268544,4.569210831519787e-05,4.80417775350266e-06,1
0.029794614111215298,0.9699501201665183,2.981576257537505e-05,1.9081406978043166e-07,0.000170366777905369,4.966995014121203e-05,5.22241757460396e-06,1
0.02216322964832227,0.9776068602647966,2.7041523620164315e-05,1.7143002027582113e-07,0.00015305988821605676,4.494535227429046e-05,4.691892750536439e-06,1
0.021316031388374516,0.9784276889866678,2.6438879788288666e-05,1.49932126440526e-07,0.00019990364425154287,2.5988801086633395e-05,3.7983677050593312e-06,1
0.02466378404155561,0.9750816955460713,2.740827061467269e-05,1.7072458332944257e-07,0.00019363858021250417,2.8977714927877516e-05,4.3251220347061345e-06,1
0.04473140019981127,0.9550312360373826,2.600341042330691e-05,1.6157695923531608e-07,0.00018002649870114634,2.7489606374279297e-05,3.682670348225328e-06,1
0.03451177378432299,0.9652915721882428,2.5239749609650682e-05,1.3928235321421937e-07,0.00014440391139158403,2.3696553536238078e-05,3.174530543467118e-06,1
0.015343286445094632,0.9844907466005182,2.4470924887531414e-05,1.344699983482958e-07,0.00010989382984698594,2.840288255001e-05,3.0648471043570643e-06,1
0.00795702838453122,0.9911435572906169,2.47945862585603e-05,1.4375206685771637e-07,0.0008419732504510959,2.962952039720215e-05,2.873215678180941e-06,1
0.005667516949384439,0.9921532469544491,2.5598804146983703e-05,3.6906949711015503e-07,0.002109480955176373,3.8791969711737925e-05,4.995297634209678e-06,1
0.0022579702235310663,0.9926077957498228,2.9837792225187855e-05,1.043281231105868e-06,0.004945680114296673,0.0001519644927232363,5.708346169787805e-06,1
0.8789983733373924,0.0937281271217101,9.926658042658401e-06,1.9183723392759245e-07,1.2629932443002719e-05,6.5022806786296665e-06,0.027244248832499315,0
0.9231088217573861,0.06876150658614308,7.476128889257835e-06,2.1118674518684878e-08,8.96449963178196e-06,4.981555040704286e-06,0.008108228354234576,0
0.9222488091531443,0.06735164580640329,7.43379806403093e-06,1.7107662482976253e-07,9.18288301182771e-06,5.403426523944993e-06,0.010377353856227811,0
0.9522092670938668,0.03873646839750456,5.246589750176722e-06,1.4820640856828453e-08,6.373464020167173e-06,3.5483871026590588e-06,0.009039081247114862,0
0.9563044468711269,0.03629899075043299,7.005206305930888e-06,1.2620424488823837e-07,6.774267481358033e-06,3.895983564977033e-06,0.007378760716842919,0
0.9500096315228889,0.044860996289530386,5.417428071048918e-06,1.5391166131868692e-08,6.6188125410706905e-06,3.684983390717759e-06,0.0051136355724117795,0
0.9308224263066084,0.06137141940608319,7.941137367835256e-06,8.625382737381963e-08,6.11804717335454e-06,3.2137456878400988e-06,0.007788795103251901,0
0.7031996255356371,0.28753496225123565,1.1019938521275788e-05,1.1969467733100497e-07,8.468162957845898e-06,4.459723873617777e-06,0.009241344693097227,0
0.862471840491762,0.125103727233997,1.1035854342665066e-05,1.3591707281743868e-07,9.615865525820989e-06,5.064156802895386e-06,0.0123985804804967,0
0.8648024825268942,0.11983744501016337,1.2038921745929872e-05,2.829783228059332e-08,1.4177402831321133e-05,7.171897224730781e-06,0.015326655943308159,0
0.8557639533643704,0.1340628006407202,1.0111016414628071e-05,2.560777772756197e-07,1.3285720440242815e-05,8.084454970198108e-06,0.010141508725307108,0
0.6559882694400759,0.34228127952707743,9.19445175217344e-06,1.8075858599721616e-07,1.7563348793535352e-05,6.1267723536388275e-06,0.001697385701361411,0
0.6537033031952895,0.3452016666973281,9.627048249254511e-06,1.7987213311386075e-07,1.3637625334375854e-05,6.096726228921802e-06,0.001065488835436935,0
0.770278279204886,0.22968978290432637,8.302669271219712e-06,1.5512738626492695e-07,9.65381256584175e-06,5.230142447775926e-06,8.596139116377713e-06,0
0.7047142306908551,0.2949639066921804,6.0666768341969685e-06,1.2763202631467322e-07,0.00030623428425590035,4.303132377825348e-06,5.130891470206089e-06,0
0.653290410877027,0.3464090058055303,7.760555101439819e-06,1.7562147771410493e-07,0.0002818686755755409,5.284514863594712e-06,5.493950424395995e-06,0
0.4780538688854971,0.5217401640057032,1.6281366558002985e-05,3.04812050034448e-07,0.00016777318874567883,1.027678271299027e-05,1.1330958732875021e-05,0
0.16554543727882634,0.8343972540033634,1.14401172170877e-05,1.667079747189206e-07,3.304528434588656e-05,5.868003171050616e-06,6.788605101279181e-06,1
0.13835583082318015,0.8615906280737872,1.0540137862098996e-05,1.5359327207103978e-07,3.130872123863311e-05,5.284096418769146e-06,6.254554241101232e-06,1
0.08546899027404076,0.9144950459368626,1.4124377846065873e-05,1.437972196392471e-07,1.0892889010199839e-05,4.947081099836629e-06,5.8556439212860505e-06,1
0.1803526305316142,0.8195939854363831,1.0339924317248457e-05,1.5322272522342564e-07,2.625823340412044e-05,5.271348430240336e-06,1.1361303125778391e-05,1
0.05852073370783112,0.9414501992498803,8.547021400085434e-06,1.1595717026589774e-07,7.724351467943461e-06,4.081610636645313e-06,8.598101613695519e-06,1
0.12533627067292707,0.8746403180859234,8.023818701844336e-06,9.43731049453471e-08,5.048647859223377e-06,3.2467348634004875e-06,6.997666619894419e-06,1
0.2010539981568442,0.7989181548148474,1.0767496847351309e-05,1.100934293606486e-07,5.273628320700471e-06,3.787409183597148e-06,7.908400527581082e-06,1
0.06509846758499668,0.9348784249647795,7.99072541331179e-06,7.955588265700887e-08,4.835019263324212e-06,3.2333440905508354e-06,6.968805573912222e-06,1
0.0850364989171553,0.914856801339249,6.755092468233618e-06,1.1309440029761273e-07,8.223594106949894e-05,3.5706939472678764e-06,1.4024921710444008e-05,1
0.07688277233567398,0.9230443576233763,6.314542098197063e-06,1.1730704750137397e-07,5.604388647660678e-05,3.955024211601235e-06,6.439281115708775e-06,1
0.05167105051727507,0.9482557424238262,5.049192130764998e-06,9.380028067218513e-08,5.975264123301056e-05,3.1624901403228843e-06,5.148935113838833e-06,1
0.019730772209516863,0.9802496981545306,2.995006348110957e-06,4.761384169527062e-08,1.1521680656749034e-05,1.6424557931586857e-06,3.3228793129984836e-06,1
0.05103608063970425,0.9489306148406077,3.384271990034869e-06,6.872703643846512e-08,1.789492896173817e-05,2.3707626842510622e-06,9.585829015508819e-06,1
0.0736020926265244,0.9263695692805487,6.691380292078299e-06,1.1729970101949618e-07,6.4487113439626e-06,4.128866772607803e-06,1.0951834817246988e-05,1
0.17087700644487122,0.8290815361513976,1.300445275697026e-05,1.601640408707768e-07,8.868712615094938e-06,5.832541566792876e-06,1.3591532751550812e-05,0
0.20007183559657515,0.7998920732907884,1.265680056232884e-05,2.3289894184882306e-08,9.419927997283122e-06,5.902602282632132e-06,8.08849189985312e-06,1
0.5018609777220586,0.4981039849324914,1.1793112041456855e-05,2.563587618629623e-08,9.544264834847724e-06,6.137792103835133e-06,7.5365405934651676e-06,0
0.30112427111603,0.6988525404110567,7.11148378704015e-06,1.1404235660317052e-07,8.017356143910274e-06,3.923375187274431e-06,4.0222154384041555e-06,0
0.23235635307171243,0.7676093716525042,7.133262804359428e-06,1.3251814529054328e-07,1.777665394611157e-05,4.558993856165992e-06,4.673847031336159e-06,1
0.1637551530212415,0.8361946340926604,6.666982312001497e-06,1.310712022959543e-07,3.428280350897468e-05,4.5092149809176955e-06,4.622814093884875e-06,1
0.08674660003975362,0.9131467756996094,1.0228921528887432e-05,1.574276258468226e-07,8.526957037273317e-05,5.41594947207339e-06,5.5523916373962315e-06,1
0.05265744429955812,0.9472627794111095,7.83128785862126e-06,1.4548570138571163e-07,5.890851024207206e-05,4.905016485314003e-06,7.98598904489013e-06,1
0.07964762336423031,0.9201182248569415,8.710422808325572e-06,1.6274586875353734e-07,0.0002140515815787492,5.487000695766195e-06,5.7400278764182894e-06,1
0.06460503539882337,0.9352093145429603,6.6552697578355505e-06,1.2885880681370092e-07,0.00016482869537789367,9.565171639276052e-06,4.47206263466404e-06,1
0.08384077128198147,0.9159750267924738,8.984934575654615e-06,1.922630867552763e-07,0.00015295643835426293,1.605374118895312e-05,6.0145483389814295e-06,1
0.14220966770420435,0.8575418879975801,9.494035388798656e-06,2.188475287311981e-07,0.0002116807158939368,1.8898411217084646e-05,8.152288187063483e-06,1
0.1429952098302296,0.856817444480232,7.0968966423811175e-06,1.4843487764001714e-07,0.00016190081068955667,1.2471960831152078e-05,5.727586497908233e-06,1
0.0529152889653996,0.9470369527042883,7.948746927066815e-06,1.1560028721931149e-07,3.1639847899268666e-05,3.976972346303085e-06,4.077162852355004e-06,1
0.08431736272912849,0.9155703680045445,9.153428474949488e-06,1.5553677428239832e-07,8.496696622287738e-05,1.250757090289761e-05,5.4857639522707725e-06,1
0.08563483453767146,0.9142061361971154,8.619951549269631e-06,1.501603709888044e-07,0.00013264195708628985,1.2321057373607168e-05,5.296138832957719e-06,1
0.043606243499781434,0.9547178991247662,2.2270882098339212e-05,1.4716660006848488e-07,0.001629861147376811,1.7148018257835825e-05,6.430161119166355e-06,1
0.04780643398100828,0.9505321299611198,2.205787690240296e-05,1.4940477685451735e-07,0.0016152920091083733,1.7408813141819615e-05,6.527953942678411e-06,1
0.09060862837799061,0.9078075566207072,2.183243317650581e-05,2.3492808237961103e-07,0.001518429058596468,3.786201197549578e-05,5.456569471180185e-06,1
0.06518116186468999,0.9340717972127893,1.4916142825020436e-05,1.6762062316203724e-07,0.0006969921082504103,2.9914079509963963e-05,5.050971312011575e-06,1
0.025139327608195185,0.973891400844995,1.4803286952260556e-05,1.1698353343556015e-07,0.000928081325100036,2.293232009367702e-05,3.3376311306768963e-06,1
0.028550399093690608,0.9677930758560715,2.353253687365195e-05,1.6161700113882718e-07,0.003600379359826656,2.8219311825143603e-05,4.23222471117767e-06,1
0.03451659633468864,0.9613487847220836,3.256393782495829e-05,1.977729106985476e-07,0.004034386978268822,6.287667130287008e-05,4.5935829204120665e-06,1
0.07421567866807471,0.9237707303576379,3.3061888675196054e-05,3.1344383632154045e-07,0.001878568343648099,9.436707836486397e-05,7.2802197629062716e-06,1
0.06432831001567099,0.9342312934858453,2.299549947299367e-05,2.2921406680130556e-07,0.001327959801312337,7.189769609741377e-05,1.7314287534149414e-05,1
0.026219372528015764,0.9735912550913118,2.995541043941404e-05,1.3803830676924237e-07,0.00011299604992340829,3.776092741628164e-05,8.52195458640131e-06,1
0.03765374836339603,0.9518231558476998,4.289452814509248e-05,3.23236161102669e-07,0.010355879960524561,9.781618244096284e-05,2.618188163233411e-05,1
0.03422549089547833,0.9654904802061288,3.710345370488882e-05,2.3745362830957586e-07,0.0001689666281581994,7.122246057720438e-05,6.498902324468833e-06,1
0.03422549089547833,0.9654904802061288,3.710345370488882e-05,2.3745362830957586e-07,0.0001689666281581994,7.122246057720438e-05,6.498902324468833e-06,1
0.028988894686429234,0.9707695283803724,3.1289188154986395e-05,1.9086310391961346e-07,0.00017051070276736044,3.509098713823423e-05,4.495192033743803e-06,1
0.028802766889122443,0.9709316398078913,3.051641690526205e-05,1.8614922260662958e-07,0.00019628224560228822,3.4224320165267314e-05,4.384171091031568e-06,1
0.048354849235131836,0.9513968126920657,2.6742519548167586e-05,1.665776572052759e-07,0.0001889350696150863,2.8273841820035838e-05,4.220064161925615e-06,1
0.024723930702248775,0.9751077933899146,2.297890318165622e-05,1.3398365310991526e-07,0.00011380910246253213,2.830015624039333e-05,3.053762298721031e-06,1
0.015835575810923888,0.9840058885423658,2.004550774848574e-05,1.3281448796485762e-07,0.0001076822650907252,2.805320405251106e-05,2.6218553307299114e-06,1
0.006541581082514983,0.992213337727361,2.1530773195088283e-05,1.315880320947185e-07,0.001195251642312532,2.5569513184252223e-05,2.5976734003017044e-06,1
0.005653783668295856,0.9920529043735745,2.343887198411662e-05,1.5114676292838343e-07,0.0022305197421130514,2.986086760569453e-05,9.341329663630183e-06,1
0.006259089575018438,0.991687061802913,2.8269727632563207e-05,3.665859188070705e-07,0.0019752457157254507,3.7288458576730814e-05,1.2678134215113015e-05,1
0.01736003585791558,0.980365882099297,2.9826848614303938e-05,4.6007844564343084e-07,0.002183911131819689,5.0654485167981216e-05,9.229498739877008e-06,1
0.0068573470823483995,0.9905945649770884,2.247675415434051e-05,1.358383773908821e-76,0.0024855581455670117,3.5071571126083746e-05,4.981469715677255e-06,1
0.005767038582187681,0.990827925170313,1.9660002906087864e-05,1.222606962460837e-76,0.003349420278274931,3.0676457353461874e-05,5.279508964803963e-06,1
0.008414689903401627,0.9896203387204602,2.1209953566040883e-05,1.6930646715361592e-53,0.0018338795199480242,0.00010734136585591485,2.5405367683635347e-06,1
0.8799586901558831,0.09094792154478402,1.0844062157958271e-05,2.095664905531975e-07,1.3797168379747753e-05,7.103209916624469e-06,0.029061434292388118,0
0.9077731824454438,0.07619227545749868,7.372912935746682e-06,2.0827108634839517e-08,9.016079402487362e-06,4.9127793466103135e-06,0.01601321949826405,0
0.9127268405109394,0.08113199493064983,8.962771583449898e-06,1.448964305159615e-07,8.644973409990644e-06,5.100044178067664e-06,0.0061183118728086235,0
0.9502302663145911,0.0410806817115462,6.6308063158822325e-06,1.1945913761134776e-07,6.412210238952473e-06,3.687758975399682e-06,0.00867220173919496,0
0.9559038109339185,0.04014657194933522,4.463338522976733e-06,1.0491205740863603e-08,5.435560738899114e-06,2.6589262594711177e-06,0.003937048800018982,0
0.9417875347939169,0.054487500372942116,7.5259809425979995e-06,8.17445450157803e-08,5.7982004717711425e-06,3.045733587106347e-06,0.0037085131735945013,0
0.8524508939537573,0.12930593250563632,1.194943517271414e-05,2.34920260990507e-07,1.4994543140233077e-05,7.962570366468912e-06,0.01820803207166604,0
0.8289733118875775,0.17098820298073317,7.231278154054741e-06,1.3980813366172494e-07,9.062681896107854e-06,4.713651612486685e-06,1.7337711893153507e-05,0
0.8144376001056615,0.18552686395655651,6.399892984684255e-06,1.4482967371417208e-07,7.936144251559685e-06,4.357978155029757e-06,1.6697092717164105e-05,0
0.5088369594604668,0.4908873212750886,9.86194068352884e-06,1.8426087222800226e-07,0.00025290015215533105,6.212382175111643e-06,6.560528558365254e-06,0
0.44052969160148603,0.559117503647896,1.0144451443633333e-05,1.8953931394055405e-07,0.0003293319490635612,6.390345607124743e-06,6.748465189621469e-06,0
0.5472356810271333,0.45258938822547656,1.2265158779575673e-05,2.5855474898243033e-07,0.0001423124666404052,8.717211063026836e-06,1.1377356158288693e-05,0
0.5056481847536456,0.4941624984154201,1.658463296525465e-05,2.699147713491878e-07,0.00015332836578521572,9.10021587358036e-06,1.0033701539048088e-05,0
0.17681484581276385,0.8230888664820084,1.0975560641449268e-05,1.599383512616222e-07,7.30095534133447e-05,5.6297171983416156e-06,6.5129356234786135e-06,1
0.13932642706782938,0.860613467513108,1.1253916594055192e-05,1.6399461713978799e-07,3.6367459116489224e-05,5.641935727008726e-06,6.678113007938409e-06,1
0.12382941019968288,0.8761169950632041,1.0550696303541466e-05,1.5374713206702244e-07,3.134008432934044e-05,5.289389691337673e-06,6.260819656750195e-06,1
0.1001863707247002,0.8997777499592776,1.2854276157561716e-05,1.5160375325840078e-07,1.1484247483480282e-05,5.2156506522900275e-06,6.173537975482603e-06,1
0.10465484546708805,0.8952899876617959,1.1581999050142437e-05,1.4920001181968363e-07,3.2227063814765905e-05,5.1329543117751976e-06,6.075653927520622e-06,1
0.09394324211558522,0.9060023622631989,1.1420079125563617e-05,1.4711414956426366e-07,3.1776519507199285e-05,5.061194024847963e-06,5.990714408750842e-06,1
0.07325853831146081,0.9266532481238113,1.131100128185759e-05,1.457090021886036e-07,6.581050730523722e-05,5.0128524919445294e-06,5.933494646717633e-06,1
0.1369966128039384,0.8629476559396586,1.0347173178945391e-05,1.5333014287077912e-07,2.8586441111678665e-05,5.275043938500818e-06,1.1369268030794024e-05,1
0.13242305444584812,0.8675481991691945,9.85235168345535e-06,1.1587962521115024e-07,6.199174742514975e-06,3.986627176634025e-06,8.592351729847633e-06,1
0.12672209381995517,0.8732489708988637,9.917092764125667e-06,1.1664108525692178e-07,6.2399103237233175e-06,4.012823820840134e-06,8.648813187412524e-06,1
0.09149961688726964,0.9084689033720205,1.0359040109580257e-05,1.1251623237110404e-07,6.838188865258266e-06,4.6787542060994e-06,9.491241296507724e-06,1
0.0408125318570863,0.9591604182406005,9.285837070985763e-06,2.682639033114515e-08,5.8815568382022715e-06,3.757394337349154e-06,8.098287676225697e-06,1
0.06223600585080284,0.9376659299555117,6.23280889555082e-06,1.04350279071201e-07,7.549185929905177e-05,3.294618556663555e-06,1.294055665519516e-05,1
0.05009795937352675,0.9498042721855131,7.040450009140863e-06,1.1290196350119278e-07,8.061110793383192e-05,3.8065061622091058e-06,6.197474891618569e-06,1
0.018377344273843715,0.981540776919676,4.326282748286037e-06,8.316560964179264e-08,6.435198761330655e-05,2.8039406558417938e-06,1.031342985292005e-05,1
0.11329197288408807,0.8866020345675883,6.8443102633078155e-06,1.5963284336570742e-07,7.983801016947071e-05,1.2214515494111851e-05,6.936079553368741e-06,1
0.06163655677546876,0.938311231239853,5.008547755584974e-06,1.0328702281451946e-07,3.5749663616743954e-05,6.72190173291402e-06,4.628584549923677e-06,1
0.05432408370273618,0.9456303720393318,5.245331322003853e-06,9.195050482299668e-08,2.421014720448386e-05,3.1718641880853997e-06,1.2824964712572e-05,1
0.3539254792036469,0.6460165962786838,1.9454028318278573e-05,8.355830388193907e-08,1.0909755425929486e-05,9.072915811590888e-06,1.8404259809672574e-05,1
0.2171579204494615,0.7828007476059872,1.5025944286165433e-05,5.582255556659526e-08,8.60284225137935e-06,7.007758252821207e-06,1.063957720549379e-05,1
0.20416047628163916,0.7957939081977229,1.6161150216918633e-05,5.2821551182386556e-08,1.3391532038827497e-05,6.63094864638313e-06,9.379068184804944e-06,1
0.22926991094737928,0.7706921611030231,1.299614183372079e-05,4.828222392889449e-08,1.0249362013193219e-05,6.061104610506545e-06,8.573058916416758e-06,0
0.2662225427845055,0.7337417435123335,1.0523019763390208e-05,4.9951566852803025e-08,1.0004396916318575e-05,6.269091442567431e-06,8.8672434718204e-06,0
0.26032736702703607,0.7396324356834577,1.3995601079652262e-05,2.5753433230913617e-08,1.0416341302036305e-05,6.527229643692205e-06,9.232364047859357e-06,0
0.24549674275676486,0.7544628831796342,1.3895177688800353e-05,2.5568643233227366e-08,1.0341600366804729e-05,7.2318241020602735e-06,8.879892799875295e-06,0
0.1609236139957516,0.839035072433274,1.295933497044791e-05,1.5960836604619094e-07,8.83794340934874e-06,5.81230608513047e-06,1.3544378143459572e-05,0
0.2502981736417653,0.749664172033647,1.5108828091106035e-05,1.7734844107757225e-07,8.775559498360929e-06,6.101100840754822e-06,7.491487716314524e-06,0
0.30209019508570295,0.6978792089960136,8.072546251236615e-06,1.5600742457325457e-07,1.0197926913650312e-05,5.367090586624004e-06,6.802347107270351e-06,0
0.2569107964573176,0.7430601778556394,1.0244151673131388e-05,1.3609617939932698e-07,9.163308520563994e-06,4.682088210402032e-06,4.800042459597647e-06,0
0.1674239102422935,0.8324960509902628,6.910108025131025e-06,1.358509929175049e-07,6.35277604559749e-05,4.673653111481873e-06,4.791394858111259e-06,1
0.1198900529509247,0.8800595631217415,8.512524614833746e-06,1.3761908361673546e-07,3.128574567589556e-05,4.844040248397988e-06,5.6039977114035205e-06,1
0.10065423171549254,0.8991174526680474,9.774357727914348e-06,1.8262446897719122e-07,0.00020576027986657494,6.157210600898892e-06,6.441143795991933e-06,1
0.07325141508471761,0.9265340085463726,7.6251273651634055e-06,1.3101855143705828e-07,0.00019001795179733805,9.725489187841313e-06,7.076782008184582e-06,1
0.08158136859249875,0.9181778831373353,8.69268728728347e-06,1.8366875485580224e-07,0.00020735572686581528,1.6535742455528776e-05,7.980444802511707e-06,1
0.10205724719883863,0.8977298251759812,9.004137767417426e-06,2.654103664098331e-07,0.00017564867179913914,1.8923487624069563e-05,9.085917623038847e-06,1
0.12004575875996701,0.8797430092502627,7.27191246927575e-06,1.5209541465489115e-07,0.00018519973081176672,1.2513863985438877e-05,6.09438708915948e-06,1
0.14965406663629197,0.8501367974559458,1.0238324304637086e-05,1.7078771306159923e-07,0.00017878316463096832,1.3246287558492571e-05,6.697343555029086e-06,1
0.11002752001774525,0.8898052578429879,1.0248133994025813e-05,1.6292220214198691e-07,0.00014455658323179533,5.620057218967394e-06,6.634442620021842e-06,1
0.07584581764231513,0.9240435817066016,8.968398722953503e-06,1.5464451146565696e-07,8.358749477981599e-05,1.2435819122677785e-05,5.454293946424155e-06,1
0.06681080989044573,0.9330275539442229,8.202736251093138e-06,1.4663153990120487e-07,0.0001360836127620846,1.2031507407755499e-05,5.171677370623041e-06,1
0.09349879790708643,0.9063251216820291,8.136754692506876e-06,1.5114042357457828e-07,0.00014948380922462888,1.215403606558495e-05,6.1546704782289475e-06,1
0.0950319232381604,0.9048233524367956,8.532043621761631e-06,1.700496635364646e-07,0.00011900255747567502,1.1830757586130395e-05,5.188916696767447e-06,1
0.09899321310695684,0.9008548716053328,9.006864463222478e-06,1.5530778657148338e-07,0.0001254448750145181,1.1830552863627084e-05,5.477687582320028e-06,1
0.13060196171337643,0.8655423713973387,2.0621819717190428e-05,1.9308938824541368e-07,0.0038092299593568404,2.07357775023283e-05,4.886243320055406e-06,1
0.02081505005097115,0.9753454656205233,2.199653603904712e-05,1.7052025169904028e-07,0.0037831495268498693,2.977387354851219e-05,4.393871816416956e-06,1
0.07774352136704481,0.9204206959469727,3.215729926782448e-05,3.083057415779669e-07,0.001703336025366894,9.282017607128844e-05,7.1608795348933775e-06,1
0.03142537171880338,0.9683572960733516,2.760981772685746e-05,1.36838567086212e-07,0.00012210107573585864,4.7114799916088896e-05,2.036967589921314e-05,1
0.02713034277412864,0.972652043765027,3.918146145530041e-05,1.4620067124222162e-07,0.00012396910548243947,4.160409838956556e-05,1.2712594845570128e-05,1
0.026604533787086344,0.9732146877509207,3.421686029900657e-05,1.3678943735791734e-07,9.600922670903099e-05,3.852132622904951e-05,1.1894259318438086e-05,1
0.026652684754088975,0.9731388618633181,3.3593785032085184e-05,1.4149172740175275e-07,0.00011491824022101035,4.339962057636445e-05,1.640024503607764e-05,1
0.019638769731200854,0.9801475029325984,3.140460414517372e-05,1.5631015626721474e-07,0.00013409371762917953,3.8459362826010405e-05,9.613341443890534e-06,1
0.05189805335429956,0.9329306497288875,3.849199244440611e-05,3.6221622072674794e-07,0.014980289189767588,0.00012290527396172774,2.9248244418553202e-05,1
0.05503225668889289,0.9320635139538783,3.8456215097280013e-05,3.61879549781944e-07,0.012710602210342788,0.000122791036574393,3.201801566460634e-05,1
0.04149713415696104,0.9451801469651477,4.848647406572584e-05,4.1513922308811756e-07,0.013115391432615415,0.00014805364813186286,1.0372183855067743e-05,1
0.02376385597222174,0.9759483004770774,3.758372414056905e-05,2.033614951129672e-07,0.00021340688194031597,3.186003001565003e-05,4.789553109159616e-06,1
0.04151024887303065,0.9582339357604726,2.440233601403267e-05,1.8710907627478026e-07,0.0001972943488536262,2.9524795067632994e-05,4.4067774852168365e-06,1
0.03907169002380912,0.9607140804765679,2.2167731162773298e-05,1.443765407696337e-07,0.0001637542047279564,2.4505564219901215e-05,3.657622971452299e-06,1
0.009169827579100847,0.9886681585044863,2.6420358230111947e-05,1.4339304349607937e-07,0.0020978919217741502,2.7536402247648407e-05,1.002184111738137e-05,1
0.009052823961523456,0.9880053197530713,2.7568105074593284e-05,6.117511418218112e-07,0.002836463107425571,7.102733719458972e-05,6.185984568729892e-06,1
0.008027055269162333,0.9897450472540449,2.615181221411059e-05,1.31455979954476e-76,0.0021617269725706994,3.504149431938607e-05,4.977197688593834e-06,1
0.008662540700968084,0.9884626296696971,2.2771851446476295e-05,1.148060961919626e-76,0.002812031812212337,3.723303445462496e-05,2.7929312215824915e-06,1
0.002238137596169736,0.9837642706900783,2.3381136323722532e-05,7.041244146358206e-07,0.013917394462058587,5.311330803712268e-05,2.998682917998111e-06,1
0.0022455050044004974,0.9909139073636735,2.2924473668526463e-05,1.173523142841194e-06,0.006748795979395294,6.403091408228153e-05,3.6627416370982938e-06,1
0.0032801690805997954,0.9833011118641721,4.998236962832211e-05,1.569591197627379e-06,0.013138180544293384,0.00022379798159794786,5.188568510624827e-06,1
0.8831967387868768,0.09447208685398618,1.2350321877353725e-05,1.8684489546246055e-07,1.1743994616413496e-05,6.4280578808285e-06,0.022300465139867238,0
0.9139823585642712,0.06770011968032738,7.368112307767592e-06,2.0813547753094808e-08,9.01020888110477e-06,4.909580553108762e-06,0.018296213040111853,0
0.9560540647138304,0.040152882389901404,4.464040093026389e-06,1.0492854801470294e-08,5.4364151277378424e-06,2.6593442029047796e-06,0.0037804826039895883,0
0.9535425516755864,0.04263779523542341,6.720132995917282e-06,8.276484786662996e-08,5.6914772826922055e-06,3.083749220580767e-06,0.0038040749646428324,0
0.8308360694003812,0.1370766634378349,1.400864728441709e-05,2.640436802054836e-07,1.3977131979576504e-05,8.151150854138079e-06,0.032050866187985506,0
0.8720051929722888,0.11491262179496822,1.487766155454628e-05,2.2897121614662877e-07,1.4784916649605907e-05,7.877337118529599e-06,0.013044416346204037,0
0.8007292159023195,0.19711467804349334,1.4284566626951776e-05,2.1984332555953496e-07,2.8890932147664327e-05,7.563308689342475e-06,0.0021051474033974902,0
0.807758649655298,0.19017311352102445,1.0788730375424722e-05,2.1210135198175338e-07,1.8926221847228987e-05,7.296960207374856e-06,0.0020310128098956957,0
0.675046094552507,0.3218060047013299,1.0272080032608237e-05,1.9192393131764112e-07,1.042956446376967e-05,6.50521926751911e-06,0.0031205019584678124,0
0.7691882505993213,0.2307570965279113,8.873361572077044e-06,1.6579022276985614e-07,1.031737705640182e-05,5.589641535337962e-06,2.9706702380828253e-05,0
0.7883306824308297,0.21163543525984088,6.0212597219009146e-06,1.362611973291019e-07,7.82050590034231e-06,4.195030481426447e-06,1.5709252028323637e-05,0
0.8061065797200105,0.19386104122453948,5.014996600251968e-06,1.0550655582037128e-07,1.0617435974620145e-05,3.5571689138910264e-06,1.3083947405223852e-05,0
0.5624944088768472,0.4373029162922615,8.564973527360595e-06,1.6002828889419952e-07,0.0001828567140572441,5.3953770945455165e-06,5.697737923098639e-06,0
0.5686590884748446,0.43107307558558433,9.802675560992298e-06,1.8315356044001706e-07,0.00024521525666256416,6.1750489967173815e-06,6.45980479039416e-06,0
0.5319791502692878,0.46766635012040625,1.0371152488036956e-05,1.93775004816953e-07,0.0003305671083714895,6.533152542648544e-06,6.834421899131757e-06,0
0.5135652515927962,0.4861324253641415,7.72244339232093e-06,1.624663922604911e-07,0.0002833221366572383,5.477578105051358e-06,5.6384185154472635e-06,0
0.5640346192160761,0.4356331235651095,7.4923535183864094e-06,1.576257129813157e-07,0.00031382244361105165,5.314373897311744e-06,5.4704220744892915e-06,0
0.6637349376730411,0.33594421204974156,8.74125745566906e-06,2.2063632087748282e-07,0.00029566266231385185,6.6390280522748774e-06,9.586693074575437e-06,0
0.6101216926720998,0.3892353435964105,1.258745298262499e-05,2.6534884747438576e-07,0.000609488333193457,8.946275084362572e-06,1.1676321381792365e-05,0
0.6066386726435529,0.39319387918711596,1.1740522548702443e-05,2.474951947264838e-07,0.00013622511975429523,8.344336578641966e-06,1.0890695254874491e-05,0
0.5329632804335616,0.4668680761468744,1.3315614882048078e-05,2.4928864878797447e-07,0.00013721226414944356,8.599297405804125e-06,9.266954477920033e-06,0
0.16337425262635927,0.8365320349816417,1.0696152523833574e-05,1.5586675299703764e-07,7.115092745758746e-05,5.362311383898927e-06,6.34713388066504e-06,1
0.14019252470515345,0.8597156241666909,1.1391246857027182e-05,1.6599582478244057e-07,6.782349658692896e-05,5.710783626367645e-06,6.7596052606907804e-06,1
0.11983806996941829,0.8801053238825518,1.0598726014605986e-05,1.5444703187626052e-07,3.4250185862108194e-05,5.313468467872764e-06,6.289320653318529e-06,1
0.12321896209690779,0.8767198108459862,1.1463927957231576e-05,1.6705495020794928e-07,3.704611881691297e-05,5.747220905113613e-06,6.802734476786325e-06,1
0.13049499828928693,0.8694472510590269,1.136883246556941e-05,1.6566919720218282e-07,3.3770298940127044e-05,5.699546600137011e-06,6.746304483320683e-06,1
0.10856291841825079,0.8913819605927626,1.1726369087087786e-05,1.485487393907199e-07,3.208638957571573e-05,5.110548471577076e-06,6.049133112658345e-06,1
0.07330856453774182,0.926602925956359,9.597321466131788e-06,1.4221842489049433e-07,6.808584749147599e-05,4.89276554574128e-06,5.791352971178073e-06,1
0.07872512843572518,0.9212213262572618,9.561313442725231e-06,1.5457275709605304e-07,2.6927162184205476e-05,5.440852066777174e-06,1.1461406562210661e-05,1
0.07629077127468675,0.9236713353679613,1.1142356108678015e-05,1.5116799455355612e-07,1.0069879404251327e-05,5.321006825841745e-06,1.1208947018365596e-05,1
0.060528006146114734,0.9394503611939656,7.2435080225279775e-06,8.51953874064191e-08,5.253198029406479e-06,2.930872392085934e-06,6.119886087890585e-06,1
0.06880894459274388,0.9311665299000027,8.453726601256132e-06,8.416553525710861e-08,5.1151715081909375e-06,3.4998492554745002e-06,7.372594353076046e-06,1
0.03473080913754291,0.9652466460386255,8.04287795567181e-06,2.323553404773555e-08,4.209974977845032e-06,3.254446944913226e-06,7.014288419222705e-06,1
0.017376869493514347,0.9825944296140454,2.130854843014891e-06,1.2024504178185076e-137,1.9408721598929025e-05,1.5495074756317795e-06,5.611808522781207e-06,1
0.01781774195167197,0.9821585496097459,2.8561687005847e-06,4.5406636433476106e-08,1.5335037706737267e-05,1.566317490937108e-06,3.905508047467523e-06,1
0.15692800124950407,0.8430226460369252,1.0483585204958422e-05,1.5556431328566782e-07,6.612120343918897e-06,6.468818796893017e-06,2.563262491176051e-05,1
0.15189813336164484,0.8480477766685918,1.1229612577254081e-05,1.4945075858099597e-07,8.325076678184075e-06,6.929149475239615e-06,2.745668027393914e-05,1
0.16773559779901678,0.8322199744683587,1.3892493780119625e-05,1.7213551278219414e-07,8.544189335201122e-06,7.98090762060884e-06,1.3838006375721638e-05,1
0.21737164943809598,0.7825755522756318,1.9770899837348306e-05,8.187678598025911e-08,1.0885113877852725e-05,1.0102503466540575e-05,1.1957892304529462e-05,1
0.3207613427028733,0.6791838980740419,1.8649701012420933e-05,6.928587360844765e-08,1.4031000467298733e-05,9.706739529421426e-06,1.2302496202233806e-05,1
0.2302626942833893,0.7696971887330744,1.4970378676811929e-05,4.8929600485311134e-08,1.0267294291879423e-05,6.1423729679171196e-06,8.688007999280885e-06,1
0.3082335818193763,0.6917292324460061,1.1050309019738632e-05,2.597436164234816e-08,1.0505698931218579e-05,6.5829550406268305e-06,9.020797264264171e-06,0
0.2778478362668018,0.7221147164735918,1.0904105481442998e-05,2.563070215098929e-08,1.0366700976204908e-05,7.249376819782694e-06,8.901445626592578e-06,0
0.13212691081199468,0.8678394932723503,1.029063854710433e-05,1.4972568390691719e-07,7.1303824621514474e-06,5.269964305321904e-06,1.0755204656526067e-05,1
0.19461840309042724,0.8053489343197308,1.1111516088868527e-05,1.6810520617948953e-07,8.2698373085951e-06,5.783288020531185e-06,7.32984321803987e-06,1
0.17980056899339406,0.8201612282102938,1.0097235013692108e-05,1.6465671841994162e-07,9.266094419887274e-06,6.011437979270318e-06,1.2663372181104543e-05,1
0.2606270526597899,0.7393376756189756,9.77064893949762e-06,1.8882440930294101e-07,1.0582904776841244e-05,6.496086404008194e-06,8.233256705040792e-06,1
0.3158235404757418,0.6841508844086059,7.042562205025549e-06,1.1951640093302018e-07,1.0086057289558026e-05,4.111697582018555e-06,4.215282174920699e-06,1
0.34683821811082,0.6531358643737512,6.644186244152692e-06,1.1275572780360407e-07,1.1304625188970394e-05,3.879111567529911e-06,3.976836700404913e-06,1
0.16782494482699398,0.8321410214207605,6.560136813741689e-06,1.2897064656302345e-07,1.8358966210284246e-05,4.4369500042235984e-06,4.548728570313821e-06,1
0.17069306806875584,0.8292500550235864,8.176469624524333e-06,1.6074734476099413e-07,3.734005720448755e-05,5.530157063046866e-06,5.669476421203406e-06,1
0.1428524523580476,0.8570402252931051,8.309864146623046e-06,1.6336984765254948e-07,8.754982145197793e-05,5.537322647213798e-06,5.761970753413482e-06,1
0.10232013792172254,0.8975665460329497,8.677278529753742e-06,1.6120208780611158e-07,9.332820200293949e-05,5.463847732081782e-06,5.685514975220164e-06,1
0.076258703940372,0.9236487234167082,1.4140661417829732e-05,2.0565059327852638e-07,6.389818586833489e-05,7.074954069256798e-06,7.253190970791164e-06,1
0.0733525825388877,0.9264278405290907,1.0485281046118414e-05,1.7064786673447905e-07,0.00019621854183591946,5.75341770992114e-06,6.949043563088853e-06,1
0.08482909405180047,0.9149645719955561,6.280396295022236e-06,1.3597836042243485e-07,0.00018333931408425318,9.9578344543804e-06,6.620429449500124e-06,1
0.17034977045349942,0.8294160334178966,7.367134151944619e-06,1.7182689370998172e-07,0.0002055469504328027,1.3695145255475669e-05,7.415071870219637e-06,1
0.14763662358282711,0.8521081329430338,7.390032785207126e-06,1.5456595572736072e-07,0.00022726114384947723,1.2987113111895221e-05,7.450618436702024e-06,1
0.15985718979360158,0.8399425948865872,8.374913011465535e-06,1.7105318213859157e-07,0.00017906106168132132,5.900538161567058e-06,6.707753774710491e-06,1
0.04583694360675942,0.954118040091509,8.020474249535028e-06,1.1664343265530005e-07,2.8811671054813516e-05,3.953558937415528e-06,4.113954056975002e-06,1
0.09936000458553965,0.9004304128345868,9.346765077939717e-06,1.7998643889195805e-07,0.00017801365020701977,1.4712853567164304e-05,7.329324582601056e-06,1
0.1065015958692399,0.8933145202681296,8.47112388904588e-06,1.5735133983112165e-07,0.00015562664910058805,1.3221149761462643e-05,6.407588539610704e-06,1
0.08908107178596006,0.9107377725093745,8.426993537508884e-06,1.5609638509251613e-07,0.00015438544962334373,1.1830680266903313e-05,6.35648485273108e-06,1
0.09025933078370067,0.9095598292115943,1.0666261233089753e-05,1.5378607904615307e-07,0.00015210046629382014,1.1657085461335605e-05,6.262405637634741e-06,1
0.08933914769482401,0.9104911019031878,7.720158698302408e-06,1.7429825211705935e-07,0.00014286729200045946,1.2619531617389095e-05,6.369121419764049e-06,1
0.10536063621293723,0.8944785861076432,9.668170788258869e-06,1.6529746523445848e-07,0.0001335137170151432,1.1600471762936381e-05,5.83002238775079e-06,1
0.21251835011481313,0.787186064934591,1.0443516992623252e-05,1.808875973120831e-07,0.00025587819736980574,1.4066286643210845e-05,1.501606199289363e-05,1
0.10155681800469747,0.8978299606665628,2.1401964872843082e-05,1.4210067221275828e-07,0.0005695344850898843,1.4455102367206386e-05,7.687675737510927e-06,1
0.06810773215206047,0.9299801183220718,2.118014890373558e-05,1.5431417474008094e-07,0.0018665815102680353,1.6596628828838703e-05,7.636923692173138e-06,1
0.11619399336922424,0.8826691766001105,1.751127283557345e-05,2.1159905000335863e-07,0.0010906724653670017,2.225238681954128e-05,6.182306593109539e-06,1
0.07890656104150039,0.9205668141728632,1.534733378786007e-05,1.585717199192854e-07,0.0004753250103537656,3.0654034214108836e-05,5.139835560764006e-06,1
0.025865311813199454,0.9709572850812905,1.9192126078651004e-05,1.360921160465781e-07,0.003127513891715411,2.6678181755598156e-05,3.882813844112169e-06,1
0.02383685633698919,0.9701774615902796,3.848759033555025e-05,1.6850474803687505e-07,0.005915637051197423,2.735240259385676e-05,4.03652385614578e-06,1
0.0462850131039883,0.9437526894172538,4.075951350165512e-05,2.61938828978226e-07,0.009874066078286654,4.1126012141939505e-05,6.083935998803867e-06,1
0.03747966038997804,0.9604910957955595,3.426600421286966e-05,3.032337594865749e-07,0.0019400219306196511,4.760957099463666e-05,7.043074875876315e-06,1
0.03142537171880338,0.9683572960733516,2.760981772685746e-05,1.36838567086212e-07,0.00012210107573585864,4.7114799916088896e-05,2.036967589921314e-05,1
0.02946685473337009,0.9703199351833122,3.5205906807011065e-05,1.458501287823131e-07,0.00012367186720836564,4.150434506512567e-05,1.268211410816227e-05,1
0.030926234326541634,0.9689007292720138,2.888204211466914e-05,1.3737327178811717e-07,9.815252452212246e-05,3.7919731668395596e-05,7.944729867513675e-06,1
0.025270464133292616,0.9745352295960129,3.0574519716597993e-05,1.4089124034865198e-07,0.00011533141778405615,3.468447704532568e-05,1.3574964908237291e-05,1
0.022808275705385204,0.9769552300193783,3.069012191798706e-05,1.6049041526710578e-07,0.00014072824871941487,4.6667439400804674e-05,1.8247974783027768e-05,1
0.04446454667211759,0.9425302840523432,4.4612176396045203e-05,4.2011123051814857e-07,0.012801247150593982,0.0001498268456463713,9.062991672259125e-06,1
0.03416065634978998,0.9629918724462908,4.061398108384097e-05,3.6177687676761477e-07,0.0026794023463445563,0.00011854365822330745,8.549441390477552e-06,1
0.024213411304846083,0.9724632434264466,4.399111243347725e-05,3.700754607965209e-07,0.003165874277134216,0.0001029750891960212,1.0134714482758368e-05,1
0.03839458837144817,0.9613807964565786,2.1427238661494298e-05,1.5274029377580257e-07,0.0001732405084914713,2.59251749497295e-05,3.869509576851218e-06,1
0.03692897746218908,0.9628520910717377,2.2654274465116948e-05,1.47545355765233e-07,0.00016734832588343105,2.504341890849324e-05,3.7379014603148354e-06,1
0.04660861660684518,0.9531095169390159,2.159739743085786e-05,1.513105125394702e-07,0.00023060196568200722,2.5682492892654465e-05,3.833287620941463e-06,1
0.010577921316757282,0.9870179541239869,2.754757327452049e-05,1.4951085592256226e-07,0.002337255305204892,2.8722750570316078e-05,1.0449419350113626e-05,1
0.005631859311023066,0.9908105592217924,2.4089459247517774e-05,1.6610252937018672e-07,0.0034859268919237092,3.2261449868737736e-05,1.5137563615247534e-05,1
0.006047215548807561,0.9913186325915594,2.645723612899239e-05,1.7512493213486701e-07,0.0025641313632780165,3.214971166128316e-05,1.1238423632899247e-05,1
0.017553229012070428,0.9784341212128213,2.985649485956692e-05,4.5917188457043493e-07,0.0039225681227872174,5.0554673092756266e-05,9.211312484119828e-06,1
0.005635405741671854,0.9919139971925507,2.3237677587051502e-05,2.3796783941406743e-07,0.0023946854400208727,3.0046399330547697e-05,2.3895809994999855e-06,1
0.0069819247402328945,0.9898389003787266,2.2575055510433e-05,2.311821895430652e-07,0.003124857574571189,2.9189626641248912e-05,2.321442128125891e-06,1
0.0020320019632747537,0.9822341986742401,2.2024189267884956e-05,6.250824328217249e-07,0.015662270484799953,4.604737400099709e-05,2.8322319834288674e-06,1
0.002277144706631449,0.9810738407142354,2.6823743973488437e-05,0.0,0.01656331673531364,5.517109105326912e-05,3.703008792684413e-06,1
0.8365925374703247,0.13528763191893198,1.6116539758908274e-05,2.1821473848577244e-07,1.4533741453472751e-05,7.507280121111037e-06,0.028081454834671216,0
0.8386154649197303,0.13001331753690584,1.5856570389033496e-05,2.146948049944547e-07,1.4299303561462227e-05,7.386183228617106e-06,0.03133346079138009,0
0.9505392333845555,0.0416843222931045,5.206795093624499e-06,1.2056982158032476e-07,6.468852882595306e-06,3.806426718089753e-06,0.007760841677824516,0
0.9590412358815357,0.037873322615742236,4.4779878940446925e-06,1.2166106079270929e-08,5.2870337235477686e-06,2.7293850245309414e-06,0.003072934929973764,0
0.9339752606988285,0.061114265431267044,6.7027709753109575e-06,1.0836018522238364e-07,6.2840615593080385e-06,3.814046555942408e-06,0.004893564630628606,0
0.7508742281359922,0.20680183255499376,2.243536419814172e-05,2.2939279375188588e-07,1.3531929728893297e-05,7.891518855869535e-06,0.04227985110343732,0
0.8481882483049893,0.14357617409026274,1.7888714752005356e-05,2.7531213538159555e-07,1.754565915545652e-05,9.471611933240892e-06,0.008190396306772135,0
0.8231623787863838,0.17260363530814504,1.27529830980011e-05,2.5071763430550997e-07,1.579443112990975e-05,8.498018846288083e-06,0.0041966897547626785,0
0.7798923477026778,0.2196911667579162,7.945719311171527e-06,1.4845811972897225e-07,7.860849102670295e-06,5.005287154039087e-06,0.0003955252257182023,0
0.7919523532183144,0.20797699564981864,7.096583029345565e-06,1.3259282536647275e-07,8.251452657606718e-06,4.470386441214215e-06,5.0700116913556845e-05,0
0.7674802150864382,0.23245769463922608,8.643833859549015e-06,1.818507991727657e-07,9.744066797397766e-06,6.131126210630253e-06,3.7389396669100504e-05,0
0.8185389896881419,0.18142839429265037,5.796226013875222e-06,1.3116868115952734e-07,7.52822861574193e-06,4.038248793188928e-06,1.5122147103853152e-05,0
0.7539967122627934,0.2459554343407143,6.087528300490546e-06,1.1373960869937696e-07,3.1573925731574036e-05,3.834747492206872e-06,6.243455359299066e-06,0
0.5040466147437344,0.4956743251495079,8.100289923483789e-06,1.5134612288772605e-07,0.00026036785394519603,5.102656601649798e-06,5.337960164623185e-06,0
0.4515443888237927,0.5483051727854648,1.0839376822006362e-05,2.2849866061308229e-07,0.00012299425968024307,7.88213963609314e-06,8.494115943354092e-06,0
0.17324370184096125,0.8266330307277396,1.071987712175518e-05,2.0069247319988842e-07,9.740797956410478e-05,6.766375997847816e-06,8.172506142253969e-06,1
0.15626215517034062,0.8436307817774182,1.2278405100157485e-05,1.7892369528944384e-07,8.116413198198137e-05,6.15554343470594e-06,7.286048028773659e-06,1
0.15958856092764723,0.8403135091151567,1.1177537319008948e-05,1.628816010743197e-07,7.435310455485578e-05,5.603644439074881e-06,6.632789282108355e-06,1
0.13886952602711156,0.8610369641042379,1.0673036897636807e-05,1.5552990686561282e-07,7.099716205091454e-05,5.35072280705088e-06,6.33341698817689e-06,1
0.07977831048770924,0.920140445205851,9.279691102688487e-06,1.3751160224776916e-07,6.138710837475297e-05,4.840311445248328e-06,5.5996839148111245e-06,1
0.0805274939491685,0.9194333376449103,1.0428786705845893e-05,1.5453953731343768e-07,1.18094853787459e-05,5.316650948737411e-06,1.145894335044155e-05,1
0.07533495876211609,0.9246267913037317,1.2065949243316048e-05,1.4191512047627815e-07,1.063688269262252e-05,4.882330910504033e-06,1.0522856185407748e-05,1
0.08077390132278718,0.9191969667466773,9.666374947657988e-06,1.1369223735344932e-07,7.010330031886834e-06,3.9113740865117466e-06,8.430159232169829e-06,1
0.037039586900944645,0.9629371542297738,8.29761405165986e-06,2.3971455848879366e-08,4.343314386446569e-06,3.3575226242803124e-06,7.236446763275028e-06,1
0.04671839557842227,0.9532567541156076,1.1057168745286578e-05,2.7643312205981583e-08,5.308657458099284e-06,3.8727872557407935e-06,4.584049198882461e-06,1
0.029213204773653766,0.9707682421227286,7.527310034584885e-06,7.445276736049025e-08,4.866416517068016e-06,2.9819731136740195e-06,3.10295118473916e-06,1
0.0657157535279939,0.9342064559631672,7.5357125796818485e-06,1.2084408603457166e-07,5.9404530439882775e-05,4.095983608926703e-06,6.633438124324027e-06,1
0.057613534883192645,0.942307848123063,8.096641405505138e-06,1.2983924482948456e-07,6.143354894701974e-05,4.377549071897127e-06,4.579415075064027e-06,1
0.05326913154958366,0.9466503642037787,9.40044655411485e-06,1.1801105125620032e-07,6.284479316864738e-05,3.978759800849304e-06,4.162236062421057e-06,1
0.041605035868691645,0.9583514344255174,5.408686525719013e-06,1.0047871046322081e-07,3.1089013739935e-05,3.387654374540916e-06,3.543872440282227e-06,1
0.11357577038887448,0.8863163096871861,7.831681095539524e-06,1.8943592780223602e-07,8.196844520599652e-05,1.1762552707194066e-05,6.167809002833006e-06,1
0.05579341635289157,0.944156211514032,4.958960133052193e-06,1.0226441942730989e-07,3.4212147793675475e-05,6.655350879832404e-06,4.443409850201705e-06,1
0.0724857499509164,0.927476499151425,6.704469779921056e-06,9.200655051929103e-08,1.3106676800295348e-05,3.1737975035937163e-06,1.4673947024142018e-05,1
0.1161629812094362,0.8838008422050221,1.004753951990022e-05,1.3371898565433905e-07,6.546875647643921e-06,6.19976002847909e-06,1.3248691360119833e-05,1
0.11287202746884434,0.8870921355679862,1.5468355809744327e-05,4.4495880908312894e-08,6.715035531954613e-06,6.232242537906913e-06,7.376833408750894e-06,1
0.05815243357183534,0.941807052451217,1.5716805057303133e-05,3.946171284850769e-08,7.313582382290263e-06,5.528527749157839e-06,1.191560004592521e-05,1
0.19466806656617403,0.8052770927867806,2.0112205617182934e-05,5.049824081120814e-08,1.2355347484947747e-05,7.074649487982095e-06,1.5247946214386905e-05,1
0.3091830068461666,0.6907784378420316,1.1084346323121283e-05,5.261611959575323e-08,1.0538058719630825e-05,7.540044228629327e-06,9.340246410544445e-06,0
0.23135916484328933,0.7686014699398532,1.3804996922065756e-05,2.5402700781624632e-08,1.0274482588880023e-05,6.4380730298022195e-06,8.822261615938783e-06,0
0.14091615059826554,0.8590490129552746,1.0670620871563774e-05,1.5525431200339614e-07,7.393672178319311e-06,5.4645579913588115e-06,1.1152341106972459e-05,1
0.23474495693741462,0.7652249737011935,8.743915070048075e-06,2.428048937689681e-08,8.205542513975414e-06,5.727545944589247e-06,7.368077373833278e-06,1
0.19718757717457883,0.802782745835106,8.533878167046842e-06,1.6492297634825664e-07,8.113289373043626e-06,5.673810437535355e-06,7.191089360995124e-06,1
0.17270502493092324,0.8272567148960068,1.1599560655111545e-05,1.6877012073521402e-07,8.037334465230322e-06,5.940522463041217e-06,1.2513985365750044e-05,1
0.19818465220052522,0.8017806627422175,7.291103477892448e-06,1.9319568493603983e-07,8.252411745684462e-06,6.09948952125621e-06,1.284885682739592e-05,1
0.27607849591971934,0.7238867104362546,9.642369766041747e-06,1.8634532738078158e-07,1.04289678569784e-05,6.41079907050924e-06,8.125162005137779e-06,1
0.3116258781937305,0.6883402914660871,9.419658035291e-06,1.8204127232115851e-07,1.0028419780913905e-05,6.262727570335431e-06,7.937493523561049e-06,0
0.25529846233180653,0.7446649193669179,7.997806809708545e-06,1.6661784349273895e-07,9.558675381456821e-06,6.0823820638588984e-06,1.2812819177029802e-05,0
0.09331891049877866,0.9066425874606026,8.588838425076243e-06,1.321860215882191e-07,2.0571315099103568e-05,4.547567874349975e-06,4.662133198662604e-06,1
0.1443743798766071,0.8555874760491599,8.76796498488907e-06,1.5597428834500113e-07,1.981835877864226e-05,4.642410756301199e-06,4.759365424946823e-06,1
0.08871798232447417,0.9108055109980855,1.4795505969925896e-05,1.8742832876550653e-07,0.00044744324351930385,6.4481298396170996e-06,7.632369782711663e-06,1
0.07982913391404084,0.9200254572159345,1.4447269024673594e-05,2.101072893642898e-07,0.00011625723613572192,7.083797897649242e-06,7.410459676958736e-06,1
0.07863588407431563,0.9212129107739021,1.5028617530997906e-05,2.1856186708629216e-07,0.00012088047551537539,7.368845218348299e-06,7.708651650612653e-06,1
0.07317299972077962,0.9266031024868744,9.731105596219987e-06,1.7832861624683492e-07,0.00020168635326419382,6.012375299696435e-06,6.289629569461395e-06,1
0.07982901859905117,0.9200066303207693,7.129391698043231e-06,1.6433999775420151e-07,0.00013894597071547544,1.198954934206868e-05,6.121828426032517e-06,1
0.09984197096321956,0.900010718409033,9.413314885076863e-06,1.4965046235994835e-07,0.00012660817827405871,5.0454871597035345e-06,6.0939969662425e-06,1
0.06299710041469195,0.9369599205914731,6.227998806252437e-06,1.1570060900769029e-07,2.8632990771935353e-05,3.921602497403774e-06,4.08070115038781e-06,1
0.10750246045940103,0.8923679978398175,1.5241810317171004e-05,1.751101401179516e-07,9.56595469420706e-05,1.2289119091819363e-05,6.176114290450815e-06,1
0.1168175587814984,0.8830618771148232,1.2929385546892461e-05,1.730505106188983e-07,8.921362062995795e-05,1.2144575593756708e-05,6.103471397391802e-06,1
0.07328261199209589,0.9265564927116066,9.021427118795951e-06,1.5555889435854448e-07,0.00013455719529966809,1.1674570859916892e-05,5.486544124785627e-06,1
0.09337804773621641,0.9064237628288425,1.164121674428293e-05,1.678429807134118e-07,0.00016600329359455892,1.3542257330792195e-05,6.83482429083611e-06,1
0.09438982057136423,0.9054515888396639,8.276175609469988e-06,1.6807071782588013e-07,0.00013738627378054536,5.9159707676005025e-06,6.844098096279789e-06,1
0.11234825200281026,0.8874640917592694,8.95516137300772e-06,2.229312178584868e-07,0.00016329036953322183,7.041532345504639e-06,8.146243450812003e-06,1
0.2920630897977952,0.7076788663813013,1.0246742091778742e-05,1.756778115210429e-07,0.00021886718636272192,1.4170633741054055e-05,1.458358089650875e-05,1
0.23890231604309764,0.760786708741609,1.0662253371995579e-05,1.8467623462050635e-07,0.0002612374906512286,1.5988956168903586e-05,2.2901838866613305e-05,1
0.06322158833579711,0.9349887281502398,2.132575231030392e-05,1.4412541374826122e-07,0.0017366724433529757,1.708315079673861e-05,1.4458042089294841e-05,1
0.12123408717164047,0.8769485314403382,2.2423045045890902e-05,1.8409167613273892e-07,0.0017655500774670714,2.0113577962742165e-05,9.110595869485067e-06,1
0.0400917325930778,0.959537226462994,1.385088515469895e-05,1.1322386938757685e-07,0.00033161780412655027,2.2228665784026195e-05,3.2303649933076745e-06,1
0.0262903761197529,0.9702177790263742,1.8631981209792238e-05,1.3244459027182122e-07,0.0034433990306835605,2.5963156092069732e-05,3.718241297046413e-06,1
0.02984152226069352,0.9699283803676778,4.006785263144366e-05,1.4950812788426569e-07,0.00013433452636889008,4.2545296199299585e-05,1.3000188301211208e-05,1
0.02010089744569935,0.9797081527715592,3.045508103929189e-05,1.4163910408953813e-07,0.00011594360762163757,3.076243289844091e-05,1.3647022078104981e-05,1
0.019524181475557744,0.9802804705576758,3.064023430931984e-05,1.5244487784932347e-07,0.0001160113385970721,3.488895470011223e-05,1.3654994282317766e-05,1
0.07020201486108005,0.9144034367183022,4.715258447581406e-05,3.745261199162001e-07,0.015215264749200196,0.00011360407150234288,1.8152489319487234e-05,1
0.0337821928960382,0.9660465298548695,2.6652807344926997e-05,1.5148062566693568e-07,9.449498068941996e-05,4.149246634762728e-05,8.48551408456733e-06,1
0.053398305236932106,0.9406685205237635,4.455619394237902e-05,4.192813921775038e-07,0.00572962277895836,0.00014953089530764344,9.0450897038654e-06,1
0.034165141532791383,0.9655497060556231,3.0440814175162873e-05,2.266380321032936e-07,0.00019513133639064532,5.474750813986283e-05,4.6061148478205445e-06,1
0.02589559992716119,0.973802477497335,3.1841853032413e-05,2.28575158558014e-07,0.00019589113477205575,6.855942920401303e-05,5.4015833368424325e-06,1
0.022254677892589093,0.9750422536232269,3.308980807156375e-05,3.434498483420388e-07,0.002572062495980598,8.816717244222682e-05,9.405557841099493e-06,1
0.035919502734950315,0.9637889982433387,3.061922247457764e-05,2.111269283440087e-07,0.00022261961141813305,3.3076616939777795e-05,4.972443950196389e-06,1
0.031668714943524294,0.9680735950417131,2.8351091039128666e-05,1.856012717627326e-07,0.00019570446708345416,2.907758957032975e-05,4.371265798087121e-06,1
0.00786933653057448,0.9891238725803472,2.6714736745094845e-05,1.4499074443698298e-07,0.002943945278774357,2.585237724952194e-05,1.013350556491968e-05,1
0.010302089931066691,0.9854543453866997,3.7427472674702885e-05,5.311122368335284e-07,0.004130528309156647,6.913497949848597e-05,5.942808667028999e-06,1
0.017553229012070428,0.9784341212128213,2.985649485956692e-05,4.5917188457043493e-07,0.0039225681227872174,5.0554673092756266e-05,9.211312484119828e-06,1
0.008699283747074921,0.9890035447114253,2.8386345357063164e-05,2.13223498092525e-07,0.0022306300918218352,3.17463951415621e-05,6.1954856812371805e-06,1
0.0074512832851558715,0.9893682225158719,2.5164535383293513e-05,3.0169583683989457e-07,0.0031205721419020793,3.1426312949697136e-05,3.029512900213534e-06,1
0.005047078838104546,0.9926508963869464,2.0644578720582765e-05,1.2192380796932483e-07,0.0022474911336651435,3.125076069827694e-05,2.5163780568849133e-06,1
0.007807962866042934,0.9882176379136025,1.9284064554498266e-05,2.2847263349884177e-07,0.003921165290900124,3.1427158452037626e-05,2.2942338143625733e-06,1
0.0021530577560773066,0.9902131244392369,3.31924696022427e-05,9.017917205241266e-07,0.007444312243634326,0.0001514425046073605,3.96879512127703e-06,1
0.0021515907671983466,0.9895384413578137,3.31698538671867e-05,1.0656368385868761e-06,0.00812042697425745,0.00015133931904745914,3.96609097723382e-06,1
0.002647405100147797,0.9912365186984244,3.0917335080949955e-05,1.3679942531887218e-06,0.005891801889801062,0.00018697721776223035,5.01176453070267e-06,1
0.8409759114767433,0.1191189744507072,1.6176076936402814e-05,2.1529910533764743e-07,1.372102509572711e-05,7.406973079866898e-06,0.03986759469833202,0
0.8264122556625404,0.14049577054549076,1.8514846816296483e-05,2.1836470867351744e-07,1.3649637520815414e-05,7.512439571920958e-06,0.03305207850335105,0
0.8324050773065622,0.027997571091385783,1.5098823798478298e-05,2.232946914063456e-07,1.3797227960278103e-05,7.568524252805235e-06,0.13956066373134893,0
0.8936066574372373,0.08834284953114754,1.1853495800517297e-05,1.5269743548272376e-07,9.383420513837623e-06,5.253277272382972e-06,0.018023850140592844,0
0.9287834980015282,0.06306139067722491,7.95022465571373e-06,1.5719580572728754e-07,9.8383984737508e-06,5.327899810971706e-06,0.00813183760250079,0
0.902010437062699,0.07105323401892764,6.874546695405625e-06,1.6158819992119664e-08,8.104930585079553e-06,4.095345364524057e-06,0.026917237936908422,0
0.9540004199981117,0.04135259987434557,6.988328643558106e-06,1.129766463750784e-07,6.551780980515667e-06,3.886596961307142e-06,0.004629440444311131,0
0.8240832403167537,0.16183036316975052,1.969284569647485e-05,2.9123512939798035e-07,1.8346907295246694e-05,9.871350394561354e-06,0.01403819417498007,0
0.856763625299853,0.13535385670150954,1.8069573745582056e-05,2.7809560397701187e-07,1.7378372768230114e-05,9.567372094076537e-06,0.007837224584425697,0
0.8205359756921445,0.17562567829484038,1.2101814505455098e-05,2.248188557408734e-07,1.3468732824949642e-05,7.620185466327515e-06,0.003804930461362769,0
0.6956797805388317,0.3008745727652787,1.0236217598641266e-05,1.9125387624683647e-07,1.3295747048055581e-05,6.482507898869188e-06,0.003415440969467742,0
0.716389211493807,0.28067303212837313,1.0593699305050392e-05,1.9793307795188368e-07,1.3682297476331515e-05,6.673342584700935e-06,0.0029066091053758713,0
0.8428056357604118,0.15715635357213809,7.952505219213242e-06,1.6538547730866368e-07,1.0161185233039381e-05,5.1837777846831136e-06,1.4547813736068486e-05,0
0.8168919151836633,0.1830755023395268,5.982958182217905e-06,1.258707356633911e-07,6.620573008936769e-06,4.243750206695295e-06,1.5609324676283874e-05,0
0.7684888467980022,0.23148243579029795,5.7293138601193345e-06,1.0704671656530595e-07,1.2112785038711536e-05,3.6090956579845815e-06,7.159170426436947e-06,0
0.43082410083579725,0.5688658989085313,1.0572571523198857e-05,1.9753832567774875e-07,0.00028560295857964717,6.66003345421779e-06,6.967153788514383e-06,0
0.3631525653990549,0.6364460764651412,1.2490543168508712e-05,2.3337378034273394e-07,0.0003725349217116774,7.86823103358398e-06,8.231066109709129e-06,0
0.5345529601558036,0.46512526992383213,8.435435180943774e-06,1.9089402398084143e-07,0.00030118856337892915,5.9833077053907315e-06,5.971720074987002e-06,0
0.6513436427385072,0.34834751362660654,8.567639128487652e-06,1.9388580128591927e-07,0.0002869514629097826,5.8340950780709745e-06,7.2965519687006385e-06,0
0.6806701962801225,0.31896364965839524,1.0157489129942171e-05,2.298641305355128e-07,0.00034019947871469474,6.916696239167523e-06,8.65053326787557e-06,0
0.6609186793185914,0.33845931013198316,1.1287020590498996e-05,2.559379568791866e-07,0.0005926146681382036,7.701267264633078e-06,1.0151655475197027e-05,0
0.705213623528337,0.29422416345521046,1.1895187446642162e-05,2.697283970892402e-07,0.0005308977090542421,8.116226683117059e-06,1.1034164871588775e-05,0
0.2636969878459229,0.7361768220884464,1.0503200008066355e-05,1.9663594668021656e-07,0.00010085330191723865,6.629609614735867e-06,8.007318144071222e-06,1
0.23738503650866394,0.7624760258696758,1.1575220163019196e-05,2.167058013785498e-07,0.00011101483451173691,7.306267692370094e-06,8.824593491676855e-06,1
0.1378942390172021,0.8620093730625025,1.1044171949050431e-05,1.6093817074912906e-07,7.309237610213202e-05,5.536784262955205e-06,6.55364981057549e-06,1
0.13984053655109596,0.8600660590219598,1.066100198369088e-05,1.553545313784766e-07,7.091710566734887e-05,5.3446893332468466e-06,6.3262754286407035e-06,1
0.11612112860040118,0.883774216050054,1.293326112219923e-05,1.6383755462969426e-07,7.925000140920698e-05,5.636532277782608e-06,6.671717180989879e-06,1
0.07211130848932534,0.9278585276528574,1.0850540548495528e-05,9.388754659637241e-08,7.176383105182978e-06,3.816775374957357e-06,8.22627124193343e-06,1
0.038795493396292444,0.9611792653011398,8.701638505775393e-06,2.513866539892586e-08,5.404718242428872e-06,3.5210059144176795e-06,7.58880123952154e-06,1
0.06076962544940544,0.9391896733866262,6.844994863481527e-06,1.0976760849651269e-07,2.4000430445220053e-05,3.720548848904149e-06,6.025422202360257e-06,1
0.0638607451975806,0.9360534176288705,8.399699918512305e-06,1.346991474109726e-07,6.534319907390408e-05,4.56559785452724e-06,7.393977554634039e-06,1
0.04836252247004084,0.9515580652357333,8.176122533709193e-06,1.3111381895810948e-07,6.203661477831223e-05,4.4440739384015915e-06,4.624369156448102e-06,1
0.042414333373676394,0.9575360585722943,7.196125707625868e-06,1.0465358288627254e-07,3.508774422646579e-05,3.5284108070418852e-06,3.6911197054346024e-06,1
0.018968052735856725,0.9809414373840701,5.624644855071041e-06,1.0765349978663006e-07,6.493744068146076e-05,7.429007177620693e-06,1.2411133859294726e-05,1
0.05279164624238394,0.947129392012864,5.13926888548332e-06,1.0733343958996017e-07,6.265413016719228e-05,7.703310208404993e-06,3.357702051380606e-06,1
0.03654431665569724,0.9634156657604573,3.7938109146860463e-06,7.045586939473552e-08,2.497551980311895e-05,4.585255898303045e-06,6.592541360215863e-06,1
0.020024411980031433,0.9799468114716758,2.875268811851857e-06,4.663065355012261e-08,1.680907558248341e-05,1.6085403810165936e-06,7.437032863786718e-06,1
0.03358727232267297,0.9663768829163651,4.444904207065556e-06,5.591227217021874e-08,2.0497891196117246e-05,1.9287129974173538e-06,8.917340289300142e-06,1
0.07672378490433217,0.9232479341444598,1.1073463066885132e-05,3.7326027912131974e-08,5.633006889180801e-06,5.348989396089192e-06,6.18816582787871e-06,1
0.02273982176206454,0.9772398223009522,7.344957203828035e-06,6.530449564447164e-08,3.7526062907357557e-06,2.9593031921315437e-06,6.233765800866323e-06,1
0.1581574997315423,0.8417941967689339,1.8423341400469584e-05,4.626941123980439e-08,9.385768332189335e-06,6.480576287187327e-06,1.396754409290865e-05,1
0.18164291669649202,0.81831494317582,1.7882740387686472e-05,1.547763341369853e-07,1.0742639207405447e-05,5.63634257416205e-06,7.723629184715698e-06,0
0.14800010999588428,0.8519765060094843,6.974375478856595e-06,1.6393654747008193e-08,6.544955439494083e-06,4.154815954174024e-06,5.693454104065297e-06,1
0.19638917217137258,0.8035802953230922,8.89305865255186e-06,2.4694637860911672e-08,8.442629914698307e-06,5.912372487820599e-06,7.259749842342246e-06,1
0.24548105122271702,0.7544864783985598,9.38548836403387e-06,2.606203842264219e-08,8.910118320596914e-06,6.2400096180011125e-06,7.908700382314356e-06,1
0.24006939295626686,0.7598881798598071,1.2497242348003284e-05,1.8183111952609218e-07,9.865421483767592e-06,6.4002552425697495e-06,1.3482433732197328e-05,1
0.2953475627034366,0.7046152152089595,1.0315364837085548e-05,1.9935141300933458e-07,1.1156864020900548e-05,6.858244696490043e-06,8.69226263636931e-06,0
0.30200120494085403,0.6979618106122294,8.076413122162053e-06,1.7449871445428233e-07,9.652622664950135e-06,6.142162655757283e-06,1.2938749759201066e-05,0
0.230663448092279,0.7693136827649006,7.412578962421826e-06,1.2579580178763417e-07,6.630241653094633e-06,4.263772979972012e-06,4.436753423092489e-06,1
0.22368598641758192,0.7762880503863855,7.030394330865584e-06,1.193099049896024e-07,1.0561555215829017e-05,4.043937412128338e-06,4.2079991688839786e-06,1
0.1900092455659421,0.8099619683018368,9.24132032782208e-06,1.2277330806421673e-07,1.0868142693292842e-05,4.223744272444789e-06,4.330151619351165e-06,1
0.08958266277870054,0.910312156167281,1.2199415921020206e-05,2.2663457324094742e-07,7.708007590079962e-05,7.681642439415886e-06,7.9932851838361e-06,1
0.07304305098953863,0.9265658128063924,1.5051522909521607e-05,1.90671531615184e-07,0.00036170105314661886,6.428518491118877e-06,7.764437990287966e-06,1
0.08272172780370697,0.9170313407460552,1.6531796197492534e-05,2.0942351948532252e-07,0.0002157431428313115,7.060744496476158e-06,7.386343192796112e-06,1
0.0668792532736877,0.9328678562755629,8.331131985233452e-06,1.5267322135251877e-07,0.00022982967253788676,5.147399919900754e-06,9.429573085132769e-06,1
0.08403402034876253,0.9158239087505282,8.649206127240361e-06,1.806383483809411e-07,0.00011462576733884316,1.2964396169807285e-05,5.650892724893393e-06,1
0.14564276552280855,0.8541337053525416,8.015847208974201e-06,1.6718899295201056e-07,0.0001955707245603616,1.2967170984123146e-05,6.808192903461222e-06,1
0.0995336044286642,0.9002822067997461,1.0263294484859083e-05,1.631632197314866e-07,0.00016137482636326402,5.743230294756418e-06,6.644257226913528e-06,1
0.13030646932420234,0.8695540885799942,8.839893391373385e-06,1.642212179193484e-07,0.00011899618641066037,5.649731513579454e-06,5.7920632700296054e-06,1
0.19721907013169188,0.8026041727504815,1.0642114052929934e-05,1.9770158458180756e-07,0.00015214282780716848,6.801562470721591e-06,6.972911911086394e-06,1
0.11264543854557443,0.886721440923217,2.113716623640655e-05,1.4034251288195781e-07,0.0005840755730778952,1.3688891648868653e-05,1.4078557732426488e-05,1
0.13290026365689772,0.8655801505323691,1.780113066960941e-05,1.4584011492216933e-07,0.0014723526340388313,1.5685236043904047e-05,1.3600969865908435e-05,1
0.0616304170709388,0.9379127519353463,1.5498519277963856e-05,1.6013379861803376e-07,0.00040590995070583364,3.0071922218056258e-05,5.190467714143092e-06,1
0.026974232116843005,0.9728372361305943,3.293064844360346e-05,1.4571653842934679e-07,0.00012517905648725628,2.6521629900513357e-05,3.7547011933218643e-06,1
0.028205600922497506,0.9715862916481208,2.53767255149255e-05,1.4183380728389348e-07,0.00013494588470099834,4.21859297829206e-05,5.457055575668774e-06,1
0.02528374412700121,0.9744741337087052,2.8659102510732e-05,1.4225537934373846e-07,0.0001541000645382993,4.975092940143773e-05,9.469812463827718e-06,1
0.030121952357220455,0.9696291976492445,2.7122552798276252e-05,1.4449377037860354e-07,0.00013707079183460766,5.1055492388982524e-05,3.3456662742790083e-05,1
0.02892113609758468,0.9708555490857591,3.429995340726145e-05,1.592834353177919e-07,0.00012796453722929195,4.107422065568888e-05,1.981682192870317e-05,1
0.06610855349557407,0.9207151616472383,4.67909364033187e-05,3.7119911877206203e-07,0.012990621666787739,0.00010428434788883567,3.421670698902322e-05,1
0.0709585021488783,0.9154547349446958,4.788283452691455e-05,3.7130172169714787e-07,0.013376155994726554,0.00012628466121595016,3.606811423477158e-05,1
0.03204187097879147,0.9677371876235037,3.0381500154008466e-05,1.5664621344156327e-07,0.00012107894818567819,5.3276864655963015e-05,1.6047438495532183e-05,1
0.025400463848844285,0.9744318076523518,2.571596273187187e-05,1.4784005583028128e-07,9.950512022690552e-05,3.912758490788018e-05,3.2319908814565635e-06,1
0.056603873264683656,0.9304693696904666,4.453346552381716e-05,4.14735354899641e-07,0.012753803441866553,0.00011912140493436952,8.883997170000732e-06,1
0.030726194981310302,0.969054433666127,2.0544441633365144e-05,1.818366241394139e-07,0.00015642523031060256,3.852208605220881e-05,3.697757942297678e-06,1
0.03680415987607524,0.9610297011572071,3.292699629753224e-05,3.422141150807562e-07,0.0020369279189856224,8.784994677429874e-05,8.091890545070073e-06,1
0.021670781186077362,0.9759482521114978,3.311076706507938e-05,3.268407528594878e-07,0.0022558972741810856,8.390344371272356e-05,7.728376712875093e-06,1
0.03696410067511865,0.9627533673368819,2.9893482464188873e-05,2.0612277582847872e-07,0.00021734305812754956,3.0234738067672933e-05,4.854586564135417e-06,1
0.005045827485519629,0.9924047824852305,2.063946018612448e-05,0.00047913619055068327,0.0020189420720494984,2.8156552307405773e-05,2.515754156152011e-06,1
0.005265763343862625,0.9919421214382464,2.1475299211487032e-05,0.0005000206202372652,0.002238610057636832,2.938383078996984e-05,2.6254100156321647e-06,1
0.0024820519134176777,0.9931389654699225,3.160863204430868e-05,4.4354824635088773e-76,0.004173333688301505,0.00016957870073070196,4.461595583421975e-06,1
0.0020793098303487226,0.9887717707468068,3.454013775085288e-05,1.1379900716732807e-06,0.008969854442046482,0.0001398013112650587,3.5855417103947984e-06,1
0.003161455312027459,0.9721570543985658,4.597048504436128e-05,1.3183456458700759e-06,0.024443363679556126,0.00018606567625902956,4.772102901343166e-06,1
0.8138609005467671,0.14892706741943068,2.085158709714241e-05,2.1228547425682444e-07,1.3528966203404324e-05,7.30329459846634e-06,0.037170135900428836,0
0.8220868195844921,0.1476487292533354,1.633770393174465e-05,2.1046328955559844e-07,1.3155732129624719e-05,7.2406056569244805e-06,0.030227506657164713,0
0.8987382575185522,0.08310389473633342,9.909133992065105e-06,1.4654497894585625e-07,9.302500476000949e-06,5.041407123865769e-06,0.018133448158543477,0
0.9283200365184417,0.057743166413223586,1.2431769620410851e-05,2.7491342530174767e-08,1.1432180326550882e-05,6.5820315201761115e-06,0.013906323595524961,0
0.9531261540412924,0.03750786767441903,8.681436807825684e-06,1.9197938847431428e-08,7.983396902535225e-06,4.5964084321277265e-06,0.009344697844207437,0
0.9482049660740611,0.04695650222907907,5.231800611102443e-06,1.0866305709849502e-07,6.301625810514901e-06,3.824706997631432e-06,0.0048230649003832195,0
0.9397871326882257,0.05346071990851991,6.799853824161386e-06,1.0992967275553943e-07,6.375079826346587e-06,3.869289157347549e-06,0.006734993250773817,0
0.9374817198155541,0.0518697136574502,5.164779005882129e-06,1.0665813438435049e-07,6.185355634975023e-06,3.75413800998047e-06,0.010633355596210469,0
0.9204946940921966,0.05499247462463479,6.279693456770642e-06,1.7840902358607984e-08,7.4275584675398125e-06,4.271504076014128e-06,0.02449483468626616,0
0.9361175773501832,0.046115349360054354,5.2659979317115215e-06,1.4960946034555526e-08,6.156914077276921e-06,3.5819792453938074e-06,0.017752053437561876,0
0.7605682799497143,0.20076901582588194,1.9532124263543125e-05,2.3036249119716155e-07,1.3589132387586882e-05,7.925202120061073e-06,0.03862142740314144,0
0.8104043933715136,0.17609465563628954,2.344241905861632e-05,3.019866592533106e-07,1.8654238124509987e-05,1.0235771124639284e-05,0.013448316577229795,0
0.8328613971930039,0.15946360440511337,1.8615010761187464e-05,2.7071894666324646e-07,1.1227470574121917e-05,9.175958911562555e-06,0.007635709242689192,0
0.6924164548468639,0.30363885083194425,1.1170342461900512e-05,2.0870710047495285e-07,1.4039207560162409e-05,7.074081079710122e-06,0.003912201982989764,0
0.7442182263759529,0.2520281010277793,1.1376442749983729e-05,2.1255788604214685e-07,1.4776777032421351e-05,7.166420121976221e-06,0.0037201403984777003,0
0.7451996789369312,0.2512482821308679,1.1262782085947941e-05,2.1043424590220693e-07,1.4546451666564864e-05,7.094821285000188e-06,0.0035189244429175274,0
0.7342649859353992,0.26458993375726686,9.940296653319286e-06,1.8572487812716295e-07,1.0078205086195772e-05,6.261741347475432e-06,0.0011186143393686972,0
0.7454357596482799,0.25402710075704077,9.40243319026251e-06,1.9781037183273486e-07,1.066236111138495e-05,6.669205530001477e-06,0.0005102077844757455,0
0.7717003314047582,0.22825883178849202,9.325680449045789e-06,2.1104028767827444e-07,1.2410032006810295e-05,6.6147643235810545e-06,1.227528968271562e-05,0
0.7649272911669265,0.2350301375825936,9.323475995258129e-06,2.109904008561746e-07,1.2190458481185597e-05,6.348778770756875e-06,1.4497546831978675e-05,0
0.8339423964964414,0.16602903441260344,7.148384997286885e-06,1.6176805912504173e-07,8.51521531032193e-06,4.867660402520876e-06,7.876062185871197e-06,0
0.8584011339228504,0.14156354466004065,6.23189926472489e-06,1.311080106430366e-07,8.176990968491064e-06,4.52261577606654e-06,1.6258803088763207e-05,0
0.7308893510067229,0.2690841658193732,6.290633851216209e-06,1.1753444048066769e-07,8.251736578064207e-06,3.962690799055362e-06,7.860578235145283e-06,0
0.5954645252712957,0.4044737431940876,7.382737908823953e-06,1.3715122539255552e-07,4.205899359073372e-05,4.624073562775346e-06,7.52857832907487e-06,0
0.5966102880057848,0.40300874582015733,7.6014196522925875e-06,1.4202521189788034e-07,0.00035664435824007685,4.788400728501271e-06,1.1789970225172345e-05,0
0.6276529558471124,0.37200508604722204,9.361648904750558e-06,2.1185425436743483e-07,0.00031911690850765565,6.640276977469442e-06,6.627417021207459e-06,0
0.6824348041060835,0.31717620589258055,9.819081059720861e-06,2.573530583251351e-07,0.00036383478223315553,6.6996748103445996e-06,8.379110174398713e-06,0
0.7259443246623734,0.27352053921119246,1.0982912890116515e-05,2.490421863892633e-07,0.0005065322622951142,7.493770994107101e-06,9.87813806846561e-06,0
0.7108016437947093,0.288717570704247,1.0513427648328793e-05,2.653673121862448e-07,0.0004514960397486368,7.985000034239893e-06,1.0525666300311415e-05,0
0.67042327733932,0.328973944278312,1.1781392619403214e-05,2.671480513413577e-07,0.0005717626515852126,8.038583130429862e-06,1.0928606981818573e-05,0
0.12463624361483852,0.875257917061744,9.204252329482921e-06,1.7231766213168248e-07,8.363599812106244e-05,5.809715105218576e-06,7.017040199546469e-06,1
0.11282324462989905,0.8870722197889575,1.1637296219992388e-05,1.7244790061809674e-07,7.977073778274525e-05,5.932755528893745e-06,7.022343710999628e-06,1
0.08797516889185208,0.9119633005985133,1.0344056883843584e-05,1.532839638840236e-07,3.439386964434702e-05,5.273455234677749e-06,1.1365843907735218e-05,1
0.08334481184485464,0.9166227913614315,1.0698736149157855e-05,1.0651692193571532e-07,7.931941323757771e-06,4.329105746346133e-06,9.3304935726939e-06,1
0.04389177063462053,0.9560650064746414,3.971533418526873e-06,7.355132330675568e-08,2.7877115427390347e-05,4.418508215894784e-06,6.88218235278249e-06,1
0.03303392253615549,0.9669159461369499,3.4418306743173006e-06,7.804496356198616e-08,3.253693628603649e-05,2.50281823616277e-06,1.1571696734565976e-05,1
0.02766414672835097,0.9723156172747028,8.068911145014965e-06,2.4930654074269525e-08,4.517108563907261e-06,3.491871149593917e-06,4.1331754338349126e-06,1
0.019682958538668183,0.9803014832725477,6.472127880590195e-06,1.8617559289442888e-08,3.373258329078064e-06,2.607637888881367e-06,3.086547126435348e-06,1
0.15082854329292744,0.8491282324027877,1.5259121404459674e-05,4.4083451645854e-08,8.439033375213607e-06,6.174406886503075e-06,1.3307659166870272e-05,1
0.3438977637867169,0.6560669814541367,9.804264164850604e-06,1.8947404630352992e-07,1.0481002564912484e-05,6.518435728985006e-06,8.261582641346832e-06,1
0.2153671695514665,0.7845971975678887,1.1751713599621432e-05,1.7779070127124635e-07,9.83472318449562e-06,6.116496069288838e-06,7.752157089960477e-06,1
0.1693116903926382,0.8306640385025635,6.864783757651543e-06,1.3266659625758957e-07,6.992376374899225e-06,4.496654422719943e-06,5.784623646937187e-06,1
0.07778491303455962,0.9221767601542151,8.549749147629048e-06,1.315844203219274e-07,2.0477691514217576e-05,4.526871112628225e-06,4.640915030491431e-06,1
0.1336328692868549,0.8660074322012218,1.2506972551182688e-05,2.3234559218139863e-07,0.00033088908921127753,7.875302535774195e-06,8.194802032756087e-06,1
0.13030768344305163,0.8694663559080116,1.1106470188700439e-05,2.0632806080594076e-07,0.00020041430330686484,6.956380655737409e-06,7.277166724932215e-06,1
0.08540406325843491,0.9143785883111315,6.97693716241075e-06,1.4678227501572545e-07,0.00020018182612430605,4.94878580516917e-06,5.094099066723727e-06,1
0.09078334534466286,0.9089966093554376,7.510878500717188e-06,1.5458029644427102e-07,0.00019598784190565642,1.1556278097468076e-05,4.835721099191354e-06,1
0.08258072286248645,0.9172639477810873,8.953256617506752e-06,1.869884315652414e-07,0.00012573198881288877,1.3420141003893613e-05,7.03698156034437e-06,1
0.06515128342564117,0.9347085884233881,6.901909213953728e-06,1.4414611731326513e-07,0.00011808601798738452,1.0345352401294747e-05,4.650725251060704e-06,1
0.11251077094809539,0.8872884298064452,7.925340327742429e-06,1.4680407315872182e-07,0.00017559959562002555,1.114941781781068e-05,5.978087620668288e-06,1
0.059411294215946917,0.9405450420090496,7.883621839902965e-06,1.1465315947069896e-07,2.7677353351968365e-05,3.944388509746501e-06,4.043758142332515e-06,1
0.10440535036506614,0.8954833148555795,1.1688380788875274e-05,1.699846524913526e-07,8.763306300595594e-05,5.848011969299231e-06,5.995338937550952e-06,1
0.08452567867923853,0.9153713333534481,7.912628324425597e-06,1.55558541824595e-07,8.408154081567089e-05,5.351707940593314e-06,5.486531690954201e-06,1
0.16264387745328662,0.8367592244778059,2.4123948666851112e-05,1.632086184327671e-07,0.0005382409617444529,1.4130326253787838e-05,2.0239623623855102e-05,1
0.10484552007589751,0.8945181335815171,2.1474083370520202e-05,1.4157650519266013e-07,0.0005892111855964868,1.3766775476628667e-05,1.1752721636533133e-05,1
0.04333801550684078,0.9563002749969233,1.4021029015094528e-05,1.146147080243402e-07,0.00032180208376029893,2.250172205196112e-05,3.2700467005999806e-06,1
0.07044534992327424,0.9278738573956419,2.6626007404535087e-05,1.596493966971596e-07,0.0016181089497323909,3.1343153179606465e-05,4.55492137022638e-06,1
0.053159738665438445,0.945200602237166,2.1178104680939524e-05,1.5526289142865948e-07,0.001583548682929332,3.048197293465665e-05,4.295073959125617e-06,1
0.06852009874976434,0.9280704960330026,1.9755016566094098e-05,1.5483087156877794e-07,0.0033567467302461538,2.8707676610652026e-05,4.040962938501865e-06,1
0.06519002580477322,0.9294543480056409,1.7782269643919775e-05,1.5133822326454572e-07,0.005306479861338082,2.7383015448286325e-05,3.8297049320782875e-06,1
0.1010490367910106,0.8899605464379743,2.830297939763743e-05,2.4191277281689607e-07,0.008913865079574684,3.8987694483533694e-05,9.019104786405074e-06,1
0.05248873758031609,0.9461095862142218,3.823022289857157e-05,2.8748389673502986e-07,0.001310149107583404,4.633213122369809e-05,6.677259859660027e-06,1
0.02517820758462309,0.9745932059539232,3.918174819868617e-05,1.422727617111373e-07,0.0001464566219710868,3.750719433565174e-05,5.29862418664682e-06,1
0.06548390671331446,0.9233898115715432,3.87687355870189e-05,4.147453217991427e-07,0.01095664228148187,0.00011031134677283191,2.0144605978600126e-05,1
0.027353855360982383,0.9724737121912301,2.878317450924204e-05,1.3647702639569745e-07,9.54836364742251e-05,4.05006815223753e-05,7.528478254968617e-06,1
0.025992255464514485,0.973839084206059,2.6177360285714742e-05,1.4434659881086502e-07,9.543793682405842e-05,3.820300100278373e-05,8.697684714974024e-06,1
0.039342274782639707,0.953941972249372,3.6522241143161354e-05,2.983715577489731e-07,0.006587080738871961,8.631588982880332e-05,5.535726586827119e-06,1
0.04382408502886956,0.9463680751193075,3.952920946077054e-05,3.3539737209203695e-07,0.009665418837654228,9.63337359665585e-05,6.222671369379971e-06,1
0.034328577355656455,0.9551268654009482,3.880740119759444e-05,3.292729745155098e-07,0.010404056165794769,9.525535880934994e-05,6.109044619067514e-06,1
0.026925856004161083,0.9728688138954807,2.6051106128327895e-05,1.5384642390795774e-07,0.00013496658390172464,4.026332083706428e-05,3.895243066700808e-06,1
0.0281191175425007,0.9671099853086115,3.7682710367282944e-05,4.0396899423488884e-07,0.0046468097385851765,7.493782391222351e-05,1.1062907028868715e-05,1
0.004673407425464423,0.9930663580394907,1.4607115239145387e-05,1.5118668389817545e-07,0.0022065749736682972,2.9557462552426247e-05,9.343796900983428e-06,1
0.014444127646033058,0.9839710725087518,2.9998079068804838e-05,6.540551732749315e-07,0.0014761706020480789,5.5069149813332744e-05,2.290795911178976e-05,1
0.017301535922462533,0.9804617254825656,2.892167956834689e-05,5.245682937487828e-07,0.002144170387784287,4.474921415720614e-05,1.8372745168223282e-05,1
0.013410105935920973,0.9845937086528321,3.0761176082829584e-05,3.3452700879738565e-53,0.0018129727603966033,0.0001481630137988764,4.288460968477097e-06,1
0.7853971854763337,0.17995274507613296,1.9451193142836103e-05,1.9802836791037062e-07,1.26203599476312e-05,6.812804855188631e-06,0.03461098706121967,0
0.9206556407354071,0.06996380133105506,9.584873654306802e-06,2.119577926431104e-08,8.83695376609293e-06,5.074942774888926e-06,0.009357039967563282,0
0.9214772264947279,0.0658907341135078,7.428532542497545e-06,2.0984223685854323e-08,8.748751919750381e-06,5.024084275808592e-06,0.012610817038802687,0
0.8618895325621999,0.09534457144427,7.154094522309145e-06,2.020898728881487e-08,8.413444098303581e-06,4.95044207034724e-06,0.04274535780385187,0
0.9041355486921827,0.06056026106646272,6.196638411029053e-06,1.7604939095167535e-08,7.329321792052933e-06,4.3125481696381186e-06,0.035286334128042614,0
0.7262222660814698,0.22629073261699115,1.9407873192852167e-05,2.5001339554874625e-07,1.5627947598853458e-05,8.60125492640337e-06,0.047443114212425225,0
0.7998994518426757,0.18126988513683237,2.1443292572131552e-05,2.7623379102035205e-07,1.726694364365369e-05,9.503319814676212e-06,0.01878217323067056,0
0.8137192357408332,0.17463374777969867,1.6675876962335424e-05,2.759874865645147e-07,1.7246635158179287e-05,9.494846159056618e-06,0.011603323133701614,0
0.8119683224178814,0.18169058115805445,1.4642094737886225e-05,2.781979147979862e-07,1.1537644264188902e-05,9.429456884833793e-06,0.006305209030262328,0
0.8368836890363325,0.1523895091768671,1.999103718265706e-05,2.9073056138536884e-07,1.2057408109719597e-05,9.854248173202718e-06,0.010684608362773509,0
0.7247687729447015,0.2678303352140784,1.8202415669337695e-05,2.647185575097314e-07,2.3087714640473298e-05,9.10715920598355e-06,0.007350229833146723,0
0.7372411266733457,0.2559160459256979,1.4535541569326765e-05,2.715826077055823e-07,2.3686370185027868e-05,9.343304335057769e-06,0.006794990602259201,0
0.7400369408933827,0.2585610609500671,9.080141977274653e-06,1.9102994134314888e-07,1.0366079902025953e-05,6.4406023273586205e-06,0.001375920302402167,0
0.731753473653448,0.26626589957862556,9.933805383205894e-06,2.0898949206052477e-07,1.161016072300021e-05,7.0461111985615205e-06,0.001951827701129662,0
0.8423718889361502,0.15759884655335454,6.678995732076615e-06,1.511457730511923e-07,8.340324450622354e-06,4.8470827564803815e-06,9.24696178291802e-06,0
0.6922100991127859,0.30773192713805186,5.907480569476364e-06,1.0974494951500455e-07,4.2232278274516296e-05,3.7000669753257093e-06,6.02417839344311e-06,0
0.738958033865456,0.26098205621349346,6.000568374883332e-06,1.1147426819573545e-07,4.258422683540735e-05,3.7583712068066437e-06,7.455280365266841e-06,0
0.705895544961452,0.293793650795041,6.852836578953449e-06,1.2730709742452616e-07,0.0002837444734982123,4.292177352914631e-06,1.5787448979474685e-05,0
0.5972197360721855,0.4024068943592975,7.739349050608314e-06,1.4460228998576488e-07,0.00034267809105696683,4.875287292010177e-06,1.7932238827602528e-05,0
0.6036812962012066,0.3960132148802285,8.0969668377713e-06,1.703456954690839e-07,0.00028556650525189047,5.743229961647329e-06,5.911870818302125e-06,0
0.6429454138746789,0.3567010871045252,8.17683283565481e-06,1.85041849049237e-07,0.00033354861966201986,5.7998794207783365e-06,5.788647028525865e-06,0
0.7124830462101798,0.28713519046624786,1.0754361844016273e-05,2.4337136895889236e-07,0.00035481938180839575,7.323134011719838e-06,8.62307453927668e-06,0
0.69736421372454,0.3022164811787906,1.2159515785725284e-05,2.751700236212311e-07,0.00039073232491818814,8.27996722706835e-06,7.85811871482579e-06,0
0.6773332322703058,0.3222426469689555,1.2204270002339231e-05,2.761828122108283e-07,0.00039384177810680774,8.310442408265255e-06,9.48808740904844e-06,0
0.18286433020034454,0.816817830862629,7.567490797967197e-06,1.5952591555141295e-07,0.0002982373402018691,5.378439504040047e-06,6.496140607097443e-06,1
0.1845062522783217,0.8153916164647163,8.508795319324686e-06,1.5929764466435505e-07,8.160557561461437e-05,5.370743317797639e-06,6.486845065531615e-06,1
0.17874633192094017,0.8211508154580068,8.568893859029615e-06,1.6042278112180626e-07,8.218196460296855e-05,5.408677457522045e-06,6.532662352362473e-06,1
0.18107821053385387,0.8188000642523303,1.014121396688279e-05,1.898590150937963e-07,9.726166538744745e-05,6.4011243781234344e-06,7.731351068014055e-06,1
0.11634300850481974,0.8835562298731903,8.752868269050784e-06,1.638670630788921e-07,7.953442038516602e-05,5.6375474621629355e-06,6.672918810420584e-06,1
0.12585617011712935,0.874041336215142,1.1581062788899735e-05,1.6876186545941834e-07,7.806565617231675e-05,5.805944211452567e-06,6.872242690794151e-06,1
0.1051426977544009,0.8947550842720984,8.879377277897075e-06,1.6623550495365047e-07,8.068396592644525e-05,5.719029385555289e-06,6.769365405852968e-06,1
0.08284404498897299,0.9170910382025802,1.040221888381341e-05,1.5414584061216904e-07,3.762758603444655e-05,5.303106531711822e-06,1.1429751156162209e-05,1
0.0690830476615863,0.930858365946171,9.38783791600273e-06,1.3911418162377047e-07,3.395830089784989e-05,4.785969717333529e-06,1.0315169529960867e-05,1
0.1781676649547314,0.8217992923352303,1.031095589013465e-05,1.5599184333348304e-07,1.04074032164983e-05,5.366614888798074e-06,6.8017441992929425e-06,1
0.09936395705729126,0.900601379355411,9.812959632212497e-06,1.4845778392384293e-07,1.3121515498647765e-05,5.107419314613938e-06,6.4732350683565524e-06,1
0.10350440694340875,0.8964603522113378,1.0934886741658753e-05,1.1877088576189054e-07,8.844451000965046e-06,4.938840548405744e-06,1.040389607665618e-05,1
0.12783568486354016,0.8721337302660473,9.700587552288544e-06,1.4387773877027288e-07,9.269394835757013e-06,5.059062946978037e-06,6.4119473385898966e-06,1
0.05951586601248054,0.9403979569406671,1.1122114325296798e-05,1.3962447381240484e-07,6.525822838429485e-05,4.7325407051944124e-06,4.924538964040642e-06,1
0.04122471542789692,0.9586990102183623,9.707859973651908e-06,1.218702488593133e-07,5.801550883330773e-05,4.130765171253462e-06,4.298349513362303e-06,1
0.024392748986015126,0.9755567408854044,4.182378135678521e-06,8.798975301632205e-08,3.844319281273417e-05,2.9665873531450958e-06,4.82998052582686e-06,1
0.03620786502095032,0.9637198925700705,5.167952566602015e-06,9.195503817750768e-08,5.410530869663823e-05,6.825809931141818e-06,6.051382746656979e-06,1
0.07480998791345803,0.9251115111104132,5.145767718946288e-06,1.1141224608574346e-07,6.159966441864092e-05,8.158832767698838e-06,3.48529897728176e-06,1
0.1085752372168329,0.8912864441224371,8.043475897190559e-06,1.675747615539603e-07,0.00011055478131966874,1.2271671235795347e-05,7.281157516015001e-06,1
0.08410687259387266,0.9158540866214545,4.402818002986286e-06,7.140420405049565e-08,1.8223232432372958e-05,2.463112498865435e-06,1.3880217534206535e-05,1
0.03721530000788296,0.9627438242576084,4.270941654660653e-06,5.861084053079368e-08,2.5176651230652362e-05,2.0218010381897765e-06,9.347729744622672e-06,1
0.2439703440761623,0.755982593741483,1.757685100303812e-05,5.760372032403495e-08,1.1134018344212389e-05,8.068079838988036e-06,1.022562944824231e-05,1
0.1775774052111078,0.8223769480493551,1.6184282285580744e-05,1.6113297263609559e-07,8.638060113433268e-06,6.548761317803929e-06,1.411450284771826e-05,1
0.22103017334747802,0.7789316724365168,1.3129684771787875e-05,2.854163994556267e-08,9.771875962507016e-06,6.833418968193633e-06,8.390694662624162e-06,1
0.2585903609059744,0.7413745170254485,1.2084848798667526e-05,3.036469700803914e-08,8.9942481894141e-06,6.289628155126045e-06,7.722978736814859e-06,1
0.250458557390038,0.7495055292775052,1.2217389169815523e-05,1.8483586838562885e-07,9.092892451587539e-06,6.3588694704537325e-06,8.059345496357462e-06,1
0.15533128719538972,0.844636679324397,1.1312387929493963e-05,1.5056644418480972e-07,8.825514560078221e-06,5.179905683695771e-06,6.565105595801942e-06,1
0.10757744173815065,0.8923861768431146,8.972546061422388e-06,1.3054784807054084e-07,1.3107238576661184e-05,4.49121013567158e-06,9.679876112952506e-06,1
0.1248011680515594,0.8751544564296303,1.0205979546843638e-05,1.570745385975779e-07,2.3068724007842397e-05,5.403802285765674e-06,5.539938431172534e-06,1
0.08840658580415445,0.9113199944818468,1.273794907484959e-05,2.3799632164161518e-07,0.0002440255853107134,8.024080687510253e-06,8.394102604083409e-06,1
0.07722884786256183,0.9225882833979917,7.286965995563098e-06,1.5241026612379512e-07,0.00015527667115355746,1.2805985355890362e-05,7.346706675353599e-06,1
0.08726327690866563,0.9125579092756411,6.629738336887356e-06,1.3540890964697335e-07,0.00016196927827505874,4.565331133357789e-06,5.51405903849521e-06,1
0.2448387261295912,0.754758620959194,1.235091780155005e-05,2.5226098341499313e-07,0.00037145563155861956,8.701829107795269e-06,9.892271763428011e-06,1
0.03501522221885164,0.964831249362403,8.757016888086559e-06,1.2735369419167749e-07,0.00013577092657562347,4.381371594740245e-06,4.491749992942231e-06,1
0.0973654924317184,0.9025239924838568,8.507445636324439e-06,1.6725236970292216e-07,9.027243264238431e-05,5.668982135057335e-06,5.898971641152175e-06,1
0.2856232286826631,0.7140108829539279,1.9030852981501325e-05,3.0254761288192264e-07,0.0003131479348177152,1.0649462659349446e-05,2.275756533748517e-05,1
0.13889995482962056,0.860960770339819,1.0226819464691364e-05,1.6258334922897735e-07,0.00011678699441629133,5.722819261911347e-06,6.375614068448832e-06,1
0.254818676686627,0.7449782782555384,1.4174531145291019e-05,2.2534305561063454e-07,0.00017153695118976215,7.931916677213177e-06,9.176315766750002e-06,1
0.2914728827011634,0.7083591769092454,1.215089511457821e-05,2.2573064019907592e-07,0.0001398364193784137,7.765851012866756e-06,7.961493445137173e-06,1
0.1676231481151607,0.8320595748694798,1.4909119087769133e-05,2.200354716657827e-07,0.000266628210821286,1.725379686197978e-05,1.8265853116886276e-05,1
0.06969941326536151,0.9295516162750099,2.161774491257952e-05,1.4642338604073618e-07,0.0007050027409359059,1.4282014944808523e-05,7.921535449066639e-06,1
0.12440505690102761,0.8746735735869225,1.9286075602535715e-05,1.4370935656266856e-07,0.000877205093243029,1.5906770789653976e-05,8.827863058014706e-06,1
0.04577192449492394,0.9538607416020569,1.3637579921551173e-05,1.1148020870539892e-07,0.00032682300586041595,2.3581220029640497e-05,3.180616998839888e-06,1
0.08224940848579752,0.9157801841400726,1.8421006386237376e-05,1.4615930737424373e-07,0.001919166997326734,2.8694712629237325e-05,3.9784984806037106e-06,1
0.042273479757110766,0.9574688080096496,3.0315080071902868e-05,1.6744660173634775e-07,0.0001414002239536625,5.4610866035398486e-05,3.1218616576726645e-05,1
0.07930087635425265,0.9120441552712024,5.219035046050604e-05,4.014613193015735e-07,0.008414645076429129,0.00013093366248972444,5.6797823846210935e-05,1
0.02665753196168493,0.9731268671142979,3.074352374012914e-05,1.434094170679334e-07,0.00011937712501825364,5.0295651059610695e-05,1.5041214782144512e-05,1
0.03822350871867074,0.9532382225542374,3.4797300693364426e-05,2.783606364154576e-07,0.008411018045941309,8.661980231041832e-05,5.555217510316195e-06,1
0.04301694294376309,0.946041017851118,4.182349017291208e-05,3.1217813802369797e-07,0.01079556736398261,9.714307651204093e-05,7.193096313291397e-06,1
0.026159447174415974,0.9736462667523703,2.542707678326095e-05,1.7023441362205568e-07,0.00012692415426232792,3.854485694519624e-05,3.219750809534898e-06,1
0.02877662430102835,0.9710226936340048,2.7529924006124097e-05,1.5059099879281963e-07,0.00012977739125494294,3.9411339864466166e-05,3.8128188426805475e-06,1
0.03526288074072712,0.9645281077017445,2.3968878364767752e-05,1.782421953215115e-07,0.00014906297689155898,3.217679702272043e-05,3.624663054112602e-06,1
0.029988820031121542,0.9697994179915592,2.5383589880974068e-05,1.7921631925919147e-07,0.00015020204996888525,3.235264869555897e-05,3.6444724546906544e-06,1
0.0228571447072508,0.9747823102014682,3.307121042781825e-05,3.2645028407096335e-07,0.0022356250804761077,8.38032062859862e-05,7.71914380704577e-06,1
0.045839518438581396,0.9526523369141422,2.306076482939031e-05,1.3381394052611036e-263,0.0014502037734622872,2.6840576811250304e-05,8.03953217338056e-06,1
0.032126655095697655,0.9675995540412669,1.9345235351400293e-05,1.482728466429251e-07,0.00022597246760502654,2.5166898625680266e-05,3.1579886065667053e-06,1
0.004818936262912625,0.9926937938823818,2.4565366597385606e-05,1.5112996388244173e-07,0.0024236666930981554,2.954637361457937e-05,9.34029143149649e-06,1
0.015237046176960959,0.9824224897237871,3.0216733694966794e-05,3.1585183983460545e-07,0.002229484888193678,6.84581653974164e-05,1.1988460126401444e-05,1
0.005941623334159349,0.9890577613815549,2.2582260802955856e-05,1.3492009294425707e-07,0.004946421814890269,2.8812837036543625e-05,2.66345146308786e-06,1
0.004243259561430259,0.9911618264812668,2.398594127190177e-05,2.5796025560752653e-07,0.004533344029944123,3.473568872085129e-05,2.5903371100215394e-06,1
0.01368367844051791,0.9844577044339052,2.8711844299924543e-05,5.994876852505943e-07,0.0017811245812710378,4.417845172117288e-05,4.0027605993239985e-06,1
0.8792695718184477,0.1006665137275168,1.298661857751639e-05,1.9986755569242508e-07,1.273757149699527e-05,6.876078756718009e-06,0.02003111431764904,0
0.8877051529053379,0.09453499924034782,1.2088440989520435e-05,1.86044360838511e-07,1.118927892643124e-05,6.400516947020174e-06,0.017729983573090635,0
0.8895295553287492,0.09445966226445553,1.207880745067534e-05,2.1486881124538475e-07,1.1327902950910058e-05,6.395416237285044e-06,0.01598076541134525,0
0.8731474253953151,0.019507258075613872,9.454900203922472e-06,1.8587887974960772e-07,1.1864318852328865e-05,6.300323579610163e-06,0.10731751110755552,0
0.9365175854516209,0.04044418320667147,4.690373547583103e-06,1.18791265230245e-07,6.178994429423195e-06,3.7502771416713984e-06,0.023023492905323843,0
0.9364699117338268,0.04326096956925815,5.130385926707441e-06,1.457566599555549e-08,6.068169042642923e-06,3.4897347375815948e-06,0.0202544158315422,0
0.9488788577535688,0.03638703118939308,5.198367483004417e-06,1.4768804771584897e-08,6.148576945924528e-06,3.5359764047609427e-06,0.01471921336739946,0
0.9544146944297517,0.038259236849885046,5.258741461838306e-06,1.485496718362502e-08,6.31617624740477e-06,3.5566055796104435e-06,0.007310922342107446,0
0.904065308271691,0.0838639207311284,9.671269963406127e-06,2.4769665975827882e-08,9.111703654184034e-06,5.130752339208914e-06,0.012046832501558061,0
0.876695587566996,0.10832804377674381,9.301274886666992e-06,1.3783143017913236e-07,8.151702156901086e-06,4.741645595748563e-06,0.01495403620219068,0
0.7360187949821173,0.22934332932955512,1.9669679804290528e-05,2.533859811002263e-07,1.5838764104296156e-05,8.716927044483492e-06,0.03459339693139337,0
0.7716230151623207,0.22328754758277372,1.4986325168635367e-05,2.480252298258117e-07,1.0406012924676801e-05,8.532855710507904e-06,0.005055264035871798,0
0.8025329243256635,0.18484925001195485,1.5168895940420176e-05,2.8341622469762146e-07,1.1754062145415678e-05,9.606330346470066e-06,0.012581012957724713,0
0.8011075305254106,0.18650854867507613,1.974685240427869e-05,2.501516036042407e-07,1.0495225917389541e-05,8.606009722503718e-06,0.012344822559865593,0
0.816001556453811,0.17138781487098706,1.955059813974928e-05,2.843252363874392e-07,1.1791761398182261e-05,9.637141096950241e-06,0.012569364849330479,0
0.7358670928994552,0.2565426940894478,1.569021371754179e-05,2.931565457361394e-07,1.756279373183973e-05,9.883815686028889e-06,0.0075467830314157585,0
0.7424245280337397,0.254343541173894,9.778667622999324e-06,2.0572567115259843e-07,1.4241412639154804e-05,6.936071000737705e-06,0.0032007689154323828,0
0.7479971509753096,0.25103315641848206,9.768683211086525e-06,1.6967756241632788e-07,1.3219199362491357e-05,6.6519406088821235e-06,0.0009398831054634601,0
0.8510884338900592,0.14888223527848954,7.363180174834263e-06,1.6662887719715817e-07,8.67437553398484e-06,5.013924206274681e-06,8.112722659003306e-06,0
0.7752684759181551,0.22469449603740152,9.135875051733628e-06,2.067449887056674e-07,1.1398520814946905e-05,6.221032757550205e-06,1.006587083056007e-05,0
0.7779316981772101,0.22203014287210873,9.167258845283219e-06,2.074552044218642e-07,1.1980171058528139e-05,6.3868579106812625e-06,1.0417207662348452e-05,0
0.8733851406735067,0.12658727973292094,5.79043023036372e-06,1.2182029202036555e-07,7.609385199543295e-06,4.107188908656448e-06,9.950768941916892e-06,0
0.8588661571636211,0.1411028562141666,6.061417233818293e-06,1.1325174854342727e-07,6.94921942913917e-06,3.818299215911845e-06,1.40444345848482e-05,0
0.854872166735039,0.145097698867047,6.098700906416832e-06,1.1394835809050598e-07,5.949141482153685e-06,3.841785508367517e-06,1.4130821659140266e-05,0
0.8128617317010824,0.1871075979823848,6.163125696111027e-06,1.1515207329455142e-07,6.229574533820904e-06,3.882368941991285e-06,1.4280095287666372e-05,0
0.7384349459080765,0.2615353638088359,6.997329240596506e-06,1.307383638285545e-07,9.387224943705905e-06,4.43134796970086e-06,8.743642569841268e-06,0
0.6698284379012577,0.33014177700308045,7.006586172560833e-06,1.3016334742652835e-07,9.531302141158639e-06,4.4118579157408395e-06,8.705186085119568e-06,0
0.5706095275282911,0.42906289410108156,9.003763069866998e-06,1.894230657856461e-07,0.00030542480462586154,6.38642628363133e-06,6.57395358214218e-06,0
0.6820105870096013,0.3175629119859688,1.1869319789653182e-05,2.339702949099996e-07,0.0003980771433391381,7.040252235573967e-06,9.280318770684519e-06,0
0.6902520798438094,0.309192607338057,1.0454880182879181e-05,3.374481915140599e-07,0.0005285288674087443,7.94053294612576e-06,8.051089404473147e-06,0
0.21725995006371843,0.7823962472297454,8.020246025312552e-06,1.6907018776676306e-07,0.000321763391255005,5.700226033475804e-06,8.149773034714487e-06,1
0.1780268200156341,0.8216569723030577,8.571469877837333e-06,1.6047100812848353e-07,0.0002955308107539683,5.410303438084376e-06,6.534626230239946e-06,1
0.20073436918237164,0.7991572965555551,9.017004758617286e-06,1.688121016041806e-07,8.658263220843176e-05,5.691524620871579e-06,6.874288383864184e-06,1
0.17314458077391753,0.8267433453820071,9.328262047528585e-06,1.7463931346525024e-07,8.957137138395962e-05,5.887989918460715e-06,7.111581412185055e-06,1
0.12403461741009342,0.8758557941896835,9.304973391933999e-06,1.7420331426155667e-07,8.702224932862338e-05,5.993147333963013e-06,7.093826854112244e-06,1
0.10688740608574952,0.8930081842748786,9.619557379060845e-06,1.565582208475322e-07,8.287213218265705e-05,5.386100074270743e-06,6.3752915149063076e-06,1
0.10597401829652356,0.8939318430271016,1.0586283097087353e-05,1.5687340606706245e-07,7.161045008305496e-05,5.396943446947892e-06,6.388126341751026e-06,1
0.10915746394985143,0.8907483672462678,1.0589671059607962e-05,1.569236107720908e-07,7.163336780769357e-05,5.398670648266468e-06,6.3901707545467435e-06,1
0.11747006323424282,0.8824806431179847,1.0107593538068725e-05,1.6340418187777955e-07,2.6616868484205722e-05,5.7517119924132596e-06,6.654069576072576e-06,1
0.06113279908930979,0.9388341666079749,1.066767662917585e-05,1.2546916811125304e-07,8.521324463658356e-06,4.41642625427657e-06,9.30340620017412e-06,1
0.12937548944641936,0.8705803809081692,1.0749587319829853e-05,1.8242473481819469e-07,1.7000631263486725e-05,6.183246099973489e-06,1.0013755993127551e-05,1
0.0707122040190546,0.9292086038540449,5.300604733578982e-06,1.1070293277880354e-07,6.193305620125156e-05,8.27604750944687e-06,3.571715523366913e-06,1
0.10188946575906384,0.8979966250977844,7.4379760609360855e-06,1.648830456959818e-07,8.725216069307144e-05,1.3103874781167745e-05,5.950248570724782e-06,1
0.1117390275850826,0.8881210013452149,8.273491482050536e-06,1.7236682002212437e-07,0.00011258986196811126,1.144597600014085e-05,7.489373432356441e-06,1
0.01847742530898449,0.9814793918592629,4.0335276091839765e-06,5.535276821692366e-08,2.8356432573997087e-05,1.9094127167286858e-06,8.82810608451677e-06,1
0.10881762660543186,0.891143462751945,1.1554952650213028e-05,4.1294414420780185e-08,8.930857553738647e-06,5.91767721372444e-06,1.2465860791286152e-05,1
0.12064780129428779,0.8793121653450897,1.2069512192291895e-05,4.313331723743336e-08,8.718530317971505e-06,6.181200342675424e-06,1.3020984452503826e-05,1
0.19816086034830546,0.8017895871487811,1.5234292352513275e-05,5.444403574901062e-08,1.0026523766974984e-05,7.801989973539379e-06,1.6435252784587097e-05,1
0.25421071079902163,0.7457474458293089,1.4299378244732176e-05,2.6312416363787784e-08,1.0642429957552345e-05,7.442496797232718e-06,9.432754253430585e-06,1
0.3204467030168375,0.6795135099721673,1.4605000772660263e-05,3.1748719082245796e-08,1.0869892039557412e-05,7.601255555261073e-06,6.679113908539182e-06,1
0.2626243445011144,0.737337643655653,1.308069124455328e-05,2.843513658022697e-08,9.735412126594449e-06,6.807920008839865e-06,8.359384716146712e-06,1
0.24574670081845945,0.7542171012598458,1.2368715298608536e-05,2.688742530975379e-08,9.205518168514812e-06,6.43763123265095e-06,8.15916956986593e-06,1
0.1198674532381071,0.8800994483722357,1.178734788605669e-05,1.5688810078247386e-07,8.916018385159303e-06,5.397388304859491e-06,6.840746980100836e-06,1
0.11910767775404445,0.8808558156184587,1.42700487498568e-05,1.4590730171946853e-07,6.252302697431505e-06,5.019618186252141e-06,1.0818750561529544e-05,1
0.11308862787946794,0.886877250028104,1.0536219341588233e-05,1.4023573902359285e-07,1.2577772572909643e-05,4.753205960598116e-06,6.114658813786969e-06,1
0.11687143210638049,0.8830817269896624,1.0513653324201837e-05,1.6180977409313198e-07,2.4891785504243227e-05,5.5667075957094495e-06,5.706947758952135e-06,1
0.08166873518706945,0.9179765463552948,1.4827689113285256e-05,2.1563975598489563e-07,0.0003247992138178939,7.2703258164779495e-06,7.605589131677634e-06,1
0.074766252646973,0.9250573430816699,1.0590092838491095e-05,2.1734714479157636e-07,0.00014439849045708126,1.4399090313102905e-05,6.799250603692167e-06,1
0.08529708807711812,0.9145311261698631,1.0212598559868736e-05,2.1018400346911526e-07,0.00013970291886222474,1.5084884876069094e-05,6.575166717024227e-06,1
0.09838664273497112,0.9014001546498156,9.143631479622662e-06,2.0571323306396653e-07,0.00018015097049868306,1.4764018131902646e-05,8.938281870000652e-06,1
0.348786654095233,0.6509306210840063,1.0474752973539163e-05,2.1394130611107246e-07,0.0002562665604839582,7.379978701717925e-06,8.389587294963682e-06,1
0.06568750179003005,0.9342686969419328,8.02612946100153e-06,1.16725677577149e-07,2.7525869191393968e-05,4.01568891387895e-06,4.11685479319481e-06,1
0.09592535226751,0.9039309083505196,7.717809576118387e-06,1.5172849709556212e-07,0.0001252984552021412,5.219942236513205e-06,5.351446458493577e-06,1
0.12415565034334493,0.8756706333518572,1.0715119215223005e-05,1.732257319699202e-07,0.00014993758713235583,6.097423630878583e-06,6.7929490873591145e-06,1
0.26512571436616467,0.7346812893859366,1.3626370020322928e-05,2.2029040213663083e-07,0.00016275695713497258,7.754066837350005e-06,8.638563503993997e-06,1
0.1578318712532,0.8420144513127229,8.483367158669826e-06,2.112834393241078e-07,0.00013059516129817418,6.670555868107399e-06,7.717066312780127e-06,1
0.1467447204631522,0.8530687150421183,1.3021554556774545e-05,1.8937305912699497e-07,0.00016025564330913206,6.418758017951924e-06,6.679165786246316e-06,1
0.06819324442908639,0.9312363165954416,2.3822727422662978e-05,1.435469919431567e-07,0.0005261992378795686,1.4001453863688872e-05,6.272009314182936e-06,1
0.07870609327800694,0.9193055866706445,1.9333810573182803e-05,1.4427365706270483e-07,0.001938744383863816,2.6332155240866357e-05,3.7654280137119793e-06,1
0.05268085887487177,0.9464332058462651,1.7744827929032503e-05,1.88456953175363e-07,0.0008289841686327389,3.409924835127162e-05,4.918576996747922e-06,1
0.07437184101329315,0.9243662754883529,2.2839191592645506e-05,2.425610706258911e-07,0.0011882664067206718,4.420468742224539e-05,6.33065154766083e-06,1
0.03334839184396739,0.9664786629348726,2.0951434559205145e-05,1.403517105744204e-07,0.00012218937260583302,2.604759746261549e-05,3.616464821761162e-06,1
0.02622457500042985,0.9735981515912162,2.101426381416183e-05,1.4042771127658313e-07,0.00012637970990970847,2.6061702283203064e-05,3.6773046354814276e-06,1
0.025170196190987235,0.9746090789074785,3.66635892999983e-05,1.42738484807706e-07,0.00015369020394473808,2.649055419045531e-05,3.73781561397918e-06,1
0.02261859772563182,0.9771714884418579,2.722271502229803e-05,1.426491437419056e-07,0.00015032789078246007,2.859868690565471e-05,3.6218906561580246e-06,1
0.02763083566339108,0.97210246304113,2.8717856312745108e-05,1.4859506923323423e-07,0.00016336225576172068,5.2504647130456044e-05,2.1967941204775008e-05,1
0.05047536998443653,0.9492599751657926,3.7250886802770774e-05,2.057568177948013e-07,0.00013572678351200565,7.233110435600087e-05,1.914031828204264e-05,1
0.03704744772546589,0.96278300318838,2.7341063215156615e-05,1.510194963159557e-07,9.466675021790271e-05,4.275602099801555e-05,4.634232227057304e-06,1
0.0306478445582516,0.9691709649268057,2.7513101069643058e-05,1.5203034505200046e-07,0.00010691737027370192,4.1942761801788514e-05,4.6652514524125395e-06,1
0.024970312174341276,0.9748306260630387,2.988223838412496e-05,1.3407769472497507e-07,0.00010634873386830138,4.940443209458761e-05,1.3292280578097645e-05,1
0.045677811781534114,0.9443937416656871,4.352292015977204e-05,3.0562025223721303e-07,0.009782451708177273,9.510240446259276e-05,7.063899726740925e-06,1
0.02354141014438684,0.9762794055514626,2.5809062255539008e-05,1.3404261838935492e-07,0.00011551620927546281,3.508044459505703e-05,2.644545406008782e-06,1
0.031285113037593994,0.9684881546016679,2.623776671701915e-05,1.8475379732346615e-07,0.00016320046953308118,3.335229026399083e-05,3.7570804267610764e-06,1
0.023691128230685313,0.9745252506331905,2.5564406347896067e-05,1.3978753481620271e-263,0.001721498767196105,2.9626708665716164e-05,6.931253914569943e-06,1
0.00724336170185259,0.9904981733675693,3.37851436038505e-05,1.9146180809096558e-07,0.0021870665453226136,3.226372430793588e-05,5.1580555352821805e-06,1
0.004930446400587527,0.9902547822280231,2.1195598153061444e-05,2.706344202017183e-07,0.004756077366373374,3.451016627412913e-05,2.717606168619487e-06,1
0.004333789081983765,0.9929734226115627,2.049097870439748e-05,3.372912226198827e-07,0.0026411102629409367,2.838881967083838e-05,2.4609539147642843e-06,1
0.011515992960203482,0.9860466255048482,1.8469198050564903e-05,4.4614628353290424e-07,0.002381570780586309,3.391650519091524e-05,2.978904836908945e-06,1
0.00633943202459253,0.9889294732583109,2.8973124374095467e-05,1.1634641168876185e-06,0.0045998536058634455,9.80968814096433e-05,3.007641332328222e-06,1
0.8871984515225686,0.09405587497835603,1.2133804262107803e-05,1.867425138146786e-07,1.1231267989407668e-05,6.424535626949163e-06,0.018715697148683118,0
0.9563620695586587,0.036615065542411875,4.195100903727348e-06,7.534925396625605e-08,5.292804734546866e-06,3.190270044380319e-06,0.007010111373992804,0
0.914414410539447,0.07083619610573938,1.0606887346957195e-05,1.5686396855523506e-07,1.0155032201189333e-05,5.3963986636785365e-06,0.01472307817263312,0
0.7636595733492751,0.21392736999673098,1.905928573197198e-05,2.4552287080786585e-07,1.5347251897777912e-05,8.44676661202782e-06,0.02236995782688104,0
0.7569490671149546,0.23505687821727367,1.6341446113879583e-05,3.0532419642711844e-07,1.8291748764210334e-05,1.029404980329763e-05,0.007948822098893972,0
0.7394010368244621,0.2605070328335848,9.880841680514507e-06,2.2360359462806075e-07,1.3315135091742843e-05,6.728314410887633e-06,6.178244717529798e-05,0
0.7870722261302245,0.21289200932137967,8.789960364371313e-06,1.989169341704562e-07,1.0966934815601723e-05,6.123992878923149e-06,9.684743402517817e-06,0
0.8023072946540515,0.19766699933188397,6.1004653699496175e-06,1.1398132539379837e-07,6.166238624189475e-06,3.863371852580159e-06,9.46195689244819e-06,0
0.5653283913606544,0.4346366091749554,9.586152751414505e-06,1.7910804008754766e-07,9.331681920033981e-06,6.070827464537269e-06,9.831694214227387e-06,0
0.6059486129329554,0.3940183108465215,9.059387276296665e-06,1.6926593405390237e-07,8.818899786499762e-06,5.737231454058139e-06,9.291436072272931e-06,0
0.5518522501939065,0.4481094935207807,1.0536207560548519e-05,1.6896058063015785e-07,1.2549561155370833e-05,5.726881567194587e-06,9.27467444901997e-06,0
0.675081179519782,0.32488487668847577,8.971502586067234e-06,1.4386868115076957e-07,1.205470680051084e-05,4.876397175637286e-06,7.897316498953113e-06,0
0.750019941195661,0.24995184479398128,6.385436090200125e-06,1.1862406538772867e-07,9.75576251409492e-06,4.020736499371452e-06,7.933451188756903e-06,0
0.6840154969956413,0.3155647154502635,1.0866856769691349e-05,2.459171308050688e-07,0.00039251852083212527,7.707930468170243e-06,8.448328894123017e-06,0
0.7056093208441548,0.29399122773080866,1.1263949762975696e-05,3.259571371135677e-07,0.0003745922166856528,7.670135598184929e-06,5.599165852688216e-06,0
0.7175891780760814,0.28182709992629473,1.016629324800481e-05,2.5660536262396267e-07,0.0005553996214625385,7.721349748986496e-06,1.0178127801794258e-05,0
0.46275096078522526,0.5367535545539891,1.0768542673605027e-05,2.2700544672254636e-07,0.0004658931362420136,7.653521736982676e-06,1.0942454686244918e-05,1
0.11121364206331834,0.8886906967992102,7.96218034152874e-06,1.490641773833412e-07,7.645404993592379e-05,5.0257204762282535e-06,6.070122540380694e-06,1
0.11438110688982414,0.8855235562977385,1.0762650287982165e-05,1.5948691278140314e-07,7.243326650305754e-05,5.486856379223267e-06,6.494552354322499e-06,1
0.10397495662400609,0.8959306942034773,1.060995425791143e-05,1.572241784382506e-07,7.177057261757011e-05,5.409011130677822e-06,6.4024103321387115e-06,1
0.07835306481174806,0.9216115105695291,9.348121303801887e-06,1.3852563886742716e-07,1.090072009634865e-05,4.765721977122305e-06,1.0271529706641269e-05,1
0.034347730833028244,0.9655509501978301,5.833553124092208e-06,1.0899432691061314e-07,7.818519354237317e-05,3.67475962476684e-06,1.3516468523474343e-05,1
0.023585692890932167,0.9763152424357534,5.703759517078847e-06,1.0656925825472027e-07,7.6445612523904e-05,3.592998081422744e-06,1.3215733934035372e-05,1
0.015279562317831797,0.9847051934508912,3.858206537360871e-06,4.853222565807638e-08,4.541286462136431e-06,1.674135762813474e-06,5.122070289082855e-06,1
0.016312285195610593,0.9836734855384041,5.630000574662959e-06,7.081955195989685e-08,3.1517664965643506e-06,2.49279829698449e-06,2.8838810651731656e-06,1
0.020894928211262234,0.9790866552294664,7.6094074661592576e-06,7.543474849223242e-08,3.9660058620828425e-06,3.1367973070364036e-06,3.628913887654483e-06,1
0.0881126122434788,0.9118519872022591,1.1464327319086893e-05,3.61326099259063e-08,7.814499777255252e-06,5.177967176193459e-06,1.090762737963734e-05,1
0.22489520625740397,0.7750656911060929,1.345760208054955e-05,2.4763456364408435e-08,1.0015931118656958e-05,7.004085392912824e-06,8.600254454822737e-06,1
0.2833434065798105,0.7166023111131685,1.8510059657652686e-05,2.2797160379853593e-07,1.2221163586517334e-05,9.4792323371087e-06,1.384387983589152e-05,1
0.3502320302453839,0.6497313604781938,1.356966963351812e-05,2.496967289103731e-08,9.746586063674495e-06,7.0624115869902305e-06,6.205639465159991e-06,1
0.14640909129065513,0.8535636299236891,1.0685377468206755e-05,1.0638510900943106e-07,5.703121786705988e-06,4.3235235914951745e-06,6.460377700181983e-06,1
0.20028560519563282,0.7996815049621832,1.10990815844217e-05,1.6791707032259337e-07,8.75325205189263e-06,5.77658001290979e-06,7.093011464414301e-06,1
0.16156531726678608,0.83840087922536,1.1894215899890776e-05,1.583105004509063e-07,9.401891166442392e-06,5.446322821224616e-06,6.9027674659617545e-06,1
0.18174833554839864,0.8182143293495168,1.3210578350906861e-05,1.758311172069088e-07,1.0322288832153914e-05,5.959689877812808e-06,7.666713906548136e-06,1
0.09166476817120073,0.9083046805331313,9.609244791674875e-06,1.3036978741066142e-07,1.1017798196049548e-05,4.485084352273123e-06,5.308798540761864e-06,1
0.11306264092895879,0.8868909941478131,1.034285008783501e-05,1.5918103675144393e-07,2.4772386864147663e-05,5.47627169831627e-06,5.614233540882799e-06,1
0.08624999822338084,0.9130924487996285,1.0515953626751562e-05,1.9648047476200383e-07,0.0006294308638543706,6.624367856343232e-06,1.0785311178560239e-05,1
0.08014204975362878,0.9197112742131018,7.704797315221868e-06,1.4917967639283006e-07,0.00012257116805184916,1.10735870141346e-05,5.177301211644579e-06,1
0.09904228209025252,0.9009154850945041,6.560450593661851e-06,1.2187673001631168e-07,2.705905866148196e-05,4.192899486600475e-06,4.298529771351597e-06,1
0.09524854764526489,0.904666581371116,9.563328841580839e-06,1.471822051629991e-07,6.49058379481962e-05,5.063535353609999e-06,5.19109927040755e-06,1
0.12313316919666538,0.8767110549138155,8.026741706105858e-06,1.5780195710066177e-07,0.00013647117153881192,5.554517630160987e-06,5.565656687008686e-06,1
0.12631832227595508,0.8735100374869474,1.0226382480329985e-05,1.6532458062088504e-07,0.00014894611145583822,5.819308674175032e-06,6.483109906798835e-06,1
0.08754716180751061,0.9122519081175309,9.565763958240385e-06,1.5464470625427245e-07,0.00017946891140973724,5.443384626418053e-06,6.297370257983373e-06,1
0.11314373631086795,0.8867063274529077,9.860081835761794e-06,1.5675304859587007e-07,0.00012801857934934788,5.517596790335314e-06,6.383225200433154e-06,1
0.1551891280233117,0.8443437688411871,1.913726250258495e-05,2.0333505151554368e-07,0.0004202712868651127,2.2345735078981297e-05,5.145516002868925e-06,1
0.05247892814618627,0.94718319828143,1.3003746143381536e-05,1.1858996227408375e-07,0.00030731133263906516,1.4056439845135617e-05,3.3834637939861045e-06,1
0.0583291807177231,0.9403701850315866,2.225775105125833e-05,1.4709964975122024e-07,0.0012452204081914854,2.887932526024375e-05,4.1296665372554606e-06,1
0.046899624230708405,0.9529152231274343,2.2350317725664657e-05,1.3871758381649832e-07,0.00013157675409225953,2.7192547309490673e-05,3.89430514608813e-06,1
0.030086065592125774,0.9696719637528571,3.0250844770329173e-05,1.545990996580031e-07,0.00017657270784077084,2.8691742334263823e-05,6.3007609721694356e-06,1
0.021684123047848922,0.9781014926001272,2.5218510813056718e-05,1.3857469370377072e-07,0.00014264980370408845,4.121656472617905e-05,5.160898086780413e-06,1
0.09552069705357127,0.8992262835841776,4.1229248965736774e-05,4.0590563610767214e-07,0.005072074433365281,0.00010425081116138437,3.505896312254075e-05,1
0.05288239343121444,0.9468990961324534,3.371507461852105e-05,1.9229008682383476e-07,0.00012273616222847276,4.971263360954357e-05,1.2154275788791251e-05,1
0.02078390516593063,0.9790484375487666,2.6885548494229847e-05,1.335373646076755e-07,0.0001051295156371318,3.287410662271534e-05,2.6345771840860488e-06,1
0.02026325169510545,0.9795387636808297,2.46975828343968e-05,1.459163604570875e-07,0.000125111174705791,4.349359195202701e-05,4.536358212225816e-06,1
0.0239014616876728,0.975911049490804,2.966977039197575e-05,1.3755967910512954e-07,0.00011854716708992309,3.6000898515307975e-05,3.1334258471128237e-06,1
0.021651290163276965,0.9781596835145131,2.7226671113744885e-05,1.414051487023297e-07,0.00012186114346616999,3.700730069371595e-05,2.7898017875218737e-06,1
0.02430933208837021,0.9755045406627503,2.837393615507333e-05,1.3750237959615315e-07,0.00011849778710802008,3.598590259629264e-05,3.1321206407934903e-06,1
0.019428599158995374,0.9803849245313642,2.042833929746671e-05,1.4808951887368097e-07,0.00013369728796053205,2.8963245821956436e-05,3.2393470415674163e-06,1
0.015325321424824252,0.9843234130777818,2.4796501734173032e-05,2.0128101926996335e-07,0.00028381842890094213,3.7815181500497475e-05,4.634104239110157e-06,1
0.015549964795829634,0.9813149826075201,3.649120495012815e-05,2.670489726888838e-07,0.003042935186575057,4.816475302047828e-05,7.194403131902285e-06,1
0.00785259233256635,0.9906472586952699,3.208701078818061e-05,1.6674116399090563e-07,0.0014301289661555069,3.257937392822075e-05,5.18688012778171e-06,1
0.007480080826867158,0.9903331255795458,2.9141620523166394e-05,1.5123263905930308e-07,0.0021232471096382893,2.954918017924721e-05,4.704450607358523e-06,1
0.006810454875438713,0.989809101563498,2.7662864287280112e-05,1.4355852196959963e-07,0.0033191763844461733,2.8049742822266573e-05,5.411010985649297e-06,1
0.004682345675130299,0.9915680073837293,2.1161007172425993e-05,2.522917881369884e-07,0.003700723448908605,2.45574313951061e-05,2.9527618762544564e-06,1
0.00364114146274563,0.9945606047200557,1.8687621201689656e-05,2.5920566477905474e-07,0.001746275238553217,3.040420984128714e-05,2.6275419380284e-06,1
0.8986016606775279,0.023130092929172244,9.380964983999698e-06,2.6499482433071832e-08,1.1093043072107377e-05,6.344558416941129e-06,0.07824140132734451,0
0.958635358480182,0.03453452707680924,5.2819969514782145e-06,1.492065961934313e-08,6.220728078526279e-06,3.572333792303554e-06,0.006815024463526778,0
0.9151909032801163,0.07524307034424775,1.089874347050247e-05,1.5857164400056415e-07,9.378331275695153e-06,5.581382418544866e-06,0.009540009346827128,0
0.7812065226481992,0.19904064546332983,1.948711875482335e-05,2.5103424166793257e-07,1.538658653036626e-05,8.636375275424986e-06,0.01970907077366882,0
0.7932317025331354,0.1879568182766105,2.0686914544796486e-05,2.6649008355413937e-07,1.0966395071406794e-05,9.168105328823376e-06,0.018770391285225577,0
0.8101791214203239,0.1831102387103401,1.533905415006982e-05,2.538629309101044e-07,1.065093636644203e-05,8.733691170143716e-06,0.006675662324718743,0
0.7560756227142579,0.2381020360016568,1.3518674624032922e-05,2.477381953527917e-07,2.1858218065643206e-05,8.352529380191002e-06,0.005778364123820013,0
0.7981751895212316,0.2017498190225629,8.913957381282783e-06,1.8753371477489537e-07,1.1395334918894332e-05,6.469039785025149e-06,4.802559040535014e-05,0
0.8315313113139252,0.16844067575153918,5.6693520052788015e-06,1.0592638700463656e-07,5.5303215732465506e-06,3.5713235834860907e-06,1.3136010986404077e-05,0
0.5927553665045171,0.4071992409956675,1.2501600608566968e-05,2.0047798844993934e-07,1.4890519238125627e-05,6.795157144939876e-06,1.100474483535063e-05,0
0.5194046951665079,0.48022592211686504,9.776561748832845e-06,1.8266564898728085e-07,0.00034682229402824353,6.158598990943715e-06,6.442596210161805e-06,0
0.7061082874686225,0.29352279280988697,1.0107816216251071e-05,2.287400317576847e-07,0.0003448814245260603,7.169538186718898e-06,6.5322025296589095e-06,0
0.5573239128372424,0.4420680273300373,9.824988133896185e-06,2.4305076438922844e-07,0.0005810378157120539,7.313486902290071e-06,9.640491207904087e-06,1
0.527709048522394,0.47170458223962974,9.21929572055126e-06,2.0905142253121394e-07,0.0005615671297512747,6.290434199740778e-06,9.08332688217275e-06,1
0.2623547777115375,0.7372196275819863,8.643285618157516e-06,1.822041266279865e-07,0.00040184330331450956,6.143038697303361e-06,8.782874719787735e-06,1
0.21702380660999743,0.7826724470142342,7.88095120198381e-06,1.6613379381316101e-07,0.0002820898370898021,5.601225083160696e-06,8.008228599362125e-06,1
0.16859165479357016,0.8312956542485223,9.379626392056234e-06,1.7560093244842165e-07,9.006457952456912e-05,5.920411042696526e-06,7.150740015999007e-06,1
0.17014608196285513,0.8297414377697935,9.362089947797985e-06,1.7527262342683993e-07,8.989619195640191e-05,5.909342056161616e-06,7.137370767752403e-06,1
0.1643121108551616,0.8355831623121879,8.716746948683232e-06,1.6319081679010793e-07,8.369951167992315e-05,5.502002183699138e-06,6.645381021580538e-06,1
0.11799240694271165,0.8819098208368785,8.820935237757069e-06,1.4356065176559875e-07,7.802277159316091e-05,4.938942413570716e-06,5.846010513666793e-06,1
0.1182065929226045,0.8816894383898084,7.750539258189644e-06,1.4510193304382095e-07,8.505678680064114e-05,5.107485737633875e-06,5.908773857564929e-06,1
0.09655813873293077,0.9033377916985612,1.059234753236619e-05,1.5435408319087566e-07,8.160417635312801e-05,5.433154899493063e-06,6.285535639909155e-06,1
0.1304625345742841,0.869448056945238,1.0674367850903683e-05,1.696983585262123e-07,6.581587359206752e-05,5.838162547540619e-06,6.910378128653493e-06,1
0.10120493484818215,0.8987072077394802,1.0642834794100285e-05,1.5771142043413828e-07,6.508328374442374e-05,5.551330803333105e-06,6.422251575513046e-06,1
0.09914124348568253,0.9007734451473292,1.042581448506057e-05,1.544954932996983e-07,6.312462723831368e-05,5.315135694767427e-06,6.291294077006986e-06,1
0.08340064058571535,0.9165679551694115,9.29696334066663e-06,1.3776755183623024e-07,1.1510086714665091e-05,4.849320690302449e-06,5.610106575663595e-06,1
0.09783834493855487,0.9021261148638915,1.1792726020973131e-05,1.387015725213016e-07,8.552420305470489e-06,4.771774653635035e-06,1.028457500112209e-05,1
0.09416928251412737,0.9057980572968998,1.171378599434837e-05,1.197688753911319e-07,7.825468846880955e-06,4.120429736281507e-06,8.880735519930516e-06,1
0.07704390618462187,0.9229188850118252,1.0585678799129218e-05,1.6014805672791738e-07,1.3970406445515509e-05,5.509601830980105e-06,6.982968420652916e-06,1
0.15897176573467064,0.8409452294516219,8.540325851689184e-06,1.58656066391158e-07,6.333243843434827e-05,5.377612332713221e-06,5.595781022418877e-06,1
0.1531177271324403,0.8468105614290613,6.599178583571536e-06,1.2259482057996044e-07,5.412682246214709e-05,4.1333022519808435e-06,6.72954038021457e-06,1
0.06020264106278295,0.939711002249447,5.676977887597852e-06,1.0546283552608391e-07,6.818146076378213e-05,3.6379766682419065e-06,8.754809615132403e-06,1
0.09352777060053463,0.906386387633094,5.857606268124476e-06,1.317843054061239e-07,6.445578527331619e-05,9.882456826880902e-06,5.514133697626329e-06,1
0.030354975767170236,0.9695861024633856,6.425587669626855e-06,8.082721019424651e-08,4.099792922467021e-05,2.7881623263678175e-06,8.629263013332877e-06,1
0.015385164977625009,0.984598396086806,5.82110474159318e-06,7.322344362921125e-08,5.043717111817037e-06,2.5191190410482433e-06,2.9817712307560968e-06,1
0.015307785023116586,0.9846753984757517,6.413989550736046e-06,8.068131792078529e-08,4.260669316657366e-06,2.7756936051835173e-06,3.2854673409502374e-06,1
0.15422437062163313,0.8457305012962666,1.53156590559971e-05,4.4246788365030646e-08,1.0213925819676454e-05,6.197284118798859e-06,1.3356966317446808e-05,1
0.22519874400583753,0.7747595194057718,1.553815600978362e-05,1.547000492799429e-07,1.0362307771296723e-05,6.2870576427007815e-06,9.39436691742825e-06,1
0.15280340317482538,0.8471580426225022,1.633035223679745e-05,1.9168892899929159e-07,9.643423017419242e-06,6.5943649077850934e-06,5.7943735812283674e-06,1
0.19077481502934754,0.8091844752000279,1.8669991939713627e-05,1.9089548655965694e-07,9.51142440998938e-06,6.567069387863371e-06,5.770389400532876e-06,1
0.13539976755986646,0.8645655751821449,1.3179854083273791e-05,1.3476035052055963e-07,6.714474556418655e-06,4.635942884509942e-06,9.992226113854494e-06,1
0.12117043082095885,0.8787976293561138,1.1794766166947425e-05,1.2059821094552377e-07,6.933413163157e-06,4.148915241427959e-06,8.942130144653687e-06,1
0.14598967498000182,0.8539766548144421,1.1913798644009845e-05,1.5857114428382345e-07,9.309030038276203e-06,5.374673485065955e-06,6.914132244450482e-06,1
0.07860119528654565,0.9213495522678337,1.257981973114976e-05,1.6205582024143048e-07,2.5219772119439173e-05,5.575172269554429e-06,5.715625680434323e-06,1
0.12153519377375772,0.8784019830697822,1.5090090744103017e-05,2.1945834232610234e-07,3.233501576191193e-05,7.4384084122230655e-06,7.74018319931923e-06,1
0.25556164017419397,0.744153458755016,1.3423837512578435e-05,2.493784537739289e-07,0.0002539796781241523,8.45262761791485e-06,8.79554908154514e-06,1
0.23500722692721407,0.7646881973550809,1.411986824822788e-05,2.623088150415429e-07,0.0002720981592732856,8.843779947607848e-06,9.25160142067188e-06,1
0.2242495141466744,0.7754796439530363,1.2277686065100797e-05,2.293967501828005e-07,0.00024250987587383523,7.73414488183235e-06,8.090796718183465e-06,1
0.14004602644727512,0.8592924833805251,1.0292187720447713e-05,1.9229962411672461e-07,0.0006339664612963776,6.483409867208143e-06,1.055581369157055e-05,1
0.10753235031996852,0.891711751994697,8.920770236160057e-06,1.8767704505220187e-07,0.0007339483214212818,6.327558940007762e-06,6.513357692156378e-06,1
0.10275949346365564,0.8968896733759238,7.747306772251703e-06,1.7532166782694519e-07,0.0003317587460076343,5.495213858220077e-06,5.656572114591502e-06,1
0.16717505006896438,0.8326451820727365,6.661175106946943e-06,1.3605098909872285e-07,0.0001627373011892543,4.693125512541067e-06,5.540205501187966e-06,1
0.08172651154684091,0.9182228601453188,9.642438459530754e-06,1.4023199702341225e-07,3.107535488369856e-05,4.824371873496533e-06,4.945910626421878e-06,1
0.2710807533746949,0.7288099376922625,1.0293181863708208e-05,2.023591019068941e-07,8.471441421074744e-05,6.9617958604137e-06,7.137182005839979e-06,1
0.1718869322821371,0.827935729297203,1.2006925273345996e-05,1.8478981202389428e-07,0.00015227183389783462,6.357356482964034e-06,6.517515193590399e-06,1
0.2179100596024957,0.7819356918659615,9.874605677041465e-06,1.9413009144783092e-07,0.00013065415824810086,6.678691762750892e-06,6.846945763334228e-06,1
0.13359290097730947,0.8662767699589597,7.964675899128796e-06,1.8202574096917505e-07,0.00011108476608889047,5.543239780887019e-06,5.554356221080564e-06,1
0.114476788139988,0.885370112887633,7.98815500060722e-06,1.6591179335722688e-07,0.0001323487440646792,5.839978148474297e-06,6.756183371828921e-06,1
0.09909281176340154,0.9001799264728803,2.0758643551432922e-05,1.493718750748069e-07,0.0006860398699592739,1.641539087232665e-05,3.898487460000476e-06,1
0.14354354491496985,0.8561869553507925,1.3949403165231014e-05,1.5947845834605546e-07,0.000233945661001896,1.6639571022223e-05,4.805620590081378e-06,1
0.05093634494064377,0.9487226240579805,1.4609289129580477e-05,1.1673262324301073e-07,0.0003091382172609128,1.3836289894316334e-05,3.330472467871431e-06,1
0.05059083446190501,0.9490403081541973,1.4710783772336091e-05,1.1791982902162136e-07,0.00032711465804210674,2.354967788284634e-05,3.3643443714534255e-06,1
0.07623215313504873,0.9215838019600833,1.983673838538381e-05,1.5126959310134703e-07,0.0021328172001414086,2.7411728543976557e-05,3.827968204443842e-06,1
0.06009589291938506,0.9397420396808892,2.4426503363143596e-05,1.4434393408214662e-07,0.00010465638244018306,2.8787912806195492e-05,4.052257182090956e-06,1
0.09820896120437922,0.8939865782163271,4.193570802933832e-05,3.6871611117917935e-07,0.007572521283945214,0.00011718046345123495,7.245440775674153e-05,1
0.03181116840961828,0.9680232291346645,2.4858710433011307e-05,1.518398669985936e-07,8.949997065330974e-05,3.742497359686351e-05,1.3666961166782539e-05,1
0.024578324660770725,0.9752542172305939,2.9686000938240835e-05,1.4871307951487926e-07,9.236197670564222e-05,3.8265039646257584e-05,6.9963782653917696e-06,1
0.016415296619284463,0.9834059119732074,3.180080055238158e-05,1.2860337481904834e-07,0.000101245149952959,3.824797732068033e-05,7.368876307171499e-06,1
0.019382088571365516,0.980450750880352,2.795120489413592e-05,1.3888570672138727e-07,9.989687394273183e-05,3.6433488371717166e-05,2.740095367306674e-06,1
0.018621266599843783,0.9811804385692066,3.136562613337605e-05,1.4542227354093642e-07,0.00012532305012778302,3.814820716339772e-05,3.312525251755184e-06,1
0.020103230408917996,0.9796933462158314,3.1749729601526984e-05,1.6181005270849064e-07,0.00012513310856125684,4.307122229845404e-05,3.3075047368951134e-06,1
0.019210148690232652,0.980612962820963,2.6757511647208747e-05,1.345585374033471e-07,0.00011638367166173797,3.095646281316992e-05,2.656284144840684e-06,1
0.021370644270939227,0.972578427863733,3.5716776732167884e-05,3.682591892080846e-07,0.005927510350040944,7.88539319885776e-05,8.478547376480164e-06,1
0.01059844697894033,0.9875489354808933,3.0469211134189338e-05,1.7934043784742646e-07,0.0017803072850029104,3.5220578253044784e-05,6.44112533855764e-06,1
0.005361480052740234,0.9919070410246871,2.8048802042199765e-05,1.204320083430974e-76,0.002670175908641167,2.8313020919342726e-05,4.941190969753981e-06,1
0.003963856268751299,0.9933090359553803,1.855471464486629e-05,2.2245116298967157e-07,0.0026813287946251658,2.474685021150024e-05,2.2549652239150596e-06,1
0.006323960883364314,0.9904212196292205,2.8867039068750727e-05,4.1070927672922593e-07,0.003190814381325791,3.17307289121264e-05,2.9966288317436194e-06,1
0.006470164967477051,0.9915420745805829,2.7493984105076613e-05,1.2055731235556397e-53,0.0018731333742393601,8.424338289823224e-05,2.8897106975101216e-06,1
0.910955923987081,0.020522662814382725,9.629759974357419e-06,1.860995421549389e-07,1.1340300170283459e-05,6.4024153595781485e-06,0.06849385462348988,0
0.8996720503898844,0.020774843058912276,9.34886894533319e-06,2.6408817089552896e-08,1.1055089328544868e-05,6.323109606432561e-06,0.07952635307450623,0
0.9109538263835559,0.020522615558078956,1.2091998613856302e-05,2.67399803823695e-08,1.134027405765497e-05,6.402138910912163e-06,0.06849369690680225,0
0.9315522915703527,0.023569237248644355,8.759538818540663e-06,1.416108729264304e-07,8.353655535318839e-06,4.984399584225524e-06,0.044856231976191756,0
0.8911130429474493,0.019707645068543278,7.884123295042037e-06,1.2856580572525234e-07,7.866386354136943e-06,4.693659285703477e-06,0.0891587392492669,0
0.9586396330997313,0.03424341871661363,6.6903468044583804e-06,1.4794886107368789e-08,6.168290529689004e-06,3.542220849681355e-06,0.007100532530585211,0
0.9029222794558305,0.08703858930751941,1.1213740394120304e-05,1.6583864455527294e-07,7.1251192153747025e-06,5.620834976416066e-06,0.010015005703419705,0
0.80567085577926,0.18084582892697934,1.6478934075129632e-05,2.681945227419543e-07,1.1252224912523247e-05,9.226743450707887e-06,0.013446089196799625,0
0.7500337880758732,0.234166836980426,1.884822988952728e-05,3.0675479352645214e-07,1.2721977756781305e-05,1.0397385982832361e-05,0.015757100595278163,0
0.7213019570651332,0.26617428845116403,1.5555766129293214e-05,2.906445219190615e-07,1.2248371311516275e-05,9.7991224367461e-06,0.012485860579303334,0
0.7419112243023603,0.24758974884554608,1.743863247769223e-05,2.838136067117084e-07,1.1770542687043215e-05,9.568817134482308e-06,0.010459965046187642,0
0.7629158805596804,0.2300905696542069,1.1364080916852906e-05,2.39079930291661e-07,1.0030708756496606e-05,8.060614711152622e-06,0.0069638553017979865,0
0.8957697255181,0.10302361349010085,6.569966735064476e-06,1.4867844522236132e-07,8.458307404683707e-06,4.473789105412009e-06,0.0011870102501087643,0
0.8843427335175279,0.11509161412390537,6.388027844905263e-06,1.2941204001397107e-07,8.117364819099232e-06,4.3498986418118075e-06,0.0005466676552209629,0
0.846087870522364,0.15360606333738241,7.577636296580083e-06,1.714820224314275e-07,9.629018498228037e-06,5.159957131515352e-06,0.00028352804630464985,0
0.7764511111586659,0.22344567848445054,8.653518858829677e-06,1.958292608646751e-07,1.0988572523564736e-05,5.892574491662116e-06,7.747986174866016e-05,0
0.8303343200571235,0.16956931287763227,7.879656550272096e-06,1.657738758237378e-07,9.839636799454551e-06,5.718426680284252e-06,7.276357133853003e-05,0
0.8176621271544576,0.18224465029103112,8.31717400673418e-06,1.749784603174311e-07,8.900497112223103e-06,6.035941978084446e-06,6.979396295390242e-05,0
0.800147051780095,0.19981878851822862,8.175161256422229e-06,1.5274502170032502e-07,7.97468046067072e-06,5.177258778312896e-06,1.267985615951764e-05,0
0.7440969746089656,0.25587054595621145,8.9240312413097e-06,1.6673693678365132e-07,8.584541991434124e-06,5.6515116500868875e-06,9.152613003149008e-06,0
0.39594212862174594,0.6036558169379126,1.2497621228239842e-05,2.335060270780969e-07,0.000373214892897909,7.872689751550262e-06,8.235730436695509e-06,0
0.5767123847934446,0.42290209661120187,1.0008902690242987e-05,2.105694050392236e-07,0.0003615286151635222,7.099378195012894e-06,6.671129899864303e-06,0
0.5833521863890349,0.41626884851629353,9.810103621075891e-06,2.2200279128772586e-07,0.00035434785275668615,6.9583687536672856e-06,7.626766748912463e-06,0
0.6503387313044673,0.3493065822067415,9.859662130235362e-06,2.231243010892965e-07,0.0003302245145526618,6.713892292006777e-06,7.66529551521123e-06,0
0.18101510947832655,0.818667174996725,8.243392343026727e-06,1.7377420678517306e-07,0.0002950630125112794,5.858822720596638e-06,8.376523166463963e-06,1
0.11520034590207869,0.8846945312624087,8.88584464936535e-06,1.663565840257637e-07,8.344070388079158e-05,5.85563446640287e-06,6.774295931870046e-06,1
0.11614514173418557,0.8837509944997872,8.77941776511801e-06,1.6436411019682304e-07,8.244132402621896e-05,5.785500792436929e-06,6.69315933344326e-06,1
0.1039749436095562,0.8959305820606546,1.0609952929873193e-05,1.572241587586445e-07,7.177056363411342e-05,5.534179535904238e-06,6.402409530754886e-06,1
0.08603721047967633,0.9139327933078679,9.26517760740607e-06,1.3713431498439243e-07,1.0182549136225278e-05,4.82703119958747e-06,5.584320197237774e-06,1
0.08333591146844599,0.9166231394004017,1.2254420313801687e-05,1.441318457529139e-07,1.290476167012974e-05,4.958593301022338e-06,1.0687224021691234e-05,1
0.060548486268810216,0.939420775697467,9.696318776971145e-06,1.1404442532132526e-07,8.54790645154163e-06,3.923490471264107e-06,8.456273597740966e-06,1
0.07575839617923277,0.9242028945057279,1.2049150903680181e-05,1.6037086246806223e-07,1.3989842752217036e-05,5.517267056140723e-06,6.992683464838653e-06,1
0.07914855086592201,0.9207836253126735,1.574594621706006e-05,1.603060546297281e-07,3.987462260234169e-05,5.51503746065238e-06,6.527909070098009e-06,1
0.09636078968721798,0.9035445705411312,1.302624927058188e-05,1.730551129283167e-07,6.938318798606614e-05,5.953645561058578e-06,6.103633720310103e-06,1
0.13332299661776267,0.8665847335988593,1.1275981087447083e-05,1.8082372625644753e-07,6.83063664862143e-05,6.128980268339894e-06,6.37763180951577e-06,1
0.18700143455290638,0.8129045041223061,9.778036199118906e-06,1.8164936412534143e-07,7.144557216272631e-05,6.249315100224307e-06,6.406751961195039e-06,1
0.04178238088169792,0.9581433465440458,5.095212143174063e-06,9.865309463363047e-08,5.642709569985729e-05,7.323005747528674e-06,5.328607571198791e-06,1
0.09916543582021134,0.900694113461764,7.561863970269409e-06,1.5594189264674127e-07,0.00011624427408992438,9.712931079170705e-06,6.7757069929698546e-06,1
0.022641480815337196,0.9773184166175792,5.19195806967874e-06,6.530943281675076e-08,2.8034607396255376e-05,2.2528712756323323e-06,4.557820909292456e-06,1
0.034534682267428056,0.9654322486954265,7.704878785149265e-06,7.247190880939985e-51,1.3463406158593642e-05,3.3432666181693135e-06,8.55748558358427e-06,1
0.0626545862654834,0.9373169213888864,1.1332903086073766e-05,3.259994224762572e-08,7.050479939174097e-06,4.6717198467022825e-06,5.404642816065846e-06,1
0.1186496631385764,0.8813105274669023,1.3133727719404176e-05,4.13941304491725e-08,8.3405088897669e-06,5.797800950083072e-06,1.2495962831623427e-05,1
0.1769218461832768,0.8230378659174824,1.6132269759334307e-05,1.8171018497683877e-07,1.0205954217640707e-05,7.2774554040978855e-06,6.490509674732559e-06,1
0.028045282645935733,0.9719322880126894,8.861726230565505e-06,7.667872904762844e-08,5.716232216323573e-06,3.1170646050779834e-06,4.657639593845347e-06,1
0.023607617847214483,0.976375965992777,6.359379580880259e-06,7.479660481807277e-08,3.563967998863269e-06,2.573135832310729e-06,3.844879991703867e-06,1
0.12880615726586295,0.8711584822128579,1.4013726852307915e-05,1.6449591856043912e-07,8.574912806070979e-06,5.658887649337555e-06,6.9484980529794655e-06,1
0.1490598717412274,0.8509071454654917,1.317345510967446e-05,1.5463264138930548e-07,7.80326648337823e-06,5.319577240579822e-06,6.531861805591736e-06,1
0.0921323217981307,0.9078342866781014,1.1155371427497358e-05,1.1406058754220648e-07,9.740712453624803e-06,3.924002382432307e-06,8.45737691656581e-06,1
0.10671316616950324,0.8932481652949905,1.1650795267127615e-05,1.3741140529454144e-07,1.1964197279498521e-05,4.727335650008184e-06,1.0188795904465165e-05,1
0.2760698363282054,0.7236290146377722,1.3961010140662297e-05,2.593576627203802e-07,0.00026903687018089924,8.744281416778443e-06,9.147514621290911e-06,1
0.09305856043436771,0.9067878811976243,8.659322040306138e-06,1.907949990274116e-07,0.00012452289681502793,1.3168451830892608e-05,7.016902323072925e-06,1
0.10293070691814106,0.8970099370943619,4.6135388038274345e-06,1.1413110381758836e-07,4.474275207977501e-05,3.5136787692273545e-06,6.371886740163718e-06,1
0.08208801131213429,0.9178580842924424,5.173476881597687e-06,1.0884192117212924e-07,4.117516524665232e-05,3.6695799831705894e-06,3.7773313906638875e-06,1
0.07388502825402947,0.926072017878602,6.397979183067238e-06,1.1954142879632306e-07,2.8189870474944168e-05,4.03031138688617e-06,4.216164894825528e-06,1
0.1016721048662755,0.8981588256180679,7.587742227933697e-06,1.549756339628303e-07,0.00014967001402616654,5.345937625234158e-06,6.310846143190774e-06,1
0.06852123500590576,0.9314217130949606,7.984513793789825e-06,1.2693717681488339e-07,3.930338034500976e-05,4.468048887912607e-06,5.169018930134226e-06,1
0.08944917546851135,0.9104919292343051,8.967292658186141e-06,1.425613184597803e-07,3.907568532637311e-05,4.904507028528736e-06,5.80525085175123e-06,1
0.13746380870352526,0.8624151560489015,7.806860973215026e-06,1.5436116155522347e-07,0.00010231921095423655,5.31051425607851e-06,5.444300228014429e-06,1
0.12202988782553374,0.8778242212001713,8.03093256961029e-06,1.6083243884623144e-07,0.00012503559374604,5.871251961789609e-06,6.792363578693188e-06,1
0.11215730964312906,0.887685563306384,1.0760477088075067e-05,1.6492905471812096e-07,0.0001332140723854701,6.021448384769169e-06,6.966123573960944e-06,1
0.10232580591789807,0.8975197409193972,1.0576948968347235e-05,1.6814961815205633e-07,0.00013094200507599303,5.9187480034524735e-06,6.847311038898013e-06,1
0.14691207373775028,0.8529233713472022,1.2470101715153384e-05,1.565467985170163e-07,0.00014102117203460376,5.385707109820158e-06,5.521387389639528e-06,1
0.09268509333038122,0.9066902519245804,2.0133701228106138e-05,1.3810489023815732e-07,0.0005747630654052625,1.2493382120543709e-05,1.712649139411463e-05,1
0.14833333449617217,0.8513237550391454,1.9670496846807674e-05,1.9843097482107665e-07,0.0002962133254406339,2.180679603327924e-05,5.021415387049878e-06,0
0.20159012624320508,0.7979749109001042,1.8015761261021085e-05,2.0470624290000378e-07,0.00038669522311593274,2.2852138245536594e-05,7.195027825342893e-06,1
0.14618668312788408,0.8532758511527242,1.64612419603797e-05,1.5034173013162144e-07,0.0004989698743355451,1.6434323388285608e-05,5.449937977354796e-06,1
0.06477295554400143,0.9350065918903911,1.266655618066245e-05,1.1660459078829684e-07,0.00019051268398163963,1.3883170730596386e-05,3.273550123900286e-06,1
0.04536121708274053,0.954235920008624,1.5193621659468454e-05,1.2179019799563067e-07,0.0003578665573550981,2.6206170416502334e-05,3.4747690064040802e-06,1
0.05342856292593962,0.9452755502952428,2.1901838568756395e-05,1.4745319659347976e-07,0.0012406817974384816,2.8948735311658636e-05,4.206954302156672e-06,1
0.07379340086098338,0.9260618295844916,2.0072454114469983e-05,1.2805747830529294e-07,9.525164100582237e-05,2.572236456305715e-05,3.5950373632449285e-06,1
0.11436721996908532,0.880293190791603,4.423841208789465e-05,4.023048885222569e-07,0.005141453206587848,0.00013069758886303045,2.279772688433699e-05,1
0.01421858837267944,0.985598165135496,2.7154434012882844e-05,1.326004403987249e-07,0.00011426097714628794,3.9082387748879476e-05,2.61609247644358e-06,1
0.017247555100660426,0.9825735464988665,2.6420610796373482e-05,1.3482756634968763e-07,0.00011626095027763408,3.342041685922689e-05,2.6615949734098546e-06,1
0.023520633949852012,0.9763117609852376,2.3139943337835773e-05,1.3127392011836215e-07,0.0001160679416290718,2.567446263123569e-05,2.5914433923745513e-06,1
0.011836263837102233,0.9879542048394147,2.252405603649699e-05,1.6920550289410435e-07,0.00014516023738822428,3.782926580343771e-05,3.848558751975254e-06,1
0.023176924726212834,0.973952040479185,3.290188523627018e-05,2.983538881172486e-07,0.002744171922047868,6.374839351131102e-05,2.9914239918555873e-05,1
0.01208026344629051,0.9862069262516294,2.778272928777272e-05,1.8842498786754867e-07,0.0016306937427504845,3.9752342119648266e-05,1.4393062934162164e-05,1
0.0068867034756690685,0.9893873271409297,3.270203187488581e-05,1.6970966247772216e-07,0.0036564961661999084,2.6892022318268774e-05,9.709453346049531e-06,1
0.005444524319547667,0.9917091181208492,3.031433729749592e-05,1.5731854126607905e-07,0.0027825331168335457,2.8412581915137087e-05,4.940205015602328e-06,1
0.004867121795124987,0.9924715237389623,2.546254661097981e-05,1.0932750786562802e-76,0.0026057558512507244,2.725396233831844e-05,2.882105712580045e-06,1
0.004165357178336335,0.9935294222073828,2.288035196982278e-05,2.26543723117951e-07,0.0022578304221518336,2.198684533875068e-05,2.2964510972277556e-06,1
0.004812789602342431,0.9928774896727243,2.211561161482419e-05,2.3804099749633462e-07,0.0022561048747560615,2.8849199745525527e-05,2.4129978194144522e-06,1
0.005235050640531203,0.9927094984331185,3.174799595707009e-05,2.431474797375735e-07,0.0019886489902031547,2.9617506508242796e-05,5.1932862019152235e-06,1
0.8398105326865266,0.026888021356603283,1.563893262326222e-05,2.117480137365008e-07,1.3672797267652417e-05,7.284507136269967e-06,0.13326463797182939,0
0.9080603677172238,0.022687990708663976,1.0841404174520871e-05,1.3911124822346665e-07,8.206202142054459e-06,4.896418145564065e-06,0.0692275584384019,0
0.9107652030769566,0.01852395115797954,9.788375117580468e-06,1.4241630135527815e-07,8.401167929769248e-06,5.0127489407608655e-06,0.0706875010567743,0
0.9065125416794351,0.02078779129027089,9.667625688855272e-06,1.4065945337762774e-07,8.29753109362858e-06,4.950911652787238e-06,0.07267661030240512,0
0.9078685106583504,0.08682609103308307,1.1217300092475881e-05,1.6589130358711853e-07,6.765521922874289e-06,5.707187765257067e-06,0.005281542407482372,0
0.9203875583488451,0.07605051919069553,1.0395297545949422e-05,1.720432483567002e-07,7.016415829347567e-06,5.9188342058015255e-06,0.0035384198696300885,0
0.8060358981471819,0.18786307923972764,1.4823577042263795e-05,2.4533173152033585e-07,1.0293005960832594e-05,8.440190813419555e-06,0.006067220507542488,0
0.8026514890445704,0.18941781668769977,1.6437855279565963e-05,2.720482031239034e-07,1.128259855087211e-05,9.359322296322427e-06,0.00789334244339997,0
0.798926085660217,0.1880867247879495,1.7920591655036522e-05,2.91657488540451e-07,1.2095850366851252e-05,1.003394399978009e-05,0.012946847508323525,0
0.8673847178049793,0.12441630026582447,1.1279960352381025e-05,2.1075520528108573e-07,8.75920226027936e-06,7.105642477259683e-06,0.008171626368900927,0
0.6988582738410125,0.2902360504195023,1.5071740425640732e-05,2.816009673898058e-07,1.173585233305519e-05,9.494217677109013e-06,0.010869092328082116,0
0.8769633480517638,0.1216085525923852,6.318595483247605e-06,1.429899100439006e-07,8.26692946880981e-06,4.302618989467569e-06,0.00140906822199951,0
0.8911820910802842,0.10798653236787065,5.929357288053952e-06,1.2474306875094559e-07,7.492710191595279e-06,4.3030549233487535e-06,0.0008135266863735539,0
0.7636743138498499,0.23621760687375534,8.521077290093398e-06,1.5920812993908737e-07,8.098319634283152e-06,5.4919390249996945e-06,8.580873231568605e-05,0
0.7621610353183588,0.23773656405673446,8.613327619166883e-06,1.6093173857189836e-07,8.091818810792094e-06,5.551395495708715e-06,7.998315124275727e-05,0
0.5367406658175031,0.4628891299807984,1.0130675778563896e-05,1.892819288940738e-07,0.00034682662452478215,6.381667832752137e-06,6.675951633522451e-06,0
0.4746398099371057,0.5249197836285515,1.096644404845632e-05,2.2398383704585126e-07,0.0004128207356349445,7.55164772613778e-06,8.843623096117991e-06,0
0.5671517946045389,0.4322533721764461,1.0151825655401923e-05,2.3019693248583062e-07,0.0005672087083694266,6.92671037226775e-06,1.031577768542245e-05,1
0.2239935456222407,0.7756170337410667,9.084423287626729e-06,1.9150349579605963e-07,0.0003644570048596242,6.456568284789708e-06,9.23113676460411e-06,1
0.1403901162122429,0.8595162054533493,8.858413229408147e-06,1.4417060578558343e-07,7.394416879702446e-05,4.860732996255156e-06,5.87084877937421e-06,1
0.09176814217922442,0.9081376312716135,9.522623739080086e-06,1.3876582620859578e-07,7.402994250925313e-05,4.884459244366802e-06,5.650757843295771e-06,1
0.10095876883701597,0.8989565736895246,9.520082657134943e-06,1.4107385744063725e-07,6.439818373012226e-05,4.8533887899675495e-06,5.744744424454628e-06,1
0.09674737464239648,0.903219013198934,1.2042034734654845e-05,1.4202415136131661e-07,1.075857601021655e-05,4.886081919265019e-06,5.783441854307732e-06,1
0.09225480657215511,0.907691397697795,1.2101662143616566e-05,1.427273989720623e-07,3.082898545844069e-05,4.910275870805621e-06,5.81207917850185e-06,1
0.04944614426155567,0.9505224183585516,9.55283140713562e-06,1.1235678127721388e-07,9.486175645965665e-06,3.954879482732405e-06,8.331136575634061e-06,1
0.058685967985574586,0.9412842896377848,9.898647629552372e-06,9.855121783792935e-08,7.107090590097866e-06,4.005360234771638e-06,8.632726968705561e-06,1
0.055755014428191745,0.9441399107047013,1.496595175159846e-05,1.5236510057923739e-07,7.851016562710118e-05,5.241843418400316e-06,6.204541209219866e-06,1
0.1921556284595121,0.8077452699893126,1.040675164884629e-05,1.933291901490013e-07,7.51646504328249e-05,6.518121836112219e-06,6.818698067606213e-06,1
0.05264123275735432,0.9472710925487897,5.058060267085503e-06,9.396502656704488e-08,6.770195031505601e-05,3.168044572190461e-06,1.1652673674864663e-05,1
0.06900385508039696,0.9309161573786016,5.421012501805897e-06,1.2152047724144007e-07,6.232952929831327e-05,8.470088630952875e-06,3.6453900930550027e-06,1
0.053403593164717184,0.9465557625707116,3.8104795867105413e-06,9.426372465981591e-08,1.986100751093936e-05,2.90206754374572e-06,1.3976446205496271e-05,1
0.011085711862748532,0.9889042286895884,3.645233778960949e-06,5.002414759822293e-08,2.641706360981229e-06,1.7608147254527263e-06,1.961668649968659e-06,1
0.06292265154232364,0.9370483750204474,1.14920933120298e-05,1.1392518701325261e-07,7.149516124879664e-06,4.737342232453882e-06,5.480560372632478e-06,1
0.037067266169351666,0.9629097219370875,8.102307105894622e-06,8.066679306659472e-08,4.705092295701588e-06,3.2783601723106266e-06,6.845467193929653e-06,1
0.023244477076387465,0.9767397338179763,5.559220168175178e-06,5.534774935790476e-08,3.228295797916662e-06,2.249374869435926e-06,4.696867051285802e-06,1
0.17331036095931712,0.8266548300390227,1.2763477615077158e-05,1.698802478449679e-07,8.855589399983217e-06,5.844116041353807e-06,7.175938355921708e-06,1
0.13496683732828435,0.8650009014659268,1.1463275584247446e-05,1.348282050873817e-07,6.339746744295662e-06,4.638277175679601e-06,9.685078079779375e-06,1
0.1083526998431295,0.8916147847164335,1.211329455742751e-05,1.238550753448283e-07,7.120656293214343e-06,4.2607862998078165e-06,8.896848211501429e-06,1
0.08967960813217872,0.9102907363657435,1.2350538314338405e-05,1.4318904858147506e-07,6.065234354422508e-06,4.853108666625568e-06,6.243431693380194e-06,1
0.102313363576358,0.8976518750408796,9.606359924320028e-06,1.4206890032635786e-07,1.5114690202833734e-05,4.887566471143061e-06,5.010697263983856e-06,1
0.13758298084589632,0.8623236875781389,1.721075729114536e-05,2.1802699768301882e-07,6.071235436339619e-05,7.500736904639822e-06,7.689700407726973e-06,1
0.2058593211647571,0.7938554200266421,1.585616575988843e-05,2.3059693855159526e-07,0.0002532643092722225,7.774609407691377e-06,8.133127222463533e-06,1
0.1484386133583529,0.8512476306383244,1.68140213180488e-05,2.445270754227152e-07,0.00027982874739479235,8.244266003519971e-06,8.624441530930811e-06,1
0.12937306728969752,0.8700153675693097,1.2603063177340784e-05,2.3547610843776376e-07,0.0005778616100418946,7.939111331858261e-06,1.2925880333371478e-05,1
0.1362631219911663,0.863133273982861,9.951759916473843e-06,1.8593905816892344e-07,0.0005717619645128487,6.268962458813986e-06,1.543540002661256e-05,1
0.17322045485776788,0.8263373647477466,8.052571781831082e-06,1.822298195475347e-07,0.0004225827741060035,5.483362300121374e-06,5.879456478346387e-06,1
0.07219423737779525,0.9277617217771568,6.247710028901996e-06,1.2760761767533725e-07,2.8169875456323297e-05,4.491647668160656e-06,5.0040042770940275e-06,1
0.07951934287030672,0.9204337435749853,7.5652143769924105e-06,1.202711874280546e-07,3.0097083100880845e-05,4.233413399602572e-06,4.897572643134784e-06,1
0.22432844095980473,0.7755645427712419,9.97606586327132e-06,1.9612475086769106e-07,8.317946678757029e-05,6.747314382446579e-06,6.9172971692510005e-06,1
0.16812779843953124,0.8317408840382571,8.762180299596066e-06,1.7226033306806481e-07,0.000108945676490184,5.9263026094003535e-06,7.511102479308196e-06,1
0.1079694324052821,0.891889325853716,7.774685894410884e-06,1.6147809843859967e-07,0.00012104602529912661,5.683915213357716e-06,6.575636496414857e-06,1
0.1449525587103468,0.8549204621875329,8.36927286498049e-06,1.6453595817076692e-07,0.0001069815695971948,5.660559577940201e-06,5.803164122117648e-06,1
0.07351435051625556,0.9262887095311255,9.481490899992249e-06,1.3816642917719732e-07,0.0001769405817923817,4.753364022817818e-06,5.626349474398579e-06,1
0.09960670486162773,0.9001803071619051,1.0254108086393379e-05,1.4942518150759976e-07,0.0001913589191516171,5.140700864247773e-06,6.08482318348824e-06,1
0.14045157578548204,0.8593734886103294,1.4048631095246445e-05,1.5362371182052104e-07,0.00015013561307536275,5.179445844624936e-06,5.418290461578761e-06,1
0.09894189211366937,0.9008994022017928,1.029217721300645e-05,1.9120070821341571e-07,0.0001312804554465354,6.446359757289987e-06,1.0495491412776123e-05,1
0.12434783932268519,0.8753321553643101,2.0225229591075254e-05,2.0402697781314403e-07,0.0002723709984555162,2.204203236553622e-05,5.163025614765998e-06,0
0.05238428552506619,0.9473739748393982,1.5132645735271337e-05,1.2091440025707181e-07,0.00020863998850532346,1.4396305078625413e-05,3.449781816236837e-06,1
0.06739371696012782,0.9312766413733308,2.1576488099432008e-05,1.496643284222691e-07,0.0012738859672079416,2.9889347314527678e-05,4.140199591168092e-06,1
0.05710390999521795,0.9415299041805042,2.3502435665434528e-05,1.5152636995175842e-07,0.0013084602964407502,2.974840069804147e-05,4.32316510381384e-06,1
0.08034599276106869,0.9195108394477812,1.9930460950814306e-05,1.2715159572757524e-07,9.457782793978272e-05,2.4962744706406855e-05,3.5696059573113854e-06,1
0.029689465254643794,0.9700908095184929,4.552710091742638e-05,1.5232000977439676e-07,0.00013946409279587174,2.8373837576610253e-05,6.207875563247525e-06,1
0.03329482058394465,0.9664797957078958,3.4881285422371305e-05,1.5328581177895812e-07,0.0001500013107363515,3.0502673637856323e-05,9.845152551104053e-06,1
0.028652600950639418,0.9711866645107713,3.1008911546552994e-05,1.4118282770795758e-07,9.35154871074221e-05,2.8700290869611972e-05,7.368666238146214e-06,1
0.019729699853272255,0.9801181754924736,2.996253724402816e-05,1.3641871070083165e-07,9.02301486909663e-05,2.7731819377284205e-05,4.06373023112574e-06,1
0.017761257621884307,0.9820773529599619,3.105265006740369e-05,1.3084876859749324e-07,9.393269849378149e-05,3.0619651418465704e-05,5.653569405334215e-06,1
0.019660042085332903,0.9801513328872926,2.5651631044782925e-05,1.3660513827189225e-07,0.00011718457441570713,4.2957115059662e-05,2.695101716118198e-06,1
0.019270235055960077,0.9805398956651613,2.7232432076514622e-05,1.353142230903399e-07,0.0001215864522011249,3.8245447306461684e-05,2.6696330714890332e-06,1
0.010748514955299998,0.9890779901358177,2.042304314409878e-05,1.365168083867335e-07,0.00012324928314408676,2.669986309771583e-05,2.9862026883145274e-06,1
0.043337490597960854,0.9530938906085492,3.1362853882417954e-05,2.636894324282509e-07,0.003472190513017772,5.6450171145922924e-05,8.351566011136352e-06,1
0.015966406086535764,0.9824871805794244,2.556589793305544e-05,1.9971446838783634e-07,0.0014800457962150647,3.4605783670562354e-05,5.9961417528076365e-06,1
0.020475456283717282,0.9778958393166907,3.364821412074566e-05,1.7837646792581591e-07,0.0015600233833260482,2.9685295670635505e-05,5.169130006697133e-06,1
0.01442230253011702,0.9825904251224243,2.8212110838435818e-05,1.6645217643095273e-07,0.002921230306785673,2.8140392067163083e-05,9.523085591056988e-06,1
0.014431375804188004,0.9832085866266671,2.879826267074985e-05,1.6655689384436965e-07,0.0022906124782415523,2.8632341637310465e-05,1.182792970131589e-05,1
0.005159942975294073,0.9922070964813257,2.751734565216882e-05,1.4280334203021727e-07,0.002576627998365288,2.5791058196544213e-05,2.881337824241118e-06,1
0.005724456502052782,0.991401051358122,2.858210026940193e-05,1.4395236514065656e-07,0.0028153956324001796,2.746593316872266e-05,2.904521621636667e-06,1
0.004977205830078399,0.9922579185412751,2.6362843024814432e-05,1.3277518340094e-07,0.002710400688576436,2.533334072136857e-05,2.6459811400727812e-06,1
0.005466536490899291,0.9923208876138225,3.747300219703017e-05,2.3578993320410243e-07,0.0021376725530166873,3.365858818057479e-05,3.535961950672094e-06,1
0.006758323652710344,0.9900592336188665,3.292612029074325e-05,5.675113983396854e-50,0.003096644088084408,4.7486518159220194e-05,5.3860018887408945e-06,1
0.8973881836397329,0.021700040102379376,9.644606686634335e-06,1.4032453761093352e-07,8.277774341265618e-06,4.939123334745246e-06,0.08088877442898745,0
0.887099841992681,0.019420550235645945,1.0126732133116842e-05,1.2472036563751437e-07,8.581693915510408e-06,5.186025787107169e-06,0.09345558859947159,0
0.915792124698254,0.070309427245264,7.471369600041514e-06,2.1105230411261217e-08,5.9469871245477816e-06,4.978383792383533e-06,0.013880030210734714,0
0.9068559228194013,0.08636352611231396,8.409746928304287e-06,1.6533165917101875e-07,6.994729875841725e-06,5.6038800757482965e-06,0.006759377379745646,0
0.912512146673509,0.0833168091205771,9.368147299979498e-06,1.5504380566774064e-07,6.521732742904845e-06,5.333999381836996e-06,0.0041496652826838515,0
0.9115591868107509,0.08265849833444983,9.463971078207421e-06,1.5662969909727195e-07,6.588441458300392e-06,5.388559153098722e-06,0.005760717253410744,0
0.7840962126948766,0.20292588413222698,1.7907777689072218e-05,2.914489413449492e-07,1.2087201332383324e-05,1.0026769313844722e-05,0.012937589975619786,0
0.6564319887882251,0.329643135783046,1.6376072331807892e-05,2.6652044867667754e-07,1.1236634535738225e-05,9.169149985487666e-06,0.013887827051427116,0
0.8924088727555793,0.1061305672186823,7.131814559842255e-06,1.6139306987847932e-07,6.38187422318532e-06,5.058641326024363e-06,0.001441826302559474,0
0.9017338238716035,0.09720587501192826,6.789263385491347e-06,1.5364113169289166e-07,1.0964699581505343e-05,4.623118166744532e-06,0.0010377703942030922,0
0.8064196564976607,0.19275396973920592,9.409563704382375e-06,1.75808643662826e-07,8.942725421095511e-06,6.064579437203043e-06,0.0008017810859271461,0
0.8504107337782983,0.14947800039794484,7.369033368895781e-06,1.3768329780139467e-07,8.085984470030544e-06,4.642012461623338e-06,9.103111015831823e-05,0
0.9148539987636495,0.0851224215500474,4.609490554913721e-06,8.61238956338179e-08,5.284632304128922e-06,2.9191504229020552e-06,1.068028912558143e-05,0
0.8816395906504334,0.11833134752459572,5.681170054135906e-06,1.0614719587586412e-07,6.513278297388425e-06,3.5978357626594033e-06,1.3163393660734448e-05,0
0.8784470271565763,0.1215244422050106,5.76815481932924e-06,1.0297404016455683e-07,6.31857088135021e-06,3.5710504397611704e-06,1.2769888232446037e-05,0
0.7366589400635413,0.2633042751405341,7.304584408633837e-06,1.1713767177157994e-07,1.0866387478754143e-05,3.970355516007344e-06,1.4526330849422028e-05,0
0.64650296898044,0.3531345878190154,7.438542075325554e-06,1.3898200109775305e-07,0.0003329446154636026,4.685798432630099e-06,1.723526257204067e-05,0
0.6157844080686422,0.3838577715356806,7.89113985456238e-06,1.4743835510015756e-07,0.00033495039162164775,4.970905640881922e-06,9.860520204854732e-06,0
0.6005755476017082,0.39911364939647337,1.1006620297044272e-05,2.0564810936280265e-07,0.000281368731544084,6.93345599368509e-06,1.1288545874326926e-05,0
0.5417550964299717,0.45797970109273045,9.293397867640878e-06,1.7363819678142935e-07,0.0002437570050899707,5.85423712348816e-06,6.1241990200426845e-06,0
0.4746398099371057,0.5249197836285515,1.096644404845632e-05,2.2398383704585126e-07,0.0004128207356349445,7.55164772613778e-06,8.843623096117991e-06,0
0.3713595138366796,0.6282888731387282,9.026866161770273e-06,1.8990911350408193e-07,0.0003294990332408656,6.402813453331299e-06,6.4944026227860055e-06,0
0.5716164927496704,0.4280503428956714,8.755327168191995e-06,1.9813318442427557e-07,0.00031205081184570153,5.961900399027005e-06,6.198182060776793e-06,0
0.6239399448214407,0.3756166919049404,9.667370565974762e-06,2.391516176582205e-07,0.0004158694048019938,7.196160142923592e-06,1.0391186490327107e-05,0
0.21503497972081934,0.7846138349958541,8.155167807081402e-06,1.7191439614958466e-07,0.00032877520838537954,5.796118933830038e-06,8.286873803866086e-06,1
0.1450716302656544,0.8546660108621367,8.808425774070595e-06,1.433570603422788e-07,0.00024273606522372168,4.833304193007252e-06,5.837719957817519e-06,1
0.1531797905684671,0.8467162841761409,8.581414204419097e-06,1.6065718111100317e-07,8.322439623901138e-05,5.416580287336785e-06,6.542207480393e-06,1
0.13471667084128364,0.865180854835168,8.700928675246466e-06,1.6289467455062887e-07,8.137308433619186e-05,5.604094208185303e-06,6.633321654168622e-06,1
0.09987230226065992,0.900015949750467,8.556810259030063e-06,1.6019655767339127e-07,9.086872598862367e-05,5.638805881984981e-06,6.523450185646824e-06,1
0.10002821803702577,0.8998743648792984,9.100889812111196e-06,1.4468360879210784e-07,7.718701018513109e-05,5.092761018917096e-06,5.891739050718066e-06,1
0.10549864458494483,0.8944148700402381,9.929823536125652e-06,1.5786178423603933e-07,6.453836808050473e-05,5.430946795354094e-06,6.428374620762407e-06,1
0.07380804416971987,0.9261377083067814,9.394031587047678e-06,1.3920596287163336e-07,2.960318365246167e-05,4.789127283785516e-06,1.0321975012481241e-05,1
0.06397312808942177,0.9359964072826293,1.010204387695405e-05,1.1881641012610304e-07,7.345994528702575e-06,4.087661905841557e-06,8.81011122724163e-06,1
0.19640333767340495,0.8035063345676984,1.0377811396185034e-05,1.664205103300383e-07,6.805601030539235e-05,5.857884627241481e-06,5.8696320577502495e-06,1
0.1012548925291824,0.8986549440935072,6.995145961915406e-06,1.5737665005275922e-07,6.4616527094549e-05,1.1556280109697082e-05,6.838047494448782e-06,1
0.012334125936252969,0.9876258753548255,4.203359261902641e-06,5.287388796976241e-08,3.0228604955948704e-05,1.8239028927461138e-06,3.6899679227096304e-06,1
0.01338983119167362,0.986583724876932,3.963067952480741e-06,5.4385838664425266e-08,1.671665034599201e-05,1.914343175730961e-06,3.795484081597265e-06,1
0.012358006983636843,0.9876294519781472,4.071661064027217e-06,5.587607994099436e-08,4.2555535877863895e-06,1.966798617957295e-06,2.1911488664183675e-06,1
0.011085711862748532,0.9889042286895884,3.645233778960949e-06,5.002414759822293e-08,2.641706360981229e-06,1.7608147254527263e-06,1.961668649968659e-06,1
0.05594398652850745,0.9440258243537781,9.8789016623898e-06,1.2426630873447269e-07,1.075154809743871e-05,4.374086452301434e-06,5.060315193765177e-06,1
0.01660766093680135,0.9833796248140982,4.473743201503874e-06,5.261846663571959e-08,2.5979482627891646e-06,1.810168553384687e-06,3.7797706159126306e-06,1
0.020960503301433626,0.9790224797624122,6.541800749657023e-06,6.688734521440505e-08,3.302450136096906e-06,2.3010432775384112e-06,4.80475464570433e-06,1
0.06650291892603863,0.9334747986738418,8.550786610346632e-06,8.742942020118271e-08,4.3561968721186706e-06,3.007693263729426e-06,6.280293953105092e-06,1
0.10872733531151962,0.8912394719483894,1.4447565989712308e-05,1.4772235296697113e-07,7.275634787806892e-06,5.081853738691596e-06,6.239963221916698e-06,1
0.08967947731670788,0.9102894085264078,1.4004178576754509e-05,1.4318883971188696e-07,6.065225507076892e-06,4.853101587405347e-06,6.048462373130988e-06,1
0.09508588311589364,0.9048795857544755,1.292847765809001e-05,1.321900963313754e-07,1.1159091818362092e-05,4.547522577099769e-06,5.763847481091967e-06,1
0.10211661710328371,0.897850644949127,1.1174053564426674e-05,1.3116327952166954e-07,1.1201273093760203e-05,4.5123826943308895e-06,5.719074957329181e-06,1
0.10182012919243719,0.8981281527708944,1.3601571123388307e-05,1.7521823142781937e-07,2.5733394209142376e-05,6.027995930793519e-06,6.179857173516649e-06,1
0.09553724973623531,0.9044150403156329,1.0976116188125173e-05,1.6232628893630128e-07,2.526186353485345e-05,5.58447714712797e-06,5.725164972610649e-06,1
0.17748674580339022,0.8224519684938025,1.218990445773117e-05,2.2645787409097467e-07,3.320663405191367e-05,7.675653328089982e-06,7.987053095424894e-06,1
0.1379961995900734,0.8613650435872439,8.026124099510579e-06,1.816313081020869e-07,0.0006191741311253994,5.6929807578286675e-06,5.681955391899747e-06,1
0.101264384428793,0.8983783167777958,9.305795915810143e-06,2.1059030039452313e-07,0.00033465118956109706,6.3367396006960784e-06,6.794478033319443e-06,1
0.1351587833261867,0.8645573420694395,8.603683562203227e-06,2.1283810604738898e-07,0.0002605770718881922,6.552579604312482e-06,7.92843121303084e-06,1
0.07012445896593367,0.9298280666703266,5.947561997249692e-06,1.3537173837892972e-07,3.234917299558183e-05,4.095574904147381e-06,4.946682104401507e-06,1
0.0804435499799543,0.9195091080185169,7.177562252796341e-06,1.1603720218448912e-07,3.133123844254405e-05,3.992003439875551e-06,4.725160191376735e-06,1
0.1510154292904276,0.848885313801115,9.396617917935206e-06,1.692874020956409e-07,7.827879198732888e-05,5.226193759166542e-06,6.186017390807939e-06,1
0.20604511199668402,0.793802566056845,1.029101155445738e-05,2.023164346503865e-07,0.00012604664569634092,6.960327971265493e-06,8.821644814229339e-06,1
0.08828016210217889,0.9114034936221742,1.561577861743789e-05,1.5713819011441985e-07,0.00027893763406086397,1.5444907190277977e-05,6.188817588353668e-06,0
0.12834512035635823,0.8713363351289151,2.0132903059746248e-05,2.0309561122102684e-07,0.00027112764695689525,2.194141227701818e-05,5.139456821935853e-06,0
0.14146717263605907,0.8580026157118126,1.6552149631816398e-05,1.5117199656224222e-07,0.0004916698453111153,1.6525082401151253e-05,5.3134027876682445e-06,1
0.10388967007593729,0.8956653965876091,1.8943540969105803e-05,1.393120875081584e-07,0.00040563359380241086,1.630585060136871e-05,3.911038992891101e-06,1
0.11331149981279544,0.8748241011290634,1.9372723805174857e-05,2.200952103522711e-07,0.01179739821209471,3.967210681499685e-05,7.735920215598165e-06,1
0.0636055104790496,0.9362595349339189,2.0060430134698124e-05,1.1854342645666831e-07,8.81749043467145e-05,2.3272765664699987e-05,3.327943458817783e-06,1
0.02234441293232746,0.9775006911746698,2.9882519881511185e-05,1.3605439357577168e-07,9.011855828997596e-05,2.7657759326017695e-05,7.101001111601471e-06,1
0.018985007446254483,0.9808333799410085,2.6558862087116587e-05,1.3191475155708353e-07,0.00011316099976856634,3.458750984019174e-05,7.173326289740558e-06,1
0.018518758127630222,0.9812967797221553,2.5419954932971455e-05,1.3202174045760314e-07,0.00011899064402594031,3.7314854289985475e-05,2.6046752250563705e-06,1
0.018606038784044175,0.9812147300545733,2.5417829481328995e-05,1.3201070165655742e-07,0.00011376512949683333,3.7311734264063006e-05,2.6044574390197796e-06,1
0.0197504094664568,0.9800751710188185,2.5388309829444935e-05,1.3177994453378287e-07,0.00011363300542928624,3.266498683646249e-05,2.6014326851947846e-06,1
0.021767568206274245,0.9780518326144124,2.6549986760279192e-05,1.384645166527224e-07,0.00011939706932058032,3.1780267678255914e-05,2.733391037873353e-06,1
0.033249752007255724,0.9648363809736398,2.9883774154841315e-05,3.172984578472151e-07,0.0018134794168440352,6.27366354483824e-05,7.449894199470887e-06,1
0.0436042879479118,0.9530051402082601,2.8499008741505908e-05,2.6681123052209465e-07,0.003293752634234787,5.705787001085411e-05,1.0995519610455087e-05,1
0.0347895084162722,0.9628515887693933,2.8206242956577783e-05,2.4397053430951453e-07,0.0022617807741046685,5.254887338208126e-05,1.6122953357212282e-05,1
0.043730312929166855,0.9534807970390231,3.5080773356370035e-05,2.4142620913799974e-07,0.002697872170392178,4.7218502147867776e-05,8.477159704513235e-06,1
0.05852834115054936,0.9393407066831206,4.1280942738309155e-05,2.332556206361917e-07,0.0020464203323497477,3.867450631110434e-05,4.343129309960115e-06,1
0.03230398371743452,0.965231882334566,3.42929383544882e-05,1.8128233061016437e-07,0.0023958713912894934,3.0164991707710443e-05,3.6233443168636144e-06,1
0.00983967034049613,0.9877477098272056,2.9294759266554503e-05,1.6942841882999033e-07,0.0023506471147052973,2.6122430197295594e-05,6.38609971036347e-06,1
0.0058924430913696165,0.9920955181907387,2.775818622856214e-05,1.4405320237794813e-07,0.00195136158426344,2.8251254788984223e-05,4.523639408132262e-06,1
0.005279467522341189,0.9921614096947761,2.8495116002884084e-05,1.3276226944021036e-07,0.0025002531270809075,2.7596053742390348e-05,2.6457237870369276e-06,1
0.004017620362826854,0.9939958138077921,2.4254525010803287e-05,1.987118568955147e-07,0.001940812603001642,1.9285667262839477e-05,2.0143222487884964e-06,1
0.005613639844256892,0.9918690615087343,3.095226359505257e-05,1.0732418078690812e-76,0.002453836032193374,2.968105747181431e-05,2.8292937485056354e-06,1
0.0042060806468413115,0.9935609806196172,2.5083361298346215e-05,2.055567874316214e-07,0.0021835021151719045,2.2063991657854105e-05,2.0837086260570725e-06,1
0.004099492023571174,0.9927965090372916,2.2227411322048893e-05,2.787128351725808e-07,0.0030579263632749044,2.1532899104740407e-05,2.0335526002881016e-06,1
0.9195749230054715,0.07223233031978343,7.794658952402416e-06,1.532393056618393e-07,6.455757710329484e-06,5.193800584511545e-06,0.008173149218192314,0
0.9177474426379597,0.07493293094441428,1.0329162099612405e-05,1.5896857069809412e-07,6.697123636470808e-06,5.387984837471992e-06,0.007297053178481719,0
0.6917721227431695,0.2936737966731212,1.4911423811863e-05,2.78605605722638e-07,1.1746150761253805e-05,9.584917774048655e-06,0.014517559485756159,0
0.886803190105616,0.1123024450237746,6.7646426271655375e-06,1.5308396356469703e-07,1.0310036283690807e-05,4.606352772822958e-06,0.0008725307549621246,0
0.9131170277707655,0.08600156125158985,5.900577198976512e-06,1.102466072573286e-07,8.20129756026095e-06,3.802994514174546e-06,0.0008633958617638369,0
0.9203668199737681,0.07914773624779334,5.406651318282102e-06,1.0101807744628026e-07,5.932677517655238e-06,3.405839211022402e-06,0.0004705975923140699,0
0.9219045175120651,0.07800491162476883,4.949972354721226e-06,9.248547044181437e-08,5.674983709950249e-06,3.1347745961285337e-06,7.671864703481756e-05,0
0.9276762937722233,0.07227891578022803,5.024861550800943e-06,9.388470301001966e-08,5.760841758712552e-06,3.1822012750212494e-06,3.0728658261174215e-05,0
0.9188376351636081,0.08113833944907906,4.6966187112598586e-06,8.775180139792092e-08,5.384521926233726e-06,2.9743279292695166e-06,1.0882166944761177e-05,0
0.8985905673781308,0.1013842416673342,5.7917359794510655e-06,1.0821301380065592e-07,6.640038565946418e-06,3.667856205004869e-06,8.98311077052467e-06,0
0.8862836477489449,0.11368461291052799,8.148294932746139e-06,1.056834246587691e-07,8.889419365015967e-06,4.23175710501894e-06,1.036418569966526e-05,0
0.8245575761635112,0.17540786706533912,7.303781173340322e-06,1.1712479094128163e-07,8.641212774197364e-06,3.969918923108987e-06,1.4524733487960953e-05,0
0.6945946291241105,0.3050365441388567,7.194625562680658e-06,1.3442465576248594e-07,0.0003402954371976357,4.532146870123607e-06,1.667010274656408e-05,0
0.5328944465351177,0.46674836809223036,8.409382617068578e-06,1.903044540717051e-07,0.00033666758051008403,5.964828456503632e-06,5.953276614114958e-06,0
0.15475516814950427,0.8449273467131141,8.343731205879067e-06,1.5620739234264522e-07,0.0002973576385348117,5.2665550101669635e-06,6.361005238668081e-06,1
0.131987241045263,0.8679133573166028,8.345268899172469e-06,1.5623618030976184e-07,7.914853492200752e-05,5.389420603635969e-06,6.3621775289604494e-06,1
0.09046800474158882,0.9094500201236757,9.25974233943929e-06,1.4969741468889943e-07,6.120054259266708e-05,5.269243451452257e-06,6.095908937282707e-06,1
0.11129790254193628,0.8886657121580517,1.3074775393518782e-05,1.5420432845625352e-07,1.11273987673244e-05,5.30511869932373e-06,6.723802823080383e-06,1
0.08242143576106997,0.9175398415517007,1.5571712816570903e-05,1.5921466662052683e-07,1.05719998783375e-05,5.477490246551487e-06,6.942269621196789e-06,1
0.06767097757592254,0.9322894119498257,1.2419353517460372e-05,1.6529815675912526e-07,1.4215548774825275e-05,5.602744518895842e-06,7.207529283993438e-06,1
0.03868399845976416,0.9612551752192496,4.524364129068659e-06,9.518452644838988e-08,4.969422004447491e-05,3.2091601885110104e-06,3.3033920975494796e-06,1
0.09445266317602939,0.90546332111388,6.1516119428160544e-06,1.383988390314941e-07,6.137471395250462e-05,1.0378478282404205e-05,5.972507073925364e-06,1
0.013041892168040877,0.9869268304738762,3.3129420491359285e-06,4.8276940602292045e-08,2.4357656559797317e-05,1.6653296172925314e-06,1.8931529159985054e-06,1
0.012358006983636843,0.9876294519781472,4.071661064027217e-06,5.587607994099436e-08,4.2555535877863895e-06,1.966798617957295e-06,2.1911488664183675e-06,1
0.05200218670237015,0.9479733521001124,9.731395944225005e-06,1.1396639085012112e-07,6.054142646753063e-06,3.920805837593176e-06,4.640886697855738e-06,1
0.020000041500072802,0.9799843305364321,5.484638113711192e-06,6.450822825465163e-08,3.225765459899522e-06,2.2191974355608328e-06,4.633854257470858e-06,1
0.08734699354361684,0.9126231438819965,1.2084970696312692e-05,1.401101241175103e-07,6.9703250729370254e-06,4.74875463153712e-06,5.918413861894864e-06,1
0.09799948503796073,0.9019579852298371,9.65244242634457e-06,1.4275041657585205e-07,2.159922124833552e-05,4.911012531209094e-06,6.224305579766981e-06,1
0.13972449481043453,0.8599417125752842,1.3839932871160583e-05,2.585858285150972e-07,0.00030185554454897705,8.718258914002551e-06,9.120292118574073e-06,1
0.12422968004828355,0.875474194882625,8.434045117074287e-06,2.086415866016155e-07,0.0002721387608745253,6.278102085868442e-06,9.065519427568867e-06,1
0.07641203205667883,0.923532336141471,6.298570063119887e-06,1.1768404416066465e-07,4.1097201754683045e-05,3.967690097160111e-06,4.15065589116125e-06,1
0.07247887366207265,0.9274786643045335,6.023737092066492e-06,1.2303303710723905e-07,2.716001909182235e-05,4.330627467988997e-06,4.824616704896612e-06,1
0.10555329009144883,0.8943927217637021,7.027677928004402e-06,1.435382298528022e-07,3.591950927247115e-05,5.052387679946893e-06,5.845031738724619e-06,1
0.08762330623774257,0.9123253192276102,8.36460271435837e-06,1.329798007944566e-07,3.2781128427512043e-05,4.680742600105209e-06,5.4150811045250055e-06,1
0.09218900507455707,0.907761489413562,8.060295667843823e-06,1.2814195113109e-07,3.158854000295165e-05,4.510455617594038e-06,5.21807864142821e-06,1
0.09519040568583105,0.9046776686781891,8.85135866649882e-06,1.4309528929498186e-07,0.0001120672684935324,5.036853292478146e-06,5.8270602382087644e-06,1
0.12182878474056334,0.8780517384023628,9.36254451190438e-06,1.4409208028143426e-07,9.993088431397571e-05,4.957225242496057e-06,5.0821109249727575e-06,1
0.07882559013984027,0.9209789676769632,1.3005028275809156e-05,1.6474669539775637e-07,0.0001647787206348426,5.554458857825983e-06,1.1939228732488495e-05,1
0.13533548516544028,0.8643458541220925,1.988189851627336e-05,2.107241233478402e-07,0.000272523790424956,2.0711798484443782e-05,5.332500918042408e-06,0
0.1458290133475909,0.8534822861490422,1.9557531944316926e-05,1.8137032840101315e-07,0.000644440018613919,1.9931897031176955e-05,4.589685449100562e-06,1
0.14210654415810225,0.8574849504278694,1.5234155041858584e-05,1.5108334641721795e-07,0.0003733124697108323,1.5393491552286464e-05,4.41421437690478e-06,1
0.05199093423259751,0.9477324711041455,1.4621784686516113e-05,1.1780103495399554e-07,0.0002444685007371218,1.4025621713955854e-05,3.36095508437512e-06,1
0.09982401813715222,0.8991365850529129,1.6358365767521402e-05,1.4101246487389065e-07,0.0009913747725114103,2.7684259246905526e-05,3.838399944045034e-06,1
0.05184006491814873,0.9480082273921113,2.49490064075278e-05,1.2926970647729564e-07,9.756271196780895e-05,2.5378577929754278e-05,3.6881237281961538e-06,1
0.02849378389268004,0.9712542179401873,4.558170056119473e-05,1.52502683788443e-07,0.00017164077766498946,2.8407865691574873e-05,6.215320530914724e-06,1
0.10153557877745459,0.8936256647766064,4.2529641964746274e-05,3.739382242959474e-07,0.004679114306644212,8.143537090723333e-05,3.530318819859389e-05,1
0.020842608408988893,0.9789629332874928,2.6247307179290442e-05,1.3036729488791348e-07,0.00011199432019645915,4.899713092982706e-05,7.0891779175822836e-06,1
0.02572988653319609,0.9740930632197561,2.5931795253477063e-05,1.2880018417471923e-07,0.00011064806614441585,3.780046877145939e-05,2.541116694415373e-06,1
0.023647808426422695,0.9761759763797677,2.5287303330648905e-05,1.3125566265372424e-07,0.00011800894656766431,3.0196605272085236e-05,2.5910829766419008e-06,1
0.021663915092643996,0.9781445164247423,2.605085717880617e-05,1.478736956797656e-07,0.0001332140903972984,2.8921035270750692e-05,3.2346260712379186e-06,1
0.016678450219000544,0.9830693967728383,2.562449421701321e-05,2.0433981094947741e-07,0.00017992705589743688,4.156541574305103e-05,4.831702492769525e-06,1
0.02096686340543558,0.9771182919871992,2.6017731659591435e-05,3.1688783526801034e-07,0.0017876699717997054,9.218878741195005e-05,8.651228658564589e-06,1
0.06272986000171377,0.9345124410939024,2.7899160390265673e-05,2.10476287023015e-07,0.0026683113223711975,5.274519053371593e-05,8.532754801573285e-06,1
0.06277507577248838,0.9351860389677279,3.0136671530147926e-05,2.348299564110423e-07,0.001944579353193431,5.539549988061834e-05,8.53890522316156e-06,1
0.014117280133139636,0.9857314239693626,2.3055687545559062e-05,1.333457828322155e-07,9.925096766184274e-05,2.4707905706033855e-05,4.14799080139478e-06,1
0.013058471586146763,0.9868083202450513,2.1801407087101787e-05,1.402519296159627e-07,8.632436070285727e-05,2.20736219150046e-05,2.8685271671968938e-06,1
0.013125014007005826,0.9867534591829329,2.3077418504170297e-05,1.1963128566623712e-07,7.184944819753816e-05,2.411870281860539e-05,2.3616092555285737e-06,1
0.005205247974924693,0.9946097174022444,1.9883767981980845e-05,1.0718101697191483e-07,0.00013604148034791216,2.6866284095439675e-05,2.1359093885838415e-06,1
0.00561460206916141,0.9942353915412193,2.002140135240715e-05,1.806531882973988e-07,0.00011050520116104012,1.746789117921633e-05,1.8312427385910193e-06,1
0.004134007801094216,0.9940108786569031,2.2793927418478744e-05,7.903588632837446e-77,0.0018070588034021485,2.3177257061503664e-05,2.0835541203940044e-06,1
0.004064165334242689,0.9939434303643252,2.747658495374256e-05,2.084079735338213e-07,0.0019388160294550308,2.3790668234891416e-05,2.112610814838478e-06,1
0.004178550034498146,0.9937451323435745,2.49436975619726e-05,2.0836639482079007e-07,0.002023233045416191,2.5820323218844345e-05,2.1121893355767806e-06,1
0.002736414570230186,0.9945130638935955,1.569014936795583e-05,2.3563431080934323e-07,0.0027062933159386665,2.6143147235506265e-05,2.159289321256999e-06,1
0.005357097094532787,0.9922585178534761,3.0410749556566875e-05,2.7402546378612527e-53,0.0023088859716896876,4.1931452455457644e-05,3.156878289425705e-06,1
0.9135243872011167,0.07833677201679728,7.743372361289096e-06,1.522310355553524e-07,6.413280700361744e-06,5.159626885761086e-06,0.00811937227110313,0
0.9208576677598974,0.07184491635791766,1.0297819486232702e-05,1.5848619948512794e-07,6.6768020116507415e-06,5.3716356385700865e-06,0.007274911138848803,0
0.8960387864140087,0.099093674546391,8.647336850102349e-06,1.633595541603103e-07,7.0154218224985055e-06,5.53703601193012e-06,0.004846175885361646,0
0.8917153169909908,0.10075164298620769,1.188272578396791e-05,2.2622326920499904e-07,8.95709190316364e-06,7.782799015411922e-06,0.00750419118282983,0
0.8974130299877923,0.09245279087798909,1.0361288888341644e-05,1.9359071294768615e-07,8.049480834460561e-06,6.561714462777333e-06,0.010109013059320158,0
0.896617172936683,0.09808217062568171,8.977284729235129e-06,2.1448685733361485e-07,7.008358475689116e-06,5.655106375355557e-06,0.005278801201197896,0
0.9119252726223549,0.08392873163808748,7.06836176982506e-06,1.9015708970721426e-07,6.325093761270326e-06,5.013633859391687e-06,0.004127398493077235,0
0.9163179389142718,0.0792353356678315,6.964828860730434e-06,1.5761418101656017e-07,5.921175180525106e-06,4.742668682307896e-06,0.004428939130992098,0
0.8666570549298637,0.1333134128819824,7.577087287793557e-06,1.160976619113373e-07,8.2662577904293e-06,3.93510461147026e-06,9.637640802331526e-06,0
0.8486666120175314,0.1513013541479423,6.671053075250486e-06,1.0697824568579804e-07,8.363346419526982e-06,3.6260040124380243e-06,1.3266452773220395e-05,0
0.6427038028833788,0.35696353906756584,6.48681149822586e-06,1.2119983104725353e-07,0.0003068168503803203,4.203105066758812e-06,1.5030082278907071e-05,0
0.44659449942836965,0.5527308795043515,1.1050697709451424e-05,2.3295339454600843e-07,0.0006440724424372387,8.035807210365807e-06,1.1229166527190002e-05,1
0.2232879430632068,0.7763202075458954,7.957961302837739e-06,1.6775719940074756e-07,0.00036998123154271536,5.655958439262581e-06,8.086482413691408e-06,1
0.18386904068735554,0.8157662142151509,7.5577479899602075e-06,1.5932053302649808e-07,0.00034516873685362274,5.3715150022647505e-06,6.48777711483679e-06,1
0.1554747726564605,0.8442176796364902,8.336723181631722e-06,1.5607619142471768e-07,0.000287437113588814,5.262131552088014e-06,6.3556625355236325e-06,1
0.11006805061562251,0.8898318997950675,8.495048422185103e-06,1.590402817529679e-07,7.944764490083822e-05,5.471490853207425e-06,6.476364851996126e-06,1
0.09847974176489846,0.9014320579100439,9.707668262173671e-06,1.414623368380221e-07,6.772387684055374e-05,4.866753715167772e-06,5.760563902936537e-06,1
0.0943379527807898,0.9056132226682274,9.427558116414014e-06,1.397027775522035e-07,2.87621588592699e-05,4.806219286833529e-06,5.688911942891725e-06,1
0.07444981796016287,0.9255078148741022,1.5706938543768434e-05,1.605972967350099e-07,1.397201605576174e-05,5.525057114148678e-06,7.00255672441954e-06,1
0.05500631534993077,0.9448966038350601,1.2328592265947368e-05,1.4438269420601957e-07,7.364618566530073e-05,5.082169037649503e-06,5.879485346013104e-06,1
0.0884260055199209,0.9114541010405532,1.4244484624724576e-05,1.5576539708277842e-07,9.379135857350427e-05,5.3588244185108165e-06,6.343006511966901e-06,1
0.027931313038156703,0.9720323813500109,4.187411437582171e-06,6.657039155451476e-08,2.5109440705829167e-05,2.2963684795972894e-06,4.6458208176190406e-06,1
0.04683891998943947,0.953136838419848,9.218298978895266e-06,1.0795740615461277e-07,6.805065049777863e-06,3.7140776776820546e-06,4.396191600178406e-06,1
0.03225896120998839,0.9677187616061566,7.6268963992695165e-06,7.593359786115732e-08,4.765306922562432e-06,3.157540921727736e-06,6.651506013501231e-06,1
0.050288247393028236,0.949684436338781,9.438669537819514e-06,2.726791686011733e-08,5.71113968695299e-06,3.9076163818331896e-06,8.231574667288048e-06,1
0.11396299193539648,0.8860064222129735,1.0170797293586698e-05,1.3024974302067106e-07,8.281852102791305e-06,5.2936655697396e-06,6.709286920723534e-06,1
0.2156486060027094,0.7843065276988166,1.4743681377150692e-05,1.887638334727103e-07,1.2838280557501333e-05,7.673432663068088e-06,9.422140042882686e-06,1
0.17580316835155022,0.8241562020273393,1.4523891822356205e-05,1.6359194555169533e-07,1.1126280152833303e-05,6.650171038154491e-06,8.165686151412856e-06,1
0.014151891550059309,0.985834651919869,4.737938620008134e-06,4.717104760746084e-08,2.7513692343615315e-06,1.917067455933218e-06,4.002983713925376e-06,1
0.012351186954525091,0.9876373975456866,4.019307876866586e-06,4.001634010370335e-08,2.334053039255858e-06,1.6262946703399344e-06,3.395827861594649e-06,1
0.01490931075021272,0.9850781734667775,4.406708963158482e-06,4.387331600615296e-08,2.559020797529588e-06,1.7830451212189485e-06,3.7231348116329324e-06,1
0.01500283391576171,0.9849837938459923,5.068661017357205e-06,5.182506961260512e-08,2.746099769345058e-06,1.7828742889673402e-06,3.722778100804169e-06,1
0.01605069271752584,0.9839367653265059,4.401602918158361e-06,5.176998005047447e-08,2.5887831370483463e-06,1.7809791103472748e-06,3.7188208226564325e-06,1
0.02331251210685825,0.9766688772745872,7.054235427176493e-06,7.212678867756359e-08,3.821844509454975e-06,2.4812894230581337e-06,5.181122406150222e-06,1
0.048032190978377666,0.9519505017418817,6.134308046731013e-06,7.21502102357529e-08,3.4360076393131367e-06,2.482067258405535e-06,5.182746585945318e-06,1
0.05357015424044972,0.9464071028573408,8.705710801958405e-06,8.901347706811086e-08,4.4919098318046575e-06,3.0621870160276798e-06,6.394081082653125e-06,1
0.07472019164621622,0.9252525137893342,1.101944913601141e-05,1.2775673395916701e-07,6.355757455508784e-06,4.395008765251544e-06,5.3965923588804574e-06,1
0.15347108110336183,0.8464817729473336,1.1377172698739638e-05,1.6825564035642316e-07,2.2475507460188597e-05,5.788528459982734e-06,7.336485045221418e-06,1
0.1030197148929411,0.8969114826011465,1.291736747959329e-05,1.6640417963081135e-07,4.321780838239042e-05,5.724767962258437e-06,6.77615790856527e-06,1
0.08306858708758781,0.9165485786591745,7.502256971123342e-06,1.5783406390800452e-07,0.00036428597463320807,5.321398479185685e-06,5.566789090372163e-06,1
0.09207927570241611,0.907864746001218,9.114169363110919e-06,1.4489635284565925e-07,3.571870256185298e-05,5.100192114235933e-06,5.9003359737460616e-06,1
0.0830361145696674,0.916913738039487,7.908971219325291e-06,1.2786164161663795e-07,3.2403304818043176e-05,4.500589031257827e-06,5.206664135269683e-06,1
0.06737399864558226,0.9325856231361838,6.986382106170625e-06,1.2453088714369033e-07,2.5760865936030906e-05,3.706530968032637e-06,3.799908336806525e-06,1
0.10997046482189296,0.8899882545056592,8.069795533794883e-06,1.0720930104576656e-07,2.5634151524958622e-05,3.6882990153528746e-06,3.7812170727697204e-06,1
0.27018626741481805,0.7297068220852254,9.619036605792206e-06,1.555059373036694e-07,8.013165717275069e-05,5.47369935213762e-06,1.1530600888275848e-05,1
0.10260084927118857,0.8972639623009906,9.078110096712075e-06,1.4676106115294806e-07,0.00011493817389556746,5.049046661981192e-06,5.97633610564746e-06,1
0.1415799015817127,0.8582982895747926,8.570973890252955e-06,1.5922542373484417e-07,0.0001019849216654066,5.477860325451911e-06,5.6158621897593e-06,1
0.06920901835173177,0.9305482108709593,1.0389147480495693e-05,1.316089191897662e-07,0.00021619241036109906,4.437213900998566e-06,1.1620396647149081e-05,1
0.09090579924692449,0.9088155036836667,9.254419507443125e-06,1.536482232445831e-07,0.00025155812769677035,5.180272250861315e-06,1.2550601730517202e-05,1
0.14366197228338387,0.8560814850650743,1.5019097914142858e-05,1.4826086979739235e-07,0.00021768310380614753,1.2433507999886647e-05,1.1258680952009443e-05,1
0.05096489958037067,0.9489473792714358,1.7003741865682475e-05,1.1078313488864211e-07,5.4256021293410154e-05,1.3189908496532603e-05,3.1606934029707697e-06,1
0.09709642851093636,0.902255829162727,1.953229507155908e-05,1.4038640309782752e-07,0.0005959661025023259,2.8162343097088306e-05,3.941199262807527e-06,1
0.12564939611348708,0.8728855675726769,1.8698522522758978e-05,1.4627039671937326e-07,0.001410277483846005,3.021049706023243e-05,5.703540010326001e-06,1
0.07666396721761252,0.9215167121575413,3.327794482368704e-05,1.7083468046589495e-07,0.0017468805371794148,3.411726195306089e-05,4.874046209557297e-06,1
0.046017096853890604,0.9538160807198502,2.5136174072446498e-05,1.302394889492253e-07,0.00011227125238904457,2.5568968244000866e-05,3.7157920647568215e-06,1
0.10465344413347749,0.8898500096070963,4.2360355052131285e-05,3.6577711788568624e-07,0.005361970434677979,7.07437883544859e-05,2.110590422381039e-05,1
0.03328268668553586,0.9665496849059918,2.1564141069759578e-05,1.3614573874778507e-07,9.231852585437624e-05,2.9961123036507103e-05,2.364847277316008e-05,1
0.03082663748048357,0.969016886924019,2.0337622624504314e-05,1.57692007282383e-07,9.251057548967046e-05,3.114979215570857e-05,1.2319913220202592e-05,1
0.01944076580007723,0.9803965502407568,2.6868484988928464e-05,1.2233156527506076e-07,9.582772396499874e-05,3.551020400749244e-05,4.3552146392348345e-06,1
0.018353136526350042,0.981483382134201,2.600288554735994e-05,1.217699957100671e-07,9.538782169496439e-05,3.53471925249492e-05,6.621669686051989e-06,1
0.02125117289395449,0.978557176097451,2.983395403096332e-05,1.5428519811814078e-07,0.00011893736547676241,3.9571712167684225e-05,3.1536917210445653e-06,1
0.023060050380695345,0.9767700088957689,2.5662170165894467e-05,1.3322659820828297e-07,0.00010636548758966878,3.5151393151003976e-05,2.6284460306981898e-06,1
0.019511405758028517,0.9803058662344817,2.5928268440304812e-05,1.3239284144644374e-07,0.00011932511579935998,3.4730233680661594e-05,2.6119967279261054e-06,1
0.015590729978675026,0.9842159366574488,2.008425450040212e-05,1.6052842670357617e-07,0.00014063650891350872,2.9187629200518165e-05,3.264442834973612e-06,1
0.029155632820341507,0.9684811390631278,3.1195741932541515e-05,3.243400497278044e-07,0.002240777301665335,8.326148703316093e-05,7.669245849665315e-06,1
0.020967751317891775,0.9771596713526224,2.6018833468077318e-05,3.1690125495080744e-07,0.001740583931926167,9.219269145668396e-05,1.3464971379867344e-05,1
0.07230209152809147,0.923732750831549,3.2717991193742635e-05,2.3187224892375102e-07,0.0038799786837813923,4.678493266271156e-05,5.444160472746791e-06,1
0.07303585646851044,0.9223501206451543,2.9898920826762708e-05,2.07716798806559e-07,0.004531602137553014,4.790372688326121e-05,4.410384273220309e-06,1
0.09776364189384565,0.8992626792249228,2.5919459803833548e-05,2.175675256643117e-07,0.0028980302530514095,4.506175777743344e-05,4.4498430734848595e-06,1
0.06338583618203414,0.9339295669171979,2.6981793879118447e-05,1.7876987158346243e-07,0.0026187306139772034,3.51766350767306e-05,3.5290879633600876e-06,1
0.034029904650855855,0.9658396246291956,2.2528882520331382e-05,1.3165837620753929e-07,8.160416120515483e-05,2.3606985009438036e-05,2.5990328373386192e-06,1
0.008198810846269588,0.9916417503844088,1.8264188593115554e-05,1.0563348071627237e-07,0.00011916530463090809,1.5802845312620854e-05,6.100797304168426e-06,1
0.004605076757165973,0.9952077875917794,2.2626963583538928e-05,1.069532386621021e-07,0.000141226282100786,1.5145935921624948e-05,8.029516209995241e-06,1
0.005605566945644172,0.9942219109214996,1.9455210450491373e-05,1.0684728822228191e-07,0.00012545246481613826,2.5351780703006513e-05,2.1558295981971264e-06,1
0.004214865963405998,0.9956210144082989,2.0847208290333764e-05,9.298411613601415e-08,0.00011802180241768198,2.33046407281717e-05,1.8529927430724466e-06,1
0.004205679797934679,0.993834547540794,2.2505226245740477e-05,1.034312980183611e-07,0.0019148450256091872,1.9734563695085812e-05,2.584414423409826e-06,1
0.004064377252171794,0.9939952575947865,2.121974903253579e-05,1.1324376548278018e-07,0.0018925551189694916,2.379498142280452e-05,2.6820598513735918e-06,1
0.004160182430319397,0.9915450878679505,1.623273560976153e-05,3.061801509179863e-07,0.004250186534157431,2.577029139295607e-05,2.2339604190468505e-06,1
0.005495946644149599,0.9890360690224014,3.2615572987514964e-05,3.8376546423392436e-07,0.00539090041599949,4.056785570752041e-05,3.516723290174981e-06,1
0.9001625461555185,0.09354284423464086,8.918218473592223e-06,1.6847684859790686e-07,7.094473504233802e-06,5.710486096069699e-06,0.006272717954918369,0
0.9129645535691672,0.08440670547924134,9.25800089885012e-06,1.759008250775599e-07,7.410455167362855e-06,5.962119620055286e-06,0.002605934475080065,0
0.8993913638932608,0.09249024978764393,1.4726591643251499e-05,2.437266131468125e-07,1.0225662479073697e-05,8.38496964302016e-06,0.00808480536871699,0
0.8930373467719422,0.09835536120120532,9.804367005554978e-06,1.8318516345411397e-07,7.70546539004134e-06,6.302151475305642e-06,0.008583296857818088,0
0.8655692778678159,0.12531139806907401,1.120923717882368e-05,2.0943381083504393e-07,8.708235125206064e-06,7.09871276687865e-06,0.009092098444228609,0
0.8917822007634587,0.10492956442906025,8.052371484133961e-06,2.1030984577736555e-07,6.560572041926466e-06,5.544976342330091e-06,0.0032678665777666916,0
0.9226049519621641,0.0722025822049319,6.992655996251867e-06,1.5824390950852304e-07,5.944832523367172e-06,4.76161744426527e-06,0.0051746084830304176,0
0.9519132473210861,0.04609301084970044,3.941844538244842e-06,9.751343361103725e-08,4.6419374466428456e-06,3.0021153076972726e-06,0.0019820584184872983,0
0.9525004543456416,0.04562758932763317,4.307413396298514e-06,9.062027119124067e-08,4.6401949750145174e-06,3.1259773229020574e-06,0.0018597921207602038,0
0.8433912682158101,0.15614306941232,8.638194740517822e-06,1.6139635680647938e-07,1.0350030929154167e-05,5.44150170369245e-06,0.00044107124813989147,0
0.9406612735623505,0.05860832972458625,4.74098799761402e-06,8.858079882004151e-08,6.924018860598656e-06,3.0024266138164548e-06,0.0007156406987922877,0
0.943139954449074,0.05680742406537406,4.7534806946816565e-06,8.881421284391689e-08,6.9422639331783775e-06,3.010338130608544e-06,3.782658858069376e-05,0
0.8913913608816857,0.1085846743969141,6.657111069810858e-06,7.743889448596462e-08,6.951091280019542e-06,3.4573217220400805e-06,6.821758434038577e-06,0
0.7241052834932622,0.27585821001380595,8.500403550786146e-06,1.36314049555105e-07,1.1933572478998352e-05,4.620334606067523e-06,1.1315868246568281e-05,0
0.5925244307639256,0.4074361659134325,1.0383516097580769e-05,1.6651199198077516e-07,1.4069142143805793e-05,5.643887195670223e-06,9.140265212866241e-06,0
0.4442504702605744,0.5553687649051008,7.771132963781347e-06,1.8521266905560189e-07,0.0003440425779131047,5.850149712007315e-06,2.291576106671501e-05,0
0.5793739380720639,0.4202349235006001,7.938632179629025e-06,1.7144290771008883e-07,0.00036019858513042463,5.116545993909787e-06,1.7713221124328976e-05,0
0.21802480592284443,0.7816015560343935,8.818920856358427e-06,1.6510366840164527e-07,0.0003523642487019862,5.566494254704011e-06,6.7232752808681755e-06,1
0.11002352867824823,0.8898767332307845,8.301518131528146e-06,1.5541709911478123e-07,7.97124222948673e-05,5.2399101587531565e-06,6.328823283082395e-06,1
0.10272967650072448,0.8971711975879144,8.339811509182185e-06,1.5613400963355668e-07,7.877614180531497e-05,5.495807055321236e-06,6.358016981902896e-06,1
0.09833223522399696,0.9015828599771799,9.54789541613971e-06,1.414860023074603e-07,6.458632192481411e-05,4.8675678824852634e-06,5.761527597245841e-06,1
0.0875933292210828,0.9123533478022476,9.28930313512423e-06,1.5017530862244162e-07,2.746209283925842e-05,5.286064980969244e-06,1.11353404057979e-05,1
0.06418073116853801,0.935778595664442,1.227349406492151e-05,1.443561839822168e-07,1.2585147058001326e-05,4.966311248677651e-06,1.070385846427861e-05,1
0.07648041295756608,0.9234573539452458,1.3987391904093847e-05,1.6348121394868398e-07,3.677510101059899e-05,5.541159643589692e-06,5.765963415988414e-06,1
0.06343611029079672,0.9364627562641274,1.137745144119709e-05,1.4656501715769059e-07,7.859877359890832e-05,5.042302125848242e-06,5.968352892675651e-06,1
0.05188815829846131,0.948020619421316,1.0027776722075567e-05,1.2613900215343922e-07,7.159220801855696e-05,4.339582330388916e-06,5.1365741496943275e-06,1
0.05709087617358306,0.9428278556018576,6.073908844078801e-06,1.2778417486333875e-07,6.385618772659643e-05,4.3082620883291015e-06,6.902081725716659e-06,1
0.10457840776111309,0.8953351134801858,6.331955824119164e-06,1.4245621196574299e-07,6.317400724846565e-05,1.0682739193669034e-05,6.147600222978733e-06,1
0.05678853509218353,0.9431629036676242,2.973213497471317e-06,7.355141842458454e-08,3.3712954722116616e-05,2.264404307985513e-06,9.537116246594794e-06,1
0.043681251842419944,0.956283584486923,3.2444334079098853e-06,6.588722588023997e-08,2.4624524842672974e-05,2.272802445447362e-06,4.956022735041033e-06,1
0.03352087441740199,0.9664455359422036,4.455192491256838e-06,7.082750596988139e-08,2.2247618076936094e-05,2.4432191008600713e-06,4.37278321914373e-06,1
0.025821650536104256,0.9741362558326717,5.58290431310379e-06,7.661512164113297e-08,2.911529858359512e-05,2.6428648876600707e-06,4.6759483180288895e-06,1
0.03549415889915298,0.9644761188358478,9.424687020013672e-06,9.383245250499685e-08,8.082537568832664e-06,3.901827608805544e-06,8.2193803491276e-06,1
0.051057292455643194,0.9489103494664106,1.1153544813062934e-05,1.1104500995223094e-07,6.74877451497343e-06,4.617576052684209e-06,9.727137555329725e-06,1
0.06594383913581243,0.93402627538246,9.778787589845658e-06,3.082022239053877e-08,6.455153730968401e-06,4.316783870530838e-06,9.303936313565918e-06,1
0.10844477546125018,0.89152282941427,1.1534244341592708e-05,1.2991762093720083e-07,8.755610298530791e-06,5.281493014077046e-06,6.693859204819943e-06,1
0.12484522386732289,0.8751215109754927,1.1920145158321796e-05,1.3426427031815565e-07,9.131634696547316e-06,5.377316775270675e-06,6.701796283852275e-06,1
0.014514052485216134,0.9854714421768086,5.107215650902397e-06,5.0847579914379076e-08,2.9658121689888916e-06,2.0664845410684036e-06,4.314978034483694e-06,1
0.015967957823427588,0.9840175094534656,5.572949805288697e-06,5.698122455173192e-08,2.8493739635222618e-06,1.9602551615762416e-06,4.093162951904606e-06,1
0.04536331170047276,0.9546192385192029,6.679567087080513e-06,6.829671984934243e-08,3.446474820172772e-06,2.3495018467811387e-06,4.905939850678952e-06,1
0.053940325722403634,0.9460405567074611,7.635631398559862e-06,8.962856304625219e-08,4.522949072643489e-06,3.0833468264074534e-06,3.7860142748125834e-06,1
0.06434834261551507,0.9356312527961121,7.4868953689349105e-06,9.964961581956116e-08,5.180643307207556e-06,3.428084934614079e-06,4.209315146308411e-06,1
0.06527235481117365,0.9347081600397348,6.5802006691940645e-06,9.955130161910673e-08,5.175532090266089e-06,3.424702789819395e-06,4.205162240653267e-06,1
0.11738800106761775,0.8825814932659309,1.030186660901697e-05,1.5585607211575522e-07,8.10273788065772e-06,5.3616649536873224e-06,6.583540935962183e-06,1
0.1431049545846935,0.8568639148275825,9.341116548005851e-06,1.4132096537470086e-07,1.0816951881278507e-05,4.861637130878246e-06,5.969561198507745e-06,1
0.14038985189261233,0.8595787727035697,9.603066307060653e-06,2.0875387770042153e-08,1.0616528177250413e-05,4.997970369897441e-06,6.136963575897612e-06,1
0.22077261391632624,0.7791474032787039,1.466848197160961e-05,2.1693041782368607e-07,4.998318654468219e-05,7.463095410937384e-06,7.651110624729515e-06,1
0.14417792396103604,0.855763946114149,1.3673345011361471e-05,1.992533154065361e-07,2.9288646428971124e-05,6.854869865311398e-06,8.113810193922873e-06,1
0.09299877008081232,0.9066952668871103,1.4228137184832142e-05,2.3156282101717746e-07,0.00027552896401091096,7.807174275858345e-06,8.167193784768605e-06,1
0.10263626387180143,0.8969074944916708,1.0892394113839305e-05,1.7727362871651176e-07,0.00043294274226213757,5.976806241278896e-06,6.252420281878806e-06,1
0.13227960383044074,0.8674211643169759,9.126339816862688e-06,2.0652920619829564e-07,0.00027722360974531,6.214539782531704e-06,6.460834032443427e-06,1
0.06062250120834821,0.9393305113000773,6.140627626395191e-06,1.2542049147779726e-07,3.138566297783196e-05,4.228522613805116e-06,5.107257865210842e-06,1
0.08568892553084653,0.9142565565735251,8.876392572446616e-06,1.411161959947179e-07,3.478684820151758e-05,4.9671347543844944e-06,5.7464039042634725e-06,1
0.09107482001420344,0.9088725180488864,8.305551622021726e-06,1.342730217968884e-07,3.4028107250252706e-05,4.726262555777196e-06,5.467742460403163e-06,1
0.07645009373947463,0.9235059181664356,8.075152913829287e-06,1.2428017440392528e-07,2.7129778301270824e-05,4.27558467792083e-06,4.383298022457139e-06,1
0.06186374250627905,0.9380897337628658,6.872835447501362e-06,1.1111078780149008e-07,2.739015236030132e-05,3.910977416769938e-06,8.23865484285744e-06,1
0.1142537470094586,0.885604477284942,9.512234761166454e-06,1.5377932770284018e-07,0.00012043463688663479,5.412923911551079e-06,6.2621307125525325e-06,1
0.1157655461602524,0.8841008759131269,8.987519716286051e-06,1.669637142143574e-07,0.00011290544642427277,5.629205970501629e-06,5.8887907956183815e-06,1
0.11637988084639886,0.883165649313083,1.5646746701113338e-05,1.850909394611198e-07,0.0004207210224484514,1.4226686659176942e-05,3.6902937698299875e-06,1
0.1056219370753953,0.8939562280992909,1.7752049855337248e-05,1.405941824537468e-07,0.0003851437976831052,1.4971369417036006e-05,3.82701417598892e-06,1
0.051445712925625484,0.9484720396775582,1.749516328515122e-05,1.1398485400612934e-07,4.8044946454854454e-05,1.3341262311353331e-05,3.252039910749047e-06,1
0.07539990729658334,0.9239616388679518,2.0836807127289217e-05,1.409397363293886e-07,0.000596738794321915,1.6780560773448773e-05,3.956733505983454e-06,1
0.09666727048742466,0.9026587061365119,2.0985254241223614e-05,1.4039982915315237e-07,0.0006199909809969684,2.8165036443225508e-05,4.741704552751677e-06,1
0.09673817731821897,0.902426913997569,2.0763077909639e-05,2.0727024100679212e-07,0.0007711335704683528,3.755966724863352e-05,5.245098344184989e-06,1
0.024384499890828044,0.9753665640253156,4.096252366229969e-05,1.5469527269234377e-07,0.00017290554485687048,2.8709590898239365e-05,6.203729166018679e-06,1
0.1159467139145898,0.8790958375846112,3.863309762020062e-05,4.2491498904694733e-07,0.004815539220592152,7.609745636952171e-05,2.6753811227969243e-05,1
0.10283338376930479,0.8918161746749976,4.162365303643521e-05,3.8450761110727446e-07,0.0052078749228590205,7.295848050811792e-05,2.7599991682746532e-05,1
0.020033032287636185,0.9797982772627886,2.3902111036416836e-05,1.241397831698986e-07,9.95512612919458e-05,3.3433221831690146e-05,1.167971563191024e-05,1
0.023388410413361947,0.9764351600611128,2.5773114057872632e-05,1.3831687838571288e-07,0.00011025118956950483,3.7538032145639075e-05,2.7288728741922395e-06,1
0.01666993887609456,0.9831283757098965,2.5755106585093382e-05,1.4628082712056984e-07,0.00013421269358381878,3.837342905698552e-05,3.1979039559370158e-06,1
0.022804400107369477,0.9770066400420775,2.5977353740607727e-05,1.4971436799763161e-07,0.00012459672658264432,3.4443204830796817e-05,3.7928510312374463e-06,1
0.021547539137147555,0.978255133392613,2.6467580960954778e-05,1.622107248279934e-07,0.00013277709053751167,3.461167241502256e-05,3.3089156010197333e-06,1
0.07058040082910669,0.925329056402484,3.0938023240110825e-05,2.0780740726631181e-07,0.004012642496922796,4.150613415836021e-05,5.2483066807214416e-06,1
0.05829930257977477,0.9339204525715978,3.0126799585087376e-05,1.7927432111769337e-07,0.007709827903911998,3.602479533804537e-05,4.086075470970698e-06,1
0.005355595962605272,0.994455530222927,2.1553049122978548e-05,1.0687239487961838e-07,0.00013661480425967675,2.6532672976857278e-05,4.06641571321733e-06,1
0.008641588394141453,0.9855548665305336,3.9077938041522034e-05,0.0010561744327035136,0.004660827423116717,4.377787736113162e-05,3.6874041022657755e-06,1
0.0026554147719962495,0.9913560556828048,3.6457694781163754e-05,1.342362915473329e-06,0.005862578543743396,8.302157278525815e-05,5.129370973429544e-06,1
0.8956133154116807,0.09523610048238716,1.166807523874058e-05,1.725577473842954e-07,7.037399211455195e-06,5.848568194405062e-06,0.009125857505540142,0
0.9379724601073818,0.05874856592040535,8.09668719938618e-06,1.600917507221678e-07,6.822934277249674e-06,5.507664725537108e-06,0.00325838659426017,0
0.9330320261465765,0.06309311816841312,1.0789397879655605e-05,2.1333337366954958e-07,8.834828903164085e-06,7.230887587974532e-06,0.0038477872372660094,0
0.8343788190650903,0.15494207927529063,1.5282363276810154e-05,2.4872034239029054e-07,9.847841792779333e-06,8.556769790617515e-06,0.010645165964416621,0
0.8680118266044519,0.12752845466322982,9.658334281336738e-06,1.804566825189949e-07,7.6277906823868754e-06,6.208283064641963e-06,0.004436043867607355,0
0.923606936477323,0.07079682855117404,7.546241934630696e-06,1.5875942884390744e-07,6.710235637217983e-06,5.352597292931467e-06,0.005576467137209495,0
0.9230279180853035,0.07179869843600596,7.0461803221392894e-06,1.5945516580180762e-07,6.378626576194199e-06,4.7980645916688755e-06,0.005155001152034976,0
0.9294176928060637,0.06570304904727647,6.997698594141382e-06,1.5835802357398603e-07,6.048086739098554e-06,4.7650511784698425e-06,0.004861288952124866,0
0.9559779292755286,0.04036416024158655,3.854403146619274e-06,9.535030661442232e-08,3.0450537172384504e-06,2.9355197994831523e-06,0.0036479801559145767,0
0.9581054355416071,0.03876126305444383,4.197910089580996e-06,8.831651753722509e-08,3.0338271763333447e-06,2.9776042666144086e-06,0.0031230037458987027,0
0.915861360078486,0.08232412443516375,7.897338772312871e-06,1.6129898013044652e-07,1.1594753419139249e-05,5.564063619175549e-06,0.0017892980315596736,0
0.8631295224967663,0.13637258159544255,9.095114339543234e-06,1.699334598530539e-07,1.089749855683655e-05,5.846250779938174e-06,0.00047188711065506,0
0.8715917400535551,0.12802218864770704,8.185857466568334e-06,1.5294487009470313e-07,9.822154639799662e-06,5.261789331258838e-06,0.0003626485524302056,0
0.89795078121384,0.10202658669195025,6.255047716948364e-06,7.276188951601801e-08,6.646020502196595e-06,3.2485130738275717e-06,6.409751027275359e-06,0
0.7388341817554835,0.2611330699218562,8.655534528021916e-06,1.3880175870821843e-07,1.1630151129760845e-05,4.704654958426466e-06,7.619180285536795e-06,0
0.5523655346968519,0.4475932365421202,1.1354860517759144e-05,1.8208865144596305e-07,1.3524649705259373e-05,6.171854628292369e-06,9.995307525126602e-06,0
0.7641460381952994,0.23579095057661398,6.03696571066175e-06,1.121504318716893e-07,4.556029635117289e-05,3.8013141209828986e-06,7.500501471972763e-06,0
0.7422835263781787,0.2574484225713728,6.098202375292002e-06,1.1328804283617362e-07,0.0002485064236449636,3.928731110708102e-06,9.40440527465582e-06,0
0.22300852111917382,0.7765668008472776,7.285954831495028e-06,1.6756194550423862e-07,0.000403612940754392,5.78010675693309e-06,7.831469260176313e-06,1
0.14860978448282403,0.8510287914282473,6.4987983242300344e-06,1.3699742495032477e-07,0.0003444837742132714,4.7257731417171654e-06,5.578745824535132e-06,1
0.10993266737073608,0.8897952629220489,7.303833034442384e-06,1.3673891023867322e-07,0.0002543440609741199,4.716855588109827e-06,5.568218707921589e-06,1
0.09487623944682742,0.9048470884998353,7.427385075529539e-06,1.3905199316052444e-07,0.00025864655909032267,4.796646176514045e-06,5.662411001658205e-06,1
0.19826652060523728,0.8016617588640806,9.866483700299009e-06,1.4620701994989242e-07,5.072407938100748e-05,5.0299858847906216e-06,5.95377469583054e-06,1
0.07440134175112384,0.9255113045440333,1.0641755755998514e-05,1.573796475323379e-07,6.566945916442194e-05,5.334348397377931e-06,5.550761877615216e-06,1
0.05418297577267923,0.9457237308507143,1.0149126984316868e-05,1.276654622466798e-07,7.342575280166296e-05,4.392097406103666e-06,5.198733952147355e-06,1
0.045705092038684884,0.9542024626400533,1.2926479319369914e-05,1.6227605834880628e-07,6.81619471964734e-05,5.471160969465421e-06,5.72345771804535e-06,1
0.06949634095282577,0.9304571777769538,4.279541896163242e-06,8.865785351514275e-08,3.3730491773951514e-05,3.058283052371809e-06,5.324295644329143e-06,1
0.056375060483713095,0.9435784241176446,5.492977409141893e-06,8.732594405335478e-08,3.449831941344495e-05,3.012338378856963e-06,3.424437496751446e-06,1
0.05251687909585878,0.9474311435934859,5.439552837269493e-06,8.647661393110831e-08,3.819042916255052e-05,2.9830404451066145e-06,5.277811596436975e-06,1
0.03378339176519329,0.9661821507086854,4.490083147811349e-06,7.13821886665903e-08,2.307713400010895e-05,2.4623530706498887e-06,4.356573713948992e-06,1
0.02922466122729374,0.9707369058533217,5.563422186709428e-06,7.634776519011363e-08,2.5499875988259548e-05,2.6336423352219493e-06,4.659631109093117e-06,1
0.04101300065460699,0.9589614358756505,9.684156662884936e-06,1.1341316185486314e-07,7.245768552533944e-06,3.901773002930667e-06,4.618358362389387e-06,1
0.05026156810803308,0.9497130095491962,9.667301093432165e-06,1.1321576279441326e-07,7.136524097038835e-06,3.894981848250993e-06,4.610319969079064e-06,1
0.07356348113398106,0.9264062806691633,1.1300052162856627e-05,9.777707136010893e-08,6.298406752257043e-06,3.974895134317056e-06,8.567065735037877e-06,1
0.07015562461923806,0.9298235143070998,7.5754110220169626e-06,7.745560458979465e-08,4.979686790210024e-06,2.6646101392978662e-06,5.563910105801385e-06,1
0.04749189873678106,0.9524906802678805,6.085624002260684e-06,7.15767957831924e-08,3.6598113773560323e-06,2.4623686922647366e-06,5.141614470742354e-06,1
0.01858631834194058,0.9813989658067823,5.1645320784505546e-06,6.074326277102893e-08,3.0374965220697456e-06,2.0896759470268744e-06,4.363403466811329e-06,1
0.08896906038895457,0.9110071632129149,7.807283903981367e-06,1.1811441245989133e-07,6.798308956046334e-06,4.063345224721214e-06,4.989345633300202e-06,1
0.13940182942396107,0.8605656639490813,9.714728371991026e-06,1.469733071873356e-07,1.1380517091968158e-05,5.056085525423675e-06,6.208322660941456e-06,1
0.1503356400577281,0.8496245093580042,1.1687540875510646e-05,2.5406385503130834e-08,1.4585716039529847e-05,6.082846991259296e-06,7.469073976099362e-06,1
0.13282080530664575,0.8671380272970247,1.4295934672649627e-05,1.6780664341754544e-07,1.3842382327590411e-05,5.772846082087739e-06,7.088426603810112e-06,1
0.21841293109291987,0.7815310395151126,1.3276908709904286e-05,2.0433519897121111e-07,2.6608698775469742e-05,7.029779876118947e-06,8.909669407153429e-06,1
0.29594411991924874,0.7039773104336535,1.3946201010534206e-05,2.1463578764040144e-07,4.9454478170573996e-05,7.384152844180385e-06,7.570179284849722e-06,1
0.1424502094253181,0.8574413593304827,1.6886746224666587e-05,2.139199990598455e-07,7.525989919469183e-05,7.359527443444329e-06,8.711151337132072e-06,1
0.13336218553774928,0.8663194761866871,1.3904859950005005e-05,2.5979892850859756e-07,0.0002862513799133595,8.759158757171231e-06,9.1630780143569e-06,1
0.077639642546015,0.9222509685280048,5.28018475836858e-06,1.1108688922316191e-07,9.633440815577535e-05,3.745268557335857e-06,3.917977619424887e-06,1
0.06507613922537644,0.9348796436027931,5.755782929404785e-06,1.1756015309289249e-07,2.9418664375502213e-05,4.13798797538679e-06,4.7871763971308805e-06,1
0.1601508087238608,0.8397357198521361,8.801046936051057e-06,1.6349955625190027e-07,9.3198485811987e-05,5.541781351906494e-06,5.766610346891089e-06,1
0.1437651033022328,0.8561163084801604,8.5302454247086e-06,1.5846879942733755e-07,9.885849719825928e-05,5.451830046001908e-06,5.58917613836932e-06,1
0.22554570983046418,0.7743345223247505,9.237308252188348e-06,1.9504443247788417e-07,8.78398777429793e-05,1.755989746525566e-05,4.935716892415479e-06,0
0.2713919938162497,0.7283661073217209,1.6925423017319074e-05,2.1225788741604922e-07,0.00020358122623500996,1.6532904159283177e-05,4.6470507302858005e-06,0
0.09922761385630896,0.8953633468272848,4.4691730098666524e-05,3.1461038018862115e-07,0.005294863787270222,5.778608349205786e-05,1.1383105165425792e-05,1
0.04615661982429199,0.9536544579309506,2.17290737920291e-05,1.5970616626829438e-07,9.900535594432804e-05,3.365022480833901e-05,3.437788404622749e-05,1
0.04998977434931998,0.9498342955928812,2.402944890415988e-05,1.5208311772453925e-07,9.987170393678724e-05,3.15241965298529e-05,2.0352625310304897e-05,1
0.025402443515216568,0.9744131343591367,2.581810942691143e-05,1.38558355569001e-07,0.00011903099510372836,3.67008257496113e-05,2.73363701102718e-06,1
0.025932390488176183,0.9738993512622818,2.648092053991215e-05,1.3152762503781743e-07,0.00010516003130366291,3.389084331995247e-05,2.5949267534200126e-06,1
0.018615360956946436,0.9811799056100557,2.6012797819279104e-05,1.595172033318821e-07,0.00013650824758590837,3.8810896604364446e-05,3.2419737849423134e-06,1
0.10722730937523264,0.8897208585080504,3.526585795513389e-05,3.8686708501506494e-07,0.002920763318254403,8.127920625174675e-05,1.4136867170424889e-05,1
0.01821729412073299,0.9816492969287312,2.0630602156690518e-05,1.3470074192958684e-07,8.348987261963913e-05,2.649468365112019e-05,2.6590913664088174e-06,1
0.01698764295114367,0.9828836561443179,1.9632797899486558e-05,1.3088935571358975e-07,8.088025599595849e-05,2.547310947823386e-05,2.5838518091812468e-06,1
0.019034368960708616,0.9808338751082591,1.9421778178703526e-05,1.2070841529796975e-07,8.622822142237996e-05,2.3207923990312715e-05,2.7772990255154782e-06,1
0.005570598253899155,0.9943223396173926,1.9711025135078143e-05,9.339252993801814e-08,6.78120214949215e-05,1.6251959181758543e-05,3.193730366367911e-06,1
0.003670134016249967,0.9928502552468298,2.7612498508030597e-05,1.1507263202888398e-07,0.0034260355683894193,2.352578109060937e-05,2.3218162998569346e-06,1
0.9091854609184452,0.08561505839279489,9.051286492569568e-06,1.78966565608861e-07,7.571585439339268e-06,6.066032218325416e-06,0.005176612818043931,0
0.9448956291865143,0.050922536596381775,8.257636980229197e-06,1.6327413032495903e-07,6.481375942381625e-06,5.617148692090639e-06,0.004161314781358804,0
0.9311883072520372,0.06428634130155196,1.1056871150415177e-05,2.1862198901713648e-07,9.105316173743616e-06,7.410144037242864e-06,0.004497560493060481,0
0.8939985201372811,0.10133634285345407,9.785688537233509e-06,1.8283617424648823e-07,7.293385661617288e-06,6.164348274922982e-06,0.004641710750616756,0
0.9234528840856234,0.07078502004223772,7.5449832643322606e-06,1.7074308382455578e-07,6.718762031044728e-06,5.137722197029409e-06,0.005742523661562452,0
0.9151058206048772,0.07786331829504095,7.540885421777825e-06,1.7065034958641913e-07,6.744867680203946e-06,5.134931789693269e-06,0.007011269764840601,0
0.9263273039945619,0.07138761342928843,7.545263269304641e-06,1.5410802363213362e-07,6.117515585043067e-06,5.316009109426146e-06,0.0022659496801624014,0
0.920877042681069,0.0782503036066505,8.427243923905641e-06,1.5745494378104012e-07,8.889301367263099e-06,5.416950191451566e-06,0.0008497627618541906,0
0.8920568600532267,0.10726088166916331,8.391854277712143e-06,1.567937222948528e-07,8.967866975557066e-06,5.3942020720836825e-06,0.0006593475605625481,0
0.8740228842861753,0.12595003137666894,6.928342519474538e-06,8.059399635996351e-08,9.37751872695915e-06,3.598183782592918e-06,7.099698130389819e-06,0
0.7048171606585915,0.2951016709121751,7.182960935451553e-06,1.3343991164396744e-07,5.8487730632589726e-05,4.696990806778994e-06,1.0667306946848721e-05,0
0.7696323665599195,0.2303123270777918,5.396822751852451e-06,1.0025831375624382e-07,3.9627240546222805e-05,3.4768714023146502e-06,6.7051692744844706e-06,0
0.22576649030568613,0.7736384989577512,8.504626070152728e-06,1.7928112454764696e-07,0.0005716403642924809,6.044489255948029e-06,8.641975819458667e-06,1
0.10359867670359331,0.8961309273660379,7.35583897017774e-06,1.3771254078921578e-07,0.0002525440711088484,4.750441307749286e-06,5.607866441230801e-06,1
0.19834031187998535,0.8015888160528714,1.0263343516246823e-05,1.4955976227957183e-07,4.922352947490941e-05,5.145330870273583e-06,6.0903035194870665e-06,1
0.06948319384507559,0.9304368558730386,9.189383547910705e-06,1.3617337488490217e-07,6.028632893888131e-05,4.793206785605439e-06,5.545189238611336e-06,1
0.12275350404510398,0.8772078691801822,1.3672188834115557e-05,1.5979719759497612e-07,1.3742469371887726e-05,5.416290722859153e-06,5.636028587353913e-06,1
0.0844037965434779,0.9155041434280533,1.2233371845069477e-05,1.6563741832334133e-07,6.820476299701872e-05,5.614243714692392e-06,5.842012493685925e-06,1
0.052286761321721484,0.9476311542769033,1.1383072300849041e-05,1.4419988217379978e-07,5.98233681793854e-05,4.861720053952799e-06,5.872040958924873e-06,1
0.08277503457743833,0.9171340350748697,6.898550280558895e-06,1.4367536640294837e-07,6.97341965245431e-05,9.51838856032851e-06,4.6355369602737095e-06,1
0.09005660267388177,0.9099008948355884,2.5683438781078313e-06,6.353574521223944e-08,2.7873290620586145e-05,1.956054937501742e-06,1.0041265348351133e-05,1
0.031850265369727196,0.9681172391608514,3.840092000435064e-06,6.104879634706428e-08,2.409443545070577e-05,2.1058991598982857e-06,2.393994014135115e-06,1
0.03063853131095312,0.9693294485900866,4.560679868119703e-06,7.250451719423706e-08,2.204262277038051e-05,2.5010681779890166e-06,2.8432236267850124e-06,1
0.03678458738444887,0.9631909153765705,9.280238656386717e-06,1.0868279452998868e-07,6.943553657508161e-06,3.7390333418518227e-06,4.425730530357291e-06,1
0.03797443268153711,0.9620008153294434,9.379133996812101e-06,1.0984097831829334e-07,6.923795496871413e-06,3.866324992369391e-06,4.472893555322115e-06,1
0.035172970723901464,0.9647960435708998,9.345733272957497e-06,1.0992097153944447e-07,9.510386398849232e-06,3.869140697353923e-06,8.15052385811995e-06,1
0.06777520195102053,0.9321945174876064,1.1366959836698574e-05,9.835600996193988e-08,6.468290506915193e-06,3.998267070371356e-06,8.34868794892223e-06,1
0.06338373084745373,0.936586651569715,1.1118085637811784e-05,9.620255173417785e-08,6.3266703515524294e-06,3.910726907621637e-06,8.165897382676391e-06,1
0.12875354093014557,0.8712056042910158,1.730148891005581e-05,1.4970629262714857e-07,9.845293559594032e-06,6.085705797440633e-06,7.472584278903694e-06,1
0.049831854774581456,0.9501507670269477,6.070673900934524e-06,7.140095837536649e-08,3.650820590066877e-06,2.4563195736471474e-06,5.128983447647747e-06,1
0.04506715212400041,0.9549148027831112,6.250655278756087e-06,7.351783091305959e-08,3.910730144882288e-06,2.5291437425037603e-06,5.281045891257101e-06,1
0.06291840267830001,0.9370578899681243,8.130912958687404e-06,1.0822019042552908e-07,7.173856443806399e-06,3.7229664426711455e-06,4.571397539803895e-06,1
0.052024107126953656,0.9479526641877964,8.438902835791704e-06,8.628446949228985e-08,5.537040490554057e-06,2.9683387469599058e-06,6.1981187071531395e-06,1
0.0758508716524229,0.9241171136738842,1.3067181224005924e-05,1.336067995582256e-07,8.573805498489379e-06,4.596310811430844e-06,5.643769359487881e-06,1
0.29806453033111974,0.701854431904015,1.438429469903443e-05,2.2137816743404627e-07,5.100799763714669e-05,7.616112124956054e-06,7.807982236564154e-06,1
0.24818755287117192,0.7515935274521122,1.5361743541091857e-05,2.8701939655264894e-07,0.00018341931395887573,9.728459060771535e-06,1.0123140758675333e-05,1
0.12274223912171364,0.8769271316941782,1.4439603961802266e-05,2.697901058229197e-07,0.0002972598483069813,9.144476056404947e-06,9.515465677046503e-06,1
0.11580310637997832,0.8837449745942105,9.427098229277197e-06,1.7613625938826023e-07,0.0004301650262560783,5.938459668531723e-06,6.212305397857795e-06,1
0.117337212306129,0.8824035800546698,8.022312791522584e-06,1.8154505814546314e-07,0.00023986176653158304,5.462757577655972e-06,5.679257242493622e-06,1
0.06678211600085932,0.9331325426412047,5.6764724205912325e-06,1.1594025955758148e-07,7.091883386663636e-05,3.908898806033272e-06,4.721212582912484e-06,1
0.0945457572419317,0.905401571021157,8.442149346645338e-06,1.342126310992483e-07,3.401280275267966e-05,4.61728889473832e-06,5.465283285974218e-06,1
0.08662125432939433,0.9133285778562878,7.605986200921576e-06,1.2296338610855287e-07,3.3201379362321975e-05,4.230283487390944e-06,5.0072018809385525e-06,1
0.07805819647100531,0.9218881533579901,7.925606787471639e-06,1.2813058317596744e-07,3.158573766459196e-05,4.510055478087884e-06,9.50064049124378e-06,1
0.059949023912287236,0.9398845725400355,8.473175507724976e-06,1.5740859532094498e-07,0.0001438253531299344,5.307053743733397e-06,8.640556700470477e-06,1
0.2904701965445532,0.709422639426502,8.082593827494754e-06,1.7295445227547086e-07,7.792683134976992e-05,1.5571131200892345e-05,5.4105181145716155e-06,0
0.05080762085706404,0.9491135345894038,1.491347646760948e-05,1.0940454939555013e-07,4.910032399596225e-05,1.1649966449231115e-05,3.0713820699194682e-06,1
0.09664969773103714,0.9022433118609198,1.950635171932735e-05,1.5457981915335535e-07,0.0010546726746279427,2.8622391207065137e-05,4.034410669590213e-06,1
0.09808548666056745,0.9012667542143122,2.172598531598185e-05,2.1299746272905245e-07,0.0005811672523715128,3.9262860829414733e-05,5.390029140937542e-06,1
0.07363973145271555,0.9246792866089832,3.3951186118431296e-05,1.7610222639554247e-07,0.0016039375712432866,3.789274532432099e-05,5.024333388964016e-06,1
0.06906337090416609,0.9307767610111832,2.7038518286349494e-05,1.3880570427235184e-07,9.886342935295926e-05,2.9867141209445996e-05,3.960190097791803e-06,1
0.030866623050750032,0.9689344012175413,4.1811432338851314e-05,1.2827308047134138e-07,0.00012664938856931073,2.6726948186590155e-05,3.6596895333576062e-06,1
0.13202344686585668,0.8610850801949437,5.769322899131511e-05,3.7233945689777885e-07,0.006694705025883194,7.533119097839411e-05,6.337115388973968e-05,1
0.11516392707650501,0.8765258027959648,4.6149755499880146e-05,4.756121203964419e-07,0.00814212195934438,6.530537124982704e-05,5.621742931565494e-05,1
0.04092370338403349,0.9588410639783801,2.5347113261007747e-05,1.5875351972024725e-07,0.00014308343857075665,2.988491036940299e-05,3.6758421865484714e-05,1
0.028737073007611542,0.971086437455226,2.6562791641992218e-05,1.2542766279441298e-07,0.00010316109917185383,2.48534723954074e-05,2.1786746290236244e-05,1
0.02379264076580357,0.9760492963438906,1.8434852782703967e-05,1.236647898073054e-07,9.917035045785211e-05,3.396033050385232e-05,6.373691771502299e-06,1
0.02720639800224776,0.972633533971366,2.547888984276595e-05,1.1931743376676836e-07,9.823444649216103e-05,2.9747069570509786e-05,6.488303046935294e-06,1
0.03204021460736538,0.9677875177787149,2.4354242992006556e-05,1.3070220612601892e-07,0.00011228203159271116,3.292199517960936e-05,2.5786419492475896e-06,1
0.020609965533931213,0.9792676570573202,2.1210880788030027e-05,1.2222801866786604e-07,7.552816946679635e-05,2.3080363582607024e-05,2.4357668922763168e-06,1
0.005450100405656957,0.9943979618594248,1.739731684247713e-05,1.0686620810837542e-07,0.00010661110649684247,2.4507971470798456e-05,3.314473899982998e-06,1
0.005270676933484715,0.9945434802021678,1.703599407299433e-05,1.1627635145543669e-07,0.00013652339832495738,2.7589025534381436e-05,4.578170063620119e-06,1
0.004203247631981411,0.9924641078679572,3.1132489956428876e-05,1.9531364175836143e-07,0.003263241960015433,2.969078062712387e-05,8.383955820567266e-06,1
0.006180267699509901,0.9866890958178735,3.673946447602562e-05,2.574940430603517e-07,0.0070438656692033445,4.249195310286593e-05,7.281901791600501e-06,1
0.006986210244408379,0.9874964314061752,3.515270698973741e-05,2.4637301540445726e-07,0.005431945806700654,4.4263239344813425e-05,5.750223365803269e-06,1
0.8795694051016116,0.02207205687724002,1.084473333529971e-05,1.6038144398567335e-07,6.73924257614959e-06,5.517406055542752e-06,0.09833527625773723,0
0.8976858287048552,0.09521966568622836,1.1725587602180828e-05,1.7340829074118475e-07,7.3054488543420835e-06,5.877395997853302e-06,0.007069423768171151,0
0.9232793643078359,0.06991877189430538,8.825246239515483e-06,1.6767854226890563e-07,7.064061919349125e-06,5.768674452730909e-06,0.006780038136705147,0
0.9412514520029645,0.05547558855928594,8.279361156909258e-06,1.6370367161660885e-07,6.886705250536744e-06,5.5486997971164415e-06,0.0032520809678735175,0
0.917342292166626,0.0728851592866463,8.20385531280879e-06,1.8672674203739629e-07,6.6419369245918156e-06,5.780019598882041e-06,0.009751736008149178,0
0.9571157686502908,0.03919991267654826,3.9214123849285254e-06,8.891968131290304e-08,2.8535663952614234e-06,2.7375421676753917e-06,0.0036747172325316164,0
0.9326641216651044,0.06390033508877017,6.948787048635423e-06,1.5980778136735864e-07,6.457829576096653e-06,5.387942651124837e-06,0.0034165888790679334,0
0.901355379832286,0.09802711590128727,8.262173251818933e-06,1.5437075710886112e-07,8.82928470863749e-06,5.310844373602078e-06,0.0005949475933354236,0
0.9256479806855513,0.07409925915732492,5.854255203816334e-06,1.0451111826458413e-07,7.170176482755772e-06,3.542381273336544e-06,0.00023608883304579139,0
0.9334484109423107,0.06639138632222731,5.522760517973203e-06,9.859322109234489e-08,7.293414366266997e-06,3.34179545559225e-06,0.00014394617190129874,0
0.6336372994140177,0.3663230064411316,1.1155382666890761e-05,1.893112418417234e-07,1.1541014391993451e-05,6.416662734719377e-06,1.039177381536696e-05,0
0.5462045132260926,0.4537544371507177,1.1965666431626994e-05,2.0306207678185345e-07,1.4836174584888995e-05,6.882744248279883e-06,7.1619758479792145e-06,0
0.5541562951705893,0.44580524669420457,1.1210266543362463e-05,1.9024264286329327e-07,1.3899557749735054e-05,6.448232366654831e-06,6.709835903561497e-06,0
0.25335094065972197,0.7460913392252148,8.638505268756462e-06,1.9588175384713047e-07,0.0005342349847831274,6.139641161614431e-06,8.511102095854529e-06,1
0.11163572940707121,0.8880470879886316,7.486411885764563e-06,1.4015706520534538e-07,0.0002991232082210033,4.725415890359198e-06,5.70741123475084e-06,1
0.1066926064498625,0.8929792141929797,7.743297004055793e-06,1.4496634698465665e-07,0.00030938717738273464,5.000663839348444e-06,5.90325258472566e-06,1
0.09626152174832583,0.9036439140212335,1.0072049813125043e-05,1.4677218718582352e-07,7.331918983249074e-05,5.049429432851815e-06,5.976789174816243e-06,1
0.17895660336134056,0.820963200745275,9.618358057929445e-06,1.5291018605938447e-07,5.881555647377215e-05,5.382330738498084e-06,6.2267379282274525e-06,1
0.08953859444108321,0.9103964392117426,1.6178845478429638e-05,1.6471330787990736e-07,3.7230447966688965e-05,5.582921195292802e-06,5.809419225747227e-06,1
0.08300605677620507,0.9169119030024477,5.73948358930003e-06,1.2988459924493236e-07,6.57405199517148e-05,3.908275366975583e-06,6.522057840129886e-06,1
0.0572503217878882,0.9426928203839497,4.891890174251982e-06,7.933589895334841e-08,4.546715194993495e-05,2.7367190338334316e-06,3.682731105240058e-06,1
0.02555742886084376,0.9743836268929444,6.716019621713801e-06,9.786735643198735e-08,4.476908196207873e-05,3.375968012864835e-06,3.985309258558787e-06,1
0.05465523475727347,0.9453174022090842,9.17997778809128e-06,1.1547457328516328e-07,9.392586970972911e-06,3.972692103810429e-06,4.7023022059587525e-06,1
0.03629241250336084,0.9636803192305958,1.0202256707083257e-05,1.0431407076536733e-07,5.87985751203801e-06,3.5885890001748917e-06,7.4932487530434865e-06,1
0.05420618520410443,0.945765272183052,1.067904584988377e-05,1.0918905262577481e-07,6.154644973620638e-06,3.7562970203101637e-06,7.843435947144784e-06,1
0.05334493462922431,0.9466339290921933,7.5930373460014016e-06,1.0106121559381157e-07,5.69650425225522e-06,3.4766850144310823e-06,4.268990754114943e-06,1
0.07625731363538825,0.9237231642803055,6.542248274395291e-06,7.694743686520572e-08,4.728353705990861e-06,2.6471282685078217e-06,5.527406620311131e-06,1
0.09015835633659969,0.9098224825428393,6.987891891567787e-06,1.5515550175004326e-08,4.997564286005619e-06,3.213868343327792e-06,3.946280490081774e-06,1
0.04830526556120715,0.9516796199834016,5.2657233266417795e-06,6.193343575972146e-08,3.207280817202527e-06,2.130620008208555e-06,4.4488978032703615e-06,1
0.033945729425960185,0.9660392028627963,5.219317484500477e-06,6.138762788778241e-08,3.265472388425997e-06,2.1118432496075512e-06,4.409690492829875e-06,1
0.03600368538037535,0.963981279006667,5.208198931617491e-06,6.125685569600481e-08,3.258516052171983e-06,2.107344454329995e-06,4.400296663639042e-06,1
0.07484534578506967,0.9251323957212498,7.047629724073386e-06,1.0662179758434216e-07,6.986588454664571e-06,3.6137748877384273e-06,4.503878816420479e-06,1
0.06295174306339027,0.9370245833186541,8.802258844882751e-06,1.0332150678318741e-07,6.849125420181331e-06,3.554443039210216e-06,4.3644691444386294e-06,1
0.140317761662297,0.8596441962563155,1.1114904975366574e-05,1.681545703805469e-07,1.3871082848296017e-05,5.784815386546192e-06,7.1031236068041215e-06,1
0.13571684924246788,0.8642395170048316,1.1617308899676767e-05,1.7879351115479554e-07,1.7890615625213652e-05,6.1510646869691415e-06,7.7959699775361e-06,1
0.13265876629435291,0.8672911564561842,1.2772345771267223e-05,1.9656983952552986e-07,2.1774632152688247e-05,6.762626846014861e-06,8.571074853512752e-06,1
0.16229617003331928,0.8376439302292991,1.582435566866743e-05,2.3402449507990583e-07,2.5585953405088103e-05,8.051185964604189e-06,1.0204217848104247e-05,1
0.16057432148009723,0.8391959117404857,1.5301770998652154e-05,2.8589886730447246e-07,0.00019425966059037275,9.835829138108249e-06,1.0083619822321413e-05,1
0.11921666098176109,0.8804348491360781,1.0611414737737153e-05,1.982640737653356e-07,0.00032400295035326764,6.684502156815523e-06,6.992750839216264e-06,1
0.12879925362029207,0.8708597333756919,1.0496010940857689e-05,1.961078648655043e-07,0.0003167923783488914,6.611805259350748e-06,6.916701601916384e-06,1
0.10316244852070185,0.896564371418714,7.84491041973792e-06,1.6504287940380765e-07,0.0002538778266834744,5.564444744777986e-06,5.727835856545079e-06,1
0.14568082679445257,0.8539941135611052,9.84996037378307e-06,2.072255430747001e-07,0.0003008240281162078,6.986639401294742e-06,7.1917910079064595e-06,1
0.1338317775822865,0.8658454925080356,8.187825878444066e-06,1.8529062177154721e-07,0.0003028031201193138,5.57546296490253e-06,5.9782100934769396e-06,1
0.10250565026997911,0.8974114252923365,5.71094153052265e-06,1.2014934290995119e-07,6.887278713501858e-05,4.050807069421291e-06,4.169752606844028e-06,1
0.07147786897856637,0.9284599458729227,5.938810935032971e-06,1.3517255651155487e-07,4.7082212513394314e-05,4.089548799532413e-06,4.9394037064828335e-06,1
0.09209730003108484,0.9078507381280156,8.487040446102661e-06,1.322980510670908e-07,3.2925743008573884e-05,4.829538517758028e-06,5.587220876127513e-06,1
0.12605177599643816,0.8738195588873866,9.7296409324403e-06,1.734269862770633e-07,0.00010830814550571453,5.161930005528266e-06,5.291972745186543e-06,1
0.07864350794107387,0.9213106074667244,7.300619990247942e-06,1.1606468652870953e-07,2.9656278942962365e-05,4.085349198578696e-06,4.726279383556066e-06,1
0.07887661893877052,0.9210630258351749,8.338049035904246e-06,1.325576524878636e-07,4.182084515218267e-05,4.6658834444257215e-06,5.397890769566749e-06,1
0.055813593471808504,0.9440368500646754,1.0683509658469122e-05,1.553707660184497e-07,0.0001279993261998324,5.238348031654291e-06,5.479908860094983e-06,1
0.3300439427808269,0.6698615825272624,7.892508918351901e-06,1.688869422597134e-07,6.876225790331661e-05,1.2367763571381161e-05,5.283274575409029e-06,0
0.12460352980872084,0.8752451512070322,6.763755255135404e-06,1.4289924467231144e-07,0.00012793092466775242,1.2865253585706918e-05,3.6161514936988233e-06,0
0.1248746577725472,0.8747650510222109,1.493469030845235e-05,1.4144982590439776e-07,0.0003269294811487535,1.2617760278910077e-05,5.667823679705493e-06,1
0.0968525793145715,0.9011329026416383,1.7093981612833556e-05,1.3577744305552214e-07,0.0019664763754186454,2.7116008174738558e-05,3.6959011410302038e-06,1
0.07736734501186966,0.92118533503762,1.960365013188276e-05,1.3282285796518653e-07,0.0013973286664886247,2.652595027071882e-05,3.728860761049606e-06,1
0.10161518591978455,0.8920929415064883,4.351497061957679e-05,4.907947584857889e-07,0.006112203129707042,7.765165905622609e-05,5.801201958577166e-05,1
0.025053358511323558,0.9747942902169486,1.7953437921934747e-05,1.2043535975603886e-07,9.434234234130115e-05,3.5647349651441446e-05,4.287706453454057e-06,1
0.034646556587408686,0.9651843570714151,2.1570828526484303e-05,1.3035064254300685e-07,0.00011198001470635082,3.2833441398244035e-05,2.57170590256672e-06,1
0.034599294891685006,0.9652206493941602,2.3707847389467784e-05,1.436163154636632e-07,0.00011688972392874891,3.617487252548177e-05,3.13965399566547e-06,1
0.14589606671323768,0.848539467827292,3.770621189941097e-05,2.7313449208029004e-07,0.005461932001832957,5.8141148882054354e-05,6.41296236366892e-06,1
0.0069289169150417804,0.9929346006230763,1.5513138247390934e-05,1.0700050323190545e-07,9.624514442842234e-05,2.2484866602170002e-05,2.1323121005290413e-06,1
0.005270699168587829,0.9945476758258254,1.5278568606827003e-05,1.1627684198382553e-07,0.00013652397426840404,2.6054836354924178e-05,3.6513495144545085e-06,1
0.005270676933484715,0.9945434802021678,1.703599407299433e-05,1.1627635145543669e-07,0.00013652339832495738,2.7589025534381436e-05,4.578170063620119e-06,1
0.006875000594634061,0.99295131276564,1.9678034840644604e-05,1.1609020431947841e-07,0.00012351276949226734,2.7442860815818403e-05,2.9368843727986515e-06,1
0.004973073529872144,0.9948639280810777,2.8193432656320654e-05,1.1866539524373237e-07,9.877492912610141e-05,2.379226938686523e-05,1.211909248578903e-05,1
0.0052639519091413275,0.9924972051728157,4.8211940180187585e-05,1.578806389721673e-07,0.002151832266203636,2.189190060430817e-05,1.674893041571231e-05,1
0.00408589675878624,0.9923661973601823,3.736606998317127e-05,1.4228139542080364e-07,0.003471236293672137,2.4067167405581637e-05,1.5094068575270952e-05,1
0.0035225513977056666,0.9928759379606087,3.6458208904828293e-05,1.4235447993751152e-07,0.0035276715580713053,2.4802558977532837e-05,1.2435961251960749e-05,1
0.007892447773014469,0.9845188537433192,3.5675644048092594e-05,0.0009828434208879523,0.006513202449232477,5.1141204927613856e-05,5.835764570145691e-06,1
0.009491855025245103,0.9846026699193831,3.567868126373489e-05,0.001074089318982095,0.0047398846230107695,5.2072482070619235e-05,3.749950044592904e-06,1
0.002537565041344446,0.9927281709943867,3.2305370275329796e-05,1.1797890765653052e-06,0.004626514368190098,7.053255894872115e-05,3.731877778132806e-06,1
0.92050767525993,0.07420272118067656,8.351327401333783e-06,1.651266242118005e-07,6.95655318910512e-06,5.596930461085527e-06,0.005268533621717567,0
0.9350061231393122,0.06253081820736507,8.618911502670821e-06,1.7041743095702246e-07,7.085938284225704e-06,5.86290092315594e-06,0.0024413204851819214,0
0.9403234638896432,0.057290560909932856,1.0654829298194133e-05,2.106726163415403e-07,8.838866796193165e-06,7.2478071632472075e-06,0.002359023024549961,0
0.8951684660523339,0.09880069420059064,8.662325277947792e-06,1.7692342612801e-07,7.023202239494791e-06,6.103034240530435e-06,0.006008874261891611,0
0.9236579918286433,0.06864622540205031,8.740900905349542e-06,1.7852829188449072e-07,7.0869094433494616e-06,6.158394635010755e-06,0.007673618036030737,0
0.9572748613827899,0.03989370557785309,3.322131449496855e-06,8.218295810618005e-08,2.637374808955176e-06,2.5301407962572345e-06,0.002822861209344058,0
0.9228189810398344,0.07281376993798014,5.818106877190442e-06,1.3380446764224304e-07,5.433460222094501e-06,4.615630984704699e-06,0.004351248019633798,0
0.934620943392118,0.06333238149207068,7.868293045031046e-06,1.7908905870149095e-07,6.379420255152924e-06,5.418217338231749e-06,0.0020268300961142393,0
0.662222192652476,0.3377362982189375,1.1575371424285354e-05,1.9643861663433486e-07,1.2296061536591622e-05,6.658243529305072e-06,1.0783013479856039e-05,0
0.7896470456412794,0.21032747262045898,5.0616714271390625e-06,9.403211211613957e-08,1.0850069510066859e-05,3.1871976741193524e-06,6.288767538111044e-06,0
0.7548752388735223,0.2449354795932885,5.853770415479095e-06,1.0874716068276877e-07,0.00017236016029881625,3.685960995613055e-06,7.272894318473578e-06,0
0.2070373009024626,0.7923704351948936,7.803288097772621e-06,1.9303790610899118e-07,0.0005694264818463899,6.190518511761908e-06,8.650576281690367e-06,1
0.10424548635597984,0.8954376425168071,7.350148181526583e-06,1.376060005335872e-07,0.0002990330789075113,4.746766165105227e-06,5.603527958179398e-06,1
0.12297092675209101,0.876715937775552,7.390888057375332e-06,1.3836871323533532e-07,0.0002953065074509492,4.665121342922296e-06,5.634586792327121e-06,1
0.11270449019242418,0.8869787087948627,7.477405238703932e-06,1.3998844701566778e-07,0.0002987633432810027,4.719730903507207e-06,5.700544842758833e-06,1
0.08686906494256644,0.9130339747610196,9.080483907714556e-06,1.4679943731472508e-07,7.658787753586509e-05,5.167236691128044e-06,5.977898841971539e-06,1
0.10074948719008454,0.899211038976988,1.488178999140902e-05,1.5150826799892226e-07,1.305851934321559e-05,5.21236565607338e-06,6.16964966887528e-06,1
0.09638971064298985,0.9035415519262752,1.5983255409775834e-05,1.6272204792014177e-07,4.036700594149291e-05,5.5981553037812145e-06,6.626292032302498e-06,1
0.02405208591852896,0.9758831403013907,9.119510792292237e-06,1.1552525952357784e-07,4.691867464192937e-05,3.91570315894653e-06,4.704366227534479e-06,1
0.09578568055246904,0.9041081056550074,7.472012555882404e-06,1.4160461466335852e-07,8.435558926577563e-05,4.774220231410108e-06,9.470365855887275e-06,1
0.055562117808414115,0.9443906213194296,4.009361180842221e-06,7.657271240722064e-08,3.684246435160806e-05,2.641401966596732e-06,3.691071944819797e-06,1
0.05410623367222759,0.9458283292737059,7.402312315090079e-06,1.0786816873190535e-07,4.98975248302603e-05,3.6367910375612856e-06,4.392557715092597e-06,1
0.051361691673294234,0.9486109747551582,1.0226690366369105e-05,1.0456389534212329e-07,5.8939393411100735e-06,3.5971834085949818e-06,7.511194536239556e-06,1
0.0560693031516028,0.9439118403376334,6.201824967579722e-06,7.95785858192675e-08,4.121051393764789e-06,2.7376444579834134e-06,5.716411358353067e-06,1
0.04023356776896395,0.9597523635668003,4.901380269736937e-06,5.764817124626905e-08,2.985364391897844e-06,1.9831993104734924e-06,4.141072092546113e-06,1
0.041561659715874104,0.9584238072196214,5.063172624378753e-06,5.9551111408720304e-08,3.083909925573588e-06,2.0486638262848223e-06,4.277767016776203e-06,1
0.02530040656335975,0.9746850843595729,5.025811710788221e-06,5.911168654754753e-08,3.144405263665937e-06,2.033546831888592e-06,4.246201574368665e-06,1
0.12131360416519403,0.8786494150181281,1.0384396787773115e-05,1.5981864733985704e-07,1.396972589168158e-05,5.498269601708208e-06,6.9686057495255205e-06,1
0.1263212808573358,0.8736411460420164,1.191007156141392e-05,1.589077014461631e-07,1.3108306759451288e-05,5.466929669537463e-06,6.928884956014969e-06,1
0.16229627038948563,0.8376444481881244,1.5206013423023748e-05,2.340246397894276e-07,2.558596922621435e-05,8.05119094307138e-06,1.0204224157903076e-05,1
0.24001711702923278,0.7598501774747924,1.4748367129220574e-05,2.1811182982337341e-07,0.00010265338582311396,7.3928523040338514e-06,7.692778888653375e-06,1
0.12495353613288043,0.8748529957209082,1.230475784593978e-05,2.2990256035852865e-07,0.0001650736508749927,7.751198345661587e-06,8.108636584295537e-06,1
0.1189204409560665,0.8807972183723584,8.517236926652557e-06,1.7918742620723734e-07,0.00026012180998365533,6.041330202738523e-06,7.481107035960164e-06,1
0.12153741923933015,0.8781592978155052,7.785378157948371e-06,1.7618322385319283e-07,0.0002843355964434579,5.3014180115480015e-06,5.684369327871729e-06,1
0.11103551365069994,0.8888800444386488,5.3065521009656e-06,1.3127507418953531e-07,6.90904154693903e-05,4.209803431970354e-06,5.703864574701006e-06,1
0.08283797838101761,0.9171066774300437,9.010926448264477e-06,1.4325500504725733e-07,3.531409048804794e-05,5.042418478573449e-06,5.833498518764324e-06,1
0.12617023617579562,0.8737753293450771,9.09581518326048e-06,1.4704894339879025e-07,3.424927777307227e-05,5.175960932074651e-06,5.766376295667798e-06,1
0.11825299737091897,0.8816989297711849,7.42202188280428e-06,1.686565909568585e-07,3.019977840026249e-05,5.136050580538429e-06,5.146350441516198e-06,1
0.0896905070044718,0.9102666636901305,7.856203443816825e-06,1.2091044523481015e-07,2.6428085511691737e-05,4.159656594674139e-06,4.264449402602515e-06,1
0.08459314667873642,0.9153644954178326,7.834492107202334e-06,1.2057629816294847e-07,2.600200981553548e-05,4.148161003301853e-06,4.252664206722915e-06,1
0.07444843851375355,0.9255059933977391,7.477083209163873e-06,1.1887008500372736e-07,2.894752083741254e-05,4.184096136638732e-06,4.840518239246739e-06,1
0.08350716833892119,0.9162818753872402,8.050855392275323e-06,1.5565368152009367e-07,0.00018709192570747,5.247886569045459e-06,1.0409952488592754e-05,1
0.33534314896057726,0.6645579917692714,7.830020430508178e-06,1.675497895561136e-07,7.228641504799114e-05,1.2269842510843965e-05,6.305442372431341e-06,0
0.050444302976022495,0.9494778822974418,1.6175665274010123e-05,1.0725858976806974e-07,4.7287051458169956e-05,1.0461795753168429e-05,3.7829554607309317e-06,1
0.053390753414496894,0.9465313806122224,1.4557992427151751e-05,1.091069038747056e-07,4.903714082456252e-05,1.1098707043363948e-05,3.063026081791328e-06,1
0.1383274188332574,0.8609447595716992,2.0287980771667186e-05,1.838802763449203e-07,0.0006686487946574752,3.404773814352928e-05,4.653201194248695e-06,1
0.1340619476965219,0.8649034755893872,1.9781114709908177e-05,1.6510712128696935e-07,0.0009797983044458872,3.065405262037404e-05,4.1781351933057034e-06,1
0.0714788313047111,0.9271890541464488,2.4069941064103654e-05,1.545089224332136e-07,0.001272801498691635,2.999895730835559e-05,5.089642853656803e-06,1
0.042620804832141486,0.957119174498614,4.914214210466481e-05,1.4234316760119634e-07,0.00017210398622006362,3.0931489549178084e-05,7.70070820318235e-06,1
0.03964957864879686,0.9601185616832686,3.543127881575599e-05,1.4713191467312475e-07,0.00015634938468001453,3.1972095027510605e-05,7.959777496645612e-06,1
0.12042214905321358,0.8725962792060203,4.238332663635201e-05,3.8290951131005245e-07,0.006814909856038571,7.746970939977539e-05,4.642593918017619e-05,1
0.12945688673022637,0.8636064398230847,4.559753482975964e-05,4.009124088240995e-07,0.006733714760468608,7.817911100017544e-05,7.878112798158368e-05,1
0.09080431211715813,0.9043948879346094,3.685632185001631e-05,3.165230627624033e-07,0.004649297370041822,6.534871587089038e-05,4.898101740697689e-05,1
0.03170892374406487,0.9681069568271009,3.059549858248057e-05,1.522456741292103e-07,0.00011080598429798209,3.2772270534738604e-05,9.793429745061112e-06,1
0.028594671164821325,0.9712346528249254,2.852734304653231e-05,1.4195436500327243e-07,0.00010331586253303428,3.0556972341466976e-05,8.133877967386377e-06,1
0.02990856564722057,0.9699393158286062,1.948745778157756e-05,1.1446360127314487e-07,9.076482780201437e-05,3.803684817103469e-05,3.71492681734739e-06,1
0.032053905407190955,0.9676020404901613,3.396795969781338e-05,2.4319841211383113e-07,0.0002294223399307374,7.467345124740893e-05,5.747153359568571e-06,1
0.09700446263815513,0.8995252927672132,3.178232550802422e-05,2.4934985540444293e-07,0.003382288953360027,5.006944630539348e-05,5.854519602836979e-06,1
0.08543947537958539,0.9103412283953001,3.3539159156955375e-05,2.0846470041903837e-07,0.004134932699869741,4.535099435514162e-05,5.2649070324125934e-06,1
0.03206855798826178,0.9677101122355792,2.1140404726824236e-05,1.2378609277549438e-07,0.0001724458671553273,2.4798379203663274e-05,2.8213389801640986e-06,1
0.009735078848687542,0.9901445765450093,1.7258016518053753e-05,1.1681266540326432e-07,7.61762384250309e-05,2.446568926932331e-05,2.3278494251058766e-06,1
0.0034072307786239095,0.9924240414473743,3.246512383181775e-05,1.3769410599203898e-07,0.004100147745183227,2.5639707302581745e-05,1.033750357833347e-05,1
0.0035653385610253507,0.9921625445596043,3.7166468809094785e-05,1.451199468477386e-07,0.004198813980222361,2.702245629277236e-05,8.968854099214383e-06,1
0.003472221715535361,0.9924154780172965,2.697468776997117e-05,0.0007409363293073996,0.0033014195047563408,3.586220756380393e-05,7.107537770609218e-06,1
0.0024257699504060095,0.9937862473468241,3.088212328505095e-05,1.1771495080569563e-06,0.003677280633302584,7.510187928757947e-05,3.5409173863204817e-06,1
0.8416049036969383,0.13231427301709858,1.5174196088611286e-05,2.244093427444315e-07,9.23472161220894e-06,7.720079304742376e-06,0.026048469879614983,0
0.922906884876966,0.07159251391716678,8.474558276767828e-06,1.6101551612902451e-07,6.862304142530981e-06,5.5394451896963595e-06,0.00547956388274226,0
0.930083971732024,0.06460714836193353,8.106186169750643e-06,1.6027956911730348e-07,6.752353552999548e-06,5.432640599081485e-06,0.005288428446151612,0
0.9369485667725597,0.06008023973145502,8.805516436792142e-06,1.7410707708774388e-07,7.334887079184656e-06,5.901320928071883e-06,0.0029489776644641657,0
0.9381869027824864,0.058034082527506886,8.718132710894408e-06,1.7237928233427303e-07,7.167511851577079e-06,5.842757706469285e-06,0.0037571139084555836,0
0.9393190117658875,0.05761020015892544,8.654455254783174e-06,1.711202198091511e-07,7.11516016842534e-06,5.887079091942957e-06,0.003048960260451928,0
0.918376450318892,0.0791132162387023,8.858742139385979e-06,1.751594823124771e-07,7.2831122649428224e-06,5.936991970750985e-06,0.002488079436548355,0
0.9426308216888908,0.053298796916510204,1.1130767811522563e-05,2.0796768621251114e-07,8.234279722152458e-06,7.15474897511762e-06,0.0040436536304041,0
0.9009763702652465,0.09140401898258957,1.1338584339970781e-05,1.845353711449895e-07,7.762260265975793e-06,6.221636946123845e-06,0.00759410373524063,0
0.8594326144967885,0.1336727911047971,1.1197244788768685e-05,2.5339381660537095e-07,9.993998814762412e-06,7.942276786754962e-06,0.006865207484207426,0
0.9228300807336752,0.0760153959302079,8.17545508001854e-06,1.6697935906364403e-07,6.6113864869890645e-06,5.6297334388765775e-06,0.0011339397817518027,0
0.9268493496130596,0.07195972372404875,8.002679279470489e-06,1.6345050444272713e-07,6.471664895733068e-06,5.638281187954043e-06,0.0011706505870240096,0
0.8829501677461451,0.11612771680270796,9.35638025451803e-06,1.7481496207675997e-07,6.92162962224137e-06,6.0141899615878005e-06,0.0008996484363466674,0
0.875698948519016,0.12403694894905433,7.587967784441395e-06,1.5003309589713739e-07,6.2222913840784876e-06,5.085338652115707e-06,0.0002450569010131767,0
0.7555564690961118,0.24441241663485222,8.67482307312979e-06,1.3911107339874715e-07,9.767563834591173e-06,4.896611702040289e-06,7.636159352762142e-06,0
0.7134948110186774,0.28627165592892456,8.199149495773993e-06,1.5319321887043703e-07,0.00021505590891936655,5.192450322413953e-06,4.932350441793383e-06,0
0.2577654312972232,0.741671631440617,9.350539922351965e-06,2.1202744021380663e-07,0.0005372274383660372,6.645705246974437e-06,9.501551184177748e-06,1
0.10238700714751597,0.8975168590402932,1.025696783088055e-05,1.6306264021145166e-07,7.346374748515023e-05,5.6098727604282655e-06,6.640161474182175e-06,1
0.08094430531226549,0.9189630830872906,9.055658302682283e-06,1.4396452987231002e-07,7.248207061196681e-05,5.067449947933698e-06,5.862457051273275e-06,1
0.11023958950476022,0.8897118985339262,9.422180184206304e-06,1.3962308437422174e-07,2.846101374237796e-05,4.8034775883808864e-06,5.685666714128699e-06,1
0.08772679972428687,0.9122087934788031,1.5096900621140574e-05,1.5369826254645984e-07,3.76096599870515e-05,5.287708424605683e-06,6.258829614719226e-06,1
0.031066256070208416,0.9688685336417416,8.724133640912432e-06,1.1051665225689749e-07,4.8073105846898e-05,3.802123872554294e-06,4.500408037182646e-06,1
0.038949566562441224,0.9609662190006338,6.3255323270001515e-06,1.1842362674430088e-07,6.519562522322426e-05,3.992669843590187e-06,8.582185904351106e-06,1
0.04801303899935913,0.9519035407730532,6.265877509833552e-06,1.1730679745050653e-07,6.458077845591699e-05,3.955015781099777e-06,8.501249043301715e-06,1
0.06211392434222402,0.9378053109203252,1.0192146241164217e-05,1.4822484553158172e-07,6.019907100859753e-05,4.997422280459257e-06,5.227873075030552e-06,1
0.07169953414960956,0.9282372432203223,4.243507689305549e-06,2.3946293717511753e-137,4.6889746243508927e-05,3.085778887770981e-06,9.003597247439838e-06,1
0.04303777091093152,0.9569123733177932,3.6601636081178865e-06,6.852385325748332e-08,3.8797391501310586e-05,2.3637538107639874e-06,4.965938501511899e-06,1
0.03742128121341084,0.9625526194599585,9.030135600407693e-06,1.0575378590739428e-07,8.934521748470536e-06,3.7224587012199274e-06,4.306456794889264e-06,1
0.040061663490257575,0.9599109875097612,9.00445026760674e-06,1.0590693022001071e-07,6.657906573414059e-06,3.7278492730481598e-06,7.852886936945323e-06,1
0.03294142053200509,0.9670344132897637,8.013483481310784e-06,9.425155458157241e-08,5.827237193440794e-06,3.242552849564669e-06,6.988653152563676e-06,1
0.07104974855398719,0.9289298941217654,6.822154199296901e-06,8.023958393471682e-08,4.930653307263583e-06,2.760383965212234e-06,5.763893191513364e-06,1
0.051205324618058365,0.9487772756273866,6.061898432154381e-06,7.129774464797473e-08,3.6922202993293447e-06,2.452768838410113e-06,5.121569240452106e-06,1
0.05933086848039773,0.9406518807777605,6.0099839106277e-06,7.068714578348409e-08,3.660599866826872e-06,2.431763154780346e-06,5.077707763794315e-06,1
0.05582895464362967,0.9441555182518776,5.409486098452604e-06,6.36243188236944e-08,3.2948447759703314e-06,2.188789383820435e-06,4.570359915885597e-06,1
0.03405523221845806,0.9659283534557692,5.366703089043643e-06,6.886273710892155e-08,3.6631056510553964e-06,2.3690002614015136e-06,4.946654034173726e-06,1
0.03534765330491775,0.964635026871605,7.408712528490181e-06,7.575117791739382e-08,4.029531493417191e-06,2.605974839541038e-06,3.1998534377660083e-06,1
0.04127206460818545,0.9587116080754,5.48732294656868e-06,6.453980623795827e-08,3.919047272140152e-06,2.220283774179483e-06,4.6361226157306616e-06,1
0.06012940688210865,0.9398504832777428,6.443236425305145e-06,9.747808509012868e-08,6.098073195127849e-06,3.353418971630103e-06,4.117633471292521e-06,1
0.13100467337533475,0.8689553916161782,1.1213948499375358e-05,1.725856860161613e-07,1.5085689607330751e-05,5.937495784236017e-06,7.525288910342972e-06,1
0.24331834315060002,0.7566279771105165,1.4111963087437614e-05,2.1718691062437373e-07,2.2408624092505207e-05,7.471919577981152e-06,9.470045214759014e-06,1
0.5348398273331995,0.46508108126487224,1.0664909094169867e-05,2.0966708397760618e-07,5.360867841006054e-05,7.21321365604747e-06,7.3949336841316e-06,1
0.16162668967214625,0.8381830064916097,1.3322446749524643e-05,2.489170982723997e-07,0.00015956091900571465,8.392276264026965e-06,8.779277126625493e-06,1
0.14577992682302018,0.8541149050788088,6.808878961685558e-06,1.6844008573480173e-07,8.580373823524592e-05,5.068367149856135e-06,7.318673738437115e-06,1
0.11432981153907806,0.8855867457511383,5.361426655296539e-06,1.233031500869245e-07,6.876400344953984e-05,4.253336611849657e-06,4.940639916950092e-06,1
0.07074486006167252,0.9291974427937721,5.9435282680720135e-06,1.3527992715759488e-07,4.2582211950951805e-05,4.0927972214602785e-06,4.943327187555503e-06,1
0.05967800259689751,0.9402757869866133,6.087025010955692e-06,1.243256740125565e-07,3.064778156001347e-05,4.288608528636187e-06,5.062675715639924e-06,1
0.060359634333062774,0.9395928411356039,6.261678264712653e-06,1.278929147340483e-07,3.152714952059435e-05,4.399873022983635e-06,5.207937610385128e-06,1
0.06561550565216359,0.9343372356446119,6.226653614427882e-06,1.2717754667726017e-07,3.13508026468405e-05,4.375262366317379e-06,5.178807050526026e-06,1
0.0593805370091113,0.9404801224437256,1.0370318129671881e-05,1.5081600739555284e-07,0.0001184153662923836,5.084783680532536e-06,5.319263052824882e-06,1
0.09516814025524284,0.9044618676249672,1.955347209411263e-05,1.502020395103273e-07,0.000331813903735859,1.2358083884597286e-05,6.116458036045099e-06,1
0.05212781080528829,0.9477913386327939,1.697227709840723e-05,1.1254081213296298e-07,4.961582271390168e-05,1.018066455849712e-05,3.969256734906518e-06,1
0.0690269167353118,0.9298064753525401,2.677755764465702e-05,1.5541296908572006e-07,0.0011012919859706885,3.3263532717203734e-05,5.119422846370755e-06,1
0.08284837811280396,0.9146822671242678,3.729786999573364e-05,1.9147125029921493e-07,0.0023804720901644417,4.2891227219457076e-05,8.50210429812997e-06,1
0.04463145069878032,0.9551700494850305,2.6680106507599183e-05,1.382391539239693e-07,0.00013749398266786871,2.670880514822032e-05,7.478682711388186e-06,1
0.0354614016048618,0.9643230227163724,4.529963442886882e-05,1.3897451790995678e-07,0.00013721536627432247,2.8956697116708125e-05,3.9650064279240535e-06,1
0.08910367141565283,0.9052943114972283,4.9709698546502545e-05,2.8458829013525605e-07,0.00547047958070692,6.237971967805609e-05,1.9163499897548126e-05,1
0.11481223745196172,0.8791589463115095,4.043893681571806e-05,3.491896218453818e-07,0.005857182246407489,7.276666021696313e-05,5.80792034667205e-05,1
0.028587816696976773,0.9712404021241001,2.8520504718003338e-05,1.4192033692773694e-07,0.0001032910965459214,3.169572913812419e-05,8.131928184342619e-06,1
0.033527248250190905,0.9662735593062028,2.2999120468867183e-05,1.4093504742990725e-07,0.00012111967115288388,4.8621078581639704e-05,6.3116383556401665e-06,1
0.056099470458542196,0.9436940580520569,2.3781739557778893e-05,1.5789182904949802e-07,0.0001368043161733017,3.714162104826104e-05,8.585920792686112e-06,1
0.034843577995910494,0.9649882830938458,2.068494317102068e-05,1.3204832901755372e-07,0.00011362187327302468,3.1062335688622294e-05,2.637709781960796e-06,1
0.033166342308386665,0.9666492273427765,2.3853368091638516e-05,1.4171517946079337e-07,0.00012211509126939152,3.552425586871969e-05,2.7959184273478356e-06,1
0.11430343279795481,0.8819372590677913,3.797732775600392e-05,2.744479751710702e-07,0.0036254258754256953,8.560162636436097e-05,1.002885673262796e-05,1
0.052961119602266696,0.9438075878061629,3.014406265898135e-05,2.0496440427577195e-07,0.0031493309332532096,4.624404751256598e-05,5.368583741505714e-06,1
0.041541634980448584,0.9553975910897036,3.0358436724444043e-05,2.3966943749197256e-07,0.0029756411635574885,4.910299279906052e-05,5.431667329492053e-06,1
0.0513763613653422,0.9437298964954811,3.861602860543007e-05,2.4075597054843677e-07,0.004792045451996057,5.7918057214968356e-05,4.921845389659254e-06,1
0.0321523105946687,0.9676917543500856,2.251924830464005e-05,1.2766611044722247e-07,0.00010090824838789611,2.9470119900837835e-05,2.9097725420895545e-06,1
0.018996064221408843,0.9808464049958263,1.939986774542551e-05,1.2546644139827508e-07,0.00010713307033586618,2.801274066995831e-05,2.8596375722225334e-06,1
0.014487488681927905,0.9853920978954279,1.850014219954127e-05,1.1828361314450119e-07,7.309080909671624e-05,2.63470251796394e-05,2.3571625551674036e-06,1
0.010203289782316795,0.9896668170011845,2.0313968612212532e-05,1.0472562742852815e-07,8.513334124472998e-05,2.2254202767679286e-05,2.086978246423427e-06,1
0.0040493428890894965,0.9957913998032367,1.7934052427676697e-05,9.483062700924366e-08,0.00011947171069356182,1.9387229163074807e-05,2.3694847624405036e-06,1
0.006097593241243178,0.9894150236041553,3.6494297678640865e-05,1.5730624901573628e-07,0.004417792239577105,2.931991634915394e-05,3.6193947478318547e-06,1
0.005384499219079284,0.9907750400240691,2.5886609860789472e-05,1.3414995848245782e-07,0.0037933070239561484,1.804637188754649e-05,3.0866011883907912e-06,1
0.004169960001593811,0.991346853630306,2.7441554503650967e-05,1.4213524609741267e-07,0.004426798743395542,2.3395732982292116e-05,5.4082019727070854e-06,1
0.0037832337214200626,0.9926601840781419,3.093570911776002e-05,1.5868574906658938e-20,0.0034828990547015586,3.3613052316157596e-05,9.134384302454218e-06,1
0.009990987398321842,0.9845348282107143,3.7633742725534e-05,0.002260566855234867,0.0031067679059545166,6.543962640013941e-05,3.7762606489673033e-06,1
0.002646670219610511,0.9941871593671866,3.453352318300345e-05,1.1377721422430232e-06,0.0030709396461023044,5.613700323376272e-05,3.42246854164636e-06,1
0.9121436647220104,0.08114672422379134,9.503748578582287e-06,1.5728800653509056e-07,6.489310575707928e-06,5.410986322074004e-06,0.00668804972071556,0
0.9219040583239343,0.07181631677937231,8.366955717637108e-06,1.5897106690377968e-07,6.7751725820231086e-06,5.469110139879096e-06,0.00625885468718667,0
0.9236035968105678,0.07288450649704288,8.40033551011822e-06,1.66095637061337e-07,6.997376342009165e-06,5.714217485796214e-06,0.0034906186674142194,0
0.9412143320457594,0.05365154103087752,8.207186213850883e-06,1.6227659252760017e-07,6.83648534967334e-06,5.5828302233742964e-06,0.005113338144983699,0
0.9434877312717409,0.052254607429102685,1.1140886366297894e-05,2.0815674167212296e-07,8.241765190523987e-06,7.161253083426619e-06,0.004230909237774396,0
0.9616394373336704,0.03576017446000687,3.617070310957997e-06,9.129774403880235e-08,3.104623030765558e-06,2.747182700347856e-06,0.0025908280325367687,0
0.9664693698213013,0.030270647017385095,3.7683835094156945e-06,8.54496869571525e-08,2.7422090541293417e-06,2.6307125464913503e-06,0.0032507564065166823,0
0.9716967571136076,0.026005404934564318,3.4616577271414163e-06,8.563456211544068e-08,2.748141976191374e-06,2.576775473175088e-06,0.0022889657420894862,0
0.9343069055183317,0.06377855724081061,6.9610265621943165e-06,1.600892649548067e-07,6.3549486280927905e-06,5.522334079454353e-06,0.0018955388423227745,0
0.9221285589519355,0.07651101637236019,1.2373843570445542e-05,1.799533688452788e-07,7.463168641601299e-06,6.190967475586925e-06,0.0013342167426478259,0
0.7252410899754812,0.2747098242154207,1.2750626980448684e-05,2.1638316676429268e-07,1.690671892003864e-05,7.334259651404364e-06,1.1877820379770896e-05,0
0.7354334451731672,0.2645272281877842,1.0036186089389471e-05,1.7031803468078695e-07,1.3775871646189633e-05,5.995074736400936e-06,9.349188541905617e-06,0
0.6528740830963244,0.34689551951029557,6.253265901337852e-06,1.1616870213541003e-07,0.00020568427807702883,3.937512504176676e-06,1.4406168195468176e-05,0
0.18833371234209406,0.8115040884852681,7.045077268994428e-06,1.4389198832560517e-07,0.0001441870968634484,4.963603469072451e-06,5.8595030479339285e-06,1
0.1161176533256719,0.8838001054946881,1.05745634191339e-05,1.681116933033589e-07,5.8735324771353236e-05,5.917413075517602e-06,6.845766680736584e-06,1
0.08392156683201692,0.9159770973484318,1.5085462892598674e-05,1.6496161002305031e-07,7.36927012497282e-05,5.675203353660097e-06,6.7174904452282775e-06,1
0.09421647033254324,0.905678713648253,1.4610151983348023e-05,1.8508027875593404e-07,7.62107781910037e-05,6.273255175292684e-06,7.536753575389137e-06,1
0.04413472908418492,0.9557763982673438,8.062439404352068e-06,1.17252422310349e-07,7.028242908352989e-05,3.974244960177406e-06,6.436282600542795e-06,1
0.03768633370175544,0.9622410487135207,8.289657280505559e-06,1.349141071809322e-07,5.479313464027875e-05,4.641473815770207e-06,4.75840488039303e-06,1
0.13068853058741156,0.8691966704098514,5.23262450428533e-06,1.2944477572860097e-07,9.534445634939668e-05,4.151155058355914e-06,9.941322049581105e-06,1
0.07919432749246685,0.9207322252634091,5.3560157318662645e-06,1.0229177013146833e-07,6.044903304131376e-05,3.5285896802898494e-06,4.011313900405776e-06,1
0.06750690063861599,0.9324275305358675,6.907163631796628e-06,1.006527501649263e-07,5.099022323529635e-05,3.4720511246240696e-06,4.098734774862856e-06,1
0.05988364724477381,0.940049163874899,7.3861803469710015e-06,1.0763309004500654e-07,5.1599241599100547e-05,3.712840341919954e-06,4.3829849494479175e-06,1
0.05784720375229715,0.9420856559885888,7.426910470148054e-06,1.0822661860909823e-07,5.1549091452614555e-05,3.6488762274381064e-06,4.407154345331595e-06,1
0.06424318484265566,0.9356819556474859,8.271623511962988e-06,1.2053596804559595e-07,5.741212023406507e-05,4.146820160117538e-06,4.908409984235067e-06,1
0.06061140331608191,0.9393096403249455,7.937512532504809e-06,1.1566722730982512e-07,6.221371182431493e-05,3.9793200141872995e-06,4.710147374114664e-06,1
0.05405934360332667,0.9458676132037723,7.690380937431484e-06,1.12065969829509e-07,5.673260423754767e-05,3.944643124812592e-06,4.5634986313468755e-06,1
0.02997830438378711,0.969997884624149,7.863831543301065e-06,9.249140522374859e-08,5.814531056128621e-06,3.1819981208791966e-06,6.858139938079853e-06,1
0.03735028275633047,0.9626249368757807,8.175890177335245e-06,9.616172056749625e-08,6.069757422825544e-06,3.308268626755784e-06,7.130289941460274e-06,1
0.02933812833759349,0.9706469831015253,5.007006410559752e-06,5.889050575596482e-08,3.5664127689121147e-06,2.0259378204685608e-06,4.230313375599668e-06,1
0.1580768171980678,0.8418826818415983,1.1833325336155126e-05,1.7902336929414735e-07,1.4767650868129408e-05,6.158721341325677e-06,7.5622394189172704e-06,1
0.1244934015688833,0.8754683511523796,1.1964189830878714e-05,1.5924003963189526e-07,1.3919149871839216e-05,5.478139721876865e-06,6.726559272804586e-06,1
0.12449320213936128,0.8754669487147193,1.3566099116927279e-05,1.5923978454074512e-07,1.3919127574357011e-05,5.478130946288983e-06,6.726548497337904e-06,1
0.12449298048133424,0.875465389960721,1.557414311764021e-05,1.5923950101701962e-07,1.347447708746832e-05,5.478345126843728e-06,6.943353111849523e-06,1
0.14751699546184788,0.8524417695635688,1.1830522093097354e-05,1.8207491959502854e-07,1.50193721105623e-05,6.263955560076749e-06,7.939049899837878e-06,1
0.2670158444360142,0.732924641965058,1.552661921374685e-05,2.3895884921046987e-07,2.7099026605162717e-05,8.220943419723659e-06,8.42805083957081e-06,1
0.1096985034153095,0.890206883788643,6.208379242936716e-06,1.306146600499972e-07,7.933721055332636e-05,4.403642795592567e-06,4.5329487955977345e-06,1
0.1681490129952806,0.8317497899544118,7.2482327323597815e-06,1.6402945914741705e-07,8.355695566263897e-05,4.93565126569909e-06,5.2921811875043755e-06,1
0.09132819371936152,0.908611756916747,6.76303766027262e-06,1.460563799982567e-07,4.4324676439421476e-05,4.358860879853224e-06,4.4567325322172325e-06,1
0.06327020865995964,0.9366799751500128,6.56361978907636e-06,1.340599804946345e-07,3.3047405781401716e-05,4.6120372881221275e-06,5.459067188493997e-06,1
0.09252606038139477,0.9074190815830386,8.975142855875183e-06,1.4509807501789595e-07,3.4837465786944685e-05,4.991778530387458e-06,5.9085503184564365e-06,1
0.07485086269416216,0.9251064685684365,8.149065025011708e-06,1.2541771448104037e-07,2.4610982703705113e-05,4.314719229731377e-06,5.468552728398945e-06,1
0.06759961516517146,0.932357140101445,7.0946308065510914e-06,1.105809324138056e-07,2.7423078419820098e-05,3.945878779855235e-06,4.6705644449924134e-06,1
0.09947756743936742,0.9004753622113674,9.520413600173548e-06,1.3065168350250443e-07,2.7500210893187043e-05,4.598795434284696e-06,5.3202776540652285e-06,1
0.06221054283816979,0.937650098906183,1.0526522351962913e-05,1.530876924923536e-07,0.00011801255760506761,5.2667028753859254e-06,5.399385122171102e-06,1
0.07449829668933025,0.9253088766180275,7.780624631902402e-06,1.483005537376144e-07,0.00017175719944635543,4.999974793665017e-06,8.140593216452657e-06,1
0.05111716437102782,0.9488086113678592,1.7155418449918427e-05,1.1707243418926275e-07,4.413251240985209e-05,8.690173098044102e-06,4.129084721093143e-06,1
0.06433439811986057,0.9355825574369866,1.402334711584304e-05,1.0496028217994389e-07,5.3009294831301124e-05,1.023762326855044e-05,5.669217655022278e-06,1
0.07618617963004988,0.9237369670612882,1.3330545633017285e-05,1.1961480088849118e-07,4.9145360293226614e-05,1.1230897355444259e-05,3.026890579514959e-06,1
0.0694585647506721,0.9293403766138705,2.3514710076674867e-05,1.5844057108411997e-07,0.0011397983707087935,3.2367959714117784e-05,5.219154386997699e-06,1
0.07597611408647197,0.9228688927365032,2.296655183445503e-05,1.542533833641569e-07,0.0010930748952753865,3.371625133168608e-05,5.081225199995301e-06,1
0.0444819934540794,0.9553297504095831,2.7496130275340888e-05,1.424672643028515e-07,0.00011429472499435258,3.2031270830943174e-05,1.4291542972505601e-05,1
0.0377906556688867,0.9620020318740037,2.9798632711307068e-05,9.829805324467216e-08,0.00013886410754633438,3.1515685777894946e-05,7.035733020646551e-06,1
0.13183392209267952,0.8622633996202544,4.643428056094444e-05,4.082738014629252e-07,0.00573718829928678,7.227817565443325e-05,4.6369257762184734e-05,1
0.11546354769975366,0.8790829959444417,3.687947298768709e-05,3.3079511757135077e-07,0.005322947269062406,6.075881625801021e-05,3.2540002378937776e-05,1
0.030474714823775482,0.9693035997628037,2.949025051744059e-05,1.5156632083309575e-07,0.00014745057837588918,2.9376766273525607e-05,1.5216251933150382e-05,1
0.030582460755728347,0.9692305389235527,2.6718294060623217e-05,1.3731973986828214e-07,0.00012469593327903378,2.6615476846562086e-05,8.833296792845066e-06,1
0.02455180303922689,0.9752851549284878,2.1450854129087712e-05,1.0109329508945593e-07,0.00011113777712047019,2.4041235063635368e-05,6.31107267715418e-06,1
0.07816921971082723,0.9184289299980333,3.117732177711833e-05,2.3434793045676314e-07,0.0032866467330519675,7.49633321732378e-05,8.828556206669007e-06,1
0.06055524972379537,0.9361461852858544,3.5554539441516594e-05,2.3042836738617806e-07,0.003210009065900808,4.754872118151263e-05,5.222235459043945e-06,1
0.064670781981153,0.9322442718979861,3.4200665158160415e-05,1.966842069151356e-07,0.0030068121765734744,3.985386087417851e-05,3.882734048299451e-06,1
0.05835201582154275,0.9386022839778896,3.2804861001531336e-05,2.288887666776048e-07,0.0029686315673198554,4.0125668743110685e-05,3.909214736597895e-06,1
0.0037488050270891057,0.9961174967111874,1.4199711564791416e-05,9.340712755148032e-08,9.866393499038468e-05,1.84072915367143e-05,2.333916503736655e-06,1
0.003952306605374036,0.9959022170418148,1.4545539803207918e-05,9.568202040611899e-08,0.00010923137173526177,1.9213001155039254e-05,2.3907580972729466e-06,1
0.0036041985182218962,0.9925103915092032,3.093104091466795e-05,2.0531024317926696e-07,0.0038152214188988927,3.2389034229132953e-05,6.663168289093805e-06,1
0.004034363697980199,0.989788590487636,2.8036062373361563e-05,0.0007700899940082614,0.0053371926283761984,3.592139532434631e-05,5.805734301852495e-06,1
0.009388238907953782,0.983493202092641,3.759392667411507e-05,0.001131746849071631,0.005906348324630971,3.9097633618041534e-05,3.7722654101926983e-06,1
0.7682661950895904,0.19923094725375326,1.610841967198527e-05,1.60375870641159e-07,8.452393821556986e-06,6.517798054467915e-06,0.03247161866923762,0
0.9255293316706896,0.07056160805981776,8.399857733072182e-06,1.595962154167683e-07,6.72356481958096e-06,5.490616737058655e-06,0.0038882866339874688,0
0.924284178401288,0.07235655454719768,8.613533349983965e-06,1.636560246265954e-07,6.894598890195497e-06,5.630287069080823e-06,0.003337964976180443,0
0.932789945131688,0.06365113216468857,8.573455411308385e-06,1.6951865037331024e-07,7.224698368577502e-06,5.831980016272361e-06,0.0035371230511767144,0
0.9354989492454794,0.05808223550258485,8.512683732449828e-06,1.683170423300195e-07,6.988556981396853e-06,5.705068978630434e-06,0.006397440625200946,0
0.9037997478558129,0.09126746676455093,9.014175850144075e-06,2.0399093395824105e-07,8.04552052418838e-06,6.138162237171026e-06,0.004909383530090773,0
0.9348315347886942,0.06085004821884521,6.342764917044406e-06,1.569074527540914e-07,5.92343207203157e-06,4.830660231735776e-06,0.004301163227787037,0
0.9319150636636792,0.06663866904942886,8.744205717402244e-06,1.785957909280283e-07,7.071327889842017e-06,6.160723037658887e-06,0.0014241124344561808,0
0.5891500254923197,0.41080854310382586,1.0723384246529486e-05,1.7196218071842778e-07,1.5267997403502073e-05,5.828620139312956e-06,9.439439884490333e-06,0
0.48865232128824565,0.5113058550525915,9.67920656558273e-06,1.7981337786767095e-07,1.9527907547423112e-05,6.094734732827711e-06,6.3419969392675155e-06,0
0.11711876408298397,0.8827328982551688,8.090525809556869e-06,1.5146700057898108e-07,0.00012882096783038105,5.106732010636204e-06,6.167969196072454e-06,1
0.10753815096094065,0.8921568674589995,9.266594831524435e-06,1.473179446316393e-07,0.0002845004488040673,5.068205222481571e-06,5.999013257299237e-06,1
0.0811499250592795,0.9187329592952003,1.4815039859305887e-05,1.508286994181615e-07,9.081881403214506e-05,5.188986338376141e-06,6.141976591196784e-06,1
0.083890939810162,0.9160057511475787,1.4113952722193245e-05,1.5433801278875656e-07,7.744615243093195e-05,5.309717864984447e-06,6.2848812284211065e-06,1
0.09451708839896714,0.9053913045529773,1.2804821259938505e-05,1.6221048835839999e-07,6.645399973724246e-05,5.580556029986613e-06,6.6054605402499816e-06,1
0.08117670842603923,0.9187328799406044,1.2601351559129584e-05,1.5963294987782684e-07,6.660968967505246e-05,5.410723582758854e-06,5.630235589459123e-06,1
0.0504857618691767,0.9494325867317085,9.130671804431165e-06,1.3278777460484948e-07,6.0598069782792946e-05,4.500812295371382e-06,7.2890574575239e-06,1
0.05415367974816413,0.9457640554154075,9.591862703627194e-06,1.2150897711395013e-07,6.342313757522132e-05,4.180294762645325e-06,4.948032409833826e-06,1
0.047609400111589664,0.9523187311126673,8.204177023298313e-06,1.3352291666575462e-07,5.4228125607485936e-05,4.593612443198657e-06,4.709337752608538e-06,1
0.07596371388460697,0.9239529659858334,6.216393762721297e-06,1.1638038612336528e-07,6.462946190916444e-05,3.9237816881208175e-06,8.43411181357821e-06,1
0.17994537460034635,0.8199342784568484,6.5392473730125986e-06,1.6176803990812436e-07,9.624188623023757e-05,4.980301594563014e-06,1.2423739567736158e-05,1
0.05258158000001737,0.9473452626978388,7.702394973373452e-06,1.1224104107765096e-07,5.6821232818100014e-05,3.950805509311528e-06,4.570627801803344e-06,1
0.028567683018566038,0.971408463456983,7.875267191250184e-06,9.262590697936656e-08,5.830892843339818e-06,3.1866254084914455e-06,6.868113101096611e-06,1
0.035127534366913384,0.9648486361815793,7.86731948242637e-06,9.253242904136954e-08,5.825008314297653e-06,3.183409470509634e-06,6.861181810796114e-06,1
0.033759806874377456,0.9662172914988781,7.560997124691717e-06,8.89295735179042e-08,5.598205489695783e-06,3.05946007493474e-06,6.594034481413606e-06,1
0.06034501313801566,0.9396368119207621,6.094752905657247e-06,7.168416647416809e-08,4.393114428114853e-06,2.4660624344200287e-06,5.149327287339033e-06,1
0.06161304447948856,0.9383661679893766,8.814861476387041e-06,1.03469437320042e-07,3.938950137256226e-06,3.559532111982962e-06,4.370717971848559e-06,1
0.1447620203634678,0.8551973638699935,1.2705080127106938e-05,1.6910108344697855e-07,1.4781102349822805e-05,5.8173771143533485e-06,7.143105864146899e-06,1
0.12284112267769208,0.8771189529811351,1.3591698317048637e-05,1.5954026967479918e-07,1.394539293842516e-05,5.488468167709551e-06,6.7392414800166555e-06,1
0.12632087500187192,0.8736383391354511,1.5541640689374905e-05,1.5890719089435073e-07,1.2689539997418796e-05,5.466912104933447e-06,6.928862694320036e-06,1
0.22859184607505936,0.7713568217696259,1.4978811197360382e-05,2.2661064546460294e-07,1.8449657233349492e-05,7.796125989168574e-06,9.88095024937787e-06,1
0.5760160762962754,0.42394390103391105,5.898383119742975e-06,1.1020685212422935e-07,2.6411542367557307e-05,3.715598311828308e-06,3.88693916221366e-06,0
0.13246015361965918,0.8674530528310269,5.750766686081965e-06,1.2098720234979392e-07,7.26439098134025e-05,4.079055304991252e-06,4.198830307136335e-06,1
0.1523337276771257,0.8475619111019862,6.756639453207805e-06,1.6714776913815623e-07,8.51454294099333e-05,5.029481305331189e-06,7.262522950479746e-06,1
0.1064121559627657,0.8935113920059611,4.920270162207871e-06,1.1315734584927894e-07,6.206072860129762e-05,3.9033575513778415e-06,5.454517612498955e-06,1
0.0972545757788008,0.9026870633723248,6.576941809131726e-06,1.2288521085761993e-07,4.331566513093761e-05,4.143046219091263e-06,4.202310504234789e-06,1
0.06518718788761253,0.9347763068525092,5.999897503781104e-06,1.3739912125438524e-07,2.10952657514475e-05,4.089540431220271e-06,5.183157070556298e-06,1
0.08257112426533764,0.9173848851218653,8.081047247880028e-06,1.2437089081160677e-07,2.608358070745772e-05,4.278705575397674e-06,5.422908375387719e-06,1
0.06759961516517146,0.932357140101445,7.0946308065510914e-06,1.105809324138056e-07,2.7423078419820098e-05,3.945878779855235e-06,4.6705644449924134e-06,1
0.07253134429073646,0.9274141514615616,9.291516404122133e-06,1.1687892721789204e-07,3.631545509763545e-05,4.020961129009002e-06,4.759436143787215e-06,1
0.07087351060508422,0.9289424670747624,7.49964432218664e-06,1.401236377860084e-07,0.00016228694361412885,4.7242888800420435e-06,9.371319699192747e-06,1
0.09621687115505982,0.9034701987032769,1.9824067170690358e-05,1.4640828169558328e-07,0.0002752426131468435,1.1533193074831977e-05,6.183859989289442e-06,1
0.05508624990121842,0.9448447074266817,8.655182789414619e-06,1.341079261959306e-07,5.120581311961967e-05,4.149320821603608e-06,4.898247443119267e-06,1
0.04668685192199461,0.9532396016496186,1.6532320109612927e-05,1.1282027096445948e-07,4.454763575035493e-05,8.374539151243781e-06,3.979113104591642e-06,1
0.04781992782764273,0.9521060259648343,1.6466747117744178e-05,1.126861070924437e-07,4.4430782840515245e-05,9.061610243720414e-06,3.974381213622608e-06,1
0.05386527919264335,0.9460668954792631,1.355219942353279e-05,1.0408813552914431e-07,4.201607604959612e-05,8.540612024491894e-06,3.612352460299947e-06,1
0.10087329171888844,0.8986484004747093,1.9017422658342313e-05,1.5033232350967598e-07,0.00043026078464830034,2.5075016739456463e-05,3.8042500326529986e-06,1
0.0710686193888558,0.9281698077625591,2.7484649419451595e-05,1.5317045305892368e-07,0.0006964585664607902,3.310639017921373e-05,4.3700720726729865e-06,1
0.05766559048057441,0.9413811653666301,2.386991970649554e-05,1.4135306859692401e-07,0.0008946477963199838,3.055217079105122e-05,4.032912909282918e-06,1
0.07222616305618118,0.9266723206987659,2.996824247037002e-05,1.5188670452619984e-07,0.0010335639312062193,3.282891969474634e-05,5.003264977085097e-06,1
0.03721662047354061,0.9625670501612178,4.9143136760933795e-05,1.435465547741396e-07,0.00013023884609044764,3.0429855114234985e-05,6.37398072109659e-06,1
0.05716610270841483,0.9425771741175835,3.612593547542678e-05,1.3037418557434915e-07,0.0001725606264059033,3.9163226376769575e-05,8.743011557989272e-06,1
0.03037582121544911,0.9694251950605186,2.674918130127492e-05,1.2606317969522008e-07,0.00013425919962130458,2.9979382245284055e-05,7.869897684764092e-06,1
0.02986604586670361,0.9699314380977127,2.757710287911855e-05,1.2996499730472865e-07,0.00013841469459285335,2.8280791970490873e-05,8.113481143833446e-06,1
0.03619704649331779,0.9635914054762406,2.8807011664816676e-05,1.3576129478815114e-07,0.0001445878393824163,2.9542084524080514e-05,8.475333575727327e-06,1
0.03508410546793254,0.9647235655214121,2.8463044642499917e-05,1.367323780361426e-07,0.00012451617990702843,3.181986055147387e-05,7.393193176351037e-06,1
0.07292072597677259,0.9248132213659915,4.074677859311274e-05,4.672535112205054e-07,0.002109911927053466,0.00010198022273131322,1.2946475346793446e-05,1
0.10494616047514278,0.891394069935064,3.0407130861016046e-05,2.682350323507793e-07,0.0035026292866880858,9.244621935928527e-05,3.401871785229806e-05,1
0.057571754878452515,0.9392147263365139,3.0194168646690287e-05,2.2891336876099753e-07,0.0031311431768969444,4.721438455639684e-05,4.738141564778127e-06,1
0.054244775103219525,0.9426364874948693,3.4694555097866067e-05,1.9952451281694034e-07,0.003039275713082305,4.057965293375093e-05,3.987956284304892e-06,1
0.05375231846668777,0.9431310762920551,3.460006257249463e-05,1.9898109685335772e-07,0.003037558844092657,4.0319276646379786e-05,3.928076848863908e-06,1
0.06299312245913205,0.9339384740184217,3.325153390866672e-05,1.9122585906716994e-07,0.0029844083949221215,4.677738670651329e-05,3.774981049880504e-06,1
0.037074955282885666,0.9627712016701366,2.12069761293372e-05,1.2940947367541072e-07,9.998102110562691e-05,2.9971002415792482e-05,2.5546378531580314e-06,1
0.01159333738458648,0.98829985262033,1.8292650302489264e-05,1.0295636871381826e-07,6.549585533087031e-05,2.0866812722993088e-05,2.0517203583538253e-06,1
0.018900703870041436,0.9809853572884802,1.913648203022746e-05,9.626984740416717e-08,7.351496993347986e-05,1.8785673834641016e-05,2.405445832224758e-06,1
0.003925255952589381,0.9959298272810397,1.3836362738812362e-05,9.438192591973132e-08,0.00011001873838479043,1.8609010025364346e-05,2.358273295976334e-06,1
0.00393520566689774,0.9959084775123085,1.2448779863634692e-05,9.474086521747113e-08,0.00012273593335767564,1.867012477754869e-05,2.367241930092317e-06,1
0.005151529281577997,0.9829414460087676,2.9263187854585827e-05,1.5289694430383906e-07,0.011825679403800148,3.7995133297859876e-05,1.3934087757436305e-05,1
0.004812666428675594,0.9838594273909042,2.9463195673266167e-05,1.5093229456934153e-07,0.01125918839162859,3.46344676756519e-05,4.469193148079952e-06,1
0.004084675927512248,0.9899572259798954,2.4974243999572017e-05,0.0007936460858607206,0.005095267690892714,3.8758845373084486e-05,5.451226466028089e-06,1
0.010972997799379733,0.982376196040825,3.7551229232468124e-05,2.875925384792427e-07,0.0065658651984455575,4.333415853268108e-05,3.7679810457626485e-06,1
0.9414674611122995,0.055122973293722476,8.068419970683124e-06,1.595328369319106e-07,6.720894772863405e-06,5.488436315869965e-06,0.003389128310081357,0
0.9427537075822185,0.05301567058430774,8.305046770781927e-06,1.6421154042665263e-07,6.604609804110898e-06,5.649398577092022e-06,0.004209898566781263,0
0.9399570751253717,0.0557844685219215,8.533464504525975e-06,1.6872793015378072e-07,7.097339116434156e-06,5.804776729149644e-06,0.004236852044426583,0
0.8923517171290517,0.10486996127522596,9.403420344292752e-06,2.034839852604742e-07,7.022539349223468e-06,6.05655504779668e-06,0.0027556355969958067,0
0.8966887982053434,0.09947515440288185,9.352062478916495e-06,2.0196738533700277e-07,6.970199197609205e-06,6.011414537548509e-06,0.003813511748175387,0
0.8699200946116676,0.11913362030645656,8.777297498819514e-06,1.3388739929106355e-07,6.5418202798979966e-06,5.641961214838342e-06,0.0109251901154828,0
0.8997099051881009,0.08968287136900098,8.912020019854554e-06,1.665125186683056e-07,6.533885164034705e-06,5.72855953722028e-06,0.010585882465658185,0
0.8829531966553402,0.07299116346859545,7.783306612438494e-06,1.7613634474740193e-07,6.913135036277073e-06,5.300007402011124e-06,0.04403546729066892,0
0.9415540342055667,0.05701688552736803,1.1081454904590245e-05,1.7617012395090046e-07,6.975285948104738e-06,6.077048823669701e-06,0.001404770307264786,0
0.8750228500261105,0.12495102028192942,7.653079008934872e-06,3.632787907696203e-08,6.903198102571794e-06,5.0882047657827856e-06,6.4488822036993326e-06,0
0.886888418904653,0.11308528620611343,7.701463344650767e-06,3.655755138206356e-08,6.9468415373407575e-06,5.120373440285091e-06,6.489653360141304e-06,0
0.8509253692581862,0.14904453825607508,7.9186480058353e-06,1.2953878983008822e-07,1.0184665055332383e-05,5.186969442076517e-06,6.672664445587336e-06,0
0.4991029031631019,0.5006297304677985,8.781914699368799e-06,1.640816259461207e-07,0.0002474925200098532,5.644929106313332e-06,5.282923658063459e-06,0
0.16080662604025514,0.8390334214054581,7.735913308091327e-06,1.6307633349631963e-07,0.00013869457393969872,5.498142362755718e-06,7.86084834283057e-06,1
0.16150861698048558,0.838277044214563,1.0164034110289068e-05,1.6158520379026133e-07,0.00019185925064405768,5.573937002449485e-06,6.5799979910457556e-06,1
0.13632562603393017,0.8634186618449666,1.2311419676228654e-05,1.559601151414944e-07,0.00023152828224289927,5.365523338215157e-06,6.350935730763657e-06,1
0.08990382989591206,0.9099916667950306,1.2103381090438648e-05,1.5332469837828112e-07,8.072812913031297e-05,5.274856630665512e-06,6.243617507307874e-06,1
0.05376373097645211,0.946131644645375,1.0445761749349905e-05,1.3232610438216146e-07,8.071129726625173e-05,4.48516408512865e-06,8.849828967527766e-06,1
0.043481612618965146,0.9564244437887123,8.296766701747634e-06,1.3502981295585044e-07,7.546062433682149e-05,4.552549833138708e-06,5.498621638241419e-06,1
0.05782454159788551,0.9420859189508908,7.28802124758188e-06,1.3644288943780938e-07,7.195863088848154e-05,4.6001919127752815e-06,5.556164285676839e-06,1
0.06615735675339676,0.9337653197196677,7.49288089251051e-06,1.0918795451979761e-07,6.159386885850324e-05,3.681287807844247e-06,4.4463014219991635e-06,1
0.05405938180444434,0.945868281602565,7.690386371850911e-06,1.1206604902109764e-07,5.6025992801383414e-05,3.944645912300677e-06,4.56350185615015e-06,1
0.02705518348437047,0.9729222558703221,8.119791036061394e-06,8.302167658138237e-08,5.537998960344266e-06,2.8560928853611545e-06,5.963740749014679e-06,1
0.046676594190669454,0.9533048446667257,6.095073898463216e-06,7.168794186951165e-08,4.7785899626144784e-06,2.4661923147142377e-06,5.14959848734343e-06,1
0.027082571042511116,0.9729028006571488,4.858238093767308e-06,5.7140749375007504e-08,3.5970672542593037e-06,2.0112320582550776e-06,4.104622184339107e-06,1
0.03133084462493931,0.9686512203683656,5.971054679229697e-06,7.02292749645284e-08,4.4328938715226505e-06,2.4160115867286945e-06,5.044817282979784e-06,1
0.027584053343547417,0.972401986225923,4.849050890922699e-06,5.7032692988089344e-08,2.9954610667173738e-06,1.9620257670488615e-06,4.096860111776959e-06,1
0.050492968569319466,0.9494901633450682,5.899605627941939e-06,1.1310201329065728e-08,4.924239418832156e-06,2.7079107382892513e-06,3.3250196255173384e-06,1
0.13241663285247324,0.8675448025292314,1.2114175893620738e-05,1.612363124186768e-07,1.3931505948825647e-05,5.546815045459109e-06,6.810885094727349e-06,1
0.1665448233907913,0.8334076605888721,1.50312901444648e-05,2.3227393683755921e-07,1.657673612677204e-05,6.9134673317133366e-06,8.762252797128512e-06,1
0.15614872158521195,0.8437935549390787,1.965647339175716e-05,2.0097974415977264e-07,1.6049245398101733e-05,6.914341572647795e-06,1.4902435602884496e-05,1
0.2668182072222831,0.7331425182679286,1.3213021183827493e-05,2.0335423918927854e-07,1.1689981542735585e-05,6.99595308292765e-06,7.172199739594892e-06,1
0.3449846722308343,0.6549733796603742,1.2045317536794807e-05,1.8538276366999899e-07,1.680136928382675e-05,6.37768419379553e-06,6.5383550134982825e-06,1
0.5265897793722282,0.47337092200106096,9.597335698056114e-06,1.395760581403792e-07,1.9908092482239714e-05,4.730846474150399e-06,4.922775998371656e-06,0
0.44340503590582575,0.5565394275100518,9.675549792018283e-06,1.4071354204942615e-07,3.591648795013662e-05,4.84093836565692e-06,4.962894472561252e-06,0
0.13085892491782802,0.8690474607026534,6.295766438945582e-06,1.3245315097537137e-07,7.812377968167988e-05,4.465627088283657e-06,4.5967531589264926e-06,1
0.15659458061894288,0.8432859051303713,7.480332274905079e-06,1.696215994351828e-07,9.939036770733627e-05,5.103918931963065e-06,7.370010172118329e-06,1
0.15974289161434704,0.8401218505681093,7.630723254320054e-06,2.2126408049004862e-07,0.00011462474580404349,5.20653247088401e-06,7.574551934025235e-06,1
0.11636084986639379,0.8835294480590993,5.427853359103647e-06,1.3427586102030224e-07,9.39888685493189e-05,4.133862078831931e-06,6.0172146587997975e-06,1
0.11593123715379389,0.8839872133517971,5.360412087085693e-06,1.232798168466475e-07,6.687356579621734e-05,4.252531732776632e-06,4.939704976210759e-06,1
0.10251032160027089,0.8974278970781564,6.451181662877164e-06,1.205354771153326e-07,4.689455446912956e-05,4.063825494083645e-06,4.251224469305846e-06,1
0.10674031247895371,0.8931981645881425,6.61250420754324e-06,1.3505843019110658e-07,4.462925838478895e-05,4.646386742847192e-06,5.4997251384449205e-06,1
0.1061236799786717,0.8938142841938322,6.7184740774632356e-06,1.395424370040739e-07,4.4583752072667363e-05,4.911740170351451e-06,5.682318738528527e-06,1
0.10927332680807289,0.8906733954408192,7.003416879906482e-06,1.4546068757723295e-07,3.508550117116162e-05,5.120056075551975e-06,5.923316293488722e-06,1
0.08903165415343163,0.9109235830072416,6.3295732903492205e-06,1.3146498326071098e-07,2.8425642810290067e-05,4.522762144553775e-06,5.3533960985708455e-06,1
0.07893454689868994,0.9210233999123798,7.725143730979665e-06,1.1889337829594933e-07,2.4934813991661813e-05,4.09026386538729e-06,5.184073964026586e-06,1
0.05960986978103959,0.9403418838722912,9.243933509549395e-06,1.1710275357293038e-07,3.0088098431233654e-05,4.0286613799839125e-06,4.768550594693455e-06,1
0.061165608782256776,0.9387783255753961,9.339320039157432e-06,1.1831111636127429e-07,3.77200223287464e-05,4.070232430620052e-06,4.817756432448366e-06,1
0.05630613341717962,0.943646479853199,9.387750269768613e-06,1.1892463368643492e-07,2.8945976059283997e-05,4.091339138006624e-06,4.842739520518344e-06,1
0.11260776693646211,0.8872074722206694,8.003467041139415e-06,1.6837862703437355e-07,0.00016181735351264177,5.676909962543568e-06,9.0947337250337e-06,0
0.09837324289817241,0.9014656686489164,7.168409182254429e-06,1.6222120672956916e-07,0.00014052740804019751,5.084598123931987e-06,8.145816358032898e-06,0
0.2854161194021281,0.7145072122130236,5.922305111071287e-06,1.3323989864473458e-07,5.601654058853266e-05,9.783901169646263e-06,4.812398080264818e-06,1
0.04123364540301578,0.9587057079929423,8.620713115366557e-06,1.1192235321692535e-07,4.4193088536374814e-05,3.773436031000032e-06,3.947444006073131e-06,1
0.07405154426101106,0.9258775714235047,1.4134504292728858e-05,1.0918086133326256e-07,4.4071798861785986e-05,8.779737245373811e-06,3.789094223370422e-06,1
0.09770805138583212,0.902196924593276,1.6364787810192375e-05,1.5466273082321347e-07,6.06666142262691e-05,1.3924166531073713e-05,3.913789593373697e-06,1
0.1019476809457662,0.8975993007027517,1.8254243895739893e-05,1.4566989331255978e-07,0.0004045175272285161,2.6135733975720178e-05,3.965176488759497e-06,1
0.07378885934583489,0.9255539225803703,2.3354270722943016e-05,1.48708127933675e-07,0.0005997696166154186,2.9831730336986356e-05,4.113747991687538e-06,1
0.07117086297934137,0.9278689830269866,2.342137592499937e-05,1.4913541975925996e-07,0.0009002236593633186,3.22342546978791e-05,4.125568266166069e-06,1
0.07491477067328513,0.9241090514349083,2.765648656295871e-05,1.4873148943387511e-07,0.0009119822999049678,3.214694885859779e-05,4.24342499040593e-06,1
0.06558029100801714,0.9335452388592579,2.50886484743668e-05,1.3981767039513918e-07,0.000815032251238831,3.02203085360692e-05,3.989106805246189e-06,1
0.06757211208082162,0.932190997225771,3.975545009149924e-05,1.5541327889715392e-07,0.00014874621249127986,3.943300337671498e-05,8.800614168872696e-06,1
0.19223328066940135,0.8034311497407346,4.91187654388855e-05,0.0,0.004198698601671485,8.305412397099136e-05,4.698098782768592e-06,1
0.06987014577238061,0.9213056658303475,4.761809890504388e-05,2.973567124861015e-07,0.00866122784900019,6.789397068490955e-05,4.715112196931192e-05,1
0.04495215346660715,0.9548477945808549,2.5315696496131807e-05,1.467106465495401e-07,0.0001325148550530625,3.4141966823607485e-05,7.932723518356416e-06,1
0.04210815341829971,0.9576979580058299,1.84862301240835e-05,1.7505006525323807e-07,0.0001313398461991219,3.828136709329139e-05,5.6060823882820235e-06,1
0.07263546312017076,0.9247186549000461,3.528426254449913e-05,4.0443879480512526e-07,0.0024419224299302394,0.0001284069446748347,3.986390383874264e-05,1
0.06848894276720499,0.928702085465224,3.27805054928013e-05,4.6948607582165675e-07,0.0025809225902470017,0.00015476355931533375,4.0035626440159964e-05,1
0.08670802884444102,0.9106171630854503,2.9080774943323422e-05,2.4138840615704553e-07,0.002493713252000775,0.00011821332713284452,3.3559327625858756e-05,1
0.04480299519072684,0.9508605336647692,3.005906029770832e-05,1.7286629976137582e-07,0.004264946189844383,3.7880482243928584e-05,3.4125458185701543e-06,1
0.05041818293839316,0.9448173661833672,3.370077519370825e-05,1.938093955408998e-07,0.0046844177968467845,4.231251427656355e-05,3.8259825267601534e-06,1
0.0659577648302921,0.9301270548360976,3.6733168892616285e-05,2.0592205361153292e-07,0.0038202218970399457,5.332590683726551e-05,4.693438786705047e-06,1
0.06925840245896485,0.9266667714936346,3.636263812433641e-05,2.0911747206532606e-07,0.0039856365666260645,4.843803153999433e-05,4.1796936381746895e-06,1
0.011576904254492683,0.9882704780767075,1.976631742388822e-05,1.1807225692620294e-07,0.00010446903242114665,2.5911296061401055e-05,2.3529506364549925e-06,1
0.02400390107735838,0.9758575210984692,1.653726657636661e-05,1.159532629052322e-07,9.372513631977883e-05,2.5888744810167402e-05,2.3107232033552454e-06,1
0.014812446978207976,0.9850786077224905,1.9488459808536434e-05,1.0043295835838805e-07,6.669427959225202e-05,2.0660693248794022e-05,2.0014336935909242e-06,1
0.0036178913984936533,0.9962930397653836,1.3770462741064054e-05,9.215162594881983e-08,5.30950302653747e-05,1.980864556806938e-05,2.3025459222004426e-06,1
0.004219383911374547,0.9956684917873844,1.3859458775197865e-05,9.274718540115173e-08,7.591800312023534e-05,1.9936665296256396e-05,2.3174268640642005e-06,1
0.004878689120521913,0.9949010518256228,2.361427449478925e-05,1.2199564721982222e-07,0.00017091211249062235,2.280375514042525e-05,2.806916082067404e-06,1
0.007278134969845723,0.9821715984775103,3.6238906281554246e-05,0.0,0.010473534152188631,2.929852946501246e-05,1.1194964708903605e-05,1
0.005523905018777573,0.9747648582266755,2.586684602112826e-05,3.095744843276258e-07,0.019641655561338782,3.5945786978257486e-05,7.458985724604699e-06,1
0.010006055265891208,0.9794312578799753,3.450191450496334e-05,4.908801459809825e-07,0.01048089905670025,4.3375666840414095e-05,3.4193359418921437e-06,1
0.9079487763638602,0.08555097289132331,9.174775973481343e-06,1.7142186083046597e-07,6.804810551270971e-06,5.89745650118095e-06,0.006478202279929559,0
0.8770398008662552,0.10603128050474696,8.81282785490834e-06,2.0892476694187732e-07,6.568301460927254e-06,5.551509224710685e-06,0.01690777706569027,0
0.9243846154405809,0.07177399214259655,9.594367499728977e-06,1.7926152475533584e-07,7.0976869779022065e-06,6.043828446092322e-06,0.0038184772723740294,0
0.9319359135505147,0.06388397546524954,8.566297593367892e-06,1.802195748573732e-07,7.135620046599962e-06,6.076129244980304e-06,0.004158152717776062,0
0.9346645908679242,0.05870818435727607,6.309397563686307e-06,1.4510314093095298e-07,5.863615320047396e-06,5.0053825934242325e-06,0.0066099012761817125,0
0.9381255141537518,0.060108141936745386,7.942581986985994e-06,1.622230489332415e-07,6.4230649800650445e-06,5.595939689334757e-06,0.0017462200997976033,0
0.8201558861695828,0.17980397308127702,1.2121766892329496e-05,1.741312888377807e-07,1.3512324728734969e-05,7.077117414087925e-06,7.255408816029766e-06,0
0.6530028881255234,0.34695894185237697,9.13948809675862e-06,1.551007162246697e-07,1.5104457394259557e-05,5.257104523983841e-06,8.513871368271571e-06,0
0.5546791282745943,0.4452839423491389,9.556308269160496e-06,1.6217431888074732e-07,1.5994161576127494e-05,5.496862723876763e-06,5.719869378831192e-06,0
0.6703818298635715,0.32940131324455607,8.003912519923833e-06,1.4869096310873075e-07,0.00019880145531555785,5.115441419222969e-06,4.787391654720047e-06,0
0.1376769967305069,0.8621609627564906,7.465187785111811e-06,1.71683934056333e-07,0.00014020558039149828,5.9222961652158845e-06,8.275764726754887e-06,1
0.17408114069455285,0.8257727422063099,7.90687724392246e-06,1.818418813314248e-07,0.00012435080092084534,6.27269803901033e-06,7.404881052115673e-06,1
0.15197067920395435,0.8477661905868938,1.2406315226570755e-05,1.571622446559602e-07,0.00023875996297561267,5.406880411846269e-06,6.399888293279401e-06,1
0.04683836069330961,0.9530892979459893,8.746739691590654e-06,1.1080302396376712e-07,5.5159772483313994e-05,3.811975968875328e-06,4.512069533481159e-06,1
0.25427504526176276,0.7455594278661652,8.694381018438487e-06,2.1508178163922879e-07,0.00014043826040326164,6.897441946083988e-06,9.28170692255912e-06,1
0.11935488870485463,0.88056393973978,6.756166396363879e-06,1.2648575427086977e-07,6.487372313697673e-05,4.264485648725197e-06,5.150694429166486e-06,1
0.05508419148433301,0.9448425287641078,6.953018884720658e-06,1.0132096327849219e-07,5.868341521959094e-05,3.4160510510206356e-06,4.12594544045425e-06,1
0.057030446131021054,0.9428868698763008,8.116051261376705e-06,1.1826893403488101e-07,6.547059651837743e-05,4.1629830913823206e-06,4.816092872975925e-06,1
0.053907772298902805,0.946007532657178,7.691518553184709e-06,1.1208254742348202e-07,6.838204247765858e-05,3.945226644432251e-06,4.564173696467198e-06,1
0.05078391014197431,0.9491756721540773,7.46509936020604e-06,1.106219768094784e-07,2.4531538224664476e-05,3.8057473717062872e-06,4.504697014936388e-06,1
0.029454951789581584,0.9705214483790345,7.124389571603683e-06,8.379436909484398e-08,7.295591088104063e-06,2.882792453580202e-06,6.21326390149813e-06,1
0.032704260599547966,0.9672673145886821,9.278752782449767e-06,9.487161420931932e-08,8.752672584743837e-06,3.2638848702594586e-06,7.034629918585919e-06,1
0.028775585531508694,0.9711992164310304,8.289532525025678e-06,8.475721668785143e-08,7.819538441563973e-06,2.915798542419129e-06,6.0884107349833995e-06,1
0.041058700271555615,0.9589241561698585,5.437112955759181e-06,6.976619982356379e-08,4.225045492397224e-06,2.400080980771826e-06,5.011552957303106e-06,1
0.06161457255724443,0.9383555694676293,9.32920135520559e-06,1.097265194125985e-07,8.76221633295943e-06,3.7747868307930953e-06,7.882044087931729e-06,1
0.11570704999356753,0.8841854623547866,1.0668847292577859e-05,1.736373582708834e-07,8.466692337657128e-05,5.8541430303658894e-06,6.124100587916508e-06,1
0.11047890816310717,0.8894333229486593,5.815390688805169e-06,1.2234679103090817e-07,7.346024274462145e-05,4.124893520228853e-06,4.2460144890054e-06,1
0.13719427255959646,0.8627124460246274,6.010638027836391e-06,1.4291141238582725e-07,7.874791910594857e-05,4.092916754356393e-06,4.287030475413612e-06,1
0.21677848860357243,0.7831093706788774,8.599878100210535e-06,2.1274635849154676e-07,8.732480226025197e-05,6.822470721470015e-06,9.180820109747694e-06,1
0.08233031776698015,0.9175896372701686,5.620633801862857e-06,1.1824940851206368e-07,6.614873241439551e-05,3.986751224387103e-06,4.170596001925826e-06,1
0.1130592757438623,0.8868834896707153,6.973616629691906e-06,1.4484173757603817e-07,3.911974535712751e-05,5.098269716867278e-06,5.898111980983426e-06,1
0.07532860559119844,0.9246249569013317,6.244181217226244e-06,1.2503779959021907e-07,2.5990171136402447e-05,4.4617457034684925e-06,9.616371613085294e-06,1
0.07532787425463487,0.9246276256360035,8.902634321113041e-06,1.1374561028379026e-07,2.6938719049846373e-05,3.913166286116568e-06,4.631844094295665e-06,1
0.04021510838790126,0.9596468188133066,9.479385087341872e-06,1.378591277105861e-07,0.00011894533857225002,4.647940592650314e-06,4.862275412200125e-06,1
0.07575356590189271,0.9240504503213284,8.027136557837557e-06,1.499793226409043e-07,0.00017451734107044138,5.056574732028629e-06,8.232745095873775e-06,0
0.1125938177819308,0.8872357532504188,7.465363019779414e-06,1.6894127650258536e-07,0.0001522604428087558,5.083505151949155e-06,5.450715393668793e-06,0
0.1506104114430763,0.8491701796420726,9.57834549832911e-06,2.1675810151270117e-07,0.00019631065662896187,6.5223310050559016e-06,6.780823617345815e-06,0
0.06029352068394819,0.9396628630373177,5.916076371704821e-06,1.1651085830555491e-07,2.8495029692491427e-05,4.168166803667009e-06,4.920495007822989e-06,1
0.08007424030646978,0.9198481076375031,1.4631483728841135e-05,1.2074430271954863e-07,5.016205246352631e-05,8.842129403862992e-06,3.895646127665665e-06,1
0.11938522577908764,0.8805216556123521,1.7188699373232123e-05,1.6244947476236703e-07,5.703142299667031e-05,1.4625201090378996e-05,4.11083562529822e-06,1
0.06897652213568846,0.9300707843414419,2.4884482307229878e-05,1.4736111297498905e-07,0.0008917344397088815,3.185075454151995e-05,4.076485199410717e-06,1
0.06552592027822171,0.9333764989160809,2.3512840272236226e-05,1.5045123693015717e-07,0.0010387860069673305,3.0175527651955686e-05,4.955979569376603e-06,1
0.0633182357508228,0.934779831437483,3.506087562784134e-05,1.7941321670651474e-07,0.0018257432495409032,3.583047479308187e-05,5.1187985158988085e-06,1
0.07276238618219151,0.926986644706742,4.887811982198649e-05,1.6518731820154736e-07,0.0001628182855538982,3.4470111883483855e-05,4.637406489084724e-06,1
0.16097339962085813,0.8323350099308372,4.089705985497206e-05,3.337687878480052e-07,0.0065436655755445085,7.581329630901235e-05,3.088074780834896e-05,1
0.04086892180971651,0.9589566288317746,2.0576646489782312e-05,1.554243475147045e-07,0.00011499859350213084,3.060672927485388e-05,8.111964894813875e-06,1
0.04361337558085504,0.9561918189267335,2.5767901973862376e-05,1.347187601151052e-07,0.00013328440056207256,2.7208221105082927e-05,8.410250010252248e-06,1
0.04405337573722766,0.9557479807313916,2.7322584031260782e-05,1.4815460595420664e-07,0.00012641427781589443,3.44779997922313e-05,1.0280515135558045e-05,1
0.08404795484731688,0.9124605053954755,4.269725268167926e-05,3.8527910216705596e-07,0.0033294438093715946,0.0001099085746030964,9.104841449192146e-06,1
0.08154845106633254,0.915901290831201,3.00145449570887e-05,2.1771341701520357e-07,0.0024495711550050186,6.368617355756379e-05,6.768515529934168e-06,1
0.012692079662222935,0.987131416203875,1.926644436567225e-05,1.1761481106530546e-07,0.00012893723140791537,2.448947862029531e-05,3.6933646971225795e-06,1
0.025978038851010965,0.9738789570655293,1.795794809247315e-05,1.1439610429800031e-07,9.717094326936333e-05,2.5481103935420196e-05,2.279692058263832e-06,1
0.013554655023125478,0.9863375447294541,1.730716807028066e-05,9.679508895277219e-08,6.806539014883805e-05,1.991232433586806e-05,2.4185697763055977e-06,1
0.007876953377957203,0.9679697764766492,3.5329032939033215e-05,1.9365720389828738e-07,0.024071627242423156,3.819047145068766e-05,7.929741376986252e-06,1
0.005001238829344582,0.9854267021702539,2.796870928398617e-05,1.4613343586808698e-07,0.009498415979506878,3.388147000477444e-05,1.1646708169942106e-05,1
0.005091166589993301,0.983820095255191,2.8236490698245456e-05,1.475325643630773e-07,0.01101439005196391,3.420586209104983e-05,1.175821749822555e-05,1
0.012900204177595728,0.9613685282333734,2.9508287736887793e-05,3.839097698787877e-07,0.025645066758113705,4.705858976012128e-05,9.250043650340383e-06,1
0.013837101895719281,0.9635145720964621,3.299070009204916e-05,4.0415794074233076e-07,0.022566776627701485,4.461869280784472e-05,3.53582927667926e-06,1
0.0133872989367072,0.9820813861671618,2.3766945734608996e-05,8.074991673348775e-07,0.00444959577736922,5.407838206243265e-05,3.0662917974683075e-06,1
0.9423933195490051,0.049922123347124175,7.923778023861328e-06,1.566729039834919e-07,6.138956677309938e-06,5.3900455384167104e-06,0.007664947650727156,0
0.9136148253227676,0.07168191457794622,9.729819011282497e-06,1.8179230591336265e-07,7.558904350424286e-06,6.161810061909844e-06,0.01467962777355677,0
0.9193021655836761,0.07526130532307607,8.925359176619702e-06,1.8229575480969943e-07,7.236463714553745e-06,6.416682039932276e-06,0.005413768292561957,0
0.8999382917137283,0.08337641100384746,9.130454504461157e-06,1.7059375682921943e-07,7.09326989485546e-06,5.868967093224779e-06,0.016663033997174774,0
0.8908494106706266,0.1041092625522955,9.758987718770577e-06,1.8233729514580588e-07,7.687430956841798e-06,6.147528493299569e-06,0.005017550492613645,0
0.904929549215673,0.06850861461668502,9.384100326361451e-06,1.974246811767478e-07,8.334960445530197e-06,6.656201913295504e-06,0.02653726348027569,0
0.8652369435985618,0.08647617210017096,7.88248406366433e-06,1.783807319481279e-07,7.117319281906043e-06,5.367541838438119e-06,0.04826633857535103,0
0.9471817069997176,0.025540534510988647,3.5274548045525027e-06,8.726225160894428e-08,2.8003769816705085e-06,2.625753248750692e-06,0.027268717642007,0
0.9043720521764799,0.09536202643048401,9.29901767544993e-06,1.8562836715006081e-07,7.218807370129819e-06,5.988534278164416e-06,0.0002432294053452557,0
0.9320356611676321,0.06794446837157216,6.2332723465233465e-06,1.0564275809589444e-07,4.104462982962673e-06,4.1774427216117495e-06,5.249639986557915e-06,0
0.9186098502086842,0.08136415454322453,7.582410037417217e-06,3.59924253532008e-08,6.829634683626922e-06,5.157878089975592e-06,6.38933285470635e-06,0
0.9185463448625114,0.08143010899385478,6.949277880192035e-06,1.692514222656281e-09,6.18734965848296e-06,4.5520007938845205e-06,5.85582278685622e-06,0
0.6098348684429565,0.3898375352168564,8.736006835140087e-06,1.7174577509840743e-07,0.00030733761677159775,5.821285118613396e-06,5.5296856866701095e-06,0
0.6697352057881041,0.3300444952482734,7.663015960206185e-06,1.5065128044350642e-07,0.0002024519059766391,5.182882562110713e-06,4.850507843174926e-06,0
0.47446291309313726,0.5252625799666302,9.007866319981591e-06,1.6830331456010516e-07,0.00025412175294809526,5.790168604017346e-06,5.418849045974467e-06,0
0.07874302846384172,0.9211749428599417,7.792551803320887e-06,1.455963322269763e-07,6.40465607936021e-05,4.908801571118596e-06,5.13516571626607e-06,1
0.11498284467505065,0.8849267647144883,6.681756288534756e-06,1.4085425643414684e-07,7.191951736714503e-05,4.858815866023731e-06,6.789666682664189e-06,1
0.030094815578504644,0.9698797270114347,7.685161126979467e-06,9.03899515257004e-08,7.869838175625544e-06,3.1097014388023354e-06,6.702319367511764e-06,1
0.031149372196843772,0.968826815104393,7.188650629758946e-06,8.455018329778265e-08,7.361396361451031e-06,2.9087948628599305e-06,6.269306725784377e-06,1
0.02934636608662111,0.9706277880449705,8.502652920504559e-06,8.693628908857759e-08,8.02057548678906e-06,2.990762496854567e-06,6.244941214809642e-06,1
0.017077308718860627,0.9829076872749072,4.678376956585816e-06,6.003049490766881e-08,3.840451036247747e-06,2.112944915000178e-06,4.312202829503771e-06,1
0.03381767985567995,0.966164431181629,5.955725369879243e-06,7.004897745609421e-08,4.421513436218537e-06,2.409809032741696e-06,5.0318658750792146e-06,1
0.0881192991297038,0.9118577148888641,8.29753921632492e-06,1.255313603876168e-07,5.005577029204801e-06,4.254684202201363e-06,5.302649623769429e-06,1
0.18383234729687742,0.8161232544355821,1.2786433449790543e-05,2.8275638339560833e-08,1.6232943942634215e-05,6.7700859075440395e-06,8.580528602205277e-06,1
0.5071549470440329,0.4928043028934588,9.853926809963833e-06,1.4330771628808681e-07,2.076825311859137e-05,4.930185195892492e-06,5.054389667710184e-06,0
0.1333068231152012,0.8665983972777384,8.366236473083115e-06,1.5631683583578106e-07,7.547365345157078e-05,5.270185656759882e-06,5.513214643301108e-06,1
0.16819234812723485,0.8317257706075276,5.654486869456817e-06,1.1896162449346738e-07,6.809405738699159e-05,4.010763420064172e-06,4.002995936518803e-06,1
0.15890589431970434,0.8410014634875771,7.209916802503252e-06,1.6316235933382558e-07,7.525541776174638e-05,4.909560206722946e-06,5.104135588138989e-06,1
0.1464140022856669,0.85316867729323,8.705351630517576e-06,2.153531728730198e-07,0.00039241256690898966,6.6300101729788e-06,9.357139217871732e-06,1
0.07899918462523832,0.9209421095625828,5.836162071579373e-06,1.1920187314651836e-07,4.37845559750924e-05,4.111863248406254e-06,4.854029010747367e-06,1
0.10539100717207364,0.8945574329362687,7.266237254283057e-06,1.4841073308355835e-07,3.299605512927632e-05,5.105743208476047e-06,6.043445332510846e-06,1
0.11404777935358928,0.8858863682924604,6.965776206111801e-06,1.4467889229288348e-07,4.7757880364330234e-05,5.092537742164845e-06,5.891480745182922e-06,1
0.06280502424188039,0.9371435351824392,6.222540862328486e-06,1.1846603127051971e-07,3.2239974611258384e-05,4.075561935631837e-06,8.784032239827923e-06,1
0.07360481905706757,0.9263379475737911,1.0580509747730948e-05,1.244453435176356e-07,3.301976015591633e-05,4.281266956170218e-06,9.227386938110401e-06,1
0.41709764576090497,0.5828120776463172,8.01153515154274e-06,1.6685538287542192e-07,6.582443295432903e-05,1.105404779784197e-05,5.219721491317098e-06,0
0.4287533738838163,0.571159504500761,6.83195308954108e-06,1.5815560388739372e-07,6.44408343965934e-05,1.0154540602898513e-05,5.536131729711168e-06,1
0.13911298951008086,0.8607344911052556,6.602536244719042e-06,1.4813070250101178e-07,0.00012973761987092498,1.0680869305778418e-05,5.350228539612591e-06,1
0.08423526746887992,0.9157209524795755,5.839428370717809e-06,1.1926858633418895e-07,2.6428111695384507e-05,4.1141645168119065e-06,7.2790783752525856e-06,1
0.07102001825315238,0.9284799581344859,2.3887561818366637e-05,1.5172745985591585e-07,0.0004423247374678114,2.9330683260535128e-05,4.328902355070235e-06,1
0.07247192191826853,0.9261236023944375,3.002561819119896e-05,1.457854243153201e-07,0.0013441213338317676,2.538066573695765e-05,4.802284109867641e-06,1
0.0798402693328999,0.9181822185005695,3.426959208936212e-05,1.7536406726505767e-07,0.0019030421149501976,3.5021822288774576e-05,5.00327313526039e-06,1
0.06873695353100252,0.931045350683169,2.7937634153999454e-05,1.6339415185544306e-07,0.00015091176499480553,3.40959267144959e-05,4.587065813178318e-06,1
0.051556174556066967,0.9481825485167199,3.795248580103894e-05,2.1534879222642527e-07,0.00015791150324768577,3.69129708835464e-05,2.828461848857873e-05,1
0.05763097537317131,0.9339839304941441,3.5804225070830135e-05,2.535540893817118e-07,0.008279566559572137,5.4580444997849404e-05,1.488934895438259e-05,1
0.09446504052535548,0.9020140985544628,3.084946140259184e-05,2.2974020011092177e-07,0.0034083838601960746,7.600692466647711e-05,5.390933716217611e-06,1
0.028356306991360002,0.9677553128100895,2.944060276605356e-05,1.5986905777590215e-07,0.003818593173212736,3.703058566239392e-05,3.1559678513683436e-06,1
0.01996954361860031,0.9761646461137481,2.6756605686835e-05,1.483738289837082e-07,0.0038020883917181344,3.386006108804144e-05,2.9568353295793434e-06,1
0.013043702081594218,0.9868195675167132,1.9743878127316088e-05,1.175776548935745e-07,8.778167327733904e-05,2.5395074721660513e-05,3.6921979113095657e-06,1
0.005791848763825863,0.9941219147842375,1.4021644990758038e-05,9.559687849939174e-08,4.95389768927159e-05,2.0191602475063897e-05,2.388630699648383e-06,1
0.0050044317631822354,0.9948877657879118,1.5935988652628442e-05,9.391040014440724e-08,6.974837679292546e-05,2.0152721276793045e-05,1.8714517833569802e-06,1
0.004495283180705114,0.9953848322071825,1.8015336566817906e-05,9.626641725493523e-08,7.919629525805255e-05,2.065831124423877e-05,1.9184026260361418e-06,1
0.0045302424474239255,0.9952941501567898,2.0035628939982096e-05,1.1003492486049627e-07,0.00012300480501761785,3.0264144676916664e-05,2.192782226942629e-06,1
0.00514453785232763,0.9946434815092943,2.182045706705954e-05,1.1401077482781409e-07,0.00015193866363616027,3.583549370955133e-05,2.2720131907150714e-06,1
0.007362744822753775,0.9703099441224612,2.3685939839942793e-05,3.081596531251089e-07,0.0222602410524125,3.776847382802942e-05,5.307429051402209e-06,1
0.010508589440833032,0.9655852065350575,2.593584350965971e-05,3.3743142950848375e-07,0.02383201263444785,4.120824489839624e-05,6.709869824154209e-06,1
0.00804160714951255,0.9736355540951738,2.369673514344958e-05,3.4205392517505415e-07,0.018254888705126985,3.7762462326166366e-05,6.148798791912758e-06,1
0.011200430416694832,0.9831728374162476,3.296454750289533e-05,1.0223436918813612e-06,0.005533008217014321,5.293112709322136e-05,6.805931755075837e-06,1
0.011701309284958205,0.9823700909795392,2.631485018200376e-05,9.799263785043896e-07,0.005842347265860701,5.549838844047004e-05,3.4593046408529867e-06,1
0.9008920875168,0.09208180007715226,1.0282770034716229e-05,2.1357031968083232e-07,8.456110584432226e-06,7.347497362116897e-06,0.006999812457746679,0
0.9159334396945628,0.07667296004803642,9.803900112195858e-06,1.9384761868850255e-07,7.675209282865276e-06,6.668973802609536e-06,0.0073692583265843785,0
0.9106150907465994,0.08022771309907001,1.0008382224993103e-05,1.9789074134137725e-07,7.824044277686154e-06,6.8080700640709e-06,0.009132357767022342,0
0.8974521381173473,0.0780367264070705,9.120219403825322e-06,1.704025238223479e-07,7.119944268982696e-06,5.7757559132550496e-06,0.02448894915347232,0
0.921363513802695,0.02877355746577145,4.749708079255989e-06,1.0748596468760328e-07,3.4493863705547632e-06,3.2342922142138216e-06,0.04985138785890504,0
0.884516421169552,0.05525543918927804,6.399388048865369e-06,1.4717273662873195e-07,5.947247645040109e-06,5.076774006557169e-06,0.06021056905873296,0
0.9347342331006959,0.061699417970491735,8.252585381455216e-06,1.6855470479941344e-07,6.673760780244269e-06,5.814352329176717e-06,0.003545439675616527,0
0.9434107030503279,0.05418142113897748,7.512048452202006e-06,1.5342962850710022e-07,6.0748979892117306e-06,5.292607637007835e-06,0.0023888428269877976,0
0.8465853837023759,0.15319543605968344,7.99884894143503e-06,2.1508014030794052e-07,6.507664191890677e-06,5.745518361041956e-06,0.0001987131263061138,0
0.9094866840901719,0.09044707033996674,8.252613554519308e-06,1.9895097401230747e-07,5.471430078424233e-06,5.314653749520047e-06,4.70079215051413e-05,0
0.9309267482961534,0.06904709765385275,7.628730085540523e-06,3.62122988322408e-08,6.871356115948452e-06,5.189386958549414e-06,6.4283645351147365e-06,0
0.8867279719696629,0.11324504948023977,7.904697632979836e-06,3.752227037190952e-08,7.119925835107164e-06,5.255495222412147e-06,6.6609091362356955e-06,0
0.8772045885478498,0.12277024327814809,7.34116537408394e-06,3.4847277505216626e-08,6.612340589557845e-06,4.993773200212324e-06,6.186047560736291e-06,0
0.8815720865737217,0.11840355745022917,7.202318799423207e-06,1.7541429792114789e-09,6.365104143142425e-06,4.717750744466973e-06,6.069048219251794e-06,0
0.6207680891923291,0.3791927867441401,1.0363810092631546e-05,1.7587794318083316e-07,1.2968645442320759e-05,5.961344043218972e-06,9.654386009338227e-06,0
0.5564243747098379,0.4435368144407165,1.0862828329726173e-05,1.843464794011493e-07,1.5013412524917919e-05,6.248383208214549e-06,6.501878903510829e-06,0
0.8082190469413094,0.19157645760890113,6.876032879344046e-06,1.277380217052516e-07,0.00018659444961486847,4.496288301108347e-06,6.400940972358126e-06,0
0.44211788336149266,0.5575119519654319,9.925791696205944e-06,2.0882089842384217e-07,0.0003463738986486151,7.040427039517336e-06,6.615734792679531e-06,0
0.23709178023420824,0.762202770608731,1.0733761126981998e-05,2.43392564976933e-07,0.0006760716418622023,7.493250089126683e-06,1.0907111417487401e-05,1
0.053235466157235393,0.9464114965218744,1.0466464919598118e-05,1.3258837054647224e-07,0.00032616992930284774,4.561461088289111e-06,1.1706877208888984e-05,1
0.0630248757407252,0.9368779796162868,6.955808964965852e-06,1.3022336808804645e-07,8.026361511538052e-05,4.492099727842215e-06,5.3028958116659e-06,1
0.08528551595593666,0.9146338781704888,7.726793508360225e-06,1.4436770176016415e-07,6.277550218589249e-05,4.867378115777636e-06,5.0918320624945035e-06,1
0.17679111593675237,0.8230738709105834,8.157756182079346e-06,1.71968960192325e-07,0.00011246179530132434,5.932128239494996e-06,8.289503981131896e-06,1
0.03811591841067353,0.9618116685754058,6.537567848084058e-06,9.687730115640225e-08,5.5262332413673214e-05,3.332886871918437e-06,7.183349485791113e-06,1
0.029762686766238482,0.9701977209129744,7.198822688119177e-06,8.466981549229886e-08,2.3313904099266808e-05,2.9127917863155587e-06,6.082132397892502e-06,1
0.04785583530801049,0.9521071529584275,7.263163201502631e-06,8.542656414869344e-08,2.0587826183672367e-05,2.9388252819342175e-06,6.136492331162199e-06,1
0.21075144006286822,0.7892077273085966,1.0012649543963954e-05,2.780325466053618e-08,1.5961750143614196e-05,6.656710138410586e-06,8.17371545473416e-06,1
0.1718746701559713,0.8280789035913748,1.3198015838448006e-05,1.9966942480465826e-07,1.745307684615333e-05,6.869263049507909e-06,8.706227495088996e-06,0
0.2881825827125719,0.711776680136279,1.3722203206048608e-05,2.076020752470107e-07,1.0613241473499375e-05,7.142090492614013e-06,9.052013901791728e-06,1
0.30965611189478115,0.6903031713215413,1.3440829929222395e-05,2.0686031652435058e-07,1.093285029994461e-05,7.116571923425237e-06,9.019671208389914e-06,1
0.18357108500986954,0.8163478199973702,5.8710724702035554e-06,1.3286395145720567e-07,6.680650646793882e-05,3.997880219712143e-06,4.286669651013055e-06,1
0.19639667124785593,0.8032237067870093,1.0463162996716526e-05,2.3678153470052376e-07,0.0003541576660339405,7.12484347493444e-06,7.63951109431161e-06,1
0.188607270222961,0.8110961812195524,9.622577059404832e-06,2.3804351494469817e-07,0.00026869196102973387,7.328570573815336e-06,1.0667405308614151e-05,1
0.11946886697372551,0.8804728991881572,5.522235396651914e-06,1.1617925884124399e-07,4.382801658895857e-05,3.916956611131486e-06,4.850450261732651e-06,1
0.08868240227725399,0.9112595091316893,5.774801835357925e-06,1.1794860858590446e-07,4.3324213944742335e-05,4.0686319438026415e-06,4.802994724332388e-06,1
0.09898870799726825,0.9009493246908525,6.383873578414505e-06,1.3038871764430665e-07,4.5645727237044484e-05,4.497752945790048e-06,5.309569400320264e-06,1
0.08167766664347131,0.9182882544213292,6.864633010588553e-06,1.4257815218032761e-07,1.6360701542175117e-05,4.905086155473074e-06,5.80593633903208e-06,1
0.09147567663355584,0.9084815450736381,6.738769930950178e-06,1.332438291624025e-07,2.551252707223104e-05,4.583959405646565e-06,5.809792568166521e-06,1
0.08063787624064211,0.9193203725863474,8.668894224710224e-06,1.1516848063606569e-07,2.4943060054524e-05,3.962116995318859e-06,4.0619332555870295e-06,1
0.051322136179469006,0.9485372425586276,9.43805149822126e-06,1.7533337147888685e-07,0.00011891249921362048,5.911390185594337e-06,6.183987634606786e-06,1
0.12083238536123211,0.8790110745409886,8.254770068753546e-06,1.7366559311316738e-07,0.00013622941299918818,5.855160794807496e-06,6.027088323198627e-06,0
0.11272762827857082,0.887146553745119,7.252212927412895e-06,1.4812262492545337e-07,0.00010229390719084506,5.1095407290112975e-06,1.1014192837983644e-05,1
0.05140351891096894,0.9485407307567878,8.336543505467003e-06,1.0823299120857813e-07,3.7715389325363886e-05,3.6490500514922783e-06,5.941116369888729e-06,1
0.05305601024936587,0.9468638286969294,8.238746046651179e-06,1.0696329094331916e-07,6.233768187558126e-05,3.606242403227303e-06,5.8714200883155344e-06,1
0.10347068162691044,0.8964407819780209,1.722944223847904e-05,1.536759609599881e-07,5.509217875237123e-05,1.1253721314100706e-05,4.807376802958014e-06,1
0.047511379705260245,0.9523997012589935,1.7370519690027775e-05,1.127208649080079e-07,4.9695202508630915e-05,1.852461495784409e-05,3.2159777248587918e-06,1
0.09439390874604366,0.9037995817154848,2.965523156136403e-05,1.6252749484285027e-07,0.0017420589303347215,2.8295393994597052e-05,6.337455085957747e-06,1
0.0658476794402503,0.9320448103884998,3.11834085774861e-05,1.8069515241592818e-07,0.002034986753720924,3.60864891824656e-05,5.07282461677067e-06,1
0.20546550587798376,0.7896386353535833,6.86880011380677e-05,3.844635225482629e-07,0.004694251779746547,8.884808319677513e-05,4.368644082916287e-05,1
0.05188701018858441,0.9479192475651309,3.158286226234895e-05,2.0000630755999789e-07,0.00011210352738169538,3.6061945043052724e-05,1.3793905289759677e-05,1
0.04220780435796415,0.9575542378542934,2.8421168436219675e-05,1.513267990466242e-07,0.00015725758738720325,3.7239277017189177e-05,1.4888428102934897e-05,1
0.03412106593506707,0.9657044138205365,2.3362065359046765e-05,1.3722190775972028e-07,0.00010881120889035883,3.440673415838351e-05,7.803014080915392e-06,1
0.030706286723003996,0.9691327202279495,2.1374909095238178e-05,1.3551039952005255e-07,9.862587746623753e-05,3.378414331245264e-05,7.072608773119473e-06,1
0.14211109257950738,0.8538887048401747,3.371044962949346e-05,2.2617403158918651e-07,0.0038391344253740863,0.00011839544186685977,8.736089416138087e-06,1
0.04826290699787888,0.9515834765095766,2.0594578859366456e-05,1.27972636681803e-07,0.00010037267950850102,2.996346282509705e-05,2.5577987149824355e-06,1
0.021548521890575517,0.9750184320793764,2.6455288443997565e-05,1.467029297081472e-07,0.003370165722909962,3.335477858465332e-05,2.9235371796024377e-06,1
0.015373306078026823,0.9844892415482517,1.925603981601347e-05,1.1723863945297776e-07,8.99538427706637e-05,2.5788914235185723e-05,2.336338260141977e-06,1
0.014819241455509771,0.9850605973371523,1.3760976152386267e-05,1.0093959559630499e-07,8.213627729875153e-05,2.215148430209704e-05,2.011529989219063e-06,1
0.0053503011536539065,0.9945598817315509,1.5487322601305687e-05,9.552115760492508e-08,5.167192333497376e-05,2.017560900096596e-05,2.386738700077198e-06,1
0.004666821942567272,0.9951567381602117,2.1210998754407677e-05,1.1007731652616635e-07,0.00012559691129993206,2.7300908821695756e-05,2.2210010287161955e-06,1
0.0055185617313524915,0.9942457629754065,1.899937452229079e-05,1.233123323907864e-07,0.0001766566757105518,3.754986953282414e-05,2.3460611429174122e-06,1
0.0070170689723713904,0.9756247646115529,2.245754968777584e-05,2.867475546107498e-07,0.01730341777643621,2.9229279992865113e-05,2.775062404530631e-06,1
0.8992933614249736,0.0771922374657297,1.0343343812896658e-05,2.0451376946530215e-07,8.097525223645973e-06,7.035923268310551e-06,0.023488719803222584,0
0.8904348706668918,0.06400485880077088,8.984286961039882e-06,1.6786275692701852e-07,6.653961031835851e-06,5.908650690585399e-06,0.04553855577089689,0
0.8843865598575036,0.10874273809477104,9.375151188017567e-06,1.844064770948418e-07,6.983393814391424e-06,5.9175862982662715e-06,0.006848241509947632,0
0.8185460893770422,0.08350560534525107,7.315850144614368e-06,1.6555779790723355e-07,6.529695389672332e-06,4.9816950364637474e-06,0.09792931247933828,0
0.9467387052784892,0.050274915495116805,7.264289487751808e-06,1.4836928230236364e-07,5.8745384675014445e-06,5.1180492597915786e-06,0.0029679739798966075,0
0.8977768141627943,0.10203782684647011,7.837334890942058e-06,2.1264860473265894e-07,5.382385613805666e-06,5.047215768582738e-06,0.00016687940585750587,0
0.9105319446301184,0.08942785203278189,8.278790005916292e-06,2.2462648439069373e-07,5.245901172866251e-06,5.411258899362399e-06,2.1042760537203943e-05,0
0.9453003638824601,0.054674114469879985,6.2166896401012855e-06,2.522208781544471e-08,3.9137208060041875e-06,4.2286483121842165e-06,1.113736681373249e-05,0
0.9485155427576383,0.05146005760368488,5.851237099781151e-06,1.5156284349140937e-08,3.683649933327536e-06,3.980064201142283e-06,1.0869531158366226e-05,0
0.9494025663580791,0.05057728549075152,5.345043269830268e-06,1.2563678141134781e-08,4.596383462499009e-06,3.1843107564638926e-06,7.0098500022408675e-06,0
0.9331541949250642,0.06681846656484443,7.061422762162837e-06,1.036034490578032e-07,6.2871988239826635e-06,4.625459302892519e-06,9.260825753192216e-06,0
0.9056884483850962,0.09428592202264124,7.475753912553743e-06,3.5486146664279115e-08,6.733567290015359e-06,5.0853260535016584e-06,6.299458859580391e-06,0
0.8819501211758926,0.11802068581680096,7.214928103830565e-06,1.0582907097669919e-07,7.684096882188335e-06,4.72601024490172e-06,9.46214300458047e-06,0
0.7297913098347701,0.2701676307662449,1.0424917557375705e-05,2.014663282985993e-07,9.932418864899717e-06,6.828656705845174e-06,1.3671939528611431e-05,0
0.5821840176324049,0.41771872068293314,9.17057029528669e-06,1.8028908781562182e-07,7.1903441545317e-05,6.110858816457692e-06,9.896524917020837e-06,0
0.7490822994145644,0.2508420560668456,7.236816343905236e-06,1.6444616708764841e-07,5.865463444962541e-05,5.007888062211016e-06,4.580733567307402e-06,0
0.617425312098314,0.3823204316085515,8.0053376702583e-06,1.4957203140200418e-07,0.00023621591311622658,5.069710972874677e-06,4.815759343692317e-06,0
0.39011673499549787,0.6095261493445677,1.0517443917423396e-05,1.9650831940920638e-07,0.0003334494376083742,6.625306642683825e-06,6.326963446559697e-06,0
0.3748247088451363,0.6248509343758372,1.0781874848378964e-05,2.0144895691104348e-07,0.0003000955374874389,6.791880956475858e-06,6.486036777250249e-06,0
0.2869831555804534,0.7121353041673354,1.2301423644375775e-05,2.789399743717189e-07,0.0008482522529356487,8.587636964259645e-06,1.2119998692402582e-05,1
0.12691753560019417,0.8727514460368785,7.102803575816421e-06,1.4973011182495737e-07,0.0003125035972839368,5.164991540718838e-06,6.0972404149460554e-06,1
0.132778694313538,0.8668767286121265,8.132999319373734e-06,1.522621695565552e-07,0.0003249579218979687,5.133541248662446e-06,6.200349699684474e-06,1
0.05705376163361689,0.942637333544903,9.190926518044078e-06,1.4958225694848605e-07,0.00028128690439286426,5.07005756551447e-06,1.320735074657722e-05,1
0.060428035447809655,0.9392771166350494,8.657087441430636e-06,1.4089403016630438e-07,0.00027099211259685405,4.847202160543704e-06,1.021062091191755e-05,1
0.0589203803072205,0.9409965786088941,7.960230184715759e-06,1.4872924143836523e-07,6.467203333700568e-05,5.014428062004803e-06,5.245663060041312e-06,1
0.07521675638084174,0.9247003073973532,6.864102719660035e-06,1.2850648710431308e-07,6.627775549121419e-05,4.432875329694628e-06,5.2329817777145375e-06,1
0.16598279975681918,0.8338431097735144,9.925961816763067e-06,2.092434849042493e-07,0.00014695776775377591,7.217925748592388e-06,9.779570862516294e-06,1
0.11990034484368035,0.8800049150370793,6.982965744039056e-06,1.3073178447141e-07,7.7793184677707e-05,4.509637725291288e-06,5.32359930866114e-06,1
0.132203383541282,0.8676878617652841,6.645265249477199e-06,1.357260386492262e-07,9.187070594243809e-05,4.576023183910815e-06,5.526973019161624e-06,1
0.033080819106014944,0.9668664906920537,5.567748599369453e-06,7.553746310019837e-08,3.902216998170131e-05,2.598622670878317e-06,5.426123216462088e-06,1
0.02096854076974635,0.979014501375952,5.628189220745278e-06,6.619662179799484e-08,4.1783515383299395e-06,2.329979381869038e-06,4.755137539011644e-06,1
0.023249838449921064,0.976732840156663,5.7667660213914706e-06,6.782650944081603e-08,4.281230557752849e-06,2.333352192218163e-06,4.8722181347314846e-06,1
0.04128805587801323,0.9586917926692219,6.1054937893796195e-06,7.834251434489636e-08,5.6448750822361206e-06,2.6951214075088945e-06,5.6276199712847045e-06,1
0.1095894030696935,0.8903851777252585,6.464686928912952e-06,1.0699122683166115e-07,7.4812806318002255e-06,3.680687915889368e-06,7.685558344724374e-06,1
0.28656537657790043,0.7133926603870061,1.0906273816216385e-05,2.0721777944323923e-07,1.4967667116271051e-05,7.12865904373813e-06,8.753217337963474e-06,0
0.2147754230277259,0.7851756013846332,1.682682549937148e-05,1.9845836146811872e-07,1.040747026199229e-05,6.827521232312997e-06,1.4715312285752161e-05,1
0.25278376879329273,0.7471697895469502,1.4397707407744678e-05,2.1292835941536181e-07,1.5329691070976606e-05,7.217078572126356e-06,9.284254346784592e-06,1
0.23911950002063287,0.7608360702441457,1.5267168033846106e-05,1.966747927525786e-07,1.419092093488058e-05,6.766161493249566e-06,8.008809966688231e-06,0
0.27676820329288343,0.7231308209669979,8.833467235881478e-06,1.6504669121110533e-07,8.047804745178805e-05,5.678066573918845e-06,5.8211121658667595e-06,0
0.15815091719152735,0.8417560323723557,7.63982268435546e-06,1.427443405654504e-07,7.54207572522681e-05,4.812592144725877e-06,5.034519694862331e-06,1
0.20395458253647175,0.7956290907095639,9.565528833533622e-06,2.3663225472574582e-07,0.0003886353075912928,7.285122550814107e-06,1.0604162734016033e-05,1
0.12248418166409006,0.8774393103542193,5.418108405338827e-06,1.2460672817947365e-07,6.0757768194048515e-05,4.201086774025655e-06,6.006411589010769e-06,1
0.08673698169799722,0.9132019355294022,5.9434527077436e-06,1.213932524545291e-07,4.588720751861308e-05,4.187454778992787e-06,4.943264342826092e-06,1
0.11497918846481879,0.8849577389639877,7.35869748947727e-06,1.374917277474336e-07,4.609161771354919e-05,4.635501528823782e-06,4.849262734221802e-06,1
0.0956206668727661,0.9043178299187729,7.110703864371066e-06,1.4768903393957527e-07,4.3032267184181684e-05,5.1984914144808325e-06,6.014056963943689e-06,1
0.08098461628556923,0.9189721788606645,7.816248015269496e-06,1.2936116666453193e-07,2.624635758538864e-05,4.450384985067792e-06,4.562502014041929e-06,1
0.07214207947243603,0.9278130865722216,9.944690079098043e-06,1.1623241111709931e-07,2.667485614265551e-05,3.998719171690899e-06,4.099457538087548e-06,1
0.06438648338641376,0.9355711278943634,8.059040176195182e-06,1.1720430498394492e-07,2.6046583973445854e-05,4.032155031799565e-06,4.133735736400472e-06,1
0.07803115372394111,0.9219253009956436,9.310319410271645e-06,1.1688092991857017e-07,2.5974719584195347e-05,4.0210300274988455e-06,4.122330463665963e-06,1
0.04825556919664859,0.9515683948317849,8.318327750869748e-06,1.54531944427433e-07,0.00015387039478896342,5.210067039400641e-06,8.482650042945391e-06,1
0.04172824009279734,0.9581442254916207,7.718307554178205e-06,1.4420914987170294e-07,0.0001097236264063987,4.862032515738971e-06,5.086239955815566e-06,1
0.08527951905353348,0.9146035431275288,7.442731322777829e-06,1.3906027315538437e-07,9.976295028282809e-05,4.6884373864663464e-06,4.904639672439594e-06,1
0.13030328952080109,0.8695487837523878,7.768810120464363e-06,1.6344186526297078e-07,0.00012881173606546257,5.510466319568267e-06,5.672272440323503e-06,0
0.11264253200119005,0.887200452950184,7.196865102766644e-06,1.6286516463525344e-07,0.00013949996971336257,4.900672710873522e-06,5.25467593442857e-06,0
0.15141765674803845,0.8484620854178747,6.908079450879584e-06,1.588715905132393e-07,0.00010158025005650919,5.480329982126237e-06,6.130303006895988e-06,1
0.05466141634789458,0.9452976778419012,5.842210806451036e-06,1.3303501833338035e-07,2.6048475947905293e-05,4.023028591329365e-06,4.859059839943887e-06,1
0.054900137439040445,0.9450503806336247,8.353596487561177e-06,1.078347257235591e-07,3.3581598017513767e-05,3.635622623566761e-06,3.803275480448277e-06,1
0.07955142348020179,0.9203808450013324,1.3171261586672013e-05,1.1815077717508227e-07,4.2150562349234996e-05,8.479574101028694e-06,3.811969651701664e-06,1
0.04737981653997876,0.9525184371424178,1.926585306731514e-05,1.250200719201906e-07,5.570176598599472e-05,2.3086798763575535e-05,3.5668797146269403e-06,1
0.06747634781346787,0.9320113013216933,2.3556289510908844e-05,1.49994480914773e-07,0.00045478495202719944,2.9580169701127897e-05,4.279459118976225e-06,1
0.10328060054543337,0.8951000864430597,2.5354721372256483e-05,1.6482986727539428e-07,0.0015546436173602637,3.291804535347586e-05,6.231797553476874e-06,1
0.16606364795966813,0.82905951233777,7.977514109096573e-05,3.97761419863629e-07,0.004701748830784873,8.572936187095138e-05,9.188607395431351e-06,1
0.04943130034211121,0.9503372000935574,3.581685249364802e-05,1.1994393441316195e-07,0.00014751317231960801,3.61539318567194e-05,1.1895663726961825e-05,1
0.030955186469468876,0.9688784557712666,2.1587467552466445e-05,1.3142296197397056e-07,0.00010421288846515413,3.295271862029218e-05,7.4732616648514595e-06,1
0.029216241569365347,0.9706311182053409,1.9468276116483523e-05,1.2925386374718704e-07,9.407230569105835e-05,3.222432427318624e-05,6.746065349491265e-06,1
0.09546665487101241,0.901902340965573,4.002611530171289e-05,3.6117606633028205e-07,0.002472458469433646,8.315268542670857e-05,3.5005717186256246e-05,1
0.2043158576398577,0.792498065414896,2.700468439105662e-05,2.1244179426514785e-07,0.003052817739406331,9.694956153114763e-05,9.092518123421629e-06,1
0.092937015860573,0.9027286197364099,2.7680337298383427e-05,1.886443040624767e-07,0.0042448141942139994,5.757564636238165e-05,4.105580838320108e-06,1
0.040927824077749565,0.9559458246168276,2.593023533706935e-05,1.578091754460155e-07,0.0030610658704402966,3.601328049195425e-05,3.1841099778231524e-06,1
0.02950622162319065,0.970362504861835,1.7969599412062954e-05,1.156168275071998e-07,8.456886648708024e-05,2.628666196480925e-05,2.3327702830523956e-06,1
0.006062844622400075,0.9938274084183787,1.7769045324907766e-05,9.824394233645242e-08,7.040362471176605e-05,1.951823438423994e-05,1.9578108580823014e-06,1
0.00545498282064091,0.9943548689847456,1.974659559088496e-05,1.1504319366784121e-07,0.0001429256337743134,2.4713970316766062e-05,2.6469517380140585e-06,1
0.004544890737333798,0.9952706705472176,2.1271388413026982e-05,1.1039071674101345e-07,0.00012595449722433208,3.4902566626501056e-05,2.1998724677282494e-06,1
0.008149653903457664,0.9915327496960518,2.186109106809384e-05,2.7547077876995875e-07,0.0002648184375513467,2.7975502136295704e-05,2.665898956188475e-06,1
0.02029311003154214,0.9696731514962081,4.360733757305108e-05,1.3641785836327757e-06,0.009906690563410888,7.726061324338854e-05,4.815779438977492e-06,1
0.8817474807988598,0.0785580181577818,9.753803074014018e-06,1.928570749820427e-07,7.5373064556045825e-06,6.5368479659485e-06,0.039670480228787844,0
0.8475496658217512,0.08902240329239221,1.2267200822872142e-05,2.2920084352096052e-07,9.505598916933403e-06,7.727539860162343e-06,0.06339820134541312,0
0.8536471222345265,0.1400123603241044,1.086065206813052e-05,2.029208334603886e-07,8.45682086558704e-06,6.841505488958272e-06,0.0063141555421129675,0
0.8779259034143836,0.11810473297910562,1.2744290215348398e-05,2.0741322323443026e-07,8.744644543924363e-06,6.992967065246571e-06,0.003940674291463082,0
0.8732596834019286,0.06917722022305563,6.771791558068864e-06,1.532457439776839e-07,5.770297234931985e-06,4.611220804957726e-06,0.05754578981967386,0
0.9297835401403924,0.04938543675935137,5.809612122644356e-06,1.3360910579451786e-07,5.399141566531374e-06,4.504650484034385e-06,0.020815176086977052,0
0.9361368856275541,0.06383157655186948,6.260700534175406e-06,1.7677789523775766e-07,4.128450705534884e-06,4.195824668766362e-06,1.6776066772825706e-05,0
0.9353270611964579,0.06463808480275561,6.622947858858499e-06,1.3749768605842622e-07,6.354468073335428e-06,4.5130714140554865e-06,1.7226015754078913e-05,0
0.9480954363193539,0.05187487518661075,6.592415376524616e-06,1.549566220180541e-08,5.869614042170134e-06,3.927272436931815e-06,1.328369651752905e-05,0
0.8631238296638122,0.136847478763007,8.32423611395947e-06,2.0268798930246426e-09,7.898233404082497e-06,5.45264271374605e-06,7.014434069219911e-06,0
0.7807259227912312,0.21923930890908358,8.502057215084959e-06,1.6430616747620297e-07,9.38264416747824e-06,5.569121261222163e-06,1.115017087412799e-05,0
0.7575499347667213,0.2424202997605223,7.278692219551118e-06,1.406640760675416e-07,8.032571102846678e-06,4.76777779404645e-06,9.54576756366487e-06,0
0.6279017249202925,0.37206491108888784,9.567096807396777e-06,1.8488854762211495e-07,9.283515876608105e-06,6.266756490853801e-06,8.061733097261798e-06,0
0.7485747693598497,0.25139211859673677,8.278778270081515e-06,1.2684911287576508e-07,1.1923359755820951e-05,4.299522667558473e-06,8.483533607179017e-06,0
0.3541383392990825,0.6457772068071359,8.197648975627198e-06,1.6116191343171975e-07,6.494837347150577e-05,5.462547464761653e-06,5.684161956306958e-06,0
0.6082314440568756,0.3915246414082562,8.34197824394824e-06,1.5497130637511594e-07,0.00022517526772182242,5.252718205712094e-06,4.989599390238469e-06,0
0.6388863136171897,0.36085555063712366,7.688530514440739e-06,1.4283202174402799e-07,0.0002408643715521425,4.841259833981704e-06,4.598751764248955e-06,0
0.7065324551812748,0.29324160899383706,7.855413877031153e-06,1.4593226151409337e-07,0.00020821537547865073,5.020533321881741e-06,4.698569948841579e-06,0
0.4020325669580298,0.5976207448643905,1.0312014791750692e-05,1.92670073865841e-07,0.0003234842093334076,6.495899634516623e-06,6.203383746093052e-06,0
0.1953613841892198,0.8040869179803698,8.240792167025043e-06,1.868634413646578e-07,0.0005289037837514707,5.992510052851068e-06,8.373880997608151e-06,1
0.1010146564733454,0.8986498788443622,8.718109501328893e-06,1.418871637122322e-07,0.0003115383456980168,4.783746413792689e-06,1.0282593515301866e-05,1
0.09198760724980505,0.907643930404364,9.037063243988283e-06,1.4707813337078533e-07,0.0003382003117569774,4.958760712750512e-06,1.6119131983893127e-05,1
0.06814855062999368,0.9315954657942283,9.130053813290728e-06,1.4859155415636946e-07,0.0002253834560931309,5.036477913162541e-06,1.628499640459867e-05,1
0.06423892844959961,0.9355029520176934,8.125182585671396e-06,1.3223728281334458e-07,0.00024001880804980756,4.4583992721921675e-06,5.384905516365098e-06,1
0.0929459532888952,0.9069526430193248,7.642514312053297e-06,1.430795410554473e-07,8.286928830420681e-05,4.92239067698575e-06,5.826418945676594e-06,1
0.04240094233478524,0.9575358842702046,6.6560898327368594e-06,9.863362556750994e-08,4.5711782457005015e-05,3.3933100102876713e-06,7.313579084518743e-06,1
0.03605848264479499,0.963887640277189,5.676609134941095e-06,8.411913810944846e-08,3.898503902300523e-05,2.893965539248992e-06,6.237345180664801e-06,1
0.03056193814948558,0.9693789744320583,8.273996108810945e-06,8.459837062253033e-08,4.154549155134158e-05,2.9104526598890316e-06,6.27287976498258e-06,1
0.05873138847970388,0.9412185622940625,5.698910178746995e-06,8.444959964843949e-08,3.52943369698342e-05,2.9052159708082188e-06,6.066313514732325e-06,1
0.02155145728526135,0.9784091670359283,5.723784890095721e-06,6.732098171578005e-08,2.637911420445508e-05,2.3695544440864745e-06,4.83590428974911e-06,1
0.019826295438902925,0.9801544651779721,6.383951752245828e-06,7.508561335542715e-08,4.80360227017401e-06,2.5830782384549574e-06,5.393665250708028e-06,1
0.033980136061262094,0.9660013095539193,5.6042687824625455e-06,7.1911056276308e-08,5.181464152712056e-06,2.5311152427614913e-06,5.165625584534137e-06,1
0.034892212684222615,0.9650899266232833,6.02093391777823e-06,7.081593560443701e-08,4.245789695463038e-06,2.4361937529864667e-06,5.086959192275435e-06,1
0.0280864825773207,0.9719004839420531,4.84655006294122e-06,5.70032792001766e-08,2.074166188087819e-06,1.9610138805892244e-06,4.0947472153289315e-06,1
0.11591325619474276,0.8840635089453701,6.749885949102673e-06,1.1171129965140044e-07,7.811328154505636e-06,3.843066790346682e-06,4.7188676936040525e-06,1
0.3778245241273642,0.6221315098483616,1.0888255729395679e-05,2.0687545695680915e-07,1.6733287473357782e-05,7.1171728194650575e-06,9.020432794834613e-06,0
0.39949020558419635,0.6004663962291731,1.0509083008262111e-05,1.996712240751098e-07,1.7113802915367155e-05,6.869324325472695e-06,8.70630515734848e-06,0
0.40348680696107514,0.5964836316752662,7.37277703791936e-06,1.403644675782632e-07,6.811533033466681e-06,4.828929230108823e-06,1.0407759889569028e-05,0
0.18775851199640745,0.8121922376897653,1.5232931651237078e-05,2.2528052930423658e-07,1.6218980543607602e-05,7.750278626070761e-06,9.822842477073515e-06,0
0.3721193623516494,0.627832553094706,1.2855592622308034e-05,1.6560838323773027e-07,2.262221007277739e-05,5.697390346469587e-06,6.743752219990934e-06,0
0.1086455209980909,0.8912966507204263,7.5308025855562265e-06,1.4337299092621376e-07,3.9383372049699336e-05,4.932430825527064e-06,5.838303031178395e-06,1
0.08224930692950845,0.9177055969625936,6.376698268983384e-06,1.3244376717601024e-07,2.8637277583859985e-05,4.556435041548974e-06,5.393253236673664e-06,1
0.09350826480866696,0.9064506771338849,7.952709667942863e-06,1.223957187018807e-07,2.3435412405485113e-05,4.210754145098309e-06,5.3367855108913095e-06,1
0.06355192985234509,0.9364051923067102,8.152033115827262e-06,1.1855672073317843e-07,2.634713445565081e-05,4.078681906124735e-06,4.181434746380038e-06,1
0.12436869094821891,0.8754949844460399,7.158891903367067e-06,1.6200583056637363e-07,0.00011869891013922427,5.077847457620218e-06,5.226950410302585e-06,0
0.05362449928509613,0.9463048673124297,1.4121549573861506e-05,1.0908079363120702e-07,4.384546036830767e-05,8.771690339349558e-06,3.7856213990386256e-06,1
0.04635569959280734,0.9535444925690132,1.940494950129541e-05,1.232564806515084e-07,5.4648942589773686e-05,2.211412595692125e-05,3.516563650777838e-06,1
0.06943644548600125,0.929919419160061,2.032069519593028e-05,1.456951263082509e-07,0.000590284864041275,2.9227304383654193e-05,4.156795190514432e-06,1
0.10675905277207777,0.8914663760864938,2.2871637369270303e-05,1.8599399665695688e-07,0.0017115661953824152,3.4285180265918066e-05,5.662134413797709e-06,1
0.09623065251525421,0.9011262146444045,3.070401053436405e-05,2.8313841442790516e-07,0.002559112895867627,4.734353760572209e-05,5.68925791920381e-06,1
0.18730317163136442,0.8068905294400902,7.39240774662836e-05,3.8712531234289285e-07,0.005637792471801614,8.34369658138975e-05,1.0758288151307764e-05,1
0.029326261763917796,0.9705124426632198,2.045921638391041e-05,1.2455424937200138e-07,9.87662878899062e-05,3.486283652534997e-05,7.082677814022217e-06,1
0.08063704010432308,0.9191416114072354,2.4244241396559033e-05,1.7636707289992902e-07,0.000151996894612571,3.7883822433999026e-05,7.047162925409671e-06,1
0.25272456682023664,0.7414234584890806,3.423561072645055e-05,3.066504451453586e-07,0.005676525032570236,0.0001297083813579985,1.119901558283964e-05,1
0.09317024370605884,0.9008930096410743,3.109783390909822e-05,1.997107885711481e-07,0.005818005135875477,8.315111488733458e-05,4.292857406048349e-06,1
0.032962059611720475,0.9668794230565568,1.6640610567362504e-05,1.1224218334591168e-07,0.00010316160798219383,3.619021079339183e-05,2.4126601965916197e-06,1
0.031136185969663607,0.9687057604803224,1.6837768818297848e-05,1.1357203073703128e-07,0.00010438386855437131,3.427709517285111e-05,2.4412454376520824e-06,1
0.010675260137453395,0.9892192386635071,1.3828987507580018e-05,1.0270678503813773e-07,6.582930683003346e-05,2.31418912489332e-05,2.59830666788039e-06,1
0.005846063382288736,0.9939442765251404,1.9738441758178567e-05,1.1499568963349465e-07,0.0001629735602405818,2.418723613302425e-05,2.6458587495262795e-06,1
0.0036045290635793844,0.9962152666823659,2.0265914010954992e-05,1.1086703803035712e-07,0.00012411317983650446,3.360500819412051e-05,2.1092849750752217e-06,1
0.005358465831391163,0.9943846220219648,1.9638597066647897e-05,1.1791179211118075e-07,0.0001988899867651804,3.60223370839012e-05,2.243313936250435e-06,1
0.005953832567193221,0.9937653575692736,2.0625224603945875e-05,2.6316647388568207e-07,0.00023186074679014553,2.5513902981500243e-05,2.5468226835831307e-06,1
0.00772231994440117,0.9920052799605829,1.9137636858713626e-05,2.363536582167061e-10,0.00022225626376605372,2.695789717283458e-05,4.048060864581421e-06,1
0.008927204795620773,0.9907797575613695,1.8143153157847704e-05,2.7182139556863136e-07,0.0002445840497407454,2.7604888135054746e-05,2.433730580632562e-06,1
0.008265202204165677,0.9915000644911176,1.5114710714877759e-05,2.692007669347013e-07,0.00018960037668296724,2.7338749554860113e-05,2.410266997004295e-06,1
0.8779514320656233,0.07788290227589408,9.725548115197712e-06,1.9119969006694377e-07,7.4832751461957165e-06,6.577876647391282e-06,0.044141687758883795,0
0.8968025945969953,0.0961727019401946,8.207848087651882e-06,1.7267843858188488e-07,6.870448507686163e-06,5.8218787358436615e-06,0.00700363060904038,0
0.9116582360292074,0.03416581127041927,3.917297617096424e-06,8.864850351140208e-08,2.80809848177564e-06,2.667466078403274e-06,0.05416647118969254,0
0.9322502697915241,0.06772158822522417,5.937354998896368e-06,1.8153280726027631e-07,3.800962030529439e-06,4.340502419666134e-06,1.3881630995249977e-05,0
0.9522498254340144,0.04770739612179067,5.38414296411008e-06,1.1649772883530825e-08,3.88730682228692e-06,3.747092269191624e-06,2.974825236657566e-05,0
0.929230569462596,0.07070528030475373,6.579779272649007e-06,1.1818105710311655e-07,5.809087067028859e-06,4.483655070071038e-06,4.715953018340245e-05,0
0.9488072012363484,0.05113238222463242,6.601685698048494e-06,1.401037217728538e-08,5.937012312880555e-06,3.6330049090542386e-06,4.4230825727064295e-05,0
0.953726737466503,0.046226832244244016,6.635915235861154e-06,1.4083015527203353e-08,5.967795539582493e-06,3.651841928051494e-06,3.016065353412994e-05,0
0.9427009502827678,0.05727601632379781,6.0529698777563905e-06,1.422768002110673e-08,5.389314077178444e-06,3.605910793658626e-06,7.9709710054331e-06,0
0.9382456805074915,0.061732430023484726,6.523926826552035e-06,1.5334677892648293e-08,5.876236804418578e-06,3.976570836712096e-06,5.497399877992835e-06,0
0.9226794168203428,0.07729119036010526,8.623455299374315e-06,2.1002643719621094e-09,7.767325838972237e-06,5.733366439907952e-06,7.2665717091912725e-06,0
0.9226795774435048,0.0772912038152178,8.623456800574658e-06,2.100264737583254e-09,7.67796933866513e-06,5.648641899057283e-06,7.266572974180718e-06,0
0.5225224103810961,0.47743760926137524,8.20359166378245e-06,1.6127874387870228e-07,2.0460697161404463e-05,5.466507406961284e-06,5.68828255259386e-06,0
0.368163002375118,0.631581860424981,8.53939177746336e-06,1.5863871382815747e-07,0.00023538632476897747,5.4576756410905685e-06,5.5951689995385835e-06,0
0.5644476018800128,0.43523352116411623,9.953096701010337e-06,1.859640347016952e-07,0.00029644721533524435,6.3032098879055435e-06,5.987469912061452e-06,0
0.08669832491341374,0.9129672903251888,9.090065901377921e-06,1.4794075120382361e-07,0.0003070964965889201,4.9878439987737625e-06,1.3062414157408461e-05,1
0.09651654361106758,0.903149398741425,8.985136309075048e-06,1.4623302291260768e-07,0.00030708438003010076,4.930267690423531e-06,1.2911630454969013e-05,1
0.07856876881553707,0.9211221132608953,8.487652634313447e-06,1.3813648001023873e-07,0.0002902097129890715,4.657291565875146e-06,5.6251298982629025e-06,1
0.12999451633271583,0.8695037294053185,1.160674169849768e-05,1.8889963005044903e-07,0.00047589755863221565,6.368778571494534e-06,7.692283433665191e-06,1
0.10369545733596158,0.8962073402553737,7.451865979212928e-06,1.3951031306947344e-07,7.9019293222095e-05,4.910664656962098e-06,5.681074493174763e-06,1
0.10995139807186134,0.8899505271141822,7.391626045921003e-06,1.3838252950810988e-07,8.014885740812468e-05,4.7607985606024e-06,5.635149412201762e-06,1
0.042772583386933336,0.9571615797508668,7.85506672280431e-06,1.0118944431034067e-07,4.689627739673367e-05,3.4812382931083377e-06,7.50309034291401e-06,1
0.06915125660012728,0.9307993158622735,6.483027649521966e-06,8.351475403756983e-08,3.379529164764806e-05,2.8731728074664577e-06,6.192530740541819e-06,1
0.05873138847970388,0.9412185622940625,5.698910178746995e-06,8.444959964843949e-08,3.52943369698342e-05,2.9052159708082188e-06,6.066313514732325e-06,1
0.03406590104254339,0.9659138519173812,7.0373096584888376e-06,7.195372933556365e-08,5.493749871161296e-06,2.475335874830921e-06,5.168690941352338e-06,1
0.024529001334222228,0.9754592881699512,4.354593060267973e-06,5.1217067974939183e-08,1.8636245517307955e-06,1.76195795454565e-06,3.679103192137857e-06,1
0.14525360810426244,0.8547165629069351,7.268817886178093e-06,1.3810659139251896e-07,1.1837104782020288e-05,4.751111629394733e-06,5.833847913591642e-06,1
0.15648298879073552,0.8434788871947804,9.695811401123827e-06,1.6046666580172365e-07,1.1220510264835477e-05,5.52033783712705e-06,1.1526888315272407e-05,1
0.42071954935817363,0.5792392452918806,9.74143997299899e-06,1.9261260804737713e-07,1.6508811062572574e-05,6.626215250371562e-06,8.136271051647312e-06,0
0.4821601268984494,0.5178009011025982,9.364963640277717e-06,1.851687471309458e-07,1.4977522816882535e-05,6.370393054261185e-06,8.073950693663686e-06,0
0.4863705292164056,0.5135948985717251,9.383355668023743e-06,1.8553240350653298e-07,1.0530612532247633e-05,6.382903988666007e-06,8.089807276869117e-06,0
0.46441769935784655,0.5355521542002795,7.718794863733144e-06,1.5262159039429786e-07,1.0447292934632174e-05,5.173016937259443e-06,6.654715548093445e-06,0
0.43682294868109967,0.5631157612008114,1.1023137042792295e-05,2.179549813613626e-07,3.50971833349325e-05,7.498343650962728e-06,7.453499079032262e-06,0
0.32467235086961693,0.6752251182569856,1.6235883127591817e-05,2.7346699885980667e-07,6.953736775984194e-05,8.139549312591005e-06,8.344606198495962e-06,1
0.41585352968245376,0.58358324984443,8.990366010342396e-06,1.8362348511015715e-07,0.0005402348978508002,6.334155072160905e-06,7.4774306978129065e-06,0
0.2023715634057356,0.7972899459993175,1.2165844817982546e-05,2.2730710409726934e-07,0.00031041665572176285,7.663692159357542e-06,8.017095143607942e-06,1
0.23515338650270873,0.764552513071285,1.0908716122389756e-05,2.0792272061083738e-07,0.0002686402321289975,7.010144843584346e-06,7.333410190917655e-06,1
0.21517289779561255,0.7844885643481166,1.0802214714765505e-05,2.2725927067024943e-07,0.0003119592385541308,7.662079448390748e-06,7.88706428280666e-06,1
0.19667581855624006,0.8029967274521028,9.75072104572073e-06,2.412135435901792e-07,0.00029972307522310444,7.258204252658307e-06,1.0480777591980637e-05,1
0.12389081150516033,0.8760468350794416,5.751441976168358e-06,1.32272799536134e-07,4.5531017531619414e-05,4.5627442658381e-06,6.375938824911771e-06,1
0.12317810135524933,0.8767691586934255,7.415547837318103e-06,1.514603572989393e-07,3.3674075961352066e-05,5.331237845152903e-06,6.167629324109212e-06,1
0.07360178266529495,0.9263544315220306,5.956716200587666e-06,1.1928140145102153e-07,2.427981575386434e-05,4.2563391404196365e-06,9.173660178296687e-06,1
0.08007548749990946,0.9198844863095988,8.274513405073953e-06,1.2734842052700585e-07,2.2751674272875364e-05,4.381140903399695e-06,4.491513489873526e-06,1
0.06504059820371705,0.9349297007717277,7.610174420688526e-06,1.1712394976790105e-07,1.3813433947404867e-05,4.0293905882175054e-06,4.130901649135399e-06,1
0.05305517452054895,0.9467999978498262,9.756754232150867e-06,1.812540029619793e-07,0.0001223532493686006,6.1435644022515605e-06,6.392807618912604e-06,1
0.04565029528113958,0.954167573739868,9.274007507266789e-06,1.7228587952460792e-07,0.0001574188335230696,5.808643549986686e-06,9.45720853227587e-06,1
0.08675380469958985,0.9131205739792442,7.99540944364324e-06,1.4938653204092771e-07,0.00010717109085691544,5.036588710512832e-06,5.268845623202594e-06,1
0.15851326160822238,0.8413436098995511,7.516816622029696e-06,1.5814037291347806e-07,0.00012463352608127536,5.331725731969583e-06,5.488283418305003e-06,0
0.4042062326470748,0.595717276634217,7.057827597433947e-06,1.678079373308628e-07,5.946262074982003e-05,4.805995751052511e-06,4.996466672473209e-06,0
0.15673664628816497,0.8430497526994633,6.504806082162138e-06,1.495971341385931e-07,0.0001945751008286152,5.160404429837769e-06,7.211103897010915e-06,1
0.04997369210865215,0.949991335794399,5.6472070204240115e-06,1.05513815630528e-07,2.194058426020158e-05,3.5573736811702318e-06,3.7214181715904713e-06,1
0.04922121120683665,0.9507285134770184,1.0728124657194143e-05,1.0841317783730489e-07,3.195997611848321e-05,3.6551250016483397e-06,3.82367718987964e-06,1
0.05048137003742579,0.949443433776899,1.6673591231153958e-05,1.1410159357246743e-07,4.520875210629799e-05,9.17543604814463e-06,4.0243046959355415e-06,1
0.13310296860796067,0.8632708076982486,3.895703602271335e-05,3.898231726835884e-07,0.0035233703993797737,5.5673501006251744e-05,7.832934209087949e-06,1
0.29002477282189343,0.7064553172708425,6.397592569671433e-05,3.4396277947985575e-07,0.0033811441278719357,6.625088797276773e-05,8.19500294314256e-06,1
0.07940415920064248,0.9203834372071256,3.2809390256096675e-05,2.1963352805185141e-07,0.00012464032176270025,3.7602063721424076e-05,1.7132182963741866e-05,1
0.03619823303038062,0.9636198501829615,2.2581656796014053e-05,1.3890430588216304e-07,0.00011820954016661851,3.3088003084501464e-05,7.898682305133013e-06,1
0.07583612924630027,0.9239515203441174,2.9614265050581446e-05,1.9004174211135055e-07,0.00013522777220562968,4.014435887367931e-05,7.173971710305152e-06,1
0.27382727521071404,0.7187353992988426,4.6766224218137776e-05,3.6668381223066974e-07,0.007212720328895151,0.00016288209819413356,1.4590155323722326e-05,1
0.21330253362298507,0.7825025752645418,4.174865098608577e-05,2.593397587264733e-07,0.004041783905607186,0.00010396733550685743,7.131880614340298e-06,1
0.028827900361825576,0.9710278761137243,1.4405611121808337e-05,1.1449743887694116e-07,9.664535550369554e-05,3.079779702823933e-05,2.260263357367013e-06,1
0.022440198944957503,0.9774410687696751,1.458414882717721e-05,1.0148390348049348e-07,7.840588488300595e-05,2.3073397905637416e-05,2.567369848038593e-06,1
0.006742540654937518,0.9931441787078209,1.7524778369549967e-05,1.0613168364352779e-07,6.962113962309774e-05,2.3913589350817354e-05,2.1149982144675975e-06,1
0.005529749533335522,0.9943531756992364,1.7084715738347995e-05,1.0843418573414617e-07,7.58977390867328e-05,2.182299581043742e-05,2.1608826067931004e-06,1
0.004150183700834735,0.9957370260225111,1.5958020545680238e-05,1.0858509457282584e-07,7.302935482212235e-05,2.1530426265220037e-05,2.163889926694167e-06,1
0.007232234911971743,0.9925662591142941,2.110062504572658e-05,1.2316938522811352e-07,0.00014638653091662024,3.1061726553316106e-05,2.8339218332289195e-06,1
0.007251600074261364,0.992512139388184,2.1157124458895017e-05,1.2349918578950093e-07,0.00017906043048124073,3.320668796439062e-05,2.7127954645709203e-06,1
0.00563172394386707,0.9940300991395995,2.1869877562294558e-05,1.313085882800493e-07,0.000281284807553528,3.236155540469235e-05,2.529367424816375e-06,1
0.008157546576056466,0.9915769131894931,1.934393841976039e-05,2.7204009599490496e-07,0.0002143767173740283,2.7450120100831772e-05,4.09741845990035e-06,1
0.007124042415424914,0.9925799425568629,1.9264588250748013e-05,2.723152780829059e-07,0.00024502844369724285,2.7655044494269545e-05,3.794635991780188e-06,1
0.012054088441903331,0.9876372034771072,1.7748513611710376e-05,3.400278413920862e-07,0.00025248784010395013,3.530143311710189e-05,2.8302663154564374e-06,1
0.8514302617211407,0.07585694931589168,9.472559302302262e-06,1.862260492969776e-07,7.278150431860187e-06,6.312090814749323e-06,0.07268953993636929,0
0.8108946035608947,0.06891222338261951,9.825680484662688e-06,1.835833853027973e-07,7.258371591921831e-06,6.3158515717755575e-06,0.1201695895694521,0
0.9134637245087405,0.06583122991493054,1.0560145651749517e-05,1.973061602262497e-07,8.217540147558081e-06,6.652205962167363e-06,0.020679418378407376,0
0.9095876571208149,0.08467105891631097,9.459294504231878e-06,1.7673781580560416e-07,7.031961099633836e-06,5.958741230858245e-06,0.005718657228223748,0
0.9535098949709627,0.04645937420975886,4.015860590206035e-06,8.337247256869156e-08,3.853066406569665e-06,2.7365254896653524e-06,2.0041994319395344e-05,0
0.8918740638748522,0.1080947207551524,7.94285945712184e-06,1.1650641907289527e-07,7.5363741524544796e-06,5.20282872233232e-06,1.0416801244168878e-05,0
0.8735721889171312,0.12640002323412447,8.19026567685116e-06,3.887781385367553e-08,7.292273875389977e-06,5.364887763291078e-06,6.90154361471383e-06,0
0.7565025547848325,0.2434487462647444,1.2489295066855174e-05,2.0425735257047596e-07,1.1445204217266043e-05,8.180890452147491e-06,1.6379303334463315e-05,0
0.6337519082415027,0.36620531644934573,8.203854130344268e-06,1.6128390384754707e-07,2.009020660816089e-05,5.466682302965749e-06,8.853282206264165e-06,0
0.6349858162691185,0.3646021222996717,9.881238838257647e-06,1.8356658895391165e-07,0.0003865761712483175,6.2219489937364814e-06,9.198505540522309e-06,0
0.4544754057406953,0.5452281162093726,9.732947707574481e-06,1.8185076259305694e-07,0.00027457709128237014,6.131124977340027e-06,5.855035202145091e-06,0
0.4172440984500551,0.582433717391944,8.925371563315641e-06,1.877738487430287e-07,0.000300694449540926,6.33082269055939e-06,6.045740357399407e-06,0
0.10604777086282366,0.8936185856879308,9.124252179347845e-06,1.484971326094817e-07,0.0003135009392510158,5.006602478994115e-06,5.863158203614822e-06,1
0.06950895063897256,0.9301616766461851,7.182671638182528e-06,1.3447058383944664e-07,0.00031204602830960587,4.5336953419353245e-06,5.475848968614763e-06,1
0.14125400043395264,0.8581926057603917,1.1757193155755292e-05,1.9134822633653612e-07,0.0005272019368812627,6.4513333523213036e-06,7.791994039991796e-06,1
0.14790349951829154,0.8516593375146533,1.1232139449505676e-05,2.058360034958305e-07,0.0004104032421242726,6.939790871777853e-06,8.381958605847804e-06,1
0.17983022209741298,0.819579778564613,1.0487327605467856e-05,2.1566990546903523e-07,0.0005567152834160974,1.2916276660068257e-05,9.664780387078298e-06,1
0.19332271208553706,0.806539098216181,9.22325967016622e-06,1.7267350858098018e-07,0.00011594052176895454,5.821712520144292e-06,7.0315308141979115e-06,1
0.14174169295863578,0.8581478760363807,7.810551154689052e-06,1.4622544740812647e-07,9.148908344351248e-05,5.030619847885155e-06,5.954525090268373e-06,1
0.09046180557617926,0.9094342689486427,9.542911425254871e-06,1.4141214677018233e-07,8.361760450229125e-05,4.865027017414974e-06,5.7585200861896475e-06,1
0.04685711486819941,0.9530560795141654,7.835499115664379e-06,1.1611076552901903e-07,6.624993807613434e-05,3.994579137741525e-06,8.609490540112668e-06,1
0.044092384406374925,0.9558318508516471,8.536437814681408e-06,1.0996690790030732e-07,5.518119634414114e-05,3.7832109205302425e-06,8.153929990725259e-06,1
0.03966113992633876,0.9602707096192565,7.678533588027482e-06,9.891533379787722e-08,4.963553636240489e-05,3.403001668204387e-06,7.33446745204753e-06,1
0.0378681318044755,0.9620846188702936,5.81191033280391e-06,8.602234123679192e-08,3.1945124030288034e-05,3.027802265702615e-06,6.37846626098045e-06,1
0.01922515634121967,0.9807557333468331,6.003533895032128e-06,7.06112831523207e-08,5.478542475152858e-06,2.4853660111883175e-06,5.07225828260547e-06,1
0.026271329025777064,0.9737107991219641,5.748923472397872e-06,6.761665216322346e-08,4.872036060268099e-06,2.3261327297578273e-06,4.857143344033549e-06,1
0.03066729370038029,0.9693136211692449,6.13920439787288e-06,7.220698802531779e-08,5.202787156830522e-06,2.4840484228273906e-06,5.1868834090345375e-06,1
0.10019273967894064,0.8997813768926092,6.2400516270612826e-06,1.0327348971629987e-07,8.568812031662648e-06,3.5527911669672e-06,7.418500134845047e-06,1
0.4207192722460356,0.5792388637687831,1.0137568628626993e-05,1.9261249869584226e-07,1.6508800188839853e-05,6.626481751740617e-06,8.398522113204342e-06,0
0.5290869364917338,0.4708767555742276,9.780420796557632e-06,1.933833739111365e-07,1.1347308373584324e-05,6.554686751922246e-06,8.432134742633927e-06,0
0.47190606157220544,0.5280569238209575,9.878115773005031e-06,1.9531504787001323e-07,1.3332978950175054e-05,6.719458027460424e-06,6.888739038627551e-06,0
0.4234200102286354,0.5765347513247935,1.1312685059106694e-05,2.3496137289514588e-07,1.6039394163833812e-05,8.083417537260865e-06,9.567988438039104e-06,0
0.4597712581604126,0.5401364008448963,1.1784478797864745e-05,2.2018164697275103e-07,6.499560512657875e-05,7.574948020570089e-06,7.765781098955306e-06,1
0.5579071576576483,0.4420058555801271,8.411890862194716e-06,1.5627009300161199e-07,6.763830427881595e-05,5.268668972026707e-06,5.5116280182702625e-06,0
0.15894943657157612,0.8409628251992055,6.333373127831811e-06,1.3324433732083652e-07,7.215509892063701e-05,4.492301751363936e-06,4.624211081263823e-06,1
0.20582904991186818,0.7938498261642737,9.795592018321583e-06,2.4232356266001397e-07,0.00029326539499596917,7.291605134770032e-06,1.0529008146619649e-05,1
0.23317482406682769,0.7666003961711318,9.307092397357656e-06,2.3023904869815872e-07,0.00019815020010610242,7.088296934384277e-06,1.0003933553973323e-05,1
0.053258433564765846,0.94659366176904,9.252774019760136e-06,1.718914189780112e-07,0.0001265911886997272,5.826221685748563e-06,6.062590369928727e-06,1
0.14601143671460254,0.8538385949923933,7.875370647230811e-06,1.7821975522812257e-07,0.00013057857631976086,5.586050377440294e-06,5.750075904410169e-06,0
0.20794112339586243,0.7918330671289865,6.424338661205154e-06,1.5892542576354063e-07,0.00020721152488451373,4.892786929954119e-06,7.12189924962926e-06,1
0.052217993292462975,0.9477450378396658,6.245305445065352e-06,1.1668883483529187e-07,2.2557181375654477e-05,3.934136846903925e-06,4.115555368581844e-06,1
0.09255686695710393,0.9073902064417149,9.531281850076626e-06,1.2303720506818686e-07,3.4784652326263865e-05,4.148170668445405e-06,4.339459131359276e-06,1
0.050941550244245785,0.9489852315698407,1.6458535294229753e-05,1.1231674678821565e-07,4.434881676682426e-05,8.337163040625504e-06,3.961354065094195e-06,1
0.05354835669219032,0.9463629987616601,1.730576606737102e-05,9.34737618976434e-08,5.6032749515255756e-05,1.1016718554233491e-05,4.19583825077919e-06,1
0.24643584790772374,0.7505911268827604,2.6060431461915418e-05,2.593637627544751e-07,0.0028929041166439445,4.7809786984064886e-05,5.991510663275841e-06,1
0.30761975706744776,0.6885591490987144,5.8337126450982336e-05,3.3035296107188693e-07,0.0036847068799470838,7.008805647380168e-05,7.63141800491483e-06,1
0.3076199416592612,0.6885595622788796,5.773709657424816e-05,3.303531593050978e-07,0.0036847090910102857,7.008809853118307e-05,7.631422584260779e-06,1
0.21012897369884942,0.7861169656883135,6.68944976670118e-05,3.827488730058748e-07,0.003595447847188489,8.249371357048455e-05,8.84180553835654e-06,1
0.07357001139097291,0.9262197549987935,3.344319295950644e-05,1.6045066138637048e-07,0.00012793096922656316,3.957509880073503e-05,9.123898585365278e-06,1
0.045840874703744955,0.9539375395327604,2.260580063273711e-05,1.5922884951223305e-07,0.00015603927134437792,3.7055157381316106e-05,5.7263052866472836e-06,1
0.08745643022521292,0.9071155823579925,4.423736213389569e-05,2.5944288199224157e-07,0.005320588227615788,4.9638544954677224e-05,1.3263839207955308e-05,1
0.13684672799469025,0.8599948156242048,3.7107853304875505e-05,3.9123029498427277e-07,0.0030053547802873616,7.74549747297308e-05,3.814754248811138e-05,1
0.28511971500843153,0.7108938765220963,2.960193721823067e-05,1.9867998296927125e-07,0.0038958975904712935,5.643956194202305e-05,4.270699857656131e-06,1
0.008442480619024983,0.9914115564346472,2.1840476906633976e-05,1.3226795436718417e-07,9.31110435706751e-05,2.8210422210984137e-05,2.6687356849389697e-06,1
0.0034264842182678956,0.9964547799446327,1.646381647658112e-05,1.1022089687978187e-07,7.555389502419652e-05,2.314672523149922e-05,3.4611794699473817e-06,1
0.0068600782935925985,0.9928554278546384,2.0822065800106955e-05,2.656780588261554e-07,0.0002351729572651641,2.566202181998583e-05,2.571128824877261e-06,1
0.021415812544716504,0.9767932621641177,2.7726223863261328e-05,1.0826260967430834e-06,0.0015611284942295025,0.00019699712087479,3.990826101651279e-06,1
0.810961707145824,0.06957787569769301,9.657573641574464e-06,1.8044247069694626e-07,7.5705470913250985e-06,6.207794132822367e-06,0.11943680079914656,0
0.9231178179199884,0.04411469398546802,4.838902944273855e-06,1.0950444581352708e-07,3.7237505485284008e-06,3.432264566209656e-06,0.032755383672038986,0
0.9042465774432519,0.036171415135957403,4.12557512511232e-06,9.336182662479325e-08,3.1382890562517282e-06,2.8092917045956928e-06,0.05957184090307814,0
0.9372930604053168,0.03106805058547236,3.512367906864584e-06,1.1336736312334022e-07,2.8450714660774037e-06,2.667660709210761e-06,0.03162975054176567,0
0.9157530038883319,0.03575209480613929,4.0902976790782305e-06,9.274922665527623e-08,2.9764622686696017e-06,2.8554411716189682e-06,0.04848488635518263,0
0.9097334629191962,0.03328331055035687,3.937390972181843e-06,8.928200252447862e-08,2.8651938282253893e-06,2.6865282967278852e-06,0.0569736481353474,0
0.959067411371909,0.04081341284933488,5.304506260074439e-06,9.562539332668111e-08,3.3319242625585885e-06,3.608320452001358e-06,0.00010683540238856568,0
0.9270659027683955,0.07284160330853845,7.256899411535372e-06,2.944238249323517e-08,4.56858551065496e-06,4.936208372110356e-06,7.57027873891054e-05,0
0.9366345013379254,0.06321490770335167,6.103853847741088e-06,1.6085655524984525e-07,3.907550873996484e-06,4.462221376409744e-06,0.00013595647606973432,0
0.9383399655088313,0.061502807901070905,5.93853830200133e-06,1.5649994877133544e-07,4.813396598650731e-06,4.341367473211229e-06,0.0001419767877752442,0
0.9638043377340608,0.03605827094917301,4.120217541573917e-06,9.68468999231058e-09,3.7111657754143835e-06,2.454520211636999e-06,0.0001270957285477162,0
0.9618581563978229,0.03799116972206586,4.1118977092524485e-06,9.665133986830673e-09,3.7036719291169316e-06,2.5062488545273206e-06,0.00014034239648419894,0
0.9496892849862599,0.050279851188822645,6.603497923763063e-06,1.552171204826291e-08,5.879481483946548e-06,3.93387459711358e-06,1.4431449200366612e-05,0
0.9399443340074063,0.060024890148970424,6.58467380542481e-06,1.5477465415980692e-08,5.862721267391759e-06,3.9226605826929146e-06,1.4390310502258963e-05,0
0.9387403345738223,0.06123595050089724,6.146324456520486e-06,1.4443486320965287e-08,5.831778972897077e-06,3.661674207594727e-06,8.06070415715856e-06,0
0.8454894340953593,0.154459156452758,9.005697217557393e-06,1.5713626830365338e-07,8.510043122399782e-06,5.326099112169552e-06,2.841047616231751e-05,0
0.4131312987604529,0.5864277224170448,1.0440600236590046e-05,2.1965154903686755e-07,0.0004159541219333205,7.4055840042036e-06,6.958864779327298e-06,0
0.07146282236822275,0.9282119726655105,8.677777570264981e-06,1.4123076185070206e-07,0.0003058732083919212,4.7616157293181575e-06,5.751133813326846e-06,1
0.14654983764980656,0.8530417368758401,1.2743547662782608e-05,2.0740113819724972e-07,0.0003811669518962234,6.992559616455855e-06,7.315014039809349e-06,1
0.17732568432459572,0.8222289635618523,1.2603139989401359e-05,2.2531130523666987e-07,0.00040718544361862524,1.5548396541866896e-05,9.789822097039758e-06,1
0.11710244790962461,0.8827901119194845,7.605945147095442e-06,1.4239491043189727e-07,8.909242593099651e-05,4.800865168483135e-06,5.798539733831091e-06,1
0.14715445426606533,0.8527337956883598,8.31937827411969e-06,1.5575146826357726e-07,9.157413130055132e-05,5.358345222888078e-06,6.3424393090286905e-06,1
0.14674442726060916,0.8531344724171749,9.015471845670296e-06,1.6878340313245024e-07,9.923626205339176e-05,5.806685175815147e-06,6.873119737961574e-06,1
0.0635549761156187,0.9363716693838441,5.35180035136209e-06,1.0188754614291166e-07,6.0246539860063384e-05,3.5052552135351484e-06,4.149017566009014e-06,1
0.033759994958094355,0.9662188489643504,7.596261978273472e-06,8.916543438975716e-08,6.636707561565613e-06,3.0674490478530196e-06,3.766493533250394e-06,1
0.02901660677191342,0.9709663242664929,6.149671889406491e-06,7.233010268103514e-08,3.1629486457743224e-06,2.4882837852864148e-06,5.19572717031877e-06,1
0.14117286581828278,0.8587957864677076,6.458706107005975e-06,1.3414554618129878e-07,1.0503868533683519e-05,4.614844650550117e-06,9.63614917215061e-06,1
0.4716917184503157,0.5282721490136001,1.127459818999917e-05,1.8659576485906852e-07,1.0115681893584867e-05,6.419486996756307e-06,8.136173239068168e-06,0
0.4814554633938235,0.5185074966069688,1.1557758001014405e-05,1.9128208898551093e-07,1.0369735698874217e-05,6.580711431914329e-06,8.340511986927522e-06,0
0.5922164239539038,0.40742234893748036,9.756647392752309e-06,1.8229356840608377e-07,0.0003387827192889213,6.271477773672997e-06,6.2339705921909e-06,1
0.2212916400307303,0.7784466333726017,1.1222151764220535e-05,2.0967510743639767e-07,0.00023583032630505106,7.069226820931879e-06,7.39521667059068e-06,0
0.11396190554469196,0.8859702759444169,6.918781214114328e-06,1.413140468852986e-07,5.023958489696332e-05,4.764370126938816e-06,5.754460606203889e-06,1
0.10868016374378715,0.8912495871972712,7.318311948101743e-06,1.6664783186359188e-07,5.16378498626397e-05,5.0394926138185e-06,6.086756685317963e-06,1
0.10644143729304187,0.8935053641627934,7.63131955641221e-06,1.5586743043580668e-07,3.370199267845716e-05,5.362274397783413e-06,6.347090101814823e-06,1
0.13141556360833484,0.868547467723751,7.422000755355807e-06,1.5415465787425957e-07,1.7689094088041262e-05,5.426074259443239e-06,6.277344153340148e-06,1
0.14928786281697254,0.8506796583089574,7.3705466695040775e-06,1.4573577542013534e-07,1.480884835363584e-05,5.0137172030840144e-06,5.140026068229921e-06,1
0.09455240852663276,0.9054078204027434,6.586253526110653e-06,1.3022816458279338e-07,2.3981296215371045e-05,4.480212131938861e-06,4.593080586037156e-06,1
0.042916635227839124,0.9569298078475896,8.742541158742858e-06,1.6334596922588133e-07,0.00013338261092227518,5.5072331706947434e-06,5.761193350333468e-06,1
0.05260600938712225,0.9472683927639945,7.525753200527316e-06,1.4061145705508825e-07,0.00010823139869941848,4.740735777830293e-06,4.959349748301716e-06,1
0.222827714464167,0.776922630743391,7.102744178330127e-06,1.757078358037354e-07,0.0002290929120757615,5.409461691738105e-06,7.873966660479348e-06,1
0.05820122103178276,0.9417597270570616,5.566631727452147e-06,1.1369679609489739e-07,2.4819760441247783e-05,3.921965863317502e-06,4.6298563278053615e-06,1
0.054190783800815025,0.9457747076786113,5.77631862358156e-06,1.079261688242497e-07,2.117906954340598e-05,3.638705606375955e-06,3.806500631719161e-06,1
0.07135725703975991,0.9285909563258431,9.002829130460727e-06,1.1688334925505821e-07,3.4603811269888955e-05,3.940694855192696e-06,4.1224157924233016e-06,1
0.05477363276331368,0.9451741109618677,9.163605311420806e-06,1.1897069960223621e-07,3.4766593853946967e-05,4.011069385239396e-06,4.196035568810352e-06,1
0.04695437046964422,0.9529889827362075,8.688804538977306e-06,1.1280638128541783e-07,4.00633191742029e-05,3.803240831115336e-06,3.978623222734235e-06,1
0.047054266068081926,0.9528526021504735,2.0593599821425406e-05,1.2506393178863122e-07,5.549115044127016e-05,1.0056968287014374e-05,6.864998963210724e-06,1
0.22808866446154175,0.7698901765244358,2.643444193039168e-05,2.469642741254709e-07,0.0019420902935461553,4.5524128788146393e-05,6.8631854838958176e-06,1
0.2974412207279571,0.7000855362701882,3.1027162996440516e-05,2.931780580430373e-07,0.002381107071926308,5.404294090500341e-05,6.772647968815192e-06,1
0.09985164462442554,0.8999750439848108,2.8276432374228457e-05,0.0,0.00011177184215932085,2.8805998770785687e-05,4.457117459477866e-06,1
0.07371033747941123,0.9260957767234629,4.6791911707970424e-05,1.3809916150092226e-07,0.00011026791232105573,3.089890011591334e-05,5.7889738193541444e-06,1
0.06688493663913965,0.9329163913545298,4.7136530056992734e-05,1.391162497817951e-07,0.00011108002587887273,3.3536901436513405e-05,6.779432708416826e-06,1
0.06749796689522755,0.9323261770333043,2.3372938869907118e-05,1.3688714012855393e-07,0.00010455507069747698,3.5676525631286396e-05,1.2114649129515466e-05,1
0.07928223989153842,0.9158738645416037,2.9436440105721175e-05,2.230274431651063e-07,0.004758527655979766,4.8251859714429085e-05,7.456583614798419e-06,1
0.3899653452415457,0.6098390597406504,1.8972039366119486e-05,1.1809003375412253e-07,0.00013127688418367703,4.2297290198144024e-05,2.9307140220810572e-06,0
0.3784447548238641,0.6213448430880036,2.1936412867741817e-05,1.2031802870156716e-07,0.00011543684097154687,6.99225087020351e-05,2.986007562323388e-06,0
0.022603866778348542,0.9772763728114551,1.5700204274815056e-05,1.0014194266228372e-07,7.667725799227771e-05,2.528717167018246e-05,1.995634316284238e-06,1
0.018791207259024587,0.9811012441971647,1.527165293652324e-05,1.0015084498756364e-07,6.647656973516102e-05,2.319775194402266e-05,2.5024183497219795e-06,1
0.008024610755815086,0.991657777400608,2.1351393391798753e-05,1.4521568209232898e-07,0.0002573236959364416,3.5601716372716464e-05,3.189822193938163e-06,1
0.009445529257299187,0.9739215426357792,1.8994293913670828e-05,2.8987964330838445e-07,0.01658158801660456,2.925054287952321e-05,2.8053738804358404e-06,1
0.009948941205470787,0.9897711695701603,1.6353288695246532e-05,2.7228662785130126e-07,0.0002333507567262191,2.747499632005971e-05,2.4378959997345525e-06,1
0.7997923700270437,0.07334161767058325,1.0039985373013457e-05,1.875874659312875e-07,7.87031866217507e-06,6.453604663588603e-06,0.1268414608062082,0
0.9130248121898401,0.06469853198321229,1.0534480392242607e-05,1.9682662954821592e-07,8.257952033499763e-06,6.636038515434831e-06,0.022251030529376912,0
0.9078225486704581,0.061643636769670364,9.822788902132135e-06,1.83529358865578e-07,7.600547708003654e-06,6.187719095432104e-06,0.03051001997480712,0
0.8892493386587081,0.06529399540637094,1.0382149765435708e-05,2.1842185570123054e-07,9.221428226996572e-06,7.364124714085228e-06,0.045429479810358886,0
0.9209849455470165,0.026985842457959958,3.2884537642684022e-06,7.441775774109003e-08,2.388177842804134e-06,2.2392577036526968e-06,0.05202122168795529,0
0.9349101092434081,0.06479470904983517,4.016389094624451e-06,8.338344474243541e-08,4.604652320378478e-06,2.7368856281163543e-06,0.00028374039626917854,0
0.4185928650490048,0.5813748747115117,7.42784262505766e-06,1.4602788356553075e-07,1.4512159468805605e-05,5.023823024176264e-06,5.150386481821474e-06,0
0.7418172625424616,0.25810974422767313,5.9383394472400136e-06,1.1031822367857266e-07,5.582739502662612e-05,3.7392118289021827e-06,7.377965338851553e-06,0
0.7747497603757844,0.22486808908591263,7.4521047100183846e-06,1.3843987222017849e-07,0.0003629303950696858,4.692388895833387e-06,6.937209755345168e-06,0
0.43171519309511747,0.567957329151754,1.0170510044272162e-05,1.9002619381915354e-07,0.00030459219711640877,6.406760833225969e-06,6.118258940879863e-06,0
0.23977506256795805,0.7594398628528121,1.1368222818758372e-05,3.2963468899941844e-07,0.0007543355102227756,7.756672502649176e-06,1.1284538996943204e-05,1
0.09317878959340609,0.9065830074403297,6.900661011362859e-06,1.8389276163404966e-07,0.00022131524493572988,4.8484701656145405e-06,4.95469738987769e-06,1
0.15649456048705376,0.8430948875903833,1.2497396525751538e-05,2.0339503037392455e-07,0.00038271107947331,6.85749310704302e-06,8.282558426489882e-06,1
0.1339467508684268,0.8659401995450332,7.995757883537895e-06,1.4969280025590332e-07,9.365850702635135e-05,5.149907799228963e-06,6.095721030474832e-06,1
0.1352690612123233,0.8646236990591203,7.983601825712598e-06,1.4946522028631868e-07,8.787812956088798e-05,5.142078325411194e-06,6.086453624131037e-06,1
0.09775683959216878,0.9021465588721314,7.047858398790426e-06,1.3417709007637112e-07,7.933948467317964e-05,4.6161180863800445e-06,5.463897451234941e-06,1
0.05872812981012871,0.9411916758148152,7.363813508209957e-06,1.0912106695818211e-07,6.452375151765436e-05,3.7541113054698585e-06,4.443577657627599e-06,1
0.026727451767741574,0.9732359615360734,6.464677994040729e-06,7.603508471960473e-08,2.1968372231475166e-05,2.6157417369501185e-06,5.461869137906294e-06,1
0.021135696848121537,0.9788463821688097,5.726342639405132e-06,6.735106499071066e-08,4.9186107753136136e-06,2.3706133109655324e-06,4.838065277818192e-06,1
0.050355401895792885,0.9496264989046036,6.19359655474979e-06,7.947300311418212e-08,3.3832908407508893e-06,2.7340122257131346e-06,5.708826979108549e-06,1
0.14514627688632603,0.8548238076307925,6.5064588456179935e-06,1.3513735740426394e-07,8.917527482287756e-06,4.648964715263039e-06,9.707394481198655e-06,1
0.40754940796641104,0.5924033733417964,9.723891525552265e-06,2.2516881214277712e-07,1.5814077390734227e-05,6.94786975065298e-06,1.4507684313486927e-05,0
0.4269024054809487,0.5730559679801024,1.1576096700478427e-05,2.162882279943513e-07,1.476469131522607e-05,7.441002041015632e-06,7.628460664084946e-06,1
0.4450904139678901,0.5548616992907406,1.134308078853302e-05,2.1193454989428177e-07,2.156559740163973e-05,7.2912216857510425e-06,7.474906943485155e-06,1
0.46750113777211055,0.5324416133957247,1.0356506033495855e-05,1.9350134990709346e-07,3.321699360245287e-05,6.657061056672794e-06,6.824770122265511e-06,1
0.1389938236112414,0.8609406362525874,6.3199192022202915e-06,1.4534675115974396e-07,4.705499874905623e-05,5.013729638580401e-06,7.006141829946236e-06,1
0.11408257601905268,0.8857730697700561,7.360645615096605e-06,1.5928144118053914e-07,0.00012732797232673534,4.646032342812791e-06,4.860279165458074e-06,1
0.10249884837431754,0.8974324557174508,7.008292472267918e-06,1.431422876895712e-07,5.088955608611834e-05,4.826008839187973e-06,5.8289085462263015e-06,1
0.09323689829088813,0.9067043389777499,7.125619974200365e-06,1.6218537333132257e-07,4.064163210633953e-05,4.906802208421121e-06,5.926491699530431e-06,1
0.1071622682402005,0.8927924665170989,8.13029912769085e-06,1.5190852399737312e-07,2.6399222330704177e-05,5.2260769729674875e-06,5.357735745268136e-06,1
0.12512659489897188,0.8748360423982877,7.602107811794928e-06,1.5527078924703363e-07,1.781716905599792e-05,5.465360855096459e-06,6.322794228244519e-06,1
0.19120906963485462,0.8087630735897684,7.525088355389132e-06,1.4879148532024088e-07,9.816253999524166e-06,5.118842147522855e-06,5.247799389490341e-06,1
0.0760401467342729,0.9239178479718193,7.464252719050827e-06,1.1866610687379187e-07,2.5507717957788658e-05,4.08244509449349e-06,4.83221202950247e-06,1
0.04937417096961053,0.9504810398989451,8.693259602193894e-06,1.6149716024341713e-07,0.00012479348830333038,5.44490030626743e-06,5.695986072392741e-06,1
0.06853420264531986,0.9313418304894647,7.502401511735518e-06,1.4017515321968188e-07,0.00010665430145742835,4.726025730400053e-06,4.9439613627346866e-06,1
0.5046247599208721,0.4952681616104313,6.023606185486052e-06,1.4901209729822756e-07,8.984365602507743e-05,4.587588414899689e-06,6.474605973828443e-06,1
0.05049571036526533,0.9494682441617641,5.875497530311339e-06,1.0977925209909242e-07,2.2487156382913414e-05,3.7011818767254805e-06,3.87185792859314e-06,1
0.06337718393255697,0.9365687645987474,7.980184412721206e-06,1.1243535833414817e-07,3.758962782562603e-05,3.7907318788604154e-06,4.578489219853939e-06,1
0.22993732993468233,0.7678049871636483,2.3592488822771e-05,2.4668658436992114e-07,0.002182672127692136,4.547294088155723e-05,5.698657688501536e-06,1
0.1416833560418556,0.8581128091191995,2.774034931605233e-05,1.6246553782462277e-07,0.00012882834718108105,3.7865203986703455e-05,9.238472923207287e-06,1
0.23555926525103915,0.7624586910846809,2.6470304243757177e-05,3.0533442289381145e-07,0.0018687602640862955,7.029639996581907e-05,1.6211361561345504e-05,1
0.4659829376008228,0.526428970954511,4.604663178446492e-05,3.055391542796975e-07,0.007350570243054353,0.0001382860650500888,5.2882965622955734e-05,1
0.03382452593204471,0.9660014441415565,1.8311676830773774e-05,1.2529102933882197e-07,0.00010700851044881484,4.5891301266753174e-05,2.693146822921091e-06,1
0.045241561109720795,0.9545697492501968,2.1157902764753148e-05,1.2528875283829229e-07,0.00011515268876273749,4.956066191288442e-05,2.693097889248814e-06,1
0.03548415827261823,0.9643820483262874,1.3666853127149667e-05,1.0547077363122915e-07,8.866983398754393e-05,2.9062622282333183e-05,2.288620923226579e-06,1
0.008361550293506671,0.9915280601769423,2.2481861124605047e-05,1.0109050749681665e-07,6.132828581696379e-05,2.395239488162388e-05,2.5258972200799183e-06,1
0.008750649177109092,0.9911102961628752,2.2575179972313934e-05,1.0151011909487911e-07,8.978977038672379e-05,2.40518176953239e-05,2.5363818421804866e-06,1
0.008081641899712116,0.9916110799453068,2.3782355209624854e-05,1.3497283793694954e-07,0.0002555765103075231,2.3787737220586533e-05,3.996579405493823e-06,1
0.029093071450685716,0.9616047662882296,2.68723531150932e-05,6.312669306895533e-07,0.009216236778687447,5.31673702154557e-05,5.25449213626894e-06,1
0.02957152781384567,0.96752301733208,3.145531812293154e-05,6.94059700985274e-07,0.002810369747544475,5.683171377989231e-05,6.1040149260208485e-06,1
0.01956297239765659,0.9768622131596132,2.146561944736802e-05,4.1652383941911495e-07,0.0034920496187759178,5.720948228924414e-05,3.673198378209185e-06,1
0.015961308921151107,0.9787879947884066,2.329876565212464e-05,9.523898358388523e-65,0.005178597698477105,4.604457442693059e-05,2.7552518859809217e-06,1
0.9049257864606796,0.07354727961896625,1.0092095051165404e-05,1.8856108512612152e-07,7.820154668788263e-06,6.3912363385087045e-06,0.02150244187321059,0
0.9377266428768436,0.042322709484514456,4.798026957914451e-06,1.1034473178101772e-07,4.480819821748338e-06,3.7202887218814172e-06,0.019937538158408406,0
0.935748414589447,0.058291309787306025,7.227864626323775e-06,1.5976271280286128e-07,6.158920709548906e-06,5.126770247716565e-06,0.005941602304950619,0
0.9664392647317468,0.02902008051607135,6.274031398237076e-06,1.3867944797168968e-07,5.564949288835238e-06,4.4502102859778344e-06,0.004524226881761074,0
0.9635409299912162,0.036278514426682514,5.494939375547802e-06,8.274599855388857e-08,3.4465860667830517e-06,3.824357315459735e-06,0.00016770695334495655,0
0.9480574054874994,0.0517382669888359,3.6656828502626676e-06,9.391934146661682e-08,2.6084299876980385e-06,2.9829748228595127e-06,0.00019497651666256679,0
0.938616490843022,0.06103375508782828,4.284655254370253e-06,1.007120557198766e-08,4.558417131339872e-06,2.552480012434261e-06,0.0003383484455460202,0
0.9596393980729565,0.04018992034291098,4.3806219359741265e-06,1.0296778020904824e-08,3.7670449434193742e-06,2.609649848071255e-06,0.00015991397062711918,0
0.9377465075958543,0.0621780677061561,6.4618255649800185e-06,1.5188707088828395e-08,6.131133935892576e-06,3.84947670681907e-06,5.896707307475078e-05,0
0.887819609081668,0.11215174638127699,8.357851395832013e-06,1.9645370409134576e-08,7.538913923392839e-06,5.685366312439352e-06,7.042760053152272e-06,0
0.9081534497100505,0.09181992286329127,7.835948727060676e-06,1.9084651523805636e-09,6.976804714985601e-06,5.209787016560381e-06,6.602977734326965e-06,0
0.845760963821588,0.15418651416282467,9.124054252465157e-06,1.5920142576382565e-07,8.933932712894699e-06,5.520967426120233e-06,2.878385977023339e-05,0
0.8107994274813427,0.1891653511576805,7.488972388292723e-06,1.3067163442172629e-07,7.357553448300722e-06,4.429086191192943e-06,1.5815077314561356e-05,0
0.4139271842168264,0.5860400942113727,8.673910360910887e-06,1.4719967849435595e-07,1.364460971694824e-05,5.064136491709355e-06,5.191715552773734e-06,0
0.4841686465176989,0.5154015340810668,1.0794961181467326e-05,2.0169346245275244e-07,0.0004055287129902216,6.800124496467079e-06,6.493909103620577e-06,0
0.2934410833367214,0.705789632588606,9.356442543219487e-06,3.0199433757117727e-07,0.0007453141685947219,7.106264153522495e-06,7.205205043538921e-06,1
0.10636982990961048,0.8932617492068181,5.691390791295862e-06,1.7077740682259931e-07,0.00035176739220047176,4.50267402905256e-06,6.2886491439031034e-06,1
0.09068218116666103,0.908977941086166,6.5068164219345936e-06,1.424669605813476e-07,0.00032326266047748927,4.571751205128388e-06,5.3940521076075485e-06,1
0.15078215182748628,0.8487787370127796,9.731601877607875e-06,2.0473549207787666e-07,0.00041527070880688946,6.902686968850791e-06,7.0014265887211705e-06,1
0.16327969685981183,0.8362475322456152,9.375694703925178e-06,1.9952616128947815e-07,0.0004390594690264125,1.4810799715218335e-05,9.325404966129391e-06,1
0.14435664655772742,0.8550512516286382,8.836616292451633e-06,1.8627961923766714e-07,0.0005694435373917326,6.280444524905492e-06,7.354935805877213e-06,1
0.16129167363955443,0.8383109258746431,9.512428564807938e-06,2.0012447771346004e-07,0.00037258547413809563,6.7472259472007914e-06,8.355232674409323e-06,1
0.2214142438081568,0.7784458353490153,8.657127178725007e-06,1.6207464363358525e-07,0.0001191265151958595,5.5758825399683125e-06,6.399243269681347e-06,1
0.03324358881989781,0.9666978334807459,6.054793768635395e-06,8.214519644791497e-08,4.345832790058107e-05,2.8914529977085306e-06,6.09097949282977e-06,1
0.029762652561498654,0.9701966059141544,7.1988144148789606e-06,8.466971818559289e-08,2.446312636718376e-05,2.912788438792332e-06,6.082125408007553e-06,1
0.030764278625519233,0.9692180843472602,5.835853475650909e-06,6.863908981102456e-08,4.385996970519923e-06,2.4159490273986964e-06,4.930588657529987e-06,1
0.06817376402049856,0.931805214468099,7.1685614554674765e-06,9.198324460408592e-08,3.915871513304077e-06,3.237613303877524e-06,6.607481884977837e-06,1
0.14514627688632603,0.8548238076307925,6.5064588456179935e-06,1.3513735740426394e-07,8.917527482287756e-06,4.648964715263039e-06,9.707394481198655e-06,1
0.6143614258856112,0.3856076391066071,8.430476833053303e-06,1.666916063805081e-07,9.334830466570585e-06,5.734720723357764e-06,7.2682881523849466e-06,0
0.5690466030811336,0.4309004490395254,8.563089229217803e-06,1.5999308259652745e-07,3.307758937186096e-05,5.504270228614733e-06,5.642937428592641e-06,1
0.12557181113230542,0.8743892444995791,7.326816273197449e-06,1.3689605120069822e-07,2.2036983830103103e-05,4.615418433001838e-06,4.8282535278712925e-06,1
0.09155838922551911,0.9083855877278841,7.89860355704133e-06,1.4787558553076175e-07,3.6867581268146176e-05,5.087332639870571e-06,6.021653546209702e-06,1
0.10804555421408314,0.891920991115565,1.0146279411103147e-05,1.6403144047797109e-07,1.0821682975837286e-05,5.643139116666261e-06,6.6795374077391955e-06,1
0.11407342276948408,0.8858963492511338,8.234182474727617e-06,1.5645016590884787e-07,1.0937107491316526e-05,5.382322123591376e-06,5.51791712660877e-06,1
0.07244843129826482,0.9275088689330191,7.902497969496204e-06,1.2775699079331477e-07,2.5071914255086098e-05,4.395196860263795e-06,5.202402640722658e-06,1
0.0794602797071119,0.9203868516871806,9.630273525804184e-06,1.7890433484722334e-07,0.00013071770701285316,6.031785736256768e-06,6.309935097586392e-06,1
0.07994109841945975,0.919915662402633,9.385281744510779e-06,1.7435305273068834e-07,0.00012165179260763434,5.8783385960539365e-06,6.149411906291639e-06,1
0.11942982663256901,0.8804227692242214,7.760043520004342e-06,1.756099006185886e-07,0.00012869073502545398,5.284166504532199e-06,5.4935882591890206e-06,0
0.2825340184857063,0.7173697972891527,8.483995774993195e-06,1.9199295094858523e-07,7.553664409401211e-05,5.777138515169906e-06,6.194453805937331e-06,0
0.4200970382426363,0.5798168349534377,7.970361515920232e-06,1.6599786398469556e-07,6.180031094412993e-05,1.0997237794818458e-05,5.192895807266636e-06,0
0.04465367803306253,0.9553103149977679,5.911649421625142e-06,1.1045472299665004e-07,2.2365228363624113e-05,3.7239552204720667e-06,3.8956814407799575e-06,1
0.06508342183636778,0.934870594574711,7.981606270343235e-06,1.0362485611955032e-07,3.067857814551071e-05,3.5649841111142434e-06,3.654795538264752e-06,1
0.09462029034088523,0.9048984765066715,1.8683738353800698e-05,1.454590656330107e-07,0.0004323466095333861,2.609790779199675e-05,3.959437698546107e-06,1
0.24441777917041438,0.7538575357381601,2.3302911022674886e-05,2.8365310556403777e-07,0.0016501926544596126,4.523680734532496e-05,5.669065492226655e-06,1
0.2313633888352159,0.7671196514748921,1.8292557257379405e-05,2.0601304216733877e-07,0.0014567395912403669,3.605453736945533e-05,5.666990982962231e-06,1
0.2473759519101138,0.7510039318780259,1.8025387788315078e-05,2.500425228903517e-07,0.0015553238551525904,4.045772534518293e-05,6.059201051358971e-06,1
0.2550012511826623,0.7423887777632374,3.921561574770683e-05,2.56687072697763e-07,0.0025066976156901716,5.6436907777756624e-05,7.364227812140901e-06,1
0.09343436276750279,0.9063857597441127,3.216711550089512e-05,1.4016879131410615e-07,0.00011393266678408975,2.9094252805594238e-05,4.543284502767705e-06,1
0.06776909620870204,0.9320563793164535,2.8641967906513685e-05,1.3058658790660595e-07,0.00010426935449202779,3.2909075689098624e-05,8.573490168892145e-06,1
0.0876514071124641,0.9121727576237391,2.420125421785584e-05,1.4173829383825168e-07,0.00010273351155551895,4.069892496468269e-05,8.059834764587417e-06,1
0.40777483498365474,0.5920393835939584,1.9332927020585977e-05,1.1464328116685921e-07,0.00012744524042997916,3.6043437841850965e-05,2.845173813335168e-06,0
0.3068660266019404,0.6929418304213424,2.3120626305525324e-05,1.3010164191773765e-07,0.00013312067656706125,3.254275860899871e-05,3.2288135936854317e-06,0
0.17323218279404162,0.8265004606199737,2.7576929913034164e-05,1.5517762422719113e-07,0.0001985910541106363,3.718228444979511e-05,3.851139886899877e-06,0
0.007718664552326136,0.9921430368008977,1.9712719672432518e-05,1.0411320785657707e-07,9.254034461202283e-05,2.3866695369314425e-05,2.074773914439665e-06,1
0.009538341125777233,0.9842225285152578,2.668676500102684e-05,1.543448900422829e-07,0.006170792059440257,3.6650364880600435e-05,4.846824753033002e-06,1
0.009026275698716758,0.9821859832583038,2.1712488440005006e-05,1.476699112677455e-07,0.008735176923643844,2.7894456619521085e-05,2.8095043651071514e-06,1
0.016139661302580013,0.961003017325001,2.9695056719312043e-05,2.0196056306250216e-07,0.022791244354728485,3.174366460369441e-05,4.43633580419616e-06,1
0.012225605242910295,0.9726542673076249,2.780942305424922e-05,1.891360838798094e-07,0.015054814821257598,3.3159440224252856e-05,4.15462884465109e-06,1
0.009107883601056703,0.9905586485131718,2.2426930017734507e-05,1.397927213788185e-07,0.00028332220240038006,2.450825973524558e-05,3.0707008966266773e-06,1
0.0085033647842064,0.9911415222148748,2.0882093725931653e-05,1.398749795077072e-07,0.0003041003526600652,2.4522681112612406e-05,5.467998440855644e-06,1
0.010032386842002012,0.9756207974008172,2.483660195964478e-05,3.0385484627989575e-07,0.014290200743405607,2.724037845256049e-05,4.234178516750762e-06,1
0.013312927757021522,0.9616352742524117,2.195451983095651e-05,3.933194344450673e-07,0.024992612792335823,3.3563476278685325e-05,3.2738826871159504e-06,1
0.02844060221530013,0.9457531304588679,2.9759391028698954e-05,6.815556985499273e-07,0.025722726627520558,4.863005381896468e-05,4.469697765244217e-06,1
0.02104150801092212,0.9754459290134329,2.2660836281689216e-05,4.49374470646428e-07,0.0034363852845762325,4.8670065470530445e-05,4.397414846003616e-06,1
0.8944950115886782,0.08381373800587802,1.3022579008500784e-05,1.893879577749621e-07,7.945859127994663e-06,6.515547301927499e-06,0.02166357703204748,0
0.8800014266745523,0.08676890211431572,1.2253936244058822e-05,2.2895300762939392e-07,9.495320470544363e-06,7.719184036940057e-06,0.03319997381737279,0
0.9037076349443349,0.058438895681588734,9.362575028189078e-06,1.9697182741547912e-07,8.315841669877194e-06,6.640933882701593e-06,0.037828953051667974,0
0.8935864358563063,0.04403465882187837,4.489306330285294e-06,1.110565550088401e-07,4.192509330832588e-06,3.419063112289238e-06,0.0623666933864869,0
0.894545407196095,0.026497590697876265,4.8505844308971945e-06,1.0976879803007249e-07,4.117822260966081e-06,3.520167566650617e-06,0.0789444037629721,0
0.9646053040624613,0.030118202701202964,6.262125500740845e-06,1.317439165691337e-07,5.554388978948486e-06,4.441765357328543e-06,0.005260103212582073,0
0.9429311112260841,0.056862045663069065,5.584219783184907e-06,1.4831266097889273e-07,4.6265827141154325e-06,3.990173852756438e-06,0.00019249382183583657,0
0.9212951574160285,0.07838095590355969,7.819965720318325e-06,1.7997423041695357e-08,6.23314276373634e-06,5.319211149170985e-06,0.00030449636335561347,0
0.9603939796864689,0.03928528167410723,4.741351607841591e-06,1.1546293968284731e-08,2.9463454094150202e-06,3.225110088275954e-06,0.0003098142860246554,0
0.9573910578695278,0.04226707579454646,4.7484524757151525e-06,1.1563586233165971e-08,2.849926364065217e-06,3.182209326574012e-06,0.0003310741841731228,0
0.9618814085736727,0.03791890661167857,3.828277467969319e-06,8.998476441529789e-09,3.8131796039753237e-06,2.280603955027026e-06,0.00018975375514517897,0
0.9306654839017164,0.06924192373918144,6.745923041576223e-06,1.1032682376718703e-07,7.160540878850901e-06,4.01872092544207e-06,7.455684743246937e-05,0
0.9253543406274366,0.07462032661857783,6.5878911223956066e-06,1.0774227609452986e-07,6.037150924316939e-06,3.924577221669468e-06,8.675392441078807e-06,0
0.8209988730797916,0.1789506813319243,8.690575410125795e-06,1.5163785283567986e-07,9.04728919904849e-06,5.1397315341529855e-06,2.7416354287910312e-05,0
0.7598981876344957,0.24007042826858935,8.86757247186267e-06,1.3587073656536758e-07,8.68845490271345e-06,4.60530861018164e-06,9.08689019381138e-06,0
0.5861579759460052,0.4137679573227127,8.26487969947384e-06,1.5353902474989284e-07,5.201599505583999e-05,5.204171336330317e-06,8.428146165597996e-06,0
0.4081775867607952,0.5912924514429878,1.1788903977795225e-05,2.2026432720171628e-07,0.0004994889580437015,7.426243909383542e-06,1.1037425959105784e-05,0
0.35427301113937565,0.64536723318611,1.1328215265266513e-05,2.116568018960823e-07,0.00033426506452110264,7.136039938600337e-06,6.81469798753722e-06,0
0.3660385000322396,0.6336429034860265,9.774003758837862e-06,1.8261785540559633e-07,0.0002966031392649898,6.156987623368215e-06,5.879733231214032e-06,0
0.14512511311498189,0.8542713732796882,9.795406240693334e-06,1.87271258078661e-07,0.0005722357189194515,1.3901119922795193e-05,7.394088988860795e-06,1
0.16308794558025,0.8362467883348983,9.668837252857003e-06,1.848514775199555e-07,0.0006348646355516424,1.190821738742699e-05,8.639543182309761e-06,1
0.22485640745832064,0.7750112017087951,9.18163484246469e-06,1.7189422822887746e-07,0.00011033664340890257,5.913707440070612e-06,6.786952964570775e-06,1
0.12611947667471388,0.8737095386543337,1.0638063481489961e-05,1.7198001219674008e-07,0.00014136891615625948,6.053575173169308e-06,1.2752136129239802e-05,1
0.10940177790306807,0.8904576626102184,1.0615828549035143e-05,1.7162055166509097e-07,0.00011147660261149143,6.040922415896353e-06,1.2254512585424875e-05,1
0.05169155118320508,0.948233172737239,8.104006150908998e-06,1.3101323178798903e-07,5.307452735854864e-05,4.611573386802445e-06,9.354959427797192e-06,1
0.06427303921262636,0.9356648932553514,8.116608828661051e-06,1.2013429627349857e-07,4.0789956430108444e-05,4.13300137532416e-06,8.907831092124545e-06,1
0.048760677226251055,0.9511804605477946,8.58225723702535e-06,1.1012306212041399e-07,3.8128082850848284e-05,3.87625414331815e-06,8.165508661098172e-06,1
0.031015743500261102,0.9689652011856476,5.943406918390763e-06,7.626270009012597e-08,4.873141128180254e-06,2.6842837895549313e-06,5.478219555245199e-06,1
0.3205775059249125,0.6793691243044495,1.1607642023674439e-05,2.4108752640931456e-07,1.590903273297249e-05,8.29383839595183e-06,1.7318169959106893e-05,1
0.4565169603937909,0.5434421404373195,1.0562035343884025e-05,3.475358707969523e-08,1.4264221261162539e-05,7.1988071368849996e-06,8.8393515605979e-06,0
0.7687104334391418,0.23126576698415033,6.25317967353138e-06,1.2364099746768107e-07,8.80830939109978e-06,4.253643034766788e-06,4.360803610980918e-06,0
0.5562035063135672,0.44375641242768393,9.830389341612965e-06,2.0417449648170278e-07,1.4545597104657379e-05,7.1867983209702815e-06,8.314299485095264e-06,0
0.5138760842010913,0.4860553629878688,1.1086824347940183e-05,2.0714664487914196e-07,4.2826299411645176e-05,7.126502545369649e-06,7.306038090057205e-06,1
0.39411356461779473,0.6057772623985398,1.0467399722038824e-05,1.9557329177241368e-07,8.501838133105501e-05,6.59378204956858e-06,6.8978472710518e-06,0
0.16700918493515793,0.8328844844168968,7.230651013561152e-06,1.636315801151192e-07,8.852827452522021e-05,5.128746649866542e-06,5.279344176759027e-06,1
0.15745970121629266,0.8424379584874185,7.960145200006317e-06,1.5691366428663748e-07,8.341140771539719e-05,4.721536788375248e-06,6.090292920589428e-06,1
0.2032988849652938,0.7966614447694105,7.792211906631368e-06,1.4559161856414013e-07,2.1575343711713228e-05,5.022176328672524e-06,5.134941729840166e-06,1
0.09266262799567104,0.9073004798878174,8.81841674333601e-06,1.4594734914033517e-07,1.6963622811958968e-05,5.020995929241864e-06,5.943133677925376e-06,1
0.09229274126338169,0.9076721524296761,7.302437331094369e-06,1.3902532556334486e-07,1.7220723873830578e-05,4.782859009271067e-06,5.661261402189501e-06,1
0.08602565461595689,0.9139467404787491,6.26447956102806e-06,1.2386581720015638e-07,1.2586546425050682e-05,4.261329634265496e-06,4.368683856355568e-06,1
0.06367668190123119,0.9362041138062193,7.566133257232225e-06,1.4136591955976463e-07,0.00010174466122837793,4.766172591187175e-06,4.985959553157111e-06,1
0.16758095898902073,0.8322845434732621,6.425663838890831e-06,1.589582080371745e-07,0.00011589575116646608,4.893796187467192e-06,7.123368316324364e-06,1
0.04669768915141445,0.9532572418319346,5.926730510139897e-06,1.1095869518462802e-07,3.077202301891019e-05,3.740946525230031e-06,4.518357901631598e-06,1
0.04922210562987303,0.9507459644284014,5.382369791438835e-06,1.0056553120423072e-07,1.9440376885370877e-05,3.459734800067973e-06,3.546894717271437e-06,1
0.07012901923072047,0.9298245721038942,8.514397426137146e-06,1.0991046940273372e-07,3.0182522393446443e-05,3.7253492008147736e-06,3.876485895606551e-06,1
0.0427767179733778,0.9571778474827962,9.841539147920464e-06,9.738963089535375e-08,2.871025773522126e-05,3.350474970297338e-06,3.4348823419252612e-06,1
0.043791185069380505,0.9561634446521002,7.633495284639368e-06,9.910534593759228e-08,3.073278280332628e-05,3.4095003537219825e-06,3.495394731675389e-06,1
0.04158027143260046,0.9583599281676908,8.471439882600896e-06,1.0998434515890863e-07,4.361203085051635e-05,3.7278531751014936e-06,3.879091455644603e-06,1
0.06946475749953275,0.930058232629385,2.3044151496361806e-05,1.4735912427231227e-07,0.00043475191514860044,1.4990015127507002e-05,4.076430185459857e-06,1
0.10304044043790388,0.8964184774635915,1.7829459430210186e-05,1.2768597729663607e-07,0.0004911140070760764,2.8128433343129737e-05,3.882512677853552e-06,1
0.2195894998554392,0.779472941517225,1.912315826292702e-05,2.0347888015471645e-07,0.0008758547997683129,3.76766653115689e-05,4.700525112879807e-06,1
0.21381387826390286,0.7849037227436492,1.985913336363675e-05,2.093404172688792e-07,0.0012195057623825278,3.706623612217264e-05,5.758520162372369e-06,1
0.08905337522668347,0.9098614985192425,2.3972668961639067e-05,1.6190654237141233e-07,0.0010239669138727065,3.247941036533004e-05,4.545354331738702e-06,1
0.092416490934508,0.9073878067166957,4.688510305189507e-05,1.370995549546025e-07,0.00010931259986294229,3.36204749781578e-05,5.747071348235509e-06,1
0.07546071905327623,0.9243477356883311,4.3610025673058396e-05,1.5615573395394028e-07,0.00010787304536989624,3.3322327242884636e-05,6.583704373049688e-06,1
0.10374132305902518,0.8960520256456428,2.798478421862405e-05,1.6221123719627964e-07,0.00012520072597744798,4.407956157761262e-05,9.224012321280505e-06,1
0.0989275055527942,0.9008852049881656,2.5761696068521283e-05,1.4932531045811415e-07,0.0001152548836893557,3.763228957259008e-05,8.491264399136659e-06,1
0.12951135783249218,0.8652787537531371,3.284695773815532e-05,2.488674912381566e-07,0.005115014497428503,5.345758536132002e-05,8.320506351537461e-06,1
0.5016066500831112,0.494890263878908,4.632346657315908e-05,4.291087693037428e-07,0.003271313142077603,0.00013575613076011124,4.9264189800416494e-05,0
0.1749642467979371,0.8247936630879985,2.6732505429347485e-05,1.5557190905392386e-07,0.00017294427681872462,3.891372167219903e-05,3.344038234942666e-06,0
0.08756417466903618,0.912247467317169,2.2491673777584516e-05,1.277655336484631e-07,0.00012401094849031228,3.8556789055617715e-05,3.170836937703459e-06,0
0.025413163556381183,0.9744432249180339,1.610176201546125e-05,1.0727776248714825e-07,9.428207483330333e-05,3.079258001743754e-05,2.327830956123017e-06,1
0.027199302633817632,0.9726623942305337,1.7683050688740992e-05,1.1426446563784613e-07,8.83490954768121e-05,2.987965626183238e-05,2.2770687555739762e-06,1
0.019263296556534235,0.9806125782581455,1.4443040763227882e-05,1.0583002380242256e-07,8.085752000393271e-05,2.6074473419893333e-05,2.6443211092985017e-06,1
0.014324170616014228,0.9855689395600238,1.5739718487010907e-05,1.0232778868354509e-07,6.312794634638897e-05,2.5363018802558154e-05,2.556812537327815e-06,1
0.0170955526996604,0.9828095642080045,1.6316141692138356e-05,1.0171001252410442e-07,5.1504178933102e-05,2.4419685219338458e-05,2.541376477875725e-06,1
0.008637570828426738,0.9912704735473389,1.9257891899876158e-05,8.563334164432443e-08,4.6108029979052226e-05,2.3975712804482597e-05,2.528356209121221e-06,1
0.004841137724494905,0.9891549856335574,2.1720790301237896e-05,1.4533894802759636e-07,0.0059438581816905174,2.9169941969826066e-05,8.982389038224253e-06,1
0.005068645605614571,0.9852863548881629,1.5012881407742592e-05,1.4424631361839634e-07,0.00959131233024053,2.961518735222186e-05,8.914860908475293e-06,1
0.007418859094479881,0.9814754926578374,2.7754546434476517e-05,1.4859648599293228e-07,0.011039734167268339,2.7625424104142793e-05,1.0385513389727804e-05,1
0.01779243549246907,0.9609311022108524,2.932959026725538e-05,2.0194544966880378e-07,0.02121303484367533,2.94599134679891e-05,4.43600381814616e-06,1
0.012094213590403897,0.9718431717766067,2.2643776455294188e-05,3.9118822414889856e-07,0.016004708038983455,3.17724488552584e-05,3.0991804713794054e-06,1
0.01571027940366504,0.9672477768143789,2.2349187828408902e-05,4.206683342036605e-07,0.016981674355728955,3.416683404157165e-05,3.3327360227373565e-06,1
0.03844711931724371,0.9568049837290296,2.8726318711154143e-05,5.574121255286758e-07,0.004647667741044099,6.602983207598873e-05,4.9156497701103835e-06,1
0.04343241958393024,0.9521443670133241,2.96032201456787e-05,5.870450329824453e-07,0.00432056378997369,6.671473878304021e-05,5.744608810545493e-06,1
0.010422171345814692,0.9857597719890446,2.7389185222971704e-05,3.3110591850855325e-134,0.003731110490731277,4.335300917188571e-05,1.620398001435743e-05,1
0.9033113662483768,0.06939860633817005,1.2658676340436837e-05,2.0601985809216357e-07,8.544218729145087e-06,6.945989556301926e-06,0.02726167250896915,0
0.9172343891678415,0.05229719094369343,7.450235689393861e-06,1.5673962921499535e-07,6.576083443469714e-06,5.284499453926211e-06,0.03044895233024899,0
0.9096122434005177,0.04386939093413078,7.028374839587498e-06,1.590522274660463e-07,6.315257199740817e-06,4.985270876015819e-06,0.046499877710208824,0
0.9128267403858691,0.034081759330519316,4.670622661247979e-06,1.155419622415158e-07,4.361838477356897e-06,3.476700143863728e-06,0.053078875580366905,0
0.9678034152300637,0.028197924643404045,7.096741342491923e-06,1.4930274061536574e-07,6.2640653518365485e-06,5.033763670381989e-06,0.003980116253426738,0
0.9570029974990212,0.04271617895242516,5.154651715890794e-06,1.070607055384302e-07,4.270681214560663e-06,3.7684613507761793e-06,0.00026752269356665405,0
0.9282696330666271,0.07125818615965554,7.234052787376534e-06,1.8290611097839104e-07,5.7661229469286265e-06,4.92086903921985e-06,0.00045407682283292157,0
0.9373247501419297,0.06235891291109677,7.611883684055912e-06,1.219216522563642e-07,6.355180441704455e-06,5.101366718149303e-06,0.0002971465944776801,0
0.9707167588439612,0.029167397931365024,3.554670725452741e-06,9.367722462021365e-08,2.7059848470934152e-06,2.5986414637177555e-06,0.0001068902504126876,0
0.9300607444006393,0.06958994789789488,7.799517849719485e-06,1.6875965619032338e-08,4.903142090285782e-06,5.3053023233325865e-06,0.0003312828632367626,0
0.9696334852907682,0.030324076434900905,3.1790689855487056e-06,4.694279418200696e-08,3.100255671630135e-06,1.709919517632838e-06,3.440208736165724e-05,0
0.9320267214875171,0.06794924318775908,6.316268463520729e-06,1.4846570929854099e-08,5.623744250038795e-06,3.7627645747837683e-06,8.317700864541042e-06,0
0.6953126559277599,0.30465160229656224,1.0801956851214297e-05,1.8331346641235892e-07,8.480595176585722e-06,6.213369461090149e-06,1.0062540722546033e-05,0
0.6930911641609765,0.30687719952349013,9.457145068483457e-06,1.6049148027038859e-07,7.687478225098452e-06,5.52141669166003e-06,8.809784067961954e-06,0
0.6918239635130599,0.3081461318254548,8.579252099777897e-06,1.4559329048412207e-07,8.252978991431216e-06,4.934852428128441e-06,7.99198467574873e-06,0
0.7831028756263233,0.21687046404710802,5.7801910450253786e-06,9.269221676854317e-08,1.1446504325592096e-05,3.141782217215141e-06,6.1991567639106e-06,0
0.7810202602891971,0.21859139909294462,7.031204570582742e-06,1.3062069042009055e-07,0.00036955571795626175,4.427359455507976e-06,7.19571518552197e-06,0
0.27562380018663657,0.7239407291879997,9.885416106944851e-06,2.2370711396641869e-07,0.00041204124912623064,6.731429345856536e-06,6.588823670743368e-06,1
0.34788529129639134,0.6519908517591846,8.4360952044364e-06,1.65935521026596e-07,0.00010353877995495873,5.433520264265661e-06,6.282613479420665e-06,1
0.25614585901051257,0.7437168509283792,9.655142819067353e-06,2.3114522681880025e-07,0.00011399461374861774,6.218684461288793e-06,7.190474852500997e-06,1
0.19210032016850384,0.8077489941465414,1.1028856700090326e-05,2.0647704284001004e-07,0.00012393882238966223,7.103466108361257e-06,8.408062713760788e-06,1
0.17058825421659843,0.8292871802936531,1.101915711873349e-05,1.7814095384700205e-07,9.984358210683504e-05,6.270435975427569e-06,7.254173593503827e-06,1
0.14552832837965698,0.8543322759303132,1.1284564714094982e-05,1.8243165972282217e-07,0.00010848075143530278,6.421465797053136e-06,1.3026476423499425e-05,1
0.054690114137076806,0.945195265529831,7.885182640974522e-06,1.2747562647354943e-07,9.301826484021424e-05,4.487052173956704e-06,9.102357810872755e-06,1
0.04186974576489877,0.9580624461845577,8.650021195114169e-06,1.1099257399357789e-07,4.691019437854972e-05,3.9068603481958395e-06,8.22998204745828e-06,1
0.5476074392197274,0.4523484590565301,9.820154315115039e-06,2.0396191778221582e-07,1.1937109066968757e-05,7.0169378175615125e-06,1.5123560624965079e-05,0
0.47988367559974576,0.5200753310964387,1.0208898038400206e-05,2.120360185328528e-07,1.4474418651341893e-05,7.463518354329293e-06,8.634432752806294e-06,0
0.40900751531268115,0.590949498368342,1.1618071745932838e-05,2.3729298916127094e-07,1.3115472890812079e-05,8.352545912780393e-06,9.662935438055927e-06,1
0.31750507570402847,0.6824191960723232,1.0321258603745741e-05,2.0324210251904597e-07,4.951200371508341e-05,7.107363947826645e-06,8.584355279299108e-06,0
0.17979626569014576,0.8201643943999789,6.020592462341476e-06,1.4893921837025187e-07,2.2846039292535806e-05,4.776267212348301e-06,5.548071689789425e-06,1
0.09623197281774959,0.9037297351157959,7.635853024190106e-06,1.4537296309570563e-07,1.9589860962299892e-05,5.0012354470619164e-06,5.919744057859816e-06,1
0.07463316191121976,0.9253276670787081,8.39191968461503e-06,1.2204544122036522e-07,2.2215908051453298e-05,4.136656766039301e-06,4.3044801290063174e-06,1
0.05749954470195333,0.9423563600702368,1.055952107256178e-05,1.5356759438423895e-07,0.0001227882740998949,5.177553837077938e-06,5.4163112061231284e-06,1
0.15161077952381927,0.8482444017844685,8.124554712026032e-06,1.7092609498418545e-07,0.00012482839902587918,5.762798215929762e-06,5.932013663396256e-06,0
0.399893178083465,0.6000200690717815,7.650805695556614e-06,1.7313784702177505e-07,6.830286447306736e-05,5.2097815025039724e-06,5.416255235437493e-06,0
0.05628719725523887,0.9436736714681526,5.577944829273408e-06,1.1392786283219015e-07,2.4870201801624907e-05,3.92993650001912e-06,4.639265614896506e-06,1
0.04205213869131795,0.9578899866723543,8.60179646803774e-06,1.110386842651449e-07,4.148193435549468e-05,3.7635893644576945e-06,3.916277455274313e-06,1
0.04534987681383317,0.9545637572412244,1.754724734809918e-05,1.1974636272266647e-07,5.3131732975329605e-05,8.994110852794047e-06,6.573107403409565e-06,1
0.05334647389180504,0.9465599764524395,1.8452151301699016e-05,1.2235365243290768e-07,5.719057075823791e-05,1.1068353509433511e-05,6.716226533774399e-06,1
0.07719169173677426,0.9222956716019538,2.515656235932159e-05,1.6702973035703763e-07,0.0004662556405744764,1.629194058197014e-05,4.765488025674178e-06,1
0.07308126471299507,0.9264295728669143,1.9993531583068854e-05,1.4608788350604899e-07,0.0004398162045509438,2.503859521454763e-05,4.168000858625751e-06,1
0.09584957309237778,0.9036835403321177,2.0607116951753255e-05,1.4883712731835917e-07,0.0004142506807374806,2.7055635571369295e-05,4.824305116588595e-06,1
0.09184894565698938,0.9074177732157661,3.05420715472082e-05,1.8274399961606753e-07,0.0006606829557775423,3.6659527579288134e-05,5.213828341054275e-06,1
0.06983068262173586,0.9300031979617681,3.3632256584579646e-05,1.1981962669294467e-07,9.06764317560567e-05,3.4949298965543206e-05,6.741609563151311e-06,1
0.08953916813553911,0.9102519183202508,2.6783443534956017e-05,1.5381769702357525e-07,0.000130710335530433,4.251922707796183e-05,8.746720369684665e-06,1
0.09246084327423272,0.9073112306609061,2.6029961839674755e-05,1.5088028841671707e-07,0.00015325847580904971,3.990705994647041e-05,8.579686977605236e-06,1
0.10191813383441697,0.8923416057063683,3.314369138622032e-05,2.397873161354285e-07,0.00564636971853135,5.1507132800260894e-05,9.000129180890493e-06,1
0.3533708394514386,0.6440069867909417,4.0571097992780335e-05,3.1564508006684365e-07,0.0024692806228518763,8.158686128770418e-05,3.041953040726405e-05,1
0.03466095749460568,0.9651999505263487,1.62713110627729e-05,1.1338780776840546e-07,9.151852291105459e-05,2.8355593641413755e-05,2.8331636226298543e-06,1
0.0285768155269379,0.9712992772924453,1.4305868970340264e-05,1.0482491038175856e-07,8.105044699564786e-05,2.5826832890018655e-05,2.6192068502252632e-06,1
0.01727539588376732,0.9826224300841403,1.730482387076255e-05,1.0710107459876527e-07,5.5017801799143774e-05,2.7068225137108506e-05,2.676080210647988e-06,1
0.009267456067662043,0.9905987623818642,1.9065489473021784e-05,1.044774503268806e-07,8.761197958289104e-05,2.4389078925531173e-05,2.6105250421263856e-06,1
0.01054828065374284,0.9893016994377614,2.0862515409466453e-05,1.215024422072083e-07,9.708172977628678e-05,2.915859260956423e-05,2.7955682584916347e-06,1
0.012982003420829108,0.9788124045636712,2.8172924143742624e-05,1.6564359684423926e-07,0.00812895957147412,4.4992884171656055e-05,3.3009921131133113e-06,1
0.011471883360672896,0.9754454204627188,2.1124369524877534e-05,3.539255027845243e-07,0.01302524459371995,3.302730941526281e-05,2.9459784455601127e-06,1
0.04322362257832978,0.9498128293324176,3.273474403818803e-05,6.461315201177189e-07,0.006852902938052895,7.17300988069704e-05,5.534176834283325e-06,1
0.9279021354760132,0.04975425233650668,8.329491682031821e-06,1.5562853720165402e-07,6.529467065533263e-06,5.2470388246828535e-06,0.022323350561370643,0
0.8750888662147387,0.030066900931733923,4.75719458049492e-06,1.0765538432232061e-07,4.06432536471199e-06,3.239390113340408e-06,0.09483206428808458,0
0.9564993121785179,0.03596764590418361,9.28790290346855e-06,1.9540085951200014e-07,8.143422425856027e-06,6.587968470765579e-06,0.007508827222638984,0
0.9257987614307039,0.07377392371601947,7.2907527596842866e-06,1.7576278753871632e-07,5.4359755939768806e-06,4.695218821904072e-06,0.0004097171433135919,0
0.951470634358889,0.04679584812465259,8.32150854308651e-06,2.0876974406271123e-07,6.148434204044334e-06,5.660596480680127e-06,0.0017131782074865211,0
0.9618848579314025,0.03641648721391191,7.591139059523182e-06,2.0161492159905053e-07,6.273135922956759e-06,5.54972784407353e-06,0.0016790392369371524,0
0.9486881350345241,0.050649824406633306,7.657487628960261e-06,1.5140767704926613e-07,6.103634633440727e-06,5.208905007897371e-06,0.0006429191238951422,0
0.9073929814291035,0.09222566128790037,8.68347356098611e-06,2.3560666920044234e-07,5.50233115051556e-06,5.676003902070725e-06,0.0003612598677132442,0
0.924429438548315,0.07534094605937061,6.408376063676707e-06,1.9007377466028911e-07,4.102499193650459e-06,4.684842293527946e-06,0.00021422960098880906,0
0.9489359881098305,0.050231440877250906,7.340148120982722e-06,1.600614497765512e-08,5.775078479118952e-06,4.99283489443588e-06,0.0008144469452791655,0
0.8915927912430827,0.10831602666837076,1.0287545343772356e-05,1.4979569912186863e-07,8.011632031340137e-06,6.224689063980107e-06,6.650842640839802e-05,0
0.9193185395646868,0.08064927975539446,7.145941312115907e-06,1.7402029187909348e-08,4.705433994130326e-06,4.788903586350198e-06,1.5522998997057835e-05,0
0.9724721448121798,0.027513586251104984,3.1940026206225536e-06,7.507595145944826e-09,2.884334026245904e-06,1.9027500148316995e-06,6.280342458530988e-06,0
0.9028176574892983,0.097154038054062,9.055360311849373e-06,2.1279542549507882e-08,8.543374832778674e-06,5.39451247047487e-06,5.2899294820187e-06,0
0.8454493835312725,0.15448925426411644,1.0687389019790102e-05,1.578122245856149e-07,1.048058026202936e-05,6.320675878236289e-06,3.371574722634467e-05,0
0.7824931222911506,0.21747691907615677,7.711444178499435e-06,1.4902720678330053e-07,6.9336093940357964e-06,5.051244262742817e-06,1.0113307650295436e-05,0
0.7753058808124262,0.22466984852408062,7.024138058776596e-06,1.192023921081085e-07,6.543662902032165e-06,4.040338755841018e-06,6.543321384335969e-06,0
0.6755940855167876,0.3241027686416932,1.0373208829933401e-05,1.9270605564607866e-07,0.0002798436551859501,6.531729198907118e-06,6.2045422487406265e-06,0
0.2700502320497347,0.7294813420298373,9.766423445000785e-06,2.3220790686375207e-07,0.00044593661970609316,6.650401831396203e-06,5.840267538599523e-06,1
0.05242859595429594,0.947485101234269,7.889999809613547e-06,1.2755350312118696e-07,6.433750730718468e-05,4.489793377045868e-06,9.457957438112233e-06,1
0.043676942218309034,0.9562352924300672,9.545814780390585e-06,1.224869314701728e-07,6.480083390806576e-05,4.213939498783543e-06,9.082276505328202e-06,1
0.03530872904585066,0.9646181961629936,7.939172203334718e-06,1.0187132937016519e-07,5.3894297255029635e-05,3.585798968472656e-06,7.553651399378117e-06,1
0.033268898873917915,0.9667088240486466,7.2001331166315945e-06,9.238835570614708e-08,5.3417209881165834e-06,3.2518723474590647e-06,6.390962627368407e-06,1
0.027088515250652943,0.9728906023506289,7.085228312248916e-06,9.091395714049669e-08,3.975608591178119e-06,3.1999766741555916e-06,6.530671183464642e-06,1
0.04281149986603016,0.9571713387263039,6.767611603922524e-06,1.502645132966465e-08,3.44433114462173e-06,3.112557124707405e-06,3.821881341529825e-06,1
0.15297141932007569,0.8470036556109057,6.775580108030741e-06,1.0953848392076381e-07,6.403226357454961e-06,3.768275706844479e-06,7.868448362311838e-06,1
0.2617458700021948,0.7382275621698549,5.922214421854392e-06,1.2459419651815672e-07,1.192598163857781e-05,4.200664271987568e-06,4.394373421400858e-06,0
0.15313913364927237,0.8468250340065707,5.590592129434768e-06,1.2857354296350935e-07,1.9480416153359877e-05,4.435138576884671e-06,6.197623754183535e-06,1
0.19026211622885586,0.8097082250282185,7.5826981412872655e-06,1.4167701144443953e-07,1.2160884836566705e-05,4.776607392382866e-06,4.9968755440725795e-06,1
0.09953169671815727,0.9004324756970148,7.313958566528507e-06,1.4938542668166262e-07,1.714182953919911e-05,5.1392753871498366e-06,6.083135908480005e-06,1
0.10951267444585375,0.8904605068542611,8.095589799535186e-06,1.2408492437169598e-07,8.930353695258138e-06,4.4277440901474e-06,5.2409273758091655e-06,1
0.09931539643421347,0.9006574218897982,8.20515907962095e-06,1.257643444225592e-07,9.05122103779033e-06,4.487671129977074e-06,5.311860396598098e-06,1
0.10496358489482574,0.8950138702892089,6.3543137632287975e-06,1.1804722433367159e-07,7.847836099601173e-06,4.061153808746087e-06,4.16346506963056e-06,1
0.1300935604555328,0.8697813397118317,7.078720762558264e-06,1.6279598900726726e-07,0.00010596088051292799,5.61570345361446e-06,6.281731917568302e-06,1
0.10398201974846648,0.8955063470675708,1.731200283416063e-05,1.4514760732980522e-07,0.0004656288611347766,2.4786668965572986e-05,3.7605034206523153e-06,1
0.27607803218965715,0.7229506639819527,1.9316848276545953e-05,1.862773141420872e-89,0.0009042244595250374,4.160829994584477e-05,6.15422064266721e-06,1
0.11782165894599166,0.8814757452219693,1.8853070445964695e-05,1.4700881268094508e-07,0.0006485290339580318,2.9334385665559927e-05,5.732333156960918e-06,1
0.08348928637042323,0.9160513971261525,2.3258924185059295e-05,1.4845822342534684e-07,0.00040589844430932763,2.5120348536068354e-05,4.890328170206539e-06,1
0.09851124312525057,0.8996366854624265,3.246958876432388e-05,1.661531054495151e-07,0.0017815128849915734,3.3182308226152834e-05,4.740477235733509e-06,1
0.1864658075360919,0.8113013196254852,3.128046276710061e-05,2.4121446273033326e-07,0.002138859325902991,5.640044150461524e-05,6.091393785280509e-06,1
0.09030213072902048,0.9095247240424109,3.554045850027306e-05,1.3593765667836868e-07,0.00010140933194736612,3.158165974981863e-05,4.477840714806571e-06,1
0.07017278803224822,0.9296535045791364,3.450250120556683e-05,1.3154655069831703e-07,9.955106818775427e-05,3.08567402462131e-05,8.665532425126893e-06,1
0.5428903552254509,0.446292241477798,5.6375576002146636e-05,3.400085293244242e-07,0.010635979190801276,8.567355890849173e-05,3.9034962509802017e-05,0
0.08727334154444683,0.9125617137376167,1.799499189168294e-05,1.1953639836579177e-07,0.0001006393590470577,4.362138031073989e-05,2.56945028850929e-06,0
0.04063745750107213,0.959196842927771,1.7246175199346052e-05,1.2296269546136727e-07,0.00010551318636454733,4.014906700335423e-05,2.6681798940166114e-06,1
0.015488321378172146,0.98441674537556,1.606496406308506e-05,1.0014424530543104e-07,5.144407990470854e-05,2.4821804607784667e-05,2.5022534468130433e-06,1
0.00817878854562518,0.9917112233484114,1.9354581469229985e-05,8.606328750594644e-08,6.391032118844005e-05,2.409608949774004e-05,2.5410505203316072e-06,1
0.01092564685744032,0.9783751258036837,2.1391934723172706e-05,1.4664921518284637e-07,0.010640167901037787,3.414666245782969e-05,3.3741914420282218e-06,1
0.008686294329970168,0.9722174899002745,3.114634432484757e-05,1.5326037567229605e-07,0.01901896234768097,3.5374361251228005e-05,1.0579456122690495e-05,1
0.0059614023207004065,0.9795862778731579,1.452858850355499e-05,1.397100797662074e-07,0.014399301580918664,2.866514282061376e-05,9.684783819072999e-06,1
0.004203205570898491,0.9839441235941845,1.4514307863466708e-05,1.403316023283806e-07,0.011805282049598976,2.4131974439735146e-05,8.602171412621386e-06,1
0.009775276886901812,0.9812138374137609,2.7747147245524913e-05,1.4855687109668448e-07,0.00894900689877875,2.360035176518457e-05,1.038274467664105e-05,1
0.011027369385691111,0.97391155656256,1.9350049631844837e-05,4.35915222191655e-07,0.015004237353019992,3.419196635396248e-05,2.8587675205583306e-06,1
0.836094431679984,0.021550279088761552,4.969497330279042e-06,1.0454933258577457e-07,4.425307360706509e-06,3.5248959929593764e-06,0.1423422649812382,0
0.9244304432386812,0.013983238498538478,4.161975328009801e-06,1.1687477115123913e-07,3.886818834273496e-06,3.0980751970621897e-06,0.06157505451864985,0
0.8635445927157712,0.012917808538129212,4.104260890867331e-06,9.287948518587286e-08,3.4892526733032797e-06,2.9111782956659313e-06,0.12352700117475464,0
0.9128846995062617,0.08648503755546667,6.639027555762796e-06,1.378907855244323e-07,5.486333727651591e-06,4.853658429240068e-06,0.0006131460277734858,0
0.924694285333134,0.07507155818672863,6.401700848936489e-06,1.687057999727541e-07,4.098225870297229e-06,4.67996237886273e-06,0.00021880788523909682,0
0.9598612357920979,0.03977330395578539,6.0615790825626466e-06,1.3227358484445017e-07,4.913125529328771e-06,4.431316416106386e-06,0.0003499219575039352,0
0.9673133771784334,0.031830173695607776,6.565801727290591e-06,1.8653749315784387e-08,4.906413226343614e-06,4.50194137929512e-06,0.0008404563158767025,0
0.9542916315613625,0.04449929724236753,7.381574746919546e-06,1.8773724337055448e-08,5.807672101477383e-06,4.946815014909221e-06,0.0011909163606822477,0
0.9282071039935953,0.07111217054090839,7.988684267035734e-06,1.728526860627014e-08,5.290264002984027e-06,5.353673794068561e-06,0.000662075558163471,0
0.9147727855366063,0.08520013405366188,8.549559122434657e-06,2.0095984941630356e-08,7.700766012937503e-06,5.815536341947766e-06,4.994452269430724e-06,0
0.9382847504108884,0.061692039444376505,5.770046942063226e-06,7.641552017637042e-08,5.626999866634246e-06,3.412488911506504e-06,8.324193494698776e-06,0
0.8607356695951871,0.13921296939028313,9.001435906435507e-06,1.32950459308468e-07,8.506016344624652e-06,5.3235789113639205e-06,2.8397032907994844e-05,0
0.8412521343478244,0.1587236731730958,7.146713791931411e-06,1.0950339227705498e-07,5.901198314604716e-06,3.7115932984951558e-06,7.323470282305669e-06,0
0.7979104118282259,0.20206477144872967,6.876489981098149e-06,1.1669674601998191e-07,7.462345761261288e-06,3.955410435031005e-06,6.405780120775192e-06,0
0.32866018848764983,0.6711979414496524,8.62463244070013e-06,1.614662925054776e-07,0.00012095385489514128,5.554953328850908e-06,6.575155740662453e-06,1
0.30069716103697064,0.6990802160105586,1.3605256104789839e-05,2.5901679213614515e-07,0.0001890939090100035,9.117208460920466e-06,1.0547562102995413e-05,1
0.24612331497308332,0.7536844707536764,1.1897564023980495e-05,2.265057595381029e-07,0.00016289369756243541,7.972843035684514e-06,9.22366285873284e-06,1
0.03943226977821842,0.9604882621285128,7.214687466721875e-06,1.0691123468305903e-07,6.402970459613158e-05,3.7632000820529733e-06,4.353589889009058e-06,1
0.04881199787065221,0.9510856356656818,7.695734078300228e-06,1.1403964979752709e-07,8.208665517191593e-05,4.01411526812485e-06,8.455919497698847e-06,1
0.029471297258562137,0.9704612433777156,7.200778012747463e-06,8.469282097867882e-08,5.098030767713157e-05,2.913702052143953e-06,6.279883159061206e-06,1
0.024514203024370105,0.975468152669,6.335586761695007e-06,7.451676272475621e-08,3.2585698763227738e-06,2.622830531777511e-06,5.352802697385469e-06,1
0.04387616336139216,0.9561047801129727,6.488211595534107e-06,8.325334977492499e-08,3.6406151818697646e-06,2.864062854013356e-06,5.980382654137276e-06,1
0.44386997694506913,0.556088610193616,1.203071987773834e-05,1.9910963880252732e-07,1.3922590930953613e-05,6.8497246286429995e-06,8.410716238754628e-06,0
0.6717409746755988,0.32822789397580143,8.55231109760836e-06,1.6910057442265326e-07,9.219013174002016e-06,5.817596875631809e-06,7.3733268778515995e-06,0
0.4790869870685353,0.5208711176108827,1.193919908123814e-05,2.728600117399106e-07,1.3047756206753055e-05,8.30942076453961e-06,8.326084517619623e-06,0
0.6493780112347967,0.3505906020735467,8.992720203733949e-06,1.778085636406356e-07,9.827696150761829e-06,6.117179363985458e-06,6.27128737448188e-06,0
0.4584998786125999,0.5414623266520214,1.106812064834586e-05,2.0679718424946113e-07,1.2111624902100643e-05,7.114479989714066e-06,7.293712654263094e-06,1
0.4895747622520623,0.5103896119262079,1.0432958166066718e-05,1.9492978443973323e-07,1.1416579195456504e-05,6.706203741743511e-06,6.875150842217351e-06,1
0.5223924372687393,0.47757498240402957,8.114429465765958e-06,1.5161030662979302e-07,1.3855445969244815e-05,5.111563595035459e-06,5.347277894502138e-06,0
0.31537963901286564,0.6845351863544924,7.188023343187583e-06,1.6266690445219874e-07,6.784065394638378e-05,4.894651954715601e-06,5.088636493225469e-06,1
0.2954374589366456,0.704307271443246,9.864558019864688e-06,2.7701220459447453e-07,0.00022684944731817355,7.342941781910471e-06,1.0935660783863388e-05,1
0.16610922467471936,0.8338042441868754,6.143826178413658e-06,1.4129692898746085e-07,6.856105562916007e-05,4.874031205047202e-06,6.8109284639873904e-06,1
0.16557563101318953,0.8343946217723833,7.6053171946928265e-06,1.420996314444041e-07,1.2197160539285169e-05,4.790855927098686e-06,5.011781134758949e-06,1
0.1415554079071461,0.8584137476242346,7.515567366644578e-06,1.4042272341264514e-07,1.3501521716887125e-05,4.734319363973995e-06,4.952637448368858e-06,1
0.10849438010030432,0.8914692842822362,8.713075777867525e-06,1.6279726737053558e-07,1.6117288154922813e-05,5.600680119055726e-06,5.741776140476326e-06,1
0.15228048549506215,0.8476920858938862,7.71958824135251e-06,1.4423470000228597e-07,9.515628180741089e-06,4.962076021473654e-06,5.087083907968435e-06,1
0.11263663755914352,0.8873338215411285,6.988106289562892e-06,1.3056750991716076e-07,1.3325290248480434e-05,4.491886558041849e-06,4.605049121969752e-06,1
0.07223960979994817,0.9277307016278824,6.227430513194527e-06,1.1658832182681658e-07,1.4585987463369016e-05,4.010963492914888e-06,4.747602378413192e-06,1
0.3538987707397198,0.6460088058905885,7.983848759993718e-06,1.9750461959234477e-07,7.102797363127323e-05,6.08051239569922e-06,7.133530285128253e-06,0
0.17189878470078523,0.827971975713438,6.77318068962638e-06,1.6755508724540592e-07,0.00011068394443657129,5.373311854858825e-06,6.241593708425498e-06,0
0.044802725017832036,0.9551643212752513,5.4073830245316296e-06,1.0103288465086927e-07,2.0457464164034957e-05,3.4244488094303864e-06,3.5633780336834437e-06,1
0.03649091173495812,0.9634640832701488,7.572036749908635e-06,9.830743238447024e-08,3.048534807927646e-05,3.3820499017219237e-06,3.4672527298133356e-06,1
0.0402280327782507,0.9597208281736899,9.859869735802673e-06,9.963901849363935e-08,3.423746203782709e-05,3.427860178324784e-06,3.5142170890689174e-06,1
0.13514987404519002,0.8641374053274443,1.9466325553536738e-05,1.6327560401184976e-07,0.0006594106821911297,2.8909907461970406e-05,4.77043655517536e-06,1
0.08284567943740989,0.9166167918070438,2.3231370938145514e-05,1.5564590863605732e-07,0.0004814221269252999,2.7592515719566633e-05,5.127096054487397e-06,1
0.07591230969439383,0.9235780784045144,2.5251869223247605e-05,1.4916666542430078e-07,0.0004511193724000567,2.8835651903387454e-05,4.25584089963958e-06,1
0.08052393897908902,0.9189515032227523,2.635418554470059e-05,1.5606441257120792e-07,0.0004604343109008971,3.316059831352676e-05,4.4526389867971776e-06,1
0.07077535921079026,0.9290658472990636,3.182463438255492e-05,1.2133673600407562e-07,8.567363758739564e-05,3.318091306051083e-05,7.992968379792196e-06,1
0.05382804623849296,0.9460236005832202,2.9706114023416787e-05,1.0790125476888331e-07,7.618709140143709e-05,3.3651755925895034e-05,8.700315681510547e-06,1
0.04334467435576628,0.9564553421673693,3.182530915533494e-05,1.4050392848741037e-07,0.00012544464116513346,3.45833790497612e-05,7.989643565741281e-06,1
0.06595311883213695,0.9338323822907725,2.5923964175304845e-05,1.4888169484117116e-07,0.00014382973796653995,3.6130254701849246e-05,8.46603855173348e-06,1
0.4736643332229837,0.5243032503788937,2.9264022911414614e-05,2.4435097116686974e-07,0.0019097495266002411,6.045062803173669e-05,3.270786960794963e-05,0
0.06819159317173967,0.9316398162831672,1.6086459629857566e-05,1.1977242853489626e-07,0.00010526313010533194,4.452222895829797e-05,2.5989539711640136e-06,1
0.029135864489970378,0.9707316467528049,1.5308481940413812e-05,1.121714626921037e-07,8.67307890676024e-05,2.7534543328634617e-05,2.802771425350745e-06,1
0.018236668904850525,0.981667795643995,1.5981547242256374e-05,1.0018986618479745e-07,5.159756251964792e-05,2.5321518616939558e-05,2.534632909260446e-06,1
0.00926744016265805,0.9905970622953295,1.9065456752425756e-05,1.0447727102047197e-07,8.932805035859468e-05,2.4389037068478403e-05,2.6105205618881286e-06,1
0.010098081400279988,0.98974535802763,2.1782560807065577e-05,1.2211797461369953e-07,0.00010291600909198797,2.9306310287931993e-05,2.433573928120046e-06,1
0.007288896843139545,0.9829948803980091,2.4801956715062704e-05,1.5295409158229854e-07,0.009641261024899565,3.606752733617243e-05,1.3939295809152308e-05,1
0.015018281772311654,0.9743890221498048,1.8459051835015935e-05,1.6874634342719773e-07,0.010543545467300722,2.7695744967093698e-05,2.82706743705854e-06,1
0.015393496146929283,0.973254528856282,2.1363515452711782e-05,1.909562656316969e-07,0.011300232339084258,2.7191758859679005e-05,2.996427126412773e-06,1
0.016221401572759163,0.9723719769340904,1.9560416105850208e-05,4.345846574429094e-07,0.011349160527423355,3.43122488940984e-05,3.153716069766013e-06,1
0.017607110416050974,0.9744480525156889,2.4875717498790485e-05,3.413194650072018e-07,0.007884981495880522,3.1250978651116886e-05,3.38755676475175e-06,1
0.036346414654373514,0.9585208728422725,3.073307568616145e-05,6.785093920490413e-07,0.005002901960237316,6.639982838267323e-05,3.199912965573385e-05,1
0.010014207274129041,0.9830873507117162,2.780461387795164e-05,2.958782913686885e-07,0.0068367766881385125,3.025880776801491e-05,3.3060260790176073e-06,1
0.008797308942113757,0.9855464344258912,3.0352077712654136e-05,3.002162268702087e-07,0.005587303508207021,3.3080035480771446e-05,5.2207943676577e-06,1
0.8869197210614477,0.024970906611906547,6.009015132451065e-06,1.122726657021938e-07,4.7226157593960264e-06,3.7852892951549827e-06,0.08809474313379345,0
0.8198052521875103,0.011856541758015194,3.857712764439202e-06,8.730009740690861e-08,3.2956764500026503e-06,2.626892042732325e-06,0.16832833847311987,0
0.9573405781904626,0.04223232239202395,6.017327988936213e-06,1.50962534940288e-07,4.6689556249756385e-06,4.093208035647422e-06,0.0004121689633290016,0
0.982862930668492,0.016721468097816203,6.2068361127740815e-06,1.2891427580250456e-07,5.00639535820004e-06,4.5375065447450555e-06,0.0003997215814004713,0
0.9691125193436633,0.03022889101712615,7.085098280730544e-06,1.639888379042137e-07,5.7147961538793005e-06,5.179559961767422e-06,0.000640446195976733,0
0.9583198370564062,0.04045725276139062,7.466050418374648e-06,2.1211397886795186e-08,5.874135832752083e-06,5.003426989220398e-06,0.0012045453575649893,0
0.9517097136913959,0.04777210613138588,6.051317488675512e-06,8.811249948689383e-08,4.7953800482349215e-06,3.6614730274051593e-06,0.0005035838941543882,0
0.9432294794303377,0.05675109832269574,5.254431463366437e-06,2.1318055019890696e-08,3.300470735705415e-06,3.574111629399296e-06,7.271915083177116e-06,0
0.8880756799408956,0.11187121467753108,9.287353359959795e-06,1.2302778973065685e-07,8.776197519958279e-06,5.619779755403437e-06,2.9299023148340224e-05,0
0.8561306794653482,0.14383375586175096,8.953277656501461e-06,1.3223916596429766e-07,8.267557905059665e-06,5.295097428362549e-06,1.2916500744763737e-05,0
0.8312542332562404,0.16872186178135068,7.061778331200625e-06,1.0820199399171492e-07,5.83106524193563e-06,3.667482691014429e-06,7.2364341506393755e-06,0
0.1173842980886157,0.8825004453977019,8.340358325347509e-06,1.5878369668741148e-07,9.482879183492264e-05,5.462663511959111e-06,6.4659163135390725e-06,1
0.12117962156533138,0.8787032532242103,1.0669090210028235e-05,1.5810048772872615e-07,9.442076581289049e-05,5.439158953698314e-06,6.438094994073157e-06,1
0.04078576180324948,0.9591222651445582,7.204426808983198e-06,1.0675918657389809e-07,7.298793725599026e-05,3.757848095813485e-06,7.916080844789385e-06,1
0.044057868031781244,0.9558637712629914,7.517920765113511e-06,1.1140471364214109e-07,5.863816197680708e-05,3.832676004963072e-06,8.260541766786144e-06,1
0.03532398007439383,0.9645968771217707,8.447897078780953e-06,9.936096261721961e-08,5.9809702720813223e-05,3.41833271504411e-06,7.367510357992122e-06,1
0.02756573528854166,0.9724018762711704,7.215177420003921e-06,8.486217363071955e-08,1.587655039560939e-05,2.919409247359556e-06,6.292441051412589e-06,1
0.028891319565297603,0.971091172055354,6.497319288404497e-06,7.641899921381379e-08,2.816244910166413e-06,2.6289490762938705e-06,5.489447074266175e-06,1
0.480941221276112,0.5190194232386763,1.2181086442390048e-05,2.6936987251405186e-08,1.277910850789056e-05,6.449306684558033e-06,7.919046589653513e-06,0
0.5695808908102435,0.43038571888850785,9.141780826390005e-06,2.597222622890463e-08,1.0122437421607786e-05,6.2185758874218075e-06,7.881534886809674e-06,0
0.5524638783213691,0.4474988553493042,1.0155902602556392e-05,2.008075880627243e-07,1.1245346011529394e-05,6.9084188560885586e-06,8.755854268352436e-06,0
0.6565846355450282,0.3433784527175076,8.411867995373153e-06,1.7471219630697348e-07,9.220686451730187e-06,6.149746127496931e-06,1.2954724693217721e-05,1
0.5126341398970226,0.4873155310335699,1.1867818443546918e-05,2.4649134137446853e-07,1.12613657646727e-05,8.676321425298557e-06,1.827707243264007e-05,1
0.5988556588837198,0.40111239623071676,9.152650459395156e-06,1.8097078468138268e-07,1.0002475964026715e-05,6.225969811974869e-06,6.382818543071928e-06,1
0.3731317123394413,0.6268226524832807,1.0846361096035932e-05,2.215312060628209e-07,1.7924816444942567e-05,7.62137713988371e-06,9.021091391136138e-06,0
0.4885718062912354,0.5113908273659838,9.306430556585832e-06,1.7388170003393668e-07,1.5890796301491084e-05,5.862446871152801e-06,6.132787351458381e-06,0
0.2091224154262101,0.7908378292394032,7.222047280247775e-06,1.5194066171904205e-07,2.198564017918787e-05,5.122643967227789e-06,5.2730622985047476e-06,1
0.15549568172189426,0.8444464571866275,6.035780832804941e-06,1.388120807703125e-07,4.020703063154528e-05,4.788316477650248e-06,6.69115145558287e-06,1
0.1341711812930949,0.8657951857100169,5.489263818305363e-06,1.2624317443316664e-07,1.8521978872706123e-05,4.354752619330291e-06,5.140758403638639e-06,1
0.10468591442221589,0.8952800221379328,7.846842618441403e-06,1.4661235232382723e-07,1.5855168500809683e-05,5.043873893774384e-06,5.170942486129339e-06,1
0.10299409123895226,0.8969759234674729,7.258274308423078e-06,1.4824809228458254e-07,1.1323779098059763e-05,5.2181696527981285e-06,6.036822423526948e-06,1
0.11840602838358033,0.8815678306703278,7.3571840619062305e-06,1.374634504915931e-07,9.06890701959362e-06,4.72912614996637e-06,4.8482654099084064e-06,1
0.12566569431792518,0.8742052058636985,6.591054879025481e-06,1.5158067871635382e-07,0.00011105459346052586,5.228827480084001e-06,6.073761877904648e-06,1
0.05101469655707241,0.9489466296686511,6.806177269793613e-06,1.0820407476798377e-07,2.3620711460212803e-05,3.732494688396347e-06,4.406186783317433e-06,1
0.03901989774741588,0.9609469490417536,5.44011967782289e-06,1.0164454439474654e-07,2.058131500066298e-05,3.445180648266179e-06,3.5849509592012348e-06,1
0.04892742265804448,0.9510170705806844,1.0737958652008554e-05,1.1483409360630597e-07,3.665321578042888e-05,3.950613148725521e-06,4.050139596515412e-06,1
0.08375986611482103,0.9156407121248105,2.500827036776878e-05,1.6582450287822537e-07,0.0005501441569787574,1.5000981325384468e-05,9.102527193799207e-06,1
0.2573385292386143,0.7417931674315202,2.0907960823757947e-05,2.4874631931227277e-07,0.0007985815947797907,4.3095786595769375e-05,5.469241346716398e-06,1
0.1235954017563428,0.875914924644112,1.742286359685805e-05,1.4608140244292806e-07,0.0004402004738970163,2.7169197718393558e-05,4.734982930276733e-06,1
0.08429867311039445,0.9151363644345498,2.4208963955613982e-05,1.5452218474177663e-07,0.0005087351513859789,2.6773737805328862e-05,5.090079724310859e-06,1
0.07227211644457553,0.9272325587767835,2.3848360772843243e-05,1.408759256936789e-07,0.0004400832868359285,2.723295545499685e-05,4.019299651409068e-06,1
0.07758597042721774,0.9219616309648139,2.5723761582091388e-05,1.519542059816204e-07,0.00039281300465708374,2.9374515924707524e-05,4.335371598267858e-06,1
0.20246899715461159,0.7951267119006613,2.9386438622888583e-05,2.2660898774916085e-07,0.002311866736735994,5.708859895517496e-05,5.722561425378252e-06,1
0.1899624983404445,0.8079380731800996,4.026912930205404e-05,2.3136344437407228e-07,0.0019888206672773524,6.336160090994118e-05,6.745718522130628e-06,1
0.08787371609912058,0.91197749677433,3.0004394991868887e-05,1.1482296012495329e-07,8.107438024479907e-05,3.278026878771198e-05,4.813259565081866e-06,1
0.19535056136592677,0.7990599826526261,4.9788849800984e-05,2.6418395881300047e-07,0.005455885404114277,5.7735226749965296e-05,2.5782316823063625e-05,0
0.41712719854524344,0.5794037512816342,3.229450791213425e-05,1.8368687653937477e-07,0.0033718939051806977,5.4387817440888314e-05,1.0290255712081472e-05,0
0.24023885898387867,0.7596291409795397,1.2622147459664707e-05,9.05385683133938e-08,7.945644227189579e-05,3.673512477342373e-05,3.095783508260978e-06,0
0.09249888174627241,0.9073438375749214,1.6128864263628358e-05,1.1885290911326473e-07,9.992026565442206e-05,3.853369475207556e-05,2.5790012267666214e-06,1
0.035119733683779845,0.9647210792638177,1.7289187081622563e-05,1.2326936386293767e-07,0.00010363320238546588,3.5466559248890865e-05,2.674834322501041e-06,1
0.03252503646734747,0.967348966279354,1.5421491768936225e-05,1.0367768853243001e-07,7.909583078551168e-05,2.8555484943015493e-05,2.820768112652681e-06,1
0.03346108100533252,0.9664354308896621,1.5282060243528025e-05,1.1278510777682463e-07,5.758998161802513e-05,2.768517377213726e-05,2.8181042637348147e-06,1
0.00860710502620083,0.991293450280543,1.6621830798020798e-05,8.577651553979294e-08,5.3129248807760215e-05,2.7043649846460414e-05,2.564187288354516e-06,1
0.007667299914072964,0.9921979628938113,2.082485878003708e-05,1.0464611638865513e-07,8.570484551503909e-05,2.601744795840666e-05,2.0853937459087012e-06,1
0.023603129106868032,0.9723036719278226,1.996661803739852e-05,3.7589521599062375e-07,0.00402153656393588,4.7954303279010584e-05,3.3655848409757426e-06,1
0.01890279547274911,0.974655546827861,2.7627613004215048e-05,3.0386915051482516e-07,0.006372859389265721,3.7840792322024075e-05,3.0260356473616146e-06,1
0.017063243661656628,0.9776889653256701,2.7934039467429044e-05,2.9725555279882567e-07,0.005181527122873366,3.471117973041373e-05,3.321415049207329e-06,1
0.8674672074018216,0.013430083404388267,4.263177204355209e-06,8.968962085853425e-08,3.6191527525457265e-06,3.0238986453110017e-06,0.1190917132755671,0
0.8413049504496525,0.014130792717701377,4.134602502624373e-06,1.0054157246435328e-07,3.532225681401148e-06,3.000564950075243e-06,0.14455348889793956,0
0.9770700646094916,0.019734773341935234,5.521155286381693e-06,1.0315747391120065e-07,4.304050300164065e-06,3.4964997969175167e-06,0.0031817371857155038,0
0.9569253092102414,0.04265742438727629,6.244852703066427e-06,1.66623560558257e-07,3.6583718085237165e-06,4.014130402645894e-06,0.00040318242400754276,0
0.9179020210689457,0.08145527357121059,9.66895175634823e-06,2.0086191512976836e-07,8.072631643391891e-06,6.479981925176221e-06,0.0006182829326036024,0
0.9683386203085153,0.03054278253970145,7.642071774866203e-06,2.013936393860378e-07,6.19417109348089e-06,5.586735345323753e-06,0.001098972779930216,0
0.9408407709736152,0.05865329160435602,7.1926620699736535e-06,1.895502206495918e-07,5.829908536783831e-06,5.258194452641719e-06,0.00048746710674866866,0
0.9492219811684666,0.050276551329604145,7.05886433243829e-06,1.8747808970273851e-07,5.721460709724629e-06,5.160381638075965e-06,0.00048333931715948894,0
0.9562308856646715,0.04300734550504176,6.543632919174534e-06,1.359094526689202e-07,5.278053564987494e-06,4.78391734470744e-06,0.0007450273170051382,0
0.9621105228702227,0.03671415508345372,7.63777390548459e-06,2.169927233278509e-08,6.3726965132907715e-06,5.118717944127494e-06,0.0011561711586883113,0
0.9464471382264139,0.052375338344410084,7.5134291574953946e-06,1.6384006751911612e-08,6.299583753535252e-06,5.035384017165706e-06,0.001158658648241174,0
0.9254413471533175,0.0744783228854153,7.95120098469758e-06,1.936302378806841e-08,4.799280375354461e-06,5.328554104810406e-06,6.223156277877101e-05,0
0.9108664777453042,0.08908783197950304,8.070379316695194e-06,1.9653250746478e-08,5.015052039729935e-06,5.489544733919439e-06,2.709564585147609e-05,0
0.9333057873074582,0.06666143069675491,7.285999343707838e-06,1.7743103071294305e-08,4.58032031469911e-06,5.070688500682373e-06,1.5827244524549815e-05,0
0.8490255049811315,0.15093071883558684,1.1079271284039436e-05,1.6363991493435588e-07,9.997252937842982e-06,6.552440696580857e-06,1.598357844825892e-05,0
0.6681927743927892,0.3317786109196246,7.252402284146418e-06,1.1630086953498366e-07,1.091994268613091e-05,3.941992288997369e-06,6.384049457287369e-06,0
0.5898774238861931,0.4100267729033212,7.67334447934508e-06,1.425499064437226e-07,7.533069288822726e-05,4.831697598180212e-06,7.824925613257499e-06,0
0.41351381288195876,0.5857527071473406,1.0492083724628366e-05,1.960344886091401e-07,0.0007053832492578855,6.609331368168093e-06,1.0799271861403817e-05,0
0.04221528267567583,0.9577031147319902,7.193766890378615e-06,1.0660122199609847e-07,6.62089706720903e-05,3.7522878540493776e-06,4.3409656956451225e-06,1
0.055919168835773324,0.9439626773929062,8.425973447662001e-06,1.2486074121039143e-07,9.604903904944291e-05,4.295606093797732e-06,9.258291988555139e-06,1
0.17955988950388974,0.8204126158213804,6.190562904207419e-06,1.2857773142629557e-07,7.516192386286601e-06,4.423252216320295e-06,9.236089491642418e-06,1
0.26377821287655934,0.7361877418257009,9.222539222874606e-06,1.4909763419018502e-07,8.715712203679689e-06,5.247858548294917e-06,1.0710090130670057e-05,0
0.6186810309516549,0.38128514790060497,9.62801680032003e-06,2.2003995069449328e-07,8.971461918650713e-06,6.7008885753179705e-06,8.300740495052713e-06,0
0.7057553823848193,0.29421920041838706,7.311965743478066e-06,1.4457584543746044e-07,7.887613638313744e-06,4.973868300450451e-06,5.099173265802037e-06,1
0.6631003058796904,0.33686840628554604,9.330884821673913e-06,1.7433860444650837e-07,9.635907274471555e-06,5.9978017460486355e-06,6.148902316987807e-06,0
0.6262714731092488,0.3736938341110083,1.0350908721620744e-05,1.933967695206019e-07,1.0673929508334508e-05,6.653463159197976e-06,6.821081584188411e-06,0
0.2709215290913799,0.7290236105728836,6.837933406078081e-06,1.5474427487372916e-07,3.83706018662902e-05,4.656259796929509e-06,4.840796392431303e-06,1
0.18328261644249338,0.8166567670939294,5.9986977242073635e-06,1.3795923610804716e-07,4.4361101549634374e-05,4.758897639415567e-06,5.359807427889807e-06,1
0.11447530197871479,0.8854972862545601,6.360260462000487e-06,1.2990642677012332e-07,1.1150553497529736e-05,4.481116343795055e-06,5.289929995056664e-06,1
0.13469799540266433,0.865272483722883,6.849629666925515e-06,1.399016471173025e-07,1.2008495956358507e-05,4.825901019743655e-06,5.696946162280688e-06,1
0.1033605754866243,0.896602761138248,7.720326259190046e-06,1.4453792468777655e-07,1.7825194714137425e-05,5.0875758376461385e-06,5.8857403920600845e-06,1
0.09531781391686472,0.9046548055005307,7.549857974620632e-06,1.4106341763100095e-07,9.86145174573752e-06,4.8529750616378726e-06,4.975234404913121e-06,1
0.054852996348123746,0.9450036083165669,1.1049218855305203e-05,1.6068929147205574e-07,0.00012110027163503538,5.417662892841834e-06,5.667492634718296e-06,1
0.057587116301186514,0.942250680585681,1.249843791741751e-05,1.817653500901553e-07,0.00013698382180982497,6.12824528235031e-06,6.410842772693998e-06,1
0.11233899854896423,0.8875151824802991,8.674467873737503e-06,1.5896506695006198e-07,0.00012498918745762098,5.359530411665526e-06,6.636819926508628e-06,0
0.15001129403036748,0.849819882694546,9.268254465243517e-06,1.698465788360623e-07,0.00014656764688046955,5.726402171586462e-06,7.091124990515142e-06,0
0.20789913501933865,0.7918447387223833,8.334636184654841e-06,1.8899139408211116e-07,0.00023357249772992195,5.818418408484125e-06,8.211714560846982e-06,0
0.07422650863345279,0.9257343495880646,5.579441812738805e-06,1.139584382738856e-07,2.487687635327747e-05,3.930991198504073e-06,4.640510679903358e-06,1
0.06607030261623147,0.9338897137066768,7.052100147770503e-06,1.1211373747892519e-07,2.447418222829543e-05,3.7798885067498664e-06,4.5653924712835975e-06,1
0.0432232587997985,0.9567443501166647,6.693538167829072e-06,9.734552399443384e-08,1.881791556107345e-05,3.3489575698698907e-06,3.4333267141470876e-06,1
0.03127730340743523,0.9686891362090824,5.506932752655165e-06,1.0289289644454105e-07,2.083408534777347e-05,3.4874927895599947e-06,3.628979695863697e-06,1
0.03395881601094022,0.96600903454007,5.275412115467748e-06,9.856710747691415e-08,1.995818565340951e-05,3.3408727763709564e-06,3.476411337166841e-06,1
0.04324274614397503,0.9567079242640575,9.883425434194558e-06,9.987706085429823e-08,3.238762725193557e-05,3.436049499548469e-06,3.5226127210652646e-06,1
0.041479103296262386,0.9584714734475477,1.0069306864329189e-05,9.964356836362182e-08,3.2311911490083195e-05,3.428016706543997e-06,3.5143775606500966e-06,1
0.03902975592524465,0.9609195702711969,9.855841727036351e-06,9.959831340820574e-08,3.382975719601079e-05,3.375824880687209e-06,3.512781441578553e-06,1
0.0774019255722303,0.9220805727258375,2.4402527161127028e-05,1.6699077548780854e-07,0.00047033698675312736,1.3428650389466053e-05,9.166546852895727e-06,1
0.08557656483154345,0.9138921090698979,2.206227629279076e-05,1.6472269296898516e-07,0.0004883880410357951,1.4901308300073042e-05,5.809750236748264e-06,1
0.0699099721248902,0.9294552188328008,2.5980720993477068e-05,1.53472104645158e-07,0.0005746282273878788,2.966794339633387e-05,4.378678426877429e-06,1
0.07212521310189171,0.9274094923613557,2.3920772507277996e-05,1.4130367291776473e-07,0.00041102684410913973,2.617411285114215e-05,4.03150361216527e-06,1
0.10330759395553848,0.8957459198173638,2.9107790237424845e-05,1.4895013841490905e-07,0.0008816683141651165,3.1311509341221535e-05,4.249663215772849e-06,1
0.18660402243832178,0.8111091767379276,2.7625379516450625e-05,2.123491659240728e-07,0.0022089930808483005,4.4439385336508544e-05,5.530628883727164e-06,1
0.6513861448034771,0.3469760382106265,2.3847902292728787e-05,1.9912703400898246e-07,0.0015352846456327361,5.1830941475310476e-05,2.6654369461604234e-05,0
0.3301902269604913,0.669639930149881,1.8420573413896518e-05,1.236351639794298e-07,0.00011532099701214105,3.332013025424033e-05,2.6575537836159987e-06,0
0.007742920359399245,0.9921217055319957,1.641835661656274e-05,1.056782119127196e-07,9.047006156505051e-05,2.6274050807247477e-05,2.105961404082188e-06,1
0.007535020256544087,0.9843507473703461,2.295222112338214e-05,1.4056581933173817e-07,0.008051542021759915,3.6796329286505125e-05,2.8012351206289053e-06,1
0.007407426678025182,0.9842891354027707,2.4089858794631914e-05,1.490224746476305e-07,0.00824537933424024,2.9407061426705995e-05,4.412642267882103e-06,1
0.008069508233402776,0.980781452861555,2.350581097620694e-05,1.484914075924645e-07,0.011090688222049998,2.9302264337878326e-05,5.394116270362297e-06,1
0.009989564191074567,0.9820744970182853,2.0134445752302688e-05,1.5244400521409727e-07,0.007886936075982976,2.5999043244116634e-05,2.7167816554675398e-06,1
0.05052869979112315,0.937049847686007,6.929633159170603e-05,7.901375397789207e-07,0.012268433428619097,7.533915050822961e-05,7.593474611109108e-06,1
0.02265007870643215,0.9568739506069632,2.9486731557305627e-05,4.4718241390905453e-07,0.020397115216175776,4.4623990356227374e-05,4.297566101596683e-06,1
0.016037869190248535,0.9778040051809914,2.799062845754098e-05,2.9785773536385225e-07,0.00609172750106707,3.478149790293684e-05,3.328143597135257e-06,1
0.008845173251774922,0.9874332663166985,3.0045747378562685e-05,1.4831174088607285e-07,0.003655299558387108,3.2746173054069855e-05,3.3206409657994173e-06,1
0.9441816390316202,0.016173750085976123,5.319164872594783e-06,1.0864113770871728e-07,4.312649253723263e-06,3.7476132916776767e-06,0.03963112281384779,0
0.9563291439892583,0.018030605730839814,6.206079426149981e-06,1.159546224090115e-07,4.584520194228968e-06,3.909427002408769e-06,0.025625434298656807,0
0.9790057738298492,0.019956234886294263,5.154951141042466e-06,9.631530182772698e-08,3.7978439607247393e-06,3.313552309929093e-06,0.0010256286211431191,0
0.970105247965402,0.028822567477877543,7.656013897043556e-06,2.01761060002957e-07,6.205471679593778e-06,5.597156522344796e-06,0.0010525241535617865,0
0.9504043053154978,0.04915366886900529,6.5796924936971975e-06,1.7475164863009957e-07,5.333074884548037e-06,4.810279768476086e-06,0.0004251280167016138,0
0.9684154309314773,0.03100660212892689,6.011609030717635e-06,1.2485947445599714e-07,4.872623024275613e-06,4.394965467481918e-06,0.0005625628825989159,0
0.9408707596486352,0.05865644118621992,5.840620641496275e-06,1.2130809240384332e-07,4.71100823951441e-06,4.269959323182058e-06,0.00045785626884828963,0
0.9667172355287519,0.03232759611958048,7.2836205522483814e-06,1.4401539013311585e-07,6.077203105490632e-06,4.881369844194692e-06,0.000936782142775414,0
0.9618846557133871,0.036705535988633325,7.63598084508708e-06,1.5098243415697287e-07,6.402336385381223e-06,5.117516262780912e-06,0.001390501482052201,0
0.9432324633510443,0.0567328355923904,5.35209059459823e-06,2.171427347802631e-08,3.361813453172024e-06,3.6406890682379738e-06,2.2324749175663768e-05,0
0.9431425429146846,0.05683049184370295,5.408034778073464e-06,9.627915858316525e-08,4.41371663888965e-06,3.953704569795816e-06,1.3093506467041779e-05,0
0.9216033847419411,0.07836969458741445,6.821170674799673e-06,9.035874042589564e-08,6.134399021225251e-06,4.034138634394521e-06,9.840603573511679e-06,0
0.8159080422876381,0.1840534742579058,1.1376323826864657e-05,1.4755097501668553e-07,9.393680081226275e-06,5.908210193749824e-06,1.1657689379136787e-05,0
0.7805259252375276,0.21944512633742305,8.737070851195942e-06,1.482715369153749e-07,6.898451252055334e-06,5.025630999451657e-06,8.139000409545788e-06,0
0.6888649431208431,0.31110754871921364,7.800496072619904e-06,1.2509020328795712e-07,8.476150591045391e-06,4.239904815517419e-06,6.866518260830658e-06,0
0.1520720504215455,0.8478192603419327,8.027407862159939e-06,1.502853361977091e-07,8.910175544426499e-05,5.289937874042664e-06,6.11985000525253e-06,1
0.15422773224494526,0.8456287462368501,1.3220047443783613e-05,1.9264552042782752e-07,0.00011563638558582624,6.627617804208098e-06,7.844821850424076e-06,1
0.0932844863593283,0.9066213894454741,7.830998362820081e-06,1.1604407088066364e-07,7.736699026296117e-05,4.0846694770149605e-06,4.725493023845529e-06,0
0.045400799574488615,0.9544782003122396,7.779901757745298e-06,1.1528689308718951e-07,0.00010049850599905578,4.058017352540131e-06,8.548401269347176e-06,1
0.024561576490005534,0.9754212441596667,6.1686337011641e-06,7.25531243017185e-08,3.172701237115573e-06,2.5537146627972857e-06,5.211747602354695e-06,1
0.5746272009694917,0.42533666852036023,1.2424071279345436e-05,2.7474318587678652e-08,9.02399546404369e-06,6.577955614243746e-06,8.077013471633174e-06,0
0.35486195040851876,0.6450825424655936,1.3138876557668566e-05,3.0236964208316365e-07,1.2396238051905358e-05,9.550683997872405e-06,2.0118957638128734e-05,1
0.3816743732871435,0.6182691636108171,1.6029112026698538e-05,2.591342763324465e-07,1.1838979217976355e-05,9.121343821796915e-06,1.9214532696759742e-05,1
0.24678413656597664,0.7531504562632364,1.8568212337331755e-05,3.0018258396392967e-07,1.3714339235416785e-05,1.05662153089224e-05,2.2258221321416725e-05,1
0.6568082806618565,0.34316515822049115,8.00425005327741e-06,1.5826403721565667e-07,7.371863787181788e-06,5.444785575532253e-06,5.581954198961044e-06,1
0.6795070183329847,0.3204636241416754,9.161695082618095e-06,1.7117745697149656e-07,7.96191799232591e-06,6.025325795089991e-06,6.037409012936471e-06,0
0.2643306579203163,0.7356406040567747,6.765299281759262e-06,1.4233139298453832e-07,1.2011767275563437e-05,4.798669713362163e-06,5.019955245436089e-06,1
0.2630237671738148,0.7369222348050537,6.740574977453616e-06,1.5254102740908624e-07,3.755189933827718e-05,4.781132607416926e-06,4.7718731809769235e-06,1
0.19878830923401256,0.8011773030419915,5.511414768748944e-06,1.267526063703572e-07,1.929837482151043e-05,4.372325451071983e-06,5.078856348514798e-06,1
0.1542602976676603,0.8457121538299359,5.828042133588583e-06,1.3403446509911197e-07,1.1504884790997562e-05,4.6235128401329705e-06,5.458028174032078e-06,1
0.10905817935156033,0.8909101129088823,7.798020599073088e-06,1.4570014961340612e-07,1.3612757668369384e-05,5.012491575954672e-06,5.138769564294901e-06,1
0.10005888309505487,0.8999147033414455,7.264613069925729e-06,1.3600618180311474e-07,8.889208946158762e-06,4.5854166938388155e-06,5.5383186076433065e-06,1
0.08625594592598443,0.9137122108284988,8.166903385039275e-06,1.3291778297532594e-07,1.437419025358171e-05,4.481292047779149e-06,4.687942047550995e-06,1
0.08658265021200308,0.9133838002075169,7.370763695378227e-06,1.1996047008703304e-07,1.712949715087965e-05,4.044439266254262e-06,4.884919897438354e-06,1
0.05009766227935633,0.9497742380046733,1.276597538443747e-05,1.6171839180290595e-07,0.00010401587414964659,5.452359160554409e-06,5.703788883784116e-06,1
0.07684435831533828,0.923019160551142,6.366991647340457e-06,1.3395011267090638e-07,0.0001181111830397439,4.516147580595641e-06,7.3528611395553835e-06,1
0.15240822367436513,0.8474223363611038,9.24210648969828e-06,1.693674007765364e-07,0.0001461541442882905,5.71024661343834e-06,8.164099738934861e-06,0
0.04055103994190838,0.9594153530942372,6.712224936530226e-06,9.761728957571037e-08,1.999590281762623e-05,3.3583070639534415e-06,3.442911746841922e-06,1
0.0344334294427839,0.9655341394591318,4.982553636301614e-06,9.85186513726652e-08,2.0486007057240646e-05,3.389316424109293e-06,3.4747023152174503e-06,1
0.04261461487217099,0.9573360231499463,9.889914110985604e-06,9.994263224662959e-08,3.240889041081363e-05,3.438305338355475e-06,3.524925390448891e-06,1
0.0380409994287749,0.961908139748098,9.88234148650576e-06,9.986610700939923e-08,3.3920716492378496e-05,3.435672656728291e-06,3.522226384572622e-06,1
0.249243372870173,0.7499387595249231,2.232839229335132e-05,2.4412988995702623e-07,0.0007665315922443613,2.197907308292747e-05,6.784417393452215e-06,1
0.12059449004080879,0.8788317651640848,2.011860261189267e-05,1.5734434510499721e-07,0.0005208212372613107,2.823033540241874e-05,4.417275485736443e-06,1
0.08173920091397475,0.9176107283738916,2.693621070051779e-05,1.7326091306170424e-07,0.0005858058259343575,3.144806672451774e-05,5.707347861180825e-06,1
0.09641650475714697,0.9029503649738465,3.075171428133847e-05,1.5736241265102414e-07,0.0005651404694582452,3.2591050916252836e-05,4.489671937903942e-06,1
0.05243984803139276,0.9474121702072638,2.957313771966303e-05,1.0741824611893842e-07,8.248218276426039e-05,3.228062267542177e-05,3.5383999381610323e-06,1
0.06297400239200282,0.9368571170393292,2.977027634282629e-05,1.0404043894775883e-07,0.00010745778812695146,2.8121330138571327e-05,3.4271336205897337e-06,1
0.06480065576740623,0.9349698895734078,3.44249157679874e-05,1.5149589132515218e-07,0.00014686189517144728,3.4608814099894544e-05,1.3407538255557335e-05,1
0.6596861502599727,0.33871787641670953,2.3398991823177636e-05,1.9537868712127505e-07,0.0014933110731909635,4.970786112141852e-05,2.9360018495022364e-05,0
0.4858948963561667,0.5115912729340198,3.2435810920051795e-05,1.7159685594929727e-07,0.002412517989507155,5.7616211387587487e-05,1.108910114280373e-05,0
0.02656722796445505,0.9733358127722644,1.4430906052452147e-05,1.0650339473254814e-07,5.361749548008552e-05,2.6143212065972794e-05,2.6611462870783282e-06,1
0.010046148737522674,0.9898333507401164,2.044362976677985e-05,8.770920801795151e-08,6.918268017553788e-05,2.819685627594482e-05,2.5896469346060025e-06,1
0.011693881221141109,0.9881435676088935,2.000063300585915e-05,1.3183195965432072e-07,0.00010809750490083753,2.9130556227405885e-05,5.190643871803104e-06,1
0.01839734950434659,0.9738077854726361,2.8875571153380187e-05,2.0466890451578717e-07,0.007735339495099094,2.7096140638397195e-05,3.3491472218314496e-06,1
0.03312842007171025,0.9611533184221648,3.7329772397579925e-05,3.1064631178560856e-07,0.0056342805779018455,4.125717633918345e-05,5.0833331743792365e-06,1
0.025707121312043158,0.9555244643226328,5.603700483772719e-05,6.063911116860021e-07,0.01865811765628186,4.90618640004532e-05,4.591449092276868e-06,1
0.024424843614893655,0.9663640545713654,3.22210866049773e-05,4.1989166890969337e-07,0.009120833474902224,5.3286746788803185e-05,4.34061377576463e-06,1
0.027231738578913808,0.9640406086266312,3.299480026385206e-05,3.9306004299739193e-07,0.008636305291163854,5.3567746752835665e-05,4.391896231244348e-06,1
0.013504697332313392,0.9801877983004786,3.0212783702665448e-05,2.8720249083223577e-07,0.006237629103114354,3.604711571774298e-05,3.3281621822089605e-06,1
0.008466918091726896,0.9870294328070595,3.0033459480202857e-05,1.482510853938125e-07,0.004437415326979915,3.273278075461756e-05,3.319282913421385e-06,1
0.007950265344031301,0.9880954452003311,3.518951815108637e-05,1.7370240893569493e-07,0.0038723600718481906,3.9644864090598494e-05,6.921299138852413e-06,1
0.9724358699722349,0.017137039520043015,6.278828114138285e-06,1.1731386164318736e-07,4.644929073590777e-06,3.955253951386075e-06,0.010412094182721349,0
0.9621765185317405,0.017562366058413537,5.859544093268014e-06,1.0947994316040298e-07,4.574410498086966e-06,3.691132247438495e-06,0.020246880843064207,0
0.9748990242827414,0.023788649888964033,5.387092848399409e-06,1.0575034934326353e-07,4.015061953875034e-06,3.462770735011572e-06,0.001299355152408155,0
0.9751100336136225,0.023979709685018346,5.075914582299231e-06,1.0367287879614969e-07,4.135539866914217e-06,3.5666763275727818e-06,0.0008973748977036948,0
0.969765256237237,0.02969742645647514,6.636250668869354e-06,1.378331103435669e-07,5.352758465154713e-06,4.851628303538045e-06,0.0005203388357400754,0
0.970153544680498,0.029276439877727198,6.638907785552728e-06,1.3788829792994505e-07,5.354901678925488e-06,4.853570867668018e-06,0.0005530301731448828,0
0.9578436597719983,0.0415441263533921,7.518214164027787e-06,1.486538924110412e-07,5.886410421212253e-06,5.0385908545378545e-06,0.0005936220052775347,0
0.9754694057069158,0.023884001582567267,4.22461064485175e-06,5.7887005387902006e-08,3.0988234192276793e-06,2.556291298285972e-06,0.0006366550981493076,0
0.9462924878957276,0.0536712759930068,5.331109159126212e-06,9.035272248424254e-08,3.3438269819877963e-06,3.6264167233647357e-06,2.3844405678651043e-05,0
0.9410823235030112,0.058883038430390014,5.4964984160764566e-06,1.461574416871056e-07,3.510800260404523e-06,4.018378541799709e-06,2.1466231938771172e-05,0
0.93889498851154,0.06106906998821109,5.700555803659487e-06,1.6907969304965575e-07,3.641138645906208e-06,4.167560760275572e-06,2.2263165346022813e-05,0
0.9639122420361812,0.03607485494904857,3.952445430405282e-06,9.158851805851549e-09,2.340733759113983e-06,2.648867798151538e-06,3.951808930887041e-06,0
0.9512178890371727,0.04875256030030007,5.229445378099596e-06,6.927346052735713e-08,4.941628015996328e-06,2.8128663727355e-06,1.6497449299870737e-05,0
0.8519366918187726,0.14803286278309116,7.637594775503827e-06,1.1205690239762608e-07,7.67641936679556e-06,5.002870525664022e-06,1.0016456565725885e-05,0
0.8252503998057052,0.1747211023334026,8.601083799845623e-06,1.4596378304137012e-07,6.791081166516597e-06,4.947410191536766e-06,8.012321951114647e-06,0
0.7446448152291029,0.25533024005439614,6.8201180515582765e-06,1.0936867932179539e-07,6.993741714203369e-06,3.7070272326266493e-06,7.314460823292847e-06,0
0.6459122140948006,0.35404648506488084,6.625715248708159e-06,1.2308779976820574e-07,2.3623402222478137e-05,4.172033790426357e-06,6.75660125716033e-06,0
0.31691697601806673,0.682353227826171,1.003074212117474e-05,2.1102886759171474e-07,0.0007057538294228,7.11486904196653e-06,6.685686308812794e-06,0
0.38254308325357156,0.6169937224071986,9.989379266532016e-06,2.101586671349421e-07,0.0004392511540343189,7.08553010667843e-06,6.658117155141252e-06,0
0.37481912939166406,0.6247143017163888,9.413650026332404e-06,2.1303104052456166e-07,0.0004439906668499403,6.67716170300826e-06,6.274382327519649e-06,0
0.15244977154570255,0.8474093408939736,1.031172081211487e-05,1.93051163667747e-07,0.00011587987486082957,6.6415732201091604e-06,7.861340266969294e-06,1
0.19077086020832665,0.8090789661690312,9.845296731433415e-06,1.8431899246384617e-07,0.00012629709529680982,6.3411587946304845e-06,7.5057528268363755e-06,0
0.09303274330556002,0.9068696884172871,8.04324302971024e-06,1.1918922990477748e-07,8.045178806659781e-05,4.10048809041837e-06,4.853568736068852e-06,0
0.03620360108601937,0.9637072392256872,8.140384295042208e-06,1.0445317830133996e-07,6.957623694235795e-05,3.5935211090228197e-06,7.745092768726384e-06,1
0.08188911348505973,0.9180761835875855,1.2206944922874272e-05,1.5663315543636173e-07,5.6993772901857675e-06,5.388458283120022e-06,1.1251513703254442e-05,1
0.2505057082566781,0.7494442967266315,1.6801908552169246e-05,2.58585895415737e-07,1.276317248973152e-05,8.896176150727006e-06,1.1275173602525365e-05,1
0.6071178752400684,0.3928527823808793,8.727452280966955e-06,1.7256355353706876e-07,8.419332383236786e-06,5.9367343566556644e-06,6.086296477710407e-06,1
0.17081131694549337,0.8291604755016205,6.5449040607423385e-06,1.336777173142508e-07,1.1474263247790473e-05,4.611206841352918e-06,5.443501018950316e-06,1
0.18459761535040856,0.8153669406722084,8.609317352894621e-06,1.60858619241804e-07,1.546641518025222e-05,5.533985215585886e-06,5.673401015081901e-06,1
0.056823192477892366,0.9430155866414154,1.1192530333340188e-05,1.8215834333334482e-07,0.0001372799933098982,6.141495106848638e-06,6.424703598707149e-06,1
0.07676817114724094,0.9231050654466004,9.529487951070249e-06,1.5509234161387253e-07,0.0001063797760900448,5.2289609122556006e-06,5.470088863704362e-06,1
0.1843413671204134,0.8155106797673061,7.694877580142676e-06,1.7413519442740246e-07,0.0001293968522913879,5.239792052795466e-06,5.447455161971175e-06,0
0.1792719140145643,0.8205910826038569,6.773527070995688e-06,1.6756365603505057e-07,0.00011739455859498148,5.158729399306145e-06,7.509002857458039e-06,1
0.051672381826059474,0.9482824781073361,5.8958006806526815e-06,1.10379635023834e-07,3.0917684695438695e-05,3.7214236469840575e-06,4.4947779465078445e-06,1
0.026081733255337594,0.9738883098341462,6.033418298503263e-06,8.77452628220232e-08,1.7766943663425605e-05,2.9740728659027645e-06,3.0947304254475565e-06,1
0.03650441740052054,0.9634606901676431,6.906763414730731e-06,1.0044650330732469e-07,2.0886885345650826e-05,3.4556399083871728e-06,3.5426966643830645e-06,1
0.03744887695075118,0.962499920822695,9.8720508723079e-06,9.97621150981625e-08,3.427975987845281e-05,3.4320950448972492e-06,3.5185586431885945e-06,1
0.11822832510238931,0.881343008310638,1.83891150411329e-05,1.3920836053141486e-07,0.0003926518692281489,1.3578267374576582e-05,3.9081269681133875e-06,1
0.12293529014431541,0.8766078439931438,1.964748943867883e-05,1.599880666096751e-07,0.00041860602624425804,1.4403764360969076e-05,4.048594430091226e-06,1
0.2486958353548983,0.7505259702294076,2.3820166871311584e-05,3.0631473972942055e-07,0.0007110519835412036,3.7895538955035686e-05,5.120411586744368e-06,1
0.14591785185852174,0.8535713491911681,1.702546423331527e-05,1.9026610015115733e-07,0.0004623909260009881,2.6295160666412335e-05,4.8971333092549685e-06,1
0.10177168356813991,0.8976917043429316,1.974562512291213e-05,1.6363650369185272e-07,0.0004843919798851451,2.6920535009667922e-05,5.390312407185563e-06,1
0.07269681390375964,0.9268915957674847,2.179471145074468e-05,1.2874470409499042e-07,0.0003617882102225888,2.4205475907825266e-05,3.6731864705892555e-06,1
0.20047994886109086,0.7973608671923463,3.0687420924899075e-05,2.3588628832710807e-07,0.002073262994781069,4.885399190188791e-05,6.143652666681856e-06,0
0.05212269239881517,0.9477317635218603,2.970709501201697e-05,1.079048180050841e-07,8.048122047174301e-05,3.16934312123172e-05,3.5544278104644253e-06,1
0.04925368255444777,0.9505556658921763,4.940486729620159e-05,1.0556169871050845e-07,0.0001090290157277278,2.863486412828657e-05,3.4772445248813565e-06,1
0.040352864264899285,0.9594825150696249,3.264431551537065e-05,1.0610835409092784e-07,9.643847997004441e-05,2.8441951731711247e-05,6.989809904331781e-06,1
0.17226919660143794,0.8242730940802785,3.386092788186207e-05,2.2154212657003612e-07,0.00334623189101506,5.566898218390399e-05,2.1725975076387633e-05,1
0.19498929643549273,0.8013318861959451,3.3599383320780195e-05,2.2532932121834256e-07,0.003574173890927905,5.6620626345976695e-05,1.4198138646281252e-05,1
0.27587826853971287,0.7175592850616406,4.03668174866057e-05,2.911970360081272e-07,0.006422176810135885,7.009821217686342e-05,2.9513361811121408e-05,0
0.5703506366280177,0.42730848345838973,3.068148966030451e-05,1.745971077275054e-07,0.0022446512569363492,5.4883233182833526e-05,1.0489336705458273e-05,0
0.44148612265936016,0.555803112434429,2.8592063899716905e-05,1.7106577084111782e-07,0.00263259760161832,4.2301190133623114e-05,7.102984788234192e-06,0
0.3884660999412096,0.6078454016623804,3.0167946957708676e-05,1.5466186716360916e-07,0.003609270515622433,3.924990106951991e-05,9.655370893108231e-06,0
0.03624660040290703,0.9635875463052335,1.7842297281018768e-05,1.2450177938728425e-07,0.00010481978250183056,4.036513366642055e-05,2.7015766308962615e-06,1
0.0077576718026725385,0.9921440874675854,1.6893565487882238e-05,6.570136691599268e-08,5.569305143301902e-05,2.3648554200127282e-05,1.9398572541961762e-06,1
0.011233653517283877,0.9886138934522735,2.0705929784149e-05,1.1161878722653343e-07,9.313123173622735e-05,3.3311135676815276e-05,5.19311445809918e-06,1
0.007742912077084158,0.9921206442961585,1.6418339054454855e-05,1.0567809887265096e-07,8.762977149193492e-05,3.0183878960490853e-05,2.105959151413285e-06,1
0.008185895525616223,0.9795111593397512,2.4475563357344e-05,1.4392195717291758e-07,0.012240454495836318,3.5098786433708704e-05,2.7723670480553297e-06,1
0.019058367209831895,0.9723441671715858,2.286341162958412e-05,3.9203129061069606e-07,0.008531341991385876,4.01026848429818e-05,2.7654994335398687e-06,1
0.009775268281024698,0.986483954814917,3.038095072229724e-05,1.4996637076875554e-07,0.003672031333107994,3.2988893106112153e-05,5.225760750768245e-06,1
0.9775996538055138,0.0165331373266325,5.125257578139649e-06,9.576050617689059e-08,3.8199131303096655e-06,3.2944655773384997e-06,0.005854873471061781,0
0.9654088100620315,0.03298887085580404,6.002873459875181e-06,9.039476592596425e-08,4.3779671322948065e-06,4.083375532813455e-06,0.0015877644712736253,0
0.9768264862978334,0.022605449277056502,6.5469018995901306e-06,1.2944862029388119e-07,5.193030079858393e-06,4.453443706786408e-06,0.0005517416008034483,0
0.9668729559294638,0.032484546697441954,7.093733898133235e-06,1.4026085619257124e-07,5.554062205765567e-06,4.7541107454314306e-06,0.0006249552053884716,0
0.9520082827729888,0.047622523409802,5.426888496479236e-06,9.197601017715482e-08,3.5856879088557925e-06,3.6370167370049803e-06,0.0003564522480566832,0
0.9384953823632486,0.06146630495605231,5.576720200666597e-06,1.6540670282487528e-07,3.5620406394439165e-06,4.07702706189007e-06,2.4931486094220918e-05,0
0.942373498782174,0.057583748224004895,6.59934795090558e-06,1.11847091512727e-07,4.091683412899867e-06,4.422780929870713e-06,2.752733443555571e-05,0
0.9371280500686157,0.06285259304935573,6.562614594901685e-06,1.112245271228658e-07,4.068908244113585e-06,4.3981628028022825e-06,4.215971859385455e-06,0
0.8693986441084796,0.1305698262649368,8.19804437295969e-06,1.2027968033844156e-07,7.089851528316201e-06,5.369983059733655e-06,1.0751467942370293e-05,0
0.8629088560154492,0.137066591077109,7.222236885055823e-06,1.106605723647361e-07,6.068333067963361e-06,3.750815662015388e-06,7.400861254468128e-06,0
0.7772068841654739,0.22276725845743617,6.420956593451111e-06,1.029676520698744e-07,8.957020080742618e-06,3.4900658275260236e-06,6.8863669361458025e-06,0
0.0807537867653584,0.9191507882543613,7.939221820485831e-06,1.1764778601511454e-07,7.84361927844689e-05,4.141119119032906e-06,4.790798770382778e-06,0
0.07819211522536584,0.921712102908702,7.83137247640879e-06,1.1604961470302115e-07,7.911624970904949e-05,3.992475355093345e-06,4.725718776817457e-06,1
0.04918929755897729,0.950696940742062,7.916745784903273e-06,1.2798589132459864e-07,9.172193558126467e-05,4.505013136946512e-06,9.490018566380298e-06,1
0.04687120236257775,0.9530133665292666,1.0538995794797186e-05,1.352309137962284e-07,9.007727915252199e-05,4.652372969611755e-06,1.0027229324988299e-05,1
0.05991988752333753,0.9400515601523717,8.91750221167313e-06,1.2974550597606474e-07,5.673687126257861e-06,4.566950747338847e-06,9.264438699462298e-06,1
0.05981614522436871,0.9401549279053952,9.016968485066513e-06,1.311926939512003e-07,5.73697172114253e-06,4.6177019862275106e-06,9.424035349645532e-06,1
0.07432085393675116,0.9256505589607851,8.911057431845893e-06,1.2965173742970045e-07,5.669586688324749e-06,4.56346361535705e-06,9.313342990997245e-06,1
0.2556883521887631,0.7442627228678386,1.435741371159053e-05,2.3211139207501715e-07,9.4924910233232e-06,8.169732267540549e-06,1.6673195003937735e-05,1
0.26630546899904556,0.7336451882027061,1.4534931732776433e-05,2.34981265148508e-07,9.609858138072072e-06,8.083681290159393e-06,1.687934582214229e-05,1
0.22992790112317918,0.7700256256131012,1.3334922860047466e-05,2.1557870862116177e-07,9.849071760835159e-06,7.587909059620257e-06,1.5485781330418176e-05,1
0.41323340318040325,0.5867373032531771,7.927879433724742e-06,1.4812646426556537e-07,1.097255874092648e-05,5.020657342925669e-06,5.224344437903474e-06,0
0.23553994745124635,0.764428493525455,8.72464551769011e-06,1.4199513386938459e-07,1.2122854627616412e-05,4.7873328157326615e-06,5.7821952037595175e-06,0
0.1155955784207137,0.8843749272054416,7.3371350661836795e-06,1.37088850086367e-07,1.2468857631598714e-05,4.716238851082139e-06,4.835053445704826e-06,1
0.11808327073880942,0.88168719781006,9.97063995829235e-06,1.6227208706914138e-07,0.00020731954307354436,5.471027077192448e-06,6.607968934480528e-06,1
0.11650800936133653,0.8832884350481801,9.988747695399979e-06,1.6256679034845398e-07,0.00018130334325118942,5.480963041226545e-06,6.619969705221571e-06,1
0.07092917811070665,0.9288504025965384,9.381520386786534e-06,1.526841706664414e-07,0.00019951978488596462,5.147769077616225e-06,6.217534233850576e-06,1
0.05835669987067904,0.9414988599211113,9.39640965226076e-06,1.5292649334517976e-07,0.00012434123339490053,5.155939022064099e-06,5.393699646985038e-06,1
0.1422513228197324,0.8575965756324145,9.075014195971159e-06,1.6630532964482022e-07,0.00013030994268430312,5.607008438737533e-06,6.943277204532381e-06,1
0.15928917537966172,0.8405671843287085,7.657918689399829e-06,1.7329881417855548e-07,0.00012478595696671803,5.431810323793548e-06,5.591306835740315e-06,1
0.37081189153493965,0.6291179193247732,7.19001619485069e-06,1.6271017374694645e-07,5.1817093018060867e-05,4.896008978033775e-06,6.123311922311072e-06,0
0.22506294140468275,0.7747836105425022,7.89202871909341e-06,1.9523317347730296e-07,0.0001324346633969266,5.8746380029161475e-06,7.05148952230391e-06,1
0.17846395090318334,0.8214095937979329,6.310385969741986e-06,1.5610646167046645e-07,0.00010936768506528294,4.806000372017665e-06,5.815121014976312e-06,1
0.15891996911716172,0.8409516376698376,6.3969661985331915e-06,1.5824828520265954e-07,0.00011086823974461957,5.0748526999071765e-06,5.894906072552716e-06,1
0.06122249023828417,0.9387444436956707,5.57668946991036e-06,1.0440531857698782e-07,2.0182648246066934e-05,3.5200009615850793e-06,3.6823220489306247e-06,1
0.03674041758146947,0.9632272439743271,5.260220651280043e-06,9.828326639482489e-08,2.01323213538475e-05,3.381218524267313e-06,3.466400407750454e-06,1
0.04158805928195736,0.9583606971067752,9.966666930518767e-06,1.0071825868083448e-07,3.421015998948543e-05,3.4137847515622512e-06,3.552281337055188e-06,1
0.27615150166610053,0.7231430545403608,1.8702032763048132e-05,2.4249235642866e-07,0.0006465484916311355,3.425459935983684e-05,5.696177428315804e-06,1
0.12731682435690972,0.8722497845249559,1.685870989697372e-05,1.3888268951792946e-07,0.000387366922465938,2.449939126779117e-05,4.527211814232506e-06,1
0.08764827542390351,0.9118561760097157,2.5178772598554728e-05,1.5353147157829334e-07,0.00043826108012928115,2.7574809969901206e-05,4.380372211620855e-06,1
0.3045993929757026,0.6942266860705197,2.5214197947371415e-05,2.0009642265564462e-07,0.0011018535367922086,4.144161613353175e-05,5.211506482043268e-06,0
0.05928780768184764,0.9405643882515282,3.1922139186303505e-05,1.1327406549307339e-07,7.998073423351782e-05,3.2056626171181596e-05,3.731292967603897e-06,1
0.06669184241366553,0.9331495726826438,4.5811737190784497e-05,1.3215990264612068e-07,7.473625945882576e-05,3.146431211991464e-05,6.440435018523204e-06,1
0.6775746418173151,0.31666801309353176,3.857254505957384e-05,2.1688946784840223e-07,0.00564759228374902,5.41837328908748e-05,1.677963798582541e-05,0
0.08102594676873946,0.9091536780157624,2.464205978110711e-05,1.5675664179817265e-07,0.009742378617474361,4.9796265221560394e-05,3.4015163793436067e-06,1
0.0611656565449709,0.9385631012761194,1.7360756515219667e-05,1.2859308946756195e-07,0.00021396122893518733,3.668033628503005e-05,3.111264084966192e-06,1
0.009658343269124235,0.9902074561589004,3.230633517454572e-05,8.716172682092054e-08,7.121274132910216e-05,2.802085139600897e-05,2.5734823489748578e-06,1
0.008979429024222623,0.9908810317573611,2.4831569785840082e-05,9.412218866703867e-08,8.219891199942143e-05,2.808950961385485e-05,4.325104828608462e-06,1
0.010273269660758975,0.989558706593643,2.4181338313387207e-05,1.1172546071928305e-07,0.00010648291211938772,3.211375894187317e-05,5.1340107628064535e-06,1
0.008797984145453646,0.9910687831475107,1.640747115601084e-05,1.0556605737134143e-07,8.345099125553735e-05,3.116495218487148e-05,2.103726382016996e-06,1
0.008587005810319931,0.9912697147424101,2.04067511960824e-05,1.2150042712200873e-07,8.852476053731945e-05,3.18051677026551e-05,2.4212674066607053e-06,1
0.005938623274398171,0.9806638369651942,2.1532716416168986e-05,1.319208029682137e-07,0.013339231753824196,3.268837188971864e-05,3.95499747454032e-06,1
0.007109538384472838,0.9845597335402863,2.6701356615886676e-05,1.446637564601901e-07,0.008265263851649808,3.583154689928207e-05,2.7866563194125444e-06,1
0.01061459608024866,0.9822479417987435,2.15435842622533e-05,1.4871343565576704e-07,0.007083559080249476,2.9346077815754257e-05,2.864665244371254e-06,1
0.016085719390545573,0.9729467933008004,2.1675498077155788e-05,3.6256786097791173e-07,0.010904438444252902,3.780847024817477e-05,3.202328214854803e-06,1
0.020438699988994658,0.9676832834468887,4.4552772605604496e-05,4.3231490129640994e-07,0.011788162546362183,4.170716622612261e-05,3.1617640214733557e-06,1
0.009492675308837342,0.9871005144754729,2.6408023725771014e-05,1.4563099692270367e-07,0.003341660137395687,3.352173419998059e-05,5.07468937144188e-06,1
0.9155559383749142,0.024825595926093912,8.595408703295462e-06,1.6059694087093848e-07,6.688649800232508e-06,5.41454927885909e-06,0.05959760649426863,0
0.9746676702820408,0.015205831792441777,5.04706289858405e-06,9.429951383056959e-08,3.756233445121085e-06,3.319276400060015e-06,0.010114281053259538,0
0.9755971909153504,0.015321583819370923,5.036879562825959e-06,9.410924800062919e-08,3.7304240702052477e-06,3.2376570511707026e-06,0.009069126195346496,0
0.9830394669783876,0.013499144220878272,5.082936038455441e-06,9.496976893089699e-08,3.7699467415761414e-06,3.2672617044513547e-06,0.0034491736864808702,0
0.975232331379661,0.023482634830393045,6.979165747663011e-06,1.6153698074845838e-07,5.656862170931789e-06,4.986924899380552e-06,0.0012672493001469934,0
0.9501200509676732,0.04920842844784828,6.909824650439184e-06,1.4351516707565047e-07,5.573421535126342e-06,5.051632694318828e-06,0.000653842190431497,0
0.9601773981527165,0.03915373956381353,6.5706395024379e-06,1.3647038437166542e-07,5.299836906876012e-06,4.80366131013012e-06,0.0006520516753659851,0
0.9667354085942335,0.03259980263462104,6.49868655535159e-06,1.34975941351028e-07,5.241800107811775e-06,4.643601107625866e-06,0.0006482697074333277,0
0.9524576012091253,0.047279091257015175,5.68804766465826e-06,9.640218888450706e-08,3.526665127283121e-06,3.812041572378994e-06,0.00025018437730631654,0
0.9391517285742912,0.06076051752810594,5.991954001552574e-06,1.0801815100239035e-07,3.7204322397500957e-06,4.075947715245061e-06,7.385754549550693e-05,0
0.9369546380534524,0.06300663278377185,6.0998265007817915e-06,1.722354522938137e-07,3.831489476848595e-06,4.149326560719705e-06,2.4476284785278365e-05,0
0.926224372377428,0.07372107075955955,7.193588166392547e-06,2.1336334929279824e-07,5.8709792163424505e-06,5.259086447078496e-06,3.601984583346171e-05,0
0.935845279270089,0.06409956564152848,6.6754164897026575e-06,1.1313631658213838e-07,4.138846917651398e-06,4.4737608880813845e-06,3.975392777039055e-05,0
0.9244683187399396,0.07547070672372817,7.175328830148996e-06,1.2160893262029872e-07,4.448799210896905e-06,4.808794406904967e-06,4.4420004951486397e-05,0
0.921286703440855,0.07869064903833912,6.834520421009144e-06,1.102215249384138e-07,4.288969184053559e-06,4.580389882109989e-06,6.833419793807079e-06,0
0.8942564609816489,0.10571350985240002,7.807908358708194e-06,1.145557011858693e-07,6.752453206099808e-06,5.114431407142857e-06,1.0239817277947902e-05,0
0.7844447419787289,0.2155231179432927,6.957250536355653e-06,1.1156776130850359e-07,7.454092989415802e-06,3.7815646309207275e-06,1.3835602060257764e-05,0
0.7655979473585517,0.23437436121428054,6.845869540874444e-06,1.0978163498558117e-07,9.672672859904758e-06,3.7210242736535146e-06,7.342078858394382e-06,0
0.4092754890236461,0.5900947646084069,7.888179638816661e-06,1.6595318635751645e-07,0.0006047494605988185,5.595135876458417e-06,1.1347638646588731e-05,0
0.31772256818661737,0.6820064282972537,1.3272971984601236e-05,2.526907688532219e-07,0.00023829335976741393,8.894536901584916e-06,1.0289956706482913e-05,0
0.0846539718235925,0.9152088722441768,7.499975342890732e-06,1.2124818141853602e-07,0.00012042597373586459,4.171322562355649e-06,4.937412408053678e-06,0
0.04013218151729961,0.9598289690245397,9.09044405702755e-06,1.1664385113923335e-07,1.6887570658630694e-05,4.105781319235796e-06,8.649018274662514e-06,1
0.07848681256012024,0.9214846991179327,9.220611813370944e-06,1.341556095796286e-07,4.881491613056427e-06,4.6151908492967085e-06,9.636872061655653e-06,1
0.10768279076002485,0.8922787145007467,1.349225557794718e-05,1.731255919052766e-07,6.299484065848311e-06,6.093650229525567e-06,1.243622376296745e-05,1
0.21859213502008162,0.781366886674557,1.2070999053446804e-05,1.951477090731102e-07,7.980814125658632e-06,6.713351737445039e-06,1.401799273555727e-05,1
0.300638400723196,0.6992927614672361,1.821876603371624e-05,3.5791977866723766e-07,1.5091307157286712e-05,1.1146289988265498e-05,2.4023526610010007e-05,1
0.37963923664729354,0.620332430222201,7.667951365452392e-06,1.432699038147624e-07,1.0612806045218047e-05,4.856047149807364e-06,5.053056041165628e-06,0
0.20012024510826384,0.7998560459033137,6.38876712296108e-06,1.3048866683508018e-07,7.5715502241731e-06,4.501200688626643e-06,5.116981719824377e-06,1
0.22311309905827445,0.7768619318197801,7.361725003071924e-06,1.375482945618057e-07,7.981182165347147e-06,4.637408665775208e-06,4.8512578167582e-06,1
0.10437576988481913,0.8955810921244911,9.918795787797938e-06,1.6142832360123078e-07,2.1041577521196268e-05,5.442579468838722e-06,6.5736095884913e-06,1
0.1307382018128201,0.8692040241380256,1.166819030476478e-05,2.1800890837531986e-07,3.0848498945137166e-05,7.350202134778357e-06,7.68914886114218e-06,1
0.14505171221969243,0.8548605627147339,1.0929926634754742e-05,2.0421516207977635e-07,6.250313477728095e-05,6.885143967093075e-06,7.202645032424008e-06,1
0.15199953599319094,0.8477988366283707,7.804779303406283e-06,1.4611738953621952e-07,0.00018279998784369276,4.926369094277548e-06,5.950124807548257e-06,1
0.08128785500091829,0.9185669792323562,9.211853246637348e-06,1.4992283929210337e-07,0.00012546155913427612,5.054670387687701e-06,5.28776111762129e-06,1
0.07482185747405724,0.9250598127194452,6.403270773990295e-06,1.3471336058632931e-07,0.00010249861719644794,4.541880595356894e-06,4.751324571332394e-06,1
0.2802628498916685,0.7196571112724106,8.224763793632963e-06,1.8612652734329537e-07,5.9022784621661105e-05,5.600615671029145e-06,7.004545307118186e-06,0
0.27745062698277884,0.7224735425829878,8.256952014811702e-06,1.868549472687399e-07,5.5918727164541027e-05,5.622534094521836e-06,5.845366012229698e-06,0
0.09241699214680535,0.9075426215611504,5.145697987652374e-06,1.1834177954233208e-07,2.6298215399628734e-05,4.082194358246316e-06,4.7418425193319995e-06,1
0.055610585701692784,0.944350851689436,5.2267627802752634e-06,1.0675507401265647e-07,2.528268669128134e-05,3.599222417979994e-06,4.347181907661593e-06,1
0.03350942702477342,0.9664574425971526,5.377460083189894e-06,1.0047379699843572e-07,2.065220600743939e-05,3.4565788874968854e-06,3.5436592988727955e-06,1
0.0841661003212861,0.915397046955901,2.436407503994596e-05,1.6578037459191382e-07,0.0003928730926865569,1.3602720167209422e-05,5.84705454466394e-06,1
0.2771539699571348,0.7221206769920364,1.8535187900777994e-05,2.316408421125914e-07,0.0006787495519305346,2.0404307700853925e-05,7.432362454452682e-06,1
0.08674418637895043,0.9115812972134117,3.907971571695466e-05,1.719786284487791e-07,0.0015861966960702566,3.928848004858555e-05,9.779537173781306e-06,1
0.6084917414639112,0.39027637168927526,1.8651390351260818e-05,1.9783780460632265e-07,0.0011417731044023611,5.121328438278046e-05,2.005122987275661e-05,0
0.7845613500301655,0.21290603308848832,2.9687010596227104e-05,2.2705336952883015e-07,0.0024120229674006277,5.5584594002881504e-05,3.509525597685029e-05,0
0.6682970156482455,0.3252784349341926,4.320963939058751e-05,2.259878999260016e-07,0.006314732903777106,4.8897348969426736e-05,1.7483537525140286e-05,0
0.31902828807358324,0.6757178230013943,3.431717970554443e-05,1.618890310012632e-07,0.005175431061804263,3.27451150708832e-05,1.1233679410776056e-05,0
0.5045703098883458,0.49299325097591457,2.281787832808104e-05,1.1100561325986711e-07,0.0023782243109552693,2.8355982043885866e-05,6.929958799134018e-06,0
0.23370804335730094,0.7610907216435602,2.6846922972844915e-05,1.4937681423994497e-07,0.005123886189157137,4.711113123642695e-05,3.241378958510345e-06,0
0.02401113773342945,0.975877566423571,1.525552336449813e-05,1.4538229091360915e-07,5.55198096068038e-05,3.7395188164792074e-05,2.979939572462267e-06,1
0.0076257579019577935,0.9802503606693769,2.9052566337018527e-05,1.4718577030546223e-07,0.012053812813305463,3.645622069172831e-05,4.412642560905549e-06,1
0.012007383581574924,0.9800887990228084,1.9363533340271328e-05,1.5255145158315277e-07,0.007855598754445317,2.6017368023707505e-05,2.6851883559648806e-06,1
0.014941665453410335,0.9755427470194794,1.8952433982476828e-05,3.4494726243673574e-07,0.009451538904735792,4.205860951293689e-05,2.692631616385394e-06,1
0.017749775702393437,0.9737746721370807,1.9847109342924006e-05,3.475274494415813e-07,0.008413629641017172,3.899390860376828e-05,2.733974112586441e-06,1
0.018641914239993552,0.9757991586257045,2.367207040528322e-05,2.8833557171593954e-07,0.005500239656040026,3.1446466481374656e-05,3.280605803458656e-06,1
0.010252918038021159,0.9834832959739016,2.7798049915966783e-05,1.532965042673267e-07,0.00619395745967278,3.844493414630353e-05,3.4322478378495767e-06,1
0.00986523462874551,0.9859156118034227,2.59473566831303e-05,1.4309057960992564e-07,0.004156922405213838,3.29369741165131e-05,3.2037412387849664e-06,1
0.9066918636328349,0.040909078892328726,1.2142492711598772e-05,2.268707924595587e-07,9.448867907656495e-06,7.648981848871477e-06,0.05236959026157569,0
0.947230496562083,0.024006053029684535,7.893349812964757e-06,1.4747964604642025e-07,6.116392689455224e-06,4.972297771155996e-06,0.02874432088831245,0
0.9506059115081159,0.015524233065077919,5.093495687808455e-06,9.516706581825893e-08,3.777778694480802e-06,3.208571500820134e-06,0.03385768041385721,0
0.969894043767362,0.015341008122095207,5.043265186829812e-06,9.422855724070977e-08,3.7351534041490374e-06,3.241761667992352e-06,0.014752833701726916,0
0.9728045380855158,0.015277725693487466,5.022461464767001e-06,9.38398597119073e-08,3.725093546434575e-06,3.228389238378517e-06,0.011905666436887305,0
0.9699567662709295,0.02867927118784185,5.88324233806203e-06,1.2219333337783724e-07,4.838127045310223e-06,4.301119181319011e-06,0.0013488178593307795,0
0.9541816842159936,0.04500107261286481,6.705984926211523e-06,1.1365439666232857e-07,4.167197359983214e-06,4.561657838390843e-06,0.0008016946766201442,0
0.9331954564802103,0.06592402751567446,7.880338246164751e-06,1.5002583690804397e-07,5.940128147545551e-06,5.1613653178895545e-06,0.000861384146566522,0
0.928110248305171,0.07140914356004614,7.731585879207619e-06,1.0002685946101797e-07,5.326385831673517e-06,4.678344909501759e-06,0.0004627717913030584,0
0.9220285258402607,0.07769939926157154,7.15639397029177e-06,1.212880207637052e-07,4.72841764612104e-06,4.796104556678959e-06,0.00025527269397387686,0
0.9117322347508491,0.08809226896142987,6.9676592334131725e-06,2.0666224926766279e-07,5.686589446006528e-06,5.093914385243522e-06,0.0001575414624072161,0
0.9180967898291877,0.08178220426508563,7.890790043032359e-06,1.337347147955197e-07,4.949333406524527e-06,5.367605899351466e-06,0.00010266444166264475,0
0.9178471294680534,0.08209315011967204,7.692959986313819e-06,1.1201626683031618e-07,5.991046705760561e-06,4.654972570085517e-06,4.126941674558902e-05,0
0.7902695601994225,0.20969881385545583,9.558061626874696e-06,1.622040740524146e-07,7.5040154711662755e-06,5.497871268849292e-06,8.903792680695567e-06,0
0.8026159340746526,0.19735586129866356,7.118411073472255e-06,1.1415216160333526e-07,7.626762584051476e-06,3.869162308174933e-06,9.476138556371841e-06,0
0.3591352703122528,0.6405712744435108,1.3152506235955691e-05,2.7317395526046263e-07,0.00025970167129990264,9.615530621252892e-06,1.0712362124115977e-05,0
0.1143468079038385,0.8854766399910784,9.837897542513684e-06,1.5904414767741291e-07,0.00015448039925219467,5.5982418626442554e-06,6.4765222783847125e-06,0
0.12398678563516947,0.8758340684152457,1.0634252975223694e-05,1.575842502890482e-07,0.0001565156406015476,5.421398746044328e-06,6.417073011637236e-06,0
0.08250603712146207,0.9173626571560591,7.794417195418786e-06,1.155019908819028e-07,0.0001147187492435055,3.9736353562249985e-06,4.7034186926619505e-06,1
0.06591300903251178,0.9339592440944381,7.726690912568135e-06,1.1449838531292215e-07,0.0001112128709869141,4.030262434830884e-06,4.662550330505061e-06,1
0.03911007152162833,0.9607900272274088,9.832074287563638e-06,1.261600646122299e-07,7.614763584133793e-05,4.4407453239877555e-06,9.354635445474984e-06,1
0.05680492305626489,0.943172487644749,7.615352684034083e-06,9.771623679777889e-08,4.495315255816243e-06,3.3616118126550506e-06,7.019302996850878e-06,1
0.09815500298795767,0.9018134938992898,1.062039660476072e-05,1.362753942693797e-07,6.269181856842052e-06,4.688115201347836e-06,9.789143695450176e-06,1
0.1982882964588787,0.801669913311332,1.3079463925437931e-05,1.9382090203890098e-07,7.926552662016887e-06,6.667707736033647e-06,1.3922684563837648e-05,1
0.21859213502008162,0.781366886674557,1.2070999053446804e-05,1.951477090731102e-07,7.980814125658632e-06,6.713351737445039e-06,1.401799273555727e-05,1
0.4863677606168536,0.513601076318558,9.710773840528664e-06,1.9091138133229654e-07,7.960148779685039e-06,6.567884063407679e-06,6.7333465234659815e-06,0
0.4354355732279364,0.5645390131993342,6.978286941345947e-06,1.3038404278134875e-07,9.220748638212281e-06,4.4855747767899945e-06,4.598578330168502e-06,0
0.27152764690703657,0.7284484945446402,6.43268976915544e-06,1.3138577380978468e-07,7.412155822857336e-06,4.532146353336476e-06,5.350170604184116e-06,1
0.13782285911667191,0.8621306633830983,9.810328946764495e-06,1.8329655658886205e-07,2.383915634576204e-05,6.179870132726631e-06,6.4648482479447404e-06,1
0.12949197452887146,0.87045801741319,1.168322264352526e-05,1.9014435683053135e-07,2.501757685524487e-05,6.410744716384477e-06,6.706369366608906e-06,1
0.1644963365739084,0.8352099779798723,9.751580026836491e-06,1.8219888954991232e-07,0.00027118267151546587,6.142862128452446e-06,6.426133659053154e-06,1
0.18022912836613827,0.8195345589934395,8.813316358335126e-06,1.615095525567008e-07,0.0002141071723623264,5.44531811491677e-06,7.785324034129706e-06,1
0.11459741800559031,0.8852381770842115,9.269084561495988e-06,1.6986179087076802e-07,0.00014214728870272532,5.726915047554704e-06,7.091760095680035e-06,1
0.12206455396985437,0.8777930677194022,8.57944507996117e-06,1.572237146280171e-07,0.00012177670332818564,5.30082046421301e-06,6.564118156165273e-06,1
0.1655399458266668,0.8343132204417149,7.690303000938783e-06,1.6179021593022625e-07,0.00012677208727931744,5.454780721480028e-06,6.754770400827619e-06,1
0.13381072040730194,0.8660929544528672,9.898338892406402e-06,2.2399955679419e-07,7.103274199934869e-05,6.740229058113967e-06,8.42983032421475e-06,1
0.3010623847326049,0.6988557533942639,7.306430229884735e-06,1.8074662565783976e-07,6.108248613161598e-05,5.438732450414465e-06,7.853477693770452e-06,0
0.30236853843974393,0.6975511202164806,7.277338695534989e-06,1.800269586654118e-07,6.0839278000209006e-05,5.542433164269623e-06,6.50226695674223e-06,1
0.23754189244865895,0.7623043418567372,8.071962302107603e-06,1.9968437426196488e-07,0.0001319079864957596,6.147619814834859e-06,7.438441616749748e-06,1
0.14955881706162238,0.8503115370461917,6.544208285965541e-06,1.5050330362209207e-07,0.00011172892554190395,5.191663056841276e-06,6.0305919974743325e-06,1
0.06473724873412387,0.9352216521557685,5.8584484990463585e-06,1.1965706679385458e-07,2.612087442153649e-05,4.1275651327809155e-06,4.872564987669157e-06,1
0.04677910260933566,0.9531865633356935,6.496302385299672e-06,1.057284591088866e-07,2.0438425253401472e-05,3.564610335974011e-06,3.728988537006638e-06,1
0.03083279067646939,0.9691347646211736,5.277504764592694e-06,9.860620705182799e-08,2.0198472442669586e-05,3.39232858370827e-06,3.477790359124452e-06,1
0.03655230340657565,0.9634151394361712,5.24635806521974e-06,9.80242544010306e-08,2.038320195679654e-05,3.372307789169168e-06,3.4572651875462943e-06,1
0.04222782746021692,0.9577111571180443,8.937253514828448e-06,9.897356203533677e-08,4.4543917705965185e-05,3.40496661987438e-06,4.030310336029818e-06,1
0.11406489962079658,0.8854424007774063,2.1064566014835042e-05,1.592500464307946e-07,0.0004504158742445768,1.553311670072498e-05,5.526794790528417e-06,1
0.12645105415196684,0.8730984869841738,1.9575699670901784e-05,1.5940348779186456e-07,0.0004122123215172692,1.435113458850799e-05,4.160304594996237e-06,1
0.20081670539798308,0.7982256676396007,4.862019358934317e-05,2.2094291161132045e-07,0.0008614915803970696,4.1539792736380856e-05,5.754452782024424e-06,0
0.33158724486249314,0.6674632433528256,3.989002136687623e-05,1.971885741293378e-07,0.0008641410957740796,4.0147707328655954e-05,5.135771637599158e-06,0
0.049081291587092776,0.9507777041237088,5.0274927088865136e-05,1.0889797786336144e-07,5.8604602567195024e-05,2.8428718671402848e-05,3.5871428929395333e-06,1
0.041881602791231085,0.9579807339268629,3.0758176778936906e-05,1.0907172337731899e-07,7.26277090927442e-05,3.057545817131521e-05,3.592866139576445e-06,1
0.26442589706363023,0.7336117949638943,2.5774938947421185e-05,1.670844478903657e-07,0.0018882041020956504,3.763375350782976e-05,1.052809347650782e-05,1
0.460091173458404,0.5365648360739275,2.6630224510673816e-05,1.3652504267462242e-07,0.003276662757608506,3.20378516926108e-05,8.52310881405854e-06,0
0.13618541529215344,0.863607235360813,2.9779191290383487e-05,1.459271177135576e-07,0.00013288942607092287,3.664444486155487e-05,7.890357693035006e-06,0
0.195988095319895,0.8038397864031644,1.8213191553076643e-05,1.0599309471256305e-07,0.00011782910696614882,3.3670030505927585e-05,2.299954820895352e-06,1
0.03979931757183287,0.9600358271873566,1.568254148860996e-05,1.5056320114701338e-07,0.00010858835523685836,3.707337628535258e-05,3.3604045987517743e-06,1
0.009278831097183709,0.9905774991565172,1.6736552723783274e-05,9.409335659557135e-08,8.830065227213613e-05,3.416071205942051e-05,4.377735887381037e-06,1
0.012263701123424701,0.9875730244839793,2.047798525705597e-05,1.3175584134450186e-07,0.00010464346177475576,3.548320696401483e-05,2.537982758715654e-06,1
0.010273677325078771,0.9895349706680597,2.1304115168725415e-05,1.2135127954022607e-07,0.00013614865000598613,3.01398090963181e-05,3.6380813108896824e-06,1
0.007761847306063956,0.9866197226086054,2.8602014871856667e-05,1.4836476954124055e-07,0.00555007351156832,3.6748245228106465e-05,2.857948892914712e-06,1
0.009297007533667566,0.9838072076795139,2.429656614811862e-05,1.489495102519688e-07,0.006837481088378696,2.939266313899631e-05,4.465519642284899e-06,1
0.010484623969002734,0.9807032558860524,2.421990949274781e-05,1.484795684830197e-07,0.008754000397047346,2.9299928090144526e-05,4.451430746011105e-06,1
0.019221097475362207,0.9740384566156219,2.2787363811585188e-05,1.5394464097802345e-07,0.006679933730115264,3.4861159375800985e-05,2.709711072084179e-06,1
0.025585642953213285,0.969678606721591,2.5653530090188263e-05,1.9641535600795162e-07,0.0046593093693999615,4.685409606987117e-05,3.7369142795641917e-06,1
0.024065971430944858,0.9710680193889749,2.1477149263938633e-05,1.8664933829707788e-07,0.004791285229303599,4.944061783562904e-05,3.6195343388329765e-06,1
0.026212759865060574,0.9687465898889304,2.6126902253808416e-05,3.784721507027436e-07,0.004963025428935672,4.680906176065416e-05,4.310380907952534e-06,1
0.023664589058378586,0.9497765214154374,3.665614626542693e-05,2.0214580157200715e-07,0.02647155025060524,4.595501931115845e-05,4.525964200501141e-06,1
0.020984200665931246,0.9496531181884921,4.052654583262899e-05,2.2348969891600958e-07,0.02926659247602716,5.033478843428324e-05,5.0038455837744695e-06,1
0.005639069961459783,0.986248043381516,2.6270726177401578e-05,1.239492390822935e-07,0.00804609509988556,3.8060730252240864e-05,2.336151470257947e-06,1
0.8176673862924979,0.038854464891060064,1.1961464235324285e-05,2.2348844957119048e-07,9.268689990648996e-06,7.57509164301309e-06,0.14344912008212346,0
0.847811264275025,0.034685865654479495,1.0678148384248673e-05,1.9951092773736412e-07,8.270520752073122e-06,6.762378835652883e-06,0.11747695951159595,0
0.9778225081535393,0.021830466151914515,5.1063559604231136e-06,9.205329831671276e-08,3.2028552277657036e-06,3.4735313229576984e-06,0.0003351508987369931,0
0.9608426032128305,0.03835914906439643,6.459073342920369e-06,1.3415318576921905e-07,5.311665852323057e-06,4.615295702286574e-06,0.0007817275346895245,0
0.9177690638293393,0.0807618595001668,1.2514442895441817e-05,2.071153228264424e-07,8.589650710248365e-06,7.020128127842131e-06,0.0014407453334373318,0
0.9219266821516585,0.0773302849703492,7.858814122370223e-06,1.4931645647472316e-07,6.238903184616935e-06,5.061048317155669e-06,0.0007237247959116055,0
0.9280679976501331,0.07065887106320247,8.147003087721863e-06,1.0540129096613629e-07,5.892512852955438e-06,4.929711836434378e-06,0.0012540566575963714,0
0.9021457170909474,0.09749818400333445,7.948349084984642e-06,1.3471023714719972e-07,5.183282325520494e-06,5.3268606260110155e-06,0.00033750570344471143,0
0.9129439653746604,0.08680599025049274,7.305981391585323e-06,2.0629259033328354e-07,4.5293414343930726e-06,4.969797523969501e-06,0.0002330329619066196,0
0.8827442744485403,0.1170261824128303,7.37415864153541e-06,1.9258210717544793e-07,4.802176927760097e-06,5.269164921863215e-06,0.00021190505603083657,0
0.8954824829936875,0.10435938017493251,7.75178373116044e-06,2.188803200958464e-07,5.1595348065853935e-06,5.27304868827605e-06,0.00013973358383376626,0
0.9100134821187389,0.08993175607045803,8.609699365380347e-06,1.459189362313624e-07,5.688654729750965e-06,5.77008735535742e-06,3.4547450416117726e-05,0
0.8120686602948364,0.18789860483521617,8.32950150453877e-06,1.22177711716399e-07,7.903229332019865e-06,5.4560917141328965e-06,1.0923869684989572e-05,0
0.7734407014944291,0.22652559471310585,8.640564485747672e-06,1.2674040532094134e-07,7.944820945835389e-06,5.6598479837515e-06,1.1331818644323912e-05,0
0.7158748295212712,0.28409067564312385,1.0046252853261209e-05,4.767590287947269e-08,9.354792828395436e-06,6.580619130796067e-06,8.465494889523776e-06,0
0.7149529285199737,0.28501827670451724,7.049414565679852e-06,1.1304572079424298e-07,1.024027803913187e-05,3.831659741297204e-06,7.560377441858808e-06,0
0.45623092495160056,0.5436246757029957,1.1050378990824608e-05,2.052860386432399e-07,0.00011495376075269511,6.921248726579797e-06,1.1268670894974095e-05,0
0.457659917406107,0.5422047206085744,9.670651984362306e-06,1.796544569752336e-07,0.00010959291424210303,6.05707621318147e-06,9.861688421916736e-06,0
0.10609491118375973,0.8937439654115265,1.0851712403084576e-05,1.6080668452938298e-07,0.00013803032941729667,5.532260719355219e-06,6.54829548950224e-06,1
0.06817268050882426,0.931697378994018,7.707978390980733e-06,1.1422109280424867e-07,0.00011344653718677015,4.020501934033318e-06,4.651258553119479e-06,1
0.055932238126484686,0.9439405277551726,8.811632210225595e-06,1.305756463483059e-07,0.0001083784986743879,4.596170687849408e-06,5.317241124172391e-06,1
0.04387873010937621,0.9560883098888351,1.0294879601656499e-05,1.320985417454521e-07,8.08828086491506e-06,4.649775532096957e-06,9.794967248199805e-06,1
0.02649812545756769,0.9734837851498926,6.432465175988842e-06,7.565621668063964e-08,3.3083971605756553e-06,2.663045485017817e-06,5.609828501646468e-06,1
0.10120281247411837,0.8987653825744788,1.1349427119337754e-05,1.3348764676807018e-07,6.140934962746708e-06,4.592211744172183e-06,9.588889929733625e-06,1
0.10060479225094225,0.8993650372292901,1.0136243931324693e-05,1.300629994865433e-07,5.983388277825792e-06,4.57793915937972e-06,9.342885399533324e-06,1
0.22505829457234364,0.7748843858740044,1.6204856687991863e-05,2.6197544841656956e-07,1.2206167835607201e-05,9.221351075962439e-06,1.9425202603806187e-05,1
0.2107622798295752,0.7891844638373647,1.5449199796752202e-05,2.783297071284531e-07,1.0416919754211896e-05,8.592507673191112e-06,1.8519376128822912e-05,1
0.42056433083567835,0.5794024262663214,1.0358874152716956e-05,2.036528711325598e-07,8.491411786516456e-06,7.006226854807637e-06,7.182732335101017e-06,0
0.4000878507705086,0.5998424520830761,1.1295377411094513e-05,2.1104325818840874e-07,4.36319003344669e-05,7.115354223032429e-06,7.443471188605998e-06,1
0.2506553516063634,0.7493172242653814,6.525971976691079e-06,1.3329103513274194e-07,1.0739242083593241e-05,4.597868256907978e-06,5.427754902908365e-06,1
0.2291573839900583,0.7708158907050319,7.142318946142775e-06,1.4587973852475352e-07,8.464610710793718e-06,5.0321150137443774e-06,5.9403805006404474e-06,1
0.17758043233828286,0.8223845293647654,9.655304639875539e-06,1.8040007658350073e-07,1.2633566859855995e-05,6.2063356406630835e-06,6.362689734788008e-06,1
0.168938316314323,0.8309645174324195,1.062440075932185e-05,1.9850670508312118e-07,7.26493548682471e-05,6.692682507073878e-06,7.0013084175956595e-06,1
0.14192979671812175,0.8579849346847073,8.631133190298355e-06,1.6158799646716513e-07,6.444780140817986e-05,5.44796286279635e-06,6.580111713143978e-06,1
0.18087503724748816,0.8189329173808662,1.0291497544353469e-05,1.8859815033814423e-07,0.0001673326553631925,6.358614139034003e-06,7.874006448599665e-06,1
0.2040893808881159,0.7956407150718219,7.921415119496406e-06,1.6698679035591567e-07,0.0002481363081568896,5.6299839859791075e-06,8.049346009324647e-06,1
0.18208266850640517,0.8177444714855109,7.44492420137685e-06,1.83545589031588e-07,0.00015111537828964517,5.889960482255309e-06,8.22619952174326e-06,1
0.1247090559206211,0.8751673250527423,6.311238845267903e-06,1.4514548661263353e-07,0.00010633989202910961,5.006843322231553e-06,5.815906953335344e-06,1
0.0417059750406024,0.9582550385841544,6.509464423068437e-06,1.0594267357882486e-07,2.448503553508604e-05,3.571832526858965e-06,4.314100084615774e-06,1
0.03549459662030255,0.9644733891769027,5.2450441887710435e-06,9.799970560781888e-08,1.9843296293932765e-05,3.371463242204042e-06,3.4563993641979167e-06,1
0.040799079369684826,0.9591685069815818,5.223232671486362e-06,9.75921738128846e-08,2.02933549496083e-05,3.3574430116520414e-06,3.4420259267659953e-06,1
0.03503508325595353,0.9649038339751596,8.682712497824242e-06,1.1272728857317693e-07,4.4510921198416314e-05,3.800574238771794e-06,3.975833663330902e-06,1
0.0319710712705404,0.9679549820036322,1.6622301983324294e-05,1.1343432750986253e-07,4.47900989804189e-05,8.420119972284136e-06,4.000770564070207e-06,1
0.09767148184806977,0.9018048635078094,2.431645253687369e-05,1.6151240668592237e-07,0.0004789604726772333,1.4610896185183557e-05,5.605310314715548e-06,1
0.24840532166280116,0.7507933353801505,2.159751682812023e-05,2.3962803692989803e-07,0.0007523964424290637,2.1573770165250054e-05,5.535599588923562e-06,1
0.1156052497031766,0.8838513776017588,2.2418674725391262e-05,1.77433783740817e-07,0.00048575444501654794,2.810344365158468e-05,6.918697887248181e-06,1
0.0850229881998931,0.9145718684081909,2.682710314313758e-05,1.6358242275816861e-07,0.0003453143465417794,2.8171226147715865e-05,4.66713366056738e-06,1
0.05812988705511689,0.941663490029225,4.6689255865751695e-05,1.346914107216788e-07,0.00012008247095812061,3.3152696596325196e-05,6.5638008271615125e-06,1
0.08548941205517663,0.9129778304037517,3.970176978243681e-05,1.66059599094381e-07,0.00144565095642004,3.779580275283768e-05,9.442952517151839e-06,1
0.5491815791716427,0.4485950760767922,2.3329744803416085e-05,2.349469226676658e-07,0.002115148215318193,6.081953643481624e-05,2.3812308085810517e-05,0
0.23275352929622017,0.7670789074610317,1.857098746576061e-05,1.0807531604924431e-07,0.00012014384531087192,2.639519750424648e-05,2.3451371510693957e-06,1
0.05895477086067914,0.9408302670003335,1.659018195803465e-05,1.4331051548105475e-07,0.0001565432371223085,3.881429818806826e-05,2.8711112035872852e-06,1
0.009893899192137515,0.9899740773176452,2.2730369997531688e-05,9.300000448273598e-08,7.047700842742194e-05,3.5977252123239296e-05,2.74585966478878e-06,1
0.009370926084402114,0.990492636539566,2.6942998971075773e-05,9.311052749856845e-08,6.933318997939994e-05,3.731895365588975e-05,2.7491228978702476e-06,1
0.01019015754913262,0.9745123482618031,3.014933454531987e-05,1.5274220451897553e-07,0.015224302327109173,3.9983777565176e-05,2.906007639932014e-06,1
0.007141128806219137,0.9882709527567088,2.4406804898851312e-05,1.4962532624309786e-07,0.0045139692770404995,3.668772073517958e-05,1.2705009071286431e-05,1
0.019502369745348604,0.973591112764188,2.5162954233874044e-05,1.5060130751840276e-07,0.006846998226167013,3.130467745623509e-05,2.9010312989033904e-06,1
0.030849769374736363,0.9627152414577032,2.860746132492629e-05,2.1781811845959672e-07,0.006353946772826522,4.74324469224132e-05,4.784668368278898e-06,1
0.03164481031117305,0.9603348243574271,2.851113469239594e-05,4.1290703199989453e-07,0.007924675143953825,6.156252783063204e-05,5.203617890799479e-06,1
0.02953183410547874,0.9627314549154816,2.8582287643341276e-05,4.139374909454906e-07,0.007640781985271787,6.17161644911881e-05,5.2166041423996676e-06,1
0.01934446642749699,0.949521793936632,3.737863082772561e-05,2.0465586731721987e-07,0.031038898749258227,5.267543634220914e-05,4.582163575483908e-06,1
0.00981758723629089,0.968874134094618,3.626879927455685e-05,2.0000971865186156e-07,0.021214265607039148,4.957471998240296e-05,7.96953307642224e-06,1
0.005747320350769126,0.9905984525932805,2.3940423597741378e-05,1.31590513426732e-07,0.003594571632252827,3.263715026122389e-05,2.9462593250189378e-06,1
0.005480585478917453,0.9880345519652804,2.5852457585760426e-05,1.2148563532457138e-07,0.006416086653972683,4.0512240271262624e-05,2.289718336957997e-06,1
0.9803510283049041,0.01933620812562193,4.596224739770569e-06,1.1530994141366321e-07,2.8870307575805718e-06,3.126521285371436e-06,0.0003020384827499343,0
0.9820424450503816,0.017489135392735587,6.9945098771096965e-06,1.452740560589889e-07,5.669299133822647e-06,4.9978889635629516e-06,0.0004506125848521927,0
0.9624361192217512,0.036505885777158485,6.2094909407925545e-06,1.4219726342512765e-07,4.870997286023354e-06,4.232399677438498e-06,0.0010425399159226033,0
0.8722458333148315,0.12618948569260435,1.0235748699972561e-05,1.6940269847228467e-07,7.107368355290878e-06,5.82799090257814e-06,0.0015413404819075841,0
0.9096021090573737,0.08920724227464877,1.0092098826849435e-05,1.670252782311719e-07,7.041868716011605e-06,5.7462000948651364e-06,0.0011676014750614814,0
0.9164812676996799,0.08314537341914341,7.657987766305684e-06,1.2978913445286684e-07,4.993931722642893e-06,5.132264961018205e-06,0.00035544490759230237,0
0.905694829173656,0.09407012278690861,7.191672865252074e-06,2.3518446951839224e-07,4.467421846640396e-06,4.9018565620535446e-06,0.00021825190369208943,0
0.900733072801387,0.09898543185880623,7.741553658643635e-06,1.395585333057965e-07,4.799374358256248e-06,5.266089816313605e-06,0.0002635487634400659,0
0.7859957102320135,0.21397026156824048,1.0674490066284718e-05,1.80913429050458e-07,7.02890021539095e-06,7.153878148640429e-06,8.990017886726655e-06,0
0.4611514581588458,0.538811293867903,1.2260636870329414e-05,2.0806784141806713e-07,1.0388326419323104e-05,7.052413535150989e-06,7.338528584922535e-06,0
0.6755100150743816,0.3244623237668299,7.843881995033435e-06,1.257859479949628e-07,8.523294466061147e-06,4.263486928713075e-06,6.904709450947549e-06,0
0.510128420938561,0.4897400807916069,1.0063104609091797e-05,1.8694516119024327e-07,0.00010468344304058652,6.302883368882398e-06,1.0261893652309053e-05,0
0.41973473904643205,0.5801254852829577,1.0615915524129358e-05,1.9721488704860836e-07,0.00011148778659548861,6.649128673674213e-06,1.0825624930112306e-05,0
0.2043775133876197,0.7954525312366708,9.320168744525234e-06,1.7448779447136154e-07,0.00014721346050351497,6.141847341100056e-06,7.105411325741454e-06,1
0.06643382613861924,0.9334195574812906,8.563365614224818e-06,1.268966944281525e-07,0.00012829201506325578,4.466674174140319e-06,5.167428544332563e-06,1
0.028063243640447846,0.9719168552750427,7.082733410837848e-06,8.33044251248793e-08,3.6921747748507075e-06,2.865936824800508e-06,6.176935073974018e-06,1
0.05284041856445436,0.9471338198518549,8.76609661214066e-06,1.0310350489065536e-07,5.700279605031174e-06,3.5470880567169297e-06,7.645015911868281e-06,1
0.27448511437727713,0.725469834036734,1.5648313292214996e-05,2.4083446169213376e-07,1.0376024805310734e-05,8.285377287768562e-06,1.050103614173343e-05,1
0.2615553497583215,0.7383893328133894,1.6055718234103425e-05,2.5956732346306144e-07,1.0825876462291101e-05,8.929839987837459e-06,1.9246426281461534e-05,1
0.3649759687180397,0.6349838242215134,1.473115232928453e-05,2.2671894887822002e-07,9.453163827373834e-06,7.799764271874221e-06,7.996261069296307e-06,1
0.3914392353349338,0.6085346080910531,6.871751607883958e-06,1.2839351020615e-07,1.021096072449547e-05,4.417094903630489e-06,4.528373266952647e-06,1
0.2631804963512188,0.7367931514463949,7.469965901626256e-06,1.525718300645995e-07,7.253816549104078e-06,5.262958410171885e-06,6.212889695500681e-06,1
0.17638362402320992,0.8235844042122007,8.964804005252233e-06,1.6749873664518823e-07,1.1284556543079094e-05,5.647244329771229e-06,5.90766097457284e-06,1
0.173446251372173,0.8259510424168948,9.016114539100667e-06,1.6522595647357353e-07,0.0005799897855502262,5.570617214880472e-06,7.96446767162078e-06,1
0.18649804080774746,0.8132151564044817,1.0219642668577004e-05,1.8728136465114246e-07,0.00026226261480861524,6.3142185175900234e-06,7.81903041107074e-06,1
0.1980068860892174,0.8018573974178715,8.46250386373053e-06,1.668144897738826e-07,0.00011578989454544123,5.019509356982542e-06,6.277770655172836e-06,1
0.2028366478621715,0.7969966286263406,8.66892030950054e-06,1.7088341011194474e-07,0.00014531684413197896,5.141944666633425e-06,7.4249189696636354e-06,1
0.20116368749809482,0.798596960987777,7.244391545773284e-06,1.642696366319021e-07,0.00021963853065412692,4.942933789862247e-06,7.36138850183912e-06,1
0.15561509914618427,0.844310342778308,8.758721383938585e-06,1.7265358601434309e-07,5.393397582930341e-05,5.195209910663711e-06,6.49751479778767e-06,1
0.14934861985829057,0.8505405725645161,9.32830819846812e-06,1.8388138990993744e-07,8.752208213413803e-05,5.533058659826295e-06,8.240246810908988e-06,1
0.056751853299725055,0.9432129875159677,5.023155168819784e-06,1.025964491535952e-07,2.239657912602489e-05,3.4590153509236e-06,4.177838212148625e-06,1
0.04872368241591155,0.9512402047373623,5.358640029267247e-06,1.0032305410113454e-07,2.3186252165205117e-05,3.3823683670362595e-06,4.08526311038015e-06,1
0.044718362148467014,0.9552457267870877,6.561724334322187e-06,1.0679321278748716e-07,2.187549678711858e-05,3.600508257876928e-06,3.766541853263227e-06,1
0.031116836916367376,0.9688507278902598,5.275958018716436e-06,9.857730726851483e-08,2.01925526177995e-05,3.3913343505466123e-06,3.476771078586316e-06,1
0.044280764101598584,0.9556823844983626,6.013736503059937e-06,1.1805289132382357e-07,2.30888944521363e-05,3.7882634520226706e-06,3.842452740180966e-06,1
0.12818402617135588,0.8710813941441672,2.35920130230808e-05,2.1891740349475973e-07,0.0006818360677604538,1.796275455886526e-05,1.0969931731252528e-05,1
0.17879066323197026,0.8205296732213195,1.815690579389004e-05,1.6765737209465948e-07,0.0006394919154418229,1.8267480378733777e-05,3.5795877237973964e-06,1
0.11738215454610831,0.8820764370840156,2.5150624555106957e-05,1.7611418632035363e-07,0.0004821418279652271,2.6768162666211083e-05,7.171640502968052e-06,1
0.09701494749825809,0.9024420032457005,2.4609483015919102e-05,1.9883332392904993e-07,0.00048251399064141315,2.8461279054596458e-05,7.26567000539329e-06,1
0.10746825171863758,0.8921026423668126,2.384326530786929e-05,1.7525060724467229e-07,0.00037165102295268676,2.6299901447149704e-05,7.136474234957101e-06,1
0.08940342871947433,0.91015358842657,2.5433583631557127e-05,1.6653560162071655e-07,0.0003864227094783458,2.5086333929917494e-05,5.873691314196426e-06,1
0.12413565572346813,0.8755094647012296,2.3303265610738655e-05,1.4063366324748824e-07,0.0003035620668852005,2.3861221427547302e-05,4.012387715528406e-06,1
0.0795183247764435,0.9203514767231024,3.4447117311096666e-05,1.1680796395962709e-07,6.286144553690871e-05,2.9440545116112805e-05,3.332584526270631e-06,1
0.07062660072656073,0.9292377144021079,3.100814271816521e-05,1.174435758890975e-07,7.1097854869766e-05,3.0110711342781423e-05,3.350718824729923e-06,1
0.07225157686506713,0.9275978518560671,4.3901017236712666e-05,1.1918676861404841e-07,7.215314684661816e-05,2.7597696632628496e-05,6.8002313810951836e-06,1
0.17936751673881607,0.8192359530164229,3.543422576638539e-05,1.6895585320910746e-07,0.001304735690356949,3.845500131672237e-05,1.7736371467666588e-05,1
0.1569634918372592,0.8405155903304604,3.085367743115234e-05,1.899443523224628e-07,0.0024351230295964472,4.278267083360375e-05,1.196851006682431e-05,0
0.6779126053663458,0.3205840092304761,1.992736854667139e-05,1.7851134019277556e-07,0.0013964880846677314,4.492557259214624e-05,4.1865866031438e-05,0
0.6247165968744591,0.37018848861238873,3.194418190531094e-05,1.8815317189992048e-07,0.00497914030179734,3.9514732984307203e-05,4.412714329322475e-05,0
0.680919833889921,0.31250923039303447,3.545145913680988e-05,2.0881124784611286e-07,0.006479308610785456,3.981216879463925e-05,1.6154667079893668e-05,0
0.44990336418949023,0.5467116790085114,2.9810811728243965e-05,1.5203087949673888e-07,0.00330763467820727,3.680967105682845e-05,1.0549610126404206e-05,0
0.2013585018510501,0.7984832473764735,2.041474391452364e-05,1.1724216455437311e-07,0.00010075799224561498,2.994874975771054e-05,7.012044393786728e-06,0
0.11033836769295348,0.8894081262642082,1.5029315802407214e-05,1.483144902884747e-07,0.00020009943689590706,3.528065650485504e-05,2.948319144829474e-06,1
0.014026240763693772,0.9664530606353816,2.7023846062802634e-05,1.5392995201622967e-07,0.019447585195281135,4.300702441425301e-05,2.9286052141401372e-06,1
0.013481706436218143,0.9575790979536177,2.533716091562838e-05,1.4432246079652502e-07,0.028873541801494446,3.5845525007336867e-05,4.326800285677718e-06,1
0.007148054037934482,0.9872068528870472,2.9831604011591715e-05,1.4946422033412702e-07,0.00556624676600367,3.962789736854773e-05,9.23734341383206e-06,1
0.01373327782887886,0.9800005984941957,2.637137960348984e-05,1.4837318536895528e-07,0.0061959576622612495,3.919802050426278e-05,4.448241370734486e-06,1
0.020119817419294875,0.937466721418144,3.966013186356932e-05,2.2459630645693527e-07,0.042306819416153246,5.780781464295769e-05,8.949203594783178e-06,1
0.008899093562343256,0.9807179826659446,3.567101230664198e-05,1.9594826174908028e-07,0.01029646367056458,4.40205899841035e-05,6.572550595312239e-06,1
0.9805759258973099,0.01295556633263839,4.942722608529868e-06,9.235001591014354e-08,3.6659522865458247e-06,3.1771338793951873e-06,0.006456629611261649,0
0.9795223855265524,0.013934395273154987,5.057144824658794e-06,9.448788491815634e-08,3.7508177378510606e-06,3.2506833638010737e-06,0.006531066066481385,0
0.9778432471075005,0.020688843627418508,6.023465104458923e-06,1.1909896606353022e-07,4.654666705123795e-06,4.097382727573711e-06,0.0014530146515777816,0
0.9794726325955515,0.019474638910194218,6.033502036920254e-06,1.1929742131443044e-07,4.723466203450009e-06,4.104210218559663e-06,0.00103774801837407,0
0.9714810310197313,0.028190061768545084,6.903958882087892e-06,1.5778397602722642e-07,5.476249177803091e-06,4.696327011906399e-06,0.00031167289267566687,0
0.961947489211961,0.03701311362984918,5.943432683722159e-06,1.2344347038575764e-07,4.887625013007533e-06,4.2468474757417875e-06,0.00102419580954694,0
0.963007779610596,0.035693089200537334,7.481521135912036e-06,1.4214793830983353e-07,5.963882320791022e-06,4.890340583479465e-06,0.0012806532968882133,0
0.9366590836126302,0.06158083127777132,9.85557805502083e-06,1.9486942083261863e-07,8.081778963612674e-06,6.605055984147194e-06,0.0017353478271751415,0
0.9304696143812181,0.06809653909003925,8.71274994487903e-06,1.6554112715511164e-07,6.945354349440406e-06,5.695140583727858e-06,0.0014123277427375359,0
0.9333879757316262,0.06590465151170312,7.811179189189027e-06,1.5592791507792658e-07,6.273256660352483e-06,5.1058235216847545e-06,0.0006880265693842627,0
0.9067991294249793,0.09285266721109452,7.142561379935027e-06,1.2105358320851062e-07,4.631482906889106e-06,4.78683416855946e-06,0.00033152143188759636,0
0.5038385577013099,0.4959987135352739,1.8203268455523736e-05,3.085126966969998e-07,1.0910160361372626e-05,1.2199548983526446e-05,0.00012110727291892882,0
0.7722702487181629,0.22766289092957423,1.2213811781282697e-05,2.0700216660539804e-07,7.982880998555904e-06,8.185507754576683e-06,3.8271149561605695e-05,0
0.7234405090451035,0.2765167772196741,1.2723353532968205e-05,1.827273081741801e-07,1.0636668772812565e-05,7.318571752627504e-06,1.185241385577745e-05,0
0.43657597555382444,0.5633823511957978,1.2336794039588416e-05,1.978351197112344e-07,1.1573372452988458e-05,6.705577692692761e-06,1.0859671072751324e-05,0
0.12778953897472484,0.87191686509073,8.779715883920147e-06,1.640405431952263e-07,0.00027333583639112935,5.530650833350308e-06,5.785690893508051e-06,0
0.037558079279009386,0.9623584831558506,6.3993217534453e-06,9.482869395947037e-08,6.974394127537916e-05,3.3379031674937952e-06,3.861570249691479e-06,1
0.03781624428544872,0.9621539572185729,9.567211532217354e-06,1.1252591485653577e-07,7.903831991314066e-06,3.871248888018544e-06,8.343677651774182e-06,1
0.03391941608165391,0.9660533422084185,9.026327351237984e-06,1.0616424018349471e-07,6.500345734845867e-06,3.7369064023439474e-06,7.871966198772599e-06,1
0.1325995736727568,0.867361677733233,1.1327493056353782e-05,1.8312770216461898e-07,7.637779803277305e-06,6.4456306262266945e-06,1.3154562822262962e-05,1
0.31831340586053686,0.6816390799739261,1.6331253370434564e-05,2.513452115112738e-07,1.1325257194475875e-05,8.646976401188815e-06,1.0959333359465506e-05,1
0.3262786151158654,0.6736807114528081,1.3929426979144725e-05,2.509497826798485e-07,9.575737794752984e-06,7.747243208455227e-06,9.170073561521685e-06,1
0.5978336208517613,0.4021426529300664,6.687929643701432e-06,1.3148302159024886e-07,7.746084044546679e-06,4.5233827134076355e-06,4.637338749220682e-06,0
0.5154418451164605,0.4845310111670017,7.904361280177613e-06,1.4768704525571366e-07,8.801975529011281e-06,5.080846328477519e-06,5.208846354752633e-06,1
0.28626386961177114,0.7137084702557281,6.559689185811587e-06,1.3397969909291703e-07,1.0794727653010576e-05,4.7159379194951865e-06,5.455798043113362e-06,1
0.2019238639262997,0.7980497027618187,6.702967660398362e-06,1.3690611928873204e-07,9.295902645736501e-06,4.722570422138555e-06,5.574965033976524e-06,1
0.18665116541303275,0.813308015575888,9.659256816639318e-06,1.5720432888255074e-07,1.9300781035064285e-05,5.300166870977884e-06,6.401602027705109e-06,1
0.18911078779233187,0.8102490837525663,9.575928315069859e-06,1.7548489519717355e-07,0.0006160015587441397,5.916498829850759e-06,8.45898431751061e-06,1
0.2725104076674246,0.7271573811888911,9.757748151465977e-06,2.212610587181939e-07,0.0003056589720023929,6.657826643700366e-06,9.91533582802449e-06,1
0.2569661531225172,0.7429161043789221,1.1814593726856902e-05,2.6736443228364525e-07,8.925150951239579e-05,8.0450941125751e-06,8.36393677659594e-06,1
0.2152223068990791,0.7846254749965991,1.1627439527521999e-05,2.292023050616618e-07,0.00012319347521377326,6.8967816672188406e-06,1.0271205608476197e-05,1
0.16732201136782704,0.8325689481008243,1.1815871576694407e-05,2.3291671354476602e-07,8.121778159999357e-05,7.00854958475328e-06,8.765411873828475e-06,1
0.059166185938954736,0.9408021912013457,5.342181928868403e-06,9.98146512193981e-08,1.929522387194743e-05,3.3652276824717476e-06,3.5204115652449405e-06,1
0.03600105516920556,0.9639620351372647,4.933166355427017e-06,9.235744749831204e-08,2.4945920895811622e-05,3.17735382420889e-06,3.7608950067784806e-06,1
0.04291720190468373,0.9570508011106392,5.204678324000195e-06,9.724549978575601e-08,1.991974548380935e-05,3.345516458074739e-06,3.429798911597735e-06,1
0.055145669346117455,0.944815265209937,6.063950532793235e-06,1.1330035470556325e-07,2.5193761236034925e-05,3.819895029748207e-06,3.874536792424703e-06,1
0.045708352063999924,0.9542547972260979,6.004753253154135e-06,1.4346822836557985e-07,2.3054404529139722e-05,3.782604587973469e-06,3.8654793035312045e-06,1
0.1525187168387381,0.8468471969390684,2.043811164141207e-05,2.11817336175823e-07,0.0005895830248490306,1.7033401669188542e-05,6.819866697558724e-06,1
0.26091707665247577,0.7384069772886573,2.0636264497162156e-05,2.4115884451372317e-07,0.0006276113740063281,2.1711589142544133e-05,5.74567237636409e-06,1
0.31293529827577543,0.6858926357686012,1.8963992162603524e-05,2.3699976163595728e-07,0.0011229553655362715,2.2066813685752662e-05,7.842784477124169e-06,1
0.1115327451442354,0.8875648246428014,2.263464026120234e-05,1.5849631262720004e-07,0.0008484420292449823,2.4740833551831945e-05,6.45421359265564e-06,1
0.0729975603147237,0.9265796561655679,2.492109496071211e-05,1.4695977504285726e-07,0.00036959353627048216,2.2137500661192312e-05,5.984428040835367e-06,1
0.12488922493073493,0.87474183164686,2.264165758101891e-05,1.366409026444179e-07,0.00031908288041526797,2.318377235413884e-05,3.898471152275607e-06,1
0.0804312558020239,0.9194451655585051,3.4367126036820694e-05,1.1624833801389686e-07,6.256027689466854e-05,2.321837005907764e-05,3.316618142609627e-06,1
0.0572941366210781,0.9425504801560999,4.670533672689587e-05,1.2495385582168228e-07,7.249059253852183e-05,2.8933065692977637e-05,7.129274007746628e-06,1
0.06734792893645325,0.9324832502302111,4.9454054051688714e-05,1.342626952242037e-07,7.78910123950944e-05,3.196493992513787e-05,9.376564268569447e-06,1
0.10095314517799878,0.8979363701939735,5.66149658401959e-05,1.6332373983356498e-07,0.0010053659758511564,4.0381157577681384e-05,7.959205018818641e-06,1
0.16467889533613397,0.8351572577607188,2.0947039285845157e-05,1.2154942019491783e-07,0.00010445965053620899,3.104901024685679e-05,7.26965365818137e-06,0
0.26748530670732795,0.732353822249051,1.6726014271020206e-05,1.0969579772325226e-07,9.908158049264902e-05,3.737895669673083e-05,7.574796362584503e-06,0
0.2381610054983005,0.7617012409274714,1.5357694986127396e-05,1.0212823331306883e-07,9.125579852855526e-05,2.879420733410868e-05,2.2437451460851856e-06,1
0.08093817019767552,0.9187908761463331,1.4583024581244098e-05,1.3295631140402877e-07,0.0002219673648865843,3.162729375716699e-05,2.643016454939527e-06,1
0.009097988066235602,0.990759811081635,2.2962390576674638e-05,9.313564304373105e-08,7.770664814265629e-05,3.881337649828961e-05,2.625301268882475e-06,1
0.011899883511936193,0.9588620019780713,2.53711060443142e-05,1.445158149185715e-07,0.029172457028275624,3.5809262797939906e-05,4.3325970595540115e-06,1
0.013116573310403999,0.9696902570114789,2.6020347924967243e-05,1.4614780585894752e-07,0.017127974288518606,3.621365032120655e-05,2.815243546348725e-06,1
0.008261590519664257,0.9820611269686532,2.771177299752708e-05,1.4608536223277195e-07,0.009607846073844796,3.879922206299402e-05,2.7793574151139816e-06,1
0.008990876729696343,0.9810001097600445,2.858193061885625e-05,1.5067248451191383e-07,0.009937396748355152,4.0017528765447524e-05,2.8666300352157334e-06,1
0.006553056605771675,0.9838682779063459,2.6475457133768017e-05,1.4895875635253264e-07,0.009503310649366978,3.952431842272186e-05,9.206104202394885e-06,1
0.00949894575578647,0.9845074407955255,2.7113703190237802e-05,1.5254971753361033e-07,0.00592147234252524,4.030139907647422e-05,4.573454178660823e-06,1
0.013910431900510094,0.9769041998589283,2.5777499831479182e-05,2.807031208265937e-07,0.009113416593162324,4.2355912585221086e-05,3.5375318614987494e-06,1
0.020027491218376235,0.9513532246439464,3.8300469187161497e-05,2.1774314447799246e-07,0.028514065322898935,6.182541993399717e-05,4.875182512563309e-06,1
0.9678702067850327,0.019125442549133516,7.296613274835517e-06,1.3633019802858163e-07,5.341862940095445e-06,4.620881955009784e-06,0.01298695497746591,0
0.9790807452665474,0.01942452272269589,6.0097446341704274e-06,1.1882767805954469e-07,4.704867172856521e-06,4.088049558542376e-06,0.0014798105217127958,0
0.9778783451924162,0.01998559087479045,6.040875217739096e-06,1.1944320753496875e-07,4.6748317741277605e-06,4.1092257276081055e-06,0.0021211195568665176,0
0.9788550974116335,0.020825212607401944,6.029698051320201e-06,1.1922220700770995e-07,4.775915534116999e-06,4.10162260750468e-06,0.0003046635225644056,0
0.9711511578382759,0.02849495629538599,6.7113197811622425e-06,1.3269957291965448e-07,5.32344703397894e-06,4.565286803139557e-06,0.0003371531131473761,0
0.9707620834526617,0.0287454778829891,6.64664128498017e-06,1.3142071732935206e-07,5.450384078513467e-06,4.5212901087940234e-06,0.00047568892815975016,0
0.9717950085167391,0.027728804310770048,6.411562064312273e-06,1.2677261334949479e-07,5.257614228813133e-06,4.361380568077483e-06,0.00046002984301647047,0
0.8957619038800185,0.10393245425191547,8.403260918142905e-06,2.3727551017947337e-07,5.209599617157214e-06,5.716207456038189e-06,0.00028607552456451205,0
0.4882894906945601,0.5111742095106745,2.037781361256621e-05,3.45367330364999e-07,1.2213477753759945e-05,1.3656895515828992e-05,0.0004897062405527817,0
0.5881477324956957,0.41181008402465447,1.2236861148544224e-05,5.8071741990667e-08,1.1561593338774844e-05,8.015538106714576e-06,1.0311415313739142e-05,0
0.41888099429815806,0.5810780208725385,1.5710014963151514e-05,1.766247577642244e-07,1.0556779082016453e-05,7.180260327181102e-06,7.3611501733057614e-06,0
0.32092795955290965,0.6790322735867029,1.3588033373893717e-05,2.1790022598563184e-07,1.0889931102988953e-05,7.385680038684205e-06,7.685315645889082e-06,0
0.2840484692984956,0.7159103944543368,1.3372613974775055e-05,2.144457205058448e-07,1.2717121494851059e-05,7.268590338340017e-06,7.563475639103739e-06,1
0.24908034456041347,0.7507092301409495,1.1396030565344032e-05,2.117073064153958e-07,0.0001774830291291299,7.17577239749578e-06,1.415875923877661e-05,0
0.2067014076905944,0.7931773303370563,9.032699086707293e-06,1.6780302424977545e-07,0.00010048557364449596,5.657503430729494e-06,5.918393163021963e-06,0
0.5210075197491126,0.47881388740810576,7.893997414295383e-06,1.4778768884330932e-07,0.00015955023223551324,4.98268347897028e-06,6.018141963991379e-06,0
0.49417769929005834,0.505562822550041,8.292864314549805e-06,1.552550864431548e-07,0.00023924294504286628,5.4648695787123085e-06,6.322225877943682e-06,0
0.1295010540748182,0.8703588346971991,7.6914701546229e-06,1.4399606920323163e-07,0.00012134346026726932,5.06856011014503e-06,5.863741381330948e-06,1
0.08294696901104394,0.9169145372559119,9.590287255817679e-06,1.421141880662146e-07,0.00011797190409186844,5.002319220960364e-06,5.787108287393512e-06,1
0.04989856909278098,0.9500644369574375,1.2257655691745853e-05,1.44169899041675e-07,8.827399760116295e-06,5.074678797897845e-06,1.0690045632832253e-05,1
0.0561804955420645,0.943793572723729,8.297239561614134e-06,1.0646586351777643e-07,5.886174200246975e-06,3.747523331048234e-06,7.894331250207258e-06,1
0.08985532429425909,0.9101132115920817,1.119041124849384e-05,1.3161736255244116e-07,6.054894838374864e-06,4.632649411913943e-06,9.454540797696377e-06,1
0.1219826426484531,0.8779876413816861,9.265617471924896e-06,1.3730458271023937e-07,5.726616761558963e-06,4.7234679990612534e-06,9.862963045442539e-06,1
0.1778962602081813,0.8220643265283054,1.215920777228188e-05,1.801838845947336e-07,7.515000834754063e-06,6.19857543011418e-06,1.3360295591310136e-05,1
0.17726584512847623,0.8226947111310932,1.2168531832594913e-05,1.8032207162300828e-07,7.520763572125447e-06,6.203582270624218e-06,1.3370540683278818e-05,1
0.4488997812728958,0.5510675208067604,9.070313479313001e-06,1.7832009105448617e-07,1.1115976453419004e-05,6.044052148161647e-06,6.289258171968087e-06,0
0.5424543217390817,0.457518248765864,7.6088667445770935e-06,1.4958841431544502e-07,9.324923969036634e-06,5.0702092598590235e-06,5.275906666499495e-06,0
0.33219527219555994,0.66777607290433,8.21797475342614e-06,1.5354667711902548e-07,9.585432103706778e-06,5.282434009965689e-06,5.415512565851628e-06,0
0.15169556764255726,0.8482747736649776,8.973940058002077e-06,1.460508040142663e-07,9.566676699988316e-06,5.02461156041517e-06,5.947413342696231e-06,1
0.15114396631866808,0.8488152482453417,1.0611543223070696e-05,1.9826647439016056e-07,1.629820768956349e-05,6.684583094231543e-06,6.992835508974836e-06,1
0.2033585071722826,0.7965538496175366,9.438575872668895e-06,1.7296782550254382e-07,6.515651517258336e-05,5.831635458070545e-06,7.043515851857259e-06,1
0.2260404972975968,0.7736513680106075,1.0596612948202468e-05,1.9418958157131486e-07,0.0002814361437352745,6.547130058373242e-06,9.360615472289135e-06,1
0.15084262680323673,0.8490689271836345,8.891743023743048e-06,1.6294860254787682e-07,6.604294442795887e-05,5.493774124490781e-06,7.854602950066894e-06,1
0.1866214663815024,0.8132762771946653,8.388983134753864e-06,1.6536709447360166e-07,8.131568747122848e-05,4.975900752133069e-06,7.4104853797901725e-06,1
0.25959234156197647,0.7401983978866992,1.0538914674003904e-05,2.6601062507384537e-07,0.00017889305263734298,8.00435755565878e-06,1.1558215832356074e-05,1
0.2703488474299374,0.7295005815184591,1.1649983255315636e-05,2.641682885341844e-07,0.0001192298131534619,7.948920971510279e-06,1.147816593451712e-05,1
0.24889967603195112,0.7509892377840971,1.0987129410127478e-05,2.879670041129823e-07,8.293857564276429e-05,7.496647975438953e-06,9.375863919230304e-06,1
0.20562687613334563,0.7942616830784387,1.0575022498602483e-05,2.3931291689687346e-07,8.441931733855354e-05,7.201013696345659e-06,9.006121765174286e-06,1
0.16628231539891794,0.8335962900431146,6.075303365531713e-06,1.502909832322997e-07,0.0001037233363778583,4.710661859769993e-06,6.734965381188941e-06,0
0.04104573894886706,0.9589236106947863,4.985633706096561e-06,9.315281585460997e-08,1.9081401062384067e-05,3.204716714338402e-06,3.2854520480052493e-06,1
0.042117337565514425,0.9578453237388335,4.9018635096958555e-06,9.177140382516831e-08,2.5450837776046658e-05,3.157192287089204e-06,3.7370306754897595e-06,1
0.03289842622789197,0.9670691982208015,5.266256549259291e-06,9.839604260866718e-08,2.0155422407174542e-05,3.385098340611719e-06,3.4703779669829383e-06,1
0.04661240450766802,0.9533506453509257,5.9666167075634365e-06,1.1148174539076964e-07,2.318155791830576e-05,3.758581040920131e-06,3.931903993980854e-06,1
0.050528843636474745,0.9494346235927233,5.942107990898046e-06,1.1102381845410518e-07,2.2820743705768706e-05,3.7431421410693924e-06,3.9157531457418785e-06,1
0.15241679457692406,0.8473564085462777,1.0804645916455022e-05,2.581464905168894e-07,0.00020408038661645392,6.806225250561932e-06,4.847472524410683e-06,1
0.14145378258732966,0.8579944708856374,1.905857465628651e-05,1.9800513824513224e-07,0.0005102941841209506,1.592268656184482e-05,6.2730765555794475e-06,1
0.25485438995431037,0.7444769577360946,1.7512561622801956e-05,2.188607174402706e-07,0.000623724078901476,1.9954280236086678e-05,7.242528117093226e-06,1
0.0819255279936789,0.9176078422970324,2.9253199796018698e-05,1.4996304351513034e-07,0.00040621446930370246,2.4905351393875697e-05,6.106725751582314e-06,1
0.08043141388004434,0.9194469726180895,3.240181309724564e-05,1.1624856648611168e-07,6.256039984941581e-05,2.321841569200902e-05,3.316624661026197e-06,1
0.0867100046890967,0.9120036168433301,6.152235218220869e-05,1.645929400821877e-07,0.001172501679590073,4.069496238823423e-05,1.1494880472524742e-05,1
0.10805619293486746,0.8903975155666861,3.804977222402667e-05,1.6798210315355972e-07,0.0014602880966537982,3.823337206294387e-05,9.552275402693302e-06,1
0.4852499551433865,0.5102916835994339,2.9795951328384675e-05,1.57744181013809e-07,0.004382696205243381,3.2584113915641356e-05,1.3127242511026089e-05,0
0.4406315826055059,0.5563635593824329,3.184361473620625e-05,1.5471489726768855e-07,0.0029258174240919094,3.630640090780276e-05,1.0735857427936572e-05,0
0.14679249847253778,0.8530223004273528,2.8640744879639154e-05,1.277701554608408e-07,0.00010407189181007062,4.353781281717214e-05,8.822880446827559e-06,0
0.2449059377199852,0.7549525377325333,1.527034650652788e-05,1.0122337311668257e-07,8.572427184737489e-05,3.100653681277358e-05,9.422168941830933e-06,1
0.18299617268341714,0.8167557542729174,1.3496508525224198e-05,9.997016701215499e-08,0.00020313227021553768,2.8943552062032574e-05,2.4007426955468857e-06,1
0.049490666886331025,0.9503092656604729,1.5213197339732139e-05,8.958347124643372e-08,0.0001430847020277358,3.643096224440516e-05,5.249008112942005e-06,1
0.041010557899181004,0.9587867658480522,1.4832980447860723e-05,8.734455011501487e-08,0.0001440040243485426,3.863408150732298e-05,5.11782191285911e-06,1
0.013817959099149915,0.9587450305096662,2.682234625210899e-05,1.5278219325090528e-07,0.027369145543194903,3.794667786722608e-05,2.9430416763268967e-06,1
0.010198076847215536,0.9768898142695414,2.8789989945714997e-05,1.5176928990696302e-07,0.012839954624127846,4.0325002495604835e-05,2.8874973840114995e-06,1
0.008442045506643786,0.9796460011462684,2.7979541705758908e-05,1.474969315589258e-07,0.011842389852404342,3.859522430673853e-05,2.8412317395874432e-06,1
0.008194713780568196,0.9815800729727868,2.5634262724940956e-05,1.4422594768537782e-07,0.010154355947217687,3.983964208033806e-05,5.239168674010184e-06,1
0.009966230296574653,0.9824941407568947,2.6259617290412264e-05,1.4774437752329647e-07,0.007469760296518056,3.90318986894208e-05,4.429389655268874e-06,1
0.009313668079997367,0.9868554875280104,2.7508033129185266e-05,1.4840022312799932e-07,0.0037543739335700625,4.342322117708619e-05,5.3908038928224074e-06,1
0.012896992188858694,0.9815107104012969,2.623333265043479e-05,1.4480631014766192e-07,0.005521182136400824,4.031217843819801e-05,4.424956044865451e-06,1
0.019194885580455224,0.9783288772288627,2.4892065249790144e-05,1.869823805542079e-07,0.0023920386098907984,5.3405771003034584e-05,5.713762157691673e-06,1
0.015122972467189523,0.9699722730908783,2.873544663795158e-05,1.6664944452339703e-07,0.014828036459654356,4.467493633781367e-05,3.140949857566487e-06,1
0.014794580796652964,0.9672354002690259,3.381714398422113e-05,1.994356378856835e-07,0.017883778911006887,4.8464551244647424e-05,3.758892447569917e-06,1
0.9803094199581562,0.016678102796630654,6.01264587532622e-06,1.1888504285139846e-07,4.719294202409686e-06,4.090023089590388e-06,0.002997536397003009,0
0.9717678304055649,0.026116981039651564,8.192999033694142e-06,1.6199607650256768e-07,6.414078225836913e-06,5.573179581107909e-06,0.002094846301866348,0
0.9775713614961746,0.020387189950922632,6.395541173539733e-06,1.2645584028061532e-07,5.006896890252457e-06,4.350482568339234e-06,0.002025569176430393,0
0.9815672126832373,0.018135660534388615,6.208375728504359e-06,1.227551114476333e-07,4.91743994990046e-06,4.223165741830371e-06,0.00028165504584221106,0
0.9306826222058753,0.06819274861024038,1.0722812071859832e-05,2.0373204876508828e-07,8.449336888714126e-06,6.905452800694976e-06,0.001098347850074369,0
0.9278987730950776,0.07144404080388526,7.29236125319369e-06,1.5149084244555296e-07,5.751707882205346e-06,4.960532604388291e-06,0.0006390300084550266,0
0.8603237495920247,0.13936394898519291,8.561451920860952e-06,2.4174221081406734e-07,5.559521812456526e-06,5.737752664245081e-06,0.0002922009541740668,0
0.8800626433957192,0.11966804164192568,7.250230735065684e-06,1.9106736103995456e-07,6.032849147298546e-06,5.300496680517812e-06,0.0002505403184312435,0
0.8405873376346963,0.15913635260796283,7.0929328460019476e-06,2.1037789116176268e-07,7.432701556770322e-06,5.185499383286658e-06,0.0002563882456638944,0
0.8135084748485906,0.18624280950245706,9.90446844999543e-06,2.3877328463074225e-07,7.384758548282008e-06,6.378442421545969e-06,0.0002248092062479559,0
0.734662442639291,0.2652676362525599,1.2772939800185441e-05,2.1647838200770358e-07,8.348324032867192e-06,8.560226705260304e-06,4.0023139228607416e-05,0
0.7548452340883438,0.24509070254318838,1.1684666051936752e-05,3.299296696552863e-07,7.604782913303439e-06,7.830882470641982e-06,3.661310736230493e-05,0
0.42358196457459263,0.5763696160574922,1.4096128354450653e-05,6.689515545940212e-08,1.3144795894179146e-05,9.233417999164012e-06,1.1878130511908842e-05,0
0.31185007242845425,0.6881074756221552,1.7575577525892256e-05,1.7384037308803145e-07,1.039035771347219e-05,7.067067776605789e-06,7.245106001462829e-06,0
0.29866629812691625,0.701293347011858,1.3099579619619161e-05,2.1006729089405012e-07,1.2515980945955957e-05,7.120184433580891e-06,7.409048935562053e-06,1
0.46121636239566177,0.5386407908381946,8.43232867309556e-06,1.5664977203722314e-07,0.00011847160830800204,5.309609428656762e-06,1.0476569961796028e-05,0
0.5522855421802733,0.44745920193305694,7.793050770600663e-06,1.4589781348800264e-07,0.00023645678869672958,4.9189660557945e-06,5.941183333191334e-06,0
0.33488733754715666,0.664977086173646,6.912605391130593e-06,1.294145311969523e-07,0.00011881202961175387,4.452270933574586e-06,5.269958729596236e-06,0
0.2243876668521964,0.7754433398779617,9.187788598176765e-06,1.720094359350197e-07,0.0001465743721847897,6.054610868011262e-06,7.0044887548148e-06,1
0.0991807255019799,0.9006552852616923,1.1248396057826973e-05,1.666849626256575e-07,0.0001399192941324978,5.8671931615926524e-06,6.787668013452518e-06,1
0.08056350263775215,0.9192997563325264,1.028555912329806e-05,1.5241711166970897e-07,0.0001147314194383377,5.36497486762833e-06,6.20665918080877e-06,1
0.056070411024807094,0.9439035565218217,8.83013263472262e-06,1.0385667231049801e-07,5.741919943902836e-06,3.6556816401873026e-06,7.700862479985479e-06,1
0.05047430341401725,0.9494991423142944,9.444194863285724e-06,1.1107902933453698e-07,5.110054086529814e-06,3.909744048529941e-06,7.979199660633329e-06,1
0.1005076680516603,0.8994588882736815,1.2180774183366901e-05,1.4326724570548596e-07,5.8997639489015555e-06,4.928591872505964e-06,1.0291277407670737e-05,1
0.22026201737249765,0.7796927792594229,1.3945397100188431e-05,2.0665294131668663e-07,8.618955511870946e-06,7.109437637810326e-06,1.532292488836644e-05,1
0.27020162170935236,0.7297691591745138,7.428124488961428e-06,1.3906739973312653e-07,1.1204643059321653e-05,4.784306478077065e-06,5.662974707822478e-06,1
0.18608201338068198,0.8138388634863282,7.574725658037914e-06,1.714180820010056e-07,5.956576095389634e-05,5.157975145376784e-06,6.653253150501098e-06,1
0.2543827055430664,0.7454455539314075,9.996705083229212e-06,2.472987019159915e-07,0.0001433100338755564,7.441308904997191e-06,1.0745178960475868e-05,1
0.26003163219351627,0.7398589394501124,1.149119694968707e-05,2.3279473345554578e-07,8.168349908315189e-05,7.824878541207592e-06,8.195987063959218e-06,1
0.25246344149104183,0.747425644027232,1.1156746986114175e-05,2.5247735072717113e-07,8.400989545386064e-05,7.597136352597685e-06,7.898225582841193e-06,1
0.11988807854669839,0.8800225032190406,4.795556598795325e-06,1.0852351736872635e-07,7.716454941157916e-05,3.265512556033762e-06,4.084092177226416e-06,1
0.21867958911341026,0.781112450080046,6.802259903757575e-06,1.6827444946000663e-07,0.0001882688042907563,5.18061237217102e-06,7.540855527573693e-06,1
0.039002520942036524,0.9609660238675207,5.7358044619321515e-06,9.335122220946123e-08,1.9122042573813538e-05,3.2115424463980226e-06,3.2924497384014337e-06,1
0.041773309352885285,0.9581848787118123,5.954678202344025e-06,9.691343066907842e-08,2.8479831753338763e-05,3.3340923541572296e-06,3.94641956188505e-06,1
0.05356740423085673,0.9463613925182924,1.436045439424448e-05,1.0971959034239011e-07,4.410222725596231e-05,8.82305893279083e-06,3.8077906775980215e-06,1
0.06765279359142516,0.9319446785317169,2.3612296221008297e-05,1.3924178477531603e-07,0.00035018333157297313,2.2922867671211886e-05,5.670139608082263e-06,1
0.07645073973726547,0.9233978206074693,4.800143662914572e-05,1.1719459584500278e-07,7.17603435088646e-05,2.821706522109192e-05,3.343615310430273e-06,1
0.06038222333377114,0.9394997900190939,2.8653071450901055e-05,1.0568651973680281e-07,5.957513351844719e-05,2.6637470999423656e-05,3.0152846464475703e-06,1
0.23170814524977795,0.766155028724913,2.8106451264412978e-05,1.8389227268608186e-07,0.0020507401690850885,4.620834786779413e-05,1.1587164819294768e-05,0
0.23242481020815886,0.7651548775579203,2.760959593893727e-05,1.9916934262821916e-07,0.0023398382009191744,4.099824194870673e-05,1.1667025771463851e-05,0
0.2890285901368391,0.7069043950822912,2.84929820425745e-05,2.0554188896817485e-07,0.003968778568247673,4.870563552235228e-05,2.0832053167909934e-05,0
0.680171549549584,0.3135257657395022,3.916408395433972e-05,2.1456166121691908e-07,0.006191451572681969,5.321915796208231e-05,1.8635334654211495e-05,0
0.40946853634903474,0.5880525017525411,2.5787256560569165e-05,1.3832573936450755e-07,0.0023971836785923175,4.713516893665617e-05,8.717468595134117e-06,0
0.34055969312634815,0.6569746898712779,2.401577714491566e-05,1.3744173409723182e-07,0.002381863876159023,5.010907108769002e-05,9.490836248274338e-06,0
0.22452880583497262,0.7753348473661703,1.5986091203761136e-05,1.0487786720890456e-07,8.881919780548476e-05,2.9132477704740323e-05,2.3041542759325656e-06,0
0.2186724284758574,0.781175976430969,1.6055136185758198e-05,1.0566798409903153e-07,9.133895139737166e-05,4.048223427792029e-05,3.6131033284361305e-06,0
0.04673432287875645,0.9530622015290997,1.5257268210285988e-05,8.984298418621233e-08,0.00014349920183605888,4.043078857120882e-05,4.198490542004575e-06,1
0.013005252578436405,0.9531042600117143,2.1090423516440982e-05,1.4674161171780888e-07,0.033828454477813345,3.74382252986209e-05,3.357541609150386e-06,1
0.013105844955629675,0.9688971244720395,2.7805072211963326e-05,1.4602826812042094e-07,0.017928040280335036,3.822625062367376e-05,2.8129408922311747e-06,1
0.010186430091904196,0.9826750135076823,2.6839812828816446e-05,1.5100872931164555e-07,0.007065325068687298,4.1713254954001255e-05,4.527255213910468e-06,1
0.009371167024246037,0.9878403267000093,2.813869006681683e-05,1.5180248856159912e-07,0.0027084590219650447,4.62423662386557e-05,5.51439498559351e-06,1
0.011747931168393103,0.9848114323459198,2.262141843765388e-05,1.273652180752577e-07,0.0033765000009518373,3.888699261144213e-05,2.500708468286744e-06,1
0.009924556512186402,0.9856693801884292,2.2393999657399977e-05,1.2601615765228763e-07,0.004352889739187913,2.8560422589691255e-05,2.093121791758844e-06,1
0.9630820478575777,0.030795943989313724,1.0225263025121305e-05,2.0217901704420798e-07,7.99359065841346e-06,6.955600369132323e-06,0.006096631520038981,0
0.9680788599212867,0.028955273517407808,9.479862176579972e-06,1.8744057848358063e-07,7.325617078751703e-06,6.448551268827724e-06,0.0029424250902028133,0
0.988590887238787,0.010167193737843075,4.525121412500546e-06,8.947296484573364e-08,3.5521079864613134e-06,3.0326663842312966e-06,0.0012307196546220466,0
0.9894665664935113,0.009621094643374227,4.605833536424665e-06,9.106884534664965e-08,3.6628009655277438e-06,3.1330575426187996e-06,0.0009008461022246988,0
0.973562672168854,0.026075654960585563,6.157747310597571e-06,1.217540610353603e-07,4.877338929005085e-06,4.285657104576998e-06,0.00034623037315519554,0
0.9596674256865898,0.039825897245675555,8.031058389947415e-06,1.329148460678036e-07,5.576503676800758e-06,4.5726928832096915e-06,0.0004883638979382816,0
0.9684674786797621,0.031077207518816385,6.609629192659841e-06,1.3068889571990402e-07,5.1745006329361365e-06,4.496113120938242e-06,0.00043890286957907955,0
0.9414660316858546,0.05781683036069341,7.897818115261643e-06,1.475631319753082e-07,6.237400950926836e-06,5.076640445894281e-06,0.0006977785308080023,0
0.8411771655171468,0.1581177054470985,6.94679694897284e-06,1.521003487603677e-07,6.11926687678764e-06,4.980490747721646e-06,0.0006869303808324439,0
0.9018714621159868,0.09762971096229557,8.404546069044888e-06,2.1085298689688872e-07,7.0242773703111335e-06,5.7170816629966076e-06,0.00047747016362841336,0
0.8470895866872094,0.152707367238472,7.429993978400559e-06,1.958047121355355e-07,5.781495443709003e-06,5.431917942736026e-06,0.00018420686224169473,0
0.6948609851843642,0.3047705405688406,1.2755297096855576e-05,3.07500013719422e-07,1.0100008296692885e-05,8.214365921075077e-06,0.00033709707546707585,1
0.41033429341664673,0.5894952635511794,1.6851879575952503e-05,4.572381720080291e-07,9.664541531739563e-06,1.0852550453637838e-05,0.00013261682244049982,0
0.4925463376984794,0.5074099585004808,1.3658543141546704e-05,3.856643062482769e-07,9.002672361983146e-06,9.15374436772344e-06,1.1503176862468157e-05,1
0.4087626664115043,0.5911774987771637,2.2281077427764736e-05,7.282327204906846e-08,1.449849837750024e-05,1.0051665270498737e-05,1.2930746984032936e-05,1
0.29355857241092675,0.7063660075061904,2.1233824185817496e-05,2.740105303177619e-07,1.717656334722418e-05,1.2236491934978968e-05,2.4499192884329924e-05,1
0.19266774250542182,0.8072924371269639,1.6561127597618218e-05,1.9356240695774485e-07,9.67799897479731e-06,6.5607550374993685e-06,6.826923597345862e-06,1
0.3428667907611082,0.6570838050543105,1.3062436891499083e-05,2.094716632098675e-07,1.7533849827000166e-05,7.099995764763975e-06,1.1498430434604618e-05,0
0.25063671521088815,0.7492529986682723,1.0838604739885662e-05,2.0135184805140645e-07,8.531973154891949e-05,6.824776423148397e-06,7.101656279421173e-06,0
0.49008981391111284,0.5097537205819507,9.208207978366468e-06,1.71063502930669e-07,0.0001317637922935409,5.932333978461423e-06,9.390109183299901e-06,0
0.3278421221188142,0.6720319107495106,8.836077649183973e-06,1.6509360854626496e-07,0.00010230774246327438,5.595811402393382e-06,9.062406551692721e-06,0
0.10012102296085616,0.8997937804412914,1.502315827033055e-05,1.7669669189510196e-07,5.067527097350622e-05,6.219598973011418e-06,1.3101872943554744e-05,1
0.23886301074739716,0.7611079610277994,9.085224490230847e-06,1.346313897848453e-07,5.505922167651005e-06,4.63150645641513e-06,9.670940299252482e-06,1
0.1532939152046253,0.8466728527347845,1.006912118383391e-05,1.492098008418439e-07,6.81689785281043e-06,5.133081722251219e-06,1.1063750030442775e-05,1
0.4517384113225083,0.5482269211467543,9.67195213928646e-06,1.9014815641000595e-07,1.1557375472910972e-05,6.541626997071845e-06,6.706427971825611e-06,0
0.21749398363812297,0.7824154715198215,9.028769930037698e-06,2.0432349554377339e-07,6.857143667902099e-05,6.148100009805877e-06,6.592211941088504e-06,1
0.14858790664653937,0.851261460733868,6.281541827685941e-06,1.324175658601758e-07,0.00013337119390142898,4.464477541404e-06,6.382988756471598e-06,1
0.06692384553168367,0.9330410655946629,5.097626914207255e-06,1.0411751238621266e-07,2.2137054034321988e-05,3.5102976429985746e-06,4.239777549706114e-06,1
0.04627565401040649,0.9536911233469719,5.41536949266739e-06,1.0118210580096471e-07,2.072611894135499e-05,3.4113310947082515e-06,3.5686409871292366e-06,1
0.046022074449202276,0.9539437553957237,4.872072013754308e-06,9.951062068210844e-08,2.1722949559883404e-05,3.4234429354435777e-06,4.05217994414158e-06,1
0.06208417856156251,0.9378801277353371,5.212964199232964e-06,1.0967267302658237e-07,2.2805378700427404e-05,3.6975885881570993e-06,3.868098939357649e-06,1
0.06608544538329111,0.9338772613561844,5.179223856238256e-06,1.0896282859572904e-07,2.4664875764087893e-05,3.673656348753634e-06,3.666541726859574e-06,1
0.06633457880870272,0.9335955463411866,1.2946497286649711e-05,1.1939750305614944e-07,4.483454563008711e-05,8.239350655466654e-06,3.735059035503205e-06,1
0.13958265992887742,0.85990946632574,2.296361585089218e-05,1.6878508754730071e-07,0.0004620772031124081,1.5790953001872946e-05,6.873188329924652e-06,1
0.04373272213635576,0.9561855957598949,1.629925301637433e-05,9.940592643483157e-08,4.572127418444508e-05,1.6056174570306707e-05,3.5059960516804226e-06,1
0.1265817861200726,0.8729815674822239,2.4431327301754676e-05,1.385710925704956e-07,0.00038480667815854393,2.238243482060452e-05,4.887386330063728e-06,1
0.20270984199790726,0.7965207442342316,2.77810664093497e-05,2.435478651145129e-07,0.0006937233487622908,4.132260657590179e-05,6.343198248558385e-06,0
0.051293515401198704,0.9485616424997565,5.2523228782073186e-05,1.0864415972204163e-07,6.652475880540439e-05,2.2106685275432694e-05,3.578782021970222e-06,1
0.07738444825789083,0.9224659232268662,4.779374753739117e-05,1.1668752687209602e-07,7.144985612319537e-05,2.6939075654396167e-05,3.329148401192431e-06,1
0.06471523158539846,0.9351684297022681,2.819459099116203e-05,1.0624499177024489e-07,5.980396281280935e-05,2.520269542900323e-05,3.0312181084643146e-06,1
0.08373096668113664,0.9161430485809593,3.1068977592546974e-05,1.1578858023483916e-07,6.231285336626601e-05,2.9183617321783452e-05,3.3035010433264836e-06,1
0.08970949090084285,0.9101585415718998,4.1352079712729886e-05,1.1617567594163344e-07,6.252117302928684e-05,2.4663553779149894e-05,3.3145450605228994e-06,1
0.10515988930113061,0.894689745642688,4.486199727909411e-05,1.3076511708321267e-07,6.755995392395354e-05,3.233080158793317e-05,5.481538273311254e-06,1
0.15002079465803406,0.849285644843082,5.63801412806524e-05,1.6264631426772336e-07,0.0005899860028410107,4.021366674904075e-05,6.818041699198796e-06,1
0.433587764782817,0.5643470031189926,2.5000817440506768e-05,1.3410719162980418e-07,0.0019870102243678208,4.463533897835496e-05,8.45161021213684e-06,0
0.1695143683520935,0.8303164031083924,1.533649928685318e-05,1.0217102580401743e-07,0.00011959656833498964,3.197628150318786e-05,2.217019363299345e-06,0
0.03036461579189779,0.9695100397091612,1.4984565288854383e-05,9.156567937331008e-08,7.713400244566701e-05,2.8885301914249737e-05,4.249063612856374e-06,1
0.03466718959910602,0.9652142299561941,1.7436374171558592e-05,9.574459769482313e-08,6.586295393246775e-05,3.0955135595161e-05,4.230236403068468e-06,1
0.013065239410770521,0.9688825686611129,2.9424450339586536e-05,1.4602607432728542e-07,0.01798206009020378,3.618348672692768e-05,4.377874771734125e-06,1
0.008795819538407175,0.977409013089916,2.653747397451553e-05,1.3184220757820833e-07,0.013730519155218994,3.5439225308691975e-05,2.5396749669929865e-06,1
0.005939955811554355,0.9892499144564666,2.696563705036174e-05,1.5201910143261949e-07,0.004740724388763202,3.390552771427538e-05,8.382159349671118e-06,1
0.008810128927886745,0.9880523490761899,2.6986684050932193e-05,1.4896476145860483e-07,0.0030614336516948293,4.05806833342882e-05,8.372012081824607e-06,1
0.013485611722607078,0.9840717232260513,2.6874030898895046e-05,1.819619015278531e-07,0.0023564036310356456,5.3645079926235754e-05,5.560347579327406e-06,1
0.011515111268274331,0.980560804030235,2.279356352825754e-05,1.6177949264076642e-07,0.007861742587104523,3.6984402453506315e-05,2.4023689115856026e-06,1
0.010745104534499793,0.9890452568327384,2.5417742754395163e-05,1.3045995039580907e-07,0.0001449366050495095,3.7026536705656976e-05,2.1272883020242316e-06,1
0.9753163102609717,0.024297969230535323,6.122993698818769e-06,1.210668952332766e-07,4.849811793657948e-06,4.16508574176198e-06,0.0003704615503637935,0
0.9769961365044226,0.022545678885619987,6.179463843474987e-06,1.4122627199730723e-07,4.837735769621849e-06,4.300771335271834e-06,0.0004427254127369774,0
0.9718196669641782,0.02762949439348311,6.483375752092112e-06,1.2819254951837148e-07,5.068373470646543e-06,4.410230882441331e-06,0.0005347484696840974,0
0.9673781489868627,0.0321431515923313,6.809917909009667e-06,1.4144013139622415e-07,5.600185428155438e-06,4.8659897774386014e-06,0.00046128188756011353,0
0.9064398207792661,0.09307798100014002,8.947221794796073e-06,2.137685884444639e-07,6.6684668024314255e-06,5.751186894779965e-06,0.0004606175765135333,0
0.4485087485157265,0.5506758477794739,1.9389053401614894e-05,4.674241722266873e-07,1.5594491684053484e-05,1.2486481364937628e-05,0.0007674662541768075,1
0.430086012550769,0.5698029624360746,1.762376915821649e-05,4.781816744817867e-07,1.2139257242473686e-05,1.1349644596662167e-05,6.943416048460468e-05,1
0.3988694189119106,0.6010310988838546,1.7439164775609386e-05,4.7317284623402297e-07,1.2012101690875299e-05,1.1230760031461194e-05,5.8327004890684584e-05,1
0.35439339387020624,0.6455648211167111,1.3418128550832118e-05,3.6407099532720476e-07,8.502471526899141e-06,8.641227017733028e-06,1.0859114991698472e-05,1
0.373950825458086,0.6259966764286006,1.0268026726171214e-05,1.6465998297869028e-07,3.067677438201146e-05,5.5811137595423334e-06,5.807538462678795e-06,0
0.28942390844314647,0.7104736367900512,1.0059624384648395e-05,1.8688050806928074e-07,7.918772504201678e-05,6.42928306761972e-06,6.591253800127992e-06,0
0.30629905320071077,0.6935929662191512,9.820610300928886e-06,1.824402753435559e-07,8.535910941107003e-05,6.183772842648637e-06,6.43464730794082e-06,0
0.5351767350638824,0.4645657954608794,7.860632397506238e-06,1.4716304476747562e-07,0.00023850735078638976,4.961623512871257e-06,5.99270549661879e-06,0
0.43184645882510037,0.5678464049799383,1.0177561613228046e-05,1.656397353792468e-07,0.0002844633210290898,5.584567831020305e-06,6.745104752583065e-06,0
0.11143218533637617,0.8883603122388157,1.0873545817629737e-05,1.7578693204751008e-07,0.0001831072017849154,6.1875760678110836e-06,7.158314205712104e-06,1
0.10816918005759674,0.8916265866895855,1.3340838581147843e-05,1.9769193482000743e-07,0.0001756857859757659,6.958616721070837e-06,8.050319605067681e-06,1
0.07370875969896351,0.9261615686214535,1.0154923029312993e-05,1.5048127367720593e-07,0.00010794161166391039,5.296834735173355e-06,6.127828880738761e-06,1
0.10621663039167381,0.8937222835677051,1.2287448275791485e-05,1.4452030812005544e-07,3.285103099119375e-05,5.087012950397555e-06,1.0716028095627503e-05,1
0.10621905162416326,0.8937426561724615,1.2287728370997557e-05,1.4452360249367768e-07,1.0056550121856177e-05,5.087128910026329e-06,1.0716272369949586e-05,1
0.04439297967130751,0.955582539854507,8.303705798929198e-06,9.76650394503684e-08,5.399603370359899e-06,3.437740528980838e-06,7.24175944768472e-06,1
0.05432470929057363,0.9456513883114972,8.133456859772888e-06,9.566262727488689e-08,5.288896564515796e-06,3.2910985314908217e-06,7.093283346357467e-06,1
0.11497268667832497,0.8849962519569449,1.1313095031342757e-05,1.33061818661586e-07,5.479503126127601e-06,4.577511033781556e-06,9.558193720221161e-06,1
0.14073329256878783,0.8592316509792945,1.0733487014510651e-05,1.5905474077965666e-07,7.266680303725027e-06,5.471765112794797e-06,1.1425464745725458e-05,1
0.15872727323097974,0.8412343669370426,1.0908521850358547e-05,1.7635435415287765e-07,7.991134708323386e-06,6.207479130408096e-06,1.307634193446981e-05,1
0.16541415404712562,0.8345197565681294,7.587912339304597e-06,1.3905481845841582e-07,4.697136469187077e-05,4.688200767528225e-06,6.702852127642998e-06,1
0.1795017275829995,0.8204211137764337,7.63598930910823e-06,1.7280449492695872e-07,5.8574858962121176e-05,5.199692351227059e-06,5.575295449500645e-06,1
0.21256177111798052,0.7873446154113123,9.189410638772814e-06,2.0795883805329853e-07,7.013253563480661e-05,6.2574875731841225e-06,7.826078022426247e-06,1
0.18768656480156,0.812243589209863,6.589373637844424e-06,1.6300989733299568e-07,5.179389873957027e-05,5.227493714814326e-06,6.072212587422246e-06,1
0.1783700747294034,0.8215807671663058,7.276464336351796e-06,1.530855120907449e-07,3.125451807046025e-05,5.161242330454788e-06,5.312794041569144e-06,1
0.16743974961902283,0.8325121504146348,6.485548919962229e-06,1.36445879716876e-07,3.228639863080794e-05,4.60024100643459e-06,4.591331905453101e-06,1
0.10960245909996694,0.890311163490349,3.630481905384574e-06,1.1484555289815141e-07,7.599807635349495e-05,2.702444166057426e-06,3.931561706198281e-06,1
0.09157881591966055,0.9083387395388574,3.6548025984468895e-06,9.366784293474191e-08,7.259666587140932e-05,2.833856709636956e-06,3.265548459889267e-06,1
0.10473344109649907,0.8951516995673057,5.527555691509151e-06,1.271223891683458e-07,9.974208904614191e-05,4.28594988712433e-06,5.176619181236356e-06,1
0.10673837194664453,0.8931188113157565,6.273542107440707e-06,1.2813378948402883e-07,0.00012677723774712685,4.420018997507655e-06,5.2178049574660624e-06,1
0.09700368886013619,0.9028278137866742,6.356586554503819e-06,1.190050093152237e-07,0.00015316342339376064,4.012271241742978e-06,4.8460669903598424e-06,1
0.04856235663317238,0.9514056640962492,5.402391909045071e-06,1.0093962941206968e-07,1.9512694010984873e-05,3.403156059818215e-06,3.5600889692306955e-06,1
0.04708634542601559,0.9528831623030625,5.128945151878443e-06,1.1098833149249714e-07,1.8562212659009125e-05,3.3034510329356174e-06,3.3866737465698274e-06,1
0.056559738324853885,0.9434028247059021,6.146427835584773e-06,1.1484138107292957e-07,2.3253453031319838e-05,3.871850374254506e-06,4.050396621726337e-06,1
0.2532297023753815,0.7460389410178154,2.111236216788672e-05,3.044834330996352e-07,0.0006876202888794025,1.708917346695943e-05,5.230298855909884e-06,1
0.1257194731435578,0.8738508225520382,2.485050130156042e-05,1.3889621976489301e-07,0.00037946687893839273,2.0349174415914228e-05,4.898853528423454e-06,1
0.04326397158959565,0.9565917239502127,5.228786375330703e-05,9.913940157240737e-08,6.82710640283467e-05,2.038070151671558e-05,3.2656914915992128e-06,1
0.051325242836273474,0.9485067331996561,6.427389264902132e-05,1.1410729009596417e-07,7.403704198779114e-05,2.6343389075189965e-05,3.2555330682753756e-06,1
0.062187910889394016,0.9376932886144981,3.089375254432863e-05,1.0723821836169582e-07,5.771138537564821e-05,2.7028564652837243e-05,3.0595553164554924e-06,1
0.219987281880393,0.7798479088661288,1.555813225390042e-05,1.0239691850599785e-07,0.00011510999496050432,3.181680831347787e-05,2.22192103175552e-06,0
0.19623868509001954,0.8035415147442236,1.1899994400001599e-05,7.0667387646214e-08,0.00017812346607659518,2.7347339602206126e-05,2.3586982905558517e-06,1
0.0684602493460386,0.931342818120785,1.5423109683084942e-05,9.000300887389832e-08,0.00014084218216633564,3.787479380101866e-05,2.702444517132368e-06,1
0.027174811926772315,0.972685503361769,1.5284184763004e-05,9.654241372880141e-08,9.094937626755834e-05,3.061553182217453e-05,2.7390761921276786e-06,1
0.025107886911899042,0.9747808580124823,1.9548258294171685e-05,9.468422535586222e-08,6.0058342864149405e-05,2.889898440424934e-05,2.6548058308483257e-06,1
0.0126622209252501,0.9450750931472173,2.0912752996266894e-05,1.166522773536704e-07,0.042199109221766486,3.921804357678105e-05,3.329256915685655e-06,1
0.01795567364509293,0.9623413087460823,2.884338782014566e-05,1.7074559767956072e-07,0.0196247303373705,4.598406750191477e-05,3.289070534516068e-06,1
0.011397972381182649,0.9783801081715163,2.3103378753106192e-05,1.3904651026986383e-07,0.010157149882784395,3.884868788409825e-05,2.6784513690020637e-06,1
0.010092082927956124,0.9757581503525822,2.65121992962947e-05,1.393387918283649e-07,0.014083484462193908,3.545332973553444e-05,4.17738944417634e-06,1
0.006033816393905162,0.990134432311916,2.324323967808172e-05,1.2805363925845691e-07,0.0037669013782487956,3.7565590615111245e-05,3.913031997886853e-06,1
0.007912714461657677,0.9895884307106438,2.4180534993394657e-05,1.279830251177886e-07,0.002429606984698957,4.033367651808819e-05,4.605648463111768e-06,1
0.010226489458163946,0.9877380143171622,1.9874025685810588e-05,1.3996390194788107e-07,0.001981140360248486,3.2247215904793194e-05,2.0946589328366836e-06,1
0.010186860214786904,0.9837898122722758,2.0164359687860953e-05,1.1192077979366525e-07,0.005968202496431251,3.2739292719536753e-05,2.1094433189202038e-06,1
0.011187312023331779,0.9826222697925893,2.182695558516084e-05,1.1518392933671422e-07,0.006133484375319792,3.282072323587805e-05,2.1709460087237616e-06,1
0.9903451037446463,0.008738699879810264,4.507547618393219e-06,8.912548699507794e-08,3.584638836432905e-06,3.0661998426202293e-06,0.0009049488637589828,0
0.9894669081584707,0.009479893512431704,6.282208334557798e-06,1.3892337651406663e-08,3.88867851251219e-06,3.326266881304744e-06,0.0010396872830314026,0
0.9808566033926249,0.01617533808654085,6.237705620181934e-06,1.2263035123376935e-07,4.980390803139431e-06,4.156528673374597e-06,0.0029525612653866604,0
0.9671887526458199,0.032037220735898306,7.1660791739250875e-06,1.3389129395674663e-07,5.617470998390382e-06,4.6062857920884865e-06,0.0007565028910234375,0
0.9557329200360298,0.04303595884312692,9.872039072052439e-06,1.8444955090060508e-07,7.64963786492044e-06,6.3456504195487875e-06,0.0012070693439356949,0
0.902603963971925,0.09662322007624805,9.538092475687046e-06,1.5523238018448047e-07,6.561575258102625e-06,5.340486944183575e-06,0.0007512205647688149,0
0.9215871781630826,0.07783364549270207,8.400477610772288e-06,2.0070568074646052e-07,6.260972104724741e-06,5.399745066459173e-06,0.0005589144437527995,0
0.912836991426758,0.08651230634198392,8.839049164886495e-06,2.0954639273172475e-07,6.900441169035196e-06,5.59769323753684e-06,0.0006291555012939931,0
0.8547344288528717,0.14498713326959242,7.173611556093975e-06,1.8735861143533808e-07,5.844613044403331e-06,5.1573033109993075e-06,0.00026007499101289404,1
0.43835650329581516,0.5616016009855348,1.3312572402629485e-05,2.1680770692681102e-07,9.019399517475104e-06,8.573249234074064e-06,1.0773689788990746e-05,1
0.2469206620375213,0.7530093644017563,2.6058029023359437e-05,3.4682515158952575e-07,1.6690456719056713e-05,1.1755561920239999e-05,1.5122687908429881e-05,1
0.4395882105102377,0.5602973064099911,8.744867324166303e-06,2.1580769404717685e-07,9.06912834862063e-05,6.8761760459021195e-06,7.95494522102435e-06,0
0.11851322967616108,0.88133623639608,1.0587849123712607e-05,1.5428853136287723e-07,0.00012807807631378754,5.430847521365461e-06,6.282866268664625e-06,1
0.10251051837292435,0.8973054183908763,1.2182319492789094e-05,1.775235140937393e-07,0.00015822566016366672,6.248702531444537e-06,7.229030497225445e-06,1
0.09056944586574596,0.9093708290051493,1.3750637175646942e-05,1.6103655629467735e-07,3.358742591019204e-05,5.668373241205171e-06,6.557656221291757e-06,1
0.07723935748920602,0.9227320357763428,9.825343075398392e-06,1.155619496942869e-07,6.389069756265314e-06,3.975535979651995e-06,8.301223690078473e-06,1
0.07574809163930292,0.9242254510280425,9.4411579169461e-06,1.1104330992632592e-07,5.10841085909984e-06,3.8200867593494816e-06,7.976633809170787e-06,1
0.27228935085105027,0.727680451722502,7.767270557611326e-06,1.4512560821733341e-07,1.2247579364452467e-05,4.9189451335084e-06,5.118505783870508e-06,1
0.21688283665890293,0.7830685687003571,7.128912064305277e-06,1.6165290820528104e-07,2.89933031132689e-05,5.066728627907528e-06,7.244044026225716e-06,1
0.40121638582104957,0.5983276373441964,1.0752946961115736e-05,2.9949308085434347e-07,0.000427055191080581,8.189462157022615e-06,9.67974147444023e-06,0
0.31039582293813567,0.6891405667558945,8.138164577844802e-06,2.0132208756023548e-07,0.00044185088612590267,6.198039577325931e-06,7.221893601096923e-06,1
0.20168392439400087,0.7982380195383613,6.6203360146829995e-06,1.6377585387864588e-07,6.012915202133532e-05,5.042058837923882e-06,6.100744910023581e-06,1
0.16707676073765887,0.8328155045084183,6.53689992723228e-06,1.503369167671933e-07,8.861496938092264e-05,5.185865176580803e-06,7.246682521236165e-06,1
0.12184668056562253,0.8781063798429289,6.984888796232911e-06,1.469512154311375e-07,2.9753420662320544e-05,4.954425949500558e-06,5.099904824965414e-06,1
0.09737343721607145,0.9025868741516173,5.820989582919565e-06,1.2246458307014926e-07,2.5366210862003674e-05,4.128864851354959e-06,4.250102431983659e-06,1
0.10361155956221271,0.8962792447896615,6.30745239419296e-06,1.2882638920993238e-07,9.316996016196526e-05,4.3434004969946825e-06,5.246008683414632e-06,1
0.038727552900372636,0.961234976268649,4.919210375243618e-06,9.209616729525184e-08,2.5540903984562207e-05,3.168365056384849e-06,3.7502553947311996e-06,1
0.04100245407332934,0.9589544828998551,5.662935955790561e-06,1.0602000267999434e-07,2.9402382188301667e-05,3.574439659466624e-06,4.3172490091296555e-06,1
0.04633109351567448,0.9536210930164055,6.820267450871437e-06,1.1100104729159202e-07,3.261974248031233e-05,3.7423744166370047e-06,4.520082525166807e-06,1
0.05396871454436211,0.9459952240779494,5.92058225038598e-06,1.1062162618322039e-07,2.2399023458853956e-05,3.729582322474398e-06,3.9015680305851595e-06,1
0.09813200465865494,0.901826553353037,5.754119972268593e-06,1.302172849261262e-07,2.7402687774678196e-05,4.081433812163491e-06,4.073529464123689e-06,1
0.11026874443491315,0.8896886600346416,5.821058165572255e-06,1.3173211427133824e-07,2.772146569730433e-05,3.963823205392713e-06,4.957451262939055e-06,1
0.12045210555250874,0.8794976798568789,7.053607406970778e-06,1.596250356087768e-07,3.320475707670216e-05,4.803122031461796e-06,4.993479061808367e-06,1
0.08916547154232213,0.9107873095576704,6.8326644250719265e-06,1.977264479457962e-07,3.06625042318421e-05,4.652671908166527e-06,4.873332994417867e-06,1
0.26063781003578873,0.7387123779608009,2.060515378271832e-05,2.404753311533168e-07,0.0006044887885213421,1.7610254532764253e-05,6.867331242413744e-06,1
0.23655067306612396,0.762792655248815,1.8879168399779154e-05,2.1631052476522836e-07,0.0006082411823179259,1.981656828568989e-05,9.518455533019682e-06,1
0.11327461547613202,0.8862538859445034,2.260923285906687e-05,1.682848973032656e-07,0.0004277404849136368,1.412775688047023e-05,6.8528198139733785e-06,1
0.08417852352848948,0.9152802146870713,2.4050963773405926e-05,1.7282087142226437e-07,0.0004958200565019686,1.4180411636764435e-05,7.037531655715947e-06,1
0.043732771029222905,0.9561866647684774,1.5181278469344723e-05,9.940603756993858e-08,4.572132530049903e-05,1.6056192520993783e-05,3.5059999713586583e-06,1
0.1745609337257677,0.8245859756951481,2.7616277637339372e-05,2.417815276066043e-07,0.0007820253758805883,3.5422522543385664e-05,7.784621495005679e-06,0
0.05559574296754866,0.944317727054615,1.7080795430346412e-05,1.0389912997168433e-07,4.778790137904859e-05,1.7892710768561494e-05,3.664671128258192e-06,1
0.06278070279134819,0.9370703025003765,4.839469529283609e-05,1.2196938813542538e-07,7.468403408071799e-05,2.231416719973938e-05,3.479842313828077e-06,1
0.06617166579268065,0.933694419984921,4.2148215844291086e-05,1.2129031163737285e-07,5.911407577357064e-05,2.7609118867500962e-05,4.921521601376368e-06,1
0.1389187492500985,0.8600050589471138,6.0165909128903247e-05,1.7356755662726584e-07,0.0009646389192706907,4.275499307496578e-05,8.458413756748389e-06,1
0.146599483584697,0.8522308152553059,3.846802702949386e-05,1.6928676184798134e-07,0.001082907064200951,3.853031739427703e-05,9.626464610481951e-06,1
0.18125771069524763,0.8171090807049365,2.7935343100821916e-05,1.8108913422259578e-07,0.001552465047543094,4.1216582691310146e-05,1.1410537346518007e-05,1
0.4970740853386916,0.4969548986726351,3.685871916359784e-05,1.9442221690127313e-07,0.005862074745594313,5.314655437239829e-05,1.8741547325973883e-05,0
0.2736061721209039,0.722292308491873,3.119776018848439e-05,1.6340489640865588e-07,0.004023852260312859,3.448942615278242e-05,1.1816535672591077e-05,0
0.33361753797052696,0.662898099193572,2.526321009895129e-05,1.3334446066379826e-07,0.0034230031710758865,2.7559568354050507e-05,8.40354191137633e-06,0
0.19884007150685415,0.7976143329679426,3.52525864022343e-05,1.5924235301043717e-07,0.0034606310486417794,4.0860525365313954e-05,8.692122440988752e-06,0
0.22639854414720453,0.7703134711979215,2.9719808848805945e-05,1.4905143399803797e-07,0.0032127829473849717,3.719698831065063e-05,8.135858895723455e-06,0
0.23529983327902654,0.7645416616309696,1.501111081056092e-05,9.95049634154483e-08,0.00011185898955178529,2.9349372459783254e-05,2.1861122182579277e-06,0
0.213558491367464,0.7862830796756336,1.4309838039780786e-05,9.418118419877263e-08,0.00010587423720040981,3.6081551056500394e-05,2.0691494216958073e-06,0
0.20285960594589644,0.7969856513445991,1.3592941621340695e-05,8.946288106711952e-08,0.00010677238704443165,3.2322429094839196e-05,1.9654888627497585e-06,0
0.19623105586970752,0.8035102752603113,1.3784397276957281e-05,9.278540103499501e-08,0.0002151043567311517,2.734627641286261e-05,2.341054159265125e-06,0
0.044345951220312534,0.9554589892725437,1.4496204906706887e-05,9.006892386043974e-08,0.0001393437674368899,3.7673561097679377e-05,3.4559047787574385e-06,1
0.033454445352515946,0.9663701651067307,1.4950299978061794e-05,8.803539047721568e-08,0.00012078023067804757,3.619309570438408e-05,3.3778790021007064e-06,1
0.011400292334502586,0.9757344114760064,3.0312277488261322e-05,1.4576642481882848e-07,0.012794183331293294,3.2617420370897796e-05,8.037393913980205e-06,1
0.005670004461890361,0.9888730647732471,2.2482589558907135e-05,1.2386300071960743e-07,0.0053942031045628456,3.6336232256551894e-05,3.784975483530406e-06,1
0.006827284491965206,0.9907312407269473,2.8542800171799516e-05,1.2813082422141835e-07,0.0023714973214096144,3.558318340203767e-05,5.723345279833717e-06,1
0.011649941161976879,0.9863914013546699,2.6601715470786378e-05,7.492000246362121e-08,0.0018878529209376263,3.952335651376565e-05,4.604570428537727e-06,1
0.9892089809149341,0.009758569470837402,4.956682167665871e-06,1.4082165504533484e-08,3.941814241865547e-06,3.3717176986436814e-06,0.0010201653179546506,0
0.9826865665147241,0.016058050919588975,6.612366263534931e-06,1.299960028187359e-07,5.249689305846176e-06,4.406185807216108e-06,0.001238984328307587,0
0.9757927705528534,0.023103930524370663,6.4986324761203155e-06,1.2776005018694202e-07,4.9931621701307434e-06,4.3953515316891095e-06,0.0010872840165479672,0
0.9772552343950995,0.021569528005676818,6.55710305494308e-06,1.2890955419602484e-07,5.104049323428897e-06,4.434898120780237e-06,0.0011590126391703742,0
0.9674564777407123,0.03177962746054169,7.326275678315859e-06,1.4485878862947064e-07,5.661420939779537e-06,4.9099566499724635e-06,0.0007458522866894006,0
0.9470610173024718,0.05205450127407725,9.828397971242906e-06,1.8363415892470474e-07,7.615821283079256e-06,6.3175983456418304e-06,0.0008605359716919751,0
0.9571342353922226,0.04217243486741807,7.728540916302099e-06,1.4440035039615175e-07,5.717392441072467e-06,4.967830713603143e-06,0.0006747715759376899,0
0.933337132904243,0.06577528701351847,8.250996420334296e-06,1.541619287672403e-07,6.149562062715563e-06,5.303660015347207e-06,0.000867721701811158,0
0.9062610979883031,0.09332566869027989,8.28435633452928e-06,1.9639634915721345e-07,6.17442558856116e-06,5.325103442785293e-06,0.0003932530397019065,0
0.8956308285703998,0.10391928487188648,8.70984524638213e-06,2.0809714642055193e-07,6.491547344181847e-06,5.59860356492886e-06,0.0004288784644117601,1
0.8928641165575658,0.10674025141713478,8.576229620836531e-06,1.2980584258968067e-07,6.391962089264486e-06,5.512716744170417e-06,0.00037502131100240906,1
0.8822562396406805,0.11736692463500269,8.435632689905632e-06,1.920021927679442e-07,6.872829462773846e-06,5.927438481353832e-06,0.0003554078214900499,1
0.6042284621564227,0.39573599576091134,1.1136651160121645e-05,3.144558536797953e-07,7.248115956200237e-06,7.4636113658546635e-06,9.379248329993085e-06,1
0.22127848855450177,0.7786830453380087,1.396559036497081e-05,2.1493419502447656e-07,9.419731776758402e-06,7.2851470742743e-06,7.58070407860479e-06,1
0.22499489761025707,0.7749683295548774,1.3376533509420272e-05,2.0586845145312204e-07,8.846947916820012e-06,7.0825286315786715e-06,7.2609563564746486e-06,1
0.5073140891420072,0.49266130725829954,9.335477771553024e-06,1.4367551586150486e-07,5.114133556315467e-06,4.942894103313623e-06,5.067418746295462e-06,1
0.4218230979083693,0.5781460573464672,9.86193762542512e-06,1.9499516544085066e-07,7.301037480197383e-06,6.609318069873771e-06,6.877456822528103e-06,1
0.6103205851524399,0.3896563582456909,6.340978095667868e-06,1.2537699180269005e-07,7.854848098273878e-06,4.313366753943639e-06,4.422031929417354e-06,0
0.4554984735077366,0.5444654501014987,9.511156229163882e-06,1.8805934015017057e-07,1.3274505489280986e-05,6.469838635535996e-06,6.632831070615705e-06,0
0.28298702731613073,0.7169557720195538,9.189232378447642e-06,1.7991681657653893e-07,3.3663710630998504e-05,6.568641446585463e-06,7.599163042848209e-06,0
0.4582993598592874,0.5416675105342563,9.065984757491477e-06,1.684213816386525e-07,1.2026683874340833e-05,5.928313886571209e-06,5.940202556261423e-06,0
0.16614663524890233,0.8337399432293711,1.3405831485968078e-05,1.9865503567947225e-07,8.473497945924753e-05,6.992517192280507e-06,8.089538553163193e-06,1
0.04614168576663536,0.9538291961740406,8.03228767884854e-06,7.064242259528595e-51,5.293834014687738e-06,3.3253732204206787e-06,1.246656441018365e-05,1
0.05176717296384449,0.9482095207424074,7.93061580074589e-06,9.327689634011897e-08,5.156996266926882e-06,3.2090215102439866e-06,6.916383274129888e-06,1
0.10316312105762757,0.8968016000712706,1.2116972403116494e-05,1.4251522257804052e-07,7.879234478040252e-06,4.902776359398188e-06,1.0237372638583334e-05,1
0.20059939644659824,0.79935219003643,1.3786180879716424e-05,2.2287648671641322e-07,1.0645204730859353e-05,7.845006983788368e-06,1.5914247890786034e-05,1
0.3268398223974887,0.6731120323513244,1.5437597335232857e-05,2.375914499296467e-07,1.3936621737427223e-05,8.173808636786938e-06,1.0359632027527064e-05,1
0.3877228840795281,0.6122236252278708,1.6961176007980687e-05,2.6103999947264355e-07,1.6038630516536505e-05,8.847793651511002e-06,1.1382052425721595e-05,1
0.3262702817022322,0.6736978423758706,8.778725719802608e-06,1.7258754873995026e-07,1.0987783207463057e-05,5.8497510770612995e-06,6.08707434408505e-06,0
0.2760650266228046,0.7238987460394173,1.1883839050024553e-05,1.8289753834826913e-07,1.1417713288666233e-05,6.292185510214398e-06,6.450702390782338e-06,0
0.15962089762717405,0.8403502107333394,7.331270860877748e-06,1.36979281820987e-07,1.1973975780729147e-05,4.618224533949979e-06,4.831189029169625e-06,1
0.17785050640261238,0.8221124838217873,7.172163724153609e-06,1.340064846437106e-07,2.045926802389764e-05,4.517997370571381e-06,4.726339997127147e-06,1
0.20980064969690726,0.7901599980406188,7.74590927253417e-06,1.4195024395686568e-07,2.1672071279928732e-05,4.7858193628033884e-06,5.0065123146768435e-06,1
0.40828543945921536,0.5911912619567612,1.1356548741239327e-05,3.16304710019082e-07,0.0004929490861205319,8.453544100244733e-06,1.0223100351428686e-05,0
0.18224397305544887,0.8176633805037609,7.241769361151702e-06,1.5235558368046631e-07,7.48282208207223e-05,5.136632964369915e-06,5.2874620604042564e-06,1
0.10198827434812463,0.8979649990346312,6.2140891070741915e-06,1.2950047198980393e-07,3.0903899771826645e-05,4.366078205045631e-06,5.1130496884746305e-06,1
0.08043775829280006,0.9195179545616642,6.846137820393901e-06,1.279149358523055e-07,2.862615834306969e-05,4.312622224021955e-06,4.374312212423004e-06,1
0.07943355378555743,0.9205242019496109,6.420274371578812e-06,1.1995799762433844e-07,2.7428819490903924e-05,4.0443559077512556e-06,4.230857063780187e-06,1
0.14620647659153518,0.8536896289069211,5.90220582272374e-06,1.3573857007004012e-07,8.785129740017229e-05,4.6823485110372385e-06,5.322911239519671e-06,1
0.10369920371276693,0.8961920910265329,6.3052899148564435e-06,1.2878222170976687e-07,9.26850670655098e-05,4.341911383286332e-06,5.244210114885202e-06,1
0.06548542575916187,0.9344815468184362,5.579460579724603e-06,1.0424802434153693e-07,2.0152241612875214e-05,3.514697823128297e-06,3.6767743619040994e-06,1
0.043134578508317686,0.9568374239497283,4.7116323240120625e-06,8.820994542735751e-08,1.705191195841552e-05,3.034668183548433e-06,3.1111195426563253e-06,1
0.11820374783141818,0.881648287150723,7.674690390132161e-06,1.5675150432766734e-07,0.00012891380988382085,5.3927496399152405e-06,5.827016440630053e-06,1
0.2817407000881439,0.7180802378404574,8.768070790414203e-06,1.9842157278526787e-07,0.00015730835215720823,5.970578110887705e-06,6.816648767376395e-06,1
0.3284639841924362,0.6713272584595097,1.0222149176884107e-05,2.313273883623788e-07,0.00018339603784663764,6.960726205410787e-06,7.947107436988764e-06,1
0.2476896539757311,0.7521020450811814,1.1316159840421015e-05,2.560848659981852e-07,0.0001817099128263903,7.705687814061601e-06,7.313097740813396e-06,1
0.2668973972010947,0.7326052604046008,2.1057471092207604e-05,2.4944636325251237e-07,0.00045238631676529557,1.6525640197354942e-05,7.1235198864465244e-06,1
0.25981718776927304,0.7395720530891885,2.140636781016466e-05,2.407551838637235e-07,0.0005662868395761186,1.594985588205346e-05,6.875323086118596e-06,1
0.19729462830389075,0.802057865924485,1.8343796450019207e-05,2.0325703880176802e-07,0.0006060603666326763,1.709387498483633e-05,5.804476517859373e-06,1
0.11772854903157219,0.8817692103767089,2.236130669301165e-05,1.664395348509671e-07,0.00045896233560044776,1.3972836073551714e-05,6.77767381703769e-06,1
0.05357427253931071,0.9463374026190431,1.9502361371353134e-05,1.2205340938404849e-07,4.6010178583954816e-05,1.8385487119284807e-05,4.304761162053487e-06,1
0.04299677984387959,0.9569198930327097,1.715150433720633e-05,1.0460363899365285e-07,4.7056776530022614e-05,1.5324922196139942e-05,3.689316708331048e-06,1
0.04794143920482868,0.9519768344774824,1.5892534920155205e-05,1.0406329918422867e-07,4.681370038174548e-05,1.524575988765271e-05,3.6702592003297635e-06,1
0.048732036379045524,0.9511859629726185,1.5945881375879145e-05,1.0441260835424522e-07,4.697083988197218e-05,1.5296935314286068e-05,3.682579155636419e-06,1
0.13028865695274683,0.8692808941755027,2.1326251466103134e-05,1.36019272793343e-07,0.000382218960132692,2.1970256935761825e-05,4.7973839430990934e-06,1
0.0569496592933034,0.9429188967109214,4.248919784673497e-05,1.150683699800428e-07,5.608164617861844e-05,2.6192828279366714e-05,6.56525510011626e-06,1
0.10593060562985046,0.8939141422677312,4.618632045712811e-05,1.346252946485198e-07,7.159211113861181e-05,3.0778466678589255e-05,6.560578849357846e-06,1
0.12415302428568833,0.8756678607893958,3.0778404912488226e-05,1.385150481234718e-07,0.00010308819771448023,3.152620265277003e-05,1.3583604587999036e-05,1
0.2938894980250638,0.7040708194364315,2.6442266633330143e-05,1.9074849463962028e-07,0.0019514179274835034,4.42412572571514e-05,1.7390338636170193e-05,1
0.5956232889652663,0.40271644579210386,2.203206532454638e-05,1.9736542228785675e-07,0.0015439829214926354,4.776521858305426e-05,4.628767180739592e-05,0
0.4876535184168626,0.5060052517154219,4.053186896073619e-05,2.271214247420913e-07,0.006224418135865297,5.415911738011297e-05,2.1893624084679624e-05,0
0.25147884243614804,0.7452940946658643,2.9912697375188684e-05,1.528639940099846e-07,0.00313504061916487,5.23230290799359e-05,9.633688373768661e-06,0
0.2372027937844689,0.7610750575684078,2.696258471355412e-05,1.4133540457164371e-07,0.001632415190868362,5.286982821635829e-05,9.759707920478657e-06,0
0.2183293328116129,0.7815523445099454,1.4593101119072299e-05,9.673407992895676e-08,7.370685181785562e-05,2.4140498932441944e-05,5.785492492672149e-06,0
0.2130763065986618,0.7867543589776288,1.3985083135754295e-05,9.230973085757595e-08,0.0001202458235334211,3.300816917695543e-05,2.0030381325989374e-06,0
0.04701629197440056,0.9527856480000396,1.5208931571694484e-05,9.023224968750164e-08,0.00014155681404436163,3.774187617529903e-05,3.4621715185167836e-06,1
0.013133951895909006,0.9648985865332425,2.3369863667717987e-05,1.2192167604947987e-07,0.021899765568451236,3.8790005255152426e-05,5.414211797969265e-06,1
0.01248088676171995,0.9638448468682352,2.2175456038968697e-05,1.1292835216768806e-07,0.023611483265040402,3.795654461115945e-05,2.5381760020728424e-06,1
0.010901305516113234,0.982854801087381,4.076935195306922e-05,1.4364236331923388e-07,0.006152225270696096,3.551668323489121e-05,1.5238448258411481e-05,1
0.005451000884488723,0.9901069077445573,2.284807837481475e-05,1.2511705893375098e-07,0.0043793700548762195,3.5924823954385024e-05,3.823296689765342e-06,1
0.0063998002378616616,0.9896468910828536,2.5734180583040977e-05,1.4530033506781434e-07,0.0038905200855432645,3.400769422825476e-05,2.901418594861679e-06,1
0.005507872310351836,0.9911807465237464,2.886221848756414e-05,1.258438447921974e-07,0.0032435774666926065,3.500846065415927e-05,3.8071762227344624e-06,1
0.9842439506348508,0.014328071121448434,8.916453380866369e-06,1.4414762841163684e-07,5.612439971301518e-06,5.0738953488153364e-06,0.0014082313073714866,0
0.9751986418376485,0.02294367482074773,6.494675668609394e-06,1.2768226121702674e-07,5.148322428246945e-06,4.4943255712373e-06,0.0018414183356745236,0
0.9221579329747568,0.07677568566314866,1.0214755493617348e-05,1.6624506549067617e-07,6.974888407016743e-06,5.719358298396183e-06,0.0010433061148298311,0
0.9195326819231087,0.0800252676753804,7.881122336314715e-06,1.4725118741084482e-07,5.873890674777142e-06,5.065908562044752e-06,0.00042308222875027905,0
0.8960736429156331,0.10327554989391437,9.77169769579814e-06,1.8257476883665948e-07,7.608889083973683e-06,6.1883314698958324e-06,0.0006270556974339084,0
0.7157204672580885,0.28421792211394553,1.157532743285142e-05,3.2684237094130973e-07,7.533621576001333e-06,7.873963884055068e-06,3.4300872702124853e-05,1
0.7091944700296977,0.2907695989550533,1.1900818266299599e-05,2.0169748884425633e-07,7.745462215489127e-06,7.975744341654879e-06,8.107292936875266e-06,1
0.6161948983856056,0.3837584545267155,1.3672173031481852e-05,2.317187697339324e-07,9.084395060704334e-06,9.162878909155392e-06,1.4495921907916522e-05,1
0.46955343040158753,0.5304240355693107,7.182015808014553e-06,1.341890546300194e-07,5.93668350550904e-06,4.548308372365751e-06,4.732832361188808e-06,0
0.6058803579944011,0.3941003564199159,6.204178646259539e-06,1.1591910816574381e-07,4.889048940132816e-06,3.987985515682058e-06,4.088453472748777e-06,0
0.4451385951752801,0.5547513904464958,1.089373506904717e-05,2.023760198822605e-07,8.481811054181878e-05,6.9623778925030015e-06,7.137778700864923e-06,0
0.5427673211526383,0.45709548959331114,7.928217533533458e-06,1.4813111585452012e-07,0.00011418518263611185,5.020871458604579e-06,9.906851306492986e-06,1
0.2404195968218837,0.7594421481050583,8.297434039011852e-06,1.5502957098861449e-07,0.00011603795035013654,5.254693071919468e-06,8.509966025968948e-06,1
0.20399146019715328,0.7958786322312557,9.200127213714665e-06,1.7189552436053112e-07,0.00010867733101814125,5.795482668710313e-06,6.062735166293071e-06,1
0.7503903105696965,0.24947438067270578,5.407659605722268e-06,1.1701828560416362e-07,0.00012280005963105915,3.413309475948487e-06,3.570710599308783e-06,0
0.31419412356685844,0.6855430571535475,1.0057530518225345e-05,1.8829233311729542e-07,0.00022607340726254482,6.627757368414645e-06,1.9872292111987575e-05,0
0.22092735243111705,0.7788661341381049,9.921829129251297e-06,1.8575179584615524e-07,0.00017690425360908555,6.538332247700664e-06,1.2963263996209194e-05,1
0.20194977180574017,0.7979564869373508,1.0977491982731278e-05,1.5996649520346347e-07,7.045900889769444e-05,5.630707845251271e-06,6.5140816880713605e-06,1
0.17052423578734413,0.8293609784013198,1.3759045832098641e-05,2.0388916148558232e-07,8.534344140676825e-05,7.176754730285015e-06,8.302680205252756e-06,1
0.11750458736440886,0.8824175729492992,1.0616901580771809e-05,1.4403916951530386e-07,5.614317183889146e-05,5.070077210741685e-06,5.865496492320052e-06,0
0.09286669592759683,0.9070886615562925,1.4026295810044282e-05,1.6497197357439695e-07,1.254319096202815e-05,5.6755598927442515e-06,1.223249747257512e-05,0
0.04319678305795698,0.9567796536714461,7.968793209355414e-06,9.3725924546109e-08,5.251986760731386e-06,3.2990864616616194e-06,6.9496782410014026e-06,1
0.11691070831415576,0.8830535765546308,1.1575522650067168e-05,1.4853107390593336e-07,8.211832654852848e-06,5.109732312162435e-06,1.0669512522785746e-05,1
0.17668334470631752,0.8232805263267189,7.971514958411566e-06,1.5176164486226288e-07,1.1883244814810014e-05,5.2208696813889235e-06,1.0901575863929668e-05,1
0.2578389394562406,0.7421166757623336,1.5174968633944393e-05,2.054683631940395e-07,1.3081139672307032e-05,6.9642264906803906e-06,8.958978265500834e-06,1
0.2486378127477506,0.7513280553495861,1.1386114435959443e-05,1.6838977194801773e-07,1.084529966964334e-05,5.7930778767622e-06,5.939020909182458e-06,1
0.43421334292959973,0.565361252288407,1.2285976767463299e-05,2.7803183752445125e-07,0.0003957770489013745,8.366080260082616e-06,8.697644226918934e-06,0
0.25386248209023343,0.7460691060966933,6.2835649306341896e-06,1.5544471000174826e-07,5.1197509429207726e-05,4.984889002631098e-06,5.790405000946884e-06,1
0.1686480456353266,0.831281601172137,6.859562703712923e-06,1.5775757908597235e-07,5.028965134643432e-05,5.44184058923154e-06,7.604380318143668e-06,1
0.1677656028221466,0.8321849706081287,6.534752401625934e-06,1.374810445770274e-07,3.237940131030014e-05,4.635141348225559e-06,5.7397936198159734e-06,1
0.09315324306967353,0.9068030821767523,6.751471078669077e-06,1.261461589867558e-07,2.8230322733338808e-05,4.252988324595909e-06,4.313825278723886e-06,1
0.09985643666825203,0.9000635330990809,4.8860880007676035e-06,1.0573181058879416e-07,6.872800517950931e-05,3.084093986923704e-06,3.2263136893887525e-06,1
0.14864726427054248,0.8512331034817108,7.0783454766238735e-06,1.4457147392399563e-07,0.00010175299967105477,4.9870425577430715e-06,5.669288567478528e-06,1
0.05440461144233027,0.9455636466292962,5.362296697837234e-06,1.0019048054825943e-07,1.9367875641496638e-05,3.377898680626012e-06,3.533666872954969e-06,1
0.05455569600062268,0.94541440882423,5.03937304386464e-06,9.415689496076996e-08,1.820151996886826e-05,3.2392598364599178e-06,3.3208654032047467e-06,1
0.12652317049965395,0.8733415648500955,8.523231569206159e-06,1.5924838057139982e-07,0.00011597621216362902,5.478650113547407e-06,5.127308023539436e-06,1
0.13404458613913378,0.8657930176131194,9.832795575789714e-06,1.837163239341599e-07,0.00014014421022515662,6.320425082948458e-06,5.915100539062945e-06,1
0.2798542948126435,0.7199800354600879,8.57972820387663e-06,1.9415937724231133e-07,0.00014526551234947881,6.085655662245244e-06,5.5446716756723336e-06,1
0.2516691313740111,0.7481219549881146,1.0551271080773068e-05,2.1375321906154125e-07,0.00018414498690912077,7.1848402758995235e-06,6.818786389698118e-06,1
0.10090863232246192,0.8990168783771092,9.626091819598243e-06,1.5411757863023948e-07,5.525049680991069e-05,4.637402488471223e-06,4.821191732309883e-06,1
0.10348901927573508,0.8959878756011448,2.3111578119872313e-05,1.6817398794530445e-07,0.00047885862171603713,1.4118445881859224e-05,6.848303414355998e-06,1
0.04621888322530253,0.9536993781218576,1.5894933618901943e-05,1.0407900570975062e-07,4.682076608680764e-05,1.5248060967078952e-05,3.670813161430888e-06,1
0.06052138357896906,0.9393478956547124,2.6154911926061825e-05,1.3283680353386934e-07,7.531986063834686e-05,2.33211118043548e-05,5.792045146116507e-06,1
0.06570774498953959,0.934151957304849,3.884652117687788e-05,1.1565288536638602e-07,7.23389211922443e-05,2.264820177266193e-05,6.348408584134586e-06,1
0.05015209219260467,0.9497300453918827,3.005942202014753e-05,1.1356855618976915e-07,5.624818059105058e-05,2.8201081601452575e-05,3.2401627440380367e-06,1
0.09153941379169764,0.9083262649574062,4.44139104843025e-05,1.2057922128762964e-07,5.5459828555119715e-05,2.744725451307265e-05,6.879678122354187e-06,1
0.29591065975286157,0.7010184244267975,2.6837483742655908e-05,1.44507963796843e-07,0.0029989661921992956,3.707977939652629e-05,7.887857038496552e-06,0
0.20059396684921224,0.7991610722425714,1.7865703992722762e-05,1.0301312658497802e-07,0.00019350906129562414,3.0884021474664865e-05,2.5991083269631105e-06,0
0.1538500500348084,0.8459077370924923,1.4792551287372604e-05,9.854727020950479e-08,0.0001966936984523334,2.814164469645618e-05,2.486430992750381e-06,0
0.13120289661673484,0.8685574579583768,1.3154458606963706e-05,7.731342373091724e-08,0.0001887575206108736,3.5510911347396146e-05,2.1452208995270937e-06,0
0.06624698548009932,0.9265666311102316,2.486040514597123e-05,1.1640720358872854e-07,0.007120777283714218,3.8181970132323446e-05,2.447343473060596e-06,1
0.01125580656785123,0.9733713335123693,2.2922471119707084e-05,1.3795772687700432e-07,0.015307562788649956,3.957922413641649e-05,2.657478146707657e-06,1
0.00826023622701368,0.9837852240617664,2.8532626663700133e-05,1.32882624508362e-07,0.00788746474021504,3.348934137083199e-05,4.9201203463346615e-06,1
0.009070438941885252,0.9804771460184364,2.4196953014841397e-05,1.3243579314545408e-07,0.010385997205713317,3.804150436555847e-05,4.04694079172343e-06,1
0.01235456314757714,0.9847134202823974,2.6753673386913765e-05,0.0,0.002869166043056141,3.3689341823652935e-05,2.4075117588048565e-06,1
0.88942990427395,0.10986011245323696,9.776305215402418e-06,1.8302736590648843e-07,7.282206761220279e-06,6.170794329618445e-06,0.0006865709391408088,0
0.9431080891803314,0.05609198503397852,8.57533098241691e-06,1.602218079756848e-07,6.343827776747259e-06,5.4019016185957204e-06,0.0007794445035043354,0
0.8405816770133662,0.15885302018846942,8.595523045422501e-06,1.7912710240112925e-07,7.552087635755883e-06,6.03929637681949e-06,0.0005429367640037294,0
0.7599609885786377,0.23935434617040205,1.37024217346069e-05,2.560165652457729e-07,1.0669610379503079e-05,8.677624940292071e-06,0.0006513595773404237,1
0.48934593500688434,0.5095049937997131,2.2065455163288146e-05,3.139829969249744e-07,1.6169127529252472e-05,1.3973861537209415e-05,0.0010965487661757584,1
0.5240699315325046,0.475601656063374,2.045803483349549e-05,2.911100197426982e-07,1.2624067654245177e-05,1.2955896172144594e-05,0.0002820832954418282,1
0.6984614690257516,0.3015081121048177,1.0065921873618674e-05,1.7059929152608129e-07,6.579031828622124e-06,6.746025158152191e-06,6.857291278887974e-06,1
0.5169546645983167,0.483010011353543,1.1588797653614004e-05,3.27222717753673e-07,7.630168392531349e-06,7.883126824145543e-06,7.894732552136951e-06,0
0.7541446221529564,0.24582723215548952,8.037776403953847e-06,1.5801889405717331e-07,5.919823194220807e-06,5.356015517165986e-06,8.674057544715065e-06,0
0.32092136697833423,0.6789283066359612,9.449572035320217e-06,1.7655616082922978e-07,0.0001250560257065817,5.952616706841817e-06,9.691615094791167e-06,1
0.24912202964229105,0.7507557954036074,8.242500678763943e-06,1.540031940108458e-07,0.00010315453533213704,5.1922401420058184e-06,5.431674754327643e-06,1
0.10572394043079858,0.8941954761196341,1.2463421335945929e-05,1.459617053342774e-07,5.689253230253664e-05,5.137749116067248e-06,5.943785107427283e-06,0
0.051690539987178694,0.9482826316409191,8.213490144149886e-06,1.0539123454229251e-07,6.985144727240818e-06,3.7096971487886597e-06,7.814648647509686e-06,1
0.05609330998426672,0.9438800438018731,8.525847829774282e-06,1.0939924593927165e-07,6.048352004083416e-06,3.8507763240754754e-06,8.111838456307662e-06,1
0.06151024080472359,0.9384589976771402,1.0437133308673349e-05,1.3392385516412468e-07,5.856403635927791e-06,4.713833014395281e-06,9.620224322072261e-06,1
0.22498313036386436,0.7749749303634672,9.121569346274788e-06,1.8945248192348073e-07,1.250170749666411e-05,6.517501308290942e-06,1.3609042035443534e-05,1
0.18734224556162962,0.8126214615277285,9.771742402952953e-06,1.579764283429853e-07,9.088941955817312e-06,5.560596372831263e-06,1.1713653482059126e-05,1
0.24553210715337048,0.7544312176285696,1.3125490372955357e-05,1.690852614678821e-07,1.0678303312832367e-05,5.8170046563072785e-06,6.885334456498648e-06,1
0.24942881982039067,0.7505384990528026,8.406118795488805e-06,1.5706200703244732e-07,1.325492736877527e-05,5.323522186341777e-06,5.539496449296353e-06,1
0.18419521359984606,0.8157680234647803,7.107225095287921e-06,1.3279315520693727e-07,2.0362280381670707e-05,4.4770902516393856e-06,4.683546490066945e-06,0
0.2214984726168082,0.7784651658492494,6.606872693802896e-06,1.3899834354939887e-07,2.002696587490068e-05,4.686296729144409e-06,4.902400300990041e-06,0
0.23807981776221146,0.7618425636539015,7.574699615185994e-06,1.7141749264425164e-07,5.913730701746754e-05,5.37278250634271e-06,5.362377255436589e-06,0
0.49924204667997707,0.5001724059857039,1.3238614255529426e-05,3.34153199087149e-07,0.0005493445047985125,1.0054792672729796e-05,1.2575269392994083e-05,0
0.5152120313583801,0.4843084071242656,1.3963223447155676e-05,3.159879549063124e-07,0.00044388245986038197,9.50819379357263e-06,1.189165229823761e-05,0
0.13708843692344677,0.862850910372552,6.049603096223465e-06,0.0,4.424684393912371e-05,4.690734413989582e-06,5.6655225518364895e-06,1
0.11103613417281666,0.8889037185270304,7.221406908896204e-06,1.3492655651237037e-07,4.34831588483367e-05,4.5490173790015226e-06,4.758790460137502e-06,1
0.1036840006007278,0.8962543382314716,7.290946716988313e-06,1.3622585552221299e-07,4.483655621590123e-05,4.592822942035746e-06,4.804616069956116e-06,1
0.11196255442157041,0.8879535716887458,5.131315223323028e-06,9.587368744830095e-08,7.203285160703758e-05,3.2323953521128255e-06,3.381453813747271e-06,1
0.1556589245140275,0.8442181628626704,7.4370767467946165e-06,1.518983709569938e-07,0.0001041272531115675,5.239786382842156e-06,5.956608689884601e-06,1
0.10937962498001368,0.8905306799070077,6.948765864835267e-06,1.500657289452147e-07,7.363988574004299e-05,4.3772712271354045e-06,4.579124417787669e-06,1
0.04748165727898218,0.9524905005262105,4.693306036912066e-06,8.769089323011945e-08,1.695157369920628e-05,3.016811340072025e-06,3.092812837820923e-06,1
0.04131253283356992,0.9586620032240727,4.292408526599433e-06,8.020042478494315e-08,1.5503587218366388e-05,2.759118330963773e-06,2.8286278567449504e-06,1
0.18812955153855257,0.811715138343215,9.786327028429633e-06,1.8284810384011316e-07,0.0001331632410237943,6.290555553978895e-06,5.887146522586099e-06,1
0.08008733632484859,0.9198753379508834,5.405028437815013e-06,1.2231724946869403e-07,2.429145276979662e-05,3.680529645680403e-06,3.826396165178557e-06,1
0.09596883013767711,0.9035522349179489,2.406528381098791e-05,1.7064834051525437e-07,0.00043374779966238715,1.4002149704039183e-05,6.949062856170624e-06,1
0.09389177259597294,0.9055795223841806,2.335899005474434e-05,1.6997430861301843e-07,0.0004839848548756432,1.426958536679181e-05,6.921615240556201e-06,1
0.05262973391243114,0.9472763180542072,1.6151766797472366e-05,1.2830737306461214e-07,5.3483723751436674e-05,1.9495695617603875e-05,4.688539822284454e-06,1
0.2029179756363264,0.7961622490774644,2.7669655797264592e-05,2.7932284944035147e-07,0.0008353335779659294,4.610929600258433e-05,1.0383433593914664e-05,0
0.05988718560475623,0.9399609553862438,6.695106641230342e-05,1.1365111706476164e-07,6.309738320749129e-05,1.7688491642582728e-05,4.008416620505485e-06,1
0.07812838581160987,0.9217528919045168,3.0834681591605594e-05,1.1649759155657623e-07,5.5085057080991964e-05,2.936231814917438e-05,3.32372945994873e-06,1
0.07988962134496763,0.9198951732601975,3.341036782112856e-05,1.5035992669941083e-07,0.0001377947337400412,3.437576872752881e-05,9.474164619623874e-06,1
0.5561527071457666,0.4373222056564062,3.9467634090711e-05,2.3032537359365767e-07,0.00640410314382908,5.811394887436929e-05,2.3172145659473508e-05,0
0.3100839044611435,0.6853362524707816,2.972891719553232e-05,1.5112949450304476e-07,0.004503638817299875,3.1755907216943465e-05,1.45682968681383e-05,0
0.28792111122363195,0.7096100541662581,2.760903029435063e-05,1.4109147659273829e-07,0.0023959895878009514,3.6203131573729795e-05,8.891768964250243e-06,0
0.22332143108189714,0.7765173062898116,1.539433687564742e-05,9.674816279187423e-08,0.00010907692879723858,3.459526634219102e-05,2.099348113472581e-06,0
0.08815798075395923,0.8848180701302848,2.6099744784922034e-05,1.4382121708298453e-07,0.026949073618237885,4.520108725878649e-05,3.4308442574368574e-06,1
0.03590744182757549,0.9597930179672212,2.4858857371986254e-05,7.837181715588068e-08,0.004205252328355365,6.513264009267003e-05,4.2180075661348805e-06,1
0.015179406905577331,0.9826765482651671,2.297316535177151e-05,9.630819190546548e-08,0.0020787930851553994,3.978099552138266e-05,2.4012750352027974e-06,1
0.012324779516230427,0.9827917032152742,2.6110071683362448e-05,1.37711220635841e-07,0.004811352377015691,4.3321576139007244e-05,2.5955324368376397e-06,1
0.9840589316530898,0.013974306144852433,9.341706159938076e-06,1.3949561473498565e-07,6.809889440372372e-06,4.79909222790834e-06,0.001945672018614886,0
0.973714561827559,0.023435938802033093,1.1813743544983734e-05,1.9226858347740744e-07,7.612688908397104e-06,6.61464997584583e-06,0.0028232660193948946,0
0.9082437392409557,0.09103368175596867,9.950241835314647e-06,1.8628372510107018e-07,7.375724219960506e-06,6.280582954688821e-06,0.0006987861703404218,0
0.9160017880402356,0.08329027299631202,1.0908080022884582e-05,2.0380697915842237e-07,8.550815821242585e-06,6.8713820203805545e-06,0.0006814048786087715,0
0.909531572961058,0.08970418801035897,1.3487041626157907e-05,2.1950149661605688e-07,9.254292155699965e-06,7.400524964956118e-06,0.0007338776683395383,0
0.8654051102216989,0.13385624597732654,1.0727726523935689e-05,2.0083942599784075e-07,7.990904631541917e-06,6.7713305328586586e-06,0.0007129529998601264,0
0.7964168558692177,0.2030456419961176,1.0337792356075627e-05,1.9353926279222342e-07,7.70044917101194e-06,6.525204465910134e-06,0.0005127451494087256,1
0.8358025713127235,0.16379438049886177,1.2611732984693964e-05,2.356380954458192e-07,9.77256972727149e-06,7.944572747454938e-06,0.0003724836748597777,0
0.5270342098849999,0.47164915426501725,2.203735375512725e-05,3.685982104683761e-07,1.7802426220426683e-05,1.3956065158945969e-05,0.0012624714066379941,1
0.7508305755779838,0.24913863783281537,1.019691763725301e-05,1.7281943437534242e-07,6.636505029023991e-06,6.833816492933423e-06,6.946530607269337e-06,0
0.6053384790245879,0.3946388295268348,7.631935879503682e-06,1.4178064708761704e-07,5.03944050693066e-06,4.877704598805202e-06,5.000586944864347e-06,0
0.2828652515654481,0.7171038216546968,9.643822792069116e-06,1.79156043426663e-07,8.621451241312724e-06,6.163536948635504e-06,6.318812829929357e-06,0
0.16158073881262733,0.8382786242089897,8.96147501195136e-06,1.6743653760861478e-07,0.00011995745233136371,5.645147280183621e-06,5.90546722178174e-06,1
0.7048815771028252,0.2949542274036224,6.3740029676182415e-06,1.0822382288788061e-07,0.00014540679249966374,8.033439599342345e-06,4.273034662967756e-06,0
0.44472875063888784,0.5550612712338636,7.680336589456384e-06,1.568668249716042e-07,0.00018567188529393936,5.52160163854203e-06,1.0947436901435137e-05,0
0.36168398600825064,0.6382186267661105,8.93891689635186e-06,1.6735017755160576e-07,7.55755937186413e-05,5.89060825796987e-06,6.814756588233377e-06,0
0.1748520826651674,0.8250530053818816,1.187455373874349e-05,1.759637139342686e-07,6.950212379654275e-05,6.193798665583221e-06,7.165513036003734e-06,0
0.05158877409760388,0.9483843264667501,8.740923164027965e-06,1.0280742433788035e-07,6.813894354248004e-06,3.618748851333501e-06,7.6230618518238595e-06,1
0.28018691733693213,0.7197741306888246,8.471847784358038e-06,1.7595794410969995e-07,1.1611221593086982e-05,6.0532652794823e-06,1.2639681642314457e-05,1
0.18971172169930203,0.8102435072075378,1.4194209847030005e-05,1.8213476767314549e-07,1.0478856553987896e-05,6.410943323081708e-06,1.3504948668206192e-05,1
0.2644923603053722,0.7354563474713846,1.7749626461298573e-05,2.362452701006234e-07,1.487792028291364e-05,8.127496295512042e-06,1.0300934933520986e-05,1
0.30131660887183287,0.698630479504374,1.848400883841529e-05,2.4601980611226094e-07,1.5115770678654235e-05,8.338693238827356e-06,1.0727131231200725e-05,1
0.20261328614772342,0.7973548528497721,8.600608867292475e-06,1.606959077384143e-07,1.1903647979641616e-05,5.528387485987009e-06,5.667662263793051e-06,1
0.08377667223412402,0.9161777085591609,8.059417808491684e-06,1.3116843639156398e-07,2.852073493295326e-05,4.4223132357711556e-06,4.48557230138115e-06,1
0.10898691613895511,0.890915139874218,7.56521419038895e-06,1.633785630701077e-07,8.046444653195046e-05,4.765593638762078e-06,4.985353902958863e-06,1
0.18088082904956976,0.8189728097743284,8.728618403393777e-06,1.7293290666496653e-07,0.0001259422758428426,5.949441277434611e-06,5.567907671624527e-06,1
0.1906564620038647,0.8091887112737006,9.755867523182252e-06,1.822789972935802e-07,0.00013274877639095098,6.270976481120535e-06,5.868823042298155e-06,1
0.1862146962214232,0.8136390157421388,9.316679488659402e-06,1.740731914679133e-07,0.00012520399172646844,5.988670696551621e-06,5.604621334886225e-06,1
0.1338784816559666,0.865957459913813,9.834663144011955e-06,1.8375121764936445e-07,0.00014180216631184937,6.321625537584679e-06,5.916224009363224e-06,1
0.15143364957850905,0.848411390427437,9.764265170818954e-06,1.8243589925921327e-07,0.00013286304377370148,6.276374407107267e-06,5.873874802977998e-06,1
0.09157493384759834,0.9083863736559558,5.80687680695782e-06,1.2216767217561877e-07,2.4404799182762264e-05,4.118854569805157e-06,4.2397982143617865e-06,1
0.05367328140922754,0.9462665620342458,7.5289328832862395e-06,1.1033427359510469e-07,4.508470494505783e-05,3.7198942969957404e-06,3.712690127934588e-06,1
0.09973906203434521,0.89974335510297,2.3519566471101983e-05,1.7964153923546183e-07,0.00047148721178607466,1.5081163150240754e-05,7.315279738186939e-06,1
0.04407976693678355,0.9558334973819572,1.4823029167641366e-05,1.0712233762251129e-07,4.976034202800973e-05,1.7683050447574584e-05,4.362137278494029e-06,1
0.09565436147632175,0.9042731418596027,1.3867340457414488e-05,9.917017480649496e-08,4.079346199271306e-05,1.4239010237950397e-05,3.4976812126384397e-06,1
0.1424603219850166,0.8571599875973616,2.1765339105632252e-05,1.5564976005089177e-07,0.0003299309902885946,2.2348689520480884e-05,5.489748947194196e-06,0
0.1434939254114972,0.8560963948636384,2.279614951274245e-05,1.61682520780573e-07,0.00035405180063583695,2.6086131306602656e-05,6.58396088854952e-06,0
0.1849411471736234,0.814058167838767,2.83704902604587e-05,2.856013925734281e-07,0.0009178928441858212,4.351922217705653e-05,1.0616829593631299e-05,0
0.061077696494088396,0.9388559235942351,1.444880681546309e-05,9.740137966683545e-08,3.380836084258632e-05,1.3778378143011828e-05,4.246964495652775e-06,1
0.09329917624295943,0.9065510397239666,4.552658091702723e-05,1.2790363503093434e-07,6.883269868695517e-05,2.9935261925692348e-05,5.361587909347022e-06,1
0.4957517286751975,0.49783297288025724,4.229666843986596e-05,2.4877979716504547e-07,0.00627986210882015,5.382886677784819e-05,3.9062020710275074e-05,0
0.3399077397494375,0.6550656369423659,3.2122049015709265e-05,1.6613359520721145e-07,0.004940036070741403,3.632036807115379e-05,1.7978686773056393e-05,0
0.16429765792359624,0.8253581009853329,2.8474264269580186e-05,1.3780462160473069e-07,0.010272747315451627,3.535974651271659e-05,7.5219602152194725e-06,0
0.22077652559136537,0.7790701906474057,1.4403577981484765e-05,9.547777763993755e-08,0.00010764465652700477,2.9068267044407143e-05,2.071781898310035e-06,0
0.2199082124800324,0.7799411975355935,1.4516553357775937e-05,9.653466549268893e-08,0.00010541944574855643,2.84627351881895e-05,2.0947154141081456e-06,0
0.20439829888253494,0.7953575635016769,1.3856173106687597e-05,9.145884924518379e-08,0.00019673916296121245,3.153249977507196e-05,1.9183210959675262e-06,0
0.07459302708945234,0.894561887718504,2.5041237776038835e-05,1.3798837206618578e-07,0.030773246361725536,4.336790198947277e-05,3.291702180653732e-06,1
0.09300164144805413,0.901624717051516,2.571174911632047e-05,1.1143294912049145e-07,0.005294157718561781,5.0855987304137365e-05,2.8046124984601405e-06,1
0.06339858714454158,0.9315393002624561,2.5127586394864854e-05,7.639195570728051e-08,0.004950484832347823,8.210302010760284e-05,4.320762196475753e-06,1
0.039727527145229716,0.9536530481467949,2.608775875081899e-05,8.218681416482556e-08,0.006521537610380838,6.729381955396767e-05,4.423332475426008e-06,1
0.03471955034224574,0.9594454225716477,2.428066214949816e-05,7.654895741702924e-08,0.005777165730790729,3.0857000826596576e-05,2.647143382141042e-06,1
0.018013013590686196,0.9698107579066231,2.6522187344663154e-05,1.2602784887122757e-07,0.012113721135213956,3.348382391007357e-05,2.3753283732422957e-06,1
0.016118597867832662,0.9708426550347657,2.5450108425295935e-05,1.2938966030813887e-07,0.012970025152000844,4.0703756707392506e-05,2.4386906075667522e-06,1
0.03354929906601624,0.9661667241423972,2.48639933799059e-05,1.248724529165421e-07,0.0002216291110435663,3.5005289293815114e-05,2.353525415968913e-06,1
0.047567263881696235,0.952144445286446,2.3748426285986904e-05,1.2809959688944667e-07,0.00022735678783071542,3.464316934250913e-05,2.414348801622257e-06,1
0.9807221421408768,0.017122079274138256,1.3007652600004294e-05,1.5289338666022824e-07,7.642251743795476e-06,5.455195861612593e-06,0.002129520591392691,0
0.979103287971127,0.017558274055925988,1.1451453000025623e-05,1.7099954210698046e-07,8.501192886016479e-06,5.882927395678747e-06,0.003312431400123167,0
0.977825721129017,0.014408812500396459,1.4229185050248554e-05,2.797390686146849e-07,1.1881838987223621e-05,9.4816939531023e-06,0.007729593913527682,0
0.9799506238493711,0.01619050764295792,1.5004624271057873e-05,2.8034696662252453e-07,1.1676079706913416e-05,9.50229852182979e-06,0.0038224051582044487,0
0.8632076467247521,0.13603974626689794,1.1475337950211062e-05,3.058013692997742e-07,1.0082313477835532e-05,8.06268176343216e-06,0.000722680873788998,0
0.5385853431189549,0.45985366237189684,2.6132249910005894e-05,4.88255944363969e-07,2.0765697340466887e-05,1.6549327407745118e-05,0.0014970589785456858,1
0.6308556769809347,0.3691118578030848,1.0851601164032061e-05,1.8391514396305757e-07,6.655514956155167e-06,7.381658630861744e-06,7.392526085376469e-06,0
0.24866076224193728,0.7513015790412108,1.219909590454024e-05,2.2792836865444546e-07,9.351225654028326e-06,7.841459852393752e-06,8.039007072335436e-06,1
0.1281995946923828,0.8716638316210096,7.443890326605489e-06,1.566061341348196e-07,0.00011816971134925149,5.279998647832539e-06,5.523480149983393e-06,1
0.4154667381137294,0.5844401192850301,8.467620367540848e-06,1.5852678667656952e-07,7.248096842343225e-05,5.580031120184899e-06,6.455454542810274e-06,0
0.12686796732522915,0.8730356891830531,1.1127445150199686e-05,1.6489264508867276e-07,7.25323669873011e-05,5.8041048479814464e-06,6.7146820870431675e-06,1
0.10206684492941681,0.8978206676736548,1.392961534458396e-05,1.7873758074825234e-07,7.897670080496767e-05,6.149140503331863e-06,1.3253202694887992e-05,1
0.17288353387427186,0.8270842387775917,7.009277275646352e-06,1.45580757647079e-07,9.606673033619185e-06,5.008236201466342e-06,1.0457580868067077e-05,1
0.29654650392825255,0.7033886306342056,1.7204267740440753e-05,2.781323792557529e-07,1.835357138372604e-05,9.789664358910154e-06,1.9239801679534677e-05,1
0.39060958571841364,0.6092945406140241,1.9518455432145425e-05,3.155446387281638e-07,2.0822354690044992e-05,1.1106495804869117e-05,4.411081699631436e-05,1
0.35789109050091844,0.6420655040328571,1.3746218155147337e-05,2.222304027627451e-07,1.0614346918362002e-05,7.821946506152316e-06,1.1000724242079215e-05,1
0.2726838927305563,0.7272642814712068,1.7934269594764493e-05,2.3870284671684085e-07,1.5032690065054307e-05,8.212043786497735e-06,1.0408091943720667e-05,1
0.2203644536486756,0.7796080512043203,7.998820497073105e-06,1.4945194467591706e-07,8.934217318160181e-06,5.141563791703534e-06,5.271093452292665e-06,0
0.2690784524006909,0.7308096182701306,1.1034039473451236e-05,2.0616041029044444e-07,8.64671472898397e-05,6.9507282941615425e-06,7.2712537107352044e-06,0
0.2614866290973387,0.7382387887998034,1.0492753781269345e-05,1.922862971664136e-07,0.00025063218687892497,6.482960547135143e-06,6.781915353316611e-06,0
0.4219832012080162,0.5775738955699072,1.2005416104316814e-05,2.7168274553216667e-07,0.0004118863019223645,8.515517829554829e-06,1.0224303474659293e-05,0
0.5396233091363155,0.4598673029236787,1.3576054927905596e-05,3.072263255400747e-07,0.0004766491729171038,9.244553143135969e-06,9.610932692038007e-06,0
0.5395965301302696,0.4598444818389019,1.3575381211164975e-05,3.072110793201843e-07,0.0005262508884132743,9.24409437877142e-06,9.610455745953008e-06,0
0.5203144204357372,0.47901554613713215,1.3093844017409118e-05,3.239157904165912e-07,0.0006321538284395708,1.0387631824465286e-05,1.4074207058849102e-05,0
0.49423447897341255,0.5055550364088502,1.4181066365106275e-05,3.261353006458795e-07,0.00016900640749664434,1.1250149007669331e-05,1.572085956714602e-05,0
0.15464244914378578,0.8453211712037498,7.149399544427984e-06,1.335811530676124e-07,1.988167558069181e-05,4.503657415698735e-06,4.711338770540996e-06,1
0.12635178210097534,0.8735800920862438,7.277849926138324e-06,1.3598115183593065e-07,5.14772559632422e-05,4.584572814333851e-06,4.6501529252382214e-06,1
0.11553016854021476,0.8843994718100598,7.67089381075266e-06,1.4332488119203805e-07,5.2811979363246553e-05,4.83216493653074e-06,4.901286733757979e-06,1
0.09731757923001375,0.9026395613022166,6.837610536442677e-06,1.6336722402406307e-07,2.7126670510666515e-05,4.330199498471431e-06,4.401620000012951e-06,1
0.09377234895033619,0.9061820907965975,7.2047063673421595e-06,1.7080312336161586e-07,2.89156955867875e-05,4.631114975231304e-06,4.6379330135425546e-06,1
0.1432197223100016,0.856663015735701,7.475366736031426e-06,1.526804237967119e-07,9.814976191819332e-05,5.26676356366642e-06,6.217381655553093e-06,1
0.06934592445178894,0.9306182506697916,5.448362559826179e-06,1.0728818597550195e-07,2.1909354565415717e-05,3.828383131964277e-06,4.531489976135823e-06,1
0.15227526440420636,0.8475628380152422,9.705128632608657e-06,1.8133098994563635e-07,0.00013993445878997878,6.238362017188027e-06,5.838300121662817e-06,1
0.13212086644366206,0.8677163765453748,9.854639128249716e-06,1.8412444969337892e-07,0.00014045554054667336,6.334465905398672e-06,5.9282409331589385e-06,1
0.06519246949219924,0.9347695728558741,6.412344870496146e-06,1.198098408607821e-07,2.3160504727806088e-05,4.039360837027928e-06,4.2256316507018355e-06,1
0.06773597341997797,0.9322276188237039,5.3683943474217725e-06,1.129426820213291e-07,2.313515262999581e-05,3.8078361786322143e-06,3.983430479797109e-06,1
0.07236839290337392,0.9275955199554122,5.476882465523545e-06,1.1522510358593445e-07,2.261138803107726e-05,3.884787489270951e-06,3.998858124521046e-06,1
0.04772510810186096,0.9522024389660578,1.5140470037779053e-05,1.1219512066649076e-07,4.5035391011395515e-05,8.328134851723884e-06,3.836741059483221e-06,1
0.04408035356531904,0.95584621793934,1.4880970206082877e-05,1.193765745773792e-07,4.560197530234077e-05,8.463977926871772e-06,4.362195331301044e-06,1
0.052065362515671544,0.9478579150358529,1.5627046454341355e-05,1.053088137754886e-07,4.3318579407876035e-05,1.3957325938232098e-05,3.7141878612847185e-06,1
0.05857258412884168,0.9413517126044391,1.4480707308672158e-05,1.0355657449477906e-07,4.259779912651369e-05,1.4868816429086873e-05,3.652387280372717e-06,1
0.20190799563059125,0.7971630179491063,2.5717366880102637e-05,2.650685580294093e-07,0.0008519024730290674,4.124796145198311e-05,9.853550383177073e-06,0
0.054199289699453285,0.9456733754227225,4.277972839298369e-05,1.0951707175276308e-07,6.353794644814705e-05,1.7045074949109524e-05,3.8626109622197405e-06,1
0.06610783375778788,0.9337525527796812,4.2261124102597706e-05,1.2129786329950332e-07,6.917096022599121e-05,2.4599396935175283e-05,3.460683403756045e-06,1
0.06553895941468735,0.9343014894283812,4.83333984665517e-05,1.3055393047213254e-07,7.44492976742457e-05,2.918911916975327e-05,7.448787690492605e-06,1
0.1616882287104534,0.836300445708806,2.8442702208672537e-05,1.889897165166075e-07,0.0019277707453603148,4.3014785575368115e-05,1.1908357879550356e-05,1
0.2717388305156755,0.714359682271309,2.2624609762072203e-05,1.4109276111054988e-07,0.013840876710819445,3.118181407404998e-05,6.662985598861347e-06,0
0.24448884604505589,0.7456199674975411,2.408319341919542e-05,1.2312431914082498e-07,0.009807739140678269,5.073883071239498e-05,8.502168273860387e-06,0
0.22192515921400346,0.7779244258272432,1.4056937416343064e-05,9.31799825474872e-08,0.00010160992370816604,3.260776450603035e-05,2.0471531404281408e-06,0
0.19164160454066867,0.8081689828223007,1.407936485338751e-05,9.293204535474627e-08,0.00013739607204938132,3.481058424124898e-05,3.033683840947443e-06,0
0.07022458411875702,0.9025410183613789,2.3926287309281012e-05,1.4350870223048163e-07,0.027163126962465985,4.4436354863897645e-05,2.7644065227306293e-06,1
0.08559586764867146,0.897660203200946,2.3099288460907305e-05,1.0963387611202246e-07,0.016664345774584706,5.3602353176011324e-05,2.772100284689007e-06,1
0.05782991985280241,0.9347964109006854,2.5844061909265744e-05,7.802469300263157e-08,0.007312095962647574,3.1451872079207975e-05,4.199325183131297e-06,1
0.02634744194827873,0.9622498841514288,2.91584387413862e-05,1.403633116527113e-07,0.01132655598850762,4.417359162057054e-05,2.6455181114104862e-06,1
0.02195288505333866,0.9585725912339524,2.787054487040226e-05,1.405306458007918e-07,0.019399655446531636,4.420851869450631e-05,2.648671966318809e-06,1
0.04673283636255502,0.952967694156317,2.6647977549539313e-05,1.3147899523317882e-07,0.00023335469235881794,3.685729043277139e-05,2.478041791604383e-06,1
0.961413472913812,0.029296381332373167,1.7119307235380115e-05,2.3386071026255214e-07,1.2195501848428668e-05,7.926333837196461e-06,0.009252670750183753,0
0.9803554996221342,0.01749987032077887,1.3167277037423634e-05,1.5392297345908654e-07,8.120280721290018e-06,5.295439193751082e-06,0.0021178931371610625,0
0.9539331667798691,0.037668993664897836,1.7010377551713602e-05,2.3237268209077017e-07,1.2335169864407592e-05,7.876220742269807e-06,0.008360385414392603,0
0.9754964052496721,0.01477109341672051,2.1619073561289897e-05,2.7907269152875083e-07,1.5123954240601806e-05,9.459107248937318e-06,0.009686020125865107,0
0.9109621836835713,0.08806243969335605,8.896778464709013e-06,2.0876603105281776e-07,8.306284665773345e-06,7.038577178102777e-06,0.0009509262167329092,0
0.9037729075695639,0.09528306052601691,9.626263863359551e-06,2.2588366211347118e-07,9.52336742402221e-06,7.615700605315014e-06,0.0009170406888645865,0
0.8780743006184082,0.12105309648616758,8.850588681906561e-06,1.9602348933329972e-07,7.423325061307617e-06,6.290375115297541e-06,0.0008498425830762948,0
0.9001029515092763,0.0991110972178989,1.0186694122287995e-05,1.907104730691179e-07,7.587898615822317e-06,6.429831407916494e-06,0.0007615561382056762,0
0.8905589529205783,0.10852143620279037,1.3676261239654508e-05,2.2258104434067138e-07,9.38412741782965e-06,7.504352365534836e-06,0.0008888235545639619,0
0.8555044402501665,0.14404760225166535,1.0777149017984183e-05,2.3596603388849926e-07,9.468879719979434e-06,7.572127568364443e-06,0.0004199033758280773,0
0.8170566876658394,0.18253744629769683,9.764495011677764e-06,2.1379394095643737e-07,8.579154713146014e-06,6.860627216502203e-06,0.00038044796558142315,0
0.7964420979216836,0.20303213051234978,1.1038099774850737e-05,2.06236273115155e-07,8.652737969764945e-06,6.953286020358573e-06,0.0004989212059284257,0
0.8165420530076479,0.18287915212957515,1.0971608074186405e-05,2.049939396684739e-07,8.489465815891777e-06,6.911400567053236e-06,0.0005522173943799637,0
0.7618058787976533,0.23808987284526126,1.1565792016725531e-05,2.160956948938923e-07,9.044082691977326e-06,7.324515855842447e-06,7.60978708259312e-05,0
0.7616747444885005,0.23822839241583366,1.1399961081603941e-05,1.634849035576752e-07,8.91440815797579e-06,7.2194965617093035e-06,6.916574496098776e-05,0
0.7654590666978389,0.2344807344697581,1.068582605324713e-05,1.6299976840688919e-07,8.320689786049771e-06,6.76724103689546e-06,3.4262075758421155e-05,0
0.7715003717226926,0.22846825507992846,1.0368990919904143e-05,1.4754677934475904e-07,7.615168867580361e-06,6.5665920926205936e-06,6.6748987193335425e-06,0
0.8914735260741484,0.10851331483440153,4.6036094377878725e-06,7.812506712195196e-08,3.0738630108430864e-06,2.6480318969541254e-06,2.7554620376027698e-06,0
0.921106971237629,0.07887918342844795,4.0575040044465535e-06,6.506688754571097e-08,3.165731087817845e-06,2.205427783986582e-06,4.3516041594173225e-06,0
0.37052656934543615,0.6294360142969931,1.2050392009703967e-05,2.2386356538760467e-07,9.366620397339872e-06,7.879839664491288e-06,7.895641933530246e-06,1
0.36400356169495934,0.6359598689457118,1.1838248520481583e-05,2.1992251535098795e-07,9.188513666508235e-06,7.566033069699619e-06,7.756641556772309e-06,1
0.2812782803548162,0.7186867014266377,1.1301784067484525e-05,2.099564623748754e-07,9.022625245972987e-06,7.078712743708344e-06,7.405140026571384e-06,1
0.228444959451867,0.7715234009580751,9.742941960337133e-06,1.8099740845353213e-07,9.229539110241855e-06,6.102354018094378e-06,6.383757560421392e-06,1
0.17853321901736025,0.8214359872591506,1.1159636827147317e-05,1.6229510504977949e-07,8.275858932214004e-06,5.471803131766022e-06,5.724129492975045e-06,1
0.20018371963654272,0.7997866529938343,1.0548447199646976e-05,1.537143576165454e-07,7.483221054175268e-06,5.182501980855388e-06,6.259485030724804e-06,1
0.23760464754027355,0.7623484331577316,1.2658720355273534e-05,2.3651600925249544e-07,1.770800173277932e-05,7.97417173945977e-06,8.341892158162825e-06,1
0.10926530816228948,0.8905989634386104,7.403936983691019e-06,1.5576558728296245e-07,0.00011742320288073571,5.251659488158085e-06,5.49383416020775e-06,1
0.16943295734183905,0.8304095861816152,8.643750743679883e-06,1.9560820827311884e-07,0.0001364200983149339,5.885922937872e-06,6.311096340898926e-06,1
0.193861886225179,0.806012125749663,1.2846114154520198e-05,1.9036083426678242e-07,9.878609058781986e-05,6.700567150460027e-06,7.464892430796608e-06,1
0.06020163805778787,0.9396554300758961,1.3279624367332138e-05,1.561899071483021e-07,0.00011254130659910008,5.373428913139511e-06,1.1581316529329955e-05,1
0.03863384943321717,0.961328181995022,9.490461009384715e-06,1.1162320430515126e-07,1.616068683805634e-05,3.929058090531276e-06,8.276742618513529e-06,1
0.03958510404277336,0.9603917340054196,7.85866216448273e-06,1.0083825724687911e-07,4.409591821095061e-06,3.549290793204062e-06,7.243568771022576e-06,1
0.11043346551998214,0.8895249126666556,1.4121943289183532e-05,1.8120541644561923e-07,7.92399575431435e-06,6.378042757071256e-06,1.3016626145095878e-05,1
0.24284635100117954,0.7570968365183446,1.2304234738722991e-05,1.9891835054646435e-07,9.500897963914733e-06,7.001421397447675e-06,2.780700802511431e-05,1
0.17760999004101954,0.8223447173620736,1.4406204284268357e-05,1.8485498383099093e-07,1.0635361165516441e-05,6.359527673397744e-06,1.3706648799717793e-05,1
0.18328855287709284,0.816670473287644,1.5223885416805713e-05,1.7905958177240046e-07,6.133811718618746e-06,6.1601490980592564e-06,1.3276929447794187e-05,1
0.2500084738128878,0.7499438759130156,2.024686437487243e-05,2.376617506016925e-07,8.626823467357921e-06,8.176227176008405e-06,1.0362697327620557e-05,1
0.2132472996615235,0.7867042455606201,1.6863491298356725e-05,2.2445092381557254e-07,1.397253725139519e-05,7.60762895657039e-06,9.786669426262464e-06,1
0.22673088137407826,0.773242367281216,8.155717896220373e-06,1.523834545686235e-07,7.903811585202768e-06,5.164945466791868e-06,5.3744863029797796e-06,0
0.2203644536486756,0.7796080512043203,7.998820497073105e-06,1.4945194467591706e-07,8.934217318160181e-06,5.141563791703534e-06,5.271093452292665e-06,0
0.20703992151544312,0.792928390356873,8.04088141944569e-06,1.5023782137433103e-07,1.313296442039113e-05,5.065233102221055e-06,5.298810920461461e-06,0
0.3007742320591577,0.699108514151431,1.1558926961068859e-05,2.1596742793470192e-07,9.05803756149357e-05,7.2813733240450576e-06,7.617146083264878e-06,0
0.4966438946889042,0.5028677579610508,1.1260613224577924e-05,2.36903155166815e-07,0.0004608908533594268,7.98722442041262e-06,7.971755885432882e-06,1
0.54432791252671,0.45512816530908695,1.299103772946242e-05,3.398065855081375e-07,0.0005125483516477204,8.846188330281549e-06,9.196779909968394e-06,1
0.5097848539231025,0.4900551067860071,1.3039625540312076e-05,2.998845140703561e-07,0.00012213365066667423,1.0110650119453717e-05,1.4455480049922214e-05,1
0.16665152482433485,0.8333125639449587,7.057344396079376e-06,1.3186117185998763e-07,1.9625680572492015e-05,4.445668650497248e-06,4.650675915325313e-06,1
0.14867659896177332,0.8512053058424824,7.84488063287886e-06,1.6022755029386514e-07,9.816695801483116e-05,5.639896800374016e-06,6.2832327458572735e-06,1
0.08726023451882754,0.9127045246777697,5.4063064664585385e-06,1.0647147992926284e-07,2.1344774306451792e-05,3.886739896873548e-06,4.496511252998689e-06,1
0.07106833829048433,0.9289011640831629,5.52619187455624e-06,1.0325273865151623e-07,1.7674328361475282e-05,3.5521822321955485e-06,3.641671145982727e-06,1
0.05615318645553202,0.9438176863424911,5.080165238826424e-06,9.49190664417861e-08,1.733889020952894e-05,3.265480661477352e-06,3.34774680051156e-06,1
0.04490048340901832,0.9550733340603368,4.209640870216118e-06,8.323606158001817e-08,1.60904077987053e-05,2.863552704595819e-06,2.9356932098840927e-06,1
0.036836959070026015,0.9631363068346922,4.444966896526111e-06,8.788909784159233e-08,1.6077805742994656e-05,3.0236301315966583e-06,3.0998034128315916e-06,1
0.17367352843618478,0.8261684462837352,9.949258078824764e-06,1.8589231373979075e-07,0.00013550968292590741,6.395286043875796e-06,5.9851607176940796e-06,1
0.07408305250372582,0.925877208031418,6.71923983871593e-06,1.255439425109546e-07,2.4234125862789526e-05,4.232684736591055e-06,4.4278704755531745e-06,1
0.0733015200549023,0.9266563752744071,5.999787558672722e-06,1.3656043805804534e-07,2.675105830519771e-05,4.2271454524694365e-06,4.990118936199651e-06,1
0.07573854015461538,0.9242217566551175,6.707225961776086e-06,1.2531947225656975e-07,2.4225574534040825e-05,4.225116774325806e-06,4.419953524785567e-06,1
0.04790413568734323,0.9520557401039027,6.064400616035443e-06,1.1904745518941228e-07,2.6245757758469047e-05,3.8201785529614285e-06,3.874824371301237e-06,1
0.046152460165896886,0.9537720617866658,1.588622799971529e-05,1.177213958956385e-07,4.6710029829968396e-05,8.73834489528623e-06,4.025723316035211e-06,1
0.1669968877824632,0.8323766850117813,2.3309401314895967e-05,2.933896374749421e-07,0.000578013439344734,1.845014172633406e-05,6.36083373213349e-06,1
0.04630882270090027,0.9536236909731587,7.682415241111525e-06,1.0823999369352322e-07,5.027951430895096e-05,5.008506956362514e-06,4.407649440757296e-06,1
0.05853946073680248,0.9413857510773712,1.466595765440428e-05,1.0458974407293471e-07,4.246678926866846e-05,1.386202251726442e-05,3.688826641602412e-06,1
0.04202080495536161,0.9578779235355718,2.6482783731820105e-05,1.0030627391048963e-07,5.553914820941861e-05,1.561152000603108e-05,3.53775084546394e-06,1
0.5035645288713059,0.49436888728171785,2.6725814891576112e-05,2.1945083533399058e-07,0.0019354792511558437,4.454222282107844e-05,5.961710727242597e-05,0
0.18455096862563378,0.807265068331548,3.50737266308393e-05,1.504875053770715e-07,0.008089167656885337,5.008725283767551e-05,9.483918959057485e-06,0
0.2886383476671121,0.701828534203148,2.5187184644748846e-05,1.2631931816156383e-07,0.009470960988602095,2.9948593492316427e-05,6.895043682572075e-06,0
0.21832999912024562,0.781554729691393,1.4593145655045219e-05,9.673437514697306e-08,7.052036654743685e-05,2.7961892850206748e-05,2.0990489339793764e-06,0
0.15385926896522023,0.8459584251784652,1.3979069064007183e-05,8.82254056936335e-08,0.00013453663502532696,3.166028187837052e-05,2.041644941055732e-06,0
0.0900615280977213,0.8874360250778389,2.6547045620958043e-05,1.4360584685758422e-07,0.02242671191311321,4.631368131762177e-05,2.7305785411143915e-06,1
0.09834377328275873,0.8812558116374365,2.312951674145384e-05,1.4302408410189985e-07,0.02032891229571254,4.547517193759335e-05,2.755071329150986e-06,1
0.086526734617806,0.9086267224282504,2.743528146546334e-05,1.5440025056437314e-07,0.0047501291557137835,6.436801542370393e-05,4.4561010900598835e-06,0
0.08880432743483745,0.9062547360584813,2.853788339948082e-05,1.4653706429343668e-07,0.004843607636295311,6.419998156396219e-05,4.444468358172263e-06,1
0.037194547833388866,0.9544334093283756,2.8692426379115838e-05,8.037001558426018e-08,0.008308171526969775,3.239727516870655e-05,2.7012397024009493e-06,1
0.035986379081299175,0.9406710090959313,2.817619189670811e-05,1.3965236004494475e-07,0.023267714011385464,4.394984878055292e-05,2.632118346667576e-06,1
0.04903110176146652,0.9506626662715907,2.5673048092706077e-05,1.2729394810229537e-07,0.00024216062306239275,3.58718374509073e-05,2.3991643886262824e-06,1
0.0508371157520335,0.9488544835225018,2.5503272666287657e-05,1.285956802084342e-07,0.00024538486478215205,3.4960293636454945e-05,2.4236986996374395e-06,1
0.02313814357028078,0.97656575256644,2.6029295877769165e-05,1.3068840184012337e-07,0.0002319515124996312,3.552922536592385e-05,2.4631411341671765e-06,1
0.026674077298806737,0.9730297137003174,2.6265050586207986e-05,1.318720837275181e-07,0.00023405236307423306,3.327426463035835e-05,2.4854505013761916e-06,1
0.9610474738226056,0.029574727164072893,1.7580701810558545e-05,3.39219531800758e-08,1.160175705871277e-05,8.00196927250696e-06,0.009340580663226754,0
0.9399247630864043,0.04793554157905485,3.145901915098817e-05,2.9094588532674814e-07,1.5750764274956307e-05,9.861546530643615e-06,0.012082333058698934,0
0.9855712182335562,0.006955641126579119,1.1818926001570656e-05,1.525661810107956e-07,8.294411990069651e-06,5.1711970126364854e-06,0.007447703538679321,0
0.9829567523481458,0.007692823885376894,1.2953231653075224e-05,1.6720851664484702e-07,9.663870630967206e-06,5.667495745338391e-06,0.009321971959931672,0
0.9308456605812306,0.06796780899516089,1.1041646490098e-05,2.0630254007679843e-07,8.655518230707853e-06,6.955520220633079e-06,0.001159671436127129,0
0.9345345547206785,0.06443924541368731,8.913431783055774e-06,1.875226571285803e-07,8.048191329676572e-06,6.32235372865083e-06,0.0010027283661355418,0
0.8886089316627241,0.11039231351737691,8.93127964217468e-06,1.882751627985247e-07,7.625684476862225e-06,6.347724567039398e-06,0.0009756618560502967,0
0.8522217116805687,0.1470050755895694,8.910076937671392e-06,2.673581712808206e-07,8.81483591746647e-06,7.0490981019032215e-06,0.0007481713607338853,0
0.8483883920364993,0.15111874148066265,9.004389025299256e-06,2.1129115064783832e-07,8.908139890405071e-06,7.123711953448463e-06,0.0004676189508181601,0
0.8088736545789658,0.19066107631956886,1.0828735705801946e-05,1.9844337675962252e-07,8.366471359917133e-06,6.69054738341292e-06,0.00043918490363948937,0
0.8105313774839088,0.18907269350735745,1.2675525401790578e-05,2.36829995376366e-07,9.822001145214166e-06,7.98475782740986e-06,0.0003652098943639123,0
0.8024534907659592,0.19746112118149461,1.0080055779558342e-05,1.883361429206779e-07,7.482672128875694e-06,6.479361530052279e-06,6.115762696475538e-05,0
0.7762135258643552,0.22372788203549138,1.043233586993947e-05,1.949181574353869e-07,8.157755918641023e-06,6.60670790053503e-06,3.320038230681385e-05,0
0.7842820823001107,0.2156789620046977,1.1559966878680776e-05,1.6449391222894458e-07,8.32866176036336e-06,7.320826846398945e-06,1.1581745793971201e-05,0
0.8440224090040286,0.15595032559182645,8.111694176605598e-06,1.0983468543265274e-07,5.779833091605608e-06,5.137065626666327e-06,8.126976564711738e-06,0
0.19003645031805214,0.8099329480038379,9.83810115928135e-06,1.838154536565157e-07,7.899246986739671e-06,6.197364823025395e-06,6.483149687214047e-06,1
0.15472284103819783,0.845245472676115,1.1483101119454683e-05,1.669992609388109e-07,8.515736348854675e-06,5.6304044334998145e-06,5.890044524458574e-06,1
0.17704927814024843,0.8229102879477148,1.0907108266619513e-05,2.037888228276619e-07,1.5264636973677026e-05,6.870769877041491e-06,7.187608096551574e-06,1
0.16598088068406786,0.8338830185711662,7.4290632191180224e-06,1.56294198321403e-07,0.00011782169398711237,5.2694816863983706e-06,5.42421167486397e-06,1
0.16598052908459254,0.833881252145837,7.429047482036021e-06,1.5629386724135392e-07,0.00011993975751244617,5.269470523986239e-06,5.424200184685275e-06,1
0.15682162025566093,0.8430241454855515,8.131415644282888e-06,1.7107043672354007e-07,0.00013302188671221395,5.7676647187192495e-06,7.142221275822772e-06,1
0.1989620981994208,0.8008239594287826,9.47323121560763e-06,2.1437936372666582e-07,0.00018703910817310365,6.45075391009852e-06,1.0764899134183607e-05,1
0.7215021553580545,0.2783976082170734,5.682871560168583e-06,1.1606965501861807e-07,8.570708626437647e-05,4.003862543067908e-06,4.726534849287426e-06,0
0.685370973647883,0.3145304644174801,7.290833792580321e-06,1.3649554457604574e-07,8.077174988418752e-05,4.804546931584865e-06,5.558308483881171e-06,0
0.16413375599064123,0.8356806950593382,1.585709064243698e-05,2.3497915147174216e-07,0.00015161706736023072,8.271100457502422e-06,9.568712409018766e-06,1
0.10319502264638572,0.8965839991697034,1.3765326142663286e-05,2.0398222660583267e-07,0.00018486617253313226,7.01763650560101e-06,1.5125066502770757e-05,1
0.0377306693338802,0.9622415018733305,8.692174019360099e-06,1.1153345711497384e-07,6.82909830086694e-06,3.925899052714147e-06,8.270087959220625e-06,1
0.041345322034680214,0.9586285349942812,8.436449469430269e-06,9.922632017613166e-08,6.836067898229783e-06,3.4137005874048218e-06,7.357526763296437e-06,1
0.07254808727006784,0.9274229871155981,9.814226056734796e-06,1.259310339437636e-07,5.506882729447924e-06,4.432502817467154e-06,9.046071696224833e-06,1
0.2744602646178368,0.7254839437612147,1.4797618282511163e-05,2.392253388709363e-07,1.5786149550485915e-05,8.420219824673895e-06,1.654840795204211e-05,1
0.14658075940314305,0.8533916886587806,1.0748598815611776e-05,1.2642235413975105e-07,5.728569384035624e-06,4.449746204702247e-06,6.498601317846975e-06,1
0.1507945073313239,0.849164404542138,1.5170671400585406e-05,1.5511591923288556e-07,8.924366762299604e-06,5.3364203160692024e-06,1.1501552139792836e-05,1
0.23850495810298697,0.761451980830614,1.4937843053761624e-05,1.9882079066008993e-07,1.2415286685140834e-05,6.839989807509768e-06,8.66912606186133e-06,1
0.2701658703271386,0.7297975873949564,1.2265796855421465e-05,1.8139943585338568e-07,1.1548791843126313e-05,6.148424686537213e-06,6.3978650839893945e-06,0
0.30348641128124343,0.696482714278685,1.0127900615268067e-05,1.5587286931192683e-07,9.73064890516152e-06,5.362461510293641e-06,5.497556171663286e-06,0
0.2589760846577628,0.7409938897552485,7.619010720214451e-06,1.4235548466919204e-07,1.2443933878340017e-05,4.799481958890487e-06,5.020804946800018e-06,1
0.2977652278901806,0.7019670039347107,1.0587792606685578e-05,1.9782271697653262e-07,0.000243335753800082,6.669621748324722e-06,6.977184236570196e-06,1
0.26620352123883173,0.7337324068121343,7.3720527057582274e-06,1.79628716130799e-07,4.5887345190801476e-05,5.239535872203018e-06,5.393386549237097e-06,1
0.16116156579731528,0.8385956704603365,7.935893414038277e-06,1.62086438357692e-07,0.00022236002511281092,5.7053283495938765e-06,6.600409033451703e-06,1
0.0960852043518828,0.9038831557011731,5.764754030395722e-06,1.0771009309887972e-07,1.826307541001963e-05,3.705527658934884e-06,3.7988797516853353e-06,1
0.07068001658786315,0.9292935270312391,5.091837422597578e-06,9.513715241631863e-08,1.4640984314265843e-05,3.272983427350125e-06,3.3554385810025214e-06,1
0.03540994854798812,0.9645645303082568,4.059499690197459e-06,8.026736166213465e-08,1.5829774109836186e-05,2.720613907341809e-06,2.8309886860793974e-06,1
0.23939434641731655,0.7604402798072945,1.0957021606894312e-05,2.0472140556264061e-07,0.00014057756620886752,7.043066609575173e-06,6.591399558132232e-06,1
0.08796402000273595,0.9119964898019618,6.660675859570804e-06,1.2444971860951794e-07,2.4022904522921412e-05,4.292887441424597e-06,4.389277759648994e-06,1
0.09165985267096388,0.9083011622435381,6.591687647085557e-06,1.23160725748707e-07,2.3774086343403083e-05,4.152335139375934e-06,4.3438156424219076e-06,1
0.06889709360843177,0.9310638537890247,6.417406162517034e-06,1.199044072953422e-07,2.424377589101403e-05,4.042549122309963e-06,4.228966960356703e-06,1
0.06178338063645649,0.9381780816235403,6.268219130315917e-06,1.1711695980967301e-07,2.407317781562518e-05,3.9485709805480735e-06,4.130655116893028e-06,1
0.056740005203330134,0.9432208098041981,6.127972608240106e-06,1.1449655903109155e-07,2.5166855085229392e-05,3.860224779549285e-06,3.915443439915448e-06,1
0.04486707661692275,0.9550789732941822,8.755214099376147e-06,1.1942548790597116e-07,3.732686668576986e-05,3.832309450457879e-06,3.916273171288154e-06,1
0.04596837340314003,0.9539530417068481,1.5889242439318393e-05,1.2370704038867231e-07,4.9805450316391206e-05,8.740003011543808e-06,4.026487204089393e-06,1
0.04778025719824839,0.9521441048696506,1.585911240701385e-05,1.2347246047478122e-07,4.6913065520068256e-05,8.723429749848965e-06,4.018851963454331e-06,1
0.10041099672061717,0.8991029915151274,2.2034269967217482e-05,1.687879283864072e-07,0.00044300082306545486,1.3934579281241139e-05,6.873304013261834e-06,1
0.06211796384193838,0.9377325833394111,4.9014449248796714e-05,1.1191705366049305e-07,7.167748813202034e-05,2.5455919593154788e-05,3.1930446230847032e-06,1
0.473877302062131,0.5250381668612669,2.2608827119597278e-05,2.276867750433708e-07,0.0009843742450964515,5.0589703898079635e-05,2.6730613712866798e-05,1
0.5465702967183872,0.451901780159477,2.2982343756481865e-05,2.058781105559436e-07,0.0014011461216748013,4.765890535648422e-05,5.592987323733816e-05,0
0.3061190649145911,0.6859738199347586,2.502316263989131e-05,1.2787681886114386e-07,0.00783134348374404,4.2561663457221603e-05,8.058963990281825e-06,0
0.1899592657193589,0.8098610137266408,1.2225670040501024e-05,1.2064714351145392e-07,0.00013464111347507557,3.0763941889553816e-05,1.969181451758482e-06,0
0.13551926444614684,0.8643084683777251,1.4192536164252996e-05,7.208790225142027e-08,0.00012002884444808203,3.597347961886823e-05,2.000227994701662e-06,1
0.08245862006057386,0.9173990702897336,1.679382353272319e-05,8.688101268866055e-08,8.517508405030237e-05,3.692027505986086e-05,3.3335860368362315e-06,1
0.05690734660054806,0.9428881316517262,1.6431551554455844e-05,1.0464176445328688e-07,0.00014542525114492454,3.914436607135268e-05,3.415937190431718e-06,1
0.08677694399113833,0.8929412173449054,1.7628692336076837e-05,1.3650569788864186e-07,0.020214216639859294,4.7228862709099575e-05,2.627963353964504e-06,1
0.09996123480224102,0.8812956889839749,2.8709591028292167e-05,1.2463900878646603e-07,0.01865647149435232,5.453315358561685e-05,3.237335809136549e-06,0
0.10649412715144017,0.8827602676847615,3.11571354498925e-05,1.251872558750313e-07,0.010654475777957886,5.65954873220934e-05,3.251575812722488e-06,0
0.05649760366416682,0.9349340481777086,3.284759822600135e-05,9.17772887889324e-08,0.008493240556527393,3.908358743359226e-05,3.08463864854511e-06,1
0.044542522784226476,0.9367714899675108,3.3712654950530684e-05,1.9091910853963983e-07,0.01859698821133823,5.198228865741126e-05,3.113174208178031e-06,1
0.13128040238189828,0.8684683248264992,2.607562240318332e-05,1.2184774655551015e-07,0.00018842794887294538,3.4350855120044396e-05,2.296517460008532e-06,1
0.9166617943672467,0.06690241705031592,3.9870594952152115e-05,3.494841638077083e-07,1.8919816225561725e-05,1.1845688552158882e-05,0.016364802998543863,0
0.9746335410777849,0.016580340250307368,2.9340915766698428e-05,3.015136418808665e-07,1.6005418345964753e-05,1.0219738305261474e-05,0.008730251085848023,0
0.9544441067752258,0.04461575351489979,1.2613619655003572e-05,1.6376024840579253e-07,7.907475081321392e-06,5.521200653653446e-06,0.0009139336542360744,0
0.9017756828020236,0.094905940580726,1.0878433056355725e-05,2.461791023449735e-07,9.709446307786467e-06,7.407619742080853e-06,0.0032901349390419975,0
0.8823557188557236,0.1086041819269871,1.1180381897087089e-05,3.2353884309655454e-07,9.978947994434865e-06,7.613230438227324e-06,0.009011003118116404,0
0.8768829534659882,0.12218827369176845,8.079927039903183e-06,1.7032828886629334e-07,6.898784571856313e-06,5.742643095496107e-06,0.0009078811592473071,0
0.8784367696640277,0.12068991586651388,7.8901805627584e-06,1.8514585778561752e-07,7.946182664924676e-06,6.242219592230548e-06,0.0008510507407807408,0
0.8640610769659915,0.13537008170285295,8.180971863233973e-06,2.016919526474733e-07,8.239037913619022e-06,6.4722755635281465e-06,0.000545747353862523,0
0.7752653355052946,0.2242262917469596,7.393750426149491e-06,1.5586339482658994e-07,6.312914846405265e-06,5.254957083753264e-06,0.0004892552619946492,0
0.8231323008118592,0.1764674095086156,1.1104632012347683e-05,2.074793639535478e-07,8.60474851220395e-06,6.995197009235909e-06,0.00037337762262737423,0
0.8149111088529021,0.18501074881684632,9.22469858711325e-06,1.723546168291996e-07,6.84771954883921e-06,5.929546270257646e-06,5.596801122837604e-05,0
0.8180836932266343,0.18184796628877625,9.134742211371264e-06,1.7067386850707954e-07,6.586573748172049e-06,5.784953081420252e-06,4.666354167995235e-05,0
0.8036365672964866,0.19630403130675386,1.066795304969064e-05,1.9932043772139222e-07,7.827978965465507e-06,6.755922218629341e-06,3.3950222087982396e-05,0
0.7826211075595427,0.21733757124762634,1.2154285831792563e-05,1.7430254654373384e-07,9.118216122738671e-06,7.697203889077895e-06,1.217718444078723e-05,0
0.14110391985903026,0.858860165878308,9.860168166153317e-06,1.84227754446408e-07,9.545872827078111e-06,6.211265604276132e-06,1.011272830971467e-05,1
0.1456234598984749,0.8543408865153089,1.2417556163392179e-05,1.805890830691516e-07,1.059749773016805e-05,6.0885872682201434e-06,6.369355971570355e-06,1
0.16881732967221547,0.8311444719865704,1.1327227506117434e-05,1.8435053876315752e-07,1.396933579720158e-05,6.215405295419101e-06,6.502022076737076e-06,1
0.1846122062194946,0.815205323492553,1.0549497695276122e-05,2.0107593205927583e-07,0.00015407957748095626,6.779304369206004e-06,1.0860832475007388e-05,1
0.18213498286633886,0.8177001688367534,9.293264464030943e-06,1.9551365715352434e-07,0.00014198241893264327,6.591771459697123e-06,6.785328394254748e-06,1
0.15360059473844967,0.846285031417474,9.440216919335251e-06,2.4535987616499746e-07,8.743809055198095e-05,7.027072384560398e-06,1.0223104344141343e-05,1
0.7273181513521031,0.27257712135028844,5.5394040550904824e-06,1.1313940687830942e-07,9.056476087886308e-05,3.902782628864714e-06,4.607210638751891e-06,0
0.08263253389718657,0.9171442715136016,1.0958078936108905e-05,1.6238288272605332e-07,0.00019459044169498706,5.715762982349251e-06,1.1767922715696599e-05,1
0.1190780231146297,0.8808931455553886,9.359530656333196e-06,1.2698187395834158e-07,5.753922875705267e-06,4.469439883135704e-06,9.121454692704642e-06,1
0.24820187091290108,0.7517516571002526,1.8939408341062518e-05,1.936502121084456e-07,1.223314600650451e-05,6.662107482050959e-06,8.443674804333668e-06,0
0.18566666173933055,0.8143049753646955,7.251395621151319e-06,1.354868730448508e-07,1.1629552622311686e-05,4.567908320191159e-06,4.778552536917255e-06,1
0.13357415232982503,0.8663877757355415,7.305823466861088e-06,1.3650381640404015e-07,2.1188473052684892e-05,4.626714689804695e-06,4.814419607724525e-06,1
0.11675266868217912,0.8831783481611678,7.370624744747413e-06,1.377145795410726e-07,5.187992903624366e-05,4.7377656897906825e-06,4.857122602708823e-06,1
0.09960253375104854,0.9003514882394151,6.9841655704732655e-06,1.304938805449825e-07,2.9837886302044257e-05,4.423011531487262e-06,4.60245225176892e-06,1
0.08790544478670145,0.9119239590210213,4.833718962062372e-06,9.872616096340027e-08,0.00015816837479641624,3.4750912580856548e-06,4.020281099784613e-06,1
0.09030390702622548,0.9096615919366753,5.651897731728087e-06,1.1543832885234198e-07,2.006152708951408e-05,3.971400526697929e-06,4.700773422517558e-06,1
0.09608979758857054,0.9038762384291052,5.549136963700051e-06,1.1333947075267275e-07,1.969677563267847e-05,3.98942460325545e-06,4.615305653964005e-06,1
0.08053876017049745,0.9194336003549168,6.8160122976020775e-06,1.0836043127210472e-07,1.2488380173351004e-05,3.814167894604461e-06,4.412553789027899e-06,1
0.06217094184423583,0.9378031328432743,4.508749474110766e-06,8.915025306106266e-08,1.511611166264466e-05,3.0670173891275495e-06,3.1442837107232654e-06,1
0.06735417130135356,0.9326185533181826,4.7435438770818854e-06,9.379277768177764e-08,1.5903287449069437e-05,3.226733186360721e-06,3.308023173487869e-06,1
0.052692810153609236,0.9472795930930256,4.721675894126029e-06,9.336038811885267e-08,1.6277086288300466e-05,3.21185777924931e-06,3.292773015325547e-06,1
0.051502161633008026,0.9484715903237162,4.288773602435136e-06,8.48007311504272e-08,1.5966208936378855e-05,2.9173817024495468e-06,2.990878303296354e-06,1
0.05033436481490992,0.9496378140669807,5.674194614499975e-06,8.732836440585311e-08,1.5975229160974622e-05,3.0043393372463714e-06,3.080026632087687e-06,1
0.20579817396266137,0.7940525951323181,8.916552374650219e-06,1.763025352111755e-07,0.00012839628356201395,6.065367202402013e-06,5.676399346198124e-06,1
0.06562786596912697,0.9343329093334624,6.439938298321802e-06,1.20325403305311e-07,2.4363875530701074e-05,4.0567429045818975e-06,4.243815273748676e-06,1
0.052335248059852825,0.9476088739302594,7.5104498197554396e-06,1.0318829697792988e-07,3.99897957201135e-05,4.635177729764155e-06,3.6393983211999226e-06,1
0.07288178535113692,0.9268122389831367,1.0488318077624928e-05,1.4410049170064356e-07,0.00028374372364784833,6.5171159143461415e-06,5.082407594750685e-06,1
0.09681205796464042,0.9028579537899968,2.469183793675137e-05,1.583342566058876e-07,0.00027352380655023737,2.471038569542971e-05,6.903880923543734e-06,1
0.08892184997340961,0.910458535793652,5.740207597315584e-05,1.635591885762827e-07,0.0005115196586491673,3.975447654673751e-05,1.0774462580813202e-05,1
0.17365546085396782,0.8062054190939691,2.8178292597471856e-05,1.2728647951781505e-07,0.020067709401663445,3.508331128820284e-05,8.021760034535167e-06,0
0.08954300880995608,0.8794981627210084,3.086657759592147e-05,1.594976183485424e-07,0.030868562190920462,5.614719913321804e-05,3.093003767609198e-06,0
0.10267735193929847,0.8714997865384511,2.7617124502453902e-05,2.01311175423867e-07,0.025735717316509334,5.625000451346009e-05,3.075765549863873e-06,0
0.07073678012134778,0.9155719063687755,3.147252811042301e-05,1.2645448218209785e-07,0.013600146947892723,5.632357063802149e-05,3.244008753668504e-06,0
0.148983243505749,0.8507544479489314,2.671428528269643e-05,1.2478630398263827e-07,0.00019793828990531792,3.5179282097930386e-05,2.3519017295531685e-06,1
0.047390371516931484,0.9522784542093953,3.3175815425315995e-05,1.345220370263972e-07,0.0002613085687083661,3.376526750071745e-05,2.7901000019738644e-06,1
0.9843983373341951,0.011699408284495888,1.7764911028483255e-05,2.3453718874226408e-07,1.2450069589188444e-05,7.949586217212417e-06,0.0038638552772853,0
0.98530987999589,0.009422859959627551,1.5416705522633543e-05,1.9900859731617474e-07,1.081930008846077e-05,6.7453524569613495e-06,0.0052340796778169415,0
0.9858156619586784,0.009601787926823263,1.5287649297680002e-05,1.9734265784128376e-07,1.0694709362498957e-05,6.688885806366091e-06,0.0045496815273741035,0
0.951183124406824,0.04756968649676154,1.33842981537155e-05,1.7376582220950276e-07,8.875569865420007e-06,5.858540033405319e-06,0.0012188969225394165,0
0.8876811626168597,0.11155116484465444,7.852588474022318e-06,2.082440238251089e-07,7.908323758974807e-06,5.96407958767921e-06,0.000745739302641319,0
0.8161394794003584,0.18317191494453258,7.043391707647605e-06,2.273368754395678e-07,7.093383560035694e-06,5.349490661656022e-06,0.0006688920523044133,0
0.7889806667385921,0.21036092109208393,7.492144187934848e-06,2.1724333334262003e-07,6.396925179966378e-06,5.111978339529437e-06,0.0006391938782831778,0
0.7564575524725223,0.2428681003882605,7.799073158206768e-06,1.7684727636121902e-07,6.658986561747497e-06,5.5430319360633444e-06,0.0006541692002847989,0
0.8330463666385194,0.16656479870991,9.87453312774113e-06,1.8449614993129597e-07,7.68402019172545e-06,6.220314597185138e-06,0.0003648712875039884,0
0.7921372157733326,0.20783036629492396,9.75385674540723e-06,1.5641465770455937e-07,8.620023114017408e-06,5.301640280273788e-06,8.585996945880206e-06,1
0.7434988553418083,0.25646473938486014,1.1711058693442523e-05,1.8780071152422272e-07,7.832093305228006e-06,6.365463643193295e-06,1.0308856978268371e-05,1
0.3215699219003293,0.6783815715589733,1.5577260377937808e-05,2.893832038300546e-07,1.267678823565966e-05,9.756596913456505e-06,1.0206511966624929e-05,1
0.17500873338558942,0.8249479719405803,1.2223246862020486e-05,1.9893324674829653e-07,9.748694779462257e-06,6.707063421511312e-06,1.4416735520491849e-05,1
0.15308781532568727,0.8468712653349394,1.1404109289670355e-05,1.856017891870939e-07,9.621435007948794e-06,6.2575913859128275e-06,1.3450601900777199e-05,1
0.19426911302937655,0.8055757352363309,9.262770946892643e-06,1.9487212811082276e-07,0.00013236088496280804,6.5701422144780705e-06,6.763064040487562e-06,1
0.19458888391830953,0.8052573617995452,7.95080743537346e-06,1.799268908691233e-07,0.00013343824862446202,5.4140663290974026e-06,6.7712328653569665e-06,1
0.2296035964554616,0.7702113957648009,9.668518042530774e-06,2.1879870753313894e-07,0.0001614774156044526,6.58373359081081e-06,7.059313792076536e-06,1
0.12433175441678575,0.8755866392517752,8.075942838778941e-06,1.827587069149038e-07,6.176953056509884e-05,5.860875623586579e-06,5.717223704561494e-06,1
0.07815130293716578,0.9216689375286988,1.167969129583254e-05,1.7307613433209458e-07,0.0001489811963786178,6.09215789950237e-06,1.2833412427024475e-05,1
0.06938693464368709,0.9304946565249662,1.0431708410352776e-05,1.5440019043209219e-07,9.093933397760083e-05,5.434777841875531e-06,1.1448610926473174e-05,1
0.09561527456029821,0.9043580670081376,8.141287986414333e-06,1.1045382967466425e-07,6.584794954826738e-06,3.88769464652079e-06,7.934200146894128e-06,1
0.14616518689403227,0.8537993052362777,1.2590689061526355e-05,1.8620428168568392e-07,8.30068227296114e-06,6.311282043790437e-06,8.119012030040987e-06,0
0.19355682010561817,0.8064161929637536,8.175751895667846e-06,1.5275777477972922e-07,8.01543900418486e-06,5.255293568857936e-06,5.387688384880412e-06,1
0.1900506318792054,0.8099181999670665,9.427579624158337e-06,1.5343550956681903e-07,1.0896937315013723e-05,5.278609536068903e-06,5.411591743290145e-06,1
0.23445485473173736,0.7655074387013616,7.541854975695587e-06,1.409138876155412e-07,2.0302958628950065e-05,4.7508788505026e-06,4.969960557944315e-06,1
0.4831445968418616,0.5166836669107584,1.6085175539594202e-05,3.285312286275265e-07,0.0001308677654745693,1.107647827786092e-05,1.3378296859227685e-05,0
0.21947081090119344,0.7804902017891066,7.46339807422544e-06,1.394479794229207e-07,2.173969959564615e-05,4.726505323117941e-06,4.918258727683493e-06,1
0.1176499297092595,0.8822799818449284,7.461298500120666e-06,1.394087504599674e-07,5.277481352417305e-05,4.796049895275164e-06,4.916875142276078e-06,1
0.09193264003100111,0.9079995215605503,7.4778160279874325e-06,1.397173680445013e-07,5.0557479038144124e-05,4.735636088290426e-06,4.927759926228716e-06,1
0.08923848192045152,0.9106978122509901,7.644430993841041e-06,1.8264413628873407e-07,4.611660168657813e-05,4.8411519022918026e-06,4.92099983932621e-06,1
0.0926622562940718,0.9072924416614536,6.949026658903491e-06,1.4193180109239554e-07,2.743562663419893e-05,4.995843155981994e-06,5.779616224682082e-06,1
0.0703461963646787,0.9296266595595071,6.69384484793943e-06,1.0641822269693625e-07,1.2264543494427667e-05,3.745804290795697e-06,4.3334649582911365e-06,1
0.0828286228784709,0.9171466386190965,6.828527449177694e-06,1.1039447549672804e-07,9.418434229169864e-06,3.885764012178802e-06,4.495382266591577e-06,1
0.07853030101628451,0.9214490465393449,4.686732820404672e-06,9.266946841198531e-08,9.416549236238764e-06,3.188088214018786e-06,3.268404631556269e-06,1
0.06357765988827187,0.9363983980131799,4.432941130537125e-06,8.765131570547517e-08,1.3314639380342835e-05,3.015449762823103e-06,3.0914169588213925e-06,1
0.053916780909342675,0.9460568986474448,4.397136944943877e-06,8.644661093464499e-08,1.581392745949571e-05,2.9740045581934556e-06,3.048927639306428e-06,1
0.05033434817651401,0.9496375001571902,6.0047501217979214e-06,8.732833553881752e-08,1.5975223880244678e-05,3.0043383441398226e-06,3.080025613962144e-06,1
0.049340524739504975,0.950624052782219,5.773947918441825e-06,1.0788187398183935e-07,2.2098497892129798e-05,3.6372122160965824e-06,3.804938375340993e-06,1
0.05088438941722235,0.9490791548689533,5.911528283025176e-06,1.1045245961302427e-07,2.2814252558207175e-05,3.723878911021088e-06,3.895601612400094e-06,1
0.04247495761313669,0.9574685830916688,8.285021171658586e-06,1.0756407893114847e-07,4.068783244081769e-05,3.700504364259731e-06,3.678373138769587e-06,1
0.07192950283235665,0.9275445421354935,1.138907906217148e-05,1.6046255591954222e-07,0.0005023507868863295,5.52042160211827e-06,6.534282043293684e-06,1
0.07624773945569477,0.9232327413845143,1.114408862244254e-05,1.5966494519212174e-07,0.0004960935106179715,5.620093497462767e-06,6.501802107872891e-06,1
0.05372441335575033,0.9462238543114745,9.712528035311256e-06,1.0386791285997188e-07,3.35550718757303e-05,4.697496926379296e-06,3.6633680248640253e-06,1
0.04282353897368948,0.9571252518413969,9.256233277961566e-06,9.898819627922648e-08,3.388589208749113e-05,4.476808428762572e-06,3.491262923297194e-06,1
0.09475235874454789,0.9048801449904832,1.5017614092687407e-05,1.6747522987993263e-07,0.0003323187981490413,7.574266215390108e-06,1.241811128180111e-05,1
0.13895961301336576,0.8592248643343814,3.122624593334672e-05,1.595008639446799e-07,0.0017361922031829298,3.630300943418511e-05,1.1641692838511857e-05,1
0.30126350204992447,0.6911318323573377,4.2325815369380174e-05,2.3654729344831557e-07,0.007453193246842238,5.3251482669538115e-05,5.565850056328292e-05,1
0.5484633865834546,0.4494496408078385,2.3246885613061666e-05,2.0632960822410774e-07,0.0019536891878580522,5.377767628414983e-05,5.605252934331846e-05,1
0.21476206304454126,0.7661045917126892,3.2276448150391174e-05,1.6234983718658247e-07,0.019051541353723445,3.340440047573331e-05,1.596069058282133e-05,1
0.30766111429492987,0.6670695095309213,2.620084615914046e-05,1.2880772862294365e-07,0.02520212528802886,3.280360109402775e-05,8.117631138208712e-06,0
0.17179158675669728,0.7985396923293756,2.668657758509357e-05,1.2956628918994616e-07,0.02960004472806546,3.5108124400330345e-05,6.751917587056093e-06,0
0.05167694004726053,0.9481128231025715,1.4613275191964943e-05,1.0376159604885768e-07,0.00015519229980820145,3.815114616389396e-05,2.1763674077964224e-06,1
0.1010190004802598,0.8649021655746845,2.1378444815102792e-05,1.5633664497441734e-07,0.03399844295996785,5.588180970636563e-05,2.974393921625997e-06,0
0.08521539799454837,0.8794866033576153,2.089606450245496e-05,1.5280908624255876e-07,0.03521942159396991,5.462090017479672e-05,2.907280102905275e-06,0
0.06933318566586204,0.8951888410350413,2.979917999517508e-05,1.506717019827435e-07,0.03539592644125938,4.9175155978958085e-05,2.9218501613380037e-06,0
0.1163039984004537,0.8835185831160217,2.3955334799518726e-05,1.3481732591237415e-07,0.00011551999295108267,3.537854423540543e-05,2.4297942127204953e-06,1
0.20658595577567407,0.793249375784697,2.3218578202201023e-05,1.20979702758326e-07,0.00011118844092855551,2.7986913785650994e-05,2.1535270095729397e-06,1
0.06033357329323872,0.9094126457386204,3.1274800920335274e-05,1.527594461819437e-07,0.030176408403104052,4.306584859459445e-05,2.879156075793266e-06,1
0.07689413483079058,0.92281756630014,3.0132700028745974e-05,1.3655636046614725e-07,0.0002169584237445793,3.849745183392599e-05,2.573737101841739e-06,1
0.07131850936775452,0.9284015424578438,2.5196594417647984e-05,1.2942307209400126e-07,0.00021928148928928247,3.265632443503359e-05,2.6843431878308334e-06,1
0.8960852369178108,0.09363440121936766,3.938470721239161e-05,2.7400832630753804e-07,1.3993683172756223e-05,9.426756759794236e-06,0.010217282707350438,0
0.9352056773693586,0.05483400118599155,2.874492316899011e-05,2.892583376267375e-07,1.5659406509247535e-05,9.951405587906315e-06,0.00990567645104623,0
0.9324236122796026,0.054670880105653054,2.865941230310111e-05,2.8839784721002424e-07,1.5612822651567993e-05,9.921801984388858e-06,0.012851025179958245,0
0.9026525667139612,0.09363582929515742,2.7888553719232688e-05,2.444560430580255e-07,1.3127622140188154e-05,8.410064348859888e-06,0.003661933294630146,0
0.9753211510691213,0.01866032675437911,1.9778292528798578e-05,2.1902769677097937e-07,1.1762085344573073e-05,7.5352484683279884e-06,0.005979227522460979,0
0.980203903070682,0.014603060254099109,2.7790585612803272e-05,2.7500621634874634e-07,1.4887847899935629e-05,9.321274970751686e-06,0.005140761960519124,0
0.9218088342420606,0.07621629204571359,1.807289672896104e-05,2.3463701448876902e-07,1.1984734331690386e-05,7.910821157015666e-06,0.001936670622993499,0
0.9305425653598997,0.06662741022459887,1.2545078136457275e-05,2.0084945829585328e-07,8.164225838696533e-06,6.0436340789548986e-06,0.0028030706279890756,0
0.8539939079578389,0.14518083300954202,7.640524411994521e-06,2.4661030063919307e-07,7.26166192317599e-06,5.803015889026928e-06,0.0008043072200942972,0
0.8524971953340706,0.14672711297656055,7.721901475280879e-06,1.9490696164994442e-07,7.776709183659282e-06,5.864822169039822e-06,0.0007541333495788676,0
0.777967052423424,0.2213521751111424,9.038882251544047e-06,1.7817617045705334e-07,7.109157360891032e-06,5.361386507927448e-06,0.0006590848631427294,0
0.7450811636996367,0.2544489249774231,7.262281365775239e-06,1.530919712751374e-07,6.27293849652672e-06,5.161518134601737e-06,0.00045106149297211636,0
0.4152091478046973,0.5847048223406479,1.75272654511894e-05,3.2560900361071605e-07,1.6820007531406862e-05,1.097795503531578e-05,4.037901763339885e-05,1
0.2828127324258114,0.7171375512248457,1.2420345119856179e-05,2.4089325099339396e-07,1.2822675752541814e-05,8.12175108302037e-06,1.611068413656607e-05,1
0.1414186337557771,0.8585456163306986,9.133334549749501e-06,1.673740867233949e-07,8.676526796843557e-06,5.643041739482175e-06,1.2129636351474834e-05,1
0.140374734286003,0.8595869213980623,9.85157313570663e-06,1.805362595004092e-07,1.3522922521564477e-05,6.08680631389754e-06,8.702477704078686e-06,1
0.21029352162364323,0.7895100869481273,1.147463328559626e-05,2.261901592840563e-07,0.00016774823688198392,6.806145092807463e-06,1.013622280978154e-05,1
0.695753434870236,0.30413136105932365,7.240235002029627e-06,1.3554825793262578e-07,9.764526304953687e-05,4.663290615886517e-06,5.51973351498279e-06,0
0.7070183292322341,0.29288829786014486,6.971265685566381e-06,1.3051274150619736e-07,7.64663967951309e-05,4.49005285646671e-06,5.314679542263946e-06,0
0.2588991648377267,0.740943736308895,8.624013646041312e-06,1.6145470772432102e-07,0.00013605560915735086,5.683091876706955e-06,6.574683990558178e-06,1
0.23144563225327597,0.7683552679193238,1.0757809925546432e-05,2.0480712717671122e-07,0.00017258808269235098,7.209066475392245e-06,8.340061179882818e-06,1
0.1845607453030632,0.8152739539474884,1.1434998610139171e-05,1.694501425942601e-07,0.00014083150475476604,5.964525546870823e-06,6.900270394187217e-06,1
0.13994194815431654,0.8598792851358029,1.2177632143559062e-05,1.804548975945537e-07,0.00015270833673409014,6.3518851638731705e-06,7.3484009413867795e-06,1
0.10418149424928788,0.8955797102817323,1.3000636943298973e-05,2.10174502527108e-07,0.00020317921766889666,7.397994303406776e-06,1.50074455615315e-05,1
0.11100724599046394,0.8887596835302298,1.6145019053007855e-05,2.0716448913221966e-07,0.00019406522390454737,7.292043954145501e-06,1.536102790559379e-05,1
0.08126056153292699,0.9187134717274135,6.809536404251642e-06,1.1008620595291038e-07,7.264436613697563e-06,3.874798790808383e-06,7.907881644647746e-06,1
0.12444644100296032,0.8755240155623285,8.424581558820456e-06,1.2484150775133542e-07,7.442528093550723e-06,4.294720942143871e-06,9.256762608787843e-06,1
0.19826792968201906,0.8017011720251243,1.0947564868800511e-05,1.6190404215695125e-07,7.159417628596245e-06,5.569950680064746e-06,7.059455637026922e-06,1
0.19415828513340158,0.8058106581904045,1.1003681621453124e-05,1.6273395540213993e-07,7.1961164993511174e-06,5.59850201073475e-06,7.095642106857681e-06,1
0.24250380654179113,0.7574634016180758,1.2218374608051653e-05,1.8069810604814097e-07,7.894984342712962e-06,6.124653534947436e-06,6.373129541388465e-06,1
0.4369239628327828,0.5630273023827291,1.0444146337856563e-05,1.9513882466404499e-07,2.449958026950935e-05,6.7133953894359535e-06,6.882523666633922e-06,1
0.15190279945075727,0.8480676208192715,7.358368587939014e-06,1.3748558246957454e-07,1.250494225555568e-05,4.729887551745884e-06,4.8490459934229066e-06,1
0.1284648953058481,0.8714647598973247,7.56173826087494e-06,1.4128539184390679e-07,5.286992654161681e-05,4.788783311113847e-06,4.983063321577692e-06,1
0.0882694260798828,0.9116833928137823,6.825828635718177e-06,1.4177218687133048e-07,2.9450164040093006e-05,4.990224911108273e-06,5.773116561219366e-06,1
0.0740665649564508,0.9258869453864421,5.84280492847548e-06,1.2135482391661333e-07,3.131224165259047e-05,4.271556211102682e-06,4.941699491259923e-06,1
0.05967800068918252,0.9402904749739338,5.371669155040272e-06,1.115693528071123e-07,1.757075543643179e-05,3.92711840016674e-06,4.54322453952016e-06,1
0.07226105311669755,0.9277161328033623,6.8922511753110175e-06,1.1142467525436868e-07,7.351045066572682e-06,3.922025909575235e-06,4.537333113322869e-06,1
0.0652837703022702,0.9346982175734226,4.42918127826718e-06,8.707659450125757e-08,7.429041847610355e-06,2.995677750218406e-06,3.0711468366559467e-06,1
0.06724763275160527,0.9327324806199999,4.440960370872893e-06,8.730816851143727e-08,9.319787704812412e-06,2.959257817350328e-06,3.079314333247747e-06,1
0.04272363642346469,0.9572507562895957,4.329379084815404e-06,8.560361209350303e-08,1.4514751385448156e-05,2.9450030465205115e-06,3.7325498109399803e-06,1
0.03930965138536784,0.9606646500030782,4.344819177125411e-06,8.59089047571622e-08,1.4566516106637422e-05,2.9555059657615197e-06,3.745861399623618e-06,1
0.03323344961488053,0.9667389437722268,5.444007031937262e-06,8.37856757147795e-08,1.6241281402685492e-05,2.882460963975287e-06,2.9550778185843076e-06,1
0.047261064363106266,0.9527093391702849,6.312926013200887e-06,9.181020191186075e-08,1.67951046013066e-05,3.1585270494983363e-06,3.2380987427141774e-06,1
0.04029921430154332,0.9596682377542811,5.332489662500051e-06,9.963355851234247e-08,2.017412409677242e-05,3.427672339737603e-06,3.5140245183283624e-06,1
0.08231964127333981,0.917215057744936,1.191180846149021e-05,1.67827374006333e-07,0.0004404797518902822,5.9074052367243355e-06,6.834188761723192e-06,1
0.08398510078472966,0.9157252808291315,1.169190074069666e-05,1.6751362576170014e-07,0.00026504119780179565,5.896361519724466e-06,6.82141245070614e-06,1
0.06307040336868937,0.9368729697242038,7.499171047744788e-06,1.0303333458503547e-07,3.987241715284009e-05,4.659752556887428e-06,4.492533014913247e-06,1
0.031854387329720166,0.9681094189301246,6.464613258287892e-06,7.20936600208104e-08,2.0975489518224033e-05,3.335935132685338e-06,5.3456085860080906e-06,1
0.06111313047784073,0.9387836682093321,8.423113533599077e-06,1.1310987368567398e-07,8.461760809921205e-05,5.115528400818742e-06,4.931952919997026e-06,1
0.1053159049014718,0.8940597465555026,3.9003316735571635e-05,1.5589172098676124e-07,0.0005452831146832103,3.545850792417137e-05,4.4477119616738286e-06,1
0.10574075845025781,0.8936215210165812,4.3656371767314026e-05,1.6450739468230214e-07,0.0005517879355353668,3.7418194635381366e-05,4.693523828468154e-06,1
0.13769826668479518,0.8609599173693416,3.263803332312117e-05,1.6264409820776985e-07,0.001260125734729459,3.7018421628732115e-05,1.1871112083683288e-05,1
0.3108512594641788,0.6654709298099507,3.2504691203894264e-05,1.8942439568587076e-07,0.02357806169814264,3.710098569519945e-05,2.9953926433196335e-05,1
0.17911103280504861,0.7995138532288147,2.9718652085678073e-05,1.389043542014379e-07,0.021299974021909165,3.1626633914226434e-05,1.3655753873456884e-05,1
0.19822586336119813,0.7774316205453764,2.4731894226321582e-05,1.3095789736337372e-07,0.024280011895117474,2.938820860611876e-05,8.253137577972212e-06,0
0.18536100895497828,0.7840924246715918,2.5707353624815004e-05,1.2705074359061613e-07,0.03047871413233867,3.539700845421793e-05,6.620828268381095e-06,0
0.19710177698102377,0.7677835516593792,2.5451837945993213e-05,1.2619055682566866e-07,0.03504832391460336,3.4193414003604154e-05,6.576002487055466e-06,0
0.20277684373556676,0.7970171067911739,1.5801485507085927e-05,9.640922927328742e-08,0.00015916861465966562,2.8985733286011255e-05,1.9972305772218875e-06,0
0.12144508729165573,0.8783585835580124,1.664264725189496e-05,9.973721385846425e-08,0.00014636090623938177,3.115968593467726e-05,2.066173692151237e-06,0
0.06112943484236899,0.9386478148097039,1.6988657331292676e-05,1.1019880973197963e-07,0.00016482019716022482,3.854839667070198e-05,2.2828979551976226e-06,0
0.046832691271001654,0.9529363943081609,1.5756112150850025e-05,1.118763126554909e-07,0.0001673291749183552,4.539960805422098e-05,2.3176494012725485e-06,0
0.18624658290087565,0.8135307925387163,1.6123596888897637e-05,1.1568124235284193e-07,0.00016638720332488004,3.7754794700178925e-05,2.2432842517714432e-06,0
0.15826361713388132,0.841504529009039,2.3990624309529884e-05,1.5852476068688665e-07,0.00016560350524273687,3.967918364909814e-05,2.4220191177381596e-06,0
0.16480640936751928,0.8349644152246478,2.3713477013268073e-05,1.5669343240430134e-07,0.00016369040105931363,3.922079714258886e-05,2.3940391851897265e-06,0
0.2657024451847217,0.7341062937766638,2.0849047462800725e-05,1.3669754900026624e-07,0.00013368725139897763,3.448318695302207e-05,2.1048552505352973e-06,0
0.38146971403304236,0.6183385234697154,1.9732520048133158e-05,9.21069788065735e-08,0.00014610175389003508,2.4100136046424102e-05,1.7359802786469009e-06,0
0.2891819668285343,0.7105989975798459,2.2676751380854875e-05,1.058499904595785e-07,0.00016790116727055435,2.635682218290885e-05,1.9950007948765415e-06,1
0.10046152365494208,0.8992630029328192,2.5829528805612027e-05,1.3267415879113315e-07,0.00021488875129423697,3.187068452433069e-05,2.7517734557675703e-06,0
0.04744299274117182,0.9522487329645796,3.1212985279706644e-05,1.7844199079636833e-07,0.00024143856925205022,3.273344169101202e-05,2.710856034856267e-06,1
0.02394783610605417,0.9757147520948231,3.501692008664413e-05,1.9873794837144818e-07,0.00026948799488289303,2.966536136881104e-05,3.042784836146387e-06,1
0.052789254059576046,0.9468472033809493,3.5397210230118124e-05,2.023628501246395e-07,0.0002931112992659379,3.175743004873809e-05,3.0742570795296122e-06,1
0.9778883246284013,0.017364795362372145,3.1581735857724385e-05,3.12522154263529e-07,1.6589789404441984e-05,1.0592869401351295e-05,0.004687803092408766,0
0.9405535272349173,0.057977226664162905,1.151587247969534e-05,1.6834633684106517e-07,7.448814085812012e-06,5.67582129396779e-06,0.001444437246723523,0
0.945741605576609,0.053323403230802466,1.0762062291652806e-05,1.5771305080951018e-07,7.231964726461006e-06,5.3173185049244595e-06,0.0009115221340149275,0
0.9405254967203788,0.05744449797836899,9.413813792253589e-06,1.507172279124692e-07,6.055627391725028e-06,4.535136826486612e-06,0.00200985000601401,0
0.9575556644540457,0.041793284829310474,8.295900849576548e-06,2.169958859418474e-07,6.749125588360154e-06,5.649056127230079e-06,0.000630139638192696,0
0.890416184898707,0.1092354152114019,7.900591513867708e-06,1.7879050381634926e-07,6.810865576798511e-06,5.379872024680043e-06,0.00032812977027204106,0
0.82896183088948,0.1706956311865059,7.876514701233955e-06,1.9880952298122764e-07,7.93241980727103e-06,5.982251674984582e-06,0.00032054792830769587,0
0.7603511137801665,0.23943262834778495,7.373446197289476e-06,1.55435373070775e-07,6.151322842504815e-06,5.240526267844098e-06,0.0001973371413677805,0
0.8350866219225741,0.16460826665776407,9.594799140134854e-06,1.792695895409828e-07,7.521338321408275e-06,6.044100351516374e-06,0.00028177191225931117,0
0.8155276456362053,0.18425486997371623,1.016003020089918e-05,1.8983038802973687e-07,7.872796204135682e-06,6.400159212484423e-06,0.00019286157407329095,0
0.7398836460647948,0.2600373343715283,1.1309011408346401e-05,2.1129799630803497e-07,8.763117857688755e-06,7.12394275588019e-06,5.161219365860366e-05,0
0.6980817816953038,0.3018436297185525,1.3707297439558195e-05,2.561076631012439e-07,1.0616680331576177e-05,8.634707205721531e-06,4.137379350388044e-05,0
0.7035457414445709,0.2964197887285507,1.1182490347270053e-05,2.0893407202403713e-07,8.665079317478813e-06,7.0442427039502836e-06,7.369080437720742e-06,0
0.17991518526920447,0.8200480406721158,1.0556892025104502e-05,1.9346167073096194e-07,1.1424057252433218e-05,6.522588438250639e-06,8.077059293324186e-06,1
0.19814647107550443,0.8016538925994785,9.498703188781234e-06,1.872402484495396e-07,0.00017569082959503445,5.868785192667126e-06,8.390766792201318e-06,1
0.14733282296505776,0.8525674994414572,9.796316208195625e-06,2.216907819285709e-07,7.464588568924893e-05,6.670757173166504e-06,8.342943632774271e-06,1
0.231775543422515,0.7680976882855582,9.180394794048166e-06,2.1113016039272496e-07,9.741446115779697e-05,7.283007266393233e-06,1.2679298548249846e-05,1
0.3276308513414196,0.6722794110952914,8.112927675457749e-06,1.7068148293745837e-07,6.964271349160354e-05,5.887716270190997e-06,5.923524368630873e-06,1
0.19668130051655114,0.8029555195550072,1.007828460805686e-05,1.8830305028544503e-07,0.0003399232492867077,6.348664797727323e-06,6.641426698762552e-06,1
0.3185789707606573,0.6811770145342915,1.121840180149934e-05,1.5704764281649048e-50,0.00021074626191311386,7.392753625453872e-06,1.4657287711158024e-05,0
0.12319047255475701,0.8767784714413553,8.09920898360993e-06,1.309356665849753e-07,8.811631899753688e-06,4.608655173148321e-06,9.405572164599334e-06,1
0.22644888357934617,0.7735253605522607,7.711930363867673e-06,1.4652733147555011e-07,7.688517913944506e-06,5.0409489394287605e-06,5.167943844407857e-06,1
0.32005666316296805,0.679905070155915,1.0683786654332255e-05,1.9961627338856976e-07,1.3475401579053757e-05,6.867433847315417e-06,7.04044276277348e-06,1
0.3158735228999476,0.6840883008786027,7.427779788751773e-06,1.3878247854913447e-07,2.103585343839863e-05,4.679018891014516e-06,4.894786853122633e-06,1
0.5116577372001108,0.4882032249966276,1.536601081276952e-05,2.870991264178548e-07,0.00010357915159035814,9.6795889104521e-06,1.0125952821754826e-05,0
0.48851693087623527,0.511313117949117,1.591798189999555e-05,3.251163867005084e-07,0.00012950749073202905,1.096134638435734e-05,1.3239239244468081e-05,0
0.14315357710303056,0.8568170499919745,6.840589003644418e-06,1.3971699426078886e-07,1.1992646228163993e-05,4.71052587024196e-06,5.689426898541158e-06,1
0.13807898298031313,0.8618892332259364,8.54579741854731e-06,1.3908434973167095e-07,1.2650357446977756e-05,4.784889605308861e-06,5.6636649300689495e-06,1
0.13408601845116525,0.8658431159231094,7.617724943429553e-06,1.423314608970628e-07,5.3261372488547626e-05,4.824239191998983e-06,5.019957640676012e-06,1
0.08625026643946934,0.9136921461351573,6.840868293181737e-06,1.420845599533688e-07,3.981741569009091e-05,5.001220099727053e-06,5.785836730478173e-06,1
0.14089080737495957,0.8590640497733053,7.833738176478603e-06,1.7939452147420534e-07,2.6316224345548947e-05,5.339489379629208e-06,5.474005311956771e-06,1
0.09483721233119424,0.9051289450777272,5.882514645160904e-06,1.3444126792931907e-07,1.9721820594374908e-05,4.001503035842159e-06,4.102311535177588e-06,1
0.04613780395651746,0.9538425456175967,5.483639837295226e-06,8.439564211598182e-08,7.541971876496471e-06,2.8605394883447027e-06,3.6798790415535883e-06,1
0.03538476582838293,0.9645880712000413,5.545415853082417e-06,8.53464023180411e-08,1.5585931162136e-05,2.9361543127602614e-06,3.010123845567155e-06,1
0.039500066180288645,0.9604697561961951,5.492449094365019e-06,8.73185268188054e-08,1.803815028349886e-05,3.00400089681007e-06,3.5557047147508118e-06,1
0.049088935711672055,0.9508773098967355,5.425655539193455e-06,1.0137429284365573e-07,2.1273102529147788e-05,3.4875584564974933e-06,3.4667007746754523e-06,1
0.11601532719116747,0.8837232348351135,1.0297017583649417e-05,1.7847053181999415e-07,0.00023880930128199491,5.634599934213929e-06,6.518584387578559e-06,1
0.04092094580256666,0.9590318451068277,8.432080015254193e-06,9.403493845647365e-08,2.735925552082178e-05,4.351207232457107e-06,6.972512898534589e-06,1
0.033522540361507154,0.9664399864967932,6.505683221102563e-06,7.978764741313044e-08,2.2184464987004978e-05,3.3967723254993383e-06,5.306433518665078e-06,1
0.03520275566379299,0.9647490405722027,7.4953176454238794e-06,9.61301482190521e-08,3.0121653371128754e-05,4.094398529485918e-06,6.396264310250223e-06,1
0.07536422791175379,0.9245036814642723,1.0788912306642358e-05,1.4487902879883175e-07,0.00010838414438302672,6.455498377480906e-06,6.3171898778385066e-06,1
0.10202610059234948,0.8975111629196791,4.061885835445074e-05,1.5678140892918035e-07,0.0003818268799693253,3.5660872788428573e-05,4.473095450152928e-06,1
0.1341656448885832,0.865101177805217,5.815828568006682e-05,1.677759330702182e-07,0.0006267150890549783,4.132833921242311e-05,6.807816319143531e-06,1
0.13634523532832607,0.7205697249417753,2.0454039301353077e-05,1.37172005448586e-07,0.14301331883634266,3.3807099313487715e-05,1.7322582935688782e-05,1
0.502147111579487,0.49215769275555915,2.592138916119089e-05,2.0224055855241499e-07,0.0055691327498010295,5.2353003307367785e-05,4.758628212572516e-05,1
0.1564697052810305,0.818307381209693,2.909768681419339e-05,1.3566877677816615e-07,0.025153423965183396,3.04453751439721e-05,9.810813358044975e-06,1
0.16613095312318762,0.8023300646525903,2.855667797753491e-05,1.2940860407448976e-07,0.03146645614495411,3.605392084310146e-05,7.786071843349186e-06,0
0.13028552240350388,0.8695062660325255,1.547260040474246e-05,1.0036473835518976e-07,0.00015873337610271867,3.1826049124510845e-05,2.0791736001710726e-06,0
0.28638583960589875,0.713421720252403,2.016034836533563e-05,1.332151409961254e-07,0.00013916371300466958,3.0947538864259556e-05,2.035326322946411e-06,0
0.1993223632488267,0.800470326100233,2.465782194771332e-05,8.98097400407295e-08,0.0001465668643938561,3.3756932445321774e-05,2.239222413290616e-06,0
0.19175765130589856,0.8080757228858167,2.4394376320331255e-05,1.2705550628250566e-07,0.00010886917605598444,3.0945296402212476e-05,2.2899039998772823e-06,0
0.2224292588839954,0.7773989320696283,2.3249893412917652e-05,2.0174655969908824e-07,9.842662858222209e-05,4.777520574996743e-05,2.1555720715711113e-06,0
0.15972404225845213,0.8400145830999948,2.519815720070753e-05,1.2307991436083836e-07,0.00019895376989577965,3.47798938798488e-05,2.31974066239502e-06,0
0.17896947934647517,0.8207769482568978,2.6768235344194557e-05,1.2226196833703312e-07,0.0001939341430968057,3.0443431739582277e-05,2.3043244780328617e-06,0
0.11254973446912812,0.8871623752840961,3.255861838708948e-05,1.4875826801055364e-07,0.0002239919526007835,2.8322572360802644e-05,2.8683451588790214e-06,0
0.9832650293774509,0.01221414295428074,1.8159757839601782e-05,2.357647159293058e-07,1.251523110571913e-05,8.1110550893008e-06,0.0044818058595176985,0
0.9860618185040171,0.012522256291473344,1.3915303588941675e-05,1.8065976576859603e-07,9.223718429012146e-06,6.090970345738488e-06,0.0013865145523801058,0
0.9338286297028031,0.06353108057233134,1.0990755855442521e-05,1.7596441694631019e-07,8.2644070196972e-06,5.294834031235747e-06,0.002615563763542438,0
0.9196887579656395,0.07777577697260293,1.1351893753522419e-05,2.0856042936578102e-07,8.451431779394012e-06,5.973141397914572e-06,0.0025094800343970366,0
0.9213199323772955,0.07773789419474919,1.5558111903278577e-05,3.1605166883146024e-07,1.5424733725993818e-05,7.495173348469998e-06,0.0009033793573088241,0
0.88016229897415,0.1191724440235325,8.438733051307477e-06,1.909686548363682e-07,7.531914297118576e-06,5.746317068384537e-06,0.0006433490692458841,0
0.6941341620568482,0.30578146989767285,1.4378528932106134e-05,2.686489776612024e-07,1.113656765555752e-05,9.057539454818603e-06,4.952676045877061e-05,0
0.5560053637888109,0.4439340636233206,2.144229305547508e-05,3.489731511933985e-07,1.470739849923528e-05,1.1765680677902182e-05,1.2308242484515313e-05,0
0.41146248479693137,0.5884505179144526,2.7792483145556837e-05,3.5207303344701475e-07,1.5896284725298726e-05,1.1870193660091268e-05,3.1086254051825896e-05,0
0.4032149205756504,0.5967132798246801,1.4383218863233493e-05,2.843435090912931e-07,1.3776647338255682e-05,8.760942240854963e-06,3.459444771812402e-05,1
0.313334920491557,0.6866121574622251,1.2446488343185023e-05,2.41400300193586e-07,1.2613478203106444e-05,7.581263033885632e-06,2.0039416337406793e-05,1
0.2678924161998599,0.7320618163101948,1.1223446421627406e-05,2.2654388119372177e-07,1.1528526091790629e-05,7.637959987875314e-06,1.5151013562783003e-05,1
0.19572044327756485,0.8041596328793852,7.723450169798942e-06,2.0481938490631273e-07,9.873811620478955e-05,5.865998410147232e-06,7.391458880148625e-06,1
0.17954309842295324,0.8202554946155449,9.286682825349252e-06,1.8306086261798172e-07,0.0001782253724672784,5.508368691795255e-06,8.20347665486376e-06,1
0.19771299493448302,0.8021100352361743,1.1572245500351846e-05,2.2811430987380542e-07,0.00014945152161111765,6.864043491816933e-06,8.853904429539773e-06,1
0.1963980539137254,0.8034404616662565,1.0138005882607173e-05,1.9984230505109847e-07,0.00013737667311154958,6.01332846735716e-06,7.756570251468206e-06,1
0.16104925230326125,0.8387073417579535,9.68465575937633e-06,1.809484740088794e-07,0.00022105759871753736,6.1007041861575494e-06,6.38203164824571e-06,1
0.29132766904146606,0.7084083349266266,1.4049573421481246e-05,2.67475702808134e-07,0.00022977511825312183,9.414956152538428e-06,1.0488908377635004e-05,0
0.08812243075794308,0.9117057257945158,1.1793565192484032e-05,1.7476358080088998e-07,0.00014076502914327958,6.151554825453661e-06,1.2958534799130526e-05,1
0.049716873713042176,0.9502558329192778,9.144605659261438e-06,1.1733882465524638e-07,5.200629472603416e-06,4.1302438970017146e-06,8.700549826319087e-06,1
0.039766047816809647,0.960213329035968,7.430187715220436e-06,8.739104297694936e-08,3.821553831544931e-06,3.0064068369673056e-06,6.277607795473044e-06,1
0.06242599761382546,0.9375482491285297,9.523882159246203e-06,1.120162810128134e-07,4.128100138755575e-06,3.942733301254501e-06,8.046525764561623e-06,1
0.0844595497208081,0.9155150436492443,6.6626528323587555e-06,1.0771161623247018e-07,7.107740719254125e-06,3.7912183158725535e-06,7.737306464030923e-06,1
0.19172129079098876,0.8082483826693303,1.0642883658682501e-05,2.7258430209469147e-08,7.077261139149758e-06,5.646207833545148e-06,6.932928619407837e-06,1
0.23432700295124556,0.7656404348777324,8.386571893807007e-06,1.8111866189951086e-07,1.30770585018646e-05,5.3908066072360275e-06,5.526615356952146e-06,1
0.13633742218512718,0.8636197827994956,8.562956150212906e-06,1.393636110947768e-07,2.3623161886191244e-05,4.794496975196756e-06,5.67503675437267e-06,1
0.09337878889967456,0.9065825821423288,6.223304004479084e-06,1.292577744573393e-07,2.2463148675021775e-05,4.549731370348691e-06,5.263516172345407e-06,1
0.05421137772212521,0.945766308365639,6.4387936209475015e-06,1.0409378155194696e-07,7.95109717508671e-06,3.5811164540519533e-06,4.23881120450588e-06,1
0.052931121909241666,0.9470503542631853,5.617987812867412e-06,9.082409385689641e-08,5.991958294233355e-06,3.124602181668042e-06,3.6984551905012878e-06,1
0.03392277837187546,0.9660536995078595,4.1496787338215585e-06,8.20504468847793e-08,1.2890004667537067e-05,2.822764251818096e-06,3.577622164737678e-06,1
0.05119115621236864,0.9487810721801118,5.664096791688656e-06,8.717295444724522e-08,1.5946799569746732e-05,2.9989928011555818e-06,3.0745454025391823e-06,1
0.048026907195232886,0.9519382240575291,5.442033074728053e-06,1.0168029477675827e-07,2.23497829570161e-05,3.4980857765858534e-06,3.4771651351043314e-06,1
0.04578215965955437,0.9541790321474005,4.9717394656799325e-06,1.0154629872112817e-07,2.6106356389758166e-05,3.4934759384913954e-06,4.135074952391982e-06,1
0.04959010759202335,0.9503730549534427,4.981475908613647e-06,1.0174516266994392e-07,2.411074314243831e-05,3.5003174130598494e-06,4.143172907157817e-06,1
0.10032015266102505,0.899395393641059,1.1483402161366358e-05,1.645263994958961e-07,0.0002603147880903851,5.7912132613406735e-06,6.699768003277009e-06,1
0.05490931932254532,0.9450499550394955,7.469793718271347e-06,1.0204332692572076e-07,2.3982661614866654e-05,4.721773305022168e-06,4.449365994138835e-06,1
0.09581844364406536,0.9040412013698421,1.0934489096050218e-05,1.4683390833308082e-07,0.00011632863058759866,6.542603611179277e-06,6.4024288893679045e-06,1
0.11484971439667964,0.884582231264493,5.546724878577793e-05,1.8856940365373103e-07,0.00047433244259166075,3.141525709500453e-05,6.6508209511060945e-06,1
0.1054221459542606,0.8938485142624123,5.426032605813569e-05,1.5653103812546095e-07,0.0006299527431818127,3.855837796601188e-05,6.411805082951101e-06,1
0.116757988910534,0.8821630012317417,4.94693063742154e-05,1.427098295319104e-07,0.0009882049666512086,3.51537919409063e-05,6.039082928584751e-06,1
0.12028404053001504,0.8785698282416201,5.1369940121168185e-05,1.4819280752190713e-07,0.0010544612922016854,3.3880695932394734e-05,6.271107301998996e-06,1
0.2559666340456384,0.7349203864892554,2.8853184576426473e-05,2.0956467360426228e-07,0.009023836855254356,4.5860006685718193e-05,1.4219853916246715e-05,1
0.17634983302377832,0.7941906672614286,2.9344026119652725e-05,1.3715336032298678e-07,0.02938028443114114,3.077852993483851e-05,1.895557423715252e-05,1
0.19784288198309435,0.7722127134860665,2.7689994038621163e-05,1.2548110386606772e-07,0.029874079589536362,3.495969853355392e-05,7.5497676269004835e-06,0
0.1500149567921143,0.8497834559450328,1.9125388334082865e-05,1.2887428096793915e-07,0.00015065664615704225,2.9572890738872205e-05,2.103463341978619e-06,0
0.20470922946887085,0.7950925356536063,1.4666986316089765e-05,9.840997271022084e-08,0.00014420590258924825,3.722490031413129e-05,2.0386783307154074e-06,0
0.45307546185968084,0.5467689948525803,1.552437907335142e-05,7.984104106948218e-08,0.00011467248850283366,2.3718306070055997e-05,1.548273051303432e-06,0
0.21947254939760671,0.7803648724375036,2.4062817015561038e-05,8.755398425819152e-08,0.0001050807931801914,3.116402095889311e-05,2.1829797506921247e-06,0
0.34804360559648134,0.6517559258241103,2.0312863958149628e-05,9.708479573629572e-08,0.00015399765703873354,2.4231174256804176e-05,1.8297993587283304e-06,0
0.1207886311598293,0.8789232743819388,3.443102047241732e-05,1.612767497318021e-07,0.00021097858100344586,3.9413854472882184e-05,3.1097255333743143e-06,0
0.951606304528775,0.045297296241573755,1.5058390612033794e-05,2.0570728685185866e-07,1.113625298809672e-05,6.9724030594343624e-06,0.003063026475704771,0
0.9845676039182689,0.01102769423185099,1.6695656614631853e-05,2.1675656546575573e-07,1.1066667328998639e-05,7.45711433761596e-06,0.004369265655033429,0
0.9609103583472924,0.038070165092026105,1.2186295472842658e-05,1.582123790285266e-07,7.010481655562794e-06,5.334153428637994e-06,0.0009947874177455957,0
0.9039752271850512,0.09378464325229816,1.7243482725361085e-05,2.5665293984907946e-07,1.334747611538265e-05,8.653091290784174e-06,0.0022006288595792225,0
0.9552870882059448,0.042759122526025775,1.2809962578672768e-05,2.6225882119283656e-07,1.4182275050042682e-05,6.171243060305619e-06,0.0019203635285191957,0
0.8496972091903928,0.14960107017545474,9.308067218050053e-06,1.834823958444299e-07,7.320873614385814e-06,5.521052781632438e-06,0.0006793871581425994,0
0.8751382492757581,0.12480879702379746,7.1988827783141855e-06,1.8170555194040347e-07,6.92191174815014e-06,5.467586894980459e-06,3.318361347087026e-05,0
0.7301349922473664,0.2697880457199728,1.0871636330535417e-05,1.9922955762768506e-07,9.531861004114482e-06,6.717053586016379e-06,4.9642252182427295e-05,0
0.532170942351621,0.46775055046044306,2.4084183147324392e-05,3.919698917040337e-07,1.6212482799372187e-05,1.3215322053775264e-05,2.460323004388248e-05,0
0.3945732934752729,0.6053472647379788,2.5380878250123912e-05,3.215230085872721e-07,1.4510347777264776e-05,1.0840195117302211e-05,2.8388842594942816e-05,0
0.2075102438898887,0.7924552648740132,9.458802804356094e-06,2.140528485648069e-07,1.1202998024702368e-05,6.70918885500147e-06,6.906193565507911e-06,1
0.16209401878303645,0.8378734464976356,8.207979542837349e-06,1.8574669949741062e-07,1.2558881604959234e-05,5.589186511433684e-06,5.992924969157633e-06,1
0.18503491510261455,0.814858901185786,1.0278822075467158e-05,2.3260989690273437e-07,7.991909690009261e-05,6.999317359137607e-06,8.753865367799678e-06,1
0.3072781013967927,0.6925707768528001,7.676341962247197e-06,2.0079008357186855e-07,0.00012895073581496068,5.57087715737866e-06,8.723005388799834e-06,1
0.14033633591280362,0.8595245401147253,8.768710196609625e-06,1.6383491251781894e-07,0.0001188892710733748,5.5237179650775425e-06,5.778438323414535e-06,1
0.15332052110122513,0.8463146503669803,9.850297348194072e-06,1.8404332771082518e-07,0.0003419713292884247,6.331675051530427e-06,6.49118677862575e-06,1
0.17941743798593687,0.8199239457558377,1.1029977102304292e-05,2.0608450879449446e-07,0.0006330216582499,7.089961690386525e-06,7.268576673794412e-06,1
0.7646116048444508,0.23527503058921234,5.222612202398602e-06,9.757948365374186e-08,0.00010124571342289259,3.3570441801747424e-06,3.4416170476635024e-06,0
0.14207749055730656,0.8577468088283001,8.348757796256979e-06,1.5894360576915567e-07,0.00015050583865542256,5.594702858361637e-06,1.1092371477266724e-05,1
0.026106967129528137,0.9738732291525901,7.0655935737206176e-06,8.310283285887628e-08,3.63403284394547e-06,2.8590014105309007e-06,6.1619872205238774e-06,1
0.04383227326557526,0.9561475175328888,7.083246116598032e-06,9.08885226389527e-08,3.3071413292024366e-06,3.1990814341482267e-06,6.528844133234681e-06,1
0.1429359780565141,0.8570324520124081,8.752506643405652e-06,1.414971874368093e-07,7.5312855762705105e-06,4.980398098354491e-06,1.0164243572709336e-05,1
0.13321555705747903,0.8667501254800876,9.514237366791906e-06,1.5381168879449378e-07,8.186733420387628e-06,5.4138421848059276e-06,1.104883777237753e-05,1
0.1827220203538428,0.817249417702342,1.0042307110629179e-05,1.4851614338691752e-07,6.786044027534838e-06,5.109369616952693e-06,6.475706916606215e-06,1
0.18157411165987772,0.8183952506130141,1.0772147259400159e-05,1.5930978303469057e-07,7.2792302374427475e-06,5.480700929596551e-06,6.946338898614684e-06,1
0.1815978400791724,0.8183711306760963,1.1992359181440031e-05,1.5448803284246186e-07,6.831480740099543e-06,5.314819272755203e-06,6.7360975042592124e-06,1
0.19322248534048356,0.8067501581913605,7.671035477784271e-06,1.566786163081703e-07,7.758450140449457e-06,5.390181454588397e-06,6.38012246660595e-06,1
0.1913653350822254,0.8086023521405985,8.172727072520687e-06,1.5270125823434495e-07,1.334830452808501e-05,5.253349242044323e-06,5.385695075305437e-06,1
0.5428833235220212,0.4570412121674116,1.61607583643423e-05,3.019482196899777e-07,3.796394752960739e-05,1.0387977837854585e-05,1.064967861568329e-05,0
0.5469122428329217,0.4529288969005607,1.6217690085901543e-05,3.030119341259679e-07,0.00012122779580401325,1.0424572993137225e-05,1.0687195700214502e-05,0
0.1772417763266686,0.8227155581753762,7.603906324109891e-06,1.5530752332573e-07,2.311534017407386e-05,5.466653854228678e-06,6.324290079601286e-06,1
0.12229701945653473,0.8776646326540194,7.535013624590233e-06,1.407860621158591e-07,2.0863204282807663e-05,4.8434332582362835e-06,4.96545221811728e-06,1
0.15814350804522836,0.8417901055294702,8.006506214988177e-06,1.4959554653434838e-07,4.7807661227667724e-05,5.14650409620966e-06,5.276158216202936e-06,1
0.0903697519759255,0.9096011521082724,5.8608868769043545e-06,1.2173038525992655e-07,1.3968440966556758e-05,4.18786481875345e-06,4.956992754760211e-06,1
0.1076432201887895,0.8923262692545156,6.125440477392364e-06,1.272251529266105e-07,1.4598960106154734e-05,4.478185330033296e-06,5.180745628413601e-06,1
0.08314336776358264,0.9168314578715887,7.605305409321682e-06,1.229523799828322e-07,8.111564913542176e-06,4.327788425999479e-06,5.006753699612757e-06,1
0.06080847210391056,0.9391697576204553,6.576912512890136e-06,1.0632670259468712e-07,7.0147153740344455e-06,3.7425828839443988e-06,4.329738160887225e-06,1
0.0663869797152764,0.9335920617649667,6.331676877046864e-06,1.0236206166829187e-07,6.753155229872674e-06,3.603031887722172e-06,4.168293700612132e-06,1
0.03354700900636421,0.9664345640044998,5.597771726766765e-06,8.615218236728525e-08,6.02272086890267e-06,2.9638753941704468e-06,3.7564689636675082e-06,1
0.031913461177066726,0.9680588582678875,5.458588378889558e-06,8.401008909265772e-08,1.6284782404372876e-05,2.8901814101733914e-06,2.9629927633466914e-06,1
0.048131255117375434,0.9518315610307803,5.017286420568031e-06,1.0247658171741807e-07,2.428406889395673e-05,3.6070628673845625e-06,4.172957080692473e-06,1
0.06665849036975684,0.933296539782736,7.762342686924332e-06,1.0664912776807434e-07,2.9670368152096606e-05,3.6690274920019555e-06,3.761460048512888e-06,1
0.07245869948326844,0.927494696493379,7.692409895493814e-06,1.0568830041101693e-07,3.14423806455908e-05,3.635972350699932e-06,3.727572160325475e-06,1
0.11106173823020091,0.8886630854109256,1.1108875776250384e-05,1.5916043940902822e-07,0.00025182472955148633,5.602335249604514e-06,6.481257856534536e-06,1
0.06971771996932245,0.9302246311712883,9.903690678468248e-06,1.3299331565705858e-07,3.5659407286583994e-05,6.153898608901627e-06,5.7988694994531585e-06,1
0.06278810057928622,0.9371599805917104,8.919309562897738e-06,1.19774394279138e-07,3.211502688689446e-05,5.5422295075121115e-06,5.222488651924267e-06,1
0.04896979943171104,0.9509836379601163,6.4607258614536805e-06,9.629179097626382e-08,2.8410099420801755e-05,4.45563685370096e-06,7.1398542459382296e-06,1
0.05027115831636728,0.9496908260762272,6.72593844012478e-06,9.032035461307515e-08,2.3176336624372626e-05,4.0847994005270525e-06,3.938212585782364e-06,1
0.10921870379538685,0.8906184543570725,9.862422579027355e-06,1.3243765119616874e-07,0.00014108263126285994,5.989650098225998e-06,5.774705949629406e-06,1
0.0921774953444488,0.9073284445063131,4.9960861359905585e-05,1.4688119765504505e-07,0.00041203353758576525,2.7728234367087277e-05,4.190634727875001e-06,1
0.0943975599890314,0.9050660057435406,5.2134069744408205e-05,1.5039718062243018e-07,0.00044156927591761547,3.641997381704598e-05,6.160550768234885e-06,1
0.17187575598050084,0.7930942516656964,3.2607786044929404e-05,1.554789527165975e-07,0.03493841369382785,4.020387008864827e-05,1.8611524888568263e-05,1
0.20208628671149342,0.7679939289886661,2.824079869579279e-05,1.2797715266622517e-07,0.02984806046675252,3.565511091749087e-05,7.699946321907074e-06,1
0.16082178424197777,0.8389936585967089,1.8802881691468117e-05,9.359719893731827e-08,0.00013083399989530987,2.801520776625912e-05,6.8114747613376e-06,1
0.15096284276000393,0.8488294205627073,1.8554018458592093e-05,9.52598786071691e-08,0.0001572710727473074,2.5811946041126463e-05,6.004380162939545e-06,0
0.20480730470488737,0.7949618369420595,1.6815482181786063e-05,1.1282557349926985e-07,0.00017336154138295257,3.8231189458765835e-05,2.337314456135508e-06,0
0.21464839225716253,0.7850917334000856,2.3691192275265266e-05,1.2468845879631916e-07,0.0002019545287166697,3.151778996876052e-05,2.586143332526709e-06,0
0.18256694930422185,0.8171868237054457,2.2438740793055043e-05,1.2707886125792237e-07,0.00019134830384975055,2.9862542275919802e-05,2.4503245524420913e-06,0
0.15106882240724218,0.8485895985015651,3.969724820046899e-05,0.0,0.00026657924722664993,3.1878460161431544e-05,3.4241356041395562e-06,0
0.014882313475769408,0.9728024355698338,3.7559922919594824e-05,1.7169478593223516e-07,0.012239571688568799,3.4637005615313885e-05,3.3106425071285472e-06,1
0.011360062435663575,0.980397630728236,3.7046360725991176e-05,1.743385072497139e-07,0.008165359463287244,3.776328707922276e-05,1.9633865007044513e-06,1
0.9863497283167932,0.007988072203657893,1.2703980873458921e-05,1.6493339108689656e-07,8.323921119630084e-06,5.674232532624377e-06,0.005635332411631981,0
0.9851527096138141,0.01041873662053818,1.417498136453241e-05,1.8403111342290185e-07,9.481969880100307e-06,6.204635823495471e-06,0.004398508147466522,0
0.9864789308918396,0.011814638272995394,1.3014960643084973e-05,1.689707828678464e-07,8.181156228668396e-06,5.6968745828141324e-06,0.0016793688729275086,0
0.9846058281868044,0.013562511005943533,1.4929629287092783e-05,1.9382856527554113e-07,9.896061261869343e-06,6.534958341319745e-06,0.0018001063297962967,0
0.9383694861819654,0.060772407191023864,1.0678171292590452e-05,1.6440901520947567e-07,7.1755910752364555e-06,5.275869649712309e-06,0.0008348125859780615,0
0.9590176430590784,0.04007158912884835,1.1743935740271888e-05,2.2352179317666839e-07,1.2413041036123553e-05,5.893319214697545e-06,0.0008804939942888458,0
0.8343632700768888,0.16498846295645503,1.2822124236945564e-05,2.1900172616139292e-07,1.1636244266915355e-05,7.027744548055093e-06,0.0006165618518780641,0
0.8105288621824258,0.18893328963289263,8.186403596770073e-06,2.0182586545899147e-07,8.378095859463491e-06,6.476572812904016e-06,0.0005146052865469409,0
0.7735949320456644,0.22635473951823484,1.5165325879124422e-05,2.468155596614939e-07,1.0088110243924979e-05,8.321422583325046e-06,1.650676183454036e-05,0
0.3016968302874047,0.698251944571262,1.4701746854582548e-05,2.440884899351565e-07,1.1725448644018509e-05,8.229479029854715e-06,1.6324378314876626e-05,1
0.24279187857625584,0.7570694469973648,9.322292016064063e-06,2.1096360738935083e-07,0.00011619364321637132,6.347972545484655e-06,6.599554994267921e-06,1
0.21599087029296055,0.7839017912033133,1.141209741207888e-05,2.582559346759569e-07,7.98181378208307e-05,7.771016069164012e-06,8.078996489401499e-06,1
0.26816953257753806,0.7316951108783878,6.691704560380372e-06,1.6257378708206432e-07,0.00011395149140260821,5.308675065848294e-06,9.24209925838431e-06,1
0.11869222425959895,0.881168405333325,8.776347617175994e-06,1.6397761037215523e-07,0.00011911808154460114,5.528529044043936e-06,5.783471260152461e-06,1
0.12754816578891115,0.8723110343182409,9.21571973386838e-06,1.7218685559603073e-07,0.00011941520112241188,5.923774750975306e-06,6.0730103851102795e-06,1
0.5859521626691642,0.41385295624971824,7.481211608243413e-06,1.3977924026246816e-07,0.00017759230623065102,4.737786479840676e-06,4.929997558747234e-06,0
0.14489097156235137,0.8549298485223525,8.514083572939498e-06,1.6209107701143882e-07,0.00015348622151934005,5.705491626935237e-06,1.1312027499693477e-05,1
0.08573063344238539,0.9140627233505468,1.2087293818112096e-05,1.7911621425486862e-07,0.00017528229451926552,6.304764454167775e-06,1.2789738061927134e-05,1
0.2688277017003092,0.7311429565768369,8.594707257170802e-06,1.6896979185789204e-07,7.48337491955821e-06,5.727129385219242e-06,7.367541500057898e-06,1
0.320433020846228,0.6795369277469389,1.0483046182557398e-05,1.613387166478838e-07,6.8217141178807115e-06,5.5505019055824165e-06,7.034805910568132e-06,1
0.3290451690868716,0.6709219927724862,8.665974727532965e-06,1.713479885884674e-07,1.0634581527904551e-05,5.894915061415214e-06,7.47132133665837e-06,1
0.36702461654024415,0.6329416804337256,9.298545455278626e-06,1.8385549354284874e-07,1.1410850232566724e-05,6.325212959532884e-06,6.484561889351532e-06,1
0.27497142434975164,0.7250014058835526,8.051412762317333e-06,1.5043459159473938e-07,8.486798849793527e-06,5.175369586795741e-06,5.305750905234826e-06,1
0.45212974002549855,0.5477849318479807,2.033336769729244e-05,3.3092539969209855e-07,4.160724816667029e-05,1.1384884870373661e-05,1.1671700386595668e-05,0
0.1571185007205527,0.8428516534896796,7.4245546569695875e-06,1.3872221938756706e-07,1.2617420036664162e-05,4.772431311312349e-06,4.89266154339402e-06,1
0.1695547990801375,0.8303782556937443,6.855483015724753e-06,1.355515646227416e-07,5.072429053474466e-05,4.594438688876735e-06,4.635462314009496e-06,1
0.12239841351790127,0.8775740326684605,5.9367352857552724e-06,1.2260123547148605e-07,8.088398778017058e-06,4.31542852574973e-06,9.090649813068088e-06,1
0.038691516641202454,0.9612894087348314,5.4504470144789e-06,8.38847898940373e-08,7.039463203287513e-06,2.8432244597846647e-06,3.65760449825097e-06,1
0.02788479598411992,0.9720825545601449,5.4203531361936335e-06,8.032269791402412e-08,1.8429678845853187e-05,2.7633248676839443e-06,5.955776187484418e-06,1
0.03179023483194323,0.9681838570769178,5.453670936874469e-06,8.065459121327025e-08,1.4754376613864113e-05,2.7747429229913813e-06,2.8446460737831916e-06,1
0.028703571670068703,0.9712693588277045,4.373117899431577e-06,8.308961126437217e-08,1.682425232852009e-05,2.8585144052157565e-06,2.9305279823484954e-06,1
0.04814803230539302,0.9518216094972815,4.75016630705633e-06,9.392372115324149e-08,1.9017977822617036e-05,3.1834879919735444e-06,3.312641482580804e-06,1
0.06842357246803679,0.9315243150812849,6.923303736878954e-06,1.199966023435846e-07,3.689783415495195e-05,3.7884801558759163e-06,4.38283602830254e-06,1
0.10154468297885864,0.8982038272888617,1.044643555208994e-05,1.4966944506511816e-07,0.00022452753718436172,5.268258940415408e-06,1.1097831157697425e-05,1
0.13210188359462874,0.8676879978454333,1.128199634901894e-05,1.5500495019566025e-07,0.00018659018351228925,5.332662630180487e-06,6.758712496275254e-06,1
0.05185209625634193,0.9481033551739299,8.74533852341277e-06,9.752841153575757e-08,2.3961297414006573e-05,4.512858056911153e-06,7.231547322396793e-06,1
0.049800015334796284,0.9501571640947497,8.902166140059947e-06,9.927736022374607e-08,2.1864112562488325e-05,4.5937858301971906e-06,7.361228560945373e-06,1
0.05908390006592465,0.9408708385613678,7.905023237081651e-06,1.0615388593782136e-07,2.7820716449819242e-05,4.800881611902547e-06,4.628597522905585e-06,1
0.08180632477003252,0.9178140650852458,1.4597256179909071e-05,1.721318285039084e-07,0.0003510998625238479,7.669824603550644e-06,6.071069585966439e-06,1
0.08812270898543162,0.9112800107780351,4.566616281670656e-05,1.5710342686447443e-07,0.0005112405697165164,3.573411770123135e-05,4.482282872125148e-06,1
0.09012575893274775,0.9093700281289422,4.006582562978985e-05,1.5464680315075929e-07,0.00042440492850112014,3.517534388779149e-05,4.412193488239584e-06,1
0.08742202441209948,0.9120308234725514,4.963466404492724e-05,1.431868559292601e-07,0.0004582841673226428,3.322489478825278e-05,5.8652023372078006e-06,1
0.13100991177895538,0.8679580929843548,4.8181184244331575e-05,1.3899383464446606e-07,0.0009435547974003091,3.4238428846751106e-05,5.881832363847334e-06,1
0.13401601087453308,0.8644224807705576,3.425636383240806e-05,1.5123496690284445e-07,0.0014839975377104438,3.442165950998764e-05,8.681558889348174e-06,1
0.22613758518541544,0.7476793722080655,3.318160530642716e-05,1.2742095304657093e-07,0.02610556194266439,3.489855705071761e-05,9.27308054448413e-06,1
0.09115959913715892,0.9086434272840145,1.9760962152555955e-05,1.01367249627174e-07,0.00013887037292507532,3.086394139532065e-05,7.376935103838983e-06,1
0.23358385540161414,0.7662052764541166,1.632429189983741e-05,1.1190328180570886e-07,0.00016085873704383089,3.1404464301433644e-05,2.168747742371068e-06,0
0.3155246978181384,0.6842672157244921,1.6258965784931076e-05,1.0356914739679445e-07,0.0001585382224186272,3.103885057607374e-05,2.1468494423468273e-06,0
0.2817038571484344,0.7181094011697556,2.007272427792604e-05,1.3638629418274124e-07,0.00013655692087175483,2.7729508373041175e-05,2.2461419930706164e-06,0
0.2548583828144145,0.7448912991917578,2.1340941610723718e-05,1.211252525928511e-07,0.00019618329987569773,3.0160387644709547e-05,2.5122394439513475e-06,0
0.26175987542026724,0.737993535346641,2.1059478320071894e-05,1.1961402496949582e-07,0.00019314515595830124,2.9784089474310703e-05,2.480895314111274e-06,0
0.3047326443469718,0.6852553256697702,3.364570875742385e-05,2.6581464955745377e-07,0.009902018635864583,7.097434930728186e-05,5.12547467917699e-06,0
0.33612120125956596,0.6558169475209646,3.0345304482220932e-05,2.5439532616362796e-07,0.007958420922941698,6.79253110065127e-05,4.905285712896044e-06,0
0.016963826575702157,0.973242075355457,3.2119005533912435e-05,1.6239298545789192e-07,0.009722579060540401,3.62572696344932e-05,2.9803401465562845e-06,1
0.013878841475370909,0.9723444547248168,3.41046497370243e-05,1.4139727314330941e-07,0.013703846938377432,3.5678083277963985e-05,2.9327311465377202e-06,1
0.01041155310901727,0.9817560105690235,3.406994624678573e-05,1.2750711346452549e-07,0.007758069699579126,3.8053002087090215e-05,2.116166932674465e-06,1
0.0070776629112779795,0.990018860505566,3.672574360642183e-05,1.3689855348426235e-07,0.0028263060743602066,3.803583502793406e-05,2.2720316078283885e-06,1
0.009344169674601898,0.9866735773402304,4.518331329818816e-05,1.5914131320589558e-07,0.0038878849370250256,4.400557522884398e-05,5.0200183025988945e-06,1
0.022430867183359612,0.9487755673671985,3.6331740029840855e-05,3.016935601358726e-07,0.028715274384664348,3.921509652992461e-05,2.4425346578205837e-06,1
0.02972550304345898,0.9619153958137042,2.8951836070497578e-05,4.119024211401866e-07,0.008277701555325553,4.6761009495826084e-05,5.274839523851185e-06,1
0.024305782494761886,0.9702069314607686,3.285235687505997e-05,5.137664669444309e-07,0.005398646672784492,5.1798433134082834e-05,3.474815208898058e-06,1
0.02793313869417908,0.9683261573645381,3.6331693116401535e-05,1.0637685650000543e-06,0.0036234516482143604,7.730247360673049e-05,2.5543577803136824e-06,1
0.0028161087916017463,0.9952941837033871,3.6524630772160786e-05,7.531206826281683e-07,0.0017882277659740564,6.160821155490707e-05,2.5937760270022256e-06,1
0.937314146008802,0.05539068421155397,2.5163071685527966e-05,2.542828294785299e-07,1.3498238549377416e-05,8.618860349339681e-06,0.007247635326230032,0
0.9770423446567892,0.01385357663016098,1.884817686796556e-05,2.4470233052175207e-07,1.3261300591994052e-05,8.250174754738768e-06,0.009063474358504601,0
0.9835515620478722,0.01369868149254222,2.00424045499105e-05,2.2195251182209876e-07,1.1331950226711168e-05,7.483161300021878e-06,0.0027106769909971506,0
0.9261792543700429,0.07275776147807486,1.3562773094965608e-05,1.7608292875882964e-07,7.959173494490956e-06,5.936661618584081e-06,0.0010353494607454993,0
0.9278188507359236,0.07130066718435008,1.2352013333674586e-05,1.9018072405833239e-07,8.540695602414791e-06,6.1028813337350285e-06,0.0008532963087322023,0
0.8833830441204258,0.11611712782437499,1.2148761436909668e-05,2.7768811813009663e-07,7.600078713948866e-06,6.555998789794598e-06,0.0004732455281403164,0
0.8785309327137123,0.12114624180368296,9.699284976913795e-06,2.0405560230749276e-07,8.754496862348287e-06,6.879764386104373e-06,0.0002972878807769338,0
0.884913280445545,0.11478635461627584,9.19009577439899e-06,2.0797200446842523e-07,8.391444672758647e-06,6.518593253429302e-06,0.0002760568324743333,0
0.8833642399170802,0.11658218948240569,1.0857942476554293e-05,2.4571540021839775e-07,9.402548493220206e-06,7.393666774527765e-06,2.5670727369701626e-05,0
0.755753399709644,0.24421497480767873,9.675513092664923e-06,1.9072555898862686e-07,7.733177421484622e-06,5.739002224907599e-06,8.287064379196688e-06,0
0.7216089311772677,0.27833021880409076,8.402773436538768e-06,1.9053643503376982e-07,7.123627961462877e-06,5.972099577143663e-06,3.916098123118761e-05,0
0.7633893729706366,0.23654749812139483,9.773272440211832e-06,1.7910135012236522e-07,7.542187086415696e-06,6.038428134985901e-06,3.959591895705754e-05,0
0.8217484052796493,0.17819073329675614,1.2687751830260675e-05,2.325110137590664e-07,9.937847996932312e-06,7.839142732411577e-06,3.01641700211249e-05,0
0.7908075728044104,0.20913129312887546,1.5084179018648114e-05,2.764270457264338e-07,1.3874015219910814e-05,9.319778153794571e-06,2.2579667276290807e-05,0
0.6409013172200986,0.3590263413167544,1.4346020965806127e-05,2.6289983621943775e-07,1.1227086437936084e-05,8.86370631280015e-06,3.7641749594073276e-05,0
0.6541325146563822,0.3457954477876766,1.2702974527732027e-05,2.945657248271459e-07,1.2579372059886995e-05,9.931326364561204e-06,3.652931726424407e-05,0
0.21110657010540226,0.7887671288282959,7.987988639627344e-06,1.8076830207604143e-07,0.00010686062252829597,5.439384701811431e-06,5.832302130132009e-06,1
0.14209181229340903,0.8577729609465715,8.432786564487976e-06,1.5755850268703246e-07,0.00011576723698173333,5.3121078924397335e-06,5.557070078134532e-06,1
0.11570838835863595,0.8841492148902544,8.871494112601814e-06,1.6575533108648482e-07,0.00012181082052355665,5.702509879344737e-06,5.846171263138044e-06,1
0.12046527811796187,0.8793936949086512,9.23058274663917e-06,1.724645566880334e-07,0.00011960779266279758,5.933328550604373e-06,6.082804870350461e-06,1
0.12983127548784953,0.8700216829299702,9.251922626654663e-06,1.7286327181227493e-07,0.00012557288315806356,5.947045617320287e-06,6.096867506443313e-06,1
0.10435945180117205,0.8954609442024893,1.111509215480723e-05,1.6470959156133244e-07,0.00015581930523344978,5.797661492882711e-06,6.707227865902248e-06,1
0.08987126825531529,0.9099607480235308,1.6445751017845683e-05,1.9342868844847103e-07,0.00013019345518986355,6.808553454635471e-06,1.4342532803018213e-05,1
0.3233003507518283,0.6766675847516983,9.504144985965537e-06,1.8684910980836108e-07,7.798243500200449e-06,6.428130591314514e-06,8.147128286219037e-06,1
0.3641187283162105,0.6358530182266638,8.328531874319095e-06,1.892559488207096e-07,6.832941355785254e-06,5.763356891635482e-06,7.139371055064837e-06,1
0.37375122208637207,0.626223813542346,7.3966573962320225e-06,1.4625205557913966e-07,7.231748144708869e-06,5.031478680712611e-06,5.158235004698278e-06,1
0.20519154833167166,0.7947827422648168,7.614230788961337e-06,1.505540739397845e-07,7.455173549694208e-06,5.179480112760216e-06,5.309964986276043e-06,1
0.22249871045487116,0.7774729901805848,8.386154633070712e-06,1.5668899167370764e-07,8.839642134264494e-06,5.3905383961048706e-06,5.526340388869566e-06,1
0.1488690952611641,0.8510972971523165,8.500217443132729e-06,1.5882016948738725e-07,1.3883186111448183e-05,5.463856857796743e-06,5.601505937526144e-06,0
0.1891197569934271,0.8108507390891778,7.205602228759772e-06,1.4247437473291476e-07,1.222932673144572e-05,4.901515921795819e-06,5.024998138382706e-06,1
0.18480530826069388,0.8151390454067664,6.913958489232748e-06,1.367077839449809e-07,3.9140424781395105e-05,4.633628046828505e-06,4.821613438302403e-06,1
0.030784733548569487,0.9691916728069471,5.3485770665726505e-06,8.231696634599952e-08,1.1741574049007773e-05,2.8319332647377055e-06,3.5892431365665626e-06,1
0.051402560558842576,0.9485604225227545,5.1410298876427854e-06,1.067789844778753e-07,2.3662451254755813e-05,3.7585027083481595e-06,4.348155567628246e-06,1
0.05974543784439937,0.9402217949663646,5.219769808643336e-06,1.0320906096758126e-07,2.025340011190028e-05,3.5506795980296682e-06,3.640130656467504e-06,1
0.06547813452958473,0.934479477706399,7.316643668305133e-06,1.0052553679818654e-07,2.7966751795434615e-05,3.458358880936024e-06,3.545484135078719e-06,1
0.07003898193092649,0.9299170965864203,7.4805882333763045e-06,1.0277801978848396e-07,2.8320865223950676e-05,3.5358505790832454e-06,4.4814005968727845e-06,1
0.06010909247362946,0.9398363944781107,7.275459833056324e-06,1.0423902716600165e-07,3.573512360870101e-05,3.669099007025797e-06,7.729126783892826e-06,1
0.0597946321046298,0.9401586172731696,7.899039285191126e-06,1.0607352946986506e-07,2.921215581917714e-05,4.908259804042588e-06,4.625093762819498e-06,1
0.06455068629072347,0.9354042508994282,7.008489550762488e-06,9.41146380036086e-08,2.96001535757761e-05,4.256398444679136e-06,4.103653639093516e-06,1
0.06378716130750386,0.9361677391018404,7.0142099642453124e-06,9.419145550333769e-08,2.9624313577211804e-05,4.259872568293769e-06,4.107003090560324e-06,1
0.09477240174358884,0.9050759083624806,1.0594555801020614e-05,1.249317159156501e-07,0.00013099739035815261,5.566688954750144e-06,4.406327100631949e-06,1
0.08950156137393916,0.9100187524280714,3.049660979157072e-05,1.4214079714325615e-07,0.0004175646277302214,2.3680351103745585e-05,7.802468566994157e-06,1
0.09409706980081141,0.9052969666826927,3.5936416242356856e-05,1.5785108622100174e-07,0.0005294614576816476,3.590417731087705e-05,4.503614174661519e-06,1
0.09370832338063255,0.905858225422602,4.915418410926346e-05,1.414498610609079e-07,0.0003521286413449549,2.7952951634961763e-05,4.073969815516888e-06,1
0.13390190555500683,0.8651654423178488,4.9835697312701125e-05,1.4376679984756002e-07,0.0008411746960318783,3.541415602855137e-05,6.083810971566772e-06,1
0.1017354833912208,0.8965181007231298,3.652279904481397e-05,1.5276299773088344e-07,0.0016662016037634329,3.476944519712513e-05,8.769274646424923e-06,1
0.15657545584810698,0.842062801434346,4.695254141748854e-05,1.557625430998105e-07,0.001264285687691416,3.545215324730969e-05,1.489657264792798e-05,1
0.08895230586583,0.591817061321921,1.5550436992913476e-05,1.0428671796766876e-07,0.3191763732864463,2.5435093628297657e-05,1.3169708463312034e-05,1
0.35079282162133785,0.6266994596111498,2.3791071003160064e-05,2.1194252590061083e-07,0.022385052881541103,4.505823163725763e-05,5.3604640805008445e-05,1
0.12506155658900006,0.8747403201774927,2.2644641548535015e-05,1.2268293640582425e-07,0.0001225010791474154,3.172309366537957e-05,2.1131736209388938e-05,1
0.10625645307596143,0.89352565006846,2.7963337209179016e-05,1.3333500355999832e-07,0.0001425771113940288,3.4477482612706196e-05,1.274558935924914e-05,1
0.14571227949906781,0.8540907808166017,1.744016256746124e-05,9.384910609996663e-08,0.00014849147463372197,2.4998741073098453e-05,5.91545695013976e-06,1
0.14480763312567488,0.8549436979216769,2.0629578743558504e-05,1.22790506517051e-07,0.00018538373806899707,3.959590902039862e-05,2.936936308799315e-06,1
0.12119868543560561,0.8785400364814961,2.287343740101304e-05,1.2676188835515827e-07,0.000194775312655567,4.087654934355848e-05,2.6260216097325135e-06,0
0.3412623696271868,0.6585323477283467,1.8782412209908128e-05,9.23208353908098e-08,0.00014975523535679813,3.301817646641286e-05,3.6344995980940653e-06,0
0.4534305825994187,0.5464531129839595,1.447595766197488e-05,1.0582700636884676e-07,7.916287998207272e-05,2.0816890018636005e-05,1.7428619527379013e-06,0
0.47090483748529965,0.5289359823106666,1.4283681412102672e-05,8.992395980056665e-08,0.0001222564844471795,2.0816207533629742e-05,1.7339066810248698e-06,0
0.2790331537712872,0.7121035349626729,3.0385178810656638e-05,2.676307667212093e-07,0.008770349547628347,5.7360350980361934e-05,4.9485578540180504e-06,1
0.021414597791163257,0.963105953169383,3.4310552414335536e-05,1.421781959788981e-07,0.015406172250796976,3.5875129722654315e-05,2.9489283239801185e-06,1
0.011077578104673427,0.9773956243006903,3.74514762432107e-05,1.3756026615259098e-07,0.011449540109411165,3.7385435018724746e-05,2.283013696824062e-06,1
0.01111077512365787,0.9794897270640371,3.68122982798785e-05,1.352125485303574e-07,0.009320713150047346,3.959310153831555e-05,2.2440498910846273e-06,1
0.011717914139896542,0.9809928490232809,3.825462906128871e-05,1.0470695069931418e-07,0.007208987462513381,3.9925459786801034e-05,1.9645785104858246e-06,1
0.008744089066009056,0.9851720882915147,3.4179114537684885e-05,1.5881420066082172e-07,0.0060066258734384455,4.105630882245497e-05,1.8025314770776552e-06,1
0.013503975324870365,0.962178342603972,3.9122560647505135e-05,1.5997150978419204e-07,0.024232382703905774,4.333499285693411e-05,2.6818422375840425e-06,1
0.015635099165513915,0.9447542466290749,3.893443805348861e-05,3.154167962771745e-07,0.039529716858403334,3.913385310711845e-05,2.553639050892447e-06,1
0.031904970784300477,0.9631003670821793,4.356844034645796e-05,1.2493692216095708e-06,0.004864030307771954,8.155757341620047e-05,4.256442764201044e-06,1
0.004968046057996095,0.9909396586824221,4.6803009881269596e-05,1.3816129393170737e-06,0.003941759078262765,9.906099804897206e-05,3.2905604495032162e-06,1
0.9208329628748875,0.07269646507766074,3.084835358495153e-05,3.1042502441374183e-07,1.680529483720763e-05,1.403934048345132e-05,0.006408568633521866,0
0.9801114552360696,0.01268730784088485,1.8409314015917076e-05,2.3404415242740896e-07,1.2423897465002677e-05,8.051862239796085e-06,0.007162117805172272,0
0.9808345417843563,0.01254154038217956,1.5808799984568334e-05,2.2152720858890152e-07,1.1604981160015518e-05,7.468822139499168e-06,0.006588813702971687,0
0.9568305415267457,0.04189921084232723,1.1923270775104527e-05,1.9084343518222265e-07,9.581345652553985e-06,6.434314244947651e-06,0.0012421178568194212,0
0.946952256296821,0.052028218419238305,1.2989893632239166e-05,1.68645342587009e-07,7.462044181897964e-06,5.685902316291723e-06,0.0009932187984674169,0
0.9332032043452283,0.06573633158846053,1.3601258192039404e-05,1.7658257352608134e-07,7.904174734160554e-06,5.953507214767526e-06,0.00103282854359674,0
0.9022053051085938,0.09711971577731443,1.4717363329052227e-05,2.4433389496503825e-07,9.015340389555305e-06,6.442045840520104e-06,0.0006445600306379287,0
0.8614528226978376,0.13800210254357356,1.891576686654685e-05,3.507003382386865e-07,9.487936106339496e-06,8.2797600723997e-06,0.0005080405952054753,0
0.8715133267365074,0.12842458249777938,9.966454336786992e-06,2.2554101031663876e-07,8.995641784710361e-06,6.78661196160019e-06,3.61165166197919e-05,0
0.8868948973399904,0.11305480758673786,1.0194043135529168e-05,2.30691348227243e-07,8.827637936999738e-06,6.9415875237887184e-06,2.4101113327153395e-05,0
0.8701668828103369,0.1297986258018794,1.0523789014241523e-05,2.3815350238150652e-07,9.1131848186237e-06,7.166126487108654e-06,7.450133961463567e-06,0
0.8448685485454042,0.15509522230436218,9.255397781797209e-06,2.454453436035186e-07,9.472121538688495e-06,7.029520159992951e-06,1.0226665409445438e-05,0
0.46635890227444105,0.5335394904495538,1.8701397918944244e-05,3.427148518522121e-07,1.4898704279687909e-05,1.1554681203062018e-05,5.61097777514193e-05,1
0.2467593167132136,0.7531983893882652,1.1933145376854332e-05,2.3522843705503432e-07,9.540910633777679e-06,7.078110195502844e-06,1.3506503877985196e-05,1
0.24589672295306478,0.7539658760356898,8.760055910259249e-06,1.9824019592779876e-07,0.0001160815800268105,5.965120414530271e-06,6.396014697870678e-06,1
0.19948615152522606,0.8003722763699883,8.703495618550992e-06,2.116438363470959e-07,0.00012012880255022377,6.173444674905828e-06,6.354718105612839e-06,1
0.10965534500588403,0.8902027790779902,8.932235170951813e-06,1.6689021931495648e-07,0.00012123388496903652,5.656707127634553e-06,5.886198639058177e-06,1
0.12206511333534861,0.8777087126679876,9.946681727024496e-06,1.6188216704328719e-07,0.00020390408124450462,5.569260733897143e-06,6.5920907913918875e-06,1
0.5606981328574306,0.43909421692319034,8.185626050362525e-06,1.3898326505359006e-07,0.00018488472483653393,8.953365997812304e-06,5.4875192291228034e-06,0
0.10224290607867376,0.8975779942466682,1.0212428765922006e-05,1.6509899821312356e-07,0.00015618769345759748,5.811368332470866e-06,6.723085103609552e-06,1
0.10618615770556729,0.893611075519948,1.0423941641023358e-05,1.6851841631520494e-07,0.0001737471225350092,5.931729438770626e-06,1.2495462453375344e-05,1
0.08136529907254167,0.9185021563847087,1.4067802603154083e-05,1.805107277933113e-07,9.855769939728234e-05,6.353850347505821e-06,1.3384679674142327e-05,1
0.032359525673345324,0.9676169366722558,7.4561312353733115e-06,8.769618877197742e-08,6.404403254547365e-06,3.0868440137351925e-06,6.502579706509447e-06,1
0.15448695978527965,0.8454809345285393,9.419399836516265e-06,1.5228021233378338e-07,6.356652304720232e-06,5.238650419752072e-06,1.0938703407808714e-05,1
0.1589617483567639,0.8410052160005211,9.692237251384598e-06,1.5669108141141633e-07,6.540775774594948e-06,5.390390431083059e-06,1.1255548176222513e-05,1
0.24280227449115943,0.7571651494444268,1.1364820846722667e-05,2.5132198003036722e-08,7.5421985082119485e-06,6.017378791223459e-06,7.626534069658031e-06,1
0.32065926687144836,0.6793089515450518,9.375065553905334e-06,1.8431144050611113e-07,7.844899799233352e-06,6.340827688511481e-06,8.036479017541039e-06,1
0.3754138018114599,0.6245608061416669,7.872340371886766e-06,1.547682398329943e-07,6.458670136059328e-06,5.447671668942634e-06,5.45859645637663e-06,1
0.18105375595772435,0.8189177050377918,8.302496946089505e-06,1.5512591071558317e-07,9.273406251192555e-06,5.336764050945151e-06,5.471211324997968e-06,1
0.12116639508279839,0.8788063798664163,7.544815866222362e-06,1.4096920962800054e-07,9.717619929090408e-06,4.849734043542283e-06,4.971911736955565e-06,1
0.10575093841054643,0.8942187995771169,8.251982221196693e-06,1.3657269387352905e-07,1.1613588193123347e-05,4.698481637547412e-06,5.561387590975051e-06,1
0.10367174307083239,0.8962972303232491,8.271162284927385e-06,1.3689012947895702e-07,1.2334837284603425e-05,4.709402307857894e-06,5.5743139116537336e-06,1
0.04733184428729132,0.95264571801813,6.828942138659284e-06,1.0510043946454888e-07,7.358671471523165e-06,3.5623161314130484e-06,4.5826643976730444e-06,1
0.05187576596513315,0.9480984854555323,7.357485401218882e-06,1.1323495401206047e-07,9.50247706527923e-06,3.838030605505136e-06,4.937351308585628e-06,1
0.04874221104709573,0.9512278650450844,5.745729067366509e-06,1.1360870754014352e-07,1.5260223312113148e-05,3.850698756362031e-06,4.953647976757302e-06,1
0.026680228646885372,0.973280013245383,6.256528400317231e-06,8.059788323250826e-08,2.4672008779269328e-05,2.7727920102667726e-06,5.976180658568409e-06,1
0.025694361598231984,0.9742799092907989,4.702329819176707e-06,7.782491935539537e-08,1.5526716914535797e-05,2.6773943177363495e-06,2.744844998363761e-06,1
0.03357297152286206,0.9664004428483611,4.264103510211862e-06,8.101832861643188e-08,1.659577552810669e-05,2.7872565043023477e-06,2.857474905474321e-06,1
0.027676993640765576,0.9722952068820465,4.754004734211311e-06,7.868015415386988e-08,1.7484966828049468e-05,2.706816780473641e-06,2.7750086911560417e-06,1
0.03338848146628655,0.9665759789229431,4.989076070803538e-06,8.257065280380465e-08,2.42649371029439e-05,2.8406607865422883e-06,3.362366157227813e-06,1
0.058808994703226584,0.9411433350100895,6.772018748953793e-06,9.702598358574477e-08,3.0191740897981874e-05,3.4152078133195413e-06,7.194293239823311e-06,1
0.0370731482739041,0.9628643364689538,1.1312406885324527e-05,1.0013154026465273e-07,3.914963738322002e-05,4.528516937285064e-06,7.4245643960153136e-06,1
0.058492044964291216,0.941447065492142,8.756629583046265e-06,1.0216874257413677e-07,3.972754957754909e-05,4.72757656799452e-06,7.575619095608453e-06,1
0.10142025039112668,0.8984335659620994,1.0731602963409187e-05,1.2654778528940582e-07,0.0001252234728103869,5.638697535334035e-06,4.463325679622804e-06,1
0.10510848440162587,0.8943696731938081,3.792433418949389e-05,1.6658303670703675e-07,0.00044010436151421193,3.8894382317293394e-05,4.752743508661107e-06,1
0.14845230512493685,0.8501742306748215,4.2809030695256236e-05,1.5150276222707525e-07,0.0012793952927008534,3.448261075464893e-05,1.6625763328677167e-05,1
0.3250157152837532,0.6398208954819409,3.2493856715108145e-05,2.3144769825958808e-07,0.03505290695964092,4.392376948795504e-05,3.3833200763798794e-05,1
0.08284144578430087,0.9169600120458004,1.9470223660125178e-05,1.0600312677835568e-07,0.00014573138516064436,2.68750982404691e-05,6.3594597106872355e-06,1
0.09448749540436412,0.9053252447121654,1.8511290013796784e-05,1.0465811532692678e-07,0.00013578399510841998,2.653409589468652e-05,6.325844338357791e-06,1
0.09241329736625387,0.9073874594937656,1.6097139944918387e-05,1.274981340281201e-07,0.00014817255139583173,2.7908186119022806e-05,6.937764386733622e-06,1
0.04559333805857618,0.9541423739422554,2.0176660492672157e-05,1.2009466565047407e-07,0.00019827252747157956,4.323081428859196e-05,2.487902249674184e-06,1
0.3372693821369537,0.6625009022825259,1.9455524584086605e-05,1.2965389324265356e-07,0.00017584278638363117,3.1716924959829574e-05,2.5706906996586495e-06,0
0.5351977245425533,0.4646967034060537,1.3990742196075964e-05,1.108589992822246e-07,7.197350631890725e-05,1.7800629871608825e-05,1.6963140071721498e-06,0
0.5201387137156296,0.4797544003026256,1.465751801178336e-05,1.6030841212665072e-07,7.430568391945847e-05,1.6011191258201865e-05,1.7512801430930412e-06,0
0.5670026623222075,0.43285011790938416,1.4495303708373693e-05,8.466062719914794e-08,0.00011510069925096726,1.590668530377882e-05,1.6324195180674574e-06,0
0.029276974448800987,0.9520573516561469,3.493178702423662e-05,1.447525065014674e-07,0.018591005196143325,3.6589837091644155e-05,3.002322286130626e-06,1
0.02772545863524651,0.9559113619295642,3.4098590341009886e-05,1.4129985438773216e-07,0.016290291741993885,3.5717092422629314e-05,2.930710577028938e-06,1
0.020011561017397497,0.966725275193843,3.289227510080565e-05,1.3630105044651587e-07,0.013192868479269714,3.4439703318172934e-05,2.8270300201982403e-06,1
0.019257560377235222,0.9658011447782988,3.336195883865149e-05,1.379086551647339e-07,0.01487034982046029,3.484590289893147e-05,2.599253613089852e-06,1
0.010675002805088271,0.9781497795129247,3.630004802357207e-05,1.333310397445183e-07,0.011097529323554619,3.9042155866389e-05,2.212823502470341e-06,1
0.009755033502377096,0.9826837659340415,3.802193182146476e-05,1.0488743188609135e-07,0.007481111501045622,3.999427846900714e-05,1.9679648134840626e-06,1
0.014090582243988976,0.9489052064432083,4.711588960002008e-05,3.163646112474062e-07,0.03691496454820601,3.904602727481405e-05,2.768483110521339e-06,1
0.01630362707764081,0.9431984549873165,3.7901821950394624e-05,3.140282409146543e-07,0.04041819637696202,3.8757670181468496e-05,2.7480377080452428e-06,1
0.028301084073307458,0.9215413246311107,4.916991320524167e-05,4.2245631506447076e-07,0.05005190306864325,4.9516686368079395e-05,6.579171050352273e-06,1
0.03436165631241565,0.9472966760710689,4.210633468805766e-05,5.23086147840941e-07,0.018240416141590325,5.444338908443524e-05,4.1786650045846925e-06,1
0.03171507727086417,0.9628742493218797,4.731706554915209e-05,1.357396231683241e-06,0.005270361772820228,8.857478065950271e-05,3.0623919956005925e-06,1
0.03809419384050725,0.9572079247875166,5.24191760894499e-05,1.4923176841293363e-06,0.00453568320304687,0.00010491988981753598,3.3667853380613723e-06,1
0.003242376139296067,0.9932234856187051,4.8931849562215576e-05,1.008951690009774e-06,0.0033787602905010115,0.00010196228258318122,3.4748676624019885e-06,1
0.9859035196690936,0.008418308942502041,1.2735914609828104e-05,1.6534798077196514e-07,8.344844789559995e-06,7.427449798076256e-06,0.0056494978312259135,0
0.9863039451797547,0.009077607941990895,1.267708789453013e-05,1.6458424460632998e-07,8.736718085610665e-06,7.283889613308889e-06,0.00458958459841641,0
0.9845034978562688,0.01075920679028955,1.5880251920337767e-05,2.0617031988827153e-07,1.0526178703810448e-05,6.951062397697248e-06,0.0047037316901000535,0
0.9422139228643029,0.0567785214194223,1.2771628165405873e-05,1.658116431379498e-07,7.3366615880905465e-06,5.590363726171645e-06,0.0009816912511517166,0
0.8905063700182415,0.10912309763889874,1.5006077412852082e-05,2.4719509132473906e-07,8.348573774647895e-06,6.568421015275147e-06,0.0003403620755658517,0
0.8990754210767469,0.10064691721967381,1.1644594619995934e-05,2.158920280999673e-07,5.840797812651156e-06,5.097041546036116e-06,0.0002548633775725412,0
0.8610798642983476,0.13884264664773752,1.8195386890768464e-05,2.014983688171778e-07,1.0922684499054514e-05,6.79354688609616e-06,4.137593727029647e-05,0
0.8821255196044924,0.11780825133893773,9.12540442552836e-06,2.0650803827844603e-07,8.373095391295663e-06,6.213902832037194e-06,4.231014588270251e-05,0
0.8749708502850841,0.12497705250440984,1.0056987154722013e-05,2.2758976933703668e-07,9.108621488077745e-06,6.848259874122834e-06,2.5855752219730026e-05,0
0.8471134915090716,0.15284553693486028,1.107188651567385e-05,2.7946326010647274e-07,1.0693944510148686e-05,8.409152292098508e-06,1.0517109490149502e-05,0
0.7307410177923187,0.26919809636426995,1.1282634151992548e-05,2.2240543575247824e-07,8.83727114996665e-06,6.692261369600331e-06,3.385127130403381e-05,0
0.596507990316467,0.4034008785432922,1.610313024344204e-05,4.016642018158941e-07,1.6233144877664863e-05,1.2086223577536399e-05,4.630697734030339e-05,0
0.24142114830603437,0.7585457330351797,9.438400020409819e-06,2.13591133259743e-07,1.035788022402489e-05,6.4270357654125225e-06,6.681751642756737e-06,1
0.2524923343746731,0.7474711052361721,9.588375666747593e-06,2.169850843736371e-07,1.3437943099729058e-05,6.529161002832994e-06,6.7879243011653635e-06,1
0.2704230705628356,0.7295173308352767,9.506543971089449e-06,1.7563685502673194e-07,3.6662530801221095e-05,6.473438080134025e-06,6.78045218014738e-06,1
0.27964174909561607,0.7202945223382012,1.0286153138987815e-05,2.1640225843442818e-07,3.847923692536896e-05,7.464870095822435e-06,7.281903763927876e-06,1
0.26849381364290337,0.7314438168300834,9.876095014187058e-06,2.0777536914965498e-07,3.828886953810416e-05,7.0051768675845725e-06,6.9916102244414845e-06,1
0.1858200006768452,0.8140492570226855,9.309447086758688e-06,1.95854110582358e-07,0.00010772599765749949,6.603249896693365e-06,6.9077517178414385e-06,1
0.15167030999612058,0.8481862484543354,9.520150894790687e-06,1.7787485890542145e-07,0.00012147282138497061,5.997076804766189e-06,6.273625600765963e-06,1
0.13125861791286628,0.8685742891866571,1.1082040908244497e-05,1.8036012880706098e-07,0.00014240508958718168,6.08086804188886e-06,7.344541810620541e-06,1
0.12474095835868018,0.8751108077738233,9.855519619670918e-06,1.8414090082834982e-07,0.00012549124148294837,6.208337321878767e-06,6.49462817114078e-06,1
0.10980358669194881,0.8900421865182977,1.0998655175256735e-05,1.7900302665711717e-07,0.00013066844754796688,6.067268057503999e-06,6.313415946251267e-06,1
0.12436535504070574,0.875408250723143,9.912694155118309e-06,1.6132901957725694e-07,0.00020420041649645804,5.550230704099029e-06,6.5695657759210685e-06,1
0.5904252721104543,0.4093675003415985,7.582708987949201e-06,1.5487283269019184e-07,0.00018785518884091029,5.328117368346495e-06,6.306659917276697e-06,0
0.09114136781052279,0.9086677871954151,1.1508152643671299e-05,1.8604628891943167e-07,0.00016502600593849614,6.548698196244831e-06,7.5760909948189186e-06,1
0.09243269455062017,0.9073302041116523,1.1275490894782856e-05,1.82284968028541e-07,0.0001960632894602436,6.416302352840823e-06,2.316397005163367e-05,1
0.07072162369483984,0.9291907946515653,1.5143768944183132e-05,1.7811526891422844e-07,5.2783178567720065e-05,6.269531883903347e-06,1.3207058930150777e-05,1
0.05493886749343674,0.9450022252712944,1.1764174405350994e-05,1.383657592430338e-07,3.1874643133691485e-05,4.870377169250069e-06,1.0259674801478084e-05,1
0.04694074259898387,0.9530257176199011,1.0051519222108204e-05,1.1822215829105222e-07,1.0442655034639405e-05,4.161336618179234e-06,8.766048081770111e-06,1
0.03142964470077007,0.9685454519015061,7.463286061979739e-06,8.778034112993636e-08,7.75370568845616e-06,3.089806117402921e-06,6.50881951490684e-06,1
0.03572495108967642,0.9642542849799614,6.559721223260423e-06,8.417092404970226e-08,5.111106610302993e-06,2.962636343998634e-06,6.046295260556066e-06,1
0.3289800263506711,0.6709870881000958,9.669468631774e-06,1.900993312743845e-07,8.197187230817628e-06,6.5399472762091915e-06,8.288846763066343e-06,1
0.3313552894570842,0.6686098610487965,1.2138746348120093e-05,1.8682067439314736e-07,7.950886338205074e-06,6.427152333710829e-06,8.14588842494351e-06,1
0.22063001812938882,0.7793421940186057,1.0295041536431657e-05,1.5225384447570045e-07,6.732684642327691e-06,5.237956960690308e-06,5.369915021464245e-06,1
0.3972977524801707,0.6026025179863197,1.819585152190621e-05,3.779228567086896e-07,5.2463541121753324e-05,1.3302618098013548e-05,1.5389599911271855e-05,1
0.11171495531401131,0.8882529417740694,8.558087049593938e-06,1.4163881736983532e-07,1.2762730023636552e-05,4.872770417726157e-06,5.767685611081437e-06,1
0.10316857844386403,0.8967895028887112,8.275705048354072e-06,1.3696531352833845e-07,2.3216632726834847e-05,4.711988848881842e-06,5.577375487342181e-06,1
0.1029404949233508,0.896985304823477,8.488541751584911e-06,1.404878225614688e-07,5.0321144183998936e-05,4.83317298562871e-06,1.04169064283515e-05,1
0.11221500119613247,0.8877476307168054,8.088241418419131e-06,1.6799244971257674e-07,1.1568133804227259e-05,5.913149299126255e-06,1.163057009057488e-05,1
0.06732124399003596,0.9326524544955924,7.257425108124164e-06,1.173283177421556e-07,6.097260386655957e-06,4.1298276262516474e-06,8.699672932728171e-06,1
0.058734832915455414,0.9412430567168141,5.6071199290678395e-06,1.1086802748531784e-07,7.800427829881375e-06,3.7578050556307275e-06,4.834146888306577e-06,1
0.05902728892528104,0.9409458881004787,5.906174164482016e-06,1.4933364813638877e-07,1.1835080797546646e-05,3.958226578973104e-06,4.974159051261976e-06,1
0.026182023660253923,0.9737942524381978,5.459935617748091e-06,8.074723986787227e-08,1.1884489593287112e-05,2.7779302951522775e-06,3.52079880196581e-06,1
0.03928782395137615,0.9606730089337984,5.015623232602448e-06,9.548848161236232e-08,2.6882538881993466e-05,3.2850701317236514e-06,3.888394097372129e-06,1
0.09322877414787796,0.9067304933401419,9.471653215703851e-06,1.0129194451453346e-07,2.3258237693994434e-05,3.4847254442657712e-06,4.4166036817990616e-06,1
0.04416707137813614,0.9557576191763371,1.1228912176269379e-05,9.939248853972876e-08,5.211628293336727e-05,4.495092820917712e-06,7.3697651079070765e-06,1
0.03757204807096697,0.9623803964410276,9.287124070647766e-06,8.5733233063089e-08,3.128151982206312e-05,3.877343711963851e-06,3.0237671675847434e-06,1
0.04447693675268067,0.9554794221529562,7.468340057052233e-06,8.806815941062658e-08,2.9054483399779305e-05,3.924083924491271e-06,3.1061188225516993e-06,1
0.04378111421326459,0.9561752129124411,7.473778585480904e-06,8.81322916254101e-08,2.9075641198265035e-05,3.926941486120335e-06,3.1083807328812007e-06,1
0.04378111421326459,0.9561752129124411,7.473778585480904e-06,8.81322916254101e-08,2.9075641198265035e-05,3.926941486120335e-06,3.1083807328812007e-06,1
0.0652892920514654,0.9343565413424328,1.4225463224652157e-05,1.5087644279230292e-07,0.00032774614156718686,6.722730264834961e-06,5.321394602244392e-06,1
0.08354532776732053,0.9160579272004489,3.317194903093166e-05,1.618453911459905e-07,0.00033127784983013036,2.6425119842405522e-05,5.708268135854692e-06,1
0.08889531577098204,0.9106309732423761,3.8164661360354694e-05,1.6763867633211672e-07,0.00040025102816408387,3.0344796713689572e-05,4.782861727627229e-06,1
0.10799248907325477,0.8904672190638063,4.7189452728081307e-05,1.5153698216569391e-07,0.0014511022422819247,3.449039934415113e-05,7.358231602420677e-06,1
0.3461273308156916,0.6103194483134057,3.267141917433561e-05,2.5079667787450033e-07,0.04340264619286304,5.4220804121586543e-05,6.343165806590613e-05,1
0.31887481814672447,0.6226958744285724,3.4484442755363e-05,2.6749091630742786e-07,0.058289983335459365,5.5042303391376894e-05,4.952985218071816e-05,1
0.09403931072785215,0.9057151240034096,3.0789027976119054e-05,1.3006120725921553e-07,0.0001734063793555374,3.363095130416657e-05,7.60884889501942e-06,1
0.11728954997014703,0.8825070560094455,1.9635734010907062e-05,9.657717840881697e-08,0.0001528079300256051,2.582103632609799e-05,5.0327428663569045e-06,1
0.08202781393155124,0.9177548036025805,1.938170016294056e-05,1.0043451641493341e-07,0.00016581423751935048,2.6852340682043824e-05,5.233752987518589e-06,1
0.0770033970815637,0.9227690473889748,1.8900320184323304e-05,1.0869890113728814e-07,0.00017191439781485,3.042551129402114e-05,6.206601267100672e-06,1
0.14108947693612559,0.8585826811122008,3.3446854874622376e-05,2.0878940834496685e-07,0.0002446288232403041,4.553398777826394e-05,4.023496371924125e-06,0
0.27317344065231963,0.7265405889939394,2.651193211124401e-05,1.292045463981564e-07,0.00021303008732224943,4.3030893510834216e-05,3.2682362502801637e-06,1
0.5010931680614567,0.4987082444146096,1.8190930976129402e-05,8.800015054767085e-08,0.00015312180694949582,2.4943419984385538e-05,2.243365873015257e-06,1
0.3894973394427588,0.6102827848280239,2.2260734886702805e-05,1.0768816746664677e-07,0.00016602164006194694,2.8740398526957257e-05,2.7452675741885014e-06,0
0.45303961201031084,0.5394172909189702,2.8699693447059426e-05,2.712765235594935e-07,0.007434579459749077,7.5023291328654e-05,4.523349670497849e-06,0
0.04078565704176776,0.940300780880061,3.5119363788811975e-05,1.5705787203401657e-07,0.018835327779984673,3.970032775651249e-05,3.257548769390047e-06,1
0.03949282613207509,0.9444479521507755,3.702424555367061e-05,1.5336704518454466e-07,0.015980095729057578,3.876737843204415e-05,3.180997060737551e-06,1
0.019430542381013483,0.9675684516763049,3.638286524474334e-05,1.335668895894116e-07,0.01292822323647242,3.374885252550217e-05,2.5174215493563243e-06,1
0.016589358642768427,0.9668559322815062,3.667978837495815e-05,1.346569383990136e-07,0.016481635522391062,3.402427929207542e-05,2.234828728786606e-06,1
0.013430298631881547,0.9755226952963448,3.582752604484503e-05,1.3152815709546082e-07,0.01097034988194752,3.851423359466453e-05,2.182902029528445e-06,1
0.005143006287347143,0.989189645585028,3.359085108603811e-05,1.257140950494314e-07,0.005589671330620996,4.1873822651532457e-05,2.086409171114329e-06,1
0.0056403608284158035,0.9871521233210864,3.445461217727572e-05,1.447611908097304e-07,0.0071282294753721095,4.255547329231452e-05,2.1315284651867746e-06,1
0.010966948357164214,0.9631338976467423,4.354923525673574e-05,1.5101480995327523e-07,0.025814508230685155,3.834752107623858e-05,2.5979942654876316e-06,1
0.012046165041270925,0.9584283639235118,4.377859214808717e-05,2.697081488930363e-07,0.029440329776894886,3.702825614113195e-05,4.064701884071974e-06,1
0.0201629384164333,0.9238973300415887,3.9661328259707135e-05,3.680354953559671e-07,0.055851058229134797,4.542329792547747e-05,3.2206511624289748e-06,1
0.015496425482840272,0.7073222516145604,3.340668541915237e-05,2.549910680776385e-07,0.002742879249813676,4.594452918882757e-05,0.2743588374471096,1
0.03463170593406771,0.9618947448093482,4.625722542767505e-05,3.4709705800638054e-07,0.00335042533437669,7.328565054733969e-05,3.2339491743632373e-06,1
0.004837744883612395,0.9912822468530975,5.631557643701882e-05,1.6032440201938797e-06,0.0037154030918674706,0.00010306930714288079,3.6170438224569804e-06,1
0.0030988626674781205,0.9932889805441204,4.676603680285089e-05,9.642936510564886e-07,0.003463656147957424,9.744924629764657e-05,3.321063692438316e-06,1
0.9405346432922855,0.05442907829446933,2.4808202555162168e-05,2.653013962482004e-07,1.35451596951121e-05,1.1998570797240912e-05,0.004985661178801548,0
0.9430164131658081,0.04971635590231458,2.50585766021645e-05,2.532268651751122e-07,1.2928685549323725e-05,1.1452485786107405e-05,0.007217537957074654,0
0.949687798812225,0.04320772594031387,1.7740588775557246e-05,2.2900675391402442e-07,1.2156494404633297e-05,1.0204049133825187e-05,0.007064145108393067,0
0.9865392662990504,0.007772078478052015,1.2360471189404284e-05,1.6047366955341366e-07,7.731960623172638e-06,7.257612332459552e-06,0.005661144705082973,0
0.9684211185308785,0.030522634579143563,9.268207872659593e-06,1.35488548279326e-07,6.094365544001598e-06,4.568016161460041e-06,0.0010361808118515088,0
0.960694833928421,0.038325671787248494,1.167906137746067e-05,1.516270542976757e-07,6.853736703043597e-06,5.112128245100181e-06,0.0009556977309505536,0
0.956676790186963,0.042698591024151605,9.509543034631098e-06,1.2346060624707503e-07,6.489294767194361e-06,4.162492341991894e-06,0.0006043339981353379,0
0.9300266676164278,0.06970182131933918,1.1679432310739581e-05,1.9239527141194802e-07,7.719732355221467e-06,5.112290609046296e-06,0.0002468072136864934,0
0.9019528786612776,0.0979993033930816,1.0304922805128302e-05,1.3101014636780233e-07,6.063192557853135e-06,4.417026187996172e-06,2.6901793943576754e-05,0
0.9205894792863503,0.07937143198455424,8.418233349716228e-06,1.0702399272275837e-07,5.678690349080055e-06,3.60832952031962e-06,2.1276451883618053e-05,0
0.8164738055944109,0.18344171663779948,1.726185466009813e-05,2.1577497265407756e-07,1.3809997011941357e-05,7.274884666195997e-06,4.591525647890239e-05,0
0.8601316304532316,0.1398186708876082,1.0158194475245939e-05,2.298800925102591e-07,9.275412248870005e-06,6.9171765408589605e-06,2.311799580259082e-05,0
0.6021665633734911,0.3977658875133412,1.4283342099972825e-05,3.787821865883848e-07,1.3951795801991937e-05,1.0848268611566734e-05,2.808692446766621e-05,0
0.274630478498396,0.7253282420120963,1.0361355671801533e-05,2.1798438517520108e-07,1.5785596014515284e-05,7.349375331510509e-06,7.565178104525028e-06,1
0.24394668928418062,0.7559953587320615,9.203706837100443e-06,1.9362952491614495e-07,3.551079505652711e-05,6.528247666579693e-06,6.51560467295993e-06,1
0.17045101217848257,0.8294950627264451,8.543387231774465e-06,1.797375818398305e-07,3.280276785639897e-05,6.059878780112183e-06,6.339323622174687e-06,1
0.12988563500615752,0.869913013727121,9.879793577985312e-06,1.6079356294262935e-07,0.00017934174000169633,5.421178420676537e-06,6.54776115831069e-06,1
0.09943703657664313,0.9004283058965268,8.641669950934883e-06,1.6146128776917445e-07,0.00011471598387643207,5.443690860567603e-06,5.694720854395344e-06,1
0.11274065693290058,0.8870543490367411,1.0052591659505319e-05,1.6360585036320503e-07,0.00018248699010656096,5.628560915051285e-06,6.662281826933609e-06,1
0.11822082160415533,0.8816006919286269,1.024549646803547e-05,1.6674537460806826e-07,0.00015575399566924295,5.7365705211702786e-06,6.583659184983467e-06,1
0.14655692798963113,0.8531715537048299,9.255040639325247e-06,1.92871173000914e-07,0.0002478198205956635,6.635380969464326e-06,7.615192161285662e-06,1
0.07436161470897203,0.9254761395942428,1.5083228226152743e-05,1.774032119413581e-07,0.00012758633670830445,6.2444679805009035e-06,1.315426065822468e-05,1
0.07331884851939958,0.9266522998043519,9.428235613927096e-06,1.2097820574577968e-07,6.353996037123609e-06,4.2581738672911535e-06,8.690292524284941e-06,1
0.15226441211455133,0.8477036627860789,9.960894084999692e-06,1.4743329047839911e-07,6.154326628188509e-06,5.071909588339525e-06,1.0590535777856494e-05,1
0.20518076029399804,0.7947863754065216,1.1412903531534813e-05,1.756496324577597e-07,7.574108307631758e-06,6.04283732961275e-06,7.658800678945251e-06,1
0.20043602670044966,0.7995311787075517,1.1566287503831081e-05,1.7105435976511035e-07,7.714068686277397e-06,5.884747130513874e-06,7.45843431821936e-06,1
0.16707922685864246,0.8328923793344496,9.076457864871306e-06,1.5021800437850304e-07,7.882173284878483e-06,5.1679183823891245e-06,6.117039371466674e-06,1
0.26874246637784793,0.7312003230012566,1.5674550143833002e-05,2.5941542426804273e-07,2.3202388885098327e-05,8.924714578085383e-06,9.149551864363853e-06,1
0.3738347637681991,0.6261152775804892,1.2285963440635078e-05,2.4292421679189105e-07,2.0504490101423934e-05,8.357364659752974e-06,8.567908893307787e-06,1
0.10281062994974179,0.8971495613661806,8.328461126992155e-06,1.3783844189733797e-07,2.173886644384715e-05,4.742026900359138e-06,4.861491164499783e-06,1
0.11043968047356499,0.8894812324285715,7.317522394295448e-06,1.393125181440666e-07,5.6507763888248276e-05,4.792739235168999e-06,1.0329759827901128e-05,1
0.1034281010134589,0.8965042531107534,6.516172464966619e-06,1.7172444867766952e-07,4.6391075734007366e-05,4.763841563440149e-06,9.803061576575108e-06,1
0.07329995339939133,0.926674671209967,5.751709059462058e-06,1.095022371684658e-07,7.540437285094282e-06,3.854358205224715e-06,8.119383854639595e-06,1
0.0799226748548783,0.9200576188022265,4.710033113159704e-06,9.782719876599639e-08,4.279252226908167e-06,3.3655285256390743e-06,7.253701830614189e-06,1
0.06489079856447624,0.9350908509321897,5.140948982159531e-06,9.767846700705836e-08,5.492417890960931e-06,3.360411738245712e-06,4.25904625568684e-06,1
0.05082508079645508,0.9491558938485608,4.978173187627241e-06,9.458571309509671e-08,6.622476481664356e-06,3.2059258103627926e-06,4.124193791555212e-06,1
0.03095178260733702,0.9690201337982836,7.342509891328274e-06,9.458771973684465e-08,1.3268134071446557e-05,3.2540814105387096e-06,4.1242812865813345e-06,1
0.022632689091101263,0.9773417303713964,5.6134395825428415e-06,7.231348106460902e-08,1.2045091071576804e-05,2.4877854664258913e-06,5.36190790079909e-06,1
0.03191947283384771,0.9680393160199294,4.996629227775459e-06,8.269565973756356e-08,2.7155133141390525e-05,2.8449613737693095e-06,6.131726820237991e-06,1
0.032811513250260105,0.9671510174360258,4.170001856051604e-06,7.938936540663845e-08,2.4602135519974643e-05,2.7312156259072646e-06,5.886571346675378e-06,1
0.042453507257572964,0.9574997743115875,9.293888387561992e-06,9.770196925920146e-08,2.970554918379706e-05,3.3612202812787428e-06,4.26007101766413e-06,1
0.049767795862416926,0.9501714331202183,1.1229936790851575e-05,9.940155789493608e-08,3.865155056098677e-05,3.4196908713351935e-06,7.37043758344864e-06,1
0.03758820873771693,0.9623409433123532,1.0335909017245692e-05,9.109594232651896e-08,5.259154393484977e-05,4.119875881797556e-06,3.709525153776549e-06,1
0.03594990974637946,0.9639986416143457,1.0746919034061935e-05,8.546915754158945e-08,3.373639700684482e-05,3.865400717092573e-06,3.014453359354905e-06,1
0.0728030943310274,0.9267514841419452,3.4762259391899395e-05,1.459980147920535e-07,0.0003804698434242178,2.202922517795848e-05,8.014201018659419e-06,1
0.09199792655536855,0.9075249505640324,2.734050499468641e-05,1.4050316930038565e-07,0.0004180166811060854,2.757848766711516e-05,4.046703661785529e-06,1
0.10638013483747895,0.8929239818136575,5.619725655360357e-05,1.472261034844884e-07,0.0006014751428706668,3.3823389006896456e-05,4.240334328739296e-06,1
0.17728890339213163,0.8201470216565356,4.617201033572685e-05,1.510134168925975e-07,0.0024670958861052095,3.437123387646299e-05,1.6284807598540666e-05,1
0.15137382174281253,0.8454136498674898,3.8526420887274004e-05,1.694558410314403e-07,0.003114931694907692,3.585585598908777e-05,2.3044962072567494e-05,1
0.06993362619156757,0.9298553455247646,2.3939434286476375e-05,1.1339904551681472e-07,0.00015137108419071681,2.8750194275043787e-05,6.854171870159397e-06,1
0.058463501488146524,0.9412488362560283,2.048550672591567e-05,1.3179367909437662e-07,0.0002224577702167479,4.152475068789572e-05,3.0624345156491483e-06,1
0.06665523183384493,0.9330520039174265,1.9888306251466532e-05,1.4514142988476131e-07,0.0002289028981195666,4.073239658322948e-05,3.0955063445101683e-06,1
0.26889773232524317,0.7308389795727799,1.79219508591696e-05,1.40687307377088e-07,0.00020627128523414983,3.616472471878011e-05,2.7894538574127265e-06,1
0.13935022041315323,0.8603034977216835,3.224955221523526e-05,1.726843088838237e-07,0.0002569321294869986,5.102597405194679e-05,5.901525099941577e-06,1
0.2630267259567088,0.736684997353163,2.5154021032051003e-05,1.5329623171594043e-07,0.00021670809605312414,4.289512569677431e-05,3.366151114533726e-06,1
0.3335353400814787,0.6585399317415325,2.346820701427631e-05,2.2755237646579574e-07,0.007855042689219553,4.154988772335566e-05,4.439840655206533e-06,0
0.07497662759815953,0.89841348062251,4.081745891876395e-05,2.118898789216087e-07,0.026520694052495995,4.408508783744292e-05,4.083290199375813e-06,0
0.05850109545969096,0.9198231272019582,3.782188698724558e-05,1.9633939168687766e-07,0.021586475870805578,4.7499621495795224e-05,3.7836196703054393e-06,1
0.03942608043437254,0.9453307632213767,3.4374785557516e-05,1.4833533239850494e-07,0.015168341964959786,3.7495486458752e-05,2.795771942124588e-06,1
0.03935951349916349,0.9454170311284811,4.035229768801947e-05,1.4808488324524893e-07,0.015142731759083723,3.743217913552243e-05,2.7910515649610346e-06,1
0.027259579435775044,0.9581919286743646,3.851245215965275e-05,1.413849187199199e-07,0.014471434685209028,3.573859457227966e-05,2.6647730005066644e-06,1
0.008069996789692644,0.9852133164178664,3.531679317204952e-05,1.623124879605984e-07,0.006638523026682545,4.085670967744117e-05,1.8279504211948313e-06,1
0.009673004985334981,0.983961240942362,3.540681010871343e-05,1.6272619689723177e-07,0.0062873910794313675,4.096084698768372e-05,1.8326095785675812e-06,1
0.0072886144678200515,0.9859852154554629,3.764994780385268e-05,1.5818640621950113e-07,0.006638387699493455,4.764503567712032e-05,2.3292073364168596e-06,1
0.007038485261371282,0.9644077173317293,4.551478583108216e-05,1.8726159432639698e-07,0.02845536675968965,4.997127638518022e-05,2.757323399388226e-06,1
0.016275144076258286,0.9550297093597374,3.369344003327349e-05,3.126567474415681e-07,0.02861660901134093,4.179542001177589e-05,2.736035870983069e-06,1
0.024852223673821505,0.9621956372805004,3.784141491192772e-05,4.7193815226334603e-07,0.01285167230661512,5.8383315907472795e-05,3.770070091381715e-06,1
0.01749705005986209,0.8063111075958718,3.541960713770891e-05,3.054863094501384e-07,0.010602135383044603,5.256698966607167e-05,0.16550141487810835,1
0.02362668060489713,0.8500792359287793,4.091856685246484e-05,3.682696374987908e-07,0.0033437735990927593,6.0728112328326496e-05,0.1228482949184124,1
0.0048377830639038805,0.9926275283596561,5.1737279384864286e-05,9.392430493044226e-07,0.0023436708301489855,0.00013472415148807685,3.6170723687715896e-06,1
0.9532932708054629,0.04101856926915026,2.0674623903686793e-05,2.0892528266560957e-07,1.0666835373171593e-05,9.448894091200585e-06,0.005647160646735987,0
0.962570105012665,0.03150311719204616,1.2533614398556083e-05,1.6179183140629716e-07,7.79547244769704e-06,7.317227768102598e-06,0.00589896968884315,0
0.9849482366323304,0.009132666876823037,1.3017958586627663e-05,1.6900970460424603e-07,8.971637269360121e-06,7.440103435067507e-06,0.005889497781850996,0
0.963698856165399,0.0314000629651991,9.422470909799796e-06,1.5006135538265073e-07,6.397075759608773e-06,4.515401380813553e-06,0.004880595859996532,0
0.9670258131975109,0.032057884104479115,9.07514396413002e-06,1.5872107616021585e-07,6.528086035184569e-06,4.910861304424469e-06,0.0008956298856302013,0
0.863196466737486,0.1365982863932982,1.3644705172738265e-05,1.734699866879491e-07,1.0728415608436361e-05,5.8485658956589695e-06,0.00017485171255244338,0
0.9101311379701943,0.08982926833792639,8.458746200516233e-06,1.0753904699472672e-07,5.772426988941222e-06,3.625694650201519e-06,2.162928499271729e-05,0
0.7622660477446956,0.23768366017218218,1.1916629881716786e-05,1.7371301079166396e-07,9.97528750776743e-06,5.856759488752192e-06,2.236969323319797e-05,0
0.7599118992995525,0.24004079320565755,9.865406707459192e-06,1.8078976838323786e-07,7.884950355937515e-06,6.095353402847432e-06,2.3280994555348617e-05,0
0.7636639709819941,0.23629731979706742,1.1810706968824215e-05,2.6727647489138456e-07,1.0227604838888854e-05,8.042447442288443e-06,8.361185213638898e-06,0
0.7520976738041234,0.24786172254371341,1.2388723563457604e-05,2.8035699905053353e-07,1.0728144335452034e-05,8.436045225670955e-06,8.770382039624305e-06,0
0.30313155198953906,0.696835236934781,9.568629223801981e-06,2.768978070324551e-07,1.0025100000070343e-05,6.515714751903101e-06,6.824733896866925e-06,1
0.3139219758170107,0.6860454367750762,9.42046852288611e-06,2.1318534320328734e-07,9.869871303459614e-06,6.414825393351254e-06,6.669057349997686e-06,1
0.15779294707620184,0.8421518104659433,9.33011180936485e-06,1.7432416145532827e-07,3.371226444712693e-05,5.877364522492398e-06,6.148392914367467e-06,1
0.12187533520537185,0.8779702871098076,9.88098104391351e-06,1.6081288894129124e-07,0.00013236551274529705,5.421829999539438e-06,6.548548142696558e-06,1
0.11226159952985146,0.8875453990626974,9.316347910108871e-06,1.5162348912000226e-07,0.0001722470863573774,5.112008044615065e-06,6.1743416501176745e-06,1
0.12563852784543747,0.8741821498413775,1.0159282099729326e-05,1.6534223644051762e-07,0.0001567811320906421,5.6882981114076726e-06,6.528258646849747e-06,1
0.1405177853914264,0.8592886458707314,1.1284748272138181e-05,2.1084466295467376e-07,0.0001673829520361219,7.253726113212016e-06,7.43646675779314e-06,1
0.15176615283025058,0.8480041330719025,1.1245736709844769e-05,1.8180394767202027e-07,0.00019919943522158262,6.399370775439307e-06,1.268775119233488e-05,1
0.1084776497922781,0.8912951442024233,1.3580204023458549e-05,2.0123898451494337e-07,0.0001984496189820976,7.083470369451199e-06,7.89147293913143e-06,1
0.06844539552689219,0.9314762888421303,1.5181017479300367e-05,1.7855337206236288e-07,4.343156350478266e-05,6.284952805828855e-06,1.3239543815529595e-05,1
0.054939947211088275,0.945020797470357,1.17644056075461e-05,1.383684785555977e-07,1.2222195146080064e-05,4.870472887135041e-06,1.0259876435630508e-05,1
0.03546868667629643,0.9645093072807215,6.646826662101234e-06,8.52886156447336e-08,6.14536800710601e-06,3.001976695529834e-06,6.126583002078424e-06,1
0.20518084415885435,0.7947867002646861,1.1390053991205381e-05,2.9172074200780288e-08,7.574111403445927e-06,6.042592790834576e-06,7.419646199722116e-06,1
0.18304714677126768,0.8169210109059873,1.0908064188817272e-05,1.6787993171915824e-07,7.670820033467848e-06,5.775537950694713e-06,7.320020640186489e-06,1
0.1731899164199133,0.826783397280164,7.628852124301612e-06,1.4494883787240034e-07,7.605691889457131e-06,4.986644356286738e-06,6.320162714695293e-06,1
0.2769480138152125,0.7229894209064641,1.2166985732333884e-05,2.4057173000935936e-07,3.3396352260869125e-05,8.276431642211503e-06,8.484936957896713e-06,1
0.13173296076791352,0.8682279741108203,7.0824139135361525e-06,1.4003860633650867e-07,2.2085860215971018e-05,4.817718694405473e-06,4.939089836062259e-06,1
0.08296890085132828,0.9170054702547308,5.286639738320154e-06,1.0980329523371756e-07,8.47335569155524e-06,3.864955117708494e-06,7.89414009826625e-06,1
0.07006394673988559,0.9299197899213698,4.540407508707423e-06,8.626812803957858e-08,4.907274349646637e-06,2.9678642487267393e-06,3.761524509649897e-06,1
0.04008790331220245,0.959890104048526,4.233595201594684e-06,8.37097039317545e-08,1.129905950230007e-05,2.83729002648447e-06,3.5389848373301072e-06,1
0.03362329610231813,0.966353406661575,4.392196416035831e-06,1.0588664723132764e-07,1.2373621049996764e-05,2.8709851905450293e-06,3.554546803391684e-06,1
0.11800934648255489,0.8818285536160222,1.7790188816549744e-05,2.2917428763482607e-07,0.00012707411864854934,7.88432342274116e-06,9.12209624781855e-06,1
0.021956528069849785,0.9780212008798923,4.590046205894325e-06,7.596659306084285e-08,1.1679225122875856e-05,2.613462709419307e-06,3.312349626757434e-06,1
0.021552048765829047,0.9784218469002416,4.850512074789453e-06,8.027737856953465e-08,1.495227947749886e-05,2.7209534243885424e-06,3.5003115741796388e-06,1
0.023664492554738195,0.9763087910202541,4.417647830614424e-06,8.393568373639317e-08,1.571006840959957e-05,2.844949475936244e-06,3.6598236079008812e-06,1
0.029509483846685725,0.970449796038045,3.8001400963897203e-06,8.053291212906043e-08,2.8279094798945262e-05,2.7705568230718605e-06,5.789790638932955e-06,1
0.0576861356281993,0.9422689122914167,5.040966259945053e-06,1.047006669457368e-07,2.8357708737102728e-05,3.685348219086571e-06,7.76335650075672e-06,1
0.053293350612408794,0.946670393619147,4.942516314810195e-06,9.409665685767078e-08,2.100487879360951e-05,3.23718747767966e-06,6.977089201294886e-06,1
0.03028652349066925,0.9696645736591955,9.18328247413678e-06,9.25972526234989e-08,2.9575455406837723e-05,3.185603789449552e-06,6.865911212193302e-06,1
0.03228161614258125,0.9676576099833859,1.410781985421305e-05,9.815240087564466e-08,3.59133704402799e-05,3.376716385359322e-06,7.277814952198266e-06,1
0.04080824754486989,0.9591307657622248,1.1317050727249099e-05,9.974327353652492e-08,4.2076798242375576e-05,3.43144684261855e-06,4.061653819634992e-06,1
0.04223808955736499,0.9577010146609949,1.1300180696261092e-05,9.959458885215261e-08,4.20140754617384e-05,3.426331674721556e-06,4.05559921871014e-06,1
0.04331157403747647,0.9566286823442667,1.2011073629900937e-05,9.703370381203981e-08,4.034596362314157e-05,3.3382300857759434e-06,3.951317214159607e-06,1
0.035655228518819124,0.964293695328129,1.0750208373108533e-05,8.549531732154968e-08,3.3358489548866216e-05,3.866583810914084e-06,3.01537600137981e-06,1
0.03402070478819991,0.9659282014194095,1.0753920997426261e-05,8.552484344635786e-08,3.337001002690752e-05,3.867919149968429e-06,3.016417372661303e-06,1
0.10605226428507324,0.8934617102020715,3.78599656042445e-05,1.6630029701948413e-07,0.00041365345315738064,2.9556093861436025e-05,4.789699935280538e-06,1
0.1046718256808064,0.8947549446219434,5.0402621796009805e-05,1.432850523836783e-07,0.00048619649339265105,3.236047090917781e-05,4.12682609970543e-06,1
0.14765646599703702,0.8506537640972655,5.064034769504749e-05,1.5674989597276523e-07,0.0015892448467248576,3.56768785545919e-05,1.4051082827048566e-05,1
0.15570068747086235,0.8409660178975575,5.363420418181424e-05,1.754315741330703e-07,0.003224777424186052,3.7120285850089235e-05,1.75872857879998e-05,1
0.17710719575878767,0.8182813214159265,5.6628520509251464e-05,2.0145533791814444e-07,0.004492134488658315,4.232215254936886e-05,2.0196208231005004e-05,1
0.3304909218350178,0.6462364475501712,4.9565077875377503e-05,2.7927556851676915e-07,0.023098077144427687,6.353086173753201e-05,6.117825520179381e-05,1
0.35401564373818234,0.6159928175227138,4.626487836443945e-05,2.662055737773077e-07,0.02982613487941077,6.055764058140665e-05,5.8315135173416304e-05,1
0.08055216360599644,0.9192362571669905,1.9594401085785324e-05,1.1253092402543791e-07,0.00015631134942868378,3.204109453752895e-05,3.5198510370921446e-06,1
0.07464650850070897,0.9251558717078016,1.7850999192366593e-05,1.0526383365853953e-07,0.0001462169801563465,2.946401413740878e-05,3.982534169685939e-06,1
0.06043411883602974,0.939363751851642,1.5567570621800342e-05,1.00980773199832e-07,0.00015431559904129173,2.8370211990148083e-05,3.7749499017918616e-06,1
0.10144244972346905,0.8983655157045088,1.5456360402904066e-05,1.106439538596702e-07,0.00014410820273830994,2.689357077182376e-05,5.465794155404901e-06,1
0.10366341240074231,0.896144998019351,1.546270433883326e-05,9.548821874727081e-08,0.00014375200605982793,2.6827097105513178e-05,5.452284183825025e-06,1
0.07909530764153226,0.9206301539990199,2.0747275129417553e-05,1.2680461314636957e-07,0.00020935044039974217,3.707341953707062e-05,7.240419768682337e-06,1
0.11107154873370476,0.8886375061692314,2.0680613698728566e-05,1.550191567478353e-07,0.000226591494372792,4.044435365212173e-05,3.0736161834705785e-06,1
0.37484717904089637,0.6133527843815795,3.085276908566026e-05,2.0578737522713585e-07,0.011703016403133272,6.0756156199452426e-05,5.205461730596426e-06,0
0.4135843537371988,0.5786405333088226,2.7224733528738522e-05,1.9477332866750462e-07,0.00768916963661602,5.353547114476478e-05,4.988339360583095e-06,0
0.4264091290791993,0.5653477801885521,2.4846295460048838e-05,2.43928330683828e-07,0.008168701099476764,4.4540052316184375e-05,4.7593566648138835e-06,0
0.07162908194281202,0.904542757299718,3.470513161966721e-05,1.9558035412058477e-07,0.023747805759122807,4.16382611528124e-05,3.8160252205266995e-06,0
0.047773423210793864,0.9354211961749693,4.013121061000592e-05,1.5892779636512364e-07,0.016720738907977435,4.135791217288121e-05,2.9936556799941885e-06,1
0.013246215393305581,0.9498523857303603,4.4853594541051826e-05,2.721738256624089e-07,0.03681006911201446,4.35684430640609e-05,2.6355528885741587e-06,1
0.01585121253004104,0.9563645512565274,4.794392152479072e-05,4.610551075944199e-07,0.027684895450529472,4.819797323499079e-05,2.737813034675491e-06,1
0.011127762904193997,0.9638116199611042,3.629923854489503e-05,2.7298064081100434e-07,0.024985164496453858,3.6491585840193414e-05,2.3888332219103525e-06,1
0.015403750801981557,0.9692114177666001,3.333334414032135e-05,3.9539267003818376e-07,0.01530125529420922,4.668881262087335e-05,3.1585877778974608e-06,1
0.9267831049557781,0.0690504183695231,1.8670801615524078e-05,2.1851939680899313e-07,9.109042658333197e-06,8.550211719377903e-06,0.004129928099308626,0
0.9567912900555576,0.03664679622301215,1.930309640796767e-05,1.9506545280550385e-07,9.398665863570091e-06,8.822066821665173e-06,0.006524194826883994,0
0.9528929825523352,0.03886032240147811,1.5460701663728355e-05,1.9957652736541567e-07,1.0072304099078194e-05,9.026085527349242e-06,0.008211936378369184,0
0.9640916463676984,0.03236014854999432,8.974531317541581e-06,1.5693461943999e-07,6.3054343113493726e-06,6.165787367085571e-06,0.00352660239469212,0
0.9646845133943156,0.03300173044569665,9.519617645172449e-06,1.51608504842763e-07,6.463030330541031e-06,4.861922068506911e-06,0.002292759981438845,0
0.9721510927155589,0.02701615146297234,9.026036153725207e-06,1.4354416416656518e-07,6.550236597784688e-06,4.951605155458691e-06,0.0008120843993973115,0
0.96013476856003,0.03884922357348808,1.1945907501907736e-05,1.5509146727513853e-07,7.748541570542366e-06,5.2289314337976925e-06,0.0009909293945084283,0
0.9710694585836313,0.028235812897077484,1.0369562237911986e-05,1.3462607359229997e-07,7.346746258703993e-06,4.538937701625468e-06,0.000672338647019476,0
0.9581567934734061,0.0413695555275434,9.723837487203027e-06,1.2624275076585648e-07,6.496802663884669e-06,4.278970157752165e-06,0.0004530251459906713,0
0.9010907837749438,0.09861469092609695,1.1643355027403797e-05,1.2957134669116547e-07,7.461546994303793e-06,5.123652957378375e-06,0.00027016717263339,0
0.9288657417133035,0.07110661939021494,6.573128962340189e-06,8.533769537351994e-08,4.5280159598016105e-06,2.877172843009017e-06,1.3575241021006385e-05,0
0.8317485137325515,0.16821705039648593,1.02960872890559e-05,2.3300060894380243e-07,9.378185597839981e-06,7.011074028169687e-06,7.517523438890027e-06,0
0.6496887676175493,0.3502776461075564,1.0153554408740165e-05,2.2977508773601504e-07,9.100895697289534e-06,6.9140169085778545e-06,7.188032791968244e-06,0
0.4912325635333762,0.5087367524589846,9.186314067212344e-06,1.5832468509634614e-07,8.53193866695148e-06,6.255378976798478e-06,6.552051243224866e-06,1
0.27339455542405866,0.7265761618924903,8.838897712412367e-06,2.0002438708665093e-07,7.967609590305925e-06,6.01880738278251e-06,6.257344378534375e-06,1
0.4061608643181886,0.5938040914835913,1.0473687018581942e-05,2.2034763573231396e-07,9.273915856866555e-06,7.429052668640251e-06,7.64719504053541e-06,1
0.26812695314941715,0.7318409397773866,9.00358339776398e-06,1.8941928580606134e-07,9.8469754758971e-06,6.386298841068453e-06,6.680796195844465e-06,1
0.1351617216249662,0.8646952597523968,1.1278277131241855e-05,1.8355387179623218e-07,0.00011889432235609814,6.188545552463456e-06,6.473923725403205e-06,1
0.12078255028669359,0.8790784176964884,9.954046733011954e-06,1.6200203245793066e-07,0.00011705766956541497,5.461922146597546e-06,6.3963763401808775e-06,1
0.09188198381232822,0.9079856145368207,8.307051302117782e-06,1.6307006430608937e-07,0.00011034804414135506,5.26078360130192e-06,8.322701741995397e-06,1
0.1053449867227629,0.8945207613828766,7.001411775254461e-06,1.5329614218659555e-07,0.00011627347556337553,5.019646726942294e-06,5.804064152667631e-06,1
0.06923514596067587,0.9306865540317619,1.3903461554500866e-05,1.7840198891378957e-07,4.47102008781951e-05,6.279624225733215e-06,1.3228318915068073e-05,1
0.054939947211088275,0.945020797470357,1.17644056075461e-05,1.383684785555977e-07,1.2222195146080064e-05,4.870472887135041e-06,1.0259876435630508e-05,1
0.13302202611789155,0.8669494254147389,8.34425031575572e-06,1.3489863811954619e-07,5.63109103779465e-06,4.748089901319207e-06,9.690137476776218e-06,1
0.2509279053728119,0.7490426259833317,8.588440691730046e-06,1.688465927509876e-07,7.6262332614338174e-06,5.72295362564928e-06,7.362169684641021e-06,1
0.2856057046763335,0.7143648428246572,8.627155543541875e-06,1.6960771704024087e-07,7.511627503985603e-06,5.74875147528179e-06,7.395356769303419e-06,1
0.29063942436815315,0.7093337312716723,7.5804449555234765e-06,1.4988603602413646e-07,7.4220934843821e-06,5.1564977449761826e-06,6.535437953404927e-06,1
0.2486152500185039,0.7510057682006182,1.0395169938306985e-05,2.6079369579109955e-07,0.00035417305227359826,7.071177306876517e-06,7.0815876633547695e-06,1
0.0782763217937464,0.9217046799220486,4.5038857535346435e-06,9.354552637843278e-08,4.171929455730761e-06,3.29269955100616e-06,6.936223918259249e-06,1
0.06212985614340124,0.9378523532133393,4.540201831675305e-06,8.977215180534761e-08,6.203586772418272e-06,3.0427730479254615e-06,3.914309455572097e-06,1
0.057618401787540324,0.9423618701212014,4.363948635503864e-06,8.628714623302018e-08,8.590850840124952e-06,2.924650881818302e-06,3.7623537544983187e-06,1
0.04947770422962534,0.9504981661608063,4.419866589383834e-06,8.321531838512047e-08,1.292527719698096e-05,3.0065559785704487e-06,3.694694484952045e-06,1
0.14549018332445968,0.8543371763820011,1.201891333545323e-05,2.2835780589570848e-07,0.00014372358102772767,7.856233857518107e-06,8.813207512802523e-06,1
0.11384376305018086,0.8860152833195307,1.1189525267085328e-05,2.2336695950122476e-07,0.00011412968832792099,7.20601443690504e-06,8.205035296966081e-06,1
0.023554201593898854,0.9764223837526554,4.0890164857735026e-06,6.767440619550592e-08,1.1911844933194333e-05,2.32818835027123e-06,5.017929270164253e-06,1
0.02600150138338522,0.9739638672393256,4.799752769132722e-06,7.943729737123992e-08,2.1129197192440647e-05,2.7328646191953425e-06,5.8901254112275805e-06,1
0.027213550286981664,0.9727604644859768,4.200658839613402e-06,7.981287449009621e-08,1.5478911872262232e-05,2.7457855197529807e-06,3.4800579356766865e-06,1
0.02532061363145142,0.9746486140078201,4.198559878311115e-06,7.97729940472e-08,2.0377061296364247e-05,2.7444135212712244e-06,3.372553038673124e-06,1
0.1333879107779293,0.8660986673705754,1.1252951597026009e-05,2.1423363164026317e-07,0.0004805241214801006,7.370317400404344e-06,1.4060227386536692e-05,1
0.03963197555425326,0.9603314141241314,6.089592957636919e-06,9.844837346708639e-08,1.973562085567928e-05,3.386898668117798e-06,7.2997607602704076e-06,1
0.03826792888869224,0.9616659589139178,1.1926798513327338e-05,9.504294171857583e-08,4.6950362386926974e-05,3.269742316547875e-06,3.870251231720786e-06,1
0.06115401269909682,0.9382983265917846,1.833958780250249e-05,1.3645934066437096e-07,0.0005174562919889178,6.1715357817962374e-06,5.556834204921834e-06,1
0.06481783537924422,0.9345773114454883,2.0285733392608565e-05,1.5094002294156532e-07,0.0005723673015258637,6.725563259739789e-06,5.323637066719517e-06,1
0.06806791268149497,0.9311342640026047,3.227662545248831e-05,1.4609939796826382e-07,0.0007353363022548851,2.204452259704445e-05,8.019766198125846e-06,1
0.08820586843520431,0.9112445796878413,4.955999887746382e-05,1.677933252409417e-07,0.00046593591774953853,2.7970115921942284e-05,5.918051080107627e-06,1
0.10530476202100782,0.8942323042655264,4.537506817694005e-05,1.5610198591501788e-07,0.0003851629940324055,2.774357611111346e-05,4.495973159607312e-06,1
0.3804539762184953,0.606417598227229,4.4656957570964336e-05,2.739566028112096e-07,0.012967057798037786,5.93166970939766e-05,5.712014497040841e-05,1
0.36542299757056557,0.6225043554765767,2.773475970180258e-05,2.2820540360711693e-07,0.011931116862222186,5.5849267171411886e-05,5.771785835872322e-05,1
0.12579418370809645,0.8739816596737852,2.2651736193289707e-05,1.2401166711341689e-07,0.0001587257310078939,2.8269039011109254e-05,1.4386100239011372e-05,1
0.08403282841348717,0.9157557915384951,1.9387294004557478e-05,1.1210485291460028e-07,0.00015571951433211465,3.1919778687150144e-05,4.241356141068046e-06,1
0.07451683398826121,0.9252847601000037,1.6427341423110406e-05,1.0655777184657985e-07,0.00014801432809427153,2.982619563641274e-05,4.031488809358746e-06,1
0.0673581708197788,0.9324343409029116,1.6327833102104025e-05,1.1127638617150186e-07,0.0001573965756812736,2.9645524000428363e-05,4.007068139437627e-06,1
0.09915587943375241,0.9006496538829171,1.569490798797988e-05,9.692216667499127e-08,0.00014591073196234739,2.722996000112364e-05,5.534161212314085e-06,1
0.07956417640429037,0.9202181141401079,1.7499373151146382e-05,1.0695386400832763e-07,0.00016187962821266315,3.21165390254496e-05,6.106961348551131e-06,1
0.06691837690727015,0.9328108815845246,2.170213088794068e-05,1.2552122878549998e-07,0.00021187034812567143,3.4393084137991144e-05,2.6504238249290326e-06,1
0.08758829664998842,0.9121428478278605,2.1221282751798028e-05,1.2274008949463977e-07,0.00020717599518281206,3.77438050128407e-05,2.591699114310253e-06,1
0.10248794105829476,0.8972364188676737,1.9224908830126496e-05,1.3687651866495772e-07,0.0002158682867586612,3.749076561618521e-05,2.91923630818747e-06,1
0.13131354909236506,0.8684095719665965,2.2678965702009995e-05,1.3626293392024878e-07,0.00020956383679708056,4.164008063603948e-05,2.8597949695132088e-06,1
0.09870256644765489,0.8730756486267864,3.255967922408665e-05,2.0512551276062967e-07,0.028125298456706888,5.7492712744236065e-05,6.228951370753015e-06,1
0.03657516593054051,0.9443040066164523,3.885447935961762e-05,1.5387167966466928e-07,0.019035777667090796,4.3143019128762515e-05,2.898415748243959e-06,1
0.009188850827069321,0.9866725798314057,3.958167622650427e-05,1.0370543419623972e-07,0.00405096778223263,4.5433746682471126e-05,2.482430949179793e-06,1
0.005658824243523298,0.9890159890612785,4.1931217813435835e-05,1.7315108413588015e-07,0.005228549814630308,5.1982957728548565e-05,2.549553941558006e-06,1
0.00870497892736065,0.957059355470127,2.7480802486125515e-05,2.5500685931478634e-07,0.03416871297342938,3.698527373648473e-05,2.2315460009778993e-06,1
0.012026562639910112,0.9810645289180151,4.288223187364129e-05,6.607298404409228e-07,0.006798121621352279,6.446849240171561e-05,2.7753666065135124e-06,1
0.012492772860724428,0.9825046587574845,4.1236716236678436e-05,5.155096823859659e-07,0.004886444923231577,7.14882788275146e-05,2.8829538130333136e-06,1
0.9365083432288054,0.05091220358772067,2.43913699635508e-05,2.4648447720142434e-07,1.3084274226484196e-05,1.1147553280704848e-05,0.012530583501525831,0
0.9836369602375541,0.008419473166273249,1.2507705855305541e-05,1.6238518949149656e-07,7.824061694537162e-06,7.148480668425586e-06,0.007915923962764816,0
0.9632438936790013,0.032491960972581196,9.894187027456587e-06,1.6555442310064766e-07,6.300284983262895e-06,6.334165161135923e-06,0.004241451156822654,0
0.9667096392320431,0.030986622855076078,9.298406591365277e-06,1.3766912590501788e-07,1.5111859632341415e-06,4.641534654070524e-06,0.0022881491165461245,0
0.9117220544463042,0.08808014467406405,1.1029785394330442e-05,1.431976264895252e-07,7.934575402129666e-06,4.8279288574138645e-06,0.00017386539235162451,0
0.7153926239642696,0.2845749664295104,1.1157810898856533e-05,1.662317795946074e-07,9.457371201301367e-06,5.334361985341475e-06,6.29383035487486e-06,0
0.8117488023755516,0.18821625375095286,1.0529105394267622e-05,1.9295246328497275e-07,8.415413149004987e-06,6.505420434959181e-06,9.300982053861211e-06,0
0.829077378466257,0.1708871267600645,1.0707640456221908e-05,1.9622423032470342e-07,8.516487812079313e-06,6.615728537775442e-06,9.458692642277001e-06,0
0.8385543242393776,0.16140739992513664,1.1472535012793308e-05,2.5962363848170574e-07,1.0355018128835057e-05,7.81217077976405e-06,8.376487926033157e-06,0
0.7617760520024441,0.23819372878247685,9.290776222877584e-06,2.1025040451940214e-07,7.814432507970776e-06,6.326512008789152e-06,6.577243934931469e-06,0
0.8653983598554381,0.134575878275724,6.644718890140102e-06,1.5037008760684226e-07,5.522313940072785e-06,4.524691247001029e-06,8.919774672849525e-06,0
0.7699984918859014,0.22997247618777727,7.136315733495082e-06,1.4457125104611892e-07,6.0896753633802805e-06,4.859441891980491e-06,1.0801922081190303e-05,1
0.6760056369632899,0.32396401407440356,7.78765819882529e-06,1.3526806341806162e-07,6.590644703065946e-06,5.302970595061189e-06,1.053242074632138e-05,1
0.33269227706254745,0.6672736668745601,8.760267136029134e-06,2.0146809009913747e-07,8.590336649296509e-06,6.792526034702347e-06,9.711464982285654e-06,0
0.27467302504699387,0.725290446122054,1.0758418090386453e-05,2.2633786805263648e-07,9.930150467759578e-06,7.631014224783878e-06,7.98291030095951e-06,0
0.15530438890520704,0.8446592415856019,9.724315053467363e-06,1.8168946975765383e-07,1.4124505727872773e-05,6.125686965875556e-06,6.213311974105673e-06,1
0.15357618158763625,0.8463878536184057,9.616104122969946e-06,1.796676526449876e-07,1.3967330039999082e-05,6.05752110711135e-06,6.1441710354902614e-06,1
0.08223952116829554,0.9176609399209102,7.797829681950587e-06,1.8486231386519283e-07,7.880540008523786e-05,4.938297962129207e-06,7.81252075104055e-06,1
0.13169267665239784,0.8681311544561645,8.501343568793678e-06,2.2479179871821882e-07,0.0001543002516967433,6.09501951742528e-06,7.0474848560601325e-06,1
0.06982709938510706,0.9300482328510492,6.121547573875781e-06,9.962813872139775e-08,0.00011150519083551685,3.4275244216614054e-06,3.5138728738025897e-06,1
0.7020494609629723,0.29770200912033123,8.317257923204689e-06,1.6987560736259152e-07,0.00022740170571312941,5.979501606738077e-06,6.661575846010396e-06,0
0.24190567039939348,0.7578728342893619,1.3117954890803525e-05,2.53345722807562e-07,0.00017766516539228946,8.917590818996123e-06,2.1541254419555464e-05,1
0.03210501784806141,0.9678728111302934,7.292448490312099e-06,8.577101438106791e-08,5.413892847698634e-06,3.0190792325378283e-06,6.359830060246358e-06,1
0.06686284531860663,0.9331117857122908,8.485860894992578e-06,1.088873687740822e-07,5.119984659241112e-06,3.832559196033337e-06,7.82167698364927e-06,1
0.10557422382440435,0.8943962454515637,8.631347880678748e-06,1.3954004616101228e-07,5.8248379250084855e-06,4.911455691788175e-06,1.0023542488380291e-05,1
0.3147689969578931,0.6851864696745655,1.372184106323829e-05,2.5863807667143587e-07,1.0638215121387824e-05,7.984268161807452e-06,1.1930405118241951e-05,1
0.27769099491794186,0.7222789434180186,8.761272488763271e-06,1.7224442258943433e-07,7.779701818355605e-06,5.838121022731175e-06,7.510324287127277e-06,1
0.3362319878619077,0.66373680020913,9.207026455698577e-06,1.8100783392610875e-07,7.704287461089603e-06,6.227174406778635e-06,7.892432804839881e-06,1
0.3254325082753623,0.674538770663587,8.11361769567311e-06,1.6042831276462324e-07,7.932723739165123e-06,5.5191814724348305e-06,6.995109830470116e-06,1
0.2689706642720102,0.7309764053054632,1.2222346339238826e-05,2.41666347630394e-07,2.1614892768935927e-05,8.314089965217703e-06,1.053742710537301e-05,1
0.22701443925469691,0.7729600839526962,7.252424511722446e-06,1.4340017874996812e-07,8.08995098251042e-06,4.933366162504412e-06,5.057650771327553e-06,1
0.22808679397069317,0.7718879099862181,7.0671299943248065e-06,1.39736401640222e-07,8.35342345138874e-06,4.8073220098559355e-06,4.92843123138968e-06,1
0.25150570486052926,0.7484485689479099,1.0115074147693186e-05,2.000003074234491e-07,2.169097580032211e-05,6.88064583792561e-06,6.839495467714545e-06,1
0.05945529152914385,0.9405268670932544,4.553149320450939e-06,9.002815891052852e-08,6.221277807548955e-06,3.0514502546544584e-06,3.925472060147691e-06,1
0.04548266829452831,0.9544915952135217,4.548358197953608e-06,8.993342537398225e-08,1.4202135283514878e-05,3.093960701344093e-06,3.8021043417756975e-06,1
0.09909504149835378,0.9003788566874656,1.1573604107139137e-05,2.2033821239348143e-07,0.0004918131596365004,7.580334368343201e-06,1.4914377856273202e-05,1
0.10915213973572899,0.8903896127307257,1.1280955653125004e-05,2.147667727088101e-07,0.00042482589688534045,7.388659146582554e-06,1.45372550877893e-05,1
0.10402709727647176,0.8955589503992966,1.1346449531491725e-05,2.160136448109185e-07,0.00038033665147445516,7.4315555073448066e-06,1.4621654073636027e-05,1
0.038977365912169784,0.9609700955897319,6.609543080787721e-06,9.794497127555325e-08,3.512102043845165e-05,3.44755516835361e-06,7.26243443953015e-06,1
0.037158535459684804,0.9627699865940154,1.2395322932400319e-05,1.001379336384134e-07,5.138001559892171e-05,3.5247450294523847e-06,4.077724805210828e-06,1
0.06462212097898042,0.9350695383390011,1.80050698342032e-05,1.3397029337028305e-07,0.00027868719985837937,6.058965661178196e-06,5.455476371342127e-06,1
0.0980373224789546,0.9016514678982966,1.892134301461124e-05,1.4078800571002637e-07,0.00027814607013714794,6.273211174626374e-06,7.72821041699352e-06,1
0.09258688207859325,0.9067070579800782,4.1611664853322805e-05,1.763798733533242e-07,0.0006300974535084811,2.9094436123238034e-05,5.080006970079114e-06,1
0.14490746188306394,0.8548043110890918,3.5895757583779646e-05,1.6168153362625628e-07,0.00017650395576135062,3.873789457057249e-05,3.692773839495312e-05,1
0.07206477487287823,0.9277275699344257,1.6560505854674867e-05,1.0643203426273615e-07,0.00015665697439462667,3.030454873775821e-05,4.026731674769713e-06,1
0.08070151122122686,0.9190327625570294,2.1300114943111316e-05,1.2319604073613725e-07,0.00020794560642068075,3.375597765813791e-05,2.601326681257801e-06,1
0.06268123586161353,0.9090206105613041,2.8429240130400212e-05,1.6054595003292607e-07,0.028223512185867217,4.2884089175300124e-05,3.1675159594294755e-06,1
0.06313798158920324,0.9165657480624478,2.2983623594436647e-05,1.9151563628165032e-07,0.02022793611427233,4.203129174818171e-05,3.1278030979389166e-06,1
0.07934189044112915,0.8972954477392241,2.5109706872694635e-05,1.768570295134347e-07,0.023280523533861466,5.107483818712759e-05,5.7768836960833555e-06,1
0.05987359217555487,0.9138968428221675,3.956267070688953e-05,1.7878378760426602e-07,0.02614394987664186,4.2099026099356825e-05,3.7746450417728515e-06,0
0.03760999147385196,0.939343901812968,3.9621016826093584e-05,1.703375912235171e-07,0.022962159517393853,3.909983380693219e-05,5.056007561987967e-06,1
0.04593408900849409,0.9313481812444335,3.903696605048712e-05,1.6782665611284846e-07,0.022633914969227092,4.140925615636901e-05,3.200728982134163e-06,1
0.033811570716531604,0.9453080178882329,4.253068548241285e-05,1.581318859284751e-07,0.020791674935123437,4.306722882149109e-05,2.980413922196008e-06,1
0.030216272304774305,0.9494310017948063,4.203093248794609e-05,1.541338782838622e-07,0.020266004385842026,4.197837119451954e-05,2.558077016777001e-06,1
0.02414805821561513,0.9588117061013868,4.1772661002449756e-05,1.4883274804223566e-07,0.01695126364540253,4.458044683372004e-05,2.470097011439874e-06,1
0.014002875279882582,0.9730696666672468,3.661467374067033e-05,1.4122568719063543e-07,0.012844532938372233,4.3938353650617395e-05,2.2308614197639013e-06,1
0.005503798077655632,0.9899955192424486,5.129665419679e-05,1.8879928477295665e-07,0.0043890850731776515,5.671717546174643e-05,3.3949777748719155e-06,1
0.00641820622817476,0.987428695832093,4.4819610580229496e-05,1.8830977303821222e-07,0.006051190281071355,5.3513562904247324e-05,3.3861754032845714e-06,1
0.005822955231532062,0.9712074222163994,3.977991406690712e-05,1.671354679891667e-07,0.022879019045459508,4.765103679432361e-05,3.0054202795227646e-06,1
0.009164517791462606,0.9712038987193657,3.623848904226257e-05,2.4628219686660743e-07,0.019555599307596306,3.711457500609036e-05,2.384835330055859e-06,1
0.007141427705647714,0.9771255621110123,3.763144277719266e-05,3.306472091101685e-07,0.0156518485620538,4.072302643903058e-05,2.4765048606568823e-06,1
0.006723694573847546,0.961948243385932,2.8118255273719556e-05,3.048530041296801e-07,0.0312595124273052,3.78431950382791e-05,2.283309599209279e-06,1
0.015062989965210768,0.9822248860168696,3.8217509375255405e-05,8.197747832357233e-49,0.0025297800830897687,0.00014145455134734677,2.67187410718288e-06,1
0.016382284262877717,0.9797636351011395,3.92967924648226e-05,1.14458008572615e-06,0.003665442629942703,0.00014544930421605032,2.7473292738976962e-06,1
0.015548262917230092,0.9807255925574563,3.75644518174957e-05,1.0941229750497694e-06,0.0034626178219050335,0.00022224191126708163,2.626217349126113e-06,1
0.0025433705769177034,0.9949087763216291,5.049913866735883e-05,9.756085971865706e-07,0.0022457062110046388,0.00024708597537086396,3.5861678130773207e-06,1
0.96832532543288,0.028719321266322838,8.379494082641774e-06,1.465294028657157e-07,6.264837645702321e-06,5.756977933358419e-06,0.0029348054617327137,0
0.9636238541361819,0.0339664945847772,1.2084270327023914e-05,1.472298467977943e-07,7.119115693032748e-06,6.481315918927488e-06,0.002383819347255389,0
0.9612906987863963,0.03744956095997951,1.2986085177436853e-05,1.6232741088488748e-07,7.849139582595084e-06,7.145937152888936e-06,0.0012315967643006878,0
0.9602233759884669,0.03860341388296035,1.618998318429102e-05,1.7929023561830953e-07,1.1217423293066376e-05,6.044796437023946e-06,0.0011395786354228535,0
0.9673430945411144,0.03182038735215072,1.089661290894648e-05,1.3853251296593183e-07,8.567674459174118e-06,4.670643874723766e-06,0.0008122446429789191,0
0.9572139516958398,0.04223665850930108,1.0454948891405454e-05,1.3573463243338433e-07,8.390827811587973e-06,4.576312924596807e-06,0.0005258319705989979,0
0.9553473974196844,0.04410137104278224,1.0544735833307102e-05,1.369003193901476e-07,8.466729901739332e-06,4.615614230318378e-06,0.0005274675572484044,0
0.9140348309569408,0.08567565151720548,1.5189426248998464e-05,1.5349518266373537e-07,9.493054936769698e-06,5.175112465362466e-06,0.00025950643702006007,0
0.9184989020494402,0.08122013420795068,1.1672565458939317e-05,1.5067686644558354e-07,9.318753501220963e-06,5.080092523115533e-06,0.00025474165425960917,0
0.9121562936178066,0.08755988388913695,1.0427074891272026e-05,1.3537274953927768e-07,8.407762005307978e-06,4.564111990054154e-06,0.00026028817142024834,0
0.9009358726697113,0.09894610883611785,1.1281599815014402e-05,1.464668856880145e-07,8.612118470940447e-06,4.9381524079969945e-06,9.304015659109281e-05,0
0.9456233753660254,0.054347121822509295,6.206360422487893e-06,8.057600849565246e-08,4.039158919563851e-06,2.716631875597752e-06,1.646008423950042e-05,0
0.9208778549670552,0.07910600086825663,6.303315809852046e-06,8.597940536050588e-08,4.176277928656808e-06,2.7590709345460565e-06,2.8195206097860012e-06,0
0.9239508232051495,0.07603297875710517,6.324349966742534e-06,8.62663185275214e-08,4.190214162826186e-06,2.768277950767347e-06,2.828929346497163e-06,0
0.207449720353109,0.7925249691728001,7.106402071885287e-06,1.915640762099428e-07,7.00259497732237e-06,5.0507301106050915e-06,5.959182854811806e-06,0
0.16087071501139075,0.8390933788598423,1.1074229051093374e-05,2.0691131387711716e-07,1.0351205290866512e-05,6.976045118078997e-06,7.2977379929662395e-06,1
0.14157558619320157,0.8583893177418296,9.333820101458479e-06,1.743934473248721e-07,1.3557314295259917e-05,5.879700505686968e-06,6.150836618933792e-06,1
0.14318911132071452,0.8567580265534774,9.440196869334516e-06,2.2554683517169716e-07,3.117267112570932e-05,5.946710961114146e-06,6.077000016695935e-06,1
0.1468323802470728,0.8530372302311267,1.0422267455467225e-05,1.9473003879909179e-07,0.00010651292679229655,6.600331660901938e-06,6.6592658528989435e-06,1
0.09733205504429221,0.9025425902707275,8.202135672311514e-06,2.1857520280953925e-07,0.00010525121038930354,5.793603222271631e-06,5.889160493481255e-06,1
0.5841652716490843,0.41564831915527034,7.242288747888622e-06,1.4791992879172426e-07,0.0001680897032920401,5.088915389675544e-06,5.8403682868011275e-06,0
0.5889235775027414,0.41086843515513927,7.610510784358198e-06,1.5544066972186222e-07,0.00018854395478495864,5.347652765861213e-06,6.329783114450631e-06,0
0.15723682553368526,0.8426086271689249,1.1462565947707933e-05,1.8530931263221266e-07,0.00012344428104328582,6.522757150546917e-06,1.293238393558798e-05,1
0.11890608131197215,0.8809211908597825,1.15419418453752e-05,1.8659254128305653e-07,0.0001471142470110071,6.567925894303961e-06,7.317120953120604e-06,1
0.1050019492984154,0.894829550559295,1.262699683341919e-05,1.8711383244620363e-07,0.00013537442855150896,6.437310167295932e-06,1.387429290496925e-05,1
0.0579993406299774,0.941959391576706,1.2864108638916952e-05,1.5130276868379257e-07,1.1707690751261852e-05,5.325750780202275e-06,1.1218940377672426e-05,1
0.04251856061694955,0.9574603166120568,6.5479914851498776e-06,8.402041416337909e-08,5.3033949049845395e-06,2.957338718192729e-06,6.230025470935495e-06,1
0.08600797707189455,0.9139631101649901,8.879985943581639e-06,1.292011144304253e-07,6.075155743850499e-06,4.5475515188125705e-06,9.280868794791125e-06,1
0.36353775591415916,0.6364184002677559,1.5982564749944164e-05,2.4179887575730516e-07,1.1992140694615754e-05,8.31821654677696e-06,7.309097217941196e-06,1
0.2653651099748657,0.7346047286812872,8.86845970413675e-06,1.7435169639522603e-07,7.518140594084875e-06,5.9981847084806484e-06,7.602207144089144e-06,1
0.30412688214297995,0.6958433890148374,8.80876041930645e-06,1.7317802340904901e-07,7.238064839629527e-06,5.957807083805949e-06,7.551031816605589e-06,1
0.21571398804386532,0.7842588839371135,7.660545962217694e-06,1.5146985101723798e-07,7.50052122356704e-06,5.210985398776516e-06,6.604496585494047e-06,1
0.3558663749460421,0.6440921894740156,1.0897824082788397e-05,2.1547723081213525e-07,1.5309320579141418e-05,7.413101161970633e-06,7.599856887723246e-06,1
0.17680855451278912,0.8231645254285361,7.789649572299608e-06,1.4800400303229535e-07,8.745873213235303e-06,5.016506593138388e-06,5.220025293002087e-06,1
0.25150570486052926,0.7484485689479099,1.0115074147693186e-05,2.000003074234491e-07,2.169097580032211e-05,6.88064583792561e-06,6.839495467714545e-06,1
0.27036183871716996,0.7295760432940388,9.777685355849109e-06,1.9332928740868925e-07,3.888446882518824e-05,6.6511415602042134e-06,6.611363762599807e-06,1
0.2740006216898824,0.7258580275327909,1.0318598493722363e-05,3.01557658962134e-07,0.000116682106318551,7.0190905911696155e-06,7.02942426433832e-06,1
0.034865640026801675,0.9651096605400856,4.164080975388331e-06,7.91178919652167e-08,1.4284603251488328e-05,2.721876182249649e-06,3.4497548114462378e-06,1
0.17412912950593004,0.8256729679629256,1.297438601388371e-05,2.465116637653769e-07,0.00016651397865004552,8.355458403677053e-06,9.812196412979848e-06,1
0.02997288139465471,0.9700025823968377,4.211528360590616e-06,1.0232463879261452e-07,1.4061130539788695e-05,2.752890446490771e-06,3.4083345218522835e-06,1
0.02959213796439378,0.970379955026436,4.136726797588868e-06,1.0459435953353479e-07,1.7367797425780283e-05,2.8139538679463316e-06,3.4839367194023916e-06,1
0.03903197969837065,0.9609197817531834,5.676174781510859e-06,9.176478274362139e-08,3.243640440187944e-05,3.2300193353528717e-06,6.804185144517158e-06,1
0.03226031454028224,0.9676929101696715,7.466597527900812e-06,9.618624214466481e-08,3.1986623575809134e-05,3.30907504043157e-06,3.916807659818314e-06,1
0.032875352621099536,0.9670834371995015,6.486772075239008e-06,9.612566206386302e-08,2.740594997150943e-05,3.3069909166643994e-06,3.914340773502493e-06,1
0.03289764568701256,0.9670515162700191,1.0965926754075519e-05,9.61224892037331e-08,3.255490039225162e-05,3.3068817614252654e-06,3.914211571211362e-06,1
0.0629767956790602,0.9366642652513797,1.935628512576189e-05,1.3408883736914969e-07,0.00032937531001851506,4.613081912933855e-06,5.460303665278059e-06,1
0.06178175788691235,0.9371177328007847,4.0983545521507873e-05,1.4553516724746804e-07,0.0010253871767849155,2.425981780136807e-05,9.73323702767651e-06,1
0.38760595780084195,0.6036796766639377,4.940870266481128e-05,2.6088436444812516e-07,0.008584661704210812,6.0370195165444006e-05,1.966404881485735e-05,1
0.12450513894454263,0.8752817435339397,2.2107697694617365e-05,1.3045185704232496e-07,0.00012527165093408424,2.8327130558960143e-05,3.728059047274276e-05,1
0.09856044606952032,0.9012031245138042,3.316777358712921e-05,1.2619599624396535e-07,0.0001588316512149009,3.1000721224689754e-05,1.3303074652263949e-05,1
0.06551117159804587,0.9143990549392884,2.9533703691819553e-05,1.829161323842089e-07,0.020017198209945856,4.014398758743201e-05,2.7146453079492643e-06,1
0.07443911796091653,0.9008361824179058,2.4327294383382274e-05,1.714871729376813e-07,0.024645207820456833,5.139392104925518e-05,3.5990981152471227e-06,1
0.07727541857732705,0.8960311767565369,2.7787539734071652e-05,1.8128569831644014e-07,0.026618620044121216,4.3011051283125064e-05,3.8047452993412216e-06,1
0.01089808689770876,0.9818174123557573,5.1523754311393927e-05,1.2395716248858794e-07,0.007174316936058289,5.559190622801976e-05,2.9441927734886855e-06,1
0.003731756712367439,0.9690632688203744,3.6853717101698884e-05,1.5484103974113245e-07,0.027119630004665857,4.400247308813185e-05,4.3334313627898285e-06,1
0.003498976718343018,0.982104640595796,3.8259540323681265e-05,1.6074761162866523e-07,0.014306100785273886,4.949469298213617e-05,2.3669196694274326e-06,1
0.002969709663876728,0.9854693977681,3.3477882668914384e-05,1.4914907316648388e-07,0.011481714791955037,4.3354606720249154e-05,2.1961376058894375e-06,1
0.009319684571832965,0.9835521526246774,2.8964213133588048e-05,3.847913448794756e-07,0.007050353007451103,4.538689229210147e-05,3.073899267934495e-06,1
0.015456422511286828,0.9799147474264405,3.0472487991040574e-05,4.423749903327796e-07,0.004546930873149242,4.775035744775239e-05,3.233968694256693e-06,1
0.018977831616116082,0.9742071410396235,3.689196681379524e-05,5.355678035678702e-07,0.006712733972940597,6.095058482751401e-05,3.91525187508316e-06,1
0.01718847705739345,0.9797617262883795,3.8807580688239047e-05,1.1455899045484215e-06,0.002921641080697234,8.547397392197996e-05,2.728429015090519e-06,1
0.020256188464976326,0.9762548534976989,4.352880192708858e-05,1.2678439311774136e-06,0.00318358950084504,0.0002575286918185971,3.043198803033014e-06,1
0.9501432816806751,0.04198173534613194,1.544439236848349e-05,1.710334541553933e-07,9.079065105764166e-06,7.735191135067617e-06,0.007842553291129428,0
0.9660329835952894,0.03080802757096272,9.191622914292881e-06,1.4410562230469018e-07,6.0903288023035106e-06,5.661750279848395e-06,0.0031379010261289655,0
0.9576020106297068,0.04007174721666264,1.1222702874278122e-05,1.424820664368343e-07,1.6572968513999708e-06,6.272310305579786e-06,0.002306947361532824,0
0.9525458244060707,0.04690280453421902,1.098016662602194e-05,1.3959476106915704e-07,8.633370199101588e-06,4.706457724415398e-06,0.0005269114703995341,0
0.9404309290651317,0.05908187380935376,1.1032115590545167e-05,1.4025520671970154e-07,8.554614261278267e-06,4.728724745826192e-06,0.0004627414157104822,0
0.9222182437778563,0.07759955069112696,1.2161582872305364e-05,1.2034690226115937e-07,7.442968142772573e-06,4.057513358082921e-06,0.000158423119741221,0
0.9051462553059829,0.09460125842185815,1.0450305648368455e-05,1.348991628304671e-07,8.342966479145535e-06,4.548144945110699e-06,0.00022900995592354924,0
0.9022959261674611,0.09742771260239391,1.0817359672101435e-05,1.4043974334484016e-07,8.685628928166911e-06,4.734946425050894e-06,0.00025198285537597403,0
0.9142771242680211,0.085540391616525,1.0404231004916693e-05,1.3507617166500993e-07,8.35391375815096e-06,4.554112823777801e-06,0.00015903678169551747,0
0.9321690053848749,0.0677949356528191,7.711918946119868e-06,1.0012239125990768e-07,5.279066104378667e-06,3.375641020644629e-06,1.9592213843633866e-05,0
0.9364451534243041,0.06353163028660905,6.562177751766496e-06,7.626754900014225e-08,4.291599222841532e-06,2.8723793077168917e-06,9.413865255752541e-06,0
0.9196660903339936,0.08031516051787645,7.408320511536585e-06,9.61808299616608e-08,4.609609386971958e-06,3.242750706736641e-06,3.3922866944969973e-06,0
0.7732080219490935,0.2267505194243607,1.2545456998324123e-05,2.2990337167488447e-07,9.849895694650209e-06,7.751225699310823e-06,1.1082144781495612e-05,0
0.42807619019280113,0.5718832669056036,1.3214963849223395e-05,3.52759473234861e-07,8.176273121829436e-06,9.373457720846582e-06,9.42544743016289e-06,0
0.32886818387181166,0.6710985657410552,9.426049056824825e-06,2.4924278205480044e-07,9.138211751582875e-06,6.622831864422834e-06,7.814051678172455e-06,0
0.1495300326916491,0.8504135944118595,1.0044097288570245e-05,2.3997532964091066e-07,3.316682330516916e-05,6.456247762799175e-06,6.465752805284434e-06,1
0.1310198231086107,0.8688504183141592,1.0248024896694099e-05,2.4484760373149454e-07,0.00010617869090560883,6.4899853584048235e-06,6.597028465646885e-06,1
0.09388920705258332,0.9060244245039827,8.358620423234352e-06,2.2302256954601832e-07,6.711260886447117e-05,5.293441878810624e-06,5.38074969776885e-06,1
0.12400614258621442,0.8758840042627721,9.800826612993957e-06,2.6202785324417786e-07,8.617881011712708e-05,6.3125164804033975e-06,7.298969949495053e-06,1
0.0995716679057681,0.9002665605324038,1.0104516814641643e-05,1.6445093185552716e-07,0.0001400447944251156,5.657634402626196e-06,5.800165253861002e-06,1
0.09308243154461653,0.9067274544169862,1.299998290120142e-05,1.9264094657416962e-07,0.00016229595345748534,6.78082549606502e-06,7.844635596069257e-06,1
0.03935030615850668,0.9606285010550946,6.5696584350970065e-06,8.42984408387238e-08,5.320943552110418e-06,2.9672456820994006e-06,6.250640288525627e-06,1
0.1250046936845788,0.8749533804384787,1.2576224824773117e-05,1.5488820459226725e-07,9.610349710278454e-06,6.44044153517635e-06,1.3143972667758227e-05,1
0.3361488490108547,0.6638148861107989,1.3550764147164452e-05,2.0500836928867809e-07,9.259540044247974e-06,7.052572119303263e-06,6.196993666449124e-06,1
0.1954278972321211,0.8045471195494884,6.9404392398949185e-06,1.3723138048462783e-07,7.200744847983893e-06,4.721142294369572e-06,5.9836606278183545e-06,1
0.17902701512637445,0.8209458779509466,7.269075099432983e-06,1.437294062035078e-07,9.680163213084748e-06,4.94469250528319e-06,5.069262454791633e-06,1
0.21018268361890596,0.7897713040482407,9.697735163850768e-06,1.9807112707236497e-07,2.1481747100382037e-05,6.814275906177502e-06,7.820503555766429e-06,1
0.30503197670700005,0.6949208025959217,9.3865974561625e-06,1.8559650176373663e-07,2.4916471541032326e-05,6.385109172309614e-06,6.3469224072198675e-06,1
0.09017019247923579,0.909805418779682,5.5300157189148515e-06,1.148582045849885e-07,1.025749350792289e-05,3.951442633649557e-06,4.534931017226479e-06,1
0.060989549392703,0.9389938498528333,4.540991828945169e-06,8.62792301736907e-08,5.962213005660131e-06,2.9682461931095052e-06,3.0430242056975913e-06,1
0.03363430110660087,0.9663401163665812,4.977121636323839e-06,8.237280345356827e-08,1.48722720843517e-05,2.8338542169951786e-06,2.8169060768204913e-06,1
0.17722171983816712,0.8225789370770666,1.0839700138131816e-05,2.2971332146250735e-07,0.0001715052813272062,7.902867898550807e-06,8.86552208085582e-06,1
0.14125871889948885,0.8585423482481365,1.1729002427018558e-05,2.2284953596251183e-07,0.00017082694244998224,7.553435807344645e-06,8.600622154630166e-06,1
0.13517327997629747,0.8646643423944704,9.573720904403803e-06,1.8189946453300458e-07,0.00013943636555155032,6.1654421796576915e-06,7.0202011317676585e-06,1
0.12255651184251404,0.8772817755740904,8.356357526166502e-06,1.8605551138669196e-07,0.00013545556476215245,6.092344695960963e-06,1.1622260899872847e-05,1
0.028730978793410553,0.9712360190123489,5.238509235053208e-06,7.762800397585981e-08,2.18543409631767e-05,2.6706198793866563e-06,3.161096158967879e-06,1
0.033111689013310464,0.966847454807126,6.4851892087207446e-06,9.610220600740506e-08,2.70553185684434e-05,3.306183962891787e-06,3.913385617551338e-06,1
0.04194567817952066,0.9579838222669675,1.4840845465124485e-05,1.1802773940036698e-07,4.7317418988887145e-05,4.0604834726873635e-06,4.162777846024451e-06,1
0.035678639654925424,0.9642331817660094,1.7441817605351855e-05,1.2082790295265053e-07,6.153887394634459e-05,4.156816909916896e-06,4.920242700540681e-06,1
0.06065529328099966,0.939232949039208,1.9096591776791776e-05,1.542753868126881e-07,7.601906395154811e-05,5.307503656156804e-06,1.11802450210896e-05,1
0.041573839903867385,0.9583466448570624,1.7369195173338448e-05,1.2032481225613913e-07,5.298645359409994e-05,4.139509186589942e-06,4.899756304048388e-06,1
0.06644104696377065,0.9332092110613095,2.0569228358734777e-05,1.5304942346767596e-07,0.00031752190294845144,5.265386299382809e-06,6.232407889618384e-06,1
0.06767194713255884,0.9319212944319075,1.922489305351324e-05,1.4304662998300807e-07,0.00037509596332741755,6.469453766282202e-06,5.8250787561948e-06,1
0.06661628552247383,0.9322889369209946,4.079627106171763e-05,1.4506289103607093e-07,0.0010220596925745598,2.3928597616388195e-05,7.847932388113414e-06,1
0.0743749551313376,0.9248554157726111,3.577791367893448e-05,1.5381431680052635e-07,0.0006994020667663537,2.5278221858003663e-05,9.017079431161722e-06,1
0.13011360857447504,0.869104883360658,3.945087192854712e-05,1.8025749999461452e-07,0.0006992768338248232,3.554829089192577e-05,7.0518107214271005e-06,1
0.11564471734935096,0.8841420357538256,3.3093973163154326e-05,1.2924717313711643e-07,0.00013001309821837566,3.524876286102679e-05,1.476181540753209e-05,1
0.11232645282535172,0.8874823620540081,2.3568962057988767e-05,1.211822371175075e-07,0.00011598810531583868,2.992217487243184e-05,2.158469615677653e-05,1
0.09403822159777642,0.9057579036031529,3.4432225238554694e-05,1.198871587407516e-07,0.00012692438728072127,2.9760277030511327e-05,1.2638022362395693e-05,1
0.09702415593160585,0.9026963569394779,2.852434408333452e-05,1.4983075151340955e-07,0.0002046678014401879,3.430971939076013e-05,1.183543325032295e-05,1
0.08873385970991116,0.911011809393274,3.1145537416694683e-05,1.2696053866440863e-07,0.00017635484018899697,3.268242935777838e-05,1.4021129312859037e-05,1
0.05490400821766787,0.9448850194203225,2.5762123819365542e-05,1.0431458038628195e-07,0.00014701250198823906,2.7096997871631045e-05,1.0996423749574065e-05,1
0.05292244017271657,0.9468904999337945,2.002013888569847e-05,9.796545771375653e-08,0.00013121943400976293,2.9828175833554425e-05,5.894179302169762e-06,1
0.04027598672444822,0.9594893178905533,2.2493147636162467e-05,1.1077001092294313e-07,0.00017670346456984823,2.9615655820635e-05,5.77234696088226e-06,1
0.03760684132517287,0.9621222580852782,2.0316106701684367e-05,1.2182205551421978e-07,0.00019307987036498782,5.174941064625648e-05,5.63337978037768e-06,1
0.0544239972790554,0.945312342429839,2.0326608072355396e-05,1.1756545177326676e-07,0.00019174178050579397,4.4632118268026844e-05,6.8422188074089564e-06,1
0.10719340383599084,0.8925525328841953,2.2296555673907788e-05,1.1301508780035738e-07,0.0001856585681669692,3.893531503513033e-05,7.059825850047123e-06,1
0.06479254613888649,0.9034451359640463,2.9668435364996503e-05,1.714765417019682e-07,0.031686245775396776,4.296187149034138e-05,3.2703382733942715e-06,1
0.031079501428384837,0.9474040355504786,3.5616134234199554e-05,1.6310491568717286e-07,0.02143164983389974,4.4192622803737056e-05,4.841325283446312e-06,1
0.03132841593177052,0.9505541529647313,5.01057433775887e-05,1.783941017831837e-07,0.018013568980492865,5.0580328267987636e-05,2.997657257782345e-06,1
0.02798961770076646,0.952657066678868,4.9331315193963e-05,1.7563686457042773e-07,0.019250450277221033,4.979856495888783e-05,3.559826127019409e-06,1
0.014975161162011918,0.9727032399174218,4.4455210226084215e-05,1.507140723876042e-07,0.012228596212239025,4.625538423329233e-05,2.141399795626642e-06,1
0.005239824758662531,0.9894513266247897,4.810008058088952e-05,1.7733731377048742e-07,0.00520568881447461,5.227119032087009e-05,2.6111938574640726e-06,1
0.011589819255599326,0.9592192518263242,3.252403569017977e-05,3.52619673235531e-07,0.029117469634107718,3.7941552828225866e-05,2.64107577705297e-06,1
0.01878966606823562,0.9733700977144957,3.1155206335551444e-05,3.7287555974898187e-07,0.007759122606111343,4.62045322090528e-05,3.3809970528230206e-06,1
0.01939519279968998,0.975821021921437,3.1492588300076815e-05,4.5718398343111326e-07,0.0046991444236223635,4.934885358641245e-05,3.3422293805975896e-06,1
0.003143106863162306,0.9934256142321287,4.1727486005125354e-05,1.2317847663238669e-06,0.003275129477197783,0.0001102564391122068,2.9337176274343454e-06,1
0.9706399153159525,0.027281702232173254,1.0595072214496018e-05,1.552658883782223e-07,7.893560059714368e-06,6.8350765547849965e-06,0.0020529034771567135,0
0.9400086838656033,0.05915505656713141,1.2731951981258156e-05,1.6186583093881746e-07,8.232830092196686e-06,7.125617594610578e-06,0.0008080073017662617,0
0.9522355934864885,0.04719751847836103,1.0573445027402757e-05,1.3442396482218967e-07,8.309805112763065e-06,5.917578548349471e-06,0.0005419527824971171,0
0.9271868357937342,0.07257394807867651,9.269114346033892e-06,1.2033916586394604e-07,7.562600671097381e-06,4.0572525243227935e-06,0.00021820682088191892,0
0.8974256516330997,0.10231815660594049,1.1391884760271374e-05,1.4789869436186626e-07,9.25338880518197e-06,4.986426046214664e-06,0.00023041216265369828,0
0.8899609974068347,0.10989403306056264,1.2453324737277466e-05,1.6167916967795877e-07,9.999201364166263e-06,5.451036780892653e-06,0.00011690429055080209,0
0.9391977301016645,0.06077198892415753,7.06768392493317e-06,9.175840931128478e-08,4.6288405302431644e-06,3.0936481496552558e-06,1.539904316385565e-05,0
0.82715613378441,0.17281061436002504,1.41452609231062e-05,1.566466830087221e-07,8.31166904155196e-06,5.2813657590287855e-06,5.356913158149761e-06,0
0.5445876007996693,0.45536441803988276,1.5218492524593029e-05,4.529018574972369e-07,9.00120879588411e-06,1.0692657826491974e-05,1.2615899443569053e-05,0
0.5136396282748188,0.4863232947493974,1.218900407195713e-05,3.6274437670549726e-07,7.209371788189102e-06,8.564110379299247e-06,8.751745167758522e-06,0
0.2755690766139328,0.7243955258499515,1.1989552865662985e-05,3.1990217911741345e-07,7.81732767389425e-06,7.55263967817249e-06,7.718113718739325e-06,0
0.13536170124586008,0.864579501717303,7.893347433643667e-06,2.0871521697227136e-07,3.84923908734677e-05,5.659118029587364e-06,6.543465283113876e-06,1
0.0967543518949871,0.9031623570008068,8.061852436172323e-06,2.1510428211552358e-07,6.464235809075584e-05,5.182080107316817e-06,5.189709289682753e-06,1
0.11412399393939694,0.8858202661404333,7.478026439267046e-06,2.111504754876522e-07,3.786959650469107e-05,5.086828899516751e-06,5.094317850774747e-06,1
0.5128460441135092,0.486873797304543,1.396136623024958e-05,2.613781003433205e-07,0.0002464857184261161,9.200324844950054e-06,1.0249794346322231e-05,0
0.22452688560890935,0.775227902981553,1.2560143538974321e-05,2.351450713429105e-07,0.0002077288536028642,8.27694071998415e-06,1.641032660459572e-05,1
0.13157553984080073,0.868276770383592,1.2206094630647963e-05,1.8087667049197453e-07,0.0001215704968512439,6.36673127248736e-06,7.365576182390337e-06,1
0.09585275692686157,0.9040103034118148,1.1777483839658975e-05,1.9040042559585953e-07,0.00011051641818482354,6.701960737329295e-06,7.753398136262526e-06,1
0.099764711628294,0.9001871294154921,1.3271680967194656e-05,1.93096797505874e-07,1.4109290022715956e-05,6.796871127458946e-06,1.3788017299109391e-05,1
0.08726923548073831,0.9126872063906953,1.3419041077272346e-05,1.721861572470232e-07,1.1611170520466526e-05,6.060831333594731e-06,1.229489947764103e-05,1
0.04240560206523197,0.9575740949975057,6.627842377216322e-06,8.50450191950065e-08,4.523910949322149e-06,2.9935249860733696e-06,6.072613930628793e-06,1
0.08808431691771369,0.9118866772427512,9.585468735236966e-06,1.229957392142664e-07,6.459960574988117e-06,4.329186726499435e-06,8.508227759178835e-06,1
0.09567191468757384,0.9042970583499595,1.0145612849552046e-05,1.1019806090640882e-07,6.837459995698251e-06,4.582170543107718e-06,9.35152101741198e-06,1
0.0769040953861585,0.923071660577676,8.895416798868665e-06,9.661995963322544e-08,5.367092167942377e-06,4.017531264879796e-06,5.867375974128461e-06,1
0.29737502565588336,0.7025842170765388,1.4810266770160667e-05,2.2406327837358736e-07,1.124186459897041e-05,7.70808740882228e-06,6.772985521433689e-06,1
0.3682306632282382,0.6317353906913921,1.28959103837376e-05,2.803345528399627e-08,8.412868806677199e-06,6.711749760947077e-06,5.89751796306189e-06,1
0.25193183436767874,0.7480380802283882,9.05648871822626e-06,1.7207405432984135e-07,7.5215988989536195e-06,5.83234649312387e-06,7.502895768638601e-06,1
0.3051738684808689,0.694780055418183,9.87622250084609e-06,2.0171663681350437e-07,2.1228201895574837e-05,7.100283393587215e-06,7.669676521123976e-06,1
0.3465989323879966,0.6533631551755781,1.0312761433635862e-05,1.9268402415102504e-07,1.3982105375024318e-05,6.6289424545857735e-06,6.795943137839552e-06,1
0.25833916600667384,0.7416134322771337,9.804237029808578e-06,1.8318273498235892e-07,2.465139472632263e-05,6.302067928163695e-06,6.460833773111857e-06,1
0.2705357717924295,0.7294074948911143,9.333604432987589e-06,1.7438941776701596e-07,3.507507822272914e-05,5.9995498856728494e-06,6.150694496896526e-06,1
0.06897353728095358,0.9310059803637567,5.545397134672133e-06,1.0557442769732022e-07,6.900224201067291e-06,3.632054811701857e-06,4.299104714620926e-06,1
0.0781121607687169,0.9218688748264618,4.553975805981314e-06,9.004450077973341e-08,8.04677914033329e-06,3.097782005145781e-06,3.1758233692057033e-06,1
0.20355943948487223,0.7962828516607618,1.08784424190372e-05,2.1715707764628238e-07,0.0001331551788940285,7.005678190227768e-06,6.452397785081681e-06,1
0.1937556712035911,0.8060845722757222,1.1012348923610227e-05,2.1983013910956867e-07,0.0001347942319757723,7.198287070534673e-06,6.531822577734259e-06,1
0.0929667399556616,0.9068466764023904,9.914149097700891e-06,1.9602751679623506e-07,0.00016341801303067894,6.743969221543142e-06,6.311483081319052e-06,1
0.03725629907008267,0.962682929340024,9.90795599261741e-06,9.990431053544847e-08,4.3258531205143144e-05,3.4369869645927765e-06,4.068211420148684e-06,1
0.03575877901616528,0.9641751538759873,1.514502047071911e-05,1.2154204172469236e-07,4.233243457238235e-05,4.1813852757588004e-06,4.286725486928674e-06,1
0.038826699606203205,0.9610843423199523,1.500686599583095e-05,1.204333223945486e-07,6.478335733406698e-05,4.143242238039281e-06,4.904174954073731e-06,1
0.0908250675788846,0.9088074543160373,1.8793025445234354e-05,1.6307060488745104e-07,0.00033627137644932616,5.610146770580907e-06,6.640485808037293e-06,1
0.07260983276677477,0.9270439924397419,1.6085103551755786e-05,1.386496331379045e-07,0.0003195350262418672,4.7699877738707165e-06,5.646026282770499e-06,1
0.07039004880182592,0.9292538204536986,1.6547709453964244e-05,1.4263718214076002e-07,0.00032872482030357086,4.907172125252388e-06,5.808405410391881e-06,1
0.05562987235705068,0.9436192294319272,3.295542915477482e-05,1.3493996821701755e-07,0.0006919104501215359,2.0402428755145366e-05,5.494963022309023e-06,1
0.15883869976929316,0.8400994353898162,3.919998316502021e-05,1.8359107057045502e-07,0.0009773594353678831,3.682945502467196e-05,8.292376262770311e-06,1
0.200892758852259,0.7973925634234504,3.759422576458281e-05,2.029406905823503e-07,0.001630781956892722,3.757701276592486e-05,8.521588177148295e-06,1
0.23179695256506935,0.7650882874448355,5.220526221918281e-05,2.818138092040372e-07,0.002989978610178378,6.0820615445935e-05,1.1473688442631048e-05,1
0.37591313408239496,0.621746698546682,4.377710759123409e-05,2.6043817654736616e-07,0.002230242901572253,5.6207359845022675e-05,9.67956373804169e-06,1
0.383343846786386,0.610367360781584,5.025124317351522e-05,2.676841142726792e-07,0.006173339435621058,5.777116678969012e-05,7.162902331405299e-06,1
0.08253580539646065,0.91720474088717,2.6187769720967728e-05,1.1623435516708655e-07,0.00018980881656112524,3.1087937239398486e-05,1.2252958492884487e-05,1
0.06110292606299273,0.9386977804437395,2.3516326770211723e-05,1.0363151395563003e-07,0.00013782955440344306,2.691956294787429e-05,1.0924417632186227e-05,1
0.03790304139639028,0.9618725032160197,2.1764819716110562e-05,1.0931001757724579e-07,0.00016723375253242082,2.877077044006174e-05,6.576734883494969e-06,1
0.03924289143600321,0.9604840337859951,2.081973928579333e-05,1.2041763417797288e-07,0.0001963935087504177,5.1152819362822424e-05,4.5882929686530926e-06,1
0.06444080093943809,0.9023011908273975,2.2570291534897825e-05,1.423618336741479e-07,0.03319896960044863,3.2753849239503836e-05,3.5721301073569436e-06,1
0.054493631080078084,0.9190511013917667,2.891065833292896e-05,1.872828820768439e-07,0.026378388413185107,4.4729086374586043e-05,3.0520873805640413e-06,1
0.03175955989246381,0.9449959072849237,3.287888594177766e-05,1.8804632672459212e-07,0.02316261851108148,4.574460837267181e-05,3.102770889757539e-06,1
0.024020086227476842,0.9564919820918348,3.0635204053484674e-05,1.5158821225965575e-07,0.019410160869842586,4.248453527773277e-05,4.499483302469301e-06,1
0.03370443161125655,0.9483772052126259,4.5927899725701266e-05,1.7624389672020786e-07,0.017816728845712726,4.997067763020483e-05,5.559509152171648e-06,1
0.02416678021629759,0.956989086566414,4.729379788463543e-05,1.6850413010824401e-07,0.01873996764483837,5.138790762868855e-05,5.315362806592397e-06,1
0.0049745265813636395,0.9891896961181539,4.422185202069544e-05,1.8022451044641086e-07,0.005739536354817426,4.91851629024436e-05,2.6537062315672414e-06,1
0.0038403798156418567,0.9818099994052044,4.1090524222046416e-05,1.6989108092266197e-07,0.014257336921853901,4.626881531942333e-05,4.754626677522617e-06,1
0.9553028389377728,0.04204140156943459,9.339525200557276e-06,1.4952785123123478e-07,6.078080354235249e-06,5.874783648368583e-06,0.0026343175757381587,0
0.9215854689402291,0.07388358447454797,1.2124735337856772e-05,1.655812072807724e-07,7.479669669734232e-06,6.5055022258422774e-06,0.00450467109678222,0
0.9282786704758664,0.07055415410175091,1.0204478911593316e-05,1.4875436871733526e-07,1.6599733643125013e-06,6.003663785918182e-06,0.0011491585519522003,0
0.8818442242328831,0.11785890229523313,1.321058837791351e-05,1.4629598289087634e-07,8.702182271976012e-06,4.932390395271341e-06,0.0002698820148556104,0
0.8930164931650989,0.10692573294127741,1.1496477831158201e-05,1.68475571240854e-07,1.0419531255236872e-05,5.680178450600947e-06,3.0009230515391907e-05,0
0.8905695915102961,0.10937400104281522,1.1347282016387365e-05,1.662891755038799e-07,1.0404002561819003e-05,5.606463799520219e-06,2.8883409335293062e-05,0
0.8843401009490451,0.11560526895808891,1.141013098004218e-05,1.6680054045003383e-07,9.970351006935261e-06,5.623704543244327e-06,2.7459105795399465e-05,0
0.6353953530053718,0.3645695968853239,1.2382395905734131e-05,3.3038391650811975e-07,6.56622304824544e-06,7.800105281350444e-06,7.971001152562465e-06,0
0.6091217328885927,0.39084887903353654,1.0359543954956672e-05,2.7641069879631507e-07,5.557465933787032e-06,6.52583992069092e-06,6.668817362457397e-06,0
0.7105104262688426,0.28946753137540904,7.815811120214864e-06,2.0853947073268013e-07,4.063228231953805e-06,4.9234534302520366e-06,5.031323495204424e-06,0
0.6035177380740304,0.3964562722019859,9.215474790516757e-06,2.4588493833918153e-07,4.790875414432594e-06,5.805150645391182e-06,5.932338194953256e-06,0
0.5761209061359543,0.42385032223617525,1.0201886387445077e-05,2.7220411995501803e-07,5.3036840516064675e-06,6.426525891778102e-06,6.56732741964567e-06,0
0.549171705688613,0.45080528689148336,7.886724098020656e-06,2.104315526461555e-07,4.865167479174851e-06,4.968124001029304e-06,5.076972772785659e-06,0
0.46671912448292835,0.5332552952542147,8.768670122621586e-06,2.3396341061408623e-07,5.40922291511344e-06,5.523692721067569e-06,5.644713687557769e-06,0
0.43314148533556834,0.5668304745971479,8.075084676752643e-06,2.4031426526896083e-07,8.253099461738318e-06,5.673631421044688e-06,5.797937459189273e-06,0
0.12995765499385656,0.8699295136777241,8.735884675633459e-06,2.3355633133129048e-07,9.172940304044466e-05,5.626608669183861e-06,6.505875702888763e-06,1
0.1353299068607944,0.8645601175617991,9.046414598059864e-06,2.392045202023504e-07,8.77087957489982e-05,6.485806989414474e-06,6.49535554970065e-06,1
0.13161591165162234,0.8682628920979656,8.039080322108806e-06,2.1256867353068317e-07,0.0001005167248771246,5.763600902481281e-06,6.664275636933479e-06,1
0.573524190164031,0.42630010747008096,7.688078958844193e-06,1.4393258083856067e-07,0.00015694287294633715,5.0663253644716925e-06,5.861156037486398e-06,0
0.13458495967317816,0.8652848076490136,8.736378104244053e-06,1.6355834200672418e-07,0.00010891525582786694,5.757138320260034e-06,6.660347213597305e-06,1
0.1200756980576729,0.8797412893740925,1.2034342224942836e-05,1.945529208606994e-07,0.00015035806969997855,6.8481256428950735e-06,1.3577477745839212e-05,1
0.09399058356228274,0.9058092529371747,1.506391435795011e-05,1.9329231585606882e-07,0.00016430056240670818,6.803753235533717e-06,1.3801978226631753e-05,1
0.07375566522915941,0.926204717230155,1.2281240675310847e-05,1.5758649414146158e-07,9.946908051430006e-06,5.5469334859113655e-06,1.1684871978743007e-05,1
0.0677769991074073,0.9321948523250524,8.725916012027926e-06,1.1196641681916393e-07,7.067354718536668e-06,3.94113892903925e-06,8.302191463667357e-06,1
0.08959049170416036,0.9103793147423171,1.0460045803557558e-05,1.0414050458403542e-07,6.461606748506418e-06,4.330289920932623e-06,8.837470545045297e-06,1
0.07137899431179227,0.9285920827005075,1.0019879769841586e-05,9.975819940939205e-08,6.18969782312148e-06,4.148068296368705e-06,8.465583611570162e-06,1
0.15346832040436884,0.8465083659720837,8.058931467175962e-06,1.1942304175019385e-07,4.88814143470273e-06,4.1083181997503e-06,6.138809404238741e-06,1
0.19352273296786998,0.8064467882393221,1.0613476097756024e-05,1.572781210883236e-07,6.212745281434316e-06,5.4105854098180545e-06,8.084707897807609e-06,1
0.2705143951028205,0.7294533586128127,9.706969905477691e-06,1.844332520982193e-07,8.061836813894524e-06,6.25125406197821e-06,8.041790333547156e-06,1
0.24855415843986078,0.7514200952041964,7.495542411376175e-06,1.4820728156245665e-07,7.776667518578976e-06,5.098743908623965e-06,5.227194822523088e-06,1
0.37819995508666515,0.621755758841866,1.0643574729994712e-05,1.9886495227539605e-07,1.9801376526619202e-05,6.841586014595044e-06,6.800669245448224e-06,1
0.30723878135110133,0.692726543163502,8.950982879257605e-06,1.8281910542461156e-07,1.1661904679530373e-05,6.435103612583815e-06,7.444675120007661e-06,1
0.461338656331073,0.5386272582101872,9.742631074293284e-06,1.8203168698258267e-07,1.1478091313705564e-05,6.262468220888522e-06,6.420236443935921e-06,1
0.4465264210511022,0.553424806498719,1.128034193467582e-05,2.107623347790945e-07,2.2596889094326613e-05,7.250893762472455e-06,7.433563052608739e-06,1
0.22492731125850995,0.7750239124921164,9.917318749771905e-06,1.8529555810938155e-07,2.605645213503152e-05,6.280552021435483e-06,6.336630909239111e-06,1
0.09381680100137046,0.906149156983314,6.159181490727789e-06,1.4715789632032443e-07,1.9811723737114578e-05,3.95906178302718e-06,3.964890408543423e-06,1
0.08333832884782535,0.916635026582789,5.385370679642526e-06,1.1412726181808461e-07,1.2712703978513875e-05,3.926296163509807e-06,4.506071302437911e-06,1
0.04609087805008947,0.9538826404661624,4.29344366064511e-06,8.489307091639106e-08,1.6322655713675127e-05,2.877399538111911e-06,2.9030917647367785e-06,1
0.12536844251243548,0.8744771212381304,9.30434441399086e-06,1.8397015345618682e-07,0.00013296914432342835,6.2356277234178896e-06,5.743162820024909e-06,1
0.1374768445633082,0.8623590817359343,9.17509183437843e-06,1.814145067767549e-07,0.00014281257827100026,6.2412352614536755e-06,5.663380884125567e-06,1
0.12460763245620957,0.875241486402917,9.130030730059704e-06,2.3084410122946207e-07,0.0001309748945040497,6.2105830392993096e-06,4.334788498931321e-06,1
0.09478396858327211,0.9050596279157694,9.824998021533136e-06,2.3685744075373303e-07,0.00013543700924566608,6.4221681238960615e-06,4.482468126665417e-06,1
0.10012984450462264,0.8993866963409489,1.1521945638617528e-05,2.1935473874917255e-07,0.0004560171507757227,7.546499751163856e-06,8.15420352425883e-06,1
0.03158637276026971,0.9683745550397418,4.792436698408828e-06,9.123940980650077e-08,2.7334266366954372e-05,3.138890208854534e-06,3.715367304504132e-06,1
0.02966529337827899,0.9702976466013595,4.545630951846928e-06,8.654067050742222e-08,2.5926578703670707e-05,2.9772404698753224e-06,3.52402956567823e-06,1
0.034759833949160775,0.9651975825288316,6.759373988014021e-06,1.0016527360584988e-07,2.8199179805432847e-05,3.4459648221687165e-06,4.0788381182116e-06,1
0.052072620281151984,0.9476842168619645,1.4661270950766988e-05,1.450829682832117e-07,0.0002182481285975189,4.9913149371226015e-06,5.117059429633262e-06,1
0.050762473824007066,0.9488967724388987,1.3165873590362147e-05,1.305464404355355e-07,0.0003176500530426369,4.491212206674117e-06,5.316051814490264e-06,1
0.063826299740508,0.9358067673128863,1.704963663966142e-05,1.4696367092803665e-07,0.00033869574252593676,5.056017081795272e-06,5.984586687271132e-06,1
0.07950243566102899,0.9199877888449017,3.7101324276525075e-05,1.5278387895183706e-07,0.0004436603328120924,2.263945859310139e-05,6.221594508567596e-06,1
0.06959846857360416,0.9297777502189132,3.546443761128579e-05,1.4521340510014077e-07,0.0005603025085264818,2.1955734768537256e-05,5.913313171124816e-06,1
0.05993121701719719,0.9392577575571074,3.3753691523836905e-05,1.346842365848154e-07,0.0007552521164646611,1.6400384233173275e-05,5.484549236970601e-06,1
0.09991279707748478,0.8993654755834313,3.158612143640356e-05,1.6660177081470558e-07,0.0006554061680357525,2.9891279954151094e-05,4.677167886834385e-06,1
0.20967051888760135,0.7891330221465819,3.657043878372434e-05,2.2098391666491695e-07,0.0011094703679714133,4.091794225077822e-05,9.279232894043654e-06,1
0.3688985907497639,0.627999758673365,3.2846931662204704e-05,2.809622504912687e-07,0.003007687157926925,5.179114153763666e-05,9.044383493820882e-06,1
0.12699350871050497,0.8728116033327075,3.509094934851324e-05,1.372446936746586e-07,0.00012489124529142071,2.98327852596605e-05,4.935732194440528e-06,1
0.045898710299973736,0.9537569079824663,3.477861197647264e-05,1.335551330254711e-07,0.00026216032206081004,3.5115208647003055e-05,1.219401974281944e-05,1
0.06826631562942226,0.9314984318190305,2.4213453685754316e-05,1.145615646264727e-07,0.00016930802882712294,2.953988783125334e-05,1.2076619638232029e-05,1
0.04989551779206723,0.9498857253365028,2.1920065663834217e-05,1.0794780491774713e-07,0.0001565951995711665,2.875423471453889e-05,1.1379423675158683e-05,1
0.048069513196267115,0.9517063458807954,1.7486602021103025e-05,1.0687580854347802e-07,0.00017212495454622722,3.107952569391567e-05,3.3429648676552644e-06,1
0.03617321660063687,0.963590800302033,2.1622339493547692e-05,1.1024723396405228e-07,0.00017172257364687395,3.667213365178539e-05,5.8558033038478416e-06,1
0.04921110828421742,0.9275396411271543,2.6543001412926847e-05,1.3449401451714756e-07,0.023179188581879874,3.6240755223835785e-05,7.143756097071524e-06,1
0.06983071322626096,0.9085234579685691,2.2411657039910346e-05,1.428304239506492e-07,0.021584283962896304,3.5406466878124716e-05,3.5838879317084923e-06,1
0.07723698029841361,0.9056659688836126,2.2194381289919273e-05,1.3833084536107497e-07,0.01702278470429095,4.8397734446782075e-05,3.5356671009094487e-06,1
0.06629220742619803,0.9145039931773035,2.1998352431276737e-05,1.4019641646219035e-07,0.019143389533530845,3.4753518463373285e-05,3.517795656765871e-06,1
0.02064728072447027,0.9452237640842397,3.602398021946621e-05,1.5471839250187035e-07,0.03404304207106112,4.514202743731701e-05,4.5923941794010705e-06,1
0.031992244806868,0.9533229043566691,4.276278397735697e-05,1.7479896551747814e-07,0.014577987226842847,4.774988755843705e-05,1.617613911872924e-05,1
0.009562547415523282,0.9763577195419305,5.945226073150145e-05,1.937711198264418e-07,0.013962212154847548,5.2451914686370296e-05,5.4229411612233566e-06,1
0.003635406273718144,0.9802405083792727,3.884597310342072e-05,1.5982408185999246e-07,0.016042258774069097,4.0467454550511174e-05,2.353321204401259e-06,1
0.0048967494939030935,0.9785886317784402,3.674491102885859e-05,2.9176943568470955e-07,0.01643680809091643,3.835579358900312e-05,2.418162686617081e-06,1
0.00928883144938335,0.9718844940500401,3.9925909793834556e-05,3.1702785075725805e-07,0.01874377242802906,4.003163241120163e-05,2.627502491892388e-06,1
0.014975576283461132,0.9385373634373748,4.08508535257829e-05,4.429150071910605e-07,0.04640128979218517,4.1159342287973386e-05,3.317376157864587e-06,1
0.020175317301258412,0.9761788926655243,4.0710443419579675e-05,1.1674132606547563e-06,0.0035269319308938074,7.434543863206049e-05,2.6348070113512284e-06,1
0.026754194910407234,0.9689043503756053,3.994596585705361e-05,1.2207571235995316e-06,0.004212036119529252,8.401250634671825e-05,4.2393651309843945e-06,1
0.9846187909510856,0.009780354829635367,1.4602900804563907e-05,1.8565186833309777e-07,9.8550626129058e-06,8.17272065261677e-06,0.005568037883340594,0
0.9192626681386881,0.07994989045781757,9.582814831868556e-06,1.3969214726194683e-07,1.5333925506430215e-06,5.637916337686458e-06,0.0007705475876270171,0
0.9502777048700946,0.04907923009438448,1.111485777823456e-05,1.3893687441919924e-07,7.0662404432894875e-06,6.116244738989133e-06,0.0006186287556862133,0
0.9406477900529885,0.058860096616844625,1.0601876512020998e-05,1.3764216606034994e-07,8.512610111610924e-06,6.059249407681729e-06,0.00046680195196935695,0
0.8996032084624727,0.10033265003155296,1.2629336381142625e-05,1.6034051382001313e-07,1.0094698191332762e-05,5.405903803446307e-06,3.585122708469587e-05,0
0.8404159773412975,0.1595122883960557,1.4411231556825746e-05,1.8296323756573895e-07,1.1078945729799306e-05,6.16863223325922e-06,3.989248988946428e-05,0
0.8515565310905917,0.14838962828259417,1.5485838709130902e-05,2.010497274486429e-07,1.1862256888618964e-05,6.778420876937496e-06,1.9513060611809074e-05,0
0.8858584122211912,0.11412142360585091,7.911648327429324e-06,1.0271544020158833e-07,5.17413960696981e-06,3.4630660438180624e-06,3.5126035393318614e-06,0
0.8029186081595585,0.19706182935269628,6.981446454433649e-06,1.8627716639550971e-07,3.502693806875095e-06,4.3978578762350296e-06,4.494212441476963e-06,0
0.7704828593047525,0.22949596934621008,7.61740204453963e-06,2.0324557058674933e-07,3.6486325088519668e-06,4.798468597686187e-06,4.903600316029241e-06,0
0.7700810419079639,0.2299014778704869,6.223347419319128e-06,9.966825581349104e-08,3.2307047935982536e-06,3.920304716684938e-06,4.006196363760051e-06,0
0.36070379336390024,0.639255084872491,9.542299158283477e-06,2.54605182422401e-07,1.904843545399823e-05,6.133696819398076e-06,6.1427269946642745e-06,1
0.2957993139874835,0.7041398401437621,1.0496685728883155e-05,2.800698804871315e-07,3.6664552498103386e-05,6.647460108552661e-06,6.757100538536932e-06,1
0.09237516432609477,0.9074881371690622,9.306796278369632e-06,1.768279310058517e-07,0.00011498463638740318,5.993543670752607e-06,6.2367005754233445e-06,1
0.6521263176625208,0.347672371413216,9.513220758335586e-06,1.7810202303646238e-07,0.0001787298439350424,6.269065638345114e-06,6.620691908471603e-06,1
0.11691426178084678,0.8828937224723852,1.267495914588443e-05,1.9053669815914507e-07,0.00015210144186814323,6.706757435476669e-06,2.0342051620437084e-05,1
0.07220533726521694,0.9277604276233917,1.0612714349950232e-05,1.3617683196254986e-07,8.595523579898804e-06,4.7933284723011925e-06,1.009736815722802e-05,1
0.05926960521526463,0.9407024760386902,8.65467249111639e-06,1.1105225700522e-07,7.009652669492732e-06,3.908961148125562e-06,8.234407479689279e-06,1
0.04667124064851146,0.9533068486004047,7.610535136428968e-06,8.95122207777915e-08,4.701345110799537e-06,3.079379114510184e-06,6.4299795013658694e-06,1
0.3788757776501172,0.6210837175445211,1.7204464037806376e-05,2.2163141742197144e-07,8.7548066652748e-06,7.624428020647556e-06,6.699475220526764e-06,1
0.48397255545798157,0.515982509916335,1.5594873101860325e-05,2.400119717044199e-07,1.0377821741984766e-05,8.256744570062181e-06,1.0465174297721484e-05,1
0.4625398722597832,0.5374178527100265,1.4550111734107582e-05,2.2393265405719575e-07,1.0033006386048818e-05,7.703907957686709e-06,9.764071458240599e-06,1
0.3851569467071146,0.6148048607408271,1.3322979828497995e-05,2.0504655135756771e-07,8.66976621161204e-06,7.05417334220633e-06,8.940586124655712e-06,1
0.3973330302588697,0.6026332033952324,9.861884937849767e-06,1.9388218765504375e-07,8.58670111677164e-06,6.670088087947631e-06,8.453789567734678e-06,1
0.2668803001309249,0.7330884371835855,9.123935552606312e-06,1.8040504758541726e-07,7.885758329858962e-06,6.2064368751917865e-06,7.866149684455574e-06,1
0.27593642571078386,0.7240354622466632,8.153509140466288e-06,1.6934805768056991e-07,7.067103973795889e-06,5.826045579091405e-06,6.8960358020952325e-06,1
0.29260667653102435,0.7073591119305086,8.868445695160363e-06,1.8113332696156798e-07,1.155437003373305e-05,6.231561782697574e-06,7.376027628529588e-06,1
0.2629601034287986,0.7370004181812104,1.0738724707506367e-05,2.0064273804914896e-07,1.4559629001404565e-05,6.902747492007163e-06,7.07664605205516e-06,1
0.20953404053785424,0.7903862529722894,9.001089655269544e-06,1.6817669910066283e-07,5.881983824048633e-05,5.785812630042843e-06,5.931572631583824e-06,1
0.07534836374885152,0.9246117146005318,5.299837791041455e-06,1.412346968206934e-07,2.6875570083994455e-05,3.799707012684515e-06,3.805301032293738e-06,1
0.08226848934183668,0.9177024470395,5.229012133217563e-06,1.1449068074579666e-07,1.563641539989683e-05,3.748928713551222e-06,4.334771736114482e-06,1
0.055379880037112014,0.9445999587338043,4.479255546594043e-06,8.856707781103384e-08,9.467763249991574e-06,3.0019277902713506e-06,3.1237154186971544e-06,1
0.05209559648628078,0.9478760868415026,4.5889617882430725e-06,9.073626890527163e-08,1.7361301266718856e-05,3.075451216686006e-06,3.2002216762664433e-06,1
0.19986109136289892,0.799968646318534,1.0219148992726703e-05,2.0205812733636576e-07,0.0001464867456523129,6.848715603537333e-06,6.505650191203038e-06,1
0.10965449121628705,0.8902005322197595,7.592618292380482e-06,1.6090164343238972e-07,0.00012666450415069595,5.535527607237366e-06,5.023012259767887e-06,1
0.09845177816726375,0.9013610884066992,8.307435057867304e-06,1.7254315277366177e-07,0.00016630336658677802,5.936032505595358e-06,6.4140487342858015e-06,1
0.10368692279119646,0.8961529782787621,8.506880057881192e-06,1.6820228917240895e-07,0.00014022155834549996,5.786693009792857e-06,5.4155963392338555e-06,1
0.038392781635307065,0.9615582911400147,6.090031008816868e-06,1.1401596431896701e-07,3.415785728326524e-05,3.922467219076791e-06,4.6428532025863335e-06,1
0.04447964198434187,0.9554700174840494,7.774569085733473e-06,1.1329405239920222e-07,3.394158086553984e-05,3.897631435270092e-06,4.61345616955955e-06,1
0.04459721485862791,0.955354496750557,7.773629104460449e-06,1.1328035462554738e-07,3.189142278070357e-05,3.897160193646549e-06,4.6128983814229365e-06,1
0.038490873388773654,0.9614461012018178,1.2247454618111832e-05,1.2119802266066714e-07,4.221261459640657e-05,4.169550060318255e-06,4.2745921109476555e-06,1
0.05518091191127025,0.9440404979998246,1.8473041101086826e-05,1.5923306700301227e-07,0.0007479954760952576,5.478123278154267e-06,6.4842153638514185e-06,1
0.07580522491459522,0.923724738543117,3.441540779501567e-05,1.409180263508192e-07,0.0004092037648143235,2.1306289240519508e-05,4.970162411732298e-06,1
0.12968740578796914,0.8696008435102508,3.0381876518848523e-05,1.64258118310659e-07,0.0006461863122120534,2.9470787586206112e-05,5.547467344639484e-06,1
0.07392684070671436,0.9258575608674163,3.919740851593e-05,1.369553549325128e-07,0.00013473198655772995,3.235837519067226e-05,9.173700250159358e-06,1
0.07391003563622595,0.9258318847242701,2.3624896926798674e-05,1.1732764487235902e-07,0.0001942869807833963,2.7682225450136553e-05,1.2368208698902705e-05,1
0.06683669626144695,0.9329452103633313,2.447652914843039e-05,1.1473949859613001e-07,0.00015260313547817172,2.880359437433375e-05,1.2095376722069686e-05,1
0.05365790957661072,0.9460800634269853,2.6603672164276847e-05,1.1541137377012384e-07,0.00019402815973678278,3.074231785113335e-05,1.0537435277986687e-05,1
0.03611124048920417,0.9636411539718008,1.8893422614866778e-05,1.1329117396548681e-07,0.00018597263807353884,3.9014276256356545e-05,3.611910876397876e-06,1
0.055020111982000075,0.9447617853695514,1.913068104882453e-05,1.1064842457872547e-07,0.00015665793999704666,3.8675723343417205e-05,3.5276556346210983e-06,1
0.053684932900946614,0.9460808411935531,2.0375134200770157e-05,1.1318676454725038e-07,0.0001736794027551091,3.4046244736865606e-05,6.011937043279944e-06,1
0.07298506360886518,0.9117764068310537,2.3097209536199802e-05,1.4345088195203467e-07,0.01516578143123,4.6053007726079373e-05,3.454460706732918e-06,1
0.04675534614006812,0.9359818905665657,1.8891754607061644e-05,1.314012131505845e-07,0.017203441965951367,3.670593445770014e-05,3.592237137076032e-06,1
0.045487902239047855,0.9337275886140338,2.510060178433765e-05,1.5600574769673493e-07,0.02071884596953445,3.743128493831418e-05,2.975284913599739e-06,1
0.05030340835169404,0.9277195370373015,3.041314591752027e-05,1.7588385588819546e-07,0.021880942058850376,6.260381655077317e-05,2.9197058300334993e-06,1
0.027111633866461822,0.9545804996303815,5.355413106494626e-05,1.8011710828593658e-07,0.018184824676768508,4.9202646265914726e-05,2.010493194904027e-05,1
0.010427896743498428,0.9675304357076414,5.8065470941586754e-05,1.9918316323094922e-07,0.02192076155123848,4.9688893878963865e-05,1.29524496379278e-05,1
0.011834823013605727,0.9667930330177306,6.26496544296475e-05,2.2394956898715256e-07,0.02124238191898817,6.062092068768959e-05,6.267524989206028e-06,1
0.004928192487933968,0.9914332319357181,4.485594955590504e-05,1.8455094263295368e-07,0.003533957403863531,5.6860261433308264e-05,2.7174105525025203e-06,1
0.00630876985180648,0.9721456492953829,4.028898043331892e-05,1.6323186492168863e-07,0.02146169939324846,3.96885446367029e-05,3.740702627455452e-06,1
0.009492433167346576,0.969498200193423,4.840183765817007e-05,3.438516693763911e-07,0.020917555007706753,4.013371880743519e-05,2.932223388759147e-06,1
0.01712665558031524,0.9446703503275802,3.2352119029838054e-05,3.0021002007282697e-07,0.03813175697984893,3.59576677169892e-05,2.6271154883721457e-06,1
0.03061410389852739,0.9652530894196131,3.919055980030644e-05,1.2212084635005943e-06,0.00400806460511385,8.163943052821603e-05,2.690877953667118e-06,1
0.027997478164845362,0.9681276489736894,3.783332922702543e-05,1.156194503561423e-06,0.003757206575092581,7.466160633609411e-05,4.015156306097504e-06,1
0.02311403474003241,0.973157607242114,3.249318948715209e-05,9.929987092277582e-07,0.0036246814984947904,6.674191048834202e-05,3.4484206740485533e-06,1
0.9808347852034586,0.01420375023053953,1.5923523918758322e-05,1.7633942684005253e-07,9.003140318411538e-06,7.762770655345843e-06,0.004928598791682506,0
0.9853959183805052,0.009911053876724004,1.4335293708727072e-05,1.8611241839529484e-07,9.502107655887951e-06,8.192994873601872e-06,0.004660811234113971,0
0.9731349346988517,0.025192656972924884,8.497473419194287e-06,1.2137346760200824e-07,5.8013454106610466e-06,5.343072785946219e-06,0.001652645063139743,0
0.9684218029982969,0.028937184821839462,9.36666111200116e-06,1.4996230313775815e-07,7.0089300363128e-06,6.137244074320268e-06,0.0026183493823377603,0
0.9379906012285706,0.049013051556948906,1.0239307021786253e-05,1.639335559556321e-07,7.132104583100044e-06,6.440767830320347e-06,0.012972371101489641,0
0.9454331592391672,0.05404268965043188,9.269427007861555e-06,1.1586879848801394e-07,5.999282307951273e-06,5.100747603023498e-06,0.0005036657846836792,0
0.9454727553864573,0.05403923526014776,9.737553578871726e-06,1.3973764623697824e-07,8.840579047373979e-06,6.151496117991974e-06,0.00046313998700431037,0
0.9149279014121062,0.08484366645241136,1.1201411798736686e-05,1.4221175753943322e-07,8.997105059729029e-06,6.2604108341216665e-06,0.00020183099603204312,0
0.8478592961168486,0.15207843267138124,1.4685580762325105e-05,2.0055334194823825e-07,1.1932910424208975e-05,6.03472382913413e-06,2.9417443412501567e-05,0
0.8474722852249664,0.15247753215030374,1.1997283732266644e-05,1.7251109602971106e-07,9.906268812761989e-06,5.816236757296116e-06,2.2290324331227113e-05,0
0.8569493198093459,0.14300001091240996,1.3630686143463473e-05,1.9926202594968713e-07,1.1716424270081565e-05,6.718148260227039e-06,1.8404757544493717e-05,0
0.9130671105098521,0.08691219696577722,7.560056182482467e-06,7.47508754774733e-08,4.485463075063356e-06,3.309168048350127e-06,5.26308618918332e-06,0
0.8238111894249479,0.17616912768228674,7.0818589464984355e-06,1.8895634679381553e-07,3.3921146112827975e-06,4.461111225233941e-06,4.558851635383648e-06,0
0.787678928105539,0.21230003244143603,7.569946166553815e-06,2.0197936500346435e-07,3.625901785418605e-06,4.7685744764412946e-06,4.873051231587059e-06,0
0.7750228159272803,0.22496076382498953,5.839837544090413e-06,9.35262621602623e-08,3.048848493163522e-06,3.6787184012420394e-06,3.7593170295230043e-06,0
0.6980133978418716,0.30196798944903885,6.619583280579014e-06,1.0601405888724102e-07,3.4559362924037033e-06,4.169907576874737e-06,4.26126788068082e-06,0
0.25461614497150803,0.7453194003141274,7.872867503095816e-06,2.3825681422132092e-07,4.396693102629882e-05,5.739848064697745e-06,6.636810956289005e-06,1
0.11521014904855915,0.8846631685394079,8.508634525261537e-06,2.3132605079694528e-07,0.00010090193251860445,5.5728789513135335e-06,1.1467639987074361e-05,1
0.08243342554515333,0.917425163620153,7.938171978495073e-06,1.4831710508017392e-07,0.00012299063903618563,5.1025795155524e-06,5.231127058586883e-06,1
0.45496536832244766,0.5448173381515049,1.0623600244742153e-05,2.169814331377127e-07,0.0001907493716777331,7.637593461608393e-06,8.065979230170349e-06,1
0.1590651733990536,0.8407866517905364,1.0943674609595421e-05,2.0488230399929467e-07,0.00012147141835439423,7.211712646543042e-06,8.343122495708582e-06,1
0.0809549349524348,0.91894092033311,1.0931868260918227e-05,1.6199447842448998e-07,8.075209600754787e-05,5.702091424782398e-06,6.596664283551759e-06,1
0.08295384000058967,0.9169626353321372,1.5873513438356906e-05,1.8669824698907321e-07,4.7049331244887886e-05,6.571646660626927e-06,1.3843477682578193e-05,1
0.04206007504893115,0.9579201630237663,6.864157304545775e-06,8.073360848923089e-08,4.2402763806997375e-06,2.7773792858735675e-06,5.799380723060417e-06,1
0.057813828261009635,0.9421623814750776,8.268555526313535e-06,8.232196692662083e-08,5.1078317621760374e-06,3.345627704025686e-06,6.985926953495214e-06,1
0.30311851760122566,0.6968443201248533,1.2846060505413102e-05,1.9036216231791026e-07,7.79177250544511e-06,6.548722294566927e-06,9.785356453178032e-06,0
0.3262496292027666,0.6737186257512158,9.264711250563967e-06,1.8318856642358643e-07,8.00742985268051e-06,6.302197687825505e-06,7.987518660122253e-06,1
0.27429382318114276,0.7256792980664752,8.444563008927989e-06,1.6044741391502944e-07,7.095005339844265e-06,5.519838605291291e-06,5.658898014065692e-06,1
0.23312794784833166,0.7668443000639715,8.131524658224994e-06,1.6078238216950416e-07,8.339446421432479e-06,5.449622062166901e-06,5.670712172634966e-06,1
0.22419961625553894,0.7757751796309486,7.684011472809297e-06,1.4356997484111832e-07,7.446674795822298e-06,4.866217876620718e-06,5.06363939239386e-06,1
0.2610604587731849,0.7389036999044003,9.53955858579111e-06,1.782374729371244e-07,1.3705176194312172e-05,6.1319352061326645e-06,6.28641495552069e-06,1
0.16873221484905226,0.8310463926753668,9.83471998875623e-06,2.331506544116977e-07,0.00019867197388173427,6.321662076831812e-06,6.3309689790489105e-06,1
0.07615571423329595,0.9238081492838606,5.440777021898615e-06,1.3025429065458467e-07,2.300924576127541e-05,3.5042957061805844e-06,4.0519100635951295e-06,1
0.07128303512280165,0.9286915199096344,5.3633994139818e-06,1.0041215805430163e-07,1.243780613655666e-05,3.4544583358773994e-06,4.0888915195840286e-06,1
0.05292925897392442,0.9470453086936071,4.303938136376155e-06,8.510057527486945e-08,1.5114142928143884e-05,2.9276971767428473e-06,3.0014536518104476e-06,1
0.03940184898260167,0.9605740584679798,4.049199247013316e-06,8.006369385540016e-08,1.4385066645208604e-05,2.754414405577799e-06,2.823805426973275e-06,1
0.12437680838211078,0.8754843720474418,8.162766435482123e-06,1.6139830244294872e-07,0.00011990427454105181,5.552614254742541e-06,5.0385169137027e-06,1
0.032840946713225225,0.9671334992027687,4.072186765391693e-06,8.051821968178393e-08,1.5877842857983986e-05,2.7700513619010995e-06,2.753484800893464e-06,1
0.02747326089892249,0.9724973837959073,5.033562296213794e-06,8.330691270859909e-08,1.843425368717758e-05,2.8659901810575873e-06,2.938192092857883e-06,1
0.08123711379120198,0.9185737226759672,9.240140821019221e-06,1.7264314011076986e-07,0.0001682526984022318,5.939472387582446e-06,5.558578079870092e-06,1
0.10082596621150246,0.8988237013311321,1.346958731381286e-05,2.1921742781962702e-07,0.0003209527776210806,7.5417758190456974e-06,8.149099183810094e-06,1
0.11219094787390657,0.8874229408527967,1.1560854503748695e-05,2.1643685429497805e-07,0.00035884213140226966,7.446115257840085e-06,8.045735278551226e-06,1
0.031590785766007816,0.9683686469088919,4.873417930518563e-06,9.12388531475417e-08,2.874845262186937e-05,3.138871058233547e-06,3.7153446367501353e-06,1
0.02995512205677451,0.9700077521792089,4.621088884070678e-06,8.651481487667102e-08,2.5918832657312696e-05,2.9763509640534325e-06,3.522976696470351e-06,1
0.03154992352742093,0.9684109217912488,4.8736306833481244e-06,9.124283625025315e-08,2.733529288966443e-05,3.1390080880776497e-06,3.7155068329942363e-06,1
0.03834879222870723,0.961602278308404,6.090309601619769e-06,1.1402118006040232e-07,3.4159419858757525e-05,3.92264665513143e-06,4.643065593210501e-06,1
0.062101254429193474,0.9370004669031654,2.8250813520560726e-05,1.4634145455448286e-07,0.0008475079912612779,1.1768124466501179e-05,1.0605396938328121e-05,1
0.05602650082620245,0.9431727225024126,2.4981932468943274e-05,1.3141805601986397e-07,0.0007609535641084221,9.358211409982449e-06,5.351545341492216e-06,1
0.14855485465654367,0.8505591992964082,3.299830495003386e-05,1.6066135932468413e-07,0.000812812641381899,2.8825465935351885e-05,1.1148973421416471e-05,1
0.1738827554241233,0.8252006589946458,4.112688661274901e-05,2.1592240521759118e-07,0.0008288769030876281,3.958649528486069e-05,6.779373840513558e-06,1
0.3780736570428288,0.6189530451906976,3.804092110429723e-05,3.418599836540863e-07,0.002860610597375928,6.329966126096197e-05,1.1004726748709542e-05,1
0.12757909170198894,0.8722435008910633,1.86362254496349e-05,1.2750780103026454e-07,0.00012480995510105305,2.9813367463102407e-05,4.0203511327545165e-06,1
0.1046320934605381,0.8951896937110685,3.4433076928413896e-05,1.2271805995769593e-07,0.00011103129029375441,2.8693449234603525e-05,3.932293876807024e-06,1
0.09739976113140325,0.9024028592917762,4.050541582438544e-05,1.2729319622768544e-07,0.00012025661380639495,3.293553754044581e-05,3.5547164530929427e-06,1
0.08135203032689721,0.9184289535057678,4.6722113743938324e-05,1.2843485352367443e-07,0.00013099924921390973,3.3768950521512126e-05,7.3974190018782405e-06,1
0.08883324400892871,0.9109405458561384,3.892935197489968e-05,1.205731392351072e-07,0.00014836709466077225,2.9423351722031843e-05,9.369763435866566e-06,1
0.08856532112812926,0.9111486886563436,2.8380905241755792e-05,1.275886793594984e-07,0.00021228598981313986,3.354646875197147e-05,1.1649263040854172e-05,1
0.07670170375775431,0.9230471832262945,2.5822735083877206e-05,1.2217558769339695e-07,0.00018470046644848134,2.75883794871873e-05,1.2879259343754356e-05,1
0.05100834980994201,0.9487974868307032,1.987566964168073e-05,9.81627549136153e-08,0.00013834261853395407,2.5498985387448964e-05,1.0347923036822673e-05,1
0.04918591227789606,0.9505903729218216,1.741577754064896e-05,1.0473246144594477e-07,0.00017192312044512074,3.0932124935341736e-05,3.3390448996827383e-06,1
0.050135433889030086,0.9335388104846715,2.6368139575631606e-05,1.364300170071064e-07,0.016250966260403465,4.103820789969518e-05,7.246588402592644e-06,1
0.05409472400622208,0.930990889979969,2.1301472851485016e-05,1.2448295996369408e-07,0.014850882885914667,3.8674065665587906e-05,3.4031064173073933e-06,1
0.05299546648432238,0.9317507588288609,2.0868606159035594e-05,1.2195334487456463e-07,0.01519156200438218,3.788817095281607e-05,3.3339519776503925e-06,1
0.05100583853272705,0.9263376346652593,2.3434725349739734e-05,1.8138517966172267e-07,0.022565337713742365,6.456194887943463e-05,3.011028862573107e-06,1
0.04885127379489335,0.9284073519430779,2.0373745872780707e-05,1.6020726066978e-07,0.022648269898030746,6.955265445666619e-05,3.0177564079384965e-06,1
0.0481877973544452,0.930678121904612,2.5674388421085953e-05,1.6059910788467677e-07,0.02103549784426834,6.972277167746868e-05,3.025137468189723e-06,1
0.007835593992603545,0.9152592107854767,4.9912440006489434e-05,1.8649338369037144e-07,0.07679829033415699,5.0481903906327385e-05,6.324050466351785e-06,1
0.006568925307231511,0.9232195139508004,4.510558573059516e-05,1.6865465477318185e-07,0.07011806783098333,4.573532409320037e-05,2.4833465062317083e-06,1
0.013074133537233067,0.9540925543885678,4.080087711057267e-05,3.315601446237306e-07,0.032747574709570404,4.1777520973043795e-05,2.827406400583321e-06,1
0.01430469776969587,0.9530269554037151,2.8663538177388833e-05,2.940335490380071e-07,0.032602569897917585,3.4499594486500334e-05,2.319762458751611e-06,1
0.024884409283889693,0.967414561984372,4.668710701196888e-05,4.265865250178479e-07,0.007602862766980077,4.804407526557891e-05,3.008195955824923e-06,1
0.024431793384809247,0.9725550180500688,3.2780749662844776e-05,1.0658686208926475e-06,0.0029114298476298913,6.469336170731827e-05,3.2187375007197665e-06,1
0.0019987515345492608,0.9961286250805468,3.1323455910894525e-05,6.682513369201112e-07,0.001787242396722059,5.0847131727019656e-05,2.5421492069997557e-06,1
0.9441560470930181,0.05252075071544464,1.0296198289654733e-05,1.6484439765855795e-07,7.297005151573593e-06,6.476553791922417e-06,0.003298967589906544,0
0.9388570888179633,0.05427622621978504,8.702715513868243e-06,1.3933238818048297e-07,6.090275609129759e-06,5.474215198244349e-06,0.006846278423542444,0
0.8581691552393927,0.1409722115370397,8.848741383633344e-06,1.8020652478048635e-07,1.3620458225492067e-06,5.5367555149237405e-06,0.0008427054743216386,0
0.9410512866966734,0.05801000357072815,1.1240724455646068e-05,1.5350873022894234e-07,9.028681445879807e-06,6.282382473737787e-06,0.0009120044354928541,0
0.9108412812304082,0.08869542648349656,9.890019706820362e-06,1.550550384568991e-07,9.071159590644504e-06,6.345665517613038e-06,0.00043783038624173375,0
0.8690388249378957,0.13090090405299964,1.170126621988425e-05,2.1497920610692133e-07,1.1474662918211382e-05,6.156974262054077e-06,3.0723126498377505e-05,0
0.8619058829434432,0.1380406300603755,1.3920121497928855e-05,2.0349317576160584e-07,1.3707013405297035e-05,6.860802093099734e-06,1.8795566009135427e-05,0
0.870594499363808,0.12938516015426818,8.099386004093386e-06,8.518202457458445e-08,4.987755478138631e-06,3.545242089351655e-06,3.6229163275399353e-06,0
0.8697173525571634,0.13026168561394336,8.339056477296089e-06,8.770266208066663e-08,5.135349100057711e-06,3.6695979192494323e-06,3.7301227343165055e-06,0
0.8624387051641094,0.13753809629116218,9.228869087136504e-06,9.706090720688893e-08,5.683312577413321e-06,4.061159543814787e-06,4.128142612738465e-06,0
0.860499516731987,0.13947704834811725,9.516327321781157e-06,1.56762446085283e-07,5.254638077819141e-06,4.250467205375359e-06,4.2567248449291e-06,0
0.8582997763078554,0.14167828013634853,9.240235486225906e-06,1.5221438568105987e-07,4.290728237369263e-06,4.127150798423532e-06,4.1332268886114144e-06,1
0.8043686891294509,0.1956106414353683,7.327606265415489e-06,1.955133138229175e-07,3.719153597308423e-06,4.710113830896224e-06,4.717048173213605e-06,0
0.7778424558780651,0.22213989020938285,6.27110313528251e-06,1.0043307394021479e-07,3.2740026071148362e-06,3.9714352706304644e-06,4.036938464875497e-06,0
0.47382130472276085,0.5261369295179729,1.0077411228975089e-05,1.6139192184406817e-07,1.865782070697519e-05,6.381937201164561e-06,6.487198207239353e-06,0
0.41492043010315227,0.5850187217471091,9.436794981099526e-06,2.5179014698569214e-07,3.9018874750503286e-05,6.0658797634357665e-06,6.07481009680899e-06,1
0.21084527991085372,0.789040433760585,7.997130071825206e-06,1.5224931905327495e-07,9.469926259669391e-05,5.237860166149431e-06,6.199826407428844e-06,0
0.2610258487461367,0.7388898733962718,7.367216372109096e-06,1.3764934896480217e-07,6.725252104570902e-05,4.665594284671608e-06,4.854876540217061e-06,0
0.4319495469225651,0.5678702591417502,9.362231286953974e-06,1.7527526951172067e-07,0.0001576095193384755,5.909431269299208e-06,7.1374785203980105e-06,0
0.47058480872167446,0.5292153551971985,1.1913435649337222e-05,2.23037711870874e-07,0.00017155772469891164,7.850770202978304e-06,8.291112863806172e-06,1
0.10519845818038104,0.894616135265589,1.3076817072318733e-05,1.9377951787582206e-07,0.00015771610086206752,6.820902403122577e-06,7.598954174614368e-06,1
0.061972118825013356,0.9379629538946255,1.3879528406029236e-05,1.6324575101181458e-07,3.3033870972553445e-05,5.7461353376344926e-06,1.2104499894099354e-05,1
0.06567022298344542,0.9343047930068117,8.649876852135858e-06,1.017365628841179e-07,5.3433898561420246e-06,3.580909228654902e-06,7.3080972430369914e-06,1
0.45590477263537166,0.5440539068984854,1.572016646091912e-05,4.026230804530355e-08,9.892209352292507e-06,8.339781760544292e-06,7.328046261052148e-06,0
0.33738416513161873,0.662582026507661,1.1636075097154794e-05,1.7908434154540418e-07,8.023637061468802e-06,6.161000903317748e-06,7.808563316784854e-06,0
0.29853605214164003,0.7014374490523279,8.22299850890226e-06,1.6259106925295677e-07,6.785126486591698e-06,5.593586328623225e-06,5.734503638604224e-06,0
0.26864127925637116,0.7313317148879306,8.510338882828049e-06,1.6169716110196003e-07,7.068010303151842e-06,5.562833394680211e-06,5.702975956499535e-06,0
0.3175297016495177,0.6824370334024152,9.560972834285498e-06,1.786375775648346e-07,1.1079110979883937e-05,6.145700076181389e-06,6.30052659923939e-06,0
0.301289119426372,0.698679765871309,8.171990961310736e-06,1.6690860626567858e-07,1.0351679627115749e-05,5.627347997976385e-06,6.7967751264030255e-06,0
0.33329353731855804,0.6666761589261447,8.74217101503096e-06,1.6333905344678747e-07,1.0130295793052605e-05,5.5070000041941725e-06,5.760949431608588e-06,0
0.2751245591658392,0.7248400658943178,9.90748298931851e-06,1.8511178638956227e-07,1.2512403005096472e-05,6.241070870144434e-06,6.5288711920472636e-06,1
0.2246803670780001,0.7752215892842367,1.017264637842908e-05,1.900661091672332e-07,7.473890500962925e-05,6.442248796012588e-06,6.4997714701663285e-06,1
0.19161759686066562,0.8080791945478988,9.562922933259993e-06,2.2847902776202206e-07,0.0002811142326208436,6.146953580780119e-06,6.156003272967722e-06,1
0.08711493637665463,0.9128548932546036,6.895880571389508e-06,1.122316640712051e-07,1.473097962366009e-05,3.86108231326433e-06,4.570194569480172e-06,1
0.034740463259908795,0.9652350902495096,4.305883263426151e-06,8.045219010752867e-08,1.4454867877317327e-05,2.7677797603578124e-06,2.8375074905715476e-06,1
0.028233091394374514,0.9717398531038723,4.512455938318129e-06,8.431184516427208e-08,1.662739918314163e-05,2.8576992411073105e-06,2.9736355452571248e-06,1
0.03243979471214514,0.9675348737647556,4.232591646612971e-06,7.908279137365534e-08,1.5594782636329262e-05,2.72066862398715e-06,2.7043974012362846e-06,1
0.03428946083259806,0.9656830094358039,4.30295404560881e-06,8.039745987582235e-08,1.7585779401272537e-05,2.7250235079833417e-06,2.8355771833640064e-06,1
0.027201080414361846,0.972770974121717,4.268235357441087e-06,8.109683406448408e-08,1.803290271887061e-05,2.789957310705578e-06,2.7732717002392237e-06,1
0.04156122151752657,0.9583884618141689,6.044622190647448e-06,1.1316583232708132e-07,3.565742506439168e-05,3.893220307120405e-06,4.608234909747048e-06,1
0.0657887495707681,0.9333359651937606,3.1917772250985374e-05,1.4290454696264777e-07,0.000827464106774563,9.941158981643207e-06,5.819292917104322e-06,1
0.07142257376525425,0.9277842019212758,2.5334956863928958e-05,1.4490205119167893e-07,0.0007499542219293146,1.188959826437263e-05,5.90063436115876e-06,1
0.07654628015172214,0.9226731239121355,2.3737972628170807e-05,1.3230609415954394e-07,0.0007419165016556512,9.4214481439819e-06,5.387707620203397e-06,1
0.11805470334222778,0.8812851839318875,3.35221543320749e-05,1.5496291719918708e-07,0.0005931003978751223,2.5466985663008827e-05,7.86822509717572e-06,1
0.19794692150010443,0.8012018795331455,3.5438159766445105e-05,2.2215167609439164e-07,0.0007667570337030688,4.0728549079343394e-05,8.053072524972871e-06,1
0.43504555767684444,0.5623398267293379,2.7448437239018675e-05,2.8906258495704593e-07,0.002525858814023084,5.3284315685002424e-05,7.734964285559743e-06,1
0.4190521245148458,0.57920900686336,2.227362672930835e-05,2.5084833891955994e-07,0.0016644958958368138,4.409832048669748e-05,7.74993040256169e-06,1
0.22518804703903866,0.774082529738035,2.41261979573242e-05,1.7486528318298727e-07,0.0006689995922384323,3.0018905968527462e-05,6.103661478742231e-06,1
0.06965864715729275,0.9301412325352272,4.093394435520525e-05,1.3515505843449793e-07,0.00012174010593623667,3.371877842394038e-05,3.5923237060521346e-06,1
0.06389696123842964,0.9358756795899346,4.4311961831625694e-05,1.2824244672348503e-07,0.00014561083343973648,3.361459912864526e-05,3.6935347889027786e-06,1
0.0666710381327086,0.933099196107975,4.816982167132576e-05,1.3048636818093683e-07,0.0001481799684782893,2.96975573936347e-05,3.5879254046531774e-06,1
0.06742621005712927,0.9322878576953821,4.498091728091845e-05,1.297739397428967e-07,0.0002009139736613412,3.1668614565666216e-05,8.238968040791934e-06,1
0.08210666133890886,0.917604367253939,2.802637066001445e-05,1.2573874046215364e-07,0.00022168537392524017,3.2242997838082467e-05,6.890925988505187e-06,1
0.048776134002667726,0.9508960145271806,3.288459993206356e-05,1.331545204555442e-07,0.0002480303208816647,3.4645952310008084e-05,1.2157442507064837e-05,1
0.04072350277444702,0.9590099717186514,2.5594851526552737e-05,1.2604469721299798e-07,0.00019283619350666219,3.1896822910646405e-05,1.607159426066187e-05,1
0.04429123992604256,0.9554850818449343,2.1724657293867677e-05,1.0702313847935375e-07,0.00016056230841194396,3.559968533476426e-05,5.684554844250438e-06,1
0.04429202123469702,0.9555019368430085,2.1725040522307145e-05,1.0702502639453656e-07,0.00014633238953978305,3.219281208516893e-05,5.684655121233065e-06,1
0.049830990580501014,0.9343283690582401,2.5303815713716003e-05,1.2918512377325955e-07,0.01577489818162135,3.671171220287481e-05,3.597466596894373e-06,1
0.047249428406268265,0.9358812565379439,2.3925716645107757e-05,1.3016005465693668e-07,0.016803218405035347,3.848246761954337e-05,3.558306433340675e-06,1
0.049547906135551295,0.9327663871306935,2.0862989699697556e-05,1.3649177118689887e-07,0.017620621378721453,4.0354471107730375e-05,3.731402455173463e-06,1
0.04249330890715322,0.9400783268059095,1.9850208731103773e-05,1.3950266679610814e-07,0.01736105942562521,4.3501435806189106e-05,3.8137141078890725e-06,1
0.050118668592447346,0.931051201986748,2.0400333386900756e-05,1.4336881538898006e-07,0.018761414452038425,4.4251859957313334e-05,3.919406606609408e-06,1
0.05253025700841804,0.9252933062946325,2.1053623124719412e-05,1.4655178622432968e-07,0.02210795855213451,4.423280367380263e-05,3.0451662302213066e-06,1
0.030357108967297763,0.9555437426196803,2.5670287286921218e-05,1.322124823589767e-07,0.014019043480534935,3.923446077981645e-05,1.5067971937718113e-05,1
0.015725422512602703,0.9360159080174985,4.3986383821674126e-05,1.329958414166363e-07,0.04816261451528866,4.951877004626255e-05,2.4168049005494985e-06,1
0.007488865583254237,0.8857525130462424,6.440038964526802e-05,2.3020780617167087e-07,0.10662603570734808,5.467369760534803e-05,1.3281368098545582e-05,1
0.00605192238606473,0.9462676080917704,4.315400297590198e-05,1.5779025638907555e-07,0.04759455719071373,3.821912232797704e-05,4.38141589075287e-06,1
0.01172745601116143,0.9660084462658711,3.964458181790482e-05,2.7648708095159345e-07,0.0221825163580326,3.9051307585669435e-05,2.6089884502184123e-06,1
0.009664575422722305,0.9779772032241784,6.731767849635035e-05,3.700641794244629e-07,0.012240984869404411,4.662913883941889e-05,2.919602179976489e-06,1
0.006573388984108774,0.9874630857952036,4.1962765766786105e-05,2.9314294882879563e-07,0.005884741483343822,3.4215092513623915e-05,2.3127361145203343e-06,1
0.014669502563035652,0.9816174751908383,3.898682431760834e-05,8.974129136737049e-07,0.003606323910913397,6.384541486518922e-05,2.968683115915266e-06,1
0.0021194174463660823,0.9957776594492731,3.2751671096339014e-05,7.538898871784667e-07,0.002013289007648094,5.363463337355164e-05,2.4939023555657533e-06,1
0.8552175389313382,0.14387157100017678,8.306865592096577e-06,1.4525937280833176e-07,6.184422562131146e-06,5.707079859169433e-06,0.0008905464410987414,0
0.9199872369169411,0.07934665768872386,1.0989117361706348e-05,1.500726629487876e-07,8.973107569549444e-06,5.896188697283312e-06,0.0006400969080435802,0
0.9115481985054537,0.08780267192245592,8.755940058400716e-06,1.5311218739842693e-07,9.150692041987327e-06,6.015608246140091e-06,0.0006250542195563612,0
0.9149137997997429,0.08484235877287294,9.756995867031976e-06,1.529694999842256e-07,8.99696638903405e-06,6.0100022156857275e-06,0.00021892449341249736,0
0.9151126548017433,0.08484105131511575,9.678184705498154e-06,1.5494986434061874e-07,8.589464104397673e-06,6.087808537671581e-06,2.1783475929167632e-05,0
0.9150672783761851,0.08488749440142364,1.0844032631791068e-05,1.7361534588678644e-07,9.188663180196564e-06,6.821154632552438e-06,1.81997566008275e-05,0
0.8549585512215684,0.1449889542587462,1.3661827063933353e-05,1.9971726370055722e-07,1.3452673292689774e-05,6.733496667377981e-06,1.844680539776597e-05,0
0.8640009271578718,0.13597777238228906,8.512077159295286e-06,8.416408614309967e-08,5.1708182222297195e-06,3.7258841840222257e-06,3.807516187783248e-06,0
0.6177601663437213,0.38220595998043944,1.1069466666095575e-05,2.068223332959375e-07,8.292589869183702e-06,7.010197312409493e-06,7.2945996582094634e-06,1
0.47463089139579206,0.5253378609085975,1.0752285425357169e-05,1.722001781593315e-07,6.592241413469556e-06,6.809329181320449e-06,6.921639412168449e-06,0
0.2639929286059722,0.7359109044840432,8.720866835479391e-06,1.6294100535136236e-07,7.593050368729475e-05,5.605688134891424e-06,5.746910321544569e-06,0
0.44168475721138245,0.5581254063353506,9.436160245559698e-06,1.7665933253549958e-07,0.0001670736988376677,5.9560951559626546e-06,7.193839695198193e-06,0
0.398150050469615,0.6016445526330506,1.2481360788744901e-05,2.3367013792628166e-07,0.00017577048397395163,8.225024103634758e-06,8.686358330153562e-06,0
0.24978198415651742,0.7500724171699114,1.0028578459846752e-05,1.8775030636323536e-07,0.00012112818519048457,6.60867840883289e-06,7.645481205642238e-06,1
0.3439209246412651,0.6558930113412403,1.1571560154630882e-05,2.1663728043124416e-07,0.00015815503212781575,7.625479528988866e-06,8.495308402846974e-06,1
0.08910152757425314,0.9107480059812567,1.2109272373030499e-05,1.7944190465430928e-07,0.00012455435137474904,6.316228526596948e-06,7.307150311035725e-06,1
0.06685078215518112,0.933120064047527,9.6188339923918e-06,1.1313306837394144e-07,7.140994773400417e-06,3.892137251453819e-06,8.388698206178849e-06,1
0.3241636966964591,0.6757941238357686,1.3058845869996706e-05,1.9351538646394088e-07,7.920837377327425e-06,6.657469103785078e-06,1.4348800034673093e-05,0
0.4156549426774834,0.5842975735912149,1.879328070015569e-05,2.4209889998263266e-07,9.563305126771134e-06,8.328877492100933e-06,1.0556169082817643e-05,0
0.41245930434455036,0.5874986383476258,1.4475176607133551e-05,2.227793693146414e-07,9.981334988522198e-06,7.664231745465449e-06,9.713785113511601e-06,0
0.3686604912292561,0.63131196461666,8.47089003026662e-06,1.6749255956378914e-07,7.32133531986781e-06,5.677059485816947e-06,5.9073766884660355e-06,0
0.588701598138866,0.4112554565242621,1.2656725178147492e-05,2.3647873128771188e-07,1.3575936108122445e-05,8.135619485562619e-06,8.340577368677414e-06,0
0.2865799416735656,0.713391476453669,7.99850930690353e-06,1.4974431110381668e-07,9.287149232211925e-06,5.048651283787582e-06,6.097818631417471e-06,1
0.28421901965000934,0.7157520380880609,8.02497580506813e-06,1.5023980437423994e-07,9.583693529263968e-06,5.065356911650107e-06,6.117995879380061e-06,1
0.29058949179161464,0.7093776016156076,9.888334722935481e-06,1.609325700096603e-07,1.0878038680741263e-05,5.425865064210761e-06,6.553421739851263e-06,1
0.22064393576255656,0.7793169242085068,1.1249847150393307e-05,1.8309117408104766e-07,1.4078390806681978e-05,6.172945631527879e-06,7.4557541740966725e-06,1
0.18687768442297328,0.8130743503805118,9.609567188928732e-06,1.7954551632245396e-07,2.5982686258897954e-05,6.053403263187857e-06,6.139994287788351e-06,1
0.1789827582324616,0.820923946748915,9.715430528581492e-06,1.8152347095910738e-07,7.10703390890104e-05,6.120090292177497e-06,6.207635242679953e-06,1
0.180776279271517,0.8188471976712968,9.819960505027296e-06,1.8347651298723937e-07,0.00035393302109308427,6.312174824660984e-06,6.274424250515741e-06,1
0.07679510059243617,0.9231627329005686,6.97374796485243e-06,1.134989695378179e-07,2.6552778287526334e-05,3.904681156452981e-06,4.621800616751392e-06,1
0.07112757400208763,0.9288398953330954,6.410780263923496e-06,1.0433657160480619e-07,1.8746181493679413e-05,3.5894691091309676e-06,3.6798973784740684e-06,1
0.04749158701704925,0.9524821438256625,4.786203675392079e-06,8.94266157321708e-08,1.5162971080901144e-05,3.0765250359248532e-06,3.154030880419156e-06,1
0.028354747331843923,0.9716173801314617,4.731290318868926e-06,8.840060096861032e-08,1.6938716751085864e-05,2.9962851579065966e-06,3.117843865831378e-06,1
0.02742930305102489,0.9725419539964167,4.452867420510829e-06,8.31984785285396e-08,1.8410259241595704e-05,2.862259742787368e-06,2.934367674930391e-06,1
0.15889703568328367,0.8408633330710334,1.2887036635493703e-05,2.2159677662565517e-07,0.00020380620684938894,1.5581670821862653e-05,7.1347345995382305e-06,1
0.03717792488950418,0.9627795510889801,4.994388937115221e-06,1.0200890743345518e-07,2.976431982404612e-05,3.509390968638276e-06,4.153912878768353e-06,1
0.0552425505627427,0.9442956299010645,3.4361726511426484e-05,1.5341902760026022e-07,0.0004112855773237055,1.0607742057284682e-05,5.411071272918808e-06,1
0.19713414902404264,0.802163836239788,2.9089921762672943e-05,1.8190513241645343e-07,0.0006366903107545901,3.0341274144159898e-05,5.7113243756085685e-06,1
0.27531926703911336,0.723561847030768,2.5061232743935713e-05,2.1020340496690275e-07,0.0010493242840632086,3.6953073556520714e-05,7.337136350011427e-06,1
0.18810435582567395,0.8113037158768398,2.673789308311398e-05,1.5444086707660317e-07,0.0005295566023805088,3.0457034345890495e-05,5.022326809874644e-06,1
0.07189199102721883,0.927906248651271,2.3073271207840112e-05,1.2986642938791788e-07,0.00014076872056191365,3.3601329741920305e-05,4.187133569074231e-06,1
0.05665153214003116,0.9431150318377536,4.971877940697994e-05,1.3188700171928622e-07,0.0001497705241543769,3.0016329350218723e-05,3.798502301695841e-06,1
0.10038997401872053,0.8993114762136045,3.971786266368127e-05,1.293446368517074e-07,0.0002222731819832304,2.7392720540863826e-05,9.036657850576855e-06,1
0.10499062706219994,0.8947213195156882,3.7456276698067286e-05,1.2528834533048492e-07,0.00020845862292838635,3.057399910723131e-05,1.1439235032724223e-05,1
0.0546830526693844,0.9449860780150767,2.4526667012615366e-05,1.3214865237914752e-07,0.00025939948905604523,3.474540735045383e-05,1.2065603467228654e-05,1
0.05741809948315794,0.9423284484571608,1.8143839345519397e-05,1.1955777122297706e-07,0.00018876848221547008,3.381688069463527e-05,1.260329965431542e-05,1
0.05666557046370215,0.9431266809046424,1.7105970123117496e-05,1.07386105895176e-07,0.00014916492748759464,3.0050136316644518e-05,1.1320211622068471e-05,1
0.03357384579350719,0.9661784158343704,2.0934836627290063e-05,1.0836690314694425e-07,0.00018569549415299052,3.091477617621767e-05,1.0084898262733674e-05,1
0.0358504196873162,0.9478909386990086,1.851866036642315e-05,1.3014485346743116e-07,0.01619648274028833,3.99521773027863e-05,3.5578908642895207e-06,1
0.038884572660493937,0.9386736505360798,1.9212401084025203e-05,1.3373525686494711e-07,0.02237840767233143,4.127838987918325e-05,2.7446048745818715e-06,1
0.0371729643558345,0.9398188179319009,3.126073935331016e-05,1.533937581022693e-07,0.022856905448705698,0.00011552645450355514,4.371675943755215e-06,1
0.037571589021316416,0.9407568330552311,2.9320840495232702e-05,1.3531690792296289e-07,0.021590437920723595,4.730780609598408e-05,4.376039229604891e-06,1
0.02086811177651137,0.9188867486032163,3.354936043851876e-05,1.3520751072866467e-07,0.06014372534229664,6.508733074671514e-05,2.642379279687628e-06,1
0.009279001438680113,0.7537730965289663,2.8854778481424833e-05,1.0008866031232192e-07,0.23687738371145303,3.9369638594957434e-05,2.1938151638322367e-06,1
0.008376082729355264,0.717441556935759,3.2989583090748915e-05,1.4273328863364883e-07,0.27410271390378377,4.1784238591387334e-05,4.7298761312584545e-06,1
0.005910007544754409,0.9143030558588979,4.509480266675005e-05,1.6867625578124416e-07,0.07968887225601644,4.708099546573128e-05,5.719865943377832e-06,1
0.004105577577607373,0.9409022362741234,4.549107266337775e-05,1.795203444283824e-07,0.05488451243594782,5.0290715905707655e-05,1.1712403407836757e-05,1
0.006925149399550327,0.9510638762916925,3.845603176550955e-05,1.6341326445151762e-07,0.04191915489955377,4.862662776036803e-05,4.57333641296883e-06,1
0.008983578444505176,0.9686870631917978,3.813888028291027e-05,1.6991452840849612e-07,0.022252483142820068,3.606452861674505e-05,2.5018974486575718e-06,1
0.03108783654481399,0.9510007048994962,5.874530889836019e-05,7.011845522747688e-07,0.017785871671300708,6.148121867474905e-05,4.659172263941807e-06,1
0.039852062137205845,0.9550756259991428,4.849390884938448e-05,1.5360720341864518e-06,0.0049298608779244244,8.766438152648676e-05,4.7566233169699e-06,1
0.00371333640002776,0.9938722418412641,4.338679464627952e-05,1.2778008995638538e-06,0.00229402079106165,7.233086969152883e-05,3.4055024093850248e-06,1
0.9844240212651889,0.013028944761804353,1.4849462311914487e-05,1.8878649241301715e-07,1.1623229610803717e-05,8.310712298950137e-06,0.002512061782292656,0
0.9594368631855663,0.038845547598047536,7.960925362444504e-06,1.1849084844011377e-07,5.433422484245464e-06,5.216174837815827e-06,0.0016988602028530236,0
0.9390161266391848,0.058999418479493373,9.460037852143912e-06,1.5145728527107792e-07,5.734910051769907e-06,5.950588974630828e-06,0.0019631578871580724,0
0.9273432613791827,0.07190793653722184,7.738124335801855e-06,1.421671633827494e-07,7.500972160166892e-06,5.316336595914213e-06,0.0007281044833403929,0
0.9214671268988587,0.07807219361280905,9.370731933977952e-06,1.543543430599835e-07,8.143987701130954e-06,5.772075796003812e-06,0.00043723833855807177,0
0.8968860291754017,0.10306373684704538,1.0287095916482612e-05,1.6469866666342653e-07,6.2362932048508906e-06,6.470828182544572e-06,2.7075061582341603e-05,0
0.9516673069515531,0.04831051148768837,5.464069672009509e-06,9.191155966747482e-08,3.949335376117752e-06,3.4370298782161616e-06,9.239214272442702e-06,0
0.9555465143412462,0.044432674772760965,5.45180979310886e-06,8.728467306200199e-08,3.6699073181957348e-06,2.6264279185205193e-06,8.975456290296635e-06,0
0.7764288266351702,0.22352515658931424,1.0652520874466952e-05,1.696510114986872e-07,1.032473016490193e-05,5.1048613390450135e-06,1.9765012125652128e-05,0
0.7947581698374251,0.20519539646999704,1.081550845881796e-05,1.579538338034021e-07,1.0340188726186823e-05,5.325436538673227e-06,1.9794605020222846e-05,0
0.8422312961146808,0.1577193893095344,1.390391585521614e-05,1.8051192096633637e-07,1.2789087886402775e-05,6.085985736672358e-06,1.6355074385408442e-05,0
0.7418819578505031,0.25807921827778807,1.5629472068051488e-05,2.0291449229644477e-07,9.211040367000333e-06,6.8412916956912705e-06,6.939153085683782e-06,0
0.7195026385785839,0.28045398147339634,1.7271251159525043e-05,2.2422940103800458e-07,1.0261718927476235e-05,7.714203617328078e-06,7.908544914401993e-06,1
0.715517882507778,0.2844393585467514,1.7017816709929804e-05,2.2093910930926686e-07,1.0278698657205478e-05,7.448994286532762e-06,7.792496707531043e-06,1
0.09898389803118399,0.900878995318295,8.103411616048793e-06,1.5140444870952054e-07,0.00011837999679376702,5.131820352841797e-06,5.3400173095791805e-06,0
0.4694243213855918,0.5303833681106027,8.767640103120097e-06,1.7907442589928285e-07,0.0001697683097320367,6.303293533514436e-06,7.292186011006345e-06,0
0.20951823318968024,0.7902804652737959,1.2078634661295896e-05,2.4669974385114347e-07,0.00017061835417334548,8.683657045541353e-06,9.674190899862096e-06,1
0.05536304237326141,0.9445971504733474,1.2399332697234375e-05,1.458362502666944e-07,1.1315047442567432e-05,5.133333186141625e-06,1.081360381490904e-05,1
0.09873559666603082,0.9012287586913147,1.1648061153446308e-05,1.4946185017687525e-07,7.850008998485724e-06,5.26073717705437e-06,1.073637347529603e-05,0
0.24687164674402742,0.7530868200360203,1.2714614506600204e-05,1.884121825206081e-07,8.614166449737408e-06,6.4817131642117566e-06,1.3534313648887698e-05,0
0.5683742153634478,0.431580953910459,1.3451722945922222e-05,2.5133249960880406e-07,1.3616566300660538e-05,8.646636295950022e-06,8.864468051039651e-06,0
0.33714959377469916,0.6628180653289141,9.329855135692742e-06,1.7431936575474375e-07,1.0811295279901786e-05,5.877202834747907e-06,6.1482237705652135e-06,0
0.313217260213451,0.6867507263149747,8.408044456333749e-06,1.7172987442969972e-07,1.0650694905878033e-05,5.789897757138137e-06,6.9931045803964115e-06,0
0.3150047813792285,0.6849608253477132,1.0719151261796635e-05,1.744541026591704e-07,1.146494625916018e-05,5.881745509127274e-06,6.152975925525056e-06,1
0.2738203148260673,0.7261516737463328,7.735549285563995e-06,1.4482129786066813e-07,9.238050734874808e-06,4.995660320087969e-06,5.897345961334039e-06,1
0.27937333690563937,0.7205887775511778,1.1174241516952481e-05,1.818606929901701e-07,1.3983775685201909e-05,6.131459782126706e-06,6.414205505696654e-06,1
0.18588317216267472,0.8138210190450819,8.750190766583185e-06,1.8235031297017696e-07,0.00027449237266268574,6.147967391146429e-06,6.235911110152761e-06,1
0.16838665145578116,0.8314492252325641,8.458636223724658e-06,1.5835858978199915e-07,0.0001439147127293195,5.3390829455109994e-06,6.2525211664182545e-06,1
0.07254735352859787,0.9274140410729246,5.531434588529744e-06,1.0355806854931434e-07,2.519072299556961e-05,3.562686432394801e-06,4.216996392476727e-06,1
0.03187355632663014,0.9680949398442427,4.880583303219112e-06,9.119002809049313e-08,2.0178638925692405e-05,3.1371913400740084e-06,3.2162255300491773e-06,1
0.03069018237090551,0.9692766251149907,5.14219492087519e-06,9.607804439524925e-08,2.1260265043612827e-05,3.3053527360350344e-06,3.388623358625933e-06,1
0.11839957263728407,0.8813810835390007,1.127902217882469e-05,2.1073767641092327e-07,0.00019381891344980766,7.250045436284794e-06,6.785104974046055e-06,1
0.05961513401745158,0.940223404966626,7.945542713988702e-06,1.4845482018053808e-07,0.0001430237167816538,5.10731735243049e-06,5.235984254171315e-06,1
0.051435859468725045,0.948315156799169,9.798040300111506e-06,1.4462032760592976e-07,0.00022241676215865454,1.0735147176079312e-05,5.889162143500354e-06,1
0.07546029817109348,0.9240408660762957,2.6995587532843027e-05,1.5439994737874755e-07,0.0004535711710514236,1.266892587976699e-05,5.445668199502389e-06,1
0.09949751865198722,0.8998697561441465,2.487748748132035e-05,1.561280037632263e-07,0.0005861052207047788,1.52285952629805e-05,6.357772413626956e-06,1
0.11142636519297978,0.8875439611170918,2.5362061320483487e-05,1.5977233561080402e-07,0.0009823377731054746,1.5584060351709333e-05,6.2300228148540926e-06,1
0.22539131199457993,0.7738940845136488,2.1865752139357125e-05,1.9011496479496047e-07,0.0006552759882003127,3.148404921083877e-05,5.7875872559955664e-06,1
0.4045649320352843,0.5942589730988039,3.1758216633355484e-05,3.068792072160037e-07,0.0010796413704064344,5.586016647090437e-05,8.528233193778822e-06,1
0.4781475924994275,0.5202777377404877,3.0689050534188e-05,3.2367710730067005e-07,0.0014747291085425171,5.993287377791504e-05,8.995050122783066e-06,1
0.2348260528773029,0.7641718464921297,2.597824511040622e-05,2.3550720626195677e-07,0.0009311268543152469,3.8600207152732904e-05,6.159816782728893e-06,1
0.15893290708662283,0.8405768211737192,1.9655203658146436e-05,1.4161053335678622e-07,0.0004389743515517078,2.5104359645198814e-05,6.3962142696663005e-06,1
0.09169516345980455,0.9081994733076332,1.997693974687192e-05,1.253562464070856e-07,5.869361394575567e-05,2.2490856528437003e-05,4.076466095155922e-06,1
0.0851358245097972,0.9146820200413156,2.4514700548057772e-05,1.2860646760527564e-07,0.00012329868925071513,3.0622062507944234e-05,3.591390112892841e-06,1
0.07431511873310617,0.925365805022981,4.164510278007486e-05,1.3530906878269253e-07,0.0002413001353189091,3.2359904064528867e-05,3.635792680725494e-06,1
0.12922333834774347,0.8704812584181005,3.2962639462038456e-05,1.4566212942362316e-07,0.0002196091920806278,2.86785611647017e-05,1.4007179319132488e-05,1
0.033079064539742145,0.9666664423774562,2.2440501495990438e-05,1.0842164037172697e-07,0.00018578929083545918,3.606487658233892e-05,1.0089992247401385e-05,1
0.028673772145899227,0.9710685721659855,2.4546355963540872e-05,1.0891538476159916e-07,0.00018663536196788103,3.622911344891751e-05,1.0135941349895388e-05,1
0.048239132690899765,0.9342737727762085,2.2955301234287964e-05,1.3772367065112676e-07,0.01741624235791527,4.353231636282555e-05,4.226833708679131e-06,1
0.045375576557661335,0.932627042181011,2.3088921279441966e-05,1.3451312728981967e-07,0.021930018909846978,4.046160664680006e-05,3.6773104272711684e-06,1
0.03754558050975958,0.9392503738057848,2.2202719129694848e-05,1.3089056956990206e-07,0.02314598039072015,3.215340683749901e-05,3.5782771987287755e-06,1
0.03232481943520042,0.9478155562580635,3.723063587952908e-05,1.4863319066975745e-07,0.019733625678944603,8.556900843061923e-05,3.050350290565723e-06,1
0.03553893314107707,0.9279479551551021,2.586978806743102e-05,1.2881844797499817e-07,0.036432721990368316,5.1747408121089764e-05,2.6436988161266286e-06,1
0.009753532635149269,0.7264183230976581,2.36217566721969e-05,9.27197463959657e-08,0.2637579835430524,4.463421275861382e-05,1.8120349629560187e-06,1
0.003656025461185022,0.2684697575019672,1.1797630370568809e-05,4.1630901563600485e-08,0.7278451564242021,1.5500567682326437e-05,1.720783691066522e-06,4
0.0063483945879999285,0.9095774838762731,4.656718295655932e-05,1.735437082564204e-07,0.08397182432622793,4.423401168768173e-05,1.1322471146450002e-05,1
0.011262009698501194,0.9816611212213234,3.9746499207807235e-05,2.663136921782745e-07,0.006997723891304254,3.67465454656618e-05,2.385830505540466e-06,1
0.016720407231810636,0.9711312109222606,5.243131415021793e-05,5.705107486326276e-07,0.012040989445281777,4.825419936467509e-05,6.136376383684356e-06,1
0.05535580751188574,0.9268403588397128,5.922956625672412e-05,7.525406619671277e-07,0.017672866900679637,6.598422177149015e-05,5.000419031410277e-06,1
0.9869390483841807,0.010317139881147325,9.569061417095589e-06,1.398866164431366e-07,7.72738632753599e-06,6.158054047580437e-06,0.0027202173462631055,0
0.917434679269609,0.08164401453063642,1.148576264531428e-05,1.838895844516111e-07,9.252959426905589e-06,7.2248180853678504e-06,0.0008931587700125903,0
0.9238882043266559,0.07575565955102159,1.0573277006014382e-05,1.6928048880767708e-07,8.959239096566302e-06,6.650842899476139e-06,0.00032978348283176556,0
0.9135151835739517,0.08626041913213989,1.1207132056746307e-05,1.7942864748734475e-07,8.619494404673412e-06,7.04955281325779e-06,0.00019734168598629857,0
0.8912703993155772,0.10841032396711622,9.971443910973694e-06,1.5964500867685543e-07,6.4639407841492055e-06,6.272275558003456e-06,0.00029640941204486614,0
0.8869617804931795,0.11289147359784343,1.0152353607490266e-05,1.6254141268092665e-07,6.581214628940591e-06,6.3860720630831224e-06,0.00012346372726488447,0
0.8047024732942659,0.1952676102859614,1.017361072478732e-05,1.6202393502847068e-07,7.665452337333e-06,4.875359802574366e-06,7.039972973060125e-06,0
0.7612167173394196,0.23875180227102696,1.0395696818935159e-05,1.6556085656619628e-07,8.310605343702314e-06,5.189274803610567e-06,7.419251730689854e-06,0
0.47949677273568836,0.5204644356068581,1.2467997019193428e-05,2.329525272373329e-07,1.0270302957351556e-05,7.854028423710488e-06,7.966376525907193e-06,0
0.5473364200159244,0.45262945527441373,1.1298419242376229e-05,1.6077218928791156e-07,8.237121509206452e-06,7.155190994880914e-06,7.27320572599438e-06,0
0.6826359242695365,0.3173337490030118,8.081428080369578e-06,1.0942487373524619e-07,5.977513136371877e-06,5.117898370203942e-06,1.1040462991094915e-05,0
0.6223977898111128,0.37757309842713294,8.672348932465715e-06,1.3216128640340298e-07,6.126440519284851e-06,5.492123424957388e-06,8.688687591109928e-06,0
0.2957923297123027,0.7041625640149064,1.2577398034039964e-05,1.7897156886283166e-07,1.6168743261811634e-05,8.084628771120188e-06,8.096531155100838e-06,0
0.2921816569720647,0.7077758266976085,1.2516890947738261e-05,1.7811057614133025e-07,1.3531827735547428e-05,8.231920536716203e-06,8.057580530494679e-06,0
0.2754337048532019,0.7244948276924199,1.1999716932301081e-05,1.7075138748661997e-07,4.3680536047619625e-05,7.89179331051371e-06,7.724656700202991e-06,1
0.3490692154814336,0.6508871107216132,1.0889380814763358e-05,2.1531028629190634e-07,1.7798690793520566e-05,7.407357740207559e-06,7.363057318346689e-06,1
0.13901597738524338,0.8608220901031659,1.0048230932326585e-05,1.8774152627293833e-07,0.00013871145974800285,6.363457572171486e-06,6.621621812102432e-06,0
0.10105716594430605,0.8987878511451688,8.899034923097279e-06,1.662699046300305e-07,0.00013441760378695442,5.635681698379318e-06,5.864320212214549e-06,0
0.059797689107155966,0.9400644018003619,7.745730055773233e-06,1.4472151292728418e-07,0.00012000902625215539,4.9053037203628285e-06,5.1043109412384704e-06,0
0.06853849295139584,0.9314157096614474,1.427608593563895e-05,1.6790991032953363e-07,1.2992738476046585e-05,5.910310457107973e-06,1.2450342377701314e-05,1
0.058189069537233705,0.9417806047415103,9.974676121381707e-06,1.173183588735789e-07,7.405170949565065e-06,4.129523515916616e-06,8.699032310239857e-06,1
0.07060483361756613,0.9293637248088812,9.854356036619931e-06,1.2644596093136948e-07,7.981308728796792e-06,4.450627145139808e-06,9.028835681286599e-06,1
0.06599593448037787,0.9339768354770203,8.898313401868061e-06,1.1417852009674511e-07,5.996864143810179e-06,4.018839488358825e-06,8.20184704768839e-06,0
0.23419623689391134,0.7657634738715725,1.2333791751098184e-05,1.8276894052688497e-07,8.356158579971546e-06,6.287575633240016e-06,1.3128939611403319e-05,0
0.3298350987527764,0.6701195439918803,1.3302489646354725e-05,2.1505681543197543e-07,8.49509826651515e-06,7.398554349907335e-06,1.5946056265153956e-05,0
0.4680006617995977,0.5319607531012699,1.3606622683144865e-05,2.094119403254435e-07,8.433780677930687e-06,7.204354899914417e-06,9.130928931089237e-06,0
0.5592367620765931,0.440717396377444,1.3755025390973406e-05,2.569994139482259e-07,1.3923585547845066e-05,8.841596149090988e-06,9.064339461175515e-06,0
0.35613428688551463,0.6438336660518867,9.24508857130729e-06,1.727355840640344e-07,1.0713069064799263e-05,5.823805404106983e-06,6.092363974402892e-06,0
0.25791957226255346,0.7420504109501214,7.285739264532052e-06,1.5358647372991384e-07,1.1144993827754432e-05,5.178190356970254e-06,6.254277402195802e-06,1
0.3072191680710175,0.6927451513640359,9.082156436710154e-06,1.6643621568806507e-07,1.2797744624241508e-05,5.611421280770642e-06,8.02280638905856e-06,1
0.1624866653273934,0.8373519898052008,7.773977330760715e-06,2.0716539442817072e-07,0.00014145714487053448,5.4620705312566956e-06,6.44450927862748e-06,1
0.19431728210648933,0.805516435815213,8.596283119199516e-06,1.609355499063903e-07,0.00014554535101101283,5.4259655318635245e-06,6.553543085828722e-06,1
0.10824374063215289,0.8915864195905893,1.204186138059787e-05,1.5254537143772033e-07,0.00014618544308130945,5.2480453085278845e-06,6.211882115805605e-06,1
0.03450909326901376,0.9654604720159072,4.9940409463211805e-06,9.330989881470224e-08,1.8893689096850694e-05,3.1626828532934323e-06,3.290992283458221e-06,1
0.04119635460780726,0.958773374368606,4.95945057164438e-06,9.266360368101246e-08,1.8762825174846118e-05,3.1878864509137006e-06,3.2681977855021853e-06,1
0.0302873592143832,0.9696802800428485,5.0132067615109404e-06,9.36679976559571e-08,2.0828259315994833e-05,3.222440405399738e-06,3.2031682878124053e-06,1
0.027888198890204673,0.972072741522059,4.861794268370557e-06,9.102123799142802e-08,2.7268904627771527e-05,3.1313844898277093e-06,3.7064831125720943e-06,1
0.040070978371127726,0.9598812549780773,5.74717774873141e-06,1.0759715544723033e-07,3.3902790520838034e-05,3.6276129971174664e-06,4.381472373112661e-06,1
0.06705892121557198,0.9326739452968585,9.929509272237058e-06,1.4656082644411053e-07,0.0002402100450904751,1.0879190139940138e-05,5.9681822403740115e-06,1
0.07911449222012976,0.9206312148022874,8.302007715156792e-06,1.4095930252048155e-07,0.00023102926775101775,9.080663242265783e-06,5.740079571938383e-06,1
0.0732319855521956,0.9261726898136011,2.7601093608270904e-05,1.5383760639729393e-07,0.0005486824147699877,1.2622784308256504e-05,6.264503910614183e-06,1
0.09443480558371252,0.9044733393890168,2.3049427001917344e-05,1.446553245538832e-07,0.001050525362234829,1.2244995436404128e-05,5.890587273040835e-06,1
0.14657508949695872,0.8527436109341404,2.6263894281879156e-05,1.6545357566271663e-07,0.0006322804651515243,1.6138203767733647e-05,6.4515521240725346e-06,1
0.39945723800983224,0.5994438092792561,2.8698349988476872e-05,2.8737379269027156e-07,0.0010110187593799268,5.230966296049718e-05,6.638564790100288e-06,1
0.461133206812316,0.5379876360966517,2.260683704978374e-05,2.688580328903404e-07,0.0008007728907041515,4.820684888004469e-05,7.30165636547479e-06,1
0.2127457012126037,0.786731964423165,2.1690028509330012e-05,2.0320431687330058e-07,0.00046485105341316697,2.9341755194594518e-05,6.248322797477638e-06,1
0.0781653518733811,0.921685696407242,2.4661081079503937e-05,1.2619689477274907e-07,9.521426181114077e-05,2.5315559128623915e-05,3.634620463064612e-06,1
0.0852643123337003,0.9145858648287437,2.5211149978903462e-05,1.290117343489823e-07,9.288259372534608e-05,2.7884390931170308e-05,3.715691186258275e-06,1
0.0871886278223901,0.912635159916103,2.3167762266501856e-05,1.2873656737597205e-07,0.00012162019750059592,2.770054196831294e-05,3.595023204127435e-06,1
0.11287870695798846,0.8868548318082246,2.8565980024958597e-05,1.2374075984040523e-07,0.00020043610061019668,2.4535916964139776e-05,1.2799495427745707e-05,1
0.07254993336748962,0.9271714234029873,3.582682411465802e-05,1.227214768706056e-07,0.00020716691082027012,2.5990061916001328e-05,9.536711195149321e-06,1
0.07208201020714498,0.9276187257110832,2.410838903660933e-05,1.2989498820126945e-07,0.0002290131022831455,3.4152858894743245e-05,1.1859836568898442e-05,1
0.05938036374070263,0.940372461343289,2.3484685355777702e-05,1.1565294886515071e-07,0.00018526740150944312,2.6115507216639217e-05,1.2191668977621287e-05,1
0.0436462050677137,0.9561389147200282,2.0684949118078368e-05,1.2395482385460986e-07,0.00015183346463772007,3.2257736979660634e-05,9.980106698683562e-06,1
0.03721391552834083,0.962600433381004,1.57288183347522e-05,1.0017452710092094e-07,0.00012955903939040477,2.9499588471888094e-05,1.0763469931147166e-05,1
0.04671130185502505,0.931347254445122,2.4114557298589695e-05,1.3414754988267514e-07,0.02187041789087417,4.0351640805213695e-05,6.425463325211322e-06,1
0.030749538642421078,0.9443032597991199,2.4021324217366993e-05,1.3342782754560789e-07,0.024880207067696756,3.9192098138301136e-05,3.6476405790822566e-06,1
0.037886537278521565,0.9409837156678157,9.609380625352563e-05,1.4112371886183765e-07,0.020947460134903378,8.315575292695799e-05,2.8962358602149786e-06,1
0.00896616550782252,0.597099343049743,1.581640757868004e-05,6.917433303043001e-08,0.39388872716469375,2.714647164233918e-05,2.7322241867600466e-06,1
0.007730127226456223,0.9156787127907856,4.302903860693085e-05,1.3818762235424408e-07,0.07650956437841192,3.300571097910298e-05,5.422667137867543e-06,1
0.027729100775834115,0.952760969245436,8.488328872806975e-05,6.110480499176285e-07,0.019345883458812618,7.074564470928935e-05,7.806538429850333e-06,1
0.03548563850506331,0.9376761197348522,6.643322659052537e-05,7.503139636030621e-07,0.026703375854841636,6.269674143565849e-05,4.9856232530030634e-06,1
0.03126601985223508,0.9666287174882104,3.73778236060214e-05,1.1812304443908044e-06,0.0019918413422813177,7.151289403592024e-05,3.3493691866501125e-06,1
0.989324587286718,0.008149090099797746,1.0139645447655303e-05,1.2529895501712395e-07,7.625672020422289e-06,5.515879622511643e-06,0.002502916117438664,0
0.9866478080762171,0.0108104642041845,1.1585749319110658e-05,1.4729374909261684e-07,8.621831284619376e-06,6.484129009952831e-06,0.0025148887162358574,0
0.9829159259431789,0.014121119908511044,1.1229844833118174e-05,1.6416500306705563e-07,9.609389183197344e-06,7.226831181659749e-06,0.0029347239181088964,0
0.948480586095936,0.048574396331023006,8.344063355424648e-06,1.33590288294258e-07,6.03456904279767e-06,5.248614454027629e-06,0.002925256735900451,0
0.9456471636765883,0.05204064077591524,8.449713317800724e-06,1.3528176741311227e-07,6.539340367628975e-06,5.315070795018143e-06,0.002291756141248572,0
0.8980937890851743,0.10134954650322213,8.280783002401302e-06,1.611003789710398e-07,5.793142473330252e-06,5.987205268297321e-06,0.0005364421804806483,0
0.8904602906756238,0.10876069283851011,1.003697283057628e-05,1.6069414108254715e-07,6.983669455661135e-06,6.313494808137667e-06,0.000755521654630484,0
0.951573945542672,0.04841170897841445,4.936305797034418e-06,7.903134078023588e-08,3.7527578216947077e-06,3.1050538391431796e-06,2.472330115152482e-06,0
0.9454590038720413,0.05452651764062835,4.764701846002312e-06,8.331874328477154e-08,3.503158744794197e-06,2.507091632728272e-06,3.620216363533304e-06,0
0.7399588119323889,0.2599955311122098,1.8311721786311544e-05,2.3637930047945694e-07,1.0802221275606451e-05,7.969562583242627e-06,8.337070455626217e-06,0
0.6763484293818272,0.3236075590113215,1.7268787559988858e-05,2.2419741658920616e-07,1.1052356456615417e-05,7.558848591585027e-06,7.907416826610145e-06,1
0.46474145947566703,0.5352213700339958,1.1945221256210017e-05,1.7130438701215496e-07,9.83967521046206e-06,7.524713643206615e-06,7.689575840227388e-06,0
0.5885025725435291,0.4114640910392868,1.0778399519108937e-05,2.0138402372769506e-07,8.46415080480235e-06,6.7896917247310526e-06,7.102791111784377e-06,0
0.5508870871612309,0.4490785082287253,9.947481654094951e-06,1.8585912295304128e-07,8.079559966078133e-06,6.299653927353636e-06,9.892055373397724e-06,0
0.26960727375130644,0.7303523879733216,1.178742994918698e-05,2.7944334049438985e-07,1.3106557285983675e-05,7.5768449918532665e-06,7.587999804400386e-06,0
0.16366808435504188,0.8362922087244035,1.0273023947717705e-05,1.919415674631992e-07,1.6074648139236338e-05,6.603399586253513e-06,6.563907314157751e-06,1
0.18953395936284786,0.8102404482789228,1.3169839183427059e-05,2.460657727432675e-07,0.00019032893440385914,8.340345025953254e-06,1.3507173843323015e-05,1
0.09769890095426967,0.9021344261115085,1.0049402591301992e-05,1.8776341759348974e-07,0.00014344917472299912,6.364199573647096e-06,6.622393916434046e-06,0
0.21508767860520867,0.784876342356324,9.197193935070541e-06,1.7509611246864698e-07,8.005358450438265e-06,6.023616742862135e-06,1.2577773226486459e-05,0
0.4053693444875304,0.5945815722230668,1.4298347727517781e-05,2.3115651355245563e-07,9.461537844693082e-06,7.952428875214569e-06,1.7139818441746663e-05,0
0.6541927248124015,0.3457593564148382,1.5099517048519714e-05,2.8211994686083196e-07,1.288097575579867e-05,9.705822271832092e-06,9.950337737464834e-06,0
0.32473387841662793,0.6752319722098148,9.829266578572568e-06,2.1269902464898934e-07,1.1412859828719275e-05,6.204223490465871e-06,6.490324634783088e-06,0
0.3668731146509807,0.6330932276356813,9.709736733567408e-06,1.81417087878003e-07,1.1251496340506889e-05,6.1165035710858436e-06,6.398559604946836e-06,0
0.34355417247807746,0.6564147539090844,8.964263168699283e-06,1.6748863163460488e-07,1.038765282783354e-05,5.646903637865953e-06,5.907304572023982e-06,1
0.21318607663866376,0.7865119328856284,9.507535704724233e-06,2.081678084392586e-07,0.000278768245008373,6.680085159518138e-06,6.826442026756308e-06,1
0.1942715969736143,0.8055455659975771,8.984532480654785e-06,1.6820417096274598e-07,0.00016116373149327275,5.671028150650384e-06,6.8495325132429645e-06,1
0.04379592450137609,0.9561714882917854,5.262100911560873e-06,9.83183976439348e-08,2.044436621824362e-05,3.3147818422004703e-06,3.467639468891845e-06,1
0.1106665059222114,0.8891269470611739,1.0054557467134538e-05,1.878597314882507e-07,0.0001839770406539346,6.46297146354738e-06,5.864587298505082e-06,1
0.0284698613540914,0.97149660115792,5.830990173172397e-06,9.490038633109893e-08,2.099967145293161e-05,3.2648380135617016e-06,3.347087962586456e-06,1
0.03034038227260849,0.9696243359367479,6.134263085082751e-06,9.983620608885898e-08,2.209187557633977e-05,3.4346439816533583e-06,3.521171794437853e-06,1
0.03249358748840384,0.9674652112221201,6.715951066487306e-06,1.0930327986535548e-07,2.6239952943621295e-05,3.6851345838932956e-06,4.450947602007299e-06,1
0.13933833708918456,0.860427318556229,1.1454297712354031e-05,2.1401253109974585e-07,0.00020857003542869138,7.215463692201811e-06,6.8905452219259865e-06,1
0.08031533096281018,0.9194299751998886,8.26812184488841e-06,1.4077537882357488e-07,0.00023072782076413134,9.824529397181687e-06,5.732589916154538e-06,1
0.06991142495291737,0.9298158309769525,9.618462047341023e-06,1.4236557364086407e-07,0.00024725039040276813,9.935507011735173e-06,5.797345094584835e-06,1
0.1156016200385848,0.8833735445312494,2.5242889351751965e-05,1.590215928559872e-07,0.0009777219366834654,1.5510833529588052e-05,6.200749008016917e-06,1
0.2221377113582895,0.7764984325014138,3.0872858034256986e-05,2.1443656671353353e-07,0.0013050976674686475,2.0134148371745985e-05,7.537029855159553e-06,1
0.367373029299286,0.6317514677941719,2.2807601930536004e-05,2.4769610590836526e-07,0.000822379903765022,2.4345726295831275e-05,5.721978444640166e-06,1
0.4115269599649103,0.5876851848442614,2.018342759074847e-05,2.7300136387697804e-07,0.0007215642440407074,3.9420123105274454e-05,6.4143947274792775e-06,1
0.41154418786653874,0.5877097873212264,2.0184272536861086e-05,2.731383737490749e-07,0.0006797309647044663,3.942177336411314e-05,6.414663255600451e-06,1
0.19336125591514722,0.8061748460905721,1.9538020083854896e-05,1.7262542315515145e-07,0.0004104015567193528,2.765039332335178e-05,6.13539873074166e-06,1
0.11889435987201437,0.8805983060260748,1.9801481772785198e-05,1.359560736783358e-07,0.0004596014437000471,2.3302063210807697e-05,4.4931571536918e-06,1
0.07409212194257611,0.9258190683422962,1.7693583081926354e-05,1.0560616586986043e-07,4.857304426883755e-05,1.8947385496723827e-05,3.490096114501194e-06,1
0.07330791014637335,0.9265064818057218,2.4730771813769148e-05,1.269585915342892e-07,0.00012620751207555634,3.088624718934051e-05,3.656558234521898e-06,1
0.09252233546701326,0.9070875427030224,4.506715250952908e-05,1.6383186182775086e-07,0.0003076635171500259,3.313477334097885e-05,4.092555102023914e-06,1
0.12791788864258208,0.8715903180515734,5.7085732672501e-05,2.0464387169287247e-07,0.00039000326974335145,3.9387611681385794e-05,5.1120478754928525e-06,1
0.10795843405706321,0.8917667796357076,2.7305166808904804e-05,1.451517960615775e-07,0.00020891169569536963,2.720047603093117e-05,1.1223816897791454e-05,1
0.10730947289371379,0.8923994092183785,3.101491518136734e-05,1.3434894120821177e-07,0.0002176193029007862,2.8452536502899528e-05,1.3896784381596149e-05,1
0.04519019222691973,0.9545794149756622,2.3533677310318806e-05,1.1424685018797903e-07,0.00016175265278057274,3.436011946150227e-05,1.0632101015392273e-05,1
0.04598856657084273,0.9537849951165759,2.1838780457566616e-05,1.129961664949817e-07,0.0001599819133264971,3.3988913405239805e-05,1.0515709225681024e-05,1
0.03961002199870078,0.9601806060203768,1.7947989872655723e-05,1.0662450230895749e-07,0.00014878236273751993,3.107850226465549e-05,1.1456501545246074e-05,1
0.027106932879667048,0.946890690763399,2.315807163452859e-05,1.319797711394702e-07,0.025936312747864926,3.9165503948373295e-05,3.608053714745262e-06,1
0.04015261815463671,0.9386883149715448,2.3526997370347723e-05,1.3953313289065873e-07,0.021096767813111966,3.481798321558444e-05,3.8145469878423255e-06,1
0.03678736495049291,0.9391312745441606,2.1830876387459086e-05,1.308739723231784e-07,0.024023163686054682,3.265724546782786e-05,3.577823464363434e-06,1
0.037028320216432854,0.9443581201426914,2.4344209698919774e-05,1.3617984690519197e-07,0.018531835798996612,5.444867793810407e-05,2.7947743953058334e-06,1
0.015331591323156195,0.8491030321617893,2.817790650546175e-05,1.1642095619579472e-07,0.13549571644139422,3.8976477045554075e-05,2.389269152869228e-06,4
0.0140219813104802,0.9794704395198284,3.7853266860020266e-05,2.9764501595775454e-07,0.006423621015939454,4.3140722730422455e-05,2.666519145469686e-06,1
0.024403284192973218,0.9628236018527033,7.067844474712807e-05,5.444042318233753e-07,0.012644264269675952,5.325273867796887e-05,4.37409699034893e-06,1
0.032753578095418255,0.8696953532676132,6.485934714067253e-05,6.703647418264069e-07,0.09742419696365293,5.647445332198493e-05,4.867508111148293e-06,1
0.020568685265758734,0.9768195052653609,2.531126616229869e-05,4.132959490322533e-07,0.0025404157352890357,4.3401067915760763e-05,2.2681035646346654e-06,1
0.01906447413911242,0.9793263253182599,2.5024377247562297e-05,8.022445781340107e-07,0.001494398234852634,8.644341874886933e-05,2.5322672005707248e-06,1
0.02877838146628241,0.9686185669192878,3.4086409378141594e-05,1.13616157429859e-06,0.002441819148018933,0.00012242362667244048,3.5862687858072622e-06,1
0.8952114124911468,0.10456616470098191,9.873757963061198e-06,1.4696155347149277e-07,7.83946816687069e-06,6.469505176442044e-06,0.00019809311501147993,0
0.8781982654285567,0.121773876236138,9.488085886003755e-06,1.519063404579597e-07,7.498039241722035e-06,5.9682318555214825e-06,4.752071981685771e-06,0
0.9137128563515546,0.08627146455103198,5.141920836194132e-06,1.1497867957705051e-07,3.780502017658509e-06,2.7055767855421044e-06,3.936119094269696e-06,0
0.45387450114904615,0.5460855329119704,1.2846965295435417e-05,2.4003318482471e-07,1.0577669895454194e-05,8.0927538267329e-06,8.208516781095754e-06,0
0.44349578067896656,0.5564674958082948,1.1781552356776054e-05,2.3127562724395823e-07,9.704855705829883e-06,7.421612865571449e-06,7.58421618318213e-06,0
0.14787215211326735,0.8520832643229849,1.1315879339751785e-05,2.703609689069684e-07,1.8546629686471132e-05,7.166248323240864e-06,7.284445429308984e-06,1
0.07203457206308395,0.9277971463261775,8.701140091428006e-06,1.416109866992754e-07,0.00014957238887553417,4.871867742552616e-06,4.99460304268567e-06,0
0.1960660348170404,0.8037342772835233,1.1981812087578601e-05,2.4472219383784566e-07,0.00016925067408054436,8.61404867936386e-06,9.596642394768342e-06,0
0.12813656124035813,0.8717092427646737,1.111935124532032e-05,1.647727051234211e-07,0.00012561281475448427,5.79988304576941e-06,1.1499173217434336e-05,1
0.09487452738165116,0.9049562216217759,1.1259598733065863e-05,1.6685097007186602e-07,0.00014030729899372772,5.873036506654051e-06,1.164421136932964e-05,1
0.08847306125631788,0.9114238074965425,1.7721488184653034e-05,2.084334253384278e-07,6.298149143433778e-05,7.3367096139283935e-06,1.4883124481603302e-05,1
0.06915639399387821,0.9307973957377934,1.4404790376053984e-05,1.694236831624046e-07,1.3109873042380618e-05,5.963594193524986e-06,1.25625870332688e-05,1
0.0737436133187923,0.9262243322106548,9.936726529934648e-06,1.275029077675182e-07,8.048022812887621e-06,4.488012456269468e-06,9.454205846114711e-06,1
0.059945469248765475,0.940026388146987,9.775122616158745e-06,1.1497127574634022e-07,6.038501116559797e-06,3.955215748481465e-06,8.258793490667865e-06,0
0.39723466236062976,0.6027172393207415,1.4011418004575134e-05,2.265178185330061e-07,9.271670002329421e-06,7.792844826947577e-06,1.679586797624547e-05,0
0.45072000404619206,0.5492317036222036,1.4110035404644037e-05,2.28112132422272e-07,9.010804781141522e-06,8.029295949090328e-06,1.691408333683046e-05,0
0.5006292702005023,0.4993436561325673,8.362455455578406e-06,1.6440377961344404e-07,7.176003543018488e-06,5.572367148662534e-06,5.798437003491428e-06,0
0.35180338438928416,0.6481631409004293,1.0381660171723304e-05,1.939713307758361e-07,9.384502599952298e-06,6.673229891361493e-06,6.841346292884328e-06,0
0.6410811926318067,0.3588736501293228,1.4050128868409265e-05,2.6251313846703844e-07,1.2554503193546498e-05,9.031285785824956e-06,9.258807884142393e-06,0
0.5107259053390052,0.48922851948339985,1.2495588753578411e-05,2.5521581132467914e-07,1.3826954418105149e-05,8.604638293029548e-06,1.0392780319040037e-05,0
0.33881562401765647,0.661150475628713,1.0322373260291658e-05,1.9286361188331178e-07,1.0080414785274993e-05,6.502424796996339e-06,6.802277176285405e-06,0
0.3357446572400421,0.6642175128066893,9.741490327092371e-06,1.785189229564124e-07,1.328591745749878e-05,6.018791518159357e-06,8.605235042995883e-06,1
0.3492093941313494,0.6507499957128344,1.0785875877772152e-05,1.9765794351675446e-07,1.4710301176440229e-05,6.664066387101907e-06,8.252254431326187e-06,1
0.32591776517146953,0.6740247882124013,1.1171644644018922e-05,2.0472739822524696e-07,3.088032738655647e-05,6.902414083429178e-06,8.287502616905627e-06,1
0.33457637721089906,0.6653724048976837,9.68951760742042e-06,1.91001618653838e-07,2.7291004001802094e-05,5.747308961777346e-06,8.299059227869489e-06,1
0.3336949491421701,0.6662530848298338,8.998990747350311e-06,1.897025416133152e-07,2.7515214824786632e-05,6.39584885191288e-06,8.866271030401802e-06,1
0.2027385747875322,0.7965974803424971,9.006538240425144e-06,1.9719845240255758e-07,0.0006419463295162821,6.328079568357685e-06,6.466724193260268e-06,1
0.18357933719565955,0.8161064827269588,8.647257656103418e-06,1.618898710954552e-07,0.00029352084140598094,5.458140609906909e-06,6.391947838424846e-06,0
0.1799962670745481,0.8197989640514021,1.0210374859797812e-05,1.6617377070964352e-07,0.00018202290101661725,5.602572910054822e-06,6.766851492499418e-06,1
0.15753498429733004,0.8422491035194463,1.0766012841276138e-05,1.7521677449741795e-07,0.00019192839799321947,5.9074591013625584e-06,7.135096513459444e-06,1
0.15702456405027504,0.8427917230288589,9.641456755956396e-06,1.5691463303463549e-07,0.00016223434457658645,5.290399733223507e-06,6.389805167271211e-06,1
0.133530907442391,0.866277842169433,1.003703135559614e-05,1.6335260653920428e-07,0.0001688905779164344,5.507456948681245e-06,6.651969348971006e-06,1
0.0946017495296596,0.9052732699144299,9.47563914649759e-06,1.5421595274207134e-07,0.00010387137672189363,5.1994133336524395e-06,6.279910755610872e-06,1
0.04242279821882867,0.9575445783541429,6.003071425921891e-06,9.770103885858907e-08,1.9782821287795233e-05,3.2939677347615192e-06,3.44586554110384e-06,1
0.05284523613357956,0.9471218271302899,5.5151772220052515e-06,1.030469381532708e-07,2.0320408194074657e-05,3.474203482463785e-06,3.5239002936851014e-06,1
0.13276163563217827,0.867018072916575,1.134792736329798e-05,1.9513129326900264e-07,0.00018798119588766705,1.4484569262001504e-05,6.282627440429171e-06,1
0.04958436244493696,0.9503629339881297,6.465002361901328e-06,1.097701304869273e-07,3.458747328286501e-05,7.071362894748904e-06,4.469958263509318e-06,1
0.1588619436253677,0.8409090509025818,1.417045906818469e-05,2.0915778767964097e-07,0.0001923658637508462,1.5525754027347608e-05,6.734237416466271e-06,1
0.17322735752156115,0.8263315990407032,1.5336010602595364e-05,2.2699262481411265e-07,0.00039878857289764547,1.8253730427394146e-05,8.438131183281685e-06,1
0.0805128056201129,0.9192175591144343,9.508828427132679e-06,1.4074285546050795e-07,0.00024443216902139084,9.822259634250013e-06,5.731265514794619e-06,1
0.0884171210181046,0.9113960503059654,9.86573154004612e-06,1.513832014278407e-07,0.00015822561056290634,1.2421393859847485e-05,6.164556765768063e-06,1
0.0844771355437392,0.9152619679275454,9.371804293168137e-06,1.4013720863277164e-07,0.0002356988868370728,9.979097732141696e-06,5.706602644579344e-06,1
0.1027397628318404,0.8966493668500843,2.466272796194938e-05,1.7812737159018626e-07,0.000562478677488006,1.61139356873361e-05,7.436849566437995e-06,1
0.15420020884851815,0.8451206917230545,2.6196854345944313e-05,1.6915900334115625e-07,0.0006305208027094602,1.6499628092845613e-05,5.7129842758336956e-06,1
0.20107257821420252,0.7980913147237445,2.9672222182860058e-05,2.0609719529670345e-07,0.0007796336879669915,1.9351137600743193e-05,7.243917107155711e-06,1
0.3507892248213162,0.6475904239945838,2.7813945997699286e-05,2.539062185436293e-07,0.0015591804587223564,2.4956110144741495e-05,8.14676301659477e-06,1
0.06748833787950761,0.9324212034900987,1.7966104255786157e-05,1.0612972732713837e-07,4.88138538241542e-05,2.0515880380960962e-05,3.0566622053364617e-06,1
0.05825688626872556,0.9416316236962186,1.8260220229316145e-05,1.0786713503828647e-07,6.916350835123757e-05,2.0851737729062894e-05,3.1067016110682483e-06,1
0.06543179316905658,0.9344163351244142,2.2934758104210776e-05,1.310612948791289e-07,9.670378648383025e-05,2.8327379682140117e-05,3.774720963944762e-06,1
0.054980957245993174,0.9448172272553053,2.838020334850957e-05,1.3188751872276884e-07,0.00014111443458960924,2.850595838871257e-05,3.683014855898983e-06,1
0.05728853198798618,0.9425131910375619,2.592809371130164e-05,1.3083985726902093e-07,0.0001411830707525,2.7381211664983075e-05,3.653758465791159e-06,1
0.04950421406532713,0.9502849283893827,2.76812053923828e-05,1.2863915912175536e-07,0.00014871289358398855,3.0629846577281965e-05,3.7049605771783247e-06,1
0.05441114485950484,0.9453798691902296,2.7768923750385482e-05,1.3220372088684932e-07,0.000144299899280285,3.297729932386492e-05,3.8076241899130005e-06,1
0.09691054199232349,0.9027906990209118,3.6246784199222925e-05,1.3545843562186614e-07,0.00021967768967456154,2.8687506202104974e-05,1.4011548253201544e-05,1
0.053181653136855654,0.9465146853620309,3.1987301463949836e-05,1.3254100039127776e-07,0.00022052581467363168,3.891441785357161e-05,1.2101426121870162e-05,1
0.04443690013672584,0.9553107503943453,2.3208767992546357e-05,1.1433437854518498e-07,0.0001839996760262965,3.438644390550153e-05,1.064024662583137e-05,1
0.04001496188739181,0.9597826411016854,1.7951391653062095e-05,1.0658030977775468e-07,0.00014872069708783038,3.0513364760523334e-05,5.104977111453033e-06,1
0.04053931979787287,0.9592557387469952,1.8944942758830997e-05,1.0715783228581922e-07,0.00015171589947493157,2.9040815816768944e-05,5.1326392489638564e-06,1
0.030976262063099547,0.96881229951351,2.0683125026145946e-05,1.1389912345659351e-07,0.00014918452434818175,3.6001341694289396e-05,5.455533198138932e-06,1
0.05153104283267964,0.9270811975753582,2.527145128077943e-05,1.3075569924611993e-07,0.021317435813230787,3.8658572905273435e-05,6.262998845697226e-06,1
0.05909089108017621,0.9195815581691622,2.7503621272662226e-05,1.281733623269609e-07,0.021255884555036415,3.789509214970514e-05,6.139308840312054e-06,1
0.045568575322452204,0.9348274562193156,1.9382846888158e-05,1.2692917768171707e-07,0.01954100019788569,3.737876999015959e-05,6.0797142907671895e-06,1
0.06519200287629598,0.9142012616959413,2.2668126948268606e-05,1.3589320768405912e-07,0.020546427866248593,3.3788502390359114e-05,3.715038968168703e-06,1
0.026326158506438786,0.9442409577291778,2.6302050498049915e-05,1.3158603947913671e-07,0.02936289560138284,3.995723655658013e-05,3.597289906266023e-06,1
0.006406058015201472,0.47606186580046356,1.4579815063818642e-05,7.224101007782768e-08,0.517493577398777,2.1714276020568116e-05,2.1324534634725683e-06,4
0.006799058180887771,0.4726177208078774,2.0065234009833092e-05,7.262320700487279e-08,0.5205371434480593,2.3794710768615327e-05,2.144995190068913e-06,4
0.012966972665960969,0.6846011806756362,2.6749687678745614e-05,1.107260030267153e-07,0.30237478477863894,2.7458640213928296e-05,2.7428258682387113e-06,4
0.011511855356994357,0.9547761675444358,2.9064955409219876e-05,3.4487588667753393e-07,0.033636183141883866,4.387998686528568e-05,2.5041385249003103e-06,1
0.012612825638990815,0.9726559458499437,2.931021934440291e-05,3.8004176716360617e-07,0.014657082753713082,4.193022660246838e-05,2.5252696383052067e-06,1
0.9144720495191139,0.08508692338163176,9.529999119476534e-06,1.4184502804502754e-07,6.640453189075809e-06,6.244266758978424e-06,0.0004184705351589352,0
0.8865656927783802,0.11307526885493313,9.82696922486449e-06,1.4626514733351737e-07,6.8140801092818895e-06,6.438848157595194e-06,0.000335812204047749,0
0.8846757568954388,0.11489267991644038,1.0925501433778081e-05,1.6010817592844382e-07,8.499221676046803e-06,7.048242540255175e-06,0.000404930114294942,0
0.8869508196374375,0.11301499999183456,9.229011325877672e-06,1.3736510926549815e-07,7.050453162278937e-06,6.0470528819501894e-06,1.1716488248501389e-05,0
0.8753205881967251,0.12465160965262652,9.456995356902685e-06,1.514085742535441e-07,7.508571136951114e-06,5.948675172707329e-06,4.736500407607281e-06,0
0.9277563639762935,0.07222507552400018,5.688271206154396e-06,9.946889095639438e-08,4.542793492592508e-06,3.908022547641065e-06,4.321943568832801e-06,0
0.7127064214328686,0.2872552687641941,1.211178838902667e-05,1.765579067247345e-07,1.1558073854076487e-05,5.952675569963336e-06,8.510707217501222e-06,0
0.5803072963708763,0.4196575244787588,1.482835488704762e-05,1.6421136521687515e-07,7.963234666845705e-06,5.53641012271856e-06,6.686939322961954e-06,0
0.6171963996831977,0.3827591423412838,1.75154799537449e-05,2.2268052229371907e-07,1.135819262192912e-05,7.507706279227188e-06,7.853916141103581e-06,1
0.41950904980365095,0.5804433204879452,1.8797122628758845e-05,2.389745011638217e-07,1.210794823901043e-05,8.057060152734403e-06,8.42860288214644e-06,0
0.48529286786019027,0.5146664594300281,1.5995890130381908e-05,2.076716289906526e-07,1.036563385931544e-05,7.001679252996968e-06,7.101834909919409e-06,0
0.19275517323654112,0.8072035180412641,1.160479711587556e-05,2.1682446763967934e-07,1.4723044742799885e-05,7.349217447118683e-06,7.414838421080019e-06,1
0.17779331242532764,0.822159662785622,1.196812547353851e-05,2.236129083975878e-07,1.9606754907752884e-05,7.579310147448331e-06,7.646985613225384e-06,1
0.15646413047039234,0.8434624855970978,8.670280962199674e-06,1.8983608818391318e-07,5.112014525837963e-05,6.216138808946702e-06,7.187531392471314e-06,1
0.06672781539671555,0.9331089214915687,8.42064584040946e-06,1.3704594496533735e-07,0.00014525130136135983,4.620524017820251e-06,4.833594551284269e-06,1
0.10404933964299956,0.8957824556328341,6.599706023427386e-06,1.3884600677970497e-07,0.00015196628898693688,4.681213364367135e-06,4.818669784747753e-06,0
0.12171158152365956,0.8780904701817952,8.245969944635614e-06,1.5111257352001878e-07,0.0001783392910820568,5.094782450662615e-06,6.117138494167903e-06,0
0.2530653708849413,0.7467658255302814,1.4386946315569333e-05,3.099439299772905e-07,0.00012625708243000036,1.8132508697010285e-05,9.717103405008177e-06,0
0.35042751359959246,0.6493876529279363,9.798982706064637e-06,2.0013905473390407e-07,0.00016002833321874217,6.90386530851289e-06,7.902152183050839e-06,0
0.09938955180904151,0.9005070849293084,9.398007060847751e-06,1.3926487364418953e-07,7.920493410519839e-05,4.902025362241525e-06,9.719030247995917e-06,1
0.062277162108567735,0.9376780934875028,1.3947847143542736e-05,1.6404929010099037e-07,1.2694006680607259e-05,5.774419347030544e-06,1.2164081468257012e-05,1
0.3014869055147501,0.6984710408190857,1.2287224467321029e-05,1.9864336937589877e-07,7.846740125163318e-06,6.992027929891166e-06,1.4729030272327167e-05,0
0.3791508123193077,0.6208020774620533,1.3713894517340012e-05,2.2170785773754438e-07,8.931525256375591e-06,7.803872530191437e-06,1.6439218477258176e-05,0
0.364963754478021,0.6350016153057797,1.074002233850744e-05,2.0066698303578603e-07,9.708444111259926e-06,6.9035815965570224e-06,7.0775011699160686e-06,0
0.34957415495577254,0.6503968017472953,7.962955136126667e-06,1.6263915976160774e-07,8.811382950571972e-06,5.483402986543547e-06,6.622916699018002e-06,0
0.3493408075633256,0.6506057212338214,1.0217046908779252e-05,2.0140037683037525e-07,2.824165675873191e-05,6.060211420304062e-06,8.750887388340636e-06,1
0.2885371569652267,0.7111811662641766,1.058369754552361e-05,2.339391118643366e-07,0.00025580332837110876,7.507083833530389e-06,7.548721734712831e-06,1
0.17773132037991174,0.8218560425841992,7.598937867127381e-06,2.2801577876865282e-07,0.0003915259770188012,6.011806505191331e-06,7.2722987192054994e-06,0
0.21365964344948837,0.7861464840450748,6.57301988680241e-06,1.5423821996267527e-07,0.00017473633502180838,5.200164076241988e-06,7.208748231867771e-06,0
0.08329145920678685,0.9165859438625673,7.6004978485962275e-06,1.2369804283530275e-07,0.00010566506267089252,4.170497551185737e-06,5.037174532447131e-06,1
0.047772829616781566,0.9521936866698026,5.406866558436142e-06,1.0102323487033483e-07,2.1006811133360435e-05,3.405974798341293e-06,3.563037690872244e-06,1
0.1658653942485128,0.8339720626850387,9.589885291573028e-06,1.7917777900885188e-07,0.0001409640250794599,6.041004946038254e-06,5.76897335254319e-06,1
0.0973872908667056,0.9024294329461875,1.0377079920195852e-05,1.9388575318329578e-07,0.00015992581011289387,6.536886439968531e-06,6.242524880816506e-06,1
0.11361828422184855,0.8861655637767829,1.0674386048090327e-05,1.994406321064738e-07,0.0001921326297995832,6.724169992846504e-06,6.421374895933808e-06,1
0.051087196379560426,0.9488586845782839,6.505718872998236e-06,1.1046146151604166e-07,3.480530479488964e-05,8.199447016583675e-06,4.498110009641915e-06,1
0.05255759469665635,0.9473871683046161,7.392953239177215e-06,1.0942641949432046e-07,3.447917337722509e-05,8.799483711065861e-06,4.455961980687691e-06,1
0.15566860915924052,0.8440703357837603,1.4184182272672975e-05,2.0994408835182746e-07,0.00022197379132313884,1.6882763467480803e-05,7.804375847532206e-06,1
0.1136604074283156,0.8860205729881685,1.0082050436665177e-05,1.6975289283261941e-07,0.0002869052351227223,1.3928675842725726e-05,7.933869220986302e-06,1
0.1489687937285711,0.8504874369827705,2.671596533193361e-05,1.722818021764711e-07,0.0004928840222379002,1.6804223286561387e-05,7.192795999757702e-06,1
0.21458587136732615,0.7846136733501413,3.068112761956015e-05,2.1310484641032965e-07,0.0007430644830245324,2.0009108810698574e-05,6.487458231420666e-06,1
0.4030079344671612,0.5962120725801686,1.9304387361152638e-05,2.412538016200726e-07,0.0007327616400562148,2.1251074540059062e-05,6.434596911116002e-06,1
0.21732657197627492,0.7821845418662715,1.945388702298285e-05,1.788035104316383e-07,0.0004369279330470673,2.69375846778846e-05,5.387949195273657e-06,1
0.06033713649417213,0.9395677352053962,1.9303424274666616e-05,1.0803685885082213e-07,5.2654651259698806e-05,1.995059818018654e-05,3.1115898584631015e-06,1
0.04118032090821736,0.9586353699010932,2.4157046879014372e-05,1.1729267003656352e-07,0.00012989564037480021,2.67610425510636e-05,3.3781682144403875e-06,1
0.04769157048986135,0.9520926995225291,2.7264346931629365e-05,1.3280364581132202e-07,0.00015078977393590906,3.3126946426635326e-05,4.416116669480935e-06,1
0.056032407608150654,0.9437599410947404,2.9120359652316784e-05,1.2789342227684384e-07,0.00014523542608899058,2.9107425559337533e-05,4.060192386008703e-06,1
0.1334630949583563,0.8661616576612129,4.072220389295617e-05,2.0530231235318237e-07,0.0002954841439625628,3.315770153857057e-05,5.678028724215477e-06,1
0.04548620740195323,0.9542403758404755,2.579113220468136e-05,1.2705599338775675e-07,0.0001974619052725811,3.821251180159464e-05,1.1824152299052005e-05,1
0.043356413644388206,0.9366639381632198,2.2655405989871024e-05,1.269687680684633e-07,0.01991664392183908,3.6750832530039305e-05,3.4710632647024273e-06,1
0.05693882915693494,0.9217334657410462,2.6682624120530596e-05,1.476954168514935e-07,0.021264459290914646,3.27095316783671e-05,3.705959888529175e-06,1
0.05405904731865637,0.9228486497948383,2.4172864696680383e-05,1.449139635595499e-07,0.023027992035943773,3.6031424142346144e-05,3.961647758783896e-06,1
0.006756894265169844,0.4758921270926936,1.900464902425087e-05,7.221525272026662e-08,0.517309066314363,2.0703770354203765e-05,2.1316931423435885e-06,4
0.005625727032969469,0.6060060537517066,3.1583042724394835e-05,1.0118137149537763e-07,0.3883007153432218,2.830368724019077e-05,7.515960765845349e-06,4
0.00530269231442884,0.48667889937548925,2.4626782691974564e-05,8.361745288109876e-08,0.5079665828863861,2.2705289258720407e-05,4.409734292291789e-06,4
0.01408265420422143,0.9688898061627526,4.5005257018485223e-05,2.044519643317106e-07,0.01694199151075678,3.741996855291623e-05,2.9184447335152665e-06,1
0.0308306810013054,0.9397958075886849,6.442313393390419e-05,5.199518870008839e-07,0.02924906130736651,5.5329385843045724e-05,4.17763097917043e-06,1
0.055170072461609515,0.9198099505198266,6.858841401626104e-05,5.626757515728544e-07,0.024886306675411397,5.999835114394076e-05,4.520902240700522e-06,1
0.011731762649218519,0.9729466911380864,2.9066104827315196e-05,3.334482146370538e-07,0.015244889950829921,4.4835546449524404e-05,2.4211623734442662e-06,1
0.011209165547843845,0.9791033010694384,2.685005889806239e-05,2.857322338772026e-07,0.009615020583131404,4.3063697942171645e-05,2.3133105121211354e-06,1
0.014751449193449223,0.9836081880104516,2.5770622288577153e-05,8.579229679555574e-07,0.0015646345581452159,4.655438291110685e-05,2.545309786377357e-06,1
0.0019683881719691604,0.9967563954911779,2.6140563163589547e-05,8.59207277650008e-07,0.0011956390811810524,4.986541653376662e-05,2.712068696986984e-06,1
0.900233511543465,0.09936493000463137,1.114463913342019e-05,1.7159109875508459e-07,7.95869138147886e-06,7.1896123131807406e-06,0.0003750939179769137,0
0.9057753443530555,0.09386504856249851,1.0112060515283281e-05,1.481875750777492e-07,6.814854211180368e-06,6.523476796506909e-06,0.0003360085053479302,0
0.8720677081461217,0.1279041603542872,9.52898131514607e-06,1.5256108526709244e-07,7.533775656272572e-06,5.993956053835541e-06,4.9222254806831195e-06,0
0.6412766816087951,0.35868894157780584,1.300836805703969e-05,1.6260594918981658e-07,7.885381927819403e-06,5.482283287273019e-06,7.838174177812313e-06,0
0.6313537882744389,0.368606446395667,1.641962697870312e-05,1.8549452652113962e-07,9.352610998101693e-06,6.2539750094897045e-06,7.5536223814364165e-06,1
0.5958433640882981,0.4041297718363382,1.2067254042275424e-05,1.5720344750309778e-07,1.7617259748223237e-06,5.300137155141109e-06,7.577754744037508e-06,1
0.7084709287120847,0.2914564180153005,1.7260364899295195e-05,2.520484771121019e-07,1.596846501705195e-05,7.915672850219256e-06,3.125672137109762e-05,1
0.6579370964945254,0.3419812672586192,1.9435304759030365e-05,2.9574184092551577e-07,1.5942153331977463e-05,9.287878616488439e-06,3.667516830690067e-05,1
0.24354143311088444,0.756420890339185,1.1072096570682686e-05,2.068714705325776e-07,1.234840854442915e-05,6.974701793908099e-06,7.074471551242812e-06,0
0.23689803503905196,0.7630574074210474,1.1338047939299507e-05,2.1184051594910625e-07,1.8582963831978932e-05,7.180287505222894e-06,7.244400108068775e-06,1
0.12038465513349125,0.8794276712552449,8.258527329365364e-06,1.513426954748566e-07,0.0001678426156364463,5.102541045925137e-06,6.318584556534004e-06,0
0.3815086417309863,0.6183213111924518,1.091914989683933e-05,2.125032742989609e-07,0.0001359158495139499,1.5013697961850962e-05,7.985875914915629e-06,0
0.3569097716540963,0.6428586678313768,1.3699233568310062e-05,2.5647057653184436e-07,0.00019924747539153633,8.823402462216992e-06,9.533932528423886e-06,0
0.4945866902487823,0.5051856874604268,1.2087102244298541e-05,2.2628901578594014e-07,0.00019893171021386557,7.965213808425645e-06,8.411975508460429e-06,1
0.05467093119597586,0.9452897892648507,1.2244324656079782e-05,1.4401310445432233e-07,1.1143622193748966e-05,5.069159738972556e-06,1.067841947990489e-05,1
0.048304731413476305,0.9516713170280404,7.917731390358822e-06,9.312535478997056e-08,5.757608280241397e-06,3.277946829683003e-06,6.905146628358981e-06,1
0.05994547666886301,0.9400265045041959,9.775123826131142e-06,1.1497128997757554e-07,5.914721074257918e-06,3.955216238061195e-06,8.258794512947849e-06,0
0.2847607454917084,0.7151961938511986,1.2581446700664978e-05,2.0339995992506508e-07,8.03463328282763e-06,7.1594546810347775e-06,1.50817224684566e-05,0
0.47070870239688556,0.5292532760747815,1.143988212561491e-05,2.2490268835356785e-07,1.0801424884780634e-05,7.623026954221193e-06,7.932291679771656e-06,0
0.48786920642676307,0.5120930013506537,1.1325389722464145e-05,2.2393127258486463e-07,1.075477059827854e-05,7.590101031268513e-06,7.898029958508593e-06,0
0.30474749704631166,0.6952242249472902,7.2551496642895675e-06,1.529416319831165e-07,9.485447223838047e-06,5.156449423449573e-06,6.228018454600721e-06,0
0.2973067704931954,0.70224518369452,9.827209829894422e-06,2.2238990504847204e-07,0.0004243474156987009,6.691794045004096e-06,6.957002805837965e-06,0
0.22148328667197717,0.7783362748607482,8.312061196959922e-06,1.5232373719062909e-07,0.00015971919572599773,5.135617010422713e-06,7.11926960392932e-06,0
0.12519020546869464,0.8746235814172522,8.839380263522511e-06,1.438608444151702e-07,0.0001665213487789314,4.850289346483911e-06,5.858234820006565e-06,1
0.044353607530993336,0.9556127885235117,5.42628133479048e-06,1.0138598536369389e-07,2.108224161341097e-05,3.4182048466074426e-06,3.5758317147607065e-06,1
0.04775230287277097,0.9522038650160168,6.170421280055935e-06,1.0042468704493686e-07,3.008606863334569e-05,3.385794898029018e-06,4.089401713613823e-06,1
0.1508351105852224,0.8489470472728597,1.1111405550441944e-05,1.91064223948644e-07,0.0001862053205639201,1.4182671261546577e-05,6.151680318180625e-06,1
0.06361438460472464,0.9363258174952683,7.2618087145636154e-06,1.2102834683818532e-07,3.813482496710323e-05,8.446314917630615e-06,5.8339230607247455e-06,1
0.059270659478210995,0.9406770949038512,7.295555668470813e-06,1.2159078771245695e-07,2.9189760379404516e-05,9.7776767332405e-06,5.861034368715216e-06,1
0.3843860608013014,0.6147537672075241,2.2039830612040997e-05,2.52107697912788e-07,0.0008060945947235897,2.4779335904164348e-05,7.006122236993574e-06,1
0.38506076361028635,0.6140800071329733,2.2015675318152017e-05,2.518313919991014e-07,0.000805211128231464,2.475217815727986e-05,6.998443641607081e-06,1
0.4030069402321924,0.5961679718309038,1.9108107338305667e-05,2.3374458567607804e-07,0.0007760592326187071,2.2186989786431046e-05,7.499862574606169e-06,1
0.39276531278879484,0.6064315614033514,1.822820980179427e-05,2.2780442751893474e-07,0.0007563372160948461,2.102330918722087e-05,7.30926834235414e-06,1
0.16858024734652358,0.8309520450164398,2.146281705577086e-05,1.867265116796125e-07,0.0004127740557716584,2.7852887695046993e-05,5.43115000255555e-06,1
0.165955097946,0.8335936348231102,1.9855352835127294e-05,1.64949962398661e-07,0.0003991696194246658,2.6730733106018413e-05,5.346575561612563e-06,1
0.053109870505254904,0.9467900933620748,2.3297683326611563e-05,1.0886732679848168e-07,5.244898943618942e-05,2.104508425907834e-05,3.1355083217653734e-06,1
0.04407985604001651,0.9557705163186464,1.78578239577228e-05,1.0204901752126957e-07,0.00010768305243629533,2.1134953861658494e-05,2.8497620639203436e-06,1
0.04906589837811293,0.9507193657193928,2.7062092198483615e-05,1.3304401738738604e-07,0.0001510844280327513,3.26245125184942e-05,3.831825727212252e-06,1
0.10237015496298593,0.8973407234710518,2.2978061570883075e-05,1.3653940944160974e-07,0.00023126293600042643,3.1075176701696145e-05,3.668852279780708e-06,1
0.09612704547296495,0.9035768826454289,2.077508372058127e-05,1.454708304071991e-07,0.0002391744418845284,3.2342992577874015e-05,3.633892592910731e-06,1
0.12631443115583915,0.873221901653332,4.2204961271093376e-05,1.8626941059624673e-07,0.00038429629294408805,3.1607396957372386e-05,5.372270245567462e-06,1
0.07118114144760791,0.9285123553605371,3.5160365712888747e-05,1.410749151064999e-07,0.00022878613118006608,3.0351325276790974e-05,1.2064294770072112e-05,1
0.027598333922778866,0.9404039202770405,2.857551199359068e-05,1.4302023004950273e-07,0.03191438925019967,5.1702860419141453e-05,2.935157338158683e-06,1
0.008175999967547868,0.5807043148489058,1.7784582478629424e-05,8.812019881218757e-08,0.41107359482191874,2.5263642943152123e-05,2.9540160069585044e-06,4
0.008175928868964668,0.5806992650379704,2.6546953834484815e-05,8.811943251799581e-08,0.4110700201215397,2.6689286411055552e-05,1.461611846956701e-06,4
0.009330379802304598,0.3970554118198788,2.578341250151683e-05,9.744543998566503e-08,0.593562124360909,2.3660656656302163e-05,2.542502309677816e-06,4
0.034433859328450875,0.9155536344290456,6.354027300741106e-05,5.55311606030093e-07,0.04988971530491999,5.4233619054887566e-05,4.461733915084835e-06,1
0.06259731100611741,0.9037022358983039,6.266732308892756e-05,5.494340458679874e-07,0.03357710324466862,5.57185839937845e-05,4.414509781412043e-06,1
0.07601483452530473,0.8995354528311879,6.471289599893241e-05,5.673685505613992e-07,0.024310813736170583,6.906003555307079e-05,4.558607234034898e-06,1
0.015773160846135535,0.9352367472750136,4.438699743352508e-05,4.1120221494537206e-07,0.04890051026500297,4.1797681221991834e-05,2.985732977417009e-06,1
0.012573260898836789,0.9754655245714763,3.800613498017905e-05,4.4797687163448077e-07,0.011867500690292033,5.279863890479642e-05,2.461088637925698e-06,1
0.01365937797463005,0.9805474380680207,4.1308186965641575e-05,4.0014737513971676e-07,0.005696773362562808,5.225375609392952e-05,2.448504351635906e-06,1
0.011170550335995516,0.9826612804035937,2.670429178132297e-05,3.1336728651792275e-07,0.006091983813142133,4.665828041731561e-05,2.509507783517465e-06,1
0.0029139026027832915,0.9951991469568207,5.182070411961356e-05,1.0785824407217595e-06,0.0017664344170810152,6.411151029941382e-05,3.5052264551786963e-06,1
0.8829644248474176,0.116705049678821,1.0927419261817257e-05,1.3892416507968176e-07,6.769885410150554e-06,6.11568525158678e-06,0.0003065735596729413,0
0.8786348872099313,0.1210601482191468,1.137365192377645e-05,1.4766198087951809e-07,7.700084890648107e-06,6.50033921864493e-06,0.00027924283290804567,0
0.8653638184741829,0.13459704213192272,1.1308770834509948e-05,1.4681964191689478e-07,7.656159694194242e-06,6.463257981067598e-06,1.3564385742528373e-05,0
0.8753177625690072,0.12465120726400677,9.456964828718417e-06,1.407579816674826e-07,7.633187527215629e-06,6.196413072075721e-06,7.602843576326304e-06,0
0.8715562197331018,0.12841567260725922,9.561220078581604e-06,1.530772349555777e-07,7.339937936019029e-06,6.264723423735591e-06,4.788700965827353e-06,0
0.8481278804414221,0.15184048152910393,1.0858897347407006e-05,1.7385333325097086e-07,8.336136175979843e-06,6.830504892481372e-06,5.43863772488982e-06,0
0.9076578989981455,0.09232412309687177,5.83339065187497e-06,1.0200654603627443e-07,4.843722246420769e-06,4.0077242048622566e-06,3.191061333622691e-06,0
0.845352241487203,0.15463178373978806,5.666729442730251e-06,9.02477820205807e-08,3.5809223196417978e-06,2.715588957010074e-06,3.921284507698619e-06,0
0.6628961109925136,0.3370569092062048,1.5015382157237014e-05,1.8769383349389887e-07,9.347191637204188e-06,6.328124964767578e-06,1.610140868894487e-05,1
0.6266699036661104,0.37327777680476626,1.5304016885292743e-05,2.0056580987977767e-07,1.104033156663846e-05,6.286456383841779e-06,1.9488158477593645e-05,1
0.4041025656217951,0.5958535475043638,1.693087899050061e-05,2.11119239378111e-07,1.102985957559661e-05,7.117915939922415e-06,8.597100095762622e-06,0
0.3533127523202064,0.6466493638319173,1.2824164804738112e-05,2.0871318154987216e-07,1.0452884884103873e-05,7.036795349404733e-06,7.361289656369099e-06,1
0.31215410474771377,0.6878111124565194,1.0709253128706178e-05,2.0009208995767045e-07,1.0070091800940991e-05,6.7461339892917334e-06,7.057224757865693e-06,1
0.11280083120187755,0.8870268898100626,6.701809786315145e-06,1.4099408727053642e-07,0.00015497501260177296,4.753636211337239e-06,5.707535373146226e-06,0
0.39029798438395347,0.6095276907550519,1.0034135927783858e-05,1.8785435065146358e-07,0.00015020565907344753,6.480100229513843e-06,7.417111413210799e-06,1
0.3671551753267917,0.6326200720939008,1.2576676398359035e-05,2.3545459172278972e-07,0.00019524936953756202,7.938385892675457e-06,8.752692887224615e-06,1
0.044776200195016276,0.9551991864207351,8.161776603898241e-06,9.5995722067563e-08,5.93507284337861e-06,3.3025577510957254e-06,7.11798132814317e-06,1
0.049322030947402964,0.9506535132101755,8.084479123292525e-06,9.50865697595564e-08,5.878863735941702e-06,3.3468437061410545e-06,7.050569286578444e-06,0
0.21451571512258177,0.7854487275008246,8.421936833035568e-06,1.7492130740342245e-07,7.833431642761267e-06,6.1568555710179225e-06,1.2970231239441347e-05,0
0.3673066043635662,0.6326367390955356,1.635791906429438e-05,2.644499278544082e-07,1.1842755323268784e-05,9.308451007518913e-06,1.8882965575303717e-05,0
0.448961288051502,0.5509850033759511,1.5576975415501772e-05,2.5182765151318603e-07,1.0343169126140451e-05,8.864056114388132e-06,1.8672544239459546e-05,0
0.5380103611838776,0.4619546099825052,1.0931104606437328e-05,2.0423717134718715e-07,9.76749672375395e-06,6.922573819063917e-06,7.203421296727643e-06,0
0.39606636570257936,0.6039042963176326,9.244588299340664e-06,1.727262369637141e-07,7.886299765317404e-06,5.9423311832649205e-06,6.092034303260926e-06,0
0.3960823051856911,0.6038865890057615,9.20227786656807e-06,1.719357072396768e-07,9.870605121569293e-06,5.796837440339964e-06,6.064152411770437e-06,0
0.3681396941613098,0.6318262898870679,1.1068102148781299e-05,1.8013327560619232e-07,1.034121684965058e-05,6.07321965314304e-06,6.3532796953262664e-06,0
0.3894644579494922,0.6104986712819439,9.314968871375818e-06,1.7070264964137778e-07,1.3401368925563646e-05,5.755264723615385e-06,8.228463393681191e-06,0
0.523986585009158,0.4754008641643578,1.2793918326007202e-05,4.097420841554877e-07,0.0005754936014842363,9.717043925961584e-06,1.4136520663992643e-05,1
0.15835413148964858,0.8415186838452824,8.606818325190827e-06,1.5772534652335755e-07,0.00010651732696308471,5.317733056709719e-06,6.585061377356214e-06,1
0.1290886061223659,0.8707906827082503,8.033525345791872e-06,1.4721939293880765e-07,0.00010142046540579203,4.963523299684107e-06,6.146435939486775e-06,1
0.1170670702633756,0.8828186919938443,6.034765126690921e-06,1.4160788299188302e-07,9.755465711052971e-05,4.774330423582882e-06,5.732382236296946e-06,1
0.12414342548754016,0.8756560791075594,7.856563701100159e-06,1.4397645975772125e-07,0.00018091154081420493,4.8541873346164384e-06,6.729136591178359e-06,1
0.08074592894477658,0.91918960570806,7.454519829241877e-06,1.242401510241147e-07,4.222738568675374e-05,8.670460006916134e-06,5.98874148959974e-06,1
0.23450695250019413,0.7652262852823223,1.2477832184657584e-05,2.2598702029485272e-07,0.00022905623071884046,1.723852512064134e-05,7.76364243923757e-06,1
0.327434729684442,0.6722160375358589,1.337584849274287e-05,2.422510657345653e-07,0.0003082656152009625,1.7740293392918602e-05,9.60877154691628e-06,1
0.19061858714293148,0.8091351848853678,1.1617637891092332e-05,2.104079723960945e-07,0.00021082487444620826,1.5408391088796106e-05,8.166660302191704e-06,1
0.20336491350688393,0.7963557553903755,1.2378019957679197e-05,2.2447757980393391e-07,0.00023947085140159444,2.0209770843127145e-05,7.0479829583734275e-06,1
0.2638359914994574,0.735835460054393,1.2989173969778068e-05,2.7042900801936574e-07,0.0002827095013517425,2.4346789047615153e-05,8.23255277222602e-06,1
0.37448228763569513,0.6246531869822086,2.1410855730111137e-05,2.44913023311175e-07,0.0008131397455879121,2.407218074725914e-05,5.657687007468089e-06,1
0.19199514659816047,0.8075530068957147,1.8063218895993694e-05,1.562983072049228e-07,0.0004128395545648718,1.4692874769199681e-05,6.0945595874727715e-06,1
0.191996184962201,0.8075573743707163,1.8063316586988964e-05,1.5629915251036243e-07,0.00040743350456220843,1.4692954232420929e-05,6.094592548574292e-06,1
0.16452390795883945,0.8350271442334076,1.9659133105356807e-05,1.6538818837994776e-07,0.0004074258432351515,1.6336663304633564e-05,5.3607799196368986e-06,1
0.14565866144885872,0.8539032940393043,2.290734004036178e-05,1.765592797819438e-07,0.0003834053187264409,2.6336301937256152e-05,5.218991853047113e-06,1
0.0615429519103731,0.9383688044370285,1.7668325938990066e-05,1.0789899895063545e-07,4.9627621734236514e-05,1.7732186596763308e-05,3.1076193295910806e-06,1
0.054925919803938954,0.9449809405023015,1.841357885980344e-05,1.0851289343627633e-07,5.2278234148842706e-05,1.9214067637654022e-05,3.125300219946512e-06,1
0.054665404287405114,0.9452425095737677,1.8828227172040073e-05,1.034019670754276e-07,4.912394684203814e-05,2.105246337610926e-05,2.9780994701197488e-06,1
0.05437844789342675,0.945503064474203,1.828494431755245e-05,1.0448980835822353e-07,7.553982001136546e-05,2.164045605048877e-05,2.9179221824797025e-06,1
0.03923583357363397,0.960607073127148,1.7720869153229917e-05,1.0374370292306151e-07,0.0001148908514218601,2.1389893071607343e-05,2.987941868437153e-06,1
0.03635714571763487,0.9634789926531274,1.7706130758063454e-05,1.0365741958805721e-07,0.0001194163077791233,2.3650076475066408e-05,2.9854568059037883e-06,1
0.08340946883897471,0.9162553026284076,2.2788599191845764e-05,1.366134468697097e-07,0.00027596062507247187,3.267185322018774e-05,3.670841686267702e-06,1
0.11605659212202851,0.883609927447448,3.652928567947142e-05,1.8848530948548092e-07,0.00025934307467017937,3.1983404996401624e-05,5.436179867827568e-06,1
0.07111668003583708,0.928567636460309,2.941173708128463e-05,1.4393650115410196e-07,0.0002484827733740179,2.8296290289289566e-05,9.348766608016404e-06,1
0.050002886704348166,0.9497253228184129,2.6122629568841017e-05,1.2333036136967895e-07,0.00020026249664761923,3.2030521756011365e-05,1.3251498905132812e-05,1
0.06512378778177812,0.9132446669799715,2.3005216785059756e-05,1.4790232683681436e-07,0.02157192561225247,3.275535523107915e-05,3.7111516549528154e-06,1
0.022015823835070565,0.9278775663533282,2.4740676578531966e-05,1.4967507193008293e-07,0.050030102591905254,4.879750202203595e-05,2.8193660233456845e-06,1
0.010428686425907845,0.6047268597394564,3.053491166751067e-05,1.0135589393892289e-07,0.3847732387923524,3.889761347179552e-05,1.68116125021303e-06,4
0.011955318284215786,0.5871482400745444,3.269742661804916e-05,1.2108424721262972e-07,0.40082945993905433,3.100391595300875e-05,3.1592753673132257e-06,4
0.007673415283896416,0.31084823908477355,2.3958758930778485e-05,7.821600868566387e-08,0.6814322562241025,1.898313148712864e-05,3.0693008008172406e-06,4
0.006622975891851991,0.4990932841988262,2.5175323435303837e-05,8.543624710000972e-08,0.4942282444173876,2.3888351769979616e-05,6.3463804818466685e-06,4
0.05358468753489974,0.9162568291162019,5.710395516449844e-05,2.809057271816568e-07,0.03002590421834285,7.118448749930704e-05,4.0097821646628704e-06,1
0.0115187969611968,0.97780338772698,3.4951427959779097e-05,4.560785559444172e-07,0.01059559476180335,4.456759542254136e-05,2.2454480816053007e-06,1
0.011278573149567948,0.9847580965504245,2.5799960542126413e-05,1.766271681535408e-64,0.0038132879025755523,0.00012189983539590379,2.3426014940975087e-06,1
0.0022611370385394918,0.9958135730480856,2.9360780494345345e-05,6.925075636282646e-07,0.001745478288639479,0.00014694913135881034,2.8092053184641903e-06,1
0.882599509373631,0.11702384420004464,1.1074269542853347e-05,1.3809037108275087e-07,6.729253963406526e-06,6.0789801783767506e-06,0.00035262583226854197,0
0.8773127757435925,0.12265433493402146,1.0144276116946295e-05,1.4865967983650704e-07,8.02248427090877e-06,6.544259675487562e-06,8.029642642743405e-06,0
0.8859796951003673,0.11400005648258232,6.806695095056241e-06,1.067148904668509e-07,5.126269545557839e-06,4.1927098422794815e-06,4.0160276769174775e-06,0
0.6152164168979929,0.3847262437903172,1.8226305835625208e-05,2.489071835744395e-07,1.1523715713468974e-05,7.489708709750715e-06,1.985067424735914e-05,1
0.34886347063804624,0.651097545065801,1.3902011691811808e-05,1.7377658726158613e-07,1.0672966981192649e-05,5.8589029787060125e-06,8.37663791373394e-06,1
0.19789655569911632,0.8020616925971756,1.1708820471737658e-05,1.9056096128379e-07,1.6910837540545387e-05,6.424790596273147e-06,6.516694138196099e-06,1
0.16807983067287802,0.8316873395130581,1.1920391492506545e-05,1.9938124245966195e-07,0.0001986502641313026,7.509072504571365e-06,1.455070469295867e-05,1
0.16937672537937917,0.8304142420016529,1.0941629103811443e-05,2.0443381145364762e-07,0.00018378368351947892,6.892515762615438e-06,7.210356770428756e-06,1
0.13322240621613635,0.8666100260919998,7.424127096081195e-06,1.5619035112423933e-07,0.00014921257842215988,5.265980463003549e-06,5.508815531523025e-06,0
0.36679316777229476,0.6329546300852015,1.3133375816608073e-05,2.458768551320037e-07,0.00022102807203610856,8.65469194281321e-06,9.140125853144467e-06,1
0.1186247468486994,0.8812472477740844,9.541698331789453e-06,1.5425564984962185e-07,0.00010659820583671387,5.429690115282299e-06,6.281527282878255e-06,1
0.058918398037476956,0.9410437859645551,1.1848152671695858e-05,1.3935347977337854e-07,1.0590434346227166e-05,4.905144235516376e-06,1.0332913234826908e-05,1
0.053108671758160954,0.9468661490926711,8.323539359118533e-06,9.789831426588317e-08,6.0527033277904854e-06,3.445951638014308e-06,7.259056528694124e-06,1
0.2156687643071605,0.7842872264665184,1.0685255867508479e-05,2.2192982010421836e-07,9.938595252248185e-06,7.81145458816144e-06,1.5351990793037633e-05,0
0.3711534214468645,0.6288127147379565,1.0578628361132935e-05,1.9765149186648287e-07,9.45254131026497e-06,6.6638488687722555e-06,6.971145146838727e-06,0
0.2911987216875322,0.7087644513565801,1.0599959890654634e-05,1.942509163919322e-07,1.1373536669137948e-05,6.549197970793873e-06,8.110010440580224e-06,0
0.5280710618201234,0.4714330989050493,1.1644395038725905e-05,3.369664948896059e-07,0.00046762346106161214,7.929198086397076e-06,8.305254145663872e-06,1
0.5721318624934272,0.4273459984714406,1.2615971415197133e-05,2.9995917460197977e-07,0.0004916340941542106,8.590788621541543e-06,8.998221766710816e-06,1
0.3182543188352474,0.681371638054731,8.888225110675462e-06,2.1132773530726469e-07,0.0003525517183975214,6.052396651320198e-06,6.339442126665262e-06,0
0.2481682403421848,0.7516368795665396,7.337614043732946e-06,1.6638349612845105e-07,0.00017514015634544563,5.006540599658305e-06,7.2293967906761646e-06,0
0.25623835006884155,0.7435626407644547,7.476384257653632e-06,1.6953016931308616e-07,0.00017845243698835,5.313687391539226e-06,7.59712789706036e-06,0
0.1794681829622432,0.8203258260525638,8.542688521826339e-06,1.5655012763573054e-07,0.0001844673737160304,5.27811038054918e-06,7.546262446616878e-06,0
0.18391068161460045,0.8159527234886579,9.035269112884435e-06,1.6557697605751313e-07,0.00011383021072089772,5.582451891336811e-06,7.98138804047844e-06,0
0.1914660294519657,0.8083781780938828,1.0329836783572525e-05,1.8930074095441975e-07,0.00013122799337582171,6.382302084109775e-06,7.663021166887764e-06,0
0.14442709423131067,0.8553645364840662,8.03476074761861e-06,1.4724203245248807e-07,0.00018834123311910084,4.964286594189017e-06,6.88176212974547e-06,1
0.14237204238255063,0.8574342583571087,6.900317039467579e-06,1.4546160975997164e-07,0.00017473746511711144,4.904259383499017e-06,7.0117571907081546e-06,1
0.13163600950957308,0.8681958815402108,6.333131685620489e-06,1.3350510194576798e-07,0.00015070575765855195,4.501143979108493e-06,6.4354117908439566e-06,1
0.04832387138755495,0.9516421301605684,4.7698561850436e-06,1.0035036838409164e-07,2.2205650026484755e-05,3.3832892617146453e-06,3.539306034936983e-06,1
0.04087797810783665,0.9590871438577871,5.454370307601699e-06,1.0191080669355373e-07,2.2291512292635515e-05,3.4358990753205653e-06,3.5943418939453776e-06,1
0.04425862701172098,0.955701925589823,5.883172068212766e-06,1.0116419018064487e-07,2.238573349094222e-05,7.509319594158458e-06,3.568009112387383e-06,1
0.3240236780131164,0.6754877639798474,1.5176598481870699e-05,2.7486459333428383e-07,0.0004447355336847815,1.7468638905076884e-05,1.0902371371109047e-05,1
0.1587280956624936,0.8408455338412384,1.9908447122174507e-05,1.5956192940169234e-07,0.0003861308830128961,1.4999672667965437e-05,5.171931535461584e-06,1
0.1506012281467326,0.8489551356276176,2.0722031905846016e-05,1.6567574166384084e-07,0.00040092596437228055,1.6365067153947825e-05,5.457486475890374e-06,1
0.051651140248043625,0.9482669999790925,1.4971518666319765e-05,9.533209461236721e-08,4.4346665663880996e-05,1.9700578881034587e-05,2.745677557984924e-06,1
0.08223247138418678,0.9174968598476642,1.9154719309908285e-05,1.8827310356196953e-07,0.00021597392629581279,3.164637734007685e-05,3.7054720996100175e-06,1
0.11838187792753077,0.8811922643149652,3.740911231849564e-05,2.542107420061318e-07,0.0003442130936688342,3.82047805399197e-05,5.7765602345490496e-06,1
0.09831952688938037,0.9012671971955084,4.768315606314521e-05,1.961736283324677e-07,0.0003227954285289931,3.7700697513892966e-05,4.900459376813306e-06,1
0.1155757639983633,0.8839877313938977,3.669525273855926e-05,2.550171922998615e-07,0.00035543347198864093,3.832598020380941e-05,5.794885615534669e-06,1
0.02303825614320879,0.9503203085504895,2.8677379402754944e-05,1.5103654735494675e-07,0.026568910775267483,4.0851103524010225e-05,2.8450115600738997e-06,1
0.014871478632176466,0.7855743884354396,3.728405037821247e-05,1.3229248777079834e-07,0.19947490553587666,3.9319116003542846e-05,2.4919376376788536e-06,1
0.010640371652061538,0.6460504264177656,3.2727393424937865e-05,1.0863466122627095e-07,0.3432444027895058,2.9916807415705807e-05,2.046305165379101e-06,1
0.01000687436642023,0.6404443583904634,3.332193593025454e-05,1.1060698785580602e-07,0.34947620825949816,3.729183419853823e-05,1.8346065015026829e-06,1
0.008183513250806546,0.5102692827299339,2.6248681456455037e-05,8.841232953743162e-08,0.4814963910376851,2.300941774229862e-05,1.4664700461224552e-06,4
0.011768835591224125,0.5935870295036871,3.318536867807311e-05,1.1919553827470951e-07,0.39457720003740737,3.052030743646782e-05,3.109996028663026e-06,4
0.014042223838292595,0.4093223080159872,2.8579690363198193e-05,1.2560426144604558e-07,0.5765804548880321,2.2988810739903977e-05,3.3191523234929332e-06,4
0.038730780852867415,0.7746633217201644,6.277512332751146e-05,2.80163772880719e-07,0.18649023166579293,4.861128291923336e-05,3.999191155527013e-06,4
0.04401556499436469,0.9382054312682925,5.9497956285839154e-05,3.4295251529601515e-07,0.017660374040367986,5.5440890364409775e-05,3.347897809138337e-06,1
0.006943781404373735,0.9915879267068263,1.997768347772673e-05,2.607653679712862e-07,0.0014155647685410578,3.070579110456859e-05,1.7828803084479568e-06,1
0.8985684003415146,0.10104250577227798,9.79567124527494e-06,1.4355103649767504e-07,7.086494572635275e-06,6.319368241337196e-06,0.00036574880111144784,0
0.8920285756768976,0.10778397880272547,1.078031553731694e-05,1.789720363147678e-07,7.299771244096447e-06,6.161231972476348e-06,0.00016302522958653792,0
0.8438823319128023,0.1560809394057103,1.2742206676387297e-05,1.8673115194074192e-07,9.098980709003032e-06,8.220232608781941e-06,6.480530341471208e-06,0
0.8009458492219806,0.19901572842189938,1.3245730950227347e-05,2.1206706384349995e-07,9.998603745817944e-06,8.331880039516582e-06,6.63407432034058e-06,0
0.7982712498966069,0.20169089943240354,1.1737543444147437e-05,1.879206503808041e-07,9.105718027582387e-06,7.38319420066223e-06,9.436294666676966e-06,0
0.8397088303862135,0.16027056268320508,6.31544472020916e-06,1.1043606386698922e-07,5.043669708777799e-06,4.338910623363869e-06,4.798469465256045e-06,0
0.8518054913139762,0.14817235967801456,7.19872527654198e-06,1.2588169473752757e-07,5.566989268031777e-06,3.787826497951904e-06,5.469585272074007e-06,0
0.6002113242634319,0.3997543040086828,1.1219604741732541e-05,1.9619346549823244e-07,8.527750104517613e-06,5.90353354305193e-06,8.524646030574793e-06,0
0.5565382631399202,0.4434177991652894,1.2771531334428832e-05,2.0904530940973357e-07,9.70595777373057e-06,5.859312222236153e-06,1.5391848150634837e-05,1
0.364508900017807,0.6354497302853198,1.287958027340846e-05,1.75889732147965e-07,9.420738682969618e-06,5.2925867381820925e-06,1.360090144658899e-05,1
0.35605019680226335,0.643904904459717,1.2876118849895078e-05,1.6347363393395848e-07,9.261716199925104e-06,5.511537404942957e-06,1.7085891930912174e-05,1
0.14018531546283242,0.8596430974190244,9.154968015071956e-06,2.187320974846531e-07,0.00015055299495371954,5.767035306300311e-06,5.893387770457058e-06,1
0.12115532587006268,0.8786592376922999,8.179356197625246e-06,1.5282340014021004e-07,0.0001665617312583276,5.152463219626039e-06,5.390063561627371e-06,1
0.2772092563664556,0.7226802305219671,7.233470637996979e-06,1.6369354844358108e-07,9.306953818901946e-05,4.92559908437207e-06,5.12081011757863e-06,0
0.37327076340320425,0.6266172526916214,7.546663391052692e-06,1.7078110511730256e-07,9.270054714216961e-05,5.1388662717136034e-06,6.427047264399252e-06,0
0.3279134082411391,0.6719026341999497,1.1067178718354065e-05,2.2604128956077292e-07,0.00015646420048920132,7.797371779161175e-06,8.402766634880453e-06,1
0.34454213281385637,0.6552858866116019,1.1569623889072808e-05,2.3630346723162724e-07,0.0001430726831079913,8.317715438528856e-06,8.784248638904705e-06,1
0.3128442267060446,0.6869313622314295,1.5163417341864123e-05,3.097048034851748e-07,0.00018694979974745045,1.0901390722338088e-05,1.1086749910947888e-05,1
0.12474730491391565,0.8751451915213169,7.50019515505797e-06,1.5318753116321785e-07,8.822005714327956e-05,5.392093090608196e-06,6.238031847368829e-06,1
0.11385054792885572,0.8860263562397107,9.347479786870097e-06,1.5111582014450848e-07,0.00010212439691410274,5.3191703234293354e-06,6.153668588720288e-06,1
0.08613674429486583,0.913728420391416,1.0238936240664615e-05,1.6552753070284508e-07,0.0001118638619672209,5.826452373968126e-06,6.740535605606788e-06,1
0.0691549782967455,0.9307783414301845,1.440449549630021e-05,1.694202148985375e-07,3.3580555380621084e-05,5.963472113082197e-06,1.2562329865168852e-05,1
0.042643216871816075,0.9573326890849146,7.96483297096251e-06,9.367934572356397e-08,5.791859562221797e-06,3.2974469199488734e-06,6.9462244705413994e-06,0
0.41180376069625263,0.5881417352992159,1.6073831857817144e-05,2.5986016024289485e-07,1.0468494928505145e-05,9.146791579265084e-06,1.8555026005532696e-05,0
0.39904142036686263,0.6009253301834079,1.0386708350525373e-05,1.9406565113924953e-07,9.281051040770316e-06,6.542951725785281e-06,6.844672961139895e-06,0
0.3143173312093472,0.6856477011391731,1.0382660333880395e-05,1.939900178433565e-07,1.1008594006295119e-05,6.540401738185799e-06,6.842005383583937e-06,0
0.33251484140227633,0.6674471743290059,8.142548251260826e-06,1.8426598839295889e-07,1.6960823517693014e-05,5.544631369647991e-06,7.1519995906810355e-06,0
0.58648077080152,0.41339810597009996,1.0816755808486551e-05,3.0127029675189745e-07,9.202996135963973e-05,8.238059080518674e-06,9.73718183460987e-06,1
0.4145344709017393,0.585352151646622,9.024302995449462e-06,2.0422011140757422e-07,9.161527142692393e-05,6.145058270920232e-06,6.388598833932536e-06,1
0.34470418073459785,0.6549193023054064,8.337360682836411e-06,2.3412611681141372e-07,0.0003542899492180923,6.2061324983414565e-06,7.449391479842851e-06,1
0.476651659375023,0.5229752023218912,1.0017651200286861e-05,2.266995961013729e-07,0.0003495985449019767,6.821474234027632e-06,6.473933153488309e-06,0
0.30425212024355197,0.6955096384794641,8.970246926464209e-06,2.0340413598550502e-07,0.00021410916951948822,6.1205052703284005e-06,8.837951131695322e-06,0
0.22299212393639506,0.7767935272229936,8.62886845779985e-06,1.7009390037421984e-07,0.00019259613121010217,5.331356757669764e-06,7.622390285391188e-06,0
0.14079327321280596,0.8590048279396019,7.718622680648613e-06,1.521509620513086e-07,0.000182440797331269,4.768960309179579e-06,6.818316309410676e-06,1
0.2807069563888636,0.7190506373750701,1.2518504808859346e-05,2.2442224932039863e-07,0.00020560487266475566,1.610676235465342e-05,7.951673988770662e-06,1
0.313876273389895,0.6856095024135257,1.512969605347903e-05,2.8118535588191623e-07,0.00046978988758160085,1.7870346222887152e-05,1.1153081365462805e-05,1
0.3158702370643209,0.6838033239549955,1.4971662396024194e-05,2.78248300830996e-07,0.0002797760777436235,2.037640774811514e-05,1.1036584495079863e-05,1
0.3718422314692178,0.6273812986995602,2.063737450726942e-05,2.5338632188764735e-07,0.0007286493357909148,2.2644408117706553e-05,4.285326484322489e-06,1
0.3324063914887285,0.6669062962750375,1.6967437266976302e-05,2.375448609475462e-07,0.0006460739776529477,1.827957387749176e-05,5.753702575655037e-06,1
0.10407298559330037,0.895842049816243,1.5645467099413815e-05,1.3553216739015232e-07,5.406407922895391e-05,1.192777484683417e-05,3.1917371138604636e-06,1
0.06477765404077294,0.9349241765847739,2.1137427398628453e-05,1.4285873367515912e-07,0.00024123331962150067,3.143741947539472e-05,4.21834922408791e-06,1
0.08024493986827409,0.9194441940854102,2.35182321337656e-05,1.504880637742491e-07,0.00025109194239953986,3.234615955821236e-05,3.7592241601974014e-06,1
0.09733574757101143,0.9023412931916379,2.0527001446541063e-05,1.5917843864293596e-07,0.0002655919834741077,3.270476240010657e-05,3.976311591241418e-06,1
0.09862466263452088,0.9010569507634801,1.689000829291345e-05,1.9061111684501024e-07,0.00026955651469682835,2.7418114350137694e-05,4.3313535421068456e-06,1
0.182302057569933,0.8002976970582614,4.324648651004948e-05,2.8717071524565363e-07,0.01727924164348054,6.918757302146426e-05,8.282498078415088e-06,1
0.06691200764029902,0.9327657187437383,2.9544708431477808e-05,1.318758854097792e-07,0.00024960617148491403,3.1244461201313814e-05,1.1746398959594664e-05,1
0.06316015266045193,0.9365516000136024,3.134725506053579e-05,1.2960386744581255e-07,0.00021423301868696816,3.124056475814449e-05,1.1296883572403983e-05,1
0.05835895766230068,0.9412850190888934,4.721380228034364e-05,1.2497016509531985e-07,0.0002694378424277319,3.411684236217007e-05,5.129791570392417e-06,1
0.04803563517946963,0.9517315091551876,2.562857806658595e-05,1.1943656162755317e-07,0.0001720322163052163,2.935466933890735e-05,5.720765070496799e-06,1
0.03095983274829227,0.9688183303795044,1.8805185903038826e-05,1.2328535158414466e-07,0.00016767957537914201,3.213539558775216e-05,3.0934299820581243e-06,1
0.04962963726662282,0.927215091278708,2.798014387498156e-05,1.4736438312651033e-07,0.023090810073868363,3.263621892198799e-05,3.6976536205847095e-06,1
0.01092881778840241,0.6963770238404999,2.9097109880943275e-05,1.1056532224301436e-07,0.2926330068295941,2.9861194089901534e-05,2.082672210358689e-06,1
0.010678478315339749,0.6869859614390913,2.651071938618623e-05,1.0891219081046046e-07,0.30227771939794384,2.9414720660781423e-05,1.8064953872015503e-06,1
0.01092120776700637,0.5967916001371387,3.0626888389145574e-05,1.0322139721886873e-07,0.39222121432914775,3.353555310078774e-05,1.7121038200479935e-06,1
0.014455875537758947,0.41293427896677976,2.8003015314080366e-05,9.976021361245562e-08,0.5725527051229695,2.5566894812012747e-05,3.4707021520688433e-06,4
0.02220552386467467,0.7961679365595508,4.041674186632621e-05,1.6944074370046957e-07,0.18154058637798523,3.5881671304756735e-05,9.485343874643943e-06,4
0.013270244684965044,0.39645185380947656,2.569036620293308e-05,1.1869909652900199e-07,0.5902278380757007,2.1117684500528773e-05,3.1366800577063754e-06,4
0.039182957129748314,0.9508619413879954,5.2291534038130535e-05,1.9743736074794275e-07,0.009830666077424636,6.876027116334781e-05,3.186162269378347e-06,1
0.01441814587929632,0.9760183088128773,4.11530722231208e-05,3.36576061022575e-07,0.009458079617207803,6.0742410272184114e-05,3.2336320622614154e-06,1
0.0065459495013726506,0.9894874922986128,2.223315952111138e-05,2.90205720305397e-07,0.0039051598376909683,3.689082998167478e-05,1.9841671007034207e-06,1
0.008720457585055541,0.9877585025769945,2.5812884433868176e-05,6.055533297771042e-07,0.003380832402594434,0.00011148536296804252,2.3036346237388247e-06,1
0.01327122573629368,0.9842493286883617,2.8803183516292777e-05,6.348994629124669e-07,0.002397038136303003,5.0434567623889025e-05,2.534788438584533e-06,1
0.003401316717539953,0.9942895608122886,4.471398303934819e-05,8.678507505166247e-07,0.0021944100105330826,6.574298434512151e-05,3.3876415032505713e-06,1
0.919360800024963,0.08007054169682422,8.960087508962533e-06,1.1375617781504951e-07,5.906644236305895e-06,5.007746338020857e-06,0.0005486700439517471,0
0.8898900287834456,0.1099228669137542,9.83829327274739e-06,1.8391262268995947e-07,7.286946483832551e-06,6.331314960659348e-06,0.00016346383546033026,0
0.8437149329339884,0.15624881156023687,1.2755911499643313e-05,1.8693198979392812e-07,8.596087995442744e-06,8.229073843105621e-06,6.487500446821931e-06,0
0.8355810865093887,0.16438325091984518,1.1130566306908136e-05,1.7820281300375377e-07,8.112487028667845e-06,7.29299387413263e-06,8.94832074349784e-06,0
0.7818350377431253,0.21812964755227177,1.2305079824694924e-05,1.9700703257438225e-07,8.71620169438627e-06,7.740188092396226e-06,6.356227958877542e-06,0
0.8874272839411594,0.11255210292160497,7.2685884738953555e-06,1.1637169905819636e-07,5.015616821813938e-06,4.572115155341393e-06,3.640445085362772e-06,0
0.6015584544276171,0.39840477293514187,1.3808619769873877e-05,2.2107903756554843e-07,9.17459381358099e-06,6.652349560264081e-06,6.915995059758873e-06,0
0.30827633010928907,0.6916902221107695,9.961433383841914e-06,1.830144704259623e-07,1.527891700137859e-06,5.241508722642123e-06,1.6533931664434646e-05,1
0.3053063738373713,0.694658190840057,8.42700129978551e-06,1.7764476146602613e-07,1.2278260065783155e-05,5.989319036045384e-06,8.563097408700684e-06,1
0.15775602887377946,0.8420346912296747,1.1283743280107019e-05,1.8364283332611303e-07,0.00018534085355121572,6.191544903415288e-06,6.2801119777926136e-06,1
0.11342026535692262,0.8863842969863384,8.710505484582273e-06,1.6274741347984034e-07,0.000175337268705707,5.487052776438743e-06,5.740082358735465e-06,1
0.11409302013596806,0.8857203622907033,8.916963848099213e-06,1.451235166452607e-07,0.00016675297266387034,4.892860524837589e-06,5.90965277500775e-06,1
0.09595766344512133,0.9038918084343575,7.0554773745127056e-06,1.8981046637425275e-07,0.00013324608559021648,5.004494876031841e-06,5.0322522139991536e-06,1
0.06219581594704673,0.9377403518649823,1.2880969047163876e-05,1.5150107441336182e-07,3.4353955137439194e-05,5.21211817388105e-06,1.123364453791974e-05,1
0.0440855600283901,0.9558882211856773,8.639094900800283e-06,1.0160975891161068e-07,6.367233173784523e-06,3.576591872754289e-06,7.534256226344512e-06,0
0.37273676112862353,0.6272012788810444,2.0616463605222246e-05,2.6454271491306045e-07,1.236263452873198e-05,9.10100733252701e-06,1.9615342150709797e-05,0
0.4971667322351442,0.5027873668809364,1.793180412327884e-05,2.382286116786244e-07,1.1132921431754171e-05,8.195728778308726e-06,8.40220097430635e-06,0
0.5285517876679126,0.47140025145229536,1.8469400765663693e-05,2.45370720798151e-07,1.2150571550171487e-05,8.441437254869425e-06,8.654099500599416e-06,0
0.37452104848700796,0.6254402009698059,1.2106713904520673e-05,2.2620229987670446e-07,1.0813054630654885e-05,7.626443523964496e-06,7.978128827150283e-06,0
0.3248287447394089,0.6751385811199178,8.912162793382025e-06,1.874959598562746e-07,1.0640067580925903e-05,6.32145362622219e-06,6.612960713126724e-06,0
0.39206115054926144,0.6079050280381227,8.690456129766432e-06,1.9666515185698764e-07,1.2617837917575622e-05,6.164195682761917e-06,6.152257733917375e-06,0
0.3469968378845323,0.6529671376796276,8.501659607099916e-06,1.9239268373266157e-07,1.4300855818496249e-05,5.789166621677222e-06,7.2403611091819575e-06,0
0.5694410588813599,0.4304928844098819,1.1369826216832752e-05,2.614825709188029e-07,3.524658426012954e-05,9.019930930258724e-06,1.0158884780087622e-05,1
0.4445921690857493,0.5553587213101313,8.88501309728805e-06,2.0106797893431655e-07,2.7234076679501236e-05,6.302196174489876e-06,6.48725018917671e-06,1
0.4171004406660232,0.5828053219127043,8.210022366880743e-06,1.857929286359866e-07,7.443888543214797e-05,5.590577563217986e-06,5.812142981686534e-06,1
0.4741535739332536,0.5254101113857861,9.309911774198489e-06,2.106834423312499e-07,0.0004144379887600324,6.339542275832761e-06,6.016554707884892e-06,0
0.46345808265488614,0.5361580258943133,1.0270169728502201e-05,2.3241409416184555e-07,0.00035841100086194696,6.993425582641786e-06,7.984440533609525e-06,0
0.2050277957827623,0.7947933604889256,7.973301893013727e-06,2.5735123283375124e-07,0.00015692674239636424,6.055762023419645e-06,7.630570766375042e-06,0
0.19773535136369672,0.8019637143812851,9.943889692285264e-06,1.9601584969381552e-07,0.0002761121340749618,5.898189018164271e-06,8.784026383084176e-06,1
0.05627846733942473,0.9436810996672679,5.681870142485251e-06,1.0412500643622204e-07,2.611731562617276e-05,3.5105503031465318e-06,5.0191322290682665e-06,1
0.33231306833521745,0.6674058008547467,1.2174771761269497e-05,2.597605963016659e-07,0.000240749830973412,1.902253423050069e-05,8.923912474521905e-06,1
0.3468230989963927,0.6528285052225129,1.074216728727662e-05,2.6173456743353555e-07,0.00030926760935964906,1.8243139216294655e-05,9.881130663709139e-06,1
0.35830062114888694,0.6413562862711875,1.2532271491428674e-05,2.6109264623260433e-07,0.0003008230204387278,1.9120081609775202e-05,1.0356113739362447e-05,1
0.3301806209425025,0.6695281344499164,1.3505713161723029e-05,2.8495883940062414e-07,0.0002467965259042097,2.08678273531795e-05,9.78958232256031e-06,1
0.34831598081191634,0.6513844976571379,1.3139719947061366e-05,2.772366998564444e-07,0.0002534313434869329,2.3148937753402117e-05,9.524293058563255e-06,1
0.2520510423879601,0.747711715228922,1.10908019412356e-05,2.340063061722456e-07,0.00019752953287949807,2.106764438443422e-05,7.320397606488729e-06,1
0.2520513986534222,0.7477127720936634,1.1076081080173127e-05,2.3400663693209487e-07,0.0001975298120806854,2.106767416282351e-05,5.921678953712454e-06,1
0.07177332950889641,0.9281457562100974,1.652126132413078e-05,1.0969594383983602e-07,5.045411782878616e-05,1.0699530563332447e-05,3.129675346123179e-06,1
0.06908115289939308,0.9308041306057673,1.680209496462817e-05,1.0935716968568704e-07,8.494585232495005e-05,9.256921525408725e-06,3.6022688550030167e-06,1
0.0643495803276423,0.935535120109056,1.6887494816538136e-05,1.0991299835563035e-07,8.537760581903446e-05,9.303971594407639e-06,3.6205780734311216e-06,1
0.06607186650843089,0.9338130461644192,1.6856409382983956e-05,1.0971067745224932e-07,8.522044811615817e-05,9.286845431295233e-06,3.6139135420514204e-06,1
0.06387689515621073,0.9360077470318162,1.689602628108362e-05,1.0996852576563085e-07,8.542073809086855e-05,9.308671906955605e-06,3.6224071684984014e-06,1
0.05664167002084924,0.9432341182032846,1.9855915534785546e-05,1.1081752876467828e-07,9.121413039022139e-05,9.380538746227392e-06,3.6503736664432818e-06,1
0.05668196488740248,0.9431952252158912,2.038240471935491e-05,1.0462816529299356e-07,8.127248266898356e-05,1.7571183107841757e-05,3.479198044788948e-06,1
0.0454316460739946,0.9544575523807171,1.5975825393396577e-05,9.652216562020213e-08,7.165909432100532e-05,2.0290150391734003e-05,2.7799530165480306e-06,1
0.04496540568644161,0.9548694597056334,1.7358529612279276e-05,1.031240517889602e-07,0.00011880185284179624,2.5901006239087695e-05,2.970095179768454e-06,1
0.13316944496370148,0.8586195542833948,2.1567412411735888e-05,1.763537437583999e-07,0.008133401821545353,5.111643729741026e-05,4.738727905568499e-06,1
0.18777259663269313,0.8009463458226852,2.4236486499483558e-05,2.2762077330734068e-07,0.011195112637293031,5.579472030994767e-05,5.686079745842728e-06,1
0.23682911627929648,0.7444900489029306,3.074740325321195e-05,4.027004455502442e-07,0.0185748296216279,6.75804721315635e-05,7.274620314666956e-06,1
0.03562932426532076,0.9641008011026749,2.3398952638591928e-05,1.4301211909053953e-07,0.00020499101097677048,3.3736893624705704e-05,7.604762644943061e-06,1
0.05279185921052505,0.9469919839572348,2.574309375894523e-05,1.3278051497711912e-07,0.0001544336253296702,3.132323426646604e-05,4.524098369983694e-06,1
0.041355273020364236,0.9317648007944032,2.7733578494473038e-05,1.4606421908690257e-07,0.026814275046226806,3.410646626873092e-05,3.6650300234412777e-06,1
0.027724362017355595,0.8082009687136331,5.035280308509686e-05,1.704940947646608e-07,0.16397783400340085,4.3198109486327985e-05,3.1138589443641425e-06,4
0.025588716940244574,0.6510292466592491,3.269350195490294e-05,1.3955566066111564e-07,0.32330956295279767,3.563337132338602e-05,4.007018769827561e-06,4
0.011923542007393659,0.640534002637858,3.315180967243469e-05,1.2337424777605206e-07,0.34747442647954024,2.7847163731900172e-05,6.906527555734142e-06,4
0.02258397075181197,0.7506517228148212,4.1306637781909805e-05,1.731714903858703e-07,0.22667854886407218,3.458356782449006e-05,9.69419219794197e-06,4
0.016583813096589278,0.27166232707444476,1.9371972552870558e-05,9.13411995486459e-08,0.7117170969260977,1.5405598300080915e-05,1.8939908157660774e-06,4
0.02555462518621453,0.9670018864020085,4.068603948395967e-05,1.8684803092291e-07,0.00734462525215212,5.292088373103619e-05,5.069388378962615e-06,1
0.02407318962049548,0.9690265168291319,3.605652351649597e-05,1.9321897606888942e-07,0.006807230958912348,5.472602360933919e-05,2.0868253584426073e-06,1
0.015240869779964984,0.9707925132363312,3.524441077525859e-05,2.6567979461486193e-07,0.013888958977766364,3.9575246418422234e-05,2.572668949443723e-06,1
0.012364416134519636,0.9809560534461976,4.1776869343405356e-05,3.647301039983537e-07,0.006565857663283659,6.746810250393629e-05,4.0630540477687484e-06,1
0.009600376333606244,0.9871067613325194,3.247552032477927e-05,7.237165957666573e-07,0.0032055873755757885,5.1487989082297696e-05,2.5877322955368505e-06,1
0.90350863099671,0.09629054595412544,9.700514377471686e-06,1.8178240492697826e-07,7.051950274353894e-06,6.25798079036174e-06,0.00017763082131780293,0
0.8236233302984881,0.17632584061054124,1.4829250925880795e-05,1.9252537191659752e-07,9.544959676601428e-06,8.475304328165425e-06,1.7787050668456638e-05,0
0.7122092565131105,0.2877553231344339,1.3437808329266596e-05,2.151422648993473e-07,8.413609295514925e-06,6.623517015750809e-06,6.730275550200284e-06,0
0.7251616578779064,0.2748020075774875,1.3784635450930005e-05,2.2069504334765094e-07,8.630762853838018e-06,6.794468653515896e-06,6.903982604199093e-06,0
0.26992346092435887,0.7300271921655855,1.2703940522095567e-05,2.334006419945096e-07,2.0000193463328106e-05,6.684561597982511e-06,9.72481383017523e-06,1
0.21872862406667348,0.7812286815865882,1.1096256959908294e-05,2.1873153300411153e-07,1.4721541929589144e-05,6.855835712105768e-06,9.80198060372045e-06,1
0.1784741204610475,0.821354178256605,7.637536939313368e-06,1.6068011240073967e-07,0.00015198127298113022,5.41735341911397e-06,6.504438895573299e-06,1
0.13100907083261032,0.8688270596087403,6.692269085073761e-06,1.4079336798629225e-07,0.00014740337404133442,4.746868931401123e-06,4.886253223579093e-06,1
0.24938324761757752,0.7504064985558415,1.3218666614518034e-05,2.4747362914156797e-07,0.00017887730539680282,8.710897262129053e-06,9.199483678420914e-06,1
0.31582191402784326,0.6839439222068237,1.4735693517665398e-05,2.758746898669323e-07,0.00019940597841374853,9.490965594382738e-06,1.0255253117367345e-05,1
0.15837007235443998,0.8414971047656811,9.721457676075067e-06,1.820005361964542e-07,0.00010924668340951591,6.2613965349012145e-06,7.411341722205976e-06,1
0.08635407963802184,0.9134856983531248,1.0843195629390106e-05,1.6068047825982632e-07,0.00013234870870055239,5.655839545434646e-06,1.1213584499847483e-05,1
0.12116072022007712,0.8787683584081316,1.5700183989995337e-05,2.2321878656863476e-07,1.2180960507193667e-05,7.857143904671033e-06,3.495986460282683e-05,0
0.21955987968998372,0.7803944508010486,1.318573495441266e-05,2.131668659448905e-07,9.546167346153068e-06,7.503324068230091e-06,1.5221115733035535e-05,0
0.3424447639325729,0.657518561393368,1.0891068463335258e-05,2.034891345372565e-07,1.1542412493255328e-05,6.8606658426315255e-06,7.177038125379119e-06,0
0.5545694344380082,0.44537302964587017,1.443226062495132e-05,3.266022732367166e-07,2.2732402017370523e-05,9.827582536419079e-06,1.0217068669576766e-05,0
0.4613950497989014,0.53824091753475,9.814321267929846e-06,2.0647576005173604e-07,0.00033988473927848623,6.96136035734612e-06,7.165769684847409e-06,1
0.42743076732253443,0.5721363563132262,1.0272932454309969e-05,2.442507388709515e-07,0.0004087249648697319,6.9953068482734655e-06,6.638909328126614e-06,0
0.46259196861562063,0.5372326425561351,9.956839816037265e-06,2.2532343356864723e-07,0.0001519919663593146,6.780064997221461e-06,6.43463363818957e-06,0
0.3088496157745192,0.6909352712249233,8.64823500981985e-06,2.1394022070140157e-07,0.00019132744984301124,6.4375399349375045e-06,8.48583554909537e-06,1
0.30870716582411306,0.6910363305849335,9.955395573512899e-06,2.5128213685038305e-07,0.00022876875669364477,7.561171927407372e-06,9.96698462190407e-06,1
0.3051455098211481,0.694614838179541,1.1161432883422786e-05,2.5258339265316714e-07,0.00021196031170007704,7.600327193156507e-06,8.677344141668831e-06,1
0.23446564211972953,0.7651799448143862,1.0506394602315696e-05,2.0710405373756122e-07,0.0003289954286784197,6.231837156435454e-06,8.472301393458997e-06,1
0.3356327597210046,0.6640572581544576,1.2556375521965067e-05,2.649286381972214e-07,0.0002674739390864355,2.2121229108183316e-05,7.565652183017325e-06,1
0.20542966312755925,0.7943535846837421,1.0261762277847176e-05,2.1651428798206287e-07,0.00018364515288504625,1.5855562826581256e-05,6.773196421244525e-06,1
0.2999027989034916,0.6998516413949453,1.0433635647067283e-05,2.0492817781418758e-07,0.00020984042239299136,1.9988523536399782e-05,5.092191808814326e-06,1
0.0963566792194001,0.9035588040974781,1.4500427386235304e-05,1.1190005705856805e-07,5.4343175623265094e-05,1.0910578070049657e-05,4.650601985155513e-06,1
0.07188016857575674,0.9280308193315986,1.574289292536002e-05,1.1178356178727178e-07,5.868335593922426e-05,1.0791865038328417e-05,3.682195180114446e-06,1
0.04780742787740958,0.9520228956424821,1.8350485776288873e-05,1.0259474386432859e-07,0.00012337867048454679,2.488987862068943e-05,2.9548504828399543e-06,1
0.12664983411406694,0.8685005389897031,2.1435038226799886e-05,1.6365039420809496e-07,0.004783768609492686,3.9759725700346505e-05,4.499872415770172e-06,1
0.0632208186540397,0.9365440169615113,2.3211271529785274e-05,1.3547068242037157e-07,0.00017604373217513364,3.195785106288031e-05,3.816058998701172e-06,1
0.052225456588186656,0.9475433365985596,2.390201368407165e-05,1.3687705335190918e-07,0.00017177258055431067,3.196087407694821e-05,3.4344678849017516e-06,1
0.05073626348576688,0.9490009234156437,2.374909065057979e-05,1.4077224385803227e-07,0.00020178041392182575,3.287040339704435e-05,4.272418376268619e-06,1
0.05432583137064154,0.9454626084553186,2.556733888765258e-05,1.3013811214350385e-07,0.000156734309891365,2.5863010258850928e-05,3.2653768897953297e-06,1
0.023851195697409643,0.9514796001480917,3.095181843163821e-05,1.5086889739518528e-07,0.02460086303864039,3.439657492013606e-05,2.8418536086911367e-06,1
0.027327195477460958,0.9201361203688114,6.791214354251874e-05,3.041627675355232e-07,0.052368147297269727,7.651670820546665e-05,2.3803841942540835e-05,4
0.016568620158782157,0.9744929703381923,4.034570100094849e-05,3.6933466008229486e-07,0.008855414884688734,3.985273559415844e-05,2.426847081515418e-06,1
0.015899855940709112,0.9728513699615602,3.7832713715615315e-05,3.029420177127504e-07,0.011168060758370919,3.978560092233163e-05,2.7920827040889493e-06,1
0.013512875144324008,0.9720458864767675,5.000861395281333e-05,3.7994553647539583e-07,0.01432139985585238,6.494280120427724e-05,4.5071623625277145e-06,1
0.010332317892504042,0.9825411903004444,4.3163967961990265e-05,2.942765836176539e-07,0.007021725671332299,5.6054122859480424e-05,5.253768314104487e-06,1
0.00959624563307546,0.9831590552434181,3.473105489551476e-05,3.032171022650657e-07,0.007148318407247538,5.608937214751629e-05,5.257072113773993e-06,1
0.001979323794451249,0.9961371877726432,3.259745528645975e-05,7.489569097263891e-07,0.0017941803564183526,5.3283682337356686e-05,2.677981953987611e-06,1
0.8451927850890367,0.15476132761813285,1.3583393854735508e-05,1.7534304938596811e-07,8.15744379484683e-06,7.771503359023849e-06,1.619960877229728e-05,0
0.860526167399359,0.13944294943998842,9.349540599783266e-06,1.4968819997416612e-07,6.2089662464875224e-06,6.017176826865558e-06,9.157788779485723e-06,0
0.7800134064208496,0.21995212298847022,1.1354365024063271e-05,1.817858796549918e-07,8.20961351593695e-06,5.596584509702817e-06,9.128241750917253e-06,0
0.7672157977208799,0.23275189324159573,1.1646803379001724e-05,1.8646788199371186e-07,8.718845249332535e-06,5.740727838178074e-06,6.016193175812705e-06,0
0.21885873628120076,0.7809271337811151,9.578093544440486e-06,2.015059513995433e-07,0.00019056324386327017,6.793802533966264e-06,6.993291791217417e-06,1
0.1986469545292571,0.8010780993350307,9.152006209241397e-06,2.2640252329434422e-07,0.0002487603081984074,6.9701830374918474e-06,9.837235743871584e-06,0
0.3520956789601872,0.647757018824904,8.608838302256747e-06,2.1296562411592621e-07,0.0001226705057812059,6.556505462846913e-06,9.253399738153204e-06,1
0.37327608153423464,0.626580901547157,7.126519562910283e-06,1.7629599177065397e-07,0.00012371933289113658,5.427569063883803e-06,6.5672010987330816e-06,1
0.0991677284793151,0.9007513549748367,1.0446048878254203e-05,1.9517437180069563e-07,5.702052929655014e-05,6.58033240455371e-06,6.674460897295507e-06,1
0.05093134340854624,0.9489745114747367,1.1005294720161074e-05,2.629404268386938e-07,6.885974985428997e-05,6.932620966334471e-06,7.084510749496389e-06,1
0.10011661326396373,0.899754634568625,1.0795332218517064e-05,1.5997121172871427e-07,0.00010589280954316339,5.630873863614668e-06,6.2731805740327145e-06,1
0.08399203256186927,0.9158424280622175,9.964757279657118e-06,1.6109502274308297e-07,0.00013850057762226114,5.67043121896672e-06,1.124251476967421e-05,1
0.14814275828002849,0.8518002381731392,1.8568688795042832e-05,2.1839785786152823e-07,1.542165572472867e-05,7.687137078000263e-06,1.510766737671768e-05,0
0.31685957516846114,0.6830993032603878,1.5037250212121945e-05,2.2256952651067936e-07,9.141467353534119e-06,7.657012567654545e-06,9.063271491239129e-06,0
0.4701444453307073,0.5298164616673263,1.4257266438168394e-05,2.1942563544825248e-07,9.439980415905543e-06,7.4372998322859475e-06,7.739029644508999e-06,0
0.6015875560464815,0.3983753229045439,1.1748462952060712e-05,2.1825454326751855e-07,1.0058829559347458e-05,7.3976895447063066e-06,7.697812375242049e-06,0
0.5319010697552757,0.4680672136958326,9.936528955414627e-06,1.845937292118794e-07,8.828063145457326e-06,6.2567636859465825e-06,6.510599375599613e-06,0
0.2963177325965775,0.7036468118149806,1.2153372419628656e-05,1.9779604074676152e-07,9.459454257135664e-06,6.6687223553482035e-06,6.976243369046513e-06,0
0.33976883126306273,0.6601954951399698,9.73029120416604e-06,2.0470791785366953e-07,1.1616816074241298e-05,6.901757299860921e-06,7.220024471300557e-06,0
0.40012443061867675,0.5998386300098688,1.009392950380121e-05,2.1235821706961626e-07,1.2327573105691338e-05,7.1596882534526805e-06,7.145822374348354e-06,0
0.5820312384375308,0.4179147728659901,1.3542479044622655e-05,3.0646650280051166e-07,2.1330897906731536e-05,9.221689797415492e-06,9.587163227637508e-06,0
0.3129404586327661,0.6870269119070842,9.413101378279511e-06,1.7587474169554218e-07,1.0907759769056048e-05,5.929642561388608e-06,6.203081699229526e-06,1
0.6896983897581526,0.31003970623790345,7.676224766045513e-06,1.7653734969181475e-07,0.00024150407810872505,6.089716401501834e-06,6.45744731782254e-06,0
0.49186151355012875,0.5078967162459399,8.869485571406105e-06,1.865981074624296e-07,0.0002199470248360828,6.2911824018436245e-06,6.475913014530805e-06,0
0.4114368471551372,0.5883857168795479,9.998591272567526e-06,2.262682696527568e-07,0.0001526293057253832,6.808495462533145e-06,7.773304584648325e-06,0
0.317090179684875,0.6827077574406479,9.640921134337772e-06,2.789897964935739e-07,0.0001807856429359885,6.56494160111047e-06,4.792379009117981e-06,0
0.29963445180113435,0.700111161521336,1.0545155163528517e-05,2.5072314567006234e-07,0.00023116826133126397,7.180675669739153e-06,5.241862219325941e-06,1
0.29677597087385343,0.7029757303057931,9.189901347422646e-06,2.2733997402467257e-07,0.0002245451146015219,6.840743441291119e-06,7.495720989275489e-06,1
0.3033157499507519,0.6964612855718729,1.0890846246406018e-05,2.2682248606641888e-07,0.0001903425412978025,1.5026824783204934e-05,6.4774425616770365e-06,1
0.23450985523012088,0.7651906024181483,1.0176236150872392e-05,2.9871276411200833e-07,0.00026517519809055723,1.676529389707265e-05,7.12691082839267e-06,1
0.23806697283680076,0.761604926396272,1.0359396479822101e-05,2.3714112838301451e-07,0.00029238771363565195,1.5710427334173544e-05,9.406088349295573e-06,1
0.38060184597375474,0.6191120670068363,1.0783279024470937e-05,2.5150313548909184e-07,0.0002484112203466306,1.834860225044855e-05,8.292414651853475e-06,1
0.3438346598300617,0.6559271862371394,1.1297012799836525e-05,2.4459432271982004e-07,0.00020171547456995887,1.791189249935545e-05,6.984958607084476e-06,1
0.18012758156746175,0.8196891446362389,9.5980121085445e-06,2.078088529013657e-07,0.00015174905532691713,1.521805490901531e-05,6.500865101757474e-06,1
0.19258127545765324,0.8072155288970718,9.619950876733549e-06,2.0297262381480052e-07,0.00017215925507436288,1.486389290501802e-05,6.3495737950878865e-06,1
0.18023396576159523,0.8195870288546678,7.791271220135715e-06,1.6462913878358826e-07,0.00015020197816201594,1.3153108759590395e-05,7.694396456386083e-06,1
0.14895649163189037,0.8508887777188973,7.704033262977328e-06,1.5506895624343994e-07,0.0001276735705499716,1.2723819834483851e-05,6.474156608902403e-06,1
0.15367988813075148,0.8461568492457402,7.784996926729977e-06,1.5270280680689695e-07,0.00013749568085001825,1.252967098702031e-05,5.299571937809039e-06,1
0.17930347724514653,0.8205063215239692,8.402431620827418e-06,1.6481379563528176e-07,0.00015983829983765024,1.6075800157488815e-05,5.719885472812954e-06,1
0.07465039682362606,0.9252639896385374,1.7340884477255644e-05,1.1498499646564137e-07,5.288679195550373e-05,1.121541454445306e-05,4.05546186298374e-06,1
0.06817018660018115,0.9317479975441674,1.7210036769088323e-05,1.101216865213446e-07,5.064993611217628e-05,9.961825668764759e-06,3.883935415071394e-06,1
0.05721640138374081,0.9426984741889001,1.6757694245398622e-05,1.1126578357207269e-07,5.4228354039932635e-05,1.0852649699798639e-05,3.174463590203736e-06,1
0.06509860816635016,0.9348200055093467,1.661764419454063e-05,1.1033589558033411e-07,5.074846053089162e-05,1.0761950220494194e-05,3.1479334613719048e-06,1
0.06929273396248073,0.9306219592824776,1.7418126630203036e-05,1.1565084548545696e-07,5.319304598574397e-05,1.1280360172237472e-05,3.2995714080605224e-06,1
0.039374370021180875,0.960541097580269,1.6680488072085283e-05,9.621829067316469e-08,4.689455611806937e-05,1.808993501214959e-05,2.7712010571380644e-06,1
0.04323247891662232,0.9566158911169848,1.640184723738712e-05,1.0291904189530819e-07,0.00011084586841742021,2.1315141044744306e-05,2.9641906513255097e-06,1
0.045752054455410564,0.9540735551628758,1.710282757525252e-05,1.0281573318003801e-07,0.0001327069959300679,2.151652723760347e-05,2.9612152376181327e-06,1
0.06019447120563723,0.939630128809267,1.6775419735711677e-05,1.005864571563835e-07,0.0001305501518350729,2.52080461664704e-05,2.765780901304688e-06,1
0.07091025955578367,0.9288479397526077,1.945828709356614e-05,1.1667309622703561e-07,0.00018895380512232643,3.006381826323635e-05,3.2081080332626082e-06,1
0.0670547342640125,0.9326790856336834,2.2008365924174577e-05,1.202392668634667e-07,0.0002119894531880362,2.87558784898589e-05,3.306165434983201e-06,1
0.06651483383806407,0.9331151252087571,2.1961136251049697e-05,1.3721030511198778e-07,0.00031307471754588983,3.1181009641971925e-05,3.686879434869686e-06,1
0.0667942136589824,0.9328679171964637,2.670391891535819e-05,1.5456847939221871e-07,0.000267660243073906,3.494165705816468e-05,8.408757027002227e-06,1
0.049084316374139486,0.9506639446722482,2.2331822843994012e-05,1.4124059886929894e-07,0.00019008110078342814,3.091972089909533e-05,8.265068486704014e-06,1
0.04969070511393944,0.9500971653944302,2.0805188472339977e-05,1.3321590154565717e-07,0.00015494001232636747,2.91672325381078e-05,7.083842392024544e-06,1
0.05903305231109911,0.9407492513694543,2.104515992552382e-05,1.2862596732575706e-07,0.00016473700274692726,2.8162279847226808e-05,3.6232509596208165e-06,1
0.0417303278479544,0.9580137512093633,2.3347117035674855e-05,1.3838955356582474e-07,0.00019897151519242422,2.9991501925414078e-05,3.4724189751933047e-06,1
0.03330661000551984,0.8221067055714323,4.523628320759881e-05,1.559109622812672e-07,0.1445027999615648,3.564642325040229e-05,2.845844062536119e-06,1
0.05172469640341574,0.5881376169903015,4.6280108012045255e-05,1.965833617000914e-07,0.3600453809407056,3.801605138634299e-05,7.812922817019983e-06,4
0.014319960775455462,0.9752604597240679,4.773319099570825e-05,1.9950635044214933e-07,0.010281441431960461,6.950260730585819e-05,2.070276386436363e-05,1
0.01345946020330013,0.977117792290587,4.135502464440491e-05,3.7032947251611655e-07,0.009332109260186513,4.6479507952322355e-05,2.4333838567293595e-06,1
0.014682021506312792,0.9701877738289042,4.146271182705127e-05,3.070992193064177e-07,0.015036403211838188,4.8971662605538975e-05,3.0599792927133226e-06,1
0.00909510306567881,0.9836838479351839,3.4739136480418974e-05,2.84715705711927e-07,0.0071357941349166395,4.766723765509209e-05,2.5637743792597438e-06,1
0.009188968419203976,0.9807389431055591,3.984386770394052e-05,3.0271784185645746e-07,0.009974610420374832,5.174253343530154e-05,5.58893588076551e-06,1
0.0100781595357227,0.9784190142368094,3.62715583024789e-05,4.017240594119328e-07,0.011404533442860944,5.527548015468696e-05,6.344022090171722e-06,1
0.009915432714946774,0.9812773182420643,3.578088573421832e-05,3.123825786877615e-07,0.008710223525234416,5.745234118342277e-05,3.4799082578483235e-06,1
0.00543027101629387,0.989909969428668,2.6472344163692696e-05,2.9913088711379644e-07,0.004586953532375329,4.367206043062978e-05,2.362487181285318e-06,1
0.8915701017570179,0.10837621923789481,1.2013370610138713e-05,1.5596732810369534e-07,7.172629703781523e-06,6.86595516097631e-06,2.7471082284234044e-05,0
0.826083562143922,0.17386812935254894,1.4135108642244677e-05,1.8246493322941298e-07,9.046186550534199e-06,8.087157412068613e-06,1.6857585991180894e-05,0
0.8358206080671655,0.16414128285494675,1.2579885226122129e-05,1.6661074571649372e-07,8.832423110581054e-06,7.384472749387563e-06,9.145686055680573e-06,0
0.8162281029999798,0.18373263970961545,1.3585498923390945e-05,2.0873033711471266e-07,1.0186252607195827e-05,8.54234029342271e-06,6.734468243581846e-06,0
0.6964834887388931,0.30347395092873103,1.370705506626988e-05,2.1059795013537248e-07,1.1466761207205237e-05,6.600899868457543e-06,1.0575018283773e-05,0
0.17222755035647158,0.8275742684312596,9.91230488032933e-06,1.9539324385801617e-07,0.0001737041833278049,5.8794545795507974e-06,8.48987623734276e-06,1
0.1732866524289514,0.8265096109448034,7.050342544891934e-06,1.779562777918297e-07,0.00018342132105512228,5.354769856747337e-06,7.732236510739717e-06,1
0.17177673164387722,0.8279231383635158,8.355965236028945e-06,1.6471438003007266e-07,0.00027927167799324135,4.9563162823039974e-06,7.381318715387337e-06,1
0.16447238596701408,0.8352217668662449,8.314605916917477e-06,1.6389909724544144e-07,0.0002853154284501714,4.931784123427449e-06,7.121449153263119e-06,1
0.17838779666857463,0.8213643040904248,1.1194428857354385e-05,2.2066671616577502e-07,0.0002215397980550537,6.639942657679945e-06,8.30440471446231e-06,0
0.18775813180018883,0.8119979964624908,9.9824021778135e-06,2.2590191019697142e-07,0.00021979909312329576,6.797471571749878e-06,7.066868537679086e-06,0
0.2774674822237946,0.7224338063532607,7.635992258930018e-06,1.8889933810710722e-07,7.650062898990128e-05,5.920787050687861e-06,8.465115307113456e-06,1
0.08497428820061594,0.9149441865979111,1.0610643704602935e-05,1.9824966775313302e-07,5.725266354538135e-05,6.684016456013505e-06,6.779628099284068e-06,1
0.06021101915195224,0.9397045650466155,1.0897790786970036e-05,2.0361473468595862e-07,5.948639586874595e-05,6.864900469959368e-06,6.963099572122133e-06,1
0.2627032719248296,0.7370710121016001,1.2420942646981051e-05,2.536912039585782e-07,0.0001946809749406393,8.929751511927097e-06,9.43061326684153e-06,1
0.11286470104159874,0.8870279364539098,9.766638823010015e-06,1.5526751557872017e-07,8.565255906607158e-05,5.46530707552093e-06,6.322732011457967e-06,1
0.06845266934459764,0.931454957468202,9.78008422592844e-06,1.449267046869609e-07,7.144522015757543e-05,5.1013178230188335e-06,5.901638289399851e-06,1
0.08101906322143478,0.9189219513242044,1.675028483310802e-05,1.9701049972668404e-07,2.049540801833506e-05,6.934630686238198e-06,1.4608120323484062e-05,1
0.06669968399780862,0.9332621176532805,1.0962787738336642e-05,1.4066879164533167e-07,1.2099038392087134e-05,4.9514422860358846e-06,1.0044411702848915e-05,1
0.2786070768484862,0.7213489775811517,1.4439038529741138e-05,1.958961837633236e-07,8.045928823362158e-06,6.739375172096441e-06,1.4525331653146217e-05,0
0.4112872852480762,0.588675913872527,1.1515813484888083e-05,2.1393254783659394e-07,1.0274560801309564e-05,7.251196464044843e-06,7.545376098700801e-06,0
0.39664755973725413,0.6033180381583119,1.0748144460687847e-05,2.0081873707338674e-07,9.599654716230758e-06,6.7706330027539424e-06,7.082853517185211e-06,0
0.3254646682679858,0.6742919477282053,8.752187930015385e-06,1.9806214341750914e-07,0.0002220837209686655,5.959762749002266e-06,6.390270017951072e-06,1
0.2525417810900341,0.7473322029567768,6.782371369355986e-06,1.962688400531599e-07,0.0001095814259497226,4.618425079557934e-06,4.837461950186382e-06,0
0.272632031658776,0.727133643619396,1.153849572283564e-05,2.3681181447560085e-07,0.0001987252823048174,1.5688610527245824e-05,8.135521458607879e-06,1
0.31837927783687897,0.681393563272204,1.2140294912242151e-05,2.535496078533938e-07,0.00018932711887780713,1.8197229959048367e-05,7.240697559964034e-06,1
0.27039060961407496,0.7293867673648761,9.208377643493681e-06,2.56446407836263e-07,0.0001881931411173745,1.6734080005163582e-05,8.230975875112882e-06,1
0.19606902530400613,0.8037446390550245,8.03529647351529e-06,1.7753918756191e-07,0.000157561114711918,1.3827532657617592e-05,6.734157938872647e-06,1
0.15246484855334622,0.8473535241655689,8.669252051000596e-06,1.7004748152935984e-07,0.00015311306149910414,1.3952847627932795e-05,5.722072425460884e-06,1
0.13285330849196963,0.8669640964565247,8.706842290412223e-06,1.707848145200756e-07,0.00015377696613642916,1.4013347758707906e-05,5.9271105054346345e-06,1
0.13777542597346756,0.8620458945442436,8.657449231832684e-06,1.6981596909176515e-07,0.0001502040836040692,1.3933851417364554e-05,5.7142820664188235e-06,1
0.15405873138621173,0.845764751627958,7.884957154728705e-06,1.666087175060334e-07,0.0001473672344673298,1.3311267967777225e-05,7.786917522946127e-06,1
0.07273347814015683,0.9272183988564393,6.614578362637484e-06,1.1522787605409337e-07,2.6905427385543027e-05,1.0423741677897575e-05,4.0640281015239015e-06,1
0.04759756339662794,0.9523196531896242,1.7801147147759443e-05,9.724611948581808e-08,5.196990076003819e-05,9.809197926453597e-06,3.105921794190652e-06,1
0.0409195072414939,0.958986732660812,1.7480126395818208e-05,9.549241102301075e-08,6.218543848127694e-05,1.0823633393990412e-05,3.1754070119940248e-06,1
0.04770399861841831,0.9521763478227565,1.9334819209529173e-05,1.0562443664329928e-07,8.69396858400838e-05,9.761102305027543e-06,3.5123270337600947e-06,1
0.06089464150154935,0.9388599233902527,1.9337262649206733e-05,1.1594742615265184e-07,0.00019291691277521818,2.9876830740483975e-05,3.188154607233709e-06,1
0.046910991066486614,0.9528422241163862,2.208891358405556e-05,1.2026352505585753e-07,0.0001929521762274131,2.7805495359995535e-05,3.817968430693633e-06,1
0.0694427857800074,0.9302376702589151,1.9360446076451636e-05,1.3678718854153727e-07,0.0002652863611380872,3.10848565006162e-05,3.6755101737863195e-06,1
0.08604052008612634,0.9135813099420287,2.022620209331331e-05,1.5887039012871317e-07,0.00032267110341569117,3.0531751760261886e-05,4.5820441856671545e-06,1
0.16922426006537583,0.8099380909296247,3.802353858199051e-05,3.902207338226298e-07,0.020702135245267973,8.707852782081525e-05,1.002147259509852e-05,1
0.12747129951922487,0.8720596218982668,4.410190376868522e-05,2.144893651579713e-07,0.00036554149856544114,5.061891262590896e-05,8.601778182874923e-06,1
0.056302923319873154,0.9432573403951745,2.7487982306607905e-05,1.7541290199660144e-07,0.0003634603086750558,3.906985619914742e-05,9.54272486920144e-06,1
0.04841703421528849,0.8236691597547997,3.686251139920513e-05,1.7545901193870602e-07,0.12783538766979366,3.608168790193666e-05,5.29870180494733e-06,1
0.06735992466675818,0.7427550367285554,5.003184151955364e-05,2.122151017015165e-07,0.18978932751508967,3.9054564651302477e-05,6.4124683241251846e-06,4
0.019845678614211396,0.9678709058277951,5.01945632223181e-05,2.257693155078038e-07,0.012186238244741592,3.9052424177402145e-05,7.70455653695159e-06,1
0.007643906238159118,0.9830611542650886,3.482344981786769e-05,2.93682856502096e-07,0.009213798509071405,4.345385823962242e-05,2.5699967669262524e-06,1
0.008594514961060213,0.9814868841729203,3.9269467895209204e-05,2.9835378082317814e-07,0.00983081377994311,4.2710900107988953e-05,5.5083642925658605e-06,1
0.007766989467167507,0.9821285865358207,2.9430734614918136e-05,3.259588155100627e-07,0.010026509363438522,4.485051272345215e-05,3.307427419229977e-06,1
0.004764579159010538,0.9874364083060484,2.826314879144213e-05,3.22749785631895e-07,0.00772075575538387,4.457401978449682e-05,5.096861195329518e-06,1
0.004078329030666073,0.9939319552240705,4.99240882496834e-05,1.0822018838187282e-06,0.0018516845860312794,8.364981281078887e-05,3.375056287813443e-06,1
0.8685104034857073,0.13143574536877942,1.1998991248614011e-05,1.557806435611447e-07,7.129204159515573e-06,6.857736980194577e-06,2.770943248166143e-05,0
0.8681543380906475,0.13180121220539284,1.2881030674734556e-05,1.6627650069608695e-07,8.670770655070988e-06,7.369658439336924e-06,1.5361967689828382e-05,0
0.7332882971559066,0.26666892629817257,1.4932439393660291e-05,2.1882800052447907e-07,1.2883930956845879e-05,7.377817946022941e-06,7.36352962395194e-06,0
0.6274730338670517,0.3724927155726782,1.0473091471747489e-05,1.6091068321143678e-07,1.0493027126951299e-05,5.043521586800975e-06,8.080009401428353e-06,1
0.49501337562130676,0.5049511584325678,1.0678365542478568e-05,1.7096297937428398e-07,1.1148539950710205e-05,5.144338935005323e-06,8.323738717745637e-06,1
0.20386724647931623,0.7959207231112679,8.04810590468448e-06,2.1342898119601002e-07,0.00018995413915219968,6.112576038385277e-06,7.702159339380483e-06,1
0.20385444753461507,0.7959335186472846,8.048235289214847e-06,2.1343241236463849e-07,0.00018995719292999244,6.112674306572777e-06,7.70228316233718e-06,1
0.07689472742329333,0.9230249880131195,1.0704357076325911e-05,2.5376704779141365e-07,5.569260348837421e-05,6.743049794252274e-06,6.890786180832851e-06,1
0.15925740755709805,0.8405683744383705,1.0871208890127346e-05,1.8458161872207658e-07,0.00014398348793685296,1.1890832959278695e-05,7.287893126481454e-06,1
0.2561269448443292,0.7437166359300948,8.282689364183269e-06,1.5506459583113073e-07,0.0001363179964134401,5.3490063953807756e-06,6.3144688072773706e-06,1
0.08460875783597374,0.915272948218699,1.1242522446897393e-05,1.6659792420584715e-07,9.423657181054364e-05,5.864129470582599e-06,6.784123675146397e-06,1
0.07481772472249654,0.925101282321921,1.4316638733076048e-05,1.6838687695834023e-07,4.809512167707814e-05,5.927099346152072e-06,1.2485708949095017e-05,1
0.2487226053955223,0.751219078903103,1.4388624047434986e-05,2.13218580778713e-07,9.113834713296135e-06,7.505144394084133e-06,2.709487963901504e-05,1
0.1869793185835497,0.8129734349096195,1.1721431711698098e-05,1.7369466693201036e-07,7.165098178769864e-06,6.113929810917067e-06,2.2072352462500397e-05,1
0.29303443072744595,0.7069114521480703,1.553474225682092e-05,2.5114205865098697e-07,1.106923744312876e-05,8.640084522101993e-06,1.8621918203094643e-05,0
0.3389369089924223,0.6610202918465077,1.324213137111027e-05,1.9623144306912059e-07,8.059698731790144e-06,6.750909027418669e-06,1.4550190496810007e-05,0
0.3761671340371501,0.6237940889540268,1.4461371609287832e-05,2.138698922305641e-07,9.20096501069257e-06,7.357720880867205e-06,7.54308143011219e-06,0
0.5871007787727709,0.4128699875374582,9.237957710324089e-06,1.7161617217661514e-07,7.954341184980403e-06,5.816892256200763e-06,6.052882447232999e-06,0
0.5538560645408142,0.4461125775545019,9.799740624444444e-06,1.8309872397470066e-07,8.743994443831222e-06,6.173200177293287e-06,6.457870714635622e-06,0
0.3527016632184227,0.6472632298514714,1.0408002174813646e-05,1.9446350575654412e-07,1.1089393725777789e-05,6.556365452220419e-06,6.858705247252735e-06,0
0.2499237956106168,0.7500344112692541,1.0544693950283914e-05,1.716148112834853e-07,1.851487232226522e-05,5.786018386385619e-06,6.775920658917351e-06,1
0.23665146831398495,0.7633094864201023,8.688925737390388e-06,1.6266996122074261e-07,1.8286480374007242e-05,5.484441462229586e-06,6.422748378053218e-06,1
0.2798144022898543,0.7201446739100411,9.70116601587839e-06,1.8125695226497544e-07,1.8537360920379313e-05,6.111104575542493e-06,6.392911640486507e-06,0
0.4515184137374567,0.5482170217094476,1.079122793443753e-05,2.056833678396597e-07,0.00023937856857602437,6.93464473837353e-06,7.254428478938468e-06,0
0.23426788514192962,0.7655998524518479,6.313205282758355e-06,1.951049758118554e-07,0.00011403982378066462,5.509303993866811e-06,6.204968189325606e-06,0
0.22153131727564324,0.7783325174083382,7.909954339480156e-06,1.6641128710097647e-07,0.00011670304294833212,5.610580809821996e-06,5.775326634108641e-06,0
0.2266832412584107,0.7731730931373657,7.944068859329734e-06,1.6712899556215742e-07,0.00012411939310833515,5.634778455243159e-06,5.800234805084257e-06,0
0.25991048148479445,0.7399653588709103,7.585889517934341e-06,1.7166879295379225e-07,0.00010548265052048068,5.380719575373602e-06,5.5387158883664324e-06,1
0.2819715312381829,0.7177974286394859,9.767126509670288e-06,2.613449004193305e-07,0.00019926945813924385,1.4517178530971968e-05,7.225014250873583e-06,1
0.12954820398260244,0.8703005500152082,8.486417710857155e-06,1.6431334868976973e-07,0.0001246957962940809,1.2196957442840088e-05,5.702517392656106e-06,1
0.1134575591859452,0.8863957729029606,8.240368035958904e-06,1.599942143521327e-07,0.0001198489093301115,1.2866018273140703e-05,5.552621240712323e-06,1
0.12342605001748706,0.8764127514219144,9.208439399076673e-06,1.9026451099689392e-07,0.0001324874614517497,1.3506640156703072e-05,5.805755079911533e-06,1
0.10995348444399412,0.8898900807410813,8.478497072429332e-06,1.4769622062798642e-07,0.00013063892394727037,1.2118867289945903e-05,5.050830394199899e-06,1
0.06532440080162792,0.9346294664825137,6.341010380584681e-06,1.1046224235831544e-07,2.5792663567110266e-05,9.992633023660529e-06,3.895946644810088e-06,1
0.04832267030617958,0.9516036676907408,1.4734533325932252e-05,9.783263568786217e-08,4.713280859008675e-05,8.905618778087114e-06,2.791209749793526e-06,1
0.04885335727684539,0.9510729399720955,1.4670208350534854e-05,9.740553821931823e-08,4.715637754739546e-05,8.999735158828885e-06,2.7790244640764373e-06,1
0.04722951612515099,0.9526520685599477,1.8941731711203476e-05,1.0373373232834953e-07,8.5383443322897e-05,1.0536950649522364e-05,3.4494554853827953e-06,1
0.05767826704717762,0.9422139499782456,1.7733630453779315e-05,1.0626774030593426e-07,6.430290191623309e-05,2.2579537323280242e-05,3.0606371430542513e-06,1
0.05758184358715142,0.9422876664763685,1.8527809691722315e-05,1.1797700325917519e-07,8.29469102448445e-05,2.5499361715950335e-05,3.397877824086e-06,1
0.05014794003237005,0.9496601139704166,1.8390220533677703e-05,1.1747571156925521e-07,0.00014208310609901641,2.7971754841133596e-05,3.383440027994199e-06,1
0.04209497088552802,0.9576267803656594,2.1112856905471684e-05,1.1496476547691976e-07,0.00022566860037739398,2.8191191938880227e-05,3.1611348253839763e-06,1
0.027387551810148496,0.9723447109245044,1.9311277523522245e-05,1.1087758849377932e-07,0.0002176457291485119,2.762062954185275e-05,3.048751544773476e-06,1
0.05190776043641839,0.9478454215984303,1.718314801116273e-05,1.065389022352879e-07,0.00020297329078853297,2.3172730316832557e-05,3.382257132294761e-06,1
0.06999846611649337,0.9295470990094649,2.261109509523831e-05,1.7609439332574252e-07,0.00039279254534321686,3.481766492408504e-05,4.037474286084301e-06,1
0.06621568224483163,0.9335305369103138,2.142897179496737e-05,1.939261258705826e-07,0.00019706063247924916,2.678530003819824e-05,8.312014416149653e-06,1
0.056980675846216494,0.9427944704734623,2.405898083557538e-05,1.4007142730783176e-07,0.00016584252291085036,2.6615453837557983e-05,8.19665130987531e-06,1
0.06143365304115212,0.9383244458080426,2.4855737665741775e-05,1.364216046305211e-07,0.00018554610457004905,2.7939847029036555e-05,3.4230399357421116e-06,1
0.07273618345645412,0.9269746938846012,3.6232125670952494e-05,1.510866476346532e-07,0.00021247780930588853,3.750388251976072e-05,2.7577548005046817e-06,1
0.06761577701842257,0.868894467500768,5.958953148035009e-05,2.6835082342429846e-07,0.06337595586928892,4.938538538786577e-05,4.556343829027041e-06,1
0.08012077178361901,0.7966766324230158,5.879084319838481e-05,2.6860862375817295e-07,0.12308517350762829,5.380211287929213e-05,4.560721035496473e-06,4
0.015652555705315388,0.9775128526075655,3.756725880567956e-05,1.7449340136161403e-07,0.0067606461588842134,3.3347076845927114e-05,2.856699182079838e-06,1
0.012866217520193974,0.9776730213114851,3.825251713949591e-05,1.5970506892910564e-07,0.009365612547552965,5.0408926200153725e-05,6.327472359484225e-06,1
0.009032580687802714,0.9785934648681893,3.9191583753470555e-05,1.501139725346067e-07,0.012286134606447386,4.5895643191153916e-05,2.582496643442737e-06,1
0.006745678067289006,0.9830554985159872,2.5744622688172627e-05,2.707223858488901e-07,0.010126645226373833,4.3793773874381005e-05,2.36907140121488e-06,1
0.004269534811966996,0.9910355766544677,3.159315370429374e-05,2.735277826503874e-07,0.004614184860847476,4.648491276366464e-05,2.352078467007191e-06,1
0.004322625840974065,0.9908153264293293,3.19860098616058e-05,2.759253482499872e-07,0.0047803415225494295,4.7062945725243836e-05,2.3813262121640573e-06,1
0.005358763449147757,0.9862983658869752,2.6710489962860286e-05,2.7620505449067625e-07,0.008272293496472998,4.120673221800439e-05,2.383740168717463e-06,1
0.00616859802769445,0.9895857839623386,2.5826426968019642e-05,2.9183218388793206e-07,0.004184187144322904,3.300776328396698e-05,2.3048432081821637e-06,1
0.8751825064654843,0.12476849625187618,1.0982920870808753e-05,1.4258919320683252e-07,8.206841851417606e-06,6.277026213765754e-06,2.338790451036001e-05,0
0.8378173693003459,0.16214668177803992,1.323704643182802e-05,1.7185408083676293e-07,8.861881328154774e-06,7.616866315270881e-06,6.061273458026383e-06,0
0.8076024262211201,0.19235487906992912,1.533011749223378e-05,2.0353407159710258e-07,1.1137452821071935e-05,8.959926584031404e-06,7.063677981951165e-06,0
0.5437174780813275,0.4562424718740663,1.1583104783706645e-05,1.7240356502610137e-07,1.3169789857664882e-05,5.812611333829815e-06,9.312135065923977e-06,1
0.47250308148757486,0.5274549035765457,1.3330996899840033e-05,1.984192868666131e-07,1.4909615830118951e-05,6.689735189157447e-06,6.886168673560299e-06,1
0.5284156066146448,0.471439249531965,1.1196906862825778e-05,1.6047907130170145e-07,0.00012274234461182417,5.3941479805057495e-06,5.6499748636972454e-06,1
0.5530922042871587,0.4467768406612891,9.404683960426976e-06,1.5057105729824414e-07,0.00011215875759340817,4.530738498938369e-06,4.710300442250541e-06,1
0.5144020165920309,0.4855007714623254,7.037307859751211e-06,1.5925438184560994e-07,8.024142039354564e-05,4.792022928572148e-06,4.98194007997087e-06,1
0.5055031154010097,0.4943986602002257,6.858276142084625e-06,1.5520289140409927e-07,8.168560996049218e-05,4.67011209091977e-06,4.855197679666001e-06,0
0.5136503940106102,0.48624834182405224,7.002743586570734e-06,1.5847219182792123e-07,8.437699211389357e-05,4.768486543225475e-06,4.957470902080028e-06,1
0.5221441140173952,0.47776105553860854,6.880513268252678e-06,1.557061179010059e-07,7.823803018129857e-05,4.685254361314435e-06,4.870940067568853e-06,1
0.5036529510519655,0.4962507509123757,6.91489493932173e-06,1.5648417563018908e-07,7.86289827329339e-05,4.708666404579991e-06,5.889007406381305e-06,0
0.5095645557800661,0.4903335738337274,6.9960582195769785e-06,2.0245252831549545e-07,8.390513987261832e-05,4.763934172836334e-06,6.002801413198954e-06,0
0.2666984019677376,0.7332374730810098,8.128416518160436e-06,1.710073404758507e-07,4.4305618438332016e-05,5.7655374195280425e-06,5.754371536042531e-06,1
0.16054074607220348,0.8393674517668872,1.2851050184156866e-05,2.7808848381873196e-07,6.233384940758099e-05,8.111570359024744e-06,8.227602474839387e-06,1
0.05661027664641613,0.9432287221761945,9.322811082497922e-06,1.7418775439878968e-07,0.00013948783116059495,5.872765538691045e-06,6.143581853336742e-06,1
0.05240070130835505,0.9474410467734422,9.603185904327945e-06,1.7942628815994438e-07,0.00013628400555023694,6.0493834683036255e-06,6.1359169916700915e-06,1
0.18455382432285822,0.8152829063855626,9.56578931198794e-06,1.9537620262357065e-07,0.0001389649694756729,6.587137160176842e-06,7.956019428795773e-06,1
0.10373980297935392,0.8961563463363416,7.961545314775937e-06,1.4905228871259242e-07,8.442391281381099e-05,5.246535471938504e-06,6.0696384154248925e-06,1
0.3149190479966024,0.6850484788981606,1.1776282250689038e-05,1.812421916418491e-07,7.888024667560911e-06,6.235236965938838e-06,6.392319161280669e-06,0
0.5375483785001733,0.4624217778141791,9.311767504320233e-06,1.7398141576698891e-07,8.35582361203513e-06,5.8658088016326776e-06,6.136304313774052e-06,0
0.371543908906501,0.6284211806590914,9.459524998391872e-06,1.9901148132919674e-07,1.1845490111439959e-05,6.7097011118141145e-06,6.6967067046347635e-06,0
0.5631248599788413,0.43682794556858434,1.2343525303232824e-05,2.7933416174739917e-07,1.5654074334392997e-05,8.40526767498748e-06,1.0512251099902219e-05,0
0.5882462660939308,0.41169981360763447,1.3341084021081703e-05,3.019089304134582e-07,1.983094180308546e-05,9.084550767868661e-06,1.136181291237547e-05,0
0.29011306757444955,0.7098440618127999,8.795269176966371e-06,1.7963873516368676e-07,2.03838395298058e-05,6.19669975662985e-06,7.315165552072036e-06,1
0.3497599625500654,0.6501968741947058,1.012198736947989e-05,1.8911959433057663e-07,1.980572745342109e-05,6.3761946992730745e-06,6.670226112334634e-06,0
0.40750783172909893,0.5924481858230433,1.032089075297061e-05,1.9283591266052928e-07,2.0165930050802788e-05,6.5014909136612734e-06,6.801300227917102e-06,0
0.352021922984283,0.6476602541586559,1.2606897008199938e-05,2.3420191728678014e-07,0.0002888253319405815,7.896151791407042e-06,8.260274403478576e-06,0
0.2409576941714755,0.758914314039658,7.5380834808772094e-06,1.666197042281781e-07,0.00010960381973338532,5.346810449910305e-06,5.336455498037022e-06,1
0.2222819997167461,0.7775761695584077,7.13346754874354e-06,1.8290560145463468e-07,0.00012260949290501466,5.531140008649125e-06,6.373718782340973e-06,0
0.17237617281736287,0.8274845807611836,7.193805127605759e-06,1.6544269222605748e-07,0.0001182052561541073,5.707002388539626e-06,7.97491509120778e-06,1
0.3318930926604675,0.6678685780441042,1.0796952495847362e-05,2.443351960451784e-07,0.00021273949126561766,7.352135923272507e-06,7.196380547557628e-06,1
0.15449980913603042,0.8453588628194982,5.580955908425387e-06,1.7090057773144279e-07,0.0001254153521331029,4.675562947969261e-06,5.485272904460028e-06,1
0.13774613428292712,0.8621043260946541,7.780511755525633e-06,1.620438833979227e-07,0.0001251864823471412,1.1182406287196309e-05,5.228178145519171e-06,1
0.09199009621184957,0.907871360436488,8.276235331375838e-06,1.4231255205537692e-07,0.00011454161529583625,1.0563841311996024e-05,5.019347171258608e-06,1
0.11619361254890279,0.883636657396525,9.65854254563226e-06,1.726554314700324e-07,0.00013964248274428952,1.4166836849156269e-05,6.089537001727872e-06,1
0.07696490058018612,0.9229887257510221,6.09975207412676e-06,1.144662310789645e-07,2.6141412769650104e-05,9.356849165546556e-06,4.661188551334726e-06,1
0.05150203041652205,0.9484243918835913,1.4685305746296652e-05,9.750578014668199e-08,4.713713854282742e-05,8.875865405658886e-06,2.781884412017419e-06,1
0.05846613231797347,0.9414190109689639,1.9219659657045063e-05,1.1612064647051129e-07,7.783417957031981e-05,1.3825395923701043e-05,3.861357264829013e-06,1
0.04496936245858664,0.9548391368522752,2.1446380491603e-05,1.1811637172685213e-07,0.00014285796401585134,2.3676336457713814e-05,3.40189180149358e-06,1
0.06377670575181651,0.9360477407246651,1.7929908825582893e-05,1.1560012690829966e-07,0.00012653219081479252,2.764640278921518e-05,3.32942096198473e-06,1
0.057057435056321035,0.9427634509799271,1.808849333439715e-05,1.1662257434642948e-07,0.0001276513289835781,3.0050800003792e-05,3.2067188556692357e-06,1
0.04970413721020967,0.9500424314186093,2.113472335059845e-05,1.1752300534690374e-07,0.00020012913411092132,2.881851310899033e-05,3.2314776048533586e-06,1
0.037147602069271986,0.9625917190595888,1.9399722876550504e-05,1.078752580541698e-07,0.0002117523434197062,2.645273177956312e-05,2.966197805194323e-06,1
0.06825186652187629,0.9313813371058008,2.029138766374529e-05,1.4490694361609812e-07,0.00030737916510203386,3.5361106033696664e-05,3.6198065797376e-06,1
0.28345009226439705,0.6966795659500146,4.0481307472198744e-05,3.171684932215098e-07,0.01971192358254507,0.00010036509150368826,1.7254635574156026e-05,1
0.07688690264170264,0.9228997108074195,2.0970861777454245e-05,1.3370688279226524e-07,0.00016392763053872555,2.4662394452544357e-05,3.691957226491579e-06,1
0.06036169855092646,0.9393722299592129,2.304394396951594e-05,1.491031336179749e-07,0.00020707129793623723,3.1690061391117406e-05,4.11708343024258e-06,1
0.07539373853600019,0.9243636746409345,2.5128060269147658e-05,1.3825497554051677e-07,0.00018588907688020257,2.6813881061861973e-05,4.617549878830167e-06,1
0.0650988975346853,0.9346596492761584,2.4248983372195626e-05,1.8003909493995544e-07,0.0001788389264617865,3.5221922954325075e-05,2.9633172730422067e-06,1
0.12309242309251298,0.8357284627570555,6.708202562153929e-05,2.986374571570096e-07,0.04105086073380564,5.5805149326499555e-05,5.067604220669901e-06,1
0.07822939041768953,0.8813126369934018,6.244713239859313e-05,3.025929184929653e-07,0.04033067075997872,5.941737883493717e-05,5.134724777989163e-06,1
0.06580673749843503,0.8479129404298906,5.41534962279821e-05,2.280903725331726e-07,0.086177748686251,4.4319039469914655e-05,3.872759353187428e-06,1
0.012366559519592374,0.979238172473123,4.7117275290293196e-05,2.2974604068686255e-07,0.008297234054245867,4.800490158393858e-05,2.682030123804799e-06,1
0.013587197062462142,0.9761838689566699,4.867865838671013e-05,3.371468777529929e-07,0.010109945175808524,6.710868372953143e-05,2.8643160656776386e-06,1
0.005942361343050761,0.9902384492327109,2.9731784254414147e-05,3.092692340661285e-07,0.0037448588263992153,4.184698615132348e-05,2.4425581995121845e-06,1
0.6959456504004661,0.3040129596393829,1.3804950817994324e-05,1.7922707652657998e-07,1.3194574041513526e-05,7.889890055988027e-06,6.3213181591078775e-06,0
0.4622533770960494,0.5377022030241252,1.3914998446289963e-05,1.847458958795019e-07,1.4112612029981616e-05,6.228734818245533e-06,9.97878863493681e-06,1
0.39554328578498765,0.6043703339644922,1.207966276087216e-05,1.9339805583729274e-07,6.180560854130643e-05,6.061793101574495e-06,6.239788060567994e-06,1
0.31581109173286404,0.6841021412974718,1.2535423076871808e-05,2.0069487866976713e-07,6.151665649212164e-05,6.038982721146652e-06,6.475212495384747e-06,1
0.5183760506339249,0.481452407211241,1.1641236596820138e-05,1.863787565874401e-07,0.0001480930165020261,5.608205341763416e-06,6.013317636844435e-06,1
0.5503947461088369,0.4495181240701208,6.6094506245467975e-06,1.495719662303494e-07,7.10869275597057e-05,4.604824923031804e-06,4.679045968891616e-06,1
0.4996368295498596,0.5002562586166107,7.633046300604274e-06,1.727359516490768e-07,8.850468017492855e-05,5.197688322909554e-06,5.403682779709766e-06,0
0.547889441653172,0.452015690937115,6.66562652839855e-06,1.5848290756707007e-07,7.87501772669572e-05,4.5389282086223605e-06,4.75419480138887e-06,0
0.42591702309337515,0.5739621925842985,8.352625390323416e-06,1.8902003718378297e-07,0.0001006418981327794,5.687682446454564e-06,5.913096319549913e-06,0
0.30288525631356766,0.6970358997861543,1.0087092697583349e-05,2.2827105822108988e-07,5.4135898108368744e-05,7.027709032617049e-06,7.364929380983569e-06,1
0.25714032129464137,0.742665853825694,1.3677245665569e-05,2.5605892940833146e-07,0.0001615637044498656,8.809240493650134e-06,9.518630126276384e-06,1
0.0830227119902571,0.9169234778142192,1.570701551470541e-05,2.015442554890995e-07,1.6416214628821507e-05,7.094215692507268e-06,1.4391205432266648e-05,1
0.07689873694753543,0.92305089269494,1.5021329957336277e-05,1.9274589497113819e-07,1.4608800854907535e-05,6.784519605643441e-06,1.3762961211790844e-05,1
0.07447754227569724,0.9254846399330613,1.1596879817888636e-05,1.3639810373114762e-07,1.1543931688466068e-05,4.801117082546053e-06,9.739464548880317e-06,1
0.34702410198464345,0.6529437983260121,1.1802223405469095e-05,1.816414374858235e-07,7.460452007323616e-06,6.24897213666424e-06,6.406400357471139e-06,1
0.6393343123209746,0.3606310169929686,1.0914288319881905e-05,2.0275784347841107e-07,9.529961991121105e-06,6.872432327646606e-06,7.15124557472516e-06,0
0.6000351635386274,0.3999224513174746,1.184170438834246e-05,2.679779469574882e-07,1.3565875527630243e-05,8.063554994781288e-06,8.646031040392827e-06,0
0.30369111956388145,0.6962766707418441,9.292005328242528e-06,1.7361217852271247e-07,1.0767435494440999e-05,5.853359914101686e-06,6.1232813590816245e-06,1
0.4768347897421396,0.5231280003631782,1.016257658957993e-05,1.898779648520281e-07,1.3758703103378785e-05,6.401763271985372e-06,6.696973752487489e-06,0
0.2529542894951749,0.7469994559763068,9.261570969191926e-06,1.8916270338734623e-07,2.257556635554867e-05,6.525232305692417e-06,7.702996184509187e-06,0
0.2098269277864377,0.7897868388332211,7.311442283091273e-06,1.5381966427048714e-07,0.0003682437333537381,5.186052410048293e-06,5.338332629877129e-06,1
0.22601877803726483,0.7736887034495828,8.015032965017984e-06,1.686219533794496e-07,0.00027279769637650775,5.685113745748367e-06,5.8520481117175764e-06,1
0.21250787917973724,0.7872134442457932,7.6011204124600286e-06,1.5991397383086647e-07,0.0002599741806554208,5.3915229455164255e-06,5.54983648237245e-06,1
0.17028390351426195,0.8295103164445938,6.608039456251818e-06,1.5197128898905405e-07,0.00018645218223806227,5.242301715357218e-06,7.325546445612184e-06,1
0.1862177637269625,0.8136342278473809,6.4049961819599984e-06,1.5560825738071892e-07,0.00013084693241497523,4.878055665829594e-06,5.722833136455659e-06,1
0.1270973468068586,0.8727725414900912,6.952930154942376e-06,1.4627721053105265e-07,0.00011300416746795502,4.931757482422599e-06,5.076570734234458e-06,1
0.12543564549131803,0.8744228396275857,7.562295020978827e-06,1.5909715705907578e-07,0.0001229080163253641,5.363983848951607e-06,5.52148874382965e-06,1
0.11295469772231521,0.8869016671409362,7.401902549911885e-06,1.5572278643618416e-07,0.00012533497038144892,5.250216451367962e-06,5.492324579316245e-06,1
0.07948189703032338,0.920370697379447,8.435355310262708e-06,1.4333514032198746e-07,0.0001222451159004078,1.152637013802928e-05,5.055413740575534e-06,1
0.11427500296277521,0.8855440095389358,8.49477063445107e-06,1.6357996621819968e-07,0.00015224574908943598,1.342217081427849e-05,6.661227784743234e-06,1
0.20755730362726668,0.7922270545201081,1.1617400921891186e-05,2.0767184689128193e-07,0.00018009035839953842,1.7040026763261135e-05,6.686394693674864e-06,1
0.07241019448333301,0.9275463284851019,5.66297861984398e-06,1.0626986333491195e-07,2.4269553878259563e-05,9.110805599048475e-06,4.327423604843639e-06,1
0.07496758045712518,0.9249367427354475,1.7471686623688437e-05,1.1476882596752139e-07,6.112042613114057e-05,1.366444733927891e-05,3.30547850749123e-06,1
0.047505318823586926,0.9523020082876154,1.9346530833180232e-05,1.1726130408135479e-07,0.00014339588072587463,2.5913928407701172e-05,3.8992875268985715e-06,1
0.05599610791871568,0.9438111520441471,1.9174034492014533e-05,1.1621578609734179e-07,0.0001431969873179196,2.690564686302223e-05,3.347152677894189e-06,1
0.06291330205404397,0.9368270394783188,1.9295392281582073e-05,1.1569636883155039e-07,0.0002072539882138915,2.98121393770135e-05,3.1812513961706575e-06,1
0.03478921377581215,0.9649657398564271,1.6211796251872703e-05,9.983505249176651e-08,0.00020154520497767773,2.4444411615826606e-05,2.7451198627384535e-06,1
0.036636177751846244,0.9630631161695122,1.792620883632906e-05,1.1039270247098916e-07,0.00025454734251791517,2.5086715734228893e-05,3.035418850302911e-06,1
0.0651374685922822,0.9345059378191937,2.2543979408116956e-05,1.374148177358603e-07,0.00029589395267273647,3.4325866879076186e-05,3.6923747465119968e-06,1
0.22999077685520347,0.7470724423008929,4.362933267557727e-05,3.779180617759236e-07,0.02277961114125629,9.34472679285145e-05,1.9715183981567245e-05,1
0.08551673117503311,0.914243543789647,2.296624042176771e-05,1.6432724432485892e-07,0.00018665954372834855,2.4832643066578786e-05,5.102280858893763e-06,1
0.0713431841775993,0.9284118859360521,2.3414765896506908e-05,1.5478138688371613e-07,0.00019018956649809968,2.6562258093765998e-05,4.608514473116247e-06,1
0.12258729020109452,0.8771243668035957,2.4817420673038518e-05,2.1088397792655467e-07,0.0002245654205689572,3.554744331009256e-05,3.2018267797799046e-06,1
0.12365963129378636,0.8760959378077698,2.477844303482883e-05,2.0900324497401244e-07,0.00018189379639069455,3.435158313791644e-05,3.198072635413881e-06,1
0.17694917360258422,0.7814570413701184,5.601606899235643e-05,2.795359768598605e-07,0.04147739890317082,5.53470495684192e-05,4.743469589011879e-06,1
0.14853559082861237,0.769692104134559,7.386374268973996e-05,3.9845019705027834e-07,0.08162520834755635,6.69814159029921e-05,5.853080482579992e-06,1
0.05628017564099484,0.9248234377902843,5.71318040915967e-05,2.2149868692250836e-07,0.01877802723859861,5.6812650543221286e-05,4.193376800522671e-06,1
0.020724991728136848,0.9682639833562363,3.306079641960461e-05,1.398002504056756e-07,0.010942319499842524,3.3099755339302704e-05,2.4050637747387573e-06,1
0.019914502182946284,0.8722112702563091,3.676184829810605e-05,1.3528142295046266e-07,0.10780298609421624,3.2017013009264065e-05,2.3273237979841354e-06,1
0.014290240961464003,0.9222874365403354,4.714535448495442e-05,1.4302361397976579e-07,0.06332669524585761,4.2191582214147746e-05,6.1472920297020575e-06,1
0.010899832861600836,0.9800167313940839,4.468902463364753e-05,3.38429202796735e-50,0.0089835047702709,5.286904913609594e-05,2.372900274712362e-06,1
0.009583921879562824,0.9737884367071977,4.439523981397915e-05,5.152647228946066e-07,0.01652883838485465,5.128024974570837e-05,2.61227410230987e-06,1
0.005375662450329776,0.9851221306831052,3.513793825221882e-05,3.3448213763147385e-07,0.009414207884510913,4.963987116326467e-05,2.8866905012324525e-06,1
0.8179472793529298,0.1820063416237963,1.6053215438629197e-05,1.6222411536151068e-07,8.47482333091329e-06,7.190049801583652e-06,1.4498710587333377e-05,0
0.694751149267332,0.3052032122982152,1.5519815466989475e-05,2.0149084129693756e-07,1.3940589584548011e-05,8.869980004866091e-06,7.1065585550370945e-06,0
0.5068751013778344,0.4930853595164355,1.3692785840180243e-05,1.777708597441136e-07,1.3405021009964237e-05,5.993570457878087e-06,6.26995756243354e-06,1
0.49017577570596504,0.5097830167317488,1.4127468007734094e-05,1.8341425645997617e-07,1.4243842112334294e-05,6.183838401043616e-06,6.468999508719716e-06,1
0.4322862069243858,0.5676681382434187,1.5652155707684107e-05,2.032089897176915e-07,1.5781089328666118e-05,6.8512207191906595e-06,7.1671574501518275e-06,1
0.48658932724625864,0.5133754610900766,1.0658858115055603e-05,1.5581795662830604e-07,1.3647881243828647e-05,5.253425128272564e-06,5.49568122093159e-06,1
0.4266648935923201,0.5731727452841944,9.434751034315843e-06,2.135085566500024e-07,0.00013556714068045916,6.424551004851118e-06,1.0721172209247086e-05,1
0.47586240476431724,0.5240523765901248,5.927380384889402e-06,1.4093025969142978e-07,7.002826426743595e-05,4.036222839306477e-06,5.085847806614348e-06,0
0.4551200922877434,0.5447919220656926,5.524595789598297e-06,1.7831527721370143e-07,7.279965589969925e-05,4.195957688082466e-06,5.2871219093164756e-06,0
0.4551194695080091,0.5447911765803267,5.524588229821534e-06,1.39445020075498e-07,7.424615778652329e-05,4.195951946394814e-06,5.247768681405075e-06,0
0.1318979854478717,0.8679246364494118,9.927110802106924e-06,1.858506768292103e-07,0.00015343103319907477,6.2659826690582584e-06,7.568125369684381e-06,1
0.11513636181142153,0.88474702787961,7.861665141291274e-06,1.4718237930853863e-07,9.742725264005212e-05,5.180715979313358e-06,5.993492828864368e-06,1
0.10799909011913816,0.8918834907188394,7.793340164667582e-06,1.48369567903048e-07,9.821311113528805e-05,5.222504180801391e-06,6.041836974142692e-06,1
0.12407897120396338,0.8758933152235853,5.5871047551290106e-06,1.0636727010913373e-07,4.759363796213457e-06,3.744052912578239e-06,1.3516683717421081e-05,1
0.11356738813030567,0.8864074379595769,7.685198085158975e-06,1.138835216158783e-07,4.921866086442715e-06,4.008619666210484e-06,8.444342758050064e-06,1
0.336374643139803,0.6635943262854886,1.1384632679154482e-05,2.0292883867430585e-07,7.210923259719423e-06,6.0399635954197395e-06,6.192126335430442e-06,1
0.35376675196299984,0.6461955156782989,1.4181091447274373e-05,2.0623857564341599e-07,8.975917568314475e-06,7.095182302780505e-06,7.273928807293419e-06,1
0.527314826519617,0.4726532852974002,8.679228794622307e-06,1.8259544527938146e-07,1.0533126608029972e-05,6.156232062695154e-06,6.337000072291073e-06,0
0.5628991407881606,0.43705435491502326,1.2182114753500701e-05,2.7568143859911013e-07,1.5050995707127053e-05,8.29535589186746e-06,1.0700149024867661e-05,0
0.5672464372688993,0.43270398337224486,1.17840116812013e-05,2.974378681446275e-07,1.7354342118705036e-05,8.950014859600333e-06,1.1193552328137482e-05,0
0.3378271801222381,0.6621425833934672,7.895453933067782e-06,1.6126048328274778e-07,1.0050259348398101e-05,5.562735657215963e-06,6.566774872610582e-06,1
0.32213874091780603,0.6778334040865556,8.006050574950389e-06,1.4958535134019842e-07,9.277290540180435e-06,5.146211215237873e-06,5.275857956780854e-06,1
0.31187474086149414,0.688093248942525,8.340779688585339e-06,1.7035602701738306e-07,1.0565488824615773e-05,5.996412039862256e-06,6.93715940100498e-06,0
0.224308110537199,0.7756493224643025,1.0676705854384312e-05,1.7376330398665696e-07,1.8782165250275307e-05,5.85845513115488e-06,7.07590895905152e-06,0
0.17562452377260232,0.824039985910439,1.5925305508325964e-05,2.316024410522222e-07,0.0003033563077593834,7.808510071117065e-06,8.168591178799946e-06,1
0.17987705947814342,0.8199252541533677,8.167794670785849e-06,1.526073841360504e-07,0.0001788383415232059,5.145180208547489e-06,5.382444702266299e-06,1
0.16377777113682898,0.8361022606339881,8.015409345900394e-06,1.4976021097011994e-07,0.0001016324587275318,5.049187350098431e-06,5.1214135486574604e-06,1
0.13763037331054553,0.8622393566703063,7.232660752488843e-06,1.5072562267559083e-07,0.000112650468283586,5.081736346519604e-06,5.154428142830391e-06,1
0.0893641776731954,0.9105160334641311,7.259199567839186e-06,1.3563115891390302e-07,0.0001030375124350736,4.572824299799534e-06,4.783695211678304e-06,1
0.07711078596173927,0.9227361606687996,9.727409912448164e-06,1.439781417662655e-07,0.0001257408926236279,1.1578077434853961e-05,5.863011348528102e-06,1
0.19511222689863628,0.8046458858893455,1.0753030841348686e-05,1.9973781900646513e-07,0.00020744745021129525,1.6062020989824597e-05,7.424972156779696e-06,1
0.15650155067552546,0.8432865661156661,1.0720767361731584e-05,1.848610752495573e-07,0.00018015992248704324,1.4865699874112599e-05,5.951958010287042e-06,1
0.04966598550732532,0.9502998395946907,5.2909336811700056e-06,8.990554881700027e-08,1.8774668262349405e-05,6.848467886857291e-06,3.1709226047323085e-06,1
0.06367275269675109,0.9362864439667548,5.6732824690431786e-06,9.883022822063993e-08,2.307661670027465e-05,8.468915625844537e-06,3.4856914708741805e-06,1
0.0705656919549546,0.9293549331252146,1.5279058484061558e-05,1.0645639952557459e-07,4.896410511890905e-05,1.1485307551567402e-05,3.5399922769118173e-06,1
0.038077175513990875,0.9617103335049524,2.0843823554350567e-05,1.1803880074379504e-07,0.00016397041402619074,2.36577320718569e-05,3.900972603663792e-06,1
0.05266408478678822,0.9471269987251555,1.849467606598013e-05,1.2653239349240212e-07,0.00015919727319925063,2.5269402351145306e-05,5.828604046598949e-06,1
0.050944621140913054,0.9488393221031497,1.742318109676855e-05,1.200151907811398e-07,0.00016738906610965632,2.7314408899700042e-05,3.810084640320025e-06,1
0.05089083647460366,0.9488179321954702,2.065816493993823e-05,1.175298900441561e-07,0.00024047519202081695,2.6748776164986546e-05,3.231666910299739e-06,1
0.04448695765588947,0.9551059588495181,2.0580177186480663e-05,1.4261970004469106e-07,0.0003487882237855693,3.3987315542370104e-05,3.5851583781783983e-06,1
0.052840373352865115,0.9467783711149981,2.3435422893362833e-05,1.4351569566813914e-07,0.0003198680738905824,3.420083783956446e-05,3.6076818178940164e-06,1
0.22859692730215303,0.7561612889482371,4.324358849423332e-05,4.655621965058363e-07,0.015097649330445027,8.047023053244098e-05,1.995503794175451e-05,1
0.18753326021471456,0.8121396359248269,2.6884674171522663e-05,1.4442707656145342e-07,0.0002558617615688753,4.0559706636771615e-05,3.6532910048346864e-06,1
0.37048842244656927,0.6184396027653243,3.8319612522341404e-05,2.9916861643766103e-07,0.010935650471628344,9.262891783201266e-05,5.0766175073423156e-06,1
0.014319876716621117,0.9783440889018719,5.46089488402035e-05,1.9018920846831935e-07,0.007218356130301812,6.0008458579195964e-05,2.870654577192946e-06,1
0.013914747553820274,0.971594352665765,4.78381380038728e-05,3.1086859214924983e-50,0.014356809591001843,8.335008137987855e-05,2.901970029154543e-06,1
0.012462878437745436,0.9730480333978918,4.790971250333984e-05,4.145057548896671e-50,0.01437828997262406,5.998216733447211e-05,2.906311900744283e-06,1
0.004349882301517139,0.9913181965816478,3.8105522161187175e-05,3.0452611443925887e-07,0.004246270729928378,4.496515786208387e-05,2.275180769095819e-06,1
0.004459064888461245,0.9902921465627186,2.4625581603376122e-05,3.042109189484848e-07,0.005179977215768478,4.160871465425762e-05,2.2728258750978594e-06,1
0.005584838218691619,0.9888390454561502,2.580693842260313e-05,2.668617027678561e-07,0.005508074038370384,3.966538268245136e-05,2.30310398031312e-06,1
0.0034577197766953558,0.9939285554187963,3.768846827920887e-05,1.1108794130552702e-06,0.002500282475717848,7.096300316321244e-05,3.6799779349242562e-06,1
0.004886030055802204,0.9911901479508528,7.942002966205314e-05,1.6701044962419701e-06,0.003737780248519772,9.97515123488258e-05,5.200098317947941e-06,1
0.799847302765691,0.2001106813923625,1.6661638465731387e-05,1.6837247160294744e-07,1.1784798055169264e-05,7.462555448942519e-06,5.938477504986488e-06,0
0.8137603988077399,0.18620175343847123,1.2669971455327241e-05,1.6449185321642723e-07,1.1970462236588218e-05,7.241219698134506e-06,5.801608545504019e-06,0
0.6899608637752094,0.30999515753775897,1.5165250694220836e-05,1.968875936287313e-07,1.3005009225015286e-05,8.667336973988755e-06,6.9442025447743925e-06,0
0.7251530470686331,0.27480261031888614,1.4685127861504073e-05,1.9065424931508692e-07,1.434954292320657e-05,8.3929342315634e-06,6.724353215278867e-06,0
0.3624983574548759,0.63745436682456,1.5225792534611806e-05,1.9767359694043224e-07,1.821573549775065e-05,6.664594144563703e-06,6.971924790227844e-06,1
0.4254959913376123,0.5744547087589141,1.246822317550703e-05,1.82716050315767e-07,2.414748028198686e-05,6.160298279082881e-06,6.341185686686462e-06,1
0.40871830536080794,0.577694428609486,7.059080128437096e-06,1.0525135037369927e-07,0.013559574993815394,4.474844720503042e-06,1.6051859691255666e-05,1
0.41030635972857443,0.5896061982630321,6.863965034267058e-06,1.832262817679101e-07,7.06305052630839e-05,4.8686539577520325e-06,4.895657856586749e-06,1
0.434453320483011,0.5654595508737196,6.407154330565236e-06,1.710322035211224e-07,7.143597954700168e-05,4.544635226680677e-06,4.569841961635945e-06,0
0.4253587943834146,0.5745756064101447,7.024886833606265e-06,1.615579195876847e-07,4.656306342483086e-05,5.572995824527516e-06,6.27670243808181e-06,0
0.1235840173377184,0.8762936187864913,8.476294656090278e-06,1.7832607408702356e-07,0.00010150813451257003,6.012289590407711e-06,6.188830957156719e-06,1
0.11741233121458103,0.8824619597258205,8.79192555906363e-06,1.8496638357028802e-07,0.00010407671525074138,6.236168592890734e-06,6.419283812161387e-06,1
0.08817691292022756,0.9116707935261663,1.1844833184245972e-05,1.9277456711240113e-07,0.00012590644638523738,6.4994226395610505e-06,7.85007682987348e-06,1
0.0881339750223938,0.9117238044785154,1.0507003885748481e-05,1.9631325746306015e-07,0.00011818504399277277,6.618730100726605e-06,6.713407854059403e-06,1
0.14048999552860025,0.8593333216442719,1.1645430665451434e-05,1.895292926839807e-07,0.00015177318330520818,6.390007738998125e-06,6.684676125643552e-06,1
0.22943574023319308,0.7704095005178846,8.5799648249431e-06,1.6063004651343838e-07,0.00013393656300858366,5.540988524720343e-06,6.541102517851406e-06,1
0.12665741956288565,0.8732198773698823,7.483694770881201e-06,1.5285051951711697e-07,0.00010346198320867302,5.380230518278735e-06,6.224308214868534e-06,1
0.11415756071777149,0.8857281843044041,7.856022423468648e-06,1.6045511549155687e-07,9.405661429276723e-05,5.647906934885741e-06,6.5339790576239086e-06,1
0.07395219733232862,0.9259949162016469,1.4095389305036851e-05,1.657846250673103e-07,2.0951990134352383e-05,5.835501914330456e-06,1.1837800045777061e-05,1
0.21848344266698652,0.7814889186587342,1.0099274674988339e-05,1.4965832824676357e-07,6.146828558700455e-06,5.148663962245763e-06,6.09424875494048e-06,1
0.21548875437013126,0.7844831609270081,1.0262255182432059e-05,1.5207349082682917e-07,6.246025111909135e-06,5.231752292074259e-06,6.192596783539831e-06,1
0.5558659539829102,0.44408753160463876,1.4636894286383661e-05,2.719137550473598e-07,1.2798781193418433e-05,9.216456677880524e-06,9.590366538379456e-06,1
0.5964531355212198,0.4035029855087256,1.207857375591512e-05,2.7333830427916975e-07,1.4751391015011082e-05,8.224850118300951e-06,8.55081686103826e-06,0
0.31312697256770344,0.6868434754471333,7.786135904804108e-06,1.6708191579501985e-07,9.911106546694838e-06,5.361642775097214e-06,6.326018021017775e-06,1
0.2623319217511484,0.7376351069925262,8.591199667398424e-06,1.754707230373192e-07,1.0882702512831404e-05,6.17644573359856e-06,7.145437688537259e-06,0
0.3971782522888847,0.6027887912633098,9.234463537675847e-06,1.7253706553434465e-07,1.1528261868325166e-05,5.9358230852279025e-06,6.085362248932794e-06,0
0.23184153840030974,0.7681177366573625,9.130181873979553e-06,1.705886629910036e-07,1.9538737624058504e-05,5.868791849010556e-06,6.016642317674823e-06,0
0.14185256948284758,0.8578222408628148,8.945020652215606e-06,1.671291037298117e-07,0.00030454809841485024,5.634782102131395e-06,5.8946240646066885e-06,1
0.14674107469973216,0.8528295081624702,7.983269925479281e-06,1.4915971682502867e-07,0.00041099492067594296,5.028941602435801e-06,5.260845876898568e-06,1
0.14425975340959554,0.8553217963405298,7.995812012193058e-06,1.4939405364691803e-07,0.0003999990905970332,5.036842302555556e-06,5.2691109093717015e-06,1
0.18923565082746793,0.8106313370694149,8.078714289402065e-06,1.6996169450818874e-07,0.00011193721272969921,5.730283313257762e-06,7.0959310903789685e-06,0
0.2596383222107258,0.7401350498052345,7.95887364142453e-06,1.8047081978041752e-07,0.00020521671235637566,5.430433350112638e-06,7.841493872228764e-06,0
0.37608141364989955,0.6236880324426046,9.269009168612085e-06,2.2929694497946954e-07,0.00020506101936272218,6.899629417157253e-06,9.094952602304218e-06,1
0.24681659358587207,0.7530473351414774,6.770613071820123e-06,1.644908555094008e-07,0.00011774043102268382,5.156510092723477e-06,6.239227607788359e-06,1
0.07540250428709822,0.9244672572579155,7.887001601106283e-06,1.3364477905318197e-07,0.00010758373907574532,9.92043370528006e-06,4.713635824850108e-06,1
0.08621148388875267,0.9136517769549913,8.48702084997782e-06,1.4634398332274835e-07,0.00011117592832033378,1.1768327818721406e-05,5.161535283521048e-06,1
0.052485288238683064,0.9474764066177035,4.772407168283017e-06,9.190112536700782e-08,2.1672072031704493e-05,8.026450211353128e-06,3.7423130767707747e-06,1
0.05664406922976545,0.9433222180441905,4.979143364803331e-06,8.900781954807787e-08,1.8587198529555456e-05,6.918116176396427e-06,3.1392601537577916e-06,1
0.05437935705034718,0.945582670316909,4.733403302841659e-06,1.0162249739936852e-07,2.1494950811415964e-05,7.930928181475109e-06,3.711727950535975e-06,1
0.05322001430575616,0.9467203478066848,1.2998882501918388e-05,1.022344338714081e-07,3.6383424581541414e-05,7.033786818533324e-06,3.119559223314683e-06,1
0.06094094774242746,0.9389755683958695,1.626700769657292e-05,1.0598314901034205e-07,5.165372086807748e-05,1.2404709413885707e-05,3.05244057571056e-06,1
0.07035343443402492,0.9295022169690831,1.743698142508288e-05,1.2683931490098367e-07,0.0001075585148674239,1.5101567210465183e-05,4.1246940742590735e-06,1
0.06916979095106732,0.9305821101125079,1.648318032392486e-05,1.1354023242188942e-07,0.0002054717561133931,2.24259335882305e-05,3.6045261670074244e-06,1
0.03384856792236167,0.9658650764499219,1.590437323932805e-05,1.0407297282458627e-07,0.00024070869912541784,2.6776834313003306e-05,2.8616480659292727e-06,1
0.03916969460415566,0.9606177567350648,1.3362780476580525e-05,9.587931633340362e-08,0.00017039004543673093,2.565610494941353e-05,3.0438506001499745e-06,1
0.04209037309340584,0.9575178124267462,2.2862393720486876e-05,1.3831791289612066e-07,0.00033229353960025554,3.29621682648989e-05,3.5580603496142487e-06,1
0.07946689449945318,0.9201427340193291,2.8479753366724374e-05,1.7167165821832635e-07,0.00031142629363981153,4.2572620502012475e-05,7.721142050915074e-06,1
0.12890785468887522,0.870592503521372,3.372253979892568e-05,2.1410211318334084e-07,0.000400962780687076,5.3094891188394514e-05,1.1647475965381568e-05,1
0.36034400236429864,0.6307965140724058,3.13752302993223e-05,2.8717474959224e-07,0.008756372310588576,5.582593505419008e-05,1.562291260391045e-05,1
0.3128135928749167,0.6735594024192287,3.5169632851023e-05,3.0047557491460006e-07,0.013532561664162737,4.964320818761478e-05,9.329725078091706e-06,1
0.3057777811989204,0.6819801416351027,4.0088914189266456e-05,3.13129269918786e-07,0.012142589749841299,5.1047235595301556e-05,8.038137081021413e-06,1
0.1498463970894338,0.8498495558389284,3.350169855944679e-05,1.6436793653135233e-07,0.0002350480090208397,3.254385409100673e-05,2.7891420300390066e-06,1
0.12910380241815203,0.8705924003042784,4.009316390069823e-05,1.4846966734035993e-07,0.00022861634585539655,3.2128526366271534e-05,2.810771779675113e-06,1
0.10619489477064235,0.8934989034938446,3.2648899611538356e-05,1.360961566202381e-07,0.00023725999963608712,3.381542630610218e-05,2.341313802737543e-06,1
0.030691817219014893,0.9690156902892989,3.7841451741332064e-05,1.3520021960951228e-07,0.0002146839870364298,3.447531617030399e-05,5.356536518542504e-06,1
0.016057675175530074,0.9356282924155425,4.792396474476145e-05,1.084247612294903e-07,0.04822410508003965,3.768314518444779e-05,4.211794197339837e-06,1
0.014588849671197921,0.9098070560757452,6.212268543601777e-05,1.0582357823817107e-07,0.07547535005962004,5.702114863585511e-05,9.494535786653524e-06,1
0.003792404170524519,0.9925027737971666,3.333279057021238e-05,2.6638409920815795e-07,0.0036298993899437832,3.9333254210068676e-05,1.990213485721276e-06,1
0.0055103280291115275,0.9866982590438338,2.672131968997119e-05,2.7631704140559044e-07,0.0077208071442465016,4.122343942426207e-05,2.384706652505907e-06,1
0.015175361090041153,0.9817375996684325,2.771537565321375e-05,7.184070148142906e-07,0.0030006315545629465,5.5410893449721256e-05,2.5630108454959104e-06,1
0.0030376532004092152,0.9950224988526969,4.106552451268344e-05,1.2703148131114456e-06,0.001816180779712843,7.732160734959179e-05,4.009720505837932e-06,1
0.8461693826634892,0.15377902899990972,1.6762872399834183e-05,1.6939548069836353e-07,1.1952451762253979e-05,7.661111839722398e-06,1.5042505118590112e-05,0
0.8567954745730504,0.1431709217007704,1.3166623675767303e-05,1.3305395957992971e-07,9.68265216444789e-06,5.928598688898529e-06,4.692797690694245e-06,0
0.823187961873503,0.1767750905460991,1.4651788426803425e-05,1.4806213902061543e-07,1.036322856915171e-05,6.562366827612906e-06,5.2221344352987155e-06,0
0.7980044223835148,0.20195362432869773,1.4044346242906131e-05,1.8233510224188026e-07,1.3268957781873342e-05,8.026710795689521e-06,6.430937864868064e-06,0
0.7633631436798093,0.23659048214481523,1.5770011677538663e-05,2.0473909157801134e-07,1.4165326965884413e-05,9.012973675737042e-06,7.221123964935044e-06,0
0.7057512149304738,0.29419896536013845,1.5350431648646907e-05,1.9929176308415055e-07,1.4497404813028844e-05,8.83295124419231e-06,1.0939629918901904e-05,0
0.596433803897708,0.40352726695064306,1.3326808979487763e-05,1.7301945108767783e-07,1.3493571265103987e-05,5.833376022201107e-06,6.10237593133543e-06,1
0.36418125024632625,0.6357729949201681,1.5185632452381415e-05,1.9715220615634934e-07,1.677149807082362e-05,6.647015378251905e-06,6.9535353978698986e-06,1
0.46078931988380106,0.5391652410497197,1.4992412238077069e-05,1.9464366450399753e-07,1.6824511620857435e-05,6.5624395306606045e-06,6.865059425337152e-06,1
0.31884339608242257,0.681095359574139,1.633675803510391e-05,2.1636758920237215e-07,2.9765093269744295e-05,7.294864819533955e-06,7.631259724668386e-06,1
0.4675733888915979,0.5323586725864029,5.652134063687269e-06,1.5087773661040376e-07,5.409508471009266e-05,4.00909456000085e-06,4.031330928585784e-06,1
0.44018510510334896,0.5597614760061734,7.531663994944338e-06,2.0104979883048788e-07,3.497203181860794e-05,5.342257067799851e-06,5.371887797496345e-06,0
0.13971363265066483,0.8601417473924972,8.786031435139948e-06,2.2517457244780185e-07,0.00012041038159501257,6.9701502190699655e-06,8.228219016220061e-06,0
0.16056582147611237,0.839282070027664,8.799193731071765e-06,2.0236332156132053e-07,0.0001280177500733458,6.980592155289963e-06,8.108596942525115e-06,1
0.10968022480032448,0.8901884654865445,8.86901240955418e-06,1.8658815298362903e-07,0.00010938232331330311,6.290846785139354e-06,6.580942470234913e-06,1
0.11857587016712944,0.8812834611884164,1.0492666266174372e-05,1.9604537283738893e-07,0.00011666598759412476,6.6096983315105826e-06,6.704246889725136e-06,1
0.08244692682180159,0.91742854419322,9.948970001961498e-06,1.6191940869992795e-07,0.00010256584501237393,5.459136474548726e-06,6.393114080795566e-06,1
0.09928111100051423,0.9006165472049344,8.022145266465815e-06,1.6384808696262443e-07,8.18467605007752e-05,5.636894623489338e-06,6.672146073783873e-06,1
0.06293274250681291,0.9370339477928211,1.011435800903857e-05,1.1896124427906481e-07,1.0068178662067787e-05,4.187351923857618e-06,8.820850526600553e-06,1
0.1517431550649136,0.848226139381435,9.308056584482206e-06,1.379319376670003e-07,6.176950783491835e-06,4.8551069556437495e-06,1.0227507390145121e-05,0
0.3782703133876265,0.621694567337135,1.1323136719906983e-05,2.1035550184360087e-07,9.036779219958223e-06,7.129873113439348e-06,7.419130683283888e-06,1
0.4792873577214113,0.5206669304560095,1.4367573978189105e-05,2.66910514955654e-07,1.2616562284304535e-05,9.046872959887992e-06,9.413902841827523e-06,1
0.5114287596708135,0.4885433004478588,8.717746262782833e-06,1.6288270045323223e-07,7.822784453380689e-06,5.491613996473481e-06,5.744853914563784e-06,1
0.49120044485452397,0.5087703093593453,8.426036516533111e-06,1.7726873275077022e-07,8.513703927885137e-06,5.976641173080016e-06,6.15213578048338e-06,1
0.39511457848038106,0.6048570253502812,7.143718224228153e-06,2.1008651903687486e-07,8.944362870242088e-06,5.667267356503017e-06,6.43073436768824e-06,0
0.38416098439837265,0.6158063043518454,8.978334289448905e-06,1.833777435552757e-07,9.983499465005014e-06,6.3256781329754865e-06,7.240360151020443e-06,1
0.3342313311429697,0.665736431415439,7.83064459306441e-06,1.904111348225233e-07,1.235187230532916e-05,5.502333470526506e-06,6.3621800874739735e-06,1
0.4003751946474368,0.5995920912161772,9.402659179032152e-06,1.756796392503905e-07,1.089565950621243e-05,6.0439376028416396e-06,6.196200458664067e-06,0
0.33287501319912677,0.6670940613612272,8.88855403430456e-06,1.6607407930795201e-07,1.0299922225865694e-05,5.713475830605707e-06,5.857413475863894e-06,0
0.32530466128415614,0.6746635609960805,9.047552790680626e-06,1.6904481807765004e-07,1.078325238716935e-05,5.815678680264379e-06,5.9621910870083405e-06,0
0.32388339923571624,0.6760750892871719,9.378250837559463e-06,1.752235928763834e-07,1.983872194137395e-05,5.939164984156407e-06,6.180115756055089e-06,0
0.23675859100956573,0.763198174263515,1.1705560762549362e-05,1.7023450162850422e-07,1.9498172994398333e-05,5.856607573215039e-06,6.004151087580526e-06,0
0.15168437844664473,0.8481807706346175,9.1236237094857e-06,1.7046612999789097e-07,0.00011379721787585876,5.747290429347185e-06,6.012320593248671e-06,1
0.2281127115746526,0.7716654026055061,9.956879171725512e-06,1.824660586892065e-07,0.00019679910407676524,6.1518697749409394e-06,8.795500759172055e-06,0
0.505732090613693,0.4940655158224449,1.190766722531734e-05,2.3472620687381802e-07,0.00017487141124454528,7.062997904613776e-06,8.316761280726053e-06,0
0.2757331687799234,0.7240863378261251,8.508512578792063e-06,2.104837642455954e-07,0.00015769198551059965,6.480097226234103e-06,7.602314871788181e-06,1
0.15150508864849288,0.8483752486008258,6.030728929757418e-06,1.3869433665861689e-07,0.00010315160611620336,4.784308692862159e-06,5.557412605697057e-06,1
0.08427744113372802,0.915608972344613,7.566391437249292e-06,1.4137074340495501e-07,9.612629456083229e-05,4.766335227831165e-06,4.986129689616352e-06,1
0.16976625395010358,0.8299880381062102,1.0876351561638905e-05,2.020285044952817e-07,0.00020982655330881953,1.7292885146757258e-05,7.510125164152086e-06,1
0.19229923995902712,0.8075005445136559,1.0681097398718936e-05,1.8417703540705443e-07,0.00016939065426248452,1.4029664588944397e-05,5.929934031391301e-06,1
0.0599444549339024,0.9400200676298606,4.894095309151153e-06,9.090896591556915e-08,1.918492731152991e-05,7.961448057742347e-06,3.3460565928409975e-06,1
0.04911860300173868,0.9507970181942184,1.6643041819609282e-05,1.105045277687934e-07,5.3237743407853904e-05,1.1204852633273775e-05,3.182661654337937e-06,1
0.050305658644108374,0.949610644834794,1.667184646201532e-05,1.0703912293033624e-07,5.08518777115003e-05,1.2528305001943689e-05,3.537452798912753e-06,1
0.06909017917889054,0.9308054949731787,1.7552753751818926e-05,1.2456582429443924e-07,6.776688202210457e-05,1.4830884013982339e-05,4.050762318635686e-06,1
0.07652761161074745,0.9233220238573795,1.7086063674296913e-05,1.2985642396734762e-07,0.00011182258280990904,1.546078608028143e-05,5.865242884480001e-06,1
0.09667745725816035,0.90313971313437,1.8749173270555886e-05,1.5327791288381244e-07,0.00014287252577528976,1.4618481307256174e-05,6.436149203894131e-06,1
0.08822758671998329,0.9116043360249708,1.8362287325605e-05,1.5011504968390373e-07,0.00012683837441308083,1.6423137877908172e-05,6.303340379170969e-06,1
0.11215154910277585,0.8875739452799147,2.122559616228147e-05,1.4552798096072085e-07,0.00022701260490786142,1.5030939801792435e-05,1.1090948456434799e-05,1
0.09325986670773566,0.9065004988216444,2.0172846045271092e-05,1.5358408853782345e-07,0.00018317077840339623,2.9560183697296888e-05,6.577078385486304e-06,1
0.04938011767344751,0.9503796895766407,1.757149777495015e-05,1.396548707978218e-07,0.00018529578096429986,3.001765469375955e-05,7.168161608112287e-06,1
0.07644591764429737,0.9232740521936662,1.848202631107361e-05,1.31075968596503e-07,0.00022787963188822293,2.6300557164383724e-05,7.236870703882311e-06,1
0.0443383739563659,0.9554385191752619,1.668057258285566e-05,1.0509768156758361e-07,0.00018026366036015415,2.2721034596335713e-05,3.336503151539573e-06,1
0.03735016135686482,0.9624201177128756,1.5516536774578184e-05,9.69654497208299e-08,0.0001876994172039878,2.3741795154414116e-05,2.666215676602852e-06,1
0.037251892576681156,0.9625250396577371,1.5080518948558262e-05,9.424070094469896e-08,0.00017954329165809494,2.575841979812098e-05,2.5912944760861724e-06,1
0.0514205570965901,0.9482604477141698,2.0435054059638246e-05,0.0,0.000264615171460348,2.9973510559520696e-05,3.971453160660807e-06,1
0.040582712637789516,0.9590066956730433,3.926657205367731e-05,1.392075479071016e-07,0.0003344307896538559,3.317417478171442e-05,3.5809451299866735e-06,1
0.052115840905988496,0.947496724113715,2.549074055214044e-05,1.5365598730567576e-07,0.0003183793890883431,3.6500329373450165e-05,6.910865295259756e-06,1
0.09740472085748317,0.9022510554825152,3.0726402426981926e-05,2.227364281216368e-07,0.00026534007890656203,3.791659992822546e-05,1.0017842311824301e-05,1
0.10936206991546425,0.8902961904259677,3.031927628126487e-05,2.1978516092700046e-07,0.0002618243115177113,3.741964332479889e-05,1.195664228336045e-05,1
0.3553690754830962,0.6335445636058155,3.958122613015343e-05,3.0697034361773285e-07,0.010970862671706471,6.607865615923098e-05,9.531386748805692e-06,1
0.3757643102815441,0.6123818882114347,3.930665224903738e-05,2.967164260389759e-07,0.011745492132104437,5.9493002216729236e-05,9.213004024983949e-06,1
0.12632838956998896,0.8733391625345954,4.027179493610197e-05,2.507004803635612e-07,0.00025012752845843397,3.888858359167897e-05,2.9092879487888767e-06,1
0.0954520640137335,0.9042747594453753,3.8744915514881815e-05,1.6258030205283874e-07,0.00019399203382497492,3.75182033985293e-05,2.758807850736232e-06,1
0.11152879921632125,0.8881703450967044,3.748498390701701e-05,1.4821076350164702e-07,0.00022573038421034908,3.5174751339672606e-05,2.317356753608039e-06,1
0.08531086605255989,0.9143714879002085,3.7621427174211224e-05,1.3927543138524311e-07,0.00024280251272624695,3.468682382748568e-05,2.3960080723984583e-06,1
0.028915317623063604,0.9707911890574841,3.489580840877024e-05,1.3403924140962977e-07,0.0002198876781744344,3.419298427883761e-05,4.382809349195518e-06,1
0.0048670232676817,0.9905603234586244,3.4631638578217534e-05,2.914995877101355e-07,0.004500256981719283,3.5295297050979057e-05,2.1778567574694677e-06,1
0.8594188569727763,0.14053562806972641,1.4687269271206161e-05,1.484206870397034e-07,1.080092536254445e-05,6.61330706254108e-06,1.3265035113715305e-05,0
0.8360184266139823,0.16394391392248833,1.4880155778492119e-05,1.5036988177450653e-07,1.0524753087138358e-05,6.800656527854218e-06,5.3035282540198395e-06,0
0.6907879550007986,0.3091644174134056,1.576552509656276e-05,2.0468084314217754e-07,1.5318171514089967e-05,9.120138792760912e-06,7.219069549372889e-06,0
0.6775842521508296,0.3223725188986713,1.350714345117392e-05,1.743587608922101e-07,1.4097922995722716e-05,5.878531047551977e-06,9.570994243618992e-06,0
0.5381630388053199,0.4617900955205558,1.6104271805175654e-05,2.0788413828371264e-07,1.6212624749309377e-05,7.008844034799466e-06,7.332049396724051e-06,1
0.46685106083195205,0.5331028303979828,1.602778841659323e-05,2.068968422717709e-07,1.5601300019252347e-05,6.975557205794574e-06,7.2972275811275845e-06,1
0.2002809677112649,0.7994415569517896,1.765672173943548e-05,2.2447617931769637e-07,0.0002441086431535291,7.56824711762378e-06,7.917248755645859e-06,0
0.1715294839270864,0.828303365877537,1.0826406258963891e-05,2.1318926840943874e-07,0.00013975217109730848,7.627735738411724e-06,8.73069301376747e-06,0
0.13599378303645415,0.8638501726315929,1.2350122719280291e-05,2.3075015936550673e-07,0.00012754515250180403,7.779775269774249e-06,8.138531302762684e-06,1
0.10475435601123949,0.8950944795141199,1.1167769291974026e-05,2.0865902327085474e-07,0.00012561747567861153,7.034969395130587e-06,7.135601251538032e-06,1
0.12023400961206142,0.8796077512189876,8.63222681709311e-06,1.819710024112813e-07,0.0001347848760104457,6.135178880344206e-06,8.50491624061127e-06,1
0.16962278364962002,0.830254504138435,9.415900087384372e-06,1.7255227750831897e-07,0.0001003211022684841,5.817625196852247e-06,6.9850321148997475e-06,1
0.08201746673728595,0.9177490852261087,7.1732750910798675e-06,1.5091287375426567e-07,0.0002149267445830603,5.088049543941087e-06,6.109054513491055e-06,1
0.1482476126792577,0.8516007846535854,9.989456009517709e-06,2.0402937151970151e-07,0.00012606272888258596,7.038063119791164e-06,8.308389773463136e-06,1
0.2311127561752528,0.7687029770522339,1.2859643573366332e-05,2.407521694414139e-07,0.00015374244727178746,8.474306619713215e-06,8.949622879024958e-06,1
0.25562725851138124,0.7441753668435036,1.3705045490044035e-05,2.5657938458380123e-07,0.00016504789712125205,8.827145804812187e-06,9.53797731453516e-06,1
0.05771304543982549,0.9421947780334876,7.403079057061302e-06,1.0970292560799451e-07,7.285208426753566e-05,3.8614656343022585e-06,7.950194802358708e-06,1
0.05296842544714727,0.9470051719331072,8.7279853330581e-06,1.0265525447509007e-07,6.346807961259142e-06,3.6133925794521024e-06,7.611778617334671e-06,1
0.21172688011894797,0.7882279898224601,1.2907997422855145e-05,2.086768478192233e-07,9.19493870375794e-06,7.3452779136250405e-06,1.5473167703739905e-05,1
0.24062239354189888,0.7593436446420307,1.254207874782885e-05,1.8276806227870658e-07,7.506725205300375e-06,6.287731172249118e-06,7.442512882733466e-06,1
0.5331367335891317,0.4668260893164921,1.1961261258493664e-05,2.2220775803000616e-07,9.66461659613624e-06,7.491766963140126e-06,7.837241800467652e-06,1
0.4753647985383716,0.5246069450934904,8.154392352688101e-06,1.7155382555929742e-07,8.192660576464496e-06,5.78396224380201e-06,5.953799139445658e-06,1
0.5037237872025834,0.4962510590211697,7.400561868836098e-06,1.6747482549006326e-07,7.142958581037696e-06,5.0393791015749404e-06,5.403401869860458e-06,1
0.674712300358103,0.32525233135147985,9.937685871543166e-06,2.2488997951901573e-07,1.118284998375691e-05,6.767022205429834e-06,7.255842376847435e-06,0
0.6836116017311384,0.31635322075616074,1.0040103352683615e-05,2.2720768864504273e-07,1.0965721650068374e-05,6.836762925559277e-06,7.10771708395215e-06,0
0.49500943828371086,0.5049628286182845,7.309452328753594e-06,1.8082138640361633e-07,7.940156777871882e-06,5.566890960343508e-06,6.735776551341518e-06,0
0.4814375581346098,0.5185276474278928,1.0962235635585564e-05,2.048188246716479e-07,9.338151318443432e-06,7.065295576922857e-06,7.2239361418809305e-06,1
0.4183443002291037,0.5816271003610534,8.25134743762004e-06,1.3801257325426118e-07,9.594470033023657e-06,5.303885645834515e-06,5.311694153229646e-06,0
0.286694744437297,0.7132718177116801,1.1389281950574459e-05,1.9183389839131797e-07,1.0293293052706487e-05,5.7097985581184525e-06,5.853643563106779e-06,0
0.311942909307005,0.6880217732724473,1.20547068191849e-05,1.7531214858217002e-07,1.0872867717649307e-05,6.0312947565913385e-06,6.183239105506134e-06,0
0.3512563758763535,0.6487120401901492,9.02181288882087e-06,1.9372209802459946e-07,1.0691138720153799e-05,5.765999467519554e-06,5.911260322823941e-06,0
0.24744517315469514,0.752470772264593,1.019108275666509e-05,1.9041057515455822e-07,6.040659993593553e-05,6.55072858793328e-06,6.715758855957122e-06,0
0.2924974218383746,0.7072339594319279,1.1207909820516499e-05,2.0940901042229672e-07,0.00024275532408537376,7.060255321300607e-06,7.3858314598294515e-06,1
0.15476104588276188,0.8447621762811369,9.07144068305355e-06,1.6949114036101915e-07,0.00045602632524396853,5.7144185115722264e-06,5.796160522206505e-06,1
0.28696091048991323,0.7129066384369184,7.6281045097004065e-06,1.8870421079973136e-07,0.00011155330329141994,6.0515415534169425e-06,7.02941960309412e-06,1
0.1109133120956197,0.888990591932513,7.354903573557886e-06,1.3741929617160264e-07,7.912377478456423e-05,4.633111608179581e-06,4.846762604937924e-06,1
0.11882833889830305,0.8810724644723155,7.280989322011946e-06,1.360382795038912e-07,8.239499704245464e-05,4.5865504298551525e-06,4.798054307571146e-06,1
0.08276376760162928,0.9171278612132585,7.578943201241319e-06,1.4160526103747673e-07,9.088199352697083e-05,4.774242024007754e-06,4.994401099259474e-06,1
0.09536410493726644,0.9044744809631524,8.38999745338318e-06,1.5541109264878793e-07,0.00013397660143033352,1.2563510914338497e-05,6.3285786905501465e-06,1
0.16351337262602644,0.8362892542477811,1.0529460991366698e-05,1.8156232804849583e-07,0.00016698586482067222,1.3830489555218034e-05,5.845748497003814e-06,1
0.14185312852716403,0.8579417692364093,1.056219161228515e-05,1.7947474186567032e-07,0.0001749105675126635,1.367146791671231e-05,5.778534643106994e-06,1
0.18999945075876082,0.809744779475823,1.1303332601139511e-05,2.099596880699647e-07,0.00021806387069773342,1.8387646684176696e-05,7.804955745086904e-06,1
0.05437937744754913,0.9455830249963633,4.92075729104857e-06,1.0157581241696395e-07,2.1494958873976396e-05,7.368534767310374e-06,3.71172934277135e-06,1
0.0547469295694965,0.9452202829149209,4.374243591967082e-06,9.085286388468329e-08,2.1424871594688364e-05,3.197920795383869e-06,3.699626737103965e-06,1
0.03968847755193813,0.9602741561576744,6.5206608425981214e-06,8.605510722128936e-08,2.142692934230725e-05,6.2975255911367395e-06,3.035119504092846e-06,1
0.10190999095938207,0.8978751462644401,2.0083355301195973e-05,1.9093357026133966e-07,0.00016810293454559968,2.0888833974515755e-05,5.5967187862654376e-06,1
0.16202423881659314,0.8354756392905219,3.0125237182205615e-05,2.85342305934546e-07,0.002388641322876524,6.885036652110982e-05,1.2219623999341687e-05,1
0.07563459076285943,0.9240549928128512,1.5867289506647475e-05,1.9515486835650307e-07,0.0002605899748955456,2.9329401495855263e-05,4.434603523165193e-06,1
0.06552580451872646,0.9341593884327941,1.710544113882945e-05,1.2715922471014596e-07,0.0002685513028862501,2.5078206890944283e-05,3.944938338395211e-06,1
0.05453918493238489,0.9451920699670894,1.5965460932239805e-05,1.0516089019056262e-07,0.00022859625010544115,2.0739718782072588e-05,3.3385098158791453e-06,1
0.044635437356220914,0.9549678811857495,2.763365341237042e-05,1.4636942654007145e-07,0.0003262284750519843,3.5591719569238435e-05,7.081240569679889e-06,1
0.06239141302046714,0.9373394078978479,2.2004169361440496e-05,1.545377267731857e-07,0.00020861884920323934,3.145100279100147e-05,6.950522602419243e-06,1
0.06514010289522308,0.9345551392769426,2.523972760835987e-05,1.772614119124834e-07,0.00024119293915404426,3.017535162469059e-05,7.972548035747614e-06,1
0.11427112063311404,0.8854744941868009,2.461509870440378e-05,2.0705665983994406e-07,0.00019400867172466834,3.238606612139143e-05,3.1682868746686747e-06,1
0.02014424910913974,0.9795501662500646,4.01013459644688e-05,1.4322179128785572e-07,0.00021157000269050733,4.4116084822593565e-05,9.653985526789536e-06,1
0.012863111488086177,0.9676030813892025,4.795432321974577e-05,9.330553920458844e-08,0.019430586524852266,4.8577377104337156e-05,6.595591995343863e-06,1
0.004918377468166053,0.9917338178893191,3.3885271238589747e-05,1.6929573266965267e-07,0.0032516700829288104,5.958720659088931e-05,2.4927860236678816e-06,1
0.00501883092411821,0.9893729931044647,3.5857753082074564e-05,1.7151977029772075e-07,0.005517145018112464,5.2476146704745476e-05,2.5255337475941406e-06,1
0.004956248364209747,0.9895055294743343,3.541062306028846e-05,1.4699809707926456e-07,0.005448348706015068,5.182179280349466e-05,2.494041479882926e-06,1
0.004290454396813953,0.9908150112143802,2.927480643946607e-05,2.7597692359675226e-07,0.004821936214980716,4.098550690079578e-05,2.0618835610789563e-06,1
0.004410606716788818,0.9901753252277717,2.8192966210572184e-05,2.6577829294788e-07,0.005347061200447764,3.65624231128509e-05,1.985687375519791e-06,1
0.011782928447801289,0.9837731579607805,2.7703420547343357e-05,3.4356847922486315e-07,0.0043747001643407325,3.8656042087844024e-05,2.5103959628906256e-06,1
0.0059950711433819324,0.9903352882675557,2.1467034671837998e-05,3.1924708558647864e-07,0.0036098707394964387,3.567865511396065e-05,2.30491269481208e-06,1
0.8464382333569267,0.15352522783934114,1.4316646783073425e-05,1.4467539965473893e-07,1.0528371917919449e-05,6.446425100139129e-06,5.102684531475139e-06,0
0.6917125182297638,0.30824546375410194,1.4181990020171758e-05,1.8412210547909845e-07,1.2887153166466705e-05,8.270785580672632e-06,6.493965261357101e-06,0
0.6629456629589359,0.3370039884845422,1.6815579392340848e-05,2.1831350030319927e-07,1.5887191128416654e-05,9.727580718023451e-06,7.69989178303845e-06,0
0.3859977671922568,0.6139419012223916,1.525566032495447e-05,1.9806136483732668e-07,3.121459454725894e-05,6.67766779574976e-06,6.985601318884463e-06,1
0.3252458631324302,0.67455011211721,2.0050062197776575e-05,2.5490356724526136e-07,0.0001661352544648557,8.5941109383622e-06,8.99041919154376e-06,0
0.23185724498254903,0.7679799695974239,1.129583931426274e-05,2.307115616586847e-07,0.00013390546514578083,7.958474416329905e-06,9.394929588947105e-06,0
0.10234397478827488,0.8975042971618851,1.1442001604785598e-05,2.1378279016149902e-07,0.00012532445333931144,7.207717942969211e-06,7.54009416290522e-06,1
0.0885214253608553,0.9113686382871334,8.195409906009274e-06,1.5343059106395503e-07,8.99389332661886e-05,5.400648627742432e-06,6.247929620314863e-06,1
0.10935699463870491,0.8905375155563044,7.253340635453067e-06,1.4814565776752954e-07,8.68409769866267e-05,5.214622701901128e-06,6.032719009085702e-06,1
0.09985632067535533,0.9000363975019887,7.997523076277103e-06,1.497258473601268e-07,8.776726271185924e-05,5.270244261432734e-06,6.097066759380077e-06,1
0.05982329483046222,0.9401450542744786,1.0469672867847128e-05,1.2314032293901864e-07,7.592904530077447e-06,4.334452546188529e-06,9.130724792137688e-06,1
0.24062239354189888,0.7593436446420307,1.254207874782885e-05,1.8276806227870658e-07,7.506725205300375e-06,6.287731172249118e-06,7.442512882733466e-06,1
0.49698167925645953,0.5029877454369414,1.0013876836278573e-05,1.860327345153432e-07,7.542067627400277e-06,6.2720502490248095e-06,6.5612791519195284e-06,1
0.6240249601290846,0.37595188623799236,6.208265994477185e-06,1.5082873202602703e-07,6.626197354051652e-06,4.621285177932969e-06,5.54705566463783e-06,0
0.5767952330963607,0.42317317066818017,9.657902363781657e-06,1.804486125550817e-07,9.309631605518866e-06,6.08385128435561e-06,6.36440159286476e-06,1
0.49493976385375776,0.5050272211034934,1.001360729338474e-05,1.8709461689517386e-07,9.778886353826827e-06,6.436649091306001e-06,6.598805393533259e-06,0
0.24071493637350722,0.7590244728933337,9.229727600178708e-06,1.7244857909926625e-07,0.00023929218664721767,5.8141289898702814e-06,6.082241342651578e-06,1
0.20634537793473112,0.7933220568032686,8.330115904264923e-06,1.752507346863071e-07,0.00031225413016824465,5.9086040740828515e-06,5.8971611191850514e-06,0
0.2440559848978103,0.7558201730321157,7.232811648965904e-06,1.6038840518599605e-07,0.000104045771961724,5.7379471120374485e-06,6.6651509462244196e-06,1
0.10383607670133334,0.896065927542211,7.143994344857503e-06,1.3347866017627823e-07,8.151025412813603e-05,4.500252490994547e-06,4.707776831368248e-06,1
0.07497211686936411,0.924919452561761,7.140062531435789e-06,1.334051980257978e-07,9.186235276771431e-05,4.5895625480734955e-06,4.7051858298586615e-06,1
0.07874507110711294,0.9211405861497988,6.923771189074757e-06,1.2936400241554915e-07,9.827642198356749e-05,4.450532582999349e-06,4.562653330357765e-06,1
0.057040649531030364,0.9428584877444066,6.176764797127237e-06,1.154069067731032e-07,8.658847305128882e-05,3.911691618606213e-06,4.070388189158991e-06,1
0.17046577432036486,0.8293303289932421,1.0877479862962652e-05,1.87563311060217e-07,0.00017250506777845076,1.428761374918894e-05,6.0389616916040964e-06,1
0.1813310735879907,0.8184621597450458,1.1030587578503996e-05,1.9020338858162725e-07,0.00017493319057707756,1.4488721352166347e-05,6.12396406719952e-06,1
0.04769830066702043,0.9522662408730357,4.595290644376298e-06,8.65601448022572e-08,2.041256497934839e-05,6.839221595408475e-06,3.524822579995855e-06,1
0.03282577247937608,0.9671269036353203,5.15021604405758e-06,8.523756599485401e-08,3.56850559112709e-05,2.9324100396446837e-06,3.4709657425932707e-06,1
0.028276307574793776,0.9716799690038406,9.916547686654229e-06,8.615019229873584e-08,2.375789049202332e-05,6.924359888628093e-06,3.038473106016365e-06,1
0.19139694402076413,0.8056781728507828,2.5052340949012895e-05,2.641947347622057e-07,0.0028608755711467676,2.7721057464431364e-05,1.0969964158177526e-05,1
0.10211436183859476,0.8975263376683658,1.9651159274749177e-05,1.5069870166432174e-07,0.0003100181680823132,2.5134105716138795e-05,4.346361264607966e-06,1
0.05429850107484616,0.9453578126603108,1.7107232805563253e-05,1.38688305487632e-07,0.0002981285721280394,2.4362652229005686e-05,3.949119374988524e-06,1
0.05583065923414896,0.9438984603446781,1.3467755798900934e-05,1.1695328267692424e-07,0.00023334330049418079,2.0544573984665175e-05,3.4078376124286083e-06,1
0.025655272190688125,0.9741019222833172,1.4330044472262143e-05,9.51566724507621e-08,0.00020128107628304383,2.448276803128697e-05,2.6164805356137445e-06,1
0.036240799476136544,0.9634770135902819,1.935453203064921e-05,1.0451588150866438e-07,0.00023426355596430862,2.559050317722277e-05,2.8738265282598502e-06,1
0.047022512822814076,0.9526333762870051,2.6595875916539928e-05,1.4112067077187013e-07,0.0002792614268477608,3.4482308853108026e-05,3.630157892575027e-06,1
0.042344131032490344,0.9573160760302583,2.9469728926297244e-05,1.39493611311466e-07,0.0002673918746204424,3.840349453481537e-05,4.3883455584930954e-06,1
0.0908536938217843,0.908912226805108,2.0959371389684133e-05,1.370306377321536e-07,0.00018127242784382074,2.7926809425228588e-05,3.7837338113101274e-06,1
0.12862777462767294,0.871099948133115,2.3359710083233655e-05,1.634962294382184e-07,0.000217917080262238,2.663999484905388e-05,4.196957787901056e-06,1
0.12592144260708252,0.8738042512807048,2.3395168943530246e-05,1.5546340619398932e-07,0.00021778048802330207,2.8147928835159983e-05,4.827063004317795e-06,1
0.08471688211595838,0.9149473954045109,4.316437173923466e-05,1.4233664513445724e-07,0.000251772686697389,3.819441315540857e-05,2.4486712936249366e-06,1
0.04309913772700767,0.9565903340739383,3.976558898075337e-05,1.7193060989720286e-07,0.0002272451618167062,4.081396297764581e-05,2.5315546692458177e-06,1
0.027724895082147413,0.9719854783105509,3.418762024596049e-05,1.3420413951265042e-07,0.0001982489529173785,4.800968688872762e-05,9.046143110208604e-06,1
0.004953878045412359,0.9922852261112006,3.5901090587127433e-05,1.5994483401747564e-07,0.00266588757475347,5.659213399956435e-05,2.355099213130452e-06,1
0.005712865830651897,0.9892970901472583,3.595295131039769e-05,1.4924943336958215e-07,0.0049075004835193595,4.3909099076242425e-05,2.5322387504924233e-06,1
0.007602857533462923,0.987853801708059,5.12858884321891e-05,3.913838624946488e-07,0.0044277484471905455,6.053726795168314e-05,3.377771040927058e-06,1
0.005849579844132848,0.9890815497354764,3.9747668306827864e-05,1.5189262543977827e-07,0.0049791903071605866,4.7203467860326356e-05,2.5770844375683045e-06,1
0.006275895218278336,0.9803108739007153,2.697881160330199e-05,2.975755771158513e-07,0.013345504878156365,3.822636387510367e-05,2.223251794524235e-06,1
0.013954104599537224,0.9838844449502462,3.471978738686911e-05,1.156682098174279e-06,0.002055967427651689,6.617487637451059e-05,3.431676705458013e-06,1
0.003454266080089656,0.9943720553957776,5.074673606397204e-05,1.444537964167589e-06,0.0020264645694912015,8.792623380763964e-05,7.096446805976753e-06,1
0.00413361309705105,0.9901941822699195,5.450880316751107e-05,1.6880249923391037e-06,0.005518600569730481,9.208488583505065e-05,5.322349304023793e-06,1
0.8339843272160552,0.16597592429568303,1.3254513293813939e-05,1.7208084981631982e-07,1.252273151580343e-05,7.729891028930677e-06,6.0692715735799946e-06,0
0.6847646850822039,0.3151886009833332,1.576696410990395e-05,2.0469952558137083e-07,1.432741675642885e-05,9.195125594200436e-06,7.219728476831941e-06,0
0.8126178862948248,0.18734728631189898,1.263711752496046e-05,1.4081441676509334e-07,1.0808565226225691e-05,6.274387994519123e-06,4.9665081136853775e-06,0
0.4458829470087108,0.5539409708801094,1.7454007812413106e-05,2.266020962431346e-07,0.000142769348955892,7.639922716754875e-06,7.992229598529463e-06,0
0.1235432748544789,0.8762089455435339,6.834570486923226e-06,1.9777938256090426e-07,0.00023121858981065186,4.653969832355248e-06,4.8746924749267e-06,1
0.07427974019506764,0.9256170593037522,9.961467692904373e-06,1.4761454535849892e-07,8.188439972738412e-05,5.195927919569145e-06,6.01109129502237e-06,1
0.06568894751200613,0.9342266465667184,8.199297100171254e-06,1.2150172555025897e-07,6.686061026159425e-05,4.276775073412984e-06,4.947737115008554e-06,1
0.048668124836623895,0.9512663506782576,7.906234007901456e-06,1.0726362788878664e-07,4.010479449602409e-05,3.7756040744363783e-06,1.3630588912062133e-05,1
0.04843470738157226,0.9515307960047419,1.0667555329133303e-05,1.2546774142614067e-07,9.983914166567326e-06,4.416376035966514e-06,9.303300412980982e-06,1
0.20585560331548822,0.7941020120898435,1.4270851409715266e-05,2.3070939591318821e-07,1.0367384393900412e-05,8.120808072273402e-06,9.394841396459913e-06,1
0.28137728487129077,0.7185883982192018,1.3072479123290538e-05,1.9011579500348798e-07,7.808514313086703e-06,6.540513674415775e-06,6.705286601612103e-06,1
0.4186484850025145,0.5813161657798193,1.1573300820678948e-05,2.1500292386656597e-07,8.729097621514765e-06,7.2487734252335986e-06,7.583042874914536e-06,1
0.5205016621820212,0.47945954126060747,1.2291727644687876e-05,2.2834692623255255e-07,1.0523963336510149e-05,7.69874991426997e-06,8.053769549470011e-06,1
0.4861967111737417,0.5137748631534493,8.210102458992795e-06,1.857947411216771e-07,8.444668525042891e-06,5.5906321015791035e-06,5.9944749824305715e-06,1
0.42794642113167186,0.572024307457234,8.87217320843159e-06,2.0077741205795506e-07,7.679118942791602e-06,6.041466181155638e-06,6.4778753497137825e-06,1
0.43759825900631893,0.5623658486393988,1.1355914351533538e-05,2.12174332670122e-07,9.687412979964801e-06,7.153488564110683e-06,7.483364054121201e-06,0
0.4210064779914298,0.5789580173608737,1.1233248595241854e-05,2.0988244104634012e-07,9.582770253460195e-06,7.076217103823378e-06,7.402529302916792e-06,1
0.5647934196018233,0.4351735491194426,1.0013301759541393e-05,1.870889082893044e-07,9.778587981757321e-06,6.453696032807693e-06,6.5986040516677036e-06,1
0.22362609234903455,0.77607246669819,1.1122257865761761e-05,2.0780868606448542e-07,0.0002757751978656744,7.006300152226177e-06,7.329388205721054e-06,1
0.23443732553027155,0.765253000832893,1.1547554730823537e-05,2.15754948755256e-07,0.0002830264656308702,7.27420955752745e-06,7.609651967300403e-06,1
0.22515886031376747,0.7745303757764352,1.0970131335016001e-05,2.0496634821803592e-07,0.000285449202516623,6.910470317278481e-06,7.2291392802166746e-06,1
0.1466701693930953,0.8530623908986344,7.99912163154851e-06,1.6828720739122918e-07,0.0002476630014492617,5.673827735944627e-06,5.935470246148694e-06,1
0.1705822033859875,0.829132965288528,8.382715867403085e-06,1.7635734380079924e-07,0.0002642058328099472,5.945913561737834e-06,6.1205059014739965e-06,1
0.25276430443610165,0.7462920143458746,8.91538682873617e-06,1.6338005797525795e-07,0.0009212185797367182,5.508382477850619e-06,7.875488922587004e-06,0
0.23175337568208954,0.7679971719911985,8.33165050233669e-06,1.7528301988409017e-07,0.0002279401262148191,5.909692574233765e-06,7.095574400795452e-06,0
0.3265204903903975,0.6733363553858529,8.590849045524982e-06,1.944110420547093e-07,0.0001212027454125857,5.849899766004163e-06,7.316318483526059e-06,0
0.2811501075364815,0.7186945353572461,7.841358888081715e-06,1.9397970212537557e-07,0.000133875109878867,6.220720899423735e-06,7.225936903811869e-06,1
0.21383844310235214,0.7860434089949181,7.826148942468248e-06,1.6464817148940435e-07,9.879884663311917e-05,5.551137109889661e-06,5.807121872824425e-06,1
0.19030076288724526,0.8095822103516153,8.739749960437519e-06,1.6329381837131757e-07,9.685888846784198e-05,5.505474897028765e-06,5.759353995754039e-06,1
0.07773070943419405,0.9221674623304463,7.135091081330987e-06,1.3331231126426222e-07,8.527155529408535e-05,4.586366948439716e-06,4.701909724574712e-06,1
0.1640307318951904,0.8357730864219411,1.046589987622302e-05,1.8046632664364648e-07,0.0001659778542691411,1.3747001773665549e-05,5.810460622949893e-06,1
0.049349315944569636,0.9506152870701842,4.587323741593327e-06,8.641007458648893e-08,2.0377175504921876e-05,6.827364366393266e-06,3.518711558736206e-06,1
0.04592669009199909,0.9540337544022353,4.869853557837906e-06,8.408360350281647e-08,2.4534046384613262e-05,6.64354707596595e-06,3.4239751436554543e-06,1
0.027506016955826555,0.9724263390437157,1.2198622780726496e-05,8.57046308378034e-08,4.4716390049633424e-05,7.153297869257347e-06,3.48998512742114e-06,1
0.049998342749400605,0.9499177201155208,1.6723199780142674e-05,1.104023330657231e-07,5.3188509086966335e-05,1.07353055530893e-05,3.179718325505124e-06,1
0.058070122904920286,0.9418463683294397,1.6486366906708196e-05,1.0946425595724557e-07,5.266086192990695e-05,1.1099371956759504e-05,3.1527005905557435e-06,1
0.13524374401332212,0.8642862651488036,1.7661638172727387e-05,1.7816611887565e-07,0.00042404731294977237,1.9720689614258623e-05,8.383031018639328e-06,1
0.2030339887581625,0.7960979202371127,2.447771845460963e-05,2.609103089244865e-07,0.0008071595187189708,2.854486718962583e-05,7.647990052797298e-06,1
0.21036589598403688,0.7888862340840935,2.506092270691309e-05,2.671267380380387e-07,0.0006854866969270055,2.9224975017375286e-05,7.83021048027043e-06,1
0.15447648249348642,0.8432696840184424,2.613624246813985e-05,2.6695879738227643e-07,0.00219089333941771,2.871165970468693e-05,7.825287683352115e-06,1
0.06239110350867368,0.9371600526194337,1.7566442801943798e-05,1.6634173179110857e-07,0.00039823386958386656,2.8473843493874414e-05,4.40337428103203e-06,1
0.03603360204021428,0.9636885350139535,1.6493393274589963e-05,1.0391833887785096e-07,0.00022956300286666246,2.840356842326362e-05,3.2990629288596047e-06,1
0.03424979941001253,0.9654836279321939,1.8141908711141444e-05,9.877397928788724e-08,0.00021819874658571788,2.6997481959745817e-05,3.1357465575700186e-06,1
0.046589732885642214,0.9530699518765322,2.349866828810555e-05,1.33792106248677e-07,0.0002805495364795212,3.269160148219998e-05,3.4416394693022126e-06,1
0.05266068288221967,0.9469925162341782,2.9002999492130934e-05,1.4047432214000287e-07,0.0002779823779303408,3.3499393753830904e-05,6.175638103488113e-06,1
0.059196701432780816,0.9405539402713435,2.2051621728436237e-05,1.4498233732983558e-07,0.00018840409826694957,3.174345928491415e-05,7.014134257784908e-06,1
0.07630681769339742,0.9234573453023986,2.3518773703118585e-05,1.4153975723068106e-07,0.00018081750116398079,2.7450948517914836e-05,3.9082410615731295e-06,1
0.08976100245414138,0.9099499368749842,2.5079594100448228e-05,1.4669549153919678e-07,0.00022732033890240192,3.161458941984363e-05,4.899452960253427e-06,1
0.09768641685184831,0.902061677351565,3.917204883643905e-05,1.433537379201592e-07,0.00017683714549813885,3.37894822019997e-05,1.9637663124478415e-06,1
0.039574457376248096,0.9601259345956437,4.3931114349949414e-05,1.747458536077942e-07,0.00021794218980393038,3.4986970991234235e-05,2.5730071096511274e-06,1
0.040398260401870265,0.9592265675261217,5.3315358394708666e-05,2.0311032155325315e-07,0.0002727787858546146,4.5884163921576965e-05,2.990653515436187e-06,1
0.010258668421384896,0.9734220901559091,4.7560279903807135e-05,8.755969296849122e-08,0.016216413793903765,4.55859347765412e-05,9.593854428973521e-06,1
0.007862282097064938,0.9869731374470937,5.03104984344475e-05,3.7872053962673407e-07,0.005052044184964705,5.857856948944362e-05,3.2684824131524864e-06,1
0.01173110579378048,0.979446412175485,2.810047063066173e-05,3.130256544376185e-07,0.008745285647870906,4.628353162149385e-05,2.499354957081548e-06,1
0.011719190685138327,0.9844326289882935,2.8823038069487367e-05,3.4379878989778816e-07,0.0037697375189705137,4.676389193467338e-05,2.512078803484227e-06,1
0.01186562325972699,0.983689964717529,3.0091911745178925e-05,3.435394251936219e-07,0.004374330215748439,3.7136172154827264e-05,2.510183670066504e-06,1
0.006124096955551698,0.9901213228421849,2.4040721044264535e-05,3.251980131377419e-07,0.0036910565020691817,3.678161501950384e-05,2.3761661173425855e-06,1
0.011628915792812703,0.976929034240441,3.2870219828396475e-05,1.0527216035319308e-06,0.011342556377961612,6.232178046222366e-05,3.248866890557423e-06,1
0.020310337818506007,0.9758982960548791,5.200695438285132e-05,1.5734428387707725e-06,0.003640502293379912,9.001815235349704e-05,7.265283659782988e-06,1
0.0037730605948657534,0.9945924409869191,4.7882741017515395e-05,1.141824846684548e-06,0.0013728823366026919,0.00020182417048928222,1.0767345258938406e-05,1
0.7813157620599812,0.21863677366297618,1.8785917120421304e-05,1.858990688396319e-07,1.3528316082826491e-05,8.407506218047714e-06,6.556638552562315e-06,0
0.7078593596059124,0.2921002622850277,1.3172768503627396e-05,1.700424373306548e-07,1.3461195296899404e-05,7.576725820098761e-06,5.997377002117318e-06,0
0.6472025697143512,0.3527504975922674,9.721103336468764e-06,1.2620725380180745e-07,2.8378971652894647e-05,4.255095964801297e-06,4.451315173632185e-06,0
0.3912123113704907,0.6086192699895744,1.323148902677383e-05,2.605772327772915e-07,0.00013459949852101047,9.322234849478496e-06,1.100484030491716e-05,0
0.4883860189726271,0.5114747467807665,1.2128877616643201e-05,2.2661640751115092e-07,0.0001112456130036358,7.64040522324284e-06,7.992734355289127e-06,1
0.332700472097804,0.6671282437989788,1.4133149017133865e-05,2.6406429006157627e-07,0.0001386704070453612,8.90296604388234e-06,9.313516820605054e-06,1
0.16933307116429672,0.8304068622327619,1.020871394527698e-05,2.3102334887068865e-07,0.0002354482060727626,6.951577545270415e-06,7.227082029452519e-06,1
0.12809983057469818,0.8717463623068119,9.970822772534324e-06,1.866690316810315e-07,0.00012975460302581284,6.2935736222155805e-06,7.601450037751981e-06,1
0.2785491854607174,0.7212837957247493,1.2392345683467524e-05,2.3200363919431302e-07,0.00013794802009918804,7.822036524978231e-06,8.624408586505989e-06,1
0.06443787540678561,0.9354717653298831,5.81042901688356e-06,1.0878010601299032e-07,7.301951478803612e-05,3.828983035200912e-06,7.591556385004955e-06,1
0.0839328212760054,0.9159738826758357,6.847801949131409e-06,1.3036841646980946e-07,7.642019904628681e-05,4.588876342235745e-06,5.308802404832957e-06,1
0.07231260160842291,0.9275899341742069,9.194560079059793e-06,1.3625008359045275e-07,7.77891873946141e-05,4.795906877956612e-06,5.548312935067318e-06,1
0.07206610131679458,0.9279013978965689,9.367246367164833e-06,1.2019563444663835e-07,1.020001082316999e-05,4.2308015874375875e-06,8.582532224426274e-06,1
0.06551337946021962,0.9344564754504933,9.965143599234929e-06,1.1720624096212225e-07,7.246443516714123e-06,4.125577044483149e-06,8.690718885608942e-06,1
0.0990236440987467,0.9009510464529382,6.401977035724906e-06,1.218808041797128e-07,5.458139293946922e-06,4.290118373896737e-06,9.037332807389916e-06,1
0.4858005829805327,0.5141678307468985,8.070218829736824e-06,1.8262917250489247e-07,8.438580067063016e-06,5.724257429804742e-06,9.170587069570839e-06,1
0.4888025845334452,0.5111616711745985,1.1246836161016486e-05,2.428869672198044e-07,9.594361425863987e-06,7.24872411288587e-06,7.411483289196828e-06,1
0.4220878060875705,0.5778766514534776,1.0026840880983542e-05,1.8627147958204134e-07,1.2445942491091607e-05,6.313630664228731e-06,6.569773436165076e-06,0
0.26377238641034306,0.7359362671780616,1.0864142869591513e-05,2.029860557267374e-07,0.00026627628360848844,6.843704467178588e-06,7.15929459420053e-06,1
0.25175779143965676,0.7479521689965473,8.50300753610433e-06,1.7888806528880902e-07,0.00026930687423665277,6.031237205722489e-06,6.019556752191047e-06,1
0.26648159418072936,0.7330767155942337,8.543350745590964e-06,1.9333615481864388e-07,0.00041961781824811873,6.0598529002306835e-06,7.275866988231269e-06,0
0.25842748371537727,0.7412043816023964,8.553410670967465e-06,1.9356381107998365e-07,0.0003462788670376948,5.824406274336111e-06,7.284434432215554e-06,0
0.5430960115617363,0.45671928019729424,1.0937950805602254e-05,2.4752598989828194e-07,0.00015757101585006777,7.448148083988076e-06,8.503600239877856e-06,0
0.25560994248970226,0.7441503344134504,7.165293898312964e-06,1.6478699271109936e-07,0.000218765324061116,5.684383808971801e-06,7.943308086469292e-06,0
0.23619275820715582,0.7636482492616059,7.498052196290433e-06,1.724397477831951e-07,0.00013706147348934358,5.948368218846391e-06,8.31219758586394e-06,1
0.12821203651259563,0.8716786320250438,7.771624776655903e-06,1.4520533087032965e-07,9.139763820569254e-05,4.895618903365507e-06,5.121375143859787e-06,1
0.09111664052639615,0.9087531225470936,8.033357816523684e-06,1.3074283541612924e-07,0.00011234076277775402,4.408013760282646e-06,5.324049320124727e-06,1
0.09100942367297474,0.9088899316850938,6.959207957934194e-06,1.3002610434340678e-07,8.449609128827938e-05,4.473310992357244e-06,4.586005588403028e-06,1
0.13548666543235047,0.8643240973042271,9.243742366412203e-06,1.7271043152092684e-07,0.00016831827854246178,5.9417874258300855e-06,5.560744656296021e-06,1
0.17239334660399544,0.8272312264793075,1.1669596293831863e-05,2.0148669023642336e-07,0.0003401459639653776,1.5919885765519825e-05,7.48998398204556e-06,1
0.05148342778876309,0.94848757467715,4.225482694558515e-06,7.71066205594789e-08,1.6101911849531246e-05,5.873521954029059e-06,2.7195109681632486e-06,1
0.04379101674786973,0.9561745832655404,4.458116251892173e-06,8.39762309227033e-08,1.9803227852106706e-05,6.6350634387176495e-06,3.4196028162324943e-06,1
0.04747419872909727,0.9524953821125219,4.907027024870982e-06,8.088543445362816e-08,1.689102863065699e-05,5.6874294943811915e-06,2.852787796498116e-06,1
0.029324989954301755,0.970636035917029,8.359045524671844e-06,8.594168271845758e-08,2.0590421543236194e-05,6.9076008386997335e-06,3.031119080040139e-06,1
0.18021191341210097,0.8180494242310794,2.4886191727454214e-05,1.9510261015250395e-07,0.0016745592404092773,2.7338431264374243e-05,1.1683390808378414e-05,1
0.19881339849294943,0.7993561140997676,1.9081910295791523e-05,2.05286899934181e-07,0.001778997396492514,2.4819995894334295e-05,7.382817700412729e-06,1
0.03180942836299105,0.967971354964746,1.4760342758880065e-05,9.707669048214009e-08,0.00018172557623014337,1.955181332171504e-05,3.081863261906573e-06,1
0.031231027061556647,0.9684972353269387,1.673222320403294e-05,1.1496941315928233e-07,0.0002264668878590739,2.5073500302671394e-05,3.350030725733117e-06,1
0.03124025260506899,0.9685198607038619,1.7252851880886836e-05,9.805207867956086e-08,0.00019858771844762432,2.083524005707674e-05,3.112828605253145e-06,1
0.038298711956049766,0.9613535820650021,2.1277023128935087e-05,1.2347716652097847e-07,0.00029014557598568163,3.30436476653787e-05,3.116255001857496e-06,1
0.04313809872375548,0.9565968320542696,2.9737803492264625e-05,1.0909107646265102e-07,0.00020670045362366235,2.5281879437248953e-05,3.2399943450089803e-06,1
0.04321966361390131,0.9564407378219839,2.8710819014122623e-05,1.3590134602208835e-07,0.0002689329890020948,3.7414520637651085e-05,4.404334114735807e-06,1
0.04371834088736274,0.9560167872509803,2.5096269217740855e-05,1.4162188061462628e-07,0.0002029982680366016,3.0409614587549065e-05,6.226087934702119e-06,1
0.062325895190246505,0.9374190859331618,2.3488223559033298e-05,1.388360326182295e-07,0.00019961344669136788,2.8294748447881864e-05,3.4836218607699183e-06,1
0.056732149023806556,0.9430796408203187,3.79982934669651e-05,1.724656626165354e-07,0.00011434279808871358,3.374029558953378e-05,1.9563030671291505e-06,1
0.07939809018442019,0.9203191821629678,4.1938122612612924e-05,1.3607829918296085e-07,0.0002058351744983782,3.2477270607336324e-05,2.3410065944708513e-06,1
0.06763887553570451,0.9320707639705901,4.342667791878098e-05,1.4090827395732523e-07,0.00021314110576349022,3.122770326705196e-05,2.4240984824927055e-06,1
0.033846520726655824,0.8289130822313153,4.5987894059392586e-05,1.663983486086773e-07,0.13715613937410215,3.565325187256871e-05,2.450123645954611e-06,1
0.024133600040029363,0.7549631703566291,4.704882434165482e-05,1.6405275139355183e-07,0.22079689223962132,4.661914599659809e-05,1.2505340630412382e-05,1
0.007123520464536862,0.9731718694330255,4.311392589529972e-05,8.388749611695475e-08,0.01960701513809995,4.626928477640913e-05,8.127866169667795e-06,1
0.007236049016082214,0.9878552706545963,5.2828345103813056e-05,2.1081548085826206e-07,0.004795300053392795,5.7236973993623045e-05,3.1041413505781876e-06,1
0.007439810812042942,0.983132989227714,4.688279393577376e-05,2.0980771174538728e-07,0.009324031693204853,5.298636288315017e-05,3.089302507802626e-06,1
0.007916844132923193,0.9840323451695381,3.7739683167765155e-05,2.684770899729524e-07,0.007970728537071113,3.951007164067548e-05,2.5639285693666805e-06,1
0.005843701928233876,0.986615924665484,3.901195520656522e-05,2.978635598781152e-07,0.0074514071303218065,4.7085797023398785e-05,2.5706601705314212e-06,1
0.008430799153684734,0.9749120529484567,3.616170371927279e-05,3.0861597141447865e-07,0.01657238259904951,4.5631522111254395e-05,2.6634570070595375e-06,1
0.016339563063383643,0.9786978551925749,2.7534405554936877e-05,3.426678515635943e-07,0.004885151833927698,4.701403392711271e-05,2.5388027799840703e-06,1
0.003847655580373958,0.9938444890470411,4.989170789719286e-05,1.532835208641633e-06,0.002164188219792435,8.769495144297965e-05,4.54765824343968e-06,1
0.8203881145963281,0.17956935966301243,1.4221484423824281e-05,1.846348538835749e-07,1.3436316162499135e-05,8.171255381547329e-06,6.512049837990754e-06,0
0.8450402791994761,0.15492425199782064,1.776676807142157e-05,1.4429044215962722e-07,6.039364843363243e-06,6.429272220901214e-06,5.089107125362769e-06,0
0.7886769714983812,0.21128704777186988,1.173818771126894e-05,1.515239600330996e-07,1.1995203375019038e-05,6.751582242460777e-06,5.344232460072066e-06,0
0.8924666130358109,0.1075217870898344,4.16801175245098e-06,5.380333504034573e-08,3.6294162722457036e-06,1.8510056213466979e-06,1.8976373737852243e-06,0
0.8139158339432512,0.18603807346502155,6.5913314365812e-06,8.557401466844376e-08,3.34534828102679e-05,2.9440179140143564e-06,3.018185551841963e-06,0
0.4694361086239275,0.5304346819852869,1.2748219061243628e-05,2.3818820645531072e-07,9.979156304662481e-05,8.030550111983626e-06,8.400870359161367e-06,0
0.20830616504521893,0.791428494345262,8.794345473974082e-06,1.9901616926618197e-07,0.0002428691537715413,5.9884697377099484e-06,7.489624366670315e-06,1
0.1439708849477569,0.8558781076592564,9.789325537052275e-06,1.8327112621494055e-07,0.0001273927014779158,6.179012743961745e-06,7.463082101726955e-06,1
0.06219568287496111,0.9377477152611688,8.50142855774638e-06,1.258300305785175e-07,3.861112345466774e-05,4.429128358694738e-06,4.934353468508561e-06,1
0.12687664599947224,0.8730934188064803,7.572050661296237e-06,1.4415665953475442e-07,6.4557100126333056e-06,5.07421277658888e-06,1.0689063937387654e-05,1
0.13660928511925122,0.8633619590607833,7.371141957446884e-06,1.403317607175267e-07,6.284421099090376e-06,4.9395790350040365e-06,1.0020346113347005e-05,1
0.147138630782994,0.852832972638327,1.0376215769755816e-05,1.5376224091371723e-07,6.315386151713586e-06,5.289850005816346e-06,6.261364510902478e-06,1
0.6054576217225534,0.39452026084666514,6.858390854606903e-06,1.5520548735018964e-07,5.578365347095817e-06,4.670190203892502e-06,4.855278888407156e-06,0
0.4774445763790858,0.5225250253061037,7.647498067342474e-06,1.7587669482448182e-07,8.030142736279796e-06,6.066926885354951e-06,8.477870426763964e-06,0
0.6302442046454718,0.36972213140954385,1.0289931351500902e-05,1.922574660340967e-07,9.918869183001605e-06,6.481988501305076e-06,6.780898482630583e-06,1
0.38014209318062,0.619820883519952,1.3144685400897006e-05,1.911637565834848e-07,1.0465673480275633e-05,6.479453312781915e-06,6.7423234774197185e-06,0
0.3349199012522065,0.6650439069338075,1.0311774351254222e-05,1.9156476983365239e-07,1.243896212857078e-05,6.493045568336554e-06,6.75646716814689e-06,0
0.26004599184591454,0.7396326786708888,9.639891993138302e-06,2.0280608019261582e-07,0.0002976107356177467,6.837636565802599e-06,7.038412940012133e-06,1
0.2248803004256784,0.7747272463160035,8.57231629669692e-06,1.8034619760697155e-07,0.00037155157478692386,6.080398349446472e-06,6.068622687513298e-06,1
0.5672327768840065,0.4323771651218395,9.472601194644074e-06,2.3433340882820535e-07,0.0003655735766420535,7.051178466937651e-06,7.726304441520808e-06,0
0.24346375610259688,0.7563166940620879,8.147415456139733e-06,1.7175097330380101e-07,0.0001974128047591503,5.790609108754989e-06,8.027255017757335e-06,1
0.19493648050217835,0.804860946326901,6.72846865851571e-06,1.547409124486495e-07,0.000182893068562518,5.3378408261308094e-06,7.459051961194043e-06,1
0.10014542449526592,0.8997445598375252,8.05139905974761e-06,1.3103645650800647e-07,9.198915535387606e-05,4.5080703160090476e-06,5.336006022529167e-06,1
0.10073805170228209,0.899167166543527,6.553810768018484e-06,1.2245164793469912e-07,7.957391075075482e-05,4.2127256330918764e-06,4.318855391180266e-06,1
0.04965100727674264,0.9503160372629773,4.1931504965383326e-06,7.920537716618882e-08,1.867816778509443e-05,6.779608122461325e-06,3.225328498817278e-06,1
0.04309760280697321,0.9568693760031413,4.661522997530869e-06,7.953871647302387e-08,1.8756775674169506e-05,6.284450062047393e-06,3.2389024353930136e-06,1
0.02995353277711332,0.9699894747533863,1.2134220509025306e-05,8.548985821594096e-08,3.357038781166261e-05,7.721131967192429e-06,3.4812393543077165e-06,1
0.029324898754815226,0.970633017279743,8.359019528391508e-06,8.594141544343558e-08,2.370031548803158e-05,6.907579356351381e-06,3.0311096533871667e-06,1
0.048602992398938116,0.9513444228906327,8.298982244516437e-06,1.1252910110968273e-07,2.8623104829641224e-05,1.1581250560821907e-05,3.968843693120638e-06,1
0.08242122282697467,0.9174824083520313,8.104012387050333e-06,1.4254629242616976e-07,7.015563687969905e-05,1.3861076738590598e-05,4.105548696212568e-06,1
0.141187819739387,0.8582950260535167,1.736073560152424e-05,1.5883905167420004e-07,0.0004726838100058077,1.8911688280632154e-05,8.039134156685385e-06,1
0.11647901494357615,0.8833161055294872,1.63774227207394e-05,1.4466124584609922e-07,0.00016593144676141136,1.5826471703690916e-05,6.5995245047421085e-06,1
0.09524149146573635,0.8898393983824378,3.2454789683101345e-05,3.069172571078021e-07,0.014849546762959551,2.9764635242792957e-05,7.037046683139251e-06,1
0.1096911455758726,0.8799918889260208,3.2994427299676765e-05,3.9899127301365736e-07,0.010220239905301355,5.6124558616324706e-05,7.207615616302667e-06,1
0.09173882944838978,0.9079537617103389,1.2688973912053325e-05,1.30102549509629e-07,0.0002670053922733273,2.3879730697929985e-05,3.7046418383826798e-06,1
0.040913996111629866,0.9588310785521604,1.8364691471973554e-05,1.1382195260765079e-07,0.00021158734295638294,2.1542884327236495e-05,3.3165955015382545e-06,1
0.04462116472684907,0.9550269564185948,2.37372171598242e-05,1.2923774633793995e-07,0.0002896755362430662,3.4783270799678284e-05,3.5535926073369e-06,1
0.042479823421479414,0.9571740744091868,2.4100051370585757e-05,1.3695730123809594e-07,0.00028175764263366475,3.665105812534087e-05,3.4564599030672533e-06,1
0.03612331377947566,0.9636202238368364,1.9403147701306e-05,1.0989202974234543e-07,0.00020821806085252563,2.5467500524772425e-05,3.2637825793996712e-06,1
0.043663932634610866,0.9559859911613257,4.486364090243931e-05,1.3420146029141877e-07,0.0002655691124556726,3.516000556860443e-05,4.3492436764591785e-06,1
0.036702754270387106,0.9630745486026392,2.7533151479341124e-05,1.4201194569168078e-07,0.00015698144790440442,3.0488937871545332e-05,7.551577772566675e-06,1
0.025084888923725058,0.9746490843154904,2.7333575810612926e-05,1.409825637464256e-07,0.00020208188268422465,3.027233792184651e-05,6.197981804333839e-06,1
0.03960009133725623,0.9601474495477319,2.4260043242686926e-05,1.3590824470730161e-07,0.00019540397869476547,2.92490259292823e-05,3.4101589003419705e-06,1
0.0728125882908542,0.9269680101715713,2.4574176463356814e-05,1.3121171672286504e-07,0.00016466291922942946,2.6740914790449915e-05,3.2923153747977757e-06,1
0.07809186663244157,0.9216680160356593,2.5303243205474743e-05,1.351045063340035e-07,0.00018375472805812115,2.7534264331851527e-05,3.389991797358986e-06,1
0.06142784635452733,0.9383329432235357,2.7598541954728476e-05,1.3045848009322893e-07,0.00017797812426721763,2.9543900180329513e-05,3.9593970545251234e-06,1
0.046107441113809954,0.953702594330193,3.954192001181782e-05,2.442886104656107e-07,0.00011563076802858928,3.256924026460999e-05,1.9783390815162924e-06,1
0.05913314687460953,0.9406729194388023,3.767636003732475e-05,2.39520930647369e-07,0.00011724631831573928,3.683175864914127e-05,1.939728655534473e-06,1
0.05163641948009045,0.9480815956640178,4.192806457598734e-05,1.3604566347034746e-07,0.0002057858089666146,3.179449153592419e-05,2.340445149928247e-06,1
0.00380480529008775,0.9624632582601734,4.1291559051854074e-05,1.556580996756736e-07,0.03364119965702664,3.913401094800641e-05,1.01555646124892e-05,1
0.005392090053963159,0.9906432128007046,4.392778784314421e-05,1.7529713828805413e-07,0.0038779861885554763,4.0026718393633615e-05,2.581153401935501e-06,1
0.008901908071889864,0.9863723099493513,4.3738404509236817e-05,3.100928121671122e-07,0.0046377800475853334,4.138340842798402e-05,2.5700254243935763e-06,1
0.0067211768803711784,0.9852099894678867,3.895636287364135e-05,2.687983909096502e-07,0.007991776089626382,3.526540389084052e-05,2.566996960234023e-06,1
0.008226343751821396,0.9829005936769931,4.9900898923241026e-05,3.578742674689404e-07,0.00876660377215366,5.3111453590920555e-05,3.0885722503852567e-06,1
0.005914054752822833,0.9874355002032268,4.83993294986757e-05,2.9811099323202526e-07,0.006554932710502805,4.424209735437344e-05,2.572795601491885e-06,1
0.008495302902080983,0.9718182508542734,4.566105280689202e-05,3.115993554772054e-07,0.019591540506816926,4.624388007674976e-05,2.6892045895653933e-06,1
0.008206958381436844,0.9745102560192762,3.57583505421389e-05,2.9723776364546633e-07,0.01719885594089162,4.418037328094866e-05,3.693696808494394e-06,1
0.008587176365198766,0.9675372964759189,3.839341133163237e-05,3.143402810746607e-07,0.023787831645208285,4.647791046125801e-05,2.509851600265334e-06,1
0.009325271573469053,0.9756146482371969,3.819764009382157e-05,3.1696450758481907e-07,0.014972168855091842,4.686592489056442e-05,2.5308047504103363e-06,1
0.019004458008558812,0.9781479210179453,3.340631375259457e-05,1.079455622623322e-06,0.002748412721723379,5.9023037814912186e-05,5.699444582318635e-06,1
0.0037471565081912124,0.9934826028427793,4.9194644554853125e-05,1.589622730031613e-06,0.00262059542622036,9.046786694657676e-05,8.393088577918062e-06,1
0.0041218093207971394,0.9928049676040942,4.732930251724697e-05,1.4847041647480224e-06,0.002929824514718225,8.989811797386944e-05,4.686435734707001e-06,1
0.00210585485432639,0.9970346684463871,3.014933488662828e-05,9.446090578251005e-07,0.0007753421583506183,5.023810449634982e-05,2.8024924952323617e-06,1
0.003840551327414943,0.994854703979686,5.8582007483254545e-05,1.2952268648938342e-06,0.0011670724236304544,7.376216927816984e-05,4.032865642030807e-06,1
0.8866182443385769,0.11335199742044012,9.910038293585535e-06,1.286601607671532e-07,9.362905005332931e-06,5.818808606287374e-06,4.537828917220156e-06,0
0.8395216734251988,0.1604457732539764,1.330504339868754e-05,1.5689396831248932e-07,6.566893150926377e-06,6.9908582786274345e-06,5.533632027977373e-06,0
0.5745880281681576,0.42536999909833323,1.3824682239883878e-05,1.7845775265422254e-07,1.3723715123108529e-05,7.951694197977062e-06,6.2941841955415685e-06,0
0.8512166831861063,0.14874224381414458,5.913819416562876e-06,7.677800371118462e-08,2.973304386294246e-05,2.6414071982454357e-06,2.707951267662312e-06,0
0.7802811968772045,0.21964614072675995,9.726988974040183e-06,1.2628366592593075e-07,5.399891482397752e-05,4.356198351076613e-06,4.454010220369306e-06,0
0.16953666655322433,0.8302997306491898,1.2215325215149818e-05,2.569885873125896e-07,0.00013340211848233844,8.664407693958754e-06,9.063957606994909e-06,1
0.11267535175970021,0.8871979855367467,8.342975579850913e-06,1.7552127925257398e-07,0.00010613499100440633,5.917725523583915e-06,6.091490166199565e-06,1
0.17212117817953737,0.827628519333437,9.825431104701913e-06,2.2234965247083132e-07,0.00022660837985022232,6.690582830136705e-06,6.955743588179108e-06,1
0.23694578085212506,0.7628748164713522,1.1734988011324843e-05,2.3968094223155156e-07,0.0001502503297790367,8.26787627424412e-06,8.909801515968241e-06,1
0.2769133181433917,0.7229136909352982,1.0562200585960514e-05,2.1572737748335006e-07,0.0001466001802827414,7.593451586758788e-06,8.019361477142851e-06,1
0.07287407373184558,0.9270434595942584,5.574796473047119e-06,1.1386227835252914e-07,6.830509839140988e-05,4.00787191831836e-06,4.465044834988784e-06,1
0.044195069840629146,0.9557407094417067,6.5989351059967835e-06,9.778667517195392e-08,5.024732471211256e-05,3.442022020620211e-06,3.834649150049786e-06,1
0.05334649968174441,0.9466162205139634,1.1528214872551e-05,1.3559049267680097e-07,1.0789417465402097e-05,4.772689742846965e-06,1.005389171892403e-05,1
0.14166807219020827,0.8583036382646708,1.0292735515583764e-05,1.5252517036329985e-07,6.264576680048936e-06,5.368718092842586e-06,6.210989662071988e-06,1
0.2271799008794832,0.7727829116233391,1.4822387031683611e-05,1.8607894139107612e-07,9.21448771066851e-06,6.401634649382057e-06,6.562908844732523e-06,1
0.272950458747687,0.7270139509552304,1.2430350239093657e-05,1.97616737464715e-07,8.116596114333448e-06,6.79856701889334e-06,8.047166972652477e-06,1
0.6225974242102859,0.3773667651148449,1.1345724777977463e-05,2.1077276147192492e-07,9.714012142237108e-06,7.106234386793778e-06,7.433930800853065e-06,1
0.5200790604104394,0.47988998059903276,7.911751259699848e-06,1.7904304903100674e-07,8.265828276190974e-06,5.6118553767371375e-06,8.990512566092377e-06,1
0.3621361991980674,0.6378353242386362,7.201005381108622e-06,1.781386235176385e-07,7.697254539435908e-06,5.7127145065647925e-06,7.687450245563935e-06,0
0.5601608775369274,0.43980111390589127,1.0995765000225151e-05,2.245827020246904e-07,9.895799177637054e-06,7.747057302043363e-06,9.145352999425768e-06,0
0.5645231692089363,0.43544094853299453,1.146076293993991e-05,2.1413332765615958e-07,9.435367856120756e-06,7.219536365715213e-06,7.552457579602011e-06,1
0.4081640850439672,0.5917968883999066,1.1119449294041914e-05,2.0656917734347282e-07,1.3413250130160896e-05,7.001616647307677e-06,7.285670877188121e-06,0
0.15478324391677523,0.8450367410199783,7.898481986541046e-06,1.478716468854588e-07,0.0001608462655930859,5.100883155476634e-06,6.021560864582011e-06,1
0.12155359828349044,0.8783289411401686,8.342126778870136e-06,1.5586461182822338e-07,9.821026009101177e-05,5.254998115140793e-06,5.497326744410352e-06,1
0.11802239175459589,0.8818652609194222,7.87216238003377e-06,1.470837792492637e-07,9.408030283305766e-05,5.060149189546493e-06,5.18762779986928e-06,1
0.1403719542459688,0.8594283978048296,9.71871591922575e-06,1.8158485532199772e-07,0.00017783185382548792,6.247095792489461e-06,5.668698808870991e-06,1
0.1425407538075845,0.8572713934611579,9.16831536221867e-06,1.7130115052560938e-07,0.00016710444091868427,5.893303683280788e-06,5.51537014304329e-06,1
0.04870613786320224,0.9512639221154726,4.829735653054834e-06,7.961139496756474e-08,1.6624975322282636e-05,5.5978458777635725e-06,2.807853077130537e-06,1
0.027368616685029743,0.9725942945131193,7.436603103141922e-06,8.25922241054185e-08,2.001823451322448e-05,6.638386618163549e-06,2.9129853923039246e-06,1
0.06918386737478154,0.9306881440676057,1.1063530660259516e-05,1.4992530727439944e-07,9.793116820749358e-05,1.3556085274450287e-05,5.28784816307004e-06,1
0.1001722317419857,0.8996686384944341,1.4854491308673141e-05,1.2197993259862524e-07,0.00012584914655262323,1.4458089652967926e-05,3.846056133301236e-06,1
0.046482959000943666,0.9532421232970772,1.455750948543022e-05,1.1643001142491342e-07,0.00023647578954681832,2.0452653649426e-05,3.3153192861619088e-06,1
0.06156538448097453,0.9381768030669291,1.5164568227220279e-05,1.1605242428085567e-07,0.0002196983928112314,1.9528871059218038e-05,3.3045675742486266e-06,1
0.050403567244297814,0.949356864920171,1.3421671492527683e-05,9.939469166756734e-08,0.00020453799988142028,1.835331734647169e-05,3.1554521189117245e-06,1
0.023723063559499304,0.9759531121585283,1.691828437117979e-05,1.182267190654596e-07,0.0002786573861086906,2.5146637939865294e-05,2.9837468336977505e-06,1
0.028185324837004998,0.9714962738168792,3.8993713901190616e-05,1.2242104886078789e-07,0.00024225704564804031,3.339227229099008e-05,3.6358932268380154e-06,1
0.036316159590574965,0.963420444646746,2.4353378224965682e-05,1.0986924676191782e-07,0.00020817489277185407,2.730123316783192e-05,3.456389267649658e-06,1
0.03846447280390997,0.9612576598274885,2.5681244080453904e-05,1.1585985800261219e-07,0.00021952561091568388,2.8789830560826165e-05,3.754823186566625e-06,1
0.0388230924756295,0.9609340420837811,2.7936960810862432e-05,1.3210026556278135e-07,0.00017464021397169637,3.313164781983615e-05,7.024517721486955e-06,1
0.08602760071339334,0.9137180553498201,2.107743431526591e-05,1.3482550092480942e-07,0.00019957219942243253,2.9056467995975707e-05,4.503009551913905e-06,1
0.05932373629981494,0.9404374768544288,2.8246702381780996e-05,1.43936235456308e-07,0.00017195601908132576,3.572895255405661e-05,2.7112355034899528e-06,1
0.059631787631056525,0.9401012807415314,3.949801257546604e-05,1.3947493154623168e-07,0.00019268363380301002,3.229710127886727e-05,2.3134048230673882e-06,1
0.0030431875717873923,0.7718069271289397,3.4568820021823257e-05,1.2236690873930956e-07,0.2250785569012335,2.880471698486138e-05,7.83249412389953e-06,1
0.0034852044617939373,0.9505746956654946,4.229584803861035e-05,1.622055406944642e-07,0.04584907673974397,3.818258335702744e-05,1.038249603134091e-05,1
0.0050613305575919676,0.9909770689953368,3.646446850045498e-05,1.624547685448851e-07,0.003882862193703191,3.971927348811393e-05,2.3920566107658464e-06,1
0.007564604180475766,0.9884852149240221,4.251395638441395e-05,3.1075706098961944e-07,0.003863308595694392,4.1472055694999053e-05,2.5755306676465124e-06,1
0.010340509623460703,0.983762788349668,5.26094880769201e-05,3.729862643023274e-07,0.005794600160771322,4.602811023091729e-05,3.091281527963869e-06,1
0.006814770514920459,0.9851147887005196,4.1469995716836476e-05,2.6877241694130313e-07,0.00799100384490242,3.513142261219034e-05,2.5667489115103437e-06,1
0.008533094765638656,0.9699641481769776,4.67441172950777e-05,3.1015742382872914e-07,0.021405436114979474,4.5859439090411155e-05,4.407228595153364e-06,1
0.001955557672032625,0.9966499971326113,2.661470883644155e-05,2.2155040390850835e-64,0.0012512438127035624,0.00011395134821585907,2.6353256001283874e-06,1
0.002270786177648856,0.9964867980440923,3.0751044160119433e-05,9.440899952880592e-07,0.0011566895359750953,5.1230155602340944e-05,2.8009525260222803e-06,1
0.7676165441076296,0.23235391057697014,8.678377552891837e-06,1.1266974133448442e-07,1.0750624477351002e-05,3.8189160005400136e-06,6.184727628392831e-06,0
0.8144166816069381,0.18553506391928878,7.247870662917099e-06,9.409773979521693e-08,3.435642789162429e-05,3.2372611323509172e-06,3.318816346425752e-06,0
0.4585454398327841,0.5413627630518125,1.7217449905260065e-05,2.4257940463255976e-07,5.6280279688965974e-05,8.17859999883084e-06,9.878206405724875e-06,1
0.4144527229014109,0.5854616443281918,1.8713718767211126e-05,2.4295668632270705e-07,4.9915720747732546e-05,8.191320106027373e-06,8.56905408988602e-06,1
0.12372790718468572,0.876137565219514,9.82029868583043e-06,2.0660151422978635e-07,0.00011036496142137276,6.965600177795894e-06,7.170134000913325e-06,1
0.10843978603816397,0.8914294570760161,8.612649775250405e-06,1.8119474183254875e-07,0.0001095656456945591,6.109007141742042e-06,6.288388466288218e-06,1
0.13535148778442402,0.8644793524304641,1.0478973838779823e-05,1.961823957882566e-07,0.0001441243806024469,6.614318080279059e-06,7.74593019446144e-06,1
0.049008107843263246,0.9509239141372718,7.164233365341858e-06,1.061635778651797e-07,5.280759478203004e-05,3.736883089206233e-06,4.163144650445342e-06,1
0.04124087526748152,0.95873581821782,7.141113148930142e-06,8.399106547100267e-08,7.12762806068592e-06,2.9564262858735715e-06,5.99735613766245e-06,1
0.10930338889215419,0.8906673316333134,8.840998028166895e-06,1.3101080530260068e-07,5.9816649819621445e-06,4.611487976227593e-06,9.71431274065094e-06,1
0.14166807219020827,0.8583036382646708,1.0292735515583764e-05,1.5252517036329985e-07,6.264576680048936e-06,5.368718092842586e-06,6.210989662071988e-06,1
0.14494034488340013,0.8550298649044802,1.1501940713403598e-05,1.5604822211580868e-07,6.409276914107372e-06,5.3684941358922416e-06,6.354452134276786e-06,1
0.212635817804975,0.7873302579660052,1.3711058574853297e-05,1.7247279642530441e-07,7.083873801650043e-06,5.933545308340823e-06,7.023278538451432e-06,1
0.2786337379482444,0.7213303683473904,1.253631897489362e-05,1.9930142015178757e-07,8.185790096215773e-06,6.8565248027358e-06,8.115769071101909e-06,1
0.6614655741954248,0.33849727162455207,1.1149413340166025e-05,2.0831605997394847e-07,1.1388340550068499e-05,7.060826848285986e-06,7.347283224540213e-06,1
0.51678768408621,0.4831781636186465,1.0399939256712303e-05,1.932026343995531e-07,1.0098134496898603e-05,6.646784294400976e-06,6.814234461031635e-06,1
0.4555740949740139,0.5443954525716492,9.170982431754774e-06,1.7037195334611728e-07,9.327381224267385e-06,5.774719733714397e-06,6.008998993685935e-06,1
0.5087153338603162,0.491251025380835,1.1943754299269876e-05,1.736985610475522e-07,9.509503560752146e-06,5.887474367106293e-06,6.126328060693231e-06,0
0.3098892460026311,0.6898285239512361,1.2773744987388974e-05,2.3866513382355423e-07,0.00025275331469181437,8.046629787746978e-06,8.417691532010247e-06,0
0.2136563716302541,0.7860277319744549,1.0505297673916839e-05,2.2101266736392911e-07,0.0002899235195509753,7.451474307071546e-06,7.795091091569977e-06,1
0.31519150374263555,0.6843944204413059,8.367150823891538e-06,2.646838870417828e-07,0.0003901546260646055,6.228307569034152e-06,9.061047713915743e-06,0
0.6470138312807285,0.3526625156750086,9.154794769118738e-06,2.0717314219232837e-07,0.0003021408503582783,6.233916053452334e-06,5.916309939747341e-06,0
0.42493856502917765,0.5746788385928677,9.385218403286617e-06,2.4548916616847745e-07,0.0003597828567297382,6.538711016471862e-06,6.644102639026339e-06,0
0.2430698648483135,0.7567861987821107,8.210027775097986e-06,1.727242953059337e-07,0.00012273819719255382,5.823424801981552e-06,6.991995510909488e-06,1
0.11143127037505511,0.8884494512233034,9.414048095508067e-06,1.5321355887059875e-07,9.914169809417308e-05,5.1656174781119754e-06,5.403824414703468e-06,1
0.22199488392219288,0.7778232057252229,1.0770712658563622e-05,1.752932639868864e-07,0.00015853802845983551,5.91003795565328e-06,6.516280246013582e-06,1
0.04988171334269624,0.9500818007835947,4.706120466834294e-06,9.878734676773366e-08,2.0904877898737306e-05,7.166253283215899e-06,3.6098347132795147e-06,1
0.05757960339104805,0.9423837311257734,5.153283830071286e-06,8.79295418433349e-08,2.0735495424386147e-05,7.10818847562324e-06,3.580585906436643e-06,1
0.049898087445271924,0.9500674043111842,6.048991494724415e-06,8.032771640489998e-08,1.6774562278061638e-05,5.648213755462156e-06,5.956148299094617e-06,1
0.04166557470738402,0.9582917227254522,3.8124361252087176e-06,7.918414534314385e-08,3.021543674292954e-05,2.7241554832635383e-06,5.871354666968446e-06,1
0.0744353494026813,0.9254571148008275,1.6507260436082303e-05,1.2139687986486203e-07,7.250584038816448e-05,1.4453587531997651e-05,3.947711255008157e-06,1
0.07504265280850965,0.9247914218151323,1.6482834052347094e-05,1.2121724455933586e-07,0.00013101176593682435,1.4367689438650895e-05,3.941869685453718e-06,1
0.08421296160661537,0.9156038903654405,1.5754214124555115e-05,1.262113500731066e-07,0.00014832849582803884,1.4959632914239376e-05,3.979473727356133e-06,1
0.06919168035259975,0.917754155518597,2.0788365192287406e-05,2.1795966682787114e-07,0.013003981886483341,2.3731176943837654e-05,5.444740517102087e-06,1
0.08837951348481991,0.8934290414409465,3.551976608352476e-05,3.186794376739843e-07,0.018079912180335483,6.838771658534704e-05,7.306731791496207e-06,1
0.039695539023647794,0.9600502118308085,1.5889596678965985e-05,1.1396667479424723e-07,0.00021185637175291335,2.306839795493547e-05,3.3208124820243744e-06,1
0.050204975119165565,0.9494622446909557,2.3770443086326806e-05,1.3998560344573458e-07,0.00027177852986945606,3.355834463923701e-05,3.532886680321546e-06,1
0.028608285685455686,0.9710940796432699,2.0288900205358688e-05,1.233707917163208e-07,0.0002406134664736635,3.294483330629179e-05,3.664100497138376e-06,1
0.021608209926757046,0.9780704209830179,2.7138719639910332e-05,1.2308341078871308e-07,0.0002573681739367486,3.3572941955711005e-05,3.166171282178777e-06,1
0.036189683567810764,0.9635521894211778,2.435670847432745e-05,1.0988427104255467e-07,0.00019863651807962074,3.146273572587754e-05,3.561164460776858e-06,1
0.0340928314597722,0.9655946213723908,2.668781848815808e-05,1.2632556574404266e-07,0.00024215037175692557,3.882324661651926e-05,4.759405409581428e-06,1
0.037695273270404714,0.9619759008038699,2.5798354930365063e-05,1.3397204725003477e-07,0.0002564390445972287,4.056477396014284e-05,5.889780190396922e-06,1
0.025116440353226563,0.974668263199296,2.7916889467370978e-05,1.3326361726382094e-07,0.00015499550925935122,2.6392149476154464e-05,5.858635657005579e-06,1
0.05798599315672402,0.9417581592409846,2.097010993053929e-05,1.4576564268308025e-07,0.00020243626067733054,2.827053847812193e-05,4.0249275627351586e-06,1
0.08660645545985501,0.9131620554199019,2.2201199775186207e-05,1.331841314832329e-07,0.00017677447974932996,2.8702733737088442e-05,3.677522850094977e-06,1
0.04907515623678827,0.9506341373145877,3.8050973421487794e-05,1.4103760301536797e-07,0.0002168228143536266,3.335229912907266e-05,2.3393241167604734e-06,1
0.025206779380388202,0.7899339457602986,6.103509056363199e-05,2.2093178538903289e-07,0.1847409876991505,5.377803947456797e-05,3.253098339320964e-06,1
0.010628206984243221,0.713953345579915,3.773824617966185e-05,1.4507516072638493e-07,0.2753414664454456,3.696151755695941e-05,2.136151498548258e-06,1
0.008943701341552163,0.8875492916019095,3.890883762895757e-05,1.4957520404697336e-07,0.10342897847986883,3.505063392062395e-05,3.919529916062793e-06,1
0.0043891190052063305,0.97753146056693,4.4017408186030226e-05,1.795629136083972e-07,0.017973284253832458,5.691389722013616e-05,5.025305711750823e-06,1
0.007093910613825399,0.9901300444356467,3.636341364081757e-05,2.536037367518473e-07,0.0027012156350840226,3.5819241516407104e-05,2.3930565502032982e-06,1
0.008881552392464548,0.9869365640872254,4.244735015385407e-05,2.725137836537478e-07,0.004098303482691706,3.8288678074036376e-05,2.5714956070675302e-06,1
0.012861416683663902,0.980150307213067,4.6687532717589925e-05,3.290821075436289e-07,0.0068956517557409915,4.250244686177826e-05,3.1052858412041954e-06,1
0.02819809600083207,0.9600060875625536,4.419824776264285e-05,5.116859356418486e-07,0.01170284088195857,4.4865613196883974e-05,3.4000077603783216e-06,1
0.0025214778576386444,0.9960822097364538,3.51810349896883e-05,1.0048863449579954e-06,0.0011977541048713996,0.00015888883672079637,3.483542980578935e-06,1
0.003580826154499064,0.9936449844393672,4.1137540272775116e-05,1.1881626878944494e-06,0.0025493416411280796,0.0001785860700522,3.935991992619928e-06,1
0.8602140262734221,0.13975480598488338,1.039318134334199e-05,1.34932715989814e-07,9.81937372370151e-06,6.0611927007115245e-06,4.759061210919552e-06,0
0.8566297718066239,0.14334236338648726,1.2483315120993114e-05,1.1523728155133377e-07,5.9901060101033135e-06,5.211742948694117e-06,4.064405527301237e-06,0
0.7702185377210278,0.2297454464058584,7.901051531457784e-06,1.0257786399522822e-07,2.093590673504882e-05,3.458427641959997e-06,3.6179093413900015e-06,0
0.7184871300209384,0.2814696770290139,9.456518522958952e-06,1.4219151542748498e-07,2.5107802243187922e-05,4.1475880842236585e-06,4.338849681887952e-06,0
0.49061932635354555,0.5093022177358817,1.714532694989125e-05,2.2259455074015586e-07,4.573229740199234e-05,7.504807735762887e-06,7.850883934401123e-06,1
0.2831813320254797,0.7166298858819602,1.8295609234864485e-05,2.6254904275943534e-07,0.00015226025433967395,8.851879260145323e-06,9.111800682655724e-06,1
0.1927991364930287,0.8070429829562905,1.1330611345896907e-05,2.3837579040128185e-07,0.00013000182438161387,8.03687453207454e-06,8.272864630845965e-06,1
0.14541177711520756,0.8544511465286901,9.357497446699232e-06,2.1176030680980366e-07,0.00011265061695403632,6.637332321928346e-06,8.219149072678667e-06,1
0.227167011849058,0.7724660113272449,1.0750017609999656e-05,2.7133903181174897e-07,0.0003375794073689479,8.164691274360137e-06,1.0211368411819468e-05,1
0.1579177461663738,0.8417630059109132,9.335949034048411e-06,2.7016448789386916e-07,0.0002963609843329419,6.622047896088189e-06,6.658776961866191e-06,1
0.25250579734039785,0.7473151384343599,1.1495639914780308e-05,2.3479238356870842e-07,0.00015050647294520582,8.099243767180942e-06,8.728076231598235e-06,1
0.04389896815102711,0.956057484418936,7.039471115822751e-06,9.550428301854593e-08,2.9305624779115032e-05,3.3616834260427135e-06,3.745146432877371e-06,1
0.04668041502523287,0.9532855897092324,1.060117454289521e-05,1.2468699578513714e-07,9.63510070728068e-06,4.388894339875386e-06,9.245408948913643e-06,1
0.12545251072973743,0.8745205486578633,6.468291287487716e-06,1.3434463995533838e-07,6.016302265204761e-06,4.728836605451884e-06,9.59283760099895e-06,1
0.15875059198514768,0.8412127864219636,1.0397752766666496e-05,1.6809503447139955e-07,7.674849253974705e-06,5.916826696378103e-06,1.2464069137152766e-05,1
0.11806980254932661,0.8819020665724706,1.0072620921926224e-05,1.4926167546753669e-07,6.576924901286438e-06,5.2539057380824045e-06,6.078164966090221e-06,1
0.14494034488340013,0.8550298649044802,1.1501940713403598e-05,1.5604822211580868e-07,6.409276914107372e-06,5.3684941358922416e-06,6.354452134276786e-06,1
0.5576534117558658,0.4423007826677926,1.4434701630619238e-05,2.6815756447877393e-07,1.2603859625220498e-05,9.040971387717759e-06,9.457886133574382e-06,1
0.45125800562435103,0.5487019617398151,9.249225851419414e-06,1.945871635364566e-07,1.1222884330483045e-05,6.560534592301291e-06,1.2805403896112507e-05,1
0.584728719676121,0.41524907906250214,6.7401993680914276e-06,1.4180173538587044e-07,5.617145335059483e-06,4.780866185312697e-06,4.9212487530362815e-06,0
0.35274054034276014,0.647237278997832,5.886264802827337e-06,1.353719594652616e-07,6.180785681018022e-06,4.669702152537003e-06,5.308534812040763e-06,0
0.5839003434840674,0.4160592057315851,1.3890209981374632e-05,2.2082299077074949e-07,9.730134826823378e-06,7.617364773363146e-06,8.992251775318921e-06,0
0.6976363262343607,0.30232782448956874,1.0838363439882031e-05,2.0250439188832648e-07,1.0699307574913793e-05,6.96679429726069e-06,7.142306366599322e-06,1
0.5634570217037361,0.43650299198588555,1.4034059198622363e-05,2.0409796010337256e-07,1.1528023781738457e-05,7.021618105521607e-06,7.1985113323376e-06,1
0.49657356814845843,0.5033916842498365,1.2336725789052786e-05,1.7941356326525331e-07,9.822383722862738e-06,6.081183105173845e-06,6.3278955247071745e-06,1
0.2545667372861405,0.7453767534819931,1.2182533303056855e-05,2.2761891238274117e-07,2.3930295899702526e-05,7.674204821168457e-06,1.2494578930282837e-05,0
0.32995918995034834,0.6697197475384771,1.0636202303432071e-05,2.2376666655914286e-07,0.0002947659920898886,7.544325791511756e-06,7.892224323112094e-06,0
0.32376241954842705,0.6759191650617175,9.200772638671282e-06,2.6418797258563804e-07,0.0002947907005686804,6.265224475578189e-06,7.894504200006185e-06,0
0.3506320237361389,0.6489688508890491,7.133136528931282e-06,1.764596824161208e-07,0.00037980987130641986,5.432608556128974e-06,6.573298738140339e-06,0
0.30306383608298554,0.6966884639011663,7.987906166982274e-06,1.371986721553433e-07,0.0002282117402803875,5.6658725357540925e-06,5.697298192638638e-06,1
0.039556860283040174,0.9604099690599033,3.895848904571323e-06,7.95715542551817e-08,2.321751354206662e-05,2.7374834305113117e-06,3.240239625346789e-06,1
0.04269554103511927,0.9572742404705695,4.039135783634176e-06,9.34883301379857e-08,1.9783526842627748e-05,2.8861424903297545e-06,3.4162008643890877e-06,1
0.04838260938104326,0.9515743929472927,5.235587064526965e-06,7.997759178410601e-08,2.5432793656572018e-05,6.319126130486298e-06,5.930187220429048e-06,1
0.04240119371523207,0.9575685801214125,5.2035046663547035e-06,7.932833590796543e-08,1.5906456930099663e-05,5.577942684375379e-06,3.4589307384837697e-06,1
0.0533518113987726,0.9465649164770847,1.6500156817632147e-05,1.0892985986927827e-07,5.2479115980728294e-05,1.1046612135854117e-05,3.1373093484795795e-06,1
0.04493470089609162,0.9548727963999585,1.689095359191278e-05,1.268100287559063e-07,0.00015303315813231544,1.6610389124857548e-05,5.84139307220476e-06,1
0.04853146946372525,0.9511860030905034,1.5630304004284607e-05,1.2724572442339736e-07,0.00024079400806270514,2.2352593615267597e-05,3.6232943645684815e-06,1
0.04169867187865391,0.9580275972380227,1.5087166904983235e-05,1.1701451432506932e-07,0.00023463940879546834,2.0555330229353017e-05,3.3319628792869864e-06,1
0.04954433802391837,0.9501815612798681,1.9866741987582825e-05,1.2313146498703858e-07,0.00022889309938953884,2.1629863090329057e-05,3.5878602810612598e-06,1
0.02465706213129377,0.9750625258704166,2.4987373785443532e-05,1.1119691912126325e-07,0.00021687042612549955,3.183858114223831e-05,6.604420317408474e-06,1
0.02186427917767282,0.9777697345835102,2.8314997638335787e-05,1.3483134633125638e-07,0.00029520488639723044,3.6403966090483156e-05,5.927557344736885e-06,1
0.04528317475390863,0.9544558922574331,2.6995087952604548e-05,1.380616273474874e-07,0.00019789506474722095,2.983520493591842e-05,6.0695693952305585e-06,1
0.05193024291782741,0.9478580427836176,2.714897900162587e-05,1.2959793214085815e-07,0.00015073204452618812,2.8006195052025217e-05,5.6974820427657e-06,1
0.05297417132747684,0.9468097169593418,2.4966089657130157e-05,1.345235967473396e-07,0.0001592739726039278,2.5228978911628474e-05,6.508148411756781e-06,1
0.05701842077120823,0.9427263354748264,2.755871435570148e-05,1.5288692055434078e-07,0.00018650136852252326,3.786164346806982e-05,3.1691406985973606e-06,1
0.05969269892342563,0.9400606256286081,2.4571803835724992e-05,1.4951234960565486e-07,0.00018182899272604826,3.702594868362657e-05,3.0991903712900374e-06,1
0.010058823830270746,0.8900294762256428,4.187766839282119e-05,1.6104724394480713e-07,0.0998232868157961,4.4003081064253216e-05,2.3713315895516994e-06,1
0.00850308085757098,0.987513173028414,3.9169648059678834e-05,2.723039380119959e-07,0.0039045577486463536,3.717689790979691e-05,2.5695154608206423e-06,1
0.06048416479688597,0.931842002301225,5.400914532042777e-05,2.7342128224074948e-17,0.007494865294486338,0.00012030521628853173,4.653245793417607e-06,1
0.873951081979843,0.12602237005216546,9.002549009875531e-06,1.1445260539750572e-07,8.328987509109982e-06,5.065248776789476e-06,4.0367300905517195e-06,0
0.935856640260276,0.06412890023075224,5.1499393596173944e-06,7.075574829605224e-08,3.564910713932898e-06,3.1783561307532544e-06,2.4955470190843006e-06,0
0.8467623700838488,0.15321783910212491,7.350533188976636e-06,9.502961138520399e-08,4.787908939221751e-06,4.205658937652922e-06,3.351683349101362e-06,0
0.7504202288802914,0.24954131044032413,1.9983235907786793e-05,1.3843197970783693e-07,7.195780935434747e-06,6.260750725837786e-06,4.882479835565618e-06,0
0.9171208337592694,0.08286681867325717,4.977776628986291e-06,5.323284050689622e-08,3.0315234585712236e-06,2.4075184472933613e-06,1.8775160978940152e-06,0
0.8507187415453544,0.1492654129755611,5.777230652248867e-06,7.50046975084223e-08,4.805569112698836e-06,2.5422676580061384e-06,2.6454069639866473e-06,0
0.8189966292886444,0.18098227545156764,6.964980735577887e-06,9.042503314640107e-08,7.801880431661926e-06,3.0486931778303513e-06,3.1892804097683577e-06,0
0.8282371624409265,0.17172965034803048,7.057352018468446e-06,9.162427211550375e-08,1.9717531629093715e-05,3.0891256945403228e-06,3.231577428831626e-06,0
0.6486742009303069,0.3512674000438346,1.0411446656863262e-05,1.4668853664641437e-07,3.692188246625769e-05,4.945625402379415e-06,5.973382796210089e-06,0
0.3357017684624945,0.6642056207194741,1.9093305046229228e-05,2.3866829233300084e-07,5.526766459933497e-05,8.04673627735353e-06,9.96444381632004e-06,1
0.1733780426853103,0.8264820783302493,1.0461118805904319e-05,2.4872508498651115e-07,0.00011458439544398745,7.123451492455103e-06,7.461293613113745e-06,1
0.23664503091157663,0.7630053970562263,1.0296381114310625e-05,3.323323773574606e-07,0.0003197462763534106,7.820152123592767e-06,1.137689022845446e-05,1
0.1561619148960672,0.8435669512876575,9.355956496931939e-06,2.2244858489859519e-07,0.0002468915158571951,6.63623931647949e-06,8.027656019850397e-06,1
0.225432901525156,0.7743456082863654,1.2654958095571981e-05,2.5847084609889264e-07,0.00019034459070390176,8.916040450059293e-06,9.316128383027191e-06,1
0.08144525734797192,0.9184654473683218,6.999483843741573e-06,1.4296076665638637e-07,7.141295236606311e-05,4.918304460393992e-06,5.8215822694904315e-06,1
0.047040698576133924,0.9528576678679667,6.663675431805103e-06,1.0772815785796081e-07,8.355205418068257e-05,3.791955201830002e-06,7.5181429271061845e-06,1
0.09629855578742494,0.9036782904895531,5.935124765830799e-06,1.1299287319053612e-07,5.060114636164186e-06,3.977269469598648e-06,8.068221277361114e-06,1
0.14673007034528882,0.8532361242141344,1.024775378821881e-05,1.5185689127630007e-07,6.800546410160321e-06,5.345255504769095e-06,1.1260027982224165e-05,1
0.373804927298112,0.6261457229301332,1.8366349350473365e-05,3.093512313074703e-07,1.2026871234164529e-05,9.207617784362887e-06,9.43958215449624e-06,1
0.5075947345464329,0.49234950030388047,1.7566310747803856e-05,3.263343592094957e-07,1.5360319152259462e-05,1.1002410505096145e-05,1.1509774922350465e-05,1
0.5969568379445168,0.40300277123359357,1.2777128052129887e-05,2.373643478868074e-07,1.1001742926062785e-05,8.002773600215844e-06,8.371812963200082e-06,1
0.5939379179455692,0.40603728944348705,7.529655986067438e-06,1.5841049016111046e-07,6.266053818617104e-06,5.340832774360576e-06,5.4976578745799365e-06,0
0.4580125736081703,0.5419439209591698,1.6729190125295683e-05,2.432933715349795e-07,9.749348727845528e-06,8.202671497052809e-06,8.580928938192926e-06,0
0.7601831277089169,0.2397829577470599,1.083017780176709e-05,2.0119529842123636e-07,8.86527880692443e-06,6.921757323908853e-06,7.096134792159458e-06,1
0.6083988206668726,0.3915621973196091,1.1692766113506872e-05,2.1846808371411395e-07,1.1960507948141928e-05,7.404927450985372e-06,7.705343921975542e-06,1
0.531896625102875,0.4680706148556296,1.1631065999826382e-05,1.6915112091199438e-07,9.260544111113666e-06,5.73333988796851e-06,5.965940375621024e-06,1
0.39139529618688984,0.608569081877137,1.2647147849359157e-05,1.8392804538214758e-07,1.006953881445734e-05,6.234200479547479e-06,6.48712078429154e-06,1
0.3791645330765758,0.6207837395461365,1.2062805724379362e-05,2.2538191778048124e-07,1.676710273660084e-05,7.598784221966558e-06,1.507330268690015e-05,0
0.3563871480487331,0.6431702151753289,1.0385495688343646e-05,2.3502392235343896e-07,0.00041729752672944724,7.366497998437165e-06,7.35223159925151e-06,0
0.3693318670121395,0.6302197650189036,8.765977351754276e-06,2.53670598831342e-07,0.00042712691833923577,5.969152593309412e-06,6.252250073904968e-06,0
0.4485015149888519,0.5511870134036728,7.654458446344216e-06,1.7322050882658862e-07,0.00029301281855650377,5.212268826616459e-06,5.41884113702281e-06,0
0.3169526957829096,0.6824656374075511,6.628096736729569e-06,1.5243256510400449e-07,0.0005635201701055875,5.258213593085858e-06,6.107896538795701e-06,0
0.3319626046749238,0.6676078342158092,8.459891063596991e-06,1.7798097184967393e-07,0.0004087457286771187,6.000654418154488e-06,6.17685413648802e-06,1
0.19846518540328517,0.8013051435103171,8.309878862437459e-06,1.636348159193912e-07,0.00020864155384669772,5.854718404678865e-06,6.701300467961561e-06,1
0.135346575314529,0.8645118450885158,8.374139530343837e-06,1.5646273928591676e-07,0.00012225540798574413,5.275164069592704e-06,5.518422630328112e-06,0
0.1514258353080513,0.8483560028814678,8.65159435135995e-06,1.408046301685151e-07,0.00019888838178593995,4.747248637516959e-06,5.733781075904485e-06,0
0.05025209908138366,0.9497181772315839,4.777018300261494e-06,8.92549939066345e-08,1.8638815105461226e-05,3.070620766388876e-06,3.1479778666372633e-06,1
0.03978382486377385,0.9601872927005077,3.918202036414978e-06,8.002811031955665e-08,1.8872184257596297e-05,2.753190232684835e-06,3.2588310813617856e-06,1
0.043609928925668937,0.9563628469446575,4.375303962640995e-06,8.174926365758745e-08,1.7071419128830478e-05,2.8124027086548e-06,2.8832546095647588e-06,1
0.04342295985149312,0.9565365553310168,4.06022486635643e-06,7.729940817184637e-08,3.054026256537714e-05,2.6593152671135614e-06,3.1477153829499505e-06,1
0.04590193373086988,0.9540559847775838,8.576982854711628e-06,1.0270817984555695e-07,2.3125695703705632e-05,7.1420898035053426e-06,3.1340150046713217e-06,1
0.04300441930485515,0.9569586068642323,5.078829000941936e-06,8.796916837543409e-08,2.1489898789442876e-05,7.2145064939883e-06,3.1026274595013816e-06,1
0.048333648460392294,0.9515818203375114,1.6849598759015165e-05,1.0950720076262961e-07,5.275726138309052e-05,1.1660897301641281e-05,3.1539374519596015e-06,1
0.04863367250546949,0.9511910915032576,1.595080124031938e-05,9.029500987203501e-08,0.00014204452293960302,1.3814686821211975e-05,3.3356852619960823e-06,1
0.03882605627557584,0.9609721103226468,1.8297880501265982e-05,1.2070823081013017e-07,0.0001641271360439471,1.5811136579653174e-05,3.4765404216393147e-06,1
0.11863005864456014,0.8666206827967097,3.2076773368634475e-05,3.03339193829287e-07,0.014655359837460497,5.4563600416489916e-05,6.95500829089175e-06,1
0.15057355651607846,0.8370126749713286,2.74236550666335e-05,3.2157283751146926e-07,0.012322801014543102,5.572311552138524e-05,7.499154624536462e-06,1
0.045584554143738396,0.9541270447832135,1.8715955885298086e-05,1.3061482547668437e-07,0.00024280416246756273,2.2944426048413365e-05,3.8059138214174105e-06,1
0.0271444680515789,0.9724970981986173,3.097996125270152e-05,1.398363284667419e-07,0.00028899234228031505,3.4168484607543495e-05,4.153125334813036e-06,1
0.11060403779950673,0.8890139244249625,3.5012888969693434e-05,2.2311989064488014e-07,0.00030359084714352174,3.628315565005659e-05,6.927763877213785e-06,1
0.19046304682641785,0.8092213280579652,3.159523168528199e-05,2.0036980621291314e-07,0.0002486200879302426,2.8988041353444087e-05,6.221384841817993e-06,1
0.07648681348726406,0.9232343440005876,3.196711791438193e-05,1.6550190200509764e-07,0.00020863714423952754,3.54592063165836e-05,2.6135417759677352e-06,1
0.03744153323699973,0.9622894354959676,3.860590374162193e-05,1.427668017190615e-07,0.0001972313292195039,3.068326175067615e-05,2.368005519051325e-06,1
0.009900623692540494,0.889271721619579,4.079057408439508e-05,1.5686664963287252e-07,0.10074160473889203,4.012180055171774e-05,4.980707702685246e-06,1
0.005308625882845871,0.8633436400732755,4.0667788862885756e-05,1.563003128171138e-07,0.13126038731660655,4.155991227920748e-05,4.96272581713363e-06,1
0.02716529320070722,0.9567195279531001,5.830323701385022e-05,6.58491768349388e-07,0.01599380003455413,5.804159201970663e-05,4.375490836434191e-06,1
0.030085606722127994,0.9680954859376276,3.421045650291802e-05,4.2817410184761746e-07,0.001726197040164922,5.3934826542097104e-05,4.136842932753302e-06,1
0.9301317859474584,0.06985228710663123,5.837674666866274e-06,7.70705692228647e-08,3.883072465037112e-06,3.410858189962105e-06,2.7182700192569564e-06,0
0.8339161164367087,0.1660634532763328,8.432911181789493e-06,9.018239455241299e-08,4.7081369841522815e-06,4.01833382330859e-06,3.1807225747581502e-06,0
0.8360005724161238,0.16398062771856228,6.866164731071144e-06,8.914212357031671e-08,5.679073528775315e-06,3.021452592264041e-06,3.1440323381211436e-06,0
0.4549678939234526,0.544886743482076,1.3998227404528695e-05,1.9579356832435198e-07,0.00011639294835896951,6.601208705636741e-06,8.174416434181114e-06,1
0.17528063607365665,0.8245862649618254,8.541857448193108e-06,2.1560330540395911e-07,0.0001097400688649589,6.487582765373035e-06,8.113852133935874e-06,1
0.2452261272490716,0.7544301288351326,1.2119426759693165e-05,2.7426280836409393e-07,0.0003145178194047775,8.252668786278405e-06,8.579738036715848e-06,1
0.24787014399039473,0.7517507344604579,1.1710194776167312e-05,2.784232972544881e-07,0.00035080674177073403,7.974004119726462e-06,8.352185183330597e-06,1
0.11291623360262054,0.8867546729114196,1.0049827296262273e-05,2.401122319871578e-07,0.0003060033664712035,6.330738539375399e-06,6.469441420820964e-06,1
0.12815219715063778,0.8715062707431526,1.0704662380795664e-05,2.4337388368033246e-07,0.0003169224879660349,6.756772468173675e-06,6.904809510736519e-06,1
0.14109453925775536,0.858748307158573,8.422319661790226e-06,2.035060166259388e-07,0.0001342921701322384,6.530488703935492e-06,7.70509915711419e-06,1
0.07226532083317252,0.9276573450772286,6.4854111188111125e-06,1.2141680192497853e-07,6.150919696208927e-05,4.273785821679327e-06,4.944278894387915e-06,1
0.052123130565343984,0.9478031301758425,8.365857239809362e-06,1.2396990594751516e-07,5.1693540889398335e-05,4.363653283182156e-06,9.192237495385723e-06,1
0.14166807219020827,0.8583036382646708,1.0292735515583764e-05,1.5252517036329985e-07,6.264576680048936e-06,5.368718092842586e-06,6.210989662071988e-06,1
0.2603920004225122,0.7395600924168769,1.6380712967599275e-05,2.6041636759363717e-07,1.1702326099984271e-05,8.959150207790037e-06,1.0604554967952085e-05,1
0.5310221482682561,0.4689542533886209,7.011302261078815e-06,1.4320215159860722e-07,5.672619560216956e-06,4.939807314671746e-06,5.831411835549856e-06,0
0.310344505992925,0.6896208024168407,1.2929067577908978e-05,1.8840529603122009e-07,7.54985194044732e-06,6.352112027955063e-06,7.672153392193982e-06,0
0.5051245894602255,0.49483719839612195,1.341137707013496e-05,1.9504226563761315e-07,1.1016532823629135e-05,6.710073452225497e-06,6.879118040993876e-06,1
0.6001808933981737,0.3997816676266238,1.3218157987233442e-05,1.9223227174239603e-07,1.073290466263217e-05,6.51567039812226e-06,6.780009882890411e-06,1
0.3995976581037528,0.6003486301952186,1.2440175607625093e-05,2.3243271093274313e-07,2.500471526783758e-05,7.836502741204384e-06,8.197874700990964e-06,0
0.4457661353222843,0.5541464351115485,9.836571870129487e-06,2.069438729120509e-07,6.322689196741933e-05,6.977142850689374e-06,7.182015606125002e-06,0
0.5166177883119909,0.4827819642305324,9.134517082588237e-06,2.5662950505449725e-07,0.0005754818448562137,6.956863289760982e-06,8.417602743052312e-06,0
0.47778571609206666,0.5218619606261929,8.093643918645367e-06,1.8315928261633788e-07,0.00033239616090318405,5.740872994023952e-06,5.909444642055418e-06,0
0.3152641861999673,0.6843583571437081,7.3555221920601454e-06,1.5474702668902747e-07,0.00035927115889025445,5.217318569212456e-06,5.45790964643799e-06,1
0.17216408165361385,0.827701088834683,8.472076819143013e-06,1.582926032890457e-07,0.00011527932235834257,5.336858201279273e-06,5.582961721049492e-06,0
0.14753017132184548,0.8523272860720303,8.050861645898609e-06,1.5042260308236113e-07,0.0001239644141501003,5.071519996749151e-06,5.305387728420537e-06,0
0.23693856908871427,0.7628033441903738,7.876068738494028e-06,1.4433390180722924e-07,0.0002395012996518688,4.866238545435906e-06,5.698780074536997e-06,0
0.3811333495376812,0.6185160071702683,1.122989317077989e-05,2.3673091087133522e-07,0.00032077822345901667,7.981417178874767e-06,1.0417027330804512e-05,1
0.11355601567158007,0.8863877667925233,6.300856509532972e-06,1.3282622099548373e-07,3.9793191482786275e-05,4.581834514166516e-06,5.408827169246968e-06,1
0.17152676928802243,0.8282953742196021,9.977305537111327e-06,1.8641635350980192e-07,0.00015540568275760334,6.285054540828384e-06,6.002033186398572e-06,1
0.04018170415134876,0.959787104457547,4.8321803046108384e-06,9.028565446780708e-08,1.9978518044404934e-05,3.106078364711549e-06,3.1843287361245285e-06,1
0.04244760820253237,0.95750938642509,4.788956060575712e-06,8.965758015635766e-08,3.139133438793009e-05,3.084470856390055e-06,3.6509534927981805e-06,1
0.04908388706555526,0.950890438619095,4.068506018328031e-06,7.730195966899825e-08,1.6142703847668685e-05,2.6594030457329595e-06,2.726400478389408e-06,1
0.0529619737755702,0.9470103692236412,5.093498775783603e-06,7.839119864795042e-08,1.6370165898202105e-05,2.696875905031224e-06,3.4180690106062926e-06,1
0.05564942882641898,0.9443189574890399,6.559867271789209e-06,9.520657925775468e-08,1.5586558002346677e-05,5.780540238698546e-06,3.591512448829151e-06,1
0.03296308643825529,0.9669940005094738,1.0599957358673555e-05,8.573472928645477e-08,2.2312573379193537e-05,6.890966864878686e-06,3.0238199386156103e-06,1
0.03136386955238852,0.9686023589295731,5.012971325078284e-06,8.594709672038098e-08,1.8835337943438904e-05,6.805951644269983e-06,3.031310029111768e-06,1
0.062103480749429445,0.9377479995487014,1.165998058262336e-05,1.3763506182620018e-07,0.0001198295540061149,1.128782083990861e-05,5.6047113787063106e-06,1
0.0389458901764586,0.9610093813539919,5.929338955409577e-06,1.0283728699052912e-07,2.585694882350514e-05,9.877508470718364e-06,2.9618360129613802e-06,1
0.04599992133234957,0.95391112449138,2.1195038815635723e-05,1.0953835338159346e-07,5.33864447580203e-05,1.1108319658711447e-05,3.1548346843880854e-06,1
0.06893804563272432,0.9308023669911383,1.592410884519217e-05,1.2171646213276578e-07,0.00021120551544220523,2.9065479865333288e-05,3.270555522459678e-06,1
0.01980602128711618,0.9799475578000071,2.5264866759342435e-05,1.0472980250619852e-07,0.00019163305861689565,2.6024140895755824e-05,3.3941168024386106e-06,1
0.049835709354891934,0.9499214092333755,2.3311244538621948e-05,1.418455253007582e-07,0.00017855189189974375,3.4014052070708825e-05,6.8623776982025585e-06,1
0.15565773162361007,0.8439872638922225,3.252410629674018e-05,2.1358756532117973e-07,0.0002821594033145486,3.347559717001042e-05,6.631789821057186e-06,1
0.2050527123570908,0.7946585942240435,3.211858795298498e-05,1.9645939278972867e-07,0.00021752818283376487,3.275022027575548e-05,6.099968410589876e-06,1
0.10394705844379017,0.8957336116576946,3.212696956142809e-05,2.2179095380119406e-07,0.0002478944129938313,3.481268110234038e-05,4.274043903943115e-06,1
0.06035578523757545,0.9393541700768537,3.3475467921985996e-05,1.6468862803801166e-07,0.00021531538836714787,3.79154926095164e-05,3.1736480440296e-06,1
0.07789516436602481,0.9218265204603082,3.183370842771029e-05,1.5024755216716134e-07,0.00021129776348766176,3.2291015243271814e-05,2.7424389563200053e-06,1
0.06101839182067038,0.9387356488603847,3.342257235508702e-05,1.3927232421333874e-07,0.0001755973698560539,3.449006013866727e-05,2.310044270917212e-06,1
0.01770191538840478,0.8704798181058919,4.2486756911901415e-05,1.4490668098113475e-07,0.11174110364300352,3.0251243063518178e-05,4.279956043424646e-06,1
0.008680725441627662,0.9015771305397994,4.291476644715879e-05,1.650355696984019e-07,0.08964319798073536,4.57844273537839e-05,1.008180846691144e-05,1
0.009191413242451986,0.9143115270052844,4.063070121519418e-05,1.3380354339628985e-07,0.07640215970762256,4.4585434622950335e-05,9.550105259516017e-06,1
0.004411041020304864,0.9570777584718594,4.2913345119345856e-05,1.6501514601069323e-07,0.03841095816990237,4.708341685763806e-05,1.0080560810372669e-05,1
0.004186153456373053,0.9592765134715271,4.353301084628843e-05,1.550378674149321e-07,0.03644804361116844,3.594456844999501e-05,9.656843767659356e-06,1
0.012388212783657461,0.9793738784670679,4.75092601619215e-05,3.2540988890254777e-07,0.00813796780102007,4.691813173932067e-05,5.188146464235646e-06,1
0.0628045889047847,0.9135570100337558,6.594266130985665e-05,8.066996250347563e-07,0.023491644700803484,7.464670975761338e-05,5.360289963748876e-06,1
0.03205571747736085,0.9613052521369262,3.345096799369282e-05,4.56227519968187e-07,0.006551500860318882,5.030966885356116e-05,3.3126610267776804e-06,1
0.014835508008433947,0.9849333127850779,2.4689890102474048e-05,2.8279158014558847e-07,0.0001626348042989992,3.892508537285358e-05,4.646635133605698e-06,1
0.012072107878143088,0.987650587343597,2.5532930344680593e-05,4.526416137145983e-07,0.00014239197491648886,0.00010630493219282635,2.6222991921030364e-06,1
0.016601613928485005,0.9831118838658429,2.6420539533034963e-05,5.504957648294047e-07,0.0001410816824248659,0.00011622758205165947,2.221905897861431e-06,1
0.9475409117309547,0.05244623055894551,4.896505384687151e-06,6.050773778080119e-08,3.048581746151291e-06,2.7180143516954345e-06,2.1341008792474017e-06,0
0.8129810900499249,0.18699390330639426,8.948015820686881e-06,1.2223564287873147e-07,6.1785975689176985e-06,5.446557730378361e-06,4.3112369179606526e-06,0
0.913481631693571,0.08650780648564335,4.521830333157006e-06,4.569489074731314e-08,2.3160363607154804e-06,2.0666057150746845e-06,1.6116534859430288e-06,0
0.9329035560975997,0.06708772899872502,3.1531440282723685e-06,4.070277980474556e-08,2.271846100144145e-06,1.8136284538001807e-06,1.4355823131877584e-06,0
0.15227054619687225,0.8474431945941334,8.590891994308644e-06,2.3111706401342964e-07,0.0002652162536203884,6.093574209644451e-06,6.1273721059268666e-06,1
0.1415458543171616,0.858173600267034,8.79879020094779e-06,1.9448601551930644e-07,0.0002589333265464196,6.24103772694241e-06,6.3777753145956185e-06,1
0.10877940187212078,0.8909485895706235,8.772454817909177e-06,2.0959302525706783e-07,0.00025185328254476283,5.526076833312546e-06,5.647150034346317e-06,1
0.052123130565343984,0.9478031301758425,8.365857239809362e-06,1.2396990594751516e-07,5.1693540889398335e-05,4.363653283182156e-06,9.192237495385723e-06,1
0.0999556481256492,0.9000219494659703,5.742536034769295e-06,1.0932636997024305e-07,4.895919089271047e-06,3.8482111413475685e-06,7.806415745205148e-06,1
0.12589836300501916,0.8740723700260905,8.837221923626391e-06,1.3095484889415202e-07,5.979110135526686e-06,4.609518350102801e-06,9.710163632107879e-06,1
0.0960418135615557,0.9039312453032384,8.193397124177556e-06,1.214142964383264e-07,5.34988440345544e-06,4.273697630315689e-06,9.002741751443842e-06,1
0.2621347766448356,0.7378117228936643,1.8214384734871642e-05,2.895676103958642e-07,1.3012295026452836e-05,1.019257572351535e-05,1.1791638404899184e-05,1
0.37062037999120867,0.6293232070210033,2.054125341603433e-05,2.818910267612799e-07,1.441286053793476e-05,9.697946693286777e-06,1.1479036113916995e-05,1
0.5634977039543159,0.43644322143096953,1.8909017489147535e-05,3.5127820486572946e-07,1.5581381662510846e-05,1.184339589857554e-05,1.238954145964234e-05,1
0.5220037489579691,0.477953964586881,1.1622459393097187e-05,2.171544702944133e-07,1.120528747117258e-05,7.321394630290944e-06,1.1920159185168986e-05,1
0.5842601036608318,0.4157067103707229,1.0536397608699975e-05,1.968624508929209e-07,8.872146385121754e-06,6.6372462372948366e-06,6.943315763404478e-06,1
0.3882021930055317,0.6117657318051751,1.1909470833010793e-05,1.735475017318667e-07,6.954464499198575e-06,5.97058529987916e-06,7.067121159366431e-06,0
0.5128103651706266,0.4871463932428539,1.1170532097039101e-05,2.0871064362504498e-07,1.3368977854889514e-05,7.036709782899117e-06,1.1456656141025413e-05,1
0.4752844248279831,0.5241095389238444,1.1237176675425696e-05,2.5429747579610535e-07,0.0005741930966839193,7.970600727369853e-06,1.2381076610012671e-05,0
0.5076454996124559,0.4918864495395127,1.0276987075771274e-05,2.3256837083224287e-07,0.00044326780995197155,6.998067824401905e-06,7.275414808403393e-06,0
0.5185659530106649,0.48090882226197185,9.060463359123724e-06,2.2012236609072554e-07,0.0005006943167272836,6.900463851719274e-06,8.349361059323206e-06,0
0.09747670040362331,0.9024757506790178,5.339120451102412e-06,1.1255218903758227e-07,3.371932722780357e-05,3.794670798774034e-06,4.583246692273169e-06,1
0.07259222406016053,0.927366228936304,6.77230364031516e-06,1.1022042787421662e-07,2.646012859273725e-05,3.716056015072371e-06,4.48829485943411e-06,1
0.059445927784987036,0.9405193293679698,5.5832061531780175e-06,1.2081835874047535e-07,2.182808319091196e-05,3.524114285716227e-06,3.6866250546138118e-06,1
0.041797268906363066,0.9581625568311474,4.792222873850885e-06,8.971874057824709e-08,2.855230191853938e-05,3.0865749455094965e-06,3.653444011229849e-06,1
0.050895787503921035,0.9490771957620744,4.341972535566622e-06,8.112649101293173e-08,1.6941367647468895e-05,2.7909775924599673e-06,2.86128973773502e-06,1
0.04150567999174176,0.9584640735617832,4.044156181355221e-06,8.399696161133028e-08,1.980811655151483e-05,2.8897297881967316e-06,3.420446992262209e-06,1
0.03955400643886242,0.960417169358309,3.853992505818884e-06,8.004726970092971e-08,1.8876702412205847e-05,2.7538493688489897e-06,3.2596112720631386e-06,1
0.04941326816656314,0.9505609279840105,4.752209990896379e-06,7.313861332102112e-08,1.5273286469397263e-05,2.516172317745461e-06,3.1890420351141796e-06,1
0.033157469793062624,0.9668059509731598,6.451017320864758e-06,7.946634056722045e-08,2.0681217166474752e-05,5.902584833652068e-06,3.4649481161646205e-06,1
0.028979479631343008,0.970984586938982,5.462529186625527e-06,8.615847921315224e-08,2.0384386750588294e-05,6.961589877430949e-06,3.0387653812384475e-06,1
0.06925276389594157,0.9306230917998597,1.0748050161496938e-05,1.4565013398944093e-07,9.513862622977945e-05,1.297491437531958e-05,5.1370632981752934e-06,1
0.04640728468013557,0.9535105491666701,1.638541773158959e-05,1.0649044257820679e-07,5.1303878418712206e-05,1.1303315368344712e-05,3.0670512330160604e-06,1
0.04174824631886081,0.9581083677596754,1.7308823928478816e-05,1.1277081192948713e-07,0.0001012852236720864,1.3366547057207386e-05,1.1312555993976188e-05,1
0.052847570713552706,0.9469657899413502,1.5991123371962416e-05,1.1455033160223987e-07,0.00015398742104893187,1.3347383787044699e-05,3.198866557843351e-06,1
0.05381432246831943,0.9460181820156484,1.5975121405039107e-05,1.202314701356902e-07,0.00013484651026429028,1.3334027352421256e-05,3.219625540423371e-06,1
0.05130352230599975,0.9482968096414222,1.587769775286831e-05,1.3640673946027936e-07,0.00035127629244572733,2.9013499798349044e-05,3.364155841785271e-06,1
0.1504910497433986,0.8348195571468028,3.134577860606355e-05,2.954742373042368e-07,0.01459095239056949,6.035136094133267e-05,6.448105444488282e-06,1
0.1328232114403406,0.8518015995775802,2.4586172509047078e-05,2.55975676885785e-07,0.015289546118913987,5.493166478320455e-05,5.86905019602968e-06,1
0.030302576991311638,0.9693394683905747,2.8392369580536932e-05,1.402145301252488e-07,0.00029401675881548053,3.179842666276898e-05,3.6068485247685708e-06,1
0.019149663155219585,0.9805877527162805,2.697698939940083e-05,1.1182702045979812e-07,0.0002046194440733042,2.725174230416612e-05,3.624125702774842e-06,1
0.02894842033198829,0.9707663420688586,3.077164799053243e-05,1.379368813383312e-07,0.00020374581522998554,4.45181138342723e-05,6.0640852170856335e-06,1
0.09960497444600097,0.9000991029785261,3.314546860695645e-05,2.2252691219480476e-07,0.00021668413538283954,4.158221830989604e-05,4.288226260941259e-06,1
0.10437613058398787,0.8953155794007935,3.146123167113217e-05,2.173517619303118e-07,0.00023717501785024172,3.524791590558733e-05,4.188498030096588e-06,1
0.003959367724554922,0.9541931639011233,4.4033211657317036e-05,1.696487083682908e-07,0.04174786326672288,4.6338969139227e-05,9.063278093861611e-06,1
0.0050861360561734814,0.9667112313081035,4.367809850036641e-05,1.6828054815163197e-07,0.028106270499826433,4.3525571067163976e-05,8.990185780693992e-06,1
0.008371789489392581,0.9650804245000872,4.241407309929563e-05,1.4381781765119983e-07,0.02646159640308411,3.488391268190735e-05,8.747803837290008e-06,1
0.009693681985833326,0.9618580661205978,4.770786295030872e-05,1.5650606747749274e-07,0.02835781664607637,3.762302227415681e-05,4.9478562008182e-06,1
0.018742985037900374,0.973779948838636,3.791280321597681e-05,4.605862870394667e-07,0.007384558099943521,5.0790324049418666e-05,3.344309967645687e-06,1
0.013808804388524977,0.9794348330614249,3.5187620249690645e-05,4.939789990479083e-07,0.006667187458906835,5.0390386707359857e-05,3.1031051871582176e-06,1
0.013845861246259925,0.9820632124814108,3.644895277569869e-05,4.974435018074442e-07,0.004000342830764719,5.052561270802472e-05,3.1114325791772295e-06,1
0.876119350395822,0.12386510598419871,5.604424136329447e-06,7.656003308415257e-08,3.69985389883055e-06,3.462518442005915e-06,2.700263468979708e-06,0
0.9303592041995392,0.06963106565041136,4.074868363587034e-06,4.117816259456867e-08,2.299423195327708e-06,1.8623313189388507e-06,1.452349008935267e-06,0
0.925432414736131,0.07455780855885485,3.536896390968296e-06,4.5656498308660886e-08,2.549497224099607e-06,2.0343555116059467e-06,1.6102993890937814e-06,0
0.6800084799317687,0.31994319707439656,8.320519661561173e-06,1.0563630245657748e-07,3.124325612496172e-05,3.5615433406496868e-06,5.092038404991959e-06,0
0.6368677664156996,0.3630316050922455,8.68760445105405e-06,1.1864209760455016e-07,8.293557213058988e-05,3.5699843572660327e-06,5.316689018417155e-06,0
0.5048676777220126,0.49499865103113555,1.048292078967405e-05,1.8331132028382178e-07,0.00011059050975837707,5.515905055086696e-06,6.898599928571307e-06,1
0.2022714776720701,0.7975668563022563,1.4073318131808305e-05,2.2064049909211645e-07,0.00013383063696503658,6.639153776290086e-06,6.902276301304125e-06,1
0.18547757652701247,0.8142525047321552,9.815573553083904e-06,2.2212657593066523e-07,0.0002462484052229616,6.683870374988446e-06,6.948765105430469e-06,1
0.1474785875302615,0.8523521802137419,7.386192043074115e-06,1.5539226548098305e-07,0.00015105868882780036,5.239072889168542e-06,5.392909971438687e-06,1
0.08732935612128637,0.9125002200502305,8.277612914944713e-06,1.5465923235787725e-07,0.00015138184003345287,5.320768838454447e-06,5.288947464027201e-06,1
0.08929859687592964,0.9106243340884048,7.185109276025442e-06,1.4675206822985202e-07,5.881680564889032e-05,5.16556933273854e-06,5.7547993396451e-06,1
0.04704968146415952,0.9528764638849754,6.791541392951818e-06,1.0064082180561778e-07,5.9473409784715836e-05,3.5424859697817455e-06,3.946572895730387e-06,1
0.08477461487881828,0.9151973056916382,5.6600372649903176e-06,1.0775575883740254e-07,4.825583039247722e-06,3.7929267368460154e-06,1.3693126743231164e-05,1
0.13464091030406816,0.8653293766043917,8.543883706062999e-06,1.381245023150062e-07,6.306460728489397e-06,4.861885095484006e-06,9.862737507556266e-06,1
0.11828636547006398,0.8816856614562245,9.463524634605631e-06,1.5299185654564968e-07,6.741288062440183e-06,5.385205482032061e-06,6.230063676024574e-06,1
0.3993324102721685,0.6006113147728789,1.9241881017122884e-05,3.0590248239252863e-07,1.3746334905254752e-05,1.0524017034778244e-05,1.2456819513075127e-05,1
0.5879498337477326,0.412010544595827,1.2747768273153591e-05,2.368189229084886e-07,1.0300108839185628e-05,7.984384517540845e-06,8.35257588760472e-06,1
0.5261248375785947,0.4738434062447752,8.70185600621456e-06,1.6258580629931715e-07,1.1675748158505032e-05,5.481604166782701e-06,5.734382492260592e-06,1
0.6003603574057468,0.39952991304813557,8.777579299371523e-06,1.8466456393417048e-07,8.456691394966298e-05,6.22599269984929e-06,9.974395604781164e-06,0
0.5458732957414918,0.4535055902165397,9.177776634173749e-06,2.270400326117178e-07,0.000596519116394871,6.989809835663276e-06,8.200299071055098e-06,0
0.5107840991089098,0.4887449290641493,7.234367666322498e-06,2.235728232070456e-07,0.00044986739402667295,6.313168809197584e-06,7.33332361569232e-06,0
0.48974128142561896,0.5098257622202369,7.69399942360628e-06,1.769461301839308e-07,0.0004118914483516305,6.103817424723257e-06,7.0901428140785926e-06,1
0.5150752585397504,0.48470838301420854,8.029940884913587e-06,1.6893558934134683e-07,0.0001964691456038417,5.827491072032773e-06,5.862932890963711e-06,1
0.5195709001752149,0.48013134694752846,1.053427405672004e-05,1.9682277436751874e-07,0.0002695817710168124,6.635908537455484e-06,1.0804100871359224e-05,0
0.333424633062659,0.6663270310037409,1.197874174974026e-05,2.922633019452527e-07,0.00021369913514780286,1.6965552163027867e-05,5.400241237168099e-06,0
0.3136676079822128,0.6860924413114678,7.1926839665444425e-06,2.089138865569098e-07,0.00021397907165852516,1.1362294209382999e-05,7.207742598356224e-06,0
0.3948404732235955,0.6049029773216997,7.430458596580142e-06,1.7702215089341057e-07,0.00023616295793380288,5.403254557914009e-06,7.375761465540877e-06,0
0.09580839715600362,0.9041411473334225,6.153056481080291e-06,1.127598888443949e-07,3.5796316402038285e-05,3.8016733493113652e-06,4.591704452719231e-06,1
0.05540136141856545,0.9445624440470466,5.618458192160267e-06,1.0497666539784791e-07,2.3229362585394788e-05,3.5392637863744414e-06,3.702473158325383e-06,1
0.03899361159446805,0.960972895071891,4.5437181738397484e-06,9.280409123816579e-08,2.1885008938883347e-05,3.192719614768549e-06,3.779082822233819e-06,1
0.04349345762816369,0.9564765791620281,4.815513009273542e-06,8.997423859073392e-08,1.8789012512863832e-05,3.095364789848451e-06,3.1733452578289474e-06,1
0.027760473783272604,0.9721974341031113,8.988927768447135e-06,8.435698176549679e-08,2.3263371578703835e-05,6.780229797250364e-06,2.975227490037026e-06,1
0.11511833812907163,0.8847580179119521,9.241398511503074e-06,1.6233646733630104e-07,9.268818579084423e-05,1.58264498704165e-05,5.7255883360134855e-06,1
0.04259837836273201,0.957361808675695,6.345801578218817e-06,9.945568424716091e-08,2.3247421611900407e-05,7.056716089774941e-06,3.0635666086551967e-06,1
0.050614626860524335,0.9493159775006502,1.4478410018024765e-05,9.558279911061586e-08,4.3394694383068174e-05,8.674053479831807e-06,2.7528981453152e-06,1
0.03631326880977383,0.9634930327373038,1.872226270874126e-05,1.1591917992869021e-07,0.00015761545742630707,1.3906203539301228e-05,3.3386100679354135e-06,1
0.033683781809073665,0.9660304575806591,1.7998066074234886e-05,1.1563974450522918e-07,0.00023818810522076734,2.627910480535542e-05,3.179694422352155e-06,1
0.04460110880841904,0.9550049511237456,1.6338248255791458e-05,1.342072107219635e-07,0.0003456120393202549,2.854566348133061e-05,3.309909567125692e-06,1
0.02366749410855062,0.9760635152958426,2.5952940631222904e-05,1.1131107276498057e-07,0.00021090679439518707,2.7126008169752236e-05,4.893541337914001e-06,1
0.024228200612928803,0.9754732548085252,3.002914022250247e-05,1.409116602741249e-07,0.00022958417725833674,3.2595484712399553e-05,6.194864692405201e-06,1
0.04411883483921917,0.9556074318910238,2.3711959116152853e-05,1.4407056253814784e-07,0.00021086362809364585,3.454760808025771e-05,4.4660039045405034e-06,1
0.11099546832953786,0.8887159418816359,3.289273255823381e-05,2.161171891469334e-07,0.000211086037587244,4.023019441497775e-05,4.164707076550744e-06,1
0.06773480356337108,0.9319856716543572,3.1228684019594316e-05,2.0973529335877787e-07,0.00020485271066154266,3.919192815698633e-05,4.041724140044614e-06,1
0.012560610834276944,0.8846607877944268,4.347598270487075e-05,1.3987051937045912e-07,0.10269258579304227,3.676726582680008e-05,5.63245920285497e-06,1
0.013937360127276359,0.9185311979427723,4.608733072331052e-05,1.5206652040381477e-07,0.06743287713452699,4.825383190366609e-05,4.071566277160555e-06,1
0.009065699360799123,0.9632899956746824,4.560166998164913e-05,2.6359118347911513e-07,0.027557409718065445,3.566646857923129e-05,5.363516708766346e-06,1
0.012340234104848679,0.9471186753724626,4.243497412676329e-05,2.8070793890071325e-07,0.04045603108623106,3.798253321904572e-05,4.361221172996058e-06,1
0.04689866102057583,0.8539044894262432,5.409878320449119e-05,5.98839126359469e-07,0.09907124128769472,6.609918088688738e-05,4.811462268651061e-06,1
0.052361409309599205,0.9269525508686877,5.719873156445479e-05,5.7868376009439e-07,0.02055886425336534,6.47486320506948e-05,4.649520972522295e-06,1
0.042253666095086816,0.9520452659656066,5.665560465052109e-05,7.255761763267606e-07,0.005582935068948218,5.718827359918855e-05,3.563415932288028e-06,1
0.036147008270870334,0.9578353860938768,4.755079560446229e-05,5.438417097883933e-07,0.005905591005635367,5.997116598778707e-05,3.948826315601857e-06,1
0.010893591404519438,0.9820569175559668,2.7466398081235084e-05,3.358777987357836e-07,0.006968326576637529,5.064289406942772e-05,2.719292927018929e-06,1
0.010117700450638733,0.9896093231340986,2.6448149722687222e-05,2.7430436887697374e-07,0.00020775132688573161,3.6163507521788605e-05,2.3391267636277018e-06,1
0.010233562394873887,0.9894855959341804,2.9353929200012898e-05,2.7223785211730204e-07,0.0002136775629354318,3.515563461068161e-05,2.3823063473716407e-06,1
0.9403415987366174,0.05964309025527514,5.520261360324062e-06,7.584365485975933e-08,3.6330007372762537e-06,3.4069054629120563e-06,2.6749968922636898e-06,0
0.8174415934481591,0.18253240504417548,1.083383876545701e-05,1.1585815396390116e-07,5.725684479707937e-06,5.239822641087723e-06,4.086303625133956e-06,0
0.8647848618613003,0.1351957388246112,8.122536187787236e-06,8.686321336279504e-08,4.1977672380579335e-06,3.928492009270414e-06,3.0636554399595225e-06,0
0.5884040025204426,0.4114858284808266,8.71431333611167e-06,1.5238427486574717e-07,9.098228740336404e-05,4.585298882503752e-06,5.734714834177162e-06,0
0.34214656887504613,0.6574064923600274,1.1568676764177037e-05,1.8521705771861826e-07,0.00041815123981494374,5.7022191059507136e-06,1.1331412183710244e-05,1
0.14287049220110343,0.8568115763340118,9.243354114273033e-06,2.2477163328372572e-07,0.0002950482596810308,6.556369731881127e-06,6.858709724265429e-06,1
0.13528235565186714,0.8645472918271797,8.249008024951128e-06,1.5412477751279716e-07,0.0001514823783184646,5.196339347502771e-06,5.270670484667945e-06,1
0.12271325799481951,0.8771147662826994,8.205243233656947e-06,1.5330707449920976e-07,0.00015320569465446961,5.1687703711665484e-06,5.242707147374036e-06,1
0.09982052401559909,0.9000095948445297,7.630603785440992e-06,1.8089790743060502e-07,0.00015235075458158053,4.806784837104767e-06,4.912098759524483e-06,1
0.09600751997847823,0.9038082567428216,8.564210638687338e-06,1.933365147888184e-07,0.00016248976360057284,6.017785928839808e-06,6.958182017180099e-06,1
0.08044940202773648,0.9193939546528053,7.613036750870344e-06,1.4224226620649842e-07,0.00013922800249674996,4.79571874616604e-06,4.864319198155031e-06,1
0.07638928470356786,0.9235098089678174,6.852794835228698e-06,1.3996472100713238e-07,8.328733087899345e-05,4.9266594959830215e-06,5.69957868320439e-06,1
0.11816031735472729,0.881807556441517,9.731962133846173e-06,1.4421360487442188e-07,6.480524430508187e-06,5.076217212395318e-06,1.069328637413533e-05,1
0.15934071422916596,0.8406280364944779,1.1236669041530985e-05,1.6651118520326253e-07,7.336990938067274e-06,5.728513661787303e-06,6.7805915295701675e-06,1
0.19337005123452275,0.806587881485609,1.4993203479828753e-05,2.2217759303871205e-07,9.983990906077482e-06,7.82049462652123e-06,9.04741326283624e-06,1
0.2793630793811354,0.7205929383695354,1.5911738995319054e-05,2.318694583132065e-07,1.0419514099213436e-05,7.977045854769397e-06,9.442080921382727e-06,1
0.5427167223770657,0.45721874576757454,2.5515965360885497e-05,3.2032158033352315e-07,1.6377783704862805e-05,1.1020079803443335e-05,1.1297704910207246e-05,1
0.6428973104728086,0.35707152103523976,9.801475367786003e-06,1.8313113598481796e-07,8.550578612421606e-06,6.174292952940528e-06,6.459013882465485e-06,0
0.32995206026257035,0.6700202166099658,9.381720604451034e-06,1.5268742920735977e-07,6.718119956709476e-06,5.252932547022698e-06,6.2176669266478975e-06,0
0.29974986643010076,0.7002193507590058,1.0417141125077863e-05,1.6953889005432318e-07,7.4595702254277106e-06,5.832676325586664e-06,6.903884327240664e-06,0
0.25815694273319795,0.7418040039113301,1.5696794733333626e-05,1.988457853231945e-07,8.219482170632777e-06,6.840926610559168e-06,8.097306171998604e-06,0
0.20337496416499098,0.7965954375285196,1.1737348114298688e-05,1.4868782086084964e-07,6.542140514320539e-06,5.115333315915111e-06,6.05479672400752e-06,0
0.49614424815699126,0.5038175142973985,1.0842854259982669e-05,2.0258829854071024e-07,1.3216543281551043e-05,6.830294025652836e-06,7.145265744477167e-06,1
0.518081575826844,0.48188974630465325,7.47383617365213e-06,1.5723614117866403e-07,1.0199856335565992e-05,5.301239427180044e-06,5.545700425199616e-06,1
0.6324294659213553,0.36708240107446743,8.705300357471297e-06,1.970010769513884e-07,0.0004670029263080822,6.0650099873179985e-06,6.162766447538112e-06,0
0.5676983224208699,0.43202353593079046,8.070027894240651e-06,1.8262485163176574e-07,0.00025814021078594693,5.856583028288247e-06,5.89220177959595e-06,0
0.5671833809141932,0.4326041758494534,9.202433203412721e-06,1.7193860955914953e-07,0.00019107352848032384,5.931081283998227e-06,6.06425477624093e-06,1
0.1792782713342705,0.8205898882528976,9.246369187796144e-06,1.7275951115088253e-07,0.00011050346414353092,5.82461210932899e-06,6.0932078799751906e-06,1
0.19696550609444777,0.8028975682314865,8.676318710177649e-06,1.6210866649559016e-07,0.00011690417553366072,5.465517328726047e-06,5.717553826836898e-06,1
0.5208603415603871,0.4789441572086275,9.12688432651681e-06,1.718914962845549e-07,0.00017851627095218266,6.623565190645226e-06,1.062619019818581e-06,0
0.11726377940794637,0.8826806468704675,5.843905626419609e-06,1.2319339426904303e-07,3.951490128612388e-05,4.153436550918601e-06,5.938284728585341e-06,1
0.08076553437293434,0.9191876594630523,5.83537593973817e-06,1.0924837886206444e-07,3.272954411154959e-05,3.683283609373897e-06,4.448711973861034e-06,1
0.06928175785271981,0.9306733649361321,6.317544170214513e-06,1.0281913784995387e-07,3.0803418255024524e-05,3.4665232483755734e-06,4.186906336364776e-06,1
0.08279244206999387,0.9170747548673426,1.1894455551809237e-05,1.5867021636275183e-07,9.966621550900133e-05,1.4622426166200633e-05,6.461295220203986e-06,1
0.04016453516772105,0.9597982321500317,6.115821376221234e-06,8.509674471573378e-08,2.1023031481009573e-05,6.978933968646777e-06,3.0297986766586275e-06,1
0.030394246771348905,0.9695609726191713,6.692352744107091e-06,9.074419204847573e-08,2.656174107323315e-05,8.204900138122698e-06,3.2308713324035625e-06,1
0.04779342003325543,0.9521295745703786,1.8469640259147727e-05,9.545318596184621e-08,4.652166188382246e-05,9.169475904439014e-06,2.7491651326792857e-06,1
0.04631384050274728,0.9535152634736547,1.6156968303333314e-05,1.056031536717811e-07,0.00014000275127485485,1.1681688044020401e-05,2.949012822210345e-06,1
0.049950945903376356,0.9497033352534755,1.9733368459874566e-05,1.3738815307922134e-07,0.00029323748146526724,2.9222244937686987e-05,3.3883601323682343e-06,1
0.044432700824327896,0.955250806794917,2.020675691716492e-05,1.2758118123075221e-07,0.0002671873903560152,2.582415838230893e-05,3.146493918390895e-06,1
0.11247102801312299,0.86362099539355,3.175409734677143e-05,3.888697860999322e-07,0.023804808152392103,6.400069874415651e-05,7.0247750579401995e-06,1
0.03189683200043678,0.967743997930987,2.8033086116387063e-05,1.4522186594918688e-07,0.0002944487979753727,3.23114222495546e-05,4.2315403689506725e-06,1
0.027980724104580808,0.9717052245762494,2.7740743624108446e-05,1.2344843345651427e-07,0.00023390407375188088,4.33083467049389e-05,8.974706655285488e-06,1
0.022743582322051967,0.976976827483406,2.503669895877214e-05,1.1141522762557506e-07,0.0002111041419476183,3.392155399327332e-05,9.416384414855848e-06,1
0.024536248620568468,0.9751829893319456,3.269384659472343e-05,1.402225354337773e-07,0.00020123943856642688,4.0523970922973224e-05,6.164568866397447e-06,1
0.06530921204166766,0.9344260355644334,2.4330522259755488e-05,1.404568896462318e-07,0.0002055746074685524,3.0352822632676778e-05,4.3539846484155336e-06,1
0.06897956979606416,0.9307563771966506,2.3712303694245817e-05,1.3978930067962502e-07,0.000204597515208385,3.174349218678216e-05,3.859906895235773e-06,1
0.07809952284733761,0.9216554704705316,2.3737886428018156e-05,1.4486500469800976e-07,0.0001850655156410319,3.122009815555626e-05,4.838316901614826e-06,1
0.011790530438378206,0.8866111052197455,4.5570044046742605e-05,1.4233776071219877e-07,0.10150905878649774,3.4708641989272175e-05,8.884531581850187e-06,1
0.00978628412054193,0.9592579968908141,4.032502715602087e-05,2.82013201275479e-07,0.030867046024736305,4.392424866897435e-05,4.141674881246957e-06,1
0.01089336185443564,0.9820362236232362,4.179931731300483e-05,3.358707211087658e-07,0.006978197815382907,4.7362283285203006e-05,2.7192356259970625e-06,1
0.008712727960922274,0.9865669562477966,3.3304016475592895e-05,3.6426777979791934e-07,0.004640194655659836,4.397720560422279e-05,2.4756457614183885e-06,1
0.0101034488991027,0.9895933104805082,2.875697863248503e-05,2.775424521604409e-07,0.00023713453255114794,3.470482727841975e-05,2.366739474654592e-06,1
0.010233003256768012,0.9894315327369717,2.8944541782699483e-05,2.722229776726945e-07,0.0002687113515278003,3.515371378837276e-05,2.3821761836801238e-06,1
0.014202104723023311,0.9855792481148526,2.8087882245862043e-05,5.225157612236172e-07,0.00014218202303637993,4.5575184578868117e-05,2.2795565017072727e-06,1
0.9265443578147324,0.07344013661240464,5.958842757281171e-06,7.363539232738566e-08,3.568272920728699e-06,3.3077100628617882e-06,2.597111729393771e-06,0
0.8462112113391758,0.1537652043782238,9.949994259193091e-06,1.0640623252554902e-07,4.962598388213122e-06,4.812348266086977e-06,3.752935454516866e-06,0
0.8429745110615716,0.15700686066346412,7.86718068955612e-06,7.950098425025431e-08,4.28207636350855e-06,3.5955264520530517e-06,2.8039904748072636e-06,0
0.9185907374732311,0.0813995166864153,4.172484785331016e-06,4.216461529139524e-08,2.1371050582103337e-06,1.9069448139614319e-06,1.4871410809056314e-06,0
0.8437629494637634,0.15621529770479411,5.641236692601977e-06,8.24671803310965e-08,7.733417345968186e-06,2.7803930097904148e-06,5.515317214030071e-06,0
0.6908133029954295,0.3090619714684612,8.425116353065756e-06,1.320883859541321e-07,0.00010706693666784006,3.974588119678397e-06,5.126806582791867e-06,0
0.5993210020649724,0.4005232956332051,1.1910013502866581e-05,1.9068193392875784e-07,0.00013189883157341923,5.737689530809452e-06,5.9650852815276746e-06,0
0.3032642613237545,0.6964522123374742,1.7189682696634245e-05,3.1810336353858616e-07,0.00024866634583130135,8.472821835726255e-06,8.879385043996572e-06,1
0.31005219760356917,0.689683552155945,1.4445751415026067e-05,2.1501135403131286e-07,0.0002347105886959858,7.416890371580742e-06,7.4619986492822275e-06,1
0.20328487990318272,0.7965426613762872,7.747777075398678e-06,1.629993676263455e-07,0.00015339548114087022,5.4955474472267855e-06,5.6569154989113415e-06,1
0.0969543138041994,0.90290050396598,9.328519932908589e-06,1.7429441877549275e-07,0.0001237227135760042,5.996281618618391e-06,5.960420274449823e-06,1
0.09088257365028543,0.9089567448402563,7.4771702454811695e-06,1.6045185244836075e-07,0.00014186521990725972,5.1488846733487105e-06,6.0297827795739815e-06,1
0.24915895120736267,0.7506661437308655,1.0679071086168697e-05,2.181143958238833e-07,0.00014822230781770112,7.677472949355399e-06,8.108095522624784e-06,1
0.07691831413529036,0.9229929276732681,7.291597705195277e-06,1.365098461869936e-07,7.107482071657909e-05,4.696372306137142e-06,5.558890867472602e-06,1
0.06116780762432616,0.9387531594443157,6.562983854315707e-06,1.2286908201778885e-07,6.301875539158854e-05,4.324905057002251e-06,5.0034179731462115e-06,1
0.10356438202422988,0.8964111455160768,5.79637955637545e-06,1.2038921717271574e-07,5.391342149736854e-06,4.237615562908156e-06,8.926733207361557e-06,1
0.1959703930488078,0.8039845918217526,1.369009988912347e-05,2.0286748231737677e-07,8.938960332149223e-06,7.140792343908871e-06,1.5042409392016394e-05,1
0.22741614448926112,0.7725376422904051,1.6718851611774414e-05,2.436308858498392e-07,1.0948037178261154e-05,8.381676319944911e-06,9.921024337905733e-06,1
0.23935127338341006,0.7606049807595537,1.6820659964607047e-05,2.1158640866294383e-07,1.0818242193867394e-05,7.2792445215892695e-06,8.616123947474123e-06,1
0.24773141327266493,0.7522416385173206,9.927925052749157e-06,1.4467196859075307e-07,6.007172707011823e-06,4.977175242240449e-06,5.891265043818096e-06,0
0.34266165689247047,0.6573031617120714,1.250233514879008e-05,1.8182202770294964e-07,9.95424031976309e-06,6.130156176330101e-06,6.412841785510115e-06,1
0.5022569549177028,0.4976846728475383,1.04825550464862e-05,2.3722037707609352e-07,3.286074104249443e-05,7.138048403435535e-06,7.653669889257592e-06,0
0.6441116648673769,0.3557932767460122,8.002728255697688e-06,1.8110185980759236e-07,7.55820708936588e-05,5.449421576646965e-06,5.843064025032301e-06,0
0.8329956258984115,0.16695880823943213,4.634273556776697e-06,1.2121869756929003e-07,2.3226211346663814e-05,3.228712881996276e-06,1.4355445673656112e-05,0
0.7936122842038708,0.20634268096968847,4.933716711833337e-06,1.4514197429365447e-07,1.9449828435141934e-05,3.934593851757351e-06,1.6571545467836607e-05,0
0.750909857592176,0.24904043649039997,5.296105402186551e-06,1.4219383217854034e-07,2.2079363404668452e-05,4.399505126014582e-06,1.778874965891115e-05,0
0.7703806192320665,0.2295700136856469,6.580638128863872e-06,1.229528913580349e-07,2.3739017557313463e-05,4.2413021404377315e-06,1.4683171568883967e-05,1
0.6935701438194576,0.3063801400553684,8.208657724943863e-06,1.5337087098338374e-07,2.7764259519825084e-05,5.170921278932941e-06,8.418915779220702e-06,1
0.4800981974226212,0.5196405916376489,8.23345045326107e-06,1.538340992557126e-07,0.0002373212215917171,5.2141728215408055e-06,1.0288260764141973e-05,1
0.5487074708779505,0.4510833893098865,1.0976505541328666e-05,2.4839848414291313e-07,0.00018334691111440108,7.474401756740221e-06,7.093595266265688e-06,0
0.4813251318705551,0.5184849992311074,8.76908883371313e-06,2.0849513382722907e-07,0.00016739593485212616,5.9712713428633344e-06,7.524108175112241e-06,0
0.061826866777806015,0.9381287287044628,5.535960056647473e-06,1.0364279317726643e-07,3.1050175814713586e-05,3.4942925956049197e-06,4.220446470828246e-06,1
0.03102406402630262,0.9689475225615667,5.416266647311086e-06,7.876989742288686e-08,1.7430297496267283e-05,2.709904199265855e-06,2.778173890235432e-06,1
0.05398530431268011,0.9459871701720893,5.191915289867452e-06,7.990587232225544e-08,1.6686470021084214e-05,2.7489849045958823e-06,2.8182391424274762e-06,1
0.03385667708157596,0.9661120772915924,6.2643678953753e-06,7.43351589210143e-08,1.6448973234908905e-05,5.216735871812093e-06,3.241214670635182e-06,1
0.027747940074616284,0.9722171202746739,7.198888142909559e-06,7.82074355398039e-08,1.8443422551089865e-05,5.809076139671734e-06,3.410056440367781e-06,1
0.034821691025144576,0.9651339968244258,6.314014726564831e-06,9.060172381008157e-08,2.6520039181641415e-05,8.192018457846632e-06,3.195476339751542e-06,1
0.035062343609098094,0.9648803505652407,6.2148939558930275e-06,9.231312808732496e-08,3.786043347858508e-05,9.379094826146255e-06,3.7590902724988054e-06,1
0.039658751194025954,0.9602690991075019,1.7390203908719663e-05,8.987453704147262e-08,4.380275820106937e-05,8.278368407733542e-06,2.5884934175886998e-06,1
0.030672582664512456,0.969168597225544,1.544440628875405e-05,9.703725224285056e-08,0.00012996410247478554,1.0519775804930802e-05,2.7947881230877023e-06,1
0.03633837183901559,0.9635022647915165,1.6186797547641696e-05,1.0170169880717266e-07,0.0001281670498483811,1.1978690648820363e-05,2.9291297244566146e-06,1
0.03778855347561342,0.9620497924821423,1.575044353399722e-05,1.0154838427255069e-07,0.0001279738389990851,1.3276311784404077e-05,4.551899542558748e-06,1
0.028761819359457447,0.9710211376405197,1.7366781983694547e-05,1.1588836981861078e-07,0.0001664058006144563,2.9816806354395883e-05,3.337722700169625e-06,1
0.04072111217822048,0.9589186396072169,2.7121657906341507e-05,1.2832743620163778e-07,0.00030246452088532436,2.729504465168339e-05,3.238663683386031e-06,1
0.038437218439523343,0.9612060120841631,2.560489120410074e-05,1.258989749947768e-07,0.00030115516517403135,2.6778514757234325e-05,3.1050062033539692e-06,1
0.10397781746914155,0.8753364331157165,3.259921040349169e-05,2.2307690038182288e-07,0.02060846005188768,3.935233402701413e-05,5.114741923310985e-06,1
0.14874039638709696,0.8279942965714628,3.633028911317483e-05,3.311648667643861e-07,0.02315137521635242,6.967737145329536e-05,7.5929996546855425e-06,1
0.17160226212972413,0.81407149228007,3.417338683807209e-05,3.2636869148669957e-07,0.014223512341775348,5.959381093150091e-05,8.639681969359153e-06,1
0.025744324910889228,0.9738339706387814,3.171794937423222e-05,1.4086465790961056e-07,0.00033738043373342014,4.521877670817814e-05,7.246425855718936e-06,1
0.02511128686529918,0.9745842495814988,2.6396423183225278e-05,1.1746610454928294e-07,0.0002225690485697431,4.379615946707861e-05,1.1584455877455229e-05,1
0.025326625826350188,0.9744094815504987,3.2499487275066124e-05,1.2900422121250086e-07,0.00018136246835987268,4.423028241986255e-05,5.671380875123358e-06,1
0.025477640558571775,0.9742890688841335,3.118253822951868e-05,1.2377669301922572e-07,0.00015852632125418884,3.8016356780237254e-05,5.4415643377972454e-06,1
0.0852510871104865,0.914517529427149,2.244242687459542e-05,1.3655889644916513e-07,0.000177203099982812,2.7830668670678624e-05,3.770707940073045e-06,1
0.0805379076791271,0.9192301512536513,2.3137196402429983e-05,1.5381045095802395e-07,0.00017443012744870558,3.125591383309106e-05,2.9640190865004727e-06,1
0.0360176240720734,0.9636779533583415,3.9172041359241075e-05,2.4110381596734077e-07,0.00022402299664890958,3.72971667822062e-05,3.6892609788661023e-06,1
0.014281135377897115,0.9094718384945074,3.989017621017832e-05,1.2633557965639644e-07,0.07616206500613605,3.6918669881158324e-05,8.025939788687926e-06,1
0.009274206472176005,0.9388547703229567,4.484245926382552e-05,1.5676635334827766e-07,0.05177656656136877,4.536714115291862e-05,4.0902767284584954e-06,1
0.010142573045030308,0.9425435299142791,3.940328078980314e-05,2.7624375018617127e-07,0.047226727370738374,4.3025642493149655e-05,4.464502919154008e-06,1
0.05909934231122214,0.8879105834215203,5.370115299029022e-05,5.348020200253165e-07,0.052864617651317544,6.692371434197069e-05,4.296946587630884e-06,1
0.06695079004954227,0.8899733565859747,5.216419666144921e-05,5.36044459608538e-07,0.042953598923449264,6.524727075894934e-05,4.306929153753593e-06,1
0.020573294830129627,0.9737114215980339,4.3738512332917803e-05,5.002403646113238e-07,0.005612249475419666,5.516310610226954e-05,3.632237616846396e-06,1
0.007714559664794711,0.9919660971836979,3.262251389159783e-05,3.299909819738181e-07,0.0002476371857863228,3.6281898832992716e-05,2.4715620145558004e-06,1
0.9014812841572861,0.09849915545707699,8.856768127943485e-06,8.175952241070276e-08,4.040537610163835e-06,3.697671523280112e-06,2.883648853236282e-06,0
0.9106600016667934,0.08932334285801737,6.899903348605932e-06,7.378825565022162e-08,3.7914341816467326e-06,3.287846202286194e-06,2.602503201024233e-06,0
0.8213747900831795,0.1786062705741394,8.055452450313296e-06,8.140354513926426e-08,4.249821081081791e-06,3.6815720283133855e-06,2.8710935762447497e-06,0
0.7804871263280467,0.2194913080005268,9.319134380687239e-06,9.221899535998299e-08,4.814461457256641e-06,4.0873033445902025e-06,3.25255324854497e-06,0
0.8374005183438998,0.16258350017264744,5.83236203257471e-06,7.572045783607189e-08,4.069401939069517e-06,3.333347275946249e-06,2.670651747556339e-06,0
0.7375468670573636,0.26234021168965116,7.739071280272298e-06,1.2390423219752424e-07,9.733231176711155e-05,3.7283239227494527e-06,3.997641782761258e-06,0
0.5477356031547791,0.4520144050407401,1.2550152020674837e-05,1.9987250059027187e-07,0.00022254304204269014,6.014237062237769e-06,8.684500854557102e-06,0
0.5326718769583451,0.4671386921208496,1.2411983107769888e-05,2.2657470539050545e-07,0.00016086288922760036,6.48906773256948e-06,9.440406031964974e-06,0
0.5348974477457998,0.46494234540055746,1.1841266462638706e-05,1.895812787045321e-07,0.00013654078190517073,5.704570410256426e-06,5.9306535860713115e-06,1
0.32737842366095826,0.6723491263624018,1.5411619511236807e-05,2.2585016376626477e-07,0.0002413597747276389,7.614571203654399e-06,7.838161033666167e-06,1
0.27216647236709607,0.7276176676346431,1.2003267417782356e-05,2.242695018111918e-07,0.0001881612231220347,7.56127895535536e-06,7.909959264011748e-06,1
0.14478772704126947,0.8550133713075126,1.0601280198815785e-05,2.513234152859965e-07,0.00017441021627661937,6.814399502511642e-06,6.824431824560388e-06,1
0.2152332122340436,0.7845520916895253,1.2068440576950336e-05,2.4649153505376133e-07,0.00018471535859681255,8.502810008582858e-06,9.162975713662041e-06,1
0.09760127383318523,0.9023112451792845,7.129556888505575e-06,1.3347619459832116e-07,7.019059348220867e-05,4.592005055675274e-06,5.435355909501404e-06,1
0.06936337812568086,0.9305465814424341,6.114865291954826e-06,1.2489289919856343e-07,7.431870077787288e-05,4.396141994853817e-06,5.085830921060836e-06,1
0.048430998350608996,0.951490228512643,7.218209117657803e-06,1.166930141236139e-07,6.27546722575616e-05,4.107511821623157e-06,4.576050536936592e-06,1
0.1148975077170281,0.8850714289467707,9.481066375452714e-06,1.4049569256979158e-07,6.190668944934332e-06,4.833498081980804e-06,1.041760710641331e-05,1
0.4058457910374903,0.5940961347887519,2.261850507586889e-05,2.865294782186801e-07,1.364369405652762e-05,9.857524156571408e-06,1.1667920990473347e-05,1
0.5846476778222225,0.4153145903915945,1.176068095758619e-05,2.197370072261144e-07,1.0553332178173235e-05,7.4479373331954834e-06,7.750098706767994e-06,0
0.21665817781662935,0.7833160354804656,9.500017020102333e-06,1.384363959882313e-07,5.748254812167792e-06,4.762651738615104e-06,5.637342938110506e-06,0
0.3575523076198103,0.6424157371518812,8.349544130979616e-06,1.7565946981610987e-07,1.1411353980264081e-05,5.9223846385837436e-06,6.096286088736281e-06,0
0.8814168009827459,0.11855764435875099,5.086958602858234e-06,1.0369887719004895e-07,5.525371946876078e-06,3.192544607187625e-06,1.1646084468949234e-05,0
0.44773122905449825,0.5519813584489732,9.071906476174533e-06,1.694998432572852e-07,0.00026312165451317413,5.745159754850278e-06,9.304275941216999e-06,1
0.264183028417069,0.7356784842701897,9.62009531640611e-06,1.7974222425390092e-07,0.00011628795254137514,6.0600352997795e-06,6.339487359579403e-06,1
0.26168748946050413,0.7381685475424894,8.526914149077314e-06,1.7939101765292092e-07,0.00012298270755150886,6.048194318016371e-06,6.225789970256699e-06,1
0.4960186791358876,0.5035745931318277,1.0284447379197048e-05,3.018891914906165e-07,0.00037423420409220584,1.4704495231436268e-05,7.2026963903103295e-06,0
0.04424237843781421,0.9557054433784873,7.245526486823406e-06,1.0558463734849383e-07,3.69677906927078e-05,3.5597614188711266e-06,4.2995204626429785e-06,1
0.04852486310979572,0.9514481999594661,5.318448143054297e-06,7.734730247915512e-08,1.6152172631631186e-05,2.660962964885716e-06,2.7279996960526157e-06,1
0.04852486310979572,0.9514481999594661,5.318448143054297e-06,7.734730247915512e-08,1.6152172631631186e-05,2.660962964885716e-06,2.7279996960526157e-06,1
0.03249213252542718,0.967480718722269,4.9421634089333415e-06,7.606208042736234e-08,1.683110849968843e-05,2.6167477411887297e-06,2.6826705733260023e-06,1
0.04317961773187664,0.9567835477850813,5.567026767907839e-06,8.760022002404185e-08,2.085349722556208e-05,6.506751493119364e-06,3.8196073353994996e-06,1
0.04629774904140934,0.9536608392853677,5.519008552683206e-06,9.092516811835904e-08,2.330431431023493e-05,8.657466905381811e-06,3.839958286450287e-06,1
0.04024344400606116,0.9596844502229874,1.7379616081488567e-05,8.981981795504528e-08,4.37760893915193e-05,8.273328217583009e-06,2.5869174429055897e-06,1
0.04626126761127266,0.9536183392171776,1.402413926109898e-05,9.433160477554816e-08,9.065836526232769e-05,1.1387927537765813e-05,4.2284078836172794e-06,1
0.03495847858024264,0.9648802981505352,1.6209948450147525e-05,1.0184715599886435e-07,0.00012835035867563775,1.1995822975245161e-05,4.565291965235671e-06,1
0.043778523866130924,0.9559862207582659,1.691335697344211e-05,1.1453035949620266e-07,0.0001856108929174572,2.94674051946946e-05,3.149190158091322e-06,1
0.05463165139093751,0.9450743678901837,1.7711724659225354e-05,1.2309166812604656e-07,0.00024619450632366,2.6844870241608012e-05,3.106525986078611e-06,1
0.043829252191688726,0.9557503364252801,2.633788194515805e-05,1.6156820522749075e-07,0.00036039072783224135,2.9816785721149738e-05,3.704419327241714e-06,1
0.08303038312966897,0.8916383625805366,2.7408267670221633e-05,1.8211887975195874e-07,0.025270901425832364,2.7941398544179e-05,4.82107886790669e-06,1
0.03093025331723333,0.9686540252225038,3.1042116650917074e-05,1.4011538107079196e-07,0.00033558586475765026,4.174548226850065e-05,7.20788120485704e-06,1
0.07104112988226828,0.9287155730038622,2.4746747235982437e-05,1.3340279471365603e-07,0.00018788221482094673,2.7187455932615784e-05,3.347293085147367e-06,1
0.03918597680519697,0.9605738855780517,2.219971765370947e-05,1.276980943708313e-07,0.00018915740814022113,2.5448639987652033e-05,3.2041528754436462e-06,1
0.05615624570849007,0.943591993923727,2.2065662770503995e-05,1.3304149461397837e-07,0.0001967386185168206,2.9149460685950445e-05,3.6735843152251865e-06,1
0.062091439436557996,0.9376917790962085,2.2011551703963513e-05,1.3271524032274875e-07,0.0001618946464108467,2.907797820100533e-05,3.6645756773523676e-06,1
0.01602542948602373,0.9348874478027911,3.5040781114261824e-05,1.5042271939972507e-07,0.049008253490053603,3.944930905939374e-05,4.228708238575589e-06,1
0.013120045416522907,0.9203474751230081,3.746168107168898e-05,1.322896200508407e-07,0.0664548492583282,3.661918776295872e-05,3.41704368609581e-06,1
0.009240614444377855,0.9473930296437151,4.4680035757011534e-05,1.5619853121543118e-07,0.04327386565427542,4.503543320189675e-05,2.6185901416273773e-06,1
0.014322786792810566,0.9151341943123162,3.864773251676861e-05,2.6403167540473003e-07,0.07045575704285735,4.397119065619096e-05,4.378897167477682e-06,1
0.027387664820767703,0.9093370217920281,4.359314731703594e-05,4.1710716318646206e-07,0.06317900612736961,4.894569564626735e-05,3.351309707928221e-06,1
0.04854264184817479,0.9448810605827875,4.793911636938932e-05,4.62458188626491e-07,0.006467593802890462,5.658650230411279e-05,3.715689285254553e-06,1
0.046744270858049,0.9480647661303453,4.407085058193621e-05,4.397253739955541e-07,0.005089114487265062,5.380490928850847e-05,3.533039095842357e-06,1
0.021213432315982352,0.9716381754152433,4.2735374430970356e-05,4.069403973579363e-07,0.0070502842669935865,5.1696063640839785e-05,3.269623311657582e-06,1
0.008638733045633097,0.9911413405237555,2.7775181371249807e-05,5.42266605436693e-07,0.00014059911826027623,4.8755686052341994e-05,2.2541783224065926e-06,1
0.8835198448472349,0.1164659473229936,5.190801020319689e-06,6.700614657811315e-08,3.601073614806538e-06,2.9856499874586764e-06,2.3632990022757777e-06,0
0.7335648181552923,0.26641072720761916,7.308850593305897e-06,1.1701630443932588e-07,9.585646938377991e-06,3.667713328094725e-06,3.7754099242165168e-06,0
0.4388879313378044,0.560887112590186,1.6678613097827385e-05,2.6702826155300147e-07,0.00018992631190240834,8.03497861163572e-06,1.0049140136156846e-05,0
0.5650289311411207,0.43478824073518924,1.1482890585949577e-05,1.9951008859348586e-07,0.00015633471489892004,6.142254136959744e-06,8.668753979491772e-06,0
0.26452378109545555,0.735165812363919,1.826791736093043e-05,2.3716893062458598e-07,0.00027554034863608084,7.996185078725338e-06,8.36492061907316e-06,1
0.23144060467418073,0.768354555197154,1.0230525368638693e-05,1.9114752240646625e-07,0.00018123213828402489,6.444566590053413e-06,6.741750899883029e-06,1
0.18285361787138693,0.8168414408448225,1.129270366123939e-05,2.10993301745125e-07,0.0002788822076626848,7.113669934262733e-06,7.441709230657377e-06,1
0.11100361797024709,0.8888232132123153,7.938050856215228e-06,1.483148420269223e-07,0.00015485094797303917,5.0004565254224776e-06,5.231047240961714e-06,1
0.07430457210164326,0.9255481671034482,7.806343947824025e-06,1.4585402517581825e-07,0.00012940327515507962,4.917489726464223e-06,4.987832053806992e-06,1
0.14043800516700572,0.8593955678904033,1.0080155600777055e-05,1.887159092200885e-07,0.0001421106846451102,6.362584396909732e-06,7.684802038919082e-06,1
0.08370374924829016,0.9162171507308808,7.229238339166711e-06,1.4765338107510486e-07,6.051316145429025e-05,5.19729490941218e-06,6.012672745125807e-06,1
0.06682759639263004,0.9330934361655956,6.292944838748054e-06,1.2853008003985433e-07,6.278785614121916e-05,4.524168196038044e-06,5.233942518332012e-06,1
0.052127763315580986,0.9477990425596476,6.217271461883521e-06,1.0051137819450329e-07,5.939691544782831e-05,3.5379296459359683e-06,3.941496837745315e-06,1
0.04313847525176609,0.9567831396470073,6.725649264857067e-06,1.0873005642556204e-07,5.966128181922638e-05,3.827221325011378e-06,8.062218761169354e-06,1
0.04455849248890344,0.9553713860589121,9.048588656793171e-06,1.1610678440809414e-07,4.211554154069002e-05,4.086876948963741e-06,1.4754338253494802e-05,1
0.048259897238872036,0.9517141950654759,7.938114663203958e-06,9.336509511733158e-08,7.923124538486217e-06,3.2863855201749068e-06,6.666705834785291e-06,1
0.05278180855519854,0.9471918537928643,8.506672964701215e-06,1.00052262303906e-07,7.064956673704461e-06,3.521769090291002e-06,7.144200946260225e-06,1
0.13739263760000978,0.8625731319562409,1.0410237624838848e-05,1.5426466675780397e-07,6.797371964437852e-06,5.430007504092852e-06,1.1438561989267142e-05,1
0.1889978128098122,0.8109591089402695,1.5353523417834706e-05,2.2751701344061106e-07,1.0223928354346603e-05,8.008438460058546e-06,9.264842672792905e-06,1
0.32611525472741815,0.6738419301724995,1.5489491964595862e-05,2.2571637911067878e-07,1.0143013278576194e-05,7.765360386128288e-06,9.19151807378481e-06,1
0.6011580728518263,0.39878974462837047,1.9333881711169655e-05,2.811735195271931e-07,1.297724505166279e-05,9.673262165410287e-06,9.916957355402306e-06,0
0.6216527153198956,0.3783002487873103,1.4880620659607898e-05,2.7644152931769304e-07,1.2758845407791588e-05,9.369924586859533e-06,9.750060610670786e-06,0
0.8295934151492307,0.17036975724334166,6.531020839038825e-06,1.1393316326416275e-07,6.085490767462411e-06,3.5076243428577315e-06,2.0589538314962988e-05,0
0.5350458349385417,0.4649139499704187,1.3627840661606093e-05,1.7611243855722606e-07,1.1984247296413344e-05,5.937656545739979e-06,8.489234097329425e-06,0
0.5607922471927534,0.43917789944901353,8.417319576397827e-06,1.563709437719438e-07,1.04924135293049e-05,5.272069170453968e-06,5.515185013218868e-06,0
0.6658453447554946,0.3341177950612068,6.923333002868422e-06,1.2935581532791917e-07,1.6771828488617485e-05,4.384486793593918e-06,8.651179198180307e-06,1
0.27503549558318274,0.7247082966940734,8.580629541114559e-06,1.6032080644652438e-07,0.00023637823785625808,5.434038329248572e-06,5.654496210693575e-06,1
0.24312082264134316,0.756761118578922,8.614144405040134e-06,1.6094699943000516e-07,9.818075481161563e-05,5.426351554221709e-06,5.676581964444047e-06,1
0.375229674367634,0.6246313217877645,8.609798550712883e-06,1.811347571695862e-07,0.00011781961985327336,6.106984750083602e-06,6.286306690300058e-06,1
0.5005568769199645,0.49903881228116825,1.1344861221529106e-05,2.3395542919781462e-07,0.00036888020371130274,1.4572049375749714e-05,9.279729129388887e-06,0
0.03573588209871299,0.9642313997903366,6.236843793706041e-06,9.070372229858494e-08,2.0071028596055846e-05,3.120461064286751e-06,3.199073774137958e-06,1
0.03465733362159727,0.9653145498746407,6.0196460676433845e-06,7.754631639430434e-08,1.6193732026859647e-05,2.6678095987143706e-06,3.1577697524255807e-06,1
0.02688682471819705,0.9730798843235307,6.277177215122686e-06,8.053800838226979e-08,1.811052283222605e-05,5.982185959697031e-06,2.840534257115507e-06,1
0.04094716502539433,0.9590182566950571,6.675345672118332e-06,8.365117023072939e-08,1.7958439890954364e-05,6.2134247682322985e-06,3.647418046899375e-06,1
0.03376173454474103,0.966194869073974,5.781555971701152e-06,8.41199014681145e-08,2.839941449779549e-05,2.8939592622097313e-06,6.2373316518027426e-06,1
0.04317961773187664,0.9567835477850813,5.567026767907839e-06,8.760022002404185e-08,2.085349722556208e-05,6.506751493119364e-06,3.8196073353994996e-06,1
0.04359011033940603,0.9563726620296306,6.3998588446878455e-06,8.843300281895014e-08,2.1051743687709626e-05,6.568608765769199e-06,3.118986662477738e-06,1
0.04359006817059486,0.9563717368404563,7.397469034049024e-06,8.843291726939389e-08,2.102150094120158e-05,6.568602411336495e-06,3.118983645188757e-06,1
0.043590045562006324,0.9563712408050978,7.376896725616836e-06,8.843287140244475e-08,2.1021490038110917e-05,7.107831233294651e-06,3.1189820274849804e-06,1
0.03621011452402791,0.9637130722630615,2.0784889727051406e-05,9.173968658002356e-08,4.4177355136308254e-05,9.117016421042593e-06,2.6422119396783308e-06,1
0.04667621075301848,0.9532279993842572,1.324669557255044e-05,9.42929924908081e-08,6.834985780214868e-05,1.1383266174252135e-05,2.7157501826637255e-06,1
0.029257997908073815,0.9705613782409523,1.729559606771401e-05,1.0620548302531928e-07,0.00013384283248686008,2.6320372876822503e-05,3.0588440594248528e-06,1
0.03913551960859018,0.9606821822254681,1.7238178339596176e-05,1.1672991738977096e-07,0.00012797542671427555,3.3605870700801356e-05,3.3619602697888227e-06,1
0.047435689556144224,0.9521582593699783,2.448913340167901e-05,1.4591880676565689e-07,0.00034904336874332813,2.8773904006411257e-05,3.5987489192201185e-06,1
0.17123186024779213,0.8123143265584446,3.4099623901385145e-05,3.2566422771081427e-07,0.01632906491252772,8.170195981012393e-05,8.621033296427758e-06,1
0.021086384066988973,0.9786955281000145,2.811774454474034e-05,1.1161122963404941e-07,0.00015243897286404084,3.251276729739411e-05,4.906737060587059e-06,1
0.026573538063986733,0.97319046800949,2.4976114008873773e-05,1.3237073638689163e-07,0.00018058692200900527,2.6977122705796776e-05,3.321397063193236e-06,1
0.06264690871051178,0.9371219328216792,2.9536442576988183e-05,1.3967461466439296e-07,0.0001673749066293798,3.0602780739936334e-05,3.5046632481747083e-06,1
0.028684972101323515,0.9710850584587536,2.2370686123047237e-05,1.343916825414991e-07,0.0001722987121399012,3.077590989906173e-05,4.3897400783512e-06,1
0.028158612745111628,0.9714461668172292,4.077859696088762e-05,2.5502564539805695e-07,0.0003113748100523483,3.893998044464155e-05,3.872024555846223e-06,1
0.009885570414982402,0.9516802429391588,4.1854432826371575e-05,1.4920757329383322e-07,0.038347961175392166,4.172043983324503e-05,2.50139023358996e-06,1
0.01499830665360159,0.9329214775133023,3.988043723548983e-05,2.7648446432031704e-07,0.05198942844021802,4.604504772189804e-05,4.5854234565150635e-06,1
0.021012917605250047,0.9208675775697744,4.576076882586412e-05,3.7052673778905846e-07,0.05802485422801375,4.554224906513867e-05,2.9770523332977114e-06,1
0.017497000981799335,0.9759971453315135,5.029923543962547e-05,3.397892264695555e-07,0.00639566590822181,5.3899153600363284e-05,5.6496001989853485e-06,1
0.009813690453291224,0.9866872350483662,3.950098000270194e-05,3.285808651433978e-07,0.0034023089981714432,5.055939225010959e-05,6.3765470533447705e-06,1
0.00816575676993138,0.991521889116651,2.7857931082358268e-05,3.0611641531277423e-07,0.0002468735433392985,3.502377597400409e-05,2.292746606569596e-06,1
0.008132612178189223,0.9916169942354638,2.6163903470776328e-05,2.460711164069225e-07,0.00018649236452809257,3.5337921461687644e-05,2.1533257699537243e-06,1
0.01552233578398086,0.980972425674768,3.227765321100121e-05,4.532651251690381e-07,0.0034175577583181087,5.1320026995344426e-05,3.6298376012636605e-06,1
0.017289251807322728,0.9803589236067334,3.757832555030119e-05,1.0172371145530733e-06,0.0022383300577167417,7.124927875495192e-05,3.6496868075645814e-06,1
0.8830907923530832,0.11688689131582007,1.1208667641137403e-05,8.484582511002007e-08,4.193062010567003e-06,3.837253229080222e-06,2.9925023907474237e-06,0
0.8958525081113772,0.10412751959805969,9.605817413645123e-06,7.760151926846968e-08,3.6191975348072666e-06,3.5096208918746033e-06,3.1600532035805303e-06,0
0.8491260342945766,0.15085222849345795,1.0139193045375628e-05,8.739734820683016e-08,4.475478365676422e-06,3.952648892091471e-06,3.082494313830858e-06,0
0.7376684407607552,0.2623086677076635,8.041490004298367e-06,1.044011502387595e-07,6.467502364939335e-06,4.595921626721067e-06,3.6822164352948476e-06,0
0.7190454155170588,0.28092776328059793,7.530477258955127e-06,1.1208403532859972e-07,1.0354613473686821e-05,4.934135694854011e-06,3.889891880343718e-06,0
0.7134514750065923,0.2865240024482443,7.060709241806158e-06,1.1304350686186907e-07,9.26020652118476e-06,4.4413541704638995e-06,3.647231723129925e-06,0
0.30219420345106823,0.697683601485585,1.6995685294689667e-05,2.633397280014919e-07,8.716984820995403e-05,8.147782962703625e-06,9.618407151445474e-06,1
0.19479580421446555,0.8049972574903981,1.1051977699821425e-05,2.0649556878949275e-07,0.0001814347189439431,6.962028211827991e-06,7.283074712044116e-06,1
0.1816441914242456,0.8181746840424066,8.894164796009504e-06,1.6617891099157212e-07,0.0001606003325484479,5.602746215409575e-06,5.8611108771615115e-06,1
0.11057142661632516,0.8892734168890316,8.962602560831226e-06,1.6745760477447503e-07,0.00013462387710328234,5.675938532483495e-06,5.726618841962196e-06,1
0.1668075845558167,0.8329682449352873,1.1948087723585704e-05,2.8325203716091554e-07,0.00019656763380288559,7.680114242114154e-06,7.691421090123235e-06,1
0.09570367515807597,0.9041568192032048,8.108163602595922e-06,1.5149323500565516e-07,0.00012085345490051642,5.211848473355568e-06,5.180678507742686e-06,1
0.052897780265581944,0.9470223043729569,7.795960756674915e-06,1.4595229287200915e-07,6.206145301950361e-05,4.920802836170174e-06,4.991192555955108e-06,1
0.15051012690645466,0.8493261932049574,9.125194035708045e-06,1.8637727643296655e-07,0.00014034959991258872,6.429148047948188e-06,7.589569315376956e-06,1
0.22415898099720494,0.7757121254477043,1.0539333399311997e-05,2.152603272540007e-07,0.00010271148303340018,7.425478788255081e-06,8.001999542552864e-06,1
0.05858237947710194,0.9413441811888972,6.372699754841576e-06,1.0302410617033814e-07,5.929720219696298e-05,3.6263758990624056e-06,4.0400320438958175e-06,1
0.032501885679750514,0.9674220415250654,7.852061288437987e-06,9.235296794846703e-08,5.31418135831049e-05,3.2507593574408295e-06,1.1735807987210565e-05,1
0.03682532127011018,0.9631396257342298,8.574051482231457e-06,1.0084474288210121e-07,1.0013530281063804e-05,3.5496638478974406e-06,1.2814905305959927e-05,1
0.09061849713085486,0.9093591421514614,5.656101205032602e-06,1.0768082414921653e-07,4.82222726908506e-06,3.7902890886552886e-06,7.984419296869723e-06,1
0.14428884894654243,0.8556775757997018,7.918313392721675e-06,1.64461202274009e-07,7.508936474832157e-06,5.788918365098174e-06,1.2194624320513677e-05,1
0.35060892972487745,0.6493386866298323,2.0402180009200626e-05,2.584532431719639e-07,1.2306786023127305e-05,8.89161249219684e-06,1.0524613522524012e-05,0
0.4211652740246412,0.5787776783609326,2.22186847091223e-05,2.814645846423436e-07,1.3402518667475097e-05,9.683275729883894e-06,1.1461670735032798e-05,0
0.6075975362051435,0.39235192301562627,1.8777046195893326e-05,2.730754353469464e-07,1.2603487156421552e-05,9.255831575089466e-06,9.631338867534007e-06,0
0.5957061778217783,0.4042592702730737,1.075040751214475e-05,2.0086102001228559e-07,9.606034699554195e-06,6.9102570848697905e-06,7.084344831525999e-06,0
0.5388712407780036,0.4610989340228441,9.037522999105813e-06,1.7869442692912628e-07,8.158794181631746e-06,6.147655874884109e-06,6.302531669710858e-06,0
0.5501019376761692,0.4498668284742456,9.37127046586861e-06,1.8529344884233485e-07,8.861526736599613e-06,6.280480528294745e-06,6.535278405643526e-06,0
0.54971544490686,0.450261730250309,7.598340697462385e-06,1.2366293521752935e-07,5.8126965390564705e-06,4.254397763042617e-06,5.035744896261387e-06,0
0.5776863742199226,0.4222905533085063,7.593745348778342e-06,1.23588145953762e-07,6.155646352022311e-06,4.166792361800008e-06,5.032699362426619e-06,0
0.20342215310602915,0.7965435120329362,1.0746250166226564e-05,1.748951371160885e-07,1.0395101736727505e-05,5.896615050151577e-06,7.121998944663851e-06,0
0.2611285409162027,0.7388416440780279,8.722655612989916e-06,1.6297442693793319e-07,9.686580064145399e-06,5.494706568280244e-06,5.748089097018624e-06,0
0.6363554416144834,0.3636224996910628,6.563781333726271e-06,1.2263793836098324e-07,6.9120933743541396e-06,4.1347559742552334e-06,4.325425832864412e-06,0
0.5671952671846673,0.4327676613344575,1.2260747114857894e-05,1.8226379487382356e-07,9.697668607182972e-06,6.145050420912264e-06,8.785750937454341e-06,0
0.748241983856837,0.2515606828956489,6.259327656672565e-06,1.1694951435934316e-07,0.0001729350209895297,4.055707768825941e-06,1.3966241584636613e-05,1
0.2922710225858382,0.707586041280902,8.311932740321987e-06,1.8809916190721567e-07,0.00012247156998354411,5.8957066405071725e-06,6.068824733475771e-06,1
0.17305813676083284,0.8266386572023798,9.262642683305348e-06,1.7341081874033966e-07,0.0002807265624231713,5.981865644434056e-06,7.061555217754441e-06,1
0.035363028313828204,0.9646088757364246,6.015245524264336e-06,7.748962769112412e-08,1.618189391886258e-05,2.665859349192345e-06,3.15546132720914e-06,1
0.027052728908809415,0.9729137437453116,6.281976376871419e-06,8.059958302257419e-08,1.8335304367565395e-05,5.986759588423397e-06,2.842705963104606e-06,1
0.032948660140329024,0.9670119420734106,6.1481728311662e-06,7.975229749616358e-08,2.0599889971145292e-05,6.656489085488821e-06,5.913482074932826e-06,1
0.03307611134008363,0.9668832995463302,7.721376391931445e-06,8.375698701401943e-08,2.3097909271295918e-05,6.732004953176775e-06,2.9540659828195796e-06,1
0.029515984968143175,0.9704153228846571,1.3283393037162901e-05,8.832817518880036e-08,4.503867399333274e-05,7.136900928404908e-06,3.1448510656039154e-06,1
0.03130615958366916,0.9686180639429426,1.3025798898380336e-05,9.100266234409577e-08,5.129789279829767e-05,8.740794263120847e-06,2.6209847662641116e-06,1
0.037040006594130384,0.9628889912777522,1.6721198149320988e-05,9.011974080374995e-08,4.341696882258644e-05,8.178285827512328e-06,2.595555577189366e-06,1
0.040039481942334844,0.9598852117863163,2.1111766720572402e-05,8.845632592767604e-08,4.1896004331433615e-05,9.662396717922182e-06,2.5476472529946105e-06,1
0.028958883476233276,0.9708667459228604,1.5484057745264096e-05,1.0485172770903486e-07,0.00012557562880951645,3.018620832549502e-05,3.01985429835814e-06,1
0.1623094673504884,0.8178738545500196,3.856930819537602e-05,3.4427753395310446e-07,0.019670347297366123,9.952356746586998e-05,7.893648930705459e-06,1
0.13131403552532295,0.8400725227101745,3.1343008943523684e-05,2.0571430399583694e-07,0.028545013593554085,3.143374714995872e-05,5.445700551042378e-06,1
0.10346945935641082,0.864884687362847,2.9329242758686478e-05,1.9249730527466804e-07,0.03156062237195648,4.423342117760851e-05,1.1475747544034005e-05,1
0.04160573101185205,0.958136529565423,2.931933573142763e-05,1.3995831232950017e-07,0.00019035635686348717,3.441199013380157e-05,3.5117816839970176e-06,1
0.04142578126587077,0.9583378269733905,3.0205130415127515e-05,1.4283676650036404e-07,0.00017116417692423822,3.129560985233538e-05,3.5840067806505572e-06,1
0.04939250875990714,0.9503710406122511,2.882083560137049e-05,1.4164934597787646e-07,0.00016974126697343072,3.507871710316399e-05,2.6681588179922044e-06,1
0.06821509034324899,0.8807073131895813,6.777278366909033e-05,3.2113777212024596e-07,0.05093732448500396,6.672544430394218e-05,5.452616420535584e-06,1
0.0160869150320423,0.9401163589808051,3.641365133134669e-05,1.4023534494236504e-07,0.04371922919664426,3.8615493292131205e-05,2.3274105396621178e-06,1
0.019585209760332407,0.9736055432254597,5.0980410206955036e-05,3.8790945161306233e-07,0.0066974229313392026,5.5605039591824164e-05,4.850723617949506e-06,1
0.01782036739854597,0.9762345260535468,4.445413017990144e-05,3.033611609272536e-07,0.005847644689910477,4.84746105928394e-05,4.229756063234495e-06,1
0.009430066865373073,0.9876571093045325,4.6867671313839814e-05,3.396272197805524e-07,0.002816712584577811,4.600774793557013e-05,2.8961990474144693e-06,1
0.008712962203379963,0.9886653596740029,4.271492431644367e-05,3.1380043974586415e-07,0.002532698043804397,4.3275394999887625e-05,2.675959056689997e-06,1
0.005492026943781925,0.9927369356941209,3.617464739963131e-05,1.959209280055663e-07,0.0016894669038405796,4.270405009415414e-05,2.4958398348802063e-06,1
0.007675955503876913,0.9920396358201051,2.8233150817466364e-05,3.0932075226695286e-07,0.00021815906344172255,3.53903946001686e-05,2.3167464063532574e-06,1
0.019824863816996233,0.9755254182704727,3.263724231962138e-05,4.5831472407459265e-07,0.004558871791530705,5.408028815956773e-05,3.6702757972793947e-06,1
0.019189283272783075,0.9771642307451656,3.6625041485388525e-05,4.4418246356010253e-07,0.0035584014842915458,4.7458171976682724e-05,3.5571018340559515e-06,1
0.8923467597741662,0.10763326350369924,9.692711078098804e-06,7.778521334725122e-08,3.9968083553763566e-06,3.4659420533003754e-06,2.7434754344672857e-06,0
0.7985019215198268,0.2014801783942,6.6584815051953495e-06,8.465164204324072e-08,4.419393925511343e-06,3.7519053238193243e-06,2.985653576550293e-06,0
0.29730960048538785,0.7026290952722448,1.5205635834244411e-05,2.1423463451481499e-07,2.9770310956212417e-05,7.39009716556943e-06,8.723963776718423e-06,1
0.14706188048010962,0.8526856995492964,1.4784178050024315e-05,1.9194019925811385e-07,0.0002242028520187048,6.471291805690653e-06,6.769708520314791e-06,1
0.12969099136799606,0.8701264078399349,8.9250096241746e-06,1.6675521692605374e-07,0.00016189068097949096,5.736909128171213e-06,5.8814371204917154e-06,1
0.09803118419731047,0.9018381940874067,8.112039614357238e-06,1.5156565455580503e-07,0.00011187512260331968,5.1372843894009015e-06,5.345703021042099e-06,1
0.07055576699341487,0.9293323991515546,7.622791443598781e-06,1.4963782522718512e-07,9.438901027274019e-05,4.801863569094355e-06,4.8705519198223235e-06,1
0.07097325982303061,0.9289571367044399,7.66259114353534e-06,1.4316814235077817e-07,5.2074796670226076e-05,4.826934795376787e-06,4.895981777948265e-06,1
0.05801531883468629,0.9419069720637389,6.741018342842021e-06,1.4181896514934317e-07,6.0303890193824696e-05,4.781447089300534e-06,5.740926983836835e-06,1
0.20152015296477968,0.7980182759437588,8.537962607375737e-06,2.1121229967596924e-07,0.00043700143834253367,6.355455787865954e-06,9.465022423868469e-06,1
0.16385784265200848,0.8357923416424173,8.554110780688577e-06,1.9672691879381954e-07,0.0003250841307108452,6.7861625094465115e-06,9.19457465444639e-06,1
0.06818102984789809,0.9317299203802253,9.249462414068203e-06,1.370636567978587e-07,6.936637776851651e-05,4.715425150223935e-06,5.581442887220909e-06,1
0.03482066050403856,0.9650914810713812,6.187510080904685e-06,9.16899512854386e-08,6.67002481566519e-05,3.227421638368488e-06,1.16515547528807e-05,1
0.033674593954959524,0.9663009257479389,7.396975691377269e-06,8.700042369094259e-08,7.482977951630795e-06,3.0623535734386052e-06,6.450989461143155e-06,1
0.13955478464229767,0.8604119732029221,7.901478692390734e-06,1.6411155015504966e-07,7.231255695225092e-06,5.776610857036383e-06,1.2168697985459426e-05,1
0.18787790775249735,0.8120796040355944,1.2152382401669549e-05,1.9646121470275892e-07,8.656680631972276e-06,6.915296240674704e-06,1.4567391419529614e-05,1
0.31998929934604575,0.6799716454534757,1.3919667959368986e-05,2.0626934912684882e-07,9.269122406624295e-06,7.260535657083488e-06,8.3996051063605e-06,1
0.5439342723000511,0.456015646826224,1.841059170967011e-05,2.72272029218152e-07,1.2566406857299129e-05,9.228600301778237e-06,9.603002826744248e-06,0
0.500179863893958,0.4997870777760502,9.962557736332345e-06,1.9585918746154425e-07,9.35337838385849e-06,6.638603905454506e-06,6.907930778780297e-06,0
0.5940942103375183,0.40588444585821054,6.699596934199122e-06,1.2517552217013088e-07,5.883794713533268e-06,4.220310982397679e-06,4.414926118892033e-06,0
0.696287147843731,0.30366422037705054,9.254021585368714e-06,2.1282342485568544e-07,1.2271158737927608e-05,7.341417004560094e-06,1.9552358465753942e-05,0
0.5995530155957994,0.4004165145260217,9.146266575895772e-06,1.6991279985055076e-07,9.3153540894293e-06,5.845540010229537e-06,5.992804703260671e-06,0
0.7670560275704655,0.2329152415304022,6.575833584164753e-06,1.2216113387524866e-07,9.626455635642892e-06,4.2364422154340495e-06,8.170006563126437e-06,1
0.2546782919161666,0.7451928600462662,8.105822222020456e-06,1.7053199690995574e-07,0.00010880752849497007,5.7495111418918124e-06,6.014643711582065e-06,1
0.3593427069607726,0.6405231643724129,8.195772623405589e-06,1.724243924191229e-07,0.00011396314398412485,5.813313532422474e-06,5.984012282195232e-06,1
0.5316326883394669,0.4681248983988743,1.194492267730672e-05,2.586223742473528e-07,0.00020388497336368665,1.8939181064938436e-05,7.385562178615878e-06,0
0.5259612011067978,0.47376276503543274,1.2547543987337252e-05,2.6088735579068555e-07,0.00023667013446198798,1.910504798067905e-05,7.450243983778266e-06,0
0.39346450424214535,0.6062495662065284,8.266291243835513e-06,1.601030151241535e-07,0.0002583847806188188,1.1400852426861192e-05,7.717524021652616e-06,0
0.04185730337388279,0.9581063221422798,6.193160298966252e-06,9.02491468903768e-08,2.3311209260409284e-05,3.1048224022103836e-06,3.67504272909057e-06,1
0.03746253933691253,0.9625104345467251,5.0125075862547215e-06,7.714470842451515e-08,1.6561616595746445e-05,2.653993164271822e-06,2.7208543076322745e-06,1
0.03901586256638447,0.9609529713030952,5.557469152823845e-06,8.553190793137005e-08,1.9563926703078324e-05,2.9425362233250243e-06,3.0166665334251405e-06,1
0.03701396990172713,0.9629450180798899,7.121812061410813e-06,8.79740816816768e-08,2.2895367715352505e-05,7.070955806147798e-06,3.835908718313095e-06,1
0.027404548888611973,0.9725222923544042,1.8166519738477677e-05,8.424546897210021e-08,4.523729838135147e-05,6.6712036817061645e-06,2.9994897132529483e-06,1
0.03562783517410123,0.964295662287061,2.2288694854662853e-05,8.878321497032871e-08,4.277307104921627e-05,8.794927673167924e-06,2.55706204569388e-06,1
0.03450826446322427,0.9654154077738458,2.2229558105166144e-05,8.854765381354262e-08,4.265958479960245e-05,8.799794766670297e-06,2.5502776045846196e-06,1
0.04553772284167856,0.9543744306129078,2.380492825669619e-05,9.505810204351608e-08,5.064635206640782e-05,1.056242074159031e-05,2.7377862465602815e-06,1
0.02459842279040662,0.9752399204608411,3.2502203349007956e-05,9.069386645882264e-08,0.00011594130926239039,1.0510451196580338e-05,2.612091077987986e-06,1
0.020813900020148286,0.9789985967837713,4.206609725995102e-05,9.186041150994814e-08,0.00013062954531514016,1.0598056283438406e-05,4.117636810538788e-06,1
0.028252948254260137,0.971585372592998,2.5811744266139588e-05,9.026753112109085e-08,0.00011322562397925786,1.995170485120798e-05,2.5998121138705367e-06,1
0.027115545766558714,0.9726983830289462,1.5213338059799387e-05,1.0151845914256783e-07,0.00013923830712966396,2.8726633102640238e-05,2.7914077437866584e-06,1
0.053843339034860764,0.9458253228114973,2.6417622936297653e-05,1.329746975276e-07,0.0002735643661681579,2.7867240898167838e-05,3.355948941543524e-06,1
0.05258573373058371,0.9472138432663602,2.7569918861352565e-05,1.1910278155023908e-07,0.00014344369965835988,2.630179925729877e-05,2.988482497391952e-06,1
0.05145622108294592,0.9483275717005989,2.5330038761895193e-05,1.315950123372806e-07,0.00015848895534219492,2.8954694453757135e-05,3.301932885153946e-06,1
0.03896504404021072,0.9607938751723594,2.8140692395545567e-05,1.4339604219292217e-07,0.00017183436826177597,3.826127050458704e-05,2.70106022587626e-06,1
0.0450650642947803,0.9547040681415941,2.5577431271549224e-05,1.4295125067085377e-07,0.00017130136561376716,3.115313351904624e-05,2.692681970307326e-06,1
0.03467565188904628,0.9650904048992577,2.4889074545604913e-05,1.3920446290241822e-07,0.0001744973970630458,3.0336602155593114e-05,4.080933468702821e-06,1
0.02590552825318165,0.97382764587179,3.120367700457764e-05,1.310281568017955e-07,0.00020127042001678134,2.9993625032169236e-05,4.227124817757003e-06,1
0.01875345285224387,0.9809692762063407,2.9398071983414454e-05,9.932613897281269e-08,0.00021394471705868027,2.962267881111001e-05,4.206147423480539e-06,1
0.03238734803753934,0.9135195674932655,5.1237154003109145e-05,2.510646093902617e-07,0.053978642853175045,5.5371475657438623e-05,7.5819217504729964e-06,1
0.06252091157734396,0.886237765125934,6.786385626825846e-05,3.2156931484307194e-07,0.05110086281803444,6.681510949569642e-05,5.45994360886696e-06,1
0.013484893677038302,0.9399653658587577,3.7194857835670076e-05,2.522670546991377e-07,0.0464690753449296,4.0529804148725837e-05,2.688190235217423e-06,1
0.030677120325646925,0.9506157924026835,5.53782246232015e-05,4.483996541287808e-07,0.018592544134528776,5.511377897019879e-05,3.6027338932121545e-06,1
0.03995633085642073,0.9483860586355213,4.372350603041279e-05,4.475820399547741e-07,0.01154831498058148,5.952752300425134e-05,5.596916401883139e-06,1
0.010097192397633676,0.9871439486647547,4.3414985241580636e-05,1.6344531995586182e-07,0.0026648771942158547,4.6138771532045104e-05,4.264541301829417e-06,1
0.008722721946095266,0.9885123514785803,4.941632630077734e-05,1.3252394643849145e-50,0.0026685713114274296,4.358803128031943e-05,3.350906315850472e-06,1
0.006049283468641356,0.9914868794633644,4.278301745351476e-05,1.6896731556351076e-07,0.0023781570048213452,4.0240128140131495e-05,2.4879502634321438e-06,1
0.00609097034598861,0.9914064561510129,4.484820965545358e-05,1.771235888526364e-07,0.0024067828211945734,4.8157301683640254e-05,2.608046876263027e-06,1
0.005749324151782072,0.9939677296875711,3.607933477995638e-05,1.6671684136003633e-07,0.00020246352814229233,4.1781795208518254e-05,2.454785674518686e-06,1
0.005847767380092862,0.9939089281634025,2.4035133123696355e-05,2.6332751547017343e-07,0.00018572075663332818,3.1312972351509166e-05,1.9722668805387937e-06,1
0.86311692227794,0.13686537124155154,7.57101859668088e-06,7.61866796631263e-08,3.977465069562515e-06,3.394714825386345e-06,2.6870953372116862e-06,0
0.8353116868203507,0.16466646089960946,9.974239516476429e-06,8.597548939236326e-08,4.402667250765551e-06,3.888343638179043e-06,3.5010541448784718e-06,0
0.8796886289268997,0.12029409215058394,7.376416240215784e-06,7.299451507422052e-08,4.002524870810738e-06,3.252478826876541e-06,2.57450806315816e-06,0
0.6370422289847455,0.3629311467835588,7.5803078129451e-06,1.2136239419038016e-07,1.0238735438638627e-05,4.768194039075272e-06,3.915632010841837e-06,0
0.5393170778312243,0.4606256344042389,9.826037332572078e-06,1.7072300428805664e-07,3.567540717261673e-05,5.255995256957398e-06,6.359601770175736e-06,0
0.30051154128311175,0.6993835718588928,1.3096935464195521e-05,2.1154720180722012e-07,7.580439165205288e-05,7.2973932529642906e-06,8.47659042428783e-06,1
0.2825447685397562,0.7173942657272779,1.5525169719875474e-05,2.187365985201019e-07,2.876914201562973e-05,7.545393957380494e-06,8.907290674328424e-06,1
0.2857851502928958,0.7141012721269139,1.6187008168220236e-05,2.1015287848185772e-07,8.268301660249085e-05,7.085334941395608e-06,7.412067599836935e-06,1
0.12429196996852233,0.8755210511338373,8.566056499520962e-06,1.6004852318694896e-07,0.00016710172224493366,5.506177561021617e-06,5.6448928117734345e-06,1
0.09661140660562739,0.9032313745707805,9.238168166894842e-06,1.726062829666005e-07,0.00013605490692241638,5.850451842771191e-06,5.902690377118418e-06,1
0.16182456099114048,0.8379806023165057,1.0149879015417767e-05,2.546398448484081e-07,0.00017061336600588073,6.904321390348853e-06,6.914486097553133e-06,1
0.16376431557415302,0.8359583711447183,1.1105349279276906e-05,2.3065506548673125e-07,0.0002484657521264583,8.118895679568304e-06,9.392628977942908e-06,1
0.10345205243898267,0.8964233028325791,8.145595592579229e-06,1.5219261572035297e-07,0.00010582058926197975,5.158535099615113e-06,5.36781586844953e-06,1
0.11051866474275975,0.8893588163416949,8.287432326721562e-06,1.5484269861840644e-07,0.00010328827587511735,5.327080660561988e-06,5.461283984268081e-06,1
0.10140366231234967,0.8984799523518506,7.558554426535557e-06,1.412243164007666e-07,9.909465070074103e-05,4.761398420033743e-06,4.829507936250704e-06,1
0.08009116147738775,0.9198303488999632,8.633785478439646e-06,1.6948396030914167e-07,5.8731106564893524e-05,5.438724154930104e-06,5.516522490282844e-06,1
0.07430781409764178,0.9256238590037582,7.624808820200668e-06,1.821732662982839e-07,5.080841379977422e-05,4.803134385340795e-06,4.9083683284381775e-06,1
0.05737313211547133,0.942547667652511,8.273718634619342e-06,1.2260454506552594e-07,6.149566967344893e-05,4.315593542796911e-06,4.9926456216337124e-06,1
0.07598392329246695,0.9239287338839142,9.031376683763454e-06,1.3383194166103775e-07,6.812352863192804e-05,4.604243884594934e-06,5.449842476978424e-06,1
0.04307263588666396,0.9568266318566523,7.275319108562798e-06,1.0780970793224322e-07,8.185618320023674e-05,3.7948257069470814e-06,7.698118959929835e-06,1
0.03947878980911687,0.9604890482599371,9.217610977351145e-06,1.0841404567310659e-07,1.1278536443851147e-05,3.816097969331355e-06,7.741271510014335e-06,1
0.5364153918103901,0.46353873952517344,1.6503855130993025e-05,2.5399877303274864e-07,1.1413938756965217e-05,8.738364570639089e-06,8.9585072048247e-06,1
0.6174143965090126,0.3825383082554291,1.7017145051677656e-05,2.6189844308130235e-07,1.1768926102210376e-05,9.010138312093815e-06,9.23712764932811e-06,0
0.4499654307382096,0.5499969804455443,1.1523208955072938e-05,2.1893948649218757e-07,1.059248380675703e-05,7.532213754554545e-06,7.721970243171207e-06,0
0.6991734845293226,0.3008069049733749,5.576346255327188e-06,1.138939318383942e-07,5.353510833719269e-06,3.928810226043397e-06,4.63793605546762e-06,0
0.7042893345272695,0.29569077949671985,6.002473080809558e-06,1.1215043376222297e-07,6.0346515041001255e-06,3.781168227475652e-06,3.9555327645364305e-06,0
0.47569986372570333,0.5242648728451543,8.547338805938576e-06,1.6831078229462628e-07,1.3416801028161062e-05,6.022020615048536e-06,7.108957911013743e-06,0
0.5283018362001601,0.4716650056563337,8.672386264960063e-06,1.7712891648254237e-07,1.098554374845593e-05,6.11012270076013e-06,7.212961875668253e-06,0
0.5133806973562061,0.4865806743866609,1.1956357839384836e-05,2.119199180157136e-07,1.2311121084690514e-05,6.408544778532e-06,7.740313512302752e-06,0
0.360405336739729,0.6394350746482631,9.207061076509737e-06,1.9370009211203375e-07,0.00013693483561964104,6.530626849878818e-06,6.722388369757169e-06,1
0.46945333539643924,0.5301301382742591,1.0378924851278558e-05,2.5288410929814003e-07,0.00037845346660600937,2.0097649751691362e-05,7.343403983423298e-06,0
0.4585608450049315,0.5409449731959015,1.2023114510448592e-05,2.177515919969592e-07,0.0004562903720610948,1.7013549252264982e-05,8.637011751141964e-06,0
0.03126685246181818,0.9686927986620333,7.160110917303592e-06,9.070475284549326e-08,2.6283968464818288e-05,3.1204965179750925e-06,3.6935954956304567e-06,1
0.03712849507849998,0.9628418464326819,5.288630124182248e-06,8.139435639238447e-08,1.8617534216383456e-05,2.8001929087212066e-06,2.870737212311491e-06,1
0.03339547341143657,0.9665761946950308,5.052074855572508e-06,7.77536661970771e-08,1.778479006449618e-05,2.674943010330164e-06,2.7423319360072944e-06,1
0.02736859509138452,0.9725935271430917,8.58812849514623e-06,8.259215894073715e-08,1.9471038848040108e-05,6.134763741005482e-06,3.6012422805552436e-06,1
0.026353361659803523,0.9736042610415967,9.748145685379095e-06,8.267798996105796e-08,2.2800351098278968e-05,6.141139080239506e-06,3.6049847459820685e-06,1
0.03779551155641649,0.9621281772271998,2.2238595683847642e-05,8.858365346700491e-08,4.2657563638719534e-05,8.775158970393777e-06,2.551314437363843e-06,1
0.02029672754197956,0.9795412093243048,3.251025128007382e-05,9.100668772018715e-08,0.00011634121399711863,1.0499561048922507e-05,2.621100701876783e-06,1
0.033456559482825,0.9663721137010742,2.688022411250284e-05,9.559320384986862e-08,0.00012046897020100202,2.112883076901068e-05,2.7531978141641716e-06,1
0.022050057466452888,0.9777473596210593,1.5292305794394196e-05,1.0204541007907716e-07,0.00015537378809185349,2.887574417410496e-05,2.9390290173393725e-06,1
0.03193384179637133,0.9677568472491328,2.2224730648964138e-05,1.2259020200866986e-07,0.0002529716768680126,3.089808654209265e-05,3.0938702348934584e-06,1
0.17081901924621207,0.781968537842171,3.8707737303210456e-05,2.872502242853594e-07,0.04709570267487297,5.632580962447935e-05,2.1419439591798905e-05,1
0.15141556835618145,0.8095967090329639,3.614099204392597e-05,2.372050187469805e-07,0.03889061205674698,4.659135435728238e-05,1.4141002687981111e-05,1
0.03321762589846897,0.966469568783111,3.521405420299085e-05,1.397994004022888e-07,0.00022777199743534565,3.77382600313965e-05,1.1941207350057886e-05,1
0.023277802608243248,0.9765260504829546,2.5089610004699588e-05,1.1976736121954814e-07,0.00013913271786812585,2.8799655686454577e-05,3.0051578821646818e-06,1
0.018928688233001638,0.9647549330958911,3.7960126926670186e-05,1.3828328517455745e-07,0.016242571536491265,3.165475070257759e-05,4.053973701718489e-06,1
0.018900465198319453,0.9534097594154441,3.6769451469894326e-05,1.806691987984726e-07,0.027612528656495914,3.253984185474341e-05,7.756767217063014e-06,1
0.019815787682058168,0.9223569171370033,4.688913623441525e-05,3.5459208824296886e-07,0.057735192452335875,4.147017382681693e-05,3.38882645337751e-06,1
0.030395301808741716,0.9512830794684488,5.658170473463807e-05,4.505076031060571e-07,0.018206580605148074,5.370041703579935e-05,4.305488287734731e-06,1
0.06418561954308478,0.875878822446047,6.25101669220856e-05,5.172675591293103e-07,0.05980451142614943,6.386308689091857e-05,4.156063346558843e-06,1
0.013033776839778258,0.9764096978931808,5.028338237430966e-05,3.526663365943725e-07,0.010442634932267218,5.641096572250825e-05,6.843320340499472e-06,1
0.00854299082035091,0.9883934575581121,4.82703652305234e-05,1.817244724508851e-07,0.0029590592889137436,5.1298770245957784e-05,4.7414726743429645e-06,1
0.007703732095343238,0.9897158309674039,5.389911914173098e-05,2.071789677022037e-07,0.0024664842252074158,5.509859763686028e-05,4.7478162992804725e-06,1
0.006353474631125651,0.9933721711312619,2.711489735511954e-05,2.970692326106963e-07,0.00020951825924621196,3.519902663912474e-05,2.224985139357816e-06,1
0.0200370807783345,0.9744953066833416,3.14135525301145e-05,3.688025167985274e-07,0.005381234536993912,5.02206697053466e-05,4.374976577800804e-06,1
0.8545558875977562,0.14542635974668439,7.663683971306707e-06,7.583721917938366e-08,3.959220845330349e-06,3.3791436167407797e-06,2.6747699065648025e-06,0
0.8710998125879508,0.1288832732012978,7.214830246592254e-06,7.290872403172842e-08,3.806333395612284e-06,3.2486561622700577e-06,2.5714822230601964e-06,0
0.7314986528722425,0.26847708498555983,8.522967249793112e-06,1.1065207863841831e-07,6.8547384644976585e-06,4.871098451433972e-06,3.90268595346046e-06,0
0.6175754639098983,0.38239442882231267,8.573475127306257e-06,1.3726322118538188e-07,1.1574953788773428e-05,5.3929199189470795e-06,4.428655732859197e-06,0
0.3526519712622198,0.6473022019269072,1.4744512653050886e-05,1.9142523087955596e-07,1.7685397771939106e-05,6.453929571717611e-06,6.751545645453293e-06,1
0.21146246441715372,0.7880460328709141,1.5739812256680515e-05,2.0434701818459173e-07,0.0004614249600220053,6.926297053359163e-06,7.2072955819163715e-06,1
0.18971772927746405,0.8100757745084471,1.080159489174191e-05,2.018174069460857e-07,0.00018143156546935037,6.943159833171899e-06,7.1180764875287e-06,1
0.1504417143247079,0.8493528614915239,9.784203095064737e-06,1.8280842018890004e-07,0.00018272035020894866,6.289190310329668e-06,6.4476317338498745e-06,1
0.08518705779483556,0.9147424090055178,7.433262824391522e-06,1.3888336337389816e-07,5.352912724024155e-05,4.6824728473875006e-06,4.749453371216959e-06,1
0.16295814163246064,0.8364997044514528,8.26896857332559e-06,1.9016923567388297e-07,0.0005183951115040379,6.411583510215778e-06,8.888083263353886e-06,1
0.14991929992765027,0.8495349709509842,9.374018941828587e-06,1.914593939342452e-07,0.0005219120406901312,6.455081384087935e-06,7.796520955528844e-06,1
0.072847321704353,0.9270618216277501,6.65759601558161e-06,1.246403661867749e-07,7.471085963349927e-05,4.288024493006386e-06,5.075547388464633e-06,1
0.05496648634428742,0.9449431328921307,7.711597635282186e-06,1.2466936841275828e-07,7.307949430592461e-05,4.388273868795999e-06,5.076728403707552e-06,1
0.05257985213420408,0.9473399927351208,7.5363491832906724e-06,1.2183621828506804e-07,5.950871868402928e-05,4.288548981840953e-06,8.699677607659347e-06,1
0.5359222588282928,0.4640304404651948,1.698261230178242e-05,3.02708321001853e-07,1.176861001267821e-05,9.009896318017287e-06,9.236879558777461e-06,1
0.5876105000549433,0.412343286009827,1.6613747449503775e-05,2.955404479608894e-07,1.1489939435799793e-05,8.796549711931103e-06,9.018158184509119e-06,0
0.6843176641320943,0.3156393138369207,1.314517201828227e-05,2.584278835497938e-07,1.1612969624657109e-05,8.890740040644223e-06,9.114721418004375e-06,0
0.5229059160224162,0.477054578582156,1.181738789587086e-05,2.336593066552382e-07,1.117458931288266e-05,8.038622322844753e-06,8.241136589566963e-06,0
0.43232406768724296,0.5676380136629305,1.1624322574659008e-05,2.2086063224558423e-07,1.0685430518240251e-05,7.598307270621847e-06,7.789728830615656e-06,0
0.3378941344347596,0.6620709565316106,1.2645111076570017e-05,1.870070287147952e-07,9.047563576348748e-06,6.433635779693945e-06,6.595716168590907e-06,0
0.33203989870273726,0.6679256392060106,1.2520546727807438e-05,1.8516486152426374e-07,8.855377140031607e-06,6.370259377049438e-06,6.530743145879729e-06,0
0.7514657007746864,0.24851366832438837,6.129645693769689e-06,1.2519478111187506e-07,4.959299537362607e-06,4.3186368961036155e-06,5.098124016817931e-06,0
0.6240422886463771,0.3759268482168028,9.768514796737603e-06,1.8251529943039059e-07,8.321283391525707e-06,6.153529933709984e-06,6.43729339876409e-06,0
0.5578997164010436,0.442065887015617,8.860790449517482e-06,2.0167914589268901e-07,1.1721590389349964e-05,6.242862716000652e-06,7.369660638720327e-06,0
0.5150028518599854,0.48496009416755326,1.2228221084687245e-05,1.9440111815065166e-07,1.0160775724066926e-05,6.554262044990725e-06,7.916312489531488e-06,0
0.6404748932967248,0.3594957243451557,8.906953010240147e-06,1.6546700356357956e-07,8.895191968117101e-06,5.578744152668235e-06,5.836001984914945e-06,0
0.37339577900537413,0.6265724080860992,8.156622633601073e-06,1.612768241179244e-07,1.2258359211442218e-05,5.548435014509138e-06,5.688214842854339e-06,1
0.2618714955597066,0.7380901209796312,1.2285676306600671e-05,1.63216521999241e-07,1.4562773289022822e-05,5.615166782704158e-06,5.756627761694375e-06,1
0.4718831707984641,0.5280361533903808,1.0649222194523876e-05,1.7077290428327946e-07,5.804436569250443e-05,5.788309877183482e-06,6.02314048664065e-06,1
0.47393254406202445,0.5257993125292695,9.872020898397306e-06,1.8339534465903704e-07,0.00024540351526523174,6.2161447061793065e-06,6.4683324916985445e-06,1
0.3797274302143766,0.6199444741981899,9.19476429269149e-06,1.7081375575192766e-07,0.00030359459877502676,5.7590106823334775e-06,9.37639992775196e-06,1
0.26538007583967516,0.7344623186302044,1.0859794768902062e-05,2.069902679923071e-07,0.0001322595153207187,6.978707067585296e-06,7.300522695432848e-06,1
0.25915500694255034,0.7405415472189805,9.474658045144851e-06,4.781090569291746e-94,0.0002669470722663003,1.2991355413701655e-05,1.4032752744376004e-05,0
0.03922095517037512,0.9605299692814758,9.916145494811833e-06,1.4450031420911068e-07,0.00022815935754029424,4.9712697862847806e-06,5.884275013420095e-06,1
0.02934072412835279,0.9706293501197404,6.15510471374843e-06,7.797326860530389e-08,1.7835020271237425e-05,2.682497945752098e-06,3.175155707559417e-06,1
0.027697623297059295,0.972251748312504,6.90260767473936e-06,8.207308349602009e-08,3.161396706589063e-05,5.94417864329757e-06,6.0855639690069955e-06,1
0.024886479472176686,0.9750337819371023,2.0441714318019824e-05,8.678449673724099e-08,4.8377972810418545e-05,7.0121719826235075e-06,3.8199471132666466e-06,1
0.028985562320982334,0.9709473822023375,1.7241631820150377e-05,8.180870309790597e-08,3.939507823415615e-05,7.424066593464153e-06,2.912891329323181e-06,1
0.032859210597926715,0.9670625839592182,2.332048415083978e-05,8.884581758841202e-08,4.280323109953704e-05,8.829426043307278e-06,3.1634557437023868e-06,1
0.03640102836606852,0.9634155618076125,1.5097050603670049e-05,1.0368484672190866e-07,0.00013945923345405072,2.613311108575035e-05,2.616746329039555e-06,1
0.04120342662966081,0.9585491997733228,1.556919797837194e-05,1.0803880534796849e-07,0.00020133079423178903,2.7638936640766678e-05,2.726629360280264e-06,1
0.04716006519116151,0.952496807247383,2.6258776554313446e-05,1.3794875022745318e-07,0.00028466489242278477,2.8584462131240528e-05,3.4814815970307775e-06,1
0.08550607734386173,0.9140400854250081,2.446035309903303e-05,1.732547425304849e-07,0.00038528066626632303,3.995058995998974e-05,3.972367062334687e-06,1
0.09297687980892409,0.9064096517565454,3.779790610321962e-05,2.3186905701721054e-07,0.0005172023672760939,5.2920022008678044e-05,5.316270085407358e-06,1
0.16294288906778728,0.7985882590281348,3.564956674587145e-05,2.3397963558937138e-07,0.03836179894065207,5.051775310493408e-05,2.0651663939646736e-05,1
0.041673320665576094,0.9579760302343012,3.534791530537608e-05,1.309813357644481e-07,0.0002629785714023488,3.92743100077745e-05,1.2917322071379274e-05,1
0.030395105851095464,0.9693336619895517,3.7839449552445415e-05,1.4021369023188049e-07,0.00017595986186414288,4.5316039614577567e-05,1.1976594631719598e-05,1
0.01950921011664654,0.9802918517898083,2.815238224731088e-05,1.117932756788063e-07,0.00014123253198142645,2.6636310933860816e-05,2.8050751069260426e-06,1
0.0083517894880653,0.9688323250461223,2.742065436082024e-05,1.5338810885691437e-07,0.022747581180692235,3.558827820941713e-05,5.141964441162274e-06,1
0.0066188061954494375,0.9760012004388723,2.4665493828096706e-05,1.379200107226583e-07,0.01731856706402266,3.1999453861331706e-05,4.623433955510694e-06,1
0.0167270272145725,0.9694995545725763,3.5445469643478394e-05,1.4225786380119677e-07,0.013694876802500776,3.3231270691468285e-05,9.722412151630715e-06,1
0.023073145737624024,0.9565972646142673,4.287209907812532e-05,2.597740489158419e-07,0.020234723818300562,4.2209567091092145e-05,9.524389589746879e-06,1
0.018257989197784527,0.932844860606133,4.366412802123683e-05,1.861276639425282e-07,0.048807025823464,3.887674077720776e-05,7.397376155942144e-06,1
0.005735856523918003,0.9939685232405351,4.535143719329309e-05,1.680665061457943e-07,0.00020410258207412548,4.352349125494453e-05,2.474658518524446e-06,1
0.006080469299463537,0.9936655811133549,2.731610082224635e-05,5.705780376829699e-07,0.00012691024298941094,9.723804352215542e-05,1.914621810019517e-06,1
0.0021119420777035293,0.9976191426359479,3.312423959677121e-05,6.370727754821144e-07,0.00012047154404962036,0.00011236070795085803,2.3217219758041167e-06,1
0.002842232977720473,0.9955652062719232,3.2591671448121875e-05,1.293888130131006e-06,0.0014546672685005172,0.00010029643169740821,3.7114905799177485e-06,1
0.8368963250507777,0.16308405790373215,8.415838549049012e-06,8.504538974538026e-08,4.2703417622041875e-06,3.846278776777502e-06,2.999541012242932e-06,0
0.2526353301956199,0.7473192153069559,1.263899193974188e-05,2.0050979879364062e-07,1.75332740740255e-05,6.916654251959013e-06,8.165067359506963e-06,1
0.24593368644648328,0.7535428776374647,1.6893937594482917e-05,2.193308100840857e-07,0.0004910411989375535,7.545676529080062e-06,7.73577218077736e-06,1
0.14066902344020477,0.8591643862232555,9.327456687273389e-06,1.7427455305388436e-07,0.00014522186689228486,5.906997488958814e-06,5.959740917929557e-06,1
0.21778662586477904,0.7821150620675646,9.383874690514866e-06,1.8554266587893566e-07,7.581532499158904e-05,6.383257046873114e-06,6.544068261560135e-06,1
0.107690222520819,0.8921773114606237,8.56050414588e-06,1.5994478280180234e-07,0.00011271177405378209,5.39256167446393e-06,5.641233900446145e-06,1
0.17919656481686888,0.8203532068096165,8.740422013366035e-06,2.0101169317668816e-07,0.0004251149658696791,6.777138545912587e-06,9.39483539243942e-06,1
0.1579107269795189,0.8417325626994455,9.873699694024017e-06,2.016651098144483e-07,0.0003316236742476956,6.799168583132423e-06,8.212113400961448e-06,1
0.22731845265070383,0.7724646427708547,1.2203515505991008e-05,2.4925036925393984e-07,0.00018678276853234638,8.4035125437654e-06,9.265531490146384e-06,1
0.04983788730785682,0.950077347748765,6.967464739786186e-06,1.1263936082105015e-07,6.567703435855126e-05,3.964826083440026e-06,8.042978835596793e-06,1
0.04698717433242077,0.9529619130183821,8.805013089373035e-06,1.1298134938544036e-07,2.3660619168141607e-05,3.976863839784246e-06,1.4357171750704823e-05,1
0.05364749249847733,0.9463150106944705,1.1066004902159384e-05,1.4199322061892472e-07,1.0762100448777058e-05,4.998061252105019e-06,1.0528647228436646e-05,1
0.2609961583282024,0.738961228886821,1.2393680988533858e-05,2.003621628390609e-07,8.659336489524142e-06,7.052606864671661e-06,1.4306798470999532e-05,1
0.39607060980429426,0.6038764850254086,1.6674707594718828e-05,2.612705931223853e-07,1.0530695474239507e-05,8.062164884153526e-06,1.7376331750981996e-05,1
0.5063766272751153,0.49357481423049976,1.6420756112239614e-05,2.654657815660195e-07,1.1929231534019205e-05,9.132866086933542e-06,1.0810174870114416e-05,0
0.6407054714093866,0.3592554007453246,1.1857252786937724e-05,2.3444753522898502e-07,1.082066021558846e-05,7.94654743117891e-06,8.268937319754132e-06,0
0.5101245869519251,0.4898344768080309,1.2205221733496367e-05,2.413277513568533e-07,1.1675647638187778e-05,8.30244117792188e-06,8.511601742957122e-06,0
0.48565040342716037,0.514318057464422,9.038808432709127e-06,1.835580941319984e-07,8.38085851994446e-06,6.461115494052763e-06,7.4747678766212105e-06,0
0.490418568563014,0.5095446545775537,1.2136770717500746e-05,1.9294726370091443e-07,1.0084787020196567e-05,6.505245130224479e-06,7.857109300538014e-06,0
0.5502797916015809,0.44968459376842385,1.1705309379983226e-05,1.8608800217208782e-07,9.726273557464748e-06,6.4191694331446875e-06,7.57778962261552e-06,0
0.6139437849976098,0.38602291631396973,1.1851720254474293e-05,1.723601057555377e-07,9.265752055220848e-06,5.929735106758197e-06,6.07912089810075e-06,0
0.4505954624755211,0.5491509167177556,9.385909193227278e-06,1.7436470902424792e-07,0.00023200065649274404,5.910053305664236e-06,6.149823022410776e-06,1
0.3995926991500063,0.6000542371295801,9.723758937428805e-06,1.806410399719332e-07,0.0003271531369706432,6.090339002773505e-06,9.915844462794438e-06,1
0.36358012343103746,0.6361897751275325,9.395140516465685e-06,1.7453620194594968e-07,0.00020506651678030657,5.88451349855232e-06,9.580734432728119e-06,1
0.23810437852227764,0.7617473459161407,1.0526270632117379e-05,1.9554952835086406e-07,0.00012406375142096974,6.5929808623459796e-06,6.897009137935558e-06,1
0.3967160143722357,0.6030635301439266,1.024249133686535e-05,2.1391405074395882e-07,0.0001839049546632736,1.5352589995367474e-05,1.0741533791374523e-05,1
0.05789414226379771,0.9418308614453683,1.0583763319781244e-05,1.542289921041816e-07,0.0002527780038258155,5.199852957647318e-06,6.280441738488496e-06,1
0.04527428610846963,0.9544500861392071,1.0153051838133552e-05,1.4795256700895424e-07,0.00025431364949110634,4.9882423703666595e-06,6.024856056453205e-06,1
0.032390458839622445,0.9675651591613842,6.217179559480982e-06,9.059916492087311e-08,3.1268060429095436e-05,3.1168639988315964e-06,3.6892958413065624e-06,1
0.028187530291530736,0.9717698853584503,6.454945972533578e-06,8.177167725917856e-08,2.9904627560088755e-05,2.813173799072074e-06,3.3298310101691283e-06,1
0.02818753331605578,0.9717699896294639,6.347646557084027e-06,8.177168603328835e-08,2.9904630768858522e-05,2.813174100925926e-06,3.329831367460355e-06,1
0.026707236860951396,0.9732567920297475,6.802673587715255e-06,8.264848306526571e-08,2.0031870240605474e-05,6.138947372978944e-06,2.9149696169690937e-06,1
0.028886060487360806,0.9709403713467496,5.306978602834804e-05,9.678175961765934e-08,0.0001072907434269807,1.0323425042640742e-05,2.7874296320142544e-06,1
0.043493515295557075,0.956358213234444,1.3877667981139382e-05,9.775510319445659e-08,0.00010582375519752789,2.5656828633909196e-05,2.8154630831398972e-06,1
0.041950172929417065,0.9578887108448499,1.4892742391904832e-05,9.378888497531884e-08,0.00011661335264404594,2.69374707182111e-05,2.5788710941086798e-06,1
0.05207331854532931,0.9475736848861901,3.4632063156559785e-05,1.3859991175808973e-07,0.0002860086003343308,2.871938979157171e-05,3.4979152862223624e-06,1
0.1948507017317767,0.757049039418008,3.730579903076336e-05,2.629503524138609e-07,0.0479895965488668,4.9884855630769645e-05,2.3208696334551467e-05,1
0.11359005865888103,0.8525739132797839,3.506706430882088e-05,2.0184918564606454e-07,0.033731562234063636,4.883151094025314e-05,2.0365402836612265e-05,1
0.0285173678000731,0.9712224541321942,3.538722919753719e-05,1.4048690318917872e-07,0.0001763027279148558,3.6347692128811765e-05,1.1999931588562278e-05,1
0.02186820427058958,0.9778348976941944,3.456279427939391e-05,1.372686131467862e-07,0.0002218027131184362,3.436055289831547e-05,6.034706306803788e-06,1
0.02050778165102339,0.9792493307589775,3.441224762805368e-05,1.3665123796682695e-07,0.0001701562291801905,3.433314801282293e-05,3.84931394018392e-06,1
0.0248246092809374,0.9749579095364846,3.119150867067955e-05,1.2386166460183793e-07,0.00015611746001183537,2.694046161792734e-05,3.107890612985284e-06,1
0.015003210805090449,0.9848046422232608,3.2148359580181987e-05,1.2503925062879225e-07,0.00013043822308385613,2.6297911572490353e-05,3.1374381616228607e-06,1
0.029039137875449986,0.9421900930323096,3.4755724748114985e-05,1.493713015286389e-07,0.02869591187604074,3.6204109116271195e-05,3.7480110335389506e-06,1
0.010932769006369195,0.970019625129428,2.734360472991769e-05,1.5378329170028366e-07,0.018981559137108524,3.3394127084448575e-05,5.155211987817001e-06,1
0.008704874122976828,0.9817062133654411,3.9934263076817486e-05,1.4003114547753898e-07,0.009502809434610383,3.508547724469971e-05,1.0943305504862415e-05,1
0.00964573053418385,0.9794231219566836,4.0747973728737786e-05,1.43235375867485e-07,0.010843174274273093,3.588831258572218e-05,1.1193713169139987e-05,1
0.009388367461307683,0.9802811798276634,4.3930373187820125e-05,1.387072723957324e-07,0.010242118944842124,3.4784933714177805e-05,9.4797520124752e-06,1
0.011324731554408454,0.977676930386739,4.1501472604362886e-05,1.5893352496274395e-07,0.010909525922684172,3.705368686115954e-05,1.0098043178059463e-05,1
0.012263594968599037,0.982242992734439,4.7611622257090177e-05,1.861138697198201e-07,0.005383702233923834,5.366067582385451e-05,8.251651087223492e-06,1
0.010082197601994787,0.9852203906556886,5.554044076693969e-05,1.804774585124566e-07,0.0045837111507277106,5.2228977458348143e-05,5.750695905308677e-06,1
0.009714068142350788,0.9863617926698823,4.799466716771062e-05,1.8068654607968164e-07,0.0038200065883404236,5.124285414332081e-05,4.714391569301533e-06,1
0.005173727749976636,0.9917143926283306,4.299074982966467e-05,1.5931631562049703e-07,0.003028823844645345,3.755986627450697e-05,2.345844627377463e-06,1
0.006001512371355655,0.9937020472991802,4.285709806477766e-05,1.8357603488050284e-07,0.00021257287966118464,3.84882239530775e-05,2.3385517498202694e-06,1
0.002365149470103054,0.9974351780923939,3.2792166000451355e-05,6.306860613945723e-07,0.00011531094798297484,4.864019096218223e-05,2.2984464961087196e-06,1
0.29529597693028237,0.7046460675252679,1.319872505127226e-05,2.1319134996524263e-07,2.722543412606639e-05,7.354108707353334e-06,9.96408521495744e-06,1
0.2999006920380386,0.6998536594145685,1.6041616909220994e-05,2.0826529114840728e-07,0.00021521742251555853,7.059106050156057e-06,7.122136626899873e-06,1
0.1844590125411765,0.8153301034938208,1.075873247790121e-05,2.0101656398692328e-07,0.0001860209730676011,6.813412043826881e-06,7.089830849433952e-06,1
0.14725435774817056,0.8525873997999206,8.839676624246001e-06,1.7478250940713745e-07,0.0001373266665005417,5.924214557375215e-06,5.977111717107958e-06,1
0.1351720002379784,0.8646820252473094,8.99276776626587e-06,1.8681493106669676e-07,0.0001246419005187535,6.0268138730189205e-06,6.126217623275774e-06,1
0.12172800961113636,0.8781148300215948,8.336325185142785e-06,1.6482999288647138e-07,0.00013735177550226906,5.670675306105228e-06,5.636761282089232e-06,1
0.24955994882240976,0.7503493185969856,8.747780656919194e-06,2.305327135300844e-07,6.813147294504935e-05,6.395325063193047e-06,7.227469225717987e-06,1
0.0987175677953903,0.9011542202142795,7.958520915594201e-06,1.5735985782346337e-07,0.00010913236672762723,5.413678932488646e-06,5.550063896883194e-06,1
0.12231002220872816,0.8775164546879762,9.345877871019204e-06,1.908846274018475e-07,0.00014949422091898953,6.719004299508947e-06,7.77311557842881e-06,1
0.11378817863378143,0.8860667275484486,9.489074293738769e-06,1.7729422251756816e-07,0.00012307481823519998,6.099484395646158e-06,6.25314662284863e-06,1
0.0967223176202265,0.9031595755199239,8.123925447754549e-06,1.5178772991594213e-07,9.925563104483315e-05,5.2219800336759535e-06,5.3535355931842715e-06,1
0.09456105743345661,0.905315921123546,7.622878832734053e-06,1.4242615603578682e-07,0.00010543086541964176,4.801918618574339e-06,5.023353970444475e-06,1
0.10854344708171869,0.8910542141373575,9.136537991076418e-06,1.866089707396587e-07,0.00037922775294793186,6.419941320994553e-06,7.367939693069115e-06,1
0.16393390024038285,0.8354384723030138,9.18698665592042e-06,1.9366557509894862e-07,0.0006026658469476784,6.5294631037495644e-06,9.051494320966915e-06,1
0.2644385838033599,0.7355138303256354,1.3609613544006065e-05,2.2001950894198475e-07,9.69749232638079e-06,7.744531587894306e-06,1.6314214037309313e-05,1
0.3134583896957139,0.6865008560989299,1.4341217842085838e-05,2.1209054792483063e-07,9.656480981496095e-06,7.296588513499703e-06,9.24782747126454e-06,1
0.29161003268575225,0.7083477550852967,1.2069103886343408e-05,1.9511489447197292e-07,8.767874858150177e-06,6.712572114819016e-06,1.4467563197416848e-05,1
0.46078817275053535,0.5391582043578257,1.533158200728735e-05,2.4785767308086234e-07,1.1137976247720359e-05,8.527091226269831e-06,1.8378384484517933e-05,1
0.5007826878572917,0.4991697403470321,1.636163025328299e-05,2.518098938801898e-07,1.1315577129877814e-05,8.663060175236894e-06,1.0979718223872788e-05,0
0.49014661490007116,0.5097920482723596,2.0278896451807173e-05,2.61233969818238e-07,1.2439196076893722e-05,8.987278321272722e-06,1.937022274944948e-05,0
0.5091371863978259,0.490806363860157,1.985247464558923e-05,2.9359586275097216e-07,1.3550584221019573e-05,9.951366930216519e-06,1.2801720357478405e-05,0
0.3906077422000651,0.6093497796136643,1.2419282397150515e-05,2.359647665190141e-07,1.1416181742104561e-05,8.117937465009038e-06,1.0288819899878168e-05,0
0.3634877805327935,0.6364652527800245,1.794267308747635e-05,2.31138599229575e-07,1.0762589972355313e-05,7.951901980858985e-06,1.0078383542025899e-05,0
0.48815450918751285,0.5118040621198024,1.4773273753405665e-05,2.2736465978759297e-07,1.0586862668781021e-05,7.822066476861092e-06,8.019125126116464e-06,0
0.4762631746929914,0.5237011811606787,1.2774016631238372e-05,1.9659555451025388e-07,8.976120262044306e-06,6.763511523168076e-06,6.933902359006829e-06,0
0.5102869662284885,0.4896807563928185,1.1990979715385999e-05,1.7438536241826892e-07,7.962051781414627e-06,5.999410368794915e-06,6.1505514652175355e-06,0
0.6183893758904285,0.38158185498882957,8.794905513371395e-06,1.6338546529315686e-07,8.539678604778243e-06,5.5085647863620465e-06,5.762586372035996e-06,0
0.5575532500879619,0.44241227900284935,1.1329407513578246e-05,1.8011201084530736e-07,9.413926035094377e-06,6.213025563524699e-06,7.334438065651415e-06,0
0.5496282673504566,0.45033880234893353,1.1811764905345249e-05,1.7177903329909142e-07,8.978385762660498e-06,5.909744368591405e-06,6.058626540094824e-06,0
0.49155471745183943,0.5084186006767774,7.325440457996997e-06,1.44842274235399e-07,9.119984175270997e-06,4.983034297359436e-06,5.1085701785406574e-06,1
0.5799469725269867,0.420017179141815,1.036678592040093e-05,1.6624370375333596e-07,1.3817111838377868e-05,5.634793625449959e-06,5.8633961103386295e-06,1
0.5494605662359471,0.45049501131931174,1.1119034107362196e-05,1.7830689534448017e-07,2.0792567422445398e-05,6.043672840395848e-06,6.288863475759772e-06,1
0.26539478695294694,0.7344378883127352,1.0554834548840486e-05,1.9608016836937298e-07,0.00013919961078668778,6.610871467945125e-06,1.0763337346216235e-05,1
0.10377296084763996,0.8959819892052012,8.775385315577393e-06,1.4941219001108185e-07,0.00021914578670515674,1.0895068798363616e-05,6.084294149771146e-06,1
0.058710259432474814,0.9410296447289138,1.0010290640551694e-05,1.4587221855922234e-07,0.00023908143156466596,4.918103119038556e-06,5.940141068330413e-06,1
0.029285174035145606,0.9706645056596933,7.900721275963176e-06,8.361266121135143e-08,3.1952480779294714e-05,6.978692579844582e-06,3.404797864936448e-06,1
0.03032929338635495,0.9696355093849712,6.758517987717473e-06,8.234096554286841e-08,1.8834054489161585e-05,6.618191599838305e-06,2.9041236316439197e-06,1
0.027809683555794544,0.9720895007980264,3.4380919814225945e-05,8.95007978310894e-08,5.3379772395008885e-05,9.778676116550095e-06,3.186777055464164e-06,1
0.02913856545544418,0.9707382070292552,5.998354738436691e-05,8.754335850990954e-08,5.0622503453597636e-05,1.001256839698929e-05,2.52135270696239e-06,1
0.02698571438809804,0.9728642454242108,1.5563046553630657e-05,9.431762137504376e-08,0.00010560737856157383,2.61820354316669e-05,2.5934095228149487e-06,1
0.02757916282231503,0.9720918414300338,2.210907667864143e-05,1.312112814376087e-07,0.0002703730397736373,3.3070975189937185e-05,3.3114447278040735e-06,1
0.08969079932326941,0.9096958295314328,3.219889851955828e-05,2.281584427280775e-07,0.0005089255470781942,5.457685348804575e-05,1.7441687769412438e-05,1
0.09196010805619743,0.9075618920091718,2.8661361089326204e-05,2.2182067693059563e-07,0.0003810490765924956,4.848941444366568e-05,1.9578261828484567e-05,1
0.04522240459424056,0.9220343743807711,3.8801973896855044e-05,1.5435075480057593e-07,0.0326568758099943,3.216671522949642e-05,1.5222175112863516e-05,1
0.020058532844001255,0.9796719102241852,3.580218207486821e-05,1.4217067583972842e-07,0.00019512913384402277,3.4916151735909254e-05,3.5672934826479734e-06,1
0.01906699456560162,0.9807504695012572,2.680377481590979e-05,1.2167536022002752e-07,0.00012692908587004864,2.324805759088756e-05,5.433339504165477e-06,1
0.040291020605028656,0.9434200660840328,3.3994599533229804e-05,1.4682603315132866e-07,0.016223033921622006,2.805381835787564e-05,3.6841453922554583e-06,1
0.030797412495908054,0.9486695984225113,2.6876228235868113e-05,1.584155014504496e-07,0.02046324389046901,3.5636519581636067e-05,7.074027792805158e-06,1
0.027462212288311725,0.9457529974148574,2.8791077963409792e-05,1.5454365018904278e-07,0.026712045360404075,3.64462197121681e-05,7.353095101082641e-06,1
0.01171792487729394,0.9639573765518146,2.5727067470381397e-05,1.447961612603743e-07,0.02425467456008334,3.929820694613217e-05,4.853940230218055e-06,1
0.01101772011297222,0.9661945418611904,2.5722617041502697e-05,1.441329848593946e-07,0.022727628537736008,3.152776600154634e-05,2.714972073277493e-06,1
0.05421765256642829,0.8617824464008107,8.175728018190031e-05,5.344680073901833e-07,0.08384999440739788,6.250698170162253e-05,5.107895471956387e-06,1
0.04774225120633591,0.9180350608592309,5.555532407668422e-05,4.423354864782924e-07,0.03411073096734498,5.17319199221816e-05,4.2273876026757935e-06,1
0.009714049493500127,0.9863598990745831,4.79945750286225e-05,1.806861992016934e-07,0.0038199992547772498,5.211956873702743e-05,5.7573471748730844e-06,1
0.0052769955233320336,0.9893551349680113,4.36687980537056e-05,1.618290455750856e-07,0.005277316647629173,4.433939074253188e-05,2.382843186131879e-06,1
0.005450868960941237,0.9943081847752161,3.903603286833406e-05,1.446624421186708e-07,0.00016156411657987157,3.807140145704752e-05,2.1300504955399562e-06,1
0.005466342794127629,0.9942927146908261,3.903542552070083e-05,1.4466019136762408e-07,0.0001615616028617345,3.8070809117768404e-05,2.130017354848342e-06,1
0.013217971101443182,0.981213210360905,3.060946995798318e-05,2.3636863538771024e-07,0.005484982536396995,4.950976524413511e-05,3.480397417208817e-06,1
0.0140064812990741,0.9814499285165706,2.7513379308768614e-05,4.541464774779666e-07,0.004463651878007724,4.856928214291054e-05,3.4014984186654595e-06,1
0.004923855499074629,0.9948150704401323,2.4136394934997114e-05,2.212535733588658e-07,0.00020603244817123497,2.8437561433139368e-05,2.246402680602779e-06,1
0.005842859581989129,0.9939385868229804,2.6061206794846875e-05,1.8574067781710668e-07,0.00016192674629507525,2.814912292711505e-05,2.2307783356361977e-06,1
0.006853717004031336,0.9928900769230689,3.056998609140139e-05,2.4184550432293455e-07,0.00019035044316091418,3.290110719027433e-05,2.1426909529826938e-06,1
0.0027518294551525276,0.9955133755417029,3.25899746731446e-05,1.2938207682282542e-06,0.0014719154874993437,0.00022478101333225453,4.214706871524593e-06,1
0.2705588112665997,0.7293878059380993,1.2103961571565777e-05,1.9249347302664588e-07,2.5317537623117213e-05,6.4899455114721615e-06,9.278857121725515e-06,1
0.2685924948128201,0.731348532490225,1.4667319777395739e-05,2.0665021351791675e-07,2.871637039234494e-05,6.967242081396283e-06,8.415114490074497e-06,1
0.30956550263049554,0.6903266560044196,1.6323629110986856e-05,2.1192660245140998e-07,7.66479773452097e-05,7.18320538820713e-06,7.474626638098728e-06,1
0.19099876817304187,0.8087290914459283,1.5005746746093847e-05,2.0616608577694043e-07,0.00024256424611576315,7.092768197696281e-06,7.271453884484305e-06,1
0.15798961524941882,0.8418326148250747,9.89925368771697e-06,1.9573299729667587e-07,0.00015434704765318952,6.634326717684137e-06,6.6935644506706385e-06,1
0.24379915350243755,0.7561054672457929,9.110505041559294e-06,1.8922269657014156e-07,7.194788028728815e-05,6.6605055059931605e-06,7.4711382382241685e-06,1
0.26767729035868476,0.7322178642427287,8.613461287904145e-06,1.7889923382565743e-07,8.247085924831631e-05,6.297126896043672e-06,7.285051920350379e-06,1
0.07976482455724708,0.9201147869493889,7.506364176092586e-06,1.4024919179020377e-07,0.00010306678535012955,4.72852195160111e-06,4.946572694512142e-06,1
0.09201522088185839,0.9078567927988682,7.539142252262053e-06,1.4086161860342008e-07,0.00011058897247462597,4.749170010909533e-06,4.968172917037308e-06,1
0.09566789210210241,0.904260017109065,7.597412045593058e-06,1.4195033362293433e-07,5.471121440111129e-05,4.785876196543113e-06,4.854335855589775e-06,1
0.09368395637714692,0.9062467062152871,6.485805765247077e-06,1.3644974913377718e-07,5.259115135062839e-05,4.6004231884250825e-06,5.523577512464287e-06,1
0.12365383578457029,0.8762735773406526,6.789760209348558e-06,1.4284440681347167e-07,5.50558126050698e-05,4.8160200045310976e-06,5.782437551296882e-06,1
0.09739242594753054,0.9022825961136424,8.053589776687307e-06,1.7427451750659784e-07,0.00030640678449305375,5.187156165414176e-06,5.156133874545365e-06,1
0.25085544429352014,0.7489744855099516,1.0942964352338867e-05,2.235042766335772e-07,0.00014272807819378183,7.8671929536695e-06,8.308456751857206e-06,1
0.06714129897724691,0.9327675481534956,8.41958429435541e-06,1.2476606319810942e-07,7.313617547873751e-05,4.391677457064773e-06,5.080665964068467e-06,1
0.04950016073982847,0.950426328017578,6.791321024387922e-06,1.0979173743778287e-07,5.844011720801363e-05,3.864591748093177e-06,4.305420875676051e-06,1
0.14433621529001303,0.8556261097262046,1.1457150667798886e-05,1.6977840405341467e-07,7.4830853791574405e-06,5.9760801187891776e-06,1.2588889212413148e-05,1
0.25475899718494976,0.7451883079574405,1.748971864942594e-05,2.2530361278048968e-07,1.0522650682599007e-05,7.751159913296823e-06,1.6706024751874028e-05,1
0.45519566334819683,0.5447545408518559,1.727873735528856e-05,2.555331711354431e-07,1.2328311639368124e-05,8.79115273909261e-06,1.1142065042348021e-05,0
0.45519457222386184,0.5447532350508917,1.9836311103581564e-05,2.555325586110192e-07,1.2167711583621503e-05,8.791131666306865e-06,1.1142038334320487e-05,0
0.4313550814101042,0.5685862742895932,2.0569875360156674e-05,3.042054157408e-07,1.4040256112131929e-05,1.0465632551552547e-05,1.3264330863025032e-05,0
0.5720353429416476,0.42793309977354244,9.600605544240029e-06,1.887433780359595e-07,8.617607168868613e-06,6.493371711522083e-06,6.656957007347782e-06,0
0.4895831405142625,0.5103840906504548,1.1112888053455133e-05,1.76669840078374e-07,8.066356002657773e-06,6.218653807994725e-06,7.1942675785029925e-06,0
0.7370640886808864,0.26290709988161287,8.756290872987435e-06,1.6266811011786025e-07,8.670814127315115e-06,5.484379052025989e-06,5.7372853383751594e-06,0
0.6781274085303963,0.32184612221582165,8.056125551665766e-06,1.496609394743156e-07,7.822337932610178e-06,5.162605416768472e-06,5.2785239414862256e-06,0
0.6542923447763789,0.34567150989037443,1.2895232058704466e-05,1.8753594530223669e-07,9.996362057245606e-06,6.451832190303874e-06,6.6143709951586515e-06,0
0.620763705991199,0.3792073997568808,8.2576210839249e-06,1.6327381601527632e-07,9.180578568926425e-06,5.534129936438611e-06,5.7586485149811604e-06,1
0.5199030096285947,0.48006870282671305,8.174846262764485e-06,1.6163715083247295e-07,8.68930635636901e-06,5.560831397998203e-06,5.7009235241988665e-06,1
0.40363664777259844,0.5961721417059763,9.610394550469505e-06,1.785350374591309e-07,0.00016907327614854972,6.051405666989018e-06,6.296910021628555e-06,1
0.42417744302672666,0.5755542859925848,1.1930912775262488e-05,2.520668414992952e-07,0.00022757141638277711,2.2693638751366888e-05,5.822945937636502e-06,0
0.19042112794809396,0.8092811256356888,9.703651542689375e-06,1.6925112232238273e-07,0.000267122046069054,1.2592972771390657e-05,8.158494711681402e-06,1
0.07357080584873725,0.9261305472145482,1.2411816636255282e-05,1.6403275679694737e-07,0.0002688461634837696,1.054525772436893e-05,6.67966611343075e-06,1
0.05791185551766662,0.9417704989500554,1.2621420145960083e-05,1.6680284618344085e-07,0.0002867151372631959,1.1349703609397162e-05,6.792468413211883e-06,1
0.04215389832305255,0.9575782144202939,1.0186327594566952e-05,1.4843746885541137e-07,0.0002465032986777863,5.004590906825781e-06,6.044602005343946e-06,1
0.029984110503894865,0.9699654394512746,7.905340986545547e-06,9.082391814579142e-08,3.117485504430964e-05,7.580576846301773e-06,3.698448035355321e-06,1
0.02220855709650336,0.9777408250517309,1.286066751949359e-05,6.986581369207471e-08,2.3961246607040107e-05,7.606150368442898e-06,6.1199214568544915e-06,1
0.032469709896628125,0.9673830436504561,6.581888881433704e-05,9.605978358157415e-08,6.831845446618606e-05,1.0246413986832762e-05,2.7666358646293793e-06,1
0.020139574393308754,0.9797015817354187,4.166016333652758e-05,9.089637315587835e-08,0.00010482257848944957,9.65230956228969e-06,2.6179235113957315e-06,1
0.018867994575958835,0.9809293761738909,4.9909555926551835e-05,9.938820960520668e-08,0.00013028788907139572,1.9469918455284892e-05,2.8624984875336573e-06,1
0.026711256624657127,0.9731080620935619,1.9735818794345164e-05,9.827565564755672e-08,0.0001384759943513151,1.9540737367570126e-05,2.830455612088744e-06,1
0.027653986641410954,0.9720160426787043,1.8737475657343557e-05,1.1238774355625856e-07,0.00027563124646475754,3.239929441498133e-05,3.0902756042531725e-06,1
0.02378952630534189,0.9758288119123985,2.3255342888646997e-05,1.3600441635126004e-07,0.00032055896889684023,3.427905458733838e-05,3.4324114706447922e-06,1
0.03234671606682399,0.9672596657939841,2.693083121554561e-05,1.4147934505199697e-07,0.00033346323734764695,2.9512006299259174e-05,3.570584984252152e-06,1
0.03382314710938642,0.9657749592027313,2.2931638558790193e-05,1.4126217966864318e-07,0.0003329513840326179,4.230429883824393e-05,3.5651042728690344e-06,1
0.05249916556594039,0.9470189870004136,2.6892805423531993e-05,1.8009043070283535e-07,0.00040170602443242006,4.4804999292790544e-05,8.263514066569756e-06,1
0.16132175264497475,0.7938651371577137,4.6333024555687235e-05,3.477481763770457e-07,0.04467695268250672,5.667255036693338e-05,3.280419170584813e-05,1
0.026496670948726524,0.9418596132223302,4.365298930327919e-05,1.618183745809885e-07,0.03154343617399022,4.050621048384391e-05,1.5958636791464257e-05,1
0.01899860573473124,0.9442030515425768,4.2834631881353777e-05,1.7011889590158193e-07,0.03670780359607276,4.274226118496881e-05,4.792114657031555e-06,1
0.01773916599484463,0.9820031615727276,3.4493441574444805e-05,1.3728030428129952e-07,0.00018841710296469135,3.1180021477987164e-05,3.444586106565884e-06,1
0.03174209751351188,0.9680024671123278,3.420102547376228e-05,1.3621477286189372e-07,0.0001908307002014678,2.6849583521939993e-05,3.417850190276874e-06,1
0.009181759363031752,0.9714330323317162,2.3488592235036392e-05,1.3161494818037445e-07,0.01933042436742552,2.8684555532207003e-05,2.4791751109863326e-06,1
0.022913887903363964,0.9587176768086507,4.2370606224057996e-05,1.9569304504703583e-07,0.01828089997844851,3.683701964136405e-05,8.131990626266407e-06,1
0.05795822122946417,0.9237574152407538,4.966359964771696e-05,4.2563852938160883e-07,0.018179389633433313,5.026507442551675e-05,4.619583746076565e-06,1
0.052021793168684355,0.9295790412475397,4.997658539324886e-05,2.0251581140539112e-10,0.018293958248235615,5.058185073462204e-05,4.648696896816119e-06,1
0.05205540215669679,0.9210453792302702,4.7927309684529265e-05,4.10757773420432e-07,0.026798447188981445,4.850775629225656e-05,3.925600301447806e-06,1
0.03806940085054415,0.9437809280309111,5.136244782591155e-05,4.216707678587764e-07,0.018050795506142848,4.3516171462381214e-05,3.575322345744667e-06,1
0.010907703235604105,0.9840987931722753,5.085501651554974e-05,1.6721272613138179e-07,0.0048889993886622,4.4752064707168485e-05,8.729909509534943e-06,1
0.007762979307403608,0.9893579451323884,4.67804143468087e-05,1.761152226134803e-07,0.002779899862314598,4.926668482669254e-05,2.9524834973647322e-06,1
0.005829949325752527,0.9909899101955574,3.9973359686036054e-05,2.0071743004842152e-07,0.0030947945948596903,4.2614890074810794e-05,2.556916639312025e-06,1
0.005962108384420319,0.9882324035906029,4.138687293637869e-05,1.980744862365026e-07,0.005720741973621018,4.063901557271671e-05,2.5220883604140683e-06,1
0.005794456012460319,0.993919362936477,2.3190138511245337e-05,2.762525920872683e-07,0.00022803565002845895,3.2609936985528295e-05,2.069072945392316e-06,1
0.004074094775109282,0.9957054098968877,2.0563203024106207e-05,2.1797431041421272e-07,0.0001676619051523531,3.021210379307845e-05,1.840141723003175e-06,1
0.004992865867425999,0.9947564855600699,2.6082652212508605e-05,1.8589352133060616e-07,0.00019397148790804635,2.8175924848840893e-05,2.232614013219936e-06,1
0.009694178064459363,0.990015331126643,3.288897279198316e-05,4.020634200439497e-07,0.00013548035512817534,0.00011808688235668627,3.6325352007771224e-06,1
0.0023650798268962134,0.9974281830615223,3.5951784223080126e-05,6.530444542211586e-07,0.00011426158529418853,5.3490769101136e-05,2.3799285087875115e-06,1
0.0037204518179391882,0.9936952677182517,4.9533086623772616e-05,1.574550891027276e-06,0.0023948804787132416,0.0001327750552388441,5.517292342223711e-06,1
0.8703948718859139,0.12958776272495487,6.051667832243038e-06,7.856766373039832e-08,5.005394996643348e-06,3.4586862699662965e-06,2.771072368543563e-06,0
0.5918362071653782,0.4080674623145566,1.1752700552133517e-05,2.041979160924807e-07,6.7292818315577e-05,8.208362242434382e-06,8.872441038996239e-06,0
0.23926189721958066,0.760683472608995,1.3587274029285232e-05,1.914332762830634e-07,2.660180589016392e-05,6.454200823670002e-06,7.79545740460787e-06,1
0.22864468223016246,0.7712939562833604,1.573948679131415e-05,2.0434279272903645e-07,3.1284356509964176e-05,6.926153832476266e-06,7.207146550590025e-06,1
0.24406189971922224,0.7558790345358826,1.5424920658315135e-05,2.002588398678501e-07,2.948791921403237e-05,6.889540175191653e-06,7.063106007817854e-06,1
0.13822306130916673,0.8616137495797562,8.660728410738582e-06,1.7124425578765972e-07,0.00014269673962310936,5.804286232331156e-06,5.856112555127643e-06,1
0.290294652719567,0.7096109876127433,9.010605044015246e-06,2.0592954195372442e-07,7.273002801943544e-05,6.129345290803852e-06,6.28375979333954e-06,1
0.2515694237843588,0.7483234246811541,8.802919409770442e-06,1.828342271704961e-07,8.42848540617402e-05,6.435635887377221e-06,7.445290900754955e-06,1
0.10643381061702355,0.8934215579293094,9.572923828715554e-06,1.7886087039616867e-07,0.0001225088171540284,6.062449702432947e-06,6.308402111449184e-06,1
0.09970509642190765,0.8999589240639345,8.34312541064162e-06,1.5588327030196126e-07,0.00031678681943570885,5.362879631652345e-06,5.3308064095394614e-06,1
0.23335223093057902,0.7664548374431539,1.1790057994338185e-05,2.408057175960066e-07,0.00016364247331293925,8.306675786057821e-06,8.95161345626704e-06,1
0.2612153414167134,0.7386046887726788,1.0791455431497974e-05,2.2040978681657985e-07,0.0001531614107776863,7.603111161301648e-06,8.193423450477762e-06,1
0.2112241977191414,0.7886221037463274,1.2096727882536682e-05,2.2646922243590438e-07,0.00012498510603388652,7.97155695544796e-06,8.418674436911268e-06,1
0.06029350147430722,0.9396270924370516,6.712054183483492e-06,1.2565990626900062e-07,6.302816982017295e-05,4.423140102947518e-06,5.117064628505642e-06,1
0.10587892961456981,0.8940827681535843,1.0105394182624137e-05,1.296671633802138e-07,7.025446345599295e-06,4.564192727907188e-06,1.6477531426229707e-05,1
0.2026650560955982,0.7972857440838201,1.4676322345545592e-05,1.807529251825014e-07,1.157920399736925e-05,7.516234895511131e-06,1.5247306417919589e-05,1
0.2931014250775335,0.7068386423510004,1.809647236080971e-05,2.228753185056049e-07,1.3545276883420788e-05,9.26742912572194e-06,1.88005177776995e-05,1
0.3390910843901599,0.6608532227072534,1.6197957224778308e-05,2.618638845883879e-07,1.1317344877767978e-05,9.217424946052567e-06,1.86983116534282e-05,1
0.2243651028658098,0.7755929506949559,1.280205056612494e-05,1.8970787560964968e-07,8.361488837172494e-06,6.526553491598301e-06,1.4066638463751666e-05,1
0.6486906655742352,0.35127318410144653,1.0887130100008606e-05,2.1403584416875015e-07,9.966228219143952e-06,7.533910806716647e-06,7.549019348330728e-06,0
0.6547402857117451,0.3452227730994623,1.1628820948446829e-05,2.1603191968170054e-07,1.0044731003762619e-05,7.432184220946324e-06,7.619420699686212e-06,0
0.6547402857117451,0.3452227730994623,1.1628820948446829e-05,2.1603191968170054e-07,1.0044731003762619e-05,7.432184220946324e-06,7.619420699686212e-06,0
0.7526908245370866,0.24727951935445652,8.941935848307175e-06,1.6611688971257422e-07,8.841934929502505e-06,5.847197395577373e-06,5.858923393859443e-06,0
0.6760076496424807,0.3239533678879891,1.390741060211348e-05,2.0225610381421316e-07,1.0781001150239836e-05,6.958252398871817e-06,7.133549275081682e-06,1
0.5296410512467051,0.4703259053996656,9.93821978214492e-06,1.8568607378769523e-07,9.982130796928623e-06,6.388190734442119e-06,6.549126241835047e-06,1
0.5026644408609422,0.49728678423294864,1.0475297055720451e-05,1.6798380846587728e-07,2.6513081753233318e-05,5.69377409039672e-06,5.9247694013129176e-06,1
0.2057650928593503,0.7940613548827148,1.2166603542448842e-05,2.260224601387859e-07,0.0001455674658310058,7.620380200977293e-06,7.971785900495085e-06,0
0.21256506577203382,0.7872540011673098,1.0126525280748883e-05,1.945720487665718e-07,0.00014949213920463448,1.4842158395030603e-05,6.2776657270811965e-06,1
0.3963170912657569,0.6033913694958304,1.1798386977319105e-05,2.456373356711245e-07,0.00025055411570957544,2.211478878543545e-05,6.826309604701784e-06,0
0.43650428333608626,0.5629826793360186,1.0041599147093693e-05,2.0948125321577747e-07,0.00047875246883722077,1.710163531013594e-05,6.932143347438523e-06,0
0.034395676662512746,0.9653534098890514,9.969868079885717e-06,1.3176032114980933e-07,0.00022648101893156243,8.965318198975542e-06,5.365482903933695e-06,1
0.02871349450545788,0.9712385149256473,7.306421064145077e-06,8.559994216016083e-08,2.9381751449664353e-05,7.73107434724228e-06,3.485722091405345e-06,1
0.030774763893876435,0.9691709239795668,7.2908670165982345e-06,8.541771538200542e-08,3.6763267325788256e-05,6.694272878610826e-06,3.478301620196691e-06,1
0.025190469568667363,0.9747432470597968,7.657498316304165e-06,8.228340452148669e-08,4.485959966392155e-05,7.5828312757307985e-06,6.101158875399982e-06,1
0.02246369779029874,0.9774020902937216,4.327630077042392e-05,7.162442282924261e-08,7.764736335777083e-05,6.94108475741852e-06,6.27554267126462e-06,1
0.026039009922967753,0.9738563593738715,3.8655476186602026e-05,8.946997422650233e-08,5.397777589387555e-05,8.72247723713736e-06,3.1855038687751206e-06,1
0.028062024946814066,0.9718115268278669,6.018373095822099e-05,8.947520461967714e-08,5.336450817577118e-05,1.0233518810998321e-05,2.5769921695236293e-06,1
0.026630520903607506,0.9732586369199727,4.635251828107553e-05,8.824697778798662e-08,5.17667501644676e-05,1.0093043218461775e-05,2.5416177779129147e-06,1
0.03504503819391135,0.9129015431820695,2.8928654641854283e-05,1.6463482136636854e-07,0.051976306089683594,4.3492303798418384e-05,4.526941074151877e-06,1
0.029054111723855424,0.9061434518779029,2.5966658317087937e-05,1.4777791108647554e-07,0.06473171643002205,4.054210306432322e-05,4.063428927110247e-06,1
0.01599946790448949,0.983631637577097,2.3465648557351995e-05,1.1630563886656269e-07,0.0003113899340488661,3.0724625946332784e-05,3.198004222288734e-06,1
0.03270400759382141,0.9669489597625014,2.749163659157461e-05,1.3816952155366714e-07,0.0002842515026570468,3.1664281593614346e-05,3.4870533133971725e-06,1
0.02621224550231594,0.9733921792414244,2.729471100157696e-05,1.4097499706648022e-07,0.00033227450190405003,3.23072118552437e-05,3.557856501919539e-06,1
0.0525516675658751,0.9469480137922596,2.6890789974313583e-05,1.800769340403605e-07,0.00042018323875398953,4.480164143557248e-05,8.262894767366697e-06,1
0.0688610164121635,0.9305375862416884,3.4964860037255455e-05,2.341457726111302e-07,0.0004972009593370434,5.825351816478517e-05,1.0743862836291494e-05,1
0.04335608205789525,0.9263328333628065,4.183259995887268e-05,1.5507032709288017e-07,0.030228031753501066,3.126616069297591e-05,9.798994818238236e-06,1
0.014610119162604924,0.9625321418910153,2.5533845191393704e-05,1.4701624296770243e-07,0.022785591017511916,3.989559280513224e-05,6.571474628376249e-06,1
0.021552875532277065,0.9656760202634673,4.033820913096903e-05,1.8056542805181972e-07,0.012692196118124057,3.1827406510370245e-05,6.561905062094876e-06,1
0.0362306276953488,0.9396114048872256,6.095703313188406e-05,2.80692508103014e-07,0.024032995542063677,5.8321798125162734e-05,5.4123515965425375e-06,1
0.04328467057860194,0.9329259137808065,4.441614650748105e-05,4.0558092709629365e-07,0.023689933337329515,5.025868330792998e-05,4.4018925195865e-06,1
0.04683373657427938,0.9388828581081363,4.486530481875803e-05,2.50163071060481e-07,0.01418621766446431,4.7898926860351586e-05,4.173258369785382e-06,1
0.030609681040686773,0.9543543531847167,5.961060590859526e-05,2.791881023623733e-07,0.014905805241781176,6.178778085290875e-05,8.482957951343078e-06,1
0.02254097389201384,0.7487273465305478,4.748704284307019e-05,3.669665929964815e-07,0.22863078075755844,4.9221425479878206e-05,3.823384964085205e-06,1
0.014368940515283441,0.9772109866064538,5.009905617795266e-05,1.6472710725722107e-07,0.00831952851185812,4.55982326352058e-05,4.682350484272305e-06,1
0.005984562371749874,0.9917918777468541,3.676010905326064e-05,1.7712350327590432e-07,0.0021461350783151074,3.821146995225026e-05,2.2761005719402178e-06,1
0.005399742408721017,0.9916522262325683,3.652028196158326e-05,1.6083695498451623e-07,0.002866421762248746,4.2560242344232985e-05,2.3682352009252495e-06,1
0.005168556899793681,0.9945908769007563,3.8280393583030065e-05,1.4186214156708584e-07,0.0001584366421770559,4.161848346604173e-05,2.0888180824118054e-06,1
0.004218044601665181,0.9955626743217688,2.6548319908519052e-05,2.1794306353310827e-07,0.00015902752655847673,3.164740909903949e-05,1.8398779364609682e-06,1
0.003962194140478751,0.995807911874291,2.5350064433979385e-05,1.9124003137166802e-07,0.00017488716660414905,2.7295607947624777e-05,2.169906213149143e-06,1
0.005745306400185057,0.9939648185796175,2.8590967278154118e-05,2.1568929315586028e-07,0.00022494344534563775,3.4095931964875035e-05,2.0289863155280378e-06,1
0.008597682958039369,0.9911488968442745,3.292663060481994e-05,2.3467120056704492e-07,0.00018165331958247717,3.4968881851393254e-05,3.6366944468435493e-06,1
0.8510622799338937,0.14892081295627346,6.215386148697601e-06,8.069318779918093e-08,4.2127355758519655e-06,3.5522555650697785e-06,2.8460393554185775e-06,0
0.7993268715764287,0.20064682608517412,9.370081846682606e-06,1.2165000790924165e-07,7.164778327181199e-06,5.355246574987502e-06,4.290581640649942e-06,0
0.6928893872217522,0.30708310146148293,8.592431565188449e-06,1.2789022129585272e-07,8.722595531487241e-06,5.629951706044887e-06,4.43844774089036e-06,0
0.3077382602731807,0.692215502295472,1.560492433650811e-05,2.0259579372099284e-07,1.645383439169446e-05,6.830546726748971e-06,7.145530098614635e-06,1
0.20039096618920113,0.7995553175837171,1.4439144793180157e-05,2.1711202432845672e-07,2.61020404104203e-05,6.33294639514281e-06,6.624983458819558e-06,1
0.2063225576136958,0.7936200172583372,1.4996476286870165e-05,1.9469642728407915e-07,2.866885937620652e-05,6.698175514374831e-06,6.866920362458478e-06,1
0.2222209849412987,0.7777153931836935,1.6710722906774004e-05,2.1695216829914022e-07,3.15784784747897e-05,7.463843696379214e-06,7.651877761470916e-06,1
0.16102158845030054,0.8385483536181366,1.7182374527034385e-05,2.2213822208541463e-07,0.0003975275376938311,7.5293259805670325e-06,7.5965551390008905e-06,1
0.16654373977767162,0.8331807657760746,1.339579418254369e-05,2.4700843349477044e-07,0.0002485509300904441,6.645464967292496e-06,6.655248579875082e-06,1
0.33803028411784936,0.6618891678678268,8.191724892800564e-06,1.990265277557692e-07,6.14402408302179e-05,5.354569473802335e-06,5.3624525991421055e-06,1
0.4252114258589812,0.5747029240657003,7.68691724354185e-06,1.59655167578455e-07,6.0705460245481885e-05,5.619749332355499e-06,1.147829332958855e-05,1
0.18391617240014538,0.8159370892707335,9.573949125224506e-06,1.8930091271135617e-07,0.00012378590521733025,6.512552675257529e-06,6.676621190551677e-06,1
0.3319694510402952,0.6679419794841159,8.453945483443316e-06,1.671556402792499e-07,6.83021294962822e-05,5.750684963389025e-06,5.895560005621264e-06,1
0.06151622076463825,0.938399710242915,3.667394861248674e-06,9.612053082033151e-08,7.46735998731587e-05,2.5023067659850295e-06,3.129570415859252e-06,1
0.09655179078800931,0.903063747569019,9.554083109979297e-06,1.5549262763208836e-07,0.00036326326345459555,5.349440283007314e-06,6.139363496669241e-06,1
0.10496049935177633,0.8945642013598167,7.975412610335775e-06,1.493119056663026e-07,0.00045624516307943676,5.034072671410723e-06,5.895328140153238e-06,1
0.2256252947932063,0.7742542432641691,1.0519525656355385e-05,2.148557645488033e-07,9.449670727911301e-05,7.243893430892617e-06,7.986960493680177e-06,1
0.2440649008268194,0.7557564361314373,1.1282243730299404e-05,2.3043387902523197e-07,0.00015047319909938822,8.111110072073164e-06,8.566054962709428e-06,1
0.24676279849376864,0.7530805098317093,1.212409109977738e-05,2.269815036570759e-07,0.00012809399945985724,7.808884688949456e-06,8.437717769929322e-06,1
0.1761911861752555,0.8237627447967886,1.5464378899394187e-05,1.9921306370209927e-07,8.780435725248866e-06,6.853562153382714e-06,1.477143811424991e-05,1
0.15787499346025266,0.842087062625675,1.158048014321951e-05,1.7160596852531324e-07,7.56363638359985e-06,5.9037903906664246e-06,1.2724401186350863e-05,1
0.4537010045381256,0.5462585891807417,1.1442038222864505e-05,2.2623770510329324e-07,1.1090020693984526e-05,7.7832956561661e-06,9.864688854647134e-06,0
0.5619963847683579,0.4379562283559956,1.3614093336641312e-05,2.676466555587387e-07,1.2626988797428455e-05,9.207895079410403e-06,1.1670251777299511e-05,0
0.5581279542592984,0.4418196272089332,1.8013734022024672e-05,3.20444682242747e-07,1.2458159337907316e-05,9.537806404236483e-06,1.2088387322035683e-05,0
0.6201241296076679,0.3798314475731418,1.4345161085303947e-05,2.4682584129828074e-07,1.1091608839589777e-05,8.688095586774372e-06,1.005112783710677e-05,0
0.6617777293545398,0.3381850491960361,1.1753812756409098e-05,2.1835392810699855e-07,1.0035896386415979e-05,7.512068686190309e-06,7.701317666979884e-06,0
0.527203082683197,0.47275789568068427,1.3169104258246503e-05,2.0935903719074008e-07,9.748460368806769e-06,7.3692904985182765e-06,8.525421955777919e-06,0
0.5319522911368388,0.4680051127659454,1.437542094661684e-05,2.2853675007627563e-07,1.0641439131689936e-05,8.044332470658849e-06,9.306367916792215e-06,0
0.7350810255298597,0.26488536239997057,1.0175756978839354e-05,1.8903793635645715e-07,1.0076423756140366e-05,6.503505453355127e-06,6.667346045077815e-06,1
0.547287494315713,0.4526688459573088,1.532332408790823e-05,2.2284779792377852e-07,1.258706707735936e-05,7.666672081801798e-06,7.859815933134803e-06,1
0.5429923763852138,0.45697374729596874,1.018874493176662e-05,1.9036689514585284e-07,1.023376286648064e-05,6.549225856892656e-06,6.714218267126625e-06,1
0.4291211213002432,0.5708475046571293,9.269149901934988e-06,1.731851468743067e-07,9.86536843427282e-06,5.958119141828485e-06,6.10822000247247e-06,1
0.447095727128669,0.5528507189101926,1.1645745858671404e-05,1.8675334277962334e-07,2.8804729930963953e-05,6.329963310896075e-06,6.5867686951410765e-06,1
0.419253745013982,0.5804445885761282,1.0175741225564957e-05,2.3629582630871131e-07,0.00026148606635654305,2.2186585522419897e-05,7.581720958979686e-06,0
0.09692517424289343,0.9028193692030216,1.0182840811964993e-05,1.3990152857477595e-07,0.0002292955989845526,1.014120736978379e-05,5.697005390178785e-06,1
0.031749250808678436,0.9682009699131737,7.545863919430822e-06,8.693563328814508e-08,3.1793132076065103e-05,6.813233642494347e-06,3.540112876663098e-06,1
0.02519080654945412,0.9747562865049483,7.479188595503704e-06,8.228450525231337e-08,3.5414752663805254e-05,6.580005913282972e-06,3.3507139198960644e-06,1
0.022105795698250254,0.9778248542858485,1.1571409302701612e-05,7.167339366863087e-08,4.465776309122398e-05,6.7709130288950395e-06,6.278257084809274e-06,1
0.022751570470938908,0.9771357418750315,4.3318800895569e-05,8.733589241715531e-08,5.782837657030242e-05,7.896728810740701e-06,3.556411860670197e-06,1
0.024937287334506366,0.9749540049080563,4.348015474221766e-05,8.766120110300684e-08,5.35020369366734e-05,8.546138945624101e-06,3.0917656117232705e-06,1
0.02471264704335286,0.9751278826191382,3.509863719516359e-05,1.00170335852243e-07,0.00011074939124673792,1.0637114078757347e-05,2.8850246524388918e-06,1
0.01829800288489738,0.9815501023170898,2.506107776727147e-05,9.218805242461743e-08,0.00010602698232769463,1.8059424456769806e-05,2.655125408560705e-06,1
0.03736165361287434,0.9348551010482691,3.16463349940856e-05,1.8010131384103596e-07,0.027696291357428727,4.9409860878941234e-05,5.71768424136527e-06,1
0.029752920686239435,0.9699200327310878,2.8600752292973027e-05,1.363260211757102e-07,0.00026467354289364106,3.0195433492526815e-05,3.440527972432546e-06,1
0.04970009802977293,0.9498976107942609,2.3200584526174762e-05,1.4051091221204697e-07,0.0003311806656418985,4.272604348864963e-05,5.043371397157483e-06,1
0.052500195153986046,0.9470375594751856,2.6893332832123727e-05,1.8009396254858167e-07,0.00038242369252028873,4.4805877986597585e-05,7.942373526824557e-06,1
0.08940683510209946,0.9100295360273278,3.184505868218239e-05,2.289854509506335e-07,0.00046482619871085105,5.2475492114923784e-05,1.4253135613981759e-05,1
0.08553730595859481,0.9139756140337683,3.8160523936415656e-05,2.1674725018740316e-07,0.00037778544871362296,4.844051501686814e-05,2.2476772719823955e-05,1
0.01081159298832565,0.9726787651474714,2.6148000304722614e-05,1.6115911190658715e-07,0.01643923586780193,3.739989797453658e-05,6.6969390100030875e-06,1
0.04605705464879419,0.9315161314323939,4.368830586619386e-05,2.2454768450438551e-07,0.022329136203980963,4.943510190419581e-05,4.329759375983115e-06,1
0.01841186305664638,0.9692683667133629,4.171644703112391e-05,1.7911802798914858e-07,0.012234779851008825,3.9641035440091334e-05,3.45377848275463e-06,1
0.0177557711009758,0.9676948043435835,4.948393225079771e-05,2.0076721530389557e-07,0.014447916144128579,4.443226841215741e-05,7.391443434196373e-06,1
0.012048950237444801,0.9797842695757666,4.930255547070734e-05,1.6516088201569078e-07,0.008065834753312833,4.571830614755794e-05,5.759410975514564e-06,1
0.005526184686572076,0.9942414193100909,3.5674266365275686e-05,1.3279658307058417e-07,0.0001553100436463616,3.907496811008224e-05,2.2039286322605044e-06,1
0.004689504863968919,0.9950872425419145,3.646030364288916e-05,1.351171258400908e-07,0.00015090357076412246,3.376410001032688e-05,1.989502573276927e-06,1
0.009990458622511703,0.9896617767235514,3.3599368738407085e-05,1.2107323835568648e-07,0.00027769684482215767,3.426449829619547e-05,2.0828688417358878e-06,1
0.00784619009980871,0.9919307768020975,2.394218777605523e-05,1.2682504128956493e-07,0.00017119377772123077,2.569034533155441e-05,2.079962223708451e-06,1
0.007386700391013097,0.9923196695690286,3.2079942353400325e-05,2.2863677357536948e-07,0.00022362248515728295,3.542239078582713e-05,2.2765848879730484e-06,1
0.010009301171399095,0.9897354725183708,3.287967570145973e-05,2.3433654854399716e-07,0.00018139427351826167,3.708651611009643e-05,3.6315083517841554e-06,1
0.011849386827322514,0.9879161760187062,3.2819237452478346e-05,5.117261091892784e-07,0.00014528763221489198,5.170204386672208e-05,4.116514328015343e-06,1
0.8379870937140074,0.16199457060530212,6.740556896862797e-06,8.751138071503224e-08,4.568691817549983e-06,3.852404368080608e-06,3.0865162271421407e-06,0
0.3899745464731607,0.6098672053235454,1.077800954526437e-05,1.971972400329711e-07,0.00013574381437478358,5.3468188503175295e-06,6.182363283329977e-06,1
0.16830700834704201,0.8315224449974401,9.713093020480375e-06,2.0173828399060392e-07,0.00013857209832502054,7.10104535895857e-06,1.4958680529598104e-05,0
0.1904577420250931,0.8093963064768384,9.916080326702702e-06,1.949454635036713e-07,0.00012063348227279293,6.706743151344515e-06,8.500246854124815e-06,1
0.3803087069513452,0.6196034033405868,8.560892999485868e-06,1.6927026008078272e-07,6.736596780698481e-05,5.823434601245361e-06,5.9701424002576914e-06,1
0.15335560377240476,0.8464999572588531,8.965780429730914e-06,1.772758969489382e-07,0.00012294455819542488,6.098853937877639e-06,6.252500282172871e-06,1
0.0856377830226068,0.9142402598718006,7.671917668045446e-06,1.4334239948699863e-07,0.00010422761677960896,4.858558974867844e-06,5.055669770481809e-06,1
0.10599698352468297,0.8939358120087433,7.144839239875262e-06,1.334944462267027e-07,5.086018188502444e-05,4.5007847199864464e-06,4.565166282467159e-06,1
0.05238253325440626,0.9475479972300425,3.698609605816266e-06,7.781212868902212e-08,6.045128001122303e-05,2.623447264902899e-06,2.6183665405299944e-06,1
0.10463768202886664,0.8949100050195635,8.852251782808474e-06,1.5791412593813023e-07,0.00042616698957390113,1.1156886869466816e-05,5.9789092177003755e-06,1
0.11292789235483189,0.8866917928614633,7.707070333072934e-06,1.5741284758817672e-07,0.00036092792327956,5.307197109543158e-06,6.2151801349466435e-06,1
0.06460042915410005,0.9353138841170718,7.969040541654475e-06,1.1612666058769486e-07,6.509826078036736e-05,4.087576576471796e-06,8.415724269000588e-06,1
0.11359453421364718,0.8863424949874238,8.717060315655231e-06,1.2393559383419295e-07,7.3216866570522085e-06,4.362445520985297e-06,4.2445670841475006e-05,1
0.15735742612085155,0.8425894439133931,1.1792924306668974e-05,1.4192747183522447e-07,9.033851364598223e-06,5.901759074507414e-06,2.625950353799996e-05,1
0.19018146209688364,0.8097816755366636,1.24903130282604e-05,1.8508835928910833e-07,8.15788161585131e-06,6.514714033045337e-06,9.514369416351363e-06,1
0.20763444183320678,0.7923244338967937,1.255120439976746e-05,1.8599068127428242e-07,8.197652004236093e-06,6.398409227621841e-06,1.3791013686772141e-05,1
0.2771562039465063,0.7227942053142213,1.734475399512558e-05,2.5650945996613934e-07,1.1980099458425454e-05,8.824740978336915e-06,1.1184635380667112e-05,1
0.20278708732130807,0.7971697987617248,1.4526255545376929e-05,1.8712810195225572e-07,8.087381262459907e-06,6.437801083628467e-06,1.3875350973760786e-05,1
0.3609425462508194,0.6389979263469188,1.8238464439831737e-05,2.7026766730776334e-07,1.1680542075883572e-05,9.298066208717206e-06,2.0040061870085276e-05,0
0.6502328207233499,0.3497040352113915,1.8236181541397918e-05,3.5851473021568816e-07,1.6765200388406887e-05,1.2151777606246539e-05,1.5632390992344992e-05,0
0.5190830135652199,0.4808527761434831,1.954273844182335e-05,2.8925296013714513e-07,1.2748998372014955e-05,1.018150025625562e-05,2.1447801266782135e-05,0
0.5707801654588089,0.42917211259353233,1.3826876218185432e-05,3.1419573039060227e-07,1.237641169513849e-05,9.351810829031393e-06,1.1852653185907144e-05,0
0.6783513312436621,0.3216077892790853,1.2490525161116863e-05,2.455578350228908e-07,1.1034628462094478e-05,8.44796949208179e-06,8.660796302232896e-06,0
0.591077598297162,0.4088762408255771,1.584485029889054e-05,2.518973605156069e-07,1.131950761665934e-05,8.86660948750102e-06,9.87801249712595e-06,0
0.6148528000623372,0.38511827695063816,8.634922527263259e-06,1.6041341578284362e-07,9.032711248035017e-06,5.437177302251262e-06,5.657762531222388e-06,1
0.6060654630840252,0.39390586729031263,8.687491555176471e-06,1.6139000559072171e-07,8.57620854455356e-06,5.5523288166725735e-06,5.692206740245815e-06,1
0.4599224098930235,0.5400463506744487,9.229380682297636e-06,1.7244209727247283e-07,9.823041143397516e-06,5.932555875371071e-06,6.0820127293739e-06,1
0.46351016177958265,0.5364569457159258,9.717764408091914e-06,1.8156707725203345e-07,1.0342839123065277e-05,6.246484170414066e-06,6.403849712736947e-06,1
0.4457128834521571,0.5542504620806272,8.896622703257374e-06,1.662248346234291e-07,1.6094735019012663e-05,5.634154060458835e-06,5.862730598319818e-06,1
0.18353454640294015,0.8161789581334271,1.033665566926397e-05,1.8443625138442017e-07,0.0002458321870752506,1.4831537441215554e-05,1.5310647195712225e-05,1
0.2009532317311279,0.7988454852435449,8.91776780409262e-06,1.8815716971544846e-07,0.00017028242494487495,1.5823979113231726e-05,6.070696295357112e-06,0
0.03297116711081524,0.9669829267355688,7.386226579250237e-06,8.742231555819571e-08,2.826752409613362e-05,6.60504952060808e-06,3.5599311043090545e-06,1
0.02843341593483053,0.9714916598742943,9.82347131701898e-06,8.683142725711102e-08,5.3822696326386126e-05,7.655322309905957e-06,3.535869494538446e-06,1
0.02245385602085498,0.9774636802687963,1.3793413269507867e-05,8.736520338291973e-08,5.7322944806941685e-05,7.70238163408704e-06,3.557605434851524e-06,1
0.02638610518747611,0.9734482797526589,4.238516848465658e-05,9.901356927905499e-08,0.00010976489267477914,1.0514276734779126e-05,2.8517084011518053e-06,1
0.02183025206829763,0.9780149445869812,2.7042848151876913e-05,9.947806420328691e-08,0.00011441134374652067,1.0384588351771857e-05,2.865086406685484e-06,1
0.01874425860418453,0.9810685793653202,2.4701806212129404e-05,1.0572723384239065e-07,0.00013859770861554264,2.0711718518635474e-05,3.0450699149037276e-06,1
0.02047959201238348,0.97934836229046,2.2004674457328696e-05,1.050545950473658e-07,0.00012555395549992897,2.0888634500074715e-05,3.493378103891559e-06,1
0.022786210717514938,0.9770040660468656,1.9825366178935905e-05,1.1718142647385428e-07,0.00015678658909606562,2.9619134650222523e-05,3.374964267701957e-06,1
0.02196570161183889,0.977813704853853,2.0826483468585875e-05,1.1344241236581658e-07,0.00016850694982147642,2.7879382385356715e-05,3.2672762202802406e-06,1
0.023139160527929904,0.9764580403957426,2.9855571788562954e-05,1.4377179684366806e-07,0.0003388664882294854,3.030480377632457e-05,3.628440736563235e-06,1
0.02441034774912324,0.9751629144803218,2.761617621028515e-05,1.4263533913245755e-07,0.0003633219744789151,3.2057225141596455e-05,3.5997593849681e-06,1
0.061138365735550385,0.9384124133625759,3.139108369583004e-05,1.784537564918745e-07,0.00036225000728833557,4.4293552765869635e-05,1.1107804367236911e-05,1
0.047357505787309274,0.9072565006545554,3.5559764305669396e-05,2.019471789482469e-07,0.045283824662170985,4.1762019885024885e-05,2.4645164594491427e-05,1
0.02189964212741959,0.9482318780525658,3.108556338575535e-05,1.432948919534178e-07,0.029800094357219562,3.319985562572881e-05,3.956748891343878e-06,1
0.01906027517096853,0.9688738125187101,3.3154677174697354e-05,1.7737135553088213e-07,0.011977528452886676,4.590303540988966e-05,9.148773494505899e-06,1
0.025708947134974666,0.9542698089112147,3.9949443088245036e-05,2.0830307777929392e-07,0.019932707597940455,4.123477971973815e-05,7.143829984444647e-06,1
0.010056946856981693,0.9818807487539194,4.381951140676833e-05,1.663212872272264e-07,0.007966843102292252,4.603951877411177e-05,5.435935338622125e-06,1
0.009274274084626806,0.9205426859684706,4.108210776044256e-05,1.5593120108749184e-07,0.07008329803093404,4.316343132992656e-05,1.5340445677299128e-05,1
0.010501283486961846,0.9861787867993558,4.8162264800109605e-05,1.6319759198303327e-07,0.0032158074445111395,4.29693384735932e-05,1.2827468305578392e-05,1
0.010393652237644503,0.9846269804386638,5.316718976052312e-05,1.604642305523366e-07,0.004876371543611873,4.4583312575868e-05,5.084813512855809e-06,1
0.006342269472059927,0.990506562443787,3.743029545499489e-05,1.3933179174707226e-07,0.0030699028176694285,4.1383224483097055e-05,2.3124147536087936e-06,1
0.005606837082171776,0.9941674230970283,3.510053972358225e-05,1.3084192916189225e-07,0.00014495587324287845,4.3381077246102645e-05,2.1714886581593917e-06,1
0.008442756396929544,0.9912505058682264,2.723507027578367e-05,1.1165365191998872e-07,0.00024705439313461224,3.0483583052770323e-05,1.8530347293056198e-06,1
0.010435760628353653,0.9892217372910025,3.22075790921089e-05,1.6884471203195214e-07,0.0002721749654618899,3.604919694501217e-05,1.9014944328612812e-06,1
0.007846263829195201,0.9919400978160784,2.3942412756943223e-05,1.3300015043177708e-07,0.00016216916967260128,2.56905867395978e-05,1.7031854067754712e-06,1
0.004310262193752728,0.9954642029085389,2.6016009469373497e-05,2.153629378117636e-07,0.00016624881842723863,3.123661038961042e-05,1.818096484410872e-06,1
0.005883171871367931,0.9938239996532899,3.0507583743333522e-05,2.4135182639667424e-07,0.0002229815683695121,3.695965431347419e-05,2.138317089473234e-06,1
0.8068341641214207,0.1931465889200259,7.372343848694342e-06,8.921167515896669e-08,4.711663304913904e-06,3.927254309760376e-06,3.1464854145694595e-06,0
0.7428933021453902,0.25707977365944945,9.992981022982445e-06,1.297369906019663e-07,6.514418838328197e-06,5.711249727897341e-06,4.5758085803435655e-06,0
0.7874062418814604,0.21257353423204736,6.8329669201307284e-06,9.98886495824253e-08,5.37069642256548e-06,4.397273438366722e-06,3.523061061594149e-06,0
0.3583421537974463,0.6416167791241298,1.1520754263772201e-05,1.8321852618317352e-07,1.2465732649834405e-05,8.06560066604121e-06,8.83177231817861e-06,1
0.20039094029118248,0.799555214251222,1.443914292710182e-05,2.1711199626945106e-07,2.6102037037059002e-05,6.4621830325355866e-06,6.624982602623551e-06,0
0.39181241867295385,0.6081043188138986,1.0737978647166632e-05,1.652603818674014e-07,6.084507760274023e-05,5.685482054097148e-06,5.828714461704562e-06,1
0.10318400020524277,0.8966897794099505,8.364496234560184e-06,1.5628256358325654e-07,0.0001068903751751867,5.2971629792039015e-06,5.51206785423552e-06,1
0.09976244579551752,0.9001144895958515,7.952945999812201e-06,1.4859314345249503e-07,0.00010471236708928854,5.009839498566102e-06,5.240862899897142e-06,1
0.09886644043498169,0.9010260192041868,7.310581419355634e-06,1.3659117936838855e-07,9.067044168198001e-05,4.605191529407611e-06,4.817555021533286e-06,1
0.0531537317997065,0.9467715582758329,3.769297464327081e-06,7.929927475995262e-08,6.551933232573675e-05,2.6735866115320806e-06,2.668408784311381e-06,1
0.054979667453496264,0.9449448471432088,3.781008319450824e-06,7.95456501991215e-08,6.572289477097563e-05,2.6818931953888212e-06,3.2200613591707453e-06,1
0.06350061268408505,0.9363990850887608,5.007972052513019e-06,9.356913898607198e-08,8.878178678543635e-05,3.2190755855173983e-06,3.1998235915619326e-06,1
0.09380908907969346,0.9055785442125729,7.754337536422089e-06,1.53322641881305e-07,0.0005937765899148305,5.274785880637456e-06,5.407671759813321e-06,1
0.1268212918046764,0.872830182500435,8.342801914031871e-06,1.5587722607908616e-07,0.0003294409926294052,5.2554234064479645e-06,5.3305997126823774e-06,1
0.10126363697751,0.8986747733459676,8.877699699261021e-06,1.1569560887712665e-07,8.900250433896578e-06,4.0724038601769335e-06,3.962362692006324e-05,1
0.2069803169088376,0.7929827584276463,1.256163291287979e-05,1.8614521674328297e-07,8.204463248694678e-06,6.40372552177203e-06,9.568696615955178e-06,1
0.1386920303800129,0.861274632780095,1.021399802544702e-05,1.5135666592460743e-07,6.541396842525318e-06,5.207150536692297e-06,1.1222937821665405e-05,1
0.1744289155142957,0.8255290380407375,1.2882513977225346e-05,1.9090020963996088e-07,8.250406554266203e-06,6.567574166680842e-06,1.4155050059039734e-05,1
0.22523874808068356,0.774715800010846,1.3925906135073588e-05,2.0636178986940699e-07,8.918630901858581e-06,7.099501040093589e-06,1.5301508603673298e-05,1
0.6518937924727771,0.3480537613362404,2.0737280602830995e-05,2.603310672580415e-07,1.3310517220753373e-05,8.956215605305414e-06,9.18184648620399e-06,0
0.6485458109433175,0.3514053758899712,1.6120482881781457e-05,2.562792965258943e-07,1.3183495638295392e-05,8.816821822448115e-06,1.0436087071906998e-05,0
0.7151333130688804,0.2848209529943795,1.744244212806763e-05,2.1896842029357407e-07,1.2816326287576971e-05,7.533209169224889e-06,7.722990734983373e-06,0
0.6519958157076817,0.3479605056172801,1.548591422062531e-05,2.252123536058403e-07,1.227631461878778e-05,7.748020307821643e-06,7.94321353722964e-06,1
0.555241541758823,0.44471764235639,1.4325216253387792e-05,2.0833227037001045e-07,1.176718947172545e-05,7.167291828167153e-06,7.347854963325328e-06,1
0.5543929778924904,0.4455723049928749,1.2154849195717398e-05,1.7676852371077092e-07,1.0069492941302373e-05,6.081398686911054e-06,6.234605287030233e-06,1
0.4860613932263038,0.5139031764061457,1.2404566999764316e-05,1.804001810727744e-07,1.027636771405183e-05,6.206339235425988e-06,6.362693420112546e-06,1
0.3778496250652671,0.6221160278614556,1.1161443058110449e-05,1.8165239817296149e-07,1.0347699368503745e-05,6.2494194810995066e-06,6.4068589717019785e-06,1
0.3209680363051319,0.6789966533829482,9.853904988569039e-06,1.8411073299985586e-07,1.2444738035264325e-05,6.3339940075730345e-06,6.493564155335937e-06,1
0.31617680449357444,0.6837853719535899,9.808283754681222e-06,1.832583441427289e-07,1.5157009133515114e-05,6.2115011039342435e-06,6.46350049941072e-06,1
0.26021753268080716,0.7396107560538704,1.356650791078818e-05,2.175550396627786e-07,0.0001386110748945162,7.373980024502062e-06,1.1942147452917484e-05,1
0.17428550556949665,0.8255530807785615,1.1318128063191769e-05,2.1026008943935243e-07,0.0001353804652970478,7.088949574460475e-06,7.415848917847588e-06,0
0.3988216305421097,0.6008857665296219,1.2003550217544193e-05,2.44617318368949e-07,0.00024951368131283854,2.404311629523089e-05,6.797963124360028e-06,0
0.29687844510930267,0.7024790487728881,1.030611309129281e-05,5.748129705980773e-180,0.0006036276986951459,1.6081451545933596e-05,1.2490854476904467e-05,0
0.07648998795128205,0.9232114365677828,1.1901619058503129e-05,1.635157349060008e-07,0.00026799877571481213,1.1852958239966846e-05,6.658612186932809e-06,1
0.04411085953716918,0.9558301312343883,9.316484522686824e-06,1.1127304304976253e-07,3.715209986904926e-05,7.898212521442486e-06,4.531158486190817e-06,1
0.043221091307597485,0.9567219956513164,9.286751771051732e-06,1.0808952180504646e-07,3.4950151373304254e-05,8.166526356830733e-06,4.401522062951158e-06,1
0.03642260252187578,0.9635208603648049,7.72511198891133e-06,8.9913425205861e-08,3.757115044279727e-05,7.489565682915387e-06,3.661371779522748e-06,1
0.034688778085488814,0.965254124841841,7.610363611218009e-06,9.007516923479562e-08,3.763873667066495e-05,8.08993904769006e-06,3.667958171062073e-06,1
0.02790140738138052,0.9719997697489573,3.4068153621393336e-05,8.376112073354629e-08,5.3866585039626725e-05,8.04524510296213e-06,2.7591247775141756e-06,1
0.021429808853206677,0.9784274048730663,2.3094634450255e-05,9.679672951123506e-08,9.784472821528539e-05,1.896225354906972e-05,2.7878607827301016e-06,1
0.01986796248315822,0.979946478165762,2.313314370434642e-05,1.057050960323884e-07,0.0001385686881860041,2.070738177328885e-05,3.04443231968092e-06,1
0.01879558236307697,0.981001799661556,2.343504902078238e-05,1.1188348137427266e-07,0.0001531041210768246,2.224646287931882e-05,3.7204589084734463e-06,1
0.02840454624133337,0.9714006478951989,2.3013394356614497e-05,1.167756848954039e-07,0.00014405959285447578,2.425282214353696e-05,3.363278428312584e-06,1
0.034810349085488246,0.9161009284055457,2.5117772563543683e-05,1.6367784283763483e-07,0.04902297503871903,3.569664724996714e-05,4.7693725905634975e-06,1
0.03517982571559742,0.9019074316244925,3.473286888815158e-05,1.538906237946413e-07,0.0628452239514677,2.8147763958857285e-05,4.484184971810488e-06,1
0.02656478288027503,0.9048611629041226,3.962612584424105e-05,1.6540848602907023e-07,0.06849323471788384,3.6208161967250196e-05,4.819801421113673e-06,1
0.0267420404603895,0.9728554279167058,3.258836475872274e-05,1.4343461775745074e-07,0.00033704142197376263,2.8578938831089804e-05,4.179462723320422e-06,1
0.023918672963012467,0.9411543878846524,3.722296274663821e-05,1.722967711439871e-07,0.03484584173447501,3.5830898098381485e-05,7.871260244209352e-06,1
0.023056640061071935,0.9575953135226364,3.625630562637474e-05,1.7977593360118672e-07,0.019267915113801024,3.908031029493266e-05,4.6149106358844635e-06,1
0.010604581000469968,0.9815766120488737,4.511982233985741e-05,1.6546301471257592e-07,0.007724287845132366,4.5801939723286054e-05,3.4318804462076126e-06,1
0.008908367039221769,0.8759205890654165,4.5722792844132395e-05,1.7149716067824172e-07,0.11508096265425773,4.1071140722624654e-05,3.1158103766982345e-06,1
0.00890835159656542,0.8759190706568705,4.57227135836603e-05,1.7149686338787356e-07,0.11508076316138204,4.10710695257926e-05,4.849305209415051e-06,1
0.011075033802633964,0.9853739645197023,5.7206909338449206e-05,1.8856730891452154e-07,0.003433055924465943,4.309384569086768e-05,1.745643085961255e-05,1
0.006354905752854039,0.9898703487049434,3.6658175180952014e-05,1.381393101156259e-07,0.0036946538611377037,4.100274279572209e-05,2.292623777813623e-06,1
0.005922326535775157,0.9937968858374167,3.8231558719482186e-05,1.4231604124454985e-07,0.0001977827285154432,4.226910735260863e-05,2.3619161794405238e-06,1
0.005538298611038248,0.9942091948385942,3.6315294624899503e-05,1.3308768585992678e-07,0.000175085232901967,3.876417530040447e-05,2.2087598542507728e-06,1
0.0053643050664029,0.9943836936872651,3.67419673623717e-05,1.2983372201958522e-07,0.0001708044385282456,4.2170250544631047e-05,2.154756175012601e-06,1
0.0043514254595098,0.995457441077116,3.33214352759416e-05,1.0955628505138844e-07,0.00012137414260546549,3.4510102956168615e-05,1.8182262516537077e-06,1
0.00865726312739816,0.991044499735459,3.294277874819378e-05,1.0831131459477487e-07,0.00023127443956875505,3.211404313180319e-05,1.797564379396116e-06,1
0.010276277444783698,0.9893983964678966,3.193024463770116e-05,1.67390816476589e-07,0.0002556045479887295,3.5738782916749066e-05,1.8851209600340033e-06,1
0.008801546339689489,0.9908984027239942,2.636632510235281e-05,1.502759008616144e-07,0.00023949331134603464,3.2335420848661185e-05,1.7056031184756557e-06,1
0.8310156903094567,0.1689657486159137,7.724060264022967e-06,8.141638523571251e-08,4.299959551822013e-06,3.5840919838385774e-06,2.871546444954183e-06,0
0.8422053564183024,0.1577778991599666,7.048518338482293e-06,7.429575440520557e-08,3.730575681302583e-06,3.270629333714696e-06,2.6204026231304158e-06,0
0.7732144575167009,0.2267654243049498,6.772759791041841e-06,9.925166572150973e-08,5.43239187405626e-06,4.3692322923107724e-06,3.44454272607882e-06,0
0.3725083098352902,0.6274495733138562,1.1916160382653626e-05,1.847083911652192e-07,1.2793043380581245e-05,8.319349689769794e-06,8.903589009319877e-06,1
0.5321940176534596,0.46769727587842813,1.1890377322875792e-05,1.6336358280245673e-07,8.535374006558987e-05,5.537172561865988e-06,5.761814579132211e-06,0
0.5006893305628934,0.4992045268162663,1.0646597640339631e-05,1.735163244279397e-07,7.89045258962071e-05,5.369203009394295e-06,1.1048777969898566e-05,0
0.182339509274889,0.8175001936484342,1.058048329401516e-05,2.1975374260549466e-07,0.00012596262572661516,7.735176800230958e-06,1.57990371132914e-05,0
0.3558774860846283,0.6440258411557961,1.0949062909281513e-05,1.7065637455374493e-07,7.225538161225971e-05,6.089629773707211e-06,7.208028905867092e-06,1
0.10263627478790552,0.8972168430022381,1.2097534905589946e-05,1.759349993872499e-07,0.00012235081016780735,6.0527228026520265e-06,6.205206981012837e-06,1
0.09654406819634269,0.903378671250114,7.31984182088133e-06,1.3676420106027077e-07,6.036926506388993e-05,4.611024980978527e-06,4.823657476497184e-06,1
0.08022572732630276,0.9194322489532091,7.395549887632644e-06,1.5360354733060366e-07,0.000322935144467358,5.284449920335531e-06,6.254972665472412e-06,1
0.10239650094025216,0.8972566702398747,7.888395719348528e-06,1.559733073540864e-07,0.00032791731323126834,5.365977192230861e-06,5.501160422974826e-06,1
0.08928714735750459,0.9100797862931131,8.246865307345264e-06,1.540847428961163e-07,0.0006140950933518864,5.301004576214448e-06,5.269301403875681e-06,1
0.1130924440986522,0.8865625340298515,8.585854383720458e-06,1.6041842760312138e-07,0.00032538117089681403,5.408530678004778e-06,5.485897110180157e-06,1
0.07202199512169553,0.9279476388578123,9.487901236364683e-06,1.2174381498808187e-07,7.777999410994543e-06,4.28529645093687e-06,8.693079578723634e-06,1
0.08884092106748868,0.9111107989567324,9.000550928759356e-06,1.1729662583868219e-07,8.450002111039664e-06,4.128758528411335e-06,2.658336758476993e-05,1
0.22507365765291673,0.7748829496341243,1.6022771712732332e-05,2.0640629490521975e-07,9.452585769866247e-06,7.100742536735937e-06,1.0610206644714613e-05,1
0.2519715959097462,0.747978697931522,1.8354013376151936e-05,2.3643748819075813e-07,1.0827894746917238e-05,8.133868835957967e-06,1.2153944284563456e-05,1
0.15217354723417803,0.8477926319679485,1.24883393204669e-05,1.6087552733516273e-07,7.367458056966611e-06,5.53440339885548e-06,8.269721569719165e-06,1
0.603378824142265,0.3965633594934997,1.9727022225264373e-05,4.3623904050209655e-08,1.4362654740827494e-05,1.0444948209327137e-05,1.3238115155793732e-05,0
0.4728191918524762,0.5271108187070775,2.0985319747526707e-05,3.0532666117431007e-07,1.5311861628193374e-05,1.0747283199846851e-05,2.2639649209507867e-05,0
0.7046209277772655,0.29532720213750013,1.787463272777667e-05,2.6548571515401706e-07,1.357407020468631e-05,9.344909990173383e-06,1.0810986596472411e-05,0
0.7874176873151522,0.21254376310751288,1.3096666066087306e-05,2.222555864727132e-07,9.858422957895219e-06,7.5333040205557605e-06,7.83892870408325e-06,0
0.6484108522539314,0.35153616106456925,2.010095080409659e-05,2.5681940048607704e-07,1.31309685347894e-05,9.039861824130113e-06,1.045808093576084e-05,0
0.6019493960059202,0.3979984076480925,1.9936301466288873e-05,2.648558944295001e-07,1.3541867979696541e-05,9.111884032247938e-06,9.341436614660526e-06,0
0.5856155949313042,0.41433695410743904,1.6597456817292714e-05,2.4186189345706587e-07,1.2441836936051213e-05,8.320817362768973e-06,9.848988247239084e-06,0
0.533497635218352,0.4664570856809896,1.7510614705173824e-05,2.2182311686525383e-07,1.2091567486231216e-05,7.631419798685994e-06,7.823675551290292e-06,1
0.4896326982956839,0.5103200627049158,1.82928617574108e-05,2.3173256220497647e-07,1.2686700523829676e-05,7.854524020104943e-06,8.173180536734753e-06,1
0.2844076748309467,0.7155533660439103,9.574900108380163e-06,1.7889779528006863e-07,1.683192152805093e-05,6.063701263218242e-06,6.309704447812882e-06,1
0.32498783839019835,0.6748743518093798,1.1557835267351368e-05,1.657489504124328e-07,0.00010718712912206074,7.319476915416426e-06,1.1579610166697537e-05,1
0.18252718805830923,0.8173008813709094,1.2153065871227185e-05,2.2577096696376846e-07,0.00014393636111197,7.652457065963242e-06,7.962915765441054e-06,0
0.38244294540730395,0.6172495530908444,1.1371088269374532e-05,2.402393143309075e-07,0.00026778360121178035,2.2556852469694663e-05,5.549720586504227e-06,0
0.41056406329131945,0.5888977288127699,1.1711461692212038e-05,2.3973705359626435e-07,0.0004960872502284978,2.2477311733287057e-05,7.692135203099967e-06,0
0.0439637286586033,0.9557674279233263,1.1550717073336185e-05,1.3795643450733674e-07,0.00023959291153182399,1.1944034862356333e-05,5.617798168502982e-06,1
0.0421171268073448,0.9578133222453846,9.580107079362651e-06,1.1150391639381322e-07,4.659293546210009e-05,8.725840914527363e-06,4.540559898100283e-06,1
0.03962983192346871,0.9603076517330449,8.4544945694995e-06,9.840278901059412e-08,4.111850907073294e-05,8.837869215025476e-06,4.007067842036065e-06,1
0.03545390982921411,0.9644885662140211,7.604327708989288e-06,9.000372916405638e-08,3.76088847810362e-05,8.555691491152468e-06,3.6650490542273745e-06,1
0.025152890475052102,0.9746950914648205,2.1704754312800235e-05,1.0538665767189334e-07,0.00010652765779888167,2.0645000441172076e-05,3.0352609166653046e-06,1
0.022950378757485675,0.976854067943815,2.0154955625306142e-05,1.1743126080281071e-07,0.00014750977511169086,2.4388976908102604e-05,3.382159793123056e-06,1
0.03925549585472832,0.8991342813604982,3.966981506466353e-05,1.6558907927247542e-07,0.061531919892164985,3.364242477664568e-05,4.825063687833501e-06,1
0.021929360777774878,0.9776634707181658,2.6612339555747796e-05,1.4105413067415872e-07,0.00033246101781554097,4.289122336877878e-05,5.062869188546723e-06,1
0.04520278545385458,0.9544068120999137,3.0512962259486622e-05,1.7698326692524106e-07,0.0003022988694578579,4.830597130831619e-05,9.107659938944735e-06,1
0.04781519306415257,0.9516624919957546,3.7810355937207184e-05,2.39461310051268e-07,0.0004090154089989392,6.0344511300979295e-05,1.4905202545808351e-05,1
0.07665549368136168,0.8587719521493111,4.5877241050117415e-05,2.873481482951644e-07,0.06443379517439245,5.7527105229364786e-05,3.5067300506690896e-05,1
0.04782370627476726,0.9201042945735773,5.181293069358058e-05,2.0535250011203703e-07,0.0319481252988226,4.621537152241616e-05,2.5640198116974098e-05,1
0.04903276357434695,0.9347596086673954,4.472612485201783e-05,2.3818469628886406e-07,0.016096186002315545,6.188743369032977e-05,4.590012703520588e-06,1
0.017661715630405157,0.9691493160756399,4.280980180814517e-05,1.8197605373520223e-07,0.013095637953766174,4.6829674998205315e-05,3.508887328780318e-06,1
0.009697705910812838,0.9831481959452133,4.5329294081011834e-05,1.485608978016521e-07,0.007063727637069318,4.204075672888407e-05,2.851895197047086e-06,1
0.01025860499232019,0.9821757808746976,4.861195037771359e-05,1.816287499411109e-07,0.007472281822985871,4.1521886825988395e-05,3.0168440428143438e-06,1
0.010258525148811077,0.9821681365252982,5.4676757295374734e-05,1.5713528068844474e-07,0.007472223665643592,4.152692607221776e-05,4.753841599305975e-06,1
0.0070363612566939375,0.9894302031217745,5.595426435358902e-05,1.8138307642996312e-07,0.003430786125662886,4.172485734405744e-05,4.78899109459035e-06,1
0.0055384564323453555,0.9942375261738448,3.582260425999661e-05,1.3309147837347967e-07,0.00014744808176087588,3.840479351460863e-05,2.2088227958492248e-06,1
0.0064119914904337905,0.993352969007507,3.329585380863566e-05,1.0947217671388778e-07,0.00016750826854271112,3.230907716444442e-05,1.8168303665417283e-06,1
0.007571694532010247,0.9921951802625135,3.321223601929694e-05,1.0919725295120157e-07,0.0001670875954104947,3.0903909137099843e-05,1.8122676561295905e-06,1
0.009115586212376939,0.9905880308190953,3.561148073201729e-05,1.1708563877486416e-07,0.00022674459729419256,3.1966619385077765e-05,1.943185477786546e-06,1
0.008910279138679637,0.9907643124111444,2.959838773196478e-05,1.5396300893897138e-07,0.00024809054438437164,4.581810395130949e-05,1.7474510994149813e-06,1
0.007519241766930847,0.9919284508469206,2.4191718210950655e-05,2.0397359434505688e-07,0.00049589749574807,3.0446356413589275e-05,1.5678421815123633e-06,1
0.005500109408327474,0.9942170936890395,2.758479530123923e-05,2.3588609207556652e-07,0.00021793185306630784,3.467099802260271e-05,2.3733701506919797e-06,1
0.010036263495494682,0.9896974072870814,3.2968244569279766e-05,3.0120714050736356e-07,0.00019324911959114346,3.71864170572069e-05,2.6242290656146326e-06,1
0.834812610686934,0.1651692150214676,7.08560516346015e-06,8.002936829645695e-08,4.2267050500503705e-06,3.523033067024212e-06,3.2589189496512932e-06,0
0.7616982961827402,0.23828114043668952,6.673880727374466e-06,9.72727356263878e-08,6.134247101848304e-06,4.282116320876165e-06,3.3758636846237666e-06,0
0.341311107663082,0.6586239008371425,1.5494994959912288e-05,2.6921860781207415e-07,2.792582549316384e-05,1.1272799715190702e-05,1.0028660999411022e-05,1
0.3857955055086506,0.6141580956648014,1.288759050303524e-05,2.0495579403541984e-07,1.4195393872773483e-05,9.231301895753634e-06,9.879584482644837e-06,1
0.28449607494955276,0.7154605856285547,1.3994853803972628e-05,1.8169255122832217e-07,1.4756175798162686e-05,7.9984245738162e-06,6.408275165297914e-06,1
0.5938691106938696,0.40608984126000086,1.0836967121948919e-05,1.4069430317345796e-07,2.0339310647976428e-05,4.76880233512613e-06,4.962271721268141e-06,0
0.1348937643839156,0.8649681412581769,1.2061000999737733e-05,1.8562205200936058e-07,0.00011291487847264465,6.385988181914526e-06,6.546868201153871e-06,1
0.1109913543266911,0.8888642350809008,9.52409256411993e-06,1.779485052040505e-07,0.0001224008029558885,6.031525285732884e-06,6.276223097159347e-06,1
0.11281755021911892,0.887072764707544,7.538519395191598e-06,1.4084998111838967e-07,9.228916384511704e-05,4.748777651404815e-06,4.967762464292806e-06,1
0.11530926260638401,0.8846222857557182,7.60991636609629e-06,1.4218396481951968e-07,5.0890972546261984e-05,4.793753106402844e-06,5.014811914394476e-06,1
0.06179351681972839,0.9381306619175898,4.344508556796691e-06,8.117296197232159e-08,6.58829166533751e-05,2.7367582491082464e-06,2.775906260659907e-06,1
0.10012395186074252,0.8995503302996816,7.796038183700064e-06,1.541471679454322e-07,0.00030702774932974666,5.303152196192093e-06,5.436752698267683e-06,1
0.13197361111416966,0.8676859313269681,8.450120656641447e-06,1.5788237351955668e-07,0.00032084940773526813,5.431655132104995e-06,5.5684929647570065e-06,1
0.12412703835628915,0.8755326507487673,7.612263188957342e-06,1.586363785597511e-07,0.0003217665911194709,5.348448634658595e-06,5.424955622077488e-06,1
0.05739043687089809,0.9425334699889062,8.32628867596182e-06,1.0804442569456485e-07,5.46690143136769e-05,3.8030876066907945e-06,9.186705173898864e-06,1
0.059366626662278404,0.9406044515467339,1.0526823357049812e-05,1.2328180581653083e-07,8.912028459965049e-06,4.3394326437231e-06,5.0202247209354705e-06,1
0.09051195992975405,0.909449685433761,9.599872389355243e-06,1.2318057059863122e-07,8.642470474743648e-06,4.3358692354298935e-06,1.5653243814613834e-05,1
0.10611980832593804,0.8938424059107036,1.0075686499632593e-05,1.1850640464683372e-07,8.360957150900757e-06,4.171341889492126e-06,1.5059271413626551e-05,1
0.1730309297075178,0.8269313019961471,1.2904396532741744e-05,1.9122447743760684e-07,8.264420898032936e-06,6.5784610960136865e-06,9.829793331023387e-06,1
0.5166083314537221,0.48332818938284416,2.6425501029995865e-05,3.404148705608306e-07,1.471219484012995e-05,1.1710875158331324e-05,1.0290177534820466e-05,0
0.7369313259239266,0.2630111927024582,2.141648891121224e-05,4.7359953605090086e-08,1.471508297694176e-05,1.133901362149297e-05,9.96342815181508e-06,0
0.6733848735621204,0.3265443824079166,1.904473091471147e-05,3.221193266674435e-07,1.6153998929307063e-05,1.1338373185375389e-05,2.3884807606730515e-05,0
0.5662594206570812,0.43368740550415635,1.8268313049614357e-05,2.904249488928834e-07,1.2797009495876114e-05,9.99154072097833e-06,1.182655054694998e-05,0
0.4985247752722218,0.5014277689751048,1.8295466478543723e-05,2.3176555861144177e-07,1.2940166716604853e-05,7.81400960341109e-06,8.174344316155902e-06,1
0.38986219767524033,0.6100975489476402,1.503537135303783e-05,1.904669249430723e-07,1.084981260240605e-05,6.421620147333968e-06,7.756106091946597e-06,1
0.2773118984426368,0.722548772783331,1.0893095807285803e-05,1.55004591659318e-07,0.00011046855211614542,6.8985031759428665e-06,1.09136183410722e-05,1
0.15580476934405868,0.8440594038311071,1.0527138234772857e-05,1.9556564605256528e-07,0.00011157788896164059,6.6286543842228665e-06,6.897577607401342e-06,1
0.17928231851316923,0.8205720038485467,1.1227687901998757e-05,2.0857995679946874e-07,0.00011985247593282871,7.032303657518754e-06,7.356590834905911e-06,0
0.15620613647896536,0.8436357548398873,1.3267626043804181e-05,1.9295168793506513e-07,0.00013133732551324302,6.5053942939239875e-06,6.805383608394443e-06,0
0.15583462199093398,0.8439424922668278,9.806005632949296e-06,1.923449164859942e-07,0.00018654668038004717,1.5782411404153416e-05,1.0558299904499234e-05,1
0.40565016181323094,0.5940455493030362,1.1971844089341828e-05,2.475761738238722e-07,0.0002620163172242999,2.4333938328101873e-05,5.719207917425896e-06,0
0.4100771699072128,0.5893693211046293,1.0986739452970905e-05,2.2490177693503492e-07,0.0005139948291345072,2.1086383075568673e-05,7.216134717810994e-06,0
0.34814970306523485,0.6513087899780884,1.0850319109288965e-05,2.2210921251358045e-07,0.0005018032625698531,2.0824557295637192e-05,7.806708489495607e-06,0
0.07106047406676459,0.9286859945640559,1.1517116408976744e-05,1.3404747310266678e-07,0.00022545646871285284,1.0965117336067126e-05,5.458619248735118e-06,1
0.02675204387822411,0.9731726881266027,1.2527780170239534e-05,9.081411031737138e-08,5.0654809009089456e-05,9.003138811519752e-06,2.9914530719049105e-06,1
0.029887497843572284,0.9700056526398257,3.522738450738174e-05,9.105904933807758e-08,5.924139849427346e-05,9.691718311297507e-06,2.597956239575226e-06,1
0.022803402000550144,0.9770599723722504,2.5353209192833746e-05,9.073608420575783e-08,9.888982425774074e-05,9.678550665552905e-06,2.6133069992449307e-06,1
0.020803472732228934,0.9790323934134872,2.6995393047059883e-05,9.692652583813513e-08,0.00012306739509476965,1.1182540545003517e-05,2.7915990711137614e-06,1
0.02212426830350448,0.9776951726631277,2.4346590103740046e-05,1.1821399679367003e-07,0.00012953167949038912,2.3157846257505114e-05,3.404703519374621e-06,1
0.042619485610217396,0.9353749324025303,3.313723223462092e-05,1.8049736062091317e-07,0.02193286777643799,3.4197884391707076e-05,5.198596827418809e-06,1
0.04606211080254688,0.9308388174105615,3.2976532721810875e-05,1.796220359193838e-07,0.023021633011050417,3.910923493055749e-05,5.173386152865572e-06,1
0.02672103043505653,0.9730506305073423,2.0447435344347376e-05,1.2690644267491643e-07,0.00017862689486416387,2.5783055658433856e-05,3.3547652918786133e-06,1
0.0478223707760153,0.8989546347589473,3.68662277961073e-05,1.5388639213608405e-07,0.053154883877853255,2.6606411329563864e-05,4.484061666444376e-06,1
0.042922319992752,0.8963189716688379,4.201738706482557e-05,2.14424007272518e-07,0.06064239581816304,6.304620329817866e-05,1.1034505876597351e-05,1
0.03569260233516194,0.9534949414042276,3.580809206798901e-05,2.545794490684026e-07,0.010716499832989074,5.498780318846703e-05,4.905952915892156e-06,1
0.018085543172819758,0.9724852261018329,3.0432375149680542e-05,1.8055405632481994e-07,0.009346668034205044,4.646373851804957e-05,5.486023418576372e-06,1
0.006682616870787299,0.9855834121039209,3.8655659728163946e-05,1.404484633686768e-07,0.007656975791426202,3.555200265360532e-05,2.6471230208711705e-06,1
0.007034666484421301,0.9891918897645169,5.000399727987651e-05,1.6120817183880009e-07,0.0036764159002692226,4.3824250668692217e-05,3.0383946722639297e-06,1
0.007037712113716169,0.989620156236621,5.735411071233162e-05,1.8308957953755976e-07,0.0032388647285149733,4.0939810359821484e-05,4.7899104962545805e-06,1
0.006540796411531469,0.993226369776268,3.298339430106732e-05,1.0844485293282317e-07,0.00016593631452695599,3.2005877901292585e-05,1.7997806183980842e-06,1
0.00988043487283864,0.9898580040085225,3.2543055125048064e-05,6.016936397203679e-07,0.00015391702841289706,7.190895691787039e-05,2.590384543028645e-06,1
0.4507876903487464,0.5491684278661899,1.2874791789108292e-05,1.995678139256287e-07,1.3822218280460456e-05,8.988624828555414e-06,7.996582351675914e-06,1
0.332934009261678,0.6670187749309313,1.5246588274904903e-05,1.9794358412010982e-07,1.607600479848093e-05,8.713823526348004e-06,6.9814472066768514e-06,1
0.2712754492711147,0.728626026028817,1.6511708729405267e-05,2.26856711354039e-07,6.60956666512702e-05,7.689258132295607e-06,8.00120984389939e-06,0
0.5609937192469395,0.43890858940572564,1.0382734481039006e-05,1.4264986367134958e-07,7.622749606383523e-05,4.907608410185113e-06,6.030858516074141e-06,0
0.10855032094997227,0.8913108518038863,1.2927982243195132e-05,1.9119037641805628e-07,0.00011079400426839428,6.577556228286536e-06,8.336513025120569e-06,0
0.1384963029007172,0.8613605601679806,1.1826894155726821e-05,1.8201908466231486e-07,0.00011844619143894756,6.26203466104246e-06,6.419791961564731e-06,1
0.10133632184580227,0.8985349945928502,8.415850466784738e-06,1.5724206799784907e-07,0.0001091549327606802,5.409626588350758e-06,5.545909463423451e-06,1
0.11215406743364938,0.8877380584473467,7.544173192670832e-06,1.409556168840422e-07,9.046516279250109e-05,4.7523391766470375e-06,4.971488225470256e-06,1
0.07698480131573254,0.9229447946164149,7.3835958322491726e-06,1.3795538341673056e-07,5.3365660429450285e-05,4.651185867818471e-06,4.8656703397688865e-06,1
0.1218061656290248,0.8779212628592893,8.311143361876792e-06,1.5528571649484007e-07,0.00025328585155159233,5.342321882672492e-06,5.47690917328183e-06,1
0.05456537691218002,0.9453490482125558,7.6092037808138425e-06,1.1088303794897252e-07,6.452371952102374e-05,3.903004756655168e-06,9.428064167818449e-06,1
0.06266549523141597,0.937242696110577,7.786924164169148e-06,1.1705716775727887e-07,6.743018360217144e-05,4.120329772778155e-06,1.2354163300029285e-05,1
0.06239863262636123,0.9375731252113949,9.292432747113705e-06,1.0929407096212262e-07,6.889321343892843e-06,3.847074239034455e-06,8.104039842917288e-06,1
0.08832477557006176,0.911635291889209,9.147434440523597e-06,1.192108353640381e-07,8.013062954308636e-06,4.19613735407209e-06,1.8456695144710645e-05,1
0.10218048944403614,0.8977917846304584,9.556882616017232e-06,9.514859562540286e-08,5.782667925091501e-06,3.956556686296804e-06,8.334669682526738e-06,1
0.180068034597408,0.8198994817102699,1.10987915063183e-05,1.6446802456819245e-07,7.108049123800366e-06,5.657991673754722e-06,8.454391993799564e-06,1
0.5559023820815727,0.44403896383114366,2.18534201760238e-05,4.832617381587606e-08,1.5015294642989231e-05,1.1570347972510733e-05,1.0166698318193873e-05,0
0.6658937212047625,0.33403326143321865,2.1893198172734277e-05,3.185358418680681e-07,1.597429179314896e-05,1.121223806658824e-05,2.3619098144232926e-05,0
0.5923498202839006,0.40759575466233816,1.8698178333442322e-05,2.972588367700783e-07,1.3098131449728885e-05,1.0226648170485971e-05,1.2104836970757337e-05,1
0.293644964609021,0.705701701656021,1.3432793775605504e-05,2.3460655878250073e-07,0.0005990807482081435,2.0750245849425632e-05,1.983534056623869e-05,0
0.03596869796570657,0.96397439045578,7.718478900789968e-06,8.995574753181257e-08,3.758883521536349e-05,8.551130390778819e-06,2.9631782588533357e-06,1
0.02641750586364458,0.9735098816138815,1.8574203076873357e-05,9.084557639417938e-08,4.009011626337037e-05,1.086486798018402e-05,2.992489577044906e-06,1
0.026819666073401353,0.9730352601486748,3.450834838561746e-05,8.942169939034007e-08,9.82503210550656e-05,9.28010028421847e-06,2.9455864997338563e-06,1
0.02753330660014627,0.9722939097880154,2.567222317775791e-05,1.173072216665453e-07,0.0001206352829954329,2.298021112500269e-05,3.378587318667935e-06,1
0.04995223178517304,0.9498216825871278,1.8580009305813768e-05,1.136994551651923e-07,0.00018174610973447172,2.2371129845503134e-05,3.2746793582114614e-06,1
0.038500530977151975,0.9309492924110122,3.622729050783201e-05,2.0032724615197326e-07,0.030465863653138383,4.0549402742588e-05,7.33593820096709e-06,1
0.05226843869529467,0.8975169009465531,3.629569837853079e-05,1.5400598662824676e-07,0.05014239630774383,2.800996803890717e-05,7.804378004445372e-06,1
0.054846291252460704,0.8915106862605887,3.808578358510582e-05,1.6160148280831986e-07,0.053561366313791346,3.521950217125268e-05,8.189285920159728e-06,1
0.0798840543816741,0.8667128605623401,4.178256720604991e-05,2.6674407403849624e-07,0.05325715932899461,7.193897120455707e-05,3.1937444506633225e-05,1
0.040504840728984526,0.9486460247956844,3.825192300583002e-05,1.593732405951016e-07,0.010755165038800269,4.906259564616419e-05,6.495544638092447e-06,1
0.01689158338749798,0.9736115395242132,3.5535691578392546e-05,1.762379431019861e-07,0.009414767449194941,4.127711058838219e-05,5.120598984092405e-06,1
0.009705944097028182,0.9812579338118895,5.142956658215788e-05,1.599151784895753e-07,0.008935488540635859,4.4294632604362916e-05,4.749436081185513e-06,1
0.007000493254490557,0.9862341244635346,3.987882655995171e-05,1.4489262246921234e-07,0.006683444930736945,3.918274709375029e-05,2.7308849615950122e-06,1
0.006617786210024814,0.9891760681282222,3.96167199688916e-05,1.4385365528591317e-07,0.00412394612573686,3.972765951669147e-05,2.711302875163625e-06,1
0.0041905847656443845,0.9956530520414124,2.824876860783233e-05,1.2330495851523353e-07,9.81315679595329e-05,2.8056090715849763e-05,1.803460701407358e-06,1
0.00862866147977575,0.9911065214378058,3.6357797231135875e-05,1.1953942452685497e-07,0.00018881589464715576,3.753994193421831e-05,1.9839091812975846e-06,1
0.01354248477164104,0.9861097779970013,3.216340804803097e-05,1.31858002582374e-07,0.00027637730507172137,3.687630854311344e-05,2.1883516922232154e-06,1
0.013624124685404991,0.9860271380060861,3.216071262424733e-05,1.318469523480303e-07,0.000276354143534852,3.7902437097761635e-05,2.1881682994935216e-06,1
0.006840446982372921,0.99294522652365,2.6399547996930503e-05,2.0653895828052588e-07,0.0001530560316638756,3.2571062551418333e-05,2.093312806444322e-06,1
0.0033719880114153476,0.9950145617757642,4.466218339752971e-05,1.2310240651203861e-06,0.0014391560435976364,0.00012408740181980716,4.313559940352638e-06,1
0.4389167888826938,0.5610394960348857,1.2821469812824672e-05,2.137785549018978e-07,1.3764972461855356e-05,8.95139772245681e-06,7.963463868558636e-06,1
0.3278127403986203,0.6721410615839143,1.5544759509285107e-05,2.0181468510024718e-07,1.639039658949915e-05,6.9430661930296344e-06,7.117980488342311e-06,0
0.5427552785113656,0.45714562060123215,1.2098127540334391e-05,1.9212367202732879e-07,7.384458001566005e-05,5.7184234628039655e-06,7.2476327113419265e-06,0
0.45975480379009687,0.5401553934732644,9.447511694964549e-06,1.5273298371982277e-07,6.350140930807123e-05,5.37609334108372e-06,1.1324989310921011e-05,0
0.15022638379985145,0.8496216602268577,1.1383448302017105e-05,1.8403025900609348e-07,0.00012641676420892638,6.477735364716539e-06,7.493995156409902e-06,1
0.13929669593129446,0.8605701494328126,1.16295714101647e-05,1.7898223449207125e-07,0.00010887584227016018,6.157557369214856e-06,6.312682609006589e-06,1
0.1730467832407445,0.8268091646725148,1.3144858670275864e-05,1.9116627644792836e-07,0.00011739692232854017,6.576727112765209e-06,6.74241235274578e-06,1
0.1573821004781216,0.8424777061628764,9.49986261952152e-06,1.7749579200398066e-07,0.00011823956396325089,6.0161806717937274e-06,6.260255955207752e-06,1
0.10278293183950298,0.8971000433483142,7.3900353585015385e-06,1.3807569976845814e-07,9.997154489006725e-05,4.65524235116086e-06,4.869913883511009e-06,1
0.08272296474157967,0.9172065125649692,7.194181442398153e-06,1.4122407431653393e-07,5.402426309701583e-05,4.5318671031877495e-06,4.6311577343883434e-06,1
0.07652553554856807,0.9232617220136222,7.425811307947403e-06,1.413725555166651e-07,0.00019455468112425316,4.8636649525399696e-06,5.756907869461285e-06,1
0.08745937257334675,0.9123287668717012,6.993466470114718e-06,1.3314157683243297e-07,0.00019462572751387214,4.6864896317567995e-06,5.421729759484783e-06,1
0.13524661623545445,0.8644326317072419,8.902541330884964e-06,1.663354184855767e-07,0.0003002085267875136,5.608022888391032e-06,5.866630878285566e-06,1
0.05204714305975829,0.9478805012301096,5.921132876306802e-06,1.1085265134985195e-07,5.468559405855989e-05,3.9019351697904866e-06,7.736195376103063e-06,1
0.056009067273072984,0.943907098279904,7.176659475441824e-06,1.0788334577845395e-07,6.357947748040765e-05,3.7974177072146295e-06,9.173009014293826e-06,1
0.07350159252206907,0.9264611079921405,8.23538758029676e-06,8.025269445407682e-51,8.669871104068818e-06,3.777760603328967e-06,1.661646650286061e-05,1
0.13578259072963975,0.864187685762098,1.0155711911238263e-05,1.5049295008147147e-07,6.504068403406931e-06,5.1772243313271085e-06,7.736010666100829e-06,1
0.21323797215966273,0.7867204714160602,1.4141696141123644e-05,2.095594666365411e-07,9.056830269110035e-06,7.376044626999446e-06,1.0772293773263453e-05,1
0.6202008359461401,0.37973791861656475,1.8456458831035406e-05,3.4787879331707856e-07,1.5655018573406988e-05,1.073917967313705e-05,1.6046901424351733e-05,0
0.6874163446401405,0.31251294780054495,2.118816973283552e-05,3.0827803429984465e-07,1.5501451687270753e-05,1.0851169452971755e-05,2.285849040729742e-05,0
0.7378004633514987,0.26215781160211543,1.334139505709589e-05,2.478468967914864e-07,1.0993557355069025e-05,8.400715832224094e-06,8.741531244773773e-06,1
0.5748146067874268,0.425134307310994,1.8403209413912863e-05,2.6763871005357506e-07,1.3767845528145514e-05,9.2076217287954e-06,9.439586198299497e-06,1
0.775203006331701,0.22476537388192633,9.568803594975145e-06,1.777623904301092e-07,9.578344569888507e-06,6.0252169665717424e-06,6.2696588507129196e-06,1
0.33361750364818155,0.6663466865889595,1.1350793016118902e-05,1.8473406725348342e-07,1.0523244450865345e-05,6.228336014394532e-06,7.5226553105903446e-06,0
0.1938037680447562,0.8059329553088518,1.5328903293685344e-05,2.864058081296914e-07,0.0002279036241407189,9.656213583270689e-06,1.0101499566309598e-05,0
0.1563487250943289,0.843385209491571,1.4834818171960638e-05,2.61324764814455e-07,0.00022030998586007955,2.1442391219607202e-05,9.216894083529978e-06,0
0.09508571547435987,0.9046000484058836,8.015806998086808e-06,1.4084226581807373e-07,0.0002895177957644909,1.1922222064855432e-05,4.639452663477367e-06,1
0.06380623230342022,0.9360032252902154,9.640540277328175e-06,1.4434743217651377e-07,0.00016192307497655634,1.4079528136415028e-05,4.754915541776994e-06,1
0.04288835200921738,0.9570482633116644,6.914184250949113e-06,1.0352697414157605e-07,4.325969688570146e-05,9.69705112261518e-06,3.4102198847572438e-06,1
0.039615044429352236,0.9603245900220168,8.204972197211232e-06,9.562562999327936e-08,3.995804767129004e-05,8.95695668076827e-06,3.1499464521155904e-06,1
0.032146774539057274,0.9677907341289982,8.268762612925518e-06,9.636908146923743e-08,4.1397916084498065e-05,9.553848125297738e-06,3.174436040724616e-06,1
0.031336475276413596,0.9685999019291524,1.2346371563482691e-05,9.038738902190179e-08,3.882832012900352e-05,9.380318650514588e-06,2.9773967019672577e-06,1
0.0296057227773081,0.9703249427893744,1.2408645137697598e-05,9.084329185532982e-08,4.441489874455439e-05,9.427631819945683e-06,2.992414323422583e-06,1
0.03515315260537095,0.9646842284432564,2.7963944401210774e-05,1.063580929380369e-07,0.00011981726790603891,1.1227902903307316e-05,3.503478068876458e-06,1
0.027674824927893957,0.9721496881170171,2.096425928029973e-05,1.0782114281830814e-07,0.00013565466413082575,1.2439466810023232e-05,6.320743724965851e-06,1
0.025059323377078176,0.9747915009944075,1.8510445378864188e-05,1.0571429563320168e-07,0.00011628894294748964,1.1225828613218796e-05,3.0446972791114054e-06,1
0.027659829368596928,0.9721692863998096,2.3071224669993123e-05,1.1706913028411351e-07,0.00012039043684793762,2.3933770941186994e-05,3.3717300040547334e-06,1
0.041467881584730346,0.958368819501766,1.865467864381121e-05,1.1856034332858189e-07,0.0001164875228401433,2.4623472965286352e-05,3.414678710962093e-06,1
0.061058647227019695,0.9037471950279438,3.9470185882453045e-05,1.932154075110439e-07,0.03510906334383117,3.835549562841368e-05,7.075504287122296e-06,1
0.06397071695876658,0.8786089922641501,3.9990449855515254e-05,1.8811455672560044e-07,0.05733515695878773,3.6092941395716385e-05,8.862312487410902e-06,1
0.07486669253314066,0.870665272396746,4.172840457248755e-05,2.0584210448679648e-07,0.054355106402098015,4.438704797932913e-05,2.660737335879562e-05,1
0.04589585619034571,0.9031687804714119,4.0447889987407516e-05,2.1458529726868494e-07,0.05082277293580674,5.068680696430203e-05,2.1241120186555304e-05,1
0.05965915882252508,0.8836425947461231,4.7064301675465e-05,2.725326515690284e-07,0.05654914742987126,7.350010921215983e-05,2.8262057941587565e-05,1
0.01326500300773896,0.9801325926125977,3.5160768532358225e-05,1.8703063179624198e-07,0.0065093383197047175,3.945580424919396e-05,1.826245654559656e-05,1
0.016262213850345573,0.9766920330246972,2.9979863745263544e-05,1.829367937995302e-07,0.00695915538504669,3.857222236462571e-05,1.786271700666846e-05,1
0.015421553492659548,0.9757925386926881,2.4766994026944964e-05,1.653160148755346e-07,0.008713382807348617,4.256967231592191e-05,5.023024946287133e-06,1
0.00995665711926487,0.9810254095879815,4.122830283779427e-05,1.5695245789938464e-07,0.00893337113860877,3.842858822041083e-05,4.748310628946376e-06,1
0.006957003567847121,0.9849780931641976,3.670484246615656e-05,1.515946985365042e-07,0.00798382313039346,4.136649707344233e-05,2.857203323646346e-06,1
0.006060293660396414,0.9873818754966727,3.8430046684963054e-05,1.4115458135507694e-07,0.006478206657623072,3.839255235861408e-05,2.6604316832261606e-06,1
0.004105496843373052,0.9957258535038047,3.262286547558782e-05,1.0705253277535041e-07,9.938786897822697e-05,3.475519254575613e-05,1.7766732899610549e-06,1
0.007315931838943167,0.9924508014364511,3.44471524251764e-05,1.1325748783174575e-07,0.00016125948822110858,3.556717404025997e-05,1.8796524314003352e-06,1
0.014221384903785998,0.9854275557202999,3.2452578914440535e-05,1.3304349551250253e-07,0.0002788621246108753,3.740360243385944e-05,2.2080264590857323e-06,1
0.007328515770034261,0.9924644277347789,2.546173532215981e-05,1.2092731677968143e-07,0.00014766055942196674,3.177135669353229e-05,2.041916432406519e-06,1
0.005810790300895638,0.9939398427172319,2.527558763755856e-05,1.9996041937955807e-07,0.00018823975116090134,3.363977900024509e-05,2.011903654426818e-06,1
0.007762991772167152,0.9919956451072129,2.8376512902071686e-05,2.3535903533107871e-07,0.00017535264993515234,3.503053158311408e-05,2.368067164262888e-06,1
0.31305673945164253,0.6868967423382006,1.3824296629574778e-05,1.9477272559635185e-07,1.581848325733155e-05,8.749212628102854e-06,7.931444916194382e-06,0
0.42360363184030575,0.5763545671395676,1.412289662035383e-05,1.8335490699856647e-07,1.4719871146854036e-05,6.307991192392572e-06,6.466906260113461e-06,0
0.20543084952766558,0.7943930228529169,1.5748003757345904e-05,2.2562671941950678e-07,0.00013566173036524393,7.762275807965184e-06,1.672998276764794e-05,0
0.523416236494971,0.4765070749121992,7.396947555760832e-06,1.5363257651514604e-07,5.2684950843354105e-05,5.407758373212577e-06,1.1045303481046075e-05,0
0.15384000200495646,0.8460202757136798,1.2203181945654159e-05,1.878102550397897e-07,0.00011424597397869987,6.461269316567898e-06,6.624045867721552e-06,1
0.1418366042838127,0.8580178839255534,1.0090009439146803e-05,1.8852211747239e-07,0.00012219419036574205,6.3899155384910934e-06,6.649153172985853e-06,1
0.07767278913289795,0.9222039157082899,7.393765274629551e-06,1.3814538966227717e-07,0.00010623328435386188,4.657591956092781e-06,4.872371837966563e-06,1
0.0757412127597345,0.9240252577684652,7.1183176509375295e-06,1.3551849293765424e-07,0.00021626265049031005,4.662266605516706e-06,5.35071856032721e-06,1
0.11181550197047148,0.8878986827774026,6.893629520652541e-06,1.3630429231290422e-07,0.00026928858116442893,4.689300599966079e-06,4.807436548428708e-06,1
0.11630035456933879,0.8832388154920084,7.210473826548333e-06,1.4256909647145596e-07,0.000443543670504733,4.904829761967277e-06,5.028395462997817e-06,1
0.11492577385411137,0.8839446860865372,7.144180272036102e-06,1.5459547908601996e-07,0.0011129225141354724,4.601423684652274e-06,4.717345780000297e-06,1
0.05588247349643556,0.9440322362176252,7.579467650708344e-06,1.139385715841887e-07,6.156129433375956e-05,4.010557386281502e-06,1.2025027996934555e-05,1
0.061433491769422255,0.9385331364196071,1.0319727124613872e-05,1.2137671795554498e-07,9.658376887266861e-06,4.272374894216853e-06,8.99995534666437e-06,1
0.08539090676576122,0.9145787634700014,8.475874777991978e-06,7.454368566857255e-51,5.189834185248763e-06,3.509018617522186e-06,1.315503665670943e-05,1
0.08409948736392714,0.9158688485859537,8.866659979071186e-06,7.79805591303264e-51,5.365028778080262e-06,3.6708039885849666e-06,1.376155737341998e-05,1
0.06300575790119324,0.9369773097279426,4.348193773770431e-06,8.278088201928715e-08,3.7071434592586612e-06,2.847809125457086e-06,5.946443623718735e-06,1
0.0686992527847714,0.9312826067833917,5.175309865993591e-06,9.852751227748905e-08,4.4123185666398266e-06,3.389521127680721e-06,5.064754764063061e-06,1
0.23333623141045906,0.7666340749867573,1.0104765152533393e-05,1.4973799286314977e-07,6.471440340850168e-06,5.270456808479625e-06,7.697202488772756e-06,1
0.5842841571666891,0.41565709092146835,1.7615909599058092e-05,2.5630330755683625e-07,1.2853383864562324e-05,9.021695716897102e-06,1.9004619354255087e-05,1
0.6299681442128977,0.3699828266020448,1.759730106613645e-05,2.5591834836181364e-07,1.35214308077672e-05,8.628324431676766e-06,9.026210403585486e-06,1
0.44775065308358925,0.5522102572241524,1.1736880465090224e-05,2.1929231792534756e-07,1.2005632433453435e-05,7.393472474897525e-06,7.73441456681227e-06,1
0.38042388076491607,0.6195351054879206,1.231458781262806e-05,2.300862238274217e-07,1.2596568167124235e-05,7.757390586296149e-06,8.115114373497805e-06,1
0.2828147917729436,0.7169467668687587,1.0587921344630755e-05,1.9782512232116292e-07,0.00021422079924702313,6.669702844869667e-06,6.7651097388114984e-06,1
0.304942255951412,0.6948913394936939,1.2049576116237015e-05,2.25134735282252e-07,0.0001388403654409839,7.590450427995915e-06,7.699028173631402e-06,0
0.36989725114761335,0.6299123355041799,1.583430471565985e-05,2.25316106649724e-07,0.00015418602261397255,9.974583657265803e-06,1.0193121113184667e-05,0
0.29471301876497985,0.7050295313615622,1.8939650620378475e-05,3.518472852716467e-07,0.00021388618016533615,1.186258252744133e-05,1.2409612859419837e-05,0
0.25580700281957436,0.7439723497723187,1.6339191166413442e-05,3.0353780915321653e-07,0.00018306511438395968,1.0233821495876495e-05,1.0705743251307737e-05,0
0.10733479366047101,0.8924192763844986,1.3133837192595721e-05,2.0712711574371668e-07,0.00020654630199832882,1.8737339424041415e-05,7.305349299720456e-06,0
0.2276160534500342,0.772067489078844,1.206299561002616e-05,2.2138093293351867e-07,0.0002735382535370547,2.191585165758024e-05,8.7189893842323e-06,0
0.2610049958487707,0.7384843603212888,9.176607808050724e-06,4.6714124859966e-180,0.00047298332326663195,1.4933393724622196e-05,1.355050514108604e-05,0
0.050382590907628005,0.9495526871330379,7.210527642719842e-06,1.0567818942908094e-07,4.4158601949285115e-05,9.766069777118956e-06,3.4810817756863776e-06,1
0.0451013352013873,0.954829905877251,9.543344905771004e-06,1.0886883138202884e-07,4.549184099060548e-05,1.0028683837851803e-05,3.58618279620112e-06,1
0.037623995740351385,0.9622877463626817,1.590932979709843e-05,1.2155532428809178e-07,5.34348093603957e-05,1.4788121544979335e-05,4.004080940475319e-06,1
0.033628288502935644,0.9662191788249367,1.8317902264028703e-05,1.1603873090116268e-07,0.00011726057462328247,1.2979523181260102e-05,3.858633328230132e-06,1
0.029753732178363593,0.9700738248247582,2.0659262599509944e-05,1.2036956565018262e-07,0.00013473262914027225,1.3463949110280218e-05,3.466786462774566e-06,1
0.05323211925228115,0.946610098515585,1.8829912724737934e-05,1.1719023234409477e-07,0.00011200065640327654,2.3459254886293848e-05,3.3752178872242817e-06,1
0.044105623975298186,0.9556594472423903,1.8456959648332636e-05,1.2083248542244992e-07,0.0001915879214965747,2.1097849991306105e-05,3.665218689749089e-06,1
0.11978142739601244,0.815921000352426,6.321212420581431e-05,2.9584274523158467e-07,0.06414911270536364,5.356437417340453e-05,3.138720507358392e-05,1
0.07501788334852125,0.8446979123026311,5.6213514337616075e-05,3.333796710264995e-07,0.08011433845452472,7.874701224280319e-05,3.457198807135181e-05,1
0.07571602034029835,0.853079348053829,5.060304321626782e-05,3.109639735291933e-07,0.07105288304795877,6.99114702008491e-05,3.09230805230254e-05,1
0.021656611660194204,0.9655480757480888,2.0497874532823143e-05,1.8918817689102958e-07,0.012720491050669814,3.45514347013862e-05,1.958304363625934e-05,1
0.020714197999265747,0.9722852859194921,2.0836042263662654e-05,1.6644263045681277e-07,0.006930879798245508,3.9998765193332836e-05,8.635032908876932e-06,1
0.020622571220032783,0.9723785059644487,2.2778002552471053e-05,1.6799242626091616e-07,0.006931544311980044,3.716281041571061e-05,7.269698144226907e-06,1
0.020267658606364706,0.9714229533860591,2.91483225517017e-05,1.5439892198821442e-07,0.008220785344751683,4.577799204932334e-05,1.3521949301405913e-05,1
0.024669612898387382,0.9623893466743733,3.182302699497861e-05,1.9048301529299555e-07,0.012861905165988629,4.3663032910170044e-05,3.4587183302052626e-06,1
0.01277310733825007,0.9804430109978666,2.6165136325912565e-05,1.492066288414588e-07,0.006692478733181376,3.936982866217065e-05,2.5718759084940298e-05,1
0.007665742267275228,0.9862623740703829,3.230913041641166e-05,1.5000408333610535e-07,0.005984426176218909,3.923383278289145e-05,1.5764518840695346e-05,1
0.012473539102552535,0.9766300293177957,3.489986222527998e-05,1.7091239172112823e-07,0.010820657745363274,3.7803636769724206e-05,2.8994229018517425e-06,1
0.008933128641265092,0.982568000337656,3.239021551267822e-05,1.6012867946121822e-07,0.008421163194520236,4.046032070412512e-05,4.697161662146993e-06,1
0.0048705593796024745,0.9902959711773931,3.852791093003709e-05,1.3739262717903758e-07,0.004750498904918754,4.1715706828538546e-05,2.5895276999143925e-06,1
0.004765468831305051,0.9919252247250762,3.659874157836571e-05,1.3442814909819632e-07,0.0032292239996592627,4.081561996755398e-05,2.5336542643178513e-06,1
0.004826963787680918,0.9927581181830978,3.571864107726682e-05,1.2755876934448226e-07,0.0023422956440340885,3.437200271903741e-05,2.404182621488769e-06,1
0.006324736385216627,0.9902357044415383,3.3846979782447504e-05,1.27234666235419e-07,0.00336890221490306,3.428466985275766e-05,2.398074040586142e-06,1
0.006335334529375298,0.9934890180971148,3.0489392527773986e-05,1.1337596807342787e-07,0.00010848447453246767,3.442328431448462e-05,2.136846167338675e-06,1
0.005901824483423871,0.9939231032955975,3.038649896031177e-05,1.3060385878785865e-07,0.00010811836836656929,3.430711491151411e-05,2.1296348814767103e-06,1
0.005390608859258986,0.9944254675145793,3.258026106088515e-05,1.069127256052922e-07,0.00011661702890297162,3.260439284598433e-05,2.0150306262561873e-06,1
0.005526158648246104,0.99428568286181,3.2255055009870454e-05,1.0584555597051444e-07,0.00011903558594568661,3.47670862163979e-05,1.9949172161329888e-06,1
0.007080527906098867,0.9927167138652028,3.48290650981029e-05,1.1429221739395035e-07,0.00012853483494678413,3.7383211348184326e-05,1.8968250879255184e-06,1
0.010027604023793876,0.9896343239525802,3.647498301518805e-05,1.3314340969362818e-07,0.00025968174250082194,3.957247003760068e-05,2.2096846623275627e-06,1
0.01670809339368582,0.9829351477059519,2.912483913353189e-05,1.332145403906152e-07,0.0002796721410731729,4.561784044816404e-05,2.2108651669467143e-06,1
0.015616139087292487,0.9840167364817196,3.164239600230241e-05,1.110864292358717e-07,0.0002830616586496412,4.956105562034768e-05,2.7482342863418086e-06,1
0.0067393454577531296,0.9930620506354152,2.5477067374063363e-05,1.2100013443621445e-07,0.00013917220517880595,3.1790488150352035e-05,2.043145993877026e-06,1
0.006120197922871913,0.9936305127022584,2.526772146944016e-05,1.9989818849106516e-07,0.00018818116793227653,3.362930976167085e-05,2.011277517752542e-06,1
0.01417604628368541,0.9855428220690997,3.3882109366137964e-05,5.424514525908133e-07,0.00016953412759437527,7.447598729580324e-05,2.6969715059019135e-06,1
0.028320145360021382,0.9687166376502516,3.973539577432139e-05,1.1571475996486348e-06,0.0027769414720558096,0.0001410003187420096,4.382655555100922e-06,1
0.40312108969651383,0.5968329991504223,1.636104984033627e-05,2.1241242873295283e-07,1.4538266884512008e-05,7.307662235691662e-06,7.491761674585433e-06,0
0.586823480398378,0.41312654771774066,1.0245916966146568e-05,1.6270974035117323e-07,2.876893087591488e-05,4.842938858250318e-06,5.951387440670642e-06,0
0.12612906660324036,0.8737302886009519,1.223906004902239e-05,1.7799320597374728e-07,0.00011582641121787508,6.123531646725402e-06,6.277799688111376e-06,1
0.0762768921485023,0.9236048772813841,7.212487135542907e-06,1.3475838206449656e-07,0.00010158701362126773,4.543398501058097e-06,4.752912473634903e-06,1
0.08483773503216117,0.9149513535391465,5.939425335442312e-06,1.2336023885861951e-07,0.00019548303105161065,4.342193431504652e-06,5.0234186350270415e-06,1
0.0993970949023892,0.8994368414797068,7.3900275348973074e-06,1.3807555359194118e-07,0.001148915368473297,4.750237614036167e-06,4.869908727882245e-06,1
0.10338956342691213,0.8963072969310095,9.246859634235078e-06,1.504925679755176e-07,0.0002824365787248946,5.17742234909223e-06,6.128288801934871e-06,1
0.24578217003603103,0.7540522560903046,1.2486941335826437e-05,2.337746142913446e-07,0.00013593421402427561,8.228701598022909e-06,8.690242091904301e-06,1
0.05858234544258611,0.9413841813706586,1.0351076050691325e-05,1.2174543213885288e-07,9.687716785445464e-06,4.285353373503822e-06,9.027295113642318e-06,1
0.046318478549720425,0.9536623695870985,6.331083148347045e-06,7.446379970815125e-08,4.603830941045319e-06,2.6210732483112415e-06,5.521412043467638e-06,1
0.07625278412603033,0.923718371692636,8.059547360967915e-06,7.088216624754098e-51,4.939102245577425e-06,3.3366587495926054e-06,1.25088729773727e-05,1
0.058300824680579816,0.9416788875749926,7.077927079070791e-06,8.324788730272856e-08,4.282704260454363e-06,2.8638749352839407e-06,5.979990265433861e-06,1
0.24171338912418192,0.7582572884370309,9.452628620072688e-06,1.5281569247738799e-07,6.604453673403671e-06,5.2571307883474134e-06,7.855410012978454e-06,0
0.5822350787147849,0.4176955836750566,2.5053744069340066e-05,3.2147658680119263e-07,1.6121767560319964e-05,1.1315287678669748e-05,1.6525334263494547e-05,0
0.6171339527778951,0.38281366912973225,2.0005719174778573e-05,2.6577811610147744e-07,1.3589020428981587e-05,9.143611387023951e-06,9.373963265849464e-06,1
0.4442920260427264,0.5556639681583464,1.3214808317227215e-05,2.46905977737726e-07,1.3511268451233748e-05,8.324471041949495e-06,8.708345139102377e-06,1
0.4654835910263227,0.5344693778231712,1.0187237255558984e-05,1.866875151234325e-07,1.4347947773357031e-05,6.2941967941712885e-06,1.6015081167936574e-05,0
0.21367910520264957,0.7860531772151239,1.482445029427676e-05,2.76980589234966e-07,0.00023350863719784934,9.338440953899516e-06,9.769073191302815e-06,0
0.23575898047735153,0.7639177363489973,1.6017827730202016e-05,2.7599329849842804e-07,0.000269645235865523,2.219414518283685e-05,1.5149971574063244e-05,0
0.21350664512303247,0.7862054367799267,1.5858298485807258e-05,2.8326997968284143e-07,0.00023870255052173137,2.3243054401837128e-05,9.830923651909715e-06,0
0.19162324681836723,0.8080780254389359,1.1341366590414585e-05,1.9742002924394102e-07,0.00025726940704165604,1.9256184987294844e-05,1.0663364047952905e-05,0
0.08855511968092976,0.9110827660094759,1.089863581717225e-05,1.4384445720722446e-07,0.0003273217349424444,1.5317479499202374e-05,8.432614878444445e-06,1
0.06596981303386175,0.933931279601732,9.391786383727195e-06,1.242653688125826e-07,6.948407690161073e-05,1.2622490574987577e-05,7.284745177263413e-06,1
0.0487177427662267,0.95121764101318,6.490717208269242e-06,1.0970022760295074e-07,4.325922511170266e-05,1.1143008725790945e-05,3.6135693198410616e-06,1
0.037370526616076934,0.9624578012877177,3.0007912211044494e-05,1.3279237100285907e-07,0.00012107417710914121,1.6082980765955008e-05,4.374233748189381e-06,1
0.031755369311860376,0.9680827353807068,2.390452644216229e-05,1.2294321135144582e-07,0.00011982915595994669,1.398888332468728e-05,4.049798494769668e-06,1
0.04179814873990684,0.9580122147158527,2.15004056184603e-05,1.361989897023097e-07,0.00014827893967370436,1.523455082950775e-05,4.48644912901144e-06,1
0.03496096141769595,0.9648798887556536,1.8899831340382402e-05,1.1972508704179847e-07,0.00012275719368192424,1.3391860894799189e-05,3.981215646681192e-06,1
0.04701061153418843,0.9528325552328697,2.0171639154952906e-05,1.1752846607368716e-07,0.00010768317691502606,2.495271694739824e-05,3.908171458665527e-06,1
0.04112869374722782,0.9587100263252125,2.0417252464484974e-05,1.1895951266810817e-07,0.00011206099484724718,2.5256545473389026e-05,3.4261752620641053e-06,1
0.04599007505366569,0.9537863461618712,1.7992413927549825e-05,1.3033431737327373e-07,0.00017664468746075485,2.275690901372223e-05,6.0544397439550295e-06,1
0.13224489212537213,0.8542753264863128,3.839651554452526e-05,2.3269355199710028e-07,0.013395140758700944,3.704325057456043e-05,8.96816994305911e-06,1
0.20112400204277034,0.776592083120542,3.842957488100277e-05,2.3289390076110982e-07,0.022192150953140907,3.6810208101070266e-05,1.6291206663980075e-05,1
0.0813457277374747,0.8950663448136742,3.783010497835296e-05,2.292609465988713e-07,0.023494333746905596,3.5995383007081735e-05,1.9538953013529717e-05,1
0.11871245957056947,0.7702114300950587,4.251986803176671e-05,2.9856961225754717e-07,0.11095983670395651,6.660954218973287e-05,6.845650581600138e-06,1
0.06691936957611427,0.8361521773531673,3.1072349740203896e-05,2.3203663876693316e-07,0.09682754218479314,5.5163281202149816e-05,1.44432183440928e-05,1
0.050211694205868795,0.9303485382958723,3.64216041232066e-05,2.3005105660229285e-07,0.019327433637754354,6.205285891469422e-05,1.3629346410006494e-05,1
0.06301277520358244,0.9130020154506059,3.197646599412134e-05,2.41600348131538e-07,0.023889496283828474,5.6277529019167526e-05,7.21746662200181e-06,1
0.02877920762381905,0.9518511900748218,2.1921128987810422e-05,1.6852012720876934e-07,0.01927995783755579,5.1005903829381134e-05,1.6548910858867692e-05,1
0.02800658625721013,0.9637264637763601,2.3552123429833554e-05,1.8734612609125893e-07,0.008188950707685246,4.462902722733819e-05,9.630761961280208e-06,1
0.015302781415887525,0.9760205618303026,2.65950660518394e-05,1.4714942140914133e-07,0.008585563426071302,3.898695419722803e-05,2.536415806787864e-05,1
0.012004259677796154,0.9806534204869741,3.3388830478668574e-05,1.4915099802850957e-07,0.007254096282186389,3.9010706814828564e-05,1.5674864751918435e-05,1
0.01005208057648169,0.9831152883056308,3.1774790965940854e-05,1.5369339176131225e-07,0.006754972983589166,4.0198777913850026e-05,5.5308720270086526e-06,1
0.008641612170673895,0.98332524122566,3.156481620757635e-05,1.573373313682762e-07,0.007954675188195813,4.372888721456938e-05,3.020374716935797e-06,1
0.005748067050501253,0.9890669017323958,3.737852589353948e-05,1.3722210736986085e-07,0.005103265222386797,4.1663932912323914e-05,2.5863138027911364e-06,1
0.005181968182240024,0.9912629930023845,3.4204994035186927e-05,1.2736666179625414e-07,0.003483985655438343,3.4320237393893724e-05,2.400561846286246e-06,1
0.006087842656257446,0.988530897580226,3.365997330697643e-05,1.2653168751639121e-07,0.005310993188860925,3.409524511492097e-05,2.3848245460335653e-06,1
0.00602220903840185,0.9937991656127126,3.100631833395634e-05,1.1529817638389744e-07,0.00011032375107446093,3.500690643747372e-05,2.173074863162411e-06,1
0.004960561231096704,0.994849177872338,3.602932488163153e-05,1.0766748313812165e-07,0.00011928159526628944,3.281305306425578e-05,2.0292558696539066e-06,1
0.005743728755176057,0.9940707293427936,3.226458167884118e-05,1.058226733371624e-07,0.00011900985177438331,3.216715996653715e-05,1.9944859371925944e-06,1
0.007430229190662739,0.9923747541901058,3.481706758096782e-05,1.1425284732091714e-07,0.00012308906957110596,3.4842856140214694e-05,2.153373091792393e-06,1
0.01623318670958466,0.9834091800314732,2.913888493834121e-05,1.3327878470879018e-07,0.0002802092918113189,4.563984020170156e-05,2.511963206418551e-06,1
0.026645445068967197,0.9710315904047947,4.133108491271003e-05,1.20361619069423e-06,0.0021292085792293603,0.00014666259220730526,4.558653698073806e-06,1
0.5128420965792252,0.4871134782049259,1.5103482837593071e-05,1.9608567317912873e-07,1.3401538053864668e-05,8.808190380434949e-06,6.9159189037170615e-06,0
0.2476301085080325,0.752164979380767,1.7272221380610712e-05,1.8214252759787193e-07,0.00016930645998822452,8.043417606873851e-06,1.0107869697214564e-05,0
0.24972355942476282,0.7501007902795577,1.2547480392381279e-05,3.1479079262925595e-07,0.0001436853226423976,8.535258118496412e-06,1.0567443733649069e-05,0
0.4690998048199176,0.530806504707675,9.587682356281455e-06,1.9913353881455488e-07,6.878527241040895e-05,7.009360165262195e-06,8.109023936686551e-06,0
0.0957137994700033,0.9041745112407329,7.524861792002391e-06,1.40594801944539e-07,9.43248960970246e-05,4.740174248349565e-06,4.958762324488321e-06,1
0.07392798238529648,0.9259511498563952,7.450399434315811e-06,1.7800624673766938e-07,0.00010374999020130603,4.693267798751718e-06,4.796094627412182e-06,1
0.11568372382276887,0.8838881019157865,7.112223872170918e-06,1.4062644921124742e-07,0.0004111235360774452,4.837996525770239e-06,4.959878519907043e-06,1
0.22412839053995218,0.775701746068524,1.2488277830603833e-05,2.337996355149321e-07,0.00014040669175577135,8.043450081345878e-06,8.691172220657035e-06,1
0.0652370695316334,0.9347375610907341,8.386423696488905e-06,9.86379360009019e-08,6.098431499622889e-06,3.471985801609568e-06,7.313898698598796e-06,1
0.31746408545403365,0.6824819193945117,2.068132428677827e-05,2.4324587329923823e-07,1.2198566210865378e-05,8.36808935606596e-06,1.2503925727478959e-05,0
0.3553928423487912,0.6445483086655708,2.0896039183380405e-05,2.4577126827927497e-07,1.0832517608890715e-05,8.650976146715358e-06,1.8223681430879827e-05,0
0.568810869548476,0.43112398332427576,2.127754042033554e-05,2.730223344238021e-07,1.3959411461238304e-05,9.392835507179896e-06,2.024431752518013e-05,1
0.5083358723630984,0.4916111699105597,2.022710933777216e-05,2.687193080641246e-07,1.3739401198671099e-05,9.244797732670318e-06,9.47769876454319e-06,1
0.41538904138152116,0.5845610597778258,1.7909433346502532e-05,2.6045770228668414e-07,1.3761267304055957e-05,8.781369411158324e-06,9.186312888946543e-06,1
0.5155076441603654,0.4844491748942685,1.1916522876718598e-05,2.5070232071823803e-07,1.3719013154754623e-05,8.452465299100088e-06,8.842241714809529e-06,0
0.4647888714720821,0.5351719514240039,1.0686987838880574e-05,2.2483510336135245e-07,1.2881999455064197e-05,7.580348294092048e-06,7.802933222537214e-06,0
0.5403743528055119,0.45954351278333405,1.0633968263808895e-05,2.096188100783864e-07,4.826594203283795e-05,6.307507099738421e-06,1.6717374947680684e-05,0
0.44823539379785116,0.5510973572539463,9.93133814146787e-06,1.8199800328292946e-07,0.000642493344638392,6.136089218668947e-06,8.506178200751885e-06,0
0.3984231163088564,0.6008997569053148,1.0025791258109997e-05,1.8372891591402187e-07,0.0006521357412920477,6.1944471904187416e-06,8.587077172303325e-06,0
0.39452492135703693,0.6050806830724251,1.126925944111046e-05,2.370850560931644e-07,0.00036499752538344084,7.99335723666832e-06,9.898343420638656e-06,1
0.2772159399072942,0.7224193225170973,1.6618693375752304e-05,3.1050429473989937e-07,0.0003202953127497519,1.0468697573247542e-05,1.70443676151826e-05,0
0.2721133658079606,0.7276014514164957,1.3093316867851136e-05,2.402894601892983e-07,0.00024196006812356567,2.3617736775021832e-05,6.271364317071883e-06,0
0.5000245749963317,0.49917251654395384,1.3634008432416144e-05,3.568885125514052e-07,0.0007554116321804369,2.66179853198306e-05,6.887945269354017e-06,0
0.1845019514469544,0.814559523666047,1.5860119249724675e-05,2.362879307137243e-07,0.0008780358156794346,2.4415168190767892e-05,1.997749594777366e-05,0
0.1273558219734554,0.8721159710588569,1.388555266668071e-05,2.0687035543464645e-07,0.000474708611892933,2.463038928555297e-05,1.4775543487315805e-05,1
0.07365549591104732,0.9262541717156565,8.873501361476116e-06,1.499718887380996e-07,6.087263939607567e-05,1.549612672463005e-05,4.9401339251919365e-06,1
0.03555782719198544,0.9643617499758924,7.708670085244999e-06,1.1651539053243425e-07,5.665863978293729e-05,1.2614769590521598e-05,3.3242372728539223e-06,1
0.030628057363765848,0.9692913519073423,7.748075085435109e-06,1.1711099119186178e-07,5.69482660980771e-05,1.2436046685734303e-05,3.3412300315166004e-06,1
0.05485002481790851,0.9429230358123485,2.840245581046629e-05,1.8890657227069148e-07,0.0021700546237942253,2.2011606905476778e-05,6.2817766606389095e-06,1
0.13175728185999538,0.8656970989737527,2.7302624991213084e-05,1.6702067075707526e-07,0.0024954377397271776,1.7157783779604246e-05,5.553997083291687e-06,1
0.07996584584126315,0.9150416424112212,2.8370518356987384e-05,1.7797639511583936e-07,0.004923192612445116,3.4888770599183445e-05,5.881869719149134e-06,1
0.09076432295648125,0.9007835156668048,3.271690107625702e-05,2.1471190810362718e-07,0.008371765601205257,3.749000565938729e-05,9.974156864995407e-06,1
0.13063274364040917,0.8267278839548832,4.8121541490166774e-05,3.238355397187426e-07,0.04252865517087141,5.158245284920736e-05,1.0689403957149439e-05,1
0.1710865083865438,0.7847914316035585,4.5602024543605905e-05,3.200845419482313e-07,0.04401021895857722,5.372023458000917e-05,1.2198707655109284e-05,1
0.14437373274405385,0.786898250833429,4.478993520402091e-05,3.143844168576545e-07,0.06861816705745188,5.2763574645301344e-05,1.1981470799014104e-05,1
0.11700877286322793,0.8134956734585148,3.708230596546547e-05,2.591785392968913e-07,0.06939525764622903,5.701206159897531e-05,5.942485924339706e-06,1
0.09253683535366464,0.8682319968697627,4.278172240795493e-05,2.6583931333497157e-07,0.039105588893436516,6.598404135004806e-05,1.6547280064668226e-05,1
0.09500914862470608,0.8670834715563086,3.9546478921922753e-05,2.826978805822415e-07,0.03777434221788565,7.561177561111124e-05,1.7596648685998172e-05,1
0.0384450313183843,0.9400128356220953,2.5988033349200465e-05,2.1469607697966826e-07,0.021452356654482987,4.998755002812866e-05,1.3586125582974665e-05,1
0.05686810970979106,0.9187528877741008,3.124607255963698e-05,2.011305411138561e-07,0.02427930785445933,6.142687448759282e-05,6.8205840602445805e-06,1
0.033779198399340876,0.9506366584396503,2.6667963485671868e-05,1.691877598172042e-07,0.015493406010911958,5.558087420852129e-05,8.319124642954108e-06,1
0.03590580376028477,0.9543053798412389,2.9233515711556104e-05,1.730506573578269e-07,0.00969275562746793,5.149877359590779e-05,1.5155431043398843e-05,1
0.02908195252873011,0.9607696636479826,3.152325826041183e-05,1.6223711357613406e-07,0.010063626807681381,4.1636088343848065e-05,1.1435431888257055e-05,1
0.021162051215493246,0.9704124495636198,3.052154690761022e-05,1.6691905978012948e-07,0.008337416605320445,4.8281850419735975e-05,9.112299179254101e-06,1
0.0069589122314384745,0.9853509063748981,3.052325836710528e-05,1.5482831756511926e-07,0.007621609594115388,3.53220226016001e-05,2.5716902619037016e-06,1
0.005659610009273021,0.9906767233868659,3.6352626456936795e-05,1.3417023235375115e-07,0.00358849748562235,3.615352840871932e-05,2.528793140633666e-06,1
0.008544210259725566,0.9911626184611905,3.472230043771304e-05,1.2712383777439607e-07,0.00021626495060134458,3.9660945961944325e-05,2.3959582453106117e-06,1
0.007177553540757814,0.9925015778315643,3.58266493829146e-05,1.3116703405996386e-07,0.00024151627973024496,4.09223694070107e-05,2.4721621237288136e-06,1
0.010027348316149383,0.9896090879080289,3.647405288951022e-05,1.331400144869974e-07,0.0002790644305273669,4.5382804646598395e-05,2.509347743709676e-06,1
0.020524315219659202,0.9791399227093779,3.1350796078624594e-05,1.4495036640067767e-07,0.0002653115345325831,3.622284740358714e-05,2.7319425814915606e-06,1
0.018608570077665254,0.98105504275547,2.989810126047825e-05,1.319891704724768e-07,0.00026748292518482815,3.638649396284592e-05,2.487657286168971e-06,1
0.0157365245156727,0.9839060640039189,2.9153607848392083e-05,1.3334612604882802e-07,0.00027994839352023313,4.56629004959938e-05,2.513232417934965e-06,1
0.01337600146812282,0.9862994718363024,2.7123097826638406e-05,2.6364071462385114e-07,0.00024868933612915204,4.5923069111503176e-05,2.5275517929971066e-06,1
0.009814505512601141,0.9898754277618403,2.7852456147691935e-05,1.9148237703799796e-07,0.00023830674671766676,3.99657391695595e-05,3.7503011464782874e-06,1
0.01638503975478841,0.9795624034809508,3.123329573706634e-05,3.4244010811978725e-07,0.003959428991766063,5.8081300040374695e-05,3.470736608977833e-06,1
0.4239453059537721,0.5760062348947426,1.5206610816428576e-05,2.1424837119469867e-07,1.4663925357759946e-05,9.649843784508742e-06,8.724523155448148e-06,0
0.43311342537498815,0.5668380152217513,1.5238070090547946e-05,2.1469160593782506e-07,1.4694261929995844e-05,9.669807278313555e-06,8.742572355813787e-06,0
0.42132178568458306,0.5786304284490207,1.6292350365771862e-05,2.4448690628909747e-07,1.4477221211661558e-05,9.311503882507289e-06,7.46030403001932e-06,0
0.46553377134151286,0.5344267556913506,1.351792599844104e-05,1.8572470521311428e-07,1.2923729797411137e-05,6.295097867743632e-06,6.550488767719787e-06,0
0.09325956990970492,0.9064394185824723,6.9590942955305155e-06,1.32487199558608e-07,0.00028396686333212543,4.557980484956371e-06,5.39508251056499e-06,1
0.13059342953647687,0.8689619972726748,7.18386719666679e-06,1.4204301687202722e-07,0.00042735070898538283,4.886730952756134e-06,5.0098406966675646e-06,1
0.08763609029382707,0.9120623884852158,8.245127148445344e-06,1.5405226706957788e-07,0.0002823887486816379,5.2998873046283015e-06,5.433405555405794e-06,1
0.09943852094522766,0.9002172228450729,8.12708063536203e-06,1.518466815603754e-07,0.0003253976594142695,5.224008157493033e-06,5.355614810832002e-06,1
0.2430422365549996,0.756770343192315,1.2183494942026569e-05,2.2809363431707863e-07,0.0001585008693397344,8.028735108358129e-06,8.479059661145998e-06,1
0.18100944863841278,0.8188344813325488,9.855536374088977e-06,2.0129413358235652e-07,0.00013144496099360531,7.085411577740762e-06,7.4828259595831115e-06,1
0.06654960132715082,0.9333598365588894,6.668541752933814e-06,1.2484528710846645e-07,7.429036875339404e-05,4.394466082851763e-06,5.083892083532157e-06,1
0.0495887378145639,0.9503375498082158,6.751882763858921e-06,1.0005313827508184e-07,5.608776877215728e-05,3.521799923858774e-06,7.250872622272746e-06,1
0.05882696918260691,0.9411396620006975,1.0462663384365365e-05,1.2305788005178852e-07,9.326933077214796e-06,4.331550614685177e-06,9.124611739188005e-06,1
0.0540420776922029,0.9459348765926537,8.040119583151316e-06,9.456482971374611e-08,4.8649066327828305e-06,3.2531978210060225e-06,6.7929262767257936e-06,1
0.03167649648910398,0.9683050868643064,6.04553790368668e-06,7.757319166650305e-08,3.9907684051975506e-06,2.730410287707498e-06,5.572356801529531e-06,1
0.09932085076656758,0.9006569124682631,5.930438787432343e-06,1.2317357951493102e-07,5.516033636194701e-06,4.335446324384631e-06,6.331672841774144e-06,1
0.30272543970626253,0.6972408906515379,1.2896209570490217e-05,1.516803138776448e-07,7.6066340884850154e-06,5.218071751304972e-06,7.797046475331533e-06,0
0.43060182285312126,0.5693580975130974,1.3694117484450582e-05,2.0292699881695933e-07,8.770185450474996e-06,6.981048581940835e-06,1.0431355265731515e-05,0
0.4364610716874615,0.5634904427112096,1.9511409109003253e-05,2.4494175752059115e-07,1.166340867283667e-05,8.426774469150837e-06,8.63906732032805e-06,1
0.5869950152526965,0.4123336729947787,1.133688750432158e-05,2.2347488817850062e-07,0.0006433169191439969,6.7244415864780334e-06,9.710029401877117e-06,0
0.5727124328554626,0.4265747951083394,1.2037054855974748e-05,2.3727672052069183e-07,0.0006830482389951489,7.139743798408425e-06,1.0309721827879853e-05,0
0.493326754501842,0.5060143330369815,8.324806231649516e-06,2.2076684051100445e-07,0.0006349141932221386,6.3227312983248095e-06,9.129963583943929e-06,0
0.5065401710457889,0.4928066679864884,1.1734617374325284e-05,2.3131501521428936e-07,0.0006235789057262191,7.250247462137087e-06,1.0365882144835266e-05,0
0.42895516425917396,0.5706877601381066,1.3853439455439211e-05,2.8648732050659917e-07,0.00030795157675789973,2.8158464044889138e-05,6.82563514074087e-06,0
0.5578703729508243,0.44173064465873685,1.216663116942861e-05,2.7170897196933907e-07,0.0003509477554450549,2.8349413352419962e-05,7.246881499963688e-06,0
0.4462461586147855,0.5528176770603396,1.1649940785763156e-05,2.789023069166966e-07,0.0008905136150613156,2.52044628871826e-05,8.517403833744453e-06,0
0.24830956307123103,0.7506508480159608,1.3312649326342398e-05,2.7317680656588696e-07,0.0009827914637638687,2.612404121389941e-05,1.708758169767404e-05,0
0.17214347376413436,0.8268952683169017,1.3765076150434423e-05,2.459815271416035e-07,0.0009011466205815907,2.530317778707946e-05,2.0797062917497276e-05,0
0.10115707749376517,0.8987444642741287,8.656841416976382e-06,1.4631009845184536e-07,6.90395904316664e-05,1.5795977068892997e-05,4.819513090365662e-06,1
0.05020616666893299,0.949719477849399,8.018102934380317e-06,1.3458167754883547e-07,4.579553477879735e-05,1.5974088056435624e-05,4.43317422059873e-06,1
0.05028386317668851,0.9496370808559176,7.410605764866291e-06,1.3059809596614726e-07,5.166372007439141e-05,1.5549090006763032e-05,4.301953451920044e-06,1
0.03844944690522556,0.9613582463563105,2.3149818202583253e-05,1.3221004007375913e-07,0.00014962636508296417,1.5043293603720368e-05,4.355051534757642e-06,1
0.046131736288252935,0.9536979529690558,1.9584012637692658e-05,1.2405918208728305e-07,0.00013447480113681416,1.2041310717760356e-05,4.086559016611589e-06,1
0.06075589544624597,0.9390641070827934,2.107515843104959e-05,1.3350516902157992e-07,0.00014093407169763037,1.3457022063228996e-05,4.397713599671693e-06,1
0.07500291951852531,0.9224100664039385,3.7850725274499345e-05,2.159255884042429e-07,0.0025167521729563863,2.508249860486968e-05,7.112755112367899e-06,1
0.0928050539007694,0.9024688473937225,2.7214720198719286e-05,1.9737113856786452e-07,0.004652274576407307,3.869072846380534e-05,7.721309299722473e-06,1
0.2008027577260776,0.7644533963461565,3.97702299192431e-05,3.0528227954151806e-07,0.034645066252294326,4.862717910401574e-05,1.0076984168608952e-05,1
0.1668731136967528,0.7938545831033492,3.488582865578507e-05,2.8205307403437873e-07,0.03918289800791722,4.492709294658768e-05,9.310217304523833e-06,1
0.11422111623428075,0.8618018029010841,4.055486322629449e-05,3.0499584643172106e-07,0.023873694741912165,5.6476200026674036e-05,6.05006362351073e-06,1
0.1099357606525135,0.8514168381694232,3.7490555413677807e-05,2.6153986895216106e-07,0.03853278913970906,6.725595238949354e-05,9.603990682001557e-06,1
0.12346477357764808,0.8382145432965026,4.1285367314162636e-05,3.0380877428166637e-07,0.03819288746474657,6.729577985537313e-05,1.8910705158976086e-05,1
0.08082488936134294,0.8916601792142197,3.1753023588749497e-05,2.2682266014492612e-07,0.027410611911033618,6.0667112350013347e-05,1.1672554804619663e-05,1
0.0667720145060181,0.9073998813464388,2.9695534604888173e-05,2.1212531570987018e-07,0.02571286184703176,6.478476650830992e-05,2.054987408272315e-05,1
0.05527823987349049,0.9248150995104102,2.771126469500981e-05,1.817554316832117e-07,0.0198074740778329,5.970955461562189e-05,1.1583963524001483e-05,1
0.04171110284405023,0.940991433390879,2.6327425435401203e-05,1.7649880767174897e-07,0.01719655520989077,5.7462760082016566e-05,1.6941870854822227e-05,1
0.0405065217382422,0.9452118858605454,2.6081901069131534e-05,1.7140167251054436e-07,0.014182883037524917,5.600345688404966e-05,1.6452604061636267e-05,1
0.04050712592139335,0.9452259843580514,2.939609209769252e-05,1.6826852668847003e-07,0.014183094585162143,4.365939020853983e-05,1.0571384560369523e-05,1
0.016623075101968227,0.9706655952653038,3.052950888131726e-05,1.6696260295863208e-07,0.012627382885600351,4.829444541777893e-05,4.955830225521538e-06,1
0.015078156971057091,0.9747492764374374,3.47058460930749e-05,1.6756655648493985e-07,0.01008467156841336,4.8044930574461696e-05,4.976679867955523e-06,1
0.011914236530234209,0.9769462688039403,3.52653103516463e-05,1.5998878711637712e-07,0.011055930472076323,4.508585349086521e-05,3.0530411198169828e-06,1
0.011019794395654849,0.9800981030998073,2.634685494067896e-05,1.3843416916756446e-07,0.008813996431474987,3.901162563772922e-05,2.6091583153651013e-06,1
0.008981618058056445,0.9908271495127458,3.206119872174777e-05,1.148211621323009e-07,0.00012743718957675167,2.9455135369332143e-05,2.164084368151777e-06,1
0.009072792911935518,0.9907529335908497,3.123470519109355e-05,1.1598674305680331e-07,0.0001109826102221278,2.975414247984699e-05,2.186052578642676e-06,1
0.00902093913520711,0.9908071889724678,3.011718436375014e-05,1.1199189783055238e-07,0.00010716011862560452,3.237183744418658e-05,2.1107599936629615e-06,1
0.005358175283492544,0.9944697060992007,3.5604109627672595e-05,1.0639679998388259e-07,0.00010180641571864822,3.2596388408783907e-05,2.005306751739614e-06,1
0.004923870318807363,0.9948707718749753,3.31188070350948e-05,1.0862439603516438e-07,0.00013723708066672017,3.284600289664492e-05,2.0472912231002213e-06,1
0.006185923597662566,0.9935928966983145,3.545789794847439e-05,1.1629624053934464e-07,0.0001492954754765337,3.411814854496525e-05,2.191885812268876e-06,1
0.015118741915476868,0.9845078283426608,3.301406802405967e-05,1.4574502288470255e-07,0.000290609775922527,4.691323307495626e-05,2.7469198177709424e-06,1
0.02167728583242646,0.977962928181476,3.598350393688559e-05,1.5201327058059627e-07,0.0002790931108747108,4.190669531790668e-05,2.6506626975305945e-06,1
0.021585776843960337,0.9780472284430737,4.316431907881266e-05,1.5202637410232187e-07,0.0002791171686601123,4.1910307668923464e-05,2.6508911842680462e-06,1
0.018014309959497862,0.981649099181745,2.991620540184969e-05,1.3206909362816197e-07,0.0002676448936205426,3.6408527008522476e-05,2.4891636326355953e-06,1
0.016197527393831415,0.981383832242796,3.0508743174996505e-05,3.164810871376482e-07,0.002329727223609154,5.469769332567996e-05,3.390222175807718e-06,1
0.4205426131454087,0.5794086742018599,1.521056568922581e-05,2.0661442076382656e-07,1.4667739091155126e-05,9.900941336749753e-06,8.726792193546961e-06,0
0.5236966018552963,0.47625107480356477,1.9267814189428023e-05,2.1130130080521715e-07,1.446221731221243e-05,9.77749441940422e-06,8.604513917056312e-06,0
0.5284267634209323,0.47152357506050785,1.685361906498217e-05,2.188073622089328e-07,1.497595902021741e-05,9.895822877484101e-06,7.717310235056453e-06,0
0.4612494543528088,0.5387105467023783,1.458206921749161e-05,2.0034512003751072e-07,1.1359727776529317e-05,6.790653599443274e-06,7.066149099374201e-06,0
0.19566526765555714,0.8042552959915082,1.5196676466379154e-05,2.6491840613176975e-07,4.959815311049835e-05,7.183014972545202e-06,7.193589979111663e-06,0
0.2302092547377016,0.7697464936860248,1.0804495538097593e-05,2.2440641561282463e-07,1.6463418813657706e-05,7.898947609677275e-06,8.860307896343309e-06,0
0.08169018153987075,0.9181785390183704,8.191710890437378e-06,1.5305423568736294e-07,0.00011237622565441818,5.160245873757517e-06,5.398205104547472e-06,1
0.1410266938894574,0.858858006104804,5.846136884590004e-06,1.4125847483922296e-07,9.844867601139327e-05,4.5329710126866175e-06,6.3309633551837394e-06,1
0.0979749430472184,0.901918214646728,7.401786834163592e-06,1.3829526478359485e-07,8.99102370229073e-05,4.662645017662002e-06,4.729341913915883e-06,1
0.1003243369914437,0.8986260416708488,6.86302308097398e-06,1.5716314110821878e-07,0.0010331276074400542,4.677848305300811e-06,4.795695740015279e-06,1
0.09121810690792002,0.9085158668394717,7.353745528517551e-06,1.3739765921432835e-07,0.0002489621940542185,4.726915894245008e-06,4.845999471969533e-06,1
0.03842637471769478,0.9615506981637457,7.188709328546243e-06,8.455087369066457e-08,6.408369299072838e-06,2.9761311405075185e-06,6.269357917686857e-06,1
0.04129809310536869,0.9586821276754269,6.59790436870826e-06,7.760204268627691e-08,4.797857738868555e-06,2.7314257818428897e-06,5.574429272351128e-06,1
0.03944023243362865,0.9605425181380833,5.998334189531294e-06,7.05501261931285e-08,3.629465393207649e-06,2.4832134171418912e-06,5.067865161861113e-06,1
0.2883045739857278,0.7116667181670384,1.0411428666662192e-05,1.3359402659415832e-07,6.699622717875124e-06,4.595871398818383e-06,6.8673304237857995e-06,0
0.34292947548068986,0.6570318668577311,1.7702037929904752e-05,1.8099639034070344e-07,9.076809491368336e-06,6.22659676381504e-06,5.471221003650853e-06,0
0.32813044994388074,0.6718218351526585,1.5318225570696543e-05,2.4764172403219066e-07,1.0702685486403343e-05,8.716458565608924e-06,1.2729892114198694e-05,0
0.35993136244771345,0.6399995643460088,2.3997539406477883e-05,2.8224996039089807e-07,1.4154585523080818e-05,9.710295150229371e-06,2.092853623745411e-05,0
0.38819760172627493,0.6117529152848943,2.0121289212071554e-05,2.351727047584372e-07,1.2741324924498684e-05,8.090688024613154e-06,8.294513964777842e-06,1
0.4489035189097807,0.5510458470288525,1.593324228906878e-05,2.959963812084418e-07,1.3932332759226123e-05,1.0032731973201813e-05,1.0439757964169285e-05,1
0.5119136029830661,0.48803658161515934,1.517993264530891e-05,2.8200193334673334e-07,1.4899555478584014e-05,9.507736302813558e-06,9.946175414538248e-06,1
0.5477122074765879,0.4522443503771443,1.3221080601750193e-05,2.4561178087827246e-07,1.3031917912857468e-05,8.280837006120087e-06,8.662698966282556e-06,1
0.41324191789954445,0.5867168487425538,1.2380527062547703e-05,2.3131823526352237e-07,1.266401729892953e-05,7.798928031509665e-06,8.158567273663238e-06,1
0.4183427056239872,0.5816170848665596,1.3270397424177982e-05,2.1597561392911126e-07,1.1824052296738682e-05,7.281649316040207e-06,7.617434802336309e-06,1
0.45247865185248193,0.5474724853879573,1.2711921395515963e-05,2.3295393620859128e-07,1.5481130456127983e-05,7.854075927381913e-06,1.2582677845348586e-05,0
0.5887622708361306,0.4107942128586287,9.624939863339665e-06,2.429411707507869e-07,0.00041719557028395236,7.310189189397331e-06,9.14266473338101e-06,0
0.5958592163503571,0.4036430157053264,1.1827853489034317e-05,3.422754311420011e-07,0.0004673950836480272,8.054123287601673e-06,1.0148608460748122e-05,0
0.49844195876192965,0.5013362354402143,1.461831347658658e-05,2.6788976734100694e-07,0.00018536708556495272,9.031942568169183e-06,1.2520566479062579e-05,0
0.3087537133797069,0.6909828139089561,1.3370602514693979e-05,2.5511095766075594e-07,0.0002220564853876749,1.893685156198237e-05,8.853660915062292e-06,0
0.4360566754657188,0.5636061695506467,1.3435467550541048e-05,2.8385387885434827e-07,0.0002911173360803494,2.5555433418293736e-05,6.762892706447759e-06,1
0.2537198241427667,0.7453225300422955,1.3175979013296506e-05,3.468446846943572e-07,0.0009010908883448958,2.5938605869740796e-05,1.7093497025221395e-05,0
0.24638135521273713,0.7526724287139155,1.3308365543464574e-05,2.3858133485894104e-07,0.0008915710069815444,2.4541948343703467e-05,1.6556171143883274e-05,0
0.04143643767645615,0.9584559312300285,9.106468033770815e-06,1.5333883005800208e-07,7.587284744882339e-05,1.7447396885490717e-05,5.051042317281523e-06,1
0.03952586442482004,0.9602917433184479,2.1810773275824134e-05,1.3689236085153137e-07,0.00014035923856760694,1.5576063476322568e-05,4.509289051651883e-06,1
0.040734796996686105,0.9590841073291739,2.1582685400465415e-05,1.3672020885421262e-07,0.00014018272672201344,1.529285184686723e-05,3.900689961632412e-06,1
0.08475054006945108,0.9126842361456359,3.7451629750088385e-05,2.1364888339230504e-07,0.0024902157057950782,2.4818030411416287e-05,1.2524770073424208e-05,1
0.09351992647930304,0.9038385927153129,2.914955041499094e-05,1.9387554684966696e-07,0.002586145697181764,1.9605272472206103e-05,6.386409768333846e-06,1
0.17053531135777952,0.8264492726394074,3.381900233946011e-05,2.2864562580930743e-07,0.0029384366231472586,2.7065041565335706e-05,1.5866690134990344e-05,1
0.20647571805877707,0.789227547970287,2.278357670205107e-05,1.6523485971917912e-07,0.004238211290766622,2.8110599156164692e-05,7.463269451286729e-06,1
0.2462685302633902,0.7467039648594257,5.0196153871108426e-05,2.490438970175118e-07,0.006930786353200299,3.936280703597948e-05,6.910519179418831e-06,1
0.13931027878439256,0.8436662569757082,3.583454162369433e-05,2.4998726257340255e-07,0.016934781629127857,4.408753463995678e-05,8.510547245477408e-06,1
0.08666664251100625,0.8862918153787034,3.0281524916717372e-05,2.2283422836767948e-07,0.026950094917900895,4.94755277232726e-05,1.146730552099583e-05,1
0.04201856626170558,0.9406268235564718,2.650205196413622e-05,1.9906472905428207e-07,0.01726270944133953,5.598428318713567e-05,9.215340602624881e-06,1
0.023095224285234868,0.9627148628668216,3.508708723812595e-05,1.602430041742004e-07,0.014101525650102103,4.9487771188661144e-05,3.652096410348381e-06,1
0.022905446640988005,0.9630763897198272,2.9954110941897513e-05,1.5727375098308256e-07,0.013935660923530968,4.887210229302014e-05,3.5192286676733544e-06,1
0.022928439282356165,0.9640431322761301,2.998417907989036e-05,1.5743162343192223e-07,0.01294327149606938,4.9532660175342134e-05,5.482674565542249e-06,1
0.023138266509472254,0.9626212124501572,3.371653409647692e-05,1.5719941893909583e-07,0.01415171311723389,4.945960175173176e-05,5.474587869622643e-06,1
0.015802242092431806,0.9719211702303681,2.9021988251048712e-05,1.586249155829376e-07,0.01219369271657617,4.900323182355676e-05,4.711115633677774e-06,1
0.012423324418858071,0.973035149548659,3.10296435607502e-05,1.4342820330679457e-07,0.014467441612856166,4.0208063756196095e-05,2.703284106562051e-06,1
0.009342884723562714,0.9776155384776443,3.0173053951434297e-05,1.409928873942914e-07,0.012965178349962928,4.342701785863979e-05,2.6573841325754456e-06,1
0.0072195263387689595,0.9843198080453499,2.846086576313751e-05,1.313931183410573e-07,0.00838968679057197,3.991011535104509e-05,2.4764510768028326e-06,1
0.005857932008924269,0.9885773048664743,2.747326023897053e-05,1.2683371489243752e-07,0.005496262746550972,3.850976704545195e-05,2.390517051319058e-06,1
0.008981639975335066,0.9908295673660279,2.9623140311233217e-05,1.1272087646219403e-07,0.00012743750055372403,2.9455207246849593e-05,2.1640896490309847e-06,1
0.00902095439924017,0.9908088654845763,2.8459302139760713e-05,1.1199208732834253e-07,0.0001071602999477007,3.233775844353212e-05,2.110763565210208e-06,1
0.005119508415396063,0.9947290922071288,3.80455391898645e-05,9.860089250524773e-08,7.917697653745705e-05,3.221988696155831e-05,1.858373893747532e-06,1
0.005521709048315899,0.99432359605571,3.5420994591481036e-05,1.0584959197662026e-07,8.499771601951985e-05,3.217534248691974e-05,1.9949932844949626e-06,1
0.016763936373659537,0.9828650891284405,3.295898110387199e-05,1.4550183430104936e-07,0.0002882927244680589,4.683495415688222e-05,2.7423363367938864e-06,1
0.015645568818830745,0.9840389129059731,2.3811335050522482e-05,1.355527947202917e-07,0.00024557524578912304,4.3632500971957445e-05,2.363640589658905e-06,1
0.024254759294974917,0.9753850612149335,4.0262015887311305e-05,1.8295724205553094e-07,0.0002704415694768693,4.632711559099622e-05,2.9658318941664758e-06,1
0.024254767363474122,0.9753853856829481,4.026202928072574e-05,1.829573029174156e-07,0.000274441213671047,4.199492044242553e-05,2.9658328807692286e-06,1
0.0215858328242266,0.9780497648977338,3.718796145511322e-05,1.6352949700514844e-07,0.0002754646521551173,4.89352368732689e-05,2.650898059053948e-06,1
0.010334153055839474,0.9894222589272597,2.597579202113205e-05,1.2977031745288603e-07,0.00017563934213221964,3.938044842199164e-05,2.462664007876962e-06,1
0.5272052867457648,0.4727493344029301,1.6496748082716283e-05,2.1295047060475044e-07,1.1527476405491816e-05,9.630937997274846e-06,7.510738348871855e-06,1
0.48610956320973925,0.513848492911956,1.5297353806138178e-05,2.1017251659118233e-07,1.1899840713134365e-05,7.1237510353471385e-06,7.41276023367045e-06,1
0.20889851477411067,0.7910233557926318,1.4946654470593719e-05,2.605598591318452e-07,4.878214381692727e-05,7.06483704441956e-06,7.075238066611671e-06,0
0.42416418061510264,0.5757685388808333,1.2897697669280976e-05,2.3446666953145727e-07,4.044019179740816e-05,6.357344596772034e-06,7.350803330886278e-06,1
0.20980761558046926,0.7901478042970483,1.160661366408421e-05,2.2949177307725838e-07,1.6754622950292932e-05,7.895245930392355e-06,8.094148164627322e-06,1
0.14933455031115017,0.85053528148727,6.150483961658471e-06,1.4144845558926435e-07,0.00011249633050710742,4.768955305456733e-06,6.610983350146867e-06,1
0.11849289571154148,0.8813884729582806,6.004336651739138e-06,1.3808736865602715e-07,0.00010137937669751497,4.655635769406744e-06,6.453893690443903e-06,1
0.09679439378167175,0.9029378389355052,7.401872707823051e-06,1.3829686925029174e-07,0.0002505915471651023,4.757851575650102e-06,4.877714505430699e-06,1
0.1067986289862692,0.8929221146637264,8.06122105066522e-06,1.506161585923072e-07,0.0002605506241274529,5.181674258871647e-06,5.312214408761085e-06,1
0.12241363764174527,0.8772725892125841,8.241585855432087e-06,1.5398610141715945e-07,0.00029475483795078536,5.191663862717333e-06,5.4310719005348485e-06,1
0.058204487796504535,0.941705369838443,6.616325935404696e-06,1.2596157737246625e-07,7.383696968672857e-05,4.433758713093407e-06,5.129349139761616e-06,1
0.0427133186466938,0.9572669313319745,6.5881646125706485e-06,7.748748737760504e-08,4.790775192388925e-06,2.7273936802032683e-06,5.566200359247059e-06,1
0.039154430553621805,0.9608265114580284,6.609438412144433e-06,7.773770171997315e-08,4.050437405644549e-06,2.7362006894271642e-06,5.584174140686006e-06,1
0.3084528204814091,0.6915187554028,9.711744951459256e-06,1.4391400238191051e-07,6.21973664011026e-06,4.950896864915849e-06,7.397823332089684e-06,0
0.49809912323529393,0.5018619226072909,1.4588392553865614e-05,2.157459654266502e-07,1.0206332047514176e-05,7.42204376343095e-06,6.521643085109448e-06,0
0.2904746923619522,0.7094797930804927,1.5488653177853223e-05,2.2951942019391958e-07,9.919468041814567e-06,8.078592264455535e-06,1.1798324650664455e-05,0
0.4001303496818823,0.5998087685565008,1.9458699946587617e-05,3.1457860311290136e-07,1.3865242595113e-05,1.1072493419179689e-05,1.6170747052875564e-05,0
0.42427941192725277,0.5756408096615208,2.77167612504018e-05,3.259940376628004e-07,1.6348312253868924e-05,1.1215230353041573e-05,2.4172113331640742e-05,0
0.3211704496261121,0.6787680753577352,2.1901305677661872e-05,2.575948540107552e-07,1.13536482837218e-05,8.862081178542979e-06,1.9100386158706587e-05,0
0.46791632612687106,0.5320364380727883,1.9008468489142074e-05,2.386279562636411e-07,1.1362763960051477e-05,8.209559651334863e-06,8.416380283792934e-06,1
0.608862894789528,0.3910907407467024,1.2763857836788813e-05,2.371178233158788e-07,1.2353027897647146e-05,7.994461988360092e-06,1.3015998223448804e-05,1
0.6086315043410448,0.39096286697818894,9.432335983771609e-06,2.4721666903550884e-07,0.00038282247695934116,6.4357940838689915e-06,6.69085707033958e-06,0
0.613083103509162,0.3865220865937713,1.0101044360984001e-05,2.2858678457197135e-07,0.0003704511462776478,6.878260429276e-06,7.150859214126948e-06,0
0.8408988528335142,0.15744159405447952,8.248978696595535e-06,1.8667451095856558e-07,0.0016401694301531014,5.617104699578465e-06,5.330923946002361e-06,0
0.5533533973999087,0.4462542479944192,1.6781897198970754e-05,3.489276299655912e-07,0.0003341015448750342,2.913504593979832e-05,1.198719002838743e-05,1
0.4050611126789301,0.5946836477109225,1.0638070258681436e-05,2.1999390502074892e-07,0.00021767659736707698,2.1622913201419744e-05,5.082035415391763e-06,1
0.3991635900881149,0.6005832497477461,1.0434887422136418e-05,2.1579211046987597e-07,0.00021631458970013015,2.120992431040863e-05,4.984970595738136e-06,1
0.4152115477535472,0.5845365370011211,9.07783952851653e-06,2.0222744970874994e-07,0.00021832668583388352,1.8745635324014746e-05,5.5628571955946955e-06,1
0.3684622817471326,0.6312824404702528,9.866889049697583e-06,2.0404597823350769e-07,0.000220289986594866,2.0055412335290796e-05,4.861448656417571e-06,1
0.32571362868324977,0.6740071117916538,1.0360630756111105e-05,2.1425649230459842e-07,0.00024252093062111804,2.105899040932992e-05,5.104716817554429e-06,0
0.4780569411872854,0.521256191779205,1.7434821749841194e-05,3.2075880592739057e-07,0.0006223290297460646,3.525015115731745e-05,1.1532272050310692e-05,0
0.2909179546949269,0.7080837503918602,1.124751378615451e-05,2.5949874383546714e-07,0.0009534458878038875,2.4221134804884012e-05,9.120878074293842e-06,0
0.08041722602003154,0.9188133748781758,1.2612167558625843e-05,2.229748353731526e-07,0.0007227898427940406,2.6429153870189577e-05,7.344962734387146e-06,1
0.07298382467317682,0.9261525820352745,1.3103793310296336e-05,2.226965103816306e-07,0.0008170619800733016,2.5869027159945604e-05,7.335794494897894e-06,1
0.0797781645995578,0.9176508309394112,3.5864006850047894e-05,2.1481150611539854e-07,0.0025037668244295035,2.5030079020279634e-05,6.1287392249378385e-06,1
0.229612991796661,0.7660460574809426,2.699685211889246e-05,1.9757566071265083e-07,0.00427705848617477,2.2987195017251397e-05,1.3710613424803186e-05,1
0.19578079319829897,0.7996673949695539,2.5012035630017566e-05,2.0277024782131356e-07,0.004497177592308471,2.1013233363159583e-05,8.406200597842797e-06,1
0.24009644612653885,0.7548979034314272,2.2931665988181786e-05,1.8590488451882727e-07,0.00494665530315971,2.817055098013664e-05,7.707017021359077e-06,1
0.415541281160111,0.5770078780434333,3.206890161633362e-05,2.420181242972086e-07,0.007374020173145423,3.799833860921704e-05,6.51136496039371e-06,1
0.3474537494161104,0.6450788243952232,3.356791372039997e-05,2.713976883616195e-07,0.007380634566205769,4.565050502610822e-05,7.301806025731947e-06,1
0.10275840667752537,0.8803675362338653,3.210221948641055e-05,2.2395001047346926e-07,0.016785264341228293,4.4600698058002745e-05,1.1865879826150573e-05,1
0.08057403660304516,0.9057988146420082,2.9893168597459917e-05,2.0853933240722705e-07,0.013544291619948762,4.565592998667778e-05,7.099497081259898e-06,1
0.07131164997578741,0.9104255971141205,2.9014419236232356e-05,1.8817151097800748e-07,0.018181285745509212,4.76237077892824e-05,4.6408660463086645e-06,1
0.06828145420471013,0.9082870864657516,2.996886273510247e-05,1.8554559449165066e-07,0.02334068332363658,5.0350752779090626e-05,1.0270844792686814e-05,1
0.06915592497886384,0.9092176698141236,2.956096870505059e-05,1.879218502633785e-07,0.02153130240555412,5.495152887674569e-05,1.0402382026357115e-05,1
0.05851920732015131,0.9227145158800716,2.9981849528779e-05,1.870308620371333e-07,0.018664167620243442,6.158723761817345e-05,1.0353061524790112e-05,1
0.06086408051876397,0.921673897559072,3.00615501785904e-05,1.8646693741804616e-07,0.017369643410203008,5.241721237537386e-05,9.713282469581095e-06,1
0.04016128599946243,0.9402339203098452,3.2040653542931034e-05,1.6754848751273396e-07,0.01950421951144582,5.785042377958386e-05,1.0515553436726194e-05,1
0.015680795446054333,0.9548801119536199,2.7048510241972245e-05,1.478664409973846e-07,0.02935976375963887,4.77434513470085e-05,4.38901265702416e-06,1
0.01194681544941318,0.9765892922211383,3.248339714173528e-05,1.4255203960103925e-07,0.0113897856974734,3.8743844049578e-05,2.736838744351708e-06,1
0.015120265424413722,0.9716143374428697,3.3982988754695016e-05,1.5702177662808626e-07,0.0131844217589919,4.387587221915519e-05,2.9594909742743297e-06,1
0.00724477107403308,0.9852431459241534,2.8252683455575927e-05,1.320193648097468e-07,0.007440546948659193,4.066309598473607e-05,2.4882543490084926e-06,1
0.008581257690771022,0.9912289454290967,2.3666844099462487e-05,1.0978619574074939e-07,0.00013060433448639945,3.334672718313379e-05,2.069188167314066e-06,1
0.008749764883193036,0.9910830389380083,2.838798186660637e-05,1.2770116934125485e-07,0.00010768543597731885,2.887395248303268e-05,2.1211073025703877e-06,1
0.00886918181102658,0.9909519673229147,3.781589544576911e-05,1.1338377518639494e-07,0.00010849194481529955,3.0292648710968583e-05,2.136993311391383e-06,1
0.008170512965404553,0.9916778951774324,3.410551303988157e-05,1.0266367321334663e-07,8.24394083940941e-05,3.300932516724539e-05,1.9349468882926835e-06,1
0.006810603039509029,0.9930264256566695,3.731295738612087e-05,1.115033996168988e-07,8.953774992294307e-05,3.390754005712352e-05,2.101553055426087e-06,1
0.02158612789085872,0.9780631343077779,2.7533536067787164e-05,1.6353173236471626e-07,0.00027145389347630954,4.8935905791427105e-05,2.650934295393252e-06,1
0.013194669833602877,0.9864760687827377,2.936552064726292e-05,1.3365743308778565e-07,0.00026178901210429766,3.5454093717579436e-05,2.5190997570577613e-06,1
0.013473125791376083,0.9861855161266931,2.703191806265339e-05,2.6275443318616686e-07,0.0002648030136098138,4.6741340907490095e-05,2.5190549178459564e-06,1
0.013050851250121015,0.9866080247415976,2.704349926930477e-05,2.628670043097639e-07,0.0002645361416933659,4.676136616529672e-05,2.5201341492753407e-06,1
0.4668911242357795,0.5330603249372246,1.9039917032252274e-05,1.9857297700705423e-07,1.1149249089687634e-05,9.775942899149337e-06,8.387144997857443e-06,1
0.18672484362436642,0.8132347980560684,9.55213744160799e-06,1.9839528066386102e-07,1.5545451914722628e-05,6.983373998873756e-06,8.07896092946502e-06,1
0.2170622855391847,0.7828656632303524,1.2248056457805221e-05,2.2884314948094532e-07,4.3746471555987235e-05,7.756588013921984e-06,8.071271285769168e-06,1
0.14890164667636677,0.8509776806541034,7.29038293931135e-06,1.5337661335596706e-07,0.00010273483860625246,5.17111488386191e-06,5.32295648687944e-06,1
0.11086105012790884,0.8888490085202937,7.92847449865541e-06,1.4813591700056456e-07,0.00027154365873566173,5.096346070104707e-06,5.224736576076956e-06,1
0.0469381715847124,0.9530026547398718,5.9447295521703575e-06,8.809229494845728e-08,4.3892273438222856e-05,3.100786671868822e-06,6.147793458721568e-06,1
0.048659946313816156,0.9512769110885168,8.129005162845787e-06,1.2046010069230176e-07,4.172103264546874e-05,4.240110612820478e-06,8.931989145418162e-06,1
0.03842637471769478,0.9615506981637457,7.188709328546243e-06,8.455087369066457e-08,6.408369299072838e-06,2.9761311405075185e-06,6.269357917686857e-06,1
0.040423064317433706,0.959555098183056,7.593794863286904e-06,8.931532804968388e-08,4.59484496671091e-06,3.143708352303507e-06,6.415836000124348e-06,1
0.24525695842077652,0.75471366184914,1.0038252285893105e-05,1.487523684572432e-07,6.428843205551715e-06,5.1173452371187945e-06,7.6465369864171e-06,0
0.3568104424479673,0.6431538499722773,1.2512379013014687e-05,1.854153452425451e-07,6.952384201714934e-06,6.526223238635818e-06,9.531177956698818e-06,0
0.1896942329476053,0.8102687773780368,1.3178071609133082e-05,1.5499548210772763e-07,6.831519193871631e-06,5.332336897882043e-06,1.1492751175024981e-05,0
0.36017619048898547,0.6397812368907406,1.6260536555486148e-05,2.1602296497117301e-07,1.104507973486281e-05,7.4318761504612595e-06,7.619104868086633e-06,1
0.41296839183473816,0.5869779372858532,2.04393761686163e-05,2.611432854640713e-07,1.3352045281665343e-05,8.984158491447957e-06,1.0634156181521865e-05,1
0.4247902201170496,0.5751579029474008,1.981430321805809e-05,2.632351346707939e-07,1.3458999842189237e-05,9.056124748516399e-06,9.284272606337589e-06,1
0.3482083698646107,0.6517438936138051,1.859362958982641e-05,2.3342016381161365e-07,1.264637473174607e-05,8.030395049432748e-06,8.232702049265776e-06,1
0.4134864597174125,0.5864617777158829,1.913632018462248e-05,2.783003732768805e-07,1.3099394633408977e-05,9.43292969234898e-06,9.815621821074263e-06,1
0.39212281333692844,0.607823538654523,1.9833357080396476e-05,2.8843741249916233e-07,1.3576537641244266e-05,9.776522398123882e-06,1.0173154016305354e-05,1
0.6415029298380734,0.3584568453104538,9.050762757358558e-06,2.1519225407766075e-07,1.8388489971751673e-05,6.16307592600651e-06,6.4073305635923035e-06,1
0.6647719745717114,0.33518203149202036,8.51934519950114e-06,1.927929089525271e-07,2.544946589622828e-05,5.801209545758568e-06,6.031122717715327e-06,1
0.6555694862143502,0.3441031012117567,8.453078971812502e-06,1.468261181017799e-07,0.00030702750466835845,5.756085858007161e-06,6.029078276783658e-06,1
0.7795901010918809,0.21781420472849297,1.051640308915832e-05,2.379863587866937e-07,0.0025709824402438864,7.161097074859995e-06,6.79625285939275e-06,0
0.5436921199106071,0.45592897739937993,1.6896065375594507e-05,3.564923319645148e-07,0.00032170297667776795,2.9766689642766914e-05,1.0180465984762516e-05,1
0.4091438210823612,0.5906108025487399,1.0547800901933943e-05,2.2284555324438799e-07,0.00020939497257320866,2.0062839096949515e-05,5.147910773454096e-06,1
0.23155126285836325,0.7682322116295396,8.432712506933067e-06,1.6212091706047303e-07,0.00018611563194715621,1.726367405237053e-05,4.551372673599785e-06,1
0.43067427054567153,0.5683505641808464,1.2907306825912447e-05,2.6752640020724125e-07,0.0009276169841482958,2.4970421465290043e-05,9.403034642403119e-06,0
0.2926807653752414,0.7064256362687988,1.1762030793693347e-05,2.2664037846840852e-07,0.0008493671624130936,2.340510553891314e-05,8.83741683582093e-06,1
0.2152792485592499,0.7837953385417198,1.4093070238175123e-05,2.38948023118057e-07,0.0008786300807725025,2.4579668160799742e-05,7.871131835664208e-06,1
0.10278306580943505,0.8945739641166855,3.394647249721909e-05,2.160961308558323e-07,0.002577462349739924,2.5179764944213285e-05,6.1653905672164615e-06,1
0.25212777898883876,0.7433131384982248,2.5480058582695356e-05,2.0706809171404983e-07,0.004501229549927431,2.4091604142494373e-05,8.074232192169291e-06,1
0.3473404553999899,0.647160757750708,2.5423081240132596e-05,2.2169679548898942e-07,0.005446194131178364,1.8403592723514682e-05,8.544347364647446e-06,1
0.3830658812678875,0.6118693196432659,2.3363030023623907e-05,2.0373253895653502e-07,0.005004884962580587,2.849537117249596e-05,7.851992531000108e-06,1
0.08382845856087817,0.9074692740197533,3.974595328464144e-05,1.9702363044106714e-07,0.008618359987495338,3.222874267872252e-05,1.1735712279482339e-05,1
0.06078465287745918,0.9264422849785237,4.01006296862573e-05,1.8778646721724027e-07,0.012683954284161985,4.161137852216331e-05,7.208065179628872e-06,1
0.047728790901849304,0.9278759249555668,3.1308558710576955e-05,1.8807706080403515e-07,0.02430447156835865,5.039382167159257e-05,8.922116782603416e-06,1
0.05278779145303853,0.9262970881845821,2.9616481997955877e-05,1.8499777638503554e-07,0.020821916726071112,5.409648019593342e-05,9.305676337922775e-06,1
0.02660224369460966,0.9557622826790503,3.200305469188163e-05,1.5924604169784205e-07,0.017535003840814845,5.831407856513591e-05,9.993406226587202e-06,1
0.010721764307951598,0.9890759204371051,2.5173871345733144e-05,1.1673415355747258e-07,0.0001388697944613086,3.595471563318213e-05,2.200139349330702e-06,1
0.010648508508615515,0.989160665557428,2.3530689884479533e-05,1.1923504254901398e-07,0.00013233604711301015,3.259268722488547e-05,2.2472746915670185e-06,1
0.009723040219289016,0.9901275293949332,3.5414010957819135e-05,1.0614320220695853e-07,8.30862760900079e-05,2.8823428443234675e-05,2.000527084170953e-06,1
0.008289518433697273,0.991557661865128,3.4440357392830685e-05,1.0367161439834778e-07,8.324878986649533e-05,3.30729383066045e-05,1.953943994069795e-06,1
0.008988392534286035,0.9908387724984073,3.173883846316909e-05,1.101627008384493e-07,0.00010540984052102284,3.34998412991395e-05,2.0762843225987778e-06,1
0.0038940467356379446,0.9845930914405692,2.998086554856336e-05,1.0970732784167485e-07,0.011438233944897687,4.24695810604433e-05,2.067724958482714e-06,1
0.011009872188635127,0.9822266870451261,2.8391939732088172e-05,1.799418392656403e-07,0.006660017469939206,7.145993451030273e-05,3.3914802178192314e-06,1
0.014782425096068079,0.9781196491244112,2.9042213362810527e-05,1.8406312982353344e-07,0.007009006838199441,5.622350798222452e-05,3.4691568463122063e-06,1
0.07117615273502972,0.9171881829438883,3.6521102428933206e-05,3.1878186564481557e-07,0.011480083013942238,0.00011357374517229848,5.167677672916635e-06,1
0.025804251664872293,0.9404631068710728,4.265593471587524e-05,2.0279476653171065e-07,0.03362760741103098,5.863914170139932e-05,3.536181840092181e-06,1
0.01516729146737928,0.9844591218471865,3.2309860244922685e-05,2.674640179088782e-07,0.0002851652378371658,5.327991712251109e-05,2.56420621144317e-06,1
0.013301426010649898,0.9863420413792043,3.1373809501602705e-05,2.604867215818521e-07,0.000277726172268224,4.46748275307869e-05,2.4973141236000296e-06,1
0.01381519042625234,0.9858476986670437,3.0802343556175805e-05,3.442467313503427e-07,0.0002573659179188958,4.614657231457493e-05,2.4518261832019045e-06,1
0.012648764658695306,0.9870646627522154,3.2634427878299265e-05,3.664713758193934e-07,0.00020656171831935126,4.4399854896534273e-05,2.6101166192732232e-06,1
0.5731077052073161,0.42685039952099874,1.2704388597112375e-05,2.0204227097706535e-07,1.179303271452051e-05,9.100075496136641e-06,8.095732606410239e-06,0
0.6179598771687576,0.3820008298066277,1.1937165445973105e-05,2.0816957694430866e-07,1.0710852119111362e-05,8.830006679219122e-06,7.606830793511147e-06,0
0.6034702320232087,0.396485293948552,1.5095128860981385e-05,2.26521114044417e-07,1.3413382037135622e-05,8.826902628210534e-06,6.912093598958469e-06,0
0.47929747914390464,0.5206534113202083,1.9280122381570676e-05,2.11436279115924e-07,1.1445509896513135e-05,9.562456888482408e-06,8.610010441443771e-06,1
0.4670588475105432,0.5328880702314229,2.239212109720805e-05,2.2628127367688173e-07,1.2249102037235443e-05,1.0233839401892438e-05,7.980914223904107e-06,1
0.5459966819468877,0.45396400451935254,1.3290783403039008e-05,1.8260396083433537e-07,1.1263285589796077e-05,8.136440329983384e-06,6.440420476176888e-06,1
0.4962417606294839,0.5037175132099109,1.2747273489207028e-05,2.2395556897616054e-07,1.5695550302074503e-05,6.025255359925362e-06,6.034125885079403e-06,1
0.2159863918160681,0.7839699188404354,1.0784070373802113e-05,2.3141429332249823e-07,1.6159142983239447e-05,7.752959776252846e-06,8.76175606985021e-06,1
0.2006397781318461,0.7993202061828397,1.0787102269488256e-05,2.203208757779688e-07,1.245671935469849e-05,7.579737933703137e-06,8.971804880638766e-06,1
0.20170364042401084,0.7982620292491608,9.980216045424744e-06,1.864707335570631e-07,1.1171653425914583e-05,6.415185522829408e-06,6.576801100706559e-06,1
0.14726635492548157,0.8525995556668434,1.0080042031205248e-05,1.883358860459294e-07,0.00011082867308525934,6.349771860179989e-06,6.642584812218626e-06,1
0.18103655646109976,0.8188410881919927,7.392041106791754e-06,1.5551531931667083e-07,0.00010416738824267708,5.243221667181813e-06,5.397180571751065e-06,1
0.11556565410449741,0.8843280488329927,6.514777891467639e-06,1.3705927083358673e-07,9.026759117853747e-05,4.620973301411386e-06,4.75666086769951e-06,1
0.09242602210000431,0.9074666103149998,7.082701520606856e-06,1.3233346273287827e-07,9.116544438345278e-05,4.461641992203684e-06,4.525463636774263e-06,1
0.07424987381186951,0.9256423457720033,7.083266237125417e-06,1.323440139176408e-07,9.15769836892471e-05,4.461997726936477e-06,4.525824460121446e-06,1
0.06183436518435371,0.9380758398781706,6.590825227881282e-06,1.2547609504056134e-07,7.35523865227824e-05,4.416670077304325e-06,5.109579552610747e-06,1
0.040423064317433706,0.959555098183056,7.593794863286904e-06,8.931532804968388e-08,4.59484496671091e-06,3.143708352303507e-06,6.415836000124348e-06,1
0.13107711809110423,0.8688988077735523,8.725171884731492e-06,9.47697331871852e-08,5.558468761507649e-06,3.940641751920735e-06,5.755083212416268e-06,0
0.35580530240632285,0.6441627246816571,1.3128413364620316e-05,1.6912099911041886e-07,7.745067805760416e-06,5.818062248489413e-06,5.112247602007867e-06,0
0.38485998599322446,0.6151101095241072,1.2685965958300596e-05,1.6342136539746343e-07,6.493153484331355e-06,5.621984742384373e-06,4.939957118066511e-06,0
0.2261524927975297,0.7738012306117653,1.4072942283974254e-05,2.0854063399513444e-07,9.191554837706077e-06,7.340483950560051e-06,1.5463068998783823e-05,0
0.13666323878991063,0.8633120709104869,7.535477856292168e-06,1.1166488434309104e-07,4.921697008826873e-06,3.8416267034580125e-06,8.279833149272835e-06,1
0.39854517214135543,0.6013927530150042,2.020669154264638e-05,2.5928175846313406e-07,1.3256866909510808e-05,9.126535088813428e-06,1.922546834086824e-05,1
0.3266256213769269,0.6733166218290818,2.543133835064018e-05,2.589109259453578e-07,1.4027428214346241e-05,8.907358233343009e-06,9.131758267156155e-06,1
0.3158847973560565,0.6840696515510761,1.7741063859704293e-05,2.247424289852223e-07,1.0701575843638108e-05,7.731853408247093e-06,9.151857326893647e-06,1
0.35222257580706673,0.647726933608246,1.8666075822660898e-05,2.714615881707231e-07,1.2777498029880138e-05,9.201130581453483e-06,9.574418665191853e-06,1
0.4602084105249749,0.5397426658128562,1.7559427337645877e-05,2.553675490088229e-07,1.3492329356510966e-05,8.609754151176038e-06,9.00678377442006e-06,1
0.5666395645956,0.4333165732330306,1.3367656546625594e-05,2.4833476396408747e-07,1.3114799017475293e-05,8.372642777909314e-06,8.758738263250908e-06,1
0.5353931612541952,0.4645732189605904,9.276618723488118e-06,1.9516346055445492e-07,1.0684645928432426e-05,6.5799645302956835e-06,6.883392571625467e-06,1
0.5490445873083817,0.450666838045833,1.3979811380556128e-05,2.9196784089899687e-07,0.0002450105444910528,2.0954502696600315e-05,8.337819376189728e-06,1
0.5194535692009318,0.48027148808882003,1.4135044367165741e-05,2.9520987605261486e-07,0.0002308948695551017,2.1187183234839674e-05,8.430403215008729e-06,1
0.37324506089428344,0.6265232692745456,9.870647318096857e-06,2.0826210139494196e-07,0.00019825387399550668,1.738964005876785e-05,5.947407697334185e-06,1
0.3857084839607951,0.6133416562645073,1.2566246813580076e-05,2.604573378083573e-07,0.0009031058243594705,2.448558061887044e-05,9.441665567901658e-06,0
0.3023712252124206,0.6967092034642888,1.2124206098507131e-05,2.3361906689344818e-07,0.0008744797048753654,2.3624255536981684e-05,9.109537712939879e-06,1
0.24450064045751904,0.7545561317357276,1.3789389788453076e-05,2.3928064962963763e-07,0.0008956720641553923,2.419677163800911e-05,9.330300521969374e-06,1
0.08956895940410803,0.9095637537488939,1.2370193300304337e-05,2.2073016544892654e-07,0.0008217051740706744,2.5719727882630314e-05,7.2710215790238134e-06,1
0.11725125977872522,0.8810120143255151,3.0132769066614654e-05,2.004149977517401e-07,0.001676438305754724,2.3352581625121915e-05,6.601824315444956e-06,0
0.4910398827435386,0.5025087135472627,3.609108548529933e-05,2.6115821568118e-07,0.0063849470208971444,2.167938164011462e-05,8.425062960516298e-06,1
0.43633262615598045,0.557327129289931,2.9036050812102696e-05,3.1212974046905364e-07,0.006251370019734636,5.030416054072109e-05,9.222193260601347e-06,0
0.06837889633553933,0.9247817115299459,3.630448823486527e-05,1.9897506350356324e-07,0.006758873919612343,3.2265613320234935e-05,1.1749138283861821e-05,1
0.06053268198239646,0.9287256613874705,4.031030970544939e-05,1.8548280505246138e-07,0.010655169207484449,4.036530634573044e-05,5.626323792273066e-06,1
0.05866069536577699,0.9309255735604661,4.3326261876309386e-05,1.7974670816562244e-07,0.010325655736397418,3.9117000293853786e-05,5.452328481063073e-06,1
0.04467915696524816,0.9337812986528239,4.6311616099224634e-05,1.8029810260504478e-07,0.02144604056989464,4.032623920786888e-05,6.6856586237397805e-06,1
0.03580515259000673,0.9420745523035594,3.292705547264745e-05,1.8189939607687506e-07,0.02203159382422585,4.644250435754408e-05,9.149822981828778e-06,1
0.029776926382810404,0.9566528117416173,2.9941527124166077e-05,1.4898795514421816e-07,0.013494461722426864,4.058787172001507e-05,5.121766346252032e-06,1
0.023172822819468256,0.9586921469595835,3.083566173891055e-05,1.5913056016533876e-07,0.0180465576739543,4.784888342018607e-05,9.628871274614157e-06,1
0.01871895442233884,0.957422268138345,4.045219585517453e-05,1.624659927491169e-07,0.023747109297917506,6.741806693005229e-05,3.635412620547248e-06,1
0.01895222311447773,0.98076110066219,3.313971012655743e-05,1.2834411128917155e-07,0.0001869551817346127,6.352761639332457e-05,2.9253709667381747e-06,1
0.012790525511624764,0.9869832145715738,3.124167837707274e-05,1.2611603028098096e-07,0.00015367077714346943,3.8844381591424924e-05,2.37696365927696e-06,1
0.012156587910542778,0.9876377267940437,2.708037497255748e-05,1.1687351430127846e-07,0.00014527124936808959,3.097298283206141e-05,2.24381472610445e-06,1
0.010721779166240147,0.9890772911047492,2.3788099929547174e-05,1.1673431532839827e-07,0.00013886998690794498,3.595476545945366e-05,2.200142398297678e-06,1
0.010313371762608055,0.9894919506360946,2.6686280783818974e-05,1.1973115171556927e-07,0.00013288666650002021,3.272829778491264e-05,2.2566250767425498e-06,1
0.016869417614271163,0.976549864573029,2.8995603504890084e-05,1.8376772684503823e-07,0.006475142331703769,7.293252056887063e-05,3.463589195331534e-06,1
0.030728968838224964,0.9633339873408833,2.7289789479395377e-05,1.8586111570182272e-07,0.005849292408959282,5.677271668837247e-05,3.5030446489656768e-06,1
0.03225566202250123,0.9612331447412821,2.8665467350706905e-05,2.146089696984418e-07,0.006415089710595813,6.374448734981304e-05,3.478961950595877e-06,1
0.008286314466564523,0.9913789387140906,3.075007118643303e-05,3.436625357877204e-07,0.0002574187667135899,4.378665353798169e-05,2.447665371068906e-06,1
0.5518713193882994,0.4480850926673821,1.3404932086206321e-05,1.9777474188058606e-07,1.1543940729949317e-05,8.907864050620225e-06,9.533432709908427e-06,0
0.5732680027355903,0.4266859405152368,1.5198986451710563e-05,2.141409503011184e-07,1.2278467460577698e-05,9.6450054987544e-06,8.720148811465068e-06,0
0.6362240965037068,0.3637263330946606,1.5405937857331224e-05,2.0926828046708968e-07,1.4856138920983501e-05,1.0260173065073753e-05,8.838883508642913e-06,0
0.6213614966235721,0.37859608753950963,1.4471449399687454e-05,1.8788010208826953e-07,1.2859186643370262e-05,8.270811408143541e-06,6.626509365003718e-06,1
0.32198407335761514,0.6779721538791738,1.5563538398232603e-05,2.7343424460216316e-07,1.3320831366759872e-05,7.247709256328159e-06,7.3672499449954605e-06,1
0.20491234596925792,0.7950552482217981,9.596504333558467e-06,1.7930144943931675e-07,1.013752250062348e-05,6.168539377325064e-06,6.323941283096395e-06,1
0.20057886088255236,0.7993804939009461,1.0792996716431938e-05,2.0165675831383112e-07,1.5600519587850457e-05,6.93763300995282e-06,7.112410428939855e-06,1
0.18112276738064306,0.818837823377803,1.0547781829790091e-05,1.9707515410976386e-07,1.4933555516110764e-05,6.7800112727472225e-06,6.950817781141909e-06,1
0.20419768508473685,0.7956696191029295,1.1363100739005379e-05,2.1230860340508407e-07,0.00010647428770243174,7.158015521518576e-06,7.488099767338208e-06,1
0.15996114203385312,0.8399009670023544,9.770191465006565e-06,1.825466263636576e-07,0.00011534524127929136,6.154586125833009e-06,6.438398296059565e-06,1
0.18246753995049958,0.8173916488340043,9.86900417618282e-06,1.8439284679154557e-07,0.00011803747248053149,6.216831716765336e-06,6.503514275981233e-06,1
0.08197085145630224,0.9179194837523467,8.224752212057366e-06,1.3385777770132927e-07,9.221555558442461e-05,4.513034493632545e-06,4.577591283238408e-06,1
0.11815334464184768,0.8814871758241254,8.449999155184834e-06,1.5788010338175207e-07,0.000339980291164114,5.322950706756316e-06,5.568412897260477e-06,1
0.1461105042747857,0.8537845827018657,8.322032828272447e-06,1.800834529739122e-07,8.56629590498046e-05,5.2528590153563775e-06,5.495089002322502e-06,1
0.17785864097758936,0.8219403908960152,1.2270387638261226e-05,2.506161972936525e-07,0.00017030930489042906,8.821513445384634e-06,9.316304224204761e-06,1
0.05308464886250417,0.9468950962493602,6.357342374566132e-06,8.157410413572342e-08,5.301850820250117e-06,2.8712338419727483e-06,5.6428869948789515e-06,1
0.055165369527616644,0.9448120780320058,8.173665051815925e-06,8.877946089263272e-08,5.207125138365542e-06,3.691558882154033e-06,5.39131184406082e-06,1
0.25391842024882455,0.7460490971132434,1.2164798439461591e-05,1.7990372646277677e-07,8.510736992152578e-06,6.189007188943249e-06,5.438191584955873e-06,0
0.18414224735537796,0.8158182700213129,1.2905270218135332e-05,1.655937167417076e-07,8.304378227225099e-06,5.828782075870986e-06,1.2278599071276603e-05,1
0.23109145734875733,0.7688639556430455,1.542871028866982e-05,1.8146664097920718e-07,9.2782427974754e-06,6.243028843612314e-06,1.3455559626519204e-05,1
0.2670506516533251,0.7328974687095239,2.296000045006945e-05,2.3375077214855553e-07,1.251859256157291e-05,7.922930800440952e-06,8.244362566886019e-06,1
0.4396625783073315,0.5602814416519379,2.0075754663790816e-05,2.9196261155986096e-07,1.5418827835874456e-05,9.896008241781094e-06,1.0297487377473357e-05,1
0.4666465389776327,0.5333062007934651,1.6962396488380533e-05,2.4668490226141557e-07,1.3033582228863158e-05,8.317017450029637e-06,8.700547832746565e-06,1
0.5537589218409812,0.44620404362042254,9.145992449310997e-06,1.9241531745753173e-07,1.473407357170557e-05,6.487310485063247e-06,6.474746772829724e-06,1
0.46460842060252133,0.5349244577084943,9.763127421079179e-06,2.0539873310816082e-07,0.00044309972327676,6.925048236897115e-06,7.128391316461205e-06,0
0.728507727992237,0.2712504924018501,1.4544511217399645e-05,3.2914250581832676e-07,0.00020760250490246105,9.90401906917824e-06,9.399428218154537e-06,0
0.6370518055352123,0.36260475842384665,1.6364875568728256e-05,3.4082950733892496e-07,0.0002944174511421054,2.257970704998078e-05,9.733177672984775e-06,0
0.5547700711338579,0.44494022073731027,1.429134077799661e-05,2.9764422076542563e-07,0.000246900509040701,1.9718713213759254e-05,8.499921578580216e-06,0
0.5702915687412742,0.4294465854135874,1.3321553207993691e-05,2.7822014343975346e-07,0.00022033301799436565,1.9967831826977325e-05,7.945221965801194e-06,1
0.1110200788116573,0.888804568706863,7.851747353272924e-06,1.3696016230651254e-07,0.00015021603271972556,1.335897999490887e-05,3.7887612496937945e-06,1
0.19568469920816198,0.8035087504517282,1.2207881107776874e-05,2.5308366703316446e-07,0.000755921317044132,2.788787921794842e-05,1.0280179073011793e-05,1
0.2298387400652741,0.7690260685921262,1.3949494011260367e-05,2.9011497730881667e-07,0.0010774273532266564,3.174000111815544e-05,1.1784379266586833e-05,1
0.3724741473006597,0.6260628465648667,1.713669758476171e-05,3.5971447198207446e-07,0.0013985124137320887,3.868761626016429e-05,8.30969242474892e-06,0
0.5161514220863044,0.4827156157581222,1.437819953865462e-05,2.974164441791484e-07,0.0010780338713136822,3.198740711894088e-05,8.26526115807824e-06,0
0.45435317541823955,0.5446005075241103,1.3849073246889396e-05,2.870461485047113e-07,0.0009952994634587725,2.6792358819908543e-05,1.0089115976095458e-05,0
0.34563051066855904,0.6534711387096871,1.1844419036349221e-05,2.28227902155805e-07,0.0008542995705592792,2.3079084909011764e-05,8.899319347002175e-06,1
0.15584292515356676,0.843290497500022,1.135152914463877e-05,2.2807497597321243e-07,0.0008195288325228656,2.6575553490561654e-05,8.893356277094621e-06,1
0.15433533926314588,0.8432187033893704,3.2109134227164885e-05,2.4105888581786187e-07,0.0023761190615482165,2.8088453312739596e-05,9.399639509726446e-06,0
0.2587859152679404,0.737932435931453,3.391739061126255e-05,2.363372453810514e-07,0.003210304037479266,2.7975507281341217e-05,9.215527989215644e-06,0
0.3306387912109964,0.6647162433238878,3.0638041446289306e-05,2.411889194209546e-07,0.004574067901046192,2.6541600973779417e-05,1.3476732730112285e-05,0
0.4272431012612154,0.5666226080855011,3.3535601628747536e-05,2.929027171897944e-07,0.006064261027892062,2.801698724825699e-05,8.184133797134716e-06,0
0.5476018355088955,0.44759619231752606,2.700399945906554e-05,2.759546211753987e-07,0.0047401696053533,2.6395853124021887e-05,8.126761020785748e-06,0
0.17483020936795662,0.8202937556629135,2.4623341874662424e-05,1.989688928229401e-07,0.004810096094318537,3.425984845508179e-05,6.856715588881644e-06,0
0.12288076212829237,0.8728443318231883,1.8976628935387507e-05,1.6684967155002605e-07,0.00422128338520846,2.8729337440555985e-05,5.749847263486123e-06,1
0.05479240889590124,0.9348800733803682,3.491044720934654e-05,1.7841032423665386e-07,0.010248886372869118,3.882617254476367e-05,4.716320783396192e-06,1
0.03788438301179139,0.9406852445800384,3.371274315328602e-05,1.7228759371022508e-07,0.021350660263283142,3.943849429309457e-05,6.388619846850859e-06,1
0.035684832785250704,0.9438400596035456,3.566025769596564e-05,1.8224028705079165e-07,0.020389186010679378,4.0912132212636513e-05,9.166970328849774e-06,1
0.03754020957019404,0.9399414852925372,3.351125511750876e-05,1.814875352531773e-07,0.022426985275646828,4.8498013228393596e-05,9.129105740808404e-06,1
0.03231813959785706,0.9456662302660868,3.1586184169535286e-05,1.6258137701598265e-07,0.02192313872844938,5.25645455304528e-05,8.178096529850574e-06,1
0.01925697132181755,0.9600468547532429,3.561113575401049e-05,1.6528636649384463e-07,0.020595275321667966,5.721648321338946e-05,7.905697937389014e-06,1
0.02180826752611446,0.9567427336078824,4.330177288302738e-05,1.688753883303313e-07,0.02133096547820449,7.085534287603916e-05,3.707396651257766e-06,1
0.016704671551527595,0.9830258813050039,3.176928973473702e-05,1.215582732073996e-07,0.0001757682520118879,5.9068031067162634e-05,2.7200123813306386e-06,1
0.014093252270912184,0.9856604659256134,2.9358772444435783e-05,1.1938507987460805e-07,0.0001635464961947514,5.0943400611938076e-05,2.313749143661281e-06,1
0.011827468651173654,0.9879660564474207,2.8225714820088617e-05,1.1959405559523959e-07,0.00013581426819101895,4.006128317213229e-05,2.254041166551866e-06,1
0.011592409726531572,0.9882063388033103,2.45496940905799e-05,1.1721724522855016e-07,0.00013311509757610757,4.126021685836672e-05,2.209244388108825e-06,1
0.012360355413505272,0.987430485143612,2.6951535482760963e-05,1.1769840068247086e-07,0.0001436201873914691,3.6251708673546775e-05,2.2183129341602973e-06,1
0.010229289325948882,0.9896043793851893,1.852155543794499e-05,1.0245304530062253e-07,0.00011581665897635447,2.9923871961801345e-05,1.966749440212212e-06,1
0.0037982318414794924,0.9837576822515628,2.9955427333740026e-05,1.0961424318510249e-07,0.01236952134844979,4.2433546399445185e-05,2.0659705317599683e-06,1
0.009973812653505608,0.9896778989866598,2.8879853758803315e-05,1.3209399809517925e-07,0.00027731966166658035,3.946711739303931e-05,2.4896330179541933e-06,1
0.013546092572462934,0.9861103637072416,2.8869475137080892e-05,1.3204652716096048e-07,0.0002772200006402931,3.4802403000309966e-05,2.519794990745584e-06,1
0.018114852926250154,0.9815614596158718,2.8657998900485422e-05,1.3107925281714554e-07,0.00025784957631155815,3.454746656048771e-05,2.501336852552744e-06,1
0.01884954012993943,0.9808296358539582,2.7668245197551363e-05,1.3628786348454026e-07,0.0002547227683446521,3.592025667784853e-05,2.3764580189930144e-06,1
0.03361394800483302,0.9598251364116502,2.9450888405649544e-05,2.2501324585179043e-07,0.006449144144322795,7.844791497666648e-05,3.6476225658155153e-06,1
0.050284936341783534,0.938405430567078,3.5395813165108093e-05,6.411953085623253e-07,0.011102447869985895,0.00016586099149376737,5.287221185210021e-06,1
0.019507876615790967,0.9801646634289367,3.0519675694089267e-05,2.926805448113204e-07,0.00024501116145769655,4.901832947049496e-05,2.6181081054194728e-06,1
0.021302201786676873,0.9783395465264917,2.74113480250027e-05,2.9252971073590444e-07,0.00028136444534042625,4.656660490242951e-05,2.6167588530608146e-06,1
0.009751400461335717,0.9899152712720501,3.195479154922651e-05,3.588393357695122e-07,0.00025297779656379674,4.548108017360136e-05,2.5557589916723952e-06,1
0.010147266330067212,0.9895068120535232,3.2376225826594745e-05,2.8947856343579135e-07,0.00025741861141563024,5.32478351039654e-05,2.589465499884899e-06,1
0.6257462607932524,0.3742168988310307,1.2589685257260352e-05,1.7560744609253326e-07,1.0250054835889878e-05,7.730547579832078e-06,6.094480598245751e-06,0
0.7137150590877285,0.28623594952073583,1.684576288390275e-05,2.5134720030828293e-07,1.4363598556227909e-05,9.861042995779379e-06,7.66963989955635e-06,0
0.45071434808550914,0.5492433542623698,1.619385724683727e-05,1.8164275070982523e-07,1.0602178128065184e-05,7.654352537190455e-06,7.665621458200945e-06,1
0.5301739385828924,0.4697902049516398,1.2581286914259046e-05,2.0725152097971964e-07,1.1903833243128932e-05,5.536389447384462e-06,5.62770434204485e-06,1
0.2642562731163942,0.7357113067927797,8.747529436905894e-06,1.7866367614628156e-07,1.0150829111345424e-05,6.288835431811841e-06,7.054233169874463e-06,1
0.17836333025504245,0.8214863012213747,1.0662801442134126e-05,1.992241848912241e-07,0.00012576301166546087,6.716872443423174e-06,7.026613847041092e-06,1
0.18566886364148494,0.8141850718301799,8.660359958825318e-06,1.821984787336453e-07,0.00012475589832623823,6.142848277722101e-06,6.323223293657969e-06,1
0.1954710898463111,0.8043962613978899,8.424429012541173e-06,1.9064495422570544e-07,0.00011233317658542944,5.736576797942293e-06,5.963928448901489e-06,1
0.07077286484831216,0.9291547518741614,6.504054734848249e-06,1.424064933513299e-07,5.577524277018213e-05,4.569810817472357e-06,5.391762710906817e-06,1
0.22193055345074492,0.7778719003695612,1.0136666847163842e-05,2.1057818543948792e-07,0.0001754908778952156,6.8953339870753855e-06,4.8127227788965945e-06,1
0.17090534016671707,0.8288974334254033,1.282095669172299e-05,2.4002789192692296e-07,0.00016679391185163162,8.448812561861937e-06,8.922698882329554e-06,1
0.22405003665575143,0.7757814734195991,1.2489561387481163e-05,2.3382366566017334e-07,0.00013903019729419002,8.044276794669317e-06,8.69206550746785e-06,1
0.17141276905376926,0.8284650402245558,9.506694013991573e-06,1.9416921232314987e-07,9.859185375875406e-05,6.680037645121811e-06,7.217967044871797e-06,1
0.08285324780195226,0.9170473732515351,7.204945585249967e-06,1.3716771508254932e-07,8.162294605233857e-05,4.8282068594935324e-06,5.585680300598836e-06,1
0.048869443882762646,0.951090808783756,8.792086823045311e-06,1.034091918977328e-07,1.954422454089877e-05,3.639930645158321e-06,7.667682280345637e-06,1
0.05645325417856364,0.9435223935248481,7.994003215928522e-06,1.0257488308421744e-07,5.276985435112498e-06,3.6104163051277228e-06,7.368316748880793e-06,1
0.20096210816860052,0.7989959359795166,1.568981283792193e-05,1.604221930981068e-07,8.691447799876178e-06,5.519032992856143e-06,1.1895136059171817e-05,1
0.2717666094958438,0.7281863458949078,2.071457386545259e-05,2.108905723372137e-07,1.1425753292338798e-05,7.255305541793728e-06,7.438085976379682e-06,1
0.2629632114733118,0.7369887888057683,2.0251325104643042e-05,2.3669253245185193e-07,1.1140944055734555e-05,8.022641116262664e-06,8.348118110888393e-06,1
0.19421201600097454,0.8057535721279049,1.313014142993936e-05,1.9418008434640233e-07,7.657149523080523e-06,6.581691076180002e-06,6.8487090070566076e-06,1
0.2958100871032501,0.7041387637043017,2.0117080731386288e-05,2.5484162750423273e-07,1.1761926425532943e-05,8.637800685015887e-06,1.0377542978435415e-05,1
0.4124725033271036,0.5874837382820148,1.5705534930096397e-05,2.2840630755495173e-07,1.206783375803742e-05,7.70075196421333e-06,8.055863921809664e-06,1
0.37449661749575663,0.6254653040071458,1.1433263934953949e-05,2.1361953520833255e-07,1.1695063669259358e-05,7.202213778418232e-06,7.534336179680723e-06,1
0.4387927712289159,0.5611719955112165,9.110607929802227e-06,1.9167089047575842e-07,1.3019072110578044e-05,6.462212020824359e-06,6.449696915772953e-06,1
0.38279959512626394,0.6171592822885389,9.252700734791445e-06,1.7287781001409258e-07,1.977102581262004e-05,5.828600572751831e-06,6.0973802671317746e-06,1
0.4007924727491501,0.5986912661299735,1.0450756877664962e-05,2.1986522659319217e-07,0.0004905472576329335,7.412788174172401e-06,7.630452964933189e-06,1
0.423781768740187,0.5757516123978981,1.1001739896681436e-05,2.3145692351458545e-07,0.00043954931676593484,7.803603926117045e-06,8.03274440279711e-06,1
0.5221752083547982,0.4774784992100476,1.2334535297124654e-05,2.791307177750624e-07,0.0003159239413325218,8.748964161614583e-06,9.005863645164706e-06,1
0.5612486001284005,0.43854960942133275,1.2262461398210817e-05,2.774996843674757e-07,0.0001722194246794652,8.35006757584633e-06,8.68099692898782e-06,1
0.6607666758326317,0.339028405961059,1.171612910077878e-05,2.6513617632664566e-07,0.00017738731704491976,7.978045071205418e-06,7.5715789160146425e-06,0
0.5016752555291237,0.4980783198109304,1.2216678116525092e-05,2.544354441490599e-07,0.0002098313885344607,1.6856163179277032e-05,7.265994671479436e-06,1
0.0773607560625786,0.9224473592418965,8.436590709747286e-06,1.4793883371766975e-07,0.0001646957709465019,1.4383585128093275e-05,4.2208099067559435e-06,1
0.21415789281939746,0.7850578191471506,1.2979061598620926e-05,2.2198740427452475e-07,0.0007349574177106004,2.6430254698809572e-05,9.699312039868123e-06,1
0.38094732328646125,0.6178193233915981,1.5414345804845267e-05,3.1884937375502757e-07,0.0011759619127907355,3.429253804735139e-05,7.365675923820277e-06,0
0.4647461912019318,0.5343553559067349,1.1834314353678275e-05,2.4528676358761837e-07,0.000854586948291093,2.289461474417131e-05,8.891727180791834e-06,0
0.21342881363310542,0.7856190973573299,1.1385385171237234e-05,2.2875521141590957e-07,0.0009084225804075099,2.3132407991212966e-05,8.919880783425922e-06,1
0.5255775689478576,0.4689282595072325,2.3508050751645625e-05,2.471253249538999e-07,0.005435699838684936,2.6538671026921978e-05,8.177859121351366e-06,0
0.583889352675899,0.411426990086411,2.3477850320505477e-05,2.5238057939532803e-07,0.004630434880276555,2.4140928231965845e-05,5.351198281643598e-06,0
0.5110666912468937,0.48491636300042285,1.901432849877817e-05,2.670419014106196e-07,0.00394741316053705,4.24413359686689e-05,7.809885777507963e-06,0
0.3909316727998945,0.6062160136626986,1.719195552511917e-05,2.0607973842499003e-07,0.0027988351739537346,3.0266875099999834e-05,5.813453089487828e-06,0
0.04995191464794036,0.9420415989524403,3.233089486204354e-05,1.565759773604503e-07,0.007937957487807908,3.153181614216595e-05,4.509624829725768e-06,1
0.04251632893162063,0.9428864390005566,3.171960250015036e-05,1.6210346813301478e-07,0.01451936372153691,3.997565942543299e-05,6.010980892215407e-06,1
0.02900842540218867,0.9500344865408347,3.368098766721809e-05,1.7212715420930858e-07,0.020874935646947094,4.0879235869104175e-05,7.420059339115495e-06,1
0.03595645700342723,0.9447505259530286,3.0333089457062637e-05,1.6427548365086976e-07,0.019215241857819955,3.901450805088545e-05,8.26331273263009e-06,1
0.015904420611858698,0.9637704339724522,3.456798826992721e-05,1.6054132015201812e-07,0.020223605464828324,5.839769309593064e-05,8.41372817503893e-06,1
0.019031898941860605,0.9579479491371694,4.379972299081887e-05,1.7081737620342777e-07,0.022908194031597908,6.423731902881088e-05,3.7500299763898926e-06,1
0.01552440045636453,0.984224759303728,2.6764840932528514e-05,1.193720252258158e-07,0.00017070470081474625,5.0937829997888395e-05,2.313496137318315e-06,1
0.010796446015989034,0.9890279405736129,2.027423100602363e-05,1.0379710138552646e-07,0.00012578061699752393,2.7462000157036407e-05,1.99276513595222e-06,1
0.012199548102328097,0.9876250881455781,2.2686895800243644e-05,1.0558140071968401e-07,0.00011718220517390379,3.3399131151586e-05,1.989938567263117e-06,1
0.011990008636771696,0.9878381995216311,2.1737363329366724e-05,1.0376793434421428e-07,0.00011516948335511992,3.28254676000471e-05,1.9557593779704587e-06,1
0.01187126343970215,0.9879877831352409,2.3980104481845617e-05,1.103825292215368e-07,8.055823704506554e-05,3.369618840798884e-05,2.6085125928352956e-06,1
0.004049552903341925,0.9864158095142601,2.9070980940936133e-05,1.3264228391139747e-07,0.009451585869844436,5.1348094420339206e-05,2.499994908175676e-06,1
0.014752992718781843,0.9848906558166786,2.875519923381917e-05,1.3152383888581028e-07,0.0002902902783366306,3.466464240647669e-05,2.5098207239037193e-06,1
0.015714892300414156,0.9840063275277301,2.6673305736258356e-05,1.4707455126222255e-07,0.00020347536810614317,4.6100268617927776e-05,2.3841548443396823e-06,1
0.01598131393298294,0.9837020598882243,2.6491827672153037e-05,1.6297323024673575e-07,0.00022514725297560726,6.214927650440583e-05,2.674848410189399e-06,1
0.04376450954448764,0.948216590464382,3.392087162818257e-05,6.144767362422348e-07,0.007820348166449973,0.00015894957333906424,5.066902976821854e-06,1
0.04459881176029566,0.943235880041241,4.073586064923353e-05,6.993555048299674e-07,0.011994667955746345,0.00012371621239540588,5.488814167443904e-06,1
0.03147142942405671,0.929489362334943,4.49029779624436e-05,5.71394868553658e-07,0.038881650233002975,0.00010768741316146564,4.396222005017097e-06,1
0.021269877594839025,0.9783902141689429,2.5073836829926533e-05,2.920858229827609e-07,0.0002586788013719666,5.344624358554419e-05,2.417268607539725e-06,1
0.025580610553916108,0.974030777846877,3.384285776765877e-05,3.604973932278902e-07,0.00029379739402520216,5.738610152304955e-05,3.2247484977212086e-06,1
0.022038681049618526,0.977581477637528,3.509031105148469e-05,3.1281628664235685e-07,0.00028440042687734215,5.7239530774486014e-05,2.798227863398109e-06,1
0.01658474979615156,0.9830232926325104,3.5181148448255615e-05,3.145576129647816e-07,0.0002957870858252634,5.786097494421494e-05,2.813804507079224e-06,1
0.012030236037810874,0.9875990949920814,2.9423681198697055e-05,3.164482036116659e-07,0.0002801940206815506,5.7904103662830605e-05,2.8307163612642326e-06,1
0.017933542871596386,0.9818256232901303,3.2709827728370764e-05,6.59903059669213e-07,0.00012988590136505878,7.513977495578795e-05,2.438431164384924e-06,1
0.6815408023280389,0.31842261877895855,1.2387502578466611e-05,1.7236397621718326e-07,1.0352004688258237e-05,7.587764350800134e-06,6.079257408833159e-06,0
0.5796956904737506,0.42025462355651944,1.5768304725203345e-05,2.2216216648529463e-07,1.4642433056035032e-05,1.000628471272207e-05,9.046785069857462e-06,0
0.6125263294432511,0.3874350312249956,1.3790076036827122e-05,1.8838129519296687e-07,9.62282209221147e-06,8.393865941457465e-06,6.644186387557131e-06,1
0.5846109375966212,0.4153499507835652,1.4919149958424304e-05,2.0497632021200215e-07,9.706166060308379e-06,7.051836483200628e-06,7.2294909912849055e-06,1
0.25013290456633996,0.7498254638947637,1.4005256996615992e-05,1.973223051415513e-07,1.2692415989822143e-05,6.945606017000129e-06,7.7909375879289e-06,1
0.2399410448969053,0.760027862104651,9.654030913165402e-06,1.8037627822553838e-07,9.00877452493706e-06,6.081412521887647e-06,6.168404205473455e-06,1
0.21159336120308994,0.7883668331335701,1.092446805262037e-05,2.0411317372500074e-07,1.4596328783866081e-05,6.8817054148404134e-06,7.1990479150042795e-06,1
0.22653601862163686,0.7733049128858633,1.0059591935187933e-05,2.116358160615178e-07,0.0001343170822113619,7.135332398127951e-06,7.344850139220086e-06,1
0.2242456757314815,0.775632439531796,7.920743802252038e-06,1.7924655040310954e-07,0.00010238330813771788,5.618233844236375e-06,5.7832043877643285e-06,1
0.06471838879597341,0.9352163240365559,7.619022945747489e-06,1.4956384841344004e-07,4.781444726699806e-05,4.799489660182348e-06,4.90464374942407e-06,1
0.20917171634748122,0.7906501253484092,9.874313979793124e-06,1.9523987691228823e-07,0.0001536005137345452,6.716871907748575e-06,7.771364610693323e-06,1
0.1762521708640774,0.8235252124300246,1.2462592099610766e-05,2.5454187206663975e-07,0.00019168028736809672,8.7570489024547e-06,9.462235655873488e-06,1
0.22404478225989538,0.7757632798811379,1.2489268483714763e-05,2.3381818205428677e-07,0.00016247882249761594,8.044088141209198e-06,8.691861662140866e-06,1
0.06367637275503024,0.9362295497401626,8.69739941226881e-06,1.2888288148119388e-07,7.115810651705967e-05,4.536586558027158e-06,9.556529438413528e-06,1
0.05906208696494972,0.9408476417685739,7.592228726786253e-06,1.1250585017312132e-07,7.057295974770301e-05,3.960126602765894e-06,8.03344554893935e-06,1
0.06036555745099366,0.9395696637137049,9.055399417521925e-06,1.3418792383468378e-07,4.091603492963401e-05,4.723320308499045e-06,9.94989272173331e-06,1
0.02807740014296675,0.9719049490670495,4.722546796010511e-06,6.407064371082373e-08,5.858160547630757e-06,2.255241484999566e-06,4.750770511364896e-06,1
0.033428077732004575,0.9665553204464131,5.77313475794795e-06,6.790141609882347e-08,3.4932019711181826e-06,2.38998449184852e-06,4.877598944986434e-06,1
0.08956757274393813,0.910411805944988,8.164248867414327e-06,8.128348695308743e-08,4.1362519299379595e-06,3.3034230835672533e-06,4.936103706089401e-06,1
0.3128954663791655,0.6870782483771208,1.1288583511551009e-05,1.4542020189277617e-07,5.4527154315464236e-06,5.002712798826808e-06,4.3958117697995865e-06,1
0.15511052441458442,0.8448563280847038,1.151616520246439e-05,1.3544876902559402e-07,6.79263579882726e-06,4.659867881477222e-06,1.0043383059982567e-05,1
0.16886349212903284,0.8311005602479291,1.2439171943698502e-05,1.4630482437948318e-07,7.48044751206026e-06,5.033350667825526e-06,1.0848348090110533e-05,1
0.3253325184569438,0.6746229853239244,1.789325711981311e-05,2.266704014688637e-07,1.0583471109081982e-05,7.798181785518613e-06,7.994638715902413e-06,1
0.4178868138022042,0.5820758240486148,1.0484847434423183e-05,1.9214140839928408e-07,1.0945198358810515e-05,6.478075601224458e-06,9.261886378128137e-06,1
0.3816851338466388,0.6177052115748787,1.1869219967281797e-05,2.497071521363273e-07,0.0005804506172175989,8.418913045250754e-06,8.66612110021885e-06,1
0.5221502924846798,0.47768271608072493,1.0346427198472368e-05,2.3413980184484553e-07,0.000141811236514834,7.045352761593534e-06,7.5542783185181505e-06,1
0.5675520353371871,0.4322447750367303,1.1786467934456742e-05,2.667279451820615e-07,0.00017476646261187613,8.025941981568203e-06,8.3440256095372e-06,1
0.312668989639577,0.6870993056075076,1.1534850439638345e-05,2.2333686214241325e-07,0.00019585304867877464,1.657826478913492e-05,7.515252145815608e-06,1
0.18507775625327516,0.8147497136231908,8.580259631536313e-06,1.6613030853780372e-07,0.00014568632823508846,1.2331830124326613e-05,5.765575234382247e-06,1
0.11423837313292541,0.8856189687669593,7.689370851796589e-06,1.3258988985524736e-07,0.00011963962137757942,1.06622852121189e-05,4.534232784001267e-06,1
0.12636579950846782,0.8735002392552075,6.916714406764032e-06,1.2364270329739062e-07,0.00011241480314972061,1.0145212289523576e-05,4.36086377539652e-06,1
0.07341718381630459,0.926407331232335,7.98261303198616e-06,1.4104726247626675e-07,0.00014966626235682955,1.2720308154162474e-05,4.974720554856857e-06,1
0.23120990908784786,0.7682501897073406,1.242188214380275e-05,2.419781677557956e-07,0.000488478118228591,2.6783859747596694e-05,1.1975366523752648e-05,1
0.2570346451569271,0.7414190013619285,1.865375315607739e-05,3.858572778435114e-07,0.0014760502211515938,4.1499298635794835e-05,9.76435092311399e-06,0
0.5989757470156905,0.4002737063516428,8.920354433918051e-06,1.848898722611796e-07,0.0007172077949933566,1.753127368810424e-05,6.702319679188944e-06,0
0.3689913107241254,0.6282086721841081,2.472366494034572e-05,2.8693013050508335e-07,0.002742544896798839,2.4515817938589196e-05,7.945781958276253e-06,0
0.5953410727441241,0.3987525273879017,1.8849185654927296e-05,2.3489030335926e-07,0.0058545544103870955,2.5224757881160784e-05,7.536623747697334e-06,0
0.16864926256251564,0.8285775222230758,2.249842521946303e-05,1.8138940962777996e-07,0.0027089043729425157,3.482059253701095e-05,6.810434299827963e-06,0
0.0696593676893183,0.926154407959917,2.885028480257526e-05,1.6666961407272712e-07,0.004119670180254859,3.199489282112135e-05,5.542323271947848e-06,1
0.062238146700189394,0.9344718845081704,3.0044661150085348e-05,1.528767651043967e-07,0.0032227275251298054,3.196006377926115e-05,5.083664816122285e-06,1
0.05866634152653512,0.9380099423543807,3.334952192412045e-05,1.6141157428793912e-07,0.0032499365378142347,3.5619750440555874e-05,4.648897330772006e-06,1
0.04094958551780251,0.9546171390810725,3.3919469635702165e-05,1.6426931986943752e-07,0.004360343428741934,3.41170287042763e-05,4.731204723314712e-06,1
0.03588698738649392,0.9485480060654597,3.2176864081839905e-05,1.5138131321540855e-07,0.01548208450242948,4.2234005860262846e-05,8.359794361409388e-06,1
0.03242981170912927,0.9673338613096695,2.4624313745384555e-05,1.2102478208886277e-07,0.00016722704027276919,3.7671274758281847e-05,6.683327642900791e-06,1
0.017575331212599778,0.9821583401879858,2.8394530080286193e-05,1.3517588622758277e-07,0.0001854609733497679,4.4998143529494014e-05,7.339776568709503e-06,1
0.018516456512454857,0.9812044495949583,3.1072655328734356e-05,1.211836233561492e-07,0.00018528085017551662,5.995883528869405e-05,2.660368170666517e-06,1
0.01418354473758249,0.985613012497656,2.3962415380320965e-05,1.1588224941136202e-07,0.0001414040486472257,3.577633534321422e-05,2.184083141472108e-06,1
0.013857749791030714,0.9859536156158579,2.3970696189619035e-05,1.1592229540811053e-07,0.00012665847754464237,3.5704659175793914e-05,2.184837905785246e-06,1
0.01389249074257223,0.9859051159021697,2.406119015626457e-05,1.1635992426340756e-07,0.00013842460217126793,3.7598116919099336e-05,2.1930860871066404e-06,1
0.012039439912197544,0.9877878156147677,1.7472609519485538e-05,1.0131331197923325e-07,0.00012052478543756873,3.2736268722841606e-05,1.909496042962143e-06,1
0.011010937115388456,0.9888742508573946,2.6226453485748325e-05,1.1800296219242603e-07,5.437847491202844e-05,3.1676512102511404e-05,2.4125837546427605e-06,1
0.010738268918020865,0.9891101068181061,2.068396979210425e-05,1.0150979417379355e-07,0.00010460645784927392,2.431912720914277e-05,1.9131992283155345e-06,1
0.007912802751009293,0.9918735968531488,2.755700607577236e-05,1.1310639803762218e-07,0.00014201866106786323,4.177985683666607e-05,2.1317654636619726e-06,1
0.006144220541288978,0.982407446547959,2.7872713329728666e-05,1.2724001291238653e-07,0.01137260020426158,4.53345783349497e-05,2.3981748128647866e-06,1
0.017833438389533322,0.981844719969978,2.476984408913428e-05,1.6472065224498593e-07,0.00023953245786284249,5.46710893716023e-05,2.703528512724478e-06,1
0.034147331372187624,0.9578224251553248,4.2777012938736895e-05,6.599423398526215e-07,0.007851637786501085,0.00012972692370506189,5.441807002782662e-06,1
0.043327125838711955,0.9473276249465411,3.9792622368022096e-05,6.139006562247281e-07,0.00916377634560996,0.00013600419342406258,5.062152688676786e-06,1
0.02109044814193482,0.9785486591834008,3.097487654339415e-05,2.993571011137005e-07,0.00027216385776881763,5.4776751510221436e-05,2.6778317409034076e-06,1
0.012829156485427066,0.9868282364570709,3.127910261811726e-05,3.022972980079391e-07,0.00025300677241371823,5.5314752560030046e-05,2.704132612132473e-06,1
0.019738184271129517,0.9799885409349125,3.021142531569319e-05,6.887732873418886e-07,0.00014551956122463506,9.430992356521116e-05,2.545110565015721e-06,1
0.6425306398237398,0.3574124158268892,1.86745257158251e-05,2.504324493109417e-07,1.6541805674528306e-05,1.1279591069685987e-05,1.019799446177992e-05,0
0.7548198619804594,0.24512721113031688,1.9820882138822984e-05,2.389381970990955e-07,1.416250974038662e-05,9.973396495823632e-06,8.731162651714884e-06,0
0.743340632983744,0.25661000393150885,1.945035642001374e-05,2.1330315791238252e-07,1.1143266678970207e-05,9.870125873253134e-06,8.686032617002418e-06,1
0.7735121684970854,0.22644364811274337,1.6173539737319833e-05,2.087782926148547e-07,1.0995239733638725e-05,9.442246291545501e-06,7.363586116063748e-06,1
0.49550569470249667,0.504455411055071,1.5150313883719176e-05,1.966936718310995e-07,1.0153929262094985e-05,6.666888568873004e-06,6.7264170457930435e-06,1
0.275996951135759,0.7239654616001735,1.2644723376010206e-05,1.7815352942359184e-07,1.1459417646054517e-05,6.270878626856999e-06,7.0340908890800484e-06,1
0.26988735474591097,0.7300838572751807,8.052820293364145e-06,1.6447460821197508e-07,8.214576079712336e-06,5.658448944491402e-06,6.697658982548872e-06,1
0.23288973528458656,0.7670787507909607,9.428742480914115e-06,1.7616698064794968e-07,9.756130617572242e-06,5.939495440281764e-06,6.21338893311658e-06,1
0.24648224380607756,0.7534751820083725,1.1490677944798676e-05,2.1469226073686524e-07,1.6058263383842278e-05,7.238380876031867e-06,7.572171084398632e-06,1
0.22947818421519312,0.7703857938737998,1.0433905516417454e-05,2.195107041023853e-07,0.00011022554236807823,7.400835396700267e-06,7.742117021895288e-06,1
0.21592789500803808,0.7839313719369455,8.882918605801757e-06,2.0102058056073702e-07,0.00011911461168965203,6.0487832108494735e-06,6.485720929721274e-06,1
0.06750051896004697,0.9324294463753342,6.606638095043715e-06,1.349370993881544e-07,5.32156354454553e-05,4.749690759767805e-06,5.327763219039623e-06,1
0.07226217749274685,0.9276726107624357,6.252047404596997e-06,1.2769477151267743e-07,4.9397084755177724e-05,4.393105737949237e-06,5.041812148132146e-06,1
0.13939228838718415,0.8604434016819676,7.814486923519134e-06,1.623047549213934e-07,0.00014489934980353034,5.583799099173216e-06,5.849990267161287e-06,1
0.19009259141686746,0.8097170931464456,1.0112438556827058e-05,1.9994819520204854e-07,0.00016668648005654208,6.878853011984968e-06,6.4377168664019216e-06,1
0.11266491449500159,0.8872080504013565,8.132773577475051e-06,1.5225794332341493e-07,0.000107416495759581,5.133398760595884e-06,6.200177600971719e-06,1
0.17930063636991297,0.8205211568120314,1.3209840282159055e-05,2.4730838671851696e-07,0.00014704813433193768,8.508194030702532e-06,9.1933410240334e-06,1
0.0849659378335035,0.9149420697958524,7.382602862328489e-06,1.4054995336267406e-07,7.391044275805961e-05,4.835364825604948e-06,5.723410244717645e-06,1
0.05125537766487645,0.9486656390696182,8.09580860943076e-06,1.199681757781328e-07,5.764918008448539e-05,4.222795202678107e-06,8.895513432975076e-06,1
0.06643881132697277,0.9334898925730938,9.966444422873705e-06,1.4768829329950952e-07,4.503251257382421e-05,5.198523795096024e-06,1.0950930848265976e-05,1
0.0970977008894763,0.9028738556332881,1.0838685043540406e-05,1.0791024730291682e-07,6.558259515127339e-06,4.385554991011209e-06,6.553067438462301e-06,1
0.06233479457283177,0.9376404461834997,9.335192153257621e-06,8.079581445906611e-08,5.20323591823412e-06,3.283603700389214e-06,6.856416082262786e-06,1
0.14356421836506833,0.8564091047000585,1.0561750149829528e-05,1.0515307586126138e-07,5.350897571865736e-06,4.2735014346600425e-06,6.385632641043556e-06,1
0.09565318492091551,0.9043253574259174,6.548874371520315e-06,9.704484748271508e-08,4.277310081746301e-06,3.3386509977223145e-06,7.195772868798254e-06,1
0.18614124053093634,0.8138183072810228,1.356779216760014e-05,1.7409485388803937e-07,7.67333550447482e-06,6.12801610961364e-06,1.2908949405356965e-05,1
0.3110082818729226,0.6889542024153184,1.1605030596368055e-05,2.1682882999801996e-07,1.0735909078338706e-05,7.3104156202149116e-06,7.64752763392493e-06,1
0.38394085648319054,0.6160189597265462,1.3216677243316418e-05,2.1510131840719868e-07,1.1913240885596017e-05,7.252172315033782e-06,7.58659850089012e-06,1
0.23494891216700564,0.7649974553393435,8.818275617094264e-06,2.3317208880206581e-07,3.107502477319498e-05,6.195804455724697e-06,7.31021671635071e-06,1
0.280048851313253,0.7197005472746936,1.0804598740676844e-05,2.0187353097304484e-07,0.00022566868827330838,6.806195532885375e-06,7.120055975436747e-06,1
0.4676007327832297,0.5321973610390476,1.2048809333293003e-05,2.534853910824622e-07,0.00017226034067302582,8.546296922242487e-06,8.797245403117842e-06,1
0.37294298825359967,0.6268838674959609,1.0741137322542642e-05,2.25974311615322e-07,0.00014671591233700218,7.618756866487945e-06,7.84246960186318e-06,1
0.48281282682511667,0.5170141353434682,1.0572048735257513e-05,2.392456205880155e-07,0.0001473085360591463,7.198988725658396e-06,7.719012274581594e-06,1
0.46610232012981573,0.533631355024283,1.1991691139815313e-05,2.5228372648547926e-07,0.0002375823911292365,8.50578262513484e-06,7.992697280466582e-06,1
0.34082383660469945,0.6589527843706932,1.0683018570618683e-05,2.2475159705879218e-07,0.00019709368644804914,7.5775328669247816e-06,7.800035124807824e-06,1
0.6511226399621564,0.34785102944246604,1.0309539240463675e-05,2.767291974440321e-07,0.0009882548198527,2.3644232172088323e-05,3.845274914727756e-06,0
0.7201855924284558,0.27701141208249264,1.2080264360137401e-05,1.7180680926485137e-07,0.0027701995218626287,1.6206128718447722e-05,4.3377673010332825e-06,0
0.5203797072523699,0.4757715257015533,1.8880005394368937e-05,2.8658773931559646e-07,0.0038002911411546903,2.3887302767493185e-05,5.422009020973067e-06,0
0.25345486771523995,0.744935268418212,2.35626366813654e-05,1.8805467395973137e-07,0.0015455409422602884,3.4236317996697444e-05,6.335914935829815e-06,0
0.2185205939376908,0.779014521288082,2.0934520024868798e-05,1.8507612124212857e-07,0.002403968940266303,3.345920652154594e-05,6.337031293176188e-06,0
0.17056484773161842,0.8274474936012901,2.4707573196471965e-05,1.7647635411999057e-07,0.0019219255866567359,3.411523946343633e-05,6.733791420611803e-06,0
0.03735960490867246,0.9592250308925154,3.664176529474752e-05,1.537382444187815e-07,0.003342210967544489,3.19298338968558e-05,4.427893831461452e-06,1
0.03534780113573322,0.9474010475433122,3.422843395242653e-05,1.6325954486534065e-07,0.017165264539709197,4.3282878318889424e-05,8.212209429109297e-06,1
0.025757499900516886,0.9558005500848851,2.6848441747703105e-05,1.6658453933323838e-07,0.01835966839202063,4.688713445983385e-05,8.379461830452989e-06,1
0.03216981033755077,0.9676086539115516,2.3083127487973733e-05,1.1345008445910831e-07,0.00015676063625433495,3.531350545933059e-05,6.2650316114451655e-06,1
0.02217648913525847,0.9775854748033024,2.4663715274165473e-05,1.1548363294115637e-07,0.0001640451672381934,4.283436543618891e-05,6.3773298577107234e-06,1
0.0137018042926542,0.9860538954679956,2.4149968141391527e-05,1.1952363218489045e-07,0.00017102194760082755,4.669100431285959e-05,2.317795662818624e-06,1
0.014795102360946858,0.9850156962460601,2.1380890471710283e-05,1.1683878344745823e-07,0.00012765984643009284,3.784170595359012e-05,2.202111354361438e-06,1
0.010793790488314246,0.9890938069826236,2.5834358823805386e-05,1.0036386607366752e-07,5.345823343750316e-05,3.063781709318379e-05,2.3717558418449138e-06,1
0.010010576621484173,0.9898850088229816,2.389158262960055e-05,9.281637743281869e-08,4.943810721664547e-05,2.8798652483483375e-05,2.1933968270372136e-06,1
0.009901488443453316,0.9899681355142415,2.3707273163868453e-05,1.0920543454991276e-07,6.952886119658894e-05,3.44500065135304e-05,2.580695996354455e-06,1
0.008299877759277407,0.9914800435197733,2.583009774567887e-05,1.1306151994013572e-07,0.00014819201049610147,4.3812631561138077e-05,2.1309196266451783e-06,1
0.004998503494681619,0.973973811113332,2.7269609158691486e-05,1.1246235175363446e-07,0.02095664124719642,4.1542422603406455e-05,2.119650675898753e-06,1
0.004479109492259928,0.9789945283769463,2.3873397287457892e-05,1.1076854512322308e-07,0.01645729445741934,4.299578113469974e-05,2.0877264069055322e-06,1
0.003670002145314916,0.9867505136990858,2.3222086962910142e-05,1.0595551138118198e-07,0.009513048033075424,4.111106800223204e-05,1.997012047252184e-06,1
0.011595693792701346,0.9880603116721939,2.8548865335332075e-05,1.3058008515972303e-07,0.00027453546539469973,3.831852464691138e-05,2.4610996425944437e-06,1
0.013573633058174482,0.9861234437060395,2.5377905494220486e-05,1.3361696843538435e-07,0.0002232966239880806,5.178520384146751e-05,2.32988549378665e-06,1
0.023920018733164104,0.975669377150001,3.455956596042253e-05,5.179436958403433e-07,0.0002865567808820671,8.579699426693612e-05,3.172832029857183e-06,1
0.04332713975131172,0.9473279291391189,3.9259076322644925e-05,8.263536833646858e-07,0.009163779288153463,0.00013600423709582418,5.062154314164352e-06,1
0.04273327615015347,0.9483463198560765,4.532537618474542e-05,8.272420250826663e-07,0.008712681316828036,0.00015650246253181383,5.067596200551083e-06,1
0.021981799002772855,0.9402982594738285,4.045447743749728e-05,4.781184083387186e-07,0.037587564318652775,8.748771156685776e-05,3.9568973332534735e-06,1
0.012053512545196366,0.9876075643261693,3.393667077118019e-05,3.097621741524968e-07,0.00024522510240240086,5.668068530090633e-05,2.7709079857830113e-06,1
0.7144709087150608,0.28547414252437625,2.3877640239119894e-05,2.089022439495978e-07,1.4298017274360778e-05,9.196242940262882e-06,7.367957865234365e-06,0
0.6937075695986651,0.30624092270410985,1.923727075141293e-05,2.0339643885877902e-07,1.3934952482271095e-05,9.541203555237164e-06,8.590873997401088e-06,0
0.6551255957701453,0.3448221023478001,2.0572416943488845e-05,2.4799785297245136e-07,1.1856454367378616e-05,1.0562796728387266e-05,9.062216162451922e-06,1
0.7028179220212787,0.2971409653839358,1.5025883038726573e-05,2.0644274116133363e-07,9.325626484779882e-06,9.273431033111446e-06,7.281211487738635e-06,1
0.5159291621201706,0.48403148428199655,1.5124639590776142e-05,1.9636034732116578e-07,1.066198908054961e-05,6.655590608220206e-06,6.715018205939547e-06,1
0.6135275630017629,0.38644449347425985,1.009075032188916e-05,1.662249153278521e-07,8.66584694855929e-06,4.507033214657534e-06,4.513668576830998e-06,1
0.28818676831465895,0.7117772741542726,1.2293592251330075e-05,0.0,1.0989735178737264e-05,5.877838526753361e-06,6.7963651117494455e-06,1
0.22303533084771324,0.7769304684390677,1.0084471654601075e-05,1.8841864929676904e-07,1.0929756817507869e-05,6.352562235250148e-06,6.645503862456896e-06,1
0.25910885083067303,0.7407402139535447,9.71214388674359e-06,2.1978596103846596e-07,0.00012751430165588559,6.613440411929408e-06,6.875543866503877e-06,1
0.21314871169134772,0.7867164455171678,8.568276706376853e-06,1.93900229683063e-07,0.00011399009513466348,5.834529233848253e-06,6.255990179837502e-06,1
0.23866907844854857,0.761210928350354,8.086063786183975e-06,1.829877441056595e-07,0.00010049359238429034,5.506168528864162e-06,5.724388653790559e-06,1
0.21237526005444882,0.7875070668484322,5.7150154837696835e-06,1.766183591036481e-07,0.00010120040026752772,4.787874170918366e-06,5.79318883753664e-06,1
0.2433659536173605,0.7563583770442488,1.250885683024487e-05,2.070228728703188e-07,0.0002418181326878265,7.122244395128122e-06,1.401308160458912e-05,1
0.17522145016559829,0.8245818775802001,1.0992075170591974e-05,2.1734081048149523e-07,0.0001709879184181096,7.477214221899467e-06,6.99770558058956e-06,1
0.2602890094726017,0.7395395976145922,1.115242253803395e-05,2.0879038406008756e-07,0.00014508715897479572,7.183052394215945e-06,7.761488515098437e-06,1
0.09374837896640677,0.9061612366125887,7.311750940297125e-06,1.3920107485425825e-07,7.247602803147967e-05,4.788959120461964e-06,5.668481837491316e-06,1
0.061788525619540444,0.9381323766419434,8.005918902103533e-06,1.1863614031020988e-07,5.800053056951266e-05,4.175908493371594e-06,8.796744410930254e-06,1
0.0760015298927153,0.923907827642723,9.864141100315308e-06,1.461723060059023e-07,6.464846705134621e-05,5.145162111222422e-06,1.0838521992775481e-05,1
0.04687287177585803,0.9531054139091977,7.575624697735271e-06,8.910161747069397e-08,4.583850583107942e-06,3.0652536326794547e-06,6.400484413154572e-06,1
0.0986815808268537,0.9012957941124803,7.699332622541374e-06,1.1409296464411884e-07,4.930918331995674e-06,4.015828119572755e-06,5.864888627248963e-06,1
0.08727065763397343,0.9127104304879644,6.435732565202212e-06,9.536824086166755e-08,4.121665245721315e-06,3.3567579259692208e-06,4.902354084452003e-06,1
0.08946858665859556,0.9105103831772721,6.4202195222376015e-06,9.513836002013822e-08,4.111730157618318e-06,3.348666612447444e-06,7.054409480009814e-06,1
0.18346970485828046,0.8164934087314163,1.2056673352536397e-05,1.5470496302987756e-07,7.758316872812832e-06,5.4455056224347355e-06,1.1471209492468014e-05,1
0.1662509451041825,0.8337167682876299,1.2319229323885672e-05,1.8218760262095975e-07,7.184247134384935e-06,6.1752085565165e-06,6.425735570380779e-06,1
0.13999786785619778,0.8599710873381134,1.16779905285673e-05,1.7270439910594005e-07,7.249069208939234e-06,5.853777467646132e-06,6.091264084555257e-06,1
0.32479219864123726,0.6751715861901532,1.1191104474758197e-05,2.090950187073912e-07,1.0352982625034605e-05,7.087229482530734e-06,7.3747570085372256e-06,1
0.2289858273180207,0.7709802980512963,9.898696271670107e-06,1.8494761502513494e-07,1.1230718835766045e-05,6.23553580865417e-06,6.32473215179026e-06,1
0.26605811145629504,0.7335171582551618,1.4525890349727493e-05,2.364087514390083e-07,0.00039365932472785353,7.970555526638284e-06,8.338109187546766e-06,1
0.1987947377603238,0.8008408821204982,1.1060841180113113e-05,2.0666117439004655e-07,0.00033885608959231437,6.967611628798395e-06,7.2889156023287685e-06,0
0.3189655085729015,0.6805639872753988,1.3691076691172765e-05,2.5580459402573407e-07,0.0004389105829254129,8.624489187648789e-06,9.022198301372624e-06,0
0.3778673784910347,0.6219484488714163,1.0805278851024762e-05,2.273237346149034e-07,0.00015758648059066194,7.664252859684547e-06,7.889301512882729e-06,0
0.38106809620403614,0.6187421238892459,1.0462654711049753e-05,2.201155357204388e-07,0.0001642690540968603,7.421227382896285e-06,7.406854991521936e-06,0
0.2384966685816291,0.7613098243831437,9.435854973767855e-06,1.9851350636065176e-07,0.0001701782066361187,6.692911813137548e-06,7.001548297863711e-06,1
0.11217073412756082,0.8875635908657882,1.4005790841284638e-05,2.1364634159070397e-07,0.00022651069383780768,1.753024992590489e-05,7.414625704565114e-06,0
0.2990704165869637,0.6998119160895903,1.6600544916924968e-05,3.39137538935637e-07,0.0010550422514663432,3.710330974594076e-05,8.582079777984103e-06,0
0.5286775684803298,0.47043487924712724,1.3599527390168686e-05,2.8546613430993283e-07,0.0008327017472666108,3.0702140502163484e-05,1.0263391249679036e-05,0
0.5523574822069364,0.4468250250162085,1.1741113030254503e-05,2.464563696283832e-07,0.0007731267150737098,2.6506605087412894e-05,5.871887294070187e-06,0
0.7037563813400399,0.29342716777613226,1.1804683710839308e-05,1.6788747185305793e-07,0.0027845319640847107,1.5836426918744102e-05,4.109921641912291e-06,0
0.41535885006260675,0.582359253982547,1.912954386390988e-05,1.6583589332034385e-07,0.0022253904367522726,3.183484681475328e-05,5.375291522175794e-06,0
0.18177152819595324,0.8167341526782322,2.7392203834206903e-05,2.013399246111489e-07,0.0014261635871650196,3.554501827922749e-05,5.0169766114158554e-06,0
0.08151917831069928,0.9171641093522237,2.8360799497220773e-05,1.4679442552008396e-07,0.0012535112756656877,2.9812060849009505e-05,4.88140663958798e-06,1
0.035805350610736295,0.960272720724011,5.1137709121674455e-05,1.4734234361283935e-07,0.003826220180224128,4.017975134298373e-05,4.243682220145493e-06,1
0.035783934425517375,0.9596983546558979,5.110712222246692e-05,1.4725421402137947e-07,0.004415832170285547,4.459256290464409e-05,6.031808957859806e-06,1
0.02985827509596089,0.9500020997214853,2.686797421526497e-05,1.5215211088161804e-07,0.020066884133967268,3.7081716604728186e-05,8.6392056557e-06,1
0.03218972263595567,0.9440337078492405,2.6244068999968738e-05,1.4931391900366064e-07,0.023697550278329597,4.444283271429166e-05,8.183020841173515e-06,1
0.029207789664508443,0.9705707327714455,2.3153790398723817e-05,1.1379738199047188e-07,0.00015724051762459288,3.4685248286476405e-05,6.284210354439877e-06,1
0.015362891531579222,0.9843974048496171,2.164634491297297e-05,1.1709689615561165e-07,0.00016428569637251045,5.142797882019569e-05,2.2265018020032164e-06,1
0.010962134915019836,0.9887885216441976,2.830982364901523e-05,1.1486458153455326e-07,0.000169143793013021,4.9548820163376e-05,2.2261393755544995e-06,1
0.009964021764350088,0.9898304593889695,2.0161405918237512e-05,1.0787228304593426e-07,0.00014332365171297788,3.983406342155939e-05,2.0918533449138003e-06,1
0.012214049993670813,0.9876134458555178,1.7096381887340964e-05,1.0090949215536304e-07,0.0001196243396791539,3.378063467775707e-05,1.9018850751565676e-06,1
0.012282621935995133,0.9876049198176594,2.2539623065567916e-05,1.0389277653120128e-07,5.533788720532859e-05,3.2021693757598865e-05,2.455149540398339e-06,1
0.0102789955834887,0.9896236232169329,2.1309858821678425e-05,8.663626671175154e-08,4.614630694508244e-05,2.779104644422722e-05,2.0473511008275416e-06,1
0.010010576621484173,0.9898850088229816,2.389158262960055e-05,9.281637743281869e-08,4.943810721664547e-05,2.8798652483483375e-05,2.1933968270372136e-06,1
0.009721739448410174,0.990082098384977,2.243830816067864e-05,1.1159721634614508e-07,0.000135145243578908,3.636369639678001e-05,2.103321260114692e-06,1
0.0047265508342819,0.9784166839511012,2.703629509242605e-05,1.1297535931315673e-07,0.016785169043983115,4.2317580520809485e-05,2.1293196611487205e-06,1
0.003907611618671137,0.9836767071402341,2.3045341610447575e-05,1.0691304091923574e-07,0.012348449175563318,4.206475165445828e-05,2.015059225715733e-06,1
0.005348086950313248,0.9943563816700212,2.6732795275507663e-05,1.1654263211005603e-07,0.00022154755599865431,4.493795609807737e-05,2.19652966133571e-06,1
0.006315236321009461,0.9933893916056502,2.6834889756987845e-05,1.1642929692218627e-07,0.00022133210579449656,4.489425490818105e-05,2.1943935837706016e-06,1
0.016248948677709416,0.9834489496534167,2.5309077339139576e-05,1.332545819718125e-07,0.0002226910147242115,5.164475568503046e-05,2.3235665436225543e-06,1
0.01756739189867252,0.982087284140242,2.8937980542145357e-05,4.3577316489076164e-07,0.00024109523164150948,7.218550593449482e-05,2.6694698022617556e-06,1
0.017603108092948235,0.9820838220058387,2.8549865510840448e-05,4.357716286675658e-07,0.000227130387876283,5.428441580580833e-05,2.669460391628515e-06,1
0.04329358148291227,0.9185236767649478,5.446990484051904e-05,7.482547210812187e-07,0.03800425516006306,0.00011778899306370427,5.479439451193368e-06,1
0.601616141120111,0.3983256057774711,1.924347253083082e-05,2.5806224117702284e-07,1.7008562486155994e-05,1.1623240354884474e-05,1.011976480485999e-05,0
0.7267533352426468,0.27319219272080836,2.275307580519152e-05,2.2992886430519204e-07,1.2980661532756313e-05,1.0398806021036007e-05,8.109564321437278e-06,1
0.6235187995947278,0.37645657105563146,9.953232983794383e-06,1.8453400269794957e-07,5.682723469962985e-06,4.3567031477987764e-06,4.452156036343164e-06,1
0.3152265679140308,0.6847387554759732,1.2096689764420784e-05,1.7043219624420044e-07,9.590109866111563e-06,5.879117040241874e-06,6.940261129057312e-06,1
0.3325835498720403,0.6673814795090363,9.885914727479247e-06,2.2511535006524783e-07,9.82973597983183e-06,6.807580027098153e-06,8.222272838967407e-06,1
0.33541191106917334,0.6645540829186215,1.0570093432415784e-05,1.974920249359575e-07,9.614433563318548e-06,6.6584724179569694e-06,6.965520766732533e-06,1
0.35137577027750855,0.6485910405578948,1.0316192578361213e-05,1.927481317886718e-07,9.383488311170514e-06,6.498531368766858e-06,6.798204206768687e-06,1
0.254726371472891,0.7452404547930117,9.012496698065008e-06,1.8960680569704328e-07,1.0998679190981148e-05,6.3926211015360675e-06,6.580330301068686e-06,1
0.2377102231289608,0.7622506260740147,9.587956293345645e-06,2.0171344599043737e-07,1.555983612126257e-05,6.800798244354019e-06,7.000492919566944e-06,1
0.25261042080873614,0.7473485123180251,1.0037704011159537e-05,2.1117533330103532e-07,1.6369317718066475e-05,7.1198071547131275e-06,7.328869021607863e-06,1
0.2423802043025539,0.7574793389097807,1.1000289344632294e-05,2.4893671196647035e-07,0.00011337330126323857,7.802575040343336e-06,8.031685305421318e-06,1
0.24100410651685988,0.7588599603921976,9.044181542970818e-06,2.046699632345219e-07,0.0001141229734513648,6.158594477862928e-06,6.402671506977673e-06,1
0.23851887401203944,0.7613490846536729,8.574853249366884e-06,1.9404905694903335e-07,0.0001113630058011383,5.839007501024714e-06,6.070418679167973e-06,1
0.21445286982068337,0.7854354307965664,7.2851732236919e-06,1.5326701026036694e-07,9.377437022044705e-05,5.167419599512008e-06,5.319152696354004e-06,1
0.06514347272996225,0.934803590765218,6.366448522063411e-06,1.1895096465438497e-07,3.8290997658596145e-05,4.092291009001067e-06,4.067816665458546e-06,1
0.18492462621252692,0.8148823135589465,1.0176946240431605e-05,2.01223673400597e-07,0.0001677497803333466,6.922733513326529e-06,8.009544766316576e-06,1
0.19087072301006955,0.8089245645423598,9.766990045199888e-06,2.0285771044479186e-07,0.00018022270050950358,6.978949577851626e-06,7.540949727662262e-06,1
0.24056643911648473,0.7592867766844316,1.145021441507667e-05,2.1436550284398233e-07,0.00011977602927207761,7.37485418867583e-06,7.968735705175235e-06,1
0.06643841091679394,0.9334842666618627,1.0885807172947547e-05,1.4768740321892633e-07,5.013956945254808e-05,5.198492464887056e-06,1.0950864849731508e-05,1
0.060645686174792844,0.9393001376632824,1.1895461974083154e-05,1.3990991385183786e-07,2.684188748042394e-05,4.9247303227589645e-06,1.0374172233618836e-05,1
0.04633773455967209,0.9536332776741534,9.089001942051494e-06,1.0690139495903235e-07,8.102383660633431e-06,3.7628537307048196e-06,7.9266254462392e-06,1
0.04607511908156059,0.9538970535891439,8.725151447851408e-06,1.0262192339169051e-07,7.778029422630621e-06,3.6122193488168386e-06,7.609307152730052e-06,1
0.04038061111035654,0.959599791202544,6.837181959907132e-06,8.041633474151606e-08,4.1370344709796235e-06,2.766464506374116e-06,5.776589827287726e-06,1
0.0885802993144509,0.9114001674800315,6.270871919052482e-06,1.0137789955188601e-07,4.381393234182896e-06,3.568285047141789e-06,5.2112774174186775e-06,1
0.1655721395974513,0.8343923724378913,1.408701379931159e-05,1.8146976323016427e-07,7.15594040268596e-06,6.15087754889318e-06,7.912663143284324e-06,1
0.12928082786230133,0.8706874023254978,1.2996046442817291e-05,1.6741585580199567e-07,7.02708866517064e-06,5.674523460281153e-06,5.904737776865949e-06,1
0.22424721420167992,0.7757181480179046,1.0092213243971766e-05,2.4112492446528647e-07,1.145027650742516e-05,6.357438933798319e-06,6.496726805702606e-06,0
0.21611300726898366,0.78384981640571,1.0198007509077837e-05,2.4365257955598716e-07,1.3745752323579695e-05,6.424082450309394e-06,6.564830443763837e-06,0
0.2545752368211603,0.7453705745397944,8.592032714995323e-06,2.556986225810477e-07,3.313495581306855e-05,6.03684403741078e-06,6.169107857440374e-06,0
0.22883279254195696,0.7710567288654802,8.07766761849794e-06,2.4039113353382756e-07,9.068529557053974e-05,5.6754462205212855e-06,5.799792019890424e-06,0
0.25033988281916153,0.7494978042689829,1.0981622852995787e-05,2.0518105617401824e-07,0.00013697168671408477,6.917709227322002e-06,7.2367120048705555e-06,0
0.3296135402345444,0.670172033007487,1.298239575385201e-05,2.7312637903226476e-07,0.0001823296044954124,9.208495694914925e-06,9.633135645394449e-06,0
0.30738579869238153,0.6924310520707554,1.0814626418456242e-05,2.2752039070933522e-07,0.00015493718997200564,7.670883148583665e-06,9.499016933205247e-06,0
0.51590846640109,0.4838726967014407,1.1433483259437566e-05,2.4054003140750317e-07,0.00019016418496495065,8.109842233177453e-06,8.888846980166993e-06,1
0.5015189507146367,0.4982701601504504,1.1094280954576147e-05,2.33403821801606e-07,0.0001845224983171863,7.869243885750339e-06,7.169707933521143e-06,1
0.38494401216724333,0.614865429376685,1.0534446958408433e-05,2.5616727643550476e-07,0.00016520408302482542,7.645061959828932e-06,6.9186968522521705e-06,1
0.10335135447010976,0.8964556540922844,9.096803395764824e-06,1.8043684129913998e-07,0.00016254488874806934,1.4805322198657258e-05,6.363986422035764e-06,0
0.11183619977614297,0.8878989715846027,1.2244301341863802e-05,2.1442320454044594e-07,0.00022733433427299027,1.7593993594838112e-05,7.441586840211967e-06,0
0.49144543244893857,0.5077301596885773,1.554740028559841e-05,3.223158091378449e-07,0.0007658294630123555,3.5262930019447395e-05,7.445753357688199e-06,0
0.5413470354627015,0.458000679539115,1.2287817039952566e-05,2.5555620575506697e-07,0.0006019474888663758,2.8606099345921975e-05,9.188036725575495e-06,0
0.6599653071593052,0.33901305357408285,9.566472003687916e-06,2.1090805267697155e-07,0.0009839462469218314,2.304349468484186e-05,4.872144948718417e-06,0
0.1959857094531206,0.8026711199187965,2.7237409528849363e-05,2.0020214562996295e-07,0.001273258352876405,3.748603803142654e-05,4.988625500484455e-06,0
0.19261725542034083,0.8059051392079497,2.5490644662321035e-05,1.6510409579735528e-07,0.001412928838888992,3.3530519520021044e-05,5.490264542355621e-06,0
0.02848884255530729,0.9647701066267921,3.6393583423466136e-05,1.4310734122179217e-07,0.006658042893659399,4.041532895944002e-05,6.055904517315898e-06,1
0.030436334182329015,0.9576740185540514,2.4814542934114215e-05,1.4118072368204805e-07,0.011814200906300455,4.2753345590509615e-05,7.737288070470073e-06,1
0.029906669623674845,0.9479559626151619,2.4382710905570053e-05,1.387238435186364e-07,0.022054733209531538,5.0510476015236664e-05,7.602640867345157e-06,1
0.030317497504455285,0.9505401084274865,2.635125876806953e-05,1.634997048983434e-07,0.019057227580942877,4.5851796701774755e-05,1.2799931941087988e-05,1
0.021143044634691507,0.9785615618180624,3.1527600586720776e-05,1.3744519562305967e-07,0.00020403161639917332,5.288582492689645e-05,6.811060137641697e-06,1
0.019648248998879014,0.9800842830199917,2.4747503799738613e-05,1.2155654463842043e-07,0.00018585101939734862,5.4436603013676283e-05,2.311298373981348e-06,1
0.012410418164827424,0.987412396563818,2.0227253069953385e-05,1.1831841864704914e-07,0.00012398752876506368,2.9932584151626204e-05,2.919586949550512e-06,1
0.048072833326288096,0.9517466100185452,1.7973835437115635e-05,1.275940281985798e-07,0.0001301261932792537,2.9953384691635822e-05,2.3756477305651225e-06,1
0.010469374449644065,0.9894137277753972,2.6252861690000927e-05,1.0198970729932998e-07,5.432422837346931e-05,3.380851816389512e-05,2.410177024445103e-06,1
0.00521243667207671,0.9944919477008467,2.5501388251065448e-05,1.1640147101351072e-07,0.00022127920873915387,4.652475947835878e-05,2.193869136770797e-06,1
0.01082331647497119,0.9888341917933472,2.9089415741959653e-05,1.3303576152368564e-07,0.00025947178645108557,5.1290110884117404e-05,2.5073828427798587e-06,1
0.010528475988548246,0.9891161030627148,3.230774705019308e-05,1.3669426146866416e-07,0.0002674223176292485,5.2977853613980395e-05,2.5763361819969756e-06,1
0.015423663717645999,0.9842760968383185,2.9391473476477254e-05,2.8793311895774946e-07,0.00021521357621524865,5.296355991704862e-05,2.382901307636037e-06,1
0.019415036823169595,0.9802051448944047,3.3402004452671016e-05,3.804596655073603e-07,0.00026436906023707355,7.873959431828987e-05,2.927163752473332e-06,1
0.01945290284808835,0.9801970307557841,3.7495835542170106e-05,3.547647227633954e-07,0.00024096269097719463,6.820411641580153e-05,3.0489884696447707e-06,1
0.05047204133890236,0.9144765507647905,5.250704608433397e-05,6.865209937249813e-07,0.03488508160653451,0.00010785073843864756,5.281984255755609e-06,1
0.027723686418426253,0.9388666630701582,4.536182898652897e-05,6.431729906821933e-07,0.03326470563203246,9.465865250090838e-05,4.281224905099712e-06,1
0.7858012993701129,0.21415178339382393,1.7130853660186224e-05,2.211359069379141e-07,1.1764674680003513e-05,1.0001134078933966e-05,7.799437737021378e-06,1
0.7727980791601811,0.22715515376211307,1.7000900227469392e-05,2.3224321575488337e-07,1.0839267719960153e-05,1.0503475314569765e-05,8.191191228091206e-06,1
0.6201273448631537,0.379826873459721,1.802514765769381e-05,2.3401709728928645e-07,1.1217825089543005e-05,8.05093145710922e-06,8.253755823646975e-06,1
0.6199347797956164,0.3800268823763383,1.4806723112587736e-05,1.922328975593699e-07,1.0043148469725553e-05,6.515691610050385e-06,6.7800319553823476e-06,1
0.7332374978899342,0.2667383497603832,9.405563683987647e-06,1.2211066192053194e-07,6.3098912428354054e-06,4.138913918870634e-06,4.175870175023444e-06,1
0.30749505191687154,0.6924664191728291,1.4870502277432762e-05,2.4496176231681063e-07,1.0252681232634713e-05,6.509077421067486e-06,6.651687605999148e-06,1
0.2594555090760712,0.7405091355544872,9.69858459383074e-06,2.0404086750052518e-07,1.149220997673106e-05,6.879267599938908e-06,7.0812664035665664e-06,1
0.25177971613031985,0.7480693073022541,1.0363029114872794e-05,2.3451550346064725e-07,0.00012575596510421306,7.056657761408038e-06,7.566399942215277e-06,1
0.06307913568064448,0.9368572222341878,7.348313329705519e-06,1.3729616380654387e-07,4.683234025846059e-05,4.6289601825371144e-06,4.69517523341243e-06,1
0.19786110360540748,0.8019489003235195,1.00154227308252e-05,1.9802994974561394e-07,0.00016508733792527938,6.812859275345397e-06,7.882421192069398e-06,1
0.18746988426481223,0.8123303585830991,9.530907934908073e-06,1.908513407133818e-07,0.00017586646022852939,6.810258390870319e-06,7.358674193739102e-06,1
0.26391258470633855,0.7359376967544307,1.1098105067458744e-05,2.077734780467176e-07,0.00012354090662199138,7.148067597349401e-06,7.723686466027853e-06,1
0.24791020517723514,0.7519444300352992,1.133949018541275e-05,2.1229257614510183e-07,0.00011861778820404211,7.303538925980866e-06,7.891677574177346e-06,1
0.057767004692577374,0.9421436027557286,9.251711990922798e-06,1.3709699227360149e-07,6.501242817264764e-05,4.825717466482364e-06,1.0165597071724378e-05,1
0.06240613060954783,0.9375084510743666,9.140051796810218e-06,1.3544234967507046e-07,6.133243965355671e-05,4.767475213635694e-06,1.004290707192621e-05,1
0.02881938855177003,0.9711644960307649,5.536611562603603e-06,6.511952020041415e-08,3.3929809425998925e-06,2.292161406349535e-06,4.828544033534465e-06,1
0.0314277341311984,0.9685558376867812,5.697403907175781e-06,6.701069862462637e-08,3.491518713342978e-06,2.358633143492967e-06,4.813615557569274e-06,1
0.14066452097515453,0.859309664267006,8.639295984194681e-06,1.4298124109155542e-07,6.291055748327229e-06,4.919008845996917e-06,5.822416019976986e-06,1
0.15480165645398017,0.8451712284726565,8.878148749958816e-06,1.444918012276563e-07,7.237527547690296e-06,4.9709769126829e-06,5.883928351723642e-06,1
0.2044639964181163,0.7955080089497768,8.625499906060237e-06,1.611591660399752e-07,7.979520775728321e-06,5.544387202909402e-06,5.684065056119434e-06,1
0.27297777071899276,0.7269913056403163,8.483236213016068e-06,2.0111117315540818e-07,1.1434435970236447e-05,5.343887894704401e-06,5.460969439694364e-06,0
0.28356354523846905,0.7163983458122233,8.359627333900856e-06,2.2304943567855888e-07,1.887885232671404e-05,5.266022328286687e-06,5.381397882994419e-06,0
0.22444935870418367,0.7753808451566836,1.137618869557839e-05,2.1255313928004155e-07,0.00014354441269443926,7.166260084199694e-06,7.4967245192277064e-06,0
0.42814451044714497,0.5716254399194947,1.2994316440909113e-05,2.427862991923644e-07,0.00020104767545610244,8.18557547908292e-06,7.579279684979461e-06,0
0.19825847160927854,0.8016027053458702,9.081847894156453e-06,1.6968558908635826e-07,0.00011780895507500555,5.720974378700518e-06,6.041581914181924e-06,1
0.14862390086659555,0.8512412314369269,8.515519355004426e-06,1.5910428526995535e-07,0.00011516400948549163,5.364224177620809e-06,5.66483917421295e-06,1
0.09767314829151878,0.9021180214659406,9.416631996639925e-06,1.7948324273594844e-07,0.00018177043422810098,6.051303700138417e-06,1.1412389372974063e-05,1
0.1876867266516177,0.8119791388275888,1.1419583012737851e-05,2.141063479917984e-07,0.00029301196591511084,1.9414783151313508e-05,1.0074082366667842e-05,0
0.18400258541378925,0.8156772333541824,1.0303509385722284e-05,1.931810262787621e-07,0.0002832028980932154,1.7392134554123013e-05,9.08950896908588e-06,0
0.4409075338796749,0.5584543971899074,1.3083383903085931e-05,2.4281021585396276e-07,0.0005930560212555857,3.0497323836271028e-05,1.1893912068572813e-06,0
0.43840895039428995,0.5611026833902932,1.4128448920427237e-05,2.928992861828116e-07,0.0004290715207661207,3.293336687375299e-05,1.1939979570354407e-05,0
0.25184440257943486,0.7477048625772892,1.2672309249582644e-05,2.6271180611511584e-07,0.0003980497452746837,2.907880588684451e-05,1.067127105876745e-05,0
0.21931506667096337,0.7801114120083928,1.226948714348897e-05,2.3943142523244236e-07,0.0005226520873707061,2.7898819769396916e-05,1.0461494935126468e-05,0
0.5027474328630986,0.49517051790664446,1.6600156848554605e-05,1.4988929922826e-07,0.002043511011527952,1.7077493793438572e-05,4.710678787771232e-06,0
0.41790033393742937,0.5798660018317284,1.8737771704048286e-05,1.6449677137567148e-07,0.0021906882940835497,1.8741782146374e-05,5.331886136934782e-06,0
0.40382568096503213,0.5939589066398738,1.89575535171744e-05,1.6601847412525497e-07,0.0021719048908635306,1.8915155892166856e-05,5.4687763470219686e-06,0
0.3164799649034397,0.6821624879471236,2.8347946619646176e-05,1.9402338353186605e-07,0.001285106584886576,3.7507314924441585e-05,6.391279622457568e-06,0
0.3016998525605149,0.6970283152642568,3.270915501352738e-05,2.0160873698997964e-07,0.0011936158887152716,3.866437575741985e-05,6.6411470049528185e-06,0
0.14625886031314314,0.8523848956649682,2.668743250614485e-05,1.8624742074333428e-07,0.0012757035920691092,3.209530047920903e-05,2.1571449413241444e-05,0
0.16970116533235857,0.829410722489832,2.0810075071418834e-05,1.4024565559376405e-07,0.0008268051211945252,2.6287894462379548e-05,1.4068841425545269e-05,1
0.0683365897333777,0.9296199163571757,3.746406590103245e-05,1.503195622526889e-07,0.001962959698401123,3.859039496474896e-05,4.329430617365329e-06,1
0.06122560104749768,0.9352968718022556,4.554260868286344e-05,1.4163206062682337e-07,0.0033922259466685413,3.5537745396371304e-05,4.079217438429854e-06,1
0.06030366999147172,0.9353237447312461,3.945792886997113e-05,1.4926265173918359e-07,0.0042878960778071785,3.876562782038548e-05,6.3163801326792015e-06,1
0.03976663997402745,0.9547993017282713,3.744364790303531e-05,1.4623350177665928e-07,0.005346184621849411,4.065275329805845e-05,9.63104114914613e-06,1
0.031786695508182146,0.9627059464040666,3.176831352063021e-05,1.4744445400101936e-07,0.005422988013835657,4.3990349329771894e-05,8.463966611239838e-06,1
0.015753767577949683,0.9839963705040362,2.2559101674902434e-05,1.1275000064767498e-07,0.00017007600583566877,5.337676734020796e-05,3.7372931627157286e-06,1
0.020848665268884292,0.9788993789835507,2.2498893951697454e-05,1.1644289020158537e-07,0.00017803261774107791,4.909372656918138e-05,2.214066413167416e-06,1
0.0165015404539103,0.98324599844979,3.465887442297135e-05,1.1695993306025072e-07,0.0001640935386105421,5.1367825772603296e-05,2.2238975606557446e-06,1
0.01120305493912355,0.9885458560504204,2.667162427705449e-05,1.172690778153712e-07,0.0001727860145168052,4.866278744292514e-05,2.851315141180246e-06,1
0.06978243918125088,0.9300145516235748,2.0523787802432024e-05,1.0341387894578241e-07,0.0001482894256122458,3.208717166159842e-05,2.0053962192598505e-06,1
0.13280921367726894,0.8670071769042397,1.8562512601483693e-05,9.353153762737292e-08,0.0001341187288667987,2.9020887082247634e-05,1.8137584031426995e-06,1
0.07794715379491687,0.9218600104852868,1.9339950157771133e-05,9.744883759693771e-08,0.0001397359068351653,3.1772691498212925e-05,1.8897224674322705e-06,1
0.08184101797745115,0.9179626405173472,1.9092141086690907e-05,1.0111269364019581e-07,0.00014492391848379437,3.035808031798687e-05,1.8662526193750535e-06,1
0.06031336240186695,0.9394957588765694,1.9646758607054217e-05,1.0217620455523092e-07,0.00014010285509311298,2.9194003670486846e-05,1.832927988329022e-06,1
0.061382066746531384,0.9384292811604851,1.802975569145022e-05,1.0428350296775031e-07,0.00013883719161619882,2.979610547939332e-05,1.8847566934882544e-06,1
0.0603137266242064,0.9395014323348144,1.7665527892664987e-05,1.0217682158029432e-07,0.0001360324744831832,2.9194179968207473e-05,1.846681813636139e-06,1
0.039418767943759696,0.9604436645397253,2.5214959808584546e-05,1.2116082421033642e-07,7.811020166502128e-05,3.184769421139053e-05,2.2735000056500498e-06,1
0.0491239281075133,0.9507748429193869,2.6560018875605495e-05,9.00873027360457e-08,5.0479478549303546e-05,2.1431538342391223e-05,2.6678500298602308e-06,1
0.008813110518510999,0.9910565436175339,2.2632779590659697e-05,1.042558759578185e-07,6.63775787191879e-05,3.876751961862347e-05,2.4637301503323746e-06,1
0.018672755649727778,0.9809650547595552,3.739497706569128e-05,3.1552282829905996e-07,0.00026413308297552397,5.773477728519091e-05,2.6112305623764547e-06,1
0.01706108640066468,0.9826103632961075,3.3966826876826903e-05,4.004761895475572e-07,0.00022958061450784417,6.178492574134005e-05,2.8174599122699803e-06,1
0.047940237537301346,0.9467761109107866,4.239692107150826e-05,8.372089276926438e-07,0.005073888261799636,0.00016142933827510792,5.099821838064673e-06,1
0.0436684240243685,0.9349471462847272,5.2578747121951345e-05,9.395097338960643e-07,0.021180529097225967,0.00014465935406469548,5.722982757962744e-06,1
0.01865884333201229,0.9810586026389684,3.0368719408893552e-05,9.643899573246024e-07,0.0001340956397672587,0.00011425909655994719,2.866183325807928e-06,1
0.002583265247364178,0.9971288700897865,3.346934780775844e-05,9.92642902078811e-07,0.00012513967304362913,0.00012512426363533926,3.138735460746844e-06,1
0.0025833517207317497,0.9971622484241975,3.096506491361992e-05,2.414419542213354e-84,0.00011143955224089361,0.00010885639738793463,3.138840528170905e-06,1
0.40315695859337164,0.5968033986817693,1.4440664555180566e-05,2.0345683185196981e-07,9.695215226516762e-06,7.01831316766385e-06,8.285075077716868e-06,1
0.38853580841086255,0.6114238596664895,1.4790797312898657e-05,2.0838990825857884e-07,9.658296561883232e-06,7.18848132956065e-06,8.485957535291979e-06,1
0.3435064867365311,0.6564617066899774,9.407932744007558e-06,1.9792607260392985e-07,8.658556671798885e-06,6.6731063983731886e-06,6.869051604656983e-06,1
0.27009411707447545,0.7298563084902395,9.951574751192725e-06,2.252042850726734e-07,2.5576131677898813e-05,6.776479775150994e-06,7.045044795517288e-06,1
0.21844194740612977,0.7814404365518525,7.995383596729792e-06,1.944246003722649e-07,9.791735605686181e-05,5.671176324126021e-06,5.8377014397713445e-06,1
0.11243301235683406,0.8874586484254391,7.678982349232836e-06,1.43474396257145e-07,9.061917550948898e-05,4.837260190486268e-06,5.060325281224049e-06,1
0.15679691187490408,0.842952746539509,8.178109010391243e-06,1.670335641920798e-07,0.00023004072031696573,5.7464851582391315e-06,6.209237537202321e-06,1
0.2023952938787529,0.7974313742607344,9.606811324101016e-06,1.8995068055111154e-07,0.00014943935930662776,6.534906752807846e-06,7.560832448563747e-06,1
0.04908743661594482,0.9508448032198188,7.3369923815446155e-06,1.0872361664857289e-07,5.2060060718699857e-05,3.826994649401786e-06,4.4273928698040575e-06,1
0.05811681209948654,0.9417967798065272,9.24830624043161e-06,1.3704652397657341e-07,6.66180549912697e-05,4.823941018010132e-06,5.580745212390581e-06,1
0.05320991314217728,0.9467651730029324,8.239910339519656e-06,9.691470144335602e-08,6.056733611440517e-06,3.334173560584474e-06,7.186122677538311e-06,1
0.08355466867494428,0.916422298109467,7.560995277112434e-06,9.701875088125576e-08,4.99114909946184e-06,3.414852345454012e-06,6.9692001158502235e-06,1
0.13951572367460896,0.8604571577219055,8.27659604583525e-06,1.2264718413855612e-07,5.405748484555865e-06,4.219452699587749e-06,9.094159071308956e-06,1
0.14359958753077276,0.8563700692523954,1.0810181251988719e-05,1.271452534574696e-07,5.604003597993074e-06,4.374200571411541e-06,9.427686157049149e-06,1
0.20582195296043398,0.794145729999041,1.0897999564223322e-05,1.7736485737751865e-07,8.884123738200377e-06,6.10191445918652e-06,6.255637906149816e-06,1
0.2861200018239193,0.7138504778669502,9.122278765838846e-06,1.7044100101999306e-07,8.439094977307169e-06,5.777060089371925e-06,6.011434297118732e-06,1
0.2691516419594292,0.7308190093854963,8.54279685624413e-06,2.0410599705813307e-07,9.692362199063273e-06,5.410079217775548e-06,5.49931080427619e-06,1
0.28110936410652926,0.7188532734405291,8.189845279591157e-06,2.1851935438551475e-07,1.849542730033272e-05,5.186558042935054e-06,5.272102964556192e-06,0
0.17601985588314709,0.8235822225590276,1.3814602542785982e-05,2.2483254796339914e-07,0.00036699164183676624,7.734953787342001e-06,9.155527110273864e-06,0
0.42578026258962876,0.5740284199693179,1.203405116580402e-05,2.2484466652196648e-07,0.0001641698725752755,7.5806707174465995e-06,7.308001928342817e-06,0
0.4147439604909613,0.5850497098619667,1.293910169875939e-05,2.4175466486451405e-07,0.00017737930697504353,8.150793777291994e-06,7.618689956002443e-06,1
0.24585503765120045,0.7538399627805331,1.1891784520038105e-05,2.4758183228713043e-07,0.0002630854587382357,2.228985228642757e-05,7.484890889496363e-06,0
0.39025792748486193,0.6094558141033434,9.60347715836879e-06,2.4057329874981044e-07,0.0002452153060853639,1.964496081920948e-05,1.1554094433027461e-05,0
0.15628873871506688,0.8432277336930953,1.1240347567726906e-05,1.930088984168345e-07,0.000439289444068015,2.287729853477674e-05,9.927492768697422e-06,1
0.1669253810911352,0.8325536602918141,1.0694682405744174e-05,2.087000883467656e-07,0.0004750026891962193,2.431796972762076e-05,1.0734575632955985e-05,1
0.4490464539585865,0.5500273586951826,1.1652784397900508e-05,2.2739685397496616e-07,0.0008817394335149374,2.6917223029632536e-05,5.650508434283764e-06,0
0.5883657508500755,0.4093812572219164,1.7718832417030154e-05,2.0514843943884828e-07,0.0022077660240114342,2.2414208058016307e-05,4.8877150822097144e-06,0
0.6370918837636798,0.3577198185263136,1.9468758084561285e-05,2.3741582604199602e-07,0.005137611067790465,2.549597256003137e-05,5.484495745489478e-06,0
0.22791694661024417,0.7719439576925397,1.4031599324752158e-05,1.2288140976253993e-07,0.00010679496766118411,1.4098486094744229e-05,4.047762725742862e-06,0
0.2920491945570762,0.7067440839794165,3.4821695318811e-05,2.0441892965597985e-07,0.0011171279179196946,4.408736317994326e-05,1.0480068159285966e-05,0
0.2605409454374264,0.7382831435448229,3.67602037934893e-05,2.1579884163024595e-07,0.0010867845115636377,3.867117759335144e-05,1.3479325958530564e-05,0
0.0780939421282871,0.9214021109713496,2.91208831600114e-05,1.5148930773429092e-07,0.0004345819740964726,2.4355129850066304e-05,1.5737423949041378e-05,1
0.06650166421755947,0.9300543686271181,3.6062157173170645e-05,1.4083818806087904e-07,0.0033683692571585635,3.5338550094115346e-05,4.056352708505293e-06,1
0.061172874257444415,0.9344914047924874,4.407495452534331e-05,1.415100887098848e-07,0.004243578401459836,4.212956518912825e-05,5.79651880511815e-06,1
0.04009304739251834,0.9329182132274624,2.3679855485700513e-05,1.361422744108419e-07,0.026911933786105718,4.5528435959657584e-05,7.461160193922514e-06,1
0.03027091333949589,0.9460853305297162,2.5336689843450642e-05,1.5098002804043416e-07,0.023557759418215946,5.2234712187305564e-05,8.274330513189096e-06,1
0.026265207310791988,0.9123574520967038,2.214204439733014e-05,1.3194330059045132e-07,0.06130617270780138,4.247066101126985e-05,6.423235993844875e-06,1
0.0173966735299492,0.9823630038012108,2.2152046339330208e-05,1.1685489831294108e-07,0.00016394617598034785,5.1321695388815445e-05,2.7858962330633564e-06,1
0.01755950451176403,0.9821970840737136,2.1551737947107983e-05,1.1883080154797692e-07,0.00016671834714448506,5.218949558726938e-05,2.833003042096234e-06,1
0.06123811123922331,0.9385450922463089,2.0568424424556552e-05,1.0909833899130461e-07,0.00015644060728785253,3.756275546244149e-05,2.11562895397625e-06,1
0.05649653261311252,0.9433181514781085,2.0328946680512193e-05,1.2486521519579287e-07,0.000133695131779856,2.9312781155733624e-05,1.8541839478395554e-06,1
0.02901203945287249,0.9708391015959252,1.9159226436645653e-05,1.251401585655633e-07,9.805701008279335e-05,2.9169405030934117e-05,2.3481694933995395e-06,1
0.03941898973387666,0.9604490684862161,1.802672633736054e-05,9.100394971494525e-08,8.373801592963319e-05,2.7812520892849088e-05,2.2735127975220053e-06,1
0.04832162795197934,0.9515472634521548,2.175016130493603e-05,8.861598194022963e-08,8.556402542151507e-05,2.1081514897446044e-05,2.6242782599233142e-06,1
0.006603263032159697,0.9811300423581514,2.2971166605011743e-05,1.0567179379624005e-07,0.012197992043514532,4.363406313704358e-05,1.9916646384410655e-06,1
0.009197603901066682,0.9904718865921005,2.8277581660116784e-05,1.2932296899918467e-07,0.00025223038836367747,4.7434807612231085e-05,2.4374062277094998e-06,1
0.007479644618218102,0.9922014051657849,2.8288791222703452e-05,1.2937423412971508e-07,0.0002382152188153779,4.987845928088629e-05,2.438372443915222e-06,1
0.014965368571324751,0.9846620810396833,3.2162264213112057e-05,1.3607872275777043e-07,0.0002852240284005474,5.246328279913285e-05,2.5647348562700807e-06,1
0.015757614800624743,0.983884014883048,3.149050401678134e-05,1.7934569273078434e-07,0.0002792666695514625,4.49226307892204e-05,2.5111662772929258e-06,1
0.0169434611566515,0.9826726672014033,3.3731341385884195e-05,1.9210777904241066e-07,0.00029913904722894685,4.811928682677544e-05,2.689858724742804e-06,1
0.01799457303607692,0.9816370814203839,3.403074147983311e-05,3.8101968825221686e-07,0.0002754168493229806,5.580319908079243e-05,2.7137339672267664e-06,1
0.014564718570428455,0.9851502961922274,2.6427430332232793e-05,3.4442878803443747e-07,0.00020888621065076062,4.543340399583468e-05,3.893763577338287e-06,1
0.0269113705000431,0.9647245907761325,5.154926779187595e-05,1.5409047308157975e-06,0.008174115104771524,0.0001324622468575029,4.371199672613142e-06,1
0.04190982787276627,0.945644870063621,5.819602338675272e-05,2.0194528521369898e-06,0.012160637691928683,0.0002189563862085217,5.492509236678283e-06,1
0.020317903377593503,0.979340752535631,3.340103404708128e-05,1.0992508564436227e-06,0.0001733396490678754,0.00013023716059677016,3.2669922075498375e-06,1
0.7594661541946492,0.24048552698621886,1.9173200008065202e-05,2.1026371037591178e-07,1.0960500708347189e-05,9.729482246296434e-06,8.245372458583754e-06,1
0.819488083892999,0.1804654938262414,1.8420642098166276e-05,2.0201075216645653e-07,1.05302954478247e-05,9.34759509023529e-06,7.921737371005271e-06,1
0.8670970152844469,0.13286079948782648,1.5385454082325786e-05,2.2955866325053717e-07,1.037542317739119e-05,9.190010048165052e-06,7.0047817552599945e-06,1
0.6843873134523287,0.31558441566253964,1.1131437302721904e-05,1.8480126989623705e-07,7.103047196660956e-06,4.872423665280806e-06,4.97917569710057e-06,1
0.4119786135552458,0.5879803341921638,1.630786817883482e-05,2.2244495611693706e-07,1.0089069792340904e-05,7.138237469603767e-06,7.294632193429216e-06,1
0.5029718545931564,0.49698901735408363,1.350265517712456e-05,2.3277957499953246e-07,9.939589336795127e-06,7.205558727347517e-06,8.247469943714052e-06,1
0.2709782024566361,0.7289863015701679,9.987183623366181e-06,2.260101143811561e-07,1.0906824366790399e-05,7.083972723047269e-06,7.291982368579769e-06,1
0.1877992012508088,0.8119946323971574,9.54765030335431e-06,1.983020840302637e-07,0.00017617539418262807,6.822221559119631e-06,1.3422783904737217e-05,1
0.2763692701422346,0.7234957501116147,1.062347968260249e-05,1.9888776590203826e-07,0.00010976329694046791,7.000709132026157e-06,7.3933726296418264e-06,1
0.050256390486007774,0.949665856264848,7.122017258517755e-06,1.0553799621318268e-07,5.916246936710062e-05,3.714863056128271e-06,7.64836146616177e-06,1
0.06067293029798208,0.9392501275550256,9.632383421080157e-06,1.3068224263641575e-07,5.288920836034003e-05,4.599922802034139e-06,9.689950166229306e-06,1
0.05601773039688363,0.9439348499248988,9.214499365714344e-06,1.2501282281268944e-07,2.4410234128787784e-05,4.400363221517757e-06,9.269568678622112e-06,1
0.025568004872115618,0.9744175326613351,4.520876443530398e-06,5.800953568273286e-08,3.586522529048479e-06,1.995712283633197e-06,4.301345757400901e-06,1
0.080895132065653,0.9190794668429119,8.33828570894154e-06,1.0699253660709631e-07,5.5042525067061005e-06,3.7659082523748118e-06,7.685652430527701e-06,1
0.09228305594271966,0.9076981250455963,6.014830910270356e-06,9.723861876214236e-08,4.285851057285449e-06,3.422591224195648e-06,4.998499873207409e-06,1
0.12340281629926719,0.8765726354908401,7.947339326578453e-06,1.315292869197647e-07,6.5882411965368425e-06,4.525025247554667e-06,5.3560748347918575e-06,1
0.14167419795407876,0.8582986513289788,8.889819343438854e-06,1.4468174004495017e-07,7.247041495269744e-06,4.977511411301977e-06,5.891662952459966e-06,1
0.18465522667239473,0.8153160389618724,8.824148589961437e-06,1.6487072555317668e-07,8.25829844918847e-06,5.672076639219383e-06,5.814971328788176e-06,1
0.2494536412591657,0.7505156494286186,8.964948337320762e-06,1.6750143335100825e-07,1.017132068611603e-05,5.677424092405983e-06,5.728117666411103e-06,1
0.2554046624801724,0.7445643871073325,8.482770206940079e-06,2.0110012559922962e-07,1.1433807847135331e-05,5.3720648609580635e-06,5.460669454538254e-06,1
0.4325568341354447,0.5672119506161672,1.4575788762338215e-05,2.723345877799914e-07,0.0001983337841084402,9.18180033738972e-06,8.851540592163372e-06,0
0.18260990093183846,0.8170517058843875,1.0227424668697958e-05,2.0888975590176125e-07,0.0003110608434674363,7.042748579425809e-06,9.8532773025013e-06,1
0.1822426281898614,0.8174651327476026,1.255135639561418e-05,2.2319214851841088e-07,0.0002449107781270521,1.4921070065851063e-05,1.963266579893762e-05,0
0.14105263328940035,0.8587420465071557,7.671456341871273e-06,1.5067591226100205e-07,0.00017418998576669198,1.5682102643177025e-05,7.625982779925535e-06,1
0.1121740518463828,0.8876285658982671,7.769846708898391e-06,1.4937716337777e-07,0.00016587311759980912,1.590663750353447e-05,7.683276374329076e-06,1
0.1362157014527956,0.8635391294866398,9.957864538775708e-06,1.7044173164406357e-07,0.00020632457826952197,1.9949434841854068e-05,8.766741182711833e-06,1
0.148309925914928,0.8512605035186276,1.1383746337268076e-05,1.9484754294109803e-07,0.00038616261363211236,2.309523263017822e-05,8.734126301759261e-06,1
0.16691731516580682,0.8325134308455078,1.069416563286559e-05,2.0869000384483054e-07,0.0005271374270579614,2.4316794670079014e-05,6.8969113207686404e-06,1
0.6059095983086009,0.39162768859609215,2.1402634096970955e-05,2.485009564074492e-07,0.0024079905216860763,2.7150838460035796e-05,5.920600107407997e-06,0
0.2924473993092614,0.7063251500305059,3.48010541975645e-05,2.0429775704007248e-07,0.0011416543531979708,4.406122968470403e-05,6.729725395545185e-06,0
0.16469614107635613,0.8342608568414545,4.299727900999501e-05,1.8210364738241207e-07,0.0009551445879054197,3.3195534002197865e-05,1.1482577624491415e-05,0
0.23469283227331944,0.763712543124028,7.894975298499747e-05,2.8737248491138545e-07,0.0014446470378268498,5.26201166024791e-05,1.812032275338528e-05,0
0.03919900822152619,0.9606107868577909,4.679517842653434e-05,1.1677152600389606e-07,0.00011631118329471886,2.361862878839104e-05,3.363158647297328e-06,1
0.07938373383815144,0.9191378171662368,5.300446738261032e-05,1.4054419990067946e-07,0.0013928288036949294,2.8427294929349708e-05,4.047885405096239e-06,1
0.06866840208777873,0.9292763883681542,4.499338824074023e-05,1.4072037846424076e-07,0.0019701048171495883,3.591765868444451e-05,4.052959614039998e-06,1
0.06743375748402114,0.9295020822999963,3.4192569879447526e-05,1.4833360789002054e-07,0.002982912359764805,4.083092977365697e-05,6.076022956414596e-06,1
0.02662089652004086,0.9480356376491351,2.3193624520801718e-05,1.343587960394658e-07,0.025270246102138034,4.5689093794682676e-05,4.202651574337258e-06,1
0.02010402655398995,0.9796732958825063,1.773636060080296e-05,1.1512996685682949e-07,0.00016612661420468925,3.539417420246651e-05,3.3052845288758534e-06,1
0.019866688731604354,0.9799116875997114,1.5740606722252756e-05,1.2452698065819184e-07,0.00016251252800790497,3.759979582570915e-05,5.646211147683752e-06,1
0.02171289378904194,0.9780358293175243,1.813710828112103e-05,1.1705373269296072e-07,0.0001852297774829258,4.500231736400669e-05,2.790636573077317e-06,1
0.02137133816438353,0.9783619864413654,2.1978427902462624e-05,1.1594028184530514e-07,0.00019179423558831406,5.002269929239125e-05,2.7640911858751676e-06,1
0.06364132423569875,0.9361430835332203,2.0120106988304664e-05,1.1093715256370434e-07,0.00015597847615887237,3.673789742795074e-05,2.6448133531067568e-06,1
0.07556260351315969,0.924223655209297,1.9537525443405707e-05,1.0908006540182598e-07,0.00015641440403433099,3.556499340661218e-05,2.1152745935400457e-06,1
0.0641037478648143,0.9357067942830736,2.1708856884554604e-05,1.4167822168504416e-07,0.00013294201844263377,3.256145015376748e-05,2.1038484096226834e-06,1
0.028411120464984188,0.9714411144469777,2.0107647200775566e-05,1.2254816231684903e-07,9.670720895514763e-05,2.8993684287541434e-05,1.833999432161414e-06,1
0.0708872798237226,0.9289614437954781,2.244596484941487e-05,1.3564321160895763e-07,9.876122797441144e-05,2.7731492118612265e-05,2.202052645229014e-06,1
0.0612056107969329,0.9385925780436116,2.457011173985902e-05,1.225049977526648e-07,0.0001468088119187478,2.8011008296456885e-05,2.298722502905211e-06,1
0.005723348492049204,0.9939847682231615,2.4593352291085775e-05,1.0852765823334733e-07,0.00021920387476230993,4.59320621139121e-05,2.0454679636867655e-06,1
0.009457836583836404,0.9901833317888311,3.14303459238893e-05,1.3298197231443935e-07,0.0002787331706198616,4.6028759762059635e-05,2.506369054165082e-06,1
0.010461790834386296,0.9891910066160187,3.408743395588326e-05,3.3176406292186653e-07,0.0002561926586548963,5.3935075905267414e-05,2.6556170161339468e-06,1
0.8561877663034126,0.1437758092750454,1.3224670742523104e-05,1.9731869604482748e-07,9.082089668277132e-06,7.899335070459585e-06,6.021007364544608e-06,1
0.7132790473618595,0.2866943367456318,1.0504623864838067e-05,1.1134158872081022e-07,6.703073203032881e-06,4.598056524236538e-06,4.698797328013938e-06,0
0.6889989209527545,0.31097228667948185,1.1467873893049425e-05,1.8891026990604844e-07,6.986229473057551e-06,5.019687810961019e-06,5.1296663164714e-06,0
0.3832715576259034,0.616692495907221,1.2636017361795623e-05,1.8417170255422604e-07,9.227700541472723e-06,6.209375806558028e-06,7.689201463330876e-06,1
0.35803960384845873,0.6419285975091006,9.006502068551249e-06,2.0381727616632135e-07,8.28910141017928e-06,6.388369072779843e-06,7.9108526127275e-06,1
0.2955371751816607,0.7044046180979066,9.504888158026258e-06,2.1509576080584357e-07,3.528560518523632e-05,6.472310561724659e-06,6.7288207669495875e-06,1
0.28693266924051825,0.7129499531143737,7.936843225502316e-06,1.9282421227711719e-07,9.611173370000169e-05,6.044712903031769e-06,7.091531067214295e-06,1
0.43571267261963587,0.5642208752949074,9.889186954814829e-06,2.0805080015684078e-07,3.794049389837667e-05,7.176783679331724e-06,1.1237570124148782e-05,1
0.12289116868149343,0.8769773504979547,8.144462210279111e-06,1.521714395626484e-07,0.00011304955374655498,5.235180864302636e-06,4.899452290965644e-06,1
0.18731921691680334,0.8125214500942199,9.397760246238621e-06,1.8581721803475252e-07,0.0001373739661324673,6.392702513095398e-06,5.982742866978145e-06,1
0.20032755069808197,0.7995041545167357,1.065583584096749e-05,2.024595090015621e-07,0.00014276047702740195,6.862320346438012e-06,7.813692458517397e-06,1
0.17031046837123914,0.8295341838358105,1.0608745508584635e-05,2.0156479874933585e-07,0.00012982385119137093,6.9344693088422916e-06,7.779162142876238e-06,1
0.08136697556985618,0.9184773525550864,7.447690656614056e-06,1.4150516355896663e-07,0.00013822358147369857,4.868227090399117e-06,4.990870672825872e-06,1
0.05078689973169031,0.9491454927275773,7.381888620537674e-06,1.0938891398342119e-07,5.181136575077165e-05,3.850412646514184e-06,4.4544848004020605e-06,1
0.05106733981123404,0.9488654950028619,7.620016335943943e-06,1.1291762235558135e-07,4.708490890396519e-05,3.974620693264563e-06,8.37272234881118e-06,1
0.058561962532220395,0.9414021013116404,1.08867312985238e-05,1.2804560608264816e-07,1.0919817827581686e-05,4.507115054327394e-06,9.494446352573853e-06,1
0.025216970958152826,0.9747656526210976,5.27628103668654e-06,6.205761717445168e-08,5.252191004230622e-06,2.184384370222919e-06,4.601506721371533e-06,1
0.09348569834146907,0.9064942394024246,6.827207458245761e-06,1.011693321147345e-07,4.372379277866522e-06,3.5609439198290503e-06,5.200556118397481e-06,1
0.11804592066713843,0.8819142098504066,1.3583906091711281e-05,1.749886993313016e-07,7.204157244175149e-06,5.931203319319765e-06,1.2975227100220374e-05,1
0.08672023498848556,0.9132475840716193,1.0925764998268933e-05,1.407463650984122e-07,5.907667359875185e-06,4.770566962575093e-06,1.0436194209460925e-05,1
0.10509836789867759,0.8948743538761713,8.006349302331789e-06,1.3250590811499062e-07,5.655974755777398e-06,4.4912584929450265e-06,8.992136692176415e-06,1
0.200137720715661,0.7997300768627275,7.40154505513328e-06,1.9748612967493866e-07,0.00011503589149086637,4.757640963697176e-06,4.809857971924652e-06,0
0.10859072175402934,0.8912278661843793,7.20688836364493e-06,1.4155128183790443e-07,0.00015265657816672756,1.4126294868600979e-05,7.280748910398834e-06,1
0.10894225613458464,0.8908748511480608,8.309434461659324e-06,1.449437228860656e-07,0.00015284540881195345,1.4137689834867354e-05,7.455240523221358e-06,1
0.5715339677246966,0.4264204037303648,1.6996095527754145e-05,2.3630208721024858e-07,0.002000216688769527,2.1546482325114917e-05,6.632976228815536e-06,1
0.10454924655354433,0.8952918523947619,1.8667098050225273e-05,1.3823154859956048e-07,0.00012013561523238438,1.540670443151094e-05,4.553402431045225e-06,1
0.10677562915059556,0.8930868530421173,2.206230363302317e-05,1.167660417481711e-07,8.23943056107164e-05,2.695818444992708e-05,5.986247551766391e-06,0
0.0639577810034829,0.9359176863515052,3.1395464953019947e-05,9.339414671856927e-08,6.705985233774274e-05,2.1150458850763577e-05,4.8334747238739875e-06,1
0.040319481734047924,0.9595762853094698,2.3801878244881385e-05,9.535434616463562e-08,5.854420848263165e-05,1.9045196979308452e-05,2.7463184291200984e-06,1
0.0663649810095939,0.9322549035699794,8.04954276179332e-05,1.4610597863646376e-07,0.0012572800611050587,3.779588360064146e-05,4.3979421242127516e-06,1
0.06285963555402288,0.9321718513385466,4.229705898386742e-05,1.382719409427756e-07,0.004878718277282619,4.055719401637905e-05,6.802305206630425e-06,1
0.019853493420320452,0.9799169099516806,1.928730210984412e-05,1.053542807056072e-07,0.00016562845418485105,4.1280144374638334e-05,3.295373048922094e-06,1
0.019225461443631537,0.9805269334879906,2.0741659020029947e-05,1.126685720601135e-07,0.00016608415424567287,5.076466172674812e-05,9.901924813317219e-06,1
0.020010497107241756,0.9797406023798597,2.2573942835433186e-05,1.1908173352138059e-07,0.0001673305126138063,5.603799029355207e-05,2.838985422377703e-06,1
0.0770332407331909,0.9227540859019772,1.9366483621583024e-05,1.4361302682810943e-07,0.0001572551470397412,3.371393081671245e-05,2.1941903272824053e-06,1
0.0696347998562882,0.9301724364706548,1.9329827360708533e-05,1.3815414781998466e-07,0.00013848250148154644,3.2685906252518704e-05,2.1272838141491327e-06,1
0.04547892807489686,0.9543890950998206,1.9892920696975415e-05,8.989301446738894e-08,8.737437549336968e-05,2.282852401512455e-05,1.7911120627912755e-06,1
0.04898981598618717,0.9508856232830516,2.228288007326455e-05,9.009779933703699e-08,7.563790987591016e-05,2.475465062557359e-05,1.795192387079839e-06,1
0.00596650773066809,0.9937587077063175,2.4340680558016423e-05,1.0672736245108761e-07,0.00020288872733620675,4.543689075125649e-05,2.0115370062910442e-06,1
0.007044376259864443,0.99266349942508,2.632913246830711e-05,1.1618745815049719e-07,0.00022087237026387262,4.261678932191644e-05,2.1898355432865462e-06,1
0.011518132660215808,0.9881158894413798,3.5141766060202673e-05,1.9311865239454104e-07,0.00027981966609370553,4.8119334805514155e-05,2.7040127924197697e-06,1
0.010170350187337114,0.9894870051840902,3.365241820096292e-05,1.849340651136872e-07,0.0002529710933930884,5.324676924680843e-05,2.5894136667853863e-06,1
0.009805291377416533,0.9898325657575752,3.3998804097366486e-05,1.8683759999600743e-07,0.00027154631598514967,5.379484070443764e-05,2.6160666213746475e-06,1
0.01076653688560432,0.9888874330306797,3.396634064492074e-05,4.2414768523430537e-07,0.0002552825515074658,5.3743475184402464e-05,2.6135686936794645e-06,1
0.8226237324607523,0.1773338838080178,1.5816371046725936e-05,2.041677329842e-07,1.0064944530627987e-05,9.097275706089533e-06,7.200972213735296e-06,1
0.7642953917277676,0.23566069382914034,1.6466439197139687e-05,2.1378067890391849e-07,1.0233061775792247e-05,9.461141741233754e-06,7.540019699095727e-06,1
0.7384199106454049,0.2615546712570661,1.0102455742504488e-05,1.5159986711287715e-07,6.154416652708493e-06,4.524349844003503e-06,4.485275422826452e-06,0
0.5466274288458477,0.4533387124375951,1.0817237094908317e-05,2.057055752673577e-07,8.829988094472902e-06,6.423217478090899e-06,7.5825683145171366e-06,1
0.29182530763770015,0.7081405976157084,9.655481509921418e-06,2.1850369060571596e-07,1.0596109591539705e-05,6.574856422948024e-06,7.0497953763229245e-06,1
0.30385438870211007,0.6961077793109155,9.751983246306921e-06,2.2068752633969007e-07,1.4314999908035908e-05,6.640568843467695e-06,6.903747450335144e-06,1
0.28115100423883216,0.7188082214645262,8.380907935299388e-06,1.8966007159849573e-07,2.0563668860488533e-05,5.7069413174183295e-06,5.933118456876779e-06,1
0.21936918070269668,0.7805087326201563,9.638375727433636e-06,1.8008377614401153e-07,9.98451330167926e-05,6.071550771557866e-06,6.351533855048037e-06,1
0.085583432822309,0.9143201282231921,6.921407689839025e-06,9.925873084625312e-08,8.057945727619711e-05,4.38326750953703e-06,4.4555632926833485e-06,1
0.17155015729339845,0.8282876459541308,9.098797940921706e-06,1.7990598573943194e-07,0.0001409362918281966,6.189337346242459e-06,5.792419369382429e-06,1
0.18182131700271276,0.8180494649351824,9.033968024693558e-06,1.691296798547265e-07,0.00010328686163453427,5.953245484384568e-06,1.0774857281412116e-05,1
0.07018337898332513,0.9297256087047931,9.434390503279005e-06,1.3980402364483573e-07,7.082407945299129e-05,4.921003062131395e-06,5.693034839484325e-06,1
0.05110333093260602,0.948831819222969,6.818504943408735e-06,1.0104038262985111e-07,5.0259229105055214e-05,3.5565502290805636e-06,4.114519764952543e-06,1
0.05239778327851351,0.9475227845250087,8.46830284176552e-06,1.2548800161603877e-07,6.131125204695717e-05,4.417089180366285e-06,5.110064406674635e-06,1
0.05793079534749542,0.9420206029613132,9.444185820958223e-06,1.2812897172021626e-07,2.501869910623149e-05,4.5100494659920486e-06,9.500627826485794e-06,1
0.06222387665641819,0.9377541144934158,7.678381257550478e-06,9.031020105958234e-08,4.646026408260409e-06,3.1068310511528604e-06,6.4873012481600376e-06,1
0.09566270414544974,0.9043088074889112,8.090758393700938e-06,1.3390288729772162e-07,6.638156852046624e-06,4.538608793834729e-06,9.086938712297214e-06,1
0.08739832033027262,0.912576558833223,8.719346265097811e-06,1.443060815107512e-07,6.27630267001984e-06,4.891222764243342e-06,5.0896587234592876e-06,1
0.09633445959746131,0.9036398306127502,8.897783932854029e-06,1.4725924334707936e-07,6.404744502299558e-06,5.066185711839353e-06,5.193816398206591e-06,1
0.11837192546054923,0.8816013436238571,8.680779669882114e-06,1.436678003754939e-07,7.113465687797618e-06,4.942628666088085e-06,5.850373769839484e-06,1
0.13017738771228204,0.8697982438571,7.5494041067382285e-06,1.2494341791945637e-07,7.462453054747365e-06,4.298450435196244e-06,4.933179603465022e-06,1
0.15071350799243155,0.8492607771813152,7.48506315942647e-06,1.788344385224581e-07,8.492294086450063e-06,4.740225633827631e-06,4.818408935152998e-06,1
0.23210876570946753,0.767846150793119,7.106457597294361e-06,1.8961268169480265e-07,2.8601368684106654e-05,4.5679616242038595e-06,4.618096825984299e-06,1
0.12094612266028125,0.8788279648000212,9.987235951401602e-06,1.53706249691973e-07,0.00020508911365261633,5.209839388812158e-06,5.472644455170244e-06,0
0.13527955073058665,0.8645729902889218,9.81091569233132e-06,1.8226017583775218e-07,0.0001248315815890486,6.144928404583409e-06,6.489294629826089e-06,1
0.145975759938893,0.8538655283389499,1.0663447758683373e-05,1.9809790691132588e-07,0.0001341180864888251,6.6788998171030155e-06,7.053190185901172e-06,1
0.15916832331833886,0.8406156529373097,1.31468660092529e-05,2.5058238911722406e-07,0.0001839403729469155,8.448421787684111e-06,1.0237501218479099e-05,1
0.3245105285074135,0.6749853775264997,2.5170612259490253e-05,4.063635880374997e-07,0.0004118125113925654,2.916467401037394e-05,3.753980483624097e-05,0
0.33034149800101337,0.6693225902602671,1.6777933749601405e-05,3.11817848532394e-07,0.0002856725179265617,2.2834740071585305e-05,1.0314729123382774e-05,0
0.29729852144915375,0.7024153536619194,1.2743739279932352e-05,2.649666298825214e-07,0.0002431682306565467,1.9403777395965056e-05,1.0544174964345042e-05,0
0.3158469712665901,0.6838562950353168,1.1281620975951765e-05,2.3803242238078267e-07,0.00025103332998722077,2.1926027646438835e-05,1.2254687061174899e-05,1
0.16256312949204743,0.8372610382038259,6.7993766271964546e-06,1.7409327287219216e-07,0.00014682433647794936,1.3706855721433964e-05,8.327642027329443e-06,1
0.09803467699100418,0.9017596573718493,7.88969396470398e-06,1.3743921482116247e-07,0.00017630660116100513,1.3715925775197327e-05,7.6159770308432614e-06,1
0.13532457401742462,0.8640414327397365,1.1066077981984733e-05,1.956446484401067e-07,0.0005935725353478892,2.2796735141924796e-05,6.3622497184108575e-06,1
0.17391733699153739,0.8255029319942618,9.766990689529338e-06,1.9059676037616497e-07,0.0005413667818742983,2.220854953021873e-05,6.19809534634167e-06,0
0.5691911082377291,0.4281416714911811,2.036653866503424e-05,2.3647109575575954e-07,0.0026144531074382953,2.5836474089078485e-05,6.3276798016241975e-06,0
0.045312836771523486,0.9545765907720409,3.056044943719037e-05,9.485752000194478e-08,5.823917472572267e-05,1.89459655072937e-05,2.7320092455165413e-06,1
0.043756512778887514,0.9560613140572464,6.260215270173309e-05,9.593184055425481e-08,9.353160455283299e-05,2.2634730888032446e-05,3.3087438831409046e-06,1
0.0638149329944754,0.9311289566190465,3.0360293345283066e-05,1.4103322384348732e-07,0.004976146007482959,4.1367118904788785e-05,8.095933521368925e-06,1
0.05507990567819995,0.9221353640629086,2.3840303047046627e-05,1.3187522927206404e-07,0.02270942931317673,4.410145898150343e-05,7.2273084570325895e-06,1
0.05203769818689871,0.9273041772942041,2.421851882977949e-05,1.3396737101052186e-07,0.020580627778534012,4.5802287677527646e-05,7.341966484648018e-06,1
0.051815851191551375,0.9281306057113667,2.557489144661191e-05,1.333962416222366e-07,0.019978217480310385,4.493306009946051e-05,4.68426898394743e-06,1
0.02853891011754543,0.9426182028158722,2.7615379466152676e-05,1.4403923627385215e-07,0.028760788799254984,4.9833399477373255e-05,4.5054491476302744e-06,1
0.04552025234359375,0.9542825626515682,1.7595273524969743e-05,9.875332952456316e-08,0.00014221329805374377,3.1678911264214204e-05,5.598768665296279e-06,1
0.05640251861092271,0.9434030830001693,1.6481507578553448e-05,1.4050075759060162e-07,0.00014113204215945868,3.398461286892052e-05,2.659725543429599e-06,1
0.08230703838719444,0.9174822698559151,2.0912700646520747e-05,1.1033037591736849e-07,0.00015155655461256641,3.5972650709325385e-05,2.139520545885421e-06,1
0.08418869480897377,0.9155988272842076,2.1110445543282616e-05,1.1137363040488049e-07,0.0001527835379047181,3.63127984607326e-05,2.1597512791903703e-06,1
0.0457385356702738,0.9541399466039758,1.9928685234669465e-05,9.040615121697617e-08,7.673846189304902e-05,2.295883619433444e-05,1.8013362768472001e-06,1
0.04878909959334078,0.9510863133866099,2.2287583008507216e-05,9.01168150169848e-08,7.56538737096187e-05,2.475987524278932e-05,1.7955712731805945e-06,1
0.0065743626244542525,0.9931381341552742,2.656057374208395e-05,1.084352189770269e-07,0.00021901716619883926,3.9773319390756085e-05,2.0437257208293373e-06,1
0.008470340783955168,0.9912229735089225,3.404656187215473e-05,4.251494312920763e-07,0.00022574374385341846,4.385051058172755e-05,2.6197413835861904e-06,1
0.8675522552347363,0.13241484257085245,1.2128887830178502e-05,1.5656736457379764e-07,8.118320946826665e-06,6.976305517453622e-06,5.522112752071995e-06,1
0.7623321171857584,0.23764505617218498,9.114118270744877e-06,1.243197220229967e-07,5.5523214048073904e-06,3.989408047035106e-06,4.046474611961148e-06,0
0.7288936176943134,0.2710844286144544,8.137461253725814e-06,1.2498341029876446e-07,5.581962804898225e-06,4.010705740635008e-06,4.0985780227386425e-06,0
0.4889546239997768,0.5110095676837838,1.2043727995469056e-05,1.915355577038717e-07,9.291234289568541e-06,6.607084728847886e-06,7.674733867776716e-06,1
0.4612822277642155,0.538680913043223,1.3527576302650935e-05,1.982403809727308e-07,9.569712807306172e-06,6.683703350858095e-06,6.8799597198773045e-06,1
0.43687604127008234,0.5630865583429492,1.3458203816990463e-05,2.0031264157782692e-07,1.0036422781112692e-05,6.753569919324977e-06,6.951877809532868e-06,1
0.357808930622172,0.642156001409665,1.2981058441000465e-05,2.1382350514356256e-07,9.334900451391997e-06,6.123875148819413e-06,6.414310616670527e-06,1
0.2874106497220567,0.7125546283327928,8.947661648535812e-06,2.127409070917468e-07,1.3134330980770774e-05,6.092869692701651e-06,6.334341921263439e-06,1
0.3239723052950196,0.6759906817506967,7.909301910028441e-06,2.2308065432539072e-07,1.3960922403926513e-05,6.902159307352585e-06,8.017490008209145e-06,1
0.29489798167746595,0.7050662409795927,8.10908262903782e-06,1.8649218846411542e-07,1.3576007557628653e-05,6.433111977858991e-06,7.4726485882804466e-06,1
0.23628671753544217,0.7636818180405954,7.799110722740268e-06,1.7936347344019623e-07,1.011174070947244e-05,6.187204509107599e-06,7.187004547645502e-06,1
0.21645367924263706,0.7835069727579372,1.0619937488682045e-05,1.984233131659041e-07,1.4841400492857057e-05,6.6898709364251366e-06,6.998367194367323e-06,1
0.20256481388675665,0.797312214803735,8.979973956342905e-06,1.6778217258435302e-07,9.895676432036e-05,5.656800413789297e-06,9.209988645075741e-06,1
0.1219381708967714,0.8779149824050282,7.369988158038007e-06,1.5307263720204003e-07,0.0001284183537270618,5.388048904181824e-06,5.517234773770714e-06,1
0.14505639921955887,0.8547894859782134,8.758908164283321e-06,1.7318551500187762e-07,0.00013364853585874712,5.958131806586211e-06,5.576040883077038e-06,1
0.20653987851665745,0.7932987334635799,1.1963122330447132e-05,2.2396792243241164e-07,0.00013317002945545622,7.705207922759115e-06,8.325692131536814e-06,1
0.1751073472136814,0.8247465095327517,1.0136194623777898e-05,1.8976504532435606e-07,0.0001170482098299856,6.679595799753324e-06,1.2089488267978276e-05,1
0.04019627821610378,0.9597825844316107,7.261947093561928e-06,8.541226851638652e-08,4.4503118588000514e-06,3.006451631038248e-06,6.333229433558487e-06,1
0.05931427255973255,0.9406640257925543,7.499905772228467e-06,8.821104025693444e-08,4.538034659710834e-06,3.0347402462266055e-06,6.540755994725213e-06,1
0.07635109840742048,0.9236314988142681,6.425980885564927e-06,8.277986664861727e-08,3.790988011646912e-06,2.8477741949056246e-06,4.255255352396412e-06,1
0.08505648779572988,0.9149185684072542,7.518144905363176e-06,1.428437852139644e-07,6.212703034745985e-06,4.8416585541973535e-06,6.2284467361992e-06,1
0.0883626130797541,0.911611414464868,8.095961085512852e-06,1.339889923847154e-07,7.91064917603356e-06,4.54152730674293e-06,5.290328817058699e-06,1
0.15150525384865293,0.8484670495704143,7.916102072999477e-06,1.5070670844988742e-07,8.494583119933811e-06,5.184789461586635e-06,5.950399569744451e-06,1
0.11840998816890579,0.8815648612553035,6.769370877373623e-06,1.4345550602297968e-07,8.469547836137135e-06,4.8623926959264665e-06,4.905808875510904e-06,1
0.07006597687772183,0.929746803387066,8.632026322988864e-06,1.255359507286093e-07,0.00016973750645185798,4.255013326579433e-06,4.469653160208011e-06,1
0.23989096154548473,0.7598462792260618,1.3772019221818727e-05,2.897386440327873e-07,0.0002272812057483749,9.768580631720049e-06,1.1647684207345364e-05,0
0.2242687905780197,0.7754782999756094,1.3254655998229384e-05,2.9995306296701524e-07,0.0002187431013953864,9.401611614024204e-06,1.1210124300420759e-05,0
0.3245958133111242,0.6751677057443298,1.1246415046394028e-05,2.434988186734237e-07,0.00019910458246564204,1.783166761721811e-05,8.05478059803603e-06,1
0.21072055267637543,0.7890778566385991,1.004124863248777e-05,2.448811969132561e-07,0.00016775355488526358,1.5873871390311662e-05,7.677128920538629e-06,1
0.16310759894058982,0.8367267317879418,7.772397775198985e-06,1.6399085504479466e-07,0.00013590713111592817,1.228712157158145e-05,9.538630150371581e-06,1
0.10008048845583965,0.8996865313270476,7.5807514974170325e-06,1.3223310796657077e-07,0.00020285196650331972,1.3451330540708157e-05,8.963935463455849e-06,1
0.07589115241789712,0.923847926349259,7.586963042103432e-06,1.2879919953673658e-07,0.0002316994445330349,1.4471841372003518e-05,7.034184697054039e-06,1
0.2740353028593844,0.7250627577947459,1.2035812449145736e-05,2.3487140862758806e-07,0.0008553287652409286,2.7367481490468902e-05,6.972415280511603e-06,0
0.47977512916356896,0.5182054041478531,1.9242460711180255e-05,2.3464769202556485e-07,0.001968352227139925,2.4024197924510473e-05,7.613155110296052e-06,1
0.09663919304214073,0.9032145420001381,2.0302839628661357e-05,1.1809017964994018e-07,9.469019742267888e-05,2.7263892798506853e-05,3.8899376918527464e-06,1
0.0367452649151452,0.9631259027610473,2.6725022823780486e-05,1.0966925369298539e-07,7.68866026629685e-05,2.1952424298326518e-05,3.158604768836387e-06,1
0.08242372157496083,0.9161558765074939,4.437728689613148e-05,1.43277397684602e-07,0.0013350202320128355,3.673451560587077e-05,4.126605632801117e-06,1
0.0811953666649632,0.915695785223284,3.641265186424981e-05,1.3588841323034004e-07,0.003029359728899329,3.7189423006364446e-05,5.750419569720798e-06,1
0.04192145920745676,0.9579102587705499,2.0232430094209835e-05,1.0553164947841193e-07,0.00010950118380510755,3.0953636942122675e-05,7.489239502549783e-06,1
0.04227721332572521,0.9575498649902712,2.0404126654030742e-05,1.0642721274408503e-07,0.00011104621671756091,3.381211869121442e-05,7.552794728109694e-06,1
0.06363261920477879,0.9361800465342164,1.9478915221230635e-05,1.0439096609382143e-07,0.00013313877158428603,3.134694167006024e-05,3.2652415631575847e-06,1
0.050276485764580554,0.949522132581396,1.767599526936675e-05,1.0046243200788591e-07,0.00014467455279862495,3.517507069663874e-05,3.7555728266355767e-06,1
0.06040359203454172,0.9393926333460401,1.6498018081544932e-05,1.4439614795937468e-07,0.00015270450183577252,3.2264524780352265e-05,2.163178572277613e-06,1
0.072660567665087,0.927172860656217,1.571600372015825e-05,1.408738228861603e-07,0.00011224177529897186,3.5806238062006796e-05,2.666787792153238e-06,1
0.06870045807846159,0.9310793099014111,2.113320376572899e-05,1.316171598657211e-07,0.0001601962012398653,3.660458012737688e-05,2.1664178344466293e-06,1
0.07291484293422924,0.9268723890246657,2.091879503763959e-05,1.1036252845828104e-07,0.0001516007213099263,3.79980181827109e-05,2.1401440461799936e-06,1
0.08676364025679727,0.9130175806562606,2.1050931196224435e-05,1.1105964703207789e-07,0.0001592530077681346,3.621042579949175e-05,2.1536625309957597e-06,1
0.06322694862085955,0.9366055139914732,1.8921829754784752e-05,1.4172936052826286e-07,0.00011105593515023821,3.523555881820442e-05,2.182334583499688e-06,1
0.08896833045306032,0.9108282083457241,2.1223518351581676e-05,1.0910401383077975e-07,0.00015103996094907785,2.903228711300207e-05,2.0563307882370265e-06,1
0.02258436867410359,0.947065899637892,2.6608332484948522e-05,1.3357947768983426e-07,0.030266750648779872,5.372146845649426e-05,2.5176588054260504e-06,1
0.015605678908154959,0.9736666552034501,2.516581081545658e-05,1.494841964742379e-07,0.010652751969620716,4.736148687866821e-05,2.2371368839036336e-06,1
0.009320725691306028,0.9904539084041665,2.6698623083653284e-05,6.068704381630222e-08,0.00016267125228873531,3.3895670875563266e-05,2.0396712357649708e-06,1
0.0041764609150239445,0.9955856435176946,2.6450645019150013e-05,1.0798642802623807e-07,0.00016946638419967482,3.98352844721482e-05,2.035267162640812e-06,1
0.005314113617917926,0.994446607818939,2.6412014473191038e-05,1.2491600625207603e-07,0.00017687908971843235,3.3665813974866144e-05,2.1967289705733027e-06,1
0.010668753294129528,0.9728520771848601,4.960796797337701e-05,4.658222151203435e-07,0.016365146934957792,6.034370874126444e-05,3.6050871228495115e-06,1
0.8136011028761588,0.1863423652080345,1.9785090654710675e-05,1.9993619602739254e-07,9.331432776656996e-06,9.042351969838077e-06,1.8173104209531074e-05,1
0.7308270850529993,0.2691502465204143,8.346372423366486e-06,1.242278635731598e-07,5.829216659021479e-06,4.188360534618241e-06,4.1802491059131785e-06,1
0.6165906490877788,0.3833880569563049,6.319968899201958e-06,1.8288779800864786e-07,5.979887227150936e-06,4.303554210844108e-06,4.5076577809324204e-06,0
0.1968245254289602,0.803142362944665,9.763341935997455e-06,1.8241864950493673e-07,1.0581709854669622e-05,6.150271367380327e-06,6.433884567126102e-06,1
0.12248516801226766,0.8773994817662542,8.363667073635666e-06,1.4879732243532867e-07,9.607767505831767e-05,5.376083612253012e-06,5.383998411222346e-06,1
0.12274284944402826,0.8771571039609651,8.38958183842369e-06,1.5675126395335467e-07,8.057892167198125e-05,5.392741370275381e-06,5.528598861815965e-06,1
0.12591588614253107,0.8739830939109275,7.688175344369107e-06,1.436461585255012e-07,8.34069415179038e-05,4.8688548203957246e-06,4.912328700123691e-06,1
0.06896914074167898,0.9309355035562161,6.508566200721097e-06,1.2776522863431098e-07,8.040774997752193e-05,4.121818572134299e-06,4.189802125730134e-06,1
0.18198217348174497,0.8178910852650152,1.0051940960618153e-05,1.881876880614296e-07,0.00010314034586242397,6.624073936229169e-06,6.736704792363404e-06,1
0.05978089009020056,0.9401459312461532,7.97264545226396e-06,1.1814307590223358e-07,5.6118354408113785e-05,4.158552973850614e-06,4.810967736264449e-06,1
0.05573237174144749,0.944202200492279,8.438625759947605e-06,1.2504823018122914e-07,4.737032650964081e-05,4.401609535926051e-06,5.0921562375496775e-06,1
0.07134538883878333,0.9285968523015327,9.25523474253277e-06,1.3714919435800792e-07,3.347864003184509e-05,4.718367913986698e-06,1.0169467801107857e-05,1
0.05053670424367523,0.9494375475988158,8.517129944143958e-06,1.0017525333159119e-07,6.176864869842579e-06,3.5260982877495185e-06,7.42788915379405e-06,1
0.04019999008025711,0.9597762323716803,7.860208295499272e-06,9.244878995677406e-08,5.715778691570108e-06,3.2541322245730063e-06,6.854980061076103e-06,1
0.09842602041826509,0.9015494357809195,6.612964559337611e-06,1.609912765116807e-07,8.430445223825598e-06,4.331276762340683e-06,5.008122993328108e-06,1
0.12124689182226708,0.8787080432979161,6.51752741217376e-06,1.9724011831953618e-07,2.805199973251125e-05,4.751714300878253e-06,5.546398252766541e-06,1
0.0687442741563765,0.9310612613970922,8.490095443828276e-06,1.234718435089962e-07,0.00017720689412586526,4.247823601302971e-06,4.396161516550515e-06,1
0.2600036240269674,0.7396970292283161,1.286592499463513e-05,2.9115607455676044e-07,0.00026012850711103994,9.125882246275149e-06,1.6935274289973922e-05,0
0.26170281503975207,0.73792030826096,1.4138523421794674e-05,3.1995499594744036e-07,0.0003341802758755503,9.627563517704292e-06,1.861038147689776e-05,0
0.3245957948569367,0.6751676673591415,1.1659048998103392e-05,2.4349880482982905e-07,0.00019910457114598497,1.7475884832777616e-05,8.054780140099034e-06,1
0.12877098601772263,0.8710920972758557,6.964802588911129e-06,1.3522795504616866e-07,0.00011022985516135291,1.112607004173336e-05,8.460750674542553e-06,1
0.12975775709975876,0.8701060468926328,6.956918639230786e-06,1.561268870764952e-07,0.00010866268695444401,1.1113475660883477e-05,9.30679946657497e-06,1
0.13704420313244792,0.8628090172756759,6.66009975922529e-06,1.463832100635245e-07,0.00011216585323048332,1.080759100764371e-05,1.6999664668654606e-05,1
0.07851115582271936,0.9211641755578378,9.88465541503274e-06,1.2504559654305875e-07,0.00029394789414334327,1.2234322237736638e-05,8.476702050175559e-06,1
0.10766058709237142,0.8918759954651937,1.0872603255205724e-05,1.7724518226915268e-07,0.00042347829759638246,2.0944203612360135e-05,7.945092788699432e-06,1
0.0978680020686983,0.9020006543220734,1.542555883336968e-05,1.1422765765804652e-07,9.927408083271112e-05,1.2731332154423505e-05,3.7984097501068396e-06,1
0.07753761216845198,0.9223399437549001,1.57839247156068e-05,1.0669532753987474e-07,7.762665801419292e-05,2.5486744145776106e-05,3.440054444487121e-06,1
0.037647634718592386,0.9621517210341295,0.00010652536718390207,1.1016542764000127e-07,6.824503780359955e-05,2.247786380293252e-05,3.2858130601124346e-06,1
0.051985764813748704,0.9478892891034459,3.216032807824362e-05,1.0357769888504319e-07,6.359305728139062e-05,2.6105958991822126e-05,2.983160754966662e-06,1
0.06591300385246718,0.9338957611239906,1.792424100244609e-05,1.018733494527411e-07,0.00014150741995309796,2.8514996121436098e-05,3.1864931158143125e-06,1
0.062067888377375965,0.9377408191610036,1.740000439799427e-05,9.889382363661606e-08,0.00014241562167289,2.7681007963130346e-05,3.69693376268865e-06,1
0.08251073506900844,0.9172822124236472,1.7020390073936872e-05,9.673626602027469e-08,0.00015283990798190073,3.1571926556202145e-05,5.523546466193858e-06,1
0.07987237186593768,0.9199188459914833,1.4759345132975065e-05,1.4140278844136135e-07,0.00015610108990272683,3.5661969284166733e-05,2.118335470435925e-06,1
0.045714954466735146,0.95406804684854,2.198418858948399e-05,1.1578961157169299e-07,0.00015604888633395485,3.6646881495705064e-05,2.2029386939253634e-06,1
0.057287960489384546,0.942490909234311,2.17174214783976e-05,1.143845626636077e-07,0.00016092007317185619,3.6202189954457515e-05,2.1762071368844088e-06,1
0.05744908753298556,0.9423072391341205,2.5363169139237244e-05,1.2211485707986254e-07,0.00017818910420397608,3.721672580007148e-05,2.782218893710475e-06,1
0.09250793636110619,0.9072687709211996,2.102817386933317e-05,1.1771560534832939e-07,0.00016148352699226726,3.8380566720842965e-05,2.282734506431087e-06,1
0.07291302300189682,0.9269312846983194,1.8194174639929887e-05,1.3627903698926066e-07,0.00010146244855113791,3.38009865110294e-05,2.0984110442549386e-06,1
0.07310582914695912,0.9267371321688428,2.062343158009271e-05,1.362504923493473e-07,0.00010144119650003305,3.2739834108733905e-05,2.0979715167313245e-06,1
0.08652063052335965,0.9133240881495932,2.0532802232717074e-05,1.356517416926838e-07,0.0001009954147493046,3.152870630959515e-05,2.088752013728844e-06,1
0.03038971210970485,0.9376916578827441,2.8264665391947567e-05,1.4119952843673599e-07,0.03183352270118323,5.4040162617415706e-05,2.6612788299426642e-06,1
0.0037832003018549165,0.9959864856994128,2.723146647669907e-05,1.080299054665646e-07,0.00016953461466845748,3.140380108104236e-05,2.036086600863093e-06,1
0.004046507465893709,0.9957237186532482,2.4366955111646802e-05,1.0805793127770973e-07,0.000169578596425849,3.365824189261835e-05,2.0620294967091277e-06,1
0.004901564848460666,0.9948572133679872,2.8522332748578768e-05,1.567421072156113e-07,0.00017671369900548544,3.363433477071542e-05,2.1946749201416065e-06,1
0.006992580869159476,0.9926802662594708,3.2338870112241685e-05,1.702029385582255e-07,0.0002371287325306256,5.452193674723318e-05,2.993129041069931e-06,1
0.008578711363105925,0.9770383409450683,3.960730337570432e-05,4.736748270758259e-07,0.014272424652677489,6.677620095827567e-05,3.665859987093717e-06,1
0.008404518713975602,0.9685069898419504,3.569965669814727e-05,4.2694218671635464e-07,0.022982552913229377,6.650774480518825e-05,3.3041871546094134e-06,1
0.7812746951182883,0.21868224270235176,1.6181036459897645e-05,2.088750650570921e-07,9.998244252524309e-06,9.30702431367451e-06,7.366999268854452e-06,0
0.7344361560679822,0.2655232189036607,1.4938846861037349e-05,1.9394823530207965e-07,1.0113760274121832e-05,8.537941268373955e-06,6.84053171820912e-06,0
0.5423665284876895,0.4575955319013582,1.3897038717776434e-05,2.0684428423893788e-07,9.683383378658427e-06,6.973785204053875e-06,7.178559367510993e-06,1
0.6263239625849331,0.37365426097616183,6.463168100741001e-06,1.8703170869298354e-07,6.115380785723617e-06,4.401065058856459e-06,4.609793251112074e-06,0
0.31751367013931264,0.6824541631233701,9.203420252576184e-06,1.9362349569050113e-07,9.412570988690817e-06,6.5280443903579615e-06,6.829078189850371e-06,1
0.3153843007462176,0.6845806684576963,1.0888627146557767e-05,2.0344352088237448e-07,9.904168110309704e-06,6.8591279716060386e-06,7.175429337072704e-06,1
0.23656760593279882,0.7633928536396999,1.0903345144873574e-05,2.0371851251882285e-07,1.4379836229031982e-05,6.868399354726718e-06,7.1851282601303826e-06,1
0.08470481604278794,0.9152131027007178,6.00176444895728e-06,1.1866988984438963e-07,6.67641450063917e-05,4.022289709210099e-06,5.17438743995248e-06,1
0.13175080555205598,0.8681090400096433,7.824227418993774e-06,1.547045396109735e-07,0.00012139676765823163,5.322327551870745e-06,5.456411132132926e-06,1
0.051282985562803356,0.9486909526031742,8.64208127697681e-06,1.0164488353598383e-07,6.2843403325641065e-06,3.4969068490856783e-06,7.536860680116646e-06,1
0.06766588696656178,0.9323096575095706,8.451622063088516e-06,9.940476543106971e-08,5.113898096572528e-06,3.4198399819535934e-06,7.370758960598592e-06,1
0.03272684808263742,0.9672575827106703,4.462385139509048e-06,7.385292836628179e-08,3.1871798085824196e-06,2.540671689076996e-06,5.305117126854389e-06,1
0.05486525240715745,0.9451122581759198,6.303454527639038e-06,1.043228236623529e-07,4.450337140193095e-06,3.5359990693769017e-06,8.095303361797643e-06,1
0.12009471380118751,0.8798795872275933,6.7906636869044675e-06,1.6403530263031897e-07,9.105110302850404e-06,4.447663912916254e-06,5.191498013870923e-06,1
0.11262998159310061,0.8873284533928831,5.82224053906973e-06,1.76198631810265e-07,2.6367060275800346e-05,4.244803570902598e-06,4.954710998647342e-06,1
0.06939527940628325,0.9304065979828614,8.649806716594964e-06,1.2579453180009262e-07,0.00018054041832369326,4.327731456089885e-06,4.478859827275232e-06,1
0.30818617283177663,0.6913881276480881,1.5970110774832755e-05,3.6140384506950055e-07,0.0003774719512979567,1.087477463399494e-05,2.1021279583538467e-05,0
0.3649888710453905,0.6346263924082821,1.9420705935904998e-05,3.985833787654684e-07,0.0003240681227928126,2.6405859040151125e-05,1.4443275179862755e-05,0
0.434060653466422,0.5656422914979504,1.4641970335954991e-05,3.057970060627439e-07,0.0002500446841716497,2.194702049521539e-05,1.0115563618709784e-05,1
0.0862931685320926,0.9135769271221412,6.0882700765583346e-06,1.1310352769299626e-07,0.00011216540503558594,3.901544964066554e-06,7.63602216227211e-06,1
0.06918792867222609,0.9306423006296105,6.796365543895078e-06,1.161979884113098e-07,0.00013958612463416982,8.862209988596994e-06,1.4409800008587166e-05,1
0.0990757431207239,0.9006248602929036,1.020920861444221e-05,1.2641677079819949e-07,0.00026919012160792966,1.4204152357566921e-05,5.666687021790187e-06,1
0.0913400512323428,0.9085362602583006,1.4032136287205504e-05,1.4428473553970953e-07,9.276936187093009e-05,1.3077511929695883e-05,3.6652145333347374e-06,1
0.08640831181916225,0.9134601205359169,1.5634924488536993e-05,1.1476447319857745e-07,8.470348376909891e-05,2.7414253584289213e-05,3.700218605622108e-06,1
0.04408122087246953,0.9558174512158845,2.6247524962722376e-05,8.901088160054364e-08,5.464954476902193e-05,1.7778211917654274e-05,2.5636191150609647e-06,1
0.0726617312778654,0.9265560080167147,3.58354454247054e-05,1.334033981898721e-07,0.0007079181502451938,3.3623674186724595e-05,4.750032165100995e-06,1
0.0781277548441319,0.9206548279140633,3.697020042954219e-05,1.379691292989994e-07,0.001136036273372094,3.728603371761242e-05,6.986765156078419e-06,1
0.04715974984890753,0.9526831504174529,1.943344154148801e-05,1.0588630006042929e-07,0.00010149599407932902,2.8550003812587537e-05,7.514407906166828e-06,1
0.046502838042146735,0.9533371755880767,1.9955322510635976e-05,1.0595899191546357e-07,0.00010273602019085347,2.9669501471685906e-05,7.519566611777203e-06,1
0.05514827649759877,0.9446935701580875,1.8222539298400418e-05,1.0356874322371113e-07,0.00010489244962101807,2.8989547582276638e-05,5.945239068848593e-06,1
0.06207126738344071,0.9377683881253147,2.492794697411456e-05,1.0268284942254865e-07,9.814195144766333e-05,2.7351799841630705e-05,9.820110131445688e-06,1
0.04967673509814622,0.9501138605379237,1.7676296371268647e-05,1.0383563445624551e-07,0.00015867830702027887,2.9064252129652773e-05,3.881672774652021e-06,1
0.04318380023889945,0.9565907935666474,2.2062672568834484e-05,1.1572142373167899e-07,0.0001627051976319421,3.8322254510990316e-05,2.200348317743288e-06,1
0.08741938241476288,0.9123639488508132,2.1474533273100145e-05,1.1257040676224918e-07,0.00015836785726444993,3.457208130644424e-05,2.141692173256249e-06,1
0.09028475334128419,0.9095494068517969,1.934853136422826e-05,8.811667362758173e-08,0.00011024774373717564,3.404671244370775e-05,2.108702700125331e-06,1
0.08562929701208051,0.9141780167806998,1.911542336815126e-05,1.1792297137448866e-07,0.00013762332296757078,3.36530153979575e-05,2.1765225145247386e-06,1
0.00527349351042038,0.9944494432700535,2.995001065101847e-05,1.2227280912090212e-07,0.00020209352889374405,4.2564120424459996e-05,2.333286747872386e-06,1
0.004643341886209464,0.9950841502836487,3.126144015182387e-05,1.3678414274977948e-07,0.00019427628051940348,4.4427887481203e-05,2.4054378466689177e-06,1
0.007184214108940557,0.9924831582734904,2.9383868064715446e-05,1.5465044614927916e-07,0.0002504900174852692,4.98794531957566e-05,2.7196283771885484e-06,1
0.011026376193271901,0.9708029737706331,4.659589492065528e-05,4.821138993749573e-07,0.018040700673003143,7.85586641316513e-05,4.312690140304611e-06,1
0.012704522731334635,0.9647661247851634,3.9130280430727474e-05,4.679699761590703e-07,0.022413233595989263,7.289892804984135e-05,3.6217090558796296e-06,1
0.7800016241028317,0.21994425091536243,2.0751518350100827e-05,1.788729800239247e-07,8.846274131822271e-06,8.089743005056191e-06,1.6258573339060577e-05,1
0.7979142037153616,0.20203231044244682,1.8711002935146362e-05,1.8908211319314e-07,9.243594212321953e-06,8.551463180078154e-06,1.6790699750758585e-05,1
0.7767328862597666,0.22322385504170816,1.616126736832464e-05,2.0861987310454532e-07,1.0284423596682597e-05,9.246389008681442e-06,7.3579986783468415e-06,0
0.7718627793315215,0.22809719511437385,1.3513477237626426e-05,1.7544292992708754e-07,8.982821617898697e-06,7.723305289866995e-06,9.630507029433849e-06,0
0.7221714463629378,0.27778969603122783,1.4062979534574192e-05,2.0931415643067695e-07,1.0263978216099836e-05,7.05705730514204e-06,7.264276622033155e-06,1
0.49035825003296235,0.5096089354725466,7.2102750811232754e-06,2.033647092069667e-07,7.733449871577774e-06,6.2921440888034685e-06,1.1375260740400693e-05,1
0.3438153682694056,0.656147131015316,1.166108559267496e-05,2.1787616366628042e-07,1.0591559923753051e-05,7.345726627556962e-06,7.684466970682108e-06,1
0.26477119804519994,0.7351937943539589,1.0881417365263821e-05,2.0330881305635654e-07,9.897610177430498e-06,6.854586277609461e-06,7.170678207704956e-06,1
0.2288599461419789,0.7711059659365471,1.0198864117071024e-05,1.905559623862937e-07,1.055299269000386e-05,6.424622057715147e-06,6.720886646723354e-06,1
0.18636705633927808,0.8135312258184276,9.518249531105163e-06,1.7783933375450444e-07,7.972155585287544e-05,6.027824943559951e-06,6.272372632821894e-06,1
0.07899459350700178,0.9209119975133467,5.873556438415098e-06,1.3600952284185495e-07,7.813766731819711e-05,4.294038016484065e-06,4.967708355646867e-06,1
0.09969672306902884,0.9002154898182542,6.775565827273641e-06,1.3396987789077037e-07,7.042707173978742e-05,4.608989329025675e-06,5.841515943083543e-06,1
0.12129814592329745,0.878347882124201,7.6211150389266755e-06,1.506884999990254e-07,0.000335701220047642,5.184163033041335e-06,5.31476588176843e-06,1
0.15836374636853748,0.841112130148585,8.395104216057957e-06,1.5685444426565992e-07,0.0005046429950971221,5.396291100751124e-06,5.5322380194392324e-06,1
0.17532227829580846,0.8243067049977697,8.722666992690589e-06,1.6297463955669038e-07,0.00035095090655517207,5.606845258387301e-06,5.573312976166486e-06,1
0.18841674227617508,0.811443794039056,9.104011764206543e-06,1.859446397070334e-07,0.00011697219954834279,6.545120215637163e-06,6.6564086010757405e-06,1
0.04680105808600442,0.9531704092298633,8.514819541506753e-06,1.0014807925170775e-07,8.966700507534612e-06,3.5251417792969663e-06,7.4258742244924734e-06,1
0.05717286018650444,0.9427985013735947,9.46708644165233e-06,1.1134828150140582e-07,6.884266792959274e-06,3.919381001676395e-06,8.25635738319686e-06,1
0.0713781531545152,0.9285892341744072,1.0573077449954463e-05,1.3566823187285973e-07,7.068843289771542e-06,4.775426107737468e-06,1.005965599814495e-05,1
0.06051782529213239,0.9394538268390363,5.137083991758645e-06,1.392100306907018e-07,5.348357273086632e-06,3.689932215618118e-06,1.4033285319940926e-05,1
0.07426428201839017,0.9256984136082518,6.603210046694896e-06,1.7755296464832932e-07,7.742178647537655e-06,4.743040510313203e-06,1.8038391188742622e-05,1
0.08703673535528189,0.9129300409894937,6.559276901306907e-06,1.7025102183884172e-07,8.691510214881783e-06,4.7795161246031546e-06,1.3023100961803153e-05,1
0.055478756904139725,0.944462910574822,9.899503587086382e-06,1.275260035687988e-07,3.8675858919847794e-05,4.387299584620856e-06,5.24233294310785e-06,1
0.0696667665194255,0.9300637340808117,1.0250651862444484e-05,1.2985446737950387e-07,0.00024931343597374184,4.467406135627137e-06,5.338051323674119e-06,1
0.08375014502935862,0.9159300950114141,1.081571300206507e-05,1.3701261832511494e-07,0.00029846125608692725,4.7136692646476445e-06,5.632308255309799e-06,1
0.06924464762465897,0.9304184944930401,1.2170969513284603e-05,1.5418090330724184e-07,0.0003128903577795259,5.304312799792242e-06,6.3380613050390856e-06,1
0.4039779541383841,0.5957289492607335,1.1552327188197297e-05,2.591813628100762e-07,0.0002538184144135677,1.7567918528077857e-05,9.898759389731631e-06,1
0.3637896220622148,0.6359621356786486,1.2305765518662218e-05,2.562908579133126e-07,0.00020956440171904928,1.7371993350508034e-05,8.743807690473164e-06,1
0.13526643328948149,0.8645992701841577,5.744179077015001e-06,1.32104280595969e-07,0.00011523771196689331,4.5569824496531055e-06,8.625548586764995e-06,1
0.12078830706353028,0.879094395728501,5.72776416044574e-06,1.3172677134436817e-07,9.829285720569281e-05,4.543960138594252e-06,8.60089969289913e-06,1
0.10111929534747015,0.8987600517716166,6.342361733649567e-06,1.2953939406051815e-07,9.294805046438631e-05,4.4685058092696765e-06,1.6764423511936052e-05,1
0.10091244253947859,0.8989724613251237,6.097824473731135e-06,1.44568107589557e-07,9.304081877572526e-05,4.472965674065798e-06,1.1339958366449162e-05,1
0.06754257240826202,0.9321778209936593,9.7822714047054e-06,1.2586782533111095e-07,0.0002498701782503997,1.2954188724919842e-05,6.874091873086841e-06,1
0.4575942308167645,0.5394143616596874,2.4235082782345744e-05,2.813878526699178e-07,0.002929097937528843,3.026351762935998e-05,7.529597755155992e-06,0
0.4408687391084904,0.5566469758839994,1.9363135086811634e-05,2.3611922750917774e-07,0.002432849994256594,2.4174859792974128e-05,7.660899146430996e-06,1
0.04543677259548831,0.9544570174469086,2.7739541914855356e-05,9.405605893864879e-08,5.774710587445835e-05,1.794579146345267e-05,2.6834622914006033e-06,1
0.032541308341934985,0.9673533201596236,2.494342480230469e-05,9.637127033859853e-08,5.9168564091433605e-05,1.8387531224252215e-05,2.7756070532080976e-06,1
0.03654870046125434,0.9632716078476038,8.560356006324873e-05,1.113560025476028e-07,6.13230948179385e-05,2.6605956395866325e-05,6.047723862232706e-06,1
0.05340528162565571,0.9464516069424602,2.7902802897366046e-05,1.0519369299380536e-07,8.021516657325567e-05,2.849060733601973e-05,6.397661384371686e-06,1
0.061480562875111895,0.9383483754576226,2.3675092384792795e-05,1.0712884623031644e-07,0.00010849805410787922,2.8536087339167653e-05,1.0245304587402693e-05,1
0.04371432823944517,0.9560875242935444,2.5474546951147094e-05,1.0915407971246892e-07,0.00013780007484970804,2.907555211978017e-05,5.688139010246014e-06,1
0.044829700880369486,0.9549460809748589,2.2270880705995608e-05,1.0388426011250713e-07,0.0001633277106742351,3.2265379794249405e-05,6.250289337344432e-06,1
0.053698335108561306,0.9460741902141278,1.8888599445616517e-05,1.035336490899501e-07,0.00017093080839381125,3.215648362662394e-05,5.395252195913974e-06,1
0.08025223214258977,0.9195320539351888,2.1207955124550826e-05,1.1117299289371543e-07,0.00015640192815007136,3.587776007863129e-05,2.1151058755682627e-06,1
0.05713021994337407,0.9426317531676378,2.228388864149154e-05,1.248476116375109e-07,0.00017563984450527298,3.760303785091977e-05,2.3752703786396986e-06,1
0.06530546604186092,0.9344367067073636,2.421774456754611e-05,1.3768710248711224e-07,0.00019370287468080041,3.7149398149374025e-05,2.6195462754059205e-06,1
0.09650969873615849,0.9032428015980964,2.3026208891453112e-05,1.3091276830856448e-07,0.00018473553190561558,3.7116350029926554e-05,2.490662149404134e-06,1
0.10018276076246074,0.8996010797250006,2.146932979236171e-05,1.1971465166062377e-07,0.00015321662271987221,3.9032345473031654e-05,2.3214999019241067e-06,1
0.09369531216339157,0.9061329677102062,1.9446749929092725e-05,1.1397394502574264e-07,0.00011583622471072338,3.4219543092795486e-05,2.1036347246538275e-06,1
0.023401617512771485,0.9440596212776837,2.264130486666717e-05,1.330355858093515e-07,0.03246249137900715,5.091564235826499e-05,2.579847726849656e-06,1
0.004900050014189164,0.9947903529450887,3.2177035201140844e-05,1.5218175555820688e-07,0.0002296352871578061,4.49563217550036e-05,2.6762148523449287e-06,1
0.007128660778060001,0.9697593209674704,3.574581825580496e-05,4.274942457049116e-07,0.02301227057831494,6.0265904008295406e-05,3.308459644598294e-06,1
0.747430175706799,0.25252393763832415,1.71430607804551e-05,2.212934841763463e-07,1.0909200051688351e-05,9.808105092440535e-06,7.804995467907067e-06,0
0.7999522177882514,0.20001449985594413,1.0286369959672485e-05,1.503726882314913e-07,7.971605919080537e-06,6.619669307577421e-06,8.25433793000428e-06,0
0.7159567751292396,0.2840205261146469,8.282926904402429e-06,1.326114802759756e-07,6.144416851251663e-06,3.990328220233433e-06,4.14847265735917e-06,1
0.6776950357761783,0.32227885064264306,9.500529073837626e-06,1.9450467090053594e-07,7.047654966756674e-06,4.576912208452902e-06,4.79398025871055e-06,0
0.6795391184851973,0.32043495183787907,9.446172375689607e-06,1.5889483261624402e-07,7.007332238337864e-06,4.550725684162381e-06,4.766551792798279e-06,0
0.39590829445328357,0.6040560779656614,1.303079895824252e-05,2.667800122756959e-07,9.215552268220232e-06,6.539090436277667e-06,6.575359380044176e-06,0
0.2211065328544652,0.7788598808947003,1.0301419574461995e-05,1.924721124258253e-07,9.814664775827928e-06,6.489225335700805e-06,6.78846903592039e-06,1
0.126997149930983,0.8729695939354775,8.962777233295946e-06,1.6746086836140346e-07,1.254352092212276e-05,5.6760491510417024e-06,5.906325364604848e-06,1
0.09391340350767988,0.9059953426354854,6.766973750708873e-06,1.3379999105363324e-07,7.391583007820784e-05,4.6031446822152515e-06,5.834108332631991e-06,1
0.21419354540689076,0.7855702758273436,1.135832082008118e-05,2.3590921516209276e-07,0.0002005001526878779,8.116026321882728e-06,1.5968356720717395e-05,1
0.2608723295273116,0.7389259682878841,1.1225505030630529e-05,2.2195630247768298e-07,0.00017547241143823182,7.636001806792073e-06,7.146310226110744e-06,1
0.2674804321025543,0.7319377823655329,1.061311067783738e-05,2.0984773490470618e-07,0.000557192138172456,7.219428621742679e-06,6.551006705868582e-06,1
0.19403535944022346,0.805469897620273,7.707405018855679e-06,1.5239466865991452e-07,0.00047642877394444937,5.242860654292938e-06,5.21150521732218e-06,1
0.2526631293233134,0.7471738406745935,1.2874149048055137e-05,2.4102373408316965e-07,0.00013266312938072503,8.291982018054707e-06,8.95971791217307e-06,1
0.10037695191147213,0.8995306588271481,7.68161604841735e-06,1.4381158528395678e-07,7.376002950989852e-05,4.947575323644351e-06,5.8562289124307355e-06,1
0.06694920003822184,0.9329691202629294,9.23626832943272e-06,1.368681395442841e-07,6.191541924423603e-05,4.817662011765201e-06,5.573481123980473e-06,1
0.07118605506757326,0.9287796106015297,1.1349992515004375e-05,1.3349430887619314e-07,8.253476616375279e-06,4.698905551000048e-06,9.898461905681083e-06,1
0.025155560678565867,0.9748256981103386,7.2940793843196795e-06,7.457909900815065e-08,3.449618832294449e-06,2.5656532467761633e-06,5.357280533159555e-06,1
0.03428908895998712,0.9656832416412382,7.77865979688972e-06,9.174176795906072e-08,4.583240966161225e-06,3.1095669647149046e-06,1.2106189279003626e-05,1
0.06517989641819619,0.9347634570285266,8.214869913926297e-06,1.2173249212936864e-07,3.9117792933922534e-05,4.187984389128233e-06,5.004173547962908e-06,1
0.11182089976362533,0.8875731021649048,1.3004727895398047e-05,2.4346836955083337e-07,0.0005745328173659015,8.208571580674591e-06,1.0008486258353718e-05,1
0.08862688816332631,0.9110507007967803,1.0842657278483828e-05,1.7646416211144846e-07,0.0002981883230384909,5.949514956657053e-06,7.254080457525657e-06,1
0.3342362653307334,0.6653676657494891,1.731803244843685e-05,3.919073326508594e-07,0.00035191961957734696,1.1792635795473032e-05,1.4646724623530847e-05,0
0.07093939963375297,0.9288683014713671,5.625118341109971e-06,1.4009700717718173e-07,0.00017334565418331813,4.334628948190992e-06,8.853396399943536e-06,1
0.060517663282356346,0.9393107667413025,6.840130353338054e-06,1.270710502514059e-07,0.00015164039611561498,4.3833594433299056e-06,8.579019378924406e-06,1
0.06314678445715317,0.9366584744439705,7.128218630491132e-06,1.324229482492408e-07,0.0001717220940318228,4.661194412304405e-06,1.1097168853399826e-05,1
0.06757115271932669,0.9322866188129698,6.620245773759409e-06,1.2298619177388992e-07,0.0001160650357107194,4.168589809898139e-06,1.5251610217264389e-05,1
0.06783017174163446,0.931934423594692,9.879549025359258e-06,1.269505843109197e-07,0.0002016939593277452,1.3065625179241266e-05,1.0638579557105756e-05,1
0.08815875162200235,0.9115418693511498,9.944028549858714e-06,1.279491435904288e-07,0.0002691508931654287,1.3168395885938941e-05,6.987760103184941e-06,1
0.4338050981322329,0.5638011715402131,2.6680027699326057e-05,2.9410933832824735e-07,0.002327007646450261,3.1631724898577555e-05,8.116819167461041e-06,0
0.4695876224935,0.5272170909003234,2.47755595310937e-05,2.8766320122614365e-07,0.0031315874279377286,3.0938437032808774e-05,7.697518473671183e-06,0
0.36944784227231575,0.6284451556762999,1.879542877506523e-05,2.451973217051543e-07,0.0020582335683960807,2.4181906200210622e-05,5.545950691331755e-06,1
0.10334980348181028,0.8965280236301795,1.656477383229107e-05,1.2312966703271652e-07,8.668992391612782e-05,1.4825132687905982e-05,3.969927906785009e-06,1
0.048614807261044,0.9513108239839303,1.2386664214285859e-05,9.11654930844814e-08,4.129155095416349e-05,1.7660030469070027e-05,2.9393438953727856e-06,1
0.04096804608768242,0.9588644848791035,8.002585002730976e-05,1.0477697978875576e-07,6.432937349643723e-05,1.9991331240934677e-05,3.0177014694703414e-06,1
0.046212014892136284,0.9536225060934765,7.10521979715313e-05,1.0593781412433225e-07,6.504208487341486e-05,2.5506758131404605e-05,3.772035596761795e-06,1
0.07600302554817971,0.9226025351694398,3.57032993374596e-05,1.34600086405308e-07,0.0013151841413805013,3.637555289071652e-05,7.0416886854940805e-06,1
0.047968583492850686,0.9518306359681266,2.53953414390477e-05,1.0881469763050513e-07,0.00012995548245991264,3.491436885179141e-05,1.0406531574267643e-05,1
0.04012283850035861,0.9596880419193775,2.6147672008439467e-05,1.0971296799545915e-07,0.00012691479953004015,2.9224424112874912e-05,6.722971644646165e-06,1
0.033059071344815595,0.9667146009591141,2.189168372826856e-05,1.0516450411323182e-07,0.0001653405210991862,3.266301037724585e-05,6.327316361633411e-06,1
0.03733092104399145,0.9624469908633501,1.7287980507005035e-05,1.1183898554732495e-07,0.0001631242138883091,3.34250504608697e-05,8.139008816913118e-06,1
0.037544638032587105,0.9622116464783278,1.738695302173358e-05,1.1247925614687954e-07,0.00018569972515908304,3.7826022594692725e-05,2.6903090534823772e-06,1
0.043214688646766974,0.9565656200778335,1.8649485927192826e-05,1.1755095638711495e-07,0.00016289249786726747,3.545112113813737e-05,2.580619510646277e-06,1
0.09416599516552952,0.9056221443066443,1.7722559833844725e-05,1.1195509392829267e-07,0.00015740970942201564,3.4487568842433305e-05,2.1287346339524413e-06,1
0.07087209557686368,0.9288682969218702,2.2775957579113555e-05,1.3705127184778183e-07,0.00019280836662286557,4.1278676421715664e-05,2.6074493705182405e-06,1
0.08254496397112873,0.9172291005142535,2.4139335128818943e-05,1.3453067726977496e-07,0.00016720548550387085,3.150104899848114e-05,2.9551143095400525e-06,1
0.08528962769958369,0.914543162914395,2.1468754687868725e-05,1.1971144483326996e-07,0.00010426818226990746,3.903129990349267e-05,2.3214377153054757e-06,1
0.09199040478719697,0.9078257498528647,2.0222506804809898e-05,1.1606417974865293e-07,0.0001274429720744649,3.3813106726892904e-05,2.2507101525654283e-06,1
0.073238068901474,0.9265595606385642,1.942547490911562e-05,1.2105376602265336e-07,0.00013875470496691898,4.172175838623899e-05,2.347467933547586e-06,1
0.031860145336871724,0.9356129109802862,2.770394641296644e-05,1.5561297803460662e-07,0.03244668010273479,4.938634852557005e-05,3.017672190553586e-06,1
0.014360444497595423,0.9606497382930997,2.460319041819925e-05,1.751770571107311e-07,0.024906839626419028,5.55018261962123e-05,2.6973892140530876e-06,1
0.014614425255705414,0.9655127392393689,2.6874605645050103e-05,1.743481595342152e-07,0.019788151814065593,5.495011126732707e-05,2.6846257881837084e-06,1
0.004187189588418245,0.9955692988449109,2.075485784261885e-05,1.1652757083589448e-07,0.00018313316981914747,3.731076564339083e-05,2.1962457949527877e-06,1
0.004535159905506386,0.9951513513719153,3.028061715713305e-05,1.4102747777973472e-07,0.00023700044182807832,4.220677766782511e-05,3.859858447370152e-06,1
0.006043053591619873,0.9936179392943376,3.076846167551922e-05,1.5461865670936832e-07,0.00025043852757652735,5.4926436794333656e-05,2.7190693392741475e-06,1
0.008024786673492632,0.9689180272120346,3.733546894579771e-05,3.68839569386514e-07,0.022949315683666444,6.686671363208735e-05,3.299408659052744e-06,1
0.021299917931263745,0.9624156350765927,4.907764834491219e-05,7.211398546831984e-07,0.016132002267486522,9.483518569287973e-05,7.81075076476615e-06,1
0.805726764409381,0.1942352185809251,1.4202994522591285e-05,1.8334124716078556e-07,9.038252303032954e-06,8.125997141872962e-06,6.46642447922249e-06,1
0.7682764922978771,0.2316871644129235,1.2959263106331697e-05,2.074806506988569e-07,1.0239227939649075e-05,6.243169097525206e-06,6.694148405084238e-06,0
0.6711240756750346,0.32885110934444983,8.90805263207127e-06,1.4261988057475167e-07,7.0112588190901556e-06,4.2914846666322444e-06,4.461564517105944e-06,0
0.4363021628039743,0.5636626653262927,1.2000012837765168e-05,2.130650373420831e-07,9.08455338409578e-06,6.4461374015154115e-06,7.428101072354493e-06,1
0.4715612239439468,0.5284065998978013,8.789873481216222e-06,2.2527303909784026e-07,8.334104055381673e-06,6.973198197955305e-06,7.853709478428417e-06,1
0.577722914058825,0.4222407373833956,1.0205435273923111e-05,1.906787381291183e-07,8.90807617141643e-06,6.57752844386563e-06,1.046683915207762e-05,1
0.5919357980311861,0.4080239920209995,1.1767090702092524e-05,2.198567671345743e-07,8.742002276090409e-06,7.412502962291598e-06,1.2068495106859321e-05,1
0.11007147077218314,0.8898941789864127,9.240614576226698e-06,1.7265199177096062e-07,1.2995558019551555e-05,5.852001132600642e-06,6.089415683941375e-06,1
0.10176492263591935,0.8981269901636316,6.932431577806231e-06,1.3881823957004419e-07,9.026279777238216e-05,5.068160160525689e-06,5.684992698929044e-06,1
0.09552556065164214,0.9043702237303698,6.682780591740231e-06,1.546769683977761e-07,8.701225051258762e-05,4.885645386681206e-06,5.480264528569694e-06,1
0.07846602433460763,0.92144544130079,6.40580193789237e-06,1.463990323038982e-07,7.21019752272604e-05,4.35746231801838e-06,5.522726086994665e-06,1
0.13578877790249844,0.863673745235854,8.143944721034752e-06,1.5216177077406066e-07,0.0005187423662191927,5.2348482272641675e-06,5.203540709390874e-06,1
0.2828822420686721,0.716957377454825,1.2496292063854238e-05,2.33949674202275e-07,0.00013071862148378942,8.23486358345999e-06,8.696749697579042e-06,1
0.05975333825139711,0.9402201679192846,9.131594017285804e-06,1.0740234680014486e-07,5.5960805857292165e-06,3.69498187284894e-06,7.963770495774111e-06,1
0.02074146169803496,0.9792406162052246,6.975280076212483e-06,7.131950120144596e-08,3.298847770036316e-06,2.453517302427438e-06,5.123132090659884e-06,1
0.05966086358995797,0.9402998083172142,8.022161548482616e-06,1.1863878347668446e-07,2.194393807532839e-05,4.021235365746265e-06,5.222119054760536e-06,1
0.05679954212952995,0.9429744875293374,7.647150012905862e-06,1.133197042085889e-07,0.00020582904397040385,3.898557763048572e-06,8.482269681834496e-06,1
0.07495081281555507,0.9247608121029877,8.091657048720752e-06,1.3169165496258963e-07,0.0002702075471855855,4.530611223958744e-06,5.413574344234262e-06,1
0.11433322118061372,0.8851935016071876,1.1918629989092628e-05,1.9397560953210475e-07,0.00044651728929338754,6.673377094167782e-06,7.97394021260127e-06,1
0.09465080920475699,0.9050009513922755,1.1711263046353076e-05,1.90600714166486e-07,0.0003220762031632703,6.4261308705097975e-06,7.835205173004578e-06,1
0.10634926058176532,0.8932979583835857,1.1863997753652636e-05,1.930864703290863e-07,0.0003262766224027321,6.509938501991666e-06,7.937389520157767e-06,1
0.17916573609435332,0.8205074870100331,1.1803866150606589e-05,2.1631325404774085e-07,0.0002953855170903049,7.2930329018726965e-06,1.2078166216841206e-05,1
0.11805239578939716,0.881764740353425,5.029503366178403e-06,1.4056117032951513e-07,0.00016739911840903146,4.389064150682369e-06,5.905610081732993e-06,1
0.1154600109102257,0.884363553510734,5.411022406565862e-06,1.2444236377803048e-07,0.0001608315070955459,4.292682002214665e-06,5.775925172114739e-06,1
0.04964999799046326,0.9501919501394205,6.574376104335874e-06,1.2213405785724768e-07,0.00014037443782681188,4.213056198100044e-06,6.767865929202438e-06,1
0.0487611208110259,0.951085264581479,6.386328296682586e-06,1.1864064016173308e-07,0.00013635928796848764,4.1760668849725466e-06,6.574283704778351e-06,1
0.03915605046781021,0.9607198495522054,5.8483665097027605e-06,9.378549117780525e-08,0.00010978201459376372,3.178838511878294e-06,5.196974877700897e-06,1
0.07242485663982717,0.927298501478362,9.516577580314309e-06,1.2228646078479957e-07,0.00024125082668908983,1.0587355030041314e-05,1.5164836050598829e-05,1
0.46972597003906724,0.527372416950273,2.4782858781940604e-05,2.8774795111292373e-07,0.002837895065688978,3.0947551959655547e-05,7.699786277882325e-06,0
0.4263806534485762,0.5714272228011681,1.888324456125749e-05,2.3446795141657455e-07,0.00214164089863766,2.4121278879186005e-05,7.2438602262076964e-06,1
0.11861086904672152,0.8812518099061724,1.4028166062255367e-05,1.1949082435767723e-07,0.00010473554056439379,1.4087923054273112e-05,4.349926600715817e-06,1
0.11379224318054794,0.8860856009651422,1.7777823895135827e-05,1.216954987837926e-07,8.568019214816075e-05,1.4652455094443234e-05,3.923687673284538e-06,1
0.052545506036013906,0.9473797736828768,1.2323951179850652e-05,9.07039269510819e-08,4.171883168811916e-05,1.757061865651308e-05,3.016175658047364e-06,1
0.050944782691265726,0.9489806523346794,1.234174390342052e-05,9.083488088585397e-08,4.1779063315870024e-05,1.733280168825246e-05,3.0205302663169542e-06,1
0.04834374307986992,0.9515808754184182,1.36712585058286e-05,9.065717676839324e-08,4.1697329168123264e-05,1.690763578603919e-05,3.0146210752660647e-06,1
0.042824221214875564,0.9570626170197518,2.9993135911832176e-05,9.978002769843732e-08,6.126142099379807e-05,1.8254647787405624e-05,3.5527806518894023e-06,1
0.04345876529475874,0.9563767259738992,7.335081789587568e-05,1.0936502365816348e-07,6.714627076039941e-05,2.0008212396721154e-05,3.894065265450257e-06,1
0.05063486459952244,0.9492081141336469,7.2801009930688e-05,1.0854526782114534e-07,6.038859574389178e-05,1.9858238955927354e-05,3.8648769324320146e-06,1
0.0358611451648137,0.9639526628660641,1.799518733843533e-05,1.096832027958893e-07,0.00012729932089200404,3.4491545426793525e-05,6.29623226237309e-06,1
0.03760121323663628,0.9622456937834442,1.9954786451575984e-05,1.4643125692275523e-07,9.536185701605193e-05,3.541909427228708e-05,2.2108109225625464e-06,1
0.07263651507154448,0.9271462225452091,2.237862036556624e-05,1.2206776147821258e-07,0.00015627575382591523,3.5804588638698357e-05,2.6813526550113635e-06,1
0.04736102423499145,0.952396627316727,2.536378625199774e-05,1.2614092815412293e-07,0.00017745932594263823,3.699931897143945e-05,2.399876187047419e-06,1
0.09929299137246213,0.9004776471299496,2.6384946047578404e-05,1.3609051317903045e-07,0.00016914417432791078,3.0706908878617204e-05,2.989377821101299e-06,1
0.15991064778692282,0.839863958284103,2.2917960654931855e-05,1.3076665052799288e-07,0.00016419768490365014,3.56596345585489e-05,2.4878822064686464e-06,1
0.2180577846406358,0.7817323147079164,2.118489404761696e-05,1.218797850526699e-07,0.0001530388555598807,3.323621563681729e-05,2.318806418428915e-06,1
0.06676101791446225,0.9145197365339218,2.7818341682228664e-05,1.5511549136339315e-07,0.018638436274897897,4.982779469675156e-05,3.00802484807706e-06,1
0.11363065732839948,0.8861616680008585,1.999183009356984e-05,1.1738441270407445e-07,0.00015413951554408618,3.079777986910116e-05,2.628160822383461e-06,1
0.1371555108748334,0.8626499140431959,1.8259021819042662e-05,1.1426995455312647e-07,0.00014703614795065118,2.660721212075716e-05,2.558430125549722e-06,1
0.01149468313394988,0.9881866001100782,2.5238032835962463e-05,1.2331039938416015e-07,0.00025430465605034617,3.628991686800622e-05,2.7608398184085127e-06,1
0.0033692614586264403,0.6401286398216293,2.227041210589338e-05,1.0639791233144359e-07,0.35644307535242603,2.9661640317308378e-05,6.984916982781429e-06,1
0.7873871986605779,0.2125643910717336,1.625626348665697e-05,2.098461431550463e-07,1.112443207968577e-05,9.300739391259547e-06,1.1518986587798852e-05,0
0.43078908475680233,0.5691740620504872,1.3525291222172759e-05,2.013111741852542e-07,9.565263695668597e-06,6.787235591785125e-06,6.774091026709558e-06,0
0.4004001328327652,0.5995634012081396,1.3476226470030547e-05,2.525372121247501e-07,9.38360023294206e-06,6.658332431435994e-06,6.695262748716014e-06,1
0.35968734112453776,0.6402794251644376,1.0676706981772237e-05,1.9948399651905094e-07,8.560276665597863e-06,6.76146600795565e-06,7.035777372958927e-06,1
0.32310317519952353,0.6768620506267969,1.1155263924192341e-05,2.0842537250687954e-07,8.994813745299685e-06,7.064531972449098e-06,7.35113866487226e-06,1
0.20456128387181371,0.7954046130702189,1.0436255369348585e-05,1.9499138951039086e-07,9.985297476964126e-06,6.609190085544714e-06,6.877323645899631e-06,1
0.1445510378298153,0.8553962092362413,9.0851351325609e-06,1.6974700797286974e-07,3.193960391890488e-05,5.753537348301146e-06,5.804910535614643e-06,1
0.12470634450021667,0.8751805829456075,8.611142915189968e-06,1.5320014505685396e-07,9.33115412687998e-05,5.453362184623749e-06,5.543307662297672e-06,1
0.12253186221488968,0.8773629233232797,7.724904520771793e-06,1.3673438934477242e-07,8.683555781080287e-05,5.254764459768485e-06,5.262500649777785e-06,1
0.09222543026472568,0.9076653305102489,7.1296077642314595e-06,1.4276658738674877e-07,9.072449358773254e-05,5.212311672362314e-06,6.0300454135781535e-06,1
0.30574961385183813,0.6940760609795975,1.028202727867366e-05,2.0330138826911124e-07,0.00015029994702396834,6.994213504265597e-06,6.545679369100774e-06,1
0.2579713000015887,0.7414578870066775,1.0963184187874327e-05,2.0483654745843908e-07,0.0005460028363685941,7.047027856516754e-06,6.595106773012876e-06,1
0.023659713706322364,0.9763217107782308,7.305273216386998e-06,7.469355154781232e-08,3.2604559978384384e-06,2.569590617083528e-06,5.3655020640020375e-06,1
0.057642838128905326,0.9423181831961444,7.79096390635333e-06,1.1990503171831392e-07,2.166483660811555e-05,4.125113946410988e-06,5.277855457957639e-06,1
0.07527470079467549,0.9244821550500887,8.38587559524343e-06,1.2426654902535491e-07,0.00022525050565696733,4.275163995295131e-06,5.108343439387222e-06,1
0.10644933237213158,0.8931527802897917,1.0866933790079802e-05,1.7685926214714482e-07,0.0003734887024359441,6.084520377335529e-06,7.2703222111679775e-06,1
0.10400501501475273,0.8956062340400918,1.0617404419696144e-05,1.7279817360251942e-07,0.0003649125573554126,5.944806032132739e-06,7.1033791747159475e-06,1
0.12306572618362989,0.8765093391768077,1.1321641968889877e-05,1.8425963418861574e-07,0.00039951508492160325,6.339116681422398e-06,7.574536356193918e-06,1
0.13928209199645306,0.8602231424800906,1.3182164016779854e-05,2.1453961591618445e-07,0.00046516869117445726,7.380844231396314e-06,8.819284417647128e-06,1
0.10898422875207037,0.890209444567427,1.0040421734663365e-05,1.8797203055715438e-07,0.0007820336369468201,6.33750441932046e-06,7.727145371108784e-06,1
0.37888229530342526,0.620637187739096,1.1532282163913846e-05,2.6097571740284503e-07,0.0004522379393646551,7.852855331838855e-06,8.632904900923861e-06,1
0.14535036747493701,0.8543941649992834,5.699266014833623e-06,1.4098856329239622e-07,0.00023778735788752467,4.521351938595453e-06,7.31856137543049e-06,1
0.12386173054863299,0.8759211646350628,6.371402010678912e-06,1.3013252640580403e-07,0.00019858893902565926,4.488966112869194e-06,7.525376628596019e-06,1
0.06499014657023632,0.9347843974657456,5.916631713453881e-06,1.2015362966122993e-07,0.00020832612662845268,4.144740648510454e-06,6.948311398135377e-06,1
0.04170301265110372,0.9581594201271862,5.890919044318782e-06,9.44678715233604e-08,0.000124893144667245,3.325202472144041e-06,3.3634876546666073e-06,1
0.06522123811539735,0.9345757641363034,7.229995396083745e-06,8.799991042379497e-08,0.0001820339279101822,3.929813182474753e-06,9.716011900035766e-06,1
0.06176818962791635,0.9380291485536074,8.996677763526019e-06,1.1219447341973013e-07,0.0001712762906254415,8.363334513089813e-06,1.3913321100915914e-05,1
0.4346739067536981,0.5633240638302134,1.916333148221831e-05,2.3575385361502155e-07,0.001950858744252265,2.448799847446406e-05,7.283588025823148e-06,1
0.09347235879878342,0.9064346016224017,1.619297176363442e-05,1.0946038183117985e-07,4.962890460199388e-05,2.3468358433727766e-05,3.6398836334597876e-06,1
0.08968514333711629,0.910227075710816,1.4845375625811303e-05,1.0869932250978154e-07,4.8119464302243745e-05,2.1202745873146322e-05,3.5046669440399364e-06,1
0.05656526998422387,0.9433579114889173,1.4995955328531302e-05,9.339340138033508e-08,4.2955842419793873e-05,1.6083494818926032e-05,2.68984089016962e-06,1
0.043126559301106544,0.9567154446130937,7.488286319819943e-05,1.1164928136026386e-07,5.860005961306787e-05,2.0426114864472867e-05,3.9753988424710874e-06,1
0.04073022082369512,0.9591635266685344,2.9294219855054366e-05,1.0363741837252668e-07,4.923826182716232e-05,2.392626126376016e-05,3.6901274062429012e-06,1
0.06392744424333412,0.9358928838990721,2.7173544227501696e-05,1.1416864978765185e-07,0.00011574111465681391,3.041129141567583e-05,6.2317386442057265e-06,1
0.05258173412285055,0.9472477326061368,2.0429783007547564e-05,1.1307719850099522e-07,0.00011463463061985445,3.165102447303484e-05,3.70475571364477e-06,1
0.04324729428511205,0.9565389076570479,1.901640913099654e-05,1.1054786969185864e-07,0.00015157367516756707,3.546246158257615e-05,7.634964089312533e-06,1
0.05718384175117146,0.942570098418191,2.5344836297777502e-05,1.3824746036005992e-07,0.00017698961478983821,4.0550374550943086e-05,3.036757538567527e-06,1
0.27383026794158316,0.7259667750672274,2.0497363391073838e-05,1.1022282227470811e-07,0.00015506519597244315,2.518718046319944e-05,2.097028540356323e-06,1
0.2137970580739992,0.7859980481561849,1.9865412260049676e-05,1.1949832254737258e-07,0.00015004856232780803,3.258679866153421e-05,2.273498244147635e-06,1
0.03875846886719659,0.9402056182368966,3.0060709483497367e-05,1.618144890086682e-07,0.020962458452829846,4.0093986203912206e-05,3.1379329004390853e-06,1
0.013463475918234687,0.9642098981276204,2.6483299593535456e-05,1.4399944613545652e-07,0.022251413319463988,4.444877202864103e-05,4.1365636127581665e-06,1
0.0045896478273622174,0.9736196149895473,2.9728435250942286e-05,1.4121707978198398e-07,0.02171130896216333,4.5296477523928346e-05,4.262091072825922e-06,1
0.005112620918656227,0.9713508775650873,3.379380798963081e-05,1.5064271080124938e-07,0.02344872828279224,4.831982203913949e-05,5.508960724580139e-06,1
0.0033636449123691887,0.6390615477718435,2.035756525130302e-05,9.910936011764901e-08,0.3575202396730984,2.9612194473774453e-05,4.498773603616568e-06,1
0.009743024381571624,0.9773276984456448,3.04632012730605e-05,4.32249104171399e-07,0.012834022893047834,5.690511549409775e-05,7.4537138643509365e-06,1
0.015487432612080954,0.9723556997302814,3.326634297999827e-05,5.986539429255148e-07,0.012020040102707737,9.525313906956076e-05,7.709418937364897e-06,1
0.02246885964725389,0.9744940917283359,2.567366289473265e-05,1.1735198689948634e-06,0.002844152988484438,0.00016358000423033053,2.4684489318022915e-06,1
0.8011571537374075,0.1987959815475958,1.586181750359304e-05,2.0475438462782352e-07,1.0483592090936594e-05,9.075063958807435e-06,1.1239487058755546e-05,0
0.7879728057952341,0.21199070279310137,1.1857554994698373e-05,1.8984206168292674e-07,9.198820246506624e-06,5.712417466000613e-06,9.53277689567081e-06,0
0.5699749124537659,0.4299858168436226,1.3965825656517705e-05,2.349202874754892e-07,9.864141655215922e-06,6.728084031073944e-06,8.477730981283963e-06,0
0.4402943425555693,0.5596707180225559,1.2912084958084387e-05,2.4196550460799436e-07,8.990784155334372e-06,6.379601457801506e-06,6.4149857989083504e-06,0
0.644829823067854,0.3551272657529107,1.2757959193347567e-05,2.512246374068303e-07,1.0302387619475546e-05,8.988609789857343e-06,1.061099799541402e-05,1
0.5197064658303758,0.48025292245950885,1.1767530801124713e-05,2.1986498996151472e-07,9.103092565863268e-06,7.452275279748163e-06,1.2068946478668288e-05,1
0.4140624122247918,0.5858977829310733,1.138158108764368e-05,2.1265389093706637e-07,9.329641506540285e-06,7.207856670814021e-06,1.1673110978920564e-05,1
0.1181163904908095,0.8817748455927868,7.622569494604745e-06,1.7642894669983518e-07,8.894523174638083e-05,5.572705997859908e-06,6.446980218353829e-06,1
0.1298003100066007,0.8701019604291125,7.82902238573109e-06,1.5479934809260683e-07,7.76704057023832e-05,5.325589264779853e-06,6.749747585790684e-06,1
0.1642998174354179,0.8355942075330327,7.874899744874206e-06,1.557064581936721e-07,8.717504064783196e-05,5.277636014251085e-06,5.491748684100532e-06,1
0.35019842172489657,0.64942542425153,1.0570496835921227e-05,2.0900515269924913e-07,0.0003515610150509911,7.084183494030774e-06,6.729323039586406e-06,1
0.08065938013880955,0.9192480879958433,6.397538878573393e-06,1.3066635815048796e-07,7.659484842194222e-05,4.5993636793289914e-06,4.8094480089476526e-06,1
0.08572389175513967,0.9141775023088802,1.1311612389416961e-05,1.6762173723905466e-07,7.440071996962913e-05,5.900166967502312e-06,6.825814916322515e-06,1
0.07682821618295035,0.9231257604252341,9.755925377780251e-06,1.3235833247373752e-07,2.608635327795587e-05,4.658919982564661e-06,5.389834844691696e-06,1
0.0818520335124749,0.9181138103437497,1.1273023068012671e-05,1.325890234218497e-07,8.357712188638536e-06,4.561483549275828e-06,9.831335946087585e-06,1
0.08007082123698075,0.919895138898081,1.1294895038195942e-05,1.328462732428973e-07,8.191379118027995e-06,4.570333760224507e-06,9.850410748416757e-06,1
0.0775429586109644,0.9224257276996486,1.0390312521173874e-05,1.2220691662907474e-07,7.535350149594899e-06,4.204306098836416e-06,9.061513700823893e-06,1
0.07619653190133081,0.923775800028528,7.478053786886995e-06,1.4451683008252146e-07,8.785941384313922e-06,4.898366040541767e-06,6.3611920991742165e-06,1
0.06154105205451609,0.9384332754683806,8.074357128978353e-06,1.1941069764663098e-07,8.114505619755026e-06,4.108107284187871e-06,5.256096372947632e-06,1
0.05414248420328746,0.9458330902404566,7.964526122677104e-06,1.1778642008791425e-07,8.097282258411052e-06,4.0522269769623535e-06,4.1937344778124535e-06,1
0.06648573051002384,0.9332679760170058,7.455591020738971e-06,1.2339080165404048e-07,0.0002293971123862112,4.245035504078609e-06,5.072343257730115e-06,1
0.10379115183305303,0.8958272534182863,1.0166926203040525e-05,1.6546664416191454e-07,0.00035876778267328373,5.692578132180957e-06,6.801995008081154e-06,1
0.11010425050418228,0.8891311675732805,1.1195272532425106e-05,1.822029726019304e-07,0.0007394460948332458,6.268360990249952e-06,7.489991208639848e-06,1
0.11571498874135083,0.8834817145833679,1.1764076154240648e-05,1.9146024708286583e-07,0.0007770154899203531,6.455110148118081e-06,7.870538811612587e-06,1
0.07491454379527195,0.9245939223212715,9.677488561367509e-06,1.5750105038491477e-07,0.0004707809662747493,5.310170879696446e-06,5.607756690439286e-06,1
0.3014741415667803,0.69816220751042,1.1462888086768982e-05,2.72543297373059e-07,0.00033257721005883683,7.805601749160287e-06,1.1532679607326189e-05,1
0.1418119817536896,0.857924955013411,5.937976907089056e-06,1.3656123128983505e-07,0.0002445014434362483,4.710726491854389e-06,7.776524832907162e-06,1
0.12109290084434447,0.8786907195671404,5.937134570478922e-06,1.2126284293044216e-07,0.00020041824992743409,4.1830033405134615e-06,5.719937833836263e-06,1
0.047404849176650374,0.9524484691231987,6.891606526785645e-06,1.1051508178334221e-07,0.00013194266707251278,3.8020698432756846e-06,3.934841626455211e-06,1
0.04267050412177331,0.9571844374334716,6.8153404522325745e-06,1.0929206485198261e-07,0.0001304825214236612,3.759994176158559e-06,3.891296638262491e-06,1
0.06378584075446592,0.9359503241436362,9.270952755692484e-06,1.1561486249302473e-07,0.0002310452582774941,9.065789877326314e-06,1.4337486124524316e-05,1
0.26250372375828,0.7344842576445156,2.154065240295806e-05,2.2843592752490123e-07,0.002952497245495867,2.71980284943348e-05,1.0554234883619916e-05,0
0.46339613833733617,0.531991896633861,2.4105463752720874e-05,2.773047100274048e-07,0.004549590719651589,3.0338495061461663e-05,7.653045627084325e-06,0
0.10374610024846911,0.8961630986182144,1.673934339272492e-05,1.1037777147053923e-07,4.886248700915206e-05,2.15301419042742e-05,3.558783238918374e-06,1
0.051062975725986545,0.9488626782140169,1.1260930650346154e-05,1.0008267557805025e-07,4.130776170432014e-05,1.798541342050416e-05,3.6918715459688073e-06,1
0.059918341149000576,0.9399982504732813,1.647559600556779e-05,1.000846595803833e-07,4.603345420588669e-05,1.7235811952706208e-05,3.5634308946063465e-06,1
0.06757613437555415,0.9319493510632463,2.8053382862559653e-05,1.1877060571840824e-07,0.0004135165542411621,2.8596844296670058e-05,4.229009193813762e-06,1
0.05516864012691965,0.9433046019558009,8.308608522340424e-05,1.3228561029732954e-07,0.0014007239980069672,3.522176679214431e-05,7.593781646723324e-06,1
0.046588465950969146,0.9532183655424352,1.9706192210789796e-05,1.1422513727343902e-07,0.00013068237124163435,3.61087614608818e-05,6.556956545236617e-06,1
0.05354496418970802,0.9445272688994991,1.781578711061648e-05,1.0846124059176136e-07,0.0018682510113486415,3.5398620011237266e-05,6.19303108168414e-06,1
0.054129410812990116,0.9456446101432581,1.7160460667463948e-05,1.044716599700579e-07,0.00016798551472758984,3.3513284683666597e-05,7.215312013208363e-06,1
0.058098647199331964,0.9416712335818076,1.607208148008731e-05,1.4338910870943267e-07,0.00017559260800310023,3.597076846178892e-05,2.3403718068798615e-06,1
0.032560998722862285,0.967272954993605,1.4245601978880492e-05,1.5054188014100127e-07,0.00011167912029100982,3.7698146500894285e-05,2.272872881876544e-06,1
0.03202486073053686,0.9678275412523946,1.873541106396697e-05,1.6888380986885907e-07,9.361331537429185e-05,3.2814895393932245e-05,2.2655114267354883e-06,1
0.024807276461295217,0.9749648799036186,2.2412455437902372e-05,1.2036605495079712e-07,0.00016679343113803222,3.6228720269928254e-05,2.288662185305283e-06,1
0.20879137947033788,0.7909800407153493,1.987931620446859e-05,1.2496455811212553e-07,0.00017580436876286492,3.0154827344562373e-05,2.616337442703746e-06,1
0.3748342047399818,0.6249864482078995,1.5707480072690877e-05,9.873972958373716e-08,0.0001389103926227586,2.256316193496494e-05,2.067277758551186e-06,1
0.233990978811506,0.7658017770815839,2.160990707293629e-05,1.164278053612443e-07,0.00015669760112939574,2.6605090343806336e-05,2.2150805585895775e-06,1
0.02201847004087985,0.9400544202483406,2.5978320134627335e-05,1.4839109113451689e-07,0.03785817908026626,3.9926295103009836e-05,2.8776241846804676e-06,1
0.0050007982984950705,0.9759470955422541,3.10190642231792e-05,1.473478718335281e-07,0.018968288300952686,4.7262976794380436e-05,5.388469408601771e-06,1
0.010975765983853811,0.9607731456044665,3.29840199265287e-05,3.751763117617177e-07,0.028142514031084823,6.865102112293758e-05,6.564163233583593e-06,1
0.010463088942296027,0.9659640673127053,2.9993859770452443e-05,4.273473514207367e-07,0.02346277449766367,7.269701374585573e-05,6.951026467142054e-06,1
0.02055013902557557,0.976071360165711,2.5380528461313966e-05,3.0245165117587715e-64,0.0031750697150735034,0.0001754544777475878,2.596087430907037e-06,1
0.8487198049569838,0.1512373837318393,1.3112414732638273e-05,1.7409019600506805e-07,1.0352293280644277e-05,7.715974757849603e-06,1.1456538209832235e-05,0
0.4964864129407573,0.5034745653923779,1.4377699958373604e-05,2.943551645361664e-07,1.0168098355885466e-05,6.926505877463896e-06,7.255007508572842e-06,0
0.5697576106561737,0.4302112378543851,1.1527410721774e-05,1.5085566844886534e-07,7.85425324783567e-06,5.812983050047506e-06,5.805986753142779e-06,1
0.5629172429289652,0.4370487630686269,1.3532953881340374e-05,2.0307874266888768e-07,8.188939606314702e-06,6.060686563994788e-06,6.008343613606567e-06,1
0.5585671074209166,0.4413938452863475,1.1255116067262458e-05,2.1029101371953295e-07,8.910711525142434e-06,7.1277674693436694e-06,1.1543406660470105e-05,1
0.5123212195623954,0.4876369930421755,1.1948461044243718e-05,2.2324549745789557e-07,9.794320950599527e-06,7.566856834786516e-06,1.225451110199326e-05,1
0.4681467405754663,0.5318119248637222,1.1818979971496212e-05,2.2082626820403072e-07,9.688183500862603e-06,7.4848575934894986e-06,1.2121713477461793e-05,1
0.1329424946789379,0.8669349166494352,8.559122949424596e-06,1.7141030713541502e-07,0.00010036164323031886,6.25740123857698e-06,7.239093901401018e-06,1
0.19604054056116255,0.8038591084212628,7.2839124179854935e-06,1.4402116104851362e-07,8.168851450488658e-05,4.954785395622267e-06,6.279784095139903e-06,1
0.21644523081268985,0.78324010630672,7.969920669634495e-06,1.6278142711055524e-07,0.00029428626731330386,5.615201135994991e-06,6.628710044252018e-06,0
0.4005432485836654,0.5990425504678126,1.0288939837236304e-05,2.1646088557971756e-07,0.00038942816277321953,7.29801032050014e-06,6.9693747053065046e-06,0
0.26890500185626065,0.7309763164522142,9.866196614379637e-06,2.015118633691117e-07,9.402998777700539e-05,7.093075512722072e-06,7.4909197578052e-06,1
0.10044344636184134,0.8994590739405077,8.174867232300648e-06,1.530460008353641e-07,7.753240457987918e-05,5.3871113228550576e-06,6.2322685147671725e-06,1
0.0944454728922747,0.9054448868253191,1.1506228166607127e-05,1.7050566161196412e-07,8.51543594883244e-05,5.86593633793366e-06,6.943252751810864e-06,1
0.05211540387827641,0.9478597570794499,8.73356348662138e-06,1.0228056853665567e-07,8.319399743948015e-06,3.518776432240087e-06,4.165022042289083e-06,1
0.06543652539790178,0.9345333937804345,1.0198990957342124e-05,1.1944249277115103e-07,1.0694214692430219e-05,4.20429153147019e-06,4.8638819894661586e-06,1
0.07944234042471965,0.9205225431544686,1.1559347135734312e-05,1.3595665855329066e-07,8.662733591482183e-06,4.677340894443511e-06,1.0081042531644855e-05,1
0.024402265889006344,0.9755806415485434,5.54853331545136e-06,7.119589428508201e-08,3.68768764875521e-06,2.5060452814872435e-06,5.279100310376308e-06,1
0.030233758750506604,0.9697492760261514,5.813729340745779e-06,8.795443251818216e-08,4.202532013943026e-06,3.0259121241455593e-06,3.8350954306294095e-06,1
0.026260813220333287,0.9737215988179733,7.415706386534373e-06,7.582269426593389e-08,4.150406293877017e-06,2.6085415189718705e-06,3.337484799709125e-06,1
0.0975078630664775,0.9024655317824805,7.1301880937746115e-06,1.3779416551019443e-07,8.601385158248348e-06,4.670502809496385e-06,6.065280815080413e-06,1
0.11645550940540877,0.8831541419528969,1.1407471149050605e-05,1.856565034221228e-07,0.0003647363818311021,6.38717341994184e-06,7.631958790796264e-06,1
0.12307034414715615,0.876542229635299,1.132206680634293e-05,1.8426654841482993e-07,0.00036200570905140774,6.339354552765878e-06,7.574820585879193e-06,1
0.1107810347419366,0.888599236618631,9.075768808192825e-06,1.4770806612444332e-07,0.0005994531873512006,4.97999898739355e-06,6.071976219259292e-06,1
0.35089476775124584,0.6488729128913954,1.4074946451623194e-05,2.2906964303648086e-07,0.00020087564075962593,7.723116416697151e-06,9.416584087560227e-06,1
0.14078634189631908,0.8589441874169865,5.597466358759161e-06,1.2873019043624186e-07,0.0002519733144908937,4.440592052823731e-06,7.330583601341751e-06,1
0.05883727956650853,0.9409867292939835,6.62924211878987e-06,1.346251619252343e-07,0.00015958115053889564,4.643941115362463e-06,5.0021805727864646e-06,1
0.05908645090371126,0.9407560423291057,7.545584279035915e-06,1.3227387195376677e-07,0.00014025814679719328,4.65594703181139e-06,4.91481520328151e-06,1
0.09854953746480047,0.9012766093615358,8.229018077582444e-06,1.3196206172043287e-07,0.0001562538273902031,4.539914075323676e-06,4.698452059134945e-06,1
0.08050846038623494,0.9192634202647345,8.021065657746035e-06,9.762842446170396e-08,0.0002069567738683919,4.359793863268566e-06,8.684087216823685e-06,1
0.17280978003926356,0.826576870218694,1.076850146679849e-05,1.8756272541033021e-07,0.0005728939929323686,1.997288082604662e-05,9.526804091795655e-06,0
0.4163342351968889,0.5788383963011742,2.581244153525463e-05,2.959940442390305e-07,0.004760708033273716,3.238319986876688e-05,8.168833214851112e-06,0
0.4271953434807381,0.5678448988998807,2.648582291704837e-05,3.0371578099299733e-07,0.004891613018904975,3.322799573376671e-05,8.127066044506624e-06,0
0.39516943085290684,0.6008249865728784,2.0488867336961266e-05,2.512568270678052e-07,0.003949737001097235,2.7342898356699496e-05,7.76255059663117e-06,0
0.1045253358296295,0.8953929229582891,1.5814336648983187e-05,1.0825473341309169e-07,4.890276316170275e-05,1.2785238438025773e-05,4.130619099170168e-06,1
0.05444272923410831,0.945477013225578,1.3370358037202278e-05,1.08026478804706e-07,4.458645833005935e-05,1.8207793177270453e-05,3.98490429044609e-06,1
0.052432290061301526,0.9474961742968734,1.3649606802514637e-05,8.79632566475106e-08,4.045827366212569e-05,1.4207939658718775e-05,3.131858445061475e-06,1
0.05059288985161863,0.9493347597985095,1.4022878566558433e-05,8.721712978914524e-08,4.011509622903708e-05,1.5019864726553142e-05,3.1052932200855212e-06,1
0.06126624477181507,0.938643182318393,2.049625943110399e-05,1.0773475313187486e-07,4.757964561464051e-05,1.855325235193361e-05,3.836017640923145e-06,1
0.0424589058783215,0.9574416879455028,2.608498484073557e-05,1.0345137405876022e-07,4.5650926745247225e-05,2.388331012769642e-05,3.683503088194593e-06,1
0.05303840051576869,0.9459193247245778,0.00017975807891065757,1.390550792507938e-07,0.0008141700163481997,4.022523008070428e-05,7.982379234785538e-06,1
0.030357151569281947,0.9694596328565896,1.898470198439851e-05,1.092240876516837e-07,0.00012477790782350584,3.3073862922831654e-05,6.269877310024819e-06,1
0.0675735233008827,0.9305543401898928,2.9161062136979397e-05,1.199762679274691e-07,0.0018038818020389416,3.2424929291798976e-05,6.548739488658244e-06,1
0.05627656337899498,0.9416159088198018,3.0415791763888423e-05,1.2779083393880795e-07,0.002035969076724596,3.403985505998035e-05,6.975286820969991e-06,1
0.054658406308860305,0.9451079619218328,1.621174668953357e-05,1.446351495489485e-07,0.00017396173824641727,4.095293975490105e-05,2.3607094662549073e-06,1
0.027019209981397556,0.9728319770287437,1.9435072914019155e-05,1.6975707307343805e-07,9.40973704405442e-05,3.283356351413687e-05,2.2772259171301422e-06,1
0.021156724754502174,0.9786116532303806,2.2008125392616023e-05,1.213738993375437e-07,0.00017065262111589855,3.653206918651428e-05,2.307825522822347e-06,1
0.036000794835022304,0.9637548491652702,2.3781832116374203e-05,1.2772029014318674e-07,0.00017957569462280482,3.8442255719713134e-05,2.428496958435824e-06,1
0.06366082408939794,0.9361072114059349,2.5403787088681395e-05,1.4147526170901185e-07,0.0001758367704743369,2.7474812097003883e-05,3.1076597457682897e-06,1
0.28234586647656024,0.7174648109428095,1.8277407130665665e-05,1.1489470171039514e-07,0.00014536773327272615,2.278521835527182e-05,2.7773271698223494e-06,1
0.03187204560334355,0.9342884441960634,2.4343282738457464e-05,1.5251116586228084e-07,0.033778124847351224,3.3474894914642376e-05,3.414664422914045e-06,1
0.0236729369350177,0.9399013497952527,2.3713746192918244e-05,1.4856710648686138e-07,0.03636321798782343,3.530661010657457e-05,3.3263585001643183e-06,1
0.01894227432222757,0.9402570220543452,2.9191019534500023e-05,1.6649729533865616e-07,0.04071616315076535,4.714445582506299e-05,8.03850000693272e-06,1
0.007499522129231244,0.9739437378527588,2.948514543225958e-05,1.681749060301273e-07,0.018472744404459986,4.764124145642914e-05,6.701051755210932e-06,1
0.005073943014903526,0.6632574761050783,2.2018543537802272e-05,2.144573576654083e-07,0.3316139770392989,2.520933272827474e-05,7.1615070954851195e-06,1
0.03009634205208785,0.9523528859001285,3.4985373890361364e-05,7.486879379802286e-07,0.0174255387209325,8.499961706563786e-05,4.499647957310347e-06,1
0.034283855125860324,0.9490242046480664,4.3597919406243944e-05,8.918616241793608e-07,0.01655568300556055,8.731688750888084e-05,4.4505519732573264e-06,1
0.019038226953429726,0.9780092515908537,2.3585486741751365e-05,4.6888048662423e-07,0.0028765209872140167,4.9538453478328584e-05,2.4076477957730894e-06,1
0.8290948726093221,0.170878861027854,9.175708888909405e-06,1.4690511607593256e-07,5.370895338475494e-06,4.420428979108983e-06,7.152424501442028e-06,0
0.7712112619481134,0.22875178785499792,1.261570939453752e-05,1.544117402942863e-07,7.61567792869738e-07,5.649901794770867e-06,1.776860616605787e-05,1
0.7824458093404645,0.21750939300313635,1.2417707480482628e-05,1.7422469783729956e-07,1.0559651128239672e-06,6.233615622974369e-06,2.4916143484953926e-05,1
0.7169517388945541,0.2830077263641175,1.0130802847743574e-05,2.0691630615778826e-07,7.673363868958189e-06,7.137648919885655e-06,1.5386009385751282e-05,1
0.6739559766727218,0.3260059659941573,1.2484104374038095e-05,2.3192076353969294e-07,9.182678689849859e-06,7.978810917521728e-06,8.179818375937219e-06,1
0.22660283362882502,0.7733631242954214,8.817549772664172e-06,1.7434500622583964e-07,1.317864525594684e-05,5.909385483663355e-06,5.962150234977525e-06,1
0.12956495777789528,0.8703760250114994,8.121786208867772e-06,1.6868727698383597e-07,3.228108061091813e-05,5.937673215249604e-06,1.2507983293476192e-05,1
0.13678009010424239,0.863165100012138,7.3592580788930766e-06,1.8736994197646709e-07,2.8877815203774434e-05,5.918289594775983e-06,1.2467150800298817e-05,1
0.4074124779508724,0.5924563782077982,1.0550424923264758e-05,1.8834790567007407e-07,9.844833614763516e-05,6.384010667924539e-06,1.55727216849958e-05,1
0.26013073637823675,0.7397477078577203,1.0527443100161593e-05,2.0815387269260493e-07,9.458283687163049e-05,7.161154381418449e-06,9.076175817222291e-06,1
0.14117652946530404,0.8587123307185561,7.776559930546012e-06,1.5376203417755263e-07,9.249642272873276e-05,5.289902371273602e-06,5.423169075035277e-06,1
0.4200517657717131,0.5795572497714392,1.0110637311487419e-05,1.8890752941834073e-07,0.0003681036515781407,6.499019040471334e-06,6.082241388064851e-06,1
0.0857466401215394,0.9142083686409138,1.34640594274223e-05,1.5835916240082557e-07,1.4178596259478688e-05,5.448058184048941e-06,1.17421645134992e-05,1
0.07936939426749019,0.9205894174441939,1.3558036712299233e-05,1.5946448759624952e-07,1.0160579026050869e-05,5.486084881624689e-06,1.1824123208460799e-05,1
0.10038211194858121,0.8995789330654896,8.258284014421462e-06,1.2709721397638123e-07,2.167181557821163e-05,4.372547860673909e-06,4.5252412620132496e-06,1
0.09347790809756334,0.9064576679802497,7.36049726688383e-06,1.4470390557912166e-07,4.686189419973777e-05,4.904706923185268e-06,5.1521198916508004e-06,1
0.09818060936563221,0.9016798105675822,8.111211344021518e-06,1.248337259893783e-07,0.0001226681593888663,4.231211574122551e-06,4.444650752478088e-06,1
0.3604166539159078,0.6393968083341487,1.8858443846633232e-05,3.0692102559818987e-07,0.0001441964318628977,1.0559058156259834e-05,1.2616895051979036e-05,1
0.10564536047142611,0.8938145860368248,8.859587763517203e-06,1.441897213189903e-07,0.0005201617855926601,4.960584404325985e-06,5.927344266852124e-06,1
0.4182411538675114,0.5815620692423368,1.5592330003619865e-05,2.537650484364225e-07,0.0001633398748367016,8.555725610709413e-06,9.035194652297352e-06,1
0.15923831106293068,0.8404809712112746,5.835918137613487e-06,1.3421408992475666e-07,0.0002627073647224155,4.6297610457744864e-06,7.4104677988378595e-06,1
0.15817429979686212,0.8415867387744308,6.07014227504142e-06,1.3960076237320819e-07,0.0002207506721795575,4.815576158645042e-06,7.185437331423136e-06,1
0.055795729864492175,0.9440120800579507,8.52926517130016e-06,1.355960670665752e-07,0.0001731782536284141,4.772885957436741e-06,5.574076732950224e-06,1
0.0509983217584976,0.9488312269115068,8.701994153509747e-06,1.1941890872582854e-07,0.0001525173886731987,4.203461389702997e-06,4.909066870472912e-06,1
0.0877560312708445,0.9120723126200511,1.027741081526448e-05,1.290202595716376e-07,0.00015221726082440858,4.438706737335676e-06,4.593710467624674e-06,1
0.07929578890327599,0.9205004467296035,7.3269666891357515e-06,1.4803999937996386e-09,0.00018826998329008065,3.982521247263261e-06,4.183415494196686e-06,1
0.13397438145763949,0.8655091813013192,9.662060237863519e-06,1.675749855366512e-07,0.00047255055618125927,1.724664728660354e-05,1.681040235023164e-05,1
0.3768280730460218,0.6186869728099319,2.3471220064606365e-05,2.69147005743662e-07,0.004424207653285104,2.9578214099447457e-05,7.4279095913870875e-06,0
0.10055871111846827,0.8993467484924581,1.3107411080067996e-05,1.149774735645322e-07,6.548030809386906e-05,1.1758653749868237e-05,4.079038676213078e-06,1
0.08307748609692699,0.9168328713824767,1.5983560782655205e-05,1.099625294129997e-07,5.0576732571401366e-05,1.8886503656589804e-05,4.0857610561549055e-06,1
0.048373690993415895,0.951557985339956,1.4190108377222705e-05,8.552353869225104e-08,3.84734421002524e-05,1.2529598291287369e-05,3.044994320505851e-06,1
0.05385895135032045,0.9444211599647961,9.674863687200061e-05,1.2651534245577195e-07,0.0015742960156224577,3.84193893364055e-05,1.0298127710134128e-05,1
0.054405910872917365,0.9441775236438371,0.00016104715494247898,1.3324960582879313e-07,0.001204270396394157,3.920992118111481e-05,1.1904761121788032e-05,1
0.03500047275867744,0.9648177980780657,1.984441978252791e-05,1.0994223403132491e-07,0.00012217237663499824,3.3291322966943225e-05,6.3111016387218735e-06,1
0.03804539076542898,0.9617639742876615,1.914642154770562e-05,1.0835705692901885e-07,0.00013108554308956377,3.4074518760505926e-05,6.220106454785756e-06,1
0.03503274326879069,0.9647726232868109,2.0162657380553504e-05,1.1516922308336578e-07,0.00014003238826498985,2.7712078874965216e-05,6.611150655030906e-06,1
0.060271980190266014,0.9376279120890976,3.0970626700332833e-05,1.2742129177005516e-07,0.0020300815149571637,3.112005854310281e-05,7.808099144029374e-06,1
0.07358985723001506,0.9261613027504899,1.834265195348904e-05,1.2930388346546364e-07,0.0001864913052645725,4.116464940142184e-05,2.712108992070958e-06,1
0.04803394949579718,0.9517527686004236,1.4957146555753984e-05,9.487327209469431e-08,0.0001562623773641014,3.958110741336825e-05,2.3863991740907794e-06,1
0.027741364287388208,0.9721074556340215,1.9166408653404768e-05,1.702794099750329e-07,9.711126131083845e-05,3.244789635022395e-05,2.2842328659909453e-06,1
0.024801509255471428,0.9749658822996436,2.1926135173583217e-05,1.2092172667794547e-07,0.00017001686293412676,3.824529722140797e-05,2.2992278291646585e-06,1
0.026387557423767718,0.9733666103939889,2.335833875553983e-05,1.2882027006981445e-07,0.00018112227472510451,3.8773336314492304e-05,2.4494121779609456e-06,1
0.24829320761526583,0.7514841126724644,2.17237810758318e-05,1.505656166851147e-07,0.00017709968417178173,2.0322098587124263e-05,3.3835828181653974e-06,1
0.3001466172690752,0.6996378262705665,2.0740640752251016e-05,1.4375155753992165e-07,0.00016908478841330787,2.2356825625289538e-05,3.2304540099205776e-06,1
0.2525942462619706,0.7471951546945796,1.8041402974977903e-05,1.203381213040762e-07,0.0001624931079455907,2.7498642434813108e-05,2.4455519730132075e-06,1
0.029103920162113765,0.9415881086292164,2.5757008542347477e-05,1.543155891525807e-07,0.029245452810297914,3.321732446493241e-05,3.3897497755111325e-06,1
0.01323166321900331,0.9551365807288034,2.915318902507881e-05,1.3848452452011654e-07,0.031563169776118005,3.660908809278295e-05,2.6855144329507998e-06,1
0.009847366917292955,0.9653441311953269,3.140763166633403e-05,1.7914022219254812e-07,0.024715413771201032,5.7490465873890904e-05,4.0108784165100795e-06,1
0.017565524218258355,0.9590593486047353,3.517715079466528e-05,5.011979897778027e-07,0.023259971332764952,7.550995180222402e-05,3.967543654700067e-06,1
0.8161240657535541,0.18384096279033718,1.008898342722317e-05,1.6189161129231265e-221,8.946334093502379e-07,5.383886474954287e-06,1.8603952797162424e-05,1
0.800145698400666,0.19982492622214162,1.2310383336911319e-05,1.5982338839774975e-07,1.0987828482137757e-06,5.513162576465829e-06,1.0293225042258792e-05,1
0.5272720702733277,0.47267507253493124,1.7177107062160378e-05,3.191040114614737e-07,1.329025927231353e-05,1.0815959997537899e-05,1.125476139759737e-05,1
0.1615213414224011,0.8384456338952826,8.140772445406663e-06,1.6908161592105395e-07,1.2132834666416944e-05,5.95155366780723e-06,6.6304399207824976e-06,1
0.2121419859252801,0.7878059353330171,1.1603718525926297e-05,2.2943452895693248e-07,1.6599733050967046e-05,8.075933654270367e-06,1.5569921942615945e-05,1
0.37549266443795193,0.6243768180323822,1.0797293707252841e-05,2.13489493923712e-07,9.778270973755014e-05,7.236179249511762e-06,1.448785747756709e-05,1
0.24396065008817788,0.7559311563543689,8.538436788676556e-06,1.688262446440345e-07,8.631677013952849e-05,5.808159059891479e-06,7.361365220494783e-06,1
0.20395504030629266,0.7959162925942647,8.144329715438532e-06,1.8742835814429784e-07,0.00010194416896087091,5.920134734901408e-06,1.2471037673325725e-05,1
0.3733085809210411,0.6263189457204439,1.080720555322837e-05,2.019222367572199e-07,0.0003481551181370586,6.807837655500857e-06,6.5012749325393195e-06,1
0.2530606389877543,0.7467515826287792,1.3286755089610295e-05,2.487483493932529e-07,0.00015669652239559754,8.580659592947517e-06,8.965698039023737e-06,1
0.3428136678484796,0.6570150232389955,1.3376758056792306e-05,2.504333424089311e-07,0.0001399288176181395,8.443396656180812e-06,9.309506851355988e-06,1
0.10147523322804038,0.8984231018468866,7.586254167102785e-06,1.420262652105415e-07,8.325387199670235e-05,4.899244710575744e-06,5.783527933498938e-06,1
0.08727679879944664,0.9126238094394662,1.0616966097240703e-05,1.547128304845298e-07,7.687415522701411e-05,5.4457825512914695e-06,6.300144381403836e-06,1
0.08249839312085694,0.9174628828059228,1.3570156460291399e-05,1.589229093045633e-07,1.3055955717322759e-05,5.46745286817127e-06,6.47158526539667e-06,1
0.08786416913313898,0.9120909438348387,1.343287492463277e-05,1.5799238210189297e-07,1.414575679698309e-05,5.435439776758494e-06,1.1714968142003652e-05,1
0.034687106241328924,0.9652865231410602,9.105607714875296e-06,1.0709670576329355e-07,5.532338803912966e-06,3.6844668503712176e-06,7.941107535940448e-06,1
0.026260813220333287,0.9737215988179733,7.415706386534373e-06,7.582269426593389e-08,4.150406293877017e-06,2.6085415189718705e-06,3.337484799709125e-06,1
0.04046532939736222,0.9595075692841302,1.1426873917708299e-05,1.1683531174468191e-07,6.395367744536554e-06,4.019505828942205e-06,5.1427357045573255e-06,1
0.05129054263165497,0.9486780110201539,1.1443467797912349e-05,1.1700497767262128e-07,7.1024107138775034e-06,4.025342875774549e-06,8.758121825921385e-06,1
0.048999942261074465,0.9509733747170634,1.0132531570877662e-05,1.1842654963400475e-07,8.14128826192805e-06,4.074249466596409e-06,4.216526013081991e-06,1
0.07675414813259449,0.9232213100566806,7.788975202138005e-06,1.1987442502511356e-07,8.240823129428605e-06,4.124060978948613e-06,4.2680769893552915e-06,1
0.09955131173590293,0.9004078626581531,7.311372440527965e-06,1.4373813465674495e-07,2.33807890015254e-05,4.871972331052217e-06,5.117734036203144e-06,1
0.11574945447690277,0.8840793277988399,6.713381315234616e-06,1.319819111036268e-07,0.00015519970451325838,4.473497729964382e-06,4.699158787827451e-06,1
0.06317984215440593,0.9365932931691858,6.70840699704041e-06,1.3623282451505924e-07,0.00020744249051465435,4.699397987567857e-06,7.878148084640002e-06,1
0.044515024667759306,0.9553282564235199,8.000917490459054e-06,1.0979791742685232e-07,0.00014022981641999448,3.864809279351161e-06,4.513567613689826e-06,1
0.02666746515304893,0.9732916029124731,6.371402689967087e-06,7.998512890756986e-08,2.8880968291535255e-05,2.7517424918182354e-06,2.8478358758300367e-06,1
0.08812188158535729,0.9116829708466697,1.0273023635325766e-05,1.289651839203228e-07,0.0001757170176706853,4.43681195999322e-06,4.5917495229110605e-06,1
0.08813579020619748,0.9116312376909437,7.889666534725378e-06,3.287876974387247e-08,0.00021615495553651447,4.127479791575645e-06,4.767122226248024e-06,1
0.08567253655749595,0.9141136427831081,7.341984065213637e-06,3.059640131567897e-08,0.0001977887130954813,4.223166246908377e-06,4.436199586888755e-06,1
0.07311837470881115,0.9266660678253127,7.558127561653224e-06,1.0257114964463621e-07,0.00019707229747307453,4.108167114836509e-06,6.716302577002291e-06,1
0.10355664673644484,0.896181249998733,8.826967498219094e-06,1.103849978789838e-07,0.0002291124063049138,1.036457934413988e-05,1.3688926677061612e-05,1
0.28446345298694975,0.7137373964533666,2.385610825960632e-05,2.2090068547023764e-07,0.0017343493825551523,2.247098463177892e-05,1.8253183551768412e-05,0
0.11519295922680203,0.8847026836379633,1.1811445004017804e-05,1.3925636422262322e-07,7.474000233674959e-05,1.2861512362191991e-05,4.8049191674282236e-06,0
0.04090750921037191,0.9590279711350509,1.2045812023852458e-05,8.477331006693875e-08,3.6951099897805705e-05,1.2419686289918797e-05,3.0182830555361304e-06,1
0.040336059805044074,0.9595433455890224,3.245312736194482e-05,1.125327694538985e-07,6.343434131535771e-05,2.0587748052453224e-05,4.006856434512716e-06,1
0.047548723852386225,0.9523352396682284,3.414720628694049e-05,1.1212343368411905e-07,5.7272007575321457e-05,2.0512860517578075e-05,3.9922815718218185e-06,1
0.043572992768367805,0.9563104863916821,3.428974387691201e-05,1.1259146037662123e-07,5.751107292854595e-05,2.0598485493074702e-05,4.008946191145386e-06,1
0.07737719349641742,0.9223769535122394,3.363434633475059e-05,1.2916097979991833e-07,0.00017260518856682857,3.243422111463234e-05,7.050074347377293e-06,1
0.1360724243745915,0.8637127665139267,1.769366741564779e-05,1.1875631790489264e-07,0.00015265084561431807,3.721589395452365e-05,7.129948179342158e-06,1
0.07775550034485446,0.9219870537710575,1.7983025685013456e-05,1.2676874987474853e-07,0.0001872671268331469,4.4457960447225235e-05,7.611002372865812e-06,1
0.05781171257106958,0.9419369244403678,1.7332020010163854e-05,1.0825084982384174e-07,0.00018548470433601077,4.446099917052437e-05,3.977014196139488e-06,1
0.023102116960213057,0.9766766431454981,2.1241144281242595e-05,1.1915159228554817e-07,0.00016048549282023214,3.712853542510985e-05,2.265570170047688e-06,1
0.027178625981867006,0.9725761347178709,2.294612884576238e-05,1.2871565451284572e-07,0.00018097518446019866,3.874184830276962e-05,2.447422998625236e-06,1
0.028063192766385615,0.9716894319084644,2.3318090710455843e-05,1.2859830376939545e-07,0.00018081018842671046,4.067325603882952e-05,2.44519167012434e-06,1
0.059549601601375436,0.9065138449537241,2.5274851772641462e-05,1.7550900220775505e-07,0.033869211256047346,3.8802544271209555e-05,3.0892838069023282e-06,1
0.20144636305481922,0.7983414567288349,2.206067263705207e-05,1.4978776672250586e-07,0.00016080283091425207,2.6657505576392355e-05,2.509419451334549e-06,1
0.007069550539104556,0.9728895710254138,2.517344234224855e-05,1.463487697386082e-07,0.019974469821537347,3.7874074976141374e-05,3.2147478559490775e-06,1
0.011884476739142797,0.9614810877277548,3.217639758190914e-05,1.8706127420760658e-07,0.026535861722600366,5.8897662414652544e-05,7.312689231531235e-06,1
0.031245384280981846,0.9336098586873458,3.632107348880744e-05,5.857256632154552e-07,0.03502804562562581,7.516793199574757e-05,4.636674898707643e-06,1
0.02370412382645283,0.9726011534919686,3.073219348162147e-05,5.056821848798549e-07,0.0035985729475547174,6.068233820915963e-05,4.2295201479591744e-06,1
0.022092970972326514,0.9719218127038995,2.892864730222538e-05,5.051511378220472e-07,0.005892256926476168,5.730889630366851e-05,6.216702554389498e-06,1
0.02027321451308404,0.9727469661389927,4.164818423755107e-05,5.960855056111898e-07,0.006858802016274511,7.103097443553195e-05,7.742087470012066e-06,1
0.010822243910067128,0.9835207882807835,4.797080298044442e-05,4.858171135070841e-07,0.005553315036273969,5.136625644919971e-05,3.8298963321870615e-06,1
0.007342498353224342,0.986707413901388,4.899593055877715e-05,1.1888692238107135e-84,0.0058425699895973595,5.481594261034729e-05,3.7058826211704822e-06,1
0.822196697579982,0.17776874886406,1.219763476685079e-05,1.8740691315379525e-07,8.759014199786424e-06,7.363010034060901e-06,6.046490044081737e-06,0
0.7831405494600832,0.216826299010629,1.2347702319515863e-05,1.9768942808462818e-07,8.27934518928798e-06,5.9485476075393e-06,6.378244743580901e-06,0
0.7503644395405964,0.24959570114450247,1.608102913439017e-05,2.0877697264511138e-07,9.390927902232745e-06,7.038946075482402e-06,7.139634816391211e-06,1
0.45741126941200977,0.542536758488124,1.6844051797244702e-05,3.1471489999911255e-07,1.3046183188800932e-05,1.0667192033812803e-05,1.109995794642766e-05,1
0.26413176403199906,0.7358341425560906,1.0151142577458696e-05,2.0071347046467393e-07,9.757234174488274e-06,6.905180911769154e-06,7.07914077613012e-06,1
0.25476788558773145,0.7451972255119566,9.382608617577615e-06,1.855176324513034e-07,9.158814793755333e-06,6.288079182212014e-06,9.873880086120952e-06,1
0.16376404925796706,0.8362044771268641,8.86137648586547e-06,1.7521156992924244e-07,8.62991752345818e-06,6.167323726912639e-06,7.639785862825504e-06,1
0.13186416775410137,0.8681063328826683,8.000160337306857e-06,1.5818317330507705e-07,8.875790340325753e-06,5.567936171776266e-06,6.8972932075264204e-06,1
0.3079682884397862,0.6919673612273212,1.103744361639575e-05,2.1699093702374148e-07,3.627953831114283e-05,7.354859890128359e-06,9.461500137831718e-06,1
0.5140486750588406,0.48581284393291596,1.1299027100402509e-05,2.0171207377415095e-07,0.00010346560348015601,6.836986194468552e-06,1.6677679394484972e-05,1
0.3556470619045796,0.6442250147171757,9.639115227635138e-06,1.8950046025307536e-07,9.85645700480306e-05,6.670282591792482e-06,1.2859909916976896e-05,1
0.2599515507821862,0.7399443545873382,7.656153152050972e-06,1.5138129110407086e-07,8.573989824151701e-05,5.207997247572767e-06,5.339200543526374e-06,1
0.3998123451478325,0.599582005680423,1.004049309766247e-05,1.87596952277807e-07,0.0005829271058353868,6.4539310240404315e-06,6.040044835333735e-06,1
0.41791930272228967,0.5817384562404015,1.0037964072084673e-05,1.8754969986838723e-07,0.00031965373460528907,6.323265478566651e-06,6.038523453093738e-06,1
0.3825363888865002,0.6170716941434042,1.032715755411786e-05,2.1092674749696736e-07,0.00036666497502179204,7.111426048081511e-06,7.602484724115761e-06,0
0.3406842762314638,0.6591705599385986,1.1436873231700098e-05,2.1411573551392364e-07,0.00011816739431030355,7.385995703770473e-06,7.959450956395144e-06,1
0.08092579476761066,0.9189730958280989,9.32393902110312e-06,1.3587054757525571e-07,8.144235867383609e-05,4.6743784032841205e-06,5.5328576448616156e-06,1
0.08267943111542359,0.9172159259888882,1.0899644918743716e-05,1.6151697509348887e-07,8.131923053644655e-05,5.6852836441994584e-06,6.577219613588145e-06,1
0.08492889992338738,0.9149861859254326,1.0873148022795729e-05,1.611243294142222e-07,6.164718555695542e-05,5.671462793127871e-06,6.561230477700919e-06,1
0.04240201257958426,0.9575682964496927,9.603363050841593e-06,1.2322536095169173e-07,6.4899062161684215e-06,4.337445824277756e-06,9.137030270896037e-06,1
0.027045981307511537,0.9729317960566166,7.65147151797749e-06,8.999370711724997e-08,4.648842132391539e-06,3.0960693725573805e-06,6.736259141935568e-06,1
0.053150944048491314,0.9468224893978534,1.008830427949161e-05,1.1790963187442315e-07,8.105752510008656e-06,4.056465853776832e-06,4.198121380112138e-06,1
0.06578298929421976,0.9341923930233221,8.027173381895874e-06,1.1871290287898561e-07,8.160973749002802e-06,4.084100927769829e-06,4.226721496359378e-06,1
0.36231796360765944,0.6375463182736802,1.5444094990911035e-05,2.885580541515803e-07,9.993086954197163e-05,9.780611520290082e-06,1.0273984553081128e-05,1
0.41973732539370445,0.5801188216359949,1.1862558666225717e-05,2.216404941823747e-07,0.00011625222033163152,7.625136998329079e-06,7.891413810167994e-06,1
0.36956814597691723,0.6302098276548139,1.3442231810825548e-05,2.1877221722320132e-07,0.00019184562708781077,7.526459160402714e-06,8.993277992650402e-06,1
0.4619067351023595,0.5378430713022256,1.5063860566711612e-05,2.4516421249830047e-07,0.0002178898578490955,8.265747172927282e-06,8.728965613459185e-06,1
0.1748194055762402,0.8248064400599865,5.962531424233223e-06,1.4750122856178838e-07,0.0003559320155832396,4.541073775904637e-06,7.571241761267748e-06,1
0.31012823376522886,0.6895035959278862,9.108530610165384e-06,2.2532702300429818e-07,0.00034111729462364405,6.937071949464129e-06,1.0782082678654531e-05,1
0.22963674524559854,0.7700631698993048,7.415732354055454e-06,1.8345054391881018e-07,0.0002778243512629594,5.883062093933942e-06,8.778258841768059e-06,1
0.07062072073623067,0.9291329578117457,8.568805978067747e-06,1.3622467665704323e-07,0.00022785569173144844,4.699116924412191e-06,5.061612713130213e-06,1
0.08067184016462178,0.9191458233938011,7.3161842065275e-06,1.478221413240501e-09,0.00016686485953232514,3.9766605046248e-06,4.177259112337308e-06,1
0.10406327062542649,0.8957189748951357,7.239338397214701e-06,1.1609137461865967e-07,0.00019673559069122073,3.934891505073436e-06,9.728567469603569e-06,1
0.42989947513616944,0.5678896588491101,2.6776840443486475e-05,3.549084381095644e-07,0.0021397136441046443,3.3940065847495815e-05,1.008055588667219e-05,0
0.37970627854625627,0.618655545712748,1.9597211476697227e-05,3.0731173849616625e-07,0.001586778653946015,2.4485825034026506e-05,7.006738800522703e-06,0
0.11552178062762815,0.8842555869498117,2.0009202981702052e-05,1.2413263312892e-07,0.00017665463899625838,1.84984314666928e-05,7.346016482501705e-06,1
0.03772342960240575,0.9622098728234473,1.3891177097038578e-05,8.531056337454919e-08,3.718527856352324e-05,1.2498396411459081e-05,3.0374115118109937e-06,1
0.05286718668537881,0.9470422093029495,2.0453616632474e-05,9.955981377511339e-08,4.852313672917629e-05,1.7145427036159326e-05,4.3822714600637864e-06,1
0.046322067824806974,0.9535499715546155,4.825057761841887e-05,1.0459050063671478e-07,5.097497645417348e-05,2.4906413026905203e-05,3.724062977378441e-06,1
0.055064416284409196,0.9447230828908268,2.1757329882473336e-05,1.2611436882099756e-07,0.00015303223135416057,3.0345705584070363e-05,7.239443574575695e-06,1
0.10320700546647027,0.8965709739807883,2.129629575358487e-05,1.1946772183866078e-07,0.0001657682608319911,2.730760136439486e-05,7.528927069449875e-06,1
0.030272323364927318,0.9695315079427993,1.6594903200490694e-05,8.899797833503592e-08,0.00013555876122057454,4.02188822766044e-05,3.70714759735081e-06,1
0.024881553972901004,0.9748778848212074,2.339460552249752e-05,1.2902027978638476e-07,0.00017377764567090583,4.080671921896624e-05,2.453215199296115e-06,1
0.04377974643825593,0.9559535546763612,2.8912438252677672e-05,1.4533731538519507e-07,0.0002044654530451573,3.0410562463034697e-05,2.7650943067119828e-06,1
0.21813748494305032,0.7815748236382601,2.9723316444597654e-05,1.9328181143405473e-07,0.00022734372238987445,2.6087576390534215e-05,4.3435216527546456e-06,1
0.16656412043547056,0.8331653698024682,2.359236191214464e-05,1.7109699429076295e-07,0.00021907293821561875,2.4503676115995827e-05,3.1696888231898016e-06,1
0.1686683770800729,0.8311074739890713,2.2846612150889116e-05,1.513393024562725e-07,0.00017018943320643143,2.8297723863205505e-05,2.663822332788267e-06,1
0.09800283017709246,0.9018057935961418,1.768985777719686e-05,1.6724083579079252e-07,0.0001427456789153641,2.8454159778830387e-05,2.3192894587230113e-06,1
0.014611432155975528,0.9700078130298203,2.2862720004411593e-05,1.935062006950806e-07,0.015314957530009306,4.005749129076849e-05,2.6835666989758973e-06,1
0.014894221634141277,0.9678194697490287,2.245483419698236e-05,1.9306964957828093e-07,0.017221824738929723,3.516985442510987e-05,6.666119628703498e-06,1
0.014490845975366812,0.9590035793911769,2.5446763923297473e-05,1.479377569174649e-07,0.026436827393838777,3.8143525424046134e-05,5.0090125129880575e-06,1
0.004087865711344013,0.5899328406662503,1.3359467103165653e-05,1.7693892880888316e-07,0.4059360658452254,2.3478502337394657e-05,6.212868811049747e-06,1
0.011526474139487325,0.9821992298293731,3.7319628059254086e-05,3.753944015709777e-50,0.006166158325759764,6.3857833097271e-05,6.960244223218659e-06,1
0.013169717304793044,0.9817916148406016,3.962699834234747e-05,4.816498177443092e-07,0.004931104959806797,6.40056080599787e-05,3.4486385784597194e-06,1
0.007642677302478302,0.9890716096751068,3.693511182095222e-05,2.008629858112944e-07,0.0032045335359798667,4.098746378544018e-05,3.0560478428626676e-06,1
0.006442679151872556,0.9793341425977424,4.2481188677035904e-05,3.4861245047431583e-07,0.01412454461256784,5.049120442015548e-05,5.312632269336301e-06,1
0.7464052716076935,0.25354899202325826,1.8369952496735063e-05,2.3849363357603874e-07,1.0675432547659867e-05,8.040847631894737e-06,8.411642738212342e-06,1
0.4447557548868949,0.555197623168213,1.777056667229584e-05,2.584381579388373e-07,1.071815197736398e-05,8.759704289838814e-06,9.115083794511836e-06,1
0.4616409580904933,0.5383176562281954,1.3411486800836357e-05,2.505807259542538e-07,1.039228233476075e-05,8.493378367957103e-06,8.837953081615694e-06,1
0.23166126107854793,0.7683021406015205,1.130614125168506e-05,2.235506821890813e-07,9.60682041437871e-06,7.577201003853043e-06,7.884606579481984e-06,1
0.20406989972801068,0.795894583727628,8.929021584122612e-06,1.7554035405135496e-07,1.2718714769439053e-05,6.039145749582137e-06,7.654121904041566e-06,1
0.4466034977582222,0.5532728517223722,1.2146607406399453e-05,2.387965741323368e-07,9.275886249516782e-05,8.093957144366008e-06,1.0412295785513122e-05,1
0.298407664962622,0.7014822457457216,8.603913455237007e-06,1.6914888153537037e-07,8.961710394183788e-05,5.733263984792383e-06,5.965861393067758e-06,1
0.3095338272557925,0.6903603061831814,7.957063329649066e-06,1.573310377048101e-07,8.679043181507442e-05,5.412687428865403e-06,5.549047414647802e-06,1
0.348200157917229,0.651643344252257,1.1611717038366694e-05,2.173890786301792e-07,0.0001292582870353312,7.329304484540649e-06,8.081132877318677e-06,1
0.34883901460477756,0.6509962401448093,1.1295045509227703e-05,2.1146050392236675e-07,0.00013808359535918385,7.294402579702861e-06,7.860746460996233e-06,1
0.09625356347433525,0.9036268096505902,1.0816426193839268e-05,1.719567655764323e-07,9.572028925486458e-05,5.9158589234643694e-06,7.002343936814368e-06,1
0.09582907662439605,0.9041154482955948,1.1469460247644463e-05,1.5560580610933777e-07,3.203629156957254e-05,5.477214663683688e-06,6.3365077221025055e-06,1
0.04009178112589713,0.9598776744751333,1.1321388825562058e-05,1.157567679789873e-07,6.4601627403651e-06,3.982400497615214e-06,8.66469013798303e-06,1
0.030948887771223222,0.9690269372271579,8.997024920805811e-06,9.199105713138341e-08,5.035435184608456e-06,3.1647845572422298e-06,6.885765898833836e-06,1
0.049606011901159805,0.9503673220819921,1.0126074137239942e-05,1.1835107672974027e-07,8.136099842004638e-06,4.071652958964528e-06,4.213838833010482e-06,1
0.5154361186368303,0.4843614514041179,1.1655904468139884e-05,2.1777935933977e-07,0.00017545987259260631,7.342462855573169e-06,7.753939776227338e-06,1
0.4996916837985939,0.500052927449907,1.2033511615082762e-05,2.248345855359111e-07,0.0002275449364133252,7.580330835531785e-06,8.00513804955493e-06,1
0.18346365321461375,0.8162414370934519,5.570418694107824e-06,1.3780113554539794e-07,0.0002778856962879951,4.242440073324226e-06,7.073335743467279e-06,1
0.19649835205800095,0.8032348646466103,7.365309146903037e-06,1.6938693121735953e-07,0.00024468696789837596,5.843060264783414e-06,8.718571147703163e-06,1
0.08800388058429107,0.9117086709337625,8.485216604238878e-06,1.733060748575215e-07,0.0002666639769399944,5.97825246828596e-06,6.147729859062331e-06,1
0.03969122895384964,0.9602765717520891,6.958998023631208e-06,9.549948381338073e-08,1.8035323871211753e-05,3.361514497404618e-06,3.7479581850917965e-06,1
0.04022589800848863,0.9597462384428315,6.573694906900127e-06,8.733322093545766e-08,1.5229438182962978e-05,3.0045064154120136e-06,2.968575953748514e-06,1
0.10688147900527095,0.892936565767619,8.22859726402084e-06,3.2411631060709694e-08,0.00016452341021510705,4.472596209250784e-06,4.698211790815396e-06,1
0.09774950420230567,0.901979539044306,7.289937238708061e-06,1.1690278703520533e-07,0.0002451113162350185,3.941394511037238e-06,1.449720261645945e-05,1
0.33976516857118066,0.6584933790981176,1.9853928266235215e-05,2.1457060526230235e-07,0.0016848526798723825,2.315978649370775e-05,1.3371365464163879e-05,0
0.4082265375911499,0.5895972954815991,2.548999101054437e-05,2.9157315528437736e-07,0.0021080660162571506,3.2446794916434896e-05,9.872551911640364e-06,0
0.3918253625994006,0.6061211199584864,2.044220950013373e-05,2.500643159112606e-07,0.0020006909504009357,2.2655641205373227e-05,9.478576690536372e-06,0
0.03289668932705104,0.9669946495996203,2.9062637520087797e-05,1.0165735622969703e-07,5.7970822841960044e-05,1.859810300494642e-05,2.927852605556289e-06,1
0.045215775951218985,0.9527715787375899,7.276112344887088e-05,1.401959673909927e-07,0.0018897917143030239,3.854057080747798e-05,1.141170666429615e-05,1
0.062451733649564065,0.9372582422013666,3.451341955534781e-05,1.3253675399687058e-07,0.00021569682098497909,3.138025718206187e-05,8.301114593081673e-06,1
0.07042477644677525,0.9293349953471263,2.2257529211996386e-05,1.3394092609997571e-07,0.00018004478200831956,2.8106198074831796e-05,9.685755877312774e-06,1
0.18415958269915272,0.8156002794799396,2.0444463433119526e-05,1.2945701946419519e-07,0.00017325581959717835,3.358124210405922e-05,1.2726838753741574e-05,1
0.029732257774521674,0.9700685953187816,1.5450559883637786e-05,9.431201071313087e-08,0.000143467597663599,3.530665857800388e-05,4.827778560596508e-06,1
0.035552667364019824,0.9641800250030336,2.8300534913856455e-05,1.422613939508872e-07,0.0002001381426917893,3.602012014356688e-05,2.7065738034031377e-06,1
0.04600205656281301,0.9537352680612875,2.88064810662472e-05,1.448046888081146e-07,0.00020433890104854,2.6630228200103058e-05,2.7549608959496794e-06,1
0.05112034046843411,0.9486114707607455,2.4270076474825336e-05,1.5143046818696238e-07,0.00021303750657996226,2.7848738583396433e-05,2.8810187138571093e-06,1
0.16497268604456225,0.834750809763957,2.0104117710370455e-05,1.631591392645839e-07,0.00022907439708460124,2.44926550418334e-05,2.669862504310528e-06,1
0.016244004183151507,0.9667077162838901,2.742676417203869e-05,2.1892376721741198e-07,0.016972994300552036,4.298700590927598e-05,4.652538557606917e-06,1
0.016296805421731807,0.9679134949302561,2.545064750991165e-05,2.1919683176344408e-07,0.01571483914441919,4.30406237845898e-05,6.150035466395042e-06,1
0.009920377244842175,0.9738104133115136,2.464114729929316e-05,3.0329100633241983e-07,0.01619609582564103,3.977742509344395e-05,8.391754604180916e-06,1
0.02581011847975889,0.9614609217887358,3.3132289854173006e-05,1.162231618333178e-49,0.012634569633504534,5.681651362383764e-05,4.441294522914246e-06,1
0.021492278693481397,0.9729208759603385,2.2553089897432325e-05,6.313688875303446e-50,0.005524937074891999,3.6292929101878465e-05,3.0622522888171225e-06,1
0.01717763917788313,0.9765085947836759,3.2738996813317846e-05,4.903285271919299e-50,0.006224847341460301,4.915320888034993e-05,7.026491286773538e-06,1
0.010628422316133956,0.9838250162778321,4.26980588552358e-05,3.8800835376417324e-60,0.0054266553621740285,7.123503366132551e-05,5.972951343213384e-06,1
0.01022872103197624,0.9858618168079563,3.359589018024155e-05,3.7409015750214323e-07,0.0038299149363594303,4.268208816757805e-05,2.895155202607306e-06,1
0.00593683065277913,0.9843302952663532,3.835702474335968e-05,5.772303743132669e-85,0.009649514635846991,4.1943692890967206e-05,3.0587273859283296e-06,1
0.0054478282633540435,0.9841878564940123,3.536646483193651e-05,2.3149775231057347e-07,0.010285768091998196,4.014240064584282e-05,2.8067874051881416e-06,1
0.006845170825243503,0.982564378950674,4.644031779995025e-05,3.811021652931833e-07,0.010482624204410032,5.519684482467928e-05,5.807754882236111e-06,1
0.00813413911422355,0.9866360101920892,4.816279124823022e-05,3.955862091164893e-07,0.005114759820006011,5.1449343043939875e-05,1.5083153179835216e-05,1
0.8408224451002033,0.15913948037011763,1.3161824495238813e-05,1.928804572125052e-07,9.534946093803544e-06,8.490935805280961e-06,6.693942827703162e-06,0
0.8265429058167527,0.17341808918052856,1.336056779405397e-05,2.139056269535976e-07,9.774945384425663e-06,8.754140300704603e-06,6.901443612630132e-06,0
0.7952503314172295,0.20472045636713068,1.0306971677999027e-05,1.790790234581066e-07,6.869582099125341e-06,5.388553686827252e-06,6.468029152463988e-06,0
0.7786488857992448,0.22131033228879965,1.637450645501903e-05,2.125871334270392e-07,9.529488676430527e-06,7.1674062018225665e-06,7.497923488841474e-06,1
0.4773414254531045,0.5226183958194721,1.3020360072373206e-05,2.4327289938633767e-07,1.0089206363302693e-05,8.245681200298436e-06,8.580206887889611e-06,1
0.3361828580008993,0.6637770128437154,1.2702011828425695e-05,2.413365893108212e-07,1.0371148279327269e-05,8.302745231610438e-06,8.511913456566411e-06,1
0.2986205799425173,0.701343806131646,1.0967977175986808e-05,2.1686433287402052e-07,9.3194826327688e-06,7.460821878762741e-06,7.648779816235283e-06,1
0.1656401421303648,0.834326626092576,9.386254807851598e-06,1.8558972674987935e-07,9.034998240813937e-06,6.532627529780123e-06,8.09230675395448e-06,1
0.1558824850876732,0.8440819164280857,8.310323657971118e-06,1.7260314820733565e-07,8.241707307759447e-06,6.075509121394257e-06,1.279834100579869e-05,1
0.1457234497709581,0.8542461692643377,8.588419181611973e-06,1.69814521527316e-07,8.376114818283239e-06,5.842158923748045e-06,7.404457259248274e-06,1
0.15500779044605892,0.844958527022156,9.560926401826577e-06,1.879633048059768e-07,9.271305001001206e-06,6.466534714657907e-06,8.195802362632661e-06,1
0.3156210832582873,0.6842787183052556,8.125965298524945e-06,1.5975264614082103e-07,8.078226279889059e-05,5.495998450838216e-06,5.634457262743687e-06,1
0.3971036526270457,0.6025093798560512,1.0263771682230093e-05,1.9176869778535986e-07,0.0003638721047056191,6.4655096085293154e-06,6.1743622088372606e-06,1
0.5103975560483267,0.4893144167268494,9.337226226151216e-06,1.7445708748728449e-07,0.0002670167137615076,5.881846143042373e-06,5.616981605887186e-06,0
0.5384137505812997,0.4612619337190696,8.859264350957924e-06,1.8638307127163452e-07,0.00030298515818233136,6.28393242531553e-06,6.000961600702161e-06,0
0.5710339139511799,0.42865897412573456,8.719642616149498e-06,1.834456797773787e-07,0.0002862121241665303,6.1848978427718235e-06,5.8118127803791965e-06,0
0.2977367605910834,0.7021070552501482,1.2181838622656604e-05,2.280626254886199e-07,0.0001274292521137276,7.867098454984978e-06,8.477906951613744e-06,1
0.09539722381709582,0.90449064316415,1.277296175773207e-05,1.8613048672378952e-07,8.504274495168843e-05,6.551661899593758e-06,7.57951965889539e-06,1
0.08492824454237474,0.9149791251419581,1.0873064116672276e-05,1.6112308604681408e-07,6.936352959102283e-05,5.6714190274717534e-06,6.561179845867957e-06,1
0.10020945791347667,0.8997329926013476,1.1993733368438002e-05,1.6271860303448438e-07,3.316884466391317e-05,5.5980367887725835e-06,6.626151751260836e-06,1
0.12107694048669039,0.8788681172141993,1.1450376735257647e-05,1.553469006975545e-07,3.1666183965244234e-05,5.344426813585735e-06,6.325964695578765e-06,1
0.032448228455481724,0.9675259318834756,9.403297679400169e-06,1.1012396420335995e-07,8.05320806691945e-06,3.788614156214431e-06,4.484417175749946e-06,1
0.03646890694955667,0.9635018496262685,9.844436588387348e-06,1.1578653086378455e-07,6.632858654019748e-06,3.983424435388325e-06,8.666917966030434e-06,1
0.03438735209876125,0.9655814573896521,1.0545749704202147e-05,1.2403510984546592e-07,6.969179821611664e-06,4.267201752384851e-06,9.284345199036136e-06,1
0.04714222268738245,0.9528274572595757,1.1238234218965291e-05,1.1490654468478577e-07,6.4127134124157555e-06,3.953150115723704e-06,8.601048749915865e-06,1
0.05932571621089191,0.9406315666496976,9.195295336633861e-06,1.1648529228765353e-07,2.4609422829229526e-05,4.007464047850857e-06,4.7884719042236105e-06,1
0.05774475784746503,0.9421694917751247,8.302614847790944e-06,1.2074530468878515e-07,6.887391096969055e-05,4.154022005560882e-06,4.29908428263103e-06,1
0.09779457423545428,0.9019640963140584,8.857943724630045e-06,1.2882147775783444e-07,0.00022338967681826685,4.366375539659035e-06,4.586632927230066e-06,1
0.18758883294411946,0.8120105251379021,6.336325101295488e-06,1.5674814445580446e-07,0.000383734347497893,4.825755657430269e-06,5.588741577516618e-06,1
0.07256342971626223,0.9270145393266115,6.946543788449855e-06,1.418794939425273e-07,0.0004050154251858946,4.894181785366682e-06,5.032926872391587e-06,1
0.05319777817516847,0.9467739771777299,8.363006561303893e-06,1.1476692578735555e-07,1.1656002802003067e-05,4.039714870193904e-06,4.0711559423163225e-06,1
0.04053704519346367,0.9594422116408658,6.954450226335397e-06,8.730555566436534e-08,7.730219662242974e-06,3.0035546529144133e-06,2.967635573242231e-06,1
0.09339891809417983,0.906333025680467,6.929081515718322e-06,1.370052668987947e-07,0.00025161967293656245,4.713416352231835e-06,4.657049281527892e-06,1
0.1196774649951878,0.8800302874771176,7.062612931198707e-06,1.2075004062578175e-07,0.0002596121951729412,1.0477666119478952e-05,1.4974303430169656e-05,1
0.1215763528196019,0.8778096647574413,1.7803087716042433e-05,1.2044534624488247e-07,0.0005695829403579954,1.1539431485877074e-05,1.4936518050641765e-05,1
0.41735879794009256,0.5803291650379094,2.539091270607503e-05,2.96722460122951e-07,0.0022457782210406497,3.082975888071013e-05,9.741406910557478e-06,0
0.07756355256454496,0.9222436821735519,1.954942448297181e-05,1.2138015103878457e-124,0.00014824924638130515,1.6289243385710704e-05,8.677347653082793e-06,1
0.04857013842444114,0.9513090135508363,1.618878574839287e-05,9.678215969287059e-08,8.675676237293999e-05,1.3827222716406852e-05,3.978471725319551e-06,1
0.03780662232579293,0.9621159324537998,1.7219710164091727e-05,8.650688936571242e-08,4.2161445080539425e-05,1.4897552571715174e-05,3.0800057017178676e-06,1
0.047543010281593544,0.9522008722713611,0.0001686101948319418,1.0706529671386235e-07,5.623116871390093e-05,2.8085410487792493e-05,3.083607714920728e-06,1
0.05130083905373607,0.9469874988825163,7.787354878893357e-05,1.4526823536667978e-07,0.0015804500825900342,4.128703617565543e-05,1.1906127957732591e-05,1
0.06029325893109063,0.93945749252876,3.3577209928688433e-05,1.3814545971398837e-07,0.0001676312393989327,3.4690356122158084e-05,1.321158923987413e-05,1
0.06065793494278717,0.939037067645541,3.196050358733382e-05,1.3149390524524944e-07,0.00023508123292560135,3.064676738087293e-05,7.177413872533814e-06,1
0.03597609014784855,0.9637990500716704,1.565691538808062e-05,1.2451607914362346e-07,0.00016377925327272947,4.077861746648742e-05,4.520478274545389e-06,1
0.08512098727389543,0.9146139268949532,2.2370091989485247e-05,1.4818096424485147e-07,0.0002122140070015576,2.7251140313424535e-05,3.102410882787186e-06,1
0.11259963792117354,0.886899780715798,3.195086506786536e-05,2.1886507646338825e-07,0.00043134517376084704,3.2806481383083735e-05,4.259977740415931e-06,1
0.09272262093127473,0.9068460405928986,2.9409680076907697e-05,2.2838058255858483e-07,0.0003629718478055244,3.4283380336969916e-05,4.445187024644109e-06,1
0.11578363931883826,0.8838587718177365,2.994256929142135e-05,2.4318054529914684e-07,0.00028873450946121,3.4074228909584795e-05,4.594375217735148e-06,1
0.027045368767870143,0.9471549008424949,3.866056638735863e-05,2.7961692503412254e-07,0.02569634184958917,5.5046765581269015e-05,9.401591151980171e-06,1
0.017716364346290005,0.9712321306844007,2.6613522960760668e-05,2.081585206866552e-07,0.01096606826511142,4.0979112013994626e-05,1.7635910702402575e-05,1
0.013232945633573735,0.9709785936328453,2.1700847338186475e-05,3.1011876561906906e-07,0.01571535159287307,3.672200738454823e-05,1.4376167219328019e-05,1
0.024135369390647782,0.9386173016260468,3.655687374765632e-05,7.073292849907032e-07,0.03712432292166082,8.110313556831253e-05,4.638723043679661e-06,1
0.013907420042606627,0.9810424497987172,3.6166897377996706e-05,4.4173610344581915e-07,0.004945647811009142,5.96840371369378e-05,8.18967704844737e-06,1
0.013307714817281385,0.9813237306004146,4.884796382073591e-05,2.181972402466918e-50,0.005264512090582356,5.132550098847551e-05,3.869026912552777e-06,1
0.009916356523760555,0.9856560905012322,3.751925075368042e-05,4.177767681852149e-07,0.004330572985097661,5.5809708158172165e-05,3.2332542294512567e-06,1
0.0063439901835352025,0.9895966153838149,3.5142671860485544e-05,1.6534544609869917e-07,0.003985792002207666,3.538667355550339e-05,2.9077395799501493e-06,1
0.006647654727221627,0.9893124121650373,3.502245590565866e-05,1.6477983285341314e-07,0.0039721574159363345,2.9690663273850636e-05,2.897792792427011e-06,1
0.005945676288459464,0.9857969072838217,3.841417514674914e-05,5.780904240423942e-85,0.008173932780522988,4.2006187283699736e-05,3.0632847650559817e-06,1
0.7625378203905148,0.23742224151823382,1.603570067317848e-05,2.081884817700965e-07,9.332313520621841e-06,7.019105019820653e-06,7.3427835561176456e-06,1
0.7808735912649923,0.2190858339831801,1.611827714867615e-05,2.0926055659951384e-07,9.811368432551118e-06,7.055250179018732e-06,7.380595510753379e-06,1
0.7405815055166627,0.25937300797701796,1.8046473588587566e-05,2.342939678336794e-07,1.1000875449247639e-05,7.941342298228859e-06,8.26352101556949e-06,1
0.45782578862910667,0.5421344463504785,1.2289045685406076e-05,2.429851604777952e-07,1.0427002845443682e-05,8.235928353537666e-06,8.570058370026676e-06,1
0.1548098716918575,0.8451565433406975,9.494161275832118e-06,1.8772330742896948e-07,9.259467111238775e-06,6.4582780425832875e-06,8.185337707994179e-06,1
0.1477675731607974,0.8522032576904287,8.2458499681437e-06,1.6304107162402598e-07,8.042013861571359e-06,5.609130732512347e-06,7.1091131399380625e-06,1
0.31652800794937286,0.6834393333141286,9.286824351985608e-06,1.8257458775316506e-07,8.94735479433144e-06,6.281145731816571e-06,7.960837032572187e-06,1
0.2027233759011654,0.7971662509694853,1.0322464979143829e-05,1.5886551466707484e-07,8.882315230637385e-05,5.465478310338626e-06,5.603168238768136e-06,1
0.2131728752604011,0.7867199462616601,9.947315938172467e-06,1.5309186994256464e-07,8.641169107750735e-05,5.266846592942053e-06,5.399532460354538e-06,1
0.32918855821387744,0.6706582751348648,1.1946483194630573e-05,2.2365641239540225e-07,0.00012496729484247598,7.715104623712888e-06,8.31411218457005e-06,1
0.1454855722824829,0.8544099623758571,8.840115782008858e-06,1.655004697828328e-07,8.301129631961284e-05,5.7089954451689875e-06,6.739433643328435e-06,1
0.08944030526256944,0.9104599949735853,1.1002251097699078e-05,1.6032729062485565e-07,7.636500403492983e-05,5.643407589702007e-06,6.5287738324772345e-06,1
0.08827288949207997,0.911620493357466,1.135795330131292e-05,1.655106635608382e-07,8.2659745200049e-05,5.694092539323096e-06,6.739848749645248e-06,1
0.12540203621238438,0.8745399512614085,1.0714841021788108e-05,1.5877844859613192e-07,3.5210721172496636e-05,5.462482960949539e-06,6.465702603191426e-06,1
0.039448717789420974,0.9605239752600172,9.92092017075711e-06,1.1618594827028165e-07,8.496512295407999e-06,3.997165662844495e-06,4.776166484468618e-06,1
0.02777635198372671,0.9721982960894895,9.265795686154221e-06,9.473913297290244e-08,5.64059846571601e-06,3.2593270949255238e-06,7.091466403937449e-06,1
0.06429362800231515,0.9356664042867308,9.443695592519334e-06,1.2165425743218746e-07,2.1885621085649488e-05,4.185292867047713e-06,4.331447151422385e-06,1
0.055338346529101655,0.9446218274686276,9.41021222211785e-06,1.2122292263082578e-07,2.180802388335743e-05,4.170453579828729e-06,4.3160896626167925e-06,1
0.05470299669823886,0.9451989037992559,8.043336394544208e-06,1.1720931655443288e-07,8.108834895182324e-05,4.032372782352075e-06,4.818235059651744e-06,1
0.08478693709518387,0.9149379113132213,8.861781175904933e-06,1.2887728598595402e-07,0.00025720404603055916,4.368267147226457e-06,4.5886199550235594e-06,1
0.34587605318271225,0.6538778166823972,2.1115357813098578e-05,3.0708160736056157e-07,0.0002033657245614174,1.0408463265565916e-05,1.093350764314632e-05,1
0.11926512731061906,0.8799586321268372,6.582291363293647e-06,1.0712674027814145e-07,0.0007615355897816692,3.6117936691314655e-06,4.403760989380382e-06,1
0.2166014315363469,0.7828857720440967,7.158081529276268e-06,1.646211230872226e-07,0.0004909134847554675,5.678662079429601e-06,8.881570069076646e-06,1
0.21716437492966933,0.7823744760688611,7.153406647694538e-06,1.645136104453036e-07,0.00044245321454223813,5.674953393987082e-06,5.702913275431626e-06,1
0.1308326150838947,0.8686761596800165,6.62971356259601e-06,1.3813482774786264e-07,0.0004747922880679185,4.765008241164235e-06,4.9000913892956415e-06,1
0.059603664703778696,0.9402693540368531,8.637931034005468e-06,1.3732360904250256e-07,0.00010198888537144777,4.833694216969356e-06,1.1383425136804835e-05,1
0.0509580569338219,0.9490214635599311,7.378753132566565e-06,9.281808402742855e-08,6.172050604294277e-06,3.193201005751953e-06,3.6426834203270063e-06,1
0.03873613661408639,0.9612423321493867,6.97689889079905e-06,8.758737422099278e-08,8.476285291898016e-06,3.0132499973927143e-06,2.9772149724852996e-06,1
0.03959236262837924,0.960380302285353,6.793000502317856e-06,8.750882698085827e-08,1.4469484141279682e-05,3.0105477532252694e-06,2.97454504406861e-06,1
0.07693787705271997,0.9229749289774531,8.207626136226756e-06,1.3357905095159557e-07,6.971663480587273e-05,4.595543640931361e-06,4.540586193090206e-06,1
0.09960293832423646,0.9001180467934979,7.4821699940645874e-06,1.3979714677935032e-07,0.000261831499062096,4.809465887993103e-06,4.751950174655294e-06,1
0.1625682385320835,0.8370680820255041,8.753448526704505e-06,1.635497629008607e-07,0.00034365961777725547,5.543483095185367e-06,5.559343250461644e-06,1
0.10206947249204537,0.8976306713363906,8.841713720614726e-06,3.481789443560025e-08,0.0002813541874913447,4.805851350024453e-06,4.819601107593353e-06,1
0.38171841222503083,0.6160607841888881,2.328894023462841e-05,2.721584576367727e-07,0.0021611933957248843,2.7114121662424874e-05,8.93497000156631e-06,0
0.29093306952625353,0.7039287059300641,2.5792788560949113e-05,2.6510002457646303e-07,0.005077841508935407,2.5803450475062766e-05,8.521695686353465e-06,1
0.19312054313328392,0.806537590497119,3.6490438385317215e-05,2.616571767233602e-07,0.00027141257348895376,2.526538984268489e-05,8.436310703322522e-06,1
0.04710783679466029,0.9527472587377736,1.6418703751618325e-05,9.682223608543518e-08,0.00010814856176157718,1.6260260651648784e-05,3.980119165252464e-06,1
0.028941728726343163,0.9709533526458772,2.924080516322364e-05,9.05380580619433e-08,5.6012785063088016e-05,1.6563839471677546e-05,3.0106600235796735e-06,1
0.03445190268102277,0.9654340600265694,3.106585071799093e-05,1.0596511500592962e-07,6.0427352601583134e-05,1.9386202798332788e-05,3.0519211749631238e-06,1
0.04054238946848974,0.9593314110125368,3.6184446501853345e-05,1.1496073001073443e-07,6.555716536810564e-05,2.103194080153428e-05,3.311005571874731e-06,1
0.0544803269647439,0.9454110341991329,2.8906738522937856e-05,1.0635148936355498e-07,5.1236934957329184e-05,2.5325761938129458e-05,3.0630492153888267e-06,1
0.05338685275208898,0.9465047574176516,2.8940180031393453e-05,1.0647452483599317e-07,5.12962097313496e-05,2.4980373188829443e-05,3.066592783133595e-06,1
0.05145995528596653,0.9482931464666564,0.00015784062235015678,1.0808700653993063e-07,5.7588069500056336e-05,2.8248434348754823e-05,3.113034171473634e-06,1
0.06509052899245334,0.9333193122597111,0.00020089972454315867,1.355685201988307e-07,0.0013497877767941788,3.543109966959977e-05,3.904578308397972e-06,1
0.06274254551142716,0.9357032169919859,6.261959078696266e-05,1.4353722231787826e-07,0.0014420721388955268,3.9282719924691206e-05,1.0119509757273237e-05,1
0.056597039444158045,0.9431795563574961,3.588522192605981e-05,1.476412272026936e-07,0.00013617673195845512,3.70748829572665e-05,1.4119720276810563e-05,1
0.07078940120959057,0.9289878172512885,3.461168226990793e-05,1.4541971406274302e-07,0.00013760014370011342,3.651702834434986e-05,1.3907265092566545e-05,1
0.19728598369824582,0.7713627820622498,2.9644459461924124e-05,2.181193317181027e-07,0.03126006770321459,4.136887936029579e-05,1.9935078135606727e-05,1
0.14425271706148643,0.82098495505874,2.933160815713608e-05,2.452664661468648e-220,0.03465123970687001,3.623925040054235e-05,4.551731434608087e-05,1
0.1419138702167033,0.8578785145968475,1.857148010702702e-05,1.2336587077552396e-07,0.0001483256606744504,3.791775136152486e-05,2.6769284357020426e-06,1
0.034062981216644084,0.9655265476899735,1.8281124262304968e-05,1.2754457494634987e-07,0.00034012183022658337,4.689569076114352e-05,5.04490355762793e-06,1
0.09217696663615746,0.9075316917626781,2.17113746131069e-05,1.586317298793162e-07,0.00023881131970644135,2.7572675900378726e-05,3.0875992146814806e-06,1
0.0840361997099862,0.9154554289669143,2.9935585481039932e-05,2.3054877544284255e-07,0.00043982373386335506,3.460885888887724e-05,3.772596090810366e-06,1
0.08433569959188622,0.9147609065918201,2.874801505149185e-05,2.3037386656357976e-07,0.0008360630909944673,3.4582602420114005e-05,3.769733960864599e-06,1
0.04598471441499401,0.9532495558428029,2.767783662945237e-05,2.185255874357709e-07,0.0007014535294321059,3.280399648467702e-05,3.575854069572426e-06,1
0.015183818369206886,0.9692799119251455,2.807771973682385e-05,3.8276177118691824e-07,0.015448171524221547,4.314212002625913e-05,1.6495579891887717e-05,1
0.026695813672690718,0.9367177853154377,3.701245228085358e-05,5.044120838386804e-07,0.03648718292840951,5.685365755358271e-05,4.847561543826096e-06,1
0.005847749922693566,0.9821147752407394,3.922946863605824e-05,1.8177086183805833e-07,0.01195372200029887,4.122822994105973e-05,3.1133668293722536e-06,1
0.8253327680427662,0.17463280363002232,1.3031751829988466e-05,2.0864121109717823e-07,8.382939697487816e-06,6.2780907868018026e-06,6.526903686118883e-06,0
0.844513046062052,0.15545657056099504,1.0686814843136568e-05,1.8567862858026527e-07,7.088058496206907e-06,5.716429342407619e-06,6.706395642857874e-06,0
0.2927453786506701,0.7072082877375955,1.3620319240148231e-05,2.6930776734408894e-07,1.1573175853177109e-05,9.128127300184636e-06,1.1742681573684627e-05,0
0.2585447840541134,0.7414177580628124,1.1072759864224826e-05,2.1893614861696676e-07,9.087770544165845e-06,7.5320989210448284e-06,9.546317596154411e-06,1
0.21497395612447673,0.7849910158995014,1.0379858088215195e-05,2.0523574798789337e-07,8.433184333152926e-06,7.060761622713782e-06,8.948936229825065e-06,1
0.17362654272519554,0.8263382503999986,8.529439718367467e-06,1.7715412881937503e-07,7.128789120391047e-06,6.235700430225543e-06,1.313579140799931e-05,1
0.21434671994072765,0.7856164134034309,1.0894189869269058e-05,2.154053733239451e-07,8.954067082593545e-06,7.410629036135383e-06,9.392364480048357e-06,1
0.2685625136169386,0.7314106434116606,7.64690360078793e-06,1.50334519054788e-07,7.318681583190067e-06,5.171984964207095e-06,6.555066733511156e-06,1
0.37898237087466957,0.6209867144504614,8.722399069473219e-06,1.7147825284185277e-07,8.73157876021384e-06,5.8122175108071066e-06,7.477001275499434e-06,1
0.21332515081443038,0.7865740129813295,9.803556176218305e-06,1.5087936850832308e-07,8.036954138757628e-05,5.190729516018331e-06,5.321497791908392e-06,1
0.3441570591355247,0.6551417987507291,1.150783020674936e-05,2.1501273424701268e-07,0.0006752473364314864,7.249185687156237e-06,6.922748686750869e-06,1
0.3701492906083658,0.6291568984905875,1.1387503172751767e-05,2.1276453939890983e-07,0.0006681868821366432,7.173387470032584e-06,6.850363727847068e-06,0
0.38703438309275096,0.6128139564288573,1.1842498421827133e-05,2.217096586227588e-07,0.00012387955248764675,7.4749734689945635e-06,8.241744354432105e-06,1
0.16924472788830264,0.8306424554911662,9.266714514563924e-06,1.7348704964079256e-07,9.032726425445524e-05,5.984495255480102e-06,7.064659457252055e-06,1
0.08389198898456719,0.9160044879954669,9.212588109648633e-06,1.464593596381561e-07,8.361796391137061e-05,5.155266196687842e-06,5.3907423882759175e-06,1
0.11972460019272055,0.880172859969694,1.0923596080544115e-05,1.5918111193082963e-07,7.949862486066528e-05,5.476335858645878e-06,6.482099673413389e-06,1
0.11707441717370767,0.8828223337196035,1.0999154706158545e-05,1.6028216930722717e-07,8.004851766047392e-05,5.514215729691209e-06,6.5269364230338904e-06,1
0.13631273361040594,0.863578220275564,1.144387301068697e-05,1.6958164837659832e-07,8.469288651157729e-05,5.834147347686526e-06,6.905625511879301e-06,1
0.033712419301188526,0.9662541553019247,1.0275499474204673e-05,1.2085652909931545e-07,9.728555969205324e-06,4.254064613241713e-06,9.046420300779194e-06,1
0.03985320478879661,0.9601184966832299,1.1744225811976566e-05,1.1956540932159324e-07,8.125018988998022e-06,4.0526431441233405e-06,4.257074619055971e-06,1
0.05474491172652706,0.9451488097215103,8.713949848212971e-06,1.2698164742822794e-07,8.78490928863633e-05,4.3685720043425025e-06,5.2199555765423075e-06,1
0.07366718076802677,0.9260582973102293,8.841501458829356e-06,1.285823571397792e-07,0.0002566154481876813,4.358270599117466e-06,4.578119141179472e-06,1
0.11488639966901619,0.884180632087372,6.613872886403302e-06,1.0764072931889144e-07,0.0009181927170846763,3.6291228845875106e-06,4.424890026637998e-06,1
0.1800239965819947,0.8183958704117875,5.893753161242047e-06,1.4579979043631154e-07,0.0015644063751853504,4.488692137268382e-06,5.198385943473606e-06,1
0.2639872046914572,0.7353285598690037,8.397753621502164e-06,2.0774380681609072e-07,0.0006625392545728581,6.395743021516367e-06,6.694944516722483e-06,1
0.22568257894772387,0.7736369296376416,7.45014777184601e-06,1.8430191325246985e-07,0.000657702641733882,5.910364594912123e-06,9.243958620755714e-06,1
0.07694361286717484,0.9220802038521247,7.390169647666821e-06,1.5007790749596445e-07,0.0009575761095918277,5.176988871628136e-06,5.889934681742634e-06,1
0.04118230060564089,0.9587831081263463,5.367886464072909e-06,8.73632923556866e-08,2.316087917764829e-05,3.0055409561518393e-06,2.969598122563886e-06,1
0.16876001380946512,0.8306354064643761,9.376263116116508e-06,1.7518645421386467e-07,0.0005831354756163382,5.93790617739204e-06,5.954894794904231e-06,1
0.3017222325263363,0.6957856339421994,2.313046368613608e-05,2.566363369686282e-07,0.002434305094883992,2.5751731519145298e-05,8.689605038107447e-06,0
0.18069016893679116,0.819106057895704,2.9331168613445286e-05,2.2945235105961753e-07,0.00014009954170969826,2.6715037194546516e-05,7.397967636077263e-06,1
0.14977149404623727,0.8498857535934987,3.7407489839584506e-05,2.3533288762626876e-07,0.0002538335657647384,4.368840477482191e-05,7.587566997347486e-06,1
0.16914343983762112,0.830488085699312,4.088144715750083e-05,2.6275111790760493e-07,0.0002764841256750536,4.2108882058538884e-05,8.737257058176346e-06,1
0.046529800466824145,0.9533422695966631,1.5952231769515922e-05,8.881080541317745e-08,9.402084378919239e-05,1.4914826418870043e-05,2.953223729809107e-06,1
0.05213403971680361,0.9477472274007147,3.323246434585737e-05,1.1386229589301097e-07,6.127620300324551e-05,2.083098347170358e-05,3.279369364590904e-06,1
0.05388888162287373,0.9460017327863176,2.9212322050495698e-05,1.0747576920076171e-07,5.175508442999012e-05,2.5215278748855715e-05,3.09542981009269e-06,1
0.05829485319942576,0.9415219590362498,9.468515351853299e-05,1.0696681967884505e-07,5.7258917935344604e-05,2.8055954591591217e-05,3.0807714593435978e-06,1
0.055237863920957204,0.942993279475073,0.00021655430276843127,1.4446061296562816e-07,0.00150559390174299,4.045076763303931e-05,6.113171212348342e-06,1
0.056502689236827115,0.9416536003394991,0.00020248280864297434,1.4425538258560888e-07,0.0015862881198452424,4.099917083945765e-05,1.3796068963538783e-05,1
0.07748736272256669,0.9202256232611922,4.0626199038578615e-05,1.7068756658040425e-07,0.0021822037428565334,4.768943825456199e-05,1.632394852486284e-05,1
0.07405981971217486,0.9257357506975636,3.3988298067626835e-05,1.4491064970304565e-07,0.00012004860620037795,3.6389194798726554e-05,1.3858580544909998e-05,1
0.06127586819494638,0.9385289436153823,2.1324608966414073e-05,1.3918041171383303e-07,0.00013553875471215138,3.295325245696346e-05,5.232393123696741e-06,1
0.1736383632431451,0.7755161121577467,4.6089270728134564e-05,2.7554549461924696e-07,0.05069833888132824,6.519586355469497e-05,3.562503800241784e-05,1
0.1453140333271494,0.854482257764181,2.173320687159766e-05,1.2345700908259969e-07,0.00014479230071533068,3.43810380186488e-05,2.6789060549921996e-06,1
0.03621832174611425,0.9635281382349647,2.7272274226959407e-05,1.3911824104693176e-07,0.00018843048629604581,3.505136595990578e-05,2.6467741973844218e-06,1
0.04658935745482205,0.9531466002072758,2.467486244615104e-05,1.486049643481234e-07,0.00020906249217324992,2.732911582374769e-05,2.8272624946943986e-06,1
0.06648989679465879,0.8993519312002298,2.3022292803046085e-05,1.5439388353811609e-07,0.034106962050198426,2.4641798609141297e-05,3.3914696171502677e-06,1
0.2028613995030636,0.7968055175575401,2.34903501328482e-05,1.9181299798822308e-07,0.00027541024380259673,3.0257094881245e-05,3.733437581527374e-06,1
0.08012759847290601,0.9195658123631388,2.8526174526119245e-05,2.170354034856982e-07,0.00024005874012744628,3.4235744525818086e-05,3.5514693720877667e-06,1
0.03025387924296971,0.9499140673077623,3.781594318895663e-05,3.5140386448717854e-07,0.01974800061119729,4.135497151692101e-05,4.530519500183634e-06,1
0.025266893069123168,0.9577709422836418,3.8702779992193355e-05,6.520278166727164e-07,0.016850335952852062,6.542535700951023e-05,7.048529564702788e-06,1
0.016967746903193054,0.9788335849233207,2.1436972944000295e-05,3.029686192236065e-07,0.004137823209810487,3.4573493260031964e-05,4.531528852426131e-06,1
0.022748473269268498,0.9722442901454862,3.7831063806132474e-05,1.0640606485590974e-41,0.004859557605999507,6.8270980974633e-05,4.157693446512847e-05,1
0.013855511743574267,0.9820243701688499,2.9712159589019886e-05,8.769324057940639e-85,0.00403335581916871,4.697077904962501e-05,1.0079329768450073e-05,1
0.008369240107370285,0.9883608784739626,2.847682684592226e-05,1.3854048934124725e-76,0.0031904049542492902,4.552197233363683e-05,5.477665238262748e-06,1
0.0071843040107718616,0.9898297185396611,4.0535891878770216e-05,1.8463399360685433e-07,0.0028981637629440977,4.3846215741265835e-05,3.2469450092652834e-06,1
0.006120294820164065,0.9900268817809426,3.4602182068172935e-05,1.5709061774424468e-07,0.0037868023740618606,2.8499180707130177e-05,2.7625714383515343e-06,1
0.005569470731794136,0.9840970390866288,3.367294966519434e-05,1.9177306845662105e-07,0.010260060303287069,3.687995319772032e-05,2.6852023585001e-06,1
0.8481386980751823,0.15183371050489108,9.590042721743055e-06,1.4865202426424652e-07,6.768510479122106e-06,5.12780254070169e-06,5.956412160807452e-06,1
0.7448750825722898,0.25508687481835246,1.2332573294644713e-05,2.304222652527534e-07,9.542535487864651e-06,7.810111794275399e-06,8.12696651551412e-06,1
0.7451604331462099,0.2547994437296567,1.1751879716391884e-05,2.1957256450320688e-07,9.022908742297144e-06,7.442363583418074e-06,1.168639952687953e-05,1
0.709144307457746,0.29081605294790713,1.1051303618729494e-05,1.6771760551699224e-07,9.297015332251827e-06,7.406412763615672e-06,1.1717145026536792e-05,1
0.2871709593148086,0.7127850839388553,1.3030228873620545e-05,2.576402053480093e-07,1.0571297363243613e-05,8.86364140859433e-06,1.1233938485386936e-05,1
0.17628056854905236,0.8236826110635396,8.920339465953854e-06,1.852730096047397e-07,7.455497785880132e-06,6.521479309575666e-06,1.3737797836941767e-05,1
0.2209421946529657,0.77901700609549,9.884284206454766e-06,2.052938780758217e-07,8.261149623004122e-06,7.226199763852547e-06,1.522232407291375e-05,1
0.23780072824748352,0.7621598473964372,1.1697079924627053e-05,2.2995907580592915e-07,9.559041908954144e-06,7.911322628555984e-06,1.0026952541319267e-05,1
0.33820072755798564,0.6617619816995144,1.1088939651894049e-05,2.1925606347479593e-07,8.87917486742496e-06,7.543105008302246e-06,9.560266909028772e-06,1
0.20967863248459948,0.7901938253408956,1.0469729085563663e-05,1.956168136884945e-07,0.0001033470576218537,6.630388699942825e-06,6.899382283973802e-06,1
0.16972610404174165,0.830054773717092,9.636014025694604e-06,1.8003965001951526e-07,0.00019685380578151785,6.102404177444517e-06,6.349977531765445e-06,1
0.5748870680407271,0.42463766227942473,1.0115570347315314e-05,1.8537417405941745e-07,0.0004505616752500446,6.2499173086935825e-06,8.15714276811025e-06,0
0.5549029829735548,0.4446973768293015,8.477620029488755e-06,1.9184866773270922e-07,0.0003790081328089738,5.772796980132231e-06,6.189798657343072e-06,0
0.13713415596311596,0.8627569308932647,9.115599392705818e-06,1.7065794374721305e-07,8.679052809083084e-05,5.886904277753334e-06,6.949453914544247e-06,1
0.08719446249679903,0.9127014700194709,7.756363496786614e-06,1.4521097168626585e-07,8.581201414486034e-05,5.009102252297334e-06,5.344792864354099e-06,1
0.12311224075719877,0.8767515309904168,1.463090968038667e-05,2.1320492393815074e-07,0.00010519744240120997,7.5046630004478195e-06,8.68203237850325e-06,1
0.15639395117945704,0.8435073385604385,1.0509326008457206e-05,1.531442747731549e-07,7.6483692707462e-05,5.268649485568235e-06,6.295447628126691e-06,1
0.04716199289242256,0.9527826647914447,7.156018644600794e-06,1.0604184758357659e-07,3.9988494099461836e-05,3.7325982691208987e-06,4.359163271634244e-06,1
0.03328823413576015,0.9666812309011431,9.017859054157626e-06,1.1616860540599097e-07,8.708849201285682e-06,3.996569013226618e-06,8.695517222692744e-06,1
0.05355073639396527,0.9464109425976183,8.201356419773056e-06,1.212888749023776e-07,2.1568865627794383e-05,4.111059629373786e-06,4.318437864683639e-06,1
0.05600129148395819,0.9439067368518338,8.179655609960723e-06,1.209679442328773e-07,7.520234787363698e-05,4.161681513049398e-06,4.30701126718058e-06,1
0.06005944778135305,0.9398180591590317,8.837492728441709e-06,1.11952676436752e-07,0.00010508994119912182,3.851527665596255e-06,4.602145345493062e-06,1
0.0854072369714688,0.9144529731260631,9.263773276666413e-06,1.349937987437387e-07,0.00012019760121915682,4.644215458655691e-06,5.549318715126096e-06,1
0.29226945444933267,0.7074911823649189,1.3993873249218775e-05,2.6146205635324324e-07,0.00020698337580194132,8.815231354961957e-06,9.309243285855227e-06,1
0.2833678662453561,0.7163701375553382,1.3375688033656776e-05,2.4991186043610954e-07,0.0002310467810342009,8.425814815427395e-06,8.89800356223498e-06,1
0.22340583235599065,0.7694206505281264,7.330587880678667e-06,1.7809534514656938e-07,0.007154086020341843,5.4567148296564295e-06,6.4656974857574896e-06,1
0.053299321796686304,0.9457682565355569,8.678786914459832e-06,1.3797312533668405e-07,0.0009133334787382263,4.856556732576855e-06,5.414872246208594e-06,1
0.042109750601380426,0.9571570866526383,7.334440757911258e-06,1.1660105541705859e-07,0.0007170313219801982,4.104274939988777e-06,4.57610724781191e-06,1
0.034550544352224793,0.9645705332879899,7.58971621824343e-06,1.1059906078102277e-07,0.0008629884816643884,3.8930089605641605e-06,4.340553881188836e-06,1
0.04041639071146958,0.9595468498519286,5.3402760259703754e-06,8.691392763976635e-08,2.4931192687770188e-05,2.99008155642536e-06,3.4109724039910095e-06,1
0.04809054418424325,0.951871752801252,4.9141488787944734e-06,9.200140728537476e-08,2.5921126561195583e-05,3.1651050477128894e-06,3.6106326097633294e-06,1
0.12385135471047468,0.8760339532122023,8.46023958652647e-06,1.5807143598773216e-07,9.526248150724724e-05,5.438159481530846e-06,5.373125311602357e-06,1
0.0293395891203626,0.97053546671659,2.6739665430710828e-05,9.04124774805392e-08,7.896923375746248e-05,1.6540864640588068e-05,2.6039867411864134e-06,1
0.04989101084426378,0.949938119046423,2.1144137315700175e-05,1.225600543006933e-07,0.00011455133279232082,2.8016666724139538e-05,7.035412426843752e-06,1
0.06064905472867359,0.939153383794946,2.52582584552781e-05,1.3980242002970638e-07,0.00013078624123255528,3.3351984590807695e-05,8.025189681841242e-06,1
0.08170093011124006,0.9180989205980037,3.370791259313254e-05,1.437152135209979e-07,0.00011905826872172874,3.3495139639026176e-05,1.3744254588542001e-05,1
0.07508280591218076,0.9247088722070834,2.264418121367881e-05,1.4815590653474288e-07,0.00014427940561245745,3.507834853275136e-05,6.171789470115865e-06,1
0.14825737570835787,0.8188865558915561,4.354304083814133e-05,2.789047455622362e-07,0.032715023914952006,6.599068426634458e-05,3.1231855284064654e-05,1
0.0895836972511505,0.8786294702893647,1.889069065782617e-05,1.4842232264451934e-07,0.03172187650017181,3.118844057467982e-05,1.4728405757847676e-05,1
0.021079789720332313,0.978654210455123,1.8268149658800986e-05,1.239624861311113e-07,0.00020543639847335075,3.98142685405829e-05,2.3570453856004373e-06,1
0.029142857113079294,0.9706434786364286,2.4756187267420698e-05,1.2635767576811635e-07,0.00014843764719596407,3.79414703933546e-05,2.40258795946887e-06,1
0.025048577780339074,0.9609503650695004,4.028901217650149e-05,5.504280540878685e-07,0.013912642749434375,3.6850597940490525e-05,1.0724362555027586e-05,1
0.026019768974472637,0.9546905434605243,3.436055406037388e-05,5.649896068364613e-07,0.01920435301940401,4.5706183992257606e-05,4.702817939398508e-06,1
0.009964510616427412,0.9874605605481765,2.5177529219550696e-05,3.9640542282261316e-42,0.0024728685662921586,4.7782973858951534e-05,2.909976602534463e-05,1
0.010338233010365981,0.9859198475384503,3.67707910807475e-05,1.7166895147763756e-50,0.0036675427956161374,3.40904873564424e-05,3.5153771303471964e-06,1
0.006614001165677488,0.987883277684655,2.9877989632380437e-05,2.7670167052533135e-49,0.005416350395070172,5.299623458386165e-05,3.496530380949253e-06,1
0.006984955442722442,0.9901753811309908,3.996144687103891e-05,1.7810221628615407e-07,0.0027488811133926172,4.745231900915986e-05,3.1904447974879856e-06,1
0.006494723512207393,0.9904846091858192,3.65987827480077e-05,1.667011408093212e-07,0.002946229610498036,3.474062696788464e-05,2.931580618584213e-06,1
0.006680742147847362,0.9895022995677971,3.951999506191328e-05,1.8000675888485178e-07,0.0037374338424961944,3.665886886729752e-05,3.1655711712531074e-06,1
0.0126087258129134,0.9790506841655189,4.309677056240769e-05,2.3391101091937982e-07,0.00823217493311923,6.162194792441202e-05,3.4624589505771194e-06,1
0.012149314322517327,0.9788334471182489,4.2451740223667786e-05,2.304100595339429e-07,0.008923665604421682,4.7480168279584094e-05,3.41063624923272e-06,1
0.011902898017717108,0.9762023026601439,4.8132430855707285e-05,3.953368433244708e-07,0.011785827448380954,5.6576505282923367e-05,3.867600775875775e-06,1
0.8412784442325616,0.15868884508118558,1.2420677713401496e-05,1.9885778018028087e-07,7.886597484448045e-06,5.98370375185463e-06,6.22084952271276e-06,0
0.36296792103686537,0.6369825784412945,1.4684464573616324e-05,2.903485813538789e-07,1.2024279157143816e-05,9.84130104439186e-06,1.2660128483607589e-05,0
0.35903533961553713,0.6409192164302627,1.3511347811044817e-05,2.6715312972079224e-07,1.0961624456031398e-05,9.055096333773295e-06,1.1648732469406743e-05,1
0.2266338086148668,0.7733249331048129,9.995491415169128e-06,2.0760362136831524e-07,8.354095087860954e-06,7.307501099241672e-06,1.5393589096757225e-05,1
0.23337451115768432,0.7665824657931334,1.0458912871728324e-05,2.4207781679005333e-07,8.74141640634813e-06,7.47335926760858e-06,1.6107282819715848e-05,1
0.20706592472582258,0.7929054402371921,1.0256906318734256e-05,1.5168815543475552e-07,7.734982368573262e-06,5.141436529639835e-06,5.350023612805493e-06,1
0.16165473487577542,0.8382200237815806,9.903089187216845e-06,1.8502969242513571e-07,0.00010226163888646846,6.365609130700756e-06,6.5259757474629985e-06,1
0.468198658099314,0.5312163255419685,9.601860724527066e-06,1.794015284504908e-07,0.0005634103703772356,6.04854869108908e-06,5.7761773963348e-06,0
0.497474622580245,0.5021384347626342,8.240872024868141e-06,1.8649105685644292e-07,0.0003668867686522838,5.611584498165328e-06,6.016940888767462e-06,0
0.5519696988173962,0.4475180453508215,1.0943925768364692e-05,2.4766120339472773e-07,0.0004842917332217509,7.452216707831963e-06,9.320294880880514e-06,0
0.12475699952919243,0.8751507099885948,1.1788060101888435e-05,1.4933023640930354e-07,6.907699710431756e-05,5.137434451291516e-06,6.138660318859933e-06,1
0.13533885377511762,0.8645661249773995,1.072990495810052e-05,1.56358601100663e-07,7.232816939940726e-05,5.379232520924661e-06,6.427582003273983e-06,1
0.04273044676842314,0.9571987673634444,8.887403276761343e-06,1.3169846397747616e-07,5.1717219066152066e-05,4.635693076742869e-06,5.413854248897239e-06,1
0.029655932498436576,0.9703071878001641,7.7294087984362e-06,1.1453866045099608e-07,2.0295623994851657e-05,4.031680091294715e-06,4.708449854446864e-06,1
0.032243672310084605,0.9677242133501573,9.900959875186412e-06,1.1645133633362751e-07,9.37395233549584e-06,4.006295855177798e-06,8.71668035572735e-06,1
0.08522913831167733,0.9146561155908047,8.388025658134087e-06,1.2198743798144807e-07,9.769601918496225e-05,4.1967553362262924e-06,4.34330990058929e-06,1
0.07245271945152824,0.9274111352357814,9.822460265848416e-06,1.244301692511015e-07,0.00011680255967245733,4.28079305076903e-06,5.115069531914126e-06,1
0.17034643444455957,0.8172637271277561,5.787063682907153e-06,1.5041108067006596e-07,0.012374389231574282,4.407437254440853e-06,5.104284092018444e-06,1
0.2974725400445962,0.6669865462947919,9.905285282748099e-06,2.4503715695691026e-07,0.035515310974002914,7.543881623420713e-06,7.908482545868856e-06,1
0.2167894339930042,0.7770724927964962,7.378715175485173e-06,1.8253481217191883e-07,0.006115489387434257,5.853695559426785e-06,9.168877518259167e-06,1
0.2033529062017381,0.7954605936885812,7.273055643970306e-06,1.6726529077509823e-07,0.0011642523314433178,5.769873550346591e-06,9.037583752331584e-06,1
0.12685633557782588,0.8721660694049893,7.615158423231648e-06,1.5464692908229688e-07,0.0009589966641821181,5.334598837687315e-06,5.4939488127974846e-06,1
0.14340539109750008,0.8558039251785271,9.15387466288122e-06,1.710313399537465e-07,0.0007696611414528753,5.88402134260725e-06,5.813655174576029e-06,1
0.14112633054000617,0.858080969141068,9.178230446281748e-06,1.7148640433074817e-07,0.000771708984660631,5.81249380372304e-06,5.829123610775129e-06,1
0.07083110104925132,0.928527832870882,7.5851185064440244e-06,1.2163636864900737e-07,0.0006251018536600365,4.122837853175262e-06,4.134633478309767e-06,1
0.045442049512127373,0.9543629530622979,2.6308272664161756e-05,1.223999261774958e-07,0.0001426620999332025,2.183449103866735e-05,4.070162012747941e-06,1
0.04242592037618627,0.9573950577868053,3.1140177358716326e-05,1.227888027503461e-07,0.00011843332197001555,2.5242455560133003e-05,4.083093316743727e-06,1
0.07631495402135365,0.922689440487158,3.317657201871451e-05,1.3728492632161798e-07,0.0009219197660447575,3.641785509951647e-05,3.954013399270157e-06,1
0.06942210359035662,0.92868992021611,3.373299953439519e-05,1.3958742793180404e-07,0.0018092551742492967,3.894148074147256e-05,5.90695158023098e-06,1
0.05459352794900978,0.9431817792352573,0.0002012366585392475,1.4176563756065665e-07,0.001977619123190276,3.9696141014438456e-05,5.999127351357813e-06,1
0.09307431982915017,0.9064753067502319,2.759290138764051e-05,1.967239676737069e-07,0.00036028426295722066,4.6545652164664736e-05,1.575388014069283e-05,1
0.09112443734054605,0.8715220306486205,1.9215589554678847e-05,1.5097502173683855e-07,0.037281818599916375,3.73651283632732e-05,1.4981717977596551e-05,1
0.04886427729299802,0.9237781103042187,2.573306585346639e-05,1.535285558487236e-07,0.02728039759391426,4.748180138265243e-05,3.846413076785659e-06,1
0.03313676546178815,0.9666636283173736,2.5283236653020576e-05,1.2904778045427116e-07,0.00013299096908760268,3.8749229215161945e-05,2.4537381020255222e-06,1
0.037297115253569095,0.9624449355764452,2.784578433957046e-05,1.4516453298453976e-07,0.00019062166201686687,3.65747520364594e-05,2.7618070598608504e-06,1
0.07082981692368051,0.9019644729098117,2.5987515809589157e-05,1.6187296112140777e-07,0.02715273154595635,2.291626433131829e-05,3.912967449293669e-06,1
0.08176600522821843,0.9179666473613941,2.114915145618337e-05,1.491691879162985e-07,0.0002155992447938126,2.7824220226288818e-05,2.6256247232944506e-06,1
0.0193391819886484,0.9603097281481403,2.1149355287862468e-05,1.9850493915385658e-07,0.020293826674995352,3.316243819835784e-05,2.7528897905185772e-06,1
0.015391166398781717,0.9612637013339395,2.1172452997241833e-05,1.827457219066304e-07,0.02328995388108137,2.9848023704246912e-05,3.9751637741468244e-06,1
0.024404390022228252,0.967585225169937,3.665316922066429e-05,5.394068922743662e-07,0.007914862592717644,4.2058959373159395e-05,1.6270679630906544e-05,1
0.008210485923208903,0.9881749344464387,3.542472267665816e-05,1.7252325079788923e-07,0.0035373289219133843,3.7092400262203295e-05,4.5610622494244355e-06,1
0.005711941956228598,0.9910286588017189,2.7433972448179883e-05,1.4732068517969177e-50,0.0031943326555128955,3.465164381410117e-05,2.9809702775008557e-06,1
0.005143894630344478,0.9889192865140936,2.3932517843118234e-05,1.3161432436128836e-07,0.0058679786188011885,4.197535471827039e-05,2.800749875098139e-06,1
0.009647270445398086,0.9902108310242232,2.6736464149826968e-05,1.160593857896639e-07,8.779333455555312e-05,2.5095011249691712e-05,2.15766103785744e-06,1
0.0111250858331999,0.9886602989301796,2.3831435859836117e-05,1.1352309678332069e-07,0.00016325325433899036,2.5306514457481964e-05,2.110508867160529e-06,1
0.00477214915608776,0.9949852697655456,2.8330521482329857e-05,1.3127175531107655e-07,0.00018103913005603086,3.0831760972740676e-05,2.248394100368484e-06,1
0.005597431062062599,0.9940818727415048,2.883959649161424e-05,1.3363059540851155e-07,0.0002567000384725691,3.273413507208692e-05,2.2887958009949245e-06,1
0.006760626150747619,0.9813279410274033,4.012836608317559e-05,1.8593592879785817e-07,0.011811873741812105,5.60600720317209e-05,3.184705993326419e-06,1
0.8727108038760115,0.12724717676572697,1.1721130938945543e-05,1.6741850619544447e-07,7.540944607526221e-06,7.370056092076641e-06,1.5219808116525125e-05,0
0.8582086234649284,0.14176177000502416,1.1109112964792338e-05,1.778593402811669e-07,7.229257281593555e-06,5.351852971394787e-06,5.738447489258176e-06,0
0.7823837966305272,0.2175650271392788,1.6061287763111585e-05,2.085206741397756e-07,9.239671192852158e-06,7.030304934002916e-06,1.8636445630114758e-05,1
0.6665279437388655,0.3334295727672699,1.1129068992661129e-05,2.200495208803402e-07,8.742810382071656e-06,7.458529914489934e-06,1.4933035054458011e-05,0
0.3847197283528054,0.6152259222915426,1.606597368885228e-05,3.1766447085909836e-07,1.3185861902832534e-05,1.0928666797725277e-05,1.3851188791763925e-05,0
0.37378335414911423,0.6261628681548899,1.602740982917746e-05,3.169019669290448e-07,1.271300878211529e-05,1.0902434240584166e-05,1.3817941177194154e-05,1
0.2816580718110248,0.7183065933797804,1.0516937039843797e-05,2.0675802316266837e-07,8.482669102529103e-06,7.113132723940725e-06,9.015312305128042e-06,1
0.4146165215662394,0.5853514295468352,9.904439416401449e-06,1.9583553211905747e-07,8.403713406321342e-06,6.637802112844965e-06,6.907096457600041e-06,1
0.32328015731219956,0.6766911878841819,8.43884599454223e-06,1.6685708562922363e-07,8.508486451789529e-06,5.6555840686738815e-06,5.885030017813215e-06,1
0.3239893481315241,0.6759804457486518,8.89570895968742e-06,1.7589040878091453e-07,8.969119617956594e-06,5.961766561980825e-06,6.2036342755097615e-06,1
0.15256371564086893,0.8473135365859201,1.0827646241315269e-05,1.762198575993405e-07,9.946613038503887e-05,6.062522829945336e-06,6.2152538970467126e-06,1
0.17888608999754754,0.8209966587123756,9.45188251823333e-06,1.5382931380351845e-07,9.69278192211799e-05,5.292217004107635e-06,5.425542019623774e-06,1
0.19814599537940078,0.8017408461440467,8.029258261707874e-06,1.5001896463615654e-07,9.45269189887615e-05,5.161128889908175e-06,5.2911514473342434e-06,1
0.41777934667289945,0.5817035442630816,1.0204090159139024e-05,1.906536059536859e-07,0.0004941479464474267,6.427914124827643e-06,6.138459681759683e-06,0
0.468198658099314,0.5312163255419685,9.601860724527066e-06,1.794015284504908e-07,0.0005634103703772356,6.04854869108908e-06,5.7761773963348e-06,0
0.1838803316345323,0.8159933212469042,1.0564731364432863e-05,1.977879076540487e-07,0.0001007076098411323,6.822761683928444e-06,8.054227766461012e-06,1
0.12248986650132117,0.8774199194469183,9.818997986324633e-06,1.4308465875020505e-07,6.944748496668899e-05,4.922566741940792e-06,5.881917406867347e-06,1
0.03365917700244578,0.9662731077856249,7.88410860338339e-06,1.1488901317994136e-07,5.1040815198462186e-05,3.952546976271599e-06,4.722852137912658e-06,1
0.0333936120188758,0.9665351710983777,7.073764887225099e-06,1.0482296585114957e-07,5.603954286318381e-05,3.6896944915237218e-06,4.309057538835941e-06,1
0.029130813793852742,0.9708016709710167,7.546678045507327e-06,1.1183085495002301e-07,5.13232214695481e-05,3.936367246824684e-06,4.597137513559293e-06,1
0.03301777873202672,0.9669475300009084,1.166384462725911e-05,1.1925824446662448e-07,9.878517174139766e-06,4.102862410557405e-06,8.926784608315138e-06,1
0.05571087740104821,0.9442338594312509,7.369426708095906e-06,1.1341746076624112e-07,3.9840223059815124e-05,3.901920899136735e-06,4.038179573216617e-06,1
0.06458547212863197,0.9353137156362934,7.93691399066232e-06,1.154269005199233e-07,8.473780007571298e-05,3.912369302239267e-06,4.10972480542432e-06,1
0.06633272218494471,0.9334928692627639,8.09735364919355e-06,1.3178436709057608e-07,0.00015695348814079532,4.533800815643743e-06,4.692125318792583e-06,1
0.22887465244156016,0.7444240076023683,7.709712033630997e-06,1.9072301945384184e-07,0.02667798761353232,5.871729412344429e-06,9.580178073855977e-06,1
0.21172181682053198,0.7872075952639412,6.647989010205416e-06,1.5289004639797393e-07,0.0010502521732386836,5.273994567163749e-06,8.26086866448243e-06,1
0.1324954840893744,0.8666365024764122,7.892229346476237e-06,1.602736232410231e-07,0.0008455705871988877,5.528693581742592e-06,8.861650463188161e-06,1
0.14089008276294426,0.8585460816296884,7.818552024266288e-06,1.58777400708342e-07,0.0005416022738878379,5.477080872514369e-06,8.778923181982153e-06,1
0.08253140193515697,0.9174025443862168,8.160575323940367e-06,1.59776646541225e-07,4.551270553783365e-05,5.7166762946315414e-06,6.503944823326805e-06,1
0.060076293538146724,0.9398223749377508,7.414793816880689e-06,1.1890501030409122e-07,8.557066292913785e-05,4.1853725275868504e-06,4.041789818312498e-06,1
0.04330616015624907,0.9566164292789425,5.323967020595242e-06,8.664849572086223e-08,6.561844391367395e-05,2.980949957995114e-06,3.4005554204866757e-06,1
0.055794272606865286,0.9441244502960829,5.151479843514174e-06,9.644465540120386e-08,6.892619768814734e-05,3.3179651772979684e-06,3.785009687393455e-06,1
0.05847532754678199,0.9414392466433075,5.414432279614568e-06,1.0136758198870469e-07,7.244447052309875e-05,3.4873275843673147e-06,3.978211941541218e-06,1
0.11184530320762799,0.8880193915482508,8.623750950845366e-06,1.3709817772238642e-07,0.00011654157575392474,4.622285052840464e-06,5.380534185503036e-06,1
0.1146589581027111,0.8852078532609895,1.119853085324542e-05,1.6286074263720037e-07,0.0001106883956173724,5.602926842585157e-06,5.535922243397675e-06,1
0.12423054334526208,0.8751743179057463,9.040234783079452e-06,1.6890808814722006e-07,0.0005744630216523113,5.725102346077854e-06,5.741482122226217e-06,1
0.10610582558356821,0.8930294419451096,8.098982586875276e-06,1.5132169656115297e-07,0.0008462094617199495,5.129015487047867e-06,5.143689831795064e-06,1
0.25629135423820887,0.7415404409991965,2.400242170102059e-05,2.173349883128555e-07,0.002115071487685823,2.345816157243473e-05,5.455356647217696e-06,1
0.1304914027843211,0.868469965903031,2.5573598313329135e-05,1.6767519103569807e-07,0.0009718929925148369,3.616774766735119e-05,4.829298961250443e-06,1
0.10930696834758363,0.8904717156893305,4.030265791728978e-05,2.025035415702927e-07,0.00013101938898602976,4.413641541929964e-05,5.654997221862113e-06,1
0.03522533197561092,0.9646499329555971,2.88930961779743e-05,1.0736377722632979e-07,7.215751521305037e-05,2.0484889315733213e-05,3.0922043082077007e-06,1
0.03985348839433128,0.9600064886138885,3.379324909023813e-05,1.0621278239478192e-07,8.137767781750167e-05,2.12139608082098e-05,3.53189128190003e-06,1
0.04259050043512514,0.9572557599503957,3.7059551389938176e-05,1.0578154120213167e-07,9.062599993881402e-05,2.243073038123505e-05,3.5175512281477764e-06,1
0.08251249362118453,0.9172900354994705,3.367821445539648e-05,1.43588594164367e-07,0.00011385972377858264,3.6057207214444114e-05,1.3732145302192033e-05,1
0.11213251700265549,0.8574295170882227,3.290178508718138e-05,2.2982808274306144e-07,0.030332850013399408,4.843573966440872e-05,2.354854288808472e-05,1
0.07639778696495148,0.897682082260031,2.2279341563367618e-05,2.5689555513586493e-07,0.025848153789366494,4.2643129101915246e-05,6.79761943093895e-06,1
0.024736932731980594,0.9338303460033949,2.8018727632781026e-05,1.2543405606332342e-07,0.04135982812679206,3.983555535444371e-05,4.913420789117907e-06,1
0.05246727744889856,0.9156786242589472,2.4708435280320185e-05,1.7632451287719483e-07,0.03179473677228466,3.1373121769517056e-05,3.103638306522092e-06,1
0.023626482272906178,0.9478307519919126,1.872037171277719e-05,2.042329694830892e-07,0.0284851557854926,3.5853018219224724e-05,2.8323267873023364e-06,1
0.005960873702393453,0.9868321706358223,2.205139390622568e-05,1.4762045999342781e-07,0.007149292217954309,2.5274292760431402e-05,1.0190136703378605e-05,1
0.006811493927226726,0.9875700809955722,2.1452058574863886e-05,1.5942287694261854e-07,0.0055586158753834995,2.6120785986162105e-05,1.207693437970818e-05,1
0.01287263164357413,0.98358258569291,2.4691477609221694e-05,2.0799541721446348e-07,0.0034696658402989726,3.0469099946138208e-05,1.9748250244444773e-05,1
0.00821424014495374,0.9886267746738377,3.640207834351919e-05,1.52205942833327e-07,0.0030807583884812475,3.7109360658571415e-05,4.563147782392458e-06,1
0.005220994184840497,0.9946129063568367,2.3561804971873074e-05,1.2424377950921882e-07,0.00010907184983543141,3.115665230855379e-05,2.1849074274009367e-06,1
0.005220981019845797,0.99461039839127,2.736666748952669e-05,1.2424346622239245e-07,0.00010907157480537505,2.987320120493412e-05,2.184901918048947e-06,1
0.011223511611174502,0.9886218126679898,2.6505447686718458e-05,1.1467962648771285e-07,0.00010224533641677253,2.3678247184948646e-05,2.1320099208264014e-06,1
0.0048934618296570176,0.9948517684219039,2.8861932157691836e-05,1.3373408951799615e-07,0.00019072402678918838,3.2759486977080516e-05,2.2905684256135003e-06,1
0.007812269502436087,0.9845661338034739,4.066544109156563e-05,1.8842448116782342e-07,0.0075207051228760435,5.6810375784292735e-05,3.2273298568184023e-06,1
0.012824594276803747,0.9764602820177175,4.613254600245447e-05,4.756471749302671e-07,0.010606028085941343,5.9191022216331134e-05,3.2964041436367407e-06,1
0.8781684268185698,0.12180275566308621,1.10630890949999e-05,1.771224880100259e-07,6.706719555055729e-06,5.329680815518403e-06,5.540906390486441e-06,0
0.8653061660633571,0.1346666961884844,8.850197419751111e-06,1.53768222214439e-07,6.5089784586568955e-06,4.7340137317768764e-06,6.890790325993718e-06,0
0.7829061112657065,0.21704023960993513,1.980740995631758e-05,2.3135781698357283e-07,8.97250467455015e-06,6.748482298878311e-06,1.7889369611913525e-05,1
0.8389709269127102,0.1609990865296283,8.411459451641158e-06,1.5716002610505268e-07,7.464121699863117e-06,5.326904377601307e-06,8.626912106288505e-06,1
0.6622092248046354,0.33775685291061613,1.0644292987600234e-05,1.884089179034861e-07,8.758605682712868e-06,7.133640533540104e-06,7.1973366267730634e-06,0
0.6238743309050417,0.3760832302330979,1.2764116206951409e-05,2.523784925453167e-07,9.863542943885733e-06,8.5543132695423e-06,1.1004510947579402e-05,0
0.3635786691416508,0.636355099224253,1.621596318601363e-05,3.7550084662946247e-07,1.30796949280037e-05,1.1587028235695431e-05,2.4973446899750275e-05,0
0.2082302830124443,0.7917332806275981,1.2731946387454043e-05,2.2694188888874976e-07,8.161601187271767e-06,6.7547627443320865e-06,8.561107749647127e-06,1
0.3324675023781672,0.6674904237655959,1.5473480320784342e-05,2.381410273436595e-07,9.770220781726536e-06,8.192807749851317e-06,8.399206357376643e-06,1
0.3367559767471608,0.6632130259338704,9.61381151724652e-06,1.8900300123826806e-07,8.122175575106885e-06,6.406214987537131e-06,6.666113887519487e-06,1
0.2880297235023347,0.7119361391942481,1.0545871370761187e-05,2.0851824568002804e-07,8.960819621543384e-06,7.06767988814285e-06,7.354414290895377e-06,1
0.4902598478452441,0.5096878254914585,6.717961738996235e-06,1.2551865087662018e-07,3.6737914402949475e-05,4.318240276039673e-06,4.427028228491083e-06,0
0.5477480640908509,0.45209058064281066,1.0167241015058747e-05,1.8996511515385505e-07,0.0001383463644636173,6.535403348990965e-06,6.116292395728645e-06,0
0.15142610170881746,0.8484288227194671,1.570907838105215e-05,2.2891624202017192e-07,0.00011183075475670977,7.896544249893876e-06,9.41027808581315e-06,1
0.09502007059327341,0.9048867895511257,1.0047378812132779e-05,1.4641267578120564e-07,7.177371578104519e-05,5.153622957838086e-06,6.018725374094407e-06,1
0.03409442855711231,0.9658592130194363,1.149934601250437e-05,1.1757631053833861e-07,2.189561503539024e-05,4.04499854108432e-06,8.8008875521378e-06,1
0.03443665230253379,0.9655021375861925,9.123761173401502e-06,1.175328429071779e-07,3.912768025235434e-05,4.043503116505812e-06,8.797633888774394e-06,1
0.04792116012076001,0.9520185442465442,8.803406786523134e-06,1.134060183320928e-07,4.281540339241473e-05,3.9015272430573396e-06,4.661889255615938e-06,1
0.08696342722366197,0.9128623953008359,7.1575790118122835e-06,1.3373247660677002e-07,0.00015759184433829872,4.532832761098432e-06,4.761486914454623e-06,1
0.2171205514302135,0.7542187234876393,6.780521129558037e-06,1.559380120077152e-07,0.02863998393319838,5.379135185833158e-06,8.425554621411184e-06,1
0.18112218461566,0.8178264432492415,8.223731387657539e-06,1.713473301603616e-07,0.0010275924473456737,5.910684898423419e-06,9.473924136588518e-06,1
0.1336907563332167,0.8661756708583752,7.888032674850631e-06,1.6018839817501704e-07,0.00010920788340967831,5.525753713872239e-06,1.0790950211435594e-05,1
0.1152930511450795,0.8846421064018222,7.544278411533143e-06,1.532075137040099e-07,4.338906156690168e-05,5.284945710725625e-06,8.470959895486666e-06,1
0.060185262542655105,0.9397819313890705,6.738878241075771e-06,1.4487839908035574e-07,1.624838904986136e-05,4.574042614220179e-06,5.099879970222153e-06,1
0.0490960426768498,0.9508278529669633,5.64666802420483e-06,9.190051107374025e-08,6.359748081809489e-05,3.1616339365835902e-06,3.60667289694286e-06,0
0.056802253025658354,0.9431091377616073,5.424036205100575e-06,1.01547384164416e-07,7.56048475134176e-05,3.4935132807683313e-06,3.9852683509819555e-06,0
0.057661673604370176,0.9422505815064762,5.419098451848603e-06,1.0145494084224282e-07,7.482216572125842e-05,3.4205296644817336e-06,3.981640375242867e-06,1
0.06941229614991934,0.9304892989407143,6.0774581533513865e-06,1.1378057861435162e-07,8.391221993004209e-05,3.836085666812971e-06,4.465365037606604e-06,1
0.0820065889195264,0.9178951137843847,6.070811989102451e-06,1.136561508692765e-07,8.382045551438087e-05,3.831890614412559e-06,4.460481820195223e-06,1
0.07413753697248945,0.9257676033977411,5.858502732005375e-06,1.0968135260524118e-07,8.088907521933277e-05,3.6978812181269284e-06,4.304489247333372e-06,1
0.06075918938279019,0.9384415172795371,7.469005374253448e-06,1.1977435690322841e-07,0.0007835734921317915,4.059725376258869e-06,4.071340433749065e-06,1
0.187309938418325,0.8093309055366826,2.130097552829361e-05,1.9261789948974343e-07,0.0033141961019646136,1.74893865839097e-05,5.976963015634343e-06,1
0.13591777837105412,0.8629246772403355,2.6474271630354844e-05,1.733498832606896e-07,0.001106293693493707,1.8710607075553976e-05,5.892466527498446e-06,1
0.12316141979644747,0.8758723949188456,2.5030323510322307e-05,1.6411316956093472e-07,0.0009020494141827562,3.4428836558040454e-05,4.512597286095226e-06,1
0.10024197380834293,0.8984844035253372,2.389478148332975e-05,1.5505639437260845e-07,0.001212578128531172,3.2528841368525656e-05,4.465858542659745e-06,1
0.10757843587528468,0.8910882287502503,2.4056820738611898e-05,1.561078885111257e-07,0.0012704716585099553,3.41546441645131e-05,4.496143163297638e-06,1
0.048582524358689295,0.9512147332820531,3.5032835691658404e-05,1.301784185272985e-07,0.00013903204356586698,2.4218481536036097e-05,4.328820045210369e-06,1
0.04026126975050825,0.9596059798528096,3.377915075602218e-05,1.0616847107981457e-07,7.529980988517913e-05,2.0034849771308633e-05,3.5304177987326184e-06,1
0.08051781903965191,0.9176054377256553,3.6322517748444055e-05,1.575489762080277e-07,0.0017998215845880688,3.520255188551548e-05,5.2390314945367904e-06,1
0.048127722661949035,0.9516918766590673,2.9710864358899795e-05,1.2482910729203465e-07,0.00010966353868066967,2.8963371607272264e-05,1.1938075229811872e-05,1
0.08041223691585725,0.9193827592728019,3.380059124298109e-05,1.4411035314630164e-07,0.000121088837273794,3.6188228566363474e-05,1.3782043904475505e-05,1
0.0719682851322802,0.9278156127981877,3.147553619765124e-05,1.4890585747069934e-07,0.00013930257710821604,3.4704902611589364e-05,1.0470147757545551e-05,1
0.16776400489456939,0.8036236426543347,4.127774498537705e-05,2.9670759448918744e-07,0.028477751855077126,6.253044289281965e-05,3.0495700546137737e-05,1
0.07156888665632259,0.9078759157137106,2.4841918893473456e-05,2.083547195109943e-07,0.020483295222013264,4.0005143008199426e-05,6.846991332434335e-06,1
0.08405915618069765,0.8996781177883102,2.698194082989229e-05,1.6763197778940326e-07,0.016186041318031086,4.075821662397863e-05,8.776923529278207e-06,1
0.022113425653679054,0.9776349621389505,2.545565777304572e-05,1.4278424273045723e-07,0.00017196767015220841,4.962021820978115e-05,4.425876992629379e-06,1
0.026289016695796592,0.9735226372919205,2.5242708133670032e-05,1.287652480168233e-07,0.000124646366794855,3.576213093689685e-05,2.5660411697206415e-06,1
0.02744494989772633,0.9723278635671623,2.7358177417251193e-05,1.3955644068639925e-07,0.0001583623526628208,3.867133748867249e-05,2.655111101950765e-06,1
0.015248300713149433,0.9651873771654949,2.802027820947179e-05,1.5400189340244803e-07,0.01950018387020769,3.1513106443015285e-05,4.450864601965185e-06,1
0.0580472769572803,0.9077188131420741,2.369947365196715e-05,1.6653397673624632e-07,0.03416921200839406,2.5655001546482578e-05,1.5176883076396757e-05,1
0.014712901474152539,0.9693771501595709,2.007468851723118e-05,1.8227483197005046e-07,0.015854702351666063,3.223542783525217e-05,2.753623426164348e-06,1
0.01233716958512251,0.9758015038820728,2.4370282143229873e-05,8.671139186531117e-08,0.01180649353372092,2.5059488233829696e-05,5.316517314860894e-06,1
0.017405533409059613,0.9608406251136389,3.681845881076364e-05,4.5840294379923097e-07,0.021673836409989242,3.891258565671755e-05,3.815619900767681e-06,1
0.007828007564200328,0.9894793761458504,3.64334718545742e-05,1.5233720673820314e-07,0.002617908373188356,3.355502461378049e-05,4.567083086003432e-06,1
0.005387009504818275,0.9943186112997965,2.861324322570128e-05,1.2808026882391513e-07,0.00022201964673919782,4.110350554052778e-05,2.5147196107952106e-06,1
0.004775812866109218,0.9950017677045849,2.5366856140905654e-05,1.3124564357567597e-07,0.00016033246586558543,3.438693345683143e-05,2.2019281990758153e-06,1
0.013764285083485902,0.9860688988182778,2.821722974423347e-05,1.2208589742885815e-07,0.00010884857264245297,2.7358509984932273e-05,2.2696999674934255e-06,1
0.014126282980146952,0.9856974090102439,2.9844644946031823e-05,1.9138377605288622e-49,0.00011512636190164066,2.893639893617242e-05,2.4006038253172043e-06,1
0.01538660307302623,0.9844324988745545,2.9402323704079686e-05,1.1869677446800515e-07,0.00011342009816589013,3.5591908796972455e-05,2.3650249780107785e-06,1
0.014528152697219028,0.9851972683115016,2.7946851984044725e-05,2.371648189797161e-07,0.00020172504576718113,4.203314243234551e-05,2.6367862772703496e-06,1
0.013837980361516828,0.9858960639727155,2.674688431521154e-05,1.0184196261799078e-07,0.0001918660809531973,4.469799403790312e-05,2.5428644987320804e-06,1
0.004901227071567402,0.994845410566117,2.8701294583488664e-05,1.151573195884695e-07,0.00018966250932603716,3.257715668500629e-05,2.30624440166993e-06,1
0.8755508710246883,0.12438997232707857,1.27979039274585e-05,1.6991451602270968e-07,7.966594115143858e-06,7.4799348196519786e-06,3.074230085474946e-05,0
0.861731579559755,0.1382396076401265,1.090617207051597e-05,1.7461021195863936e-07,7.015617239362525e-06,5.2540855050369735e-06,5.462315091413194e-06,0
0.7976230750528254,0.2023362611225324,1.1233764459110354e-05,1.5827430364358817e-07,7.094846992982037e-06,5.459726366784407e-06,1.6717212519773395e-05,0
0.811931757485673,0.18801875055718797,1.5106624053844144e-05,1.950058693619486e-07,8.628417426692544e-06,6.609680876915532e-06,1.895222891235092e-05,1
0.8377004734487371,0.16225437519527214,1.0755302376084411e-05,2.009524758350189e-07,7.853693692710227e-06,6.811239790071324e-06,1.953016765592849e-05,1
0.7855637467954911,0.21439831890900335,1.0584697809159028e-05,2.0928594144798216e-07,8.558375292015599e-06,7.093700766659675e-06,1.1488235696440481e-05,0
0.3362581121879515,0.6636818498993523,2.097299163659132e-05,3.2277998687205926e-07,1.3563242594586615e-05,1.110465679702512e-05,1.407424168109457e-05,1
0.2683789661185601,0.7315788535720488,1.2358669730269455e-05,2.443618019312753e-07,1.0639730997617061e-05,8.282589311585795e-06,1.0654957549681461e-05,1
0.23480329351001114,0.7651609830342554,1.3363600119422932e-05,1.9763267686090123e-07,8.493025456347052e-06,6.698715936988209e-06,6.970481543778565e-06,1
0.2025694158751559,0.7974023049080405,8.564337863934822e-06,1.6272131672575578e-07,8.297592598824345e-06,5.515403095034288e-06,5.739161929251899e-06,1
0.19160228676644261,0.8083638192703231,9.134677116404693e-06,1.7067265227026544e-07,1.2784096998506185e-05,5.784911857342032e-06,6.019604609793054e-06,0
0.6141686893582718,0.3856901283571165,9.00995550937535e-06,1.683423490536493e-07,0.0001209081940714122,5.6756868451335874e-06,5.4201058366006925e-06,0
0.44256416093266826,0.5569104538330875,1.0322921678051273e-05,1.9287385854144646e-07,0.0005023455506013545,6.502770264569475e-06,6.021117841779609e-06,0
0.5348009483880312,0.46460491837817447,8.95172265559353e-06,1.8832822857814263e-07,0.0005726771705454504,6.349513687536988e-06,5.966498677346307e-06,0
0.5816458055435677,0.4174453894489816,8.708025801244212e-06,1.832012827761528e-07,0.0008879330524589954,6.176657962238815e-06,5.804069945459701e-06,0
0.5355569520982539,0.46405475723139467,8.77797853413189e-06,2.018754157540906e-07,0.00036496278242016005,6.963761677196445e-06,7.384272304253386e-06,1
0.4948677361792206,0.5047255472054162,1.0587307517499604e-05,1.9781365355185953e-07,0.00038289318682784007,6.669316173640287e-06,6.368991190885956e-06,1
0.13892239335660228,0.8609596237798253,9.987324906332127e-06,1.8697797683099362e-07,9.367240941797277e-05,6.4498694141216366e-06,7.686281857393637e-06,1
0.16908840922962076,0.8307988744147398,1.175483235470726e-05,1.712940748619836e-07,8.785562019738172e-05,5.893060257977575e-06,7.041548754593481e-06,1
0.09712387643903397,0.9027716734416987,9.084499664030108e-06,1.4442304242750297e-07,8.43156495494293e-05,4.968611391558505e-06,5.936935619982066e-06,1
0.09616733006014341,0.9037292239713216,9.197870264783826e-06,1.462253791205754e-07,8.294381665166835e-05,5.147030247439208e-06,6.011025991798417e-06,1
0.0411344379268212,0.9588004573018504,9.127025608409843e-06,1.1757489555626898e-07,4.698195769935359e-05,4.044949861206713e-06,4.833263264025764e-06,1
0.03286940353016417,0.9670662447837871,9.02145072514139e-06,1.1621487352869675e-07,4.643850412393442e-05,3.998160783609501e-06,4.777355542628003e-06,1
0.035278874281993805,0.9645956131308094,8.324249192475706e-06,1.0723348124364554e-07,0.00010536523183496444,3.689172361336353e-06,8.02670032703457e-06,1
0.04388306288391459,0.9560034542678788,8.613602165289542e-06,1.1096094372891933e-07,9.637949894299466e-05,3.817408910398363e-06,4.561377244089932e-06,1
0.058403018186881664,0.9414970533497119,7.786629569315576e-06,1.1324130735702733e-07,8.410082416032339e-05,3.895860662342314e-06,4.031907707367797e-06,1
0.21214266929509434,0.727307304471045,6.900369361666618e-06,1.707014833061177e-07,0.06053173245482374,5.136470422127611e-06,6.08623776956826e-06,1
0.20277898241861148,0.7564661628147549,6.800725891612258e-06,1.5640267989497972e-07,0.04073707270388269,5.395164063910606e-06,5.429770115427954e-06,1
0.13369892771007508,0.8662286127971172,7.888514803080176e-06,1.6019818912695514e-07,4.727129297215412e-05,5.526091456116064e-06,1.1613395387264867e-05,1
0.10832896179548253,0.8916392865236343,8.548876635436704e-06,1.4986155764849298e-07,1.245397663926986e-05,5.275021167899385e-06,5.323944882790242e-06,1
0.08475278277749625,0.9151531816372279,5.8076099873393485e-06,1.0872855197885104e-07,8.018639276961418e-05,3.665757767264422e-06,4.267096199620786e-06,1
0.09778596752672518,0.9011053029427211,9.297576898647923e-06,1.513179910557949e-07,0.0010890353636559685,5.101708132834204e-06,5.143563875169775e-06,1
0.0808113859316726,0.9181765796445178,7.137418754416025e-06,1.33355801596102e-07,0.0009956427885436717,4.5878631539936884e-06,4.532997555995174e-06,1
0.09152286293169125,0.9074925816631388,7.823032500528105e-06,1.461658347248873e-07,0.0009666635150993995,4.954258688728474e-06,4.968433046390054e-06,1
0.05633441925889777,0.9427424891076114,7.311077867171869e-06,1.1724180207829407e-07,0.0009077041743777486,3.973884989757277e-06,3.98525445402828e-06,1
0.059477542221565656,0.9396693358489735,6.278742527601049e-06,1.1664198867951032e-07,0.0008388081247529653,3.953554447068329e-06,3.964865744739313e-06,1
0.05176778707746388,0.9466939363727583,9.391044074829309e-06,1.212255436754883e-07,0.0015205346983107498,4.108913031424446e-06,4.1206688170155855e-06,1
0.08941469249673872,0.908683425243492,1.8391814078058078e-05,1.2479136128477714e-07,0.0018688930301722438,1.0230746946814376e-05,4.241877210760515e-06,1
0.11605294134920824,0.8825973764904386,2.393060049135935e-05,1.5508249402751198e-07,0.001292605619980572,2.7719331454504553e-05,5.271525932808733e-06,1
0.082238842861442,0.9165751676658552,2.7073257729502314e-05,1.5894517238826168e-07,0.00111875587650153,3.5423532071333955e-05,4.5778612278245975e-06,1
0.08088744375924946,0.9177374838242628,2.4299157589899482e-05,1.567795233648447e-07,0.0013096608667654967,3.644012534656664e-05,4.515487262334414e-06,1
0.05538264097614863,0.9444395292918668,3.5535721226929474e-05,1.2925119851084742e-07,0.00010793967326107073,2.992709907919803e-05,4.297987218702401e-06,1
0.059044930494449775,0.9407439310242696,3.741065334786661e-05,1.360707371438206e-07,0.0001413610764556371,2.7705923555491947e-05,4.524757184626595e-06,1
0.0786196729878746,0.9186611262270177,3.5952461985027074e-05,1.5594385876903288e-07,0.002645125031104871,3.278169219924646e-05,5.185655960034931e-06,1
0.07998405203298843,0.9181608365649166,3.493533222004286e-05,1.5153205685998601e-07,0.0017818020467885304,3.385813873451713e-05,4.3643522948739305e-06,1
0.05415810648064821,0.9453414648983683,2.452020433657181e-05,1.6486908786766576e-07,0.00042817529125261587,4.118333820421164e-05,6.3849181024835434e-06,1
0.05588834409131866,0.943737421209608,2.0585343879101793e-05,1.536971166300706e-07,0.00030192794189820484,4.126917095144411e-05,1.0298545228108383e-05,1
0.07576509997488683,0.9239343527777825,3.1419983413894465e-05,2.3059563423828551e-07,0.00019998574327363523,4.625433340054091e-05,2.2656591608389e-05,1
0.021955386397144866,0.9778243996851266,2.688642010578023e-05,1.4611840596705339e-07,0.00014638922108621162,4.388201244920545e-05,2.9101456814830175e-06,1
0.013262705178960152,0.9595704839555838,3.389795495640517e-05,1.6999738545575272e-07,0.027093129760701547,3.343780747065372e-05,6.17534494199556e-06,1
0.007814930734405852,0.9751984834546826,2.7996077489396313e-05,1.4669609229557786e-07,0.01692961051108604,2.6041549340602785e-05,2.7909769032183954e-06,1
0.015899770448437097,0.9637300435377061,2.4764007554355174e-05,1.6553241985198445e-07,0.020313830843733015,2.4954557238999717e-05,6.471072910459686e-06,1
0.006833742763741009,0.9789736010048372,2.401836560429993e-05,1.4821769680180932e-07,0.01413705326086572,2.7047574927491184e-05,4.388812327149185e-06,1
0.007066809903606627,0.9826074999743999,2.7037065637533822e-05,1.4999141233664443e-07,0.010264166315857434,2.393925732587318e-05,1.039749176028456e-05,1
0.008266920005271107,0.9823273503219019,3.0133275170959035e-05,1.5373735102444706e-07,0.009338803441829894,2.598205607101149e-05,1.0657162404318117e-05,1
0.018601941737166238,0.9653154479883976,3.6260474245000246e-05,5.759605877508647e-07,0.015992087966248146,4.889173599104296e-05,4.7941373640972165e-06,1
0.0067445672848503255,0.9900630700150321,3.6454963959076014e-05,1.524270704541784e-07,0.003113079223671985,3.810630820768768e-05,4.569777208247523e-06,1
0.005535022184875201,0.9941931860936478,3.0196728697696927e-05,1.315993834336225e-07,0.00020003583931007336,3.8843740408951e-05,2.583813676594163e-06,1
0.004838578425880314,0.9949158914950419,2.570023706891796e-05,1.1504090069973831e-07,0.00018053718261633347,3.6918912981045204e-05,2.2587055109237804e-06,1
0.016008581154389852,0.9838086605210548,2.9673967822776747e-05,1.1979339802119973e-07,0.00011446797121561553,3.6109716993015824e-05,2.386875126057381e-06,1
0.016041621971865448,0.9836104753088235,2.803566303464095e-05,1.4212445523760724e-07,0.00027031898394418397,4.6773408499415264e-05,2.632539377538785e-06,1
0.0046573657183041454,0.9950899001972779,2.8630122255964896e-05,1.1487175705251251e-07,0.00018919219178710294,3.249637314896634e-05,2.3005254686291908e-06,1
0.0061710102873567445,0.9934932541717658,3.290129376764707e-05,1.524507971933465e-07,0.00026445235181886927,3.5585716200048106e-05,2.6437282938096214e-06,1
0.8584005754981743,0.14156187632418146,9.706075445064284e-06,1.504506084523531e-07,6.8653928730954354e-06,5.189845318895173e-06,1.563641339875565e-05,0
0.8388313784033153,0.16112762715582157,1.0616537337279369e-05,1.6883845272367318e-07,7.568398413577981e-06,5.824140311103902e-06,1.6816526348403505e-05,0
0.8393458521108413,0.1606113732843842,1.1821390199525002e-05,1.66553456656428e-07,7.449671192478437e-06,5.745318588378586e-06,1.7591671337239006e-05,0
0.8557692841629303,0.14418261534243862,1.069919859176929e-05,1.5074271966628461e-07,6.742482075831675e-06,5.199921795366847e-06,2.530814944849474e-05,1
0.7004723070568263,0.2994940801097983,1.0540338841504392e-05,2.0840885374319877e-07,8.673067509741e-06,7.063972072602143e-06,7.127046097935489e-06,0
0.5802595097986196,0.4196987843978292,1.2429614050706516e-05,2.457645485340371e-07,9.859222062024552e-06,8.455081093450983e-06,1.0716121796250532e-05,0
0.6126320969336855,0.38732031460166805,1.4025500431444907e-05,2.7731921260274933e-07,1.1652976980142579e-05,9.540661764743839e-06,1.2092006257280757e-05,0
0.24612003054875853,0.7538399224901648,1.1699149535921712e-05,2.313214386382783e-07,1.0071941938721067e-05,7.958192237272639e-06,1.0086355926100438e-05,1
0.27586231124224453,0.7240978957826044,1.3750491398335643e-05,2.2229700758147006e-07,9.120187593941384e-06,7.647723144546663e-06,9.052276006658186e-06,1
0.3500664237186125,0.6498979568355656,1.2993958670849477e-05,1.9998052170465386e-07,8.593921251224023e-06,6.778295619469009e-06,7.053289758548392e-06,1
0.23157766363188528,0.7683964306824856,7.93750109026857e-06,1.4830457017920965e-07,7.56244435979333e-06,5.026750654634267e-06,5.2306849540866955e-06,1
0.543073559589629,0.45690507382935486,6.037774755020522e-06,1.1281001157656585e-07,7.413529822784088e-06,3.823670429418075e-06,3.978795997391384e-06,0
0.5981193567350426,0.40174510419745113,9.576410827596229e-06,1.789260216149632e-07,0.00011395820512951847,6.064657988605989e-06,5.760867538838592e-06,0
0.6218956191326552,0.37796528019723835,9.195657628382325e-06,1.7181201445936026e-07,0.00011840871495297286,5.7926671202153655e-06,5.531818390347654e-06,0
0.4543486910896901,0.5451016954828156,1.1985839986014972e-05,2.2439323164346222e-07,0.0005214962413493029,7.565450524691985e-06,8.34150240254999e-06,1
0.10175588323790348,0.8981487687395814,1.0377785087833639e-05,1.5122743073618445e-07,7.339965594031314e-05,5.202703962209572e-06,6.216650093815278e-06,1
0.16007023001120227,0.8398397436319736,9.802110014507707e-06,1.4283856340648738e-07,6.929550703502507e-05,4.914100280442317e-06,5.871800931078778e-06,1
0.040162858199909154,0.9597653624512255,8.953343136267801e-06,1.1533750745217089e-07,5.400140279867876e-05,3.9679766037922e-06,4.741288819313369e-06,1
0.032933546113494305,0.9669950734496967,8.90358514068218e-06,1.1469652194549298e-07,5.370129126255437e-05,3.9459246663951435e-06,4.7149392173210244e-06,1
0.03206937159116054,0.9678109560284457,7.260555248029078e-06,1.0759092887000002e-07,0.00010054930832579959,3.7014696950466714e-06,8.053456196060571e-06,1
0.062010636950707715,0.9378913420636918,7.670823514882527e-06,1.1155713464955253e-07,8.242874171151674e-05,3.837919771754084e-06,3.9719434674778675e-06,1
0.18965204161852953,0.7484616457825625,6.168816210856856e-06,1.5260430597902903e-07,0.06186995826267404,4.59191969963686e-06,5.440996017490563e-06,1
0.17489325427656358,0.7627924933983333,5.8526119212774245e-06,1.4478203757136666e-07,0.06229863547354101,4.4573589009935615e-06,5.162098702104967e-06,1
0.22548135447279824,0.714495621881477,7.004852511976626e-06,1.7328618968973465e-07,0.0600043322061823,5.33490723703942e-06,6.178393603896913e-06,1
0.22020358200317924,0.7362862672429208,6.901343593856817e-06,1.707255838826572e-07,0.04349209359410938,5.4749862799497255e-06,5.510104332897949e-06,1
0.19251922754061876,0.7785254731504068,6.653365933510778e-06,1.5301370455269912e-07,0.0289349471190467,5.27826019760583e-06,8.267550092080523e-06,1
0.18515176051391574,0.7976051507171489,8.511972249154453e-06,1.72859223092413e-07,0.017218883581453497,5.962838163450344e-06,9.55751784608778e-06,1
0.12146776168749553,0.8784977159830212,1.1017528314529768e-05,1.511953679773968e-07,1.2564820560406375e-05,5.321970351061043e-06,5.466814889179279e-06,1
0.06735981775897174,0.9325638755680474,4.95471483559237e-06,9.25751200148638e-08,6.497484976442894e-05,3.1377779681662196e-06,3.1467552925204366e-06,1
0.059896445368632686,0.9400293952668823,5.7998941337203345e-06,9.439429284273274e-08,6.13780521184578e-05,3.1824815641892e-06,3.704542375708854e-06,0
0.08936466659413111,0.9105413342082348,5.773355583756515e-06,1.0808725001322665e-07,8.023169033580813e-05,3.6441364210875064e-06,4.2419280434141485e-06,1
0.09184868937281414,0.9080558417701048,5.8961284309303126e-06,1.1038577107862678e-07,8.140857791989349e-05,3.721630522640062e-06,4.3321344365318e-06,1
0.06623276974698189,0.9336680844370757,7.109659718697034e-06,1.1571095713576179e-07,8.347815381145965e-05,3.90116792837014e-06,4.541123527006345e-06,1
0.05763438502496268,0.9413026462935943,6.852217050054539e-06,1.272955882596742e-07,0.0010473475126756716,4.314655852096421e-06,4.3270002771813255e-06,1
0.06133375110887436,0.9371187776893533,9.175005765494394e-06,1.1843678437511901e-07,0.0015301374965739376,4.0143886508081975e-06,4.0258739978811306e-06,1
0.05973997071428413,0.9389886039323116,9.03633294232288e-06,1.1664670776084358e-07,0.0012542943303466923,4.013017252833841e-06,3.965026154589461e-06,1
0.15250745705638855,0.8440188612900763,1.866284834987757e-05,1.717752524448157e-07,0.0034342311020755323,1.528571538169864e-05,5.330212475495228e-06,1
0.06043103248228513,0.9394103449232933,3.4504246716264016e-05,1.4407609995277415e-07,8.877183452783125e-05,3.105287426885245e-05,4.1495628087354e-06,1
0.05303750050609015,0.9467811335690601,3.197305517427486e-05,1.1658149351334845e-07,0.00012111410405922991,2.428550232149606e-05,3.876681801256617e-06,1
0.0651054868160802,0.9276965885753669,3.1432352878906895e-05,1.4724239150850546e-07,0.007130775783214181,3.067292705832774e-05,4.896303010090082e-06,1
0.07458316193533757,0.9216417774408625,3.3202008315243633e-05,1.6120796712779677e-07,0.0037014930771009386,3.4843625210650685e-05,5.360705205964676e-06,1
0.07203859286101685,0.9260429860183973,7.74384744214504e-05,1.4205533928518381e-07,0.001790601166706711,4.022438851465575e-05,1.001503560369599e-05,1
0.04367808009766092,0.9561301857999893,4.899070787037112e-05,1.0949426464847091e-07,0.00010432656313397535,3.0587974790454156e-05,7.719362290226954e-06,1
0.044368061232025795,0.9554523048156963,3.286347840307551e-05,1.0941663496896002e-07,0.00010573992341435874,3.045703576375328e-05,1.0464098061651838e-05,1
0.07797751344642254,0.9218150171768971,3.762653851667227e-05,1.444916019156165e-07,0.00012140918185126881,3.447065994685043e-05,1.381850476354987e-05,1
0.06708201186202581,0.9327120778633435,2.676824441764677e-05,1.4600269362742948e-07,0.00013658664496152753,3.402827363165824e-05,8.381108926232481e-06,1
0.0751288908468845,0.9246633210044247,2.615083809390896e-05,1.4474277622135662e-07,0.00013891354916303818,3.427023377363722e-05,8.308784883737084e-06,1
0.013213817555931496,0.9591746943354533,3.1781256359103216e-05,1.789852056529137e-07,0.027536343471130115,3.473109822437544e-05,8.453297696191542e-06,1
0.009275587631569257,0.9832588394224699,2.6773776087284847e-05,1.5223039327103797e-07,0.00739413140926585,2.8340549345707852e-05,1.617498086879674e-05,1
0.0120850105767015,0.9828903386764943,2.3560493503996452e-05,1.6887693817038525e-07,0.004966326906708858,2.9253032145264223e-05,5.341437508041891e-06,1
0.011118644870722056,0.9859203921587779,2.9150506680429567e-05,1.6939755184868186e-07,0.0028919737559878022,2.934321336735098e-05,1.0326096912490025e-05,1
0.008462995405401302,0.9881703673983536,2.9999426785340987e-05,1.6414470646757909e-07,0.003305752415219993,2.5109515634520355e-05,5.6116938985833945e-06,1
0.005910141559861731,0.9892834604342036,3.435430144694842e-05,1.523070441567609e-07,0.004733939057868614,3.3386160765846086e-05,4.566178809113468e-06,1
0.005072994490177837,0.9877003675091783,2.9835307231786688e-05,1.4757508614519012e-07,0.007151772616711894,4.04581873292878e-05,4.424314284608545e-06,1
0.0048309312811423465,0.9949261298851629,2.654507305200662e-05,1.1568522146277954e-07,0.00018154833477659237,3.2486379230218145e-05,2.243361414451213e-06,1
0.017996140119835035,0.9817247679753582,2.81517716429833e-05,1.6074579041262816e-07,0.0002058825562005288,4.249118360703673e-05,2.4056475655413844e-06,1
0.016568725469436062,0.9832093814308152,3.055782259923173e-05,1.642419485441409e-07,0.00014657439695296923,4.213866878793878e-05,2.457969460106908e-06,1
0.016956539689796244,0.9828073614878564,3.066215070393752e-05,1.6609071095908922e-07,0.0001589833659490035,4.382085371810052e-05,2.4663612653268296e-06,1
0.016998292873513298,0.9826745877030661,2.7087360061932157e-05,1.6606827269379257e-07,0.0002535850333408376,4.381493367636204e-05,2.466028068677425e-06,1
0.018969105574277324,0.9807966036611315,3.0075101042537377e-05,1.483840758953659e-07,0.0001612976770953873,4.026733844195045e-05,2.502263935604839e-06,1
0.017221661926727107,0.9824559872833791,2.6307289578935972e-05,1.8362399880611397e-07,0.0002535286221998472,3.98841223916122e-05,2.4471317242851504e-06,1
0.016604230927039883,0.9830330466497017,2.9127325062353304e-05,1.5705912890955477e-07,0.00028210830586107593,4.859468712950862e-05,2.7350460766443383e-06,1
0.009204663837467514,0.9905517170260004,2.4457128452502388e-05,6.591977829996725e-08,0.0001816839329723486,3.5086981190658605e-05,2.325174138037046e-06,1
0.0076045342773212055,0.9920862002706807,3.3055661151581394e-05,1.5316607091199214e-07,0.00023988604817742413,3.2036686337813585e-05,4.133890260304055e-06,1
0.8674723727427976,0.13238375213642134,1.29485819646555e-05,1.709327784620184e-07,8.02585838398268e-06,7.576032620835447e-06,0.00011515371503319799,0
0.8962317226260396,0.103719929707936,9.804647289707424e-06,1.4004445574120522e-07,7.281764534075384e-06,6.165002410140439e-06,2.4956207334722544e-05,0
0.8786562408494689,0.12130429590038057,1.1119347650044375e-05,1.78023199841573e-07,6.829080052174714e-06,5.356783565840178e-06,1.5980015682446555e-05,0
0.8541219791958636,0.14582551353175607,1.1822683648799089e-05,1.6657168027006165e-07,7.450486305729373e-06,5.7459472181786455e-06,2.7321583527269342e-05,0
0.8170307427808858,0.1829027021861146,1.4729566639533915e-05,1.9013857349128553e-07,8.41305436788457e-06,6.444704958273315e-06,3.6777568460133665e-05,0
0.8456317483047823,0.15432354776986992,8.755380217153228e-06,1.6265119260499246e-07,7.724917883508215e-06,5.513026253447231e-06,2.2547949800967364e-05,0
0.853387127910943,0.1465811918999718,9.05746656844584e-06,1.6169536973640587e-07,6.166384135012515e-06,5.480628848400468e-06,1.0814014163642708e-05,0
0.24134295188931335,0.7586137581965223,1.3158717401129352e-05,2.5001393638972143e-07,1.0505606943423766e-05,8.474167160837119e-06,1.0901408722671144e-05,1
0.4092761740820858,0.5906682383426759,1.2461190682715474e-05,3.1451521364371575e-07,1.1680405260406383e-05,1.0021245941564692e-05,2.111021813982365e-05,1
0.4151713361860075,0.5847854489411417,1.3468492374693935e-05,2.663057705892828e-07,1.0925736749889706e-05,9.16176437739758e-06,9.392573578309724e-06,1
0.3283926054596094,0.6715693378916517,1.1849482316489375e-05,2.708096131062967e-07,9.61238428257106e-06,8.060454129356996e-06,8.263518397324376e-06,0
0.5539430727259294,0.44603391266882464,6.503473927167177e-06,1.2151115249895238e-07,7.985342260517757e-06,4.118593679421891e-06,4.285684226466981e-06,0
0.6618614059152894,0.3380148474939282,8.95320624527146e-06,1.672820436596466e-07,0.00010360019673504057,5.639938494166669e-06,5.38596726429895e-06,0
0.5205358498096759,0.4789207139772533,9.917791997159985e-06,2.0907126164202588e-07,0.000517060580305072,7.048868071925038e-06,9.199901434901622e-06,1
0.04004263197609773,0.959812906417682,7.735895016631129e-06,1.146347768245524e-07,0.0001240865697582012,3.9438004381132715e-06,8.58070623051508e-06,1
0.36403491490449963,0.635704148903867,8.92976440235506e-06,1.6684405538117096e-07,0.00024054308949142408,5.625171655492731e-06,5.671322028911852e-06,1
0.431041102155481,0.5684398868801778,1.1763228322753113e-05,2.474772775718267e-07,0.000490244339587875,8.34373249916012e-06,8.412186653829246e-06,1
0.14614906793528062,0.593451494701056,6.743348674316007e-06,1.3694241225931037e-07,0.2603755107348909,4.7238754600801294e-06,1.2322462225927924e-05,1
0.20140588301246662,0.7881800349914103,8.927105643052785e-06,1.8128965893601093e-07,0.010385577553081258,6.253648938157175e-06,1.3142398801885303e-05,1
0.20488107158931018,0.7932988872568876,8.675619660568159e-06,1.7618253801521105e-07,0.001795197438939737,6.077477051074119e-06,9.914435612980427e-06,1
0.07896205053677435,0.9210093125214409,9.595638461839599e-06,1.3168253775237258e-07,9.211330417419869e-06,4.530297562968211e-06,5.167992804726697e-06,1
0.04989698553512892,0.9500839086097345,6.581074149577443e-06,8.743125606489408e-08,6.502011632895232e-06,2.9634297958833423e-06,2.9719083022494712e-06,1
0.05626969035488103,0.9437102621691775,4.725789898083819e-06,8.779333237857485e-08,9.273974783498553e-06,2.975702154587063e-06,2.9842157727252137e-06,1
0.06291730356561626,0.9370424055818013,5.0071178853018515e-06,9.301970130776547e-08,2.8876000991835404e-05,3.1528467834775225e-06,3.161867220392302e-06,1
0.0685002209861864,0.9314192296676436,5.230198420085234e-06,9.772232358616753e-08,6.858747029031843e-05,3.312239334903952e-06,3.3217158011007e-06,1
0.07192856116624395,0.927985639697817,5.491185206877909e-06,1.0259866539620775e-07,7.325879264889506e-05,3.4590900710263136e-06,3.487469346939139e-06,0
0.06287953725310393,0.9370389340372087,5.416957489168777e-06,8.816193188361557e-08,6.959128046026259e-05,2.9723589682520778e-06,3.4599508376141736e-06,0
0.08294502397354296,0.9169694708764355,4.665593743931017e-06,9.835380075215543e-08,7.356529215477253e-05,3.3159754497357844e-06,3.859934872391348e-06,1
0.07820577376151033,0.921688914049403,7.018441194053991e-06,1.1422635967082251e-07,8.984554656569122e-05,3.851115071146209e-06,4.482859896291928e-06,1
0.06797889935243867,0.9319338097099792,6.3893842811063435e-06,1.0398834823707967e-07,7.321055707105375e-05,3.5059429038401996e-06,4.081064977795312e-06,1
0.06283437009800974,0.9360679537467257,6.511545127710208e-06,1.2166195511475697e-07,0.0010827837398738787,4.123705100781329e-06,4.135503207150368e-06,1
0.0590271902670791,0.9394194745113725,9.104644564515333e-06,1.1752851743755766e-07,0.0015360746937477673,4.0433543066118654e-06,3.995000411888781e-06,1
0.06840550631390953,0.9293384373618332,8.603231430784256e-06,1.1105595919395434e-07,0.0022397463723163344,3.820677744193941e-06,3.7749868065703247e-06,1
0.07918112106738281,0.9190371239098324,1.701605133609788e-05,1.154565939450554e-07,0.0017517326381994603,8.966304556136051e-06,3.924572098944674e-06,1
0.08091024265832404,0.9167817969876526,2.674744763175804e-05,1.568237131718657e-07,0.0022407746394765117,3.495073017706529e-05,5.330713025018739e-06,1
0.08265635402013342,0.9157642428086149,2.622617754020487e-05,1.6321818996490872e-07,0.0015094000546221641,3.91257327442294e-05,4.4879881550489945e-06,1
0.06747627027886784,0.9323175340830987,2.54154238607818e-05,1.2340262200392403e-07,0.00015340594496297848,2.3147361952966233e-05,4.103504634680171e-06,1
0.07778755137347869,0.9220055327822329,2.8135169688429216e-05,1.2203771364157493e-07,0.0001517091815254287,2.2891337993484073e-05,4.058117367376927e-06,1
0.08323406631894668,0.9113821081355429,3.4946869669656555e-05,1.5158210056530614e-07,0.005308862355024228,3.4824125834743894e-05,5.040612881045288e-06,1
0.07953945825698781,0.9169403154762085,6.001301030772907e-05,1.5722265120813668e-07,0.003420555171848906,3.497261198161261e-05,4.528250014057509e-06,1
0.08627113236428445,0.9101955246714718,4.615721816194127e-05,1.6264335645579936e-07,0.0034316011915130765,4.605409125996902e-05,9.367819952320292e-06,1
0.058845684489301046,0.9409957432531244,3.0558343246626185e-05,1.0767909319610744e-07,8.982477463038382e-05,3.049006817733209e-05,7.5913924271052985e-06,1
0.08055238897141179,0.9123964236632018,3.01442273246554e-05,2.0714392479120515e-07,0.006956547816136765,5.565900419057764e-05,8.629173809574384e-06,1
0.07175618391449501,0.9221203965605445,2.7027224054562373e-05,2.0477383321796295e-07,0.006037980232485087,5.027688827365001e-05,7.930406314247153e-06,1
0.11306205423016438,0.8767972661146666,5.118134984277115e-05,3.1386003304108125e-07,0.009987802449571061,6.614527985440232e-05,3.523671586768118e-05,1
0.15959140154289397,0.8300355743906429,5.172080510478518e-05,3.7584300560227516e-07,0.010224782591243953,6.1005320157375664e-05,3.5139506951132484e-05,1
0.017592079084631944,0.9641424591124935,3.031200562383153e-05,1.5549544936642179e-07,0.018184666028055924,4.5505501304104116e-05,4.822772441255451e-06,1
0.00787673237519068,0.9792733343748756,2.4569625291935548e-05,1.508275703878549e-07,0.012781840807136801,2.962649219684855e-05,1.3745497737671281e-05,1
0.009704120122411645,0.9732360751518083,3.041393974635422e-05,1.6811241102133983e-07,0.016983403089228227,3.0498852518715166e-05,1.532073187565158e-05,1
0.012992052448838352,0.9750531590552446,2.914694332431912e-05,2.0503790817951142e-07,0.011884567842398719,2.7546422997681756e-05,1.3322249288267892e-05,1
0.018303981777871892,0.9689815398499477,2.905934627239703e-05,4.5976835283391976e-07,0.012647252590343421,2.9138207730334444e-05,8.56845948157462e-06,1
0.02157785461429976,0.9699100195696566,3.7111711440523746e-05,4.382651963022113e-50,0.008424114158185742,3.781493384573693e-05,1.3085012571591745e-05,1
0.0075923325643925,0.9896355044132349,3.004390623145527e-05,1.643880799719634e-07,0.00270924060502652,2.7094108808955483e-05,5.620014225440235e-06,1
0.006405166455365542,0.9911046082243603,2.5346126338613986e-05,1.3868373211633943e-07,0.0024332776478803615,2.841648734302866e-05,3.046374979935368e-06,1
0.008626960816168015,0.9882219106434104,2.965662208840331e-05,1.6218603498260153e-07,0.0030845149560726746,3.3232141506207024e-05,3.5626347194885464e-06,1
0.010291546264324011,0.9894845620979992,2.491947930581941e-05,1.3779606755987385e-07,0.00016338047826459142,3.3332113909111966e-05,2.1217701299527483e-06,1
0.015010404876406473,0.9847949132959186,2.516715466021911e-05,1.5711232487984173e-07,0.0001340856815558521,3.247874427667128e-05,2.793134857145583e-06,1
0.016716412993354798,0.983053694874483,2.6151458747382195e-05,1.6325709196260485e-07,0.00015749234388622545,4.318269622503783e-05,2.9023762113234477e-06,1
0.02817679599043568,0.9715555454814283,3.5722325870259685e-05,1.5867750600793378e-07,0.0001810717920969461,4.7837891796051044e-05,2.867840866900711e-06,1
0.018998028212593106,0.9806629657250313,2.688086752201594e-05,2.2880405042359624e-07,0.00026243557162177145,4.693671471577408e-05,2.5241044653259325e-06,1
0.009811984957295681,0.9899446990755627,2.4429354840002107e-05,1.0969925313114648e-07,0.00017549345946656436,4.098954533694913e-05,2.293908244820538e-06,1
0.00898041921883359,0.9907741778141592,2.8460628395671868e-05,6.947958715065756e-08,0.000174097002137626,4.0500202000327166e-05,2.275654886603493e-06,1
0.8662950047317218,0.1336658423586673,1.129685516399056e-05,2.0905374976917212e-07,7.266932093739119e-06,5.4422984146826145e-06,1.493777018845576e-05,0
0.8254123380885443,0.1745290724003728,1.0283059252334784e-05,1.9103132126041203e-07,7.563700705614581e-06,6.572084225655418e-06,3.3979635578217946e-05,0
0.8159353286100893,0.1840253917267499,9.381285444709528e-06,1.8549147001526712e-07,7.681805112779644e-06,6.2871924122202766e-06,1.5743888721112586e-05,0
0.6781610443058903,0.3217978542177729,1.222971241458169e-05,2.418119933579059e-07,1.0210617026061327e-05,8.196164113091314e-06,1.0223170789642252e-05,1
0.5516194010431115,0.44832532411645715,1.6801742823175448e-05,3.192309503560978e-07,1.3414111777309174e-05,1.0820262563337991e-05,1.3919492317155628e-05,1
0.346823275898027,0.6531182817252332,1.4204833247941689e-05,2.950304993239638e-07,1.1681447739517532e-05,1.0384865562122257e-05,2.187619969088532e-05,1
0.47894306877474047,0.521006103294329,1.6045187712632015e-05,3.1544082465924944e-07,1.24895748629743e-05,1.0852166305465452e-05,1.1125561224822858e-05,0
0.2918381284531296,0.7081291354468757,1.2246075885345836e-05,1.8110574520596615e-07,7.782800540659332e-06,6.138539238352747e-06,6.387578585088713e-06,0
0.6798236129991734,0.320057844499126,8.670494492453932e-06,1.6199984659165277e-07,9.903226214567542e-05,5.461848449797255e-06,5.215896766178573e-06,0
0.7282614719424497,0.2716022185390034,7.179504650730058e-06,1.510439325436049e-07,0.00011643889625312956,5.092468210133957e-06,7.447605500409402e-06,0
0.6253940755533024,0.3742967940137882,8.527759280725078e-06,1.7940879771071122e-07,0.00028869055228095516,6.0487937752573654e-06,5.683918774827179e-06,0
0.647273730817189,0.3522716770066274,8.764081348043742e-06,1.9833129164491156e-07,0.0004338204699589068,5.967861518166103e-06,5.841432066551369e-06,0
0.639751255187192,0.3598206335273802,1.0331873992828278e-05,2.3381046258402152e-07,0.0004036237615443697,7.035442822093862e-06,6.886396605931414e-06,0
0.6574786920638401,0.34215304144718256,8.66940016839782e-06,1.9618865513711248e-07,0.0003473601598252134,5.903388797516426e-06,6.137351531154161e-06,0
0.4839294231111766,0.5156954020456959,9.68908578766256e-06,2.0384102961366405e-07,0.0003519514206106931,6.872530036444083e-06,6.457965663252619e-06,1
0.45410010147359847,0.5452992238353052,1.2295865261249345e-05,2.3019737832672896e-07,0.0005720904294617515,7.761138176448254e-06,8.297060818640914e-06,1
0.12450496624724659,0.875370052588736,1.0569744836195598e-05,1.9788176750299598e-07,9.925302363186302e-05,6.825999411596692e-06,8.13451437033169e-06,1
0.05358037754562272,0.9463123405638605,1.1606590859897424e-05,1.7199289158627346e-07,8.251592931297146e-05,5.917101772950236e-06,7.070275679553244e-06,1
0.03055933570388009,0.9693059106505105,7.281612118549281e-06,1.0790296123955967e-07,0.00011557511331303246,3.7122045996704203e-06,8.076812616963313e-06,1
0.046246273847852556,0.953616409052155,7.402529083657719e-06,1.196728186769449e-07,0.00011671995646186528,4.117125080207773e-06,8.957816548255598e-06,1
0.08826467194020134,0.911616607347775,6.487148918852522e-06,1.2051361358246354e-07,0.0001036761633744491,4.146051095581126e-06,4.290835021128235e-06,1
0.07828122284933628,0.9216130659747664,7.82978044707068e-06,1.1386885253136658e-07,8.979582520629768e-05,3.917450209616287e-06,4.054251181531008e-06,1
0.08684596205384806,0.913004333802634,9.271147645034987e-06,1.3483072113266952e-07,0.00013107642742317884,4.638605070850206e-06,4.583132657539535e-06,1
0.47206720291040716,0.525520177963317,1.1120509358575892e-05,2.339556204948572e-07,0.0023856053823919474,7.887847859153666e-06,7.771431045512967e-06,1
0.17498183542195164,0.8075397585056635,1.1280943682235206e-05,1.7934154530189735e-07,0.017450667134563332,6.18644809045916e-06,1.0092204503686745e-05,1
0.07484108770872572,0.9251349537908907,9.121394945899357e-06,1.3262151548269818e-07,6.857009561749805e-06,3.947340016913603e-06,3.900134343321769e-06,1
0.05583407656188221,0.9441475714150998,5.712603342238493e-06,8.791949171117041e-08,6.538320316935247e-06,3.0246757654935696e-06,2.9885041014627974e-06,1
0.05833032643670198,0.9416498419433313,4.664521171593862e-06,8.665511299405972e-08,9.15373993668166e-06,2.981177610651942e-06,2.9455261348214523e-06,1
0.06413133830115315,0.9358474619649578,5.000732663544348e-06,9.29010798903608e-08,9.799438847815011e-06,3.1488261819376564e-06,3.157835115730007e-06,1
0.085715354473692,0.9141909776582132,5.973158530001139e-06,1.1160397442258713e-07,8.002683147485511e-05,3.7627019642159484e-06,3.7935721511806186e-06,0
0.19954423594713022,0.8000025919003708,5.945944856041784e-06,1.1109425827552523e-07,0.0004395932656080815,3.7455591169357216e-06,3.776288659516202e-06,0
0.09078438883690909,0.9091163507101261,6.8860698136212196e-06,1.120719922702312e-07,8.408551920971813e-05,3.778481076776496e-06,4.398310872320394e-06,1
0.06857065017728675,0.9313410561971618,5.5952328789347265e-06,1.045427178891451e-07,7.551566624990348e-05,3.5246333473438446e-06,3.553550357367275e-06,1
0.06781888484374039,0.9320954555654379,5.691422859499583e-06,9.262890385670136e-08,7.311731820405371e-05,3.1229618863308363e-06,3.635258967661522e-06,1
0.06947087028234246,0.9281361701933769,7.970347507819178e-06,1.0347752060553038e-07,0.002377808361477905,3.5599553852977114e-06,3.5173823890015233e-06,1
0.060970602663844756,0.9363221304665418,1.6230673359679747e-05,1.1076052032951918e-07,0.002678542206222016,8.618285189804472e-06,3.764944321471051e-06,1
0.06714315142757324,0.9306134265617819,1.753903261066374e-05,1.1730254761412479e-07,0.0022120365651451903,9.741791039760535e-06,3.98731930131773e-06,1
0.10319943883826299,0.8924533113534392,2.6949524108885698e-05,1.5726608517416463e-07,0.004274410936956068,4.1407757200625306e-05,4.3243239470081315e-06,1
0.10149265144518463,0.8913436020752875,2.918551471765025e-05,1.6398801638131873e-07,0.007091537366637415,3.8136507399002245e-05,4.723102757635848e-06,1
0.06975823790483068,0.9300254127261581,2.525435002799393e-05,1.226205404847991e-07,0.00016337762917086895,2.351727117654937e-05,4.077498095383747e-06,1
0.07673372175051435,0.9230507131224316,2.516280586964967e-05,1.2217605491451294e-07,0.00016278540377056568,2.343202373228632e-05,4.062717626637631e-06,1
0.07394803336276695,0.9258333573844824,2.825197646549578e-05,1.2254436891214567e-07,0.0001632761393967974,2.2883627355714244e-05,4.074965163778742e-06,1
0.05839998061641529,0.9413614639780125,4.186705416976473e-05,1.1929565762906253e-07,0.00016892376023430243,2.3678359670322604e-05,3.966935840005982e-06,1
0.035095378198096244,0.9647100421990643,5.565089076049823e-05,1.1039274437315991e-07,0.00010076096787886172,3.0274646208274684e-05,7.782705247299314e-06,1
0.0733057466587025,0.9264706203113036,3.401527873403603e-05,1.4502568299747534e-07,0.00013918506243215512,3.641808135032176e-05,1.3869581794158877e-05,1
0.07257921650528029,0.9197804886490367,2.9801716890218116e-05,2.0479027495612548e-07,0.007546730627798887,5.50265849382829e-05,8.531125780725598e-06,1
0.10712711913349388,0.8826518203787078,5.5194280320953746e-05,3.0300343668392995e-07,0.01006606564277002,7.24683838545989e-05,2.7029177416310828e-05,1
0.07300498433693599,0.9146907972900696,3.2428466735279896e-05,1.798196584659403e-07,0.012226124509763398,4.021171678253448e-05,5.273860054772143e-06,1
0.018426177086897567,0.95874965209403,3.105353799451966e-05,1.6296370974883457e-07,0.022733554274733257,5.327934539763688e-05,6.1206972372426865e-06,1
0.013402867853398401,0.9664512683016577,3.783006722094497e-05,1.6764853430719698e-07,0.02005535246514661,4.09410034312127e-05,1.1572660610781547e-05,1
0.01136497114889297,0.9761262679842779,2.6168701186214845e-05,1.881997899309097e-07,0.012435216550037547,3.124247789739562e-05,1.5944937917908776e-05,1
0.021109829319168272,0.9581810977081869,3.259491991552474e-05,2.7383008481898837e-07,0.020591711710808782,6.129267880676875e-05,2.3199833029023826e-05,1
0.016304036005802804,0.9589214610284421,3.120923944338651e-05,2.5084529245347076e-07,0.024684042425009885,3.774797418324775e-05,2.1252481826034995e-05,1
0.008897459949416982,0.9797801317476174,2.638445343400507e-05,1.6381532936416968e-07,0.011257353898219845,2.7993491971972795e-05,1.051264401084621e-05,1
0.016342252021842744,0.976217573557475,2.8636921403906446e-05,2.1483454719634338e-07,0.007368186907651719,2.6725369087845365e-05,1.6410387991654162e-05,1
0.016438123848620412,0.9774012726252139,2.932996826331145e-05,1.781597704039117e-50,0.006076770099368605,2.8991553655858062e-05,2.551190487784024e-05,1
0.01260200069878001,0.9818604608537923,3.689159803624671e-05,2.27909378741053e-07,0.005445504345798691,2.597985917565559e-05,2.8934735038451625e-05,1
0.009396677296657694,0.9865343654095313,3.0419072977846383e-05,1.8023171510853498e-07,0.003982356430908745,2.9553363337576754e-05,2.6448194871908332e-05,1
0.006662268753638631,0.9907089894742536,3.0076495689260984e-05,1.6456639627859597e-07,0.0025599660633330397,3.283832869634262e-05,5.696317993034136e-06,1
0.005930798794898626,0.9894605246797346,2.7556953274038884e-05,1.5153713598974935e-07,0.00455131257942504,2.666842790108078e-05,2.987027630580045e-06,1
0.004605422013835342,0.9951495740814258,2.3810309033296045e-05,1.1577176461266169e-07,0.00018544137561045366,3.209876265098702e-05,3.5376856794249465e-06,1
0.02302991683043222,0.9766811343028108,3.52898662457992e-05,1.77977719429813e-07,0.0002037712568241384,4.704623327827902e-05,2.6635326895210666e-06,1
0.028156251186427676,0.9716320479830447,3.4247057181160515e-05,1.840708180391698e-07,0.0001258269041526997,4.8688079174535226e-05,2.7547192008354636e-06,1
0.004643925155749781,0.9951176859947394,2.4127383809301623e-05,1.136848056739787e-07,0.00018106322339657267,3.083586417471911e-05,2.2486933247666327e-06,1
0.004873817418399584,0.9948836438802786,2.8327627857254992e-05,1.1365806810044698e-07,0.00018102063906684843,3.0828611875866174e-05,2.2481644537115712e-06,1
0.0076043337983332186,0.9920600458172752,3.3054789702357386e-05,1.53162032981756e-07,0.0002667365532961175,3.20358417519098e-05,3.6400376079174396e-06,1
0.8852566463159475,0.1146999271020975,9.998873821818675e-06,1.600841675784096e-07,6.422745257488841e-06,4.816991486493732e-06,2.202788722183056e-05,0
0.8688010841601294,0.1311568291496513,9.2181148392433e-06,1.6016062283939912e-07,6.7944007390688874e-06,4.930814552530196e-06,2.0983199465833203e-05,0
0.8218032480359581,0.17795575135660827,1.4709804164024141e-05,1.8988346694307256e-07,8.511767946183843e-06,6.53259439120019e-06,0.0002110565574655914,0
0.8219942841683209,0.17796463951002406,9.799492536381188e-06,1.9376046989403456e-07,8.069866843174804e-06,6.567468336984677e-06,1.6445733468558346e-05,1
0.7997730299834214,0.20019340827733667,9.364635960364522e-06,1.851622680797378e-07,7.57188069673122e-06,6.276034185316485e-06,1.016402613128334e-05,1
0.7490520817503938,0.25090927733714796,1.1447124715910309e-05,2.2633827778897148e-07,9.426689377195527e-06,7.671685941098545e-06,9.869074145998279e-06,1
0.6406666688835467,0.3592874413006168,1.3654479120000183e-05,2.6998319358142367e-07,1.1400158258704365e-05,9.151020723337928e-06,1.1414174541089612e-05,1
0.36203843057391005,0.63791084044761,1.5118798104941009e-05,2.98936441266805e-07,1.1992294146820804e-05,1.0284363093761805e-05,1.3034586693080822e-05,1
0.49895220621333475,0.5010279024105547,6.613758108130105e-06,1.235717063016253e-07,4.607250881073578e-06,4.188435695510666e-06,4.358359719607233e-06,0
0.640740476807629,0.3592400081309472,6.4907941493827475e-06,1.2127424305189817e-07,4.5151008873781e-06,4.110563686033085e-06,4.277328457803277e-06,0
0.6215884235688506,0.37839168175694504,6.33372751717805e-06,1.1833960416319656e-07,5.2576882488081366e-06,4.0110947489863695e-06,4.173824085266003e-06,0
0.5291295653745388,0.4707652957964397,9.915106060434719e-06,1.8525421613822973e-07,8.225870116242108e-05,6.24587290988911e-06,6.533894672729411e-06,0
0.6898793780281179,0.3097273306187438,9.271976193740726e-06,2.0982495957958454e-07,0.0003715038030305359,6.3137102140578305e-06,5.9920387403080505e-06,0
0.47133311148335805,0.5283240387906313,9.441133275822944e-06,1.9862455239214543e-07,0.00032011821279693745,6.696655746281501e-06,6.395099639305704e-06,1
0.09411076867039468,0.9057701917269452,6.733464789585713e-06,1.250894936857399e-07,0.00010342381522109812,4.3034759055380105e-06,4.453757250542482e-06,1
0.1574845587606845,0.7992199227076638,6.135056976275719e-06,1.410936667189264e-07,0.04327896408677796,4.8670744058763765e-06,5.41121982467966e-06,1
0.17446864842290055,0.7946747280178809,1.0375454687367916e-05,2.119131909763544e-07,0.030831063966292746,7.310018174828926e-06,7.662206872741079e-06,1
0.12243996086109832,0.8774992701473494,1.0051234462402068e-05,1.5979194395922242e-07,3.926824346924863e-05,5.512077889778449e-06,5.777643786929844e-06,1
0.0698490317213284,0.9301268800790308,9.189013872890847e-06,1.1535807088564624e-07,6.8940092299053155e-06,3.968639428764722e-06,3.921179038558856e-06,1
0.048006362957213077,0.9519736974649697,7.8157055563153e-06,9.134908118466256e-08,5.784779418059758e-06,3.14266321019062e-06,3.1050805512168133e-06,1
0.06462387243193751,0.9353289159561058,5.535988676247895e-06,1.0343578452246154e-07,3.4568949974815126e-05,3.48731334709632e-06,3.5159241741171848e-06,1
0.07475142615119998,0.9251554663646737,6.025173847466278e-06,1.1257584150610816e-07,7.934765895503508e-05,3.7954682362330686e-06,3.826607246227817e-06,1
0.4593646260771586,0.5402206815326355,4.840233588455057e-06,1.0182985473176822e-07,0.00040293458071357697,3.433208400571694e-06,3.3825376485876507e-06,0
0.11839573271993202,0.8815079665656607,5.197629100433707e-06,1.1785975928423621e-07,8.30889597178568e-05,3.69410871152036e-06,4.2021571181394545e-06,0
0.11708851015193257,0.882808597667044,5.519648353279906e-06,1.1635783657045333e-07,8.887069563895511e-05,3.92297731761562e-06,4.462501877139802e-06,1
0.06003252603729921,0.9398894818508127,5.0221209861281386e-06,9.383455323809662e-08,6.652298111994303e-05,3.1636100739872517e-06,3.1895651550423227e-06,1
0.052211892589760195,0.9477117873399411,4.914453749610438e-06,9.18228719056628e-08,6.509682162241461e-05,3.095786707121618e-06,3.1211853476093447e-06,1
0.0453081824110101,0.9546119234566958,6.534172297598701e-06,9.502783284882037e-08,6.683096458037926e-05,3.2038412177109267e-06,3.2301263655478906e-06,1
0.04519118133410665,0.9546521927502292,7.561717955192655e-06,9.817346390976079e-08,0.00014231907813041752,3.309895435160943e-06,3.337050679421225e-06,1
0.05261633414669989,0.9445819727254129,1.6877410422796563e-05,1.1287756193118212e-07,0.002771491630646413,9.374302977873218e-06,3.836906278067011e-06,1
0.09057498155790586,0.9060673702342972,2.8576844359540706e-05,1.7784752673632322e-07,0.0032795113384920397,4.449192839942311e-05,4.890249019236049e-06,1
0.10940585880073993,0.882447534103964,2.3818081943143563e-05,1.5154540853824674e-07,0.008080571219314886,3.5085363429602094e-05,6.980885199970598e-06,1
0.054870982862080635,0.944886788348977,4.492117978424585e-05,1.2840775492660947e-07,0.00016411299393600265,2.9367911605460286e-05,3.6982958615018356e-06,1
0.04270748529697336,0.9570648524140033,4.046717666703234e-05,1.167513973437889e-07,0.00014634864147500108,3.2498728236128883e-05,8.230991247627262e-06,1
0.03804694631654178,0.9617533964553703,5.9440536476721926e-05,1.1005441241484258e-07,0.0001004521554131695,3.063456645169731e-05,9.019915334063424e-06,1
0.047889432778766984,0.9519460551862134,3.107230801150806e-05,1.0919435144483348e-07,9.087838522404787e-05,3.039516128510621e-05,1.2056986147595349e-05,1
0.05426806090243714,0.9455665186561106,2.9268073751588365e-05,1.1239383233399345e-07,8.883992900209442e-05,3.4789779485177754e-05,1.2410265380904312e-05,1
0.061051312790133073,0.9331696461124148,2.914021046406254e-05,1.7770431668566194e-07,0.0056912699301158295,4.693187931466767e-05,1.1521373241053595e-05,1
0.08598187112335551,0.9038936202363945,4.811461154056145e-05,2.4319521194653205e-07,0.010003831975901859,5.2804445016472394e-05,1.951441257896641e-05,1
0.10039286218589652,0.8906734791589709,5.60853937424347e-05,3.2541200188081474e-07,0.008769567317732077,7.26472832567799e-05,3.50332483991305e-05,1
0.10170296100973336,0.8852526433480399,4.558894688142669e-05,3.145427438725571e-07,0.012843211230057345,8.885384367879382e-05,6.642707886548555e-05,1
0.14834944251405702,0.8394153612945227,4.30805875986289e-05,2.972362196950737e-07,0.01208692504635343,8.812295318939591e-05,1.677036805909003e-05,1
0.03455285324627332,0.9519326967915249,2.8208118489712293e-05,1.582433952081051e-07,0.01344387899393275,3.802920591877574e-05,4.175400465015554e-06,1
0.039984762363980846,0.946680606684641,3.144728590402177e-05,1.6151127407815222e-07,0.01325168769015173,4.4724896237188705e-05,6.6095678108941315e-06,1
0.01779197393214528,0.9697068986708778,3.215537435988699e-05,1.650485555134271e-07,0.012408565989353987,5.008257056494753e-05,1.0158414142522049e-05,1
0.010403268451371057,0.9738256846229305,3.491854527582214e-05,1.5167010718041357e-07,0.01568574395098086,3.9763078329351955e-05,1.0469681005284161e-05,1
0.030721314087235694,0.9387036307628142,4.7680247466811756e-05,3.7314907198866236e-07,0.03042694555683287,9.167051721424495e-05,8.385679363962813e-06,1
0.018670141769837476,0.9646517174777683,2.6084353549655413e-05,2.3634517571873574e-07,0.01661443772830391,3.2917039599747055e-05,4.465285765175354e-06,1
0.009425359329075914,0.98718992652177,2.2760074883429975e-05,1.7135900030873906e-07,0.0033074392281713114,2.777929667123792e-05,2.656419042798075e-05,1
0.009164147808658287,0.9874393452386708,2.3759473717952046e-05,1.7844514730743507e-07,0.003316053752868081,2.88525911137946e-05,2.7662689823605583e-05,1
0.0075891508987429475,0.9892207847913975,2.7318521670776328e-05,1.6431919101026332e-07,0.003124657993583903,2.7096761983480846e-05,1.0826713430485798e-05,1
0.008464532958407057,0.98733632102989,2.9505418303761054e-05,1.5345425097568732e-07,0.0041347563553564655,2.8055221098345844e-05,6.675562693409128e-06,1
0.006704239157926095,0.9851174925332132,2.562835258865487e-05,1.313161204132757e-07,0.008119264823834864,3.025192566637356e-05,2.9918906504214746e-06,1
0.0056358770889733695,0.984314218263961,2.9086151001230887e-05,1.2888517647222776e-07,0.009989181878989712,2.905561783630309e-05,2.45211406160993e-06,1
0.02080838172847281,0.9788547965313475,2.641992094835746e-05,1.703415074092317e-07,0.00026299482857948054,4.470716574739594e-05,2.5294833969071e-06,1
0.01852478611636067,0.981157441250139,2.7705085075425674e-05,1.7436196039227975e-07,0.00024173539659115258,4.576235811140927e-05,2.395431761903896e-06,1
0.02269764558343876,0.9769884404262165,2.764069554737369e-05,1.73621085252394e-07,0.00024070824740470226,4.300617288852883e-05,2.3852534188886266e-06,1
0.018285352063643623,0.9813884053031902,2.5872481128878927e-05,1.7398170907897582e-07,0.00025259078297118996,4.5175970036712814e-05,2.4294173204409536e-06,1
0.013000737434920575,0.9867064019027587,2.5977630953587353e-05,1.5530864710209078e-07,0.00022436944909124822,3.991898277503466e-05,2.4392908537953883e-06,1
0.008507552095817418,0.9912562072657767,2.415437333409904e-05,1.444082045364378e-07,0.00017351807141082926,3.615569788302348e-05,2.268087573431733e-06,1
0.006365077584597151,0.9932554422091376,3.3094619525673585e-05,1.5334658767919455e-07,0.0003118161591531677,3.2074443779883784e-05,2.3416372187355468e-06,1
0.8927891465954265,0.10697288223950828,1.0858591108275339e-05,1.5509843821419997e-07,7.667211437477018e-06,6.82770510505989e-06,0.00021246255897614292,0
0.8821814426824415,0.11777233280112182,1.0266708315616002e-05,1.6437225669248256e-07,6.5947879050393045e-06,4.946021665232043e-06,2.4252626294417505e-05,0
0.8726868444724746,0.1272718999431296,8.941720150011764e-06,1.4220325769635163e-07,6.360525524981431e-06,4.9053501270536855e-06,2.0905785336069644e-05,0
0.8156159623134068,0.1840686681245438,1.9027328575990325e-05,1.9227870937963313e-07,8.790086918241639e-06,6.482704723797427e-06,0.0002808771631218357,0
0.5897416391517479,0.4102063661859622,1.540308822780093e-05,3.045575678289273e-07,1.2684419168702121e-05,1.032291150305021e-05,1.3279685822435109e-05,1
0.6251414083193584,0.37481020518971175,1.4754546206580905e-05,2.80334478224658e-07,1.1626253514846714e-05,9.501875230342041e-06,1.2223481499927255e-05,1
0.6574973772691283,0.3424504004569496,1.2696636570104673e-05,2.637056670521401e-07,1.0426181646029847e-05,9.282253552027288e-06,1.9553496486870355e-05,0
0.5680607717838895,0.43189029945780266,1.5445663382751423e-05,3.036544590268964e-07,1.2022905096666537e-05,1.0446677890586094e-05,1.070985747879524e-05,0
0.7111109549304969,0.28874574630264793,8.21195977118657e-06,1.8583677212432873e-07,0.0001236027429232482,5.8247951790676924e-06,5.4734322094518805e-06,1
0.6831414573667056,0.31650942091660034,9.475004385214509e-06,2.1441949058132084e-07,0.00032685708523896124,6.451961341915025e-06,6.12324623731466e-06,0
0.24893776850472027,0.7507748281745054,9.989720844347345e-06,1.6258262833993483e-07,0.000266209613078142,5.481497021418733e-06,5.559907202071269e-06,1
0.13272979451010364,0.8671704554172867,8.288638090711328e-06,1.5517596507778774e-07,7.958874621098741e-05,5.338546085321596e-06,6.378966257395299e-06,1
0.03481028776143259,0.9650426639680253,6.667884445643516e-06,1.0779620278479623e-07,0.00013204695833593546,3.794350335278874e-06,4.431281222545359e-06,1
0.04085308295772092,0.9590471847068567,6.831591945614203e-06,1.1044277637317938e-07,8.436271639570319e-05,3.887507859597894e-06,4.540076444856675e-06,1
0.07346823648860873,0.9262714436951467,8.745504860564479e-06,1.2718627425275193e-07,0.00024274822879041144,4.37561181706393e-06,4.323284502387249e-06,1
0.13749724870533905,0.8233345239522238,5.86178070659713e-06,1.3480887571122677e-07,0.03915228978588156,4.650278385394518e-06,5.290688587723265e-06,1
0.13741516031281265,0.8335892180148416,6.5266769545578675e-06,1.3330393525751683e-07,0.028979131700583534,4.598364948491563e-06,5.231625924069708e-06,1
0.12472446426383421,0.8752200461364898,1.0837613423932536e-05,1.4872636610039803e-07,3.35497081970323e-05,5.1166593945871255e-06,5.836892294142902e-06,1
0.05075308474592465,0.9492252809593348,9.183187075492104e-06,9.349308202150501e-08,5.472017772850049e-06,3.216422819648995e-06,3.669173990861183e-06,1
0.03909180829952624,0.9608873660909717,5.844386186471791e-06,8.499612932399964e-08,9.082988236875223e-06,2.9241039446818823e-06,2.889135004643832e-06,1
0.2220052945608184,0.7775041751689157,5.789012933750997e-06,1.2179047463540926e-07,0.0004763734114351776,4.106183611174834e-06,4.1398718110359255e-06,0
0.5268960340035359,0.4726624163334853,5.153612299479655e-06,1.1662632321652901e-07,0.000429022395944734,3.6554899090129817e-06,3.6015385023553132e-06,0
0.16306686771275802,0.8368262105592729,5.779740942405523e-06,1.3105953946200552e-07,9.2394561647946e-05,3.943585409534489e-06,4.672780429851141e-06,1
0.06558520047739391,0.9306043754475922,9.114136832561797e-06,1.158712610497069e-07,0.0037933487830974217,3.906616462024503e-06,3.93866736101381e-06,1
0.07395681977800524,0.91938872089511,3.957308646852284e-05,1.5805511235387353e-07,0.006572677031977999,3.770513360685937e-05,4.3460197190131185e-06,1
0.1053458049961856,0.8858599740686343,2.8647254069537854e-05,1.6717332299832422e-07,0.00871995708953982,4.085267634283871e-05,4.596741904918589e-06,1
0.10341486055371535,0.885576455994547,2.5008445495569066e-05,1.6309912515145595e-07,0.010939244384334747,3.776024715090449e-05,6.5072756313639495e-06,1
0.12016686084824876,0.8674591738679727,2.6397214731529295e-05,1.451347786177357e-07,0.012311576524028388,2.9160828421176742e-05,6.685581818850411e-06,1
0.0976583413111256,0.9021393104784831,2.5214057969109506e-05,1.194081975894001e-07,0.00015014288695980036,2.2901179136141792e-05,3.970678128794766e-06,1
0.06160981500957371,0.9381872217536474,4.1578063820169934e-05,1.1429432678940659e-07,0.00012789030024479747,2.679760654102772e-05,6.582971846057266e-06,1
0.04440410567351571,0.9552955676570093,0.00011986193581310344,1.1637854498399045e-07,0.0001397487083549182,3.239494166235789e-05,8.204705099624073e-06,1
0.043352314482181964,0.956446405691518,3.070310466987924e-05,1.091950522884375e-07,0.00013112268690209275,3.0395356370786965e-05,8.949483304928368e-06,1
0.05607187759856495,0.941787155910809,5.597126857564768e-05,1.443605630237282e-07,0.0020307109569726073,4.0333776470302445e-05,1.380612804453736e-05,1
0.06758745638982669,0.9322034636065558,2.866435866025844e-05,1.2862026885672167e-07,0.00013698253838694205,2.910253556508076e-05,1.4201950736334175e-05,1
0.0632979372802016,0.9281234467580426,3.2621179467595744e-05,1.9859317981034276e-07,0.008478277565654538,5.336144247737702e-05,1.4157180976310374e-05,1
0.014371710594746949,0.9758009983623901,3.0721463438288084e-05,1.6453276887301593e-07,0.009736864441579575,4.818969415308881e-05,1.135091092337337e-05,1
0.013965457182812452,0.9747107533705498,3.442851829439719e-05,1.6680021989860549e-07,0.011228832984943976,4.885380363218352e-05,1.1507339547232745e-05,1
0.008563252251740995,0.9818070848736392,3.622655540410771e-05,1.406007215779838e-07,0.009556102275104396,2.748787430038684e-05,9.705569089387173e-06,1
0.01710950183833778,0.9607168855092015,4.064841005900465e-05,2.7001865030493727e-07,0.02206182896347984,5.375386688354694e-05,1.7111393388194103e-05,1
0.019200793891227724,0.9626394461935,3.495097291979718e-05,2.7939136494227385e-07,0.018059521031609148,5.561973672025597e-05,9.38878265786103e-06,1
0.01930282291329134,0.9685259221714343,3.190561802203025e-05,2.3729437797744206e-07,0.012078893214443017,5.2244650285796595e-05,7.97413814568981e-06,1
0.018083962210453566,0.9240424183324895,2.5685970876172533e-05,2.2651415900614849e-07,0.05778871802003657,3.748242864062258e-05,2.1506523344939905e-05,1
0.00863043498217608,0.9886198777889138,2.698853891778489e-05,1.6225134896996348e-07,0.002690474711509333,2.651476235747059e-05,5.546964776664954e-06,1
0.00877672684939449,0.9857835626772219,2.7546804091406947e-05,1.807530443732287e-07,0.0053822975447443385,2.6079651174632545e-05,3.605720329091323e-06,1
0.0059804265622437364,0.9858004738767695,2.858938389815437e-05,1.4134002891552346e-07,0.008153265738465792,2.9309771086346697e-05,7.793327507478788e-06,1
0.023173068130548723,0.9764976040813663,3.049260218158911e-05,1.699313058996653e-07,0.00025948385668871614,3.66580057922312e-05,2.5233921163753284e-06,1
0.024437061930576542,0.9752376198394717,3.450755121392392e-05,1.8955669859756988e-07,0.000231823374968747,5.587305970399958e-05,2.924687366521413e-06,1
0.02275207969571747,0.976988404943735,2.5571645672328394e-05,1.7602554560919457e-07,0.00018567362326174134,4.556679286150816e-05,2.5272732066259484e-06,1
0.01956864200048525,0.9800978061814641,2.6865375982771163e-05,1.6988131753457432e-07,0.0002594075248221733,4.45863861129164e-05,2.522649814974693e-06,1
0.010402533409678573,0.9892946843649284,2.6331865788674412e-05,1.47765369150392e-07,0.00024129925973926666,3.268251900878152e-05,2.320815487107531e-06,1
0.004936242329537835,0.9948340020448289,2.4985464903213256e-05,1.1050312555161844e-07,0.00017599583329676086,2.6478064836083466e-05,2.185759471730793e-06,1
0.004897266952559347,0.9948479343433847,2.8876926926556306e-05,1.3380356898841645e-07,0.00019476933422006343,2.872688088567283e-05,2.291758454885369e-06,1
0.8965457653845843,0.1032177977905861,9.51293068756647e-06,1.3402920149026712e-07,5.994912992725306e-06,4.623383255839811e-06,0.00021617156869223447,0
0.7606483844240332,0.2390403585364426,1.3457402558319185e-05,2.500020011909649e-07,1.0368281003009024e-05,8.473762619911035e-06,0.00027870759134170764,0
0.6944152573056882,0.30551429324417606,1.3785418618904165e-05,2.72572194873188e-07,1.1146353748146825e-05,9.238774350367079e-06,3.6006331223381866e-05,1
0.6601533343038152,0.33978731069917223,1.460643808428728e-05,2.7752044297052736e-07,1.1509547615981076e-05,9.406494126854996e-06,2.3554996742449867e-05,1
0.5413973889336419,0.4585541461131292,1.1863667177490261e-05,2.3756359856425335e-07,9.615924379979381e-06,8.477118811113048e-06,1.8270679261834032e-05,0
0.6784059688852426,0.32154931532106523,1.3367522815677941e-05,2.64309349945326e-07,1.0466145801550803e-05,9.093081165998778e-06,1.1524734559141058e-05,0
0.6701412283067149,0.3298173416271977,1.3120165967377152e-05,2.5793627638007706e-07,1.00807541609515e-05,8.873827192510223e-06,9.097382490263635e-06,0
0.4775243210193688,0.5224401163463063,1.0250687024369945e-05,1.9152422354367816e-07,8.11550182715244e-06,6.491671260792124e-06,1.0513249989103575e-05,0
0.3656639374546318,0.6343049132996955,9.717630672128062e-06,1.8156457852423348e-07,8.724812599724798e-06,6.121476239729809e-06,6.4037615828978475e-06,0
0.3618495447126623,0.6381197914701405,8.629542517799155e-06,1.965060936038076e-07,8.580503364136162e-06,6.07993717348822e-06,7.177328048317757e-06,0
0.6220200249631608,0.37754887596231024,7.940953729850966e-06,2.036099425920348e-07,0.00041011711866257043,6.157247731469181e-06,6.680144462496708e-06,1
0.4774342794037956,0.5222316519967497,8.596910116292724e-06,1.8086360756890264e-07,0.00031336973098218854,6.097842901758969e-06,5.823251846749832e-06,1
0.043848568409061844,0.9559374529609698,8.280533896240066e-06,1.3386706358246224e-07,0.00019545577587894337,4.605452190249974e-06,5.503000939230838e-06,1
0.03584821529510598,0.9639280218548556,6.882569326741171e-06,1.1126690104993361e-07,0.00020827854282038288,3.91651646716264e-06,4.573954523219305e-06,1
0.03303570632127324,0.9667580801748938,6.6512932793549255e-06,1.0752798207097564e-07,0.00019124951819803317,3.7849091552639882e-06,4.4202552180856094e-06,1
0.04328385661304646,0.9566063141210372,7.332985105769241e-06,1.0866423461673341e-07,9.438460176556016e-05,3.7383948218838423e-06,4.264619988463836e-06,1
0.04956565145046142,0.9503626847080301,8.820729953595285e-06,1.136291764173879e-07,5.436080445092281e-05,3.909204590010283e-06,4.4594733375838255e-06,1
0.05208464321104221,0.9476992095571034,8.898359166258497e-06,1.1272372777768611e-07,0.0001994837259158514,3.820745859109965e-06,3.831677185418023e-06,1
0.18912793627908117,0.7402554287312729,6.630222931648565e-06,1.640185952030385e-07,0.0705991931046952,5.259900349853102e-06,5.38774307413342e-06,1
0.18408323251168357,0.7533994756223266,6.406818038804304e-06,1.4734361108486544e-07,0.06250000411846801,5.082668379503916e-06,5.650917492495515e-06,1
0.12154527577261938,0.8553986946842782,6.629635713481437e-06,1.3540681361802115e-07,0.023039279440949124,4.670904458485805e-06,5.314155167671758e-06,1
0.13620951712224325,0.8406578753796891,8.252795846499794e-06,1.6855900343697e-07,0.023112277005699518,5.814500612152972e-06,6.094636906020872e-06,1
0.06292790856805265,0.937046538689521,1.0846464689634346e-05,1.1042674014315451e-07,6.4631208170273605e-06,3.798987895320369e-06,4.333742284115224e-06,1
0.06548799839896843,0.9344392913437632,5.705734441481904e-06,9.28618273600508e-08,6.013644600611277e-05,3.1308148479130684e-06,3.644400145189004e-06,1
0.048526140825818666,0.9513949123406589,5.083598069373833e-06,9.498320629856152e-08,6.733730615499469e-05,3.2023366439788235e-06,3.228609447901001e-06,1
0.040672948902816794,0.9592471284721448,5.892185314981935e-06,9.589634798200838e-08,6.744177198662597e-05,3.233123002831096e-06,3.2596483860600513e-06,1
0.04351152508659593,0.9563609248011659,8.582085444933869e-06,9.504033479272118e-08,0.00011193882718600838,3.2042627178332718e-06,3.7298965545277545e-06,1
0.04152361412425332,0.9583449089382959,8.599889101424522e-06,9.523749729876511e-08,0.00011583326656887108,3.2109100057331826e-06,3.7376342771860255e-06,1
0.04500377559925165,0.954834167647898,8.619545935140976e-06,9.545518239050227e-08,0.00014687884996258425,3.2182492078225146e-06,3.244652562563124e-06,1
0.06109454565694156,0.9353683153738542,1.6928480460488423e-05,1.1787230902011879e-07,0.00350629682112063,9.789108823326265e-06,4.006686490671018e-06,1
0.06733283561885801,0.9253026102768819,3.982763696555557e-05,1.590717883576582e-07,0.007283742254409224,3.6451165977548566e-05,4.373975119471174e-06,1
0.08948351171951789,0.9047986798397597,3.80320613443499e-05,1.7075698915449617e-07,0.005636501366964493,3.840897394338176e-05,4.695281481077397e-06,1
0.11492964561142026,0.8752425605987713,3.0074026313685575e-05,1.7185690364489816e-07,0.00975082516307884,4.1997217833361014e-05,4.725525678771e-06,1
0.12133571893822583,0.8551195763314552,2.7650723478563223e-05,1.9577920165872827e-07,0.023474285705398334,3.7681860737935144e-05,4.890661502611865e-06,1
0.11481372819093792,0.8849619401760903,2.18156978813888e-05,1.3643005062836333e-07,0.0001691479510704123,2.694702300292937e-05,6.284530966514333e-06,1
0.09716157437741797,0.9026321823559929,2.1432786976469547e-05,1.2415160569609677e-07,0.0001539249573600225,2.5042435507875773e-05,5.718935138893728e-06,1
0.05228115439090701,0.9475098731775653,3.8870768907707394e-05,1.135410827613015e-07,0.00013901223257403532,2.6325085423489604e-05,4.650803539565399e-06,1
0.05763556830561574,0.9383295908496097,6.444342113147062e-05,1.4533356335218783e-07,0.00390918201274135,4.717089502168995e-05,1.3899182316706432e-05,1
0.05478373609675448,0.934467391264096,3.701014762267421e-05,1.999506114283007e-07,0.01064774055792795,5.372618062834379e-05,1.019580235905436e-05,1
0.023777455698527444,0.9515278821264238,3.85388770293167e-05,2.7213289603596657e-07,0.024579054203751484,6.76520952968246e-05,9.144866075098202e-06,1
0.0186913472912701,0.9705113390964889,3.0894910535688513e-05,2.2977735686463983e-07,0.010705549127688209,5.2821907472454746e-05,7.817889187807005e-06,1
0.01916281332666116,0.9684166002521127,3.166714668517152e-05,2.3726759348334557e-07,0.01232847001568418,5.223875319485377e-05,7.97323806850337e-06,1
0.019040079040832998,0.9728974478813509,2.7044013365619233e-05,2.384901849027205e-07,0.007953207127596083,7.143651225015932e-05,1.0546934419534728e-05,1
0.009907510146203575,0.9887532887279804,3.305691819730423e-05,1.6844897114736955e-07,0.00124982564097246,2.5704786773281663e-05,3.044533090197013e-05,1
0.010923863537850137,0.9840381999852496,3.059428705100024e-05,1.5404277375251304e-07,0.004965521263785098,2.0984010875409417e-05,2.0682872415162284e-05,1
0.008644396140187716,0.9887638945439693,2.7972517019504963e-05,1.642432970976079e-07,0.002523910165990725,3.277385601329958e-05,6.888533522189789e-06,1
0.008780245144584758,0.9861787302182342,2.663362498351923e-05,1.563696448779294e-07,0.004981135996184824,2.953593923756763e-05,3.5627071303022273e-06,1
0.00588994088541394,0.9875420699298766,3.0754458854797065e-05,1.3627770331800328e-07,0.0065037711882980145,3.0734498748012095e-05,2.592761105168591e-06,1
0.028742290671077052,0.9710442303384073,3.387943471143301e-05,1.9763613755605387e-07,0.0001340521796822645,4.263456128302662e-05,2.7151787014591325e-06,1
0.029766013443248023,0.9699427381928456,3.848278419167812e-05,1.8088949864400437e-07,0.0002081019145124206,4.1670889669547254e-05,2.8118860341838096e-06,1
0.0332844864646332,0.9663856676635315,3.375374711012273e-05,0.0,0.0002489076609397356,4.398953810422494e-05,3.19492568120566e-06,1
0.018182643305719764,0.9815031413045897,3.137609903949105e-05,1.4330996795104874e-07,0.0002371126316227073,4.320490605514707e-05,2.3784430054900395e-06,1
0.008863392752047628,0.990840732505968,2.4144249279000316e-05,1.6684488891880125e-07,0.00023313278578984423,3.6163725098392766e-05,2.2671369280457177e-06,1
0.007784334945716034,0.991944849356588,2.2101038032895258e-05,1.321322303243673e-07,0.00021340388371228358,3.310336364468816e-05,2.0752800757445768e-06,1
0.004530406542011696,0.9952173852043147,2.459858331500917e-05,1.1590503081995538e-07,0.00019484166456898037,3.035949122710882e-05,2.2926095318238355e-06,1
0.009301296711811513,0.9904010982845184,3.299951465922494e-05,3.0059997677974777e-07,0.0002256746219598005,3.632413701003337e-05,2.3061300642525747e-06,1
0.9014796918799369,0.09821212030885096,8.533669204457488e-06,1.2505697963465895e-07,6.0765257970221665e-06,5.505227442043691e-06,0.0002879473317891829,0
0.7529148808314451,0.24666247950374778,1.6301174291219595e-05,2.370687178271312e-07,1.0026904380619006e-05,8.035391836480954e-06,0.0003880391255810132,0
0.7478272713808708,0.25213551385683153,1.092192831868107e-05,2.5135022329211816e-07,8.917588437943494e-06,7.939178480085108e-06,9.184716837878267e-06,0
0.836910549628682,0.16306301236353873,8.39903195894664e-06,1.6512100792586602e-07,6.453315954892761e-06,5.5967400983140795e-06,5.823798758984815e-06,0
0.3227798986609802,0.6771898840848871,9.82945473363077e-06,1.836539035130747e-07,7.53477552676904e-06,6.1919181363828975e-06,6.477451832430435e-06,1
0.4674903610544894,0.53248100849174,8.78140041153781e-06,1.6407201697286127e-07,8.366468395795072e-06,5.531711976352611e-06,5.786800969987316e-06,1
0.41756481471304585,0.5824048954616962,8.544008034285022e-06,1.7975064241393545e-07,9.165963194862198e-06,6.060319119272555e-06,6.3397842671054535e-06,1
0.5334074454187281,0.46645082914780756,1.1101031028551201e-05,2.3354583128105508e-07,0.00011441158461405585,7.874031756057036e-06,8.1052402344805e-06,1
0.5568932189710422,0.4428153033925673,9.449081184957972e-06,1.765469897625216e-07,0.00027021543068183414,5.952307502990473e-06,5.684270030835609e-06,1
0.049271745971168804,0.9505646907850465,8.750930381820497e-06,1.63830782870023e-07,0.00014227743521302014,5.6362993077407225e-06,6.734748099208866e-06,1
0.03831826404462315,0.9614028053264868,8.780457490087594e-06,1.279508118231249e-07,0.00026036051030919454,4.4019143378914945e-06,5.259795940801152e-06,1
0.031617534161135004,0.9682028235073752,7.130170127241449e-06,1.056588099373359e-07,0.00016442808650770426,3.634998666758385e-06,4.3434173781290505e-06,1
0.048724601772638265,0.9506085076017649,6.962087113595747e-06,1.1330791313357647e-07,0.0006515278187897141,3.8405466927363404e-06,4.446865087716386e-06,1
0.18660332872333815,0.8126520888379193,1.1186044917313463e-05,1.8205279323840903e-07,0.0007198063305151576,6.263194343128917e-06,7.144816173772009e-06,1
0.19508960518514243,0.8038671890810072,1.182500775012469e-05,1.9245190832767225e-07,0.0010144838168157466,6.52311493167564e-06,1.0181342444380615e-05,1
0.14436371699813516,0.8083958718446788,4.702776102943842e-06,1.1633737476267322e-07,0.04722786247681632,3.5816420435512608e-06,4.147924848568808e-06,1
0.16867303980562337,0.7731255638980085,6.574566308200551e-06,1.5120147556866661e-07,0.05818411226554564,5.215746737498915e-06,5.342516301126991e-06,1
0.13689472146835843,0.8401024385284885,8.642416632617577e-06,1.765168025450379e-07,0.022981549692734676,6.089007620629403e-06,6.382369362583872e-06,1
0.07721439488823462,0.92256616497642,8.872044435331544e-06,1.4104706965039114e-07,0.00020036251968291654,4.964701583160393e-06,5.099822574122767e-06,1
0.06328937208225399,0.9366775705358003,7.777638582519898e-06,1.1333878230331982e-07,1.6728977648530602e-05,3.989400370596091e-06,4.4480265618750694e-06,1
0.06378435923278235,0.9361925407452544,8.770586753458734e-06,1.1032610030811899e-07,6.093790872182955e-06,3.7955256042612347e-06,4.329792632898549e-06,1
0.048073651282073714,0.9519057455678372,5.781956382516846e-06,8.40881996421949e-08,8.985963646634119e-06,2.8928686309661446e-06,2.8582732295686687e-06,1
0.050606823088471004,0.9493625111275746,6.322009749559709e-06,9.194230858750902e-08,1.8010257525919936e-05,3.116329205751006e-06,3.1252451642281116e-06,1
0.05560242645284819,0.9443510700541071,5.452955326678897e-06,1.0188436883928927e-07,3.405045619251977e-05,3.4350077292310864e-06,3.463189427339229e-06,1
0.0713840495353538,0.9285238819422802,5.981771791737185e-06,1.1176490673966116e-07,7.840781544617458e-05,3.7681277597460264e-06,3.799042461350452e-06,1
0.6289131657129499,0.3704440559265947,5.890890080921347e-06,1.4572896349474474e-07,0.0006271608426353797,4.385038115314634e-06,5.195860660163127e-06,0
0.14954298784909456,0.850323802196874,6.48743672801871e-06,1.7204328521901363e-07,0.00011578491449988076,4.927240118839167e-06,5.8383193996061734e-06,0
0.0865389397433331,0.9133626256534239,5.7683130113395156e-06,1.0570914406170442e-07,8.49425138018825e-05,3.563959133663813e-06,4.054108152144719e-06,1
0.04311526826874744,0.9568006971191197,5.877158085330108e-06,9.565177718749637e-08,7.158558982548594e-05,3.2248773555442377e-06,3.2513350893351534e-06,1
0.04319010358721901,0.9567250905977027,5.895834723838466e-06,9.595574275032035e-08,7.181307701643208e-05,3.2351254835899385e-06,3.765822111760724e-06,1
0.057998787368351665,0.9383586253315594,1.8065975229244677e-05,1.0957343491636409e-07,0.0036103608691083434,9.750579991519443e-06,4.30030232483696e-06,1
0.06821486506205407,0.9277263127880687,2.097021829503264e-05,1.1335190754930621e-07,0.004011590046242883,2.229550331419569e-05,3.853030117464459e-06,1
0.09292172301544095,0.9069068167535022,2.5696655248468815e-05,1.200392302078482e-07,0.00011386104488264636,2.7790829853150796e-05,3.991661842368971e-06,1
0.04753905200992305,0.9522267713807052,4.9170412286186045e-05,1.2923088073789766e-07,0.00015148894414728322,2.9666019195158257e-05,3.722002862555801e-06,1
0.03342180051644202,0.9663539708558398,4.438026170974912e-05,1.1772573104629225e-07,0.00014413564065229563,2.7295317703211946e-05,8.299681921657984e-06,1
0.036031529930642056,0.9602250406574641,4.024436033209094e-05,1.4142520132256285e-07,0.003643615867326861,4.590235848578024e-05,1.3525400547674808e-05,1
0.10309299825716105,0.8912787631455571,3.5438648997815005e-05,1.6701290762472727e-07,0.005531370002585926,4.28215488882412e-05,1.844138390234859e-05,1
0.1051708690719166,0.8876614889326909,4.180782836008857e-05,1.7743449120169134e-07,0.007042069375928721,4.8720169915897786e-05,3.4867186696695325e-05,1
0.0836817099874885,0.9077446167608912,4.348988569738269e-05,1.5796099385628154e-07,0.008452519581072288,3.968728126312249e-05,3.781854259363901e-05,1
0.042735316753924196,0.9472869299084736,2.8097319089781726e-05,1.6384236794344608e-07,0.009896042348135868,4.327092544720162e-05,1.0178902561243239e-05,1
0.04412187527211628,0.9491748972221629,4.0949159467407626e-05,1.877232457018304e-07,0.006590838568165477,4.770359386437388e-05,2.3548460978126763e-05,1
0.04892588708245183,0.9458707377744993,4.117134749653596e-05,1.435465325797507e-07,0.005086743482790575,5.7236929062672205e-05,1.807983716645539e-05,1
0.08276776972119036,0.9118502717637693,4.435056870503496e-05,4.0080030707844535e-07,0.005224337284839794,0.00010415812900192127,8.711732186798306e-06,1
0.15168768547948733,0.8394797713370791,4.109525272739666e-05,2.987605055063739e-07,0.008691299644151359,7.942508851081743e-05,2.042443753847328e-05,1
0.057287896552445185,0.932419030154457,3.3863643627153274e-05,2.0830508037367047e-07,0.010196337380008146,4.502600193273772e-05,1.7637962449312458e-05,1
0.01631071629200109,0.9724768637181399,3.7140517805514795e-05,1.7810028619368212e-07,0.011115189296891438,4.76251578206844e-05,1.228691705524042e-05,1
0.021823951057573742,0.9597305049020033,3.20739529233168e-05,2.3854634951628216e-07,0.018345912833797655,5.93024974387964e-05,8.016209913635918e-06,1
0.013612138523923279,0.9783798054805356,3.147404684651529e-05,2.110653283807301e-07,0.007929859710421202,4.033514717632581e-05,6.176025768579655e-06,1
0.011586762221102869,0.9813460072887509,2.868170538524342e-05,1.9233985369523608e-07,0.006994438361040928,3.828998804437608e-05,5.62809582161137e-06,1
0.01807608665889808,0.9685215029081642,3.682917412652502e-05,2.759443281030281e-07,0.013292481742247307,6.34349091899138e-05,9.38866304561151e-06,1
0.020404124302883773,0.9650292851506211,2.660189756514671e-05,2.49302667790768e-07,0.014475459266622458,5.1623998345273906e-05,1.2656081294298415e-05,1
0.022455075180532018,0.9695226172378644,3.318931743488001e-05,2.921184134869934e-07,0.00791477148739869,5.860114475447089e-05,1.545351360224154e-05,1
0.014554229602870427,0.9813690287486414,2.623059897150881e-05,1.686155517750627e-07,0.004015103146037241,2.721827159895316e-05,8.02101632898444e-06,1
0.01192940366971202,0.9854215161558277,2.606635889410713e-05,1.6931183663856153e-07,0.002588041588043585,2.674877719102077e-05,8.054138494769e-06,1
0.014272255350313552,0.9826946334270944,2.6841062855010326e-05,1.7048405996730287e-07,0.0029718808766518775,2.545293280939383e-05,8.765866215702602e-06,1
0.008861222394135686,0.9857946056127516,3.248443754173746e-05,1.5850969069277218e-07,0.0052729084028545715,3.386850831854203e-05,4.752134707148e-06,1
0.011671293111732072,0.9880637098541857,2.0337695564528797e-05,1.141270313245365e-07,0.00020428343606806895,3.8048630340863665e-05,2.2131450774955244e-06,1
0.018306398719316608,0.9813454850768664,3.070322466567125e-05,1.335485545898414e-07,0.0002799207396661862,3.476892474826201e-05,2.589766182182345e-06,1
0.034945234193161735,0.9471488987498923,3.771155066035022e-05,3.1078744238831223e-07,0.017795877472514036,6.896823515639133e-05,2.999011172906644e-06,1
0.049159660807184834,0.9400727840616926,5.954017366586431e-05,3.604917885082337e-07,0.010602290479920621,0.00010002931597090392,5.334669776881327e-06,1
0.0226977567190649,0.9769932241039624,2.8021790772705406e-05,0.0,0.0002407094259966269,3.792044592620081e-05,2.3675142773283407e-06,1
0.012545669598311186,0.9871503852904072,2.7173363324791597e-05,1.3525627036573266e-07,0.00023168886797344645,4.255264103503283e-05,2.394982677911898e-06,1
0.004310055409308673,0.9954392553616995,2.4604067234032978e-05,1.1593087026750928e-07,0.0001948851018636114,2.876239279844415e-05,2.321736225631432e-06,1
0.005198320032661261,0.994525885603468,3.0510073387086773e-05,1.413708847784778e-07,0.00021233979237841172,3.0351541430745308e-05,2.4515857895826955e-06,1
0.00831184375745464,0.9913752596795846,3.303197307762999e-05,1.5305631031159238e-07,0.00023971414302559313,3.635986553663291e-05,3.6375250107162076e-06,1
0.010785578275853473,0.9889123256646805,3.294990973251627e-05,2.706378949643052e-07,0.00023148184396757285,3.376517978573072e-05,3.628488085504e-06,1
0.898858927564159,0.10039805013932336,1.0645022346607111e-05,1.7042914747975213e-07,6.8479879927150686e-06,5.128275736938474e-06,0.0007202305812942269,0
0.672991243794037,0.3269617521052711,1.3011558742641494e-05,2.572710501761416e-07,1.0892865551263038e-05,8.720145429966392e-06,1.4122259917916606e-05,1
0.7090181137961842,0.29094238988621773,1.1807474368023673e-05,2.3346329142211842e-07,9.243753591890804e-06,8.031878776220683e-06,1.0179747570412758e-05,0
0.7223809694072575,0.2775838417319798,1.0289195009010854e-05,2.1370376463869986e-07,8.461394208684648e-06,7.522221841394732e-06,8.702345938968388e-06,0
0.40615313485877214,0.5938156211795586,1.0196292864346711e-05,1.9050792100327344e-07,7.714966315684556e-06,6.423002335481479e-06,6.719192232727657e-06,1
0.2774516956036484,0.7225187079467924,9.077686173611814e-06,1.6960783134250922e-07,8.648754289655381e-06,5.718352765028425e-06,5.98204849942585e-06,1
0.2807261053213619,0.7192415305090458,9.129129094227392e-06,1.9206054263787232e-07,9.793677738019146e-06,6.475349200287044e-06,6.7739530173324215e-06,1
0.4815737340557191,0.51839120232206,8.78313730913923e-06,1.9876252832877084e-07,1.3438920139833695e-05,6.229935031448835e-06,6.4128672120550784e-06,1
0.7971912806601694,0.20269465414313595,6.676906024290224e-06,1.5109848293281292e-07,9.805093158506954e-05,4.735971814892866e-06,4.450288787465996e-06,0
0.7741927892031566,0.22555047193383923,7.114783566217955e-06,1.496823167220731e-07,0.00023968569323186818,5.046561134167404e-06,4.742142755162254e-06,1
0.5500444496587762,0.44966822720536015,9.432405053858827e-06,1.7623541229918832e-07,0.0002660984545791946,5.941802623381617e-06,5.674238194894983e-06,1
0.03692827307771397,0.9629200930382632,7.233640630496578e-06,1.0719209316094165e-07,0.00013294515309503685,3.6877484798300576e-06,7.66014972432386e-06,1
0.19689895606198682,0.8020561181741244,1.1820076332714037e-05,1.9237164954801684e-07,0.0010187453316946472,6.618195776044368e-06,7.549788435632151e-06,1
0.16886154600532244,0.8299830135770503,1.1722098859447467e-05,1.9077706693955503e-07,0.0011305763480861251,6.466346552697479e-06,6.48484706196846e-06,1
0.15681683727883652,0.818015722222524,6.109044842974157e-06,1.404954412613811e-07,0.025150956243240583,4.846438413623353e-06,5.388276700932328e-06,1
0.13483612370385348,0.8407450819233019,5.68755567237719e-06,1.308020589844416e-07,0.02440333051557549,4.512061868711155e-06,5.133437669208738e-06,1
0.11211001341957877,0.8876263348400338,8.998967330763035e-06,1.4306487993105912e-07,0.0002443012015862061,5.035726283778282e-06,5.172780306921855e-06,1
0.05650710161503117,0.9434613864550508,7.539905518393832e-06,1.098744433892126e-07,1.577009543611854e-05,3.779987346357952e-06,4.312067173604537e-06,1
0.0747316535722823,0.9252446638774873,8.066638063678608e-06,1.1070105643370183e-07,7.26414784821162e-06,3.896555323667466e-06,4.34450793839448e-06,1
0.06383285802714352,0.9361416139072298,1.0835990039451417e-05,1.1032009880821835e-07,6.456879250619731e-06,3.7953191359235225e-06,4.329557101596494e-06,1
0.05222673221836934,0.9477549027545301,5.997089796640068e-06,8.721692982964505e-08,6.359931977229601e-06,2.9561653371512726e-06,2.9646230595731714e-06,1
0.046929287917247785,0.9530488111264048,6.1771599380468545e-06,8.983572751653158e-08,9.489721475122829e-06,3.090599622520493e-06,3.053639584530702e-06,1
0.061942013698875226,0.9379772616036989,5.161386627774649e-06,9.643662700362571e-08,6.893752257612389e-05,3.2513383840160526e-06,3.278013210976709e-06,1
0.3865465676220689,0.6129488929633132,5.670464029850808e-06,1.283226855849933e-07,0.0004907557978106964,4.022096121323212e-06,3.9627339704600104e-06,0
0.04846328032560412,0.9513405188238044,1.5587389210274136e-05,9.454142161830117e-08,0.00016839576753459816,8.412835920847182e-06,3.7103165042855467e-06,1
0.08486562554946771,0.9080462048990682,2.7309374605705778e-05,1.7136015392115825e-07,0.007014101124560341,4.187582552432888e-05,4.711866619834935e-06,1
0.08228628532170562,0.9084247140758029,2.5749414913887397e-05,1.615717593950914e-07,0.009219163094899457,3.948380443916189e-05,4.442716479771629e-06,1
0.058677280700522416,0.22725474899196643,1.282587277980756e-05,9.081278236187457e-08,0.714035306227108,1.7478846522980556e-05,2.268548318102151e-06,4
0.10177925831724664,0.898015452427112,2.1521410245231567e-05,1.2351660237476636e-07,0.00015313767105300108,2.481697347428375e-05,5.6896842662424295e-06,1
0.05233572989383106,0.9474222520277502,4.346552547887992e-05,1.2540189985815087e-07,0.00016708346751160536,2.7173696951823028e-05,4.169986576535284e-06,1
0.04522206426510955,0.9545406401031513,4.605456696592936e-05,1.3287151440233328e-07,0.00015350897681152997,3.3180842944793276e-05,4.418373502222748e-06,1
0.06252476571239866,0.9323603905888516,3.74319619652982e-05,1.4826910501930563e-07,0.005009039592524113,3.564218052050334e-05,3.258169463497792e-05,1
0.0183978623928793,0.967383654131038,4.3353668338044436e-05,2.7472578315973414e-07,0.014067513550080214,8.407948259058965e-05,2.3262049291054286e-05,1
0.010496205946686776,0.9843160084420635,2.603673495974972e-05,1.7460265090919028e-07,0.005122858002630674,3.3607187107552615e-05,5.109083900944143e-06,1
0.016920681416209137,0.9726353679633489,3.988902021391709e-05,2.6749623876753355e-07,0.01033794698753273,5.108647643747069e-05,1.47606400190563e-05,1
0.023708162957321633,0.9513449154451062,3.531481641738142e-05,3.1918502082549356e-07,0.024819482423347326,6.935462076004539e-05,2.2450552026275823e-05,1
0.016841244802777555,0.9776532148861607,2.856131728993109e-05,2.0987399621361692e-07,0.005422350787387682,4.3315675022021624e-05,1.1102657365994241e-05,1
0.040521703026270305,0.9518471138439208,2.302839603146304e-05,1.7496102362530953e-07,0.007568550344873008,3.2240266163303396e-05,7.18916171727324e-06,1
0.021752638212418997,0.9711548920667216,2.8269795132290264e-05,1.5824347021176004e-07,0.007031521483738064,2.961057133254081e-05,2.909627186396358e-06,1
0.00946265690657932,0.9850724107611055,3.270692101489392e-05,1.6823065512567085e-07,0.005394619064924804,3.239454563010235e-05,5.043570090477756e-06,1
0.009349313719926726,0.9826024285223027,2.7801965945910305e-05,1.5191937850625274e-07,0.007984047106728969,3.3366412811945426e-05,2.8903529052970287e-06,1
0.008726362218474833,0.9822538627318981,3.104894292130717e-05,1.2855176443550677e-07,0.00895145823995669,3.4249987395300183e-05,2.8893275891409323e-06,1
0.0078841577653809,0.9753116566029895,2.5038036307959548e-05,1.3048487633495523e-07,0.016735901787382268,4.063277379829971e-05,2.48254926475057e-06,1
0.04091909306026774,0.9459454094436577,4.9463912216844126e-05,3.539487345733163e-07,0.013019152684616118,6.31114450367448e-05,3.4155054704406662e-06,1
0.06777309787427438,0.9130565187149535,4.853530578663268e-05,3.5172631121109935e-07,0.019014791168278356,0.0001015002548825964,5.204955513456728e-06,1
0.01722134224724265,0.9824377503080598,2.6306801246229997e-05,1.2983657052912581e-07,0.00027214033854469307,3.9883382037066944e-05,2.447086299063627e-06,1
0.01016419703488575,0.9895244734451253,3.297030609484805e-05,1.5277057137524514e-07,0.00023926662365108265,3.5309085511452937e-05,3.630734160176412e-06,1
0.8923861240323449,0.1071303649610522,8.128203980547423e-06,1.4122390909560666e-07,6.020337769501092e-06,4.528899225969245e-06,0.0004646923417175589,0
0.8867417232824439,0.11296833824997618,8.941915627593635e-06,1.4220636644371593e-07,6.47502303608841e-06,4.905457364359816e-06,0.0002694738651854971,0
0.8799072805371667,0.11985210416881939,9.973582916269772e-06,1.4051940439466875e-07,6.298961049104766e-06,4.847265030121607e-06,0.00021935496561420183,0
0.7436477100425656,0.25631155739769984,1.2086955007489645e-05,2.389893224720088e-07,9.573659524759102e-06,8.412255649302307e-06,1.0420700230728153e-05,1
0.7629704571942951,0.23699125504786156,1.1450021042077176e-05,2.2639554539920488e-07,8.951044194728658e-06,7.788725863694841e-06,9.871571197301657e-06,0
0.8142548849033939,0.1857093935435082,1.0444953825840992e-05,2.1693883263994965e-07,8.58948360241505e-06,7.636093954123023e-06,8.834082883006596e-06,0
0.7770222050842259,0.22294805870936027,9.63982101367152e-06,1.8011077992667028e-07,7.458973234691321e-06,6.1048151099392054e-06,6.352486275324e-06,0
0.7655736734020713,0.23439824561523837,9.237161632708963e-06,1.7160138321596525e-07,6.716226190655593e-06,5.9036326414604995e-06,6.0523608423096675e-06,0
0.6747383926512723,0.32522322394350844,1.2473531777648128e-05,2.3172435340454077e-07,9.651012290164749e-06,7.854245784627009e-06,8.172891013297423e-06,0
0.6330690277387994,0.36680473553652154,8.310296294316402e-06,1.8806212910969754e-07,0.00010606542666463762,5.78980942103202e-06,5.8831301699726896e-06,0
0.12160736233688013,0.8510958402222493,6.633022198897132e-06,1.3547598079693123e-07,0.02728003878259464,4.673290404035512e-06,5.316869692232354e-06,1
0.05733053318792922,0.9426509399843495,6.348961369921272e-06,9.771332317265421e-08,5.3971322758370285e-06,3.3616108875731575e-06,3.321409864701656e-06,1
0.05508922824674957,0.9448929362670165,6.044697321164334e-06,9.30305649081514e-08,5.382306860182434e-06,3.1532149986733545e-06,3.162236489068424e-06,1
0.039642123893051086,0.9603372378862166,5.8331699832870726e-06,8.483300973778539e-08,8.961263592592656e-06,2.875363800616348e-06,2.8835903461961785e-06,1
0.04228777624099985,0.9576820283453026,6.215564810126268e-06,9.039425759476093e-08,1.7707015226798096e-05,3.1098146152262044e-06,3.0726247878922347e-06,1
0.39582671119600316,0.603751131301508,5.668965490284089e-06,1.1926489120937106e-07,0.0004083865521751872,4.0210331976987575e-06,3.961686734534369e-06,1
0.6188731843587654,0.38059410919006,5.988939257061806e-06,1.3552978472765046e-07,0.0005183185445965154,4.078141074629726e-06,4.18529646181439e-06,0
0.15103106161901958,0.8488372393358655,8.566948657936085e-06,1.688752242448009e-07,0.00011186070462636759,5.081460480461472e-06,6.02105612591898e-06,0
0.0564850094249098,0.9434247616811605,5.567448465400419e-06,1.020281338284137e-07,7.773047671120028e-05,3.4398547323039014e-06,3.389085887053295e-06,1
0.06650569042069794,0.9332794645390042,1.4773864603492126e-05,1.0367526981190435e-07,0.00018798493277329448,8.006461702563411e-06,3.976105948553519e-06,1
0.062286928500844045,0.937496884396955,1.5211819878881184e-05,1.0414377057539121e-07,0.00018883442257629283,8.042642302115114e-06,3.9940736729296566e-06,1
0.0262245266904615,0.9735216695715361,4.387311686136798e-05,1.2988532713100862e-07,0.00016932079371457135,3.498361823053964e-05,5.496323868818571e-06,1
0.04450682083095498,0.9496097324672128,5.074573123345212e-05,1.8424482863548205e-07,0.0057807808397289644,4.250527123739015e-05,9.23061480366964e-06,1
0.033214494822736446,0.9610094893860288,4.4125226350963426e-05,3.167138030269045e-07,0.005636669092991191,8.11304386897214e-05,1.3774319399903446e-05,1
0.028285955073439933,0.9651393778428955,4.798193411918734e-05,2.688555015610507e-07,0.00642134748006664,8.23254472958298e-05,2.2743366681416725e-05,1
0.016000119565728197,0.976840991028073,4.5794619711950595e-05,2.616568143105873e-07,0.007028964043460823,6.449351728041283e-05,1.937556893129864e-05,1
0.02024311320523504,0.9731545192500698,4.6173729332842505e-05,2.710882514752909e-07,0.006459420066221125,8.790824884297816e-05,8.594412046766381e-06,1
0.021164357634993892,0.9722977431693463,2.7205043852415315e-05,2.213140455661735e-07,0.006415635071614221,8.16395298408011e-05,1.3198236306820338e-05,1
0.04842527444869537,0.9422101075947639,2.650267665925767e-05,2.076116259429891e-07,0.009287836864547632,3.825682966586102e-05,1.1813974041935611e-05,1
0.03784630049215388,0.9528367687573155,2.8511957711671183e-05,1.6662148442672292e-07,0.00925830203018419,2.6780072286404928e-05,3.1700688637155037e-06,1
0.03616221331627976,0.9536564404515206,2.8340057176178837e-05,1.7989200884264223e-07,0.010100327261559251,4.495416479929647e-05,7.5448566558558865e-06,1
0.01788944888623389,0.9625368620875179,3.244374936111717e-05,2.2938661419086169e-07,0.019463638472070565,7.331668297510028e-05,4.060735226985657e-06,1
0.03725899581482304,0.9512695474711439,3.595750410436992e-05,3.2228902045080703e-07,0.01137203127070829,6.003565204237663e-05,3.1099981576136464e-06,1
0.047892640352027165,0.939924349433854,5.226658698018973e-05,4.0309300706590874e-07,0.012031280311897619,9.544409378983399e-05,3.6161284442734153e-06,1
0.009092040083779397,0.9905916293727525,2.4199745314714158e-05,1.138057565721075e-07,0.0002592517669841338,3.0514139670698085e-05,2.251085741903068e-06,1
0.0050338425283273985,0.9946764305504069,3.214693772296142e-05,1.4895542764368356e-07,0.0002226859018370558,3.219385008050331e-05,2.551276197520788e-06,1
0.8906322405150233,0.10888778083642554,9.594596954322345e-06,1.5361160607221937e-07,6.54001916731218e-06,6.035229852645681e-06,0.00045765519097080954,0
0.8894308576857454,0.11034508719307874,9.437436913126016e-06,1.3296555763139142e-07,5.947337894774211e-06,4.586692496269331e-06,0.00020395068831429946,0
0.7568858916144436,0.24293304081747757,1.2733558558587078e-05,2.3791428906993153e-07,9.866969832069157e-06,8.064052287019669e-06,0.00015016507311218453,1
0.7775774455085485,0.22238441404563658,1.1477096060529025e-05,1.7417954803975683e-07,9.016057094008784e-06,7.807143288055983e-06,9.665969824425323e-06,0
0.7930402755249965,0.20693246263384515,8.998754353314063e-06,1.6717242326705052e-07,6.533490073968639e-06,5.666272368268842e-06,5.896151939650453e-06,0
0.5014023596139155,0.49856199461153816,1.1563984095127866e-05,2.1606191561847424e-07,8.960690892508447e-06,7.284558990081134e-06,7.620478652890056e-06,0
0.7017299412212761,0.298227839841639,7.5347100611803875e-06,1.7051060108397783e-07,2.4048922372826376e-05,5.130726705850857e-06,5.3340673440541225e-06,1
0.5787430441023014,0.4207853947751558,9.797889407521266e-06,1.8306413576778573e-07,0.0004495140328825689,6.17203403085367e-06,5.894102086166224e-06,1
0.4533398788114287,0.5460306756543963,1.0134909226373273e-05,1.893610267928465e-07,0.0006066400866832673,6.3843346299428935e-06,6.0968426086148775e-06,0
0.09665476808189225,0.9030162760770895,1.0803709137826507e-05,2.0226193658529828e-07,0.00030281600510471284,6.819290684737749e-06,8.31457415448503e-06,1
0.03806670154030982,0.9617462365283389,6.9682576337393935e-06,1.1265217912317635e-07,0.00017168429850778353,3.875592779845169e-06,4.421130250695437e-06,1
0.14289656274129628,0.8254295246578489,6.547497236625838e-06,1.337291785401484e-07,0.0316573700256212,4.6130338613159065e-06,5.248314957121538e-06,1
0.1349048775205287,0.833131592455295,6.674537630602943e-06,1.3632391159829173e-07,0.031946666475111164,4.7025400677321635e-06,5.35014745521546e-06,1
0.136165968832321,0.8357748367422425,7.723308754944941e-06,1.5774450879233649e-07,0.028039570059734918,5.552495490212417e-06,6.190816947627164e-06,1
0.05744808426741778,0.9425290141474979,9.083970738892298e-06,1.0638545650980684e-07,5.876131957913222e-06,3.6599564652089563e-06,4.175140465921215e-06,1
0.04313351076216603,0.9568476091753627,6.220259938551396e-06,9.199171134290463e-08,6.322882707254715e-06,3.118003682407614e-06,3.126924431637992e-06,1
0.04263443802462771,0.9573253233450616,5.552050156940726e-06,8.865240104903351e-08,2.8417791104687834e-05,3.108656311749433e-06,3.071480336400753e-06,1
0.043755124743823814,0.9561817646636876,4.8304138621595455e-06,8.854650264608514e-08,5.2018877865495516e-05,3.10494291273447e-06,3.067811345392464e-06,1
0.06108850068539203,0.9388212219438392,5.805718990051394e-06,1.0642485852861941e-07,7.702077023013364e-05,3.6572259279292977e-06,3.6872307620195106e-06,1
0.07930329224401649,0.9206053912024063,5.930758990168927e-06,1.0871697158916029e-07,7.777444054036874e-05,3.7359930076384164e-06,3.7666440673665894e-06,1
0.06995998824884972,0.9299630723512248,4.954446727559499e-06,9.08201538813081e-08,6.562656834185532e-05,3.1209796860000395e-06,3.1465850162483606e-06,1
0.3999323102099135,0.5996673576963933,5.3758817749741385e-06,1.130989342139391e-07,0.00038727309713665163,3.8131470585105743e-06,3.7568687886425705e-06,1
0.6223029386306148,0.37704815038857925,6.098042536864595e-06,1.6171494527369384e-07,0.0006332665416748034,4.63149331449485e-06,4.753188334425698e-06,0
0.11797970380553179,0.8819031999946798,7.216054666106867e-06,1.4224584488114842e-07,0.00010038610204335299,4.280181669666453e-06,5.071615564321166e-06,0
0.08527792909286501,0.9145107829816291,1.590207507478819e-05,1.3034433944689872e-07,0.00018025644801806777,1.0351777295662024e-05,4.64728077795446e-06,1
0.07059379606462511,0.92918416797213,1.5337370446321058e-05,1.151154235100528e-07,0.000194046290809681,8.432875651608848e-06,4.104310913649606e-06,1
0.045228891218910786,0.9545766251344948,1.477886226250577e-05,9.984458309724175e-08,0.0001660829035659947,1.0776654261188398e-05,2.7453819215418647e-06,1
0.06801163234990326,0.9277558329945271,2.1026534037837405e-05,1.1380753308949515e-07,0.0041839011691472945,2.43637947428694e-05,3.1293501084089563e-06,1
0.32133280095446326,0.6421276911263032,4.1112782949687473e-05,2.4905571715019303e-07,0.036447221948508544,3.814053422937193e-05,1.2783597828955735e-05,4
0.03370302416867442,0.9660431607512121,5.092749578322273e-05,1.3509331492112e-07,0.0001583610938956897,3.661047295916807e-05,7.780924160434423e-06,1
0.029380129086669825,0.9703883215957672,3.648945749198362e-05,1.1194582092504791e-07,0.00015924849141650427,3.019229627275348e-05,5.507126561119981e-06,1
0.022448384793711168,0.9773433616619158,3.131766731319445e-05,1.2553090898863631e-07,0.00012361882484836944,4.2172647928537654e-05,1.1018873373736398e-05,1
0.02141424086774554,0.9704687851515043,3.55685968959645e-05,2.388057392225088e-07,0.007998803672221798,7.582586673428699e-05,6.537039158641328e-06,1
0.01369619484622395,0.9826327392220964,3.264101853617896e-05,1.9142947690393076e-07,0.003590589281626969,4.053852550327154e-05,7.105676536213157e-06,1
0.010875517318417014,0.9850013299286867,4.8723009039998006e-05,1.9305628216852914e-07,0.004020359228924505,3.483749547130759e-05,1.903996317810441e-05,1
0.00934009315890207,0.9865701342843058,3.0385262324089105e-05,1.5710768551322528e-07,0.004007116793695721,3.5446462235824946e-05,1.666693085083415e-05,1
0.010018738354085571,0.9852042393659922,3.168507666249491e-05,1.5689017174323243e-07,0.004697879801159423,3.0656656250529205e-05,1.664385567821142e-05,1
0.05833547722057299,0.9230766276949719,4.173901279631435e-05,3.518354518230809e-07,0.018462830508716,6.761264404313052e-05,1.5361083447896224e-05,1
0.07501221074389355,0.9160938869531867,2.855861972358736e-05,2.2135008832564135e-07,0.008819601315312335,3.884175186770658e-05,6.6792659276405995e-06,1
0.05435790202220112,0.9364936928972803,2.718674479302597e-05,2.0539863279997364e-07,0.00909107364292617,2.6516205777065385e-05,3.4230883894160063e-06,1
0.023038334792561604,0.9587107435484123,2.4531336560918935e-05,1.1148728458490339e-07,0.018171850587564226,5.164402772612942e-05,2.7842198899318993e-06,1
0.011375778723165192,0.9678056407506074,2.717274149283973e-05,1.5864897060869638e-07,0.020741148385553815,4.704469686726075e-05,3.0560533428196986e-06,1
0.024975979621963986,0.9746641707738617,3.270766441557776e-05,1.3447241354448938e-07,0.0002818571685757056,4.2615838721238285e-05,2.5344600480872977e-06,1
0.017283509116804905,0.9823590247632384,2.9256644135270193e-05,1.355340567430922e-07,0.0002840823963239742,4.143707614151147e-05,2.554469299064951e-06,1
0.010094650778457216,0.9895969429781868,2.4099353016115923e-05,1.1333363501266932e-07,0.0002493045820024859,3.264722755767237e-05,2.2417471447801495e-06,1
0.004272314771764048,0.995488632239393,2.517094047193567e-05,1.091639637205199e-07,0.00018005001959406282,3.156359405513832e-05,2.1592707580234444e-06,1
0.004606457361832497,0.9951485366218438,2.424930311661873e-05,1.1425927213374081e-07,0.00018845398687750554,2.992841074645494e-05,2.2600563111016226e-06,1
0.004834503730614524,0.9949163202453327,2.847082408438398e-05,1.1423260990877512e-07,0.00018841001143026195,2.992142699795658e-05,2.2595289304464125e-06,1
0.01178470042692203,0.9879131168632264,3.291661675096735e-05,1.525217974719086e-07,0.00023095970308137175,3.582482573677283e-05,2.3290424849611647e-06,1
0.8992957566557347,0.10034312884706857,8.388923071493953e-06,1.3341193521125293e-07,6.117632019572235e-06,4.498002849069238e-06,0.0003419765273215003,0
0.8840356847900468,0.1157450781686084,1.0588475371871921e-05,1.4918272251749093e-07,6.687305304097428e-06,5.146109158891397e-06,0.00019666596878714846,0
0.7819764491512796,0.21784518956575705,1.2508670893572316e-05,2.3371247944252753e-07,9.733815105428234e-06,7.921632877626696e-06,0.0001479634516072279,1
0.7693515415022674,0.23061332876830884,8.974160704650748e-06,2.364985703272991e-07,5.857334452161015e-06,6.560826925876274e-06,1.3500908771023851e-05,0
0.8515901900282897,0.1483778702682612,9.34440010776328e-06,1.871367547741078e-07,7.673403295335691e-06,6.831501446302706e-06,7.903261844942622e-06,0
0.7946803451521774,0.20529260904540206,8.92744297263471e-06,1.6584765143234692e-07,6.481714886032992e-06,5.621369519494254e-06,5.84942739100702e-06,0
0.5820955006531876,0.4178602229001158,1.4419553721370737e-05,2.678761574531928e-07,1.1109572168422184e-05,9.03148370881701e-06,9.447960940487597e-06,0
0.3631974627935756,0.6367608614517272,1.1086133079850047e-05,2.3323240509524898e-07,9.895205716751165e-06,7.863464546500436e-06,1.259771894895814e-05,1
0.4122736719621815,0.5876852012646923,1.0416139751454985e-05,2.3571739795878312e-07,1.6008167235492852e-05,7.092823208952052e-06,7.373925532396128e-06,1
0.6290501486740634,0.37083430892775293,8.288784247088878e-06,1.8757531116003147e-07,9.513482812676218e-05,5.879287267355834e-06,6.05192323142267e-06,0
0.36188808886489177,0.6379913765330509,8.361439560750439e-06,1.7590972837561905e-07,9.986211495022661e-05,5.930822142408974e-06,6.2043156753696454e-06,1
0.5615983189377295,0.43799257463565505,1.0689486711590404e-05,1.9972277347367882e-07,0.00038524860808100334,6.733682430182181e-06,6.234926619221749e-06,0
0.04526023092260039,0.9544004722168965,8.180630407820307e-06,1.5315389628373432e-07,0.0003154447996171511,5.390909166564969e-06,1.0127367415291249e-05,1
0.040858770362690595,0.9588418970009612,8.053121094783971e-06,1.3019059968128645e-07,0.0002812148383026117,4.582617316651166e-06,5.351869034490462e-06,1
0.03468187637211325,0.965141464867508,7.108913996128163e-06,1.1492609701821993e-07,0.00016087923061436008,4.045317585295129e-06,4.510372085799065e-06,1
0.03774660637491222,0.9620899249974152,6.9603888057193955e-06,1.1252496789331219e-07,0.00014810835985139688,3.8712163094758064e-06,4.416137738158545e-06,1
0.07659461155388642,0.9053442970643024,4.866428290245113e-06,9.092452998558635e-08,0.018049977810980156,3.0655337865974666e-06,3.0906842242454014e-06,1
0.13526552859497998,0.8359986411349998,6.629705053317685e-06,1.3540822984761338e-07,0.02871907999267635,4.670953311811127e-06,5.314210748802463e-06,1
0.11647223139064235,0.8529514608829021,6.487506986696187e-06,1.325039093184015e-07,0.03055991671955227,4.570767779441713e-06,5.200228228008309e-06,1
0.041417945445577316,0.9585514713832576,5.789078835187921e-06,8.26002111575242e-08,1.8996068145179372e-05,2.8536298049441578e-06,2.861794168581658e-06,1
0.05344128690126649,0.9464800682960024,5.053453189425033e-06,9.263504514895556e-08,6.704093974207248e-05,3.248310416682554e-06,3.2094643379059996e-06,1
0.0809329924227382,0.9189616567233134,4.923552861444925e-06,1.2427580457065758e-07,9.21326486614992e-05,3.7394626264888084e-06,4.430913994399651e-06,1
0.10652117775051623,0.8933401135369231,8.760403523236482e-06,1.628139038868664e-07,0.00011078683668138134,1.3193711884228506e-05,5.804946567897637e-06,1
0.10049662715118643,0.8992697317920607,1.569274470246571e-05,1.320334184387255e-07,0.00020340846322482403,9.700312418000858e-06,4.707502989095138e-06,1
0.07051052352189746,0.9233466284388987,1.908737804300041e-05,1.2628721245877538e-07,0.006089300664266506,3.0861207543678344e-05,3.472502138217525e-06,1
0.08277989089126825,0.8966624501344721,3.49785911064782e-05,1.6094128525613642e-07,0.020479399805708166,3.229343342977374e-05,1.0826202729856507e-05,1
0.05628346553418192,0.9353200318879377,5.670616611220362e-05,1.636004840983192e-07,0.008284416908197133,4.433645326657801e-05,1.0879449820645152e-05,1
0.025080508604292052,0.9746679738510488,4.9136923832747855e-05,1.3648332170794221e-07,0.000156873677179385,3.57483654124777e-05,9.622094912639024e-06,1
0.021433760843611135,0.9783594712775078,2.4909528580245446e-05,1.1442326083459915e-07,0.0001444802996777824,3.0695297772666804e-05,6.5683295898406674e-06,1
0.017563663774727057,0.9821896181450115,3.241950598279033e-05,1.342258485827459e-07,0.00016579479648223328,4.129750968952474e-05,7.07204225853452e-06,1
0.026342534507684742,0.9566568543637561,4.648590115491709e-05,1.7100014369830693e-07,0.01690430433733105,4.164669823912461e-05,8.003191690445057e-06,1
0.024688927026988307,0.9653381415710562,5.014030413491344e-05,2.835154929962354e-07,0.009823497026797348,9.002215800604148e-05,8.988397524390134e-06,1
0.020343097459955353,0.9745401192850824,3.879368265420029e-05,2.1341130040142938e-07,0.005019376282549203,5.2599133096644724e-05,5.800745361689889e-06,1
0.03254805393229504,0.9626159602807091,6.658785827468986e-05,3.191628036842697e-07,0.0046332187148017115,0.00011950040261941082,1.635964849660109e-05,1
0.012165243189130502,0.9860786131364981,2.6022138913262914e-05,1.5537082987765563e-07,0.0016903335124605144,3.5646692580299125e-05,3.985959587303852e-06,1
0.01906264440877038,0.974075888256261,5.384048075813969e-05,2.630335479791945e-07,0.006726617380296844,5.480504642696661e-05,2.5941393938986884e-05,1
0.011840704604261544,0.9836175061152066,3.418447862307348e-05,1.462398383017563e-07,0.004458933022554525,3.301153544538069e-05,1.551400407084071e-05,1
0.036459165640960495,0.9511212104682222,2.7605969344793582e-05,2.823885311323409e-07,0.01230222871265746,7.51711044320325e-05,1.4335715851977627e-05,1
0.04204853518042117,0.9344345204045339,2.7806607039346332e-05,2.5995693094919633e-07,0.02341801435389883,6.238410975617015e-05,8.479387419476279e-06,1
0.11080272782482434,0.85626048335473,3.0134237901466664e-05,2.746076799935543e-07,0.03283339654005318,5.927395214082289e-05,1.3709482670188211e-05,1
0.06021391812946682,0.929939602471069,2.899025072768812e-05,2.246955427560905e-07,0.00977054722696605,3.952160594078151e-05,7.1956202868948694e-06,1
0.06865152286554128,0.92055546967162,2.6837256134907525e-05,2.101225958959746e-07,0.010731755064398113,3.0013426045224398e-05,4.191593664442706e-06,1
0.0353497000274787,0.9549676628587076,2.6289236708136282e-05,1.6128150583836857e-07,0.009616010529731192,3.663330034971939e-05,3.5427655184541954e-06,1
0.028080038926466166,0.9593831406098707,2.3663333570650516e-05,1.4835871699336248e-07,0.012470950271890168,3.923589019810902e-05,2.822609287269141e-06,1
0.01867349705352613,0.960722765335529,3.118433323252897e-05,2.2036942805436959e-07,0.020503245847166455,6.293977859173896e-05,6.147282525986798e-06,1
0.02262270345868546,0.9594532882432754,3.332336991558116e-05,2.356057838224395e-07,0.017807283941800162,7.89945499555238e-05,4.170830584095442e-06,1
0.012543243791033202,0.9871458175273115,2.6118046169146014e-05,1.1864715809407323e-07,0.0002486870813015166,3.37787124490839e-05,2.2361945776264342e-06,1
0.00890251043968094,0.9907847419478164,2.397819511963473e-05,1.3297845823331748e-07,0.00025611630508376877,3.0447759543155935e-05,2.0723742980077804e-06,1
0.005194135808447865,0.9945540002660931,2.6870500366050343e-05,1.1653479258680094e-07,0.00019220712562583033,3.036469841162817e-05,2.3050662631601272e-06,1
0.005382642939420835,0.9943504403388974,2.9326073413342242e-05,1.468792457323227e-07,0.00020318292991599655,3.174512330195253e-05,2.5157158048854222e-06,1
0.007619628420273493,0.9920404200404465,3.4206792879795996e-05,1.5849993257956698e-07,0.0002652159802679775,3.7655513795469404e-05,2.714752404096411e-06,1
0.9036362905065612,0.09582502287101484,9.719152235463203e-06,1.5560576349977076e-07,6.591695787816858e-06,6.368204075205335e-06,0.0005158519645619456,0
0.8482616581608194,0.151500528438242,1.051960008299032e-05,1.4821232755989097e-07,6.629301661812641e-06,5.112635052139781e-06,0.00021540365181406328,0
0.7562888575667087,0.24324213593828162,1.972609851394821e-05,2.5610022190893293e-07,1.3019875157767639e-05,8.680460464415138e-06,0.000427323960651771,1
0.7050920167432729,0.29473381617501765,2.0377200518774255e-05,2.64553356612858e-07,1.3455729493256884e-05,8.966977598413913e-06,0.00013110262074223625,1
0.7572040921402097,0.24274321246442077,1.2582987260527503e-05,2.4879712038342036e-07,1.0313629285989997e-05,8.432923451025263e-06,2.1117058251397895e-05,1
0.8689245637689034,0.13103683332938973,8.37453766491508e-06,1.739368555590228e-07,6.88686184257052e-06,6.122454679830492e-06,1.7045110664251014e-05,0
0.8112245605097201,0.1887461279381691,9.538991033089633e-06,1.772085539746931e-07,7.3387826180850415e-06,6.0064448022246885e-06,6.250125103297926e-06,0
0.37290910105110625,0.6269698401945442,9.278501482353033e-06,1.7335987215605748e-07,9.964765708406133e-05,5.844853368159926e-06,6.114382542853039e-06,1
0.5559718406396728,0.4436256804096906,1.0507766629713082e-05,1.9632750860010444e-07,0.0003786994247111701,6.75428989246259e-06,6.321141894661181e-06,0
0.2545760326133966,0.7451811067726942,6.880190506477595e-06,1.3603856940003062e-07,0.00022643532303431974,4.610997267048332e-06,4.798064532174292e-06,0
0.04970201347705244,0.9499893750377243,7.6011772699058736e-06,1.4230564848847948e-07,0.00029000904992211986,5.009058492833081e-06,5.8498938897510114e-06,1
0.031780785664197064,0.9679238463580391,8.252401785990896e-06,1.0630793861060455e-07,0.0002791797921298611,3.6573307549513545e-06,4.1721451545691514e-06,1
0.17874132471155216,0.8202888872911861,1.0194630044362345e-05,1.9369665824795343e-07,0.0009445961588566596,6.663780283957806e-06,8.139731418497813e-06,1
0.17779612449104762,0.792349621986785,6.719514693172121e-06,1.255476663310993e-07,0.029838908016585168,4.23285787704882e-06,4.267585345581289e-06,1
0.07716147433582005,0.9227606139679692,5.20074981656237e-06,9.533514529705008e-08,6.603646371408338e-05,3.2761346366226837e-06,3.303012898498268e-06,1
0.07844585110435726,0.9214731592251714,4.602955985801178e-06,9.500839008351371e-08,6.973510817444336e-05,3.2649058912378775e-06,3.2916920295616353e-06,1
0.41361798190365723,0.5858589786823994,6.267214051803473e-06,1.3914602967466203e-07,0.0005078079137869785,4.445374698889377e-06,4.379765375899822e-06,1
0.37319065145686814,0.6259831841090017,9.248003865827814e-06,2.224216422619265e-07,0.0007930968075619899,1.7059697964630896e-05,6.537503095548285e-06,1
0.328503458573123,0.6706540626595403,8.429859530464273e-06,2.0060928833886374e-07,0.0008104390557324185,1.6256663885851876e-05,7.152578899532296e-06,1
0.1345472485740861,0.8651847728490953,1.691781121978079e-05,1.5219124227762574e-07,0.00023446326751234877,1.2055898621457134e-05,4.38940822278262e-06,1
0.06410637841496677,0.9291807785345048,2.287070951665469e-05,1.211682129079173e-07,0.006658850568565445,2.7153871709485417e-05,3.846732523614363e-06,1
0.07001273008674255,0.9187537707520798,2.3690723265008165e-05,1.3822621306833146e-07,0.011169976050467097,3.3778779073700735e-05,5.915382158529777e-06,1
0.14038002443775585,0.7447030889643559,3.123363973605973e-05,2.692488942314397e-07,0.11483271124229799,4.490686506988372e-05,7.765601890080048e-06,4
0.139234469773386,0.8069861527457863,3.536372649371289e-05,2.0465087429878043e-07,0.05369687814196765,3.413283915167865e-05,1.2798122340319018e-05,1
0.033660375066502074,0.9491463719841247,5.07616490923405e-05,1.5381567662843383e-07,0.017097651882993434,3.445684254120317e-05,1.0228759069575514e-05,1
0.02232529896045516,0.9774611962580451,4.2035082091244955e-05,1.2021435590214765e-07,0.0001300772366987007,3.1487119956031536e-05,9.785128397939338e-06,1
0.021449762535701175,0.9782600718308061,2.747365361950917e-05,1.262017072726774e-07,0.00022453879030953695,3.078253072322502e-05,7.244457133290201e-06,1
0.016314062767759426,0.9834275376655395,2.6462185249419234e-05,1.376979180089527e-07,0.00018794888554909291,3.659582060625307e-05,7.254977378453418e-06,1
0.024630766263107756,0.96571740595506,4.6086534235840854e-05,1.8054673009687924e-07,0.009538429403359779,4.8220895799916005e-05,1.891040170681314e-05,1
0.0212888981503505,0.9740295077015807,3.8733087538173985e-05,2.3575962376217237e-07,0.004565521391197515,7.065025454383544e-05,6.453655165816062e-06,1
0.018560367741599408,0.9778857030504672,4.2971541297515585e-05,2.596355906909682e-07,0.0034418915756125414,6.26940736566929e-05,6.11238177591178e-06,1
0.015108547702102787,0.9795972211302191,3.0236774703867358e-05,1.4564212036518403e-07,0.005211417200346947,3.287660923731978e-05,1.9554941269925474e-05,1
0.028717415882658106,0.9585982141244647,2.423619075916057e-05,1.4973771374888904e-07,0.012617534630462618,3.960058845366086e-05,2.8488454877981423e-06,1
0.026362332331699267,0.9563011085069807,2.152415512409109e-05,1.451895844862238e-07,0.017275280701285676,3.684680059356452e-05,2.762314732095572e-06,1
0.03686153748215242,0.9452549336669015,4.4541295190183453e-05,2.913715613202768e-07,0.01774798214165845,8.629957070842883e-05,4.414471827578092e-06,1
0.0133210940985466,0.9763814974019531,3.701299074006791e-05,1.3262941877671425e-07,0.010223402309705748,3.454787808958499e-05,2.3126915460456957e-06,1
0.014780063928583075,0.9848845519576058,2.883578547920591e-05,1.2511063991491443e-07,0.00026223468290353675,4.183052015882259e-05,2.358014629893439e-06,1
0.008125505443003507,0.9915737147041681,2.3048903874797434e-05,1.2683351645571757e-07,0.00024619034365143725,2.9421713761810823e-05,1.9920580239281074e-06,1
0.004976004569876374,0.9947856169661019,2.5084626199487546e-05,1.0878962696831968e-07,0.00017943260577661462,3.160057606759569e-05,2.1518663511557275e-06,1
0.8935697022457532,0.10592355649445337,9.902721594427397e-06,1.5854474928420585e-07,6.716195676381353e-06,5.0843599848849195e-06,0.00048487943778854816,0
0.8693118697591802,0.1302932123272422,1.2298089600822233e-05,1.7326975074130588e-07,7.767036984032258e-06,5.976999455443779e-06,0.0003687025177864317,0
0.8946289662660897,0.10514257775835169,1.0312468778887213e-05,1.4529402149792607e-07,6.498770473585778e-06,5.0119670840232655e-06,0.00020648747520059805,0
0.8700634177659191,0.1297194797838713,1.0485381179743465e-05,1.4773021196074726e-07,6.622194670731486e-06,5.096004309259305e-06,0.00019475113983782384,0
0.9462399237939194,0.05374482152865044,3.7136513064220277e-06,7.342817186538201e-08,2.522386406594619e-06,2.526162342652438e-06,6.41904920264963e-06,0
0.8438178203005813,0.1561392426847155,1.0282534995996102e-05,2.0331142711006185e-07,8.038362972851625e-06,7.156418887603854e-06,1.7256386419752623e-05,0
0.839673942712566,0.16028333113072474,1.023203882811153e-05,2.023129916114033e-07,7.99888763662838e-06,7.121274662007591e-06,1.7171642590913513e-05,0
0.8710355857101241,0.1289381837362445,8.536327756999175e-06,1.5858179264708875e-07,6.567387845111706e-06,5.375094840560612e-06,5.593161396097738e-06,0
0.8366501385111363,0.1633198132047827,9.764850830918454e-06,1.8140441578391615e-07,7.555253560959657e-06,6.148662611633934e-06,6.398112661661159e-06,0
0.645940899889369,0.3540297424636729,8.45844684339274e-06,1.9141477824533927e-07,8.960033468073799e-06,5.759741085858886e-06,5.988010782420301e-06,0
0.7105434497519251,0.28943071673325854,7.0214650531531366e-06,1.7369715108494167e-07,6.820401538767148e-06,5.347559375824163e-06,6.47039169747996e-06,0
0.7097021698302689,0.29026927272339625,7.2497059245065606e-06,1.640609532194837e-07,7.854588814353525e-06,5.050892793091743e-06,8.238197849665877e-06,0
0.31245930345202116,0.6874024271306253,1.043713851332965e-05,1.9500789020589046e-07,0.00011418464587329006,6.574719453309389e-06,6.877905623512172e-06,1
0.5940252470922475,0.4055155216219505,1.1995163332088005e-05,2.2411808476797786e-07,0.00043230513326524944,7.710373984064409e-06,6.9964971358312215e-06,0
0.6222986713569142,0.3773395915893591,1.117922668515246e-05,2.0887309363775968e-07,0.0003364379849374234,7.185897866398951e-06,6.72507114400589e-06,0
0.5842439438955005,0.4152745230983355,1.3284422684717202e-05,2.6266625257437274e-07,0.0004504923184293184,9.03655339745479e-06,8.457045399804136e-06,0
0.038185078459644486,0.9613587851632495,7.503937435935236e-06,1.4285992031873611e-07,0.00043785435262200646,5.02856847046345e-06,5.6066586571973564e-06,1
0.0400640360557641,0.9594173204676734,8.309660024886555e-06,1.231371444923781e-07,0.0005011417488980139,4.2363088920241735e-06,4.832621603388986e-06,1
0.03908427267950707,0.9587725156498633,7.282901983117569e-06,1.205327802403528e-07,0.002123048024920939,4.146710489491724e-06,8.61350045608172e-06,1
0.15546398423326402,0.8138115967977205,6.512268708862956e-06,1.2167547453234542e-07,0.03070954675571018,4.102306365931332e-06,4.135962755862561e-06,1
0.1170984551654827,0.8548316711499783,6.309903449188544e-06,1.288764507157674e-07,0.02805384067889903,4.5363601996182185e-06,5.0578655406099995e-06,1
0.15777265000385585,0.8252866366542163,8.945565753017873e-06,1.4221430679353218e-07,0.01691861679949862,5.0058433295722745e-06,8.002919039725647e-06,1
0.204940975465762,0.7950024050276336,7.729113690929636e-06,1.5696110709709466e-07,3.182978489551258e-05,5.524920302884779e-06,1.137872660780702e-05,1
0.1439296602788252,0.856031151658424,1.0680366086557347e-05,1.3920750197794043e-07,1.8663945937780346e-05,4.8814599521994485e-06,4.823083272164849e-06,1
0.09940241222213252,0.9005539919203582,1.0853544699954254e-05,1.5747743459904548e-07,2.1688247916480266e-05,5.440510955481733e-06,5.456076502819862e-06,1
0.0851452691472078,0.9147658647435598,1.1048682450125213e-05,1.396391752205464e-07,6.719533712565818e-05,4.896597036166023e-06,5.585853445346774e-06,1
0.05405516052569143,0.9459079202089301,1.0363580307208164e-05,1.0351595969088204e-07,1.8681507910435714e-05,3.629857033222097e-06,4.140804167748225e-06,1
0.04998490746975116,0.9499640461506297,9.44654921311967e-06,1.0854033984882581e-07,3.334346232882928e-05,3.8060403165375968e-06,4.341787420577e-06,1
0.04323650663203472,0.9566812310198264,4.493268095626668e-06,8.25315389772919e-08,7.149113062190675e-05,2.894024149647674e-06,3.3013937327960513e-06,1
0.062396220886655,0.9375248104611502,5.489028689693751e-06,1.0061959642917876e-07,6.636461007310264e-05,3.5282940994710702e-06,3.4860997359548877e-06,1
0.07233694072157583,0.9275795534738166,5.595969123311055e-06,1.025799256387415e-07,7.072814047648575e-05,3.525097133487648e-06,3.5540179485334026e-06,1
0.06456910413292291,0.9353579436564495,4.2023041451657835e-06,8.673864201723081e-08,6.267727123280134e-05,2.9807209981255187e-06,3.0051756095661106e-06,1
0.4525359694354815,0.5467788062913057,8.794761444281902e-06,1.7708822566718517e-07,0.0006546255528567747,1.6052835400337677e-05,5.574035285592532e-06,1
0.3388402936260395,0.660429444957143,9.328867288700017e-06,1.8836654182486415e-07,0.0006963170539274875,1.8498097093675573e-05,5.929031965852456e-06,1
0.06471298966969231,0.9350800936100162,1.5347294744037056e-05,1.0449552740713851e-07,0.00017694445077702986,1.1278650636564917e-05,3.2418286066064394e-06,1
0.05691028603935445,0.9428942106733613,1.5840604448801613e-05,1.0274226109710479e-07,0.00016419157223308156,1.2106641984822688e-05,3.2617263562217722e-06,1
0.07104740041707829,0.9221358699067296,2.2060649226674806e-05,1.1716648111611315e-07,0.006767585594758051,2.3246576355730964e-05,3.7196893704235736e-06,1
0.06929984065012049,0.9242544743837391,2.2693158655615807e-05,1.2052580673252205e-07,0.0063914905730512025,2.755437060009717e-05,3.826338026832095e-06,1
0.14591017629981007,0.7521690376159351,3.934221166334089e-05,3.023974660490854e-07,0.10182186310144203,4.275790898191973e-05,1.652046470145311e-05,1
0.1488044790374072,0.7775823440467897,4.3563610348240186e-05,2.749324043155578e-07,0.07351271435602502,4.0843302805404525e-05,1.578071421997661e-05,1
0.039955299957256385,0.9348905939886096,4.8318581844829906e-05,1.4641280362403196e-07,0.02507286737118937,2.790497186391295e-05,4.868716432513697e-06,1
0.02178934964064834,0.9779193819484469,4.726808816846857e-05,1.3233563322354366e-07,0.0001989333333682888,3.227868927858085e-05,1.2655964456362535e-05,1
0.018888168634489565,0.9719358060301451,4.652489149302266e-05,1.5624109049404812e-07,0.009061810747844108,3.935337665854825e-05,2.818007827912926e-05,1
0.01689100876821061,0.9783522596539496,4.270817426635103e-05,1.910908911574971e-07,0.004625343189094686,4.756313439829397e-05,4.092598918934357e-05,1
0.015688503734716357,0.9797552054247013,4.117578501433328e-05,1.8322814010458788e-07,0.00443502578668043,4.5587782715777896e-05,3.431825803156681e-05,1
0.018223204157841195,0.9794651186056499,3.391347123252039e-05,2.2766485890759986e-07,0.0021954961699593763,7.585175826751763e-05,6.188172190713091e-06,1
0.014473327648837119,0.9834356836251555,2.7299029216533297e-05,1.9992173414963483e-07,0.0020127331491605373,4.590981518623465e-05,4.846810710034186e-06,1
0.029770633902003827,0.9663201735905355,4.657419843713375e-05,2.3347853690304e-07,0.003769375168418074,6.054587121573997e-05,3.246379085311708e-05,1
0.04448220534765147,0.9487955155003313,2.808069092635659e-05,2.3316832479666138e-07,0.006599346969601798,6.1014926355021285e-05,3.3603396809290704e-05,1
0.05515280332947886,0.9165566705366448,3.122355131136697e-05,2.6668443784860367e-07,0.02818883350105322,6.266813697671283e-05,7.534260097075916e-06,1
0.06969596807229436,0.8016544679095248,3.0310932836766277e-05,2.728058394495317e-07,0.1285575432346201,5.253854621973826e-05,8.898498664919618e-06,1
0.09525987703419637,0.7746909922853513,3.5042204971819846e-05,2.750038240085478e-07,0.1299672032342055,3.889566732957331e-05,7.714570121338075e-06,1
0.06705964287761729,0.9043584859972104,2.894367758074805e-05,1.9882134588860552e-07,0.028517690683498454,3.099738272796046e-05,4.040560019378379e-06,1
0.06004159929276299,0.928083525372269,2.387358959439447e-05,1.6267821207509789e-07,0.011822381559449672,2.5362461855666974e-05,3.0950458560520827e-06,1
0.02395188701059591,0.9651683109760393,2.2243032266986345e-05,1.4177918805863068e-07,0.010817898689179156,3.6821082737320676e-05,2.697429993100259e-06,1
0.034434752027680975,0.9441801285641591,4.313261925110395e-05,2.492969508587757e-07,0.021260236926972882,7.721128441750421e-05,4.289280567529096e-06,1
0.01525042106793195,0.9779711806627518,3.109194655259277e-05,1.446514517593994e-07,0.006709634587477366,3.480074437296001e-05,2.7263394612556468e-06,1
0.046851482943494345,0.9528725514924122,2.945166835515761e-05,1.3648902410363991e-07,0.00020549888164521251,3.8306057084754637e-05,2.572467984139007e-06,1
0.04546645872833659,0.9541869628690587,2.630955176806641e-05,1.316472152329265e-07,0.0002759354901007481,4.172050121351038e-05,2.481212307083446e-06,1
0.008558105120159008,0.9911040306693988,3.1616401668109984e-05,1.371173130586459e-07,0.00026496564225761215,3.843285926084936e-05,2.7121899426836807e-06,1
0.011153011811616438,0.9885097054318286,3.1533642213773654e-05,3.104883563568099e-07,0.0002646018894739931,3.813164602769989e-05,2.7050904832932916e-06,1
0.9151566147351323,0.08457118668163738,7.650865055677452e-06,1.2357998543689274e-07,5.639227119140383e-06,4.166517228783838e-06,0.0002546183938412962,0
0.9275501201787073,0.07217922089090234,8.659160282558996e-06,1.5137603753896534e-07,6.1985613621118885e-06,4.5797787823182846e-06,0.00025107005392570596,0
0.9019824639385096,0.09769899648642896,1.1092596689093151e-05,1.6215862254090912e-07,7.268966528585864e-06,5.467201604078301e-06,0.00029454865161755814,0
0.7080879534076182,0.29182796658119714,1.970194482043691e-05,2.706878181107575e-07,1.3826128814120414e-05,9.174903816150376e-06,4.110634591574292e-05,1
0.9241919008045861,0.07578526830422622,5.5281850220053185e-06,1.0930604044528128e-07,3.933023867096948e-06,3.7049041017403765e-06,9.555472156536978e-06,0
0.9378324207249763,0.06214895696608227,4.533479140747326e-06,8.96382180306646e-08,3.079229904925755e-06,3.0838394188360453e-06,7.836122258791247e-06,0
0.8240356283455129,0.17592321509800823,9.042047107255658e-06,1.8780084400856958e-07,7.4721316630913595e-06,6.6104572983166035e-06,1.7844119566107975e-05,0
0.8711817110277875,0.1287654641803905,9.55937558902484e-06,1.9854561500494756e-07,7.849936143598294e-06,6.988665661685335e-06,2.8228268812801535e-05,0
0.8561394241429221,0.14381866386343206,9.199689082291911e-06,1.7188733829647995e-07,7.128647834126163e-06,5.826083371949228e-06,1.9585686018962367e-05,0
0.40866833888693765,0.5912987568478574,9.863588199784959e-06,2.232131481017713e-07,9.118141883927851e-06,6.716565731292906e-06,6.982756242040213e-06,0
0.6236377192610819,0.3763336107060654,7.79242140220928e-06,1.9276908556416596e-07,7.5692811286560844e-06,5.934721003993906e-06,7.180840232406755e-06,0
0.6704788214034357,0.3294934392228358,7.949123403307522e-06,1.6723533412404445e-07,8.180726016408813e-06,5.638363675362906e-06,5.803925299517644e-06,0
0.5478806465878505,0.45209022867739046,8.020703394692585e-06,1.687412490744774e-07,9.389966012536274e-06,5.6891358175012945e-06,5.856188285240844e-06,1
0.45275807723437533,0.5471879610176741,9.291007052730297e-06,1.7359352670533623e-07,3.2521792794049765e-05,5.852731065359127e-06,6.122623511650491e-06,1
0.03904199452294338,0.9606237512346332,7.02419481150366e-06,1.315036555873955e-07,0.0003173087355751026,4.628835958763552e-06,5.160972422546381e-06,1
0.03903847104741931,0.9605370565276473,7.023560889523059e-06,1.3149178759966973e-07,0.0004075284473890481,4.628418213963244e-06,5.160506653309091e-06,1
0.1484946827499879,0.8149207576917016,6.671104822076097e-06,1.2464317447104414e-07,0.03656913961837243,4.38735186051595e-06,4.236840081093543e-06,1
0.1556244703020407,0.8054037366859585,6.991409625171026e-06,1.306277615103541e-07,0.03895563270281981,4.598005104809209e-06,4.440266689446107e-06,1
0.13755174696300515,0.8267445520406547,6.4050020764450125e-06,1.1967130072066332e-07,0.03568899141273176,4.11707285769019e-06,4.067837373378938e-06,1
0.11091559758634588,0.8505133623007682,6.078795223193919e-06,1.2415618706399395e-07,0.038555594336435725,4.370210247142922e-06,4.872614792825572e-06,1
0.22663456557896092,0.773320695683941,9.220402013373754e-06,1.585778406831283e-07,1.858852666742681e-05,5.689380941055547e-06,1.1081849635734912e-05,1
0.0443010298454439,0.9556137289437673,9.578651458237646e-06,1.0983779736776102e-07,6.795262497804512e-05,3.7946199880810815e-06,3.8054765670932376e-06,1
0.05481697571826888,0.945090922022118,4.753696832523557e-06,9.525738781864613e-08,8.002529614067694e-05,3.4175611854860095e-06,3.810448066811516e-06,1
0.05936415271434951,0.940565670097557,4.888619249121502e-06,8.961346783741537e-08,5.9014664953407916e-05,3.0795126495612804e-06,3.104777773441968e-06,1
0.0907139932666505,0.909191173482773,5.4219326915310895e-06,1.1191267041278893e-07,8.16645430439849e-05,3.84581126586504e-06,3.789050904682877e-06,1
0.3844124350206605,0.6150087703258597,8.763076592092542e-06,1.7955676187476208e-07,0.0005465673319145876,1.763295319225797e-05,5.651735019004826e-06,1
0.29654783030406107,0.7029086730029203,6.981662391874577e-06,1.1466830308995574e-07,0.0005178499872739887,1.3902276150994977e-05,4.648098898664529e-06,1
0.3015041391803293,0.6968161174615694,1.541392433676843e-05,1.5846216326872754e-07,0.0016443131451371028,1.5899363078160458e-05,3.958463386064233e-06,1
0.3392841557279291,0.6583958507239305,1.9058281286753096e-05,1.9592781272961397e-07,0.002276186471501655,1.9658493658294836e-05,4.894373880827145e-06,1
0.06998502573345743,0.92978491323965,1.7025043631161916e-05,1.1097034699932327e-07,0.00019486187467957346,1.4620437343098645e-05,3.442700891740502e-06,1
0.07174340913094401,0.7244804707012079,2.6025762423795425e-05,2.9806944483423985e-07,0.20370248355675222,4.192827552837735e-05,5.384503698797429e-06,4
0.13110849078935224,0.7520174392634363,4.2507228579569374e-05,2.686896414195135e-07,0.11677871983047074,3.991589282643081e-05,1.2658305693288506e-05,1
0.03738929960697954,0.931405635714859,4.658606539783485e-05,1.411630098460626e-07,0.0311259157437875,2.794019775485078e-05,4.481508211388847e-06,1
0.029835769046038744,0.9464645469325016,5.7852346380469074e-05,1.5306599835529564e-07,0.023560462711378856,2.8268258529538514e-05,5.2947639172492196e-05,1
0.028059329149785154,0.9481736753933765,4.864040302880562e-05,1.4851337202223192e-07,0.023654588414983125,3.098275387257201e-05,3.263537158202437e-05,1
0.023034223810972438,0.9569359117882038,5.0306750785721735e-05,1.536012189340829e-07,0.019919870319545726,3.182978558165031e-05,2.770394369141335e-05,1
0.019098171685481443,0.9681372427144226,4.8675155283829256e-05,1.6346216181187964e-07,0.012610826926864431,3.894062638827314e-05,6.597942939768317e-05,1
0.01918980661909297,0.9697368728210202,4.3521766064449e-05,1.888443174511245e-07,0.010958716895574134,5.111356581075251e-05,1.977948811996476e-05,1
0.05388280494373757,0.944083695648719,2.4194976369604286e-05,1.6062420674425114e-07,0.0018847987162840419,0.00010607431809627007,1.8270772586692304e-05,1
0.06897704196873658,0.9274592076955352,2.508126677102924e-05,1.6162024658512115e-07,0.0034596500355244726,6.367358887093935e-05,1.5183824315230763e-05,1
0.10201378698958062,0.8914407261765681,3.7013936688355236e-05,3.0958218256468216e-07,0.006410668753465253,7.291990335707243e-05,2.4574658158005894e-05,1
0.051331331029288614,0.9419780963205244,2.8665883344524566e-05,2.1312806172393734e-07,0.006614791789584249,3.884305731255469e-05,8.058791883826952e-06,1
0.08326008194517717,0.9020423581511664,2.780508148515966e-05,2.4444566675901595e-07,0.014603912468671827,4.423240268432757e-05,2.136550514853721e-05,1
0.040515692971495564,0.9487102172661205,2.2934603171572453e-05,1.5627981807475266e-07,0.010719987384219948,2.8038182416984006e-05,2.9733127574179824e-06,1
0.03992023204627041,0.9475464401010523,2.3301367752252315e-05,1.4846592484667067e-07,0.012472240368557378,3.4813001464921134e-05,2.8246489778821934e-06,1
0.023256586565837317,0.969532847846672,2.4763732163875978e-05,1.1167068453347575e-07,0.0071366249767800555,4.625461189368803e-05,2.8105959684826504e-06,1
0.019085377601471373,0.9674397711303956,3.501698378697242e-05,2.21794081837833e-07,0.013364083209955097,7.160295250470056e-05,3.926327804404674e-06,1
0.03302716322479455,0.945117557337313,3.9070718667362366e-05,2.6692152839396873e-07,0.02172227742020201,8.907185712587111e-05,4.592520369188115e-06,1
0.012238675600952984,0.9811961449407843,3.129650892144876e-05,1.4002007011753267e-07,0.006494808686498757,3.629519395610712e-05,2.6390488162135325e-06,1
0.021049955590327084,0.9785518554033538,3.238554804559664e-05,1.5211602293873076e-07,0.00031371087180299593,4.907347362132516e-05,2.8669968259667857e-06,1
0.011748689129562553,0.987947806553611,2.363709470484828e-05,1.4917911861136217e-07,0.00023851780947806479,3.8985000670467256e-05,2.215232854468829e-06,1
0.007265037035289092,0.9924133152843608,3.2178264084921156e-05,1.2910785714736293e-07,0.0002491299896452029,3.762468830698729e-05,2.585630455986407e-06,1
0.010003381411323968,0.989667829003896,3.29578327942166e-05,3.002202873272503e-07,0.00025585131828236815,3.706458218347811e-05,2.61563123226186e-06,1
0.011893507208633504,0.9877350803518773,3.337334778920775e-05,3.0400530656573966e-07,0.00029455152661105705,4.053495204964581e-05,2.64860773302749e-06,1
0.9089544898509189,0.09046225400530611,1.2821818883434292e-05,1.664632597774874e-07,8.03799512677981e-06,7.328004470412547e-06,0.0005549018620345806,0
0.9127969260018677,0.08693973533340238,1.0567747630358756e-05,1.6366673293221647e-07,6.5834775860866374e-06,4.951625389595607e-06,0.00024107214739085397,0
0.925084817860236,0.07445326848972367,1.1787968933158423e-05,1.8256476504549233e-07,7.343648994227496e-06,5.651187979367771e-06,0.00043694827936835375,0
0.9414181903835622,0.058555538411536205,4.585049624368696e-06,9.523022597246332e-08,3.2873120856370327e-06,3.352036811247158e-06,1.4951576154389763e-05,0
0.8345534401816603,0.16538830407333163,1.0531742759060523e-05,2.0823888769981555e-07,8.245017683170335e-06,7.1640791677003345e-06,3.2106666510303906e-05,0
0.8436985874777845,0.15625064481338224,9.208746358827146e-06,2.1314196238732504e-07,7.5728794178347e-06,6.5800595901154235e-06,2.7192881504135714e-05,0
0.8663912085640804,0.1335561020008168,1.01690848418243e-05,1.899995652827861e-07,7.522849323943232e-06,6.536588542850411e-06,2.8270912828993765e-05,0
0.7071817832794935,0.2927806838741743,1.217756540892519e-05,2.2752609206114205e-07,9.431860637262535e-06,7.671075370491176e-06,8.02481882364269e-06,0
0.6152326235446202,0.3847026918697055,1.708717722050208e-05,3.1925746459038284e-07,1.5162739714101795e-05,1.0763811971097464e-05,2.135159930403212e-05,1
0.7330904928988708,0.2668876376660822,6.004681077783459e-06,1.6862082821084545e-07,5.861238195057374e-06,4.46974142017446e-06,5.365153525395509e-06,0
0.6879610501629599,0.31201530276858214,6.468111488825824e-06,1.6000827889961486e-07,6.313597944187519e-06,4.926124387732127e-06,5.779226358135736e-06,0
0.5126568579615671,0.48731249953463357,9.063617460342323e-06,1.9068229507195542e-07,8.341667353209644e-06,6.428881382633394e-06,6.6176553079227085e-06,1
0.47342256022817775,0.5265477743627861,8.371512571191107e-06,1.76121646493028e-07,8.968017822940387e-06,5.937966992638194e-06,6.211790002741281e-06,1
0.4617669680183543,0.538114046315882,1.0016986218565432e-05,1.8715774886087585e-07,9.574166871423201e-05,6.438821031452711e-06,6.601032050626295e-06,0
0.6854226051162126,0.31427131240239964,1.023301360157221e-05,1.9119401264457953e-07,0.00028292473333244576,6.577681326028712e-06,6.155859114973705e-06,0
0.6983396344282705,0.3010622310974709,1.3002789395628692e-05,2.429446081983783e-07,0.0005687086049534156,8.35806618890552e-06,7.822069112550226e-06,0
0.7432949421199361,0.2561024555625343,1.0455011179532607e-05,1.9534182377629786e-07,0.0005789421794473572,6.720379203685137e-06,6.289405875194919e-06,0
0.7476655727343784,0.2517421064139767,9.711264093974436e-06,1.9201597298306858e-07,0.0005696292884956973,6.605959372471861e-06,6.1823237096116175e-06,0
0.03903195032665624,0.9603766149488622,7.022387721668523e-06,1.3146982410554276e-07,0.000574493577143934,4.627645114455547e-06,5.159644677366402e-06,1
0.0618943811518021,0.9360345113703832,4.204789607009791e-06,7.989046115154695e-08,0.0020613586952517083,2.7484856203170948e-06,2.715616874653278e-06,1
0.10560196847075971,0.8908408703723332,6.144836866688275e-06,1.2762658015052998e-07,0.0035417816964495442,4.492365636955083e-06,4.614631373669168e-06,1
0.20483850365194278,0.7544106832788603,9.551179428908354e-06,1.7845459720885973e-07,0.040728878045493515,6.139404970733902e-06,6.065984706491462e-06,1
0.163206740945037,0.8010782523282755,7.990333857845161e-06,1.4929169960416566e-07,0.035696656305791975,5.136108662790013e-06,5.074686675317692e-06,1
0.10637101675128263,0.8572841790568538,6.292716363507285e-06,1.2852541355353763e-07,0.03632891717883452,4.421682462529707e-06,5.044088789648481e-06,1
0.1351719626615429,0.836061154816137,7.725836501104171e-06,1.577961366747495e-07,0.028743290799525627,5.554312755272622e-06,1.015377740148834e-05,1
0.2551878699439409,0.7447649744800658,9.59169273584829e-06,2.0259395755023477e-07,2.3813683978602913e-05,6.405604708893724e-06,7.1420006124313935e-06,1
0.322416594338096,0.6775402800244763,9.563497788517488e-06,1.5922825815056033e-07,1.931590068541079e-05,5.50099819123957e-06,8.5860125043882e-06,1
0.15527764928866564,0.8445844981567356,1.0022689365356438e-05,1.668736068037762e-07,0.00011611623982898932,5.765128751990721e-06,5.781623045492529e-06,1
0.06746245958171673,0.9324577846333969,6.696817099732024e-06,1.1150047137616435e-07,6.523232399730928e-05,3.8520611984581025e-06,3.863082119365092e-06,1
0.0482626767167837,0.9516394068236064,9.463209187895695e-06,1.0873176205848849e-07,8.018232137875782e-05,3.812752665591152e-06,4.349444615524888e-06,1
0.04772369832612133,0.9521892758964591,1.0140671511931865e-05,1.0879458862153752e-07,6.860939781887614e-05,3.814955721452661e-06,4.3519577786631675e-06,1
0.04749137696390905,0.95246929179028,4.762948888892331e-06,8.730979962137698e-08,2.8394445912203635e-05,3.0615770859996554e-06,3.0249641243650654e-06,1
0.06131793471457151,0.938622880048643,4.933022667835754e-06,9.042742861694128e-08,4.785790930961135e-05,3.1708988521342586e-06,3.1329785271647344e-06,1
0.06492372128215301,0.9349976601590314,5.4742327073829734e-06,1.0034837070728027e-07,6.604849159082712e-05,3.5187833863678547e-06,3.4767027601067485e-06,1
0.06880191844396001,0.9311185104087548,5.5097233960125654e-06,1.009989518881743e-07,6.699041400061215e-05,3.4707679262715124e-06,3.499243010350436e-06,1
0.08076610408669195,0.91915210384918,5.062780206704877e-06,1.0449949951063598e-07,6.949566067993609e-05,3.5910621291844033e-06,3.5380616126771937e-06,1
0.3850721113597988,0.6144592397575884,7.145221325443979e-06,1.8524884916473936e-07,0.00044345378173813723,1.3234687217848742e-05,4.629943482254407e-06,1
0.416610667257173,0.5829469064014546,6.974978058955364e-06,1.4973915884635832e-07,0.0004178962736769387,1.2919355294553604e-05,4.485995182971457e-06,1
0.2846019203914989,0.7125528082955366,1.9174852687168943e-05,2.0767753442974086e-07,0.0028019384617821276,1.796054314396276e-05,5.989777816909016e-06,1
0.08573442782414055,0.9140329114387549,1.6583344551464444e-05,1.2607499517490124e-07,0.00019975169008958204,1.2563448328292534e-05,3.6361791403114622e-06,1
0.08111281064446473,0.9186495836507321,1.613159662013356e-05,1.2294481639337286e-07,0.00020134231809414678,1.3698372119857809e-05,6.310473152513453e-06,1
0.07657029056570241,0.917072300237748,1.5177700322133845e-05,1.1545881800349347e-07,0.006315252298179157,2.3198263115001633e-05,3.665476115337583e-06,1
0.1088281918135458,0.7133941116688279,4.1041154932059995e-05,2.8807140491960405e-07,0.1776807019880795,4.8039432873972255e-05,7.625870335890627e-06,4
0.0712037267834582,0.8906570989023848,3.4545868709125924e-05,1.7005634656786342e-07,0.038055169920559635,2.8616772343607813e-05,2.0671696198067067e-05,1
0.040344538367316135,0.9309844512369001,4.4142901998642036e-05,1.659375253973078e-07,0.02857281731747952,3.371321792674285e-05,2.017102085339291e-05,1
0.031157879317463735,0.9433252027039244,4.067646743834638e-05,1.5290521623400378e-07,0.025407462918592992,3.1455692975451696e-05,3.7169994388910063e-05,1
0.02861610166202728,0.9453295319296536,4.200594701303225e-05,1.5415612579698582e-07,0.025938818205409237,2.751863099968885e-05,4.586946877125665e-05,1
0.031019187386644637,0.9465825843724012,4.568877153024736e-05,1.5343321087142836e-07,0.022257799595801802,3.2655069923304876e-05,6.193137048806311e-05,1
0.020861198895393764,0.951195045910109,4.919208913004688e-05,1.6889889834947686e-07,0.027834932256554437,4.258765206829356e-05,1.687429784598403e-05,1
0.01908660693412219,0.9527881304068954,4.767499462154763e-05,1.6369002034268666e-07,0.02801697276616853,4.4097317266609084e-05,1.6353890905566318e-05,1
0.016730168149938943,0.9732622817255582,3.549099165171845e-05,1.8225351681582034e-07,0.009905697407916327,4.5689981371875314e-05,2.0489490046274376e-05,1
0.025934662351506717,0.9574252137176066,4.0134643961053704e-05,2.107940322417985e-07,0.016526785699864346,5.246730927436791e-05,2.0525483754701516e-05,1
0.028376847376400487,0.9633513541483307,3.807890642515791e-05,2.3705433474862587e-07,0.008126464932007471,8.040375672107784e-05,2.6613825780252122e-05,1
0.024262037601506834,0.9731644974539087,2.5971639897602566e-05,2.2063231458031555e-07,0.0024135054843219127,7.953788870607577e-05,5.422929934432583e-05,1
0.018759068933979647,0.9797838359981734,2.4262357155699352e-05,1.756200812047128e-07,0.001352600449751924,6.213119694153854e-05,1.7925443916686503e-05,1
0.0538561764966854,0.9443583116631104,2.2114814189073968e-05,1.4690082510006776e-07,0.001652457058720878,9.409312286628897e-05,1.669994360288499e-05,1
0.08628079144070033,0.9115868595166371,2.3815244495403173e-05,1.4261072434102193e-07,0.0020105016450941496,7.964953756421544e-05,1.8240004784300748e-05,1
0.1197140832413878,0.8764453867439455,2.672153484792114e-05,2.3750752439556894e-07,0.0037288935868581632,7.284195068535679e-05,1.1835434751087121e-05,1
0.04054017785066171,0.9571388144715816,3.5344038965557796e-05,1.9581551303297165e-07,0.002223766719875087,5.2778569905506476e-05,8.922533497425103e-06,1
0.049292471517826245,0.9469185108220181,3.337294372021608e-05,2.240226874897998e-07,0.003678594482879056,5.221500169317587e-05,2.461120917556446e-05,1
0.10768221324297661,0.8737583675419008,3.5291682246143225e-05,3.065084952723105e-07,0.018444560219920483,5.767762477763154e-05,2.158317968304382e-05,1
0.04375590039105485,0.9424491662551601,2.2773656811457856e-05,1.5518310549200873e-07,0.013743628809651971,2.5423257041514094e-05,2.9524471744293095e-06,1
0.03364085644605405,0.9552424958146235,2.2342919164184317e-05,1.5224799470547048e-07,0.011064382022088072,2.687394505912879e-05,2.896605016090765e-06,1
0.03458638133103492,0.9550274715722684,2.3769991553500256e-05,1.490274157396927e-07,0.010327039049452022,3.2353696612826756e-05,2.8353316626713313e-06,1
0.022814761727859335,0.9687918170330717,2.2750579736337713e-05,1.1178593370797559e-07,0.008321443028032952,4.630234873581296e-05,2.813496630071441e-06,1
0.024238845365108883,0.96331863420878,3.4561403636818003e-05,2.1890848261770157e-07,0.012332133469919767,7.173139882284246e-05,3.875245249106133e-06,1
0.019650949546849854,0.9682573753563409,3.2158003620502945e-05,2.2725003649679994e-07,0.011971425603914197,8.384132695183109e-05,4.022912286278885e-06,1
0.026587173661866248,0.9527228022678754,3.805569355428109e-05,2.4116429587300143e-07,0.020566677815049214,8.090004324819947e-05,4.149354110856703e-06,1
0.009983512103531243,0.9821867702262346,2.9011941398183268e-05,1.303056140447766e-07,0.007761548393484381,3.657107555746743e-05,2.455954180012838e-06,1
0.01017855593985835,0.9758747817517462,3.461944278690186e-05,1.376127576558173e-07,0.013870689705656648,3.8621870552507376e-05,2.5936766413745018e-06,1
0.013670065909292579,0.986005042318855,3.128237411152381e-05,1.6446304305853898e-07,0.00025391890957574134,3.708383388434061e-05,2.4421912377584498e-06,1
0.912401593267337,0.08699543838978854,1.3258549902921832e-05,1.7213325635213632e-07,8.070621740712236e-06,7.577607657937474e-06,0.0005738894303161924,0
0.9165259659865196,0.08304868592837598,1.1761492382090697e-05,1.5976354762171342e-07,7.428141222276056e-06,5.716207626122858e-06,0.0004002824803261795,0
0.929842671539108,0.06974019855471993,1.1931579240279705e-05,1.5490544615292253e-07,6.943833670622034e-06,5.2226597045375656e-06,0.00039287692811037535,0
0.9327673838655539,0.06720609057124347,6.350797213322775e-06,8.725450490324226e-08,3.647479451545795e-06,3.0018321158458546e-06,1.343819991724976e-05,0
0.9498935750737382,0.050083954535457144,3.921702765599622e-06,8.145269324458164e-08,2.8117167650953965e-06,2.867077373207213e-06,1.2788441207507563e-05,0
0.8266776343670952,0.173269854798504,1.002028570769426e-05,1.981261029576027e-07,7.844611736199299e-06,6.8161672512500195e-06,2.763164360262379e-05,0
0.8670313214012595,0.13276560904834203,1.0176598031807384e-05,1.9013994200821197e-07,7.528407404838814e-06,6.541417948084764e-06,0.00017863298707186854,0
0.830344300877789,0.16961868001311856,1.081054328456635e-05,2.0083054240154151e-07,8.212606829105368e-06,6.7710310211140714e-06,1.1024097415192806e-05,0
0.33775951143092303,0.6621200424116863,9.813943392788377e-06,1.8336408903489408e-07,9.767331271586149e-05,6.3083070836072165e-06,6.467230109467588e-06,0
0.6500879723773395,0.3491641923449796,1.1606555458727444e-05,2.2949062221181963e-07,0.0007207151331163015,7.89520633696576e-06,7.388892146794264e-06,0
0.6390065391889236,0.3605627624271052,1.2441957497099015e-05,2.460086093325165e-07,0.00040186706684704426,8.46347756013092e-06,7.679873457631383e-06,0
0.39871706774303456,0.6009404115419462,1.024516675565409e-05,1.9465684925571496e-07,0.0003187273145506519,6.696813904487097e-06,6.656762958995135e-06,0
0.35549901072775364,0.64398845093324,1.030450775441948e-05,1.9617716289457492e-07,0.0004875428129839563,6.74911752264812e-06,7.74572358250213e-06,0
0.06986548453410277,0.9280803714623292,4.169058568878385e-06,7.921157602754868e-08,0.0020438418886985924,2.725129815703363e-06,3.3287149088282084e-06,1
0.1007469003287638,0.895762262976118,6.171580477042264e-06,1.281820376190368e-07,0.0034753903000443558,4.511917348215911e-06,4.6347152108909065e-06,1
0.19533485491847394,0.7898357880250408,1.2125384134142889e-05,1.7634001198251287e-07,0.01480499456957031,6.066656522373783e-06,5.994106246400124e-06,1
0.1940620485092937,0.7780497850154219,9.175234237040308e-06,1.714304230441108e-07,0.027867094838847233,5.89775106852656e-06,5.827220708670597e-06,1
0.22049312021505632,0.7376840040448716,9.632416014974174e-06,1.799724246513137e-07,0.04180075415025358,6.191623055841632e-06,6.117578323002461e-06,1
0.1221262385504302,0.7911810273747901,5.835866477150634e-06,1.328292970430881e-07,0.08667798682075806,4.100669244418284e-06,4.677889002909731e-06,1
0.11970742638129513,0.7670100277774697,6.466392783646331e-06,1.4718061340491997e-07,0.1132661000996296,4.648864613388661e-06,5.18330359502727e-06,1
0.181883239569444,0.8180757711331262,1.2660977736501785e-05,1.587047491600479e-07,1.6255947654012197e-05,5.5651517787554135e-06,6.348515511412946e-06,1
0.2368588261817541,0.7631027642232757,9.948037954981233e-06,1.6563069188860797e-07,1.6835177521116124e-05,5.7221886810534376e-06,5.7385601210746914e-06,1
0.046668583051188095,0.9532495893223709,1.0151963689258416e-05,1.0891573718506589e-07,6.404747078325454e-05,3.819203877647139e-06,3.7000723536843784e-06,1
0.05641294566418216,0.9435091281729133,5.448093711532374e-06,9.986921576708301e-08,6.553522442894138e-05,3.450230534711973e-06,3.3927450136617308e-06,1
0.04676584390985975,0.9531643192709826,4.8218698720036155e-06,8.838988243329618e-08,5.888632404743214e-05,3.0374648768242632e-06,3.002770479174563e-06,1
0.06263744535291885,0.9372896403858654,5.113626609714227e-06,9.373808643504509e-08,6.123796317506196e-05,3.221252674275664e-06,3.2476806702373516e-06,1
0.2752395220798634,0.7242659667643491,6.701379664133112e-06,1.3831983979619462e-07,0.00047823494849229774,4.753331122943953e-06,4.683176668472556e-06,1
0.11801349950592709,0.8809611841002032,6.947070180600694e-06,1.3196585599265335e-07,0.0010016242820265774,1.214502972788338e-05,4.4680460787867825e-06,1
0.11064741425333904,0.886508103809278,1.591185115920551e-05,1.2697646279152028e-07,0.0028088347747212018,1.291737337963872e-05,6.690961660069072e-06,1
0.06269533985456002,0.9370653158202272,1.4263625602465403e-05,1.203134267991735e-07,0.00020605314012113308,1.2731836053636299e-05,6.175410008941232e-06,1
0.08092561291771021,0.912046836327809,1.6070482830581815e-05,1.2294283803837526e-07,0.00698284118472757,2.470197040154148e-05,3.8141736831324067e-06,1
0.06653455988292849,0.9268431379464044,1.636495793862853e-05,1.1776458606992523e-07,0.006578419227133126,2.3661543574755116e-05,3.7386774343980114e-06,1
0.04740055099335406,0.9413498913547182,1.9146894220764577e-05,1.28268019883128e-07,0.011196079177946372,3.067634361294451e-05,3.5269681279447665e-06,1
0.08820423648137114,0.8672686536047184,3.68910257626306e-05,1.978360603520393e-07,0.04443486858407028,3.2795511247574434e-05,2.2356956769846486e-05,1
0.025168396390928896,0.946289817812828,5.08807689784984e-05,1.7484288149440606e-07,0.02840658285234415,4.710184531058023e-05,3.7045486728472036e-05,1
0.015738932135798696,0.966642185118735,3.885679294485361e-05,1.874800072790182e-07,0.0175008532543486,4.7000234562463214e-05,3.198498360326542e-05,1
0.05789607249566675,0.928034889085711,4.907690908405155e-05,2.34206521696154e-07,0.013914042698742354,7.235388876090897e-05,3.333071551315757e-05,1
0.03252917646712984,0.9649005420405572,3.338918456715515e-05,2.5575232153069404e-07,0.002394229525939941,0.00010607493857271681,3.6332090911720796e-05,1
0.036504158498835,0.9611576168143696,2.729619512879903e-05,2.1145933966709949e-07,0.0022060718579531968,7.953944732729422e-05,2.5105727046413922e-05,1
0.021433033586726585,0.9769555583126285,2.3432334285879958e-05,1.6404230457708e-07,0.0015161842295807603,6.246993874123493e-05,9.157555732426966e-06,1
0.07263347106453134,0.9256457755775189,2.2709054924744978e-05,1.5115836635920668e-07,0.0015850384290920568,9.751544997740414e-05,1.5339265588879434e-05,1
0.17654759406345327,0.8166243334544425,4.211503483231637e-05,3.637523891472314e-07,0.006682843641307092,9.492805731989626e-05,7.821996255928569e-06,1
0.07447874705354998,0.9224579671663445,3.184502398538783e-05,2.0953279893868782e-07,0.0029665170097562957,5.3010306364731045e-05,1.1703907200161992e-05,1
0.0660778758887989,0.9309872218015907,3.139030419894622e-05,2.0434120272310198e-07,0.002841920664275014,5.299060443144581e-05,8.396395502489424e-06,1
0.03341953514682414,0.9531954665792267,2.3715394667326173e-05,1.6160024816887141e-07,0.013330901286545741,2.7145455510796344e-05,3.0745369773375817e-06,1
0.019320327457509657,0.9684360670395308,3.485817239738026e-05,2.207881863399721e-07,0.012133291033578776,7.127821395910375e-05,3.957294838019576e-06,1
0.010585131197766388,0.9804653137764138,2.7829156982537515e-05,1.2492927930076708e-07,0.008884184142637024,3.506217399872226e-05,2.3546229220736286e-06,1
0.008932288118847193,0.9826436008781572,2.7883570457485707e-05,1.2523759511147328e-07,0.008358593056257914,3.5148704735648334e-05,2.360433949554055e-06,1
0.01595698807683747,0.983693598637047,3.315645619420805e-05,1.3153492234182364e-07,0.00027570012170433756,3.794607742049856e-05,2.4790958741387052e-06,1
0.004178939131759822,0.9955888902090602,2.4936984676826604e-05,1.0371719113298284e-07,0.00017106636347086416,3.401206062192262e-05,2.0515332192511864e-06,1
0.0051257436545828015,0.9946464203838435,2.46128543596385e-05,1.0353355243818683e-07,0.00017076347825609767,3.0308194572490757e-05,2.047900833157825e-06,1
0.007941564055425376,0.9917230551307147,3.175263101944865e-05,1.2740010271818697e-07,0.00026605820230987367,3.4922597578710726e-05,2.519982849586236e-06,1
0.009457541924231328,0.9901866053486986,3.345617930745626e-05,1.550219040772391e-07,0.0002756064181837688,4.397992618715088e-05,2.6551814876641868e-06,1
0.011200061782342603,0.9884228983589038,3.1573414810708044e-05,3.108799675816245e-07,0.0003012124034228391,4.123465820616718e-05,2.7085023464943045e-06,1
0.917549752002215,0.08184861471278405,1.330579887485596e-05,1.7274668085616294e-07,7.643515943287081e-06,7.604611679808599e-06,0.0005729066118220315,0
0.8636372185249285,0.1358875739869573,1.589263427088855e-05,2.0633107761345311e-07,1.0189936618544889e-05,6.993546309540618e-06,0.0004419250398375156,0
0.7824858044146963,0.21706812948151877,1.72343302462287e-05,2.2375006377414634e-07,1.14308164981572e-05,7.583958998647381e-06,0.0004095932479780965,0
0.9437113479758612,0.05626128641478784,6.175886391025931e-06,8.485138027351644e-08,3.733487009290924e-06,2.91915699551951e-06,1.4452227574717734e-05,0
0.9347599898409524,0.06520652900799141,5.474732956014194e-06,1.137087053036878e-07,3.906093332887621e-06,4.002466255277295e-06,1.998414980648145e-05,0
0.8525797569464959,0.14730218851073515,9.754362668428126e-06,1.9534691939644292e-07,8.021570950863138e-06,7.1312167617658225e-06,9.295204546841433e-05,0
0.86046557447584,0.13949945319280257,8.251597107712637e-06,1.5417315203290586e-07,6.384811697498823e-06,5.197970301501952e-06,1.4983779098684225e-05,0
0.8479646060904518,0.1519883068257536,9.289805109974007e-06,1.7357106956147895e-07,7.2290050697884405e-06,5.851973919479397e-06,2.4542728625960077e-05,0
0.7257371896107457,0.27421903500371253,1.2632436445463033e-05,2.3602491968882222e-07,9.99330361950076e-06,7.957614583212448e-06,1.2956005973734119e-05,1
0.7227323890648123,0.277223034873342,1.2998739802886394e-05,2.4286894545462343e-07,9.814399295482305e-06,8.188361909866027e-06,1.3331691892081282e-05,1
0.5982492150582699,0.4016966491432846,1.6224391023444234e-05,3.413321590448426e-07,1.4216032167405726e-05,1.1508063513444611e-05,1.1845979581981843e-05,0
0.729407401978553,0.27057208546106504,6.368777222323169e-06,1.4412552354776956e-07,5.0128068039310416e-06,4.336790017513829e-06,4.6500608145362245e-06,0
0.5473464724717281,0.4526236205421574,7.59269321781416e-06,2.3464661138996448e-07,8.022157627556306e-06,6.36093810218354e-06,7.696550555496936e-06,0
0.5390633469281052,0.46090623180949175,8.225660346416706e-06,1.8917323570887873e-07,7.900756390676658e-06,6.525595621734569e-06,7.580076808591928e-06,0
0.4940621488405643,0.5059058994780443,1.0260879550162891e-05,1.917146610805771e-07,8.27364561196179e-06,6.463687753148218e-06,6.761753815005385e-06,1
0.4147891630356201,0.5851562947174852,8.193627120374635e-06,1.6735051340573752e-07,3.3800903859688214e-05,5.772813334208132e-06,6.607552067246795e-06,0
0.2315825094198927,0.7681858773919541,1.0152124022899052e-05,1.8968266870135694e-07,0.0002081520436153615,6.4292521661007265e-06,6.690085679950868e-06,0
0.620484977665458,0.37876148026786316,1.4489399306811466e-05,2.7529672126764637e-07,0.0007204425813702294,9.471081638761052e-06,8.863707641766776e-06,0
0.5467525632578064,0.4527217142758323,1.6512286467318986e-05,2.7328004697093855e-07,0.00048103726343547994,9.401701637375794e-06,1.8497934774137462e-05,0
0.06463302234023031,0.9334423748692213,4.06053353795306e-06,8.43361703945087e-08,0.001911529666447844,2.901432139216429e-06,6.026822252906826e-06,1
0.1237765152429624,0.8729131841784132,8.787480890530107e-06,1.8251357335071553e-07,0.0032877433351817327,6.4243490990009935e-06,7.16289987982451e-06,1
0.14550702709269575,0.8528248888067536,1.1872841681183569e-05,1.919420259798946e-07,0.0016418829739880867,6.603415360684225e-06,7.532927494563624e-06,1
0.15269415692211996,0.6480063812998547,7.049638011498171e-06,1.386938511267878e-07,0.1992815544519636,5.068175377737139e-06,5.650818821437971e-06,1
0.11636230640711392,0.8835916192451535,1.1287007292058684e-05,1.4148209548536335e-07,2.0290400378817876e-05,5.076027861695235e-06,9.279430104557818e-06,1
0.1255980449812479,0.8743330361224878,1.307861009589882e-05,1.502708334597108e-07,4.440946624777611e-05,5.269407503867516e-06,6.0111415832292136e-06,1
0.11568073612389354,0.8842620825626476,1.3329733655073024e-05,1.6417503479168428e-07,3.232737957138723e-05,5.6718988195034195e-06,5.688126377961528e-06,1
0.11524790411814023,0.8846290964527482,8.738467902398994e-06,1.5926816899053343e-07,0.00010318861605347169,5.502377026008305e-06,5.4106999606143695e-06,1
0.041337924804178465,0.9585924232226274,5.559398758197315e-06,8.876973989276391e-08,5.787535886743575e-05,3.1127708775464063e-06,3.0156749512044327e-06,1
0.040013362907989174,0.9599170997932233,4.849283929814377e-06,8.88924105834194e-08,5.850827065278261e-05,3.071009489193919e-06,3.01984230518681e-06,1
0.050771563960174425,0.9491567142660452,4.808074550474019e-06,8.813699986273761e-08,6.080260792687079e-05,3.028774720158291e-06,2.9941795828336425e-06,1
0.05421596540480277,0.9457085056381056,5.012272388776572e-06,9.188015830537636e-08,6.414605673477446e-05,3.157406097244731e-06,3.121341712265265e-06,1
0.1227988090306473,0.8744595226286895,1.6321112080000556e-05,1.395169728063366e-07,0.0027011615402119924,1.568513951739201e-05,8.361031881099533e-06,1
0.08058190810714148,0.9190770932543129,1.5147846707431721e-05,1.6919118599477257e-07,0.00030317494574197575,1.7862171325634072e-05,4.64448358481841e-06,1
0.14608232386904046,0.8453590158017531,1.6325410849394785e-05,1.6111025451055166e-07,0.008506993031795005,2.691126648310729e-05,8.269509824348143e-06,1
0.038860558241848996,0.8714879780267134,1.8280771881755884e-05,1.2591958885522182e-07,0.08959502385287078,3.0069510414625333e-05,7.963676681691697e-06,1
0.04415488481036743,0.6661831855385361,2.6962421232980493e-05,1.4616999748257053e-07,0.2896021735504929,2.6292551367453015e-05,6.35495800553003e-06,4
0.09602858006615836,0.8518807963188287,3.803701086188382e-05,2.0120849486672943e-07,0.05199452950925329,3.511781927054387e-05,2.2738067132233906e-05,1
0.042090423023152974,0.9341985775833106,4.12552218413401e-05,1.585918549061092e-07,0.023564988190419744,4.058379766392788e-05,6.401359175628366e-05,1
0.025300225842795045,0.9511135492537396,4.050633322181693e-05,1.9256488571714607e-07,0.023468045035806497,4.462848142957553e-05,3.285248812189961e-05,1
0.06544751364478847,0.916215947868358,5.421972894254291e-05,2.5874926436774956e-07,0.01816696646566114,7.827006745894103e-05,3.6823475526735864e-05,1
0.059385785908641076,0.9382654322623272,2.702393886934913e-05,2.0125145508991823e-07,0.002217596481701559,8.524240687899844e-05,1.8717750126806442e-05,1
0.03141732044994207,0.9668093018959004,2.7177150092897215e-05,1.98654598578644e-07,0.0016489264575559124,7.391246903136734e-05,2.3162922878829082e-05,1
0.0345494712745114,0.9637670582132664,2.6623362408351527e-05,1.8695179901129844e-07,0.001549661594550672,8.79165374195234e-05,1.9082066044567725e-05,1
0.04932610653994526,0.9478208946677491,2.965654371509832e-05,2.0692206909678595e-07,0.0027812442616614065,3.8323486345375165e-05,3.567578514786918e-06,1
0.03215677320758845,0.9639088994893287,2.6535903063121132e-05,2.0045413251936487e-07,0.0038535682536243094,4.988396015736937e-05,4.138732105801101e-06,1
0.0561398343148254,0.9376043112580472,3.1015649293894306e-05,2.2079919172093335e-07,0.006163302518042675,5.665939030001671e-05,4.6560702990073575e-06,1
0.046104141853595876,0.9495975769387647,2.793909546918293e-05,1.8018937645576465e-07,0.004225406891820441,3.688787044444898e-05,7.867160528894698e-06,1
0.13870981421887094,0.8381113768061836,3.675562535188657e-05,2.940037732607451e-07,0.023058744288882525,5.731797989569072e-05,2.569707704200951e-05,1
0.08244085862709101,0.870373214874313,2.268614217037432e-05,1.7743046153648658e-07,0.04713013189803405,2.6513878905472613e-05,6.417149024707644e-06,1
0.05103647901619561,0.9162659639317822,2.228898372203108e-05,1.633354630546448e-07,0.03264367226971075,2.811306732008135e-05,3.3193958063990493e-06,1
0.03240950783929161,0.9549817148065639,2.4177331324308957e-05,1.4937406430847928e-07,0.012548530828254087,3.307789365223149e-05,2.84192684959061e-06,1
0.014226334321273062,0.9790589098080651,2.371114862671248e-05,1.573107953518293e-07,0.006657796262783792,2.999031321032683e-05,3.100835245666927e-06,1
0.021039872507224174,0.9659628601280182,3.208943975633034e-05,2.267655182157692e-07,0.012891562123338104,6.932460665901259e-05,4.064429485798235e-06,1
0.02103865963980989,0.9786594828565826,2.6556857031328038e-05,0.0,0.0002464885985029253,2.6595622256063786e-05,2.2164258172731165e-06,1
0.011430988415989067,0.9882555072473069,2.5600784451108904e-05,1.537665725774079e-07,0.00023740434149790784,4.806209000626545e-05,2.2833541762633513e-06,1
0.009789973588654194,0.9899914405970424,2.5290167627139545e-05,1.0034702073039492e-07,0.00016016293412964965,3.103295811540962e-05,1.999407410690171e-06,1
0.006690349888565142,0.9930130496841933,2.848998793399396e-05,1.1984264874879763e-07,0.00023087826212507916,3.4741838646437965e-05,2.3704958869930747e-06,1
0.8873627987219048,0.11224950874202673,1.3346077206243576e-05,1.7326960684678375e-07,8.135580193061944e-06,5.961024833152575e-06,0.00036007658422917266,0
0.8542890292742058,0.1454030217378416,1.6260911387071372e-05,2.1111235005370341e-07,9.912421946720368e-06,7.262935399675288e-06,0.000274301606868854,0
0.7907850479006188,0.20903430425520897,1.6535267492904048e-05,1.74371052182402e-07,1.1611331642428734e-05,7.700229099431021e-06,0.00014462664488551293,0
0.9435641277675471,0.05636281040263909,6.608886585988456e-06,9.080043145014741e-08,4.041744645326344e-06,3.1238232520139397e-06,5.9196574899266065e-05,0
0.8852779887533756,0.11432105833983333,8.880826161564895e-06,1.6592969144179332e-07,6.569825911060105e-06,5.594343741948908e-06,0.0003797419812850706,0
0.8703696344690577,0.12959328974259693,8.738830757990508e-06,1.6327664395807827e-07,6.800255883270441e-06,5.5048958591821205e-06,1.5868529200986897e-05,0
0.8629267827026945,0.13703748537232932,9.400285233759971e-06,1.7563528436725842e-07,8.488134423590098e-06,5.921569222649123e-06,1.174630081170044e-05,0
0.5895284206064696,0.4104346123500522,1.1012569198857378e-05,2.3168475265697495e-07,9.870853063210205e-06,7.811285218873546e-06,8.040651244556406e-06,0
0.6095478318988958,0.3904198938484424,9.62245534078151e-06,2.1775630790541012e-07,8.855991763236145e-06,6.552367402584642e-06,7.025681847208823e-06,0
0.505595583129291,0.494365587176236,1.1203233124415367e-05,2.0932163085569892e-07,8.869635632719556e-06,7.057309306471537e-06,1.1490194778473798e-05,1
0.5676916193578262,0.4322825184476979,8.242372069799976e-06,1.5400079107610531e-07,6.8420724851453205e-06,5.192159126710661e-06,5.431590003098619e-06,1
0.3925508570276285,0.6074145825664574,8.572292337616886e-06,1.75084550796432e-07,1.2520464121749154e-05,6.162852742993769e-06,7.129712161015978e-06,0
0.5660432208702808,0.4332484817842321,1.3859400563734746e-05,2.7403500290542323e-07,0.0006761814366440714,9.427674519494573e-06,8.554798756781259e-06,0
0.056260540073077396,0.9427635453359506,3.5813125953985917e-06,6.818100982092791e-08,0.0009650471101434222,2.3456433017208927e-06,4.872343921857551e-06,1
0.0847557915120958,0.912569401915341,6.140470339342164e-06,1.27535888572477e-07,0.002654935437154301,4.489173357350585e-06,9.113955823430386e-06,1
0.14483744485132696,0.8338162147708026,1.1789106554951049e-05,1.9058832395923818e-07,0.02132032403896854,6.556843711399204e-06,7.479800311400947e-06,1
0.12960338460177245,0.8477710076998074,1.1115711229957149e-05,1.7970189369801752e-07,0.022601077416236254,6.182315931758637e-06,7.052553128749095e-06,1
0.10933010057767714,0.48518599018207337,4.638628412305916e-06,9.398170368147202e-08,0.40547041420027313,3.3718312182200456e-06,5.390598642115359e-06,1
0.11821328437858467,0.8817167439826685,1.1071609577224868e-05,1.3878209545268075e-07,4.8667415548799994e-05,4.979158534552051e-06,5.114672990774243e-06,1
0.05323061484717949,0.946684556836759,9.351397413183571e-06,1.1540844339698554e-07,6.76088906688709e-05,4.140523120178313e-06,3.612096416040307e-06,1
0.034370959893626436,0.9655566469327018,8.284812946779742e-06,8.888393784284802e-08,5.7883147011043924e-05,3.116775305786556e-06,3.019554470260854e-06,1
0.03466538757991785,0.9652743779799174,5.137824805925451e-06,8.203825475985104e-08,4.935085655232155e-05,2.8767268054371567e-06,2.786993746052177e-06,1
0.06158067680494171,0.9383343944286623,5.436901421758676e-06,9.966404947194933e-08,7.258153098418478e-05,3.424894811706254e-06,3.385775128903546e-06,1
0.05753450837493771,0.9423813496888286,5.029467373129275e-06,9.238035071720904e-08,7.215013162760769e-05,3.174594907103623e-06,3.695361975198465e-06,1
0.08254799960298931,0.9145768472849066,1.990041282344916e-05,1.284686699272799e-07,0.002835285461545555,1.3069176291049287e-05,6.76959277417281e-06,1
0.1261139383084026,0.8645157629162525,2.2476933189025975e-05,1.6619229127225e-07,0.009312774004932467,2.640035955943459e-05,8.48128537265211e-06,1
0.17662383809409507,0.8116480674835652,2.6243647119319975e-05,2.2342026107129497e-07,0.011669016756035664,2.1142824575590285e-05,1.1467774348072282e-05,1
0.1503644928214659,0.8406258518166516,1.991148941538054e-05,1.6951264979583064e-07,0.008950658882608835,2.8314771798802376e-05,1.060070540989437e-05,1
0.10309812398298614,0.8900627561196457,1.6414858757709043e-05,1.2674491426745658e-07,0.006793611822730272,2.5034341821890188e-05,3.932129143780694e-06,1
0.07039315014180185,0.9220050589672584,1.7803417239037634e-05,1.1714986029268623e-07,0.007557012011627019,2.313915050480897e-05,3.7191617084195616e-06,1
0.06496522192765058,0.9293533484477334,1.724658875270564e-05,1.1124590676942576e-07,0.005638567045102565,2.1973016214876312e-05,3.5317286392111135e-06,1
0.04331351601372086,0.9320071977779935,2.421935921815164e-05,1.358864472265276e-07,0.02461534753235488,3.249835267794231e-05,7.085077587273686e-06,1
0.018516574042082224,0.18656010730931533,9.57453058462456e-06,6.353233625716222e-08,0.794901601920158,1.0621986220567472e-05,1.4566793028960152e-06,4
0.05441946545826977,0.5876045034219676,3.485967144524739e-05,2.2043702544376076e-07,0.35789932194742163,3.5793621183022766e-05,5.835442687318058e-06,4
0.10821088472969317,0.8131312653174829,5.639680951879791e-05,2.7800549142076477e-07,0.07852889104869752,4.086738610258922e-05,3.141670301366723e-05,1
0.06752672525184494,0.8799531131847014,4.277192066902302e-05,2.001793578135668e-07,0.05241561807436374,3.8949622126960255e-05,2.2621766936168224e-05,4
0.06083228271240798,0.8797540918990682,4.404788040606907e-05,2.0728326847478554e-07,0.059305613807060106,4.0331855734362715e-05,2.3424562054849336e-05,4
0.053393981248974,0.9155926255313709,4.567871087180904e-05,2.1495773240245864e-07,0.030863296869733405,4.4740620308834756e-05,5.9462061008708814e-05,1
0.0440195591926381,0.9266998235050089,4.498493477266994e-05,2.175654184226172e-07,0.02910849102214506,4.528337580224559e-05,8.164040421469272e-05,1
0.030044927826813544,0.9450027947799914,4.971603735408421e-05,2.1603755773302366e-07,0.024765356835856473,5.592140077975901e-05,8.106708164722541e-05,1
0.04530460113027395,0.9331588144767574,5.0656471464276e-05,2.399032982616444e-07,0.021381402605770986,7.256927815599135e-05,3.171613427944041e-05,1
0.13387918360168855,0.8615743395501079,3.1906358656083256e-05,3.3504336945867957e-07,0.004437800269570974,6.567561586339068e-05,1.075956074372727e-05,1
0.07894707890523874,0.9179810610609259,2.9453734674257544e-05,2.323682696064287e-07,0.002971442941552694,5.908388396100541e-05,1.164710537778453e-05,1
0.04370040419082271,0.9514414765184582,3.475867349553247e-05,1.8552306430674042e-07,0.004759361938923515,5.95445313968076e-05,4.2686238388807774e-06,1
0.043086710010398925,0.9492198046518285,2.576301774620191e-05,1.7328506293897e-07,0.007627414406765773,3.617213366573561e-05,3.962494531872083e-06,1
0.043652639884096844,0.9394367334461589,2.2751807531190557e-05,1.5948254313281472e-07,0.016855351252381696,2.932988085834125e-05,3.034246430050511e-06,1
0.02857843919598846,0.96191026512728,2.2650275799257234e-05,1.4200728934030883e-07,0.009448913871712088,3.688775218050947e-05,2.701769750204869e-06,1
0.03289510628579228,0.9567938486076719,2.3450050212721558e-05,1.4941326318477793e-07,0.01024897722628404,3.5625744145449625e-05,2.8426726305904285e-06,1
0.033944090485509004,0.9575307848635009,2.3235001967212824e-05,1.4804307165801566e-07,0.008463625963069592,3.529903892716972e-05,2.8166039545654817e-06,1
0.011801400806262094,0.9824826835286251,2.3724603411673345e-05,1.3176945167555916e-07,0.005658221768209845,3.1299250568866775e-05,2.5382734708556477e-06,1
0.015847943627002734,0.978415091850474,2.7187086026289437e-05,1.5100051858307296e-07,0.005670312518860335,3.6405195820825587e-05,2.9087212971680813e-06,1
0.010778666141259694,0.9798901852525965,2.3697948583706803e-05,1.1509708361519513e-07,0.009271724538005911,3.3379041097364945e-05,2.231981373444018e-06,1
0.028775942247859555,0.9709732642490273,2.3934001811427522e-05,1.302069569884547e-07,0.0001919371392543791,3.2668992114785006e-05,2.1231629753295533e-06,1
0.01737354860029308,0.9823201834083835,2.629379921068354e-05,1.1803815407668288e-07,0.00024741059534080247,3.0220842203877068e-05,2.2247164141093465e-06,1
0.016697461847644212,0.9829967569591176,2.9012989523633344e-05,1.1503852269242008e-07,0.00024112330126721602,3.336168286756483e-05,2.1681810571389922e-06,1
0.9464280385096964,0.05276980736094526,1.1761820190444245e-05,1.518290230392572e-07,6.717973118224816e-06,6.7293215595309584e-06,0.0007767931854671061,0
0.9239585059790527,0.07552963349542452,1.3508835183011139e-05,1.753826630062746e-07,8.661507712248924e-06,7.76178765155462e-06,0.0004817530123130331,0
0.7964063970452879,0.20319939707883858,1.7572808601335236e-05,2.2814446451146702e-07,1.184654906465054e-05,7.732906241179147e-06,0.0003568254675018621,0
0.9482158199690404,0.05168738882445928,6.163026861995548e-06,8.896317766388331e-08,3.918772961223369e-06,2.8700303036330546e-06,8.375041319578484e-05,0
0.9389563739444875,0.060967612359276724,6.845249557506137e-06,9.807409402906033e-08,4.1198036714537075e-06,3.3740603481205516e-06,6.15765085646103e-05,0
0.8708042625985847,0.1285585433784038,9.084926515990919e-06,2.0678067387799098e-07,7.346864463840315e-06,6.3836756542986456e-06,0.0006141717757034195,0
0.8572905433994933,0.14206669491391252,1.0074405357444485e-05,1.882305702204796e-07,7.452807672591427e-06,6.475729493834054e-06,0.0006185705135001373,0
0.8792205228121761,0.12019481237045153,8.887531544653133e-06,1.660549750726841e-07,6.574786395451451e-06,5.598567697832586e-06,0.000563437876759365,0
0.807483727322051,0.19247481479266176,1.1068702661138675e-05,2.328657002714309e-07,9.522627472119387e-06,7.851101039894455e-06,1.2782588413850939e-05,0
0.7880838142649528,0.21187861520732335,1.120690145739511e-05,2.3577315568442264e-07,9.996186953173558e-06,7.94912632309322e-06,8.182539834607763e-06,0
0.8781698386541557,0.12180489756319633,6.4125072821331815e-06,1.4511513545361582e-07,5.549670957474834e-06,4.548432109197828e-06,8.60805716393951e-06,0
0.5186969104801311,0.4812735492589503,8.020652529198799e-06,2.055589053314095e-07,7.703846142281994e-06,6.219044496464872e-06,7.391158845117975e-06,1
0.37049367762580765,0.6294752583928593,9.98672653398037e-06,1.8659237577114514e-07,8.018581858808627e-06,6.290989157036203e-06,6.581091407459827e-06,1
0.3105401664462985,0.6893312253276059,1.0565294208777256e-05,1.974023560602229e-07,0.00010419226211057316,6.690909264313276e-06,6.962358155906799e-06,1
0.5980414832180693,0.4013961663727746,1.2105562011242146e-05,1.837173191515673e-07,0.0005348426634648384,8.112960432907949e-06,7.105505927944615e-06,0
0.5897848150479006,0.4097768456102322,1.4914995602765437e-05,3.741869396111768e-07,0.00040414989326755543,1.0145729128466258e-05,8.75453692875208e-06,0
0.6056461261623197,0.3939030417733495,1.4259677710928832e-05,3.258925327516929e-07,0.00041532376631338996,9.699957771860631e-06,1.1222770001985132e-05,0
0.0985842226329798,0.8984228050570102,6.351328373289584e-06,1.3191535223502941e-07,0.002973160694999343,4.643327390489599e-06,8.685043894887137e-06,1
0.11973657159714778,0.8690629585308817,1.114266282886363e-05,1.8013760611096968e-07,0.01117573670177653,6.3407167273604146e-06,7.069653031693717e-06,1
0.12003346108531472,0.8798917394874056,9.612610247962576e-06,1.5246430638304022e-07,5.346542528342874e-05,5.4700424421860065e-06,6.098884999549905e-06,1
0.1271945916381074,0.8727588058013396,1.534804424715047e-05,1.5330123557654098e-07,1.959317939075512e-05,5.375671795390476e-06,6.1323638840509336e-06,1
0.12481810967950038,0.8751365937246113,1.5447010292677412e-05,1.5428974048407803e-07,1.9043389594754136e-05,5.410334777271001e-06,5.241571483188327e-06,1
0.10548060931659543,0.8935271976524672,8.210239467957541e-06,1.496406259816351e-07,0.0009707514404652107,5.1697658595409e-06,7.911944518496612e-06,1
0.04637412494761416,0.9535407207855484,8.356026139611091e-06,1.0385359504475167e-07,6.677389273344695e-05,3.6416964449183095e-06,6.2787979244583105e-06,1
0.04209059530758249,0.9578305143165984,9.18536929884391e-06,9.854559168283805e-08,6.280311419112093e-05,3.4555677224184635e-06,3.3477790151075954e-06,1
0.0267014278653534,0.9732359851606278,7.189588956028728e-06,7.713378467182804e-08,5.003509309985353e-05,2.664778501448456e-06,2.6203796767617925e-06,1
0.03261869232868131,0.9673187951373308,4.900616024107294e-06,7.825062182000699e-08,5.213143570909679e-05,2.7439108985276046e-06,2.658320734338463e-06,1
0.03425977007386818,0.9656778594341286,4.8632645799454e-06,7.765421236512097e-08,5.206851622896435e-05,2.7229973982232755e-06,2.6380595839066385e-06,1
0.036877886924302127,0.9630528808287155,5.403019244124211e-06,8.627274887042386e-08,5.784739665577617e-05,2.964710861774826e-06,2.930847471834218e-06,1
0.04133725186023374,0.9585911687109226,5.70876778910239e-06,9.115479097439871e-08,5.955032735587979e-05,3.1324792874109973e-06,3.0966996203418873e-06,1
0.0473537738735922,0.9525681895348292,5.851159864127791e-06,9.342843746254766e-08,6.570745183627547e-05,3.21061177452319e-06,3.1739396659980776e-06,1
0.04088084652447472,0.9590355005745602,5.634644311233293e-06,9.393601567957749e-08,6.530440081198517e-05,9.365381634090972e-06,3.254538192147494e-06,1
0.08251887975174159,0.9142542187309063,1.9893392701047964e-05,1.2842335097859226e-07,0.0031845821418222523,1.5530354763218912e-05,6.767204714673615e-06,1
0.1297460779494278,0.8650873060969613,1.8506854854633104e-05,1.548515874535563e-07,0.005125285233815794,1.87262086769093e-05,3.942804676171084e-06,1
0.11890870995594444,0.8730149874848596,2.2417072037798628e-05,1.665246815881126e-07,0.008022007819225484,2.6208121782748694e-05,5.503021468396503e-06,1
0.11619865420710063,0.8741708642964797,2.3472992161553532e-05,2.174372773338559e-07,0.009575297012916753,2.606236309526459e-05,5.431690968599982e-06,1
0.08888132565033695,0.9042689085883228,1.922865266534349e-05,1.3611611945013298e-07,0.00679929281243802,2.6885319079495438e-05,4.222861038027689e-06,1
0.02932695649262504,0.9335387179837683,2.1036944277109223e-05,1.3610974254024893e-07,0.037074259082412325,3.306857924010667e-05,5.824807934415828e-06,1
0.0920354301632597,0.8256215612585017,5.5634232178979306e-05,2.9936004723447467e-07,0.08220281355127941,5.0431506949533485e-05,3.382992778329132e-05,4
0.05226992122726215,0.9056811073683992,4.39384669118561e-05,2.3659742691043905e-07,0.04189010362342998,4.924463765568714e-05,6.54480789140067e-05,1
0.036201163019230896,0.920724445850316,4.618063194212906e-05,2.3142811337290187e-07,0.042878858373658846,6.277976115057046e-05,8.63409355882046e-05,1
0.05688162508846345,0.9269489713929501,4.242599207778784e-05,2.315346911035533e-07,0.016026098393681826,7.00378257539848e-05,3.060977238162094e-05,1
0.03729164898082103,0.9567909812038985,3.629865429771433e-05,1.9329918604383997e-07,0.005769657531755099,8.721660790722807e-05,2.4003722134355277e-05,1
0.04186279149071728,0.9566488644937288,2.351254256348096e-05,1.650415220751893e-07,0.0013689764343065313,7.884430088642171e-05,1.6845696275671646e-05,1
0.1761780731404482,0.8073216941028982,4.282522704120299e-05,3.743601304424467e-07,0.01630434185454561,0.00014169346963109782,1.0997845305427741e-05,1
0.04681268055338984,0.9509991518949785,2.7539116504114622e-05,1.7962118475742438e-07,0.0021187699554861958,3.757147637533095e-05,4.107382080937656e-06,1
0.05104038176790202,0.9445387256614696,2.844538129118936e-05,1.7229814739644123e-07,0.004344105379183555,4.4205174838300977e-05,3.964337168102293e-06,1
0.047351073090628505,0.9449475847614185,2.703590019047976e-05,1.5894741770315691e-07,0.007636573630464122,3.391651415801241e-05,3.6571557227754638e-06,1
0.06775684379420956,0.9102192299655492,2.8860940486592062e-05,2.2038394943891106e-07,0.021945430907578226,4.296530838081942e-05,6.448699846432648e-06,1
0.1310914555038837,0.8331816079386891,3.0379207266908448e-05,2.695016953941769e-07,0.03564102849718259,4.764549917267785e-05,7.613852109568407e-06,1
0.06828093350863808,0.9020355232144499,2.2574178379080903e-05,1.6016416486485247e-07,0.029628098751934867,2.9455235544806677e-05,3.2549468881104614e-06,1
0.05608629993759811,0.9201948588517321,2.4020894846567e-05,1.5528874883740093e-07,0.02366269528582718,2.8558614708374968e-05,3.411126538813343e-06,1
0.037348991178722396,0.9494551021020051,2.4854812782339336e-05,1.619904019516453e-07,0.01313605386418741,3.127771452431465e-05,3.558337376450114e-06,1
0.013695066773370812,0.9799149812179557,2.252594724503925e-05,1.2688071444978252e-07,0.006334788880188172,3.0096322498382574e-05,2.4139780273060924e-06,1
0.017554731968435416,0.9754187463485016,2.3506748753198167e-05,1.4900140460631906e-07,0.006961195788051099,3.8397128300331254e-05,3.2730165538603763e-06,1
0.009897780000861826,0.98157110906406,2.1412806246191223e-05,1.341903934388728e-07,0.008467905176382759,3.9056520111617024e-05,2.6022419443054163e-06,1
0.012812751977943796,0.9869020120718347,2.6629329277598022e-05,1.0558714392012254e-07,0.00022131300122366912,3.519798576454502e-05,1.990046811858989e-06,1
0.010016336256430875,0.9896776323177153,2.453281629416022e-05,1.0858355004966941e-07,0.00023569261460464375,4.3650890023978674e-05,2.0465213810513384e-06,1
0.010590569278269317,0.9890917602900464,2.606620992427852e-05,1.5117425689434194e-07,0.0002417077734441471,4.750041443166557e-05,2.244859627403313e-06,1
0.008928919664673123,0.9907851917211842,2.4070365435959032e-05,1.0832426953050014e-07,0.00022705007735878094,3.2618212470039885e-05,2.0416346083686616e-06,1
0.9482158240354415,0.05168738904611942,6.163026888425544e-06,8.467470174088357e-08,3.9187729780289335e-06,2.8700303159411116e-06,8.375041355494652e-05,0
0.846431197518058,0.153454940959349,1.1994620356918955e-05,1.7185078715463594e-07,7.703430136273153e-06,6.049026542798597e-06,8.794259476990402e-05,0
0.8613070365104155,0.13842783984019705,1.3704767342309317e-05,1.96352613543825e-07,8.801755671613128e-06,6.911473556450518e-06,0.00023550930020348066,0
0.867220633246867,0.13236403240133238,9.573404708318129e-06,1.9441455538033588e-07,7.697656593744799e-06,6.843255275542185e-06,0.0003910256206673884,0
0.8729606886335872,0.12644466151322856,1.0117126387451049e-05,1.8794873915702992e-07,7.441648843769986e-06,6.615663103267514e-06,0.000570287466110541,0
0.8588744157205996,0.14103690007441105,1.1483873379923069e-05,2.145651239897131e-07,9.084695094958549e-06,7.234094442063225e-06,6.0666976948717e-05,0
0.8402339214035984,0.1597224164814232,9.740044102526017e-06,2.0491310138563356e-07,8.494462316432594e-06,6.9086750925598645e-06,1.8314020365729778e-05,0
0.8510299964508582,0.1489324565136698,1.0032657294573118e-05,2.110691594134582e-07,8.786478995110064e-06,7.1162274866117515e-06,1.140060253633149e-05,0
0.7900534823908196,0.20991764670405014,8.60780649259311e-06,1.9479478933482476e-07,7.67787985678442e-06,6.105571770617581e-06,6.284852220928674e-06,0
0.7847460761947409,0.21521336604339192,1.1048703778458056e-05,2.5003233132617244e-07,9.562043016761073e-06,7.5235648194655655e-06,1.2173417921031615e-05,0
0.6343030284843143,0.365666121970987,9.272872691777275e-06,2.0984524734352526e-07,8.13594768353652e-06,6.460439407870589e-06,6.770439667928544e-06,0
0.4664478083431786,0.5335205385394416,1.0038661651220473e-05,1.8396477394384692e-07,7.5475296194889465e-06,6.202399178285862e-06,7.680562156902879e-06,1
0.4234985532347686,0.5764673096459946,1.0941835084943584e-05,2.044376600129007e-07,8.887708465948486e-06,6.892645517351832e-06,7.210492508666327e-06,1
0.5466012322647119,0.4533787023702042,6.188167796357596e-06,1.1561996084142752e-07,5.829978516057818e-06,3.977693897541564e-06,3.953904913145954e-06,0
0.29705442649623265,0.7028273531180484,1.0190519152187775e-05,2.1169690827458304e-07,9.404646961684064e-05,6.8295283272029435e-06,6.942171714324725e-06,1
0.6277275198385911,0.3717161734669179,1.151126895802789e-05,2.2760656984058105e-07,0.0005294091985564693,7.830388951064698e-06,7.328231455582469e-06,0
0.564443111179777,0.4350430291469467,1.4987209169769967e-05,2.9633459899620393e-07,0.0004789908711228259,1.0044195790425973e-05,9.541062594381281e-06,0
0.4351046628692401,0.5645684682313901,9.405951990741352e-06,1.8597918930604113e-07,0.0003045186840148212,6.398274839298357e-06,6.360009335659436e-06,0
0.05469094560587456,0.9435921817119493,5.106506743485061e-06,1.0606074763671669e-07,0.001700347549514121,3.7332635376657663e-06,7.579301633294453e-06,1
0.07221871225064547,0.9261688279334724,4.310167710338352e-06,8.522279268816719e-08,0.0016015511658304912,2.931934762303682e-06,3.5813247863470987e-06,1
0.08188360666900249,0.916411387083928,5.4702680782370765e-06,1.1361597101409704e-07,0.001687303948760581,3.9992020736668995e-06,8.119212186067698e-06,1
0.08461570736158816,0.9135383423367293,5.9224668687642365e-06,1.2300801614649958e-07,0.0018267846458614693,4.32979544037603e-06,8.790385495686634e-06,1
0.12313649013053236,0.8739106128194128,9.08417290267857e-06,1.8867578525153287e-07,0.0029234998182712177,6.641254613183201e-06,1.3483128482351004e-05,1
0.1576268121265485,0.8398348556164356,1.183461152043316e-05,1.8445888137303955e-07,0.0025060586606210074,6.582152579833642e-06,1.367237341311134e-05,1
0.15667268917813915,0.8388788395239,9.17565742002224e-06,1.8142568981911173e-07,0.004426705617502845,6.241619993631537e-06,6.166977354578109e-06,1
0.2005493212920685,0.7983125604736372,7.4795146012545606e-06,1.5153995156661213e-07,0.0011163582786403346,5.436878876250792e-06,8.692022224983905e-06,1
0.20681948025881608,0.7930805399342632,8.485406778122034e-06,1.505467814996626e-07,7.542198953537352e-05,5.4012463892287214e-06,1.0520617436434799e-05,1
0.15379047560089276,0.8461366241303142,9.368545941664129e-06,1.485932355487122e-07,5.210793740072619e-05,5.33115798940606e-06,5.94403422559653e-06,1
0.1250203009772092,0.8749406075290952,1.0395637358244295e-05,1.483262209143231e-07,1.8307335297388185e-05,5.201217585019902e-06,5.038977234094446e-06,1
0.1331637889345629,0.866797259384974,1.1596470966764896e-05,1.428273867801415e-07,1.7425829795802898e-05,4.934382913327548e-06,4.852169400352037e-06,1
0.11407835234371456,0.8825736238062748,8.384771098387793e-06,1.595488325924559e-07,0.0033236895796988322,5.512073357453834e-06,1.0277877023494675e-05,1
0.03696022772345953,0.9629643534814868,8.43860690351647e-06,1.0487995722574822e-07,5.368199223594804e-05,3.6041363285718993e-06,9.589179628314084e-06,1
0.04298564285410766,0.9569304764239689,8.640767973090877e-06,1.0739253359908756e-07,6.353156017345784e-05,3.690479496751999e-06,7.91052174645536e-06,1
0.04734309739484351,0.9525694575264948,1.005144814950173e-05,1.0783735230838059e-07,6.991659014507689e-05,3.7057654227973344e-06,3.663437592060585e-06,1
0.040230717950672575,0.9596836551833524,8.997554745181663e-06,9.653061594096718e-08,6.993623784993501e-05,3.3172162626211395e-06,3.2793265010033e-06,1
0.03206818556610579,0.9678592571764834,8.129813001509525e-06,8.722101490306105e-08,5.8363894575750286e-05,3.0132669669595725e-06,2.963061851702364e-06,1
0.045596410603529106,0.9543234158543585,6.01138776417439e-06,9.598687761576171e-08,6.750678175882387e-05,3.2985310237733418e-06,3.2608546878684096e-06,1
0.04504387371142382,0.9548791467615954,5.048085197021156e-06,1.1969783155763748e-07,5.9993380166220064e-05,8.614567000947866e-06,3.203796785273303e-06,1
0.0391895483510782,0.9606345157145882,1.710448925069332e-05,9.439910699414842e-08,0.00014586330720484458,9.603156164339485e-06,3.2705826066228096e-06,1
0.10529053264941979,0.888312320739003,1.8896199457555635e-05,1.5900889083855033e-07,0.006349010619469795,2.1403699079350735e-05,7.677084679969747e-06,1
0.1209037115996638,0.8688874125231723,2.329893971265721e-05,1.7442829226284468e-07,0.01014926179025421,2.7239125982583203e-05,8.901592922394296e-06,1
0.028236838691283052,0.9485789034892869,1.9813391038152276e-05,1.346405713201548e-07,0.023125718876491074,3.2828976485623045e-05,5.761934843775096e-06,1
0.06260373597430893,0.721811608002454,3.738503755504773e-05,2.488516861450736e-07,0.21550115784122323,4.015858254630118e-05,5.705710226537416e-06,4
0.07530610805081894,0.820783045406703,4.2746620944822335e-05,3.110051790487865e-07,0.10379104236857542,6.851357106280834e-05,8.232976715888869e-06,4
0.05311004121067892,0.912650742310939,4.401910847004316e-05,2.2796325820271473e-07,0.034093588524181484,5.896266988604677e-05,4.241821258623832e-05,1
0.033255817622229907,0.9629564745174883,3.3791025783358476e-05,1.7578562632581011e-07,0.003666775443234629,7.017955708433598e-05,1.6786048553093087e-05,1
0.03823111549521551,0.9598398678004949,2.383344071242344e-05,1.6729400152481025e-07,0.0018047453794327463,8.319498454398679e-05,1.7075605599085543e-05,1
0.18019786522991735,0.8134025829759755,3.855529044135855e-05,4.359694145116995e-07,0.006206719121497754,0.0001427607297445832,1.1080683008952993e-05,1
0.06964658636818648,0.9173075830711093,2.5963781046455334e-05,1.719544476247765e-07,0.01297935641725315,3.596782013932427e-05,4.370587817820425e-06,1
0.06671778245120491,0.920025096916767,2.5164925557247054e-05,1.9460917766375005e-07,0.013188293571992927,3.78432114885611e-05,5.624313811828138e-06,1
0.12605244246214942,0.8482354469577252,3.9181115579914186e-05,2.975552282435571e-07,0.02560591472535753,5.8010359530984494e-05,8.706824428751554e-06,1
0.19767277497067365,0.7369335683290581,3.151547737962443e-05,3.3303303121351927e-07,0.06527939855128688,7.371349751563063e-05,8.696141054662892e-06,1
0.05209041992940231,0.9273934909319369,2.186262101779178e-05,1.6343911029563262e-07,0.020459601466235936,3.1584780963512895e-05,2.8768313334329433e-06,1
0.058174270523413084,0.9183128642602136,2.3507169276992814e-05,1.556864168623101e-07,0.023457608589264715,2.863174845431758e-05,2.962022960584594e-06,1
0.02950567675782957,0.9578098606096275,2.137283821163816e-05,1.498164305093297e-07,0.012624167638446988,3.592199633464145e-05,2.8503431191041176e-06,1
0.020108635586091956,0.9725372607151398,2.205558600341946e-05,1.2997567891964963e-07,0.007298093680394251,3.1453152738389684e-05,2.37130395328457e-06,1
0.017273292287713057,0.9749384114841706,2.2087879953767676e-05,1.4668854491123755e-07,0.007732461911646491,3.070962285843239e-05,2.8901251124779287e-06,1
0.012148584737024294,0.9819395133405587,2.2225038771349512e-05,1.342122293807797e-07,0.005851132066041884,3.546245297473063e-05,2.948152399330929e-06,1
0.00795130415929768,0.9840752036055724,2.1292397040946824e-05,1.4126114007156202e-07,0.0079075176732655,4.180154466978202e-05,2.739359013520373e-06,1
0.016740021064652864,0.9830944104602315,1.8983880829997897e-05,1.2383212735729428e-07,0.00011838898669732911,2.5629522567803277e-05,2.442252893437873e-06,1
0.018855883590545776,0.9809134571133793,2.2297282592755467e-05,1.0494643754143701e-07,0.00017129469271449818,3.4984403190389145e-05,1.977971140154057e-06,1
0.012465147217046479,0.9872540939511819,2.6638829414575278e-05,1.0562481262442303e-07,0.0002213919556653884,3.0631665108771e-05,1.990756770307688e-06,1
0.9637176982612928,0.03576248063286424,1.0843270061170374e-05,1.3997179631056262e-07,6.702487690775113e-06,6.330390760846446e-06,0.0004958049855339357,0
0.9302618493821998,0.06910974213374763,1.6931220251515794e-05,1.7109670257609052e-07,8.449839815980833e-06,7.738051620026553e-06,0.0005951182756627265,0
0.8564827832013682,0.14313051085840622,1.6501113610385568e-05,2.142308502807142e-07,1.07032106811388e-05,9.623273766213311e-06,0.00034966411131729833,0
0.8409678760517973,0.15886193636510218,1.2628085089548675e-05,1.7349905458374524e-07,7.714322607161433e-06,5.880712139574576e-06,0.0001437909642097698,0
0.8722106374239725,0.12762666351212468,1.2495499094360417e-05,1.7902703806854528e-07,8.007594648276607e-06,6.301625515283717e-06,0.0001357153176066147,0
0.8862092406492513,0.11344843263258322,1.3733130888791746e-05,1.934882768978673e-07,8.654422858732681e-06,6.8106509260408125e-06,0.00031293502521526556,0
0.8880610781368772,0.11157698773611444,1.4146057302108931e-05,1.9816731055316484e-07,8.863708591555459e-06,6.975349611709762e-06,0.0003317508441926144,0
0.8766007398365903,0.1228560044598586,1.2917581416310086e-05,1.8786097302460628e-07,7.438173828503579e-06,6.463014176341513e-06,0.0005162490731571079,0
0.8638844742622876,0.13556793320133564,1.001193813658288e-05,1.859946270536833e-07,7.364277661927066e-06,6.270835971866426e-06,0.0005237594899793125,0
0.8951237999008078,0.10440682938548841,1.0909546926427875e-05,2.0383438683963194e-07,8.43090645608405e-06,6.872306074348977e-06,0.00044295411985970215,0
0.8499279392168129,0.14999268138018346,9.852417762558277e-06,2.072772421378601e-07,8.436607995640967e-06,6.988382442747666e-06,5.389471756070672e-05,0
0.8782898358323871,0.12167885740045763,8.296551715519744e-06,1.745446042069303e-07,7.5230937804494525e-06,5.884796782006456e-06,9.427780273320332e-06,0
0.6858168905960423,0.31415078683600717,1.0025953575476122e-05,2.2688747897575705e-07,8.144899202912771e-06,6.8271276988271486e-06,7.0976999945200024e-06,0
0.436939256898083,0.5630320255289489,8.478830113057031e-06,1.7837941556525694e-07,7.754854177895767e-06,6.014088006124322e-06,6.291421255518182e-06,1
0.5868421026902628,0.4131385463234959,6.271238357449791e-06,9.566040049642153e-08,4.915971127087043e-06,4.031090843906895e-06,4.037025512330565e-06,0
0.4182122225970019,0.5817544684078004,9.42368794678526e-06,1.9247385716984722e-07,9.370135898071056e-06,6.774944066840858e-06,7.547753428627088e-06,0
0.3750415984834818,0.6249188820329723,1.0671603227090266e-05,1.9938863777379826e-07,1.5071679895916187e-05,6.758233844344341e-06,6.818577940884609e-06,1
0.29180357791275363,0.7081014704637055,9.264834021793327e-06,1.9246681045388586e-07,7.297361466848242e-05,6.209148469642677e-06,6.3115595705640515e-06,1
0.658019592391362,0.34120634072367156,1.451582323673041e-05,2.8701412045631035e-07,0.0007322960298133775,9.728280228651331e-06,1.723973756730375e-05,0
0.6230846231226219,0.3765780563553431,1.2582082887616525e-05,2.4877923866969487e-07,0.0003060284085099257,8.558796009701742e-06,9.902455388974952e-06,0
0.5596833572656797,0.44003870874942885,8.441838772667849e-06,1.6691626033584806e-07,0.0002576956632225246,5.7424495329915935e-06,5.887117102838504e-06,0
0.07101046872266976,0.9254182933348154,6.226927584664125e-06,1.293315818982828e-07,0.0035510870233869704,4.552380496348158e-06,9.242279464932457e-06,1
0.15468258620804767,0.8438817382403278,8.907515382339229e-06,1.8394960519926315e-07,0.0014069638035127553,6.474896407581851e-06,1.3145386716546112e-05,1
0.15061145930698736,0.8493495942155115,1.1721380750678177e-05,1.5277604913636252e-07,1.6524917165932617e-05,5.357255571129978e-06,5.1901479641802575e-06,1
0.10991963912876108,0.8896836116271104,8.873787208346143e-06,1.617345118698565e-07,0.0003735747542735773,5.587583935106714e-06,8.551384199618903e-06,1
0.12128844766087152,0.8742160691997966,8.955163453949145e-06,1.6321768326572052e-07,0.004472096129959346,5.638824357257355e-06,8.629803878222343e-06,1
0.11131182831758629,0.8872431866298632,8.96435562244253e-06,1.633852206259701e-07,0.0014197176033213855,5.614697467657521e-06,1.0525010918379282e-05,1
0.052480137393496114,0.9474319871243307,7.698255521846808e-06,1.1006127943833814e-07,6.817787477780443e-05,3.7821893342213645e-06,8.107101259850243e-06,1
0.03712944351898531,0.9619459495953128,7.1410932081448766e-06,1.0209443111094722e-07,0.0009076015451368128,3.589641425352402e-06,6.1725115002223694e-06,1
0.029158676971835648,0.9707649988698841,8.105821411684901e-06,8.696362019874828e-08,6.212761750779972e-05,3.049438070762406e-06,2.954317669695e-06,1
0.02845187358168257,0.9714805592023628,6.285576464513491e-06,7.812083182386835e-08,5.581024740980481e-05,2.7393597246628926e-06,2.6539115241645345e-06,1
0.04122741465709555,0.9587073709506106,4.934340565837662e-06,1.1641713527650696e-07,4.787571206616797e-05,9.147582798435482e-06,3.140339728107729e-06,1
0.0346704404560107,0.9652381877560072,6.453137534081541e-06,9.467111819602458e-08,7.197699578632063e-05,9.63082767663702e-06,3.216155866753175e-06,1
0.08745223611799705,0.9066366400731866,1.7069455934665336e-05,1.29859516341713e-07,0.00586921984695744,1.9169250712215547e-05,5.535395695656053e-06,1
0.029867930901411932,0.7846064711430019,2.6887582847343606e-05,1.53232939295451e-07,0.1854615459459016,2.8741974973375344e-05,8.269218924777154e-06,4
0.025848970270231895,0.3387195241272816,1.7252153193145984e-05,1.1857483185472375e-07,0.6353922077100723,1.920846217251083e-05,2.718702216584701e-06,4
0.05270494481039991,0.902838827296929,2.9778488800801252e-05,2.2793152362720878e-07,0.04436776842205307,4.217536442389533e-05,1.6277685869509526e-05,1
0.04455749601386587,0.9325333518693976,2.8402351517041888e-05,2.4888247034984044e-07,0.022820969314970407,4.3782102091598835e-05,1.5749465687228716e-05,1
0.052764431814264844,0.9277505281956522,3.5755305361224614e-05,2.9733226272489464e-07,0.019365661239163137,6.0229085065501025e-05,2.3097028230378758e-05,1
0.056574023079718594,0.9299349438475133,3.8220351292040253e-05,3.141592388208973e-07,0.013338086819710762,7.503117095628302e-05,3.9380571570293197e-05,1
0.03551579851638255,0.9576553658242398,2.6897261085056562e-05,1.8984814575297641e-07,0.00670816028912291,5.619290497596163e-05,3.739535604784442e-05,1
0.03337540038422487,0.9608647114347286,3.573190788165825e-05,1.901060835535123e-07,0.005616641806439748,6.704492612812618e-05,4.027943451337341e-05,1
0.028747714714344605,0.9665744509406682,3.282396943385912e-05,1.6819489614283347e-07,0.004566619832439406,6.714908130925389e-05,1.1073266908189964e-05,1
0.06114896102837591,0.8711093395349881,1.6066026119413034e-05,1.2072794279328833e-07,0.06761516904148458,8.951133529134234e-05,2.083230579763156e-05,1
0.08236594465370203,0.9125692822871867,2.4883873591916636e-05,1.62675785352e-07,0.004978585263708193,5.7065663704504675e-05,4.075582321446763e-06,1
0.09539363654309306,0.9018959079209438,2.6761312587846548e-05,1.9186224488007966e-07,0.002590485025960809,8.338660748223042e-05,9.63072768731458e-06,1
0.07328756258015588,0.9166109799120908,2.175169325479397e-05,1.600903165056263e-07,0.010045022069596584,2.9061025380947735e-05,5.462629204660045e-06,1
0.10389098723874338,0.8781846275156293,2.861041234637482e-05,2.113264519612842e-07,0.017848655699050975,4.08003554116514e-05,6.107452366013883e-06,1
0.1972352529350786,0.7376974280761341,3.144572211960985e-05,3.32295907501068e-07,0.0649363992801308,8.894799518259748e-05,1.0193695446634978e-05,1
0.04258526570443195,0.9314341798049128,2.3843051521106387e-05,1.5791094259986428e-07,0.025923032725650726,3.051645670817047e-05,3.004345832700498e-06,1
0.03765533502158372,0.9448080266770386,2.2643504066780882e-05,1.477827404942616e-07,0.01747560099201899,3.5434371545966994e-05,2.8116510055546687e-06,1
0.0335830393326788,0.9448883340193152,2.3168743696284242e-05,1.3839321807333694e-07,0.021470807089527588,3.147242811632201e-05,3.0399934476646606e-06,1
0.011000445809201329,0.9792582134346257,2.530806398544508e-05,1.476689521763011e-07,0.009671434953770494,4.1640583346966565e-05,2.809486117844886e-06,1
0.01537405580239111,0.9844609639022255,1.7908721672373416e-05,1.1877038517778274e-07,0.0001100815232211646,3.456809136601297e-05,2.303188738529336e-06,1
0.01627687212742576,0.9834997699818013,1.8058247233416295e-05,1.0738285969911052e-07,0.00016904422305943185,3.406567514578954e-05,2.0823624744489882e-06,1
0.009202194406582242,0.990498884306932,2.4215123860164253e-05,1.0597196780507157e-07,0.0002300238862640916,4.25790046386614e-05,1.9972997549440806e-06,1
0.009434489048589867,0.9902564914598349,2.4778494711148974e-05,1.0864706020547929e-07,0.0002358304704278318,4.62541609914136e-05,2.047718384572768e-06,1
0.01080279941006372,0.988906848916707,2.3641130779413818e-05,1.0811890704232105e-07,0.00022661963301763975,3.7945026473025225e-05,2.0377640522601884e-06,1
0.9691598141590593,0.030311976108567645,1.3993741995835083e-05,1.4141231858191617e-07,6.771466463974625e-06,6.3955400917669204e-06,0.0005009075715029339,0
0.9055509376228833,0.09416275001932393,1.3648796115382551e-05,1.7719974943183184e-07,7.94320417447329e-06,7.959832572444546e-06,0.0002565833251809715,0
0.8863022257268627,0.11342025681202189,1.1778343368177954e-05,1.6594696296677335e-07,7.438783707117638e-06,5.841216093933663e-06,0.0002522931709832556,0
0.886297338552521,0.11341963139943369,1.1778278421012275e-05,1.659460479157716e-07,7.42250276566721e-06,5.841183884783568e-06,0.000257822136925923,0
0.8704393268691591,0.12900653802203987,1.3176272861529333e-05,1.916231344576024e-07,7.5871329777029825e-06,6.592444479419707e-06,0.0005265876353479738,0
0.874752411016905,0.12520980107722823,8.556277477330935e-06,1.800087695435816e-07,7.63336228411641e-06,6.069021913087306e-06,1.5349235422615137e-05,0
0.8618577417741456,0.13810624646041994,8.178187708515542e-06,1.720544372721244e-07,7.263868532512613e-06,5.80084044069652e-06,1.4596814315561593e-05,0
0.9153226489146615,0.08465804281640936,5.0469406857796125e-06,1.1421234300721721e-07,3.935484201171293e-06,3.436691412027348e-06,6.774940286968501e-06,0
0.6927261122881982,0.30724257245656367,8.704851948521587e-06,2.445582866531568e-07,8.108417618894011e-06,6.479684234146833e-06,7.777743149832072e-06,0
0.6487766323668136,0.35118624613510924,1.1085416054733881e-05,2.3321732016968006e-07,9.84606953517916e-06,7.862955956035277e-06,8.093839211123391e-06,0
0.6400014259266921,0.3599759890201934,7.5103926654955745e-06,1.4032446023836995e-07,5.254048946662628e-06,4.731059638306279e-06,4.949227403931174e-06,1
0.6802205642872096,0.31975354565678626,7.695133948267905e-06,1.4377617334358088e-07,5.311472722812382e-06,4.847434648958991e-06,7.892238510984158e-06,1
0.48836997660014464,0.5115899187046471,1.1705928114089853e-05,2.187140030301504e-07,8.840770429099178e-06,7.698578700257192e-06,1.164070396188385e-05,0
0.46368807584763555,0.536277338746822,1.1139350450071194e-05,2.4056570300138735e-07,8.538877021136392e-06,7.325960425674983e-06,7.340651942576902e-06,0
0.31459020702267465,0.6853781122505629,9.318246932113218e-06,1.8424504100103646e-07,9.434988630371104e-06,6.244944976044386e-06,6.498301182928142e-06,1
0.3213732155817035,0.6785141186283606,8.821337217948505e-06,1.8325364861183665e-07,9.165116815035733e-05,6.000598347314926e-06,6.009432571824841e-06,1
0.7015607376923007,0.29800816585490203,1.1697281634096571e-05,2.3128450554873195e-07,0.0003970005831097902,7.839337238690394e-06,1.4327966309205555e-05,0
0.5857308509537694,0.4138089312855501,1.2908446641334764e-05,2.552322661139286e-07,0.0004281139682213134,8.780800650585497e-06,1.0159312901410674e-05,0
0.44211861614249154,0.5575667242267373,9.056470679008541e-06,1.692114402400078e-07,0.00029358783759042,5.82141101189278e-06,6.0247000498458596e-06,0
0.10174315055849374,0.8945135525176148,7.3565558838082974e-06,1.5279365254210944e-07,0.0037203497159359277,5.378228840853076e-06,1.0059629578398464e-05,1
0.06571680621149403,0.9321877210308654,6.2724775120391535e-06,1.3027764142485782e-07,0.002075174434694245,4.585681124655262e-06,9.309886668113075e-06,1
0.07738117595360262,0.920493201476039,5.2470060026348235e-06,1.0897887880081239e-07,0.002109255653585469,3.83597969718559e-06,7.17495219445206e-06,1
0.14219338201951975,0.8558839430526455,9.226772598096364e-06,1.4634458778987423e-07,0.0018982306410931663,5.250482066167556e-06,9.820687489618242e-06,1
0.23773084421999466,0.762170934905309,9.479144159843256e-06,1.9205377935015172e-07,7.064344921438298e-05,6.890414872503012e-06,1.1015812670164983e-05,1
0.30284619381468736,0.697076231177868,1.0932842029394406e-05,2.103970093909184e-07,5.371720181076027e-05,6.530688496975837e-06,6.183878098360589e-06,1
0.10763215342793968,0.8908683229390485,7.418824006085722e-06,1.3599321966215963e-07,0.0014801050728603731,4.673377329542576e-06,7.190365596243763e-06,1
0.17634201311931194,0.8211790928605993,9.360923967508698e-06,1.913899637443272e-07,0.002456829177304033,6.577074356256256e-06,5.935454496983189e-06,1
0.06517978523542514,0.9337653173320628,7.037391099252715e-06,1.0061182788707738e-07,0.0010368907869986513,3.4575035189209516e-06,7.411139067143308e-06,1
0.02123997624891874,0.978694087065352,6.764979227005762e-06,7.257834268365191e-08,5.1245616311569225e-05,2.50739942396205e-06,5.346112424016744e-06,1
0.03432784245930389,0.9656090843206068,3.784195980547378e-06,7.737113103474727e-08,5.387013923849655e-05,2.7130709602025176e-06,2.628442778921146e-06,1
0.03945434504123443,0.9604673753617574,4.531498577004859e-06,8.323374957252804e-08,6.791861009104822e-05,2.91864763838827e-06,2.8276069523681994e-06,1
0.03627298821908885,0.9636635294414178,4.084481558368132e-06,8.774025218660036e-08,5.352347025161298e-05,2.928360042782029e-06,2.85828738860328e-06,1
0.03700624660590814,0.9629170687603176,4.422376941891769e-06,1.0433824901595926e-07,6.0616748494736186e-05,8.726657020781753e-06,2.8145130677522825e-06,1
0.03631530664213135,0.9635947929625337,6.697768970869252e-06,9.146211446714028e-08,6.95372395832309e-05,1.106047384170704e-05,2.51345082481118e-06,1
0.040717013480975735,0.9591008272564879,1.996440020105489e-05,9.406916233825604e-08,0.00014704513938626864,1.2419236882224445e-05,2.636416904469496e-06,1
0.060350454882737714,0.9343415979704741,1.6431224270230868e-05,1.5806875559162305e-07,0.00525655762115742,1.977478341939994e-05,1.5025449185701519e-05,1
0.025966421619778392,0.32038769123125066,1.920506539065952e-05,1.2197337759794165e-07,0.653603572204627,1.9759007649396936e-05,3.228897926373914e-06,4
0.03980605655213807,0.5771365407143979,3.1616962721542246e-05,1.7951480759438773e-07,0.38299177371372206,2.9080398741843024e-05,4.7521434710578376e-06,4
0.09339334447009755,0.872792500575175,3.576869192056283e-05,2.546951380529283e-07,0.03371068493036438,4.971210235007227e-05,1.7734534954426494e-05,1
0.06226759237084919,0.9213388236209912,3.4902682115647744e-05,2.1730553140599932e-07,0.016303138412246697,4.241429538496714e-05,1.291131288106812e-05,1
0.05295617122136133,0.9319376168247621,2.8728649210985457e-05,1.991417479745054e-07,0.014998914847848667,4.444829249481634e-05,3.392102257397059e-05,1
0.02309173364694332,0.9695777220957573,3.102306489128132e-05,1.6138630793344695e-07,0.007230668416189615,5.8066372719009955e-05,1.062501719170352e-05,1
0.03710728924038598,0.9612958104979383,2.829199664986188e-05,1.6928377372731095e-07,0.0014559910872555756,7.507791152868582e-05,3.736998246771262e-05,1
0.1442581454858315,0.8166806489327829,3.6233468334344786e-05,2.934379859340365e-07,0.038958164406686716,5.6653457275576814e-05,9.860811102964394e-06,1
0.11505609216798746,0.8675452368791642,3.097151679246149e-05,2.576109867262702e-07,0.01730610742135708,5.37619882299998e-05,7.572415482070803e-06,1
0.04871710763632087,0.9357031122007285,2.564207851138357e-05,1.5964411894488609e-07,0.015516573613157624,3.389802905271002e-05,3.506798109813976e-06,1
0.03670454105069185,0.9497737414763823,2.4765929032000544e-05,1.556699015919478e-07,0.013450964119181213,4.2412255738389226e-05,3.4194990724715154e-06,1
0.020615681812922466,0.9713023241335842,2.3452214842970564e-05,1.2785257106992745e-07,0.008021983974470966,3.3997543453839825e-05,2.43246815432733e-06,1
0.018810011141822108,0.9810237396790401,2.140894077606634e-05,1.1003845558961462e-07,0.00011003447862053815,3.256186164256824e-05,2.1338596430397824e-06,1
0.01764246638177062,0.982123973707155,1.767030109162558e-05,1.0507594886904731e-07,0.0001715060824823242,4.224082456458565e-05,2.037626987259658e-06,1
0.007553786396694283,0.9921409296091364,2.4474703508593394e-05,1.0832633976918405e-07,0.0002351343112199869,4.3524979473869415e-05,2.0416736270573026e-06,1
0.007902979125584454,0.9917979802479804,2.397417096477565e-05,1.0611095610220309e-07,0.00023032557574776926,4.263484943866708e-05,1.999919327813686e-06,1
0.008665249573599796,0.9910058883372208,2.621329812070047e-05,1.2787066998179926e-07,0.0002589756998532838,4.1296531887420825e-05,2.248688648184893e-06,1
0.01717419271612723,0.9733760982837998,3.156302612394914e-05,1.9737271341771416e-07,0.00934686052833638,6.761710672270306e-05,3.47096617625782e-06,1
0.9640335579158508,0.03521465967730607,1.6649985768917957e-05,1.682547164753619e-07,8.474292147604111e-06,7.4970688181405515e-06,0.0007189928053918308,0
0.9635352505271111,0.03580988711512404,1.5332614454521062e-05,1.5494215632828924e-07,7.803793713550613e-06,6.903889728371297e-06,0.0006246671177119501,0
0.9476458918526824,0.05183786062556055,1.69175954028632e-05,1.7095901807119789e-07,8.443040082298253e-06,7.6175666894258334e-06,0.000483098360564331,0
0.9160572717663249,0.08343652000766452,1.880211012104013e-05,1.900027874774412e-07,9.383542140797417e-06,8.4661161552966e-06,0.0004693664548060954,0
0.8030607852132877,0.19675650926749425,1.408981853225587e-05,2.0338626739833642e-07,8.719967278389937e-06,6.6598362939125615e-06,0.0001530325108457706,0
0.9298415529144732,0.06978513226022243,1.4687232541906799e-05,1.6106815806000618e-07,7.886351190197976e-06,5.669485601063619e-06,0.00034491068781289917,0
0.9044576222259562,0.09547103294030677,9.37590035877672e-06,1.9725216852984783e-07,8.345928306543213e-06,6.650385624250391e-06,4.677536727894995e-05,0
0.895723713003205,0.10425351779702709,7.080639382096505e-06,1.602349748426844e-07,5.69418019834823e-06,4.821529332547479e-06,5.012615879893287e-06,0
0.8652734191673539,0.13470374063948531,6.915470704899618e-06,1.5649720521380568e-07,6.163479202331303e-06,4.7090584695437184e-06,4.895687578718756e-06,0
0.8711236186076774,0.1288540230278967,6.8739892829179496e-06,1.5555848001555909e-07,5.7816832547969255e-06,4.680811883035421e-06,4.866321525270012e-06,0
0.7451275281597063,0.2548366587474002,1.0806024838788784e-05,2.4454050330127995e-07,9.207899373921511e-06,7.664781993539633e-06,7.889846183915882e-06,0
0.5518907291316426,0.44807187885672145,1.1166198229550936e-05,2.3491683259531126e-07,9.91782028467963e-06,7.920255265279333e-06,8.152821023882224e-06,0
0.5198051708055407,0.48016521624337644,7.851517633767035e-06,1.3897550011085287e-07,1.1011737915344719e-05,5.261965685019432e-06,5.348754348786786e-06,1
0.3772557965748702,0.6226339253603302,8.866358882261202e-06,1.3455828675876352e-07,8.929494798363471e-05,5.942096594023901e-06,6.0401030528725435e-06,1
0.6027386372916209,0.3968379970999988,1.1835719989961168e-05,2.3402177799259534e-07,0.0003956384936135626,8.051092488170402e-06,7.6062805104475e-06,0
0.5028207619468161,0.4966688467597671,1.4714527044442968e-05,2.7492677908314264e-07,0.00047700769198721606,9.45835445256385e-06,8.935793153431984e-06,0
0.10220238429196096,0.8975353850980464,1.1386851687379744e-05,1.8060530902840602e-07,0.00023117495238376086,6.333118335220722e-06,1.315508227716414e-05,1
0.1442755799273724,0.8555902489317444,1.0021022166656405e-05,1.430449766971948e-07,0.00010927571175062656,5.132100176347919e-06,9.59926181294744e-06,1
0.26029331780678644,0.7396343564062651,1.2625965243374214e-05,2.002587209499558e-07,3.772816096839468e-05,7.1847878956145944e-06,1.4586614119975703e-05,1
0.18583387430491424,0.8140708368286874,1.0660290378845297e-05,1.69081418732954e-07,6.607757583511005e-05,6.066223358080121e-06,1.231569540750218e-05,1
0.1653094713152551,0.8345973514320474,1.1696495817197967e-05,1.8551653254215678e-07,6.833694948818873e-05,6.655874616208934e-06,6.302416243504518e-06,1
0.25775245609058467,0.7421498771356717,1.2822178280172126e-05,1.8619398815932742e-07,7.165279048265389e-05,6.6801800491757195e-06,6.325430943204876e-06,1
0.3297384947218578,0.6702179143149738,1.0988395180510535e-05,1.8295220672957702e-07,1.978890067272505e-05,6.415414813337186e-06,6.215300295220135e-06,1
0.2741408702063818,0.7258168333225623,1.1119914768850514e-05,1.749500153814525e-07,1.892334910282111e-05,6.134809414628884e-06,5.9434477543982486e-06,1
0.2533864027844882,0.7465760457940669,8.94975398684034e-06,1.6311908979015286e-07,1.726160575530143e-05,5.63541816204386e-06,5.5415244508492435e-06,1
0.2096738685219355,0.7902867515354034,1.054992803554695e-05,1.5052765910401378e-07,1.8365310926992982e-05,5.200410970267168e-06,5.113765068987947e-06,1
0.11235401116272788,0.886306652586646,8.066448529534972e-06,1.4786471627722812e-07,0.0013182225517635144,5.0813387211945145e-06,7.818046895715669e-06,1
0.030192113230378813,0.968740916839686,7.778324492390978e-06,9.66724930932726e-08,0.0010420722130671887,3.3221291380174056e-06,1.3700590744272841e-05,1
0.036478563241858816,0.9634519870170208,6.5685682271461514e-06,8.16380194710124e-08,4.842434429536299e-05,2.8054411877267694e-06,1.156974939063004e-05,1
0.0274284009176089,0.9725006960647696,6.630260001670129e-06,8.240476103715397e-08,5.528863778422531e-05,2.8317897981405666e-06,6.069925276457043e-06,1
0.023604506904449166,0.9763310780232846,7.518087449859634e-06,8.065809353609572e-08,4.66699866532052e-05,2.7717666253531355e-06,7.374573444287219e-06,1
0.027992281968739315,0.9719195586331209,9.92759639035454e-06,8.454980761922344e-08,6.768283343801545e-05,7.592102585527228e-06,2.8723159184026197e-06,1
0.025293541396138083,0.9746296414236674,1.1383225626697045e-05,8.427783400953869e-08,5.4725367119175075e-05,7.761233151046488e-06,2.8630764635714428e-06,1
0.03425277614304673,0.9656836037390545,4.435082771807791e-06,1.0463802084978336e-07,4.866260066955991e-05,7.595197055886505e-06,2.822599380792795e-06,1
0.036370422172549176,0.9635724671476249,4.425386981707049e-06,1.0440926564071135e-07,4.2185862087106396e-05,7.578592757789576e-06,2.8164287335821914e-06,1
0.04018777977880625,0.9596269702917503,1.9856788977316352e-05,9.356211491517622e-08,0.00014991976335050465,1.23522952628752e-05,3.027519737939773e-06,1
0.06828127620596988,0.9176659494433365,1.6085776786842405e-05,1.6252820086372786e-07,0.014001073473434045,2.0003224207094423e-05,1.5449348064905315e-05,1
0.09091436349490513,0.8790236683305825,2.318660036608126e-05,2.5065233504101623e-07,0.030000188669898065,2.723479212599003e-05,1.1107459786957823e-05,1
0.09616833666059425,0.8677980513072294,3.398110699776929e-05,2.2084999048650628e-07,0.03594922350006199,4.43402003651283e-05,5.84637476115618e-06,1
0.04330081820210675,0.936436431429049,3.2270720287848484e-05,1.6611194619287161e-07,0.020174179371640573,4.512385275458856e-05,1.101031221504009e-05,1
0.043139282031297854,0.9412678383739903,3.193579594102696e-05,2.061500197496165e-07,0.015502797938844865,4.6116882006284845e-05,1.1822827900045208e-05,1
0.04398635663435523,0.9446017499992394,3.510061679674589e-05,1.8564413462833648e-07,0.01128285273090828,5.2290430506409366e-05,4.1463944059205606e-05,1
0.039009508657167645,0.9528484839620582,3.472372912428077e-05,1.8365080823717854e-07,0.008016151581304502,5.2036720524143606e-05,3.891169901270033e-05,1
0.024027429763385982,0.968909544321556,3.079498061771476e-05,1.6019978174921638e-07,0.0069465819426035484,6.611595661457221e-05,1.937283544037598e-05,1
0.02251969718818768,0.972518379622515,3.088440742294915e-05,1.6066499245543253e-07,0.004849486364852307,6.196265901920713e-05,1.9429093010506354e-05,1
0.0003154736140345855,0.0037066567124584677,7.632405776236413e-08,6.874571836905626e-10,0.9959774959123816,2.788045939462549e-07,1.7945016608577825e-08,4
0.03417267510625485,0.43824987595549775,1.022502091687193e-05,7.133758649633388e-08,0.5275453185282648,2.0034123586655143e-05,1.799927892569334e-06,1
0.12117460541594685,0.8749201329320592,2.073452193818427e-05,2.0679563393546638e-07,0.0038361054989902205,4.334642020084305e-05,4.868415230906318e-06,1
0.05697137456617526,0.940586363686501,2.244139726184115e-05,1.6535148969578895e-07,0.002371663977407328,4.440300221982316e-05,3.588018945144616e-06,1
0.052754383757233896,0.943825016593583,2.006985412287807e-05,1.4635652224613325e-07,0.0033638412251409504,3.336637279509109e-05,3.1758406019246105e-06,1
0.05327728551004353,0.9438363076284866,2.1915509866599722e-05,1.741850114420705e-07,0.0028279981907383066,3.2847768031528904e-05,3.4712078217759574e-06,1
0.06685213723418355,0.9254372564793195,2.256296179597959e-05,1.7990519942297763e-07,0.007644932104110027,3.763088390185124e-05,5.30043148975481e-06,1
0.18476886990478206,0.6583248194643004,2.8062317353206516e-05,2.965425050821642e-07,0.15679024623540092,7.860863161715726e-05,9.09690404110701e-06,1
0.19960536287909816,0.694241242220052,3.0031948717768365e-05,3.1735616104592705e-07,0.10603269357702604,8.061662353137026e-05,9.735395413514161e-06,1
0.03932202063929102,0.9421701005213229,2.5186193480934662e-05,1.5368977527115698e-07,0.018447614185697993,3.200073471737329e-05,2.924035714450693e-06,1
0.028106636856520793,0.957697124242839,2.328011699264225e-05,1.8481488103067426e-07,0.014132576619683293,3.742700488087756e-05,2.7703442022322814e-06,1
0.02155503547707605,0.967697864803084,2.869372266238164e-05,1.4505165498403466e-07,0.01067750025479038,3.800100018772092e-05,2.759690544573885e-06,1
0.044510452739647356,0.955323760153827,2.1125897343299573e-05,1.1787092684406634e-07,0.00011354497317176741,2.8755828624022992e-05,2.2425364599557826e-06,1
0.01715653279590482,0.982580396031038,1.83885784752637e-05,1.3767305894850775e-07,0.000216842910821457,2.5254466117742984e-05,2.4475445839976493e-06,1
0.00933142535676652,0.9903638721506212,2.672366476287135e-05,1.1241538824326852e-07,0.00023079287866836158,4.49547920911784e-05,2.1187417016094907e-06,1
0.009204948209172064,0.9904773881883144,2.6434301710667143e-05,1.1141312303957905e-07,0.00024183451598750898,4.7183520118647016e-05,2.0998515735201473e-06,1
0.015196119688619078,0.9751237678170673,3.1304681316533136e-05,2.458621250756793e-07,0.009571463394594021,7.36560001179263e-05,3.4425561599041477e-06,1
0.03114732201819721,0.9555810597816106,5.105533059653153e-05,6.416766869526997e-07,0.01311762607690095,9.716857508411399e-05,5.126540923458512e-06,1
0.9648516554408585,0.034589100868637444,1.6589433118985934e-05,1.7740905491427032e-07,8.935358202538221e-06,7.904966478894066e-06,0.0005256365236486722,0
0.9212565321816654,0.07841606477298732,1.626405094967754e-05,1.7392938549284248e-07,8.689704840043235e-06,7.866163069884834e-06,0.00029440919710231795,0
0.8997633891474589,0.09987331977391427,1.6553645987068286e-05,2.2743289329332534e-07,1.1232078048722221e-05,1.0065338229345486e-05,0.0003252125834685548,0
0.8638541840498682,0.13583838923383112,1.7189773445567674e-05,2.222338772351585e-07,1.1103050776381897e-05,9.982770632514716e-06,0.0002689288875688484,0
0.8247937762860871,0.17500930331729037,1.2044038477642625e-05,1.6969038384630973e-07,7.643760563052445e-06,5.972981869558574e-06,0.00017108992532837217,0
0.9399246508844674,0.05963345122874154,1.3844738732778364e-05,1.3990658145231975e-07,7.258774582175699e-06,4.813230788341469e-06,0.0004158412361064908,0
0.8934806489858582,0.10649851886267239,6.262953501846589e-06,1.4173073117475318e-07,5.589942084426814e-06,4.2647298341287994e-06,4.572795317776223e-06,0
0.6093747475004774,0.39058538467731313,1.1984647373259204e-05,2.521355382395889e-07,1.0507866759559735e-05,8.50078643681662e-06,8.622386101578802e-06,1
0.6370763122776355,0.36289903075688096,8.176008711334923e-06,1.5276085557992318e-07,5.789983773641849e-06,5.150354520656052e-06,5.387857622255057e-06,1
0.6796468570050426,0.3203328437028549,6.7492797400923915e-06,1.2610379759201802e-07,4.724634356089488e-06,4.251607923602809e-06,4.4476662851367156e-06,1
0.3873293899903693,0.6126397269211663,1.0057288753382706e-05,1.879107629436753e-07,7.747097660636541e-06,6.464727107705602e-06,6.426064179826175e-06,0
0.4725616979689955,0.5274043998142269,1.0929558207241059e-05,2.0420827836619474e-07,8.378060627977358e-06,7.187987419486158e-06,7.2024022446460184e-06,0
0.3724122802227944,0.6275559321582166,1.0362362485717076e-05,1.9361077208159976e-07,7.840621938956312e-06,6.562394362691474e-06,6.828629429643173e-06,0
0.5038588760997601,0.4961092429338412,9.837880455462216e-06,1.9451949503863054e-07,8.394691138884621e-06,6.593195326637601e-06,6.860679982724783e-06,1
0.4227049253767872,0.5772681245709315,7.926814428044529e-06,1.567329412863564e-07,8.026123856614822e-06,5.312428431989033e-06,5.5279526234804185e-06,1
0.3411137873593242,0.6588505257095771,9.258735443484612e-06,1.830683500695456e-07,1.3779599878745829e-05,6.205061296781998e-06,6.26046612984273e-06,1
0.3822936880319576,0.6176723563422151,8.795705726784235e-06,1.8272118237013607e-07,1.3090481557237886e-05,5.8947459419589745e-06,5.99197141893369e-06,1
0.6544068033827509,0.3455232249316598,1.1248285885384987e-05,2.5706979152086724e-07,4.196211233651059e-05,7.65149818290973e-06,8.852719392914577e-06,0
0.6362984864240881,0.36332664711339674,1.1017213088543355e-05,2.1783784997372756e-07,0.0003492341370354755,7.383565817535832e-06,7.013708723399519e-06,0
0.3121113853149269,0.6875068121608218,1.2152868483941291e-05,2.2706465378191135e-07,0.0003539283628588607,7.655517911622424e-06,7.838710343096496e-06,0
0.05878018295958795,0.9397511380192156,4.713812593274784e-06,9.790459759990278e-08,0.0014539752876084175,3.4461728069416664e-06,6.445843590300643e-06,1
0.05348805373112237,0.9452884991361881,5.352317788796855e-06,8.652812423988172e-08,0.0012087790943902479,3.045728965760512e-06,6.183463420638803e-06,1
0.08630356508663836,0.913481022058129,9.348657479824586e-06,1.4827778735501953e-07,0.0001897956965704409,5.319840487961002e-06,1.0800382906929578e-05,1
0.118473232987393,0.8813773001801708,1.3412836001728713e-05,1.688530138391152e-07,0.00011849596326697143,6.058028755074731e-06,1.1331151398472635e-05,1
0.15658680585114865,0.8433243438841195,8.994779801730459e-06,1.832874635205537e-07,5.97458490220219e-05,6.575901129666466e-06,1.3350447314958898e-05,1
0.1645285284237704,0.8354143079604812,8.987655641943501e-06,1.8314229385483096e-07,2.8082251687363235e-05,6.57069280089982e-06,1.333987332404465e-05,1
0.09295640931991697,0.9070077454722664,6.346689310711562e-06,1.2932707761112042e-07,1.966085073630967e-05,4.53499230374606e-06,5.1733483881564265e-06,1
0.2077599860334375,0.7921982530835874,1.3127624373133607e-05,1.6168576536944811e-07,1.7309057357803335e-05,5.669684300611531e-06,5.492831178139392e-06,1
0.1946961739512026,0.8052390406200859,1.1304887220048841e-05,1.6129950876774975e-07,4.22965103803528e-05,5.5430224346052855e-06,5.479709167678403e-06,1
0.1217053320922879,0.8769165174304522,8.30021578641893e-06,1.5214986469012516e-07,0.0013564248992724598,5.228596911685982e-06,8.044615424642608e-06,1
0.1724514324003553,0.8250043593830417,8.680780835150632e-06,1.7917567345876341e-07,0.002519683533609674,6.157332934891194e-06,9.507393549945603e-06,1
0.05932510681939697,0.9395637755432895,6.763989860213351e-06,1.1017746068155689e-07,0.0010848427077851087,3.786224403355519e-06,1.5614537804303983e-05,1
0.034331191892108745,0.9655994387888241,6.583209001847618e-06,8.181998360822108e-08,5.386574516809841e-05,2.811694275301924e-06,6.026850637900893e-06,1
0.025636446691497724,0.9742919200441625,7.915406499428636e-06,8.293757849885855e-08,4.798893095407318e-05,8.0630024416944e-06,7.5829868661283616e-06,1
0.02883071888581998,0.9710809657284917,9.782657129008486e-06,8.910755794950076e-08,6.658198744409596e-05,8.834482291533395e-06,3.027151265689488e-06,1
0.02370873540028729,0.9762136571661352,9.979759370630339e-06,7.681152073070977e-08,5.732602729820379e-05,7.615403623402842e-06,2.6094317648260176e-06,1
0.02645219380478692,0.9734681218421897,4.931970654120485e-06,8.306479892939122e-08,6.315288967172483e-05,8.694560517273817e-06,2.821867381393754e-06,1
0.03355602928484947,0.9663573996128056,5.271250155712631e-06,8.889710099979024e-08,6.755643155009576e-05,1.1211561300317413e-05,2.442962237785572e-06,1
0.0337902553601925,0.9661159034044857,6.589955376321484e-06,9.475720505308603e-08,7.204244630033208e-05,1.2510073934964812e-05,2.6040025051361348e-06,1
0.03970486066352028,0.9601102527014962,1.9866789151471376e-05,9.360923418730693e-08,0.00014999526517229958,1.2358516062420591e-05,2.572455363062481e-06,1
0.051935728485396786,0.9435473781455819,1.8429651625661015e-05,1.2924584093346964e-07,0.004467726910376958,1.739235194648517e-05,1.32152092313373e-05,1
0.04716001748512165,0.9246775097197862,3.085646733762361e-05,1.9111717060998118e-07,0.02807013249476221,4.954377205689648e-05,1.1748943764944607e-05,1
0.04129634589283444,0.941696382071901,3.710799910869259e-05,1.8150136626382875e-07,0.016910038343908147,4.189054945296954e-05,1.8053641428416744e-05,1
0.041348308330577385,0.9428813014290068,3.4360504800334925e-05,1.817297461178046e-07,0.015671782488984064,4.204198319551291e-05,2.202353368953305e-05,1
0.04106324064810627,0.946345802456092,3.448675823646894e-05,1.823974896515059e-07,0.012483211852833628,4.56388159270915e-05,2.7437071314769216e-05,1
0.00018322011539651163,0.002340439811047511,7.866975374325162e-08,3.6168520709715464e-10,0.9974760016977077,1.7740440427072878e-07,8.194000519105276e-08,1
0.013244936551933064,0.13469844915921902,4.061611279325512e-06,2.4069890501329752e-08,0.8520425042641313,8.362232756649928e-06,1.6621107901651254e-06,4
0.25422099384085195,0.7339859103356591,3.0097038053768395e-05,3.004292624630157e-07,0.011623149408506265,0.0001301052737323892,9.44367393408889e-06,1
0.109332716139994,0.8860755630467246,2.3868948310644186e-05,1.8670306990943502e-07,0.004519669580059874,4.2029697633385366e-05,5.9658842077418364e-06,1
0.10572565357733016,0.8872611438613052,2.9653513103745065e-05,1.8732751406415e-07,0.006936023891121601,4.217026949984871e-05,5.1675601254669536e-06,1
0.040983621176399226,0.9557078103550531,2.4236991966114206e-05,1.525876143874096e-07,0.0032400441391955367,4.082369855465633e-05,3.311051217159912e-06,1
0.050027091446417024,0.9468571256953391,2.6168069926224432e-05,1.7915766404785116e-07,0.003047127294503307,3.8211553357267143e-05,4.096782793001683e-06,1
0.07891677232560942,0.9162293684835567,2.3527879706287494e-05,2.0179315715603763e-07,0.004785362220427656,3.924019008186187e-05,5.527107460891532e-06,1
0.090148110590778,0.8899960074255728,2.5272323684643685e-05,1.9622034321341894e-07,0.019771654365095977,5.114599301964193e-05,7.613081505844449e-06,1
0.06139599313448347,0.9206492355506608,2.3060603294217015e-05,1.6134965860457572e-07,0.017888868509027125,3.899128420146134e-05,3.689568674278827e-06,1
0.0586876744835832,0.9262462914488122,2.6080370754224038e-05,1.5914617360655638e-07,0.015004289394464876,3.247730940422099e-05,3.0278468077835327e-06,1
0.030546005985164718,0.9573676708094818,2.3218912840882236e-05,1.457225926198756e-07,0.012016677618482288,4.307995840558518e-05,3.200993032089024e-06,1
0.04065033848390731,0.9591747157491313,2.053345413704379e-05,1.2152697113596218e-07,0.0001222040547925102,2.9774637052940747e-05,2.3120940077184807e-06,1
0.006441859618940358,0.9932905809289587,1.9011699113608728e-05,1.0859818809336271e-07,0.00020290492686116888,4.3428297882591123e-05,2.1059300554336435e-06,1
0.01066095996497305,0.9890198870972163,2.7556117747903026e-05,1.1591717313456157e-07,0.00024296497212938033,4.633118939597234e-05,2.1847413640684506e-06,1
0.01074530229864563,0.9889449008089314,2.9161048166463525e-05,1.1590838443508723e-07,0.00024294655081987895,3.5388809332606074e-05,2.184575719628039e-06,1
0.01541562195055287,0.977958885658608,3.065675777258854e-05,2.2695760464046356e-07,0.006537536370301042,5.367572384703144e-05,3.396581313604629e-06,1
0.01854689178161882,0.9741966566188582,3.2719988398720024e-05,2.569777279895908e-07,0.007142890396123226,7.698604068145708e-05,3.598196591591443e-06,1
0.921599585276129,0.07801422451857273,1.6476661210128214e-05,1.7620306085601468e-07,8.369602164519447e-06,7.968992739086581e-06,0.00035319874612353095,0
0.9646322602743099,0.03531428596180301,4.389961777420584e-06,6.03143083563488e-08,2.6716778598478275e-06,2.0750037842732645e-06,4.4256806157239865e-05,0
0.8304694896585954,0.1692913399292828,1.4291691534398056e-05,1.8554633957775895e-07,8.357997435893325e-06,6.383383433781433e-06,0.00020995179337824572,0
0.9032324476575897,0.09669772149999077,9.796676675658102e-06,2.061045493993992e-07,8.838389578623498e-06,6.948844936074612e-06,4.404082667979614e-05,0
0.9065702986695339,0.09340198621453565,6.042052506038903e-06,1.3673173834432208e-07,5.148480807470773e-06,4.114308301072226e-06,1.2273542577455669e-05,0
0.9176834437859288,0.0822894669545987,6.116118694175698e-06,1.3840785728674433e-07,4.9757650107903705e-06,4.164743336579684e-06,1.1694224573660815e-05,0
0.9106946901816704,0.08928565868114213,6.113196374321424e-06,1.3834172514484826e-07,4.9091143149837654e-06,4.1627533961045214e-06,4.32773137695886e-06,0
0.8993918748654625,0.10058856233379385,5.99421020015435e-06,1.356490662484643e-07,5.107713999604476e-06,4.08173029946656e-06,4.2434971780494056e-06,0
0.8495736449723651,0.15039663987584162,8.023225557106475e-06,1.5110570011637732e-07,6.943658681465319e-06,5.690924803307192e-06,8.906237051354041e-06,0
0.5478121538476991,0.4521637799596322,8.03349163178776e-06,1.500980610826284e-07,5.689057807540453e-06,5.060578015905167e-06,5.132967152464558e-06,0
0.4971111620216351,0.502858233048647,9.966704457172125e-06,1.8621828253180278e-07,7.677320864278043e-06,6.406500405698263e-06,6.368185708261183e-06,0
0.40713119509502377,0.5928354860281096,1.0793256072075247e-05,2.0166160412446685e-07,8.273578129189312e-06,6.937799721230476e-06,7.112581340117793e-06,0
0.3259963825303497,0.6739679019232131,1.1034744635181469e-05,2.1818449248628201e-07,9.371960428198379e-06,7.395315188946313e-06,7.695341692329223e-06,1
0.28364581026270896,0.7163197633526797,1.0111110955456864e-05,1.999219452034526e-07,1.0287817756559086e-05,6.77631018189683e-06,7.051223772158854e-06,1
0.20714969807475755,0.7925719785038629,9.485039913972382e-06,1.8647141223744204e-07,0.00025420075164963283,6.320407337430399e-06,8.130751066313879e-06,0
0.2476163418244334,0.7520281154733968,1.0195523656052587e-05,2.0159099535801208e-07,0.0003295226919134196,6.83288226829249e-06,8.7900133366251e-06,0
0.3546004396113132,0.6450918204547165,1.0876433985470933e-05,2.150542951048092e-07,0.0002816649548650162,7.398550830264582e-06,7.5849399944799475e-06,0
0.6150097279697855,0.3846135449384062,1.1844765269177257e-05,2.3420062577932734e-07,0.00034905034071906657,8.057245420109637e-06,7.540539774204555e-06,0
0.5193183568667973,0.4802289750926181,1.3892488105961875e-05,2.5956777250719677e-07,0.00042114944101344083,8.9299558414172e-06,8.436587851341901e-06,0
0.4927772917750645,0.5067456888966172,1.4639834825569959e-05,2.7353122684450745e-07,0.0004438051849525771,9.410343022851185e-06,8.890434290316357e-06,0
0.42973615293219625,0.5697089777069168,1.6005345656090024e-05,2.990444827788738e-07,0.0005188527614791668,1.0288080064950082e-05,9.424129203968777e-06,0
0.33586062008056,0.6635667954025626,1.1794470974021678e-05,2.2081051144298429e-07,0.00054432351708421,7.444658590719586e-06,8.801059717066818e-06,0
0.08561431953331008,0.9113424894962376,5.908231160098491e-06,1.2271234437319708e-07,0.003024071382713848,4.319388002422e-06,8.769256231522038e-06,1
0.05996303640516999,0.9384830221734648,4.985598244788787e-06,1.0354951120611363e-07,0.0015378075598951242,3.644869785879853e-06,7.399843928119187e-06,1
0.07886097482648381,0.9211098146611693,5.073353925476011e-06,1.0338020418950655e-07,1.2794657268068242e-05,3.709026184645141e-06,7.530094764429573e-06,1
0.07104613133626837,0.9289284714979846,6.204657886638327e-06,1.158912080885911e-07,1.1075681003000819e-05,4.063849168029156e-06,3.937086481340545e-06,1
0.089458927692138,0.910512037466289,9.976873616011303e-06,1.2399704418089068e-07,1.0373421863874063e-05,4.348088980549629e-06,4.212460068563479e-06,1
0.16598939673292248,0.8339697105270037,1.0962880632706244e-05,1.5641971709359124e-07,1.9084178659491832e-05,5.375329458149868e-06,5.3139316065591745e-06,1
0.25173182478721506,0.7482198245014905,9.339652631995192e-06,1.7022542055651694e-07,2.7208131214359918e-05,5.849759446220641e-06,5.782942581297923e-06,1
0.2958606461622825,0.7040466493463606,9.994090072266317e-06,1.8215326122549954e-07,7.00804326249159e-05,6.259657088995032e-06,6.1881583092549296e-06,1
0.22682712522548668,0.7687888693001977,1.1340121732735283e-05,2.0787387118638175e-07,0.00435432302925236,7.143540239874209e-06,1.0990909219222398e-05,1
0.17284378377462475,0.8255095695957124,8.437684409965727e-06,1.3367404241502344e-07,0.0016311394896086897,5.984903097809684e-06,9.508785038491735e-07,1
0.0420480612320344,0.9571294355446379,8.522725560932584e-06,1.0216052348565108e-07,0.0007905888269558762,8.811146507545673e-06,1.447836377972729e-05,1
0.037212770780058836,0.9618927932174622,8.668664332484276e-06,1.0390986777604018e-07,0.000861451637323281,9.485507116571115e-06,1.4726283838748963e-05,1
0.0329121914063931,0.9662328366636387,8.569995364239196e-06,1.0272713892062418e-07,0.000826099885860986,1.0806868653421772e-05,9.392452950547452e-06,1
0.02856460077109302,0.9713370987066858,1.1883405663414315e-05,8.913106101979326e-08,7.207248891603625e-05,1.122754687146212e-05,3.0279497091730794e-06,1
0.025408334448325832,0.9745032115606829,1.0567491794525008e-05,8.181964640440332e-08,6.608171594703939e-05,8.943396394454101e-06,2.779567209234057e-06,1
0.02567215747298373,0.9742479923316376,5.907184121116353e-06,8.055901445178105e-08,6.124778025479657e-05,9.877930816294697e-06,2.7367411718163178e-06,1
0.030263025824380636,0.9696565170614962,5.863621276635732e-06,8.007131967796337e-08,6.0849370408186334e-05,1.0239407418868368e-05,3.4246436996149167e-06,1
0.031750520503372306,0.9680750446523845,1.693173753802856e-05,8.917526453096899e-08,0.00014179984014651861,1.316348490384997e-05,2.4506063903502405e-06,1
0.027397248800086423,0.9724076809319916,1.6203425072811284e-05,9.857772422150895e-08,0.0001580247550187541,1.4240883263396221e-05,6.5026268425106075e-06,1
0.05046605567052078,0.9442387113760761,1.7398621463763794e-05,1.3260854308601617e-07,0.005246014495913086,1.8128186587872448e-05,1.3559040895146475e-05,1
0.0676389628097554,0.8947388265928606,2.5344780046854136e-05,2.204185449049132e-07,0.03755126912485285,3.7306263306386485e-05,8.070010632991989e-06,1
0.041097699516029415,0.9415776722769968,3.7647779370257507e-05,1.7287222033393085e-07,0.0172325282339656,3.524172531365081e-05,1.9037596103852732e-05,1
0.02313829449952289,0.9726366110613799,3.2646822377834476e-05,1.1751598019731343e-07,0.004111179915079474,6.285902897244756e-05,1.8291156687160105e-05,1
0.05937799389313958,0.5043793100641302,1.3033588623070294e-05,1.1716800222233229e-07,0.4361915712223752,3.4554800342862115e-05,3.4192633869106498e-06,4
0.11570872670291504,0.7982817478712795,1.9844310090391954e-05,1.8336954716673934e-07,0.0859416422141089,4.315220274749106e-05,4.703329311364607e-06,4
0.06294951735207582,0.9331845907410619,2.869077062300853e-05,1.7891778172685127e-07,0.003787560032740519,4.561628169834459e-05,3.845904018781772e-06,1
0.05204092309497213,0.9438460197996169,2.4233460492152487e-05,1.5112166388950613e-07,0.00404445491677988,4.043149423674547e-05,3.7861122379276005e-06,1
0.04498258700630138,0.9515501809054703,2.5956606261967e-05,1.600220779274243e-07,0.0033979074763844214,3.973560930101847e-05,3.4723742029862625e-06,1
0.07398811502644166,0.9069162149719651,2.1003224819275394e-05,2.0388017367822478e-07,0.0190272589777185,4.082797873918536e-05,6.375940142677881e-06,1
0.04279635795663022,0.9382838412834421,2.5079634198706302e-05,1.5584056614119543e-07,0.018856041054899745,3.555927452436896e-05,2.96495573861763e-06,1
0.03367510664818104,0.9522693016799827,2.780359650453123e-05,1.5610215325529613e-07,0.013981368308969771,4.325667017990727e-05,3.0069940286839195e-06,1
0.03686563462086619,0.9629675919131526,1.730904700848224e-05,1.1881404746106716e-07,0.0001144534805367495,3.263164472208079e-05,2.2604796663628917e-06,1
0.010692193255439256,0.9840936194702399,2.0153548426954686e-05,1.4368752292440128e-07,0.005159321768262487,3.2355759058327875e-05,2.2125110498076922e-06,1
0.016950737111450096,0.9828744495711349,1.846478675977199e-05,1.377142599031811e-07,0.00012624149548036805,2.7521043862424343e-05,2.448277052457611e-06,1
0.011466031247200187,0.9883880039982936,1.6833083561664918e-05,9.429613113207806e-08,9.848966252225616e-05,2.8614587890821616e-05,1.9331244002387063e-06,1
0.006454880195794915,0.9932624276695793,1.9001438098928933e-05,1.0859511004851236e-07,0.0002180491640747972,4.342706697578684e-05,2.1058703661581947e-06,1
0.011282030727016914,0.9884117615175251,2.857580287994676e-05,1.1336302018083739e-07,0.0002376114107507278,3.7770576674311635e-05,2.136602132777146e-06,1
0.019096571213866893,0.9724138280757023,3.453882260231094e-05,1.9620088240031486e-07,0.008394833868808167,5.633389321887037e-05,3.6979249189346536e-06,1
0.02100460398375081,0.9726586262357605,2.9324844897006635e-05,1.85854386024329e-07,0.006242416167933324,6.13399954619687e-05,3.502917810381691e-06,1
0.023382926330373328,0.97027325032808,3.6249709781364066e-05,2.0591973061013046e-07,0.006238488231609332,6.494994626085513e-05,3.929534164647778e-06,1
0.020310208655667114,0.9757162605161066,3.217238379122985e-05,1.8771451459466056e-07,0.0038784249850700434,5.9207767993777233e-05,3.5379768565414156e-06,1
0.010901721661641793,0.9789530158786242,3.787854489837013e-05,1.2300862482094428e-07,0.010050144250786932,5.403546054377541e-05,3.0811948800476103e-06,1
0.012076756734856406,0.9763970650448326,4.2263070848058165e-05,1.3618280622179648e-07,0.011428554188029164,4.987425627708711e-05,5.350522350755748e-06,1
0.012142411350632815,0.9716877614819407,3.914628440642717e-05,2.2188043704113353e-07,0.016079587771831553,4.5975656492797874e-05,4.895574258604112e-06,1
0.9372213388371073,0.062335295066916416,1.6237037174753565e-05,1.7364049748536472e-07,8.575468534620317e-06,7.737047653309422e-06,0.00041064290211618315,0
0.905598092849363,0.09416721491439928,1.3400169215548287e-05,1.841068280482205e-07,8.252822759573038e-06,8.27009931676811e-06,0.0002045850381180353,0
0.9338463113690672,0.06584628941632721,1.0226579317864174e-05,1.4408391114861035e-07,7.054754570123623e-06,5.071652084688557e-06,0.00028490214472178357,0
0.9259608111037372,0.07354887650601401,9.196493424456355e-06,1.2957086629480027e-07,6.344154970955169e-06,4.36850065046671e-06,0.00047027367033679866,0
0.8918833191052787,0.10676790346498778,1.214068742411056e-05,2.2554100902520032e-07,9.704145818906573e-06,7.604148006480105e-06,0.0013191029074750432,0
0.8938713509219182,0.10610920635504069,5.9574173606175906e-06,1.348164437408882e-07,5.0763625295505444e-06,4.056676381948497e-06,4.217450325247573e-06,0
0.296262085370004,0.7037004681111371,1.106705737539088e-05,2.1882339615433375e-07,1.1260470771311003e-05,7.416970687679403e-06,7.48319662858676e-06,1
0.17843692435017877,0.8213566686539993,1.0920894840035413e-05,2.0631005164077796e-07,0.00017428631225074526,6.992833638840171e-06,1.400064504077741e-05,0
0.500969992258002,0.49850085060196325,1.4802905303390023e-05,2.7657804181145883e-07,0.0004957633244475716,9.32486900881864e-06,8.989463233267107e-06,0
0.18094076441694515,0.814261243925123,9.52192397326012e-06,1.9776775519436827e-07,0.004767177822807382,6.961285544790458e-06,1.4132857851350288e-05,1
0.0521039851332704,0.9468763313139126,5.558706633521439e-06,8.237198605352009e-08,0.0010052565796420001,2.8994360955847474e-06,5.8864584600525524e-06,1
0.06393712803279367,0.9352316778802534,6.889757255819866e-06,1.1138309441391393e-07,0.0008126500752283359,3.831775948215776e-06,7.711095426077004e-06,1
0.0641100971153831,0.935729892764548,7.088831084698509e-06,1.1243497741340458e-07,0.00014058549472389042,4.03372454225881e-06,8.189634740872483e-06,1
0.0776896034116117,0.922285181052071,6.160284885139087e-06,1.1506240481785187e-07,1.0996472573022814e-05,4.034786294858667e-06,3.9089301595044325e-06,1
0.08320735590403153,0.9167629493065154,8.9948348329766e-06,1.307707053539947e-07,1.1540992599652201e-05,4.585614654643797e-06,4.442576660440085e-06,1
0.07584829445864334,0.9241236516849226,9.639790159664799e-06,1.1980762033551222e-07,1.0022940437467761e-05,4.201182352433818e-06,4.0701358641800325e-06,1
0.07292866534611782,0.9270404760424363,1.12349579555622e-05,1.3963307861799387e-07,9.916342535578316e-06,4.82402634957226e-06,4.743651526650932e-06,1
0.238013391970313,0.7616871808993068,1.1109316065687892e-05,2.036430111804968e-07,0.0002703488125650022,6.998147658647805e-06,1.0767211079679758e-05,1
0.19937902058842152,0.795931234397051,8.75613818441894e-06,1.8073108697070727e-07,0.004665259217843217,6.210784380947407e-06,9.338143031959131e-06,1
0.23405535330290073,0.7647905168815801,8.021913233152636e-06,1.655763154574503e-07,0.0011231932512284096,5.6899939635986845e-06,1.705908077870695e-05,1
0.23605657564039617,0.761586042875611,1.1994736188441753e-05,2.1870798873888932e-07,0.0023209528674720255,1.8053233642230432e-05,6.161938701307946e-06,1
0.07178582087272538,0.9273396152383095,8.721069239303334e-06,1.0561004926066423e-07,0.0008405232350516988,1.024673816365493e-05,1.4967236461015027e-05,1
0.026000382738729635,0.9725800094703365,1.3993574717278425e-05,1.0495712875341343e-07,0.001390322324193904,1.1621303820148675e-05,3.5656310737523683e-06,1
0.023679982677108902,0.9762250528619751,1.0641701971138725e-05,8.234251720887928e-08,6.73089967634967e-05,1.2904354247437518e-05,4.027065416433202e-06,1
0.022980123242431216,0.9768230721797961,2.698128707165507e-05,9.136523780920285e-08,0.00015496756034321228,1.2253576541988312e-05,2.5107885780741963e-06,1
0.025171575143815197,0.964225746167402,1.6510456064281188e-05,1.201468023301065e-07,0.010558265878681763,1.5497362168718075e-05,1.2284845065813733e-05,1
0.06446180735535188,0.9201180753321753,1.9861659570894986e-05,1.6798497801554017e-07,0.015346980336878924,3.412377018782124e-05,1.8983560857379004e-05,1
0.05307510384116641,0.9287240700968382,2.0047428487805933e-05,1.69556165323019e-07,0.018129409204005846,3.44429346466663e-05,1.675693868993619e-05,1
0.06438504994240818,0.8284557341748039,2.3835541006659035e-05,2.2102770380874054e-07,0.10709428629979477,3.580525665757446e-05,5.067757625055496e-06,1
0.08731790266009966,0.8472229373909798,1.9967093969300644e-05,2.025839971308986e-07,0.06539338689097637,3.5434345413420895e-05,1.0169034564273454e-05,4
0.07699740989253855,0.879430946319406,2.117991222246004e-05,1.9520283240438806e-07,0.04350089003013155,3.0087089014520823e-05,1.929155385456307e-05,1
0.051991266643487355,0.9203243205304606,2.840793330239334e-05,2.0182406634265786e-07,0.027602130766287154,3.372638359457933e-05,1.994591880168215e-05,1
0.04381033876082486,0.933821453209644,3.387976989386701e-05,1.8030585580209002e-07,0.022280961431016953,4.311407868611931e-05,1.0072444078397335e-05,1
0.043810415580735174,0.933823090633191,3.179308771515724e-05,1.803061719621578e-07,0.022281000499910445,4.3114154285161714e-05,1.0405737991201957e-05,1
0.04246851117772116,0.9405491246058476,3.145881814768338e-05,1.726833805548387e-07,0.01687855697208531,3.558780839389521e-05,3.6587934423722224e-05,1
0.024100220800585888,0.9642141885072361,3.283509077591198e-05,1.6964739294423017e-07,0.011578315364330839,3.8325916437415555e-05,3.594467324102315e-05,1
0.03199668983452718,0.9641002604535529,3.3986898381880914e-05,1.452962765067821e-07,0.0037869017623621895,6.388513065016507e-05,1.8130624249116355e-05,1
0.07538898483781792,0.9167723933665893,2.3724980955672047e-05,1.4715124259559995e-07,0.0077597533138211725,5.0001345798177274e-05,4.995003775306536e-06,1
0.1623355959858395,0.8333624212881531,2.6445737219869517e-05,1.943253249299837e-07,0.004187687316115662,8.144590265090705e-05,6.2094446959359005e-06,1
0.07643037297508282,0.9199439462610748,2.3345608506939292e-05,1.679399952163583e-07,0.003555168232250952,4.281742181391209e-05,4.181561275384409e-06,1
0.05517292671874377,0.9413973687050328,2.514667825795024e-05,1.5831468073732035e-07,0.0033616526186013396,3.931163988038392e-05,3.4353248030912236e-06,1
0.08050687988928201,0.9135945964197231,2.6808019399180208e-05,2.234087717022395e-07,0.005815545826306036,4.980824124298506e-05,6.138195275134552e-06,1
0.17063193005044455,0.7363197091183588,3.428440988431859e-05,3.31675313807866e-07,0.09290403949752638,0.00010138638524925223,8.318863223104268e-06,1
0.07290848160652338,0.9149767051163376,2.5838610146887854e-05,1.8123073139554093e-07,0.012041210836586963,4.194863516043678e-05,5.63396451311366e-06,1
0.06622682965100178,0.917612598554307,2.4430009903392283e-05,1.7093107701164263e-07,0.016092497565545292,3.9564622025899636e-05,3.908666139470924e-06,1
0.04448435555958921,0.9378391905197486,2.5908764914718398e-05,1.609926428885925e-07,0.017610586324847074,3.673486131776731e-05,3.062976940004651e-06,1
0.022864765681599786,0.9587532926527018,2.473459355167717e-05,1.5093404754705316e-07,0.0183123599688675,4.1824562810377585e-05,2.8716064212829146e-06,1
0.03125852016532781,0.9512574118312402,2.5204589655603968e-05,1.4975399044478946e-07,0.01741436694140937,4.1497563215550755e-05,2.849155161229847e-06,1
0.056669048278653,0.9431620276382993,2.0937080118696724e-05,1.1738424931224058e-07,0.00011291382211692451,3.272251931655675e-05,2.2332772461820216e-06,1
0.017072773154509387,0.974080664218166,2.4066637185697254e-05,1.377869654985841e-07,0.008781026601074472,3.8710126419238644e-05,2.6214756797764457e-06,1
0.012565485957366365,0.9737546003499561,2.2197101302704667e-05,1.8137484658319623e-07,0.013614314511618103,4.050192624994787e-05,2.7187786603565253e-06,1
0.016014422684359493,0.9751397750486073,2.4857752357155684e-05,1.787758406849703e-07,0.008761839429071298,5.545945957211173e-05,3.466850192005819e-06,1
0.017752601108390016,0.9740195842295125,2.9768317727527604e-05,1.7932816816745977e-07,0.008146115704083,4.8371398156850285e-05,3.3799139617543804e-06,1
0.04866706497129906,0.9395481968930476,3.924926007688884e-05,2.974742718094455e-07,0.011608024496665426,0.00013210601605392094,5.060888585179935e-06,1
0.9505239613987752,0.049107702531453946,1.4177548507501722e-05,1.5161611995279878e-07,7.118877481655632e-06,6.857019129875636e-06,0.00034003100853187705,0
0.9633338980392345,0.03659073973045108,4.8136261177097574e-06,6.24944013161255e-08,2.612438691732851e-06,2.1500059067360977e-06,6.572366519690518e-05,0
0.9102981598177552,0.08938185632163524,9.96870279503942e-06,1.404506475863663e-07,6.876859741229313e-06,4.9437637689648636e-06,0.000298054083656571,0
0.9041333206775641,0.09583945485759802,6.025810688934205e-06,1.2677227573456061e-07,5.102334591278799e-06,4.274145761652576e-06,1.169540152027921e-05,0
0.7957133679004503,0.20425707145015684,9.780784675958781e-06,1.391768292160518e-07,7.183179881264371e-06,6.161259160787139e-06,6.296248845421686e-06,0
0.85806032533331,0.14192208693938774,5.936782743647164e-06,8.447815030999957e-08,4.004954626486506e-06,3.7397875811342767e-06,3.821724200419906e-06,0
0.6269128752264594,0.3730446803906413,1.3874465289817283e-05,2.5923103352960853e-07,1.0249267200364544e-05,8.918370951001485e-06,9.143048424449392e-06,0
0.4773769618633973,0.5225837256117637,1.2131122844001928e-05,2.398626310362076e-07,1.0351521336765334e-05,8.13009090769464e-06,8.459927119525977e-06,1
0.2865017920834979,0.7134640679563499,1.0104030915707377e-05,1.9978195511481934e-07,1.023255365129295e-05,6.771565248758026e-06,6.832028381066141e-06,1
0.2280743023063839,0.7714019412254568,1.0284530340614554e-05,2.0335088006228736e-07,0.0004991005088532441,6.9959161791520294e-06,7.172161906115059e-06,0
0.14493017819857154,0.8499066984560472,8.656436616160373e-06,1.7979181963308903e-07,0.005141045624927535,6.185409669557556e-06,7.05608234828982e-06,1
0.04704226405679901,0.9519288755950529,5.052883144700327e-06,7.487641413118602e-08,0.0010157461807003426,2.635597224751327e-06,5.350810664374931e-06,1
0.07796474911557368,0.9219826445183352,5.8898517799243525e-06,1.1001122877509585e-07,3.4735750735466027e-05,3.857661404217859e-06,8.0130909425298e-06,1
0.07785268052344793,0.9221186821257296,9.618875766020728e-06,1.1954768690420778e-07,1.0645554523369535e-05,4.1920675086421996e-06,4.0613053375566935e-06,1
0.08126114721073892,0.9187091953955464,1.0026059335581011e-05,1.246083462858673e-07,1.0968544896158888e-05,4.304953753144464e-06,4.233227383817271e-06,1
0.08496594950273016,0.9149983329927525,1.1942117519744789e-05,1.4842197372659446e-07,1.3484246098425945e-05,5.10048875188764e-06,5.042230173717403e-06,1
0.08152393275618074,0.9184339547138709,1.2026000468911983e-05,1.4946450850795275e-07,1.9723102300189896e-05,5.136315232241316e-06,5.077647438423751e-06,1
0.11773864218386171,0.8822211793720122,1.1473687011745192e-05,1.4260011002142657e-07,1.8817287033873208e-05,4.9004216755803875e-06,4.844448294765017e-06,1
0.10999814706169272,0.8899577136414488,1.1945879878639925e-05,1.514581255340046e-07,2.169175828940902e-05,5.204825446474689e-06,5.145375118302971e-06,1
0.3000599877336823,0.6980061747208529,1.1681592610449638e-05,2.432345943782956e-07,0.0018921143267169398,6.713269052953338e-06,2.3085122490081293e-05,1
0.2580603623123783,0.7402660001495942,1.0624990485823455e-05,1.8503021431863084e-07,0.0016351790009298936,1.945420525786184e-05,8.19431113990913e-06,1
0.26577835765256497,0.7314827838824804,1.1615483389732777e-05,2.5301752719238876e-07,0.002699188702265658,2.0672676749183824e-05,7.128585022915493e-06,1
0.27353084893565316,0.7235012556811571,9.780474085048436e-06,2.3762464476097452e-07,0.0029288254551811787,2.235692753613734e-05,6.6949017426396435e-06,1
0.10335946970166952,0.8951545512644005,6.902475253539073e-06,1.3907685158648578e-07,0.0014579775410170838,1.3431270913708153e-05,7.528669894018048e-06,1
0.11095781222946594,0.8879891905453579,6.7124609445467525e-06,1.2573486707812024e-07,0.001018682930778085,1.3061529108368341e-05,1.4414569478158636e-05,1
0.10056010339448328,0.8985091272730837,5.933304136954791e-06,1.1114004433800773e-07,0.0009004381101600529,1.1545396738076697e-05,1.2741381353833099e-05,1
0.0707347341913032,0.9283812483560115,8.824511876392197e-06,1.07004893721092e-07,0.0008516244435681253,1.1194175326230012e-05,1.2267317021040283e-05,1
0.07286504783397094,0.9262243108140479,9.090279158267033e-06,1.1022755352935182e-07,0.0008772727645988637,1.1531309616596997e-05,1.2636771053880423e-05,1
0.05627854119154008,0.9428692015151268,8.501185072279745e-06,1.0308427456437804e-07,0.0008204212434931658,1.141393336518176e-05,1.181784712820029e-05,1
0.041368653869622185,0.9569033169899879,9.222205391583738e-06,1.1182727403206245e-07,0.001700843995528241,1.2381995795243753e-05,5.4691164006572875e-06,1
0.03629183174401618,0.9618973154875194,1.0478443531104485e-05,1.113749678938636e-07,0.0017824840399018433,1.2331914518115105e-05,5.446995545615861e-06,1
0.028336201232123798,0.9695918607298787,1.4698827561980446e-05,1.139569792062465e-07,0.0020370109636703294,1.4541016276797398e-05,5.573273508997022e-06,1
0.038457941684417886,0.9606764488607544,1.3757495344823936e-05,1.0440068626892177e-07,0.0008287741538643629,1.525181448210254e-05,7.721590450014453e-06,1
0.027858503592715193,0.9720391712339994,8.222881032814851e-06,9.368288531148387e-08,7.621101818279132e-05,1.3215910658523677e-05,4.581680525900571e-06,1
0.042942904949193256,0.9516231947344742,2.49525753550076e-05,1.236464273592516e-07,0.005380454794110623,1.5972734815295334e-05,1.239656562413821e-05,1
0.03798478452540498,0.9500406435430749,2.0022047295495698e-05,1.5889422519197868e-07,0.011920520922563753,1.8958144432773376e-05,1.491192300265021e-05,1
0.13206168009656408,0.8277862181551804,3.1731174986090476e-05,3.179390291806411e-07,0.040035753527968246,7.572040274929943e-05,8.578703522843814e-06,1
0.044230926842085225,0.9297515765520498,2.9533722719459077e-05,1.887841785281176e-07,0.02593843722477181,4.050818807110768e-05,8.828686124277158e-06,1
0.029346820609171837,0.957725980916256,3.2235916360361465e-05,1.665516689759079e-07,0.012823848129950358,3.56591213972496e-05,3.5288755195042174e-05,1
0.029724526136671935,0.9594938839318867,3.102078992996235e-05,1.602735370705725e-07,0.010684060580806728,3.238973455310895e-05,3.3958552614354656e-05,1
0.036065337160756446,0.9587897831599519,2.8700196758783077e-05,1.421986464375666e-07,0.0050451832706697895,3.8028256958811646e-05,3.282575625787701e-05,1
0.03822444476794151,0.9543657591893218,3.8964844309207524e-05,3.600885460166534e-08,0.007284672393702685,8.057724281443057e-05,5.545553055922317e-06,1
0.007124817032330124,0.07565827161370485,2.609787472828903e-06,1.1126822100206648e-08,0.917210888950522,2.794140046173786e-06,6.073491018294401e-07,4
0.07105418809354548,0.9116486128967963,2.459771638023925e-05,1.4257680576183816e-07,0.017229879695533117,3.5803534832042954e-05,6.775486107074637e-06,4
0.0690253781021337,0.9276045869558469,2.4417445404485918e-05,1.5599515031192134e-07,0.0033023045050089134,3.977200394239117e-05,3.384992513219009e-06,1
0.0629653943710055,0.9336421335698392,2.4576372459070662e-05,1.5701048379001006e-07,0.0033237983803766696,4.003086998414081e-05,3.909425851774265e-06,1
0.16286053916422638,0.8180104621369748,2.7497515080816277e-05,2.2177603961859348e-07,0.01903210147365248,6.177777601941106e-05,7.400158006331038e-06,1
0.05779465578050728,0.9312787013717487,2.7731842754220416e-05,1.7232093740742235e-07,0.010851456141688158,4.384848233334687e-05,3.4340600309535994e-06,1
0.032214604368337584,0.9473246367629922,2.44781033767503e-05,1.5210275628710125e-07,0.020386353006633877,4.688181413094488e-05,2.893841772266166e-06,1
0.03903751022063493,0.9607464753967093,1.8655356852098842e-05,1.1557546751316698e-07,0.00016359473455705,3.144985125240919e-05,2.1988645267682425e-06,1
0.016793005595722332,0.9731666044462479,2.193757241869114e-05,1.4012801037755674e-07,0.00998010254159919,3.55437006066034e-05,2.6660153950774184e-06,1
0.015520166901770297,0.9792569382585463,2.248428986326291e-05,1.566602306443417e-07,0.005148679135270406,4.8363094244914855e-05,3.211660074212416e-06,1
0.016825731716559194,0.9749841513354803,2.5598446229783455e-05,1.7874730963654353e-07,0.008094003874313482,6.686958319407727e-05,3.4662969132723083e-06,1
0.028494291481241673,0.9644439442208953,3.2441127124446966e-05,1.842847349246761e-07,0.006974189873955745,5.147567846719565e-05,3.4733335809713627e-06,1
0.015162362087857225,0.9724072225581749,3.821781643514881e-05,2.1765684326300824e-07,0.012332658049122584,5.4519446763109286e-05,4.8023848037124335e-06,1
0.012613588043351935,0.980153920072066,2.9421334823919995e-05,2.2733678686359902e-07,0.007147166758132012,5.293864174303612e-05,2.737813096285074e-06,1
0.021626241138239955,0.9680150426943628,4.354397635283994e-05,3.045629657408811e-07,0.010228386388108203,8.239885876073546e-05,4.082381209755037e-06,1
0.047271373094328155,0.9438583076774655,3.739532269376968e-05,5.571856049671038e-07,0.008697997200241368,0.0001295476819709257,4.8218376955202106e-06,1
0.014415340349163079,0.9775867884693127,2.8186871369239395e-05,1.579908589127577e-07,0.007911022173622889,5.561289755165583e-05,2.8912481216976616e-06,1
0.017347175547896308,0.9688324690513894,3.243343766952738e-05,1.565760459668913e-07,0.013729785147729006,5.511488236296272e-05,2.8653569068486523e-06,1
0.9638907802055019,0.03553520858827367,1.8959488957075908e-05,1.7467403617339137e-07,8.461533356482534e-06,7.899840781484289e-06,0.0005385156690932347,0
0.9712659643015962,0.02832959481574787,9.917033974726283e-06,1.354730532045299e-07,6.82321574712714e-06,6.036388305505256e-06,0.0003815287715753765,0
0.9288990450430133,0.07075046668394727,1.5513057974911237e-05,1.6589819160303645e-07,7.880123402993879e-06,7.502942785951406e-06,0.0003194262506839135,0
0.974571826224326,0.02533605618466617,4.7944695451987245e-06,6.587189802917835e-08,2.753627388777035e-06,2.958973030281328e-06,8.154464914556181e-05,0
0.88743408244836,0.11225546422478809,9.815823001758808e-06,1.3829669973471437e-07,6.771396380822775e-06,4.662693397248233e-06,0.0002890651173721508,0
0.8309353134531681,0.16820858074928435,1.4950379762872844e-05,2.1401808815751915e-07,1.08854014849102e-05,7.215651049214938e-06,0.0008228403471625004,0
0.9037800607470066,0.09618807701504048,6.288227658669285e-06,1.4230268572067948e-07,5.4208945272423745e-06,4.281940156798835e-06,1.5728872924285098e-05,0
0.8295100231656207,0.17045968736788147,9.85867781606206e-06,1.64896885577257e-07,7.709173506932141e-06,6.210326780505161e-06,6.346391508785602e-06,0
0.7047932206185521,0.29516388828650514,1.4025558366119375e-05,2.0113814778962006e-07,1.0411515270670367e-05,9.224118228323494e-06,9.028764929887078e-06,0
0.6715988433220118,0.32836025429543664,1.2088039954595149e-05,2.46891842007337e-07,9.82321650235923e-06,8.69041876519872e-06,1.0053815487478282e-05,0
0.33503805259846936,0.6649224936012698,1.3503464435719091e-05,2.1976877771277484e-07,9.220500442336698e-06,7.560744006627012e-06,8.949322598383814e-06,0
0.2603728603154472,0.7395898612681998,1.1799672355836493e-05,2.2419225551104753e-07,9.634391252572676e-06,7.712925693215124e-06,7.907234795983316e-06,1
0.2640913549008891,0.735865364348408,1.2011587313785017e-05,2.3749911471963564e-07,9.944755955410395e-06,8.049980044103518e-06,1.3036928274865915e-05,1
0.25996128572986876,0.7400009762370968,1.1630297635344599e-05,2.2996006440799134e-07,9.972664990533527e-06,7.79444559871465e-06,8.110664745436895e-06,1
0.28781641388864354,0.7118578994726389,1.214096392752078e-05,2.2684222860010156e-07,0.0002975534460073324,7.68876724254927e-06,8.076619311411368e-06,0
0.4327474299541028,0.5666701235783856,1.694179644038924e-05,3.1654116460355437e-07,0.000544540376329827,1.0672231520965042e-05,9.97552205570866e-06,0
0.04802823433591733,0.9508060837207143,4.155872541510468e-06,7.911947896737942e-08,0.0011530709623472498,2.7219613843049247e-06,5.654027616483328e-06,1
0.11160314059228735,0.8880532326028681,6.231374899924782e-06,1.488337555690918e-07,0.0003245295091394257,4.175793790516025e-06,8.541293259100885e-06,1
0.11253616218079111,0.8874322372731087,1.1202287822077321e-05,1.392270395980529e-07,1.0647028716079155e-05,4.882145059745991e-06,4.729857462694973e-06,1
0.12460535458449334,0.875214937093585,8.924578401157164e-06,1.453709136491743e-07,0.0001568537751703677,4.995639737853631e-06,8.788957698606018e-06,1
0.18420575955078686,0.8133814468552717,1.0450259162386279e-05,1.878872742474049e-07,0.00238101762839442,6.4567051957348035e-06,1.4681113914650455e-05,1
0.19565749058987747,0.8008750131076864,9.492528102722141e-06,1.8734696484328707e-07,0.0034423554411818656,5.1707717993892595e-06,1.0290214387232974e-05,1
0.28547590136731615,0.7126110061921312,1.0337514007504064e-05,2.2850712025816774e-07,0.001875806548159321,2.0281849152275585e-05,6.438022113240084e-06,1
0.16378827450410646,0.8335234128320009,1.0795470202045616e-05,2.175161738285729e-07,0.0026471459098991175,2.0489278737745853e-05,9.664488879830897e-06,1
0.13220676951752336,0.8657506117092527,8.385107894050538e-06,1.6537291934483318e-07,0.002012568717748597,1.415186937705626e-05,7.347705285092537e-06,1
0.10160812163493804,0.897436407620277,6.214590373603005e-06,1.1394419611916438e-07,0.0009231568803878883,1.2922473280514849e-05,1.3062856546960483e-05,1
0.037297781424376536,0.9611246904722014,1.028697742764753e-05,1.072902803291619e-07,0.0015398876507479523,1.4946150488238389e-05,1.2300034477906115e-05,1
0.04253608295593194,0.956462274120655,1.0501883698850566e-05,1.0953169227392803e-07,0.000965006106090318,1.3468406206976008e-05,1.2556995724677324e-05,1
0.03406331374983052,0.9636803168681151,1.022866908904484e-05,1.1653342120628603e-07,0.002223885263745525,1.643963670360244e-05,5.699279095019966e-06,1
0.03013840109572082,0.9696647575991,2.389190024300892e-05,9.345404482148807e-08,0.00015432722938485893,1.2960215179706447e-05,5.5685063269090345e-06,1
0.031146795619510847,0.9640159837131836,1.6464331514714704e-05,1.2121118834904947e-07,0.00479282456272606,1.5658148880605884e-05,1.215241299599377e-05,1
0.048519893299220906,0.9392256764784938,2.5052699588546402e-05,1.8795494603368577e-07,0.012192282083885498,2.0509016477762785e-05,1.639846738750042e-05,1
0.09552308235699773,0.8793054460711367,2.9604206037357006e-05,2.3311437741752003e-07,0.025098725795431598,3.7460586055956955e-05,5.447869963099867e-06,1
0.09227965163441515,0.8801626068176638,3.30386052444639e-05,2.3334162097056092e-07,0.027482738230149246,3.6278190274373264e-05,5.453180632225617e-06,1
0.07896334996528101,0.9033210512036033,1.817267742550371e-05,1.9723432826260624e-07,0.017647336387901925,3.040020842967469e-05,1.949232303025284e-05,1
0.03621429201756641,0.9394614015013607,2.647743441676301e-05,1.8139483881904927e-07,0.024245770490383067,4.11021093895624e-05,1.0775052044624662e-05,1
0.030722587632079273,0.9508776014519245,2.9148998813922347e-05,1.7430768721627674e-07,0.01831924884093071,4.439213618464064e-05,6.846632379919776e-06,1
0.12049985801338732,0.8524259608869384,2.6460191450072874e-05,2.1827342865496733e-07,0.026983904953793863,5.168040663857745e-05,1.1917274362989782e-05,4
0.26118243826204085,0.7077870134825273,3.068708728325361e-05,3.265690981923422e-07,0.03089011196700636,8.9859063433757e-05,1.956356861017171e-05,1
0.11130516422990938,0.8851803795294894,2.6601501104352757e-05,1.6259356654722343e-07,0.0034419882042533564,4.217576785631091e-05,3.528173820528493e-06,1
0.17695874269805395,0.8136351918525712,2.6125400618861952e-05,2.3905814501825723e-07,0.00929930234138042,7.389697685403284e-05,6.501672376350156e-06,1
0.06226801983599701,0.9262962530730372,1.9308713369298206e-05,1.7459868057123443e-07,0.01137932546834593,3.29257776575242e-05,3.992532912541119e-06,1
0.02433132864800108,0.9754604171173986,2.0669075196596415e-05,1.1793482734636323e-07,0.00015205334675184718,3.3170125634969614e-05,2.2437521898227363e-06,1
0.040456634597666324,0.9593232069098562,2.0069279076702405e-05,1.2433513496050547e-07,0.0001637658672846432,3.383349065415318e-05,2.365520326919298e-06,1
0.01688234827965886,0.9738863543985751,2.3296193539372617e-05,1.4432520416467767e-07,0.009164783091366684,4.032784225275847e-05,2.7458694030122937e-06,1
0.022321332722497016,0.9668125109587172,2.3362925020679955e-05,1.447386208306929e-07,0.01080004921641097,3.984570384198311e-05,2.7537348910985693e-06,1
0.022182116814908347,0.9669482015217481,2.5460080589776995e-05,1.4475893466065495e-07,0.010801564985748172,3.975771669734256e-05,2.754121373310555e-06,1
0.013648095479837561,0.9821763249501322,2.5246470639351152e-05,8.639283536986418e-08,0.004109926349293583,3.610859911785518e-05,4.211758144279825e-06,1
0.009454539398728937,0.9882083380794371,2.476301559541676e-05,8.078700756039797e-08,0.002272775275187591,3.715366302619217e-05,2.349781017239178e-06,1
0.028520059215794907,0.9689326556510626,2.6103758927971595e-05,1.5456718130675778e-07,0.002457607737227633,6.025031891746191e-05,3.168750888114407e-06,1
0.020358258678828994,0.9756407300253377,2.6774346749800712e-05,1.5861902364384536e-07,0.003933353888928522,3.747262423350229e-05,3.2518168979594377e-06,1
0.010061266895286929,0.9796374265096525,3.12827776495872e-05,1.2434036762279595e-07,0.01023307523907669,3.44807146436307e-05,2.343523322814041e-06,1
0.014457376907114317,0.9745405436669361,3.472622512182366e-05,1.5959481555509988e-07,0.010910337756968319,5.381032602218922e-05,3.045523021840885e-06,1
0.02547179686229003,0.9623878607547176,4.640642580445845e-05,3.585795068561054e-07,0.012001443499923211,8.781551079458848e-05,4.318366963280423e-06,1
0.014010863011684018,0.9793389444104147,3.490657848824852e-05,1.4531730399726072e-07,0.006561114466479914,5.115179697924857e-05,2.8744186499289907e-06,1
0.9780302940317814,0.02186050316521684,5.450660385587447e-06,7.465970277196977e-08,2.7993284346682574e-06,3.1569549362181783e-06,9.77211995427615e-05,0
0.9752599595719413,0.02459773532809964,4.696888029740111e-06,6.097881270578202e-08,2.5490828991654135e-06,2.0978648445641907e-06,0.00013290028537306774,0
0.9040589365762107,0.09555655618002004,1.0145809955965548e-05,1.292461018561735e-07,6.328253588286199e-06,4.357551170062978e-06,0.0003635463829530496,0
0.8958245275505687,0.10353402038413376,8.444793152876621e-06,1.9110579502527982e-07,7.532477327292921e-06,5.9899453742686955e-06,0.0006192937436481639,0
0.8784955765660407,0.12145400146938463,8.34344235892922e-06,1.8881222504634396e-07,7.443484434800815e-06,5.681429302799096e-06,2.8764796252894648e-05,0
0.9121659094655318,0.08780372839979517,4.897164268643515e-06,1.126246856157592e-07,4.5394388657088835e-06,3.8850271424465385e-06,1.692787971071758e-05,0
0.8862034283435553,0.11375158933887247,8.073008794884324e-06,1.5083640125053375e-07,5.972221660006151e-06,5.085471262326949e-06,2.5700779453932097e-05,0
0.8929424656350073,0.10701517410658479,8.266328181891937e-06,1.544483879792817e-07,6.432570718978095e-06,5.207249921567462e-06,2.22996611975725e-05,0
0.8785484379637382,0.12142471186951967,7.473872111624607e-06,1.0119839018483225e-07,5.418926389373005e-06,4.733138440235554e-06,9.123031410298235e-06,0
0.8755795608389536,0.12439175690601607,8.02078380342927e-06,1.0860373268431267e-07,5.682751836173038e-06,5.079492875156735e-06,9.790622783079797e-06,0
0.48828074486202205,0.511668407451729,1.6460224931705726e-05,3.0754346434579594e-07,1.2808777802389412e-05,1.0424117806083909e-05,1.084702224440799e-05,1
0.19108297106463706,0.8088920307995218,7.066742990370184e-06,1.3972717845858457e-07,6.892054221732702e-06,4.807058755517831e-06,6.092552695415519e-06,1
0.26594418564642386,0.7337424813463376,1.1462982157199616e-05,2.0346980322085922e-07,0.00027794698167665457,6.8965640458876525e-06,1.682300955557026e-05,1
0.2582708748337115,0.7413892890532284,1.1889739215248503e-05,2.221483365869573e-07,0.0003121721217992297,7.642608390110569e-06,7.909495319053344e-06,1
0.1529896890048129,0.8415676737490789,9.92670145353396e-06,2.0617487268992852e-07,0.0054177924347990425,7.2572101531154095e-06,7.454724829694809e-06,1
0.06931340048657243,0.9286803607062252,4.3218557818152655e-06,8.545389508587951e-08,0.0019953005756844695,2.939885418837361e-06,3.591036422389581e-06,1
0.062354210443833595,0.9356245444506082,4.345453172955202e-06,9.951082229252737e-08,0.0020102203849203287,2.9618683371800227e-06,3.6178883057769735e-06,1
0.12244834835288512,0.876599299688729,6.6262652078896e-06,1.7132269699192096e-07,0.0009308015070007411,4.844130117458104e-06,9.908733362859044e-06,1
0.41986860168138573,0.5797881475982124,1.1947793268613535e-05,2.557917528106383e-07,0.0003085641555730003,8.734789398288764e-06,1.3748190409332152e-05,1
0.4489700059879443,0.550899913534956,1.1900493559901185e-05,2.2227858500908814e-07,9.743088990315321e-05,7.97480618797485e-06,1.255200886369143e-05,1
0.08366510677316254,0.916306744924503,6.359283735680879e-06,1.1877932485097627e-07,1.346991286205013e-05,4.165124071411111e-06,4.03520234059561e-06,1
0.08667849150353606,0.9132935453458656,7.301209806137795e-06,1.1658080959504776e-07,1.2496815395831232e-05,4.08803078244587e-06,3.960513804373601e-06,1
0.09908098385339975,0.9008917841924371,8.11184712801012e-06,1.295245213607871e-07,1.0048425662487806e-05,4.541915880012536e-06,4.400240971358562e-06,1
0.1004340092926531,0.8995388547078638,8.126046544384664e-06,1.2975124809521538e-07,9.922392003774164e-06,4.549866295460548e-06,4.4079433913764275e-06,1
0.18146057310076705,0.8185007676516808,1.0097727167991992e-05,1.6123371873587248e-07,1.7382050959410046e-05,5.540761574510577e-06,5.477474131480377e-06,1
0.2002409620512594,0.7957553043408445,9.275148344252547e-06,1.8305670227814736e-07,0.003976236635645918,5.788671968260575e-06,1.2250095235311939e-05,1
0.18225525564269174,0.815918977413342,8.847444961328507e-06,2.0046224439506268e-07,0.0018015572164694802,5.532753204874824e-06,9.629067086318272e-06,1
0.2199437782303471,0.7790064411475358,9.184341300908075e-06,2.0039713496844768e-07,0.0010024934507305474,1.481233854838628e-05,2.309009440216185e-05,1
0.21740871275398932,0.7806291445583998,8.864289656407379e-06,2.2750665743439698e-07,0.0019209390014464174,2.6926798517943922e-05,5.185091332649068e-06,1
0.16335115509694534,0.8340919028095704,8.943079417732497e-06,2.1208387159747035e-07,0.002518071288471422,2.029251615765407e-05,9.42312556610441e-06,1
0.07094742682315053,0.9281918865347336,6.1118159887138155e-06,1.0673339723258653e-07,0.0008287410752233144,1.3490825542936808e-05,1.2236191963309028e-05,1
0.051449544940566715,0.9476190270789967,6.526380291393324e-06,1.139731204961879e-07,0.0008949490317732001,1.6772422739259e-05,1.3066172512149033e-05,1
0.046921178912038654,0.951943625533186,6.7296160419288106e-06,1.1752231800701347e-07,0.0010976579336275517,1.7217421118443907e-05,1.3473061669471772e-05,1
0.034520758859454125,0.9632230710819114,1.0129638195452013e-05,1.1647812857981459e-07,0.002222830077551464,1.6153378769110863e-05,6.9404859895844195e-06,1
0.03482775285241522,0.9638744174396628,8.885162554466605e-06,1.1655689289421472e-07,0.0012640430095777957,1.6164301933996044e-05,8.620676963147905e-06,1
0.051049006882686675,0.9456008405081286,2.6306810846113104e-05,1.1972752167885536e-07,0.003293396188952866,1.6604009957459444e-05,1.3725871906440532e-05,1
0.024141954601318363,0.9718981954381043,2.142285650674909e-05,1.2155450326079578e-07,0.003908993693356094,1.7125023087298728e-05,1.2186833123805814e-05,1
0.11621259762964889,0.8662424689491619,2.646446034123163e-05,2.8712895174033995e-07,0.01744510262140598,6.40439473779451e-05,9.035263112050855e-06,1
0.03536032922414201,0.9492844597836438,2.313944869645076e-05,1.4237096624796922e-07,0.01529915765609922,2.490507865169631e-05,7.866437800200082e-06,1
0.025598718067470157,0.9535454195112575,2.520330164879019e-05,1.6580476080208228e-07,0.020785708243737627,3.68503158846627e-05,7.934755240299436e-06,1
0.03328293272947236,0.955908009327649,3.2290713980597386e-05,1.305128862596935e-07,0.010712100767684585,3.440778395863685e-05,3.0128164368665268e-05,1
0.032105118776001675,0.9603827979178449,2.8762011046784855e-05,1.3568467782283727e-07,0.007412418633244495,5.4487155845518445e-05,1.627982133905833e-05,1
0.04077847488469136,0.9478423791496843,2.881849324964435e-05,1.1335521697321804e-07,0.011284869474418908,4.927739890278308e-05,1.6067243836103002e-05,1
0.07576669107629755,0.9134729304976366,2.989477696991173e-05,1.428280156993657e-07,0.010683653754718393,3.762339088979786e-05,9.063675472335146e-06,1
0.18292275156494228,0.7747944042783167,2.5777084962131264e-05,2.030457967198185e-07,0.04219980280058126,5.0988358285297935e-05,6.072867115841368e-06,1
0.140239645255476,0.8280081140715564,2.3712008918274e-05,1.9358499393884602e-07,0.031651620563175734,7.002785816839576e-05,6.686657711329817e-06,1
0.11794448766889097,0.8782415917325828,2.5310209975595396e-05,1.6880133636273263e-07,0.003706395281527877,7.701303618298658e-05,5.033269503375381e-06,1
0.05676413496998159,0.9391942000705916,2.48758006917503e-05,1.7743585176477074e-07,0.003966462555645708,4.523845377115351e-05,4.910713466552955e-06,1
0.19670518031590142,0.7703328840528889,3.6011707550109605e-05,3.433283980063313e-07,0.03281311365800527,0.0001038825054361999,8.584431820092377e-06,1
0.21404369864512596,0.7593241874873707,3.402851141102509e-05,3.43437982712093e-07,0.026428051267156527,0.00015977616286634434,9.914488086840149e-06,1
0.2139680728871204,0.7741227441382839,3.71008603587723e-05,3.371659117972752e-07,0.011733546501935699,0.00012967477409623365,8.523672293287876e-06,1
0.09891154988702901,0.8917178880554573,2.3488760937225132e-05,1.950511415178912e-07,0.009283415935583267,5.77561219390073e-05,5.706187913060068e-06,1
0.04725822077490876,0.9425001007989913,2.014276748162861e-05,1.6979188449293068e-07,0.010179763984544586,3.817599752780546e-05,3.4258846612647146e-06,1
0.04623663397568944,0.9417052619472864,2.5399567826093967e-05,1.5783027140740282e-07,0.011983254123991547,4.610801930478896e-05,3.184535630266714e-06,1
0.02474792971983994,0.9547934711250228,2.574130351435637e-05,1.448528780686078e-07,0.02038757003131222,4.238705873211238e-05,2.7559087002781863e-06,1
0.024969570035671487,0.9536361740914145,2.4511100580423737e-05,1.4596551411165438e-07,0.021325767284604773,4.1054444978481515e-05,2.7770772361896567e-06,1
0.024654097058260726,0.9718015318547781,2.8434324548421177e-05,1.0111088354112287e-07,0.0034535174818260566,5.882164910676171e-05,3.4965205962266233e-06,1
0.00968456254429741,0.9792283478894531,3.092822209820375e-05,1.226939190157573e-07,0.011021766321960311,3.195983663040832e-05,2.3124916411150202e-06,1
0.011599525976053135,0.9774408565720798,3.154376307472528e-05,1.3502301877027876e-07,0.01088002954217048,4.555469426954683e-05,2.3544293333389596e-06,1
0.015633061734678207,0.971803132740671,3.288732892409302e-05,1.634065486703193e-07,0.012479297335840838,4.5577039750776775e-05,5.880413586514374e-06,1
0.011305926628412661,0.9764722902638303,3.82186029451049e-05,1.6170130823695258e-07,0.012133498902494235,4.510141737426486e-05,4.802483635195061e-06,1
0.9657140589163397,0.03394095833983708,9.818683612806153e-06,1.3412952409622526e-07,6.132405332845057e-06,5.976523533835632e-06,0.00032292100182013117,0
0.9759617397666902,0.023939156827647,4.3368981693087956e-06,5.9585259907996284e-08,2.490828540835103e-06,2.6765765424273414e-06,8.953951715025694e-05,0
0.911419196097599,0.08818993572269436,1.2891502320614594e-05,1.6736794671862956e-07,7.50248111135096e-06,7.518186894426798e-06,0.0003627886414334466,0
0.8970580790639482,0.10255238205527481,1.3031557491058545e-05,1.691862566193343e-07,7.5839891656234655e-06,7.599865578628301e-06,0.0003611542822848711,0
0.8885987216773313,0.11072745184823017,1.5884713928708183e-05,2.0622824930259618e-07,9.795791249951754e-06,6.953015496348163e-06,0.0006409867255145189,0
0.8482599434358113,0.15127052541691555,1.800126126495702e-05,1.9934859331740728e-07,9.959676631395738e-06,6.721066891652517e-06,0.0004346497938917139,0
0.841057038602793,0.1583589357666329,1.3388874139898283e-05,1.6695228441066349e-07,7.930192552766077e-06,5.628820613003457e-06,0.0005569107909839024,0
0.8905021120078394,0.10888035519004058,1.2117056563003436e-05,1.8997036679969937e-07,9.139985636971766e-06,5.716278214159012e-06,0.0005903695113389001,0
0.9415911191909673,0.058383018912583864,4.547279637891449e-06,1.0290500603978599e-07,3.930198093974729e-06,3.0964494834783887e-06,1.4185064227340569e-05,0
0.8678714832581437,0.1320824127678039,8.546941607741427e-06,1.5969137982694844e-07,6.683437377408401e-06,5.38401815621685e-06,2.5329885531270864e-05,0
0.8406288552499576,0.15934392587645219,9.008846090315047e-06,1.6832162062602256e-07,6.610551937154185e-06,5.674987983173643e-06,5.756165959048277e-06,0
0.8408691709651581,0.15910010052900936,9.11827616957331e-06,1.3076364818477112e-07,6.569485782352375e-06,5.774525279843183e-06,9.135454952728656e-06,0
0.2611594598875586,0.7388085535179933,1.0113999407342494e-05,2.457301984758306e-07,8.394980677329629e-06,6.6110755907107e-06,6.62080857442998e-06,1
0.1621749079926762,0.837794054799902,9.875374457744759e-06,1.8763084320751326e-07,8.102613495740039e-06,6.455096979670354e-06,6.4164916457062615e-06,1
0.2009961307430222,0.7989687961116216,1.1195257546209044e-05,2.1270845194868563e-07,9.181392069490164e-06,7.209706004253599e-06,7.274081284122275e-06,0
0.2480382092365253,0.7519218882124025,1.1766623311280203e-05,2.689159426029159e-07,9.71839337302451e-06,8.004090383426653e-06,1.0144528061763277e-05,0
0.18076105147137023,0.8192145887825754,6.797351497850706e-06,1.3440063507052202e-07,6.943886840971562e-06,4.6238087442265695e-06,5.860298336355322e-06,1
0.623025319392646,0.37642003849364114,1.2268357477875787e-05,1.8881332402486383e-07,0.000529552269718246,6.495778075710391e-06,6.136895117037236e-06,1
0.29182838697070995,0.7078795776179351,1.1352340393837605e-05,2.1210755670953865e-07,0.0002656217920350335,7.297173669718796e-06,7.5519976998487966e-06,1
0.08735675065698341,0.9094316669451628,6.236323960979187e-06,1.2330771788484687e-07,0.0031967891434466194,4.2421771585187155e-06,4.191445569801828e-06,1
0.05384499429985103,0.944375528176305,5.415731993296651e-06,8.58981822345482e-08,0.001765309869560608,3.0816887572354996e-06,5.584335350798371e-06,1
0.4163455402214939,0.5827540749932404,1.1868792607772732e-05,2.5410041809674155e-07,0.0008692761438378995,8.48078115942513e-06,1.050496724251391e-05,1
0.4457526955407176,0.5541152518197593,1.0971924190612205e-05,2.2357591838437514e-07,0.00010021051919861505,8.021351302650122e-06,1.2625268912675006e-05,1
0.09175754316382596,0.9082125026627675,8.392949728396933e-06,1.3401297869902418e-07,1.217517824206756e-05,4.699308437399509e-06,4.552724019899556e-06,1
0.1741977666512507,0.8217544360776422,9.461358493771567e-06,1.7359700623373873e-07,0.004026359945869796,5.904886764263737e-06,5.897482973182732e-06,1
0.24541668025687266,0.7470167901460957,9.092397226044713e-06,1.7944987942258624e-07,0.0075467665218908785,4.952812428524164e-06,5.538415606745163e-06,1
0.2352079203435589,0.7606116478138892,9.886180837751386e-06,2.2399755046721665e-07,0.004157226033289639,6.182327095915362e-06,6.91330377803628e-06,1
0.23451811943296608,0.7644615332285548,8.29370506601306e-06,1.8791580384513996e-07,0.0009849072520475872,5.306491090431268e-06,2.1651974471219764e-05,1
0.17503543906468755,0.8242306883786464,7.038677978251821e-06,1.594798488446988e-07,0.0007038972227963099,4.401640056815567e-06,1.8375535985813312e-05,1
0.14893951779538858,0.8496720744394091,7.551947723956539e-06,1.6715525658960613e-07,0.001359343934382926,1.4849696714020741e-05,6.495031124881958e-06,1
0.2358951856982376,0.7619868941986415,1.1238280268993247e-05,1.8543391658542455e-07,0.002073883747808332,2.834429832867221e-05,4.268342798163185e-06,1
0.21443214677561642,0.7832445823319337,9.197483336010885e-06,2.3664384514550737e-07,0.002277641841670674,3.08015871381961e-05,5.393336459802446e-06,1
0.12786714855866213,0.8707098054104391,6.996540285298067e-06,1.66453051889841e-07,0.001386429018853952,1.8269608709812804e-05,1.118440999784164e-05,1
0.1115291109189523,0.8870014349093096,6.736229115739225e-06,1.6026004979920311e-07,0.0014278875195871366,1.758987515341105e-05,1.708028783201166e-05,1
0.13234387108930123,0.8665393244468509,5.658960721339968e-06,1.3463100963930846e-07,0.0010808621402036104,1.57999506751453e-05,1.4348781237962392e-05,1
0.05555971391707978,0.9434418171013896,5.965753403869125e-06,1.0973673975445858e-07,0.000965817664138885,1.3995324351209617e-05,1.258050289673798e-05,1
0.030141224880937994,0.9683518569078862,6.349780867691947e-06,1.1453898318806341e-07,0.001471186194744489,1.6136652109736618e-05,1.3131044470712997e-05,1
0.10428994134046993,0.8828285866799639,3.037347433348341e-05,2.0740144626485833e-07,0.01279795338310158,3.519486064176882e-05,1.7742860042963188e-05,1
0.1646901967354169,0.8033302959402028,3.665930522375958e-05,2.7290613543306813e-07,0.031891240710543806,4.495660135478211e-05,6.3778011225305795e-06,1
0.037827592814406646,0.9537906767908507,2.5510018293755116e-05,1.5460335832990334e-07,0.008317843597929636,2.761905907668501e-05,1.060311608439844e-05,1
0.03530624658587599,0.947832555653323,1.7181662664402525e-05,1.4215321382212596e-07,0.016808608714964875,2.8818532430848997e-05,6.446697527013537e-06,1
0.03928714042245085,0.943066430541249,3.7985676503206715e-05,1.8954005620437397e-07,0.017561350930944703,3.716213988597125e-05,9.740748910270617e-06,1
0.030834186062383192,0.9470858351213471,3.5329704794302665e-05,1.6468155280093755e-07,0.021990014401731872,3.732052711133161e-05,1.7149501079096223e-05,1
0.07713628330653816,0.9125695024272064,2.021462035204394e-05,1.2798122856151462e-07,0.010227755929873286,3.763346822948399e-05,8.48226657232101e-06,1
0.17810321119113307,0.8024623805066547,2.374616030214628e-05,1.9588504627110954e-07,0.01935058773550231,5.4019824086409713e-05,5.858697275208237e-06,1
0.16980370354818827,0.7912439098521139,2.5222016750337154e-05,2.1022194548497716e-07,0.03886224971368016,5.841714981923011e-05,6.287497502475046e-06,1
0.17300679338523484,0.8054848144861827,2.406790443140875e-05,1.985391538340211e-07,0.0214319143463198,4.6273260086322686e-05,5.938078591153194e-06,1
0.35119859941419657,0.6398088374782295,2.607437047046564e-05,2.804849705946137e-07,0.00888776697469863,6.033966666481771e-05,1.8101610769536172e-05,1
0.2611801143848871,0.7184281975979318,3.19620058272337e-05,3.4381893418101847e-07,0.020261523958224576,8.849753262766073e-05,9.36070156762094e-06,1
0.11431707609853206,0.8804763299249004,2.861759025403588e-05,1.6360980996996714e-07,0.005101809841501909,7.112446493308924e-05,4.878470068538418e-06,1
0.08462850611959898,0.9118610092045702,2.4181978827294335e-05,1.6063325677535086e-07,0.003440989151765314,4.1667275597849114e-05,3.4856363833831046e-06,1
0.06092121093119628,0.9348430574430575,2.6054051778162763e-05,2.1800281421826227e-07,0.00415830287036963,4.602444435835445e-05,5.132256425935141e-06,1
0.22863593856506664,0.75914345079174,3.803375262467445e-05,3.3854023088279854e-07,0.012026800921994605,0.00014563968369652152,9.797744646558514e-06,1
0.18084061761035017,0.8092208757629903,2.21121489124788e-05,3.293807199995861e-07,0.009795051830386222,0.00011371936797694433,7.293898664018059e-06,1
0.05370807315512636,0.9362466398870749,2.122736325096361e-05,1.5640630995061808e-07,0.009987414600962556,3.309467286711997e-05,3.3939144078801143e-06,1
0.036545319791278674,0.944682765781847,2.5260231344958254e-05,1.5696276598240525e-07,0.018694871359568373,4.8602301192934925e-05,3.023572002001137e-06,1
0.0234652994839248,0.9593745092816695,2.5803370038300542e-05,1.4839230021554045e-07,0.017089679217934816,4.173700590516947e-05,2.823248227243394e-06,1
0.022859177075317504,0.9609255934060235,2.7551613409135963e-05,1.4578318979353506e-07,0.016143755349437895,4.100316421033553e-05,2.7736084119503525e-06,1
0.03637862551309353,0.951035462644409,2.7358470174532887e-05,1.6226003370034596e-07,0.012518833922740126,3.599292934790747e-05,3.564260200998482e-06,1
0.06128241587501997,0.9354693006036219,2.73709443774819e-05,9.727978896454983e-08,0.003160899826943868,5.6592894960959456e-05,3.3225752867238617e-06,1
0.008728501650887526,0.9801757873439615,3.303293171019994e-05,1.605176665140337e-07,0.0110173336238392,4.2032303146484505e-05,3.151628788670445e-06,1
0.011352169618489713,0.9777102280286625,2.825936796986233e-05,1.254297330840256e-07,0.010874197916273413,3.265558357327668e-05,2.3640552981834917e-06,1
0.011751776398377043,0.9774627496003171,3.091885872040713e-05,1.294754019421149e-07,0.010718459101068173,3.370887193048489e-05,2.257694184700519e-06,1
0.012871446053740042,0.9753757264670637,2.832359052302197e-05,1.5037449068432657e-07,0.011691581129273536,3.046264314759203e-05,2.3097417615513057e-06,1
0.00796195838328916,0.9797368535460043,2.875125372391412e-05,1.3049218337344757e-07,0.01222869735518161,4.133354556679099e-05,2.2754240506843108e-06,1
0.015892759669521885,0.9701553865312489,3.581002681356102e-05,1.6457575231065948e-07,0.013859973783776286,5.276483942420473e-05,3.140573462587521e-06,1
0.013447962100810696,0.9747863933106626,3.115508892757029e-05,1.7372532646068898e-07,0.011665595988160197,6.590357669932714e-05,2.816209413151906e-06,1
0.024197766091949204,0.9546987198657668,4.192709127140679e-05,2.5666196720664593e-07,0.02094524915958875,0.00011192045891532782,4.160670541085455e-06,1
0.0495752016084309,0.9445701034400642,5.430870958677858e-05,3.3151611499213433e-07,0.005667289941851687,0.00012712474620312633,5.6400377483455966e-06,1
0.01610784923011603,0.9705515095390522,4.400006378210568e-05,2.555985363100254e-07,0.01323079560488191,6.232544411772668e-05,3.2645195136137827e-06,1
0.9710337461758436,0.028608292160079842,1.4770153112771623e-05,1.5795349279759216e-07,7.316188073037037e-06,7.143634344955875e-06,0.0003285737350531719,0
0.9713304485929868,0.028346216205010977,1.5146595563089414e-05,1.619792059646117e-07,7.5026535581387724e-06,7.325702005084884e-06,0.0002931982716698729,0
0.946513333050383,0.05317107763214485,1.1194568251263549e-05,1.5292499190485287e-07,6.855057289723866e-06,6.916214418718187e-06,0.00029047055252058785,0
0.9095771934291627,0.0900683432894914,1.2994390706088384e-05,1.6870372724984093e-07,7.562359172836483e-06,7.578190305357489e-06,0.000326159637434511,0
0.8971696946991531,0.10236828741519861,1.3214235320574957e-05,1.7155792847547528e-07,8.148959515987869e-06,7.706401343787062e-06,0.0004327767315395247,0
0.8593110833461586,0.14028341535944852,1.4122639141576208e-05,1.833515642000887e-07,8.709154319691865e-06,6.30787618950718e-06,0.0003761782731779121,0
0.847106743708065,0.1523984186645813,1.579716417628978e-05,2.0083496306270101e-07,9.918503640206317e-06,6.7711800643496605e-06,0.000462149944509765,0
0.8443190113983751,0.15484818109053233,1.3233198314313354e-05,1.6541635071214978e-07,7.998501417015104e-06,5.577036384396349e-06,0.0008058333586262134,0
0.8872975302085216,0.11244137991358777,1.1822869230809692e-05,1.8928673497935094e-07,8.583480995432342e-06,5.695707481223155e-06,0.00023479853344802158,0
0.9383093388283322,0.06166535018204524,4.536653084856294e-06,1.0266452698607803e-07,3.700322739600372e-06,3.0892133802964664e-06,1.3882135891028861e-05,0
0.8611703386479167,0.13880599360666393,7.833501084491065e-06,1.4636143014306206e-07,5.748101948866894e-06,4.934596958921946e-06,5.00518399700382e-06,0
0.880562082959032,0.11941374067296033,7.945578780331327e-06,1.4845549404544594e-07,5.898197607987476e-06,5.1073405355237226e-06,5.076795589775702e-06,0
0.8523562842509156,0.14761155785258048,9.418900940700535e-06,1.7598310093887275e-07,7.231684265976337e-06,5.964908342204679e-06,9.366419853974051e-06,0
0.4385955128936355,0.5613673277914505,1.1540240897283181e-05,2.2817941752049976e-07,9.853655168020209e-06,7.734090965701288e-06,7.80314846543194e-06,1
0.23858898462100084,0.7613670974391249,1.066398092469519e-05,2.8322728133519906e-07,9.131402974761696e-06,7.796220224974678e-06,1.6043108468699018e-05,0
0.17919576566381704,0.8206614436521729,1.0019433988696893e-05,1.969773477642296e-07,0.00011253046134318643,6.67650370197944e-06,1.3367307628435769e-05,1
0.25233169044949844,0.7473985782574287,1.0499731645739215e-05,1.9617738265604603e-07,0.0002453014482098044,6.749125083140757e-06,6.98481075150771e-06,1
0.2617332166465996,0.7379356133971094,1.2346916123023691e-05,2.3069024719993157e-07,0.00030260096825107777,7.777755322375809e-06,8.213626347208244e-06,1
0.09556959007680957,0.9006908785528952,6.787238204227997e-06,1.336659650232332e-07,0.0037222904515636043,4.879529061407055e-06,5.440485501167406e-06,1
0.07248163634002434,0.9243567768172877,6.219784883323361e-06,1.2918322994607718e-07,0.0031414590380086584,4.547158612227486e-06,9.231677953829537e-06,1
0.06359114620602986,0.9342486560054699,5.214327921246482e-06,1.0830016399292484e-07,0.0021434099562172146,3.7258696360244235e-06,7.739334561823036e-06,1
0.057548514995920966,0.9407362251808243,5.8125303961227024e-06,9.396814092700805e-08,0.0016993305713247917,3.3076123074922788e-06,6.7151410854203386e-06,1
0.0625286210155233,0.9356778292790567,6.0739578386483465e-06,9.633821207455722e-08,0.0017774582431224317,3.456235944919985e-06,6.464930301933457e-06,1
0.13185332619433907,0.8675906721458362,6.7353403163083215e-06,1.7550386274555042e-07,0.0005342062736237603,4.812700764478459e-06,1.0071841257266772e-05,1
0.24706160856562526,0.7517168989463812,1.0126666428682036e-05,2.512028124962857e-07,0.0011959137639473054,6.888531334242627e-06,8.312323470694106e-06,1
0.44897524750240747,0.5509063450333324,1.1900632492587738e-05,2.2228118000742352e-07,9.141618727422172e-05,7.974899290100644e-06,6.893464023182861e-06,1
0.46344274953307857,0.5364630171878557,1.065699702822338e-05,1.9905243492264195e-07,7.022415725356722e-05,6.979986535615295e-06,6.173085813294456e-06,1
0.09350799844181439,0.9064519207644113,6.074010745008197e-06,1.1156508079941275e-07,2.619295090925347e-05,3.912148887439481e-06,3.790118151751967e-06,1
0.10856074547001655,0.8914107788029414,7.93203239474607e-06,1.266533605891273e-07,1.1673104584696531e-05,4.4412355565813735e-06,4.302701145462401e-06,1
0.25158661931758736,0.7483625181106431,9.771187847128831e-06,1.7911400704003467e-07,2.8672148163495442e-05,6.155213781862851e-06,6.084907969869351e-06,1
0.20227797111937246,0.7949314696688943,9.877586131203201e-06,1.8477850138393995e-07,0.0027679342791153663,6.285224329695036e-06,6.277343655654692e-06,1
0.23787285642274672,0.7573454131150658,7.901446122601154e-06,1.6643523165916987e-07,0.004762475901829717,5.661279637554007e-06,5.5253993658235725e-06,1
0.23822549037189725,0.7562581123349299,8.181174894604423e-06,1.8536613545824e-07,0.005496448039814315,5.861701532028529e-06,5.721010796370245e-06,1
0.2434509900171457,0.7491630601607474,7.732240672215255e-06,1.7519434437061604e-07,0.0073677999515801085,4.835359761722509e-06,5.407075748380699e-06,1
0.31026477108468886,0.6805795252997069,9.474968773670232e-06,2.1468045455440333e-07,0.009133463043462508,5.925175469047645e-06,6.625747444317327e-06,1
0.3092080827092957,0.6834530216332985,8.996761827666342e-06,2.0384541256202526e-07,0.00731777757931515,5.626128566279556e-06,6.2913422841499535e-06,1
0.11973400964940409,0.8792715944795816,6.43450255539473e-06,1.4223242146610393e-07,0.0009639275583996038,1.5567688313892125e-05,8.32388932399368e-06,1
0.24248247651060548,0.7547854821181901,1.0711527238967625e-05,2.3264527615385954e-07,0.002685513860400308,3.0281132988422626e-05,5.302205300585396e-06,1
0.17000635612943824,0.8287799471369133,6.67878792640141e-06,1.5914049472073798e-07,0.0011741083736980745,1.578946428320598e-05,1.696096724645129e-05,1
0.08299221064887084,0.9156338791227007,5.675043604203593e-06,1.1250779287892831e-07,0.0013486583136592858,1.3961964958468735e-05,5.502398413641736e-06,1
0.06823238623864564,0.9303968295568915,6.120235589681515e-06,1.0821940781376838e-07,0.0013458763366821509,1.338674564732024e-05,5.292667135693607e-06,1
0.04911592324001387,0.9498348637836037,6.4616019020399855e-06,1.1425552515429809e-07,0.0010199078665892474,1.4278787111316529e-05,8.450465254800144e-06,1
0.1720750544445645,0.7842436220185738,5.308516631891148e-05,3.1176302158968505e-07,0.043570683433893774,5.0099121421447884e-05,7.144052205901713e-06,0
0.2890267145346473,0.6842567881058338,2.891587030317044e-05,2.3828508701627676e-07,0.02664960826514143,3.227463425688932e-05,5.460304730342774e-06,0
0.07649621434716308,0.9115303595505463,1.911877476643012e-05,1.5135869994455772e-07,0.011908139413767551,3.91794777006097e-05,6.837077356069856e-06,1
0.06895804452444874,0.9189715018181334,1.6070567694148445e-05,1.4980270435893126e-07,0.012005349735499235,4.199066070190656e-05,6.892890818307251e-06,1
0.059752607901014,0.9280608476301488,1.4957292209382656e-05,1.7334758537468362e-07,0.012124092019807563,4.0360742343550325e-05,6.9610668914151855e-06,1
0.06517845729010355,0.9265164483806111,2.444730340530049e-05,1.568115089490105e-07,0.00822995520725848,4.002540024248723e-05,1.0509606870055201e-05,1
0.037721248109300165,0.9511092852269125,1.863394363360799e-05,1.5416872193549329e-07,0.011112563830265045,2.7541413620701616e-05,1.0573307545992694e-05,1
0.03223129401021049,0.9600395350861819,3.0417892124331376e-05,1.4898679575509962e-07,0.007652132821524293,3.0986632607059054e-05,1.5484570556161368e-05,1
0.03838668146970508,0.9499284315414436,4.07376632605394e-05,1.4713065183899754e-07,0.011591808367873853,3.743431240643432e-05,1.4759514658734333e-05,1
0.028841903167461616,0.9519906893500041,3.351537124421052e-05,1.6841015347876963e-07,0.019091058065704727,3.4319459102295115e-05,8.34617632960294e-06,1
0.04853175947904042,0.9378999341401705,2.4049178716113583e-05,3.396160510088387e-08,0.013486212772107662,5.043294006628138e-05,7.577528293681942e-06,1
0.1622344450749998,0.815069672636419,2.4119230476103033e-05,1.9896254879606656e-07,0.022606269351738928,5.486851646078101e-05,1.0426227356941145e-05,1
0.1801720088812889,0.800775981125221,2.524164690688957e-05,2.0822150231455192e-07,0.018968044389868183,5.2288068673332434e-05,6.227666539495062e-06,1
0.14122100382564684,0.8510118428870305,2.1851901613265094e-05,2.2221479570468134e-07,0.0076956071072526245,4.4540915627300254e-05,4.931148033911064e-06,1
0.10380763868740861,0.888154214720243,2.6110844362188718e-05,1.8465279827954725e-07,0.007946299087045099,6.140260860002406e-05,4.149399543038366e-06,1
0.1912798732599867,0.79489143207538,3.7159378038428545e-05,3.544820529781294e-07,0.013672260494801287,0.00011006220249330318,8.858107247253637e-06,1
0.07598449456650315,0.9168843157508134,1.9113411924942234e-05,1.7663036146549289e-07,0.007042304217787854,6.562447240563544e-05,3.97095020361949e-06,1
0.04540191179923558,0.9416684406467954,2.1173652805268025e-05,1.7003774730754105e-07,0.012853126224165977,4.983801859721797e-05,5.339620653293972e-06,1
0.10264826272850874,0.8912240637050803,2.5155506327894307e-05,1.3642173892124895e-07,0.006061582021601981,3.739269800392992e-05,3.4069187382026433e-06,1
0.021376122379904893,0.9701552114328913,2.9124170860426557e-05,1.1679460701563695e-07,0.008404237467385604,3.242414005812842e-05,2.7636142927328756e-06,1
0.016529231259515418,0.9781502320489188,2.811562692443059e-05,1.7326276520921823e-07,0.005258291119579357,3.128876949055367e-05,2.667912806509455e-06,1
0.016674834185921087,0.9656275086969587,3.199296868288536e-05,2.113071845624306e-07,0.017599736358841597,6.229104471381085e-05,3.4254376972836003e-06,1
0.01520573135709987,0.9690725644644426,3.4939110733250876e-05,2.106498991181848e-07,0.015619767197474753,6.337243771134462e-05,3.414782639135636e-06,1
0.009911003118226284,0.9744957513590218,2.960949207512214e-05,1.4654791113943278e-07,0.015513949180532014,4.698491053912054e-05,2.55539169445811e-06,1
0.012404341685267993,0.9725629422569843,2.9723745819518977e-05,1.8283035982626186e-07,0.014920120351976977,7.972532120014036e-05,2.963808391341139e-06,1
0.009870835209191055,0.9842658940454947,3.0822888250453724e-05,1.3466630346602978e-07,0.005793535395250171,3.623965259658665e-05,2.5381429137091813e-06,1
0.008655256807700195,0.9881784068076259,3.505274474881178e-05,1.5365008603226753e-07,0.003093125277469212,3.510876982893207e-05,2.89594254105283e-06,1
0.9507851164241915,0.048869324273534256,1.912139345986008e-05,1.5953289478510638e-07,7.153301844484329e-06,7.215064676015134e-06,0.0003119100093992202,0
0.984461084989257,0.01475379812800748,1.3172709375872258e-05,1.7994767010714042e-07,8.657811894659801e-06,8.326675385113935e-06,0.000754779738409662,0
0.8536864422257247,0.14547630686252447,1.0980037247369504e-05,1.3940121324465233e-07,6.740571877391078e-06,4.699932231290103e-06,0.0008146909691818608,0
0.8957772426719469,0.10286401157302592,1.0155006244689377e-05,2.0790380538442343e-07,7.196941123037098e-06,4.8922088124782515e-06,0.001336293695041404,0
0.934572081291925,0.0652505327023336,6.615571329271162e-06,1.1399315129005488e-07,5.178354781297964e-06,3.4300958526322336e-06,0.00016204799062689826,0
0.87375541752454,0.12604482380924675,7.538197487730299e-06,1.4084396658722396e-07,5.576580858199339e-06,4.748574870609556e-06,0.0001817544690300586,0
0.8712374480534999,0.12872255337212468,7.889616340836199e-06,1.4740988971215265e-07,6.143376260845907e-06,4.969945926174665e-06,2.084822595798854e-05,0
0.8862518774231855,0.11370653652970661,7.892942894986384e-06,1.4747204317554256e-07,5.7917194301268105e-06,5.073506701856266e-06,2.268040603775167e-05,0
0.8571638558640101,0.14280632620007033,9.703549219122684e-06,1.8130148012440813e-07,7.58786786209768e-06,6.145173630187228e-06,6.200043727810003e-06,0
0.6147712523073171,0.38519134017515416,1.1703656095700816e-05,2.4313067606932716e-07,9.644142933282534e-06,7.843609304268868e-06,7.97297851938341e-06,1
0.5123715971524471,0.48757898163359176,1.549361234122694e-05,3.063474558959927e-07,1.2761380722772694e-05,1.0383579363804404e-05,1.047629407744032e-05,1
0.15704370331933423,0.8429308357452471,7.459956942115069e-06,1.4750200146866613e-07,6.422368818830774e-06,4.999547765429716e-06,6.431559890787256e-06,1
0.13529452529061828,0.864677291709404,8.114673740413998e-06,1.5417775627471767e-07,7.965683290147974e-06,5.225821000306748e-06,6.722644190822685e-06,1
0.24184349408337377,0.7580464912280007,8.573813919752343e-06,1.685571388605454e-07,8.82094792231822e-05,5.713206997509676e-06,7.349631346064372e-06,0
0.24597201197233487,0.7536185240988433,1.3383646031459152e-05,2.50060547967632e-07,0.00037849609688779496,8.4308278372335e-06,8.903297517403164e-06,0
0.43752582761395925,0.5615053169010584,8.640794417143056e-06,1.9554130655948926e-07,0.0009451692035322776,5.883909840700303e-06,8.966035885540909e-06,0
0.06860365592587277,0.9306990117104518,4.575764697951325e-06,9.270803449416e-08,0.0006786863120783258,3.325999458590952e-06,1.0651579406212686e-05,1
0.13568048608827907,0.8633545506592446,5.921595658345913e-06,1.5310340091361676e-07,0.0009466561984965558,4.3289815562843235e-06,7.903373364200864e-06,1
0.2527504513857235,0.7471971054000197,9.108071320781615e-06,1.7668491258307964e-07,2.954222480671009e-05,6.19564544063751e-06,7.420587776191228e-06,1
0.10025847728441005,0.8997133175675498,6.020707817164319e-06,1.1058603323078032e-07,1.4439178960941964e-05,3.877817537263146e-06,3.7568576912681523e-06,1
0.2179769861869118,0.781971787562653,9.025478097692081e-06,1.657764919250218e-07,3.059006343060827e-05,5.813130002694427e-06,5.631802412337748e-06,1
0.11906065581470343,0.880398620696839,6.42020989042204e-06,1.0379859097727826e-07,0.0005074098997837798,4.599993843848909e-06,2.2189586348508704e-05,1
0.10183263877932519,0.8975136876506798,7.060532450523865e-06,1.3198443126066746e-07,0.0006173118884919252,1.2811061459823918e-05,1.6358103161304245e-05,1
0.10585977530633327,0.8929534232382681,5.777741763549899e-06,1.3873487046671058e-07,0.0011555573668260938,1.6005658062141952e-05,9.321953876364127e-06,1
0.059507801910433686,0.939145928082818,5.010370259482359e-06,1.1184621446164994e-07,0.0013206034377640083,1.3879864559527838e-05,6.664487950862058e-06,1
0.06472902791227662,0.9342869022098858,5.853442459681457e-06,1.0867188287116949e-07,0.0009564456198266364,1.3624650784316592e-05,8.037492883922762e-06,1
0.029110501943504744,0.9683962108815595,5.834899090229064e-06,1.105448498482475e-07,0.0024632688496578565,1.5896861740669706e-05,8.17601959711069e-06,1
0.08971171405503339,0.9048902189057472,2.8651585433718454e-05,1.9093132287997835e-07,0.005329933242178479,2.295741279820479e-05,1.6333867485914785e-05,1
0.058708748105142226,0.9295287972575228,2.358419762698108e-05,1.7176096727350573e-07,0.011700862360641578,3.099879644393006e-05,6.837521655470027e-06,1
0.06500933004397101,0.9280457921698786,2.322620278559647e-05,1.5112703677471682e-07,0.006878511885714859,3.266477844207241e-05,1.0323792171295863e-05,1
0.038186186557663745,0.9565315795343597,4.244146546960036e-05,1.4844138221153836e-07,0.005193239858669521,3.6797284527637427e-05,9.60685792753026e-06,1
0.04382119863555781,0.9502105884519343,6.021597207093944e-05,1.324907050188522e-07,0.005850901590831482,4.524425583860601e-05,1.1718603062082195e-05,1
0.05137316117338618,0.9352430792109178,2.4862324111699078e-05,3.478648911761106e-08,0.013301178666349342,4.992226196710266e-05,7.761576778940212e-06,1
0.07089117227461887,0.9254579812970856,2.3775898793266198e-05,1.782723320690989e-07,0.0035757309521967534,4.624274288469922e-05,4.918562088893037e-06,1
0.13396738033482342,0.8543312787377914,3.0474839973743393e-05,3.528300833914313e-07,0.011564836236474559,9.686019446557418e-05,8.816826387911863e-06,1
0.10136817557980358,0.8960036053648014,2.085282653446248e-05,1.7160606067329277e-07,0.0025067048911050827,9.242662969730394e-05,8.063101997468543e-06,1
0.04824688546977718,0.943992522825762,2.208411465978105e-05,1.549271859150947e-07,0.00769262114874243,4.232774374326122e-05,3.4037701293993844e-06,1
0.02901295564441639,0.9500134340157357,2.969765076178086e-05,1.5938306769249422e-07,0.020893530246791806,3.931473983882311e-05,1.0908319387766732e-05,1
0.031256243093494895,0.9478127454486486,2.9628856702496312e-05,1.5901385976100687e-07,0.020845130770011943,3.9223667970380594e-05,1.686914931184472e-05,1
0.03192940407021372,0.951156622497929,3.703415806904518e-05,1.624385171911516e-07,0.016820068071484937,3.9476306158770935e-05,1.7232457627345375e-05,1
0.03163309208348918,0.952932976154277,3.8976980835268685e-05,1.573665817754135e-07,0.015341887222122028,3.6215796567024755e-05,1.66943961278213e-05,1
0.02283897094046202,0.9602011083047928,4.214170088890851e-05,1.7298073022279924e-07,0.016857088363048917,4.2166870907493186e-05,1.835083916952934e-05,1
0.02542980872695029,0.9613154460241846,2.8727310770016154e-05,1.3952387811363279e-07,0.013191190431484659,3.198231298546716e-05,2.7056697469542914e-06,1
0.01798251081232008,0.966548173535366,3.0275791884217942e-05,2.0002502488214892e-07,0.015369826116852694,6.577117257787459e-05,3.2425459742423903e-06,1
0.01695161216522153,0.9704403740100545,3.0554110332346564e-05,2.018038118041801e-07,0.012499591012137148,7.184497400621453e-05,5.8219244363582e-06,1
0.026649587918105372,0.9487222853692862,4.059858151093516e-05,2.681455428952822e-07,0.024491410456961942,8.811368319572935e-05,7.735845397199e-06,1
0.028100051307362872,0.947323569447583,4.6058407526604285e-05,2.833046437768907e-07,0.024401906655575307,0.00012353831028975317,4.592567018572653e-06,1
0.9891919585597654,0.010100877454177624,1.5070930695579083e-05,1.6117003831319516e-07,7.919531811665343e-06,7.289106436838136e-06,0.0006767232470743578,0
0.8802189400889205,0.11929498746094619,1.5048923271813846e-05,1.9132231049193308e-07,9.087762813170705e-06,8.594219595524259e-06,0.0004531502221424293,0
0.8884115577324168,0.11109914534126956,1.4083661651156983e-05,1.8284552678276773e-07,9.030071235276543e-06,8.213441522789237e-06,0.0004577869063773249,0
0.942165561164356,0.05672666591361178,5.882370408553323e-06,1.0135933943595378e-07,4.377600421787877e-06,3.0499398068236447e-06,0.001094361652055437,0
0.8829156640864082,0.11673716362699031,7.054872319970858e-06,1.4842189129204992e-07,6.227108912164848e-06,5.004065707005612e-06,0.00032873781777099036,0
0.8355569745350744,0.16438075295157537,8.779882827500696e-06,1.6404366237539095e-07,6.882527523867194e-06,5.5307559969643806e-06,4.0915303339647045e-05,0
0.7083561433381735,0.29161079646943755,1.036550231146855e-05,1.5730969735679167e-07,8.529204105445233e-06,6.946799334228622e-06,7.0613769403490916e-06,1
0.1048519033834798,0.895127068291526,6.164628077081318e-06,1.218901109932711e-07,5.395208685436156e-06,4.193406978692523e-06,5.153191142212305e-06,1
0.13494327764886663,0.8650343055426237,6.436524499753565e-06,1.2229313676986172e-07,6.318345911920697e-06,4.207272345541203e-06,5.332372615531503e-06,1
0.20093657230423886,0.7990287073856549,9.60824763097155e-06,1.825554678923527e-07,1.0781826393168532e-05,6.187677268650975e-06,7.960003345376803e-06,1
0.2886554965192396,0.7113060643973378,9.575855623832596e-06,1.8933860895580802e-07,1.4251563812194858e-05,6.417590337007521e-06,8.004735040431067e-06,1
0.3487112697516902,0.6512315985750564,9.11175849793428e-06,1.8016224835788094e-07,3.387754158086537e-05,6.1065596210487985e-06,7.855651305306168e-06,0
0.33699397612705867,0.6621183577960473,1.9894454055646136e-05,3.216232406481468e-07,0.0008440597453195487,1.1320911307266347e-05,1.2069342971116357e-05,0
0.28290888288526295,0.7167709167936933,1.1866838523068439e-05,2.2172045918927928e-07,0.00029270233513243227,7.515165999461307e-06,7.894260929608621e-06,1
0.26563006579404336,0.734015112237166,1.32287274375089e-05,2.4716604310681033e-07,0.00032421259620086195,8.33323918378953e-06,8.800239925348296e-06,0
0.3036390432833318,0.6957948336775518,8.498132250136693e-06,1.7878549799473368e-07,0.0005442310475307545,6.027779134446918e-06,7.18729470294609e-06,0
0.09079566241683812,0.9060680648589803,8.111819850190953e-06,1.31139551780359e-07,0.0031186720941078633,4.616019761470746e-06,4.741650910498395e-06,1
0.09738648345144596,0.8991721999999572,6.440979895404697e-06,1.330130410108747e-07,0.0034164310832615397,4.681965261463361e-06,1.3629507137556573e-05,1
0.09355029077113274,0.904121525958785,6.476433069998636e-06,1.490444590719665e-07,0.002301974886890929,4.70773626751414e-06,1.4875169394798267e-05,1
0.15561865715380105,0.8443376862982831,5.802382358455317e-06,1.1823568428579886e-07,2.4881774993153773e-05,4.242004089792445e-06,8.612150790273005e-06,1
0.5068618573896964,0.49304987328745015,1.0265647852878566e-05,1.9914041399259462e-07,6.46456487188161e-05,6.983071615804965e-06,6.175814251903131e-06,1
0.22648475787391784,0.773465361098299,9.335340669938573e-06,1.7146792784120032e-07,2.8656607883143085e-05,5.892457938031159e-06,5.825153364274267e-06,1
0.22171466636076026,0.7782382100581877,8.089888973887877e-06,1.7040457209657518e-07,2.7277962341593878e-05,5.796296400343873e-06,5.7890287643493195e-06,1
0.36689483160766984,0.6282299264076943,9.19201857568211e-06,2.0826947014154194e-07,0.004853665580835336,5.7482324508563605e-06,6.427883303973288e-06,1
0.14991211590924902,0.8493360193624068,7.28785167667486e-06,1.3633273283949373e-07,0.0007229061680212159,4.637345811113259e-06,1.6897030102334292e-05,1
0.0841427677545215,0.9152635683343521,6.558799024622232e-06,1.2269445576583566e-07,0.0005676022696953231,4.173441026538965e-06,1.5206706924195675e-05,1
0.21218273447397976,0.7855207283876109,8.930404785984451e-06,1.9396080887913996e-07,0.002260805831610992,2.2186391403542387e-05,4.420549799879295e-06,1
0.11211309897535593,0.8840482003307281,5.608904399905843e-06,1.510064653607515e-07,0.003810879219339024,1.3887106089387832e-05,8.174457622493668e-06,1
0.08565997922097911,0.9126777508523174,5.741733974291271e-06,1.2817240567300318e-07,0.0016341158433789019,1.6158446134430963e-05,6.125730810304951e-06,1
0.07484237022898423,0.9234407521697678,5.121076341777124e-06,1.2006690002931527e-07,0.001689508479926271,1.5136600787547196e-05,6.99137729262462e-06,1
0.11762732230176585,0.8787160167247778,2.782283032698923e-05,1.8540858106740384e-07,0.003594285112027189,1.8506216711544423e-05,1.5861405809303353e-05,1
0.04740748032907754,0.9463776915378855,1.5715336187979393e-05,1.3925186046962413e-07,0.006160256979666921,2.8982278286159895e-05,9.734287035497162e-06,1
0.045931816535636806,0.9430731652810573,1.5891464319861616e-05,1.2503492281207914e-07,0.010941633452768598,2.9553264643378507e-05,7.814966651210181e-06,1
0.039060903419952116,0.9532181693951509,1.5844044351457473e-05,1.2873507661232245e-07,0.007659885642552943,2.9871180582914987e-05,1.5197582333108757e-05,1
0.04408738353452328,0.9524215432785562,2.453519233200418e-05,1.3467541198447052e-07,0.00342072071842338,3.6652405123054726e-05,9.030195630196169e-06,1
0.043206016050040326,0.9527676792376508,2.7427097754012635e-05,1.5207506735027115e-07,0.003953226761309768,3.86387898482715e-05,6.859988329580451e-06,1
0.04820229397934727,0.9430287027602712,4.4383223471455044e-05,1.456716213618042e-07,0.008682974885824568,3.3904205905442564e-05,7.595273558751586e-06,1
0.05032714255014931,0.9348235900817966,2.4318709458722246e-05,3.367588723749583e-08,0.014769072772174402,4.832843173569241e-05,7.51377879811476e-06,1
0.19549037016523924,0.7669975110006174,2.3438363757000895e-05,2.0331056888060243e-07,0.03742311190053307,5.5193790427151146e-05,1.0171468857241119e-05,1
0.16825444844104104,0.811539022040583,2.4324901664538978e-05,2.0274461801639183e-07,0.020114627311568226,5.6750141529615945e-05,1.062441899556565e-05,1
0.1280572319212901,0.8620937047522411,2.694297181895172e-05,1.577938021058615e-07,0.009775056575961885,4.173611801032809e-05,5.169866875411479e-06,1
0.11396405347116857,0.8791098107413772,2.194791422351012e-05,1.4473573293529657e-07,0.006864868467291231,3.373336737144828e-05,5.441302834953301e-06,1
0.12105413087130905,0.8700538342147452,2.392717526369723e-05,1.5817551203541638e-07,0.0088193579832017,3.6865759052348056e-05,1.1725820915675928e-05,1
0.20406735221689723,0.7845749326209032,3.660089007892661e-05,3.7593987164520276e-07,0.011166896033614062,0.00014299590871954485,1.0846389915577186e-05,1
0.22646296155335904,0.7671925769164923,2.743035803846425e-05,3.0040844054393113e-07,0.006149246649420055,0.00015480039947069098,1.2683714778986366e-05,1
0.05033561823809163,0.9305192807054872,4.0516532208619924e-05,1.9024403494636803e-07,0.019003814259801566,7.388398237283569e-05,2.669603800333128e-05,1
0.06725051901936811,0.9190900827431031,2.92274357907294e-05,1.9300521779254381e-07,0.013586007586596083,4.004784855464654e-05,3.922361369492481e-06,1
0.024940687103315762,0.964736321077662,2.699342930761611e-05,1.4395168374290362e-07,0.010260947130865044,3.237349066648967e-05,2.533816499263463e-06,1
0.009519347832995592,0.9804839923831884,2.081235556068989e-05,1.7476857898985093e-07,0.009923853080317695,4.890460809318462e-05,2.9149712654332594e-06,1
0.07255696217146636,0.8832173015826864,5.258908372659762e-05,3.170625968789456e-07,0.04408206276039568,8.562753200820222e-05,5.139807120126067e-06,1
0.018637823315419872,0.9520136627774977,3.0308612875419406e-05,2.001823500087867e-07,0.0292410079383854,7.122202727953737e-05,5.775146191860113e-06,1
0.01843000081226746,0.9682851997614229,3.1033862087274836e-05,2.1242530414407124e-07,0.013157479032191074,9.263054352689043e-05,3.443563200081596e-06,1
0.024199376856127608,0.9547622709594209,3.920246547762579e-05,2.566790523334781e-07,0.020882804183333464,0.00011192790908512309,4.160947502976906e-06,1
0.031113663134361782,0.96516920474643,3.0023225244434927e-05,2.7286126894914284e-07,0.0035910323989121694,9.156201984718111e-05,4.241613935651617e-06,1
0.022012906353764017,0.9730408892899628,4.4553492100556436e-05,2.7904932605947425e-07,0.004803299388025669,9.002201352171814e-05,8.050413298988484e-06,1
0.006871124080209474,0.9880481957882354,3.1001148298189094e-05,1.3518379431618464e-07,0.005016545172591594,3.0450730472702578e-05,2.5478963984371643e-06,1
0.007172774105627084,0.9904247842598367,3.3510387059888416e-05,1.4612559600007818e-07,0.002333098555966009,3.2932442303122976e-05,2.7541236111280598e-06,1
0.9880935211804581,0.010977864297054008,1.5633431048026697e-05,1.936297956364217e-07,8.231600380835748e-06,7.576333140432438e-06,0.0008969795281229908,0
0.8567527759686016,0.14283583336777841,1.4479104969261839e-05,1.8797949290624873e-07,8.92897979791083e-06,6.337756013508295e-06,0.0003814568433466205,0
0.863347113072349,0.13621124075344263,1.3826206914146186e-05,1.7950304041967118e-07,8.526350384242026e-06,6.051971181931924e-06,0.00041306214268770384,0
0.9317426172036959,0.06736231134563624,5.566332308177257e-06,1.047587289404743e-07,4.794004518361997e-06,3.152228687418469e-06,0.000881454126425178,0
0.9372835523751366,0.0618748796847447,5.599434460952956e-06,1.0538171356625406e-07,4.604291682680178e-06,3.1709745239617845e-06,0.0008280878577375582,0
0.8901725832833135,0.10916266565163445,7.042958202030747e-06,1.481712395668951e-07,5.866697156620474e-06,4.995614947543309e-06,0.0006466976235060997,0
0.8736099948866975,0.12633226105537637,8.06700134976546e-06,1.5072415791902472e-07,5.996941913254317e-06,5.185389778749845e-06,3.8344000726441054e-05,0
0.8948979954901066,0.10506215179794798,8.028118842322761e-06,1.4999767568132787e-07,5.862260688874523e-06,5.1603964822417935e-06,2.0651938256262864e-05,0
0.7032891750513581,0.2966768293859129,1.0659166264976673e-05,1.6051193581357552e-07,8.770844088016218e-06,7.143608374004732e-06,7.261432066208227e-06,1
0.6704031279480649,0.32956238859402187,1.0969125632592025e-05,1.6517948455826156e-07,8.525226195767346e-06,7.351338348287394e-06,7.472588251905333e-06,0
0.1277169730990163,0.8722580444247624,7.323820341819342e-06,1.4481024048766155e-07,6.409719876801658e-06,4.981932234688221e-06,6.122193527445772e-06,1
0.16286991131802347,0.8370969770949257,9.52060131190243e-06,1.808901991148152e-07,9.391469898097714e-06,6.131233351194397e-06,7.887392290812464e-06,1
0.5698868804246092,0.4300445041083239,1.1557153953644986e-05,2.922115922803969e-07,4.353352898113536e-05,7.745425834494278e-06,5.487146705179964e-06,0
0.6303860363639536,0.36947476314148375,1.068739867057299e-05,2.1131659426925978e-07,0.0001143355056538448,7.162529295587392e-06,6.803744348395537e-06,0
0.23526351812567262,0.7643993544202915,1.2494169417742089e-05,2.3344153332037794e-07,0.00030817580916806106,7.912449218652195e-06,8.311584698035367e-06,1
0.28586768338970264,0.7138033062301278,1.2282513188266268e-05,2.294869403343502e-07,0.00030059041125756245,7.737185655942899e-06,8.170783127371778e-06,1
0.32154847045925505,0.6775929400497395,8.434105627892754e-06,1.7743849241681752e-07,0.0008355101257616788,5.982364644974256e-06,8.485456478730264e-06,0
0.08313281877022795,0.9137442558006816,7.899066524238065e-06,1.277000799576969e-07,0.0031053920118345605,4.494952778345615e-06,5.011697873148793e-06,1
0.07810500272230651,0.9188310772818185,8.420403069193882e-06,1.361282553973447e-07,0.0030452293771772447,4.791618611455344e-06,5.342468761776273e-06,1
0.09786401009542423,0.8848892970638033,6.099164021096484e-06,1.2276857618250334e-07,0.017228712370399545,3.8107163718068683e-06,7.94782140386996e-06,1
0.08939888063711249,0.9102459992554772,5.455974008877893e-06,1.121378607623204e-07,0.0003112952091075712,4.023229254752775e-06,3.4233557178224425e-05,1
0.14671311635104137,0.853245626096482,6.66978601315128e-06,1.3591084912831066e-07,1.9676120901722423e-05,4.876145313760446e-06,9.899589398897245e-06,1
0.14174282690679088,0.8582235957406569,6.559689440624528e-06,1.3366740104336113e-07,1.3819763009445014e-05,4.795655941968177e-06,8.268576759152203e-06,1
0.19185899812990745,0.8081010640697449,8.708330586810863e-06,1.6893045456995799e-07,1.8041903853748755e-05,5.923727076294876e-06,7.094908376055117e-06,1
0.22844606365698578,0.7714997348290836,1.0008720507107593e-05,1.9415635271013955e-07,2.903596628933309e-05,6.808300176019575e-06,8.1543706054317e-06,1
0.49384485709273446,0.5061044681554452,1.0352217034611962e-05,2.0081974518887704e-07,2.685186160434738e-05,7.041959160403178e-06,6.227894275880847e-06,1
0.48063315675769247,0.5192353234156927,1.0100625044166242e-05,1.8515286509420118e-07,0.00010899943810593564,6.492583252701092e-06,5.7420273469552365e-06,1
0.17966810145377846,0.819761285119085,8.732542474863827e-06,1.7854230986824138e-07,0.0005494685985644389,6.168257663889257e-06,6.0654861237810156e-06,1
0.20914897425043302,0.7904919218010414,9.115462620776925e-06,1.7086372525474283e-07,0.00033806658786724223,5.946407076302426e-06,5.804627235723478e-06,1
0.24645749860516902,0.7534845466682059,9.327903853958454e-06,1.907501080595406e-07,3.531736615308247e-05,6.638493868020237e-06,6.480212642026962e-06,1
0.23761584795723514,0.7623334784387532,8.641120910456856e-06,1.820156637419851e-07,2.9475736973454957e-05,6.1912466524427995e-06,6.183483811498403e-06,1
0.10225301970088932,0.8971613251845767,6.710345909247238e-06,1.2567027649983592e-07,0.0005508353418105972,1.2408227457073632e-05,1.5575529080652783e-05,1
0.09281933389819856,0.9064894451120044,6.715497616385999e-06,1.251937739775021e-07,0.0006513940608409499,1.4694211855573097e-05,1.829202571034955e-05,1
0.256771154657568,0.7408815369160733,8.268692593864917e-06,1.801638095209403e-07,0.0023118607985925135,2.0608208523586564e-05,6.390562839410511e-06,1
0.28877888775132743,0.7088056167493275,1.013271884607649e-05,2.228310901615302e-07,0.002368851175100993,2.8384766904581257e-05,7.904007403252071e-06,1
0.23400005046215866,0.7634551840783139,1.045488649912449e-05,2.2991595755339162e-07,0.0025025766964814045,2.626395903422846e-05,5.240001555082236e-06,1
0.16342489666682303,0.828523162663021,9.333222546578683e-06,2.6830697823129817e-07,0.008005381085854817,3.2481251835762425e-05,4.476802940601458e-06,1
0.09824690839916939,0.8984187036300967,6.91894832969279e-06,1.902938076289228e-07,0.0032861653598236854,2.2498385951799857e-05,1.861498282080972e-05,1
0.10480195289471994,0.891613607503801,5.881196788546575e-06,1.5037451618742021e-07,0.0035537745405242937,1.6596715631005963e-05,8.0367740190016e-06,1
0.06814171232499054,0.9280633457569687,6.003481186518977e-06,1.535011684392511e-07,0.0037636392558199963,1.6941801750757834e-05,8.203878114968557e-06,1
0.13688953596229736,0.8565410645998951,1.06848750836266e-05,2.1668620912098812e-07,0.006528480226049777,2.060229738145488e-05,9.415353083568382e-06,0
0.3327735281247347,0.6507110169824526,2.946814567242216e-05,2.5775148576573925e-07,0.01644924926258122,3.0573355655167196e-05,5.9063774179179224e-06,0
0.08184543298889219,0.9147591525323808,1.8723998107816313e-05,1.6841050627817337e-07,0.0033436531983032417,1.7371535249042354e-05,1.5497336560826884e-05,1
0.05594350649634032,0.9386653898286261,1.5281338867844783e-05,1.191739362096557e-07,0.005349572103952281,1.3960241168434597e-05,1.2170817108729098e-05,1
0.040586325009836506,0.9537627214239323,1.9014014704128077e-05,1.2880862005641043e-07,0.005590814455736095,2.5790022802127145e-05,1.5206264368929915e-05,1
0.08532814606317461,0.9123136055974034,2.409897662958553e-05,1.375984808492703e-07,0.002288113305231599,2.9654523886543522e-05,1.6243935193473985e-05,1
0.053307610134661836,0.9443382615660714,2.6779820328598062e-05,1.2770732251788587e-07,0.0022859883261643478,2.644119606695195e-05,1.4791249384288076e-05,1
0.04090151620910634,0.9534078164141314,5.444114471933532e-05,1.329365040785192e-07,0.005574492943423589,4.6203451253572206e-05,1.5396900861541586e-05,1
0.05762090252248796,0.9344212482816459,3.795548440802422e-05,1.8036003009692015e-09,0.007868269038789484,4.584107709764849e-05,5.78179197084672e-06,1
0.07943631223485365,0.9080899498947324,2.1529415621195778e-05,1.308046678248535e-07,0.012409021143776126,3.588786909041577e-05,7.168637258173586e-06,1
0.13429853974554046,0.8358909280386425,3.140461180356236e-05,2.1382339841333636e-07,0.029697698688948285,6.063833518664695e-05,2.0576756480063535e-05,1
0.15139008260276796,0.8284338017587323,2.1754467317990676e-05,2.216740017345413e-07,0.02008623040693637,5.6419065941337646e-05,1.1490024302466666e-05,1
0.11328424682196103,0.8771720412515646,2.4697901307913077e-05,1.5271929740922102e-07,0.009462929613298974,5.092808389614128e-05,5.0036086739475125e-06,1
0.11119692835422126,0.8802170798757911,2.6410314136943823e-05,1.532494512871448e-07,0.008505246065149893,4.9161162913779796e-05,5.020978335719845e-06,1
0.12194208640514123,0.8713144127225707,2.4736182449953164e-05,1.529560085792714e-07,0.0066717074556465195,4.1153936188944554e-05,5.750341993829513e-06,1
0.1857992281790064,0.8080479104643602,2.0396393774858043e-05,1.66022171601327e-07,0.006063670330117191,5.5554199214846026e-05,1.3074411354717484e-05,1
0.09439593370989449,0.9012326568758018,2.3348026114014594e-05,1.7944282974592502e-07,0.004290871766531006,5.1997541357829194e-05,5.0126374709494145e-06,1
0.21842830716261993,0.7789721350725418,2.4561360650004138e-05,1.5705231204485502e-07,0.002399042806046312,0.00015833140836580403,1.7465137464118308e-05,1
0.032329366580877705,0.9520324760147555,1.9360563905843808e-05,1.4118412543683078e-07,0.015569636350499044,4.595570285544823e-05,3.063602981460914e-06,1
0.032387846491142756,0.9525566037676387,1.8419837445367905e-05,1.4214923097642895e-07,0.014990975426070573,4.288929164967489e-05,3.1230368218256145e-06,1
0.04443565910479881,0.936574873180955,2.0582514269950918e-05,1.5354851099327368e-07,0.01888989618509483,7.53374120036432e-05,3.4980543667200405e-06,1
0.03601470714437199,0.938646398532878,2.5392330257926533e-05,1.636362288633506e-07,0.025250889391110583,4.5089447047324575e-05,1.735951810535167e-05,1
0.027913853302985535,0.9468515470180145,2.5614296528159458e-05,1.6506664990099604e-07,0.02514997387310668,4.133517691894753e-05,1.751126579639641e-05,1
0.023250709538941,0.9460220844896162,3.6249537090554565e-05,1.6492204792911109e-07,0.030640855226153417,3.755462138495055e-05,1.2381664765751417e-05,1
0.03240105549896566,0.9326864531354391,2.7924013058155555e-05,1.7292664994161582e-07,0.034837869344459774,3.354246427274304e-05,1.2982617154753361e-05,1
0.05003900006034456,0.936810259618461,2.603333523442509e-05,1.8400200749015344e-07,0.01308147717231012,3.980703519758499e-05,3.2387764446633898e-06,1
0.06209267728705265,0.9188998817679583,2.455088930064197e-05,1.8119147159413362e-07,0.018945146665716478,3.387992277322568e-05,3.6822757270025454e-06,1
0.04096539927918276,0.9444100727189056,2.773347035278607e-05,1.7179938646191768e-07,0.014553542851705042,4.005589277468223e-05,3.023987692690023e-06,1
0.04096539927918276,0.9444100727189056,2.773347035278607e-05,1.7179938646191768e-07,0.014553542851705042,4.005589277468223e-05,3.023987692690023e-06,1
0.06217800972786725,0.9286255142489609,3.574562006776085e-05,3.227570736547207e-07,0.009036113627367596,0.00011906190007922212,5.232118583432149e-06,1
0.025717473576193778,0.974018419354894,2.7226872288862333e-05,1.7078695127686396e-07,0.00017793616630508923,5.600469820583594e-05,2.7685451612275567e-06,1
0.02433630097409693,0.9690123227373793,4.0437249255096834e-05,2.5326829885446445e-07,0.006520652794068333,8.592732010520358e-05,4.105656796381444e-06,1
0.01048311184964679,0.9834173046927129,3.402838917287771e-05,1.573284457538046e-07,0.006022347943251085,4.008452580501394e-05,2.9652709656178345e-06,1
0.006679482588222098,0.9896373591889958,3.064339117349239e-05,1.3362375643968527e-07,0.0036135117963188457,3.635091817756951e-05,2.518493355660739e-06,1
0.9874858721953684,0.011554736725060289,1.7968364170325163e-05,1.9215548132049026e-07,9.566688476035322e-06,8.690459904496056e-06,0.000922973411539341,0
0.988132523209894,0.010978297615335406,1.566541793334002e-05,1.6752754421790627e-07,8.231925298582373e-06,7.576632193469246e-06,0.0008575376718010164,0
0.9879653728592777,0.01141852892108529,1.2149248304892455e-05,1.6596653457055115e-07,8.376062197955878e-06,7.395112346618387e-06,0.0005880118302529531,0
0.9015333559184997,0.09803481576553535,1.299250245000574e-05,1.68679212376743e-07,7.5612602624658274e-06,7.577089094514812e-06,0.0004035287849456706,0
0.9327188898814645,0.06643917549517886,5.845388663711144e-06,1.2637807011018685e-07,4.268116290973093e-06,2.973817180276452e-06,0.0008287209231513913,0
0.9355588582937815,0.0634782475066418,5.908254643280959e-06,1.0696143519672772e-07,4.664836912150355e-06,3.063360477808626e-06,0.0009491507861079958,0
0.9072912670333428,0.09210934260787065,5.280799777294517e-06,1.2144751168053178e-07,4.8950507755210775e-06,4.189373552359446e-06,0.0005849036871698724,0
0.8742396222501879,0.12543614830045607,7.489912397035223e-06,1.399418061288932e-07,5.871323027510523e-06,4.7181583992086746e-06,0.0003060101137261452,0
0.8850613755370185,0.11488799867520963,7.587331259073154e-06,1.5002051019905233e-07,5.863153115340449e-06,5.084912062658539e-06,3.194037082458244e-05,0
0.8616576121440204,0.13831094418540926,8.7639745677251e-06,1.7328569046585263e-07,7.120839413416347e-06,5.87348020991795e-06,9.512090688551781e-06,0
0.8286004975700589,0.17136436257743487,1.1003043253657954e-05,2.1755767690807918e-07,9.105269872207743e-06,7.374069413349115e-06,7.439912289879078e-06,1
0.8225238947006838,0.17744064637186233,1.1101306717891929e-05,1.6847646622241516e-07,9.186585135612794e-06,7.439924067316471e-06,7.56263506677646e-06,1
0.1443008450685632,0.8556705530872742,8.437710601864351e-06,1.6683463607706944e-07,7.2891491238562815e-06,5.654823146061376e-06,7.05332665497391e-06,1
0.12051046187666009,0.8794653122382552,7.077247427120794e-06,1.3993487743822194e-07,6.092889483381392e-06,4.814204260133268e-06,6.101609036437961e-06,1
0.1346924496771272,0.8652824663816401,7.306529743959664e-06,1.4446836213492016e-07,6.3634890976153e-06,4.970170533443e-06,6.2992834954314955e-06,1
0.19669955725243932,0.8032642076946092,1.0617947563191887e-05,2.0994337222221352e-07,9.136974047994096e-06,7.115984237565198e-06,9.154203730637814e-06,1
0.2274738619983347,0.772489183555089,1.0307767379556463e-05,2.5043799411163327e-07,1.141613510978903e-05,6.638165496425101e-06,8.341940596130345e-06,1
0.6258613179217847,0.374078996150839,1.005311894010676e-05,2.5418350440389503e-07,3.786812449546973e-05,6.73744483012522e-06,4.773055606098541e-06,0
0.6623188917952517,0.3375331064801574,1.0356759583866924e-05,2.047790328019024e-07,0.00012394170203303416,7.045049169647634e-06,6.453434771494888e-06,0
0.09301601437194262,0.9037489064290491,6.372962676916252e-06,1.3236469080100147e-07,0.00321882534136665,4.553765794569178e-06,5.194764479295012e-06,1
0.1069397758436509,0.8898184833381311,6.93877783385248e-06,1.441165167719365e-07,0.003223929149237585,5.072799779640729e-06,5.655974850061111e-06,1
0.09736024945484628,0.8996015413953857,8.34974336275191e-06,1.349859368544207e-07,0.0030196753731620415,4.751409804147057e-06,5.2976375023602505e-06,1
0.09159578075245618,0.9069212426267433,1.0013076061166113e-05,1.6187616722936166e-07,0.0014564461373731648,5.697926954130322e-06,1.0657604244714793e-05,1
0.07959668152714933,0.9203648247668766,5.534897869662265e-06,1.0092461036299368e-07,2.2464250643445245e-05,3.6209255480407455e-06,6.772707302367544e-06,1
0.18447358140330575,0.8154854664846583,8.929498538558641e-06,1.732208294302837e-07,1.8500119223639217e-05,6.074173659726293e-06,7.2750997844689e-06,1
0.23084285763459964,0.7691139065114427,1.0477777625655425e-05,2.0325545976236483e-07,1.6890926868700557e-05,7.127370097145318e-06,8.536523906349509e-06,1
0.2215018174872528,0.7784437094190044,9.367394412825276e-06,1.8171544827332678e-07,3.092007213495455e-05,6.372046555240821e-06,7.63186519147811e-06,1
0.4765348239123901,0.5234115885735223,1.0745105546767477e-05,2.0844127887918813e-07,2.886049484660405e-05,7.30921639119156e-06,6.4642560240679e-06,1
0.44891959544742904,0.5510309138254151,9.65577919380902e-06,1.967567095313787e-07,2.663681683276108e-05,6.89948446927928e-06,6.101889950508188e-06,1
0.47959633391025625,0.5203565342842956,9.565202668326134e-06,1.85552674959468e-07,2.5120020697113602e-05,6.50660301326043e-06,5.754426394514001e-06,1
0.3865503870468747,0.6130451828901538,9.76684973578635e-06,2.2129378902754617e-07,0.0003806142464898793,6.9978161812808264e-06,6.829856775438282e-06,1
0.37369323273026406,0.6191298374029895,1.0869597940931798e-05,2.4627946355531286e-07,0.007151415684807635,6.797307370235502e-06,7.60099716402425e-06,1
0.384288408236451,0.6080073522585441,1.022744075496056e-05,2.317296956486603e-07,0.007680232657133454,6.39573412007738e-06,7.1519433005833025e-06,1
0.2582347282544261,0.7361454330817766,8.511430038979011e-06,1.9598432249471334e-07,0.005597804209462243,6.820655234979731e-06,6.5063847385463655e-06,1
0.15941220847436477,0.8379617201559909,8.724103157263437e-06,1.632004708342314e-07,0.002606088527332115,5.551249535105007e-06,5.544289148998167e-06,1
0.15363156417270157,0.8453397335158525,9.431498583971084e-06,1.764336094874066e-07,0.001007099156878392,6.001373572253376e-06,5.9938488020245994e-06,1
0.11481393372511571,0.8842359554638454,6.535967175212224e-06,1.222673438316274e-07,0.0009328290259102607,4.1589128519933175e-06,6.4646377577871625e-06,1
0.15460911426975438,0.8369194898370986,1.102812686311631e-05,3.0098293074664453e-07,0.008419383920784252,2.8408547298111206e-05,1.2274315270969114e-05,1
0.13814141316268871,0.8569466395885577,1.0833629315772865e-05,2.0039355384223578e-07,0.004875058085312901,1.768293740989308e-05,8.172203161248366e-06,1
0.10649980909922424,0.8890004013723237,9.918774995019665e-06,1.8347116308655949e-07,0.004463379983425292,1.8825203810164323e-05,7.482095058578095e-06,1
0.09650075711037366,0.8991811670058556,9.5251939969665e-06,1.6379761281833414e-07,0.004286271262897898,1.807821211936793e-05,4.037417143527919e-06,1
0.3578056291657692,0.6356015063745785,1.2891337743647322e-05,2.7210638013717504e-07,0.006542460036600006,3.1005658987850486e-05,6.235319940596934e-06,0
0.2863922187460442,0.6960709878392093,4.794325553321607e-05,2.674046300714129e-07,0.0174519442729513,3.0510902332614912e-05,6.127579299139096e-06,0
0.21139702140317496,0.7748607808665592,3.6435425766415525e-05,2.155134778721257e-07,0.013677447930504025,2.0412801666367343e-05,7.686058851300895e-06,0
0.17655179071153132,0.8139866196104537,3.756349763357958e-05,2.1210797837409928e-07,0.009395988940152316,1.860871041986813e-05,9.216421831067956e-06,0
0.14827853618090708,0.8433386072146797,1.96195536620075e-05,1.9888905502742146e-07,0.008332021763009973,2.0289501063983492e-05,1.0726897622238229e-05,0
0.10799224174524455,0.8885087285387453,1.8635382108589582e-05,1.5369594557684785e-07,0.003446086385377555,1.8744976983475673e-05,1.540927559493136e-05,1
0.06761519774797149,0.9295176699068728,1.5425217225836987e-05,1.272200018995334e-07,0.00282409223604947,1.4732826179159947e-05,1.2754845699409938e-05,1
0.055105148120918046,0.9413815187038316,1.8001543321535568e-05,1.2598067457817974e-07,0.0034679857534853525,1.4589304769539106e-05,1.263059299921416e-05,1
0.05989913240357778,0.9382392852862266,1.648359956942635e-05,1.4000333129080748e-07,0.0018169374915858539,1.3455658227233579e-05,1.4565557481925776e-05,1
0.044611645362836,0.9539941596938263,1.6462960057354405e-05,1.2097252070516815e-07,0.0013362940262574565,2.676966490555613e-05,1.4547319596552705e-05,1
0.043121062912723586,0.9548536223728719,2.568140657981106e-05,1.2134108237596146e-07,0.001954063748625925,3.139431600177532e-05,1.405390211458641e-05,1
0.1836383820397591,0.7967367826664885,2.3644285619357917e-05,2.0509678960039366e-07,0.019535039183313976,5.568589594565923e-05,1.0260832083774538e-05,1
0.1378731897060901,0.8418154271408991,2.7846332335373394e-05,1.8555114020403647e-07,0.02021114559889503,6.148782525363447e-05,1.071784538648311e-05,1
0.1267850434414607,0.8648386868149014,2.5730741878322147e-05,1.5859821930425802e-07,0.00829507295964304,4.722026633386468e-05,8.08717756336554e-06,1
0.158418826918874,0.8351730478839774,2.2534866747069917e-05,1.63457747969022e-07,0.006319886199117433,5.5224775753165534e-05,1.031589778284405e-05,1
0.12281037678527358,0.873886072134264,2.8629990830162393e-05,1.644205956870564e-07,0.003225940967851305,3.898188854770499e-05,9.833812637345056e-06,1
0.20747903270097964,0.7449183720818362,2.82653601976381e-05,3.4104556722551015e-07,0.047440931474216075,0.00012572226936274415,7.335067840504949e-06,1
0.14892003384113545,0.8480717648788385,2.0763161818661038e-05,1.522728624575148e-07,0.0028491634561241055,0.00013430743553907032,3.814953681797681e-06,1
0.05777477617800716,0.9367385625645107,2.214861222833812e-05,1.437170385134822e-07,0.005408381570951426,5.2829875509435225e-05,3.157481754338574e-06,1
0.036036915611565225,0.9480301851171978,2.28672459324859e-05,1.3949773592210676e-07,0.015862796668140982,4.4068849993181694e-05,3.027009434351933e-06,1
0.033312755102312235,0.9382830806420337,2.1039926324194816e-05,1.4376818781627274e-07,0.02831458564350718,6.495619284791081e-05,3.438724787203592e-06,1
0.029779036471775464,0.9347250512629521,2.811056735571289e-05,1.733046204198864e-07,0.03542541234765206,3.592056169728102e-05,6.295483946798487e-06,1
0.06936829002422681,0.911084555409531,2.734353048057306e-05,2.3652266294837427e-07,0.019474958634009592,4.0745485482700926e-05,3.870393606629293e-06,1
0.03658762268452491,0.9258559824193161,2.78949941537456e-05,2.127343207443429e-07,0.037482322240352105,4.194572308450956e-05,4.019204247749998e-06,1
0.01805595206153499,0.9679821486621273,2.930377401362933e-05,1.96674074443642e-07,0.01388283224612063,4.188817284862444e-05,7.678409280425752e-06,1
0.06451853476368087,0.922312765768516,5.633815881180571e-05,4.658533348090889e-07,0.013018280854561467,8.766469494957337e-05,5.949906145478484e-06,1
0.0711763865105654,0.9171911954157703,3.6521222381191876e-05,3.187829126724862e-07,0.011480120719865544,0.00011028965385890113,5.167694645969684e-06,1
0.06217932795828926,0.9286452019554168,3.574637790745422e-05,3.227639163985665e-07,0.009036305201204268,9.786351375673872e-05,5.232229509110189e-06,1
0.024183499688716047,0.9755561147207199,2.7269855701200933e-05,1.7105657482638155e-07,0.00017821707641202684,5.195468597681826e-05,2.7729158989671156e-06,1
0.03393824857428516,0.9584663262914799,3.336361712261122e-05,2.4978247898408367e-07,0.00746649598602282,9.126659939962075e-05,4.049149210921592e-06,1
0.012138942538300217,0.9840152066156145,3.433093437332342e-05,1.6118420983977728e-07,0.003767253877657702,4.106690679951047e-05,3.0379430449714833e-06,1
0.007990528028102585,0.9878428431864295,3.193735313788606e-05,1.3926621478880968e-07,0.004092935423916491,3.899190178135635e-05,2.6248404172947724e-06,1
0.007428252924384898,0.979239740528158,3.097558213365512e-05,1.364804761105287e-07,0.013264629292692353,3.369285635623195e-05,2.572335798813817e-06,1
0.0070047440187463285,0.9851637060726861,2.6408382179077687e-05,1.171929247871994e-07,0.00777002761103675,3.278791158160646e-05,2.208810845249918e-06,1
0.9868334499827905,0.01199193191337239,1.7905383774120578e-05,1.9148196267228557e-07,9.408991339919092e-06,8.659999223557215e-06,0.0011384522475368138,0
0.9857165224718143,0.012959798606771674,1.9336560364915364e-05,2.0678710809631742e-07,1.0767066672676828e-05,9.352192606363655e-06,0.0012840163146619022,0
0.9854318552934594,0.013210852055271696,1.4784137971320852e-05,2.0196081964387341e-07,1.093343272208554e-05,8.9989403872664e-06,0.0013223741793687831,0
0.9253750991812191,0.0742005335329631,1.2855571743854643e-05,1.669014668075091e-07,7.481570555951189e-06,7.49723256462197e-06,0.00039636600948661136,0
0.9132229210390104,0.0863582263477116,1.0779142720211983e-05,1.5297350378259973e-07,7.370586781790527e-06,6.73416176681868e-06,0.000393815748505519,0
0.9075270589347839,0.09170054410835331,8.422837875565226e-06,1.3492542900075523e-07,6.965771422023651e-06,4.549030512871957e-06,0.000752324391623392,0
0.9319272888720398,0.06717293558674955,6.2521387116381954e-06,1.0773083057675987e-07,4.9363490917070675e-06,3.2416603188880222e-06,0.0008852376622578051,0
0.9360109669077569,0.06332816034940573,5.894285241502119e-06,9.44205476362828e-08,4.653807431365755e-06,3.1834025314614816e-06,0.0006470468270854918,0
0.8956703550870971,0.10376594321502856,7.347915748795252e-06,1.3728873538979935e-07,5.43581491186572e-06,4.6287097323834006e-06,0.0005461519687454452,0
0.5460897093345652,0.4538677734230615,1.3055107927950668e-05,1.9659142128740443e-07,9.521245749917541e-06,8.749331420420247e-06,1.0994965853790225e-05,0
0.27692679651439384,0.7230209559457235,1.5599600323761924e-05,2.3674379997029078e-07,1.2416287617260769e-05,1.0856979766128808e-05,1.313792837555356e-05,1
0.24852976994943335,0.7514233043881431,1.3999963631421798e-05,3.199569933322463e-07,1.1159099045029635e-05,9.74366770418838e-06,1.1702975049695856e-05,1
0.621813274300658,0.377768776091704,1.2175686969895826e-05,2.274909952353666e-07,0.0003905508341572856,7.826412817544787e-06,7.169182697889245e-06,0
0.3811879840820726,0.6185216051201458,8.413776105171624e-06,1.563051156974789e-07,0.0002679094656606691,5.269849767324683e-06,8.66140113288832e-06,1
0.29471507480367864,0.7043793687127109,8.47986567322839e-06,1.7840120189847585e-07,0.0008820843444529187,6.014822535525565e-06,8.79904974707993e-06,0
0.5497616962824857,0.4488778306332569,1.0888356541750916e-05,2.464036709675009e-07,0.001330969296909473,7.414377094536198e-06,1.095465004070734e-05,0
0.09024898430854203,0.8847883766597384,6.409613862226614e-06,1.3091298332442439e-07,0.024946352669173413,4.608044711566109e-06,5.137790988947897e-06,1
0.1024678554296532,0.8942287430438559,7.07100963890423e-06,1.4686293517685366e-07,0.0032853673420966787,5.052551451986814e-06,5.763760368153658e-06,1
0.13425774570771382,0.8656910859602538,7.890408891894685e-06,1.57115373549519e-07,2.5740870738756733e-05,5.735559019047577e-06,1.1644378009301946e-05,1
0.1514811233505659,0.8484825753607409,7.910184243622436e-06,1.7736288704382648e-07,1.638830567652334e-05,5.380798548621411e-06,6.444637337403708e-06,1
0.2265000267021224,0.773451943182526,1.005848249927169e-05,1.951216715933385e-07,2.2840558753122297e-05,6.741039404523684e-06,8.194913023004702e-06,1
0.3921574456554774,0.5075197438918432,7.3687324628637505e-06,1.0367607001526789e-07,0.10030190493781937,4.6665544118081925e-06,8.766551915463856e-06,1
0.3142061925883436,0.6856335078711089,9.482145709339561e-06,1.9390426263080202e-07,0.00013195834985723292,6.748264897736094e-06,1.1916875820396401e-05,1
0.27758555496954335,0.7223626165554617,9.414255730493668e-06,1.9251595278072587e-07,2.8981552054385007e-05,6.699948875688201e-06,6.540202381495468e-06,1
0.37264170069637526,0.6272947626250102,9.784544691725109e-06,2.216947150121055e-07,3.967771415436216e-05,7.010494378687875e-06,6.842230674697384e-06,1
0.33241413660608427,0.6618257995611125,8.723805658120408e-06,2.0087448685501575e-07,0.005737479578862274,6.990842955708808e-06,6.668730840305158e-06,1
0.17981589036097367,0.817110665405515,8.443674524620937e-06,1.5795453505634555e-07,0.00305410372211208,5.37280949507743e-06,5.366072844467916e-06,1
0.07380749296292152,0.925513996946812,5.975339670990516e-06,1.1177977038112033e-07,0.0006627106632654782,3.8021789716073826e-06,5.910128588036339e-06,1
0.0808013986043455,0.9185383764914284,6.096655999889795e-06,1.0983002469015311e-07,0.00063654808062161,1.0395265522588298e-05,7.075072057319164e-06,1
0.07770119353407946,0.9216857442961047,6.598775284178396e-06,1.2042949398587482e-07,0.0005772819566718684,1.4135019993932919e-05,1.492598837202162e-05,1
0.16211999442198305,0.8354298166698676,8.073788061948955e-06,1.650635193009951e-07,0.00241243660001494,2.321551405789222e-05,6.297942495329648e-06,1
0.16086401886759394,0.8342617898958762,1.1434509363202442e-05,2.0614869399822933e-07,0.0048396359024383065,1.8190777014572757e-05,4.72389901981414e-06,0
0.1300488297000333,0.8648440117498453,1.108114652475034e-05,2.0831284270047147e-07,0.005073747179783314,1.7348420465796485e-05,4.77349050513949e-06,0
0.4737962475431151,0.5204522810859827,1.1219392189926675e-05,2.368154691815947e-07,0.005708637932262604,2.6423408487641398e-05,4.953822492713715e-06,0
0.28282367902819866,0.7106307724638544,1.594673371738539e-05,2.6407268185255475e-07,0.006493155747252533,3.0130726616675558e-05,6.051227678278131e-06,0
0.09261157854907956,0.9015734093487944,1.7158532685912633e-05,1.322911956902811e-07,0.005773225009248085,1.6134423123678952e-05,8.361845872786354e-06,1
0.06491327806309602,0.9310527365149688,1.9075964443726442e-05,1.2459842208875797e-07,0.003993146770709425,1.5145290194764155e-05,6.492798165185205e-06,1
0.07059854258022405,0.9272786529480334,2.3538556271013902e-05,1.3252553201639165e-07,0.002073001095113559,1.432054408993196e-05,1.1811750736138122e-05,1
0.07930722669441392,0.9187603625302881,2.9259497263522828e-05,1.229150603051904e-07,0.0018747241653052852,1.59809575735506e-05,1.2323240095252042e-05,1
0.047123776383314823,0.9512635923058247,2.950231474299069e-05,1.237456817251164e-07,0.0015364336292710183,3.1963052654512246e-05,1.4608568510411055e-05,1
0.04078835642746916,0.9569146498373464,2.576010250055553e-05,9.111199088089385e-08,0.0022277483477645505,3.135512077218865e-05,1.2039052156349702e-05,1
0.04506877487416639,0.951999965973245,2.760736169762872e-05,9.353464991621708e-08,0.002859241227728544,3.195785912217561e-05,1.2359169390111328e-05,1
0.05837853060758251,0.9365374896017167,4.023124742286504e-05,1.405836335875917e-07,0.004993191865614847,4.292438038798319e-05,7.491713641432775e-06,1
0.05262021082442608,0.9411149303920531,6.89185783400828e-05,1.0712205792713794e-07,0.006138027568306579,4.706996077355035e-05,1.073555404273505e-05,1
0.17540860443749312,0.8085292863438867,2.691732062385658e-05,2.434007664807873e-07,0.015958178274299475,6.459307282103988e-05,1.2177150109406601e-05,1
0.13096766373472163,0.8493724679071353,2.6484467457670634e-05,1.870095256636557e-07,0.019557400732825282,5.898424665695027e-05,1.681190167770257e-05,1
0.08524806418538282,0.9094480922956086,2.4125337888409035e-05,1.3954391332915245e-07,0.005223181867145607,4.874918597349274e-05,7.647584087611886e-06,1
0.10075161983718864,0.8939116235837757,2.4490396144907053e-05,1.4165545505928203e-07,0.0052633269729907665,4.0665902087470035e-05,8.131652357120597e-06,1
0.1071233095247605,0.8878788433363201,2.5179798630629406e-05,1.4564304359219792e-07,0.004932133726126928,3.468502501963526e-05,5.702946098733541e-06,1
0.2464455187524826,0.737822102009119,3.683846571289065e-05,2.871159922341162e-07,0.015492170432613528,0.00019008897026923796,1.2994253810515993e-05,1
0.21904064108709906,0.7780177440584874,2.53549588872221e-05,1.6651849413017213e-07,0.002845329301943338,6.597703630998668e-05,4.787038778890552e-06,1
0.1559146656012066,0.8406667388502482,2.388593432042006e-05,1.5539972237227103e-07,0.0032665683694993717,0.00012409255283364937,3.8932921693767996e-06,1
0.1104745769213812,0.8861430306503398,2.7196200281893028e-05,1.6214787200350538e-07,0.0031415677801760835,0.00020940394365441602,4.062356294563137e-06,1
0.07387136727523669,0.9234787431877864,2.5034306947224034e-05,1.609452744663387e-07,0.00255995926925326,6.124260853920662e-05,3.492406962762488e-06,1
0.03639143040972062,0.9500929705629614,1.942537607943901e-05,1.352632212391528e-07,0.013450372143966162,4.273112080981184e-05,2.9351232412859753e-06,1
0.03642536140057392,0.9509788273575693,1.837313739040971e-05,1.3538933925844967e-07,0.01253159389234529,4.277096286199349e-05,2.9378599196394254e-06,1
0.049888895154152055,0.9101481947363349,2.1832205245496702e-05,1.4918191897699547e-07,0.0398873069835033,5.005352552627031e-05,3.5682133188210615e-06,1
0.05384682774906356,0.9162984610263469,2.1259588841679685e-05,1.5025228664755197e-07,0.029745006338137977,8.470123037532948e-05,3.5938149480553932e-06,1
0.026396166390468927,0.9235391283134693,2.1218757304393395e-05,1.431205219178895e-07,0.05000381097082797,3.6567504126275566e-05,2.9649432811347582e-06,1
0.02881650695850689,0.9281381898607742,2.208170741148723e-05,1.5803821683714986e-07,0.04298042756600567,3.747679426273307e-05,5.159074822140951e-06,1
0.029304576867514358,0.9288367158855825,2.399492243649398e-05,1.722128814897045e-07,0.04179188798860252,3.639629767178299e-05,6.2558253105059125e-06,1
0.03528845593379515,0.9207648124128451,2.9059121552488246e-05,1.8113610058893312e-07,0.04387493046700603,3.50047430589762e-05,7.5561856417562595e-06,1
0.05752891856040497,0.8846237433952332,3.9220739929289e-05,3.1169883404557373e-07,0.057740551873328425,5.455503592637004e-05,1.2698696343912663e-05,4
0.04246760577847434,0.9470474106685995,3.6322397778182865e-05,2.6533790757296225e-07,0.010371919843708416,7.136633280133595e-05,5.109640730758057e-06,1
0.0172963013041389,0.9752906270537989,2.9041429905957477e-05,1.9022948230157867e-07,0.007329469446203317,5.1197692256094744e-05,3.1728442146316706e-06,1
0.06288617882616265,0.9303671143666816,3.88193916848117e-05,3.357968843093603e-07,0.00663035495775482,7.17531577699012e-05,5.443503061789278e-06,1
0.007727687596833169,0.9892458485629065,3.1877931198612224e-05,1.3946401067249503e-07,0.002959884412175465,3.193346447093042e-05,2.6285684042344556e-06,1
0.9807613272863893,0.017726677895726028,2.5294979926426816e-05,2.705070420813229e-07,1.4084859468906461e-05,1.2234002313838166e-05,0.0014601104691331099,0
0.9834904988083304,0.015704426079816466,1.3505810521862153e-05,1.8449804569203676e-07,9.297949989702874e-06,8.220836683458948e-06,0.0007738660166125911,0
0.9284335833010277,0.07093644566888405,6.602428406001283e-06,1.0576429206963868e-07,5.212918805585104e-06,3.565858529116812e-06,0.0006144840600556754,0
0.936728133708974,0.06285925638233371,5.120544987067408e-06,8.901596267015205e-08,4.387425819434055e-06,3.070636150447622e-06,0.0003999422857727237,0
0.8912987035498265,0.10817094905816782,1.1317690704820907e-05,1.4693544691322591e-07,6.586568316498827e-06,4.953950018028114e-06,0.0005073422475196151,0
0.9051481492659392,0.09441889282863423,7.843759252817705e-06,1.4655309414753945e-07,5.802628251221013e-06,5.041891936427899e-06,0.0004141230728915928,0
0.8726952214573572,0.12724572410131477,8.403449195652395e-06,1.6615720240974302e-07,6.920227326112363e-06,5.631861681511839e-06,3.7932745922628415e-05,0
0.8779580457828189,0.12199060245169788,8.95236461492336e-06,1.7701063274556524e-07,7.5312627320992665e-06,5.999736305872336e-06,2.8691391197784433e-05,1
0.787260538757056,0.21269979857611962,1.0721213455059204e-05,1.5362529877309742e-07,7.549715345304276e-06,7.185191441163879e-06,1.4052921283903107e-05,0
0.5638794586490791,0.43607040818627285,1.3975267027961536e-05,2.2538161397665588e-07,8.248308640287438e-06,9.366007817884125e-06,1.831819954790607e-05,0
0.2785121055025543,0.7214334532822678,1.4362416503264684e-05,2.1627763547273115e-07,1.1040935084109284e-05,9.995926955329533e-06,1.8825658999613207e-05,1
0.31294049194748125,0.6870092649551025,1.3224961630818875e-05,2.3609417097875827e-07,9.852830724882702e-06,8.002359786274338e-06,1.892685110349796e-05,1
0.6644782371829465,0.3354883935404841,8.880410660562992e-06,1.844808348793722e-07,1.4047329802415007e-05,6.040782277864757e-06,4.216272993524067e-06,1
0.5447027849452754,0.45513050495785684,1.2596900134188902e-05,2.3536095790672867e-07,0.0001381308641096949,8.097164530864346e-06,7.64980713505582e-06,1
0.5012557276716376,0.4985824068868945,1.3024103813720244e-05,2.433428475910716e-07,0.00013231698983358787,8.37176688894509e-06,7.909238084018517e-06,1
0.20528496117942271,0.7939288821867195,8.992385399326925e-06,1.6801406845386108e-07,0.0007653495474272983,5.664618816843589e-06,5.982068145942376e-06,0
0.2805727802733328,0.7181675877210326,8.759068013281817e-06,1.8427511959456068e-07,0.0012353870386477507,6.212862527152635e-06,9.088761326755924e-06,0
0.3807227729355203,0.6172761431742607,1.1930695875837762e-05,2.699918256470425e-07,0.0019687557135391978,8.124153345318748e-06,1.2003335632954594e-05,0
0.10947307454929522,0.8874021864774303,6.155396818261354e-06,1.2784590745491027e-07,0.0031089382237484654,4.500085803430451e-06,5.0174209968764605e-06,1
0.09726740691908561,0.9022077500145006,1.1145040792420788e-05,1.8017604940492773e-07,0.0004943000583855307,6.342069904202925e-06,1.2875721282041548e-05,1
0.09388728350055559,0.9059718695843593,8.727362404778282e-06,1.410907065398448e-07,0.00011772303764418673,4.966293392847606e-06,9.289130936602229e-06,1
0.16526333576499802,0.8346955354969222,8.621414884633048e-06,1.7246545922899478e-07,1.5307063245495373e-05,6.16038508190802e-06,1.0867409408836081e-05,1
0.21813728179359812,0.7818218767866371,1.07288267521462e-05,2.0812549112310682e-07,1.3973113464546057e-05,7.190293755122818e-06,8.741060301997877e-06,1
0.4657788345190488,0.5341770412721781,1.0306538622993665e-05,2.1001729486715205e-07,1.9559619449673356e-05,7.5349014059083755e-06,6.513131999589657e-06,1
0.3005905366747685,0.6993535917777616,9.018395958855246e-06,1.8996254575638015e-07,3.374817245699731e-05,6.461559139057832e-06,6.453457369145381e-06,1
0.24372490423795465,0.7559942286322264,9.023606916263116e-06,1.6880324209957053e-07,0.00026019826439585407,5.741827302577291e-06,5.73462796218879e-06,1
0.19986948878584387,0.7992392839615494,7.839364648406392e-06,1.4664980211702e-07,0.0008688060157477727,4.988280007183611e-06,9.446942401193285e-06,1
0.07973039172980502,0.9197098912105277,5.911924375780389e-06,1.0650212184679852e-07,0.0005367576552642827,1.0080283951859858e-05,6.8606939536729565e-06,1
0.06925945998575946,0.9303074193310451,5.845187417845754e-06,1.0946772773394046e-07,0.00040038128210869816,1.1439781456501319e-05,1.5344964484581018e-05,1
0.07513028701542718,0.9242578086956944,6.608397524388162e-06,1.2076556559819886e-07,0.0005788929248120072,1.4174465305894045e-05,1.2107735670554529e-05,1
0.07385665239197246,0.9249443895736725,6.408798206853207e-06,1.1463818531488605e-07,0.0011709132580134285,1.554756767509803e-05,5.973772274117837e-06,1
0.11230313368653017,0.886375587045306,6.10558807158888e-06,1.2482490830399114e-07,0.0012922755263731604,1.7556116734807455e-05,5.217212076170281e-06,1
0.19915414306284823,0.7988829570878123,7.72059071046883e-06,1.5784262157668372e-07,0.0019267990603112355,2.219992409992176e-05,6.022431596101561e-06,1
0.1499777313454051,0.8458540879540972,1.176644173156181e-05,1.948484171732189e-07,0.004127793257149389,2.1477091747426853e-05,6.949061452039649e-06,0
0.05982109196249145,0.9387817412745555,2.475832265983819e-05,1.0565158125295874e-07,0.0013497178795957158,1.1795082803699683e-05,1.0789826312488697e-05,1
0.04283298134973448,0.9560357702551835,2.5970253841885243e-05,1.0612028618619826e-07,0.0010646588760114856,2.798531003552765e-05,1.2527834906911753e-05,1
0.05418927083103488,0.9422508149536972,4.6891284009881824e-05,1.2396819385224638e-07,0.0034644811921282657,3.175716240453079e-05,1.6660608531476125e-05,1
0.055404301656573375,0.9378494023100966,4.017326539839263e-05,1.2231876434267564e-07,0.006658041359127116,3.726078676457103e-05,1.0698303275512276e-05,1
0.05933204299773878,0.9336181551222568,3.6979065806101405e-05,1.7659809000977734e-09,0.006968106672770051,3.7939750128305294e-05,6.774625319129673e-06,1
0.06395362683916576,0.9292682863876003,3.5352288282709976e-05,1.7577529269578016e-09,0.00669630241430014,3.9687251587096243e-05,6.743061311185937e-06,1
0.08203310785733572,0.9116197380570381,3.403242775324292e-05,1.3528353157574325e-07,0.006270731357611725,3.590119757182108e-05,6.353819157891537e-06,1
0.17567925104338145,0.8072062675247806,2.687327506812129e-05,2.4300248307896385e-07,0.017010720552594137,6.448737739062132e-05,1.2157224302104462e-05,1
0.13761224057479493,0.8522855057446129,2.2139929717675343e-05,2.061198860569162e-07,0.010008791569601888,6.080404458670796e-05,1.0312016799860716e-05,1
0.08167816753083333,0.9108390928104871,2.5431305574612906e-05,1.3605679935319328e-07,0.00740401121568471,4.570460481389466e-05,7.456475806942342e-06,1
0.12117475123717221,0.873995142201039,2.4672982794085087e-05,1.4271155863245523e-07,0.004763996312838089,3.661883381642025e-05,4.675720781588713e-06,1
0.13388848271331516,0.8631075732497825,2.7970609926117565e-05,1.595479766974739e-07,0.0028422153140299634,0.00012960134490476132,3.9972200647060235e-06,1
0.07082534578161855,0.9264727178950649,2.456363074563614e-05,1.4876792610814342e-07,0.0026173868524801015,5.660890567952756e-05,3.2281664851519435e-06,1
0.03521803548631568,0.9544729648350725,1.945671702130254e-05,1.4486419638900678e-07,0.010242030102904576,4.4224536380743155e-05,3.143458108984571e-06,1
0.03173471978799221,0.9253126242034135,3.516420074285137e-05,1.785177060816695e-07,0.04286948973303826,3.534682850622075e-05,1.2476728601124882e-05,1
0.02832775785483414,0.9524034937552479,3.651814990151686e-05,2.811664027486067e-07,0.01916942057855659,5.792756323090296e-05,4.600931826286307e-06,1
0.03239600924780117,0.9479304780706828,3.609345447320778e-05,2.740740964550223e-07,0.019575926186374926,5.673409134855688e-05,4.484875222691677e-06,1
0.022953287496386296,0.9709405986359511,2.979352096574364e-05,2.1835934884511145e-07,0.006019856506109736,4.961937976006314e-05,6.626101478164684e-06,1
0.014127638425273025,0.9761859687731023,2.6411013131241478e-05,1.6061537566510707e-07,0.00961239205803919,4.451155335584075e-05,2.9175617227457923e-06,1
0.015562325936854722,0.974935285746546,2.7895032109973507e-05,1.6549179699234906e-07,0.009427366675433839,4.427837913400676e-05,2.68273812451139e-06,1
0.03723814696280865,0.9565301492211871,3.416050133303388e-05,2.558245257696752e-07,0.00613125595265705,6.188444246054092e-05,4.147095027912975e-06,1
0.06992577534101471,0.9259220847188842,3.6453987991943416e-05,3.1637208226852485e-07,0.004022680558725072,8.756040790795596e-05,5.128613393883592e-06,1
0.025415799349396712,0.9743351492504113,2.971000571465369e-05,1.3763783948299156e-07,0.00017886005199348724,3.794370702898963e-05,2.399997615292663e-06,1
0.014584274763390822,0.9792614934727322,2.990635530257951e-05,1.4138865351327635e-07,0.006082740429736087,3.897816172463754e-05,2.465428460011827e-06,1
0.010093651409306275,0.9855340565490297,3.4027273639364705e-05,1.4958125251505194e-07,0.004299045171179409,3.625076098866366e-05,2.8192546043308705e-06,1
0.009192187254140626,0.9867150958797231,3.191721483050191e-05,1.391072248242353e-07,0.004018707380992751,3.933131925746241e-05,2.621843830609394e-06,1
0.006772753128605855,0.9842631540331069,3.0147459697133012e-05,1.2335351128858313e-07,0.008897003438548422,3.4493663127261296e-05,2.324923403256858e-06,1
0.007714865088812236,0.9847223705197525,2.749282186796819e-05,1.1445729239212545e-07,0.007491823084137932,4.0629192076108735e-05,2.7048360608167836e-06,1
0.9886248014222199,0.010510432684654833,1.1825022990535829e-05,1.615374085461742e-07,7.937583555507973e-06,7.30572119202425e-06,0.0008375360279786108,0
0.9217794082042623,0.07767330307455353,1.2879205859096796e-05,1.6625294482029377e-07,7.452499732924611e-06,7.518986921613733e-06,0.0005192717757258583,0
0.9132800437879742,0.08605904014757997,9.245184690720785e-06,1.3120415342538446e-07,6.612154900691081e-06,4.423567164231635e-06,0.0006405039535367583,0
0.9281521886116211,0.07116999147516671,7.933453351744258e-06,1.1258855994516994e-07,5.354648359359417e-06,3.7959397156189487e-06,0.0006606232832256804,0
0.9082499156206927,0.09109948070930306,7.5748778024391305e-06,1.2104467526700836e-07,5.860690127608275e-06,4.081038876720684e-06,0.0006329660185223819,0
0.8660878159941339,0.1333304252654618,8.764355212369919e-06,1.6375354382779144e-07,6.791316667694161e-06,5.5209746078285135e-06,0.000560518340372645,0
0.906793828303179,0.09253274521233155,6.58073352639591e-06,1.3440801223309162e-07,5.32175546009986e-06,4.731067264947566e-06,0.0006566585202257844,0
0.9049977563537634,0.09440320486388679,7.842455990144746e-06,1.4652874393853212e-07,5.8016641282079095e-06,5.0410542118942854e-06,0.0005802070792754542,0
0.8915199374411412,0.10822135115581698,7.365475173574183e-06,1.4563386066434018e-07,6.039842816168274e-06,5.01026738483725e-06,0.00024015018380675815,0
0.8195943724842624,0.18034349960532114,1.1775224963790948e-05,1.8818417508683357e-07,8.347878834306557e-06,7.2900127687838725e-06,3.452660967446494e-05,0
0.6306710165136326,0.36930083489739257,9.460512604696604e-06,1.4357532611211082e-07,1.0758758804277583e-05,6.340289229500623e-06,1.44545301041629e-06,1
0.5304720329008835,0.46944832222148497,1.2231280839999031e-05,3.1945356621813897e-07,5.130911059747074e-05,8.793398510726809e-06,6.991634117199042e-06,1
0.5556642903326783,0.4442745023610196,1.2654083630433961e-05,2.4840369419934056e-07,3.425158204262133e-05,8.322147356370168e-06,5.731089578514315e-06,1
0.2737594487583628,0.7255368638516488,8.067716406622638e-06,1.697303187315202e-07,0.0006813560737295747,5.722482445209392e-06,8.371387088279128e-06,0
0.2948167184617601,0.7035496200220694,9.671423679323703e-06,2.188644621371079e-07,0.0016071500575902617,6.585712171030875e-06,1.0035458267708348e-05,0
0.4759079733627253,0.5220937259784186,9.78740981137923e-06,3.096119249517568e-07,0.0019683968562967283,7.285514495016659e-06,1.2521266327966594e-05,0
0.0995676228409693,0.8760206288487272,6.179165336806811e-06,1.2620619370902925e-07,0.02439604750069614,4.442369035671332e-06,4.953069041141375e-06,1
0.11130019327802773,0.8872878859389907,1.0960734579426873e-05,1.7719646718925656e-07,0.0013881387170293646,6.237190710994299e-06,6.4069441947785914e-06,1
0.10960849846364128,0.8903365292931277,1.2772624134343994e-05,1.4738685746013803e-07,2.7647102881536056e-05,5.287876125589062e-06,9.11725323217769e-06,1
0.11811683997223214,0.8818291047683133,1.0736317728686431e-05,1.5935649437483723e-07,3.087876758651775e-05,5.588005921813996e-06,6.692811723007572e-06,1
0.4437858216679039,0.5561596983804811,1.0595010720720162e-05,2.1589551759791538e-07,2.9227818309050783e-05,7.745797507328444e-06,6.695429560334204e-06,1
0.4742144264976393,0.5257486193899203,8.951653016329585e-06,1.8240866500851e-07,1.5618755522301753e-05,6.5443720113236316e-06,5.656923225398497e-06,1
0.23325222777701296,0.766707281757347,9.90223610353801e-06,1.8523962466716735e-07,1.7809071457967607e-05,6.300909397259838e-06,6.293009056633497e-06,1
0.314927297947463,0.6850121573571197,9.456504452186792e-06,2.1426209656043095e-07,3.8347464534618736e-05,5.913628798307124e-06,6.6128355357082e-06,1
0.43060069874415435,0.5690526159510791,1.2000324499160634e-05,2.7189906160315657e-07,0.00031851697101022234,7.504407670516802e-06,8.391702524893143e-06,1
0.3886368145339111,0.6106244234655653,9.715073306894542e-06,2.4062509444160004e-07,0.0007135946197479134,7.785197705370637e-06,7.426484669246037e-06,1
0.3420651314894021,0.657468923383807,9.748759899127376e-06,2.2447509939508303e-07,0.0004394975049400261,7.812192538272895e-06,8.662194313985219e-06,1
0.25597290575270504,0.7439750684431217,9.57592375951438e-06,1.791353492793482e-07,2.995083554167099e-05,6.23427650885222e-06,6.0856330140143635e-06,1
0.2166140672085528,0.7831174726490283,9.23360303527151e-06,1.7273160755762886e-07,0.000247310274048411,5.8754503050802635e-06,5.8680834226484274e-06,1
0.062387977194474656,0.9369749165358887,5.8121888030266495e-06,1.08727731909229e-07,0.0006217382307022272,3.6983641537848378e-06,5.748758245594141e-06,1
0.07129212886535233,0.9281287344947223,5.913612240225084e-06,1.0653252838337164e-07,0.0005574006419543845,1.0083161890039255e-05,5.632691312637558e-06,1
0.07032654141675589,0.9291426898472939,5.837869339990896e-06,1.0933067595152788e-07,0.0005063531720731977,1.1425459039552695e-05,7.042904821470206e-06,1
0.0639996514653448,0.9352748384132972,6.022154727831907e-06,1.1005223568081609e-07,0.0006932271492025883,1.3671522585186387e-05,1.2479242606628514e-05,1
0.06398111959744548,0.9350040183485285,6.020410940587288e-06,1.1002036873393491e-07,0.0009850131683670775,1.3667563831588047e-05,1.0050890517890459e-05,1
0.06983666183384678,0.9292223996438256,6.22025085408976e-06,1.1154154043628792e-07,0.0009068310177881069,1.5127591593973702e-05,1.2648120551213316e-05,1
0.16411907441748147,0.8333050218500005,8.19838459099734e-06,1.8936018058610907e-07,0.0025356467340622883,2.5152487778098815e-05,6.716765906179405e-06,1
0.31959567660133115,0.6704152504271312,1.8326102570299988e-05,2.8970146527746875e-07,0.009928205034425023,3.282042572011499e-05,9.431707357029079e-06,0
0.399055527871125,0.5951728005578638,1.1814633059566527e-05,2.4636942758596854e-07,0.005723952336292339,3.050455533691023e-05,5.153676894968771e-06,0
0.4464062078298757,0.5452667677876665,1.2070988317208176e-05,3.334902206193315e-07,0.008279641742102621,2.9233699902048955e-05,5.744461915424043e-06,0
0.06818083962247365,0.9300595613839432,2.8168416703543574e-05,1.1816666045003424e-07,0.0017060431641780518,1.3422071867428957e-05,1.1847174173484126e-05,1
0.05236483136595169,0.9462220656142363,2.722638808963335e-05,1.3386420215790855e-07,0.0013551816391901238,1.8733561840179817e-05,1.1827566490078481e-05,1
0.03522004701342693,0.9636082618695658,2.3945527845220334e-05,1.0465289542858776e-07,0.0011080467788573602,2.696709303028957e-05,1.262706437899901e-05,1
0.03521407337815161,0.9634448252818039,2.3941466469329275e-05,9.052532107832097e-08,0.001276780813698929,2.766361183912847e-05,1.2624922715838557e-05,1
0.04351980811261817,0.9519848420363861,2.5977498106514655e-05,8.83660484050291e-08,0.004434603428465173,2.9603475850558543e-05,5.0770825251170575e-06,1
0.041939695248216946,0.9539860268077729,2.4584375429023194e-05,8.911602308397383e-08,0.004010524143879932,3.3960136262673644e-05,5.120172415470634e-06,1
0.04735000136322561,0.949812842055396,2.5317368155494576e-05,9.331976349049095e-08,0.002766228572502001,3.157099100723952e-05,1.3946329950209346e-05,1
0.04630047665326029,0.9499383618739672,4.017320435158506e-05,1.1473954671853818e-07,0.0036689488461314106,4.391355710364935e-05,8.01112563930684e-06,1
0.06197316599519426,0.9282929184009118,4.116032746698891e-05,1.8445922630756656e-09,0.009651627242722222,3.4049996245048214e-05,7.076192867211228e-06,1
0.0630487064567265,0.9306792088825543,3.118211191399549e-05,1.318558135231431e-07,0.006182409666249617,4.4461160617996225e-05,1.389986612408085e-05,1
0.11369944259295177,0.8751184727446558,2.4647603338958336e-05,1.5926678413993315e-07,0.011102084860704929,4.2851896649200845e-05,1.2341034915216422e-05,1
0.16182975752770756,0.8265101859187062,3.168757529605547e-05,2.2858695777930643e-07,0.011547182971449872,5.58062626648432e-05,2.5151157217895668e-05,1
0.20712140814433075,0.7898554751176461,2.7148794997359503e-05,1.5944345202694087e-07,0.0029368947540719605,5.491914413585962e-05,3.994601365810809e-06,1
0.1734906608460071,0.8235731934874732,2.90707838673173e-05,1.556471261452339e-07,0.002835993010022594,6.702673502758406e-05,3.899490476280098e-06,1
0.10896916809039539,0.8878275355475164,2.930909725758142e-05,1.592735179522775e-07,0.003031382990773536,0.0001384546566007617,3.9903439386282025e-06,1
0.032168277315393484,0.9617915522840462,2.1657001030707318e-05,1.374524232064749e-07,0.005955252085088361,6.014123452876879e-05,2.9826274890429803e-06,1
0.04399117288863629,0.9425859244578919,2.0342981626186124e-05,1.306429545649284e-07,0.013355270974634407,4.269093202144713e-05,4.467122235326638e-06,1
0.033288150392169126,0.9131300483968159,2.2512735827166428e-05,1.6331404382395813e-07,0.05351401708455214,3.872789090573125e-05,6.38018568628444e-06,1
0.058006523471424216,0.8864692389864816,4.3978617978046467e-05,2.55867097806241e-07,0.05542672085208244,3.697191895271482e-05,1.631028598319984e-05,1
0.0431475869345136,0.7136459434549087,2.9464703865837425e-05,3.057388888620632e-07,0.24311776946076555,5.436257665554026e-05,4.567130401953028e-06,4
0.0782219425773603,0.9038812630252989,3.308054794119531e-05,2.651872352773269e-07,0.017817277395671682,4.1831813489795606e-05,4.339453002865487e-06,4
0.03720503155901237,0.9483810131479653,3.635706846047203e-05,2.4406805058484063e-07,0.014332821439079595,4.053885311968939e-05,3.993864312157808e-06,4
0.03437358191142435,0.9494460231196448,3.8955460382792675e-05,2.641049308510617e-07,0.016087752132093895,4.910152906065526e-05,4.321742462659208e-06,1
0.034468342181330304,0.9551029537807021,4.2488264418800404e-05,2.63264986766688e-07,0.010334221903104707,4.742260761514644e-05,4.3079978422766965e-06,1
0.0156493233486355,0.9688285315505458,3.7542990417465306e-05,1.5628281633328067e-07,0.01543863648693368,4.3084199038987504e-05,2.7251416123196293e-06,1
0.012843297176490966,0.9749191103001542,2.632915249012694e-05,1.282602837855152e-07,0.012168254168276915,4.0644436431434414e-05,2.236505872830241e-06,1
0.012833429549882798,0.9758672726114356,2.6308923553420768e-05,1.2816174019724035e-07,0.011235294212466352,3.533175337757875e-05,2.2347875442299782e-06,1
0.01262574805137295,0.981678479163281,3.1129654571258876e-05,1.4170281007203976e-07,0.005624137252173718,3.7693411286505924e-05,2.6707645044088716e-06,1
0.01391536246767477,0.9797852059777927,4.040283874118895e-05,1.9132796986235326e-07,0.0062074376323696945,4.806352294388441e-05,3.3362325078697904e-06,1
0.008784485268625042,0.9863941234114734,3.1433066656049734e-05,1.3765419268133293e-07,0.00475584742208579,3.137871937290121e-05,2.594457594097529e-06,1
0.009767255757547106,0.9797710130626369,3.2709164302652777e-05,1.3440829754944392e-07,0.010389635102016494,3.671922509008789e-05,2.5332801093399902e-06,1
0.009664569960209946,0.9853532953614332,3.974935932876363e-05,1.53828470769943e-07,0.004896294482818466,4.303770306524121e-05,2.899304673569966e-06,1
0.017591022088113095,0.970475960699426,3.619715898220911e-05,1.7062358178803223e-07,0.011852024928826062,3.8901397869758616e-05,5.723103201044351e-06,1
0.9869530355852407,0.012027618858419159,1.7958668636927028e-05,1.9205179631783128e-07,9.436991678756806e-06,8.685770627083238e-06,0.0009830720736010937,0
0.9881774932196489,0.010737504313393324,1.1786030820228363e-05,1.6100475045746688e-07,7.900052121376312e-06,7.281631097217139e-06,0.0010578737481686832,0
0.9465344342572267,0.052631823439364185,1.0833574738596851e-05,1.5286754123268918e-07,7.270293973557864e-06,6.913616143823846e-06,0.0008085719510116782,0
0.946617707683584,0.05254994899640609,1.0816721951841516e-05,1.5262973938645014e-07,7.258984251980143e-06,6.800853395646917e-06,0.0008073141306711595,0
0.9418281003862924,0.05738589199641508,1.0700502934328277e-05,1.518574777779726e-07,7.222255925791014e-06,6.72065000958007e-06,0.000761212350945036,0
0.9279587019239739,0.07152957452592591,9.601181075576112e-06,1.3625631905105562e-07,6.489590241216449e-06,4.593901664981174e-06,0.0004909026207995274,0
0.9323633451176672,0.06716173033908383,7.572083812782359e-06,1.074601405550408e-07,5.1776567311288086e-06,3.6230343080817893e-06,0.0004584443082562433,0
0.9282218098243722,0.07139649784309121,7.645110297551481e-06,1.0849650471998617e-07,5.227590947358329e-06,3.6579754770200567e-06,0.00036505315931005555,0
0.8505693647109889,0.14938435822048332,9.049524517731941e-06,2.2880857859239105e-07,7.457063605902673e-06,6.155819749708743e-06,2.338585207570529e-05,0
0.783765646465089,0.21620314492996,9.359540718592044e-06,2.3664704194153411e-07,7.363140823560372e-06,6.366704183277038e-06,7.882572183701034e-06,0
0.6045785155140474,0.3953883639282345,1.0114654410394233e-05,1.9999200816754628e-07,9.682219419986386e-06,6.8803603171615615e-06,6.243331562385797e-06,1
0.2812155439401426,0.7183426925780211,1.0903115230707924e-05,2.0371421679386774e-07,0.0004165352413979437,6.8682545237334774e-06,7.2531564670303086e-06,1
0.14479279702484307,0.8293520934188424,8.965627468133546e-06,1.8621362901668497e-07,0.025832243263206756,6.406340309997213e-06,7.308111700504763e-06,1
0.12460849564943331,0.8753510800046757,1.384529089233719e-05,1.7355005781120542e-07,1.3236599549384037e-05,6.226547082345364e-06,6.942358309075813e-06,1
0.12670963778605124,0.8732510758001886,1.2202339774091293e-05,1.7455807930497497e-07,1.3561579154854153e-05,6.235132486726355e-06,7.112804265070654e-06,1
0.12121832195484009,0.8787174591310961,1.262398942458485e-05,1.8020100574908643e-07,3.3802442301537605e-05,6.4651666541261705e-06,1.114711467779191e-05,1
0.1901851609228521,0.8097679953514211,1.1112327231448252e-05,2.1556490900584222e-07,1.397803172425649e-05,7.447309845056467e-06,1.4090492016859576e-05,1
0.3971807476979682,0.6027749274712132,1.0737113660545798e-05,2.1879116240229888e-07,1.8734009570446114e-05,7.849686085273237e-06,6.785230340059539e-06,1
0.20976049651661402,0.7902011798638663,9.185981873860533e-06,1.8718360590458996e-07,1.602761019203926e-05,6.563793351283141e-06,6.359050496498251e-06,1
0.2471124749513757,0.7528481627697797,9.566033109307825e-06,2.1761196600025095e-07,1.6413271204042412e-05,6.6532987486835696e-06,6.512063816667266e-06,1
0.30467263854832277,0.6952856026062668,8.942718452828803e-06,2.076055113527977e-07,1.990165868104665e-05,6.494243287211304e-06,6.212619478010232e-06,1
0.2850006360462738,0.7149609304094918,9.288645762158461e-06,2.0084273315260908e-07,1.7009901233765583e-05,6.031090662504804e-06,5.903063842745423e-06,1
0.2837602411497518,0.7161970923913498,9.711271869867673e-06,2.0998092021963777e-07,2.025116440609492e-05,6.322393077664153e-06,6.171648624563903e-06,1
0.10378482268015603,0.8954160836809977,6.22906815552291e-06,1.1652623054938036e-07,0.0007760460732254727,3.984747498617224e-06,1.2717223735926535e-05,1
0.05383664570145703,0.9455958651528367,5.977439021846e-06,1.0798259792521715e-07,0.0005442190734477616,1.1059427215050415e-05,6.125223423579941e-06,1
0.06401446344763365,0.9354970665728389,5.963615941346939e-06,1.1007838489897563e-07,0.0004573051673974734,1.1503597383418408e-05,1.3587520420079642e-05,1
0.0823398961491603,0.91635284778619,6.475793272326412e-06,1.1994612924826424e-07,0.0012786602453079528,1.6869936261779728e-05,5.13014367826439e-06,1
0.38585313546021804,0.6081577149749217,1.2631337565338236e-05,2.517444815689207e-07,0.005936842146883465,3.415822101142e-05,5.26611491860092e-06,0
0.48148462504181405,0.5125605641709813,9.669904167175943e-06,2.8317392863588756e-07,0.005913099037261264,2.6636237405683745e-05,5.122434441969928e-06,0
0.0826632983507245,0.9153874817358373,2.0673420436826755e-05,1.488637880346087e-07,0.0018958675261084828,1.7605290824839537e-05,1.492481227999467e-05,1
0.04402150255381289,0.9546532624121973,2.602554646876554e-05,1.1397581656666231e-07,0.0012709175564303557,1.6750947475925564e-05,1.142700779803526e-05,1
0.04111929221638442,0.9574219386786187,2.6454285563249555e-05,1.1684552247430747e-07,0.0014017202116790636,1.8510199806097825e-05,1.1967562425666214e-05,1
0.04532127698904332,0.9499859880124805,2.357005644321536e-05,1.0103663315758225e-07,0.00462795063201838,3.3101746096060144e-05,8.011527285344793e-06,1
0.05797156841944121,0.9358665830001616,2.897012072144962e-05,1.0652466673167392e-07,0.006086517988434564,3.161414644644837e-05,1.4639800128074473e-05,1
0.06312447273017856,0.930293112029132,2.968942445220787e-05,9.97553962187524e-08,0.006519180743356074,2.48515927424645e-05,8.593724742493838e-06,1
0.08593889102257321,0.9070369153576924,2.538797078332174e-05,1.3548884822012992e-07,0.0069457309933894755,4.551381697959554e-05,7.425349733836513e-06,1
0.08772913172126826,0.9084973431332258,3.147074775056116e-05,1.346944059584299e-07,0.003694367792257411,3.267910104933046e-05,1.4872810042679783e-05,1
0.13717498861861577,0.8594323527141803,3.3664863226179165e-05,1.444426290679219e-07,0.003315253025646973,3.449337273547567e-05,9.102962966133993e-06,1
0.2310521128459704,0.7570683914344821,3.210957951509564e-05,3.2456503281438007e-07,0.01170337640298451,8.728081234892307e-05,5.640435966595149e-05,1
0.21720389743839275,0.780054945591709,2.1805267731241062e-05,1.6036555666564613e-07,0.002633446170904791,7.340053641339909e-05,1.2344629292155873e-05,1
0.07355508286141696,0.9226009667590428,3.275448139677773e-05,1.5161623352154378e-07,0.003730280101132911,7.696567788605724e-05,3.798502891181221e-06,1
0.04887635286295661,0.9460439462062266,2.1563147424567054e-05,1.392054711446444e-07,0.004993156063567365,6.182184687371519e-05,3.0206674802488116e-06,1
0.045519715192800174,0.9422350231190909,2.051569749819997e-05,1.317521386675725e-07,0.012177055803159332,4.3053386340418576e-05,4.505048972244776e-06,1
0.03549546962813255,0.9475723267640416,1.9059230207627234e-05,1.3898669281791253e-07,0.01686552291396618,4.446655682526547e-05,3.0159201339591283e-06,1
0.05147194325102467,0.9292021251897908,2.2042899118797163e-05,1.4820944571269675e-07,0.019255639964933086,4.455553250617851e-05,3.544953180610859e-06,1
0.05266055398879053,0.9171369265924814,2.2906618953778466e-05,1.4284738126851083e-07,0.03014686637216647,2.9186879785088367e-05,3.4167004412888e-06,1
0.04531498214465786,0.9105544734495201,2.6117033705292454e-05,1.6598242797390937e-07,0.04406240833253055,3.841449727868631e-05,3.438559879553949e-06,1
0.06076645739194297,0.9016410862520485,3.375753395434498e-05,3.188948825888332e-07,0.03749374543319754,5.981139411572214e-05,4.823099858062287e-06,4
0.05206747871120343,0.9365277673191338,2.6164172498229702e-05,2.4234305346459e-07,0.011339867486985507,3.307360577869415e-05,5.406361346774902e-06,4
0.024345432997982405,0.9672630200969969,2.606867138077139e-05,1.448621326467874e-07,0.008322094905589912,3.134814521986291e-05,1.189032069777558e-05,1
0.010516256004475697,0.9805652072544109,2.0677295768202212e-05,1.6487919010574193e-07,0.008853760572371257,4.1395171883733665e-05,2.538821900244107e-06,1
0.012176386306117823,0.9780578628691977,2.9323399268105957e-05,1.3734506032738824e-07,0.009697955306393726,3.6038211170233904e-05,2.296562792227699e-06,1
0.012846489331990797,0.9768603519669653,3.0577188907462544e-05,1.3478970994293776e-07,0.010224841952375396,3.536770830286285e-05,2.2370617483522567e-06,1
0.02468561151920236,0.9626681875737112,5.260575831420789e-05,2.468602628732717e-07,0.01252699463952845,6.254477693730663e-05,3.8088720437737875e-06,1
0.026783557969799036,0.9728726578996326,3.0389188023835044e-05,1.6250853478090013e-07,0.0002524763368718401,5.81217494065442e-05,2.634347731264816e-06,1
0.011414190192520159,0.9842461716121956,2.9516365253662222e-05,1.2503044401582588e-07,0.004274206789288422,3.343348065919935e-05,2.3565296388842575e-06,1
0.020658176507340725,0.9720672488219126,4.073346035804937e-05,2.5642338175719446e-07,0.0071627348664911545,6.345225275635091e-05,7.397667759390139e-06,1
0.010300500143232518,0.9858713899173879,3.163372371660428e-05,1.3898827904598765e-07,0.0037587843043342603,3.493332106703298e-05,2.6196019826013583e-06,1
0.01083637664440311,0.9838378119627939,3.156847215962665e-05,1.3870158495677326e-07,0.005262282375796467,2.9207644788053604e-05,2.614198473689232e-06,1
0.010898498145800472,0.983821890314022,3.507045307480847e-05,1.4921270503889037e-07,0.005206535262158911,3.3342453729987833e-05,4.5141585088409205e-06,1
0.011415435303929255,0.9829265753684138,2.979210913122865e-05,1.7239220692993355e-07,0.0055902026650216435,3.331211084227451e-05,4.510050454710798e-06,1
0.015977152074732038,0.9770758686327987,3.124937505843566e-05,1.480075590481228e-07,0.0068760360012981685,3.6756314367545e-05,2.7895941858101763e-06,1
0.9864117268900662,0.01255526475833534,1.4125612034634827e-05,1.9296493241745188e-07,9.48186112511924e-06,8.727068291904287e-06,0.0010004808452147322,0
0.9557207010347198,0.043385814284983906,9.401690684998627e-06,1.3266289042393806e-07,6.685669303566221e-06,5.911173487177358e-06,0.0008713534839303773,0
0.9344221035457513,0.06473438717210836,9.470325408567853e-06,1.3439926507267868e-07,6.475640696802321e-06,5.916491222082541e-06,0.0008215124255479282,0
0.9402985973569552,0.059219115249851094,7.948788349679783e-06,1.1280618841763623e-07,5.364998646667552e-06,3.8032770913015815e-06,0.00046505752291769195,0
0.9318827856324403,0.06782498926433293,7.0023450068648256e-06,1.0784296936972387e-07,5.196102232679207e-06,3.6359414373909e-06,0.00027628287158053884,0
0.8589658028620919,0.1408288364822879,9.187374290544154e-06,1.8165736164595228e-07,7.5304194927982006e-06,6.15723615576707e-06,0.0001823039683194993,0
0.646721100045269,0.35324420527171413,1.0331671722789382e-05,2.0428298305922708e-07,8.223352202291389e-06,7.02798348289288e-06,8.907392626080402e-06,1
0.5812809685990455,0.41868816353972427,9.21722201534813e-06,1.8224752579596465e-07,7.25192184418368e-06,6.2698937616393934e-06,7.946576083264464e-06,1
0.4946556302587183,0.5053103544735865,1.1860259722866955e-05,1.7008596810832937e-07,1.2745323005156724e-05,7.510999702305134e-06,1.7285992967831447e-06,1
0.2181576071387635,0.7818084284505143,1.0088967109791788e-05,1.885026425513509e-07,1.0490296369556706e-05,6.485089646201525e-06,6.711554953757113e-06,1
0.25782870391265583,0.7420707855113369,1.0908863898500016e-05,2.0382162512002907e-07,7.526903397848643e-05,6.87187581111172e-06,7.256980693968276e-06,1
0.34570755167158024,0.6541970111043788,1.0181549087833457e-05,1.9023244772601022e-07,7.187858387358376e-05,6.413714713770495e-06,6.773143917879231e-06,1
0.35452287350550965,0.6450979703131886,9.853598045320096e-06,1.84104998060599e-07,0.000356555691337231,6.207126854828896e-06,6.355660066315188e-06,1
0.33251669980530724,0.6660173963300966,9.174355279247264e-06,2.0761579682833197e-07,0.0014354586360706884,6.247235694272165e-06,1.48160217550253e-05,0
0.5286504769302607,0.46944095033947086,8.965127009380035e-06,2.1780618621688916e-07,0.0018811779941585976,6.827855530369048e-06,1.1383947383927878e-05,0
0.15740570691265812,0.795329966562705,6.783440684229818e-06,1.5439689395698178e-07,0.047247171977931685,4.779267625732686e-06,5.437441501256276e-06,1
0.32119451906721536,0.6352996046672843,8.784727156323696e-06,1.641341739980958e-07,0.04348581438815204,5.5338076095218005e-06,5.579208408510686e-06,1
0.08772923538288702,0.8934338134471154,5.887811625216095e-06,1.2025544778160854e-07,0.018821990668976444,4.232906974656572e-06,4.7195269735249485e-06,1
0.12377065034207672,0.8739698721012805,1.087731984517503e-05,1.7584794477829512e-07,0.002235333363543018,6.189723672917107e-06,6.9013016368894565e-06,1
0.11667145194347514,0.8832849451257687,1.2007408085810292e-05,1.7436251080760677e-07,1.8190606176244444e-05,6.255695887583959e-06,6.974858095485773e-06,1
0.15030955819223607,0.8496257855636626,1.5077412527095278e-05,1.8899464345447652e-07,3.5049002876680755e-05,6.780660638330211e-06,7.560173415697305e-06,1
0.11831825007790493,0.8816193574088674,1.3580636307046421e-05,1.7096543713813762e-07,3.207001703678532e-05,5.995085916650816e-06,1.0575808530010416e-05,1
0.3689860921761926,0.6309638718608352,1.21205611307189e-05,2.469818000066983e-07,2.114783501421206e-05,8.861096479132497e-06,7.659488548109464e-06,1
0.2850006437645044,0.7149609497716709,9.288646013708461e-06,1.7376128818325855e-07,1.700990169441838e-05,6.031090825835487e-06,5.903064002608954e-06,1
0.21562323713848439,0.7843431349681491,7.50918180930203e-06,1.581726173424285e-07,1.5206829802243474e-05,5.38022754468871e-06,5.3734815930219965e-06,1
0.291025419892774,0.7089262266288622,8.70685033316828e-06,1.8340018140192434e-07,2.7136276770176326e-05,6.238340897801252e-06,6.088610181318476e-06,1
0.44789013348832435,0.5519836375230455,1.2482160287960353e-05,2.828163246180546e-07,9.692964284882751e-05,7.805723871562119e-06,8.728645297210452e-06,1
0.3641388599364744,0.6357798473093584,9.844551109161733e-06,2.4383202941928293e-07,5.5789954702338666e-05,7.888955058224744e-06,7.525461268101196e-06,1
0.2362119152307703,0.7636470470084357,9.306354132438027e-06,1.7409255126694268e-07,0.00011572876478074137,5.953293562472741e-06,9.875255766948381e-06,1
0.11718962579939869,0.8821305978185486,6.640915871964045e-06,1.242306031391561e-07,0.0006552049789923727,4.2482073158685355e-06,1.3558049269432463e-05,1
0.08886394582537382,0.9106254760712325,6.591771031152077e-06,1.2331125807697525e-07,0.0004861885363507261,4.2167692617959046e-06,1.3457715492297891e-05,1
0.0547099665203023,0.9448151129845656,5.681411455859933e-06,1.062812999669049e-07,0.00045492931388840926,3.634410400098222e-06,1.056907808777904e-05,1
0.048923909388927836,0.9505521994866463,5.866964704243459e-06,1.0569218245788575e-07,0.000497898129878807,9.509843998796285e-06,1.0510493661754519e-05,1
0.059957471655456396,0.9395212031041068,5.989269046659116e-06,1.1055189835594214e-07,0.00048784585649101986,1.3733594468648827e-05,1.364596853204658e-05,1
0.06883449873181816,0.9298712048348923,6.620346593858849e-06,1.1871605737823701e-07,0.0012655473252918352,1.693251233165377e-05,5.077533014899259e-06,1
0.04871890998970605,0.9498278439547468,6.678760555235406e-06,1.2126390863173412e-07,0.001426058289467802,1.7055276583685495e-05,3.3324650314872444e-06,1
0.13301927485704926,0.8663617793652355,1.4311832741773662e-05,2.925964196580748e-07,0.000555147979571833,4.1152498884228106e-05,8.040870097714558e-06,1
0.2656591849248703,0.7299750878841461,1.1722050517389412e-05,1.9727931506580994e-07,0.004331473655381355,1.781354864130768e-05,4.520657128572392e-06,0
0.17309787573722252,0.8230615626884805,1.1841010460327597e-05,1.992813825392693e-07,0.0038030142969900397,2.0940450942872313e-05,4.566534521206069e-06,1
0.1624609131240772,0.8334071720215562,1.183544863460787e-05,1.8517881782902163e-07,0.004094049465417295,2.1280322975143103e-05,4.564438521764832e-06,1
0.05328705509294522,0.9453940138725389,2.583705902274046e-05,1.1287035717669002e-07,0.001263795108702827,1.7869819980516126e-05,1.1316176452841636e-05,1
0.048910972323656925,0.94948858235176,2.3573966713708615e-05,8.869589705204223e-08,0.0015355173105585547,2.555732666775439e-05,1.5708024745837113e-05,1
0.049359520154033006,0.9489305086688825,2.3560110822581026e-05,8.864376493919328e-08,0.001656251976459242,1.9942445852792755e-05,1.0128000184986082e-05,1
0.046398950899072394,0.9491971473102254,2.334038356624273e-05,2.7796395273000555e-08,0.004356387834396317,2.0224959143606252e-05,3.9208172010084956e-06,1
0.04526739832211072,0.9510106662763367,2.1994599741239472e-05,1.4452032848154407e-09,0.00366680035581227,2.916591216267719e-05,3.973088633178906e-06,1
0.0478493828168836,0.9449689728086098,2.833910402558395e-05,1.0971290994797104e-07,0.007110007397878606,2.514687025486832e-05,1.804128943742724e-05,1
0.04774106155274298,0.9444653482314619,2.6058487143192565e-05,1.2425955119183506e-07,0.0077256985304404975,2.370849103004276e-05,1.8000447629998556e-05,1
0.07307806129703105,0.9236486011569665,2.9723988377444914e-05,1.1505371329684169e-07,0.003203367359274297,2.9429207308754008e-05,1.0701937328718653e-05,1
0.0816817587974749,0.9095072864262934,4.032737619867418e-05,1.4340316007110802e-07,0.008726640987025773,3.668061816983462e-05,7.16239167729732e-06,1
0.06755329267412617,0.9269736464363768,2.9099515930939698e-05,1.2626243495753947e-07,0.0053943284150330855,4.151741567033872e-05,7.989280427470708e-06,1
0.09013943797058856,0.9043351161168576,2.3113917048808924e-05,1.3199110295586914e-07,0.005461077020045209,3.3889325542320653e-05,7.233658814560192e-06,1
0.10430123092508026,0.8902512951588061,3.59546355392163e-05,1.521952882927664e-07,0.0053624051779513305,3.942942147095589e-05,9.532485863832268e-06,1
0.07798366271608316,0.9186053184262729,2.8225891753619937e-05,1.5053217053719713e-07,0.003324562122772092,5.4813861514939776e-05,3.266449432871112e-06,1
0.053580296725794056,0.9332970904544413,2.0722625437759077e-05,1.330810332171913e-07,0.01305890798513549,3.447994959625898e-05,8.36917856175471e-06,1
0.03019093795997658,0.951481582751387,2.2754335234004004e-05,1.3543264562991254e-07,0.018256646240952575,3.8829259492948055e-05,9.11402031123687e-06,1
0.0443079589162258,0.9085933587042165,2.3429038966538182e-05,1.6229384303862896e-07,0.047032405718415875,3.932318268702265e-05,3.362145645073803e-06,1
0.0720465457838508,0.8710705286553077,3.8306541675885456e-05,2.286188412056048e-07,0.05679217320723627,3.7362782888654606e-05,1.4854410199451814e-05,1
0.11164838378691151,0.7295442287866614,4.3586858750031154e-05,3.286077817821457e-07,0.15868955877869792,6.385388698769212e-05,1.0059294209798855e-05,1
0.1085683343582138,0.8375257716109653,3.4485614055386196e-05,3.254182959896043e-07,0.0538023880634406,6.103491469004372e-05,7.660020338654664e-06,4
0.058264238360904066,0.930738811510389,2.6899702808347748e-05,2.4232062513029146e-07,0.010926903307659351,3.6354652381279116e-05,6.550145232840036e-06,4
0.0425176015965207,0.9449736420109337,2.605548621575402e-05,1.9410807810695956e-07,0.012427457181933617,4.199338476104837e-05,1.3056231556811394e-05,1
0.0208479507075828,0.9711849872723411,3.2169936249240173e-05,1.9034833481317516e-07,0.007884312645204571,3.161619543434027e-05,1.8772894852976423e-05,1
0.018082963216765592,0.9768752801073111,2.950512628399869e-05,1.9146360922529098e-07,0.004974799912606771,3.232316529503927e-05,4.937008128158068e-06,1
0.018904621358060463,0.9809051849008716,2.5738919261569047e-05,1.3466828472950958e-07,0.0001310173796291497,3.0856565903468174e-05,2.446207989162898e-06,1
0.01335801858162005,0.973021528385176,2.649911374373645e-05,1.4684166507732645e-07,0.013546388252782272,4.4289583552159505e-05,3.1292414608539956e-06,1
0.10715899683026629,0.8812651198882677,5.109782255154205e-05,4.4042046341924267e-07,0.011383404844591457,0.00013380066918514743,7.1395246743522915e-06,1
0.016927591739689767,0.9784880183885818,3.5596026928679904e-05,1.6296568467262608e-07,0.004500630754909886,4.3577467148127316e-05,4.422657057093567e-06,1
0.011709483462647594,0.9825811881258392,3.281111431179215e-05,1.554044818450325e-07,0.005629497776242884,4.2305532862869764e-05,4.558583613531235e-06,1
0.013916631020618377,0.9779920170386728,3.803002726165144e-05,1.5857173357716312e-07,0.008004906154806831,4.354765076399765e-05,4.709536142978512e-06,1
0.014579066852938109,0.9780396050251404,3.233935560018976e-05,1.5317007378940296e-07,0.007306288919358649,3.805363666135641e-05,4.493040227475663e-06,1
0.02269705011318932,0.95912278247826,4.335852629665059e-05,1.5932502478497062e-07,0.018092526823587377,3.838919941054931e-05,5.733534231284183e-06,1
0.9522678699183444,0.04684115781822831,9.023033713011161e-06,1.2731983776818685e-07,6.05525961741885e-06,5.673098535709468e-06,0.0008700935517231251,0
0.9543315304062346,0.044823681312900904,8.965331407539215e-06,1.2723258180929707e-07,6.05110977326647e-06,5.630843239776121e-06,0.0008240137638621538,0
0.9146601158372096,0.08501442733467329,7.805587462958268e-06,1.1077393576497495e-07,5.6832845444001385e-06,3.8109752424438014e-06,0.0003080462069317695,0
0.8952893862044481,0.10439307304026885,7.604784399187403e-06,1.6423312233190476e-07,5.625840286125282e-06,4.88828123157425e-06,0.00029925761624383286,0
0.8992234629125442,0.10044015258410835,7.488505797322408e-06,1.480664837190862e-07,5.795104778735176e-06,5.093957344680369e-06,0.00031785886894314326,0
0.700405107484167,0.2995546745721516,1.2045336189362143e-05,2.3816641437479046e-07,9.477024258145994e-06,8.072598018548494e-06,1.0384818800922618e-05,1
0.6802367525928572,0.31972371431622526,1.17860787316074e-05,2.3304024619295902e-07,9.335345820224815e-06,8.017324676615691e-06,1.0161301442897477e-05,1
0.539232680102981,0.46072310852465576,1.1427286909154877e-05,2.259460347473722e-07,9.566563267258646e-06,7.658390949826513e-06,1.5333185202130315e-05,1
0.4577514680720888,0.542204973410223,1.1366390935222998e-05,2.2474196907969707e-07,9.562085564099731e-06,7.617579409926597e-06,1.4787719809838087e-05,1
0.4380742538804824,0.5618908712231798,1.0329845169794678e-05,2.0424686753944618e-07,8.512083957488555e-06,6.922902469359229e-06,8.905817873696401e-06,1
0.26709361048112046,0.7328679140013908,1.1983046834813607e-05,2.3693479808834372e-07,9.868020407532617e-06,8.030852656509596e-06,8.356662791731057e-06,1
0.4251538668337854,0.5748124394468692,1.0555784052800962e-05,2.087142441894209e-07,8.49357069859088e-06,7.0743232143343975e-06,7.361327135542481e-06,1
0.4551167368375733,0.5448486343862398,1.0121030133875377e-05,1.8910170930438632e-07,7.4303110964057545e-06,6.409560675639515e-06,1.0478772571783122e-05,1
0.34318052632731005,0.6563589426484776,9.913144483962399e-06,1.8521756596932991e-07,0.0004377939568591478,6.2446372441005186e-06,6.394068059053426e-06,1
0.24008182543997914,0.7590557748695272,9.119352670177074e-06,1.7038632973812648e-07,0.0008379236621714998,5.744599951953174e-06,9.441689370415756e-06,1
0.17008112697958191,0.789021519101985,6.681998997613544e-06,1.5208799467409694e-07,0.04088045590616716,4.707796967800646e-06,5.356128306014946e-06,1
0.3299850505812399,0.6212684326943839,8.531374157665774e-06,1.5940051700173428e-07,0.04872401892349509,5.374211673652678e-06,8.43281453277549e-06,1
0.08926472819513315,0.8913318483239246,6.5283548733282805e-06,1.2222077460159149e-07,0.019387674162310672,4.302085093047462e-06,4.796657890334192e-06,1
0.11036269317344906,0.8627819935001552,6.767812449579425e-06,1.4056561252626351e-07,0.026837940521276568,4.947810453792112e-06,5.516616603287188e-06,1
0.11600683372339719,0.8839466928127487,1.3019061911531329e-05,1.7329018295878678e-07,2.027254336257692e-05,6.0766056153832885e-06,6.931962781907674e-06,1
0.1489226846939163,0.8510172000534725,1.4269998758896616e-05,1.7887375056475073e-07,3.317208616876346e-05,6.417548018904836e-06,6.0767459139507375e-06,1
0.22403964960409614,0.775923801783252,9.370063595239408e-06,1.9161224979374077e-07,1.382675435197237e-05,6.650680907878246e-06,6.509501546877486e-06,1
0.2866201062562501,0.713329034504882,1.0088723977667147e-05,1.8872822496385352e-07,2.775068813842524e-05,6.419573826817869e-06,6.411524699825207e-06,1
0.4140827583529606,0.5858557514604614,1.0829089509309972e-05,2.453616379960323e-07,3.5084168732766046e-05,7.758896660314653e-06,7.5726700377082805e-06,1
0.40043728032599035,0.5994878863134835,1.2014710809143215e-05,2.9758302709737657e-07,4.493332534285005e-05,8.40334686941572e-06,9.184394477621137e-06,1
0.3565793238981464,0.6433664998106425,9.65324038473671e-06,2.2227566554822688e-07,2.3215752789441708e-05,7.735647742288229e-06,1.3349374629101458e-05,1
0.3369881409701588,0.6629612880354466,9.187674999813778e-06,2.1155554964252692e-07,2.1103649389157734e-05,7.362565784807808e-06,1.2705548671187371e-05,1
0.23507541462699957,0.7648852553455027,9.137792610957036e-06,1.7093929652266232e-07,1.5992304465513672e-05,6.07044008399487e-06,7.958551040865416e-06,1
0.1718225159416688,0.8274435475778468,8.64064659609778e-06,1.22715385528979e-07,0.000702004993304679,5.527439104949994e-06,1.7640686093347622e-05,1
0.10493798977260488,0.8943967942072752,6.284501891754798e-06,1.17563221021646e-07,0.0006419633495553157,4.020208571810519e-06,1.2830396879738455e-05,1
0.07739299202996755,0.9218215163980612,6.672816132820447e-06,1.2482735646699418e-07,0.0007608021378769292,4.268613977262998e-06,1.3623176627877817e-05,1
0.049718909149272905,0.9497238330738859,5.6135706323222834e-06,1.0501221199951803e-07,0.000534986003909536,3.591012488059629e-06,1.296217759926871e-05,1
0.051223569612884295,0.9483465136197767,5.867091718274125e-06,1.0829670903587772e-07,0.00040136351645726385,1.0758776981710009e-05,1.181908547269246e-05,1
0.05627925245798683,0.9430677857702473,6.061589165329242e-06,1.0842743984272195e-07,0.0006225141830092362,1.4705248117473765e-05,9.572324033898401e-06,1
0.20589761191373987,0.7929177506192352,1.5845927573408377e-05,3.515001248992984e-07,0.0011059089965183293,4.589068153118019e-05,1.664036127704202e-05,1
0.2634911679629435,0.7257409263504014,2.1048773442690776e-05,3.240594121784123e-07,0.010703041164660459,3.671285492504858e-05,6.77883421455886e-06,0
0.4614604776926142,0.5322875338891898,1.1783657069440231e-05,2.6807495829125755e-07,0.006210122844660302,2.4206117643123577e-05,5.607723864939708e-06,0
0.15004917192459577,0.8461427727426819,1.2212297339049029e-05,1.880086032749039e-07,0.003769770146103808,2.1250691294874075e-05,4.6341893812256605e-06,1
0.06175494403162855,0.9373339679079815,2.4383962754245657e-05,1.2094897614671293e-07,0.0008547549924295573,1.97020321518344e-05,1.2126124078124186e-05,1
0.049497277367846905,0.9491225083708078,2.5090816559559483e-05,8.49025222968439e-08,0.0013295668629183916,1.2701975029920536e-05,1.2769704315131242e-05,1
0.04512527514891355,0.953492264837004,2.493198567262146e-05,1.0029932587234034e-07,0.0013343747419814202,1.000177779615473e-05,1.3051209306440453e-05,1
0.043425996619986876,0.9540796929314909,2.1245539680148868e-05,8.912477284781614e-08,0.0024450514757386834,2.0957109038256007e-05,6.967199292020716e-06,1
0.046113697183197126,0.9509778112694672,2.38164221667977e-05,1.4653333470158156e-09,0.0028592385087587045,2.1406721771520428e-05,4.028429305424685e-06,1
0.04232829440892884,0.953418165995442,1.4464972497073433e-05,8.728031931651442e-08,0.004203967689676123,2.0390650587195922e-05,1.4629002549127506e-05,1
0.0432167764039484,0.9519438521140022,1.602035040139294e-05,9.721767120648493e-08,0.004776541534130368,2.286010130313111e-05,2.3852278543431767e-05,1
0.05246780267336957,0.943280387940003,1.9964879839923707e-05,1.0022551929627619e-07,0.004204338998216172,1.7745882440769203e-05,9.659400611014189e-06,1
0.054930870229917585,0.9407627744045752,2.0865249157104922e-05,8.291188823025407e-08,0.0042600899758165065,1.6109781811061573e-05,9.207446834429876e-06,1
0.052603707366725636,0.9432315215854304,1.888821894456002e-05,8.312946538774457e-08,0.004119140252657755,1.8409489131594517e-05,8.249957644710383e-06,1
0.052603541870372555,0.9432285540878006,2.353915048834985e-05,8.312920385440322e-08,0.004119127293443971,1.7993056646180428e-05,7.161412044525646e-06,1
0.07402915139741732,0.9201782798523398,3.6549181629087806e-05,1.2996799290394685e-07,0.005712866219689987,3.324408136923571e-05,9.779299561723531e-06,1
0.07868469687880314,0.9173487918370057,1.8569976872660062e-05,1.2495144021405266e-07,0.0039087672003749905,3.114282852613351e-05,7.906326976999249e-06,1
0.09663364359959618,0.899304371882297,3.260442769565529e-05,1.3694923174330514e-07,0.00398233366766486,3.44054208849861e-05,1.2504052629575254e-05,1
0.11072862373940542,0.8839709000397565,2.5723211527979005e-05,1.483969251996223e-07,0.005228574741103407,3.844537484914979e-05,7.5844964324931745e-06,1
0.4023436818137876,0.5930841134445328,2.5847781259746778e-05,2.2878366289096824e-07,0.004421775700437933,8.787859661424642e-05,3.6473879704822186e-05,1
0.2703331791345223,0.7272663959438921,2.731142042878937e-05,1.7252075708121474e-07,0.002256407479712421,7.795860073092337e-05,3.8574899956349054e-05,1
0.20389862230913935,0.7935195817423621,3.0846451093043774e-05,1.5998529261113902e-07,0.002443519381812493,7.420907250534093e-05,3.306105779506836e-05,1
0.07302098855429925,0.9224070376257464,2.4440321550741396e-05,1.483056489218357e-07,0.004480053228368622,6.411382901272479e-05,3.2181353732131766e-06,1
0.04799662340884908,0.9426077015003083,2.47101649424849e-05,1.52444044437629e-07,0.009300777886151235,6.672665986127399e-05,3.3079358433540037e-06,1
0.06283597925345263,0.9320986270863626,2.873387295776732e-05,1.453837003652283e-07,0.004832060518276945,0.00020081152853520176,3.642356714325541e-06,1
0.03607854338418789,0.9513346260775188,1.950289101868219e-05,1.3541172800891416e-07,0.012515289581197674,4.7272471702481577e-05,4.630182646489314e-06,1
0.038026048674681984,0.9370999591172129,2.0471449569089954e-05,1.4711134083054446e-07,0.024814553647793926,3.577238068287907e-05,3.0476187183309076e-06,1
0.11652483044788757,0.6484992038091189,2.9131194717213862e-05,2.922694461696734e-07,0.23488375526491492,5.38401036150158e-05,8.94691030020962e-06,4
0.13674320480747446,0.6888523155991565,2.93672684063757e-05,3.104560246031123e-07,0.174310778187542,5.5331247049878584e-05,8.692434346208876e-06,4
0.01840447164677996,0.9743157707296589,2.6092489611797083e-05,1.6740368451836e-07,0.007213854373262894,3.434851728527881e-05,5.294839716768296e-06,1
0.03466814910488419,0.965133892543392,2.6104357956354014e-05,1.6090876194658016e-07,0.00013793550529368027,3.130721847247073e-05,2.450361239348979e-06,1
0.007292450855763986,0.9923915811973559,1.201945598970064e-05,1.2563396478054586e-07,0.0002703370157392449,2.5571758558007735e-05,7.914082628363359e-06,1
0.010451538179993936,0.978979342837392,2.4926475036330708e-05,1.5664952055582053e-07,0.01049640871343192,4.458937163344892e-05,3.037772991785588e-06,1
0.08303207114091299,0.9064540158155677,4.560329430238455e-05,3.4151844039714893e-07,0.010365151189414348,9.728078786251228e-05,5.536253499739687e-06,1
0.022657541090076963,0.9693447270634205,3.59494415414476e-05,1.7008337857868017e-07,0.0079164337531657,4.018939890695954e-05,4.989169509898434e-06,1
0.011585497537291468,0.9811507081665282,3.659397174325134e-05,1.1270313499943298e-07,0.0071917394616498025,3.268477755288053e-05,2.6633820994925214e-06,1
0.9663553904451915,0.03284354075109174,8.606474980037261e-06,1.2144197096750311e-07,6.473911922415845e-06,5.4111934145235045e-06,0.0007804557814291064,0
0.955944628071531,0.04315008281727939,9.320250654128455e-06,1.3151372797502972e-07,6.263711008756593e-06,5.947864573020244e-06,0.0008836257712256404,0
0.9623061201761712,0.036727253987067665,8.53702271199859e-06,1.2046196227191735e-07,5.7373395982075095e-06,5.448035340688358e-06,0.0009467829771479604,0
0.9514307670425555,0.04772445071951813,9.193182829686068e-06,1.2972073292390493e-07,6.546795293078597e-06,5.780077267626291e-06,0.0008231324618031261,0
0.9533990467868234,0.04604258633591987,7.387084959736881e-06,1.0483470702283014e-07,5.352413776541353e-06,4.709186770063808e-06,0.0005408133570433113,0
0.9398320891117756,0.05938910431692765,8.55240115167808e-06,1.2137243228752876e-07,6.442881132379212e-06,4.092089252459322e-06,0.0007595978273278914,0
0.9283470359901949,0.07137297661145907,7.871036868119656e-06,1.1170276889093875e-07,5.382075532812662e-06,3.842930052236964e-06,0.0002627796531242213,0
0.9105052508232653,0.08890354945548296,9.79215889093566e-06,1.5172465329727516e-07,6.100302621977489e-06,4.681847877540015e-06,0.0005704736872079351,0
0.8954988320319262,0.10413261585279812,7.62435046105367e-06,1.5075247238425908e-07,6.243150226963314e-06,5.109721759279549e-06,0.00034942414035612574,0
0.9117760963018778,0.08817579119314817,7.556796836772902e-06,1.4941676832253424e-07,6.187834377185025e-06,5.06444836508435e-06,2.915400862668098e-05,0
0.7674154918837941,0.23252277121041767,9.452314673512242e-06,1.658083588940928e-07,7.523440036884209e-06,6.5786037477565725e-06,3.801673897119009e-05,1
0.564938901065074,0.43501951127818883,1.084972656361273e-05,1.936910873459941e-07,7.964623194680079e-06,6.565116630841291e-06,1.601449926067655e-05,1
0.3350263596609616,0.6649373809895273,1.1295128032003584e-05,2.2333292329875034e-07,9.294142192752606e-06,7.569820114355161e-06,7.87692624872821e-06,1
0.32707509544511826,0.6728896219223878,1.0945107534264043e-05,2.1641214287437928e-07,9.385133050496148e-06,7.335241790256662e-06,7.400737975936576e-06,1
0.36881459726291005,0.6311484484465051,1.0117433827706006e-05,2.534288554416918e-07,9.325858479978841e-06,8.001154014825946e-06,9.256415407056244e-06,1
0.33623447519478994,0.6637237000965248,1.0492891482213239e-05,1.9604958078236582e-07,1.7545666998262925e-05,6.609840202989058e-06,6.980260421142105e-06,1
0.14145562480919466,0.8250700031356566,7.073097614765041e-06,1.3215402299337889e-07,0.03345821906436209,4.4555921552215175e-06,4.4921469937864864e-06,1
0.09213521318135945,0.8855038758075064,6.094973269199623e-06,1.2448661512292084e-07,0.02234542412744611,4.381841081845679e-06,4.885582722060237e-06,1
0.13122644505010306,0.856482154246228,1.1125094059269252e-05,1.7686388802385886e-07,0.012266932088372188,6.225484158860428e-06,6.94117319064822e-06,1
0.1297048961503524,0.870121705516023,1.2018712529286621e-05,1.751393964297463e-07,0.0001483056361087356,6.025351533833933e-06,6.8734940564038255e-06,1
0.11418247671504111,0.8857738057373624,1.2813101495099688e-05,1.7054874747839366e-07,1.7792730127948333e-05,6.118867486431248e-06,6.822299739289698e-06,1
0.11690576533638362,0.8830439675184342,1.5197491254135985e-05,1.7461638970121248e-07,2.1645219331709716e-05,6.264804434732755e-06,6.985013772002112e-06,1
0.14511584302595845,0.8548266721615859,1.3645591871770554e-05,1.7104684015881482e-07,3.1720587860033636e-05,6.136737820588024e-06,5.810848063215437e-06,1
0.1487094628705077,0.8512505056395815,1.3030789124097939e-05,1.9341276275809917e-07,1.3454393579957738e-05,6.782225399012814e-06,6.570669044985151e-06,1
0.15608818038041358,0.8438675809527171,1.3423637492163475e-05,1.992437134003786e-07,1.5261057130499802e-05,6.986693920027214e-06,8.368034613292657e-06,1
0.2087983214127308,0.7911663407230056,8.94719269962956e-06,1.860576126201034e-07,1.342593131588312e-05,6.457884677779874e-06,6.320797957659899e-06,1
0.2424970716716842,0.757467313778121,9.356982602429711e-06,1.7503965035452975e-07,1.4182076908739347e-05,5.953958176030665e-06,5.946492857185408e-06,1
0.2648629687464038,0.7350884645477381,1.052465026332303e-05,2.216901283041669e-07,2.2748280307003137e-05,7.540770044321126e-06,7.53131511517059e-06,1
0.30165664659682895,0.6982912875038035,1.0499746148569689e-05,2.2116555064535289e-07,2.6479697446912247e-05,7.522926581800877e-06,7.342363639570935e-06,1
0.39460846950543715,0.6053500150473223,1.0011500045878497e-05,1.872836086175778e-07,1.4042292535501191e-05,6.650863481684138e-06,1.0623507568797535e-05,1
0.07227031082052895,0.9269676868537826,5.839090560122533e-06,1.0923097898748724e-07,0.0007461226893019459,3.735278042032355e-06,6.196036805283036e-06,1
0.040176687143285865,0.9593781649389264,5.8577084471369336e-06,1.0704705204509252e-07,0.00041586390835713147,1.3868794983470082e-05,9.450458947804727e-06,1
0.12186235134584253,0.8776474085624232,1.6160576946426182e-05,3.188965081609663e-07,0.000396225029060002,4.5563606080744264e-05,3.197198313898677e-05,1
0.16137996045870953,0.8343171811134797,6.697174413087563e-06,2.104523840747626e-07,0.004270427684377867,2.095369413885411e-05,4.569422496817815e-06,1
0.13043079663538923,0.8658756194638642,6.949388154115641e-06,1.859072736804249e-07,0.0036565437484031107,2.101317712933473e-05,8.891679786298094e-06,1
0.052579557467320494,0.9459685693326076,2.408753635194729e-05,1.0332454516183231e-07,0.0014012862196538657,1.4158291128297234e-05,1.2237828392514768e-05,1
0.05422205251017282,0.944510870035107,2.1979555879770973e-05,8.448999417411093e-08,0.0012226344801701285,9.738497924875455e-06,1.2640430751122769e-05,1
0.043486350717655366,0.9551329305213389,1.995594120800189e-05,8.362258854915043e-08,0.00133846727022248,9.701267587350253e-06,1.2510659399584349e-05,1
0.039860926807830994,0.9585487991984811,1.877407455116263e-05,8.392165035698768e-08,0.0015507984552172692,8.062140647522754e-06,1.2555401621538846e-05,1
0.03874073484401617,0.959619329467009,2.047633509130547e-05,9.224814323903355e-08,0.0015926511566999554,1.471225892668624e-05,1.2003690113565208e-05,1
0.04503304293373495,0.952115268104354,2.137133921090062e-05,1.437721273707033e-09,0.002805360322288759,2.1003343269243283e-05,3.952519420805479e-06,1
0.04235671881298538,0.9540584077902872,1.57797775441679e-05,3.267660610116205e-08,0.003544912361783772,1.9546672381764634e-05,4.601908411660475e-06,1
0.042331970098894625,0.953500958596346,1.5233741323620472e-05,1.0089311855119667e-07,0.004119167524801796,1.9535251407247273e-05,1.3033894108360313e-05,1
0.03809114031391989,0.9590171351901485,8.09829692789984e-06,8.733842739559932e-08,0.0027630624791968156,4.7699568550770715e-06,0.0001157064245243609,1
0.11481859796349304,0.8797323218728984,3.479398213881641e-05,1.4623098265977537e-07,0.005374577934702763,3.365423506187124e-05,5.907780722714544e-06,1
0.10840008756566642,0.8875716596278519,2.308318717842674e-05,1.3606658596662714e-07,0.003966969848779678,3.0606691783800625e-05,7.4570121538698625e-06,1
0.11788321667390575,0.8786157766259434,2.2870531850733684e-05,1.34813063903008e-07,0.0034393158905027996,3.129715077761941e-05,7.388313955872563e-06,1
0.08581471802131023,0.9081711597366695,2.4719132608193376e-05,1.3910220926408906e-07,0.005944918654882271,3.672197544403623e-05,7.6233768764278034e-06,1
0.0988226219694304,0.8942460905775914,3.9369315119041994e-05,1.4931188050475085e-07,0.006839363467697422,3.812570393755648e-05,1.4279654343551026e-05,1
0.0684043996517377,0.9276012730993335,2.5246433622773764e-05,1.531971956102981e-07,0.003907199479391762,5.8403859988485484e-05,3.324278730140608e-06,1
0.15264720435298015,0.8392852132850322,3.2989489216467215e-05,2.8803695423864655e-07,0.007880410959744686,0.00014818822536930094,5.705650702813843e-06,1
0.0464961010402835,0.9437204242725914,2.7057373565622113e-05,1.4009946471847596e-07,0.009689744049469564,6.302319600613538e-05,3.5099686189635785e-06,1
0.0397265399466796,0.9393517529514536,2.26316137298814e-05,1.5713495603589655e-07,0.020853339109872034,4.212696818692657e-05,3.452275121892336e-06,1
0.05934174645200201,0.8976800812833442,2.6900061794582086e-05,1.8361621907754488e-07,0.04290759371468752,3.965052282002173e-05,3.844349132631573e-06,1
0.014819144240574782,0.9791513208999354,3.819581016875427e-05,1.6232813305913042e-07,0.005944909706496634,4.3207511385796334e-05,3.0595033056922437e-06,1
0.008104295296033986,0.9871481658561924,2.9603392589445024e-05,1.2539908921793417e-07,0.004683237843167718,3.220873519369693e-05,2.363477733421062e-06,1
0.011956007032919658,0.979340899596156,3.053420693918917e-05,1.3074047400819035e-07,0.008633893147611817,3.6255522344321494e-05,2.279753555082567e-06,1
0.08146429094273921,0.9075924671414078,4.474223012806772e-05,3.350700182295608e-07,0.01079662368585119,9.610920980291976e-05,5.431720052727006e-06,1
0.021370741380965265,0.9710696581461773,3.0298820894976408e-05,1.4718771285638265e-07,0.007493261487294891,3.13254113582575e-05,4.56756559646939e-06,1
0.0182114059758627,0.9628712978254559,3.324602504421805e-05,1.4585947893236373e-07,0.018824888163351556,5.55262095873863e-05,3.489941219337971e-06,1
0.013191303497987389,0.9726776558403056,3.020002663151392e-05,1.1864141355204161e-07,0.014050204430673273,4.771384845933516e-05,2.803714529454632e-06,1
0.006693588409242503,0.9898546219670444,2.95451272224492e-05,8.360442327792919e-08,0.003394622890290697,2.5463092595795435e-05,2.0749091808148216e-06,1
0.9675389208536623,0.0316629689804565,8.925757623951275e-06,1.259472200575859e-07,6.818329710988034e-06,5.611937638392924e-06,0.0007766281936879212,0
0.9592474946212459,0.03973583362940683,1.1884643022105682e-05,1.312812661616188e-07,6.9688773376790745e-06,5.84961127725894e-06,0.0009918373364438753,0
0.9405543790347319,0.059155916734425724,8.006516489277358e-06,1.1362544427223527e-07,5.474714097012628e-06,3.90907619236259e-06,0.00027220029861943067,0
0.9403750691992737,0.059318476656992664,7.97301715045949e-06,1.1315003436567926e-07,5.776958985759367e-06,3.892720581528815e-06,0.00028869829698148,0
0.8673773569659008,0.13228492839120568,8.871279475880315e-06,1.252347976748948e-07,6.034077284878043e-06,4.308474824295149e-06,0.0003183755765107146,0
0.9016591257129208,0.09803287440364192,6.1478452700189015e-06,1.2768906386443991e-07,5.055725187254282e-06,4.494565019629971e-06,0.0002921740588963021,0
0.8792841074489612,0.12036588658088399,7.5410038634094706e-06,1.491045017507131e-07,5.903648771631528e-06,5.129668462033222e-06,0.00033128254455594994,0
0.8643791521568455,0.13512873564778616,9.091599634590345e-06,1.7976365722476368e-07,7.451917919519217e-06,6.093049462616678e-06,0.00046929586469448924,0
0.9097507815432563,0.09008196196180925,7.44965514460057e-06,1.4729830917340144e-07,5.832134320590984e-06,5.0675297003499355e-06,0.00014875987745954802,0
0.7621844519513401,0.2377390130679524,1.1608956765999699e-05,2.2953810206077144e-07,9.11980218702321e-06,7.780143278141821e-06,4.779654037421806e-05,1
0.6307186155713927,0.36923833789410015,1.1155842997614545e-05,1.9915592782917645e-07,8.408614448167453e-06,6.750346192163063e-06,1.6532574941418598e-05,1
0.3668741675560071,0.6330879243085851,1.1823478992049144e-05,2.3377974285673503e-07,9.681579556156237e-06,7.923912756196804e-06,8.2453843603965e-06,1
0.4454083423512411,0.554552220811544,1.2779652748617356e-05,2.387755146574883e-07,9.782188171769855e-06,8.214636128774103e-06,8.421584651194512e-06,1
0.2963106902479088,0.7036528290398356,1.1842822608111141e-05,2.2127174492710813e-07,9.078124104906715e-06,7.460209144891445e-06,7.878284652627381e-06,1
0.26793660530664937,0.7320035708135716,1.0054248822285015e-05,1.8785396475622438e-07,3.55735111508903e-05,6.333523813626374e-06,7.674742027414832e-06,1
0.3988485805405329,0.6005951832854568,9.77897223727826e-06,2.0573207969202248e-07,0.0005294766713513876,6.936287065578846e-06,9.838511276372093e-06,1
0.3808606317600127,0.6178735614298221,9.386324634517996e-06,2.1241266650017353e-07,0.0012398106652050306,6.657779629186472e-06,9.739628029971182e-06,0
0.36184532272691294,0.6358010387003862,1.2599753143034724e-05,2.851326015844095e-07,0.0023233687597425156,8.579744862534113e-06,8.805182351298266e-06,0
0.12432732592415835,0.8475517845318886,6.266084822629729e-06,1.2798147837401693e-07,0.02810506976669443,4.402969364648589e-06,5.022741592503125e-06,1
0.10144586058957505,0.8769538316142276,6.42304640080814e-06,1.2024923914843982e-07,0.021584812528811722,4.232688435146491e-06,4.71928331045397e-06,1
0.12388737020958719,0.8498187230002475,8.863208602475105e-06,1.810263621050087e-07,0.02627138602187492,6.372000311724656e-06,7.1045330139658426e-06,1
0.11759539258215912,0.8821852116394239,1.4017101184015934e-05,1.7421079806133821e-07,0.00019212678919192902,6.108887968637548e-06,6.968789274432449e-06,1
0.12748782362584718,0.872466183076999,1.868803151709549e-05,1.8746564688487222e-07,1.2670748847679749e-05,6.573683419925743e-06,7.873367722190468e-06,1
0.12418794871912553,0.8757719362979324,1.3758830438254454e-05,1.7966438309585372e-07,1.2330641833062539e-05,6.300123760988165e-06,7.545722526767158e-06,1
0.21977967956399774,0.7801757033534263,1.0685756744578508e-05,2.0728998816600028e-07,1.7749220670161342e-05,7.26884515092136e-06,8.7059700221328e-06,1
0.1704278329868399,0.8295292450710009,9.054831869391002e-06,1.8451115008134623e-07,1.5798780963200552e-05,6.4700808294015715e-06,1.1413737347015155e-05,1
0.2338028345202014,0.7661602709666792,9.34222042358391e-06,1.907181924555738e-07,1.4018699938146098e-05,6.7430069023105565e-06,6.599867663053981e-06,1
0.19659415398313806,0.8033736396645218,8.222204098825784e-06,1.6813920307219338e-07,1.2132937535664584e-05,5.971002448141462e-06,5.712069054391655e-06,1
0.19832636071904433,0.8016447977707889,7.894418166204355e-06,1.4767967990087307e-07,1.0656576805320644e-05,5.125822741790025e-06,5.017012773410419e-06,1
0.296502618612273,0.7034498362841137,1.1393256838567406e-05,2.1313192277437222e-07,2.1448477894383905e-05,7.249663442570803e-06,7.240573514909323e-06,1
0.30803821532925857,0.6919170260017437,8.768516579789371e-06,2.2910459141438648e-07,2.1875240041209803e-05,7.026672161911008e-06,6.859135623269635e-06,1
0.30059040452560926,0.6993673839526933,1.0608064137771416e-05,2.169286275097843e-07,1.794035911194146e-05,7.549559883196731e-06,5.896609937134657e-06,1
0.27128444625306936,0.7286745773713952,9.555057107849522e-06,1.9539525753837122e-07,1.6159513519489524e-05,6.800154569788379e-06,8.266255080682386e-06,1
0.2551270618080936,0.7448368008691159,9.005545781615145e-06,1.6096474318343973e-07,1.233584736218967e-05,5.504373176252083e-06,9.13059172738691e-06,1
0.1057402675999513,0.8936030332099522,6.639687786212739e-06,9.429755486645167e-08,0.0006303862199624532,4.247421706929377e-06,1.5331563086252748e-05,1
0.19759134629137104,0.8015825653972862,1.5949430336495336e-05,3.3854321609772625e-07,0.0007423716432664595,3.5874442501102244e-05,3.155425202239715e-05,1
0.16510963109237764,0.8311518626569868,6.910018334493961e-06,1.69505005788346e-07,0.003702982025795457,2.136002925598243e-05,7.084672243592556e-06,1
0.1303591958815439,0.8654002919439133,6.952206309776769e-06,1.7053989059593237e-07,0.004204604929972817,2.14904393855465e-05,7.2940589839441115e-06,1
0.1086520840535352,0.8895606309534958,6.534278552556178e-06,1.4235178137865586e-07,0.001755181759911789,1.8008680654689178e-05,7.417922068770524e-06,1
0.052301803424127664,0.9465162178319765,1.9270028912015055e-05,7.93546506496594e-08,0.0011406015079634129,1.0155713235050339e-05,1.187213913459967e-05,1
0.04420079173035086,0.9539608029473174,1.1123387539246015e-05,8.82104181855215e-08,0.0018147985634944864,4.910407260740673e-06,7.484753618860445e-06,1
0.04283427068165209,0.9545804952306887,9.985963237856688e-06,8.77088716720663e-08,0.0025641695614219704,4.88248768285033e-06,6.108366444828443e-06,1
0.03891032923657082,0.956147394800381,1.2705670018974274e-05,1.0121968467883127e-07,0.004898295678270164,1.8103325470850316e-05,1.3070069603452317e-05,1
0.04350458632610265,0.9475878441056623,8.198402999102807e-06,8.674658461918281e-08,0.008867268447435902,4.828920072259731e-06,2.7187051143199992e-05,1
0.034879595174217806,0.9621560187889929,7.4155122718270156e-06,7.846288635152824e-08,0.0029058286521154103,4.367791636911797e-06,4.669561787880696e-05,1
0.03871809346999234,0.9590090536139402,7.10988007866265e-06,7.199968191827951e-08,0.0022346545898972066,3.4020175823211473e-06,2.7614428827367926e-05,1
0.05622808853855963,0.9428462061489266,7.601903301498676e-06,8.373379801440431e-08,0.0009086686457979268,3.874593955084369e-06,5.476435661162171e-06,1
0.07194379155214443,0.9245368582623491,9.962795577053623e-06,1.0973866404527218e-07,0.003497210702000525,4.889719192381065e-06,7.17723007240685e-06,1
0.12129552580241672,0.8744499398261109,2.7777054920531076e-05,1.4535293385074492e-07,0.004199081810268114,2.1421974442180704e-05,6.108178907873562e-06,1
0.11275601806382622,0.8813188006450268,3.432601962598194e-05,1.4649469054460484e-07,0.005859545171060133,2.500744672215557e-05,6.156159048147303e-06,1
0.11318452436285203,0.8808469622350825,4.193495153503366e-05,1.4641626055786082e-07,0.00589211016686585,2.724359217281219e-05,7.078275231107642e-06,1
0.12115546149959133,0.8734401810541594,3.248212388386455e-05,1.4518508959425856e-07,0.005336137149516604,2.8574231647860857e-05,7.018756111416144e-06,1
0.12115556793895353,0.8734409484022809,3.4614120817486404e-05,1.4518521714449975e-07,0.005336141837502005,2.5331517094869953e-05,7.250998134156368e-06,1
0.11689638122897465,0.8783033229760835,3.21491588610562e-05,1.3971892947573223e-07,0.004728753886512363,3.227503579293543e-05,6.977994845897712e-06,1
0.10464262056487433,0.8919223656274351,2.4078530587618792e-05,1.4047380368359552e-07,0.0033714982101170467,3.159804725383821e-05,7.698545928284136e-06,1
0.08139757008524247,0.9094529422860067,2.4212926401526656e-05,1.412578669431907e-07,0.009083674130408606,3.371779823339086e-05,7.741515840512535e-06,1
0.4147802235790626,0.5681520720578418,2.9692185535320265e-05,2.369294060951921e-07,0.016957409860861732,5.248862469446206e-05,2.7876762597981808e-05,1
0.4073323676698596,0.5877270462867472,3.601809203731211e-05,2.000612811240926e-07,0.004796502109664345,8.15069435061562e-05,2.6358836904190992e-05,1
0.4381633389805936,0.5598864616772363,3.55061253732127e-05,2.032631403871332e-07,0.0017867547593804507,0.00010095450020072803,2.6780694075306033e-05,1
0.08730269057876654,0.9112298484745867,2.3846727330927838e-05,1.4470367601886338e-07,0.001392203927857651,4.261102214251541e-05,8.654565639775289e-06,1
0.12211598219074568,0.8692038052813852,3.40764981403482e-05,2.922615197151142e-07,0.008494425166321908,0.0001456292678423078,5.789334044916953e-06,1
0.09266096681515294,0.8789983862843702,3.534356546397563e-05,2.3724945951522333e-07,0.028185746590845107,0.00011389346278284475,5.426031925593474e-06,1
0.05612339205784934,0.9260052484826292,2.9591466749272755e-05,1.7571265172848072e-07,0.01778899496641116,3.3956655829338486e-05,1.864065788002945e-05,4
0.026162783920338824,0.9666058453444446,3.477125941683117e-05,1.9070348637495867e-07,0.007158928191729492,3.2534189505617427e-05,4.946391078454818e-06,1
0.008490221978471152,0.9913180728889486,2.890507435236293e-05,1.3047617235339506e-07,0.00012017761213845808,3.442823628775698e-05,8.063733629514121e-06,1
0.008684940151463158,0.9857881758719017,3.2177856247045564e-05,1.4560297496139083e-07,0.00544490025586317,4.0661554844496264e-05,8.998706705773775e-06,1
0.012171336984211028,0.9836847175768155,2.6804476553031235e-05,1.1088887346627542e-07,0.004078841491122357,3.530838845954121e-05,2.8801939649745153e-06,1
0.014612042709507254,0.9786751769138184,2.372758526578447e-05,1.4049564583098088e-07,0.006653127826335975,3.2874221642350555e-05,2.9102477839090043e-06,1
0.014505335327794326,0.9753295851363777,2.712385402083316e-05,1.6188435372137667e-07,0.010093604467939304,4.148925469452351e-05,2.700074819790409e-06,1
0.016640543506464867,0.9772668234945391,3.0216494460476687e-05,1.6421153682700888e-07,0.00601388521388349,4.3910611401398196e-05,4.456467713820135e-06,1
0.02033654331738023,0.9726216872852237,3.0069997598966298e-05,1.4357379856187504e-07,0.006963525012356311,4.527465483747452e-05,2.7561588049036677e-06,1
0.023018973821253483,0.9690446216098197,3.0302762742483196e-05,1.4736553882107175e-07,0.00786662187981953,3.65550672103062e-05,2.7774936153793703e-06,1
0.016449806612449172,0.9703603353357313,2.3926929835633092e-05,1.367718171288392e-07,0.013119861383445404,4.335513982987647e-05,2.5778268914039106e-06,1
0.95027886598758,0.049144359659488455,7.768873020359078e-06,1.0796461663274592e-07,5.512213634729482e-06,4.849782659966005e-06,0.0005585355189996577,0
0.9090406795315827,0.09065933200007366,9.194811473025658e-06,1.1130541779832141e-07,5.682780717817888e-06,3.8292599125415075e-06,0.00028117031082232726,0
0.8856679341315273,0.11389417476672252,1.0881923068639135e-05,1.412779577625978e-07,6.332964168736788e-06,4.86041048932846e-06,0.0004156745260656348,0
0.9035977571805385,0.09606223104492378,7.545088047061605e-06,1.4918525627352443e-07,6.187129107691789e-06,5.056601315310307e-06,0.00032107377081138033,0
0.9019936262293035,0.09784054341865174,7.386134306625553e-06,1.460423433804373e-07,5.7824055677781364e-06,5.024320487737883e-06,0.00014749144933906783,0
0.9019935574007173,0.0978405359527162,7.3861337430105045e-06,1.4604233223635853e-07,5.858712302335234e-06,5.024320104346176e-06,0.00014749143808441187,0
0.8782238599453075,0.12165742683386256,7.77324856281302e-06,1.6144824545464625e-07,6.26985388625142e-06,5.682864409370688e-06,9.88258057259191e-05,0
0.7959486450161712,0.2037560560788834,1.2295475858924783e-05,2.8100240764777357e-07,9.738821687952057e-06,8.557381589573917e-06,0.0002644262234013504,1
0.7691662551359892,0.2307643986846929,1.171529775880243e-05,2.3164072938131475e-07,9.053062559977677e-06,7.969176852998806e-06,4.037700141662061e-05,1
0.41789197157770197,0.5820638039008476,1.2602818070195728e-05,2.491892250751102e-07,9.663601355175736e-06,8.446213752957664e-06,1.3262699047169493e-05,1
0.45072550978290526,0.5492355649181089,1.1251640492524324e-05,2.429907216884168e-07,8.491016058357185e-06,7.399809651524929e-06,1.1539842061727506e-05,1
0.46329325217073763,0.536666195808838,1.329280644422835e-05,2.4836329768869494e-07,9.706619719180891e-06,8.544486318798716e-06,8.759744644401591e-06,1
0.40423516929324277,0.5957287102875776,1.1714645939531394e-05,2.1887688720998216e-07,8.863819431832887e-06,7.530060140412096e-06,7.793016780743095e-06,1
0.2982869042936689,0.701669117950617,1.4111645794276705e-05,2.636625230335114e-07,1.1325437037760025e-05,8.889420409947593e-06,9.387589949056554e-06,1
0.3248143060333326,0.6751189650582236,9.996732621713348e-06,2.1031336857160258e-07,4.1233465699071106e-05,7.09074588817317e-06,8.197650866189718e-06,1
0.367056229512761,0.6327016386967834,1.0851321777613347e-05,2.455655737025995e-07,0.00021207822370567346,7.69691139970375e-06,1.1259767998947646e-05,1
0.36264955649173475,0.6363076759190966,1.1265017478101584e-05,2.549275135759774e-07,0.0010122431772547436,7.67086265396626e-06,1.1333604268180054e-05,1
0.35176390347455516,0.6473104770859722,1.021967974600735e-05,2.957379624663775e-07,0.0008977859848635761,6.959044657634595e-06,1.035899224296825e-05,0
0.18587613723608085,0.7961277698055798,7.691013409676272e-06,1.621298245947494e-07,0.017976410662044882,5.466230677124362e-06,6.362922383170503e-06,1
0.13080527936464367,0.8416063208594987,6.536733023430806e-06,1.3350932516164673e-07,0.02757198856051848,4.501286365447652e-06,5.239686624940333e-06,1
0.1528956522438311,0.8207037441426646,6.802872087084974e-06,1.271051190274726e-07,0.02638506774278264,4.285367621806549e-06,4.320525893961935e-06,1
0.1051480261115593,0.8744802857512187,6.0190972752493784e-06,1.229368879561611e-07,0.020356394048914848,4.327291778225728e-06,4.824762365893008e-06,1
0.1356668683852933,0.8468467084473149,1.3992784413589832e-05,1.739085783707908e-07,0.017459201484221056,6.098290311936495e-06,6.956699866878792e-06,1
0.12171669149909312,0.8782382521257587,1.7960779384232097e-05,1.80170347141241e-07,1.3030586979985417e-05,6.317865931415174e-06,7.566972505361836e-06,1
0.21171883157606267,0.7882518194049369,8.033332076508677e-06,1.5027832129224804e-07,1.0844094963507747e-05,5.2160191394976e-06,5.1052944995273234e-06,1
0.3261404361712577,0.673818112257345,1.070270672516741e-05,2.0021390683508544e-07,1.6797695141101093e-05,6.949236330731261e-06,6.801719293272174e-06,1
0.2854630842868517,0.7144891816423021,1.1531555679815454e-05,2.493398090032705e-07,2.111724660492905e-05,7.507464396191124e-06,7.328464356068413e-06,1
0.2503341863302712,0.7496292890078039,9.11058759707739e-06,1.8630611934222906e-07,1.5170665805841531e-05,6.483833972151579e-06,5.573268430531936e-06,1
0.23750640953571117,0.7624641850539803,7.888452230078129e-06,1.4756807604117358e-07,1.1833004607212103e-05,5.121949076824722e-06,4.414436318346905e-06,1
0.22392954482543706,0.7760392700750045,7.846936988810331e-06,1.600297308666024e-07,1.2918512046664376e-05,5.472399362518232e-06,4.787221429624816e-06,1
0.29215003728480354,0.7078121923731159,1.0096883789252375e-05,1.8047127242504085e-07,1.1084482362235152e-05,6.1714212154421515e-06,1.0237083441043854e-05,1
0.16857672579028127,0.8313564460712951,8.660492315716902e-06,1.1752099546406539e-07,3.566212010163721e-05,5.494027279719374e-06,1.6893977730850522e-05,1
0.0597866380584348,0.9394891898120605,6.152137807897207e-06,8.737331801817509e-08,0.0007014369201243552,3.935534999634134e-06,1.2560163254581308e-05,1
0.03975374372018061,0.9594770544040608,5.572683243574411e-06,8.824374437540448e-08,0.0007485989393224908,3.564856742774739e-06,1.1377152705441116e-05,1
0.04055801384619387,0.9585914745308571,6.1461211566764045e-06,1.1021224667699783e-07,0.0008239932962182399,1.520482286821375e-05,5.0571704593037716e-06,1
0.19218995704612252,0.8073743447650109,1.4875191391029172e-05,3.0062211285113474e-07,0.00036868328725728325,3.930719831816967e-05,1.2531889787171212e-05,1
0.144673134522639,0.8524514700832212,9.728655396198656e-06,2.2470523579817744e-07,0.002828648269416181,2.907795496125912e-05,7.715809130447995e-06,1
0.20804726474171603,0.7826626470368487,1.2924859330419994e-05,2.985287735276459e-07,0.009232090818382855,3.797026259399918e-05,6.803752354415825e-06,0
0.242705985126368,0.7533566280394121,7.268040804261787e-06,2.0914293884364092e-07,0.0039031495697712058,1.9301220349887967e-05,7.458860356010051e-06,1
0.09266068474222924,0.9069159340970775,6.440515801083361e-06,1.1709900355890972e-07,0.0003907659596804823,1.4317453370404389e-05,1.1740132837979673e-05,1
0.09635138481864629,0.9029970279819763,2.1758725603784794e-05,9.281096358083076e-08,0.0006069032693791324,1.183980068849855e-05,1.099259274228775e-05,1
0.049938796010788315,0.9487610404503224,8.982211289410445e-06,8.345809711261644e-08,0.0012750777533318475,3.5340661066382934e-06,1.2486050064088646e-05,1
0.05583405678163042,0.9428985452906584,9.879146322034904e-06,8.12822508618584e-08,0.0012418350453742458,3.4419290372095083e-06,1.2160524726720085e-05,1
0.07993761605861174,0.9189298659088658,1.0218424369932076e-05,1.125543759611723e-07,0.0011098104866287372,5.015181268260839e-06,7.361385879422101e-06,1
0.11792228337159487,0.8770339726118793,3.383129377131157e-05,1.4702941899461467e-07,0.0049761756628918345,2.6246927173792856e-05,7.3431032701832796e-06,1
0.10506064780652768,0.8893116480809654,3.0403709081262314e-05,1.363539975901763e-07,0.00555890594731565,3.078533861182332e-05,7.472763500570773e-06,1
0.09985742961105022,0.894305203275598,2.4273926202380104e-05,1.4161373891048722e-07,0.005773336091085223,3.1854463227643334e-05,7.761019097440013e-06,1
0.4276459299138949,0.5603247828917738,2.8313210439086785e-05,2.0849806843183714e-07,0.011910313032098037,6.61931155624531e-05,2.4259338163379503e-05,1
0.09214787825680652,0.907131226097836,2.5912291429867514e-05,1.7140637710376925e-07,0.0006440916027353146,4.185103999840262e-05,8.869304816600728e-06,1
0.06957499601091938,0.9282946584258576,2.7476116390166462e-05,1.4548445401111372e-07,0.0020422846226516326,5.173807662589369e-05,8.7012631015809e-06,1
0.08065807190290948,0.8953236030779347,3.7184947075016184e-05,2.3404559691852443e-07,0.023887314799998394,8.823846874442386e-05,5.35275774081588e-06,1
0.050701645490291956,0.8644183189319167,2.5098939062439655e-05,1.9979489030260884e-07,0.0847850542795049,6.572487821217128e-05,3.957686121514834e-06,1
0.08744985328455016,0.8929731267689416,2.3263370990743948e-05,1.736773206014968e-07,0.019512320826979804,3.70637560848224e-05,4.19831513234931e-06,4
0.005206995221519092,0.9894954580021443,1.7146640941842696e-05,1.3896956666226324e-07,0.005235002656669207,3.6669767261714934e-05,8.588741897298374e-06,1
0.012704104155267373,0.9827116192560309,2.6777960545760615e-05,1.1164497606890555e-07,0.004519236178353013,3.527346005930721e-05,2.8773447676038835e-06,1
0.013127098707824093,0.9804938352263476,2.6382351058803364e-05,1.5745881273083476e-07,0.006314402037538176,3.5497957352376006e-05,2.6262610662198844e-06,1
0.022494936826411314,0.9772596722965162,2.03219887738823e-05,1.3846659507602725e-07,0.00018503630855769924,3.7025927671655915e-05,2.868185474423633e-06,1
0.012584831427720017,0.9804981306059046,2.7488619586782886e-05,1.6330046579166757e-07,0.006841287315252532,4.366698852955281e-05,4.431742540836263e-06,1
0.010481879486178253,0.9799654313166487,2.8537978816802345e-05,1.2647849647541485e-07,0.009488539051294712,3.3101866545094375e-05,2.383822020084221e-06,1
0.06426960126314696,0.9287374405934803,4.250702850721963e-05,3.4200485477332917e-07,0.006865104451479032,7.946051991339233e-05,5.544138618005395e-06,1
0.022241693320115656,0.9663835761308577,3.468052423572534e-05,1.7651413022705966e-07,0.011292181564296124,4.4365070395969876e-05,3.3268759687783796e-06,1
0.033412291600408525,0.9469858028333504,3.937540115624385e-05,1.864951539279844e-07,0.01951398684250131,4.484183265203877e-05,3.514994777463552e-06,1
0.026620488686795483,0.9503109107683185,3.8500575777650934e-05,1.8235168646225874e-07,0.022982831436692202,4.36492805631981e-05,3.4369001664462606e-06,1
0.018668874469260445,0.9681838576533022,3.1390669493187935e-05,1.48514994790462e-07,0.013083678463324307,2.9251071469501742e-05,2.799158155418257e-06,1
0.013877638814834186,0.9774728066792391,2.5298715105753998e-05,1.4461325626849838e-07,0.008569471083519267,5.19144744793761e-05,2.725619566136594e-06,1
0.004880036909163884,0.9922993536755815,2.136073093647227e-05,8.965150551396643e-08,0.0027739227286284734,2.3554036080101402e-05,1.6822681040326284e-06,1
0.9858534505634292,0.010631441747157118,1.8293299019776095e-05,2.1571581472802718e-07,1.3287289931829374e-05,9.611833427647743e-06,0.0034736995512195767,0
0.9104202961480975,0.08926689498207986,1.1113708106775307e-05,1.442871792596856e-07,6.467856350211219e-06,4.963937267042331e-06,0.00029011908091921727,0
0.8719071187509779,0.12765016604979715,8.304240173685751e-06,1.577794940995275e-07,6.619711454361828e-06,5.428115753279276e-06,0.0004222053523494806,0
0.9217254822112142,0.07804384472359982,7.56925618130272e-06,1.4966312071697807e-07,6.003965789394208e-06,5.14888672881857e-06,0.00021180129336578827,0
0.7618467599629631,0.2381123429057306,1.0716631629946299e-05,1.913150548929227e-07,7.622924257958864e-06,6.484581535567585e-06,1.5881678827816877e-05,1
0.6630379026331679,0.336906120330225,1.4668150598707005e-05,2.618582157034869e-07,1.043370761255118e-05,8.875626392485855e-06,2.1737693787640425e-05,1
0.40841460894810855,0.5915501123510963,1.1306604554082396e-05,2.1125302655205625e-07,9.116844096818772e-06,7.122426594000128e-06,7.521572523660505e-06,1
0.29320875184561684,0.5366235918447936,9.361000813117642e-06,1.5351977614084943e-07,0.17013699979543148,6.374331125600085e-06,1.476766244324597e-05,0
0.148850550260358,0.8251991427764768,6.5440619848749045e-06,1.3365901533455572e-07,0.0259337730672648,4.610613557484307e-06,5.245561342649577e-06,1
0.14711722111984868,0.8224135623500342,6.892344812066399e-06,1.2877683080051428e-07,0.030453476328537593,4.341729627994806e-06,4.377350308729261e-06,1
0.10641619365387864,0.8922790917042199,9.399699849775314e-06,1.3438516776141728e-07,0.0012849834668764621,4.821407637591228e-06,5.375682369636096e-06,1
0.09579475311019828,0.9038250297921856,9.047296041860664e-06,1.293469382856639e-07,0.0003571916261155144,4.640648417812893e-06,9.208180102659253e-06,1
0.09237062419130067,0.907591993794891,9.085003382759759e-06,1.2988603074750277e-07,1.426057669565212e-05,4.659989722781104e-06,9.246557976510701e-06,1
0.12440022108028949,0.8755645770794732,1.2272589194221406e-05,1.5145805784195956e-07,1.2198479434892164e-05,5.433940731840304e-06,5.145372818651083e-06,1
0.1449129538348283,0.8550448426952206,1.794727045359823e-05,1.7926314854570292e-07,1.1700907662422998e-05,6.286054042329538e-06,6.089974644170689e-06,1
0.2616479684728198,0.7383154923439434,9.055411419394669e-06,1.851777991944153e-07,1.5314512682089195e-05,6.444566123453492e-06,5.5395152125402476e-06,1
0.2813545699717095,0.7186071368794238,9.551712972394931e-06,1.953268719493562e-07,1.590521399783363e-05,6.797774611433673e-06,5.843120413399921e-06,1
0.29162177971260994,0.7083421060575116,9.943138243937034e-06,1.8600477478643097e-07,1.3964782297371553e-05,6.4560507262867055e-06,5.564253836134974e-06,1
0.1969968095683434,0.8029515943310025,1.0441337311289555e-05,1.4168667439054953e-07,1.2018326966055085e-05,5.9583285569340665e-06,2.303642114555926e-05,1
0.05436048637225251,0.9449118036215884,6.697569464145972e-06,1.0390800297215845e-07,0.0007029503670956341,4.284448733380472e-06,1.367371286296414e-05,1
0.023115430284769242,0.8678706406436858,0.10845407273458728,9.62880807609705e-08,0.0005398766221795834,9.374916636018544e-06,1.0508510061357481e-05,1
0.02433084705482287,0.869881576846787,0.10537321243723487,9.558960114264661e-08,0.0003925805095250057,1.1255281341297423e-05,1.0432280687599053e-05,1
0.14726012626842735,0.8522855151685863,1.421065401176215e-05,2.6630644783699194e-07,0.0003931125128663636,3.673949574670781e-05,1.0029593913983279e-05,1
0.08035641790623428,0.918404322020138,6.38081591485808e-06,1.323521188697898e-07,0.0012101875980139339,1.5662465869365366e-05,6.896841710756143e-06,1
0.12354407492782245,0.8761229314115653,6.409719315963367e-06,1.1863304882684957e-07,0.0003005832765207773,1.3988098303985534e-05,1.1893933422764562e-05,1
0.1083583404390575,0.8913592870414788,8.416700669743226e-06,8.02148253523418e-08,0.00024962848021614653,1.0588261786389178e-05,1.3658861965940792e-05,1
0.06865752009587016,0.9299259092780755,1.0709119693824009e-05,9.950364365749165e-08,0.001384605148147185,4.213521116620299e-06,1.6943333453086744e-05,1
0.07175157864522844,0.9252194474613404,8.749073716580988e-06,8.750916654381625e-08,0.0029943669620706645,3.6217987526810224e-06,2.2148549724465847e-05,1
0.03909499157076502,0.9586223243902293,7.139115914000849e-06,9.035950141801877e-08,0.0022331268805120944,4.141865385826173e-06,3.8185817692322545e-05,1
0.09981567220216177,0.8948345876180295,3.249772192922999e-05,1.455515342140361e-07,0.0052734475958645,3.3788319163938594e-05,9.860991316911622e-06,1
0.10976670744916231,0.8826204219555728,2.7626553207461007e-05,1.5815169274761724e-07,0.007532520779698875,4.389774324015285e-05,8.667367425999274e-06,1
0.126798363799162,0.8637511991272494,3.08257468757768e-05,1.4402584069686192e-07,0.009366252515000692,3.740953251863578e-05,1.580525335274614e-05,1
0.10769292182742785,0.891372618636127,3.549182814313271e-05,1.5124449776194224e-07,0.0008478772069129773,4.268369128179074e-05,8.255565609398442e-06,1
0.16698333913234392,0.8145676130765612,4.267751237660216e-05,3.147524591660099e-07,0.01825482874125147,0.0001440282147952706,7.198570212060863e-06,1
0.10789488307147661,0.8860302824262744,5.369507260058476e-05,2.645926348853048e-07,0.0058829298381216635,0.00013189361278093573,6.051386111050084e-06,1
0.08348245986608839,0.9106132049812011,3.100482303110344e-05,2.591989973496066e-07,0.0057429766326485545,0.0001249600910775775,5.134406955890519e-06,1
0.06373556283104367,0.9008541521838913,2.506809428441696e-05,2.171899807221932e-07,0.03531422498438825,6.647245537194893e-05,4.30226103948102e-06,1
0.14372431590861995,0.6172629991151966,2.771353000136325e-05,2.7804620248268826e-07,0.23892362275689036,5.6130232227400714e-05,4.940410861858835e-06,4
0.024219669989879816,0.9756142690922784,2.1109612233830423e-05,1.626156727065884e-07,0.00010959145202863623,3.19933128976381e-05,3.2039250089516864e-06,1
0.008779566266015794,0.9910330035987838,3.018000617410755e-05,1.36231155789346e-07,0.0001167601544786888,3.193433828123022e-05,8.419405110618593e-06,1
0.006961207578681258,0.9875669360341099,1.7733609234042576e-05,1.43653308412564e-07,0.005411439851480117,3.366106180333503e-05,8.87821138312255e-06,1
0.013370482365845785,0.9806855575276073,2.029458086741532e-05,1.3530386365898688e-07,0.005887252608966213,3.342267971323609e-05,2.8549331364928486e-06,1
0.02510819214305549,0.9746051558439592,2.2923892790521867e-05,1.7240657066198623e-07,0.00021649138974458713,4.390435080526164e-05,3.159973074135899e-06,1
0.009322909238130903,0.9859399881250517,2.4810678924744753e-05,1.3655820941842084e-07,0.004674612633067055,3.448528255081286e-05,3.057484064996274e-06,1
0.06571095979417849,0.9243816590465664,4.318636416149733e-05,3.404844839499145e-07,0.009776349465222503,8.198535304659862e-05,5.519492340392264e-06,1
0.032866438413272796,0.9538768962758534,2.99050651748644e-05,1.5258220417722953e-07,0.0131872594178865,3.668763247347769e-05,2.660613134946886e-06,1
0.030884631612860005,0.9548772051035397,3.386739899005883e-05,1.6530554545169634e-07,0.014158172882867203,4.284207567501921e-05,3.115620522626823e-06,1
0.037105243564337455,0.9479336301883386,3.562601847910811e-05,1.7376387383260677e-07,0.014882616065881791,3.943535898139034e-05,3.2750401078480696e-06,1
0.02202934749494712,0.9673040495163286,2.7588181144811157e-05,1.4253088238646346e-07,0.010594248443127851,4.19374618504351e-05,2.686371718855234e-06,1
0.012441005693858068,0.9795007135955476,2.3726048924652022e-05,1.2971730009662327e-07,0.00798569445872583,4.6285619797023676e-05,2.444865846553695e-06,1
0.016116618706029564,0.9704266323647953,2.262942219871466e-05,1.1821463664668561e-07,0.013391749128579496,3.9423673379114023e-05,2.8284903811677378e-06,1
0.015309933653028835,0.9688416239249089,2.5074522883693193e-05,1.3103578679719046e-07,0.015767403128828347,5.26984759099181e-05,3.135258653734492e-06,1
0.004646902723251513,0.9928717700303229,2.1373053056497818e-05,1.1837174223027264e-08,0.002437756294056197,2.0502823603943645e-05,1.68323853475219e-06,1
0.986304093844371,0.009731145666544238,1.4972615304001733e-05,2.0105993098922348e-07,1.1757509195628087e-05,8.958798723586012e-06,0.003928870505930437,0
0.9852450105020545,0.01319176777338806,1.4479955212358995e-05,1.978054877983074e-07,1.0166304665667058e-05,8.813787724321695e-06,0.0015295638714672745,0
0.9907067009268975,0.008078677786584085,9.773199219090009e-06,1.3350817806619384e-07,7.258304727744574e-06,5.948837689155574e-06,0.001191507436704513,0
0.8649495864326825,0.13460345694850856,8.223031942776687e-06,1.5623654816810428e-07,6.51123139001515e-06,5.375033512366946e-06,0.00042669108541577237,0
0.8983494466421437,0.10147284392752293,7.947980366815098e-06,1.6507737720738827e-07,6.410791471293432e-06,5.810607288313081e-06,0.00015737497382991298,0
0.8846514364034449,0.11508381590466381,8.37867604674135e-06,1.74022808617062e-07,6.8902650709073794e-06,6.125480166871445e-06,0.00024317924779834147,0
0.7759913882349281,0.22363112093772342,1.1514268687797418e-05,2.2766588199858727e-07,8.897716209107922e-06,7.716684792595278e-06,0.00034913449177725143,1
0.7706940006995798,0.2290604386881486,1.1435665311071641e-05,2.2611169670245063e-07,8.836975005463371e-06,7.6640060252091e-06,0.00021739785423347481,1
0.6928142401436781,0.30713722305710167,1.0582488187857426e-05,2.0924225170995776e-07,8.177677561196822e-06,7.092219912637783e-06,2.247517130694278e-05,1
0.53340790651615,0.46654194540115707,1.270388412927744e-05,2.373598509118726e-07,9.457573354037946e-06,8.045259728094417e-06,1.9704005630454483e-05,1
0.5179857924072184,0.48197871704578943,1.158768075359084e-05,2.1650466488024677e-07,8.601819048366669e-06,7.448448157360628e-06,7.636094367895925e-06,1
0.5948278901753681,0.4051375386159076,1.0080070954075792e-05,1.883364264419351e-07,7.482814131252833e-06,6.383621582021844e-06,1.0436365630575619e-05,1
0.39885887605242004,0.6011045139542028,1.0161142993850262e-05,2.1377226864432437e-07,1.0433928993256333e-05,7.2073632084834756e-06,8.593785912710767e-06,1
0.3642899397937662,0.6356721341933491,9.475475677366289e-06,2.1443015592974617e-07,1.3501209189736217e-05,6.721015029634198e-06,8.013882832046279e-06,1
0.1002825087039177,0.883307755786831,6.596442117791612e-06,1.2349547181402314e-07,0.01639382193366285,4.34695353618757e-06,4.846684462835703e-06,1
0.08510286163363621,0.8982105448478409,6.707734455926967e-06,1.2557903437121463e-07,0.01667041145592229,4.420293469164959e-06,4.928455641365178e-06,1
0.13459426923607049,0.83856064149892,1.0040933313105606e-05,1.879816080869752e-07,0.026821145025223495,6.337827327134913e-06,7.3774975376105845e-06,1
0.1071963091381234,0.8618670761748297,7.9696226194382e-06,1.2725357602517518e-07,0.030919054365397422,4.373041382332636e-06,5.0904040714237406e-06,1
0.14671147555755878,0.8532450222885793,1.7554914149320123e-05,1.7534416673515422e-07,1.3666426825030424e-05,6.148630753427888e-06,5.956837967442494e-06,1
0.13709099031854785,0.8628669589491024,1.6969205677952652e-05,1.6949392087305028e-07,1.3210455243702358e-05,5.943485624892313e-06,5.758091882419368e-06,1
0.11264081261641926,0.8873173380138291,1.3633451149997997e-05,1.5732017948696276e-07,1.2810276116714068e-05,5.516600362242918e-06,9.731721943404696e-06,1
0.14781649425803672,0.8521475341098298,7.912426359014835e-06,1.6453956093419445e-07,1.1873187088338297e-05,5.843171034493115e-06,1.0178308090693294e-05,1
0.12628451851778102,0.8736853515003449,6.627479728824943e-06,1.378189894227217e-07,9.94502863901606e-06,4.894263254537492e-06,8.525391262308523e-06,1
0.20555558815501304,0.7944158304180093,7.82322891711127e-06,1.4634795344591316e-07,1.0560479324201484e-05,5.0795997695215385e-06,4.971771013408588e-06,1
0.2733356977340223,0.7266218791714266,9.604334227455447e-06,2.3070681564033798e-07,1.8611565401980208e-05,7.072559365284705e-06,6.903928740702789e-06,1
0.13807496682893397,0.8618821510386968,7.825922884306516e-06,1.0619606995316405e-07,8.904117267669333e-06,4.465847469127339e-06,2.1580048678205096e-05,1
0.10518160124677084,0.8941061690601381,6.249353354789879e-06,9.344978674258187e-08,0.0006863244484919165,4.368714506036419e-06,1.5193726951561539e-05,1
0.1372572930411349,0.8622346814721923,1.4376542270485007e-05,2.694151796998451e-07,0.0004440149788915459,3.7002235532801246e-05,1.236231479845546e-05,1
0.07413545272367238,0.9251250495347921,7.182448850396342e-06,1.2938561921418354e-07,0.000703854014442844,1.5359926075697406e-05,1.297196654738909e-05,1
0.1078539130943339,0.8918863460604758,5.592840311562448e-06,7.681040508794596e-08,0.0002310554432698732,9.93658889131188e-06,1.3079162312401958e-05,1
0.09329810920645554,0.9043350125733979,1.0205960666474042e-05,9.482854822557166e-08,0.0023155120558013675,4.015552352859077e-06,3.7049822777367515e-05,1
0.10324192489795075,0.8942382687336874,9.397231711729592e-06,9.94312863074463e-08,0.0022174697432181473,4.2104571160354725e-06,0.00028862950502965437,1
0.05479773362268513,0.942075245766886,8.93319512865532e-06,2.8908139247709423e-08,0.0030940562993163876,4.861390423914662e-06,1.9140817420552537e-05,1
0.05415810588092605,0.9434723392342323,8.978522549653068e-06,8.915728577122773e-09,0.002336330382967287,4.999124834731725e-06,1.9237938761457695e-05,1
0.04404420439210618,0.955873665216818,6.562027287686235e-06,9.992757211122428e-08,6.778018229061055e-05,3.985252819305557e-06,3.7030011062453032e-06,1
0.10600604851160209,0.892409204551234,1.1558632943084687e-05,1.2731656767958183e-07,0.0015606525673228732,5.672952827584153e-06,6.735467502779749e-06,1
0.09424232119141933,0.9012131558485664,1.5347495167389595e-05,1.4209541405011465e-07,0.004517776863227385,6.426433895766302e-06,4.830072309550871e-06,1
0.1029680681588289,0.8915961964800604,2.9859683996678602e-05,1.4947068738497346e-07,0.0053735007210783175,2.4999548418281818e-05,7.225936929837054e-06,1
0.10181230640989583,0.8944760862261241,2.9116401410887193e-05,1.4229166387038698e-07,0.0036516709640624146,2.3798829072644215e-05,6.87887777033369e-06,1
0.10011545280087207,0.895083333906107,2.9252627720529795e-05,1.4532976888448226e-07,0.004738643423220008,2.5913694816747324e-05,7.258217494484622e-06,1
0.14168416185594726,0.851486334698187,2.4297605095349116e-05,1.4773928371980168e-07,0.006757839282090328,3.830870178955696e-05,8.910117606943338e-06,1
0.1630958257020554,0.8126540514065683,3.1875636534458744e-05,1.670422249028793e-07,0.024121505819551838,4.0155633625691084e-05,5.641875943925068e-05,1
0.30539682471212365,0.686715575894837,3.54345030121994e-05,1.856293848996004e-07,0.007764588745220578,4.60930956568379e-05,4.129741976487767e-05,1
0.25229364814885447,0.7440862866389844,3.5979918289490545e-05,1.672803427290427e-07,0.003483090034726083,5.8841246695435755e-05,4.198673210751528e-05,1
0.06799197775739418,0.9305601621224318,3.0427396053941208e-05,1.4000859891555044e-07,0.0013616918279062197,4.894744695336756e-05,6.653440661364603e-06,1
0.21278795139052895,0.7769437293322629,3.366008028333704e-05,2.938920011953728e-07,0.010135510193694693,9.303347939135863e-05,5.821631837498299e-06,1
0.15637370349394925,0.8367590203471714,3.074984177296674e-05,2.6130759473438197e-07,0.006696652234105691,0.0001344365997813104,5.176175624713574e-06,1
0.024909122587370453,0.9630308827921841,2.5124668340501223e-05,1.4917671870127003e-07,0.01199085944579353,4.0624292575965174e-05,3.2370370164756807e-06,1
0.04680047231634033,0.9325239328012364,1.854910357692905e-05,1.715114559682245e-07,0.020614175554286546,3.7366894106588397e-05,5.33181899712406e-06,1
0.1641736738071814,0.7768165390756401,3.8658378541355794e-05,3.497175562189332e-07,0.05888862996868084,7.593516277351487e-05,6.21388962661455e-06,1
0.0954015188910745,0.8624663105892141,2.611894071986841e-05,2.1119756379357274e-07,0.042057325581002225,3.9867120543906e-05,8.647679881554679e-06,1
0.11706187171622422,0.8518398111043479,2.708407538511386e-05,1.9744227618241172e-07,0.031016000333552923,4.6541421972260235e-05,8.493906241329844e-06,1
0.088611748172197,0.8820632705422525,2.4436994102129165e-05,1.570611571776329e-07,0.029263975788789566,3.2961381626434716e-05,3.4500598754023945e-06,1
0.013175798176980794,0.9812413631786462,2.587162056457529e-05,1.8564771511227471e-07,0.0055186280917917255,3.552502097523324e-05,2.6282633261898104e-06,1
0.07983918915373771,0.9121049186229404,3.7022225602829975e-05,3.944674904437969e-07,0.007936240322068881,7.56632502378069e-05,6.571957921856804e-06,1
0.02665986495871323,0.9730577520563786,2.6458306147194773e-05,1.611540555811339e-07,0.00021514789743190936,3.7927763343823465e-05,2.6878639297528683e-06,1
0.008886403430137342,0.9876086865979646,2.4633334931859668e-05,1.3558210641886337e-07,0.0034428666397937754,3.423878555966313e-05,3.035629506565461e-06,1
0.008566594154196609,0.9864643704626334,2.5204411387850714e-05,1.2754424121564095e-07,0.004907901461518532,3.3398057221916226e-05,2.4039088004487688e-06,1
0.017228838164723304,0.974593533648482,3.2595549335878756e-05,1.8641727714309136e-07,0.008094466694912913,4.7503243978656826e-05,2.87628129016154e-06,1
0.09737961095960627,0.890029420708429,6.716647861607435e-05,4.0022746250926017e-07,0.012396375933509046,0.00012053772444378265,6.487967933538631e-06,1
0.03363309514101402,0.9479149125383937,4.092249500259079e-05,2.577263686091661e-07,0.018343766267187797,6.286790679892061e-05,4.177925234515706e-06,1
0.02958262632313838,0.9591639962409333,2.8961214298647857e-05,1.7471806204077776e-07,0.01117728125554883,4.3913646527422586e-05,3.0466014912080463e-06,1
0.03128830184724075,0.9544802047355442,3.1143530376148575e-05,1.638134089960782e-07,0.014157941499196173,3.938811983928913e-05,2.856454394571099e-06,1
0.03587016069316314,0.9499224942303626,3.3801403815401626e-05,1.6498342539910265e-07,0.014130583781840992,3.968535807482654e-05,3.109549317671973e-06,1
0.01904884425260068,0.9731671190328056,2.4287696725918844e-05,1.3119132436009145e-07,0.007716242515567809,4.0902663240445545e-05,2.4726477351380273e-06,1
0.014219038245223992,0.9791882200410698,2.3529436781690668e-05,1.169382323371777e-07,0.006530591665251917,3.629966294821767e-05,2.2040104919279683e-06,1
0.0062933788124681185,0.9908609058749978,2.3163028621190817e-05,7.804437215866429e-08,0.0027967676324632384,2.3769688216740567e-05,1.9369188609149886e-06,1
0.005485821491142827,0.9923349365587902,2.3729816960771804e-05,5.467617100813892e-08,0.002133102665127058,2.065875188999053e-05,1.6960399178593194e-06,1
0.9387746131326062,0.0609100387938778,9.988470706301908e-06,1.372330176738421e-07,6.15164458390939e-06,4.721251702300055e-06,0.00029434947350578624,0
0.8773247528966681,0.12221169764262418,8.095860718772639e-06,1.5382031128577544e-07,6.4536021131468356e-06,5.291907288902506e-06,0.0004435542702755593,0
0.9166449153974455,0.08310659942051281,8.375109430610795e-06,1.6559685439470435e-07,6.948404309180937e-06,5.612868809289392e-06,0.00022738320263838134,0
0.8956770431364971,0.10410205041962997,9.205182328471175e-06,1.820094710826216e-07,7.2911069348321755e-06,6.2617039233653216e-06,0.00019796644121517867,0
0.6350592260590291,0.3646257865917226,8.151422922566065e-06,1.6930282341708928e-07,6.703381814528403e-06,5.959340015703209e-06,0.00029400390167177586,0
0.7179605720801643,0.2816714394845411,1.0591656811543128e-05,2.0942353832526237e-07,8.786461151854294e-06,7.2048349120308596e-06,0.0003411960588812297,0
0.7188672757088216,0.2807571753340841,1.0823814225955576e-05,2.1401387088982508e-07,8.473672566259603e-06,7.362756932561464e-06,0.0003486746994987445,1
0.525638952245176,0.4743149739707353,1.3107688571666843e-05,2.4490454836563883e-07,1.0976774092196834e-05,8.300985582118392e-06,1.3443431294471659e-05,1
0.4780579850625735,0.5218892191706181,1.4608376628747137e-05,2.7294346070685726e-07,1.0408920358090071e-05,9.251358323808933e-06,1.8254168036903607e-05,1
0.49623320235206586,0.5037257437509579,1.1811797933651019e-05,2.2069207873765722e-07,9.351438345996342e-06,7.4406656147902535e-06,1.2229303003092007e-05,1
0.5044941645362544,0.495331418711649,1.1100512732964715e-05,2.5120476873952124e-07,0.00014433809276251093,7.5588438924930815e-06,1.1168097939828287e-05,0
0.11762261449630097,0.8823416149433597,9.279527635628266e-06,1.3266709554459028e-07,1.420892474391049e-05,4.759767453290165e-06,7.3896734112307216e-06,1
0.12584097041073963,0.8741197872057225,1.3681263505435072e-05,1.6884274105198184e-07,1.3598647267764122e-05,6.057660192865305e-06,5.735969830947694e-06,1
0.18894357360652217,0.8110255113000447,7.941810958072092e-06,1.6196458210713823e-07,1.1687376422571568e-05,5.621638257115282e-06,5.502303213394147e-06,1
0.20956389674256837,0.7904027965949311,8.055253388494057e-06,1.5068839994134556e-07,1.4751242329581472e-05,5.230252583576553e-06,5.119225798823246e-06,1
0.22797643030783582,0.7719880241417287,8.590727780715612e-06,1.7567529405721713e-07,1.457243420752174e-05,6.2386260415616885e-06,5.968087111573425e-06,1
0.23920927813646287,0.7607533691178444,9.232284222116566e-06,1.7270693672052968e-07,1.690668874681713e-05,5.8746111287453096e-06,5.166454658369507e-06,1
0.17475395054888318,0.8252186101415462,7.060694255425946e-06,1.623022107183301e-07,1.0910822083013575e-05,4.997936762490271e-06,4.307554259171957e-06,1
0.1415945075783239,0.8579627309818518,1.3618321270038536e-05,2.702208740598181e-07,0.00037044659852812113,3.457032901224757e-05,2.3855970139808244e-05,1
0.30088100373937926,0.6937861899229112,9.442005700605388e-06,2.7170029365342756e-07,0.005289485638380508,2.5074464698302307e-05,8.532528636719628e-06,0
0.08362473441370402,0.9161240028998938,5.4400834510066035e-06,7.471248780698952e-08,0.0002231614972629683,9.864461143785657e-06,1.2721932056888957e-05,1
0.09506246616954371,0.9044819452508639,4.832446936098304e-06,7.739379617375073e-08,0.0004342563328464788,3.2439047291637667e-06,1.3178501284694955e-05,1
0.051582933245042,0.9482141100215616,7.345238278826189e-06,2.681908917983405e-08,0.00017850257656276049,3.040661868693644e-06,1.4041437596820401e-05,1
0.03676149358591064,0.9630237918411705,6.190337234162158e-06,6.715063922399967e-09,0.00019412126111990395,2.562574782159324e-06,1.183368471889141e-05,1
0.04535659460870763,0.9519792732919496,9.67045454082814e-06,3.100068175435751e-08,0.0026093320344186778,4.392093257184077e-06,4.070651644427284e-05,1
0.047530874394555556,0.9519799341838153,6.143175546045234e-06,7.727066329277943e-08,0.00047125626437939856,3.6444214628383317e-06,8.0702895773324e-06,1
0.029691752897659573,0.9702558250694312,4.0624167222402666e-06,5.940238370297226e-08,4.117181740633971e-05,2.801643971724269e-06,4.326752424995571e-06,1
0.08103144443388477,0.9178905338995335,1.0816317200245362e-05,1.425012679208912e-07,0.0010543901496424051,6.568969729472134e-06,6.103728741446802e-06,1
0.088644699789298,0.9100092252604315,1.1292702563001597e-05,1.4877748162236967e-07,0.0013214026253962952,6.858288262719138e-06,6.372556566743367e-06,1
0.11984327794586569,0.8786377711530817,1.4272955810278596e-05,1.357097983866774e-07,0.001491175869869047,6.186868408888375e-06,7.179497166014548e-06,1
0.1005041148715647,0.8977335270285207,1.575776986711374e-05,1.458939592000399e-07,0.0017348970169551571,6.5982276124690026e-06,4.95919152052528e-06,1
0.10210671518830747,0.8942150094053093,1.6259267575312488e-05,1.4225013223437817e-07,0.003650605126014154,6.433431209439576e-06,4.835331451955929e-06,1
0.15446657409269263,0.8376913360674063,2.2514088013857167e-05,1.4911928443657364e-07,0.00776988209418844,3.8666535092908126e-05,1.0878003321513498e-05,1
0.07069724549931494,0.9277681564529047,3.1328987959274356e-05,1.5247723603887524e-07,0.0014446772672245308,5.3443637448742686e-05,4.995677912132624e-06,1
0.05689275858751139,0.9418717459655707,2.6919341165599238e-05,1.4011328889743487e-07,0.0011547353556414547,4.9110044280159227e-05,4.59059254171365e-06,1
0.03260736602487763,0.9611060050479331,2.1723044978877348e-05,1.3950574356977516e-07,0.006198103436284097,6.088304469032385e-05,5.779895492448011e-06,1
0.031061905410802594,0.956631581538739,2.1252000283119952e-05,1.479857815944778e-07,0.012240388892535902,4.1512977396060223e-05,3.2111944618696843e-06,1
0.04310241605643978,0.9342480338977368,2.1564859428699318e-05,1.86693988013792e-07,0.02258303542983928,3.895926044598781e-05,5.803802121096835e-06,1
0.016025871211817908,0.9838100486327958,2.0757908693530355e-05,1.2855014654465706e-07,0.00010533147732569598,3.5385987030245725e-05,2.4762321900221764e-06,1
0.016026053123313178,0.9838212159730698,2.0758144318923772e-05,1.2855160573205886e-07,9.398155869350233e-05,3.538638870062777e-05,2.476260298016704e-06,1
0.011293793836950537,0.9827126999255084,2.7025568422356923e-05,1.5984728556979487e-07,0.0059203842350498016,4.03665135280491e-05,5.5700732555269065e-06,1
0.007970412627361385,0.9888536118163093,2.4664386359702247e-05,1.3575301376883672e-07,0.003118096694126634,3.003926677522545e-05,3.039456054243259e-06,1
0.03576738858071552,0.94773233537869,3.501605957071156e-05,2.2722930819365215e-07,0.016412311037832868,4.903816739194812e-05,3.683546490981917e-06,1
0.04982411626521221,0.9223809549261573,3.3421094813360875e-05,1.86728460341576e-07,0.027718006335356354,3.979525794603062e-05,3.519392054325984e-06,1
0.01921224834748397,0.9725040962815437,2.477025673429259e-05,1.3379789868025782e-07,0.00821717713182187,3.905240899050525e-05,2.5217755270912343e-06,1
0.021970153390802872,0.9661405981227976,2.7514050139877362e-05,1.4214789383459233e-07,0.011817622909866524,4.12902252132868e-05,2.6791532859292226e-06,1
0.012490388850605678,0.9802966906598203,2.2932346465025225e-05,1.1397077132974573e-07,0.007147059135084252,4.066695641840189e-05,2.1480808351848347e-06,1
0.01731818036354893,0.9647200438860885,2.6514129591529996e-05,1.3850809658957545e-07,0.017876105461932475,5.570360410588883e-05,3.3140466361062088e-06,1
0.007339857377403351,0.9878638854574916,2.172995815604634e-05,7.184132159125117e-08,0.00475192308642092,2.0834536815030135e-05,1.6977423913805647e-06,1
0.0026216714750922267,0.9950344445724277,2.031260769993545e-05,8.783636703773334e-09,0.0023026139542508275,1.937559557939837e-05,1.5730113134372783e-06,1
0.9845784430155454,0.009611341378120988,1.684052421610491e-05,1.985845963484724e-07,1.1612757480765278e-05,8.848503128084202e-06,0.005772715236912254,0
0.9865587975083002,0.012476914823042378,1.0765099305367926e-05,1.4705817028204837e-07,7.453262919982984e-06,6.552596241994749e-06,0.0009393696520196987,0
0.949103509880176,0.050464875866114776,1.0428468408252816e-05,1.424595760298367e-07,6.376763907158399e-06,6.442903553887779e-06,0.00040822365826410814,0
0.9339666420137236,0.06574021690692104,1.0438918913682546e-05,1.434217895711874e-07,7.083077170694678e-06,4.86124988423891e-06,0.0002706144115969496,0
0.9180651059436398,0.0817394705705737,1.0837093657478494e-05,1.4889236892806048e-07,7.072350997801552e-06,5.122370419134801e-06,0.00017224277834324226,0
0.8866382588117061,0.11291739146288442,7.452644712000983e-06,1.4735742039596072e-07,5.83447477237047e-06,5.06956331416141e-06,0.0004258456851904019,0
0.9177817307845705,0.08199098557816131,8.223436228875644e-06,1.6259789595584338e-07,6.522864150297106e-06,5.5938840818644845e-06,0.00020678085491127794,0
0.8615647123352009,0.13818348191691177,7.7419110536642e-06,1.6079737396531812e-07,6.3666167563407296e-06,5.65995419184952e-06,0.00023187646851149948,0
0.7816482179779094,0.21799738525736587,9.17128233421496e-06,1.904850243065378e-07,7.542070605229832e-06,6.704938552298037e-06,0.00033078798820854297,0
0.7158017292069159,0.2838274656267495,1.0672729599812952e-05,2.1102655006209073e-07,8.853716248698916e-06,7.259983607436619e-06,0.0003438077103284358,0
0.5153513619357624,0.48460333707892983,1.2887832400704168e-05,2.407967473631494e-07,1.0792659897826271e-05,8.161752574306027e-06,1.321794368749638e-05,1
0.5036371476232748,0.49631675571824957,1.1673048255815905e-05,2.4558005031035317e-07,1.0283127458125017e-05,8.279767205395904e-06,1.5615135505989888e-05,1
0.42856020160072583,0.5713952708040753,1.1022633500852273e-05,2.4944236055504875e-07,1.6427315512175977e-05,7.5058123819524006e-06,9.32239144335714e-06,0
0.4680102031812139,0.5313473084418957,1.1161838271397643e-05,2.2612241149819339e-07,0.0006058911979132084,7.600603240262756e-06,1.7608615053971683e-05,0
0.5458574136546012,0.45337077832572686,8.689011098900364e-06,1.5092415131208347e-07,0.000738359953293923,5.916742771861687e-06,1.869138835582446e-05,0
0.4276158875266074,0.4416087965979842,7.181912043989898e-06,1.1778286865562132e-07,0.13074932166856346,4.890490493193339e-06,1.3804021439073948e-05,0
0.1786564568062831,0.7938498169023396,6.793267633742128e-06,1.269256690584435e-07,0.027478212354559703,4.279317439934289e-06,4.314426074821738e-06,1
0.11378333514238288,0.869199836539599,6.828137640199686e-06,1.2783316588395323e-07,0.01700054551244101,4.30991382773273e-06,5.016920943124833e-06,1
0.13000667009405167,0.8689027878939117,9.293897059766458e-06,1.3287253162279569e-07,0.0010689469880726114,4.767137991966389e-06,7.401116380706991e-06,1
0.11193614571523913,0.8880287685439412,1.0819253769379238e-05,1.3352220442456025e-07,1.4806466891959378e-05,4.790446646191712e-06,4.536051307678758e-06,1
0.14561032246675457,0.8543499870521819,1.3906286733272409e-05,1.7161979001192088e-07,1.3764230574478438e-05,6.018031500061153e-06,5.830312465721497e-06,1
0.11484942257589552,0.8851089108788874,1.459018268024085e-05,1.6763852547120015e-07,1.5335239906760624e-05,5.87842420060886e-06,5.695059903767618e-06,1
0.2051682972631257,0.7947994894086414,8.27531586506103e-06,1.687660513408325e-07,1.2178170953860766e-05,5.857710854909753e-06,5.733364507990034e-06,1
0.2011100321431018,0.7988577240734829,8.479170877062252e-06,1.5893682892453122e-07,1.3334600184225381e-05,5.5165477928730015e-06,4.754527732214782e-06,1
0.21558414232979864,0.7843822819733723,8.969594791131878e-06,1.6779284548993894e-07,1.3594925690577686e-05,5.823931795486673e-06,5.019451706362888e-06,1
0.19488094710538378,0.8050881547712591,8.254293208868683e-06,1.544118075873057e-07,1.2510766140044225e-05,5.359488559720516e-06,4.61916364081896e-06,1
0.18910874085773777,0.8108609787753992,7.895635533047022e-06,1.4799881877143248e-07,1.2672510955289963e-05,5.136899751718544e-06,4.4273218041737195e-06,1
0.20006241204949549,0.7999057812556172,8.293627071188457e-06,1.5545892470963388e-07,1.3311288176718228e-05,5.3958330098341e-06,4.650487704792516e-06,1
0.16587723956807335,0.8340966070956756,6.957916452024984e-06,1.4700323285410533e-07,1.0620082426957253e-05,4.52681980383816e-06,3.9015143354497345e-06,1
0.1439591138495689,0.8560175478304304,5.8456666321532095e-06,1.3931743001541902e-07,9.3656622743048e-06,4.290143073516924e-06,3.6975305905185256e-06,1
0.05383811238676036,0.9461445742570489,4.809625066016643e-06,1.105575107349984e-07,6.126714453160944e-06,3.3541991203387465e-06,2.9122600406233345e-06,1
0.0658864380355218,0.934096349011004,4.748379197551039e-06,1.0914966902854118e-07,6.119092769101514e-06,3.3611565796730175e-06,2.87517525897457e-06,1
0.056384862337443976,0.943582369461807,4.4817755295489626e-06,2.452469487562166e-08,6.5629340293110635e-06,2.9180868239017934e-06,1.8780879671459396e-05,1
0.24322830694398911,0.7566855485759221,1.1934269713463562e-05,1.6194544209889822e-07,2.163482521766896e-05,6.810267489682416e-06,4.5603172226131255e-05,1
0.22203447767228582,0.7777343220531605,1.2266246107472569e-05,1.818291686212058e-07,0.00018418782624527954,6.999709164602079e-06,2.7564663867640394e-05,1
0.09891563635528684,0.8998245067262183,5.451712998805962e-06,1.5981645026596114e-07,0.001227062130843037,6.152305925741093e-06,2.1030952277087606e-05,1
0.04965087592911799,0.949113962229189,4.708212481332739e-06,1.3685567718043817e-07,0.001206664347389345,5.642983369709881e-06,1.8009442775386952e-05,1
0.02790330987933972,0.8406569447997267,0.13082590293355553,1.2520520895875972e-07,0.0005909965589444325,1.0597500779855597e-05,1.2123122444716075e-05,1
0.15555518881200683,0.8441472690314968,1.5105129205868528e-05,2.7086518206962096e-07,0.0002208848940857566,3.7368416294108776e-05,2.3912851728605468e-05,1
0.1983972532380655,0.7926411601766384,1.29698182094891e-05,3.1817010190115983e-07,0.008901444846866802,4.0468468670500635e-05,6.385281446979926e-06,0
0.0993745318549619,0.8999735941059498,6.331097681577412e-06,1.2969604917012884e-07,0.0006162791274301341,1.6131028237940457e-05,1.3003089689422056e-05,1
0.10023783733525068,0.896947943427251,1.0440811984005556e-05,1.0410182084322765e-07,0.002677493197170246,4.363352176055175e-06,0.00012181777434697416,1
0.03491615024251538,0.9649211001275998,5.670782881884887e-06,5.631185887262838e-09,0.00014257514687874572,2.3474981505084068e-06,1.2150570788001134e-05,1
0.054771603188054505,0.9433866725805926,7.241457446199028e-06,7.242982814036999e-08,0.0018071948446532647,3.067069698403452e-06,2.41484297269576e-05,1
0.03817508084633417,0.960302009471706,5.330649957141694e-06,5.9176168409315755e-08,0.0014593398966429364,3.2941583658381444e-06,5.488580082571309e-05,1
0.04854851045967958,0.9513743319899068,7.060910799368296e-06,8.88152050095213e-08,6.0324971218884545e-05,4.188865298008741e-06,5.493987892462111e-06,1
0.05289074093804699,0.9470186609327692,7.2056355353601134e-06,9.493284323964817e-08,7.485523753237874e-05,4.376129216358002e-06,4.066194056935593e-06,1
0.11575480358963142,0.8830200111966955,1.576112504564512e-05,1.4985957574053196e-07,0.0011974026619394854,6.777577331274435e-06,5.093989781050227e-06,1
0.10884855210331122,0.8900801654598446,1.3747715848298382e-05,1.307157235578582e-07,0.001044440133852534,6.048577328889719e-06,6.915294090727304e-06,1
0.10074364083442627,0.8964994950414542,1.608800503197992e-05,1.4075177941356331e-07,0.0027295793704874313,6.271597008656473e-06,4.784399811986163e-06,1
0.0879766401187483,0.9020656143819081,5.7123796736093816e-05,1.5693802312284114e-07,0.00986447275523498,2.8154039787312664e-05,7.837969562075492e-06,1
0.09936624219539651,0.883433578590559,5.931521610274726e-05,1.547532055707856e-07,0.01709518740560192,3.5791367852780304e-05,9.730471281311792e-06,1
0.15518856412828444,0.8378712076297541,2.3825339362004423e-05,1.6727239556054522e-07,0.006864145436887804,4.074626128863376e-05,1.1343932027735427e-05,1
0.38191961879662534,0.5931304241264962,3.077043373865812e-05,2.563254317061086e-07,0.01563027789886287,5.325104305913845e-05,0.009235401375785945,1
0.40294104379418993,0.5778303138058364,2.6739214610642675e-05,2.3744601860248575e-07,0.019093653322161657,4.7957416499535105e-05,6.005500068322494e-05,1
0.3974858296772952,0.5819614110063169,3.073656094490987e-05,2.5522633557374977e-07,0.020397778636685838,6.807887503307458e-05,5.591001738847759e-05,1
0.21133196878291355,0.7841221140678284,3.173550887151419e-05,1.693234862745527e-07,0.0044171269064776485,4.498049435203601e-05,5.190491607047992e-05,1
0.20814308323258665,0.7847761192214248,3.41082335735954e-05,2.968547340829225e-07,0.006922756417990907,0.00010742838979950129,1.620764989040755e-05,1
0.07134732064339798,0.926245728447773,2.3744421472688274e-05,1.5451054809500666e-07,0.0023117643423566088,6.793485683330216e-05,3.3527776182090293e-06,1
0.03487487814917232,0.9591814732672637,2.005230459468967e-05,1.3922639536502372e-07,0.005867517302657859,5.117913095649829e-05,4.760618959902471e-06,1
0.08390972434176369,0.8812933214535159,2.8439993507283512e-05,2.1207452843580145e-07,0.03471798022441759,4.4192840073509244e-05,6.129072193498076e-06,1
0.1045588829870841,0.6226310842069529,2.8990856870079426e-05,2.8046425714740374e-07,0.27271553943212373,5.661837401339572e-05,8.603678698685637e-06,1
0.05176775357052401,0.925568607360597,2.7291432749072054e-05,1.6352230676764065e-07,0.022600117231836952,3.2955776746656644e-05,3.111105239462714e-06,1
0.06572404170162732,0.934028049708816,1.9712735912837423e-05,1.4414998014735285e-07,0.00019400826135866633,3.1300937475157455e-05,2.7425048299653173e-06,1
0.04435171592452684,0.9553939620297087,2.126829079807692e-05,1.4309542505658578e-07,0.00019258895904965788,3.759925894873427e-05,2.722441542915703e-06,1
0.014870509201803312,0.9848999561862543,2.4394335669805967e-05,1.2813827085971076e-07,0.00016532655325938585,3.7247708397187547e-05,2.437876345018802e-06,1
0.015097627333200097,0.9847202188306516,2.3278297892777553e-05,1.4421595808636857e-07,0.00012062355666455389,3.532976648386198e-05,2.7779991491825925e-06,1
0.012609275645517724,0.9805339443296786,2.3653485447629044e-05,1.5122910665203148e-07,0.006796439028721495,3.234169628481983e-05,4.194585242941229e-06,1
0.008940761047291808,0.9879261360684976,2.7323249052900643e-05,1.610018925097388e-07,0.0030419185477155433,3.826054899440219e-05,2.5439536555283116e-05,1
0.011879398291256959,0.9835244368669858,2.9836969877318828e-05,1.8187815000446998e-07,0.004514419397409882,3.854342842905644e-05,1.318316789095946e-05,1
0.012448285953997005,0.9826975313382644,3.520119118560504e-05,1.6093063780626298e-07,0.0047746358118596595,3.822614621887425e-05,5.958627836774721e-06,1
0.013489391638851139,0.9825273151915039,4.007272502879521e-05,1.6090276250161477e-07,0.0038850070336027952,4.065407054109821e-05,1.7398437709801074e-05,1
0.07651372966701,0.9169217028340886,3.586278051252918e-05,3.8119318346542173e-07,0.006441974315188229,7.614167897710397e-05,1.0207531040189321e-05,1
0.03886123270603965,0.933359092935845,2.5881730448316296e-05,1.623145103019567e-07,0.02771586773555082,3.4703331057409306e-05,3.059246548777591e-06,1
0.02878901880884995,0.9565272630452815,2.9004482416961642e-05,1.4926537785213738e-07,0.014617161772070014,3.458932489333561e-05,2.8133011102743623e-06,1
0.021832101388884806,0.9706199569671261,2.7181008113996457e-05,1.572516684268661e-07,0.007478401034962595,3.959160814643256e-05,2.610741097730788e-06,1
0.01803529580502145,0.9746640887322674,2.445640678691657e-05,1.321026209966121e-07,0.00723235034363123,4.11867861397117e-05,2.4898235322063365e-06,1
0.0036595582161459655,0.9930399742448628,1.808756789140597e-05,6.524420991043503e-08,0.003261736693164897,1.8991648816406202e-05,1.5863849085861172e-06,1
0.0023314197782097227,0.9951920076251944,1.3956462887149361e-05,9.987040019680303e-50,0.0024449999506467542,1.5605900098287127e-05,2.0102829635828063e-06,1
0.003599088230335587,0.9949824771184953,2.046967098971272e-05,8.183372120912219e-08,0.001374358592995239,2.0750605282936558e-05,2.7739481802181263e-06,1
0.9836400650673514,0.01173110082531239,2.2601774318213632e-05,2.3759840218924843e-07,1.4076104164773519e-05,1.074566998249771e-05,0.004581172960468877,0
0.9902662521879709,0.007778117053583317,9.768854246690712e-06,1.3344882295270707e-07,7.375510912385188e-06,5.9461929527711165e-06,0.0019324067515112252,0
0.9483197277393874,0.05134463240402299,1.0305999294066727e-05,1.4159558803901194e-07,6.347202349917299e-06,4.871337979728666e-06,0.0003139737213778833,0
0.9520841072753393,0.0475730589449395,1.0401447245175662e-05,1.4290696099555473e-07,6.405986310820751e-06,4.916453374758037e-06,0.00032096698582953785,0
0.9087584467613768,0.09087976668166653,7.260576064059174e-06,1.4355974298165045e-07,5.684109402185137e-06,4.938911148516317e-06,0.000343759400598515,0
0.8521000754081084,0.1476594210700786,9.645981686488572e-06,1.5964199346841954e-07,6.601569454233122e-06,5.492191647440645e-06,0.00021860413703125089,0
0.7577485569029565,0.2419403236207424,8.051327892477472e-06,1.6722387703374023e-07,6.621067939908667e-06,5.886162568790396e-06,0.0002903936940229334,0
0.7711847751078308,0.22845393806029118,1.0412761043956813e-05,2.058863216927796e-07,8.151870103757606e-06,7.083143424584275e-06,0.000335433170983988,0
0.7758533892739189,0.22375046814879498,9.861789543957697e-06,2.28257038922034e-07,8.109914221805806e-06,7.209754372215778e-06,0.00037073286210933024,1
0.6428710054380891,0.35697079593755615,1.3272800119845136e-05,2.4798949876825694e-07,1.1777955533406559e-05,8.405549294734503e-06,0.0001244943299079355,1
0.49508693704901546,0.5048322506199595,1.24418762767107e-05,2.3246448629817484e-07,9.288575055343082e-06,7.879332425605742e-06,5.0970082780959545e-05,1
0.48025945372161283,0.5196956539396536,1.320892800509829e-05,2.467961097638029e-07,9.524251087411336e-06,8.365099637976632e-06,1.3547263893193052e-05,1
0.41558124960604265,0.5843634366367335,1.1562413716667226e-05,3.345941124130018e-07,2.3823346041465792e-05,7.87337327627802e-06,1.1720030077042236e-05,0
0.28730521269581055,0.7094260395902828,7.571230505224447e-06,1.2225843205119199e-07,0.0032502288975249137,5.494595639725241e-06,5.33073180473227e-06,1
0.12343096674940156,0.4024411104409671,3.535647957489381e-06,8.131261640740143e-08,0.47411710750509717,2.804906580106761e-06,4.39343738021054e-06,1
0.2044858501560158,0.7820655529812897,6.8686489217726e-06,1.5796476960613353e-07,0.013430509382518935,5.44904888404208e-06,5.611817600203432e-06,1
0.2036315052746785,0.7833131303306162,7.485894569442787e-06,1.398667368863981e-07,0.013038268690305764,4.715627428751754e-06,4.754315664430719e-06,1
0.09599795453812941,0.7468374659457111,6.748841328410711e-06,1.0983733965329607e-07,0.15714970699607905,3.7031819223100486e-06,4.310659489916528e-06,1
0.14455671520118463,0.8528524090795024,9.255348273305444e-06,1.6999865842954374e-07,0.002569697978547853,5.977154874293533e-06,5.77523895891525e-06,1
0.12371150938620323,0.876151119481829,9.299158261242829e-06,1.329477497100036e-07,0.00011576388323165777,4.769836631006624e-06,7.4053060940402226e-06,1
0.1204278274244585,0.8795322500508475,1.178023490958747e-05,1.453818319909439e-07,1.795998883209587e-05,5.097969438124394e-06,4.938949682244408e-06,1
0.054995185991640244,0.9449760280723621,1.0030145339161998e-05,1.0760759436466258e-07,1.1219134285321373e-05,3.773375392705937e-06,3.6556733858432974e-06,1
0.10822913721268645,0.891734163944565,1.2850665133547226e-05,1.4765178761123353e-07,1.3506892758188384e-05,5.177567859878056e-06,5.016065209239808e-06,1
0.09791473828469423,0.9020534049925738,7.69906406201163e-06,1.343587657799012e-07,1.0940572874721917e-05,4.771382906201792e-06,8.311344123131983e-06,1
0.11178681025373992,0.8881851571124643,6.050662891881143e-06,1.2582403556358705e-07,8.3407344359793e-06,4.4682953805998194e-06,9.047117051997516e-06,1
0.2314625597736027,0.768504214689519,8.528379593988062e-06,2.010342893189845e-07,1.2550586146627813e-05,6.036842887582791e-06,5.908693960708049e-06,1
0.22466831429050788,0.7752974806972325,8.299690038520545e-06,1.6972374463708084e-07,1.4078747472439328e-05,5.8909514881564176e-06,5.765899515538213e-06,1
0.19296444424817952,0.8070055068398995,7.999379404651004e-06,1.4994343366505328e-07,1.2209699444892507e-05,5.20439550504382e-06,4.4854941327822645e-06,1
0.12483845910779831,0.8751373702386867,6.320327798362104e-06,1.381691603631521e-07,9.790318181145075e-06,4.254783240259469e-06,3.667055134827511e-06,1
0.06073071402135331,0.9392499560774371,4.76580268220796e-06,1.1358146528469395e-07,7.990084737360595e-06,3.4459427352510373e-06,3.0144895894188785e-06,1
0.060356448004328905,0.9396248924664966,4.527091722431867e-06,1.0789236265102745e-07,6.51610798011949e-06,3.3224390678284318e-06,4.185998041528666e-06,1
0.22813637431407288,0.7718049526390748,8.971534378737221e-06,1.517394102004201e-07,1.0722008016700781e-05,5.841371592166671e-06,3.298639345464137e-05,1
0.15578468296376913,0.8439239861097007,8.431885062762907e-06,3.165931229372919e-07,0.00022121077065594653,3.7423546779087194e-05,2.3948130909361732e-05,1
0.12228580320072702,0.8773704817271794,8.642742225186522e-06,3.3687040703764195e-07,0.0002680848267197014,4.116866227931639e-05,2.548197046221167e-05,1
0.2703263441786144,0.7222125463441539,1.2498577872975096e-05,3.148237269814901e-07,0.007406830494809824,3.566653947169169e-05,5.79904135012387e-06,0
0.07110122543652127,0.9284737908261096,5.074390341831525e-06,8.126862788458134e-08,0.00040258346101028537,3.406315484713968e-06,1.38383019044309e-05,1
0.11233230816906913,0.8847361987163661,1.0326043516264555e-05,3.872332590725797e-08,0.0028470393057685095,5.016637809692555e-06,6.907240414426825e-05,1
0.052785858886097756,0.9470600465972688,7.046041016584458e-06,2.2801497352126316e-08,0.0001306393883498496,2.916805068957346e-06,1.346948070074294e-05,1
0.05726755592925281,0.9425524762606865,7.089103080093518e-06,2.588388293108545e-08,0.00015636639211464993,2.934631199237791e-06,1.355179978347383e-05,1
0.04770297161256025,0.9508965050636563,6.023336749806385e-06,6.024605528118452e-08,0.0013718022927754572,2.5511430213966004e-06,2.0086305181679715e-05,1
0.06596023655861112,0.9334072948710961,6.1272858272027154e-06,9.491914449601867e-08,0.0006179322601235593,2.9462746019891546e-06,5.3678305955749505e-06,1
0.050136132078498714,0.9497717846904509,6.253201531695364e-06,8.977386302579209e-08,7.577157114415698e-05,4.312517787586817e-06,5.656166724265962e-06,1
0.04502850559423271,0.9548706449235451,7.906336225869365e-06,9.050400529255955e-08,8.199199322596291e-05,4.2685155887458634e-06,6.592133176497423e-06,1
0.10467856442200944,0.8940671319130494,1.0969286816651937e-05,1.4451659013156147e-07,0.001230337939600454,6.661871293017346e-06,6.190050640753501e-06,1
0.15466919834287135,0.843880307357956,2.373993266860946e-05,1.7678894116693313e-07,0.0014125727215541187,7.995489872115947e-06,6.009366136644386e-06,1
0.15913936173924603,0.8395227043906264,2.3726665670687313e-05,1.766901431396657e-07,0.0013000334848814819,7.991021613970454e-06,6.0060078184401505e-06,1
0.12798780894417172,0.870521914544657,1.5484545607568853e-05,1.354721945538556e-07,0.0014640152058592523,6.036350045875269e-06,4.604937464047161e-06,1
0.1597790360720738,0.8324585629686381,4.123093615323571e-05,1.4728021907450074e-07,0.007669499734481583,3.6724780968558834e-05,1.4798227465780537e-05,1
0.2529323396001393,0.7369931714914918,5.753861686811999e-05,2.487943057434767e-07,0.00994001187030293,4.993487107124232e-05,2.675475582078354e-05,1
0.39348103639080756,0.5888418639615045,3.591261079201428e-05,2.544721006494392e-07,0.017509606638773857,5.2866017620013486e-05,7.845990840142513e-05,1
0.37031978046577835,0.6006792309106666,3.30407698402619e-05,2.5049380338947697e-07,0.0288859174226109,4.516256238651187e-05,3.661737491404335e-05,1
0.24588266963682898,0.7475467495794944,3.2004792127865316e-05,1.756328499736203e-07,0.006454123441328497,5.402439086159434e-05,3.025252650855611e-05,1
0.18709422021123873,0.8103182144058133,2.8396444323540347e-05,2.4553237272104323e-07,0.002460921388804573,8.735051934311086e-05,1.0651498104118807e-05,1
0.05660209109242964,0.9401590159866468,2.517993316647489e-05,1.532392101283346e-07,0.0031420301303391462,6.820442779027163e-05,3.3251904176431722e-06,1
0.04619136689786,0.9493803844190764,2.407102542112296e-05,1.545845116615076e-07,0.004338427353087405,5.919109254027677e-05,6.4046275034385276e-06,1
0.0668262686788641,0.9139606616233292,2.487078757723847e-05,1.9233656801231883e-07,0.01914024619400866,4.2201745527704375e-05,5.558634124955799e-06,1
0.08221902988883834,0.8885850539102329,2.954469922077482e-05,2.2356761684040872e-07,0.029113098894758896,4.6587810471707094e-05,6.461228860673774e-06,1
0.0338672896341083,0.9659195032777511,1.899597762078429e-05,1.278070493684101e-07,0.0001535144204887062,3.673725929009393e-05,3.8316236917224805e-06,1
0.013573187996022225,0.9862090218117295,2.0188654380961592e-05,1.3856447605258738e-07,0.00015926475352954654,3.5888987761820436e-05,2.309232099695298e-06,1
0.015186907873551706,0.9846638010787947,2.0903003895078612e-05,1.2944869609014997e-07,9.253386217533559e-05,3.323119214193287e-05,2.4935407452334023e-06,1
0.011787960753835982,0.9791147397601889,2.930236224401017e-05,1.815347819044602e-07,0.009012228053472359,4.436813381468903e-05,1.1219401661868637e-05,1
0.00994622796995522,0.9842742459425088,2.4350042421987295e-05,1.518059785439109e-07,0.00571833179685012,3.248185656199605e-05,4.210585723128636e-06,1
0.012756654417545909,0.9816972031932956,3.5221120126890755e-05,1.7297840044779003e-07,0.005456842031533666,3.520208100551865e-05,1.8704178092043e-05,1
0.018197376920615967,0.9739967937623457,3.8695578653547246e-05,1.768411220502201e-07,0.007718367719124865,4.204144771888275e-05,6.547730419135324e-06,1
0.052318654402065255,0.9134274984108018,2.700310997933596e-05,1.8557438689801723e-07,0.03418374623417641,3.9676362712841307e-05,3.2359058774448014e-06,1
0.054577789883060064,0.9182392984438384,2.8413017342711194e-05,1.6371596915944215e-07,0.027116246311858414,3.50029671811556e-05,3.085660750225386e-06,1
0.07195431042365587,0.9277973853869713,2.39680598350161e-05,1.3756866098418906e-07,0.0001887356176349553,3.287012687219957e-05,2.5928163698641447e-06,1
0.02215558754644112,0.9681668638530587,2.421801328657971e-05,1.3893885871111345e-07,0.0096086520919354,4.192088589411009e-05,2.6186705255885377e-06,1
0.02687901461821551,0.9729523569204325,1.9001215239374545e-05,1.154078764106549e-07,0.00010544137713695506,4.1895318672202976e-05,2.175142427265434e-06,0
0.008265689489654657,0.9886114551814553,2.020456664875774e-05,7.470503298607656e-08,0.003077835461409851,2.2820331445362657e-05,1.920264353036954e-06,1
0.00677460131833934,0.9887374988591752,1.5367753541371127e-05,6.243825032210042e-08,0.00444897595883874,2.188872046743153e-05,1.6049513877046783e-06,1
0.003603956826271351,0.992802243608196,1.4240570997934498e-05,6.597968677245688e-08,0.0035587835243621442,1.9105222773605882e-05,1.604267712226888e-06,1
0.0032842165932667204,0.9931058608576989,1.3947784959210308e-05,5.843244819757748e-08,0.003578639799693776,1.5295825435528528e-05,1.9807064978647377e-06,1
0.0043814807127752955,0.9909426961486387,3.0696376449913836e-05,1.1072582232238589e-07,0.004607866175155856,3.44576104009593e-05,2.692250757027366e-06,1
0.9847124861126823,0.0104807853057701,2.0749773083663316e-05,2.1812946457459975e-07,1.343596176354352e-05,9.71938048119675e-06,0.004762605336754827,0
0.9894537233792421,0.00925711603281055,1.0590830693682105e-05,1.4467754912425462e-07,7.84059744653383e-06,6.4465208758844935e-06,0.0012641379613821896,0
0.9563968460726359,0.043153557414106994,1.2456720215390772e-05,1.5428425034763226e-07,5.98344233837531e-06,6.036823388226879e-06,0.0004249652430647558,0
0.9343922587322397,0.06521752141975837,1.2328432230051809e-05,1.3748568907443654e-07,6.16297090085062e-06,4.729944401042672e-06,0.0003668610147808408,0
0.9482619693536185,0.05134150520651902,1.3239727088188956e-05,1.4158696401447895e-07,6.346815767047455e-06,4.871041285892174e-06,0.00037192626875734436,0
0.9162775750836424,0.08329035502520533,1.1761147266260198e-05,1.5527386609421945e-07,6.960348563137696e-06,5.34191419125062e-06,0.00040785120726575814,0
0.9039155816386706,0.09544859973400308,1.2389664037492405e-05,1.63571715510173e-07,8.07820825109984e-06,5.627386567684178e-06,0.0006095597967544396,0
0.9221128758850958,0.07752104574800918,8.023457541413896e-06,1.5864381728212364e-07,6.666226740945986e-06,5.457851216117147e-06,0.0003457721875792365,0
0.7360481904222138,0.2635675742632776,1.3113855295908644e-05,2.018257630385169e-07,7.991096204714273e-06,6.943447309293056e-06,0.0003559850899357735,1
0.7584417283948658,0.24117648032160888,1.0856570259558068e-05,2.0284456879484622e-07,8.031434834878106e-06,6.97849746335157e-06,0.000355721936398683,1
0.5408039116188077,0.45916006376333907,1.1663225689424834e-05,2.1791614931478904e-07,9.037591140974677e-06,7.347074749526926e-06,7.75881012404866e-06,1
0.5438380124347045,0.4561263238176054,1.0184009665459015e-05,2.3046429064988061e-07,9.412565651668164e-06,7.223582683768211e-06,8.613125398481297e-06,0
0.4066668256810894,0.5932873664032717,1.3216783753160682e-05,2.990960134961492e-07,1.2114032956955246e-05,8.999909063146331e-06,1.1178093852039987e-05,0
0.499833580934929,0.5001172745873229,1.1207765073678797e-05,2.536318908098238e-07,1.574713434233411e-05,7.631876888361347e-06,1.430406955294247e-05,0
0.1290052076147023,0.8474502043029922,7.4434193645594205e-06,1.2114159174039482e-07,0.023528738050666926,4.1676555388659525e-06,4.117815143519232e-06,1
0.10770332471891847,0.5727002323532171,5.711344959368267e-06,1.0671098494496677e-07,0.3195833998019903,3.5977764174502395e-06,3.6272935122719956e-06,1
0.08943358762133714,0.6673790769220338,6.337867053676295e-06,1.0314873655742195e-07,0.2431739105597025,3.4776746936359724e-06,3.5062064426333217e-06,1
0.08833158776949443,0.8947736022662067,4.340058620492052e-06,8.976073301057955e-08,0.016883704923491425,3.0846080104351633e-06,3.5906134431981627e-06,1
0.1040501697170969,0.8778627069726631,4.503791591235137e-06,9.314704475358383e-08,0.018075610114077385,3.275051213452195e-06,3.6412063131142113e-06,1
0.06119364872349265,0.9387771076283299,8.22709148005172e-06,1.1762067793704123e-07,1.2778600657191337e-05,4.124494878093572e-06,3.995840484103325e-06,1
0.12182355242675771,0.8781227386799392,1.3388861413881104e-05,1.78212398081176e-07,2.783833286340974e-05,6.249208353415762e-06,6.054278274123456e-06,1
0.10727549302835226,0.8926950092387639,6.203417847187668e-06,1.2900058750053142e-07,9.308692093276753e-06,4.5811019066543025e-06,9.275520449381488e-06,1
0.15579511296786064,0.8441701950668533,7.75643718461331e-06,1.6129575314351946e-07,1.1068607954451965e-05,5.72797610133345e-06,9.977648292569209e-06,1
0.044201720839160366,0.9557791936637183,4.827831839725463e-06,1.0554159419424818e-07,5.96509994668349e-06,3.2020214642317426e-06,4.985002276228943e-06,1
0.11100657076150011,0.8889706798146506,5.391127498412311e-06,1.139009323350854e-07,8.357092941499518e-06,3.5074670546995078e-06,5.379835422136758e-06,1
0.10281165017001531,0.8971639279089804,5.398858199037866e-06,1.140642625492407e-07,1.0008951964852872e-05,3.51249664781558e-06,5.387549930294012e-06,1
0.10485690228743406,0.8951192226894127,5.585277822103145e-06,1.1800283919743603e-07,8.964382169452228e-06,3.633781237438721e-06,5.573579085019684e-06,1
0.07465862515953106,0.9253221890431312,4.69513247449619e-06,1.1189721054753441e-07,7.963214324755307e-06,3.445764415287013e-06,2.9697889126106434e-06,1
0.05191543788556882,0.9480681196835268,4.428083232819403e-06,1.0178711496805949e-07,6.076662941575382e-06,3.13443397717832e-06,2.7014636379193387e-06,1
0.07059079021995539,0.929346218742842,4.847147573628639e-06,2.750009121094684e-08,6.087833687739527e-06,3.2721162985204048e-06,4.8756439551325315e-05,1
0.06704615882672445,0.9323465226244727,4.772624585626166e-06,1.356260483529673e-07,0.0005794742435510691,5.449962273606306e-06,1.7486092344210707e-05,1
0.0867356163851726,0.9128033358671694,4.527768893296638e-06,1.69227371758724e-07,0.00042139014107523586,2.170583782524895e-05,1.3254772492146355e-05,1
0.35501492746707974,0.6446154608181116,1.2948559483263558e-05,2.990761820045919e-07,0.00029765356575119913,3.4164329765836145e-05,2.4546183626574302e-05,1
0.4538488372767572,0.5455104033532339,1.2359680200579238e-05,2.8547468696921986e-07,0.0005726315926655825,3.205275906734717e-05,2.3429863388378084e-05,0
0.07482511802216736,0.9243993042479479,5.1113004890724874e-06,1.0470782680909158e-07,0.0007513749329521899,1.3023102259462276e-05,5.9636863571485405e-06,1
0.04547179299408276,0.9542506570914234,5.879433367946837e-06,9.199064625464368e-08,0.00024559975655917424,1.1930014229735023e-05,1.4048719691097216e-05,1
0.05215899642261415,0.9477819832650434,6.1048196182573966e-06,2.3842089935608623e-08,3.803431585392617e-05,2.6722459496797936e-06,1.2185088830780382e-05,1
0.051311019087854126,0.9485633621532727,6.005570226510349e-06,2.0291896031041816e-08,0.00010503656260644094,2.569344967336226e-06,1.1986989176660888e-05,1
0.04151377813331029,0.9583518713200697,5.140347316146168e-06,1.6634534973929603e-08,0.00011723916372562718,2.127917091689657e-06,9.826483951339436e-06,1
0.03967476199615544,0.9601862563775023,5.274078716992098e-06,5.237251761888566e-09,0.00012143690334193707,2.183277034521108e-06,1.0082129996904288e-05,1
0.07428303934286697,0.9251673201764335,6.940870794519349e-06,1.1943825496835518e-07,0.0005286700549095367,3.7763922364645986e-06,1.0133724503974388e-05,1
0.07428186815688083,0.9251527334954119,6.940761361051387e-06,1.1943637184117482e-07,0.0005442771612225311,4.724911955001258e-06,9.336076796768623e-06,1
0.06492688239590674,0.9339617680000178,1.2384776143211967e-05,1.2773225914122335e-07,0.0010874778114453904,5.8881535302660696e-06,5.471130697328465e-06,1
0.09733139610539993,0.9012349654365617,1.638856744806242e-05,1.484278902871273e-07,0.0014051167502874952,6.842172933133664e-06,5.142539479517456e-06,1
0.08018177959916564,0.9196847113037397,1.6190281574993366e-05,1.1393155918397094e-07,0.00010825570549476139,5.076488516144687e-06,3.872689949412999e-06,1
0.09655065351792518,0.9012043472975182,2.019091688579019e-05,1.4208256767014553e-07,0.0022134106965616225,6.4258529029719654e-06,4.829635638567633e-06,1
0.0980512270199349,0.8998808702697533,1.7095800423866884e-05,1.393655267299852e-07,0.0020397204371425987,6.209828566226873e-06,4.737278652265766e-06,1
0.19648239309882123,0.7898736937855739,5.039782838215419e-05,1.89627150174596e-07,0.013535625590259332,3.998716624386822e-05,1.7712903569396333e-05,1
0.23310710505218452,0.7525921687483627,5.225323809275656e-05,2.41813227591096e-07,0.014169918329431111,5.099177898707299e-05,2.732103971431276e-05,1
0.3514573748556594,0.6339391791523545,4.105712229681714e-05,2.739612185818145e-07,0.014476345844423807,5.751267813040121e-05,2.8256385916360112e-05,1
0.3597044412821808,0.6213819893670238,3.7586419800752966e-05,3.390126678987076e-07,0.018756188700882827,5.609014026164543e-05,6.336507718222247e-05,1
0.07010874843539583,0.929081810269291,2.5479278332200133e-05,1.3997458669112392e-07,0.0007395467159910494,3.9689278222427226e-05,4.586048181083615e-06,1
0.18746097304920978,0.8087593524873485,3.4561620458911425e-05,2.800214765370317e-07,0.0036295431548825727,0.00010133662320254276,1.3953043421255584e-05,1
0.027282109129593876,0.966824999167669,2.1509411661471604e-05,1.4934332549696858e-07,0.0058206035551986455,4.738874027683438e-05,3.2406522747382824e-06,1
0.036897432261674905,0.9505397205218473,2.090249638434153e-05,1.524284460835882e-07,0.012489959409332122,4.8525284945729596e-05,3.3075973692954125e-06,1
0.03586677490523827,0.9514042422530254,2.1295992773791888e-05,1.552979618620171e-07,0.012665599138540951,3.8562548479043515e-05,3.3698639808350876e-06,1
0.04826715411738848,0.9304370422189548,1.8693501820493917e-05,1.6939940109985724e-07,0.02123632437156487,3.5350229844338324e-05,5.266161025727588e-06,1
0.13563166597801007,0.6170322663897302,2.9339093851844707e-05,2.7794226889490416e-07,0.24723599136720067,6.193291616447557e-05,8.526312773961181e-06,4
0.039040794950642985,0.960736345732201,1.4690818235254359e-05,1.2389608257179125e-07,0.0001667489897975153,3.8938445841839994e-05,2.3571671984941276e-06,1
0.012646733653033164,0.9760855401371225,2.7733383811468454e-05,1.7181460456201827e-07,0.011199704861446747,3.3874792525596054e-05,6.241357456166229e-06,1
0.01229522779146745,0.9831410187164044,2.6460164839226366e-05,1.705615017013295e-07,0.004495857482356349,3.419992566580236e-05,7.065357765150585e-06,1
0.04271067111142987,0.9330432498161023,3.2164933828773734e-05,2.5303992640581946e-07,0.02415040048475378,5.838779677912177e-05,4.872817179790507e-06,1
0.06793162908472598,0.8977780822429282,2.7779887295070367e-05,1.6006787018764914e-07,0.03422344004507098,3.5324816078668166e-05,3.58385603107221e-06,1
0.05624752554185542,0.9212004060804516,2.992015474584174e-05,1.6424391498721833e-07,0.02247902094842743,3.9285674589622756e-05,3.6773560153190082e-06,1
0.027738737724133097,0.9721129568678769,1.8459539201000758e-05,1.0058957352888605e-07,9.190276685071669e-05,3.5891884919936637e-05,1.9506274448669264e-06,1
0.03231382668821565,0.9674955749568674,1.835860736891201e-05,1.0011178905541816e-07,0.00012993691043026933,4.0261363054158e-05,1.9413622747903265e-06,1
0.011731384375790244,0.9844049524627263,2.484660547860438e-05,9.186866088935867e-08,0.0038082886333578674,2.8074605129980293e-05,2.3614488557946976e-06,1
0.007189189521252704,0.988911708978783,1.7469133169267532e-05,7.472772184904289e-08,0.003852108698524387,2.7528092987365635e-05,1.9208475615976588e-06,1
0.006214432596593118,0.9907323262724352,1.8360526773738013e-05,7.338247286408275e-08,0.003010877368131731,2.2043585143548126e-05,1.886268450010099e-06,1
0.004227306549939647,0.9915558449138311,1.8242712461412894e-05,7.739170459062892e-08,0.004174319956523443,2.2326729521822725e-05,1.8817460182423416e-06,1
0.005011484255061911,0.9887723496411359,2.0993992127647632e-05,9.082539659570823e-08,0.006168718509857249,2.33403571784772e-05,3.0224192424758955e-06,1
0.9874795110249365,0.011649037153583312,1.3617750178845437e-05,1.4562958070717261e-07,7.016741043752417e-06,6.5862707810734815e-06,0.0008440854298959434,0
0.9453065948339658,0.05427654251612526,1.3293395361917294e-05,1.4216089789472278e-07,6.372543083299547e-06,6.429395480427058e-06,0.0003906251550855874,0
0.9405365520077726,0.058995226723219406,1.4847604185317281e-05,1.5878176230408275e-07,7.932912799609471e-06,5.462596963028396e-06,0.0004398193732976759,0
0.9455144008844423,0.054164534359512684,1.1092942190143977e-05,1.5240750825594145e-07,7.239319253541792e-06,5.2433023771787755e-06,0.00029733678471561073,0
0.8653739486420898,0.13427091405319852,1.2112785938383956e-05,1.5659725776669062e-07,7.92701849519439e-06,5.3874430682830685e-06,0.00032955345995188176,0
0.929718572301072,0.06998119781690226,7.428038150750672e-06,1.4687088715430193e-07,5.891951054528384e-06,5.052825025268963e-06,0.0002817101969078129,0
0.9240752465848149,0.07570248334723959,7.441175573212488e-06,1.4713064684491323e-07,5.931216495917449e-06,5.0617615837027515e-06,0.00020368878364569897,0
0.9287082475581631,0.071085894109323,7.678816840559853e-06,1.5182940889371243e-07,6.090869764406728e-06,5.2234139228965185e-06,0.000186713402577331,0
0.8289898455854534,0.1706874655388169,9.299491300040925e-06,2.1253178609709716e-07,7.2803212124947315e-06,6.325856357962991e-06,0.00029957067507288066,0
0.7329616396532744,0.2666708407152197,1.0319357905040198e-05,2.0403950809310878e-07,8.07874730256038e-06,7.01960717070695e-06,0.000341897879619226,1
0.6739140160471984,0.325480606043396,1.1530153355411943e-05,2.1542982079979561e-07,9.038457503609104e-06,7.411470106957351e-06,0.0005771823986190357,1
0.49777042585119224,0.5021923399591894,1.2066424096535694e-05,2.254495235825203e-07,9.38967394207455e-06,7.601063561440224e-06,7.951578494742968e-06,1
0.5507954672780397,0.4491682289619696,1.1757834627972984e-05,2.196838262961121e-07,9.097821802250917e-06,7.406672236705529e-06,7.821747497446008e-06,1
0.5549115588312461,0.4450523889129533,1.1382260032863837e-05,2.1266657637520431e-07,8.862979270454568e-06,7.170084632403903e-06,8.424265288581278e-06,1
0.6068177224885419,0.39313176523621995,1.2023593175900998e-05,2.7209409293327426e-07,1.04057559573785e-05,8.52841094178178e-06,1.9282421070143125e-05,0
0.4792681470563154,0.5206898692753942,9.897152763979408e-06,2.0050174492241623e-07,1.483383187655563e-05,7.020113263145455e-06,1.0032068641836747e-05,1
0.2695162898839711,0.7294855041659211,1.0227817842684696e-05,1.7107114564211146e-07,0.0009746706841915591,6.591954284481394e-06,6.5444226436446095e-06,1
0.2704860086707688,0.7223398647127834,1.0125484120120476e-05,1.89184927751622e-07,0.007151002822515904,6.37839742509018e-06,6.4307274589116425e-06,1
0.14701402181363316,0.8345899025637036,8.753639588488077e-06,1.4246541560189893e-07,0.01837753362608746,4.803242260570432e-06,4.84264931115019e-06,1
0.11252430942901362,0.5359752719665786,5.711169104849417e-06,1.0670769927249434e-07,0.3514873758801366,3.5976656405237325e-06,3.62718182650273e-06,1
0.10454304873385398,0.6196087743913373,5.39873748102988e-06,1.0087021501214495e-07,0.27583584765760566,3.400854007495013e-06,3.4287554995742017e-06,1
0.10229629678976145,0.6933257189390876,5.856196662588104e-06,1.0731847856160706e-07,0.20436419069320524,3.6182581533167694e-06,4.211804651453177e-06,1
0.11644030937816763,0.8614982705636361,7.298410712861476e-06,1.0023979771653735e-50,0.022044854162941094,4.7133538229779e-06,4.5541307190624605e-06,1
0.05218235032861309,0.9477308478889664,7.986357485178854e-06,1.1417896396703191e-07,7.072586930318339e-05,4.096458992410872e-06,3.878917675484347e-06,1
0.053063699554815436,0.9469049499589159,6.598219387563541e-06,1.2562162277973736e-07,1.1132975033076811e-05,4.461107245971973e-06,9.032562979398378e-06,1
0.09162416535057302,0.9083510752013446,5.344166902997889e-06,1.1113239300818084e-07,7.36684190078837e-06,3.946562006926792e-06,7.990744878831155e-06,1
0.1802792150400562,0.8196813358757433,8.384485721317508e-06,1.8692055230437552e-07,1.2827060054370015e-05,6.487836502305795e-06,1.1562781370234601e-05,1
0.1850319805713233,0.8149384473060532,7.563807686666998e-06,1.5425561721091013e-07,1.188550070876346e-05,5.354067338710865e-06,4.614491272047651e-06,1
0.09093993106788696,0.9090378758360808,6.319698972934738e-06,1.3815541356328887e-07,7.89927454778925e-06,4.169276807587271e-06,3.666690290220412e-06,1
0.09809234500207435,0.9018872095642702,5.3634273339781055e-06,1.1725028749245854e-07,8.308059615943346e-06,3.54483507596862e-06,3.111861342134113e-06,1
0.09389735406240712,0.9060814668940481,5.2093177372130115e-06,1.2415158183848236e-07,8.797067925263066e-06,3.7534823278480033e-06,3.2950239726518545e-06,1
0.04911296983560052,0.9508699288612038,4.125479031347934e-06,9.832088834292433e-08,6.090317021624276e-06,2.972541399702834e-06,3.8146448546691515e-06,1
0.05049671713678543,0.9494181011056003,5.022719401465642e-06,8.807749671326567e-08,8.486163378821424e-06,3.328872812056497e-06,6.825592452528843e-05,1
0.08974276315794803,0.9102106057370011,9.192598171077733e-06,1.4712152357208695e-07,1.4302713989331696e-05,5.560430963221125e-06,1.7428240403561685e-05,1
0.40947358017999425,0.5902502105193999,1.5642519451046e-05,3.386599756895359e-07,0.0001916737379807018,4.293704395762795e-05,2.561733924075376e-05,1
0.1795089748300245,0.81948770755081,7.1484937859560385e-06,1.7959048802173135e-07,0.0009640291902899802,1.722075194317635e-05,1.4739592658367651e-05,0
0.07251694672787928,0.9267479627401052,5.133243018873374e-06,1.0515733170810046e-07,0.0007107251093571311,1.3137734175756888e-05,5.989288132253454e-06,1
0.06505376846252538,0.9344944346452018,4.939027483594713e-06,7.910073124786506e-08,0.0004299941587182616,3.315449672467295e-06,1.3469155667594183e-05,1
0.1495943499638082,0.8493742503705731,8.852799026959503e-06,1.4178153066547065e-07,0.0006048984645028935,5.942669833655083e-06,0.00041156395072460103,1
0.04498968309530557,0.9549629841871324,4.905732107891918e-06,1.6575712569317512e-08,3.051986927818136e-05,2.098804547630098e-06,9.791735915653088e-06,1
0.058692803021841905,0.9412536522903288,6.749579499604844e-06,8.892439388935932e-08,3.669965337544124e-05,4.194015063858333e-06,5.812515496281074e-06,1
0.08373862573087346,0.9149971208142444,1.3066695136687024e-05,1.4708191711717987e-07,0.0012401726591967548,5.684355811092632e-06,5.18266282035138e-06,1
0.05921690636740566,0.9406301939702879,1.7238315316092037e-05,1.2130660807658607e-07,0.00012601156124505923,5.405101161117895e-06,4.1233779758687835e-06,1
0.1772437623505512,0.8197279764213414,2.4565843089021518e-05,1.451879404603786e-07,0.0029382462848590793,4.69084065857718e-05,1.8395505633121553e-05,1
0.09722390620701235,0.9017518560272854,3.4247057497767146e-05,1.5778306077470113e-07,0.000931435028263155,4.330808914707454e-05,1.5089807733407704e-05,1
0.0922830439320406,0.906328966461194,3.508227157167896e-05,1.5315869376715282e-07,0.0012565695488041637,8.617313398855832e-05,1.0011493707143841e-05,1
0.09829565359330789,0.9000635482884546,7.251535979359694e-05,1.510251256250667e-07,0.0014774206755892342,7.52109015582807e-05,1.5500156171101764e-05,1
0.08349482708500418,0.9154690197780174,2.298098575934413e-05,1.4763822266599998e-07,0.00095277423013909,5.7006652184886685e-05,3.2436306726925727e-06,1
0.029625143717895198,0.9642073119199787,2.2948679406866762e-05,1.5701627780976168e-07,0.006091045704311483,4.998581181926044e-05,3.407150310614121e-06,1
0.08629066564168553,0.8304879266602649,3.413711245299677e-05,2.7826256888839733e-07,0.08310896520396206,7.068584610116177e-05,7.3412729644306876e-06,1
0.03239817707171649,0.9673849886165456,1.810271676843252e-05,1.193590801142726e-07,0.00016064273881042943,3.569864797178902e-05,2.2708491071521088e-06,1
0.033447131751407344,0.9663346986175185,1.9653799021268942e-05,1.1922949194657078e-07,0.00016046832896949299,3.56598899453727e-05,2.2683836460020942e-06,1
0.013283220710574441,0.9733271423124451,2.9129154477801036e-05,1.804617204972912e-07,0.013319245553253775,3.294485120127004e-05,8.136956326928326e-06,1
0.03098805123568593,0.9681241356639567,2.8395882752405213e-05,2.090213841995062e-07,0.0008195683476419734,3.621951700077965e-05,3.420331578045297e-06,1
0.020611732211945094,0.9791605264245976,1.8455716437032864e-05,1.4864312366273818e-07,0.0001786262707708101,2.7702439876922816e-05,2.808293248963366e-06,1
0.015132575999504561,0.9805670220312855,2.768943656302487e-05,1.7841983283464022e-07,0.00422462040417934,4.181398413658461e-05,6.099724498286994e-06,1
0.023144841745164287,0.9708852892981199,3.295793260824857e-05,1.621576603137684e-07,0.005898400613971234,3.5203664741872206e-05,3.144587734226577e-06,1
0.030782796397554407,0.9558594236058486,3.432097122842431e-05,2.3263999776746814e-07,0.013262287079707467,5.482495228472348e-05,6.114353378282813e-06,1
0.03163586326862062,0.9542095821848757,3.170746535248493e-05,2.2521919624400615e-07,0.014035975936812125,5.540944076206264e-05,3.1236484381048e-05,1
0.05916899135910161,0.8974957429945468,3.2673893528132625e-05,2.5804724095364073e-07,0.0432385683937855,5.8796068220427053e-05,4.969243576603897e-06,1
0.03994099837550957,0.9598860614877174,2.1730467170412568e-05,1.1928872570951253e-07,0.00011376973533558596,3.464984838679704e-05,2.6707971547478297e-06,1
0.05975097735537873,0.9400813833534368,2.171148968797924e-05,1.1304799648563563e-07,0.0001032852938876066,4.033723911879049e-05,2.19222049359595e-06,0
0.015664219184383096,0.9788042582820625,2.3880498803326092e-05,1.045812514828462e-07,0.005472889722867507,3.195950948840008e-05,2.6882211437605806e-06,1
0.004940743596132923,0.9917904575165304,2.224549607823433e-05,9.448926143622967e-08,0.0032215818113086802,2.167449753684562e-05,3.202593151244131e-06,1
0.006176506589418623,0.9892978151697917,2.587447632577994e-05,1.1193962347448749e-07,0.004470888390950511,2.507839128421727e-05,3.7250426055478836e-06,1
0.9394248744774483,0.060215970108121214,1.3090077387061081e-05,1.6212877400585145e-07,6.287668173969137e-06,4.8256468111791226e-06,0.0003347898932842472,0
0.9412740519267623,0.05847178325564703,1.0043651350955021e-05,1.3799115238791372e-07,6.267257232405726e-06,4.747333944533409e-06,0.00023296858391071,0
0.9245517744535408,0.0751306491211521,6.705527035357581e-06,1.552034484897473e-07,5.4086363509757745e-06,4.791397846840307e-06,0.00030051566062551626,0
0.9274937099401546,0.07228732608279716,7.677228723796287e-06,1.509306966739578e-07,6.0461240981190754e-06,5.192495367950225e-06,0.00019989719816186242,0
0.7712149832946598,0.22838617005757217,1.0147495342178534e-05,2.0064135550371296e-07,8.418000620592619e-06,6.902699928052776e-06,0.00037317781052194566,0
0.6125738165937402,0.38649941773793833,1.1475935476979415e-05,2.1441681191129007e-07,8.995956248418232e-06,7.376619383564614e-06,0.0008987027404005973,1
0.5688822184913902,0.43108181325638756,1.1644976916398593e-05,2.175751885502894e-07,9.02345054609747e-06,7.335579207634728e-06,7.746670363687524e-06,1
0.5976727267867586,0.40229047903949217,1.0686914050094537e-05,2.2483355097731445e-07,9.538507763735108e-06,7.580295955237845e-06,8.763622428928927e-06,1
0.5592488148246506,0.44070888120690266,1.0193164269052998e-05,2.3067145946577676e-07,1.1929972806510165e-05,6.940989063640477e-06,1.3009170848121995e-05,0
0.49931578185807896,0.5006371187167532,1.0357598583023286e-05,2.098296993717531e-07,1.284541827108867e-05,7.3467104045974915e-06,1.633986820964593e-05,1
0.3405728590596933,0.6593827309999656,1.0009280321869424e-05,1.6162748146000728e-07,1.6993661787456844e-05,7.09964605152199e-06,1.0145724698706772e-05,1
0.24605197613584023,0.7539127321995065,8.491792252103809e-06,1.7865211577941491e-07,1.3521072367897436e-05,6.023282133608359e-06,7.076865783727378e-06,1
0.31124253112179273,0.6886228348644413,1.0419732746792072e-05,1.4826881615559387e-07,0.00011083503497892094,6.563754950758404e-06,6.667222273381025e-06,1
0.2770359493451346,0.7217609241281183,1.0921153867883452e-05,1.942973625250832e-07,0.001178143393724976,6.879617693686398e-06,6.988064098034674e-06,1
0.1212269185581542,0.8619153086380889,6.58547924666091e-06,1.2304334298580942e-07,0.01684271129522618,4.170526937604873e-06,4.182459003361825e-06,1
0.11307844653329906,0.860360608952052,7.864199755780877e-06,1.2798978930513467e-07,0.026543614062932465,4.3151944092158606e-06,5.023067762038966e-06,1
0.04989740156525478,0.9500759580428982,6.35170598061801e-06,9.906889378366338e-08,1.2723231462526666e-05,3.5543470242510287e-06,3.912038485664629e-06,1
0.08402308608742214,0.9159451362664628,7.073500162619632e-06,1.3467035831452295e-07,1.1510520593098459e-05,4.782448260105309e-06,8.276506740742094e-06,1
0.06328167507051448,0.936678494919073,7.786240742886954e-06,1.4824002356131837e-07,1.0042149188098197e-05,5.264337688201898e-06,1.658904276994932e-05,1
0.18486004135894718,0.8150997708919642,8.509097488703384e-06,1.8969859989817975e-07,1.3017698177788352e-05,6.736625270637801e-06,1.173462955154619e-05,1
0.1679053426206695,0.8320648125814539,8.088393226603371e-06,1.649539677765181e-07,1.0931525776039078e-05,5.72539702107234e-06,4.934527885319277e-06,1
0.18895284203213633,0.8110170492893952,8.206265226170559e-06,1.5351335541998736e-07,1.182830893058634e-05,5.328304130320735e-06,4.592286825832221e-06,1
0.08239552633781683,0.9175828421876936,6.159771800885824e-06,1.3465923365202252e-07,7.699374418831169e-06,4.063768514837542e-06,3.5739005210548957e-06,1
0.06682105449526932,0.9331580469141459,5.791742755775391e-06,1.2661372307497006e-07,7.798894319477837e-06,3.82096977254478e-06,3.3603700139841045e-06,1
0.06092094391857017,0.939063554284192,3.657481117672625e-06,8.71672816306978e-08,6.808366675157546e-06,2.6353337293199174e-06,2.3134484341706427e-06,1
0.04768425008199348,0.9522996159686264,3.8066305671549746e-06,9.072190068403279e-08,7.086006971526292e-06,2.742800743443684e-06,2.407789197461287e-06,1
0.059833546912366205,0.9393409073232767,8.252845237127775e-06,4.142450411806568e-08,0.0008074499501661411,5.183191104825422e-06,4.6183533451038346e-06,1
0.4430185399228373,0.5567285796134848,1.3180351788502631e-05,2.460250452036306e-07,0.0001808496787180438,3.66646123067002e-05,2.1939795819492612e-05,1
0.15209547008027144,0.8466779676627155,7.092199995302046e-06,1.559662989374949e-07,0.0011975354853245132,1.644218124022572e-05,5.336424154094202e-06,0
0.0609525706058947,0.9381341232728384,5.55814885343123e-06,1.0069376944450065e-07,0.0008907421874882921,1.2284683064981889e-05,4.6204080909726346e-06,1
0.04327515129411162,0.9565298380847178,3.7886197932854935e-06,7.002776509188156e-08,0.0001744116621947755,7.687524497064832e-06,9.052786920280622e-06,1
0.06972745704080535,0.9298603925542975,5.014912416801776e-06,8.031606234843346e-08,0.0003891697173829448,4.209358583045195e-06,1.3676100452085849e-05,1
0.05388231240904068,0.946078711813677,6.396607923269159e-06,2.498165563046449e-08,1.6986726039289863e-05,2.799969644234128e-06,1.2767492020174874e-05,1
0.0475860476752262,0.9523772749566324,6.029716975259288e-06,2.03734841728203e-08,1.60124165154143e-05,2.579675597906784e-06,1.2035185568508472e-05,1
0.03531199107210442,0.9646580138496306,4.9311562348906574e-06,1.6661616775293e-08,1.3095096811282085e-05,2.109681675078341e-06,9.84248192705008e-06,1
0.04977244588706865,0.9502030023157804,5.1613969865613365e-06,7.100053784899461e-08,1.3873148157889138e-05,2.4643341579740565e-06,2.981917310732369e-06,1
0.06137655703240836,0.9385854148428604,5.351355330273541e-06,9.634303498769806e-08,2.4282122016611623e-05,3.0461653180578857e-06,5.252139031285838e-06,1
0.0656740985207928,0.9342968804499355,6.669000492395985e-06,9.751695930055988e-08,1.2723617118288735e-05,3.498628113408914e-06,6.0322665882442125e-06,1
0.08022550981259313,0.9197467160538586,7.13924744975435e-06,9.405819315599288e-08,1.2254712881476433e-05,4.335810379856806e-06,3.950304643953272e-06,1
0.07621386431272378,0.9237356293744767,7.1702101471518426e-06,9.446612065716728e-08,3.4919584880873546e-05,4.354614656597352e-06,3.96743699413156e-06,1
0.055930492054785036,0.9439829118324657,7.188203326261779e-06,9.634025790281791e-08,7.08244142281447e-05,4.441006957473176e-06,4.046147979495934e-06,1
0.0373227556388389,0.9625476702737735,1.451791624583459e-05,1.0282028198092e-07,0.00010680823135284568,4.65011710811955e-06,3.495002398592134e-06,1
0.08546824861266211,0.9116864625081466,1.922805808621477e-05,1.432679701345061e-07,0.002814663910524514,6.383713063348083e-06,4.8699295471153145e-06,1
0.10245131641626222,0.8885114028440804,4.4905964852813623e-05,1.5116102974690866e-07,0.008963612131094756,2.3473254194900152e-05,5.138228485025129e-06,1
0.1192280137726846,0.8714415887378114,4.705706720864494e-05,1.6403509962822323e-07,0.009244761060801887,3.28394856969775e-05,5.575840696936695e-06,1
0.33497922331396385,0.6611150964615851,2.4437175607035125e-05,1.8282673919745188e-07,0.0038081397123171535,4.8662296372975284e-05,2.425821341476204e-05,1
0.09760378789399103,0.8964397348382416,2.9074579805764344e-05,1.4325064756419317e-07,0.005882470911679951,2.8970944684684576e-05,1.581758094965468e-05,1
0.07152905472649085,0.9275101348913117,2.5167526985627267e-05,1.4468902750312013e-07,0.0008945385601764883,3.6219096554845215e-05,4.740509453102878e-06,1
0.0859317748771768,0.9130721464867239,2.3683140781931265e-05,1.4388989545911784e-07,0.0009260932527725434,4.144402550677783e-05,4.714327142845879e-06,1
0.09659044609039716,0.9023351811427687,6.347217933004371e-05,1.5111797093805356e-07,0.0009293546751490797,7.095956577047921e-05,1.0435228613529502e-05,1
0.08322980024319122,0.9150155973008918,2.6833014371323706e-05,1.5384517306761912e-07,0.0016706720659034884,5.36051910528581e-05,3.3383394162413008e-06,1
0.08985364908688617,0.9077359896072184,2.9554658641432676e-05,1.482317995403957e-07,0.0023150975584316858,6.234432413264273e-05,3.2165328900412295e-06,1
0.05068128580450963,0.9455686197208617,2.281074059531901e-05,1.5755205203573855e-07,0.0036727503309008183,5.0957074820325825e-05,3.418776260139354e-06,1
0.034754194417639085,0.9589499668334585,2.0659106149448115e-05,1.4845987313935795e-07,0.006230317944518719,4.149175642377859e-05,3.221481937645635e-06,1
0.03972018674123281,0.9472439078593307,1.9044470457650158e-05,1.7085648916591624e-07,0.01297356721873066,3.7811395876784635e-05,5.311457882355844e-06,1
0.08579587342649041,0.8257258940827051,3.498933035920928e-05,2.7666700635747553e-07,0.08835319063174092,8.247668372383237e-05,7.299177974371092e-06,1
0.10025478611236341,0.732155711320565,4.17107435003924e-05,3.346878746205282e-07,0.1674567011333434,8.192608658209367e-05,8.829915770884346e-06,4
0.08308219478481414,0.8824560176693655,2.3066181628286798e-05,1.5518027463788088e-07,0.034407139540668846,2.7675458620660798e-05,3.751184627895061e-06,1
0.07685551878688794,0.8879939009860272,2.587559599377865e-05,1.5422417396042677e-07,0.03508946950126565,3.169316393397019e-05,3.387741717681176e-06,1
0.07592693400680613,0.9238062114001039,2.377245712379825e-05,1.4399512994642928e-07,0.00019444163829671727,4.5333491116050064e-05,3.163011423450067e-06,1
0.049036418111342406,0.9506738007612954,2.4920507704910308e-05,1.4380932245952622e-07,0.00020231582089481347,5.9242059482526035e-05,3.1589299576126073e-06,1
0.034408053992625955,0.9653755620981349,1.8065114283839713e-05,1.191111505891952e-07,0.0001603090559611458,3.5624495684178575e-05,2.2661321594333455e-06,1
0.01977216937464657,0.9799946359417901,1.8542083470456953e-05,1.3883418304779769e-07,0.0001794621863610132,3.066041884448053e-05,4.391160704188628e-06,1
0.015712385196008347,0.984134313301513,2.4518447399282387e-05,1.2962133544124717e-07,9.217600443359071e-05,3.363015409432261e-05,2.847275216016323e-06,1
0.017407475455202177,0.9824279188800933,2.311696920241235e-05,1.3523299298141205e-07,0.00010402384702643165,3.4724653144211514e-05,2.6049623386254614e-06,1
0.03188831683354686,0.9569720852979796,4.010830328551723e-05,2.2587122148287477e-07,0.011023018711551804,5.353945389343686e-05,2.2705528521338115e-05,1
0.07403726436817622,0.9004099831588046,2.964903459376369e-05,1.647614038386586e-07,0.025477352432316618,4.1897302319644025e-05,3.688942385144962e-06,1
0.012577807753804274,0.9803338846793679,2.2752736787973343e-05,9.967896952853936e-08,0.0070376307364610905,2.526220475164398e-05,2.562209857651568e-06,1
0.00717090907235061,0.9837305737198359,2.572768621953264e-05,1.0995933570581029e-07,0.009043352410397044,2.665353789694788e-05,2.673613964538991e-06,1
0.9403861584248808,0.05935430696468869,7.515703998064835e-06,1.4860426015358625e-07,5.961487972762522e-06,5.112458562170715e-06,0.00024079635563713418,0
0.7674456537976115,0.2318676164471695,1.0505334974121956e-05,1.9628207545519343e-07,8.235105015338918e-06,6.752726847967994e-06,0.0006610403063062721,0
0.7228907087580279,0.2761068491042151,1.1450017084917406e-05,2.1393255169503574e-07,8.373005973499072e-06,7.3599592939659075e-06,0.0009750452228531453,0
0.6308527470358896,0.3682037890427711,1.207630937314508e-05,2.2563422046406844e-07,9.46658779853743e-06,7.607290643733141e-06,0.0009140880993035708,1
0.5795580193967591,0.41921718784894374,1.290840769370046e-05,2.411811769146448e-07,1.0002456792245244e-05,8.131458547439176e-06,0.0011935092500868546,1
0.5207972917804999,0.47916715193601833,9.520777523131003e-06,2.1545533737519454e-07,1.1284723403399988e-05,6.483130352960152e-06,8.052196864649523e-06,1
0.26441529450684154,0.7355477619555825,9.963984415801868e-06,1.861674611761018e-07,1.4089862323364938e-05,6.2766630995055224e-06,6.4268602759756255e-06,1
0.16137725137271403,0.8364501459824504,9.954358083664013e-06,1.9540722138252615e-07,0.0021498128350797797,6.270599135413262e-06,6.3694453154806595e-06,1
0.17187349819831457,0.8137767065214887,8.542773082209628e-06,1.5961349493846227e-07,0.014330257286857998,5.410064161885523e-06,5.425542599573309e-06,1
0.12874629666315562,0.8523443561159195,6.4664424513841044e-06,1.2081925500669962e-07,0.01889455795889881,4.095141966720667e-06,4.106858352674292e-06,1
0.11524706215015178,0.8673134345330346,5.950535171775425e-06,1.302871642263421e-07,0.01742425303563073,4.266223064343609e-06,4.903235782552743e-06,1
0.10175581047721464,0.8808024638060108,6.8704207022181485e-06,1.2862476938785235e-07,0.017425342080354025,4.3366028552941195e-06,5.047988093577539e-06,1
0.1416525445723411,0.8153332572170786,6.537032735714341e-06,1.4749626743690965e-07,0.04299731692920369,5.185970536444034e-06,5.0107818371358755e-06,1
0.13769716196379672,0.827790529412863,7.079548377011921e-06,1.3003440722487894e-07,0.03449621287356855,4.468604039928839e-06,4.417562947508886e-06,1
0.09470919350668452,0.884843107731235,6.2888439989328615e-06,1.2601815749727142e-07,0.02043257197813176,4.430799932732902e-06,4.281121859620979e-06,1
0.09376451561528625,0.9061942806457988,7.85672512222236e-06,1.4958195561793128e-07,1.1146225238207022e-05,5.311992723130515e-06,1.673921387588084e-05,1
0.06823549900196742,0.9317289650577798,6.549601166857032e-06,1.246959942998286e-07,1.047909740944677e-05,4.428236090294903e-06,1.3954309591873192e-05,1
0.18029001102425019,0.8196662639986798,9.611250528914415e-06,2.1426958276435612e-07,1.3035686397907592e-05,7.609196308007278e-06,1.3254574252280561e-05,1
0.18674045133215209,0.8132299182521883,7.856014792119599e-06,1.6021486277508005e-07,1.0610417569788034e-05,5.560907145360208e-06,5.442861289869453e-06,1
0.175058839117308,0.8249098022113162,8.1573395240288e-06,1.5821349861013178e-07,1.2818787061931242e-05,5.491441678220914e-06,4.7328896130788015e-06,1
0.13756105009064357,0.862410452456596,7.413049964709613e-06,1.4377782938096582e-07,1.164917908555279e-05,4.990393181383132e-06,4.301052699334038e-06,1
0.15308781568659754,0.8468822711410467,7.80866880569459e-06,1.5145094887831453e-07,1.227087120285843e-05,5.151590588276719e-06,4.530590810101715e-06,1
0.061271007377976514,0.9387038778267612,6.059724572573903e-06,1.3247209368499408e-07,8.667834579338587e-06,3.997764644961668e-06,6.256999371651507e-06,1
0.03218943701366539,0.9677969570317404,3.1932912237494603e-06,7.355057935791319e-08,6.163396990158593e-06,2.2236591409851633e-06,1.952056660075808e-06,1
0.06707694944157308,0.9323196601695881,4.608218173447808e-06,1.855587422406358e-07,0.0005755431798069482,5.426478825208366e-06,1.7626953290713492e-05,1
0.4763251592637909,0.5232999945193261,1.2071202728262261e-05,2.6217627324042174e-07,0.0003227582580415692,2.8825363323245136e-05,1.0929216516707907e-05,0
0.2441323990152363,0.7535760895591519,1.2665843040605735e-05,2.7509135589773835e-07,0.0022369088357717614,3.614091128650834e-05,5.520744157111444e-06,0
0.06870281323012857,0.9309038274136291,4.705835021995866e-06,9.616308712448549e-08,0.0003713484037964596,1.1731937878496664e-05,5.477016458293888e-06,1
0.05722734054122124,0.9418566929805903,5.4620517977021295e-06,1.0109332806473905e-07,0.0008942767032918455,1.1487887637017735e-05,4.638742133803208e-06,1
0.06922224352640576,0.9303385251280382,4.792854116948898e-06,7.675969949028709e-08,0.00041726823361931204,4.0229698821597175e-06,1.3070528238135976e-05,1
0.21662094667516515,0.782583862930694,7.029702882747799e-06,1.1258383159995504e-07,0.0004561452919766662,5.094053380939464e-06,0.00032680876206871905,1
0.12905830221659245,0.8706880271381037,7.1543058278708315e-06,1.1457940342206118e-07,2.7022981228885582e-05,4.802512436412189e-06,0.00021457626640732829,1
0.045826265382770785,0.9541204813697312,3.931848215441112e-06,2.1530606176986654e-08,8.105988468029404e-06,2.7892758703657684e-06,3.840460433789364e-05,1
0.03412486733427838,0.9643484376146189,5.045254731578316e-06,1.7047138007209274e-08,0.0015102984895821467,2.1584960902276263e-06,9.175763560636036e-06,1
0.042202068115602,0.9577783882570307,5.1769502837005715e-06,7.121449009197963e-08,8.83279945027878e-06,2.471760155530364e-06,2.9909029876913796e-06,1
0.07154666598215437,0.9284239134809186,7.265341457457724e-06,1.0430461348981748e-07,1.1667745063850348e-05,3.8114748837639766e-06,6.57167090870346e-06,1
0.0687872322009946,0.9311839275672968,7.726879260199424e-06,9.719204576834874e-08,1.151702137385067e-05,3.4869711500830037e-06,6.012167878660941e-06,1
0.08337271982688423,0.9166003625687422,8.17401653069255e-06,9.456747596142201e-08,1.1077098579039956e-05,4.359286842671701e-06,3.212634945196405e-06,1
0.042444007129445245,0.9574468547729421,9.159297012775995e-06,9.23446581541118e-08,9.249251291892723e-05,4.2568213774306e-06,3.137121645386196e-06,1
0.04089128073556569,0.9589944807716342,9.167931961940646e-06,9.194492916829723e-08,9.761667878037428e-05,4.23839502851116e-06,3.1235421002478686e-06,1
0.04980709426268074,0.9500964198789167,1.2245256422915574e-05,9.554429954731677e-08,7.64955680850394e-05,4.339230269318115e-06,3.310259325660607e-06,1
0.05025207222562434,0.9496394339476888,1.1635200351198044e-05,9.07843028560461e-08,8.94994483833762e-05,4.123050739796453e-06,3.1453429097985694e-06,1
0.03635416586369473,0.9635176276485957,1.3747042216498927e-05,1.003550654244747e-07,0.00010625607775996299,4.626077960236918e-06,3.476934707487492e-06,1
0.08036349819600344,0.9127592064792334,1.9014950298490274e-05,1.5179328084172965e-07,0.006846241123971161,6.727737404304291e-06,5.159719808486849e-06,1
0.08843045472368699,0.9017844407585308,1.8786319764571378e-05,1.4996816017092247e-07,0.009754423704161668,6.6468449396558645e-06,5.097680756258566e-06,1
0.11163335744606931,0.8792847664251363,4.965033489128859e-05,1.5402099911031354e-07,0.009003007525403941,2.3828803640827468e-05,5.235443859079873e-06,1
0.40885719650589586,0.5777509393843797,3.4686134281698025e-05,2.3661585296139642e-07,0.013290919785764767,4.487138234711548e-05,2.1150191478013528e-05,1
0.3210915153326902,0.6750091500154456,2.5526031452046485e-05,1.9284208957413493e-07,0.0038043476999864425,4.8846109773847496e-05,2.042196856242913e-05,1
0.10135039390805183,0.897688387253118,2.364333928567237e-05,1.447818543850002e-07,0.0008941791619070515,3.850800500261658e-05,4.743550780552847e-06,1
0.11069286457124962,0.8885096523302881,6.790785009720883e-05,1.5717175161154087e-07,0.0006552675949574106,6.82050409169895e-05,5.945440739062968e-06,1
0.19274851449247432,0.8058810214522347,7.762524371777598e-05,1.6340242238978777e-07,0.0012175214077237081,5.8541169181036606e-05,1.6612832246105415e-05,1
0.045918046580237036,0.943978248387257,2.3820298988450167e-05,1.4683647376113616e-07,0.01001127410778783,6.238017254503064e-05,6.083616710694539e-06,1
0.0534511992581198,0.9437334073841109,2.22086094942254e-05,1.498652545885046e-07,0.002737676615485102,5.0297028792309516e-05,5.061238742882328e-06,1
0.03660405641978243,0.9562918461382778,2.620527054807622e-05,1.6155508942237623e-07,0.0070330354292557915,4.118954749921524e-05,3.5056395475993147e-06,1
0.0429559490957447,0.9495184168927019,2.498981287468099e-05,1.5406181158140788e-07,0.0074578680101980935,3.927908633913102e-05,3.3430403299926803e-06,1
0.07598815528949997,0.8873452639951539,2.3141704718318566e-05,1.680828459663021e-07,0.03660369183372874,3.3546198603397515e-05,6.032895449601592e-06,1
0.04192342429261154,0.9578436709662335,1.5695661470507628e-05,1.2475090606409597e-07,0.00017550379583237825,3.9207102425393815e-05,2.3734305205841967e-06,1
0.01258725353688595,0.9871618899936511,2.4773834167706103e-05,1.301316959717121e-07,0.00018289733057490743,4.054847580802288e-05,2.5066972163691075e-06,1
0.013843808258934557,0.9859273822892638,2.4675432451023267e-05,1.296148126264947e-07,0.00016327975042875351,3.6838834122804344e-05,3.885819986550756e-06,1
0.01644725914431647,0.9832948719589397,2.7415386623365637e-05,1.4400721070738876e-07,0.00019048153743224023,3.551066496052012e-05,4.317300517084662e-06,1
0.016436275624065827,0.9832920015197867,2.2591464964577993e-05,1.4331593871238094e-07,0.00021330249610171452,2.6828317821820783e-05,8.85726132055973e-06,1
0.016551476665174286,0.983270379404886,2.381478217875945e-05,1.5334412037767906e-07,0.0001143847179410172,3.64227134175232e-05,3.368372282131675e-06,1
0.04310107723348637,0.9471779682018815,3.24498449494053e-05,1.851111424281946e-07,0.009636227065372236,4.8730018370327885e-05,3.3625247979267617e-06,1
0.08264638940852193,0.9003639715165724,2.7242122891471895e-05,2.0742020631397557e-07,0.016907004634171233,5.11905843314198e-05,3.994313305092657e-06,1
0.047361020747841556,0.9294875342467034,2.7030011930783954e-05,1.8588653594594743e-07,0.023073109397347167,4.726922818225813e-05,3.8504814586639935e-06,1
0.04534355924780774,0.9544840940885655,2.1391249683258168e-05,1.227720120086927e-07,0.00011709186454770314,3.135998931912051e-05,2.3807880646488302e-06,1
0.015824727608488562,0.9760000511797025,2.4055016148545614e-05,1.053455254001893e-07,0.008124394357863433,2.4506824712561154e-05,2.1596675591064394e-06,1
0.009922702273369128,0.9862408747311692,2.5369326612041883e-05,9.727414913075382e-08,0.003771132923404068,3.732307642904465e-05,2.5003948674060684e-06,1
0.9612421369615712,0.03848517617534529,1.335972205597279e-05,1.428702021864111e-07,6.875854565659795e-06,4.9151887549662e-06,0.0002473932275046351,0
0.7530370663389091,0.24625946994707262,1.1193881263449286e-05,2.09146900332178e-07,8.280969566572454e-06,7.195317686381311e-06,0.0006765843986016758,0
0.7317516463578326,0.2675365863318915,1.048715508600639e-05,1.959424017389667e-07,7.75815019502756e-06,6.741040993221482e-06,0.0006865850215997649,0
0.735298450439628,0.2634927063056387,1.0242815064547243e-05,1.913771435490177e-07,7.490220414943511e-06,6.452308300356674e-06,0.0011844665338099024,0
0.6381244047961794,0.35992630236852713,1.2480743366812322e-05,2.3319068047768867e-07,9.671068595281891e-06,7.862057794935328e-06,0.001919045774856028,1
0.5888179587837112,0.41114525134582663,1.0984880368091902e-05,2.3110222919751504e-07,9.63129374462545e-06,7.791645355497368e-06,8.150948764819643e-06,1
0.5800788555244855,0.419883984688882,1.0721581922412507e-05,2.4262955884400283e-07,9.52291196054054e-06,7.604886097076432e-06,9.067777093833587e-06,1
0.187030914124435,0.8129280945238923,9.674428760672693e-06,2.2935064741944398e-07,1.8802982083707452e-05,6.094261841137418e-06,6.190328339779454e-06,1
0.09813935021320115,0.7597933109516051,5.926527124381956e-06,1.1095363991296327e-07,0.1420532060666413,3.7408181483377205e-06,4.3544696397537315e-06,1
0.11543407314867254,0.8634864515643506,7.475653297034343e-06,1.3995564799170713e-07,0.021061539181944134,4.827818059723782e-06,5.492678028138722e-06,1
0.13032026933934993,0.82966658944577,6.492750819650015e-06,1.301041169919357e-07,0.03999752396647973,4.5744623176911945e-06,4.419931145977287e-06,1
0.13665560840482924,0.8236227333339966,6.445453203688673e-06,1.2915635005440738e-07,0.039706154779440284,4.541138820772603e-06,4.387733359287965e-06,1
0.06694622525890925,0.9321772153510305,7.110059707035959e-06,1.1089709631731327e-07,0.000859182654175274,3.9787136934653135e-06,6.1770653881791305e-06,1
0.0936235382518234,0.9063402466350956,8.07287653165318e-06,1.536972008415148e-07,1.147912562795664e-05,5.4581343656252115e-06,1.1051279354927677e-05,1
0.09203464022541348,0.9079174499190144,8.833967594994133e-06,1.6818739718755526e-07,1.411370034503238e-05,5.972713929911054e-06,1.882128630502219e-05,1
0.18625206060729793,0.8137054320894915,9.103219184274611e-06,2.0294372418646292e-07,1.3440186631181834e-05,7.206989517084952e-06,1.2553964153755245e-05,1
0.20194632366729756,0.7980188920005464,9.22249053435207e-06,1.8808264680049457e-07,1.2455994316743301e-05,6.528171708884753e-06,6.389592949336713e-06,1
0.09061161368239079,0.9093594593281067,8.16956688026209e-06,1.584506510300749e-07,1.0359315028545229e-05,5.4996730155872396e-06,4.7399839269959175e-06,1
0.15594383450276544,0.8440243884557052,8.329167663415752e-06,1.8208455942369122e-07,1.2938227180209885e-05,5.494977801048462e-06,4.832584325275545e-06,1
0.13661807996066566,0.8633572644015832,6.837995461993854e-06,1.3129516415452033e-07,9.207730076060586e-06,4.511211058022715e-06,3.967405990766806e-06,1
0.1270136398274942,0.8729603740846793,7.012490279063998e-06,1.3120915227813467e-07,1.0147410464178463e-05,4.62633002127879e-06,4.068647909754564e-06,1
0.12591259159271062,0.8740584125681317,6.841292901094474e-06,1.280059160607978e-07,1.354383470710767e-05,4.513386468026502e-06,3.969319165426645e-06,1
0.09947189103579315,0.900495132528297,7.048214248673867e-06,1.318775755603052e-07,1.3953480744706634e-05,4.5651939356656295e-06,7.277669405110532e-06,1
0.07169817916822786,0.9282649844383629,7.106935851857224e-06,1.3297630247007422e-07,1.7654950096081366e-05,4.603228464311756e-06,7.338302694597576e-06,1
0.06818737805109562,0.931720148774662,4.535684199741461e-06,8.486618236408347e-08,8.023147526287048e-05,2.9378048498809543e-06,4.683343747377205e-06,1
0.06493093273578522,0.9350421598119255,4.314676401890754e-06,9.115823453336592e-08,1.4499801561083446e-05,2.75599245125974e-06,5.2458236403912556e-06,1
0.03175736157379992,0.9682004569607028,2.9454246653777523e-06,7.01971255814333e-08,3.372797806497448e-05,2.1222739689166595e-06,3.3155916724559514e-06,1
0.07831811942044883,0.9185698825364411,1.0659870225768286e-05,2.346593052210799e-07,0.0030823901734375312,6.903896892731188e-06,1.1809443248679627e-05,1
0.3164468653073212,0.6831860052404922,1.4490164788326153e-05,2.840324042802559e-07,0.0003078031709779255,3.77674047401948e-05,6.784679275770865e-06,1
0.07882619068812198,0.9208202772677666,4.67190996302266e-06,9.570666806259601e-08,0.0003283581099633666,1.1957024236256201e-05,8.449293280638317e-06,1
0.16447049381597661,0.8351573357193574,5.59814901444765e-06,8.965685697197892e-08,0.00010216972122191508,4.056682108718516e-06,0.0002602562554639188,1
0.033166324459101545,0.96605893182716,3.3660145438545952e-06,1.6861468084080912e-08,0.0007510453649229382,2.134986700969675e-06,1.8180486102856906e-05,1
0.03236690944759691,0.9668576046946802,3.470435074206024e-06,1.6875408017372396e-08,0.0007516662789639753,2.136751765081609e-06,1.8195516511965818e-05,1
0.040324680344090306,0.9596579090705551,5.422159932776589e-06,7.458761117053452e-08,6.192432041055874e-06,2.5888366981129654e-06,3.1325690713586863e-06,1
0.060657432283082645,0.9393162962386333,7.1355624702963425e-06,1.2193755558144163e-07,8.636707848250134e-06,3.7298464925065227e-06,6.647423917366243e-06,1
0.055355478764160936,0.9446181689573152,6.889353622063798e-06,1.0325935684471979e-07,9.202367634123774e-06,3.6507829602508834e-06,6.506514950639733e-06,1
0.04208806399442153,0.9577988056708541,9.156501376893152e-06,9.183029215562009e-08,9.652924479590123e-05,4.233110594132785e-06,3.1196476654097244e-06,1
0.03719131129990259,0.9627006448128079,1.1933157319905278e-05,8.711348701049033e-08,8.736994032035002e-05,3.956337337682495e-06,4.697338824751456e-06,1
0.061307011341260265,0.9363597601329975,1.4261091630230689e-05,1.229270993696333e-07,0.0023091886317867473,5.4773675466238415e-06,4.178507678997084e-06,1
0.08979747092866153,0.9008511802312206,1.548985859494968e-05,1.5787976768523249e-07,0.009323336990691322,6.997500894300503e-06,5.366610169880783e-06,1
0.10950035133314377,0.8804027579154025,2.5984661187819587e-05,1.6112654441963118e-07,0.010040339877448545,2.492811246829108e-05,5.476973804801345e-06,1
0.20111297915339876,0.7874491950374458,5.367348175607548e-05,1.9973531359462182e-07,0.011342045384941072,3.691772000484729e-05,4.989487139763172e-06,1
0.355049292994047,0.6291534414917829,3.503384665467437e-05,2.3758487263426304e-07,0.015699039987142612,4.768505431833227e-05,1.5269041181723683e-05,1
0.35200866590698654,0.6392622651798328,3.068707322225466e-05,2.1609234973935348e-07,0.008627389960634637,5.1806165528966854e-05,1.8969621445055447e-05,1
0.3023549157262397,0.6942405855164424,2.9719141812891726e-05,1.9165006231742325e-07,0.0033081870329125206,4.7404280830043324e-05,1.8996651700218326e-05,1
0.11425573903717597,0.8842955341185214,2.9813801455492793e-05,1.411000139079528e-07,0.0013701455524287739,3.3046280087717696e-05,1.5580110316683268e-05,1
0.07598292175744409,0.9233076197246055,3.975716682997899e-05,1.3483515604269182e-07,0.0006147811702955252,4.9684846237188377e-05,5.100499431828359e-06,1
0.09097454336064724,0.908233711880246,4.828723371988178e-05,1.5730395040080937e-07,0.0006863851502309729,5.096462969454688e-05,5.95044151088941e-06,1
0.11200523768998707,0.8863736257840256,4.1203952542550016e-05,1.5221098065484963e-07,0.0015219494665779981,4.96006738086441e-05,8.230222077606276e-06,1
0.10937156871696875,0.8888081971941155,4.566586569263929e-05,1.4943881975848147e-07,0.001713102349847196,5.237866524485043e-05,8.937769311138506e-06,1
0.056629144237687216,0.9392417307724611,2.4447104407832323e-05,1.6239440236895312e-07,0.004045264053468827,5.2523236638261854e-05,6.72820093447722e-06,1
0.11078586853640322,0.791915245716414,4.526217589433881e-05,3.631846421206624e-07,0.09714583875224404,9.783990156301405e-05,9.581732839411114e-06,4
0.07806322945454185,0.8884182452963824,2.3836351440445352e-05,1.6762199495884216e-07,0.033449138201320026,3.936671991593717e-05,6.016354404441e-06,1
0.049644792801583695,0.9501038107911758,1.9884889507700178e-05,1.480941782044589e-07,0.00018171354239234012,4.639682963479588e-05,3.2530515273775004e-06,1
0.036707860597885354,0.9630695847014392,1.8829612723740535e-05,1.1700656964675427e-07,0.0001646088013162818,3.6773188310369924e-05,2.2260917557246723e-06,1
0.032933087217344274,0.9668685207119823,1.8989518899704543e-05,1.3512777857345243e-07,0.00014755120375061555,2.197950938037426e-05,9.736710864027723e-06,1
0.01967994894186323,0.9800465919620596,2.1566405427607275e-05,1.650452248669788e-07,0.00022144766454448327,2.6024235058248243e-05,4.255745822028673e-06,1
0.042020806486454364,0.9576834296211838,2.1630955781536474e-05,1.9444022016323232e-07,0.0002372256074151739,3.297234355052218e-05,3.7405453943069814e-06,1
0.01790617870388974,0.9819221555603785,2.6645143395499488e-05,1.409206724763102e-07,0.00010511763563911337,3.666655844157375e-05,3.095477583225638e-06,1
0.014259157137208609,0.9855204186440286,2.4629390743845782e-05,1.2975328860716084e-07,0.00016351926729805177,2.929563371979829e-05,2.8501737124536715e-06,1
0.015621805740371435,0.9841638683892183,2.6376153190015658e-05,1.3284546969414994e-07,0.00014991466536225134,3.498410951686934e-05,2.9180968714185713e-06,1
0.03792498336335764,0.9512095215448074,3.2587963956893994e-05,1.8948101901841653e-07,0.010778524650560164,4.893743205081571e-05,5.25556424809734e-06,1
0.07954828256876263,0.8995186841413055,3.0328221476274344e-05,1.7782674839196842e-07,0.020853326072753784,4.5219698693471815e-05,3.981470259855378e-06,1
0.013342842542412522,0.9793575625521469,2.4646720972818845e-05,1.1137497121832771e-07,0.0072335196185990686,3.872398487372824e-05,2.593206024157328e-06,1
0.012959388069750121,0.980512816117802,2.4110588802746727e-05,1.0895226739996385e-07,0.0064780808702397975,2.2958604287806693e-05,2.5367968501049734e-06,1
0.009048291968836742,0.9754911050054373,2.074470462178069e-05,1.0506863813552643e-07,0.015402879980888599,3.436686716009415e-05,2.506404417200766e-06,1
0.008136678670543252,0.9915735121918774,2.1447691671445233e-05,1.5176288056488203e-07,0.00023631632057375938,2.9707014932458958e-05,2.186347521264473e-06,1
0.8825149295900052,0.11714592127758394,1.651359105217368e-05,1.688035565303062e-07,7.421788078799392e-06,5.80737851671479e-06,0.0003092375712066752,0
0.9484749585945247,0.0496692442505726,1.0940798248346628e-05,1.51127728747097e-07,8.083504685625275e-06,5.517571797549833e-06,0.0018311041524424275,0
0.980736393316094,0.01712722536932861,1.1616910948836803e-05,2.293332643788996e-08,8.502277212059933e-06,5.490742305909486e-06,0.0021107484507838473,0
0.9502711736739278,0.04899026625806997,7.255252409362294e-06,1.4263484130624925e-07,5.827126579415249e-06,4.907091593110006e-06,0.0007204279625792185,0
0.8975372139653613,0.10215727361463157,8.826704401045703e-06,1.7352884647758054e-07,7.196725761539987e-06,5.88172192923688e-06,0.00028343373906875805,0
0.5734908642496717,0.4263983757035767,1.3539401896264676e-05,2.529706964287382e-07,1.049140108321197e-05,8.528943916942136e-06,7.794732915870918e-05,1
0.6241600489316946,0.3757757270125533,1.1644215951258998e-05,2.4497347020818317e-07,1.0159733783332999e-05,8.259316268802947e-06,3.3915816278576094e-05,1
0.6204731271674924,0.37948998361451997,1.0951178740206422e-05,2.4782533825570267e-07,9.252730121373166e-06,7.457155586172734e-06,8.980328201482414e-06,0
0.47276345747618365,0.5272008969276313,9.34151388919524e-06,1.609995297361732e-07,1.1799303104178362e-05,6.625995083158587e-06,7.71778457873278e-06,1
0.4291830427129603,0.5707742598659522,1.0668848486776003e-05,1.709420288273714e-07,1.3475864679024693e-05,7.567481936531353e-06,1.0814283956314171e-05,1
0.38748118672704224,0.6124757029505663,1.0818596618267198e-05,1.539444966618008e-07,1.4380935903143205e-05,6.815013286715201e-06,1.094183208673535e-05,1
0.20147674542603258,0.7971805624752921,9.405742652270271e-06,1.5063500422171515e-07,0.0013211607402029964,5.956575312170607e-06,6.018405503558898e-06,1
0.19028199642312946,0.8061234400412312,8.949106714466586e-06,1.4332188084997989e-07,0.0035740774951639157,5.667391729934835e-06,5.726220150120895e-06,1
0.07901262880867047,0.9085020596484927,4.2383311253376035e-06,7.934803226968331e-08,0.012475149958555668,2.7298243438598418e-06,3.1140807797164186e-06,1
0.09289430148459597,0.7317349382013176,6.3350116187807254e-06,1.1860109356505071e-07,0.17535565344777068,3.99865316332904e-06,4.654600440109276e-06,1
0.1771707577833265,0.788046459424454,7.365992656907021e-06,1.5234285018932765e-07,0.03476497167439959,5.235228816270225e-06,5.057553496531511e-06,1
0.04927080098446722,0.9507020818240153,7.336597653502072e-06,9.877805361840394e-08,9.196270251097501e-06,3.5439123980384802e-06,6.941633161138129e-06,1
0.04897751653956624,0.9509997210443522,6.442022641290551e-06,1.1242174428456782e-07,8.396400968208107e-06,3.992349779719526e-06,3.8192209480907875e-06,1
0.05597435440909974,0.9440018887813332,6.723447307473198e-06,1.1733297381893302e-07,8.763204140315592e-06,4.166758620949064e-06,3.98606652443277e-06,1
0.057504688155568175,0.9424715913355143,6.131095510568952e-06,1.1672818410780935e-07,8.718034436284074e-06,4.1452811738115306e-06,4.609369612914745e-06,1
0.18695465633932773,0.8130048984586035,8.694949366529182e-06,1.93841911343231e-07,1.2837408379301876e-05,6.7280703624365395e-06,1.1990932049036707e-05,1
0.11486146083797816,0.8851094357794267,8.855828430838119e-06,1.6566463549169052e-07,9.461010960752262e-06,5.665091359881445e-06,4.955787208177552e-06,1
0.1130778553921474,0.8868913922730325,8.754435615939445e-06,1.6979431628105826e-07,1.0973241429949386e-05,5.775538602925357e-06,5.07932485499676e-06,1
0.13895419804408218,0.8610188468701121,7.232145437743336e-06,1.3886316943547713e-07,1.061674284634664e-05,4.771242486677974e-06,4.196091865704943e-06,1
0.1522764628714255,0.8476938080431781,6.3983233320190995e-06,1.3480192895039002e-07,1.4262895810504587e-05,4.753008460168261e-06,4.180055864489309e-06,1
0.14105228233749761,0.8588961624572276,7.0695180022601184e-06,1.3227618537467308e-07,3.5672683108832636e-05,4.578992575043989e-06,4.101735403290587e-06,1
0.07615502175950907,0.9225659744583877,5.720841461350254e-06,1.4725179392268296e-07,0.0012660510012330066,3.986244398193399e-06,3.0984432168645796e-06,1
0.05718359543191062,0.9418690814509376,3.996602263823873e-06,1.0207292617523128e-07,0.0009382750514305738,2.7848059579359116e-06,2.1645845735301963e-06,1
0.04447715181883229,0.9480870851800571,1.1466390323982193e-05,2.5241350315082737e-07,0.0073922171166804305,7.386884936544116e-06,2.444019566634107e-05,1
0.3255495291987194,0.6740191775384133,1.394607881044998e-05,3.013013459929132e-07,0.0003660976201914209,3.974687668642621e-05,1.1201385832718844e-05,1
0.10338339346483527,0.895721114926873,4.784449192766831e-06,1.1036153848207109e-07,0.0008703806044885652,1.4557507477241073e-05,5.658685594733706e-06,1
0.14115186293411897,0.8587814940030082,4.520948750135874e-06,9.537103179932707e-08,4.585072158457927e-05,3.847002750501515e-06,1.2329018755829267e-05,1
0.12279440719279186,0.8771604699589703,4.620212519277333e-06,9.746503653296309e-08,9.887565927159141e-06,3.461203342902985e-06,2.705640141188107e-05,1
0.04106694311794869,0.9589177953113596,3.5153250938819107e-06,8.892737817288698e-08,4.0893179776788735e-06,2.7201256248278055e-06,4.847874617105179e-06,1
0.04301262119318679,0.956972089507788,3.5096642653027773e-06,7.824400695623753e-08,4.0827328319358826e-06,2.778589975315456e-06,4.840067945901903e-06,1
0.049015907700441994,0.9509638822323162,6.660820533289181e-06,9.162671300240992e-08,6.429192671215502e-06,3.1802412414812677e-06,3.848186082878549e-06,1
0.07402085129977636,0.9259503083855329,1.1251379879725883e-05,1.2659020120424845e-07,9.760389028218976e-06,3.9119906912959035e-06,3.7899648901833103e-06,1
0.08421270534548951,0.9157640812068476,7.649753532045838e-06,8.85021311782516e-08,7.73834765730351e-06,3.0575263161216573e-06,4.67931802604812e-06,1
0.06389310198252449,0.936022580132153,7.589004954530794e-06,8.948254922562114e-08,6.784431233209443e-05,4.063930428243618e-06,4.731155058456742e-06,1
0.03910900801729,0.9607919090640032,1.0419245286628468e-05,8.960399662260196e-08,8.139956838717296e-05,4.1304848158055175e-06,3.0440162207190843e-06,1
0.03544413726312569,0.9644459789632245,1.285791804888246e-05,8.738916739426206e-08,8.768622000485406e-05,3.968857610180048e-06,5.283388818834754e-06,1
0.0378525478615567,0.9620338669699499,9.310710655469547e-06,9.231080637879913e-08,9.672865546851723e-05,4.255260908598984e-06,3.19823065449698e-06,1
0.06405668369085085,0.9331038683986228,1.2683862652049446e-05,1.2817546777228882e-07,0.0028165980078817634,5.68095560003709e-06,4.356908924818062e-06,1
0.10072058020483717,0.8891513818228447,3.127596138138917e-05,1.6606767334729723e-07,0.010065680751542848,2.5270260278280743e-05,5.644931442076137e-06,1
0.15073832552058652,0.8376286064753076,3.503540395044874e-05,1.659934437734824e-07,0.011561781613625855,3.1624652480797345e-05,4.460340605121688e-06,1
0.39015347804325706,0.5912464744447877,4.8119614517338895e-05,2.55511269768306e-07,0.018495786734344405,5.005896779940455e-05,5.826684024261316e-06,1
0.3865150030274382,0.5989106991855985,4.086071422591001e-05,2.3089925247767173e-07,0.0144696841026097,4.869032090556877e-05,1.4831749969563202e-05,1
0.34133444212911224,0.6426876141057073,3.0248120630443527e-05,2.1300133169727252e-07,0.01588230913867531,4.9376587789603695e-05,1.5796916753456527e-05,1
0.3508928934844414,0.6365751056692253,3.008812069335338e-05,1.9697129841392305e-07,0.012431797566610938,5.131881673793611e-05,1.859937099286908e-05,1
0.15795577316319181,0.8391728358198953,3.525972684477973e-05,1.340994240635396e-07,0.0027946471591006605,3.092902056284105e-05,1.0421010980543327e-05,1
0.085154601605717,0.9121067266533114,3.0036958814828452e-05,1.354307946955381e-07,0.002663610769613854,2.9934460460969584e-05,1.495412128739443e-05,1
0.08262480345724509,0.916290368385008,3.319126384619057e-05,1.425403373206065e-07,0.0009952896253986627,4.6449321498331994e-05,9.755406666472985e-06,1
0.1157201421920942,0.8828111160566029,2.997325120145037e-05,1.5490165943658415e-07,0.001379760408607093,5.047747967378259e-05,8.375710161435087e-06,1
0.047713009205694906,0.9482223532705957,2.1469872620446205e-05,1.542861797839577e-07,0.0040003291654275705,3.933629050873831e-05,3.3479089729236747e-06,1
0.13423321845022473,0.7903638195251004,4.35967672174607e-05,3.558164503256876e-07,0.07525550314413047,9.585495210119669e-05,7.651344775412056e-06,4
0.138174069229677,0.6535231069540071,3.2522203154688586e-05,2.943795730243307e-07,0.2081602452579944,0.0001007314228685351,9.030552725392275e-06,4
0.04394402335513879,0.9558003517920846,2.4578538041458857e-05,1.4297024937225033e-07,0.00019387369030407232,3.274344150839805e-05,4.286212673035753e-06,1
0.027547218649723624,0.9721927989511183,1.815139549418272e-05,1.426361324819162e-07,0.00021229071494794746,2.0582404883076207e-05,8.815247700269702e-06,1
0.014301015386467619,0.985546040384254,2.4474695405822207e-05,1.2483753385879085e-07,9.312066262286581e-05,3.248183996357798e-05,2.742193752091416e-06,1
0.014691498050018926,0.9851506226866952,2.5971299586457915e-05,1.3241843409696044e-07,9.41650703324456e-05,3.4701758368301546e-05,2.90871656478853e-06,1
0.015974816597477008,0.9838700353935269,2.2545996768611184e-05,1.2814061635010116e-07,9.38157766921574e-05,3.6220173950016814e-05,2.437920968810756e-06,1
0.03159402877583112,0.9580384729442271,2.6030820899614902e-05,1.6721207360247606e-07,0.01029521477144198,4.241243709879943e-05,3.6730384277398528e-06,1
0.05097515718666828,0.9298188566811482,2.9568244038653715e-05,2.1037696253543208e-07,0.01912057567614563,5.0207134341921135e-05,5.424700694911154e-06,1
0.08919233676738053,0.8958049451531793,2.242277325883172e-05,2.3166609988313123e-07,0.014929875030807394,4.633463362912031e-05,3.853975644883045e-06,1
0.21143596932580225,0.7884334842242281,1.570965672276737e-05,1.125925993978457e-07,8.689325141792852e-05,2.5977675571268322e-05,1.8532736583212504e-06,0
0.20665558074559678,0.7931864470446346,1.5555931737886765e-05,9.626436071368573e-08,0.00011351216090286908,2.697638894061743e-05,1.8314638263629011e-06,0
0.01720601029555002,0.973656016877568,2.628620383746642e-05,1.187399526820539e-07,0.009068078179881138,4.12847166761863e-05,2.2049865345615893e-06,1
0.005800679567697017,0.9939135874729935,2.288696759556405e-05,1.0780506807905263e-07,0.0002336668929890779,2.698074374093837e-05,2.090549915994621e-06,1
0.007015275057328587,0.9926691287898817,2.3017420483476834e-05,1.6287020949654386e-07,0.0002536120064144786,3.645749221376666e-05,2.3463634684263737e-06,1
0.9790631180262865,0.020074701679386475,1.2428772389308462e-05,2.841700316372574e-08,8.352911788162793e-06,5.886497041394558e-06,0.0008354836961048772,0
0.9532686804011198,0.04585040515603908,1.1597821198338896e-05,1.6616570276209464e-07,7.852747122585909e-06,5.71662848829192e-06,0.0008555810803290928,0
0.9845065330299357,0.013876479932679793,1.1937221004834782e-05,2.3565661066939993e-08,8.006493465412793e-06,5.6421371115701466e-06,0.0015913776201417775,0
0.9102830053609506,0.08918441168812467,1.192538101590521e-05,1.8353482395150562e-07,7.266884133280253e-06,6.3141809070453196e-06,0.0005068929700442643,0
0.871346261531944,0.1283655894075942,8.937950125749866e-06,1.7559197614300001e-07,6.293330228725322e-06,5.468261890947654e-06,0.00026727392624007146,0
0.5836036065042025,0.4162892967721649,1.2061199399066654e-05,2.5374605589848627e-07,1.0523557405250972e-05,8.5550852745235e-06,7.570313549781321e-05,1
0.6517495195413735,0.3481483777831096,1.2263162675566969e-05,2.579950018907278e-07,1.0945374112726898e-05,8.698339108210727e-06,6.993780461851322e-05,1
0.6634809421309377,0.33645583619058345,1.0574403532161063e-05,2.224665309797075e-07,9.392188074550475e-06,7.500491530872208e-06,3.553212881035344e-05,1
0.6328380361954625,0.36712264141971396,1.1673504839280553e-05,2.6417158865309094e-07,9.863028666663024e-06,7.949020273302066e-06,9.572659455684912e-06,0
0.5616297373164605,0.4383304163486648,1.0564154712817379e-05,1.834945388161936e-07,1.2877556016998364e-05,7.49322197827239e-06,8.727907627930858e-06,1
0.23048099797016175,0.7692855258696709,1.0104810440214516e-05,1.4378759204822714e-07,0.00021036255873863857,6.3992888842028294e-06,6.465714512306748e-06,1
0.2202228911883562,0.7783005462873583,1.018248440389172e-05,1.6307469148090657e-07,0.0014532530706948279,6.4484791322824316e-06,6.515415362921163e-06,1
0.12486710818945797,0.8635896321600195,7.1384990322351205e-06,1.2160300782006607e-07,0.011526843315267333,4.588557546038325e-06,4.567675669117298e-06,1
0.10443090231909542,0.6859703631799849,5.938803785379526e-06,1.1118347775814147e-07,0.20958457245667086,3.7485671648016408e-06,4.363489820792226e-06,1
0.08943524260635675,0.6756016466996015,5.198760651016747e-06,9.548882549543602e-08,0.2349512150849178,3.3573882524911745e-06,3.24397139504992e-06,1
0.057103775221008686,0.9256479927003589,7.499534069509044e-06,1.1697180984546556e-07,0.017228109407962513,4.112730240530271e-06,8.393434549854829e-06,1
0.04186260353160961,0.9581086441534469,8.186865129958324e-06,1.0103545981816083e-07,9.73923929504036e-06,3.6249025524874926e-06,7.100272506219046e-06,1
0.044385328483302594,0.9555900643928328,5.679913783977604e-06,8.39051794733597e-08,9.191643220233036e-06,3.520043906543317e-06,6.131617774332957e-06,1
0.17052279293795608,0.8294422429211875,7.487801242730098e-06,1.66930207809641e-07,1.1055149186491557e-05,5.928068298695112e-06,1.0326191920552788e-05,1
0.09976579610836442,0.9002070949583332,8.224926118118554e-06,1.5386244188735263e-07,8.786994549705005e-06,5.340420593157553e-06,4.602729599236346e-06,1
0.12245152514344522,0.8775166990981706,9.281421874703023e-06,1.7362614731366922e-07,1.1220879913737096e-05,5.905877995511967e-06,5.193952452847983e-06,1
0.15567099762439046,0.8442992460004878,6.035818080077897e-06,1.2716455198761927e-07,1.5256255025116557e-05,4.4837206421066746e-06,3.853416822179642e-06,1
0.18562580153340774,0.8143404722879419,6.910579452732432e-06,1.4559430526610993e-07,1.721809388005025e-05,5.040024709616805e-06,4.411886302879504e-06,1
0.07274104587025941,0.9265053543858858,5.176684200799757e-06,1.3221213155075336e-07,0.0007418800440257299,3.6070792270799674e-06,2.8037242696168515e-06,1
0.020939427210480026,0.9785566926338171,2.7887030601766154e-06,6.646204237562443e-08,0.0004972517150808832,2.009350971090623e-06,1.7639245481704043e-06,1
0.02649866783589005,0.9731786428697238,3.9166370042029735e-06,6.299984407712977e-08,0.00031211515566877563,2.550358446330513e-06,4.044143422821578e-06,1
0.264812969047614,0.7331769168213604,1.3325577028986457e-05,3.7128010961504677e-07,0.0019566656930424062,3.421286641591084e-05,5.538714428652864e-06,0
0.07338903546224887,0.9264278237735629,3.9121266736061045e-06,8.249436512438439e-08,0.00015868053857665654,9.875558125684862e-06,1.0590046447383798e-05,1
0.04550642683269539,0.9538999886818971,6.317531069817169e-06,1.203312871014081e-07,0.0005713325537420358,1.099272195576062e-05,4.821347352748285e-06,1
0.052335218327011636,0.9476457563139068,4.465795803850978e-06,9.955988138127733e-08,4.765808167407867e-06,3.535556256779363e-06,6.158638972066374e-06,1
0.048934612649408994,0.9510462684682515,4.506690413200268e-06,1.00471580579982e-07,4.809450078458017e-06,3.487234821452808e-06,6.215035445606146e-06,1
0.04485652803207086,0.95512733834355,4.379327215940582e-06,8.931261161243817e-08,4.8140654331507885e-06,3.099921862599219e-06,3.7509972558273704e-06,1
0.04252196470862604,0.95746187758453,5.503717631140028e-06,7.799370607829019e-08,4.593317781191746e-06,2.7070577184147476e-06,3.2756200069591322e-06,1
0.045062369231675545,0.9549178367203558,7.111508568875628e-06,8.606412794192096e-08,6.038881484313393e-06,2.9430280288271315e-06,3.6145657584864766e-06,1
0.06406289798138973,0.9359098233913381,1.2754159348902458e-05,1.0108903924875291e-07,7.444438744487665e-06,3.5447554289647506e-06,3.434184710601321e-06,1
0.06286466795094313,0.9371061519438652,1.4892647293258257e-05,1.0121825650983752e-07,7.198378658651087e-06,3.549286519488012e-06,3.438574463888723e-06,1
0.07890997876502868,0.9210657376046596,8.930935910271294e-06,8.901449882796639e-08,7.482044449651061e-06,3.0752273313590996e-06,4.706408121476958e-06,1
0.08145106657042993,0.9185146218185416,7.699002171699725e-06,8.876795150362018e-08,1.794900486082656e-05,2.8566128755891e-06,5.718223168834928e-06,1
0.04157101149237003,0.9583192209889568,1.042054186768268e-05,8.96151470314086e-08,9.214301416067532e-05,4.069952476814213e-06,3.044395021069007e-06,1
0.036813617966405074,0.9630642214209353,1.0204212449741746e-05,8.775474544748308e-08,0.00010484221209190851,4.0452396907291315e-06,2.9811936817094254e-06,1
0.05691354696421163,0.9417039486584081,1.615600340600872e-05,1.179394464312528e-07,0.0013567870366154918,5.436728141588838e-06,4.006669770896834e-06,1
0.08023279780054457,0.9182312190645907,1.632048949612649e-05,1.3967441016653625e-07,0.001508373819526837,6.3098913224502785e-06,4.839260109203489e-06,1
0.07773439889390707,0.9132997138236443,1.0859689966713453e-05,1.3806309847756014e-07,0.008944118742960958,6.077779590493126e-06,4.6930068319591925e-06,1
0.3777023680104118,0.6084042995304556,4.669951792286294e-05,2.4735704556281436e-07,0.013797402018094549,4.3342831134798306e-05,5.640734935004054e-06,1
0.0702079118576847,0.9290038096851092,2.6350311087190652e-05,1.3081306188207132e-07,0.0007087877779229748,4.787758903506263e-05,5.1319660990977155e-06,1
0.08843531045008532,0.9107577391358597,2.6853123785828422e-05,1.4442632055891167e-07,0.0007269559369255423,4.70639029103253e-05,5.933024112712009e-06,1
0.056592766648463695,0.938186981100035,2.6038226111948386e-05,1.538674534918065e-07,0.005138268536246535,4.941670279267696e-05,6.374918896632634e-06,1
0.0554458447408184,0.9407597441973644,2.2227616196291694e-05,1.6911945877766403e-07,0.003730240311383907,3.840573414896437e-05,3.3682806291020572e-06,1
0.06243253755182558,0.9334364345147154,1.915467182248212e-05,1.7624685483599942e-07,0.004067209531190921,4.002431121968851e-05,4.463172371000867e-06,1
0.10318446603376404,0.8801607888884437,2.6720165245449002e-05,1.712853636182883e-07,0.016564503444087254,5.7202341626379745e-05,6.147841469576822e-06,1
0.053097748893546855,0.946684496709879,1.9631477945271314e-05,1.3414560959299866e-07,0.000143722693243928,5.090531328741094e-05,3.3607664879839293e-06,1
0.053193919104983854,0.9465856617565187,1.9244879151798606e-05,1.3150390676436337e-07,0.00014089239081037461,5.7005018872496014e-05,3.1453457557941373e-06,1
0.028647248418008434,0.9711176221385731,1.5835678246849885e-05,1.258637753589448e-07,0.0001770694180123961,3.970388012730607e-05,2.394603256183072e-06,1
0.03384508115582063,0.9658947993344201,2.2752765282199954e-05,1.413849055053282e-07,0.00019059450441425948,4.3940956859473264e-05,2.6898982978436003e-06,1
0.04899653685399522,0.9506630229481938,2.4603504871448553e-05,2.0213702698992721e-07,0.0002757169819112062,3.60289612201841e-05,3.888612781302814e-06,1
0.017736239000543764,0.9723898717551024,2.9896618369388924e-05,1.524728292577288e-07,0.009794865436462937,4.562544562015972e-05,3.3492710722628237e-06,1
0.01691200131556683,0.9828668432676733,2.697760304182926e-05,1.4701890140365131e-07,0.00015239666011990677,3.722654443840616e-05,4.4075902583858345e-06,1
0.02463201475179092,0.965799385343283,2.4916414111031965e-05,1.6005354907210346e-07,0.009496183776987278,4.382386848451005e-05,3.5157917940518676e-06,1
0.04510319574202761,0.9389799253946435,2.8721627720265634e-05,1.907257450817164e-07,0.015833599916072735,4.907650504111269e-05,5.290088749975379e-06,1
0.09781226652815232,0.8843875986313218,2.787788596853215e-05,1.7509026772904581e-07,0.01772357610589353,4.494747479055265e-05,3.5582836058489015e-06,1
0.03591613031465736,0.9638883560893119,2.6069726938265348e-05,1.4580830070716929e-07,0.00013006533326822292,3.6029887809996394e-05,3.2028397136916876e-06,1
0.11882148133063265,0.8809385177106561,1.9915045303435355e-05,1.1095199738137681e-07,0.00019239814613199676,2.5139632608929733e-05,2.437182669319847e-06,0
0.20932059757706184,0.7904883586039151,1.6162754214847615e-05,1.0001954418939228e-07,0.00014831689471622752,2.4561243015169505e-05,1.9029075324876174e-06,0
0.14018891741791942,0.8596041354473176,1.9079046401779044e-05,8.114792818844141e-08,0.00016075083032531288,2.4984302094203673e-05,2.0518080136493517e-06,1
0.01693637606840184,0.9757296229603744,3.2540783175857584e-05,7.726853594330883e-08,0.007253413056858098,4.5722420342756635e-05,2.2474423112368564e-06,1
0.016558498004726196,0.9832015709365414,2.9891322447172494e-05,1.0774280462553247e-07,0.00017984722050596886,2.8034927655520596e-05,2.0498453192812255e-06,1
0.0066748681148804685,0.9930542458459508,2.2878879511872698e-05,1.0771185938991293e-07,0.00021724379741014615,2.8566907969051453e-05,2.0887424182514895e-06,1
0.0070948659321942885,0.9926118633151071,2.263944228823102e-05,1.601956531582694e-07,0.00023211581906045406,3.604746279386945e-05,2.307832902856563e-06,1
0.9571898823762767,0.04183717888705713,1.4961480143230277e-05,1.668492133979417e-07,7.885048831600972e-06,5.7399087917339245e-06,0.0009441854496860535,0
0.9568997081715905,0.04244336768913348,1.2475110504293302e-05,1.4034516064301418e-07,6.526448166795331e-06,5.007274222833864e-06,0.0006327749612213779,0
0.7194525822417153,0.2797625164991112,1.0621901195110206e-05,1.9846000313097935e-07,8.230690436546832e-06,6.691107943947585e-06,0.0007591590995946417,0
0.6214883437853047,0.37627847222166344,1.4150741142822854e-05,2.643929820024243e-07,1.0960139723434456e-05,8.91404794059615e-06,0.002198894671242907,0
0.6562280249057092,0.3432145539342952,1.2217303340459515e-05,2.5703020352991606e-07,1.0851412128205303e-05,8.665810790794171e-06,0.0005254296035328634,1
0.6743999901850761,0.32553657021280047,1.078010240433171e-05,3.119555210603822e-07,9.621682180242474e-06,7.3406619297368045e-06,3.5385200087885314e-05,1
0.6729265556220638,0.32701630619994326,1.0395104570209311e-05,2.984816285620004e-07,9.386035873643975e-06,7.078499397510968e-06,2.9980056522867462e-05,1
0.6253838652579962,0.3745767241829049,1.0968701683774484e-05,2.4822188273004746e-07,9.90395303826495e-06,7.469087755267465e-06,1.0820594738997205e-05,1
0.6706782735296957,0.32928337432966753,9.853713090106742e-06,2.4871558974315077e-07,9.923651749025901e-06,7.48394358089292e-06,1.0842116626793059e-05,1
0.34897773307433827,0.6509848422776502,1.102034223772142e-05,1.5681525975025563e-07,1.214387490945903e-05,6.942099925179528e-06,7.161515679578301e-06,1
0.2843244638630673,0.7156398287333959,1.016034504220519e-05,1.4457782821770708e-07,1.2466773039506376e-05,6.434458466384522e-06,6.501249160299477e-06,1
0.23185105865396485,0.7678894366960887,9.914806022481988e-06,1.4108390177457712e-07,0.00023682566195342187,6.2789607330179e-06,6.344137335930788e-06,1
0.20835178548685324,0.7896745537233207,9.44566905979696e-06,1.5127443427936073e-07,0.0019520380329575307,5.981860360057786e-06,6.043953014231854e-06,1
0.18912324395545949,0.8049194413051127,8.991512196306953e-06,1.4400101381929475e-07,0.00593673162553013,5.694246754101381e-06,5.753353933674663e-06,1
0.12421407960205948,0.597660064897087,5.586421456133132e-06,1.1553790597226739e-07,0.27811234742185015,3.9704349364989615e-06,3.835684704636737e-06,1
0.06288665362874643,0.9357490740725598,7.729423997625418e-06,1.2055745139436468e-07,0.0013439155286480663,4.325303354558189e-06,8.181485241972719e-06,1
0.05088325408966255,0.9489740186917766,9.385363145766383e-06,1.1582632252276429e-07,0.00012093076574947865,4.155562145346322e-06,8.139701197826593e-06,1
0.05249393730181599,0.9474816660172773,6.9045381742783675e-06,1.2049324695888633e-07,8.999234283958795e-06,4.278987050195007e-06,4.093428151443704e-06,1
0.10153271397127438,0.8984395034945849,6.5177808990396665e-06,1.1274304563297321e-07,8.29008958005991e-06,4.6228909531125266e-06,8.239029662704678e-06,1
0.13941604834364432,0.8605520992369818,6.926786378992375e-06,1.544231547039031e-07,9.734781302882985e-06,5.483914625138498e-06,9.552513912090283e-06,1
0.12450850267410955,0.8754618019577709,9.035981555925265e-06,1.6903473260155813e-07,9.653413920810212e-06,5.7803356783952175e-06,5.056602231841644e-06,1
0.11228185424086226,0.8876869394675548,8.866916872014431e-06,1.8696046171785558e-07,1.1548298284094509e-05,5.6421235829385675e-06,4.961992382020898e-06,1
0.06890894427590652,0.9302656261645831,4.523717445174296e-06,1.6182703947690164e-07,0.000815141845279236,3.152096321260345e-06,2.450073424985988e-06,1
0.04938640631500468,0.9492161631508664,4.000555942758009e-06,7.600549283433104e-08,0.0013889032203720799,2.504244007995523e-06,1.9465083133046383e-06,1
0.04998829872614722,0.9482542645277173,4.298568855554141e-06,7.773057959059538e-08,0.0017479044052645598,2.7457037825446136e-06,2.410337653160716e-06,1
0.015601320301418958,0.9840017676358231,2.74784582087565e-06,1.4300142288703571e-08,0.0003907394901597692,1.8161260780928768e-06,1.5943005566527183e-06,1
0.06714037894152873,0.8983347964626291,1.4727116354064455e-05,3.241929609237522e-07,0.03446884491039549,9.538061034733497e-06,3.1390315096940154e-05,1
0.07972580108618248,0.916321950282779,1.2932479585702244e-05,2.943705941349575e-07,0.0038847103312658784,2.5808715668828294e-05,2.8502733923772853e-05,1
0.46996818245140465,0.5296504513291087,1.1158460286867485e-05,2.625913234634909e-07,0.0003287178140153763,2.7640029970135467e-05,1.3587323890782283e-05,0
0.2819849345130205,0.7157180321153194,1.121955265128464e-05,2.8959403528113575e-07,0.0022410559832939953,3.8656446638122256e-05,5.811795041669644e-06,0
0.34740797375237276,0.6500453423382415,1.2048720819546037e-05,3.0480134172704927e-07,0.002496383855190773,3.1245723686193284e-05,6.700808347351327e-06,0
0.03413695517861769,0.965469608953414,3.4260075416601458e-06,5.3188923968494057e-08,0.0003827941135967521,2.487982440319777e-06,4.674575465822079e-06,1
0.06569632445221879,0.9342884406659148,3.672596280921553e-06,8.18754719177911e-08,6.045386704435598e-06,2.907582731041974e-06,2.527440678221252e-06,1
0.041648352231647985,0.9583357070343806,3.861136013071835e-06,8.164223277784988e-08,4.113984924589878e-06,2.8336932235024406e-06,5.050277577437287e-06,1
0.06321637351059008,0.9367632304206696,6.863757062687918e-06,9.441832209080869e-08,6.953191170733223e-06,3.2771342769521156e-06,3.207567907802495e-06,1
0.06452860243658444,0.935440447895074,1.495494038137413e-05,1.0164163306925935e-07,8.928665865067706e-06,3.5114631002152626e-06,3.45295736155991e-06,1
0.07606858296840943,0.923855233760102,7.162887931518261e-06,9.274380543343274e-08,5.444857639768964e-05,2.98455855119592e-06,1.1494504802511856e-05,1
0.06331322884450961,0.9350499093099739,1.2359049648261647e-05,1.0451807232900318e-07,0.0016160295277644896,4.818034697720374e-06,3.5507153338821863e-06,1
0.05489201188113058,0.9437128579138423,1.3432028127419608e-05,1.1359204205028101e-07,0.0013724892831140662,5.236323133289319e-06,3.858978610371865e-06,1
0.07166859406522512,0.9270491901083817,1.2433745445127082e-05,1.232726701234051e-07,0.00125981888366335,5.568930991579063e-06,4.270993622753943e-06,1
0.07795201640524693,0.9196638748695297,1.2215185069781273e-05,1.1859225152582312e-07,0.0023623086256937395,5.357489735739107e-06,4.108832472499957e-06,1
0.3707458737161115,0.6121637125411766,2.814774347201686e-05,2.488854984289431e-07,0.017012563628955847,4.377789498135897e-05,5.675589804243224e-06,1
0.38709517502698754,0.5970597133065129,4.8348522874770735e-05,2.298233619725365e-07,0.01573987332403991,5.2156883065471854e-05,4.5031131575592996e-06,1
0.18410766169082604,0.8105367153459208,3.700975217904511e-05,1.4843719762405644e-07,0.005280114511029628,3.452547572011089e-05,3.824787126914136e-06,1
0.13468903166282553,0.8634004156181783,3.428088375837413e-05,1.3776594583087535e-07,0.0018329519309840682,3.247619796346712e-05,1.0705940344443523e-05,1
0.08644691931205427,0.9122687678723861,3.4457799089379084e-05,1.3388433257657866e-07,0.0012096580651735495,2.9165116340089448e-05,1.0897950623985989e-05,1
0.07205610380937968,0.9266934663014851,2.6296512120706858e-05,1.4489514087878118e-07,0.0011754506520580887,3.418756561214737e-05,1.4350264203369445e-05,1
0.0726060428058191,0.9267085712134191,2.5628129335766356e-05,1.3533181372740214e-07,0.0006028937746491145,4.7759300516609415e-05,8.96944444629835e-06,1
0.10083712020581999,0.8973000538025978,4.546618088036195e-05,1.446948497712394e-07,0.001760142476890085,4.917458089506787e-05,7.898058066936834e-06,1
0.056597207133375606,0.9382605948386953,2.2803486525529667e-05,1.5387952652067798e-07,0.005065757383439772,4.822161961467917e-05,5.261658822484948e-06,1
0.031538887095324354,0.9682628837505721,1.868201300023548e-05,1.1761673443714e-07,0.00013752231601746797,3.947063936134584e-05,2.436568990142628e-06,1
0.0696707213633745,0.9299857866770216,2.5927248890796425e-05,1.7969360528328582e-07,0.0002835283084935237,2.8345349489523063e-05,5.511359125013627e-06,1
0.016420540721499115,0.9833283184156011,2.7887853229374017e-05,1.427465509422951e-07,0.00017849905538755157,4.033170148262004e-05,4.2795062494992314e-06,1
0.042801397432205394,0.9405922834926389,3.209806024152686e-05,1.873660642795081e-07,0.01652530796846189,4.352877784934008e-05,5.196902538498498e-06,1
0.04049237285279145,0.9432443814449388,3.179341638036609e-05,1.8513308431764038e-07,0.0161827068331651,4.301001321031149e-05,5.5503064297338435e-06,1
0.05718792888664701,0.9291789222306399,3.025365896220159e-05,1.712924668723198e-07,0.013553274572938478,4.568668858367367e-05,3.762669762113815e-06,1
0.030654754941041997,0.969160069668024,2.471940884100236e-05,1.451216075736679e-07,0.00011854277909598084,3.8580325645790776e-05,3.1877557436541062e-06,1
0.1140101047766336,0.8858423704675725,1.8691059579545275e-05,1.0929808887820874e-07,9.749714033136032e-05,2.9147822636683163e-05,2.079435157382996e-06,0
0.22395095351018862,0.7759082852402716,1.781194100073894e-05,0.0,9.885491876149954e-05,2.1934963919378886e-05,2.1594258581626524e-06,0
0.011074882633157868,0.9886777978057398,2.7475137592004038e-05,1.0723716693690105e-07,0.00018921663719728883,2.8441011937773182e-05,2.0795372084645104e-06,1
0.011398299937811355,0.9883568788716033,2.4693798198257628e-05,1.0614721866017487e-07,0.00018729345744970658,3.066938672698216e-05,2.0584009917823975e-06,1
0.00947654409300439,0.9902419866951772,1.7728911047268554e-05,1.0634967483428009e-07,0.00023084374117975732,3.072788290594259e-05,2.062327010709985e-06,1
0.007106563932981036,0.992599569212852,2.2884028927767902e-05,1.6161390930175477e-07,0.00023417080419826792,3.432214234998848e-05,2.3282647818001216e-06,1
0.9523621779196312,0.04580680411584366,1.4886020084891411e-05,1.6600768894606457e-07,7.845279621660428e-06,5.710958858429365e-06,0.0018024096982710662,0
0.9654858213381191,0.03381953500999764,1.2306494212703919e-05,1.8588832457159866e-08,6.817983946473261e-06,4.450574977267971e-06,0.0006710500099144594,0
0.958498244606208,0.04102832550713475,8.065086233931444e-06,1.5855579243715645e-07,6.48686520290677e-06,5.454822881856263e-06,0.0004532645565462224,0
0.9403473408629814,0.05909113460596923,9.371757581879442e-06,1.3871181003195385e-07,5.601089902276842e-06,4.882557913033629e-06,0.0005415304138421199,0
0.9295754229807552,0.069539926647054,9.061499667045839e-06,1.751176502596981e-07,7.060981829586228e-06,6.024603396511744e-06,0.0008623281696474705,0
0.9013179528781085,0.09795476203166854,8.636747297591967e-06,1.697943793939605e-07,6.846340308293559e-06,5.8414659703829986e-06,0.0007057907422674336,0
0.8629524289984086,0.1363525358572404,9.96362542225134e-06,1.9588017766326686e-07,7.755686492833743e-06,6.738900287374582e-06,0.0006703810519709556,0
0.6552845305210283,0.34171633107087,1.48093668283194e-05,2.7669876918729864e-07,1.1524137117509158e-05,9.328939349898905e-06,0.0029631992660368875,0
0.6884877483947464,0.31147217502976665,1.1282365025327362e-05,2.553200888284798e-07,9.72619220231773e-06,7.682675387715747e-06,1.1130022782650171e-05,1
0.6695195147181926,0.33043627393201597,1.309670493458338e-05,2.963786280404622e-07,1.116039376239397e-05,8.918141935243725e-06,1.0739730531356123e-05,0
0.62862684826861,0.37133353075246234,1.158275228555388e-05,1.9962692269629674e-07,1.0381923038461102e-05,7.887222732686859e-06,9.569453948157724e-06,0
0.5873395140555991,0.41262708520815283,9.894269664813287e-06,2.3524759721409172e-07,8.359299756897697e-06,6.737458136006182e-06,8.17446109299721e-06,0
0.5655564594129255,0.4344105281491905,9.71859565232975e-06,2.199319645899253e-07,8.210879329762048e-06,6.893461570723085e-06,7.969569366537078e-06,0
0.604111634613959,0.3958518119924371,9.715257122241307e-06,2.04391627668404e-07,1.177581966225346e-05,6.891093530144933e-06,7.966831661618187e-06,1
0.25270265888557936,0.747261893358782,1.0633967620795495e-05,1.6220872872147412e-07,1.1011864959964383e-05,6.83541065851352e-06,6.804303670610754e-06,1
0.21216691273443275,0.7877962475147083,1.015293904644991e-05,1.4447244372755047e-07,1.3616060732389463e-05,6.429768313452547e-06,6.496510322840198e-06,1
0.2231223289231986,0.7723725769616503,9.353529297885394e-06,1.585255172375027e-07,0.004482885785710427,6.362614993592287e-06,6.333659631943442e-06,1
0.14636428034851265,0.8221343695677584,7.893496905064945e-06,1.560741705506002e-07,0.03148270517835301,5.290099543383544e-06,5.305234756884582e-06,1
0.12355913960806822,0.8559224329015108,6.57984559112629e-06,1.2293808355301084e-07,0.02050337886650345,4.1669591923756645e-06,4.1788810506525275e-06,1
0.10888623844695185,0.8494480126217302,6.945645071706997e-06,1.2757492308782346e-07,0.041650197243172704,4.485535829613859e-06,3.992932320817133e-06,1
0.039038609353612495,0.9609421010453219,4.843744480589844e-06,9.079300311640584e-08,8.046355511943374e-06,3.2242643831813754e-06,3.0844436870194367e-06,1
0.03988082770848672,0.9600950347616114,5.599647501740933e-06,9.772119326148864e-08,9.06175057450042e-06,3.4703000462605965e-06,5.908110586036783e-06,1
0.141303751149883,0.8586645651589482,9.645508414407034e-06,1.8043705883465808e-07,1.028979647471035e-05,6.1702512426553045e-06,5.39769797820749e-06,1
0.13824662459699583,0.8617158508061823,1.0936631361152019e-05,2.3060074639612943e-07,1.3278037492223678e-05,6.959107276105849e-06,6.120219945930136e-06,1
0.1800361555421792,0.8199339160819913,7.565064845219249e-06,1.5372630857861735e-07,1.213101052534576e-05,5.420266986635662e-06,4.658307163666931e-06,1
0.20896805099261076,0.7909948629363243,7.785175149119476e-06,1.7639371482078332e-07,1.875268561786945e-05,5.577973052354675e-06,4.793843530695338e-06,1
0.23075010414408398,0.7690840421829049,6.998143489057716e-06,1.643962633729725e-07,0.00014962299750808335,4.60034638283423e-06,4.467789367901875e-06,1
0.3468101476340188,0.6529366446230828,1.0710218045960459e-05,2.4315520612748787e-07,0.0002289658215958825,6.680330671502917e-06,6.608217379136506e-06,1
0.05830945072436224,0.9398426413009116,4.325504024184093e-06,1.1047305280480292e-07,0.0018381152953183013,3.0139825237697125e-06,2.3427198068324696e-06,1
0.04596902631968566,0.9527001884272923,3.529944776414694e-06,6.604801479508387e-08,0.0013228081491826879,2.3330365604834157e-06,2.0480744877446997e-06,1
0.016557916980148673,0.9829025375188792,2.8325163144454547e-06,1.4740778403184377e-08,0.0005331827303783077,1.872087111368068e-06,1.643426389697962e-06,1
0.3687819216502765,0.629104085674988,1.1238825729272574e-05,2.6303066160419094e-07,0.002070769676429393,2.644244101445725e-05,5.278700900846566e-06,0
0.2818104052640197,0.7161037139095879,1.02421952678989e-05,2.5412938622781746e-07,0.0020386912198747434,2.799818424198634e-05,8.69509762153648e-06,0
0.16149250960552367,0.8380198127017823,6.2683980887899e-06,1.4587656112855824e-07,0.00045168971883450333,1.6564853043903804e-05,1.3008846165890553e-05,1
0.05656311118740538,0.9428061255915721,5.65300914622791e-06,2.8394512956101863e-08,0.0006175184306205992,4.105241252319846e-06,3.458145490230193e-06,1
0.03315962910105007,0.9662748086876168,4.1815985997704e-06,6.491950974578822e-08,0.0005546614194686162,3.0366961433053822e-06,3.6175776115801715e-06,1
0.04211330075817458,0.9576754542305665,3.6882428197198955e-06,7.542238078631555e-08,0.00019621732725177212,2.6784189058299724e-06,8.585599900905222e-06,1
0.04295956143367485,0.9568098935162271,3.504262861836307e-06,7.392367914353073e-08,0.0002159266696056961,2.6251966292008898e-06,8.414997321914314e-06,1
0.05076272878373864,0.9492212052767632,3.371670697004281e-06,7.516675080859787e-08,6.31357004628626e-06,2.669340908581965e-06,3.6361910954885246e-06,1
0.04438935834891327,0.9555942044723654,4.585423700838639e-06,9.37034120490992e-08,5.322449837678304e-06,3.2523207010407505e-06,3.183281069655253e-06,1
0.04378501784260644,0.9561985345835883,4.588323581982917e-06,9.376267129655022e-08,5.3258158236662145e-06,3.254377510638165e-06,3.185294217698507e-06,1
0.035091840899380486,0.964894986764982,3.161609568565224e-06,6.685101573102168e-08,3.4882522942103273e-06,2.320309768801991e-06,4.135312990446328e-06,1
0.04571026468196554,0.9542655542670392,7.049023994952523e-06,9.25775673035432e-08,8.09948279347067e-06,3.2132441285653415e-06,5.726722511362055e-06,1
0.05938156034810906,0.9405945230955828,7.778470044341805e-06,1.0215766531143677e-07,8.937632263528396e-06,3.6278083878647925e-06,3.4704879469669277e-06,1
0.060762657626295666,0.9392142464194729,9.314728676279832e-06,9.615505645174483e-08,7.081088444874106e-06,3.3374140148054367e-06,3.2665680391028476e-06,1
0.05933480639349205,0.9388955220458013,9.659445034854505e-06,1.0494792749081926e-07,0.0017515039992593163,4.8378499989259374e-06,3.56531848604906e-06,1
0.07369238460197354,0.8485687903418695,1.6503860515580648e-05,1.1877456507081201e-07,0.07769764558382067,1.827326994159707e-05,6.283567313914887e-06,1
0.42090536463639816,0.5680379079144657,2.517357063402328e-05,2.4912001201814137e-07,0.010979578168285509,4.604565254773044e-05,5.680937656746533e-06,1
0.15438061013143242,0.8401185039142314,3.192340116071664e-05,1.4177650609106215e-07,0.005433724446952259,3.0595344813929885e-05,4.500984903353831e-06,1
0.1237039043645826,0.8746682651792498,3.47282681168046e-05,1.395638670782836e-07,0.001552333998462476,3.17680241892763e-05,8.860601531924467e-06,1
0.07151498826804092,0.927064603989283,2.153283111365884e-05,1.4495317090652438e-07,0.0013559117032936744,3.4201257619822115e-05,8.616997477874375e-06,1
0.07260207163743247,0.9265215738939986,1.9843002518245764e-05,1.2732455464476376e-07,0.000813299309213591,3.2652816538992784e-05,1.0432015743073321e-05,1
0.06662821468326215,0.9326603692508998,2.3420636838675455e-05,1.374137216758542e-07,0.0006291653688820078,4.7434000238794e-05,1.125864615695131e-05,1
0.10644093693847503,0.8916599426223629,5.384330174521122e-05,1.469175760422035e-07,0.0017871808609805275,4.99299749743452e-05,8.019383885946529e-06,1
0.12362048707681537,0.8743435069285646,2.7123680944705036e-05,1.5204694382930483e-07,0.0019464291708154791,5.329281899582008e-05,9.00827692041367e-06,1
0.05679384399475892,0.939778968250147,3.134425619683117e-05,1.4728430121406375e-07,0.003334509155277034,5.2378149361734006e-05,8.808909957473256e-06,1
0.049769877050884,0.9465063071329853,2.2627236236660176e-05,1.503055922130519e-07,0.0036487849339630622,4.7113886356573926e-05,5.139453982075751e-06,1
0.04721968728264604,0.9490942276585417,2.6402578801066174e-05,1.7538400187895741e-07,0.0036000749864112417,5.5626391714563366e-05,3.8057178836109636e-06,1
0.0624068077173709,0.9339602701399,1.9908916474273838e-05,1.564011341890562e-07,0.003569087059309995,3.987551223947392e-05,3.894253571393782e-06,1
0.10929462415398372,0.8796339430420342,2.2512640166017642e-05,1.7370488383667205e-07,0.010961541555318595,8.212618144368236e-05,5.078722170009892e-06,1
0.07551758075525784,0.9121648649832449,2.3371489044504867e-05,1.6423211573404103e-07,0.012234356716306117,5.5883074866117944e-05,3.7787491649720664e-06,1
0.02521782771540375,0.974531182728685,2.324958269664229e-05,1.3641646866459296e-07,0.0001842079080567822,4.0800276675637386e-05,2.595372013350426e-06,1
0.05159154020428505,0.9481237194768388,2.2903651069554434e-05,1.4329133427361295e-07,0.00023032660558720906,2.8219219108056733e-05,3.147551777323695e-06,1
0.055307723949264184,0.9444147080269516,1.821192501655992e-05,1.462237218486557e-07,0.00022841557701131504,2.1757328892682496e-05,9.036969141845329e-06,1
0.08334479958748348,0.9163577656333859,2.395721087370047e-05,1.5782762395500605e-07,0.00024104612045531287,2.7432909713264426e-05,4.8407104643058246e-06,1
0.12063935954391762,0.8789875179119054,2.8618228319438144e-05,2.1079028300841675e-07,0.00030265833829535785,3.68982068479508e-05,4.736980431030983e-06,1
0.04891727122395656,0.9380899927576339,2.591305620116133e-05,1.4907058582451728e-07,0.012922551813588463,4.084754182156062e-05,3.274536212503711e-06,1
0.09907686946441495,0.9006973497803825,2.2118114583867328e-05,1.30751283895879e-07,0.00016394269112092106,3.7070566016166475e-05,2.5186321974143305e-06,1
0.01835640883777531,0.9814634167421522,2.7448658357107585e-05,1.6875450983689166e-07,0.00011167541722946963,3.755518553186702e-05,3.3264044438102532e-06,1
0.015878900582907005,0.9839517994447815,2.2758549668242205e-05,1.3360988262883354e-07,0.00011364469167395201,2.9828233044104135e-05,2.9348880423806503e-06,1
0.11559340616000416,0.8842533649047913,1.9673644334755604e-05,1.1504386457638688e-07,0.00010262254284578145,2.8628953568478236e-05,2.188750591128065e-06,1
0.17204643346081516,0.8277339447917406,2.0296637707409753e-05,1.0473218355090328e-07,0.00016771342008408996,2.951439029039508e-05,1.992567178625737e-06,0
0.1855982633711246,0.8141880791738033,1.935182344423251e-05,1.0133238369668969e-07,0.00016226913312453834,3.0007281346966164e-05,1.927884772762309e-06,1
0.008485587891921251,0.9911578681925106,2.433580402053091e-05,1.4571887438521725e-07,0.00028498226240691405,4.444353596976478e-05,2.6365942965975745e-06,1
0.01861132582013823,0.9621764795499484,5.068635911839299e-05,3.219510807094052e-07,0.01908164839574724,7.339222219118816e-05,6.145701775848406e-06,1
0.9609496296242979,0.03832416146868495,1.2678831908764164e-05,1.4139330537688932e-07,6.216641789213866e-06,4.864180418336564e-06,0.000702307859595694,0
0.957614460509546,0.04194416190072083,1.0703871843920106e-05,1.4373706200017518e-07,6.657702593551623e-06,4.945011485973369e-06,0.0004189272667477638,0
0.9639853472167627,0.035560142374205614,7.359959142972218e-06,1.4469332631676041e-07,5.919721311657812e-06,4.977910015853816e-06,0.0004361081252352957,0
0.6568376338606209,0.34017674024316,1.4742643750550127e-05,2.7545211268204944e-07,1.1472215525855089e-05,9.286908144043578e-06,0.00294984867668586,0
0.7007900182434054,0.2991094027765803,1.1178912009734331e-05,2.3518430778333834e-07,9.929112667673886e-06,7.929273230245481e-06,7.13064977988341e-05,0
0.7091641192376401,0.2907969871264614,1.1525618210562033e-05,2.608249120390836e-07,9.807487696264933e-06,7.848317542972253e-06,9.451387536560153e-06,0
0.21244763165027605,0.787514738019207,9.353718212158288e-06,1.4195458520976038e-07,1.553215288646363e-05,6.26871727932473e-06,6.333787553572382e-06,1
0.25492754379447663,0.7450194666850961,9.50050173661461e-06,1.4418221211247596e-07,2.6965420635612615e-05,6.367089327232214e-06,1.0012326515604818e-05,1
0.0991939551515373,0.8724771263606803,8.07036013462867e-06,1.5078691358227415e-07,0.028310460939977612,5.110889136080274e-06,5.12551162051943e-06,1
0.11178956980616843,0.8644097776421166,6.757122242497082e-06,1.2625032720316766e-07,0.02378519848216481,4.279226959421647e-06,4.291470020845935e-06,1
0.08735960974036754,0.8743530271751385,6.340852735921646e-06,1.1646633131191823e-07,0.03827316556024589,4.094957609213327e-06,3.645247571595372e-06,1
0.05105585686103553,0.9466174427652199,9.222906569152914e-06,1.318575982586421e-07,0.0023014197942286714,4.6361147401108724e-06,1.1289700608614152e-05,1
0.03801335831369789,0.9619574532222255,8.771010497892653e-06,1.0824449464565806e-07,1.2787892534418628e-05,3.844006220545412e-06,3.6773103290387857e-06,1
0.14244361178948406,0.8575247467742722,7.251343253925981e-06,1.4817997406187523e-07,9.813392921504943e-06,5.26220519499607e-06,9.166314899040613e-06,1
0.40245310671610146,0.5975136031011137,9.02433869121704e-06,1.8404155584069227e-07,1.2188368318890702e-05,6.387909243816434e-06,5.505524975209e-06,1
0.16535106978853784,0.8346114269259088,1.1290053590482987e-05,2.1120131530958355e-07,1.2461762885179595e-05,7.222270118210787e-06,6.317997644186452e-06,1
0.13813249803412228,0.8618406115494064,7.99894058520386e-06,1.4963496489532548e-07,9.14863602889626e-06,5.116938471803119e-06,4.4762664205514544e-06,1
0.16549507467742025,0.8344697461815476,1.0464540750212393e-05,1.9575857216644487e-07,1.1968619283200526e-05,6.694187884525785e-06,5.856034542038576e-06,1
0.1629466402918868,0.8370168037557689,9.87244860736945e-06,1.8468239450699502e-07,1.1618467157074752e-05,6.28195526280305e-06,8.5983989224988e-06,1
0.18831663167995602,0.8116547575139683,7.2320196883028785e-06,1.4695864648843784e-07,1.1596953727865551e-05,5.181644621060898e-06,4.453229392090587e-06,1
0.3545368992779303,0.6419921131034377,1.1175210378711655e-05,2.5371197593671344e-07,0.0034456932157186314,6.970362352385745e-06,6.895118206109924e-06,1
0.17160971884648343,0.8262725497949891,6.470497671062375e-06,1.874724062470261e-07,0.002103588314597389,4.027789744275703e-06,3.4572841082343586e-06,1
0.09977521815423082,0.8966840026668383,4.920367723733059e-06,9.998459795051954e-08,0.003529267875464217,3.4611576553813196e-06,3.029793489453821e-06,1
0.07050906375138642,0.926903834917442,4.443250458350432e-06,1.0253761722642857e-07,0.0025776221771416537,2.775789627986235e-06,2.1575763262721383e-06,1
0.05859678002792712,0.9388374953985111,4.214166864079025e-06,7.990350280865786e-08,0.0025564395477811557,2.6326764114613097e-06,2.358279002493279e-06,1
0.030997492549386645,0.9673404773120478,3.2257981255032333e-06,7.05194149292882e-08,0.0016547301947075817,2.132017762380365e-06,1.871608555352001e-06,1
0.01503187849204563,0.9844659505333322,2.8765811067689145e-06,4.975940649814131e-08,0.0004949326449085997,1.8066338549325038e-06,2.505355345223995e-06,1
0.46916871421967343,0.5303126353103339,1.4829841015969827e-05,3.501067330194673e-07,0.00045908664492244427,3.668706697978676e-05,7.696810341411145e-06,0
0.3729450761149953,0.6249439711233141,1.0503057491425258e-05,2.4354661643009245e-07,0.0020718509915844474,2.346748584841469e-05,4.887680149937234e-06,0
0.1981515000462551,0.8012167998143835,7.2016728913875185e-06,1.786879339664516e-07,0.000589967684640488,1.9686576870443684e-05,1.4665517025111556e-05,1
0.05726367572057758,0.9424957185664194,5.06091569968025e-06,1.034927280242667e-07,0.00021855387738057674,3.601758590665285e-06,1.3285668604042439e-05,1
0.055057440221550444,0.9447273270039229,3.6383764092762277e-06,7.44026422330891e-08,0.00020040827037910597,2.6422056891230685e-06,8.46951940688933e-06,1
0.05462537074817023,0.9451510769210049,4.672117813935493e-06,9.554204158063883e-08,0.00020451586452269944,3.3929134535833496e-06,1.0875892993235318e-05,1
0.04550129203631735,0.9544812903684184,4.580083376791724e-06,9.359428220259183e-08,6.315810932397089e-06,3.2485329493342137e-06,3.179573723605365e-06,1
0.04941067819901674,0.9505680596392632,6.61233635211923e-06,9.32105596248061e-08,8.154862412570597e-06,3.2352144494429256e-06,3.166537946239813e-06,1
0.06044413541768756,0.9395229923345806,1.197604426090616e-05,8.742656684993636e-08,1.0797940833531869e-05,3.0203682703805653e-06,6.9904678002334765e-06,1
0.06353624367561343,0.9352206944735284,1.2858661761469988e-05,1.0874319452455163e-07,0.0012225869971832961,3.813196426942211e-06,3.6942522919695463e-06,1
0.05124344874173573,0.9474098656621974,1.2688464736350661e-05,1.0730387147885895e-07,0.0013252980188099878,4.946453416759076e-06,3.645355232400138e-06,1
0.16877451401045407,0.8175584065754627,2.1482032224739606e-05,1.7826809884876254e-07,0.013610784548802273,3.018133948285232e-05,4.453225474395435e-06,1
0.3702286938103114,0.6175878430815194,2.185543157148642e-05,2.387557409147516e-07,0.012116722160058005,3.8360601645566475e-05,6.28615915325911e-06,1
0.170758156357218,0.8230404933832406,1.9452932172497605e-05,1.7832254234383802e-07,0.006143865725526603,3.407805783797048e-05,3.7752214621327224e-06,1
0.08636753059010642,0.9122079033389253,2.5097023119636197e-05,1.4127007008589368e-07,0.0013657273897756987,2.357534864074938e-05,1.0025039362241088e-05,1
0.08766971147285868,0.911304440161761,3.5958245501639034e-05,1.5421799353072688e-07,0.0009306598925592076,3.6535528277075576e-05,2.254048104874992e-05,1
0.08346164482674655,0.9139419151478363,3.271395569670455e-05,1.5415816238846128e-07,0.0025039785726529065,5.045997929044578e-05,9.133359614885642e-06,1
0.06957931083782495,0.9265309301483435,3.290833792312102e-05,1.5463380354877145e-07,0.0037925426777297927,5.499182459968243e-05,9.161539775426266e-06,1
0.03990382141479678,0.9599019237651499,1.581835161172346e-05,1.1611068787486526e-07,0.00012635216178814613,4.905926059392872e-05,2.908935371724425e-06,1
0.026241744531070532,0.9735949475602693,1.488055152559406e-05,1.0851550013618567e-07,0.00011137531136042514,3.458884152409213e-05,2.3546887498371043e-06,1
0.024157244584692733,0.9756357388721638,1.5970200049423012e-05,1.2693296997606278e-07,0.0001492010988441671,3.930336621444782e-05,2.4149450654474344e-06,1
0.025072385881978517,0.9746592724029747,2.496702985775265e-05,1.4818121798217807e-07,0.00020070595167245327,3.970135172971396e-05,2.819200568816245e-06,1
0.046339874427563224,0.9534012105714871,2.157187147075617e-05,1.4494927264156278e-07,0.00020454292829295736,2.989754025863647e-05,2.7577116549935667e-06,1
0.03387958610109557,0.9658161030403897,3.24299431332728e-05,1.4953729967100457e-07,0.00023359170562228755,2.8897916432440247e-05,9.241756026976478e-06,1
0.10006831913380178,0.8726521069024908,2.8889244497278584e-05,2.3894529701207625e-07,0.027202360911529427,4.271510858652154e-05,5.369753797300112e-06,1
0.05484455602573218,0.9253344876212394,2.7132191633483323e-05,2.0240431476593967e-07,0.019743120622780917,4.2886291490905336e-05,7.614842808330879e-06,1
0.05154909697418968,0.9336028766823626,2.8677152110333572e-05,1.5950037038976728e-07,0.014772230183745957,4.345586674211997e-05,3.5036404791745834e-06,1
0.08961224211918511,0.9101407559772436,2.204712974802902e-05,1.359244146496163e-07,0.00018293765517976557,3.929518371897947e-05,2.5860105100654597e-06,1
0.029519600032925492,0.9702149393718178,2.5421324234363895e-05,1.450504899701227e-07,0.000200406458708291,3.67281244733288e-05,2.759637350801281e-06,1
0.12997240809189983,0.8698777122349485,1.9183723720078995e-05,1.1217899826646453e-07,0.0001000669970396665,2.8382527906651204e-05,2.134245486901651e-06,0
0.230986612022859,0.7688785115942476,1.8356034553698964e-05,0.0,9.033564507386365e-05,2.3960201284333762e-05,2.2245019816915007e-06,0
0.07803539869516891,0.9217301255521025,2.5790375447864376e-05,1.1859072323237158e-07,0.00017577597034134845,3.0627246144411084e-05,2.163570071608092e-06,1
0.05407608472626325,0.9457482268950476,2.439509434295481e-05,1.3300490979158252e-07,0.00012378756203239706,2.5324721044500274e-05,2.0479963596219332e-06,1
0.015230441224194329,0.9844098451454925,2.6346195221281054e-05,1.4472678790304042e-07,0.0002839073061061268,4.677028778579816e-05,2.5451144120239043e-06,1
0.9667172130358681,0.03279991161262583,1.2902146062686785e-05,1.356322404669056e-07,7.147984081416481e-06,4.66617988182013e-06,0.00045802340923982096,0
0.9712536832512407,0.02825725077969817,9.170752527612278e-06,1.387419950953506e-07,6.458411455202933e-06,4.773165318576871e-06,0.0004685248977643524,0
0.8981848524910925,0.10093180891501156,9.561820486775607e-06,2.172785178878641e-07,7.59054200415943e-06,6.467139429213564e-06,0.0008595018134579507,0
0.7058990634109485,0.29400396009684143,1.0343460546597926e-05,2.3407266646867173e-07,9.23196146849701e-06,7.336682205640542e-06,6.983031532262645e-05,0
0.679747867968745,0.3202161127328007,1.0670119713492472e-05,2.4146496828845206e-07,9.092093539972596e-06,7.265769714311356e-06,8.74985051832546e-06,0
0.5871135289736026,0.412849564245337,1.0743301656396646e-05,2.260198453272631e-07,9.507305388413854e-06,7.620292042225524e-06,8.809862128152334e-06,0
0.21549425444268164,0.7844713801735872,1.0838515472190454e-05,1.7358117102177548e-07,9.445992723087862e-06,6.863937922716374e-06,7.043356442394202e-06,1
0.2141759033896375,0.7857668408822358,9.33295753747658e-06,1.4054111212510907e-07,3.520769603428204e-05,6.254803796241768e-06,6.319729646340172e-06,1
0.15792359252440996,0.8417139271631194,8.401508703983817e-06,1.6516969956543982e-07,0.00034270083583769754,5.598390490684368e-06,5.614407738496778e-06,1
0.1224592142081496,0.8652259786242881,8.788662546317732e-06,1.727809615514658e-07,0.01229084866721706,5.8563725348291725e-06,9.140684302437186e-06,1
0.09470166809166407,0.8650567367679141,6.149007780299794e-06,1.2321606817425516e-07,0.0402271341324114,4.332278438445852e-06,3.8565057234508315e-06,1
0.0359900381775411,0.9639860468976802,5.2983021052609176e-06,9.931340546189045e-08,1.1616565146842808e-05,3.526843093764396e-06,3.37390102759999e-06,1
0.13009981084394295,0.8698688443076815,7.183373506358862e-06,1.4679102375587022e-07,9.721408055212684e-06,5.212880435951377e-06,9.080395354482961e-06,1
0.3226327645713757,0.6773377229871601,8.000264495309557e-06,1.6315667831558892e-07,1.0805242761143165e-05,5.663014794901521e-06,4.880762734456334e-06,1
0.4021294681484627,0.597837873044357,8.853184710615016e-06,1.8055105687382823e-07,1.1957205922819282e-05,6.266757308786809e-06,5.401108181131005e-06,1
0.1731424875658816,0.8268217145643781,1.0897993291158908e-05,2.0386710292216724e-07,1.162594319873161e-05,6.9714683517132426e-06,6.098597795668761e-06,1
0.13776581410864097,0.8622057045972351,8.39200111466312e-06,1.7694678159058107e-07,9.876191126491766e-06,5.339929096045596e-06,4.696226005264105e-06,1
0.049885338879664044,0.9486869796508844,3.844417582302852e-06,6.951820871138584e-08,0.0014192053469172454,2.406505453858843e-06,2.1556812893958174e-06,1
0.04501501520733675,0.953417134479447,3.44084013263934e-06,6.222035909534297e-08,0.0015602639930624045,2.1538764631528133e-06,1.929383199129415e-06,1
0.02726946280838219,0.971341586525493,3.19899991096358e-06,6.993357714993519e-08,0.0013817113663160752,2.1143060931513095e-06,1.856060227264127e-06,1
0.025699599416672585,0.9729066582531587,3.582869998327463e-06,7.569701020150015e-08,0.0013842198454071192,2.288552315281024e-06,3.5753654380442163e-06,1
0.015997749618176398,0.9831344803059463,2.801798003302617e-06,1.4580916369851202e-08,0.0008614763087926379,1.8517845436193066e-06,1.6256036209740387e-06,1
0.01718608794243118,0.9787204776532058,3.074241071180538e-06,6.897950029519081e-08,0.004081747508855203,1.991041441341771e-06,6.5526334951294815e-06,1
0.6145993389885527,0.38485242397160774,1.4943006096348741e-05,3.527783635879057e-07,0.00048390383701144257,3.6967022434411215e-05,1.2070395933718912e-05,0
0.2491932327986474,0.7493247374507251,9.097825512070353e-06,2.2573527968526134e-07,0.0014380881385823085,2.385782952393549e-05,1.0760221729678687e-05,0
0.07957827022040317,0.9199020207737387,5.080838704451842e-06,1.0486941646136398e-07,0.0004939987323785374,1.1751427257992037e-05,8.773138100681465e-06,1
0.07100870983297053,0.9282549963716252,5.7999190700529405e-06,1.1860490917042379e-07,0.0007229393942598828,4.211927914955817e-06,3.2239492502008763e-06,1
0.03731347459373001,0.9626644386503802,4.308093181052064e-06,9.109296982167101e-08,8.890966683961208e-06,3.1617157261580223e-06,5.634887328526982e-06,1
0.09528994077327917,0.9046626261408106,5.660608631229117e-06,1.196900419414368e-07,3.0094511897077786e-05,4.154328742864452e-06,7.403946597105402e-06,1
0.050434170969742655,0.9495386354732152,4.08314876035541e-06,8.343939310981784e-08,1.496945114853757e-05,2.8960702663756075e-06,5.161447473443111e-06,1
0.040022446731162016,0.9599490206358956,7.898626076015981e-06,8.75783092411917e-08,1.1100613706377728e-05,2.9948066050010273e-06,6.451008245661926e-06,1
0.04888965479190607,0.9510699534992184,8.350427034717534e-06,9.258778350872017e-08,2.1962579138879554e-05,3.1661093711078733e-06,6.820005547462515e-06,1
0.07151737623687413,0.927086257524727,1.2397823435932133e-05,1.0484597468877591e-07,0.001376625177824399,3.6765362449624264e-06,3.561854918749349e-06,1
0.06954068646489282,0.9287336968861815,9.681596993630293e-06,1.0518860406747479e-07,0.001708567817603467,3.688550910600422e-06,3.5734948137615253e-06,1
0.06300397409919578,0.9355851923316014,9.68072403995745e-06,1.0517911960139712e-07,0.001392658799140237,4.8156942978962975e-06,3.5731726049952846e-06,1
0.06219074208667486,0.9354701573942847,1.2991252683491252e-05,1.0986449009115185e-07,0.0023132149660941926,4.963206874079723e-06,7.82122889845221e-06,1
0.0830190993095642,0.9088947989155898,9.090978053589064e-06,1.2799282461313605e-07,0.008064395250093486,5.743035532738313e-06,6.744518341612129e-06,1
0.15285612146456032,0.8346598853873306,2.579794511924091e-05,1.6161537276079582e-07,0.012427957444798503,2.603891069610598e-05,4.037232122180596e-06,1
0.2056569510058816,0.7860405810369897,2.1594371877270026e-05,1.976270433572328e-07,0.008244019790606268,3.1719346097548115e-05,4.93682150419135e-06,1
0.3658678520850352,0.6255208413218349,2.2531503462196586e-05,2.660367794779289e-07,0.00854339104994282,3.986932431911826e-05,5.248678626138259e-06,1
0.09815461096305589,0.9009426656892316,2.2794613731522694e-05,1.4332035582260876e-07,0.0008470173266398268,2.2597551869937173e-05,1.0170535115176675e-05,1
0.0661347506384486,0.9329403340817445,3.065998148288051e-05,1.3524284850182652e-07,0.0008419917176477008,3.298057493846143e-05,1.9147762889324604e-05,1
0.09436106250479692,0.9041295836390801,2.4982036720162558e-05,1.5423539865774233e-07,0.0014406984894634672,3.846581318300566e-05,5.053281357664468e-06,1
0.16335998255354187,0.8353810793157507,2.29945002682224e-05,1.419646426563161e-07,0.001195213833253343,3.5936583294405265e-05,4.651249249042924e-06,1
0.0719417167908451,0.9249080092124105,2.3698050865668166e-05,1.5991610943306212e-07,0.0030773729758059626,4.5572979207162156e-05,3.4700747561166914e-06,1
0.02917888664199547,0.9706234926341687,2.00572135049259e-05,1.2200447856069184e-07,0.0001364888142689098,3.8305304134130295e-05,2.6473874491300047e-06,1
0.020396773600540482,0.9794393437508224,1.5133199165669145e-05,1.0875098240648948e-07,0.00011161699951688234,3.466390046884242e-05,2.359798503300657e-06,1
0.058408318271920404,0.9413493784226658,2.5215481057433612e-05,1.50289823863357e-07,0.0001867922133103662,2.6844039922246494e-05,3.3012812994783132e-06,1
0.07826990542327818,0.8956314068001882,2.9826385737875322e-05,2.219503443516622e-07,0.026017156759748097,4.371983485158853e-05,7.76284585184133e-06,1
0.17150122757494987,0.8282727058928908,2.13550163310289e-05,1.2833787679461553e-07,0.00017023456466240585,3.1529530653900354e-05,2.819082635042702e-06,1
0.09273806099494213,0.9070201113703887,2.513486558522061e-05,1.3789777478423833e-07,0.00018559355682027339,2.8337760097810237e-05,2.6235543910630828e-06,0
0.2585609808702912,0.7412396332106355,1.907269068135469e-05,1.1081788954114698e-07,0.00014893322018639905,2.9160840408569496e-05,2.1083499075233157e-06,1
0.1440780485694881,0.855726623945895,2.384823288369867e-05,1.333834573670572e-07,0.00014128759959987567,2.7128354313494182e-05,2.9299143624386774e-06,1
0.22690168883370515,0.7729201708810879,1.884577137227496e-05,1.1336477877316007e-07,0.00012695447815166204,2.9736488837707368e-05,2.4901820666420855e-06,0
0.22581956335617515,0.7739653404953145,1.784441222347095e-05,1.0286880755222842e-07,0.00016472949335741692,3.0462258336744077e-05,1.9571157850758843e-06,0
0.14768808904367658,0.8520848231792686,2.3513534645560137e-05,1.0555126915235762e-07,0.00017644235493903147,2.5018185626580828e-05,2.0081505745849133e-06,0
0.14177698176617903,0.858008771484083,2.3289541760804763e-05,1.0776420971525036e-07,0.00016280655402456753,2.603895605917156e-05,2.0039336836836148e-06,1
0.069097012895231,0.9306699238673543,2.5910392747208078e-05,1.4116459595756132e-07,0.00017659395600008897,2.8244085676721007e-05,2.173638394865354e-06,1
0.06164667284872523,0.9381184174622957,2.6098923928289964e-05,1.422943881232446e-07,0.0001780073023610696,2.847013347934455e-05,2.1910348221557035e-06,1
0.016179104835576698,0.9835108921341277,2.1807699471859123e-05,1.539337854834027e-07,0.0002482265076087921,3.759726711591273e-05,2.217622313689617e-06,1
0.010299433661062694,0.9893369511416202,2.630560692575172e-05,1.433435051080351e-07,0.0002941498244553578,4.049563394376962e-05,2.5207884870967823e-06,1
0.0093745074549589,0.9766077136679946,3.2767343708522736e-05,1.946114058373292e-07,0.013931488516167425,5.036747314370921e-05,2.9609326208283377e-06,1
0.9666932412817897,0.03275132146447672,9.758122418809375e-06,1.4762816559425536e-07,6.872060871903126e-06,5.078877808952862e-06,0.0005335805644684989,0
0.8981835179057421,0.10093165894352943,1.1076973229676647e-05,1.8798060277945516e-07,7.590530725605654e-06,6.467129819889251e-06,0.0008595005363505427,0
0.8688390566418781,0.12952170439896268,1.0895186154614911e-05,2.0240297711225064e-07,8.56070474611093e-06,6.963305306839126e-06,0.0016126173599743758,0
0.8649814366802293,0.13360494133178275,1.3709118494745798e-05,1.9937233269385795e-07,8.432522579887552e-06,6.859041512586572e-06,0.001384421933068111,0
0.6894824193183445,0.3098673130870284,1.2546746309195273e-05,2.6396109416477744e-07,1.1128024822904368e-05,8.899486779174289e-06,0.000617429375621655,0
0.7199119705364441,0.27998610941219987,1.0305528043794303e-05,2.1680987176668396e-07,8.63818311748663e-06,7.3097764406810305e-06,7.544975388215442e-05,0
0.6817031896847241,0.3182171299881281,1.0911694544100981e-05,2.351281805130218e-07,9.739133545618113e-06,7.430269001583239e-06,5.1364101875816395e-05,0
0.47197136756665214,0.5279945340876341,1.017072083495271e-05,1.900301322401907e-07,1.0770493988416984e-05,6.406893617665516e-06,6.560207140482043e-06,1
0.4259098815889968,0.5740545428967655,1.0593054669209511e-05,2.0794503889310678e-07,1.121773308747236e-05,6.67293650598521e-06,6.883844936185901e-06,1
0.2184589349775686,0.7815043430166119,1.1710797154199658e-05,1.8755095094343497e-07,9.83641159021776e-06,7.377041682942441e-06,7.610204441119283e-06,1
0.15918426233466537,0.8407834150693612,9.708965173404979e-06,2.590521223558224e-07,9.993548189215913e-06,6.148603507099921e-06,6.2124269814439685e-06,1
0.14756069756366547,0.8523961642987882,7.77770397846661e-06,2.107682901978139e-07,2.3834535819122906e-05,5.670467477197957e-06,5.6446619810795165e-06,1
0.0528622792924888,0.9423554440992512,8.988336713636173e-06,1.2850401145383126e-07,0.004763567190749785,4.518202587733216e-06,5.074374197287892e-06,1
0.05056424584597639,0.9494141294006175,5.903790050354165e-06,1.2064295205644761e-07,7.21750301516574e-06,4.284303415966374e-06,4.098513972236475e-06,1
0.10874534241318608,0.8912311388254204,5.367391776204663e-06,2.076811167110557e-07,7.26380239068577e-06,3.895046186516061e-06,6.784839923358434e-06,1
0.2134896054317876,0.7864854814768075,6.743604655723118e-06,1.3780442160527638e-07,9.126259766846853e-06,4.783061817696764e-06,4.122360742803129e-06,1
0.3194414319515955,0.6805259733463811,9.557855764084834e-06,1.7879735403697452e-07,1.1303514066228196e-05,6.205887933328248e-06,5.348646905614782e-06,1
0.2661680216665314,0.7337938726790326,1.1210975793842105e-05,2.0972201899548843e-07,1.3239527608114727e-05,7.171683891749044e-06,6.273745123250175e-06,1
0.3160109697311564,0.6802227768843238,9.308700528953423e-06,3.0082019078325747e-07,0.0037446332357327495,6.463033699537234e-06,5.547594367891044e-06,1
0.07013919946773345,0.927144769289219,5.007054669287922e-06,9.036074654240733e-08,0.0027050038330643307,3.128009674009987e-06,2.801984893281675e-06,1
0.03675473498951629,0.9615353361841465,3.441937394663797e-06,7.524445171443094e-08,0.0017021852570292526,2.229374869530444e-06,1.997012591677223e-06,1
0.03243401317355132,0.9658483879631521,3.4573765092180194e-06,7.558196735646145e-08,0.0017098205595238673,2.2393749276513005e-06,2.0059703682529766e-06,1
0.6770224564663831,0.3224251233743456,1.4602607375392435e-05,3.147463162145132e-07,0.00046455970003632266,4.4139823172452584e-05,2.8803282370801768e-05,0
0.7020866163953957,0.2973891197484244,1.3554169571695831e-05,3.709904090287048e-07,0.0004672283518696949,3.6374402798350576e-05,6.735941531292834e-06,0
0.17952708617168672,0.8195475796724113,5.386385951273165e-06,1.3364702780793539e-07,0.0009022004140350632,1.2384872931698533e-05,5.2288359561312785e-06,0
0.05291095535800691,0.9465731692229553,3.7745031241084913e-06,7.718635291134899e-08,0.0005056035972891752,2.6862429369470905e-06,3.733889334449966e-06,1
0.0876947840109211,0.9115869243367017,6.266218743270693e-06,1.281404612566161e-07,0.0007037053392789245,4.358686420099025e-06,3.8332674735360874e-06,1
0.047680259349508605,0.9517729341529386,3.680664562157457e-06,7.526740990844532e-08,0.0005346350808329376,2.6729155403194478e-06,5.742569207433655e-06,1
0.05023646466751237,0.9492979949421257,4.096328546518085e-06,8.376749215356859e-08,0.0004534484150873193,2.974772638293456e-06,4.937106597541544e-06,1
0.04158659963388002,0.9583799705989482,4.760053444696594e-06,8.922526947826468e-08,2.2814492095300563e-05,3.096890333385569e-06,2.669106029088026e-06,1
0.04251455030606439,0.9574598915034714,7.067035997717901e-06,8.683274905425471e-08,1.0140723796936289e-05,3.013849134217777e-06,5.249748786278682e-06,1
0.07009486706986438,0.9284609203477161,9.995975052797873e-06,1.0860425844918851e-07,0.0014255453998402736,4.873070948825454e-06,3.6895323192200655e-06,1
0.09510071887852001,0.8996815117073852,1.828611967984223e-05,1.308374192409647e-07,0.005171941068670213,2.0516975482419746e-05,6.894412843118993e-06,1
0.17517710507603532,0.819016914291398,2.638946404579436e-05,1.6357669006596393e-07,0.005741246262925396,3.274771305626041e-05,5.43361584907437e-06,1
0.062056186934034904,0.9365762067813863,2.9068432917248498e-05,1.313479940613359e-07,0.001298477591278485,2.671203233912383e-05,1.3216880050152222e-05,1
0.0903848959874751,0.9088504292910852,2.5066394105042512e-05,1.5455058175055913e-07,0.0006950355937650352,3.345071008589923e-05,1.0967472901829651e-05,1
0.08280573525410749,0.9164206265329599,2.5275182637679012e-05,1.5583789850807095e-07,0.0006999617987367852,3.7186568066022105e-05,1.1058825593577321e-05,1
0.06011099272896642,0.9367036584006948,2.767072142718811e-05,1.5840453929937614e-07,0.003093981863616571,5.608099444128512e-05,7.456886314418285e-06,1
0.23222924160370004,0.6884704412757167,3.3927122108394016e-05,3.123492247767143e-07,0.07909499628156107,0.0001620696566753875,9.011711013600165e-06,1
0.28366541243408605,0.70968109886684,3.623167484883286e-05,2.989841575967996e-07,0.006472056334118476,0.00012957637458859496,1.532533136027561e-05,1
0.10604750111292076,0.8902666657719742,2.440379820912334e-05,1.836913950399602e-07,0.0035552368868721155,0.00010015729309613887,5.8514455325938455e-06,1
0.02018689461584278,0.9796110576390449,1.9312381514577313e-05,1.4144036052596827e-07,0.00013959539129912806,4.017990040699452e-05,2.8186315310971603e-06,1
0.05068132840352415,0.9490855705132615,2.4081867350032388e-05,1.4429314919585452e-07,0.00017704962883230828,2.90800652104735e-05,2.7452286722205617e-06,1
0.04926498415737824,0.9504462895310078,2.3551653242805526e-05,1.5218417567853378e-07,0.00022783478873026432,3.222878207521656e-05,4.958903389902011e-06,1
0.06617410014396503,0.9096490470669233,3.058195543118994e-05,1.9513330331503452e-07,0.02410120841051921,3.7525996599798005e-05,7.341293258163217e-06,1
0.2058395736896604,0.7939283608120075,2.2934487396352052e-05,1.2375086470788774e-07,0.0001740969038141854,3.219203238811846e-05,2.7183238688592815e-06,1
0.18699438157397097,0.8127845835170493,2.27469580155156e-05,1.2231982537452938e-07,0.00017208366925811105,2.375478353816997e-05,2.327178342634839e-06,1
0.10965777873663746,0.8901190028903914,2.1206060095885753e-05,1.3293427817817848e-07,0.00016742975234099953,3.192050415981648e-05,2.529122096298139e-06,1
0.18920166190646528,0.8105664245645988,2.3879745659395194e-05,1.0516874425840902e-07,0.0001791903524077093,2.6698835654020954e-05,2.0394264703163554e-06,0
0.08218109973480359,0.9175854738872992,2.5258788762597603e-05,8.955315431075817e-08,0.000174111190924302,3.182376622047143e-05,2.1430788354308355e-06,1
0.033145834519291505,0.9666006084470948,2.6766048810118014e-05,1.162370238595162e-07,0.0001905725716211339,3.38481142223955e-05,2.2540619360008828e-06,1
0.016034862107329857,0.9837010012460868,2.1882958681731007e-05,1.1475256611841515e-07,0.00020218664319057034,3.7727016731186775e-05,2.225275413611409e-06,1
0.015583259879033372,0.9840525039009924,2.624438815098727e-05,1.7961392896568502e-07,0.0002948436246910014,4.04222877079402e-05,2.546305495278843e-06,1
0.017396388671755962,0.9822422612154506,2.8446095819374775e-05,2.1219173903498498e-07,0.000277230555236843,5.2890815285584225e-05,2.5704547123509455e-06,1
0.015141315932967844,0.9702269003377201,3.576661929964419e-05,2.5197530561177015e-07,0.014540788971850169,5.1923742450573254e-05,3.0524204058982835e-06,1
0.01553317128049111,0.9708071886994928,4.299721462705547e-05,2.584963947552044e-07,0.013549095107631458,6.439211413491787e-05,2.897087227781933e-06,1
0.012793999269980136,0.9740615562590428,4.0002635934878434e-05,2.792257877961581e-07,0.013037380667512536,6.365253073320878e-05,3.129411008836948e-06,1
0.9045908807470711,0.09444679103019517,1.0427822888769485e-05,1.7696426556819524e-07,8.130358509986988e-06,6.0881328285428595e-06,0.0009375049442410455,0
0.8649149738149194,0.1336517153276559,1.0878162825538827e-05,2.0208672987824616e-07,8.547328958680762e-06,6.8496850803777825e-06,0.001406833593830168,0
0.321155887925294,0.6788065181887076,1.1400338596424706e-05,2.702666072150677e-07,1.1333353380437452e-05,7.181472953386682e-06,7.408454460818827e-06,1
0.25560759431439395,0.7443510014988913,1.3156856635216533e-05,3.510478793579622e-07,1.1014239763989905e-05,8.332123290677388e-06,8.549919145392065e-06,1
0.14930062299221314,0.8506620905842055,7.246937667668547e-06,1.916229052892148e-07,1.8680716728100624e-05,5.19567597387102e-06,5.9714703065001535e-06,1
0.11704436260498698,0.877604630428919,9.103260058985278e-06,1.7197254257807633e-07,0.005330057113837957,5.828971352257429e-06,5.845648302319398e-06,1
0.10583771363978306,0.8816006106004448,8.993935851091244e-06,1.6708290857851924e-07,0.012541172061656862,5.663238287669504e-06,5.6794410679552425e-06,1
0.09509615998287772,0.8828804131087807,8.526813017721649e-06,1.5931529649073869e-07,0.02200091251714996,5.399956791354094e-06,8.428306085895068e-06,1
0.1118348545726768,0.8594993952813281,7.257808382046972e-06,1.3560516594601462e-07,0.02864915096789944,4.596307152687302e-06,4.609457394852268e-06,1
0.12353461270453851,0.6866042039990345,5.7575715435318185e-06,1.0757468418951031e-07,0.1898480346018714,3.626896163420075e-06,3.656652164222427e-06,1
0.14770419935742893,0.8035310726013414,7.116039617416815e-06,1.4717334212394592e-07,0.04874740427818772,5.1746164785576656e-06,4.885933603908215e-06,1
0.09631009076660584,0.8964354433852685,7.385877099094077e-06,1.3566093474763041e-07,0.007237565761180537,4.769840096791594e-06,4.608708814499775e-06,1
0.055770460997068054,0.9407468914573871,1.0289050596103881e-05,1.470999938892923e-07,0.0034620420378729273,5.172037553745371e-06,4.997319528363975e-06,1
0.04829890596345533,0.9507957838624748,6.155105097144522e-06,1.2586825301591238e-07,0.000890283305812516,4.4698656420930405e-06,4.2760292653095964e-06,1
0.2284302853760143,0.7715326985357087,1.0001787752854504e-05,2.1088940871652145e-07,1.1728109113975876e-05,6.364255283596246e-06,8.711046717732237e-06,1
0.24435468058146528,0.7510870302195429,8.877172333209784e-06,2.0113579655767403e-07,0.004538218723596478,5.525909365793772e-06,5.466257899828822e-06,1
0.24444590672853841,0.7505357752320994,8.498853759285827e-06,2.147797488807584e-07,0.0049978665900828724,5.900756833121433e-06,5.837058937970047e-06,1
0.18671330638315772,0.8106641015960365,6.341134094936533e-06,1.439634339207389e-07,0.002608239252912557,3.955183022860542e-06,3.9124873415064875e-06,1
0.08287550281913564,0.9140170705694128,4.5092778061147725e-06,9.163102308734015e-08,0.0030968123451649223,3.1719827206398367e-06,2.84137473705107e-06,1
0.02866366552402125,0.9669460321197713,3.4371620868592046e-06,7.514005835211073e-08,0.004382569530246698,2.226281858242576e-06,1.994241957374086e-06,1
0.020484041441342495,0.9786173827173197,3.2014933968333e-06,6.174042929056572e-08,0.0008843710691382212,4.9634581457050746e-06,5.978080227679681e-06,1
0.033294088787526765,0.9658311683985853,3.5269710976671316e-06,8.028132351857268e-08,0.000855602184971864,7.760055215537324e-06,7.773321278990023e-06,1
0.526371510843212,0.47192929975718806,9.60872555770482e-06,2.4533573155366946e-07,0.0016594868186376203,2.4924934189643544e-05,4.92358548339511e-06,0
0.16944514592044024,0.8298695354925745,5.1589638365125665e-06,1.2800422946958662e-07,0.0006614948610007352,1.3528692055960944e-05,5.008065862484618e-06,1
0.03651782995705808,0.9628596211713324,4.085559728099031e-06,7.658129750898553e-08,0.0006136398922196753,2.6651857715317674e-06,2.0816525927163894e-06,1
0.03867807531968,0.9612648915362466,4.629196212534531e-06,8.978534745671746e-08,4.651197228356098e-05,3.1163298944824915e-06,2.6858603355506305e-06,1
0.039209819838369964,0.9607330880035541,4.5209557416226995e-06,8.474348009580084e-08,4.7010088753948864e-05,2.9413333897530945e-06,2.535036710701138e-06,1
0.10289738903416998,0.897003565969247,5.807570479626383e-06,1.1867672138781006e-07,8.496787537346367e-05,4.119157339852272e-06,4.031716668865778e-06,1
0.058702841347447146,0.9412531607728476,6.021622465307079e-06,8.663686899530659e-08,3.193935265607121e-05,3.007050398113021e-06,2.943217317022063e-06,1
0.06408012464874524,0.9348299357151743,1.0316060390432358e-05,1.1438102780346067e-07,0.001067172416658136,3.911389841413957e-06,8.425388162569209e-06,1
0.0776758687686669,0.9208333131022762,1.0447745373043935e-05,1.1351265211369077e-07,0.0014694931895354812,3.900837529416805e-06,6.862843966788786e-06,1
0.0757266008250538,0.9226061075440062,1.0483438530991884e-05,1.1390045109579829e-07,0.0016458938379553371,3.914164156846489e-06,6.886289845773427e-06,1
0.09044175754434511,0.9071844770416504,8.682003823276423e-06,1.1000361207987683e-07,0.0023574560849080085,3.780250134080311e-06,3.737071527352111e-06,1
0.07413286609954689,0.9219507758140169,1.075694309902718e-05,1.1687202321728181e-07,0.003896269818932084,5.244045391986611e-06,3.970406989837709e-06,1
0.0769423236174743,0.9189285519047093,1.0144082057464998e-05,1.2410020851069066e-07,0.004108988256512424,5.568373924486261e-06,4.29966511312681e-06,1
0.20223330087357957,0.785033369431981,2.3753408431356855e-05,1.922355007894515e-07,0.012670536528051722,3.404538435727807e-05,4.8021380983313916e-06,1
0.3524580308993307,0.6355718912031413,1.843629150643531e-05,2.115982541092865e-07,0.011911998721636084,3.386015181325134e-05,5.57113431822219e-06,1
0.35158016263408,0.6358628593404223,1.991784637152212e-05,2.282987084467195e-07,0.012496928562836768,3.247269111979029e-05,7.430626461114013e-06,1
0.13123725400585143,0.8641346631747325,2.280417857777331e-05,1.4282217159847713e-07,0.004578295399528198,2.2096217413439614e-05,4.744201725097619e-06,1
0.13507370395267418,0.8509940973379764,2.8994725671783383e-05,1.5943509072080802e-07,0.01386430296034991,3.1918573483290277e-05,6.823014753556315e-06,1
0.12973619247026694,0.8655353355157734,2.436126799680929e-05,1.4265159499835738e-07,0.0046652385673731445,3.168114925114503e-05,7.048377743546503e-06,1
0.15610236373277617,0.8396533059557579,2.707771186170948e-05,1.5808058654682947e-07,0.004168356525304552,3.042886834469058e-05,1.8309125368290565e-05,1
0.06383231567261477,0.9346925284353054,2.763751786389899e-05,1.3108382188781385e-07,0.0014069217887572487,2.7275203887950308e-05,1.3190297749029306e-05,1
0.06202413683968383,0.9366400359196255,2.8693046704950625e-05,1.287150551008819e-07,0.0012724489315811224,2.6782323865487524e-05,7.774223483904082e-06,1
0.08850662412198353,0.9102098274673521,2.8370223166680517e-05,1.395370642959508e-07,0.0012212986753977367,2.5253993889712993e-05,8.48598114577083e-06,1
0.08153250694190554,0.9175601400212267,2.1210486033061757e-05,1.392547407737502e-07,0.0008533459149677126,2.277535688152011e-05,9.882024244673492e-06,1
0.06992472066869229,0.9294792929714962,2.2655928363640807e-05,1.5367028217481187e-07,0.000529573546297648,3.231023483164776e-05,1.1292980036159134e-05,1
0.16197629228881308,0.8369637266086623,2.7163819175859413e-05,1.5132424126335402e-07,0.000990841697973291,3.6866359290788347e-05,4.957901843504209e-06,1
0.17541707924564603,0.8224263693523509,2.6532226539582306e-05,1.5151122319247543e-07,0.002073444108007093,4.877037853904514e-05,7.653177694135586e-06,1
0.08843160586819206,0.907850220359753,2.5255223648075202e-05,1.677624835483361e-07,0.0036447376373866815,4.4372812605033164e-05,3.640335931435345e-06,1
0.06923220198591043,0.9272791433560462,2.1048167355973578e-05,1.6575699680050617e-07,0.003410497260233445,5.1559509598498625e-05,5.383963858412373e-06,1
0.17988520121224602,0.8096700786426554,3.1168980782131946e-05,3.608666722470296e-07,0.010315497384779673,8.993752759832503e-05,7.7553852661844e-06,1
0.20059474439937253,0.7648470935585676,3.57548731113269e-05,3.9424315716611325e-07,0.034407587421125166,0.00010590220537145574,8.523299294852056e-06,1
0.1987316106487531,0.7935345133167617,3.5327120856803876e-05,2.767178943999788e-07,0.007531305552928375,0.00015812443728117423,8.84220552453262e-06,1
0.10719344540446307,0.886489653669263,2.20935644251478e-05,1.4826896952525395e-07,0.006183018514981351,0.00010792593536710905,3.714642530900955e-06,1
0.02552420119154047,0.9742878795461943,1.8099813425847472e-05,1.200020263993009e-07,0.00013294869260980428,3.414681816475671e-05,2.6039360383122246e-06,1
0.020447827305406868,0.9793873146323655,1.5190270178346704e-05,1.0916110908411212e-07,0.00011379591953318537,3.3394013523720507e-05,2.368697883320973e-06,1
0.05903626830197381,0.9407571603841122,2.418326430342315e-05,1.4217801534727638e-07,0.00015046898258207396,2.865379251084557e-05,3.1230965024594968e-06,1
0.06482157447035028,0.9349021731423343,2.4420549654281034e-05,1.4969527276490492e-07,0.0002162560397847159,3.054829982122539e-05,4.877802782427537e-06,1
0.12010339707316106,0.8795468581298027,2.8232684982574317e-05,2.1161142312585245e-07,0.0002825988065526586,3.458290104479342e-05,4.11879303313457e-06,1
0.15037583340033475,0.8491477479406889,2.6363810233822185e-05,2.0111008157013722e-07,0.0004127080687631215,3.25437819622504e-05,4.601887935452131e-06,1
0.2710395330368587,0.7287768703172081,1.8444881986680513e-05,1.1445387144206869e-07,0.0001422524254738759,2.0018213535342275e-05,2.766671065900437e-06,0
0.14986402202943205,0.8499109029895088,2.3485583897203543e-05,1.2921524100501016e-07,0.0001739079271658396,2.5093888668562778e-05,2.4583660864824687e-06,0
0.1169367764904448,0.8828382560348257,2.2524259807780527e-05,1.3745774010294722e-07,0.00017312701959341462,2.656355501420948e-05,2.6151825741709855e-06,0
0.31240772131146216,0.6874244389050335,1.7114115008938736e-05,1.0389146800097351e-07,0.00013175843493159987,1.658125172115984e-05,2.282090374919829e-06,0
0.25719294187651603,0.7426170548100514,1.8488190067642238e-05,1.1223280933925888e-07,0.00015102502971973757,1.7912543723126067e-05,2.4653171128637336e-06,0
0.2826580918445327,0.717200484296368,1.8621587831433666e-05,1.0889184495889999e-07,9.713475869398567e-05,2.3486914507195108e-05,2.0717062218000057e-06,0
0.3339703267220415,0.6658694728959622,1.6941097658316817e-05,9.906498824600998e-08,0.00011681458020655848,2.4460892378363956e-05,1.8847467649139972e-06,0
0.3073021753835078,0.6925081274844642,1.6990025916992295e-05,8.728344072952938e-08,0.00014871671820338594,2.2210508813243213e-05,1.692595653768661e-06,0
0.19820185747171606,0.8015721107075525,2.0244304440622707e-05,1.040017569947561e-07,0.0001772019968320692,2.646472138378159e-05,2.0167963178618586e-06,0
0.02633362554333978,0.9734082265125549,2.668925757106863e-05,1.1590354224820679e-07,0.00019029902090449092,3.879616700854133e-05,2.2475950790438665e-06,1
0.014902206305388558,0.9848102063984057,2.5102481970040207e-05,1.2756465026343928e-07,0.0002180137581118932,4.193922504382625e-05,2.404266429961498e-06,1
0.01986387971795913,0.9797342568319235,3.050990641031137e-05,1.9651915488305863e-07,0.00032259424578370605,4.422682508282473e-05,4.335953685609292e-06,1
0.01706906912421423,0.9825859952361629,2.8763734199846873e-05,1.5125767818973934e-07,0.00026958087052025696,4.3826184902206004e-05,2.6135923222972566e-06,1
0.022233413846123266,0.9773992616302605,3.1646358366623724e-05,0.0,0.0002938773082456456,3.91583118435945e-05,2.642545160556983e-06,1
0.019034164336872425,0.9806261814318121,2.6073158865613836e-05,2.1184262070313356e-07,0.0002648659635023145,4.593704077454588e-05,2.566225552133131e-06,1
0.01989312954668776,0.9634036674935404,4.609084452682686e-05,3.5234547680239987e-07,0.016563900182979197,8.922686023134257e-05,3.6327265577108233e-06,1
0.14663981560597497,0.8445804023053257,3.933268434476982e-05,6.945282015386845e-07,0.008631782294366782,0.00010429490971751104,3.677672068715084e-06,1
0.11610883933414601,0.8758347296488066,3.5516504560418745e-05,5.006316021580667e-07,0.007962431707855194,5.489728104555844e-05,3.084891983985673e-06,0
0.217947905754911,0.7759121637753094,3.247862579006488e-05,3.533900933821984e-07,0.006058418738571515,4.6089752655907534e-05,2.589962668535384e-06,0
0.19457987811923463,0.8027359594751454,2.357322486250368e-05,2.560599860562913e-07,0.002618676381766815,3.953759224465834e-05,2.119146760108149e-06,0
0.09134882955228574,0.9031865477034342,3.344173681882581e-05,2.7031977659254146e-07,0.005380787439280613,4.7456483791106806e-05,2.666764612874684e-06,1
0.05954851624222222,0.933900176237405,3.5102377358026e-05,3.300324454178556e-07,0.006451260030863593,6.160351297632322e-05,3.0115667295160985e-06,1
0.06772888608630064,0.9260220949758545,3.1471356448233496e-05,3.158074304069972e-07,0.006152270250053065,6.193381018106943e-05,3.0277137319288963e-06,1
0.061940412727676544,0.9318610190383924,3.2028844538401715e-05,2.8881683595019285e-07,0.006114206712783424,4.927491067308277e-05,2.768949100062972e-06,1
0.05450487113396283,0.9394622585429481,3.364070909040178e-05,3.0078103294285954e-07,0.005941200310276242,5.503792323395352e-05,2.6905994555333224e-06,1
0.0975141349895906,0.8991205034387958,3.634071936381913e-05,4.763275392046471e-07,0.0032651375994315296,6.003341398602321e-05,3.373511293265771e-06,1
0.9905882254957785,0.007285062548857915,1.2605526438855274e-05,1.3251406276598283e-07,8.19108285586721e-06,4.558904664615882e-06,0.0021012239273414113,0
0.9766880468392791,0.022841708793386713,6.935593627456478e-06,1.3403353791572463e-07,6.239233737855491e-06,4.611179436087942e-06,0.0004523243269947126,0
0.9142223830233888,0.08491005321018408,1.197101502996521e-05,1.590362133293236e-07,7.3066809634507345e-06,5.471350886511495e-06,0.0008426556833339122,0
0.8740553740017768,0.12394716620285956,1.2407360000398837e-05,1.989667285603138e-07,7.930314404506097e-06,6.74393332472774e-06,0.0019701792209055693,0
0.8467088368097276,0.15142877771579505,1.1808657421369843e-05,2.193727930726125e-07,9.265128676785466e-06,7.43559237489561e-06,0.001833656723211178,0
0.8046049387379434,0.19412858782629233,1.5201552440357908e-05,2.2107686732474794e-07,9.168674941673908e-06,7.605746444174272e-06,0.0012342763850708245,0
0.7478091569979315,0.25050199143024193,1.2214813881576732e-05,2.2691807734335686e-07,9.450837260415366e-06,7.650576065623561e-06,0.0016593084265415314,0
0.6535621951637011,0.34460959391975904,1.3225019929224791e-05,2.470967718819931e-07,1.0291253151669903e-05,8.330903694344054e-06,0.0017961166429928174,0
0.6631855787903591,0.3367191171833264,1.1279468281735754e-05,2.3729983183463547e-07,9.441574112504651e-06,8.000598432109478e-06,6.634508565635567e-05,0
0.4842371490323186,0.5157301741723975,1.0627779724215434e-05,1.9856983779082032e-07,8.300620418881865e-06,6.694811035519632e-06,6.855014267490958e-06,1
0.14292637113338125,0.8570449300317442,9.032559779776986e-06,2.4100444686593246e-07,7.835263875212063e-06,5.720241832997447e-06,5.869764939620974e-06,1
0.1336232215547184,0.8663442529097425,8.300979549755885e-06,1.550958154452741e-07,1.0607440177281111e-05,5.2569384131485144e-06,8.205081583551845e-06,1
0.13336599292516033,0.8666018077214783,8.13425750533492e-06,1.519807744700276e-07,1.072147468055643e-05,5.151354787218368e-06,8.04028561362432e-06,1
0.13433498327495988,0.8610627127951012,8.196116984058055e-06,2.4391618291666583e-07,0.004578970717578797,5.789351903706297e-06,9.103827289767777e-06,1
0.08218301319203267,0.9002210055991096,6.7562840338688025e-06,1.262346660814968e-07,0.017580529056356948,4.278696129161214e-06,4.290937671856175e-06,1
0.1014887972543714,0.8755255006874479,6.6625706078027e-06,1.2448372088921281e-07,0.022970464235649506,4.2193482285475895e-06,4.2314199742209135e-06,1
0.10814283242145545,0.8664877881532357,7.073367960361246e-06,1.3215907414070963e-07,0.025353202076951162,4.479502631981609e-06,4.4923186911422155e-06,1
0.12718336862240573,0.8464824353054194,6.9249460269849395e-06,1.2938595313143797e-07,0.026318381418473563,4.362266276200892e-06,4.3980554449462985e-06,1
0.08884592497990142,0.637119201210359,5.278407219710839e-06,9.67575982268383e-08,0.2740228212577996,3.325053757368437e-06,3.3523333644523135e-06,1
0.048868776081254284,0.9501839256495564,5.56124810200642e-06,1.1372422926008908e-07,0.0009330939436366971,4.0386039598000966e-06,4.490749261716089e-06,1
0.044312839459600094,0.9556624907668615,5.2205028496678235e-06,9.939166935515885e-08,1.1895472331262436e-05,3.5296224211893398e-06,3.924784267006255e-06,1
0.03631709533329207,0.9636657214998308,4.712304938741542e-06,9.629515513781726e-08,5.7608883130434465e-06,3.342314233487887e-06,3.2713642368960186e-06,1
0.12509362225007967,0.8748817775378251,6.5430939171369686e-06,1.337070185445763e-07,9.175384597458728e-06,4.748237891436714e-06,3.999788670527731e-06,1
0.16394252204994114,0.8360283145381937,7.793165202732194e-06,1.5925201402864835e-07,1.0919550716181762e-05,5.527487571288295e-06,4.763956360736227e-06,1
0.19869163420716587,0.8012765006432367,9.070078109743282e-06,1.759162759111103e-07,1.1250806112168928e-05,6.1058884223031616e-06,5.262460677156662e-06,1
0.1903900458682441,0.8095741063408177,1.0403212961070792e-05,2.1935352802164056e-07,1.274855301867999e-05,6.654956373764252e-06,5.8217150568196205e-06,1
0.1911005210419354,0.8088681422217313,7.5674043053916244e-06,1.5780128893929938e-07,1.0867094433895067e-05,5.323175179903029e-06,7.421261125228355e-06,1
0.10658853181685572,0.8900841856271846,4.876492587829957e-06,8.800453357292721e-08,0.0033165426925876105,3.046444865787617e-06,2.728921385083021e-06,1
0.07840980210221968,0.9182067664289588,4.9587848947737615e-06,8.948963704817976e-08,0.0033725103669632016,3.0978545565576652e-06,2.774972769803098e-06,1
0.04144647914237026,0.9536641796147693,3.803317217183685e-06,8.314460313738335e-08,0.0048807846518787905,2.4634439423527015e-06,2.2066852188055236e-06,1
0.6470210161238173,0.3524190095854021,2.0296857417965478e-05,4.0673038615739615e-07,0.0004473452083030987,5.56544653621023e-05,3.6271029311226276e-05,1
0.7006255832410729,0.2988750455259326,1.6857497561768538e-05,4.1175545466941416e-07,0.0004047172067035531,4.682759505696797e-05,3.0557178217541675e-05,0
0.097737249477819,0.90122431983826,6.521230269033593e-06,1.3693659468211263e-07,0.0010125918372829604,1.2653263573656138e-05,6.52741620069801e-06,1
0.07813815830123148,0.9211418196319838,4.977285308449234e-06,1.0603139388588905e-07,0.0006966361921522639,1.0645562449424118e-05,7.656995480788541e-06,1
0.055979027396744686,0.9433677522004735,4.122593642275168e-06,9.502279063119667e-08,0.0006437772245973534,2.9339724168542874e-06,2.2915893344999047e-06,1
0.07550226851096024,0.9237045979675843,5.915928078588715e-06,1.208909906123367e-07,0.0007792842872067375,4.196012541293274e-06,3.6164026382720715e-06,1
0.09629000682288934,0.9036126449522003,5.708079123001522e-06,1.166436323272321e-07,8.351226338905573e-05,4.048590731434715e-06,3.9626480346891125e-06,1
0.07965276948704895,0.9202318462436927,6.379867802502466e-06,1.3489832889162954e-07,9.96045076845199e-05,4.682194073865251e-06,4.5828013685789685e-06,1
0.0402898030040786,0.959618512547879,6.671036862535635e-06,8.804053469082835e-08,7.887869839966628e-05,3.0557697659466503e-06,2.9909024795894365e-06,1
0.09549087882281761,0.9021741878079709,1.0117317733144255e-05,1.0992262226538943e-07,0.00231719434179942,3.777466936771728e-06,3.734320120157349e-06,0
0.18835401313580316,0.8043889389493128,2.3404860184637025e-05,1.9573273231768471e-07,0.007187914642287864,4.054896627373346e-05,4.9837134055430486e-06,1
0.1376775680408365,0.8564406714207714,1.4581249975698302e-05,1.4388580978976237e-07,0.005843142713016956,1.8940834261686753e-05,4.951855327900904e-06,1
0.10129047626808052,0.8907546068629221,2.1143071708809644e-05,1.4825536424128323e-07,0.00790564928787857,2.2936794226835614e-05,5.039459818961151e-06,1
0.09260266815862346,0.9057444731193742,3.150000040808989e-05,1.459947725835467e-07,0.0015934767307406493,2.2773377736971148e-05,4.962618344222325e-06,1
0.08278420043880175,0.9160382392385994,3.003738740546047e-05,1.4113268837951984e-07,0.0011205695021563066,2.2014952772790317e-05,4.797347575721002e-06,1
0.06605445310649231,0.9322758196844814,3.28306318001957e-05,1.3074489608086636e-07,0.0015990374484333109,2.4572190526658365e-05,1.31561933702884e-05,1
0.07394584883532228,0.9250274971758655,3.774181649205185e-05,1.5607874314972218e-07,0.0009338735630587702,3.642993275710188e-05,1.845259776096006e-05,1
0.07469475319542995,0.9245936503853093,2.629002705897809e-05,1.509414961348713e-07,0.0006382143978274326,3.622969385366636e-05,1.0711359024792781e-05,1
0.09511087237962396,0.9035137798053621,3.8901704436892775e-05,1.6693442405726335e-07,0.0012853802941870604,4.066938914688126e-05,1.0229492819172666e-05,1
0.10196226247344355,0.8945234600937408,2.4362045488532095e-05,1.822197491039597e-07,0.003433621732037644,4.896194657509894e-05,7.149488965395454e-06,1
0.12690712234744758,0.8697634858018275,2.3988438996644498e-05,1.9087538330595784e-07,0.0032420744084899955,5.483963237753849e-05,8.298495477251153e-06,1
0.13033606566619088,0.8657972702468865,2.2921508420931494e-05,1.8765800359722902e-07,0.0037719637562384297,6.166568291053983e-05,9.925481349207071e-06,1
0.0937670812499182,0.8987324278335468,2.5326405938091346e-05,1.621325280716296e-07,0.007432936183143713,3.8004223048311216e-05,4.061971876824755e-06,1
0.06547256827552762,0.9295369768349082,2.4517795513434666e-05,1.4420269497948993e-07,0.004921082602159136,4.109752068845158e-05,3.6127685081814383e-06,1
0.026224626658863538,0.9735702500464563,1.7929840541156507e-05,1.425084159273533e-07,0.00014285644341470417,4.135458650856559e-05,2.8399157997465583e-06,1
0.027061794548770914,0.9727062691587007,2.635596130169456e-05,1.4526822295683932e-07,0.0001619300598159707,4.061008979703427e-05,2.894913390845209e-06,1
0.043969468367177585,0.955806429875818,2.6329197590954898e-05,1.4511915127172257e-07,0.0001562079801017479,3.852751747877967e-05,2.8919426818446e-06,1
0.05174526458356385,0.9480521842118145,2.45654995647896e-05,1.4413603948056194e-07,0.00014182235309250025,3.314686475042658e-05,2.8723511742801806e-06,1
0.034722413203228206,0.9650631714430328,2.3474167919841842e-05,1.5546784022746588e-07,0.0001561985920895232,3.1332152338082515e-05,3.2549735514483795e-06,1
0.15525608587896092,0.7885199207729712,3.4570570142775096e-05,2.776214658573111e-07,0.05613280313407625,5.010310938005606e-05,6.238913002853441e-06,1
0.07059689849792918,0.9100159544388214,2.573902451889408e-05,1.7055216514004286e-07,0.019294075587941103,6.327647673270405e-05,3.885421891507753e-06,1
0.13574164050647122,0.8640114436823212,2.0702239226809755e-05,1.3836265637306801e-07,0.00019529349519401123,2.788486558403257e-05,2.8968485465775016e-06,0
0.13407828770545444,0.8657008863394048,2.038312880553648e-05,1.3595768744588215e-07,0.00017201716485436096,2.5003225185890826e-05,3.286478607529211e-06,0
0.16121860328758678,0.8385709411191454,1.9744347932560807e-05,1.3169694950407782e-07,0.0001636835019944959,2.4219656472577666e-05,2.6763899187497897e-06,0
0.16547125045072442,0.8343120259556727,1.962280392301867e-05,1.3517087030032333e-07,0.00016972786165363714,2.4858526003078057e-05,2.3792311528095314e-06,0
0.2705450825362894,0.7293086850667746,1.690338326698811e-05,1.1815877826421023e-07,0.00010540113833687184,2.172992639203107e-05,2.0797901618855693e-06,0
0.45518245326345463,0.544639998173774,1.4495921297218771e-05,8.48003389147276e-08,0.00014175453898280602,1.9599945433164482e-05,1.6133567192905885e-06,0
0.18448734033935335,0.8152768470265954,2.0772977830513436e-05,1.0671772886656212e-07,0.00018182956902825843,3.103390516938137e-05,2.069464294141826e-06,0
0.02527933777142607,0.9744329187350599,2.343415428451083e-05,1.3136002716258016e-07,0.00021567662273422054,4.5954030088572585e-05,2.5473263793907183e-06,1
0.020455128698656466,0.9791909437773647,2.8664349150366085e-05,1.8463162733265735e-07,0.0002788186084525661,4.3674755761441556e-05,2.5851789871276957e-06,1
0.022586605472004948,0.9770747552513498,2.7130601726677877e-05,1.9034318169422994e-07,0.0002638629937642512,4.479018682399395e-05,2.6651511486294282e-06,1
0.017551946676432086,0.9641240867508992,4.533959296347106e-05,3.9978150514137e-07,0.018178486532167543,9.317696230116118e-05,6.563703731211958e-06,1
0.0974651869580725,0.8961785412849291,3.417091011795079e-05,7.708937642670482e-07,0.006246235640239604,7.187532006067252e-05,3.218992815891286e-06,1
0.24885554034244928,0.7455926234073591,2.9324806368689167e-05,2.8815719924736974e-07,0.005473774533618561,4.587107848940781e-05,2.5776745156343335e-06,0
0.1497870000805172,0.8467173898177155,2.6953830160964454e-05,2.6001366192338625e-07,0.003423642878776682,4.2384115404074514e-05,2.3692637636249755e-06,1
0.0645339620008709,0.928528646279385,3.216263492444089e-05,2.891643875673213e-07,0.0068454588649879845,5.670877429210378e-05,2.7722811521378e-06,1
0.06190822389370677,0.9311442161810428,3.220977602512317e-05,2.8958821874720014e-07,0.006855492323575221,5.6791892918570564e-05,2.7763445127803445e-06,1
0.06583016826820962,0.9279357508705847,3.368323050708484e-05,3.782447506415607e-07,0.006141927974144495,5.5397411465323725e-05,2.694000338085128e-06,1
0.9857217721657164,0.011713070404748374,1.7371115363899318e-05,1.5375833275945848e-07,9.200654628167207e-06,5.289559285505468e-06,0.002533142341925185,0
0.9904947716539817,0.007357382066536785,1.2730662714080414e-05,1.3382954263189087e-07,8.294646199421706e-06,4.604161350372226e-06,0.0021220829796750737,0
0.8991248103149451,0.09458985455771801,9.695563280316268e-06,1.5810483573101205e-07,7.534234013672962e-06,5.772300759037199e-06,0.006262174924448218,0
0.9707093219873615,0.021482130548278286,1.0919252651582772e-05,1.6519461115861447e-07,7.5896193410858806e-06,5.683219332806854e-06,0.007784190178423547,0
0.8819215134028217,0.11707984622785761,1.3947126091808143e-05,1.8528905985963178e-07,9.02054215071913e-06,6.374532194278256e-06,0.0009691128798241419,1
0.8533694274812739,0.1441515628629731,1.3689519010155636e-05,2.195276684909067e-07,9.32437654549562e-06,7.440841842995998e-06,0.002448335390685924,0
0.6038756442082461,0.396020090843311,1.2745435579576254e-05,2.3813619977870215e-07,9.876173088743704e-06,8.02879669929843e-06,7.337640687558274e-05,0
0.37666825494543654,0.6232951311670586,1.1904177032841548e-05,2.8441668031339375e-07,9.190563931433164e-06,7.498858447984091e-06,7.735871412537694e-06,1
0.14952580849002975,0.8504342903114069,9.055965845501087e-06,2.1636672032876171e-07,1.9099205738064407e-05,5.7350646915851815e-06,5.794595567788562e-06,1
0.13484238228492063,0.8650654238925584,9.071475732316113e-06,2.420427923454665e-07,7.133089722632175e-05,5.744886968497536e-06,5.804519801484728e-06,1
0.13157999747722848,0.8681027800302787,8.492167272488676e-06,2.5272663016209073e-07,0.00029641839771468693,5.998467916112213e-06,6.060732959337963e-06,1
0.0772219795315521,0.8891539288627542,6.586877170220559e-06,1.230694618423991e-07,0.03360896433183833,4.233980393883959e-06,4.183346829100709e-06,1
0.5225135225918,0.4709284868717619,1.1876716199591017e-05,2.6368939868429647e-07,0.00652912600378394,8.424230170399019e-06,8.299896885664628e-06,1
0.572530746543426,0.42331824559588765,9.85375577529878e-06,2.1877519774867768e-07,0.004126778005878144,7.405199100018856e-06,6.752124735211891e-06,1
0.06568831752542502,0.9299176073055302,6.799210739915986e-06,1.2488527390149328e-07,0.004378517470057691,4.39096773188457e-06,4.242635241322366e-06,1
0.18269103312786542,0.8172787200197509,8.082686572503624e-06,1.651683342966017e-07,1.1325219426955297e-05,5.73283748129314e-06,4.940940568719925e-06,1
0.21670169081155055,0.7832658438117767,9.24861082001137e-06,1.7301235590408613e-07,1.1863066262263408e-05,6.005096091074282e-06,5.1755911435252475e-06,1
0.20116495829349337,0.7988058929216331,8.459127010571929e-06,1.7836214260878858e-07,1.0366184907448457e-05,5.411320658929644e-06,4.733790153991738e-06,1
0.1855050542251111,0.8144601763257315,9.175120387650513e-06,1.699171884455487e-07,1.1701464197101754e-05,5.731885754876054e-06,7.99106162944026e-06,1
0.2358153119094495,0.7575773515819274,9.303811990240824e-06,2.1080244535517498e-07,0.006583114087931966,5.791486284672222e-06,8.91631997095129e-06,1
0.2504622207346113,0.7451380202762558,8.986560916991479e-06,2.2710489575658495e-07,0.004378133932390961,6.239372065822612e-06,6.172018863699722e-06,1
0.08461322916815021,0.9128203879221829,4.17017488374868e-06,8.785858250967684e-08,0.0025564211400412257,3.0413924912195804e-06,2.662343668293728e-06,1
0.041918656811881554,0.9555123532784529,4.017044253050245e-06,7.564254392854233e-08,0.0025539970358973083,6.7258500880983766e-06,4.174336882783743e-06,1
0.04203667898903686,0.9566223898555418,3.746168384877933e-06,6.287247925782205e-08,0.001326980344590064,5.972775331533816e-06,4.168994635608743e-06,1
0.03901278827805914,0.9600397913376346,3.917118951365159e-06,7.678420719518559e-08,0.0009273546131117227,9.22447643542127e-06,6.847391600435012e-06,1
0.09046140126837485,0.9087937850372979,5.18296108769028e-06,1.2012915728934097e-07,0.000721302703066118,1.1100216809041044e-05,7.107684206755774e-06,1
0.14689154675570631,0.8517170916853555,9.432320366953898e-06,1.9095199563371025e-07,0.0013697824216970262,6.712805137957495e-06,5.2430597405590865e-06,1
0.05233936834256517,0.9476033056340487,4.315362319994358e-06,9.946708708308943e-08,4.744128977796755e-05,3.0711622619706855e-06,2.3987419389567333e-06,1
0.07336563044340882,0.9257834800234261,6.300147735366356e-06,1.2874245437314364e-07,0.0008360374321163789,4.571935016914037e-06,3.851275841933141e-06,1
0.11688948703644085,0.8829994983225495,5.647012810706671e-06,1.258923669896012e-07,9.700499715983975e-05,4.470721983703442e-06,3.766016688368914e-06,1
0.12496772083757754,0.8749206085577711,6.452696953823601e-06,1.3159572433889154e-07,9.604814377473138e-05,4.567563777165483e-06,4.470604421526187e-06,1
0.11788412415326,0.8813761049758077,6.89738405326539e-06,1.2902831439816735e-07,0.0007238826234723208,4.478451393725221e-06,4.383383698432529e-06,1
0.07597709729354672,0.9230111105135125,8.614137276954328e-06,1.1368318603088645e-07,0.0009953147711551057,3.887526345233006e-06,3.862074977558088e-06,1
0.07564251644765402,0.9223524552121221,1.0444362236155053e-05,1.1580359576326571e-07,0.0019835277735807556,3.9390490349582845e-06,7.001351776367504e-06,1
0.08427105441571267,0.9133028026341922,1.0034830589684027e-05,1.0902641604240746e-07,0.002408548550116346,3.746669005408064e-06,3.7038739675700163e-06,1
0.11271416178028701,0.8866832677633417,8.477310703553792e-06,1.0741008839620601e-07,0.0005866456476594831,3.691124258415265e-06,3.6489636613420225e-06,0
0.14438970531522496,0.8482163993592304,1.4175285595153044e-05,1.519449788718221e-07,0.007354206939839742,2.01319420884511e-05,5.229213042436915e-06,1
0.117446320121019,0.8768380544825428,1.307124749936749e-05,1.4241200168287581e-07,0.005678538481474777,1.8860195410072718e-05,5.013060052512823e-06,1
0.10948987128621397,0.8855094807380549,1.885294186034589e-05,1.3433411020972072e-07,0.004956726098031443,2.036834974759978e-05,4.5662519813854855e-06,1
0.12870004271782007,0.8661320426773765,2.1382898985862914e-05,1.3729888714951646e-07,0.005114658100940053,2.288665976708991e-05,8.84964622321521e-06,1
0.08314696253063134,0.9140511602818503,1.1432810506284655e-05,1.2913885740698457e-07,0.0027771994411825885,5.975611379643023e-06,7.140185592705078e-06,1
0.0860351242710193,0.9120473671352749,1.5615303492584412e-05,1.3661617759909395e-07,0.0018909342216633684,6.178628918475908e-06,4.643823453903615e-06,1
0.07263871058583918,0.926210109170611,3.779006794946609e-05,1.5627828380590504e-07,0.0010582812015989672,3.647650702173494e-05,1.8476188695838157e-05,1
0.13543765311965517,0.8619624795925116,3.2100861400569975e-05,1.8331069083390405e-07,0.0025086225550527016,4.970111930518316e-05,9.259441384117162e-06,1
0.15137359314817742,0.844545652787567,3.389111489980512e-05,1.9665781841797255e-07,0.003956894243137507,5.7221640785986385e-05,3.255040761382511e-05,1
0.21091105653261713,0.7609901780780892,2.6654862302766568e-05,3.284197525696047e-07,0.027956533089905367,0.00010231685407558872,1.2932163257466408e-05,1
0.27574379673695976,0.7008771415562794,3.319325937542919e-05,2.8028566353932596e-07,0.023261211937666584,7.604999780025052e-05,8.326226255156647e-06,1
0.17335876247157384,0.8125901021390414,3.44953773575768e-05,2.585093420152373e-07,0.013930807076591249,7.731405414719908e-05,8.26037194691302e-06,1
0.07702277469372416,0.9162624876677287,2.632101418311678e-05,1.612076146617025e-07,0.006647926333800222,3.62902833023436e-05,4.038799646647958e-06,1
0.047749978124127214,0.9520653877021322,2.0062557229781437e-05,1.1912197473914813e-07,0.00012436601593467914,3.710210108870877e-05,2.9843775126181383e-06,1
0.05311554031547313,0.9466320040686149,2.24433866241953e-05,1.5638650697015074e-07,0.00019033864835290215,3.465562311858088e-05,4.861571309200106e-06,1
0.06089789792146589,0.9388360335548019,2.549765712426332e-05,1.8140366665400635e-07,0.0002055006996962919,2.964615501558795e-05,5.242608229297963e-06,1
0.09446468215811557,0.9052085298112367,2.745176005338572e-05,2.1790858381583259e-07,0.0002592649778064891,3.561202358358581e-05,4.24136062043818e-06,1
0.13156780307784252,0.8564619591166585,3.096170252853114e-05,3.9151454221147353e-07,0.011870461709413353,6.0604238562899556e-05,7.818640452227886e-06,1
0.17411334629117886,0.7605722415670741,4.153825083949902e-05,3.0077291780723405e-07,0.06521689861023477,4.891531836004014e-05,6.7591893948798e-06,1
0.06012487911143019,0.9061524612051224,2.6764740301617032e-05,1.6767932894839788e-07,0.033649705171179115,4.2338790317092904e-05,3.6833023207959127e-06,1
0.07660328474085842,0.923126999317095,2.345525475052029e-05,1.5996402130636108e-07,0.0002136257147406281,2.8880220255287964e-05,3.5947882785801815e-06,0
0.14379888059824608,0.8559418027659096,2.40149026165061e-05,1.7158427617762345e-07,0.00020158245792543052,2.6685482983231818e-05,6.86220804290297e-06,1
0.1444039096484024,0.8553127271357182,2.3997252830096967e-05,1.7145817007284087e-07,0.00022567146977556102,2.6665870450031088e-05,6.8571646534632395e-06,1
0.20435551542285996,0.7954856860317865,1.853423980922537e-05,1.281495814976566e-07,0.00011431323144729891,2.3567279672500914e-05,2.2556448430146653e-06,1
0.20414196539312127,0.7956793979377064,1.6902649582999287e-05,1.2818078771558187e-07,0.0001357766260422985,2.357301863517852e-05,2.25619412412593e-06,0
0.2271732188209979,0.7726107172078248,1.928006814258371e-05,1.426421171182719e-07,0.00016750991798362706,2.6232521619787036e-05,2.898821314252594e-06,0
0.32575050621272,0.6740665526450876,1.64963219677161e-05,1.2204678286081741e-07,0.00014332405463548931,2.0518442835592176e-05,2.4802759706626437e-06,0
0.42888578380510123,0.5709743771153836,1.4345223131121013e-05,8.629219863632681e-08,0.00010292165562388798,2.08441686784747e-05,1.6417398830477685e-06,0
0.20538839988917967,0.7943755283741568,2.0240419313024416e-05,1.0398179779598212e-07,0.0001834726398568613,3.0238286425465737e-05,2.016409270183454e-06,0
0.21074478884388306,0.7890265622529257,2.316278210399966e-05,1.0201116637313843e-07,0.0001738103557365863,2.9595559289766562e-05,1.9781948946546403e-06,1
0.034734668371527305,0.964922598858331,2.656158691537893e-05,1.7099990891809212e-07,0.00026708509808418397,4.6520775126791124e-05,2.3943101066824093e-06,1
0.022939706542546668,0.9609441478451022,4.408784655833389e-05,5.059320670154717e-07,0.01594408377191957,0.00012331486656361036,4.153195242664638e-06,1
0.15978367358094536,0.8330914074218913,3.3182032470936694e-05,4.0968071659453613e-07,0.007037439923627022,5.0999985141047295e-05,2.8873752078040376e-06,0
0.18440758788699083,0.8129735022104579,3.5372783281741544e-05,3.4592787900260877e-07,0.002525029276952332,5.506745946604307e-05,3.094454972082746e-06,0
0.06387406363699072,0.929553412896418,2.8691322042822372e-05,2.797093066079542e-07,0.006492898661763709,4.7972140220022694e-05,2.681633258197237e-06,1
0.06157129911556521,0.9328048465508187,2.7824112448887848e-05,2.712549525757086e-07,0.005546636228436599,4.652215822970924e-05,2.600579548457002e-06,1
0.06389946479316118,0.9321455703417835,2.9136460278841103e-05,2.8404892215985016e-07,0.003874104702543237,4.871641522567467e-05,2.723238085483393e-06,1
0.07944078018520143,0.9146070173824258,3.0755736135452704e-05,2.972358737126708e-07,0.005871174281998131,4.7316291692705586e-05,2.6588866729778585e-06,1
0.0894206943847828,0.9072312488522313,3.5783179972787046e-05,4.3679348962918194e-07,0.003253692487798586,5.505078382218507e-05,3.093517902721831e-06,1
0.9740273376947575,0.023737849629958358,1.4609095714016552e-05,1.466245450002879e-07,8.79737830013423e-06,5.16087010858534e-06,0.00220609870661646,0
0.9719219325964111,0.021146199971279027,1.1101702025663843e-05,1.679548415854731e-07,8.082582827084171e-06,5.778180026832535e-06,0.006906737012588777,1
0.8409153539196652,0.15781791467382644,1.8249694349380612e-05,2.1329796197073536e-07,1.038411689323214e-05,7.338127391797611e-06,0.001230546169912046,1
0.5696528970868505,0.4292956327907792,1.3692741913519356e-05,2.5583570710295515e-07,1.0610221075073599e-05,8.625538169584042e-06,0.0010182857855049647,1
0.585441563795191,0.41445091778110976,1.3143143149641845e-05,2.4556698303968435e-07,1.0184348417562248e-05,8.279326640459906e-06,7.566603850852553e-05,1
0.1984528424467042,0.8014562872331884,9.649964825637372e-06,2.5747789018628115e-07,6.867696356955588e-05,6.11123909815161e-06,6.17467472403655e-06,1
0.06138164132077286,0.9196286601438475,7.7301877169342e-06,1.2580874442466485e-07,0.01897257684769562,4.328220415518841e-06,4.937470807108996e-06,1
0.4272958361452561,0.5696851491300038,1.4071105304826633e-05,2.584526215335021e-07,0.0029854648638354977,8.881667962830072e-06,1.0338635015364919e-05,1
0.10143716520511838,0.8932963228489781,5.176692716135897e-06,1.1680266631163589e-07,0.005253455892941397,4.106783151847189e-06,3.6557744279593778e-06,1
0.049198989046534955,0.9489624100848246,6.994898129398862e-06,1.3111505163131866e-07,0.0018223643892782899,4.656191298484091e-06,4.454274882382123e-06,1
0.035448072201138735,0.9645212714897543,4.961252163490377e-06,6.953790645051817e-51,1.6770165538002994e-05,3.3024839998941557e-06,5.6224074056697805e-06,1
0.04624919549550566,0.9537275387910001,5.130911085835962e-06,1.0848991743987476e-07,7.701554307689053e-06,3.765582959290695e-06,6.559175224044102e-06,1
0.0498812027556962,0.9501000139274339,4.863286462192073e-06,9.938043705666872e-08,5.945466286081826e-06,3.529223536928213e-06,4.345960147500619e-06,1
0.28749260195514564,0.7124688090961455,1.0983947391774834e-05,2.3749920832979393e-07,1.4088958684249188e-05,7.131845077121704e-06,6.1466983472602415e-06,1
0.24084761353473966,0.759117392618055,1.003694400299771e-05,2.1163068427531092e-07,1.270787090373996e-05,6.420653380433087e-06,5.616748233969902e-06,1
0.263645162098476,0.7318249319391619,9.390110364419997e-06,2.3730324149055708e-07,0.004507309813365244,6.519556573858705e-06,6.449178816764198e-06,1
0.11802090287066713,0.8794313972229248,4.950470744499839e-06,1.1629354179512147e-07,0.002532169868132596,3.6104779703602e-06,6.852796018919994e-06,1
0.06948512991136818,0.9275430723407955,4.632990273898912e-06,8.748430089864708e-08,0.0029538224599342626,8.426988601543632e-06,4.827824725867997e-06,1
0.03855158812326057,0.9604112680947217,3.819471742643106e-06,7.388046697416942e-08,0.0010148424326324173,8.982574539304334e-06,9.42542263629128e-06,1
0.46974484368344793,0.5299399173503014,1.0405859292372539e-05,2.253735464367596e-07,0.00025318752037994,3.1322057627243305e-05,2.0098155404645258e-05,1
0.25891449713951475,0.7397156825114528,8.1425815166872e-06,2.0203376219853915e-07,0.0013332068182056555,1.8638484358094885e-05,9.630431189881024e-06,1
0.1130302147779967,0.88653414698201,5.507409885328888e-06,1.2634520880049158e-07,0.000400146701649632,1.1123651575874915e-05,1.8734131673393855e-05,1
0.10894212159684874,0.8902110505991528,6.550884315884898e-06,1.3528921004841326e-07,0.0008251966205895688,4.75601263715137e-06,1.0188997245650929e-05,1
0.1628893231409493,0.8369821154003707,8.061521454593343e-06,1.5080565570049736e-07,0.00011006895074692982,5.156971580533826e-06,5.1232092421907796e-06,1
0.07313366758569116,0.9257486806419845,8.179147834521999e-06,1.0411136141347421e-07,0.0011022714078105734,3.5602068737147625e-06,3.5368984441133023e-06,1
0.08455832148012676,0.9142207508682041,8.659924408632589e-06,1.1023110697609793e-07,0.0012046631947864068,3.749501323294119e-06,3.7448000435636377e-06,1
0.127847442948813,0.8694361352028109,8.314672491912092e-06,1.1891468638407346e-07,0.0026999539952034216,4.086477258774893e-06,3.947788735495582e-06,0
0.08665658660739296,0.9097713888499569,1.007353171821747e-05,1.283104316590204e-07,0.0035530543449064844,4.409359995658222e-06,4.35899559795365e-06,0
0.2894852093599248,0.70215106176928,2.205546406414138e-05,2.2458907813240106e-07,0.008292342735066785,4.165534690207361e-05,7.450735684156032e-06,1
0.10210411438319582,0.8936956109229742,1.7601629463741398e-05,1.2506932961708634e-07,0.0041603867114108324,1.7909957783624412e-05,4.251325841835582e-06,1
0.0844430175940423,0.9136250515193367,2.8442996141921943e-05,1.3807103868944765e-07,0.0018771191693955488,2.1537373311166824e-05,4.693276733685622e-06,1
0.08359600390853565,0.9156032094250398,2.6476134197702994e-05,1.3996911168657598e-07,0.0007347303524784013,2.289219349616592e-05,1.654801714051269e-05,1
0.18687023911785505,0.8120562921311398,3.175943924241555e-05,2.0662552015403855e-07,0.0009945574139290435,3.668340599526306e-05,1.0261866318148768e-05,1
0.18413174251211256,0.8132218618246084,3.4781102051048714e-05,1.8561749172246428e-07,0.0025447463819801503,5.250342230806777e-05,1.4179139447939001e-05,1
0.17856963278600826,0.8184213388579105,3.133447406092467e-05,1.8162536524824989e-07,0.0029244203708358083,4.23311855727546e-05,1.0760700246394376e-05,1
0.2363457875377389,0.7602592796038222,3.28270201678699e-05,1.9458458529651563e-07,0.003303785225612616,4.535157398596709e-05,1.2774454086916375e-05,1
0.17924771522523983,0.8022392790016285,3.3438954553907184e-05,2.5521643397768546e-07,0.018394827228398865,7.632922292859646e-05,8.155150816546466e-06,1
0.09295831615685898,0.9027889546593968,3.0051444454707512e-05,1.7577887158985197e-07,0.004144425414048178,7.367268712274978e-05,4.403859246693064e-06,1
0.06570096293538735,0.9280743563405126,2.6634895237470394e-05,1.5814363081851742e-07,0.006155568209532871,3.8357439280290907e-05,3.962036418749823e-06,1
0.06916403232073527,0.9241571135598051,2.4649235470935445e-05,1.5779747318686583e-07,0.006611820243124451,3.82734793998407e-05,3.953363991437175e-06,1
0.04107216787080697,0.9587120429129229,1.8618544147487286e-05,1.3323227747069876e-07,0.0001455287353973044,4.851342025611377e-05,2.9952841915150527e-06,1
0.04398779059678908,0.9558211355511965,1.8197941609020477e-05,1.1626206215839719e-07,0.00013445756492758845,3.577930123727461e-05,2.522782178155865e-06,1
0.028441772359461992,0.9713138224449734,2.6794393225664657e-05,1.4553274646693884e-07,0.00017531827262207183,3.924681213994489e-05,2.9001848303657984e-06,1
0.05900548713489463,0.940725997856716,2.3922225551326692e-05,1.5017168006291073e-07,0.0001971530195736448,4.329676192144441e-05,3.992829663095911e-06,1
0.07507529648413153,0.9246462079605237,2.4328754960224353e-05,1.5708691272823357e-07,0.0002194492739050179,2.9801829505384914e-05,4.758610061231435e-06,0
0.1018001273491667,0.897907541710736,2.177466341619365e-05,1.7900456641921476e-07,0.0002390536205007266,2.7839516635870494e-05,3.484134978045345e-06,0
0.16381436733603064,0.8358786917283606,2.6800795722707314e-05,2.0671104389508965e-07,0.00024313957857457434,3.2148540455992396e-05,4.645309811410651e-06,0
0.14686008420399854,0.8528771467289695,2.528339355292319e-05,1.7523697780325619e-07,0.00020611886104832285,2.725356596405659e-05,3.938009488861923e-06,1
0.2539412273710068,0.7458334309005792,2.1360692601764357e-05,1.5324316858168176e-07,0.00018024909906261494,2.0683492342299957e-05,2.895201238868833e-06,1
0.27627352233409375,0.7235140681825482,1.9451987923546776e-05,1.449616033383018e-07,0.00017050807968952726,1.9565715328948758e-05,2.738738812684878e-06,1
0.5438791945170711,0.45596740439226424,1.419081171407218e-05,6.972879727763824e-08,0.00011880647473022075,1.877289290350716e-05,1.5611825196842861e-06,0
0.26242678694926885,0.7373623280662471,2.033983263423278e-05,1.044508725667962e-07,0.00015787245944374047,3.054273599129014e-05,2.0255055421880455e-06,0
0.24477478146061735,0.7549828172110463,2.1429965536292237e-05,1.1009289425815943e-07,0.00018758029924966895,3.114605534136991e-05,2.1349153146884446e-06,1
0.14584003255594272,0.8538099675286105,3.2397786688815506e-05,1.4316504231357985e-07,0.00025715116424521563,5.757583397156337e-05,2.731965499038832e-06,1
0.0486678853908816,0.9509195591133002,4.099396013613648e-05,1.8128208867442131e-07,0.00031302493872904926,5.493861251563145e-05,3.4167023485983067e-06,1
0.04011376756703924,0.9595542094412323,2.641381035561488e-05,1.700485433863418e-07,0.00025679618882923247,4.62619547435175e-05,2.3809892568513716e-06,1
0.036183074265092714,0.937181767894568,5.5004155643186596e-05,4.002003067851948e-07,0.0264605447803299,0.00011105806651205538,8.150637547282321e-06,1
0.02144021124191076,0.9658110874729249,5.110314695828348e-05,3.028473661914744e-07,0.012600440821375425,9.26802393357474e-05,4.174230128567151e-06,1
0.106082412194287,0.8874101445802708,3.694546465222677e-05,4.1589557597796455e-07,0.006414949485919128,5.21782938825123e-05,2.9540854124802853e-06,1
0.08900066406778823,0.9049540055734046,3.2813797126092265e-05,2.911224875874106e-07,0.005960863305816336,4.875793324211917e-05,2.604200135003189e-06,1
0.06886346113264384,0.923844192403148,3.215385417268503e-05,2.877055448685664e-07,0.007205503589730437,5.164301984664183e-05,2.7582949135428054e-06,1
0.060790390315603154,0.9328584756933423,2.9847735991399035e-05,2.9012135781417877e-07,0.0062687172033113435,4.949747456243329e-05,2.781455831637024e-06,1
0.05929557725541108,0.934376686990383,2.7622739614189396e-05,2.6929178559863054e-07,0.006251076503464415,4.618546109709753e-05,2.5817582445791657e-06,1
0.08275538118234395,0.9140393742056411,4.157193106230745e-05,5.359633280796568e-07,0.0030914401454595103,6.837162991187311e-05,3.3249422531829676e-06,1
0.10655937161795821,0.8913847974484826,3.5158161353523503e-05,9.611860398983622e-07,0.0019124712409624189,0.00010420086124276006,3.0394839602467163e-06,1
0.9875674408191942,0.010467261654926726,1.4791148285471854e-05,2.2820277127388935e-08,8.516220549147487e-06,4.72715201600332e-06,0.0019372401847512247,0
0.8268102284657705,0.17173813431250431,2.224327885350177e-05,2.2645398541819054e-07,1.089776916454278e-05,7.675607825638043e-06,0.0014105941118960838,1
0.8028867363043786,0.19520007532983594,1.8571098084400484e-05,2.352572385408538e-07,9.950287230294602e-06,8.093596255233608e-06,0.0018763381269768999,1
0.8304306600159,0.16761800267207574,1.6486235544616236e-05,2.397600720374751e-07,1.0136134777800024e-05,8.126614693081739e-06,0.0019163485669369369,1
0.5090668813148047,0.4904736463629846,1.3961144922550801e-05,2.2721752404397044e-07,9.42334512073092e-06,7.66067195479848e-06,0.0004281999426885672,1
0.4070858933824831,0.5928440977293943,1.2497680597339174e-05,2.962811766099414e-07,9.139754903802404e-06,7.872727150227284e-06,4.020244429470674e-05,1
0.25294305377974086,0.7470040553416938,1.204925229891606e-05,2.336958860897681e-07,1.3645586390504745e-05,7.378406744862967e-06,1.9583937244788807e-05,1
0.2070779140404923,0.7928813917736963,1.0198261912909532e-05,1.9054471078099444e-07,1.0982555926773106e-05,6.458470892016615e-06,1.2864352369068515e-05,1
0.1333372767175526,0.8666318806615533,9.041698563661571e-06,1.6893543747890506e-07,9.921430894005591e-06,5.695682907872098e-06,6.014873091064499e-06,1
0.09966394262677061,0.8996067012374781,6.0587623401342595e-06,1.8030857613175404e-07,0.0007137808336665009,4.343816293946065e-06,4.992414874722207e-06,1
0.305051272647629,0.6885917519367366,1.546275111079116e-05,2.889066258000839e-07,0.006321610888765953,9.792426279337528e-06,9.820442852790538e-06,1
0.3167539411474315,0.6764103827563004,1.5630075165460523e-05,2.920329147575501e-07,0.006799981344987287,9.84593230374383e-06,9.926710896879466e-06,1
0.0502858819200473,0.9486666659354137,7.282665760544125e-06,1.3650907840875733e-07,0.001030657345852923,4.7381016740967984e-06,4.637522173144763e-06,1
0.03883456651333084,0.9611439197934136,4.650572065011056e-06,9.833344818116924e-08,1.001111661312177e-05,3.4130614672512457e-06,3.3406096621387715e-06,1
0.023252075516954813,0.9767312819852852,3.3200005365300116e-06,6.784364995024557e-08,4.058767957258196e-06,2.4092810750972483e-06,6.786604541105876e-06,1
0.1487728438326916,0.8511978502211573,7.642387785009604e-06,1.415319898349545e-07,1.0091540340729912e-05,4.774356283880064e-06,6.656129751528163e-06,1
0.26566013010534295,0.7342879783250664,6.151646922674958e-06,1.2827883569085264e-07,3.216097333320159e-05,4.327282234805282e-06,9.123388264137789e-06,1
0.22263095463545982,0.7757370406593039,4.939567623710675e-06,1.1191895700038843e-07,0.0016069301748810108,3.474663532283476e-06,1.654838024242721e-05,1
0.24994825988062414,0.7473202833159014,6.386058363634874e-06,1.3297076584962858e-07,0.002707793455621098,3.6531756801158964e-06,1.3491143043559211e-05,1
0.24914659099268188,0.7334793006461194,1.0405048698876196e-05,2.3575387293547499e-07,0.017350583496967116,6.4769899578901764e-06,6.4070717018253825e-06,1
0.24855347031958802,0.7415977719543759,9.192689284103523e-06,2.3231409221759643e-07,0.0098266366466576,6.3824870558184825e-06,6.313588946171836e-06,1
0.21256585357970145,0.7789210431681839,7.898083227874878e-06,2.0970621086531293e-07,0.008489858187265484,5.483641664562627e-06,9.653633745885537e-06,1
0.10363772453202254,0.8921341370428274,4.461856029114626e-06,1.0577950531863177e-07,0.004208981362568367,9.138283713304221e-06,5.451143333944744e-06,1
0.06129598799053986,0.936072059669436,3.797944872402216e-06,8.50806373294379e-08,0.0026170687592210955,8.362300634828693e-06,2.638254658464786e-06,1
0.4417282670875996,0.5579717385150338,1.2093277315164463e-05,2.3729495628368127e-07,0.0002335236768992581,3.297887623850851e-05,2.116127195729325e-05,1
0.7251463362731284,0.27343880308970947,8.811743603067853e-06,2.2498671131142226e-07,0.0013797848735736125,2.1523827524203137e-05,4.515205749910898e-06,0
0.44954341872551956,0.5485012699735179,1.1552862179407276e-05,2.8756716529034507e-07,0.0019017641255475268,2.971907161844579e-05,1.1987674451654193e-05,1
0.13813195792318,0.861317046782557,5.887639680555884e-06,1.4867701864491232e-07,0.0005128854424882632,1.1784213554324018e-05,2.028932152103586e-05,1
0.1073486937667066,0.8923079129545375,4.525929888528205e-06,1.128158993812071e-07,0.00031421772956552544,9.141296577714169e-06,1.539550682474267e-05,1
0.12713117947087516,0.8718530191074907,7.728640901500337e-06,1.5804612806862886e-07,0.0009975742772269749,5.612574583286631e-06,4.727882794416846e-06,1
0.09395300171989045,0.905109017240727,6.319128526532664e-06,1.4087626045550884e-07,0.000922417098644222,4.8896824539833855e-06,4.2142534973091355e-06,1
0.12990721087849982,0.8691538549812031,6.2848395441948225e-06,1.4011183485690012e-07,0.0009233421155187244,4.975687368905461e-06,4.19138603020039e-06,1
0.11096029352270112,0.8889324121431165,6.315905246779722e-06,1.2906445645617124e-07,9.240508604443299e-05,4.583370037366934e-06,3.860908397483325e-06,1
0.0964371767644323,0.9035152235998103,6.496337976899019e-06,1.217698490383607e-07,3.311231772622497e-05,4.2265168903679166e-06,3.642693314810018e-06,1
0.12130600910317928,0.8785898137701769,6.875579377122055e-06,1.2862041763802675e-07,8.833910664514834e-05,4.464293680959087e-06,4.369526522839842e-06,1
0.14823240364608356,0.8516324488639347,8.026540171488837e-06,1.5015126615808487e-07,0.00011673522641198191,5.134593982975272e-06,5.100978149224752e-06,1
0.14867206326564533,0.8502776370534378,9.365778071566487e-06,1.7520418585788804e-07,0.0010288153089827092,5.991307176529954e-06,5.952082500409052e-06,1
0.09302956219940886,0.9061396517035566,6.466908154420785e-06,1.2097546723350068e-07,0.0008158894585026801,4.19894464533225e-06,4.1098102649407105e-06,1
0.11172987661651404,0.8871221103525497,8.451251030324245e-06,1.0985495171956684e-07,0.001131983197319899,3.736706435618418e-06,3.7320211986469325e-06,1
0.12758118430173465,0.8713906376513642,8.66756764455386e-06,1.2590318386222047e-07,0.001010878144281671,4.326635450213208e-06,4.179796340789685e-06,1
0.11613700996455227,0.8833418558403633,7.68258977831509e-06,1.1159561171754867e-07,0.000505800244375229,3.834958854366649e-06,3.704806464748683e-06,0
0.1369465236316896,0.8623029026871147,8.535087920959472e-06,1.239788124951045e-07,0.0007335381995087103,4.260504847944638e-06,4.115910105733119e-06,0
0.09038580535655101,0.9055794036427213,9.078236922738686e-06,1.2750030363824693e-07,0.0040168722696617915,4.381520122937249e-06,4.3314737166017524e-06,0
0.08860538200262243,0.9072771734953337,1.6092261521828757e-05,1.2825367289675305e-07,0.004085162766253874,1.1803391554009333e-05,4.257829041506426e-06,0
0.09569504047173881,0.9000309590717375,1.694411590316038e-05,1.3088823810377053e-07,0.004239530510195623,1.3049649542851134e-05,4.3452926438877145e-06,1
0.10975099925181821,0.8860480549567955,2.1942641168249615e-05,1.4224693786157865e-07,0.00415154817934606,2.2922513903285142e-05,4.390210030785444e-06,1
0.2795328431543125,0.7113837945903446,2.494134122610419e-05,2.528366391649667e-07,0.009000691269894511,5.056210065315335e-05,6.914706930071237e-06,0
0.32193109586744467,0.6673673593988783,1.7653726620033448e-05,2.1346321067345917e-07,0.010632373808119554,4.422210034973746e-05,7.0816353771292615e-06,0
0.3393863831260187,0.6521482173452104,1.8797371004119553e-05,2.1831038450971242e-07,0.008404025442619777,3.5685927714651344e-05,6.672477047820953e-06,1
0.08414006593208284,0.9123031192188619,1.0018320633702338e-05,1.30065969995629e-07,0.003533927312209434,5.858230263967009e-06,6.8809199783633575e-06,1
0.07773708650908592,0.9181233795553174,9.054571876674764e-06,1.268424210853054e-07,0.004115786647823585,5.869348932444777e-06,8.696524542941436e-06,1
0.062336549472790395,0.9356467911002722,8.795425738381863e-06,1.2321213088012674e-07,0.0019937393471183406,5.701365384370585e-06,8.300076565592965e-06,1
0.09602760977255263,0.9004273813110295,1.7399382807321043e-05,1.6427573261449788e-07,0.0035161864123938267,6.427769409585267e-06,4.831076074379177e-06,1
0.1136788909160862,0.8855200106132131,3.367534355291453e-05,1.5494291108791565e-07,0.0007152975554676063,3.365231612468719e-05,1.8318312644758088e-05,1
0.1049341322191858,0.8936779301377427,3.530051858156032e-05,1.8976664711173513e-07,0.0013015149829014119,4.0038926449562044e-05,1.0893448491928727e-05,1
0.1769305351193961,0.821141505344049,5.4153300214656494e-05,2.0538155327669935e-07,0.0018106886397128968,5.1806999229283516e-05,1.1105215844735471e-05,1
0.13355500749193075,0.8604980687731354,3.618902110551284e-05,1.8384898029908103e-07,0.005842771984863465,5.373483540218079e-05,1.4044044582391964e-05,1
0.13394660598386832,0.8584467312834224,2.4702398821857407e-05,2.7172386308199934e-07,0.007520222399212786,5.508129563635739e-05,6.384915175157788e-06,1
0.1322175178137458,0.8379472708543035,2.2269964536959837e-05,1.6902339781530082e-07,0.029758016841973472,4.847549301346515e-05,6.280009028983755e-06,1
0.08677286206255563,0.9011292042916486,2.4661616701272385e-05,1.5854505830051468e-07,0.012032107052550952,3.6448611368978e-05,4.557820116321291e-06,1
0.07701257326677312,0.918113794420252,2.7068191449101254e-05,1.6578383136599922e-07,0.0047992415853729846,4.300330286433205e-05,4.1534494567520515e-06,1
0.0694340545466759,0.9266739493506974,2.780631232549881e-05,1.6181919293014505e-07,0.0038152911643743654,4.522543631333625e-05,3.5113704206086662e-06,1
0.04072413533993955,0.959077318982808,1.8235333012523777e-05,1.1650094641089613e-07,0.0001418084300832757,3.585744745884865e-05,2.5279657515731878e-06,1
0.07442162543986718,0.9253275205706913,2.3980388812823464e-05,1.5286694103246456e-07,0.0001729352906072813,4.829874455122671e-05,5.486698529063195e-06,1
0.08851799501926218,0.9111963472985363,2.5268379469286352e-05,1.7713777588981408e-07,0.00021498788350148061,4.0104958462532005e-05,5.1193229923556656e-06,1
0.07027614639419932,0.9294743265432744,2.4956791114569873e-05,1.4401870393045973e-07,0.000191667122743692,2.9595600711936974e-05,3.163529251940602e-06,1
0.09804254214687086,0.9015906884393706,2.7662735124419143e-05,2.2740906769808665e-07,0.00029840124270975795,3.536758111802618e-05,5.110445738534462e-06,0
0.1532490097130776,0.8336037182684399,3.650475256125862e-05,3.5704984471493244e-07,0.013027410387103304,7.605015240844846e-05,6.949676564785417e-06,1
0.46568285886670213,0.5341233253773109,1.5799255720542488e-05,1.5468286764371696e-07,0.00015015384642447756,2.5405474654983688e-05,2.302496319351522e-06,0
0.5361823667269975,0.4636133040435557,1.4044596277681215e-05,6.874201464269762e-08,0.00017016957793730992,1.8507224120335393e-05,1.5390890968727136e-06,0
0.03215866584158442,0.9675010322664339,2.9797305680448144e-05,1.4251189889608312e-07,0.00026445349611693757,4.318907648057939e-05,2.7195018050134632e-06,1
0.02458612731605398,0.9581895448990558,5.247948225833425e-05,3.6147766028217363e-07,0.017056716453207586,0.00010976496959062429,5.0054021734656535e-06,1
0.05345815381556875,0.9411098410922536,3.47294299007018e-05,8.404437707855867e-85,0.005331214693909027,6.27893614671633e-05,3.2716069008542795e-06,1
0.05298136028657109,0.9404729901208241,3.448632484708862e-05,8.370684620641887e-85,0.0064458778472641825,6.205222186689167e-05,3.2331986267965334e-06,1
0.10849478204324436,0.88607093870761,3.7924041564534026e-05,4.339667391004306e-07,0.005333972691748289,5.864568719426677e-05,3.302861899053131e-06,1
0.07396120934849298,0.921386600779999,2.9490628993259242e-05,2.8440586168928414e-07,0.004577234960872953,4.245321563874722e-05,2.7266601414918363e-06,1
0.08728279163262546,0.9099181792842775,2.8451948929791897e-05,3.360552714028964e-07,0.00271770599068887,4.993882817530661e-05,2.596260031722417e-06,1
0.07805174670989788,0.919206814707359,3.405081272540984e-05,3.089299577077122e-07,0.0026561354401669316,4.823299982088391e-05,2.710400072228451e-06,1
0.9802108579380548,0.017265733147078872,2.1863447008306398e-05,1.749746862112985e-07,1.049836852039371e-05,6.019685526546738e-06,0.0024848524391250545,0
0.9336470403177047,0.0608034238396948,3.1106529101657856e-05,2.1641516668937589e-07,1.3759193818975672e-05,7.445369135320859e-06,0.005497008335377682,0
0.7932119655232692,0.20547115985599954,2.016151128603926e-05,2.3778552326550864e-07,1.0057221917474963e-05,8.059687798515403e-06,0.0012783584142059931,1
0.8056478002710122,0.19299033154507406,1.870406443441359e-05,2.3694164600996388e-07,9.989752057798554e-06,8.031084765300617e-06,0.0013249063410100256,1
0.6411188310999246,0.3572946332388352,1.4338948620482155e-05,2.6790945762382564e-07,1.1110953219473474e-05,9.080731901019113e-06,0.0015517371180417312,1
0.3688118786558033,0.6311553719604951,1.042318118085833e-05,3.101935431654864e-07,7.0986690160573074e-06,7.362445403042627e-06,7.554894558366568e-06,1
0.36007353511795703,0.6398846496924742,1.1837025060223511e-05,3.5226949241872653e-07,7.911743189835195e-06,8.361118283196373e-06,1.335303354314895e-05,1
0.15132560379288879,0.8486424096279496,9.377056763626797e-06,1.752012827539239e-07,1.0289418521802122e-05,5.906936794971734e-06,6.237965798550403e-06,0
0.21501806326608758,0.783894692892359,9.506753994672597e-06,1.4487710852512882e-07,0.001051593248080982,5.988637627715127e-06,2.0010324741587526e-05,1
0.12502226340355704,0.874328809731373,7.939094057554944e-06,1.2714630955671812e-07,0.0006307795626248996,5.001113674518774e-06,5.079948403407312e-06,1
0.1181630610853074,0.8812982814160065,7.197517117231342e-06,1.9204230848602785e-07,0.000522128531622956,4.533968361706803e-06,4.60543927595647e-06,1
0.4960140558399048,0.5036868407185283,1.34577042696515e-05,3.925231799064852e-07,0.0002649286836635392,9.456281122110409e-06,1.0868249331670514e-05,1
0.3666311561873826,0.6269658525840636,1.5551227455516272e-05,2.905597211667822e-07,0.006367276629598761,9.996177315278687e-06,9.876634463259543e-06,1
0.05569854636152743,0.9417036781848301,8.098870721875614e-06,1.5180833704941374e-07,0.0025790983774409393,5.26912454688094e-06,5.157272595649769e-06,1
0.04249274511918609,0.9574937430006378,3.349848334604492e-06,7.46802513179987e-08,4.467769810612697e-06,2.652064214055595e-06,2.9675175655449938e-06,1
0.08282376698521668,0.917147156592044,8.84254811777304e-06,1.864466423587457e-07,9.442476615784376e-06,5.656595916751641e-06,4.948355446584326e-06,1
0.09915906566367103,0.9008167068185263,7.085102265850247e-06,1.493905954077869e-07,8.601940617324503e-06,4.42620859821398e-06,3.964875725850915e-06,1
0.2036304018397038,0.7963354130188979,6.643856595626953e-06,1.2303984966604094e-07,1.621769301645516e-05,4.1505533844733695e-06,7.049998552285376e-06,1
0.1559221041821871,0.8410184309754621,5.753097229461438e-06,1.1996797337170224e-07,0.0030440313606226116,4.0469285297229975e-06,5.513487995638634e-06,1
0.7200022994172799,0.2785866030903463,8.4055339305361e-06,2.1461512284464134e-07,0.0013763664149373735,2.1803867618992748e-05,4.3070607638894895e-06,0
0.5541572004662003,0.4438232399468593,1.0338370477941267e-05,2.573367400991094e-07,0.001969124082327602,2.911232417424439e-05,1.0727473220537536e-05,0
0.3192746626124289,0.6799534076600755,1.2149408547247104e-05,3.0145116904964904e-07,0.00070486837230398,2.9869388710112422e-05,2.474110676531429e-05,0
0.19142724138097103,0.8077181341536606,5.690304185681167e-06,1.436938242507844e-07,0.0008184496564049227,1.0731524815304588e-05,1.9609286138393722e-05,1
0.1109509649626624,0.8883290099741262,5.597472560505636e-06,1.2708000793280302e-07,0.000703923946423498,3.5721282610774967e-06,6.804435958508934e-06,1
0.11955235609077522,0.8793584368160821,5.558528196001722e-06,1.2619584993174115e-07,0.0010744290423432413,3.547275211142837e-06,5.5460515427043375e-06,1
0.09909150399523642,0.9008204933917953,6.684697028006461e-06,1.517650856966517e-07,7.222096913973336e-05,4.820715631869383e-06,4.12446608324612e-06,1
0.16691970014065977,0.831818822997407,9.830640178221116e-06,2.2658911949182764e-07,0.001238428293776303,6.9775888158041355e-06,6.013750043386273e-06,1
0.1165002406501987,0.8834455986057235,6.932276664505977e-06,1.2968104516950843e-07,3.87183259165332e-05,4.501107064662834e-06,3.8793533869597686e-06,1
0.14156662651777288,0.8577591796648012,7.267227315569514e-06,1.7384183987108752e-07,0.0006574754743554003,4.624222287361416e-06,4.65305162789585e-06,1
0.13078096125264346,0.867971981100068,9.454566341381347e-06,1.2289670786433152e-07,0.0012291247844704806,4.180320613724038e-06,4.175079154960944e-06,1
0.12336145875351326,0.8754242710687995,9.401706664259878e-06,1.222096028123984e-07,0.0011964375759817784,4.156948796347442e-06,4.15173664213496e-06,1
0.13417471691028954,0.8640355652021603,8.574687970962345e-06,1.2550326591906324e-07,0.001772485084030518,4.268982454683131e-06,4.2636298280393425e-06,1
0.16150100270269319,0.8330825412343053,9.34942479087504e-06,1.4608324335599287e-07,0.005398378578565234,4.073365320820715e-06,4.508611081211739e-06,1
0.10705919269700956,0.8892100779340519,1.0391528285953615e-05,1.2943556238417568e-07,0.0037114633142274196,4.44802486760386e-06,4.297065994879686e-06,0
0.2373403579062958,0.7539188292703777,2.2953599856979978e-05,2.2146974106848568e-07,0.008689206310964072,2.2191693697583495e-05,6.23974906690682e-06,0
0.337502390233968,0.6547826063203047,1.7687617698968067e-05,2.1387301075013882e-07,0.0076531971140842495,3.680961045137836e-05,7.095230481931674e-06,0
0.1391108729858308,0.856224627892785,1.6814722452651158e-05,1.390174263047222e-07,0.004621667268840849,2.0871458197073765e-05,5.006654467425258e-06,1
0.08552018091513926,0.9125911258177233,1.031203857639394e-05,1.5386076864018807e-07,0.0018676661967280928,6.0363817582357975e-06,4.524789305962303e-06,1
0.06729935757720416,0.9295820944829374,1.7610256230708264e-05,1.4355938736956389e-07,0.003089421645082161,6.492643828194437e-06,4.879835329979519e-06,1
0.06734654211890506,0.9296745516677273,1.6285787298102048e-05,1.4049650978642516e-07,0.0029513500852589593,6.3541215511002334e-06,4.7757227497055e-06,1
0.0648556207780039,0.9330037086883035,3.4487472150261065e-05,1.3800717280685898e-07,0.0020712415498807747,2.4977107812795792e-05,9.826396675880212e-06,1
0.13428378344633604,0.8604032615029221,2.3451452616224817e-05,1.7305256808486492e-07,0.005219733659564851,6.406718804204802e-05,5.529697950587859e-06,1
0.06327357666001107,0.9330226670551982,2.868191978390844e-05,1.6292782922644267e-07,0.003625840730663833,4.553527941232207e-05,3.535427101571802e-06,1
0.053189231577990645,0.946593704869663,2.4754428190159494e-05,1.4769147075606127e-07,0.00014335133153187978,4.510996853660687e-05,3.7001326169674002e-06,1
0.049922245696129804,0.9498867499337558,2.2431369351491926e-05,1.338314868412613e-07,0.00011596464942948986,4.957049695537521e-05,2.9040228911409355e-06,1
0.026619862304814713,0.9731772651939716,1.8008422615624704e-05,1.4113170846848907e-07,0.00014738062938972002,3.453148864361268e-05,2.8108288562393778e-06,1
0.0684039517247208,0.9313433747527716,2.309548789575637e-05,1.7007256804976198e-07,0.00019609029214670757,3.023705038942157e-05,3.0806195073848184e-06,1
0.06661851406654105,0.9331261413083662,2.4606179950632772e-05,1.4943067315442564e-07,0.0001962691047532968,3.0707751257987754e-05,3.612158457948115e-06,1
0.05484289801132258,0.9448933811164655,2.4308474756518453e-05,1.513150770820965e-07,0.0002049980606303908,3.1094993086315e-05,3.168028661856879e-06,1
0.12334263774430894,0.8762005292510509,2.6807590385755318e-05,2.177770298497472e-07,0.0003910440797631149,3.3869567501500935e-05,4.893989960083271e-06,0
0.15044507406291685,0.8365058170198483,3.664551195869508e-05,3.5829287408947766e-07,0.012921531171871163,8.252212053171247e-05,8.051819999162016e-06,0
0.19616485181961962,0.792202289130236,3.206720311543433e-05,3.547102826729846e-07,0.011528897057613974,6.496875469314902e-05,6.571324439244925e-06,1
0.1627079851977387,0.8231141257334649,3.656343664179704e-05,3.5255693363061594e-07,0.014061458711877684,7.265213753441538e-05,6.8622258087284625e-06,1
0.3244053441767457,0.664278870634284,3.25918654972409e-05,2.976075864740939e-07,0.01122298356336097,5.322409677580659e-05,6.68805574982219e-06,1
0.3906718546179464,0.5978476102924178,2.9895458987752557e-05,2.7560705597388114e-07,0.011388362043539293,5.679491686596319e-05,5.207063186627592e-06,1
0.5219209557222032,0.4714303376524845,2.2057627896295497e-05,2.2095755725149032e-07,0.006571853349957379,5.113329413317081e-05,3.4413957682951665e-06,1
0.6999013526928132,0.2999875502660855,1.3338106276688164e-05,6.793896907464799e-08,8.408239144923254e-05,1.2325043192597324e-05,1.2835612135463552e-06,0
0.7482373367501859,0.2516449395203822,1.1256730930506886e-05,5.812752832541984e-08,9.61590866443512e-05,9.151589260444446e-06,1.0981950685158046e-06,0
0.7810718954086429,0.2188473325032228,8.509297559752303e-06,4.310967339302743e-08,6.378456860793854e-05,7.604953992848811e-06,8.301583003399329e-07,0
0.6395299410193684,0.360357004921044,1.091657337226664e-05,5.343174212824965e-08,8.930076770795984e-05,1.1586984734172194e-05,1.196302031064188e-06,0
0.3190332763708728,0.6807409348330884,2.1073467209337302e-05,1.0153918162474342e-07,0.00017353505485963715,2.9164981681981006e-05,1.9137531063815584e-06,0
0.0676872849051228,0.9319791831776535,3.251173875583672e-05,1.4366859376459437e-07,0.0002455361260708684,5.263259934807469e-05,2.7077844552911263e-06,1
0.03487309084746568,0.9648362419005713,2.1860978061447744e-05,1.7597528164444744e-07,0.00021847637523763006,4.787433254819076e-05,2.279590834424861e-06,1
0.020003892301811103,0.9796252490469711,3.0971843024132096e-05,2.4486385326673955e-07,0.00026104981160115235,7.564327463394352e-05,2.9488581055842764e-06,1
0.029139913183913322,0.9566061227233209,3.6185161811582925e-05,3.299270956417685e-07,0.014136828689865839,7.664700753531025e-05,3.973306457477535e-06,1
0.018921704770517543,0.970009328317942,4.4370644619224356e-05,7.575754392790162e-85,0.010940143995887717,8.022027575728284e-05,4.2319952762084875e-06,1
0.06465668636960654,0.9293247039914496,4.024199380844363e-05,5.371109517825022e-85,0.005912753717816111,6.236445970307701e-05,3.249467616251157e-06,1
0.0965097177321461,0.8974869056661628,4.072125804761082e-05,5.757291534251739e-07,0.005901010190201707,5.7813433992373265e-05,3.2559902956598e-06,1
0.09687746162038559,0.897026288389726,4.0700358673083394e-05,4.105187812061931e-07,0.005994101030811525,5.7783762399017526e-05,3.2543192234997235e-06,1
0.0958549064507879,0.8981972807055538,4.13920787835193e-05,4.142580777330725e-07,0.005843931056710526,5.876582230736138e-05,3.3096277791504052e-06,1
0.12292511845847945,0.873119183124844,3.343237329321389e-05,3.764240563506756e-07,0.003876910257829943,4.199532252277281e-05,2.984038974222859e-06,0
0.03453953951148097,0.9613056228950364,3.309568792631397e-05,2.739660918830643e-07,0.0040701050387229225,4.8736328917636084e-05,2.6265718238745695e-06,1
0.045850148301562754,0.9490974321362091,3.4499910105859554e-05,2.855902425434814e-07,0.004964091876496069,5.080417032852152e-05,2.7380150553754816e-06,1
0.09359512688929887,0.9023317119761776,4.329183355928576e-05,3.6689306112492964e-07,0.00396365268429364,6.259546038591222e-05,3.2542632237327216e-06,1
0.09058199249654657,0.903385894599336,3.371531905497096e-05,2.953978676661091e-07,0.005945084373554329,5.039769753857707e-05,2.620116101862046e-06,1
0.09520642926149116,0.9026558720518574,3.843149058356145e-05,9.88009661146837e-07,0.0019248114985974062,0.0001704085915202227,3.0590962892289742e-06,1
0.11674652225301606,0.88112435003251,3.7710953379626116e-05,2.8194030764480496e-84,0.001920384962402931,0.00016801565921707143,3.0161394742958636e-06,1
0.9798200179459986,0.017903587932356597,2.3951265758449818e-05,1.6663436422767473e-07,1.0565824200008992e-05,5.7325175993141516e-06,0.0022359778797231803,0
0.776047734946616,0.2225478481416651,1.9725238456671277e-05,2.3264010725249265e-07,1.1220511154222318e-05,7.885285059068203e-06,0.0013653532369418164,1
0.5106638426138347,0.4878081258297934,1.2811538988744258e-05,2.3937127837239966e-07,1.1315497072237303e-05,8.113436617665224e-06,0.0014955517124147822,1
0.3145943189315131,0.6853783059851152,8.352425764637917e-06,2.485679272962978e-07,5.796098618314689e-06,5.988253226252991e-06,6.989737835263884e-06,1
0.3544327460621954,0.6455284290575484,9.850345269224212e-06,2.931459645041333e-07,6.949037087250544e-06,7.062183310610348e-06,1.4670168624630142e-05,1
0.21408574557204751,0.785867256110015,1.3109841032102091e-05,2.1336255990816272e-07,1.2076697859099639e-05,7.1935498187022275e-06,1.4404866667644434e-05,1
0.18583230857724908,0.8141260997387221,1.4612089073589277e-05,1.8510481766574382e-07,1.0296363084949987e-05,6.240835918604754e-06,1.0257291133939637e-05,1
0.30615948904401374,0.6938068539223704,1.0144467062759104e-05,1.895396057688899e-07,1.0489887914474699e-05,6.390355446159638e-06,6.4427835867005944e-06,0
0.2614846494419374,0.7384805801418965,9.796317432119426e-06,1.830347649200024e-07,1.2398347541531309e-05,6.171043788437952e-06,6.221672639016061e-06,0
0.3080169335425877,0.6919352589030887,9.75032294134661e-06,1.3982772347306674e-07,2.2065392062476085e-05,6.1420702462316405e-06,9.709941350143173e-06,1
0.3757065369390172,0.6241372209737357,1.0556707342000998e-05,1.6087775450086996e-07,0.00012606584751786935,6.650040050316981e-06,1.2808614582488947e-05,1
0.2261103483513828,0.7732749719245526,7.62424136464593e-06,1.1618876897693671e-07,0.0005839860391129534,4.802776925193086e-06,1.8150477892864032e-05,1
0.49612898659549715,0.5036245940613727,1.5074291952839993e-05,2.4141804809079427e-07,0.00021191170287774986,9.546418460967119e-06,9.645511790536593e-06,1
0.4159758400475477,0.5795601562866902,1.5910923858253078e-05,2.972803023416674e-07,0.004427462996144192,1.02273866543299e-05,1.0105078802958315e-05,1
0.4160300145719248,0.5781852478993436,1.3360349152835337e-05,2.449063214889925e-07,0.005754230920318452,8.4161523166496e-06,8.485200622364202e-06,1
0.3986154285378728,0.5945739889101257,1.539448139396506e-05,2.821936587358277e-07,0.006775431268884704,9.697523527664878e-06,9.777084536546345e-06,1
0.47911179248711955,0.5173531210729296,1.4553981673187371e-05,2.667865991991759e-07,0.003501854327924458,9.168063287423681e-06,9.24328046658862e-06,1
0.07635882276624388,0.909542647745829,4.382786279066111e-06,9.046290858970526e-08,0.014087884644389688,3.10873812104654e-06,3.0628562286776822e-06,1
0.10965915531112336,0.8838059113737193,5.7431183515253945e-06,1.1877869818748796e-07,0.006518429770599821,4.176260456360183e-06,6.465387051340276e-06,1
0.05718556209006004,0.9394036317739588,7.95335001580692e-06,1.4908064115782792e-07,0.003392568133946334,5.0709647814751426e-06,5.064606596243142e-06,1
0.059157208574553734,0.9377151185085272,8.282518804556368e-06,1.5525070710216375e-07,0.0031084476268368215,5.5133028778820175e-06,5.274217692883489e-06,1
0.04547096627144083,0.9535675226754384,6.403851235688745e-06,1.2003624211161627e-07,0.0009467429179547766,4.166345025041584e-06,4.077902663050152e-06,1
0.02754836215310175,0.972433076600533,3.684472445710636e-06,7.529157182588256e-08,6.836589404169127e-06,2.6737735845205234e-06,5.2911193589603416e-06,1
0.025389096998695137,0.9745946626864099,3.5434046804857864e-06,7.240887588114603e-08,4.964561048471316e-06,2.5714025477321622e-06,5.088537742594769e-06,1
0.0567852376547814,0.9431982654435462,3.904514825245639e-06,8.704577619590168e-08,5.203310296281413e-06,3.0911919009330568e-06,4.210838873551801e-06,1
0.10978901518493703,0.8901942418496711,4.24022328148683e-06,9.452993350018443e-08,6.481703916578808e-06,3.356971212180063e-06,2.5695370483488842e-06,1
0.0583292158099389,0.9416451107777865,7.823437105576367e-06,1.649585120275142e-07,8.393461522096804e-06,4.913501762078027e-06,4.378053372938667e-06,1
0.08018700484071391,0.9197864542759941,6.412070526558116e-06,1.1874732428075738e-07,1.0419727359013668e-05,4.005751876553908e-06,5.584586205431172e-06,1
0.14196103136835356,0.8579916864503674,5.82349676887495e-06,1.0784732582046855e-07,3.264081089859545e-05,3.638057787013803e-06,5.071968498807072e-06,1
0.21263420575616762,0.7849699391909937,5.600458181551486e-06,1.1661296704558239e-07,0.0023746860972709725,3.6203949254392503e-06,1.1831489493900682e-05,1
0.1715004922688209,0.8228402803749335,7.765275144028591e-06,2.012764348364157e-07,0.005630403463568747,1.538726107843934e-05,5.470080019587448e-06,1
0.17501015307986648,0.8180136761551199,8.087195624323744e-06,2.138241958585554e-07,0.006940848713264414,1.6679306920656954e-05,1.0341725008397008e-05,1
0.11902554894925235,0.8782593203937603,5.149809699626859e-06,1.2334117031083968e-07,0.002697275135589268,9.230333456178798e-06,3.3520370720904174e-06,1
0.07153898563101944,0.9259871186597752,4.168927060168601e-06,8.648585089444872e-08,0.002456159156120387,1.0104771452926392e-05,3.37636872090841e-06,1
0.06044505137846074,0.9367424617647533,4.8042165556459995e-06,8.961800689745717e-08,0.0027921501633979603,1.1238986984862686e-05,4.203871840968206e-06,1
0.44893094708013986,0.5500667187790197,1.0664776797320847e-05,2.435356230412586e-07,0.0009401238325570765,2.9584199449737626e-05,2.1717796413270546e-05,0
0.4372899818590692,0.5614111343487771,1.1079776721478984e-05,2.459447953951577e-07,0.0012373651758466526,2.7685824732646952e-05,2.2507070057549876e-05,0
0.13431489243076822,0.8645885771268066,7.5183089649589146e-06,1.7329156367778072e-07,0.001079010005253269,5.229621328311735e-06,4.599215315028909e-06,1
0.13386668967169324,0.8651367841962415,8.742483641114567e-06,2.015079012657257e-07,0.0009758852224464726,6.3488318456345135e-06,5.3480862306945025e-06,1
0.11803034491203317,0.8797131001551483,8.90484486971869e-06,1.4274257625651722e-07,0.002238587991286279,4.513847018820891e-06,4.4055070676553645e-06,1
0.14117499330208994,0.8548079660758492,1.0039525728424848e-05,1.6093124448940813e-07,0.003997431597139013,4.441698542287681e-06,4.966869406438157e-06,1
0.20171469507190626,0.7905476815691168,2.0205540536399807e-05,1.9902598026876975e-07,0.007698177928383693,1.2898265380864444e-05,6.1425986956086595e-06,0
0.1511166514967306,0.8428148313647493,1.191728427525678e-05,1.5967154484330766e-07,0.006047059932108313,4.452259674312038e-06,4.927990917345697e-06,0
0.14101959065490238,0.8539135818023492,1.950983853504477e-05,1.5279786898772995e-07,0.0050249213909918,1.3850943681553335e-05,8.39257167102388e-06,0
0.12428120657803277,0.8710824492928859,1.88097769140138e-05,1.473151007084597e-07,0.0045966916164692844,1.260399531041866e-05,8.091425286952994e-06,0
0.27927085686443365,0.7109385150505324,2.2897701515390236e-05,2.4529540040736196e-07,0.0097359949978534,2.457907055385485e-05,6.911019710521384e-06,0
0.1010327983750049,0.8963085748502295,9.279013439884544e-06,1.3073350398638573e-07,0.002638197984353719,5.888296297588324e-06,5.130747170204633e-06,1
0.08955652497436997,0.908026222255726,1.1465789334741672e-05,1.257400646160903e-07,0.0023950244864495603,5.70197864539007e-06,4.934775409810298e-06,1
0.0935776553181044,0.9048131500759472,8.839446575113483e-06,1.1410517385715092e-07,0.0015912018772060348,5.160542033392315e-06,3.878634960235495e-06,1
0.052707736629663264,0.9439300719639768,1.3550343990272767e-05,1.276294963550909e-07,0.0033384028868905066,5.772195583924087e-06,4.3383503989033205e-06,1
0.06628339658647824,0.9307392650926054,1.4657676185738546e-05,1.3186432210521716e-07,0.002951409932713652,5.9637206090292505e-06,5.17512708572969e-06,1
0.08075133541750486,0.9161919980957607,1.706807325912649e-05,1.4149149681361276e-07,0.0030282482568538397,6.399121021351338e-06,4.809544103621161e-06,1
0.07799428847613812,0.920133708227046,4.036692093413611e-05,1.3610348007644296e-07,0.0017966753722322521,2.5134050360514157e-05,9.690849808731233e-06,1
0.07840751436504574,0.9210847849943439,2.558591420219268e-05,1.5045110121836035e-07,0.00044360672427077447,2.7680992222973952e-05,1.0676558813126742e-05,1
0.15626712807190862,0.8420202500815414,4.5574728005864794e-05,1.847260862029345e-07,0.0016098497533579945,3.934609675708598e-05,1.7666542342764102e-05,1
0.17600673876282982,0.8197727433413884,5.046110162521021e-05,2.0503920245854801e-07,0.004109934775431942,4.883027497828104e-05,1.1086704543844342e-05,1
0.15932860607949087,0.8344424051338413,3.325237666978294e-05,2.1439262878849215e-07,0.006129600797360797,5.670638476445322e-05,9.2148352439919e-06,1
0.18587901578044164,0.7987008381440588,3.757576663322235e-05,4.3698058476563847e-07,0.015273567449586389,8.1486369034489e-05,2.7079509660712873e-05,1
0.1492182438323175,0.8458948415621923,2.4469545216863613e-05,2.774598793288632e-07,0.004802818127414978,5.173959417758184e-05,7.6098788015042364e-06,1
0.1147162860910892,0.8798287220333671,2.8717526574857038e-05,1.7029156800298113e-07,0.005360103265728383,6.173440806456165e-05,4.2663836080006134e-06,1
0.042159699140516954,0.9576018052832487,2.5482319976436312e-05,1.5030110925885117e-07,0.00016759568110441723,4.200587516001159e-05,3.261398884175058e-06,1
0.027529415772919945,0.9722891884315863,1.8697787530856284e-05,1.1527286830743183e-07,0.00012525569570345977,3.482572183002678e-05,2.501317561309861e-06,1
0.026619862304814713,0.9731772651939716,1.8008422615624704e-05,1.4113170846848907e-07,0.00014738062938972002,3.453148864361268e-05,2.8108288562393778e-06,1
0.039356998909520866,0.9603987169491128,2.5584308628132898e-05,1.4351444866644413e-07,0.0001788378538372827,3.6860180102332194e-05,2.8582843499623134e-06,1
0.06494719364888617,0.9348262240134826,2.4684231679727926e-05,1.384654927268776e-07,0.0001634385041425007,3.556340875289331e-05,2.7577275636609314e-06,1
0.07121278610712045,0.9285448402962913,2.1751045966885716e-05,1.4868689710352078e-07,0.00017840228544067804,3.745207869707657e-05,4.619499586403331e-06,1
0.09474245892902432,0.9049751142529991,2.3782212715079302e-05,1.7487223012303711e-07,0.00021276202834304308,4.065682474583748e-05,5.050879942432247e-06,1
0.1499169241733104,0.8277341536884808,3.998705266120385e-05,3.545357878844616e-07,0.02219359565269005,0.00010307093023088946,1.1913966838482917e-05,1
0.16375021907107884,0.8215325815888636,3.685930901992381e-05,3.678429843473302e-07,0.01457624708991318,9.195982076790995e-05,1.1765277372106774e-05,1
0.11340528273894317,0.8753822412518566,2.9687852921827016e-05,2.631221527612799e-07,0.011102638307490222,6.967794622968138e-05,1.0208780405536905e-05,1
0.08275367388123807,0.8970777679566314,2.6950799787396495e-05,1.776935953466308e-07,0.020078541638812515,5.651018169859862e-05,6.377848236844797e-06,1
0.07069247758981938,0.9290816557847539,2.439617201263157e-05,1.487829898803194e-07,0.000171190924858495,2.653424342923725e-05,3.5965021367441234e-06,1
0.05673753684487208,0.9429719652018969,2.7693727841857856e-05,1.833149980654883e-07,0.00022780985935211485,3.124301805782497e-05,3.5680329811503823e-06,1
0.06753466011961179,0.9321118772421613,3.173943980926037e-05,2.1454796720646154e-07,0.00027890856397513777,3.842413671096107e-05,4.175949764666553e-06,1
0.14225370904205437,0.8395669777116408,3.9757789984425666e-05,3.5237156817230444e-07,0.018066793724411764,6.449060826668333e-05,7.918752073861485e-06,1
0.12184817809270458,0.8778319562005991,2.478087912047407e-05,2.1767861542177903e-07,0.0002569749315173118,3.38595722337997e-05,4.032645209285795e-06,1
0.1415301171379586,0.8581082377227928,2.9844904230878976e-05,2.6329381678553306e-07,0.00029651786251090357,3.0981410569557776e-05,4.037668120715243e-06,1
0.32404602957476086,0.6756255489149318,2.452462254353687e-05,1.7041366793362212e-07,0.0002748649908707332,2.5641882200883167e-05,3.2196010242285083e-06,1
0.6081025482684591,0.3837685669867114,2.6628109083756625e-05,2.1260619811383556e-07,0.008050175049717941,4.8389948857866174e-05,3.4790309717135116e-06,0
0.5830924946311823,0.4167636647412138,1.6210763661060426e-05,7.826733739719851e-08,0.0001063731817700747,1.9557191751774143e-05,1.621223083597898e-06,0
0.6092231876074545,0.39060610362997816,1.5223328838779055e-05,5.93002698385418e-08,0.00014123882972466424,1.2859609175801066e-05,1.327694558044275e-06,0
0.3749577590478203,0.6248413460427266,1.8738624251733024e-05,9.320121014617394e-08,0.00015353640447955468,2.6770075779193026e-05,1.7566037324876017e-06,0
0.28041791560917734,0.7193266972853812,2.7155042733903872e-05,1.254573366805432e-07,0.00019163868088055395,3.421735876655999e-05,2.250565723633668e-06,0
0.026271738136162157,0.9733921053848082,2.8431126223687914e-05,2.0600311541902364e-07,0.00024487843537775855,5.952506209316504e-05,3.1158522196131016e-06,1
0.025637090514784612,0.974026481165668,2.8449655260238652e-05,2.588991354560183e-07,0.00024503802671592444,5.956385556348104e-05,3.1178828721876665e-06,1
0.058200129311454685,0.9362460665602841,4.366940346383229e-05,1.344825662566736e-07,0.0054570099200372015,4.748814716338395e-05,5.502175030482928e-06,1
0.09825805541051075,0.8951648092364644,4.066969805038339e-05,4.102095268931555e-07,0.006475063345375549,5.774023241071119e-05,3.251867661471523e-06,1
0.09121672920219041,0.9025930146114154,4.1990027381023016e-05,4.2352685394569143e-07,0.006084870442179356,5.961475142767969e-05,3.357438552297423e-06,1
0.045832890806931786,0.9470964814961583,3.2963136429179974e-05,2.9494682273550204e-07,0.006982347858879134,5.2194036177657944e-05,2.8277186012824466e-06,1
0.06253754071041745,0.9325650376947012,2.6497898748197898e-05,3.474433866586833e-07,0.00481502570470757,5.2685570690948736e-05,2.8649773478876695e-06,1
0.10260610502558046,0.8941224890517508,4.9265250591465584e-05,5.549353315734378e-07,0.0031450536098446245,7.290129262518507e-05,3.630834276070888e-06,1
0.09558473457128112,0.9016604156144308,3.500003850504917e-05,3.771339304980046e-07,0.0026632806760430163,5.318110597326782e-05,3.01085983625562e-06,1
0.07912293820069398,0.9188900268392817,3.432325653827716e-05,9.168523265158092e-07,0.001894901011257864,5.388228024706287e-05,3.0115596546566573e-06,1
0.6502704173679031,0.34873256646363593,1.4105188748529028e-05,2.2956183618127422e-07,9.520570290459717e-06,7.780947740914819e-06,0.0009653798998449337,1
0.37328623263145155,0.6266386744907534,9.274377972150728e-06,1.9327415492288543e-07,8.148534398974839e-06,6.649244827574812e-06,5.0827446441421706e-05,1
0.4760317190733604,0.5238974429555239,1.1812096789241779e-05,3.14775511459788e-07,1.0258798096542364e-05,8.468656735203684e-06,3.998364398341599e-05,1
0.31516063169793074,0.6847912111033032,1.662808751286954e-05,2.1064333044362498e-07,9.957476958505406e-06,7.139709166901123e-06,1.4221281797401706e-05,1
0.36017537253121334,0.6397035253433456,1.0470158122708586e-05,1.5955879740539673e-07,9.11732857679596e-05,6.595519662854094e-06,1.270360309013458e-05,1
0.1809116258626048,0.8185797381519369,7.663370237891805e-06,1.418586187775122e-07,0.0004882599884158976,4.939136289894854e-06,7.631631895885218e-06,1
0.10563274842748936,0.8729959367618111,7.415026129402471e-06,1.3592360142109994e-07,0.02135438356916413,4.670984913874358e-06,4.709306890733479e-06,1
0.08532163812810904,0.6675326007817711,5.31025621598134e-06,9.734141684044618e-08,0.24713363581516626,3.345116556676946e-06,3.372560764191996e-06,1
0.10587605850434519,0.8885943845944485,5.5203310985514145e-06,1.245562421010659e-07,0.005510978784477007,4.379398969825562e-06,8.55383041884064e-06,1
0.02474908090916401,0.9752333995571083,3.482055164907606e-06,7.115520889714808e-08,6.439005123108125e-06,2.526882004671233e-06,5.000436226211753e-06,1
0.04548517087109456,0.9544978892872099,3.585751484503179e-06,7.99393868851683e-08,4.782261077862744e-06,2.8388279834377587e-06,5.653061762806661e-06,1
0.2051634250971987,0.7948108683682119,6.869404436319995e-06,1.4037511886412458e-07,9.625204673713611e-06,4.872288300856168e-06,4.1992620594521854e-06,1
0.29712225415097027,0.7028475618935568,8.07085865433329e-06,1.70653276665553e-07,1.0914208581476676e-05,5.923214670294698e-06,5.105020290073631e-06,1
0.08216819684020515,0.9178115569217177,6.169618924317305e-06,1.300874722705651e-07,6.619144290218274e-06,3.874822925894756e-06,3.4525644645498396e-06,1
0.07736250865420849,0.9226165414077903,6.390538656569657e-06,1.3474560268282205e-07,6.856160482348247e-06,3.992300476065604e-06,3.576192783648452e-06,1
0.09001837033826707,0.9080015990071578,3.808306459495204e-06,9.750701889428592e-08,0.0019656431022714795,8.441115897403041e-06,2.0406229280270857e-06,1
0.10219505426793724,0.8935331900572967,7.677012825322511e-06,1.5330382920759668e-07,0.004238013584424835,1.9521070509878736e-05,6.3907031766897145e-06,0
0.5406227817150104,0.4531059713763993,1.8546776375643318e-05,4.4913584297353294e-07,0.006187704043558425,5.553335050379609e-05,9.013602309507684e-06,0
0.3020235393136163,0.6971615939617348,5.35557582520508e-06,1.3330789674760413e-07,0.0007890164589139134,1.580022049934043e-05,4.561161513619724e-06,0
0.47871874570615985,0.5199316244173108,9.071284650725596e-06,2.0714741632042814e-07,0.001305973333677355,2.667705612558981e-05,7.701054659445604e-06,0
0.45236613444982215,0.5460317679045871,1.1336446668186829e-05,2.8627245961049255e-07,0.0015625878568565807,2.081766224083507e-05,7.069407365356214e-06,0
0.20531629785563388,0.7932939433875332,9.41172037326586e-06,1.8567208278478053e-07,0.0013682316108611866,6.698144509597645e-06,5.23160900591908e-06,1
0.17292581454805747,0.8258353630987402,1.0444157809659817e-05,2.4073025550943763e-07,0.001214163809218499,7.584595456485993e-06,6.389060462219074e-06,1
0.09749140335159356,0.9018111753067599,7.020883833747957e-06,1.4357291530107034e-07,0.0006809786813093018,4.983280806467732e-06,4.294922781666894e-06,1
0.13428255782474552,0.8656044648998343,6.334076350904787e-06,1.2952810913458739e-07,9.814309379085651e-05,4.495798798783846e-06,3.874778370431458e-06,1
0.12507148592088224,0.8748698458982153,6.147442825981746e-06,1.257115641096839e-07,4.427108835366687e-05,4.3633301118470455e-06,3.7606080470083942e-06,1
0.1815707509513897,0.8175021050429105,7.015244679559918e-06,1.3123311520775771e-07,0.00090859496040497,4.46388276984457e-06,6.938684730179366e-06,1
0.19954345032790183,0.7982438988065879,9.867438778755085e-06,1.5817273101776768e-07,0.0021900257509910345,5.001783834139757e-06,7.5977191754607155e-06,1
0.2748073524830395,0.7158643025127689,1.9224306801139457e-05,2.2831486220485695e-07,0.009285410320085409,1.7049457060632627e-05,6.432605382254789e-06,0
0.19111673580967978,0.8020220259211902,2.4281887260314797e-05,2.0707924213928996e-07,0.006810022419485745,2.0335734202408703e-05,6.39114893912184e-06,0
0.22968363327644553,0.7619009421048999,2.2856815159346527e-05,2.1432501087525364e-07,0.008364839248999218,2.1475778000770304e-05,6.038451484034158e-06,0
0.20597888458769736,0.7894846738680541,1.8384279887976967e-05,1.6862828799633918e-07,0.004496717712132685,1.55250292978443e-05,5.6458946420666355e-06,0
0.1089725724412625,0.8867405078393225,9.179960251195863e-06,1.268929077068538e-07,0.004266711450745063,5.825438912156287e-06,5.075976598865691e-06,1
0.09938817218066705,0.8976872800933111,9.388328352148247e-06,1.297731417688434e-07,0.002903880767068552,5.957665589628228e-06,5.191191869459766e-06,1
0.056933302817349055,0.9409330654275424,1.0205039773475745e-05,1.0312597845646925e-07,0.002115154161622397,4.663994879194235e-06,3.5054328548721368e-06,1
0.06751170163352582,0.9314096671419596,0.000150767421356831,1.436478163057693e-07,0.0008915828312284025,2.3617898900711293e-05,1.2519425212384029e-05,1
0.1003544835753607,0.8987516201466107,4.0747979259888464e-05,1.5749283594195922e-07,0.000806359945571177,3.156880869335344e-05,1.5062051668187311e-05,1
0.37770077668887964,0.618258500289384,2.6124839228998045e-05,1.6881232113950168e-07,0.00396833524180325,4.002310696322019e-05,6.071021419643802e-06,1
0.18999313287595576,0.8019211962044462,3.655575821198974e-05,2.3402135211299055e-07,0.007976783474220563,5.7544200173834705e-05,1.4553465639292167e-05,1
0.14596664952397598,0.8497725762425817,2.7431348001860292e-05,2.7141378911061446e-07,0.0041356574467406836,6.963704226577673e-05,2.7776982644806768e-05,1
0.14452589373415523,0.8505763598994664,2.4415073670651342e-05,2.3038345584419201e-07,0.004802367573537713,6.398923843730492e-05,6.744097276867744e-06,1
0.05067737263377185,0.9491319777347413,1.835405067809793e-05,1.222765928448694e-07,0.00013593094698146087,3.358906514998929e-05,2.6532920843463447e-06,1
0.03820817609875377,0.9616393524351259,1.7681651222208668e-05,1.0650122637425531e-07,9.359960873586504e-05,3.8772724115032056e-05,2.3109808209204324e-06,1
0.05530701351887097,0.9445361014598785,1.6975450347373453e-05,1.2901995603898323e-07,9.672107149848133e-05,4.0637360233049164e-05,2.4221192153739303e-06,1
0.062042767430724025,0.9377117760617907,2.3027670378926624e-05,1.4580753798315624e-07,0.00018114159015737174,3.7449136029698024e-05,3.6923033812858686e-06,1
0.07498092956083724,0.924777797349533,2.1662803460182406e-05,1.4808368452540721e-07,0.00017767851956326452,3.8033740383240644e-05,3.749942538290401e-06,1
0.09717528572587183,0.9025253671862061,2.1069777485897804e-05,1.7496689165871408e-07,0.00022591338297115173,4.70722830305025e-05,5.116677542819451e-06,1
0.1644147232878195,0.816631562316582,3.5902514315926215e-05,3.412233052307072e-07,0.018806553738350346,9.945704556768546e-05,1.1459874059347713e-05,1
0.12436319159756017,0.8591132555072176,3.1583206617647686e-05,2.800850912263048e-07,0.016406774782262178,7.405428439421546e-05,1.086053685698544e-05,1
0.0706802407287377,0.9290420357030383,2.2173190700124348e-05,1.44846824783863e-07,0.00019016227873211504,6.079671542949108e-05,4.446536537396367e-06,1
0.07224861605204422,0.9275124226963979,2.4739533574273603e-05,1.65648451926063e-07,0.0001771898337891003,3.133898880879651e-05,5.52724693403882e-06,1
0.07548498195058281,0.9241434409844655,3.045643791911387e-05,2.2616789662173553e-07,0.0002979457518521581,3.8546587855996506e-05,4.402119427977601e-06,1
0.1327260117914333,0.8562375234581763,3.626236052248682e-05,3.636051398319813e-07,0.010937229422517018,5.582274753800742e-05,6.786614673100406e-06,1
0.08020538314918546,0.9195403519476443,2.02182285587682e-05,1.5521204987417135e-07,0.0001983488509782974,3.2054611888056054e-05,3.4879996953407814e-06,1
0.07005505413893579,0.9296890727272658,1.9156792039473803e-05,1.4588691209874325e-07,0.0002008622460962936,3.0895179979739996e-05,4.8130287708463836e-06,1
0.07373342000256378,0.9259971212659025,2.1156368510096643e-05,1.594878451622611e-07,0.00021459834652668558,2.8652897759526248e-05,4.891630892362912e-06,1
0.10341953957058307,0.896290615726692,2.10329538685745e-05,1.758501378558151e-07,0.0002345038604937834,2.8738561587784026e-05,5.393476636960204e-06,1
0.13101561423565666,0.8687323764488809,1.973996360858688e-05,1.5184981519553654e-07,0.00020188122336754403,2.7280682268758914e-05,2.9555964024597047e-06,1
0.18088893555257018,0.8188186910167494,2.1976150768735493e-05,1.60566287241373e-07,0.00024172368911092344,2.5387771181392622e-05,3.125253332154618e-06,1
0.6794801210565468,0.3203952508886153,1.2775320276170414e-05,6.016955249045127e-08,9.749809974341374e-05,1.3048118185916826e-05,1.2463470800370777e-06,0
0.4585347813378024,0.5412626295746142,2.2237554700783045e-05,9.37583117226026e-08,0.00015169281496718755,2.6930091420559838e-05,1.6348681830036932e-06,0
0.2223566696676742,0.7773763668483286,2.6985377768722306e-05,1.187492401934165e-07,0.00019622135826218262,4.139988016258833e-05,2.238118563339119e-06,0
0.05599234198582525,0.9237319129144974,4.534569161101306e-05,4.041642122422146e-07,0.02010197800401736,0.0001224367007187903,5.580539118003225e-06,1
0.020951588657706327,0.9787230595386565,2.6574737761638988e-05,2.795282377846849e-07,0.00022689727444977578,6.868785813648859e-05,2.912405051729894e-06,1
0.05884517591936375,0.9346564941346006,4.4675884452395025e-05,2.876942316172202e-07,0.006386366213774002,6.342795926932261e-05,3.5721943083620265e-06,1
0.05060038214418882,0.9427309120239274,3.26927215257261e-05,2.578700591845135e-07,0.006591490033134594,4.167061594772603e-05,2.5945912167299535e-06,0
0.07884300222274876,0.91463001977332,2.7151372430740197e-05,2.793281943657409e-07,0.006441425786949244,5.5643934830686394e-05,2.4775815260419246e-06,1
0.07861240973313188,0.9187661523229743,3.060090546282899e-05,3.658998533203009e-07,0.0025346007662979306,5.3109284034583894e-05,2.761088245169603e-06,1
0.07114745504747211,0.9261412289473995,3.400398387583072e-05,3.2555845218962263e-07,0.0026146827416339215,5.96611720768024e-05,2.642549089784914e-06,1
0.0895391139820247,0.9077068513259521,3.33990724243497e-05,3.70762172722137e-07,0.0026676269665113685,4.981746437638028e-05,2.8204265385216826e-06,1
0.5832877957954018,0.41633423903237093,1.1148118680118232e-05,1.845025159035387e-07,7.740888160756804e-06,6.347472583882862e-06,0.0003525441902866424,1
0.6209546303753951,0.3782196380515888,1.5459447465877406e-05,2.5585545272493604e-07,1.0611039981147559e-05,8.672164066978405e-06,0.0007907330660493286,1
0.38201357089275656,0.6179393749277606,1.608013286316833e-05,2.338541023032044e-07,9.855103611856883e-06,7.926433153213338e-06,1.2958655752124085e-05,1
0.33325075612039734,0.6667087604194954,1.540383161575267e-05,2.2401862255644286e-07,9.286462088647367e-06,7.593061739264784e-06,7.976086041037645e-06,0
0.41595669476095376,0.5840027469890594,1.419846327318983e-05,2.064888960241215e-07,1.183954685960793e-05,6.961803238570513e-06,7.3519477194013385e-06,0
0.28365539175316606,0.7163131334994296,8.554971638236116e-06,1.799812970253863e-07,1.0693162198548726e-05,6.068095673130454e-06,5.978536597480565e-06,0
0.2316248947008945,0.7683392259474313,9.687650913239016e-06,2.0381084242301766e-07,1.2346282084696818e-05,6.871512270909704e-06,6.77009556286e-06,1
0.24360333639192652,0.7563615426962567,8.910712754795571e-06,1.8746545363877173e-07,1.3475166607195978e-05,6.3204251046508255e-06,6.227141896775022e-06,1
0.27658448607366615,0.7227350052998389,1.0406924021473252e-05,1.480865528878466e-07,0.0006567389032164462,6.555686285633554e-06,6.659026418380277e-06,1
0.25171397854379346,0.7474757102179392,9.52102189225129e-06,1.365393561156101e-07,0.0007850356714437843,6.136415608942113e-06,9.481589966128977e-06,1
0.17359050482560415,0.8092798590471738,7.802866850648377e-06,1.430330446906881e-07,0.017109062204560228,4.9152993810536896e-06,7.712723385403953e-06,1
0.11299194354792184,0.6437020535168609,5.899786956105529e-06,1.0814800604832312e-07,0.24329253154398828,3.7164826375685814e-06,3.746973629138943e-06,1
0.10765872188010614,0.6405838140207024,5.5135004122834046e-06,1.0106705214465244e-07,0.2517448747427203,3.4731472012346297e-06,3.501641805505068e-06,1
0.16060951807280663,0.8354454782452265,8.124635423722654e-06,1.8074684036411244e-07,0.003925963307222835,5.1565483775464414e-06,5.578444102406463e-06,1
0.1379346487990658,0.8558195832477953,6.733317000836876e-06,1.4979450887330943e-07,0.006229365379041822,4.896309602128249e-06,4.6231529852131195e-06,1
0.02664407804288152,0.9733393616988814,3.777361776806974e-06,7.304086426099822e-08,5.22718442565928e-06,2.593845880960492e-06,4.888825289283105e-06,1
0.02476842822119873,0.975217445249718,3.564643830584654e-06,6.892764885989467e-08,3.982708582977397e-06,2.4477763220416367e-06,4.062472699019623e-06,1
0.23240734524371642,0.7675671713604608,6.809776390150368e-06,1.3915662981659647e-07,9.541655633327838e-06,4.829995692457816e-06,4.16281147712288e-06,1
0.04367015577690111,0.9563097292248987,6.129626308147839e-06,1.292442211053323e-07,6.5762377671061825e-06,3.849705603755269e-06,3.430184300211511e-06,1
0.11011200552637893,0.8886683578484678,5.5740065345201525e-06,1.0322693095096386e-07,0.0012073579402055315,3.482196124184423e-06,3.1192553579607633e-06,1
0.1680564974271583,0.830178434364725,5.8948872050999e-06,1.1136753672720828e-07,0.001737413036804413,3.756806495929539e-06,1.7892110074613864e-05,1
0.14086680173144187,0.8561025246609513,5.393405996665837e-06,1.1230171806736094e-07,0.0030106885033461747,3.0853240759917067e-06,1.1394072470016204e-05,1
0.1464808006765132,0.8494630643683659,5.436752871659319e-06,1.1895763287822569e-07,0.004033402094812329,9.094120510719764e-06,8.083029293098971e-06,1
0.11901443306393104,0.8778271165282574,8.233222825437625e-06,1.506091321995724e-07,0.003118677819795594,1.902776030789354e-05,1.2360995750417022e-05,0
0.2770017002333167,0.722113446659027,5.5889192820669065e-06,1.276258252144008e-07,0.0008586335208803178,1.5758336311722216e-05,4.7447053571385826e-06,0
0.46645046853373767,0.531730406185417,1.0889419886216728e-05,2.8217952910962066e-07,0.0017744020211146157,2.2706444580876805e-05,1.0845215734522725e-05,0
0.5107951240402677,0.4876443855774517,1.196025820912307e-05,3.038354892150317e-07,0.0015177302828046654,2.223868325430087e-05,8.257322523361917e-06,1
0.17108527405947693,0.8276714141117586,8.318558855963555e-06,1.9173674271890644e-07,0.001223792614706849,5.920162002167808e-06,5.088756456755434e-06,1
0.1612531790213997,0.837696309041419,8.419314635461784e-06,1.940590902920375e-07,0.0010307563031305568,5.99186799687344e-06,5.150392328107052e-06,1
0.14605178257506332,0.8538227868839475,6.737076735513124e-06,1.3776922826656198e-07,0.00010965254678632862,4.781840290022389e-06,4.121307949023115e-06,1
0.1306264122260369,0.8693153751986051,7.1191332933793265e-06,1.331765437051073e-07,4.2353913249689046e-05,4.622432530019293e-06,3.983919741013004e-06,1
0.21736233259605903,0.7815848561226467,7.975925904750297e-06,1.6800406597172183e-07,0.0010332452297847137,5.7146433974971805e-06,5.707478141412411e-06,1
0.30740512694635164,0.6915520437566463,7.058378828262784e-06,1.486769506736021e-07,0.0010212056215754598,5.057233285472529e-06,9.359386362318112e-06,1
0.17511409601647732,0.8203064402458111,1.7927795000950775e-05,1.585285062304979e-07,0.004543083819538093,1.2985853868299739e-05,5.307740798275945e-06,0
0.1406077519998354,0.8554306025438692,9.054814273235322e-06,1.4127960419864635e-07,0.003938044513759386,6.485907830988889e-06,7.91894082738428e-06,0
0.08723500583775856,0.9104859779133466,1.149684905470786e-05,1.2608068235129256e-07,0.002256727751159331,5.717424756844636e-06,4.948143241526891e-06,1
0.05520325027492853,0.9414424539189606,1.2285805085669792e-05,1.0590061558826452e-07,0.0033329584598530896,4.789481139475178e-06,4.156159417321209e-06,1
0.07387818539201244,0.9240344123771447,2.9685770341082232e-05,1.3668046079656027e-07,0.002029642622737981,2.3070708688145156e-05,4.866448614857281e-06,1
0.0915007179056975,0.9076067132644037,3.8295093041943106e-05,1.480123165708443e-07,0.0008078022480538598,2.9980117215702823e-05,1.634335927072241e-05,1
0.24928106934666663,0.7444414511757933,3.3925760003983125e-05,1.963434474090526e-07,0.006183468601979886,5.28276448950472e-05,7.061127213824786e-06,0
0.0871038296747805,0.9094349655624006,2.6017793942003055e-05,1.7462420851672028e-07,0.0033835905478219685,4.763256598062878e-05,3.789230865664422e-06,1
0.05424423887664411,0.9455902675075352,1.8222628630038682e-05,1.3864895431226452e-07,0.00011044693756245255,3.392401922457924e-05,2.7613814492675962e-06,1
0.061379314077344545,0.9384082379869131,1.6574609369621346e-05,1.4878731557289282e-07,0.00015816869817386484,3.378808020410685e-05,3.767760679462971e-06,1
0.08339089344743966,0.9103805730002759,2.882500173152075e-05,2.1427480030733777e-07,0.00612984461592431,6.196334164830533e-05,7.686318179996016e-06,1
0.0791352422828311,0.9205750473382831,2.8248968996830472e-05,1.89146572581238e-07,0.00021129489186916237,4.366605491371563e-05,6.311316533463523e-06,1
0.09034481361646884,0.9092941847233605,3.0885235909847667e-05,2.2935212781441309e-07,0.0002763841958729594,4.460442678368086e-05,8.8984494764435e-06,1
0.15030034312485713,0.8298511192220036,4.0681692306095134e-05,3.554425283397241e-07,0.019715609003727444,7.994707725840022e-05,1.1944437318711639e-05,1
0.13748726193671482,0.8222164704638487,3.45341432152234e-05,2.7575805012461797e-07,0.04020345472515816,5.180593605369775e-05,6.197036959124185e-06,1
0.0703228997839319,0.9294050507297585,2.1234229887781263e-05,1.4881508095167301e-07,0.0002153881287098346,3.036867916310999e-05,4.909633467815417e-06,1
0.12032264261910536,0.8794232800054692,2.009229031157109e-05,1.4081206735646734e-07,0.00020198689602497657,2.721177501599193e-05,4.6456020058215665e-06,1
0.13540510950329002,0.8643406167582658,2.2575184462737602e-05,1.4045498085960797e-07,0.00020147467576951745,2.7142768448613104e-05,2.940654782354432e-06,1
0.25143124603738465,0.7483299181340534,1.913749762056016e-05,1.2362639489818143e-07,0.00019093664990595834,2.5649657957693216e-05,2.988396682758798e-06,1
0.6665175467209222,0.33335945408106643,1.5504630732135895e-05,7.554711464638578e-08,8.768610919292314e-05,1.82781083865978e-05,1.4548025849941461e-06,0
0.4565849398473345,0.5432107581002635,1.581662046841846e-05,9.83936023481334e-08,0.000158476227819894,2.8195116543157798e-05,1.7156939681892929e-06,0
0.4580667870828385,0.5417390693315483,2.1425853632997604e-05,9.871293895980443e-08,0.0001426111329411525,2.8286623844117264e-05,1.7212622560188965e-06,0
0.42151092394639805,0.5782561162661807,2.463472259412733e-05,1.1434899862995908e-07,0.00017344960180706902,3.276720504202822e-05,1.9939089792013124e-06,0
0.4150523344504,0.5847251769893242,2.4436828698756976e-05,1.450058036241056e-07,0.00016342027572164734,3.249432110971032e-05,1.992128941886807e-06,0
0.021959630162752323,0.9546529722711398,4.704329841842698e-05,2.9637648034903417e-07,0.02326935460404248,6.465337485950483e-05,6.049912306997694e-06,1
0.022940674750675346,0.9614630848815671,4.9251009768958205e-05,1.962025545397869e-07,0.015480508082670468,5.94024561432302e-05,6.882616620440662e-06,1
0.0539765992985081,0.9420055171022741,4.405809355779502e-05,1.684652618337778e-07,0.003928294059688314,4.1840183725004e-05,3.522796984850736e-06,1
0.039668081399827824,0.9544064922697757,3.479849898079831e-05,2.8806196113500505e-07,0.0058384319356815165,4.914612181987978e-05,2.7617119529164146e-06,1
0.06359968067757032,0.9315920385915188,2.6219227357126487e-05,2.752730647570411e-07,0.004734035624733639,4.530899236446635e-05,2.4416133910420425e-06,1
0.1673597727894363,0.8289760255967537,5.6250047564760356e-05,5.505728711729313e-07,0.00353497721017775,6.826914834525556e-05,4.154634851340389e-06,1
0.08437741164623358,0.9104280134546103,2.862588587958667e-05,1.0437808992115217e-64,0.005112974528819215,4.993557058607467e-05,3.038913871157021e-06,1
0.07316562707824188,0.923849359163027,3.4222789705236376e-05,3.1083435103800774e-07,0.0028992590158296023,4.847660533197879e-05,2.744513513228492e-06,1
0.904639864891715,0.09477228250237593,1.9475235514633182e-05,1.7070942650737587e-07,8.11096547796186e-06,5.8729464975558736e-06,0.0005542227489922471,0
0.8196044211603335,0.1797458385580005,2.2141786955875604e-05,2.228113969652671e-07,1.1149050793003797e-05,7.552143094455652e-06,0.0006086744894256851,0
0.7840426753071765,0.2154043116598893,2.323650248011041e-05,2.3382744981232946e-07,1.1700272743061664e-05,8.04440698152312e-06,0.0005097980232797113,0
0.6898342752092069,0.3097636540541063,2.2270988981347607e-05,2.2411154874811672e-07,1.1068048999896962e-05,7.596211452009745e-06,0.00036091137570443474,0
0.6975363961165972,0.30198454240925116,2.5853036302648667e-05,2.2661379357304517e-07,1.1191625711970704e-05,7.681024487754799e-06,0.0004341091738554992,0
0.4935409771298114,0.5063964492917893,1.30649835444478e-05,3.1215087257266446e-07,1.0173258912460142e-05,8.27394085845937e-06,3.074924421142357e-05,1
0.5101807278357784,0.4897607622415764,1.2307400453558012e-05,2.940505648253929e-07,9.583354692136886e-06,7.911076960054853e-06,2.8414039974613303e-05,1
0.42356870331161994,0.5763911002002939,1.664992287681782e-05,2.109199391504263e-07,8.747438771814993e-06,7.1490847579318705e-06,7.439121740468643e-06,1
0.3906790287785128,0.6092808492857736,1.5221864568196346e-05,2.2137226752211857e-07,9.18092601262571e-06,7.615909149245805e-06,7.881863716089704e-06,0
0.42440074231523406,0.5755605276640219,1.2539119074954042e-05,2.3428137441352682e-07,9.716302718053612e-06,7.898830700021325e-06,8.341486876449427e-06,0
0.3181562522703052,0.6818049304948599,1.2711822238523762e-05,2.375081668448625e-07,9.403906528525875e-06,8.00762247735759e-06,8.456375423549648e-06,0
0.27280948562024976,0.7271497547141164,1.2084719687292652e-05,2.25791359091269e-07,1.2797362434370178e-05,7.61258859546233e-06,8.039203557646346e-06,0
0.24718080826473998,0.7527757986877271,1.0846243470319517e-05,1.9876421753039852e-07,1.2080380467321332e-05,6.701364576782936e-06,1.356629480092771e-05,1
0.2252845929504059,0.7746814141228955,8.565439771963113e-06,1.8020152782979942e-07,1.3185912488129012e-05,6.075520786814132e-06,5.985852123848234e-06,1
0.13635927665338438,0.8288741755405529,7.720586484910938e-06,1.4152477709430955e-07,0.03474619083313406,4.863468094101959e-06,7.63139357251217e-06,1
0.11657729252322749,0.8770458342574942,6.018405898179889e-06,1.2447217243221833e-07,0.006357805841147349,4.376443079258103e-06,8.548056981246827e-06,1
0.08448760010846654,0.9125801635564477,4.982536708069197e-06,1.0304841161746937e-07,0.0029174392798027747,3.6231833914315234e-06,6.088286771829741e-06,1
0.06142166569300654,0.9347594489198987,7.081871067104306e-06,1.3274530571176754e-07,0.0038026457926250753,4.515319795666029e-06,4.509658301082703e-06,1
0.047801572454893235,0.9491141855863794,6.872061351323868e-06,1.288125519806323e-07,0.0030683940685798886,4.47096248321724e-06,4.376053761060495e-06,1
0.04421975568923423,0.952679479226844,6.419105787984443e-06,1.203221792868064e-07,0.0030859617697233284,4.1762696353623575e-06,4.0876165956730064e-06,1
0.0638829705583424,0.9360967256959172,4.0801732127570325e-06,1.4938898805767503e-07,6.474813431979065e-06,2.801781006653095e-06,6.797589101192157e-06,1
0.10364632943308683,0.8963281657551395,5.631050479210316e-06,2.1788289369211335e-07,9.44347441547371e-06,4.086379867473876e-06,6.1260241178425695e-06,1
0.13670059190599487,0.8632760903847392,6.231052844601861e-06,1.2733051195602697e-07,8.730765456888366e-06,4.419522268372082e-06,3.8090381842178284e-06,1
0.06663039817371769,0.933351931492274,5.357373920985533e-06,1.1296114718566222e-07,5.723445501492244e-06,3.478527296415525e-06,2.9980261422624943e-06,1
0.0606464672258864,0.9393432326608143,4.6702611931204355e-06,9.847325757215677e-08,2.581932144441777e-10,2.917607886696334e-06,2.6135127685083043e-06,1
0.13301247977693004,0.8642443313190264,5.438596365207765e-06,1.1336974304046357e-07,0.0027192318177335696,8.843380572976658e-06,9.561739628592485e-06,1
0.574409262794666,0.4210894156845254,1.887225218898474e-05,4.337229485065507e-07,0.004418797095913803,5.3627624910741196e-05,9.590824846814372e-06,0
0.1931442017810003,0.806394819966885,5.817715506909562e-06,1.2036014756907335e-07,0.00043270338208506,1.556993146941532e-05,6.76686290560604e-06,0
0.555437413309152,0.4427183145017505,1.240098855719291e-05,3.071504401954521e-07,0.0018145828578093799,8.633779503733836e-06,8.34741278722538e-06,1
0.5619109880153406,0.4362195706548457,1.2169358070099992e-05,3.0141336482076267e-07,0.0018403065474014932,8.472514412432484e-06,8.191496564824787e-06,1
0.45851132999269784,0.5399014627091004,1.3370047198697567e-05,3.3115229996176237e-07,0.0015560199433111482,9.308454639377453e-06,8.17770075259635e-06,1
0.1770615071505239,0.8219748641186926,6.739050060264305e-06,1.5361810643517232e-07,0.0009467921345884308,5.301979486981706e-06,4.641948541561515e-06,0
0.1302986474616853,0.868777338197554,7.474928701992711e-06,1.7229168010858935e-07,0.0009064888896676987,5.305552635880894e-06,4.57267807497479e-06,1
0.1772930698192906,0.8225944133961821,7.936384610905935e-06,2.0753358467660868e-07,9.452700731850786e-05,5.633084671500804e-06,4.212774341887404e-06,1
0.15358975527641724,0.8463484464347947,7.569670723632827e-06,1.4160467888649825e-07,4.503429897226578e-05,4.8166705881370885e-06,4.236043825291833e-06,1
0.18199318751493082,0.8171085292872512,7.755460669613307e-06,1.450802231474618e-07,0.0008805190626597589,4.934890917798442e-06,4.9287033476008135e-06,1
0.19564485081479882,0.8034502378817835,6.945156659075343e-06,1.4629205078752125e-07,0.0008878738717066527,4.976111127452986e-06,4.969871873652813e-06,1
0.11625786912450435,0.8812415403832365,9.79439843677743e-06,1.38112150623979e-07,0.0024807119739398346,4.856024876475222e-06,5.089982855425781e-06,1
0.05235632493657468,0.940298595521166,2.169441223560645e-05,1.1479455828597875e-07,0.00730184899972315,1.691612600521325e-05,4.505209736763511e-06,1
0.0757915109706417,0.9192609149759257,3.4643478222182245e-05,1.3597437905796857e-07,0.004885395652096848,2.168488564547821e-05,5.714063088853377e-06,1
0.2581859847524367,0.7390649891036876,4.8307833518568826e-05,2.2801447306598378e-07,0.0026193602164805503,5.012150010753903e-05,3.100857929604881e-05,1
0.4314971493580206,0.5551556260053452,3.322278983447568e-05,3.309275333911881e-07,0.01321777857004215,7.841727983806703e-05,1.7475069386181813e-05,1
0.04824741905171683,0.9515826210955526,1.483810229320585e-05,1.0352314348082562e-07,0.00011508334179460841,3.768852639872709e-05,2.246359100738148e-06,1
0.054731584533675985,0.945084565188278,2.2106773144066544e-05,1.3315489721137276e-07,0.00011702443910318739,4.169656939670318e-05,2.8893415047237357e-06,1
0.040103941551695034,0.9596820270142673,1.910576123253485e-05,1.4806746855189409e-07,0.00015740346314185082,3.362461029548902e-05,3.749531899069263e-06,1
0.04957340463173941,0.9467832210197218,2.9439696586452827e-05,2.3549038838848807e-07,0.0035526575759104277,5.54976340151705e-05,5.543951638361625e-06,1
0.067286709359254,0.9261195400716794,2.842609928418473e-05,2.4757104311739264e-07,0.0064904547027504035,6.777019481703888e-05,6.852001171789932e-06,1
0.07234368408088283,0.9274270185623086,2.3709222596037735e-05,1.5407298621459318e-07,0.000160335293563354,3.957202967050052e-05,5.5267379923505485e-06,1
0.05541840536296845,0.9443135885644477,2.2597402531058877e-05,1.679057307984382e-07,0.0001960264969697573,4.436460261520407e-05,4.849664737005821e-06,1
0.15258881003160532,0.8307411858825914,3.994553022863103e-05,4.5298822241702343e-07,0.016533079062310278,8.268742219113e-05,1.383908285075687e-05,1
0.04858310080036712,0.9511651730650558,2.2312497311872383e-05,1.3943478061067465e-07,0.00019647876263834244,3.010953942956788e-05,2.685900416588698e-06,1
0.06605472879720001,0.9336798802703037,2.0903011056872407e-05,1.4661433239135578e-07,0.0002084550503375136,3.1049229308345756e-05,4.837027460972006e-06,1
0.10665086378949083,0.893101727798031,2.3192431417247966e-05,1.3818141739987082e-07,0.00019471263763196577,2.6703404844964496e-05,2.661757166566779e-06,1
0.601315361767822,0.39088560889598556,2.7632251751926356e-05,2.1267296729295114e-07,0.007716033295478867,5.177492816352058e-05,3.376187830826316e-06,0
0.49918970708349153,0.48943364574576886,3.8644159396486303e-05,3.2650311208830486e-07,0.011263732862813286,6.965305216752723e-05,4.290593250171817e-06,0
0.6897210675019743,0.3101558351562261,1.3874075073929703e-05,7.028862733586938e-08,9.322027841686512e-05,1.4793284535247012e-05,1.1394151464451473e-06,0
0.5378692576733387,0.46193887236221454,1.564445401446679e-05,1.0468624340104626e-07,0.00014694623548089863,2.7477570344142294e-05,1.6970183638047008e-06,0
0.5326250404125381,0.4671855369039682,2.2031885436278584e-05,1.0587526132987503e-07,0.0001399528335048897,2.5615796329283156e-05,1.7162929618279143e-06,0
0.5326310503380416,0.4671908084365851,2.348298132773838e-05,1.058764559834962e-07,0.0001272199698942409,2.5616085367567074e-05,1.7163123277834368e-06,0
0.16753625540242756,0.8322089466279737,2.8753698191372583e-05,1.2278123482476902e-07,0.000186809329470532,3.697121841512052e-05,2.140942286576274e-06,0
0.04425880766490127,0.9512182858490595,2.9820937273914513e-05,2.898608730555851e-07,0.004440303523144254,4.9713206239542754e-05,2.778958508253797e-06,1
0.01446618751846775,0.9801896091999723,4.269753402729398e-05,8.646429918387333e-07,0.005212982740825799,8.425969595790693e-05,3.398667757060457e-06,1
0.9376285757609351,0.061819332392882134,1.7708014082257218e-05,1.5521891513431602e-07,7.757117846014958e-06,5.340023703688773e-06,0.0005211314716356404,0
0.9202205630700606,0.07934300067585742,1.8834805909821618e-05,1.6509576548265648e-07,8.090257247905629e-06,5.679818727589596e-06,0.0004036662764308529,0
0.8557612082308467,0.14366045355926477,2.2600705632451047e-05,1.981056143982866e-07,9.707852760796002e-06,6.8154623797315716e-06,0.0005390160835012368,0
0.7010126663625705,0.298520370811561,1.7911376184027e-05,2.3156294575948357e-07,1.1436046221370747e-05,7.848774908143067e-06,0.0004295350656092187,0
0.6592309732666713,0.34029363426256326,1.770191278932462e-05,2.2885494832769946e-07,1.1302308141231611e-05,7.756987933227059e-06,0.000438402406953473,0
0.4845146343074111,0.5154480579904639,1.2065796141357066e-05,2.254377908442442e-07,9.389185289070944e-06,7.6006679904584405e-06,8.026614913329786e-06,0
0.40362488655674655,0.596341222718344,1.0940419856178253e-05,2.0441121782519444e-07,8.57616693322597e-06,6.891754015137655e-06,7.277972886902513e-06,0
0.32735014532210116,0.6726022895780728,1.3703876922675472e-05,2.560437540346102e-07,1.451200228664704e-05,8.632552502221094e-06,1.046062436050543e-05,0
0.28285502780485844,0.7170955935259801,1.1721968075373521e-05,2.3106566982141113e-07,1.2609615512450654e-05,6.95285099824465e-06,1.786316890543287e-05,1
0.2866110712226739,0.7133479497209624,1.1206791689670078e-05,2.2091041467370026e-07,1.502767776653507e-05,6.647275635423495e-06,7.876400857436929e-06,1
0.2305999660037972,0.7693548003740711,9.821100095009173e-06,1.7997782190802277e-07,2.318614454297104e-05,6.06797850904182e-06,5.97842116261771e-06,1
0.1639482296599215,0.834996668195305,9.165314789134952e-06,1.7026666393452014e-07,0.001034238335422894,5.740565401935553e-06,5.787662495706462e-06,1
0.1368232856546166,0.8352038463498072,7.1968920608936995e-06,1.3192502236461072e-07,0.027956434834632466,4.533574616806583e-06,4.570769243798057e-06,1
0.1278078082387723,0.8420772231833706,7.759146875458019e-06,1.4223162115175395e-07,0.030097251581643496,4.88775863595242e-06,4.927859080889326e-06,1
0.15158042716534967,0.8276932887889339,6.8499283312315236e-06,1.4138595884403233e-07,0.020709740232607635,4.858697635211552e-06,4.693801183471555e-06,1
0.14699638874773316,0.8329509557091332,7.066113687907975e-06,1.4584813311268545e-07,0.02003558960337397,5.0120392806214975e-06,4.841938657901848e-06,1
0.04912518664447088,0.9486704921536248,6.136391066290988e-06,1.25485562170956e-07,0.0021893400214573634,4.456275426781186e-06,4.263028391670779e-06,1
0.046443450660501054,0.951962896467811,5.735371894598424e-06,1.1728495766945909e-07,0.0015790038058552925,4.16505345914967e-06,4.631355521082153e-06,1
0.024936063420187414,0.9750504984966927,3.3958762865290095e-06,6.939415807998949e-08,4.151527599746309e-06,2.4643431169613925e-06,3.3569419587113336e-06,1
0.14119617138423354,0.8587795637422186,6.484157925617993e-06,1.3250267151689087e-07,9.085408749668814e-06,4.599043060393289e-06,3.963761140715495e-06,1
0.1366859562760177,0.8632902236557994,6.9127060710667255e-06,1.4575559209825365e-07,8.471132925887386e-06,4.4220720559842535e-06,3.868401537860598e-06,1
0.1052612258852148,0.8922708086839296,5.135665439876518e-06,1.0432512606931576e-07,0.0024459135399366857,1.013871941983111e-05,6.67318093314615e-06,1
0.10826060620502104,0.88844935325237,5.177143710942891e-06,1.2545316095187612e-07,0.003269541858411957,1.2570608672088707e-05,2.6254786530744043e-06,0
0.5854108973660205,0.41057659369358085,2.269475017056227e-05,4.1648053709496533e-07,0.0039066332257522126,5.174087036001247e-05,3.10236135787722e-05,0
0.1890595956539839,0.8103719069849918,5.361681795609556e-06,1.2243674119563138e-07,0.000541628953028272,1.583856208435186e-05,5.545727374834032e-06,1
0.09838862058726403,0.9011432023119051,4.234636966619152e-06,8.739173933074874e-08,0.00044961327497547714,1.0191161383771643e-05,4.050635765847826e-06,1
0.09726889191789201,0.9023913139695813,4.403654094635338e-06,9.101313594801233e-08,0.00032083872978975504,1.024222682003997e-05,4.218488686187262e-06,1
0.21159999457694775,0.7877429317535644,9.004472791055531e-06,2.11603733686494e-07,0.0006025987483322821,2.1158659043092912e-05,2.4100185587703513e-05,0
0.23798197763222317,0.7612516943392071,8.431544845409408e-06,1.6958699028625705e-07,0.000719201719664548,1.595841494146607e-05,2.256676212817916e-05,0
0.6278923994978378,0.3697915502155394,1.1846690482373805e-05,2.9342146230832804e-07,0.0022843850216223817,8.247867740711001e-06,1.1277285315182176e-05,1
0.5755715714487858,0.42218132581957385,1.1930804953703783e-05,2.95504828225219e-07,0.002218539071640781,8.306429668672376e-06,8.030920549045516e-06,1
0.22351461134510756,0.7764088299566173,9.69852233281186e-06,1.8142878214288507e-07,5.50800982736422e-05,6.171283926921775e-06,5.427364959759563e-06,1
0.23572157549732925,0.7632344112910354,7.609616376270017e-06,1.6028816051775835e-07,0.0010254697936913023,5.4521875580913254e-06,5.321325849370145e-06,1
0.20449743888288033,0.7900201950929345,1.713005218649771e-05,1.6999474946627027e-07,0.005443836279668763,1.598309849366129e-05,5.246599086821256e-06,0
0.1930451079099766,0.801996398073416,1.895266549861728e-05,1.7555386414422755e-07,0.004919993537893595,1.4380485125354128e-05,4.9917742254085225e-06,0
0.08654522972878151,0.9110295248071486,1.1503712506472945e-05,1.2377108310508215e-07,0.002402946045292877,5.720837976314804e-06,4.951097211114849e-06,1
0.05224127124825177,0.9460320319769059,1.0542237406345547e-05,1.0653349440886029e-07,0.0017076086398079724,4.818103835934296e-06,3.621260297693003e-06,1
0.05592270595035818,0.9421581770309193,1.0606441935739265e-05,1.0718230666849239e-07,0.0018999126327745438,4.8474471411011884e-06,3.6433145641891816e-06,1
0.07822435247293653,0.9165846941954859,3.2728387076159674e-05,1.3853196935949458e-07,0.00513017210725743,2.2092764347339624e-05,5.82154092724916e-06,1
0.11649136564570041,0.8785751938686012,3.869553052946437e-05,2.1920879169535123e-07,0.004844722420925292,4.157722187814334e-05,8.226103573620721e-06,1
0.1428172889664341,0.8527458726930565,0.00015113393010662203,2.374566073648336e-07,0.004239879991623138,3.786904130133532e-05,7.717920871164676e-06,1
0.08932047428523489,0.9100717454900598,4.0864581857196085e-05,1.5999446861594484e-07,0.0005238987612869662,3.3672493894983686e-05,9.184393197583783e-06,1
0.25596895077570525,0.7385530740032134,6.596956236689192e-05,2.804116241567647e-07,0.005297745264902026,6.995130785441386e-05,4.402867433381932e-05,1
0.38680562729883056,0.604612075907349,3.651614599175836e-05,3.4011476223361826e-07,0.008452025859525189,8.303419382187633e-05,1.0380479719210526e-05,1
0.5824348296060586,0.41346201409673833,2.2577102704267163e-05,2.8071594317566377e-07,0.004009924026231682,5.7549670708597935e-05,1.2824781615243719e-05,1
0.37057752429020147,0.6263233703166938,2.4359309481108294e-05,2.481325848587386e-07,0.0029908280926375227,7.52359381296898e-05,8.43392027139011e-06,1
0.26871693875519537,0.7286379739934169,3.784840508665804e-05,1.806630668147486e-07,0.002530478761580242,6.422126906002696e-05,1.2358152593822292e-05,1
0.24743942679996178,0.7497209228713699,2.8083128077644016e-05,1.8589050532020316e-07,0.00273258608292927,6.607949465462389e-05,1.2715732501349665e-05,1
0.045690792556669,0.9540984754792553,1.8926449600392497e-05,1.320469099651101e-07,0.0001406214356668993,4.818673272068802e-05,2.8652991780472383e-06,1
0.0647925310269035,0.9349840587321503,2.184223348968591e-05,1.3796122863544942e-07,0.00016284329325513285,3.543389381274689e-05,3.152859160200054e-06,1
0.07424557265747128,0.9255044950898739,2.1580090606373333e-05,1.5767344691935806e-07,0.00018204182859315107,4.049677021935951e-05,5.655889788884656e-06,1
0.15699934118950018,0.8253270545133594,4.0209397127006485e-05,3.99275677690227e-07,0.017499257826558878,0.00012009894499209915,1.3638852784811421e-05,1
0.39350448468401394,0.6063350552329719,1.470953934512137e-05,9.953597850053514e-08,0.00012091883418143853,2.2748681863739408e-05,1.98349164541011e-06,0
0.6325735853141761,0.3673208212812447,1.0864991906633947e-05,8.097790602388132e-08,7.570131915984201e-05,1.7621029706448686e-05,1.3250859004603227e-06,1
0.5998255438949183,0.3903861032085135,2.6776073073071122e-05,2.0652792928127695e-07,0.00970912763889022,4.889469405906079e-05,3.34796261644853e-06,0
0.5026828853895992,0.4970522174350067,2.0952478850429607e-05,1.3828217579954406e-07,0.00020526911019577612,3.6295678299552475e-05,2.241625872653588e-06,0
0.012437430111599682,0.9745065466581849,2.7633142421813683e-05,1.2995076104160375e-07,0.012983773775437316,4.1915897645821946e-05,2.5704639491350096e-06,1
0.015261528308573039,0.9755364722266132,4.2194800866803934e-05,1.2893375273822702e-07,0.00910847475387032,4.588459548690667e-05,5.3163808371646135e-06,1
0.01108926655516186,0.982083113520198,3.717769875044429e-05,8.532686019484896e-08,0.0067490672146811636,3.831702996215675e-05,2.972654386190122e-06,1
0.06340187471837651,0.9322135781376286,2.7453653212104767e-05,2.5933077209818094e-07,0.004308508995912098,4.57668084549475e-05,2.558355643743085e-06,1
0.11314694931268329,0.8809408493007838,3.760967478301219e-05,4.931422261785994e-07,0.005807912127204779,6.212004945754495e-05,4.066392861512465e-06,1
0.07637312546804961,0.9206147377057611,3.483740991628381e-05,3.160664521834626e-07,0.0029165917817108146,5.761855593219223e-05,2.773012177852835e-06,1
0.011103125077820946,0.9854736289155306,3.2771320032617325e-05,5.716100174985986e-07,0.0033346858314030163,5.258913300886215e-05,2.628112186368373e-06,1
0.9603204332332573,0.03889713317984475,1.2507823507608079e-05,1.5491719649988682e-07,6.208006305258264e-06,4.610999373001534e-06,0.0007589518405155164,0
0.8997642014471421,0.09970275110239012,1.5964021199728715e-05,1.7072083737653174e-07,7.652778700121798e-06,5.87333906769927e-06,0.0005033865906628957,0
0.8739867398800095,0.1255281397289253,1.3663662122549911e-05,1.8772699452081896e-07,8.814402283933918e-06,6.458404890254248e-06,0.00045599619477389934,0
0.7322564045799147,0.2673251732900016,2.1385953406567273e-05,2.197667158033015e-07,1.0853473605642604e-05,7.448944298858397e-06,0.0003785139920566746,0
0.6409171229138504,0.35898077122296407,1.506802197060028e-05,2.3190091419159722e-07,9.36400345801924e-06,7.978128036899609e-06,6.946380880588735e-05,0
0.5864118046595632,0.41350862995356624,1.1181228026835514e-05,2.1981767073446988e-07,9.336694309978841e-06,7.45067140499746e-06,5.1376975457948876e-05,0
0.5812568846960355,0.41868624221912426,1.172858895632149e-05,2.1788533838678958e-07,9.023340568068184e-06,7.385175426809225e-06,2.8518094550657035e-05,0
0.5523090818172651,0.44763637007303486,1.1315674390323292e-05,2.1021450685945046e-07,8.755155681585443e-06,7.125174286216966e-06,2.714189083501812e-05,0
0.4506210480997821,0.5493399998316743,1.2611008626016409e-05,2.3562456150092792e-07,9.772008436789638e-06,7.94411644852948e-06,8.38931047100627e-06,1
0.4007817770582634,0.5991766526140854,1.4124077009000977e-05,2.3449761874931979e-07,9.725270974420078e-06,7.906121409334187e-06,9.580360639604085e-06,1
0.30988155326611533,0.6900739818042779,1.1850942797818475e-05,2.336080441428686e-07,1.2983869179688158e-05,7.029351976743617e-06,1.2367157608206028e-05,1
0.27545812950163595,0.724491519436228,1.1438267615627976e-05,2.254733122635138e-07,1.2298848650986881e-05,6.784574902280157e-06,1.9603897654874306e-05,1
0.33076408001343477,0.6691831616299369,1.3131130653779643e-05,2.588433512630407e-07,1.7354310803007612e-05,7.788691650339909e-06,1.4225380170075845e-05,1
0.2225514526527203,0.7766185194556015,1.0771010302675826e-05,2.012459633287595e-07,0.000805429895205017,6.785036998249705e-06,6.840703209044536e-06,1
0.20051370594359236,0.7981499920605912,1.0144097302019952e-05,1.8953269714527332e-07,0.0013131356945455808,6.390122520907026e-06,6.44254875046854e-06,1
0.10317561764518456,0.8722541411066717,6.586126610637507e-06,1.359409589247142e-07,0.02455413769090223,4.671581400699877e-06,4.7099082712922785e-06,1
0.1208966703227744,0.5880904088870491,5.2546075348903935e-06,1.0845773689080167e-07,0.2910001584806552,3.7271264704088903e-06,3.672117779132292e-06,1
0.049629452038590954,0.9469649526496411,6.817944186196865e-06,1.277981590947737e-07,0.0033898603395826807,4.44763729952968e-06,4.34159254020042e-06,1
0.0485924899494152,0.9482316947253278,5.637411388083704e-06,1.1528172334202542e-07,0.0031620523371513063,4.093914088587937e-06,3.916380905862786e-06,1
0.04292682037334928,0.9559780678063847,6.5853542910551105e-06,1.2343840495021192e-07,0.0010798259694845714,4.383576255181413e-06,4.19348183027149e-06,1
0.08629132013346162,0.9136825511330169,5.143951055939428e-06,1.2793183481974207e-124,9.071228771588889e-06,3.7328981709305646e-06,8.180655522958385e-06,1
0.09238471218741363,0.9075877103849902,5.39987655685502e-06,8.207715410328225e-89,8.56904632186647e-06,3.707997378141856e-06,9.900507339374232e-06,1
0.12527175286850853,0.874706706731953,5.681233762987323e-06,1.3539856734606166e-07,7.960778970436073e-06,4.169465556460038e-06,3.593522681397706e-06,1
0.05791823616133381,0.9420650211388439,5.109042432837241e-06,1.0772503520294785e-07,5.458145419832133e-06,3.2087289330138724e-06,2.8590580014539524e-06,1
0.05066590932492155,0.949211626039949,4.356713364516513e-06,9.18620478751945e-08,0.00011285628250473481,2.7217281318468883e-06,2.438049080352808e-06,1
0.03935484032975064,0.9586308593531515,4.483930206047309e-06,8.303943508175903e-08,0.002003026869972968,2.80120310012438e-06,3.90527438385015e-06,1
0.04623148141855631,0.950636542846623,4.429641395536526e-06,8.105741216290918e-08,0.003119997320869177,2.7672877675217955e-06,4.700427376206634e-06,1
0.10619110886338554,0.8914160951769948,4.908820419106254e-06,8.976064124977273e-08,0.002367486463345078,1.0296375101464688e-05,1.0014540112889183e-05,1
0.1195318234911844,0.8781181093940587,4.880700873898434e-06,9.016165993356574e-08,0.0023244840404043152,1.0552930295332798e-05,1.00592815233665e-05,1
0.09600680946875964,0.9020962273949573,3.940230761480093e-06,8.419275632648966e-08,0.0018790722185112688,8.398341805813515e-06,5.468152448186866e-06,1
0.09400254967654004,0.9022784775558687,4.337840078978793e-06,1.0085978537994575e-07,0.003702969527506585,8.279398003675415e-06,3.2851422166971788e-06,1
0.1957041758075077,0.7990479968122711,9.353527639325922e-06,2.528046609650811e-07,0.0052075989282781695,2.533143397392067e-05,5.290685668862028e-06,0
0.6991780080794107,0.29777335255172216,1.7543399616936616e-05,3.858011774692684e-07,0.0029744766843748465,4.770234295115178e-05,8.53114074674473e-06,0
0.6153172081165201,0.3824402847679166,1.2139885293820003e-05,3.099628167804998e-07,0.0021911424425651816,3.206068194888576e-05,6.854142938489428e-06,0
0.16943779137638604,0.8296173284406223,4.743875941878111e-06,1.200077397200076e-07,0.0009231541980873714,1.4223829161400773e-05,2.638272061094504e-06,1
0.15552769554296028,0.8436558445622155,4.254091225214701e-06,9.466500445281781e-08,0.000795989097994767,1.2510535690152099e-05,3.611504909508691e-06,1
0.1122000545703261,0.8874615668762462,4.168843470479536e-06,8.433584779977167e-08,0.0003205536871489537,9.66269276882968e-06,3.908994191635881e-06,1
0.6353949101382615,0.36245492718204203,1.1687765013798513e-05,2.894851609879905e-07,0.0021178640266362285,9.195404366738267e-06,1.1125998518617436e-05,1
0.5722327855671852,0.42468915269874735,1.5205396952814903e-05,3.9821314149780526e-07,0.0030382018451070463,9.68416749299769e-06,1.4572111373148688e-05,1
0.4275770950807711,0.5702301200554781,1.1075386509998152e-05,2.7431763412986643e-07,0.0021662691696411143,7.71087277477477e-06,7.455117190911207e-06,1
0.3676082164648125,0.6304026094056399,1.3927380404859169e-05,3.1619478134123967e-07,0.0019574493344748202,8.888009473775838e-06,8.593210412924154e-06,1
0.38290379859034895,0.6154465406409008,1.317189890653805e-05,2.990430054706205e-07,0.0016196568641116634,8.405885304036225e-06,8.127077422410046e-06,0
0.17601962887693204,0.823185915763803,7.379258721794149e-06,1.8471162698740858e-07,0.0007776154952850414,5.35885163682504e-06,3.917041994487543e-06,1
0.20382217736177985,0.7961378776080827,7.775928305300615e-06,1.5901312746377487e-07,2.1844461111997675e-05,5.408817421890195e-06,4.756810170610062e-06,1
0.24085423580741364,0.7583172723692625,8.394845083108165e-06,1.7682813556792226e-07,0.0008080349286190758,6.0147933418769195e-06,5.870428144250017e-06,1
0.17946824284222665,0.8152745220580353,1.0075743835474905e-05,1.596710443617049e-07,0.005236501974138456,5.614035839498389e-06,4.8836748802662435e-06,0
0.17101747009925658,0.8254197330524192,1.0953394325254878e-05,1.709025904018662e-07,0.0035404364129936177,6.008937133308454e-06,5.22720128157564e-06,0
0.06870227692239601,0.9292481136375096,1.0339640322856885e-05,1.1339010375533373e-07,0.002029578116800811,5.128202138604815e-06,4.4500907283298475e-06,1
0.06284205450467292,0.9356182885169476,1.0907952929753284e-05,1.1022919496714406e-07,0.0015199066663303422,4.985246283810771e-06,3.7468836406438357e-06,1
0.05456290024736178,0.937171381093381,1.54956269050146e-05,1.0427773836291719e-07,0.008231280235234664,1.5293936185295116e-05,3.5445831938790184e-06,1
0.052899089999719866,0.9408119957148847,1.690537523219833e-05,1.0761246680090518e-07,0.006251596064234065,1.5783025464814954e-05,4.522207997621125e-06,1
0.07984682922403336,0.9183950995693447,4.014755638565178e-05,1.4351878023021262e-07,0.0016894886066849018,2.3181600754148614e-05,5.109924016841634e-06,1
0.11077041583391653,0.8882796051722185,4.017906380276308e-05,1.6508049273428813e-07,0.0008630560452902123,3.71024507049064e-05,9.47635357421023e-06,1
0.13717974778102732,0.8617134146917673,5.3666858037672974e-05,1.712550360666048e-07,0.0009974678789752267,3.915331587874935e-05,1.6378219277371368e-05,1
0.42826029877819816,0.5649215243165729,2.9151231634402623e-05,2.946619231669282e-07,0.0066873277885120775,6.982370505656829e-05,3.157951810280332e-05,1
0.5412766606824705,0.45200724869844083,2.493838613711212e-05,2.655056428017245e-07,0.006612232100934338,6.291477193454673e-05,1.573985443979897e-05,1
0.1227763412058291,0.8770368533997254,1.845440695442312e-05,1.2258818201123686e-07,0.00013054850094386996,3.501984507631268e-05,2.660053289000941e-06,1
0.06365770562762978,0.9361447996544648,2.013637778140042e-05,1.2307885485782355e-07,0.00013682279580232604,3.774176501821369e-05,2.670700448441373e-06,1
0.07056533166976518,0.9291770258588135,2.8767506542713476e-05,1.4405724662555037e-07,0.00018793027268458636,3.699959206201812e-05,3.8010428855236584e-06,1
0.0700201550097825,0.9296990620497011,2.2037148735246286e-05,1.5367939276665513e-07,0.0002152174226488977,3.9470939323759095e-05,3.90375041572892e-06,1
0.4808024365788173,0.5190336758454354,1.4806960309959936e-05,1.1422059709359077e-07,0.00012583591179567372,2.1199440809702865e-05,1.931042234908732e-06,0
0.6205206894172076,0.37934803287783614,1.1967147558578072e-05,8.919238584805186e-08,9.835333647761508e-05,1.940852459378308e-05,1.4595039402576734e-06,0
0.431089385727139,0.5687813219293011,1.545160701311666e-05,0.0,9.00071200329688e-05,2.172246740326308e-05,2.1111491106491072e-06,0
0.543332044459198,0.45655211156322406,1.1737803316155433e-05,8.20957462520617e-08,8.42798662946992e-05,1.8252968229969983e-05,1.4912439908286544e-06,0
0.6250055080412101,0.37003191431647814,2.0180959825637403e-05,1.8536220388742388e-07,0.004896635167745972,4.248448982917246e-05,3.0916627070624597e-06,0
0.41736148319802113,0.5824338607969225,2.5156601599812614e-05,1.4308893770211228e-07,0.00014225128477671876,3.488074481361013e-05,2.224284928571793e-06,0
0.33296925375776015,0.6667518259713785,3.2043314127895806e-05,1.770336171607276e-07,0.0001984890168205021,4.534109943695564e-05,2.8698068587827767e-06,0
0.014025448899711,0.9767428640948365,3.7273665547335885e-05,1.2727602905381286e-07,0.009135447755558558,5.3323106924426653e-05,5.515201393256981e-06,1
0.027344985080328475,0.9708113124525897,3.18847001636317e-05,1.1902220806646753e-07,0.0017771679887296046,3.188549135412268e-05,2.6452646262469077e-06,1
0.05763223766536916,0.9379163560994529,2.788643964136017e-05,2.634189288904774e-07,0.00437642943656709,4.422825382266434e-05,2.5986862181575964e-06,1
0.042338829919118554,0.9541693081560986,2.8650690074270938e-05,2.7848601679725213e-07,0.003419401947818317,4.0860895557617375e-05,2.6699053157823988e-06,1
0.06255646489775561,0.9329201301177661,2.6668799953839115e-05,2.7916389720385406e-07,0.004454627681329166,3.935321505258244e-05,2.4761242452472083e-06,1
0.06442179103856063,0.931568757051645,2.2868260296883164e-05,2.7875951685066453e-07,0.003944536142195896,3.929621030676286e-05,2.472537477735852e-06,1
0.13240604288170515,0.8630053593339532,3.566861412261102e-05,4.470819217606932e-07,0.004489644771392176,5.89315073310567e-05,3.905809574103499e-06,1
0.15764752259277776,0.8402251116232966,3.286787690257409e-05,4.7093758936202966e-07,0.0020390076877071337,5.146557644285105e-05,3.5537052841006585e-06,1
0.16143845590031414,0.8351226568900633,3.590232770261143e-05,5.040730396054791e-07,0.003349717926432135,4.895913633667462e-05,3.8037461117625984e-06,1
0.18959076539240668,0.8071446716750147,5.381403726054191e-05,5.360733550962974e-07,0.0031515323819325727,5.463521884278203e-05,4.045221187911571e-06,1
0.16096889655184468,0.8360765087596087,6.757270455260079e-05,6.731315524063837e-07,0.002809863842701472,7.140554441664441e-05,5.079465323466733e-06,1
0.09080259882817139,0.9061505835256696,4.444757071526409e-05,4.4104686152292685e-07,0.0029518147925479674,4.678608683207867e-05,3.3281492022187004e-06,1
0.07638552179015345,0.9207641650959878,3.223491668441462e-05,3.3212800792492294e-07,0.0027573239042614733,5.762790815097491e-05,2.794256753969308e-06,1
0.0126066721141909,0.9829700622816122,3.6684141261356294e-05,7.814911210987595e-07,0.004321020951605097,6.171766765097255e-05,3.061352558363753e-06,1
0.8967166457011244,0.10274157115556579,1.6211761670887546e-05,1.733701987222189e-07,8.235041908121989e-06,5.964485513178314e-06,0.0005111984840189374,0
0.3188069475324928,0.6811540404147215,1.01714245911915e-05,2.3017949023146818e-07,1.2793311120677541e-05,7.2146560107249704e-06,8.602481572878603e-06,1
0.3463937610510137,0.6535563400774573,1.3813569540203097e-05,2.7229571671819817e-07,1.5134119105489019e-05,8.193478275094394e-06,1.2485408891505483e-05,1
0.330320396397716,0.6696225693165075,1.3139752986309022e-05,2.5901331632594765e-07,1.7357826504975584e-05,7.793805961601347e-06,1.848388700740138e-05,1
0.354391130136101,0.6455637066088378,1.1612209592078908e-05,2.627844762945424e-07,1.7265929741015183e-05,7.907281552209199e-06,8.11504969970568e-06,1
0.3161893737458497,0.6835993917596006,1.2737003319277724e-05,2.5107423809398683e-07,0.00018173963067748288,7.55491617735562e-06,8.951870137606661e-06,1
0.2565641966083424,0.7432692738331207,8.927637217426292e-06,1.8782151405189113e-07,0.00014484270072308528,6.3324297333979885e-06,6.238969349104406e-06,1
0.10891092402702092,0.8897023423680082,8.995213171218024e-06,1.6806690265068256e-07,0.0013661910360153978,5.6664001294934285e-06,5.7128887520518035e-06,1
0.11398049306259851,0.8548884786979702,8.650530262041233e-06,1.5552959275686324e-07,0.03111079763977367,5.344740529480682e-06,6.079799273509252e-06,1
0.11335758876143039,0.8820685449788361,6.634464709468123e-06,1.400280726316373e-07,0.004557680003081464,4.763042466265857e-06,4.648721403535342e-06,1
0.042412780988955144,0.9555000687004613,6.7305924544397985e-06,1.2616080475343217e-07,0.002071527334600298,4.4802548143325975e-06,4.285967909576739e-06,1
0.030799290767121942,0.9691872863233272,3.178111754437224e-06,7.085162097826151e-08,5.470703438871854e-06,2.516100912732081e-06,2.18714182384408e-06,1
0.0817886241075958,0.9181858947765807,5.099191566730263e-06,1.0420111800465818e-07,8.551527868166002e-06,3.6167227661025365e-06,8.109472504570025e-06,1
0.09154234641361159,0.9084315201295999,5.766940669675253e-06,1.1151230820444263e-07,9.151539153458775e-06,3.870487299048182e-06,7.232977357909568e-06,1
0.10402305842631486,0.8959624254908932,4.922279958551634e-06,1.0728034284019416e-07,9.337847652082536e-09,3.3035925204006555e-06,6.173592122545778e-06,1
0.12577290362730187,0.8742054875671545,5.699275698781034e-06,1.3582855357097873e-07,7.986060074689915e-06,4.1827065588552975e-06,3.6049346577739313e-06,1
0.0492020867988313,0.9507754173904849,6.865622404910097e-06,1.4476282492888998e-07,7.331425076541813e-06,4.311947207991631e-06,3.842053169407502e-06,1
0.037496719722565165,0.9624869786545182,4.836298848676693e-06,1.0197418999245783e-07,5.61948860623022e-06,3.0374326008156983e-06,2.706428670832715e-06,1
0.03202732226448515,0.9667151218436492,4.437051312347896e-06,9.355598727226114e-08,0.0012463889224117353,2.771916894423833e-06,3.864445259779341e-06,1
0.02818931817234652,0.9687227488868402,4.0757768323562805e-06,7.45820921118432e-08,0.003077686566942187,2.546221322270751e-06,3.5497936244021353e-06,1
0.08488732883943763,0.9111237544194503,4.475118737594218e-06,1.0184854079003122e-07,0.003971894951109277,9.127475381217952e-06,3.317347343125153e-06,1
0.21520206225958377,0.7831243023432387,6.398634525514754e-06,1.633737661497641e-07,0.001646883758752585,1.6597991429170545e-05,3.5916387039231134e-06,1
0.10913822700938924,0.8903915797831267,4.021434481607715e-06,8.319768250455112e-08,0.0004505394815659515,1.0762550903874781e-05,4.7865428502500586e-06,1
0.0742003729796328,0.9254959023100313,3.9263992892930044e-06,9.226978289986064e-08,0.00028568709001056087,8.556895761128925e-06,5.462055491642056e-06,1
0.5659793087514172,0.4321107598433074,1.2776721256141201e-05,2.838148271012325e-07,0.001878017945489803,1.005214583734476e-05,8.800777864908245e-06,0
0.6240590348877328,0.3744054850579245,1.1964563730896927e-05,2.657740212493105e-07,0.001502447046479165,9.41317706570247e-06,1.1389493045822259e-05,1
0.6283879729560732,0.369618247241515,1.3139610520325525e-05,2.977125969016392e-07,0.001964072343803001,8.179214519190913e-06,8.090920972515729e-06,1
0.5054010610358576,0.4923395354793636,1.0338220253831266e-05,2.5605933649217025e-07,0.002234652647808739,7.197645068452417e-06,6.958912311384147e-06,1
0.3683177745374446,0.6296602677429094,1.334211264067329e-05,3.029073857691144e-07,0.001991566089844816,8.514510274244762e-06,8.232099500509049e-06,0
0.3903696122554712,0.6078316101196504,1.3428723057183908e-05,3.048737111594149e-07,0.0017681887076021158,8.569782276595286e-06,8.285538231368091e-06,0
0.20867221223670265,0.7900022595436498,1.2016771997147134e-05,2.769778708816836e-07,0.0012980027031850132,8.552110792030236e-06,6.679655802453078e-06,0
0.07381304258470589,0.9244365121303857,1.1673004635371946e-05,1.2559253597459747e-07,0.0017292068936002349,4.415835074878397e-06,5.023959062172402e-06,1
0.0614438105304089,0.9334162748329854,2.574190388517412e-05,1.0909724161114162e-07,0.005088868759532633,1.7398580710312656e-05,7.796295236042548e-06,1
0.09415523965792162,0.9025276301660212,2.0683469483090833e-05,1.3587694964459582e-07,0.0032701030266217594,2.158910720357236e-05,4.618695799381224e-06,1
0.19019926054897726,0.8066903268407347,2.53723812245376e-05,2.298977956884274e-07,0.0030408102747036363,3.652781557110734e-05,7.472240992866296e-06,1
0.13282464520789483,0.8625064952573808,4.252095814291973e-05,2.401745616746838e-07,0.0045777523497462815,4.053979123575671e-05,7.806261037933065e-06,1
0.08671519445997235,0.911524352762071,5.231526111980538e-05,1.4244507981356956e-07,0.0016768491136652322,2.6074262712982467e-05,5.0716953784913325e-06,1
0.088527446740742,0.9104948748387662,5.0761482774941596e-05,1.4706193638046028e-07,0.000891068628798939,2.967731407671564e-05,6.02393290484088e-06,1
0.27819998299044435,0.7191026905456687,2.3218212779874778e-05,1.6727104969156533e-07,0.0026289375494926988,3.7800293904172955e-05,7.203136660551281e-06,1
0.16804215297227282,0.8317879651200315,2.1930709378569203e-05,1.271193471816119e-07,0.0001092464494004835,3.10463147194561e-05,7.531314850050786e-06,1
0.06291874550077045,0.936888182948439,1.7826119179145026e-05,1.2437007489387082e-07,0.0001382582034971088,3.4164139277410006e-05,2.6987187618494032e-06,1
0.04609197099871326,0.9536694338586126,1.8661366695559747e-05,1.4198714306847978e-07,0.00018098699362578032,3.5516665776676537e-05,3.2881294330377767e-06,1
0.04834640207998828,0.9514244695362155,2.3642886144505242e-05,1.4536047450254083e-07,0.00016297066877651203,3.914146748514869e-05,3.228000915768866e-06,1
0.057496234520523666,0.9423008898530125,2.4377534710959782e-05,1.4691543521390105e-07,0.00014094226035172395,3.36701279784505e-05,3.7387879872430754e-06,1
0.07002492697157135,0.9297335787859055,1.9279965300316097e-05,1.3174365706713071e-07,0.00017601748231027884,4.291397108751326e-05,3.1510801679178076e-06,1
0.024638286432634732,0.9750938279928627,1.8321930483347917e-05,1.4562479147093308e-07,0.00020549617626004521,4.115127932588947e-05,2.7705636418643716e-06,1
0.0414701632769143,0.9582671958756717,2.2709566043101726e-05,1.454927669560442e-07,0.00020468414757502396,3.2333589200654815e-05,2.7680518283394133e-06,1
0.3448077940461767,0.6549905852896198,1.7683899285322485e-05,1.3566261035368668e-07,0.00015238770998863822,2.9175567093382593e-05,2.2378252257246302e-06,0
0.39203814964459355,0.6077816527916347,1.6392646344024524e-05,1.2230242299060577e-07,0.00013812518896375448,2.363831552541868e-05,1.9191105157123624e-06,0
0.547222556214146,0.44583922685750565,2.3364086878143665e-05,2.6767227718674537e-07,0.006848910913393324,6.168983676164784e-05,3.984419038118958e-06,0
0.6222799300520467,0.37169463999962565,2.0725909718294767e-05,2.0801491643211022e-07,0.005959369456321427,4.1666050609969995e-05,3.4605167614344994e-06,0
0.6354568466573473,0.3582550219296794,2.7332301846818697e-05,1.896596294607664e-07,0.006206112429918548,5.142250593550937e-05,3.0745156429634074e-06,0
0.56939588795539,0.42291888618151635,2.770986866906553e-05,2.1769648119912383e-07,0.007594382586297099,5.9386698968404054e-05,3.5290126779629254e-06,0
0.6449344371374862,0.34862014366403093,2.1133177439490878e-05,1.8413502599455486e-07,0.0063708856551639255,5.0231272908245326e-05,2.984957945174321e-06,0
0.6394086236374898,0.35331685860636913,2.5579170987743784e-05,1.9088450046003282e-07,0.007184013575118186,6.163975387355143e-05,3.0943716611290226e-06,0
0.5908719405570927,0.39920934787690887,3.5427821741973266e-05,2.222868614707357e-07,0.009807677937201068,7.178009423163836e-05,3.603425962394344e-06,0
0.03710909803167728,0.9625722725766888,3.052661522614371e-05,1.3145968861868408e-07,0.00024530222671760154,4.0191412090300565e-05,2.4776779114462822e-06,1
0.01563564895783829,0.9686494175795232,3.2805877689235365e-05,1.6182798207869892e-07,0.015636239883530835,4.267579679969172e-05,3.0500766367030917e-06,1
0.02296433307330423,0.9739989545020037,3.4063742916794735e-05,8.204860178650484e-08,0.0029574638304682072,4.2379133995408304e-05,2.7236687098728143e-06,1
0.018621896969464355,0.9767728480714372,2.884913103101642e-05,2.804148719651461e-07,0.0045275118619396175,4.592515359092227e-05,2.688397664968763e-06,1
0.02884412063065785,0.9674574496997604,2.9049690987186715e-05,2.8236432390428296e-07,0.003618699714838022,4.769081195283657e-05,2.7070874798292096e-06,1
0.08849343228091008,0.9076282055436591,2.7640806091981667e-05,3.464587848616203e-07,0.003798722699943294,4.694151777230434e-05,4.710692838329202e-06,1
0.175369740752743,0.8215206760720724,3.762154941443538e-05,4.958629979319448e-07,0.0030171868872473366,5.053708256621557e-05,3.7417929588672232e-06,1
0.09575719288346328,0.9010023312753671,3.506318716151575e-05,3.412368970270745e-07,0.0031488591168415624,5.321845494228546e-05,2.993845327309628e-06,1
0.013533642403512921,0.9819948723148479,3.57465271852262e-05,6.827160110230428e-07,0.004364327671521374,6.788299020058851e-05,2.845376721139252e-06,1
0.9589559772214636,0.04034532603729739,9.919814956172183e-06,1.355110431971367e-07,6.123665129077065e-06,4.6620103107802325e-06,0.0006778557397997441,0
0.7986371366940046,0.20099554022063207,1.5084371469072755e-05,2.060622020449404e-07,9.223739458234465e-06,7.089194267348761e-06,0.0003357197179665848,0
0.6136719745231871,0.385270257774928,1.1863770527871288e-05,2.2039664495320394e-07,8.784457083976155e-06,7.470295608280749e-06,0.0010294287820197987,0
0.5640220500236901,0.43594362716745716,1.1177942744911265e-05,2.0765582684440965e-07,8.61206692097805e-06,7.0011464813322005e-06,7.323996878794461e-06,1
0.452534839488664,0.5474190352845603,1.3287402415096107e-05,2.482623286042717e-07,1.0462296565333478e-05,8.370200609190985e-06,1.3757064857610507e-05,1
0.37377456095356887,0.6261836804461687,1.0887518683944856e-05,2.4638471023285094e-07,1.3693992675963969e-05,7.722586095071438e-06,9.208118097254226e-06,0
0.34596597668106366,0.6539919190647011,1.1059417064445991e-05,2.502747731478955e-07,1.3910201275179866e-05,7.530859983059042e-06,9.353501139463406e-06,0
0.44154326341513567,0.5584128367365154,1.0268237604587707e-05,2.9714313391158793e-07,1.9112724320244346e-05,6.992109911609096e-06,7.22963337855752e-06,1
0.3290095111151965,0.6707998369219658,1.1448952111809417e-05,2.59089957080641e-07,0.0001631468494391338,7.796112110100982e-06,8.00095921970441e-06,1
0.2812315616172402,0.7178161939398242,1.0858623303987132e-05,2.457308073533592e-07,0.0009261575432428076,7.39413038088599e-06,7.588415200699307e-06,1
0.12978607179077814,0.8686669149874535,7.264545613733553e-06,1.5283304225301038e-07,0.0015293663165492407,5.152788304865066e-06,5.076738258448245e-06,1
0.1468021836141529,0.8513154430319078,8.963145287126378e-06,1.642552616933346e-07,0.001862251906960066,5.5378900988231435e-06,5.456156331753941e-06,1
0.16472015198511517,0.833671300938521,8.665571245731601e-06,1.5580001757443664e-07,0.001589096658089641,5.354033619348933e-06,5.2750133916240205e-06,1
0.1483099845402238,0.8214222807088228,7.556601801253821e-06,1.677732928515971e-07,0.030249153474061343,5.678864194921548e-06,5.178037603113373e-06,1
0.17120084381074105,0.8253426911498162,8.07995973178541e-06,1.7975295082475425e-07,0.00343752936378633,5.128193583175964e-06,5.547769390593481e-06,1
0.1470514199414299,0.8476628040506659,7.015980704218027e-06,1.5608286134788142e-07,0.005268800247069135,4.986464970566657e-06,4.817232299158317e-06,1
0.08071788087412182,0.9150936653507139,6.750512182033786e-06,1.2653418776254141e-07,0.0041728744277072126,4.403648512190392e-06,4.29865257497778e-06,1
0.04323765028443295,0.9536661529557909,6.140528233628911e-06,1.1510041483120439e-07,0.0030778467133020823,4.005729830700965e-06,8.08868799480152e-06,1
0.037468865067055636,0.9625126699806723,5.1195615234572465e-06,1.0461737462825867e-07,6.480018404086191e-06,3.631170641863801e-06,3.129584327983188e-06,1
0.08236098258433783,0.9176272867669899,4.157027672456063e-06,9.574817086586162e-08,6.968608440622327e-09,2.948470640009864e-06,4.522433580381629e-06,1
0.032853567034887114,0.9671309403845476,4.2570410411810924e-06,8.976043985740689e-08,6.089877053994474e-06,2.673630320639075e-06,2.382271709680749e-06,1
0.02414739719658714,0.9757785900364395,3.922157736868019e-06,8.269936799898208e-08,6.534973413743777e-05,2.463307200042891e-06,2.1948685312307464e-06,1
0.02383117220890481,0.9745821665642228,3.991897648351051e-06,7.278279118439893e-08,0.0015734192887479686,2.1299894701687676e-06,7.047268214594034e-06,1
0.06632349352559735,0.9316258027657653,3.929520129990364e-06,8.396389724647521e-08,0.0020317545991099936,8.375512801714002e-06,6.560112698437865e-06,1
0.7104457780133118,0.28719038737604896,1.2255778702470304e-05,3.129218766498568e-07,0.002314410003755803,2.9936330293919662e-05,6.919576010490718e-06,1
0.046082178887920856,0.9537172466887005,3.779235765915393e-06,7.705768964548138e-08,0.00018573861487813885,6.4179634332272064e-06,4.561551611735573e-06,1
0.4934167647916143,0.5037820783861638,1.5127801214051633e-05,3.1897228096066296e-07,0.002762865162421427,9.669343455625428e-06,1.317554284978309e-05,0
0.5762504383816197,0.4219374933429424,1.3975408537210852e-05,3.3837753160175347e-07,0.0017738828821586027,1.0103914104474324e-05,1.3767693106048458e-05,0
0.6228043202249831,0.37584320304695407,1.2526721374893505e-05,2.8554932820556405e-07,0.0013178843692427012,9.855457249150601e-06,1.1924630867891001e-05,0
0.4244264716092738,0.5728684947664633,1.3497505397166439e-05,3.064352838542576e-07,0.002674288029594569,8.613676969755239e-06,8.327977017628064e-06,0
0.338354918698251,0.6600961261309924,1.2261612222607266e-05,2.783766711983897e-07,0.0015200072057059346,8.84254671016429e-06,7.565429446716708e-06,0
0.16140528881970798,0.8377482400879233,7.980622061303694e-06,1.4431276993902137e-07,0.0008287599154486821,5.111265765903059e-06,4.474976322677892e-06,0
0.1506470602933333,0.8454144413388992,8.813278216779928e-06,1.340291355513158e-07,0.003920739199137117,4.712466017429888e-06,4.099395260627148e-06,0
0.11412690902987031,0.8831426575011442,9.559152430272898e-06,1.3213441168575334e-07,0.0027112266552738146,4.645847503536259e-06,4.869679366034624e-06,1
0.07584660569940867,0.9223362269320063,1.061486849704428e-05,1.1420780640666438e-07,0.0017979450194000068,3.92472635506111e-06,4.568546526392662e-06,1
0.06838840486582158,0.930362935701411,1.0888874910786e-05,1.0795626231984721e-07,0.001230136669448892,3.7856018074872236e-06,3.7403303379641533e-06,1
0.05902756500924152,0.9388773605196647,9.098578229053341e-06,1.1745020933798575e-07,0.0020766327749837934,5.2333290891184765e-06,3.9923385822591254e-06,1
0.06618807998299657,0.9317126792182122,1.0749009070720623e-05,1.1495097673464279e-07,0.0020792706589872895,5.198794473257358e-06,3.9073852832858306e-06,1
0.07172207735189401,0.9262422434926088,1.063454434957632e-05,1.1372687957269723e-07,0.0020159216749690827,5.143433225001573e-06,3.865776074110178e-06,1
0.047282967162023376,0.9488747083212988,1.0280361994948031e-05,1.0564323927709548e-07,0.0038235696714891223,4.77784099006487e-06,3.590998964566127e-06,1
0.06478672588234598,0.9301640948049528,2.172176926155299e-05,1.1397459575950461e-07,0.005005292962371661,1.817641009032152e-05,3.874196381707881e-06,1
0.14367995048112778,0.8498663457128995,2.3017867825008876e-05,2.1655295911594767e-07,0.006383909326348199,3.8801729870609944e-05,7.758328969737279e-06,1
0.41731074028399084,0.5776159993417377,2.5680241849464254e-05,2.73700625636026e-07,0.004955295796001319,6.267758261623555e-05,2.9333053178794886e-05,0
0.2980051108897374,0.6995304883539378,2.1839431354872162e-05,1.612768518792135e-07,0.002400875249411809,3.548141847281225e-05,6.043380233137563e-06,1
0.1217774190105881,0.8749532635907002,3.142980310814107e-05,1.7395946514768996e-07,0.0031883834314094814,4.368427063924273e-05,5.645934089677664e-06,1
0.09805633125995351,0.901787097490766,2.017504148915697e-05,1.1694277915012385e-07,0.0001010417093561244,2.8243416968369717e-05,6.99413868764912e-06,1
0.0629431476054805,0.9337191651708483,2.6457127550840544e-05,2.7688420925752803e-07,0.0032440686323680773,6.0461110294054044e-05,6.423469248736349e-06,1
0.05735201290426482,0.942379681536746,2.2712087069227034e-05,1.559019920458685e-07,0.00019988448930029578,4.117028178679221e-05,4.38279884103672e-06,1
0.08704904794651198,0.9126583433804282,2.478903942887264e-05,2.227710191465697e-07,0.00021816332736759511,4.4614076813314624e-05,4.819458430909e-06,1
0.13967508282639698,0.8533113870094122,4.6413455178698225e-05,3.7112626772754447e-07,0.006836339067647606,0.0001203189097447015,1.008760535207073e-05,1
0.04024065875504893,0.4168703105081966,1.0472289238052231e-05,7.753322890543479e-08,0.5428436068444746,3.1520183665609444e-05,3.3538861472431197e-06,1
0.06956543135912804,0.9132579431873065,2.3783186989035505e-05,1.5548015896012358e-07,0.017097693368870653,5.109811016698931e-05,3.895307379782822e-06,1
0.05527334994798296,0.9444693123983409,1.776344643792523e-05,1.2953883268630046e-07,0.0001984355895201911,3.832552960764357e-05,2.6835492776871925e-06,1
0.032653674224045956,0.9670826589970221,2.5778832566042227e-05,1.4442836833608556e-07,0.00020380786222424935,3.1187854508881424e-05,2.7478012646330497e-06,1
0.17464938361817073,0.8251118950119368,2.1593331046800027e-05,1.3145803525485287e-07,0.00018884017305985428,2.5404118741781218e-05,2.7522890087999094e-06,0
0.4883269599609172,0.5114848705882579,1.5740287693712096e-05,1.3175863431472796e-07,0.0001500528812513516,1.9911660512018377e-05,2.3328627335476084e-06,0
0.5068340454186064,0.4929844940468572,1.5815365053173678e-05,1.2428064893683516e-07,0.00014035934611252083,2.2859158711393107e-05,2.302384010349206e-06,0
0.581101083585313,0.4100016062605536,1.930160371591322e-05,1.8620945602170735e-07,0.008834973576430661,3.92243532286205e-05,3.6244113022614597e-06,0
0.6511195706493693,0.3420761571052283,1.747296516313398e-05,1.685679276189347e-07,0.006732837069391587,5.103524243023205e-05,2.758400489856986e-06,0
0.4025375743596307,0.5973348544671182,1.5631001766520798e-05,9.681605972851728e-08,8.550028841699079e-05,2.433762724048452e-05,2.0054397672723595e-06,0
0.3127023732928897,0.6871376158471549,1.8368228006999794e-05,1.1894898296044902e-07,0.00010815051500102989,3.1239126713637755e-05,2.1340412508933366e-06,0
0.612527396272117,0.3873598421903374,1.1497771510111417e-05,8.255373652879004e-08,7.878869022187295e-05,2.1037583412747202e-05,1.3549386643126407e-06,0
0.1617951943031226,0.8078649200499176,4.877266446119065e-05,3.460358697812067e-07,0.030182069056955824,0.00010357714308414971,5.120746588646592e-06,1
0.043002597629390606,0.923628691605003,3.215783717557149e-05,2.598695718167304e-07,0.033274007553261695,5.8439874725891635e-05,3.845630871201216e-06,1
0.04265460967332496,0.9322025031321647,3.782583483803795e-05,2.5470497062406815e-07,0.025022470282784152,7.8281980982817e-05,4.054390934659473e-06,1
0.04323898956429914,0.9564183689523149,3.226581076276296e-05,1.3195507774661167e-07,0.0002674138345010298,4.034286831840215e-05,2.4870147257407168e-06,1
0.02539697835901585,0.9742485790311908,2.9022813686946253e-05,1.3438205889833518e-07,0.00028166778322847035,4.108487372423609e-05,2.5327570947840824e-06,1
0.009666948625687398,0.98352158229317,3.407944840916503e-05,8.916488461842447e-08,0.0067282857849460306,4.605478351431044e-05,2.9598993884935074e-06,1
0.027750336618092217,0.9687127632816696,3.0481298805707792e-05,1.319703071470908e-07,0.003454324606358618,4.9332696007822775e-05,2.6295287591765935e-06,1
0.02978099053857317,0.9660794369253688,3.411836242443801e-05,1.4605573405355105e-07,0.0040587887030523635,4.360923178087359e-05,2.910183066471153e-06,1
0.01511720529912705,0.9803157450155533,2.8622978741799898e-05,1.4152021131166578e-07,0.00449202007638352,4.359778703547004e-05,2.6673229474806215e-06,1
0.02192187401683219,0.9734597203920606,2.8951478847954006e-05,2.8140969742285604e-07,0.004543574077287815,4.2900690003296015e-05,2.697935270513063e-06,1
0.02582396692809346,0.9699205647718968,2.8352503833911582e-05,2.755876329144849e-07,0.004176015051448479,4.8183039208050803e-05,2.642117886363952e-06,1
0.05522628518963133,0.9418474732567458,2.780573925910827e-05,3.016386296495451e-07,0.0028544763834155227,4.1043112716752835e-05,2.6146796018187426e-06,1
0.07895650717208086,0.9179612181281401,2.7955486481428765e-05,3.5040309042871625e-07,0.0029953358718404753,5.286012932360737e-05,5.772809042980107e-06,1
0.0913255147511382,0.9060875051041591,2.7900616550924526e-05,3.627388170442501e-07,0.002512704160177786,4.327539416027678e-05,2.737234996732472e-06,1
0.07688519335134493,0.9201688688457412,3.214956775065398e-05,3.6708451330474735e-07,0.002868432380878565,4.219631957191012e-05,2.7924501995540513e-06,1
0.9734261993692641,0.025598560716268648,8.911513204860966e-06,1.2173699370313206e-07,5.5652482756331245e-06,4.188139257564079e-06,0.0009564532767357274,0
0.9738174169314355,0.02560884871398743,8.915094719796072e-06,1.2178591949733553e-07,5.567484935037487e-06,4.1898224602880664e-06,0.0005549401665426959,0
0.7398160572753245,0.2592915594292236,1.3125541477026727e-05,1.9088534562946217e-07,7.557920941461075e-06,6.567062200287192e-06,0.000864941885487225,0
0.6013849120818936,0.39853908150975176,1.1515306895669265e-05,2.1392313678435428e-07,1.0160015666500003e-05,7.2124497498233776e-06,4.6904712906018964e-05,1
0.1805942439178172,0.8175414896175989,9.889456826758552e-06,1.912576349345892e-07,0.0018376062781339797,5.865902323559649e-06,1.0713569664749228e-05,1
0.20540761830990914,0.7488088371904383,1.1595483441098504e-05,2.2425142024656483e-07,0.045757213065066416,7.590560687301901e-06,6.92113903739977e-06,1
0.042202189648832385,0.955850229380078,6.395874622827136e-06,1.1988672542276023e-07,0.001932734938396448,4.2574481020443814e-06,4.0728232429272745e-06,1
0.027580647011081826,0.9717589143131458,4.222844084238688e-06,7.915460810056812e-08,0.000650200056396618,2.810958718218961e-06,3.1256619649283545e-06,1
0.04409914699914038,0.9558800610633579,5.410438563941355e-06,1.1056139779814416e-07,8.126058189635857e-06,3.837482093529852e-06,3.307397256511969e-06,1
0.032619616849496005,0.9673633268063225,4.749312150895668e-06,2.3838326814870682e-08,6.011380076895975e-06,3.3685624779313953e-06,2.903251149154265e-06,1
0.0849525685492569,0.9150267133939838,5.483678334505416e-06,1.3069030799539867e-07,7.683956159376931e-06,3.951168033605281e-06,3.4685639237229153e-06,1
0.07959661898807144,0.9203811257127436,6.298324701768705e-06,1.376881490171129e-07,8.002263212358278e-06,4.162734187005291e-06,3.6542889348899324e-06,1
0.02897529805418171,0.9710118334840773,3.5730383099313194e-06,7.533812505547743e-08,4.976543496306684e-06,2.244043097030361e-06,1.999498713076373e-06,1
0.12268383889587255,0.8766766891657164,4.732565614496073e-06,9.674432501174099e-08,0.000613245555172165,1.2665748643896468e-05,8.731324655441314e-06,1
0.08509969762850864,0.9145470118201008,4.126907637741352e-06,9.512222509491976e-08,0.0003404952259166368,2.9423852998507376e-06,5.630910311350728e-06,1
0.5934707337030526,0.4049058367360787,1.4432017439098656e-05,2.9216803753521897e-07,0.0015861360769552895,1.0083895562253579e-05,1.2485402874509418e-05,0
0.24850462052202305,0.7504855280031489,8.91968290781567e-06,1.7596528982928818e-07,0.0009890670074896588,6.232333855636543e-06,5.45648528492625e-06,0
0.13212760738143547,0.8670900833037949,7.172986284148963e-06,1.6533212657432214e-07,0.0007659719252156062,5.011887275224424e-06,3.9871838681142385e-06,0
0.16757620518788643,0.8315930792902239,8.475064997857973e-06,1.953440956729372e-07,0.0008077395680282769,5.921671774743097e-06,8.383872993017168e-06,0
0.291380711015718,0.6997295527446392,2.089386445601734e-05,2.3119163401313816e-07,0.008843394594610626,1.870293260425242e-05,6.513656338109185e-06,0
0.23451176315149674,0.7595044138167644,1.9699022296014684e-05,1.9494507433251478e-07,0.005940993344994974,1.691907090546379e-05,6.016648468170564e-06,0
0.053088748403617915,0.9458387724277592,1.0633529753363533e-05,1.0745603981983332e-07,0.0010543887345123302,3.696829083271786e-06,3.6526192340361027e-06,1
0.0721375359461806,0.9258715064110769,9.064078416052262e-06,1.1700486390520599e-07,0.001972585873499771,5.213485453068706e-06,3.97720051001778e-06,1
0.060557787769478504,0.9376492752300487,9.961159724894537e-06,1.0652563713109304e-07,0.001774430573414698,4.817748481213601e-06,3.620993215042758e-06,1
0.06667703937623892,0.9309799962128702,1.0672352507006505e-05,1.1413120378496117e-07,0.0023232129660875514,5.085441329654334e-06,3.879519763129215e-06,1
0.04667367753748891,0.9495275150261538,8.177118321645365e-06,1.057159196998298e-07,0.003782182361674235,4.748770942118932e-06,3.5934694995910757e-06,1
0.053505669550644286,0.9386107733640189,1.0636111219378867e-05,1.070305122070955e-07,0.007863475609079353,4.840582056267661e-06,4.497752469403872e-06,1
0.04919958559088945,0.9437894649803715,2.0100659287668828e-05,1.0501412322693884e-07,0.006970853858098159,1.5476879648989417e-05,4.413017580933649e-06,1
0.13242193280877795,0.851520521426163,3.0885857137481475e-05,2.0372228801317987e-07,0.015982650076312818,3.650745805617879e-05,7.2986512644583765e-06,1
0.14079815220871753,0.8546641423098895,3.2836358309240414e-05,2.383118704009e-07,0.004459020387911268,3.7864704288888936e-05,7.74571901293738e-06,1
0.10678300606798458,0.8908994439342435,5.9952777027619336e-05,1.6345785572613123e-07,0.0022219618361013853,3.076409345768347e-05,4.707833329370531e-06,1
0.11606908701003388,0.8820396468785361,5.602296085936248e-05,1.647033170210423e-07,0.0017974834248809747,3.0848465409278506e-05,6.746556963405533e-06,1
0.11630597311374802,0.882306806740051,4.996935939955416e-05,1.5955615956141095e-07,0.0012967179021668334,3.262570701050929e-05,7.747621464190942e-06,1
0.4115538165733341,0.5863962893517006,2.3309080653520988e-05,2.6653655750437684e-07,0.0019391921364277848,5.573556407646003e-05,3.1390757250032186e-05,0
0.40890140459738367,0.5883407332078352,2.415072220696559e-05,2.56577716316696e-07,0.002662985432289768,5.457644548567306e-05,1.5893017082539998e-05,0
0.2302170050437516,0.7672448112169944,2.7775188600586308e-05,1.749161561742954e-07,0.0024607550105216415,3.5775262098449324e-05,1.3703361877160977e-05,1
0.24660462227695434,0.75114316808574,2.569494714829297e-05,2.0385924792790249e-07,0.0021715476938987325,4.791139655283971e-05,6.8517404579050595e-06,1
0.1847097073277955,0.8151081825159759,2.5900447793276115e-05,1.5029257209580056e-07,0.00011279039467842207,3.8391261789203385e-05,4.8777593952724815e-06,1
0.08811336171615738,0.9117289875754953,2.019670218543155e-05,1.1706833339109223e-07,0.0001021273653191299,2.8273740181188736e-05,6.935832328334724e-06,1
0.06030493597712467,0.936312099187796,2.639228243057098e-05,2.3261499361967993e-07,0.003287998619498595,6.182213091532167e-05,6.519187241402552e-06,1
0.07381468556140139,0.9259191360963654,2.1700740965240467e-05,1.531788520264104e-07,0.00019875261102031693,4.124673558285161e-05,4.325075812653431e-06,1
0.0879300576419071,0.9005682999378635,1.7216278293164042e-05,1.7366807014458395e-07,0.0114233780827674,5.4644689599018345e-05,6.229701499768142e-06,1
0.03257325330201916,0.9671669357518304,2.2808700686743418e-05,1.4389063475981671e-07,0.00020304904778988158,3.1071736347785895e-05,2.7375706913881257e-06,1
0.04066294473587023,0.9590649782263244,2.347756422997387e-05,1.4847238016648066e-07,0.00021328137082599256,3.206111821774688e-05,3.108512151808393e-06,1
0.5989094261925854,0.3933820614615548,2.163700090583803e-05,1.9385039701156435e-07,0.007624018890371544,5.8306256023417934e-05,4.356348162016237e-06,0
0.5175226130778783,0.4822953924080535,1.9970395931185017e-05,1.2812441287949615e-07,0.00012897796585365826,3.0815146424466365e-05,2.1028814461020036e-06,0
0.6067678267249832,0.38444226198862025,2.995622218608047e-05,2.0770044606668533e-07,0.008674918504566836,8.146188926137505e-05,3.3669699360801496e-06,0
0.696640480068407,0.29601303707877813,2.1201989773383234e-05,1.5992528897521768e-07,0.007267961185304344,5.456725132382626e-05,2.59250112455515e-06,0
0.6482867831595962,0.3449688145319319,2.5041196335248115e-05,1.8220645819125054e-07,0.00666652004357596,4.970516759435083e-05,2.9536945081601665e-06,0
0.46285378642600555,0.5368783459644448,2.3441211287288275e-05,1.4492165669369187e-07,0.00019780615045268194,4.412607084757276e-05,2.3492553054944907e-06,0
0.40690084462763493,0.5928158165217342,2.7671318439019124e-05,1.5281426239795874e-07,0.00019299250602944666,6.004501335795837e-05,2.4771985421917854e-06,0
0.028260239516478616,0.9713860635865466,3.243901030452925e-05,1.3266339898383358e-07,0.0002780654338359258,4.055942467143043e-05,2.500364764084133e-06,1
0.02862379536200559,0.9684893714236041,3.715401887398229e-05,1.435266350149873e-07,0.0027927409678580335,5.393491064587689e-05,2.8597903773846832e-06,1
0.14713463356819953,0.8505136747995123,2.551471539669272e-05,3.297679761996537e-07,0.0022843140208763427,3.9341913467551236e-05,2.1912145714864107e-06,1
0.07645063179299272,0.9213024891115076,2.7930600520802917e-05,2.975470994833561e-07,0.0021776557644466346,3.8384650981180884e-05,2.6105324518060542e-06,1
0.09458550162658293,0.9036303541155754,3.1357184839991984e-05,6.887212404490501e-07,0.001697570555515162,5.182985320557109e-05,2.6979430405860095e-06,1
0.10589338989128023,0.8923472445448971,2.8505392771336545e-05,6.392579921632787e-07,0.0016763739738658201,5.1182683807058576e-05,2.6642553863325458e-06,0
0.09555620330350285,0.9026053335680854,2.8215112358481636e-05,6.327482038093869e-07,0.0016593028697018983,0.00014767527380834543,2.6371243392461435e-06,0
0.9719111564279762,0.027104306982464004,1.1447598960314205e-05,1.2242176679700015e-07,5.59655291166794e-06,5.536669828389894e-06,0.000961833346092852,0
0.971616516713223,0.02777306474326743,8.958923883897947e-06,1.2238465402778243e-07,5.530491246487044e-06,4.210420829900666e-06,0.0005915963228951337,0
0.8962300486816607,0.10319814636231876,1.2742913704453353e-05,1.7407638520385221e-07,8.161727075544116e-06,5.900280633445374e-06,0.0005448259582219069,0
0.8849560883307386,0.11446194456026221,1.391465642677686e-05,1.900831433301129e-07,8.925031250742554e-06,6.539463893148066e-06,0.0005523978742850946,0
0.8356196236228521,0.16382581343893243,1.4540981845467905e-05,1.9978061479773027e-07,9.380359558057839e-06,6.771519819006288e-06,0.0005236702963779193,0
0.8292913093933975,0.17036337957087708,1.44381771424369e-05,1.9836816638166726e-07,8.892105391444868e-06,6.82449500190581e-06,0.0003149578900232849,0
0.7429919296833256,0.2560761938714727,1.86552053807988e-05,1.885182567540376e-07,8.618176541177208e-06,6.485626824369461e-06,0.0008979289181985993,0
0.5940736173059021,0.4047608227987862,1.1819661490494585e-05,2.1957721879968032e-07,9.287095308256156e-06,7.442521339769186e-06,0.0011367910399541956,1
0.6162043392811806,0.3826491009755863,1.2649501804712761e-05,2.3499339872923388e-07,9.78716369653264e-06,7.965049353971318e-06,0.0011159230349793024,1
0.5663193389659253,0.43355062907875136,1.238793647694046e-05,2.3013422511814046e-07,9.743891398739581e-06,7.759008956812026e-06,9.991098426579986e-05,1
0.557350199581951,0.4425666958187957,1.2590714198441554e-05,2.339012846195952e-07,1.110885316974919e-05,7.88601591719624e-06,5.128511468346016e-05,1
0.49939776446741063,0.5005507059253393,1.4876217642565387e-05,3.1296900321377265e-07,1.3207065088030036e-05,1.0551795578834915e-05,1.258155993754552e-05,0
0.4417195995774462,0.5582353992231677,1.1112906803636491e-05,2.519898532572619e-07,1.3371061104206389e-05,7.582467374411008e-06,1.2682774250545653e-05,0
0.4372236686023262,0.5627447394770331,9.21544757575119e-06,1.938765290512555e-07,9.205919014390066e-06,6.536575447011779e-06,6.440102074394676e-06,0
0.32572829021102934,0.6724023541764252,1.1190713392998685e-05,2.2059347622393873e-07,0.0018434414661885935,6.637738840890107e-06,7.865100646529517e-06,1
0.20593893702372873,0.7921183912325767,1.0305356409751246e-05,2.0314115055220084e-07,0.0019148865270059677,6.112591941905853e-06,1.1164127186156887e-05,1
0.09189261277436181,0.905565956308906,6.403399155442021e-06,1.200277681461926e-07,0.002526652663222371,4.177211803109125e-06,4.077614783276844e-06,1
0.06266635334139312,0.9323528823680421,5.579077949569856e-06,1.1408883908054379e-07,0.004966595451853945,3.97052492578054e-06,4.505146996417608e-06,1
0.03809563956424038,0.9618786198274558,5.705286180509227e-06,1.1658655901935352e-07,1.2290846421422493e-05,4.1402517473932016e-06,3.4876373953844235e-06,1
0.03320995465688691,0.9667733628939457,4.522019318011016e-06,2.2697470905460627e-08,6.1660755407351246e-06,3.207349636148912e-06,2.764307201630738e-06,1
0.029737497049166412,0.9702520211238149,3.7243078102235606e-06,5.777883445239342e-08,6.509265063272498e-09,2.64155379709459e-06,4.051677311708014e-06,1
0.06399219392703592,0.9359876075425232,4.722838416944927e-06,7.836739392938287e-08,6.048146633845677e-06,3.2200520092052096e-06,6.129125987067543e-06,1
0.025978989293436273,0.9740057191254937,4.123609136686566e-06,2.0698130009210725e-08,6.249843028361052e-06,2.5898285479650184e-06,2.3076022272465496e-06,1
0.03146490277086945,0.9669888409489599,4.3653510933639956e-06,8.731814360975434e-08,0.001531001902432978,2.5070152933159613e-06,8.294693207420804e-06,1
0.043521153910678796,0.9543729720589692,3.974237864051886e-06,7.609380166778514e-08,0.002085706475143906,7.627484403776192e-06,8.489739138825464e-06,1
0.07696116157927557,0.9205301226222594,4.657043143512724e-06,9.189548286169841e-08,0.0024831578564602336,1.0556280286171987e-05,1.025272309219524e-05,1
0.08085741088547063,0.9165213604773644,5.600086228386973e-06,1.0641200667381353e-07,0.002596148503958737,1.0805298287173682e-05,8.568336684127372e-06,0
0.7367763142568531,0.2605299831668703,1.2816173717084638e-05,3.272302175472814e-07,0.0026420180311247073,3.1305167856985255e-05,7.235973360154216e-06,0
0.12372961399433142,0.875944306454355,4.29545959845455e-06,8.864695804929979e-08,0.0003036021945609831,1.018797308096198e-05,7.905277115226262e-06,1
0.04563203571624396,0.9541824811266909,3.489903522443867e-06,8.043974267452808e-08,0.0001702630728225613,2.488216777237144e-06,9.16152420049182e-06,1
0.06461137856573056,0.9350949762415821,4.218917616148521e-06,9.72429883019722e-08,0.00027917587175485504,3.0079861883777726e-06,7.145174139548905e-06,1
0.12690031953877018,0.8725110513351558,6.0618663362187626e-06,1.3972161839917013e-07,0.0005698345322619491,4.321964037729696e-06,8.271041819905004e-06,1
0.6729846700269582,0.324127664511489,1.386699104893581e-05,3.141933248329028e-07,0.0028563134620411667,8.631998212541863e-06,8.538816925354575e-06,0
0.7378728878677564,0.2614510836715601,1.1536115823741048e-05,2.857290801508368e-07,0.0006491189866249079,8.031640372246303e-06,7.05598878237586e-06,0
0.7104152860858594,0.2890721533298366,8.157715983735313e-06,1.8121086819139505e-07,0.000492312375006486,6.418121607586199e-06,5.4911608379549375e-06,0
0.20656961364401033,0.7924248174302367,1.0938348561135664e-05,2.521209935700163e-07,0.0009806554441928982,7.642809813629741e-06,6.080202191819078e-06,0
0.26851706156506666,0.7314502768716304,8.240333059112686e-06,1.7357351051463534e-07,1.326945503117135e-05,5.904087559463145e-06,5.074114142527693e-06,0
0.5612553003338511,0.4369408855703639,9.545938671426998e-06,2.732882648855048e-07,0.0017806568236789604,6.6766345960757225e-06,6.661410573631496e-06,0
0.11262926737034819,0.8848246409787801,9.480402724633202e-06,1.310458689408784e-07,0.0025274207033606456,4.607574327538797e-06,4.451924589898623e-06,1
0.06910522067042477,0.929239795399807,1.0225671037737307e-05,1.1002034161622677e-07,0.001636466374002981,3.7808250409477694e-06,4.401039345188033e-06,1
0.05262718664018795,0.9452845863592396,1.0317665385172602e-05,1.1033814427391612e-07,0.002069058236379026,4.990173645630577e-06,3.7505870186402488e-06,1
0.05442202404343131,0.9432301690329943,1.0427929813640316e-05,1.0715967832733232e-07,0.0023287828649477603,4.846423747491985e-06,3.642545387190902e-06,1
0.10547510101467221,0.8783604202412337,2.485864327936977e-05,1.9186070945790818e-07,0.016104281953404784,2.8272593972217947e-05,6.873692728182244e-06,1
0.13893604141167398,0.8515493699428194,5.066484824221162e-05,2.2637705156185042e-07,0.009415019889810661,4.056723883957658e-05,8.110291562793396e-06,1
0.1530449082929713,0.8427450848765562,3.136492832641267e-05,2.2283275362298934e-07,0.004135584249949584,3.559220960765204e-05,7.242609835335591e-06,1
0.18949635187005698,0.8063141368407711,3.000905678884916e-05,2.1319993746826905e-07,0.00411425231195966,3.810720075029351e-05,6.9295197357437004e-06,1
0.18350184232342096,0.8119363795325395,5.237761836038729e-05,2.2846619479184197e-07,0.004460166008606605,4.299918983565817e-05,6.006861042008734e-06,1
0.13065336684145282,0.8676634902986136,5.020421376914825e-05,1.610984283297735e-07,0.0015881797564434217,3.620746701649401e-05,8.39032427628927e-06,1
0.41727491548074824,0.5805735901835443,2.8305210775086266e-05,2.3067525591437897e-07,0.0020405527027683667,5.386254874377651e-05,2.8543198164410666e-05,0
0.1808419936783804,0.8175717668900114,2.7048178830609137e-05,1.642191335477021e-07,0.0015091010922061725,3.9108937957610776e-05,1.081700348035941e-05,1
0.19412329818480745,0.8056964521826443,2.5683330408667668e-05,1.485572034784689e-07,0.00011164833394786559,3.79479731425344e-05,4.821437845515153e-06,1
0.0913817237267697,0.9084063715002899,2.8104338363942758e-05,1.5329018368672955e-07,0.00013607189276157734,3.849341898845782e-05,9.08183264281172e-06,1
0.06580713975831455,0.9340066539496211,2.365968809910522e-05,1.3714121389150557e-07,0.00012173685294796209,3.247043882089655e-05,8.202170982428942e-06,1
0.049308972713874424,0.9505136655261895,1.9299918173704313e-05,1.3609961103305157e-07,0.00012021531085868082,2.821109239497248e-05,9.49933889803081e-06,1
0.05878561502586163,0.9410113064752812,2.1163957388489003e-05,1.5677403745433566e-07,0.00013087992605380922,3.327719293702849e-05,1.760064844045782e-05,1
0.08816561557677062,0.9116219311435408,2.2914057254519967e-05,2.1704988068000206e-07,0.00014886992726533885,3.5771121864479716e-05,4.681123423746242e-06,1
0.08526197460195953,0.9115973208059073,3.151975740846697e-05,3.450521782897051e-07,0.003033498381226839,6.787641177928795e-05,7.464989540015485e-06,1
0.10541108136890584,0.8887589498503637,3.167100044132381e-05,3.146382043068196e-07,0.005685394864371033,0.000103832154057727,8.756123656133219e-06,1
0.1452563593544795,0.8484739655025496,3.841699746532113e-05,3.651213599361083e-07,0.006126793929821936,9.410430678071279e-05,9.994787542919085e-06,1
0.18743770614984523,0.7998999219717792,3.665509106496855e-05,2.759992627461363e-07,0.012516857012364878,9.986080544674066e-05,8.72297023636622e-06,1
0.09625947575651901,0.8880000573033097,2.3870593584304658e-05,1.5936577785607212e-07,0.01566208749447428,5.014447075044415e-05,4.205015584332755e-06,1
0.04708744781803848,0.9526337411169606,2.681031895438656e-05,1.5050374013700678e-07,0.0002161994303241232,3.249976998641126e-05,3.151041995716043e-06,1
0.07549299761025262,0.9242339807358222,2.353238798562193e-05,1.493753727704679e-07,0.00021457852454716402,3.1633948240406375e-05,3.127417779099746e-06,1
0.4262328031797857,0.5736318199838278,1.531156620322127e-05,1.1692386166880411e-07,8.920645633636774e-05,2.8927034198828142e-05,1.814855786289316e-06,0
0.5292674964759132,0.4706030759944926,1.4099771583337212e-05,8.933719580248091e-08,8.77548440745479e-05,2.585371694581954e-05,1.6298597946924686e-06,1
0.36628718124142856,0.6334794471265259,2.5842924444475008e-05,1.6573481647296564e-07,0.00015577065146825974,4.735875950386311e-05,4.233561812471611e-06,1
0.13516000197808292,0.8499527145563388,3.76068444108657e-05,3.513411856549344e-07,0.014781744772744392,6.308235946118185e-05,4.498147776283428e-06,1
0.0852069075452635,0.8729204029751305,4.329918110583646e-05,3.0042795775274664e-07,0.041735657930000856,8.864973159825071e-05,4.78220894333774e-06,1
0.05789171391155295,0.9115641545189456,3.7397985699790576e-05,3.312203953202917e-07,0.030426543509264787,7.643094002764872e-05,3.4279141139095292e-06,1
0.03423858196549326,0.9654633365890174,3.224122344170934e-05,1.3185452481505616e-07,0.0002246585611986311,3.8564686763326565e-05,2.4851195609182218e-06,1
0.014964762567738411,0.9658243615215713,3.1410045934599866e-05,1.2845387590334363e-07,0.019137436861599334,3.947949600668092e-05,2.4210532736928795e-06,1
0.01162711721788371,0.9804761448332814,3.767172029624838e-05,9.856364320407308e-08,0.007791185878562504,6.446905801908492e-05,3.3127283141682627e-06,1
0.02561415405254508,0.9710876349216898,3.232110007901235e-05,1.248569838449368e-07,0.0032296684391625503,3.420989506643335e-05,1.8867344730985528e-06,1
0.03125259711010844,0.9627340530861838,4.0978743799490945e-05,3.7246817293784815e-07,0.005924879646856933,4.397452877449225e-05,3.1444161040070785e-06,1
0.018550969648262975,0.9767098426316527,2.972909276057658e-05,1.4698915607398958e-07,0.004665610897378608,4.12612408810415e-05,2.4394999078388102e-06,1
0.024952666954164378,0.9714017847057388,2.9061462942743038e-05,2.745183515293056e-07,0.003573280809942329,4.054683309570831e-05,2.3847157645017775e-06,1
0.01993989770860642,0.9778586175995192,3.0050315543961073e-05,1.717338016796987e-07,0.0021300100969973155,3.8786686832262516e-05,2.4658586991000547e-06,1
0.973615810835047,0.025858649350570525,1.0491360162531033e-05,1.1219565357358213e-07,5.129062650475529e-06,5.074181710245982e-06,0.0005047330142058016,0
0.9086309903384897,0.09056577903163411,1.554204840766316e-05,1.6620821818677714e-07,8.051433476426301e-06,5.718090634103674e-06,0.0007737528491400521,0
0.861289862388446,0.13757033245320519,1.5254052662807583e-05,1.9690897120371463e-07,8.725149946645356e-06,6.77429405293105e-06,0.0011088547527153836,0
0.8163222094649227,0.18308322648728997,1.9366595210685732e-05,1.9570713341689498e-07,8.946818494906324e-06,6.732947015657582e-06,0.0005593219799326671,0
0.56723049674529,0.4327272908647141,1.2186405724845029e-05,2.563801729782737e-07,1.0819057469060736e-05,8.643894915961538e-06,1.0306651713112813e-05,1
0.4321400648719507,0.5678138776569203,1.3272301737093784e-05,3.0035238630074793e-07,1.2222055039936651e-05,9.037713782970672e-06,1.1225048182720616e-05,0
0.3956612578251774,0.6043024513866535,9.55314501637491e-06,2.0098107900603968e-07,9.370163490528858e-06,6.7761063846851765e-06,1.0390392198478149e-05,0
0.38349620663503675,0.616462474350333,9.87727450870349e-06,2.0780018360397215e-07,1.7325314769744155e-05,7.006013490530188e-06,6.902611677836151e-06,1
0.3766225971418569,0.6214946999513038,1.0409283614527334e-05,2.1647824070213826e-07,0.0018406059375763546,6.513909890324337e-06,2.4957297517535417e-05,1
0.255256757678262,0.7418816429437767,1.345070379644061e-05,2.6514283798669277e-07,0.002831717407516354,7.978245523006608e-06,8.187878287647959e-06,1
0.16799286040082173,0.8307927287988099,6.1622816233000294e-06,1.3681629740611555e-07,0.0011991742496077014,4.631018199711821e-06,4.30643464020615e-06,1
0.16688166113228328,0.8233564497383583,6.101416631736862e-06,1.3546495981780373e-07,0.009746803070345698,4.585277530770536e-06,4.2638998902439906e-06,1
0.12879773467465888,0.8375224153387139,5.7490444575023305e-06,1.2764151727901688e-07,0.033665635185510266,4.3204662073506465e-06,4.0176489348136685e-06,1
0.13706171732350303,0.8513479561157385,6.462232524255488e-06,1.3204395101621377e-07,0.011567687346211636,1.1969625892899281e-05,4.075312178741126e-06,1
0.05155053652049194,0.9483120959778433,6.139026607717162e-06,1.2553945743185394e-07,0.0001223798868950695,4.45818936909139e-06,4.264859335593001e-06,1
0.06572979231685014,0.9342458781352795,4.850638759275774e-06,7.142431539247021e-08,8.627202195811586e-06,3.20591915281533e-06,7.574363447253169e-06,1
0.02890206384662849,0.9710788265377901,4.206779663227918e-06,7.27693228666847e-08,8.524112477553493e-06,2.642063713046439e-06,3.663890404705468e-06,1
0.028511775101875917,0.9700843412315592,3.510819659662907e-06,7.87754050976499e-08,0.0013905491441835933,2.261742372806316e-06,7.483184943733794e-06,1
0.0575184863534964,0.9400423568335453,4.25934795355606e-06,8.50605916637369e-08,0.002417313332801744,8.121895197815738e-06,9.3771764133109e-06,1
0.19332717176699893,0.8047694371447086,5.570146741022675e-06,1.3820650119135602e-07,0.0018762159810819482,1.570540586125931e-05,5.761348107011292e-06,1
0.694420810027799,0.30430579940060515,1.0501341602036803e-05,0.0,0.0012467057696383362,9.196696628183818e-06,6.986763727308719e-06,0
0.6958007328833967,0.3018225532914482,1.3612834641007473e-05,2.7662034119584044e-07,0.002344866313060447,9.575740976004986e-06,8.382316136535463e-06,0
0.6549833601316594,0.34348573304485536,1.209405133019245e-05,2.740226906272193e-07,0.0015025842719263189,8.507376012602507e-06,7.447101525480486e-06,0
0.6745373387371135,0.32256833355773845,1.3898984115144622e-05,3.149182122874539e-07,0.002862903372237382,8.6519134262572e-06,8.558517156953033e-06,0
0.7600982391534638,0.23927566158338068,1.159905657510302e-05,2.872880106665697e-07,0.0005990429716983624,8.075460795638552e-06,7.094486075775985e-06,0
0.6602343325190082,0.3390928916430075,1.0855246323012264e-05,2.411322745908833e-07,0.0006458321076604428,8.540416351868934e-06,7.306935374328339e-06,0
0.5958891643090246,0.40341257101454814,1.2909148521051895e-05,2.6133841686113997e-07,0.0006681773658891694,9.019841199141285e-06,7.896982401059001e-06,0
0.2760253583484963,0.7226433979602487,1.4347470704788088e-05,3.306987841071606e-07,0.0012985654999503173,1.0024821323844774e-05,7.975200491988655e-06,0
0.06846769913194006,0.9300828201904114,1.0131335393211862e-05,1.0900536276555066e-07,0.0014310575091467438,3.822389636726106e-06,4.360438109173498e-06,1
0.0595914693689571,0.9389083469588959,1.000417959010396e-05,1.0763726429604302e-07,0.0014819917281281298,3.774415800584538e-06,4.305711364064877e-06,1
0.056576581051338774,0.9424142939257031,1.0735520164445889e-05,1.0643584764344318e-07,0.00099086312714834,3.7322868406345127e-06,3.6876529571597748e-06,1
0.05226529037792456,0.9462490998270274,1.063814283197263e-05,1.0750265681063584e-07,0.0014675115128760538,3.6984328558253094e-06,3.654203827303486e-06,1
0.06457338187649851,0.9330406042667736,8.225196777117878e-06,1.1236147052072342e-07,0.002368850349238202,5.0065858161229365e-06,3.819363425980487e-06,1
0.05644357527745138,0.9392440647162474,8.037355538422851e-06,1.1042636926986622e-07,0.004294611402665294,4.960364863886049e-06,4.640456864392334e-06,1
0.059525641372779534,0.9376959965543817,7.953593583549607e-06,1.0927555187534124e-07,0.0027607984377201744,4.908670017751971e-06,4.592095965511066e-06,1
0.052380191284232915,0.9408019745888772,1.566449319901743e-05,1.1103256573377588e-07,0.006781108034371931,1.6284635642096293e-05,4.665931110812998e-06,1
0.05888457712324861,0.9337494643707883,1.5531446413238116e-05,1.1008950771076648e-07,0.0073295443474800425,1.6146321660134588e-05,4.626300901965877e-06,1
0.13760872603564658,0.8524640726241736,2.0120450613221274e-05,1.9225873716008743e-07,0.009872591565341806,2.833124733405115e-05,5.965818153362199e-06,1
0.17514488222123836,0.823327857469987,2.335171096305165e-05,1.5246128444816167e-07,0.0014582881878587532,3.4340062590230314e-05,1.1127886077946752e-05,1
0.16642860324260764,0.8333917577359413,2.6566178634407518e-05,1.5366376331416596e-07,0.00010775028702096219,3.957008793440059e-05,5.598804097795869e-06,1
0.12852496428001464,0.8713264723787405,2.1275043095656257e-05,1.2305884228736813e-07,9.248501181519014e-05,3.0686341328430524e-05,3.993886163289213e-06,0
0.061702702189218375,0.9380402894946096,2.8431532198315514e-05,1.4490300944451708e-07,0.00017790224398974458,4.3210337536046254e-05,7.319299438581728e-06,0
0.05948532287493068,0.940283618224843,4.137426227234043e-05,1.588834282791752e-07,0.00014103687721177494,3.9897964944524655e-05,8.590912369551266e-06,1
0.07075348180475867,0.929023428366114,3.43215556657536e-05,1.5698074962652908e-07,0.0001429554838669616,3.716777533294395e-05,8.488033512081138e-06,1
0.07885426077445347,0.920926860388136,3.175570562293022e-05,1.5561264062972966e-07,0.00014170960700571905,3.6843853017978606e-05,8.414059123242758e-06,1
0.11738356420041572,0.8793614264013849,4.111617205590129e-05,4.744310953202945e-07,0.003097946951156708,7.717233647046625e-05,3.829950742074312e-05,1
0.09669715765455109,0.8999577450465087,3.0382942016260463e-05,3.692568799798897e-07,0.0032462920629221527,6.006439389602893e-05,7.988643225762449e-06,1
0.20424559140711016,0.7886601895462356,3.5985323522787236e-05,2.7559114073698066e-07,0.006944131346995724,0.00010633592566211924,7.490859332874196e-06,1
0.07831145382377025,0.9077312477532732,1.728904527759332e-05,1.69148209662459e-07,0.013882154580559837,5.322251468297903e-05,4.4631342265652166e-06,1
0.07150104631023414,0.9157142605834543,2.3690462723786488e-05,1.511429512493119e-07,0.01269048186015219,6.658299492577863e-05,3.786645558772537e-06,1
0.06350265141101336,0.9362679381546286,2.1891878345740024e-05,1.3503757133650483e-07,0.00015340220212410987,5.059820340143968e-05,3.383112915461014e-06,1
0.053481053881578824,0.9462603475885654,2.0602742360337645e-05,1.3189444529351704e-07,0.0001986341276286177,3.6075078660337476e-05,3.154686761208894e-06,1
0.04410716141268932,0.9556133726472676,2.144583134169231e-05,1.380685997332043e-07,0.00021150201382958103,4.351977283767891e-05,2.86025343444759e-06,1
0.02994869267408561,0.9697841665777113,2.1933917755449248e-05,1.3522378563332366e-07,0.00020777739640013984,3.449289049723789e-05,2.801319764407683e-06,1
0.4659363129298193,0.5150001369262149,2.8152873981488622e-05,2.6087953585019476e-07,0.01895516812327512,7.410559108890136e-05,5.86267608438711e-06,0
0.5291894106509394,0.46172106278284847,2.4672972103765245e-05,2.2105029521349452e-07,0.008988854524795822,7.081041481270823e-05,4.967604204643472e-06,0
0.41220856700583486,0.5876267883385277,1.3464314084793984e-05,9.185172685921709e-08,0.00012454128013935484,2.4899315192513115e-05,1.6478944939658083e-06,0
0.3707350687899524,0.6290390688530326,2.485479882099146e-05,1.6702025754819414e-07,0.00014936301900369975,4.877003383282754e-05,2.707485100032192e-06,1
0.302644469495646,0.6970669202770821,2.9249553216826536e-05,1.9055804587294534e-07,0.00020446002139851485,5.16210497397672e-05,3.089044870759924e-06,1
0.4917330045385764,0.5080868590391733,1.925475725894443e-05,9.845242069931482e-08,0.00012942103491091087,2.9645458073185996e-05,1.716719586602813e-06,0
0.11281839152978056,0.8554022394939327,3.70404466002146e-05,2.568931941579886e-07,0.03167306070220002,6.492171123948493e-05,4.089223052922411e-06,1
0.02832031857385595,0.9696276620098297,4.477794337102432e-05,3.846045488538822e-07,0.001958202615885656,4.540737982248434e-05,3.2468726859310083e-06,1
0.04263103102580256,0.954443071727214,3.326459465572782e-05,2.5743156116288967e-07,0.002845059585455409,3.8453780288036155e-05,8.861855023176032e-06,1
0.12256680219867475,0.8752726337503576,2.4646532186633796e-05,2.8284456694714367e-07,0.002096219473725609,3.739357685298209e-05,2.0216236353589015e-06,1
0.1864460725490495,0.8104102408805288,3.91050177685932e-05,4.0928588695818896e-07,0.0030584948906468143,4.2667823727853875e-05,3.009552391625949e-06,1
0.09703888952355551,0.9012490696529049,2.7574428296456857e-05,6.183803117271277e-07,0.001621624873272783,5.964589882950146e-05,2.577242829214703e-06,0
0.13448449235942667,0.86368030863555,3.5512767416366865e-05,8.129830137480315e-07,0.0017072454761338273,8.84430620091221e-05,3.184716450194051e-06,0
0.948556992088491,0.05035822770099284,1.4380311762770749e-05,1.267400206173379e-07,6.610088604273202e-06,5.731967987074688e-06,0.0010579311021414895,0
0.6362276632230381,0.3623914815283948,1.822900867106803e-05,2.3531158721087975e-07,1.1851668574374979e-05,7.975834282287942e-06,0.0013425634254521685,1
0.5894683127902107,0.4093042745137849,1.3953971297677608e-05,2.5922690012896516e-07,1.0745985101299685e-05,8.739872736941777e-06,0.001193713639968386,1
0.5761641460395335,0.4237979053564631,1.094917661086624e-05,2.477800300388675e-07,9.725061624322977e-06,7.766320453919995e-06,9.260265284249294e-06,1
0.519395649804416,0.48056284780950614,9.948111293334644e-06,2.0929046281402127e-07,8.22313553281828e-06,7.056258471401617e-06,1.606559031748682e-05,0
0.34117217580506,0.6587924887980225,9.156894907722486e-06,1.926446856762287e-07,9.29927265225017e-06,6.495043668001874e-06,1.0191541003689422e-05,1
0.34501212739720477,0.6541258315730057,1.1070197282430634e-05,2.4578289281857113e-07,0.0008344768938969028,8.511884646825946e-06,7.736271070559308e-06,1
0.141836193206571,0.8444138724441719,5.852966991723458e-06,1.299488276582496e-07,0.013735542218617787,4.398565063709063e-06,4.010649756335817e-06,1
0.13974158543140067,0.8485391669300643,6.265778460612516e-06,1.2802977005642298e-07,0.011697296663800122,1.1605745200256305e-05,3.95142130432237e-06,1
0.11759385215484672,0.8791429150510367,6.3185757041561614e-06,1.3336086879283602e-07,0.0032477122463065024,4.641230973451139e-06,4.427380263829004e-06,1
0.06952551440524588,0.9282470164163911,7.547134203516191e-06,1.5433442361754645e-07,0.0022083021890818024,5.3711535748630765e-06,6.09436707926854e-06,1
0.027045915952278708,0.9729272285305754,4.465714176512065e-06,7.183185383567094e-08,8.557579726723025e-06,2.951512021401596e-06,1.0808879367332677e-05,1
0.03081079099177949,0.969158047322238,4.817308571497084e-06,7.748731591670607e-08,1.7022704820414042e-05,3.1838903247228856e-06,6.060294949723069e-06,1
0.030193567659778493,0.9697784928800818,4.264283541771986e-06,7.647844031981091e-08,1.637720950431674e-05,2.818381033520448e-06,4.403107620133634e-06,1
0.026779464488156463,0.9731576089873252,4.102613718329088e-06,7.357894833655612e-08,5.156526530118891e-05,2.671459095480115e-06,4.513607455158246e-06,1
0.6272023380894564,0.3681183164221727,1.8231774990655182e-05,4.615608102426328e-07,0.004588182264287446,5.8053420787713546e-05,1.4416467494996003e-05,0
0.298849763044726,0.697696840736507,8.981481223707817e-06,2.2284854477938125e-07,0.0034145847512580562,2.198232157723429e-05,7.624816163279116e-06,1
0.14343026574081152,0.854570232889714,4.6878329525750646e-06,1.0577462070612893e-07,0.001976951723008095,1.2907290958009519e-05,4.8487479348425245e-06,1
0.07348279937145392,0.9263199613653708,3.138728527590227e-06,6.487011015090401e-08,0.0001808655580813457,7.38517927422229e-06,5.784927182193356e-06,1
0.04186222663775281,0.9579145550881537,3.7427246101662407e-06,7.61010490488986e-08,0.00020487463525104593,5.85743584760364e-06,8.667377335669616e-06,1
0.03416406747135151,0.9656572526560956,2.3464358212900663e-06,5.408364227063065e-08,0.0001684466524536942,1.6729519712211671e-06,6.159748664512146e-06,1
0.12241618565938824,0.8773965815686391,5.015370755919441e-06,7.820043286133588e-08,0.0001682621815704689,3.5758380077522657e-06,1.0301181206015113e-05,1
0.32375320552048037,0.6758988339988112,7.5663884616605456e-06,1.1456970058711877e-07,0.00032724764469882034,5.286764054491792e-06,7.745113792719457e-06,0
0.6149449287238824,0.38385167478700855,1.3288077580072687e-05,2.3980577196684696e-07,0.0011672747876704922,8.493434317961039e-06,1.4100383768642723e-05,0
0.766917861417025,0.23231484525401716,1.3364401218772942e-05,3.310124590764018e-07,0.000735297481737944,9.304523811965837e-06,8.995909730316531e-06,0
0.739757607083652,0.2594185215154434,1.19871171346155e-05,2.968995808351122e-07,0.0007940876374524416,9.430921062676549e-06,8.06882567385481e-06,0
0.3148676353763568,0.6850927970082284,9.830809113516308e-06,2.071186407559805e-07,1.5950615879745645e-05,7.302838018987249e-06,6.276233761699421e-06,0
0.5762590868117217,0.42355236945553504,1.0225045188921682e-05,2.3167541776992258e-07,0.00016594511623505814,6.394236051907754e-06,5.747659849625317e-06,0
0.5710767482761886,0.42870349151213755,1.0149673407175399e-05,2.2996767088944392e-07,0.00019732817614011612,6.347102278390472e-06,5.705292177333051e-06,0
0.5940782006297747,0.4057051624282155,8.863525312275688e-06,2.538683466662881e-07,0.00019513500398625044,6.199340031406916e-06,6.185204333186588e-06,0
0.32811958068755565,0.6716958392997067,9.656173307300785e-06,2.5288488814069696e-07,0.00016083987426854165,7.078618377586492e-06,6.752461896288686e-06,0
0.2891999191264094,0.7087856166618458,1.0624819907067841e-05,2.170988422498143e-07,0.0019812937922541727,1.6211898573340113e-05,6.116602167950022e-06,1
0.2106067271424098,0.7854901109514306,1.0185492452826732e-05,1.7362294433596792e-07,0.003881853059721705,6.01286142124199e-06,4.936869619479242e-06,1
0.16886885447724131,0.8283829811769382,8.968312498393908e-06,1.5287477055309926e-07,0.0027272808251643764,4.996993632225629e-06,6.765339755013717e-06,1
0.1360581594503632,0.8615686314940709,9.890019784175471e-06,1.3946052030895285e-07,0.002353911205341398,4.903433570810486e-06,4.364936349099331e-06,1
0.13399398730552692,0.864339870538914,1.2571715739424133e-05,1.352619750086931e-07,0.001644445837938751,4.755812667573826e-06,4.233527238091824e-06,1
0.10921849698934766,0.8892435764683264,1.135151015912184e-05,1.2213350311756227e-07,0.001518336060407067,4.294215438036742e-06,3.822622818412507e-06,1
0.06752678040340195,0.9312432752404635,1.028776606852491e-05,1.239498624320057e-07,0.0012113364315752754,3.8286401588527465e-06,4.367568469360059e-06,1
0.06048194444270447,0.937914194324492,1.0971444242600102e-05,1.1732972068205767e-07,0.001584747700811713,4.03651506678295e-06,3.988242961548889e-06,1
0.05969694222064912,0.937023529105263,7.526452662804482e-06,1.0340700209936262e-07,0.0032629082789270556,4.645054105146979e-06,4.34548139082179e-06,1
0.1645961869345332,0.8272892506152396,1.3068357660982154e-05,1.9626545245444172e-07,0.008085082760140173,8.685982634629997e-06,7.529084338695096e-06,1
0.17220413897910591,0.8176659813836509,2.0969382790593113e-05,1.9570223932098068e-07,0.010072504326542815,2.870274716812241e-05,7.507478502673225e-06,1
0.12216327310080231,0.8690651841568284,2.4410817703289023e-05,1.6974847942190114e-07,0.008716677488497325,2.501736629209681e-05,5.267321397193905e-06,1
0.07757452455179649,0.9207926605844681,1.982459836957362e-05,1.2547974679334852e-07,0.0015885882834888888,2.001122548886435e-05,4.265276641385868e-06,1
0.18994185355388274,0.8063543418206854,2.7184513471172173e-05,2.1295218109522525e-07,0.0036248741442282016,4.5934050848490895e-05,5.598964702840028e-06,1
0.3791016389321776,0.6163994093040779,5.0910292256769606e-05,2.7032954335316927e-07,0.004378776210500353,5.7046379617818214e-05,1.1948551826212598e-05,0
0.16792528318436123,0.8312992392507327,2.6719144012120767e-05,1.6469049674881387e-07,0.0006953561795952412,3.852380354075792e-05,1.4713747261228918e-05,1
0.15634142251269348,0.8428458908446702,2.3215889040620115e-05,1.5073603247544948e-07,0.0007425844666909079,3.674515443774919e-05,9.990396434554025e-06,1
0.05799460469461784,0.9417410061074954,3.102663056021264e-05,1.5959924688472958e-07,0.00017949012394940508,4.56512125421669e-05,8.061631587912262e-06,0
0.03945409249611978,0.9603062978915311,4.239292840615252e-05,1.6279526038742185e-07,0.00014450931351743193,4.374214793106937e-05,8.802427234319254e-06,1
0.12406375525938279,0.8725131722867947,4.367582722546141e-05,3.9753780454742524e-07,0.0032554502375494333,8.268978976809503e-05,4.085906147471094e-05,1
0.10879663642579708,0.8880967688164527,4.286033385333037e-05,4.791439675768571e-07,0.0029465160348834327,7.793894592569228e-05,3.880029912001314e-05,1
0.08840082269038857,0.8963055632048939,2.3352543008352512e-05,1.5790168024853766e-07,0.015204625474458121,6.152221083757209e-05,3.955974733148983e-06,1
0.06338301877062992,0.9363755409938839,2.1001997012706878e-05,1.3729995693372546e-07,0.00016102752529221814,5.583362048362671e-05,3.439792740623428e-06,1
0.08066968724865073,0.9191114308539509,2.3155793030923777e-05,1.3279473884427093e-07,0.0001508543523671943,4.185743086921246e-05,2.8815263920982574e-06,1
0.0611602883020669,0.9386043876919239,2.316818076199967e-05,1.3160847911954924e-07,0.00016316087390987746,4.6136918420321836e-05,2.726424437790438e-06,1
0.05723306888871326,0.942521849691608,2.1615559917140114e-05,1.3536883844908212e-07,0.00018319966546124057,3.6893037231919866e-05,3.2377882297104994e-06,1
0.05618364343358502,0.943547397987552,2.091796439316764e-05,1.4906821610912515e-07,0.00021413729235491343,3.063326694660885e-05,3.1209869519437303e-06,1
0.0776150808252182,0.9221159920288977,2.486690225343194e-05,1.5717394029755256e-07,0.00020989967031624177,3.0944174494977956e-05,3.059224878908627e-06,1
0.5778998285314931,0.41491759479886703,2.2322557887204445e-05,2.0446265439763645e-07,0.0070991975635842815,5.6872390973530454e-05,3.979694540339475e-06,0
0.416936272918205,0.5828814719004095,1.635447396450974e-05,9.953147469332404e-08,0.00014020835242498702,2.3531136875452052e-05,2.0616866458412666e-06,0
0.29797905427843385,0.7017301033435388,2.9868790742030227e-05,1.9110194319256444e-07,0.00020504359821416955,5.0917508018005756e-05,4.821379109920769e-06,1
0.5940282446766755,0.40586392165617213,1.2191244617194855e-05,7.39544603527812e-08,7.579941675859357e-05,1.847950384051381e-05,1.289547475851391e-06,0
0.1379183804362942,0.8277602017083083,3.930145400589364e-05,2.71043345823299e-07,0.034212345336739676,6.518555629397465e-05,4.314465012258048e-06,1
0.044727003571805236,0.954954635514292,3.22546929565065e-05,1.317477304317949e-07,0.0002478291423646325,3.537154869626432e-05,2.773782154784057e-06,1
0.037125238703648096,0.9625836474149743,3.030930583561995e-05,1.5458908002339567e-07,0.0002221655402132563,3.585581739192339e-05,2.628628856808777e-06,1
0.023924042578337062,0.9714429618185709,2.702080145292751e-05,1.3438003446823204e-07,0.004566822760363674,3.6759597316129275e-05,2.2580639247497237e-06,1
0.01697991606548184,0.9795436970184708,2.73911565469944e-05,2.6624329335413237e-07,0.003407198745881936,3.928311600173723e-05,2.247654323330092e-06,1
0.023261648981204433,0.9723589176270167,3.9272292777281774e-05,3.569577244585058e-07,0.004293005397866097,4.378526816995179e-05,3.013475241076075e-06,1
0.06080189338139412,0.9350917423283146,3.289245009512939e-05,2.4599662267344655e-07,0.004032490611667566,3.52720022657833e-05,5.463229639923867e-06,1
0.14119092491368285,0.8558759700538988,3.4765317911508e-05,3.9695120955929904e-07,0.0028543756784207004,4.1276993817657864e-05,2.29009105870598e-06,1
0.017590895952310764,0.9809909023015597,3.520674759792507e-05,7.818152238455517e-07,0.001308156472414143,7.107714490509289e-05,2.979565988361727e-06,0
0.8877975183437732,0.1107638015257518,1.7077594511690693e-05,1.7257587258781472e-07,8.359894432028472e-06,5.937158171130425e-06,0.0014071329074876,0
0.5681224510716948,0.4306446948227214,2.4739728521921725e-05,2.448159685837787e-07,1.2090564504053775e-05,8.254006078570096e-06,0.0011875249905106756,1
0.5609343114879184,0.4389807424692289,1.3049900092410861e-05,2.4382482623648213e-07,9.970781381705775e-06,8.220589569807863e-06,5.3460946982610756e-05,1
0.31875406635933856,0.6810212949753648,1.1391187301918385e-05,2.3689854921296644e-07,0.00018836675259980608,7.4252555703057775e-06,1.7218571275300198e-05,1
0.25095682618828674,0.7483412469538261,1.2900447090384485e-05,3.704192132661104e-07,0.000670788578117569,8.784501044713397e-06,9.082912421240545e-06,1
0.31286612959454563,0.686425686272278,7.449291168951482e-06,2.2998315497437607e-07,0.0006823687454066492,6.8875200375918036e-06,1.1248593408372358e-05,1
0.12187896466346838,0.8751905998413245,6.359916617795056e-06,1.3519275744013754e-07,0.0029109052612594473,9.033989330529761e-06,4.001135241780024e-06,1
0.15754052038883024,0.839078367487724,8.229017445885887e-06,1.7729304982218422e-07,0.0033563453859754852,1.0888578248477941e-05,5.471848726018394e-06,1
0.10109442138122916,0.8943448454775001,5.457166717974211e-06,1.1517983304017122e-07,0.004543242390213549,4.008493746793072e-06,7.909910759001387e-06,1
0.06289322375635314,0.9344300742165847,5.277963985067538e-06,9.893217994153136e-08,0.002660929624309619,3.443042190501569e-06,6.952464396988972e-06,1
0.051023057942133944,0.948956906822941,4.88482167333255e-06,1.089003661567721e-07,8.003975437052909e-06,3.779829248074792e-06,3.257708200448445e-06,1
0.043626983055662,0.9563536424216801,5.0454792935979176e-06,9.514826876725019e-08,7.584313543403384e-06,3.5714599065775906e-06,3.0781216456157843e-06,1
0.031676910762149416,0.9683042914660849,4.389145568652204e-06,1.0460474725411306e-07,8.306576731727318e-06,3.2212001889466004e-06,2.776244529078203e-06,1
0.024711292662297504,0.9751486263199828,3.910298854272488e-06,8.548333673513551e-08,0.00012738575555485115,2.593474934216703e-06,6.106005039645461e-06,1
0.03261699921942269,0.9671618057591987,5.0832629072834565e-06,1.1112559193314671e-07,0.0002003373628242652,3.3596667824608175e-06,1.2303603272741883e-05,1
0.03607108390681647,0.9636088418876864,4.251992871094816e-06,9.704491207806038e-08,0.0003034534065691752,2.8752882541255453e-06,9.396472890728908e-06,1
0.08804248397497069,0.9081982960979174,6.308096164334313e-06,1.5681418489774282e-07,0.003726023073819694,1.2345624907226739e-05,1.4386318035804905e-05,1
0.15363104617210324,0.8395472236076661,7.519569089527025e-06,1.7695753252067908e-07,0.006788346085930727,1.8310863919904903e-05,7.376743758224653e-06,0
0.027713371881328146,0.9721271300233365,2.4021239927709406e-06,5.536721419608021e-08,0.00014905626078820283,1.6784048088150453e-06,6.305938531201049e-06,1
0.054717636643999916,0.9447715522127808,3.4901557621838e-06,6.041496049550765e-08,0.0004956099895107125,2.488396618069062e-06,9.16218636793194e-06,1
0.11094913931257734,0.8885948035669884,4.643783724558668e-06,1.0141777587160009e-07,0.00043846304312659056,3.310905444519641e-06,9.537970362761948e-06,1
0.1405386916018311,0.8592267185994408,5.634742565103552e-06,8.5320859725953e-08,0.0002133593223267717,3.937090277673455e-06,1.1573322698799586e-05,1
0.6808645770380929,0.31901829615368765,1.2230873456766472e-05,2.2072674045244834e-07,8.38789620448853e-05,7.817693698005251e-06,1.2978552279431357e-05,0
0.7437663713020374,0.25486843199254483,1.1866352299880357e-05,2.9390845057336254e-07,0.001337516912300087,8.261556633028845e-06,7.257975734203694e-06,0
0.7319677014982181,0.26733239248414115,1.3538157222541896e-05,3.007289330616173e-07,0.0006663030530986294,1.0651209182831798e-05,9.112869203428607e-06,0
0.49573641475214403,0.504175891323105,1.2490880163863717e-05,3.126615944170411e-07,6.0138012583210365e-05,8.727589998040715e-06,6.024780411414089e-06,0
0.27652244495365497,0.7234437365584364,8.631257389312742e-06,2.0276041284835536e-07,1.3062311686581063e-05,6.411748401021696e-06,5.510410018870352e-06,0
0.5855000684210111,0.41428380865549674,8.874163492884587e-06,2.1979725331049754e-07,0.000195369208926428,6.20678060348028e-06,5.452973216024491e-06,0
0.09674989986675041,0.9017473019801965,7.189072131419853e-06,1.3448487891069347e-07,0.0014837894896797864,4.574491223680029e-06,7.110615139024662e-06,1
0.13729127954333292,0.8610493505708545,9.748160537245975e-06,1.347470360999884e-07,0.001638185474335767,4.737707409352607e-06,6.563796493818406e-06,1
0.1139943254055558,0.8846003533719791,8.478271889738387e-06,1.1652400225600143e-07,0.001388982388654321,4.096985320300676e-06,3.647052598563276e-06,1
0.04921636347929928,0.9492938340039808,1.0084866224688504e-05,1.0784856679709128e-07,0.0014722335067560407,3.7103332580760034e-06,3.6659619143490418e-06,1
0.07916011147375465,0.9183920917291993,2.609079585363013e-05,1.2782160642119835e-07,0.00239684859907705,2.0384699952064777e-05,4.3448805569446305e-06,1
0.1307393852261924,0.8678154522453801,2.694961568260937e-05,1.4035407776070396e-07,0.001389679376161582,2.3395936349686757e-05,4.997246155943148e-06,1
0.10798493571685697,0.889698250783104,3.154648233766993e-05,1.6429464105327435e-07,0.00225186644091907,2.7386642597093292e-05,5.849639544105945e-06,1
0.30365498350536685,0.6870663312232473,3.51744570323231e-05,2.2647784099026222e-07,0.009195870267781243,3.856030868171324e-05,8.853760049714771e-06,1
0.4162564497591956,0.5792257340838066,3.4887940798849984e-05,2.7508745296904024e-07,0.004411528105369852,5.612689245460961e-05,1.4998130921461185e-05,0
0.09216026750283164,0.9077277617239669,1.8484786046822112e-05,1.4483072369661208e-07,5.66991067950812e-05,2.8032341174170416e-05,8.60970846153882e-06,1
0.08379452948297035,0.9160827427229823,2.0797883478215395e-05,1.2988429612279335e-07,6.144038651632179e-05,3.143192079742328e-05,8.927718958959029e-06,1
0.07164392768540437,0.9281243659379493,2.7843877295011465e-05,1.557434568598289e-07,0.00015745874455085272,4.119334297671642e-05,5.054668366883792e-06,1
0.0994412178195773,0.8967745411248506,4.323611632576793e-05,3.8088397439652844e-07,0.003619323838751857,7.610184432337198e-05,4.5198372196847734e-05,1
0.1347558788276962,0.8609721287011449,4.116842388514039e-05,3.6508838064181136e-07,0.004070673920945537,0.00011646108203921957,4.332395590845686e-05,1
0.1290459377789918,0.8664102637741099,3.86561578100643e-05,3.673943785496593e-07,0.004384178261584778,8.295283356461261e-05,3.7643799560343666e-05,1
0.1517898397099071,0.8376511202334461,4.201317767067743e-05,3.735717012074831e-07,0.010411493632557054,7.02325237648233e-05,3.4927150953071447e-05,1
0.05290422570709607,0.9468757154566545,2.2929952953388025e-05,1.3680616857873573e-07,0.00015541132231890938,3.861218399912733e-05,2.968570809298124e-06,1
0.04825563201165969,0.951512696113307,2.0414735924712643e-05,1.3206651610413733e-07,0.00017873051025705654,2.923575993882443e-05,3.1588023970648716e-06,1
0.04964560540633199,0.9500909166379861,2.1245405600645627e-05,1.4798303586694897e-07,0.00020806526847383966,3.1205522059759765e-05,2.813776511939412e-06,1
0.30244459337872875,0.685135139756786,3.472104419261488e-05,3.002932677508075e-07,0.012313026798618393,6.637377113725042e-05,5.844957269528648e-06,0
0.3108184898534317,0.6889672947731654,1.8294092280292045e-05,1.1381950766840946e-07,0.00016300402632922478,3.0420437705312804e-05,2.382997580448138e-06,0
0.28064238629362853,0.7191914235411969,1.7659551492998477e-05,1.4354725525141458e-07,0.00011684061358443342,2.9185445944354166e-05,2.3610068973790255e-06,0
0.48895443541967937,0.5108044624699278,2.1984942235312324e-05,1.4623553324491088e-07,0.00018002586740687105,3.657451129080482e-05,2.3705539266194205e-06,1
0.39022657574228814,0.6096447220488499,2.08786969503877e-05,1.0723743540778254e-07,8.310470605161092e-05,2.2773812167329344e-05,1.83775625731093e-06,1
0.5052738329602925,0.49458287151919195,1.7800552579976573e-05,1.1919092667557133e-07,0.00010030780350705252,2.3417698566671495e-05,1.6502749352093848e-06,1
0.32619510275025493,0.6736236492879816,2.112717625105058e-05,9.783275832814763e-08,0.0001325511013881757,2.562795483092731e-05,1.843896534918935e-06,1
0.14190641578777463,0.8327552152912113,4.0988417974710244e-05,2.513710734268788e-07,0.025232207469458222,6.0596695608720616e-05,4.324966899012059e-06,1
0.009666233149014056,0.9777535978103855,3.240820465494664e-05,1.4794470599188049e-07,0.01250292654978066,4.220034266602148e-05,2.4859987927517962e-06,1
0.024611777264482777,0.9712391446252718,2.9115685548208213e-05,1.3317117532324005e-07,0.004085019184791349,3.2572317951556304e-05,2.2377507790044345e-06,1
0.028358951353068335,0.9670609176996756,2.8193793417159968e-05,1.3939819604614036e-07,0.00451295269709999,3.601972149541042e-05,2.825337047311284e-06,1
0.039430753628130755,0.9549231097264979,3.9439520273177364e-05,2.7870094134867285e-07,0.005566815092207173,3.594149897388443e-05,3.661832975784336e-06,1
0.08374523136662598,0.9115807855027356,2.727605715669302e-05,2.6591200722331823e-07,0.004612368798213861,3.182750569045385e-05,2.244857570424871e-06,1
0.8783269030056521,0.12027302947891619,1.8789146810304787e-05,1.8987178807584242e-07,9.37707255989473e-06,6.532192601071794e-06,0.001365179231672488,0
0.8794890823451852,0.11943488711376347,1.8157424737868736e-05,1.8348798573125557e-07,8.715634308955355e-06,6.312569523496108e-06,0.0010426614244954324,0
0.6955273561083606,0.3038018158913218,2.1509947816636242e-05,2.1285515337204224e-07,1.0512136837937691e-05,7.176442533349593e-06,0.0006314166179764782,0
0.5763982790196538,0.4220569917970743,2.6116573984402965e-05,2.584407646355561e-07,1.2763443305512427e-05,8.713368064151375e-06,0.001496877357153136,1
0.6292537268698514,0.368910699591497,2.1079794345724603e-05,2.664637056676331e-07,1.3546744145744577e-05,8.983862690910623e-06,0.0017916966737634807,1
0.6204834791491696,0.3789584428995433,1.4062798462852922e-05,2.6274985764816904e-07,1.0892025689660853e-05,8.858649763400742e-06,0.0005240017275134515,1
0.6368871341846178,0.3629986872530089,1.446713019215419e-05,2.7030440695051277e-07,1.1257820402721527e-05,9.113352494693633e-06,7.906995487683625e-05,1
0.6788292567392645,0.32113290911166215,1.107549262690624e-05,2.5063856336617907e-07,9.103211055654404e-06,8.037709782262673e-06,9.367097045189112e-06,0
0.5691542054175102,0.43080500780510633,1.1987912538755213e-05,2.522042314797099e-07,9.739796859486793e-06,8.503102439423787e-06,1.0303761314492321e-05,0
0.5487796703267601,0.4511789609973674,1.2023644129064753e-05,2.246502210544442e-07,8.922357919924349e-06,7.749386394122874e-06,1.2448637208461877e-05,0
0.4638605073783395,0.5361053217776539,1.1077157068931748e-05,2.06966021073004e-07,8.378421513661327e-06,7.139363852930233e-06,7.368935550139662e-06,1
0.4213974923841541,0.5785716108408115,1.0029839505862716e-05,1.873979001662219e-07,7.99140684125464e-06,6.318147529473518e-06,6.369983257458383e-06,1
0.34112085675949017,0.6588441431704103,1.1378503928846075e-05,2.1259639718586403e-07,9.014726881928392e-06,7.167718530802138e-06,7.226524360564978e-06,1
0.23030397037711878,0.7684339195847125,9.228636189983808e-06,2.0884417464803853e-07,0.001239677308814253,6.545930214782352e-06,6.449318775068159e-06,1
0.34229230289211143,0.6570162468182877,7.945682446143498e-06,1.930389595902307e-07,0.0006702519024515441,6.051444868064266e-06,7.008220875445148e-06,1
0.3365774166183491,0.6627747805410293,8.371351970888294e-06,2.070906822244487e-07,0.0006254650941829509,6.375635480823838e-06,7.383668304860753e-06,1
0.3113479254781205,0.6880009338702675,7.620311936494155e-06,2.3539187146990204e-07,0.0006253940330140132,6.384076263432157e-06,1.1506838526578154e-05,1
0.31921777423525066,0.6801993603135924,6.8185040719465365e-06,2.10411978435101e-07,0.0005595901842620569,5.9502598178399855e-06,1.0296091026530988e-05,1
0.13096238741315716,0.8498891284928206,6.662502776517963e-06,1.3751740132289296e-07,0.019132302310310458,4.725755499844529e-06,4.656008034228991e-06,1
0.13425249371701795,0.837753272275158,6.459175331854511e-06,1.3332062081177761e-07,0.027978633933727057,4.581534053022134e-06,4.426044091392442e-06,1
0.11722165015690976,0.8800370348082168,5.609905617767223e-06,1.273622769387432e-07,0.002723325782047949,4.120686200561393e-06,8.131298729944536e-06,1
0.04437661411817823,0.9556032978233125,5.227276506857603e-06,1.0681851211236527e-07,7.850963016406178e-06,3.707570052950102e-06,3.1954304209335618e-06,1
0.04529377003578047,0.9546826230990283,5.443265106252023e-06,1.0264976252270708e-07,1.09440541449271e-05,3.796095284051389e-06,3.3208008935126334e-06,1
0.033364249544703024,0.9663249696267677,5.6672461792782855e-06,1.2389209407225443e-07,0.00029246945092763405,3.6707280705085415e-06,8.84951125763067e-06,1
0.04553785140841846,0.9541145757142352,4.178178235993313e-06,9.707348194516884e-08,0.0003317003215307397,2.691668520048839e-06,8.905635577654084e-06,1
0.03992479744934384,0.9586576000082543,3.55019897759559e-06,8.589752033973834e-08,0.0013996234999852871,6.462606222789573e-06,7.88033969567434e-06,1
0.20476843087720095,0.792491297292116,6.154007948323014e-06,1.526932675898164e-07,0.0027136110299802872,1.5129662881838964e-05,5.224436605118261e-06,1
0.1294490487229422,0.8684475349110758,5.060188976484722e-06,1.0668790552104609e-07,0.0020829045805792886,1.1378605650198857e-05,3.966302870263317e-06,1
0.05546562530239033,0.944363540225423,2.6740489007026067e-06,6.220187501604533e-08,0.0001558332071016016,5.180655703120449e-06,7.084358605934714e-06,1
0.05347076253694484,0.9463679245352354,2.704751066372746e-06,5.499586932150772e-08,0.00014805654860708034,4.232987330134403e-06,6.263644946686616e-06,1
0.05560369885920266,0.9438490626596238,3.4283730646932408e-06,5.3225648821905314e-08,0.0005323125379611125,2.4443470495207283e-06,8.99999744935834e-06,1
0.11350031638821846,0.8858613846123852,5.55488473438953e-06,8.661261786307434e-08,0.0006213363480545107,3.960498421471433e-06,7.360655568285322e-06,1
0.23523938914435397,0.7647382781311732,6.262491560471598e-06,1.2354487865552596e-07,7.739991453191039e-06,4.375709156517902e-06,3.830987424087281e-06,1
0.6521007891736863,0.3478498187553087,1.084518116777112e-05,2.2038008938434615e-07,2.4019542246586826e-05,7.628877338124901e-06,6.67809016297067e-06,0
0.6057929565759704,0.3939596044261531,1.6422528213913553e-05,3.720957721457269e-07,0.00021030916237529715,1.0222782555181564e-05,1.0112428959910479e-05,0
0.7757827188061097,0.22301930212759566,1.1280380857544936e-05,2.79394979681488e-07,0.0011709725931577978,7.853593331935847e-06,7.59310396754027e-06,0
0.7533643202717919,0.2452879513350602,1.316684942247585e-05,3.0014118576208544e-07,0.001315039388804143,1.0359081016146349e-05,8.862932719415801e-06,0
0.6181380602563749,0.381799838234275,1.4137343962338975e-05,2.1240655807259116e-07,3.1054830190608497e-05,9.87800220208062e-06,6.818926437236486e-06,0
0.5203560668771681,0.4795909603309076,1.0841597255794199e-05,3.055714908224699e-07,2.681591812196702e-05,8.52967788372291e-06,6.480027172038133e-06,0
0.37001902331670106,0.6299473968476966,8.071851070292981e-06,1.9992540094673138e-07,1.3552597259802506e-05,6.322098834956206e-06,5.433363036341228e-06,0
0.5826442567585907,0.4173040299512672,8.753490624361038e-06,2.1680840088831242e-07,3.138026191788226e-05,5.983906737542947e-06,5.378822461366052e-06,0
0.2532966708225527,0.7466596107778211,8.276977550928516e-06,1.7434538624342815e-07,2.3548729244240114e-05,5.9303428438916575e-06,5.788004600831332e-06,1
0.11970891531897485,0.8786003863424493,6.776958382153474e-06,1.4274913993932976e-07,0.001669936807918184,4.855599329304324e-06,8.986223806229973e-06,1
0.20921470184957178,0.7888238289081623,7.0851586036620005e-06,1.7195942488882993e-07,0.0019444167047036442,4.90585114311284e-06,4.88956839065031e-06,1
0.11977871602989885,0.8791728875806742,9.284821807406148e-06,1.276090943181759e-07,0.001030162051652739,4.486737290483895e-06,4.3351695820803195e-06,1
0.06381697358474414,0.9338834691472044,8.380802740078593e-06,1.1448714791104405e-07,0.0022832898426399595,3.880516595096327e-06,3.891618928177102e-06,1
0.06605232968562409,0.9314909771386009,1.5673118179277756e-05,1.0482315258190029e-07,0.0024206970551258603,1.6655056537744988e-05,3.5631227796493045e-06,1
0.07271312899848269,0.9244839410987195,2.1059984724031937e-05,1.1265909139956921e-07,0.0027562311858096056,2.094011815270271e-05,4.585955020152921e-06,1
0.10855054982613285,0.8889223522740664,3.068440002030749e-05,1.5980490101274028e-07,0.0024639256728360907,2.6638237749219436e-05,5.689784294321214e-06,1
0.3773267664985062,0.6105034839714472,4.5217974332398384e-05,2.5459068969421033e-07,0.012061623004380182,5.3003813768436446e-05,9.650146875891995e-06,0
0.4069496643918111,0.5895920370908891,3.470552126663709e-05,2.7010092866259035e-07,0.0033578887205911374,5.139729990775112e-05,1.4036874605552778e-05,0
0.3731145238317565,0.624397943003911,3.181998948466207e-05,2.476438444422157e-07,0.0023867888145519605,5.134975626446311e-05,1.732696018689255e-05,0
0.08140154328083797,0.9184805265770608,2.3147201592052754e-05,1.2895712302319695e-07,5.931320386261035e-05,2.6793929275706945e-05,8.546850247773989e-06,1
0.07851946673168708,0.9213657684541876,1.9917084414985614e-05,1.4179955716283848e-07,5.852583659689131e-05,2.774670050981334e-05,8.433393046478846e-06,1
0.07468611594835711,0.9252029061096141,1.859304262174835e-05,1.2302838695738388e-07,5.712926953438744e-05,2.6978688193487625e-05,8.1539132922561e-06,1
0.049201268985370514,0.9505803773510207,2.2675020538078212e-05,1.4999487951219127e-07,0.00015104720527806022,3.961334515843412e-05,4.868097754804464e-06,1
0.0591767627181054,0.9405543212650107,3.826929747403719e-05,2.244439538320289e-07,0.00017600605497546578,4.294180645986955e-05,1.147441402045323e-05,1
0.09048502317294459,0.8975903143560545,2.612609661063983e-05,1.7477992210804886e-07,0.011835269291812847,5.019782933520239e-05,1.2894473319942778e-05,1
0.082767986696938,0.9170053707662323,2.421045283034412e-05,1.252749884597128e-07,0.00014480426268870776,4.960764184747458e-05,7.894904474809608e-06,1
0.03088969722985677,0.9689026606882558,2.1117923347565604e-05,1.2455880419512693e-07,0.000141930923681102,4.188829392417251e-05,2.5803821301746485e-06,1
0.04944670989042406,0.9503184650649354,2.0369660513299154e-05,1.4370743231943352e-07,0.00017850618794847134,3.2650650920793165e-05,3.1548378257946674e-06,1
0.11624421067577397,0.8833814162433027,3.375416374865362e-05,2.133468360375488e-07,0.00029804397734502154,3.820902198000821e-05,4.152571014042792e-06,1
0.3476625731029766,0.6521231464101979,1.6589113103540886e-05,1.0770627915211172e-07,0.00016294140134223966,3.203870326435517e-05,2.603562836201402e-06,0
0.36100157527701593,0.6388478391610815,1.494766593672278e-05,1.1954951917845026e-07,0.00010937121131046056,2.4306323541646458e-05,1.8408115945168937e-06,0
0.5005060319631274,0.4992883831492461,1.983084015952774e-05,1.576812809915832e-07,0.00014745466118729818,3.5930271119550126e-05,2.211433879190938e-06,1
0.3917866102860367,0.6080656210363267,1.7097577805187135e-05,9.310943866635755e-08,0.00010110495603344909,2.7595847187524173e-05,1.8771871719448876e-06,1
0.08509448430058565,0.8895619253394573,3.3179081667955e-05,2.3372264814188734e-07,0.025246951131288484,5.9205107568008374e-05,4.0213167847140876e-06,1
0.09932863427384508,0.866035950881426,3.886231746733642e-05,2.3509210599578687e-07,0.03453573322417651,5.6539331976989296e-05,4.044879002144131e-06,1
0.0639370918178506,0.93576022822161,3.4839569710693283e-05,1.8219701469283793e-07,0.0002261571153985587,3.879554685917117e-05,2.7055315562306436e-06,1
0.023231728366067853,0.9765009770286033,2.907319000973398e-05,1.1889845497091575e-07,0.0002025835356046578,3.3278050380370003e-05,2.240930879130796e-06,1
0.013395488500055008,0.9722135895827219,2.9076332740931123e-05,1.3266670259117353e-07,0.014319505442916302,3.9978201025570345e-05,2.2292738376060557e-06,1
0.00967735793290591,0.9788788859456331,2.984016372077422e-05,1.4811497427081924e-07,0.011370114592176806,3.9779695790746694e-05,3.873554798398519e-06,1
0.006556792055146573,0.9856839101437216,2.953477041774758e-05,1.4688252210662095e-07,0.007685569405502314,4.0205419412896454e-05,3.841323276785465e-06,1
0.024584117039949612,0.970460168320957,3.013222303344638e-05,1.3782067916010326e-07,0.0048886591212168136,3.39921103919759e-05,2.79336377199426e-06,1
0.03598628219617121,0.9559951008845821,3.4517607144670716e-05,3.244983472396149e-07,0.007938843522749364,4.2668790751094404e-05,2.2625002542919674e-06,1
0.03423039434605822,0.9616082637308282,3.503517865094901e-05,2.731126451685756e-07,0.004088507157916855,3.522082777539196e-05,2.3056461251505113e-06,1
0.08854955750585478,0.9062839106014035,2.8207300656539988e-05,2.7499062246581527e-07,0.0051002650880048635,3.5463013247658717e-05,2.3215002101044636e-06,1
0.0892275151600392,0.9055859667406704,2.8406978391125995e-05,2.7693726405321725e-07,0.005118275958715108,3.7220290954052605e-05,2.337933966330873e-06,1
0.10249203192145126,0.8952039375726673,2.6485866709615723e-05,2.821562254230541e-07,0.002242704313432708,3.237834571989338e-05,2.179823793841674e-06,1
0.20353430680546378,0.794796686734439,2.710388062411716e-05,5.643273790248109e-07,0.0015677038732772998,7.174405138612479e-05,1.8903274308580093e-06,0
0.18822372036111143,0.8105130138283615,2.3062683126466727e-05,5.5698877261861e-07,0.0011888995851863104,4.88554067500413e-05,1.8911466916299368e-06,0
0.9478262165839414,0.045199265136593086,2.919104437879669e-05,2.9498709270628594e-07,1.7087107779380226e-05,9.945532844048043e-06,0.006917999607370746,0
0.6235932684579808,0.3745737055397104,2.4045403434182987e-05,2.662823054340786e-07,1.3150708300456011e-05,8.977746755585494e-06,0.0017865858615131482,1
0.6477226235274256,0.3521429169618947,1.4612339309183267e-05,2.7301749957780096e-07,1.1505531524526323e-05,9.204824808231453e-06,9.886379753814386e-05,1
0.619343336716221,0.3806157958605514,1.2204043829793643e-05,2.5675124714893877e-07,1.0839635027249054e-05,8.65640573573358e-06,8.910587387621828e-06,1
0.7702397251051075,0.22972940042073878,9.161814535079736e-06,2.073319996007436e-07,8.193140270019822e-06,6.238696131304365e-06,7.07349121755776e-06,0
0.7957006672856866,0.20426992192693944,7.417229346927142e-06,1.8348757656015187e-07,4.787993882440973e-06,5.884249691004312e-06,1.1137826877142842e-05,0
0.5101456229116311,0.4898138482750807,1.3352009684969224e-05,2.494694532748726e-07,9.634183309648274e-06,8.41089899347682e-06,8.882251846851103e-06,1
0.1994850591443511,0.8004806850674188,1.001529252830306e-05,1.8712610388804102e-07,1.1383641294334355e-05,6.308983878322757e-06,6.360744425326775e-06,1
0.17119016810419035,0.8287733672781412,9.259100059957831e-06,1.720089396289826e-07,1.2134360398493644e-05,5.799306481023769e-06,9.099841789439146e-06,1
0.19240271124085873,0.8069989163374934,8.048223932010975e-06,1.5157650788749507e-07,0.000578797392832412,5.708656309267458e-06,5.66657206597707e-06,1
0.3074987585553471,0.6919668231595857,7.928200625929189e-06,1.667951563222742e-07,0.0005150291077910337,5.753656101216016e-06,5.540525392560954e-06,1
0.11807823977339542,0.8653369540911201,7.420825888599922e-06,1.360299158350663e-07,0.0165678616509581,4.674638385519992e-06,4.712990336412093e-06,1
0.1146876793011934,0.8677952878489985,7.312348132504286e-06,1.3404142826600272e-07,0.01750042646528745,4.606304443957133e-06,4.553690516041918e-06,1
0.08762699436102334,0.8847779304669107,7.2334910346548324e-06,1.3005236450844116e-07,0.027578924864630986,4.469221138061439e-06,4.317542897710178e-06,1
0.12961706537226672,0.8669905483254827,7.329160080341884e-06,1.627235830147101e-07,0.0033753348694054264,4.537362292241433e-06,5.022186889476006e-06,1
0.12371040709782481,0.8737456969221821,5.747732642969406e-06,1.30491378379924e-07,0.002526001781261845,3.684902081582272e-06,8.331072628355431e-06,1
0.06785969266503165,0.9297478940683036,4.965802903404411e-06,2.7753398612497043e-94,0.002377621845591,3.3046309994364083e-06,6.5209871707755296e-06,1
0.054777912440785406,0.9440153112321373,4.488123313977078e-06,2.458860576527732e-94,0.0011904197169299443,2.927795257776672e-06,8.94069157555751e-06,1
0.05069229493611197,0.9482408617566256,6.3164683603975405e-06,8.853288876854189e-51,0.0010492481109406553,4.120503118502942e-06,7.158224842615758e-06,1
0.037457829711083336,0.9625172188403148,5.723091696465311e-06,7.090376203912846e-89,9.70764605238324e-06,3.8096065538839346e-06,5.711104299026183e-06,1
0.046149688194336014,0.9538316569857989,5.198906971074226e-06,2.7055779064199075e-08,6.912596872468298e-06,3.4998536395417866e-06,3.0164066029468986e-06,1
0.04350311591637124,0.956476828535498,5.578039021124518e-06,9.648951335371698e-08,7.691224784290399e-06,3.5682828445066682e-06,3.12151196734374e-06,1
0.032138012254634384,0.9674074130188834,5.131220571864576e-06,1.1217399803794844e-07,0.0004335881119144478,3.3235392981486535e-06,1.2419680699712633e-05,1
0.0577852087933137,0.9400341606024945,4.242018765541609e-06,1.0292236210243055e-07,0.002158926698162931,7.916746168567433e-06,9.442218732746495e-06,1
0.17956474315469617,0.8187483052433155,4.9832896172977864e-06,1.4977332508489913e-07,0.001656023775249796,1.5168564957064928e-05,1.0626198839140407e-05,1
0.12358565529928008,0.8744946541212181,4.919750798373855e-06,1.037269380260636e-07,0.001899857179540702,1.0863820298922283e-05,3.9461019257231666e-06,1
0.0533079387300914,0.9462040065984002,2.9471598769812373e-06,6.082990515848534e-08,0.0004745240405974199,6.422815918767878e-06,4.09982521001094e-06,1
0.041453236382189604,0.9582105308383325,2.499407976591148e-06,5.813949869547269e-08,0.0003245609760897098,4.842309422594864e-06,4.2719464901183385e-06,1
0.025947203529191373,0.9737241608495805,2.584217226863999e-06,5.956433105017623e-08,0.0003173653945177599,1.8424843605434258e-06,6.783960791747975e-06,1
0.052925047145006926,0.946731836681385,3.4714824279529993e-06,5.389492366058311e-08,0.0003280025472306667,2.4750829825426852e-06,9.113166043341547e-06,1
0.09195847553549064,0.9080247541700901,4.775125651375079e-06,9.420249328361535e-08,5.910198447614546e-06,3.3364613484081053e-06,2.654306478663527e-06,1
0.3566232363193332,0.6433461033990991,7.997908872465032e-06,1.463526588337436e-07,1.304387337612997e-05,4.996457593797113e-06,4.475689066458213e-06,1
0.7737056372942034,0.22505280332593694,1.2147421060410162e-05,3.008700240901646e-07,0.0012132239577039691,8.45724149255519e-06,7.429889578661911e-06,0
0.7702263024413403,0.2285347656135137,1.2111288530823243e-05,2.690332825956074e-07,0.0012096152204807084,9.52861349553815e-06,7.407789356425977e-06,0
0.7256339735632092,0.27416338021090053,1.3419931450284854e-05,3.059102454273386e-07,0.0001701539775722846,1.0558194497715359e-05,8.208212124447587e-06,0
0.6216574519230984,0.3782745054528989,1.531311342875313e-05,3.100053279392678e-07,2.8472317790946845e-05,1.06995322864669e-05,1.3247655168644514e-05,0
0.6083029511923909,0.3916286260441271,1.4758437990527793e-05,2.987762371389586e-07,3.484993690263941e-05,1.0311971142391613e-05,8.2036412093012e-06,0
0.3726272567513263,0.6273238872280725,8.764293444327786e-06,2.509107412890697e-07,2.6918065311350243e-05,7.02328794200176e-06,5.89946316221242e-06,0
0.33678072935885645,0.6631800383787334,8.589656645730976e-06,1.9416724179064437e-07,1.778318540117626e-05,6.883342317222551e-06,5.781910804269022e-06,1
0.13760781213746553,0.8610035775546989,8.554941280754079e-06,1.704448754515626e-07,0.001363107471932055,5.7976673153877654e-06,1.0979782432195995e-05,1
0.13011132586601412,0.8684786079080762,7.082300022473005e-06,1.4110462078292676e-07,0.0013891604606909797,4.799661156112861e-06,8.882699419327531e-06,1
0.13867013716526277,0.8595853056594603,6.902348128369695e-06,1.4539033639063342e-07,0.0017234115072356868,4.945439392249443e-06,9.152490184000952e-06,1
0.14789314886079982,0.8502718500836791,7.070277493542232e-06,1.6019581936326087e-07,0.001815009926845972,5.065758518754564e-06,7.694896843300807e-06,1
0.26920310144969223,0.7281560910918773,9.352986738619666e-06,2.1191662922076244e-07,0.002619423064026821,5.848893955196688e-06,5.970597080498643e-06,1
0.3353301974967273,0.6611498036635786,9.234644513837525e-06,2.2412824447310625e-07,0.0034978312347866357,6.394181680144047e-06,6.314650469050151e-06,1
0.12497046777485415,0.8737356376585081,8.522525896935453e-06,1.3292762848727898e-07,0.001274090206571093,4.6737370158148245e-06,6.475169525428044e-06,1
0.12174533206412282,0.8768192070859269,1.2281784878158365e-05,1.6277357241772492e-07,0.001413217974317384,4.92729877897648e-06,4.871018403693449e-06,1
0.05234276933863408,0.9464828624710477,1.0324725598982765e-05,1.0236308105992997e-07,0.001156805085758305,3.5894709241817746e-06,3.5465449557857734e-06,1
0.050074020770194114,0.9484201357053862,1.0224243848198443e-05,1.0136686847277969e-07,0.0014884513465811058,3.554537664271531e-06,3.512029457724713e-06,1
0.05331620821676538,0.9452521099165131,1.0020702461967645e-05,1.0297492135339763e-07,0.0014145152268044436,3.5426643746143506e-06,3.50029815903705e-06,1
0.07116743633505096,0.9259027010964227,9.135946590389241e-06,1.2552006776324112e-07,0.002910696079157141,5.638375489134938e-06,4.266647221861491e-06,1
0.06848776216400487,0.9285560890802372,1.614355391889725e-05,1.1512587369104422e-07,0.002919091763337781,1.688498229007735e-05,3.913330337542411e-06,1
0.08429701062449142,0.9121732945228916,2.535162025732619e-05,1.3510475621051824e-07,0.0034770947648584774,2.252091515453075e-05,4.592447590397921e-06,1
0.09349895769258017,0.9035244048047232,2.9224277305545436e-05,1.6793781262641145e-07,0.0029155548935481373,2.5981893274687046e-05,5.708500755747776e-06,1
0.19401513061557396,0.8045879224038981,4.122390811551471e-05,1.7593285633216733e-07,0.0013126875208049683,3.048579831375582e-05,1.2373820437313561e-05,0
0.14523073706298964,0.8543178687258639,5.292140173822555e-05,1.555849650569163e-07,0.0003624843702467753,2.9248931354717797e-05,6.583922841906153e-06,1
0.07689717325738486,0.9229770176945983,2.846606604796764e-05,1.2493696401821542e-07,5.746415120826659e-05,2.595864500810433e-05,1.379524878859032e-05,1
0.0581284385746382,0.9417701354052779,1.8574266060509208e-05,1.2290204392897284e-07,5.072614530206786e-05,2.4693225157081306e-05,7.3094815203010295e-06,1
0.0699583686644318,0.9298309582516481,2.5043875681605774e-05,1.4382733410891287e-07,0.00013846556309980333,3.884119143512515e-05,8.178626369468117e-06,0
0.07672248635444834,0.9230410499977503,2.6987421862046257e-05,1.5643011769471089e-07,0.0001588957819480505,4.152874029112325e-05,8.895273582615067e-06,0
0.18296208528915656,0.8145564637071978,3.682834668650895e-05,2.822463791299613e-07,0.002356622423736877,5.870861459234696e-05,2.9009372250809123e-05,1
0.18668230218694942,0.8113726241278353,3.270471624699004e-05,3.226032140695575e-07,0.0018214142708698942,6.032879516676131e-05,3.0303299717551014e-05,1
0.08831839422009385,0.9034835431381362,2.3368491948559597e-05,1.7694388883213437e-07,0.008125489105577538,3.667781623394742e-05,1.2350284121151364e-05,1
0.0952536371393038,0.8928812982745674,2.3885051378734542e-05,1.6731162560286445e-07,0.011781854314073817,4.8052890323499556e-05,1.110501872699263e-05,1
0.06837717451892186,0.9313906756696112,2.1033182635326147e-05,1.2410032243102366e-07,0.00014899560572493648,5.417604646318729e-05,7.82087632122261e-06,1
0.05133957704100606,0.9484555134747884,2.384171102075282e-05,1.2957149139249124e-07,0.0001365688742264234,3.620365481526181e-05,8.16567265165868e-06,1
0.04753500947528877,0.952186155476829,2.2540430260199042e-05,1.3294910645547436e-07,0.00021949480619509005,3.3912665210462834e-05,2.754197109848413e-06,1
0.08302845146479844,0.9166993357757466,2.5664501574327838e-05,1.5894355537590006e-07,0.00021213825503123962,3.1159207712762196e-05,3.0918515811961915e-06,0
0.38980246326869095,0.603133270116145,2.060802585008126e-05,2.094717367669208e-07,0.0069910283045966914,4.771341062529459e-05,4.7074023552527786e-06,0
0.2740455618577831,0.7257325681498519,1.9378644881275072e-05,1.2685420659169112e-07,0.00016889253934759636,3.062122530200163e-05,2.8507286277271548e-06,0
0.31086747977144014,0.688911824353746,1.8086278558830735e-05,1.1384194121943727e-07,0.00017222362131383956,2.752025400375051e-05,2.751878996222294e-06,0
0.44389522118941194,0.5559279896677467,1.4291749198482637e-05,1.0446260531103592e-07,0.00013167727051694426,2.9022267446409993e-05,1.6933930742416793e-06,1
0.4665069661522045,0.5332800054691179,2.006018050887791e-05,1.3579980715444963e-07,0.00015472684172960797,3.590417124411833e-05,2.2013853879480677e-06,1
0.4682969450286171,0.5315648261101318,1.5024700421895204e-05,1.1623495893410844e-07,9.782014241024004e-05,2.3658435796893655e-05,1.6093476632342143e-06,1
0.3730904091106288,0.6267817004784243,1.8755173758894242e-05,1.2854306850581123e-07,8.0482132972924e-05,2.6600844705699704e-05,1.9237164408750276e-06,1
0.06800136307467901,0.9316786242692823,3.426802489539647e-05,1.3999088675599573e-07,0.00023925075841985252,4.371541272447393e-05,2.638469112194529e-06,1
0.023052591231903778,0.9766958743973809,2.7125819204147723e-05,1.1093443795172552e-07,0.0001890141521693736,3.344236644731691e-05,1.8410984563931274e-06,1
0.01423020376591681,0.9676885482460224,2.9514130534865688e-05,1.4642175501330254e-07,0.018001481503742117,4.764552424504756e-05,2.4604077838084097e-06,1
0.0063466801372595505,0.9861105954563045,3.212734718857318e-05,1.469461049796019e-07,0.00746622556631418,4.124622798225855e-05,2.9783188458159214e-06,1
0.006915433621881796,0.9829644999680713,3.287806908447541e-05,1.503798045589114e-07,0.010048881853318117,3.510819441595473e-05,3.0479134238372135e-06,1
0.05759074718635513,0.9387619043846424,0.0001080273044885391,8.847643702288051e-07,0.003418492156926388,0.00011377535943235932,6.168843785059395e-06,1
0.057365728384243996,0.9393494656940092,0.00011622954806565119,6.389946295750229e-07,0.00305447662996054,0.00010736220147784133,6.098547613286303e-06,1
0.961175721570091,0.032532526452926466,2.715089376137271e-05,2.3403402081111455e-07,1.3556405132691468e-05,7.890491137248203e-06,0.006242920152930363,0
0.9439027177770218,0.04668621835701473,2.983975197206144e-05,2.952840721298459e-07,1.730337392124917e-05,9.955545548617332e-06,0.009353669910449272,0
0.8941424594006592,0.09441273984923819,2.4103898937718825e-05,3.1293638032150056e-07,1.8126819073967765e-05,1.0550695693265065e-05,0.011391706400017458,1
0.6370789464616677,0.3628146015093917,1.8258225308949456e-05,2.613706498262031e-07,1.3293850460135217e-05,8.812149570574382e-06,6.582643295121083e-05,1
0.6765349229589351,0.3234275345226503,1.1197982614126731e-05,2.3558551917932487e-07,9.99012226652689e-06,7.942800130963689e-06,8.176027883860308e-06,1
0.806772789453839,0.1931992830099904,8.449349409511227e-06,1.912089031808892e-07,7.208367006394257e-06,5.753546229442172e-06,6.325064622094911e-06,0
0.6592829436479027,0.340684325384963,9.590192185838085e-06,2.0176048516810103e-07,7.893739714161466e-06,6.802384177087953e-06,8.2428905719432e-06,0
0.3083287611419979,0.6916294651335475,1.2608181901080973e-05,2.355717468654656e-07,1.2600204982356452e-05,7.942335795393717e-06,8.387430028782912e-06,1
0.18263867030999786,0.8173284783735034,9.580620713944682e-06,1.7798192041577273e-07,1.10421098718215e-05,6.0006863991988235e-06,6.049917593383564e-06,1
0.21548520638421467,0.7840186381798384,8.246626531488291e-06,1.7349426765922618e-07,0.0004761228771994788,5.849384532146099e-06,5.7630534160861716e-06,1
0.2704915204963608,0.729072610408339,7.2516475821307355e-06,1.3657415924503566e-07,0.00041811248502089947,5.262667826333526e-06,5.1057207115936595e-06,1
0.3012635875495988,0.698170748712321,1.090652252520864e-05,1.999256367726609e-07,0.0005407601215637672,6.8704008979919405e-06,6.926767456454521e-06,1
0.1043568869776084,0.890268265012948,7.093505679022859e-06,1.300298639232858e-07,0.005356144468804778,4.46844791036062e-06,7.0115571856194385e-06,1
0.08435463283676821,0.910148235720177,7.1881771673754574e-06,1.3176527111190726e-07,0.005480718181429354,4.528084799853908e-06,4.5652343869572e-06,1
0.07874645629778916,0.9051256777993512,7.247820224725003e-06,1.303099918478805e-07,0.01611158277301716,4.478074445385123e-06,4.426925180516721e-06,1
0.11971655286931367,0.8773535160296629,5.74110814844994e-06,1.2403626577631202e-07,0.0029119852150732745,8.252572955665839e-06,3.828168580488071e-06,1
0.05172263303262753,0.9459391580438634,5.24522461637036e-06,1.1929759438329831e-175,0.00232359779089347,3.421684896659912e-06,5.944223102486806e-06,1
0.03943960257189909,0.9604777237171505,5.710964934080294e-06,0.0,6.621776750149491e-05,3.8015343097352197e-06,6.943444205344238e-06,1
0.03580492326163083,0.9641628679627875,5.152932693892245e-06,9.658854549615215e-08,1.8464617272979138e-05,3.3524975367831235e-06,5.142139532528623e-06,1
0.13681197826359556,0.8611650640517997,4.341414326988067e-06,1.2233908710454747e-07,0.0019959180537088856,1.3141543061902256e-05,9.434334419958842e-06,1
0.07610849171660516,0.9229783374384248,4.1968965254429495e-06,8.662469233402129e-08,0.0008960391387410044,9.146396849242999e-06,3.701788162027512e-06,1
0.045905849038579624,0.9536147460699016,2.3985444907387845e-06,5.784035569781921e-08,0.00046955061701984884,4.91546910939662e-06,2.482420542944699e-06,1
0.039010763387451484,0.9608116268270656,2.5257593942135437e-06,3.921253025509556e-08,0.00016661350807237974,1.8008053401847443e-06,6.630500145890245e-06,1
0.11011005829611072,0.8898503588476208,4.949151882335033e-06,9.763563956081461e-08,2.825640230709773e-05,3.5286255529772727e-06,2.7510408865133772e-06,1
0.08180591481993997,0.9181739517351355,4.344171858265473e-06,8.570074385022295e-08,1.0253469664734433e-05,3.0353466178991797e-06,2.4147560398753772e-06,1
0.5108153494260589,0.488973764883406,1.4885049714958049e-05,3.3726013406525065e-07,0.00017723195341610615,9.265724776174491e-06,9.165702493951053e-06,0
0.7541578788537344,0.2456710718213851,1.173530841886908e-05,2.606814739955345e-07,0.00014192119863643945,9.232809365391076e-06,7.89932698557989e-06,0
0.627789733120762,0.3721561166276431,1.4333901648460257e-05,2.9018173879888413e-07,1.7110306708358957e-05,1.0015340393859355e-05,1.2400521105232102e-05,0
0.3057037422825592,0.6942584839332083,8.307536659196239e-06,1.9128947031183888e-07,1.689535006706038e-05,6.657264777462689e-06,5.7223432582146985e-06,1
0.22610350527944084,0.7738624110167831,8.814265184605175e-06,1.6488711816614537e-07,1.4563402671481822e-05,5.60862069444856e-06,4.932528107617937e-06,1
0.15174298435128322,0.8468934090259393,6.774241527336112e-06,1.4897317933971387e-07,0.0013422380642931025,5.06730947726678e-06,9.378034300180523e-06,1
0.14793625007787997,0.8505196489294667,7.0723380187755735e-06,1.6024250600722574e-07,0.0015241040378668838,5.0672348573089486e-06,7.697139404378228e-06,1
0.2832644478469507,0.7141818175414647,9.607022195638695e-06,2.176724737716522e-07,0.0025283573912467513,6.00775512868997e-06,9.544770539797877e-06,1
0.2688537696952379,0.7293206428350525,9.92693300041649e-06,2.24920898397326e-07,0.0018028908214161442,6.2078114769515185e-06,6.336982917538005e-06,1
0.33499654224705044,0.661884887219865,9.47461231925921e-06,2.29952352036601e-07,0.003095975267785794,6.4119601585271165e-06,6.4787404687022625e-06,1
0.23506712583632955,0.7607961317328807,1.2206079359697907e-05,1.8226804768138481e-07,0.004112520342634482,6.177935224074115e-06,5.655805523834628e-06,1
0.08707287456854758,0.910840982369984,8.39300611295954e-06,1.1531270302567454e-07,0.0020685352021352042,5.179859522958808e-06,3.9196809942602375e-06,1
0.06523318771085136,0.9299203010746223,1.6302777794827616e-05,1.0903436985216324e-07,0.004808580584715628,1.7812548206244748e-05,3.706269439677508e-06,1
0.09090718291369565,0.9050768238529668,2.5784012657978885e-05,1.4816827260570176e-07,0.003962101232826958,2.292332015839678e-05,5.0364994215392655e-06,1
0.17728851973290952,0.8202123933928247,2.5067868558421046e-05,1.3272912392433317e-07,0.002432483875097249,3.513672982657514e-05,6.2656716599063115e-06,1
0.41903982440885656,0.5781292028602242,2.3425435654516677e-05,2.3331521441455249e-07,0.002752016077879279,4.15339321446732e-05,1.3763970026457727e-05,0
0.454981987291604,0.5425798619434253,3.060429365823491e-05,2.1564742201269673e-07,0.0023498794439888804,3.832512527559188e-05,1.912625462594897e-05,0
0.21634746794626253,0.7821693540723997,3.622116472666042e-05,2.040723607758699e-07,0.0013989826545198318,3.317841469325948e-05,1.4591675037163865e-05,0
0.1834296943245945,0.8150024911618815,4.767249225064005e-05,1.6474244320356346e-07,0.0014809702466553776,2.8777345636072344e-05,1.0229686538699168e-05,0
0.12797715661243605,0.8711316744131379,5.02188232289023e-05,1.4763958626637468e-07,0.0008067995617344242,2.775525335860315e-05,6.247696517675487e-06,1
0.0703969028851251,0.929483982463224,2.2101590410127828e-05,1.2050310145309645e-07,6.485002299706716e-05,2.512519961829508e-05,6.917335523989993e-06,1
0.07851019262587178,0.9213569646798845,2.4648813361417143e-05,1.343911638063928e-07,7.232403115233883e-05,2.802089553591192e-05,7.714563030314697e-06,0
0.11509430651879404,0.878661780477198,3.757861259300566e-05,1.9537571104442166e-07,0.006142266361142971,5.276264603107426e-05,1.1110008529821139e-05,0
0.11610963529081411,0.8835962898358131,3.15270139507417e-05,1.6822518104225456e-07,0.0001929365187070314,4.449469479947832e-05,2.4948420734492834e-05,1
0.06846129967737512,0.9313319521637492,2.0406616874449523e-05,1.661594663024724e-07,0.0001412541822298973,3.5017331507521135e-05,9.903868797265482e-06,1
0.14263966923642038,0.8555705757975547,3.0030905470059604e-05,2.1704350361783125e-07,0.0016957863451659899,4.714290279292201e-05,1.657776909254174e-05,1
0.08105612000184209,0.9151250008432742,2.5050970165329097e-05,1.6130332237048107e-07,0.003729092797402076,5.1648853378250766e-05,1.2925230615619177e-05,1
0.04257383974406951,0.9572157800581002,2.670983284017059e-05,1.28310200368769e-07,0.00014083876218314815,3.569965688422875e-05,7.003635722863034e-06,1
0.03365213183439557,0.9661414422193185,2.0817687101220187e-05,1.242038314155414e-07,0.00014109511199602787,3.791654525220452e-05,6.472398105116878e-06,1
0.052213156875375984,0.9475103844566303,2.2408343935717474e-05,1.4413832355410328e-07,0.0002184169629099425,3.2748550375685374e-05,2.74067244877655e-06,1
0.10811997689529176,0.8915832394326599,2.631402138624424e-05,1.7874053202459677e-07,0.00023440169576160176,3.187483045917268e-05,4.014383909169145e-06,1
0.39360156309038535,0.5954099897138977,3.3969965041962825e-05,2.663233008115182e-07,0.010886863311136105,6.216383596010349e-05,5.183760278018961e-06,0
0.5426100024854694,0.45073336520105717,2.379346968048782e-05,1.9755547083542072e-07,0.00658268531457827,4.611072175397779e-05,3.8452519899741985e-06,0
0.1997276793243746,0.8000418090366914,2.059649222738698e-05,1.1740933346517585e-07,0.0001686303217188005,3.757969010659626e-05,3.5877255479368765e-06,0
0.3760312575307423,0.6237958063009821,1.6650315336643013e-05,9.320837659383778e-08,0.0001276806832387585,2.6681914161418775e-05,1.830047162324064e-06,0
0.35309390517109235,0.6467204731288848,1.539584300198459e-05,1.0277044152474997e-07,0.00014033445829668024,2.7996615159708076e-05,1.79201312305148e-06,1
0.4698652289008095,0.5299370084472325,1.906706073351751e-05,1.3508674577079987e-07,0.0001469589115674509,2.950170023279008e-05,2.0998926785893947e-06,1
0.1609336150759383,0.815621983907228,3.2534585794545816e-05,3.281072878084963e-07,0.023315552638761294,9.281954219332895e-05,3.166142796787537e-06,1
0.028915772835295315,0.9708836058259801,2.9489340218971212e-05,1.1706064945929091e-07,0.0001395841327858332,2.94880343222418e-05,1.9427707482293617e-06,1
0.015221791632937682,0.9697101684354257,3.2642784670407545e-05,1.4672764803708515e-07,0.0149813031344356,5.1481737004779624e-05,2.4655478777559175e-06,1
0.006278436800751491,0.9870354827215827,2.983116626788561e-05,1.3618042621881564e-07,0.006614106172653061,3.974684508262357e-05,2.2601132361289696e-06,1
0.03165206416668356,0.9634236949717446,3.115696974470591e-05,1.3747865887093517e-07,0.004851673514710822,3.89077743515269e-05,2.3651241059345756e-06,1
0.062241242939433,0.9343367134298531,0.00010697998731546209,4.0923447221436185e-07,0.003194941798654167,0.00011267231526800954,7.0402950040577205e-06,1
0.07192968358758581,0.9237949732254133,3.888845311518533e-05,3.4169188158102593e-07,0.004196553865088637,3.699994888550667e-05,2.5592280299588446e-06,1
0.11123352451009992,0.8843479251156856,2.872216017990072e-05,2.665259816888758e-07,0.004354161383465439,3.3067955605881535e-05,2.3323489814849567e-06,1
0.18009630126615228,0.8140035721947185,2.807018248221602e-05,2.524904738112609e-07,0.005838431721615621,3.1162619258180525e-05,2.2095252991724662e-06,1
0.020680655762008587,0.9759359700717453,2.615504612239606e-05,7.469394706983089e-07,0.0032793234284526785,7.503081148923408e-05,2.1179407111708e-06,0
0.947493727036102,0.04752493898946048,1.9387567126731498e-05,2.517051326657136e-07,1.4580003114795937e-05,8.486275250133954e-06,0.004938628423813236,0
0.9389370377384463,0.05534232679814328,1.9109483590077728e-05,2.480948264819594e-07,1.437087636856303e-05,8.364553250712953e-06,0.005678542455374733,0
0.9084697996953626,0.08601909458894515,2.8214148014914816e-05,2.8511516710755084e-07,1.651527714384946e-05,9.61269943301478e-06,0.005456478475933354,1
0.6738058649686999,0.3261586412597974,1.0294741935524363e-05,2.329701635733144e-07,9.18847811607317e-06,7.0101579157729245e-06,8.76742337187756e-06,1
0.6452907114544398,0.35467645086310007,1.0663168813017489e-05,1.9923104886268488e-07,8.164643520863415e-06,6.717103863221843e-06,7.093535214352864e-06,1
0.4990149869529698,0.500950830191608,1.1099978152188326e-05,2.073924110545487e-07,8.499102498626199e-06,6.9922653795671434e-06,7.384116980777108e-06,1
0.2970824861278054,0.7028811083408789,1.079377453606884e-05,2.0167129112530614e-07,1.1430289518274672e-05,6.799376986929321e-06,7.18041898332497e-06,1
0.21634547830105824,0.7835253705159032,9.542882226494481e-06,1.7829957196556397e-07,0.00010735789004611752,6.011396067518302e-06,6.060715126611424e-06,1
0.30993061836666996,0.6895842412822836,8.000863554989504e-06,2.0031931744422973e-07,0.00046368369297366424,6.2007700034226226e-06,7.054705196842017e-06,1
0.33271178843720456,0.6667379493336676,8.676031635374026e-06,2.1722364384514855e-07,0.0005227387616886432,6.724033767557926e-06,1.1906178392314358e-05,1
0.3346653702926898,0.6647615315963478,1.1460830978779748e-05,2.4750840488842036e-07,0.0005467243146420962,7.386646402616548e-06,7.278810534177916e-06,1
0.2992223560164652,0.7002199695186758,9.111721649166817e-06,2.280073133285238e-07,0.0005332388403695887,7.061699014533966e-06,8.034196512508753e-06,1
0.29830075904135617,0.7011379399954523,1.1228917936696592e-05,2.0583541303593228e-07,0.0005356611989549155,7.07348907018209e-06,7.131521816906576e-06,1
0.12019765994269534,0.8786141712610138,7.269751636202223e-06,1.332605990303054e-07,0.0011690005455957076,4.57947141759437e-06,7.185767042270681e-06,1
0.08226144752692373,0.9121765484511777,6.9002506925473934e-06,1.2648733915049073e-07,0.0055462482026890445,4.3467098192730525e-06,4.3823713587939175e-06,1
0.12691016560514917,0.8711412496673022,5.896397228703287e-06,1.3386652609707187e-07,0.001928361460740188,3.780211741139667e-06,1.0412791312713968e-05,1
0.09416054448156214,0.9028482729340018,5.337838897461956e-06,3.292855337454705e-94,0.002975267670051648,3.920842984582278e-06,6.65623250239874e-06,1
0.08407865168543252,0.9134910370601594,5.849349852064759e-06,3.269145820447448e-94,0.002412517989358957,3.892611773703287e-06,8.051303423215167e-06,1
0.07006105826028418,0.9276196183112372,5.464034571343813e-06,3.053796786558058e-94,0.0023025269699203437,3.636193054314722e-06,7.69623093248158e-06,1
0.04294767461439692,0.9559393560085802,6.0007952732075835e-06,3.9502931779967166e-94,0.0010927697278501653,3.914576029823311e-06,1.0284277869493042e-05,1
0.03394347204929355,0.9651465848666972,5.537216759113261e-06,0.0,0.0008930746176437057,3.6858779091067634e-06,7.645371697308597e-06,1
0.03536885972692748,0.9644232140468909,5.91224442679523e-06,1.1082137565638164e-07,0.00019474148031501556,3.846505680383575e-06,3.3151743837210363e-06,1
0.038923511339020285,0.9610025240425653,5.650204574175098e-06,1.0958703274639572e-07,6.11229144685906e-05,3.803662799335756e-06,3.2782495398298988e-06,1
0.03336372307422881,0.9663253720718648,5.77466213328494e-06,1.120009160716199e-07,0.00029783773181944463,3.829999203227451e-06,3.350459834258001e-06,1
0.039704138086030676,0.9593714804571072,5.6121979184159225e-06,1.2268867990997387e-07,0.0009062479450985578,3.6350727998554e-06,8.76355236528615e-06,1
0.04983176270934706,0.9492934878308492,5.626673184404858e-06,1.0803677532346061e-07,0.0008517514198900459,3.6444485642942107e-06,1.3618881389569693e-05,1
0.046573148738503774,0.9528457622511963,4.597915213467225e-06,9.436387709099659e-08,0.0005578209697774012,8.369816919539707e-06,1.020594451260025e-05,1
0.06720830799652242,0.9320121250986512,4.947002537616343e-06,1.2002709432455432e-07,0.0007542560129762932,9.23243520365879e-06,1.101142701467083e-05,1
0.10203423154046547,0.8972551605431538,3.848883646067182e-06,9.526219529324539e-08,0.0006887691609926673,1.0076122221170813e-05,7.818487325422261e-06,1
0.12879457932162677,0.8698222300994692,4.270366663227645e-06,9.937888353066343e-08,0.0013595179705248167,1.04405439102775e-05,8.862318922153854e-06,1
0.013109811159226959,0.9866995093121912,1.7597663084114073e-06,3.0461738457620575e-08,0.00018235217908797654,1.254670802343467e-06,5.282450644650109e-06,1
0.13294194918206298,0.8670321894292617,6.3213296525912946e-06,1.264482201844996e-07,9.528092298468045e-06,4.416820330234329e-06,5.468698173920315e-06,1
0.22009147331540857,0.7798864686516584,6.557362827959643e-06,1.3116969123095718e-07,7.142776945443636e-06,4.5817407164301864e-06,3.6449827518546084e-06,1
0.6373847243571327,0.3611316256365201,1.1067509064414489e-05,2.507636630250467e-07,0.0014586273797691273,6.889361803449651e-06,6.81499204746295e-06,0
0.755634205447539,0.24420589830436676,1.204421570961779e-05,2.9831381102858443e-07,0.00013180156569460855,8.385388169069135e-06,7.366764709893387e-06,0
0.32295444031076614,0.6770111012247849,7.86403134720642e-06,1.810773099938816e-07,1.481802064915632e-05,6.301860713267674e-06,5.2934744294023725e-06,0
0.2526070728811223,0.7473583475954759,8.671462729640807e-06,1.7732627593618743e-07,1.4254777110529322e-05,6.1713170567316295e-06,5.304640229039102e-06,1
0.14074712824145996,0.8577988413946064,8.738449285948718e-06,1.7410100797933698e-07,0.0014279804787411781,5.922030338921596e-06,1.1215304559757088e-05,1
0.2113718856658744,0.7869135680353451,6.9602741093551915e-06,1.6892843193301496e-07,0.0016924635345055856,5.52173714221822e-06,9.431824591550984e-06,1
0.1852401646895421,0.8133256460018711,6.366331659821904e-06,1.4364470778293345e-07,0.0014182352868397263,5.0505496527025455e-06,4.3934957267114e-06,1
0.1161194892350718,0.8823985340652292,8.464531463278802e-06,1.3202307711076587e-07,0.0014646060583137644,4.641932978541112e-06,4.13215386637082e-06,1
0.050357953789021616,0.9479799629998125,1.1980863157815148e-05,1.0131982294193169e-07,0.0016429377407383768,3.5528879624127846e-06,3.5103994844140857e-06,1
0.14204159787731263,0.854249500217015,1.576773499456727e-05,1.8432183420920632e-07,0.0036808890574484103,6.341256559697132e-06,5.719534835343659e-06,1
0.22380514919465141,0.7720072771603167,1.2676303044470864e-05,1.892896924267156e-07,0.004160934403589758,6.512166661826817e-06,7.261482043342381e-06,1
0.0887490707900355,0.9092003118630146,9.00324294094464e-06,1.2299008081048407e-07,0.0020316193748847688,5.6910905147484575e-06,4.180648528619166e-06,1
0.08455971403510297,0.9134695613608352,9.141748894686154e-06,1.1800748362724175e-07,0.0019521165377424153,5.337028628304137e-06,4.011281312616416e-06,1
0.06984428004826237,0.9273299518144325,9.611583887895082e-06,1.2407241123653473e-07,0.0028062866419844602,5.528400183712802e-06,4.217438837832158e-06,1
0.0701808253798039,0.9256269800852791,9.53414072735001e-06,1.2377995345905954e-07,0.00417276890719099,5.56020935987904e-06,4.207497685106444e-06,1
0.07222212598253516,0.927667921182126,2.7008087008004876e-05,1.1595074196447799e-07,5.333098191809766e-05,2.2841802864852763e-05,6.656012805911649e-06,1
0.07686443782566758,0.9229918322008253,2.6347906796037527e-05,1.3714055491056624e-07,7.33257824918546e-05,3.604675514622919e-05,7.87238851799846e-06,0
0.09360579861136932,0.9061509836118414,2.304745245173167e-05,1.7462275223117444e-07,0.0001671994707966348,4.256722055718998e-05,1.0229010231678479e-05,1
0.26673889853201416,0.7223569250533025,3.485680739188875e-05,3.88772448489452e-07,0.010767555144584929,7.08851421986553e-05,3.049054805912159e-05,1
0.08821383765615154,0.9089008422469881,2.2310071205303113e-05,1.622496899929765e-07,0.002821796356326363,3.36222728480693e-05,7.4291467904845285e-06,1
0.05556688493835328,0.9378040711598222,2.3287351765774623e-05,1.432435667641641e-07,0.006567584659829213,3.333549546768799e-05,4.693151195083193e-06,1
0.05032585646894213,0.9494520758479364,2.400926852278396e-05,1.304821087308726e-07,0.0001395423334251811,5.0162538765428347e-05,8.223060299328973e-06,1
0.04136939613222661,0.9584238699610461,2.4225004119448058e-05,1.2468021533341712e-07,0.00013685433539827074,3.8724389009506584e-05,6.805497984834558e-06,1
0.04928805199477172,0.9504393060809534,2.4142723037777667e-05,1.5181141509349841e-07,0.00021344799864236966,3.201282116473709e-05,2.8865700148119093e-06,1
0.1123425712968594,0.8873862131166785,2.6190151134592087e-05,1.778991313752114e-07,0.00020912726620722825,3.172478333363483e-05,3.9954866552010734e-06,1
0.47698568669616204,0.5146124927839878,2.8733417749290324e-05,2.3018306727257152e-07,0.008301358732176916,6.632534430665602e-05,5.1728425502285975e-06,0
0.2321354210640553,0.7676232908606364,1.7193466780185196e-05,1.2470781728782143e-07,0.00017859747198929575,4.235789102673728e-05,3.0145376948341147e-06,1
0.15548459932544081,0.8442515311998161,2.015796731512266e-05,1.2910713200832998e-07,0.00018513204071957391,5.5559734676238615e-05,2.8906249000026246e-06,0
0.2964192828699786,0.7033541627370217,2.1784921889130925e-05,1.7247454941105614e-07,0.0001705230633429123,3.1871102914169056e-05,2.2028303040776476e-06,1
0.19045144349858226,0.7924420305534828,3.293201935231723e-05,3.227956538186879e-07,0.016988243240373686,8.191300552831789e-05,3.1148870267364327e-06,1
0.12902279209993947,0.8562314772344894,3.307728302989728e-05,2.978366214246841e-07,0.014629624432263125,7.964869973333827e-05,3.082413923313908e-06,1
0.04903314736278472,0.9284589934691913,3.304335678537893e-05,2.3267379714068732e-07,0.022400908347436986,6.967151923350068e-05,4.003270770905321e-06,1
0.04703715123007423,0.9219102690267833,3.642208019568968e-05,2.310326728765454e-07,0.03094502032029981,6.693127557895852e-05,3.975034395005673e-06,1
0.02482723411675509,0.9571705293498243,3.8443458495930185e-05,1.4308826101875314e-07,0.017920660322548857,4.061490526262663e-05,2.3747588522268714e-06,1
0.0077127607326081165,0.982184915696591,3.61448886471774e-05,1.5026053908148448e-07,0.010021429087274521,4.1553838201228234e-05,3.0454961388120323e-06,1
0.06392795871049918,0.9325451545818148,0.00011877787476615886,4.2032458233667457e-07,0.0032909319773131683,0.00010952544650444161,7.231084520068166e-06,1
0.07970715217964629,0.9170905166468655,0.00014193717477347092,6.729183273912187e-07,0.002930400281566518,0.00011516570084786623,1.4155097973096698e-05,1
0.17041071895081683,0.8271486972665787,2.6010640087187003e-05,3.9167734918088483e-07,0.0023778446125640026,3.38597256103405e-05,2.4771269934561916e-06,0
0.2339989644513835,0.7641965114678553,2.5282352113696974e-05,7.161373116843153e-07,0.0017039509983820984,7.252731983611035e-05,2.047273117591756e-06,0
0.037107674667773836,0.9579299375946827,3.533990444390654e-05,1.0448140939828288e-06,0.004821325731418263,0.00010137935509537486,3.29793249215924e-06,0
0.04011049601126419,0.9550002509619036,3.832378858424192e-05,1.1952635371159347e-06,0.004736113058019573,0.00011051759537928458,3.1033213120341835e-06,0
0.9416294757943633,0.05273334941560539,1.860796886078005e-05,2.3656972207934454e-07,1.3703285460468042e-05,7.975982675249108e-06,0.005596650983312635,0
0.7738230562496521,0.22339666143683426,1.8124152764657625e-05,2.3563553414778087e-07,1.2194850269493755e-05,7.9444863929181e-06,0.002741783188552454,1
0.7323561227120075,0.26709741911381574,1.7132233560133203e-05,2.458541535185648e-07,1.2723694671669131e-05,8.28900863502904e-06,0.000508067383156392,1
0.693385030206605,0.30654470007612983,1.562045672314263e-05,2.5008694541802237e-07,1.2091157937420014e-05,7.525208177578135e-06,3.478280748170652e-05,1
0.8431755301689275,0.15679939089860162,7.078554724820637e-06,1.751094365908798e-07,4.653785818575801e-06,5.6155717322585945e-06,7.555910758689923e-06,0
0.7287839572124842,0.2711857440429082,9.48634108485916e-06,1.9957564381010503e-07,5.70532537375447e-06,6.884430255537222e-06,8.023072249605366e-06,0
0.7247771414128651,0.27519002247835267,1.0662657802753298e-05,1.992215011276073e-07,8.164252247245247e-06,6.716781959941502e-06,7.093195271380236e-06,0
0.3070712592215144,0.692889772956196,1.1541975708121352e-05,2.156507100843622e-07,1.2222612536130422e-05,7.309433193993894e-06,7.6781501413364e-06,1
0.20319318469282158,0.7967666273850359,1.1903360102661648e-05,2.2240282976186124e-07,1.2605307972576556e-05,7.538294799324217e-06,7.918556438333191e-06,1
0.1738631978498527,0.8260987992953271,9.137482521288956e-06,1.6974961596563998e-07,1.2031220700806342e-05,5.7231330542715615e-06,1.0941268928033323e-05,1
0.16065817570903412,0.8392948042359207,9.441444301843966e-06,1.7640430194996556e-07,2.2122338685528017e-05,5.947496762584166e-06,9.332370992947285e-06,1
0.3092681317211848,0.6901703654399152,1.1653399453787834e-05,2.1773255555699898e-07,0.0005347198363488772,7.510759151143204e-06,7.401111390637162e-06,1
0.3604560208627688,0.6389817226783981,1.0564999553775798e-05,2.4046839822040633e-07,0.0005355387816657263,7.443561856540925e-06,8.46864735885532e-06,1
0.36224077113461023,0.637376809833379,1.046691869683997e-05,2.137812951405326e-07,0.0003566341204919795,7.374459068431156e-06,7.729752458269824e-06,1
0.3566774614580797,0.6429370525555941,9.598284251909845e-06,2.404248185448285e-07,0.0003597452664300902,7.438791158543183e-06,8.463219667143054e-06,1
0.06517509307901592,0.9236598174770283,4.822929106176229e-06,8.84083052533958e-08,0.011154136544312156,3.0381321255640788e-06,3.0034301064951853e-06,1
0.06789916854096477,0.9199315117554705,4.591304911118474e-06,8.721597262842572e-08,0.012153651632738939,8.026626071955022e-06,2.9629238702029334e-06,1
0.1364920753532583,0.8613942535391466,6.028954815819233e-06,3.732079004935865e-137,0.0020962589104195437,3.8651951178961615e-06,7.518047241858595e-06,1
0.1156861870897046,0.8824921186396174,5.59010618655765e-06,3.460420350053429e-137,0.001805027214390233,4.1061427753198255e-06,6.9708073258856725e-06,1
0.04925559360110135,0.9504003945928012,6.317974723415736e-06,1.2253859020793826e-07,0.0003296524037304609,4.253199173077467e-06,3.665689880391349e-06,1
0.06037595489214793,0.9392297015662967,7.135895175781242e-06,1.3349010568973183e-07,0.0003784475404875803,4.633315971484145e-06,3.993299814604214e-06,1
0.043314112831924885,0.9556786494738733,5.701254391745876e-06,1.1016864165631286e-07,0.0009853905630393936,1.0111213653376937e-05,5.924494475640005e-06,1
0.05466903033266556,0.9444207613020665,5.857726335826897e-06,1.1473781437947279e-07,0.0008859018038447248,3.870497445277979e-06,1.44635998275041e-05,1
0.10750993858858963,0.8917651223147095,4.495906536951931e-06,9.46647494950812e-08,0.0006996465640465918,8.426524883671722e-06,1.2275436484200561e-05,1
0.06201652794268334,0.936350912317318,3.966119452348619e-06,1.1033956532597985e-07,0.00161633252978134,7.785411007668023e-06,4.365340191878487e-06,1
0.021588701930157446,0.97803026789026,2.074629215616277e-06,4.7818697329595176e-08,0.0003745978679383908,1.4791604374289077e-06,2.830703293577156e-06,1
0.6918683668361356,0.30790752937306054,1.0325774251893152e-05,2.3395770086151926e-07,0.00020075815885238596,6.4276427792381505e-06,6.3582572194868446e-06,0
0.6560093103200437,0.3439375745258758,1.5121632326972135e-05,3.061289012395001e-07,1.871612485810347e-05,1.0565741190339635e-05,8.405526803654202e-06,0
0.7088929754046681,0.2910632114001686,1.1764125465059384e-05,2.6132159948767826e-07,1.4428978554408136e-05,9.25548131268485e-06,8.103288231566773e-06,0
0.6912322185610846,0.3087293074936054,9.692850762991177e-06,2.522336211239496e-07,1.7865069805560115e-05,6.718076616554615e-06,3.945714503874241e-06,0
0.516882643194269,0.48306813208745475,1.1770332434677973e-05,3.3696987157763363e-07,1.976232882792661e-05,9.432184623545141e-06,7.922902518778295e-06,0
0.41528426279419334,0.5846748765950329,9.828024208395633e-06,2.1831414613603024e-07,1.6501203106456817e-05,7.697582606112696e-06,6.6154867067220755e-06,0
0.14906135695365758,0.8509095083063818,8.054357173421608e-06,1.5067163458229882e-07,1.129735091698587e-05,5.125082281644123e-06,4.5072779539337e-06,1
0.12879566541984788,0.8711598245459602,8.860238054262336e-06,1.6574712564638737e-07,2.10826322268674e-05,5.637873772582932e-06,8.76354301254691e-06,1
0.18474470957881017,0.8136581489685458,6.833006503804944e-06,1.5417437779944418e-07,0.001578784115435697,5.420772977082333e-06,5.9493833495805875e-06,1
0.1618622372734085,0.8366112153471864,6.471184364935213e-06,1.4601051858121545e-07,0.0015103305968675056,5.13373158881452e-06,4.465856064888054e-06,1
0.11097577418114023,0.8873978249500392,8.456439399599142e-06,1.3189686349199682e-07,0.0016086942024514594,4.637495306187713e-06,4.480834799725254e-06,1
0.10773676475035972,0.8910252792546713,8.430481039663144e-06,1.3149198549368508e-07,0.0012203036819748048,4.623259790899185e-06,4.467080178300246e-06,1
0.05486851887773408,0.943974493007258,1.1660365210217257e-05,1.1320573171780879e-07,0.0011374576716577244,3.911017633746732e-06,3.845854774554951e-06,1
0.05398734650810213,0.9441878998056114,1.0138290834096774e-05,1.0167548751201574e-07,0.00180688113218032,3.5653597209790487e-06,4.067228063537997e-06,1
0.15573387571113304,0.8407554026588152,1.4854900163579363e-05,1.7036824879122222e-07,0.0034843338005533494,5.974144868517866e-06,5.3884162177014125e-06,1
0.14854419040005198,0.8476774664374731,1.598727096450402e-05,1.868881680972112e-07,0.0037499402881751957,6.429546596911135e-06,5.7991685701886965e-06,1
0.09197706240315726,0.9065719199469723,8.648555204319777e-06,1.1814481853375573e-07,0.0014331275256092887,4.158614313251534e-06,4.964809925222831e-06,1
0.09327639201702083,0.9046516541817,8.921751931138658e-06,1.2187686127979857e-07,0.002054477384655635,4.289979586599735e-06,4.142808244570879e-06,1
0.10157659960575528,0.8965544064568766,8.72768027082818e-06,1.192257177594943e-07,0.001850702215438163,5.392124714077374e-06,4.0526912271311e-06,1
0.11096623912948854,0.8789624915664203,2.9925639614392564e-05,1.8175697293301524e-07,0.010007004512469836,2.811987484427374e-05,6.037520189523058e-06,1
0.17846356666719587,0.8140757635410112,3.2668150689457135e-05,2.0459919415833783e-07,0.007384606885398364,3.807916722367088e-05,5.1109892872064605e-06,1
0.28050377182157876,0.7133847435156484,4.339240272229286e-05,2.8560592831131587e-07,0.006013200809170671,4.781519011307901e-05,6.79065483841608e-06,0
0.4348090844535243,0.5610141020675258,2.1559474269702014e-05,2.3053578487151549e-07,0.004108036542420619,4.091718914120712e-05,6.069737333525671e-06,0
0.08862375871685745,0.9112186586906631,4.443251929462763e-05,1.318120227040341e-07,7.964531225583871e-05,2.669842314962757e-05,6.674525756592543e-06,1
0.07252317226615883,0.9273368193729454,3.904215660754144e-05,1.1582115339991406e-07,7.008369845315854e-05,2.4707830026284957e-05,6.058854655373467e-06,1
0.073450402247356,0.9264188523527609,4.237633628380104e-05,1.244191241562969e-07,5.722597327301105e-05,2.4510038128660017e-05,6.508633073346931e-06,1
0.24576336716389213,0.7397787361204623,2.931759909624658e-05,3.394318376364752e-07,0.014327880642693708,7.1534478838916e-05,2.882456317919729e-05,1
0.049724007734226465,0.9500569230051045,3.0001655801690153e-05,1.3434660269469086e-07,0.0001436751644352239,3.7924969392515964e-05,7.333124437290217e-06,1
0.03732887487621364,0.9624635326180951,1.9448954337364794e-05,1.1840384612510729e-07,0.00014723924628665637,3.402515705841198e-05,6.7607441630114906e-06,1
0.04753509514209262,0.9521878714908893,2.25189651383322e-05,1.4484987790814953e-07,0.0002194952017649809,3.2120148163481806e-05,2.7542020734166585e-06,1
0.2984320050055722,0.7013407897894184,1.6651200208494562e-05,1.1260456985783854e-07,0.00016126408070022398,4.645535127073212e-05,2.7219682601259458e-06,1
0.2455570330743642,0.7542312607935651,1.9215962434258034e-05,1.1165034016664423e-07,0.00015707347644557015,3.3180855272718544e-05,2.1241875778358615e-06,1
0.41501511973753735,0.5848193810139308,1.3830392148108748e-05,8.877320939542459e-08,0.00012197695808919614,2.6890445420427777e-05,2.712679664558197e-06,0
0.06271807973147236,0.9095278371031607,3.9252760766466475e-05,2.416664102311342e-07,0.027641993696852274,6.843704809488151e-05,4.157993243231155e-06,1
0.04307275536464724,0.9566584208437635,3.620225792783845e-05,1.4346900411544452e-07,0.0001953981038432213,3.474054604951962e-05,2.339414764698974e-06,1
0.03765553862517189,0.962074949323094,3.3961836839328135e-05,1.1644222344828933e-07,0.00019839851851390593,3.510274697738691e-05,1.9325071799878763e-06,1
0.03765577977976608,0.9620811106688734,2.9894229978999364e-05,1.1644296917064962e-07,0.0001981149613973824,3.305139745860517e-05,1.9325195562013566e-06,1
0.019658102371704376,0.9761794429304208,3.377269997425908e-05,1.7411072105940992e-07,0.0040858287177326065,3.7806450557097575e-05,4.872718889631504e-06,1
0.04997245603565996,0.9437830200056532,4.4876743890062995e-05,1.588073424394596e-07,0.006156653371107583,3.94985693996375e-05,3.3364669469023407e-06,1
0.05339357002143444,0.9415186453369135,4.9403231154966554e-05,1.669963538538763e-07,0.004989288970626257,4.6052509598872614e-05,2.872933918229286e-06,1
0.05935109729460437,0.9375514069046661,0.00011239975826594621,3.5650937398098375e-07,0.0028875053559975286,9.110094214996844e-05,6.133234942200406e-06,1
0.06440383794513443,0.9326954652769399,0.00011063141795148484,3.914963509434724e-07,0.0026867672683029103,9.468144266229501e-05,8.225152657873667e-06,1
0.07043414567965321,0.9274267394724423,0.00010734622598085772,4.1063545842401354e-07,0.001923138358963895,9.479253597830537e-05,1.3427091523246339e-05,1
0.07951576481879721,0.918561598965044,0.00012831977295750177,6.083587835786784e-07,0.001676794276813498,0.0001041167446715438,1.2797062932934017e-05,1
0.14472926054512206,0.8514743589619608,2.7416331954533953e-05,2.8091653930136124e-07,0.0037315555259015906,3.4853396249447174e-05,2.274322272207517e-06,1
0.94323676161183,0.05146683375787776,2.1250427363207965e-05,2.3533033268596152e-07,1.3110763526877707e-05,1.0643093844968483e-05,0.005251165015224635,0
0.9353336518202441,0.05872658441430333,2.0371809201207633e-05,2.2560038698494233e-07,1.2568687136811767e-05,9.931324465003885e-06,0.005896666344262437,0
0.9570457503610498,0.03458071860274178,2.6523993171750736e-05,2.2863029204521952e-07,1.3243394502340529e-05,1.0133284945289743e-05,0.008323401733296763,0
0.9575082762031536,0.03653873694591496,2.0140196821907212e-05,2.23035477708373e-07,1.291931525296637e-05,9.818412662903968e-06,0.005909885890715762,0
0.941298994893251,0.0520463337518674,1.946139704634051e-05,2.432694804916401e-07,1.4091368522124874e-05,8.201866007042942e-06,0.0066126734538255825,0
0.8650685857061093,0.13490621617527523,7.839807554186395e-06,1.7741496190201295e-07,6.775918606333934e-06,5.338481462509514e-06,5.06649603058269e-06,0
0.7952563483107311,0.20471626482045902,8.636938668879358e-06,2.2591641248635966e-07,5.201941322378752e-06,6.017382185055644e-06,7.304690221019845e-06,0
0.22045164171177542,0.7795115368457871,1.0881433455378086e-05,2.0330911368465922e-07,1.193474905131853e-05,6.891117509544841e-06,6.910833307690484e-06,1
0.23586563279444217,0.7640970280587158,9.923523018286828e-06,1.843521142126087e-07,1.1229860963079501e-05,6.248574198904575e-06,9.75283654734357e-06,1
0.25429417192433323,0.7456611345519467,9.584535288596722e-06,1.7907781935116675e-07,1.941846691495883e-05,6.037634791603812e-06,9.473808905562288e-06,1
0.31163380881531194,0.6882648756213398,9.966999449534986e-06,2.0357070812347614e-07,7.613344684066492e-05,7.022241368690684e-06,7.989304981451786e-06,1
0.12496441006335533,0.873742508512874,9.260086918663676e-06,1.6974510156697327e-07,0.0012686652296009754,5.833253388916765e-06,9.15310876059815e-06,1
0.09280014795992722,0.906048277107138,8.022219139308218e-06,1.4705395473662597e-07,0.0011304226411801475,5.053477077702817e-06,7.929541582967846e-06,1
0.05831467222901668,0.9241682881617912,7.1355630164150635e-06,1.3080080992735491e-07,0.01749836247659859,4.494941301624305e-06,6.915827465508341e-06,1
0.06734563073933081,0.9153940718821146,6.92458997020182e-06,1.2693349837057217e-07,0.017244571595043053,4.362041983550616e-06,4.312218059561667e-06,1
0.1348131075652591,0.8604518270966101,5.707953459609765e-06,1.345373762061125e-07,0.004714297588737189,1.0772991047412732e-05,4.15226751039374e-06,1
0.1156861870897046,0.8824921186396174,5.59010618655765e-06,3.460420350053429e-137,0.001805027214390233,4.1061427753198255e-06,6.9708073258856725e-06,1
0.07343419934008787,0.9241975738547905,4.535415674025052e-06,2.797849091490961e-94,0.0023545725208028666,3.3314330142337105e-06,5.787435630594104e-06,1
0.07030240277003662,0.9268806555979079,5.9459940514155535e-06,1.1145399155625201e-07,0.0028033067421793937,3.7910976337849317e-06,3.7863441988811316e-06,1
0.050056790589892736,0.9466700868754668,6.537643458758895e-06,1.225440948224347e-07,0.003258130920482358,4.1683265123902865e-06,4.163100092327175e-06,1
0.030096859022701913,0.9678525682966272,4.930637090365663e-06,9.242175149935254e-08,0.002036745443410581,3.2164659660828746e-06,5.587712452019126e-06,1
0.03955304573690823,0.9594667337839036,5.487591144239081e-06,1.0394441760697211e-07,0.0009619480496444114,9.539958001648868e-06,3.1409359802111877e-06,1
0.05923671948695905,0.9398380689567257,5.35555588492076e-06,1.0586659131207583e-07,0.0009043476211121194,8.62418992062524e-06,6.778322805930618e-06,1
0.07186055499966522,0.9274151468747109,5.621568605368375e-06,1.1112502957032167e-07,0.0006955046948997264,9.052557072745127e-06,1.4008180016476254e-05,1
0.1054124077775782,0.8945706232248045,4.413023913247046e-06,8.705904009633263e-08,6.622932683762696e-06,3.146379282026886e-06,2.69960269815881e-06,1
0.086127912033502,0.9138587492336484,3.598184085283106e-06,8.314259708376511e-08,4.942157492950004e-06,2.514112298081026e-06,2.2011363763390883e-06,1
0.13387884311609213,0.8661036174793153,5.201909515556626e-06,1.0995700067910325e-07,6.06677147727667e-06,3.249739490122204e-06,2.9110271090530634e-06,1
0.18637403366557623,0.8136066531467953,5.287892286392081e-06,1.2585798025177715e-07,6.9236476612578615e-06,3.7196872054091053e-06,3.256102495138023e-06,1
0.7163013585045358,0.28363907396877786,1.0690423899657783e-05,2.799708089329325e-07,3.432030079765703e-05,7.694035228639919e-06,6.58279595129746e-06,0
0.6563645749250261,0.34358641175438254,1.4571764779393887e-05,2.8746815769465326e-07,1.5872671415540407e-05,1.0181539401071434e-05,8.099876837454154e-06,0
0.5966212783469904,0.4033236937615441,1.3651385923130877e-05,2.846691160591262e-07,2.3082922446257695e-05,9.602859287630881e-06,8.406054692299132e-06,0
0.4819565942911326,0.517976913971189,1.7968045170911375e-05,3.651206318797926e-07,2.44551192231958e-05,1.2639347420227737e-05,1.106410523230904e-05,0
0.6838448937800873,0.31611646259329607,9.66608899781928e-06,2.301029156150608e-07,1.7296974581874314e-05,6.016998399797027e-06,5.433461721603393e-06,0
0.4681582921049361,0.5317971782150904,1.062946964386636e-05,2.3611699971161916e-07,1.8183836816094505e-05,8.325297018797784e-06,7.1549594951580735e-06,0
0.3959108259149918,0.6040432405943601,1.1715737302214381e-05,2.751745568186869e-07,1.8334262199419997e-05,8.394167852165733e-06,7.214148737539796e-06,0
0.32112828598024934,0.678832635726542,9.975317311969005e-06,2.0270397394391781e-07,1.5610633663276603e-05,7.147180389530921e-06,6.142457869817407e-06,1
0.2659948906837349,0.7339744658317026,7.3387826440968846e-06,1.6898292506106516e-07,1.233272735950796e-05,5.7479392025697645e-06,5.055052431271956e-06,1
0.12414783847975948,0.875826547028688,6.985012253580093e-06,1.3066756181327954e-07,1.0145301602458826e-05,4.444645521311365e-06,3.908864613356064e-06,1
0.1277235130019166,0.8722429231839304,8.662819579165232e-06,1.620540482599286e-07,1.372134387177086e-05,5.512254072958965e-06,5.505342580974293e-06,1
0.12960444644529168,0.8656447950775163,1.7068028848904117e-05,1.871104834797271e-07,0.004720109434024542,6.561229235244106e-06,6.832674599988596e-06,1
0.1921504663746884,0.8040132632044421,1.6232378075309148e-05,1.8975342377641223e-07,0.003807432090983004,6.528120493209935e-06,5.888077894141909e-06,1
0.07503864519558369,0.9231918054040904,1.0121034553818952e-05,1.1286896693855884e-07,0.0017509129504760528,3.9729080568903385e-06,4.4296382722537396e-06,1
0.08601083815488611,0.9124920846712086,9.242467738855323e-06,1.262580451895303e-07,0.0014790730379636667,4.3436777889477874e-06,4.2917323687370665e-06,1
0.07171754655875465,0.9268036148914611,9.32905015957692e-06,1.2042528696056286e-07,0.0014599297154910468,5.365892158630033e-06,4.0934666879030276e-06,1
0.08216577068261328,0.9161080460711485,8.836597543977965e-06,1.1406839675914141e-07,0.0017081963167099733,5.158878745447266e-06,3.8773848421799e-06,1
0.06973871273823347,0.9285038244833507,1.1325064598854363e-05,1.1444427398265775e-07,0.0017369572297352544,5.175878239385895e-06,3.890161568165277e-06,1
0.06774992488647508,0.9256659780548309,1.8428945990341464e-05,1.2112192698759408e-07,0.006544397162463565,1.7032681609084972e-05,4.1171467040863905e-06,1
0.08060052137113696,0.9127267530163496,1.7809537814188774e-05,1.294236515931529e-07,0.006630763510523424,1.9623803642614073e-05,4.399336881769992e-06,1
0.27669365696596676,0.7130338763896676,4.9614350267707555e-05,2.862351305940602e-07,0.010165068227943348,5.0347535578493655e-05,7.150295445231428e-06,0
0.07907131414651532,0.9207852155894986,4.0932820637693366e-05,1.214299339512842e-07,7.712136392053529e-05,1.9145838443626604e-05,6.148811050407868e-06,1
0.07771112969815158,0.9221333479687739,4.3876385998596135e-05,1.2882334802444315e-07,8.260045753287578e-05,2.2393477059625894e-05,6.5231891355637e-06,0
0.06685555203678983,0.9329715781453762,4.88972993951954e-05,1.3314007960162247e-07,8.536830985770408e-05,2.686756090300962e-05,1.1603507598591983e-05,0
0.06371026890028862,0.9361371910592665,4.750474893749048e-05,1.3794548163727911e-07,6.723141810788442e-05,2.7940750508022825e-05,9.72517740976379e-06,0
0.10914888637500104,0.886067599729555,3.6891123388055066e-05,1.8198882800507332e-07,0.004671470357695121,3.8583625505852836e-05,3.638680002693301e-05,0
0.1199261452181993,0.8726017712638015,3.929069797973236e-05,2.1687792142804505e-07,0.007354007592955641,5.066362564552154e-05,2.790472349687347e-05,1
0.36433655064730464,0.6315707182437236,2.0616758532183503e-05,3.0695975913316884e-07,0.00398893641455347,6.618338797859124e-05,1.6687588148284617e-05,1
0.12985784796734656,0.8658476086431914,3.650845174237382e-05,2.381346580719947e-07,0.004150047320126535,4.8371650431194705e-05,5.937783250375864e-05,1
0.051971720308224244,0.9478204661885441,2.81198279153458e-05,1.346796053966462e-07,0.00013852335087353546,3.254805579523024e-05,8.487589042193489e-06,1
0.047879961511679885,0.9519253222537717,2.6853599655007126e-05,1.49526257311407e-07,0.00012765089834805451,3.3001039400516186e-05,7.0611708874008535e-06,1
0.029814720170665648,0.9700046273078949,2.126866084924215e-05,1.0946463420446046e-07,0.00012015306296676791,3.341701064312009e-05,5.704322345998167e-06,1
0.04411713017786819,0.9556084691135253,1.9579803907613682e-05,1.4225456902730379e-07,0.00021556245529207805,3.641134044225199e-05,2.7048543956415034e-06,1
0.0670262011466651,0.9327062293858234,1.650789802860567e-05,1.428978751192423e-07,0.00021653727558523895,3.1664309687361645e-05,2.717086335342427e-06,1
0.07108284692082618,0.9286266446513866,2.4546786405685304e-05,1.4869999634784463e-07,0.00022975150796861987,3.294998425231072e-05,3.111449164295358e-06,1
0.4285006281578524,0.5713119431184306,1.3312766342946696e-05,9.311745223763034e-08,0.0001333560471942352,3.841588275321327e-05,2.2509099743875064e-06,1
0.378912320502993,0.6209152641343175,1.2563298088719674e-05,9.107412965577127e-08,0.00013040746485657137,2.758742113076858e-05,1.7661044837107343e-06,0
0.23837003255839415,0.7285003439236835,2.869691882332855e-05,2.5230316731615193e-07,0.033006531082104454,8.649197418186447e-05,7.651239645681868e-06,1
0.37024519786391086,0.5955376881778283,2.9214462185963223e-05,2.757423766657525e-07,0.034098833980616756,8.470925149983747e-05,4.080521581618825e-06,1
0.15717060535044033,0.8229589301711563,2.946306551958715e-05,2.3913324583390004e-07,0.01975966942951009,7.746982332302778e-05,3.623026804632749e-06,1
0.12597963666750628,0.8548122588550162,3.3197649421874154e-05,2.905322339701601e-07,0.01910199273056268,6.961674696052203e-05,3.00681829815739e-06,1
0.09780020240425412,0.8817419000382957,3.265501809558124e-05,2.2993932200492114e-07,0.020358286366900874,6.277001039348368e-05,3.9562227383408245e-06,1
0.03917047058172598,0.9606135768610591,3.4826503787988324e-05,0.0,0.0001465311886392357,3.2404099430692836e-05,2.190765357121388e-06,1
0.03783907532226283,0.9619635707867168,3.532887858854179e-05,0.0,0.00012808632751218124,3.177758470697566e-05,2.1611002124942885e-06,1
0.03898090570939927,0.9607639069474831,3.170576285443408e-05,1.1553514057334572e-07,0.00018857768654056,3.287090559901271e-05,1.9174529830070787e-06,1
0.0071324029945813525,0.9825551158517155,3.8691673515398034e-05,1.4158230702916526e-07,0.010229397945366446,4.138034767991115e-05,2.8696048344908048e-06,1
0.006795119825099559,0.9853790393417498,4.372304771299185e-05,1.80334332579938e-07,0.00773832691970701,3.856363650584846e-05,5.046894892311186e-06,1
0.006681488816382101,0.986525430195331,4.255218972853746e-05,1.5738683140484453e-07,0.006712629654439295,3.542432324811809e-05,2.317434039527315e-06,1
0.02885617500972811,0.9656034910894314,4.52179067086492e-05,1.869559756959925e-07,0.005449871634717648,4.169557194057503e-05,3.3618314980942327e-06,1
0.07342230615126881,0.923736905255655,3.739335461517949e-05,2.5308810142126135e-07,0.002762909450265557,3.5571187285852946e-05,4.6615128081184246e-06,1
0.23217076012161467,0.7625068368143201,3.1736013741483085e-05,3.625763815179515e-07,0.005251686092719004,3.5985719676688986e-05,2.632661546520355e-06,0
0.33373822811648435,0.6588163695864484,3.983790783515272e-05,4.4598763280066406e-07,0.0073567838118548745,4.5096280381342435e-05,3.2383093630708977e-06,0
0.37711052210267487,0.6205892825389611,3.730032904028134e-05,8.677273256015305e-07,0.0021948009958631053,6.419426928020222e-05,3.032036854861742e-06,0
0.4102632538541989,0.5871600331393384,5.119402618964886e-05,1.0043558893227581e-06,0.002442082357577754,7.913367598715399e-05,3.2985908188017823e-06,1
0.9465836864795291,0.04367090382164309,1.6306967720392965e-05,2.0703127260417595e-07,1.2207881943687579e-05,6.98008954405353e-06,0.009709707728347294,0
0.8853496378145799,0.11403453294197734,9.53404519351701e-06,1.6087184458512292e-07,8.654885926566601e-06,5.042304244072039e-06,0.0005924371362340985,1
0.855462193012583,0.14450944309344102,1.0109195249156728e-05,2.0134047780865866e-07,7.83740514261098e-06,5.2414987265207495e-06,4.974454379717588e-06,0
0.8463485875735999,0.1536277671335489,7.838024255718963e-06,1.7737460583109248e-07,4.7438334873387795e-06,5.337267133491268e-06,5.548793368936204e-06,0
0.4127376346160333,0.5872220275345594,1.1914246624511383e-05,2.2260623394729825e-07,1.2616836478769979e-05,7.658361513729307e-06,7.925798556268025e-06,1
0.3153787106511251,0.6845806379867805,1.2195487946128834e-05,1.955691089611323e-07,1.1285280613249098e-05,6.6287717587439975e-06,1.0346252667370249e-05,1
0.23917452156758529,0.7607894647046184,1.0139405384563399e-05,1.8836262243342576e-07,9.223320854159024e-06,6.497633238888002e-06,9.965005696129666e-06,1
0.2552509586968434,0.7447013788977908,1.114453784616804e-05,2.0822496605993704e-07,1.8111061597130208e-05,7.182791591869888e-06,1.1015789364458687e-05,1
0.27233684108993933,0.7276180665784123,9.697093674068877e-06,1.9095129599084404e-07,1.7226757953795746e-05,6.8320794737569905e-06,1.1145449250747454e-05,1
0.08085638824540153,0.9191002171485279,7.871107338183326e-06,1.791531144132784e-07,2.3614901611207468e-05,5.420155300108013e-06,6.309288706685307e-06,1
0.10873846047327754,0.8902619487120862,7.5489848927050184e-06,1.3837917706334875e-07,0.000979660969426762,4.780706713571638e-06,7.461774426304494e-06,1
0.08108004645845765,0.9133200025168333,7.092325322982478e-06,1.2926541365065927e-07,0.005581428941928867,4.465845541120801e-06,6.8346465022810626e-06,1
0.10715069835898995,0.8808979906130169,6.360702720098514e-06,1.3128809668017194e-07,0.011935847196757639,4.511686804593194e-06,4.460153614114588e-06,1
0.13597788733430402,0.8594263527461826,7.093344248474429e-06,1.351201619916438e-07,0.004571415850965509,1.2629817985472406e-05,4.485786151981921e-06,1
0.045282073236854126,0.9543385859846727,7.481547650807105e-06,1.4023699678983691e-07,0.0003626433293389457,4.880534290278441e-06,4.1951301962643045e-06,1
0.11555331726011918,0.88302471418725,8.188254742859867e-06,1.963747597757863e-07,0.0013805331684352518,1.693362065445667e-05,1.611713403846669e-05,1
0.08294126658499296,0.9161293602263682,2.9693079895063383e-06,7.349216645485709e-08,0.0009165081221940633,6.946942469701083e-06,2.8753238194371947e-06,1
0.07476285723903378,0.9236599014155042,2.8151995410337188e-06,6.384252649108178e-08,0.001564508564723445,7.068676126299237e-06,2.7850625446572983e-06,1
0.05141065359199258,0.9481613762342038,2.548454361753543e-06,5.365965501556092e-08,0.0004149822956086797,5.3695730908576605e-06,5.016191087376427e-06,1
0.04366280946963588,0.9557703333898384,3.5184595888129287e-06,6.087040894577634e-08,0.0005569777120600994,4.6287507058842235e-06,1.6713477619116649e-06,1
0.06597942782768394,0.9321778320698085,4.5264215047984874e-06,1.0433072970093743e-07,0.0018321776907204961,3.162687539544527e-06,2.7689720127455772e-06,1
0.04601137499252526,0.9473884774608609,3.7002298001525594e-06,9.017973160758822e-08,0.006591921359075799,2.3651019930895042e-06,2.0706760134441723e-06,1
0.04422802854785494,0.9538673717892144,3.7038051702497175e-06,8.537002037318256e-08,0.001895904015735882,2.640723477014473e-06,2.265748527001224e-06,1
0.021648872346358806,0.9776647034388974,2.306529061593464e-06,5.3163820430191624e-08,0.0006785136764807124,1.644499417056365e-06,3.906345964171927e-06,1
0.09506006952386149,0.9049239753478264,4.303968706618336e-06,9.945103628775166e-08,5.911562801868862e-06,3.007255993411375e-06,2.6328897739030852e-06,1
0.1504659832206616,0.8495147650829132,5.709748144285075e-06,1.2069159963300176e-07,6.6590426228272225e-06,3.5669966898971896e-06,3.1952173685783022e-06,1
0.18534249939858347,0.8146408393867031,4.7368244554841695e-06,1.1274192560779737e-07,5.562827543195727e-06,3.3320469417797412e-06,2.91677384734633e-06,1
0.6989980854188603,0.3009613891485039,1.0446825055414745e-05,2.6823008683922194e-07,1.455927160908762e-05,8.219088989186578e-06,7.032016895370397e-06,0
0.5998829192692124,0.4000738991565025,1.1094904448769144e-05,2.5291075110847885e-07,1.5462470797553864e-05,8.728968515050467e-06,7.642319772693361e-06,0
0.16068489707429573,0.8392872444423861,7.481050494500544e-06,1.4022767790147032e-07,1.1272521698543347e-05,4.769832021808809e-06,4.194851425676819e-06,1
0.16354256706928444,0.8364279931647562,7.917281145683806e-06,1.4810737418055537e-07,1.1905949054777036e-05,5.037859191598474e-06,4.430569193131013e-06,1
0.1876635300657105,0.8108093645260724,6.994494329448861e-06,1.5847875152865803e-07,0.0015073285555708838,5.011460903217578e-06,7.612418661830556e-06,1
0.16494036339868962,0.8336087852854442,6.377062119567999e-06,1.4388682111239315e-07,0.0014337189042896688,5.059062360277302e-06,5.55240027537986e-06,1
0.1270945092288418,0.8711174353603652,9.180510319971011e-06,1.4319034989093442e-07,0.001768832635621123,5.03457442375707e-06,4.864500078237764e-06,1
0.058668447691931976,0.9404406810695628,7.128451370539168e-06,1.0170961301618298e-07,0.0008766192155351594,3.566556368283066e-06,3.4553056183716967e-06,1
0.13155867344023345,0.8639745354780267,1.691353874908967e-05,1.8289609930869477e-07,0.004436602420734994,6.413447346611857e-06,6.678778809947914e-06,1
0.07510392951633939,0.9231857839792572,1.0262102378686723e-05,1.1444214402598289e-07,0.001691390298158963,4.028282781184081e-06,4.49137894043297e-06,1
0.06612989486732684,0.9319974978003831,1.021757214924764e-05,1.1394554647287702e-07,0.0018537931221483557,4.0108028974456185e-06,4.471889548558384e-06,1
0.08094835774562185,0.9176435324946454,9.236846302392182e-06,1.192350611851184e-07,0.001389387811288344,5.312858254234618e-06,4.053008826553185e-06,1
0.06258917176140905,0.9354156875439958,1.2141680174148642e-05,1.2269649857896937e-07,0.0019732675304389145,5.438118329674905e-06,4.170669153728749e-06,1
0.06854326524626538,0.9239098192511187,2.071704948039141e-05,1.323083139926523e-07,0.007503050694691652,1.8518058514813564e-05,4.497391615424595e-06,1
0.08649591768799698,0.9057665556794918,2.2179133281075286e-05,1.2602421401937485e-07,0.007689208847854445,1.9497381962225e-05,6.5152451994095574e-06,1
0.3590146723911743,0.6268493721161097,3.1064563819378974e-05,2.784751652904334e-07,0.01404927950971961,4.898259086188473e-05,6.35035314967765e-06,0
0.16689108269433112,0.8281929978223225,2.117553956830494e-05,1.8507511662205854e-07,0.004865031491669332,2.500356695435009e-05,4.523810037782179e-06,0
0.1527227634048652,0.8458715126233003,2.376249553943747e-05,1.4517665051552263e-07,0.0013508125880511588,2.560947614411761e-05,5.394235449345356e-06,1
0.09385244306163237,0.9048436524827325,2.9265814289262292e-05,1.3880677731579362e-07,0.0012477494665286666,2.1044305581730185e-05,5.706062458521646e-06,1
0.10688611963721904,0.8906253673590039,6.45455683631479e-05,1.6181291318319567e-07,0.002372457364264712,3.7132101689176085e-05,1.4216156546763692e-05,0
0.10265743823173183,0.8930328706449889,4.568614351899539e-05,1.7856277352109597e-07,0.004198471623355635,4.064157328940175e-05,2.4713220341581707e-05,0
0.13387765891772438,0.8629341269284914,4.9657378604031666e-05,2.181389265042024e-07,0.0030652211857358468,4.505047907180519e-05,2.8066971446072854e-05,1
0.18620244265218158,0.8040731418059379,3.6057590706551494e-05,3.7722814422006243e-07,0.009562758309114542,8.479410583511074e-05,4.0428308080157813e-05,1
0.37261073126023425,0.6187868439141863,2.9422833194886055e-05,2.7785503059794586e-07,0.008462113167218017,6.116187791918983e-05,4.944909221690211e-05,1
0.2686927069405507,0.7179188150015836,4.2740096300110526e-05,3.639750221581239e-07,0.013206719537985575,7.670689850947087e-05,6.194755004849306e-05,1
0.14232847920470296,0.8543650979824128,2.7031914046516118e-05,1.6466862572149133e-07,0.003219429393692182,3.667821529345906e-05,2.31186212264734e-05,0
0.08883615811185291,0.9084842542759685,2.7317369741367575e-05,1.470334180570001e-07,0.002609628055236573,3.275015710612065e-05,9.744996676598807e-06,1
0.050251181607278504,0.9495362843743217,2.983690335423947e-05,1.296236097202368e-07,0.0001430723622709824,3.132617198519412e-05,8.168957179751615e-06,1
0.03661740183341061,0.9632093187929153,1.753879347424326e-05,1.0677492309983517e-07,0.00011720072105227528,3.425214451409093e-05,4.180939710596259e-06,1
0.04667265194222165,0.9530891879638725,2.2413601631180822e-05,1.3036790665213495e-07,0.0001776253439804357,3.1755313274687614e-05,6.235467112832178e-06,1
0.06937599695451072,0.9303615776636545,1.811160179400504e-05,1.3780419393058784e-07,0.0002088186734270845,3.2737068270423306e-05,2.620234149522764e-06,1
0.08000685663815293,0.9197115523429484,1.8182688470411645e-05,1.4727243210408645e-07,0.00022754582507836422,3.2633654591878454e-05,3.081578325813097e-06,1
0.4428768781623459,0.5488567463050413,2.4945149110170303e-05,2.645826188056846e-07,0.008176308846705779,5.962449301685874e-05,5.232461161238983e-06,0
0.125213488096845,0.8473149428730153,2.8396361681399332e-05,2.029776782113571e-07,0.02738342979652138,5.4897946877515794e-05,4.6419473810899416e-06,0
0.14253496598977936,0.8237525816921344,2.7396048117733234e-05,1.8178285841029391e-07,0.033609098850756865,7.169287807465822e-05,4.08275827868893e-06,1
0.17804098403584867,0.8217159924816252,1.326229187249357e-05,1.2471073706360125e-07,0.00017544728472328864,5.144978667238536e-05,2.7394085210090123e-06,1
0.16765875085853565,0.8321099357669256,1.6836508569652153e-05,1.24403314146191e-07,0.00017501479176084363,3.6970853433767626e-05,2.3668174602650986e-06,1
0.3078785545206442,0.6919050383808624,1.3022304406371251e-05,1.0869257071660506e-07,0.00016679945171950325,3.292425339092784e-05,3.552396405756239e-06,0
0.12358741259119838,0.8549424855069526,3.0835443378312335e-05,2.3762400072331263e-07,0.021354060694426198,8.087969850777545e-05,4.0884415359673295e-06,1
0.03920798919728328,0.9605992488593157,3.415168739329926e-05,1.1937735624199283e-07,0.00012235548652726546,3.388543518485496e-05,2.249956939618076e-06,1
0.03718873562158238,0.9626245403103226,3.5888806798392355e-05,1.3223183664268215e-07,0.00011595931267224864,3.2548365248150885e-05,2.1953515395002376e-06,1
0.03700313120203027,0.9627618392541888,3.8674456145052986e-05,1.0946327107135788e-07,0.00016507528717268604,2.9353654626162443e-05,1.816682566047875e-06,1
0.01099986158034071,0.9887764993006649,4.1862233909197926e-05,1.1341385985040832e-07,0.00014865382951028915,3.112739409079805e-05,1.8822476244485756e-06,1
0.008107989143447628,0.977803674486317,4.107946550155349e-05,1.6943096104807933e-07,0.014000124326686868,4.3916449383601265e-05,3.046697702404704e-06,1
0.026962864632566006,0.9671498787132107,4.526662983134184e-05,1.6438245659962564e-07,0.005799998372396309,3.907147998729443e-05,2.755789551660937e-06,1
0.32021804036152707,0.6735317436918048,4.19086104347511e-05,4.691692655924887e-07,0.006152790357628023,5.164117849659197e-05,3.4066308433093185e-06,0
0.3751305423967067,0.6218576601412522,3.977889031164065e-05,4.966139215121481e-07,0.0029205506668851223,4.767143241715122e-05,3.2998585058532147e-06,0
0.3626874316692187,0.6352144859582124,3.485778967034205e-05,8.35092863041861e-07,0.0019762830000330284,8.306083435175524e-05,3.0456556508188854e-06,0
0.30356570825560475,0.6941044252062574,3.6313081877439835e-05,8.093547028600721e-07,0.0022272971089488673,6.249520624649218e-05,2.9517863621821592e-06,1
0.945230111678913,0.04803358548335462,2.2964456926901232e-05,2.543117461212449e-07,1.4902433456575573e-05,1.119524881914476e-05,0.006686986386783709,0
0.9498290517828983,0.047267502072039974,1.6813571334993855e-05,2.0965647403570255e-07,1.2144337352617132e-05,9.229445470659581e-06,0.002865049134429224,0
0.9309922865780194,0.06431884130463077,1.6613123458634664e-05,2.1091818850356691e-07,1.2581824645503254e-05,9.284988353054488e-06,0.0046501812627042245,0
0.8725799161184938,0.1273728181190499,1.04724010934751e-05,1.8045032587535597e-07,8.60321397226017e-06,5.429816680971024e-06,2.2579880383573418e-05,0
0.8471018733586557,0.15287130492696552,9.85402825786254e-06,1.3862238196359745e-07,7.990173883461516e-06,5.109197645479686e-06,3.729692210131793e-06,0
0.8676147990669186,0.13236158684387042,6.659062387106023e-06,1.6473202626249412e-07,4.399386335769693e-06,5.2827793183906704e-06,7.1081291435232556e-06,0
0.7977196575547851,0.2022535186734739,8.398349542641086e-06,1.766862483566055e-07,5.050979752326798e-06,6.094852711992054e-06,7.1029034856857046e-06,0
0.7780238264867484,0.22194688122284775,9.216094239714137e-06,1.9389013370404834e-07,5.550760899721218e-06,6.537034129864448e-06,7.794511000918343e-06,0
0.8417687297619599,0.15820845887569293,6.601959875364334e-06,1.5183147115804673e-07,4.346689423287755e-06,5.2374786513416185e-06,6.473402926029114e-06,0
0.5555120038167071,0.44445320181689757,1.121925175391393e-05,2.096209235342923e-07,8.690405925118202e-06,7.211625590177691e-06,7.463462202523049e-06,1
0.42231513759099615,0.5776455841345144,1.1633929313441391e-05,2.1736877471935622e-07,1.2319988697504276e-05,7.367666615379523e-06,7.739321088628177e-06,1
0.2555987678691408,0.7443601635063871,1.0835683944235694e-05,2.012975875985147e-07,9.971405670413621e-06,7.085533156674243e-06,1.2974704113177526e-05,1
0.23776895337186277,0.7621933255466931,1.0094446894377517e-05,1.886050270535285e-07,1.0971587822355472e-05,6.488611998281137e-06,9.977829702234937e-06,1
0.06847552975163669,0.9314848819843768,7.85306691631201e-06,1.4672699888382852e-07,2.1553087259180975e-05,5.047874811731225e-06,4.987508000239434e-06,1
0.07006491817886147,0.9298923107917256,1.0071902677366964e-05,1.4370713502870806e-07,2.2537194406235896e-05,5.039244397899766e-06,4.978980796290211e-06,1
0.08144818744630304,0.9183910446153666,8.597022140896034e-06,1.5759057223736161e-07,0.0001411089096456255,5.444419620633051e-06,5.45999635083855e-06,1
0.11585213045849395,0.8839654733196896,9.162432725181127e-06,1.6795501891043507e-07,0.00016144425440124197,5.80248924385197e-06,5.819090427406827e-06,1
0.07815099704453105,0.9210533892806034,7.19754108440388e-06,1.3118308638891252e-07,0.0007792077900366314,4.532097061969227e-06,4.545063596167269e-06,1
0.10062262813154275,0.8748903473508582,6.4292714842296526e-06,1.1785389820614105e-07,0.02446883541173682,4.050023504429555e-06,7.591956975305705e-06,1
0.08692983838620567,0.8884548728266692,7.066634890374701e-06,1.2953729999939075e-07,0.024599240418785504,4.451521058558741e-06,4.400675090616842e-06,1
0.11399958533319939,0.8830067170508058,6.366558756414331e-06,1.3140896820896766e-07,0.002978219547848393,4.5158405283146e-06,4.464259893355691e-06,1
0.056607258726003154,0.9430111012681899,6.7078768960314595e-06,9.401894939153116e-51,0.0003638624664233001,4.375835687221252e-06,6.693826800280745e-06,1
0.07739667720394283,0.9222012013484181,8.078459222405023e-06,1.5777488787414706e-07,0.00037166723803513935,4.999032260211327e-06,1.7218943233180215e-05,1
0.0527029716511794,0.9468409462674467,5.9961549260267015e-06,1.1936539764754474e-07,0.0004334754926997452,3.7104813043184186e-06,1.2780587045888449e-05,1
0.06966107545088857,0.9292284540799409,5.143358837120933e-06,1.2318666811029178e-07,0.001089537789216294,1.0455702724042341e-05,5.210431725192411e-06,1
0.45710099311326297,0.5418187603653224,1.3737680970996413e-05,3.1689936958455377e-07,0.001019794761228646,4.003740042839223e-05,6.3597794169751615e-06,1
0.26366504341794306,0.7355055996406477,8.21534963817243e-06,2.071639182259778e-07,0.0007975076603159954,1.8872438134402322e-05,4.554329402400556e-06,1
0.11362756026412697,0.8853874183175305,4.369727416871732e-06,1.0075272554514502e-07,0.0009699855154569535,8.350456428981458e-06,2.214966313881524e-06,1
0.058124411098281495,0.9395606719226991,3.3908316604094416e-06,6.583066430400301e-08,0.0022986808765711924,5.238929560993039e-06,7.540510562355516e-06,1
0.021338239531040283,0.9776101802445494,2.2317591785879433e-06,5.1440428906589495e-08,0.0010452064957623076,1.5911902994461153e-06,2.499338741189337e-06,1
0.029126285921737206,0.9698302089849304,3.009767690391129e-06,6.93729603033934e-08,0.0010341734192122146,2.1458915453265094e-06,4.106641924234857e-06,1
0.09886940745284913,0.9011156797393627,4.019276566210101e-06,9.2872705840544e-08,5.533588224073191e-06,2.8083367623762516e-06,2.4587335296816115e-06,1
0.3622862932461491,0.6376835276076287,7.575664553466889e-06,1.706330227808291e-07,9.261114671758646e-06,5.960189893760866e-06,7.211544080489852e-06,1
0.43723027710707285,0.5627273629881753,1.0111532846003511e-05,2.2461184594111215e-07,1.7297802185117114e-05,7.919634476484452e-06,6.806323398163437e-06,0
0.27393367451682565,0.726027596230437,1.1105497153155262e-05,2.0041742696338557e-07,1.4142061095628976e-05,7.066558567368113e-06,6.214718494365682e-06,1
0.16685670070445008,0.8331177035274758,7.1395498615471845e-06,1.3382645914266962e-07,9.766934934393263e-06,4.552095133690444e-06,4.003361685289819e-06,1
0.15603225295054426,0.8439414488645984,7.0620516766893876e-06,1.3237380346120128e-07,1.0641170089713495e-05,4.502683179575374e-06,3.959906107563527e-06,1
0.12657868777920256,0.8733954616586951,6.9610968381733155e-06,1.350120933040911e-07,1.0123199368757283e-05,4.592424374493192e-06,4.038829427655665e-06,1
0.13591818804452155,0.8640424069596453,8.49428608231471e-06,1.6923640804024954e-07,1.4082977017715016e-05,5.756561403615885e-06,1.090193492157144e-05,1
0.20634991987486875,0.7921993616079688,7.595350182815489e-06,1.796682130885747e-07,0.0014267472288140095,5.681520183363734e-06,1.0514749769238914e-05,1
0.15780632245772105,0.8407796874247727,7.621893244296173e-06,1.5273028611460048e-07,0.0013948144724796033,5.369998696080771e-06,6.0310228002708736e-06,1
0.15396791190858727,0.8445435879582057,1.0420359617131828e-05,1.6252854008786533e-07,0.0014657848027788466,5.714505423586145e-06,6.417936847372602e-06,1
0.11432061774550825,0.8847133710771902,9.41419201940946e-06,1.3432283919498098e-07,0.0009472834366919019,4.6159750691474155e-06,4.563250681842717e-06,1
0.07057137638022212,0.9282697095721955,9.087556297550381e-06,1.173079312666495e-07,0.0011417455546284456,3.97612642399261e-06,3.987502301108101e-06,1
0.08069949581663748,0.9175814829534011,9.358693832350586e-06,1.20807946260199e-07,0.0017000523115991266,5.382942635213217e-06,4.1064739485491225e-06,1
0.08213360234467162,0.9158890032453443,9.657234236070059e-06,1.2466169483827178e-07,0.0019578498252486062,5.52521918359408e-06,4.237469620853901e-06,1
0.06538115241946485,0.9313768175484157,1.2089255708315645e-05,1.2216672853847063e-07,0.003220251310324706,5.414638016861458e-06,4.152661341019606e-06,1
0.07883651531840039,0.9132945329380582,2.0633866842063645e-05,1.264521234011111e-07,0.007824719848147204,1.9173247001371804e-05,4.298329427494452e-06,1
0.2026259251668432,0.784960387407649,3.046062024173975e-05,2.2077033623953492e-07,0.012340113983012303,3.737709948565545e-05,5.51495243221733e-06,0
0.4147941964543146,0.5761192517600008,2.2197828655357153e-05,2.4937605712250676e-07,0.009014197821330115,4.33409799957833e-05,6.565779646086227e-06,0
0.1764283860188237,0.8197963757321286,1.9718943113250605e-05,1.3616615357569457e-07,0.00372432955276127,2.6829173724819425e-05,4.224413294735112e-06,1
0.07095896737304833,0.9288848288099644,4.557793441532187e-05,1.1918803179915585e-07,7.752392635572226e-05,2.3281179835072353e-05,9.701588349412611e-06,0
0.11537086448073879,0.8838145175902035,6.402524033144729e-05,1.6388155982710933e-07,0.0007053648466627692,3.351015573476891e-05,1.1553804768737176e-05,0
0.11067258246422018,0.8851340289610348,6.655605422090346e-05,1.706307085925352e-07,0.004071214672733803,3.8836204836764506e-05,1.6611012244814714e-05,0
0.11617545544835678,0.8794709763032812,6.66862973094643e-05,1.9398621997278592e-07,0.004224251673088647,4.1046339417247976e-05,2.138995232677213e-05,0
0.1949725124651406,0.7998353482050509,4.8472080766684376e-05,3.711627733930379e-07,0.005042435119060072,7.787028671341989e-05,2.2990680494861905e-05,1
0.2964055239683674,0.6974974325918389,3.056753441240398e-05,3.0916462442231886e-07,0.005955768740276289,7.844520649286133e-05,3.1952793987562575e-05,1
0.2382439594730126,0.7563947772400048,3.340421084023085e-05,2.425016958337207e-07,0.005250763219426516,5.36143960321167e-05,2.3238958987774926e-05,1
0.16363789133915732,0.8323682630420096,3.545798728223584e-05,1.821940499381914e-07,0.0038972211035754813,4.086666477395336e-05,2.0117669151557258e-05,0
0.04690780690027141,0.9528695390607312,1.8961797260760906e-05,1.1663782292755447e-07,0.0001633980346851755,3.351766326803254e-05,6.659905960407983e-06,1
0.05764599626112556,0.9421131708561009,1.931792794179909e-05,1.1882845426607003e-07,0.00018046396279808462,3.414717470528193e-05,6.784988873842487e-06,1
0.10388600512579516,0.8744169411137677,2.0206458918934598e-05,1.6684310071581174e-07,0.021607648405028726,6.500131112115409e-05,4.030742267841393e-06,1
0.07238962513906379,0.9095382128006295,1.9628085394470743e-05,1.5039344808314743e-07,0.01797965387446019,6.913251568079009e-05,3.5971913231419293e-06,1
0.14415851451767925,0.8556009564771719,1.7311814481164212e-05,1.2791530301138587e-07,0.00017969722779904014,4.095841326347956e-05,2.433634302110902e-06,1
0.306045406712288,0.6937625126943098,1.4664971097096591e-05,9.218137861931632e-08,0.0001439300031076486,3.144699637257858e-05,1.94644144637041e-06,0
0.26557326249639396,0.734212967613345,1.5271427151250555e-05,1.0280451301853429e-07,0.00016100743799821396,3.506647144585433e-05,2.3217491527522687e-06,0
0.3177877615706597,0.6514608285747714,3.267749111453568e-05,2.921704450767964e-07,0.030613957699871873,0.00010015886388227821,4.323629255187742e-06,1
0.29400541433613936,0.6775886240090812,2.907090726238287e-05,2.753403723582316e-07,0.02826864221153233,0.00010444969111659158,3.5235044958334335e-06,1
0.08296680650588344,0.8966769486213165,4.092466282213985e-05,2.9343963288639743e-07,0.02024746309583709,6.45267665354915e-05,3.0369079723457735e-06,1
0.028639339078798922,0.9711737273013005,3.791091107075992e-05,1.2069148727170276e-07,0.00010973483067959496,3.716415753157184e-05,2.003029131606706e-06,1
0.02703486761974041,0.9727786766176052,4.034163842982042e-05,1.2089094048438263e-07,0.00010676131942778747,3.722557454435191e-05,2.0063393120048557e-06,1
0.02762483511568878,0.9722025445066464,3.209603611477246e-05,1.1691067579985556e-07,0.0001016825359505687,3.678461317927837e-05,1.940281744111396e-06,1
0.03232135668502728,0.9674744022972759,3.29183986276541e-05,1.0868352903094579e-07,0.00014085981491603316,2.8550378871513816e-05,1.803741752595405e-06,1
0.034984088815512134,0.964811567543415,3.239916000539084e-05,1.0696920852237357e-07,0.00013883727978204792,3.12249416594176e-05,1.7752904177315773e-06,1
0.009582396806230435,0.9791892481921722,4.532578989150377e-05,1.8687616587407895e-07,0.011139299134358922,4.0182804818476114e-05,3.3603963625112837e-06,1
0.007479415208762158,0.9836263108338873,3.950042478768096e-05,1.6291825737925112e-07,0.008807574922710157,4.463681036816519e-05,2.398881227489578e-06,1
0.04587039639006056,0.9518254497232361,0.00010096104559191316,4.245553891283746e-07,0.0021043214179616242,9.238656189104456e-05,6.060305869582948e-06,1
0.23144138645928947,0.7662435498530354,4.8083657034630824e-05,1.744079417022621e-07,0.002214356180831274,4.7536638639124596e-05,4.912803228383424e-06,0
0.4143445305242961,0.5768453148729871,4.163062062184261e-05,4.4269531472070583e-07,0.008720103507027939,4.47633758604121e-05,3.214403891976139e-06,0
0.9626884424968092,0.035001972611402116,1.777412604125239e-05,1.9683326471504441e-07,1.1401553803243993e-05,8.664945319981125e-06,0.0022715474333592296,0
0.9294868134873943,0.06341337737060834,1.6796826565628798e-05,2.2938552832066944e-07,1.2153352585418758e-05,9.01230332579781e-06,0.007061617273992215,0
0.931770187310915,0.06153593617706919,1.7202303942903004e-05,2.3492292206851292e-07,1.2338995055877608e-05,9.229861392582989e-06,0.006654870428702521,0
0.8672288613364121,0.13270299469600272,1.0673775374116183e-05,2.3030631364027953e-07,9.4596548404576e-06,5.4193648599987135e-06,4.236086619708386e-05,0
0.8634731513251307,0.13648199650321644,1.0203862602519484e-05,2.0322592661928762e-07,8.285733513412795e-06,5.290582634771049e-06,2.086876697548976e-05,0
0.8033836044529656,0.19656673772143113,1.0778394171314992e-05,2.175805692670661e-07,6.685233335835966e-06,5.795353365045844e-06,2.6181264161874797e-05,0
0.796670271717005,0.2032688596848822,9.436971018326058e-06,1.985369859413702e-07,5.683792762730191e-06,6.693703430625138e-06,3.885559391521592e-05,0
0.7110367653916283,0.2889097527234085,9.791535362485424e-06,1.829454165503364e-07,5.169745754789228e-06,6.168031395126357e-06,3.216962703407078e-05,0
0.5825570409531239,0.41740762392408415,1.1628117684307846e-05,2.172601900211131e-07,8.390303778980731e-06,7.363986161012423e-06,7.735454977471686e-06,0
0.5859005316189797,0.414063041973573,1.1611339435161508e-05,2.16946704580329e-07,9.237456802616453e-06,7.636371040874189e-06,7.724293464112783e-06,1
0.48510533338884443,0.5148436315387274,1.4414618583614625e-05,2.3115549987542172e-07,1.3473820058158098e-05,8.016272335864511e-06,1.4899205950739231e-05,1
0.458597890758832,0.5413352916979741,1.4101502188357375e-05,2.2613430722678974e-07,1.3107897438399067e-05,7.664772403938264e-06,3.171723685578662e-05,1
0.07027492401099954,0.929578020104779,9.340632160523912e-06,1.33273278162455e-07,0.00012829112685132493,4.673370046906337e-06,4.617481884228978e-06,1
0.0847932140101535,0.8872712555680469,7.069626018977713e-06,1.2959212987658066e-07,0.027917025877415583,4.4534052753283525e-06,6.8519209599079625e-06,1
0.09711310956096315,0.8772677975592958,7.016662818083543e-06,1.2862127031618353e-07,0.02560315799826387,4.420041898308519e-06,4.369555490245561e-06,1
0.0460278463571415,0.9522900111938514,5.56770059179065e-06,0.0,0.001666633025167275,3.6320498009935675e-06,6.309673446997832e-06,1
0.07993716336790668,0.9196998258931445,6.990381232507222e-06,1.3103038518468783e-07,0.0003349773566765363,4.5601253777605575e-06,1.6351845276798202e-05,1
0.07224708807290585,0.9267938886596565,5.452018478529749e-06,1.3335445407762604e-07,0.0009285891097641568,1.1318712894436375e-05,1.353007184670604e-05,1
0.1367849676846776,0.862597728998889,9.35610555591827e-06,2.1834507909702477e-07,0.0005834864804101098,1.9442247303800323e-05,4.800138084453155e-06,1
0.16319026520309768,0.83620888298054,9.668534817764717e-06,2.124436990146897e-07,0.0005673836700186726,1.8916766759567422e-05,4.670401067245351e-06,1
0.0832871722355594,0.9156495902727709,3.634669811388189e-06,7.555379281077494e-08,0.001048176859887564,7.334745470534e-06,4.015662707208159e-06,1
0.061297652240211185,0.938095921254225,3.737394028358412e-06,7.255893429488018e-08,0.0005914802478256603,5.774378092801409e-06,5.361926682523627e-06,1
0.02169192631493721,0.9777216156180264,2.0955078605037566e-06,4.829993493726567e-08,0.0005807771322081091,1.464166912517326e-06,2.072960120397063e-06,1
0.040473210657198645,0.9576730979649224,3.617927885681461e-06,8.339061130704857e-08,0.001845248937398905,2.5279076265622413e-06,2.213214356852022e-06,1
0.03621729183721611,0.9601743820323666,3.4208671340792803e-06,7.884850404013243e-08,0.003600294753946337,2.4389955025904695e-06,2.0926653303376825e-06,1
0.018876460646758766,0.9802158086767596,1.934014589985793e-06,4.457763228890009e-08,0.0009024599741245853,1.3789056113660715e-06,1.913204523290523e-06,1
0.018137524147831843,0.9810997762838292,2.0641482523732103e-06,4.7577118735564934e-08,0.0007564728651908684,1.4716877642116432e-06,2.6432900127376695e-06,1
0.02201586232503859,0.9774408355536748,2.16618000914663e-06,3.4692340406516026e-08,0.0005364590498834702,1.5932190924976745e-06,3.0489799607961276e-06,1
0.07807398265455753,0.9219082167516556,3.8405444302392296e-06,7.576530699058235e-08,9.011259632333694e-06,2.7382152611353818e-06,2.1348091562456748e-06,1
0.06287287494486402,0.9371142911294607,3.8120450059120226e-06,8.057830188132145e-08,4.426591091337247e-06,2.381462644974486e-06,2.133248631094811e-06,1
0.09980348891240626,0.9001792209297769,4.989302473487354e-06,1.0546295236871243e-07,6.286422244536382e-06,3.1169195134531835e-06,2.792050632974738e-06,1
0.1604815371989556,0.8394975623619572,5.090825920654616e-06,1.0760893620709549e-07,9.672797032695804e-06,3.1803432916727253e-06,2.848863906259211e-06,1
0.4209915890263149,0.5789696282298379,9.573796058604055e-06,1.7518960651484271e-07,1.4576119601557905e-05,6.119350786997965e-06,8.338287793473623e-06,1
0.7250799686412728,0.2748830430440028,1.0053245545568164e-05,2.2778284288039806e-07,1.479820012364439e-05,6.2579976631807515e-06,5.6510885490551425e-06,0
0.12573135570085625,0.8742354943165375,8.200010911086016e-06,1.5648496523835168e-07,1.1196839450606474e-05,5.322822208109189e-06,8.273825071385745e-06,1
0.2462551906354041,0.7529777630613397,1.0852582995919012e-05,2.2355549743918735e-07,0.0007218378055143364,6.949237468089403e-06,2.718312178056221e-05,1
0.21881617845655613,0.779525072465349,8.065490269811072e-06,1.827449945944721e-07,0.0016366790542162654,5.043757529347011e-06,8.778031084851915e-06,1
0.3564408713312375,0.6416895701113551,1.0678920046120697e-05,2.4195915199446874e-07,0.0018451425880007869,6.678066873320728e-06,6.817023335120908e-06,1
0.0698473005350567,0.9291492723609934,7.54823351741733e-06,1.0769911585357851e-07,0.0009883358040474522,3.7765846916055007e-06,3.65878257784074e-06,1
0.07596464678986908,0.9223503046076353,7.870702292286082e-06,1.1276608547338781e-07,0.00166867024681393,3.9692867018538806e-06,4.425600601953494e-06,1
0.06499518516817773,0.9332545864944239,9.650673018586048e-06,1.0762353276015854e-07,0.0017325436727128368,3.7025913724281256e-06,4.223776762031198e-06,1
0.07162816318988799,0.9270040921446838,9.73077430661704e-06,1.0427067316683606e-07,0.0013507780350602886,3.587242352703376e-06,3.5443430354743215e-06,1
0.05314372498129774,0.9449968310345818,1.2471961627653293e-05,1.0750523915622509e-07,0.001839511703951221,3.698521696715904e-06,3.6542916057586017e-06,1
0.06499856274862831,0.9337004180338762,1.1550631338637634e-05,1.1672371544136189e-07,0.0012814278941028886,3.956324557612743e-06,3.967643780694994e-06,1
0.11118971678648411,0.8873151964542653,9.346612886632465e-06,1.2065199776276633e-07,0.0014761708188181677,5.347502562375944e-06,4.101172985641904e-06,1
0.06353716374863613,0.9312080381729306,1.0687142579720745e-05,1.3795640391429597e-07,0.0052331691359616805,6.114463391467624e-06,4.689380096648648e-06,1
0.26601769154705834,0.7183835533620009,3.4542943445521524e-05,2.8172246064239623e-07,0.015507149815017607,4.9743043304195795e-05,7.037566712967683e-06,0
0.135366396570076,0.8632181512143663,2.431242197844519e-05,1.4361020548117888e-07,0.0013626277974409086,2.2732281698519337e-05,5.636104234319275e-06,1
0.07418181672555306,0.9256544640392836,4.695451984721056e-05,1.3616654532918993e-07,8.799503557742366e-05,2.378541682686325e-05,4.84809636633819e-06,0
0.08903186800252098,0.9108057876457316,4.557610975155576e-05,1.3204079053279004e-07,8.976853491829386e-05,2.3064734684854282e-05,3.8029316021913724e-06,0
0.14086593299776426,0.8573126311555019,5.6697707503903726e-05,1.6044109626921765e-07,0.0017144613593603323,3.668097047796237e-05,1.3435368295483082e-05,0
0.10896232016395732,0.8879319969292889,5.917070755113187e-05,1.7582566011213828e-07,0.0029915941031469257,4.001859576156661e-05,1.4723674634079625e-05,0
0.2648700983559487,0.7309321272057057,4.1469871635262474e-05,3.22237252851478e-07,0.004046979682312115,7.446782482947872e-05,3.4534822315864766e-05,1
0.29619578149360726,0.700783428949333,3.675735941239075e-05,3.192468287663658e-07,0.0028740146128933314,7.548400544586472e-05,3.421433247952659e-05,1
0.24184066188857117,0.7554674149845291,2.6555023510899874e-05,3.187959871192018e-07,0.0025776961808866294,6.03674103711735e-05,2.698571614382404e-05,1
0.13064703547610731,0.8620746737922956,3.894131686708016e-05,1.9062616457465747e-07,0.007175352041422742,4.27580130496018e-05,2.104873409337054e-05,0
0.10160409690517948,0.8865056050303253,4.221606632261408e-05,1.7368603077517294e-07,0.011786989510510116,4.430809071300682e-05,1.661071091857235e-05,1
0.04141198566392922,0.9584292854408434,1.8216033211023446e-05,1.0668494469705781e-07,0.00010196706384305005,3.494378734801041e-05,3.4953258806002635e-06,1
0.060178256386218404,0.9395479594528509,1.6962011232552833e-05,1.3357949918931212e-07,0.00022120974732330346,3.243356909672592e-05,3.045253778912101e-06,1
0.060723266828067925,0.9389811274699643,1.838093499086148e-05,1.4887814884230867e-07,0.00024097125141349875,3.298946052689898e-05,3.1151768875208553e-06,1
0.09074992729740763,0.9089361834353121,2.8674574788479793e-05,1.7324633739523467e-07,0.00024920650217400466,3.246486734537019e-05,3.370076634721636e-06,0
0.10028055363294282,0.8775008017524466,2.2078369006211317e-05,1.708680667862072e-07,0.02212891689811084,6.335049849094958e-05,4.1279809357693195e-06,1
0.0666124261879412,0.9134084956435794,2.3707002827655396e-05,1.6766903551129356e-07,0.01988590346357742,6.57012984974919e-05,3.598734541348608e-06,1
0.025652254275631295,0.9741755619682201,3.3038795082023105e-05,1.0908103049180496e-07,0.00010694858991229956,3.0276951327715734e-05,1.8103387962142703e-06,1
0.012111581933035907,0.9797750720357756,4.5772540630057176e-05,1.798106388464973e-07,0.008021036266666249,4.3709801052180423e-05,2.6476122011768194e-06,1
0.007031491839433065,0.984921383645117,4.635805833709266e-05,1.9120235086991344e-07,0.007951299554650416,4.646035125178127e-05,2.8153488598026597e-06,1
0.42970384965930014,0.5655563098431241,3.676114233262939e-05,3.79546277742185e-07,0.004655595355678336,4.405493211494608e-05,3.049521172180842e-06,0
0.9521664478395023,0.04551323949589525,1.843746932952693e-05,2.0417922505958415e-07,1.1964714021565326e-05,8.988327370267878e-06,0.00228071797465599,0
0.8043444274245314,0.19557454299944146,8.794800244746693e-06,2.0026923055959924e-07,5.142492218084297e-06,6.196369370815264e-06,6.069564496301938e-05,0
0.7091780815040306,0.29076448665560506,1.0514698504920618e-05,1.9645702401830703e-07,5.55156223680369e-06,6.623577211100032e-06,3.4545545387596666e-05,0
0.6844477631428098,0.3154953348091103,1.0345678324066059e-05,1.93299044575132e-07,5.821004718420564e-06,6.551828427701671e-06,3.399023756527551e-05,0
0.3840741426484612,0.6158869886582662,1.2741688913760215e-05,2.0432808908765397e-07,8.187389129619672e-06,6.92565545579876e-06,1.0809631684531278e-05,1
0.2958679239884633,0.7040925427455205,1.1379184044193662e-05,2.1139434379259792e-07,9.318295843812873e-06,7.440931855891246e-06,1.1183459928560727e-05,1
0.06130983388442329,0.937450626834097,9.597507929485845e-06,1.369384129436686e-07,0.0012203545096661989,4.705858690486992e-06,4.744466780892824e-06,1
0.06585599900663495,0.933470069123375,5.843096100629396e-06,1.0952523292667591e-07,0.0006561860507308501,3.725491080133259e-06,8.067706845480284e-06,1
0.058940671903577546,0.9406984737965846,4.776846137988324e-06,9.451349445612285e-08,0.0003409733266393249,3.2148681280069757e-06,1.1794745438149343e-05,1
0.05846937702908118,0.940617243603867,5.430902303554577e-06,1.2353080317211876e-07,0.0008841444711530249,1.1147093331302217e-05,1.253336946081421e-05,1
0.07552315738227922,0.9234743977527087,5.820367841535007e-06,1.394014581289324e-07,0.0009706963055648616,1.1645192492406945e-05,1.4143597655329362e-05,1
0.12487227362643623,0.874574449064101,8.285747105489639e-06,1.8599836099991427e-07,0.0005242190922682534,1.4222493400534544e-05,6.363978327520978e-06,1
0.3372857849156335,0.6618399559176785,1.0253919286336842e-05,2.2215531277786436e-07,0.000837165065453644,2.215964356112528e-05,4.458383074187113e-06,1
0.13977426781229804,0.859649929258961,6.310800553097656e-06,1.455080135299573e-07,0.0005540879394081067,1.2059806029814182e-05,3.198874736388737e-06,1
0.012182115975633945,0.9875005981293258,1.5805492124132445e-06,2.67510483930046e-08,0.00031274552411092275,1.2285213549922124e-06,1.7045493135687271e-06,1
0.09437800183934712,0.9056078900425112,3.6690124034155626e-06,7.238136575332333e-08,5.50634273491446e-06,2.6159170760333302e-06,2.244464561840748e-06,1
0.18568467424092136,0.8142799875008949,8.332317541955308e-06,1.5247195810276267e-07,1.2685966601570626e-05,5.325826202664664e-06,8.84167587943304e-06,1
0.345110452931333,0.6548559202281719,9.78803772395698e-06,1.930959780472601e-07,1.0818950071259312e-05,6.839068105640035e-06,5.987688616405463e-06,1
0.6759185026622508,0.32403956644225135,1.2197689910262786e-05,2.4693533933029906e-07,1.3501779233543032e-05,8.522732991065877e-06,7.461758023609074e-06,0
0.7237128254952037,0.2762322240417028,1.3540213071323832e-05,2.82350854921987e-07,2.3265644459654287e-05,9.524656440057816e-06,8.337598267592432e-06,0
0.7250799574971954,0.27488303881920273,1.0033113893532489e-05,2.632837828465476e-07,1.4798199896204252e-05,6.257997566998795e-06,5.651088462201043e-06,0
0.5056065425904545,0.49434658010642946,1.111984433146222e-05,2.7541877533081514e-07,1.924840707137137e-05,8.74859008563741e-06,7.485042852536472e-06,0
0.4631728604004035,0.5367817888834655,1.1102701900600804e-05,2.466291122036449e-07,1.7630703995204247e-05,8.897177265623885e-06,7.4735038574058215e-06,1
0.13143357020724425,0.8685419309272323,6.671048329552459e-06,1.2504468685371148e-07,9.708729881473871e-06,4.253383928463628e-06,3.740658697138013e-06,1
0.22961798376860834,0.7687641162396398,8.929731043933336e-06,2.023266530320806e-07,0.0015913429301688989,5.584210839167934e-06,1.1840793046854408e-05,1
0.3018976135528229,0.6963112250301767,8.036073398581615e-06,1.9903925162366464e-07,0.0017701653035939633,5.620602385616753e-06,7.1403983706884e-06,1
0.2663602665364712,0.7321592635900331,7.0360864975427015e-06,1.7427135385267326e-07,0.0014613692637470747,5.638385087283353e-06,6.251866809970168e-06,0
0.23495069883420552,0.7634795878361846,6.927866961018702e-06,1.5952117405310053e-07,0.0015474937968232415,5.551663097566096e-06,9.580481554094824e-06,0
0.20414350424752206,0.7930481407738152,1.122628506919307e-05,1.6446817346033417e-07,0.002785995164688627,5.767252416362134e-06,5.201808314971975e-06,1
0.08099681609056876,0.9172999709472128,1.0337211612487886e-05,1.2659267441910606e-07,0.001684283813701254,4.002600280758158e-06,4.4627439493421155e-06,1
0.08754476664313068,0.9107643100558721,1.012402568891522e-05,1.1076800444599152e-07,0.0016722834777154602,3.974082196219675e-06,4.430947392030919e-06,1
0.08075291982040761,0.9180291731819956,9.820264979600405e-06,1.213865448746503e-07,0.0012007825861280513,3.6129835483321818e-06,3.569776395833424e-06,1
0.07417421858090915,0.9201399094972997,2.1072124785515675e-05,1.3415619916994486e-07,0.005638791643042787,1.8776691134405865e-05,7.097306629249676e-06,1
0.10259503887603236,0.8894029819370339,1.932632844487585e-05,1.3559482321510959e-07,0.007954529169403118,2.0978064262467196e-05,7.010030000117374e-06,1
0.11062096386899814,0.8876648081955585,2.3125030872320162e-05,1.416376222083312e-07,0.0016624134195666969,2.2989158850094357e-05,5.558688531866977e-06,0
0.07255614662632066,0.927306232073242,2.156489301444855e-05,1.2273932030137905e-07,9.313239744444303e-05,1.7755765195622735e-05,5.045505462510855e-06,0
0.13069984309338267,0.8679721371244881,5.034665987410727e-05,1.6115573455403362e-07,0.0012415381928449689,3.073308329654337e-05,5.240690379019376e-06,0
0.15576619554293203,0.8428103676134289,5.3353357509553756e-05,1.6111775448867195e-07,0.0013309103320474122,3.377258103824437e-05,5.239455289472695e-06,0
0.14334643215146742,0.8543998731627946,4.6375172788726966e-05,1.5911259152312276e-07,0.0021411143645582156,4.797064165499579e-05,1.8075394144669172e-05,0
0.15299986154370118,0.8456236366614612,3.814316819598253e-05,2.065613347325906e-07,0.0012706082603117744,4.728695145835667e-05,2.0256853536733185e-05,1
0.18228849830977306,0.8161445500235248,4.041746604545118e-05,2.032836697690311e-07,0.0014673156648465958,4.620622350471969e-05,1.2809028635509002e-05,1
0.05546614174670152,0.9443586672381671,2.357960012365743e-05,1.0752638208240718e-07,0.00010620618941814884,3.769025998813877e-05,7.60743921936386e-06,1
0.03799669038027745,0.9618094764936401,2.1378001328340244e-05,1.1832551030357001e-07,0.00012987913944447683,3.875656009040215e-05,3.70109970893272e-06,1
0.04129803387311647,0.9585018819118382,1.7901431579740807e-05,1.0898263800818603e-07,0.0001430961474244276,3.556878908655079e-05,3.4088643165449973e-06,1
0.3757346584009348,0.6146097089639768,3.384986411691689e-05,2.750727765584643e-07,0.009522246428198452,9.308326363466168e-05,6.178006361860707e-06,0
0.20676382549229377,0.7930270706881942,1.814309315712335e-05,1.1074161954192952e-07,0.00015275850299465243,3.581879330724707e-05,2.272688433286479e-06,0
0.24496551074925269,0.7084053425447462,3.869962250412015e-05,3.2727172216031776e-07,0.04646129136400297,0.0001233454583995612,5.482989372369748e-06,1
0.1781889930589816,0.8215612907606227,2.0286026069562533e-05,1.288362144585172e-07,0.0001887815368095842,3.827325804500941e-05,2.246523257159854e-06,1
0.06351161215965308,0.9362959846048985,2.6056257720456225e-05,1.429815282381563e-07,0.00012529313211001572,3.8345933771041e-05,2.5649303187819006e-06,1
0.03797261506742127,0.9618632800483715,3.0388275399240767e-05,1.4141479922428735e-07,9.966604403387726e-05,3.179280113205033e-05,2.116348842555471e-06,1
0.08318134993035056,0.8989956607822374,3.738371411740091e-05,2.417196877767282e-07,0.017718669683274794,6.3649409235584e-05,3.0447610965483106e-06,1
0.08325566712156211,0.8997988556387364,4.106714779651822e-05,2.944612842743423e-07,0.01683736187333266,6.370627589284099e-05,3.047481394942063e-06,1
0.03508753677904768,0.9647533737028398,3.635861047928162e-05,0.0,9.405716906804414e-05,2.672400039373877e-05,1.9497381715710372e-06,1
0.043081724617806176,0.9567628745217891,3.387626891742913e-05,1.0256645961206302e-07,9.057858689283107e-05,2.8910323473410942e-05,1.933114661279803e-06,1
0.024101813425639804,0.9757306167602113,3.3943872632637194e-05,1.0722914080804115e-07,9.749462763682166e-05,3.4244480412801174e-05,1.7796043254661434e-06,1
0.022038062020945843,0.9778035435508521,3.027632118603822e-05,1.0927524395857865e-07,9.517829369222603e-05,3.100498712233257e-05,1.8255509575647836e-06,1
0.009093840863543614,0.984189307036629,4.884034292528173e-05,2.0154352321122983e-07,0.006621911271289584,4.227479815862714e-05,3.624143930388005e-06,1
0.04186729779337576,0.9550040612407051,3.730934046321787e-05,1.4222743666734546e-07,0.0030542347557451794,3.469092208534072e-05,2.263720188914373e-06,1
0.058600363120060374,0.9378893219894552,4.1585633543443167e-05,1.903591944828927e-07,0.0034263183668930075,3.9634239600312356e-05,2.5862912532212455e-06,1
0.6261209900994691,0.3702052453344145,2.2109226894058945e-05,2.3918618823786575e-07,0.0036228275681461585,2.6666807787311716e-05,1.921777100446409e-06,0
0.2892202749198346,0.7067214056320239,3.5033757202642264e-05,3.544390897097717e-07,0.003980216807211494,3.986665091210796e-05,2.8477937255721357e-06,0
0.2519416399299043,0.7457065578794494,3.46327743997882e-05,4.5147913237055695e-07,0.0022751888355913206,3.905014233770774e-05,2.478959184968374e-06,0
0.9676796702971618,0.02431140362732508,1.2317584588596593e-05,1.5991688089213817e-07,8.4078632953219e-06,7.183484183755356e-06,0.007980857226564712,0
0.9043118832319953,0.09217844075884218,7.247578976732628e-06,1.2488329815534213e-07,6.616593320525911e-06,4.9065264558826756e-06,0.0034907804271110637,0
0.9038550889650306,0.09435192527344557,8.920005846834663e-06,1.5370094666010063e-07,7.327901046680137e-06,6.03873994538425e-06,0.0017705454137380858,0
0.879330198492816,0.11965781909932743,9.845826601480028e-06,1.6965379791042325e-07,8.808313351869654e-06,6.66550980062227e-06,0.0009864931043044665,0
0.8725895632093861,0.12699835445909374,1.0217093765698645e-05,2.251250032160747e-07,8.690149666822248e-06,5.297442837116013e-06,0.0003876525202475705,0
0.8717844246879226,0.12814899452551098,1.0093550734083905e-05,1.7392234149050167e-07,8.196158145649787e-06,5.233387229630027e-06,4.28837681155681e-05,0
0.8813389268244798,0.11859012955229567,8.607181679870157e-06,1.6094915988818947e-07,7.5847919050993065e-06,4.843019423266751e-06,4.9747681056494014e-05,0
0.7776369803515307,0.22228941528001725,1.184966293371645e-05,2.2238014371927878e-07,7.313938178594395e-06,6.486612309356829e-06,4.7731774886540974e-05,0
0.6634291918353735,0.33653842013280927,9.93707446920638e-06,1.8566467471749178e-07,5.6839147975572055e-06,6.293063147351644e-06,1.0288314728277074e-05,0
0.6607356585941208,0.33922462091598277,1.2759086884648487e-05,2.3839126127829741e-07,1.0033777540177389e-05,8.201416592022887e-06,8.487817618412993e-06,0
0.6129318745942888,0.387031278666754,1.1835975462500318e-05,2.2114381259989085e-07,9.307840430541765e-06,7.608049574277994e-06,7.873729677520086e-06,0
0.5525779786408794,0.44738606983077717,1.2407884909998022e-05,2.105666987034527e-07,9.038433633735433e-06,7.137111750991341e-06,7.157531349761864e-06,1
0.24696669643284463,0.7529963317375641,1.318810399315938e-05,2.1148688418388632e-07,9.215127411266297e-06,7.168301234636824e-06,7.188810067927433e-06,1
0.08198050736457638,0.9179928516167419,7.777967567172242e-06,1.4449351935224776e-07,8.909393552370631e-06,4.897575928487083e-06,4.9115881142138915e-06,1
0.07267994528125056,0.9272936057924659,7.252918693540787e-06,1.3473953684618227e-07,9.914268064165444e-06,4.566966845514067e-06,4.580033143736276e-06,1
0.06996036737852544,0.9299894795494755,1.1837382952543529e-05,1.7215159772261287e-07,2.6487686528388814e-05,5.804116219452161e-06,5.851734700682709e-06,1
0.07312425836957569,0.9267000677733735,1.1165472535988288e-05,1.5931032306281876e-07,0.00015335482961456367,5.474664501755628e-06,5.51958007528372e-06,1
0.08912590834698267,0.9095526964210512,8.910911267609365e-06,1.6334442121985172e-07,0.0013010483325297368,5.61329540496582e-06,5.659348342532276e-06,1
0.1436998852705204,0.8282860655576223,7.049768900298295e-06,1.4551076849271384e-07,0.027997022707709616,5.0004458190453865e-06,4.8307386599287055e-06,1
0.1270849817989001,0.8430852135946443,7.005569746394711e-06,1.4459847577188946e-07,0.02981288489124115,4.969095078692308e-06,4.800451913722161e-06,1
0.13420295285552292,0.835299221384651,6.7847366565882496e-06,1.5063617747039094e-07,0.030481428800569157,4.81245676667858e-06,4.649129656296894e-06,1
0.07811969867749997,0.921373333289305,5.95258039358065e-06,1.1777628120658688e-07,0.0004821937181241989,4.0061497552819915e-06,1.469780864073839e-05,1
0.05110911868070167,0.9478652396173397,5.92708088975986e-06,1.1802148498576216e-07,0.0009961416306476449,1.0574558893415352e-05,1.2880410042734476e-05,1
0.022993427618488542,0.9757918629555705,3.5770202442861874e-06,7.557341964656907e-08,0.001206760151923818,2.290936844035377e-06,2.005743509210271e-06,1
0.012490925281397213,0.9872521352063484,1.6747634262574041e-06,9.170818496511746e-09,0.0002529389347789952,1.301751706026098e-06,1.0148915246461131e-06,1
0.037330436117436853,0.9626611318297404,2.0514846287025214e-06,4.412104146444535e-08,3.4986983078009742e-06,1.5945676705322175e-06,1.2431811741104763e-06,1
0.08295228588174246,0.9170346615535774,3.7528356547309253e-06,7.119968818359987e-08,4.570782321159292e-06,2.4803512073256237e-06,2.177395808712826e-06,1
0.15357484612715733,0.8463951696781427,7.401811645156862e-06,1.3544475583920937e-07,1.126926990585402e-05,4.731068182227986e-06,6.446600210888708e-06,1
0.1466947893981999,0.8532739335814005,7.75448361352953e-06,1.4189825275828113e-07,1.1670391022470645e-05,4.956488012982985e-06,6.7537594976524275e-06,1
0.744840712709708,0.25512602779088017,9.039771527862291e-06,2.0481991097029161e-07,1.3306384245265005e-05,5.627124975773481e-06,5.081398751838627e-06,0
0.6551001122444032,0.3448531025583058,1.1341574188188006e-05,2.8091062969256256e-07,1.9632220586643265e-05,7.89619717125355e-06,7.634294715225186e-06,0
0.26362070370858537,0.7363345458535294,1.2886186579403259e-05,2.32552971019433e-07,1.6220860632475107e-05,8.199632210748358e-06,7.211205491517418e-06,1
0.12406249477741915,0.8759045038067546,7.233482258840837e-06,1.3558716400115042e-07,1.696432862687969e-05,4.611985353229249e-06,4.056032423309057e-06,1
0.1333991598764275,0.8665673638151415,7.337572557553745e-06,1.375382724572839e-07,1.720844646266724e-05,4.678352134248233e-06,4.114399004082166e-06,1
0.13195831388007356,0.8679971195574542,9.24171479667417e-06,1.8285427978393663e-07,2.357680029913045e-05,6.219772102701726e-06,5.345420993805139e-06,0
0.251810915273636,0.7471214360283138,1.0222276990988588e-05,2.4180823746912007e-07,0.001031972737305736,7.64653000142617e-06,1.7565345514260996e-05,0
0.0854002653085418,0.9136524427433995,8.48338983781369e-06,1.2104204021583833e-07,0.0009303309756751953,4.24446860586408e-06,4.1120718997368854e-06,1
0.07509915586449088,0.9239760926713286,6.798618750766497e-06,1.2391228899542273e-07,0.0009092742354483169,4.345116949317659e-06,4.209580743199347e-06,1
0.08490594846728948,0.913536937828698,1.1378963852552339e-05,1.2449841173263042e-07,0.0015361633546300897,4.46669526998216e-06,4.980191848158307e-06,1
0.06990696761626534,0.9288312593386991,1.100321320962363e-05,1.1119183791491583e-07,0.0012430536820213528,3.825352403787673e-06,3.779605562579873e-06,1
0.09344872378005843,0.9051116900209056,9.824035468474643e-06,1.268148707708802e-07,0.001421049106990459,4.275581859513074e-06,4.31065984672576e-06,1
0.07092940001213681,0.9232069274805469,1.0427391285665922e-05,1.3460336972647805e-07,0.005840023698039556,5.965851190728552e-06,7.120963430612003e-06,1
0.20193564624382787,0.781210059993487,2.468867362482006e-05,2.1231217679057492e-07,0.016788144006488006,3.59451069789887e-05,5.30366341658385e-06,1
0.15910284681263362,0.8362727687438211,2.454820898650872e-05,1.570623169167326e-07,0.004566393281468278,2.7706133485899867e-05,5.579757287651725e-06,1
0.07736746908002459,0.9224705546096539,3.261500505652922e-05,1.343681940773908e-07,0.00010155571857742456,2.2397884122227546e-05,5.273334371353238e-06,0
0.13952071976954936,0.857204554392714,3.2647605821662063e-05,1.6289680814272235e-07,0.0032047356580216036,2.9675893710362974e-05,7.50378337459815e-06,0
0.1440476787940428,0.8545388075919994,4.5089689773152504e-05,1.9232724086586325e-07,0.0013081776443631904,4.3032607575803156e-05,1.7021345004850313e-05,1
0.3011164147220718,0.6930039514023986,3.6312026934979475e-05,2.5312045355711166e-07,0.00572271151565107,5.1593248982803374e-05,6.876396350732922e-05,0
0.3119248994725411,0.6808366501617477,4.026714241241669e-05,2.806903996059035e-07,0.0071018894061000626,5.1940680694222994e-05,4.407244610504781e-05,0
0.21666918547749417,0.7772262914948428,3.052137529022669e-05,2.0569948381739463e-07,0.00600249308768039,3.9005075803950685e-05,3.229778940464912e-05,0
0.16171534737716436,0.8337138297050756,3.2938541695787e-05,1.8155754855077162e-07,0.004476010532492624,3.8688702554119345e-05,2.300358346919932e-05,0
0.06410055868693801,0.8397716024814832,2.2421499618657394e-05,1.097593219089983e-07,0.09606639232381362,2.67958799533077e-05,1.2119368871336144e-05,1
0.05796736153809153,0.9418596798793022,2.327912885686387e-05,1.0615618970982263e-07,0.00010485282006038073,3.7209978723612553e-05,7.510498775619713e-06,1
0.09857767203341541,0.9011820003224988,2.028268363254307e-05,1.1878859445295268e-07,0.00017882937784015777,3.431408110109318e-05,6.7827129173791544e-06,1
0.0771184202519106,0.9226054174094336,1.776095201592037e-05,1.2869277971566128e-07,0.00021281130669303623,3.7374954809127655e-05,8.086432358022292e-06,0
0.4947379134857973,0.4972258779730422,1.993931599616134e-05,2.1625585585634656e-07,0.007945079745403875,6.611621816962823e-05,4.857005734939313e-06,0
0.10808990218906847,0.8705717560890668,2.1655797879830228e-05,1.5330499875314512e-07,0.021249497871960867,6.336791566825111e-05,3.6668313569365758e-06,1
0.096629988062016,0.8711688787686678,2.3784761430264314e-05,1.4246055301091612e-07,0.03213189033107912,4.190816817858792e-05,3.4074480751152653e-06,1
0.24766613077714345,0.7521282341172429,1.4864029621247418e-05,9.78467122304073e-08,0.00015277573200065653,3.5831430369741455e-05,2.06606690992181e-06,1
0.11471019629720303,0.8850673383650199,1.5761155344407775e-05,1.0375229804430324e-07,0.00016199658546669932,4.241307928646347e-05,2.190765381190447e-06,0
0.3344169993652425,0.6244177359472646,3.2557801124486086e-05,3.510995077310341e-07,0.04104937411141969,7.926425973999793e-05,3.717415701070798e-06,1
0.21599836053875485,0.7838030869216432,2.0647679747631335e-05,1.5245199864856764e-07,0.00014307074670495267,3.257086531066089e-05,2.11079583999803e-06,1
0.03831785381483125,0.9615085782792667,3.25298693962706e-05,1.269438179797836e-07,0.00010464607296177336,3.4106702448867874e-05,2.158317277127183e-06,1
0.034004232835560644,0.965828622630012,3.475702414070653e-05,1.0025456219978579e-07,0.00010266207210881794,2.773564229051151e-05,1.8895413255133964e-06,1
0.034196204676283336,0.9656469362103578,3.3503172169645105e-05,1.0143684251620589e-07,8.958099839597036e-05,3.1761681673736246e-05,1.9118242767048344e-06,1
0.03700224588785108,0.9628410589105001,3.340582210645022e-05,1.0114209779832543e-07,8.932070316748419e-05,3.218895219210108e-05,1.6785820847976201e-06,1
0.021442258187147557,0.9783979320882304,3.429754169364859e-05,1.0355971456596794e-07,9.415832052463334e-05,2.9531597171510184e-05,1.7187055178923464e-06,1
0.019189281637192922,0.9806506505748227,3.160155635428909e-05,1.0917587396315645e-07,9.509174282978114e-05,3.144142204244871e-05,1.8238908835743289e-06,1
0.011424678445114104,0.9883878637300035,3.969612601263902e-05,1.413999323131082e-07,0.00010673599175723669,3.880229479659945e-05,2.0820123833232247e-06,1
0.009218391093437557,0.9847814289777734,4.907451812501225e-05,2.0240630366959805e-07,0.005904802092067108,4.246125389465981e-05,3.639658398487163e-06,1
0.051311734156087745,0.9462997790363608,3.7408516069009756e-05,1.4260550532298455e-07,0.0023141775171440743,3.4488431228099276e-05,2.2697376048829083e-06,1
0.07532893021819596,0.9208385046407198,5.193320263996925e-05,2.0160190009014084e-07,0.003730172876705581,4.685093717169763e-05,3.4065226667979984e-06,1
0.10624544387014567,0.88908242526811,7.015698710098778e-05,2.72680285052153e-07,0.004541080437974967,5.6728388097865785e-05,3.89236828535801e-06,1
0.5719745940623363,0.4255756767636369,2.4562253820425676e-05,2.378777372314614e-07,0.0023904222056085824,3.265424568916281e-05,1.8525911713557605e-06,0
0.46446390184024683,0.5338525544805371,2.125943265898919e-05,2.1659192110151122e-49,0.0016337488279158725,2.693194049370298e-05,1.6034781474053315e-06,0
0.413479613290689,0.5850095003357724,2.07874015796856e-05,1.6792995632351414e-07,0.0014605523924599163,2.7378298538950117e-05,2.000351003827103e-06,0
0.23702855067311945,0.7610349327769265,3.119327462429615e-05,3.1440533200988734e-07,0.0018619533813420282,4.053099265699222e-05,2.5244959987547278e-06,1
0.9038569951072146,0.09247680564528903,7.271038074766886e-06,1.2528752273070347e-07,6.901657036262355e-06,5.127422628064946e-06,0.0036467738422345424,0
0.8759354432954438,0.12171742241286145,1.0227568920564866e-05,1.8131421890329293e-07,8.617651956938359e-06,6.780239503830038e-06,0.0023213275170942556,0
0.7472609103236376,0.252647463651389,1.3665753367265856e-05,2.1845971139813672e-07,8.304810767787582e-06,7.365401024426337e-06,6.207160010249475e-05,0
0.8199633847500436,0.17994214753791488,1.4728959100929626e-05,2.4944855333320317e-07,8.497237728368715e-06,7.72153742654563e-06,6.327052923248536e-05,0
0.7772394158896595,0.22266070547734135,1.4134741582651964e-05,2.00672371665069e-07,7.617667930965637e-06,6.92226225889525e-06,7.100328885507516e-05,0
0.7211724232557244,0.27874030957368734,1.0165613550769266e-05,1.8993470754959916e-07,5.36725197360441e-06,6.437794967201623e-06,6.51065753888512e-05,0
0.6300545464346572,0.3699079462716085,1.1499510094108833e-05,2.2737406769927955e-07,9.681447489466624e-06,8.00340687074894e-06,8.09555521221561e-06,0
0.6671024245699231,0.33286369488051115,1.0469186738222276e-05,2.0700199875405428e-07,8.71261804955828e-06,7.121526259226002e-06,7.370216519892709e-06,0
0.5670971709352297,0.4328644750041294,1.3032259104527486e-05,2.21162574942743e-07,9.617546200495372e-06,7.608695058467087e-06,7.874397702611984e-06,1
0.36084137168643365,0.6391183986421353,1.4497770252434714e-05,2.3248893547485076e-07,9.716544496605035e-06,7.880161125049815e-06,7.902706621608453e-06,1
0.3160999282756403,0.6838604072256658,1.4148597442828956e-05,2.2688953547136592e-07,9.886267820909931e-06,7.690370698503524e-06,7.712373196087818e-06,1
0.08625954920183203,0.9137061423582986,9.43174383239896e-06,1.7521619217392176e-07,1.2838134736184644e-05,5.907439468240962e-06,5.95590564031661e-06,1
0.08977678795361937,0.9100542920583246,9.08714394458402e-06,1.6881446188528892e-07,0.00014823412584994162,5.691604198093311e-06,5.738299601395244e-06,1
0.07992127796928553,0.9186264274457618,9.329271215380029e-06,1.7430845576556565e-07,0.00143098912019061,5.876835002871931e-06,5.925050087942316e-06,1
0.08000864744026306,0.9185433756057151,9.214929425050277e-06,1.6891732711871542e-07,0.0014269358689191082,5.8048071005645e-06,5.8524312499636425e-06,1
0.1288938749924915,0.8455198386673974,8.891724387973271e-06,1.7196193954075645e-07,0.025566094697367713,5.820643350017968e-06,5.307313065816536e-06,1
0.16359162315902545,0.8183954396345285,1.0233657255854014e-05,2.2720985184694882e-07,0.017987773194355607,7.690698981085083e-06,7.012446001772087e-06,1
0.11956355277483816,0.8763332088598887,6.474492677687476e-06,1.4374807415403943e-07,0.004088175332689527,4.0082517798904535e-06,4.436540051718131e-06,1
0.07930669982422146,0.9190473926254513,4.936143537711075e-06,1.0418303451556171e-07,0.0016298240409979708,3.5437766751775348e-06,7.499406081676201e-06,1
0.06949857777384988,0.9293695893770564,5.953461191015774e-06,1.3985520237893593e-07,0.0011056540603835126,3.8600002784341415e-06,1.6225472038510803e-05,1
0.08671478252712429,0.9120216888763343,6.31154569184092e-06,1.6005908048080043e-07,0.0012276297605082643,1.3187722250098202e-05,1.6239509010792586e-05,1
0.12473204454128008,0.8747524891195019,5.598125867877565e-06,1.4136610071158694e-07,0.000480207087507485,1.2648682169975759e-05,1.687107757196312e-05,1
0.08545062366236779,0.9142261059638833,3.5442252974413762e-06,8.168615092404591e-08,0.00030859779075482287,9.044331053639285e-06,2.0023404920478834e-06,1
0.06293079161634653,0.9365286956472617,2.511655783843521e-06,5.940394624701083e-08,0.0005309029579571434,5.6197372189602625e-06,1.4189814856597262e-06,1
0.035228528992654835,0.9635879357985679,3.1940189778590536e-06,8.025916520115601e-08,0.0011756481948585415,2.4826310321328436e-06,2.130104743303908e-06,1
0.01506351116533597,0.9843054185325376,1.8471264157285092e-06,4.641450948633509e-08,0.0006257489955431826,1.4357251449500527e-06,1.992040513055214e-06,1
0.06365712748995558,0.936329342565996,3.3482598304626998e-06,7.20106350038868e-08,5.478139749967657e-06,2.602518587513968e-06,2.029015245361193e-06,1
0.08221421982710367,0.9177722583622964,3.906401109172786e-06,1.8442864801834836e-30,4.929764881841472e-06,2.4952072799144454e-06,2.190437328838401e-06,1
0.17378777808804208,0.8261963893733865,4.809479178177724e-06,8.80080126638023e-08,5.177736021174212e-06,3.065895175019487e-06,2.6914201844980555e-06,1
0.07615702003623223,0.9238287369935392,4.073875616758967e-06,8.149145026490316e-08,4.976608235348632e-06,2.846486045791147e-06,2.264508880456123e-06,1
0.21491758010304957,0.7850508952835695,8.460318716841012e-06,1.52680720649926e-07,1.2891822400951752e-05,5.2853345009013085e-06,4.734457041650001e-06,1
0.4426753663061516,0.557290889342597,8.314865429282962e-06,1.7338791865036596e-07,1.4287123975712616e-05,5.848965311111681e-06,5.120008616797624e-06,0
0.768088543196371,0.2318817536451767,8.296446262521306e-06,1.8797791289546723e-07,1.1390754511774217e-05,5.164415918046571e-06,4.663563847065651e-06,0
0.6157571254773379,0.384194454708909,1.1889127392739857e-05,2.9447254913413656e-07,1.8879520291482197e-05,9.353827170108116e-06,8.002866349678573e-06,1
0.11883189127281076,0.8810429444501038,7.658721853023089e-06,1.4854269283255303e-07,0.00010786075445676646,5.052666516921567e-06,4.443591565713115e-06,1
0.14830825612119503,0.8516596504176424,6.404394638998908e-06,1.3517217694919395e-07,1.691240647940244e-05,4.597869605477591e-06,4.043618261906768e-06,1
0.24464284132361463,0.753980340892126,1.036846182882934e-05,2.3492490071614598e-07,0.0013450369892103859,7.428863136382925e-06,1.3748545182980127e-05,0
0.4069869556840341,0.5907932367144728,1.1981437687920898e-05,2.7147113098735375e-07,0.0021881582956018784,7.492596795640128e-06,1.1903800276427745e-05,0
0.3878053206756813,0.6101869924146425,1.0874116130290256e-05,2.463818350742493e-07,0.0019828246496712103,6.8001328217373175e-06,6.9416292180155435e-06,0
0.22101700966695556,0.7773193770583525,9.583143260330849e-06,1.9596960271866774e-07,0.0016403564881902067,6.820142956669582e-06,6.65753068194393e-06,1
0.1479915217064827,0.8507913162413677,1.1027783622093524e-05,1.5734576085696117e-07,0.0011952243786085505,5.4071527500805134e-06,5.345391407885142e-06,1
0.06972707184711682,0.9292505351621425,1.0883545771594373e-05,1.099825509439604e-07,0.0010038772135492918,3.7837490909190323e-06,3.7384997777678987e-06,1
0.19687447574211064,0.7941551233089095,2.5784959152384594e-05,2.2111485010487736e-07,0.008903246055422873,3.5625260995347735e-05,5.52355855934458e-06,1
0.07603402885032644,0.9237856078910714,3.2223171981566486e-05,1.3275390940776466e-07,0.00012225904000152965,2.0538311596110146e-05,5.209981113598021e-06,0
0.08299103769049719,0.9168572710379679,3.261009752358907e-05,1.3434797588832723e-07,9.359522500976718e-05,2.0784929072226395e-05,4.566671953524044e-06,0
0.105994889726425,0.8938671878841848,2.4132842339589436e-05,1.3708431102701927e-07,8.073949384633091e-05,2.7443685315401424e-05,5.4692835778411566e-06,0
0.15448906811407773,0.842111910029175,3.2899155493725925e-05,1.691817905711108e-07,0.003328382692779019,3.082086685405369e-05,6.749959829837143e-06,0
0.2002976473181253,0.7958090872095981,5.615647256851376e-05,1.9913863056964636e-07,0.0037867168561524127,4.317075702785419e-05,7.022247897536176e-06,0
0.37772346836387954,0.6189819561041899,5.012373569477496e-05,2.7963270589683726e-07,0.0031793516023701043,5.76986298177052e-05,7.121931342095293e-06,0
0.3861896776681645,0.6111053219394708,4.599113227275445e-05,2.607225186316115e-07,0.002576664238645491,6.033274307991828e-05,2.1751555847852127e-05,1
0.18439476893388457,0.8145988033119878,4.7954330430031e-05,1.8551962124684235e-07,0.0009043625927058156,3.948263209637194e-05,1.4442679274120447e-05,1
0.15778707820787546,0.8409124702297837,5.451620326977129e-05,1.7145473256012891e-07,0.0011952215853056024,3.925018990786543e-05,1.129212912527007e-05,1
0.14853951026006987,0.8498907980204982,3.770330703508212e-05,1.8516702579048563e-07,0.0014722139355947735,4.1430532258183574e-05,1.8158777518194252e-05,1
0.12996735061265746,0.8678264262268514,4.4050496355728823e-05,2.3270785850334725e-07,0.0020919019068758684,4.8822319912273567e-05,2.121572948880621e-05,1
0.17949470767650777,0.8185618251085239,2.8968884040746336e-05,1.6497367402367498e-07,0.0018490891664646163,3.738103648315966e-05,2.7863154305631e-05,0
0.10864358736065977,0.8859711189318921,2.752035639342706e-05,1.6117530389029542e-07,0.0053121057912542,3.625420610900162e-05,9.25217838762836e-06,1
0.09579002496604326,0.8945415420168591,3.2125765654211834e-05,1.5726256797092866e-07,0.009582678484065845,3.610674282400805e-05,1.7364761985568242e-05,1
0.07603573057240351,0.9237073651683837,2.8200449271028943e-05,1.4950661242084836e-07,0.00018370312789546385,3.248100336094125e-05,1.2370172072970666e-05,1
0.05810956690772856,0.9417054211755919,2.4534507433538547e-05,1.0658785124198803e-07,0.00011669811156473338,3.1903527368411774e-05,1.1769182461565976e-05,1
0.11223760526220806,0.8875235848880427,2.0282914653212338e-05,1.1878994746033025e-07,0.00017883141471473023,3.418740699437811e-05,5.3893234395152775e-06,1
0.395664870471299,0.5946967609812739,2.1335518897871037e-05,2.4610477801205665e-07,0.00956237531302132,4.956445896258986e-05,4.847151767345519e-06,0
0.09748923081984644,0.882195422265571,2.5421155289435857e-05,1.6737245718629994e-07,0.020228307409525664,5.78586083251525e-05,3.592368985185449e-06,1
0.2970611856281201,0.7027147948985243,1.3409806019637827e-05,1.1294496007338029e-07,0.00015525770092407476,5.281485017134123e-05,2.4241712804759275e-06,1
0.23128361350751,0.7685011657234602,1.5779717254315795e-05,1.1321402467043651e-07,0.00016283854286947954,3.429385477849177e-05,2.1954401029702857e-06,0
0.23943548948288748,0.7603623957441572,1.9488689429664234e-05,1.4725302900673659e-07,0.00014659944547399954,3.3454279083615594e-05,2.4251059392794247e-06,1
0.2617974121337908,0.7380212150316083,2.0454940718026942e-05,8.730080766181332e-08,0.00012793434761501954,3.084985993833139e-05,2.0463855219274036e-06,1
0.04303430422323019,0.9567426520513859,3.132200346014678e-05,1.278709502681605e-07,0.0001510179146579259,3.8282073036527364e-05,2.2938632792339404e-06,1
0.03941337580037591,0.9604242511148382,2.9218855383715072e-05,1.4405649633900964e-07,9.514270569607538e-05,3.571158394341961e-05,2.1558832665464007e-06,1
0.011963384910052194,0.987857841861963,3.653353328158977e-05,1.2621468323468439e-07,9.942858622935342e-05,4.05763527568509e-05,2.1085410335496713e-06,1
0.01050999726608484,0.9826349698487695,4.911476500132123e-05,2.0249793755880654e-07,0.006755486829175742,4.658748687718652e-05,3.6413061537615643e-06,1
0.007501394794969914,0.9870718028834141,4.4296905364310144e-05,1.8270119038055794e-07,0.00533687645935325,4.216093351238007e-05,3.285322195635155e-06,1
0.007667835313801678,0.9870242826452619,4.4272120795791425e-05,1.826923946637193e-07,0.005218108351020447,3.912371901657639e-05,6.195157709134691e-06,1
0.061347511747836654,0.9359825528142764,4.164232805912605e-05,1.901059575510329e-07,0.0025880629789520044,3.7326361919401825e-05,2.7136629987302925e-06,1
0.17137524008662622,0.8264667786045672,8.891027427628295e-05,8.163872945532367e-07,0.0019557019210366742,0.00010630953637077145,6.243189828468595e-06,0
0.4508993865322566,0.5473175537514852,2.8540418256127955e-05,1.513340611610814e-07,0.0017259776470991731,2.534361411753121e-05,3.046702724542032e-06,0
0.20065312759172224,0.7970037254546336,3.520602112730184e-05,3.748738441411857e-07,0.0022647646257491073,4.0320726929882554e-05,2.4807059937949208e-06,1
0.9593081654705399,0.02364104753529832,1.2075397679561669e-05,1.5677261386419923e-07,8.242548869556369e-06,6.901405251649893e-06,0.017023410869747114,0
0.9075716920434431,0.09152718423295317,1.2522141995936632e-05,1.62572611186492e-07,7.622362337710901e-06,7.156731299950012e-06,0.000873659915358709,0
0.8727022913382682,0.12631401301216413,1.006382044725301e-05,2.217477555271227e-07,8.670529520305807e-06,6.8130890922641335e-06,0.0009579264627526232,0
0.790366244956794,0.209233080744383,1.2268171318712326e-05,1.991896345007535e-07,7.598334495484109e-06,6.715707571970503e-06,0.00037389289580236844,0
0.7927969155055928,0.20711720156364236,1.2305900514388748e-05,1.9980221680838164e-07,7.632659841408984e-06,6.736360873795692e-06,5.900820731852458e-05,0
0.7984176454600596,0.20113925327021745,1.5078620595136922e-05,2.5537039433287245e-07,8.71146624647991e-06,7.904844630784732e-06,0.0004111509678564574,0
0.8063082275311989,0.19320931535331742,1.5124360422920262e-05,2.3301993109834168e-07,8.216851394470284e-06,8.038102411549867e-06,0.00045084478132377455,0
0.6764528116102765,0.3234913865916115,1.0143747463721254e-05,1.8952616075328662e-07,8.500880157637718e-06,6.423947363764107e-06,3.0543696966197296e-05,0
0.6712872370445339,0.32867178237900696,1.1418554109688244e-05,2.2577336546660456e-07,1.3530365183979772e-05,7.767320897778348e-06,8.038562902432614e-06,0
0.1825885524156141,0.8173699022865443,1.5075109548629745e-05,1.7619419162038895e-07,1.0558408022851959e-05,5.972063214237392e-06,9.763522864234656e-06,1
0.15130148296431212,0.848664512529372,1.3054633039767406e-05,1.638848707790925e-07,9.660412747506965e-06,5.55484150271279e-06,5.570734154905534e-06,1
0.11295202881589836,0.8870095271931835,1.4987168105287905e-05,1.8814547301311246e-07,1.049613351284207e-05,6.377149257722066e-06,6.3953945695072346e-06,1
0.1482463737092074,0.8517134097372272,1.2994537575782711e-05,2.08382817176615e-07,1.2867246216698472e-05,7.063089568927702e-06,7.083297386895208e-06,1
0.13246732872625566,0.8674966573030443,1.1647464731316052e-05,1.8678090694048483e-07,1.153336897324167e-05,6.297345512901108e-06,6.3490105757238265e-06,1
0.06985477215833599,0.9301128534742754,1.0331915662019169e-05,1.5025751856492091e-07,1.1718723504146068e-05,5.065954148171905e-06,5.107516555504663e-06,1
0.09691983431621372,0.9016568906031116,9.057726633300986e-06,1.6603566908607724e-07,0.0014025929475689496,5.705779550847822e-06,5.752591252435929e-06,1
0.11512819560120438,0.8832485121267284,9.06774879982e-06,1.4478771660538516e-07,0.0016040877178494421,4.97559829865636e-06,5.016419403065201e-06,1
0.07853018126745573,0.9199182107345193,8.149293464009032e-06,1.3012243927891777e-07,0.001534348637226018,4.471629242263485e-06,4.508315653267638e-06,1
0.11906153878915798,0.8801418455132416,1.0214362887654566e-05,2.4353076504740947e-07,0.0007583605049578349,2.244347418704356e-05,5.353824802805057e-06,1
0.18663015034127742,0.8123317230816878,8.141680658567434e-06,2.0559695782206299e-07,0.0010043913300309478,1.7486108579230312e-05,7.901860808179448e-06,1
0.09351731956010183,0.9059948985151506,5.233471061616381e-06,1.2481290086498097e-07,0.0004608944928846904,1.1325404333984043e-05,1.020374356638183e-05,1
0.09155383205291097,0.9077591775611292,5.505317415143604e-06,1.2169310994194656e-07,0.0006650792358039347,1.113688099886453e-05,5.147258632006721e-06,1
0.10902500197830367,0.890020850175474,7.663728008506624e-06,1.6962940800439365e-07,0.0009270615000245715,1.5523824904745897e-05,3.729163876614373e-06,1
0.03193377226670124,0.9659847249536254,3.464255389478464e-06,7.9848571829102e-08,0.0020733695379732547,2.469930278960357e-06,2.1192074596455293e-06,1
0.03793367289342284,0.9592769738013833,3.542026905349808e-06,8.164114881120638e-08,0.0027810374746068604,2.525379488182832e-06,2.166783044598954e-06,1
0.02957237046482567,0.9677777164135625,3.3651992225222237e-06,7.756539909121916e-08,0.0026422004681039856,2.39930562847239e-06,1.8705832580053678e-06,1
0.014482600364674974,0.9850978028514794,1.8282791161765327e-06,3.450182589541663e-08,0.00041434121272180885,1.421075610597253e-06,1.971714571122097e-06,1
0.016095063541025228,0.9834176852439991,2.3170240797775206e-06,4.3725031199367974e-08,0.00048168540533751494,1.8009648416398854e-06,1.4040956854557829e-06,1
0.04054413083037238,0.9588724502227763,2.8822997966444426e-06,7.926867315376946e-08,0.0005760014497564044,2.2403395122768258e-06,2.2155891128426664e-06,1
0.05661542622227108,0.943370623370709,3.451987445312883e-06,7.555275681399652e-08,5.647850106646171e-06,2.6831434671096438e-06,2.0918732440090774e-06,1
0.11757409320701631,0.8824090857114127,4.240262709395322e-06,9.280553373546957e-08,6.36431411613819e-06,3.2958501059992933e-06,2.8278491057031635e-06,1
0.12622443897206403,0.873759251030497,4.8110644524940665e-06,8.803702138531637e-08,5.65168291071555e-06,3.0669057386787725e-06,2.6923073157517528e-06,1
0.1804436875169243,0.8195368291538008,5.2601376049965015e-06,1.0522074858170166e-07,7.234631397942155e-06,3.6655274403356905e-06,3.2178120831180283e-06,1
0.19164098660450238,0.8083390606447812,5.532536631499456e-06,1.1066966106915107e-07,6.980531463813951e-06,3.944564764797863e-06,3.384448195085555e-06,1
0.045152323796742895,0.9548384356146166,2.731553740969693e-06,5.464042027017844e-08,3.0274471140391236e-06,1.908582965815883e-06,1.518364399350534e-06,1
0.3065142869196603,0.6934537573306766,7.874140360838645e-06,1.6419758322467408e-07,1.3529842484434003e-05,5.538943981362942e-06,4.84862525319841e-06,1
0.41096736722589333,0.5889759094319613,1.563610937821656e-05,3.542773753625386e-07,2.1371527764002306e-05,9.733248382981556e-06,9.628179244815835e-06,0
0.513745546634381,0.48621224478285424,1.0370511055292222e-05,2.3036464074806885e-07,1.6468010429511427e-05,8.159048588892644e-06,6.980648050255419e-06,1
0.13936492775274764,0.8605074677464947,8.157869347519489e-06,1.526080210790339e-07,0.00010953787095910763,5.190948296520408e-06,4.565204133544246e-06,1
0.1912438457299378,0.8086205020075455,6.790711726981599e-06,1.43325847158289e-07,0.00011965313168870907,4.8752159741876035e-06,4.189877279657351e-06,1
0.3873633193139678,0.6106275442368908,1.0881967185353855e-05,2.4655972147261606e-07,0.0019842562387143575,6.805042482125672e-06,6.946641038063145e-06,0
0.2831042164383166,0.7151577735031424,7.632704197792712e-06,1.890485136262703e-07,0.0017190151673877497,5.338477300417981e-06,5.834661141421353e-06,0
0.19387812178992764,0.8049577082695345,9.58376172124844e-06,1.959822498780626e-07,0.00114091165312838,6.8205831036815276e-06,6.6579603345560855e-06,1
0.06875922226457004,0.9300588770435042,1.0202359681666641e-05,1.0309889506470379e-07,0.0011645437916422432,3.546929464061969e-06,3.50451224289117e-06,1
0.09588368340301823,0.8982105645997586,1.6531715333828892e-05,1.3429480006928027e-07,0.0058633470762418805,1.8796089912053667e-05,6.942820935368249e-06,1
0.10422742911248999,0.8902413395107479,1.5824079260570437e-05,1.3212892204965854e-07,0.005488410330912858,2.003398907306008e-05,6.830848593547672e-06,1
0.3160128845471668,0.6750905993984474,1.7834299610460403e-05,2.2009424427121682e-07,0.008838490753057114,3.4176083680814935e-05,5.794823793155013e-06,1
0.32787843543574763,0.662290876224356,1.8503936197884185e-05,2.2835827268077371e-07,0.009769526879713292,3.641675972583152e-05,6.0124059866993245e-06,1
0.18327995362760027,0.8107830931694365,1.567546999433409e-05,1.6200757534128829e-07,0.005890742568709135,2.5615339956237427e-05,4.7578167283467805e-06,1
0.06743419024764785,0.932370354078682,2.1392416072955397e-05,1.1893967767513495e-07,0.00015207038218570623,1.7206099757251306e-05,4.66783597642696e-06,1
0.07003210000362355,0.9297406941809361,2.6901683796732398e-05,1.2825700726956234e-07,0.00017376316814823759,2.137920812594087e-05,5.0334983620598394e-06,0
0.16200690163184464,0.8349709087718835,3.263558980292868e-05,1.6690972394761994e-07,0.0029497666171488498,3.3163661011358945e-05,6.456818584603423e-06,0
0.40847284869917183,0.5879007323730496,4.583059674243648e-05,2.5898349377661965e-07,0.0035172548906142347,5.614437265171905e-05,6.930084276418245e-06,1
0.17998934247760684,0.8191099878369242,3.3269084095635996e-05,1.740358597224807e-07,0.0008120102906558285,4.0600632552521936e-05,1.4615642305142717e-05,1
0.1580154286850554,0.8410580110543764,3.920945995776034e-05,1.8179632781915375e-07,0.000832854910679218,3.697972636415809e-05,1.7334367239320514e-05,1
0.1461700592501476,0.8526068316783426,5.5788245093440764e-05,1.738391110603981e-07,0.0011152157706241861,4.048205071304655e-05,1.1449165968211195e-05,1
0.2759532384627394,0.718666594366028,3.7404514318060535e-05,3.215258937877977e-07,0.005234950139807254,7.303240669662282e-05,3.445858451700821e-05,0
0.28428919751732196,0.710930806750209,3.448553816865378e-05,2.980225340434003e-07,0.004617485115009383,6.62902613405406e-05,6.143679541644136e-05,0
0.1868490465804633,0.810947292932081,3.2336855888036696e-05,1.7653003151926782e-07,0.0020998348374441814,4.149730399658301e-05,2.9814960095350694e-05,0
0.12654913657544123,0.866006395523602,3.557177709091138e-05,1.6282886845628808e-07,0.007357107195584551,3.605372867520439e-05,1.5572370737326227e-05,1
0.0822075964290923,0.9175511903667651,2.076411418963612e-05,1.203572850758006e-07,0.00018119095109893292,3.463848227560573e-05,4.499299293121115e-06,1
0.4538114694665816,0.538824632880101,1.863151712545888e-05,2.287145050424445e-07,0.007296201318433341,4.4386981340863475e-05,4.449121912679396e-06,0
0.4486619240934568,0.5416295781846235,2.2350793569806196e-05,2.4241002015502914e-07,0.009598429753427373,8.203034882653458e-05,5.444416075751678e-06,0
0.18062546735073157,0.8191416457973681,1.702942726083279e-05,1.1210105947700084e-07,0.00017531518906947993,3.810083828505438e-05,2.32929622548843e-06,1
0.20054085555825,0.7992228729724778,1.5480177965204006e-05,1.2536616356198044e-07,0.00018005839800103206,3.7974880054360345e-05,2.6326470878156722e-06,1
0.034204000294040096,0.965629826730455,3.351080979862604e-05,1.014599668031904e-07,0.00010020348213444077,3.0444963494752886e-05,1.9122601101963103e-06,1
0.03543943286058968,0.9644051350327009,2.664522698223778e-05,1.0338572175622709e-07,9.130209443705018e-05,3.44852977401686e-05,2.8961018283793708e-06,1
0.011009745582549137,0.9888001996661202,4.0886854230476585e-05,1.1571523871054127e-07,0.00010824670990333534,3.887233452302036e-05,1.93313743516271e-06,1
0.010093065968628552,0.9897060110220353,4.7256966893884764e-05,1.4937782728535075e-07,0.00011292023115465496,3.83969523070349e-05,2.1994811533101945e-06,1
0.012262444692353474,0.9875331728439062,4.2142233957805586e-05,1.501131124800339e-07,0.00011845570417492107,4.1424104795795565e-05,2.2103076993739844e-06,1
0.051590632191610745,0.9448802678043354,4.0672134203390005e-05,1.492570484282404e-07,0.0034465062297021304,3.93967782109501e-05,2.375604888774265e-06,1
0.05787173813552913,0.9389333690131727,4.568164092745428e-05,1.8692128513324436e-07,0.0031097505992321683,3.6605486385813034e-05,2.6682034675585264e-06,1
0.09041330555050578,0.90469224184959,5.744871667017034e-05,2.622654352358494e-07,0.004781962626890045,5.1035289151062606e-05,3.7437017577651056e-06,1
0.07971203240280289,0.9170758980708668,0.00010319090688091245,6.491137115358531e-07,0.0029563491481169324,0.00014559285850485935,6.287499116150466e-06,1
0.17452082766776675,0.8220842937023705,9.276192869465441e-05,9.225335546070495e-07,0.00319458531673869,0.00010095679719771271,5.652053677104915e-06,0
0.912844340831711,0.0848147274939972,1.0513850780207045e-05,1.3578047741085156e-07,6.0865326189231436e-06,6.0992742386057574e-06,0.0023180962361764807,0
0.920553929994083,0.07741333715778488,1.2599962930224745e-05,1.6358294572001641e-07,8.078762870054196e-06,7.201207997019237e-06,0.002004689331389296,0
0.8882489677920516,0.11047117569088748,8.469919869014183e-06,1.3567963539272914e-07,7.606385654168645e-06,5.972855367790459e-06,0.001257671676534306,0
0.8746260218797519,0.1237250603891047,9.857550741116736e-06,1.5790809253260553e-07,8.492816932370324e-06,6.951391012887897e-06,0.0016234580643646685,0
0.6416323383429485,0.35720313959992295,1.866618927681554e-05,2.423396199003265e-07,1.0847586273394711e-05,8.170515621619455e-06,0.0011265954263368527,0
0.7007110710016754,0.29925672141199283,8.800806689004907e-06,1.7401395359783366e-07,1.1050441505381833e-05,5.986632725663166e-06,6.195691458140946e-06,0
0.09188559026746022,0.908087457507945,1.003136999631375e-05,1.2707662160788897e-07,7.434708837329814e-06,4.371839417790072e-06,4.987229721783779e-06,1
0.09032888355047033,0.9096314754444448,1.2497805264174241e-05,1.8175614938531456e-07,1.1218007169807401e-05,6.127935079245006e-06,9.615501422376927e-06,1
0.07652406865538405,0.9234445020078257,1.0030319763013789e-05,1.458713957125545e-07,1.1376645706954906e-05,4.918075376643166e-06,4.9584245480171324e-06,1
0.11961420016459812,0.8789605588100422,9.070217522795338e-06,1.6946828678855456e-07,0.0014045271672934903,5.713648000044195e-06,5.760524256438961e-06,1
0.12564759279325613,0.8661042589348942,7.036036595689827e-06,1.8026310288951544e-07,0.008222562670860613,1.3951671095094103e-05,4.41763019540737e-06,1
0.14506625600203643,0.8525785384930316,6.486442083097244e-06,1.396395096639229e-07,0.0023336946819895784,1.0752001002795692e-05,4.1327403467497155e-06,1
0.1491856198253421,0.8492541479132745,9.37976181833644e-06,2.264275275547633e-07,0.0015278460695484805,1.5791701596961692e-05,6.988300891820952e-06,1
0.1786148153411603,0.8185868060962397,8.574834313407765e-06,1.9967059218766586e-07,0.0027697938144471226,1.3647749699963725e-05,6.1624935471593865e-06,1
0.2003562868412174,0.7983602328825137,8.740478976277944e-06,2.2071805107456005e-07,0.0012464111944928285,1.8772163982242003e-05,9.33572076656764e-06,1
0.15816942266884582,0.8408364700408665,7.114502602650636e-06,1.796582490597823e-07,0.000966728370696803,1.3179819618672918e-05,6.904939120452744e-06,1
0.07866077317155788,0.9205233082618501,5.4262680113312205e-06,1.0251427737595937e-07,0.0008036882343755109,3.6038291487845223e-06,3.0977207791282426e-06,1
0.06263319053561657,0.9366977861389809,5.680822361512425e-06,1.2557258520618242e-07,0.000646087576848015,1.0658211974933903e-05,6.471141632880379e-06,1
0.10660743336444209,0.8924337516640175,7.684504848415342e-06,1.7008928380504918e-07,0.0009295748210023212,1.5565910952744845e-05,5.8196454531091095e-06,1
0.2620393699280264,0.7369131343860357,1.3446587260556749e-05,2.976275559565602e-07,0.000993682480286052,3.409597294403251e-05,5.973017891384961e-06,1
0.04046308365316282,0.9575880052883627,3.4568493878692233e-06,8.041083823001033e-08,0.0019338983062832417,6.715445428576781e-06,4.760046536778319e-06,1
0.044880478616935754,0.9528419022417235,4.6773728672671265e-06,1.0781004902173167e-07,0.002266965829094519,3.268159818838607e-06,2.5999695109880443e-06,1
0.013478297604014053,0.9856040317890467,1.5398432588611035e-06,3.869311214289016e-08,0.0009139620578118395,1.196881635822841e-06,9.33131120610818e-07,1
0.06926988525916643,0.9307118657040095,4.164871359468833e-06,1.046547001750229e-07,6.814210516229608e-06,3.2372502961110795e-06,3.928049951881846e-06,1
0.1407284576058352,0.8592503944438414,5.126095479174846e-06,1.1219352656374448e-07,8.50666084441563e-06,3.98438575302571e-06,3.418614720360281e-06,1
0.08271442036118648,0.9172709402613759,4.358792047651804e-06,9.034421668666433e-08,4.830954708097961e-06,3.045561992395106e-06,2.313724472820665e-06,1
0.1088162082493286,0.89116213645846,6.784648858030968e-06,1.2268610920865012e-07,6.696585504591958e-06,4.247013788129762e-06,3.8043579515670564e-06,1
0.2519888012340318,0.7479834053626268,8.191146375233108e-06,1.8559206570087e-07,8.610901200174069e-06,5.7619370288603906e-06,5.043826671559344e-06,1
0.6922606551717353,0.3076919208695462,1.1909357822900864e-05,2.949736209237474e-07,1.8911645510105335e-05,8.291497810822e-06,8.016483953681531e-06,1
0.49047686736210744,0.5094825711043655,1.0001053578739027e-05,2.5678456906086096e-07,1.588132482214841e-05,7.690413492489446e-06,6.7319570648639865e-06,1
0.3419431707371954,0.6580166657035955,1.0622845363959646e-05,2.1586210268045204e-07,1.5158732656836837e-05,7.47247860684398e-06,6.693640478709234e-06,1
0.1406068757835278,0.859265703856663,8.14609705273599e-06,1.5238779855107504e-07,0.00010937980124115124,5.183457446771616e-06,4.558616270155226e-06,1
0.17045888220819852,0.828453345649093,6.781196050205388e-06,1.480946475094345e-07,0.0010714761410045123,5.037426295009499e-06,4.329284711314949e-06,1
0.2548178169746328,0.7438856626121648,8.07941674935959e-06,1.897968976921574e-07,0.0012770912859895178,6.001812376495363e-06,5.15810118899084e-06,0
0.42542273526641705,0.5727697460272049,1.0207304992801779e-05,2.3127346674951516e-07,0.0017841810237892533,6.383142213249642e-06,6.515961916008844e-06,0
0.0961242326741613,0.9037604299188724,9.0118871520625e-06,1.2858270431217944e-07,9.74099752080047e-05,4.4187165859933054e-06,4.368245315854353e-06,1
0.09229386802848087,0.9067515685180957,8.581242548021725e-06,1.2957100999934477e-07,0.0009369072735160005,4.543546053847475e-06,4.401820295566327e-06,1
0.07195452570021024,0.9267458527730384,1.3325684490942139e-05,1.1269271465817506e-07,0.0012777235192221272,3.951690574806047e-06,4.507939748603049e-06,1
0.07284681601822175,0.9249350306597371,1.1070720499944362e-05,1.225987738409374e-07,0.0021954101340689387,4.133435536751125e-06,7.416433161593717e-06,1
0.12940506993897774,0.8648101914103661,1.5839737593451335e-05,1.557626772212386e-07,0.005738823131683688,2.0504280844058647e-05,9.41573785760556e-06,1
0.12769592878647698,0.8665310138049297,1.929018143398593e-05,1.537054131450471e-07,0.005724955354777411,2.023346680091846e-05,8.424700167878077e-06,1
0.12856953074033442,0.8630389081766467,3.379409068216015e-05,1.611155730401625e-07,0.008321433943050868,3.069533284454713e-05,5.4766008683732175e-06,1
0.13230575014465343,0.860192258408705,2.3416426406206057e-05,1.465955278954659e-07,0.0074484369394413235,2.4238219523618512e-05,5.753265742748259e-06,0
0.1709477654125198,0.8243895730689136,2.6728168106539474e-05,1.8390930445926923e-07,0.0045939894307700764,3.681826015907221e-05,4.941750226344838e-06,0
0.4024461993601631,0.5930037117918633,2.5566349782236015e-05,2.5627067209075906e-07,0.004460296587033794,5.555626694101305e-05,8.41337354456989e-06,0
0.25019273370519796,0.7489424285213134,5.425027834047249e-05,2.072798271319823e-07,0.0007598324559898693,4.0794876844983005e-05,9.752882486026292e-06,1
0.18832086774002346,0.8107545500432961,4.666697255634675e-05,1.915983499320749e-07,0.0008331711542623843,3.6162903232397916e-05,8.389588279423009e-06,1
0.1346883553031101,0.8641795615186209,5.739052456959451e-05,1.6728176942763576e-07,0.0010265036230514624,4.1169573665638e-05,6.852175212953539e-06,1
0.26173802957381337,0.7353251847810248,4.276941550448647e-05,2.4093183721669625e-07,0.0028265371431309447,5.011584035100861e-05,1.7122314337969692e-05,1
0.15227984252357255,0.8440539421085191,4.414664053139782e-05,1.5870130869703698e-07,0.003568985389014855,3.550891235261384e-05,1.7415724700739067e-05,0
0.0793626563555909,0.920392443427412,2.2812629455175884e-05,1.2757835134168783e-07,0.00018420077958812187,3.043574787306605e-05,7.3234817294012196e-06,1
0.07684791657290949,0.9229310131391529,2.2289225206088684e-05,1.3618599153035615e-07,0.00016293576900585025,3.129572403683491e-05,4.413383697361137e-06,1
0.06783128454422895,0.9319021172249251,2.9259384585530874e-05,1.2474871268235313e-07,0.0001990026862679904,3.1710618813424086e-05,6.500792466535785e-06,1
0.1302198991847209,0.8695484241691919,2.038473448632123e-05,1.1655881031205341e-07,0.00017547256641839459,2.96287787158431e-05,6.074007656610934e-06,0
0.10603128028773222,0.8656142329711722,2.525197083865917e-05,1.6323695171538616e-07,0.028242044730399676,8.27301805745359e-05,4.296622330777016e-06,1
0.2683902952283142,0.7313460956777411,1.7455993436922984e-05,1.1754677171422464e-07,0.00016158349620505898,8.192911619815053e-05,2.5229413328151104e-06,1
0.1754746145259056,0.8242838474650406,1.7609034936019898e-05,1.1591649222610545e-07,0.00018128215599121891,4.0083285118231165e-05,2.447616516113658e-06,1
0.230417529565792,0.715872170842926,3.050093215894818e-05,3.210579694113782e-07,0.053574160914491936,9.966537849381244e-05,5.651308168221596e-06,1
0.1410775065397538,0.8393374320480806,3.6459129047999884e-05,2.92658672799298e-07,0.019466419044679575,7.883808233822148e-05,3.0524974267899956e-06,1
0.053990114020575984,0.9457447038868975,3.2431643765377935e-05,1.366981862951779e-07,0.0001878272629113196,4.221007750903884e-05,2.5764101549088357e-06,1
0.046830166557904535,0.9529363747405577,3.169513271411452e-05,1.2364085021589501e-07,0.00015824156222745767,4.106805288153621e-05,2.3303128643560592e-06,1
0.04205927926193424,0.957712785524992,3.274125902349119e-05,1.159142603700967e-07,0.0001543917337840124,3.850161953990919e-05,2.1846864659300807e-06,1
0.041271350452345715,0.9585175588736236,3.212789184983736e-05,9.286068273511137e-08,0.00014093309180325357,3.577699746039099e-05,2.1598322346702448e-06,1
0.029855154206686555,0.969978417173056,3.075203318726697e-05,1.0205915383958346e-07,9.750202770423913e-05,3.605141415591209e-05,2.021086056262096e-06,1
0.011576437820669997,0.9882147928777419,4.752235921450831e-05,1.5021672429543567e-07,0.00011853746525729082,4.0347427083223975e-05,2.2118333088930004e-06,1
0.015081518499192731,0.9750377184074072,5.3721455553164225e-05,2.206456135180739e-07,0.00976508609740606,5.848601021051629e-05,3.248884616806851e-06,1
0.007214252495188227,0.984649574076047,4.7380687921114825e-05,1.9253689148794903e-07,0.008039162953924766,4.2908262273036754e-05,6.5289877544709485e-06,1
0.05525539096481748,0.9416885125991523,4.3616400866509357e-05,1.784706840063378e-07,0.002969160607570505,4.059338134776129e-05,2.5475755614658996e-06,1
0.17257523006300646,0.8258320375337532,3.512172618159488e-05,4.115029606164643e-07,0.0015093507966986695,4.5387490106397074e-05,2.460887292812715e-06,1
0.8629545508515529,0.13616928553580512,1.3507906646203134e-05,1.7537060798777146e-07,8.234229134323378e-06,7.720121551333188e-06,0.0008465259847020437,1
0.8543180522650075,0.14429701553103033,1.0595350331219324e-05,1.693110798130183e-07,8.888997393600475e-06,7.45337050000488e-06,0.0013578251746573875,1
0.7729365373223315,0.22533327818603027,1.5586230380397698e-05,2.879930288153192e-07,9.471903261652546e-06,1.122229348765163e-05,0.001693616071479872,0
0.7370202567732905,0.2613230057519602,1.6812031691752336e-05,2.3868213312317714e-07,9.060545884321113e-06,8.233422011620062e-06,0.0016223927930284175,0
0.7513118265665215,0.24639743687130083,1.725640133818682e-05,2.449908944347685e-07,9.300031012884984e-06,8.45104489595262e-06,0.0022554840940362535,0
0.7323813141585425,0.2662623261588169,1.5868245921904522e-05,2.2357025398532738e-07,1.0151344738005637e-05,7.712132559818896e-06,0.0013224043891668401,0
0.5995689110084307,0.39843691644132895,1.6682623060946285e-05,2.1658735329291904e-07,9.597110393069394e-06,7.451292901400414e-06,0.0019602249365316725,0
0.6664257461916884,0.3335325494330638,1.659385432404852e-05,1.9394490892823913e-07,1.1437531666242482e-05,6.5737198573175135e-06,6.905324491239961e-06,0
0.22907545633824472,0.7708883222040656,1.3796719765319137e-05,1.732008574294604e-07,1.0214190732909529e-05,5.870604812883969e-06,6.166741521191178e-06,0
0.1150418471043255,0.8849190715021954,1.3640538085377036e-05,1.7279728466205777e-07,1.0300624611247296e-05,5.825885648766196e-06,9.141547848972725e-06,1
0.0771788835017681,0.9227862935114918,1.1835763122073794e-05,1.4993453459069614e-07,9.85019163056016e-06,5.0550646963851035e-06,7.932032756503515e-06,1
0.08513630158130028,0.9148359740187038,8.849384288582714e-06,1.286969974907805e-07,1.003264403921894e-05,4.3390380363162616e-06,4.374636634531523e-06,1
0.12945113566320338,0.8705024082460138,8.601382976309712e-06,1.60708564413592e-07,2.3773671992209542e-05,5.418312682876008e-06,8.502014566951999e-06,1
0.15440963572859462,0.8440299389636398,8.672619300138565e-06,1.8245639334090988e-07,0.0015393579349482055,6.151543906313768e-06,6.060753217480585e-06,1
0.13797734393982594,0.8600681777920398,9.108297060978961e-06,1.7615035736350832e-07,0.001928717868233094,5.962414758343582e-06,1.0513537724724176e-05,1
0.12761485548126308,0.8597080412015475,6.4715254408415626e-06,1.858555310827241e-07,0.012652751515840924,1.3175060152292701e-05,4.519360223994551e-06,1
0.125291367361915,0.8670279843920099,5.614716104718842e-06,1.4670627216489132e-07,0.0076609196178993285,1.0399819414740752e-05,3.567386384306313e-06,1
0.11107119849398435,0.8857441387297027,5.002120321544612e-06,1.0249420029661302e-07,0.0031681032802787514,8.291572178452468e-06,3.163309333782584e-06,1
0.12113171578665355,0.8764340630618316,5.3900858142252225e-06,1.284559008377821e-07,0.002414911361658886,9.98949543194194e-06,3.8017527091584947e-06,1
0.19996408201444182,0.7979951926428454,1.0463362059514114e-05,2.755613111980302e-07,0.001999919052350433,2.1562635355779776e-05,8.504731635736286e-06,1
0.15143425569469562,0.8470437962051808,9.465896679741099e-06,2.2583820517874684e-07,0.0014895356522068373,1.5750600573570384e-05,6.970112458063092e-06,1
0.18901759333570986,0.8096522407625495,8.007229258378533e-06,2.481614800665483e-07,0.0012970791321671234,1.5750312183512917e-05,9.081066651594302e-06,1
0.18901770388731823,0.8096527143076616,8.285264096328568e-06,2.1469756384452365e-07,0.0012970798907958928,1.5750321395472044e-05,8.25163116870103e-06,1
0.08699175426119085,0.911805307881122,6.4166324529630876e-06,1.1883180815408853e-07,0.0011887286195969788,4.08297876347262e-06,3.5907950654552046e-06,1
0.26129714722039704,0.7376105043903705,1.313624469097071e-05,2.9075841520691343e-07,0.0010397771737002898,3.3309049715785155e-05,5.835162710387978e-06,1
0.046201942647583254,0.9535781514810818,3.0927607497264994e-06,6.55055215033914e-08,0.00020187832080369552,6.3750044686466415e-06,8.494279791244769e-06,1
0.03984071426492013,0.9597516373121279,3.518661811339676e-06,8.162109780064943e-08,0.0003929170629978223,6.299387281975011e-06,4.8316897630477024e-06,1
0.05112178175989596,0.945124400457813,4.703053008026906e-06,1.0840195762358197e-07,0.00374159055550653,3.347074438541892e-06,4.068697380195002e-06,1
0.041918067000876434,0.9548393154531479,3.1924792186030677e-06,8.02204741998336e-08,0.003234928798466589,2.4814342157903535e-06,1.9346136002083446e-06,1
0.03479176675720275,0.9616879003559099,3.4680538189327856e-06,8.714510036092505e-08,0.003510811201912481,2.6956314573185637e-06,3.270854598092545e-06,1
0.0814800181717356,0.9185028133283466,4.391686270960198e-06,1.1035409506830968e-07,6.5915894470387815e-06,3.4135478515490155e-06,2.6613222532942766e-06,1
0.08592263786128679,0.9140596273132667,5.387507802909002e-06,1.960249756729555e-07,4.265811492374669e-06,3.8411627188212105e-06,4.044318456917788e-06,1
0.10327553492707302,0.8967070183929962,5.183660346768011e-06,1.307672769852258e-07,5.7587615708070335e-06,3.621911474787435e-06,2.7515792614076305e-06,1
0.12061378960933379,0.8793621405205843,7.556742471275347e-06,1.3664779880171952e-07,7.4088612878045705e-06,4.73032431602751e-06,4.237294207866231e-06,1
0.19624562149838642,0.8037276715257095,8.367352044906888e-06,1.5130596855481104e-07,8.25874552806305e-06,5.237744833734638e-06,4.6918275288370266e-06,1
0.4418259633408468,0.558131706465343,1.1195897772149743e-05,2.275068450766552e-07,1.597647479244035e-05,7.875583586167973e-06,7.054730814157106e-06,1
0.43180598645616175,0.566343478938155,1.0195245348535674e-05,2.5765030176495457e-07,0.0018257114577160478,7.111142235929831e-06,7.2591100809974345e-06,0
0.2638691868305127,0.7347988166281365,8.417152116368153e-06,1.9381347755978692e-07,0.0013047291739706848,6.745105391598077e-06,1.1911296394740904e-05,0
0.26311727482971803,0.7366863199937375,9.502051927693856e-06,1.9431133300390918e-07,0.000168004488147312,6.762431779229451e-06,1.194189335750809e-05,0
0.09165100819203019,0.9073120758153895,9.74635206132339e-06,1.3906213915880323e-07,0.0010174299603086356,4.8763626494673775e-06,4.724255421773624e-06,1
0.09331165010537705,0.9052851417727716,8.902076781962042e-06,1.6029012717112143e-07,0.00138439791315606,4.95114077509863e-06,4.79670101100438e-06,1
0.10582023948291674,0.8930558410120234,7.395373034812359e-06,1.4264108488972637e-07,0.001106533788426803,5.001862209536811e-06,4.845840303725131e-06,1
0.07926846161440342,0.9198287746106745,8.122449577298064e-06,1.226435436954155e-07,0.0008859688583069353,4.300627038332057e-06,4.249196455878596e-06,1
0.0687357013254909,0.9303343316287149,7.985136047758275e-06,1.2057020144812674e-07,0.0009134560545215193,4.227923074798919e-06,4.177361948626568e-06,1
0.07276235239483546,0.926353942576773,7.950972041312203e-06,1.200543478527914e-07,0.0008672646785718827,4.20983411672519e-06,4.159489313810219e-06,1
0.06523904395913158,0.9335016894096043,1.1834717008948136e-05,1.1489844224580755e-07,0.001239307124942624,4.029036771896745e-06,3.980854098519556e-06,1
0.05647722792392293,0.941541222215961,1.4666075398659126e-05,1.2402813913084923e-07,0.001958113409074441,4.349179358228861e-06,4.297168145539507e-06,1
0.09523056048630693,0.89964539410115,9.210636930064751e-06,1.3217618927851553e-07,0.005105855691586763,4.456339494757069e-06,4.3905683422520445e-06,1
0.10193544951339861,0.8937028092347361,1.8734617046930177e-05,1.422526941141651e-07,0.004313270617663103,2.2068126471919467e-05,7.5256379892378046e-06,1
0.40384892166334546,0.5928043366995385,2.5621155934735665e-05,2.5618451076007555e-07,0.003265506255664132,4.6947496140700934e-05,8.410544865602361e-06,0
0.41592704287602866,0.5815523425633179,2.2623873588276872e-05,2.4251755456550895e-07,0.002444649275682637,4.361808887763992e-05,9.480804950180305e-06,1
0.15682411314010047,0.842678847914753,4.601961029756281e-05,1.609525744756715e-07,0.00041102044405829074,3.451868184308685e-05,5.3192563733598984e-06,1
0.13812898118896338,0.8612429146398246,5.292904663689968e-05,1.5427746377891298e-07,0.0005376815285280752,3.289589441916774e-05,4.443424164122381e-06,1
0.12383015812141482,0.8755222399810957,5.043227480901407e-05,1.4548781594908695e-07,0.0005592855993269832,3.3548266517150456e-05,4.190269020107679e-06,1
0.12333547786837647,0.8755840177764507,5.166164918847726e-05,1.4549808172659653e-07,0.0009880971101854591,3.464022323383983e-05,5.959874483337259e-06,1
0.1218194896474925,0.876418294620467,5.446731115293146e-05,1.5339985103156148e-07,0.0016674149439425562,3.389653131086642e-05,6.283545783295501e-06,1
0.29343602038592836,0.6988567281921778,5.617043830555143e-05,2.6069829030266874e-07,0.007543981017989651,5.463049868048724e-05,5.220876862767466e-05,0
0.1603121968192194,0.8346900387213109,3.507427455907394e-05,1.5401955294597777e-07,0.00490661575561564,2.9907346777750944e-05,2.6013062964229208e-05,0
0.14566697713702492,0.8484509396755766,3.485067530068993e-05,1.5952804409085138e-07,0.005796122400591677,3.56938917638032e-05,1.5256691698070489e-05,0
0.059628017397856094,0.9401931445625057,1.9804820323855677e-05,1.0425982992663742e-07,0.00011855699084345193,3.06577372716834e-05,9.714231369276191e-06,1
0.06367930410119829,0.936037745843126,3.146185218357827e-05,1.3218581843963082e-07,0.00021086656840299864,3.360110105306579e-05,6.888348217935373e-06,1
0.1454848211535198,0.8542759377362419,1.9688386722641623e-05,1.1899548929868007e-07,0.00018236162143702166,3.024817267073181e-05,6.823933918974773e-06,0
0.13865632354980026,0.8610920183216088,2.024553919644383e-05,1.254234238769171e-07,0.00019221248703778525,3.188212767343491e-05,7.192551259479872e-06,0
0.10018307964805133,0.8777091915542307,2.511065532714331e-05,1.623234422916134e-07,0.021998018715640208,8.01645258088089e-05,4.272577499332231e-06,1
0.11687072673167408,0.8827933502760392,2.2930219359453137e-05,1.2829501751710354e-07,0.0002003170547729599,0.00010941970162415927,3.1277215125554747e-06,1
0.19607459698315038,0.8036860157633307,1.743342548521299e-05,1.1476049295565988e-07,0.00017973231341382554,3.968354693202593e-05,2.4232071947770634e-06,1
0.16870836337203524,0.8310534225043683,1.742112187133837e-05,1.1467950090997241e-07,0.00017934762149638962,3.897719735359012e-05,2.3535033741716167e-06,1
0.15982076974046702,0.8175256940954428,3.1616715036161794e-05,2.73281705201372e-07,0.02254271913756267,7.607663859835622e-05,2.850391187579974e-06,1
0.03891543422277857,0.9608425126608907,2.909756256251545e-05,1.2264515658477228e-07,0.00016824593812539058,4.227542389256729e-05,2.311546593552267e-06,1
0.02998522229214174,0.969849473591215,2.9081724609054513e-05,0.0,9.298381698711656e-05,4.0373785159097015e-05,2.8647898879856024e-06,1
0.02774616909988112,0.9721279518440921,3.081960710813238e-05,1.0031147460643948e-07,6.09422192912236e-05,3.234111582174386e-05,1.6758023307816607e-06,1
0.012254057183151718,0.9875944224518377,3.615012885314428e-05,1.4097340550921166e-07,7.086223445303316e-05,4.227757414337983e-05,2.0894541554163594e-06,1
0.012757471666584459,0.9870318988593851,4.303840493404667e-05,1.5330532613184248e-07,0.00012097471074106683,4.4205742277471545e-05,2.2573107512464698e-06,1
0.007507506714304165,0.9871163250903471,4.43643435740366e-05,1.8297933715159816e-07,0.005279384174214556,4.8946374408581655e-05,3.2903238147195154e-06,1
0.007158653376752774,0.9887493916881033,4.685202281963467e-05,1.9333856363555909e-07,0.003995089558177391,4.326384286896583e-05,6.556172714165668e-06,1
0.038390216131656774,0.9589108454597673,3.534412453357847e-05,1.561103099660764e-07,0.0026108837383865464,5.013316723423209e-05,2.421268111440711e-06,1
0.08750290184133408,0.9101323523016601,9.712587589219233e-05,6.109621447489514e-07,0.0021409750004550204,0.00012011606627082982,5.917952242945723e-06,1
0.09097308924500246,0.9070633371613439,0.00011284005901911014,6.162451295734488e-07,0.0016872704680611207,0.00015613916399253412,6.707657451713393e-06,1
0.08736216127140417,0.9103739407834494,0.00011353004673259488,6.233281650272914e-07,0.0019857588641227016,0.00015670904137671317,7.2766647495691156e-06,1
0.36350213443188295,0.6349072808087368,2.5139221373273134e-05,2.415774702112735e-07,0.0015291516212526373,3.4452560909492676e-05,1.599778374623776e-06,0
0.13901152437646608,0.8552986047286724,3.604989838526729e-05,2.9238736457892654e-07,0.005607932065754076,4.290173822745416e-05,2.6948051303634358e-06,1
0.07234387938661685,0.925898344069516,3.587657012140112e-05,4.2271777304475043e-07,0.0016692696627037666,4.967963868376158e-05,2.527954585244106e-06,1
0.9453689699167506,0.050395870586291254,1.0427553374565153e-05,1.353789615977576e-07,6.0685341618547165e-06,6.08123810335351e-06,0.004212446792356864,0
0.9392628327863294,0.05879124772095782,1.1746833435416596e-05,1.5250692616232574e-07,6.836316961016328e-06,6.713622202161994e-06,0.0019204702131879095,0
0.8379078841944834,0.16068289668772656,1.2756314289718131e-05,1.8103277254054688e-07,9.518062102028228e-06,7.96937995952736e-06,0.001378794328666306,1
0.7347991304694123,0.2634165080579914,1.8082159436046533e-05,2.567142665919589e-07,9.759069037458117e-06,1.1301011981377578e-05,0.001744962517874895,0
0.8118232176900587,0.18655699752668986,1.4635592890618055e-05,2.7278244389252884e-07,9.301166208947963e-06,1.156539490436726e-05,0.0015840098468033836,0
0.7192996385505314,0.27949197804183895,1.532575901702654e-05,2.1592706924366267e-07,9.6442089753084e-06,7.448478281773606e-06,0.0011757490342864014,0
0.6548597497465131,0.34372159247286777,1.715035801891589e-05,2.226598681617807e-07,9.96668283337666e-06,7.660206701066282e-06,0.0013836578731977126,0
0.5550973449421923,0.4426229758973024,2.130007395007047e-05,2.1524570369685388e-07,1.0224118121516758e-05,7.4051358938035456e-06,0.0022405345868364577,0
0.5481275159617829,0.44937963425880745,1.710669148011475e-05,2.2209295371242524e-07,1.0968357980443553e-05,7.527791619061629e-06,0.002457024845376399,0
0.778555527565235,0.21881820448973194,9.67828162171592e-06,1.808293793800737e-07,7.621015352663191e-06,6.221105020463062e-06,0.002602566713658892,0
0.7903092436737922,0.20857007159281546,9.827328049121578e-06,1.8361416845937762e-07,7.738379690250707e-06,6.223561690566789e-06,0.0010967118497937467,0
0.778184130001156,0.22173116835790566,9.676554828831284e-06,1.807971159165942e-07,7.616198188222217e-06,6.128078316747195e-06,6.110001248827617e-05,0
0.7523840184796935,0.24753866242540368,9.898571776315633e-06,1.880715892736225e-07,7.926236733033789e-06,6.374644984688542e-06,5.293156981948635e-05,0
0.13530162763187467,0.8646519179439108,1.8115711615168002e-05,2.2742049110681166e-07,1.2305716688304235e-05,7.708367322510683e-06,8.097208097536341e-06,1
0.08814057157064668,0.9118198638811489,1.2764110672090416e-05,1.8562904102350312e-07,1.0535908106986784e-05,6.2585101855510825e-06,9.820390198804334e-06,1
0.06271822658853723,0.9372482599659763,1.2335845116117376e-05,1.5626953473059198e-07,9.619750345244367e-06,5.2686501498378625e-06,6.132930340425012e-06,1
0.12791778430913564,0.8720410322406297,1.1517931522466686e-05,1.6784190237086058e-07,9.556318778259814e-06,5.658814212250881e-06,1.4282543819122405e-05,1
0.11488790245685868,0.8850762418368996,1.166340062959336e-05,1.4775105982659337e-07,9.539761476544697e-06,4.981448526330653e-06,9.523344549373948e-06,1
0.10627178836512824,0.8936951460405129,1.0462741123727122e-05,1.3254119778751535e-07,9.98378069923644e-06,4.468645809861606e-06,8.01788552815403e-06,1
0.10563404133307779,0.8943237382495454,9.182593586632454e-06,1.5245572001879036e-07,2.2563063961652822e-05,5.140066830719207e-06,5.1822372778033054e-06,1
0.19929916768881,0.799196208422111,8.444959299231923e-06,1.7766683424280091e-07,0.0014841095438935118,5.990063222932882e-06,5.901655828879137e-06,1
0.1487507216251961,0.8494917317023909,7.06399850496226e-06,1.8378994933349056e-07,0.001734505322428149,5.921119134928639e-06,9.87244239580959e-06,1
0.12941515586471158,0.8534831899782803,6.390210401309854e-06,1.8403194340861422e-07,0.017076471989073947,1.4132908676066093e-05,4.475016913083503e-06,1
0.21417164201907016,0.7795866462670079,8.090581302924952e-06,2.05531158711366e-07,0.0062118962022272035,1.517602925845125e-05,6.343369974625761e-06,1
0.15926143048793717,0.8385311335614556,1.033522233980401e-05,2.3443453575364084e-07,0.0021707910770534977,1.883979308382324e-05,7.235423594353223e-06,1
0.1467274119466782,0.8522733510891299,6.443774537295114e-06,1.9263863787722188e-07,0.0009724904333936126,1.2305984823912485e-05,7.80413279939428e-06,1
0.10498152506257455,0.89401018749823,6.730911767402095e-06,1.4041457881105603e-07,0.0009907244156413767,4.88671450779405e-06,5.804982699965311e-06,1
0.02454975853134277,0.9750289627751729,6.263673252259419e-06,1.362740492330863e-07,0.00039169413113880413,1.0441554887132342e-05,1.2743060157002994e-05,1
0.1308124965955312,0.8684776027312958,5.543673379779555e-06,1.424636022010605e-07,0.0006879915288041024,1.3091061545042946e-05,3.1319458418837025e-06,1
0.034765663201960985,0.9623666818583928,3.2673596032607764e-06,7.53102668945406e-08,0.0028591560687344576,2.329548347057817e-06,2.82665269459069e-06,1
0.04061832547190907,0.9554665559521823,3.2511235002739218e-06,8.16940850717011e-08,0.003906192482082044,2.5270169485613382e-06,3.06625929268596e-06,1
0.03850432444836926,0.958491940302517,3.9420569431983905e-06,9.373166044229999e-08,0.0029912514954599347,2.899371409161389e-06,5.548593641053927e-06,1
0.03966457252972538,0.9585462467677291,3.819363611032551e-06,9.081433836532054e-08,0.0017770854956213047,2.809130820427592e-06,5.375898154290424e-06,1
0.018152859899780917,0.9818336686825121,2.202247782722161e-06,3.932529900512837e-08,5.078741575437348e-06,1.6197468349945026e-06,4.531356215040286e-06,1
0.09204750689528075,0.9079343061399631,4.138829045968232e-06,8.286640152315061e-08,8.56395621211213e-06,2.8763162563989474e-06,2.5249968402532895e-06,1
0.21540560869712913,0.7845712197199469,6.19594373417616e-06,1.2439091974091313e-07,8.643412524731482e-06,4.417557978622445e-06,3.790277766728642e-06,1
0.11702342123739665,0.8829536270936879,6.117869639307838e-06,9.539076516296184e-08,6.781082197939332e-06,4.361893037895674e-06,5.595433275145009e-06,1
0.14545216115826576,0.8545235173529862,7.151733067980756e-06,1.4108761433506162e-07,7.656662890763176e-06,4.9970372923231015e-06,4.374967882878902e-06,1
0.17980466239233164,0.8201700716769706,7.426085151613639e-06,1.4649996412492108e-07,7.961815082720404e-06,5.188731750171085e-06,4.542798748920113e-06,1
0.2276465178589444,0.7723254156841036,8.287702232207007e-06,1.6349773196884613e-07,8.885590629019809e-06,5.659785989453122e-06,5.069880369431457e-06,1
0.20650796885511674,0.7934691694767272,6.6046831343466885e-06,1.3914958347925264e-07,7.084312608784589e-06,4.816928366713844e-06,4.216594462822053e-06,1
0.22612799791869226,0.7738468887079835,7.392292618520296e-06,1.7365538248030065e-07,8.05707580100122e-06,4.770925518438161e-06,4.7194240039641615e-06,1
0.6305753953473399,0.3693793038513429,1.1123276941936133e-05,2.7550379498978987e-07,1.7663376444372016e-05,8.751290708151968e-06,7.487353427732262e-06,1
0.5469936861325438,0.4529673129262402,9.582403993526342e-06,2.1285807822798313e-07,1.5216523859222395e-05,7.539001633066314e-06,6.450153651784956e-06,1
0.16657967152102285,0.8332916612437429,9.716974555403936e-06,1.8177396506434764e-07,0.00010714777046028908,6.1830252933682095e-06,5.437690960245958e-06,1
0.25468580380211053,0.7441635532580483,8.340130065657634e-06,1.889676848871209e-07,0.0011310026856089547,5.9755907694167875e-06,5.135565712343996e-06,1
0.25725359244461415,0.7413823092278905,9.028778936214753e-06,2.0457084475931027e-07,0.0013436592151965148,5.6461504777699725e-06,5.559612040115346e-06,0
0.28989011515790214,0.7085644734065791,7.7050837123794e-06,1.9084122552693086e-07,0.0015254510327945947,6.174487638166818e-06,5.889990148055205e-06,0
0.2913382373316876,0.7073510841710962,8.140731106462815e-06,1.8744860302031406e-07,0.0012845689828815316,6.5235947406692726e-06,1.1257739884607231e-05,0
0.08094702920349571,0.9177717152179309,8.127845990146384e-06,1.2891466202309584e-07,0.0012639941558370254,4.625139414039535e-06,4.3795226701729536e-06,1
0.11379948191228646,0.8857211026697444,7.843104671064479e-06,1.5127688000564847e-07,0.0004609771330180751,5.304685602060969e-06,5.139217797732554e-06,1
0.07058542848418872,0.9279826048105617,1.1199158505619209e-05,1.3918814705455214e-07,0.0014110190411505787,4.880781251108951e-06,4.7285361950184406e-06,1
0.058107447531558776,0.9396013739587036,1.3591767292973298e-05,1.1494292501735961e-07,0.0022695394156933145,3.949988545766517e-06,3.982395280627732e-06,1
0.08881896520323543,0.9091618692113237,8.890213501822432e-06,1.132380543257512e-07,0.0020023474057446725,3.891401036332168e-06,3.923327104006017e-06,1
0.08273501281973593,0.9141229181011075,9.10434190087869e-06,1.3341992434982606e-07,0.003123901162961116,4.498272204041165e-06,4.431882166323173e-06,1
0.19668528973987728,0.798576670265285,2.2054635759873026e-05,2.6786060058615503e-07,0.004678984820108733,3.0215502913967897e-05,6.517175454487626e-06,1
0.10632274328454176,0.8887606774566194,1.972791812554802e-05,1.391227260131469e-07,0.0048708887710669745,2.109442149020332e-05,4.729025430112334e-06,1
0.0824260285938966,0.7615168925234951,1.6783513306501215e-05,1.1768611073985943e-07,0.15601796994353484,1.8207382371700282e-05,4.000357284597911e-06,1
0.11217893539144734,0.8761788668429052,2.5995076940648766e-05,1.7641042269103097e-07,0.011579939593373943,3.0090185280121054e-05,5.996499629858575e-06,1
0.4113940563132566,0.5859516236958943,2.741539195052551e-05,2.741249767196951e-07,0.0025695977344113896,4.803320863070014e-05,8.99953087968853e-06,0
0.1935962787450174,0.8043473066439719,2.443075399212595e-05,1.6516937021732293e-07,0.00199927549410273,2.7549795189444283e-05,4.993398356183646e-06,1
0.17548743413752024,0.8230028625276478,2.147557519635166e-05,1.5874499714301238e-07,0.0014539516208138083,2.8933991661145048e-05,5.183402163428888e-06,1
0.17998027910644626,0.8194957394241272,2.4083013226525814e-05,1.7247606586674291e-07,0.00046113343660760084,2.9469346192341875e-05,9.123197334366615e-06,1
0.15460355454454947,0.8449360623208847,5.208573413003171e-05,1.6138370487690263e-07,0.0003713137582794131,3.148875382429724e-05,5.333504627182297e-06,1
0.11124313533326999,0.8881161272410093,5.115771427154493e-05,1.4758057506825383e-07,0.0005512767627283946,3.390482449955597e-05,4.250543646174384e-06,1
0.11330393088870169,0.8846815238107225,6.0148034322534446e-05,1.79227244578702e-07,0.00190554340519224,4.025057118446076e-05,8.424062632065849e-06,1
0.22592362537245686,0.7709181215918122,5.314666189419362e-05,2.857398833408645e-07,0.0030322424590437853,5.994848685336836e-05,1.2629688056158346e-05,1
0.08025596970393535,0.9195010712998691,2.600156615803338e-05,0.0,0.0001705725774041184,3.252144275959465e-05,1.3863409873590603e-05,1
0.07437640181528052,0.9238476323077592,2.2805740404355064e-05,1.1718422965392396e-07,0.0017065898420923458,3.410001979072471e-05,1.2353090443063403e-05,1
0.08849628986842902,0.9112666176316664,2.9889035719563942e-05,1.2743325883813427e-07,0.000164719387449056,3.4901534985112115e-05,7.455108491856313e-06,1
0.06029534963667181,0.9394259474081028,2.408567936850216e-05,1.3137111312872066e-07,0.0002152859530008158,3.50907990560346e-05,4.109152686647705e-06,1
0.16345004492825008,0.8147445193351667,2.7227737249777465e-05,1.486565886405726e-07,0.021712294675423034,6.185182031246403e-05,3.912847009565995e-06,0
0.1656212200824549,0.8340732603378564,2.082995406193706e-05,1.1641862002053375e-07,0.0001783372369183382,0.00010345143827208271,2.7845318164815734e-06,1
0.23884281120672646,0.7609318016145946,1.7007046226441683e-05,1.0770065419535615e-07,0.0001681614630331113,3.783683248878094e-05,2.2741362764032303e-06,1
0.2082995470397544,0.7914704976993987,1.74212910183715e-05,1.1032394541793755e-07,0.00017201011593464936,3.814941320799782e-05,2.264116740417926e-06,1
0.19618219196888795,0.7747478614320915,2.7600336405222675e-05,2.8623957245437916e-07,0.028957523493220647,8.125105860562044e-05,3.285471216668629e-06,1
0.178105972720957,0.7911456692656255,3.1591373017370304e-05,2.7519678901540046e-07,0.030650753250054737,6.289008706767026e-05,2.8481064889021982e-06,1
0.030923640736444335,0.9688725502164203,3.088090665445105e-05,1.0219002779116188e-07,0.00013078775836225932,4.0112172203934575e-05,1.926019887074779e-06,1
0.027725216682077582,0.9721630461832622,2.1521032332539657e-05,9.115468101499502e-08,5.639582399445016e-05,3.220629460891762e-05,1.5228290432965234e-06,1
0.011142118444643466,0.9887246544703266,3.2869849671067086e-05,1.137230606886495e-07,5.986179209414913e-05,3.8481864071877166e-05,1.8998561322458057e-06,1
0.008484651764621097,0.9853771066021494,4.385100588547052e-05,1.7125836242734697e-07,0.006038699577412488,5.2648730900141796e-05,2.871060668969949e-06,1
0.09344190811102589,0.9015698364144317,5.686831288744036e-05,2.797465558948158e-07,0.004860738385650743,6.637579384670117e-05,3.9932356015208575e-06,1
0.10413653965856758,0.8936422529507135,0.00015332338916185416,7.698413747442924e-07,0.0018704317499372224,0.0001879548693190535,8.72754092596385e-06,1
0.19328952270387234,0.8050301631005758,0.0001385699678102483,5.572747981217876e-07,0.0013519631059582611,0.0001813361067532745,7.887740231836198e-06,1
0.1696326330748535,0.8278012227988214,0.00011812171293132934,8.525697554254535e-07,0.0022422094594803164,0.0001974435021070016,7.516882051166511e-06,0
0.08624774482695347,0.9115078639647836,4.154799689398788e-05,4.491561681074044e-07,0.0021408388535251632,5.855970686815787e-05,2.9954948075854855e-06,1
0.9509925390728922,0.04496085218098535,1.0787006956909755e-05,1.4004567975995887e-07,6.277725739754478e-06,6.333732227611649e-06,0.0040230702355183705,0
0.8625311501729234,0.13664902106510946,1.3001266642327648e-05,1.7660415998882632e-07,8.211138650630117e-06,8.65869037320394e-06,0.000789781062141261,0
0.684605669877997,0.31417464556316577,1.4684970042872102e-05,2.0689889093033393e-07,9.274505970810915e-06,7.1370481756439995e-06,0.0011883811357569411,0
0.5922969650111449,0.40658658568783584,2.168977618323519e-05,2.1918379948029592e-07,9.825192623528895e-06,7.540618897358748e-06,0.001077174529515614,0
0.579325157510514,0.4194792988986315,2.2601341543385695e-05,2.283955293489907e-07,1.1279619119642873e-05,7.741416028401839e-06,0.0011536928186338228,0
0.5228291660848161,0.4758209237837374,1.849714667445312e-05,2.351608002343148e-07,1.1613731083415435e-05,7.970723391017077e-06,0.001311593369497361,0
0.7565619729308186,0.24102672717572524,1.7453588429186027e-05,1.9328358443818843e-07,1.137734917603996e-05,6.551304409774184e-06,0.0023757243678566927,0
0.7497177446515936,0.2487129026874088,1.1823142380224921e-05,1.9242154944719338e-07,8.109564870197714e-06,6.522085924126266e-06,0.0015427054462735553,0
0.7382012202475615,0.26170613171009366,1.2705478263009341e-05,2.102769778961561e-07,8.862078066916225e-06,7.127291728209983e-06,6.374291730883837e-05,0
0.6850611234443399,0.3149003793437717,1.632712880042053e-05,1.9082748627412446e-07,8.619853939487349e-06,6.565071654684446e-06,6.794330007693249e-06,0
0.20729248300088193,0.7912068382625143,1.0006816518876714e-05,1.9725627529833807e-07,0.001473451230955213,6.18272362495577e-06,1.0840709229577439e-05,1
0.20118178704720835,0.7962360582906666,9.553888730085958e-06,2.36589096085698e-07,0.002556909125736587,8.00817176461071e-06,7.446886797807535e-06,1
0.19020725920398446,0.8073899295636813,9.119107192420113e-06,2.887698294982028e-07,0.002378598337368808,7.643733227374542e-06,7.161284716369002e-06,1
0.10654939496297239,0.8876952479214154,6.19545135647969e-06,1.3755273893167498e-07,0.005740038551020783,4.655945596319887e-06,4.329614899841021e-06,1
0.1249066306185716,0.8568852037015245,6.282312806730086e-06,1.643895507412254e-07,0.01818632726822334,1.1091875076487563e-05,4.2998342466445224e-06,1
0.12653395851501378,0.8571425997082562,5.756913332064479e-06,1.298942903862488e-07,0.01630867558922136,4.5670848117124775e-06,4.3122950746032085e-06,1
0.0830821817160635,0.9136508921678479,4.737318674068741e-06,9.024054722620799e-08,0.003250035835228354,8.997046128189862e-06,3.0656755107901276e-06,1
0.07272721355846705,0.9247996414105292,4.600618039928561e-06,8.636046871659724e-08,0.0024569808152557684,8.610199567469676e-06,2.8670376717838542e-06,1
0.09497588443503927,0.9032915105964751,6.942383650510882e-06,1.4196763305657e-07,0.0017167208523902536,4.940763971725829e-06,3.859000840242257e-06,1
0.09183564374811493,0.9064890789928507,6.820022883427087e-06,1.2758113076057082e-07,0.0016601734588383317,4.339660842903874e-06,3.816535339310711e-06,1
0.34223845279895254,0.6567253466625731,1.0782171050375728e-05,2.7708467331197653e-07,0.0009940946240739133,2.54859110981733e-05,5.560747578636672e-06,1
0.1267078810698253,0.8725989512570296,5.414580134032217e-06,1.3914611079255268e-07,0.0006719705525640617,1.258438083118664e-05,3.059013505049363e-06,1
0.05253484714081852,0.9472380856162957,2.840599033197147e-06,6.774536466398157e-08,0.00020878118587133984,6.592986248351893e-06,8.784726368234066e-06,1
0.0321342883900347,0.9676181448891099,3.1144664068723087e-06,7.178618971158112e-08,0.00023398801601953682,2.216507209752478e-06,8.175945029620343e-06,1
0.05397420659625341,0.9423751874520779,4.431124856884114e-06,1.0213421114772292e-07,0.0036368674118859913,3.1592848169082683e-06,6.045995897588601e-06,1
0.035078225714412554,0.9649012513936724,3.53358905810603e-06,5.659200710140818e-08,7.063035600908708e-06,2.5989444684392884e-06,7.270730780373411e-06,1
0.05329010745477872,0.9466942613070001,3.998456162268814e-06,1.0047302658552781e-07,6.001380749334762e-06,3.107899927296362e-06,2.4230283556072506e-06,1
0.06603472798470301,0.9339494484761406,3.985545578686992e-06,1.0014861002203238e-07,5.982002938343167e-06,3.0978648537212328e-06,2.6579771756727844e-06,1
0.10683600857412144,0.893145407343615,5.5971896141187246e-06,8.727224205996221e-08,6.2092428845229835e-06,3.99066077719967e-06,2.6997167456357963e-06,1
0.24244309696519964,0.7575158405163316,1.0255106152606947e-05,1.8507068706581245e-07,1.5135838945124047e-05,6.5548285676406156e-06,8.931674116476519e-06,1
0.23340774026574188,0.7665533578780578,1.0534620008924651e-05,1.9011498603876675e-07,1.5548382379506718e-05,6.73348741165238e-06,5.895251414474294e-06,1
0.3415458536946228,0.6584238137862213,8.40045756258064e-06,1.9033456374138686e-07,1.1339852291798473e-05,5.2291614243375855e-06,5.172713313432984e-06,1
0.45810739505401943,0.5418610951217855,7.089093951569262e-06,1.7558425425273487e-07,1.124107316816902e-05,5.577378172945666e-06,7.426694648349422e-06,1
0.30613773524026244,0.6938220817390814,1.1572835311949188e-05,2.165367580285607e-07,1.4183254716427073e-05,7.4958330891414015e-06,6.71456078056492e-06,1
0.28502743823432836,0.7149318457816188,1.1678994053330046e-05,2.1119005122541675e-07,1.4830641815107632e-05,7.446392703677033e-06,6.548765429547264e-06,1
0.4353707991857896,0.5636986555851485,9.42496620587002e-06,1.985264987591191e-07,0.0009088709523355023,6.752861240590395e-06,5.297922781235886e-06,1
0.44759362609887193,0.5508292353767011,1.0626130146065545e-05,2.4076305731485206e-07,0.0015528432522986064,6.645054688447944e-06,6.783324236431111e-06,0
0.18144116531025983,0.8185242949051099,7.94785282850567e-06,1.6252888211700625e-07,1.4355115077156767e-05,5.656337489324766e-06,6.41795035344006e-06,1
0.17249175822948584,0.8274765052789126,7.899891111948046e-06,1.8331191908067207e-07,1.2542930382715712e-05,5.622204037023755e-06,5.4881541507910756e-06,1
0.06805622454236787,0.9305828963293132,1.124356372552476e-05,1.397400349731937e-07,0.0013398484056911224,4.900133791271467e-06,4.747285075969254e-06,1
0.06008968864068617,0.9373502885232791,1.0298753990010191e-05,1.1189389070380016e-07,0.0025412909938552805,3.8452091466657035e-06,4.475985151830889e-06,1
0.059894764030895414,0.9376999768135701,1.112077047282869e-05,1.20824934456708e-07,0.002385679249998603,4.152122517109319e-06,4.186187611720151e-06,1
0.0763895510895857,0.9212473916659782,1.0925648975937136e-05,1.1870497863794358e-07,0.002343820881686785,4.079270697822608e-06,4.1127380971327005e-06,1
0.28533999481020633,0.7071664415206924,2.0807116387726248e-05,2.3055166767120058e-07,0.0074473435605007425,1.868308791027816e-05,6.4993526349799035e-06,1
0.4021052651385992,0.5870440883235628,3.16265925041856e-05,3.001558022275578e-07,0.010761439930440212,5.043510027036389e-05,6.844758821067031e-06,0
0.4254325540857017,0.5705624321522503,2.846726937956805e-05,2.845630132039623e-07,0.003920778928480625,4.584780990605263e-05,9.63519126871913e-06,0
0.1733533247347045,0.8253233159442089,2.104059008613978e-05,1.4448235385678965e-07,0.0012717493159313136,2.3769404610388236e-05,6.655528104906099e-06,1
0.16135241887474325,0.8381969891749211,3.003167559935244e-05,1.660993935226077e-07,0.0003859244656007299,2.968579613091497e-05,4.783913610882849e-06,1
0.15066019642855408,0.8488803547130024,3.0316683819231507e-05,1.5974303933888866e-07,0.00039646754493079863,2.790404565222853e-05,4.600841002065967e-06,1
0.2552775520455561,0.7383658136173072,5.7279013116648e-05,2.658434087429661e-07,0.006184414906117357,6.143541821797749e-05,5.323915627578544e-05,0
0.16676331065977013,0.8281212891820784,4.187754005585802e-05,1.720382106355973e-07,0.005013792516272159,3.465704542796631e-05,2.490101818460288e-05,0
0.09623418214241376,0.9035260051866584,2.7359860098087502e-05,1.2524044385545428e-07,0.00017396553837652705,3.183561489116793e-05,6.526417118180859e-06,0
0.14030279198751167,0.8594263692905194,1.897635754364641e-05,1.443428213484907e-07,0.00021241271146964642,3.260572677067013e-05,6.699583363514575e-06,0
0.38098320984651773,0.605927752203654,2.862889851805757e-05,2.4890700024169185e-07,0.012969665947874366,7.444334041582104e-05,1.605085601961457e-05,0
0.14240473193396194,0.8285827285490488,2.3200273046896726e-05,1.770253472484108e-07,0.02891284659484796,7.198382648037588e-05,4.33179726686144e-06,0
0.10022206920957383,0.899442937663456,2.010254671070297e-05,1.2682019041493462e-07,0.00019801429175750275,0.00011365770180757325,3.091766503982062e-06,1
0.23823794716656585,0.708220857052457,2.8791895114040085e-05,3.268516856490311e-07,0.053383626446228315,0.0001226972979615427,5.7532899877610225e-06,1
0.29779217315273243,0.6616838354898122,3.309241605775788e-05,3.056871474013719e-07,0.04040287277841991,8.378119970550818e-05,3.939276124921465e-06,1
0.07871632152586881,0.8995314165533944,3.199254483273007e-05,1.7792904540284906e-07,0.021642082749742518,7.51244231569946e-05,2.884273959365181e-06,1
0.03666921507313046,0.9630846070328802,3.0033852964177166e-05,1.2448146708241029e-07,0.00017076500851486088,4.2908394707296276e-05,2.346156335948298e-06,1
0.03204363326614678,0.9677658535643955,2.6129249004685056e-05,1.0741103680808373e-07,0.00012260391282605895,3.987818905572046e-05,1.7944075345404878e-06,1
0.011033727875979022,0.9888210763447758,3.245744557993306e-05,1.1229622558129078e-07,7.275096958670183e-05,3.7999048411430904e-05,1.876019441498969e-06,1
0.014202508719531244,0.9775481918739943,5.4107827987221756e-05,2.4020881201450807e-07,0.008109169384449154,8.224504333208608e-05,3.5369418939817605e-06,1
0.007024740168121547,0.9860962136431438,4.041638731423155e-05,1.796218475790034e-07,0.006791198988494074,4.3134887454493455e-05,4.116303624353824e-06,1
0.007485176648012198,0.983729685458469,4.562242850545192e-05,1.9976742496990386e-07,0.008688748721402247,4.5019965931959944e-05,5.5470102542942335e-06,1
0.03992539637316051,0.9563734961484723,3.956195170373602e-05,1.6137107897565131e-07,0.0036200638716554455,3.8817421384445e-05,2.50286254455219e-06,1
0.20486683759320376,0.7931893305166817,0.00014262641376747628,5.270492430126037e-07,0.001576392022348646,0.0002143716712200132,9.914733535425552e-06,0
0.059099182132848274,0.9386972735511102,3.436387768833427e-05,3.995013298027442e-07,0.0021170594247565586,4.931372543158602e-05,2.407786835355142e-06,1
0.8850162792802059,0.1143988139096268,1.1868377999568604e-05,1.5408491634772117e-07,6.907052378352416e-06,6.783088096007291e-06,0.0005591942067769366,1
0.874855606246633,0.12428091749397578,1.3268350501379723e-05,1.8693991170536256e-07,8.361524899652418e-06,8.477229495384571e-06,0.0008331822145830823,0
0.8575229230472743,0.141636664708992,1.493121481332189e-05,1.9384914986396494e-07,8.67705981398524e-06,8.790545132342052e-06,0.0008078195748243298,0
0.8274249479085221,0.17178215606664157,1.5619479313169654e-05,2.0278475824179076e-07,9.09008473968189e-06,8.926940496742205e-06,0.000759056735528366,0
0.7490249602780684,0.25085466879913393,1.2178654434938776e-05,2.015579891137437e-07,8.33675111467492e-06,6.831763528932114e-06,9.282219573000908e-05,0
0.32743375470145225,0.6725115686286708,2.1322119481909115e-05,2.676730004883619e-07,1.4483778893833564e-05,9.072717238631777e-06,9.53038126203086e-06,0
0.20481281172898486,0.7951204494632929,2.6048867700940107e-05,3.270115141579115e-07,1.769458428066918e-05,1.1025240882921152e-05,1.1643103343679997e-05,1
0.14529808614675635,0.854657038023469,1.2278753954989466e-05,2.2810591030296458e-07,1.2610788815036102e-05,7.690624027060246e-06,1.2067557066919008e-05,1
0.16493819859512615,0.8350211517805777,8.601772640815286e-06,1.576328811910465e-07,1.3467316555204016e-05,5.314615574548047e-06,1.3108286644443757e-05,1
0.21415718904257408,0.7842889406162931,1.0294715241687596e-05,2.0293138981829512e-07,0.0015309996883217424,6.106280164265948e-06,6.266726015276472e-06,1
0.24247567676439827,0.7563099289745296,1.239687953041783e-05,2.7523817644561617e-07,0.0011837423539078267,9.31638283260666e-06,8.663406624974141e-06,1
0.12338875610373387,0.875591820181239,6.116694890862337e-06,1.3580417100160537e-07,0.001004299879751834,4.596759300088326e-06,4.274576913522384e-06,1
0.22792557253378296,0.7670124741659484,8.962031103972593e-06,1.9064895152908135e-07,0.005027825466565029,1.9197344592623136e-05,5.777809055385542e-06,1
0.1458798707551398,0.8464879272921345,7.137550789461636e-06,1.4478269904015847e-07,0.007606924125665688,1.3188925722382102e-05,4.806567849149512e-06,1
0.1678925427146796,0.8265076584371297,7.441956573972903e-06,1.8852799485340545e-07,0.005572282489095253,1.3122560374841101e-05,6.763314151852227e-06,1
0.1094297943985928,0.882477181437935,6.353924464747629e-06,1.3863903973336198e-07,0.008069045635477943,1.082653284268784e-05,6.659431647110536e-06,1
0.05648478629378264,0.9424557179351105,6.4018288738628406e-06,1.3354953028761167e-07,0.0010332723376990486,4.6477967793054164e-06,1.5040258224317712e-05,1
0.05733945041957416,0.9418965610712631,6.110102495233098e-06,1.5152113386142068e-07,0.0007398458716253469,4.6450392518996606e-06,1.3235974656636377e-05,1
0.09579370132692991,0.903023208618007,6.381351267206523e-06,1.304948531677857e-07,0.0011636879578736446,4.541487768343195e-06,8.348763300531058e-06,1
0.1047680781296979,0.893753513441154,6.807041557549079e-06,1.2733829107181936e-07,0.001461113830530372,4.431632951843921e-06,5.9285858171137125e-06,1
0.05874889488674754,0.9403109042576647,5.7997346098184754e-06,1.1828807888959965e-07,0.0009106782954248324,1.0695032400186522e-05,1.2909505074005556e-05,1
0.044885139437701865,0.9549013097107576,3.1993869498804224e-06,6.476978082980566e-08,0.0001996108769558856,2.2769435642491075e-06,8.398874289665597e-06,1
0.03209724595490438,0.9676087561470992,2.610160069646968e-06,6.016229474295088e-08,0.0002850493972266825,1.8576018672779775e-06,4.420576538005603e-06,1
0.06432984819732837,0.9327646517567159,4.720759590313163e-06,1.0881008149107343e-07,0.00288930959338675,3.3657873744586562e-06,7.995095522753069e-06,1
0.05403631476542134,0.945938429480927,3.979910894166175e-06,6.374005066292165e-08,7.506997850245107e-06,2.927212879931911e-06,1.0777891976624849e-05,1
0.05207200455499914,0.9478962172536644,4.091924982683792e-06,6.553400632347172e-08,5.5073892231941395e-06,3.009598916042224e-06,1.9103744208345993e-05,1
0.07979311960508927,0.9201865155055753,4.861290973818746e-06,1.221543009178152e-07,7.296430643030089e-06,3.778559836835849e-06,4.3064535809009076e-06,1
0.11859804411402888,0.8813789112686191,6.2792496933017975e-06,1.2387547893929612e-07,6.732245038347601e-06,4.476953111985643e-06,5.432294029670256e-06,1
0.252619454510699,0.7473515730811572,7.930575510347435e-06,1.56452424667312e-07,8.483266213169218e-06,5.5412277273345635e-06,6.8608862684127875e-06,1
0.46933416374246034,0.5306338168191918,8.704940134659285e-06,1.5709532671961866e-07,1.2847899372709623e-05,5.438154514251476e-06,4.871348999611671e-06,1
0.35520878488051355,0.6447593522861453,8.047941908587506e-06,1.8234739010055242e-07,1.3667172155829466e-05,5.0097256084187996e-06,4.955646278331667e-06,1
0.39060361904809027,0.6093623361740554,8.809376688517755e-06,1.995997070816075e-07,1.4127582215901526e-05,5.483707572936582e-06,5.424511669783765e-06,1
0.4060878714121309,0.5938791144684615,7.293392426282505e-06,2.3253019779717053e-07,1.4371156771636739e-05,5.652257541937828e-06,5.4647824700478285e-06,1
0.24979936059773322,0.7501658999313494,1.0305874064726412e-05,1.8598687966655484e-07,1.2042075731465921e-05,6.438290752311161e-06,5.767243489181544e-06,1
0.19742367784089496,0.8025291190961906,1.3957545434145198e-05,2.518874485363458e-07,1.630153372532789e-05,8.881350461565374e-06,7.810745844987814e-06,1
0.36114414992850946,0.6387665500525661,1.0578973388046919e-05,1.978992461173081e-07,6.638734728735725e-05,6.7315252976335675e-06,5.404273705047178e-06,1
0.49704437430480847,0.5012531645018045,1.1436119637715676e-05,2.5911550959257945e-07,0.001676313985055316,7.15158193732379e-06,7.3003912471338944e-06,1
0.27907333984410354,0.7194602877039817,7.92975116874356e-06,1.8259057564247933e-07,0.0014458438522298805,6.354525452654171e-06,6.0617324877844225e-06,0
0.302897386932915,0.6956831822971956,8.34632506326228e-06,1.9218261271643136e-07,0.001396787843876126,6.688347959729119e-06,7.416070377539433e-06,0
0.09718639435873609,0.902752857924016,6.782863015807292e-06,1.2362512343206763e-07,4.530635684745676e-05,4.335047181688392e-06,4.199825079451951e-06,1
0.1037174086420372,0.8962464270668826,9.029755226544501e-06,1.3634325078248229e-07,1.7585282048603503e-05,4.78102192044823e-06,4.63188863358289e-06,1
0.10463599261862983,0.8908630625526319,1.0364623833790658e-05,1.2710967551306468e-07,0.004481116161198969,4.3680962726229205e-06,4.968837757123395e-06,1
0.12775238466293187,0.8683261932577165,1.1802366439698194e-05,1.4107692125820274e-07,0.0038998540335577654,4.8480776259847654e-06,4.776524807069146e-06,1
0.09332090548150629,0.9036238485383224,9.08207023917715e-06,1.2727123315227212e-07,0.003037353893077909,4.373648165653779e-06,4.309097455178294e-06,1
0.2927481876376256,0.7015013303437674,1.909687530958706e-05,2.2870471799613657e-07,0.005706175734594353,1.85334176715259e-05,6.4472863135407466e-06,1
0.18730500626663818,0.8084113187517421,1.626735854067691e-05,1.6240133953652606e-07,0.004248799643327631,1.3110959545977763e-05,5.3346188658351515e-06,1
0.16223182204079692,0.833950822555179,1.571874034604908e-05,1.4488493978544e-07,0.003780053042244838,1.3471231880114082e-05,7.967504613350252e-06,1
0.07996682611001485,0.9183562896147675,9.647839217477252e-06,1.2454041798900145e-07,0.0016573587043875431,5.51984398654591e-06,4.233347208069743e-06,1
0.08163632000297444,0.9166641880915978,9.891986407839301e-06,1.2769202452525557e-07,0.0016794722225845088,5.659528569816198e-06,4.340475841059911e-06,1
0.07413422792189732,0.921811262193028,1.0411627595399324e-05,1.3439988203036317e-07,0.004033438537647824,5.956832268567595e-06,4.568487680910044e-06,1
0.11757978590172316,0.8730217833123206,1.987488156890208e-05,1.573984367771093e-07,0.00934298472465841,2.9294354845510917e-05,6.119426446440539e-06,1
0.43126261950556205,0.5605785557730163,2.7102529444720323e-05,2.9087225994637297e-07,0.008077933929025545,4.686433395125275e-05,6.633056740186668e-06,0
0.3664281564007123,0.6308025573794779,5.186349322230064e-05,2.78841002892958e-07,0.0026557406999041383,5.3707741496947243e-05,7.695444183515207e-06,1
0.2916580768167097,0.7006127442508091,5.469797873372842e-05,3.0887071126999373e-07,0.007586236307098119,7.137886702507274e-05,1.6556908912913885e-05,0
0.07842354048467602,0.9193612673214183,2.4552536381423552e-05,1.201913248536063e-07,0.002145245320414243,3.20028994280045e-05,1.3271246357035187e-05,1
0.09287023374446064,0.9068956923555892,2.207003864370939e-05,1.2792695649885638e-07,0.00017321294874528045,3.417082353525435e-05,4.492162069666493e-06,1
0.09964730295991504,0.9001130163776117,1.986935394941361e-05,1.296823246570552e-07,0.00018013554353833147,3.463970341182479e-05,4.906379249176525e-06,1
0.08253167487998486,0.9171728592511158,2.9334390890384027e-05,1.4782530202827126e-07,0.00022316928803157977,3.493344227284417e-05,7.880922402392552e-06,0
0.44536815444113736,0.543893417103363,2.5323707587543193e-05,2.2342412673796817e-07,0.010631651841312614,6.682189857140137e-05,1.4407583901204268e-05,0
0.22698877988879138,0.7727539564279879,1.7410676558301964e-05,1.1322945687316259e-07,0.00018062363880346695,5.4477692469747545e-05,4.638445932214385e-06,0
0.11105178163984859,0.8886496878578374,2.102770764946658e-05,1.2358391623206444e-07,0.00021160400586939726,6.270960975079518e-05,3.065595128134381e-06,1
0.1686802111935466,0.8310665835976937,1.6931957664668382e-05,1.320731749786478e-07,0.00019023271266369968,4.31355174406358e-05,2.7729478157350955e-06,1
0.10426230009401362,0.8556362627780453,2.336443885629895e-05,2.1645947966295253e-07,0.04000597759894107,6.815433545469986e-05,3.7242952092972962e-06,1
0.07693464151580964,0.893669634272931,3.178372511876971e-05,1.9383062960503843e-07,0.02928590303379136,7.497814308592654e-05,2.86547863362571e-06,1
0.07873760704510158,0.8948037674853434,3.2570436637645164e-05,1.7030093877656298e-07,0.02634496273633937,7.798562209559199e-05,2.936373543595252e-06,1
0.034068142406743294,0.9656773233503901,3.531598719521821e-05,1.1879353351260901e-07,0.00016296224038202638,5.389826837701744e-05,2.2389533787851396e-06,1
0.00934391043237677,0.9903701648639255,4.0475663355039127e-05,9.798008721161332e-08,0.0002105594846207972,3.315472143465003e-05,1.6368542000166332e-06,1
0.01273511619989467,0.9869619793746085,5.553247036184904e-05,1.5151909227056722e-07,0.00019948651440629755,4.548816332607044e-05,2.245758310413834e-06,1
0.01401630058444038,0.9777746418291487,5.560626861835461e-05,2.2925101584416867e-07,0.008091224391107115,5.8622081263227364e-05,3.3755944062874065e-06,1
0.006837314286705097,0.9867462604438663,4.578574266301019e-05,2.003800052609831e-07,0.006319673229007433,4.5158018188673634e-05,5.607899564131307e-06,1
0.00750028673255866,0.9857155088287282,4.501701186717367e-05,2.0017068902402951e-07,0.006688441411734423,4.494380285031107e-05,5.602041572299992e-06,1
0.05142132794182675,0.9448355558522885,4.0151155526899386e-05,1.9751152977017324e-07,0.0036637984746630257,3.614969050063527e-05,2.8193736643737484e-06,1
0.11047988128074449,0.8854896677424803,6.100981876497624e-05,2.8621644982534283e-07,0.0038931134633252585,7.19558882856608e-05,4.0855899495442095e-06,1
0.08528726799772583,0.9131827959828159,0.00011314847569366645,6.438424749752121e-07,0.0012521982416606942,0.00015719254929136186,6.752910337463089e-06,1
0.1040753377588685,0.8940074967647792,0.00015277460584713255,5.784612788722575e-07,0.0015411076912670858,0.00021397360996818849,8.731107991335578e-06,1
0.2159510709160986,0.7818761179128101,3.348674686691689e-05,2.6612214587481124e-07,0.002090937749641752,4.577422385865374e-05,2.346328577825319e-06,1
0.18860601637099128,0.8096628525264051,3.1328337772697245e-05,2.489690774650244e-07,0.0016535106692134522,4.384803202983389e-05,2.1950945101945535e-06,1
0.06842946877245702,0.929630563402569,3.8875680973647286e-05,4.5195383323203086e-07,0.001842127905011268,5.578836809069388e-05,2.7239170652615492e-06,1
0.8731671292774286,0.1263444969074088,1.1949736056104247e-05,1.7968040507197725e-07,6.9683544539489275e-06,6.843289952958955e-06,0.00046243275429480867,1
0.8776195653492638,0.1214503190960422,1.6411672494104504e-05,1.799793018710042e-07,8.067801148277107e-06,8.161584289096642e-06,0.0008972945174607308,0
0.5642054990370685,0.4346694219518149,2.0424846126835964e-05,2.261877256365106e-07,1.0743861479353235e-05,7.781576203758601e-06,0.0010859025395811115,0
0.4973398815243209,0.5013986880108496,2.043880221375293e-05,2.263422773789781e-07,1.1308311000313707e-05,7.786893274603405e-06,0.0012216701160632914,0
0.7916125233858367,0.20757766716730955,1.5896365062229183e-05,1.7603866570084656e-07,1.0362252821336762e-05,5.966791697540855e-06,0.0007774079986070154,0
0.7577373003519318,0.24140116487125649,1.748070277250701e-05,1.935838526316336e-07,1.1395024014248359e-05,6.561481933879763e-06,0.0008259039842384547,0
0.45898090488463167,0.5409632685465847,2.1770542583279894e-05,2.7330240131476916e-07,1.4788385621914798e-05,9.26352453644564e-06,9.730813640547066e-06,0
0.22726449520389905,0.7726733809076844,2.4250532961303887e-05,3.0443563205344765e-07,1.6465529259191512e-05,1.0264091725873567e-05,1.0839298838221254e-05,1
0.12080506626545875,0.8791528673439833,1.041245921151207e-05,2.0195019752609733e-07,1.2092894435958425e-05,6.342318406243568e-06,1.301676830685577e-05,1
0.2097942840491594,0.7901585183465406,8.926081306754122e-06,1.6357604099564207e-07,2.1428367888845762e-05,5.514990073960074e-06,1.1164588989344271e-05,1
0.1624244122312955,0.8375263332662768,9.266042293941845e-06,1.698060394088382e-07,2.25038123699583e-05,5.725035378886356e-06,1.1589806345530648e-05,1
0.21079652704673074,0.7882536886342152,1.0798804527378793e-05,2.443771075463625e-07,0.0009238411287782908,7.353397055759523e-06,7.546611585176953e-06,1
0.11787940178843259,0.8433537529866052,5.815896647762876e-06,1.3122514174622988e-07,0.0387520321024624,4.50952337202061e-06,4.35647733810078e-06,1
0.19563324513102592,0.7987047534479392,1.2835222025817905e-05,2.1397554034145614e-07,0.005620982824828094,2.133351210659905e-05,6.635886534054205e-06,1
0.21677063640672628,0.7780562597165714,1.0805359183127986e-05,2.0414047254673167e-07,0.005136293819255365,1.946967992243003e-05,6.330877868875114e-06,1
0.11778769624525817,0.8747209435006257,6.323575371880033e-06,1.4560674637828853e-07,0.007474204889545649,5.0674125577581806e-06,5.618769894544152e-06,1
0.11319436943178936,0.8783797833218965,6.1220843132618394e-06,1.409672100804884e-07,0.00840436339143824,4.905947206169548e-06,1.0314856146173007e-05,1
0.094214608101629,0.9047102139094594,6.769620902870027e-06,1.6448707235214996e-07,0.0010539249400230918,5.044843165978193e-06,9.274097747139596e-06,1
0.09212367998020667,0.9062523575118511,7.060493705534283e-06,1.631013568086663e-07,0.0015964018238366065,1.3438384037604573e-05,6.8987050057797785e-06,1
0.15714167291200035,0.8419988822014342,6.715100696136029e-06,1.7256742394019422e-07,0.0008333702362154378,1.539322847459809e-05,3.7937537553718403e-06,1
0.029693464240325426,0.9701042129163502,2.5101423215266847e-06,5.785695825730286e-08,0.00019137891995929526,1.786421115633767e-06,6.589502969767362e-06,1
0.060092403063899756,0.9398743600100888,3.906563790300933e-06,6.975908448698579e-08,1.5808074223621693e-05,2.8732662985009666e-06,1.0579262614490982e-05,1
0.3245940404700724,0.6753833169054596,5.893008011201237e-06,1.3315918636861775e-07,8.10589766937494e-06,4.580487674817205e-06,3.9300719263107695e-06,1
0.23796971199386965,0.7620046061234662,7.099857885425172e-06,1.400642336131592e-07,9.433399008226461e-06,5.062026899283286e-06,3.94653463777389e-06,1
0.15477911220606974,0.8451931033641705,8.267437715956492e-06,1.6309795862352377e-07,8.863864197416434e-06,5.8944830701797606e-06,4.595546817724318e-06,1
0.3108933489928042,0.6890796220503089,7.936520380878249e-06,1.8293103321146678e-07,8.5090739444408e-06,5.545381509286172e-06,4.8550500190801585e-06,1
0.4157461879998202,0.5842192808368719,7.665590953009562e-06,1.8986306008721328e-07,1.617889499660778e-05,5.336915016804327e-06,5.159899281229197e-06,1
0.38331454975542684,0.6166593083806766,6.412841844874975e-06,1.8367607686932968e-07,1.0183369538988701e-05,5.045333631703505e-06,4.316642804037919e-06,1
0.33085910913643657,0.6691148010260082,6.8799220198512795e-06,1.3980382680907878e-07,9.99411572236621e-06,4.839576248046832e-06,4.236419738133024e-06,1
0.30042471319817016,0.699552356075136,6.222028024663693e-06,1.29746476134337e-07,8.281552868095417e-06,4.3767907479124414e-06,3.920608576949852e-06,1
0.2544432778930736,0.7455263462750277,8.725480224954378e-06,1.574660072924707e-07,1.1057916500607881e-05,5.552125779486963e-06,4.88284338633497e-06,1
0.14337732275139148,0.8565835368621298,1.033667802596671e-05,2.1795062751327024e-07,1.300568886334323e-05,6.577349906552135e-06,9.002719055366273e-06,1
0.49929345166374345,0.5005099349411153,9.687930923350703e-06,2.195056747940028e-07,0.00017520186769563235,6.058351433556244e-06,5.445739413886991e-06,1
0.2843484854696079,0.7142850233170384,8.244816534915014e-06,1.9946027230643306e-07,0.001345090100480688,6.607003852793369e-06,6.349832213083849e-06,1
0.18792787958268567,0.8119190708367429,7.884634001635213e-06,1.6123609455768556e-07,0.0001330254639571339,5.6113458383500554e-06,6.3669006798977774e-06,0
0.10466774411594823,0.8947533034644066,8.357513248474348e-06,1.5232485228139486e-07,0.0005600052615798558,5.262500178130845e-06,5.174819786422729e-06,1
0.10425687899028489,0.8903902127926087,9.374599871848642e-06,1.4419590163678027e-07,0.005334244000273258,4.606705734388689e-06,4.538715325274053e-06,1
0.1828654352100335,0.8120644904446941,1.7019156586119292e-05,1.69064417431835e-07,0.005032759942970561,1.3988348904004091e-05,6.137832394330417e-06,1
0.15909930303187136,0.8367261146210203,1.587037758860892e-05,1.4362500261157618e-07,0.004141166661292403,1.2326872183180176e-05,5.074811041465546e-06,1
0.10509819714791244,0.8926724813405338,9.169276576995301e-06,1.2844928026061353e-07,0.002209157850428548,5.8248343938581005e-06,5.04110087403911e-06,1
0.20168578551420677,0.7963553364089226,2.0902486761473628e-05,1.661029930434729e-07,0.0018998659754943363,3.279033901832312e-05,5.153172603337692e-06,1
0.1275031142597932,0.8714382961229098,2.6108776661298572e-05,1.4675936645826857e-07,0.0010029399534259827,2.3136618426424525e-05,6.257509416587317e-06,1
0.12786001941551337,0.8712031481763032,2.841553829892698e-05,1.5934087746340733e-07,0.0008755091045896822,2.7075161480822336e-05,5.673262936800524e-06,1
0.13200616902858453,0.8673390947564514,2.838597005597312e-05,1.5678870951561523e-07,0.0005939695643458195,2.6641497750506063e-05,5.582394102279237e-06,1
0.07278428955563918,0.9270698999593306,2.9930366040726812e-05,1.1738705347636794e-07,8.443616425428592e-05,2.6064700849818406e-05,5.261866831748638e-06,1
0.32245385779972613,0.6747550458122997,4.0956527568677674e-05,2.3071934270653441e-07,0.002699102758596476,4.443899816694093e-05,6.367384299421091e-06,1
0.2293964365467146,0.7685911090360754,3.8601891142497955e-05,2.0850892444656632e-07,0.0019057958343642182,4.7504660607051285e-05,2.0343522171587245e-05,0
0.17180976589966324,0.8249107244835304,3.435215146008766e-05,1.8893882102693266e-07,0.0031864282154308817,4.057116415541581e-05,1.796914693902416e-05,0
0.1131402907852225,0.8786061031041995,3.155347453964729e-05,1.5446107924464936e-07,0.008165769908210727,3.907284210585649e-05,1.705542464251986e-05,1
0.0930836143574811,0.9066713275431821,2.408781657183985e-05,1.2377200559895182e-07,0.00017484264941369107,3.2956314043549e-05,1.3047547302215025e-05,1
0.09560914231913269,0.9041635112093881,2.1258442284605555e-05,1.2450327210132051e-07,0.00016833527032436782,3.325631639312869e-05,4.371939204915879e-06,1
0.38997475116940283,0.5982143285903159,2.785289223131134e-05,2.457384291930693e-07,0.011693479398828885,7.34956811978188e-05,1.584652959392154e-05,0
0.23465871707489924,0.7293737554304542,3.3652643303823164e-05,2.406785681135937e-07,0.03584413568321601,7.157928821314961e-05,1.7919201345354522e-05,0
0.10552336915849257,0.8942179533854727,2.056013726634989e-05,1.2341919744599684e-07,0.0001927040551791388,4.2683805680013364e-05,2.606038711774291e-06,1
0.09753962327807252,0.9021987391438563,2.0766155932439823e-05,1.2452069867347616e-07,0.0001944239152796142,4.369368887231079e-05,2.629297288229822e-06,1
0.21272651959364103,0.787020588583993,1.9773905896475664e-05,1.3039593062922206e-07,0.0001926792560756037,3.757053130065965e-05,2.737733162525266e-06,1
0.20876841482139258,0.739249774430157,2.9686954417126176e-05,2.5416567918847426e-07,0.051835916133455735,0.00011108203397896351,4.871460919320585e-06,1
0.19832086966641221,0.7414713584333646,3.017244293739485e-05,3.142676044230996e-07,0.060036587126659324,0.0001346746598698114,6.023403152006115e-06,1
0.14481631412098195,0.8202673382592612,2.651074628516429e-05,2.0900589207026966e-07,0.034784117836620165,0.00010159439057562973,3.915640383646506e-06,1
0.0218336404410351,0.9779434928989752,2.8130159013158157e-05,1.0351161389937472e-07,0.00014199833953765657,5.058480057954997e-05,2.0498492456839466e-06,1
0.029257074507999203,0.970590066366195,2.471758760844212e-05,1.0469403972322587e-07,8.721777195319848e-05,3.90482290051309e-05,1.770843199174161e-06,1
0.028316191748094646,0.9715417673445637,2.332645457804765e-05,9.880174395991833e-08,8.082529915937731e-05,3.613977107191858e-05,1.6505807881194798e-06,1
0.01150903001589919,0.9882349619347062,4.450538901601463e-05,1.2544814073053037e-07,0.00017717910063621363,3.199406612264127e-05,2.2040454792054596e-06,1
0.014385542319112769,0.9853749851737188,5.135134941263719e-05,1.4978505031726636e-07,0.00014484108724899171,4.092480823666418e-05,2.205477219795894e-06,1
0.012463034388853225,0.974672175790211,5.7963919442678244e-05,2.376403678564685e-07,0.0127403254920096,6.27636461410989e-05,3.499122974397853e-06,1
0.007649059615010763,0.9854919152247267,4.502982838727535e-05,2.0012528354407766e-07,0.006749726831340138,5.846760441204436e-05,5.600770839868882e-06,1
0.12449513217338183,0.8708333733765325,8.139094745828894e-05,3.52517309497102e-07,0.0045167140380776745,6.800494723605414e-05,5.032000004194729e-06,1
0.0996041022387149,0.8985506455868472,0.00013070309948680218,7.814953683163701e-07,0.0015141077565617833,0.00019080016305195077,8.859659969169356e-06,1
0.1800509008405638,0.8181706258554494,0.00014044809251626867,5.088454067092354e-07,0.0014242943101593466,0.00019802686424980968,1.519519165456579e-05,1
0.24538274618661937,0.7525589447267175,4.9344086957486974e-05,2.1626202516343306e-49,0.0019456372448346736,6.0738677749679526e-05,2.5890771215457012e-06,1
0.8132915166729101,0.18565107813687418,1.5062972924820165e-05,1.9444239294699237e-07,9.12971241488381e-06,6.590581968268756e-06,0.0010264274805149496,0
0.6619768460920705,0.3373169346549837,1.4916300770196171e-05,1.651852907566288e-07,9.836547974388949e-06,5.682898681374081e-06,0.0006756183202289498,0
0.706679637020871,0.292913852496912,2.6256564451946386e-05,1.8188987079880366e-07,1.1444669096774621e-05,6.257589293714658e-06,0.00036236976950393537,0
0.5984844096541546,0.40147446274121273,1.7613397300414744e-05,1.9260492020285274e-07,8.777787404252294e-06,6.6262210275101505e-06,7.917593980268917e-06,0
0.5244146316384017,0.47554750040208604,1.6217414600249397e-05,1.773396575176365e-07,8.082087468966276e-06,6.10104750396406e-06,7.290070281412226e-06,0
0.6692382866916105,0.33071828155718824,1.8382876043883395e-05,2.0101927601711017e-07,1.0877147646263685e-05,6.813503967491152e-06,7.157204267763914e-06,0
0.18469482080649594,0.8152562702227781,1.6638387728681768e-05,2.1077381278329847e-07,1.159811323076905e-05,7.106269831910034e-06,1.335542612163457e-05,1
0.17806949511700298,0.8218942220330808,8.324415451478348e-06,1.751308073587197e-07,1.261374403353796e-05,5.904560706746074e-06,9.264998917257264e-06,1
0.25292876852174406,0.7460002192774083,9.696447629609425e-06,1.9113822457262936e-07,0.0010483187581802745,5.990961833330599e-06,6.814894979652854e-06,1
0.23418260086894363,0.7646752231606591,1.0714472356779936e-05,2.112057221093788e-07,0.0011173646473797902,6.355257866467809e-06,7.530387071949777e-06,1
0.27530712698644455,0.7237345133265274,1.1315870864461135e-05,2.5607832646790234e-07,0.000931174289771443,7.705491037189943e-06,7.907957028539449e-06,1
0.28992445816541595,0.7091079955472007,1.2629777347601328e-05,3.6548157202703607e-07,0.0009370584987654299,8.600189708711468e-06,8.892339989792678e-06,1
0.17266623155835467,0.8253781306208071,7.673902114622513e-06,1.703776195508185e-07,0.0019366637125048738,5.767016590292178e-06,5.362812008949402e-06,1
0.12934726099180122,0.865617021291929,5.969320954453313e-06,1.3468688249097197e-07,0.005019720185131894,4.628485337605525e-06,5.265037963546665e-06,1
0.2077052157062237,0.7717776987647808,1.211450426273784e-05,2.0494470420441438e-07,0.020477977129655937,2.0433131381985145e-05,6.355818990738672e-06,1
0.27523807988006205,0.7183901338411615,1.129705096579589e-05,2.471825505258983e-07,0.006333809934982456,1.9467921483681625e-05,6.964188794182384e-06,1
0.3127550361548001,0.6808434731255539,9.89098424414441e-06,2.5126815693205105e-07,0.006364479468526322,1.978970093194359e-05,7.079297786668434e-06,1
0.1809827710392015,0.8140320787998145,7.609786018947943e-06,1.933171523107345e-07,0.004955834728105051,1.457720777473796e-05,6.935121932610667e-06,1
0.10542102031913461,0.8878162510476686,5.872337356681517e-06,1.3521653271412867e-07,0.006746797442009685,4.7058118729742156e-06,5.217825424688408e-06,1
0.10325009409827615,0.8958685137891925,6.330791524692037e-06,1.2946093638443374e-07,0.0008583940787926546,4.50550534979493e-06,1.2032275927796182e-05,1
0.04465839916751264,0.954417790482069,6.748031125390848e-06,1.257920231078853e-07,0.0008919372824732983,1.1270788169092008e-05,1.3728456627453525e-05,1
0.2581644037268658,0.7408072819773401,1.1806833008617514e-05,2.6133313857635094e-07,0.0009831352549634718,2.78662409754485e-05,5.2446337077611024e-06,1
0.23039334837739495,0.7682314632653114,9.569709052021718e-06,2.4592632541084586e-07,0.0013376560667832259,2.2310165893570197e-05,5.406489239217785e-06,1
0.06086534510132041,0.938675193028034,3.5088442631873204e-06,8.153794671759059e-08,0.00044241999659910944,7.372200148350762e-06,6.079291688074891e-06,1
0.06246226999055355,0.9372773293195066,2.882488896070113e-06,6.643927649314949e-08,0.0002478333795889078,2.0514131750058123e-06,7.566969003344447e-06,1
0.06454148953950735,0.9354321894877494,4.4630336369620735e-06,7.147747718354039e-08,1.0706544171886551e-05,3.28254825122707e-06,7.797369205720408e-06,1
0.15432470049782093,0.8456454904911945,6.902243021631594e-06,1.35796200211633e-07,1.3763309156936417e-05,4.796775510231483e-06,4.2108870955318665e-06,1
0.29027955555476936,0.7096910135487212,7.519033915981632e-06,1.6171098849003465e-07,1.0891319211829768e-05,5.8443569248883405e-06,5.014475468217524e-06,1
0.28355637596902405,0.7164141254663006,8.154994700239513e-06,1.608797107267762e-07,1.0835332221966666e-05,5.814313920405039e-06,4.53304412211209e-06,1
0.24181473313724386,0.758161278336832,7.1308940985385945e-06,1.6436193225309468e-07,7.645328464176e-06,5.084154968347112e-06,3.963786460564442e-06,1
0.38128042057282363,0.6186906097282747,8.506381016576963e-06,1.9606590717034567e-07,9.120045258628973e-06,5.943552808598583e-06,5.203653910640495e-06,1
0.503634499881244,0.4963379756659632,8.196007671065066e-06,1.709094059807236e-07,8.345358991846143e-06,5.765356633294159e-06,5.046820090606244e-06,1
0.50189509684344,0.49807028759783567,1.0542437514885696e-05,2.3886677960315425e-07,1.0780070935256655e-05,6.5625124775220236e-06,6.491671017088255e-06,1
0.4436474775793211,0.556320449132051,8.200630635493044e-06,1.858069566785979e-07,1.3532412184348768e-05,5.104772097817461e-06,5.049666753358369e-06,1
0.38483163486646027,0.6151405862274376,6.269249775600762e-06,1.552781715256169e-07,1.2769632231760108e-05,4.364758500238636e-06,4.219987422922477e-06,1
0.1481406426751141,0.8518236450905277,1.0258829586670642e-05,2.1630917983028313e-07,1.2968364512776783e-05,6.52781402823195e-06,5.740917050680058e-06,1
0.35396067484453364,0.6444442056937554,8.966211262448879e-06,2.5680946901635574e-07,0.0015729130851781918,6.129323065050715e-06,6.854032736381138e-06,1
0.15474088607907602,0.8452274081653389,7.4901278709302516e-06,1.531686778861267e-07,1.352838934613726e-05,5.330583239315559e-06,5.203486450924657e-06,1
0.07884500108122897,0.9211291614563928,7.926755694953921e-06,1.1309991641937906e-07,9.989377237260385e-06,3.965969540102741e-06,3.842259989516139e-06,1
0.06595496043205099,0.9327809640305447,6.547938485831813e-06,1.2002916312714396e-07,0.0012492051315724684,4.124776008950137e-06,4.077662173935169e-06,1
0.0812018536205709,0.917093890315817,7.036651357914186e-06,1.1235651815595089e-07,0.0016894289434288973,3.8611072381461195e-06,3.817005068962048e-06,1
0.09269994612187313,0.9043972519676383,1.0725812630993307e-05,1.1653379694339282e-07,0.002883995988870037,4.004658512488381e-06,3.95891667825562e-06,1
0.15564850438658426,0.8399016517332083,1.294158033527166e-05,1.7339538749922727e-07,0.004424558331564388,5.869163326876524e-06,6.301409593337866e-06,1
0.13817549249870328,0.8573294899251851,1.4260186010889304e-05,1.4384054981063597e-07,0.004464165382990239,1.1319635922796566e-05,5.128530637797818e-06,1
0.12745083488337575,0.8700462943179843,9.99991904025895e-06,1.4089045825646467e-07,0.00248277570720958,4.860064660295979e-06,5.094217271622225e-06,1
0.0883834608698641,0.9093944686004328,1.1649293270019494e-05,1.2775246829851497e-07,0.0021994864942485285,5.7932358183374876e-06,5.013753897987171e-06,1
0.3745651775196205,0.6111331118291186,2.9511283401362493e-05,3.772295332466761e-07,0.014217079082762232,4.9568626160095566e-05,5.174429403957079e-06,0
0.20722417804641294,0.7848880087283868,1.914722225422693e-05,2.1922641129743656e-07,0.007829607601477497,3.348060142462571e-05,5.358573632562043e-06,0
0.20382192040461586,0.7929525124268837,2.3631520511202887e-05,1.7089315415859403e-07,0.003161080552981372,3.5382419483913135e-05,5.3017823699151984e-06,0
0.19948159669503263,0.7984235934255454,2.700601259364944e-05,1.7587374914318408e-07,0.002027452512058008,3.471918087182919e-05,5.4563001492317535e-06,1
0.14547348659116285,0.8531337945662344,2.3492896504416857e-05,1.609194664427405e-07,0.0013349567907982468,2.4802494791817372e-05,9.3057410418517e-06,1
0.06808190260516184,0.9317809865146993,4.014895321820634e-05,1.1905186204453523e-07,7.195549371615024e-05,2.1458546308583678e-05,3.4288350337955533e-06,1
0.06502462941536095,0.9348329793281313,3.5273465134285986e-05,1.1941946829639421e-07,7.55785061639775e-05,2.6066896051009925e-05,5.352969690310494e-06,1
0.34399919665433065,0.6524699162859137,5.350129772919453e-05,2.8764656192631156e-07,0.0034083736235303156,6.10274187080743e-05,7.697073226182799e-06,1
0.2966812818609881,0.6991996018172747,5.3873642966146366e-05,3.082477161672736e-07,0.003990249587285759,6.643650863439326e-05,8.248335134806594e-06,0
0.11331064512775749,0.8799290126000364,3.160098432924205e-05,1.5469364993559725e-07,0.006671247095354511,4.0258394026635606e-05,1.708110484566824e-05,1
0.08421072102471609,0.9098694124856395,3.0645332734677805e-05,1.306577654495145e-07,0.0022992094665891176,3.399631266898996e-05,0.0035558847198859512,1
0.09095919697220067,0.9087605528110799,2.0933125339068254e-05,1.2957751647345795e-07,0.00021616445876609076,3.520835679597855e-05,7.814698302104844e-06,1
0.09460397045600658,0.9051384539316805,2.1213942172420768e-05,1.260340046706367e-07,0.0001918207266524717,4.1753658219743425e-05,2.661251263729349e-06,1
0.33488978621273097,0.6188232654132879,2.8763274432475523e-05,2.498963383498198e-07,0.046163770816863244,8.937475365531917e-05,4.789632691712632e-06,1
0.26665379893616364,0.6895537419590699,2.5203208555598788e-05,2.7936604937130383e-07,0.043650077720206994,0.00011147752896345045,5.421280991068777e-06,1
0.11106738250431697,0.8886655937312006,1.706806560884699e-05,1.2814088115389342e-07,0.00020338116644883964,4.355244288793306e-05,2.893948655720434e-06,1
0.07718030324036544,0.9225556611227985,1.7163688359478357e-05,1.2854308397033993e-07,0.0002004162441125007,4.368914333071848e-05,2.6380179495907887e-06,1
0.07480912242238201,0.924934295037401,1.873254422335156e-05,1.2459390416411846e-07,0.00019425893280767387,4.0909498144719e-05,2.556971137166579e-06,1
0.04933223341624753,0.9504272025241145,2.1323772408552658e-05,1.2144492842811866e-07,0.0001741448910311909,4.268502589792061e-05,2.288925371612038e-06,1
0.023991591842230767,0.9757990829294674,2.239729445814064e-05,1.0723666498364621e-07,0.0001471084044736907,3.769115665248116e-05,2.021136052572261e-06,1
0.021608956197677772,0.9781799556854462,2.5915013054239508e-05,1.0353664258951121e-07,0.000132422190508473,5.059703178000784e-05,2.0503448909517966e-06,1
0.0253096300395674,0.9745538556160073,2.1382623121434144e-05,9.056843369688735e-08,7.941365310123272e-05,3.377973520729001e-05,1.8477645616263207e-06,1
0.01796420115401192,0.9818934045193092,2.592413949062694e-05,9.775184012437013e-08,7.876604827514955e-05,3.384550231930387e-05,3.760884753591845e-06,1
0.013075400901415245,0.9866915545854081,4.560413788250103e-05,1.499851796269639e-07,0.00014238315755149347,4.269880858303844e-05,2.208423980054121e-06,1
0.012185098008111146,0.9876091593959692,4.450859028543657e-05,1.5293091729266658e-07,0.00012144076732879431,3.738850953771423e-05,2.2517978501662643e-06,1
0.011932150266076367,0.9773480876909955,5.5565186656027956e-05,2.1886949900319526e-07,0.010604919268164592,5.58359862956974e-05,3.2227323129696206e-06,1
0.00917913694979454,0.9806266719307895,4.6026208083537064e-05,1.993909626332235e-07,0.010084132231593877,5.8253068878267794e-05,5.5802198976201865e-06,1
0.06028841361718923,0.9368526594446426,3.802872502500146e-05,1.978407669971624e-07,0.002770934387896444,4.6941911126206813e-05,2.8240733533903073e-06,1
0.07807837496387542,0.9201684639759529,0.00014085323892791128,4.760480003283117e-07,0.0014072160413576811,0.00019363527549646746,1.098045638913339e-05,1
0.17345577997093162,0.8246507074461308,0.0001414864179965479,5.690036324030219e-07,0.0015307451853904248,0.0002126582242353889,8.053751683178403e-06,1
0.03484130426988996,0.9640439519138441,2.9760287171776433e-05,3.017718050991411e-07,0.0010390909298575658,4.317417857789082e-05,2.4166488536738083e-06,1
0.8765187669569395,0.12268457222185443,1.6491131560713253e-05,1.8085069309214282e-07,8.089163836734449e-06,8.368460751142485e-06,0.0007635312143642577,1
0.6581935647963812,0.3406282858221651,1.8598537219772882e-05,2.4146130598493316e-07,1.1924889998524949e-05,8.184277642030224e-06,0.0011392002152873315,0
0.7346722055359443,0.2652165165918628,2.77913038569784e-05,2.0678670869630884e-07,1.3011199822436443e-05,7.008989824472418e-06,6.325959198050369e-05,0
0.7483204608055464,0.2516007456909239,2.535878815387677e-05,1.8868709312285071e-07,1.1872356245785668e-05,6.395507351730227e-06,3.497816468505462e-05,0
0.6231967055205704,0.37675990133078374,1.5040218359253866e-05,1.905283264440709e-07,7.668969808090722e-06,6.5547796063068684e-06,1.3938652545865317e-05,0
0.6283481805746446,0.37160622171109237,1.5771888199412475e-05,1.997970635611254e-07,8.135641493403864e-06,6.873653603496587e-06,1.4616733903240346e-05,0
0.29023987214249564,0.7097061122986568,1.4356503131422172e-05,2.6670484868130294e-07,1.5621330023448844e-05,8.9919928627787e-06,1.4779027981310687e-05,1
0.2631738305523961,0.7352362668123917,1.0857339038541634e-05,2.140219373817768e-07,0.0015647604782282627,6.439998819908006e-06,7.630797188055016e-06,1
0.2986240322719277,0.7004746897258751,1.034988665890965e-05,2.612394069733967e-07,0.0008734917844107021,7.860789848010184e-06,9.31430187264295e-06,1
0.29063744988242063,0.708560445015713,1.088563167097258e-05,2.4634200710113875e-07,0.0007759533169168533,7.4125216061154264e-06,7.607289665430318e-06,1
0.08682857024623791,0.8937241454801312,6.924589989360966e-06,1.2693349872177527e-07,0.019431558490075575,4.3620419956196324e-06,4.312218071492831e-06,1
0.07806599755666921,0.9038601323136961,7.14282051467032e-06,1.3093384591171243e-07,0.018057648743305826,4.499513054207664e-06,4.448118914204994e-06,1
0.2058909639631949,0.7553575245525982,1.1573807653557602e-05,1.952531670120827e-07,0.03871571769920689,1.7969462630978865e-05,6.055261548302718e-06,1
0.20609192931003265,0.7864233183805358,1.2745782902430518e-05,2.156242344003237e-07,0.0074436059978009155,2.149788806568672e-05,6.687016428090486e-06,1
0.2826697559609081,0.7104760157183594,1.1172597425065066e-05,2.4445947317474136e-07,0.006816348865808437,1.9574929957992373e-05,6.887468068005428e-06,1
0.21266602695021694,0.7480713784868711,8.691624780532747e-06,2.2079992096259987e-07,0.03923056407825472,1.6303445578769244e-05,6.814614376795426e-06,1
0.12943677157687605,0.8645676440165408,5.917251599499252e-06,1.4655980248278245e-07,0.005973845452974355,4.138652897609205e-06,1.1536489309175153e-05,1
0.12412243349641897,0.874795859599018,6.202100457744647e-06,1.1602174992880638e-07,0.0010679715714544495,3.9464695295429415e-06,3.4707413713314418e-06,1
0.024740598491048222,0.9740548077497815,5.914973527429728e-06,1.1449856794740215e-07,0.0011821736959916997,3.894658629593154e-06,1.2495932453708319e-05,1
0.05807635996570036,0.941631362386902,3.4505701305230275e-06,8.100604737306807e-08,0.00027087386828449203,7.47321625421621e-06,1.0398986681166583e-05,1
0.05436083964662779,0.945429099320558,2.5808722020193813e-06,5.948723065585e-08,0.00019880873554320327,1.8367582423117304e-06,6.775179595973352e-06,1
0.031085036021938368,0.9687595529148588,2.653810639915196e-06,6.116840869922261e-08,0.00014380222063783252,1.9272094972807177e-06,6.966654019157564e-06,1
0.07632163332384978,0.9236570288697874,4.292973993469547e-06,6.87538960330625e-08,7.776085986996858e-06,3.1574698783625827e-06,6.042522608019119e-06,1
0.1847843053193312,0.8151859375974655,6.885648477089489e-06,1.354697156056871e-07,1.374995885160062e-05,4.785242983107548e-06,4.2007631759234756e-06,1
0.31463101888747536,0.6853441709071811,6.748441607981838e-06,1.555466799895953e-07,8.966481216827591e-06,4.811475595585237e-06,4.1282602431832884e-06,1
0.40981697780602633,0.5901494824969971,8.17632004717397e-06,1.6614735290784853e-07,1.4293679774153405e-05,5.751507674441297e-06,5.152042128027855e-06,1
0.2282751126676672,0.771700053688127,7.163483341616731e-06,1.2927713902605405e-07,8.973936592808503e-06,4.558208775508814e-06,4.008738356623445e-06,1
0.23074741827861064,0.7692205575943802,8.546859409643631e-06,1.5988479900613153e-07,1.0435037169022325e-05,5.438467252062478e-06,7.443878379247398e-06,1
0.23555380921395247,0.7644100901625182,9.196911274847704e-06,1.7204522037616639e-07,1.5732904433011412e-05,5.852102906004033e-06,5.1466596949779265e-06,1
0.3094409687868225,0.6894104759478653,9.169395997891596e-06,2.0775689586301174e-07,0.001126962164588645,6.569748631588968e-06,5.646199198209171e-06,1
0.11247056818761987,0.8875040350396052,6.329135642528763e-06,1.2942707457512228e-07,1.0048987590086805e-05,4.49229198428533e-06,4.396930483627711e-06,1
0.09686065110135121,0.9031116560280561,6.800776378248389e-06,1.3192634725490641e-07,1.1652192963400481e-05,4.6261384739655335e-06,4.4818364298427155e-06,1
0.08920906470653728,0.9107638398563087,6.9423791667538236e-06,1.2725958915158076e-07,1.1240008687363528e-05,4.462493609541515e-06,4.323296101000474e-06,1
0.060844048901276225,0.9379491974876956,6.251009673673232e-06,1.1458621082866893e-07,0.0011925575322306585,3.937730140482088e-06,3.892752772554815e-06,1
0.10951376127980117,0.8869034810353582,1.0889448739924658e-05,1.3563759659982056e-07,0.003562568477880549,4.661156420577212e-06,4.502964202730994e-06,1
0.3197177483408175,0.671319401912584,1.8173316726927238e-05,2.2650191086127175e-07,0.008916082478443915,2.085325566618634e-05,7.51419385046284e-06,1
0.12942403703045705,0.8662969327785168,7.979690798898715e-06,1.2690377332056262e-07,0.004261678997801886,4.377589168251417e-06,4.86700948375571e-06,1
0.11825014674099027,0.8791073872436268,9.836191409277256e-06,1.3858367348496927e-07,0.0026222719152458013,4.780491328747537e-06,5.438833725772504e-06,1
0.08583004265224405,0.9119747497480978,1.1515648009855154e-05,1.2628684188954376e-07,0.0021742531227522226,4.356307907030286e-06,4.956234147340929e-06,1
0.20745611680992632,0.7868233245128068,2.022730931043437e-05,1.6969923845381067e-07,0.005661396653660309,3.3500272680790004e-05,5.264742376909328e-06,0
0.20089585115988914,0.7951684370123048,2.9078739790919098e-05,1.6776940439093126e-07,0.003866403470513625,3.473566552126084e-05,5.326182575858033e-06,1
0.10954528156897313,0.889222231966865,1.7289251156992647e-05,1.294477994922236e-07,0.0011875003241289253,2.0081661219108004e-05,7.485779857098935e-06,1
0.06457058917618831,0.9353265821602683,1.4300119871103358e-05,1.1928778768079643e-07,6.272545883281731e-05,1.8838485965611114e-05,6.845311085951044e-06,1
0.05895961668214516,0.9409403561641796,1.929352913420387e-05,1.1138408148058945e-07,6.027756386725642e-05,1.637893919792015e-05,3.96573739451553e-06,1
0.07112599908790995,0.928770487365834,2.2754954737430335e-05,1.186672163664811e-07,5.708820511347951e-05,2.0133962407412744e-05,3.4177567813947914e-06,1
0.07795275941142998,0.9218287446775898,2.5090562665611893e-05,1.3172181497901178e-07,0.00015864642417302835,2.796059594355387e-05,6.66660638298205e-06,1
0.3416766844206423,0.6551492651896013,5.45172427824759e-05,2.9310873039859074e-07,0.0030492105254858407,6.218627852610759e-05,7.84323423163104e-06,1
0.21828193943866414,0.7771183032997098,3.290154136044606e-05,1.52516636410753e-07,0.004516253674647745,3.4664699544620885e-05,1.5784829436942143e-05,0
0.17428317666722698,0.8200262794650939,3.3740082385380634e-05,1.503099515177539e-07,0.005605893259908058,3.416315380767285e-05,1.659706162658235e-05,0
0.09221253700804764,0.9075222646597739,2.531394105662267e-05,1.2391860725083967e-07,0.000193815998449748,3.014397137728063e-05,1.5800502687680166e-05,1
0.09618370912455634,0.9035110135785043,2.8162843328665343e-05,1.3406049545101176e-07,0.00022943295466699634,3.407763637618019e-05,1.3469802072156768e-05,1
0.10786533674430944,0.8918170247274975,2.2328399842451077e-05,1.6107380676335288e-07,0.0002525294268176457,3.638510377012607e-05,6.234523956156425e-06,0
0.060156046073416666,0.9395911601330441,2.2544943288085276e-05,1.1659577188900696e-07,0.00018234448352931912,4.536508116783165e-05,2.422689782202226e-06,1
0.022932453160274816,0.9768486778416879,2.2161709596177634e-05,1.0735201153391396e-07,0.00015393647633147388,4.064015005871009e-05,2.0233100391590455e-06,1
0.01692134340401606,0.9829332137734968,1.8670252437949005e-05,9.947849948848694e-08,8.73517228839748e-05,3.7659482007472604e-05,1.6618866581268222e-06,1
0.015276249293598521,0.9697110146807415,3.763905751625752e-05,2.3646636099345043e-07,0.014900920797370354,7.074021805978574e-05,3.1994863524458973e-06,1
0.01660774692011882,0.962668066459144,3.4850547000337854e-05,2.3619042396669938e-07,0.02061524646052677,7.065766997404056e-05,3.1957528118800617e-06,1
0.015455766922375522,0.9653907782143413,3.4935186019506226e-05,2.3685844076938038e-07,0.019047557985765507,6.75410885323567e-05,3.1837445248285827e-06,1
0.00957953010342783,0.9851950755784572,4.095991952339571e-05,1.7866362938621234e-07,0.005120452410313347,6.11726015274132e-05,2.6307231213014726e-06,1
0.008572185042667357,0.9820447317635215,4.7835316989593345e-05,1.996792969435306e-07,0.009285472142178697,4.500010523272146e-05,4.575950112948053e-06,1
0.05349831663519075,0.9433446908727281,3.551832205042832e-05,1.7779435824152232e-07,0.0030787347236279398,3.954287156662636e-05,3.0187804780040466e-06,1
0.14961989089419978,0.8401728842318924,6.980893579774898e-05,3.392193695003152e-07,0.010067706791929469,6.361030192489563e-05,5.759624886506888e-06,1
0.08430985297338316,0.9131774257118755,0.00013978309751194772,3.548412874809916e-07,0.0021346017594395133,0.00022102194383764775,1.6959672664619096e-05,1
0.2260447135024282,0.7718607187134886,5.013975024500328e-05,1.7724165676074826e-07,0.001989713511093074,5.132443710161452e-05,3.212843986717223e-06,1
0.08267162503247685,0.9152222623562315,4.190431888411114e-05,3.639039205755865e-07,0.0020086173447506793,5.232754348061735e-05,2.89950025572243e-06,1
0.8776722894417233,0.12073047005077779,1.3770639923067253e-05,1.929082160400586e-07,8.79961208722527e-06,8.92639561896311e-06,0.0015655509516534732,0
0.8058501863742175,0.19308913816998602,1.5403744503299273e-05,1.9998391383547198e-07,1.0384294234207412e-05,6.77841059499397e-06,0.001027909022550273,0
0.828218204494856,0.17116386216872487,1.2451941274927485e-05,1.7107898969735614e-07,1.01130163325041e-05,5.79868457469769e-06,0.0005893986152474425,0
0.8209298455448829,0.178593467418572,1.2285501286587598e-05,1.6879224705845837e-07,9.935703223708717e-06,5.7211759379566295e-06,0.0004485758638496849,0
0.7357779055371364,0.2641390897939947,2.2797824718360175e-05,1.9474084819787276e-07,1.225326378792794e-05,6.600698043086472e-06,4.1158141471535e-05,0
0.5598716741645066,0.4400930386902947,1.4062335459709187e-05,1.781405812758707e-07,7.595072715185296e-06,6.128601825227786e-06,7.32299461751003e-06,0
0.5245033957501144,0.47545996669870405,1.2789169925477453e-05,1.6201221846030066e-07,6.371629542505305e-06,5.462265569152719e-06,1.185247392579106e-05,0
0.5202590592437808,0.47969923321091024,1.48447268768786e-05,2.1588753695438634e-07,1.16816688477238e-05,7.278679787994439e-06,7.686582259481697e-06,0
0.2939372239888622,0.7058754204648499,9.964342790511108e-06,2.2549322599291636e-07,0.0001634170778830494,6.7851741137227845e-06,6.963458274561271e-06,1
0.34770745066196185,0.6512551915204454,1.1975974035192822e-05,2.71016471068687e-07,0.0010085865797815514,8.154985302953278e-06,8.36926200197663e-06,1
0.2909940149515138,0.7079886021085166,7.559888015450304e-06,1.590465179692821e-07,0.0009941597341229542,5.486364164694382e-06,1.0017907148603723e-05,1
0.2941876022441998,0.7049809734477528,7.782448326325333e-06,1.637287887133053e-07,0.0007991240076507177,5.647880699274329e-06,1.8706242582518587e-05,1
0.24783792266260687,0.7506896183000729,8.357477543184084e-06,2.032296777003103e-07,0.0014467583143928354,6.065191072467497e-06,1.1074824634048747e-05,1
0.2789589111911061,0.7196915774846004,7.747359674045449e-06,1.6299058624867287e-07,0.0013257122246094308,5.622416152172262e-06,1.0266333271446105e-05,1
0.25432595521565093,0.7445140119467355,6.818487729817035e-06,1.4073700905030196e-07,0.0011392017680034701,4.836396617105172e-06,9.035448254207e-06,1
0.0883396956132379,0.9046762469426346,6.973148998689213e-06,1.2782362578460033e-07,0.006968135171177754,4.392631017970551e-06,4.428669306966372e-06,1
0.2016929427622963,0.7461020347386949,1.0482738933998995e-05,1.9215733077681616e-07,0.05218163209632397,6.756254060439554e-06,5.9592523598110835e-06,1
0.20681017241115773,0.7553474859182043,1.0699180376514103e-05,1.9612488258985372e-07,0.03781862428106354,6.739788809556788e-06,6.082295505804706e-06,1
0.21041683494736813,0.78273293282128,1.2405083590497562e-05,2.0927700983087813e-07,0.0068118675973234165,1.926009941465506e-05,6.490174013383699e-06,1
0.11791287184682316,0.8761138665174304,6.36000069750553e-06,1.4350186112012762e-07,0.005956837523206007,5.0455271623208335e-06,4.875082819322876e-06,1
0.3021834153441696,0.691036152650525,1.2090584221184116e-05,2.606931984188713e-07,0.006739861051676856,2.0874834725372726e-05,7.344841483695464e-06,1
0.169969377447224,0.8290409364060587,8.225388429610659e-06,1.6820432075037943e-07,0.0009628439866430252,5.853854360739658e-06,1.2594712963173998e-05,1
0.1725900108296188,0.8268624628463702,8.410128303146998e-06,1.7198214172620433e-07,0.0005169746285857516,5.98533025680921e-06,1.5984254723433737e-05,1
0.1793459585992408,0.8198351252582714,9.23511787854892e-06,2.218378273147261e-07,0.0007880267025994824,6.800671227655106e-06,1.4631812954500912e-05,1
0.048328240246004565,0.9511281145138681,6.725691065084809e-06,1.2581647978263122e-07,0.000523655526522133,4.279636396461804e-06,8.858569663650125e-06,1
0.28760029605252874,0.7115946906851464,1.1034277627698218e-05,2.566029138365759e-07,0.0007674858082056511,2.298948720418958e-05,3.2470863736693905e-06,1
0.07114427547319128,0.9285823151139239,3.266321461757383e-06,7.528633848653286e-08,0.00025885280269632104,2.6404148885436515e-06,8.574587499634068e-06,1
0.04896025063053908,0.95101993719593,3.2418116312349762e-06,5.19190612828677e-08,5.067872117822102e-06,2.6715059374967408e-06,8.779064782890515e-06,1
0.31173318731854865,0.6882365222946937,8.742063991263018e-06,1.5776528932614313e-07,1.093575546733783e-05,5.562678225205636e-06,4.892123784840611e-06,1
0.3021967891939665,0.6977702817817084,8.370502660929418e-06,1.5105983843478926e-07,1.0170639070482212e-05,5.354627483202956e-06,8.882195271989395e-06,1
0.28125045394888726,0.718716956403782,7.869812009095136e-06,1.657688940131222e-07,1.3956546148445531e-05,5.638614221645971e-06,4.958906057564575e-06,1
0.3403770698745726,0.6594630928196795,9.056694489265867e-06,2.0520334537871123e-07,0.00013850960691426105,6.488999519843535e-06,5.5768014791243085e-06,1
0.3832767471636256,0.6152940049028148,9.81929427182114e-06,2.432064624597353e-07,0.0014048114532426224,6.867825375887192e-06,7.506154206859522e-06,1
0.31863921399241524,0.6812698041071619,8.496045020933062e-06,1.9563006682621863e-07,6.898727493871437e-05,6.808326413219485e-06,6.4946239831670695e-06,1
0.2786761629771808,0.7212804608526373,7.685374848065174e-06,1.7696356262321362e-07,2.3480213760806574e-05,6.158693891646583e-06,5.87492411879797e-06,1
0.2195257690945586,0.7804317972935638,8.255325305063531e-06,1.6881651211909482e-07,2.2399231413247855e-05,5.875159872377971e-06,5.7350787747684315e-06,1
0.05695481045487425,0.9417889805171238,6.285068550598634e-06,1.152105383942458e-07,0.0012419356012997773,3.95918502108881e-06,3.913962592168412e-06,1
0.12315073395222485,0.8733479169322307,1.0498486795828113e-05,1.6148302754683257e-07,0.0034802392979395385,5.465948528735142e-06,4.983899252914567e-06,1
0.12509290995149297,0.8725130704391336,1.017343856023822e-05,1.43335202517683e-07,0.002373575826058065,4.944396951740304e-06,5.182612600832722e-06,1
0.23377552622729347,0.7608693114671539,2.2635343530225394e-05,2.080447407887643e-07,0.0052915864914077895,3.47320571931592e-05,6.000368680815148e-06,1
0.2025666967842876,0.791775764694963,2.421859420358837e-05,1.8013617323210964e-07,0.005591990628293699,3.5560624655320537e-05,5.588537423445765e-06,0
0.10738521282211581,0.8907103277216385,2.0279365460446624e-05,1.2966442781522792e-07,0.0018547586703779493,2.2133106632446796e-05,7.158649347188207e-06,1
0.08792120081662577,0.9111942190309918,1.6963696265223018e-05,1.2593349438500412e-07,0.0008432865143825829,1.9524778368957807e-05,4.679229871052091e-06,1
0.14746116644455512,0.8473939779818664,2.841582204348153e-05,1.5223984449633707e-07,0.005059114382000769,3.971538900180789e-05,1.7457740687701198e-05,1
0.09127577064709906,0.9085074918660179,2.1346974773120544e-05,1.4317582299482987e-07,0.0001532098775913647,3.524893933462967e-05,6.788519360930831e-06,1
0.10934624334439451,0.890448028489496,2.030643038711207e-05,1.203267472153322e-07,0.0001481980634859574,2.9489732477800028e-05,7.613613011419643e-06,1
0.20355574950626062,0.7782589844698032,2.1589701089841634e-05,1.4314886748843808e-07,0.018091265606434995,5.94250302104942e-05,1.2842537333209354e-05,0
0.17369799153247809,0.8104136855165301,2.5576052165280464e-05,1.4056018922403522e-07,0.015793983568221016,5.935626358211426e-05,9.266506833999973e-06,0
0.10700631005631113,0.8927165003886975,2.1690707860541806e-05,1.226850037328456e-07,0.0002025490944266216,4.544561482358505e-05,7.381452877009464e-06,1
0.10705272890998194,0.8926734556226619,2.0908796315106632e-05,1.262106689806544e-07,0.00020836985720501443,4.1796000715044944e-05,2.6146024520666487e-06,1
0.11797999314085805,0.8817465272632589,2.1071729428035933e-05,1.2977430070804396e-07,0.00020626980456237633,4.2992776525907565e-05,3.0155110659590268e-06,1
0.10541358862227052,0.8943157554688579,2.06585238487395e-05,1.415832439088727e-07,0.0002039306207400969,4.286668409698027e-05,3.058496941800454e-06,1
0.2744688146279749,0.6869754767798429,2.368087612555006e-05,2.3619295491319913e-07,0.03843849853843047,8.876599757761626e-05,4.5269870934276615e-06,1
0.10063818329300014,0.899107134422309,1.7233874132639952e-05,1.2288827059378773e-07,0.00019159961685352457,4.317246672298867e-05,2.553438711340967e-06,1
0.05165760647871738,0.9480985608203649,2.3140510974675568e-05,1.1512943493523815e-07,0.00017195659948470788,4.625772390416215e-05,2.362737118984029e-06,1
0.04502513890612233,0.9547487688219523,2.3445087383990377e-05,1.1225342355560613e-07,0.00016096481315429746,3.945442888080202e-05,2.1156890827171747e-06,1
0.022123198194980973,0.9776532156545119,2.392029358171197e-05,1.1019629341533449e-07,0.00015801500941402336,3.96997132187285e-05,1.84093799910168e-06,1
0.014743176391052567,0.9663030843369318,3.424452522633929e-05,2.282147406521877e-07,0.01884790699323117,6.827170025524417e-05,3.087838562221027e-06,1
0.02173691708127659,0.9669727940271672,3.4941393936861826e-05,2.427458973563965e-07,0.011169783487397921,8.205838325829409e-05,3.2628810656805465e-06,1
0.017653003791712425,0.9724979701397864,5.895890304934658e-05,2.529870403426091e-07,0.009699265024412155,8.682405976092962e-05,3.725094238292074e-06,1
0.02078461965085926,0.9662088093819142,5.7845819281477586e-05,2.3719877194109005e-07,0.012862562734346546,8.243259410771863e-05,3.4926207187969257e-06,1
0.04282437018835922,0.9544488123183986,3.865671382411929e-05,1.5567039781661465e-07,0.002647777823565463,3.754919844503844e-05,2.6780870098692722e-06,1
0.05504634122798019,0.9416313974169414,3.93333099090189e-05,1.8182754129671832e-07,0.003240555261353313,3.9103696153421626e-05,3.0872601215183987e-06,1
0.06007841005405866,0.9377325406698378,0.0001574789486018439,9.725917458337706e-07,0.0018538924161088889,0.00016844242194033552,8.26289770649493e-06,1
0.858229472840878,0.1403094345464334,1.7688655042824264e-05,1.9398338510521443e-07,8.868016751677808e-06,8.976146659275766e-06,0.0014253658108497002,0
0.5093151908535077,0.49064926849096635,1.0268778574925638e-05,1.6712429071498197e-07,7.243670425161053e-06,5.6346198306346025e-06,1.2226462404445325e-05,0
0.3170197658313137,0.6829339210360892,1.0810853434990758e-05,2.2744101388770572e-07,1.6388854782075582e-05,7.66820694746812e-06,1.1217776418698654e-05,1
0.25901280474912636,0.7409479620484981,9.274602379957853e-06,1.951210402941464e-07,1.6703502949403654e-05,6.578534325033884e-06,6.481441680979187e-06,1
0.48057463183669064,0.5188512711372217,1.1063833280225598e-05,2.503747121768672e-07,0.000547517127244039,7.533867185201561e-06,7.731823665974212e-06,1
0.2710249321406791,0.7275449009817484,9.401702070313088e-06,2.1276065810161027e-07,0.0014075801046470188,6.402046462429073e-06,6.570263734686649e-06,1
0.23055625731695856,0.7681985351221908,8.23791885004732e-06,1.7331107362117403e-07,0.0012251961546482742,5.843208118440785e-06,5.756968160123267e-06,1
0.19228652028348148,0.796376799539919,1.1411331993630105e-05,2.0917921454593916e-07,0.011311255335762885,7.188398079691367e-06,6.615931548645789e-06,1
0.13589829262752612,0.8574230752255992,6.510624534132966e-06,1.4690041434569076e-07,0.006662049548418689,5.048200695660034e-06,4.876872812164465e-06,1
0.18578279933391206,0.8074308339098091,1.2394899249071223e-05,2.1739956710182413e-07,0.006750975717240964,1.6069071988937643e-05,6.709668232771401e-06,1
0.14280824454947802,0.8566851516238363,7.78154947890268e-06,1.5912807713401195e-07,0.0004783355861731681,5.537982520850026e-06,1.4789580435680243e-05,1
0.18640861345693094,0.812434193208497,1.1615266781670627e-05,2.567513970363892e-07,0.0011137894596322704,2.0633236389843634e-05,1.0898620371093842e-05,1
0.14219236648772487,0.8569036208644688,6.076275258452038e-06,1.5615062468176654e-07,0.0008804185484821733,1.3928829597703633e-05,3.43284384308486e-06,1
0.07093655345669007,0.9287503823667257,3.406911814825117e-06,7.916925722328925e-08,0.00029225686639704803,7.158036636216147e-06,1.0163192479090752e-05,1
0.041246066338903806,0.9587290615698134,2.944838057003028e-06,6.358388697050479e-08,1.570706493809714e-05,2.1385549466299863e-06,4.01804945397609e-06,1
0.1601303856042663,0.8398426578659495,5.970599870675085e-06,3.269434170270802e-08,1.0491627592219198e-05,4.640797885716386e-06,5.820810093896128e-06,1
0.3643305948924236,0.6356422926482578,6.9203152533642595e-06,1.7389337039447973e-07,1.0024075341738207e-05,5.378987889314451e-06,4.61518746398635e-06,1
0.38249681706369004,0.6174762390583473,7.328806215289705e-06,1.6892366286863967e-07,9.737596779890713e-06,5.225261519331015e-06,4.483289785421005e-06,1
0.38134743305113394,0.618626218994528,7.166713410018118e-06,1.6518754137943925e-07,9.522228228411874e-06,5.109693270824317e-06,4.384131887556514e-06,1
0.3641587089243969,0.6358153012227048,6.856891253627723e-06,1.826804284199467e-07,1.0073013024297864e-05,4.682665467597425e-06,4.1946027243833465e-06,1
0.4729649679020435,0.5270076587767053,8.163989125871895e-06,1.5119170323207147e-07,9.389300283148447e-06,5.1002113319987726e-06,4.5686288068554544e-06,1
0.5947404991864779,0.40522855288816767,6.693357197216148e-06,1.486824340588633e-07,1.4334390671063744e-05,5.266030411011598e-06,4.5054646409702305e-06,1
0.30768571803425643,0.6922811652780901,9.774560974997921e-06,1.8285122545684674e-07,1.1469690495879099e-05,6.219668210036763e-06,5.469916747343959e-06,1
0.28938693079413447,0.7105806043573564,7.862082372683068e-06,1.6560607776316972e-07,1.3962883659085362e-05,5.633076041350068e-06,4.841200358137528e-06,1
0.4035249979496045,0.5963733508779868,9.933205605943064e-06,2.4602784369538737e-07,7.693121020416454e-05,6.9474974102948756e-06,7.593231344600673e-06,1
0.3152442788215645,0.6847063800909314,8.657974606155049e-06,1.9935866001282118e-07,2.692725748751155e-05,6.938089081547185e-06,6.61840766900864e-06,1
0.22566040319603362,0.7743010368544706,9.109354030212883e-06,1.8628089363060217e-07,1.645297518762107e-05,6.4829560657972645e-06,6.32838331864175e-06,1
0.12467632557468274,0.8752974957451958,6.956870516251483e-06,1.422638808790956e-07,9.308674440926011e-06,4.93784545331388e-06,4.833025830259408e-06,1
0.11776008525287442,0.882209032400094,9.93921241985736e-06,1.418138942614222e-07,1.1010726064952993e-05,4.9728558853981786e-06,4.817738767000288e-06,1
0.09950241829185119,0.8990264213633883,5.604789483331397e-06,1.1568566806848451e-07,0.0014575342530386269,3.975512748704175e-06,3.930103821931924e-06,1
0.08393888306657439,0.9152403986727723,1.0763995247293048e-05,1.1994236104997766e-07,0.0008016308736616594,4.126398193989672e-06,4.077051189317975e-06,1
0.09020602026770976,0.9088070554501853,1.15335224809624e-05,1.2851714310608934e-07,0.0009665607451929685,4.332974219510985e-06,4.368523068593767e-06,1
0.30256679713777135,0.688286513641014,2.160235068727811e-05,2.3424965125968982e-07,0.009076053604933885,3.965918913179423e-05,9.139826810208184e-06,1
0.30611066248407254,0.6872719294688575,2.058057141754828e-05,2.375002233493132e-07,0.006553054982685795,3.811903297588921e-05,5.415959767264994e-06,1
0.21220353748819537,0.7837888067702992,2.5173377187303493e-05,1.7604298136853138e-07,0.00394595680184375,3.0237904782260526e-05,6.111614710870268e-06,1
0.11308320241924008,0.884446539222169,2.0532482383794583e-05,1.3128283452032319e-07,0.002421537156620086,2.0798709035472072e-05,7.258727717075165e-06,1
0.0898194076859281,0.9081719291775652,1.9685258113812925e-05,1.255157925226162e-07,0.0019620521721020905,1.9870583347249098e-05,6.929607150885168e-06,1
0.08970159139843345,0.9091356048775192,1.9819386249710423e-05,1.256489793293523e-07,0.0011160274912481092,1.9894237302874013e-05,6.936960267411885e-06,1
0.0670131197256852,0.9323856574031537,8.553384682409639e-06,1.198214599616431e-07,0.000582190464479014,5.4335856120859856e-06,4.92561492769844e-06,1
0.06996625265570991,0.9294583196016105,9.148838997473515e-06,1.18099007163737e-07,0.000556491173632734,5.464767036834574e-06,4.204864005275959e-06,1
0.04286202073735594,0.9570769173177957,7.0383092442508455e-06,9.085597419524893e-08,4.664962681996325e-05,4.048301567439706e-06,3.234851242581077e-06,1
0.051449050979348945,0.9484750903904883,1.3394330395076452e-05,8.974708047484037e-08,4.652831530942792e-05,1.2650867372118017e-05,3.1953700058090705e-06,1
0.044813111543924616,0.9551118995293433,1.4816951883688826e-05,9.797213641546373e-08,4.239196005236615e-05,1.419382639148819e-05,3.488216267879267e-06,1
0.06462084762471251,0.9352147194431717,5.686777848871845e-05,1.320707233974454e-07,7.982415347655219e-05,2.380513572288404e-05,3.803793704246978e-06,1
0.05426859423401849,0.9455799317089434,4.2596153746878235e-05,1.2630843429316473e-07,8.135433671360223e-05,2.3759425209452135e-05,3.637832933736525e-06,1
0.0603905358740804,0.9394575419996662,2.935317642194311e-05,1.265186579031172e-07,9.129680410000144e-05,2.547443668345335e-05,5.67119039027406e-06,1
0.06459224786378757,0.9351680509485139,2.2168821571848468e-05,1.3362789313367116e-07,0.00018275114678405083,2.7884516058622728e-05,6.763075390749212e-06,1
0.2711576230174588,0.725673895804738,2.6884818235692406e-05,2.563985613015734e-07,0.0030848787938733907,4.9385088662374245e-05,7.0760784703793995e-06,1
0.22009461698008834,0.7758569652874123,3.3433256199454186e-05,1.4929372898211022e-07,0.003961361089038156,3.4517116960106214e-05,1.8956976572723868e-05,0
0.13596325776475868,0.8635375692035547,3.409136241848518e-05,1.8796123799822792e-07,0.0004032516584442414,4.040566496037686e-05,2.12363846255754e-05,0
0.5000933959116267,0.49352522315438685,2.4454222670573766e-05,1.9079361916553835e-07,0.006286752710472142,5.6170910995681024e-05,1.3812296228740011e-05,0
0.26842779273645456,0.7097873566935976,2.6642602433068207e-05,1.6390224356986795e-07,0.02171196154690594,4.002687388729845e-05,6.05564447812351e-06,0
0.2164361416028279,0.7697194664109568,2.1950821645842748e-05,1.4290632957851397e-07,0.013754134727129391,5.932434605645719e-05,8.839185053917193e-06,0
0.14239213285524055,0.8573666845464148,1.9588791737922923e-05,1.1428832849887266e-07,0.00017205448699824185,4.1890595851853616e-05,7.534435428057626e-06,1
0.09294883884022616,0.9067806128378219,2.180938618854299e-05,1.2335626126890414e-07,0.00019517877050007166,4.601496931571316e-05,7.421839686480841e-06,1
0.0391992499477406,0.9605627020191961,2.2097290973274526e-05,1.0880832132268593e-07,0.00016989095043573737,4.371797089989559e-05,2.233012433250154e-06,1
0.036613257764720714,0.9631775540183191,2.2264422134758693e-05,1.078495542698923e-07,0.0001441857075244476,4.082850434440857e-05,1.8017334021689931e-06,1
0.014726812096155166,0.9598392423377928,2.881793946291748e-05,2.2164534085831928e-07,0.02532521164336374,7.49216282154175e-05,4.772709669311855e-06,1
0.015070523566952633,0.9513252241737166,2.860863488224349e-05,2.3340745980519293e-07,0.03349494584193478,7.730627688268445e-05,3.1580981712086447e-06,1
0.02259789967236609,0.964215205307021,4.026950159609959e-05,2.45392920476497e-07,0.013072373931995831,7.070773294182416e-05,3.298461158745164e-06,1
0.062202663632608665,0.9351022958894215,0.00016458150362913093,1.0164572050281598e-06,0.0023827057676858747,0.00013810118170600545,8.635567743768324e-06,1
0.11383833935017189,0.8834904077912776,6.027353895127981e-05,3.6760656522468796e-07,0.0025595145825159744,4.7974036519109926e-05,3.123093998791455e-06,1
0.8444301929421459,0.15493921117973047,1.8842693927442147e-05,1.936316273862797e-07,9.562757260001058e-06,8.627809468247865e-06,0.0005933689858402706,0
0.8705595710904626,0.12736199808893958,1.9511104265900408e-05,1.8011294226530127e-07,1.136334439973983e-05,6.104888401929571e-06,0.0020412713705879036,0
0.8418790058409708,0.1575281049205487,1.3147895623597277e-05,1.550408711592833e-07,9.750880172097478e-06,5.255076088708757e-06,0.0005645803457249222,0
0.5760092933139079,0.4239532617623425,1.319253626843611e-05,2.1470842423048602e-07,9.154152764709076e-06,7.2389258305761655e-06,7.644600461582097e-06,0
0.45628766370821083,0.5436426040921268,1.4699261330561474e-05,2.925044973501357e-07,1.7522395970789726e-05,9.86183177961653e-06,2.735620608397301e-05,1
0.3392412897867254,0.6606972488680631,1.1424820899780441e-05,2.699249121962059e-07,1.783741263997863e-05,8.460420988257679e-06,2.3468765771316698e-05,1
0.3267673416562748,0.6731764447615559,1.1567432653473143e-05,2.617711735059314e-07,1.782689232918085e-05,7.876790898574832e-06,1.8680695114491985e-05,1
0.13933027812999643,0.8593828418369956,8.189689755932721e-06,1.5301647273393736e-07,0.0012681770558428368,5.15897269027638e-06,5.20129824595659e-06,1
0.06827446477293374,0.930201829031426,7.216908183373138e-06,1.3229193455162285e-07,0.0015046772779793594,4.546183474078845e-06,7.133534069159458e-06,1
0.17182821205951274,0.7329299646900649,8.693283792823801e-06,1.7101236783101026e-07,0.09522143177982312,6.124846037047158e-06,5.402328401691014e-06,1
0.12086343532799408,0.8455126548173606,7.477006082437787e-06,1.3705974555403365e-07,0.03360692953097637,4.7100282591759515e-06,4.656229581663004e-06,1
0.12685059618999225,0.8430613149026236,7.1679209875383754e-06,1.3139395847369928e-07,0.03007181051773738,4.5153247220361695e-06,4.463749978697036e-06,1
0.1257278395556381,0.8423626865017765,7.2236967044227345e-06,1.3241637379341128e-07,0.031893068885966123,4.550459801479021e-06,4.498483739781625e-06,1
0.16966030733392373,0.8259146495559638,7.153600584026925e-06,1.812230373401339e-07,0.0043983823182807535,1.2824714462480478e-05,6.501253747684638e-06,1
0.11220052963329365,0.882770601792377,5.293430138196651e-06,1.3110885391051508e-07,0.005010831637530244,4.241903160543561e-06,8.370494646541252e-06,1
0.13308930260217985,0.8628017464433705,7.471509975224969e-06,1.527879529480028e-07,0.004084432114525184,5.31733323283929e-06,1.1577208763356631e-05,1
0.11921069288551284,0.880741178111428,8.493417464724154e-06,1.5888506867099736e-07,2.368259561295153e-05,5.558986484229888e-06,1.0235118428232439e-05,1
0.06809708670098417,0.9303489539851476,6.9166310604751935e-06,1.50916979535153e-07,0.0015281427300006584,1.09718195840708e-05,7.777216243298326e-06,1
0.24445554349432422,0.7545156127140955,1.124656357758185e-05,2.4860134206813214e-07,0.000986595535235914,2.4585514535920065e-05,6.16757688891703e-06,1
0.2907020937244502,0.7082168237877791,1.0981899045307343e-05,2.430740015501283e-07,0.001042098960901604,2.288035847005061e-05,4.878195352319326e-06,1
0.09631728607627849,0.9030707523712812,4.12138163566929e-06,1.0577223489533581e-07,0.0005963718538177636,8.750533042895653e-06,2.612011708833859e-06,1
0.09146380129271954,0.9085168631223913,3.966775598765617e-06,9.431940452200311e-08,5.426581539276974e-06,2.9175519083924264e-06,6.930356438198852e-06,1
0.1031888005219923,0.8967829800144769,5.625590269774558e-06,9.00963409331287e-08,8.537698932300041e-06,4.137605271274236e-06,9.828472716463475e-06,1
0.16557180479196082,0.8343983153575287,6.340872333361973e-06,1.0732027912287513e-07,1.0761528380270485e-05,4.9286014061660015e-06,7.741528111753099e-06,1
0.13834982781064123,0.8616244263365654,5.497809219817301e-06,3.0105392614206734e-08,1.0681399279549802e-05,4.176658136674818e-06,5.359880764779732e-06,1
0.1773904581589204,0.8225830845586294,6.560042013876013e-06,1.507938571959838e-07,1.121533754789891e-05,4.558959859806805e-06,3.972149171628428e-06,1
0.35223885115584763,0.6477351694124609,6.925533590124513e-06,1.4602606253576364e-07,1.070576935026201e-05,4.326522776047783e-06,3.875579912572315e-06,1
0.5317534447720269,0.4682152977164265,7.6025879296232905e-06,1.5448879844089032e-07,1.3471097664094614e-05,5.347924563930998e-06,4.6814125905811086e-06,1
0.536343847414277,0.4636201947325394,9.597799771925598e-06,1.777449323394148e-07,1.4815366381788548e-05,5.995942229259441e-06,5.370999868372198e-06,1
0.5048122036807421,0.4951513120547713,9.718911707910052e-06,1.7539415395106748e-07,1.4966925693272251e-05,6.184257926311122e-06,5.438775005141936e-06,1
0.3659385233536724,0.634026836339217,1.0077966324420254e-05,2.1249564695225939e-07,1.2166546303456166e-05,6.543594206581601e-06,5.639704628997572e-06,1
0.39563181810397124,0.6043303986321822,1.1023123492352126e-05,2.324244478041319e-07,1.3307579928446783e-05,7.051514394517263e-06,6.1686215834231215e-06,1
0.4102496137349269,0.589637809118661,1.0121920853072997e-05,2.5070198487052227e-07,8.738754389570898e-05,7.079488908581584e-06,7.737490769660165e-06,1
0.4183393792622991,0.5816060043645797,1.0012044413999473e-05,2.479805408120189e-07,2.9700211177086797e-05,7.002638966458268e-06,7.653498023078234e-06,1
0.3574767648914357,0.6424724302409031,9.313335221672527e-06,2.306747562770149e-07,2.7627526547915002e-05,6.513946745959344e-06,7.119384389432786e-06,1
0.21919859525385632,0.7807661412141564,7.599306348013634e-06,1.7498174798178576e-07,1.545499541965869e-05,6.089722689068996e-06,5.944525782609797e-06,1
0.2291024820805292,0.7708616108656181,8.94416681079237e-06,1.8290291284865552e-07,1.4200963032198172e-05,6.365395426197294e-06,6.213625670583895e-06,0
0.16504353001249752,0.8349257086799969,8.170555110124811e-06,1.6708301184958604e-07,1.0932651016592082e-05,5.814830517776749e-06,5.676187849485592e-06,0
0.10417415669426189,0.8958020719877076,6.7387561471841975e-06,1.2606088628627656e-07,8.248472788190133e-06,4.375454755929374e-06,4.282573453234772e-06,1
0.09697608119585249,0.9029971164392495,8.732862767950094e-06,1.2460155039038383e-07,9.34261743070012e-06,4.369286637361002e-06,4.232996511875577e-06,1
0.0784757252437133,0.9201531021684747,9.59646664186654e-06,1.749061377692102e-07,0.0013461107721956824,6.042635639431182e-06,9.247807197387366e-06,1
0.10386699191887899,0.8948029154693524,7.692607539452354e-06,1.4101189973361955e-07,0.0013126226559550286,4.8458431754755834e-06,4.790493198802335e-06,1
0.1486221796090607,0.8492803658620708,7.040983973324234e-06,1.563254353198715e-07,0.002080438285912841,4.99421461459326e-06,4.82471893262156e-06,1
0.3205417535871597,0.6730495864644831,1.822015462818276e-05,2.270856718936973e-07,0.006362907733672466,2.090700054635463e-05,6.397973838188741e-06,1
0.1181994657305469,0.8795882049705268,8.141708903359614e-06,1.267214651814811e-07,0.0021945362217721566,4.455528239365653e-06,5.069118546177257e-06,1
0.11439882969658877,0.8842079099492763,9.049373561908264e-06,1.2676959965989438e-07,0.0013747360697865417,4.372960801826707e-06,4.9751803852110515e-06,1
0.104075230291843,0.8945565752457706,9.799793475673215e-06,1.2650193977687e-07,0.0013497031128520927,4.265031345420078e-06,4.300022773467111e-06,1
0.10323117561989024,0.8912142989045859,9.27159691836202e-06,1.3587096935919698e-07,0.005534623429550719,5.981278224362488e-06,4.513299861010244e-06,1
0.3060323471872698,0.6870960979421026,2.0789146397966958e-05,2.3743946133491168e-07,0.006807004430009623,3.8109280609352504e-05,5.414574149092786e-06,1
0.07908018195536534,0.9205384914586038,1.0515275427187173e-05,1.1531621356972113e-07,0.000360619581422287,5.335999496208188e-06,4.740413471397423e-06,1
0.04080319799498359,0.9591436987301456,7.101488364292442e-06,9.167153945403114e-08,3.850031855011523e-05,4.145907652946823e-06,3.263888763934473e-06,1
0.034020802747293584,0.9658783657080444,2.2224695921747413e-05,9.753391481977317e-08,6.008099174401654e-05,1.4955709328412376e-05,3.4726137531750646e-06,1
0.06230423949523589,0.9375102793964853,2.5105019935255135e-05,1.313772020128667e-07,0.00012735860161725945,2.6236944436131057e-05,6.649165088234273e-06,1
0.3051844223729788,0.6590401360159152,2.0713849342141628e-05,1.9923087203482603e-07,0.03556752698170703,0.0001831829950427183,3.818554142080357e-06,1
0.09990632153786268,0.8997697033015994,1.7706721957191932e-05,1.268351018143864e-07,0.00019803757409284615,0.00010550106340074289,2.6029659853324406e-06,1
0.08630727451680223,0.913429897647627,2.0105775411788535e-05,1.273240006596719e-07,0.00019851552654110078,4.146621023364836e-05,2.6129993833929307e-06,1
0.06037320040673285,0.9393851412448689,2.2702172690638974e-05,1.1294859981855279e-07,0.0001763554913842688,4.016975466632833e-05,2.3179810573958277e-06,1
0.04641926650506343,0.9533508061011342,2.2918158972177263e-05,1.0799138944853685e-07,0.0001612952596670426,4.338973677710888e-05,2.21624699647181e-06,1
0.0462456542101094,0.9535306324512784,2.2348371618811763e-05,1.0530652597172595e-07,0.0001575112916291583,4.158722179594109e-05,2.1611470422365273e-06,1
0.042225605557074296,0.9575594155054071,2.2194676946779297e-05,9.750013800092856e-08,0.0001522345985236676,3.845122100996098e-05,2.000940900043884e-06,1
0.039346937444058774,0.9604299060162876,2.61318108378706e-05,1.0462242502258448e-07,0.0001452219306481609,4.9692624817960674e-05,2.005550924931846e-06,1
0.021842804341196866,0.9780007450613468,1.960403814898032e-05,9.974172778487899e-08,9.732140133652116e-05,3.7759132096112866e-05,1.6662841469918984e-06,1
0.01561378353931739,0.9606257953841285,2.8888325401525246e-05,2.3568935315333265e-07,0.023650046031844462,7.806205683562716e-05,3.188973119317278e-06,1
0.017017209408999593,0.9702709857794957,3.283524590807361e-05,2.6169731992363944e-07,0.012607846857766562,6.734339295468972e-05,3.517617555713088e-06,1
0.02413157496816903,0.966864956540099,6.062314745325949e-05,2.4858730165346986e-07,0.008877291902850009,6.164454360734589e-05,3.6603105196529384e-06,1
0.07273119642589718,0.9259938233460322,9.346587486710151e-05,4.254504481691725e-07,0.001003111675062064,0.00017120567368487686,6.7715540086390784e-06,1
0.08785738324509319,0.9084438095973855,6.304174269436496e-05,3.8448975953422087e-07,0.0035778845194511417,5.422987619566679e-05,3.26652942083378e-06,1
0.8506328718907916,0.14838400224865525,1.6088195870763245e-05,1.3742666015511438e-07,8.647005155608317e-06,4.65804629664585e-06,0.0009535951865699665,0
0.8168202057924355,0.18237667859345572,1.7694669388490415e-05,1.5114928585798064e-07,9.510444717242382e-06,5.1231716643390224e-06,0.0007706361790530355,0
0.8472730360432036,0.1519532289476865,1.2758785782547661e-05,1.421701566873602e-07,8.965460147154803e-06,4.818826064052269e-06,0.0007470497669597242,0
0.842095331924153,0.15726982815543908,1.4071757836254787e-05,1.5680050206528802e-07,9.861547443142051e-06,5.314718389670794e-06,0.0006054350962368322,0
0.7108160937384743,0.2891520745664359,1.0292840850608682e-05,1.9121303679821537e-07,8.092808418023069e-06,6.446775417324197e-06,6.808057367134277e-06,0
0.5252487027504629,0.4747090185394475,1.3592450791542175e-05,2.539618639918214e-07,1.0827733973287238e-05,8.562361275858288e-06,9.042202184912998e-06,0
0.6780698798469628,0.3217273714049184,7.5085526622759904e-06,1.6991865875656682e-07,0.0001847101022742669,5.1129149434838035e-06,5.247259580019214e-06,0
0.2691384299076521,0.7306612557146849,9.549554935762837e-06,2.0090555013320286e-07,0.00017711676837019682,6.773559917724263e-06,6.673588889288325e-06,1
0.17994427505497018,0.7949901988992754,9.728162192989891e-06,1.949364741124483e-07,0.025037527876583515,6.853968773534295e-06,1.1221101730108766e-05,1
0.10735445152288235,0.8674973863752623,7.247618167457302e-06,1.3285487412371046e-07,0.025131702719456365,4.5655287696798475e-06,4.513380587876992e-06,1
0.10696287219826761,0.8580876862817647,7.414399217090302e-06,1.3591210959655906e-07,0.03493260337684879,4.670589999830718e-06,4.617241792268147e-06,1
0.11672840206983202,0.8495999315322981,7.223513963447518e-06,1.32413023999217e-07,0.03365526175625622,4.550344686532224e-06,4.498369939695708e-06,1
0.10208728754321018,0.8651635307390163,7.174414566321376e-06,1.3151299117822303e-07,0.032732888581172306,4.5194152549625716e-06,4.467793788918253e-06,1
0.1126110794325403,0.8853266924069042,7.123223132436118e-06,1.4566569333449958e-07,0.002025607015611714,5.069464032388137e-06,2.428279208593959e-05,1
0.05737629625108209,0.9425861216080176,7.258173002542452e-06,1.357775383966002e-07,8.716902906435595e-06,4.643067950824861e-06,1.6828219501836282e-05,1
0.061501600908233756,0.9371220965052927,6.966985637358619e-06,1.5201568793561166e-07,0.0013492354514395594,1.1051696814469037e-05,8.896436894230525e-06,1
0.05774941477875828,0.9419264784693626,3.372491743495961e-06,7.836940925867681e-08,0.0003020662402210119,7.085718905383447e-06,1.1503931599836038e-05,1
0.3294816942448058,0.670490893000722,6.789373252958093e-06,1.5649012469170827e-07,1.1472932649490955e-05,4.8406588681584896e-06,4.153299577070938e-06,1
0.34503794756953676,0.6549303631454594,7.50983691408381e-06,2.0007612401654173e-07,1.4031007275916e-05,5.354332027738373e-06,4.594032662079145e-06,1
0.4699977408819487,0.5299713817263774,8.496427135846359e-06,1.5734823629111712e-07,1.2161060551105546e-05,5.307892170314172e-06,4.754663580474881e-06,1
0.5622149933920778,0.4377530986998951,7.766756282950592e-06,1.578247903271178e-07,1.3499523973005437e-05,5.58983413699762e-06,4.89396884380975e-06,1
0.5957126586424255,0.4042458844868571,9.452100822082256e-06,1.9135243976986746e-07,1.703188845537978e-05,6.60434328990954e-06,8.177185710326377e-06,1
0.531601029110564,0.4683631933825043,9.475801598724515e-06,2.0283579939511997e-07,1.4627047425690935e-05,6.169093321234669e-06,5.3027287866893596e-06,1
0.29031272455722595,0.7096465925964917,1.0504828853011704e-05,1.9651223557772527e-07,1.2114551139327808e-05,6.719960265377204e-06,1.1146993788891299e-05,1
0.20808241412761955,0.7918839019839864,8.390393649960945e-06,1.715785797591543e-07,1.3321718229238833e-05,5.971285475021764e-06,5.828912460218613e-06,0
0.11200604591618914,0.8879676076873906,7.468746184035087e-06,1.3971669887478026e-07,9.142006078770842e-06,4.849435162514484e-06,4.746492295920568e-06,1
0.10185866359468425,0.8981175358551483,6.747042950640593e-06,1.2621590625811955e-07,8.258616124930361e-06,4.380835353298205e-06,4.2878398323289845e-06,1
0.07039670049711472,0.9281542001702979,9.898903087198218e-06,1.8145513370414125e-07,0.0014266188669391287,6.2356660890058365e-06,6.164441338210064e-06,1
0.10821223877301374,0.8904897017402731,6.883115034231181e-06,1.2617322826936713e-07,0.0012824278930187803,4.3359154673601226e-06,4.286389964514685e-06,1
0.19232651248830657,0.8050984609785733,8.198230449986393e-06,1.820188696355853e-07,0.002554867525933365,6.161054742413242e-06,5.617703124435513e-06,1
0.10739929226065403,0.8911601562986152,1.1512274231475013e-05,1.238632006694039e-07,0.0014199954193782913,4.3550316247558195e-06,4.564852295594972e-06,1
0.06722454996091824,0.9318081072380373,1.1169337095178659e-05,1.1287058573198759e-07,0.0009483408175578079,3.883106660914916e-06,3.8366691448225595e-06,1
0.10481839948734105,0.8937887257449008,9.965330354128535e-06,1.2863879462806517e-07,0.0013740710646740904,4.33707571831299e-06,4.3726582171602375e-06,1
0.23811025371024885,0.7534290800232155,2.195089748917765e-05,2.3771291910913647e-07,0.008397487116427576,3.428930824585984e-05,6.701231454044791e-06,1
0.2924259957029116,0.7005674138159058,1.9997712334217655e-05,2.284002408598896e-07,0.006944497448702438,3.665847631744699e-05,5.208443587488413e-06,1
0.2572583760408231,0.7364355487040664,2.2034453613351826e-05,2.13260053181682e-07,0.006241427895406014,3.4796013279119e-05,7.603632758637969e-06,1
0.22308968574771756,0.772088780981236,1.8003519322830402e-05,1.6309368199905818e-07,0.004773221431798998,2.4330239119399875e-05,5.814987123342992e-06,1
0.10422398605855855,0.8925911711421789,1.1854655414973022e-05,1.300045809636163e-07,0.003162344265301439,5.895363158279836e-06,4.618510807047487e-06,1
0.07455218121442356,0.9249004865505506,1.0628773082614108e-05,1.1656089041756058e-07,0.000526618775984899,5.39359412949883e-06,4.5745309383638195e-06,1
0.039501046179951094,0.960421527095594,1.2962563133111779e-05,8.62003602982676e-08,4.906966338301532e-05,1.2239205588535407e-05,3.0690919897303732e-06,1
0.05447645613577429,0.9454200978917833,2.006348605648204e-05,1.210831698097465e-07,5.833421358831688e-05,2.143985051759995e-05,3.487339110171712e-06,1
0.08118946514724502,0.9186538528906549,2.4600075110926076e-05,1.2873477279503244e-07,0.00010194215289938988,2.5824666751676327e-05,4.186332565051094e-06,1
0.13346708339228103,0.866360951129629,2.338233887288063e-05,1.4938972361133263e-07,0.00011386735128416228,2.75374265173654e-05,7.028971692022044e-06,1
0.0897311481208678,0.9100491864118402,4.748065823686065e-05,1.274347154224643e-07,0.00012997914184605574,3.1633850314844286e-05,1.0444382178865488e-05,1
0.1259957940693535,0.8737048323413613,2.7348435773278105e-05,1.4300177147787025e-07,0.00022641991442629185,3.210471911984684e-05,1.335751819415762e-05,0
0.22171847417442186,0.7628645856595988,2.115550030064631e-05,1.4194200435729473e-07,0.01534830557180685,4.1696069482022866e-05,5.641082385438875e-06,0
0.08019141872797884,0.9195562890047826,2.211665969152738e-05,1.2509423363490616e-07,0.00017565131344646974,4.687279352011086e-05,7.526406346878261e-06,1
0.05966826448393504,0.9400572663838497,2.3732514839242574e-05,1.2788313746239944e-07,0.00018460276530953747,5.831176569113693e-05,7.694203237735277e-06,1
0.08159822021487882,0.9181200536900598,2.4945982441043065e-05,1.2996848799309571e-07,0.000213189151572808,4.0716663330086905e-05,2.7443292294051907e-06,1
0.12209993687700638,0.8775812027975177,1.9091111836745625e-05,1.2624642916650817e-07,0.00019711843340187857,9.993364882296e-05,2.5908849852228265e-06,1
0.10548756751145441,0.8942008794571378,2.2127686769705978e-05,1.2995285641638645e-07,0.0002029055684348262,8.372287342445362e-05,2.6669499224565354e-06,1
0.08862682244987609,0.911110144169074,1.985732600685359e-05,1.2575064317656362e-07,0.00019634432392182688,4.412527023204147e-05,2.5807102461374377e-06,1
0.03909227116301417,0.9606755615226484,2.4185847350741754e-05,1.0882110555123253e-07,0.00016253451841644507,4.307698388934977e-05,2.261143575239522e-06,1
0.041321791148037815,0.9584713722097161,2.2248006158709252e-05,9.403731926837417e-08,0.00014682782854037144,3.595616735600713e-05,1.710602871764709e-06,1
0.0662104016071903,0.9121246283799809,2.496586969534908e-05,1.8276219731523676e-07,0.021571190837454693,6.584330721216781e-05,2.7872362692179025e-06,1
0.014189691227332333,0.9607068265889827,2.6545167419108278e-05,2.1657237833613662e-07,0.024999351473963167,7.443865727503871e-05,2.930312649512168e-06,1
0.026980903694488863,0.9602373200046052,6.70466053072714e-05,2.876906008157769e-07,0.012635239614580948,7.496630544575781e-05,4.2360849712234835e-06,1
0.022109391513818633,0.9666824081294172,6.150676505087434e-05,2.522106060101754e-07,0.01108385425282411,5.8873466611006944e-05,3.71366167220393e-06,1
0.14849852420945484,0.8448145645419061,7.694667237130955e-05,3.476832978175022e-07,0.00652210465229792,8.160890626730517e-05,5.9033344047607836e-06,1
0.06490129873557512,0.9330984138762635,4.234912105362461e-05,2.0063309224177273e-07,0.0019069903233952573,4.734074998443427e-05,3.4065606360708493e-06,1
0.05951549268285011,0.938989601411985,3.6426830461680136e-05,1.578664229587142e-07,0.001406805189187804,4.900338568503089e-05,2.5126334072881856e-06,1
0.0710785593735662,0.9278388546545685,9.742027722036949e-05,4.305357026887816e-07,0.0008046306341561988,0.00017325203285463512,6.85249193166958e-06,1
0.06776975002207546,0.9310549640908123,0.00010323770567967245,4.14663849932785e-07,0.0008960565920970946,0.00016686503466151753,8.711890823961311e-06,1
0.8117567376684647,0.18703194430519932,2.497571154444368e-05,2.1528448553986764e-07,1.0969179536544466e-05,9.736496595295289e-06,0.0011654213541740339,0
0.8274719556162302,0.17225179039820687,1.7569596753645316e-05,1.500809053744487e-07,9.438936413887178e-06,5.086959143790925e-06,0.00024400841234630482,0
0.772189027796274,0.2277500812776909,1.7839329915467504e-05,1.8027351126273603e-07,9.964706777892832e-06,6.077947718751834e-06,2.682866811172424e-05,0
0.7634492739907425,0.2365041172739376,1.60976514245286e-05,2.0348584909205843e-07,1.2171196011703865e-05,6.860555073367608e-06,1.1275846961169704e-05,0
0.40397187895210784,0.5959609921606059,1.5040169442534466e-05,2.9647468787838393e-07,1.6722506162161633e-05,9.292586784246738e-06,2.5777150209404865e-05,0
0.681162334585338,0.3188018832196859,7.865637385884132e-06,1.7799949137865074e-07,1.4468960798007414e-05,5.356070169470118e-06,7.913527131396532e-06,0
0.338495702395583,0.6608347556030433,8.870398195952534e-06,2.490946431602383e-07,0.000645842963450046,6.755709909680179e-06,7.823835174857528e-06,0
0.29164234783574333,0.7083073776419103,8.676043523758587e-06,2.2235572515564783e-07,2.684081748604442e-05,6.882894411909559e-06,7.652411199617866e-06,1
0.2522463750667631,0.7477041163288812,9.055487769187022e-06,1.905112609153947e-07,2.7362537932619232e-05,6.571751259960518e-06,6.3283161330602215e-06,1
0.18466086090077274,0.8151702846272983,7.407880122865727e-06,1.5130204530872698e-07,0.00015013809682760997,5.219215925161523e-06,5.9379770077513215e-06,1
0.13856607173349292,0.861277234759729,8.137105706981043e-06,1.5203399037716361e-07,0.00013811061697861532,5.125848154357379e-06,5.167901947717144e-06,1
0.083857541551021,0.9148602076159972,8.562218313849524e-06,1.5997681038089105e-07,0.001262697104040021,5.393641488962998e-06,5.437892328590521e-06,1
0.06958169373431779,0.9292368659900551,7.591291450469353e-06,1.4183597619246107e-07,0.0011641038740196387,4.782020619099713e-06,4.821253561805361e-06,1
0.19077628369807884,0.8082665188508189,1.0152033756676315e-05,1.4445956179993578e-07,0.0009359785486936061,6.3951219719302024e-06,4.5272871181984165e-06,1
0.18485391552265726,0.8138221415280344,9.882407948147598e-06,1.390428032928483e-07,0.001306278010540838,6.22527522263354e-06,1.4182127935228683e-06,1
0.1050037085285447,0.8937582872146165,7.048664644142645e-06,1.4124372164768966e-07,0.001217645421377134,5.067475597626909e-06,8.101451498494798e-06,1
0.10414091732198122,0.8879746196391493,6.990747395712057e-06,1.4008315462841348e-07,0.007867143748794011,5.0258373217376475e-06,5.1626222035585976e-06,1
0.09497531607872367,0.8724113803069685,7.227756626424097e-06,1.3249079554328555e-07,0.032596889337582195,4.553017288679864e-06,4.501012014964707e-06,1
0.17023260758283737,0.8031303277308391,8.499350069582227e-06,1.8870439197095973e-07,0.026616165242208212,6.387349242386424e-06,5.8240404112624724e-06,1
0.30557021898496395,0.6859892765805802,1.6166512299219435e-05,2.84342146824798e-07,0.00839303974568098,2.3002700903573483e-05,8.011133425146631e-06,1
0.1384527977560057,0.8578482651360214,6.793725874696877e-06,1.4953875426417158e-07,0.0036745044956875803,1.21247461086395e-05,5.3646015476462566e-06,1
0.09692398494853956,0.8948580121148275,4.812121006394004e-06,1.1080397428888891e-07,0.008201523392247709,3.856204913076433e-06,7.70041449110233e-06,1
0.21252955395796916,0.7874352124369743,9.011644048894955e-06,1.6494027184481573e-07,1.1157087306199976e-05,5.986636771719896e-06,8.913296657786961e-06,1
0.051294608589298615,0.9486592997089726,8.479391843240895e-06,1.5862269350319517e-07,1.2398510499324048e-05,5.39553684536319e-06,1.9659639847404294e-05,1
0.02732202047223102,0.9720713426170507,6.019092823602875e-06,1.1651404785652308e-07,0.0005820973794666433,3.963214999874007e-06,1.4440709380441404e-05,1
0.061649461832876375,0.9381176196046895,3.3119628990660656e-06,7.626131001823407e-08,0.00021568180727381698,2.6540495524396466e-06,1.1194481398576124e-05,1
0.04952216747389615,0.9504603667980164,3.4149695795701262e-06,7.871256969006388e-08,4.878679948543108e-06,2.479966621462712e-06,6.61339936814032e-06,1
0.09654140564196051,0.9034367736238869,4.4768421319023464e-06,7.169862639780076e-08,6.09690104467894e-06,3.353798312942757e-06,7.821494036941243e-06,1
0.11982126644716147,0.8801568316546075,5.184979627416227e-06,2.6025082150787792e-08,8.446881841340798e-06,3.6105780952819633e-06,4.633433584785525e-06,1
0.3470440882819003,0.6529241334579806,7.5373397368059315e-06,1.737302091533438e-07,1.4082392187484269e-05,5.373940874939582e-06,4.610857110776272e-06,1
0.38412351469146305,0.6158495014988974,7.231791633366058e-06,1.5248356585915255e-07,1.1034721804771824e-05,4.517848452573532e-06,4.0469641828245225e-06,1
0.5004425678143024,0.49952824790180594,8.024874602460765e-06,1.692058561684817e-07,1.1486120506326573e-05,5.013303638001657e-06,4.490779288769505e-06,1
0.28466537919648416,0.7153002342178219,1.0164244212342012e-05,1.9014097050735254e-07,1.1876585895520159e-05,6.4676282411310275e-06,5.6879863743645345e-06,1
0.5998805846192794,0.4000758996477191,9.016023580362125e-06,2.5823618923734245e-07,2.1786476658127154e-05,6.163374882498737e-06,6.291621691443051e-06,1
0.404717886896711,0.5952361125173895,9.808514441528956e-06,2.4293946522768346e-07,2.1590932470598388e-05,6.860285730982069e-06,7.497913790974532e-06,0
0.40639642889526145,0.5935595990989267,1.0205756748194171e-05,2.527784509499715e-07,1.8573767710962767e-05,7.138125534797761e-06,7.801577366866597e-06,0
0.17080010060045497,0.8291703912875202,7.871345154790059e-06,1.6096434551187778e-07,1.0532291680136299e-05,5.475187930670294e-06,5.468322913746811e-06,0
0.11601670596238584,0.8839566829054614,7.543794170146907e-06,1.41120610136239e-07,9.233867433853485e-06,4.898163601499934e-06,4.794186337079114e-06,1
0.11475933547649667,0.8852124149734839,8.41452797245086e-06,1.3711356565998118e-07,1.0280767651019912e-05,4.7590828578420844e-06,4.65805797240157e-06,1
0.10774468824568785,0.892228412498603,7.936514600032525e-06,1.293244040884688e-07,1.0041016039701106e-05,4.398958130476558e-06,4.393442534958411e-06,1
0.11659598431777213,0.8820035287908327,7.098838796524595e-06,1.301276244065245e-07,0.0013843653878003437,4.471807428042661e-06,4.4207297460239626e-06,1
0.1402047816389734,0.8584297208035502,6.668088475673821e-06,1.3763269295702065e-07,0.001349392920435022,4.729717471702809e-06,4.569198401085132e-06,1
0.11791826573332724,0.8810238754589907,6.436212038613864e-06,1.5355137302346332e-07,0.0010421878456968404,4.670889702712397e-06,4.4103088708503645e-06,1
0.15641151437717896,0.8415301465105341,8.892113394103327e-06,1.3874103022982576e-07,0.0020363835511785014,4.878136290977877e-06,8.046570393108246e-06,1
0.10205738274397094,0.8964430227506204,8.728545590759617e-06,1.1996372366169412e-07,0.0014817292751042762,4.217925966280944e-06,4.798795023487825e-06,1
0.082687739993015,0.9158578430641227,1.1664901361150551e-05,1.2550535098744526e-07,0.0014331032429049958,4.502821761429296e-06,5.020471483847067e-06,1
0.2700552839121974,0.7224295926983734,2.1749117964760425e-05,2.355277875085119e-07,0.007453977886069213,3.252122597198809e-05,6.63963163579255e-06,1
0.304842161603222,0.6885726322940804,2.0601013099407262e-05,3.036006410076771e-07,0.0065189573752756046,4.019597911901654e-05,5.148134562665555e-06,1
0.3258035609815936,0.6665720544634365,1.8237636945428016e-05,2.1038571901855164e-07,0.007568736054552043,3.0352880141530756e-05,6.847597611988202e-06,1
0.1675183208040011,0.8284070951731336,1.8851916992303677e-05,1.4346315991574073e-07,0.004027879690754066,2.2728398052183872e-05,4.9805539067387445e-06,1
0.08444466836167525,0.9139497663271778,1.1524036165582856e-05,1.263788309547898e-07,0.0015836942478418986,5.730945005744498e-06,4.489703302917272e-06,1
0.07254753686336995,0.9268292952488327,1.0769930283524657e-05,1.1810889684305271e-07,0.0006021793401949276,5.465224659593878e-06,4.635283762581545e-06,1
0.06772810832716518,0.931901601665747,1.128798535824955e-05,1.1406957353536179e-07,0.0003496676224234939,5.158931966549727e-06,4.061397765952603e-06,1
0.04038252242002672,0.9595406982509611,1.2834875367142433e-05,8.584170749334458e-08,4.865914006949555e-05,1.2143149412572762e-05,3.0563224555094515e-06,1
0.04651966417029208,0.9533987137928922,1.5858751177101583e-05,9.558042009620521e-08,4.604775915194362e-05,1.621688486530715e-05,3.4030612015692805e-06,1
0.06042745258252439,0.9394744394593133,1.8815844276586853e-05,1.1355364971181835e-07,5.493872533157153e-05,2.0969354916383736e-05,3.270479987970112e-06,1
0.3542706360319904,0.6433776161672267,2.41056767952504e-05,2.4213976045844366e-07,0.0022740787276049924,4.663869203564412e-05,6.682564586575564e-06,0
0.1595733662486886,0.8336219964925004,3.958446003892752e-05,1.487627823434019e-07,0.006712003908193279,3.7467884159095045e-05,1.5432243637380955e-05,1
0.13470384664183704,0.8578844744069292,5.899063569101927e-05,1.5781974877920742e-07,0.0073016550528844214,3.9749001545473536e-05,1.112644136393239e-05,1
0.10753048530412865,0.8922795593311461,3.1215850565364626e-05,1.1746550374605328e-07,0.00011661506743564212,2.8065110669488794e-05,1.3941870551124846e-05,1
0.12599336882748344,0.8736880147518766,2.6949693135994495e-05,1.4299901889484762e-07,0.00024292597482144688,3.24413258876839e-05,1.6156427775600938e-05,0
0.5380839806028047,0.45601076576217964,1.7132745121704044e-05,1.8361805364171825e-07,0.005832528569920154,4.2956254445998424e-05,1.2452447474053144e-05,0
0.4667747963724383,0.5255561812959793,2.2492229105626486e-05,2.0839917789826192e-07,0.007564101616021109,5.5034838459941514e-05,2.718524881770811e-05,0
0.16256385539755946,0.8235595814366664,2.057797375174115e-05,1.3841358282721148e-07,0.01381182463753541,3.569427037584011e-05,8.327870528359078e-06,0
0.060662998759411474,0.9391048953902376,2.31017023298912e-05,1.2216703302963421e-07,0.00016190124427938675,4.061447840503533e-05,6.3662583036050775e-06,1
0.10042187633744373,0.8993066541617173,2.3024131276157064e-05,1.252219685934453e-07,0.00021072104028326504,3.49550024679002e-05,2.6441048432671344e-06,1
0.27771860825693306,0.6905183732200209,2.164067644068317e-05,1.910824232954204e-07,0.031548263169237235,0.00018898411318223188,3.939481762546281e-06,1
0.12020951217628656,0.8794793323935665,1.5624431109673945e-05,1.4121344254759062e-07,0.00019431203120945137,9.852375618518995e-05,2.5539982000684816e-06,1
0.0770486592863944,0.9226961242157469,1.9738206604295947e-05,1.231200537284084e-07,0.0001922369786735905,4.059146839950655e-05,2.526724127492277e-06,1
0.060417855241482715,0.9393081590694085,2.4660317236259622e-05,1.0603682334809435e-07,0.00016864888934931257,7.835375866756181e-05,2.2166870325049746e-06,1
0.05212484505843252,0.9158195500031593,2.860696147259758e-05,2.0311906208661295e-07,0.03195666843798919,6.702872886748077e-05,3.0976910167085837e-06,1
0.01243515343886184,0.9571632767836291,2.907695572071622e-05,2.2278944150465274e-07,0.03029227013696907,7.530836263958212e-05,4.691532738277703e-06,1
0.014986375051786063,0.9180267719912505,4.122790250582838e-05,2.2186047938431136e-07,0.06687191615534747,6.992866532063424e-05,3.5583733102481227e-06,1
0.024504451062685024,0.9576210604970281,3.6710991649064654e-05,2.549380554345837e-07,0.017766210217702433,6.780824301887252e-05,3.504049861146287e-06,1
0.024066888212584757,0.9631868996915045,6.492944265507532e-05,2.7860605742027474e-07,0.01260520715564274,7.169457146097274e-05,4.102320094515688e-06,1
0.023611334099100358,0.9741602808428448,4.043369165025022e-05,1.6304664865662826e-07,0.002144467776143314,3.7603343451744664e-05,5.717200161105411e-06,1
0.08819753530833346,0.9086404754357794,5.6611501501084005e-05,2.8117224764371806e-07,0.0030366513993066273,6.261498071789513e-05,5.830202113799608e-06,1
0.10699267965556097,0.8893587290173071,6.0252017385287497e-05,3.3908990920358685e-07,0.003514159361830447,6.88597573724563e-05,4.981100634639403e-06,1
0.045351921209564876,0.9536110091612521,8.44277191307912e-05,4.359555128143237e-07,0.000795928424635673,0.00014987431309220877,6.403216811870525e-06,1
0.061570681335908053,0.9360044473396216,0.00011614899614185218,3.9255396449753083e-07,0.0020943710880522073,0.00019986650356616044,1.4092182745639542e-05,1
0.05824067460243272,0.9395505622112003,0.00014077270428779865,5.272144708249663e-07,0.0018673385887355539,0.00018438094841643024,1.574373045647549e-05,1
0.072206640364141,0.9257392478890436,0.00018699829669474084,6.845620483860438e-07,0.001730203063591221,0.0001265364438948099,9.689380586456649e-06,1
0.02914844383936527,0.968001182266186,3.191630334707109e-05,3.460307498226119e-07,0.0027692178561427505,4.630197861663745e-05,2.5917255922971288e-06,1
0.02888090867521209,0.967427302550298,3.2325470814113485e-05,3.5046686900233163e-07,0.003616399056453347,4.008882880199268e-05,2.62495155159252e-06,1
0.7072265562607345,0.29161570553151683,2.2416791634244204e-05,1.9322722581276383e-07,9.845317585117465e-06,8.738930822285977e-06,0.0011165439404811131,0
0.820897283992792,0.17783639645890428,2.5256943147165855e-05,2.1770863272790102e-07,1.1092694733944155e-05,9.846131531522084e-06,0.001219906070258131,0
0.8423485978846108,0.15700859233372788,1.8389482957326654e-05,1.5851281637231193e-07,9.330619907465741e-06,7.062990671494892e-06,0.0006078681753085045,0
0.8546336247561046,0.14418410362800965,2.007609883266723e-05,1.4938019541773425e-07,9.394867138655238e-06,6.656060695202147e-06,0.001145995209023647,0
0.7706395463856497,0.22928606704475507,2.0200479306710037e-05,1.7412315911260983e-07,9.741177938403712e-06,5.8705876991985485e-06,3.8400201491763776e-05,0
0.6992830752568956,0.30066602447039753,1.9265719182984243e-05,2.4493193571403156e-07,1.4411010161533068e-05,8.257915927276285e-06,8.720695499146711e-06,0
0.6414968618049165,0.3584590470968646,1.3956878640690482e-05,2.557685589277901e-07,1.0973112334580889e-05,8.623274259067161e-06,1.0282064425695253e-05,0
0.5756931905679146,0.42425817437377933,1.1292302538266047e-05,2.3756984162944936e-07,1.4231551560610854e-05,8.009701851713026e-06,1.4863932514035897e-05,0
0.42794674397161175,0.572000582709472,1.2310828308745616e-05,2.785942282743944e-07,1.5989023882032554e-05,8.383002804613647e-06,1.5711869692574632e-05,0
0.7084196132727192,0.2915477637735541,7.169857269838542e-06,1.622539769731996e-07,1.3195049855831889e-05,4.88228184930802e-06,7.213510774719024e-06,0
0.4244840202216032,0.5754583042572904,1.1519514243458564e-05,2.6068677917247587e-07,2.646150847863719e-05,7.844161074206341e-06,1.1589650531019405e-05,0
0.35735386953837445,0.6425196764465075,8.624554520614049e-06,2.095320374144347e-07,0.00010344445653592767,6.568474960692857e-06,7.60699706318097e-06,0
0.29886655267182866,0.7010880747162105,7.942205260733494e-06,1.826543529105889e-07,2.4605888734698304e-05,6.300724524680515e-06,6.341139087595524e-06,1
0.23750959568658017,0.7624540529204343,7.862466697944976e-06,1.7433231804482638e-07,1.498067281403382e-05,6.237466185008997e-06,7.096454970305435e-06,1
0.2120222112601387,0.7879404994443037,9.700603874040059e-06,1.8124644918563529e-07,1.4994402180526882e-05,6.252158403003981e-06,6.1608846511204465e-06,1
0.2171497531041181,0.7828074303699996,8.756776887154423e-06,1.6361195011322297e-07,2.2818479187254445e-05,5.516200755095392e-06,5.561457102864603e-06,1
0.1827343097522219,0.8172195020063856,9.446355498228225e-06,1.7649606292871065e-07,2.461538864235838e-05,5.950590497362656e-06,5.999410691720529e-06,1
0.15083343030116173,0.8491273279893673,7.268601976772692e-06,1.6551567797139608e-07,2.0975995163979124e-05,5.005261627885896e-06,5.826335024421988e-06,1
0.08775346032730874,0.911395476755603,8.71310736799759e-06,1.6279602716784828e-07,0.0008311645994482137,5.488691794018522e-06,5.53372245110595e-06,1
0.07719231940150777,0.9217099834867019,7.728809646127555e-06,1.444053713543608e-07,0.0010800466568120226,4.868648151638758e-06,4.9085918091847524e-06,1
0.0661053113922106,0.9326976253180203,7.091954279060614e-06,1.3250634162131548e-07,0.001180867235597504,4.4674706291356355e-06,4.5041229217945155e-06,1
0.2919351064337933,0.7018067451156371,1.3312342606080512e-05,2.786624050607816e-07,0.006213704168533172,2.300216619830132e-05,7.851110827019633e-06,1
0.1875363352293562,0.8047769815312961,8.388388236043084e-06,1.8515416628028546e-07,0.007658352554958993,1.4042673258588696e-05,5.714468727871176e-06,1
0.11633276720031724,0.8801960890910372,4.753380216148228e-06,9.72038095668816e-08,0.0034467061439879213,3.3828913667326975e-06,1.620408926522998e-05,1
0.11359556450146878,0.8841666230947398,4.501037459900573e-06,9.204354968685964e-08,0.002214672156440991,3.203303769538663e-06,1.5343862571438472e-05,1
0.15262918211063242,0.8457786550083578,5.947403827720205e-06,1.2162088509627208e-07,0.0015615867312011378,4.2326555310929685e-06,2.0274469564490534e-05,1
0.0930347485272587,0.9069286544812124,5.765139742343914e-06,1.1789369252168877e-07,6.874148738110834e-06,4.186671007148705e-06,1.965313834860136e-05,1
0.05205643256103886,0.9475217769329001,8.088229001551501e-06,1.5130526971924835e-07,0.00038965161550213193,5.146635324606789e-06,1.8752720963188485e-05,1
0.06862676494204328,0.9310398317725178,3.4245403447940826e-06,7.885352006145244e-08,0.00031558063305488893,2.7442637633335883e-06,1.1574994755913815e-05,1
0.00854129101205811,0.08856851622937638,4.970622575371735e-07,1.0164628712087229e-08,0.9028884899553744,3.537498671027274e-07,8.41826437829968e-07,1
0.05636962420107227,0.9436134406985562,3.3789349640842516e-06,7.788199796267426e-08,4.480870235855464e-06,2.4537981178962875e-06,6.543615055942885e-06,1
0.2071730569578666,0.7928003888197432,6.150948794523887e-06,1.545607646246518e-07,1.1365640515402802e-05,4.7809785916115396e-06,4.102093723881738e-06,1
0.18551883879579384,0.8144592854199186,5.067247950870291e-06,1.2732957857273718e-07,9.363192661151254e-06,3.9386450417318975e-06,3.3793690552461476e-06,1
0.3427600994568793,0.6571958424219693,8.30478351894683e-06,1.91419231200965e-07,1.4755697914785912e-05,5.92110972417244e-06,1.488511076233098e-05,1
0.3609543811026871,0.6390060709062787,8.143229480252251e-06,1.7170138904849498e-07,1.2570060966870299e-05,5.311184032922986e-06,1.3351815165058748e-05,1
0.40813981970911806,0.5918296248586672,7.836415654232192e-06,1.6523216694997988e-07,1.0833096799175173e-05,4.89556947048226e-06,6.82511812391765e-06,1
0.5642830873966282,0.43567577933775237,9.594302474895613e-06,2.2114170700104342e-07,1.6189529710419368e-05,6.828084759953571e-06,8.300206967214961e-06,1
0.469709388884401,0.5302522547648111,9.074866230915175e-06,2.091690786653609e-07,1.6930689458308613e-05,6.590209611689052e-06,5.551416408342807e-06,1
0.3626927080825589,0.6372713623869988,9.712284695889462e-06,1.8168623257573404e-07,1.1396614104168405e-05,6.1800410805522766e-06,8.458904329144854e-06,1
0.292111452667732,0.7078501340493175,9.748629767496744e-06,1.8382530761544776e-07,1.549319459195989e-05,6.984761819601414e-06,6.002871463893004e-06,1
0.3435549743165652,0.6564069736867378,8.627631170476174e-06,2.1369108596739243e-07,1.5701688881095547e-05,6.913773295308846e-06,6.595212264016533e-06,0
0.11203773107211316,0.887935927271392,7.557315203164731e-06,1.4137354604436579e-07,8.933245834812067e-06,4.906942768890883e-06,4.802779142011912e-06,1
0.1276322688056112,0.8723390335898619,7.567383350019121e-06,1.467711613086411e-07,1.1004893644341317e-05,4.99240802931874e-06,4.9861483417894384e-06,1
0.10275870633808314,0.8960092107810886,7.950629543727026e-06,1.4873121759048681e-07,0.0012138717050099025,5.0590791698354105e-06,5.052735887274531e-06,1
0.10794445873503827,0.890816821343052,5.836681666141959e-06,1.204720391120502e-07,0.0012245300651857918,4.139995345567076e-06,4.0927076729151425e-06,1
0.152795505426123,0.8454701774686222,6.583710470731226e-06,1.3589108858434972e-07,0.0017184162563228282,4.669867617331449e-06,4.511379755355255e-06,1
0.07368276719224945,0.9247705022651762,4.672094147697022e-06,9.035619372567225e-08,0.0015362927428569093,2.8866589899488353e-06,2.7886903858981732e-06,1
0.10619606962081772,0.892967612914703,5.902493092302413e-06,1.5579039949137587e-07,0.0008219975935321019,4.1866758077841485e-06,4.074911647431491e-06,1
0.14655672364639563,0.8520072931216477,5.6396581395739625e-06,1.2724863999269026e-07,0.0014218502534359214,4.474063712066042e-06,3.892008029161414e-06,1
0.10800590444996411,0.8905418418742843,9.016101900823166e-06,1.2391585123655137e-07,0.001434189982501569,4.3568828193297484e-06,4.5667926787031805e-06,1
0.07313967875126659,0.9250587444132219,1.0618452145723583e-05,1.1424636370529786e-07,0.0017821751709760918,4.098877128416952e-06,4.57008889742912e-06,1
0.06558296944131911,0.9328839202985202,1.2713191703313216e-05,1.0958458302768099e-07,0.0015128678515284146,3.6946601958218037e-06,3.7249721503961043e-06,1
0.10334127571657344,0.894546882618382,1.0002534011256549e-05,1.2986101524957522e-07,0.002092916783313932,4.378283064784931e-06,4.414203639435684e-06,1
0.1743649589216403,0.8214520913696355,1.636976340832712e-05,1.4227831801236254e-07,0.004138957559345763,2.2540687434177807e-05,4.9394202179631455e-06,1
0.132263377193057,0.8644209721780108,2.0827857097951605e-05,1.4002863695508184e-07,0.0032692302837022944,2.04778365370324e-05,4.974622957741541e-06,1
0.07317394276007562,0.9252343213555766,1.1666323657796322e-05,1.279392327677528e-07,0.0015691188327374836,5.801705091981995e-06,5.021083627879031e-06,1
0.04381985349262706,0.9561243907737693,9.446353123494452e-06,8.720314144315078e-08,3.917356084505675e-05,3.943821317099797e-06,3.104795176684169e-06,1
0.03537419705830186,0.9645637008764325,6.078062306254147e-06,8.35083002163692e-08,4.9246342549133924e-05,3.720908676116878e-06,2.973243434055673e-06,1
0.044074896881051,0.9558432234359197,1.3720888948641686e-05,9.124612974667267e-08,5.164836793696921e-05,1.3170437608359842e-05,3.248742405837004e-06,1
0.053733809303176616,0.9461750143618707,1.7683773295543373e-05,1.0672159956617138e-07,5.141524287282696e-05,1.889688835610327e-05,3.073708828832096e-06,1
0.06675230958721513,0.9331509760407705,1.9031484395622566e-05,1.1242316201563916e-07,5.416208343074246e-05,2.017046042648617e-05,3.2379205995542978e-06,1
0.07079510587941126,0.929101808479769,1.9905431276440806e-05,1.1787745680687225e-07,5.59205298190101e-05,2.3246161794088422e-05,3.895640473264829e-06,1
0.14255677463623875,0.8572788721661952,2.3211278862723178e-05,1.4782366818790365e-07,0.00010679005706084315,2.724875113125252e-05,6.9552868429352434e-06,0
0.3878975223282118,0.6057218639747903,2.5791560181217596e-05,2.6176690987622377e-07,0.006292019042223272,5.5536762567068246e-05,7.004565116356381e-06,0
0.20881951223924644,0.7860626132960638,3.4733319105670545e-05,1.542341460009406e-07,0.005043316200177157,3.256597032844892e-05,7.10474093232813e-06,1
0.0915130816588895,0.9082361259795148,4.0939612563955996e-05,1.3331224807552969e-07,0.0001680549236100229,3.4774355326852885e-05,6.890157847077853e-06,1
0.06495574620976874,0.9348125447687526,2.2520441140392754e-05,1.2160864626930134e-07,0.00016116124504190753,4.1568566493807036e-05,6.337160156081677e-06,1
0.05024046402665179,0.949527296555964,2.2487945164456964e-05,1.171897180448094e-07,0.00016456762947843448,3.895976807154306e-05,6.10688495167868e-06,1
0.17442057679938863,0.7896815238338984,2.3891303676150004e-05,1.9096432277150478e-07,0.035810364128416275,5.330720721499636e-05,1.0145763082780346e-05,1
0.1289703011396865,0.8706724464428438,2.5715736373120246e-05,1.252525543923236e-07,0.00019556661890876117,0.00013327432138529922,2.5704882480903224e-06,1
0.08425829285691304,0.915402235346673,2.300607547513205e-05,1.464213981506406e-07,0.00020147826420696674,0.00011219284561054652,2.64818972317184e-06,1
0.026374335957070144,0.9733906888182992,2.570551776715417e-05,1.0908985654571577e-07,0.0001631701743989614,4.318336933912956e-05,2.8070732693285472e-06,1
0.013653673418457557,0.9339816116020443,3.797885313865263e-05,2.043763095300967e-07,0.052259348661679764,6.441779350814434e-05,2.765294862058262e-06,1
0.027715927667133176,0.9622473301371949,6.829195085171582e-05,2.71807035362554e-07,0.009894395517582522,6.978071194693607e-05,4.002208255352159e-06,1
0.6773195950202129,0.3217704818229045,2.170026572354488e-05,1.8705094884117918e-07,9.061093896119916e-06,8.459601359437627e-06,0.0008705151449549147,0
0.707932689942872,0.2920019981200162,2.0851375955971433e-05,1.7973372800577261e-07,1.070288661930154e-05,6.059748847534975e-06,2.7518191960936248e-05,0
0.776658407687811,0.22328358956433292,1.8820823915071713e-05,1.862444946487681e-07,1.029942919205853e-05,6.279260294269079e-06,2.24169899599491e-05,0
0.583253561186242,0.4166916753077781,1.5845155978958775e-05,3.1234273597748044e-07,1.2602690417839465e-05,9.789948684220954e-06,1.6213368162922155e-05,0
0.5538875392948447,0.4460599570044625,1.3335889080187276e-05,3.017913688235215e-07,1.2231124147002932e-05,9.081013296384567e-06,1.7553882800328298e-05,0
0.2786919363513842,0.7212662161674998,7.5447917388811985e-06,1.735146609372861e-07,2.1489098234516462e-05,5.9854477166188755e-06,6.654628765207801e-06,0
0.05370622019500871,0.9453355970046655,6.975890523193138e-06,1.6666919681743488e-07,0.0009421822544298124,4.39435800036756e-06,4.463628175801332e-06,1
0.1587573677126837,0.8401543390043901,8.452765489818234e-06,1.8254614409325755e-07,0.0010687305051578257,5.5590876455030485e-06,5.36837848879744e-06,1
0.09530102117269414,0.9035727685199648,6.684673311799676e-06,1.2253562630891794e-07,0.0011108607981308648,4.29684279974686e-06,4.245457472460342e-06,1
0.06025777923391799,0.9330788986814391,8.868512825972006e-06,1.265370219521387e-07,0.006645505786072407,4.4371560178403995e-06,4.384092704886175e-06,1
0.08402657517048387,0.8792856447147975,6.942762870373359e-06,1.272666227583322e-07,0.03666960763100617,4.373489730471697e-06,6.7289644888543795e-06,1
0.2985263858815053,0.6468675705373635,1.2478983708357906e-05,2.7706107100221366e-07,0.054576103456979545,9.378084969178156e-06,7.805994403215868e-06,1
0.14205418082678506,0.8561075116680662,5.358486107373673e-06,1.0957786658396104e-07,0.001810759035478501,3.813533857403135e-06,1.8266871838991572e-05,1
0.2078141772301916,0.7921542969522393,8.232915416679018e-06,4.135313023885172e-08,1.155325762339559e-05,5.978781056450835e-06,5.719510342214949e-06,1
0.07022770010674369,0.9296637794519427,9.143329656237904e-06,1.7104287718655163e-07,7.218906752225707e-05,5.818008291344396e-06,2.119899296681452e-05,1
0.09774660090323962,0.9015667016706523,4.42779135135349e-06,1.10677378207272e-07,0.0006663679148947237,8.119617609685976e-06,7.671424873773643e-06,1
0.07678436379385395,0.9228574604875763,4.056452271440014e-06,8.462227062905651e-08,0.0003386678199634943,2.9450280808941496e-06,1.2421795983254763e-05,1
0.09469927775529141,0.9050858116480766,4.475327809268121e-06,9.151780256155752e-08,0.00019372474564182467,3.185006694360294e-06,1.3433998683853712e-05,1
0.08168143484619507,0.9181356118475972,4.74545512006175e-06,9.704174604665804e-08,0.00016048869370607853,3.377251224788993e-06,1.4244864410864667e-05,1
0.012434764439189274,0.1416144965787416,7.556053939130835e-07,1.5451682692690666e-08,0.8459484625678859,5.377501583066126e-07,9.676069482920289e-07,1
0.15635852514666268,0.8436215837541318,5.337366928032243e-06,2.678996307650985e-08,7.478559397289109e-06,3.7856542997138403e-06,3.262728617310458e-06,1
0.15845951544853415,0.8415172087984235,5.510221263177153e-06,2.7657574638275578e-08,8.976734967981908e-06,3.837061208068514e-06,4.924078028273187e-06,1
0.2182631065007673,0.781709637733295,6.313452458758818e-06,1.5864414938975007e-07,1.166591260217001e-05,4.907288623725174e-06,4.210468103743161e-06,1
0.22953588823134918,0.7704354483058042,6.639527592000558e-06,1.668377506702221e-07,1.2268429851010897e-05,5.160738665883476e-06,4.427928986977254e-06,1
0.33770447355928274,0.6622548991324745,7.911246834175223e-06,1.8234849630745508e-07,1.2713431555153514e-05,5.640527589104909e-06,1.4179753767955197e-05,1
0.4010815156746105,0.5988669355721525,9.26781157538723e-06,1.9541339523744026e-07,1.2614946252670373e-05,5.820639687103035e-06,2.3649942326328473e-05,1
0.5082442014603268,0.49171086610366505,1.0002061780949416e-05,2.6647366330331125e-07,1.8022871717466448e-05,7.118279394809035e-06,9.52274945170232e-06,1
0.5424632534206402,0.4574802004284739,1.1077144620412873e-05,2.0721845958975582e-07,1.5598246183267855e-05,7.048517517031127e-06,2.2615024105668965e-05,1
0.2590278021520273,0.7409317238808745,1.0943807855913497e-05,2.305192198327349e-07,1.4719728122358233e-05,7.841090809284766e-06,6.738821090900882e-06,1
0.2772177986936441,0.72274522028371,1.0016375643862516e-05,2.1098388507681465e-07,1.3409324805355495e-05,7.17659813087776e-06,6.167740180742821e-06,1
0.6032660350454797,0.3966946212330255,9.017345823747196e-06,2.6480192340973904e-07,1.702462048202964e-05,6.525916811161296e-06,6.5110364545126535e-06,0
0.42271612686845217,0.5772393514323201,1.0093175107656412e-05,2.9912568932988057e-07,1.900668792932865e-05,7.13929277600766e-06,7.983417725259192e-06,0
0.36480002941853606,0.6351598893538277,9.302720034527407e-06,2.3041183696301476e-07,1.6930303677089384e-05,6.506522256008546e-06,7.111269831559252e-06,0
0.26306257246082276,0.7369011278527529,9.683010577460866e-06,1.9801183019360924e-07,1.2956399413078836e-05,6.735354834999681e-06,6.726909768727357e-06,0
0.2267351953862933,0.7732309822001293,8.983619894529671e-06,1.83709705039484e-07,1.2020576307098226e-05,6.393473444427877e-06,6.2410342262470095e-06,0
0.14309631304161582,0.8568761172570286,7.326528366260945e-06,1.4982316493029638e-07,9.80329692559529e-06,5.2002210904178065e-06,5.089831808361259e-06,1
0.12650687444045466,0.8734653093749595,7.392765179706572e-06,1.4841199477307045e-07,9.891925416082404e-06,5.247234635854716e-06,5.135847359398031e-06,1
0.11788285418768016,0.8820906624785533,7.5075655454149985e-06,1.4044288676372233e-07,9.189522332364754e-06,4.8746404608903355e-06,4.771162541123995e-06,1
0.12622218331885746,0.8737486204929528,7.905452597869318e-06,1.4788609933570183e-07,1.1088491636606522e-05,5.030332547383878e-06,5.024025308526361e-06,1
0.15501548578751856,0.8434412060153352,6.781379154099618e-06,1.3997106942211317e-07,0.0015269789144329196,4.761103507151629e-06,4.6468289827142525e-06,1
0.14295684385422142,0.8560719639024305,5.4226412961574205e-06,1.2039464433052826e-07,0.0009584986779771539,3.4347533082029543e-06,3.71577612241519e-06,1
0.13762247476790118,0.8610731693351822,6.303570281143378e-06,1.2631324812939222e-07,0.0012895313945601521,4.441175322906174e-06,3.953443504379301e-06,1
0.12102378606436008,0.8780219607903021,8.777050030103352e-06,1.1843626783676581e-07,0.0009362908322228486,4.24136493810741e-06,4.825461878775398e-06,1
0.08849139881838526,0.9103833192941878,9.502498346981016e-06,1.3910175909096226e-07,0.0011071530181314356,4.317695677492187e-06,4.169573511756576e-06,1
0.07490770849539843,0.9230018835135951,1.2233576094594949e-05,1.210593227887603e-07,0.002069856804191269,4.081532720052376e-06,4.115018677582018e-06,1
0.10493751469918425,0.8922978252044352,8.617909401917483e-06,1.2598207227450685e-07,0.0027473863494040345,4.247503936773579e-06,4.28235156539481e-06,1
0.34561384336455675,0.6457268103537159,1.8335897535336807e-05,2.3189719905672295e-07,0.008614509249079742,1.8721488408501857e-05,7.547749504554279e-06,1
0.1153199985603206,0.8811915500705382,1.3014885366362457e-05,1.4272829189167148e-07,0.003463750875523809,6.472349723567499e-06,5.070530235835285e-06,1
0.07998082939785083,0.9183289468418292,1.124112082427156e-05,1.232762278754208e-07,0.001668431033039195,5.590250179813737e-06,4.8380800486398935e-06,1
0.0804625110299533,0.9193174074857098,9.774573751121842e-06,1.1526243232907284e-07,0.00020087489874451368,5.212880422494012e-06,4.103868986714844e-06,1
0.048282319941164414,0.951665811125011,6.480040021651329e-06,8.852250374782032e-08,3.820427302249016e-05,3.9443283047723685e-06,3.1517699719959516e-06,1
0.05355898440194955,0.9463510552830224,1.769711855196748e-05,1.0666022858923165e-07,5.138567619000431e-05,1.697331150838489e-05,3.7975485491398776e-06,1
0.06656114781884481,0.9333430700076153,1.884804608804604e-05,1.1133955160754648e-07,5.364003266934e-05,1.9976043898234446e-05,3.2067113327150794e-06,1
0.11720949147746185,0.8826587292506959,2.2831519796483815e-05,1.454051294020347e-07,7.72894538171681e-05,2.711705645264797e-05,4.395836646708336e-06,1
0.17316593231876645,0.8265929682477314,3.021444703774421e-05,1.443210957212515e-07,0.00017421708097146077,3.163929765784322e-05,4.884286739365499e-06,0
0.15696724428102335,0.8428472794270357,2.745533754345755e-05,1.311420458140026e-07,0.00012598515859418052,2.628863244211641e-05,5.6160213155109095e-06,1
0.10830353190242588,0.8913945040023983,2.4891679237169e-05,1.4070282739810405e-07,0.000233269225680508,3.412053426790543e-05,9.541953162861445e-06,1
0.5245357697382602,0.4702594117805618,2.077847757611315e-05,1.826770400858254e-07,0.005134662766920003,3.736916839409225e-05,1.1825391247865572e-05,0
0.23577303050370882,0.7426627675403281,1.892503073709691e-05,2.0002226202768584e-07,0.0214989321473726,3.474346934628477e-05,1.1401286245002615e-05,0
0.19382741563806682,0.7879863633006204,2.3165040638499208e-05,1.538228976051506e-07,0.0181168877607499,3.605688600569778e-05,9.957551021226636e-06,0
0.20202733588454347,0.7827871546455206,2.2726537254588747e-05,1.394029159394058e-07,0.015110683059791439,3.578871034858381e-05,1.6171759625270294e-05,0
0.16672863911769123,0.8182170537773094,2.3659287308238173e-05,1.429003212068086e-07,0.014978003496178787,3.5923936930084015e-05,1.6577484261053208e-05,0
0.15988664645027698,0.8260132047570147,2.797836343940776e-05,1.3742056500832735e-07,0.014022108332570503,3.5438189680641835e-05,1.4486486452688997e-05,0
0.09556048186889667,0.8854233172795389,2.5714867696411146e-05,1.4149022922507697e-07,0.018942087421245327,3.9744090604038775e-05,8.512981789404543e-06,1
0.06783945426520803,0.9319345868558842,2.2136992692284615e-05,1.2180515275175642e-07,0.00016388963695813632,3.248192824816103e-05,7.328515856525343e-06,1
0.18111007463867684,0.7780716043973661,2.4770558771797714e-05,2.000499949920002e-07,0.040726540248886785,6.295397398355805e-05,3.856132319985651e-06,1
0.19835562628536746,0.7700961723233232,2.373292835810788e-05,1.9228346401701916e-07,0.03144728728215139,7.33865448407398e-05,3.602352495207858e-06,1
0.0959869601603558,0.9036899978075389,2.2421539439697102e-05,1.3133189558178788e-07,0.00020505877024558976,9.273513935088962e-05,2.6952511733613066e-06,1
0.06250578476394084,0.9372690145661583,2.153804622837135e-05,1.0616971478106974e-07,0.00016577108747184048,3.560650470180698e-05,2.1788617842716586e-06,1
0.057697886516031756,0.9420249895480122,2.7338486048604896e-05,1.1012744196656466e-07,0.00017195059676796358,7.546464168767731e-05,2.260084009788887e-06,1
0.023690968484158206,0.9740370327890352,4.133795044610807e-05,1.630260204473671e-07,0.0021925340956272642,3.495604419727443e-05,3.007610515482415e-06,1
0.02033281583703392,0.974884891389341,2.600976933442267e-05,2.177601586682627e-07,0.004679816982326364,7.30311385978038e-05,3.2171232080131824e-06,1
0.04600032899482236,0.9515637169555028,0.00014430206322663488,3.376590648444834e-07,0.0020696077127922846,0.00021321569204509899,8.490922546117744e-06,1
0.017412770736848524,0.9811768283105161,8.728056636477167e-05,6.908778575114144e-07,0.001225692036213293,8.972286313500326e-05,7.014609064763317e-06,1
0.028119679220414494,0.9699409989857904,3.427617950192345e-05,3.5853932167439043e-07,0.0018550157040963958,4.698595769612551e-05,2.6854131787557337e-06,1
0.7103768577471055,0.2884114224387958,1.9118398504781595e-05,1.8956880107479819e-07,8.666202533866387e-06,8.573474217663392e-06,0.0011751721700414368,0
0.8089919887615072,0.1902247172435765,1.4891918825650728e-05,1.8932625716274273e-07,1.0975975889213653e-05,8.378879529889773e-06,0.0007488578944143484,0
0.8006778657475055,0.19927663249560976,1.1957259959895022e-05,1.5201689591736878e-07,8.94824726340241e-06,5.125271812152773e-06,1.931896095316807e-05,0
0.7234638309498527,0.2764776582208314,1.707582780957137e-05,2.502383675138328e-07,1.7091381236864133e-05,8.436823049162366e-06,1.5656558852910597e-05,0
0.5201069910822298,0.47984290866877227,1.4518580246395088e-05,2.86193022188579e-07,1.1827857162430138e-05,8.611653308570071e-06,1.485596525842474e-05,0
0.6773416018468659,0.3226257354567142,9.020835281883392e-06,2.0414163699784428e-07,9.665651801775381e-06,6.142696947066069e-06,7.629370752212858e-06,0
0.6844516797432743,0.3155172970635178,8.628157395507981e-06,1.9525533057137403e-07,9.249101776873942e-06,5.875304718026832e-06,7.075373987024238e-06,0
0.6891893633250228,0.31077946858150984,7.942865159821242e-06,1.7974715705489723e-07,9.645597973176372e-06,5.408658072515515e-06,7.991225104792235e-06,0
0.5184996142933451,0.4814458810515051,1.311617175146313e-05,2.968191623968483e-07,1.8964237209915715e-05,8.931397776069963e-06,1.3196029250157606e-05,0
0.43492789093144213,0.5650221375431473,1.0414550086954508e-05,2.191035004965131e-07,1.5131904960000753e-05,7.3871064677520135e-06,1.6818860395144715e-05,0
0.21993174781152747,0.7800372876712511,7.991051327677262e-06,1.6321300965880968e-07,1.1381898873293653e-05,5.630088723960344e-06,5.798265287058773e-06,1
0.12134500360070016,0.8786207587464341,9.545775549192091e-06,1.7835363091613026e-07,1.243775232756124e-05,6.013218672919234e-06,6.062552685141789e-06,1
0.18868787123091463,0.8096000390694924,8.584849592606822e-06,0.0,0.0016926406618031477,6.032288235207845e-06,4.831899962074162e-06,1
0.10638963214331627,0.8924955420575961,6.535701682782325e-06,1.4024897222128307e-07,0.001098173016652004,4.698692654982595e-06,5.278139125562482e-06,1
0.16644171051755136,0.8324347269611247,8.604689119714056e-06,1.6077033652183564e-07,0.001103801185961474,5.531010232443126e-06,5.46486567369038e-06,1
0.0676013644304299,0.9259861786790486,7.0870586108289715e-06,1.2916942204084184e-07,0.0063963028365218695,4.462529234843804e-06,4.475296732349302e-06,1
0.29044353389999095,0.628954962549109,1.2033945688741776e-05,2.7026631795086064e-07,0.08055708546393779,2.449931778340944e-05,7.614557172073167e-06,1
0.129821953988043,0.245925113249518,4.826344655288571e-06,9.764808332194649e-08,0.6242356683035178,9.589302371862404e-06,2.7511638107028796e-06,1
0.09183148410810114,0.9007838155187805,5.9524099411121534e-06,1.1927656872625239e-07,0.007365952497399549,4.193765590489081e-06,8.482423618224005e-06,1
0.09943111998937702,0.9005282275761838,5.350529683860377e-06,1.0941516243641723e-07,1.3067161618842275e-05,3.885579274995909e-06,1.8239748699040884e-05,1
0.08864265138599825,0.9113225323236179,5.484676931114658e-06,1.1215839417532341e-07,6.539405960326875e-06,3.982997623183245e-06,1.8697051475243936e-05,1
0.05711231983498045,0.9428402644940206,8.42737961951386e-06,1.5764970874494865e-07,1.3929152350832362e-05,5.362440855141652e-06,1.9539048464786306e-05,1
0.0716634232236487,0.9281885858464789,9.12882099005164e-06,1.70771465774961e-07,0.00011171720682706042,5.808776256260716e-06,2.1165354333624624e-05,1
0.07944560123170938,0.920197635651085,3.6644800509279187e-06,8.437837552414992e-08,0.0003376917243935638,2.9365400324477646e-06,1.2385994353117175e-05,1
0.0875730247653783,0.9121321683450554,3.7031584267357054e-06,7.72521537541118e-08,0.00027699801760716267,2.6885329408461023e-06,1.133992843807132e-05,1
0.06236346188988996,0.9376168938694062,4.724295170725088e-06,8.855399946824436e-08,7.46573208331907e-06,3.08186028536933e-06,4.283799164822941e-06,1
0.12886422083502053,0.8711125557226909,6.231532583776548e-06,3.127806839598142e-08,8.731437653115734e-06,4.419862534779448e-06,3.8093314484350347e-06,1
0.244964615771803,0.755005493264688,6.462769058087304e-06,1.6239617018106446e-07,1.1941817807633745e-05,5.023348680248046e-06,6.300631792895659e-06,1
0.27335780001028903,0.7266110585689035,7.2135151224655675e-06,1.8126088351643765e-07,1.3329036295564153e-05,5.606884811246991e-06,4.810723694747074e-06,1
0.29080726782833116,0.7091609945716528,7.456826663155152e-06,1.8737480496616014e-07,1.377862409040787e-05,5.796004783789205e-06,4.5187696736984806e-06,1
0.3686893598380255,0.6312560593596767,8.575091898240035e-06,2.0898688126391708e-07,1.260597730541502e-05,5.592853705182448e-06,2.759789250790763e-05,1
0.39337058809393605,0.6065765784867264,8.361592316115674e-06,1.7630560686223106e-07,1.2133261801391837e-05,5.251489597804553e-06,2.691077001547577e-05,1
0.42105379748348626,0.578896406600401,8.843676884909453e-06,1.8647044260724712e-07,1.349423754219043e-05,5.657317991371959e-06,2.1614213251647162e-05,1
0.5515782530627544,0.44836806631922504,6.307332171321539e-06,2.1174471663098242e-07,1.685006102786486e-05,7.202477748686321e-06,2.310900235595827e-05,1
0.40258852483194674,0.5973689137332423,1.0735284403030982e-05,2.008233324998421e-07,1.5444454370934486e-05,6.830987836489454e-06,9.349884867958315e-06,1
0.4218988578445798,0.5780626956417242,9.467909426072959e-06,1.9943105024143862e-07,1.6165530223769674e-05,6.783629479003171e-06,5.830013516975624e-06,1
0.35762851946867885,0.6423354933986735,8.946780707655438e-06,2.2159585262213851e-07,1.3722005988503357e-05,6.257570643632219e-06,6.839179455018245e-06,0
0.3342483841161832,0.6657173395798642,8.937839314710298e-06,2.1760773637209815e-07,1.2318686817810922e-05,6.552031701956757e-06,6.250138381640412e-06,0
0.24240923178609597,0.7575559816042137,9.239721410266625e-06,1.8894682932441165e-07,1.2363254186218438e-05,6.575736080109846e-06,6.418951184430128e-06,0
0.13121709771279857,0.8687566636852211,7.438188330986824e-06,1.3914505776562997e-07,9.104602199801364e-06,4.8295940374565785e-06,4.727072354407026e-06,0
0.14543007972939714,0.8545424256549911,7.306574656061663e-06,1.4941512337709291e-07,9.776597766584091e-06,5.186058352020692e-06,5.075969713820709e-06,0
0.1348922289362648,0.865079937407221,7.396673303004536e-06,1.5125758733356668e-07,9.897154699475097e-06,5.250008542428478e-06,5.138562382022468e-06,1
0.13741007387704904,0.8625188731360172,7.91025856549489e-06,1.5342130591367186e-07,5.2558626158057466e-05,5.218612108010129e-06,5.21206879645768e-06,1
0.19266941401089555,0.806059432382104,8.230859818166134e-06,1.733739671618062e-07,0.00125109631815651,5.897300110021585e-06,5.755754948374726e-06,1
0.19753860774176585,0.8010048502248414,7.311901604651839e-06,1.5401712782149078e-07,0.0014387240987270315,5.2388789373389784e-06,5.113136995738646e-06,1
0.17212686946173963,0.8258126004541335,5.771499477994213e-06,1.4007643110051297e-07,0.0020463894150065244,3.905872183565224e-06,4.323221027735053e-06,1
0.11765871060633001,0.8808665273363758,6.07456792224913e-06,1.4492347974081417e-07,0.001459971630500441,4.408437227709979e-06,4.162498164036279e-06,1
0.13465261283018454,0.8640251136810461,7.109621367248536e-06,1.4246519477282666e-07,0.0013030725608719222,5.009077961085788e-06,6.939763374439939e-06,1
0.11643803072756527,0.8825592302973237,1.2497448786044555e-05,1.6595575916031266e-07,0.0009799647988772385,5.142241584118045e-06,4.968530104594739e-06,1
0.11117996488332706,0.887769679282827,1.1725456021264341e-05,1.5570433524662296e-07,0.0010288900083825386,4.9230511862804536e-06,4.661613920499391e-06,1
0.12645327068726886,0.8672826527836888,1.8328165040512782e-05,1.7152588753012103e-07,0.006227705290672665,1.2574655016025721e-05,5.296892425764525e-06,1
0.274967190026583,0.7161179752182056,2.2329993442744364e-05,2.518433492163428e-07,0.008865152049000943,2.0001294941831656e-05,7.099574476579964e-06,1
0.2663753504294473,0.7264477818463896,2.099950879316982e-05,2.3683780471903075e-07,0.007130145255184013,1.8809560785708705e-05,6.676561595549758e-06,1
0.08281716510293559,0.9156059144459268,1.1175266807602793e-05,1.2255403701097943e-07,0.0015552553924981795,5.557500738340858e-06,4.809737056055023e-06,1
0.07151590544006345,0.9272636361656741,1.248238385061956e-05,1.1816424633060657e-07,0.0011977526043321638,5.467785833157943e-06,4.637456000133358e-06,1
0.06548378340091035,0.9340467560752045,1.228352701035238e-05,1.1628177188189054e-07,0.00044711645986369184,5.380678544433965e-06,4.563576694857962e-06,1
0.04869859782346035,0.9511939680922556,1.778768283215018e-05,1.0720605794545935e-07,6.791799634262081e-05,1.7804216702527292e-05,3.816982348478554e-06,1
0.05403785762936054,0.9458683834159738,1.8060397318517686e-05,1.08849703455893e-07,5.2440499042088204e-05,1.9273705624376353e-05,3.875502977076549e-06,1
0.059323206530489496,0.9405833993835115,1.811390910595463e-05,1.0931746985644194e-07,5.266585476379532e-05,1.9356531682867247e-05,3.1484729765036304e-06,1
0.18603758194455203,0.8137510034939044,1.953989333612986e-05,1.4207892031487842e-07,0.00015480034408428003,3.1147748901725456e-05,5.784496301037067e-06,1
0.12959660103515205,0.8702123837653449,2.8437474542556552e-05,1.2587581262159578e-07,0.0001300755757956833,2.6577914129247253e-05,5.79835922300181e-06,1
0.12026923521348216,0.8795321562192198,4.1763680559403354e-05,1.2798397702924528e-07,0.0001244435323517436,2.7167164903808808e-05,5.10620550629521e-06,1
0.11037320770401597,0.8894453820986312,3.0093367389808898e-05,1.251057292778861e-07,0.00010805642257169622,3.211593751316314e-05,1.1019364148939005e-05,1
0.09617122224774521,0.9035787295140498,3.95104735423657e-05,1.418546355387159e-07,0.0001701330375649284,3.439984854934913e-05,5.863023912916609e-06,1
0.19822330886953185,0.8013601233171515,4.343047101680545e-05,1.8447441416993411e-07,0.0003133841563262732,3.872627800989381e-05,2.0842433549662786e-05,0
0.5272360546206726,0.4694740718855674,2.289646100640397e-05,2.0823560049696783e-07,0.0031962595144149277,4.657965320307205e-05,2.39296295351427e-05,0
0.5362991532240002,0.46073288417773023,2.2164664761762347e-05,1.800264272715025e-07,0.002869557177058959,5.257664880551491e-05,2.3484081216136342e-05,0
0.5466753535640279,0.44913553390223054,1.9248365926839857e-05,1.744712553864036e-07,0.004122704938240139,3.569055924816844e-05,1.1294199071110234e-05,0
0.059071596578329784,0.9407079318796425,2.1466322003665767e-05,1.1811489785539841e-07,0.00015892437463890018,3.2856242114084686e-05,7.106488373191391e-06,1
0.16655045782962682,0.8006890851573242,2.4675744897975513e-05,1.9992213495904622e-07,0.03264962516107441,8.221072505294362e-05,3.7454598886010175e-06,1
0.1873259307137419,0.7789695542551843,2.4006389446802362e-05,1.944990374437209e-07,0.033596689609283706,7.998067294361094e-05,3.6438603622665087e-06,1
0.06715502549591182,0.9326229369403237,2.1379117074489907e-05,1.0460363158113138e-07,0.00016332583916670468,3.508128195879583e-05,2.1467219330685927e-06,1
0.04174663048706599,0.9580276572535578,2.1446489653728328e-05,1.0764136399310948e-07,0.0001640972364771325,3.785182826182196e-05,2.2090636194614636e-06,1
0.01508082136791304,0.9563121638019626,3.0511567247825964e-05,2.3461433017351474e-07,0.028500339186603312,6.938204569796898e-05,6.547416245133616e-06,1
0.027608262391896527,0.9525500371402517,4.313337319129268e-05,3.13094221464326e-07,0.019602696697324225,0.0001913488315479119,4.208471566833761e-06,1
0.023179785281797715,0.9639592566255225,4.4308329127391495e-05,3.076974704272396e-07,0.012630997349928426,0.00018120878528417967,4.1359308690635e-06,1
0.045989773077964244,0.9320175517441922,7.697644699630701e-05,3.3016696827898535e-07,0.02182884478594074,7.72836184965794e-05,9.2401594415109e-06,1
0.009473828896768724,0.9847757592378895,4.700445141675777e-05,2.0023459715377254e-07,0.00565608485375038,4.0332306154472975e-05,6.790019422954227e-06,1
0.04555983332974364,0.952946751915642,3.29580542170822e-05,1.6119144397549335e-07,0.0014142652254044337,4.3424897378162416e-05,2.605386170891101e-06,1
0.01706311238425498,0.9795650840357651,2.7421598741525188e-05,2.215156332671993e-07,0.003282365120306793,5.852273983609194e-05,3.2726054622658916e-06,1
0.031098485501423898,0.9677020323855716,0.00013051508761447751,5.581052479236382e-07,0.0007906203725994558,0.00021321318012547,6.457536741724514e-05,1
0.038093662484932594,0.9607687923390007,0.0001448087359806099,4.932782411346751e-07,0.0007777413130902656,0.00015074604930080378,6.375579945389508e-05,1
0.07292300242420591,0.9244556579320952,0.00018089320550373312,6.473083819280798e-07,0.0022300640601323174,0.00017418369638933973,3.555137329150928e-05,1
0.01867319757202942,0.9797036472391304,0.00010071242977487105,7.971990857258653e-07,0.001410273471561366,9.877476606455711e-05,1.2597322353529732e-05,1
0.8613638612021335,0.13836391426305136,1.0732833334516528e-05,1.3934235382316982e-07,8.198457547088252e-06,6.134094653071846e-06,0.00024701980692641226,0
0.7309602166383746,0.26897945594939926,1.6671660652975773e-05,2.6187196305277373e-07,1.6627855053819695e-05,8.208012496591888e-06,1.855801205977244e-05,0
0.6781379367113612,0.32180581703941674,1.9090241098406893e-05,2.992954670882661e-07,1.6665253944504392e-05,9.005910695098518e-06,1.1185548016827237e-05,0
0.6049765971391811,0.394974638025901,1.3434200250717108e-05,3.0401615207917403e-07,1.262585822150813e-05,9.147957842893347e-06,1.3252802450683658e-05,0
0.7002756631981482,0.2996974621046744,8.131209644663627e-06,1.8400939555652e-07,6.354707319414935e-06,5.536910396816519e-06,6.667860420910469e-06,0
0.48998622191234736,0.5099602238677454,1.344228914288985e-05,3.889941075262432e-07,1.9463702095513112e-05,9.153465937399234e-06,1.110576862384774e-05,0
0.15062063095576614,0.8493442107573594,9.07334265851318e-06,1.8531823939517198e-07,1.292343952594235e-05,6.3926162022503e-06,6.583570248414166e-06,1
0.06921813157051626,0.9307360355477329,9.050733750432277e-06,1.6910425124979842e-07,2.513314244817438e-05,5.731751251119076e-06,5.748150050084784e-06,1
0.08109899637547209,0.9187396845686271,8.444743650720925e-06,1.5778190933784186e-07,0.0001390213625343166,5.347982972439967e-06,8.347184834154218e-06,1
0.047123221203070484,0.9521687570189729,6.378993618480731e-06,1.5240803154248273e-07,0.0006933689201887827,4.039761378668468e-06,4.0816947390501874e-06,1
0.06928953972475664,0.9292507346085169,8.842725761698561e-06,1.261690889759926e-07,0.0014420265527429182,4.358874098785947e-06,4.3713450342699075e-06,1
0.21469694360835848,0.7354982564445448,1.1006003792632442e-05,2.0906895623552532e-07,0.04976800787653514,1.9240951908040214e-05,6.336045904523953e-06,1
0.12651656768364286,0.8688515289632792,7.02498656173882e-06,1.4375243170320774e-07,0.004609345245753825,1.0992577776187182e-05,4.396790554559182e-06,1
0.08367256334263634,0.9144520467525119,6.9802079067113935e-06,1.0887177048308435e-07,0.0018463237283523324,3.827932759161369e-06,1.814916406293405e-05,1
0.08112214290693734,0.9187161232861137,5.689679082507581e-06,1.1635056673015133e-07,0.00013240001029233875,4.13187112876993e-06,1.939589587852773e-05,1
0.07968015206207917,0.9202792976255418,5.699359940517936e-06,1.1654853454162277e-07,1.1166604942382655e-05,4.138901412400105e-06,1.9428897548966568e-05,1
0.06346863467511701,0.9364815906959053,8.695391505900237e-06,1.6266336633919787e-07,1.519367517855147e-05,5.562459534483093e-06,2.0160439392176886e-05,1
0.04408035552311267,0.9553619690520864,6.831494856255942e-06,1.2779573521140262e-07,0.0005361507463245109,4.346960594257666e-06,1.021842729083496e-05,1
0.05679331712819355,0.9424299437119515,6.272418412516182e-06,1.1733717721341615e-07,0.0007569760198037652,3.9912136719147585e-06,9.38217078906189e-06,1
0.04891457721907576,0.9508535159280523,3.4608683738494226e-06,7.2197703940804e-08,0.00021526317884144883,2.5126277503683784e-06,1.0597980202438067e-05,1
0.08461391589670515,0.9153624762278129,5.8914477635962195e-06,1.1043155503016879e-07,1.0459239136661324e-05,3.8432439612295565e-06,3.30351306525596e-06,1
0.10475685700345262,0.8952159357950967,6.428212887049452e-06,1.9671278981036118e-07,9.88855296707361e-06,4.278974240337545e-06,6.414748566226501e-06,1
0.10733848988695964,0.8926406433512777,5.506101171224702e-06,9.524324693065689e-08,7.994208533747789e-06,3.905333070512908e-06,3.3658757404907687e-06,1
0.11257306611114587,0.8874045541295476,5.985427632351675e-06,1.035345236576626e-07,8.386602733198318e-06,4.2453067509810284e-06,3.6588876661913123e-06,1
0.3605869265648707,0.6393738004847991,7.420909816960468e-06,1.8647228807060434e-07,1.3040133970020931e-05,5.875110570824803e-06,1.2750323684496151e-05,1
0.41024122563697435,0.589717443051167,8.681088881058921e-06,1.83042246684308e-07,1.2596873912643685e-05,5.6366057476566235e-06,1.4233701070616878e-05,1
0.49539982204426375,0.50452421991572,1.4638925807601498e-05,2.738481585145938e-07,2.1843612565822066e-05,9.314920814092642e-06,2.9886732670252703e-05,1
0.5899758060063466,0.40998494425274773,1.0628041926450539e-05,2.4080637375122904e-07,1.4950097738929987e-05,6.646250221067624e-06,6.784544645558611e-06,0
0.3637972163626669,0.6361696042887001,8.24873598993129e-06,2.043065259417489e-07,1.2651389181202174e-05,5.769343170946367e-06,6.305573765090246e-06,0
0.351344753740175,0.6486200670762164,8.529762402402206e-06,2.1126705057241823e-07,1.3082409705886975e-05,6.835345919151407e-06,6.520398530476971e-06,0
0.21799741452661203,0.781970539521487,9.097413584713775e-06,1.9710253152786112e-07,1.1157895382623676e-05,5.8004065958257215e-06,5.793133806298194e-06,0
0.1902714667165511,0.8097007361699925,7.414933023724555e-06,1.5163098780542113e-07,9.921587207621947e-06,5.1577145964078995e-06,5.1512476406724645e-06,0
0.17260922276994078,0.8273631205998999,7.377458836368788e-06,1.5086466287331727e-07,9.871444688910665e-06,5.131648121836255e-06,5.125213849323995e-06,0
0.12997944133450248,0.8699870738757121,9.62778545660498e-06,1.8010551815870193e-07,1.1432033745285895e-05,6.126273219909299e-06,6.1185918453400415e-06,1
0.10690268337026101,0.893064311166918,8.921600033330278e-06,1.668950148557061e-07,1.2570247484289118e-05,5.676919122188909e-06,5.669801166359721e-06,1
0.20248361231331818,0.7961507415480313,8.688955499240551e-06,1.8302324649861024e-07,0.0013444725439048027,6.225519490509403e-06,6.076096509453654e-06,1
0.22423411592204623,0.7742107886897533,7.806581087990681e-06,1.7687872292970757e-07,0.0015360595570396323,5.593310119009808e-06,5.459061230507276e-06,1
0.15083133072342392,0.8480319227570864,5.635558435972925e-06,1.2768846796250958e-07,0.0011235181862943664,3.5241986962535047e-06,3.9408875951350076e-06,1
0.14210460677903,0.856499863531677,5.3120776720166804e-06,1.1793988704946837e-07,0.0013831710377283839,3.2886197952087594e-06,3.6400142100642906e-06,1
0.11939413800420154,0.8794923159848378,6.864637766416878e-06,1.3677018479472663e-07,0.001097455029387589,4.808841341784121e-06,4.280732280081778e-06,1
0.1234279932280846,0.8758446564403685,7.937654743821699e-06,1.7040061395912473e-07,0.000708752954769855,5.387717325697141e-06,5.101604093651767e-06,1
0.11352803605256015,0.8856589792486625,1.2844299019760447e-05,1.4041740881376001e-07,0.0007903057987217932,4.923886629505113e-06,4.7702969975333876e-06,1
0.08456357856781911,0.9140493253017147,1.2372039886385145e-05,1.2266089879342695e-07,0.0013661364168969432,4.2152150310624855e-06,4.249797753091149e-06,1
0.31640899398141226,0.6741080797010864,1.8296637581409095e-05,2.2826867444298015e-07,0.009438376506235649,1.8459721193237736e-05,7.5651838167032006e-06,1
0.16901420463427247,0.8265763960207357,1.6344926117056353e-05,1.3948148643080743e-07,0.004376015284831795,1.1971247511844863e-05,4.928405044721901e-06,1
0.15413066229446978,0.8416080468653888,1.0994522621517345e-05,1.7442130900809754e-07,0.00423288160868168,6.016722852655804e-06,1.1223564676966111e-05,1
0.09958099353816496,0.8985510630450332,1.2370666307731586e-05,1.356634362856368e-07,0.001843960883268432,6.15197724784651e-06,5.324226541768917e-06,1
0.0651433871982979,0.9344370785775709,1.3125103659967151e-05,1.1567731881693368e-07,0.0003965219445740704,5.231644156751785e-06,4.539854422005307e-06,1
0.060798106295149784,0.9391088756225408,1.791768615926746e-05,1.0798958575802231e-07,5.2026120317303266e-05,1.9121407043996726e-05,3.8448792032590585e-06,1
0.15049097404939463,0.8493090558242815,2.037015245279098e-05,1.5801328358531466e-07,0.00014727747355168855,2.7722960882252248e-05,4.441526153571815e-06,0
0.13416683475513141,0.8656291523270265,4.345358568045683e-05,1.4168000180785072e-07,0.00011574039024974105,3.284297020446373e-05,1.1834291705447836e-05,1
0.12481014841929629,0.8627490063945658,2.6823845257636867e-05,1.4353215570444842e-07,0.012364843217549427,3.39038381543596e-05,1.5130753020930607e-05,0
0.0991427983662381,0.8893584563040602,2.432187921449563e-05,1.4047127266876922e-07,0.01142201482946786,3.746006633940972e-05,1.4808083407201794e-05,1
0.152555063588092,0.8247427600185239,2.3447105338468513e-05,1.874138244026672e-07,0.022602149206416386,6.987371388174422e-05,6.518953923123368e-06,1
0.07504979718870924,0.9247173268717896,2.3384960133355405e-05,1.2144684032933207e-07,0.00016771325128619918,3.4588168607072736e-05,7.0681126340102415e-06,1
0.17178335087432722,0.7961968123940247,2.4615840306122893e-05,1.988004701601802e-07,0.031923892180296946,6.740546462019335e-05,3.724445954783889e-06,1
0.061820130460183864,0.9378800658834586,1.6620975799224162e-05,1.2971095147445968e-07,0.000178146232506457,0.00010256185252724815,2.3448845730299507e-06,1
0.048427777256227024,0.9513547309599475,2.122796707432046e-05,1.0654458457183637e-07,0.00015936310667496382,3.4607610463890175e-05,2.1865550277061277e-06,1
0.049229232471079354,0.9505532501391493,2.0964436172742894e-05,1.0645482473955165e-07,0.0001590002562876381,3.4706973205070984e-05,2.739269281119848e-06,1
0.04156508608864883,0.9582746518582421,2.003918869311099e-05,9.796429861128408e-08,9.956356084618772e-05,3.877930197118762e-05,1.7820373000704639e-06,1
0.10640898437349403,0.8729537090837239,2.5106501198701275e-05,2.5713563819306384e-07,0.02053031865361488,7.941212708873563e-05,2.212125241580937e-06,1
0.09528723705922533,0.8910912601016154,2.5771435026157212e-05,2.2759477652493335e-07,0.01350317564436839,6.794254365925678e-05,2.4385621329031063e-05,1
0.016885226420654174,0.9674173049520303,3.125768757071149e-05,2.550201184116054e-07,0.015581012323977659,8.14930693877065e-05,3.450526261025633e-06,1
0.015018279363682505,0.9789630070534167,5.329408094018631e-05,2.1130256898453407e-07,0.0059154811862156195,4.2561675278154054e-05,7.1653378982418295e-06,1
0.1439725889224649,0.8504500606638673,6.27279575091151e-05,3.2089653295156834e-07,0.005437025821243779,7.182721797470656e-05,5.448520407027975e-06,1
0.014983689973889262,0.9774556014788038,2.4093891061071914e-05,2.1214234452898698e-07,0.007461676325330576,7.152137407029326e-05,3.204814500608828e-06,1
0.035881189711133056,0.9625878152454306,0.00013381323922591516,4.010231278900095e-07,0.0012119894950218398,0.00013284064656549562,5.195063949514564e-05,1
0.01580491253930415,0.982798395307856,0.00010103056638528459,7.997173271735648e-07,0.0011766814804217618,0.00010554327315641488,1.2637115549293127e-05,1
0.8700959289973997,0.1293117836739198,1.1848836236145916e-05,1.538312093135855e-07,9.042044460403254e-06,6.771919467669683e-06,0.0005644706973072633,0
0.8581160589117562,0.14180595665388018,1.1373935897063459e-05,1.4682196695756985e-07,8.642455538294702e-06,6.507400284100188e-06,5.131382067709892e-05,0
0.8230302253881664,0.17692277116754707,1.1570121921446456e-05,1.4709507243156356e-07,8.658531483639706e-06,4.959331815654614e-06,2.1668363993408958e-05,0
0.7664941029252574,0.2334663375748359,1.6300508562347396e-05,1.80514209778626e-07,1.0625699031079105e-05,6.086062904312446e-06,6.366715199315379e-06,0
0.6498444120809566,0.35009449593184777,2.109425376451935e-05,3.307142377503601e-07,1.7355946653873064e-05,9.951313061146226e-06,1.2359759478462548e-05,0
0.6337620068413077,0.36618177262927365,1.9295950677918163e-05,3.0893241148498964e-07,1.6125120457124336e-05,9.295889896771249e-06,1.119463597522915e-05,0
0.32323422715713945,0.676730067842577,1.0027408705594173e-05,1.8735248300219027e-07,1.2503018790681824e-05,6.316616283165701e-06,6.670604021105454e-06,1
0.05883362545549732,0.9410322490477251,7.0212129062285005e-06,1.311846071393365e-07,0.00011558652639314708,4.446473288171416e-06,6.94009958292045e-06,1
0.06380927596161116,0.9347036907512976,9.008134854762337e-06,1.3100571418236301e-07,0.0014690006228080823,4.440409750901531e-06,4.453113963565363e-06,1
0.06836811541680951,0.9304463284345058,7.193845643939503e-06,1.3111573293028011e-07,0.001169158687145047,4.529770143001363e-06,4.542730019779239e-06,1
0.22790100716847134,0.7173648449669504,9.053911432690181e-06,1.8687727627213057e-07,0.05470967064337191,6.421996835624962e-06,8.814435661749558e-06,1
0.04408753417775527,0.0871188937785686,1.5104638941110944e-06,3.368187190114401e-08,0.8687879148299675,3.1641056699394155e-06,9.48962272466143e-07,1
0.1342381289646626,0.861170913536829,6.962885939989235e-06,1.4248166551620818e-07,0.004568598804019857,1.0895403794638253e-05,4.35792308844502e-06,1
0.23441290417908323,0.7655546203738202,9.156480892579237e-06,4.839189961015603e-08,1.1534460504092773e-05,5.60916666974353e-06,6.12694713060135e-06,1
0.06606524631436485,0.9338889075359843,8.443136306425411e-06,1.4605027148444953e-07,1.2280291040944751e-05,5.401091373142737e-06,1.9575580659028084e-05,1
0.05426663376099343,0.9450063674096938,6.289566007993157e-06,1.1765795467386921e-07,0.000700096426543054,4.002124888770382e-06,1.6493053918019568e-05,1
0.08616780761889296,0.9133766507976718,4.619436331158918e-06,8.833192892302515e-08,0.0004414447821836837,3.0741317762339996e-06,6.314901215535973e-06,1
0.10850050109201811,0.8914739619918371,6.099372354929976e-06,0.0,9.382695884129884e-06,3.9682510932197755e-06,6.08659681254387e-06,1
0.11125629312219903,0.8887180089928768,6.741488071134035e-06,1.5527564466361704e-07,9.787844391611755e-06,4.8922099406504895e-06,4.121066876145116e-06,1
0.15879206002311652,0.8411795596490146,6.738510017700177e-06,3.689933237158974e-08,1.030064312045319e-05,5.334856831990799e-06,5.96941856637433e-06,1
0.11276900198355745,0.8872070777958837,4.582595376822084e-06,7.339231185162149e-08,6.402038668380403e-06,3.4330226956549808e-06,9.42917150590108e-06,1
0.37089242372862435,0.6290546021811779,7.3011397545393316e-06,1.8346271132962516e-07,1.2829672220977727e-05,5.780288995417628e-06,2.6879526515522707e-05,1
0.3797218036586776,0.6202256096805393,7.26567345047467e-06,1.8257151563644612e-07,1.2767350299834355e-05,5.622110048559601e-06,2.6748955468732242e-05,1
0.3621128606086505,0.6378395289547614,7.733015710078982e-06,1.6305196140846874e-07,1.1368067153155624e-05,5.021024596724702e-06,2.3325277166762477e-05,1
0.32790682246453673,0.6720437569211005,1.0739747346238044e-05,2.2622091067851878e-07,1.907121813063156e-05,7.694884204781055e-06,1.1688543770438612e-05,1
0.5608830192230366,0.43907843776522193,1.0905707775204312e-05,2.470976272686382e-07,1.3608521526491402e-05,6.819888669375762e-06,6.961796143101964e-06,0
0.33744953564199176,0.6625133560818756,9.208530145798372e-06,2.673378947955297e-07,1.5361567582693492e-05,5.7701125455975675e-06,6.500727963633159e-06,0
0.1643420178631943,0.834446388082659,6.192926490328611e-06,1.4031711404266252e-07,0.00119705741221523,3.872749029429944e-06,4.33064929777551e-06,1
0.15815567344098594,0.8402278020769234,4.940800957060816e-06,1.2237485599477546e-07,0.0016042287119472367,3.455702339778913e-06,3.7768919906521296e-06,1
0.13759500371622815,0.8611911519067844,6.30443398408818e-06,1.2633055532507832e-07,0.0011968180156510088,4.441783844114583e-06,6.153812952810118e-06,1
0.12327744628856929,0.8757423242250568,6.978838382086129e-06,1.3904550358651596e-07,0.0009599705768719603,4.888841577859818e-06,8.252184038595348e-06,1
0.17458043971234438,0.8243338739754859,1.1213710506137556e-05,1.4201723488443072e-07,0.0010645259514790106,4.9799862418356405e-06,4.824646707914514e-06,1
0.10687999050712442,0.8906944353724197,1.0630452972103008e-05,1.3559581644749395e-07,0.0024055574032147736,4.659720654755996e-06,4.590947797980757e-06,1
0.13345527528345513,0.8608686817858843,1.058844298713966e-05,1.660048698828588e-07,0.005655166937375237,4.995147596657633e-06,5.1263978317449486e-06,1
0.1689386305216424,0.8262067952656666,1.5884360045812638e-05,1.3941911777020792e-07,0.00482165833759175,1.1965894610236739e-05,4.926201325580411e-06,1
0.06572887471003469,0.9332907837640096,1.2329501533498036e-05,1.1671698881985111e-07,0.0009579138330473937,5.400817233433625e-06,4.580657152466587e-06,1
0.07479935956095805,0.9248662408840854,9.024734008344862e-06,1.1649698137617992e-07,0.0003159196440978208,5.1908552983164185e-06,4.147824570894575e-06,1
0.05286799885383254,0.9470297474772921,1.6426136866478662e-05,1.0645093991066943e-07,6.589577133306734e-05,1.603521273547611e-05,3.790097000159177e-06,1
0.41157712329365925,0.5860370423707978,2.6923956393917105e-05,2.67102963871755e-07,0.0023022595330732505,4.9236391660502486e-05,7.147351451320436e-06,0
0.10505576815644774,0.8948076326781239,2.270326532069536e-05,1.232149680765686e-07,8.282040473271742e-05,2.6880244671189267e-05,4.072035735700827e-06,1
0.11904349770178632,0.8807970191309634,3.831749998522483e-05,1.2607060660880524e-07,8.626339495124723e-05,2.974633437073378e-05,5.0298673364460204e-06,1
0.5430594981354727,0.453996279516359,2.47295975878183e-05,1.8002347757907043e-07,0.002869510160011429,3.981551640190738e-05,9.987050689740014e-06,0
0.17803808987180186,0.8146226203301966,2.389399945291676e-05,1.4036319991213448e-07,0.0072705636031616325,3.4918090654500386e-05,9.773741532388508e-06,0
0.1348688920635313,0.8538603576702075,2.1608063447487512e-05,1.420533862092063e-07,0.011205605528945365,3.4406164505817804e-05,8.98845597646524e-06,0
0.09938120712998534,0.8891274748519732,2.157932837645369e-05,1.4043478990042363e-07,0.011419048338788687,3.574567858930255e-05,1.4804237497171056e-05,0
0.06895346461379855,0.9308216381113624,1.874049535135154e-05,1.2165968879565547e-07,0.00016369391424512055,2.9516330198164713e-05,1.2824875355720317e-05,1
0.13693821005886636,0.8358778266398063,2.7497631010507888e-05,2.1382004703634545e-07,0.02708316122316711,6.134668151866265e-05,1.1743945584099683e-05,1
0.08438320895187246,0.9154011315216405,2.0906729104556805e-05,1.1488774864128199e-07,0.0001586554068045797,3.284174493927456e-05,3.1407578900789155e-06,1
0.1530695984343049,0.8224199190261036,2.467609537659381e-05,1.9928709731530413e-07,0.024414060751078867,6.781284332235962e-05,3.733562716620161e-06,1
0.07125047717010917,0.9284692784639875,1.7827065523441823e-05,1.1445408243180727e-07,0.00020198856270003374,5.7965406361027914e-05,2.3488772365903346e-06,1
0.05311786257986385,0.9465855030731981,1.8189309054036504e-05,1.069434762722518e-07,0.00017528247485267174,0.00010081997905229923,2.2356405027854354e-06,1
0.06827046951546598,0.9315080580524546,2.0127072176590417e-05,1.0496172075109346e-07,0.00016388495182174863,3.520137556308037e-05,2.1540707971905393e-06,1
0.06311464680048912,0.9366694431492665,2.1192149744235613e-05,1.0538502584482779e-07,0.00015762870711021165,3.4821050312779656e-05,2.162758051307474e-06,1
0.044373605405383744,0.9554591761567617,2.2511069600940237e-05,1.3383272887067903e-07,0.0001035885241146543,3.933301819981482e-05,1.6519932102285235e-06,1
0.026864698994420996,0.9525195229071582,5.270262101402196e-05,3.1350660794016685e-07,0.02038021031362961,0.00017833764248934798,4.214014680181576e-06,1
0.03517661760944112,0.9515981741831668,7.559263802137848e-05,3.0074440526981374e-07,0.013070516809803258,7.436972014048756e-05,4.4282950215631025e-06,1
0.141599483842041,0.8522439370436564,6.266630909351435e-05,3.1124465015332636e-07,0.006018650111452354,6.966680856411228e-05,5.284640542360192e-06,1
0.02229047158892711,0.9749478037093513,2.7653408589707598e-05,2.23388226685319e-07,0.0026711889934920813,5.9358640817924423e-05,3.3002705952335026e-06,1
0.024326931317189125,0.9745305487859794,0.00013667700005717503,5.565709183805335e-07,0.0008481386608390078,0.00014157129148331888,1.557637353352289e-05,1
0.7857353987171678,0.21333943586741907,1.2652984996034396e-05,1.4012100169536311e-07,7.932934704809491e-06,6.168372097211393e-06,0.0008982710026131885,0
0.7882182966261059,0.21117057258064456,1.2032622136412204e-05,1.3325101288781255e-07,7.543991063430469e-06,5.8659431482606814e-06,0.0005855549858886743,0
0.8779505835702635,0.12116547687435021,1.2165817909279906e-05,1.5794652267741557e-07,8.839251461754602e-06,6.9530827752223905e-06,0.0008558234567174931,0
0.7924025515935106,0.20755929887441127,1.4275011261265142e-05,1.853297827331391e-07,1.0904210487766869e-05,6.248420648655199e-06,6.536559897749423e-06,0
0.7520084474751841,0.24796542875889752,7.006433868697617e-06,1.585557029675026e-07,5.245716063803571e-06,4.7709994241335375e-06,8.942060858440752e-06,0
0.053538889658851535,0.9464312060950341,8.188763462648705e-06,1.529991658352314e-07,1.1175900594303345e-05,5.18587293764035e-06,5.200709954119296e-06,1
0.04098458896777145,0.9589925190140488,6.26858544899754e-06,1.1712248730082035e-07,8.555270666254246e-06,3.969840841724288e-06,3.981198735505282e-06,1
0.04055048896961133,0.959426608650097,6.271422935132354e-06,1.1717550299893836e-07,8.559143224440234e-06,3.971637797104008e-06,3.983000832055428e-06,1
0.05964377147907781,0.9395468036096706,7.325262297830105e-06,1.3686547745631937e-07,0.0007900831219324752,4.639025133001814e-06,7.240636410961884e-06,1
0.21533978981614993,0.7825383212723239,1.0814110824813482e-05,2.0205125511233627e-07,0.0020942664034457287,6.8484826710215156e-06,9.75786332917674e-06,1
0.0797851864561321,0.9191042585927669,7.106153213725357e-06,1.2951744213714202e-07,0.0010943573733680956,4.474552590135753e-06,4.487354487003275e-06,1
0.14843055556131163,0.8108261554288434,6.71931310588533e-06,1.3868999503503856e-07,0.04072685980196262,4.7660514269850084e-06,4.80515335427914e-06,1
0.03520885442749495,0.06957423467066289,1.2186453593303562e-06,2.6898762807452932e-08,0.8952123784525352,2.529052083426004e-06,7.578531013717591e-07,4
0.02714980288083541,0.07351924462795759,1.0544741804791083e-06,2.1577724922309193e-08,0.8993272366718628,1.985832688844336e-06,6.539347499727478e-07,4
0.16158343715955611,0.8383651055567165,1.0211633947451372e-05,1.5842620166055595e-07,1.0878942820889169e-05,6.532402891245253e-06,2.367587786622329e-05,1
0.06941910625142661,0.9303811764055256,4.68694868543237e-06,6.569321382702791e-51,0.00018554577902456888,3.0574975718507147e-06,6.427117766021129e-06,1
0.06287402721366736,0.9276979309869421,4.6734313939111574e-06,6.55037527550462e-51,0.009415156665823828,3.0486796630623032e-06,5.163022509803675e-06,1
0.07109131419076477,0.9288800491226201,6.08408881437327e-06,8.527581039398157e-51,1.1105599903100751e-05,4.049906213448145e-06,7.397091684255444e-06,1
0.08489816586254414,0.9150728573769824,6.556169654024371e-06,9.189259022757148e-51,1.0085389520243174e-05,4.364149345671341e-06,7.971051953380675e-06,1
0.09642021464081148,0.9035522317071714,6.4736284926262536e-06,9.073567673668748e-51,1.0310749097835236e-05,4.309205380747335e-06,6.460069045786995e-06,1
0.07856440895342429,0.9214171299691041,4.846313794440059e-06,9.903360345919799e-08,7.036275195087816e-06,3.51690669337385e-06,2.9625481850496617e-06,1
0.14382280928569383,0.8561504404035398,6.699804551734138e-06,3.668738553919992e-08,1.024147704506267e-05,5.304213838361357e-06,4.468127945947279e-06,1
0.41670442838564303,0.5832383578738998,7.892667301632884e-06,2.0970265687595812e-07,1.4972555838205605e-05,5.5868517505374106e-06,2.8551962910102295e-05,1
0.42786097716710125,0.5720803063254966,8.10397997740075e-06,1.8628392879899287e-07,1.5373420427620195e-05,5.7364301563420255e-06,2.9316392912075182e-05,1
0.4524821466883609,0.5474532958590093,9.15766465675429e-06,2.1107752227290522e-07,1.6320119183958987e-05,6.650338209501191e-06,3.2218253057381665e-05,1
0.4366331002576227,0.5633094332848442,9.01596528246495e-06,1.901031729937549e-07,1.3254091627926414e-05,5.98950746386541e-06,2.9016789985838316e-05,1
0.5726896579191493,0.42726751326066215,1.0747883762298239e-05,1.8546423954560915e-07,2.2531117826502998e-05,6.72119336050083e-06,2.6431609997729087e-06,1
0.10393822162261412,0.8960302657237702,9.024883336687244e-06,1.6882711990230223e-07,1.0840864510193853e-05,5.742639503918599e-06,5.735439145158487e-06,1
0.31396418357420514,0.6841522575309759,1.0278327530338204e-05,2.977982362817515e-07,0.0018593137953209855,6.427556185180585e-06,7.2414175461285505e-06,1
0.16619379704159845,0.8325766501697964,6.112227947127627e-06,1.38488675305808e-07,0.0012152055701762092,3.822284163530747e-06,4.274217643049651e-06,1
0.17013982161223107,0.8288661457359724,5.970515767256004e-06,1.352778114056254e-07,0.0009800180740374474,3.7336643958145785e-06,4.175119784677572e-06,1
0.270249626045133,0.7275661135709992,8.07203417184918e-06,1.9992993604676207e-07,0.0021641721678822006,5.645754123037667e-06,6.170497754692731e-06,1
0.15280397483020652,0.8459206868094851,8.017713677007973e-06,1.597439251056024e-07,0.0012520636938232407,5.616598327330078e-06,9.480610555657404e-06,1
0.15826281243763457,0.8408129568329925,7.405574850715449e-06,1.475477476464448e-07,0.0009026271762703887,5.293648467775292e-06,8.756782036472576e-06,1
0.15671493300714032,0.8427975312909836,7.1785553793410775e-06,1.4302464007567476e-07,0.000466594410286599,5.131370548637118e-06,8.48834102157033e-06,1
0.13824906398583203,0.8604955306754601,1.2152369375052643e-05,1.5390498042504426e-07,0.0012324778505859986,5.288911081073772e-06,5.33230268515642e-06,1
0.11043337474812975,0.8861863242675926,1.0153717339311611e-05,1.3933553741144296e-07,0.0033605021303071206,4.78823534993824e-06,4.7175657436837685e-06,1
0.12416467841798697,0.8718047608479166,1.0722953687901779e-05,1.6811371925806797e-07,0.004006531202094199,5.058603650059696e-06,8.07986094524556e-06,1
0.06510175357956519,0.933839872955751,1.2211865396048205e-05,1.156033885901712e-07,0.0010375319191721307,3.977123759459774e-06,4.536952967594709e-06,1
0.06652145774306502,0.9326111799451058,1.2320523435274937e-05,1.1663199782592635e-07,0.0008450730141382087,5.274820648998066e-06,4.577321608873891e-06,1
0.06143843074004242,0.938091229165539,1.2005377057625927e-05,1.1082528981368053e-07,0.00044944454073985325,5.012205381347321e-06,3.767145949820867e-06,1
0.061883837051929305,0.9377993854896022,1.2319627462218515e-05,1.1372623094996224e-07,0.00029541095413913946,5.067396609856484e-06,3.86575402628595e-06,1
0.09352474729173606,0.9063761951835307,1.7304066008057173e-05,1.1787695935565041e-07,5.759915170568511e-05,2.0203183277690333e-05,3.833246782556993e-06,1
0.11299680757123415,0.8868709593678775,1.8586658529041523e-05,1.2146763183468628e-07,8.430049417841643e-05,2.4589663812789758e-05,4.6347767360225975e-06,1
0.11978089761435046,0.8800251210030587,3.833394222281077e-05,1.3763052971127263e-07,0.00011913789273447175,3.126708535835517e-05,5.104831745474717e-06,1
0.26835249052099497,0.7217607477101998,3.542575594040105e-05,1.7445731640513834e-07,0.009800088834471905,3.7202921803843415e-05,1.3869799272433363e-05,0
0.047373395772994396,0.9524403538548281,1.7307891645415856e-05,1.0990397093547622e-07,0.000140321443190878,2.495110948743033e-05,3.560023883099139e-06,1
0.0568506251220899,0.9429213440963103,2.289226447114984e-05,1.2440224162031161e-07,0.00015690846771812357,4.1382344825559705e-05,6.723302343381168e-06,1
0.05368222845590897,0.9460938367119963,2.1585120392254655e-05,1.1000247786722417e-07,0.0001508609539984007,4.463283209137119e-05,6.745923134787522e-06,1
0.06678328791661396,0.9330353308132046,1.8940274075806018e-05,1.0408158236210711e-07,0.00013104471422235547,2.844685730399795e-05,2.84534299680954e-06,1
0.0766082718699085,0.9231973068268545,1.8926853453475993e-05,1.040078326580214e-07,0.00014363067599787292,2.891643909779152e-05,2.843326855247558e-06,1
0.14854463580445224,0.8242660040512342,2.3946633677001738e-05,1.9339587739190073e-07,0.027107828057844275,5.376886380755418e-05,3.6231931073592626e-06,1
0.05825145042941322,0.9414852478537424,1.8768872002564574e-05,1.1798944064462552e-07,0.00018223753124328338,5.975589273847894e-05,2.421431419480483e-06,1
0.06250620878718652,0.9372797786079514,2.3955753853575098e-05,1.0832104307380424e-07,0.000152874338743208,3.485117892831648e-05,2.2230122937849172e-06,1
0.041839231180711,0.9579362968440851,2.5180855564085347e-05,1.0849240473153883e-07,0.00016227654120701222,3.411438624147979e-05,2.7916997866749592e-06,1
0.034855540318610725,0.9649233976877212,2.34008500083587e-05,1.070005511880215e-07,0.00016004511465113054,3.475571667783707e-05,2.753311779426956e-06,1
0.047611815981070185,0.9521850250270695,2.388659652913635e-05,1.3575468093662838e-07,0.00013791921871956594,3.954170468973269e-05,1.675717240890717e-06,1
0.04087142642085998,0.9589410622502937,2.485123748744471e-05,1.3432044234828533e-07,0.0001242725098066214,3.6595247702640766e-05,1.6580134069348245e-06,1
0.03176082596834761,0.968023088949077,2.8521786636110207e-05,1.0630397937362876e-07,0.00014557208855831458,3.995116162950212e-05,1.9337417720041523e-06,1
0.03955670382566532,0.9602102099083052,2.838360011722021e-05,1.177443781028248e-07,0.00016318020787789325,3.943767744187938e-05,1.967036214304486e-06,1
0.029818248218278644,0.9517474567751881,4.161372564287571e-05,3.057218057406108e-07,0.01829462853764508,9.36104806608417e-05,4.136540779004471e-06,1
0.033351530013812476,0.947236015497003,7.642783000710453e-05,3.040672065849664e-07,0.01925861651954542,7.262885099247809e-05,4.477221433039761e-06,1
0.031345509476531634,0.9514166252641112,7.45536945674996e-05,3.3438064114621954e-07,0.017085314304802018,7.273930935628924e-05,4.923569990159702e-06,1
0.026607493673058563,0.9702373452775218,2.751947837907932e-05,2.221926334047131e-07,0.0030654048123320613,5.873195881589002e-05,3.282607259047927e-06,1
0.022754962507803865,0.9736061707439355,2.4411309360121613e-05,2.513688795261982e-07,0.0035376341858032526,7.335698079184215e-05,3.212903425861223e-06,1
0.044774860220518846,0.9535400681141964,0.00016351575935662577,3.680658555447796e-07,0.0013430045072330842,0.00012146208668327815,5.672124615622007e-05,1
0.018136150269299364,0.9758679149186017,5.1917958177219125e-05,1.1686474606376786e-07,0.0058875131903386975,3.856547871197391e-05,1.7821320124544597e-05,1
0.8660619578407638,0.13381988372419681,1.3272025711180839e-05,1.7132371221910171e-07,9.943781867482971e-06,5.776203938983403e-06,8.899509980949855e-05,0
0.827980288693786,0.17199116822737648,1.0543956201396217e-05,1.6881105628120735e-07,7.46982416053737e-06,5.079586777588744e-06,5.280900641370634e-06,0
0.8199640142499568,0.1800103214076506,9.46102007638148e-06,1.5147301089700827e-07,6.005115672504752e-06,4.557878614492464e-06,5.488855018199718e-06,0
0.7970673290765673,0.20290798676159874,8.910138376640695e-06,1.42653273803742e-07,6.070290435548522e-06,4.391821322666158e-06,5.169258425269427e-06,0
0.4258075125855596,0.5741522127899787,9.34246728462084e-06,2.1485749366079332e-07,1.2462062732945514e-05,7.411582905350338e-06,1.084365404502695e-05,0
0.2785258648981085,0.7214304639439091,1.2979362310062408e-05,2.425068956467896e-07,1.3638780431012914e-05,8.176155347802724e-06,8.634352997757517e-06,1
0.0413277741041648,0.9586491513165429,6.971292624656289e-06,1.1345773275383963e-07,8.287576837363146e-06,3.845624795678987e-06,3.856627301747192e-06,1
0.2725256952791535,0.7253400595459278,1.0974433722935583e-05,2.050467341964316e-07,0.0021052292781501905,6.95001377305515e-06,1.088640253819756e-05,1
0.19294505457426506,0.8055663488767467,9.30816317754791e-06,1.8404565996006763e-07,0.0014666101184169092,6.238186999692068e-06,6.25603473418656e-06,1
0.11926431492984382,0.8799768275912939,8.258272380027912e-06,1.6235374097654535e-07,0.0007394152201772635,5.502944196190251e-06,5.518688367847249e-06,1
0.09616170735048901,0.9024510433232905,7.363462832362763e-06,1.3679314680588e-07,0.0013704626577922048,4.636573501578677e-06,4.649838947584777e-06,1
0.10768998616131145,0.846425131693538,7.2199266375281285e-06,1.3234726532892703e-07,0.04586839638776607,4.5480849041716224e-06,4.5853985773400545e-06,1
0.019754756084730485,0.03694527294782989,6.64606762860274e-07,1.466964899799154e-08,0.9432974377856441,1.4405986799252732e-06,4.133067036853702e-07,4
0.11378888318557531,0.8824939945059301,6.843555346389388e-06,1.256997784869995e-07,0.0036847790175653437,4.419605722903839e-06,2.0954430081482692e-05,1
0.19976623068801747,0.7993087368649857,8.635858754359957e-06,1.2346472185452897e-07,0.0008913502612002499,4.3410211048338674e-06,2.0581841215400467e-05,1
0.1379295303476302,0.8620274764745731,8.802928759620026e-06,1.0863840320516525e-07,1.2151621847497252e-05,3.819727562863935e-06,1.8110261223427717e-05,1
0.12162361917881347,0.8783410461088754,1.1268060730189015e-05,1.3906100553282252e-07,9.216700699899934e-06,4.93837004878023e-06,9.772519826691568e-06,1
0.0445056553094333,0.9548956300806148,6.367254790457144e-06,1.215095510667379e-07,0.0005755737612307009,4.1331365983324344e-06,1.2518947781300158e-05,1
0.21325754388754883,0.7854553805785012,9.844240636305284e-06,2.2859217660315447e-07,0.0012561390044093256,1.3808587621373863e-05,7.055109106523083e-06,1
0.11020743383662253,0.8890236730457455,6.1731590337233005e-06,1.4014987844891674e-07,0.0007369022531080016,3.957645211826265e-06,2.1719910400170063e-05,1
0.06392259978457834,0.9360599328155329,4.883381570256052e-06,9.153597591771903e-08,6.503573477192123e-06,3.250649023613148e-06,2.7382598416053253e-06,1
0.06739236080009747,0.9325888591428299,4.8434327062380585e-06,9.07871590984551e-08,6.22995211028345e-06,3.2240568489189773e-06,4.391828247826067e-06,1
0.10311502388423434,0.8968634051770065,4.818822543604922e-06,1.0742900653015473e-07,7.632763299302613e-06,3.815046397701421e-06,5.196877512197132e-06,1
0.36233244170540885,0.6375868583193507,7.757488106866166e-06,1.8445249563747018e-07,1.2440229825868119e-05,5.811473748444603e-06,5.450633106374901e-05,1
0.4163649445588357,0.5835815338463498,7.952247906523571e-06,1.99823727684309e-07,1.397380922577492e-05,6.295769237170468e-06,2.5099944717307565e-05,1
0.4714890605411058,0.5284496984490425,9.663346940377457e-06,1.8077076142676207e-07,1.4022199824224994e-05,6.27438304710544e-06,3.110030927853853e-05,1
0.4533491905973791,0.5465895671235229,9.678200261417966e-06,1.8104862024428938e-07,1.404375304351521e-05,6.19116428331396e-06,3.114811288954654e-05,1
0.36468915187667,0.6352651459366072,1.2535087886867208e-05,2.3449198252338202e-07,1.7941654811877196e-05,7.976223979715003e-06,7.0147280616680515e-06,1
0.540125261206834,0.45982962013684586,1.0859852996353304e-05,2.287508034842584e-07,1.8654931610851523e-05,7.780938284097975e-06,7.594182625298232e-06,1
0.5910741587035869,0.4088758424464134,9.34629796142431e-06,2.117650772987442e-07,1.2116209210573726e-05,5.979962690505436e-06,2.234461505999524e-05,0
0.22214873369668423,0.7778227790562479,8.075640191607002e-06,1.5106977276636392e-07,9.884865531974879e-06,5.2434896755102025e-06,5.132181896343454e-06,1
0.22564063043474647,0.7743295949905157,8.542205626929118e-06,1.597977414007275e-07,1.0097451381267917e-05,5.5464292549139515e-06,5.4286907332661746e-06,1
0.11569673591694893,0.8842764556597149,7.649196387611447e-06,1.4309235338676025e-07,9.188362725184962e-06,4.966600954568932e-06,4.8611709153257e-06,1
0.07588659311215143,0.9240911132828671,6.36099186263391e-06,1.1899410727282181e-07,7.640946520930036e-06,4.130173505301766e-06,4.042498985297348e-06,1
0.23099823951856252,0.7612391748762813,1.9982650808635755e-05,2.299937701497182e-07,0.00771374821729631,1.853390704700141e-05,1.0090836234265891e-05,1
0.09659809766040446,0.9014362011163652,1.2427972930843829e-05,1.3629189179643444e-07,0.0019430866320629557,4.70143553368946e-06,5.3488908109524336e-06,1
0.06765435476273467,0.9310520763668806,1.1526224538794028e-05,1.2640282984234506e-07,0.0012725951478720092,4.3603089512273584e-06,4.960786192856936e-06,1
0.06976907494088214,0.9290520542553052,1.2374658431104937e-05,1.171444657213953e-07,0.0011576581644705288,4.123402599564786e-06,4.597433845785799e-06,1
0.05589323461674954,0.9434470327775706,1.3705555182371044e-05,1.1130784222305976e-07,0.0006370981645154373,5.034029387286209e-06,3.783548752444938e-06,1
0.059701645277073036,0.9399338535958267,1.1124496038652443e-05,1.1241744905325489e-07,0.0003441774263490339,5.0842126742853565e-06,4.002574589247866e-06,1
0.037987432124851415,0.9619570066067018,6.953741353473351e-06,8.976430603524247e-08,4.132211975405832e-05,3.999659725640946e-06,3.195983307531549e-06,1
0.04434878904186087,0.9555542666415112,1.5151038470818061e-05,1.0133257826265415e-07,6.312442930754397e-05,1.4959654272148136e-05,3.6078619992831713e-06,1
0.2970590220273881,0.7019328156227251,2.1661202258702972e-05,2.1844715108661832e-07,0.000945695770766057,3.455823292382883e-05,6.028696787037122e-06,1
0.43117361298903656,0.5674378925951451,2.05463433380221e-05,2.885451589556823e-07,0.0013129343389193997,4.687564621489914e-05,7.849542186984571e-06,1
0.10848254066331393,0.8913778469391492,2.1733900973416445e-05,1.252311325269591e-07,8.691242431492552e-05,2.670217472796211e-05,4.138666387960039e-06,1
0.04232673244658678,0.9574906935676183,1.7979639424367426e-05,1.1048673959575223e-07,0.00012828461174157335,3.262034688751851e-05,3.578901002199069e-06,1
0.07392333335317229,0.9258831407718554,1.9827596583599845e-05,1.0895764330542081e-07,0.0001371839561357256,3.293161389135546e-05,3.473750718139967e-06,1
0.057716443690606446,0.9420698499179558,2.086340516403346e-05,1.2179014560912345e-07,0.00014719804659671864,4.157231577737527e-05,3.950833754221548e-06,1
0.052617960711091843,0.9471566202073376,2.2021535969465893e-05,1.2250408362305854e-07,0.00016229885070048202,3.802615628506493e-05,2.95003453218987e-06,1
0.077787056001918,0.9219999193850084,1.7500607667121386e-05,1.1043588774311329e-07,0.00015659437143180426,3.655278401663496e-05,2.2664140702626078e-06,1
0.051706765138870896,0.9480756046620236,2.3224516643386303e-05,1.0521604751282758e-07,0.00015737595928584755,3.476521692513109e-05,2.159290203336662e-06,1
0.04448535986600459,0.9552970878318913,2.0958158692107494e-05,1.0642294846606905e-07,0.000159181170560831,3.456810085405266e-05,2.7384490487164734e-06,1
0.07673684511848676,0.8969427330869754,4.193625319113145e-05,3.248730492097958e-07,0.02619295408896751,8.083978206334498e-05,4.366797266444573e-06,1
0.048207862551324254,0.9392994550556651,6.390984209921145e-05,3.278665882609219e-07,0.012341472364596161,8.107664177661303e-05,5.895677950303072e-06,1
0.04175791043152763,0.9397479173301684,7.392470296538605e-05,3.588458606747636e-07,0.01833537460658358,7.806133746669684e-05,6.452745427826484e-06,1
0.12804456597654892,0.8648009424965065,6.185702188330851e-05,3.158305446364285e-07,0.007021526483990183,6.54296858218255e-05,5.362504704511891e-06,1
0.10975336090337023,0.8870279818731172,6.230925351130121e-05,3.1811107314374844e-07,0.0030794009876094898,7.148801187025432e-05,5.140859448468049e-06,1
0.030198804972142175,0.96578727774272,2.9504608472875974e-05,2.2574593085277567e-07,0.003909996159105721,6.989198490528505e-05,4.298786723208267e-06,1
0.028542582002906977,0.9647607793244969,2.9154799705277455e-05,2.217505857230845e-07,0.0065800499303696495,8.33749722897398e-05,3.837219645678073e-06,1
0.01562044847746904,0.9758406178941589,3.720150188013927e-05,2.980331992617284e-07,0.008429768539205872,6.924074868183641e-05,2.4248054049711315e-06,1
0.01474205516337775,0.9785114465567837,4.7326348733800335e-05,1.2647388720711873e-07,0.0066464735759410075,3.8085737279058137e-05,1.4486143997438324e-05,1
0.01231493338743546,0.9865258718633062,6.363741998767605e-05,6.280975750860789e-07,0.0010054926827115862,8.305935959251323e-05,6.377189391515381e-06,1
0.8445767369548103,0.15466254944799185,1.598729238379249e-05,2.075600060659313e-07,1.2217709387256675e-05,9.137155275963788e-06,0.000723163880144942,0
0.8267899833432703,0.17287390890200532,1.4379558023667617e-05,1.8668709365968657e-07,1.0989056610265735e-05,8.218293086025005e-06,0.0003023341599108176,0
0.7523917341714403,0.24756579171771617,1.493821680528304e-05,2.39164134380944e-07,1.2618443659360838e-05,7.1965367757143915e-06,7.481749468715229e-06,0
0.8522359648698203,0.14773809759341902,9.570833582902631e-06,1.5323114927274656e-07,6.809174530041397e-06,4.6107816449177635e-06,4.793515853158544e-06,0
0.5771055054201424,0.42285628994431174,1.1023456017365636e-05,2.3191379184009022e-07,1.0090660472931346e-05,7.819007308329557e-06,9.039597955524162e-06,0
0.07211129869197623,0.927856978469458,9.251518473503807e-06,1.72855720599539e-07,1.0316155472784123e-05,5.827855824919195e-06,6.154453073829215e-06,1
0.2023229602202853,0.7959259280691233,1.1330258205898426e-05,2.707045112925374e-07,0.001727282678659858,7.175354334565278e-06,5.052714879685297e-06,1
0.20960128029348662,0.7891167171478638,9.640866983178225e-06,2.418697670259469e-07,0.0012610119531580016,6.558072665925829e-06,4.549796075526463e-06,1
0.24774077492953145,0.7500839674624746,1.0060334796544572e-05,2.671948959650513e-07,0.0021518170927904015,7.354906780563203e-06,5.758078730395567e-06,1
0.15332588074135264,0.8461441502747324,9.58820719868843e-06,1.6271565629091774e-07,0.0005091718593200189,5.5152112358455036e-06,5.530990504056486e-06,1
0.13695326672290667,0.8623628072586544,7.885709134289628e-06,1.5502932323970028e-07,0.0006653608767424636,5.2546846745247335e-06,5.269718564487926e-06,1
0.13210505431037653,0.8612591708101118,7.831030553537929e-06,1.4272912729112447e-07,0.006617851074283779,5.004949510511356e-06,4.945096036545477e-06,1
0.1006045979645893,0.8523675191605572,7.857652675415988e-06,1.44037314463887e-07,0.04700994095354037,4.949810892748699e-06,4.990420430562771e-06,1
0.1415558245478119,0.8265953934387299,7.455127043098533e-06,1.9716544046649303e-07,0.0318305513954912,5.421192871458816e-06,5.157132611835612e-06,4
0.10046537439810123,0.895765258685732,6.9464712092694255e-06,1.2759009726313746e-07,0.003740192058436719,4.48606935380034e-06,1.7614727069756175e-05,1
0.09547595076364596,0.9044820267576585,9.922184356920129e-06,1.224513220858555e-07,7.17168702194946e-06,4.3932507535804915e-06,2.0412905240708552e-05,1
0.14415119542206428,0.855808817553593,9.626396278951633e-06,1.4934665754781053e-07,1.245282491781835e-05,6.15802517094639e-06,1.1600431317709398e-05,1
0.043530276512983745,0.9559052598175813,6.835379758722399e-06,1.2786840949095228e-07,0.0005373030237666197,4.3494326034283615e-06,1.584796489666151e-05,1
0.0604642143877366,0.9389970910938813,6.249570785366063e-06,1.169097701274236e-07,0.0005119631874457959,3.976675457807358e-06,1.6388174922805342e-05,1
0.08326119176130174,0.9163248396913638,4.151635990948198e-06,8.660791274505305e-08,0.0003922784410287217,3.014132487414393e-06,1.4437729914592244e-05,1
0.09833078300719968,0.9016421739096733,7.069320392081769e-06,1.325100510485621e-07,1.117153991255086e-05,4.705730875116566e-06,3.96398189627114e-06,1
0.10081462544435177,0.8991667875429039,4.711319180430364e-06,8.890825950081596e-08,7.20183206327296e-06,3.7299363288601905e-06,2.855016912332879e-06,1
0.15528167346757518,0.8446835750875091,6.004527472354e-06,9.61651894909908e-08,7.891795150550172e-06,4.498254241152356e-06,1.626070286210924e-05,1
0.2931478342619451,0.7068177899577911,7.473323677336981e-06,1.8778934119644667e-07,1.049440840144172e-05,5.916606456471062e-06,1.0303652387487385e-05,1
0.3757066953946753,0.6241497342087016,7.415073376928615e-06,1.8632563026802074e-07,1.3029878090108551e-05,5.870489879915885e-06,0.00011706862964585142,1
0.37627864825986845,0.6235364420688994,7.630700129067851e-06,1.91743889596377e-07,1.340878065121902e-05,6.041200890033608e-06,0.00015763724567224646,1
0.4356814358348395,0.5640849096820635,8.25210482130931e-06,1.8968883329690278e-07,1.5654416371283944e-05,5.841280837596181e-06,0.0002037169922336445,1
0.4562795384687445,0.543456534101359,8.450601328855339e-06,2.1234633006355253e-07,1.641822102892061e-05,6.690314047950465e-06,0.00023215594716082517,1
0.4244613834485671,0.5752773239301672,8.03958934376852e-06,1.639586657565779e-07,1.2884616547449912e-05,5.690851024411299e-06,0.0002345136056844521,1
0.423110689816735,0.5766138289493025,8.017902730129514e-06,1.635163908983744e-07,1.28498605805711e-05,5.675500080206767e-06,0.00024877445418066557,1
0.3310128497607809,0.6689151689830399,1.115852335854513e-05,2.0874079926635887e-07,1.5117497788526714e-05,7.138129962794087e-06,3.835836427011008e-05,1
0.3646879521985484,0.635263056174153,1.2535046651555948e-05,2.3449121114068611e-07,1.732850575443183e-05,7.976197741201046e-06,1.0917385940277846e-05,1
0.3814283986694363,0.6185233221302912,1.2200090237912737e-05,2.2822523245724915e-07,1.746216777241028e-05,7.763061032246704e-06,1.0625655997616614e-05,1
0.41063861717131156,0.5893152961619691,1.1665764991725152e-05,2.1822969134723505e-07,1.661932247204733e-05,7.423063588265984e-06,1.0160285976074673e-05,1
0.41749438801447347,0.5824598376490163,1.128004714032056e-05,2.3760172882221343e-07,1.8102817740640648e-05,8.082001724150663e-06,8.071868176350195e-06,1
0.44473284439315675,0.5552231820766106,9.474508652281013e-06,2.3466673562050792e-07,2.0395089890155368e-05,6.6266749060500646e-06,7.242590048689548e-06,0
0.4482189974404341,0.5517397324367923,1.0033402417298528e-05,2.3102928251372311e-07,1.511681225024824e-05,8.040291514916164e-06,7.848587308566753e-06,0
0.41638900193112505,0.5835698175353132,1.1075507586848807e-05,2.2648756913474524e-07,1.4302012772946517e-05,7.882230600962506e-06,7.694295031858166e-06,0
0.3031272705049829,0.6968384989381273,9.739621501356165e-06,1.821976180376947e-07,1.1921636748167068e-05,6.197435811667067e-06,6.189665210499028e-06,1
0.07474389957427227,0.92522901999627,7.786358121447603e-06,1.4565821707944974e-07,9.245522680005648e-06,4.954551330111227e-06,4.948339108876052e-06,1
0.11136030506873443,0.8886053962907867,9.86178960960038e-06,1.8448299825695352e-07,1.170989030800616e-05,6.275172817049759e-06,6.26730474601141e-06,1
0.2899346300348794,0.7084925632337455,9.59062445644611e-06,2.1730093966028803e-07,0.0015502946809185082,5.997500796002167e-06,6.706624264376357e-06,1
0.13120664988142255,0.8673137049538797,6.349232566088594e-06,1.2983804475671086e-07,0.0014642365725241451,4.518629492383407e-06,4.4108920702989745e-06,1
0.12658855547897296,0.8722502574421389,7.75906305220828e-06,1.5547894492379845e-07,0.0011415547746638564,5.578200221255742e-06,6.139562006018184e-06,1
0.1414694844343908,0.8584932195453596,7.364780925818099e-06,1.475781753848771e-07,1.9581246292179733e-05,5.188850420879357e-06,5.0135644354017465e-06,1
0.14739341749839316,0.8494184311734962,1.0544042090753596e-05,1.5563956049418793e-07,0.003167580427526805,4.972302594510275e-06,4.898916338227642e-06,1
0.23759844049619241,0.7552792962677641,1.4020004494185507e-05,2.3209321198377576e-07,0.00709348626648686,7.85599310245912e-06,6.6688787479323265e-06,1
0.3281274473674663,0.6629820155229461,1.7645665293061986e-05,2.85851176251386e-07,0.00885024215357776,1.6767057791152215e-05,5.596381749327684e-06,1
0.18463987372435864,0.8102624722466352,1.4718225141725801e-05,1.6121032929266031e-07,0.005064934851940253,1.209190404838981e-05,5.747837546472932e-06,1
0.08254443410937874,0.9162044272655193,1.1147387000861716e-05,1.2224829192891297e-07,0.001230768198294391,4.303053683567823e-06,4.797737831167883e-06,1
0.07228118508175553,0.9263354132498076,1.1769673730330054e-05,1.2907262571777789e-07,0.001361894092064515,4.543265421373922e-06,5.065564594836642e-06,1
0.06040593098340119,0.938972026933399,1.2165389480369793e-05,1.1230241319258461e-07,0.0006020834756211622,3.863559720868521e-06,3.81735596383102e-06,1
0.057852811313659984,0.9417451533343383,1.038956580597151e-05,1.1110705455616524e-07,0.00038393551992683776,3.8224355869486e-06,3.7767236275353863e-06,1
0.0428574261522964,0.9570882259993254,7.303365501624086e-06,9.427752667958505e-08,3.939277569881826e-05,4.200756883758789e-06,3.356672767291445e-06,1
0.04727042311280348,0.9526773822319456,6.532394648203002e-06,8.432523479628477e-08,3.881829654175799e-05,3.7573091172508958e-06,3.0023297089468353e-06,1
0.048651124425186876,0.9512762373374837,7.915830637361691e-06,1.0218370338154217e-07,5.642902221196234e-05,4.553035177161999e-06,3.638165599820327e-06,1
0.059156893987731704,0.9407426760423004,1.6317088237166227e-05,1.0574424124009106e-07,6.545830733287257e-05,1.4783894573504617e-05,3.7649355829502425e-06,1
0.08152963003479231,0.918372225003177,1.726715788986602e-05,1.1762553771024718e-07,5.760445596818166e-05,1.9330651845778207e-05,3.825070789397894e-06,1
0.12845668858133863,0.871446747939327,1.7417560834041466e-05,1.2593049045657465e-07,5.4815039254521464e-05,1.9809402496169572e-05,4.395546258978733e-06,1
0.11935900648501327,0.8805107364504623,2.151218657411674e-05,1.2554945756012057e-07,7.885112587763589e-05,2.4759127679385515e-05,5.009074935680212e-06,1
0.30556298845036695,0.6770196218830624,5.591458922470972e-05,2.925787310746216e-07,0.017294512241780507,5.7064888667583654e-05,9.6053681665738e-06,1
0.2686777943023076,0.7226356846261097,3.6685371015336975e-05,1.7466879804480587e-07,0.008598222600202194,3.724802014116524e-05,1.4190411425726717e-05,0
0.10253064718198915,0.8918503929244628,2.53284885168994e-05,1.3681355729246426e-07,0.00555352013349947,3.1317553204242654e-05,8.656904770266027e-06,0
0.057421217538594076,0.9423736562535198,1.811274454384688e-05,1.1019574607477699e-07,0.00014703344972509562,3.642300878773328e-05,3.446809083490391e-06,1
0.04508033335274162,0.9547062511178847,2.177540533781298e-05,1.1804012653659342e-07,0.0001509306364518485,3.774760245719494e-05,2.8438450001826575e-06,1
0.0732751029113651,0.9265021388328429,1.6818975085662923e-05,1.0613451143208272e-07,0.0001734239789573208,2.950770204096724e-05,2.9014651965266767e-06,1
0.06444114545914116,0.9353285562022803,1.5317349230228238e-05,1.0632659512911112e-07,0.00017663427306842893,3.605830833278307e-05,2.182081352071718e-06,1
0.06597523224864578,0.9338207605564756,1.622961527027351e-05,1.0403042147108022e-07,0.00015158269570790097,3.395589521699556e-05,2.1349582619904127e-06,1
0.051576886645720875,0.9482069438353687,2.19529545610126e-05,1.0563308525098123e-07,0.00015799973974188778,3.394334268637784e-05,2.1678488360139315e-06,1
0.04837758300335816,0.9514052687448141,2.1313682546177293e-05,1.0598938819731193e-07,0.00015853267667784645,3.502074217331001e-05,2.1751610424655004e-06,1
0.06313122677510309,0.936655260686756,2.0789959091338514e-05,1.0434619325049235e-07,0.0001560748825754985,3.440191161124275e-05,2.141438669930957e-06,1
0.0526118656064559,0.9471730469210351,2.0943312245034684e-05,1.0511588297142187e-07,0.00015722613907150974,3.465567072714976e-05,2.157234582373019e-06,1
0.051067554319079604,0.948710098454524,2.0977298590304126e-05,1.0528646270829306e-07,0.0001643919968628298,3.4711909185379124e-05,2.1607352950819696e-06,1
0.03171549769660146,0.968064855866799,2.5822771902059172e-05,1.0334528523881543e-07,0.00015457778339511598,3.727496091284354e-05,1.867575104644933e-06,1
0.039618243483967384,0.9601434360642133,2.578285624791904e-05,1.0543867102788127e-07,0.00017379281697354725,3.67339347928967e-05,1.9054051340946828e-06,1
0.04516985869201932,0.9545644712965958,2.77047593820048e-05,1.2804249577867876e-07,0.00019235589987378653,4.3279839749930566e-05,2.201469883283537e-06,1
0.05200878441062757,0.9067699425038772,4.013122331555409e-05,3.110724890767685e-07,0.041078661711665056,9.799023745355785e-05,4.1788405720160664e-06,1
0.10292163705150878,0.876428094037667,6.989366868167289e-05,3.589912943830787e-07,0.020496349950489167,7.721473114304847e-05,6.451569216141742e-06,1
0.054856606489797566,0.9268416433198962,7.019642028355179e-05,3.4095325006433006e-07,0.0181502769582576,6.937402443067999e-05,1.1561834084437856e-05,1
0.013971087229425163,0.9769075848169054,4.370223232429828e-05,1.7613673900708817e-07,0.009033350560983243,3.792282189790805e-05,6.176201724628143e-06,1
0.03394802001274179,0.958766011014359,3.0184233156442952e-05,2.693391724933616e-07,0.007198840389264043,5.250032897570293e-05,4.174682330662292e-06,1
0.027139825733109506,0.9688794020178559,3.20175703262736e-05,2.2372564615980832e-07,0.0038750041423727404,6.926649541481294e-05,4.260315274432109e-06,1
0.015836180339642365,0.9745461495445837,4.1812903583791176e-05,2.50278274879627e-07,0.009497069078848121,7.479678758210307e-05,3.7410674849152727e-06,1
0.004014638599515944,0.9873863532846368,3.575527438587873e-05,1.4783219073277574e-07,0.008525301877228594,3.514482217349852e-05,2.658309868874505e-06,1
0.8163284712116939,0.18325054265930582,1.509505536183985e-05,1.8868975681053868e-07,1.0874712771902653e-05,8.306453828171901e-06,0.00038652121728164533,0
0.7918391909329086,0.20741804904758826,1.1701399004654636e-05,1.7057551268683788e-07,9.277424128899942e-06,7.50903305139473e-06,0.0007141015878054129,0
0.858332589168038,0.14061916626855,1.6938026053093435e-05,2.117270814977139e-07,1.283472528165103e-05,9.320597240475763e-06,0.0010089394877554655,0
0.8253718531821018,0.174555832871091,1.4307185167778294e-05,1.8189233033449665e-07,1.0706820036861327e-05,8.007219200240668e-06,3.911083007219641e-05,0
0.8243427398966003,0.1756288721508509,9.835476431912583e-06,1.7088700441777756e-07,6.754833897143655e-06,5.261044277196635e-06,6.365710938179377e-06,0
0.7713799816955057,0.22857928149615497,1.226129789258904e-05,2.6239710668213147e-07,1.0825986000416236e-05,7.412883163329124e-06,9.974244176234953e-06,0
0.7435860933213975,0.2563796179882975,1.0050501538393419e-05,2.1144457037716741e-07,8.397648763959075e-06,7.1288845219936464e-06,8.500210910189663e-06,0
0.43421468130523505,0.5657512849681208,9.762348724771176e-06,1.827660790848055e-07,1.0413487470569717e-05,6.161985006325944e-06,7.5131393633929384e-06,1
0.1960728813831931,0.8038824320430373,1.4342127967752195e-05,2.3341802011457283e-07,1.3930557677232041e-05,7.869722583942353e-06,8.310747520525485e-06,1
0.12801080642923257,0.871951253073913,1.217697879121548e-05,1.981802342590684e-07,1.1827540917698622e-05,6.681675495636693e-06,7.056121415464282e-06,1
0.05105342329854458,0.9489197409958079,7.55422603085019e-06,1.2294496936463875e-07,7.201083709815843e-06,4.1671925854401295e-06,7.790258351801129e-06,1
0.05329354020841191,0.9466830749538085,6.896481718855483e-06,1.1224018584906616e-07,8.041030515711851e-06,3.861418902598282e-06,4.4736664566232785e-06,1
0.136992680848786,0.8628493589427568,7.139811222726031e-06,1.4829192524487625e-07,0.0001366287903333336,5.219771213976446e-06,8.823543761696396e-06,1
0.15655219758831904,0.8429537264699795,9.67456977925869e-06,1.6418126333144863e-07,0.00047309149393857285,5.564887662819553e-06,5.5808090575296795e-06,1
0.09735807269642391,0.8450624092716342,7.73527283899642e-06,1.4098383783854693e-07,0.05756191226894805,4.8448788345725435e-06,4.884627482450264e-06,1
0.11865645282059721,0.8312025054524922,6.791346029563681e-06,1.4017679073422394e-07,0.05012029357754189,4.817144836873351e-06,8.999481711787634e-06,1
0.14018089149320243,0.8597407944684073,1.0279346425406903e-05,1.4696125577765678e-07,3.82218059890991e-05,5.1671595200722044e-06,2.449876520027678e-05,1
0.17536109641457434,0.8246008813945406,1.5490652967432554e-05,4.459215113339262e-08,1.1013451353843638e-05,5.8276372622473656e-06,5.645857150371953e-06,1
0.07532251614056187,0.924631042658855,8.676131721636121e-06,1.6230307648436624e-07,1.193684157695127e-05,5.550139011532605e-06,2.0115785196549317e-05,1
0.06556380712635641,0.9343871745895963,8.3518234513429e-06,1.5623629099900364e-07,1.5831990753640714e-05,5.314363575921936e-06,1.9363869975343688e-05,1
0.1221130046509595,0.8769154554168234,6.32666259018306e-06,1.3326415664780622e-07,0.000956122867439919,4.532968464219193e-06,4.424169566072957e-06,1
0.0667268664617746,0.9328621180422858,4.074644862480259e-06,8.600010577149562e-08,0.00038952546425701043,2.9929795616942014e-06,1.4336407152660983e-05,1
0.10203706159363005,0.8975808152265321,4.291002255698174e-06,8.205167883843985e-08,0.0003682329690293689,2.855566229402746e-06,6.661590644343593e-06,1
0.0790877215733002,0.9208925230885848,4.702967185404651e-06,9.617289295233389e-08,6.888518538410322e-06,3.4153164090867623e-06,4.652363088982268e-06,1
0.16429677428722464,0.8356721946115094,5.361646767470185e-06,8.586916784900505e-08,7.04720661295379e-06,4.016644177643906e-06,1.451973454011723e-05,1
0.17305666160006858,0.8269215716167173,5.38880555025607e-06,2.950850062735835e-08,7.447914479510439e-06,4.126793745869265e-06,4.773760937919985e-06,1
0.24962755943100162,0.7503369528161614,5.415580056694899e-06,1.2073289273690898e-07,8.74205603854322e-06,4.287497412449107e-06,1.6921886436394413e-05,1
0.33551781012194143,0.6643477387354508,7.854496483863814e-06,1.7510517277211092e-07,1.3802038960580472e-05,6.218379748449159e-06,0.00010640112224199597,1
0.4436981540705706,0.5560360345255413,8.511807254184002e-06,1.86287522037391e-07,1.653713474537938e-05,6.738770583303273e-06,0.0002338374037830908,1
0.4293463339152734,0.5704222540476888,8.095165530602347e-06,1.8047055744019594e-07,1.4224946217145565e-05,6.4089166631186114e-06,0.00020250253806938676,1
0.3899001909477949,0.6098626037203873,7.975644036173613e-06,1.6265457087481864e-07,1.2094902391137923e-05,5.645587118050855e-06,0.0002113265437016348,1
0.3411404108699715,0.658794335308679,1.172567105440858e-05,2.1935034495019255e-07,1.588586594643516e-05,7.500935491006947e-06,2.992199851265053e-05,1
0.6270999030834605,0.37285847420494667,1.0206019304545345e-05,2.3124433608471828e-07,1.8287968563820987e-05,6.382338207590116e-06,6.5151411806902975e-06,1
0.450355588153116,0.5495993499193569,1.0684123909986919e-05,2.7980581891747796e-07,1.979076816132355e-05,6.835932539938235e-06,7.471297096839306e-06,0
0.139546536939967,0.8604204040971478,9.496091983028023e-06,1.776419483789635e-07,1.1275660897059111e-05,6.074669249277702e-06,6.034898807398518e-06,1
0.10189096855480588,0.8980803815924094,8.20696811110729e-06,1.5352650418159057e-07,9.744955038263605e-06,5.328760511464692e-06,5.215642619574328e-06,1
0.16680889115137837,0.8321913129521884,7.948979549795873e-06,1.487003514049794e-07,0.0009815884999795303,5.0580292592740465e-06,5.051687293134422e-06,1
0.13530182323648188,0.8636885249730102,7.048009917513737e-06,1.318460495305949e-07,0.0009935080943298158,4.484731676451928e-06,4.479108534516715e-06,1
0.1264192269099857,0.8722477525634791,7.748684301630542e-06,1.55270971721545e-07,0.001313471199194159,5.5140225202362405e-06,6.13134954759527e-06,1
0.18035991772921556,0.8191226419501485,7.416298398401717e-06,1.8856166406387784e-07,0.0004986979742389895,5.225147014354532e-06,5.912339320224508e-06,1
0.15909973594044627,0.8408621812215895,7.876262939250394e-06,1.5782743915047056e-07,1.9137777818619995e-05,5.54921465810554e-06,5.361755109058068e-06,1
0.12749260028018072,0.8724661744362999,1.1934604233052732e-05,1.4832859524173486e-07,1.9006012975082865e-05,5.097279820624052e-06,5.039057895367284e-06,1
0.26200933145081745,0.7323611091878649,2.0329363013503526e-05,2.2431994269619895e-07,0.005582225819861724,2.0334333937496384e-05,6.445524562298066e-06,1
0.30362867697427626,0.6877087131910858,1.730690716763128e-05,2.192484142781652e-07,0.008621383587378587,1.656403260892992e-05,7.136059068301013e-06,1
0.07249801922235928,0.9263206632172348,1.0525295720676654e-05,1.1542610154289554e-07,0.0011620839260044963,4.062917392030728e-06,4.529995187160565e-06,1
0.0858134739528033,0.9137967761561676,9.761024756280574e-06,1.1510266166891087e-07,0.00037200132512809454,3.959897162905536e-06,3.912541320204276e-06,1
0.06411308292129077,0.9355512186457162,1.122703019752392e-05,1.1345359743616618e-07,0.0003165982983476162,3.903164115363348e-06,3.85648673504756e-06,1
0.041148274406866726,0.958800700492742,6.834304397476045e-06,8.822252084003906e-08,3.797123490336055e-05,2.990249239142361e-06,3.1410893305677517e-06,1
0.043069095411669235,0.9568755089575451,7.077156627974236e-06,9.135744646232888e-08,4.187790531036427e-05,3.096505656070385e-06,3.252705744727496e-06,1
0.0489953531627131,0.9509422633719069,7.835167300271615e-06,1.0114243823975493e-07,4.636330825216712e-05,4.482755167358013e-06,3.60109222222901e-06,1
0.3632687401182045,0.6357111181956409,2.462794256230592e-05,2.4310713504020833e-07,0.0009485055498719052,4.0259834418436244e-05,6.505252166689743e-06,1
0.12054125930906513,0.8793055998146294,2.4756735605572008e-05,1.5537029019837378e-07,8.920163884558386e-05,3.326431722813315e-05,5.762814336122661e-06,1
0.2647013509298401,0.7277321497412255,3.571884673488419e-05,1.7590066834248588e-07,0.007490547311424509,3.498399184314372e-05,5.073278263392212e-06,0
0.14516718300610124,0.8488419952207514,3.5575217300839395e-05,1.426627343801212e-07,0.005911913454152976,3.210396389142868e-05,1.1086475067820937e-05,0
0.09809655795090025,0.8964431785905541,2.8312938845441652e-05,1.3699416589653e-07,0.005391786296977854,3.135889574133407e-05,8.668332815242195e-06,0
0.041385944755288166,0.9584167874948795,1.7499026122034582e-05,1.0226797008853875e-07,0.0001364554710514598,3.243030637005806e-05,1.0780678318773389e-05,1
0.05812950919143984,0.9416560205301117,2.1992771928566585e-05,1.1194375046105691e-07,0.000149365800330308,3.277893249213788e-05,1.0220829947038017e-05,1
0.05505299722150312,0.944754109538903,1.623533678883578e-05,1.0369286332499529e-07,0.00013681535334838946,3.643295580911208e-05,3.305900784137748e-06,1
0.042326865154796244,0.9574936956154537,1.6470192677051448e-05,1.1037587592321757e-07,0.00012828501395596936,3.099473501800197e-05,3.578912223229288e-06,1
0.055564568918374926,0.9442553718242446,1.5654384300531044e-05,9.871256156330676e-08,0.0001302441996213347,3.136339416342938e-05,2.6985667335851526e-06,1
0.056084759832939875,0.9437145665876912,1.609622954240052e-05,9.963670042874291e-08,0.00014861490483856295,3.313897779463012e-05,2.7238304929282763e-06,1
0.06637944092915146,0.9334294957338914,1.6069154915111844e-05,9.844595243240962e-08,0.00014772522572042022,2.4479232095001798e-05,2.6912782738378323e-06,1
0.03609786437355998,0.9636899342044485,2.45715805337153e-05,1.380303040874631e-07,0.00014618878828150195,3.961040539645615e-05,1.692617475662859e-06,1
0.03236947970825415,0.9674114791283307,2.3708415263141623e-05,1.0414991691397723e-07,0.00015578130400574266,3.7565178450794916e-05,1.8821157784789486e-06,1
0.11083137694368994,0.8592213908993993,2.8254918991492203e-05,2.3383690508357206e-07,0.029841869109177757,7.312133841784364e-05,3.752953418339339e-06,1
0.025969864856797465,0.9623234707151123,2.876518906231486e-05,2.1612394622494318e-07,0.011588554924231489,8.538833577976466e-05,3.7398550702880546e-06,1
0.0166820991719001,0.9661516590872545,3.4258057303468655e-05,2.5481093587112536e-07,0.01705548997250842,7.371565960296287e-05,2.523240494549405e-06,1
0.00507793527069275,0.9875173847046098,4.4017562191842235e-05,1.73890153800591e-07,0.007296297674115808,5.2845824024752004e-05,1.1345074211217364e-05,1
0.004087929279997183,0.9845515134847558,3.628624385213123e-05,1.62177775963942e-07,0.01128454757422881,3.502247975710269e-05,4.538759633005476e-06,1
0.8561399552630861,0.1434549362484052,1.4410977604453879e-05,2.1118621891909691e-07,1.2654660971282126e-05,9.296787521746945e-06,0.00036853487619225266,0
0.8737442463671632,0.1261688509462368,1.4858966757287018e-05,1.8573862478015023e-07,1.1129795011697314e-05,8.176539823481784e-06,5.255164638286685e-05,0
0.8682890097098113,0.13160975544277698,1.2761898153518313e-05,1.870197214406311e-07,1.2833517031612396e-05,8.232935943968571e-06,6.721947656118179e-05,0
0.7970507680132961,0.20291072987309441,1.346867117905635e-05,2.1563638590794624e-07,1.137194311587728e-05,6.488578169906071e-06,6.957284758562599e-06,0
0.8364257755940521,0.16354809504741252,9.28095629278167e-06,2.0620125863529556e-07,6.373999124331138e-06,4.964428752289352e-06,5.3037731072429484e-06,0
0.7349391450148288,0.26502109453744094,1.3826422474845942e-05,2.02123423940421e-07,1.065956274643664e-05,6.814620710718532e-06,8.257718374235885e-06,0
0.6831513633703814,0.3168018518241098,1.7491208320141823e-05,2.270850634288511e-07,1.2132784156179804e-05,7.656206025845026e-06,9.277521942947546e-06,0
0.5011440319244539,0.4988245275437828,9.32528543937634e-06,1.904640378440024e-07,7.911748729197141e-06,6.421522808367845e-06,7.591510748579445e-06,1
0.2524757108654042,0.7474791643949227,1.407805993191814e-05,2.291203149038457e-07,1.3674067495846784e-05,7.72482482609406e-06,9.41866710429518e-06,1
0.1836085977308137,0.8149812093818344,7.863157263979609e-06,1.6567385601385583e-07,0.001384322105342506,5.831602921747641e-06,1.2010347967772104e-05,1
0.1713344519452968,0.8284996789547762,7.769987297723293e-06,1.6371079880208232e-07,0.00014030485889149601,5.7625046919655156e-06,1.1868038246966955e-05,1
0.1796963484146434,0.8201731150855667,9.413116976415512e-06,1.5974430619001906e-07,0.00011011915142339686,5.414497980368675e-06,5.42998910341121e-06,1
0.1693059320387259,0.8298800502964719,1.0462721563694615e-05,1.7755650984039898e-07,0.0007913236908972118,6.018238689450195e-06,6.035457141904263e-06,1
0.16536885758821301,0.833862422963986,1.0814764709076637e-05,1.734275747818507e-07,0.0007458696886863065,5.966459431873679e-06,5.895107398546647e-06,1
0.017848621262861814,0.0365683689344215,5.97164839434025e-07,1.3144375829457846e-08,0.9455808463583334,1.117070908724485e-06,4.360642594595114e-07,4
0.025930571129679697,0.05123994149357533,8.162366390239089e-07,1.98103657054617e-08,0.9228274071200137,6.860670641581202e-07,5.581426624213778e-07,4
0.011726766821111909,0.02296820533422903,3.587979334179918e-07,9.149196469798687e-09,0.9653041764236506,2.9475758866578554e-07,1.887162898104284e-07,4
0.11212555793741448,0.8562863593713342,6.640320647164043e-06,1.219668421139524e-07,0.031560193651719415,4.288355635146038e-06,1.6838396407571526e-05,1
0.10281355454714104,0.8971468200343877,9.6892637797518e-06,8.94141226408488e-51,1.003306485458177e-05,4.290120387890855e-06,1.561296944944366e-05,1
0.1026409321732114,0.8973270695291715,1.0117897542280034e-05,9.336962562661742e-51,8.202726642464238e-06,4.4799067829525295e-06,9.197766649222345e-06,1
0.31967052348661285,0.6794376620411081,1.0139217786073044e-05,2.297307711650734e-07,0.0008686324622814132,6.340563851599929e-06,6.472497588615402e-06,1
0.16084880940291632,0.8380647228476027,6.120468436870297e-06,1.5159312226739268e-07,0.0010639822125428453,4.280787119669296e-06,1.1932688259372548e-05,1
0.09438555630389381,0.9050427961939876,4.892213247464979e-06,9.170152026044102e-08,0.000558434408269785,3.1914004460068476e-06,5.037778635063867e-06,1
0.07077036177526001,0.9288729955775809,5.559292091788927e-06,1.0420550180494601e-07,0.0003423116444978568,3.6265645759434076e-06,5.040940491480142e-06,1
0.06874250259166233,0.9312313362706173,4.13895495149068e-06,8.463917688381576e-08,6.5075377914099906e-06,3.0057281297149324e-06,1.2424277670946444e-05,1
0.08636631474368052,0.9136111863890573,4.665781643438353e-06,9.541247064745412e-08,7.0698131477073886e-06,3.3883120974146717e-06,7.27954790276052e-06,1
0.411666483924868,0.58806107864992,8.57428953664889e-06,1.9115196674891516e-07,1.5066870102653593e-05,6.788237606519176e-06,0.000241816875999603,1
0.3025242565935629,0.6973070461943789,9.159702772663294e-06,1.8680215880637671e-07,1.353479146900841e-05,6.38791310360434e-06,0.0001394280025541364,1
0.3295171676781969,0.6704214057007646,9.900552530659462e-06,1.9202352058963986e-07,1.3913106384490556e-05,6.664955730251025e-06,3.075598287238927e-05,1
0.3814298474907009,0.6185256715351727,1.2200136578851768e-05,2.2822609935014718e-07,1.7462234100874766e-05,7.763090519531713e-06,6.827286827842323e-06,1
0.5998375196659671,0.4001241028902427,9.642482118207614e-06,2.0310823110250752e-07,1.5467744872757678e-05,6.908708459726455e-06,6.155400108289607e-06,1
0.5886824544475395,0.41127573872373346,1.0786284078002588e-05,2.443917678392036e-07,1.7145385348715434e-05,6.745207013110151e-06,6.8855605193614995e-06,1
0.43621234369650097,0.5637535633683587,1.0044434036519009e-05,1.878996997712578e-07,1.1848270075947816e-05,6.39139161590445e-06,5.620939712226686e-06,1
0.08041321188704874,0.919561465066159,7.385330164954829e-06,1.381562480933517e-07,8.871401512289434e-06,4.795273384074421e-06,4.13288548276303e-06,0
0.13942475406452154,0.8591107113433119,7.926586373620673e-06,1.6209399571263632e-07,0.0014452980095578999,5.641202553056243e-06,5.506699686302761e-06,1
0.2044439511686526,0.7954871088974699,7.467634589841432e-06,1.9135081314415827e-07,5.089793568688715e-05,5.261315886346976e-06,5.121696901389625e-06,1
0.1372266068728372,0.8627176228329945,8.484099341246265e-06,1.3546839443729225e-07,3.789321682286065e-05,4.655341825169928e-06,4.6021677846369575e-06,1
0.14259855237148808,0.8557878927119916,7.298008766933351e-06,1.6203195487753148e-07,0.0015959175109043417,5.176523931787946e-06,5.000840962238052e-06,1
0.3494434406125326,0.6478601324620553,1.0875016911320688e-05,2.4144945638479226e-07,0.002670200054124284,8.172687377362968e-06,6.937717542971112e-06,1
0.19807618807252503,0.7994763480676326,9.657074834845746e-06,1.4969106648674183e-07,0.0024272043014099357,5.1636446583908295e-06,5.2891478726033635e-06,1
0.11897172124889116,0.8792705190069663,9.420893404214321e-06,1.3273247348917436e-07,0.0017384182676633254,4.5786521788732264e-06,5.209198422615233e-06,1
0.07489875718088876,0.9240088159860339,1.2133068949095545e-05,1.1200405253067392e-07,0.0010725212507475892,3.853295166413462e-06,3.8072141617117357e-06,1
0.05613997872367927,0.9437624520317859,1.5462722359504148e-05,1.0341717016071602e-07,6.415095206015956e-05,1.4170070788333055e-05,3.682082156531482e-06,1
0.33547689462935476,0.6634588407548498,2.5144343693339805e-05,2.535736557995535e-07,0.0009934037998705282,3.8464781748028246e-05,6.998116827762427e-06,1
0.08050825458271875,0.9193765235651651,2.2158196790894944e-05,1.1428396319747041e-07,6.915354043408558e-05,2.050431704399053e-05,3.2915138838055286e-06,1
0.10132746436004893,0.8985161809258058,2.8296797609392177e-05,1.325280614729677e-07,9.568524779634742e-05,2.613535142945072e-05,6.104789248577971e-06,1
0.32693407510156974,0.6562080337203525,3.0107972471002642e-05,2.8358485872664256e-07,0.016762878808099835,5.531071356967818e-05,9.310099078392975e-06,0
0.17512988985055,0.8188953260137581,3.108756282123249e-05,1.3837629476111014e-07,0.005902258897774612,3.442380914603669e-05,6.875489655461866e-06,0
0.16336874520511102,0.8317418222903841,3.750737505001958e-05,1.4754085148238717e-07,0.004810006817560655,3.488872780912656e-05,6.882043233707452e-06,0
0.09631325682038828,0.8980357354379229,2.4946516262086806e-05,1.4184182065714874e-07,0.005582579228485051,3.436508599642461e-05,8.975069124510828e-06,1
0.05891304503652654,0.9408679297149232,1.7716070996833383e-05,1.1585028358466175e-07,0.00016747133537814633,2.559400236852825e-05,8.127989523084816e-06,1
0.04138512408746656,0.9583977824480734,1.6185248361639955e-05,1.0226594215290193e-07,0.00015921650780013102,3.080897781424361e-05,1.0780464541950276e-05,1
0.057921856315181125,0.9418475411683672,2.097059836227624e-05,1.1082379344193772e-07,0.0001636765200342351,3.553103156988338e-05,1.0313542691504576e-05,1
0.05481257860062594,0.944995205739044,1.599212586325457e-05,1.0320105023172427e-07,0.0001361664409740986,3.62601550577496e-05,3.693737384658159e-06,1
0.04232662058849224,0.9574881631789414,1.7232838193052344e-05,9.722712570157455e-08,0.00013222918267845126,3.207809302523813e-05,3.578891544132654e-06,1
0.057237330280283966,0.9425698425090846,1.6841502683864606e-05,1.0394945724784031e-07,0.00014137157375133545,3.1668453728608364e-05,2.841731010326919e-06,1
0.06128066731940243,0.9385224927125609,1.65695671653878e-05,1.0076563884806772e-07,0.0001512060818743485,2.620886037279872e-05,2.7546929851421198e-06,1
0.04788401869870851,0.9519021546999513,2.1480551631060035e-05,1.101593729659495e-07,0.00015563021543513617,3.434493558927658e-05,2.260739311862899e-06,1
0.06395251771915776,0.9358204417171777,2.2693303062404055e-05,1.082983083495351e-07,0.00016909462725300773,3.2921789319168984e-05,2.22254572173103e-06,1
0.04566731534546538,0.9540726668712757,2.9054791496679043e-05,0.0,0.00018174975705053458,4.722059240189047e-05,1.992642309591312e-06,1
0.020025848650639746,0.9797609878563466,3.923363875302873e-05,1.586785226481871e-07,0.00011703793738839634,5.439818338239074e-05,2.3350549671808277e-06,1
0.0792589739213101,0.9203667814788459,5.5790824821702176e-05,2.672671575202187e-07,0.00025237009305233333,6.188340930351185e-05,3.933005508978486e-06,1
0.07054573147168419,0.9079683825374609,7.097803300288638e-05,2.786224566996559e-07,0.02132161695974754,7.423138300758146e-05,1.8780992640196575e-05,1
0.05703291536036646,0.9322457719785684,4.37976331440395e-05,3.604123495022118e-07,0.010604864334863318,6.67039894410773e-05,5.586291267217916e-06,1
0.029905651290223646,0.9615362166190069,2.839178802046933e-05,2.1896471968500083e-07,0.008440777250424579,8.535270756057733e-05,3.3913800439727123e-06,1
0.005742334002328711,0.985159562352981,4.605026933172354e-05,1.7347496911856958e-07,0.009000031237527436,4.929433989361279e-05,2.5543229687826882e-06,1
0.003353760719772721,0.9876598306952153,3.711360736574256e-05,1.534482947511847e-07,0.00890956369113235,3.5283384667404925e-05,4.2944535515461295e-06,1
0.7944315614174489,0.2055060454687275,1.1323288183809237e-05,1.9800654307842095e-07,1.0047865490262506e-05,7.779457752978846e-06,3.30444958534358e-05,0
0.8214982279130982,0.17840822605659487,1.6895211038250555e-05,2.1119188937387674e-07,1.2802282365828624e-05,9.297037145105464e-06,5.434030786837253e-05,0
0.8469420432422877,0.15300565496427493,1.2384246170376822e-05,1.814854061029748e-07,1.087493444043533e-05,7.98930568231667e-06,2.0871821738154234e-05,0
0.8826779354830051,0.117304053935858,6.72038395060065e-06,1.0759482414825883e-07,4.579155606374997e-06,3.2375678354269262e-06,3.3658789203130786e-06,0
0.6052662246869494,0.39470484246921234,9.296109898947892e-06,1.8248559974962986e-07,7.557271112774358e-06,5.85594552708647e-06,6.0410316997708315e-06,0
0.5218866817527761,0.47808327538147294,9.786744834407922e-06,1.8285591014279255e-07,7.595712193623336e-06,6.165013673544666e-06,6.312539139223864e-06,0
0.40192749447172416,0.5980358662048243,1.0749915320479935e-05,1.7980378197148942e-07,1.4033092675390026e-05,6.80782821444086e-06,4.86868345922265e-06,1
0.1365028453113037,0.8634681342910606,8.213551490079761e-06,1.3938720696089983e-07,1.1204944739207515e-05,4.724498597660676e-06,4.738015601334148e-06,1
0.16883700059059836,0.8310215884132992,9.99508724175861e-06,1.6028307473174905e-07,0.00012016547177362681,5.641851221439493e-06,5.44830279095745e-06,1
0.1624859993347703,0.8367412131007717,1.0995999767474976e-05,1.7633389382706222e-07,0.0007496445341274894,5.9767983896807384e-06,5.993898279567237e-06,1
0.09780432683719603,0.902163441384393,9.726464421702873e-06,8.97574162942513e-51,9.356791437783085e-06,4.3065917355705866e-06,8.841930816056325e-06,1
0.10229310728468709,0.8975236984872482,9.596687647866974e-06,1.7952377618059038e-07,0.00015574690083031264,6.106485318140173e-06,1.1564630492098852e-05,1
0.13343059503895002,0.8654870172317645,7.461999643541329e-06,1.424011220825934e-07,0.0010652120639109857,4.843761532786087e-06,4.727503076145573e-06,1
0.14591518161746236,0.8530513280404477,5.493781909286469e-06,1.360712110968284e-07,0.0010147707227694115,4.40245554129075e-06,8.687310658758184e-06,1
0.10385747102190399,0.8951361097529517,6.140554179243115e-06,1.2960351803250333e-07,0.0009912356752971084,4.510467482744846e-06,4.402924666984957e-06,1
0.07484498342407814,0.9245424619375359,3.823416235786604e-06,7.818659706954391e-08,0.0006028445449873103,2.72105347927522e-06,3.0874370866312017e-06,1
0.055269564188399,0.9447027583626282,4.319711636971242e-06,8.09703306376197e-08,8.515604179597529e-06,2.8754391220497355e-06,1.18857237037059e-05,1
0.10230786629174422,0.897661384360312,5.3129645832341374e-06,8.50895009237643e-08,6.98322003838816e-06,3.9801742234773876e-06,1.4387899597869812e-05,1
0.3536463680518241,0.6461811778810341,7.570112145221409e-06,1.6876521592650492e-07,1.0630323524937476e-05,5.993233576976165e-06,0.0001480916326787866,1
0.39680179704239443,0.6029379780168774,8.67710539647541e-06,1.7696011109547948e-07,1.6460651399286133e-05,6.142118959438071e-06,0.00022876810486167993,1
0.36762375840593864,0.632135794939916,8.555997424825725e-06,1.7449024595745988e-07,1.6230907030408256e-05,6.0563922643225815e-06,0.00020942886717995304,1
0.3931471391020537,0.606586953579491,8.540207863293836e-06,1.9039216281833103e-07,1.50069812753488e-05,6.761255254713467e-06,0.0002354084818990357,1
0.3660443542534454,0.6336679850446659,8.745878576036755e-06,1.7836266516616166e-07,1.311036619507906e-05,6.099314982701494e-06,0.00025952677946965554,1
0.3188734903530582,0.681056714681918,9.677571035481127e-06,1.9736351782343915e-07,1.5247812575064355e-05,6.749070833729351e-06,3.7923147061464036e-05,1
0.31703510730113965,0.68290307203482,1.0441898020221462e-05,1.9533499806044458e-07,1.488252583760677e-05,6.679703284351162e-06,2.9621201899953248e-05,1
0.3270380283118939,0.6729145646838189,1.0303051454401083e-05,1.9273761647208767e-07,1.4684631968189248e-05,6.5908828553510715e-06,1.563570039262622e-05,1
0.3460244848611795,0.6539276530199926,1.0110761761340386e-05,1.9610057754285438e-07,1.4940855151558899e-05,6.705883148860145e-06,1.590851818863849e-05,1
0.5980440456211231,0.40191491191783146,1.0041429897454853e-05,2.1151162524437214e-07,1.7184896900749603e-05,7.19454916585232e-06,6.410073456238404e-06,1
0.7168487406644672,0.2831193978524096,7.299320239829832e-06,1.807911856745397e-07,1.4297878928462115e-05,4.989832449359554e-06,5.093660319803436e-06,1
0.5551093634990195,0.44485301034025937,8.256658091084021e-06,2.0450274230346166e-07,1.7078486179498168e-05,5.774884058694603e-06,6.311629649683234e-06,0
0.44613437915989274,0.5538327519050156,9.834283239042627e-06,1.839684407666253e-07,1.1089675453463344e-05,6.257670189671492e-06,5.50333776882237e-06,1
0.07903721210361433,0.9209374768883909,7.432573557269035e-06,1.390400230476936e-07,8.825438840946271e-06,4.754632338443255e-06,4.159323235157414e-06,1
0.2781674616411115,0.720845620057256,8.541009729817328e-06,1.9666542492309515e-07,0.0009646550981492268,6.844358992426071e-06,6.681169336158095e-06,1
0.19853698537603848,0.8004250845749136,9.186601905428599e-06,1.7185236457048952e-07,0.0010168878382956206,5.845542932885491e-06,5.8382135495530195e-06,1
0.17486893182615382,0.8241302734537339,8.845462085185534e-06,1.6547071384028e-07,0.0009805339012244323,5.628471649523437e-06,5.6214144391378585e-06,1
0.15492267637588938,0.8441756291355951,7.490877043693799e-06,1.401306975003308e-07,0.0008845363907667753,4.7665332420688495e-06,4.760556765683474e-06,1
0.20837222255876287,0.7914896886830495,7.72962806790907e-06,1.9652816712362853e-07,0.00011947075813068232,5.390458001976022e-06,5.301385820104086e-06,1
0.1562857282374692,0.842819174772211,9.508629861872226e-06,1.51827409000742e-07,0.0008750610967437234,5.2175157922574626e-06,5.157920512976594e-06,1
0.16030730140021593,0.8384867823531897,9.459752098809955e-06,1.510469617405901e-07,0.001185983344687271,5.1906958924009965e-06,5.1314069542000354e-06,1
0.14522550081696683,0.8533873860884008,9.615443511579137e-06,1.7287795871829503e-07,0.0013655108045178448,5.940913341553039e-06,5.873055302618363e-06,1
0.15102300245710765,0.8475853668498163,7.594202754829906e-06,1.5674815651021255e-07,0.0013732893229168723,5.386616207059698e-06,5.203803040627573e-06,1
0.1785087766254949,0.8195538361103,6.175454950453708e-06,1.9065580612918626e-07,0.001919319803962522,5.709747242767823e-06,5.9916022433972755e-06,1
0.11001366676102735,0.8882079967054182,1.22264290894414e-05,1.3408165271903145e-07,0.0017560886821284545,4.62519257895836e-06,5.262148105019591e-06,1
0.07820749824805115,0.9205629537043362,1.4381301069916087e-05,1.3275816755449924e-07,0.0012059540028033513,4.567302644692819e-06,4.5126829268786265e-06,1
0.05968509328440796,0.939841367838012,1.1123401432428287e-05,1.1240638762278559e-07,0.00045467218983804653,3.8099896846410314e-06,3.820890237048578e-06,1
0.041148028592546536,0.9587949727448403,6.83426357025027e-06,8.822199381042971e-08,4.408715911054757e-05,2.9902313757909926e-06,2.9987865626866157e-06,1
0.048548041653851404,0.9513731398431522,1.0214729175951637e-05,1.0322505434067024e-07,6.025024750216021e-05,4.575059231314553e-06,3.675242032866544e-06,1
0.36101867493295176,0.6379953485855514,2.261907273139531e-05,2.427544933284446e-07,0.0009197952236503998,3.68236147197127e-05,6.49581590206042e-06,1
0.18204193326790818,0.8146120911894412,3.204177313879366e-05,1.4227072016223652e-07,0.003279518532843848,2.985916482355207e-05,4.413801124012737e-06,0
0.06883159433695651,0.9309324928304288,1.994582267386199e-05,1.1809148769939487e-07,0.00017962924268826553,2.8219168948561198e-05,8.000506816255438e-06,1
0.055819762586664455,0.9439569372520644,1.919664019344659e-05,1.2470774491857606e-07,0.0001593469260901597,3.4591159808927425e-05,1.004072743388692e-05,1
0.04232585085490185,0.9574707507138931,1.9662797577457528e-05,1.1037323093075513e-07,0.00014359288463331243,3.3761954480164106e-05,6.270421283171913e-06,1
0.04064608906673822,0.9591709705274708,1.6307560486100848e-05,1.0284383055115409e-07,0.00013104249634552907,3.267599932339082e-05,2.8115058051839276e-06,1
0.04731258905769887,0.9524829885671531,1.7907177601951178e-05,1.1022659026795099e-07,0.00015572517824138503,2.841767393942865e-05,2.2621187750259573e-06,1
0.0495324110478359,0.9502356986285128,1.9111384002498918e-05,1.0981835348488802e-07,0.00017703151007733494,3.33838704584256e-05,2.2537407594366326e-06,1
0.06898224624600169,0.9308042532669454,1.9654413918739502e-05,1.0581227989383164e-07,0.0001582677685215664,3.330096598490945e-05,2.1715263476287846e-06,1
0.04585635320720651,0.9539233876519162,2.2332057753346046e-05,1.0522965430847158e-07,0.0001573963115283797,3.852391399369325e-05,1.9016279475426078e-06,1
0.03476256947920503,0.9649370250427367,3.399740716028062e-05,1.462978559277674e-07,0.00021978059358693998,4.396584013871682e-05,2.5153393164924855e-06,1
0.03074215666268806,0.9689643744157563,3.259963924408427e-05,1.4325623300727222e-07,0.00021521121909614683,4.305176312619536e-05,2.4630438561841427e-06,1
0.019953104729215784,0.9797774782778692,4.068327587465197e-05,2.10582904506578e-07,0.0001588005325201295,6.662374079331908e-05,3.0988608222781983e-06,1
0.05771979991480455,0.9419222095598433,5.4579285984601317e-05,2.5705791093558896e-07,0.00024272989432959162,5.66415171480836e-05,3.7827699789851274e-06,1
0.04273058757864798,0.9477554486110339,4.5151043096328625e-05,1.8575143525544618e-07,0.009421054719450343,4.0888368323571226e-05,6.683928012473218e-06,1
0.02933690960312707,0.9629413469675336,2.883307613202847e-05,2.222381621042863e-07,0.0076377309426054595,5.111637216254832e-05,3.8408002772174314e-06,1
0.023375214211561936,0.9661887529832913,2.9155964845508598e-05,2.2002421313228038e-07,0.010334730704350868,6.851832199503911e-05,3.40778974202358e-06,1
0.01710802098410388,0.974987895549531,2.8302407030228154e-05,2.1561834916351184e-07,0.007799908812663199,7.231707769763213e-05,3.339550624956523e-06,1
0.018925470814313377,0.9689424890322421,2.8126918127548934e-05,2.1132837082012109e-07,0.012028514387087361,7.18686760971403e-05,3.3188437616148508e-06,1
0.0033482334207074037,0.9860320785342255,3.705244080544093e-05,1.5319539817118952e-07,0.010545001456881429,3.522523447859044e-05,2.2557175035034556e-06,1
0.8801897075724427,0.1197289497281691,1.268171196436195e-05,2.0303699591188383e-07,1.1360676557563223e-05,7.977098672757836e-06,4.912017519769656e-05,0
0.8860961449811515,0.11388661936758324,6.524598113246558e-06,1.044602498596945e-07,4.1955252367643875e-06,3.1432473420876906e-06,3.267820323112381e-06,0
0.8355951948241074,0.1643703724493759,1.1580893143286787e-05,1.870594495627094e-07,9.437226004033103e-06,6.452679843934199e-06,6.7748680760924206e-06,0
0.7585177129022418,0.2414361444838097,1.7263668567745088e-05,2.2413095767698623e-07,1.3193133674871366e-05,7.556607919668846e-06,7.905072828500082e-06,0
0.5423809747897043,0.4575887348674138,9.848811098651552e-06,1.933353004315976e-07,7.643883213518585e-06,6.204111389302263e-06,6.400201880008166e-06,0
0.4451790042551111,0.5547894610253223,1.0139995476407997e-05,1.894560584806088e-07,8.24330776319605e-06,6.421571262713083e-06,6.540389005682177e-06,0
0.3542742212029061,0.645692397224282,9.727686381209126e-06,2.3241558488591216e-07,1.0847119355211308e-05,6.252861917950767e-06,6.32148957285501e-06,1
0.4082954519691093,0.5916700715470617,1.0853693235791225e-05,1.8153957812446355e-07,1.4721262249430061e-05,7.138093686361631e-06,1.58189507930552e-06,1
0.36233884439429626,0.6376242424590266,1.0448434202763287e-05,2.1289368644288346e-07,1.5748850836646227e-05,7.51166185781186e-06,2.9913060935369368e-06,1
0.14446277695189172,0.8555062894707492,8.755032705085397e-06,1.4857635665729957e-07,1.1943634585954694e-05,5.035962797287782e-06,5.05037091409072e-06,1
0.15851643188258333,0.8413481417996862,1.0706034783721151e-05,1.716839615116713e-07,0.00011289357009865092,5.819189960741891e-06,5.835838925801363e-06,1
0.21220247097092831,0.785395203321913,1.0956682746746712e-05,1.7570339878292797e-07,0.0023711807532160374,5.955427899398371e-06,1.4057139897432522e-05,1
0.16848711924522336,0.7304353785828134,6.300995878197472e-06,1.4217052457026152e-07,0.10106094007622454,4.998717353220749e-06,5.120211982745602e-06,4
0.10827270747482924,0.8581546773170825,5.832737445237728e-06,1.0713346611948234e-07,0.03354892026308202,3.766813956837316e-06,1.3988260137930449e-05,1
0.11361403935994012,0.8803272468487999,9.343482200847606e-06,1.3358143803567683e-07,0.006027098469465983,4.69672496739731e-06,1.7441533187752265e-05,1
0.17858873121518232,0.8213725520426951,1.2374430209822782e-05,1.9468735152625607e-07,1.2807620284066269e-05,6.7260345685028035e-06,6.613969708522482e-06,1
0.09219589022010939,0.9070550469541531,9.908387517562179e-06,1.853546982336926e-07,0.0007207240108735399,6.304823614415038e-06,1.1940249033592346e-05,1
0.1477410706460603,0.8509788784077796,7.6056190895134245e-06,1.7232539782523372e-07,0.0012592392919019717,4.756176904913342e-06,8.277532865817445e-06,1
0.3963840675043296,0.6017053006424042,1.0961836203286678e-05,2.4836936512255393e-07,0.0018816758534804209,6.8549886040704284e-06,1.0890805613285521e-05,1
0.1459601819650619,0.8526888543362573,6.082822717235576e-06,1.4006317195034697e-07,0.001335216441312893,4.874484830370909e-06,4.649886648125721e-06,1
0.07819438314150706,0.9210078201519948,4.007694742564257e-06,8.195498336846261e-08,0.0007876186123894207,2.8522010292933557e-06,3.2362433533329734e-06,1
0.09201292751874336,0.9074478166678579,5.0553367783638565e-06,1.0337864238824201e-07,0.0005232343700101237,3.597788177212392e-06,7.26493979045117e-06,1
0.0581643108790955,0.9418070404274411,4.306470788089109e-06,8.072213909105138e-08,7.938316780129196e-06,2.8666252802740546e-06,1.345655847584565e-05,1
0.050759076887951574,0.9492185859880283,3.651228455854013e-06,7.466545897218501e-08,4.999466528586399e-06,2.651538904482019e-06,1.0960224671991923e-05,1
0.11425489226935082,0.8857147792081401,4.946541510841491e-06,7.922107175048642e-08,6.279575714002618e-06,3.7056706681126684e-06,1.531751354440694e-05,1
0.1406589684832089,0.8593054764857933,5.561205496404165e-06,8.906519002908078e-08,7.309501324859954e-06,5.3743703460172434e-06,1.722088864061911e-05,1
0.20862715561675538,0.791336025767691,5.457249522505738e-06,8.740028867344711e-08,7.204803037465131e-06,5.273906893664637e-06,1.8795255811202054e-05,1
0.2851049913370911,0.7148420720728679,8.19591503504209e-06,4.487992036413754e-08,1.132764463164321e-05,5.96844362295476e-06,2.73997068310636e-05,1
0.34084257474484075,0.6591057431244602,1.1104807443457113e-05,2.0773594381295248e-07,1.582735086847681e-05,7.103767783261159e-06,1.7438468659965008e-05,1
0.5011794522370502,0.49877989634693465,1.0922376405740405e-05,2.043232341379922e-07,1.5633357258108728e-05,6.950036680174646e-06,6.9413224369317875e-06,1
0.6193919967590139,0.3805691331437184,9.980960204814664e-06,2.2614502747633e-07,1.6049922759765962e-05,6.241597410584448e-06,6.37147186506482e-06,1
0.4122785708989701,0.5876877463083983,1.0077786885887567e-05,1.8852362645145527e-07,1.1364263478803564e-05,6.412614426572097e-06,5.63960421386511e-06,1
0.08284469397481155,0.9171316568523051,6.9446039832752265e-06,1.2991165044675004e-07,8.24592818887885e-06,4.442477214943903e-06,3.886251845883728e-06,1
0.37725921772824267,0.6226792840169199,1.803638509491947e-05,3.374039126517732e-07,2.132019873364328e-05,1.1710972354492282e-05,1.0093294741789257e-05,0
0.37651384369381496,0.6234175295372675,2.0285213687429574e-05,3.794724070869368e-07,2.370260668030788e-05,1.2907720257536698e-05,1.1351755885112325e-05,0
0.3181342887384755,0.6818156749845935,8.537986024007906e-06,2.2882484202129025e-07,2.7436654995889462e-05,7.079504182491016e-06,6.753306886588529e-06,1
0.20688543810050858,0.7930395642169422,9.101837151423976e-06,1.702666832099723e-07,5.41496282254913e-05,5.791606122100571e-06,5.784344366970734e-06,1
0.2012293181811535,0.7986199775169226,9.165884413863164e-06,1.7146480560688784e-07,0.000129709545260422,5.8323601491256036e-06,5.8250472949122705e-06,1
0.18408994331127954,0.8149605905308642,8.880077433310674e-06,1.6611825789269193e-07,0.0009291260513867102,5.650497803011455e-06,5.6434129753242664e-06,1
0.20983605238215755,0.7900539735324271,8.408882349056829e-06,0.0,8.983055613374774e-05,5.849090624613881e-06,5.885556307912592e-06,1
0.21960586886743672,0.7802684303413872,8.480168826274865e-06,3.0819466474113015e-07,0.00010494179966873115,6.0351767808061275e-06,5.935451235471727e-06,1
0.22986864195699575,0.7683175195726988,9.235867240335826e-06,1.906329354684356e-07,0.0017915321841472788,6.55105924468552e-06,6.32872673797457e-06,1
0.20885651865863072,0.7895194643211052,7.821935922056908e-06,1.7366429787261478e-07,0.0016047833010576255,5.878265523448562e-06,5.359853463078292e-06,1
0.1915756398689673,0.8066790324605548,8.368703854234952e-06,1.8580375669548782e-07,0.001724749478370769,6.289167264024859e-06,5.734517232250922e-06,1
0.3482550518521221,0.6497944687657473,1.0111728710104207e-05,2.2450276814039999e-07,0.0019262188798297075,7.599068421342931e-06,6.325202401301734e-06,1
0.33710687173746523,0.6609991595788665,1.0286089679962976e-05,2.2837396776523e-07,0.0018692898468933897,7.730102488608253e-06,6.434270638480796e-06,1
0.19654123085001865,0.8018090322657496,8.194888517044173e-06,1.8194467132410186e-07,0.0016293320969504995,6.301057151111853e-06,5.72689694170902e-06,1
0.18050065789910943,0.8179364814189264,6.503724552750556e-06,1.6651423908002177e-07,0.0015452945061326235,5.159546428984855e-06,5.736390610582983e-06,1
0.17692657312329466,0.8212147193853879,9.562676450579783e-06,1.4822782890630914e-07,0.001838645971070993,5.1131697763989424e-06,5.237446190483647e-06,1
0.1564371544678659,0.8416599944177158,9.976871276684075e-06,1.43748177342707e-07,0.001882692689037022,4.9586426599133684e-06,5.079163267569678e-06,1
0.10814127002905512,0.8903390646179996,1.1061013274504927e-05,1.213010707986305e-07,0.0014995381532410899,4.18432202393262e-06,4.760563335070379e-06,1
0.08695448650527485,0.9119672384974212,1.574158785807189e-05,1.3731587627149398e-07,0.0010530043838294467,4.724102301243698e-06,4.667607438806864e-06,1
0.050890424156642654,0.9490585803869264,6.507580957601963e-06,8.400492036355671e-08,3.85656491630284e-05,2.8472962097376043e-06,2.9909251805170335e-06,1
0.049765211486900045,0.9501731473652663,9.863010389170791e-06,9.967075639965768e-08,4.476939616936389e-05,3.36037630219e-06,3.5486942168001986e-06,1
0.05598315373457955,0.9439240965736919,1.5508491747159426e-05,1.0343488311492379e-07,6.037272005170343e-05,1.3082332234925804e-05,3.6827128115042157e-06,1
0.3458803712749299,0.6532371811131834,2.1872204285573585e-05,2.498094103700964e-07,0.000815747220782299,3.789378048043389e-05,6.684596928020152e-06,1
0.10572645179968433,0.8941818325759823,1.5649768763599554e-05,1.2508991945246688e-07,5.316274084340341e-05,1.911134062347982e-05,3.666684183477015e-06,1
0.07939639476755457,0.9204922925430274,1.9270759031759548e-05,1.1629906097257674e-07,6.946342237371236e-05,1.9112657858276998e-05,3.349551093212832e-06,1
0.11276490090454702,0.8870874347029926,2.2906670423674737e-05,1.3562221588115343e-07,9.246561201205811e-05,2.6745537769884086e-05,5.410950039082304e-06,1
0.14154436400346004,0.8582785134607354,2.5164449994823036e-05,1.6026266058695698e-07,0.00011635998871355837,2.967430688314335e-05,5.763527552481211e-06,1
0.398429074937475,0.5919886242936645,2.5471477347865005e-05,2.957045210025648e-07,0.00949804549874017,5.008911648902679e-05,8.398971762366937e-06,0
0.21956770701332323,0.7727457201581419,3.44558338020707e-05,1.5774543068407954e-07,0.007614363588635228,3.2701772743558334e-05,4.893887923441284e-06,0
0.16594459586991475,0.8276459143720019,3.0159355710399873e-05,1.3391247849990844e-07,0.006349785383649651,2.525661087553035e-05,4.15449536944929e-06,0
0.09562823463383596,0.898952112480668,3.32257750728046e-05,1.3594239594485323e-07,0.005350390966191958,2.806138607695951e-05,7.838815758164772e-06,0
0.06478483290998609,0.9349675586359867,1.8580060107198866e-05,1.1114862836453732e-07,0.00019482700424640822,2.6560101691697055e-05,7.5301393535791664e-06,1
0.06680223741020536,0.9329755795701302,1.7575747114339714e-05,1.0909678913246254e-07,0.00017103725146938486,2.6069793718843045e-05,7.3911305724902065e-06,1
0.06619792000267027,0.9335913803800019,1.815456087205634e-05,1.0916879733136214e-07,0.0001531279492698715,3.191192937723531e-05,7.39600901121044e-06,1
0.05624477645479379,0.9435393863068778,1.8137116925832795e-05,1.2214553121933956e-07,0.00015607302455961715,3.560196868988899e-05,5.9029826219656426e-06,1
0.056260049371501065,0.9435209540556405,1.8592841378212047e-05,1.2465014644230795e-07,0.00015927332889580106,3.457518327035204e-05,6.430569168009514e-06,1
0.049690009610482484,0.9500973230535403,1.871826847176171e-05,1.0955687048983044e-07,0.00015625752221145955,3.176285390979088e-05,5.819134513458759e-06,1
0.04520644051161497,0.9545827255942249,1.8806637280854463e-05,1.1007408767729203e-07,0.00015699521283548507,3.191280611170687e-05,3.0091638443114985e-06,1
0.04827030371387125,0.9515222640885845,1.828649773544599e-05,1.0751443663452612e-07,0.00015334446297488432,3.275453332671082e-05,2.9391890706433598e-06,1
0.04305165542844669,0.9567193666794269,1.8114512372414136e-05,1.0258096570382857e-07,0.00017526489778687366,3.269158129596243e-05,2.8043197052470247e-06,1
0.07740731835640786,0.9223668233749335,1.6312716395570337e-05,1.1967220267960252e-07,0.00017422783996381622,3.307323446448533e-05,2.1248056317648582e-06,1
0.07234360198780082,0.9274214303410293,1.6434893217771956e-05,1.0811553791389091e-07,0.0001819346786821906,3.453620435474917e-05,1.9537793772273727e-06,1
0.07234370034322159,0.9274226912255098,1.5075356208077358e-05,1.0811568490338177e-07,0.00018193492603318478,3.453625130876884e-05,1.9537820335064005e-06,1
0.0569751961730439,0.9428003376053911,2.082783334716236e-05,1.1563784747375054e-07,0.000165720489256325,3.5884230747597154e-05,1.918030366526703e-06,1
0.05327888154407635,0.9464131508800774,3.434356362041772e-05,1.434893793089406e-07,0.00022502090467223237,4.59925657696788e-05,2.4670524047398424e-06,1
0.05631252959545918,0.9433905099851518,3.3673652123720984e-05,1.4069045063877223e-07,0.00021744754343504236,4.327960372617382e-05,2.418929653497278e-06,1
0.01963051153318733,0.9801161166216394,4.116181196844127e-05,1.9706785104602212e-07,0.0001486088330011059,6.050415410241913e-05,2.899978250219251e-06,1
0.018918578363068796,0.9808270945963571,3.8404619701653464e-05,1.9878822905418062e-07,0.00014990616976484565,6.289216817623942e-05,2.9252947022906244e-06,1
0.09071220264921588,0.8852530089147465,7.410152394779973e-05,3.549809678836912e-07,0.023885685182594093,6.942292000708678e-05,5.223828520940401e-06,1
0.0960098780927221,0.878236675704864,6.41714136805994e-05,2.893216592072382e-07,0.0256187646648761,6.42974285238482e-05,5.923373674139534e-06,1
0.0703184993468966,0.9166270198475991,3.1791332956858036e-05,2.6146712982331373e-07,0.012973366873028042,4.5008464533011084e-05,4.052667856730995e-06,1
0.12259561692259241,0.8633297057078482,4.44781823291712e-05,3.57896325224679e-07,0.013962686390763068,6.160760655174967e-05,5.547293590059789e-06,1
0.04410593609065021,0.9471091391652098,2.9493327369376318e-05,2.33281067747695e-07,0.008698961518801021,5.230786578917742e-05,3.928751112703272e-06,1
0.03507114923222213,0.9577481405009354,3.1590271584122854e-05,2.398081032596099e-07,0.007092187934234235,5.265357819413119e-05,4.038674726641047e-06,1
0.016998246258996683,0.964255707382933,3.680133805270185e-05,2.46302184967032e-07,0.018630046570376757,7.651316403903655e-05,2.438983416783713e-06,1
0.017921906180766077,0.9579165157706544,4.004834280844742e-05,2.9780504031432884e-07,0.024052942635519933,6.586631611267698e-05,2.422949098189815e-06,1
0.00377430170694507,0.9876270198481473,3.9233141642056416e-05,1.4779431550667707e-07,0.008512754046899763,4.436727250159617e-05,2.1761895486846332e-06,1
0.004032211487262933,0.9853637054814355,3.698021786659478e-05,1.5289678837293825e-07,0.010524447048621212,3.975348685608064e-05,2.7493811695295863e-06,1
0.890813676676758,0.10837864083627799,1.1846211494934692e-05,1.7317544234125917e-07,1.0193713459726167e-05,7.623486511911031e-06,0.0007778459000548447,0
0.8320155624113378,0.16792547655980983,1.454137474124184e-05,1.9858399528600055e-07,1.1062496511295701e-05,7.802145210592055e-06,2.535642839380283e-05,0
0.7817590005475609,0.21820107104780284,1.4239114329009834e-05,2.0815641553659717e-07,1.112145740585393e-05,7.018023902082495e-06,7.3416525837889e-06,0
0.7273076882634202,0.2726540829731639,1.4339993825927296e-05,1.8617343913171287e-07,1.1059079324350576e-05,6.276864647150622e-06,6.366652179460037e-06,0
0.6797094177426365,0.320252746123371,1.4132929842966714e-05,1.834851664381513e-07,1.080057995229417e-05,6.186229141297507e-06,6.53290988965023e-06,0
0.5722308152042291,0.42773764576417,1.004767370540661e-05,2.4006077801766197e-07,8.26331869331554e-06,6.458546648655737e-06,6.529431775562899e-06,0
0.5243489493493492,0.47561646889413595,1.1815903900937905e-05,2.3194995900281696e-07,9.58728055523005e-06,7.595147770292019e-06,5.351474329166382e-06,1
0.19169211959872517,0.8082691728788552,8.636181419865831e-06,1.8196119307173242e-07,1.124493435975928e-05,6.404905702641799e-06,1.2239539744289003e-05,1
0.195303269932862,0.804657603077138,9.353773281811127e-06,1.8730431389691953e-07,1.2005928775006833e-05,6.838353983793166e-06,1.0741629645494058e-05,1
0.1738776406892298,0.8260752520800579,8.378112034682248e-06,1.7551518128317814e-07,1.0846580302936008e-05,6.178010632507081e-06,2.1529012561080072e-05,1
0.17151288913706145,0.8284421312167872,7.74849814521933e-06,1.961529875129545e-07,1.126251428533649e-05,6.195711930827971e-06,1.9576768802536136e-05,1
0.14244368640540905,0.8575242311578172,9.080190756896547e-06,1.5409441698936712e-07,1.2387215904760907e-05,5.222996233634444e-06,5.237939461538357e-06,1
0.11364185723899545,0.8857897161402133,1.098288189791283e-05,1.76123533235254e-07,0.0005419804296970228,5.969668263877445e-06,9.317517399356102e-06,1
0.08627776290629667,0.39502557340802136,3.3730603784154697e-06,7.610697938492813e-08,0.5186875635020156,2.6759223102158544e-06,2.975093998328822e-06,4
0.09572791977168743,0.5771308944081416,4.388479446474515e-06,9.901806587906794e-08,0.3271298529785978,3.4814763868120807e-06,3.3638676739218823e-06,4
0.19028855773569975,0.8086141487320608,7.2505136973441735e-06,1.3836522855782749e-07,0.0010780490187749243,4.7064809726347205e-06,7.149153566105247e-06,1
0.15678812260021363,0.8422126022815295,6.0975727926919804e-06,1.2869634601767574e-07,0.0009842974279533694,4.4788960413499465e-06,4.272525123322939e-06,1
0.048361793024956475,0.9516155083454179,3.4787857797066654e-06,7.113910839823222e-08,4.76334835687455e-06,2.5263102396296197e-06,1.1859046140991818e-05,1
0.252187472941086,0.7477480286314828,7.6053567377038345e-06,4.1646088724643876e-08,1.0152467215477055e-05,5.824247753524794e-06,4.087470963561146e-05,1
0.21807892551161379,0.7818272904824691,6.480632787516746e-06,3.548722530302288e-08,8.651061900177706e-06,4.9629244565205265e-06,7.365389954754092e-05,1
0.44050338604719674,0.5592358230101143,8.143309147883797e-06,1.660739181616595e-07,1.1718730209326504e-05,5.764269445211446e-06,0.00023499855996842288,1
0.4468523082437413,0.5528869181613446,8.161830507147485e-06,1.786280087249752e-07,1.5315666236478826e-05,6.3155479834944115e-06,0.00023080192217821976,1
0.3809155954470394,0.6188034917548225,8.540719002765715e-06,1.74178659184963e-07,1.2802825093218904e-05,5.956238121044017e-06,0.000253438837261735,1
0.35792609495048266,0.6419997635354262,1.173413001808803e-05,2.1950858549714284e-07,1.695868520783139e-05,7.506346707182628e-06,3.7722843572568504e-05,1
0.705333373006255,0.2946351147719338,7.902608632506745e-06,1.6645971864578489e-07,1.2736310981238219e-05,5.662112560231055e-06,5.044729918705259e-06,1
0.709838162456953,0.2901299378518187,7.941543377433358e-06,1.7993665022607726e-07,1.3742379505135266e-05,4.966247291189608e-06,5.069584404324157e-06,1
0.1016939243658149,0.8982762595566379,9.0352328953277e-06,1.6902072752163016e-07,9.77578388992905e-06,5.779856758696642e-06,5.056183275823961e-06,1
0.426942329041906,0.5729913039445704,1.9617258285068608e-05,3.669770669704209e-07,2.2922122706803592e-05,1.2482692372149995e-05,1.0977963092658661e-05,0
0.4353474332432416,0.5645842354772331,1.962448925764162e-05,3.6711233567451934e-07,2.4870374808420585e-05,1.248729352511789e-05,1.0982009598489239e-05,0
0.1936361399698876,0.8063195896098742,9.254254047058424e-06,1.731179228941253e-07,2.2936983075721362e-05,6.024857764265732e-06,5.881207428463363e-06,1
0.1586577058073759,0.8413010725016419,8.637101954131337e-06,1.615729525600485e-07,2.143812775826735e-05,5.49588964541382e-06,5.4889986718247655e-06,1
0.14244069030423376,0.8574106883564843,8.490729536913754e-06,1.5883478601427978e-07,0.0001291730468452226,5.402751153309357e-06,5.395976960611227e-06,1
0.15288018167227804,0.8462249751147795,8.379960138884857e-06,1.5676263973328476e-07,0.0008755398249676458,5.441083731677e-06,5.325581464310687e-06,1
0.25057234046813676,0.7493128895372523,8.917976334249543e-06,3.241058972773669e-07,9.29392741645824e-05,6.346756156254958e-06,6.241882058647754e-06,1
0.26293219748391067,0.7370023886708041,8.893777816771733e-06,3.232264508731634e-07,4.364236149201082e-05,6.329534526143124e-06,6.224944999562888e-06,1
0.262944617992954,0.7370186390657012,7.559976983309422e-06,2.2087327683709277e-07,1.6945785152841094e-05,6.0582060066748835e-06,5.958099925327735e-06,1
0.23759506091172403,0.7604922064993235,8.354084691377658e-06,1.8547917890830114e-07,0.0018921903445795554,6.278180812350745e-06,5.724499690372702e-06,1
0.36707068117469077,0.6310466987748827,1.0644213810514983e-05,2.3632511647103533e-07,0.0018570819865559906,7.999236466528298e-06,6.658288477118827e-06,1
0.20197177440450031,0.7964763024681678,8.197843772772602e-06,1.820102845452054e-07,0.0015316535469383594,6.160764150498762e-06,5.728962185788656e-06,1
0.2538010272338662,0.7442860471394535,1.0402365784653846e-05,1.7344366577846532e-07,0.001891312720571016,5.33975540368752e-06,5.697341255078173e-06,1
0.20279895652825505,0.7954519506017341,9.635191310952233e-06,1.493518573487648e-07,0.0017288792209806246,5.1519435228822e-06,5.277162339113574e-06,1
0.14146545435928568,0.8571185084479593,9.02990556483708e-06,1.2649687910327127e-07,0.0013979434526541813,4.363553212726759e-06,4.573784444374359e-06,1
0.13541367603514662,0.8631781524749794,1.261791608548049e-05,1.3837491145082756e-07,0.0013856386469518795,4.773290010808057e-06,5.003261914223047e-06,1
0.08423092267555961,0.9145557747300862,1.2346394670515473e-05,1.4883420740738174e-07,0.00119097105836619,4.594768401392972e-06,5.241538708602283e-06,1
0.08263831498022106,0.9163480994391942,1.1478914565449922e-05,1.353601340579713e-07,0.0009927133589970728,4.656818557059051e-06,4.6011283312768775e-06,1
0.073113455071453,0.925674038165223,1.4094083823103312e-05,1.301067777260312e-07,0.0011893839287733863,4.476086412963027e-06,4.422557536992421e-06,1
0.07117428114262547,0.927880601871504,9.63964663920215e-06,1.1367136273330499e-07,0.0009276469131725785,3.8528657366549075e-06,3.863888959381981e-06,1
0.07306793125355186,0.9264504143577779,1.0891597997654017e-05,1.2136422856321485e-07,0.00046240242975952055,4.113613725066758e-06,4.1253829595545195e-06,1
0.046181841387954094,0.9537565953071577,7.35743980150102e-06,9.497555983268327e-08,4.7663400562113603e-05,3.21913943086865e-06,3.228349534038966e-06,1
0.04798631217335468,0.9519565986063369,7.1339241067062844e-06,9.20902452644023e-08,4.346306609060741e-05,3.1213434303651943e-06,3.278796435366666e-06,1
0.06348805631778624,0.9364085233865203,1.4730639576515602e-05,1.1089767535875295e-07,6.908294043806564e-05,1.4026218132931078e-05,5.46959987071269e-06,1
0.10509291312348416,0.8947849355576418,1.711776527538392e-05,1.380605115253944e-07,8.009366258520044e-05,1.964216292462312e-05,5.159667577201564e-06,1
0.1197088642605893,0.8801900045512108,1.7282114285095525e-05,1.38137394650788e-07,5.870786826586257e-05,2.0953931422785238e-05,4.049136831567271e-06,1
0.08781674616725846,0.9120902693289247,1.6901437820094144e-05,1.163308138542248e-07,5.318092095422167e-05,1.91178761460076e-05,3.667938082800745e-06,1
0.0740022281676685,0.9259111885392515,1.7267140936394658e-05,1.0529025413449616e-07,4.8427742196931974e-05,1.7303463899490792e-05,3.4796557930385353e-06,1
0.13970017587458272,0.8601420199781156,2.4836581200633204e-05,1.5817459089772837e-07,9.765488435675819e-05,2.9287678952940357e-05,5.8668282003717764e-06,1
0.06428250592097873,0.93546760891945,2.7737398304210105e-05,1.1120807417376018e-07,0.00018863820588097468,2.264138590422849e-05,1.075696140744301e-05,1
0.06258235457867445,0.937173901038101,1.9122347518029697e-05,1.091809506366944e-07,0.00018181742204354787,3.0372229591345142e-05,1.2323203121286853e-05,1
0.0453081265033204,0.954471768780989,2.0551519275001925e-05,1.1230924064241525e-07,0.00016018314128335128,3.256082423033171e-05,6.696921661209109e-06,1
0.04572260967062379,0.9540610054305257,2.0542674790344936e-05,1.1226090760472554e-07,0.0001601142053902705,3.2546811460449815e-05,3.06894630173186e-06,1
0.04366420587515783,0.9561380155544574,2.5669159484872324e-05,1.0724076840116828e-07,0.0001366450269888761,3.2425435510834876e-05,2.9317076318185316e-06,1
0.03967217806949567,0.9601490061623298,1.965611430451976e-05,1.0294869708089188e-07,0.00012365747011477675,3.258486245138955e-05,2.8143726067756925e-06,1
0.03874674257102787,0.9610681739017293,2.0117606302731813e-05,1.03186284049362e-07,0.0001293818045673087,3.266006241901763e-05,2.820867669605515e-06,1
0.041246243720891994,0.9585482624979196,1.8612435164235935e-05,1.0291573061626151e-07,0.00015715919647745746,2.6805762434295543e-05,2.8134713820139506e-06,1
0.04829317946865504,0.9515060695951397,1.6083528454607068e-05,9.997009072767454e-08,0.0001544465766624464,2.738791640636928e-05,2.7329445910303795e-06,1
0.06624331759039546,0.9101814068116448,2.4455360477821298e-05,1.3167695640233554e-07,0.023484039716603154,6.394648087384052e-05,2.702363048338978e-06,1
0.06304845275553445,0.9089336845321159,2.4421835844277115e-05,1.3149644703247345e-07,0.027929658617722213,6.0952103822380484e-05,2.698658513663193e-06,1
0.07149489830969818,0.9282758348304047,1.6783263040054017e-05,1.0512280394444466e-07,0.00017689856543132618,3.3580211590503616e-05,1.8996970313975915e-06,1
0.11460764352433984,0.8695216296260313,3.003278768126693e-05,2.4673523547019214e-07,0.015785650900272355,4.871016502192717e-05,6.086261417755938e-06,1
0.11665373244268473,0.8675093031799443,4.232244276922363e-05,3.405500393324902e-07,0.015730401304363588,5.862164921980653e-05,5.2784309788533845e-06,1
0.017763435383148063,0.9725964887268115,2.9072263881063175e-05,2.552079304951228e-07,0.009552787617882096,5.453041024249326e-05,3.4303901046017435e-06,1
0.014804941571775726,0.9795891473621385,3.218337300797078e-05,2.157331562506612e-07,0.005487463433086715,8.266050734169933e-05,3.3880194931584556e-06,1
0.003903699925825721,0.9798607629149082,4.241519594416753e-05,1.7269224187019728e-07,0.016151461102882875,3.753066686473113e-05,3.957501332322195e-06,1
0.9091092762266095,0.09080871340315538,1.1972686124608453e-05,1.7545418377305254e-07,1.0513532668017446e-05,7.723800703891994e-06,5.16248965547864e-05,0
0.8087143616975495,0.1912499607035642,1.1753639117765656e-05,1.8984971508889833e-07,9.577996045019882e-06,6.548931009871837e-06,7.607182998538738e-06,0
0.786329107237553,0.2136344188974903,1.3629702903175692e-05,1.7695186585365375e-07,1.0460180485112663e-05,5.965957959439882e-06,6.241071743101468e-06,0
0.6810031993260897,0.31896415555953106,1.0570689131927076e-05,1.975031550081267e-07,8.364405951935346e-06,6.694325822392029e-06,6.8181903179143125e-06,0
0.5225354474234232,0.4774239637205748,1.2405536186098594e-05,2.0563305780702273e-07,1.4200478987264878e-05,8.158686412281465e-06,5.618521358673339e-06,1
0.21961102604380667,0.7803536646242418,9.112455716495915e-06,1.8926321155476157e-07,1.1565458239736192e-05,6.661931604886306e-06,7.78022317869192e-06,1
0.18208588969621453,0.817880001547938,8.228328564621712e-06,1.9044960400609002e-07,1.0239180244527711e-05,6.015564171226634e-06,9.435233263098495e-06,1
0.15998857225906207,0.8399764175568095,8.450630822504837e-06,1.7551728961882397e-07,1.051580907252778e-05,6.178084844435312e-06,9.690142099269551e-06,1
0.14494375485556846,0.8550202114945455,9.543145276181767e-06,1.87613736260116e-07,1.1964274165265607e-05,6.454508446342957e-06,7.884108261812844e-06,1
0.12460933036048172,0.875356088218412,9.1646590368373e-06,2.0471480942830063e-07,1.1535094563694829e-05,6.23419121558104e-06,7.442761480482989e-06,1
0.20427670163824443,0.7956885104843203,9.845903082951705e-06,1.6708885704288968e-07,1.3431802319047178e-05,5.66343990955568e-06,5.679643266690733e-06,1
0.20215488676044074,0.7973217151164199,1.0796657574020297e-05,2.0057258360084224e-07,0.000489555732015563,6.798363426689329e-06,1.604679753947065e-05,1
0.18273757556986517,0.8129912408670237,8.542107610884818e-06,1.596010612470939e-07,0.004237279963972412,5.409642724662449e-06,1.979224774174359e-05,1
0.09462509097473162,0.8845283435131789,7.440240428819922e-06,1.3901373319859062e-07,0.020829574069069077,4.686868285036843e-06,4.7253205732100365e-06,1
0.018103139650453577,0.038427121881226343,6.872304752147351e-07,1.5258038309708656e-08,0.9434680811003026,5.164607904452938e-07,4.3841871353767187e-07,4
0.08258675875049283,0.6701046633059541,5.292306745681622e-06,9.720704399189377e-08,0.24729646828576407,3.4178008354849415e-06,3.3023431639352863e-06,4
0.10801105056294265,0.8647225555446114,7.660535861596686e-06,1.4070576069826817e-07,0.027241792991364124,4.947216237870462e-06,1.1852443221518167e-05,1
0.0953293654196801,0.8961008889572504,9.456439672941513e-06,1.3519636288219819e-07,0.00854391512028394,4.850511313361858e-06,1.1388355436656566e-05,1
0.07903571915044787,0.9209161857959985,9.296200816453341e-06,1.6943346352492275e-07,1.9318413997131173e-05,5.7632642284428625e-06,1.3547741047850558e-05,1
0.05849013674378627,0.9414817162151883,3.901520333730429e-06,7.978377960443427e-08,8.032303012824637e-06,2.8333020178257305e-06,1.3300131881540673e-05,1
0.06954923933902583,0.9304221509552154,4.416142416298679e-06,9.836370816660401e-08,5.256879384720427e-06,3.308325500234667e-06,1.552999474936014e-05,1
0.1280525055227998,0.8719176310702028,4.968481491137835e-06,7.957245033478646e-08,5.7077930655648434e-06,3.7221068672762534e-06,1.5385453122921887e-05,1
0.15586723105264078,0.8440951897247975,5.338716736268143e-06,8.550193315722783e-08,6.340238125146297e-06,9.282838209665572e-06,1.653192755752854e-05,1
0.5106517812968044,0.48905056869558805,7.544411183571828e-06,1.9093896557122718e-07,1.0232443525433456e-05,5.837794695115782e-06,0.0002738444192377416,1
0.49613881370244484,0.503605420361229,8.153664402325005e-06,1.6628510229422545e-07,1.2222617226719202e-05,5.771599447755725e-06,0.0002294517701471382,1
0.339366257655518,0.6605623167396432,1.083858386933553e-05,2.0275573990424e-07,1.5664402188777705e-05,6.933464024405457e-06,3.7786399016376906e-05,1
0.34069515065947525,0.6592360481193128,1.1252865021096477e-05,2.105056343984196e-07,1.6270522454808527e-05,7.198480515152945e-06,3.386884758636844e-05,1
0.6029436084812463,0.3970160016187648,1.0852111289409073e-05,2.0300879529404668e-07,1.5532785768390343e-05,6.905326159524321e-06,6.896667976180192e-06,1
0.6732368231140637,0.3267307502792606,8.073252318690913e-06,1.700541393379666e-07,1.3245261287931075e-05,5.78437646115272e-06,5.153662468596491e-06,1
0.736172030810403,0.26379482718909314,7.711991888198364e-06,1.9101232876067359e-07,1.5106218482244963e-05,5.393932814540427e-06,4.738844989982735e-06,0
0.5515865946897615,0.44837573825408833,8.622776580659348e-06,1.9854818972189062e-07,1.6131643668564495e-05,6.909883057910881e-06,5.804204653429363e-06,0
0.5071357414948704,0.49282827575377086,8.920526296844519e-06,1.824194783428183e-07,1.5074233451094935e-05,6.348570916710841e-06,5.457001215803271e-06,0
0.5342018710310238,0.465758777670376,9.387881299555382e-06,1.9197661129197842e-07,1.749847450102932e-05,6.530067399548802e-06,5.742898788786948e-06,0
0.3299304404869733,0.6700286820757725,1.2134163505022944e-05,2.2699195109248e-07,1.3963665053395265e-05,7.76224893792218e-06,6.790367806892626e-06,1
0.1438173996789709,0.8561539511717752,8.680309136783404e-06,1.6238122275414487e-07,9.396082271272898e-06,5.552811312451965e-06,4.8575653106941135e-06,1
0.3102461493386549,0.6897166171894722,8.151282272753852e-06,1.8769155434196132e-07,1.687561795450178e-05,6.532049943528079e-06,5.48683014761777e-06,1
0.21285128485672047,0.7871156197598251,9.030168783057482e-06,1.6892599394363837e-07,1.309693662072263e-05,5.746002695661831e-06,5.053349361074424e-06,1
0.17750905987170149,0.822455284102613,9.003076922862577e-06,1.9466805197130457e-07,1.4875367573348812e-05,5.861332272181547e-06,5.721580865245095e-06,1
0.17848378763633313,0.8214809199903111,8.951125078023001e-06,1.674473353760389e-07,1.4789529943089342e-05,5.695706255682175e-06,5.688564743768508e-06,1
0.12016039118219304,0.8797746743724286,7.868147241097315e-06,1.4718823370068112e-07,4.681002756264303e-05,5.108765106568977e-06,5.000317234352763e-06,1
0.1255131027765721,0.8744218260109845,7.884719391674817e-06,1.4749824640092442e-07,4.690862038272312e-05,5.1195253557123755e-06,5.010849067019816e-06,1
0.29223183333965214,0.7077289879338798,8.789066838487197e-06,2.3490126293844225e-07,1.7665325717749357e-05,6.297247915606697e-06,6.192184733407066e-06,1
0.22831748312194958,0.7702538453886228,8.314529211504695e-06,1.8460095966595454e-07,0.0014082265098493954,6.248454461237968e-06,5.6973949457297575e-06,1
0.1751155027991979,0.8234361957910643,6.4684284002276955e-06,0.0,0.0014309534011851326,5.1315452219489254e-06,5.748034930566764e-06,1
0.2207960600037661,0.7780464563490381,8.510538978800704e-06,2.4162301864034966e-07,0.0011363436497626007,6.395757823070204e-06,5.992077612536207e-06,1
0.3782936081225378,0.6184787462079107,9.745351928484727e-06,2.3652330268165558e-07,0.0032016259320060796,8.191209101760683e-06,7.846653212520621e-06,1
0.1385023294892923,0.8600679907641635,9.723035388199874e-06,1.3620669930451686e-07,0.0014074571586671916,4.698496789473458e-06,7.66484899993113e-06,1
0.07656617228480644,0.9224285674951411,1.30019253325212e-05,1.3138961743385014e-07,0.0009831405214203706,4.520220173605914e-06,4.466163508316333e-06,1
0.06559947669034553,0.9332495953239954,1.2259858048057215e-05,1.1317448129523463e-07,0.0011308143924082057,3.893561633556496e-06,3.846999087944561e-06,1
0.047557743058760676,0.9523809797879231,7.847021420391551e-06,1.0129546044925845e-07,4.630714316473499e-05,3.4151528202336543e-06,3.6065404504708996e-06,1
0.3797108258209248,0.6194086463968201,1.9758044260859534e-05,2.7279122038258586e-07,0.0008144690163506931,3.685408643413649e-05,9.173843988961664e-06,1
0.09856970430181833,0.9013401125647217,1.4325204572864305e-05,1.229566144615817e-07,5.352057014848846e-05,1.761920506157065e-05,4.59519706272567e-06,1
0.07446265065784517,0.9254486031452419,1.7937889502958064e-05,1.0825519127636478e-07,4.979145066849772e-05,1.7790723458509887e-05,3.117878091648687e-06,1
0.2823529017897033,0.7099658110752788,2.67458074003772e-05,2.482486722757534e-07,0.007599921123400181,4.596635352161936e-05,8.405602023436651e-06,1
0.3115553886164353,0.6693844444106078,3.280521454923638e-05,3.044907500326315e-07,0.01895467118320685,6.238964435880742e-05,9.996440091995846e-06,1
0.1835369469956853,0.8090962617529646,4.9570771620980484e-05,1.7940027493563979e-07,0.007271557486125865,3.534770584419144e-05,1.0135887483930277e-05,0
0.16564927463515372,0.8284093104290672,4.8185502725943855e-05,1.7438688473607755e-07,0.005850360447137452,3.7158331018794195e-05,5.53626801210523e-06,0
0.07373036232390534,0.9193230582117287,3.496733106172024e-05,1.3629943350484543e-07,0.006874898713693271,2.5879807537067964e-05,1.069731264029325e-05,1
0.036839340413178136,0.9629743402685559,2.10524454876578e-05,9.77460864651253e-08,0.0001277323669396927,3.476461414986194e-05,2.6721456022976387e-06,1
0.042045483354653544,0.9577615863290406,2.1191285083819772e-05,1.0742286865718521e-07,0.00013469391524957808,3.400100728402291e-05,2.9366858198554153e-06,1
0.042635496005830456,0.9571803861342546,2.112195379977181e-05,1.0901066298981871e-07,0.00013151353497298473,2.839326813707157e-05,2.980092341760648e-06,1
0.05918398233125033,0.9405629597592116,2.0084257163625667e-05,1.1614749735181896e-07,0.00019545070040972174,3.530787780566229e-05,2.0989266614322494e-06,1
0.05853395420079694,0.9411172036287073,2.5382875029092982e-05,1.5242437150518695e-07,0.0002576183303544967,6.306786655502897e-05,2.6206741856008594e-06,1
0.022741813006397032,0.9769625808732582,4.1150894342947794e-05,1.9701558140842273e-07,0.00018780175483021794,6.355724652075468e-05,2.8992090693945732e-06,1
0.06554642267254344,0.9264496030006693,3.525397720095677e-05,2.2610645444052974e-07,0.007913641179744453,5.094540988346372e-05,3.907653504119254e-06,1
0.0293944573281797,0.9600070189502268,4.077466511903683e-05,2.423858268233299e-07,0.01049318947688909,6.051060268866644e-05,3.806591070259995e-06,1
0.018771328239647132,0.971802660225172,3.257592129913589e-05,2.182528352173376e-07,0.009315566218805211,7.422355200413969e-05,3.4275902369604983e-06,1
0.01897073445550781,0.974713871715904,3.249161852087392e-05,2.176880217097343e-07,0.006197845105817261,8.142069620526423e-05,3.4187200233734148e-06,1
0.013223892847571616,0.9770096058645987,3.552010302758979e-05,2.2096621523506004e-07,0.009649954277973391,7.7335737620153e-05,3.4702029931643193e-06,1
0.015692328729326452,0.9725543170485549,4.18407846817638e-05,3.0235576151801464e-07,0.011633093385931546,7.565772186646593e-05,2.4599738773035124e-06,1
0.9299677573323959,0.07001343347013192,6.652793042939053e-06,1.0651267886053001e-07,4.533100308636998e-06,4.184765172249499e-06,3.332026269486087e-06,0
0.8362482789326438,0.16371577157014802,1.1653361622761565e-05,2.0247194662064484e-07,1.0287663898441888e-05,6.493058067879605e-06,7.3129416723942975e-06,0
0.6306800156017895,0.36928784403155546,1.1322778122931388e-05,2.6842788936930075e-07,8.142853795183212e-06,7.2781713303429425e-06,5.128135516987772e-06,1
0.6346325148804708,0.36533504599959105,1.033881611864674e-05,2.7162127109771753e-07,8.654075301835343e-06,7.264742167667037e-06,5.909865078904005e-06,1
0.3055347918783642,0.6944257165646249,1.094048632406928e-05,2.5003530023358117e-07,1.3218886075120167e-05,7.614338584758339e-06,7.467810726752746e-06,1
0.21202254076826735,0.7879401944079077,9.325421880256864e-06,1.8438690766592928e-07,1.1047216605837817e-05,6.490289146084204e-06,1.0217509285098935e-05,1
0.1766519747525731,0.8233071024015901,8.049040630793642e-06,1.6717637123448962e-07,1.0016077647722362e-05,5.884490398151193e-06,1.6806060789022682e-05,1
0.13359458461339366,0.8663696752591266,9.479302303432404e-06,1.831918784387712e-07,1.193112018989825e-05,6.448224959855049e-06,7.69828814822856e-06,1
0.13297252040841187,0.8669955363850683,8.356278529455159e-06,1.6148892730366533e-07,1.1083443869119988e-05,5.555732037803654e-06,6.786263156024492e-06,1
0.22794890078268695,0.7720158094776106,1.0606012437584394e-05,1.7998821246241406e-07,1.219345786714441e-05,6.192166206690434e-06,6.118114978388099e-06,1
0.23267891696755108,0.7638190284409776,9.759460442826881e-06,1.823461275399292e-07,0.0034633193226437974,6.180581723636316e-06,2.261288053360966e-05,1
0.1232620177250353,0.8591571568580589,7.423640092970874e-06,1.3870357189657305e-07,0.017563871884442774,4.676411151513243e-06,4.714777646639296e-06,1
0.016023837398828174,0.041391357436503885,5.564984822060865e-07,1.2556377224678768e-08,0.9425833465522253,4.414823741862782e-07,4.480752091057828e-07,4
0.06413350954898267,0.4461640776399111,3.553176303062299e-06,7.119984707059955e-08,0.48969386622761996,2.503387479045122e-06,2.418819856989374e-06,4
0.13798326770044259,0.8619747830126165,1.14016506387812e-05,1.793825758643757e-07,1.4719320855183616e-05,6.16444309092852e-06,9.484489780189315e-06,1
0.2994783318436958,0.6983911823529301,1.0687343720351665e-05,2.6470650408931345e-07,0.0021038890788809142,7.474957809757832e-06,8.169716458838049e-06,1
0.0927548864304391,0.907214155500005,5.193094704571749e-06,1.061957103728206e-07,6.405704017347068e-06,3.771249268654938e-06,1.5481825855001474e-05,1
0.2978118048037712,0.7019599243640282,7.617726977137845e-06,1.4375565725092288e-07,1.9260359717730973e-05,5.547394501250503e-06,0.00019570159534698856,1
0.3899305840427937,0.6099130566630387,7.826509189586728e-06,1.7448121875642878e-07,1.0615051504366313e-05,6.196222297070315e-06,0.00013154702995774094,1
0.3859386053816722,0.61399951071742,1.0121494526242776e-05,1.8934125863168513e-07,1.4634673361558556e-05,6.474740521173206e-06,3.0463651240186743e-05,1
0.4821039457911579,0.5178480529503957,9.768083531652075e-06,1.8273005290938963e-07,1.4288050620683991e-05,6.342388211026359e-06,1.7420006030073697e-05,1
0.48864838128609017,0.5113026589361958,9.858946328038516e-06,1.8442980942123643e-07,1.4932969341431411e-05,6.40138516030048e-06,1.7582047074853078e-05,1
0.504919205258201,0.49502993263875444,1.0462004084283961e-05,1.9571111914274642e-07,1.488977554421402e-05,6.6570963527402395e-06,1.8657515944077786e-05,1
0.7017616506597449,0.2982073741369873,7.861125413600852e-06,1.6558592047752026e-07,1.2897238437510167e-05,5.632390393067202e-06,4.418863103077178e-06,1
0.673674894007572,0.3262923423950844,8.152077927644602e-06,1.8470686678492818e-07,1.4003546482407171e-05,5.840853947420816e-06,4.582412119459879e-06,1
0.5622394542056605,0.4377236858812588,9.137984493116757e-06,1.8686636963659586e-07,1.5441702309700426e-05,6.5033318281766435e-06,5.590028080133434e-06,0
0.24211344783721322,0.7578436598336148,1.1655110548348539e-05,2.1803038029552056e-07,1.3412383951317566e-05,7.4557977925576826e-06,1.0151006499615214e-05,1
0.1724983399195956,0.8274685181692293,9.003426639239557e-06,1.6842573272669385e-07,1.0369023434309437e-05,5.759510232342577e-06,7.841525136514426e-06,1
0.2071697832201079,0.7927994058680963,8.286025486035694e-06,1.5500541846981652e-07,1.2460464077002857e-05,5.272495556053513e-06,4.636921258245581e-06,0
0.26122514208889624,0.738739098655391,8.967302688056552e-06,1.833760278332533e-07,1.4741100214149396e-05,6.381860795239917e-06,5.4856159875354325e-06,1
0.1778808804701451,0.822084522862136,9.482970997006177e-06,1.7739649608914366e-07,1.3595433316232799e-05,6.034126074577227e-06,5.30674083509026e-06,1
0.11606965270406476,0.8838942213616273,7.548858967158878e-06,1.4121535652359062e-07,1.87370027384805e-05,4.901452159460753e-06,4.797405086171046e-06,1
0.13353878040288716,0.866431168105259,7.252023334702526e-06,2.411013788812575e-07,1.3206332651914685e-05,4.708717647127472e-06,4.6433168411812435e-06,1
0.2325115469010938,0.7674532968879669,7.233502158302145e-06,2.1133494562743777e-07,1.6213987654700712e-05,5.7965846088513416e-06,5.7008015718020966e-06,1
0.2803026495257099,0.7196592897923073,7.932819829425336e-06,2.31766302219141e-07,1.7429566652318874e-05,6.356984531380974e-06,6.109544667265849e-06,1
0.3235686501219804,0.6763886057733802,9.783997837555845e-06,2.8347581755966173e-07,1.9665057940545678e-05,6.118426916339594e-06,6.893146127425402e-06,1
0.3874472732415186,0.6116368736587849,1.2907623421275839e-05,2.1825544176285122e-07,0.0008858252714023329,7.990897067623797e-06,8.911052363383538e-06,1
0.18382147281134006,0.8149743595387327,7.080480621378184e-06,1.6892195511209317e-07,0.0011869280154981918,5.138448488992388e-06,4.851783363724222e-06,1
0.27976330242734376,0.718586067420564,9.703517557495757e-06,2.1543957663539017e-07,0.001626637717656588,7.292293529733433e-06,6.781183771842968e-06,1
0.2573488596560288,0.7411507520463931,7.569624691909363e-06,1.7408576767871516e-07,0.0014804883345452384,6.005148239462117e-06,6.1511043336039826e-06,1
0.1825903875058539,0.8164207206091174,1.1178317919519007e-05,1.5659325784641677e-07,0.0009664932477727493,5.401738115682975e-06,5.6619879629372e-06,1
0.11794337029401354,0.8808543851593238,1.3116604473159489e-05,1.5811898799095369e-07,0.0011785198940292125,4.881405574274154e-06,5.568523597878869e-06,1
0.10001425414595884,0.8989753508800509,1.6191654010073455e-05,1.4124186065117927e-07,0.0009844018509528255,4.859168634040123e-06,4.801058532684949e-06,1
0.06970791461994438,0.9289716783125012,1.4222183529763146e-05,1.312893051091762e-07,0.0012971408190001943,4.450022002737627e-06,4.4627537164877e-06,1
0.06322399757399125,0.9356115788900123,1.314225978076406e-05,1.2132020027514882e-07,0.0011429239482588609,4.112121395965969e-06,4.123886360832835e-06,1
0.03980903994386998,0.9601384122361659,6.583554036867678e-06,8.498564000655018e-08,4.0109964717241135e-05,2.8805371117017467e-06,2.8887784583580296e-06,1
0.048596164358876905,0.9513321888971658,8.157056087149609e-06,1.0529762925217219e-07,5.608527089777325e-05,3.55008500785296e-06,3.74903433532325e-06,1
0.0971292296196982,0.9027805544058639,1.4455493627661233e-05,1.227986628036742e-07,5.3451816931558046e-05,1.759657120276872e-05,4.589294013120349e-06,1
0.08308885829236677,0.9168179375710697,1.7759109282877842e-05,1.1369857362659616e-07,5.323532235442964e-05,1.7525300243984825e-05,4.570706108653779e-06,1
0.07532993797762838,0.9245826161724262,1.765396718469758e-05,1.0640015604219922e-07,4.8938236201262784e-05,1.640033486057904e-05,4.3469115430918555e-06,1
0.2451173412895815,0.75074215696165,2.501439325123608e-05,1.7433166974922673e-07,0.004068721520144372,4.118304496327991e-05,5.408458739877782e-06,0
0.21729232911870855,0.7786178941068432,2.493960588893218e-05,1.6857022535137299e-07,0.004024060090928715,3.5378791485487874e-05,5.229715919639119e-06,0
0.052253158429906944,0.9474798537999711,2.8452061594272195e-05,1.194684907831964e-07,0.0002106070689633276,2.312058161180886e-05,4.688589461713487e-06,1
0.05922661394773403,0.9404970055260181,4.1368284296368634e-05,1.2052489685084443e-07,0.00020444199285754152,2.2256923668100615e-05,8.192800529025368e-06,1
0.05957209190232486,0.9401777884594383,2.8533124208439547e-05,1.1275892830519374e-07,0.00019126886326003927,2.0822808612658387e-05,9.382083227442173e-06,1
0.052433876473386404,0.9473046055857104,2.0483762551447673e-05,1.1361367330262909e-07,0.00020496588882772877,2.3131153383903522e-05,1.282352246705271e-05,1
0.05466873007668202,0.945095981367461,1.8902101945394173e-05,1.1334878499859163e-07,0.00017770334762111392,2.5776132858027187e-05,1.2793624647368314e-05,1
0.06387010877662755,0.9358989398996189,1.855366679485894e-05,1.1125935065536009e-07,0.00017442762236802558,2.5300984075180242e-05,1.2557791164786591e-05,1
0.04138420037323701,0.958376391049866,1.5915846908522478e-05,1.0033045480500218e-07,0.00018097202527853082,3.1640150332847654e-05,1.0780223922434975e-05,1
0.04043876566931527,0.9593666160203485,2.0732295100913846e-05,1.0925964674751329e-07,0.0001384520013649742,3.233785525769315e-05,2.9868989657107992e-06,1
0.04924974415183689,0.9160993606008293,2.4659190841232214e-05,1.3157992717831247e-07,0.03458974214209391,3.276521166327225e-05,3.597122808615344e-06,1
0.046007963673877564,0.9136721857706673,2.242993575180717e-05,1.3448430709219337e-07,0.040259269099590725,3.4340513262618184e-05,3.6765225427324426e-06,1
0.04402508438759,0.9557261177518726,2.018553429004949e-05,1.210287958499995e-07,0.00019510318459760277,3.090430644432983e-05,2.4838064095562526e-06,1
0.0455406873496611,0.9542071003628364,1.874782214790636e-05,1.1387161675185586e-07,0.00019162089376339956,3.967190124596967e-05,2.0577987286018987e-06,1
0.050981450837742234,0.9486952012722603,2.058107487766545e-05,1.4914627427160428e-07,0.0002520778913307644,4.797546455751082e-05,2.5643129573202005e-06,1
0.05543214130589292,0.9443169868503017,1.9353851914332826e-05,1.2822414199686355e-07,0.00019089405782002431,3.829111695226004e-05,2.204592976724619e-06,1
0.039575038522755804,0.9601066329779115,2.3735346613673844e-05,1.516713617107133e-07,0.00024556937525984306,4.626437861646353e-05,2.607727480881696e-06,1
0.040490074763932654,0.9591775127369938,3.100789597569487e-05,1.5517823871941524e-07,0.00025124731990560024,4.733408277064267e-05,2.668022182824879e-06,1
0.05496686394400094,0.9447585706887116,3.6767361606536756e-05,1.5361449923447944e-07,0.00019003291896529074,4.497033583695936e-05,2.6411363793230647e-06,1
0.04991524183225425,0.9332580465715127,6.904034336883593e-05,3.305364481227812e-07,0.016658796805334636,9.367980319658096e-05,4.864107885017263e-06,1
0.0808474448786081,0.8868032793779803,7.00187694909449e-05,3.228320876227177e-07,0.032193206650741116,7.201127652684608e-05,1.3716214564790423e-05,1
0.06307512169767589,0.9156596650162555,6.956535592779103e-05,2.9959378991724783e-07,0.021112510492046387,6.441594170637552e-05,1.8421902598202463e-05,1
0.040844880453110036,0.9486807837162148,3.847335367659909e-05,2.395261405525008e-07,0.010376633005416731,5.522826481971541e-05,3.7616806216378592e-06,1
0.025077576060982872,0.9624727519852189,3.701451508345586e-05,2.2003353839390144e-07,0.012354051401721161,5.493044785015162e-05,3.4555556048185463e-06,1
0.018547443512005504,0.9731378714633778,3.2439083309793226e-05,2.173360452096128e-07,0.008197326364613849,8.128904830170618e-05,3.41319234619912e-06,1
0.0033222809957530355,0.9853366025807866,3.671879323524367e-05,1.5181591354739347e-07,0.011262112537685843,3.9897871270387225e-05,2.235405355430748e-06,1
0.8867858733887709,0.11314080444987694,1.1677411637980458e-05,1.7112707258838378e-07,9.86252668587504e-06,7.533313685029031e-06,4.407778227052103e-05,0
0.9381279820823416,0.061854376448100414,6.306989021371809e-06,1.2912321139602494e-07,4.0555956317736525e-06,3.967246211936387e-06,3.182515481545421e-06,0
0.8334627279840886,0.16650301634102924,1.1206597591280453e-05,1.777857473841249e-07,9.498802195471235e-06,6.132780307897447e-06,7.239709040083627e-06,0
0.634932602203268,0.36503106378343164,1.2570537433807752e-05,3.003374795935327e-07,9.809074823311572e-06,7.96081242142666e-06,5.693251142259839e-06,0
0.6046046264319744,0.3953575718649079,1.295096022467172e-05,3.070270282320412e-07,1.0476438705687739e-05,8.201730878163343e-06,5.865546280795688e-06,0
0.3678196008461963,0.6321465668044816,9.84657395087e-06,2.148683924790044e-07,8.359780016952432e-06,7.198630560629566e-06,8.212496401258235e-06,1
0.18598061193808882,0.8139813917737493,8.713171798206008e-06,1.8097019383826216e-07,1.1042814049649226e-05,6.370023228337153e-06,1.1689308891741157e-05,1
0.12053390474697899,0.8794350298898326,8.309175733518963e-06,1.6057864410021218e-07,1.0323183160004978e-05,5.524415404265123e-06,6.748010246253619e-06,1
0.1467420483914454,0.8532187129968752,1.0412190294635341e-05,2.0122036809033096e-07,1.3086485004535272e-05,7.082815084430529e-06,8.455900927779002e-06,1
0.13863576975592956,0.8355220177702255,7.702360391168904e-06,1.439111924756943e-07,0.025824622421620144,4.851986838685969e-06,4.891793802480819e-06,1
0.10822683962977324,0.4753978346042125,4.247695602635909e-06,8.936391565747707e-08,0.41636500733927617,3.0129174469647565e-06,2.968449772739637e-06,4
0.016034041329120202,0.029958370626898195,5.047159177096453e-07,1.566420502227833e-08,0.9540063308554496,4.242262002732579e-07,3.1258220905663016e-07,4
0.007319852037300454,0.020165151067069547,2.6859424309154926e-07,5.382189737019205e-09,0.9725143371410383,1.892378558641977e-07,1.9654030295119653e-07,4
0.1531044902830567,0.8461390379038355,9.16193844359973e-06,1.7433708872998886e-07,0.0007299139690505084,5.991056026125442e-06,1.123051249881492e-05,1
0.41273218147179974,0.5857943275833138,1.007361541498358e-05,2.2824437609805545e-07,0.0014504589262251118,6.299539382899746e-06,6.4306194874006084e-06,1
0.23108393794017026,0.7675530128726166,8.17930906576426e-06,2.0258694445669454e-07,0.0013426940049100318,5.720784488584392e-06,6.252501804470715e-06,1
0.1451289394975327,0.8531117096708845,7.813232144634427e-06,1.597759688797422e-07,0.0017403893419191555,5.560530478620139e-06,5.427951071479489e-06,1
0.09544428690861742,0.904451816463321,6.284959337818798e-06,1.285236953133902e-07,7.909662481690004e-05,4.564166389149219e-06,1.3822353822370073e-05,1
0.08714346653305663,0.9128178862526714,5.35697134872939e-06,1.095468906670128e-07,1.1028730705825244e-05,3.890257241662836e-06,1.826170808537391e-05,1
0.1450612239318242,0.8549075583165157,4.854557407162735e-06,7.774790524385408e-08,5.5769413935459555e-06,3.636761351535032e-06,1.707174360261974e-05,1
0.3434311053090006,0.6564525050280293,6.722600675694232e-06,1.498711022621132e-07,9.002558611621625e-06,5.3220439026444754e-06,9.519258867775499e-05,1
0.5130417004299486,0.4866097982936729,6.952735699439415e-06,1.638925970350625e-07,8.898258128954897e-06,5.03540601895029e-06,0.00032745098393434824,1
0.5595839012145866,0.4401918476927641,7.640255628585495e-06,1.558146896984258e-07,1.0296935815424616e-05,5.408181277866007e-06,0.0002007499052379014,1
0.39320622334623845,0.6064780625472753,9.284561090334194e-06,1.8934850816560105e-07,1.3917869405182587e-05,6.474988427262688e-06,0.00028584733905516084,1
0.3148907192143186,0.6847431577892824,9.802096071506902e-06,1.9990307026661223e-07,1.4687004480884243e-05,6.8359137290828815e-06,0.0003345980790472336,1
0.3148907192143186,0.6847431577892824,9.802096071506902e-06,1.9990307026661223e-07,1.4687004480884243e-05,6.8359137290828815e-06,0.0003345980790472336,1
0.4363945232864707,0.563547949816847,9.289824160742163e-06,1.7378332760062287e-07,1.40709417379749e-05,6.031855793275947e-06,2.7960491662742976e-05,1
0.570314952385818,0.42965294142811683,7.296432565076817e-06,1.6800777147273334e-07,1.388332206508525e-05,5.847014043910008e-06,4.911409619801847e-06,0
0.5471196231550641,0.45284177175844664,9.608976945752469e-06,1.9649788628193137e-07,1.6237602680202775e-05,6.683858167171967e-06,5.878150809795293e-06,0
0.46476026286608096,0.5352036511686475,9.596140882864529e-06,1.7951354793085215e-07,1.4834101893760401e-05,6.106137405132851e-06,5.370071541761896e-06,1
0.34019546046088134,0.6597372817958875,1.986064416940406e-05,3.7153004968989744e-07,2.320651112769151e-05,1.2704894247270613e-05,1.1114163636928515e-05,0
0.27442666758843515,0.7255361615891897,9.440371593525423e-06,2.2469776595932724e-07,1.457840353331102e-05,6.951818516966084e-06,5.975530965444754e-06,0
0.1417356734259816,0.8582341775970648,8.192545527582365e-06,1.5325670310525254e-07,1.1899169572193395e-05,5.319395969953082e-06,4.584609180844582e-06,1
0.13357432743309422,0.8663954917415473,7.306128685290115e-06,2.4290016992610963e-07,1.3304861465892565e-05,4.648975686843703e-06,4.677959350448855e-06,1
0.12657141996709656,0.8733983818157331,7.310338868891711e-06,2.430401420449017e-07,1.3312528441383704e-05,4.6516546762297486e-06,4.68065504177795e-06,1
0.23449197246824305,0.7654719685640642,8.123889683377771e-06,2.9524641651059805e-07,1.6172128126422006e-05,5.781619610571984e-06,5.686083855859038e-06,1
0.4705446738247961,0.5277777127688601,1.1822482886632808e-05,2.6248529904578696e-07,0.001650814001106016,7.319104435221323e-06,7.395332616979185e-06,1
0.2449745904169151,0.7535858674219045,7.902769229763327e-06,1.8434535731394455e-07,0.0014201007908419892,5.939012587931289e-06,5.415243163091123e-06,1
0.2291404243478707,0.7692548806131201,6.232680801101253e-06,1.5126947271428398e-07,0.0015886978919838447,4.944521513710826e-06,4.66867523790297e-06,1
0.1825019977898615,0.8163963795262371,6.4954544433050055e-06,1.5496474357852904e-07,0.001085719113233123,4.713883118152352e-06,4.53926836332253e-06,1
0.16532773012649754,0.8340204662194217,1.03214316988941e-05,1.640874702284558e-07,0.0006292181295254015,5.660253541109445e-06,6.439751845313951e-06,1
0.1541832548335741,0.8456510291162556,1.2461969924224336e-05,1.6565136463233077e-07,0.00014212699199260423,5.127643334368637e-06,5.833793554438541e-06,1
0.11874246586021124,0.8811066093744073,1.2596772239632895e-05,1.4036485239161967e-07,0.00012858738404124086,4.8289967642629965e-06,4.771247483974733e-06,1
0.10177095225831505,0.8973589025688975,1.2756223253859726e-05,1.4214160262968664e-07,0.0008475250429749191,4.890122615958341e-06,4.831642340369245e-06,1
0.09359692705691873,0.9051573134965909,1.399301978584036e-05,1.414050203631919e-07,0.001221953635220596,4.8647818463788406e-06,4.806604617421706e-06,1
0.07297793855706118,0.9257727138272347,1.2423227858729753e-05,1.328552396934829e-07,0.0012277049077922004,4.570642234604859e-06,4.5159825791134855e-06,1
0.051098386533153524,0.9488255616907553,8.054362771849627e-06,1.0397198400398425e-07,6.0686214306622634e-05,3.505391187538604e-06,3.701835841043637e-06,1
0.2066179076877428,0.7919748749239557,1.718875869217246e-05,1.7595730851478266e-07,0.0013587948521574108,2.460052213537658e-05,6.45729800807345e-06,1
0.06671741048512933,0.9331706849156352,1.6623292143138528e-05,1.1323946241313764e-07,7.207727505054603e-05,1.9408352793501882e-05,3.6824397857428796e-06,1
0.07580296220721927,0.9240764547773189,1.672987370739078e-05,1.1434261132996916e-07,7.950564657276768e-05,2.051483942936418e-05,3.718313140970573e-06,1
0.06489747981950673,0.9348562620546537,2.7338311754872397e-05,1.1227197269393453e-07,0.00019044285819220467,2.0732884172540736e-05,7.631799746901372e-06,1
0.03944590675378343,0.9603138891573549,1.7177572085198504e-05,9.935424392446195e-08,0.00017892276055086654,3.1056980068210516e-05,1.29474219136317e-05,1
0.05571142875984358,0.9440980602324466,1.7220815667835803e-05,1.1099357591923962e-07,0.00013974228751816053,3.040261048120421e-05,3.034300466665799e-06,1
0.048541719434615015,0.9512481210423314,2.2656815220420247e-05,1.197840907700795e-07,0.000151788401230381,3.231991026985874e-05,3.2746122423089562e-06,1
0.044594922605166315,0.9168507532827941,2.8412919284559735e-05,1.4622859166724333e-07,0.038484225349199826,3.754202799388185e-05,3.997586969668413e-06,1
0.08382834656738708,0.8837491903700206,2.7739197678390685e-05,1.4501925462246024e-07,0.03235757129838194,3.3043021078787535e-05,3.964526198467366e-06,1
0.04844996036281423,0.951273039856087,2.1234638542328954e-05,1.273190343222647e-07,0.00021424994081791401,3.7907283020190896e-05,3.4805996839004557e-06,1
0.06357175155629927,0.9361400220340981,1.8633329205336547e-05,1.3997096325038636e-07,0.0002282218184653911,3.890965870183847e-05,2.321632266695173e-06,1
0.06374299038677676,0.9359684472228863,1.8655049767441026e-05,1.4013412507544703e-07,0.00022848785284534264,3.895501504417444e-05,2.3243385548349215e-06,1
0.053321543151319935,0.9463064280287702,3.3612096650269306e-05,1.707811508416866e-07,0.00028864383366906357,4.666582109275611e-05,2.9362873468222502e-06,1
0.10092884863932912,0.8472011431689348,6.739784449657894e-05,3.358071987068939e-07,0.051736753371577286,5.4684135051781146e-05,1.0837033411511708e-05,1
0.08685175956117697,0.8940588628225943,3.245366099459379e-05,3.0840125159377546e-07,0.018999513868173796,5.434045657307301e-05,2.7612292355740247e-06,1
0.04397966735650893,0.9427452426715074,4.0482215891975165e-05,2.5203284889395335e-07,0.013172285654517288,5.811197429172308e-05,3.958094433925737e-06,1
0.01935440784304289,0.9717240846227239,3.239195540484662e-05,2.170202966916201e-07,0.008822876853487841,6.26134714265107e-05,3.408233617775139e-06,1
0.013263974600782777,0.9799947458888926,3.606313969454865e-05,2.8743450389381124e-07,0.0066313564136285955,7.123394833772631e-05,2.3385741600043586e-06,1
0.004612490575491502,0.9821110942767476,3.845512632898848e-05,1.7187138155886818e-07,0.013192843373129419,3.9116563237377524e-05,5.8282136834648645e-06,1
0.003690853277412075,0.9869621009299352,4.291268159542338e-05,3.396795272479115e-07,0.009249077480812046,4.365078946698077e-05,1.1065161251153977e-05,1
0.8624682757967987,0.13747482915414402,1.3613337004487274e-05,2.179525175697558e-07,1.1543303030090852e-05,8.919760292754361e-06,2.260069621238011e-05,0
0.9403878981757191,0.05959500908456649,6.0627136652875045e-06,9.706537832850346e-08,4.082882230242351e-06,3.8135911987738487e-06,3.036487241783468e-06,0
0.9294007174840744,0.07058225846775912,5.96427382953991e-06,9.548933492171264e-08,4.069176504377026e-06,3.907924475997924e-06,2.9871840218339153e-06,0
0.794581631179523,0.2053795774053982,1.4906858308089862e-05,1.9353293394369885e-07,1.0340148661458714e-05,6.5249910878592876e-06,6.825884087565847e-06,0
0.7921476334256878,0.20782134396100319,1.1734886085150789e-05,1.5235181596391863e-07,8.62538087494213e-06,5.136563690358468e-06,5.373430842537649e-06,0
0.6662551987046584,0.33370436759430405,1.5326842706403982e-05,1.948555990466024e-07,1.146988346529038e-05,6.5695849346677e-06,6.872534332023541e-06,0
0.6241910725791809,0.3757701746765936,1.4656650980435688e-05,1.8633521342373277e-07,1.1021945801647465e-05,6.315790908717876e-06,6.572021321354308e-06,0
0.6248176241268746,0.3751368986171181,1.7246707927300406e-05,2.803827863774487e-07,1.2963809105464027e-05,7.4318888590549245e-06,7.55446732914664e-06,0
0.23907263914061339,0.7608901213820614,9.934664336388767e-06,2.063402595877334e-07,1.2168588732626527e-05,7.263031655310524e-06,7.666852341219049e-06,1
0.21817377349654546,0.7817798443455307,1.0280154538674441e-05,2.3658085489846277e-07,1.2501848482470159e-05,7.472671427974464e-06,1.5890902619734095e-05,1
0.11174411331928714,0.4626768823452068,4.404776172892893e-06,9.968015050106511e-08,0.4255682973198951,3.1243356922864616e-06,3.078223595231014e-06,4
0.09496737635959453,0.3682227557264765,3.2759982051471337e-06,7.391694778417177e-08,0.5368010295944171,2.598920772802288e-06,2.8894835861929405e-06,0
0.15202612781060923,0.8479246097502185,1.0317647801479993e-05,1.6947356034491183e-07,1.2345893875373845e-05,5.4249315358552924e-06,2.1004492399261848e-05,1
0.16964720303194403,0.8291881095518484,8.8810107200006e-06,1.8161140820497977e-07,0.0011355430958584056,6.320448423310748e-06,1.3761249797696919e-05,1
0.12293521894799347,0.8766126214911143,7.912303325912192e-06,1.6180191584812783e-07,0.0004261941938748102,5.631037576431923e-06,1.2260224199236014e-05,1
0.10786464734619226,0.8920912567075582,7.159464326410793e-06,1.4640680428237265e-07,2.0497149498532545e-05,5.199235935591205e-06,1.1093689684616458e-05,1
0.11528924203609754,0.8846702094438789,6.346495791581708e-06,1.2978207933928202e-07,7.828429077640662e-06,4.608854445010148e-06,2.1634958629825186e-05,1
0.22141848186124555,0.7785267212867549,5.029468339282368e-06,8.054918194860289e-08,5.777854775475795e-06,3.6445893411692435e-06,4.0264390361665694e-05,1
0.18873427628244394,0.8111142356051142,6.019625517316266e-06,9.640699142485233e-08,7.720034340334295e-06,4.362103808644642e-06,0.00013328994178431606,1
0.3192616914507128,0.6805404319909094,6.630394099901126e-06,1.1222048136060973e-07,1.677539845271877e-05,4.8283972215469065e-06,0.00016953014812211279,1
0.3569752025372761,0.6427404295201118,6.397744828683793e-06,1.20733128862632e-07,1.6759473425610485e-05,4.658786519614577e-06,0.00025643120470941896,1
0.6099207484630794,0.3895309861905374,7.18641707257522e-06,1.46559146793114e-07,9.197328490317645e-06,5.086930091897125e-06,0.0005266481115816139,1
0.56748555501184,0.4322251587960873,8.273422417693906e-06,1.687274365446384e-07,1.0666896960603467e-05,5.769827338870521e-06,0.00026440731791909505,1
0.4167552441196942,0.5829329768542043,9.168837739759696e-06,1.869884565080146e-07,1.3744396209761127e-05,6.3942837662190975e-06,0.0002822845199292567,1
0.44723530281543067,0.552706380983825,9.437075330693096e-06,1.7653793284011712e-07,1.4293977459359631e-05,6.004922121839504e-06,2.8403687899668704e-05,1
0.4565546528696108,0.5433804971252398,1.3279077867088658e-05,2.4840968992313925e-07,1.919151237041868e-05,8.449633562038492e-06,2.3681371659951312e-05,1
0.7348697523884269,0.2651007219669293,7.2564344737306545e-06,1.9003828553928756e-07,1.3462400968864364e-05,4.537814167364871e-06,4.078956748405051e-06,0
0.5364573083670601,0.4635118920023207,6.974638160188657e-06,1.605981284238244e-07,1.3271026217496924e-05,5.589143312172089e-06,4.804224801134248e-06,0
0.4969319412071517,0.503034827304523,8.238457435724839e-06,1.6847157418347016e-07,1.3921648401726551e-05,5.8631553267775195e-06,5.039755586954191e-06,0
0.495871007581327,0.504094216648094,8.655843261965066e-06,1.7700686707502985e-07,1.4626962323187547e-05,6.020872878232839e-06,5.295085248619743e-06,1
0.28969765344480924,0.7102546423436877,1.4169975442346243e-05,2.9877636042728165e-07,1.6289314271922237e-05,9.016522176412254e-06,7.929623251601724e-06,1
0.24888369915375083,0.7510701337259671,1.2531872388117147e-05,2.6423667681676825e-07,1.4439725783631932e-05,8.016664114882856e-06,1.0914621318812859e-05,1
0.20117576658607006,0.7988010387422158,6.752090142074583e-06,1.4236897771164655e-07,8.137580440560562e-06,4.384112480008476e-06,3.778519673894374e-06,0
0.20919076612897416,0.7907859192193327,6.833021939423217e-06,1.4407543852754898e-07,8.077083347531958e-06,4.436661260507524e-06,3.823809707364142e-06,0
0.1534141845358168,0.8465557785950188,8.31760032558381e-06,1.9896817329685125e-07,1.2080803991218066e-05,5.400593686373767e-06,4.038902988272127e-06,1
0.14879792897497912,0.8511685510327919,8.114469165301898e-06,2.697743256398368e-07,1.4776893860487983e-05,5.163332249688329e-06,5.195522627760235e-06,1
0.3535547915694712,0.6464055417440839,9.150638685665021e-06,2.8982189546434635e-07,1.69233671048774e-05,6.255398084460622e-06,7.0474606742872705e-06,1
0.3583433486022382,0.641614060777949,1.0866436258826062e-05,2.4620782729266866e-07,1.7083859283123817e-05,6.795330211080539e-06,7.598786232502232e-06,1
0.3207885948175158,0.6791611252349029,9.209959600174103e-06,2.0448149707915072e-07,2.539969285428911e-05,5.643684483910417e-06,9.822129145703765e-06,1
0.5004317647454449,0.49794678776279283,1.2283518936169007e-05,2.093257427063092e-07,0.001598390032054681,7.604524260085064e-06,2.960090768458119e-06,1
0.4695073300601977,0.5287719127473348,1.2527008665575506e-05,2.134750967077343e-07,0.0016942340897036095,7.755264741210641e-06,6.027354260420132e-06,1
0.19746897284882187,0.8010358236760123,8.956337339223658e-06,1.8292846744599292e-07,0.001473139831364579,6.310180199556421e-06,6.614197794988027e-06,1
0.10443077833364964,0.89497994848932,1.317391277846107e-05,1.46795884484663e-07,0.0005659123741295308,5.05024469520181e-06,4.989849542613208e-06,1
0.06567105494766623,0.9324638594703692,1.1489012564137101e-05,1.228646480131404e-07,0.001845132849793567,4.164470110969265e-06,4.176384847871908e-06,1
0.058117999397463725,0.9404438562960765,1.2184458608024312e-05,1.1247844611422148e-07,0.0014182115976826182,3.8124320912948494e-06,3.823339631538043e-06,1
0.16922596483328958,0.8294342150872985,1.889346770873313e-05,1.6995677286797783e-07,0.0012911305783356133,2.328749256153831e-05,6.338584033082563e-06,1
0.06680931667782289,0.9330781848286096,1.663756771954502e-05,1.1333670901050171e-07,7.343616383708175e-05,1.862582314926515e-05,3.685602152744014e-06,1
0.36277888712296347,0.6277001473244241,2.709744372979372e-05,2.681476093023001e-07,0.009435145776388702,4.965089114948092e-05,8.803293735245115e-06,1
0.06497947472083662,0.9347997492467202,2.5381287891733493e-05,1.1112867924087907e-07,0.00017236679024870268,1.913940940752399e-05,3.7774162161053078e-06,1
0.064644325123188,0.9351275516910879,2.5720413092932102e-05,1.1215323511324991e-07,0.00017395593364856463,2.0710957306483318e-05,7.623728440978148e-06,1
0.05467910543927335,0.9024168748071426,2.7262928926969574e-05,1.544228548952999e-07,0.04283071425795762,4.1666542682152875e-05,4.221601162330914e-06,1
0.06578305216646042,0.9007771272036128,2.702033697215216e-05,1.4417885785548286e-07,0.033375863028155005,3.285153445062859e-05,3.94155149067106e-06,1
0.04546919172679749,0.9105940411616475,2.4911483942347238e-05,1.4936305184712555e-07,0.04386840799948545,3.921498845348855e-05,4.083276621939396e-06,1
0.05209948656395711,0.9476423379709278,2.0842314882112763e-05,1.2403067345535198e-07,0.00020002718856193844,3.308066657140049e-05,4.101264426038815e-06,1
0.05687514144441453,0.9428694738668227,1.9319326763899504e-05,1.198299058443118e-07,0.00020164738424245453,3.141355624575057e-05,2.8845916045583416e-06,1
0.05397051407960311,0.9457533756577676,2.0887173825679374e-05,1.2955462182884755e-07,0.00021801194304741752,3.3962902424417065e-05,3.118688709851508e-06,1
0.060632222693007456,0.939073070954329,2.1417746922019072e-05,1.4487501579209336e-07,0.0002362178468053269,3.372492068991828e-05,3.2009632305354258e-06,1
0.06690972393271202,0.9327188866164914,3.539324449128701e-05,1.734484119849231e-07,0.0002931518749721345,3.9688736618948256e-05,2.982146302022852e-06,1
0.07498038495983063,0.9246479474483641,3.093957354274932e-05,1.7194754006946655e-07,0.000290615193251766,4.698453607248215e-05,2.9563413979521376e-06,1
0.05444822541250736,0.9055511534107199,7.646138745093403e-05,2.848138087899835e-07,0.03985354615193365,6.555686706263285e-05,4.771956516842951e-06,1
0.08217784400824313,0.9003565827381315,3.2640684113141725e-05,3.101784983532939e-07,0.01737519164108625,5.465360835133639e-05,2.7771415760261167e-06,1
0.01743652119490238,0.9769062090243422,3.991924419517533e-05,2.3712219601964994e-07,0.005528338032174144,8.618675253205008e-05,2.588629657662684e-06,1
0.004251445507682422,0.9749048942322028,4.190384279080909e-05,1.7061028231595865e-07,0.020758846469878137,3.882954705215541e-05,3.90979011136339e-06,1
0.9095717513247414,0.09015843169882218,1.0498135470181993e-05,1.3629531565213326e-07,7.71634392102374e-06,5.999958691967153e-06,0.00024546624303775427,0
0.9318877747944845,0.06809267691124544,6.920647122468465e-06,1.0141888623959392e-07,4.648860707238607e-06,4.4646371381976046e-06,3.412730415959365e-06,0
0.7995591024041105,0.200409467963425,1.1926998517887905e-05,1.548459754968162e-07,8.665733768969897e-06,5.220654642695243e-06,5.46139955938875e-06,0
0.6624870170307654,0.3374741640919632,1.4566403849824639e-05,1.8911287783123656e-07,1.1186247899958061e-05,6.409939230390645e-06,6.4671734132622004e-06,0
0.47276080736058124,0.5272030745408604,1.1367810578017877e-05,2.2477003896739707e-07,8.85427523768382e-06,7.911746895382093e-06,7.75949580846782e-06,1
0.36401471250289624,0.6359462346492435,1.2209234416777464e-05,2.414070921385514e-07,9.509651944464319e-06,8.497359436892929e-06,8.595194970135356e-06,1
0.1749028237573149,0.8250620578014459,9.828470167503026e-06,2.2462113807152667e-07,1.1460505055153615e-05,6.685687258815434e-06,6.9191576198882295e-06,1
0.22789792063012373,0.77205178691413,1.120472574284956e-05,2.5785834105641464e-07,1.336503661606813e-05,8.144744673038565e-06,1.732009037321427e-05,1
0.2099252928606261,0.7900412628360483,9.023697834069259e-06,1.476159688315905e-07,1.0945234241994424e-05,5.99947057526657e-06,7.328284705516509e-06,1
0.2887504022789997,0.7111875429302426,1.0269215477549167e-05,1.9077414151228144e-07,2.150477824978024e-05,6.4319779987615474e-06,2.36580448903392e-05,1
0.33576299957048633,0.664072915957434,1.0550983032238953e-05,1.9600861764821187e-07,0.00012242184508884688,6.6084591249480305e-06,2.4307176216102653e-05,1
0.18084935894709572,0.7564981384288043,6.526294125078358e-06,1.4725397019742782e-07,0.06263489532730242,5.177451362590688e-06,5.7562973396789e-06,0
0.13124338341791933,0.8687274123881074,9.229022119292806e-06,1.3194503075591725e-07,1.062689411937231e-05,4.733861553517622e-06,4.482471150633594e-06,1
0.13457453334077343,0.8547603334647591,8.940174450876829e-06,1.701172733367238e-07,0.010636974947799865,5.445537103486099e-06,1.360241783992887e-05,1
0.2205452052540233,0.7774497981889776,1.0830530472802091e-05,2.453942868315983e-07,0.0019795740780374376,6.772876513593187e-06,7.57367768854105e-06,1
0.284834360823796,0.7123283899105908,1.0149503851887508e-05,2.513851667143499e-07,0.002812151575921438,6.938224656687859e-06,7.7585760164058e-06,1
0.27087462280264324,0.7270048494462753,9.666576480475998e-06,2.3942391426843567e-07,0.0020964713271309984,6.761011271562045e-06,7.389412284249333e-06,1
0.2952040863666063,0.7047275354683018,6.68238662293237e-06,1.0702140656447444e-07,7.676761327432794e-06,5.500293598302208e-06,4.841170213659247e-05,1
0.41003674555068986,0.5897530741636531,6.5720833304967e-06,1.465155258233875e-07,8.913680589173822e-06,5.202884672772766e-06,0.0001893451215388559,1
0.5043930233332492,0.49526870086884045,9.154303545401172e-06,1.8669204744867407e-07,1.1852668169532362e-05,6.38414772000696e-06,0.00031069798642800034,1
0.46331514168538407,0.5363632930816483,8.657758204037427e-06,1.765655461839363e-07,1.1157354894847508e-05,6.037860447225849e-06,0.0002955356938754231,1
0.39575509403406567,0.6041651377597511,1.3053821503908875e-05,2.44195853398437e-07,1.8874526220853604e-05,8.306300286532674e-06,3.9289362318545754e-05,1
0.748190442999027,0.251778207677553,7.995933753392058e-06,1.8116900791644203e-07,1.3677319318168735e-05,5.00026033430151e-06,4.494641006029827e-06,1
0.7094112809693072,0.29055967186151277,7.14504191527071e-06,1.6188980489762687e-07,1.3255741445876283e-05,4.4681547868869705e-06,4.016341227008535e-06,0
0.5391530822320226,0.46081064363041907,8.99322118378743e-06,1.8206268080503609e-07,1.5197075944913493e-05,6.400306501549888e-06,5.501471247416818e-06,0
0.2608813529604084,0.73907568797834,1.2760484321697503e-05,2.6905699861219356e-07,1.4669011969977699e-05,8.119646384460901e-06,7.140861576699923e-06,1
0.1848276001030725,0.8151474770570054,7.159832782556611e-06,1.5096630115866998e-07,8.956486771924884e-06,4.648858589902623e-06,4.006695476724164e-06,0
0.22019765195438928,0.7797690670288641,9.521148258849619e-06,2.0075504262106319e-07,1.2048954474625097e-05,6.182053857001439e-06,5.328105113696667e-06,0
0.15372091299387233,0.8462507819513715,8.505420314927549e-06,2.034610797513021e-07,1.0053968712305975e-05,5.412099068292631e-06,4.1301055811503105e-06,1
0.17833011846022123,0.8216397211280431,8.448114155480182e-06,2.8086671509808265e-07,1.064664793706325e-05,5.375634484454463e-06,5.4091484436697355e-06,1
0.3915392337062973,0.6084139882045942,1.0307446236847729e-05,2.950892724568122e-07,2.1250047387004468e-05,7.046194441778712e-06,7.8793117703706e-06,1
0.303791248854714,0.6952605312530026,9.716197467769338e-06,1.642915121840054e-07,0.0009256164819024121,6.015137823565154e-06,6.707783577382135e-06,1
0.1824980949990977,0.8159139516328312,5.485197540189366e-06,0.0,0.001574075495522622,4.253106271609664e-06,4.139568736543471e-06,1
0.2625093536332454,0.7361351606455139,8.862883136964409e-06,1.9677563105160445e-07,0.0013335717976234555,6.6605480921238984e-06,6.193716757249246e-06,1
0.44544903298508937,0.5527479409076227,1.106778603300724e-05,2.457293577420527e-07,0.0017763343419234655,8.31755536059461e-06,7.060694613091871e-06,1
0.2436012438228805,0.7544147019660145,1.1345931198649811e-05,2.3173466198366676e-07,0.0019561038810672906,7.99376661279882e-06,8.378897564246987e-06,1
0.14430539935840503,0.8556350741070509,9.146601987647312e-06,1.4541032921822484e-07,3.9511791452507896e-05,5.015979158709791e-06,5.706751616116893e-06,1
0.04242330265860451,0.9574955942185958,1.0099754249873437e-05,8.810243356287065e-08,6.493436461692262e-05,2.9861789531681637e-06,2.994722545899804e-06,1
0.04755545289679338,0.9523691713833574,7.941959650262758e-06,1.0311012573041409e-07,6.018316614039934e-05,3.4763338368876477e-06,3.671150095478957e-06,1
0.3859259377673303,0.6073207708612869,2.451192624061908e-05,2.5813785680000754e-07,0.0066671546197908495,5.2892014222341005e-05,8.474673272343862e-06,0
0.15451996586855463,0.8404082425915138,3.230309238311809e-05,1.6623089270426838e-07,0.00499799628532637,3.5420453470472384e-05,5.905477858773898e-06,1
0.06509324866553026,0.9346997963878416,2.285979066926029e-05,1.2974832714667733e-07,0.00016120242672549803,1.8947341302982123e-05,3.815639603057634e-06,1
0.04120209639987761,0.9585646464972801,3.456224890089433e-05,1.0582480070837901e-07,0.00016198721680084043,2.7041535555126594e-05,9.560276784588142e-06,1
0.04071126008728858,0.959062291055213,2.108576202537579e-05,1.0587974028533847e-07,0.00016828922568256396,2.5806573435455143e-05,1.1161416614637915e-05,1
0.05083890663332143,0.94890411200817,2.6808969676145638e-05,1.2160226938432603e-07,0.00018855135755335066,3.039674474694454e-05,1.1102684262695633e-05,1
0.05427438205627971,0.9454776846916623,2.588489489072537e-05,1.1871252041598084e-07,0.00017722189768008324,3.3660059378389236e-05,1.1047687588566268e-05,1
0.05168299095588826,0.9481102196404116,2.219740432765875e-05,1.1331970596856087e-07,0.00014272962550948876,3.63212738620188e-05,5.427780294994344e-06,1
0.056601235187439744,0.9431987409045275,2.4103077280364917e-05,1.1288477790227372e-07,0.00014212844505756845,2.827255277956376e-05,5.406948137270705e-06,1
0.06941405241879707,0.8735848449527679,2.303504271800463e-05,1.5066021109070314e-07,0.056930224936046804,4.3068124470927545e-05,4.623864988379815e-06,1
0.05396202458646217,0.9104618612132163,2.874408290404427e-05,1.5337666023483062e-07,0.035505055871954995,3.796786843611127e-05,4.193000366175086e-06,1
0.06219352597007643,0.9034124160668131,2.7790268275252975e-05,1.482871639814452e-07,0.03432689194166803,3.4324068387271966e-05,4.903397616058047e-06,1
0.05140249010613029,0.9483811052498335,2.094751167947669e-05,1.2465668979260572e-07,0.0001579628774125779,3.3247633638046324e-05,4.121964616262503e-06,1
0.05264458235966704,0.9471069064971849,1.98174597324454e-05,1.20368443963523e-07,0.00019412102479848185,3.155473467177973e-05,2.8975555013958272e-06,1
0.05229708539595003,0.9474565805145855,1.982477638351381e-05,1.204128842659643e-07,0.00019419269472099805,2.929758019045647e-05,2.898625285457018e-06,1
0.043749757633543364,0.955984886134949,1.9924078381005534e-05,1.3683076896353703e-07,0.00021198485661125263,2.9653685304171923e-05,3.6567804419488446e-06,1
0.07652043947298885,0.9231127817837234,3.0060028349292393e-05,1.6992425520005045e-07,0.00028719556117624357,4.6431675002800185e-05,2.9215545041304027e-06,1
0.06189392161345413,0.937835617052792,3.0888294581036315e-05,1.461776210940526e-07,0.00019857901562629865,3.8334573839422766e-05,2.5132720858927147e-06,1
0.04907418369716577,0.9144446158008633,7.851378863005617e-05,2.924588727428962e-07,0.03633429565731953,6.319855023843518e-05,4.900046910025693e-06,1
0.08130836475151665,0.8694740698725827,7.179573999953389e-05,2.9429905816367065e-07,0.0490695091276067,6.564666794764767e-05,1.0319541288395e-05,1
0.07124882009410749,0.8868064839025013,5.860478350990475e-05,2.511423506995669e-07,0.04181678293534734,5.581264599291582e-05,1.324449619030417e-05,1
0.22346424711856877,0.7659761673932023,5.348529396700022e-05,4.2837511538941783e-07,0.010441687487965414,5.6710925835593924e-05,7.273405345312566e-06,1
0.112699564905642,0.8681929899382802,3.4761043229979975e-05,2.93765078377937e-07,0.01901628754885311,5.176901287630324e-05,4.333786039839832e-06,1
0.020917505713246746,0.9639183568962275,3.5250945877812134e-05,2.2443814211384573e-07,0.015059756363771003,6.538091425231474e-05,3.524728482655973e-06,1
0.004997423223566519,0.9909379120764829,2.832842624948409e-05,2.0629681483131567e-07,0.00398291758172166,5.043944625650961e-05,2.772948908112899e-06,1
0.0034323632188971573,0.9822353113360603,3.793545323350159e-05,1.568462626639545e-07,0.014250441211045696,4.148246003681467e-05,2.3094744638140168e-06,1
0.0032121066261638896,0.9847213605360026,3.704009500853603e-05,1.523941532108218e-07,0.011987002391232607,4.009403782439542e-05,2.243919614642096e-06,1
0.003432956062136462,0.9830688621920761,4.0814182647879425e-05,1.6287206278828893e-07,0.01341424505391554,4.0561436123239776e-05,2.3982010376885493e-06,1
0.006485208369853803,0.9718117989882489,4.9488946841476796e-05,3.332399679446706e-07,0.021604038183156888,3.685632390750422e-05,1.2275948023416143e-05,1
0.900286466369644,0.09930695004723256,7.854806776578644e-06,1.0533592819740623e-07,5.627926651857508e-06,4.6370721909294265e-06,0.0003883584415757177,0
0.8888614651236131,0.11079939638315318,1.2417941789668372e-05,1.6121979953296665e-07,9.022435723995356e-06,7.097178159768129e-06,0.0003104397177607901,0
0.8669324397897427,0.13299140090621478,1.4676959076428023e-05,1.9054819551690557e-07,1.0180678960774133e-05,8.388265557477504e-06,4.2722852252481175e-05,0
0.8571526487766994,0.14277170987770496,1.3644783881417481e-05,1.9946811563559565e-07,1.0657255728335687e-05,8.780936075842084e-06,4.23589017944057e-05,0
0.8551568068241111,0.14478544154631723,1.3865118921021802e-05,2.0318691210020712e-07,1.1371065214644123e-05,8.944644014480641e-06,2.3367614509319063e-05,0
0.9368209236040935,0.06315114237932085,6.117937515103441e-06,1.067384287595839e-07,4.367107533867103e-06,4.423127238018614e-06,1.2919105869805208e-05,0
0.48796479821938443,0.5119890525490425,1.8393421523176896e-05,1.8328833705941436e-07,1.1250989234263324e-05,8.094016575267659e-06,8.227515903299789e-06,0
0.4944300019509996,0.5055250581241035,1.8161199811424616e-05,1.795708329219763e-07,1.0483685349720939e-05,7.991827519159117e-06,8.123641383590342e-06,0
0.4748903569740924,0.5250685424338307,1.3123263686747684e-05,3.2923602577154795e-07,9.696261549515251e-06,8.926927113709147e-06,9.024903701286782e-06,0
0.38671328562911106,0.6132491479437923,1.1812200713768407e-05,2.699575744991081e-07,9.200406319640408e-06,8.22103268552902e-06,8.062829803348839e-06,1
0.412740511840863,0.5872248465411521,9.43360013027501e-06,2.40183601402478e-07,8.521410798036601e-06,7.586468213747108e-06,8.859955241466647e-06,1
0.2920364788991977,0.7079200341407136,9.646835027516114e-06,2.0036212360862396e-07,1.1589540063696618e-05,7.052605483787941e-06,1.499761739004428e-05,1
0.2283069833064548,0.7716587182816,7.090262902066084e-06,1.794897829782168e-07,9.303121674815853e-06,5.6693859418603915e-06,1.2056151643243484e-05,1
0.22834567866730332,0.7716234016941445,8.31139236736535e-06,1.6339805487998563e-07,9.956945450391107e-06,5.6214120904060995e-06,6.866490589246403e-06,1
0.2099253597536366,0.7900415145838856,9.023700709484153e-06,1.4761601586964112e-07,1.062658622487406e-05,5.999472487006897e-06,7.328287040685459e-06,1
0.24870787794058244,0.7512523346168758,1.0690778175921902e-05,1.7488723658765002e-07,1.296730824949396e-05,7.272322420743106e-06,8.682146458947669e-06,1
0.31514556991110887,0.684805402102928,1.4914919772986927e-05,2.531120687212441e-07,1.6548371909185335e-05,8.707859125877413e-06,8.6037230864639e-06,1
0.12942075329037617,0.8095372839996164,6.358529762294465e-06,1.4346867213943181e-07,0.06102480802488651,5.0443602373605345e-06,5.608326448898025e-06,0
0.13637001406278654,0.8635913553312274,1.1683224814875806e-05,1.67032155476642e-07,1.5113188014260086e-05,5.992700857941125e-06,5.6744601434610345e-06,1
0.1774663238414288,0.8224853780382623,1.5120799938418666e-05,1.8792805944795522e-07,2.014694427365222e-05,6.458106770255255e-06,6.384341267298818e-06,1
0.2624090782994849,0.7351984286325194,9.102294189645477e-06,2.6070714477399846e-07,0.002369949658502709,6.2223496735044985e-06,6.95805848489036e-06,1
0.15507957154909124,0.8442430551785374,9.311337698618866e-06,1.9041133999646534e-07,0.0006478636518754789,6.626704046602656e-06,1.3381167410753142e-05,1
0.11395334061382821,0.8860040012482605,6.670950218857776e-06,1.3641698017362566e-07,8.265284749096345e-06,4.8444747429607175e-06,2.2741011220404767e-05,1
0.3458857391221942,0.6540480008147432,6.984861496273081e-06,1.1186567676641749e-07,7.285604119588666e-06,5.749261624751585e-06,4.612847014510571e-05,1
0.41106710876152497,0.5886417816045144,5.3314688884705585e-06,1.0894766582419548e-07,6.628134461017392e-06,3.781470975028159e-06,0.0002752596119702444,1
0.5863683871743992,0.4132461636252001,7.784473098383335e-06,1.587558478740198e-07,9.634970248244243e-06,5.510266110889622e-06,0.000362360735095202,1
0.5428587865506387,0.4570898171703966,1.2817289124461586e-05,2.699820326016547e-07,2.123314639854748e-05,9.183414884194557e-06,7.89244652476462e-06,1
0.8018481642568209,0.1981187009798541,7.03474664093583e-06,1.742381679865061e-07,1.6794116131853085e-05,4.8089693161322465e-06,4.322693067949343e-06,0
0.42905146179115344,0.5709169180014158,8.403271947653411e-06,1.7718442903559775e-07,1.299011694743466e-05,5.3471008597524e-06,4.702533246918014e-06,1
0.1784701620054495,0.8215073134194625,6.601467513917091e-06,1.3919307378563129e-07,7.803370719227307e-06,4.286313645872348e-06,3.694230135121733e-06,0
0.25390344137485715,0.7460563964930997,1.152654174800725e-05,2.4303910799244794e-07,1.4607738818283942e-05,7.334474199416156e-06,6.4503381694232655e-06,1
0.1290827849867763,0.8708938195770599,6.684542774142956e-06,1.2529763189543874e-07,8.48840740293153e-06,4.348962914147527e-06,3.748225440628219e-06,1
0.17276637564221103,0.827205346157294,8.325217512164487e-06,1.557385777415339e-07,9.840957094565e-06,5.297433903629807e-06,4.658853406465085e-06,1
0.22958650585848445,0.7703836104618248,7.868237249748149e-06,2.8595524345887634e-07,1.0749313819702073e-05,5.4730261192085305e-06,5.507147258708194e-06,1
0.33568988568525615,0.6642707658158663,8.837187058372415e-06,2.7989415731633694e-07,1.6343663639303568e-05,7.081701417522699e-06,6.806052605132865e-06,1
0.3393101103016717,0.6606510273456139,8.932491097882806e-06,2.829126567156828e-07,1.6519920762179456e-05,6.247576183552777e-06,6.879452014029031e-06,1
0.39512191647956496,0.6048340520541473,1.0448621236138733e-05,2.992685308279178e-07,1.8153644471187924e-05,7.142702002668653e-06,7.98723004692868e-06,1
0.3308360688270083,0.6691236801083712,1.0032303007861169e-05,2.273083343493563e-07,1.6702263128459444e-05,6.273704652770688e-06,7.0154854968672075e-06,1
0.3422882327874893,0.6576591053401692,1.019325001982137e-05,1.7370507930813452e-07,2.509640894624343e-05,6.246225768069377e-06,1.0952282528104557e-05,1
0.20057895483213406,0.7980399766730064,7.987103129158001e-06,1.600484954385856e-07,0.0013622847225087068,5.627307023899646e-06,5.009313702622785e-06,1
0.1912052285462911,0.8076266924967298,7.747945268805757e-06,0.0,0.0011495582544421364,5.4588085475912696e-06,5.313948720704809e-06,1
0.49117165820146286,0.5067119796219589,1.1999363437418029e-05,2.664124389463857e-07,0.0020874237608517364,9.017645388605428e-06,7.654994461443218e-06,1
0.280695621762386,0.7177108156452556,7.812478979326163e-06,1.7627439473943624e-07,0.0015724852958903107,6.197809838403155e-06,6.890733255828028e-06,1
0.14271321144685004,0.8572477715299848,9.163841464967097e-06,1.4568439800092746e-07,1.896455636908916e-05,5.025433255330576e-06,5.7175076777875065e-06,1
0.12854004546994147,0.871422083890542,1.114115686405627e-05,1.3986352947903257e-07,1.7023662820412423e-05,4.811749663714067e-06,4.754206639029686e-06,1
0.09637926002478428,0.9030195336774193,1.139404636430135e-05,1.4303824629740683e-07,0.0005799588425850221,4.848249769675838e-06,4.862120831036523e-06,1
0.03896728636748387,0.960977213982725,7.107493289988474e-06,9.174905570902217e-08,4.192397976403714e-05,3.109779015761489e-06,3.266648665592003e-06,1
0.04523369737175577,0.9546929561370913,7.743064929056501e-06,1.0052788398986172e-07,5.851635469375445e-05,3.4073321160060203e-06,3.579211530326155e-06,1
0.2229861457010769,0.774170380101158,2.0550251560846035e-05,1.723671335386137e-07,0.0027834100409049236,3.218446412841151e-05,7.157074037331982e-06,0
0.23513268402911505,0.7621138633941876,3.166392807761262e-05,1.9367828341628217e-07,0.0026720248869142463,4.064836236630244e-05,8.921721055740254e-06,0
0.05388749732281428,0.9458689245626258,3.2188730731641006e-05,1.1997749131161127e-07,0.00018280444376646374,2.3756397176154373e-05,4.7085653942617905e-06,1
0.0685038374284907,0.9312734226027481,2.9017479730545446e-05,1.1813473563017855e-07,0.00016964869721319435,1.994009540053799e-05,4.015561681314372e-06,1
0.055489315358751484,0.9442998712826491,2.4845080780331643e-05,1.1340610708487014e-07,0.00016285809775032337,1.9141944849777626e-05,3.854829111927226e-06,1
0.051749551403974324,0.9480121025384851,2.7631049678220576e-05,1.1385192912522613e-07,0.00018712274491907886,1.9608427799639798e-05,3.8699832145067016e-06,1
0.04975520522466119,0.9499784403997956,3.0510122069211477e-05,1.1393435599881934e-07,0.0002047890744875582,2.3196442714118047e-05,7.744801916374773e-06,1
0.052213355454486444,0.9475313281417329,2.9944938891675926e-05,1.1882386519231755e-07,0.00019512635557207921,2.419192137297236e-05,5.934364078673066e-06,1
0.06181944876001463,0.9379213291138288,4.114466282599417e-05,1.2003287384234368e-07,0.00018258228976572374,2.7296131171847236e-05,8.079009519045566e-06,1
0.046376621815736256,0.9533933327438266,2.9419402750169106e-05,1.0525389164203754e-07,0.00016411643279141313,2.689565049120136e-05,9.50870051270745e-06,1
0.04606077969174806,0.953711060194372,2.321246781223132e-05,1.0329857292076575e-07,0.0001641711261629656,2.9574081503205218e-05,1.1099139828660606e-05,1
0.056633843792776195,0.943107231753081,3.0440825703259554e-05,1.2574305338649565e-07,0.0001800220635065078,3.663385510019911e-05,1.1701966779734937e-05,1
0.10679485648926719,0.859554444773327,2.2564625873029556e-05,1.401475541050693e-07,0.033594524782827824,2.9637837158943565e-05,3.831343991852353e-06,1
0.05236527412664407,0.9473958672052856,2.1924298066979683e-05,1.245271885692987e-07,0.00018186622670416844,3.0825933651119095e-05,4.117682459716213e-06,1
0.07744583093321236,0.9222710172263273,3.002102449576784e-05,1.47416468097806e-07,0.00021306257946759088,3.738624810532152e-05,2.534571923514384e-06,1
0.02342972979645212,0.9526525927675473,5.300032692872226e-05,2.5435681468766327e-07,0.02378851173689326,7.216795164118715e-05,3.7430637224931994e-06,1
0.046659815279638424,0.9227220778354116,6.80672864336132e-05,2.815691600134608e-07,0.03048359305819918,6.144737760455481e-05,4.717593552702364e-06,1
0.13757105181400228,0.8439803622259796,3.1361408921670844e-05,2.520768364999028e-07,0.018368649855291113,4.44154980492756e-05,3.907120919558513e-06,1
0.0831038396995845,0.8984325332227274,2.9668895139913132e-05,2.253238710173903e-07,0.018376490005857147,5.3348724205700215e-05,3.894128614423985e-06,1
0.0370226434229488,0.951900076888415,3.6663635823250134e-05,1.3579995143586666e-07,0.010978032052363307,5.997830414848463e-05,2.4698963495949937e-06,1
0.0333751200843484,0.9593635262858539,3.8128291229386396e-05,2.3713222822429286e-07,0.007152667007926507,6.77324592355716e-05,2.5887391778295273e-06,1
0.004828518012151641,0.9810602337915729,4.787225502286783e-05,1.9103783097091177e-07,0.01401247926656104,4.569960328447185e-05,5.006033575960128e-06,1
0.5050150466084303,0.494939656146299,1.7690900282949913e-05,1.8655766516723927e-07,1.0807126419091673e-05,8.238390168913967e-06,8.374270734686116e-06,0
0.31425656368260463,0.6857006092598724,9.500446979820167e-06,1.9732168391792544e-07,1.1413672005542901e-05,6.945584150366499e-06,1.477003270309181e-05,1
0.3021666291289379,0.6977938822691258,8.800442441945576e-06,1.7521728724441883e-07,1.0512290673028673e-05,6.3970648050141305e-06,1.3603586729111998e-05,1
0.23914102677437318,0.760828264094052,8.131970557406005e-06,1.847872497360334e-07,9.728014477413597e-06,5.627336157422631e-06,7.037023132606098e-06,1
0.2896550772781042,0.7103059076999321,1.0614959601802464e-05,5.824052738970409e-08,1.250050141440884e-05,7.220747399037072e-06,8.620573021169667e-06,1
0.34127115027617333,0.658687552828941,1.2746656808461168e-05,1.8310794112323228e-07,1.340001370323987e-05,7.614163341069255e-06,7.352953091763557e-06,1
0.39742920634102513,0.6025296436407783,1.283695807093206e-05,1.8440513445795024e-07,1.3339693338568604e-05,7.383917965035908e-06,7.405043687521555e-06,1
0.35915586400135036,0.6407929248911005,1.528048537405136e-05,2.5931586109472554e-07,1.8067251600911934e-05,8.78945384447563e-06,8.814600868534948e-06,1
0.16930447207092245,0.8253859561957125,1.096036967962712e-05,2.04783961080041e-07,0.0052845412926589815,6.904321108326256e-06,6.960965957029429e-06,1
0.2054894174089835,0.7252442976774395,7.2964314791743385e-06,1.5350386381285753e-07,0.06924572367505213,5.175405151570959e-06,7.935898030229189e-06,4
0.09297892953654735,0.3382662978823478,3.272466669633006e-06,8.095434973081864e-08,0.568746040475353,2.4923160179241284e-06,2.886368714552867e-06,4
0.14163006501780534,0.6760081570578611,5.570851387074526e-06,1.3940228933963216e-07,0.18234683813163344,4.317479974140409e-06,4.9120590497660066e-06,4
0.14634278375076176,0.85361513795558,1.1693908369206148e-05,1.6718489559216871e-07,1.8539370527092647e-05,5.998180795733624e-06,5.679649070679214e-06,1
0.11811549592153621,0.8812644781964826,1.0166509000172029e-05,1.852957854361011e-07,0.000591369973980959,6.367649248014784e-06,1.1936453966722116e-05,1
0.4170207417459844,0.5814148681303691,9.943540733017549e-06,2.4623829943796875e-07,0.0015403966841039426,6.86607530436749e-06,6.9375852057354515e-06,1
0.19528993570980874,0.8032000004724882,9.959906399457581e-06,2.0367418572321675e-07,0.00148476926031849,7.08827820205244e-06,8.042698597458446e-06,1
0.1632725841788885,0.8366746627668451,8.386430791837015e-06,1.7149754165807617e-07,2.6030511804428024e-05,5.968465183371312e-06,1.2196148944949004e-05,1
0.10467218688176042,0.8952980944495682,5.965219511000087e-06,1.219852052655191e-07,8.73014966126815e-06,4.331969855743353e-06,1.05693444382298e-05,1
0.1696447034600892,0.8303107723462235,6.8337980579475696e-06,1.0944632832665786e-07,8.429426500734894e-06,5.1194971192779125e-06,2.403202568069884e-05,1
0.13675917820361344,0.8631549243946509,4.220003727007528e-06,2.1181557414668134e-08,1.0132968998242579e-05,2.8168706684436504e-06,6.870637678441826e-05,1
0.41825059822117566,0.5814720009819883,5.898139540703033e-06,1.2052748484654997e-07,7.332624978861667e-06,4.183395598174952e-06,0.00025986610923348373,1
0.5448314442177585,0.4548110619394225,7.473149839886124e-06,1.5240674919502355e-07,9.249640336341789e-06,5.289894869426256e-06,0.0003353287510241449,1
0.5378681015209523,0.4617305296866154,7.902909820038383e-06,1.6117123577865154e-07,9.669031068933813e-06,5.594101952490283e-06,0.00037804157835511556,1
0.3646961252643963,0.6352316757130371,1.143283281026533e-05,2.1387226445745354e-07,1.652323711806356e-05,7.274846099232367e-06,3.675423427456115e-05,1
0.7633872449525869,0.23658568408500436,6.0861359353088e-06,1.3519396592956209e-07,1.2343007940675034e-05,4.7668313712587205e-06,3.7397931952609642e-06,0
0.6305815593330052,0.3693818690737416,8.248632869670918e-06,1.8323044424264477e-07,1.597730860967583e-05,6.610062081964269e-06,5.552359247479585e-06,0
0.2812634961686827,0.7187021731361718,1.0180139006538541e-05,1.837177784733728e-07,1.1757701627575954e-05,6.512255513838532e-06,5.696881218971219e-06,1
0.2162232347642136,0.783751605019807,6.715920929819818e-06,1.5479710196655523e-07,9.303999072548321e-06,4.8771326801782295e-06,4.108366194966462e-06,0
0.21358635425362046,0.7863891233988395,7.011788299901403e-06,1.4784475787237202e-07,8.886132057064446e-06,4.552733738138473e-06,3.923848687277667e-06,1
0.2034144172842256,0.7965615944768518,6.8590681514540235e-06,1.446246273716048e-07,8.692587792914747e-06,4.45357299018211e-06,3.8383853606089885e-06,1
0.24124355433704725,0.7587190211526214,1.0700963406617438e-05,2.256316471897355e-07,1.3561472466354112e-05,6.9481043990699895e-06,5.988338412363737e-06,1
0.18793792580141472,0.8120303436718852,9.063751924796429e-06,1.9814336109490474e-07,1.110821149447792e-05,6.101629696087469e-06,5.2587902237034034e-06,1
0.17033966045768423,0.8296294184957912,8.8404811032508e-06,1.6541228367210404e-07,1.0834578728835958e-05,5.9513259492157496e-06,5.129248459616699e-06,1
0.13493693048672462,0.8650392471193599,6.809608425920589e-06,1.32073940290992e-07,8.345613518256537e-06,4.584162202923235e-06,3.950935828187266e-06,1
0.13809095038811642,0.8618838344317951,7.23136329213985e-06,1.3554744527712251e-07,9.182790772126863e-06,4.6106343243555725e-06,4.054844254549452e-06,1
0.13720044473280804,0.8627707371614127,8.30304506408151e-06,1.610394914710042e-07,1.0058849220780166e-05,5.4777440138024896e-06,4.8174279892309965e-06,1
0.19348686680854332,0.8064844349344137,7.976011088215811e-06,1.89317284767584e-07,1.1584666588527609e-05,5.075229745373517e-06,3.873032335973097e-06,1
0.20723068121956637,0.792742985437328,7.217237665896033e-06,1.9289172261405633e-07,8.548868199168604e-06,5.171053501263932e-06,5.203292016855444e-06,1
0.283997027684141,0.7159706793420775,7.529456507517148e-06,2.199815866224599e-07,1.2847365237649523e-05,5.897280289179045e-06,5.798890160378689e-06,1
0.28827802479223213,0.711692201506717,7.642956221922711e-06,2.2329760913101742e-07,9.896442438175563e-06,6.124701622059188e-06,5.886303159765181e-06,1
0.3429609307696849,0.6570023006451309,9.069273849281321e-06,2.360065000384914e-07,1.413526316708131e-05,6.343244978583622e-06,6.984796689358849e-06,1
0.4085817550608061,0.5913746875922128,1.0804553796114134e-05,2.6760958929092854e-07,1.68398500088365e-05,7.386018336134562e-06,8.259315250657088e-06,1
0.2889329781160284,0.7110340360047406,9.012620346962053e-06,2.3650451928364228e-07,1.1774322064585929e-05,5.647354453896393e-06,6.315077846305924e-06,1
0.3305477534680373,0.6693233320093901,1.000425363757956e-05,1.572633240705613e-07,0.00010090771234257717,7.0960805924556855e-06,1.0749212675890904e-05,1
0.20557597617776233,0.7939108630885386,8.219511735225001e-06,1.809775732349053e-07,0.0004931233204104103,5.830151835085164e-06,5.806772145133967e-06,1
0.2081508253883432,0.7904033315025395,8.073586251163397e-06,1.6178147588643595e-07,0.0014268559489734084,5.68823863728186e-06,5.0635537795445035e-06,1
0.2298959623890969,0.7692244022278913,8.293357522340678e-06,2.108611616040494e-07,0.0008600476988770285,5.843078307929463e-06,5.240387142878436e-06,1
0.47935397169343424,0.5186270043528803,1.2281521187504807e-05,2.726769657906879e-07,0.0019894050686728084,9.229689848063589e-06,7.834997011197835e-06,1
0.3034304214983381,0.6949557678437744,8.039976667196269e-06,1.814074667566595e-07,0.0015921195951322691,6.37828871224416e-06,7.091389908803206e-06,1
0.14271321144685004,0.8572477715299848,9.163841464967097e-06,1.4568439800092746e-07,1.896455636908916e-05,5.025433255330576e-06,5.7175076777875065e-06,1
0.10715173801008733,0.892814123248784,8.585968221154292e-06,1.364975175897424e-07,1.5350785954654844e-05,4.708528665926153e-06,5.356960769493786e-06,1
0.11480864289764428,0.8851629110857501,9.02539925237351e-06,1.312567911006647e-07,1.0312061527872375e-05,4.5156505258470006e-06,4.461648508320119e-06,1
0.1332876262213451,0.8666764032895543,8.982089145164723e-06,1.4403844917799455e-07,1.6992861863085243e-05,4.955380162188833e-06,4.896119480956047e-06,1
0.07645768499513642,0.9221360925398593,1.235639913173724e-05,1.3214056661141737e-07,0.001384696180507495,4.54605521056004e-06,4.491689587765795e-06,1
0.06774837783471732,0.9308475824066675,1.2208920951071377e-05,1.3056342021559126e-07,0.00138277039826283,4.491796365041046e-06,4.438079616004841e-06,1
0.06321879276043726,0.9355345561768982,1.1343658093591196e-05,1.2131021278547726e-07,0.0012269507646177546,4.11178287220919e-06,4.1235468685443124e-06,1
0.04354323529630388,0.9563608992343638,8.707924772058037e-06,8.799802640939022e-08,8.109573279448518e-05,2.9826401355478656e-06,2.9911736035626106e-06,1
0.04917984308964771,0.9507265747344027,1.661118344644228e-05,1.0303089476237334e-07,5.9082488572567875e-05,1.4117143893023497e-05,3.6683291428923134e-06,1
0.22924283523056654,0.7680345245603262,2.311207782390665e-05,1.9385468799896973e-07,0.002651243470310002,3.978908814343231e-05,8.3017181420006e-06,0
0.0710995337172465,0.924517230901926,3.1626316483947575e-05,1.370695249203456e-07,0.004321753481918161,2.4339103218481568e-05,5.379409682001587e-06,1
0.06228740564211125,0.9374140656799302,4.370751423587392e-05,1.3382633163521717e-07,0.00020982051748762463,3.439542741593137e-05,1.0471392487216557e-05,1
0.05859297849411001,0.9411320688279127,2.9445144990794365e-05,1.3103481635810232e-07,0.000198864713571734,3.2432463770691105e-05,1.4079320827568512e-05,1
0.07711165396407499,0.8658456775436774,2.3948405636532378e-05,1.3209877253842702e-07,0.056972666109220735,3.9594548607153006e-05,6.327330010823518e-06,1
0.07629412993998434,0.8760180448474604,2.26011556916129e-05,1.4992359311771338e-07,0.04761058463223681,4.33131267155286e-05,1.1176374318124656e-05,1
0.0788110561227016,0.8854776302988844,2.383282133129891e-05,1.539751842589786e-07,0.03564360777995421,3.8116031014236974e-05,5.602970930176585e-06,1
0.06615503386522173,0.9336678373054045,1.5018940429132057e-05,1.434522387131813e-07,0.00013432693124642802,2.3873021316807626e-05,3.7664841423958635e-06,1
0.06854940126745715,0.9312544227144793,1.8534490773480197e-05,1.5126444338480295e-07,0.0001447681415791752,2.8781319221479556e-05,3.9408020457489196e-06,1
0.04625019219817229,0.9535037752392294,1.8879043183919528e-05,1.4115442587671428e-07,0.00019257008001013432,3.0290988965704126e-05,4.1512960123515635e-06,1
0.0625007787486175,0.9372798472215417,2.3027075142186484e-05,1.7374191395493936e-07,0.0001632607145662273,2.9445203390410427e-05,3.4672948279606516e-06,1
0.06591884889365751,0.9338660437093339,2.2661310484686557e-05,1.7056510790537688e-07,0.00016027555333550438,2.8906808836488828e-05,3.093159243984242e-06,1
0.07690315111270966,0.9228341488776239,2.55968383869144e-05,1.4706635605627382e-07,0.00020505547637829913,2.757546499719059e-05,4.325163548047127e-06,1
0.07744658331273775,0.9222799770092086,4.061826020835528e-05,1.4741790023599813e-07,0.0001976933955474146,3.244600785091689e-05,2.5345965466606254e-06,1
0.055730778117416904,0.9091068491684439,6.889586526586794e-05,2.914490786671162e-07,0.035025094723048815,5.7877071680736794e-05,1.0213605064853212e-05,1
0.49342423741898633,0.49659857447844075,3.96945100396129e-05,3.346530099716724e-07,0.009893324036126808,3.8152810986944405e-05,5.68209240945332e-06,1
0.21994929098033483,0.7596501249835798,4.4787847340346295e-05,3.1994208543774725e-07,0.02029810607764721,5.2411155592251245e-05,4.959013419947774e-06,1
0.08760721962986376,0.8934650532670513,3.0014824125265305e-05,2.228896551630486e-07,0.01884086494171245,5.2772387976058584e-05,3.852059615834195e-06,1
0.06227661735429991,0.9173620696967676,3.218664546306254e-05,2.4901184469357524e-07,0.020270048598620152,5.611516271937376e-05,2.7135302850547836e-06,1
0.03074941972967341,0.9608608634673909,3.710700020293145e-05,2.3469251025810197e-07,0.008280849593290236,6.896341181234771e-05,2.5621051199908808e-06,1
0.01837664603562312,0.9784392085097356,3.6651826880684324e-05,2.3193226099244093e-07,0.003076577399513591,6.81523241189093e-05,2.531971867045468e-06,1
0.020877110678764813,0.9657634819276621,3.77603602594721e-05,2.2923643878271837e-07,0.013244152734377216,7.476252054247382e-05,2.5025419552066993e-06,1
0.007800374141754244,0.9664693841622382,3.9688778304265956e-05,1.7820540547854591e-07,0.025648274280157816,4.0003822705483616e-05,2.096609434464702e-06,1
0.007523476452785807,0.965844669373905,4.493396598153252e-05,3.5789702131868894e-07,0.026544243600170454,3.814673549641401e-05,4.171974639251652e-06,1
0.9218106630264365,0.07749138832098804,8.042600786680721e-06,1.0785431686394857e-07,5.7624800463043475e-06,4.956941404131608e-06,0.0006790787760213953,0
0.9219314738002194,0.0769550997305743,1.2822272428718117e-05,1.2957415351616975e-07,6.922935454642763e-06,5.742947740557369e-06,0.0010878087394288881,0
0.8793737950936767,0.12056852909665701,1.1376465058685244e-05,1.4769850328022966e-07,7.891289869231307e-06,6.501946998740324e-06,3.1758409236319775e-05,0
0.924924146763737,0.07504672801784464,7.884220266053114e-06,1.0235934684638116e-07,4.669151683712194e-06,4.506037862537593e-06,1.1963449259300709e-05,0
0.8314189131282808,0.16854593158210096,1.2284570280825414e-05,1.59488262352066e-07,8.550696750111612e-06,5.405819431025992e-06,8.75471489408031e-06,0
0.5709026641246913,0.4290496268221381,1.858452479162056e-05,2.5533542563020393e-07,1.1353029277733076e-05,8.784349665611772e-06,8.73181400990182e-06,0
0.49606261003136637,0.5038948838534617,1.140603743762199e-05,2.3690027625048364e-07,9.241419657348961e-06,8.338722695206681e-06,1.3283035105449988e-05,1
0.4752709019791719,0.5246882803048336,1.1402272114513955e-05,2.6058901286913526e-07,9.105966999598202e-06,7.935731369130305e-06,1.2113156498373694e-05,1
0.3781888949919596,0.6217737442664203,1.11455269974377e-05,2.2037493678602997e-07,8.713006234747303e-06,7.5815978040948495e-06,9.70023564687126e-06,1
0.25321346271465756,0.7467565879582074,7.972780633962585e-06,2.2521623384457783e-08,9.537580698911339e-06,5.517176485081633e-06,6.899267693645622e-06,1
0.25321346277176265,0.746756588126617,7.972780635760619e-06,2.2521623389536894e-08,9.537580701062269e-06,5.516950964771394e-06,6.8992676952015544e-06,1
0.2713550451771961,0.7286086930380608,9.870416459428572e-06,5.415548261300226e-08,1.16070173336105e-05,6.714277458458658e-06,8.015918009090735e-06,1
0.30214816763539204,0.6978110570710364,1.0990502295865117e-05,5.217006618292178e-08,1.3330856626343227e-05,7.476207526357747e-06,8.925557056736243e-06,1
0.33127820957981097,0.6686767986829543,1.3751562580687257e-05,2.3336943851695586e-07,1.5164163170300082e-05,7.910005581211624e-06,7.932636464106024e-06,1
0.16715256245607876,0.8026044661272382,8.503533904098263e-06,1.788991391296429e-07,0.030222314783107444,6.0316105618809325e-06,5.942589970298286e-06,1
0.16930175288391186,0.7701093421320963,7.393981878681714e-06,1.355378427875826e-07,0.060572021794248226,4.657728402578914e-06,4.6959416195665165e-06,4
0.005410104095699437,0.019902805454683006,2.4911069260065103e-07,4.900978072532729e-09,0.9746864750620631,1.7909241247712719e-07,1.8228347126347916e-07,4
0.1285416904764071,0.8712276690051413,1.1026483154026535e-05,1.7198237634534232e-07,0.00020742912003124313,6.1703025464435934e-06,5.842630343627655e-06,1
0.17843089956875446,0.820462384547924,6.227319421637842e-06,1.4050814918071322e-07,0.0010900360629649733,4.889970948021091e-06,5.422021837529571e-06,1
0.1479908527903738,0.8510384132357972,4.910880804730481e-06,1.1307801896505369e-07,0.0009580206485310096,3.935346318509408e-06,3.7540201557659176e-06,1
0.17875674555041304,0.8212127577333421,7.2278799513154525e-06,1.478058632829633e-07,1.203554386029009e-05,5.248919677187353e-06,5.836566892858419e-06,1
0.14624635907949426,0.8537153246319061,7.690959338406089e-06,1.5727556242552033e-07,1.1255784626064207e-05,5.585210058789157e-06,1.362705901402873e-05,1
0.17622908234719703,0.8237245967728022,7.115601830436884e-06,1.1395954161537763e-07,8.73768112937196e-06,5.33060865479993e-06,2.5023028844672196e-05,1
0.26369352165956855,0.73622611224154,7.378563852320647e-06,1.1817099585217079e-07,8.476533434791347e-06,4.953051423324074e-06,5.943977918488055e-05,1
0.5491051204987322,0.4505194179040892,8.619484049458199e-06,1.7578498649992267e-07,1.1113073111376743e-05,6.101331490367275e-06,0.00034945192354109204,1
0.5939534002000018,0.4057439098876834,8.704682289392571e-06,1.775225117822651e-07,1.1446446764488958e-05,6.07058497848568e-06,0.00027629067577063384,1
0.459533503729055,0.5404107239672384,8.471064816093642e-06,1.7275813793409032e-07,1.1484651219650297e-05,5.996272424522115e-06,2.9647557108371458e-05,1
0.4921529473100859,0.5077980329943483,8.163747961593657e-06,1.5271799141838713e-07,1.0152418215313631e-05,5.300697794160338e-06,2.5250113603134235e-05,1
0.34834164208278523,0.651609898371386,7.784886050468179e-06,1.5098967680549286e-07,1.1806203254739725e-05,5.2407096200683575e-06,2.3476757226514958e-05,1
0.7633824299930205,0.23658635799024047,7.887757649865343e-06,1.661468991064327e-07,1.3072806653763398e-05,5.651472031355593e-06,4.433833504894961e-06,1
0.787251198272826,0.2127176994771895,7.650552052872008e-06,1.7334347284254697e-07,1.419358222578699e-05,4.7842757513162684e-06,4.300496481854501e-06,1
0.787014741885571,0.21295554655992613,7.552224627757305e-06,1.711156052027667e-07,1.3020202533971908e-05,4.72278665714181e-06,4.24522507884289e-06,0
0.24582522693155778,0.7541459181414071,7.338468423748816e-06,1.6868732809748897e-07,1.1676193735724806e-05,5.194560164851046e-06,4.477017382564906e-06,0
0.2688655707717305,0.73111023349701,6.8347182433473515e-06,1.5710776311829656e-07,8.267728309365452e-06,4.766485038840144e-06,4.169691904835936e-06,0
0.18787032386079494,0.8121055887431394,6.887420612180609e-06,1.4522244386461938e-07,8.728519241410233e-06,4.4719821604234565e-06,3.854251607712407e-06,1
0.237527061898691,0.762444587100833,8.309067225446638e-06,1.7519810632455837e-07,9.821866388715808e-06,5.395053169286854e-06,4.649815586350367e-06,1
0.20808652358854027,0.7918757988418369,1.0772204686007463e-05,2.015563357338795e-07,1.3202030340946755e-05,7.251743488770736e-06,6.250034771530926e-06,1
0.16473576221498612,0.8352381079906003,7.1150700195963735e-06,1.4321711155939007e-07,9.380785006164449e-06,5.049721084726906e-06,4.4410011913803255e-06,1
0.40538783618394125,0.594568946960622,1.0720093665679824e-05,2.655176620125329e-07,1.670821144651548e-05,7.3282811927196715e-06,8.194751469816878e-06,1
0.29005002081027065,0.7099098203741816,9.957071180838948e-06,1.6098071191931184e-07,1.589157442006726e-05,7.134107282528994e-06,7.0150819522099385e-06,1
0.3054103044412324,0.6936960567845686,1.0084018576074906e-05,2.2388754180537155e-07,0.0008692683011638026,7.152658369521342e-06,6.909908547615393e-06,1
0.23351587683693037,0.7662782700113723,9.967788978123456e-06,1.9973820332606058e-07,0.0001813016785297325,7.022797630416572e-06,7.361148355955615e-06,1
0.13969963958681186,0.8602710919375859,8.394310736156097e-06,1.334505961178819e-07,1.0899908451099772e-05,4.6034240651509135e-06,5.237381753840599e-06,1
0.1081373369366646,0.8918276486170563,8.809167919416212e-06,1.4126545229673095e-07,1.6473991144946362e-05,4.788161308526861e-06,4.801860454088801e-06,1
0.08197125550418068,0.9171138122988658,1.1569532635890608e-05,1.3522186645680075e-07,0.0008940476987771048,4.58331530114828e-06,4.596428373039756e-06,1
0.07470497289794613,0.9243063347656293,8.636602250011312e-06,1.3291963345916485e-07,0.000970899361482942,4.505281622118683e-06,4.518171436133308e-06,1
0.054335275037289354,0.945594682020014,7.74659141866144e-06,1.0057366825502625e-07,5.515492123175013e-05,3.460014737313569e-06,3.5808416409310924e-06,1
0.05481826208816811,0.9450904728396982,1.4961425606070656e-05,1.0232208308419913e-07,5.8000996466462946e-05,1.4020023544055192e-05,4.1803044339098946e-06,1
0.31767203074964545,0.6813245950427856,2.595312345368369e-05,2.7237073639288296e-07,0.000927280033799009,4.2931702454803356e-05,6.936977124920738e-06,1
0.4268708885111148,0.568003044728052,2.2671756624427076e-05,2.553321270371609e-07,0.0050495900853922025,4.387133596090636e-05,9.678250728657933e-06,0
0.2138341826458256,0.7837355272571,2.182285641905857e-05,1.6503567714312143e-07,0.002366062919606234,3.4636975759760024e-05,7.602309612334963e-06,0
0.2082566241660343,0.7880240136218053,3.0487182313375393e-05,1.7589539488468523e-07,0.00364584331211066,3.6144198527128884e-05,6.711623814453278e-06,0
0.1100577192033755,0.8827158725606561,4.3710944594218294e-05,1.6006706000330433e-07,0.007151150850066637,2.5699871195185182e-05,5.686503052415327e-06,1
0.049632998537995354,0.9501398794215785,3.0495848622510993e-05,1.1395371796557322e-07,0.00017340441822029904,1.923437670858142e-05,3.873443156789577e-06,1
0.06608056790596586,0.933615021446632,4.48542794169814e-05,1.347413209453148e-07,0.00021532563183565751,3.334986174995905e-05,1.0746133078439526e-05,1
0.06216404592659168,0.9375492163658435,3.398503400106353e-05,1.2880372221172493e-07,0.00020583695241699774,3.480011705796578e-05,1.1986800366577438e-05,1
0.08202231678365271,0.9059054333147749,2.9333338434440003e-05,1.4700338017283317e-07,0.011987887249822818,4.667068257422989e-05,8.21162736067578e-06,1
0.09158522786492239,0.8806392260061399,3.1013539385103235e-05,1.47911079035294e-07,0.0277054471458252,3.185281723956527e-05,7.084715409002461e-06,1
0.06788444230738709,0.9318801437374589,2.3344955306604976e-05,1.4472065977200128e-07,0.0001780215875664433,2.985168341608818e-05,4.051008204863561e-06,1
0.07779465714327263,0.9219410362190931,2.4286703257983966e-05,1.5432453962011594e-07,0.000209106886227111,2.7010292818518938e-05,3.7484307913049356e-06,1
0.08248912806634652,0.9172450055530199,2.3239469446474243e-05,1.8027786153745865e-07,0.00020804177217791252,3.2090281829975094e-05,2.3145793178351953e-06,1
0.09025610835500027,0.9093939152200007,2.418959896867966e-05,1.4674384949132995e-07,0.00028361815477387603,3.9245459806428834e-05,2.776467600597126e-06,1
0.15816841467637113,0.8315850527981293,3.774077388554124e-05,3.3478208135242274e-07,0.010154541905342132,4.311111294937697e-05,1.0803951240956988e-05,1
0.28895400331973586,0.6993239447029841,4.484777256787654e-05,3.956522025251232e-07,0.011616225703747193,5.2378865877151574e-05,8.203982885303726e-06,1
0.1954156260349659,0.7809895426357505,4.6045987829901235e-05,3.289296147767441e-07,0.023489474650914825,5.388344329685753e-05,5.098317627280423e-06,1
0.01121341380072381,0.9561633565991434,3.842931365951712e-05,1.3599153247372047e-07,0.03254344624061956,3.8878514102484226e-05,2.3395402188097667e-06,1
0.006555876541723653,0.9773794514843858,4.581187294507755e-05,3.6526079732878516e-07,0.01597229055349146,4.194647311712598e-05,4.257813539642765e-06,1
0.8996729549664155,0.10026898598607317,1.1330809138986134e-05,1.4710576107334416e-07,7.859620620942537e-06,6.475853447841072e-06,3.224565854239944e-05,0
0.893586351322713,0.10634994679457349,1.2205862201711427e-05,1.5846641018434694e-07,8.454446688148885e-06,6.975969134530728e-06,3.590713827875106e-05,0
0.9099778122575127,0.089968633810803,1.0030920709605435e-05,1.4132724573277894e-07,7.004090919769537e-06,6.365443229329632e-06,3.001214957986159e-05,0
0.6792092391902462,0.32073403063245404,1.8205263463307224e-05,2.3635550687161134e-07,1.0656708823661983e-05,8.01121770864916e-06,1.9620631797229553e-05,0
0.578891272634718,0.4210553976231045,1.9360055661921833e-05,2.513479564994376e-07,1.1493473621651363e-05,8.847270853494427e-06,1.337759408404716e-05,0
0.35908718874403506,0.6408630655536977,9.303516210976822e-06,2.3687160770016734e-07,7.961145081454761e-06,7.481855181050484e-06,2.476231418614394e-05,1
0.2790345283950614,0.7209322350024757,8.60527266759815e-06,1.7014775708537278e-07,6.8159392159771625e-06,5.9890810850982066e-06,1.1656161737190074e-05,1
0.26218195594369587,0.7377861398433143,7.07167726502341e-06,1.4603760815016924e-07,8.614788805000042e-06,5.140420841670633e-06,1.0931288469829232e-05,1
0.2379739668430836,0.7619997365489735,7.624228839521567e-06,2.4470658265181155e-08,8.965635508844894e-06,5.186113021806616e-06,4.4961599144148356e-06,1
0.017472552154928864,0.03942536885097155,5.842922834830224e-07,1.2292464250048799e-08,0.9431006952178379,4.144422246124323e-07,3.727492893480502e-07,4
0.11056621320863842,0.6057602978177434,4.803850042255034e-06,9.811610402631992e-08,0.28366135180916213,3.384548646411699e-06,3.850649663126661e-06,0
0.09112092840217169,0.7461714351442229,7.424898144584941e-06,1.1776530165870432e-07,0.16269152854180627,4.22512792385358e-06,4.340120428931896e-06,4
0.18834025552510322,0.8089225331789414,7.080196035000775e-06,1.4613879982483364e-07,0.0027201113447863504,5.022027978781455e-06,4.85158835557078e-06,1
0.23893722652443353,0.7592434438933418,7.106564547488452e-06,1.7247895507799134e-07,0.001801917889088171,4.809379762153685e-06,5.323269871859343e-06,1
0.16805511769863235,0.8319147802413586,7.1343443761507495e-06,1.4589311618035385e-07,1.1879792585369238e-05,5.180993712131764e-06,5.761036219273917e-06,1
0.15066400589858187,0.8492884064302193,7.310131161892042e-06,1.170750157483667e-07,8.977006945605724e-06,5.476339088089737e-06,2.5707118987450514e-05,1
0.16251951051527255,0.8374389526007628,6.459247607438121e-06,1.0344773556261206e-07,7.420418038508279e-06,4.838904989374786e-06,2.271486559357977e-05,1
0.29007929430651763,0.7098480717677006,6.9923219531846365e-06,1.1198515931619219e-07,8.032816684828687e-06,4.693776579797264e-06,5.2803025404623076e-05,1
0.14846465381567306,0.8514434657615091,6.021106245689242e-06,8.839053668368763e-08,6.965459616504642e-06,3.7048251169618632e-06,7.51006413021042e-05,1
0.19508350029479887,0.8046407675256919,5.60893796609931e-06,1.1461769953880972e-07,6.973086742231101e-06,3.978272510490548e-06,0.0002590572645908235,1
0.3131587425994032,0.6866125169222237,5.170077485638952e-06,1.0564965977925351e-07,6.4274910846425585e-06,3.6670002882073884e-06,0.00021337025985482415,1
0.5575091146587291,0.44227248286923754,1.0165131777150544e-05,1.8169113406488086e-07,1.1715234720225797e-05,6.213135777005624e-06,0.00019012727862488155,1
0.5457814528545516,0.4540037547713894,8.795716073528043e-06,1.793790466309254e-07,1.1975369526017097e-05,6.134071307352723e-06,0.0001877078381055454,1
0.7856439583333567,0.2143277661486403,7.145659163861121e-06,1.505154145002487e-07,1.184288676319103e-05,5.119768469414159e-06,4.016688192217471e-06,1
0.8447367008726101,0.1552315776413567,6.73469778942181e-06,1.668064913586605e-07,1.6077806715927162e-05,4.603855216944206e-06,4.138319819460429e-06,1
0.7565323647977901,0.24343758727834341,7.3754522395974894e-06,1.6711035963950175e-07,1.3683207053769862e-05,4.6762956938843515e-06,4.145858519656495e-06,0
0.6639471074580249,0.3360152082521811,8.687091324927037e-06,1.9297011126479067e-07,1.652940469155154e-05,6.961421835198228e-06,5.313401830971053e-06,0
0.38928400364742916,0.6106875400798689,7.5624360989161204e-06,1.5945526107587437e-07,1.169031895485119e-05,4.812067111267167e-06,4.231995275694579e-06,1
0.1843700485088251,0.8155990070001364,9.207839818238034e-06,1.661709997141336e-07,1.0634730345805728e-05,5.782974485676738e-06,5.152775388835456e-06,1
0.1685039486007566,0.8314752712882738,6.090202677123416e-06,1.2841296708938642e-07,7.199021906058793e-06,3.954350875172731e-06,3.40812254417631e-06,1
0.08051581383414985,0.9194563592883602,8.172975634224892e-06,1.4749513008343e-07,9.70447995761605e-06,5.228269044682374e-06,4.573657723516361e-06,1
0.14002093608288194,0.8599361579779248,1.2197818398846024e-05,2.2823067812777706e-07,1.5191261271620083e-05,8.211452783285728e-06,7.077176061148835e-06,1
0.13189682663790173,0.8680736934731014,8.4130996377116e-06,1.57415643739468e-07,1.0477742045474317e-05,5.550350000791734e-06,4.881281669327472e-06,1
0.3051570009875817,0.6948081755076938,9.537791892553337e-06,2.1610387831869363e-07,1.2435468022096429e-05,5.964461931281659e-06,6.669679000117332e-06,1
0.20764992919735953,0.7918291787133583,9.490349693679145e-06,1.9739106468457586e-07,0.0004992717143565771,5.978303983419629e-06,5.95433018350498e-06,1
0.19459956960144173,0.8049185911991101,8.658789128475343e-06,2.8208450875386874e-07,0.00046201124932435475,5.454474830662106e-06,5.4326016558298365e-06,1
0.2127336807911177,0.7866102929687276,8.158918311351251e-06,2.074430033830878e-07,0.0006367560815568293,5.74835927099522e-06,5.155438012098785e-06,1
0.2338956413591218,0.7659461383954528,8.047088346847408e-06,2.0619874741953977e-07,0.00013921261361227598,5.669569560313061e-06,5.084775158532442e-06,1
0.3085141930679768,0.6913097315617625,1.0080632030956737e-05,2.238123530047957e-07,0.00015128763895749662,7.5756989462222195e-06,6.907587973046595e-06,1
0.5061709982430181,0.49239475466622656,1.1397439183770197e-05,2.5304838765219417e-07,0.00140690185558636,8.565293103544123e-06,7.1294544939517864e-06,1
0.09925806835733829,0.9007144473733113,8.592606322942314e-06,1.249626638781758e-07,1.028341838199077e-05,4.235581895388691e-06,4.247700086315367e-06,1
0.10439017493982578,0.8955746763900467,7.90715292785278e-06,1.4689343260108978e-07,1.7122537935105433e-05,4.9789204580596e-06,4.99316537415606e-06,1
0.05574309502602104,0.944160345099313,9.203302552279692e-06,9.300407183670593e-08,8.09499150567291e-05,3.1523170319639696e-06,3.161335953235764e-06,1
0.05186813046597151,0.9480487122787212,7.169699804112824e-06,9.308390885956484e-08,6.957539881138593e-05,3.1550230597966143e-06,3.1640497231361434e-06,1
0.05500975403434715,0.9449221856721944,7.741082129601172e-06,1.0050214138852164e-07,5.3344949553370127e-05,3.4575540135822616e-06,3.416205620615871e-06,1
0.055597174901552075,0.9443306917399421,7.88555040156618e-06,1.0237776684399389e-07,5.704871274191408e-05,3.451642527866602e-06,3.6450750676699856e-06,1
0.047893682855696576,0.9520310929228484,7.925997028203338e-06,1.0290288368436847e-07,6.006220340856191e-05,3.46934671964779e-06,3.663771415143356e-06,1
0.04941009162886862,0.9504994498951153,1.52882848772502e-05,1.0281152284960836e-07,6.377526152869497e-05,7.631599498411676e-06,3.660518588761103e-06,1
0.0756529126265266,0.9242348722468448,1.7250320831845895e-05,1.1301886095879995e-07,7.288787490003683e-05,1.7420530516425274e-05,4.543381519226398e-06,1
0.0816939338862343,0.9181947459107206,1.722871428370448e-05,1.2075467714187438e-07,6.849804336114275e-05,1.844899874296932e-05,7.0236919800198006e-06,1
0.3175792936991364,0.6813403013819843,2.3602934978423895e-05,2.5924706193066297e-07,0.0010071846224404904,4.1012758950862544e-05,8.345355447742307e-06,1
0.19720276973215634,0.8000527200742642,2.3527385709724614e-05,1.6950857883703697e-07,0.0026796940539566246,3.331089310038608e-05,7.808352233732484e-06,0
0.18497579967443445,0.8108703786180194,2.070950041130451e-05,1.5623220369646044e-07,0.0040933880958024735,3.3606541826023315e-05,5.9613373027822e-06,0
0.19525622167127948,0.8000202675227412,3.0157741263362746e-05,1.7399468910651373e-07,0.004657596228808636,3.0059024257505094e-05,5.523816960400695e-06,0
0.0521426831525615,0.9476177281518434,3.245481909154094e-05,1.2127379523556407e-07,0.0001824203992706006,2.046994081531346e-05,4.122262622400898e-06,1
0.12462255826659474,0.875109651646472,1.921306029774599e-05,1.5764818006604848e-07,0.00021123161762632466,3.1200659235649095e-05,5.987101593514757e-06,1
0.08528729337843338,0.9144470790160582,1.790626329301499e-05,1.9632565975059808e-07,0.00021203152813473931,2.9619084178505968e-05,5.874404242296278e-06,1
0.07829908609406573,0.9215171059665879,1.5128970353992724e-05,1.6871279066871845e-07,0.00013521966644037617,2.8816352825446942e-05,4.474236935876993e-06,1
0.0707760988583949,0.9290004182575764,1.5072660865233706e-05,1.5399580562217217e-07,0.00017301969896338801,3.1026140993909084e-05,4.210387400257698e-06,1
0.07602027862524678,0.9237644185484115,2.0081234578427944e-05,1.8294506070025956e-07,0.000161092639784417,3.052533148579994e-05,3.420675432574134e-06,1
0.08344158096269302,0.9162225921240413,2.6595430247766537e-05,1.563432036344396e-07,0.00026511080998524157,4.100623760908631e-05,2.9580922196689895e-06,1
0.08745394390227716,0.9122207047088337,3.6351060086362865e-05,1.458100188579027e-07,0.0002493687300092187,3.697883697529918e-05,2.5069517994363296e-06,1
0.10422001560280685,0.8581129260220149,4.755316772216762e-05,2.2370844497590226e-07,0.03755581710970382,5.961806517318228e-05,3.8463241337880745e-06,1
0.06612008242268165,0.875192898825128,4.8295031156248606e-05,2.505918256866746e-07,0.05856963311417601,6.319748314970343e-05,5.642531882625625e-06,1
0.27038982534076256,0.7168079877980488,5.038375231580065e-05,4.191847003660613e-07,0.012682432420405254,6.025956654138598e-05,8.691937225765773e-06,1
0.1989355487427395,0.7731363344116308,4.114431828008069e-05,3.579313750443487e-07,0.027825526313694327,5.5807879296670194e-05,5.28040298374817e-06,1
0.020305989963758,0.9729286732542097,3.5547950420831205e-05,2.249469457986438e-07,0.0066610426213908015,6.606554911097541e-05,2.4557141637080436e-06,1
0.026237612175552854,0.9603229276519506,3.761358612374359e-05,2.2233199008319814e-07,0.013322520999167156,7.667608815584061e-05,2.427167060011703e-06,1
0.00889100201340909,0.9761719061274202,4.151950540098582e-05,2.886584640978009e-07,0.014855282860791985,3.666397373137482e-05,3.3368607821935106e-06,1
0.9332781484714829,0.06587976754272579,1.037730965623896e-05,1.3472665686533575e-07,7.819655961521697e-06,6.003130487610053e-06,0.0008177491630291491,0
0.8940579063748063,0.10587801708040967,1.1687167888471493e-05,1.7538043659658984e-07,8.095170682385182e-06,6.834091573589914e-06,3.728473420296877e-05,0
0.9238396083467947,0.07605734397566555,9.11036419980052e-06,1.1827814261346934e-07,7.279279218750124e-06,4.009011523331538e-06,8.253074445552107e-05,0
0.9066829832586754,0.09320565552679327,1.1235573150725545e-05,1.4586933017394417e-07,8.772475468099002e-06,5.05862190929772e-06,8.614867467315139e-05,0
0.7101041955260408,0.28977291737899435,1.718397092871318e-05,2.2309625823922072e-07,1.0123314101977703e-05,7.736784822865064e-06,8.761992885297385e-05,0
0.6792024854441101,0.32073084139989494,1.82050824384909e-05,2.3635315666051413e-07,1.0724864965250642e-05,8.196522567072983e-06,2.9310332867559226e-05,0
0.5135571532546985,0.48639807475951785,1.0885271538854295e-05,2.260841110437158e-07,8.938730954753797e-06,7.9580013059694e-06,1.676389787314064e-05,1
0.42713997143663424,0.5728196794098913,1.1933301158535451e-05,2.727252198458357e-07,9.451955618883331e-06,8.305315939664849e-06,1.0385855537336848e-05,1
0.4492931031730948,0.5506686710766358,1.1315615603203839e-05,2.2373801380808143e-07,8.962708228085375e-06,7.875420337413413e-06,9.848268086894834e-06,1
0.38907733349313584,0.6108848190806274,9.799058820699736e-06,1.9375189425055845e-07,7.761495989216133e-06,6.819930070989601e-06,1.3273189461664708e-05,1
0.3387745265382499,0.6611882853506773,9.661601232587816e-06,2.1954589077923002e-07,7.608896665759438e-06,6.685842941871585e-06,1.3012224341695986e-05,1
0.2563272881181599,0.7436469014190393,6.3005606773519065e-06,1.44997045110545e-07,5.04570244626659e-06,4.57989416177959e-06,9.739308470204678e-06,1
0.3103529995198026,0.6896083558132488,1.0455264734307183e-05,4.962938348632041e-08,1.2294763802257603e-05,6.951258151982215e-06,8.89375087663497e-06,1
0.2288702789320662,0.7710896534394349,1.2946251369820634e-05,2.0760849061282097e-07,1.2819948028163722e-05,7.036843941050229e-06,7.056976669092085e-06,1
0.01241460207439927,0.014196419837845496,2.885796278201004e-07,7.138888940420535e-09,0.9733882302312079,2.1978272094770598e-07,2.323553095177628e-07,4
0.10902765612831895,0.31077657773922046,3.3686766147366994e-06,8.438106671753586e-08,0.580186732001059,2.610766795399749e-06,2.9703069246372545e-06,0
0.1236007152937993,0.8763157381332078,1.2120650717439316e-05,1.7328592466487745e-07,5.824438761559034e-05,6.076456293752718e-06,6.9317924414164245e-06,1
0.1838461111221406,0.8161164813466397,1.1313324910448267e-05,1.6174378866643845e-07,1.4634692830725465e-05,5.802967328907872e-06,5.494802360785179e-06,1
0.137319969753086,0.8486247359499474,8.59463758963229e-06,1.6354225749164874e-07,0.014021031680641319,5.235067631232712e-06,2.026936884697716e-05,1
0.17549495357002806,0.8230804249524736,6.880737459921973e-06,1.378787352761427e-07,0.0014080709907981907,4.847817990038923e-06,4.684052515054185e-06,1
0.16205679373853288,0.8379067978217581,7.508609026160228e-06,1.535466065625342e-07,1.2503001415743543e-05,5.45278642301552e-06,1.0790496237274828e-05,1
0.158956265003663,0.8409964516289674,7.394251257630056e-06,1.5120805794045325e-07,9.161452288747644e-06,5.369739285331944e-06,2.5206716479597547e-05,1
0.1125031404944819,0.8874120715977738,5.167251994562254e-06,7.585585743586738e-08,5.726908706982736e-06,3.179443144493805e-06,7.063844804097473e-05,1
0.09308186696231474,0.9068555935945232,4.834164736666145e-06,1.3686839099167795e-07,7.009912588230419e-06,2.9744924279910114e-06,4.758400501813237e-05,1
0.27450395199848066,0.725262378892774,7.128478080871222e-06,1.3587760903603766e-07,8.266492504627826e-06,4.7161839663010934e-06,0.00021342207658459295,1
0.2226709285834122,0.7770638631698958,7.745251494738747e-06,1.4763407315678742e-07,8.981729718651284e-06,5.124239774612887e-06,0.0002432093916310005,1
0.33884975570288073,0.6609296394071138,7.5230395292921e-06,1.433984382538603e-07,9.496730093417912e-06,4.977224872319514e-06,0.0001984644970723232,1
0.5788493996060337,0.42110985214904767,1.0197895049183772e-05,2.1480739077520353e-07,1.660301628056095e-05,7.306654337959489e-06,6.425871860136051e-06,1
0.8329381063890192,0.16703351015016055,7.198752031186079e-06,1.6310674949916718e-07,1.24108079483486e-05,4.5642615572836864e-06,4.0465325338498945e-06,0
0.4834402920004176,0.5165261056213255,8.358371862854713e-06,1.9265440362524042e-07,1.4124284211381576e-05,5.813956298906181e-06,5.11311148019017e-06,1
0.38325524787714393,0.6167121184185151,9.650276514758584e-06,2.0347773402485407e-07,1.1227829136153835e-05,6.151754713576368e-06,5.400366242494007e-06,1
0.29068021728494237,0.7092907879707501,7.288939170257121e-06,1.434041426522639e-07,1.2124942968406892e-05,4.9906572116978936e-06,4.446800814744e-06,1
0.2603017303702883,0.7396697867461438,7.107324084642033e-06,1.398310087521177e-07,1.1960428085513543e-05,4.93929842887948e-06,4.336001960230513e-06,1
0.1790401704528199,0.8209299575018844,7.607056577216882e-06,1.7486128911373345e-07,1.216265908947984e-05,5.286591993382709e-06,4.640876346369408e-06,0
0.2140154246722766,0.7859586163185656,7.218830798358464e-06,1.6593725135099568e-07,9.153420653617128e-06,5.0167910167099995e-06,4.404029437730529e-06,1
0.05954900691719172,0.940428833160926,6.530898199779397e-06,1.1786107320622841e-07,7.754699575952014e-06,4.1017240094760344e-06,3.6547390240388195e-06,1
0.13063776707328426,0.8693340038496696,7.433872156807211e-06,1.496341842128629e-07,1.0729601377855583e-05,5.275981946488725e-06,4.63998738087228e-06,1
0.2921824597365186,0.7077820591869752,9.393350036076504e-06,2.0788148058649456e-07,1.258096400128726e-05,6.73020868111049e-06,6.568672307191513e-06,1
0.3131845970937897,0.6867285583073149,9.832323394291557e-06,2.182993514318008e-07,6.266744515780152e-05,7.389092444631293e-06,6.737438547200603e-06,1
0.3256862580092526,0.6740956212731366,8.849968449937262e-06,2.147920138511695e-07,0.0001942292684932925,7.020872846343276e-06,7.805815807298515e-06,1
0.19493328503883747,0.8050218618519681,8.650665508766123e-06,1.73345201236489e-07,2.3000115498968137e-05,6.094819359621544e-06,6.934163625872662e-06,1
0.11729203676068008,0.8826779190126682,8.993890678140949e-06,1.3106100849707428e-07,1.1356933590805753e-05,4.418741012101022e-06,5.143600362310763e-06,1
0.1099072596138919,0.8900635730919975,9.786591933040689e-06,1.2397579197685198e-07,1.0126030321412732e-05,4.265161029292716e-06,4.865535034732583e-06,1
0.12383945702884003,0.8759833205609515,8.605188301570013e-06,1.5986103460118835e-07,0.00015760494950142875,5.4184544640869495e-06,5.433956906807933e-06,1
0.053048767429696976,0.946861028192373,1.383160971217373e-05,1.028476746488281e-07,6.379768693769672e-05,8.270456458098203e-06,4.201777147148503e-06,1
0.3756386669266554,0.6235273000692624,1.9603059427295196e-05,2.4192262350037457e-07,0.0007685917783928153,3.632285956685768e-05,9.273384071878262e-06,0
0.10082598256466557,0.892455043017541,2.5692840653195385e-05,1.4118260405575046e-07,0.0066661827075397894,2.14168560374587e-05,5.540830958807599e-06,0
0.07736466248373614,0.9223846769197399,3.714265437796808e-05,1.2208789759604898e-07,0.00018517216845367375,2.434779958085578e-05,3.875886213837276e-06,1
0.08200409541829318,0.9007249437751323,3.383358014334331e-05,1.6108356782553264e-07,0.017161362008709786,4.4801595297163384e-05,3.080253885663359e-05,1
0.13538480092612157,0.8555530145971247,2.1478296574626887e-05,0.0,0.009005493092368571,2.3976913954625982e-05,1.1236173855958652e-05,1
0.07455534385584742,0.9033795208519653,3.003574292040282e-05,1.5864545403762622e-07,0.021961765782338893,4.545244804319202e-05,2.7722673430943937e-05,1
0.18865228227284692,0.747122144559289,4.096889754356617e-05,2.7206777378182496e-07,0.06412046039733711,5.053975764350906e-05,1.3332047565989979e-05,1
0.13645677566930048,0.7879427935843718,4.2031687896270434e-05,2.791255913603812e-07,0.0754889016090377,5.267406418965746e-05,1.6544259612623038e-05,1
0.14882969409330532,0.776794733563724,3.5354741244722355e-05,2.697946333874974e-07,0.07427356175111316,5.0394858486364054e-05,1.599119749321833e-05,1
0.1526028457353304,0.8470620661417505,2.3263301708761033e-05,1.9512505134715489e-07,0.00026144659721546445,3.861782757574787e-05,1.1565271367513774e-05,1
0.13167483127946403,0.8680349990226308,2.2490757154812504e-05,1.5621341613631695e-07,0.00021658908774762226,3.9418264993245094e-05,1.1515374593602586e-05,1
0.08901302173957455,0.9107585752521555,1.7834036784702684e-05,1.940174136133661e-07,0.00017174422948361135,2.9499612963623506e-05,9.131111624136483e-06,1
0.11031836625880112,0.8894512138796261,1.590131659574087e-05,1.554940680874617e-07,0.00018433363819729393,2.49852629094696e-05,5.0441498021962446e-06,1
0.02615272910428304,0.9643667206329619,3.5167137701744996e-05,2.2296737098995775e-07,0.009367442301783463,7.528375247511772e-05,2.4341034239909484e-06,1
0.020281312465270988,0.9452567429932766,4.943254833398618e-05,1.6589337281308401e-07,0.03435319268019932,5.6554875275812286e-05,2.5985442706928353e-06,1
0.01274830568758557,0.9394671330346783,4.2502397563147036e-05,1.5040513680858476e-07,0.047699412289148514,3.9908680178377615e-05,2.5875057092048563e-06,1
0.9192423056893597,0.08010714956292826,1.0158425037866985e-05,1.4230592498094284e-07,6.605568220403287e-06,6.584887939861514e-06,0.0006270535605886255,0
0.724625114510141,0.2752103415166559,1.8352478553336535e-05,2.276583530866505e-07,1.2141124122821889e-05,7.894994317074592e-06,0.00012592771785683752,0
0.7181149259872167,0.28175960022556584,1.8187595922507606e-05,2.2561302127612598e-07,1.203204564163617e-05,7.824063983082074e-06,8.720446864893327e-05,0
0.665070842240936,0.3348774532216343,1.8392237284306505e-05,2.2815155116815936e-07,9.794842034418318e-06,8.03077374068134e-06,1.5258532818914905e-05,0
0.5885792770839511,0.41138253946071374,1.0187894507138002e-05,2.1159978093627614e-07,8.214310570078906e-06,7.448163098503292e-06,1.2121487378645974e-05,1
0.5614047186395358,0.43855522350438386,1.0437558613834702e-05,2.0637663165259964e-07,8.011547740268015e-06,7.264311926349344e-06,1.413806116828326e-05,1
0.24418712667824546,0.7557816931937307,5.825617480090256e-06,1.4747532378676816e-07,5.131943215998248e-06,4.658173371068607e-06,1.541691863270399e-05,1
0.2997554911909604,0.7001730310965714,8.246605552445148e-06,1.5936944656243385e-07,9.36613524762819e-06,5.609692154041896e-06,4.8095910067772857e-05,1
0.21988795049103368,0.7800699016546501,1.0287099571714826e-05,1.5089189733455263e-07,1.196918725785043e-05,6.738381487188563e-06,1.3002294102196298e-05,1
0.31808367743118515,0.6818599288797679,1.6111189401451146e-05,1.873664895339357e-07,1.581653150625323e-05,8.36722784123858e-06,1.5911373808505065e-05,1
0.2230416498883936,0.7769156057570766,1.3811128312787384e-05,2.2147781784631852e-07,1.3676387250828415e-05,7.5069417247265826e-06,7.528419423739958e-06,1
0.14902355008855103,0.8509336918286404,8.672665342263923e-06,1.6820680334685292e-07,1.5177240428465643e-05,5.282595006049825e-06,1.3457375228511387e-05,1
0.023253676638190387,0.0218882227923909,4.76296530137623e-07,1.0778597582194971e-08,0.9548569853089316,3.2433196595999583e-07,3.0385339349240247e-07,4
0.23746365022603655,0.7398964034295679,8.549331064329617e-06,1.966169951680782e-07,0.02261747080841335,6.782370656290462e-06,6.947217266322395e-06,0
0.22436476697829635,0.40524552298917893,6.211597387952313e-06,1.160577202157461e-07,0.37037543392113353,4.003450847951124e-06,3.945005435052077e-06,4
0.14218841474005303,0.8575095687324035,1.1550387071185126e-05,1.8015381590507768e-07,0.0002767621782316714,6.317286245937417e-06,7.2065221788683165e-06,1
0.15409467304536648,0.8458648742672632,1.0580365102131488e-05,1.6502417928253292e-07,1.818039380304546e-05,5.9206596355380185e-06,5.606244650162895e-06,1
0.42674266082571444,0.5696103687452907,1.1349264475058557e-05,2.5197880244375067e-07,0.0036197407766966816,8.529089313057515e-06,7.099319707708917e-06,1
0.4919223340744877,0.5061149718153484,1.0664987906245583e-05,2.367863473971057e-07,0.0019385185342296197,6.602518357158373e-06,6.671283323397561e-06,1
0.21471152695164797,0.7843113346099704,9.098329928850216e-06,1.8231566471207442e-07,0.000954248279800187,6.410220963275902e-06,7.1992920245040216e-06,1
0.1717682558676969,0.827284892671215,1.0346957990410853e-05,2.0733613075384005e-07,0.0009208199244117095,7.289940850127933e-06,8.187301704902741e-06,1
0.1599376659545287,0.8400195665543102,7.237696829588828e-06,1.480066126282365e-07,1.9724566121246743e-05,5.256048739358382e-06,1.0401172858264046e-05,1
0.08831821490101162,0.9116269541038595,3.980479499794474e-06,1.1269823313633046e-07,5.772002997987492e-06,2.44921445107339e-06,4.251659994705141e-05,1
0.07324710997204441,0.9267031950197941,4.433552288459429e-06,1.1328810205494606e-07,4.62895407990436e-06,2.4620337778676687e-06,3.805717991319975e-05,1
0.1317339956299067,0.8681806469358824,5.503136661878925e-06,1.0489659129642461e-07,6.7106047561929554e-06,3.7251146192462743e-06,6.931368158191696e-05,1
0.1427317792239252,0.8571577569996237,5.518145160869064e-06,1.051826718503471e-07,6.728906337798992e-06,3.7352739851563373e-06,9.437626829558031e-05,1
0.20918088527729828,0.7906997925337917,6.932638075290557e-06,1.4416478249107055e-07,9.222729386184315e-06,5.119616683447471e-06,9.790303998262179e-05,1
0.5605992826815474,0.4393531173608092,8.188473087976055e-06,1.531805205969519e-07,1.0183166325696452e-05,5.238182797193675e-06,2.3836954912065674e-05,1
0.6725750221611622,0.32739008162119726,8.659199788639525e-06,1.823964753341649e-07,1.4518383560111948e-05,6.204199924962448e-06,5.332037891589763e-06,1
0.8240146871474546,0.17594949053798084,7.552218042853702e-06,1.714588000962725e-07,1.904691897120026e-05,4.79797931318226e-06,4.253739437116149e-06,0
0.8265100233184783,0.17345664481027448,7.709146780835738e-06,1.750215697306163e-07,1.6207897045009735e-05,4.897677287235602e-06,4.342128564361053e-06,0
0.8031232767321577,0.196847324889654,7.80659866137956e-06,2.2618381306261206e-07,1.3508865512692232e-05,4.94965766412242e-06,2.9070725371625963e-06,0
0.8169727407360076,0.18299885193882148,6.514851346544096e-06,1.613612858096136e-07,1.3212465636233149e-05,4.5154177611665635e-06,4.0032291412673064e-06,0
0.20627488037751798,0.7936988059054019,6.562091127049192e-06,1.2910397934454462e-07,1.1058769194299887e-05,4.560383909330416e-06,4.003368870089962e-06,1
0.19248813417623645,0.8074873256456006,6.123502168700351e-06,1.2047508670603652e-07,1.030482168084721e-05,4.255582590705106e-06,3.73579663608344e-06,0
0.2070652258458138,0.7929090462574102,6.555561603834556e-06,1.506908672592514e-07,1.0466412776137767e-05,4.555846158783052e-06,3.999385370094626e-06,1
0.10432504367945923,0.8956546122790692,5.623457332806313e-06,1.292648462002564e-07,7.310267646783538e-06,3.8503199487745525e-06,3.430731697040507e-06,1
0.10097733261364462,0.899003787543099,5.55922613414776e-06,1.172172356904152e-07,6.600949398744752e-06,3.4914663513375142e-06,3.110984136395294e-06,1
0.08595723155190839,0.9140252513936457,5.143681210969141e-06,1.0845539977570279e-07,6.1075370164064225e-06,3.278938700494346e-06,2.8784421183565788e-06,1
0.11909029967576015,0.8808862787578909,6.883614772393481e-06,1.2422643866045072e-07,8.17351043051013e-06,4.38809287565527e-06,3.852121831567722e-06,1
0.34330130680603566,0.6566615520426684,9.078274768069554e-06,2.2485272672963513e-07,1.552128208658842e-05,6.205929940535338e-06,6.1108117740319e-06,1
0.3264901626999035,0.6734737266204485,8.633720138257717e-06,2.13841898874429e-07,1.4761219410750766e-05,5.902031352110091e-06,6.599866848130591e-06,1
0.2399636398906087,0.7600004701457663,8.93939835079447e-06,1.4452751060075931e-07,1.3956189732000449e-05,6.404958417748007e-06,6.444889613927486e-06,1
0.21567566707616004,0.7842913807356109,9.322246364067594e-06,1.328139504480418e-07,1.1596436045407773e-05,5.931855098661795e-06,5.9688367703923335e-06,1
0.5136277232109708,0.4861734325013586,1.053929674677444e-05,2.33995725334248e-07,0.00017355794541355798,7.920390210978137e-06,6.592659574036598e-06,1
0.2571485467940724,0.7427635550530269,9.626662346624401e-06,2.296672657906718e-07,6.432808459108202e-05,6.986264243093672e-06,6.727474453994636e-06,1
0.08614011260040616,0.9138316190198331,8.462281960607677e-06,1.2331428606747186e-07,1.06856507036352e-05,4.157559135800938e-06,4.839573674644053e-06,1
0.07456363816968248,0.9254080225541634,8.604135169948003e-06,1.2513032842361508e-07,1.1051730607337543e-05,4.304880750224618e-06,4.253399298240209e-06,1
0.09604732954173965,0.9028860893773717,7.274696793375004e-06,1.4301710872734845e-07,0.0010494544313423562,4.8475333164067316e-06,4.861402327962285e-06,1
0.05080565202174936,0.9491012652342844,5.0231626236515785e-06,9.875411896997467e-08,8.125682786399097e-05,3.347211418358403e-06,3.3567879412639744e-06,1
0.05301366386737607,0.946884465286379,7.280712926410086e-06,9.398510960643922e-08,8.811589671976004e-05,3.185568716642464e-06,3.1946827724845535e-06,1
0.05793256413559143,0.9419657224508876,7.242892098360892e-06,9.349688891905077e-08,8.802991628167088e-05,3.169020770323362e-06,3.1780874817443322e-06,1
0.058264364324162446,0.9416407081985356,1.769118148024372e-05,1.01480207407689e-07,6.462755086438307e-05,8.335668071828441e-06,4.1715966778616465e-06,1
0.32141356347303723,0.6776122679174622,2.3896880807817677e-05,2.591308731379081e-07,0.0009037708095545971,3.930776029551245e-05,6.934027969429099e-06,0
0.13631839914759203,0.8627882329702204,1.6114418397289964e-05,1.7878391595213296e-07,0.0008486703887385918,2.396289351945591e-05,4.441397616466899e-06,1
0.03650111249263119,0.9633156475765122,2.079128110901924e-05,9.7545688489239e-08,0.00014246864296786266,1.605424091300392e-05,3.828220178291233e-06,1
0.16443660076605912,0.8217135612374544,2.642262596990827e-05,1.397617294036328e-07,0.013777002169294821,3.31629337711201e-05,1.3110505721343478e-05,1
0.15786030507304583,0.8294412871746631,2.9041588591163742e-05,1.428553770694315e-07,0.012618415075302978,3.448132900573195e-05,1.6326904014149854e-05,1
0.08223722794615772,0.9051993871019379,3.088015842784869e-05,1.6753151067487886e-07,0.012457256454854812,4.580532999109646e-05,2.9275477119759385e-05,1
0.2231717120207139,0.7257100261422511,3.128576144688632e-05,2.894720151335601e-07,0.051013732992740056,5.729098330966648e-05,1.5662627523258403e-05,1
0.2153835826634798,0.7311841428140086,2.8001486371441265e-05,2.9165553682537597e-07,0.053323060688740806,6.513991928498944e-05,1.578077257756387e-05,1
0.2737152919291321,0.6732266359242159,2.395037959513844e-05,3.0749887208004933e-07,0.05297378924022444,5.071185024476505e-05,9.313177715600788e-06,1
0.25622134751101927,0.6851617410209946,3.903846542107533e-05,3.167195742990792e-07,0.05851086247520276,5.9169844023426496e-05,7.523963764506498e-06,1
0.27060358638789783,0.6733674075330902,3.523761735351556e-05,3.021726917901956e-07,0.05592661305276967,5.9311286751228294e-05,7.5419494458328225e-06,1
0.17588837403976562,0.8237412102206092,3.109634971241149e-05,2.0364933966874184e-07,0.0002846570905365252,4.8890689205789534e-05,5.567960830802116e-06,1
0.1122835344634751,0.8873576140998154,3.728017936912025e-05,1.804512929824656e-07,0.00025835850116067474,5.9970246091938836e-05,3.062058794759372e-06,1
0.21577628721053066,0.7532799861770616,4.283542553458663e-05,3.591480657407666e-07,0.030831487959724267,6.374572680085403e-05,5.298352282500948e-06,1
0.057177053919434284,0.9311851050460481,3.733419696528382e-05,2.4944536852646267e-07,0.011495707873480294,0.00010155279127134117,2.9967274320944387e-06,1
0.05734297322936869,0.9282133336693675,3.7215049120981366e-05,2.4864929199751535e-07,0.014306908389961659,9.633384917189722e-05,2.987163717256054e-06,1
0.027090772415665095,0.9591723855504908,3.548710071085711e-05,3.1219116115935334e-07,0.0136298867946787,6.859610095493818e-05,2.5598463384922682e-06,1
0.035207146151049105,0.9576582552363551,3.971327057140801e-05,1.4388649617083582e-07,0.007021577315198154,7.054716788019262e-05,2.6169724502162042e-06,1
0.02337150903039168,0.9637361762610367,5.799018682528989e-05,2.2921686125644548e-07,0.01277798046804658,5.307210010497986e-05,3.0427367338436108e-06,1
0.009607728587973898,0.9732849964434545,3.714236876883739e-05,2.7817512640202007e-07,0.017029891768241025,3.533243190703735e-05,4.630224528438237e-06,1
0.9180729093928091,0.08123352800085695,1.0585482417605095e-05,1.4828842671886262e-07,6.883264481917374e-06,6.86171480809981e-06,0.0006690838561996523,0
0.9180785950739617,0.08123403108501769,1.0585547974139066e-05,1.4828934507807385e-07,6.4666706544558646e-06,6.861757303115358e-06,0.000663311575743953,0
0.6350495434318514,0.36482025919651384,1.1968273511184478e-05,2.170031707352238e-07,8.5704296487999e-06,7.922639186567991e-06,0.00010151902611764485,1
0.6079572028306938,0.3918704500723812,1.4647895962116272e-05,2.6000254280597457e-07,1.1996044724261602e-05,9.151906189485505e-06,0.00013629124750629335,1
0.3099148873283746,0.6900306603158886,1.5540173184385324e-05,2.3810967247412728e-07,1.5255958617265305e-05,8.070674764356402e-06,1.5347439498376823e-05,1
0.14376809292385198,0.8561821246215947,8.7261570556862e-06,1.692442779599294e-07,2.1640579386952548e-05,5.706095509723317e-06,1.3540378322800236e-05,1
0.0121543972679271,0.012448637466493438,2.4900726891786043e-07,6.995729670172779e-09,0.9753963234146258,1.8535507371484417e-07,2.0049288121492398e-07,4
0.27199149888379914,0.6880258394022101,8.061717393365014e-06,1.8540288565862803e-07,0.03996146807696922,6.395536104128253e-06,6.550980638131207e-06,0
0.14435779815933722,0.8555910735359477,1.1255084917991365e-05,1.7554792612710132e-07,2.6377169072090524e-05,6.298225659063468e-06,7.022277139862877e-06,0
0.1588294405910004,0.796802143338921,8.550921974738035e-06,1.56745517816655e-07,0.04434422458502471,5.386525528931171e-06,1.0097292032331355e-05,1
0.47880291446855433,0.5173565749869025,1.273381221651938e-05,2.827188281596196e-07,0.0038099590246759717,9.56959122144665e-06,7.965397601022436e-06,1
0.21574371421717894,0.7827364918986964,5.787452218702278e-06,1.3058334488128675e-07,0.0015049493659373668,4.591311976042583e-06,4.335170647472883e-06,1
0.1587071136066439,0.8412554185922881,7.596633404822528e-06,1.6025370028744166e-07,1.0134845294814843e-05,5.690970453387909e-06,1.3885098214591335e-05,1
0.1316494782129534,0.8683110311023051,5.522268947674502e-06,8.10675474039467e-08,6.120376972522058e-06,3.3978873424813736e-06,2.4369083931452134e-05,1
0.08811374205169785,0.9118430228826845,4.521945850437158e-06,6.638268854014554e-08,5.231252039896234e-06,2.7823821538168678e-06,3.063310288463511e-05,1
0.155608843269311,0.8442944528829214,5.648826734458192e-06,1.1746781941573929e-07,7.514830538613925e-06,4.171547292323375e-06,7.925117538289136e-05,1
0.2334949125789677,0.7664040033262293,6.3781984691523775e-06,1.3263516499838244e-07,8.48513910772733e-06,4.710173953750363e-06,8.137794810743724e-05,1
0.4329533657707516,0.5668337497785887,7.525557799422256e-06,1.5649459722188348e-07,1.0364038611517916e-05,5.4317802282997625e-06,0.00018940657942323645,1
0.571030915882234,0.42867098595652814,9.61262588952321e-06,1.9029768786954643e-07,1.2170575910191202e-05,6.60505370032302e-06,0.00026951960804984265,1
0.8153960570435236,0.18457273960295242,7.214921964204303e-06,1.6347312205968826e-07,1.5194822665898755e-05,4.574513862591496e-06,4.055621909306217e-06,0
0.8176372378999557,0.18233429180983135,6.520150299651666e-06,1.614925314576568e-07,1.3263071708772888e-05,4.5190904446561415e-06,4.006485228378132e-06,0
0.827882849764635,0.17208584395736778,6.601852705282287e-06,1.8908971003931913e-07,1.5882928009460423e-05,4.5757180596070554e-06,4.056689512978678e-06,0
0.51735922625119,0.4825953829076263,8.313310139861336e-06,2.2927795709870266e-07,1.6071490870163902e-05,6.010341046801207e-06,1.4766421169705791e-05,1
0.3883988995926064,0.6115676859617465,7.020166176511763e-06,1.4802140683636898e-07,1.0836476738167536e-05,4.385641692306391e-06,1.1024139633233935e-05,1
0.22911708502866926,0.7708563180178309,6.60516873981176e-06,1.5020500199213392e-07,1.1115385307377553e-05,4.696544998463058e-06,4.029649452086239e-06,1
0.13491157134409226,0.8650616233422923,7.895999926513838e-06,1.4249663628299345e-07,9.41536400080922e-06,4.932792986586257e-06,4.418660065197854e-06,1
0.2133274146742612,0.7866338153427603,1.0765443374256827e-05,1.9428058297917568e-07,1.4935658796314954e-05,6.8501783448980255e-06,6.024421880026483e-06,1
0.298578257651164,0.7013928611691919,6.792030921631024e-06,1.929302220591276e-07,1.2486271336921485e-05,5.442810555877389e-06,3.967136607687409e-06,1
0.3264901626999035,0.6734737266204485,8.633720138257717e-06,2.13841898874429e-07,1.4761219410750766e-05,5.902031352110091e-06,6.599866848130591e-06,1
0.23697859496513515,0.7629873036126884,9.045713697085706e-06,2.001880425076916e-07,1.1901382887233399e-05,6.481131930264463e-06,6.473005619177431e-06,1
0.18482006945293608,0.8151428377057244,9.19862235340393e-06,1.8356162396646906e-07,1.5967782740557806e-05,5.853191685431391e-06,5.889682936462687e-06,1
0.2926014002879536,0.7073650930189822,7.447822176623288e-06,1.6804657648172727e-07,1.4842456997770777e-05,5.908519649538231e-06,5.139847663421324e-06,1
0.2932299234228895,0.7067218197609763,8.399670558757118e-06,1.8605612961680783e-07,2.5598801971414026e-05,6.663641715539106e-06,7.408645758970027e-06,1
0.0505088845584875,0.9493965253427958,6.834177083000079e-06,9.939086512016792e-08,8.090930540675153e-05,3.3687935458357395e-06,3.3784318161818833e-06,1
0.05650900181383813,0.9433905998846311,7.175470104459875e-06,9.262655334192808e-08,8.684218002151994e-05,3.1395212698272417e-06,3.1485035818461747e-06,1
0.06069500268649848,0.9392208120143747,1.3391627983731811e-05,1.0168659268417402e-07,5.748898860669373e-05,9.048654070972575e-06,4.154341872780777e-06,1
0.1400193104582129,0.8597836288491038,3.234128279013296e-05,2.0855982790573685e-07,0.0001355217791321371,1.7112695553461596e-05,1.1876375379799565e-05,1
0.10874142689683317,0.8911349304302186,1.7118752247004475e-05,1.3921309167265137e-07,8.971616772355086e-05,1.1623998414017769e-05,5.044541471817064e-06,0
0.3270264242183667,0.6720488753125314,2.2905029968139866e-05,2.541351124190121e-07,0.0008716478464508228,2.2879845682880897e-05,7.013611887784742e-06,0
0.3331006434780583,0.6660244437318158,2.3488221067583946e-05,2.546994849515288e-07,0.00082142376389987,2.2930656278586182e-05,6.815449394612201e-06,0
0.18529565654143007,0.8132571771417193,1.7473090493514524e-05,1.741111208195414e-07,0.0013958122016558478,2.8613848382720817e-05,5.093065197804999e-06,1
0.14705244429346698,0.8511747140833548,2.5929424495155934e-05,1.6612022200807648e-07,0.0017059562255649187,3.5265798751756016e-05,5.52405414447505e-06,0
0.0430203512294587,0.9568094177744856,1.6466176494296023e-05,9.209710508100439e-08,0.0001351076380979555,1.4950696049602029e-05,3.6143883086355322e-06,1
0.055652686931657994,0.9440455655129819,4.8459529257940084e-05,1.388719314638219e-07,0.000223836891032437,2.4591815730153475e-05,4.720447407966118e-06,1
0.09292733242518156,0.8940898378190152,4.695909585213118e-05,1.4356997578464227e-07,0.012905160755983422,2.6008411728469192e-05,4.557922263696467e-06,1
0.13941869661313253,0.8483918671841065,4.538383120325119e-05,1.5389772736878063e-07,0.012108587978333953,3.0535978566467846e-05,4.774516929897655e-06,1
0.11385354412750949,0.8670037630892481,4.5476482400855233e-05,1.6046238238867622e-07,0.019033372437003843,4.48292096501252e-05,1.885419180538507e-05,1
0.2190868353377213,0.7652709226476858,3.846194465449142e-05,1.6970902608923658e-07,0.01555232649299236,3.583087140321148e-05,1.5452996516880648e-05,1
0.19559125654140616,0.7541364221222658,3.3455119737851894e-05,3.0081076729475247e-07,0.05015416312833937,6.812613762625499e-05,1.627613985742085e-05,1
0.25581054392749375,0.6852476648710266,2.850885023263028e-05,2.8035827933079676e-07,0.05885230601447855,4.8154651460724375e-05,1.2541327028553449e-05,1
0.2536400705619089,0.6933492627889795,2.6763862035785515e-05,2.8367292039934343e-07,0.05291212700867818,5.614325288233693e-05,1.534885259495586e-05,1
0.3545696874909289,0.6054255238002433,2.78782872651845e-05,2.604974484822082e-07,0.03991180433901944,5.075070098473314e-05,1.4094884109793853e-05,1
0.2153835826634798,0.7311841428140086,2.8001486371441265e-05,2.9165553682537597e-07,0.053323060688740806,6.513991928498944e-05,1.578077257756387e-05,1
0.24684307377862016,0.6943748442016685,2.6566463401434487e-05,3.0176534816693325e-07,0.05868660632515773,5.900505360907935e-05,9.602412194884217e-06,1
0.290498054350798,0.664714812313714,3.162721760729808e-05,3.711802635013548e-07,0.04470668710153592,4.364833025758449e-05,4.799505823778735e-06,1
0.11755112084308819,0.8821576413873952,3.587460660400515e-05,1.793518960750171e-07,0.0002195874729863274,3.2552934784615405e-05,3.04340324558738e-06,1
0.31921709746625826,0.6546493874948867,4.549948452189378e-05,4.2368248340717054e-07,0.0260056454146219,6.537933888791046e-05,1.656711833975723e-05,1
0.03165564407095224,0.9560529232886875,3.515576058735466e-05,3.100358321734103e-07,0.012182188639444582,7.09806454098182e-05,2.797559086302287e-06,1
0.02707461200758056,0.9468271936636686,4.430510914527038e-05,2.2818453710815678e-07,0.025997933851994365,5.324345762571867e-05,2.4837254482785693e-06,1
0.019081166093423682,0.9261921056198478,4.1475549309755246e-05,1.271593533742708e-07,0.05463887835799292,4.3959167286912686e-05,2.2880527855560508e-06,1
0.02239730691462949,0.9582420498123059,4.8683639290975905e-05,1.4810105539322835e-07,0.019257526947759347,5.159888848595346e-05,2.6856964728499403e-06,1
0.016005337137986714,0.9659777870839061,4.142090037312594e-05,2.9438576778893843e-07,0.017921747632180258,5.124278880033579e-05,2.1700709855164524e-06,1
0.9305439142243049,0.0688054508023735,1.1795223931962505e-05,1.1345287178167662e-07,5.69470185867773e-06,5.131040897158401e-06,0.0006279005537619021,0
0.9311227440543342,0.06786608489070253,1.0333645274122002e-05,1.333932368460159e-07,7.376723806982722e-06,5.94371615523506e-06,0.0009873835764902417,0
0.9260141423834399,0.07314660530547902,1.0540233033068535e-05,1.3606000245753278e-07,7.269463773533276e-06,6.1534752370175415e-06,0.0008151530790348849,0
0.9283992855809052,0.07105555150154508,9.185951805316848e-06,1.2868287786867977e-07,6.2617644357055155e-06,5.954511947816773e-06,0.0005236320064830325,0
0.9109587942802939,0.08836354730882903,1.1527829536389246e-05,1.614894473388726e-07,7.042306846528733e-06,7.472562469475877e-06,0.0006514542225772064,0
0.9282215769738853,0.07108666405041184,1.0653078989697622e-05,1.4923536413104147e-07,6.507925092832129e-06,6.905532215885855e-06,0.0006675432040404923,0
0.9281895502121791,0.06984550950025943,1.3727875769371828e-05,1.768094786810241e-07,6.982935999635333e-06,7.0782817022943875e-06,0.0019369743846116864,0
0.9471206864106834,0.05136501801074068,1.0919477977817684e-05,1.2167489301168696e-07,6.874525749323446e-06,4.124143627940565e-06,0.0014922557563280625,0
0.6440939115794132,0.3557835134806212,1.8251213209303293e-05,2.2510861072372496e-07,1.1465343210467717e-05,7.923664382491575e-06,8.470961055265159e-05,0
0.35872535710322917,0.6411977911604998,7.573732352753841e-06,1.4889600682080225e-07,5.694523000295413e-06,5.046797268988146e-06,5.8387787642300206e-05,1
0.3048129317048075,0.6950609077028639,1.192688652731272e-05,1.9510836269655595e-07,1.2534929109065723e-05,7.812494747928804e-06,9.369117358161816e-05,1
0.2878596601412934,0.7120771021334014,1.3172416850434698e-05,2.298394425677659e-07,1.3963874859239608e-05,7.790357148078344e-06,2.808123700486041e-05,1
0.20423125722393598,0.795709243093514,1.3689215207020785e-05,2.0974892047192394e-07,1.2480203572181343e-05,7.109393338431866e-06,2.6011121512008008e-05,1
0.2549747756903692,0.744965767877872,1.1716567354791455e-05,2.1891278700527558e-07,2.603017733164854e-05,7.38067653458611e-06,1.4110097750647178e-05,1
0.3349703900812869,0.6505621198089482,1.2712100364017383e-05,2.3751336335209043e-07,0.014439162622202155,8.007797678356507e-06,7.370076157174362e-06,1
0.02774765626826185,0.02695127496159418,5.222400508528652e-07,1.1818300141345983e-08,0.9452998459317301,3.556169984005906e-07,3.331630646635973e-07,4
0.25763604245968036,0.7101330501443603,7.368984847929832e-06,1.694714647657257e-07,0.032211023399134245,5.8459762785157e-06,6.499564234053478e-06,0
0.22953429279348292,0.7703362319273288,7.2812402804714e-06,1.8413883878245883e-07,0.00010969640196493398,5.822091769457977e-06,6.491406334419585e-06,0
0.1642756150372919,0.8356847856503085,1.1711936528644544e-05,1.6744263969775484e-07,1.5150328918015189e-05,5.8715552564449855e-06,6.698049056623485e-06,0
0.1780186814411513,0.8219351893297502,1.3007495180208547e-05,1.8559252666807645e-07,2.0128122484700406e-05,6.377846695723568e-06,6.43017221121786e-06,1
0.24333334191993208,0.7526139577221557,9.524677515454891e-06,2.1146893168994189e-07,0.0040292796888234785,7.157893393524639e-06,6.526629248132495e-06,0
0.47989416501237286,0.5163022304759362,1.2707861401040708e-05,2.8214266259213943e-07,0.003773115254156624,9.550088915949172e-06,7.949164554716771e-06,1
0.2582257234077472,0.7404093092862387,9.356425769390578e-06,1.8748748361680875e-07,0.0013424619566731813,6.5920621781476545e-06,6.369373909744946e-06,1
0.2869304813868636,0.7120171208014451,1.0195850172033206e-05,2.0430817699022075e-07,0.0010267464416999063,7.18347795939369e-06,8.067733683057675e-06,1
0.2358064415925869,0.7641471363532951,1.2442993395233208e-05,1.6752924540997422e-07,1.2044367716297546e-05,6.010535216011003e-06,1.575662854510774e-05,1
0.1549204210898553,0.8450384508694592,1.2842038998096463e-05,1.6097434339692432e-07,1.1037184956559182e-05,5.775361534600795e-06,1.1312480852612532e-05,1
0.15721232773940397,0.8427487786958193,7.744902284140922e-06,1.0261153238988638e-07,8.951043934805451e-06,4.79979047727235e-06,1.7295216548248865e-05,1
0.1441184226188526,0.8558461335038257,7.0579636503434415e-06,9.351034256388808e-08,8.157125862497775e-06,4.374070256150497e-06,1.5761207210104778e-05,1
0.16638076044162536,0.8335558341324303,5.975894636751667e-06,9.570662183949111e-08,6.956650637899549e-06,4.011473510104318e-06,4.636570053775638e-05,1
0.5509283523603228,0.4488274356208641,8.63300094110673e-06,1.7952396900045836e-07,1.1889185821384505e-05,6.231108055059622e-06,0.00021727920002662663,1
0.531899428215582,0.4677940103686348,9.011473239680757e-06,1.8377917897316235e-07,1.1618463515815917e-05,6.2845388566903234e-06,0.0002794631609921791,1
0.570854040814442,0.42900297163203666,7.6379100456267e-06,1.557668540894287e-07,1.0355101138458373e-05,5.3266254239408736e-06,0.00011951215005922849,1
0.5592633642612862,0.4406241809627221,8.36597797892056e-06,1.565010775935073e-07,1.0403911000398592e-05,5.351733034969821e-06,8.81766528999467e-05,1
0.5944393120469422,0.40551000569082596,8.682762285831241e-06,1.6242711344026087e-07,1.0923531083129476e-05,5.637692284505522e-06,2.527584946495813e-05,1
0.6348041722672,0.365142947821435,9.09452397238064e-06,1.7012987668193694e-07,1.1309929124610011e-05,5.786952660187908e-06,2.6518375731074057e-05,1
0.6652961970006577,0.3346641539183786,8.487855071502309e-06,1.587810138270316e-07,1.2272593359569344e-05,5.4009220971311675e-06,1.3328929421637812e-05,1
0.6464360747811703,0.3535299066232117,8.482022954354383e-06,1.7866444109621217e-07,1.405771463033614e-05,6.077255111491447e-06,5.2229384809075274e-06,1
0.6076414704873773,0.3923176657921776,7.968377639434042e-06,1.8366531989419705e-07,1.3465257627882663e-05,5.567640716602956e-06,1.3678779141279743e-05,1
0.3010218381165869,0.6989324732498997,8.771663623688831e-06,1.84952030653921e-07,9.78477272380722e-06,5.509034467808325e-06,2.1438210667515547e-05,1
0.2606376380037904,0.7393357486561004,6.636810848894662e-06,1.3057403107637807e-07,1.1184690663867e-05,4.61231104819765e-06,4.048953517213332e-06,1
0.1593366060929222,0.8406353427675091,7.5381458043318984e-06,1.5894309605208104e-07,9.054385513402209e-06,4.734324848855183e-06,6.565340306073945e-06,1
0.14038082054392742,0.8595950027838908,7.002898526395608e-06,1.4765731547461412e-07,8.709079098550754e-06,4.398163337259101e-06,3.918873904154025e-06,1
0.3151468683435267,0.6848196181827102,9.352405585367401e-06,1.6877993281055277e-07,1.2807567015307246e-05,5.951045766195373e-06,5.233675463297748e-06,1
0.4251134014024634,0.574845937707713,1.0272305539602924e-05,2.648545115084895e-07,1.727511415646146e-05,7.359968451312156e-06,5.488647164780749e-06,1
0.29881730045265664,0.7011488540455355,9.085035523475863e-06,2.3840480087222727e-07,1.322385349232702e-05,5.6927301774785815e-06,5.605477813679927e-06,1
0.33596357795417514,0.6640016382019457,8.884235545467891e-06,2.200467201469813e-07,1.3626078177357269e-05,6.073284272504085e-06,5.980199163553447e-06,1
0.33596357795417514,0.6640016382019457,8.884235545467891e-06,2.200467201469813e-07,1.3626078177357269e-05,6.073284272504085e-06,5.980199163553447e-06,1
0.24143629262576186,0.7585347309393775,7.54617821947934e-06,1.5895190584264434e-07,1.0587605557624265e-05,5.406734973879463e-06,5.276964203936963e-06,1
0.26395193091184066,0.7360155459847606,8.467465703278579e-06,1.8739100538705595e-07,1.1880210661816397e-05,6.066825037323319e-06,5.9212109911376995e-06,1
0.22597428504486328,0.77399393165166,9.152599234128892e-06,1.7121628177026342e-07,1.0818976949875917e-05,5.823906632873648e-06,5.816604378028385e-06,1
0.22716740479757225,0.7727986921387398,9.801406807300841e-06,1.833534263585091e-07,1.14526222916305e-05,6.236750529147927e-06,6.228930633562189e-06,1
0.27403485471714734,0.7259278246177461,9.08824122595386e-06,2.0177907964594883e-07,1.5356729195096405e-05,6.446347175844879e-06,6.2275684298127264e-06,1
0.5108967440215194,0.48904838383323496,9.962710296813133e-06,2.6861701149389177e-07,3.092175166508414e-05,7.487079546729705e-06,6.231986725465317e-06,1
0.14535873957995094,0.8546076266544715,9.46035960295838e-06,1.6760261708545507e-07,1.3032589082489558e-05,5.070702880509748e-06,5.902511394520236e-06,1
0.09929777938606404,0.9005553617187767,9.362009982689381e-06,1.361521362345316e-07,0.0001280486172184688,4.6840659475755055e-06,4.62804987415481e-06,1
0.05893086791334917,0.9409964326078949,6.826058518373743e-06,9.978878016761661e-08,5.833246807686737e-05,3.364355445995778e-06,4.076807934469853e-06,1
0.14564494298434247,0.8539455647942077,1.6180431995004846e-05,1.6239674914613167e-07,0.00036161574380165327,2.477292436510237e-05,6.7607245389921485e-06,1
0.25906876608457347,0.7385179343937232,2.3681128556028282e-05,2.3768716684317428e-07,0.002340034399924916,4.213105390071661e-05,7.215252155045928e-06,0
0.05239373604213675,0.9474416006569659,2.129581220771737e-05,1.0794814107068073e-07,0.00012149917855326286,1.752389333896865e-05,4.236468656442947e-06,1
0.037696352749137116,0.9621184776356319,2.2710053104582883e-05,9.352143312980279e-08,0.00014330383216113984,1.539192189064177e-05,3.6702866416255927e-06,1
0.11807475700421041,0.8679898612928847,2.63465109964105e-05,1.4424153113614876e-07,0.013872308663918665,2.861843878285506e-05,7.963847675720895e-06,1
0.11783960727114395,0.8735458577982214,4.341318551459878e-05,1.609178440280629e-07,0.00851286034511538,3.678871795779016e-05,2.131176420308864e-05,1
0.131460416981711,0.8596584501234089,4.381640236448926e-05,1.7470096517863618e-07,0.008777861991515142,3.777009453074882e-05,2.1509705504232932e-05,1
0.13152729646887645,0.8501229455889164,4.832575288209892e-05,1.7825408159428462e-07,0.018253536983676107,4.31782765814315e-05,4.538674985604007e-06,1
0.20046256552369424,0.775332331432583,6.834253019800978e-05,2.531513395275992e-07,0.024068627682792398,5.502076026562418e-05,1.2858919127371092e-05,1
0.18364104032898,0.7916556451471608,5.839525318849218e-05,2.5848101373935223e-07,0.024575352018174706,5.6179129514809114e-05,1.3129641967677044e-05,1
0.25176801470618826,0.7260841814841087,3.569827886453454e-05,2.8962125862872887e-07,0.0220320756780966,6.406952875719116e-05,1.567070272622412e-05,1
0.20632814197931373,0.7313864388034713,3.323217586383474e-05,3.146948611728094e-07,0.06216071556510095,7.412940694046576e-05,1.7027374448473193e-05,1
0.21835526134827282,0.7253951676257198,2.937990121178429e-05,3.215111841099399e-07,0.056132450528224735,7.086148079304886e-05,1.6557604593709184e-05,1
0.2433446345797365,0.6974395790173172,2.824764603793134e-05,3.09120648858104e-07,0.05911116748505237,6.0142650646936334e-05,1.591950056018306e-05,1
0.26062531517329757,0.6917989009536445,3.4911043046897845e-05,4.065945554224453e-07,0.04746795212008141,6.558182160394744e-05,6.932293770253538e-06,1
0.3270460495529381,0.618468513769417,3.363386830666774e-05,2.858902835212917e-07,0.05439986945427092,4.7148222516377174e-05,4.499242267265679e-06,1
0.11300449217578509,0.8866805992368295,2.6953135788373202e-05,1.753457106757049e-07,0.00025260424096921314,3.038175141579908e-05,4.794113501568798e-06,1
0.15956644890405589,0.8400673752190537,3.3098297191954965e-05,2.0966839640311037e-07,0.00029249982869933755,3.68102418880928e-05,3.5578407146776337e-06,1
0.3101611091487237,0.6780990668896526,3.845007798953086e-05,3.0992445759264776e-07,0.011633159906478417,6.26449184144286e-05,5.259134283880528e-06,1
0.22832631277022084,0.7570323884125315,4.9210302779960404e-05,3.595839582757161e-07,0.014500229898990913,8.539722097547073e-05,6.101810543093278e-06,1
0.3425111616844746,0.6179121538775422,5.624905535827633e-05,4.805699086702186e-07,0.0394227254289663,8.907455240131105e-05,8.154831348646805e-06,1
0.10371279586617844,0.8259209905942916,4.79885217645512e-05,2.8782584585964465e-07,0.07022530600525624,8.87806758708208e-05,3.850510792583103e-06,1
0.07065527506071388,0.870550362792523,4.69769378755534e-05,4.5984281980230376e-07,0.05865065662769656,9.257627185717489e-05,3.6924665140294074e-06,1
0.934402200370957,0.0652193804935081,1.1581779281930182e-05,9.991531489653912e-08,5.015191951655703e-06,4.518788805744455e-06,0.00035720346018083165,0
0.9696791546669192,0.030006632347140856,5.1827686384358515e-06,5.6837051899475954e-08,2.4048943257564425e-06,2.6300072722921594e-06,0.000303938478651567,0
0.9322641371062975,0.06614071759490243,1.3435025323914064e-05,1.4970544125070464e-07,8.537567801423832e-06,6.92728398171352e-06,0.0015660957162516363,0
0.778098685267359,0.2211608721083701,1.4587228152248177e-05,1.9927090505210021e-07,9.283812800581862e-06,6.754243319742488e-06,0.000709618069093191,0
0.6158406019999644,0.383710450660506,1.614462683827546e-05,2.2054597132600215e-07,9.758489365486942e-06,7.587481935528255e-06,0.00041523619541911213,0
0.6279690505333231,0.37164992667670804,1.6462581313934268e-05,2.248894336663874e-07,1.0066482462398745e-05,7.915949504606177e-06,0.00034635288725433193,1
0.6070395516991202,0.39254840683546377,1.428962832163428e-05,2.461431640203444e-07,9.69735131058807e-06,7.774707677658372e-06,0.0003800336349422372,1
0.3423220385942095,0.6573210426791438,8.579932081700114e-06,1.5946296301894238e-07,9.072268760838871e-06,5.612984377790888e-06,0.0003334940784631796,1
0.18055432933385776,0.8188686569860442,6.239118439425487e-06,1.6532056833043088e-07,7.79749287617947e-06,5.219434569615021e-06,0.0005575923136445759,1
0.3305031172316709,0.6561735663201466,1.282219330689296e-05,2.39570344055116e-07,0.013294743630864322,8.077149082697046e-06,7.433904584430741e-06,1
0.2970715285246941,0.5821275597903769,8.58986973302825e-06,2.2325857466818484e-07,0.1207781280578891,6.394094214541044e-06,7.576404517598286e-06,4
0.2533970600363141,0.6674093425927443,6.771514187685081e-06,1.6751386128511274e-07,0.07917552856109349,5.157196384053831e-06,5.972585414804848e-06,4
0.023651526242760824,0.06782042439466535,6.803881733857642e-07,1.5647525776275007e-08,0.9085262134466969,5.397667662341864e-07,6.001134115852379e-07,4
0.19984611290556226,0.7903555912157668,8.637740357008625e-06,1.6171169271973102e-07,0.009777571613896368,5.578300281436877e-06,6.346512443337893e-06,0
0.2435075326262019,0.7564282319735602,1.0896647706223984e-05,1.7323210657651073e-07,4.026923156297989e-05,6.097648012536091e-06,6.79864084954518e-06,0
0.14968335933508045,0.8501294812163662,9.302814273729307e-06,1.6955400104280398e-07,0.00016289557019131753,5.826686261088371e-06,8.9648238260138e-06,1
0.288850700582177,0.7050577316856329,1.1032157895277733e-05,2.6775456035298994e-07,0.0060627312288847835,9.272801313591018e-06,8.263789536152464e-06,1
0.2681486258116172,0.7279541792235273,8.973185697528332e-06,1.8558268357188125e-07,0.003875350041117878,6.5250893856664035e-06,6.161065970790285e-06,1
0.27261807869287097,0.7263470725569131,1.4712454855738363e-05,2.2947325204405476e-07,0.0009871593514694857,8.068282300848692e-06,2.4679188337906216e-05,1
0.3480755470706907,0.6518714945256808,1.0665453587720376e-05,1.663513222842306e-07,1.190666502861539e-05,5.968274245923601e-06,2.4251659443796416e-05,1
0.17132095496531646,0.8286404674021104,1.2168541007744611e-05,1.1580127632580128e-07,1.0101616143498481e-05,5.472473933365074e-06,1.071920021226736e-05,1
0.17173685535622255,0.8281135808881144,6.558660682021429e-06,1.0503988035655314e-07,7.282211041173192e-06,4.40267025892428e-06,0.00013121517380055715,1
0.2234546341652715,0.7764522218451377,6.137318211399387e-06,9.829189248997667e-08,7.74583968202026e-06,4.119833250857321e-06,7.504270655401029e-05,1
0.25418375847326985,0.7456927417469078,7.579189952196174e-06,1.5760988227718408e-07,1.0082859819948541e-05,5.597082510997042e-06,0.00010008303765703124,1
0.5522501223864313,0.4476144080774893,7.69613635154323e-06,1.5695431616265116e-07,1.0434041487727045e-05,5.367232045331332e-06,0.00011181517187869522,1
0.5763215358665107,0.42348043207872316,8.382867647556379e-06,1.568170300557733e-07,1.046912623387002e-05,5.362537390158868e-06,0.00017366070646445127,1
0.7038456130527297,0.2961051626594652,8.465813461321162e-06,1.583686847778831e-07,1.0528066177019285e-05,5.386896761109183e-06,2.4685142720860044e-05,1
0.8481012736381803,0.15187024265172314,6.156417322305051e-06,1.524835122500055e-07,1.4026099458554544e-05,4.365730281746374e-06,3.7829795216322218e-06,0
0.36323438377573647,0.6367110563504697,9.222846137412514e-06,1.9446529127228047e-07,1.1504380021254999e-05,5.879280983466863e-06,2.7758901360225764e-05,1
0.23919288912802808,0.7607839152931738,6.895839483236521e-06,1.4539995720352573e-07,7.964451473941237e-06,4.3309250134750935e-06,3.858962870335891e-06,1
0.22790951809687904,0.7720654551923122,7.017269876093128e-06,1.3805926306079945e-07,8.785671339435804e-06,4.804648206759446e-06,4.281062123500847e-06,1
0.25437774408745406,0.7455896658803367,7.196401831732091e-06,2.1637327600299556e-07,1.4423497329004488e-05,5.787805550408137e-06,4.965954222224258e-06,1
0.25589515264666585,0.7440755741577472,6.905513107212887e-06,1.587351049202801e-07,1.0924068833353403e-05,4.7281295650832855e-06,6.556748976253169e-06,1
0.1281732898206829,0.87180546281876,6.3072390472248206e-06,1.3298921614522167e-07,7.316299483678545e-06,3.9612551049074165e-06,3.529577705041033e-06,1
0.08177852701732785,0.9181996722614898,6.420305895663756e-06,1.3537325002015794e-07,7.619924660876708e-06,4.032266624721558e-06,3.592850751209295e-06,1
0.32393852253268923,0.6760265732161891,8.88197377471229e-06,1.8048662757219722e-07,1.4124687226505717e-05,6.247889030114567e-06,5.469214462634914e-06,1
0.353168804483952,0.646797307768189,8.537116709944096e-06,2.114492036958089e-07,1.3556644052326706e-05,5.835993021761411e-06,5.746544871157744e-06,1
0.33726006783850815,0.6627063541348983,8.576254494650648e-06,2.1241857704418764e-07,1.3153716334393618e-05,5.862747703253417e-06,5.772889484171169e-06,1
0.26532939965970087,0.7346381471177839,8.451619465071403e-06,1.7802402518961178e-07,1.185797772285974e-05,6.0554714212507474e-06,5.910129881024175e-06,1
0.23705172186450021,0.7629166854989922,8.323970319101638e-06,2.2420957441020036e-07,1.1079249401777378e-05,5.964012528838293e-06,6.0011946834711796e-06,1
0.15813999181378383,0.8418262391135684,8.359528109573717e-06,1.7743752234736116e-07,1.4532071299438373e-05,5.347607040502502e-06,5.352428675976378e-06,1
0.2600309306328528,0.7399337664663252,8.600150655266615e-06,1.7751142607639424e-07,1.4531984942565037e-05,6.100141436617705e-06,5.89311236143497e-06,1
0.09168650809232522,0.9082417688361506,7.349279725463567e-06,1.373142199813891e-07,5.484488112038948e-05,4.724045319603203e-06,4.667551138601642e-06,1
0.08983453838408363,0.910018055760371,6.9582889660536705e-06,1.375827712216332e-07,0.0001309000198068073,4.73328433526903e-06,4.676679666203111e-06,1
0.07160077778787334,0.9273559290702345,9.253458742019641e-06,1.3457347061300146e-07,0.00102476938335116,4.56133806721448e-06,4.574388261247983e-06,1
0.062005801823253125,0.9379164933964627,7.2685880799082775e-06,1.0570859500571918e-07,6.317336286753269e-05,3.5639406223693462e-06,3.593180119515236e-06,1
0.1879810906806354,0.8118179286265115,2.7273444582318206e-05,2.443990707746318e-07,0.0001427924325630414,1.9805009569786343e-05,1.0865407067312387e-05,1
0.34030642256410215,0.6579800444244174,2.2559523372629427e-05,2.4665698658845786e-07,0.0016605801713440878,2.220658820432302e-05,7.940071572730993e-06,1
0.1252547584234984,0.8743448559657012,1.7279925377822636e-05,1.5727740451564216e-07,0.0003537917032824473,2.250255606015154e-05,6.654148675319511e-06,1
0.08452560814537576,0.914441501786106,2.052951680437787e-05,1.3321874720300318e-07,0.0009864969362067863,2.1893495465769865e-05,3.8369012941788e-06,1
0.23253057703280802,0.7654756511764902,2.7121957629640506e-05,2.400157557364795e-07,0.0019177917981205044,4.249938114656175e-05,6.118638049250497e-06,1
0.25356172131020516,0.74423933190571,2.490905935979649e-05,2.3818391662641315e-07,0.0021252014331698764,4.1587630363225126e-05,7.010477275208925e-06,0
0.2607740707651773,0.7369658706587262,2.3867173097983166e-05,2.395544933930585e-07,0.002181145043396898,4.753486822730295e-05,7.2719368809912544e-06,0
0.10422115218133607,0.8955937151139558,2.243513059207225e-05,1.435442077615338e-07,0.00012391767020167297,3.330283985201527e-05,5.333519854803825e-06,0
0.04886456865162395,0.9509998175497778,2.4421088813465644e-05,1.0568578238971367e-07,9.017075135221537e-05,1.6768591179433392e-05,4.147681470795415e-06,1
0.05346355715909326,0.9462744684600142,3.6646439450691597e-05,1.3599346733556168e-07,0.0001947696020038434,2.508522708989102e-05,5.33711888073064e-06,1
0.057128917440580754,0.9426195643516828,3.590431858616068e-05,1.2140186413375998e-07,0.00018815099069209863,2.321488073445304e-05,4.126615859892142e-06,1
0.13712052596335023,0.8490476845440236,3.2388689284871736e-05,1.9550846228833381e-07,0.01374575091035099,3.827842621070352e-05,1.5175958317426332e-05,1
0.15330081778232668,0.8336132373626008,3.455396504704859e-05,2.0857875763032925e-07,0.012994154349489072,4.083744759496883e-05,1.6190514183627377e-05,1
0.27329123633349367,0.710625406791851,5.521666188172678e-05,2.3061541946906166e-07,0.01597041460732583,4.307313934191308e-05,1.4421850686159652e-05,1
0.16074365681353972,0.8198099049883464,5.1729554820034146e-05,2.0124731083612297e-07,0.019339832654734667,4.414602991197821e-05,1.052871133619696e-05,1
0.1653596966333055,0.8035127804501739,2.1083725937130586e-05,2.2086411678779446e-07,0.031040377315900352,5.298639078042134e-05,1.285461978570494e-05,1
0.1788723507461842,0.7809646773798241,2.609307999552494e-05,2.587640305248535e-07,0.04006881114238848,5.380779450218977e-05,1.4001093075121133e-05,1
0.18857958334463268,0.763035271306838,2.2715300250213857e-05,2.4919878578424226e-07,0.04829775752639221,5.0939782181935596e-05,1.3483540919097084e-05,1
0.1888847211867531,0.7507242167633275,3.0376766488778997e-05,3.625215100304648e-07,0.060275974329269684,7.116788070878236e-05,1.3180551942199997e-05,1
0.11629580888549379,0.8834423951643994,2.0474921596389983e-05,1.5726715215275937e-07,0.00020961461151761167,2.724932080838069e-05,4.299829032506141e-06,1
0.08664467338453193,0.9130646786220318,2.1841851744318626e-05,1.5928037647925404e-07,0.00023282011906053713,3.1471869812151745e-05,4.354872442967349e-06,1
0.2561003664141305,0.7197729389407986,5.015209790952234e-05,3.8879723022551304e-07,0.023969327572323312,0.00010022864458687974,6.597533020915395e-06,1
0.40875522819350096,0.5707355575847519,4.7326487895253475e-05,3.565408275914132e-07,0.02036356780539773,9.191321622493063e-05,6.050171401618418e-06,1
0.14867657965038814,0.7691387700611954,4.6913915271938504e-05,3.663339501137348e-07,0.08205524977508703,7.644218967622163e-05,5.678074431223788e-06,1
0.03835913831347889,0.9476733584006756,3.70047851533969e-05,3.7700897946741476e-07,0.013851133463043291,7.642303365138751e-05,2.5649950178467763e-06,1
0.03247932732632355,0.9366084449148858,4.994940658728279e-05,2.2083424687938672e-07,0.030788768589642763,7.041874889461027e-05,2.870179419271308e-06,1
0.9709163541875636,0.028910966279179846,4.894575178350424e-06,5.458391047336861e-08,2.489861115202451e-06,2.5257481994140423e-06,0.00016271476485305383,0
0.9449672424984467,0.05414245233719165,1.286539252727716e-05,1.4484229393247305e-07,7.523086111207074e-06,6.702252732101943e-06,0.0008630695906970628,0
0.703358048239671,0.29592985712496006,1.7227873389898865e-05,2.3534381492477353e-07,1.041324899914761e-05,7.9769266335332e-06,0.0006762412425313308,0
0.41797794448417686,0.5816867497194929,8.661382456246957e-06,2.4466795541493794e-08,6.966474856538174e-06,5.858127965460502e-06,0.0003137953442565446,1
0.23755074785700372,0.7616273918971339,1.0746356322173183e-05,1.7579642282766037e-07,1.1829903744043883e-05,7.310129041779996e-06,0.0007917980603316793,1
0.30118796390188307,0.6978473296544654,1.268818743653489e-05,2.0756225613954184e-07,1.393197092795716e-05,8.311171359068805e-06,0.0009295675516720911,1
0.4484680120726884,0.5514608771106806,1.612976972347031e-05,2.4714358973796234e-07,1.57085633269096e-05,8.376877394963267e-06,3.0648462595775225e-05,1
0.36237761893235737,0.6297004449666671,1.3469470593376814e-05,2.516640973241949e-07,0.00789192089894063,8.484891737611094e-06,7.809175606495543e-06,1
0.022061528616211693,0.04041511030111506,5.730433303809955e-07,1.4175958034670753e-08,0.9375218319991208,4.3643074642325114e-07,5.054335178547072e-07,4
0.20927416287737208,0.7778476479813994,8.996877090404439e-06,1.837564704871094e-07,0.012856025629077731,6.338742448331441e-06,6.6441361417377625e-06,0
0.2667256055191896,0.7332259999401763,9.85371012086454e-06,1.8305518012827296e-07,2.5837729109302213e-05,6.297679636029645e-06,6.2223665877463605e-06,0
0.16936624628770328,0.8072060093709121,9.730870595042875e-06,1.7837495824812333e-07,0.02340552517215712,6.129816531337241e-06,6.180107142759859e-06,0
0.2802779090309736,0.71628123327791,8.087523874481942e-06,1.7956093851770846e-07,0.0034213122310386935,5.7365320078608334e-06,5.54184325700425e-06,0
0.2858558843474387,0.7093435541719229,9.362515924189073e-06,2.07868585283412e-07,0.00477753955816995,7.036027285100326e-06,6.415510674011549e-06,0
0.4241602871159932,0.5693938392640847,1.0078917727193055e-05,2.4461906822723134e-07,0.006419720357450225,8.279973792845964e-06,7.549751883570436e-06,1
0.408134481357381,0.5856874109500674,1.0287240075200628e-05,2.288577939424179e-07,0.00615278180849815,7.746479249816778e-06,7.063306934361877e-06,1
0.32879150858051337,0.667796242100535,7.735770768654808e-06,1.7454361332633803e-07,0.0033924074635849027,6.136955543109264e-06,5.794585441842459e-06,1
0.3212827196141913,0.6786659815477416,1.4637475214968126e-05,1.9707518115457865e-07,1.4043228558739617e-05,7.070570357029851e-06,1.5350488755269245e-05,0
0.24426895986014643,0.7556940470082348,1.2565952942454661e-05,1.6918474095736023e-07,1.1507286320352242e-05,6.069930304093459e-06,6.680777310965951e-06,1
0.32764882716360344,0.6723056956676089,1.540507709868864e-05,2.074099744209832e-07,1.4233106873347405e-05,7.441357193238088e-06,8.190217648109067e-06,1
0.23419989013662842,0.7657513247695404,1.249256273155502e-05,1.1939658338028292e-07,1.0406411623354025e-05,5.642379004901065e-06,2.0124343887944656e-05,1
0.26831005349634357,0.7316323172530353,1.4549624751721638e-05,1.3905677499083685e-07,1.265068737516196e-05,6.57146968099189e-06,2.371841203808883e-05,1
0.4585532515238926,0.5412195147013781,7.185490880970714e-06,1.4942287751020352e-07,9.895705663015112e-06,5.186327490685319e-06,0.00020481682781702573,1
0.46129809553462037,0.5384127494813308,9.217423421530934e-06,1.7569549092831422e-07,1.1635640361877083e-05,6.098225183280558e-06,0.0002620279995911705,1
0.5008677212343116,0.4988330589815178,8.915837779013401e-06,1.7584785487687993e-07,1.1246430213542534e-05,6.103513592580411e-06,0.00027277815473061395,1
0.8675043919174342,0.13247029309313316,5.342777103334246e-06,1.3233109050838134e-07,1.2853807543290662e-05,3.7030577281163765e-06,3.283015967311237e-06,0
0.39629795859566275,0.6036551072614503,7.003249890691703e-06,1.614198259263537e-07,1.1834349258741032e-05,4.893289575910426e-06,2.30418343353654e-05,1
0.4191497541698281,0.5807848985244747,1.1046362537771128e-05,2.3291444705913018e-07,1.3778995181494682e-05,7.04171664984741e-06,3.32473168810023e-05,1
0.28987530276381146,0.7100788758342231,8.730997504372165e-06,1.8409457855941522e-07,1.0083994285498812e-05,5.483494152698374e-06,2.1338821444405513e-05,1
0.14011293474713923,0.8598611196651259,7.141741872310733e-06,1.505848512160027e-07,7.947804540419334e-06,4.485363760244609e-06,6.220092710718443e-06,1
0.10855785403938563,0.8914209264894418,6.233061503672949e-06,1.1248610768548442e-07,7.491934888005845e-06,3.893921271077513e-06,3.4880674020423553e-06,1
0.15423662364111376,0.8457378434445576,7.532364239397607e-06,1.3593421699110303e-07,8.943826712096931e-06,4.7056223199483e-06,4.215166840287106e-06,1
0.20090121823633736,0.7990690449153385,8.035780874180111e-06,1.6329151905618095e-07,1.093697046397082e-05,5.652647535971889e-06,4.9481579309272995e-06,1
0.3935794942330238,0.606383563172373,9.627024647102524e-06,2.1812568216473845e-07,1.5065581407914936e-05,6.103871659620554e-06,5.9279912064119396e-06,1
0.3312795058649557,0.6686879089396535,8.00798872741392e-06,1.9834364424751732e-07,1.271640724158568e-05,6.272080067266202e-06,5.390375710362151e-06,1
0.33596357795417514,0.6640016382019457,8.884235545467891e-06,2.200467201469813e-07,1.3626078177357269e-05,6.073284272504085e-06,5.980199163553447e-06,1
0.1712508678413261,0.8287186705550967,8.946337571030808e-06,2.9743069275454913e-07,9.797025067501307e-06,5.6926599086267065e-06,5.728150337255337e-06,1
0.23079649018395992,0.7691710088607767,8.745054209355861e-06,1.7523659656111442e-07,1.1466160050207106e-05,6.161320841975809e-06,5.95318356530973e-06,1
0.48569475451620786,0.5142684384862011,8.6205183865298e-06,1.9450633594623605e-07,1.5413094074809418e-05,6.68416780720181e-06,5.894710986588345e-06,1
0.1729221062900316,0.8270476786264176,8.151669118020603e-06,1.494268806041023e-07,1.1601814177948152e-05,5.135022157533255e-06,5.177151216804577e-06,1
0.09164568008804522,0.9083260065521624,7.25534896208309e-06,1.3299658602452456e-07,1.1746720166798353e-05,4.570398668239763e-06,4.607895409340553e-06,1
0.10071380989302813,0.8992570172634281,7.2710676899310516e-06,1.3585290335534023e-07,1.2474273140387832e-05,4.67377138607556e-06,4.617878423840589e-06,1
0.07332212106109681,0.9265531557123043,9.003159177293122e-06,1.3314663956661878e-07,0.00010648036569406598,4.580667315816457e-06,4.5258877718155106e-06,1
0.06474891974858733,0.9351703473223528,5.673482646950724e-06,1.0539908851423676e-07,6.781788207196087e-05,3.5535056832064384e-06,3.582659569393504e-06,1
0.07469296025976832,0.9252059716753429,8.119494943831047e-06,1.0541505892669497e-07,8.570590833846633e-05,3.5540441219371077e-06,3.583202425615764e-06,1
0.3546946573459214,0.6429971783044344,2.5574445100456878e-05,2.8337569021116163e-07,0.0022500539369839524,2.0751891718301424e-05,1.1500700151421874e-05,1
0.3437613757318395,0.6544468244048102,2.10213398036176e-05,2.4533248836031983e-07,0.0017403304105660558,2.208734330825733e-05,8.115437183959869e-06,1
0.129795465481951,0.8698267043583809,1.646429972041242e-05,1.3659677250731028e-07,0.00034372319915232206,1.1165998527554108e-05,6.340065495395967e-06,1
0.08415459712398614,0.9150417742304939,1.952931887551407e-05,1.265599448274124e-07,0.000757056795300886,2.2409859371955083e-05,4.50611202663779e-06,1
0.09210241477739659,0.9072229397671587,1.9586450245209387e-05,1.284200113859203e-07,0.0006284926749992176,2.2739219739925227e-05,3.698690448831866e-06,1
0.15777945017207537,0.8205284463371287,3.332792155561572e-05,2.0599302322081875e-07,0.021612297193627332,4.0331188977636176e-05,5.941193612077994e-06,1
0.24271223688615864,0.7286103597976258,4.607209806444194e-05,2.630806217547346e-07,0.028572987934578083,5.150831861412229e-05,6.571884337039399e-06,1
0.309245469628368,0.6616279765913109,5.074893622561059e-05,2.6701275849300103e-07,0.02901863645443244,4.987124355828493e-05,7.030133346351869e-06,1
0.35479483388322136,0.6326189167402743,4.350252273318651e-05,2.442021128345463e-07,0.012460253052217063,6.455280009716417e-05,1.7696799343966724e-05,1
0.37590544865076886,0.6050135864230067,3.538576797614897e-05,2.4753177100316495e-07,0.01897496194169041,6.04964244015151e-05,9.873260385347344e-06,1
0.200763541969581,0.7876898365754285,3.653280510877086e-05,1.6732376843816512e-07,0.011462000886268897,4.0893698885088375e-05,7.026740959274723e-06,1
0.13760361500580354,0.853972362651404,2.7779999323923423e-05,1.6129407074468525e-07,0.008339403956351334,4.344515545483965e-05,1.3231937591436966e-05,1
0.14954810935454108,0.8282669609136222,2.7226982470586267e-05,2.3651618193325017e-07,0.022078676106847526,6.502453310165481e-05,1.3765593235046334e-05,1
0.14953436746234164,0.8226884761422889,2.419274297585526e-05,2.3492321495357836e-07,0.0276779553907808,6.110045820795737e-05,1.3672880189791733e-05,1
0.1506682197956792,0.8188366531751659,2.2970202221180622e-05,2.4869278617478703e-07,0.03039656782291521,6.156375569791094e-05,1.377655553459531e-05,1
0.13981433821933767,0.8126453684308879,2.4150720026993484e-05,2.401991885828119e-07,0.04744581269874995,5.7093137231629106e-05,1.2996594577288096e-05,1
0.08921725709033626,0.9105601158254691,1.6275376200863995e-05,1.764999739471572e-07,0.00017009822524224766,3.143252981965962e-05,4.644452958013655e-06,1
0.2781287786058922,0.7063941808972649,4.1593703870370165e-05,3.3526345810803317e-07,0.015354480611854104,7.494180373755097e-05,5.689113922676518e-06,1
0.22277280911218475,0.760196537503303,4.847251931404073e-05,4.7679704255007987e-07,0.016892988987164174,8.318196240907988e-05,5.5331185826785855e-06,1
0.030233690432836465,0.9277202637638315,4.2059155717550235e-05,2.4950664098749044e-07,0.04195999981145111,4.132053758468538e-05,2.4167919376878985e-06,1
0.9494518804222405,0.05010279979590553,1.283817944652982e-05,1.0574080683893198e-07,5.3075991800588415e-06,4.8929189968594285e-06,0.0004221753434239802,0
0.8109995129819776,0.1886322871442882,1.788133803730724e-05,1.912248151608441e-07,9.26328369984258e-06,6.578741030426488e-06,0.0003342852861513827,0
0.7543017836626501,0.24508108455201913,1.401016775975279e-05,1.9138788947970354e-07,8.636290972727329e-06,6.584351304969501e-06,0.0005877095874040296,0
0.21964649628012825,0.779878628106299,7.83355676050556e-06,1.6131851804082544e-07,6.2697297279149085e-06,5.678298612223645e-06,0.0004549327099540727,1
0.32066565935675684,0.6791922805274533,1.3124524438435433e-05,1.8848875145121242e-07,1.2951421275151286e-05,7.5493283726586e-06,0.00010824635295220054,1
0.42588041531661563,0.5739767276018808,1.4474708681553005e-05,2.2178441014969415e-07,1.3196323402173819e-05,7.517333603141637e-06,0.00010744693140660935,1
0.4307154120579331,0.5692368593768451,1.2046437412072272e-05,2.2379009970077954e-07,1.3448555111647639e-05,7.585316007539078e-06,1.4424466590565034e-05,1
0.15404887816441545,0.8459120460303918,1.3567121352664829e-05,1.9730726180958525e-07,1.1952313638958558e-05,6.652243102210148e-06,6.706819837293777e-06,1
0.33311114869215147,0.6598130095380098,1.4113586865211956e-05,2.636987900761821e-07,0.007044391227053143,8.890643158579504e-06,8.182613971640734e-06,1
0.43588940324897973,0.3621183560446557,1.027776442147786e-05,2.025972520181749e-07,0.20196907001890665,6.096225834953796e-06,6.5940999493064225e-06,4
0.03181080840759586,0.023049665309188196,5.833647195313728e-07,1.6915330651212518e-08,0.9451381967989384,3.980366281647936e-07,3.3116759910422057e-07,4
0.23127783533861496,0.7515811203572959,1.0494253117547826e-05,2.14339586269956e-07,0.017115192055120007,7.3937175123445705e-06,7.749938752993382e-06,0
0.19996821334960385,0.7999883640021764,1.1296463355965318e-05,1.7958827308883972e-07,1.8577122006579473e-05,6.321380592293953e-06,7.048093991640091e-06,0
0.23991950925669797,0.7568200971695203,7.652442843933472e-06,1.5795026118093238e-07,0.0032419115432971764,5.427926271854367e-06,5.243711107681854e-06,0
0.2885887893456746,0.7075284981938058,8.196030359652564e-06,1.8492853481423528e-07,0.0038616900629019736,6.502089507482676e-06,6.139349215902396e-06,0
0.3198073527623241,0.6746388035917201,1.1759575889849013e-05,2.3564268518022898e-07,0.005520437723797113,8.285199644092288e-06,1.3125503939611612e-05,0
0.29053224513713605,0.7094260355786886,1.4722762976010556e-05,1.9822347351448766e-07,1.3482387668287738e-05,7.1117682484822915e-06,6.2041418092470075e-06,0
0.5513316886839976,0.4484225288460974,7.678225463051722e-06,1.5658904310528304e-07,1.0014724073387092e-05,5.435058356051143e-06,0.0002224978729695296,1
0.5715589970352458,0.42831074519016193,7.400051872349289e-06,1.5091599578531776e-07,1.0032624776969037e-05,5.160744785716149e-06,0.00010751343716150224,1
0.5859689772672142,0.41390623376467756,8.378452747844766e-06,1.5673444119837063e-07,1.0419424594381865e-05,5.359713169883336e-06,0.00010047464315478815,1
0.6366844989173576,0.36318204583916086,8.944314883844713e-06,1.673199381093704e-07,1.1123129447092761e-05,5.691372848960049e-06,0.00010752910636344937,1
0.6549773843939466,0.3448897620432524,8.895360974669798e-06,1.6640416477628333e-07,1.1190995319660536e-05,5.6602229002891e-06,0.00010694057944160722,1
0.6234517968324698,0.37649847557041444,8.416403569486211e-06,1.5744438144652938e-07,1.046662014901331e-05,5.355456665304037e-06,2.533167235063136e-05,1
0.5356944907614433,0.46425581672716276,7.717915662517933e-06,1.5624484120087266e-07,1.3081331094994467e-05,5.39263868184271e-06,2.334438111332229e-05,1
0.27842844548347107,0.7215244949473755,8.61626299593662e-06,1.8167538178767335e-07,1.1791788672449126e-05,5.411435260709916e-06,2.1058406842546818e-05,1
0.2231092872626175,0.7768618791940949,7.377557177264641e-06,1.6958585037877413e-07,1.1734202804145291e-05,5.051332995296562e-06,4.50086446057192e-06,1
0.25663563556098995,0.74333598255817,7.1021188273409875e-06,2.0637273050115802e-07,1.0816656988515687e-05,5.520299258356418e-06,4.7364330351498035e-06,1
0.2808984858194815,0.7190657456522533,9.70018146652852e-06,2.0452998848484142e-07,9.478469706190438e-06,6.092189159965537e-06,1.0293157943978496e-05,1
0.12199975001787454,0.8779807848706211,5.712632717882982e-06,1.20451839796857e-07,6.866396607229247e-06,3.5687987421445906e-06,3.1968315973372718e-06,1
0.18202608466364315,0.8179516136786398,6.57912398496913e-06,1.1873138883890311e-07,7.811962216483358e-06,4.110113595867987e-06,3.6817265307655036e-06,1
0.19219007547275607,0.8077840475893194,6.772576685425273e-06,1.4459260701781112e-07,1.0025382655492038e-05,4.764065809218055e-06,4.170320167200874e-06,1
0.35221793323065154,0.6477505224580935,7.755506370220844e-06,1.7857841215992563e-07,1.2315474050409787e-05,6.074328844856768e-06,5.220423577331609e-06,1
0.298923896426435,0.7010461610304775,7.361694531206546e-06,1.6951049453548934e-07,1.1690114563536378e-05,5.765884431432539e-06,4.9553390668840956e-06,1
0.3138963196310293,0.6860720147257018,7.785337143814742e-06,1.7926529602380268e-07,1.2362844280097167e-05,6.097693138541261e-06,5.240503410467661e-06,1
0.33596330543117353,0.6640010995848711,8.88422833885772e-06,2.2004654165205919e-07,1.3626067124314709e-05,6.0732793460484556e-06,6.791362604519381e-06,1
0.2669872845732461,0.7329806878763849,8.432551281854767e-06,1.8661832454459538e-07,1.1425563561791634e-05,6.04180932500982e-06,5.941007876117238e-06,1
0.1798635187745785,0.8201073693080245,8.549945169912025e-06,2.842521975847302e-07,9.362940587735771e-06,5.4404307576454104e-06,5.474348683994851e-06,1
0.1844975820847336,0.8154721289202302,8.344906844450967e-06,1.5296908898590294e-07,1.1337663762060832e-05,5.2567493759133125e-06,5.19670596451972e-06,1
0.4906942270470742,0.509271390939791,8.078363687271331e-06,1.8227360012450457e-07,1.4188648304613007e-05,6.4087419718712005e-06,5.523985570916925e-06,1
0.377821963767509,0.622142158897809,9.021732878888221e-06,1.8621309477073277e-07,1.4495308753493468e-05,6.399172383207077e-06,5.774907571593405e-06,1
0.20297790200241317,0.7969947357146877,6.907649819634711e-06,1.3841801498883366e-07,1.0747062926620463e-05,4.86677907122095e-06,4.7023730667294576e-06,1
0.055135501508847676,0.9447829684570138,5.699051263821378e-06,1.0648248632376625e-07,6.851498245413132e-05,3.5900321876345707e-06,3.6194857467778223e-06,1
0.06835182304193856,0.9315607169904977,7.677422695865072e-06,1.1251034766312159e-07,7.213949902545015e-05,3.793260126594273e-06,3.737275368123564e-06,1
0.367454755445838,0.630931178636422,1.8634150080064507e-05,2.3256817969148557e-07,0.001567168151240055,1.9148710299194557e-05,8.882337940945443e-06,1
0.15081634959745338,0.8488482888899385,1.5736866057934914e-05,1.3954622120067958e-07,0.0003016010388121654,1.1407098951544693e-05,6.476962565129227e-06,1
0.08717394601370637,0.9122448205864145,1.910603781325899e-05,1.2510370335194654e-07,0.0005387028158479794,1.8845179334710266e-05,4.45426317955403e-06,1
0.14076739801889665,0.8590198627749616,3.008128873777045e-05,0.0,0.00012963321529017692,4.61062319284839e-05,6.91847018533023e-06,0
0.08987041624366392,0.9099962520802959,1.7737453876338067e-05,1.3037369143477724e-07,8.12319207670002e-05,2.8872592402885567e-05,5.35933530254756e-06,0
0.05909582630092936,0.9407808584339257,2.1716074716177124e-05,1.2137842065886734e-07,7.565714690226669e-05,2.1694846121840892e-05,4.1258189840287184e-06,1
0.0649464966356766,0.934782814610407,3.957191327669323e-05,1.4684978339684513e-07,0.00019895274455677966,2.6254066883910333e-05,5.763179415556814e-06,1
0.110267097805769,0.8784362971357567,2.3038401430254525e-05,1.438043137603587e-07,0.011239534130002586,3.0024616981691437e-05,3.864105745840634e-06,1
0.38674619894676304,0.5951193794408015,2.560629277305536e-05,2.4195583688225275e-07,0.018055864456384994,4.719134177472487e-05,5.517565665956675e-06,1
0.38534885007592473,0.5991940296149803,2.4252287547486328e-05,2.4361245474239066e-07,0.015375725327411235,5.13437384695262e-05,5.55534321224152e-06,1
0.21547704998014797,0.7748919224302285,3.280738642646903e-05,1.7465456433373813e-07,0.009545828509218231,4.268533531988688e-05,9.531704094673807e-06,1
0.20527171550115902,0.785242823078285,5.304837016804437e-05,2.1514081759930872e-07,0.00937681651958904,4.865764759807436e-05,6.723742383384129e-06,1
0.20527221537883786,0.7852447353015971,5.0642308825737356e-05,1.861318806167279e-07,0.009376839354012501,4.8657766089177134e-05,6.72375875704149e-06,1
0.17351062956090582,0.8179014116332722,2.6117536369927075e-05,1.4978285647627794e-07,0.008514915025563684,3.771832672356416e-05,9.058134308074211e-06,1
0.13680225668427198,0.8561723329699195,3.473657412336724e-05,1.7804875675291625e-07,0.006937014249314349,4.149146709244917e-05,1.1990006521540881e-05,1
0.06547573635456126,0.9342308108021028,1.7717159168284425e-05,1.3453550602515888e-07,0.00022815745128993762,3.886629564672991e-05,8.577401724855564e-06,1
0.09286845760883626,0.9068682309834283,1.4328894538341108e-05,0.0,0.0002097924772573041,3.130305111343024e-05,7.886984826113738e-06,1
0.13024772122216788,0.8359361013629032,2.3921526331220873e-05,2.2952086871745065e-07,0.033718972533567274,5.969537855037367e-05,1.3358455611339824e-05,1
0.1363156429787819,0.8172849480981007,2.3506154605508132e-05,2.2553548425635052e-07,0.04630488692860526,5.766380410840818e-05,1.3126500313700773e-05,1
0.0789704301475485,0.9208148992101806,1.5942882851379497e-05,1.101129397999806e-07,0.0001637785768556361,3.071495245740846e-05,4.124117166565874e-06,1
0.08301388136812006,0.9167268568803437,3.510135900046518e-05,1.9260548140034596e-07,0.00018914906931078202,3.258360114100163e-05,2.235116602473617e-06,1
0.14344716016921155,0.8412327766076532,3.3746013313826826e-05,2.7897281586043487e-07,0.01523134844929705,4.995309246811905e-05,4.736695240178998e-06,1
0.2525218272584011,0.713395619683415,3.594958024500686e-05,3.322086907716156e-07,0.033979714155102834,6.165618652552335e-05,4.900927619882897e-06,1
0.20661324226444922,0.7563548683482805,3.368903183151297e-05,2.813265905482023e-07,0.03692825791201267,6.530063285607144e-05,4.360483979492407e-06,1
0.08953483668748026,0.8703389861709036,3.5694189438402405e-05,2.4224786441686353e-07,0.040018391308443604,6.756048431624244e-05,4.288911553337416e-06,1
0.07433970881071279,0.8747171639259717,3.903269000076274e-05,2.961292115420351e-07,0.05082256098373372,7.393278906289415e-05,7.30467130665053e-06,1
0.07015222319634759,0.8882073402766358,4.126786064284569e-05,3.474234057459148e-07,0.04152087680485177,7.255947186801196e-05,5.384966248315529e-06,1
0.055674634868819926,0.9094939902160336,4.796405725238411e-05,3.851286408198742e-07,0.0346869370859469,9.107011522903619e-05,5.018528077388235e-06,1
0.9610706781932741,0.037619480973801946,9.115690544701051e-06,1.0231409059015978e-07,5.135597122423886e-06,4.627276285997608e-06,0.0012908599548802325,0
0.9473580066144301,0.051679515652178015,1.4834974592684605e-05,1.3074716436970088e-07,6.9263872384383835e-06,6.050032182036207e-06,0.0009345355922142949,0
0.937975396990454,0.06128143561000257,1.452393800733465e-05,1.280058619633055e-07,6.781165565020909e-06,5.923184553184466e-06,0.0007158111055561113,0
0.9005787907437379,0.09806485478292347,2.1654761159703883e-05,1.7586626053957313e-07,1.0671569773644722e-05,7.953760544689924e-06,0.0013158985155996685,0
0.9092124409514873,0.08989388197457021,1.2645618795830885e-05,1.4911798896053391e-07,9.378376366090604e-06,5.0543213045917925e-06,0.0008664496394868792,0
0.7557521979026695,0.2437340906958302,1.401217339391633e-05,1.9141528773047473e-07,8.750615302441427e-06,6.585293891821312e-06,0.00048417190362439475,1
0.648910648723849,0.350495669343301,1.5228512830789313e-05,2.1693719344407935e-07,9.727255486030713e-06,7.63603625558412e-06,0.0005608731910844941,1
0.5685483698936182,0.430991639721749,1.3707604022433088e-05,1.9527114554857535e-07,8.755770698630845e-06,6.873406645517106e-06,0.0004304583321205916,1
0.4489710642327907,0.5505899434166116,9.419364762412983e-06,1.5964131008258064e-07,5.921453700115948e-06,6.555671332138495e-06,0.00041693621949304583,1
0.2658658568147285,0.7337655617279273,7.589520351791493e-06,1.3511612442471715e-07,4.449018796489513e-06,5.548544439672751e-06,0.0003508592576317433,1
0.22246281194356243,0.7771705985255946,7.333298387638144e-06,1.260239688232843e-07,4.14189231654897e-06,5.438640340986162e-06,0.00034954967582895497,1
0.26275044440781903,0.7368910363269582,7.577656431680238e-06,1.4056287711702405e-07,4.25379367475704e-06,5.539870968239146e-06,0.0003410073812709929,1
0.28914704981008776,0.7100473475683526,1.3893449027488829e-05,1.9953171429765054e-07,1.396348572018765e-05,7.991619767200561e-06,0.0007695545353304755,1
0.32291248212339085,0.6769762094767008,1.4877318252155888e-05,2.2795327531314845e-07,1.3849280935704015e-05,7.726425925524373e-06,7.46274215198133e-05,1
0.307414175763162,0.6925389785834031,1.3477874870274434e-05,2.0651072114388756e-07,1.2219357937887786e-05,6.999635287332206e-06,1.3942274618364258e-05,1
0.32726413126900933,0.672681215888322,6.478422160265107e-06,2.1722321931611933e-07,1.369546983765718e-05,7.3237125135823934e-06,2.6938014937804932e-05,1
0.1733365772748235,0.811284111239903,9.303728339809752e-06,1.741800049841051e-07,0.015357125230736455,5.872504266044976e-06,6.835841925964831e-06,0
0.19823748248066073,0.8003316710313328,1.5145193359499715e-05,1.882312317870992e-07,0.0014013828985584,6.600529473386438e-06,7.5296353830449165e-06,0
0.29461197263944666,0.7022117483647617,8.710148284398366e-06,1.797818323512241e-07,0.00315512392233574,6.1781634530094045e-06,6.086979886060137e-06,0
0.4339905587698557,0.5597928780997602,1.0312505128571206e-05,3.2005567678601625e-07,0.006189676059322805,8.471869154441375e-06,7.782641101418529e-06,0
0.3160832660012404,0.6763861013605721,8.479119800783883e-06,1.913159337467125e-07,0.007509383971148926,6.726670530744907e-06,5.851560773392089e-06,0
0.3242680102061061,0.6756878980419023,1.556000843729741e-05,2.0949592989994603e-07,1.424909619310585e-05,7.5161961196276575e-06,6.556955311674226e-06,0
0.32500318186641314,0.6749438674280613,1.757382176733488e-05,2.2028701364250902e-07,1.498306362793419e-05,7.903353530233038e-06,1.2270179586515012e-05,1
0.43157638236410845,0.5683697211904292,1.8617321941200737e-05,2.3336723831302523e-07,1.5305333666111735e-05,8.37263965889122e-06,1.136778295794553e-05,1
0.3646980419402245,0.6352385676266802,1.2598434179011305e-05,1.5127897302309292e-07,1.2054153678988455e-05,7.149059689169068e-06,3.143750657516009e-05,1
0.3882360902940164,0.6116790555565387,1.3595156342270736e-05,1.632473734691137e-07,1.3721629278881104e-05,7.714655868615758e-06,4.9659460581575856e-05,1
0.4139633302456954,0.5859406415653622,1.1150736748265096e-05,1.338953698340303e-07,8.683896710820067e-06,5.669852353903158e-06,7.038980775949099e-05,1
0.2649156204466602,0.7349203575124386,1.0577429669745872e-05,1.1201334235199495e-07,7.765667627053052e-06,4.743249251936453e-06,0.00014082368100995689,1
0.2087793120875117,0.7909251720366487,7.494705051986432e-06,1.4285834807108884e-07,8.691185191814492e-06,5.0732222496835765e-06,0.0002741139049980056,1
0.6058836396964342,0.3939656224113314,8.524631804054952e-06,1.5946899056918406e-07,1.058599316676742e-05,5.42432356497323e-06,0.00012604347470812277,1
0.6119323433679595,0.3879557363639815,8.526345676958787e-06,1.5950105172891748e-07,1.0603343901361571e-05,5.425414122476865e-06,8.72056633063423e-05,1
0.6343901660929075,0.3655582579189986,8.213660554367226e-06,1.7301168367466699e-07,1.1708292203658832e-05,5.884977069350945e-06,2.5596046582745643e-05,1
0.83887372111775,0.16109805384849277,6.3048517867338505e-06,1.4285307738801775e-07,1.4235774429782318e-05,3.997497414815014e-06,3.5440570484432465e-06,0
0.23428362035033798,0.7656829372674259,8.459699843940945e-06,1.9446076221612254e-07,1.3611976368044666e-05,6.015192428178884e-06,5.1610528335907715e-06,1
0.19977376607798727,0.8001965960450534,8.261771360629285e-06,1.7420086491007006e-07,7.246290407700637e-06,5.188797147663286e-06,8.766817178156272e-06,1
0.1972129152798265,0.8027639033124796,6.822982696769612e-06,1.2313223059210388e-07,8.154643962523832e-06,4.2624571311367965e-06,3.8181916727882594e-06,1
0.21095698812188926,0.7890178693429729,7.39646053966198e-06,1.3348160551048352e-07,8.852758376190355e-06,4.6207204933087174e-06,4.1391141229209434e-06,1
0.19366251282694924,0.8063106664629306,7.236466319446338e-06,1.470490044966348e-07,9.890845421865085e-06,5.090381899436183e-06,4.455967474861001e-06,1
0.23339213671376222,0.7665836165496701,6.345916323521107e-06,1.354835283163992e-07,9.393801266207054e-06,4.463938082843169e-06,3.907597366937381e-06,1
0.2752072994109455,0.7247664372700051,6.34780361061158e-06,1.5722381036653162e-07,1.1165935363291931e-05,4.3194923086755405e-06,4.272863956420651e-06,1
0.3224381161397533,0.6775330796620919,7.262181560673647e-06,1.7987132661665166e-07,1.15320914316126e-05,4.941699416014685e-06,4.888354419741647e-06,1
0.3389223537207656,0.6610425560997846,8.96247754121243e-06,2.219846352836553e-07,1.374608079832688e-05,6.12677068444946e-06,6.032865790311776e-06,1
0.2846858665836112,0.715281632406379,8.880141167664262e-06,2.3302806921599057e-07,1.1601247812719766e-05,5.564342315977136e-06,6.222250644218989e-06,1
0.2846858665836112,0.715281632406379,8.880141167664262e-06,2.3302806921599057e-07,1.1601247812719766e-05,5.564342315977136e-06,6.222250644218989e-06,1
0.3445771664994872,0.6553826245737999,1.0721409102726645e-05,2.4292185384643696e-07,1.504258808897096e-05,6.704637421669568e-06,7.4973702456176555e-06,1
0.2207704529370107,0.7791978265142124,9.144547756469567e-06,2.1705347855397537e-07,1.0685104040841646e-05,5.8187833828607195e-06,5.8550601181074415e-06,1
0.1759321550285322,0.8240385935046917,8.590929744115395e-06,2.856147741922832e-07,9.407822294653638e-06,5.466509724662612e-06,5.500590238226552e-06,1
0.17187773382556465,0.828093308547905,7.825200218814132e-06,1.5680422567160737e-07,1.0260084841766515e-05,5.388543011560687e-06,5.326994232701699e-06,1
0.1803404056865999,0.819631851778928,7.0319332723657005e-06,1.4090845229706018e-07,1.0940425665339643e-05,4.8422882268831696e-06,4.786978855387294e-06,1
0.16733855219071972,0.8326344177778231,6.851334284092502e-06,1.372895436785729e-07,1.0659446064153273e-05,4.71792522159997e-06,4.664036343750334e-06,1
0.16733841366345933,0.8326337285011246,6.851328612377551e-06,1.3728943002667312e-07,1.0659437239983104e-05,4.717921315977225e-06,5.491858817648968e-06,1
0.09788265406944187,0.9020911218096933,7.050502605923959e-06,1.2924158179645693e-07,1.0034585544479437e-05,4.531994301559176e-06,4.477796831160685e-06,1
0.10685820024002483,0.8930800810336058,7.992987465392489e-06,1.4848800525827482e-07,4.3496915057468585e-05,5.032968146129368e-06,5.047367695100211e-06,1
0.10568204445622159,0.8941461311780623,8.441825761582777e-06,1.568262021556656e-07,0.000152579326633799,5.315589488558531e-06,5.330797629942909e-06,1
0.05445362510460062,0.9454632162666713,5.354806843943288e-06,1.0005053826174396e-07,7.092973577588205e-05,3.3731805590799506e-06,3.400855010980391e-06,1
0.04791557606434835,0.9520029001043493,5.391845560171194e-06,1.0074257881579633e-07,6.921035219983083e-05,3.3965125449301152e-06,3.424378418519624e-06,1
0.048101966785166775,0.9518243779994358,5.1485915936654626e-06,9.619756141507915e-08,6.18972608551242e-05,3.243278343464135e-06,3.2698870437527492e-06,1
0.07043529282478421,0.9294720165182715,7.43836030279169e-06,1.1071420634630225e-07,7.773126615775726e-05,3.7327036410768744e-06,3.677612636290959e-06,1
0.09047311424680078,0.9094395337931305,8.304602852260029e-06,1.329600119199272e-07,7.080773340283314e-05,4.000770681869853e-06,4.105893119668731e-06,1
0.12814343034104053,0.8714939353411004,1.553239711202356e-05,1.3467711472678047e-07,0.0003296355291365845,1.1080748880341608e-05,6.250965615260409e-06,1
0.10578756141817477,0.8938961491809911,1.9736877803533192e-05,1.3506291821161947e-07,0.0002800383323039458,1.0861155078457007e-05,5.517972729982865e-06,1
0.10327282179418507,0.8963815265813995,1.9267700633731618e-05,1.3185225650805837e-07,0.0003109545609916538,1.0602968041418441e-05,4.6945424921013705e-06,1
0.08243867274087206,0.9172175839349825,1.8388926890791347e-05,1.2426492093214915e-07,0.0003108129051489115,9.992828490064112e-06,4.424398694746174e-06,1
0.05994898686163515,0.9399243690524994,2.0605360588185393e-05,1.212679174237126e-07,7.984696826437612e-05,2.1752845959281922e-05,4.317643136160766e-06,1
0.07140446792520103,0.928344286392104,2.9647028608262504e-05,1.415338264008704e-07,0.00019175066219866767,2.5213228041928467e-05,4.493230019848624e-06,1
0.07272933238265454,0.9270272394620445,2.6518900917052907e-05,1.4563142067894509e-07,0.00018619712306084662,2.5943184841540317e-05,4.623315060913351e-06,1
0.21982165439388068,0.7478831265658344,3.631478030138967e-05,2.455726185803227e-07,0.032204443719225775,4.8080442399638455e-05,6.1345257392555504e-06,1
0.24255644729280315,0.7521207833247745,3.199489600938111e-05,1.8376006648526528e-07,0.005233931599872201,3.649159649268482e-05,2.0167529981695996e-05,1
0.173503252572197,0.8178666376860287,3.170085537866829e-05,1.497764882990441e-07,0.008549829997151277,3.771672308884127e-05,1.0712389666950044e-05,1
0.1610955146093704,0.8305913112668104,3.05359550215285e-05,1.4917122106424955e-07,0.008233933678912132,3.756430466223271e-05,1.099101400225936e-05,1
0.1561692708986463,0.8363296828154404,4.503948996159804e-05,1.504707757092289e-07,0.007400167853969445,4.397634507841934e-05,1.1712126128079e-05,1
0.07853399453418249,0.9212347424189957,1.6116360092335347e-05,1.2632060111876838e-07,0.00017884687672507332,3.229666729247217e-05,3.876822110527362e-06,1
0.07753537442247584,0.9222363565350904,1.7903192235438066e-05,1.2334151450090207e-07,0.00017462903472321376,3.1534997632254015e-05,4.0784763283446676e-06,1
0.07186221389606001,0.9279189260758266,1.7644354657498376e-05,1.3256566794046135e-07,0.0001668706204269389,3.018913744281007e-05,4.023349917916608e-06,1
0.12329250524232309,0.8763996910703523,2.2308519782474227e-05,1.6870790443453772e-07,0.0002466003362443003,3.586333690972977e-05,2.8627864837155655e-06,1
0.12266545245004079,0.8770427281933838,2.915791758677678e-05,1.6552974005999218e-07,0.00022449931886759148,3.518773383054473e-05,2.8088565505273683e-06,1
0.07311576089235004,0.9265973936286822,2.938643353586611e-05,1.4724890485142457e-07,0.00021547293564218433,3.9151155647035494e-05,2.6877052378911582e-06,1
0.08798853778866222,0.9118164920876592,3.4776933897559966e-05,2.494572193343136e-07,0.00012452631079633197,3.31942773635818e-05,2.2231444018230547e-06,1
0.13692065654282226,0.8471815062453654,3.43004554614867e-05,2.7818034823552123e-07,0.015785336407401356,7.057112064649517e-05,7.351047954631899e-06,1
0.25375831877326804,0.7318111424701532,5.240510064382632e-05,3.7619566128386105e-07,0.014276157652017113,9.521236081752299e-05,6.3874474388598515e-06,1
0.22150973568604296,0.7057657788823624,4.556684392793318e-05,3.28319373430175e-07,0.07260197136345921,7.153004577820082e-05,5.088859055980236e-06,1
0.07493361939108303,0.8878574389244108,3.4785127660063e-05,3.2290740448950593e-07,0.03710238885687551,6.865571111854717e-05,2.78908144744497e-06,1
0.07351416357546176,0.9058692312241532,4.562980189650406e-05,3.7276699289071715e-07,0.0204827028471789,8.212199951005375e-05,5.7777848066766016e-06,1
0.05649986087995713,0.9205983095943518,4.669749258961014e-05,3.714190548730045e-07,0.02275722796796915,9.269276465150941e-05,4.839881426084231e-06,1
0.027068093356435802,0.9534196874817902,5.920662652044506e-05,3.466730466080468e-07,0.01940349473806357,4.599756637906923e-05,3.173557764480634e-06,1
0.03853550322017144,0.9149656833269559,6.0121224519762756e-05,6.489785970933299e-07,0.04638538104490682,4.943962335621101e-05,3.2225814929497917e-06,1
0.9457013552059635,0.05299022391196459,1.1630498768830233e-05,1.0946797061947092e-07,6.251836029018807e-06,4.950819008427747e-06,0.0012854782602948376,0
0.9594641596296298,0.03927991003751242,1.2192731732126332e-05,1.0713219720640582e-07,6.118437444055661e-06,4.845180881153221e-06,0.0012326668506033582,0
0.9620389416471353,0.036770238204571586,1.1015321266385626e-05,1.0168578345171879e-07,5.104059605806548e-06,4.598860349294654e-06,0.0011700002212880086,0
0.9585266580568951,0.040261644605474656,1.3355301914517373e-05,1.1770615741299964e-07,5.480354577566937e-06,5.446588794529101e-06,0.0011872973861861737,0
0.9504758636020583,0.04839681346297541,1.4395036071197407e-05,1.268697924320493e-07,7.245673184880834e-06,5.870615480208658e-06,0.0010996847404378613,0
0.9097711895008903,0.0890756213089312,1.4218935659732857e-05,1.520210781286359e-07,7.5316084856699e-06,5.948270143469629e-06,0.0011253383548117271,0
0.9244808647869907,0.07455011681024279,1.2090252095261629e-05,1.4256906740425223e-07,8.970569898761816e-06,6.352571458668818e-06,0.0009414624402464307,0
0.906165746251702,0.09305091974332948,1.5018069369170606e-05,1.578756267470002e-07,8.397100098145975e-06,5.431423021699226e-06,0.0007543295368530145,0
0.8060568733394815,0.19358046352886285,1.911756282222552e-05,2.0444512649884574e-07,9.346278835206887e-06,7.033561732233253e-06,0.00032696128313954004,0
0.6246226151948315,0.3748630366752388,1.4590840220679588e-05,2.0785325281832921e-07,9.319940309302464e-06,7.316287950277117e-06,0.00048291320819647104,0
0.7214471512682624,0.2782905132992205,1.0543441585464193e-05,1.3517384268134883e-07,7.0236277151497815e-06,4.758023956770122e-06,0.00023987516541712213,0
0.771525779622048,0.2281771789457033,7.494154780435722e-06,1.2701245968140153e-07,4.320188626023744e-06,5.215767399597505e-06,0.0002798843089829689,0
0.7575927916657524,0.2420831168022939,7.83845626652303e-06,1.1413482069979271e-07,3.830345130471474e-06,4.85276896587717e-06,0.00030745582677002564,0
0.3016448372926859,0.6979315751495784,8.591575963198758e-06,1.5295570642668528e-07,4.864327329616018e-06,6.281126978911115e-06,0.00040369757175757115,1
0.3340018074467355,0.6657861590564015,1.5388228889466112e-05,2.357815512963094e-07,1.561998948407821e-05,7.991763611176683e-06,0.00017279773332685392,1
0.30979146539527647,0.6900667966618576,1.367100813048878e-05,2.186907695129871e-07,1.4487599885953715e-05,7.412475336960233e-06,0.00010594816874306325,1
0.4231064004859156,0.5768399452799523,1.3677943869225562e-05,2.193420473818708e-07,1.3941326032684231e-05,7.434550256497803e-06,1.8381071926187085e-05,1
0.3875387205046609,0.6124165431534645,1.252323952676133e-05,2.008249941596615e-07,1.1646947596320921e-05,6.806918826838146e-06,1.3558410930416114e-05,1
0.2589092161803571,0.741052979153684,1.1154930159136558e-05,2.0722831548244184e-07,1.2411720761140655e-05,6.986732873426014e-06,7.044053849715404e-06,1
0.20894237246150169,0.7803513542266463,1.007936163488769e-05,1.887010449659405e-07,0.010682090209484288,6.509307240171529e-06,7.405732447701241e-06,0
0.12888249699193668,0.8710764506298928,8.958877713127628e-06,1.4242593691635962e-07,1.7773037561743596e-05,5.013292560683954e-06,9.164744398197618e-06,0
0.2313380868113814,0.76861897454064,9.195461913876124e-06,1.807784452999704e-07,2.1289985760811316e-05,6.127445480319952e-06,6.144976378330483e-06,0
0.2936390476486606,0.7034294638555348,9.739386629874354e-06,2.010258283928594e-07,0.002907833624171736,6.908208743035697e-06,6.806250431441776e-06,0
0.4271990652553024,0.5663777584593687,1.0443511496557664e-05,2.534678941188049e-07,0.006395878420609505,8.778029470121618e-06,7.822855858769281e-06,0
0.3153231701161455,0.6818649594020132,1.3471621895612297e-05,2.699492895789805e-07,0.002769266996789856,9.491420267224107e-06,1.9370493598879844e-05,0
0.33828681844905567,0.661663362390032,1.7593016226588272e-05,2.3686782105460772e-07,1.607738436863032e-05,8.498231914699168e-06,7.413660581236478e-06,0
0.17628308882487995,0.8236036709498368,6.487797236999613e-06,1.3491428044568986e-07,8.63094215787025e-06,4.7911104853076496e-06,9.319546112273272e-05,1
0.2270558878600844,0.7728280370078771,7.324102084697905e-06,1.5230530896257938e-07,9.743507563839775e-06,5.408705144689133e-06,9.344651193667331e-05,1
0.17935484746835662,0.8205435248891446,6.105947340824212e-06,1.2697368025446213e-07,8.122953969200714e-06,4.5091218573421926e-06,8.276264565115391e-05,1
0.24506111328273147,0.7547158452499267,7.052923499476618e-06,1.4666612784132567e-07,9.713136676495852e-06,5.090643303425156e-06,0.00020103809773450114,1
0.6008636479492268,0.39885903060507333,8.493046014788833e-06,1.732064205335725e-07,1.147079874986083e-05,6.011831891773919e-06,0.00025117256262304107,1
0.6422899662146911,0.35762392912614865,8.707179341197134e-06,1.628838795811772e-07,1.082822823088672e-05,5.540480711722624e-06,6.08658869968023e-05,1
0.8499660488133677,0.1500030613921089,6.8400954901314226e-06,1.6282965279129484e-07,9.750322182087964e-06,4.336860716761278e-06,9.799686481550806e-06,0
0.8719249661718285,0.12804099921515658,6.693471200270276e-06,1.516582771031349e-07,1.4044336050090758e-05,4.2438957685760875e-06,8.901251718878672e-06,0
0.4728091999405344,0.5270102788708704,7.5258249835047195e-06,1.7346480244895978e-07,1.2755750733364243e-05,5.2584216637559725e-06,0.00015480772641223982,1
0.34241313220394315,0.6573564981652288,1.1392869337755339e-05,2.402206023156311e-07,1.6716142925038026e-05,7.155280065622963e-06,0.00019486511789745115,1
0.34804299605771016,0.651875485987429,1.0761396043735054e-05,2.2690587969934629e-07,1.5700364174830807e-05,6.758683901941615e-06,4.807060486063161e-05,1
0.25159579666039517,0.7483349919641786,8.319520886804956e-06,1.9123850760257987e-07,1.3232421379252185e-05,5.6962852812695075e-06,4.177190937137917e-05,1
0.21181125823840172,0.7881470559512448,7.828182695554198e-06,1.7994425355821878e-07,1.3810298328982366e-05,5.440265566710807e-06,1.442711950867477e-05,1
0.20291516228192005,0.7970541790834548,5.681664262765643e-06,1.5095785060300723e-07,1.0789596744493929e-05,3.9485233869017355e-06,1.0087892380241193e-05,1
0.21746206070058707,0.7825064512091837,8.777531616601383e-06,1.850757582900456e-07,7.698656907859892e-06,5.512719854822574e-06,9.31410609169528e-06,1
0.2985856690098786,0.7013814411571999,8.112585093674744e-06,1.8020835623995773e-07,1.2654978622224423e-05,6.3540028579024045e-06,5.5880579914256075e-06,1
0.28979348645821096,0.7101742863468887,7.94754628626764e-06,1.8300032629961906e-07,1.239753138987394e-05,6.2247398619743636e-06,5.474377035728058e-06,1
0.2694692335440992,0.7304976061512638,9.06904577353744e-06,2.0589549951094059e-07,1.1848037712150535e-05,5.68271091759021e-06,6.354614734315936e-06,1
0.2669872737560103,0.732980658178997,8.432550940202183e-06,2.2713423823201658e-07,1.14255630988744e-05,6.041809080220349e-06,5.941007635411831e-06,1
0.18379824232564426,0.8161717524264607,8.779447358528353e-06,2.918822466865969e-07,9.726158516662776e-06,5.58646570185641e-06,5.62129407127605e-06,1
0.1487052916410944,0.8512672091677891,7.954634343823392e-06,2.6446044369639316e-07,9.125285078827474e-06,5.061627471279397e-06,5.0931837791209965e-06,1
0.1406291675673255,0.8593440132457627,7.717375414576964e-06,2.965604523638397e-07,8.853109731314218e-06,5.010869398370027e-06,4.941271915211398e-06,1
0.1653578192725508,0.8346095842110545,8.090269893137374e-06,1.6544122672232633e-07,1.284520135898176e-05,5.875191220921793e-06,5.620412695041961e-06,1
0.16766829580319675,0.8322997975169826,7.919056380703564e-06,1.619400118181715e-07,1.257335974286258e-05,5.750855180413729e-06,5.5014685051006616e-06,1
0.1777284828589607,0.8222394119645625,8.845282143069549e-06,1.6214138473557105e-07,1.2017490031703451e-05,5.5719533186013905e-06,5.508309598604457e-06,1
0.10935399976971913,0.8906156414963289,7.604719031687762e-06,1.3940083022551353e-07,1.289659341417345e-05,4.888239213983103e-06,4.829781461728329e-06,1
0.05009956395219224,0.949816024534803,5.416649255414128e-06,1.0120601720531393e-07,7.204138914508773e-05,3.4121372621281673e-06,3.440131324967253e-06,1
0.052342238699849226,0.9475727127006065,5.403856005918982e-06,1.0096698496093821e-07,7.270769191645904e-05,3.404078345767198e-06,3.432006291157397e-06,1
0.12366146607301477,0.8757285116651823,1.5038717710548626e-05,1.3003399287860444e-07,0.0005789422821012809,9.875770378348285e-06,6.03545761986495e-06,1
0.08224478324870133,0.9174061768182609,1.823963443608721e-05,1.2481701911383788e-07,0.00031619419991754227,1.0037225753571035e-05,4.444055911409669e-06,1
0.08675846021825596,0.9125870127722989,1.7722837298778614e-05,1.2807708823174858e-07,0.0006211117222388264,1.0299385913627983e-05,5.264986905454161e-06,1
0.060487132976227244,0.9388869688773802,1.6766197107645877e-05,1.1213375778386238e-07,0.0005889268186693649,1.6100522973225033e-05,3.992473884458488e-06,1
0.06633940255068302,0.9335263792407695,2.1837692346400792e-05,1.2852051100266558e-07,8.46223253549881e-05,2.3053804648767854e-05,4.575865686286021e-06,1
0.07421557979580072,0.9255644349374559,3.06390714729763e-05,1.4626980262472356e-07,0.00015515337663835605,3.0024633375299903e-05,4.02191545436485e-06,1
0.1552224624445049,0.8203312841780273,2.708346130972671e-05,2.2854045635250048e-07,0.024368457391319435,4.47749304983108e-05,5.7090538841856155e-06,1
0.21768594490533694,0.7587980850169893,2.368168153066536e-05,2.1241276443202527e-07,0.023449676673646926,3.780861350416066e-05,4.590696227674564e-06,1
0.2000956793929824,0.7826427784064738,2.240473245890747e-05,1.6815829344318436e-07,0.017200585148596313,3.344571100333984e-05,4.93845019202833e-06,1
0.2337236104035189,0.7567552077754675,2.5584445642341786e-05,1.8283515303626554e-07,0.009447989302215354,3.876467604207335e-05,8.660561960870875e-06,1
0.17204771227175544,0.8243850298938767,4.799242165005895e-05,1.535257928472136e-07,0.0034646733121790007,3.874077387098823e-05,1.5697800874902084e-05,1
0.17505162782669056,0.8204407793960493,4.513218320426017e-05,1.5279125235592771e-07,0.004407640759048553,3.904434863363501e-05,1.562269512131556e-05,1
0.1390022996533133,0.8531593631928048,3.466769308703529e-05,1.4595799345331567e-07,0.0077586269766992556,3.711041764982268e-05,7.786108452310107e-06,1
0.14099441324731113,0.8518747894941172,4.316389032193885e-05,1.4374455694039615e-07,0.0070428821041105295,3.953195078537559e-05,5.075568796921412e-06,1
0.05802601952422809,0.9417372284415368,1.837705951323947e-05,1.2660615618869853e-07,0.00017925117049772535,3.293302419862178e-05,6.064173869076632e-06,1
0.07246005914446262,0.9273185507830503,1.7221071517940844e-05,1.1987519456768452e-07,0.00016972135942484412,3.0648755953375895e-05,3.6790103964658845e-06,1
0.062310321191217016,0.9374639213353315,1.8198801943258054e-05,1.2537807583500397e-07,0.00017195006516878834,3.205568976992331e-05,3.4275384936928407e-06,1
0.0507173205780735,0.9490296236901705,1.8405747042255988e-05,1.38286165629918e-07,0.00019882286774230987,3.149186456417793e-05,4.196966241561238e-06,1
0.092085463000325,0.9076324108728392,2.9617783970657538e-05,1.44786748945459e-07,0.00021122428480409934,3.849650732079504e-05,2.642763991423856e-06,1
0.057656777022706864,0.9136479301686629,3.517913507724002e-05,2.810423862006584e-07,0.02858629925374653,6.9177298528949e-05,4.356078891079143e-06,1
0.025330627127822764,0.9665406183227911,4.6132490804152506e-05,2.012995049334001e-07,0.008029194492870267,5.072264299327179e-05,2.503623213594759e-06,1
0.9632114615826135,0.03258452774333326,7.965360634743957e-06,1.0180971669713162e-07,5.814464736574858e-06,4.604465377538933e-06,0.0041855245735876335,0
0.9620658462144696,0.03499547558368139,7.572591359236367e-06,1.0168862721602953e-07,5.807549183318456e-06,4.5989889619137194e-06,0.002920597383717346,0
0.9540517260540909,0.04517552316805123,1.4387259000935334e-05,1.273470995835804e-07,7.27293272052367e-06,5.892701799567093e-06,0.0007450705372371456,0
0.9352958136037156,0.06379210323473776,1.4417110081316627e-05,1.2761132284568658e-07,7.288022801214783e-06,5.771373665372948e-06,0.0008844790436760179,0
0.8249378958611776,0.1745220843555729,1.6158486971674062e-05,2.1698442185626314e-07,1.005041934244476e-05,7.464953321191472e-06,0.0005061289391922575,0
0.8371086630351858,0.16252736032217036,8.527013412492887e-06,1.2416081864182e-07,4.1668159126561e-06,5.2790529988016345e-06,0.0003458795995011138,0
0.7182379282784979,0.28128025231690684,8.690610653081056e-06,1.9030390060436528e-07,4.838642061537781e-06,6.353529232599181e-06,0.0004617463187474669,0
0.4040810168582815,0.5938488618932418,1.195884755389735e-05,3.547019524556821e-07,7.0204212551270645e-06,8.742870962116653e-06,0.0020420444067532836,1
0.4708290374934175,0.5251258141288324,2.0664632766390043e-05,3.006608144581043e-07,1.2556576880059392e-05,1.0583048685136353e-05,0.004001043458604089,1
0.28800149528172025,0.710625189560761,1.3838405396718467e-05,2.348431953425909e-07,1.4139037832822524e-05,7.959958243351978e-06,0.001337142912850218,1
0.32930097577797013,0.6705547916487977,1.3349543548866417e-05,2.2349932721212588e-07,1.4806320178819687e-05,7.575460338250361e-06,0.0001082777498390263,1
0.4057047989015802,0.5942488794926339,1.273148278609424e-05,2.04164421729497e-07,1.2681983006687112e-05,6.920107986838339e-06,1.3783867584622183e-05,1
0.36117204282418225,0.6387834908724782,1.2503851888324809e-05,2.005140903901166e-07,1.1428135839334747e-05,6.796380812229428e-06,1.3537420709129446e-05,1
0.34774625115939384,0.6522086442848599,1.268332742290688e-05,2.033921933847311e-07,1.1592170954862327e-05,6.893933477631452e-06,1.3731731697481924e-05,1
0.2921864019771095,0.7077669715898179,1.1770588646483298e-05,2.1866557859617243e-07,1.2462664996369555e-05,7.411621496397963e-06,1.4762892354858194e-05,1
0.23343106148657009,0.7665276988139978,1.0934673189748518e-05,2.03136539013347e-07,1.1996621175242621e-05,6.848778033129306e-06,1.1256490494825147e-05,1
0.33541759450363223,0.6639523211666449,1.1265425060516185e-05,2.104836273388682e-07,0.0005854097017841946,7.096486187337763e-06,2.6102233063613603e-05,1
0.044201616841114504,0.02283578555696025,8.122208827511075e-07,1.838057069300875e-08,0.932960695765989,5.530781331123998e-07,5.181563498226799e-07,4
0.2484470161887046,0.7337951741378225,8.033163423380274e-06,1.6934249199656784e-07,0.01773740314287275,5.7094068102896334e-06,6.494617874507085e-06,0
0.18299342397072196,0.7961416448836517,1.00849662443189e-05,1.6413274647696228e-07,0.020843569127270548,5.533759480438631e-06,5.579159884563981e-06,0
0.19599454770618085,0.7992612801277538,8.887468720938876e-06,1.8152186223218682e-07,0.004721589754579084,6.389441566844212e-06,7.123979336429746e-06,0
0.1183058932108234,0.8816566195603291,9.067693006622783e-06,1.441558545046047e-07,1.7988910393197438e-05,5.074184440095205e-06,5.212285153378171e-06,0
0.1769689101034713,0.8221948000454946,1.1954300862044748e-05,1.9455615270944661e-07,0.0008108343395814579,6.693349623452228e-06,6.613304814490532e-06,0
0.22265972883984114,0.777123000366217,9.972640415310021e-06,1.8632919019785927e-07,0.00019436785242323866,6.410315981687503e-06,6.333655931487759e-06,0
0.534687995174472,0.46358105585198484,1.0629089489083093e-05,1.9484005827768484e-07,0.0017072313217973123,6.731310262485497e-06,6.162411936087575e-06,0
0.13108203278898906,0.8666725012379141,8.45230738957301e-06,1.5493783038112089e-07,0.0022261662355844234,5.324404744519191e-06,5.368087547861584e-06,0
0.46242605517871604,0.5325536429029241,8.364589191559058e-06,2.0301167938123359e-07,0.004998931152009615,7.030643902979186e-06,5.772521576395401e-06,0
0.3644103698692057,0.6355407655558579,1.7255916077631924e-05,2.3232919182059387e-07,1.5769325273152252e-05,8.335397116651226e-06,7.271607277012859e-06,0
0.42058066728953636,0.5793586400095363,1.8364947577800265e-05,2.4726090515175014e-07,1.5466917516846364e-05,8.87111008182735e-06,1.774246484576839e-05,0
0.07835537185892662,0.9215727055692625,5.476931672431692e-06,5.23452988107753e-08,4.929032581987691e-06,2.2165823661111175e-06,5.924767989159786e-05,1
0.12879061807012868,0.8711210162421927,4.870176191854082e-06,1.0127571694450638e-07,6.478964658576288e-06,3.5965292017786216e-06,7.331874190916249e-05,1
0.2097752257174077,0.7901121493317435,6.766682786669705e-06,1.4071372853045178e-07,9.001953297697669e-06,4.997061971214921e-06,9.171853906478531e-05,1
0.5458944994204111,0.4538574679151186,7.771286549115528e-06,1.5848692256808251e-07,1.0136103824917379e-05,5.500931966544635e-06,0.00022446585520711994,1
0.5046541160824297,0.4951977855430601,9.363099702952659e-06,1.7515408202360674e-07,1.1643929286310036e-05,5.9895938187101546e-06,0.00012092659762015225,1
0.8801093436709628,0.11986129808273902,6.785526850488462e-06,1.537440411098786e-07,9.093042036382656e-06,4.302262283161032e-06,9.023671086979344e-06,0
0.7466021285708584,0.25335674928137136,7.996518837569592e-06,2.3168644890845081e-07,1.8055402766909043e-05,5.070073724486966e-06,9.768465992409665e-06,0
0.7504225110515327,0.24948161998140886,6.471137205436904e-06,1.6027856424899635e-07,7.29890450359951e-05,4.485119662457946e-06,1.1763386590219085e-05,0
0.7046213190470936,0.29533662779018777,7.409333331602542e-06,1.8351601437746206e-07,1.5071818098502372e-05,5.829328018795838e-06,1.355916725542835e-05,0
0.388765551356714,0.6109626446347209,8.283637473203837e-06,1.9093183019769632e-07,1.4040190278851851e-05,5.787918113863819e-06,0.00024350133086898276,1
0.31492944213718177,0.6848166545152563,1.075723600634501e-05,2.26818164598096e-07,1.5694294878455207e-05,6.7560711946659685e-06,0.00022046892731758552,1
0.31879805472249334,0.6811283743757998,1.0559936026155761e-05,2.4273830590697695e-07,1.6795861821521592e-05,7.2302731101189295e-06,3.874209244328303e-05,1
0.2225548789057756,0.7773780759716747,8.059127476875007e-06,1.8525291687180467e-07,1.281825866826743e-05,5.517996751376389e-06,4.0464486736290925e-05,1
0.21180850728749026,0.7881368196971384,7.828081025102398e-06,1.7994191648788335e-07,1.3790292811712335e-05,5.440194909921155e-06,2.7434504708021804e-05,1
0.24084127150805631,0.7591242987987735,6.392537188221885e-06,1.347877420651859e-07,1.0266811074159915e-05,4.075046007149566e-06,1.3560511158502284e-05,1
0.21615775797048703,0.7838155801913256,7.339122434525735e-06,1.6628721190646116e-07,1.0068753056593504e-05,4.5684958988499295e-06,4.519179585537194e-06,1
0.32912602281176917,0.6708422480301305,7.855116818652081e-06,1.8087204391860626e-07,1.2253348873051968e-05,6.152346525620758e-06,5.2874738392636605e-06,1
0.28458503677630853,0.7153807443794616,9.577771425121922e-06,2.1744515145477013e-07,1.2512650159327573e-05,6.001481038119627e-06,5.909496455934373e-06,1
0.2628531189063274,0.7371152854007283,8.360949297390161e-06,2.2520561844524065e-07,1.1128468621377583e-05,5.990507468315707e-06,5.890561938769047e-06,1
0.17224333535719147,0.8277278652567194,8.353720233215767e-06,1.9828252678798758e-07,9.5831027929089e-06,5.3155705205556885e-06,5.348710015837033e-06,1
0.14841013900906985,0.8515625089849486,7.363352545476527e-06,1.4754955297686683e-07,9.654528922440222e-06,5.173982893074558e-06,5.012592067458576e-06,1
0.14196495917589275,0.8580063730156537,8.392249384011744e-06,1.538369171452678e-07,9.608962000681179e-06,5.286572101310871e-06,5.226188050095618e-06,1
0.16532312342813768,0.8346466697509456,7.601820029426986e-06,1.9022426584717922e-07,1.0964037629150064e-05,5.758255341568203e-06,5.692483650802926e-06,1
0.1564694905889394,0.8434981291962395,9.330298906155533e-06,1.7103214574406443e-07,1.1191052527363235e-05,5.877482381320063e-06,5.810348860708024e-06,1
0.12812902280517077,0.8718416547788773,7.883496691719008e-06,1.4451105679598246e-07,1.1220139380731152e-05,5.067434774538185e-06,5.00683404825421e-06,1
0.10933167420669228,0.8906430089158487,6.806585106092994e-06,1.2477037098100335e-07,9.687431425879036e-06,4.375206511940364e-06,4.322884044249574e-06,1
0.11245929715100336,0.8875119302095662,7.5630855926898904e-06,1.386376546318771e-07,1.1406098606731422e-05,4.861477645505115e-06,4.803339931012723e-06,1
0.05807727143170937,0.941871389761665,7.3356280451020926e-06,1.0668357122557948e-07,3.6654198681314665e-05,3.615975429501654e-06,3.626320898370659e-06,1
0.06376909888528455,0.9361384931971474,6.032423301825969e-06,1.1206730629311502e-07,7.865565163437276e-05,3.7984538889262222e-06,3.809321436901695e-06,1
0.05810661632275353,0.94180827485807,5.480384830518646e-06,1.0239686848743671e-07,7.259314094933516e-05,3.452286535319508e-06,3.4806099932533157e-06,1
0.09143407265764691,0.9084985997942584,5.775931461630909e-06,1.3071088480562888e-07,5.3451372780976844e-05,3.933094380636499e-06,4.036438586606419e-06,1
0.3096497727801687,0.6887088566340975,2.2948823199407774e-05,2.588226687093132e-07,0.0015871031256158225,2.0555589617893395e-05,1.050422463196657e-05,1
0.1234413808069565,0.8758213624249478,1.4888419024567096e-05,1.2873441809844368e-07,0.0007051317195204435,9.777070785770659e-06,7.33082434697495e-06,1
0.09983575986975382,0.8999210863392353,3.3640464237492804e-05,1.9838015349446388e-07,0.00016515435576939353,3.600568054386026e-05,8.154910306268114e-06,0
0.10061249220284249,0.8991082962518082,4.125559799735503e-05,2.1149428588886883e-07,0.00018657317089312972,4.247728279179063e-05,8.693999381143148e-06,0
0.08818740030666201,0.911552339314724,2.9996122947552003e-05,1.4320038996335695e-07,0.0001971224361247801,2.8452481260648393e-05,4.5461378908457755e-06,1
0.13691300946150523,0.8537163289165932,2.8823447336677353e-05,1.6046687560038442e-07,0.009310051639783185,2.6531719029278775e-05,5.094348876828612e-06,1
0.11281455219732803,0.8765937960838299,1.872434215837015e-05,1.3861335998398838e-07,0.010540123333476691,2.894080805531313e-05,3.7246217916451298e-06,1
0.16795911938464664,0.8240936777229613,1.9131209721354653e-05,1.483052238845883e-07,0.007884906238853157,3.396796675487606e-05,9.049171838896832e-06,1
0.16244976969956135,0.8311184334141898,4.654869896464129e-05,1.546706065091157e-07,0.006337171585175525,3.9702064244434744e-05,8.21986725792529e-06,1
0.10490054581740006,0.8862629603016686,2.1992442754878515e-05,1.3872695539633759e-07,0.008765211538512018,4.250636283440421e-05,6.6448098746268225e-06,1
0.08102287979818558,0.918689569025998,2.209134429952491e-05,1.4611338064652514e-07,0.00022567603134580056,3.697070805214876e-05,2.666978738387887e-06,1
0.05017883500882149,0.9143158344100034,3.206102697950069e-05,2.3594362527794047e-07,0.03540497627958427,6.412356792859144e-05,3.933763057329807e-06,1
0.0386430112628669,0.9324870025923448,3.302233670930766e-05,2.39982784279851e-07,0.02876750140929851,6.522131018091245e-05,4.001105815353804e-06,1
0.03334302527186995,0.944732243176537,3.373703267824536e-05,2.493327412141447e-07,0.021819487963202967,6.776239429750733e-05,3.4948286731391067e-06,1
0.024873644701471166,0.9495527178731975,3.906250127791081e-05,1.8121604934901222e-07,0.025493931820164222,3.787512362577156e-05,2.5867642141750677e-06,1
0.01870840147702325,0.963755835834512,3.8765469946486184e-05,1.369632856698553e-07,0.01745582673949111,3.752341975091921e-05,3.5100959907826734e-06,1
0.020708419421408625,0.9721965465409469,3.620288142779607e-05,8.729833765266084e-08,0.007006142818013286,5.0542344880550325e-05,2.058694985475527e-06,1
0.018921575331950397,0.9684706048234064,3.3777733049798196e-05,2.627496114413797e-07,0.012534263684317185,3.724484550614312e-05,2.2708321585748515e-06,1
0.9679379151349495,0.02884878264759031,1.1063730146454113e-05,9.382424901060993e-08,5.35071324498024e-06,4.243313115467263e-06,0.0031925506367041032,0
0.9633259737362956,0.03319111593442457,7.582510047048499e-06,1.1769119276493162e-07,5.815155993797233e-06,4.711576678375352e-06,0.003464683395367741,0
0.9687923428831502,0.030163148156285235,1.119005395306942e-05,1.1230925929406077e-07,6.414105145767047e-06,5.1968594221166675e-06,0.001021595632784571,0
0.8710226147511606,0.12790529876845666,6.004946857741113e-06,1.5607581206478487e-07,3.7753422596718434e-06,4.957330404859253e-06,0.0010571927850485216,0
0.2869401959239947,0.7117603885391617,2.0008681387768585e-05,2.3385657206240675e-07,1.0367201303398698e-05,7.92651686515608e-06,0.0012608792807151594,1
0.39602878251529655,0.6039256887922055,1.2802593984919585e-05,2.053047741166145e-07,1.1701176922298994e-05,6.958759979164198e-06,1.3860856837552164e-05,1
0.26073115481862114,0.7392270429195272,1.050342914634668e-05,1.9512519556241523e-07,1.131638488001414e-05,6.613725412128343e-06,1.3173597217733345e-05,1
0.279494469938809,0.7204435664248958,1.1480326069801599e-05,2.2266153176351868e-07,1.565545924716709e-05,6.992765288499699e-06,2.761242415798733e-05,1
0.3278827456380892,0.6720523754814456,1.0922073178059983e-05,2.1305147560066105e-07,2.0632123925176292e-05,6.690958026940325e-06,2.6420673859454708e-05,1
0.2541472357272519,0.721448441223977,8.116382558898928e-06,1.7075416750370936e-07,0.024384606876369612,5.757001655855957e-06,5.672034019452927e-06,0
0.19874362236381357,0.7737052793316552,8.674988410261917e-06,1.7718206392821253e-07,0.027529180517743345,6.111956040119537e-06,6.9536602736920575e-06,0
0.1360395089842962,0.8639131118976008,1.149816431990542e-05,1.6755385022573704e-07,2.323982967406862e-05,5.897777392497921e-06,6.575792866319224e-06,0
0.1368044640639435,0.8631450347380019,1.414223510124372e-05,1.821811273794189e-07,2.371651637864485e-05,6.267609445208403e-06,6.192656002027965e-06,0
0.25437625952811865,0.7450488174985167,1.0155462595797916e-05,1.897450467235011e-07,0.0005516966323816745,6.431366455385737e-06,6.4497668850198855e-06,0
0.45033103892039894,0.5493728903522845,1.2131741450438145e-05,2.26669915489946e-07,0.00026888054858029066,7.798165066300225e-06,7.033602303987901e-06,0
0.4534840467306193,0.5445020789225484,1.2349141766998746e-05,2.307318312160266e-07,0.001986355671727245,7.779157333542014e-06,7.159644173054696e-06,0
0.43982442225765905,0.5575537035484108,1.3091509226841278e-05,2.3997826185586485e-07,0.00259270586033079,8.246800622312882e-06,7.590045488256274e-06,0
0.16560986671708286,0.8323544260976565,8.0447293914702e-06,1.4776247890347982e-07,0.002016526065778548,5.077825356146652e-06,5.9108022556877506e-06,0
0.20747386145475197,0.7899846630721721,8.35115941675692e-06,1.7237212194091182e-07,0.0025211923062301543,5.923530371036242e-06,5.836104935909513e-06,0
0.4276286991628163,0.5723095438164243,1.4885331630603845e-05,2.004122558409142e-07,1.1956431739021673e-05,7.046497324943024e-06,2.766834780908798e-05,0
0.3782518153104997,0.6216965011042991,1.8251414444669767e-05,2.457323244060858e-07,1.667906182310341e-05,8.816268383114696e-06,7.691108225988277e-06,0
0.3635743006932237,0.6363506259289837,1.817940720892078e-05,1.928951686730742e-07,4.078384507518937e-05,8.175699289794108e-06,7.741531049957695e-06,1
0.34682540607210016,0.6529718683592809,6.396922998578217e-06,1.3072004052379242e-07,8.657088304249294e-06,4.537169615849144e-06,0.00018300366765979783,1
0.5238667871589114,0.4759946613614401,8.100162200951006e-06,1.6519398318636706e-07,1.1109608315153167e-05,5.733727730124591e-06,0.00011344278741888055,1
0.5252337734100183,0.47462886518507086,9.22257838869833e-06,1.725253711710238e-07,1.1469177302639418e-05,5.8997020497493545e-06,0.00011059742179842084,1
0.5664791895749123,0.433412394581529,9.409918845728959e-06,1.8250756608018506e-07,1.213277572011034e-05,6.207978666831553e-06,8.048266275993086e-05,1
0.8667097028933135,0.13326230050695004,6.525217351474791e-06,1.4784604155885347e-07,8.744210579495762e-06,4.1372169205486295e-06,8.44210884341215e-06,0
0.6886854840295521,0.31127474551446527,7.220099620271667e-06,1.6038319098463013e-07,1.4686885210799967e-05,5.680447501994578e-06,1.2022640458569592e-05,0
0.3841613847275658,0.6156727412406113,7.256131572990833e-06,1.6724856512227252e-07,1.2298639130784299e-05,5.06998229989529e-06,0.00014108203025398964,1
0.27878450439472624,0.7211461408129168,1.0110035133416694e-05,2.3239655949307614e-07,1.4998625186911197e-05,6.922230872085223e-06,3.709150460509537e-05,1
0.25799610958470176,0.7419744267746886,8.383855888956482e-06,1.7677503811075713e-07,8.33562683899621e-06,5.265472212211396e-06,7.301910631186022e-06,1
0.3997553560297838,0.6001986074745379,1.000400168834128e-05,2.1093608992564923e-07,9.147750309479477e-06,6.2497048917570625e-06,2.042410269863918e-05,1
0.19229699571543585,0.8076623853982549,1.1333322219111822e-05,2.3896504111479275e-07,9.940307047842972e-06,7.080158672422832e-06,1.2026133328933185e-05,1
0.21382488772629646,0.7861442962790103,9.00257657256928e-06,1.6672179059750155e-07,8.181817461013221e-06,5.624094097222466e-06,7.840784771825538e-06,1
0.1957257365217046,0.8042528818476198,6.303349205568962e-06,1.280875478108336e-07,6.634813032092057e-06,4.4339948927322065e-06,3.8813859973655215e-06,1
0.28714372598024807,0.7128253972336372,7.61604825942701e-06,1.6917856910316174e-07,1.188042119694067e-05,5.965101363812213e-06,5.24603672537829e-06,1
0.28855702717232207,0.7114081237481373,9.38717876335449e-06,1.8518793199763235e-07,1.300466509668074e-05,6.529578726056237e-06,5.74246902256298e-06,1
0.2900305765209305,0.7099351429311617,9.021766804076414e-06,2.1476471467265546e-07,1.2223912623151497e-05,6.463974304220745e-06,6.35612946165468e-06,1
0.13654767301079734,0.8634233276527623,7.706447679420963e-06,1.5759228982414124e-07,1.0311649810957367e-05,5.4698801057366875e-06,5.353766554541665e-06,1
0.1226089906471145,0.8773640367870157,7.835926083756614e-06,1.436390479529656e-07,9.076400520076925e-06,5.036856851763412e-06,4.879743366347042e-06,1
0.11736808513299704,0.8826060543505343,7.512859418456954e-06,1.3771696704855571e-07,8.702190449996789e-06,4.829192750635133e-06,4.678556882447989e-06,1
0.3246157919964255,0.6753472247877292,1.0149997009501446e-05,1.8605789431736043e-07,1.4483227548930038e-05,6.39383895348075e-06,5.770094439228046e-06,1
0.12982911269506148,0.870142294613493,8.179493302223833e-06,1.499369210621542e-07,9.810740268140003e-06,5.257698508496894e-06,5.1948224454841e-06,1
0.12244125298047831,0.8775303081311945,8.13549494074741e-06,1.4913039447086015e-07,9.757967256326227e-06,5.2294167909181265e-06,5.166878944912969e-06,1
0.11622721242725441,0.8837457149363315,7.744652113097219e-06,1.4196592009184663e-07,9.289178136259474e-06,4.978186833747746e-06,4.91865341079808e-06,1
0.11396759840905492,0.8860056052704779,7.043596599899772e-06,1.2911498895728658e-07,1.0622642885616376e-05,4.527555188250877e-06,4.473410804572295e-06,1
0.09234596944240166,0.9076248763964393,8.77654236679079e-06,1.276376541149737e-07,1.1585103344178098e-05,4.326250098719955e-06,4.338627695467619e-06,1
0.05584256904369773,0.9440665040004729,5.819368100755984e-06,1.0873051592559463e-07,7.763713387537825e-05,3.6658239812707598e-06,3.6958993560300733e-06,1
0.04421875241736803,0.9557019433512973,5.106611871787962e-06,9.541320188684073e-08,6.764214682843164e-05,3.216833844934195e-06,3.2432255876690166e-06,1
0.07426210238137393,0.9256422686420148,5.429664924493665e-06,1.1423171983331799e-07,8.243932969830105e-05,3.851295787774399e-06,3.7944544804867287e-06,1
0.08318951851017461,0.9167161386090154,5.859996641496379e-06,1.2328523101966964e-07,8.010787962954504e-05,4.1565328055435625e-06,4.095186502514546e-06,1
0.26345973370503106,0.7353380821837662,9.940067145569125e-06,2.2494386778574598e-07,0.001178909190169681,6.768643723197569e-06,6.3412662965460045e-06,1
0.1083047834083557,0.8911887116323582,9.0370876883084e-06,1.2732497339065005e-07,0.00048771435901112317,4.3921186090728795e-06,5.234069004021109e-06,1
0.08241831156087037,0.9173035492016985,9.937479263744447e-06,1.2901642171465505e-07,0.00025912936045268433,4.349807470600941e-06,4.59357382238886e-06,1
0.06723577897100617,0.9324051305040029,1.8532159124528073e-05,1.2646620026013986e-07,0.00032403640612605546,9.387568781419736e-06,7.0079247586835315e-06,1
0.06730713028675464,0.9321348353072991,1.7043810876305947e-05,1.1597113154983951e-07,0.0005277315860999752,9.013935923126283e-06,4.129101915555959e-06,1
0.10514248664886121,0.8946108857288264,4.1049234246360074e-05,2.104363748108904e-07,0.00015470575458137963,4.201168579841704e-05,8.650511311389425e-06,0
0.0869018391963369,0.9128500658440376,3.068861018269997e-05,1.434042564195642e-07,0.00018288350348610264,2.982683172460435e-05,4.552609975324549e-06,1
0.14190810449019148,0.8454927267579054,2.150064409559325e-05,1.6424145129221844e-07,0.012543043758140185,3.0357275350427325e-05,4.1028328656081426e-06,1
0.17368576793711163,0.8232930601567692,1.4949516053091356e-05,1.4101924469641946e-07,0.002962179292083496,2.7569023004162655e-05,1.6333055733719205e-05,1
0.1232279406051872,0.8714581976200092,5.3132351058729964e-05,1.5679102833300556e-07,0.005214154842128395,3.971177591445432e-05,6.7060146738564435e-06,1
0.07046501986675867,0.9292670120239583,1.868592950369045e-05,1.2256964518258761e-07,0.0002102270852490819,3.3061691571132176e-05,5.870833313590412e-06,1
0.051718622512753526,0.9480260908461811,1.8333724636531036e-05,1.2630760667564864e-07,0.00019785591255215007,3.4794141555251915e-05,4.1765547147771915e-06,1
0.05990904155295464,0.9398492506338735,1.9988193677070962e-05,1.3644756843624992e-07,0.00018558141776714747,3.186058909147265e-05,4.141165067824848e-06,1
0.07161216127802318,0.9281043439592609,2.9693503089603835e-05,1.451569024004275e-07,0.00021241165712237588,3.859492527197356e-05,2.649520329481148e-06,1
0.08173985585602392,0.9180081125062409,3.096040240843124e-05,1.959599615897743e-07,0.00018181506924871824,3.6786161990565875e-05,2.2740441257691542e-06,1
0.04418375745336767,0.914282733929468,3.190984917271554e-05,2.274333575214851e-07,0.041436047129552935,6.183548598569299e-05,3.4887190955387893e-06,1
0.019610004853473275,0.9459032767332162,3.304009673473421e-05,1.3875038274585762e-07,0.034413719734976186,3.768938579462971e-05,2.130445422181316e-06,1
0.017069942781226338,0.9717782897360381,3.6842174692123896e-05,8.726078030491015e-08,0.011058884374397839,5.279046011334332e-05,3.163212752200148e-06,1
0.9697898367521015,0.02893444493403085,7.974681691497286e-06,1.0224065450188838e-07,5.74255270971602e-06,4.730957287148734e-06,0.0012571678815247796,0
0.9715156365572161,0.027129552095772,8.89947512019518e-06,1.1413884195397322e-07,5.752771930388077e-06,4.97393249158135e-06,0.00133507102862769,0
0.900791365522843,0.09746907397892457,7.057943546719473e-06,1.4439957747130988e-07,5.5321439058105735e-06,4.9121739459241155e-06,0.001721913837256497,0
0.9116513675035647,0.08680892206935632,7.64182938628922e-06,1.1597449230022695e-07,5.9898041956220744e-06,5.318545687146336e-06,0.0015206442733176932,0
0.6796599908147237,0.31595308026408886,1.5956522065124124e-05,2.402826057738306e-07,1.2738064526597431e-05,1.1105389471738905e-05,0.004346888662518458,1
0.580660547791048,0.4145101614904184,1.687730335842557e-05,3.2616165264519973e-07,1.4027873334584116e-05,1.1220996840832905e-05,0.004786838383347252,1
0.4568548010127129,0.538232811342617,2.0321721974877534e-05,3.034020405458332e-07,1.3926128643304129e-05,1.0283745160976451e-05,0.004867552646850202,1
0.28214527499083597,0.7177926001263057,1.3280010517471061e-05,2.2233519859012504e-07,1.3514579350971548e-05,7.536002455693891e-06,2.7571955335514046e-05,1
0.37534956334649366,0.6246048480484557,1.3559287093278875e-05,2.1743924529255711e-07,1.239277113728589e-05,7.37005519989544e-06,1.2049052374948673e-05,1
0.2786460777166872,0.7212450425338318,1.0940931144625667e-05,2.3017761616813244e-07,7.859541854497079e-05,7.76047189238956e-06,1.1352750282928278e-05,1
0.554061256867218,0.4381086761233004,1.1701112711781459e-05,2.6479635521962844e-07,0.007802668555288462,7.967819729098248e-06,7.464725397190204e-06,0
0.6100242263233374,0.35707158677226414,1.0884194782701588e-05,2.4630949029813134e-07,0.0328787012843954,7.411543163552216e-06,6.943572566444236e-06,4
0.16156096910107284,0.8383905738974267,1.3479859175987436e-05,1.7076181662764437e-07,2.2229939396863083e-05,5.874748884100265e-06,6.70169222674952e-06,0
0.2556112941076888,0.7443225949994743,9.594482192932604e-06,1.7926366768748454e-07,4.0777403651449586e-05,6.07610242766832e-06,9.483640897207431e-06,0
0.22438852511716353,0.7744994420408337,1.0751747876619841e-05,1.749846123095917e-07,0.0010882186636229077,6.020026468458589e-06,6.867419422417433e-06,0
0.45704031855499816,0.537038604101794,9.25613470108563e-06,2.2464981928132965e-07,0.0058956524877209855,7.780009933663252e-06,8.164061032865118e-06,0
0.34842698828864654,0.6515250757032501,1.4968124691966699e-05,2.0152696020944773e-07,1.3667027536825565e-05,7.2302891853318e-06,1.186903972894899e-05,0
0.29998325454153296,0.6999093664411992,1.1311330839609483e-05,1.197852421007207e-07,9.06306312406936e-06,5.072353418415349e-06,8.181248464370286e-05,1
0.22864433157621314,0.7710521939473423,8.637521391303632e-06,1.6464184098389304e-07,1.0016444608474891e-05,5.714563393771458e-06,0.0002789413052100894,1
0.36857276589602495,0.6312138740273325,6.7324905809826536e-06,1.375773073660115e-07,9.111218859449716e-06,4.775178896137146e-06,0.00019260361099839902,1
0.5224170179260547,0.4773385672366582,7.893078488958521e-06,1.6097073649224027e-07,1.0294957283670251e-05,5.587142810902967e-06,0.00022047868796727866,1
0.52473120151318,0.47512895769575153,8.183088057755067e-06,1.6688516569046515e-07,1.1094226556318633e-05,5.79242708365679e-06,0.00011460416420511911,1
0.4992348583559908,0.5006271848482527,9.262553509447812e-06,1.7327317967470235e-07,1.1518890270992396e-05,5.92527421535043e-06,0.00011107680458104822,1
0.8411787773488705,0.15879312091625178,6.017846886012056e-06,1.363502229704375e-07,9.303907417453544e-06,4.31170617493022e-06,8.331924176267883e-06,0
0.7849566385974676,0.21500732824799335,6.6927803335350955e-06,1.7416385129546316e-07,1.1311258667968823e-05,5.265576560783988e-06,1.2589375125378754e-05,0
0.27449199850624034,0.7253261539205239,6.586982911449818e-06,1.3888766346046764e-07,1.3581595795985507e-05,4.198999180156871e-06,0.00015734110768472564,1
0.23929432284402147,0.7606769802758337,8.971166600169979e-06,1.8915858510067853e-07,8.881891546851194e-06,5.634332110423899e-06,5.020331302347109e-06,1
0.29789116598566867,0.7020763348160215,1.0968464199410666e-05,2.312719472458194e-07,4.094439954881165e-10,6.85222438956675e-06,1.4446828329380983e-05,1
0.17401595565878403,0.8259609652819554,6.798766000512035e-06,1.3815469153698114e-07,7.173203636506345e-06,4.782488283612501e-06,4.1864466481466765e-06,1
0.31539190512910337,0.6845738782298607,7.23225240492824e-06,1.7913003463662253e-07,1.7015716721069733e-05,4.921333512156015e-06,4.868208363140767e-06,1
0.37565504746389045,0.6243130594418838,8.009164175219947e-06,1.9837275799997204e-07,1.2718273811769713e-05,5.576116547413858e-06,5.391166933416788e-06,1
0.25524763514212334,0.7447215385590794,8.303575911778802e-06,1.6381088397832627e-07,1.1503480072106396e-05,5.775841069033706e-06,5.0795908602522955e-06,1
0.3115508566409398,0.6884190975044281,7.875952267147013e-06,1.9213894655090908e-07,1.1463955052700314e-05,5.65433637127772e-06,4.859471994469851e-06,1
0.32754669307458,0.6724211306586557,8.430320477000827e-06,2.2122410742533872e-07,1.2270873635348376e-05,6.052330699548582e-06,5.2015178448041934e-06,1
0.28957210445264314,0.7103949561124155,9.232981794697352e-06,2.0919760011096637e-07,1.2038053582003686e-05,5.77384881606453e-06,5.6853531484829635e-06,1
0.2685884888967904,0.7313795130886668,8.414130621212583e-06,2.266380793411468e-07,1.1400604753717694e-05,6.028611169965061e-06,5.928029918877419e-06,1
0.18116949003233415,0.8187998464208488,8.121493830627914e-06,2.1072717897899945e-07,1.0867004332867689e-05,5.779914527196596e-06,5.684406947361641e-06,1
0.180196715528254,0.8197724034151158,8.147761587574802e-06,2.1140874451792153e-07,1.0902152032848704e-05,5.916941953950023e-06,5.7027923113346335e-06,1
0.16131955995851988,0.8386500131052051,8.027515442269563e-06,2.0991662292824082e-07,1.0741256093099937e-05,5.829618649959101e-06,5.618629466663271e-06,1
0.14003246671386385,0.859938294491522,7.886477751895864e-06,1.5803212730444294e-07,1.0340429455416284e-05,5.485146450847507e-06,5.368708828647212e-06,1
0.10887162620335228,0.8911020574608591,7.555018111159643e-06,1.384897709798369e-07,9.06172517917817e-06,4.856291947071034e-06,4.7048107800538204e-06,1
0.13600927081278266,0.8639619173649009,8.402786448100933e-06,1.5403007030136098e-07,9.621026733722197e-06,5.401229164572669e-06,5.232749899714972e-06,1
0.10005548625683541,0.8999145987714275,7.543042774266699e-06,1.4012925454696763e-07,1.2718910471410878e-05,4.749650136716611e-06,4.763239100078246e-06,1
0.10269091846346541,0.8971827226762648,7.762375474263665e-06,1.4503251655507617e-07,0.00010860569758508842,4.915845119644779e-06,4.9299095743518586e-06,1
0.08326175139677189,0.9156249483852033,6.221378385631954e-06,1.1624046874583214e-07,0.0010990923174393093,3.919064353335276e-06,3.9512173780671304e-06,1
0.09327407209746803,0.906636572297262,6.31310050907701e-06,1.2444644023432185e-07,7.517451318175127e-05,3.900556744551181e-06,3.84298839438347e-06,1
0.18106104492192826,0.8182063161764769,1.621494994031668e-05,1.5233705315763178e-07,0.0006966747131855541,1.1634790569132698e-05,7.962110846760838e-06,1
0.07054196691301222,0.9291651225880458,1.78816886291185e-05,1.2202729320225142e-07,0.00026210845141614355,8.453602674967264e-06,4.3447289284660096e-06,1
0.03974747014893535,0.9601677829603762,1.3462577550329148e-05,8.724534840431022e-08,6.130964143416101e-05,6.781128435408739e-06,3.1062979203613026e-06,1
0.12192375044318152,0.8777707883564295,4.6171792561464465e-05,2.370117761133146e-07,0.00020251991532706625,4.865113342422809e-05,7.881347300090909e-06,0
0.13386064432891595,0.8658343146106436,3.9908543980475206e-05,2.35184676108992e-07,0.00021170172738963855,4.67288363634697e-05,6.4667680307149415e-06,1
0.09102907783880682,0.9087532894186718,2.4863345794957148e-05,1.434195823568323e-07,0.00015885241353827046,2.983001938557991e-05,3.943544220261345e-06,1
0.2623892079437174,0.7186613527601837,2.4829797038187524e-05,2.2313639531326177e-07,0.01887615735618254,4.314059973286191e-05,5.088406750050568e-06,1
0.14085002697971277,0.8562598277060449,1.4610923139894405e-05,1.3612564398882238e-07,0.0028359519132904057,2.368008044492248e-05,1.5766271723013327e-05,1
0.1172793578208106,0.8770827468680743,2.9729537864166237e-05,1.4245714276078652e-07,0.005570812197220476,3.260138276489642e-05,4.609736122940329e-06,1
0.059896083328280815,0.9398402091064421,1.8861570186245452e-05,1.2431434233416626e-07,0.00020590880637071045,3.285847366740949e-05,5.954400710268079e-06,1
0.03613579596029864,0.9636108615970634,1.7181910450801502e-05,1.25723180656778e-07,0.00019694043211256095,3.523588981992278e-05,3.858487073836488e-06,1
0.060167077773047944,0.9396109116931219,1.7702103515292184e-05,1.2195614216251282e-07,0.00016725704596212536,3.359543724735141e-05,3.333990963096167e-06,1
0.05876625790195444,0.9410146456486648,1.579490673224162e-05,1.199037330088473e-07,0.00016914343224720346,3.039914474665868e-05,3.6390619219427585e-06,1
0.06046375008068497,0.9393015670990056,2.1950434084433967e-05,1.266385117562447e-07,0.00017835551437631256,3.1072667112662654e-05,3.177566224342663e-06,1
0.05778060434986149,0.9419656823005371,2.204807435087436e-05,1.2720182717779546e-07,0.00019646663030037807,3.1210885039662354e-05,3.860558083292563e-06,1
0.24206259345152892,0.7576614901242621,3.341138139326928e-05,1.3369405046305356e-07,0.0002057341824851987,3.405237772264809e-05,2.584788557382956e-06,1
0.2929561725615281,0.6898629245514769,3.729465638755315e-05,3.101618695471812e-07,0.017057679686233125,7.731992852461953e-05,8.298453979945625e-06,1
0.19179920361371086,0.7681665876531037,3.069715368557442e-05,2.6999682739823835e-07,0.03994436306870626,5.469363816715518e-05,4.18487579894114e-06,1
0.13242069037210225,0.8309663282831807,2.9605069896598555e-05,2.2983295789320714e-07,0.03651682665984429,6.24878988805027e-05,3.831883137559236e-06,1
0.09609083486551126,0.8713369451121249,3.521993279936723e-05,1.7092696612628948e-07,0.03247404731733797,6.0546723986592e-05,2.2351212738612296e-06,1
0.044871385893506095,0.923357296355753,3.529638647138284e-05,2.2341976505855125e-07,0.03167165089560842,6.071989639239218e-05,3.4271525038138925e-06,1
0.016343241605373492,0.9701618689685516,3.4958239403908854e-05,1.1202209520313889e-07,0.013416058065608083,4.067297621122504e-05,3.0881227564694325e-06,1
0.9705987230118751,0.02808556274587543,2.481394873997647e-05,1.062397234782571e-07,7.222340881330445e-06,4.9160052468643325e-06,0.0012786557076576084,0
0.976090565088813,0.022585883614942105,2.4680845527326615e-05,1.0566984849970473e-07,7.18359989801372e-06,4.8896355586451e-06,0.0012866915454126065,0
0.9809740793887021,0.01755327304806655,6.534676642274234e-06,1.1781951051234547e-07,5.935552995564847e-06,5.131967729190231e-06,0.0014549275463538601,0
0.8738749145890857,0.1254023378007083,1.1733457973122915e-05,1.3689960926158437e-07,7.668617122437184e-06,4.8187697236261444e-06,0.0006983898657774488,0
0.8504657979612222,0.14891381126236147,9.894421167681663e-06,1.1966733410788092e-07,6.945230790859385e-06,4.785022344814685e-06,0.0005986464347789158,0
0.8990057673602785,0.09900068666855318,9.829929308058314e-06,1.479694389353832e-07,6.879436207258185e-06,4.957347671615043e-06,0.001971731288542401,0
0.9054121581476415,0.09186319404144741,9.691890602226677e-06,1.7302121101184946e-07,6.8458387821794296e-06,6.090224637353955e-06,0.002701846835678317,0
0.8904874848052169,0.10685785074660512,8.80040932903744e-06,1.5710634199278008e-07,6.288488384636561e-06,5.5300324688136506e-06,0.002633888411653421,0
0.6434096898781732,0.3505865167248348,1.4119507393855935e-05,2.49921823131479e-07,1.1271578827306773e-05,9.826867541554556e-06,0.005968325521406381,1
0.581347200725273,0.4125275321214888,1.6945492708641906e-05,3.274794432120358e-07,1.412243234591223e-05,1.1266333022040667e-05,0.0060826054157184836,1
0.48360887642840483,0.5122388857007306,1.8440618439418467e-05,3.1294456508937604e-07,1.4129581039590802e-05,1.060718692300815e-05,0.00410874753989732,1
0.28706865042954977,0.7121806246817198,1.4730413719712527e-05,2.362196493095188e-07,1.0492922658606634e-05,8.006612846584825e-06,0.000717258719856173,1
0.30971815650740286,0.6901492796660127,1.3627040422075062e-05,2.1852575025245311e-07,1.0003408463135105e-05,7.406882045567295e-06,0.00010130796990356696,1
0.3179102664747261,0.6819775240021848,1.3397714031754503e-05,2.2430580201611906e-07,1.392176410360915e-05,7.602795623629781e-06,7.706294352786412e-05,1
0.3348691121266483,0.6650865461680892,1.084370492250933e-05,2.1031423091620097e-07,1.196006858241688e-05,7.128554411097445e-06,1.4199063115665942e-05,1
0.3529482689961302,0.6469880678636999,1.3438265219712138e-05,2.496464813996458e-07,1.755278644135853e-05,8.416867522516853e-06,2.4005574504926157e-05,1
0.3420726086025761,0.6578534599043575,1.239908909528458e-05,2.3972159120240364e-07,2.5382024651853562e-05,8.082248402321907e-06,2.7828409325842296e-05,1
0.6346014409105775,0.3553107687926481,1.1791289653150694e-05,2.668370607480339e-07,0.010060180690970309,8.029225309084494e-06,7.522253781119204e-06,0
0.1594505629968594,0.8404834198923447,9.521785324513101e-06,1.8127569750753357e-07,4.296327159908212e-05,6.236459781691481e-06,7.114318393168021e-06,0
0.14444550567185527,0.8554871916475529,1.2145221056172361e-05,1.7698290728733562e-07,4.1945858263019335e-05,6.0887741628931295e-06,6.9458442025209436e-06,0
0.4093048836978153,0.5887053852565965,1.5348670072487134e-05,2.4979948496954113e-07,0.0019579592335718355,8.422026060186044e-06,7.751316398645269e-06,0
0.40389213832671156,0.5931878478187984,1.5528211292470253e-05,2.5272151691568216e-07,0.002887870391388337,8.520542793325413e-06,7.841987498884928e-06,0
0.42761462899038366,0.5685392358893389,1.4882970740907789e-05,2.422202320030117e-07,0.003815327307848709,8.166490441252976e-06,7.516131014591719e-06,0
0.45310365876448255,0.5435651042168118,1.4434481971629893e-05,2.3492108080286551e-07,0.0033002308231542712,7.920398494216476e-06,8.41639400466009e-06,0
0.3695267229706563,0.6253350253034887,7.710455655343291e-06,1.871356160521753e-07,0.005117072559053133,6.480828502269421e-06,6.800747028242744e-06,0
0.408949761428219,0.5904810936041911,1.2525777968163453e-05,2.5099612282252863e-07,0.0005067409498748774,8.82502669619145e-06,4.080221692780362e-05,0
0.39964137630991287,0.60030697619354,1.800973980341311e-05,2.424784795314301e-07,1.645820736303863e-05,8.69952847206996e-06,8.237542429011803e-06,0
0.4057045703718191,0.5942180561459796,2.0147596420425294e-05,2.44422549721302e-07,4.143068541599433e-05,8.305367596084996e-06,7.245410219186018e-06,1
0.4621203029957755,0.5377852650399743,1.676022612755347e-05,1.7748819947177225e-07,3.8560449100245724e-05,8.387641102991559e-06,3.054615971989704e-05,1
0.4551767120591015,0.5446846180505983,1.5742458690901745e-05,1.6671019991272427e-07,1.2669613238979833e-05,7.059409302700115e-06,0.00010303169886773607,1
0.46466850529838266,0.5351860428746152,9.765777200492481e-06,1.8268690872317808e-07,1.2144698097418964e-05,6.247187428381704e-06,0.00011711147736687428,1
0.7501807272302526,0.2497876452451216,6.485281664521452e-06,1.4694119304347794e-07,1.0026586140479567e-05,4.111896292759925e-06,1.085681933507266e-05,0
0.3618223740364084,0.6379772810956327,6.925448750593357e-06,1.5962656612732252e-07,8.777012448260766e-06,4.937677405779798e-06,0.0001795451027880869,1
0.2744219723234869,0.7253088206308782,9.90866216902641e-06,2.2776765529228452e-07,1.619743989594622e-05,6.886113381198756e-06,0.00023598706253344972,1
0.2922820168983557,0.7074409716745114,1.0350025445412781e-05,2.0722512449985942e-07,1.115511171533696e-05,7.086549623185276e-06,0.0002482125152243843,1
0.2367663491487965,0.7632040546521132,1.1443454361397497e-05,1.9723982279138566e-07,3.880463696541953e-10,6.6535713125603905e-06,1.130154554728851e-05,1
0.40843475937442764,0.591523872827533,1.1289406774879493e-05,2.132820153949797e-07,1.0449641032242783e-05,7.194729132453259e-06,1.2220739084486371e-05,1
0.20413787464627828,0.7958379086095968,7.130008674870542e-06,1.61549187112004e-07,7.519275857593773e-06,5.015495892498103e-06,4.390414512857255e-06,1
0.38153998747886964,0.6184221130166389,8.413330769214995e-06,2.083832460094841e-07,1.7757064774427836e-05,5.8575042157626346e-06,5.663221486110229e-06,1
0.3492484084483592,0.6507222626441136,7.365231915126697e-06,1.82423700694458e-07,1.1695731806021311e-05,5.127799937544768e-06,4.957720167683617e-06,1
0.26547870047629635,0.7344904471512654,8.310599280328382e-06,1.6394943924931262e-07,1.151320999822588e-05,5.780726417339376e-06,5.083887303022455e-06,1
0.3207362970010226,0.679234498402457,7.673373664315438e-06,1.616311373401209e-07,1.1146722907737767e-05,5.497868795545411e-06,4.725000015374994e-06,1
0.2840265425900415,0.7159403901955724,8.814427968219717e-06,2.0982897792725386e-07,1.2367013318437213e-05,5.512106015179218e-06,6.1638381063421955e-06,1
0.27446459935147083,0.7255042991186013,8.086317618079886e-06,1.789559286604884e-07,1.1345443860959425e-05,5.793737572048327e-06,5.697074948263042e-06,1
0.2816759809446417,0.7182938170186187,7.893446094687039e-06,2.126132268225871e-07,1.0879239034168522e-05,5.655547725391689e-06,5.561190658769151e-06,1
0.22304573460367855,0.7769180142752766,9.609319368947413e-06,2.1946533113790885e-07,1.2857796533004e-05,6.838772001228821e-06,6.7257678106292734e-06,1
0.15339308682980857,0.8465781452459668,7.633081652220643e-06,1.6099730717865007e-07,1.0213482041320643e-05,5.417806389114748e-06,5.34255683480671e-06,1
0.1296980770253335,0.870275339908781,7.514579302462783e-06,1.7975883167966497e-07,9.198107415856131e-06,4.8791944729307444e-06,4.811425862703558e-06,1
0.12052313442308622,0.8794512911963674,7.403142574093996e-06,1.357057659601014e-07,8.575104766365668e-06,4.7586678333022615e-06,4.701759606620926e-06,1
0.10428528770366599,0.8956885843228068,6.737670187383612e-06,1.307021680161082e-07,1.0147988500110707e-05,4.5832113195837655e-06,4.5284013522063325e-06,1
0.08298959181249589,0.9169846889222404,8.255517419825086e-06,1.1779072878142647e-07,9.134436883430065e-06,4.1304578928371005e-06,4.081062338808659e-06,1
0.09000979469865468,0.9099259594617678,7.872629256672063e-06,1.4709250239000806e-07,4.6240517828346715e-05,4.985667884592402e-06,4.999932105380639e-06,1
0.10188508988123698,0.8979709351795444,8.308589541396126e-06,1.552380008165186e-07,0.00012497254204028217,5.261757754906622e-06,5.276811881271948e-06,1
0.12721092576457713,0.8716670147252727,8.522815530222855e-06,1.592406072833215e-07,0.0011025957662241603,5.368820294179203e-06,5.41286749425968e-06,1
0.1082599051313991,0.8904075883053758,8.445784216039024e-06,1.5780135129954862e-07,0.0013132187374293224,5.320295568821616e-06,5.363944659416291e-06,1
0.08224499375568707,0.9176581704994332,5.498183354501039e-06,1.1567324121794578e-07,8.347965419720456e-05,3.899896344998825e-06,3.842337741673723e-06,1
0.33762970986277185,0.6613628467688061,1.0983015504834382e-05,2.4854580471416017e-07,0.000981726357174861,7.478834686918247e-06,7.0066152507122565e-06,1
0.3377398640987656,0.6615786213791924,1.0986598796370943e-05,2.486268946550865e-07,0.0006557891204261192,7.481274713068185e-06,7.0089012117142014e-06,1
0.1338043140063605,0.8658798913475555,9.019564195318775e-06,1.2707808209606828e-07,0.00029754264321668497,4.383602009222326e-06,4.721758580620627e-06,1
0.06703485505568459,0.932672615922553,1.7949189982916274e-05,1.2248793244400718e-07,0.00026161069998803,8.485514069738984e-06,4.361129789181045e-06,1
0.07292823639308763,0.926810355048224,1.7363506168185914e-05,1.1849113929620937e-07,0.00023137598123970383,8.331754441265893e-06,4.2188257000331315e-06,1
0.13103934219197938,0.8686100543174368,4.568992700228916e-05,2.3453823532808433e-07,0.00025330588754346483,4.3574043098992935e-05,7.799094703578493e-06,0
0.0925101429281083,0.9072913317199637,1.9989508996965664e-05,1.30475934875038e-07,0.00014507062823151457,2.9828813749277014e-05,3.505925015206062e-06,0
0.24042655315674702,0.7470091430576475,1.9450848768817974e-05,1.8679797607030818e-07,0.012502736238342107,3.654232512975797e-05,5.387575388843802e-06,1
0.09752482206365976,0.8977187690153346,3.0107592786083934e-05,1.5113813699601646e-07,0.00468886879065982,3.2143949102708765e-05,5.137450320276373e-06,1
0.08841321300595419,0.9057351045055705,3.9131076562177044e-05,1.5468159636745597e-07,0.005777888539382544,3.009714465357267e-05,4.411046280639341e-06,1
0.08342538577907574,0.9079862406935122,4.862013560746973e-05,1.3292401467499312e-07,0.008499731911406903,3.623565886591295e-05,3.652897517055544e-06,1
0.06809045307701188,0.931675841354408,1.7023759197274325e-05,1.2923230964259068e-07,0.00018230288466972307,3.100704357161653e-05,3.2426488318537862e-06,1
0.12183723680942853,0.8777947814693455,3.9145671946459715e-05,2.074365556618028e-07,0.00028219538736744287,4.2435799261970284e-05,3.997426094194974e-06,1
0.1984785669448635,0.764801929838948,5.3741021766910824e-05,2.680759676092928e-07,0.036611812622101204,4.913249262834684e-05,4.549003724615772e-06,1
0.18076959476356547,0.781586702768597,5.4920452430160945e-05,2.7379841039046015e-07,0.03752969555075096,5.4163827529408276e-05,4.6488387166507455e-06,1
0.1355382308991275,0.8240771047369582,3.081399806158737e-05,2.3703607953577087e-07,0.04028506335053886,6.459800226611807e-05,3.9519769683698424e-06,1
0.03185292940957614,0.9294405825083398,3.628098720629623e-05,2.3145586856272017e-07,0.038603539833471895,6.292914228936027e-05,3.5066632480950277e-06,1
0.014814425923033463,0.9764878725997975,4.075786773038322e-05,8.137979993610891e-08,0.008607888397827109,4.4862878516969246e-05,4.1109532947691105e-06,1
0.84558930225047,0.15370601746434392,1.326379245127459e-05,1.3312238813863764e-07,7.477087607212862e-06,4.685814203264376e-06,0.0006791204685359557,0
0.8317105558970258,0.16740727048059528,9.044637583829972e-06,1.285810394025455e-07,6.759795549468718e-06,4.374060109826279e-06,0.0008618665480963106,0
0.8693409801248779,0.12985652216667146,1.0160829109298032e-05,1.238498307497449e-07,7.583114377702842e-06,4.913859386604882e-06,0.0007797160557465237,0
0.9111543205253145,0.08738090048187545,9.962764294376745e-06,1.4273973125269737e-07,6.962390481967576e-06,5.0243379000793375e-06,0.0014426867604026077,0
0.8995632778762829,0.09884431272032952,1.065385455996853e-05,1.526412039631985e-07,7.445352855176838e-06,5.372862758360743e-06,0.0015687846920102045,0
0.9030671000055552,0.09474046651353871,1.0695351597794924e-05,1.53235745382839e-07,7.746923853726611e-06,5.393790197144962e-06,0.0021684441795120626,0
0.923308444852941,0.07467930474932237,7.077668084218957e-06,1.802005370721103e-07,6.379033494257731e-06,5.691835906427614e-06,0.0019929216597147545,0
0.9272083082328637,0.07019051114929276,9.17298095854224e-06,1.6375755145966865e-07,6.479308462247249e-06,5.6789699153276785e-06,0.0025796856009557925,0
0.9205029300748087,0.07718879135032727,8.211354600914175e-06,1.4659044095808127e-07,5.648815187868782e-06,5.1598801667290664e-06,0.002289111934467714,0
0.6503895167145535,0.34219588768301884,1.74852252287267e-05,3.379100224934902e-07,1.4383923827563635e-05,1.145338558834751e-05,0.007370935157760579,1
0.3233337884061115,0.6765183676806984,1.3992792136650603e-05,2.2439101265413094e-07,1.157633960188758e-05,7.60568381938727e-06,0.00011444470661960685,1
0.3708573092424381,0.6290986422147499,1.1788786101822355e-05,2.1900363790825977e-07,1.2481932409112318e-05,7.423079942124124e-06,1.2135740721094389e-05,1
0.3041873649264879,0.6957557324177339,1.1719213413231229e-05,2.2657700621965433e-07,1.6127388639913986e-05,7.639076802954744e-06,2.1190399915851495e-05,1
0.6491900937502258,0.341188278925789,1.0824533324834494e-05,3.1081210519801325e-07,0.009597809451619676,7.370916963910402e-06,5.3116099716316926e-06,0
0.14366069572799298,0.43626197578250214,4.312328390594021e-06,9.917466570854755e-08,0.42006569237872465,3.4210640945563356e-06,3.803543629333457e-06,0
0.14886330856559374,0.8510812905732903,1.0539111809585249e-05,1.5357832020181706e-07,3.339727761381137e-05,5.283582026976144e-06,6.027311345241013e-06,0
0.19398535935758257,0.8059676584376199,1.2975883561545936e-05,1.643774924047795e-07,2.1735701879944387e-05,5.655107852254168e-06,6.451134011438899e-06,0
0.3932489032511664,0.6027276738082498,1.3725077663174972e-05,2.5643986947087947e-07,0.003992838146909299,8.645907591914368e-06,7.957368549973002e-06,0
0.48633006514589744,0.5103036278303758,1.2999258091472878e-05,2.38219561463633e-07,0.0033365033718867516,8.031607250661234e-06,8.534566936450177e-06,0
0.5208237276969195,0.4753482135759886,1.1043833738524355e-05,2.0238518318167017e-07,0.003802903460660515,6.823445961705594e-06,7.085601548053431e-06,0
0.6304840195423309,0.36526051555499417,1.0062207775872494e-05,2.58221666029073e-07,0.004230988446707066,7.736840608663147e-06,6.419185917313042e-06,0
0.48255535951022077,0.5105834957106277,1.115632839869178e-05,2.5172228190281763e-07,0.006831820497307171,8.850558458185095e-06,9.06567270549744e-06,0
0.298930019012435,0.7010330395617163,1.2709705919860538e-05,1.7112019387172647e-07,1.1614769443402057e-05,6.139369570486983e-06,6.306460721153964e-06,0
0.3663194333123987,0.6336239062098757,1.9213864158764617e-05,2.586904984744836e-07,1.7558596849371162e-05,9.281175637861224e-06,1.0348150580952113e-05,0
0.3741207595813478,0.625824406642591,1.9120811371840046e-05,2.574376598140741e-07,1.7473560525713508e-05,9.236226883570912e-06,8.745739620447673e-06,0
0.43885734832693096,0.5610464931869367,1.5747519921199653e-05,1.6676379755787843e-07,1.3228866396028659e-05,7.061678916167091e-06,5.995365710136107e-05,1
0.12163161739553144,0.878327065702426,8.373607040193622e-06,7.335730390193267e-08,5.785788885152159e-06,3.106344026084849e-06,2.3977804787184994e-05,1
0.8275016533387749,0.17247048267161547,5.373158512114979e-06,1.3795988414283705e-07,8.9206231239175e-06,4.208407572644194e-06,9.223840516765662e-06,0
0.8378880797705507,0.16207595557029875,5.440599967207159e-06,1.2085439668472691e-07,9.194987803449648e-06,4.261229600820012e-06,1.694698738249008e-05,0
0.6470531908475858,0.3528939962415513,7.681880556723469e-06,1.706409303537753e-07,1.275360873403789e-05,6.043755836352111e-06,2.6163024805410974e-05,0
0.6683286319094015,0.3316129510053889,9.240290724685221e-06,1.8229016124008156e-07,1.3624265805986585e-05,6.4563479794690165e-06,2.8913890538188987e-05,0
0.39365410327707434,0.6061200733333579,7.024635267813684e-06,1.619127433441639e-07,1.1906268969239648e-05,4.908231901913529e-06,0.00020182234068541723,1
0.3682678068002892,0.6314964319540222,7.363595446811858e-06,1.6972552939976e-07,9.332300509058938e-06,5.250065399720233e-06,0.00021364555880357922,1
0.2662967639057973,0.7335169269429949,7.0388987382818925e-06,1.4841638611138115e-07,7.698661379528897e-06,4.4870816318464465e-06,0.00016693609307206168,1
0.18015096107574394,0.8196707209459361,6.121591884131639e-06,1.4071532627920249e-07,7.299191661495596e-06,4.254255021361625e-06,0.0001605022244266775,1
0.35619181070064243,0.6435177900599065,1.043543744597624e-05,2.0893521811691324e-07,1.0436535279303854e-05,7.145030289112213e-06,0.000262173301218457,1
0.23569659439721122,0.7642407741393572,1.0697388907233885e-05,1.9646214538178035e-07,1.059088024820973e-05,6.718484284594413e-06,3.442824784626701e-05,1
0.17626048444330958,0.8236929436167648,8.238757831131386e-06,1.5130832886616556e-07,8.156771220310795e-06,5.1743435237364115e-06,2.4850759021542413e-05,1
0.20059939435482266,0.799375801845639,5.7643265111240405e-06,1.0548063559379204e-07,6.214667272966793e-06,3.6745810061679504e-06,9.044744112790742e-06,1
0.22366926378185287,0.7763098018255918,6.380301072930513e-06,1.1675227125904575e-07,6.7996295952990475e-06,4.06724585968183e-06,3.570463755987425e-06,1
0.20750700650869694,0.7924701099559338,7.0015577799648504e-06,1.2812056418943912e-07,7.461716766914072e-06,4.374016645595081e-06,3.918123612516965e-06,1
0.25069565631280083,0.7492744555073482,8.06092321379579e-06,1.8264151587229826e-07,8.249085647441333e-06,5.670333531434232e-06,7.725195942358231e-06,1
0.22049921915932522,0.7794739850290309,8.08197179766624e-06,1.8311842715939312e-07,8.52321198908624e-06,5.030908714448364e-06,4.9766007155133164e-06,1
0.20119095809892856,0.7987859895701742,6.951884593473364e-06,1.5751331536668537e-07,7.334755136846882e-06,4.327446031579036e-06,4.280731819929852e-06,1
0.2847143665378724,0.7152530752501298,8.937693142396596e-06,2.0250705541209158e-07,1.2350904583790227e-05,5.563582680421191e-06,5.503524535971935e-06,1
0.37665274911838204,0.6233098368410838,8.305562372129072e-06,2.0571401440335538e-07,1.752961021924819e-05,5.782474021708385e-06,5.5906799067236375e-06,1
0.30315357029552925,0.6968130679459408,9.35135984251939e-06,2.1187976759064382e-07,1.2192396059255519e-05,5.8478765750771e-06,5.7582462854847945e-06,1
0.35178325491957,0.6481778494387617,1.060747090684989e-05,2.40340282944599e-07,1.4882728006051575e-05,6.633386125826511e-06,6.531716346753315e-06,1
0.2681787973934244,0.7317865229046592,9.842840201241087e-06,2.2360461865516287e-07,1.2047980040406381e-05,6.263115085447004e-06,6.302161970822346e-06,1
0.13381447027917803,0.8661612483895152,6.536705308080844e-06,1.3098489311656657e-07,8.570662624744782e-06,4.593125377632071e-06,4.449853103221195e-06,1
0.11759997271430134,0.8823740012515046,7.147960825006506e-06,1.386612806414841e-07,9.072947476741555e-06,4.862306116802194e-06,4.804158494740285e-06,1
0.07397708547304539,0.925997716114182,7.968651929461152e-06,1.1588846680484839e-07,9.246606171931376e-06,3.928013989534477e-06,3.939252214803985e-06,1
0.08629663891083376,0.9135796050328939,7.3520586008863014e-06,1.3736614059474883e-07,0.00010694132051990783,4.655994999512403e-06,4.669316011300455e-06,1
0.1379970319205234,0.8616195185728597,9.151566222220812e-06,1.2893787975904303e-07,0.0003611654462931529,4.447756367217749e-06,8.555799854553257e-06,1
0.12066356913052124,0.8790431978385691,8.965813318415777e-06,1.2632077739709404e-07,0.00027508979839277594,4.357478523997648e-06,4.693619896895271e-06,1
0.043304638365757264,0.9565996024028384,1.4929621779517812e-05,9.553001841572428e-08,6.863679936176202e-05,8.696013553068684e-06,3.4012666917401077e-06,0
0.047313880079935075,0.9525884064228212,1.5692038077112072e-05,1.0054207557340657e-07,6.97356519607304e-05,9.289533932272436e-06,2.8957311979518123e-06,0
0.14195821539437128,0.8578000016593855,3.953822170708231e-05,2.3300233330123478e-07,0.00014900575151395218,4.6295226735326155e-05,6.710743953593246e-06,0
0.15324770804159082,0.8464215533435064,3.26837424081052e-05,2.1333399667594535e-07,0.00024333774777536788,4.8771446315600124e-05,5.732344407084791e-06,0
0.36420947510346224,0.6206822965638898,3.770800807768897e-05,3.173912862752198e-07,0.015000544366227333,6.24207699180206e-05,7.237797138484447e-06,0
0.2723532817423503,0.7200778272635042,2.1265675289562394e-05,1.6498463292441503e-07,0.007502293729981036,2.7401959883706246e-05,1.7764644358120302e-05,1
0.0903430631190018,0.9023802100630627,4.1488576643046355e-05,1.3273048134614586e-07,0.0071958097281999,3.56482036018358e-05,3.647579009198682e-06,1
0.06451094489026027,0.9249285813471765,0.00013295478612495874,1.306077125226659e-07,0.01038674298443131,3.70561412976112e-05,3.589242996827016e-06,1
0.08551479476675945,0.903879418593476,3.8498408074511265e-05,1.3036684739869962e-07,0.0105243818300784,3.8307650896304965e-05,4.468383867997067e-06,1
0.04376635787486805,0.9560140745638062,1.6988060927618467e-05,1.1196626796689923e-07,0.00016750561792415098,2.9598962800992656e-05,5.362953404974406e-06,1
0.040410761894122495,0.9593893761702851,1.7048038945584483e-05,1.1236157587521906e-07,0.0001471706519176581,3.0148995314622147e-05,5.381887838812674e-06,1
0.05426341140159551,0.9455239050264634,1.6790244070187238e-05,1.1127960745464857e-07,0.00015755157955386784,3.4815259798243104e-05,3.4152089113743853e-06,1
0.04481330507447598,0.9549228733066959,1.9445605128402713e-05,1.275527086023898e-07,0.00020144468724893442,3.9316785959088916e-05,3.48698778313376e-06,1
0.04675948141297326,0.9530082288220609,1.7441176609389613e-05,1.201585230940903e-07,0.00017834333701386855,3.310024448758572e-05,3.2848483317949586e-06,1
0.15841233555951498,0.796256565582259,6.0957243417740865e-05,2.8482993319871256e-07,0.04520998599340946,5.4381887131933364e-05,5.488904333884927e-06,1
0.1341177988760783,0.8253807259783286,6.369868331970758e-05,3.597161185485996e-07,0.04038020065236139,5.1754504616358505e-05,5.461589177163169e-06,1
0.08329296830749118,0.8889950039934027,5.075903407074843e-05,2.7302656458339953e-07,0.027615658600016423,4.219135201995623e-05,3.1456864343661786e-06,1
0.05179068652186446,0.9162136710878415,3.702653146315304e-05,1.7842981389707706e-07,0.03188948031172571,6.86312057370992e-05,3.259115542509067e-07,1
0.016855891555071813,0.9762702815632913,4.074878564453854e-05,8.136166605496646e-08,0.006787899539693923,4.062455965820799e-05,4.472634974351046e-06,1
0.05451043857855913,0.9402985755365603,5.491969950612458e-05,4.0033894959516505e-07,0.0050769969307324385,5.4830780112171634e-05,3.8381355801323655e-06,1
0.9804682593970456,0.018131113606200216,1.0129795842211131e-05,1.0648824613177045e-07,6.1784902442085e-06,4.816057428852406e-06,0.0013793961649928158,0
0.9807276746383564,0.018135910790776366,7.93210954080259e-06,1.0651642111224767e-07,6.180124967742154e-06,4.817331675813588e-06,0.0011173784882618438,0
0.9510736280585197,0.04789479079405603,9.654318720836674e-06,1.2964312622395315e-07,7.521945563947189e-06,5.8632643867372435e-06,0.0010084119756262836,0
0.9473908374998089,0.051554186447635576,9.869851082424731e-06,1.3253740493658778e-07,8.054761244594272e-06,5.994161579634065e-06,0.0010309247412439485,0
0.8897914331614837,0.10949575726345859,1.0771629055432057e-05,1.1323543968331332e-07,6.961804221049438e-06,5.121207272222014e-06,0.0006898416990691767,0
0.8855573433485197,0.11369310807600218,1.0961792086006252e-05,1.1523450540194956e-07,6.685951673399968e-06,5.211617394040425e-06,0.0007265739798194705,0
0.8671983302529281,0.13205878622154368,1.0887457534429008e-05,1.3969963283659846e-07,7.037837541140488e-06,4.310785460868106e-06,0.0007205077453591129,0
0.8789103414009798,0.119489169096751,1.040925433355243e-05,1.4913673777777548e-07,7.274416131395488e-06,5.2495080194913256e-06,0.0015774071870470194,0
0.9240112587730952,0.07290392252573118,7.791446400778412e-06,1.5601955257994584e-07,6.609753918578963e-06,5.696168479717257e-06,0.003064565312822185,0
0.9241783543130494,0.07291710626151746,6.983496701920707e-06,1.788056726908592e-07,6.09956744909167e-06,5.697198558451419e-06,0.002885580357051087,0
0.9332748969723096,0.06358681938386433,8.196330042801766e-06,1.463222200973413e-07,6.626846032520316e-06,5.150438981542708e-06,0.0031181637065491406,0
0.9277488910132792,0.06998090811019006,8.076435896710757e-06,1.441818502560709e-07,6.529909959644215e-06,5.000101568703339e-06,0.0022504502472555066,0
0.9057862802687467,0.0908241951199894,9.951918661485968e-06,1.9677431551050722e-07,8.037201183191232e-06,6.926317168352719e-06,0.003364412399935298,1
0.28796430333331374,0.7119833331785962,1.1419422540785695e-05,2.402442190439926e-07,1.4162284604379188e-05,8.099868876207902e-06,1.8441667849600527e-05,1
0.6037138671760033,0.39590215898782466,1.3059631072484966e-05,2.9553964598812364e-07,0.0003493552457102846,8.892896656684518e-06,1.2370523086655847e-05,0
0.17632709850445358,0.8231517513945982,9.565415836414137e-06,1.790791946205645e-07,0.0004982165980358836,6.160893105610246e-06,7.02811477567119e-06,0
0.526706727835419,0.470164592583565,8.941355287923923e-06,2.2043828502097985e-07,0.0031067938098936878,7.0738435851283526e-06,5.650133964206499e-06,0
0.4344101124590703,0.5611784519532688,9.525574821404767e-06,2.272555788854092e-07,0.0043882693759085805,6.756550670431495e-06,6.656830681621016e-06,0
0.40510637535342325,0.5877279878165849,1.0431736267265746e-05,2.3537317686994895e-07,0.007138217130293586,8.275723728662516e-06,8.47686652538737e-06,0
0.411460905110694,0.5884855256185026,1.9294334325100887e-05,2.3811457859350523e-07,1.6162007936652765e-05,8.34974238402206e-06,9.525071579111708e-06,0
0.3455208056350282,0.6544257888750318,2.080720955198172e-05,2.390710250111074e-07,1.566014844497755e-05,8.577277426640618e-06,8.121783491392553e-06,0
0.40407788902924274,0.5958452510469752,1.586954907254198e-05,1.5167183705719897e-07,1.3615427159650734e-05,6.4226038841039354e-06,4.080067182869756e-05,1
0.5525279114548257,0.44733374027049005,8.088282189468955e-06,1.649517032951336e-07,1.1093314533489186e-05,5.725318423054069e-06,0.0001132764078349095,1
0.5248441652290273,0.4750121282449365,8.181075918380528e-06,1.6684413030009147e-07,1.1091498597151328e-05,5.79100278386594e-06,0.00011847610460651014,1
0.4788561708207104,0.5209729232693285,1.0150045353393153e-05,1.898753546126303e-07,1.2616845582421515e-05,6.493004543051018e-06,0.00014145613912740367,1
0.45838395710774926,0.5415036695075492,9.829544043223193e-06,1.838797853512588e-07,1.2223998396585225e-05,6.2879792066576626e-06,8.384798326976804e-05,1
0.4896313865474991,0.5103119506701719,9.753210924335126e-06,1.8245183330642245e-07,1.2129070705250715e-05,6.20608292147703e-06,2.8391965944496573e-05,1
0.7428374406241582,0.2571174694814128,7.958496789233846e-06,1.4887838895558149e-07,1.0734415494316508e-05,5.0640851907610026e-06,2.1184018565774432e-05,0
0.6241070471550223,0.3757704685409964,8.700964799803019e-06,1.7165047329767843e-07,1.2829061415173977e-05,6.07951180091825e-06,9.470311549208377e-05,0
0.5069232451398893,0.4927520729716677,1.0169553439278904e-05,2.3440082412295822e-07,1.4994409084422047e-05,7.10563961200769e-06,0.0002921778854832272,1
0.42976498173755484,0.5700489704329968,6.431233907462701e-06,1.4823527277159e-07,8.150666057364237e-06,4.585314179596343e-06,0.0001667323800310685,1
0.2756393201367938,0.724139012617232,7.640183402304416e-06,1.7562276620809348e-07,9.579461215059187e-06,5.309613776709319e-06,0.0001989623648137796,1
0.21393213561950092,0.7860424804072366,5.899157095143609e-06,1.0794788231765831e-07,6.360031560760757e-06,3.7605313599747174e-06,9.256305364340548e-06,1
0.23747775411059419,0.7624953838998014,1.0684943076624373e-05,1.9552233636155556e-07,3.8111648246356075e-10,6.675102933254027e-06,9.30604014169571e-06,1
0.2779889904071108,0.721980088541391,7.124172300806651e-06,1.614169486353488e-07,1.4813948976403471e-05,4.434692598371766e-06,4.3868206741172144e-06,1
0.3000224392085136,0.6999491537760023,6.200856780326682e-06,1.5358419862113144e-07,1.3000070722463907e-05,4.8785533802243435e-06,4.173950402512813e-06,1
0.27597169180261594,0.7240024662805117,6.811405958188359e-06,1.384115424792965e-07,9.71983290726128e-06,4.880280553189602e-06,4.291985911169859e-06,1
0.3264959727160499,0.6734710868900631,8.863466711714776e-06,2.0082525948649386e-07,1.2875511054140266e-05,5.54277241281393e-06,5.457818448733694e-06,1
0.3143502004081106,0.685616705213958,8.904900109791308e-06,2.017640426049693e-07,1.2935699261790428e-05,5.568682804683988e-06,5.483331712535648e-06,1
0.28598903931444286,0.7139761707574079,9.24060283091046e-06,1.889648538544336e-07,1.2364433575399222e-05,6.576363370617e-06,6.419563518485941e-06,1
0.2780988116929658,0.7218673291615505,8.993376308946689e-06,1.8390921793471288e-07,1.2033630924875951e-05,6.400416901210373e-06,6.247812130590351e-06,1
0.22480835275079758,0.7751607371872208,8.762466175331708e-06,1.6391812197825205e-07,1.072556451458199e-05,5.689443788012086e-06,5.568669381666744e-06,1
0.17398756889512462,0.8259851396241309,7.25331354942187e-06,1.4561246115854133e-07,9.705331483718098e-06,5.14825469984039e-06,5.038968550217477e-06,1
0.38119135467425175,0.6187680103546117,1.1370181149159437e-05,2.2056694459663243e-07,1.4469505676629852e-05,7.73441582909859e-06,6.840301537131815e-06,1
0.3383298337301984,0.6616333892826908,1.0715492674720031e-05,1.9642390059476848e-07,1.2885687607811993e-05,6.887814167946998e-06,6.091568759883594e-06,1
0.3176176395776428,0.6823444322089464,1.1050918655870573e-05,2.0257253804695526e-07,1.328904698099757e-05,7.103422716746326e-06,6.282252519376092e-06,1
0.12034064799139865,0.8796314533900702,7.662259676020401e-06,1.4863801933100618e-07,9.725749944023315e-06,5.212151129998238e-06,5.14981976155778e-06,1
0.07254905154278123,0.9274253765491168,8.08676469728481e-06,1.1760618614989279e-07,9.383661003490068e-06,3.986235707393516e-06,3.9976405076249826e-06,1
0.37307493305885014,0.6253152383040935,1.05415035521264e-05,2.3855438263809887e-07,0.00158514543731992,7.178189121486055e-06,6.724952680004435e-06,1
0.13523511527134,0.8643966360521358,9.346309192136141e-06,1.3168164459985167e-07,0.0003466133223083595,4.5424034760709486e-06,7.6149599032345645e-06,1
0.11580944150011734,0.8840147353442077,9.614948569222046e-06,1.2411584467374426e-07,0.00015739502107519615,4.2699792869163e-06,4.419090899125684e-06,1
0.09105030442201804,0.9088164678659296,9.58641512024299e-06,1.2445862205693665e-07,0.00011486704546142677,4.218497509170416e-06,4.431295339408658e-06,1
0.07140773463120498,0.9284506996911958,9.389450452333182e-06,1.219014668686335e-07,0.00012358225344476575,4.131823298785184e-06,4.340248936348784e-06,1
0.053429823757361966,0.9464685876697803,1.5832142244464813e-05,1.0512041135603068e-07,7.291117055705522e-05,9.712546938155466e-06,3.0275927065275415e-06,0
0.15167304134210474,0.8480898487751056,2.586309679170181e-05,2.0957394409302926e-07,0.00015749406108974898,4.791184022585867e-05,5.631310738143764e-06,0
0.09642995095479265,0.903356333502316,1.5736982223869076e-05,1.7540388269593034e-07,0.00016416207757486028,2.9655287398698593e-05,3.985791811041475e-06,0
0.39201889784572547,0.5988034592749905,2.6526609254636575e-05,2.7425005920603633e-07,0.009096812697541902,4.68086394267395e-05,7.220683001609708e-06,0
0.25393020381373194,0.7396409555882882,2.1866811688452102e-05,1.6964840525978032e-07,0.0063593567382990955,2.918058569076788e-05,1.826681389619456e-05,1
0.05285306394646361,0.9470077399971547,8.885515791130939e-06,9.901172396414069e-08,0.00012235611581891737,4.48986875957414e-06,3.365544288311016e-06,1
0.07406236332845459,0.9241693441509317,2.5720431729020173e-05,1.2887882250165798e-07,0.001701482172154937,2.2884700048147726e-05,1.8076337859166325e-05,1
0.06727324228728503,0.9301631471115785,2.2087983362902822e-05,1.387156849736887e-07,0.0025106070520679413,2.3169585879982737e-05,7.607264140791384e-06,1
0.06806422445592059,0.9289018796088512,2.6069006257309955e-05,1.3031474288212873e-07,0.0029750563845747377,2.5613311034265167e-05,7.026918619144319e-06,1
0.06887273015852181,0.9309099523958604,1.769937220039994e-05,1.1584784071502674e-07,0.00016401936266710734,3.23158583850653e-05,3.1670045246546453e-06,1
0.036836720098935356,0.9629049576217715,2.0116665787277976e-05,1.247978265978895e-07,0.00020046698844483396,3.420215137513579e-05,3.4116758591540635e-06,1
0.07310629108320216,0.9265998784061785,1.7429398499413086e-05,1.478124650029539e-07,0.0002331153940279978,4.007395158218427e-05,3.063954044612741e-06,1
0.18638700387734922,0.7821488832779703,4.692939899497886e-05,2.6641844858407226e-07,0.03135403411705767,5.774881011974052e-05,5.1341000597707636e-06,1
0.1491161351394971,0.8139514803532808,5.4046626184015e-05,2.863948775965003e-07,0.03681806063988282,5.44717841931676e-05,5.519062084479608e-06,1
0.16715467436507175,0.8013317878113249,5.4749610502477314e-05,3.4923514846973567e-07,0.031399897143982475,5.323937792525087e-05,5.3024560446812e-06,1
0.11431458421094245,0.8632672590548983,4.195840251093207e-05,2.676429803970068e-07,0.022328992891640698,4.287415925920294e-05,4.063637767965339e-06,1
0.1489678091427704,0.8227973995068443,3.6489622634255964e-05,0.0,0.028141978231729564,5.2901600847864275e-05,3.4218951734796125e-06,1
0.07498979226844522,0.8716781166608665,3.3450622152984364e-05,2.2796450454206574e-07,0.05323246139743595,6.197989635058133e-05,3.97119024422726e-06,1
0.01887235686851873,0.9664807409423858,3.674779115234472e-05,2.406798708318227e-07,0.014540340224252718,6.543247448719749e-05,4.141019332158468e-06,1
0.008642709446094382,0.9702714065232946,3.871836520820637e-05,1.4404776267675765e-07,0.021005145086517248,3.916156978026181e-05,2.71496134269329e-06,1
0.012083467672417232,0.9674553078134553,3.914539983070558e-05,1.4591804239055955e-07,0.02037405194337479,4.3547527826178166e-05,4.333725053315426e-06,1
0.9773530451817569,0.021213206805360128,7.873976924728942e-06,1.1735380243344573e-07,6.508084920195751e-06,5.430284850860292e-06,0.0014138183123848555,0
0.9461657380979853,0.0526619964406675,9.631913828956431e-06,1.8584771726470927e-08,7.4075055263017755e-06,5.7632134109184305e-06,0.0011494442438093303,0
0.870611786044455,0.12848241974982924,7.857513805775671e-06,1.5511776744412694e-08,5.872561101743962e-06,4.961388844951868e-06,0.0008870872301868142,0
0.883695324467711,0.11513682125748204,1.0465924625591494e-05,1.4994867129508588e-07,7.857942712381444e-06,5.278087506839143e-06,0.0011441023712909215,0
0.9041353653386313,0.0920379468863787,7.38656879872458e-06,1.479280101416667e-07,6.172823346735559e-06,5.400170674389078e-06,0.003807580284160217,0
0.9299825173471298,0.0647536436715658,7.617829853771654e-06,1.5062354367430114e-07,5.873596528505006e-06,5.301842538762281e-06,0.005244895088839824,0
0.9032937577517045,0.0936260729753568,9.924533193311106e-06,1.9623283633062827e-07,8.015084591938428e-06,6.9072574829960655e-06,0.0030551261648342045,1
0.7599191964942127,0.2350887242445089,1.714318394331683e-05,3.389636110242483e-07,1.3618819769793024e-05,1.193128011851079e-05,0.0049490470138355185,1
0.5352055483253609,0.45725663882974993,2.153727019037154e-05,3.654959661510545e-07,1.6579807404492367e-05,1.2388405056539226e-05,0.007486941866271565,1
0.5521277570303831,0.4420965172192982,1.9500680440706357e-05,2.9879336463410667e-07,1.4155043274589911e-05,1.0127535108728739e-05,0.005731643698129928,1
0.3643696046582271,0.6354482332470515,1.5237237193128892e-05,2.830664962570167e-07,1.3133012051403674e-05,9.594476378209817e-06,0.00014391430260234951,1
0.34766738657667906,0.6522687540687233,1.6809205423676084e-05,3.1226939791224534e-07,1.5071157771551585e-05,1.0584302280643264e-05,2.108241972372122e-05,1
0.3869006701297628,0.6130628515791948,1.184333705752301e-05,2.2001704655327444e-07,9.163418471706447e-06,7.41790680626417e-06,7.833611660395559e-06,1
0.44902029869897137,0.5509360736428198,1.1587443961061096e-05,2.1650024063967712e-07,1.2527357909893512e-05,7.2993371820852235e-06,1.1997018915084294e-05,1
0.6141934133932421,0.33373693710076036,9.285912677772452e-06,2.101403424211208e-07,0.05204503842620335,6.5865567910493e-06,8.528469983086916e-06,0
0.613901463524318,0.3468225839068922,8.230771274497964e-06,1.892907765216389e-07,0.039251462000932186,6.529650232368302e-06,9.540855574212704e-06,0
0.296401094739055,0.7027956893266819,8.762517107537515e-06,1.7896979141588188e-07,0.0007810770018973256,6.173624312709337e-06,7.023821154176158e-06,0
0.246971093553591,0.7481640136931691,8.388593069546749e-06,1.7133259011135874e-07,0.004843832231606003,5.776503258415375e-06,6.724092715890394e-06,0
0.25668949999499363,0.7377075608121637,9.2069296413584e-06,1.723677854993027e-07,0.005580865176265078,5.9299993143369444e-06,6.764719836294475e-06,0
0.2217078209426566,0.7717532509517555,9.087058116193859e-06,1.7012360745712235e-07,0.006517141486235989,5.852792461485468e-06,6.6766451669231764e-06,0
0.17844710989380913,0.8210847485607992,1.1249288585390797e-05,1.8308208344001555e-07,0.00044322535798746313,6.298605195406792e-06,7.185211540133198e-06,0
0.2025854613022309,0.7939442489006895,9.267872563228097e-06,1.7350873008058298e-07,0.0034480696671810164,5.969251431924287e-06,6.809497173421259e-06,0
0.24320424517408495,0.7564053325192436,1.1480358121855694e-05,1.8684273833249048e-07,0.0003651228740152151,6.299430167298504e-06,7.33280162881996e-06,0
0.6945438822313434,0.30367192462710296,9.968918479712591e-06,2.217761687859055e-07,0.0017595598242262256,7.085205175042153e-06,7.357417504044554e-06,0
0.6027495031714145,0.3971818986113334,8.130302196760137e-06,1.6198712469984782e-07,2.6542204628176184e-05,5.695469252033958e-06,2.8068254050308703e-05,0
0.39235287662734997,0.607593772335258,1.9215732015629774e-05,2.3714453446133525e-07,1.609616626893279e-05,8.31572674897529e-06,9.486267824010304e-06,0
0.34149667731307004,0.6584493643066895,2.1022620071582594e-05,2.415460524092071e-07,1.5822273054004627e-05,8.66607529175644e-06,8.205865770546609e-06,0
0.4625032898569979,0.5373478262537909,1.6527667906632758e-05,1.9846026830441812e-07,4.528120766994423e-05,9.378727761591898e-06,7.74978256046497e-05,0
0.3836994389854749,0.6162281091692446,1.506921621154618e-05,1.4402272524377598e-07,1.2396894163761432e-05,6.098699221273824e-06,3.874301295849618e-05,0
0.24037255452656342,0.7595138814090188,6.9694344168327884e-06,1.4492996545854872e-07,9.27168083825206e-06,5.146790056989194e-06,9.203122914025515e-05,1
0.4878038313354797,0.5120291541275328,1.0003064331441838e-05,1.8712580299067624e-07,1.2434143260122403e-05,6.3989804860104225e-06,0.00013799122310683955,1
0.5275387710344756,0.47235886466435495,8.932390234939132e-06,1.6709686551602268e-07,1.1108299981101186e-05,5.71406810082634e-06,7.644244598725259e-05,1
0.7478184714786016,0.2521348000511776,8.124739075633288e-06,1.51988258121945e-07,1.095864298629098e-05,5.169867114524864e-06,2.2323232786430306e-05,0
0.7688950116601955,0.2310638427326198,6.728795687337218e-06,1.5343429539414172e-07,9.921213923881324e-06,4.680447904490054e-06,1.9661715373495915e-05,0
0.6472258501595642,0.35272975353264935,7.506736390109763e-06,1.3547171922607383e-07,1.0125081350381647e-05,4.7766247308822745e-06,2.185239359589043e-05,0
0.6669420232075297,0.33301369629925653,7.044713115087432e-06,1.3897635127526275e-07,1.0387015610933667e-05,4.900195260690509e-06,2.1809592875860155e-05,0
0.6752811322722966,0.3246630062491684,8.70197974205221e-06,1.716704958263809e-07,1.2830557887892502e-05,6.080220958295986e-06,2.8077049450964806e-05,0
0.38248288386245566,0.6172997322779209,7.554832273215257e-06,1.7413339941876e-07,1.1139156340066011e-05,5.278689549463528e-06,0.00019323704806127967,1
0.3933243395948466,0.6064506332598243,7.747789296992185e-06,1.7858091873843157e-07,1.1423660135389885e-05,5.523986319763489e-06,0.0002001531286584033,1
0.3797138683897115,0.6200567998757984,7.586080452856825e-06,1.748536472746821e-07,8.794652952394277e-06,5.408691826257416e-06,0.00020736745561144893,1
0.24366667418441063,0.7561536428178663,6.994878746263541e-06,1.474882170362269e-07,7.650515351992554e-06,4.459020239721947e-06,0.0001604310951679309,1
0.31858530696859677,0.6811313282567507,1.2822449910358638e-05,2.3463628644284586e-07,1.1757627496372215e-05,8.053126698468275e-06,0.00025049693426102337,1
0.32774606153747604,0.6722111422589924,1.252141258535266e-05,2.2912764491849658e-07,1.1317768862158661e-05,7.822383074723583e-06,1.0905511364393592e-05,1
0.5673428941818675,0.43260460142891133,1.167915660075777e-05,2.8927194590093083e-07,2.4543203071538228e-05,8.13122779812848e-06,7.861529804946543e-06,0
0.2946812226269381,0.7052893677545883,7.693383778043813e-06,1.3884008614592407e-07,1.2376729381051294e-05,4.895390660952096e-06,4.305274567206344e-06,1
0.30509927627244016,0.694874925279703,6.779747888592131e-06,1.377682329670418e-07,9.848597814270347e-06,4.857597973065853e-06,4.174735947867367e-06,1
0.3052228673071059,0.694748740095137,7.461482014844721e-06,1.516214480821916e-07,1.083891859552273e-05,5.346051284939973e-06,4.594524413533403e-06,1
0.3146122543610123,0.6853552258207158,8.540856478041619e-06,1.9351567216613085e-07,1.2406871438858868e-05,6.119408538153866e-06,5.25916614457775e-06,1
0.30169449753389754,0.6982754208734244,8.094232153119495e-06,1.8339621790937616e-07,1.1758082807997049e-05,5.061731277438567e-06,4.9841502214072545e-06,1
0.35276819517040636,0.6471929682883472,1.0591353265435927e-05,2.3997509518854964e-07,1.486011427697614e-05,6.623306952395323e-06,6.5217916566156585e-06,1
0.32111434729615673,0.6788525620191506,8.062207842022373e-06,1.856405250932259e-07,1.2365304113705157e-05,6.314545989681445e-06,6.16298622230296e-06,1
0.3137821317697557,0.6861839989559014,8.99606664977904e-06,1.839642338110043e-07,1.2037230748515759e-05,6.402331566219582e-06,6.249681144352298e-06,1
0.256259414663291,0.7437087374092829,8.426667248311249e-06,1.7232035335731302e-07,1.1275343109132505e-05,6.1194845280629255e-06,5.854112187218555e-06,1
0.3770936196506217,0.6228632319719979,1.4917550419208146e-05,2.1644334965780496e-07,1.3712146924046888e-05,7.589817562001114e-06,6.712419125512277e-06,1
0.15968201793059364,0.840290989855368,7.1778244500725514e-06,1.4626319554776746e-07,9.570359402754973e-06,5.1288753939445325e-06,4.968891595888656e-06,1
0.1552006006907212,0.8447717154151859,7.630706290407261e-06,1.4802592408247236e-07,9.685699051553415e-06,5.190687355415724e-06,5.0287754714537e-06,1
0.12154046730074931,0.8784345699746625,6.964193796158958e-06,1.3509643576005484e-07,8.5366018312417e-06,4.73730101810243e-06,4.589531507011407e-06,1
0.1423393166997499,0.8575219342375946,8.525278124861895e-06,1.5928661849457238e-07,0.00011927969484693736,5.370371568875638e-06,5.414431496017777e-06,1
0.15760864527261392,0.8412949506413613,9.299008833797167e-06,1.7374303228502617e-07,0.0010751677321387257,5.857771667778485e-06,5.905830352282441e-06,1
0.37596795256110865,0.6218064322525367,1.0110136193665957e-05,2.456239832599981e-07,0.0021995933157409964,7.5257443189830154e-06,8.140366117633357e-06,1
0.12876885069127728,0.8710161705492616,6.454966582834547e-06,1.3183928872819502e-07,0.0001989454444516721,4.547841464324703e-06,4.8986676738217415e-06,1
0.13843830570123514,0.8613645034932118,6.490177283317026e-06,1.3255844871882554e-07,0.00018107003164718991,4.572649134757571e-06,4.925389039147601e-06,1
0.08172376526108466,0.9180979973229881,9.331634108034838e-06,1.2045864220350994e-07,0.00016043516470131596,4.06128068653259e-06,4.2888777889868756e-06,1
0.08816270304865902,0.9116997034448481,9.585794116009115e-06,1.2445055967592456e-07,0.00011923402929908373,4.218224236546508e-06,4.431008281824274e-06,1
0.050853265216715696,0.9488332678048963,1.8124796442153298e-05,1.229796044819855e-07,0.00028160231137549775,9.238255406657097e-06,4.378635559166304e-06,1
0.13901732888279758,0.8593154686430707,2.0576002926002655e-05,1.8630975703830426e-07,0.0016233691843032712,1.81724983032726e-05,4.898478841997435e-06,0
0.2563468701612095,0.741319211279301,2.4947117625377917e-05,2.2588893675342768e-07,0.0022807734349877566,2.2033018480270774e-05,5.93909945951177e-06,0
0.3702916671584461,0.6242729659548968,2.5265398301891177e-05,3.381104423157632e-07,0.005352682354970123,5.2406940045908485e-05,4.6740828967743555e-06,0
0.4275984033514102,0.5646286351639357,2.2650302432538663e-05,2.881807877120803e-07,0.007689143547280608,5.365774555958019e-05,7.221708593882065e-06,0
0.29328255821819427,0.7001409891894772,2.539919489069369e-05,2.1440942966767244e-07,0.006501820781419385,4.283426931776072e-05,6.183937271241133e-06,1
0.21704819086654473,0.7772546151726002,2.1709374311255072e-05,1.735872305644673e-07,0.005637176024169683,2.9225043786760925e-05,8.909931356605449e-06,1
0.21383724423878,0.7803748324075704,2.0650850607836873e-05,1.6015493951524613e-07,0.005718672742377633,2.7228879670536826e-05,2.1210726054182124e-05,1
0.22813383207551982,0.7649756802701138,2.240079573644794e-05,1.4887932698142847e-07,0.006822857434973726,2.274284019395688e-05,2.233770413520235e-05,1
0.15240272259098223,0.8420820493766263,2.7015542414926784e-05,1.547072620498724e-07,0.005442378093918292,2.246756715823988e-05,2.3212121637736535e-05,1
0.14256500095639704,0.85236792980138,1.3634528842245285e-05,1.4952363832807984e-07,0.005036883225757388,6.78050067280337e-06,9.621463312332914e-06,1
0.0475045320945534,0.9523420938513601,1.2172688858302905e-05,1.0618510954695423e-07,0.0001327795501588365,4.706252457447578e-06,3.6093775022931742e-06,1
0.044385911678646695,0.9554763905577429,9.417850884556891e-06,1.0494355916264695e-07,0.00011986164990361311,4.746143761205959e-06,3.5671755019919936e-06,1
0.03656989251686734,0.9633083040792936,7.795353318963846e-06,8.686399182257906e-08,0.00010530645427624515,4.019391469410601e-06,4.5953407826955875e-06,1
0.0679509247485421,0.9304826939757597,2.3663843607409068e-05,1.1824406859193891e-07,0.0015151501959794287,1.798888241637478e-05,9.460109626519048e-06,1
0.06454553781655607,0.9328357043633904,2.5207823303782914e-05,1.455903302615219e-07,0.0025647421105356167,2.199864482367011e-05,6.663651060324227e-06,1
0.0629970029876432,0.9284296373983605,3.4314089471769895e-05,1.4319588557969144e-07,0.008499661477766776,3.522754524865727e-05,4.013305623234273e-06,1
0.06926884701357275,0.9220134579004148,3.946375690811481e-05,1.2898369538954507e-07,0.008641464997393227,3.30927347885468e-05,3.5446132271970683e-06,1
0.08690058692403235,0.9021456770438394,3.1192493184311256e-05,1.299414709551915e-07,0.010883231993251467,3.561067027258442e-05,3.5709339488078377e-06,1
0.07922365362560332,0.9097271199965966,2.9601592152269252e-05,1.3103347180861497e-07,0.010974692391054214,4.031012839413397e-05,4.491232727340647e-06,1
0.08185283936511026,0.9085611819961159,2.2055698467849186e-05,1.3104209978581396e-07,0.009519970388695256,3.754479251583291e-05,6.27671699534464e-06,1
0.06205727179675852,0.9377368465057618,1.6500874032123825e-05,1.0927689138343875e-07,0.00015471609974193902,2.9321309003128514e-05,5.234137811069001e-06,1
0.05357165259515302,0.9461918308716236,2.097112868185313e-05,1.2999107419128343e-07,0.0001777332381599372,3.412852840689763e-05,3.553646900862026e-06,1
0.181042636738488,0.7819863682173857,3.946482046660076e-05,2.8046387673762783e-07,0.036878278889705136,4.778807067815088e-05,5.182799399418658e-06,1
0.19654779018678734,0.7693176804490021,4.847513336674425e-05,2.7519359086307037e-07,0.034023709305780026,5.6766527289029976e-05,5.303204184273179e-06,1
0.09343050577874053,0.875726015373054,3.9714342380574975e-05,2.2110606025632196e-07,0.030757266037953025,4.222186498009154e-05,4.055496831502501e-06,1
0.09744413071540255,0.8536785640388407,3.395845416634746e-05,2.3142535716200992e-07,0.048780578219710255,5.8555355795626506e-05,3.9817907274398046e-06,1
0.06680153545390434,0.8803195332793647,3.378223626219157e-05,2.3022443997043666e-07,0.05277819518254777,6.276249514345063e-05,3.961128337646097e-06,1
0.029313982936473477,0.9549907630918163,3.4645364277071335e-05,1.254453476661832e-07,0.01559615095827035,6.392995472761584e-05,4.0224908750060665e-07,1
0.010159530151977117,0.9786824752404911,3.9026335130214035e-05,1.4325456927145478e-07,0.011070917155935516,4.275264552191833e-05,5.155216374918379e-06,1
0.1033845679263929,0.8927219046038174,5.214090504752719e-05,3.8008283631159395e-07,0.0037888742617717876,4.848828426669039e-05,3.643935867145445e-06,1
0.9817206283194984,0.01641356763677841,7.2891675984613255e-06,1.314228886005091e-07,6.52778324685083e-06,5.724268520959136e-06,0.001846131401468167,0
0.9800359023661864,0.01857591023099409,7.926514497874727e-06,1.529420478064272e-08,6.166899631813137e-06,4.813736916672972e-06,0.0013692649575682819,0
0.9084141041155898,0.09024302491375841,1.0540304731515946e-05,1.5101433901706503e-07,7.608413370688664e-06,5.315598259293567e-06,0.0013192556399512436,0
0.9048730156010856,0.08919004192277263,7.525495911099819e-06,1.5630249067752675e-07,6.288922248151397e-06,5.501737469279807e-06,0.005917470018022893,0
0.761240073422518,0.22864578991952592,1.717298189585295e-05,3.395527910520756e-07,1.3642491740323122e-05,1.1681694536408314e-05,0.010071299936992467,1
0.6793209549641351,0.31159721495487014,1.85116119614699e-05,3.1414935314762564e-07,1.620697529163397e-05,1.0648022948177054e-05,0.009036149321440258,1
0.6084804458696966,0.3838700886221876,1.9410202768395514e-05,3.293987934085628e-07,1.5149643340974845e-05,1.116489935813423e-05,0.007603411363854959,1
0.4947857306094583,0.5003532997976624,2.076886670816439e-05,3.3305340255266617e-07,1.7952260481654543e-05,1.1288771527989514e-05,0.004810626640758948,1
0.43836146464078646,0.5616020751435847,1.183746854749468e-05,2.1990802557060454e-07,9.158877892228396e-06,7.414231147936593e-06,7.829730015520992e-06,1
0.44668012502754884,0.5532777738406655,1.2115264953863674e-05,2.2636206800561216e-07,9.584178130430228e-06,7.63183012972716e-06,1.2543496503731998e-05,1
0.5991149000520573,0.3626724529303701,1.042257501470038e-05,2.3586302806202483e-07,0.038185018759623414,7.097205272325989e-06,9.872614634068704e-06,0
0.28283465056442747,0.7161211244939463,9.349793936512897e-06,1.7469190306237916e-07,0.0010228726086684257,5.889762984396253e-06,5.938084133994342e-06,0
0.2488389319052578,0.746814940464636,8.482982600046147e-06,1.5849636731136386e-07,0.004326645803197612,5.452778468776501e-06,5.387569472474504e-06,0
0.25995146202403085,0.7344672464816265,9.350543669564773e-06,1.750564594625931e-07,0.005558873156849831,6.022498238730519e-06,6.870239124832719e-06,0
0.23904144585267292,0.7526906502887205,9.637967864323729e-06,1.8043747939859558e-07,0.008244920555521566,6.083475928361301e-06,7.081421813031257e-06,0
0.2650259830289195,0.7269364353221447,1.1781752909438504e-05,1.9174793613497934e-07,0.008011618028189874,6.464809626459382e-06,7.525310274094506e-06,0
0.2580357972309339,0.7338501773441666,1.189380672353432e-05,1.9357161107996248e-07,0.008087814869529017,6.526295093148111e-06,7.596881943009002e-06,0
0.6107688631346196,0.3850033871490324,9.464670861721444e-06,2.744390117721283e-07,0.004206030354757642,6.607296821602529e-06,5.372954895362679e-06,0
0.44996216315701,0.5499297315718835,1.9265606627026595e-05,2.0314529774573363e-07,4.2094970504495446e-05,9.600130342877043e-06,3.694141833441091e-05,0
0.3299807014165871,0.6699681571178606,1.3915538709294597e-05,4.302909677762649e-08,1.14478057908992e-05,5.631791587471884e-06,2.010330036792312e-05,0
0.2916083133612061,0.7083300130618214,1.4306748959628428e-05,4.423878215694792e-08,1.0784513006026232e-05,5.7901192413837835e-06,3.074795698330116e-05,0
0.535946536392418,0.46392281672374874,8.771758909817211e-06,1.6409195974885534e-07,1.0908539234102403e-05,5.6113119172370454e-06,0.00010519118181223012,0
0.6230734039123936,0.37682172018567534,8.655311123008012e-06,1.619135887126253e-07,1.0748272360669597e-05,5.5368200324763916e-06,7.977358482633625e-05,0
0.5994854394882619,0.4004650526114614,8.182213084889454e-06,1.5306341567135204e-07,1.103616389404764e-05,5.31268714498099e-06,2.4823772737041665e-05,0
0.29290078303960904,0.7069020792255347,6.542081611528341e-06,1.5079023187970264e-07,7.584329973453542e-06,4.664345910760419e-06,0.00017819618712864864,1
0.2617524839720879,0.7380346560834674,6.889303470984378e-06,1.5879344367223264e-07,7.595382912302901e-06,4.91190669591272e-06,0.00019330455792172617,1
0.2841979446881655,0.7155690800223009,7.797099175235143e-06,1.4267806919064662e-07,8.860293955895378e-06,4.896960251563568e-06,0.0002112782580817034,1
0.30192394740202033,0.6980464773362623,8.676220116230147e-06,1.6460730597384864e-07,1.008082160395984e-05,5.619668480788086e-06,5.033944210355764e-06,1
0.32824753297909626,0.6717066286285717,1.3025255772110837e-05,2.3207088905972433e-07,1.150718720638025e-05,7.922864983675726e-06,1.3151013481015659e-05,0
0.2617904326033116,0.7381705196427951,1.0388158327961682e-05,2.0352860365436954e-07,9.914249858666277e-06,5.523062672391318e-06,1.301875443077628e-05,0
0.5059458224977412,0.4940125361804454,1.0365640669867235e-05,2.5673849144961153e-07,1.682483734975717e-05,7.216735629246289e-06,6.9773696731012305e-06,0
0.32743561475658495,0.6725341939894315,7.1942318867020196e-06,1.461907774260765e-07,1.3266300187527374e-05,5.154570170582908e-06,4.429960961416427e-06,1
0.2561019815999714,0.7438655419631309,8.663151475238833e-06,1.7715631570716828e-07,1.1591771979519051e-05,6.025956360194868e-06,6.0184007670505354e-06,1
0.2519978320747742,0.7479707543406758,8.90520608562562e-06,1.6658833576950085e-07,1.0900283148129813e-05,5.782124396378867e-06,5.659382584102069e-06,1
0.36135009170172716,0.6386136090192773,1.0282540942250716e-05,1.9946811827968843e-07,1.2636729882615829e-05,6.994562917142058e-06,6.185977135298157e-06,1
0.36890318360601115,0.631057491341009,1.1003649407753202e-05,2.1345669848541433e-07,1.4003063405977498e-05,7.485087444140622e-06,6.619796023520537e-06,1
0.14976407948348794,0.8502071009096376,9.462957308879422e-06,1.428843118267124e-07,9.349270758619243e-06,5.01039122223601e-06,4.854103272946866e-06,1
0.07783451036136198,0.9221398976411009,8.040677512997674e-06,1.1472536680474846e-07,9.438769358461957e-06,4.022967696435761e-06,3.974857602262286e-06,1
0.1841193209407143,0.8145133072660433,7.842332294580051e-06,1.649886402631736e-07,0.0013483213388768489,5.562616064242644e-06,5.480517366439518e-06,1
0.3535603904593984,0.6443574428709727,9.824991602188569e-06,2.22339706522398e-07,0.0020591612009189723,6.690283552889911e-06,6.26785384830906e-06,1
0.13327511462357977,0.8664574394451513,5.511506872645635e-06,1.2675329940948656e-07,0.0002524607319098461,4.3723985191005285e-06,4.974540668068136e-06,1
0.13655567736455598,0.8632154025087456,6.349890461442808e-06,1.296931643557709e-07,0.0002124372066261025,4.4738101683228685e-06,5.529526278202881e-06,1
0.07372721059418649,0.9260854546361296,1.1714350647840738e-05,1.1837816405974654e-07,0.00016721465275720517,4.072584849154445e-06,4.214803265664725e-06,1
0.0855496801566213,0.9143400550597962,9.292570518874046e-06,1.19954384658108e-07,9.251550738441698e-05,4.065827377253173e-06,4.270923917460176e-06,1
0.049128816196273135,0.9505862815881981,9.05353444636875e-06,1.1686875566769836e-07,0.00026760951022917795,3.961240664053726e-06,4.161061433540892e-06,1
0.05106260203358169,0.9486240001239995,1.8120798970472155e-05,1.2295248100571122e-07,0.00028154020324266103,9.236217885050211e-06,4.377669839539842e-06,1
0.1204465891548792,0.8788863795061235,2.0572871894026567e-05,1.8603389151991688e-07,0.000625979943034692,1.4245933418490816e-05,6.046556758471516e-06,1
0.24592296098918798,0.751692995634747,2.2368269589310958e-05,2.280578582195126e-07,0.0023299511925698314,2.4615539943691124e-05,6.880316103956285e-06,0
0.44448300244355143,0.5523524308332781,2.318325237851501e-05,0.0,0.003085230363903688,5.0544876476808946e-05,5.608230411412065e-06,0
0.41146958939095046,0.5805541731441556,2.5833914574477117e-05,2.925355100514461e-07,0.007886127388272539,5.731264100846402e-05,6.670985528315539e-06,0
0.28021382100486336,0.7147926343135612,2.43276018691549e-05,2.048552969247963e-07,0.004926744617796063,3.6359226987348766e-05,5.908379625970436e-06,1
0.17930895456509255,0.8151446335720933,2.1342754820071156e-05,1.5758691645379386e-07,0.005487518685096282,2.679227502291813e-05,1.0600560958529336e-05,1
0.10741520993872725,0.8849406661470793,2.933668224963439e-05,1.4111316875443242e-07,0.007583131275368577,1.778287493309965e-05,1.3731968473316016e-05,1
0.03963332084993595,0.9602033195460584,1.0763797800275106e-05,1.0189643026909439e-07,0.00014388660768130818,4.608335286792472e-06,3.9989668071800594e-06,1
0.054160235205214007,0.9431615412594138,1.0378711865671463e-05,1.1564917832336582e-07,0.0026564578712947678,5.153079015045872e-06,6.118224018421552e-06,1
0.053489653702880675,0.9438353033816805,2.4358257825568173e-05,1.1205809799127415e-07,0.0026235671073704912,2.0963020527311295e-05,6.042471617451733e-06,1
0.0545689869613912,0.942507059278334,2.521831051476974e-05,1.1514150077877316e-07,0.00286910347223159,2.330809910530185e-05,6.208736922348171e-06,1
0.05519934668255885,0.9359503668058469,3.1032044775819774e-05,1.4369072251455667e-07,0.00877973432200966,3.534927982533944e-05,4.02717426090664e-06,1
0.0762183913421721,0.9142695195555676,6.142524101998399e-05,1.3168774095314271e-07,0.00941511280895659,3.180044118177821e-05,3.6189233610688313e-06,1
0.07671814481382784,0.9142914153423101,5.664532696187104e-05,1.2904228771758763e-07,0.008897374282105072,3.274496909892704e-05,3.5462234085487857e-06,1
0.0720247893149213,0.9148583213417791,0.00019379745593006584,1.378537779357831e-07,0.012880198489067695,3.8967171712793346e-05,3.7883728111101348e-06,1
0.05991347602903336,0.9273257540016285,0.0001492447542624298,1.335683089725077e-07,0.01256832240234132,3.835299529776786e-05,4.71624912767671e-06,1
0.06669685071612606,0.9330678402922161,2.099878858102019e-05,1.2440451658608864e-07,0.00017613405133336387,3.2093027355907754e-05,5.9587198710311335e-06,1
0.045656303855403174,0.954066097333862,2.1345522377652205e-05,1.3089626138454595e-07,0.0002181778185990558,3.4366180930588304e-05,3.578392566547532e-06,1
0.03877166034728989,0.9609763300244667,1.782986441471731e-05,1.3046437829576735e-07,0.0001939180288498421,3.656468469091773e-05,3.5665859097480414e-06,1
0.039071347549038224,0.9606839305189007,1.7852424624580433e-05,1.229917582156303e-07,0.00019123402990803404,3.1445574669737775e-05,4.06691110040059e-06,1
0.07094479401679789,0.9288201590408057,1.4957531856126503e-05,1.265386767851013e-07,0.00018730582764228413,2.881661266182769e-05,3.84043155943866e-06,1
0.023277850385953477,0.9518415856819983,3.391770427741958e-05,2.1833227378748474e-07,0.024780576108945324,6.204839181944562e-05,3.803394732028652e-06,1
0.005898002878256185,0.9895765848823576,3.6114251512386696e-05,1.0167976791375274e-07,0.004448084724074431,3.3743542232760935e-05,7.368041799126085e-06,1
0.006952236030929206,0.9908043236436963,3.7438111329247765e-05,7.475135917595534e-08,0.0021631981601486286,3.409162521326395e-05,8.637677324157433e-06,1
0.005154951643183051,0.9905011330642781,3.3571975061239176e-05,1.3312195826358493e-07,0.004266183431669558,4.1517728209001464e-05,2.5090356409095357e-06,1
0.984260355608037,0.012797390103195836,7.997527097138257e-06,1.5431223546637953e-08,6.150566462783479e-06,4.856862551618243e-06,0.002923233901431948,0
0.9863640067943844,0.012704451301479522,8.151523189907437e-06,1.609219035107568e-08,6.053966421196929e-06,5.1470321559022475e-06,0.0009121732901787557,0
0.9611749999434757,0.03791204237308003,9.069129329982795e-06,1.246020559326122e-07,6.745136868822925e-06,5.72666081480455e-06,0.0008912921543750203,0
0.9086150421953509,0.09003260419574055,9.136366300605052e-06,1.3089966116237897e-07,6.362953309402039e-06,4.6075757808550285e-06,0.0013321158138564968,0
0.9016424605127041,0.09656587356544512,1.0465158988135967e-05,1.49937701760787e-07,7.430819796909598e-06,5.277701386965998e-06,0.0017683423039768708,0
0.9002152239409655,0.08154497471061134,1.0054910874382738e-05,1.8679294384624873e-07,8.324851480642274e-06,6.574979923232578e-06,0.018214659813201077,0
0.8982539738193275,0.08390662950048056,1.0280610758274779e-05,1.909858348887105e-07,7.464174007459903e-06,6.5705193499901635e-06,0.017814890390241526,1
0.7260710167566746,0.26692875679824524,1.87551380192054e-05,3.3481978139866366e-07,1.399095231285453e-05,1.134864254888739e-05,0.006955796892417807,1
0.5830043696976817,0.41234984828115856,1.640297951768962e-05,3.047228235274695e-07,1.4137928571069507e-05,1.0328512808457221e-05,0.004604607877438965,1
0.5019992677174273,0.49250998955763814,1.2524819645084585e-05,3.604448467498919e-07,1.9027627194943397e-05,1.2217198479926325e-05,0.005446612634767801,1
0.4183483277061735,0.5815115193681702,1.7004498279912714e-05,3.158974089393268e-07,1.4323424076353544e-05,1.0650527204876588e-05,9.785857868616567e-05,1
0.4206725279453172,0.5792867541580886,1.3219801691872377e-05,2.45588022205125e-07,1.0228415726684986e-05,8.280035978990558e-06,8.744055174532652e-06,1
0.6999204481661877,0.30003113461557085,1.0169815291254007e-05,2.301430717498759e-07,2.1751896659041784e-05,6.925089682911177e-06,9.340273536343875e-06,0
0.24801003642248284,0.7518737179403836,8.558454691438062e-06,1.748019241698682e-07,9.429677895634121e-05,6.029852303150793e-06,7.185749258581365e-06,0
0.4151557622219708,0.5727627591895117,1.4249845001038667e-05,2.319161155555699e-07,0.012050709439693413,7.978651012104482e-06,8.308736695213375e-06,0
0.22646700717681045,0.7647270758693605,9.299445261364344e-06,1.7409981921365687e-07,0.008783621127005323,5.98958677558312e-06,6.832694967440254e-06,0
0.25233835608407107,0.7366938188653941,1.0379585469460063e-05,1.9432169370934876e-07,0.01094307323956194,6.551584238370945e-06,7.626319571549456e-06,0
0.4212255722968423,0.5777622532215086,1.2255975306619168e-05,2.5032183301953577e-07,0.0009511099014280904,8.634937450087647e-06,3.992334563118564e-05,0
0.3351812865806324,0.6647424515634448,1.8609553109375373e-05,2.332698563784092e-07,4.174883824368275e-05,8.369145835791972e-06,7.301048877486036e-06,0
0.43068219534006374,0.5692102098460639,1.6287773135253824e-05,1.7248499543978968e-07,3.9529857056579976e-05,8.151202399403358e-06,4.345349628559982e-05,0
0.34758397022034143,0.6523611142486172,1.2812372306788233e-05,1.3568103881100727e-07,1.3471122271315413e-05,6.411940970806865e-06,2.2084414453571374e-05,0
0.16732682310619237,0.8325826840189541,5.286021007513183e-06,1.0992323430384362e-07,7.03217747018132e-06,3.90362240826831e-06,7.416113073332855e-05,1
0.6228101417916068,0.3770548313837263,7.670985550159807e-06,1.564413929695367e-07,1.0399943273623602e-05,5.349692051107633e-06,0.00011144976239903984,0
0.38701815086315666,0.6127496487469443,7.625899033836622e-06,1.7577143665971266e-07,1.1243940103426323e-05,5.437081511130517e-06,0.0002077176978139634,1
0.3265481622832302,0.673279143375739,6.467964188603659e-06,1.4867728989265456e-07,8.268376042532783e-06,4.494969551740632e-06,0.0001533143539578613,1
0.32854384973003325,0.6712746397547451,6.891342266769231e-06,1.261037453361462e-07,7.834585039396007e-06,4.3281005412209836e-06,0.0001623303836289543,1
0.22969394151892453,0.770266228038182,9.227984938938602e-06,1.950594379166265e-07,1.0151292548275565e-05,5.764911323551311e-06,1.4491194644453217e-05,1
0.45974114977696595,0.5402226688178348,9.24635889024863e-06,1.8789113498336553e-07,9.44672973354253e-06,6.504210183930434e-06,1.0796215256535213e-05,0
0.3856910282723862,0.6142806506091311,6.903835563507452e-06,1.5737442768962315e-07,1.1181140384412186e-05,5.431625260515676e-06,4.647142846551289e-06,0
0.3609537043404167,0.6390176960909956,6.993731649534339e-06,1.5942362845054496e-07,1.1126685224660604e-05,5.502351431090495e-06,4.817376654025817e-06,0
0.3286993849327764,0.6712666200973598,8.9179411093512e-06,1.6093928856119352e-07,1.4250952636683033e-05,5.6745909057898584e-06,4.990545923304517e-06,1
0.3309196133302847,0.6690503234920373,7.2381453391379804e-06,1.4708312310691876e-07,1.303491429078965e-05,5.186033567312184e-06,4.4570013575331975e-06,1
0.33314464762978957,0.6668246305617267,7.3925605383534626e-06,1.6749799335538176e-07,1.3312995041128483e-05,5.296669976076264e-06,4.552084934925017e-06,1
0.3396546541429159,0.6603128772192619,8.054255814779998e-06,1.8545742158836019e-07,1.2353107797621625e-05,6.454297554625133e-06,5.42151923371322e-06,1
0.3182314767256268,0.6817348736038792,8.937737355798248e-06,1.8277143430276846e-07,1.195918295292033e-05,6.360819703910547e-06,6.2091590469794315e-06,1
0.26741266154814325,0.7325541830175034,8.810912644710697e-06,1.8017794409067715e-07,1.178948453122042e-05,6.253806915134737e-06,6.121052318074608e-06,1
0.2654093105060783,0.7345598892543751,8.724122881307768e-06,1.8863639853501127e-07,1.0678630984052294e-05,5.664547598785065e-06,5.544301683903245e-06,1
0.08188483919800604,0.9180888809845268,1.057078028291127e-05,1.212131136756369e-07,7.21947293873385e-06,4.2504674797108585e-06,4.117883652129477e-06,1
0.10217055957877529,0.8978029596673097,8.979985286424092e-06,1.3559175805017456e-07,7.982959958221574e-06,4.684407305867265e-06,4.697809606545859e-06,1
0.13304150522979777,0.8669169899730828,8.766966594792895e-06,1.638023349956173e-07,2.148347996160874e-05,5.522619609166232e-06,5.5679286188861234e-06,1
0.3517860806484871,0.646290568751683,1.0660216103400231e-05,2.412408494443269e-07,0.0018983894316235304,7.259025895853577e-06,6.800685357595583e-06,1
0.14681265958313744,0.8521248487152495,6.778448413650955e-06,1.4982894162337584e-07,0.0010459828758800577,4.8079964760577624e-06,4.772551901629755e-06,1
0.128773549992993,0.8707808198973179,6.029757057504203e-06,1.2315460838777584e-07,0.00043039563059581393,4.248260438535102e-06,4.833306988765807e-06,1
0.12315090234623155,0.8763306570215837,1.8924923045883634e-05,1.7561006813999997e-07,0.000480184634689484,1.344770739298994e-05,5.707756988214589e-06,1
0.15339780411157566,0.8456423214909595,1.9853296504572842e-05,1.795270017365364e-07,0.0009202588522862228,1.3747654756155937e-05,5.83506691608376e-06,1
0.16514722159414555,0.8338287881878522,2.0474600505143045e-05,1.8514525482430912e-07,0.000980564003921746,1.674879442963015e-05,6.017673891087766e-06,1
0.33686853758165236,0.6603814540545254,2.4781571353795658e-05,2.6913389409901997e-07,0.0026890252368593093,2.6819654327149614e-05,9.112767387940876e-06,1
0.39538489269185595,0.6015638424673244,2.94078898459853e-05,3.1213865132462354e-07,0.00298019213923853,3.1105152172282893e-05,1.0247520911648669e-05,1
0.2643368978045492,0.7301218351801902,2.6598628425829256e-05,2.0682658222487263e-07,0.005465544828479078,4.250015217012497e-05,6.416579603019175e-06,1
0.15745391612067672,0.8361400049321364,2.0559957280849304e-05,1.5143511179246958e-07,0.0063469740069426375,2.9837656536718345e-05,8.55589131508039e-06,1
0.09153202059779535,0.9029207165214045,2.3666509189394537e-05,1.2641051339304847e-07,0.005498617745358798,1.989112799819864e-05,4.961087740316666e-06,1
0.04529153135659224,0.9507002348123701,2.4155242778521375e-05,1.1028775712653912e-07,0.003955695734824352,2.232555556267976e-05,5.947010114712239e-06,1
0.04751283018466262,0.9459658484638408,2.5594245918263884e-05,1.2900627531222341e-07,0.006456647774743731,3.448068032596789e-05,4.469644233406876e-06,1
0.06546316290516878,0.9257377595627079,3.134536128249468e-05,1.4278070513410726e-07,0.00872542542320016,3.8162297442742784e-05,4.0016694926975986e-06,1
0.061955932071749646,0.9276651769493394,6.258820967953813e-05,1.3361719810230546e-07,0.010278273212282968,3.4151092960037114e-05,3.7448467903524926e-06,1
0.0687118011663528,0.9223093426982655,6.312214826321344e-05,1.3284576506384407e-07,0.008876689282976639,3.52611112448515e-05,3.650747132033125e-06,1
0.0775069882341208,0.9109439718074234,3.563448959404287e-05,1.2863296777010404e-07,0.011469340077732995,3.939477416290798e-05,4.541983998323203e-06,1
0.06820182903957175,0.9190502301750195,8.162176690046518e-05,1.3413164296235428e-07,0.012621330209799936,3.842997565714023e-05,6.424701407955076e-06,1
0.051450113602408254,0.9483366369401253,1.924955396544664e-05,1.0271645714628503e-07,0.00015590858895251866,3.30686915552036e-05,4.919906536158101e-06,1
0.034928899552213864,0.9648417134729145,2.1640579243985228e-05,1.154750720211827e-07,0.00017275491668135594,2.934498598889773e-05,5.531017885393372e-06,1
0.06102210338496505,0.9387281827950754,2.0796935548447284e-05,1.302351962967547e-07,0.00019298741301288752,3.2238915583082615e-05,3.560320618799484e-06,1
0.11638933057521669,0.846613246487779,3.303191713437072e-05,2.877455666584476e-07,0.03689772014081989,6.340515536641265e-05,2.977978116986323e-06,1
0.06799883886972846,0.891203290820272,3.3531030739045005e-05,2.0456577552205556e-07,0.04069790724847638,6.229579171671095e-05,3.931673291846695e-06,1
0.038070037718609326,0.9467437161251212,3.566563884981823e-05,1.7478515466946116e-07,0.015084770004829624,6.498056365070988e-05,6.551637846119843e-07,1
0.00517071970648716,0.9905679336501064,3.568720831895846e-05,1.1718930978503342e-07,0.0041841828850381155,3.3344532162519934e-05,8.014828576823044e-06,1
0.025501883431253116,0.9723438126400179,3.642399515270149e-05,2.5579660600070317e-07,0.0020715817023538126,4.3286280535220615e-05,2.7561540811586147e-06,1
0.044895098098002205,0.9529241143896777,3.53643278818e-05,2.756784895728108e-07,0.0021004775451857554,4.2026971813869896e-05,2.6429889486809333e-06,1
0.05241446800518683,0.943572303457187,3.6055389960246e-05,2.810655833307862e-07,0.003934637020301301,3.956042560647303e-05,2.694636174730017e-06,1
0.9837306670996248,0.014606306740996219,9.757855107053694e-06,8.290040699856748e-08,5.037878982143341e-06,4.53153564959646e-06,0.0016436159892332305,0
0.9513726193441526,0.04760144006901738,8.976639349071718e-06,1.233313229487316e-07,6.66676299979861e-06,5.668258433476233e-06,0.001004505594724785,0
0.9275674816525197,0.07092308074016171,9.162223869045109e-06,1.3127013086947295e-07,7.0135487554503875e-06,4.620616053341519e-06,0.001488509948509783,0
0.9197167720881899,0.07812658692517717,1.009281142418763e-05,1.4460295834619263e-07,7.725899957788742e-06,5.0899221800842516e-06,0.0021335877501125534,0
0.5091413655479925,0.4908119285660788,1.30779691638893e-05,2.4434926982818666e-07,1.1605067347412711e-05,8.238271261973771e-06,1.3540228885447966e-05,1
0.5365912945854868,0.4633597673311896,1.2509484811680574e-05,2.6317717892397995e-07,1.0826268337470302e-05,8.87305696252443e-06,1.6466096032769642e-05,1
0.6287674529750942,0.3711796552891643,8.959609011373875e-06,2.768901407691943e-07,1.792702058525774e-05,7.506100497699578e-06,1.8222115506594665e-05,0
0.48047127405979767,0.5194678593495585,9.7111826365094e-06,2.1976420793132672e-07,2.82050764156463e-05,7.047602332846714e-06,1.5682965050962398e-05,0
0.4366708160828419,0.5518896871516492,1.4848695901888206e-05,2.416624092669659e-07,0.011407434540690813,8.313954473006306e-06,8.657912033926736e-06,0
0.48199850831002283,0.5016460310276096,1.0147247773636733e-05,2.072521850976897e-07,0.016330693509737027,6.987537640984637e-06,7.4251150307479e-06,0
0.37333856115711894,0.6230816061284541,1.0521353464828444e-05,2.21350452478274e-07,0.00355427442940203,7.462862781455721e-06,7.3527183261913334e-06,0
0.39049329572839747,0.609450629571941,1.4442942554737197e-05,2.1046582448347423e-07,1.7661011225216017e-05,7.26009077144339e-06,1.6500189285474564e-05,0
0.35348844481489927,0.646467195797557,1.4507084061800916e-05,1.7903432944573583e-07,1.1507579832892122e-05,6.423309192225629e-06,1.1742380127384758e-05,0
0.3328524490026409,0.6670922542561689,2.018934168177094e-05,2.530724304233125e-07,1.7177270930697827e-05,9.079613243278234e-06,8.597442904020472e-06,0
0.4160429266421794,0.5838758887767528,1.9810805215327336e-05,2.483274939574924e-07,4.4443737985042266e-05,8.90937665171626e-06,7.772333721791074e-06,0
0.24732877463908315,0.7526162171387187,1.2760551022571355e-05,3.945768801026153e-08,9.618979745525376e-06,5.164353705719097e-06,2.74248800361584e-05,0
0.13996338158913385,0.8600031433252151,7.876833110777623e-06,2.435644219784888e-08,5.937603949659684e-06,3.187852326519533e-06,1.6448439821834944e-05,0
0.6203313288428273,0.3795688203249921,8.647336768395653e-06,1.6176441367378446e-07,1.1663522427603468e-05,5.614690599126303e-06,7.376351797155533e-05,0
0.35062728048044445,0.6491844646885558,6.8933620627222436e-06,1.2614070531065188e-07,1.2181535434687696e-05,4.394306473693924e-06,0.00016465948632343679,1
0.34468645144134935,0.6551309352777446,7.269111543761856e-06,1.3301649453036544e-07,8.264060954435329e-06,4.565358153586675e-06,0.00016238173375975577,1
0.2687124088338635,0.7312602550573111,7.808972900549252e-06,2.1107604920796437e-07,1.0645713379126727e-05,4.878425419803477e-06,3.7919210768462446e-06,1
0.3299562435588057,0.6700182803160917,7.401005104905682e-06,1.6219788073086034e-07,8.825157992011148e-06,4.793699855123284e-06,4.294064269872559e-06,1
0.3429226041462373,0.6570354598495501,1.0885736654034418e-05,2.4664512874614927e-07,1.1317029006840988e-05,6.776211148346962e-06,1.2710382274568058e-05,0
0.3423525317755869,0.6576206574204965,7.4816287335843016e-06,1.8530664295843308e-07,9.35894252783246e-06,5.2088373855566205e-06,4.5760886267655705e-06,0
0.3327276010293064,0.6672428902118026,7.193346519556485e-06,1.6397389266803653e-07,1.1650019257993737e-05,5.6593993735585815e-06,4.842019847317797e-06,0
0.3639723388085237,0.6359944763302966,7.956976536518968e-06,1.6169017125857597e-07,1.4351298092002151e-05,5.70106643059163e-06,5.013829949335718e-06,1
0.3039222745482595,0.6960466151893884,7.660175001830245e-06,1.7356150617921074e-07,1.3702833189122608e-05,4.856819922599655e-06,4.71687273223023e-06,1
0.3703160445822961,0.6296461991013164,9.269169954284565e-06,2.1001753849126573e-07,1.6692513101049616e-05,5.876979219035479e-06,5.707636574533379e-06,1
0.37478952446253544,0.6251780733398594,8.037774479523676e-06,1.850779221024658e-07,1.232782976874446e-05,6.441090196392653e-06,5.410425238421258e-06,1
0.30989467248466745,0.6900712747358294,9.044807719276599e-06,1.8496095980852317e-07,1.2102448973692643e-05,6.437019669361101e-06,6.283542181053479e-06,1
0.2740356139229167,0.7259304094891564,9.029130639649212e-06,1.8464037281708323e-07,1.208147218102489e-05,6.408693617657269e-06,6.272651115795733e-06,1
0.2964729623612565,0.7034923981437666,9.811586376384277e-06,2.121499597308364e-07,1.2009724267645412e-05,6.3706344815134575e-06,6.235399891592886e-06,1
0.3924511684798996,0.6075057093791609,1.2066122856917081e-05,2.340673219506743e-07,1.535514965704675e-05,8.207821000924596e-06,7.25898010266027e-06,1
0.13053085602459696,0.8694410812392559,9.214437770934481e-06,1.391318333999699e-07,9.103736897140866e-06,4.878806552578345e-06,4.726623092792419e-06,1
0.11009770714924515,0.8898748272577199,1.0213363161728053e-05,1.331206028908668e-07,7.928684950131064e-06,4.6680163252077245e-06,4.522407995168103e-06,1
0.08442679262603636,0.9155477244833209,9.476074891666057e-06,1.2351081447339408e-07,7.356324375246773e-06,4.331038815788462e-06,4.195941745562241e-06,1
0.08607977688438727,0.9138933239766758,8.50863969664021e-06,1.2140230827918968e-07,9.868713263414261e-06,4.194191948169478e-06,4.206191720589503e-06,1
0.0628365665469306,0.9371365747587059,8.086186348752449e-06,1.1537469242020609e-07,1.0673828097161436e-05,3.98595062013584e-06,3.997354604719798e-06,1
0.38363715274303795,0.6137169311510314,1.1319967563956552e-05,2.561710348385964e-07,0.002619410112833156,7.70828066616522e-06,7.221573832457415e-06,1
0.17957110679237956,0.8192663374644413,7.274845990977852e-06,1.646298732987574e-07,0.0011448722363367342,5.160094427810977e-06,5.083936550263458e-06,1
0.1580972737131672,0.841145579649806,6.910277202324539e-06,1.527428485644801e-07,0.0007403167439395865,4.9015034724537355e-06,4.8653695639736346e-06,1
0.12524832107851458,0.8744635739146541,6.141404425415266e-06,1.2543494700531612e-07,0.0002725884451470935,4.326921500936092e-06,4.922800810565852e-06,1
0.11657116916823163,0.8832158773034758,5.919010025903067e-06,1.2089265866461538e-07,0.00019825146112107907,4.170233707350175e-06,4.491930779630087e-06,1
0.07631106731820765,0.9235533028582005,7.76960717559795e-06,1.1299374991233698e-07,0.00011983678523481076,3.887343899926295e-06,4.02309353175857e-06,1
0.059455691912937245,0.9404221859199472,1.1754193201474992e-05,1.1878078888227945e-07,0.00010199400596956402,4.0260486076084245e-06,4.229138548107464e-06,1
0.06560785144518436,0.934096950446829,1.8029631530246202e-05,1.2267499035479896e-07,0.0002634996721273947,9.178339433360641e-06,4.3677899050861696e-06,1
0.08373770155709441,0.9159924614107368,1.8730681203581453e-05,1.2744909631087477e-07,0.0002359835950399658,1.0457536948798243e-05,4.537769880144256e-06,1
0.15377959235502764,0.8444928538978784,2.472780823864695e-05,1.8995923875821953e-07,0.0016745537017064881,2.0503346237801505e-05,7.578931672232662e-06,1
0.3009832835268507,0.6929726994316475,2.949038907923084e-05,3.3852331583002256e-07,0.005961311786947592,4.518381785242099e-05,7.692524306597377e-06,0
0.22769609123873089,0.7682556483133623,2.275790502968126e-05,1.7815751311302165e-07,0.003982406303742798,3.739093007000793e-05,5.527151551161498e-06,1
0.2058942737503706,0.7886928225706465,3.398780601474615e-05,2.1085039828287383e-07,0.005330466739823269,4.154440598436897e-05,6.6938767621188165e-06,1
0.07104288775411863,0.9286782461005224,2.529517833334492e-05,1.3375211854872263e-07,0.00022873859426993535,1.94494644004668e-05,5.249156236914636e-06,1
0.04257323410677393,0.9530978582254266,9.84183337625788e-06,1.1386163376109405e-07,0.004309835854088444,5.171186614999779e-06,3.944932085783111e-06,1
0.040800599868151696,0.9549547218027485,2.292765985696102e-05,1.1078130683938366e-07,0.0041932407994508415,2.2425464852923217e-05,5.973623632031593e-06,1
0.0575758127635868,0.9328918642723986,5.260632586357013e-05,1.3696645586818282e-07,0.009435774619293678,3.996633702707726e-05,3.838715374432558e-06,1
0.07455708834819247,0.9128113487771107,5.2247033528285084e-05,1.3322110359826596e-07,0.012535651560605984,3.88270700287614e-05,4.703989430327922e-06,1
0.045651724608519184,0.9540672313939202,2.623353373270208e-05,1.1640161270363486e-07,0.00021460049626553985,3.3349780466104046e-05,6.743785483567535e-06,1
0.041734893210103576,0.9580547738677595,1.9942598903160134e-05,1.0641457507529679e-07,0.00015327580556503454,3.084292161590105e-05,6.1651814778540814e-06,1
0.04826512859638495,0.9515256230198375,2.217077106514629e-05,1.1830419863758932e-07,0.00014991310661203913,3.1379674683879225e-05,5.666527217767003e-06,1
0.04132706689183863,0.9583942280408114,2.300011126431144e-05,1.3149007362659765e-07,0.00021916758452711116,3.2370406509202734e-05,4.035474975860648e-06,1
0.046147837147783546,0.9535842434598484,2.1986003801462416e-05,1.3416558196585785e-07,0.00020646343645063368,3.48993958154634e-05,4.436390718409214e-06,1
0.06830397585564693,0.9314499432417299,1.859528950940447e-05,1.2729264085385987e-07,0.00019201835110082462,3.151050422256325e-05,3.8294651494042245e-06,1
0.08457983069502893,0.9151658117363595,1.4750885031142054e-05,1.2384186700036343e-07,0.00020331351259988633,3.166292386171256e-05,4.50640525171292e-06,1
0.13056375585825372,0.8260079222660942,2.354859827747614e-05,2.2018808362328662e-07,0.04336331081335194,3.699907258969512e-05,4.243203349089357e-06,1
0.15708470274783315,0.8001976367581691,5.998688806286689e-05,2.8623969870431315e-07,0.04259614539225792,5.572590231744299e-05,5.516071661091559e-06,1
0.1355549124281806,0.8312920341330099,5.702869831601373e-05,3.4527587817276445e-07,0.033037418880182044,5.297727051444723e-05,5.283313918652126e-06,1
0.04640949622484265,0.9458426162635514,4.3618291918337926e-05,2.6401420653418165e-07,0.0076671973650073435,3.398693463120331e-05,2.8209058424489027e-06,1
0.04991575736296861,0.9378174755506861,4.2927619042279986e-05,1.8550664030176148e-07,0.012181619428562775,3.925829382842745e-05,2.776238271445882e-06,1
0.0862955389479606,0.8806270384371411,3.8698094106854465e-05,2.8860822155858704e-07,0.032974432529318046,6.099313296543948e-05,3.010250286558865e-06,1
0.012217797087256836,0.9623530013344974,3.4427855940867616e-05,2.1685184538410242e-07,0.02532712236522614,6.162766519007376e-05,5.806840043325146e-06,1
0.013014448576051661,0.9683425323269729,3.383192757321718e-05,2.1820149654838671e-07,0.0185413691599667,6.175682705287662e-05,5.842980885988508e-06,1
0.9862598815173144,0.011773939677227377,7.414592304821e-06,1.4637390824395773e-08,5.443312767716822e-06,4.576017941852929e-06,0.0019487302450530491,0
0.9270798577659224,0.0713055687090671,9.112422453685959e-06,1.305566099595804e-07,6.34627779804655e-06,4.5955006203880576e-06,0.001594388767528427,0
0.8157055838785444,0.12639311445195714,1.2484987547241812e-05,1.8193406141702744e-07,7.203503486422618e-06,6.259109591344566e-06,0.05787517213481187,0
0.8705338079004084,0.09453113418096167,1.546450293901733e-05,2.2490096836529516e-07,9.622970939431328e-06,7.737307666491488e-06,0.03490200823611675,0
0.5465370394411401,0.4534126892813139,1.3761442301614892e-05,2.622963592395699e-07,1.072614177794419e-05,8.84335999842809e-06,1.6678037108786345e-05,0
0.5556458034164066,0.44429440434776923,9.033987519313326e-06,2.657653166734278e-07,1.4833062443178248e-05,7.504585234115918e-06,2.815483531097908e-05,0
0.4640012013135856,0.5199731585503939,1.503289021056905e-05,2.4466017019514337e-07,0.0159933485210884,8.248753313179563e-06,8.765311238021534e-06,0
0.6194724688633064,0.3765183884725615,8.544991307690064e-06,2.156824065210538e-07,0.003986872034199664,6.489962947082326e-06,7.019993271079413e-06,0
0.48262121188844076,0.5172652275852238,1.5436855679238853e-05,1.8536205695716225e-07,4.248100303767033e-05,8.759739591117011e-06,4.669756597054767e-05,0
0.49134641023184555,0.5085511218106735,1.5719561282741574e-05,1.8875671797281568e-07,4.5153977112831665e-05,8.920162640933042e-06,3.248549972652227e-05,0
0.4267080316662875,0.5731266318464222,9.657928180653176e-06,2.0083739750233778e-07,1.2848277535047076e-05,7.131898215647582e-06,0.00013549754596141412,1
0.32572183800097987,0.6741489831113782,7.545813024856394e-06,1.5691580631102196e-07,1.0038457333441379e-05,5.5724343075000224e-06,0.00010586526716981321,1
0.7433787184183396,0.2564946919932566,9.244718151436381e-06,2.1308404212828563e-07,1.3630793786619616e-05,6.713556857885297e-06,9.678743556597903e-05,0
0.565498027290008,0.43429548534171863,9.346000506602977e-06,2.1541852688830162e-07,1.378012866896912e-05,6.663472245304862e-06,0.0001764823483254434,1
0.39474130965848286,0.6050504391296847,7.966991127009804e-06,1.8313500427997302e-07,8.591582311615723e-06,5.536731727425971e-06,0.00018597277166207518,1
0.35442642457657264,0.6455451947359001,7.662460462491596e-06,1.746674466514006e-07,9.237076555951499e-06,6.028476985426256e-06,5.278006076607277e-06,0
0.41965221642853,0.5803087291633923,1.1320928480739657e-05,2.0430524862200472e-07,1.4121482836795669e-05,7.0724160500458345e-06,6.3352754615451385e-06,0
0.4045625973071044,0.5953968046346407,9.678854587928e-06,2.193000264313772e-07,1.868732179264771e-05,6.052675543610845e-06,5.959906304243827e-06,1
0.2740356139229167,0.7259304094891564,9.029130639649212e-06,1.8464037281708323e-07,1.208147218102489e-05,6.408693617657269e-06,6.272651115795733e-06,1
0.28660347057788216,0.7133622001698764,9.34180503213719e-06,1.8493634502944095e-07,1.210083836836193e-05,6.418966534676454e-06,6.282705961330137e-06,1
0.2865407098100606,0.7134252135553615,9.273061764880258e-06,1.835754593603284e-07,1.201179228325016e-05,6.371731473519795e-06,6.2364735968662384e-06,1
0.13911941345125997,0.8608482974429821,1.0342891699493727e-05,1.5617073125688427e-07,9.754736705032538e-06,5.476293730613656e-06,6.5590128914870444e-06,1
0.10607496835715803,0.893896545333208,9.362067757828426e-06,1.389588437757386e-07,8.276411535151651e-06,4.872740486376217e-06,5.8361310110791085e-06,1
0.09134904866836258,0.9086237823173138,1.0008700120656655e-05,1.3295399881179935e-07,7.827661976381214e-06,4.593278325573409e-06,4.60641990212733e-06,1
0.11098250711428889,0.8888839944886767,8.112394372430748e-06,1.3202915474321813e-07,0.00011562099522102715,4.45138220395972e-06,5.18159608231582e-06,1
0.11948952605339924,0.8803765154723465,9.217621627291203e-06,1.5001671964197318e-07,0.00011364546701736048,5.057835577372699e-06,5.88753331255154e-06,1
0.20895138427333954,0.7896181671901779,7.701856980524204e-06,1.7429313836215207e-07,0.00141194549379699,5.244544643888896e-06,5.382347922794394e-06,1
0.37715048399835494,0.6209543760335545,1.12180896169205e-05,3.2463003230306e-07,0.00187045361264082,7.638907339341648e-06,5.5047284611509055e-06,1
0.3512066809511405,0.6465612545012174,1.027203777581159e-05,2.324563681003237e-07,0.0022080123089016747,6.994697621000284e-06,6.553046975506312e-06,1
0.13307356502821638,0.8666943341603279,6.096615376474217e-06,1.2452015429811558e-07,0.0002171671758484399,4.295365412874622e-06,4.4171346634151195e-06,1
0.08306153874246597,0.9166684593741814,1.8759384250492516e-05,1.2764028361480954e-07,0.0002363375957242741,1.0232686073189167e-05,4.54457702130393e-06,1
0.11154713098124841,0.884458984668611,2.4014044100012952e-05,1.3913916142837838e-07,0.00394046415247077,2.4323990739940958e-05,4.94302366868392e-06,1
0.03113316118714743,0.9687450273256853,1.1557144776625968e-05,9.336655470800191e-08,0.00010227420159125345,4.2225658693916585e-06,3.664208375033775e-06,1
0.031725262258172016,0.9681618442416381,1.2868507081578719e-05,8.914636994721188e-08,9.293351323295067e-05,3.972126130234478e-06,3.0302073753221474e-06,1
0.04113800366450295,0.9064273638726739,3.394688588638428e-05,1.013337347546462e-07,0.052374607065446034,2.051299241712763e-05,5.4641853388678125e-06,1
0.057612867714999356,0.9334922598386013,3.499286854534261e-05,1.3705460547691147e-07,0.008815560636702342,3.820362955730567e-05,5.978256988912658e-06,1
0.05723301563193794,0.932329595008438,3.310583076178922e-05,1.3325944164097522e-07,0.010364625179787491,3.5790269569623474e-05,3.734820063591506e-06,1
0.06940949986079388,0.9213217588628493,4.61671983559211e-05,1.344631633351599e-07,0.009182365764195023,3.6305294253166374e-05,3.768556389356201e-06,1
0.05904930982100223,0.9270304519512821,5.388324576645852e-05,1.4429295930390533e-07,0.013815621109027072,4.4666557229340756e-05,5.9230227334228415e-06,1
0.056459483977405904,0.943233655981858,2.601103025927718e-05,1.2627343521718293e-07,0.0002362090116446015,3.719801095291837e-05,7.315714444145772e-06,1
0.04734564386869121,0.95239395434834,2.221143027552639e-05,1.2698123799134762e-07,0.0001983049067534285,3.367632518777492e-05,6.082139514151588e-06,1
0.059178803628038165,0.9406012261577441,2.132278627831589e-05,1.2214551548708966e-07,0.00016027619675980614,3.239856728856422e-05,5.850518375565562e-06,1
0.05581525455241817,0.9439595975205817,2.0611902615557136e-05,1.2708546662934566e-07,0.00016886342247626372,3.0921081845286e-05,4.624434596364649e-06,1
0.10654130718195234,0.8650797118190181,2.4461189367857026e-05,1.718108178077454e-07,0.028309672615101627,3.886316293742069e-05,5.812220804925149e-06,1
0.16737943693996174,0.7815320348589678,2.7687710352939866e-05,2.3739376585735884e-07,0.05100982007201984,4.5798758246435594e-05,4.984266685208312e-06,1
0.062081033786137545,0.9240700582008454,3.1963159024289687e-05,1.2727596952308994e-07,0.013770155657756812,4.345080483097129e-05,3.211115435356709e-06,1
0.0313172850065795,0.9603178935209298,4.4268181181061145e-05,2.680547083827515e-07,0.008284035801482542,3.3385357829650296e-05,2.8640772892459546e-06,1
0.039703451877186456,0.9429347681756008,3.9317861950021025e-05,3.0186391548503806e-07,0.017251130469194492,6.788124192263273e-05,3.1485102301777453e-06,1
0.007462042139917007,0.9845346128401675,3.6234418686091364e-05,1.2481530034868815e-07,0.007923770545493949,3.8778946979771055e-05,4.436293455361945e-06,1
0.0067775303970481916,0.9876719396966586,3.2337600281316684e-05,8.413602365789542e-08,0.0054815699848419315,2.9643584753039454e-05,6.894600393573605e-06,1
0.9902454279920102,0.007539691027034474,5.115979163644571e-06,1.1673692969628365e-08,3.804993668217358e-06,3.1787810118919467e-06,0.0022027695534183856,0
0.9837031885857757,0.012676537466863286,7.437868281450903e-06,1.4599446146366966e-08,5.429202004886273e-06,4.595066816856906e-06,0.0036027972108117518,0
0.9838490564746261,0.013681560409533666,8.093280093404516e-06,1.1119472467359769e-07,6.0193520195214835e-06,4.994879474597665e-06,0.0024501644095280732,0
0.9492963763688841,0.04857235973873346,9.33079231822839e-06,1.3368526530637682e-07,7.005671655467682e-06,4.705627082706853e-06,0.0021100881160606736,0
0.9128281162498484,0.08202842987951835,1.44083845504643e-05,1.7809947302229725e-07,8.101228069243916e-06,5.301003226186811e-06,0.005115465155314246,0
0.7986594428871187,0.11626365120782824,1.6435952298611076e-05,2.0820937636468606e-07,8.908777906283448e-06,7.163063884034793e-06,0.08504418990158773,0
0.5896588335912626,0.4102894509008655,1.4069439996169201e-05,2.681668684612884e-07,1.1558332091732586e-05,9.041285072844891e-06,1.6778283842635784e-05,0
0.5361912444024006,0.4637598508830476,1.2725358269840618e-05,2.8797504747774855e-07,1.0985186679400766e-05,8.665275105006867e-06,1.6240919450158002e-05,0
0.4768523126019504,0.5231005732533891,9.60568484298719e-06,2.9672015408086857e-07,9.833096166108199e-06,8.04736408577224e-06,1.9331279411455394e-05,0
0.39780137779987296,0.6021550809223841,8.346528820232691e-06,1.5594685973531153e-07,2.4228610542285954e-05,5.257771115321224e-06,5.552420405428927e-06,0
0.45756146283034677,0.5400718837798115,1.2129455284990745e-05,2.3092050411098417e-07,0.0023380755477889602,7.944398816042208e-06,8.273067447632252e-06,0
0.4214834758458107,0.5695718258123164,1.119151609679514e-05,2.0910270946907686e-07,0.008919615436484394,7.1937973803268445e-06,6.488489202075196e-06,0
0.47624515128501227,0.5148402992796229,1.0730023468904465e-05,2.0088242831599718e-07,0.008889510626764399,6.910993598516847e-06,7.196909104717929e-06,0
0.38756735871568293,0.5831155784581665,1.4020771281441185e-05,2.2818794256694888e-07,0.029288039770252412,7.693389756801988e-06,7.080706917422132e-06,0
0.5977446611225238,0.3986403485666672,9.308939320850866e-06,2.1066143569748658e-07,0.00359319319169277,6.338880088128081e-06,5.938638271494656e-06,0
0.49426093519529474,0.5019909887548524,9.530786419197189e-06,2.1918844564925257e-07,0.003723091202647791,7.560980579011349e-06,7.67389176120493e-06,0
0.4387425646909227,0.5594913892283997,1.0617583248423367e-05,2.1685853916068444e-07,0.0017398900119689619,7.480609655905457e-06,7.841017265201733e-06,0
0.2656037411431883,0.7343510980961877,1.620733710548681e-05,2.0001743413221864e-07,1.357616730990873e-05,7.176131121022078e-06,8.001107653437937e-06,0
0.33681523016797454,0.6631349888257528,1.792989457679363e-05,2.2127580145768342e-07,1.5019077288222056e-05,7.759272653119545e-06,8.851485952936247e-06,0
0.46265429677401704,0.5372472597414563,1.6779593068187797e-05,1.7769329237423687e-07,4.250740817672795e-05,8.397333272182322e-06,3.0581456717527e-05,0
0.3765257413194684,0.6234069812680862,1.3992989003502567e-05,1.337367771687077e-07,1.1511521321074734e-05,5.663136684810899e-06,3.597602865870415e-05,0
0.7280705548039766,0.2717914451759623,8.25748312313358e-06,1.6840237199749982e-07,1.157592286572261e-05,5.845087887078126e-06,0.00011215312381302912,0
0.6415989360577079,0.35826986563649854,8.180676456085506e-06,1.530346701900365e-07,1.0891492943500297e-05,5.233195276003052e-06,0.0001067399064478235,0
0.6302015315372951,0.36969535512756696,8.44741357945402e-06,1.5802448098640095e-07,1.12466182821606e-05,5.4038275533507734e-06,7.785745124197498e-05,0
0.7241204553415477,0.2757483657155707,9.60363511185356e-06,2.2135681750783655e-07,1.4159995758364613e-05,6.9742040059701425e-06,0.00010021975118778209,0
0.4596364175195715,0.5402232261271385,8.15448598917711e-06,1.8795498224922688e-07,1.202331051456469e-05,5.8139512217252336e-06,0.0001141766505822545,0
0.41639364137198603,0.5834633583598535,8.308093334062327e-06,1.9149552003659578e-07,1.2249795520158424e-05,5.923469542272559e-06,0.00011632741424376607,0
0.5998815448515111,0.39995249968930263,9.30572208367262e-06,2.1449013848013584e-07,1.3720740500717753e-05,6.634754704246367e-06,0.00013607975175916376,0
0.7252042008625122,0.27465080632958033,7.701391376465422e-06,1.7751148035315713e-07,1.1355249127453424e-05,5.490905724973075e-06,0.00012026775019805388,1
0.4082689605382694,0.5915602929623586,8.28033069564637e-06,1.9085561137557308e-07,1.220886114087055e-05,5.9036754527675925e-06,0.0001441627764712152,1
0.5400508052356874,0.45966015441175206,8.402712081166678e-06,1.936764134682659e-07,9.263899612942346e-06,5.855430792818045e-06,0.00026532463366006707,1
0.5678144325840189,0.4320180642787424,8.511070088825176e-06,1.9564159571609257e-07,9.840229038361015e-06,5.914844267290035e-06,0.00014304135224849632,1
0.37315573301149335,0.6266267775617993,7.934362072885365e-06,1.8238496930799065e-07,8.556395225325407e-06,5.514055874481412e-06,0.00019530222856532347,1
0.3389325437484959,0.6608806933889754,7.042050235600702e-06,1.6187364583152906e-07,7.74271465539079e-06,4.893935783785889e-06,0.00016692228820812426,1
0.41394650028565017,0.5859981598797984,1.024342834887687e-05,2.1652369279885036e-07,1.1311624612713996e-05,6.399279633763574e-06,2.7168978263210274e-05,1
0.4902431065044915,0.5097213292955364,9.070221407333802e-06,2.2465325930140297e-07,1.1320216818722246e-05,6.314842669179333e-06,8.63426581749272e-06,0
0.4715015033350768,0.5284593950073548,9.363882153495868e-06,2.3192671391639703e-07,1.1278527352655748e-05,7.367078542580526e-06,1.0860242805803525e-05,0
0.49218171145614187,0.5077825399589708,9.106088461657516e-06,2.075752597178564e-07,1.06022540887649e-05,7.164258137066784e-06,8.668408940048803e-06,0
0.45338318219802387,0.5465796497481368,1.0819023237007846e-05,2.2343504123267376e-07,1.1816091783075472e-05,7.71164306590692e-06,6.597860712041066e-06,0
0.39366181823321367,0.6063062757769986,9.380530190580543e-06,1.8990353277961114e-07,1.0042818534078841e-05,6.554335674797285e-06,5.7384018556152615e-06,0
0.479425404573846,0.5205446994054914,8.092538768591103e-06,1.638288742841629e-07,1.1034766833457301e-05,5.654394205129053e-06,4.950491981034565e-06,0
0.33849473493341764,0.6614743647484504,8.949372531761556e-06,1.8869905343356554e-07,1.1163254924043512e-05,5.590856442486283e-06,5.008135180180097e-06,0
0.37142425603556334,0.6285397263380286,9.035399310681923e-06,1.8360431945836955e-07,1.4761192327152056e-05,6.473741811441205e-06,5.5636886393828425e-06,1
0.3256515112844978,0.6743157660914402,8.089845293545065e-06,1.8329682201372714e-07,1.433878702812995e-05,5.129245974543785e-06,4.9814489439166206e-06,1
0.37595731280734274,0.6240027727138578,8.47466486249072e-06,2.0990238246072296e-07,1.8887810740599683e-05,6.637593829125514e-06,5.704506984612337e-06,1
0.33281150117182257,0.6671556324720813,8.176034679198984e-06,1.8826150364367052e-07,1.2318411647067924e-05,6.5518853448443285e-06,5.631762921401357e-06,1
0.33384294480943116,0.666118901163587,1.0126735750458394e-05,2.3498442423235092e-07,1.3550128039625586e-05,7.207007515836555e-06,7.035171251763973e-06,1
0.31201210273974167,0.6879476226854345,1.0838483355974373e-05,2.1758582831637103e-07,1.3995938893182375e-05,7.692935442034548e-06,7.52963130446271e-06,1
0.27619331677655395,0.7237729651003517,9.675771649284385e-06,1.8100318856649631e-07,1.1429810142392252e-05,6.282450374441595e-06,6.149087739597396e-06,1
0.236454259676733,0.7635142243970531,8.683138843221869e-06,1.7189696804036637e-07,1.0854779544573898e-05,5.966382027760976e-06,5.839728830316499e-06,1
0.16794621010610644,0.831204167381161,6.797279266338628e-06,1.430025943197203e-07,0.0008331106826275684,4.8213533193703345e-06,4.750194924723341e-06,1
0.06874165255956144,0.9311239375246764,9.596175976005456e-06,1.238735161530019e-07,0.0001160807378989828,4.198665473771371e-06,4.41046289708915e-06,1
0.05600890839989074,0.9437381861848827,1.0044954578383826e-05,1.2966663453576622e-07,0.00023371904770322146,4.395021942002561e-06,4.616724368298773e-06,1
0.1960776467121631,0.8010362295004644,3.057870015521023e-05,2.195829093185049e-07,0.0028198347064283284,2.2814882789153307e-05,1.267591509053394e-05,1
0.28726303414333154,0.7097640537904657,2.977328423648407e-05,2.7610796469218937e-07,0.0029021689066178313,3.076398243595093e-05,9.929784947836403e-06,1
0.2617022292098148,0.7358636584939674,2.169383986693616e-05,2.1514668288003068e-07,0.002382153611827072,2.3844496917046374e-05,6.205200923802081e-06,1
0.24585242598118895,0.7517735692546454,2.571389646357506e-05,1.9499494159837333e-07,0.002320917334130943,2.1554548635755547e-05,5.623989993922729e-06,1
0.03252274764547072,0.9673429420544208,1.1540417875313338e-05,9.323142330862206e-08,0.00011480129126116379,4.216454460047177e-06,3.658905088360231e-06,1
0.029084589230496706,0.970804577224185,7.590291821122241e-06,8.543976602809378e-08,9.251531754684244e-05,3.806969676973658e-06,6.835526507357617e-06,1
0.0495381986538103,0.9420301117823061,3.946978605442103e-05,1.2565030726973356e-07,0.008359127347366477,2.8613409205456716e-05,4.353370950015744e-06,1
0.059760702675942,0.9243222783167173,4.895250323559195e-05,1.4375339990316807e-07,0.015819674088095318,4.2347788029748646e-05,5.900874580027028e-06,1
0.07097657656053788,0.9127624498629759,3.813235437799343e-05,1.4537850002507925e-07,0.016172905914548563,4.282652032781026e-05,6.963408731671662e-06,1
0.07086031223354468,0.9289100286950097,1.818574639447029e-05,1.2370262374165756e-07,0.000172612938288651,3.281158348780838e-05,5.925100650811329e-06,1
0.06008499614258883,0.9396424155839964,1.7169284024234017e-05,1.3479926417749471e-07,0.00021495416884025677,3.542489407266243e-05,4.905127213680627e-06,1
0.2025002727818947,0.7452097221112576,2.976444867955285e-05,2.377634775132774e-07,0.052205707436440374,4.625211238729129e-05,8.043345863124838e-06,1
0.1994968146345209,0.7673222422236685,2.702889680320809e-05,2.539406580581496e-07,0.03309372253473725,5.504412671802778e-05,4.893642893889737e-06,1
0.12639177962295908,0.8486470498996,3.6290408196151136e-05,2.060208410326274e-07,0.024876046822659256,4.465703667570165e-05,3.97018906866674e-06,1
0.09279999650068722,0.8837574157411714,3.155345316092741e-05,1.7056471126738138e-07,0.0233622635037373,4.514830976038682e-05,3.451926771286131e-06,1
0.034352019697342716,0.9575504449093851,4.283777531104202e-05,2.5939324956227956e-07,0.008016359716273085,3.5306976016529794e-05,2.7715324216362016e-06,1
0.985855848889244,0.011382814033236332,7.4886455688763774e-06,1.0229970797395152e-07,5.529883988145108e-06,4.626625815094467e-06,0.002743589622439335,0
0.5971068344896537,0.4028467220837426,1.1835696185065467e-05,2.6784198122770213e-07,1.0365558482580155e-05,8.395134413781695e-06,1.5579195540970586e-05,0
0.49969609422058076,0.5002604495880527,1.2784635891067743e-05,2.8931650093039566e-07,1.1192775431446542e-05,8.705639932826372e-06,1.0483823610395734e-05,0
0.6167064352816183,0.3832573734948823,1.0635694206390847e-05,2.406859185491978e-07,9.350895087749229e-06,7.2423278210978705e-06,8.721620465688292e-06,0
0.5620015584796788,0.4379549287565774,1.0355799558078666e-05,2.178674944832679e-07,8.81592794929808e-06,7.515413915667174e-06,1.660775482632806e-05,0
0.30436387024028927,0.6955975927064623,9.248736761634774e-06,1.7280374698990948e-07,1.7136806637042646e-05,5.826103527092019e-06,6.1526025759664145e-06,0
0.6004218465457837,0.3995367229824365,9.646845412942689e-06,1.8024202406797253e-07,1.9635813849854737e-05,6.10926360112468e-06,5.85830689174239e-06,0
0.3855303617144389,0.5859221100263733,1.4088253164391418e-05,2.292862096823493e-07,0.028518365515506423,7.730417992741208e-06,7.114786314754492e-06,0
0.32854997783757506,0.6691924215980724,1.0481997348586666e-05,2.1408926865143366e-07,0.002231778507069083,7.385082720275009e-06,7.740887946065444e-06,0
0.3470130362624397,0.6529149873648243,1.5352978244226802e-05,2.4407770492126785e-07,2.755515974703579e-05,8.591363123903411e-06,2.0232793915825854e-05,0
0.3230235235793832,0.6769231663142468,1.3038068083420735e-05,2.0335748947480457e-07,1.559060781666804e-05,7.2959640505557255e-06,1.718210893000868e-05,0
0.4673533672151895,0.53255708546381,1.865699329558874e-05,2.591275464259981e-07,4.274037621938363e-05,9.296855838039e-06,1.8593968101070605e-05,0
0.295485567355292,0.7044525514507227,1.1748280697612513e-05,1.1228317247864305e-07,8.855924315117058e-06,4.754675315291938e-06,3.6410030484720304e-05,0
0.3624028225505108,0.6373748548477208,7.551077554668234e-06,1.5702528264412907e-07,9.553070084346929e-06,5.576322059083545e-06,0.00019948510678764888,1
0.7155699316180524,0.28428702296171826,8.055392139428527e-06,1.6428094655735626e-07,1.1292617456030178e-05,5.702037087781567e-06,0.0001178310925994031,0
0.6649028384355242,0.334963873705089,7.485016993525829e-06,1.5264876686457064e-07,1.0864028164826512e-05,5.298295075028762e-06,0.00010948787038625995,0
0.7136483007521043,0.2861942605391852,9.06615356029652e-06,2.0896825793261988e-07,1.336751078766293e-05,6.583882430197502e-06,0.0001282121936744916,0
0.6712754506209738,0.32858472334733463,8.832489596281912e-06,2.0358247319193367e-07,1.3022987000493458e-05,6.154921299187644e-06,0.00011161205132255905,1
0.4947442866264067,0.5051260000020993,7.089467451310812e-06,1.6340707810843408e-07,1.0453003250375453e-05,4.940296135116753e-06,0.00010706719757919064,1
0.33858685891748663,0.6613044458740867,6.44904029322854e-06,1.3625196255914724e-07,8.715915026371736e-06,4.119313874435437e-06,8.927468727023123e-05,1
0.36248313379677144,0.6373226440272625,7.326942062732518e-06,1.6017483034654684e-07,7.66145718148385e-06,4.8425753918623196e-06,0.00017423102649971148,1
0.2548267363005275,0.7449732544925489,6.4733838350066785e-06,1.4920679800246897e-07,7.13683599107911e-06,4.615366058165414e-06,0.00018163441424141785,1
0.3913527851724771,0.6083881724410013,7.937154402997366e-06,1.4524092096770737e-07,9.061809399514723e-06,4.958503031527229e-06,0.0002369396787666168,1
0.5280188824307238,0.4719486176354785,7.372410128834936e-06,1.754719268376016e-07,1.522636523787779e-05,5.186009499442075e-06,4.539677004665133e-06,1
0.5983054415980685,0.4016501306346505,9.944469765609826e-06,3.170526671857525e-07,1.4862752992194015e-05,7.706798283702229e-06,1.1596693572442206e-05,0
0.6009494985766543,0.3989877838394619,1.0610412067255499e-05,2.628010438105242e-07,1.3093713370425543e-05,7.387149646171198e-06,3.136350775611953e-05,0
0.4870738467132664,0.5129004863272479,7.539227977971878e-06,1.764168416250526e-07,8.07151588786005e-06,5.267786563500489e-06,4.612012214633983e-06,0
0.40483059617798584,0.595125989681915,1.1868917715164528e-05,2.41182983160896e-07,1.564655822127609e-05,8.349009203679054e-06,7.308471975949321e-06,1
0.3772111698622269,0.6227568638908584,7.875638142548805e-06,1.7844339297948375e-07,1.406918672391459e-05,4.993431119364449e-06,4.849547535744931e-06,1
0.3642960362058281,0.6356703392713869,8.021992085542527e-06,2.1050896507894435e-07,1.5415821327445526e-05,5.026621669321821e-06,4.949578737565634e-06,1
0.3698947781518155,0.6300697738016453,7.746726003793248e-06,1.7837623530389942e-07,1.6240979187969054e-05,6.0674518170376235e-06,5.214513295045949e-06,1
0.3376185188116069,0.6623437384640221,9.336674042750914e-06,1.9092945322497717e-07,1.585881192855752e-05,6.644735446560459e-06,5.711573499970886e-06,1
0.15925326315858934,0.840712179926158,9.316441379202685e-06,1.7664093250717746e-07,1.14509890513357e-05,6.1941032322352265e-06,7.418740657448238e-06,1
0.14503995538241227,0.8549317023309582,9.036803255629833e-06,1.5045901337174964e-07,8.845551936370842e-06,5.198039405989524e-06,5.1114330181882675e-06,1
0.09582436437164041,0.9041488162650612,6.7630857842532245e-06,1.2326466167921812e-07,1.140376439251344e-05,4.258532303355164e-06,4.270716156434633e-06,1
0.20715838557333044,0.7927827433667634,1.4105900765317563e-05,2.0126471143712287e-07,3.1140720837010704e-05,7.057562377830618e-06,6.3656112148442995e-06,1
0.24713915246781357,0.7511581716697151,1.1822039984080615e-05,2.208834415947379e-07,0.0016763317744742147,7.447117441420248e-06,6.854047129966112e-06,1
0.35083651123047843,0.6474081395302468,1.0420287421189827e-05,2.192242037437951e-07,0.0017306709288109174,7.391175995334434e-06,6.647622843651324e-06,1
0.13902748326686631,0.8605118269517311,6.456368627619149e-06,1.3186792475361746e-07,0.0004443774471016683,4.5488292738391955e-06,5.175268474719668e-06,1
0.09931191153692079,0.9004821773910294,6.544669255686878e-06,1.336714185206743e-07,0.00018903263331874687,4.7051396856129324e-06,5.4949583712536014e-06,1
0.0994544800727537,0.900327190740297,9.11957961539044e-06,1.44980734484417e-07,0.000198001545766804,5.103219633795062e-06,5.9598611987679865e-06,1
0.062095787383530957,0.9377498315886472,1.2234814026464787e-05,1.2363765313208404e-07,0.00013342984009697526,4.1906709487653625e-06,4.402065096373873e-06,1
0.058710745989796954,0.9409311834016911,2.503433408518381e-05,1.2831878572564835e-07,0.00031883256495664604,9.50665588899779e-06,4.5687347951234365e-06,1
0.061346414195135326,0.9382975961577171,2.5477109664540344e-05,1.3095243586536987e-07,0.00031522086507054504,1.0498215209028997e-05,4.662504767801119e-06,1
0.07056052624765519,0.9290578780938376,2.255494869397165e-05,1.297390448020046e-07,0.00034385863524497305,1.0433033018860293e-05,4.61930250446969e-06,1
0.39197740872668957,0.6049248963426094,3.0171865513545772e-05,3.16985119605494e-07,0.003018903900544791,3.789554891834198e-05,1.0406630604873466e-05,1
0.4191106507148333,0.5784824078367131,2.6249135882681225e-05,4.4578709922705706e-07,0.002339594487878695,3.303579049640178e-05,7.616247096586567e-06,1
0.2650616758099224,0.7333525891676662,2.2043245968419886e-05,2.1861188609778102e-07,0.0015318132206083473,2.258268297575468e-05,9.077260972678983e-06,1
0.02945120682319102,0.9703895270391271,1.0202820924969998e-05,8.853278530364932e-08,0.00014149632347698016,4.003955364043541e-06,3.4745051307638786e-06,1
0.028397836155465896,0.9714566709322413,1.279398874503518e-05,8.86301454034285e-08,0.0001251236087943923,4.00835854070197e-06,3.478326067437837e-06,1
0.026877038595137428,0.9729442065244069,2.6873113474524063e-05,8.130009229888646e-08,0.000132511569861116,1.4987901621822452e-05,4.300995406025945e-06,1
0.05814789144481042,0.9303904794629506,3.153724422351475e-05,1.3828788662955704e-07,0.01139205767845138,3.402013098255392e-05,3.875750694853035e-06,1
0.07080047241910399,0.9148296097927285,5.19853818583072e-05,1.4248881923521978e-07,0.014270930787603593,4.197525983835377e-05,4.88387004783056e-06,1
0.1023974094543559,0.8853192733582351,4.779883124343315e-05,1.3101373465456162e-07,0.012197266709622396,3.3494584784360945e-05,4.626048023902323e-06,1
0.07012288429260169,0.9295812509482314,3.5079394564467254e-05,1.3096491563096672e-07,0.0002144868405241869,3.858004146089638e-05,7.587517701644186e-06,1
0.07812495854121244,0.9215919340615123,2.7312433933221548e-05,1.298393333207051e-07,0.0002126434262607958,3.5499391218666986e-05,7.52230652915099e-06,1
0.12648274602938364,0.8482815442271255,2.0577967797881948e-05,2.2778381376882672e-07,0.025172045894654743,3.678691096638436e-05,6.071186257982872e-06,1
0.08535360275596265,0.8930469140240899,2.4115040367108187e-05,1.6574249012631446e-07,0.021526831250750906,4.493552830546274e-05,3.4356580337722824e-06,1
0.03400419460617048,0.9567747747563486,4.4480822139519475e-05,1.4333216633227e-07,0.009135513037184127,3.803753043192437e-05,2.8559155588363387e-06,1
0.006312340731115572,0.9897220877911487,3.5980697300647105e-05,2.2835229316799163e-07,0.0038838566338709477,4.126844033083377e-05,4.237353940066483e-06,1
0.04198723268418849,0.9553029715048146,3.481987546357135e-05,2.714342743058557e-07,0.002628727270803037,4.337493171161431e-05,2.602298744436969e-06,1
0.9804632210892488,0.014653272394201907,9.731944979676073e-06,1.3294461866070226e-07,7.071830098212254e-06,6.0125783040369195e-06,0.004860557218548358,0
0.8543837978191103,0.11171052590947451,1.1113283163742496e-05,1.4078221418801061e-07,6.002288451651992e-06,4.8433553357284224e-06,0.03388357656225,0
0.663948790228279,0.3360057718700686,1.1584146243580401e-05,2.437097110331546e-07,1.0145254109353409e-05,8.216708443942188e-06,1.5248083144586118e-05,0
0.7330305167705274,0.26691632831698126,1.186861571317033e-05,2.4682746136065715e-07,1.1591305409482634e-05,7.7364635134386e-06,2.1711700393861475e-05,0
0.6214945185604066,0.3784696011897098,1.0511125667718104e-05,2.3786693066077528e-07,9.188653005680913e-06,7.323134129191939e-06,8.619470150421023e-06,0
0.5940201900827679,0.4059369278929544,1.0394162023609302e-05,2.3522004164978134e-07,8.848586048769664e-06,7.241645192504745e-06,1.6162410971304065e-05,0
0.4948508453874064,0.5051013284416733,1.1261409447013986e-05,2.1040859946451876e-07,1.760093602220801e-05,7.093956611613904e-06,1.165946023992369e-05,0
0.633832693065122,0.36605475019332545,8.465171798701744e-06,1.581635896263104e-07,9.343178248323918e-05,5.360919941527309e-06,5.14070373944038e-06,0
0.5564599134516652,0.44282218686804803,1.1089330514434457e-05,2.0719347018858175e-07,0.0006927407479680142,7.128113484745979e-06,6.734294849418928e-06,0
0.3888535392820977,0.6072850413226798,1.3341684604750952e-05,2.171358122334568e-07,0.00383365265555952,7.4701616310293864e-06,6.73775761508707e-06,0
0.5912669055964428,0.4063400530164456,1.1813895592428176e-05,2.4904192960725636e-07,0.002363862888181628,8.396484970683902e-06,8.719076437386195e-06,0
0.6140242226577358,0.3825608621300989,1.0408643218838099e-05,2.3554775131383305e-07,0.0033902479100821627,7.382916688711865e-06,6.640194424220969e-06,0
0.4079367364732648,0.5883406449554889,9.380591763861274e-06,2.1573427811260585e-07,0.0036978514188027805,7.441827885611489e-06,7.728998516017643e-06,0
0.4401338368807672,0.5575451438356642,1.1699676130946378e-05,2.3895971569489804e-07,0.0022929503037195553,8.242997317597698e-06,7.887346684807805e-06,0
0.31415725815812706,0.6858038546518669,1.2146057790517445e-05,1.8944461736906957e-07,1.2176709712798565e-05,6.796804590112047e-06,7.578173295295378e-06,0
0.30231697671644964,0.697644126839058,1.2148948344604627e-05,1.8948970194897817e-07,1.217960756151918e-05,6.798422113396286e-06,7.5799767709720165e-06,0
0.4346095273326201,0.5652413896811881,1.7017733928837937e-05,2.691606492900182e-07,4.2343539796043914e-05,9.656818768346949e-06,7.979573304919485e-05,0
0.3886179085824151,0.6113086441639939,1.2529008854964591e-05,1.3577801738879728e-07,1.0708994225119066e-05,5.749573808671886e-06,4.43238986849161e-05,0
0.7547930660415628,0.2448796166437013,8.341323700636176e-06,1.7011220923368172e-07,1.1265880970247039e-05,5.904434728809253e-06,0.0003016355631271701,0
0.7369123481821303,0.2628105245160207,8.083199236707118e-06,1.6484804201129194e-07,1.0776166885024563e-05,5.721720437423849e-06,0.00025238136724774804,0
0.33314796694860177,0.6666759992906017,6.6591879286093334e-06,1.263396928867035e-07,6.494828297644406e-06,4.401238513525752e-06,0.00015835216636384748,1
0.5017266774754621,0.4982302251411057,9.170324285378356e-06,2.1826437270321583e-07,1.1412275548062298e-05,6.450724800419102e-06,1.5845794425601747e-05,1
0.586338484670567,0.4136267402860399,7.277630183023858e-06,2.2149967353231883e-07,1.8268028410543834e-05,5.11933799165246e-06,3.8885471344654685e-06,1
0.6338586935922101,0.36609356528992315,1.067939053771354e-05,2.41969812224748e-07,1.9937386385139025e-05,6.647763722300383e-06,1.0234607409187205e-05,0
0.5858122185586483,0.4141568102774594,7.581201686405783e-06,1.8777288797991885e-07,9.131339884943504e-06,5.278161771691765e-06,8.792687661430669e-06,0
0.5408051782806522,0.459169056326572,7.386964360719499e-06,1.7893806282505776e-07,8.183104037886763e-06,5.340613349140681e-06,4.675772965164829e-06,0
0.3441745641392249,0.6557917198962652,8.335423720574531e-06,1.8886105020305331e-07,1.4774060712125903e-05,5.28495132026662e-06,5.132667706647566e-06,0
0.6209921639373127,0.3789549639500059,1.2604082668705447e-05,2.8557879832577245e-07,2.422985892533017e-05,7.991430978644139e-06,7.76116131036008e-06,0
0.37601226774288904,0.6239524954219441,7.86508273241212e-06,1.811015192062321e-07,1.54703726438592e-05,6.3027032433683025e-06,5.417575028007612e-06,1
0.3015079174930712,0.698455783856462,9.767519978434074e-06,1.99739997381015e-07,1.26129835943095e-05,6.9327873794682695e-06,6.785619517147879e-06,1
0.29480225465915366,0.7051616030584165,1.037140978161005e-05,1.940163853019422e-07,1.225155460562364e-05,6.734126189385869e-06,6.591175468176288e-06,1
0.297862050278917,0.702100549579843,1.0304333654620737e-05,2.0399117702560885e-07,1.2881432877461543e-05,7.080341825119292e-06,6.93004170572051e-06,1
0.13370525397680516,0.866262044906982,1.0608953198191315e-05,1.5746605431891664e-07,9.799566189918397e-06,5.5217156192520525e-06,6.613415151079053e-06,1
0.16819938863930006,0.8317693922143493,9.901059723638707e-06,1.6484852388762347e-07,9.7466110997266e-06,5.69516643758587e-06,5.711460565749227e-06,1
0.4174334979282644,0.5808325104340125,1.0473484153808434e-05,2.3701510263948003e-07,0.0017094677071449191,7.131871620131367e-06,6.681559701692681e-06,1
0.142807824015469,0.8567704708548615,5.851388571927586e-06,1.3318259315531605e-07,0.0004069076362999114,4.12259106686224e-06,4.69033113755135e-06,1
0.07773717293926177,0.9220856131436839,9.031939246305091e-06,1.313519025293421e-07,0.00015885497563902648,4.518922661096687e-06,4.676727605376001e-06,1
0.0758223614411094,0.9239798517980672,9.568886362403708e-06,1.3916074881736935e-07,0.00017833638373964696,4.787571776705076e-06,4.954758195707167e-06,1
0.05533922340213319,0.9444639661765468,5.963797619577826e-06,1.1142781998375222e-07,0.0001829343856695763,3.833470936507358e-06,3.967339274803967e-06,1
0.04289178775102947,0.9569533099276409,8.993418331344068e-06,1.1290131224714258e-07,0.0001379494343120145,3.826765045484429e-06,4.019802328721031e-06,1
0.0521192487078328,0.9477769151270974,9.609650016940073e-06,1.2173430542744193e-07,8.564432612294951e-05,4.126157398651939e-06,4.334297225627272e-06,1
0.05804187427554353,0.9416470776430881,1.4868984056385038e-05,1.2816698244545044e-07,0.00028716643192274366,4.321168501778972e-06,4.56332990507299e-06,1
0.10530324468717352,0.8938076793256968,2.110998771573051e-05,1.415118194069728e-07,0.0008493340361657335,1.2801583140002452e-05,5.688868288735358e-06,1
0.1200376509033093,0.8784549387432059,2.19065116041828e-05,1.581726659409843e-07,0.0014635605492575724,1.4342816261697183e-05,7.44230369529236e-06,1
0.17225869487364534,0.8251276157048935,2.8192220178074988e-05,1.768758952602928e-07,0.0025563642196137796,1.6893359308018745e-05,1.2062746466018372e-05,1
0.09337272394489944,0.9041227776061989,2.3343003698026802e-05,1.2864445305112251e-07,0.0024647931542432144,1.1663455270367773e-05,4.570191236950356e-06,1
0.026896644662615696,0.972901300565761,1.2522949684783797e-05,8.675252679684573e-08,0.00018211698928622706,3.923441963575538e-06,3.404638162332239e-06,1
0.023564995706420813,0.9762488841735614,2.6819996953150793e-05,7.831058902363578e-08,0.00014287701557547932,1.3271466015845158e-05,3.0733308844011756e-06,1
0.028873972560147395,0.9709289528463867,3.338351459137244e-05,8.866971869649989e-08,0.0001455427183686962,1.5045685441834003e-05,3.0140053456015904e-06,1
0.06429284691710836,0.9192426897461609,5.070675499660474e-05,1.3866465599860293e-07,0.01636969869962012,4.0032907167715796e-05,3.88631029034234e-06,1
0.1078532302443736,0.8792939498891337,4.194974366408822e-05,1.343531042509287e-07,0.012773118094013125,3.1879564722258876e-05,5.738110988918975e-06,1
0.12956094194794254,0.8558271434221847,5.505126662786039e-05,1.4376994134475516e-07,0.014511509436941548,3.9308602779074495e-05,5.901553582904484e-06,1
0.08576532021548715,0.9139481112190267,3.3237001639138925e-05,1.2858893282820937e-07,0.00021059559192491148,3.5157519036117514e-05,7.449863953020986e-06,1
0.0654296996654336,0.9342904768187941,1.9828380898371794e-05,1.3947424380038478e-07,0.00021849166396687483,3.6653466490644395e-05,4.710530172534914e-06,1
0.11277057952778102,0.8869713414606879,1.9550063201597683e-05,1.590616975465227e-07,0.0002034567285077576,2.975327620654468e-05,5.15988191758543e-06,1
0.09747917951311053,0.8808467463488887,1.7690810510940076e-05,1.5078487592473465e-07,0.02160693086256151,4.5896298480169484e-05,3.4053815724327272e-06,1
0.04341442626123752,0.9489495559726484,3.802268613121065e-05,2.592072008991992e-07,0.007559027187444023,3.5939140785454376e-05,2.7695445522425315e-06,1
0.045143214730891446,0.9413499770417082,3.298360724107338e-05,1.2858172959510013e-07,0.01340869035974007,6.459337257893936e-05,4.1230611067788183e-07,1
0.004952754695591718,0.9899766149222906,3.139924044778485e-05,1.96593851848657e-07,0.004984366383501854,4.884068169860839e-05,5.827482617527723e-06,1
0.868292027270262,0.10991037592916275,8.79103102830467e-06,1.4307396099145666e-07,6.099997707411133e-06,4.9221987050604705e-06,0.021777640499173506,0
0.8942956541330387,0.05694432948692153,9.180247684310916e-06,1.49408459013289e-07,6.370070774117415e-06,5.037327981583268e-06,0.04873927932514069,0
0.6448173860189741,0.35513574141959614,1.1474847384383496e-05,2.596759674852867e-07,9.481469118070527e-06,7.813745378730077e-06,1.7842823580981614e-05,0
0.6220165673607985,0.3779348451332814,9.97881902983973e-06,3.0824629044964136e-07,9.858269822020968e-06,8.359965082320983e-06,2.0082205695413036e-05,0
0.6853348505609967,0.31460348734817617,1.0376880566846052e-05,3.0513070563313055e-07,1.0019922449346205e-05,8.620134188989505e-06,3.234002291642051e-05,0
0.7031273984558404,0.2968128015992618,1.0464124040773331e-05,2.4065328743053307e-07,9.649450843977762e-06,8.301417655240812e-06,3.1144299070446e-05,0
0.6996026589630253,0.30035581533699607,1.1200389874415761e-05,2.1226234302797226e-07,9.459953059551828e-06,7.156455846158808e-06,1.3496638855688687e-05,0
0.6255570682922995,0.3743997953954202,1.0177760947711925e-05,1.901616699728968e-07,1.3518569311783763e-05,6.411328431503849e-06,1.2838491919272245e-05,0
0.47065983072907214,0.5292883510417297,1.1107984866503262e-05,2.0754200880723187e-07,1.9493492710215693e-05,6.997309089612408e-06,1.401190052317556e-05,0
0.6144328078738838,0.38497839048025045,9.627793092526168e-06,1.79886049793682e-07,0.0005669585783805855,6.188651486385958e-06,5.846736856645731e-06,0
0.5791519763833972,0.4201901447225686,9.610945649085989e-06,1.9003242649344574e-07,0.0006353636779548524,6.537719072874426e-06,6.176518930797451e-06,0
0.5792240243760679,0.4201132824280732,9.681277732384165e-06,1.9142306763714656e-07,0.0006400132153421327,6.585561545322202e-06,6.221718171308703e-06,0
0.4232897388249234,0.5752848692658413,1.101185873026031e-05,2.0574598444687274e-07,0.0014007116596341932,7.078315377570775e-06,6.38432950889758e-06,0
0.46908929729143745,0.5058228998455295,1.1058816393815198e-05,2.518238718852267e-07,0.025060784822770854,7.615256623306737e-06,8.092143373234056e-06,0
0.4510716207937986,0.5447431748543969,1.2616620197728654e-05,2.5768781475114886e-07,0.004154208968469028,8.88902951526521e-06,9.232045807610955e-06,0
0.3470152664286132,0.6529191834864878,1.195033414934051e-05,2.440792735477583e-07,2.9058376782654493e-05,8.5914183384499e-06,1.570587635506732e-05,0
0.35289114870803834,0.6470619742720688,1.7171601768712343e-05,2.1524520523583993e-07,1.3835063870526718e-05,7.722465907260072e-06,7.932643141195226e-06,0
0.34447964015467464,0.6554243494183972,2.141608918228401e-05,2.684496515513733e-07,4.974169746854017e-05,9.631309926973188e-06,1.4952880698715399e-05,0
0.40490722328323964,0.594989723984264,2.0844186650245894e-05,2.8950554134576687e-07,4.5746931608939506e-05,1.0386743205526677e-05,2.5785365490373187e-05,0
0.455067018423692,0.5447865252811537,1.6258179591964925e-05,1.9522431731992264e-07,4.4542884731098145e-05,9.22580494438152e-06,7.623420156945007e-05,0
0.3503787419497694,0.6495734902156204,1.1181688927209724e-05,3.9205048781922466e-08,1.043042541184698e-05,5.131287441554223e-06,2.098522778077075e-05,0
0.17211119891370663,0.8278003092792788,8.470036224817152e-06,9.025938813218273e-08,6.384764007938971e-06,3.4277888836943625e-06,7.011895850995308e-05,1
0.7981047026354837,0.20177901342396717,6.548341814404378e-06,1.6454643855253603e-07,1.0525887109284206e-05,5.184301273578753e-06,9.386086391308572e-05,0
0.474281745267927,0.5254220153380957,1.0517331957213151e-05,1.9245524302914904e-07,1.0283934044504993e-05,6.570392831683574e-06,0.0002686752799009178,0
0.5257021255918188,0.4742640211470626,7.291780991546349e-06,1.735528596896759e-07,9.814755562015207e-06,5.129292162153012e-06,1.1443879543180286e-05,0
0.6124188252594752,0.38754351473088994,8.121298424404065e-06,2.3530173950641932e-07,1.9908688759358842e-05,5.055388961858075e-06,4.33933174978037e-06,1
0.4853536376719911,0.5146154106740559,8.516026413161083e-06,1.7305037445654775e-07,1.1028231584122115e-05,5.9904689381587995e-06,5.2438766432352185e-06,0
0.27087624861848664,0.7290907962765374,8.159171415916928e-06,1.668502220466177e-07,1.3285408385915888e-05,5.675395498762108e-06,5.668279453314936e-06,1
0.3110769001452464,0.6888835844833588,1.0495512851927913e-05,2.4765846963138e-07,1.3782154330900088e-05,7.5754277243535004e-06,7.414618017761688e-06,1
0.13313533930025664,0.8668301365665729,1.1200379541422353e-05,1.662444484685614e-07,1.0345870946729096e-05,5.8295393994165955e-06,6.982098834190999e-06,1
0.12370959317218827,0.8762579040087404,1.037732435481235e-05,1.5402804499302406e-07,1.0101286292684826e-05,5.40115814496958e-06,6.4690222337372624e-06,1
0.1571228258339361,0.8428485193094643,9.107324906671733e-06,1.516331695126948e-07,8.927397490562359e-06,5.3171792747102436e-06,5.1513217582035095e-06,1
0.17276732693141292,0.8272014282013515,9.962277273151114e-06,1.6586777061017824e-07,9.751439588915038e-06,5.730379247437115e-06,5.6349033557422664e-06,1
0.3070185506968856,0.6914319086654237,1.0882043195166075e-05,2.033205060858886e-07,0.0015252912269371167,6.8549805098051505e-06,6.3090665426975175e-06,1
0.17159720695149194,0.8275242269615034,6.655815939808528e-06,1.5149204595314934e-07,0.0008617342887011339,4.689349715685489e-06,5.335140602021342e-06,1
0.1728425092833073,0.8263187547678629,7.176800042363683e-06,1.6335008835079056e-07,0.0008205866412364331,5.056408642087224e-06,5.752748820710998e-06,1
0.07866829824919092,0.9209921074630946,8.547139780304972e-06,1.3910463284438085e-07,0.0003204040954028144,4.7856412089926624e-06,5.718306689549848e-06,1
0.07442348892637703,0.9253643294802173,9.59615401830627e-06,1.3955730357517311e-07,0.00019267579020789367,4.8012145199535394e-06,4.96887735612397e-06,1
0.04382431909412523,0.9560780339894487,9.149383987523002e-06,1.1590369085727936e-07,8.032639802348326e-05,3.928530005429545e-06,4.126700718903697e-06,1
0.04978753308058354,0.9501140133473569,9.111511098036052e-06,1.1542392001358615e-07,8.120475007700167e-05,3.912268278635184e-06,4.109618685786945e-06,1
0.05176680781505577,0.9481158214586641,1.0318380944751021e-05,1.3071245417166488e-07,9.786068310541708e-05,4.406989452195498e-06,4.653960323524917e-06,1
0.0579346366840459,0.9417877785725476,1.2953771573712276e-05,1.2818613315911404e-07,0.00025561695977084067,4.321814170882595e-06,4.564011757939438e-06,1
0.3083118031826708,0.6900104565301558,2.81184388348369e-05,2.5617227007409455e-07,0.0016124517210322404,2.6277101794005394e-05,1.0636853242216103e-05,1
0.2146663879740507,0.7839463731737986,2.7891235273866772e-05,1.9729797398506147e-07,0.001324491965991759,2.0383189634336108e-05,1.4275163276627524e-05,1
0.0364951303201933,0.9633295737280804,1.0256475220197208e-05,1.0677751160171342e-07,0.0001570514859390217,4.122530820037832e-06,3.7586822353852443e-06,1
0.027985411514285758,0.9718276584744355,3.215527143950081e-05,8.919339772301846e-08,0.0001368211641341962,1.4832576393278395e-05,3.0318059139185984e-06,1
0.05142827901885004,0.93857329000078,3.096341680062732e-05,1.2383657727599362e-07,0.009934049551308903,2.9889058324276274e-05,3.4051173591372297e-06,1
0.07291484981759289,0.9090914479300711,3.1670740408115454e-05,1.5172768595784806e-07,0.017912867933372437,4.475942718591877e-05,4.252423683752238e-06,1
0.22053591514539395,0.7442700589124275,3.125251717411753e-05,2.4963285040483263e-07,0.035105018364976634,4.906055004337262e-05,8.444877134216905e-06,1
0.051563606294895294,0.9186393682728499,2.6153771839349516e-05,1.5384137965705455e-07,0.029723839894547938,4.394391761463191e-05,2.934006873072305e-06,1
0.036037663811088326,0.9534972125651782,3.2992085523311474e-05,1.6198902162384758e-07,0.01038233681154315,4.3157130081640216e-05,6.475607563828616e-06,1
0.04419551708365779,0.9486066080351696,3.903097954990817e-05,2.6608091081658283e-07,0.007091068681889917,6.466615091710963e-05,2.84298790485521e-06,1
0.06815105859649047,0.917367936564389,3.149766310813862e-05,2.1640066087584013e-07,0.014383911621476193,6.237406783346107e-05,3.0050860419309344e-06,1
0.0061068101337420876,0.9860577089207596,2.983533467991999e-05,1.8233158719282422e-07,0.007745068440513629,5.72185836171642e-05,3.1762551004557996e-06,1
0.0031228828595311607,0.9934874909407417,2.70948317425166e-05,1.335932053853388e-07,0.003315908757584572,4.121221134589089e-05,5.276805848563922e-06,1
0.02566294003960343,0.9722846709215826,2.7599484099105527e-05,2.6177712092748037e-07,0.001977408872606198,4.42983121290442e-05,2.820592858828799e-06,1
0.9022085259205089,0.068440325595812,9.893557440642938e-06,1.6101756969935997e-07,6.86502840357973e-06,5.428730841143189e-06,0.02932880014942408,0
0.6555154209576484,0.34437506185429784,1.2096228837810784e-05,2.737378390458393e-07,1.0593729804860374e-05,8.236872266391675e-06,7.831661930554557e-05,0
0.6721106722861069,0.3278210665314976,1.4051308610621985e-05,2.9222016425271325e-07,1.1435225049024275e-05,8.79301223025483e-06,3.3689416341445696e-05,0
0.6263326176103635,0.3736197751277433,1.1296282477492689e-05,2.1106016848317768e-07,1.4734570872519099e-05,7.115924356086334e-06,1.4249424018718998e-05,0
0.34061117977468214,0.6593542157139699,8.606260081984307e-06,1.6079968844023004e-07,1.4661978379226274e-05,5.450269928668898e-06,5.7252032698673284e-06,0
0.6178590137268661,0.3816027017232234,9.306118179962991e-06,1.7387586357731671e-07,0.0005171712827807351,5.981881990340959e-06,5.651391095777501e-06,0
0.5068904843722547,0.49229939630135605,1.0984848010994572e-05,2.052413151478855e-07,0.0007851974388793679,7.060953150700525e-06,6.6708450330523084e-06,0
0.4380498792011712,0.5594577482596008,1.2365695270588745e-05,2.3104111750234722e-07,0.002464816976500177,7.7895849657838e-06,7.16924137403902e-06,0
0.5734632676437884,0.4229611038021104,8.853545854794775e-06,2.190192047295243e-07,0.003552837021813197,6.590368432555942e-06,7.128598795972452e-06,0
0.5490370235002264,0.44736842185724285,8.899705567066152e-06,2.2808789278404427e-07,0.0035713604402676374,6.900643647824168e-06,7.165765155611508e-06,0
0.511297265162686,0.4871718336232486,1.4095981378774802e-05,2.6389830153414105e-07,0.0014902104565957708,9.289034149974934e-06,1.7041843639383892e-05,0
0.3018093168767905,0.6981508195804594,1.2451012631602702e-05,1.9420106214980698e-07,1.2482434141205848e-05,6.967454071566309e-06,7.768440843239017e-06,0
0.2872888363286054,0.7126298589391153,1.1572489165880528e-05,1.1233286033249446e-07,2.7494611328654038e-05,5.308565410802365e-06,3.681673351350827e-05,0
0.7482282419319088,0.2514453567525409,7.975137553306503e-06,2.017472741925568e-07,1.1774662891886356e-05,6.313890897329912e-06,0.00030013587693349065,0
0.7481968190732278,0.2514347969641389,7.707190685401162e-06,2.0183159786857275e-07,1.1774168398966503e-05,6.313625736927944e-06,0.0003423871462142571,0
0.709409240827712,0.29045738663857973,7.494174272663012e-06,1.5283551959597186e-07,1.0877319375594045e-05,5.226385094056843e-06,0.00010962181944637962,0
0.5773707769909399,0.4225052288682953,7.205164291383925e-06,1.8105104420865817e-07,1.158167183150491e-05,5.473727235789308e-06,9.95525263618444e-05,0
0.5377454411442195,0.46209718248354137,9.20627023074245e-06,2.1162196759498567e-07,1.2626667685123064e-05,6.397979822646063e-06,0.00012893383253291735,0
0.5278904958857203,0.47195988542566963,9.189900458840688e-06,2.112456802112671e-07,1.351319543459958e-05,6.386603503278524e-06,0.00012031774353303022,0
0.40513746863201155,0.5947152363754116,7.94599421461783e-06,1.7370797590098497e-07,8.149323385800578e-06,5.251723804847208e-06,0.000125774243195651,0
0.47591113662161116,0.5239150485017788,7.134114109629588e-06,1.3535010504164092e-07,7.316668170185735e-06,4.6208320746996915e-06,0.00015460791215053421,0
0.6238629986492211,0.37586070742378264,1.0204834563959475e-05,1.867368952571778e-07,9.97837151264096e-06,6.375169305326627e-06,0.00024954881471901056,0
0.6561702459803853,0.34380247525826163,6.705237388458857e-06,1.6607680960124472e-07,8.107512088631645e-06,5.2753772076234335e-06,7.024557858731224e-06,0
0.6998585908143891,0.3001150065797891,7.1516775082530145e-06,1.6302403852595084e-07,8.647316790298323e-06,5.6266160819673115e-06,4.8139714029392336e-06,0
0.6197517211253505,0.38022306275713524,7.42913506249496e-06,1.534268910093164e-07,8.125460588121692e-06,5.295379872593734e-06,4.212715099941496e-06,0
0.41763545823132686,0.5823210065169168,1.0864411387717943e-05,2.290779758803595e-07,1.6035132016285146e-05,6.9442824945025285e-06,9.462347881963684e-06,0
0.4677405757369887,0.5322305467661012,7.963852544573645e-06,1.4748530552146765e-07,1.1334346259150318e-05,4.9751819077617816e-06,4.45663089302591e-06,0
0.487710637916221,0.5122565600128308,9.042250010890355e-06,1.631826523522547e-07,1.2887649271863092e-05,5.648878907268729e-06,5.060110105686948e-06,0
0.4515857728625582,0.5483708666037757,1.1854262343792681e-05,2.4088517789578097e-07,1.5627238336605305e-05,8.338700106135094e-06,7.299447701492399e-06,0
0.611083709832464,0.3888619722954732,1.3360590941390129e-05,3.0271949226720524e-07,2.3956484714569195e-05,8.471083786773005e-06,8.226993127815996e-06,0
0.624724929104371,0.37522100367427824,1.3320733956365717e-05,3.018164269519943e-07,2.379640734370338e-05,8.445813058770699e-06,8.202450565040912e-06,0
0.3662627155859512,0.6337019922918039,9.279933991525881e-06,1.735983137093802e-07,1.3915628413520798e-05,6.0254341351851705e-06,5.897527391087746e-06,1
0.3110771287538761,0.6888840907399538,9.790029733753802e-06,2.1825521871387552e-07,1.3782164459326255e-05,7.575433291491885e-06,7.414623466721941e-06,1
0.20054938156704863,0.7994129301298285,1.0078883378264292e-05,1.9551742250420384e-07,1.2346340616712141e-05,6.856027544138903e-06,8.21153416132744e-06,1
0.20216283663511866,0.797797123961236,1.0707631982232166e-05,2.077143397456538e-07,1.3116539470645747e-05,7.283725492945309e-06,8.723792359641691e-06,1
0.17649110206359092,0.8234703789891223,1.0476221809996898e-05,2.032252789322043e-07,1.2177932081857328e-05,7.126311774054541e-06,8.535256341982579e-06,1
0.13313533930025664,0.8668301365665729,1.1200379541422353e-05,1.662444484685614e-07,1.0345870946729096e-05,5.8295393994165955e-06,6.982098834190999e-06,1
0.1329532928053549,0.8670130831166085,1.061815102610358e-05,1.5760257539150425e-07,1.0702672659922326e-05,5.526502876684294e-06,6.619148898163767e-06,1
0.1391229437331756,0.8608436714478988,1.0542595367121954e-05,1.564811215327644e-07,1.0626515569700394e-05,5.4871778976286e-06,6.572048969403215e-06,1
0.20678628859694417,0.7931807791890124,8.729043641806132e-06,1.5909640149702346e-07,9.968728734477274e-06,5.496442823862988e-06,8.578902441832698e-06,1
0.38903573872737035,0.6094178426182255,9.928578454878458e-06,2.0887952684034496e-07,0.0015229048556315843,7.042403705128612e-06,6.333937085787037e-06,1
0.19512746047413923,0.8037623719922669,7.642382809310602e-06,1.6078206083542767e-07,0.0010916027929677244,5.420790625455056e-06,5.340785130509244e-06,1
0.18288313889494828,0.8162993175419373,6.8982453463269e-06,1.7279227642569e-07,0.0007990438191421873,5.3462270073432906e-06,6.082479342304879e-06,1
0.10200701010407039,0.8977911110619005,7.684603746670272e-06,1.4357942665919278e-07,0.0001839989792194648,4.939588329545193e-06,5.112083306681503e-06,1
0.08596435584849182,0.9138394658671064,7.467609898677811e-06,1.3952510540719204e-07,0.00017880331164261455,4.800106800703696e-06,4.96773095429697e-06,1
0.0539979043241368,0.9458418113450827,8.100586331485688e-06,1.1780719480360941e-07,0.0001438784142502146,3.9930488513204775e-06,4.194474152567935e-06,1
0.06437033915833278,0.935476468966829,8.78054019500245e-06,1.3398891181098168e-07,0.00012692710945156168,9.92545234106391e-06,7.424783938615697e-06,1
0.06940247538234652,0.9304014592046027,8.625537297879512e-06,1.3199060188004194e-07,0.00016937974124451232,1.0614093156730594e-05,7.314050749734007e-06,1
0.4334770405807313,0.5646003342825732,2.399231491681352e-05,2.747062509008214e-07,0.00186248138143354,2.5464115816277757e-05,1.0412618278000013e-05,1
0.06808161940013482,0.9293915990666429,1.104075245921185e-05,1.2107887970914247e-07,0.0025066059674278846,4.2618911979371945e-06,4.751843257440133e-06,1
0.027760645895098912,0.9720436111201411,2.3324803010177178e-05,8.719358326628563e-08,0.00015464965532791786,1.4717503360631683e-05,2.963829477865666e-06,1
0.030831603906736883,0.9689978939993483,1.784030529793886e-05,8.854341869466159e-08,0.00013299930295142723,1.6564230011507544e-05,3.0097122353235193e-06,1
0.10600635769931964,0.8937274446610209,2.446922796592649e-05,1.2364509749696148e-07,0.00020438327192430088,2.9338418271625935e-05,7.88307640023328e-06,1
0.10577721395198472,0.8939797967659804,2.283228962662102e-05,1.3013871798893903e-07,0.0001811342048345569,3.2033070368274585e-05,6.8595784872671025e-06,1
0.057105706645637126,0.9426111801690557,2.2510424950566038e-05,1.37886257864506e-07,0.00021600402409852239,3.5669818837063117e-05,8.791031163325172e-06,1
0.22908028982727405,0.7340631051691686,2.882148784076234e-05,2.3458087837304203e-07,0.03675618118590266,6.343206782365309e-05,7.9356811120187e-06,1
0.2001305668934998,0.7545639583612885,3.1745652347955136e-05,2.4074800076129276e-07,0.045217206191535964,4.8137843459888966e-05,8.144309867232591e-06,1
0.045222925457893776,0.9478373904239099,3.554271083551358e-05,2.734040235677415e-07,0.006863465496182743,3.748127417441293e-05,2.9212329804359482e-06,1
0.04712586878406751,0.9447498274939595,3.1346475900670164e-05,2.707017233454804e-07,0.008020662196375473,6.913198819094194e-05,2.8923597823414344e-06,1
0.03653714049168072,0.9493585887446219,3.84830069903023e-05,2.239470313099082e-07,0.014001070387952739,6.138354167395422e-05,3.10988004933773e-06,1
0.8993513992248927,0.07680644227257376,1.2085662171028008e-05,1.9669405698219288e-07,8.386105258694953e-06,6.631568812040334e-06,0.023814858472234853,0
0.7120159296143277,0.2855830500535068,1.1947810609009925e-05,2.703791323140385e-07,1.0340170330406957e-05,8.474657886167295e-06,0.0023699873142075693,0
0.6900659933876766,0.3098369832983701,1.1603338077843617e-05,2.625837137950564e-07,1.021172389565683e-05,7.90124053475282e-06,6.70444277313166e-05,0
0.6933713738379645,0.30658160092851594,1.2794784896560273e-05,2.895461730760899e-07,1.1131108438732087e-05,8.71255085217105e-06,1.4097243158895568e-05,0
0.7324765219868633,0.26748584566639383,9.20259511787119e-06,1.7194163477500724e-07,8.05190037852584e-06,5.797037288057952e-06,1.440887232352341e-05,0
0.3367634699255793,0.6631990357683757,9.02051625274363e-06,1.6853966638163377e-07,1.6591853521530387e-05,5.712614771695591e-06,6.000781832541576e-06,0
0.6407184679296262,0.35923364517061157,8.570991384922883e-06,1.6014072677219477e-07,2.8522867546864224e-05,5.427934568455976e-06,5.204965535364766e-06,0
0.5792964552127442,0.42016581677620884,1.0246554147659276e-05,1.9144700471911244e-07,0.0005144811286524167,6.5863850569733715e-06,6.222496185054243e-06,0
0.5824290573978197,0.4168878071403472,9.640707862316456e-06,1.8012734984024957e-07,0.0006612630939478166,6.1969529744311305e-06,5.854579698697102e-06,0
0.6371988017026194,0.35850968056340965,1.0801773152345992e-05,2.4444428757365483e-07,0.004266225106320185,7.355418527491703e-06,6.890991683536087e-06,0
0.5392132369420621,0.45725652491150565,8.740465289672859e-06,2.2400677133083687e-07,0.0035074589524157047,6.777172101446478e-06,7.037549854271945e-06,0
0.3124845208822377,0.6874405118461071,1.3801565074491e-05,1.3397025131409285e-07,3.2894688358787736e-05,6.331093502804431e-06,2.1805954467895167e-05,0
0.7771844606017564,0.2223865534838302,8.005792971704866e-06,2.0773702830474506e-07,1.221278079263164e-05,6.558236666755283e-06,0.00040200136695395434,0
0.8205518120136954,0.17900557655904928,9.000641388232588e-06,1.8355827516387861e-07,1.2138910509716486e-05,6.37113502622914e-06,0.0004149171820559256,0
0.789593653257094,0.21001040325731354,8.725909855433976e-06,1.7795542486483518e-07,1.1768387860608426e-05,6.1766653639102685e-06,0.00036909456708795644,0
0.7504544265073017,0.2492344195922327,8.68868546092796e-06,1.7719627389383025e-07,1.1186211974827935e-05,6.0594289014053e-06,0.00028504237785469686,0
0.5846145605884531,0.41523684394919763,8.456761678847112e-06,1.9439322343410862e-07,1.1598694882376317e-05,5.8771021521303755e-06,0.00012246851041247287,0
0.5424449003454481,0.4574289266971197,7.749813410144468e-06,1.7814280063952843e-07,1.1395634116169079e-05,5.385802131008866e-06,0.00010146356497404632,0
0.8231868111915948,0.1767380219497594,4.561972404684687e-06,9.638297560826444e-08,4.442726558765073e-06,2.9139523660816537e-06,6.315182434063566e-05,0
0.5315040623336963,0.46828502623741153,8.323860398106712e-06,1.5231720196486234e-07,8.23386448828536e-06,5.200086192406061e-06,0.000189001300611427,0
0.7647289065911714,0.23523512680998815,9.266059446260672e-06,2.099470617126699e-07,1.5016885221292466e-05,5.767985880654829e-06,5.7057212305004055e-06,0
0.7646202856851085,0.23533529500362038,9.580819636148591e-06,2.1707878554784968e-07,2.2757953627399245e-05,5.963919474821268e-06,5.899539747246981e-06,0
0.3851120394607999,0.6148466837210473,9.801680733067232e-06,2.0667011791314295e-07,1.6466694143723923e-05,6.265009442507737e-06,8.536763715434413e-06,0
0.43201768966067733,0.5679424058899345,1.1113159317072e-05,2.5179799012681733e-07,1.4650256952638544e-05,7.0461332229724664e-06,6.843101905518175e-06,0
0.43431313122504533,0.5656463489610907,8.95355381331804e-06,2.0616467150490556e-07,1.8158284170732794e-05,7.174952200606466e-06,6.026859007869249e-06,0
0.34352623995540077,0.6564258733270674,1.1326128146243955e-05,2.6281555743236283e-07,2.039031371373697e-05,8.039055813951761e-06,7.868404300432488e-06,0
0.3125315680264149,0.6874273373713673,1.0138752301216084e-05,2.0733147846771296e-07,1.650871859151434e-05,7.196280545381038e-06,7.043519301374335e-06,0
0.28650697069638825,0.7134532956729254,1.0447812332003262e-05,1.9544563619138486e-07,1.56669082214508e-05,6.783734143017311e-06,6.639730353814956e-06,1
0.31107597367955303,0.6888815328137958,9.78999338195895e-06,2.182544083007152e-07,1.749525776275725e-05,7.575405162813585e-06,7.414595935153754e-06,1
0.23418935693442197,0.7657768574458755,9.287064522267853e-06,2.1293329870208588e-07,1.1633041197609076e-05,6.394157305968795e-06,6.258423378105006e-06,1
0.2120008305790481,0.7879632150888277,9.905990251795073e-06,1.961053163453935e-07,1.2383464354928556e-05,6.80663102048884e-06,6.662141180824116e-06,1
0.21216191597942474,0.7878004083941402,9.94484786345549e-06,1.968745664691468e-07,1.2432040200117507e-05,6.8333309685189694e-06,8.268532836367405e-06,1
0.15381727169516024,0.8461419779598587,1.3081118802607552e-05,1.9415979366133662e-07,1.251213042639096e-05,6.808420836653717e-06,8.154515121904657e-06,1
0.13248648213583683,0.8674798756832051,1.0623867749491614e-05,1.5768742729524346e-07,1.0708434889048569e-05,5.529478299445895e-06,6.6227125923721084e-06,1
0.12984195033478754,0.8701285974917069,7.412982056955879e-06,1.3771307954862542e-07,1.2552614875781426e-05,4.667754418736031e-06,4.6811090747531085e-06,1
0.2439821025814761,0.7549712455022206,1.1793573859897226e-05,2.2035157945529696e-07,0.0010203712618658395,7.429185631835675e-06,6.837543366062156e-06,1
0.28467839491619606,0.7151058681969239,1.1254633824834368e-05,2.1028200348379162e-07,0.00019065719976550977,7.089688409664134e-06,6.5250828765425286e-06,1
0.14722247764792984,0.8525910321862866,8.58057292960223e-06,1.6031974871488975e-07,0.00016678421512067887,5.515508580678572e-06,5.449549403957826e-06,1
0.11164278548664013,0.8881839680584861,9.148489709296227e-06,1.4670687951891894e-07,0.00015375522609111517,4.972597282537813e-06,5.2234349113552625e-06,1
0.06216306012625423,0.9376409685601016,9.95027465929056e-06,1.2491346725617085e-07,0.0001772147212250851,4.233914386750418e-06,4.447489905748922e-06,1
0.05241462691073117,0.9474219598546318,8.114119386659013e-06,1.1800400663942618e-07,0.0001469799099460004,3.999719745031549e-06,4.2014815527494695e-06,1
0.0641319654599628,0.9357281367249342,1.0302310461665808e-05,1.3588118480236912e-07,0.0001145547071427228,1.0066925574462006e-05,4.837990739224204e-06,1
0.0778733282913064,0.921955940268427,7.70748865617599e-06,1.341648401688764e-07,0.0001433503731649444,1.1008581574194497e-05,8.530832031058346e-06,1
0.15435285256800624,0.8445648452468221,2.6328560491963052e-05,1.6518343282351305e-07,0.0010295511687377424,1.4457431021685114e-05,1.1799841487594908e-05,1
0.03228330767612038,0.9675488264953184,8.781412746466428e-06,9.391036099163131e-08,0.00015161396653603503,4.184396953184946e-06,3.1921419645523833e-06,1
0.029711594636114023,0.9700935244434685,2.0198778616251472e-05,8.891427658638478e-08,0.00015770153849305527,1.3869370827977016e-05,3.0223182036805252e-06,1
0.14801606823512334,0.8401632878251409,5.073247697818522e-05,1.4955130982293345e-07,0.011717582041654802,4.088930535780908e-05,1.1290564435092895e-05,1
0.15355668740345665,0.8461317427391888,2.32193715841007e-05,1.578040540993569e-07,0.00024249934242121004,3.634012351917373e-05,9.35321577599932e-06,1
0.15986715207560775,0.8398431325916723,2.275975161641652e-05,1.546803737713654e-07,0.00022556416458997024,3.206866425166186e-05,9.168071887968706e-06,1
0.062311314799028295,0.9374121117026052,2.1494760890491846e-05,1.4516933376823433e-07,0.00021141690136537703,3.491232444519921e-05,8.60434233164542e-06,1
0.06623160763633816,0.9099009563658021,1.993933166715133e-05,1.3868761398669603e-07,0.02379743047500682,4.708126309371693e-05,2.8462404777553003e-06,1
0.05351119131233378,0.9276602669388732,2.103949097127754e-05,1.4381829878966e-07,0.01875882185350755,4.567021411793332e-05,2.8663718976686497e-06,1
0.033669889406295096,0.9547395249533276,3.2954069801406744e-05,1.6257840581059428e-07,0.011506569571523144,4.509241652947765e-05,5.8070041174731594e-06,1
0.04160566131580918,0.9514092490943906,2.8853153755814843e-05,2.636856185081568e-07,0.006885815144821032,6.734021061832103e-05,2.8173949863683146e-06,1
0.004188062035912316,0.5799187287075155,1.5932506660837646e-05,0.4072251473097741,0.008615063495464592,3.5167102088942494e-05,1.8988425838836457e-06,1
0.006315811674927145,0.985376117055334,2.4349855802314377e-05,1.7392950268868277e-07,0.008223265064174595,5.714912116008054e-05,3.1332990991308254e-06,1
0.0036040582529345525,0.9906555490745599,2.688863409676062e-05,1.332123971770644e-07,0.005662576266749739,4.68381883180033e-05,3.9563709435824996e-06,1
0.0044234225674410835,0.9905158782070855,2.688484311325177e-05,1.331936157841883e-07,0.004984307891027444,4.6831584680240996e-05,2.5417130363669423e-06,1
0.896184192645,0.08269351136028148,1.2163245359528009e-05,2.2289910355899613e-07,9.503364632332109e-06,7.515075778458367e-06,0.021092891409844654,0
0.9157594789893293,0.06210416945798108,1.0240233858397467e-05,1.8765871112542028e-07,8.144728729400711e-06,6.326940808992964e-06,0.022111451990581475,0
0.8243275647806346,0.1699628947807215,1.1629848118319206e-05,2.3474704929677967e-07,1.1735997741161787e-05,7.91453099661244e-06,0.005678025314738441,0
0.8081173489336246,0.1918406944250525,8.519808908483368e-06,2.228526492389262e-07,7.187029981158052e-06,5.9357775146315905e-06,2.0091172269446688e-05,0
0.3975889655409595,0.6023793728256821,8.418165070731745e-06,1.572853141454202e-07,1.2154956490352067e-05,5.331150988060945e-06,5.60007549506034e-06,0
0.36270075547692265,0.6372651157289351,9.09386544325025e-06,1.6991012542754353e-07,1.305637596180758e-05,5.759066178404445e-06,6.049576433370535e-06,0
0.5460907039397125,0.4533748462681361,1.1056420408296765e-05,2.0657857652245223e-07,0.0005093655246765303,7.106959189539507e-06,6.714309300429438e-06,0
0.30182598736808475,0.6974735563156435,9.959714165668855e-06,2.034219100420658e-07,0.0006754513155624556,6.858399358973853e-06,7.98346527462952e-06,0
0.40207212223616406,0.5966077021820174,1.0825913483670295e-05,2.2775785036703362e-07,0.0012938774650034,7.678889135568077e-06,7.565556345506007e-06,0
0.4184815718952441,0.5772849203775309,1.3614571122572626e-05,2.548855662346913e-07,0.004201737746338839,8.768873073514179e-06,9.131651123860661e-06,0
0.34504092931770053,0.6549144820620819,1.4608792910047812e-05,2.1238879742555458e-07,1.3651465892340539e-05,7.619985055675057e-06,8.495987562077997e-06,0
0.31786251970988927,0.6820461292675859,2.022689472331739e-05,2.546346003334752e-07,4.722191421123599e-05,9.1356600381853e-06,1.4511918951702703e-05,0
0.3651553699701271,0.6347422369504329,1.677249994758544e-05,2.3395657286684922e-07,4.808243690150541e-05,8.393783525928303e-06,2.8910402491873458e-05,0
0.12653172686340258,0.8733604252889076,8.827220155495307e-06,8.622267656481526e-08,6.099215310356254e-06,3.2744863262137144e-06,8.956070322126378e-05,1
0.8123986486390204,0.18716376996072936,9.214042108767948e-06,1.8791035036503175e-07,1.1862580207001861e-05,6.425808979241268e-06,0.0004098910586047535,0
0.7760142812336246,0.22362490152170345,8.98461487422708e-06,1.8323143187117874e-07,1.1567205067699878e-05,6.265808019142299e-06,0.0003338163852790487,0
0.8955447626764821,0.10439366734429417,3.7501994472578723e-06,8.620478934587326e-08,4.549816242982287e-06,2.6062346415090273e-06,5.0577524102723853e-05,0
0.8742339927384147,0.12570421778925686,4.3745308733504835e-06,9.223773310224036e-08,3.965661641572312e-06,2.7886289971756737e-06,5.0568413083271623e-05,0
0.6848989105037909,0.31494670724723095,8.808395061125338e-06,1.857265193067203e-07,9.341528225561174e-06,5.502784927175614e-06,0.00013054381424491756,0
0.6527725252403634,0.34701043596703424,1.0472295014229546e-05,1.9163111806642454e-07,1.0239896549720789e-05,6.5422573303469e-06,0.00018959271258989517,0
0.6689536270145156,0.3309823429493836,7.929858446353288e-06,1.6339082542193833e-07,8.726901940236735e-06,5.578138019095529e-06,4.163174686957748e-05,0
0.6665636455736353,0.33340225873253126,7.901527312848303e-06,1.790299805430626e-07,8.695723196552166e-06,4.918584673499985e-06,1.240082867000768e-05,0
0.7143061675986113,0.2856593496905488,8.204467810858764e-06,1.8589389802599386e-07,9.033211587138486e-06,5.107160683111927e-06,1.1951976860743298e-05,0
0.48464048554436734,0.5153267643304658,8.300620091248331e-06,1.537220187495238e-07,1.1880799061467948e-05,5.185567496389844e-06,7.229416499102839e-06,0
0.5704876081494329,0.4294787544605501,9.182034503098447e-06,1.8658402780180204e-07,1.2155827755729643e-05,6.458962174530915e-06,5.653981555736526e-06,0
0.48232847736711343,0.5176277954728649,1.217776221085572e-05,2.759193818291872e-07,1.6053701778854115e-05,7.721128838993068e-06,7.498647811341739e-06,0
0.6650940302188639,0.3348472015314815,1.5144456109650778e-05,3.4313767140149056e-07,2.4353102888969407e-05,9.60211694024141e-06,9.325436044346433e-06,0
0.4380977720995348,0.561865369547805,9.906396970438337e-06,1.8531746137140743e-07,1.4790750356870263e-05,6.432194724324689e-06,5.543693147246407e-06,0
0.2629278502599332,0.7370347178103988,9.608213605486164e-06,1.8635353909685655e-07,1.4838355266741885e-05,6.468156007359253e-06,6.330851249452361e-06,0
0.2580049623937558,0.7419581557667921,8.872259227933323e-06,1.875983923792412e-07,1.4937476406852845e-05,6.511363693544124e-06,6.373141731277197e-06,0
0.17374820800562252,0.8262196774072045,8.734390793606048e-06,1.694359891883572e-07,1.0153165882707275e-05,5.941454188405237e-06,7.116140319150262e-06,1
0.11534359292389275,0.8846291476261533,7.233941188464343e-06,1.3438698632789596e-07,1.0768055222286006e-05,4.55501722355403e-06,4.568049333368603e-06,1
0.29394349994495944,0.7043919410091266,1.1086013578955767e-05,2.0713149644081337e-07,0.0016398551100743623,6.98346860531987e-06,6.427322158944322e-06,1
0.16588403175334762,0.833434157974985,9.0060639339345e-06,1.9449519173073022e-07,0.0006610854135589072,5.804518876729379e-06,5.71978010627479e-06,1
0.12376146845250643,0.8760639179831408,8.034120282595871e-06,1.5010980681807201e-07,0.00015616258453967778,5.164254149508809e-06,5.102495574194185e-06,1
0.08120855853940323,0.9185924258640271,1.1060175383841431e-05,1.3884690653910926e-07,0.00017816680506770597,4.7061852341840615e-06,4.943583977304467e-06,1
0.056859218774637336,0.9430116886094383,6.174074839929165e-06,1.1469754722696376e-07,0.00011483243900631837,3.887648033444828e-06,4.083756497287376e-06,1
0.05680031213368068,0.9430316261263395,8.344936232076798e-06,1.213607865019402e-07,0.00015116094765778277,4.113497057159999e-06,4.320998246043522e-06,1
0.06434263419617561,0.9355203135028612,7.915829533883534e-06,1.3450726084101286e-07,0.00011339641979588777,1.0816471600915152e-05,4.7890727715813145e-06,1
0.04593260120640822,0.9539740749946788,9.704406029897286e-06,9.186760571655616e-08,7.66885051738812e-05,3.2336385908097896e-06,3.6053815128304807e-06,1
0.03265544383728198,0.9672266867153212,8.515678060873285e-06,8.605527522460308e-08,0.00010338203571656648,2.9605415181405748e-06,2.9251368263831894e-06,1
0.028394114567685962,0.9714110156431451,3.223110360026992e-05,8.915515864900604e-08,0.00014561207926850028,1.3906945026188636e-05,3.030506115349497e-06,1
0.029485853458074935,0.9703330482267033,2.52574352584781e-05,8.905622384748157e-08,0.0001376927799865195,1.503190056724356e-05,3.027143185760407e-06,1
0.029711815851629377,0.970100747204198,2.1301306402592627e-05,8.891493859115963e-08,0.000147710788696983,1.5313593428500462e-05,3.0223407061307365e-06,1
0.038411668261354635,0.9613449914779219,3.902912775878489e-05,1.0943168621849933e-07,0.0001797030089987649,2.0778959183767593e-05,3.719733095913976e-06,1
0.08407621765553834,0.9065524521924919,3.401771824582039e-05,1.542193073877794e-07,0.009290489990104468,4.006841868058641e-05,6.599805631450783e-06,1
0.08196827145593466,0.9007379376955946,4.653934119832375e-05,1.5834697764768057e-07,0.01719775662825911,4.2429511855548143e-05,6.907020180032663e-06,1
0.11625043248685772,0.8674648090429941,4.363308085787548e-05,1.4882323267747837e-07,0.01619702294746503,3.987759797550239e-05,4.076020617266259e-06,1
0.17561199517298712,0.824045587255448,2.6836956782932276e-05,1.9162738573661235e-07,0.0002667650601979811,3.781347754197146e-05,1.0810449656346977e-05,1
0.2952398788226148,0.6662692353713286,2.5270210127032372e-05,2.527064318404164e-07,0.038399450877309844,5.810799440030263e-05,7.804017787619502e-06,1
0.22442257935012036,0.7527299436803112,2.2094408368884876e-05,1.7385016373447364e-07,0.022761684595340743,5.866184901423674e-05,4.862266680971498e-06,1
0.10902925547113675,0.8706724485738548,1.89088917684324e-05,1.8475597595308023e-07,0.02022980619429838,4.574109630523157e-05,3.6550166605386194e-06,1
0.07354427197408753,0.8997471782603683,2.1339916463304436e-05,1.4132181781623154e-07,0.026638865971563137,4.530225431969048e-05,2.9003013801730267e-06,1
0.0590498301001055,0.9095763437863229,2.0278979743762005e-05,1.410500292434675e-07,0.031301794771171544,4.871658907453881e-05,2.89472355231259e-06,1
0.04158509152555314,0.9479947391182014,3.727286192267765e-05,1.2024406696839763e-07,0.010322029726213763,6.02630818929449e-05,4.834421490107916e-07,1
0.008027451791647343,0.9762023793361956,3.0016726769813515e-05,1.6264477833400876e-07,0.015661448031545486,7.434470088686057e-05,4.196768176606514e-06,1
0.008002024899708433,0.9762797953901777,2.7660845631464283e-05,1.621296022469434e-07,0.015611840515108038,7.522079918244902e-05,3.2954205895895932e-06,1
0.00295494716082432,0.9920632726395204,2.415746182593404e-05,1.105975409299623e-07,0.004914288414731073,3.828355665002057e-05,4.9401689069670755e-06,1
0.004195234103505361,0.9904505657592079,2.6791386925575772e-05,1.3208041181653424e-07,0.0052751672045225385,4.962006048545046e-05,2.4894049414261413e-06,1
0.012945216093294961,0.9853606442063473,3.17477970540785e-05,1.409762111618315e-07,0.001611184969086196,4.8408888181515966e-05,2.65706982483731e-06,1
0.9057135994636211,0.06887217806901563,1.1661624569476404e-05,2.137065878180001e-07,9.275253863915526e-06,7.205148769846724e-06,0.025385866733572158,0
0.7139145300176593,0.28345872354826684,1.1979669612576716e-05,2.711001020400135e-07,1.0737690393247946e-05,8.15750178964263e-06,0.002595600472176358,0
0.7543549345019738,0.24553855073261976,1.156494015215724e-05,2.617147681639705e-07,9.896890837767453e-06,7.875093641087546e-06,7.691612600724929e-05,0
0.7411158743693165,0.25884870074867444,1.0337689658700878e-05,2.2325301563159408e-07,7.498081074128236e-06,6.662768020067196e-06,1.0703090240649475e-05,0
0.7106066093931562,0.28934346476004047,9.405249242031838e-06,1.7572803208530634e-07,1.259644115464948e-05,5.9562628397424655e-06,2.179216553464352e-05,0
0.36568103311854483,0.6342838601969395,8.033489915482236e-06,1.588421824021967e-07,1.5874924608635936e-05,5.383920693805507e-06,5.6555071151145205e-06,0
0.3311212508493063,0.6681163529148119,1.0172715619538793e-05,2.077723524209561e-07,0.0007363074733117178,7.167178529219647e-06,8.541096068895276e-06,0
0.7170130429049921,0.2802610606571703,1.0609413036483433e-05,2.527570931219886e-07,0.002699965214730774,7.238927639027997e-06,7.830125338181335e-06,0
0.4205605205238094,0.5760132510197004,1.0558704978590488e-05,2.079178017057186e-07,0.0034004647674201584,7.270872863638638e-06,7.72619342610837e-06,0
0.4232025160748526,0.5735120737229064,1.2011849359966651e-05,2.2442984714311313e-07,0.0032586431453734415,7.566685021601794e-06,6.964092639013977e-06,0
0.44234882916220264,0.5572064614586787,1.486647708328218e-05,2.783231579733684e-07,0.00040179443781964916,9.79677892625245e-06,1.7973362131654554e-05,0
0.30470769968071554,0.6952549203521864,1.1721842421266653e-05,1.8591855158888936e-07,1.1950068913868707e-05,6.670298065869798e-06,6.851839145344105e-06,0
0.28339210830465056,0.7165668265899421,1.4828286725314535e-05,1.8587186346830516e-07,1.1947067996242833e-05,6.668623011509863e-06,7.4352558106107304e-06,0
0.329692041584764,0.6702345941088593,1.7108075598614994e-05,2.1444890773810943e-07,3.976948894863514e-05,7.693896721379611e-06,8.578396200406059e-06,0
0.32425615021935117,0.6756374205752413,2.0036836792526607e-05,2.52241977743151e-07,5.150679490609596e-05,9.049818653879088e-06,2.558351307724977e-05,0
0.14763930259602112,0.8523168286600336,8.908887841799859e-06,8.702039163003323e-08,6.155644038075252e-06,3.3047812228388184e-06,2.5412410450842964e-05,0
0.09711878096464184,0.9028198380283956,6.710310606999588e-06,6.554509017842797e-08,4.632593733608206e-06,2.4892117722461043e-06,4.7483345759459745e-05,1
0.7708450386769661,0.22877817380126877,8.78324827908324e-06,1.7912477954653983e-07,1.13079564819319e-05,6.12537635409019e-06,0.0003503918158704696,0
0.7992945064721997,0.20042925162234848,7.746314843888238e-06,1.579776518459521e-07,1.0816619645837573e-05,5.483255658937684e-06,0.00025203773765115374,0
0.6392164302368272,0.36065668940342166,7.565739675748479e-06,1.7391154901654685e-07,1.1124964770139692e-05,5.257878443236595e-06,0.0001027578653130042,0
0.702265061378978,0.29759094218002435,8.584519358900222e-06,2.2808468275256416e-07,1.2623018968320381e-05,5.965888494338576e-06,0.0001165949294933251,0
0.917796648467687,0.08214132331344293,4.261023592221885e-06,8.984441262856821e-08,3.862763414575439e-06,2.7162715936712036e-06,5.109831585703652e-05,0
0.755636077706478,0.2442337054610987,8.262515004348915e-06,1.5119465085471329e-07,8.11341849724027e-06,5.161762467620841e-06,0.0001085279418031374,0
0.6709308252705571,0.3290296652002658,7.3826412848467565e-06,1.8285489983220252e-07,1.2248675175895948e-05,5.808327924850969e-06,1.3887029891798652e-05,0
0.692703969054411,0.30726426837759957,7.365376171542131e-06,1.4910787842579867e-07,7.909159117487574e-06,5.1463133552851736e-06,1.1192611466846082e-05,0
0.3435765279227365,0.656384343720146,7.960271809030309e-06,2.1207655344446735e-07,1.1729167313330183e-05,5.561977035306733e-06,1.3664864406202353e-05,0
0.5257500171184838,0.47421312873475757,1.0044318473790251e-05,1.8601416469862385e-07,1.1600833700927104e-05,6.274891613939848e-06,8.748088805223486e-06,0
0.5525723782400119,0.4473935310906121,9.499061701079372e-06,2.1522634348884648e-07,1.2504446654627022e-05,6.022738658683722e-06,5.849196018222604e-06,0
0.6600418228352486,0.3399003096989843,1.4019318069687963e-05,3.1764469600225847e-07,2.600914841130699e-05,8.888739915974931e-06,8.632614674152209e-06,0
0.4356135367890503,0.564349585147197,9.94640823147924e-06,1.860659459460207e-07,1.485048918777776e-05,6.329016642242857e-06,5.566083745392941e-06,0
0.26049110534351705,0.7394719387366301,9.006824537244872e-06,1.904436919865141e-07,1.467872726299926e-05,6.610121365851887e-06,6.46980299492193e-06,0
0.2501592735164403,0.7498055944268314,8.664116400979638e-06,1.770497545914871e-07,1.4130879527102504e-05,6.1452304008415046e-06,6.014780644912673e-06,0
0.20394981040597754,0.7960042640382093,1.4902212960914732e-05,2.211898414233297e-07,1.3756144825875024e-05,7.756258372572696e-06,9.28974981217962e-06,1
0.12568514158454416,0.8742834775686401,7.617456971032531e-06,1.415116682800677e-07,1.133893615948494e-05,4.796506744907708e-06,7.486435271828357e-06,1
0.11388201534847942,0.8860778913685825,8.3368789395331e-06,1.548765751442605e-07,2.1087493723122102e-05,5.2495073115626995e-06,5.264526388856838e-06,1
0.2751777219666673,0.7246395052532058,1.0797011506667305e-05,2.0173177080623196e-07,0.00015871285293830625,6.801416068190563e-06,6.259767842871094e-06,1
0.3361931385573582,0.6624780680181672,1.0348717348217592e-05,1.9335582581716675e-07,0.0013057324704560565,6.519019861548288e-06,5.999860982951794e-06,1
0.1976362530728205,0.8010729344440997,8.107469569931208e-06,1.845329203450165e-07,0.001270309618549568,5.712111102005529e-06,6.498750938031021e-06,1
0.0732312570683857,0.9266330953551898,7.862492524476883e-06,1.3322947418872316e-07,0.00011231918106002584,9.889605681884516e-06,5.443067683843993e-06,0
0.4015189719664758,0.5978133043235322,1.834108127966478e-05,2.2921502256250162e-07,0.000619969368105064,2.2102473987597716e-05,7.081571597133985e-06,1
0.19161424336759517,0.8076967185772103,1.9339166650891362e-05,1.5152194706247434e-07,0.0006461402765326888,1.420959971533955e-05,9.197490348433458e-06,1
0.13769910398791887,0.861640760141018,1.637628175905995e-05,1.3215044578191446e-07,0.0006254957332556446,1.132974599782306e-05,6.801959604969995e-06,1
0.03826112180953524,0.9616221414351208,9.832782365044735e-06,9.308289148513679e-08,9.988139887880047e-05,3.2764153120434864e-06,3.6530758965979786e-06,1
0.12642179098056508,0.8566781001855812,4.352650376473169e-05,1.5217299060968475e-07,0.016811487217282838,4.077517490440343e-05,4.167764911143505e-06,1
0.1880881802318552,0.7778551453344531,4.4632278058654934e-05,2.3199844211250718e-07,0.03394120784378876,6.196597344416238e-05,8.63633995779188e-06,1
0.23442681841195626,0.7260824327529207,5.552686623011766e-05,2.6598743585548414e-07,0.039337958408543656,7.995556064671654e-05,1.7042012266563515e-05,1
0.3698447646290477,0.6106073700800003,2.4947575742894952e-05,2.4493448188558196e-07,0.019432179535873353,6.0763844813851105e-05,2.9729400040115718e-05,1
0.1195465527785271,0.8623874087048133,2.3297207400145358e-05,1.5592129745546479e-07,0.017993973275178765,4.39213318844431e-05,4.690780898636477e-06,1
0.038589578581450616,0.954121687287466,2.9380959532388752e-05,1.3056963640249276e-07,0.00721761018188395,3.9010799852380056e-05,2.6016201781883504e-06,1
0.06300401832683483,0.9217328839724813,2.9610354113667188e-05,2.0245788308984063e-07,0.015158551770205739,7.192165128849018e-05,2.811467192797699e-06,1
0.04932713981198961,0.9416815999249818,3.532688994005802e-05,1.2491683858212564e-07,0.00886960594870779,8.542085977460355e-05,7.816477677313966e-07,1
0.004338174018915677,0.9907394567581881,2.3634942895105805e-05,1.2369687949045834e-07,0.004859419772139274,3.5517048252824295e-05,3.6737627292854934e-06,1
0.003762062081737033,0.9913171220910608,2.26527197348759e-05,1.1051435831641425e-07,0.004856540106635849,3.823024093610765e-05,3.282245536881651e-06,1
0.013416003503924578,0.9844504458102266,3.188720514291911e-05,1.4159525329998628e-07,0.0020448606648953726,5.399248324486167e-05,2.6687373123661505e-06,1
0.7520020677223985,0.05364724192784634,6.217715616286468e-06,1.2256479580887275e-07,4.902914621304972e-06,3.6880197891275252e-06,0.1943357591349326,0
0.8392357165824362,0.06976292463930657,9.03806715194765e-06,1.7816010305838773e-07,7.223697199716444e-06,5.360903033991498e-06,0.09097955795076851,0
0.7873087440178226,0.20376359811774708,1.1096641894742193e-05,2.511171716128021e-07,1.0227116204627184e-05,7.556208062729087e-06,0.008898526781096799,0
0.8624235310002454,0.1375174278566568,7.804429709421646e-06,1.7661436074723566e-07,6.461848576756753e-06,5.314391079275642e-06,3.9283859371869934e-05,0
0.7655746274163999,0.23434429965939058,9.810544011640708e-06,1.82253271019675e-07,8.47708263295628e-06,6.1446956076351126e-06,5.645834868596675e-05,0
0.7002856676234888,0.2996708201710077,1.0543581886607324e-05,1.9587112445730858e-07,9.719557695524842e-06,6.639008507289773e-06,1.6414186289803495e-05,0
0.6095625542912069,0.3903962513432458,8.801746095899857e-06,1.740325280210205e-07,2.0663309745923472e-05,5.898794103918716e-06,5.656483073605573e-06,0
0.5831749366800423,0.4163172799365368,9.542908939938037e-06,1.7830007108055238e-07,0.000486132896961611,6.134088781097564e-06,5.795188667074911e-06,0
0.29361877203030323,0.7059577281281865,9.343708300566587e-06,1.7457819881049676e-07,0.0004018798444173525,5.885929428964287e-06,6.2157811645818055e-06,0
0.29038505679649323,0.7090138446491936,9.85818282743938e-06,2.0134818599655453e-07,0.0005758164368553597,6.945574705955332e-06,8.277011738357315e-06,0
0.4287446823146042,0.5703785933458798,9.928435527797548e-06,2.2468064410205985e-07,0.00085287213519239,6.760723225733392e-06,6.938364926117086e-06,0
0.6686257203642967,0.32866873246430517,9.35720941968636e-06,2.3147884465718684e-07,0.002681297884013681,7.1264661413252e-06,7.53413297867699e-06,0
0.6272278040040707,0.37053581356350496,1.0373518751264982e-05,2.292933781545349e-07,0.0022118038308452633,7.358002680961233e-06,6.617786768503592e-06,0
0.402877356912489,0.5936335012178061,1.1336703529911589e-05,2.1181539695332245e-07,0.003463879299472519,7.141386994080681e-06,6.572664311497846e-06,0
0.3649696667674881,0.6314302514100737,1.068480941698812e-05,1.996353827246629e-07,0.003576271925001585,6.730736038336253e-06,6.194716598603828e-06,0
0.39798619361688814,0.598392765350415,1.3457852526080445e-05,2.5195155473724594e-07,0.0035894361756929056,8.86851708589256e-06,9.02653583709155e-06,0
0.38641231446395696,0.6095902588415852,1.285474010501512e-05,2.40660369024349e-07,0.003967238206208842,8.471075309757295e-06,8.622012465179792e-06,0
0.31266945525618345,0.6872838775517782,1.362885502242521e-05,1.9814204680177416e-07,1.2735744194328707e-05,7.108846859305787e-06,1.299560391555905e-05,0
0.37978314808592767,0.6201337758904476,1.474930353107255e-05,1.7415178076425184e-07,3.389011614881099e-05,7.381276576832271e-06,2.6881175587286012e-05,0
0.29878113338759243,0.7011636967783459,1.1060068704141696e-05,1.057056461193641e-07,2.4886918998708206e-05,4.9953801145527256e-06,1.412176059812133e-05,0
0.7803874709613289,0.2192731717916663,8.410979591327345e-06,1.7153276523616737e-07,1.1145152654540456e-05,5.953740891095187e-06,0.00031367584110272525,0
0.7980696495987567,0.20163598033492272,7.734444216849568e-06,1.5773556334021728e-07,1.0800044014686174e-05,5.47485299467775e-06,0.0002702029895307103,0
0.7992968029531643,0.200429827482632,7.746337100095983e-06,1.5797810573706152e-07,1.0816650723445285e-05,5.483271413071039e-06,0.0002491653268611745,0
0.7426192965195322,0.2571352899945745,7.054110513242711e-06,2.049777092253836e-07,1.0783077377385752e-05,5.58471673505575e-06,0.00022178660355825185,0
0.7440968459170448,0.2556652111651022,7.211370022118501e-06,1.6576575256721956e-07,1.0084122809085769e-05,5.104593123228512e-06,0.0002153770661458568,0
0.765095536565312,0.23465980567890582,7.414877575033913e-06,1.7044372395943307e-07,1.0368700517604552e-05,5.24864664592265e-06,0.00022145508731950445,0
0.7595906951333066,0.2401744640237622,7.284981603018734e-06,1.9355687235536312e-07,1.0187058620130288e-05,5.156699334461716e-06,0.00021201854650120783,0
0.6202208758077714,0.3796259599138553,8.951304029675416e-06,1.8873977939806872e-07,1.3429183716801693e-05,5.706181234599415e-06,0.00012488886961268007,0
0.6362342426554285,0.3636175574559968,8.710653436491844e-06,2.007742381565127e-07,1.0098386701617041e-05,6.210485155818804e-06,0.000122979589042597,0
0.6426755092456854,0.35719460212341725,8.817128221209002e-06,1.8591065948363467e-07,1.4091801806982945e-05,5.508240711270391e-06,0.00010128554949840745,0
0.6792596819598592,0.3205773055880284,9.127305301904147e-06,1.9245079638331513e-07,1.4587536227143754e-05,5.702014690816048e-06,0.00013340314509618928,0
0.8853040577068942,0.11466182446049535,6.480117420481513e-06,1.8551764337209933e-07,1.0751281326381057e-05,4.511568147064418e-06,1.2189348073202486e-05,0
0.6793286345918744,0.3206313804490014,7.475047254974641e-06,1.660464528976435e-07,1.2401987610936396e-05,5.881028758605195e-06,1.4060849046737211e-05,0
0.5605115520331594,0.43945078683735894,8.238664908326556e-06,1.667871154073645e-07,1.09794993733908e-05,5.756495019393286e-06,1.2519683065302456e-05,0
0.5354586539645677,0.4644919562416859,8.256484167251412e-06,1.6714785623465194e-07,1.100324673347605e-05,5.768945638078667e-06,2.419396935150698e-05,0
0.5009653964880294,0.49897819969347496,8.695074897080297e-06,2.3165308426056476e-07,1.2793479553747928e-05,6.075396425907212e-06,2.8608214534570916e-05,0
0.39193799297353227,0.6080133498814074,7.2868404021470145e-06,2.0096830901299964e-07,1.109375189429597e-05,5.268225921286767e-06,2.4807358533851366e-05,0
0.28211705009274757,0.717841098778283,6.932272251992242e-06,1.461681483760096e-07,1.0140029672337996e-05,4.41911052359672e-06,2.0213548373363406e-05,0
0.3059889648366186,0.6939704363622494,1.0167581922248994e-05,2.07356756005801e-07,1.598232651236867e-05,7.197157904945162e-06,7.044378036520248e-06,0
0.2501592735164403,0.7498055944268314,8.664116400979638e-06,1.770497545914871e-07,1.4130879527102504e-05,6.1452304008415046e-06,6.014780644912673e-06,0
0.19507853477333462,0.8048863096923253,9.026930902622241e-06,1.780389543520375e-07,1.3722613891082284e-05,6.179564593820566e-06,6.048385998319906e-06,0
0.15779074282198907,0.8421709151054916,9.119348253414904e-06,1.7033208041087296e-07,1.2542886097109888e-05,5.9728765855754785e-06,1.0536629503004313e-05,1
0.19478195619204716,0.805172579677938,1.4752486618246514e-05,2.1896749054976886e-07,1.361793332269797e-05,7.678329262180775e-06,9.196413321328997e-06,1
0.1636909032963922,0.836268053140919,1.3106870361919012e-05,1.9454201765286357e-07,1.2749758236357442e-05,6.821823929740641e-06,8.170568143285068e-06,1
0.11992637465925259,0.8800416253111992,8.207321042329417e-06,1.5246974117829641e-07,1.3212081495679232e-05,5.24544338737871e-06,5.182713881603159e-06,1
0.2365468503329953,0.7634019168214604,1.0572665825647272e-05,1.9754008762825684e-07,2.753693389851961e-05,6.796006462555394e-06,6.1296992698341e-06,1
0.24241951243185694,0.7575266437020591,1.0835149531478929e-05,2.0244434310232982e-07,2.9559664710282157e-05,6.964728428288972e-06,6.2818790707010354e-06,1
0.1077192902655825,0.8922228625333376,7.137730150429267e-06,1.4578437457272695e-07,3.971074801361173e-05,5.131507198289426e-06,5.721431343085275e-06,1
0.07248279947560103,0.9273404684151747,1.0080703048299338e-05,1.2655083535480028e-07,0.00015772965503572898,4.289412616856995e-06,4.505787687810447e-06,1
0.06534163083178468,0.9344668608322573,8.37088213469751e-06,1.2173811894175548e-07,0.00017457686426846232,4.104418431329068e-06,4.334433004152897e-06,1
0.06240321715900935,0.9373716233161441,6.677841610111453e-06,1.2405616603421828e-07,0.00020730067882528144,4.182571727056801e-06,6.874376518233759e-06,1
0.058272773521227006,0.941600965064029,8.808187411753674e-06,1.2809786944062502e-07,0.00010844542194960852,4.31883834674359e-06,4.560869166466746e-06,0
0.07523755826810358,0.9246251354080752,9.018901456549307e-06,1.3312013865435052e-07,0.00011353312761911135,9.881489720093419e-06,4.739684886842119e-06,0
0.3741472025031832,0.6255655618313707,1.0335856655588233e-05,2.3523304785545403e-07,0.00024819685207839656,2.120022587226481e-05,7.267497792149344e-06,0
0.10007999129083148,0.8992144016339806,2.105745536253602e-05,1.2590484884937014e-07,0.00066892089140222,1.0327132982872074e-05,5.175690591323096e-06,1
0.03615494246495076,0.9637688631979106,9.001229096898267e-06,9.048296935381942e-08,6.0270230707813094e-05,3.1128665471984625e-06,3.7195278173115965e-06,1
0.03171246471024084,0.9681651183025948,1.1448061766624636e-05,8.518253203600892e-08,0.0001046102030674833,2.930516717943681e-06,3.3430230800427683e-06,1
0.03195598248905773,0.9678500002741742,2.2258958687956755e-05,9.415433036721252e-08,0.00015377694375350636,1.4686745178138113e-05,3.2004348182230002e-06,1
0.03033775463768372,0.9694544312754425,2.123038597720481e-05,9.416637903719908e-08,0.0001673103185128085,1.597837163597698e-05,3.2008443690401255e-06,1
0.07194069441118343,0.9188598923832915,3.150756206575013e-05,1.4081980806587987e-07,0.009131623980621282,3.2268740106163526e-05,3.872102923894811e-06,1
0.13897955663496156,0.8418398089424504,4.7227544455443255e-05,1.7760500252700396e-07,0.019084464853649893,4.4242271235130473e-05,4.522148245234319e-06,1
0.2510174867040938,0.7170546986281063,4.8825109221453483e-05,2.575428784431124e-07,0.031785389381718,8.135080013950999e-05,1.1991833842463514e-05,1
0.34604305803435864,0.6134091823082075,2.7871615799038614e-05,2.6393259052548313e-07,0.04043671393986665,6.625568201950929e-05,1.6654487157845473e-05,1
0.20011203965752167,0.7765221577148824,2.4164851601183222e-05,1.5859778693495022e-07,0.023288200839997414,4.884265222353008e-05,4.435685986855995e-06,1
0.09872116034691877,0.8822879063946122,2.3766321763446622e-05,1.3087639208785363e-07,0.018924043395255587,4.03067317287683e-05,2.685933329120192e-06,1
0.06000189586287507,0.9114786449082796,2.354790913630522e-05,1.2967363732793678e-07,0.028448333044525945,4.478735195865589e-05,2.6612495871184296e-06,1
0.05322163359755409,0.9238395331410351,2.0101022824577406e-05,1.3231922512029022e-07,0.022866481546456093,4.940282878603741e-05,2.7155441188764955e-06,1
0.05429294546850243,0.9239689208503844,2.261325368811522e-05,1.2459995376154787e-07,0.021653530313571593,5.878473618647257e-05,3.0807777134414958e-06,1
0.046026620585882215,0.9469610364802142,2.7039498821746258e-05,1.703782474381574e-07,0.006934495939400468,4.585795197086719e-05,4.779165463080248e-06,1
0.04016240438728944,0.9528019163809779,3.1741743802798074e-05,2.6305551166415673e-07,0.006958718420203495,4.214534971505766e-05,2.8106624998823013e-06,1
0.010551768734596028,0.9704890682954777,2.62939428500448e-05,1.818438419726978e-07,0.01885491013645878,7.366964161888338e-05,4.107405157000411e-06,1
0.003949776694490223,0.992702182034861,2.2338251341814113e-05,1.1066876804818199e-07,0.003283326123966478,3.828365590714209e-05,3.982570665183761e-06,1
0.004406312763424967,0.9923961762191502,2.233136545504252e-05,1.1063465380198291e-07,0.003132883465535306,3.889973350142937e-05,3.2858182791626522e-06,1
0.013007519835562255,0.9849466196674022,3.1860290433473966e-05,1.4147573843236775e-07,0.0019572453357676847,5.3946910357797916e-05,2.6664847383626967e-06,1
0.8464700810723984,0.09243245339908576,7.470413877090221e-06,1.8855921377814184e-07,7.645340573829279e-06,5.6738161006732855e-06,0.061076487398750295,0
0.8327431562510238,0.10563699913053026,1.1829381206479779e-05,2.3318301794308237e-07,9.45466176108372e-06,7.016562782053864e-06,0.061591310829678496,0
0.8176100132480266,0.16195886599428172,1.2399186997687964e-05,2.444151383487202e-07,9.748431242099963e-06,7.3545414165914085e-06,0.020401374182896788,0
0.8610723247628828,0.1388613080185062,7.792202081436824e-06,1.35346988582157e-07,6.570913183524752e-06,5.306064731354948e-06,4.6562691626469e-05,0
0.782909036335784,0.2169964474605441,8.87929631688649e-06,1.8680450799430905e-07,7.166114167691325e-06,6.443885547128325e-06,7.184010313219136e-05,0
0.677660908930527,0.32227788006681063,7.945491546586592e-06,1.4845386416686443e-07,4.318465888988562e-05,5.107284462523522e-06,4.825113899223386e-06,0
0.6706202244123449,0.3292845085814153,7.640964301891723e-06,1.4276406562463787e-07,7.793155903029609e-05,4.911537320118799e-06,4.640181521855158e-06,0
0.3177713559058723,0.6815518022812413,1.0118277517136711e-05,1.9924508002422655e-07,0.0006509000766923874,7.128824208377504e-06,8.495389388416416e-06,0
0.7241045315493132,0.27530183265377217,1.1309434597545586e-05,2.559326736515901e-07,0.0005671544670269741,7.70110829037136e-06,7.214854326047009e-06,0
0.6473194311002438,0.3509925797196597,9.685343953052918e-06,2.39596243688143e-07,0.001662889529292461,7.376373943636061e-06,7.798336663600249e-06,0
0.47462665044402,0.5227087084702279,1.112464682037528e-05,2.2721504524142733e-07,0.0026373110490811123,7.837860883774533e-06,8.140313921606962e-06,0
0.4034577970017522,0.5931734126718228,1.1593468585627698e-05,2.1661280495263653e-07,0.0033429555841112736,7.303132304310181e-06,6.7215286188066026e-06,0
0.11530026674810101,0.8846645236874854,7.161523775210653e-06,1.3491343989340608e-07,4.95979432229437e-06,2.9647551076465354e-06,1.9988577768371902e-05,1
0.8135378330100284,0.18615632514151217,7.884353190070924e-06,1.8123542905844645e-07,1.0462354830373086e-05,5.580966578014747e-06,0.0002817329384318655,0
0.819074772502014,0.18068417215375285,7.743013103804266e-06,1.7798648389323562e-07,1.1385634675043263e-05,5.480918510840216e-06,0.00021626779145944214,0
0.7703723580159549,0.22932875306555062,8.973287649885157e-06,2.062664619514801e-07,1.216554012864341e-05,6.351772588268723e-06,0.0002711920516655125,0
0.7946595525200891,0.20509865127892368,7.690435741705531e-06,1.7677790272633333e-07,1.1308322828994657e-05,5.344537089350683e-06,0.0002172761274243819,0
0.6303539909676275,0.3695886296862528,8.851302754980361e-06,1.7918962241180612e-07,1.3042068593227073e-05,6.1845554821255634e-06,2.912222966704346e-05,0
0.3668515323964963,0.6330993576184373,7.200191404749178e-06,1.5181726962362016e-07,1.5588749510764356e-05,4.498107142093975e-06,2.167111973910166e-05,0
0.3182584727350987,0.6817005202945324,6.596683237462794e-06,1.3909219649673912e-07,1.021132986709177e-05,4.2051828398874806e-06,1.9854682227709614e-05,0
0.557117018925798,0.4428461615016385,1.0099083216381835e-05,1.870283716729139e-07,1.1428570603156384e-05,6.3091042710677756e-06,8.795786101245762e-06,0
0.6062881475817552,0.3936785059391089,9.10130203118294e-06,1.8978729476939265e-07,1.204894839009798e-05,6.402172148074067e-06,5.60426927171001e-06,0
0.5952045897015515,0.40476034006243594,9.751675520783642e-06,2.2094997708978652e-07,1.29099588898746e-05,6.182904690395864e-06,6.004746934182474e-06,0
0.4931784123801997,0.5067768721629855,1.2417051074427948e-05,2.813411033386284e-07,1.649822457941768e-05,7.872846380638806e-06,7.645993676865766e-06,0
0.5971922020870095,0.4027706073618602,8.504611902032831e-06,1.9582732796571486e-07,1.647313089468627e-05,6.815191504297366e-06,5.201789501428891e-06,0
0.41459279255973697,0.5853693206366941,1.0186834542374473e-05,1.9056356437529972e-07,1.4518991469435729e-05,6.516538661655831e-06,6.473875331116864e-06,0
0.15103261638938437,0.8489329038463118,8.105197173092973e-06,1.5449508298283566e-07,1.1300729729732502e-05,5.362378970347933e-06,9.556963347710825e-06,1
0.1366726054454865,0.863288709712485,1.3166773320881539e-05,1.5193505439783976e-07,1.0639766784351289e-05,5.327765191101753e-06,9.398601677659383e-06,1
0.22484993698889183,0.7751157318174505,1.0907284753983223e-05,1.816017518835165e-07,1.0676447306301358e-05,6.273954888664e-06,6.29190495670281e-06,1
0.20784092567597984,0.792121656607463,1.1517192132652236e-05,1.9175645591400652e-07,1.2440257480778445e-05,6.624778348978932e-06,6.643732138768059e-06,1
0.13467007281132906,0.8652978723162038,8.891258064683259e-06,1.7149353932666467e-07,1.1125694701358321e-05,5.924737610036682e-06,5.941688551683458e-06,1
0.11989111980449763,0.8800464995085956,7.892214859703066e-06,1.4745844053681028e-07,4.4255603894028e-05,5.073038727877708e-06,5.012370984718816e-06,1
0.14829152111031757,0.8515467082396607,7.209435872557123e-06,1.7893837042949354e-07,0.00014243800279366766,5.587403583738512e-06,6.356869401267362e-06,1
0.13820293434590644,0.8617262319567489,7.694432574863272e-06,1.7513184615620977e-07,5.1375356198841515e-05,5.421106222527878e-06,6.167670502145767e-06,1
0.13258205580234522,0.8673785512626786,7.744902652456613e-06,1.7628058815616498e-07,1.9806960768752337e-05,5.456664874713168e-06,6.208126092052471e-06,1
0.10053903001389386,0.8994283520114541,6.62977857335388e-06,1.3540973145558527e-07,1.587999180105379e-05,4.658524865073578e-06,5.314269680680045e-06,1
0.08692776000641476,0.9130400801116326,7.166192082030316e-06,1.3389340353604938e-07,1.5702166509835064e-05,4.606358368317174e-06,4.551271588701008e-06,1
0.08700184218082853,0.9127941851254653,1.1426610745594808e-05,1.4344705207570964e-07,0.00018243315959035633,4.86210615125072e-06,5.107370166963657e-06,1
0.14725583549795287,0.852547882936238,8.523351995854569e-06,1.774525178122789e-07,0.00016640305272667993,1.5976093129899498e-05,5.201615438909072e-06,0
0.37584403990132276,0.6238682012268808,1.063560017376749e-05,2.420548898861386e-07,0.00024816570497406025,2.1002729709919195e-05,7.7127820488293e-06,0
0.1998303632804341,0.8000000695626219,7.038424959955066e-06,1.4872153809197398e-07,0.000142226854564171,1.39138762345843e-05,6.239279647085733e-06,0
0.11279773187666647,0.8866660434541885,2.2905899877732326e-05,1.2783424156446718e-07,0.0004980402970128972,9.895634036725992e-06,5.255003976103393e-06,1
0.08239486596103525,0.9169305231416824,1.122400293875686e-05,1.230885038585328e-07,0.000653957909285297,4.245980140135656e-06,5.059916414202756e-06,1
0.030822683726518002,0.9690521473282925,9.891189337539444e-06,8.52605759326232e-08,0.00010891320768583555,2.933201645689958e-06,3.3460859444752053e-06,1
0.02851742860559266,0.9713330018975831,9.96625967743561e-06,8.590767105906181e-08,0.00013226061523160168,3.8852327888439265e-06,3.3714814556318065e-06,1
0.0764179657449557,0.9132474171867504,3.994527103530061e-05,1.397677459464313e-07,0.010257652972567446,3.303588242875181e-05,3.843174516273846e-06,1
0.12459943100647758,0.8629124162284083,2.634531068875885e-05,1.4501321615391485e-07,0.012422110574598794,3.556445812021806e-05,3.987408490219457e-06,1
0.11138841112913636,0.8712170533172652,4.6657807732409764e-05,1.6563659017136502e-07,0.017296490761130136,4.42943890539475e-05,6.926959091653904e-06,1
0.2702774850428849,0.6999864893593242,2.8863572831258276e-05,2.1400428803380617e-07,0.02964865788725554,4.780335173018518e-05,1.0486781685803323e-05,1
0.1844006157718293,0.7962545450928863,2.2467143675399835e-05,1.4395334202728125e-07,0.019270210315399227,4.768698936258629e-05,4.330733505275793e-06,1
0.06301490464698424,0.9085577271061279,2.347244767883289e-05,1.2925808613772864e-07,0.028357167724421643,4.394609533491605e-05,2.6527213661464887e-06,1
0.05904833052953351,0.9176373873569286,2.3997029635520072e-05,1.3214685430846002e-07,0.023237243791874137,5.019713856491708e-05,2.7120066091615976e-06,1
0.04668662854675234,0.9459634187889421,2.922778987387934e-05,1.7406445890202416e-07,0.007267919313054925,4.9494321725668734e-05,3.137175192178945e-06,1
0.03629352799491032,0.9575345678679623,2.374709025610939e-05,2.3061715225978255e-07,0.006106445185424525,3.901717510390144e-05,2.4640691905127574e-06,1
0.06293578895390466,0.9260376062481379,2.84151807564406e-05,1.9428600284482235e-07,0.010880731913572635,0.00011388058750562511,3.3828301199002996e-06,1
0.030442135478671164,0.945460006051137,2.3373179447926043e-05,1.9643365579908174e-07,0.02399474586721265,7.530535304618807e-05,4.237636829688336e-06,1
0.023106336252896976,0.950225030923121,2.735315688259192e-05,1.9806669306083035e-07,0.026563617657182678,7.319107710080125e-05,4.2728661228381695e-06,1
0.0037431956118927014,0.9931433225972427,2.111792619120143e-05,1.1071794743295457e-07,0.003050639619050776,3.8325235598210344e-05,3.2882920767096154e-06,1
0.005166950680748168,0.991539111092272,2.618630817533727e-05,1.2973291513064588e-07,0.0032161824625658677,4.8994563170112966e-05,2.4451601531985772e-06,1
0.8982358937741629,0.08486752873926881,7.533827352397174e-06,1.9979074770783603e-07,7.519381457784771e-06,5.7219789472191295e-06,0.016875602508063154,0
0.8873807763018813,0.09118722834097287,7.707043228699812e-06,1.9453192763716506e-07,7.692265197687515e-06,5.853537257645828e-06,0.021410547979534133,0
0.8884751540800961,0.10722997195047367,9.541985432735221e-06,1.8809343629532572e-07,7.401500604079023e-06,5.659800684887544e-06,0.004272082589272087,0
0.8796273456956447,0.11118095526138122,8.498794513678424e-06,1.9232784662579305e-07,7.2609739893852975e-06,5.787215649282393e-06,0.009169959730975046,0
0.8626434129338021,0.13576025099684602,7.770454671669545e-06,2.2486207876863183e-07,6.638364759372431e-06,5.291255931126399e-06,0.0015764111319107534,0
0.7310733943317494,0.26845185615732325,8.454970385146887e-06,1.726883117815035e-07,6.70376603661549e-06,5.956942519185464e-06,0.0004534611436744866,0
0.7577893388679785,0.24216568388749,9.228223019831576e-06,1.7143532805803015e-07,8.50699952189445e-06,5.81076258473895e-06,2.125982407697431e-05,0
0.6565715155922587,0.34339031334953796,9.859205685354392e-06,1.8420977141880683e-07,1.2565565528865786e-05,6.24374952134365e-06,9.318327696187403e-06,0
0.6079086370750328,0.3920416695235716,9.353761311587202e-06,1.7476602964811985e-07,2.8560894403107028e-05,5.923655979582705e-06,5.680323671597969e-06,0
0.6116013630996632,0.3882791161945375,8.979119715558792e-06,1.67766211917277e-07,9.914931684042726e-05,5.771690567100682e-06,5.452812464566291e-06,0
0.28055867093182874,0.7192989490927552,1.0103469271277227e-05,2.063580322715525e-07,0.00011646880077891419,7.118391070781911e-06,8.482956262864894e-06,0
0.28361321245732307,0.7163018210882601,1.0333183217785167e-05,2.1104981850001885e-07,5.863081998570662e-05,7.115575404894952e-06,8.675825989973056e-06,0
0.49665035630691257,0.5025270325355253,1.0391584516836003e-05,2.3516171263305145e-07,0.000794125582776376,7.076102433102011e-06,1.0782726123044197e-05,0
0.4140477934731731,0.583727178715987,1.2662946177531434e-05,3.0019911003535733e-07,0.002198440806358047,7.976833733048315e-06,5.6470254613048965e-06,0
0.4316381913612038,0.5651107341250493,1.2788139717447856e-05,3.314073442288075e-07,0.003221771484949696,8.985800384224377e-06,7.197681351220075e-06,0
0.5686826574461236,0.4293266085984631,1.053306157986836e-05,2.1513222864901653e-07,0.001964705829630856,7.572502767405637e-06,7.70742920653488e-06,0
0.32925670937025064,0.6704372940665089,1.0210664423145634e-05,2.0854743672409044e-07,0.0002806961183287288,7.340722734318898e-06,7.54051031744485e-06,0
0.2891690762274137,0.710784751881259,1.0277687815525735e-05,2.0942939928350477e-07,2.04526574196878e-05,7.513809165564298e-06,7.718307527318184e-06,0
0.46858160137909793,0.5312828674731521,1.7541950083673227e-05,2.446894938621445e-07,3.642467302324035e-05,8.778854200932045e-06,7.254098094825179e-05,0
0.11675017137782563,0.8832269692682362,7.280718940437651e-06,7.111673474801384e-08,5.046623546218532e-06,3.014099979772317e-06,7.446794737206945e-06,1
0.06031518583887378,0.9396211777523183,3.574357883782796e-06,5.2801349435070367e-08,3.735059171351074e-06,2.2150657327217157e-06,5.405912467049735e-05,1
0.8387635664407801,0.1609355940129366,7.929138466938427e-06,1.822648957341409e-07,1.1064104800195316e-05,5.612667990592184e-06,0.00027605137012965455,0
0.7294839246044051,0.27026811465185313,7.886501766468942e-06,1.812848177852034e-07,1.159662611612811e-05,5.480794926553183e-06,0.00022281553611471955,0
0.7465273785860527,0.2532188673862377,8.070759740359028e-06,1.8552030447007997e-07,1.1867566375243188e-05,5.608846653209412e-06,0.00022802133463622462,0
0.5841032793785057,0.4156481658711322,9.5043230718092e-06,2.0040028066908258e-07,8.940734801775472e-06,6.058713879020652e-06,0.0002238505783287985,0
0.34221424286190893,0.657683990959712,7.959131147126507e-06,1.6781964414668933e-07,1.478984112036589e-05,5.073701512638248e-06,7.377568495469336e-05,0
0.28578131420164665,0.7141751831300287,6.84110812951985e-06,1.4424593723141932e-07,9.891561236045111e-06,4.296551042124816e-06,2.2329201979970597e-05,0
0.35409260177052637,0.6458663483399242,8.797121552551984e-06,1.854888154465762e-07,1.2147586297933565e-05,5.495742135313605e-06,1.4423950748172984e-05,0
0.451884123756226,0.5480816610986827,9.228190586613466e-06,1.7263035770381164e-07,1.377815401699781e-05,5.872006300286289e-06,5.164163829609708e-06,0
0.37311495800357325,0.6268444708006086,1.0908601941937517e-05,2.0406555733871588e-07,1.5547705018633123e-05,6.978254727074425e-06,6.932568573202879e-06,0
0.39023785952157747,0.6097221339299084,1.0756782096510559e-05,2.0122548658198357e-07,1.5331320720696812e-05,6.881135264868968e-06,6.836084945438521e-06,0
0.16222815399183732,0.8377384360268518,8.133208074099556e-06,1.6041198018028416e-07,1.2811471291230437e-05,5.567748905032738e-06,6.7371410601950926e-06,0
0.14690053603763364,0.8530671797167921,7.494179516209934e-06,1.428483307091831e-07,1.0852583592402987e-05,4.958131157024157e-06,8.836502978033353e-06,1
0.19818975507291423,0.801767357355344,1.7233553285394113e-05,1.9801036934961362e-07,1.178570255465312e-05,6.943445391711212e-06,6.726860140552439e-06,1
0.20794256594427254,0.792020834191505,1.1265456769255159e-05,1.875651668778192e-07,1.2168346349870204e-05,6.479978213156135e-06,6.498517723222795e-06,1
0.20525596537195578,0.7947089292582395,1.0805450629503248e-05,1.799062560910981e-07,1.1671472219844303e-05,6.2153791094921365e-06,6.233161589583595e-06,1
0.2205837272737894,0.7793622920945052,1.0793707599967693e-05,2.0167004048866402e-07,2.9789311764257096e-05,6.93808995895535e-06,6.257852341632505e-06,1
0.10690700381727758,0.8930578192986245,6.899665642753127e-06,1.4092203253567992e-07,1.764533562732022e-05,4.960356186826226e-06,5.530604608648905e-06,1
0.06218044680066396,0.9376475178300893,9.64179791945743e-06,1.2104092097379683e-07,0.00015386026554827247,4.102655285722702e-06,4.309609572437199e-06,1
0.0796612930772035,0.9202010939802943,7.105287460811709e-06,1.3556881124770485e-07,0.00011477019097322823,1.0063254352430021e-05,5.53864090459637e-06,0
0.08678009184131001,0.9130742880827037,7.484141807466136e-06,1.4319549985889955e-07,0.00012072104445034275,1.1515140877289857e-05,5.756553351166672e-06,0
0.11944086550454591,0.8803855512955434,9.903793536032331e-06,1.6153011036772725e-07,0.0001428113408120791,1.2321684943148292e-05,8.384850509147854e-06,0
0.20376575033967262,0.7959612751486219,1.3367004826434514e-05,2.420908973841714e-07,0.00022701658369639663,2.179550208806809e-05,1.0553330197092959e-05,0
0.3285893753888174,0.670993332721661,1.1729186608419668e-05,2.723691355871444e-07,0.0003695937124492014,2.5573626139620814e-05,1.0122995188885434e-05,0
0.34386678607635723,0.655538880219993,1.275545220784262e-05,2.6609587523777814e-07,0.0005506314900581215,2.0790825167632837e-05,9.889840341151441e-06,0
0.20301686897091037,0.7968106032689543,7.030577716434837e-06,1.4855572626152175e-07,0.00014206828375191806,1.4985517169872043e-05,8.29482577084352e-06,0
0.17509895667085992,0.8247347393511729,6.927350753971198e-06,1.463745461370621e-07,0.00013814856834026948,1.3694299729370819e-05,7.387384597411286e-06,0
0.22175751815870706,0.7780212757454003,1.0507529176452755e-05,2.278332620146296e-07,0.0001812239726889283,1.9532987370629717e-05,9.713773394430402e-06,0
0.12073146062266102,0.8786671196708469,1.9532006550312134e-05,1.4043368956024698e-07,0.0005647295858704677,1.1799676082984027e-05,5.218004299026363e-06,0
0.10959528516161682,0.8898762297243104,2.1737436931372893e-05,1.2960915377053852e-07,0.0004912570712163677,1.003302978784595e-05,5.327966983400899e-06,0
0.02955026169960495,0.9703527617863699,9.904464808725853e-06,8.537500851302427e-08,8.069895886461128e-05,2.9371384456644057e-06,3.3505768975878448e-06,1
0.03127287341970393,0.9686175125547167,9.722406212690422e-06,8.522233525463948e-08,9.352992579799577e-05,2.931886059695292e-06,3.3445851735302655e-06,1
0.031271997778121466,0.9685903912294676,9.722133984966184e-06,8.521994902618194e-08,0.0001215273429851154,2.9318039667799893e-06,3.344491525024907e-06,1
0.039056052562410175,0.9607880303927128,2.0584717971752677e-05,8.453347020209602e-08,0.00011978261212182548,1.2147630928574855e-05,3.3175503846522575e-06,1
0.03360903351061312,0.9661707873407378,2.394801876632109e-05,9.788801350925466e-08,0.00017594689077097685,1.685900326937102e-05,3.3273478288237863e-06,1
0.09908783798789385,0.8907226443076436,4.510473622551887e-05,1.4852318330065878e-07,0.010109173836006138,3.1006687472915876e-05,4.083921574836947e-06,1
0.12808587176746355,0.8553191962018087,4.724994109636328e-05,1.583083196940126e-07,0.016502216984817873,3.868630730575934e-05,6.6204891881339326e-06,1
0.21990964344207653,0.767646307754365,2.713313261833321e-05,1.8204071980598377e-07,0.012360231866511234,4.449050155908788e-05,1.2011262149781362e-05,1
0.1819685871897617,0.7945308984372219,1.8108504207829355e-05,1.7844231473978842e-07,0.02344268205242697,3.3021649919925414e-05,6.523724146769812e-06,1
0.1873924891352469,0.7960218512298495,1.9690295619851433e-05,1.4577603730582842e-07,0.01652304751381349,3.8390481441617214e-05,4.385567991238725e-06,1
0.07252957512456769,0.9001389013866051,2.256856641156974e-05,1.2428059234156466e-07,0.027265184772773312,4.1095299158370025e-05,2.550569891237003e-06,1
0.061368302820460116,0.9168081946310274,2.2862387663851035e-05,1.2589860735457584e-07,0.021756915362682823,4.101512367527299e-05,2.5837758834036138e-06,1
0.05698913157566948,0.9207490682918782,2.3314276288085225e-05,1.2838706784728346e-07,0.022186953672564513,4.876895078887171e-05,2.634845743054662e-06,1
0.0452657289219014,0.9428398776457917,2.1326693797870123e-05,1.1659966777566007e-07,0.01181456814801871,5.5440233675721376e-05,2.9417571467327243e-06,1
0.04385610726973952,0.9483577073595535,2.56065247923471e-05,1.5249821835911443e-07,0.0077128992873441524,4.481245023790018e-05,2.7146101140503725e-06,1
0.038887153071465425,0.9540768278070414,2.576094627107031e-05,1.631851143142383e-07,0.00696315087915186,4.421313024450251e-05,2.7309807114417817e-06,1
0.0396902088125323,0.9515227888800319,2.580793821246514e-05,2.5063084159222134e-07,0.008714261625448567,4.400420398803827e-05,2.6779089452288517e-06,1
0.07174701559440491,0.9172206593329673,2.8144635436656486e-05,1.9243617583792164e-07,0.010887841066480152,0.0001127963128628559,3.350621672436656e-06,1
0.0206940466620812,0.9530473134538415,2.8867090093875404e-05,2.0902922093141484e-07,0.026150952829137483,7.294372025571928e-05,5.667215369504949e-06,1
0.006129173922158588,0.9836797433330796,3.523629370937096e-05,1.953835043680962e-07,0.010076930683825617,7.153157609921478e-05,7.1888076230561125e-06,1
0.004189796543761753,0.9931101806108303,2.234743231764155e-05,1.1071425268656103e-07,0.0026346982761246557,3.9578240369187336e-05,3.2881823437749557e-06,1
0.8350331556236302,0.05084280314982745,5.450934156802293e-06,1.2335472128305602e-07,4.656778881177247e-06,3.711788937205474e-06,0.114110098369846,0
0.8472406993348058,0.05976925302045025,7.09461864495395e-06,2.0530467829526295e-07,6.422475861776783e-06,4.8310484483048755e-06,0.09297149419711044,0
0.9272878153135629,0.058732804168368014,6.961751930449206e-06,1.7572017991528877e-07,6.7111906675264584e-06,5.287484849134148e-06,0.013960244370442102,0
0.8952867249947151,0.1012717841415245,7.741326573683205e-06,1.7518633584413015e-07,6.690801834838027e-06,5.271421284668121e-06,0.0034216121277313018,0
0.8925036064596472,0.10200817172941533,7.797616850891152e-06,1.764601856570594e-07,6.661920469119306e-06,5.309751894101725e-06,0.005468276061537685,0
0.8724062426464956,0.12374101438530809,6.393808236150763e-06,1.638649994046544e-07,5.9711008154600155e-06,4.957623806508075e-06,0.003835256570338765,0
0.8486661303927487,0.15052879187570667,7.440587679715868e-06,1.6499586184673014e-07,6.7927556438613865e-06,5.902780365473933e-06,0.0007847766119937608,0
0.8573771649190368,0.140659651332409,7.147984694926826e-06,1.790479296231553e-07,6.3658706343351475e-06,5.539778147270805e-06,0.001943951067147811,0
0.7026291831622793,0.2962854786076285,9.202181054299958e-06,1.868758286847123e-07,7.254525917110346e-06,6.4463457787952964e-06,0.0010622483015134362,0
0.7263789958560269,0.27279413379539563,9.321700968422997e-06,1.7317189453984607e-07,7.870870817436983e-06,5.973623872225504e-06,0.000803530981024907,0
0.7706533976716896,0.22903547775012673,1.0297232646490891e-05,2.330265283996422e-07,0.0002841251674702429,7.01185395412991e-06,9.457297584186071e-06,0
0.6774433539367742,0.32199421508848214,8.887341552744549e-06,2.1985524342064714e-07,0.0005393993539120874,6.7686139981838155e-06,7.155810037170614e-06,0
0.45034684777569595,0.5471452178111821,1.3175100609350959e-05,2.461640774239598e-07,0.0024785751815263987,8.299457764690894e-06,7.63850914394953e-06,0
0.2954497872774382,0.7044987846585822,1.1417186030597156e-05,2.1374716103915523e-07,2.4544863162335333e-05,7.523749364093713e-06,7.728518261639763e-06,0
0.2922139573200551,0.7077401084608045,1.1073732786127763e-05,2.033980420681298e-07,1.986364134398948e-05,7.297418977363791e-06,7.496027990850831e-06,0
0.3059551453315627,0.6939640485929174,1.6729368963881707e-05,2.2267621340431276e-07,4.126022431613303e-05,7.989072111912695e-06,1.4604733914523377e-05,0
0.25056031601384726,0.7493996290959513,8.437383388767367e-06,9.736131039141879e-08,1.7387738630143426e-05,3.4140784858324947e-06,1.071832838639368e-05,0
0.25980637842718296,0.7401683687470363,8.748735859337663e-06,1.0095408384671035e-07,6.61811936004674e-06,3.5400632517612277e-06,6.244953225902775e-06,0
0.09431400714481229,0.9056488043975174,5.7135796104389166e-06,8.440249223633994e-08,5.9894145335649836e-06,3.5407630734689478e-06,2.186029796080618e-05,1
0.05712528566310442,0.942813596358254,3.5719577619862456e-06,5.276589420820522e-08,3.732551141316018e-06,2.2135783529688326e-06,5.154712549111553e-05,1
0.5046134999262557,0.4953421194148558,7.300476021959917e-06,1.682706724788733e-07,9.729194329478407e-06,5.1009665191187576e-06,2.20817513455055e-05,0
0.43757215531142163,0.5623128348252673,7.89802517734869e-06,1.820437467159499e-07,1.0525535805939049e-05,5.5184842571398355e-06,9.088577432393803e-05,0
0.4174112158417373,0.5824366599432627,7.196102158313771e-06,1.658649306927041e-07,1.0603191479332222e-05,4.914317265890925e-06,0.00012924473916576767,0
0.29024451255993056,0.7097157738819085,6.245243247133817e-06,1.3168202407644696e-07,9.029999942035286e-06,3.922318705358495e-06,2.038431424253573e-05,0
0.28959601359558296,0.7103546769438006,7.898941107147654e-06,1.665505268393218e-07,1.086126375682839e-05,4.960921973905387e-06,2.542178325180343e-05,0
0.2647891928508939,0.7351643128270205,7.451954066406123e-06,1.571257284877445e-07,1.024664414142388e-05,4.655388436833548e-06,2.3983209712393976e-05,0
0.614264628444181,0.3857026027013231,9.130749745575152e-06,2.0688126289658203e-07,1.2019605378215422e-05,5.789215946370083e-06,5.622402163061703e-06,0
0.6157880588754702,0.3841730479665676,8.769435428560726e-06,2.1720332534180885e-07,1.778488227678241e-05,6.2187125725831396e-06,5.902924359256492e-06,0
0.5638585193773852,0.4361055860806835,8.934310404739318e-06,1.827013551837038e-07,1.5097526343622451e-05,6.214570385993378e-06,5.465433441777124e-06,0
0.48020915065088604,0.519756354938978,8.710931873544702e-06,1.7813339654790885e-07,1.4217368288253523e-05,6.059191678299008e-06,5.3287848993313086e-06,0
0.4328961919436929,0.5670689983856326,9.294039880010967e-06,1.7386219041977706e-07,1.3400683676623275e-05,6.034593047529028e-06,5.9064918798214364e-06,0
0.26238389983701393,0.7375782210575696,9.486460110217227e-06,1.9346601871273376e-07,1.4911677534289916e-05,6.715023482898561e-06,6.572478270227521e-06,0
0.12373488350403382,0.8762353705934323,7.884144898997106e-06,1.3064271134851528e-07,9.115157869474006e-06,4.534485592932074e-06,8.081471461082284e-06,1
0.1337858721905283,0.8661751411891417,1.2844032155543718e-05,1.4821085445021421e-07,1.1628980043840804e-05,5.197172136560784e-06,9.168225139378499e-06,1
0.15907766679486735,0.8408790428531097,1.3854090997969927e-05,1.5986620397504152e-07,1.378129805768503e-05,5.605879434126882e-06,9.889217329310579e-06,1
0.15964130816244265,0.840319296023153,1.386360650229823e-05,1.5997600602240042e-07,9.866492524550224e-06,5.609729760361002e-06,9.896009611122094e-06,1
0.19813190381673834,0.8018245913027919,1.896073930673471e-05,1.8938600360803488e-07,1.1279861448670727e-05,6.641022782423182e-06,6.433870928244375e-06,1
0.19859517734180784,0.8013626933604328,1.7056670434701415e-05,1.955855742902581e-07,1.1242225861634146e-05,6.858417359411556e-06,6.776398529050422e-06,1
0.09041092353750699,0.9095562298621613,6.442599041965396e-06,1.3158668822738965e-07,1.6476424843446392e-05,4.631758649148388e-06,5.16423110887922e-06,1
0.10607429070642684,0.8938972627662912,8.071093937297539e-06,1.2831217846350524e-07,1.0694902754108558e-05,4.5164982141841504e-06,5.035720197807739e-06,1
0.06779801940310438,0.932022838671398,1.0041357083691801e-05,1.26056895134057e-07,0.00016023628375824603,4.250026600393586e-06,4.488201160160118e-06,1
0.10938807054556988,0.8904675548647228,7.763893345428965e-06,1.386830946704468e-07,0.00011951754521507723,1.1379316359782886e-05,5.57515169235054e-06,1
0.11851243472913583,0.8813096452491906,7.621584510557906e-06,1.4732061956973278e-07,0.0001509016660591508,1.3327064605358894e-05,5.922385878856159e-06,1
0.3758972098503704,0.6238031965771684,1.0637104772109605e-05,2.4208913293590295e-07,0.00025737518681556373,2.234159690401395e-05,8.997594836539407e-06,0
0.19496624711622423,0.8048048817187178,6.751780575576999e-06,1.426647577792369e-07,0.00020066360010200955,1.3347224674005542e-05,7.965894948641078e-06,0
0.051511829908777784,0.9483919149737836,9.555115572634656e-06,1.0478775803266929e-07,7.875475750484955e-05,3.532894818623171e-06,4.307561784274923e-06,1
0.0308234713155418,0.9690769087942795,9.891442079715424e-06,8.5262754532461e-08,8.320497086346875e-05,2.933276595601563e-06,3.50493788531612e-06,1
0.041465920527483366,0.9583692753403203,1.8787879947754773e-05,8.99760316830791e-08,0.00012749463706611337,1.4900493229406624e-05,3.5311459213262178e-06,1
0.03225356374523142,0.9675583677037647,1.8710821494743943e-05,9.327189943459025e-08,0.00015058319966301242,1.5510818166227393e-05,3.1704397806030977e-06,1
0.03715328789855179,0.9626680854061676,1.869739856018694e-05,9.267544129571813e-08,0.00014096107009898848,1.5725385829757557e-05,3.15016535044344e-06,1
0.03657905358676087,0.9632133317929231,2.2385061192769456e-05,1.0055635198116831e-07,0.00016207898143111706,1.9631973027096808e-05,3.418048313007679e-06,1
0.07817226007048388,0.9132129899517464,2.5187547660494775e-05,1.2577734744291402e-07,0.008560987191866369,2.499097844541247e-05,3.4584824498950917e-06,1
0.10066434921626954,0.8884040084920642,3.045925232864814e-05,1.5187948046599541e-07,0.01086526499121621,3.158995942371972e-05,4.176209217078875e-06,1
0.12207996404087047,0.8659690880822258,3.425328029989669e-05,1.6020634131719528e-07,0.011875603496853026,3.662605562090384e-05,4.30483778835381e-06,1
0.24538952462386798,0.7089785928963268,5.343119200366491e-05,3.009041661718631e-07,0.045509555543940095,5.791539034323741e-05,1.067944935194426e-05,1
0.2613961680458926,0.7029002274689073,4.503390583406127e-05,2.857759613571495e-07,0.03557510016009806,6.482790303718616e-05,1.835674026952803e-05,1
0.3688321315052071,0.6089355301413591,3.5399870322733266e-05,2.0099341864675872e-89,0.022129871856975753,5.0255479107817824e-05,1.6811147027437204e-05,1
0.20059376635033327,0.7882306788642786,2.3277737441752287e-05,1.6918844020341226e-07,0.011099595183876097,4.134942210002255e-05,1.116325353009835e-05,1
0.09452953509929816,0.8831068978178086,2.2614435073981664e-05,1.245331819137382e-07,0.022302712966574184,3.471066868157332e-05,3.4044793814507166e-06,1
0.08976538627353858,0.8882076713490056,2.226942284932564e-05,1.2263326842949714e-07,0.021962456462651377,3.957709628440114e-05,2.5167624021345473e-06,1
0.06167912411343723,0.9187435046665734,2.2910648367170997e-05,1.2616436941876926e-07,0.019509324334230808,4.242084299082475e-05,2.589230031202506e-06,1
0.0430222757157749,0.9493281448303978,2.5664231606758105e-05,1.5912289401926325e-07,0.007577132665973324,4.396043583568687e-05,2.66299751752226e-06,1
0.03509122043271783,0.9567246956020502,2.375026502734495e-05,2.306479836876979e-07,0.00811714291549583,4.0495738110860604e-05,2.4643986142823266e-06,1
0.033680401857631215,0.9610399377748283,2.009848437733992e-05,1.1446451568050401e-07,0.005196999780096168,5.95879883040096e-05,2.8596502472236645e-06,1
0.0046889601448378195,0.9924025137814407,2.3678769930191508e-05,1.239045172935031e-07,0.002841444773253202,3.959869650659651e-05,3.6799295139704333e-06,1
0.004048508073140855,0.9933461069161402,2.3394333850246754e-05,1.1074055430454004e-07,0.0025395617213085798,3.8333061011341094e-05,3.985153994191367e-06,1
0.0041876716652103985,0.9926065192755196,2.1106511753154668e-05,1.106581033393539e-07,0.003146620431794913,3.4684942894758984e-05,3.2865147238649553e-06,1
0.8878575645246161,0.0775857984949822,8.09422538110105e-06,1.9244948204565373e-07,7.243083493388493e-06,5.5117261299746684e-06,0.034535595495915276,0
0.8898769895201506,0.090294962730754,8.341449362862086e-06,2.395136454451659e-07,7.464310832281738e-06,5.680072181149653e-06,0.019806322403073732,0
0.9010708309614911,0.08670608516969046,7.791340331259995e-06,2.2546646976380552e-07,7.053190271755621e-06,5.305477926473258e-06,0.012202708393819152,0
0.6241226968583413,0.3758066738074091,9.53139044397818e-06,1.7808485906697144e-07,4.9004980392294386e-05,6.126684804250759e-06,5.788193749941317e-06,0
0.3042385945285979,0.6953152245915474,9.522823872341327e-06,1.9449865617461348e-07,0.0004219105651833415,6.557550553691077e-06,7.99544158932501e-06,0
0.2893619182274509,0.7104922587968816,1.2454551695820238e-05,2.0269773110304954e-07,0.00011911477774574904,6.8339835604489815e-06,7.216964934215188e-06,0
0.5685404728379471,0.4299747019089102,1.009323221058069e-05,2.2973057123107338e-07,0.0014601663587436961,6.950341763986965e-06,7.385589853272315e-06,0
0.5635626493286561,0.4348451858128184,1.0770848663957531e-05,2.012429432648416e-07,0.0015681632322928885,6.784935176354343e-06,6.2445994491566294e-06,0
0.5530172030697366,0.44514654511866025,1.1856275049066473e-05,2.2152309084203185e-07,0.0018098314346098269,7.468683309063028e-06,6.873895544387524e-06,0
0.44059758548299444,0.5569994620623266,1.073727964819389e-05,2.782588719761124e-07,0.0023783286000003045,7.564941657166992e-06,6.043374501233834e-06,0
0.33344761332804546,0.6664891194043857,1.0944420800232452e-05,2.0489627382774733e-07,3.172119547961136e-05,7.212204374655014e-06,1.318455064035965e-05,0
0.3430173438073503,0.6568724541316178,1.7356012948306382e-05,2.7925635064943866e-07,4.6060411766441375e-05,1.0019027577934975e-05,3.648735238856379e-05,0
0.3995952625361603,0.6003063312223695,1.5862561718495917e-05,2.2126400883265098e-07,4.547387839077707e-05,7.938405702657325e-06,2.8910131649317444e-05,0
0.3702408019843415,0.6296667415958692,1.723607948279849e-05,2.2037704964984506e-07,3.986102121544337e-05,7.906583799619602e-06,2.723235824186317e-05,0
0.07620890476099443,0.9237188248780692,3.906016417793156e-06,7.44534972853174e-08,4.763053138873187e-06,2.6439038298716075e-06,6.0882934052397694e-05,1
0.20200124330276784,0.7977764083938729,6.754868897592928e-06,1.380345919323307e-07,8.397719325833684e-06,4.9017198596609594e-06,0.000202155960684183,1
0.37838767401047835,0.6214545366499383,7.01514352677921e-06,1.6169396560390945e-07,9.348937578305244e-06,4.901599861334343e-06,0.0001363619646511796,0
0.5097619067603467,0.49018931165836016,1.4847691124625405e-05,3.1306611172429116e-07,5.716292965858125e-10,9.275656956456896e-06,2.4344595470953216e-05,0
0.619135362488155,0.3808292470613678,7.980766337528632e-06,1.83765251724584e-07,1.5458460660220212e-05,6.3954065826691935e-06,5.372051644955648e-06,0
0.5208591333197683,0.4791052346044529,8.998228507136223e-06,1.8400844251329673e-07,1.4686273579563525e-05,6.259030845535278e-06,5.504534404084149e-06,0
0.45608766503135556,0.5438737370175476,9.719930828045876e-06,1.9822739964297822e-07,1.5166947459688564e-05,6.7786122588941364e-06,6.7342331505343e-06,0
0.3742270439048274,0.6257108724752335,1.697628202931222e-05,5.739353890132139e-07,1.965954023399953e-05,1.1208976518912704e-05,1.3664885767803084e-05,0
0.18337659314969665,0.8165873860693433,1.4331723318118636e-05,1.646688747608583e-07,1.0155924392978084e-05,5.77429022213368e-06,5.594174151873025e-06,1
0.21754895108842673,0.7824144108541913,1.3888914309218427e-05,1.755355489310969e-07,1.0454926095579379e-05,6.1553417748296394e-06,5.963339653539676e-06,1
0.09811694832886447,0.9018563852675792,7.593289454342644e-06,1.2071616551112729e-07,1.0061770179964496e-05,4.153019525294452e-06,4.73760823131207e-06,1
0.10591994923132002,0.8938655170664945,8.215954144384779e-06,1.4117041711178306e-07,0.00018686496662972168,1.0479060791045796e-05,8.832550203071437e-06,1
0.3514962682194033,0.6481686206115264,1.2359572274068416e-05,2.7434819273842604e-07,0.0002919809213046608,2.350898657902123e-05,6.987340719836362e-06,0
0.20301719263211127,0.7968118735903716,7.021247274884156e-06,1.4855596309762806e-07,0.0001420685102453694,1.498554106064776e-05,6.709922973138312e-06,0
0.19090924226002118,0.8089119372088307,6.95806108174755e-06,1.4702345369922166e-07,0.00015054030297383738,1.3755009291841796e-05,7.420134346984225e-06,0
0.14827816423932633,0.8515600462375086,7.305086429690307e-06,1.4067075413943622e-07,0.00013564813833693033,1.2060223514888398e-05,6.635404129342281e-06,0
0.09160850174532255,0.9083073834161169,1.626728120841304e-05,1.169618697097301e-07,5.3557377202060205e-05,9.82739016166362e-06,4.345828118597141e-06,0
0.06291538354470201,0.9370132355773563,9.689615604238277e-06,1.062627749134104e-07,5.35512738980854e-05,3.6655296372989943e-06,4.368196026918601e-06,0
0.035929345237248736,0.963993725255236,1.0499495053200149e-05,9.050408041832746e-08,5.9505519914742843e-05,3.1135928267066632e-06,3.720395640198616e-06,1
0.03995235680933255,0.9599445830219006,1.7135496084038277e-05,8.922182372746362e-08,7.50170832163577e-05,7.150682357429149e-06,3.667685285259319e-06,1
0.03866664222316193,0.96117711990092,2.1974226701251663e-05,9.023964479928211e-08,0.0001178067584736327,1.3299281811114769e-05,3.067369286928404e-06,1
0.04316106419002439,0.9566389304798587,2.223227221981698e-05,9.98700057786387e-08,0.00015478049420207464,1.949797522516944e-05,3.3947184642862886e-06,1
0.13201981958426276,0.8564388066249776,3.314389045301994e-05,1.5968173224709875e-07,0.011467273356800575,3.650612053704505e-05,4.2907412368034975e-06,1
0.2236873369583844,0.750582248790222,2.4814461379155353e-05,2.6447981979516375e-07,0.025638113089567177,5.4413390505649134e-05,1.280883012169259e-05,1
0.38258378483324357,0.5979085097195099,3.4970209381557515e-05,2.4933836392430287e-07,0.019407613784357732,5.172117638501751e-05,1.3150938758400672e-05,1
0.17279632094792738,0.8167165792746663,3.181281186135244e-05,1.6171355960176575e-07,0.010408648455011731,3.7142587905917983e-05,9.334209067602923e-06,1
0.15769219441420704,0.828632992862606,1.939775886014056e-05,1.3790016907124255e-07,0.01360860802929043,3.688177910828243e-05,9.787255758830038e-06,1
0.15491613863759993,0.8314439398310606,2.115425408324773e-05,1.3180613083608436e-07,0.013581597803472194,3.2185882231966495e-05,4.8517854211774875e-06,1
0.09183796186109329,0.8899568867157822,2.271874915609979e-05,1.2510761875118667e-07,0.018144972688275734,3.3914694778531413e-05,3.420183295371375e-06,1
0.04416947937470873,0.9379251236766285,1.8639310579691734e-05,1.1623810887957796e-07,0.01783549755287485,4.8479079082444926e-05,2.6647680168486405e-06,1
0.03344051511630227,0.9583619944722591,2.379091024354475e-05,2.3104270505826962e-07,0.008131034256428032,3.99655859784814e-05,2.4686160836185496e-06,1
0.03571548158391841,0.9578549791994138,2.1441164981731835e-05,2.2771746948261275e-07,0.006364838428184195,3.9981216657510416e-05,3.0506893748616033e-06,1
0.027448961577709506,0.9399354984272057,2.682620596873866e-05,2.0615344294922628e-07,0.03250810905643992,7.48093321646351e-05,5.589247068674462e-06,1
0.02766529731906825,0.944792745670215,3.412861885732567e-05,2.2599664639925022e-07,0.027421559167859315,7.934417997183429e-05,6.699047381832895e-06,1
0.006740742877759694,0.9874120592735612,2.3541608363318157e-05,1.2511744430525822e-07,0.005783190994567495,3.795253159084573e-05,2.387596713215301e-06,1
0.004742639419069351,0.991736434903054,2.3949844783738206e-05,1.2532297775315222e-07,0.003453055714771966,4.007273795047781e-05,3.722057392952426e-06,1
0.004745387486066352,0.9923110849925215,2.3963722241461188e-05,1.2539559468830117e-07,0.0028756389589254575,4.007523055486362e-05,3.7242140956191708e-06,1
0.0075773972148510576,0.9878607270000535,2.519731437037397e-05,1.2483321531404922e-07,0.004493902388198612,3.8943737725852306e-05,3.7075115854721375e-06,1
0.008211536448722568,0.987808705833369,2.5195987469065886e-05,1.2482664154375537e-07,0.0039119270892281335,3.8802498223608114e-05,3.7073163463327517e-06,1
0.9419576895709615,0.01037843238410066,9.584871808584446e-06,1.3168791509586099e-07,6.646075791220285e-06,5.867730680439437e-06,0.04764164767874244,0
0.9821440308451056,0.014837648142131671,6.60855144273865e-06,9.37860547321341e-08,4.930938640100297e-06,3.226538176173136e-06,0.0030034611984485426,0
0.8935561211463607,0.09182245633882141,7.801539605574882e-06,2.257616172321691e-07,6.664920879767414e-06,5.312423076144949e-06,0.014601417869639073,0
0.7284500861747906,0.27005694230935273,1.0569855891051351e-05,2.158837330531616e-07,8.547707953079497e-06,7.446983385024936e-06,0.001466191084894435,0
0.47293642049161,0.5243053166232027,1.2742713937571404e-05,2.1313546109439093e-07,0.0027315973557501,8.027082241584626e-06,5.682597796970054e-06,0
0.44098091959538144,0.5565627179398693,1.1243928031826939e-05,2.6655859869682173e-07,0.0024327548176198725,7.08294445532654e-06,5.014216043456681e-06,0
0.3188193974440478,0.6811361160922392,1.0773338231770421e-05,2.1588009406704866e-07,1.7795959914556667e-05,7.745244149165797e-06,7.956041323406956e-06,0
0.3403085639463826,0.6596179121055354,1.7388506826796745e-05,2.0065080990166923e-07,3.6323809370072026e-05,7.198855078012003e-06,1.2412125997121804e-05,0
0.21578463522337052,0.7841688362718284,1.1028473013966734e-05,1.272606132471914e-07,2.3037984537290357e-05,4.4625295205494664e-06,7.872257116077492e-06,0
0.4577791790129991,0.5420917194862932,6.791118287385477e-06,1.4319189284355062e-07,9.933559796739933e-06,4.329129208990692e-06,0.00010790450152203541,0
0.5305605751198827,0.46938810605692793,1.0997786607581998e-05,2.318902152469207e-07,1.5186394902444531e-05,6.870542698928896e-06,1.803220876499783e-05,0
0.6849680080190631,0.3149958592243916,1.0561543202979636e-05,1.9953105286497138e-07,1.262393850531394e-05,6.855749013299692e-06,5.891994770681788e-06,0
0.6395591316843604,0.3604044524241325,8.228896076624944e-06,2.0381512656037056e-07,1.668863967160435e-05,5.7554667093302036e-06,5.539073922854782e-06,0
0.4788956336752156,0.5210698866098746,9.278640701760116e-06,2.0102895778282994e-07,1.3881275663646484e-05,5.915954927807064e-06,5.202814658814832e-06,0
0.44618248393545373,0.5537855523964904,8.620943149019552e-06,1.6127067225056287e-07,1.2871502963027043e-05,5.485607607507153e-06,4.824343664062338e-06,0
0.38748031499645463,0.6124835986643142,9.63490516973454e-06,1.8023870554931428e-07,1.3892162945369512e-05,6.25591588819532e-06,6.123116522265179e-06,0
0.46260046666654525,0.5373633526796285,9.932544916145488e-06,2.16082469217839e-07,1.2172005162184155e-05,6.92688784742478e-06,6.933133431274855e-06,0
0.12666349171615335,0.8733070678933504,7.787454404475487e-06,1.4814126655879234e-07,1.0217151584842313e-05,5.065859751740456e-06,6.221783488495415e-06,0
0.18324948666482813,0.8167110228798152,1.1436891116397952e-05,1.6627435034882836e-07,1.6407986159846448e-05,5.830587940830992e-06,5.648715789135856e-06,1
0.21512450836398245,0.7848359766717644,1.1443989175378433e-05,1.66377544926245e-07,1.641816942139263e-05,5.834206569064285e-06,5.6522215423538585e-06,1
0.21244799308453938,0.7875163465844128,1.3518273553456435e-05,1.7085119225134298e-07,1.0175925043140793e-05,5.9910797974998515e-06,5.8042014612486935e-06,1
0.22655692899369453,0.7734002429410353,1.651148891890494e-05,1.9105570721818405e-07,1.178332772463964e-05,6.699572725416037e-06,7.642620194027252e-06,1
0.1985199947625708,0.801447601966306,8.816631761093373e-06,1.700541559642213e-07,1.1649756594710324e-05,5.875009971455003e-06,5.891818640083915e-06,1
0.1714904634071959,0.8284774381939822,8.735880658922365e-06,1.7174329453346277e-07,1.153171806866018e-05,5.821201040412405e-06,5.837855759261561e-06,1
0.08971361529652014,0.9102594891561356,8.157558763188447e-06,1.2554702524632143e-07,1.0025661557234419e-05,4.319216444483131e-06,4.267563553985449e-06,1
0.08570586313883173,0.9141318978916113,7.491750144142922e-06,1.3917637674445553e-07,0.0001449603765786204,4.692351835901499e-06,4.95531462128313e-06,1
0.10742504241141819,0.8923196618578186,7.4273616777108724e-06,1.4640956962437858e-07,0.0002333951298217002,4.5890043481109915e-06,9.737825345959288e-06,1
0.32932166173440613,0.6701873064865754,1.1626893371015594e-05,3.4525393404292263e-07,0.00044703349065401996,2.430760128245417e-05,7.718539776753483e-06,1
0.2914747044163092,0.7081304923896375,9.65048967328419e-06,2.039143239740811e-07,0.0003586859129981578,1.748232843464473e-05,8.780548623376367e-06,0
0.1018911652396644,0.898053173658359,5.6280828313718505e-06,1.0837867089364319e-07,3.740574145606354e-05,8.063723817057673e-06,4.45517520115678e-06,0
0.04211367229675176,0.9578219976275769,8.951708316699049e-06,9.046158361286223e-08,4.8954965658245274e-05,3.1121308180542038e-06,3.220809294577144e-06,1
0.03630523970401282,0.9635897745247707,1.893541977556513e-05,8.477997738849842e-08,7.553376252162895e-05,6.946716813625304e-06,3.485092128381362e-06,1
0.03798075679208528,0.9619260169331462,2.2061144881672487e-05,9.084918808058079e-08,5.3497932590948666e-05,1.4488259608754754e-05,3.0880884990249036e-06,1
0.04125222504390685,0.9585832470988724,2.3235343634606078e-05,9.568461271159642e-08,0.00012268498426568024,1.5259393493964444e-05,3.252451213831966e-06,1
0.040802504928239,0.9589964326022206,2.6959144488871348e-05,1.0548904997579297e-07,0.00015220851169725605,1.7649363677152825e-05,4.139960627277277e-06,1
0.0765028076086024,0.9139516443967786,3.3561528996086437e-05,1.31496915953488e-07,0.009482534756512534,2.5145573886120812e-05,4.174638308296901e-06,1
0.16485271561180911,0.8188498635116106,3.0745925675490976e-05,1.7500504752648697e-07,0.01622429239633043,3.7835836691999693e-05,4.371712834913342e-06,1
0.26343503981485683,0.6940484691710859,3.200775950982688e-05,2.9456753418409967e-07,0.04241789480636075,5.9576556805790176e-05,6.7173238466268285e-06,1
0.38624718982380635,0.5942044573824903,3.475356840107274e-05,2.477937089568803e-07,0.019458888908697347,4.7938404624667235e-05,6.524118271298396e-06,1
0.14992423842211292,0.8380973637128065,2.3559078115729325e-05,1.4141976697227212e-07,0.01190958808375853,3.72095574163348e-05,7.899726022929322e-06,1
0.13670520292294536,0.8479126970754964,2.4475709748375284e-05,1.3441686989867091e-07,0.015312523090173866,3.6297648445117244e-05,8.669136321005634e-06,1
0.034533341599992974,0.9592659608613439,2.155487322651909e-05,2.2892511625853774e-07,0.006135468764365104,4.037810795698224e-05,3.066867998294714e-06,1
0.01406428996016004,0.967731483572515,2.1143004389358916e-05,1.2634986559909473e-07,0.018138069476438187,4.250623900103204e-05,2.3813976307692023e-06,1
0.030505099380066885,0.9355791734344543,3.052566118603471e-05,2.23792738255182e-07,0.033797699935263166,8.121031137126582e-05,6.067484919917034e-06,1
0.01930300179041287,0.9511251505551703,3.636921514120289e-05,2.2751137253807864e-07,0.029454119328230496,6.965785887499067e-05,1.1473740797428703e-05,1
0.006065928393216981,0.9902720123744151,2.491713259619718e-05,1.2513792274708526e-07,0.00359740747236059,3.589292817744831e-05,3.716561311022493e-06,1
0.8813300130988093,0.024527806216767437,1.6909021814651797e-05,1.9939232464622126e-07,1.1033314895260072e-05,8.884493766334569e-06,0.09410515446162201,0
0.9230319328326966,0.02929096757438219,1.775965515110022e-05,2.0942305026921707e-07,1.1557277325302863e-05,9.331441357860167e-06,0.047638241796036825,0
0.9746029931055695,0.02023399438505465,1.2009594638230057e-05,1.4038988558536238e-07,7.085250147987105e-06,6.349299344948126e-06,0.005137427975359156,0
0.978634370448866,0.015638063391929736,6.587994708959335e-06,9.34943213657456e-08,4.8590496714710925e-06,3.216501621734377e-06,0.005712809118880492,0
0.9777496547816522,0.015820857976893987,6.477942717122771e-06,9.193250525230623e-08,4.833485572290523e-06,3.099517819692542e-06,0.006414984362839346,0
0.8993239299661896,0.022291289250471604,7.038838545148512e-06,1.4376456568075294e-07,5.692219159179466e-06,4.959207981252826e-06,0.07836694675308752,0
0.2663797195887902,0.7332166403169035,1.2929641643261258e-05,2.1042981626902783e-07,0.0003759130884295791,7.09467193927165e-06,7.492262478038516e-06,0
0.3596486485109359,0.639652948284148,1.1593941985774193e-05,2.1246626200134119e-07,0.0006673345035575868,7.163331004080325e-06,1.209896210661491e-05,0
0.7527084913327674,0.2439849320428085,8.421123358154779e-06,1.771653686889338e-07,0.003284270958787219,5.973156238663202e-06,7.734220671254843e-06,0
0.7264241383676561,0.27244552774490616,8.720341445110624e-06,1.9773742369436364e-07,0.0011086386584646059,6.341226997960329e-06,6.435923106410217e-06,0
0.3230814925122406,0.6768709581637503,1.2985340994007545e-05,2.0253509397404676e-07,1.3811257324183585e-05,7.266458532837327e-06,1.3283732063797751e-05,0
0.28748823835477877,0.7124453361844403,1.1566060954620809e-05,1.8344772289129133e-07,3.606245853094369e-05,6.581650839749364e-06,1.2031842732963585e-05,0
0.3735185319594602,0.6263991788660697,1.4789359887456472e-05,2.3457202975311845e-07,4.3464429441913836e-05,8.4158645976827e-06,1.538494851317426e-05,0
0.3892585931176009,0.610652452501418,1.907859387131814e-05,2.401787418089165e-07,4.7330525864718594e-05,8.617019567222133e-06,1.368806293602007e-05,0
0.3552999895878879,0.6446352353669382,1.535338048645485e-05,1.7716692180769382e-07,3.2072521898012e-05,6.2125476096522065e-06,1.095942825786236e-05,1
0.6242915586135547,0.3756098955471275,7.436639627251792e-06,1.4670818019984865e-07,8.621404038639269e-06,5.196106341457341e-06,7.714498113015804e-05,0
0.5531139795299622,0.4467363280581287,7.2844628469984905e-06,1.6790158042087927e-07,1.0740512505327272e-05,4.9746599970634746e-06,0.00012652487497928153,0
0.45202376247039255,0.5478298208509981,7.114648198861175e-06,1.6398747605934506e-07,1.0490130783268233e-05,5.072572034928266e-06,0.0001235753401163125,0
0.34406704664545834,0.6558863922883791,7.137160455640067e-06,1.5048825126041123e-07,9.813794169621883e-06,4.549720456961747e-06,2.4909902829113063e-05,0
0.5281344818843112,0.4718182233092003,1.011174179005438e-05,1.8726280012260102e-07,1.4682576621873297e-05,6.434220331794988e-06,1.5879004944603187e-05,0
0.6862662308383902,0.31369876294561194,1.0232257319538129e-05,1.9331010979311803e-07,1.2230351634215331e-05,6.6420017107406555e-06,5.708295223559798e-06,0
0.6707111492506289,0.32925828322338085,8.085056352384046e-06,1.8318831589725964e-07,1.219457162583354e-05,5.126209617693787e-06,4.978500078391581e-06,0
0.6381850256851399,0.36177836910309746,8.260265882111811e-06,2.045921008733215e-07,1.680275663796156e-05,5.777407425250859e-06,5.56018971650673e-06,0
0.4344233889509929,0.5655370297696366,1.0398716041877075e-05,2.4682221029329877e-07,1.5525807563168987e-05,6.751856064713368e-06,6.658077490299469e-06,0
0.4607467171323009,0.5392155437985373,9.914734190988894e-06,2.3533449683935018e-07,1.4803198247682778e-05,6.43760805736604e-06,6.348194168730242e-06,0
0.5028975160255831,0.4970681337534374,1.0016322732056286e-05,2.3774578570864402e-07,1.1275451391574587e-05,6.407461911701239e-06,6.413239158499101e-06,0
0.29230331206544014,0.7076639942451518,8.995900861364045e-06,3.1650167880087024e-07,1.1104564812401936e-05,6.18128791809652e-06,6.095434137529359e-06,0
0.1342980388671372,0.8656659959021563,1.1177094294516727e-05,1.624973144969214e-07,1.3407095620919552e-05,5.698142138793493e-06,5.520401337700387e-06,1
0.21451513451312323,0.7854514742341111,1.1581838155498836e-05,1.655826556578292e-07,1.0212281671880132e-05,5.80633292665944e-06,5.625217355889167e-06,1
0.2323234135351299,0.7676355551578489,1.5129923384665216e-05,1.8804144971537327e-07,1.1597423914074526e-05,6.593874562051828e-06,7.522043710883139e-06,1
0.11186893586042193,0.8881019636309277,9.742022812666382e-06,1.416786800743231e-07,9.526703756961511e-06,4.874196609669259e-06,4.815906790907111e-06,1
0.07826996016643839,0.9217058330548249,7.872655911386711e-06,1.1449239235555699e-07,8.388931276618465e-06,3.938901960122915e-06,3.891797196043031e-06,1
0.3339267632075389,0.6657691016445205,1.2808512953945877e-05,2.7024851943017505e-07,0.00025955131045840286,2.256543292240021e-05,8.939643086620526e-06,1
0.31576866712847856,0.6839743990793282,9.645520716130984e-06,2.807129743045359e-07,0.0002214312004760952,2.0158600000105873e-05,5.417758026405299e-06,1
0.28519641641385285,0.7145474360444712,9.596829580643244e-06,2.0305028511615628e-07,0.00022051198935200562,1.9087810126762578e-05,6.7478623313965606e-06,1
0.2872279047479738,0.7122531963640699,1.1281541604218245e-05,2.1170385500354023e-07,0.0004822722671727417,1.7188904554173405e-05,7.944470770196928e-06,0
0.2579774597200383,0.7410311709488625,2.1336979169672434e-05,2.080247412671434e-07,0.0009441831903929218,1.7834729696705616e-05,7.806407098477082e-06,0
0.04711862968360338,0.9528196169737051,8.906793847821272e-06,9.767783042262238e-08,4.537319067393285e-05,3.3603898379653553e-06,4.015290501474384e-06,0
0.04035370254271066,0.95957972249702,8.94122540491952e-06,9.035564843636848e-08,5.1217855302752764e-05,3.108486352477599e-06,3.217037560903611e-06,1
0.0869576274721811,0.9038208030550833,4.029631098980188e-05,1.4953631291157838e-07,0.009145231046145603,3.0809577776843556e-05,5.083001510603405e-06,1
0.3346588857686563,0.6400403587988425,4.8399903910718683e-05,2.6021921987670013e-07,0.02519626789205714,4.989337310233631e-05,5.93404421118565e-06,1
0.18662217466448938,0.8048741534526694,3.249678387232958e-05,1.502372693775665e-07,0.008426105643696107,3.7207398130695713e-05,7.711819872621777e-06,1
0.1462577254332811,0.8450431710091574,2.108400388721381e-05,1.3793623054500327e-07,0.008634745807411862,3.440786789079967e-05,8.727942141325528e-06,1
0.15354209496027554,0.8379171193035233,2.9621983936713156e-05,1.605261169220806e-07,0.008463570164838286,3.982181184983036e-05,7.611249459497498e-06,1
0.15474563814380204,0.8367320837972383,2.359598478090934e-05,1.4390988097225918e-07,0.008449387524512708,4.126378259804182e-05,7.886857187225296e-06,1
0.1437782679727595,0.8441264774265584,2.397516989258388e-05,1.4518164564779102e-07,0.01202570045806246,3.747723592555671e-05,7.95655515587007e-06,1
0.1091317751612485,0.8746126004547656,2.50665374777942e-05,1.5921361327050655e-07,0.016182468547634894,4.353848377675257e-05,4.391601483197058e-06,1
0.0906504946834131,0.8920926317629184,2.2742861450981777e-05,1.2537637744125905e-07,0.017192006484931074,3.4701940196037424e-05,7.2968907131169524e-06,1
0.018763119086597776,0.9633853770093102,2.4243285123184294e-05,1.3247465134879938e-07,0.017779418776164093,4.5212532724590495e-05,2.4968354288559473e-06,1
0.0144849931483609,0.9682075482317104,2.3133804551530965e-05,1.2641202199963237e-07,0.017237683010783666,4.41328234388812e-05,2.382569132648335e-06,1
0.02473632204874605,0.944904312049103,3.6453323878618747e-05,2.260233333394232e-07,0.03023549634877592,7.887405753564794e-05,8.316148627562006e-06,1
0.00581893162577906,0.9871365804739233,2.6893521088698305e-05,1.4156735483704455e-07,0.006964846583935042,4.9938016427355904e-05,2.6682114919924088e-06,1
0.00703089148508579,0.9859814212520216,2.666342193362023e-05,1.4035611408403166e-07,0.0069052558256655575,5.2982276725268014e-05,2.645382454178722e-06,1
0.9434713641696705,0.035259030846972274,2.1341256997837187e-05,2.156618747447905e-07,1.1010777081748076e-05,9.753564470389111e-06,0.021227283722932592,0
0.9710776907591296,0.020160804636625715,1.2663257581642468e-05,1.398820718431806e-07,7.059621610881734e-06,6.326332865225268e-06,0.008735315510115044,0
0.981734864962328,0.014594959221859832,8.66262689810273e-06,1.012644669306305e-07,5.170132518762026e-06,4.579805809145926e-06,0.003651661986119318,0
0.7067546754474778,0.2932061022662621,7.63822754224144e-06,1.418975290987215e-07,9.035756382686277e-06,4.809585412142452e-06,1.7596819394045876e-05,1
0.3167212728862297,0.6827452806726281,1.2017008943355676e-05,2.2021922947037887e-07,0.0005033968038123933,7.424723432795589e-06,1.0387685724211785e-05,0
0.7865843436041641,0.21076988188978177,8.205662568363872e-06,1.8569426633051224e-07,0.0026242592056368147,5.587608778155122e-06,7.536334804563198e-06,0
0.7623538198938449,0.2347666302280923,9.506672567309668e-06,2.151361420145462e-07,0.002854623320999043,6.473525647148016e-06,8.73122270721003e-06,0
0.7628830186436483,0.23689205218536688,9.59273969957436e-06,2.1708384250160748e-07,0.00020246752603520385,6.532132671230011e-06,6.119688736264252e-06,0
0.7569727388977697,0.24202928139971502,8.291067293925272e-06,1.8800345109153982e-07,0.0009777244353059672,5.6570929970062e-06,6.119103467410016e-06,1
0.5077605789124432,0.48897845068469314,1.208675997626052e-05,3.156790060622464e-07,0.0032332493304400695,8.51571692649099e-06,6.802916514831882e-06,1
0.31639796547272503,0.6835542434646689,1.3896748010564091e-05,1.9867834532848807e-07,1.3536770031958514e-05,7.128087924787939e-06,1.3030778293467057e-05,1
0.2585148306418231,0.741420728521262,1.2050277221752564e-05,1.7519201644731945e-07,3.443953802483414e-05,6.285456499512768e-06,1.1490373152323186e-05,1
0.2998658605081038,0.700066158433098,1.543634119782978e-05,1.781242284984412e-07,3.5101830164411045e-05,6.246116592691614e-06,1.101864661471458e-05,1
0.34037738138161244,0.659557075745159,1.5709684163817218e-05,1.8127840890349943e-07,3.281682426872628e-05,6.5038212161138e-06,1.0331265170781917e-05,1
0.09004199293920466,0.909937291865452,6.321588957191744e-06,7.294656415390851e-08,4.381803492466805e-06,2.6170356669275833e-06,7.3218206623275406e-06,1
0.7305900353196163,0.26935865145059373,7.5866163364369075e-06,1.6852478508711948e-07,9.903471372773567e-06,5.968806260776047e-06,2.7685811035077385e-05,0
0.7516777024767667,0.24816751200042597,7.4230139026748665e-06,1.7109508167219393e-07,1.0944797897040345e-05,5.186585816404377e-06,0.00013106003010950387,0
0.6355234887233684,0.3642444196043859,8.183216607645551e-06,1.8861720214774808e-07,1.2065672123571076e-05,5.702475349132138e-06,0.00020595169096302086,0
0.42424363888888594,0.5755862849962233,7.0506629701926486e-06,1.486644369571867e-07,9.50992980669729e-06,4.494580968160584e-06,0.00014887227670865738,0
0.4949686228769782,0.5048512397832013,9.057823157857938e-06,1.9098575346935416e-07,1.071215490183306e-05,5.774083905355091e-06,0.00015440229210200243,0
0.710525165626938,0.2894427690691832,8.67535276269608e-06,1.80905075599196e-07,1.1651288388975253e-05,6.215773313136384e-06,5.341984338355479e-06,0
0.5073959623434009,0.4925681927534376,9.850562446715959e-06,2.3563868655014598e-07,1.4707386596651806e-05,6.268028841145394e-06,4.783286590463788e-06,0
0.4902341602669242,0.5097273528554789,1.0284092890137048e-05,2.4600931714305246e-07,1.4828199308477079e-05,6.543889365615637e-06,6.584686715573622e-06,0
0.14950788617559027,0.8504523920680499,1.1016465053563109e-05,1.601620187933281e-07,1.3245665941975427e-05,5.616252497131504e-06,9.683210848457777e-06,1
0.1587099537927353,0.84125030267267,1.1361521238333327e-05,1.6243283956293834e-07,1.7005488282401763e-05,5.695881256271451e-06,5.518210978352541e-06,1
0.08186606437869333,0.9181092870641849,8.016333401667837e-06,1.1658190061999617e-07,8.542030891987413e-06,4.0107876813412555e-06,3.962823246222848e-06,1
0.09283045406161158,0.906896462333195,7.264800694569497e-06,1.4090119398825347e-07,0.0002517401090952398,4.4250525478090386e-06,9.5127416618282e-06,1
0.33540854467607606,0.6643212654987404,1.145784198051007e-05,2.794284018774571e-07,0.00022980260326448349,2.0653003083951348e-05,7.996948452716543e-06,1
0.12668332020566708,0.8731423345375174,8.311531536027887e-06,1.6303078939667765e-07,0.00014351074205516264,1.5901887216154797e-05,6.458065218773929e-06,1
0.26173655385320066,0.7380239333073221,1.0254445784207786e-05,1.9242988056081564e-07,0.0002053470500869716,1.649772466710695e-05,7.221189058660841e-06,0
0.057050974979518755,0.942258596235535,1.6930665763985668e-05,1.111676305285849e-07,0.0006609159829413967,8.512893268332547e-06,3.958075341932215e-06,1
0.06539484456822424,0.9331193644605977,2.2633281006738547e-05,1.2614897889229383e-07,0.0014482840849352958,9.561729979668898e-06,5.185726277619271e-06,1
0.08290313133167494,0.9155617403808712,2.104621921719396e-05,1.367966921127626e-07,0.0014979530435391155,1.0368796034496015e-05,5.623431970751219e-06,1
0.10665240497302515,0.8843551012586134,2.6428097081653296e-05,1.5390740735296408e-07,0.008930867850255785,3.0811942772502454e-05,4.231970844198851e-06,1
0.28855578458633735,0.6706474657100984,3.177497844101621e-05,2.7266305622801516e-07,0.04070509979351502,5.3384454851966654e-05,6.217813700235888e-06,1
0.19745112963458158,0.793773444271885,2.9875209322946327e-05,1.6504147031022604e-07,0.008699763568698709,3.799869368491139e-05,7.623580356492424e-06,1
0.1467124450792445,0.8460562295745836,3.0566760334402045e-05,1.3340025502883588e-07,0.0071614102518084005,3.2760894488560544e-05,6.454039285493386e-06,1
0.13116167173681864,0.8600139299947149,2.8246077296256967e-05,1.3106786997973767e-07,0.008748164390957222,4.0673670517017596e-05,7.183061825777402e-06,1
0.12160622689707962,0.8632261953900977,2.3938280076241665e-05,1.3985745804866286e-07,0.015096936154673484,3.88986529786967e-05,7.664767636148514e-06,1
0.09740119034188185,0.8891450943998953,2.157975600693549e-05,1.3778272373095485e-07,0.013378872487519738,3.8320701104378356e-05,1.4804530867896188e-05,1
0.09456409714386399,0.8925546924254172,2.5621429686054262e-05,1.3831107810837076e-07,0.012808358018482837,3.8610622607769436e-05,8.482048864141336e-06,1
0.08625961133131294,0.9011329308565031,2.6171876925130883e-05,1.27376297733598e-07,0.012538727729816236,3.447379784996405e-05,7.957031294961736e-06,1
0.06740057276940382,0.9143941026364432,2.0113660774049147e-05,1.2392386967733084e-07,0.018141636045213405,4.0834239834942754e-05,2.6167244606512418e-06,1
0.03495796662297914,0.9442693856145934,1.95844283053266e-05,1.2868049862437392e-07,0.020702249515414897,4.804427048195461e-05,2.640867726786058e-06,1
0.01956400739473376,0.9614914869963509,2.2973334775955803e-05,1.2553515331358906e-07,0.018876196558890012,4.284413787459701e-05,2.3660422214281443e-06,1
0.017102828011675945,0.9589891612276024,2.8918546891186305e-05,1.4407846545789097e-07,0.023830029377283624,4.620321806350431e-05,2.7155400178656167e-06,1
0.02233740808764492,0.9404252292724292,3.488270591338265e-05,2.3163902187078258e-07,0.037114478231608045,8.378459644520236e-05,3.985466937197478e-06,1
0.0269812719959084,0.9538106354132558,3.2356542237717834e-05,2.2516982139038582e-07,0.01908862567772278,8.301103999419565e-05,3.874161059558666e-06,1
0.01212173309355181,0.980456932790981,2.907468879042395e-05,1.1036514938852746e-07,0.007345715059100937,4.218449260343847e-05,4.2495098229704626e-06,1
0.9710611037167453,0.019855454906572336,9.763162998319172e-06,1.377634583430514e-07,6.637734640111857e-06,6.230516052977855e-06,0.009060672199532814,0
0.6305928900286925,0.36936620309414836,9.185688511596692e-06,1.7064515238094e-07,1.1496991432853098e-05,5.753326195095779e-06,1.4300225867356726e-05,1
0.3634130234387467,0.6365448704279049,1.1258268025083567e-05,2.1034990501851564e-07,1.605612042595954e-05,7.091977719808397e-06,7.489417272570959e-06,1
0.7770263836502788,0.22263728064077756,1.0009575359505206e-05,2.2651683970401222e-07,0.000312898032652906,6.815975026807408e-06,6.385609064850387e-06,1
0.7254942420016915,0.2725059453985286,1.0322129259816291e-05,2.3405863861221662e-07,0.001974595401689993,7.042910530069306e-06,7.618099661436126e-06,1
0.2918324785274725,0.7081161465207584,1.1470874492840231e-05,2.106925873790031e-07,1.83154953416087e-05,7.559129232003195e-06,1.3818760115368523e-05,1
0.2818126783230365,0.7181159785222044,1.2661073102668554e-05,3.535710489664995e-07,3.670768867004229e-05,6.699409851747561e-06,1.4921412085733872e-05,1
0.19615441164881758,0.8037947197831252,1.2192464240334174e-05,1.406922313047661e-07,2.54695099026455e-05,5.04768948733124e-06,8.018212195652519e-06,1
0.1364162806699856,0.8635595386783667,8.01334813239136e-06,1.0087933550532749e-07,6.697893541462316e-06,3.6193011980609103e-06,5.749229440294886e-06,1
0.10479424675889072,0.8951723985493937,4.758244288491323e-06,7.668374210520209e-08,5.441672482454215e-06,3.216954324301476e-06,1.986113687822578e-05,1
0.08813749672690782,0.911776580317791,4.051610951547965e-06,8.425357736982378e-08,5.389998868888235e-06,2.9919125898789702e-06,7.340517931342487e-05,1
0.3035201927209231,0.696189040734419,6.671904068045425e-06,1.3633921981409378e-07,8.722101346004922e-06,4.841515826272347e-06,0.00027039468419792214,1
0.7733601775865475,0.22654055873771262,5.899710750658007e-06,1.3105282279211214e-07,9.97091657595777e-06,4.6416253180181e-06,7.862037027242483e-05,0
0.6423244351623766,0.35748693378360646,8.63973792679054e-06,1.7490661202018645e-07,1.2738785987999058e-05,6.036731545443465e-06,0.00016104089194472185,0
0.5333563179293047,0.4664209666981209,8.844336551266553e-06,1.8648435178542972e-07,1.1126802974333561e-05,5.637992754352788e-06,0.000196919755942686,0
0.5024428446374964,0.49750459008017517,8.42498722056618e-06,1.7764229928618217e-07,1.1584591796446635e-05,5.2632621910416205e-06,2.7114798821153388e-05,0
0.6205699309643326,0.3793904010683925,9.873824312222983e-06,2.0589651885242358e-07,1.643382245504789e-05,7.074462023310221e-06,6.079961965624633e-06,0
0.482786349666733,0.5171745206165393,1.0419711735276551e-05,2.4925350210335124e-07,1.502374239498913e-05,6.765488507338134e-06,6.671520587798556e-06,0
0.39425479344097086,0.6057092779994118,1.0058373271967222e-05,2.124113437221586e-07,1.2033228065866294e-05,6.809203730455699e-06,6.815343205179057e-06,0
0.3212947829348297,0.678664077295169,1.030483260042142e-05,2.176160379320781e-07,1.2774259652049348e-05,6.976048978026007e-06,1.0867012733108453e-05,0
0.373843163558798,0.6260872268081609,1.8936164101704765e-05,3.074710057535162e-07,2.9138712692186738e-05,1.078179968552354e-05,1.0445485555996381e-05,0
0.1428356396933188,0.8571238062224633,1.0608165143550226e-05,1.1340619458466466e-50,1.5335323452891605e-05,5.441268259769453e-06,9.169327361550026e-06,1
0.21490623320367716,0.7850536626438391,1.184750573787938e-05,1.693808389187376e-07,1.0089560933544823e-05,5.9395202852126945e-06,1.2058184688211665e-05,1
0.20184531145483922,0.7981167203948266,1.376831390574056e-05,1.7111875857850392e-07,1.1183154020275728e-05,6.000462296948769e-06,6.845101352536182e-06,1
0.13270577978842268,0.8672597716748319,1.1533452045222719e-05,1.6456069955227613e-07,1.127853866109823e-05,5.770496942741321e-06,5.701488396739573e-06,1
0.07555182029986048,0.9244171353052463,1.02982809941569e-05,1.4976836806311047e-07,1.0352948486982045e-05,5.152507571823512e-06,5.0908894721480925e-06,1
0.08033499011589586,0.9194212470468875,5.790425427981632e-06,1.1295096285064472e-07,0.00022530108853210874,3.8081581824207034e-06,8.750214110960103e-06,1
0.07585205007963669,0.9238784519261891,5.400024592898052e-06,1.1360685590760934e-07,0.0002529304323846084,3.830271712475118e-06,7.2236586284794e-06,1
0.089627799354518,0.9100821698541198,7.111128752834641e-06,1.3031589657589146e-07,0.0002683923961068138,4.393619455030062e-06,1.0003331150854507e-05,1
0.20547282782409831,0.7943604953089156,7.83663287736999e-06,1.9835084332301965e-07,0.00013521532068768002,1.282495285859712e-05,1.0601609719246889e-05,1
0.19726089575440012,0.8025750377849289,8.44686406385e-06,1.7113804915779247e-07,0.00013249346730931892,1.2566789500421725e-05,1.0388201748288853e-05,1
0.18793280054149214,0.8118637297545578,8.218059660296218e-06,1.6119733744851783e-07,0.00016156749766408027,1.3532746133170602e-05,1.9990203155047e-05,1
0.12824387338022467,0.8716129941371258,3.182431631754121e-05,1.7760852460662248e-07,9.078284525100034e-05,1.3748501016261852e-05,6.59921154008195e-06,0
0.03475278540263376,0.965201831356823,8.944720360412748e-06,9.039096674628079e-08,3.0020132775473522e-05,3.1097014008586894e-06,3.218295039894042e-06,0
0.03611719393562934,0.9638079249205497,1.3559865576336142e-05,9.118815097523548e-08,5.166630283054092e-05,6.31710914348616e-06,3.2466781199990264e-06,1
0.061681170911989026,0.9373748341072746,2.118957152963709e-05,1.1810231184922336e-07,0.0009077118784563402,1.01204841704277e-05,4.854944268134035e-06,1
0.047491018295738124,0.9523963109581448,1.434090184898622e-05,9.445728918984731e-08,7.941902583375695e-05,1.4933459012137187e-05,3.882902132838253e-06,1
0.04902264297827727,0.9508524656760682,1.585945152617487e-05,1.050561948680333e-07,8.833051134308153e-05,1.627773004137487e-05,4.318596548976583e-06,1
0.1192808682641875,0.872469346768098,2.696139214068588e-05,1.6034097124179762e-07,0.008186154432056817,3.209992887905394e-05,4.408873666942098e-06,1
0.12366008302651806,0.8668121312889099,2.3550313509860376e-05,1.5770191112802526e-07,0.009468169766823326,3.157159453441603e-05,4.336307793410362e-06,1
0.1249085164628742,0.8659604912432187,2.3985899887007218e-05,1.5433298833048496e-07,0.009068973713759412,3.373132990296016e-05,4.14701736955109e-06,1
0.14739551542362053,0.8336889405190637,2.4672791962807007e-05,1.6326873402297997e-07,0.018849537439217176,3.709202349566547e-05,4.0785339060594015e-06,1
0.2727873154783651,0.682977867307512,3.194190972324908e-05,2.55017728399424e-07,0.044146875165407294,4.992969196679663e-05,5.8154292971724315e-06,1
0.28838174016722945,0.670242960048349,3.175581314279542e-05,2.724985976180399e-07,0.04128370515364996,5.3352255648448964e-05,6.214063382857464e-06,1
0.39819075904159107,0.5873738880810776,3.4017766092531314e-05,2.690847614320791e-07,0.014350755619621725,4.406926091935309e-05,6.241145936194023e-06,1
0.14213105930071215,0.8498414376061225,3.0335559543150434e-05,1.3731851295360768e-07,0.007956464327633866,3.416066523744688e-05,6.405222238045434e-06,1
0.12948483661908172,0.8623946397782967,3.6744591735530326e-05,1.5469528964679916e-07,0.008043229186463996,3.2867651469115445e-05,7.527477663376421e-06,1
0.12199260355736763,0.8655889773248685,2.2273167096855746e-05,1.344448370017991e-07,0.012351250135345037,3.739323688759424e-05,7.368133597423868e-06,1
0.05358177908652153,0.9223713200441953,1.917223040517637e-05,1.2500498737874176e-07,0.023983384096360284,4.157998464173452e-05,2.6395528886328004e-06,1
0.035051372750229216,0.9425172349487854,2.1291736939610514e-05,1.382782074370452e-07,0.022350825434895007,5.621702630688377e-05,2.919824636832759e-06,1
0.037810685618461785,0.9425066155756204,2.6350119794302187e-05,1.4103584505406054e-07,0.01960292481084904,5.0624645645912495e-05,2.6581937833709774e-06,1
0.02233968075127496,0.9418795427924586,3.33613168121063e-05,2.3187587668203514e-07,0.03565887421428557,8.431950714760836e-05,3.9895421444382075e-06,1
0.02696073192445227,0.944031656628264,2.750850720473376e-05,2.2854296317513627e-07,0.028891687617989357,8.425458145046633e-05,3.932197675967371e-06,1
0.007334017959768282,0.9860855520844767,2.2619109957179102e-05,1.4214896911926457e-07,0.006506924739450424,4.798738143922873e-05,2.7565759388761863e-06,1
0.6630812319242666,0.3368721336149307,9.012423870980149e-06,1.6742636579102772e-07,1.10471365814703e-05,5.644804335870472e-06,2.0762669648577558e-05,1
0.40165050713173206,0.5983112914166571,1.0708047601786704e-05,2.000695658471729e-07,1.3424569609035494e-05,6.745374585621961e-06,7.12339024845148e-06,1
0.5852379196172527,0.41427462053939973,1.2586407958969492e-05,2.848305998699358e-07,0.00045533971558958593,8.927619039053268e-06,1.0321270160107525e-05,0
0.7991542679478445,0.20065164737981347,7.432839978276693e-06,2.0872576192811686e-07,0.00017492558698313195,5.532828853034725e-06,5.9846907655765846e-06,1
0.31007109186082293,0.6898830932805636,1.1044015295451994e-05,2.0676083489833465e-07,1.9810335237744416e-05,7.277835609713034e-06,7.475911635668191e-06,1
0.24827868236650452,0.7516827695787823,1.0258414211721501e-05,1.8842258574289178e-07,1.3803791360478073e-05,6.760136621686692e-06,7.537289933793708e-06,1
0.2316250197279844,0.76833499151868,9.118019209911893e-06,1.7030725640607196e-07,1.2466087339910773e-05,6.110203383689129e-06,1.2124136145483794e-05,1
0.29916238506838466,0.7007631055276211,1.3933074378652451e-05,2.0256491620792745e-07,3.9820548194546453e-05,7.267528480872498e-06,1.3285688023906403e-05,1
0.29890146260387374,0.701024544960959,1.362273389859813e-05,1.9805305531996375e-07,3.896664067754657e-05,7.105654064913158e-06,1.409935347089922e-05,1
0.32050679436509877,0.6794141613617335,1.791036532854297e-05,2.0667268009860214e-07,4.0727695370808425e-05,7.414904895441416e-06,1.2784634892846038e-05,1
0.1941262824746001,0.8058456551283024,9.332419280506095e-06,1.1748500628208853e-07,7.701815461640362e-06,4.215071618592302e-06,6.69560573061608e-06,1
0.2755981621469596,0.7241957644417224,6.9403055551447675e-06,1.418239583497285e-07,9.072979438379039e-06,5.036283322077662e-06,0.00018488201904414236,1
0.789985784085518,0.20988373831233478,6.406756794481455e-06,1.4604340943570844e-07,1.0636623260100063e-05,5.04054618954546e-06,0.00010824763249373615,0
0.5286801511663366,0.47109908610360557,8.766794406866534e-06,1.8484936238281377e-07,1.1029249454299006e-05,5.5885620202609616e-06,0.00019519327481411138,0
0.44787045993426366,0.5519677638093154,8.415997868715965e-06,1.77452757261968e-07,1.006894224686819e-05,5.364940007588713e-06,0.000137748923540518,0
0.4756871184446579,0.524195108911842,9.277834955075141e-06,1.9562473991580746e-07,1.0972349918996398e-05,6.024071236926105e-06,9.130276264914741e-05,0
0.6034397276967339,0.39651830327952714,8.984856192553188e-06,1.663936208271546e-07,1.2991207497832186e-05,5.71716976092493e-06,1.4109396666796552e-05,0
0.564433182253515,0.43552782375202176,9.794563369496303e-06,2.042437091940441e-07,1.5946358959415743e-05,7.017672626261956e-06,6.031155798743458e-06,0
0.6029621791513573,0.3969969729937979,1.0258329308327078e-05,1.9190100608768177e-07,1.812949174389865e-05,6.527495695232892e-06,5.740637091212129e-06,0
0.5541797765031367,0.44577306071325007,1.1481712861609464e-05,2.147866561433339e-07,2.0863546494047467e-05,7.30594905129617e-06,7.296788550412119e-06,0
0.5381243303434055,0.46183027513623864,1.1048683275610191e-05,2.1715395955652642e-07,2.0076683679266404e-05,7.030407228299293e-06,7.021592213141386e-06,0
0.49842257522489275,0.501537242653976,1.0556053546851535e-05,2.52514981391989e-07,1.576072039422093e-05,6.854014848825808e-06,6.7588173601095144e-06,0
0.35057521688627974,0.6493417282939434,2.09452075563625e-05,3.4009232273663843e-07,3.829011335842318e-05,1.192570105706276e-05,1.1553705482391462e-05,0
0.12466868276567059,0.875289595576104,7.517185844579223e-06,0.0,2.1015083331931363e-05,4.841669116689508e-06,8.347719932342115e-06,1
0.13359923627633574,0.866359845194204,8.191276851455498e-06,1.5045420598474074e-07,1.8204673057502856e-05,5.275837657591624e-06,9.096287687703845e-06,1
0.17735739410881957,0.8226012596036344,1.3062349688740336e-05,1.6234471977891234e-07,1.0871516982449051e-05,5.692791241792291e-06,1.1557284913373625e-05,1
0.06050177943740129,0.9394705781711699,9.287811451426639e-06,1.3507306362559757e-07,8.981194187791977e-06,4.646942422361308e-06,4.591370303858693e-06,1
0.09638564569576365,0.9035878104281166,8.457924226421068e-06,1.2300397603359764e-07,9.550099591432442e-06,4.2317274740580954e-06,4.181120851620189e-06,1
0.12466533587732817,0.8749927895860474,6.699986445647134e-06,1.4095572744513606e-07,0.0003194611838785366,4.752342904230439e-06,1.0820067668583598e-05,1
0.19025600320344457,0.8095877075040343,8.00424070330466e-06,1.617193492545684e-07,0.00012520159847088485,1.0961715461770748e-05,1.1960018535800825e-05,1
0.2146576631855495,0.7851363658630112,1.1217462916151954e-05,2.005225830540172e-07,0.0001716433448798042,1.6453410671825393e-05,6.456210388480171e-06,1
0.11251860005094699,0.8873717323093786,1.4890778166856705e-05,1.6330218589250332e-07,8.279785605711928e-05,5.748057175832406e-06,6.067646088774687e-06,0
0.03329683640043936,0.9666555000209742,9.037613071904143e-06,9.132969503034775e-08,3.2140921869103787e-05,3.141996272404682e-06,3.251717678119623e-06,0
0.07681071993754104,0.9216102143235931,1.843863712265012e-05,1.183490587999456e-07,0.0015457536749089174,9.889990245215633e-06,4.865087530152631e-06,1
0.11573293314255728,0.8818310892644957,2.6107627140093027e-05,1.675727484074393e-07,0.002376418542209155,2.6395278207311847e-05,6.88857264212406e-06,1
0.05687777143039319,0.9429956133314387,1.6299361774762255e-05,1.0735681374721198e-07,9.026485555056656e-05,1.553049481099564e-05,4.413169218057275e-06,1
0.0645250175879014,0.9353326499245148,2.502665216104795e-05,1.1931756883345038e-07,9.404427141137861e-05,1.8459579974135155e-05,4.682666468475008e-06,1
0.13040837605342048,0.8638492801856154,3.3825822490422675e-05,1.612668565447226e-07,0.005672150773360992,3.072415499648898e-05,5.48174325999192e-06,1
0.1328764457916547,0.8588418975372103,2.2599439913240582e-05,1.5170617106013074e-07,0.008223154661723537,3.167443006911384e-05,4.076433258113626e-06,1
0.1964467979300798,0.7964053016929873,3.341651624553698e-05,1.6558868642278325e-07,0.007064118056394771,3.8295862187238825e-05,1.1904353418969772e-05,1
0.11538994752438107,0.8727910982197513,2.1854146925974375e-05,1.3328656176332867e-07,0.011753445609768294,3.621655729176792e-05,7.304655319715636e-06,1
0.0929498949972724,0.8953270828314198,1.9314348410442924e-05,1.3853873107285232e-07,0.01166142299120986,3.428367246161098e-05,7.86262049468039e-06,1
0.08186755364912049,0.9058681971076307,2.0762405818342654e-05,1.2872598589009076e-07,0.012193118776780277,3.6669406098007094e-05,1.3569928566316356e-05,1
0.08390701264475206,0.9041173689271064,2.374248462297386e-05,1.3504550524282524e-07,0.011905055399560034,3.951244948974302e-05,7.173048963733156e-06,1
0.06774455323594594,0.9162975081224438,2.5614152728392168e-05,1.3289131699909204e-07,0.01587717040151907,4.796256849684969e-05,7.058627549102493e-06,1
0.07025244148537185,0.9086874921073845,1.9694015059092795e-05,1.2799738554780972e-07,0.020995365148824344,4.217650686113946e-05,2.702739113412549e-06,1
0.036026156879485745,0.9240738580058812,3.2051321192433905e-05,2.2749239813490487e-07,0.03977646697937152,8.721211895784038e-05,4.0272027129238485e-06,1
0.02909004517009876,0.936690168582603,3.0613877808804736e-05,2.198412120726184e-07,0.034104014174855556,8.104659645349691e-05,3.8917569682759205e-06,1
0.015375111445777155,0.9786176393003229,2.5492152735150468e-05,1.0177918808652724e-07,0.0059377536251513825,3.9577879898835756e-05,4.3238169264869675e-06,1
0.9274463158225824,0.03436394135285313,1.5590201423402353e-05,2.0124819226734097e-07,1.03581144249132e-05,8.967187241824338e-06,0.03815462607328198,0
0.942546556070182,0.03548380648780444,1.5809102868304004e-05,2.0407391073464938e-07,1.0832970257762665e-05,9.093095188144548e-06,0.02193369819978866,0
0.7627202534294425,0.23673658212295084,8.616343657055255e-06,1.9537922994593985e-07,0.0005221145227953393,5.879032895781657e-06,6.3591690284450285e-06,1
0.7612705038579708,0.23731176553247965,9.93567550655412e-06,1.9585393009841997e-07,0.0013961845551212922,5.893316797979631e-06,5.521208193868743e-06,1
0.7522316809722805,0.24620305241815238,8.978868540870441e-06,2.031919290226799e-07,0.0015442423596104778,6.114119884760509e-06,5.728069602097133e-06,1
0.7363660256599004,0.26319321774940296,8.70228870073357e-06,1.973280700943698e-07,0.0004188837102740308,5.937674212693438e-06,7.03558943920041e-06,1
0.3317960381887903,0.6679994888475711,9.397385398385094e-06,1.7593340817190527e-07,0.00018180225718780911,6.192731924115399e-06,6.904655720208198e-06,1
0.23201774466093777,0.7679443526820898,1.0244297374425645e-05,1.8816329313382974e-07,1.3784795648988948e-05,6.750833843809282e-06,6.9345668121495834e-06,1
0.164232391550592,0.8357203313563576,8.891628243048379e-06,9.475200617972644e-08,6.718140790953759e-06,4.015820199305143e-06,2.7556751810840113e-05,1
0.09741949722398971,0.9025021037152425,4.152749619724764e-06,8.635676415311052e-08,5.524547154395641e-06,3.066598451443775e-06,6.55688087779457e-05,1
0.4982496127320933,0.5014490465759783,7.008392924449161e-06,1.4321532513276708e-07,9.161989251679572e-06,4.970869188172245e-06,0.00028005622523872615,1
0.6652560752221925,0.3345923154969305,9.232595808294282e-06,2.0183446990438733e-07,1.2042685397213258e-05,5.980038192284988e-06,0.00012415212700934733,0
0.5950478934744194,0.40480649093671695,8.673287856977914e-06,1.8960739680260233e-07,1.2129013981619766e-05,5.617769229192745e-06,0.00011900591039895237,0
0.5692806121824964,0.4305461257207087,9.208335169510214e-06,2.013041062590813e-07,1.201104064134195e-05,6.086039293077241e-06,0.00014575537758464724,0
0.5798156603554022,0.42002627685209,8.69266716980965e-06,1.8328637688672044e-07,1.0935992130023447e-05,5.541308184656181e-06,0.00013270953864628738,0
0.6387758960337963,0.3610513017886279,9.188825230793768e-06,1.9374795462626145e-07,1.1560194178045587e-05,5.857593701000716e-06,0.0001460018165113759,0
0.49856227325523744,0.5012609722975138,9.19520011305755e-06,1.9388237011121935e-07,1.100118373733598e-05,5.861657492536091e-06,0.00015050252353575956,0
0.7069296523301752,0.2930353549201186,9.717143478983222e-06,2.2016756243413013e-07,1.2995335859267074e-05,6.076619516771777e-06,5.98348328859765e-06,0
0.5729125740402303,0.4270426808216446,1.089314049223555e-05,2.0377632235081456e-07,1.97940451799532e-05,6.931433524259752e-06,6.92274260642267e-06,0
0.5580888392397074,0.44188060098374615,8.940000321871713e-06,1.273680949187515e-07,1.0049379109800476e-05,5.718936288830027e-06,5.724092730930991e-06,0
0.5337560582398766,0.46613378041567755,1.3775144433180013e-05,2.6722015059790324e-07,7.78090181519864e-05,9.23188874999735e-06,9.078072960086437e-06,0
0.16107575889612508,0.8388884535103728,1.2788509403749072e-05,1.589413103318811e-07,1.1020180884931468e-05,5.461983459749557e-06,6.357978443535201e-06,1
0.07168934709819666,0.9282787549301,8.553523817289251e-06,1.392085329961965e-07,1.3048446497687333e-05,4.6934359886178e-06,5.463356866905005e-06,1
0.06365574545941845,0.9363051957246763,9.121075668942815e-06,1.4844543492756986e-07,1.8958568405365053e-05,5.0048594841101746e-06,5.825866912155433e-06,1
0.3361292508528401,0.6636548812233615,1.1662939524198721e-05,2.429027899089144e-07,0.00017983488390434512,1.6092133221060256e-05,8.035064358941335e-06,1
0.329773376459844,0.6700105221840862,9.779317043406491e-06,2.2001487381025988e-07,0.0001815432774098518,1.6155849735006114e-05,8.402897007705913e-06,1
0.16205586702285701,0.8377959329179209,6.122665510816123e-06,1.5146262898470273e-07,0.00012316489482922893,4.857243986269367e-06,1.3903792266941543e-05,1
0.15022584052696264,0.8496606119121234,6.056663389227154e-06,1.3929077577810813e-07,9.146599651060046e-05,4.804883064771581e-06,1.1080727173589204e-05,1
0.19893076059596887,0.8008791614935195,1.0727382803632423e-05,1.8497514709364985e-07,0.00015833504876722556,1.4874873021007245e-05,5.955630772794122e-06,1
0.20211365555396107,0.7973602656970735,1.8963013241409333e-05,1.975226505115459e-07,0.0004833595732476141,1.614633775225159e-05,7.41230207364225e-06,1
0.058366261651354584,0.9415684378747712,9.026448087586808e-06,9.89900384674985e-08,4.901262751547101e-05,3.484340383071085e-06,3.6780678498103693e-06,0
0.04438859646938535,0.9555456067616127,8.448676636134524e-06,9.265381211913707e-08,5.018536064718166e-05,3.261312190702785e-06,3.8087657160042792e-06,0
0.0686180398260223,0.9310767045450471,1.8440257811685757e-05,1.2618992007819175e-07,0.0002720486154414682,1.0147628301351377e-05,4.492937455687316e-06,1
0.13429760312392236,0.8654490892692841,3.626720562268735e-05,2.168178973236184e-07,0.0001765453452300701,3.13653983550987e-05,8.912839688457545e-06,1
0.16172990495165832,0.8316081973993359,3.149593199329355e-05,1.697196122583218e-07,0.006592632070239438,3.233455270781324e-05,5.2653744530044605e-06,1
0.4151781379243073,0.560306107839879,3.318148398905883e-05,2.336575010299285e-07,0.024430546636133244,4.5640529724884166e-05,6.1519284654662075e-06,1
0.18262120153212363,0.8104307237407691,3.244399010914047e-05,1.4951463054473425e-07,0.006870857615320639,3.719468797236949e-05,7.428919074796853e-06,1
0.14428878568718326,0.8476051941282126,3.1950068324968287e-05,1.419199363968054e-07,0.008028964099307657,3.718629704793105e-05,7.777799987184094e-06,1
0.1176045153098805,0.8758017374598094,2.9394414878296004e-05,1.3781397865661173e-07,0.006518414330261822,3.824789468466608e-05,7.552776506552264e-06,1
0.10717674787720806,0.8818116123119193,2.20800149953442e-05,1.3466411168465017e-07,0.01094545411654675,3.659086446113131e-05,7.380150757724027e-06,1
0.08276466291719627,0.9036336473206852,2.341924321578207e-05,1.3577361295641654e-07,0.013532084845277705,3.8974508327414094e-05,7.075391684905264e-06,1
0.06872895236013625,0.9098188780466059,2.3963738580315164e-05,1.319517164048569e-07,0.021373441731191874,4.762345184966505e-05,7.008719919398842e-06,1
0.03909579861429088,0.9354925774213838,2.1192396175908705e-05,1.2884596562476324e-07,0.025335039373566102,5.254269124323495e-05,2.7206573744381873e-06,1
0.03508736900145414,0.9404439514316832,2.0947997527721254e-05,1.3934153390239513e-07,0.02438898738648592,5.5625847582727464e-05,2.978993732490998e-06,1
0.034686158199164846,0.9476399933521176,2.8045365106336017e-05,1.4180399910277018e-07,0.01759201101977725,5.090037361068975e-05,2.7498862241846618e-06,1
0.5329202623533108,0.46655615412617213,1.3676117887864451e-05,3.094907518166385e-07,0.0004890703530280817,9.312690562725934e-06,1.1214868286669225e-05,1
0.7412330711776652,0.2575760048450989,8.111240682816671e-06,2.0065604367522088e-07,0.001170043348508209,6.037814161876007e-06,6.53091783943892e-06,0
0.796713881860891,0.20299414209770436,6.64062180392761e-06,1.7369875046440243e-07,0.00027599910270946845,4.52190135469251e-06,4.640716785940661e-06,0
0.7172123428465037,0.2823738320672558,9.058133219469748e-06,1.8500759462269965e-07,0.00039108360753832935,6.23755802953197e-06,7.260779858509968e-06,0
0.6141518540649127,0.3841689932505249,1.0970167759095898e-05,2.842942166033841e-07,0.0016541695573280928,7.554211925695987e-06,6.174453332854136e-06,1
0.39779932078741553,0.6007263266750383,1.0779286508314228e-05,2.5605614102143794e-07,0.0014482344332203856,7.103383425212639e-06,7.979378251252261e-06,1
0.4016951520450049,0.5980402080797779,1.0407217136742701e-05,1.9483900072533452e-07,0.0002395330019034931,6.858195452426878e-06,7.646621723847558e-06,1
0.375685754736509,0.6242666267238671,1.0208914517858244e-05,1.9112647281350149e-07,2.358036608652745e-05,6.727517087483742e-06,6.910615459128157e-06,1
0.2218919647504238,0.7780665013348693,1.1117193494608334e-05,1.7632829703469588e-07,1.741576941045647e-05,6.3262234382581945e-06,6.49840006674403e-06,1
0.3158856871621799,0.684040586516472,1.3936799786164637e-05,2.2104968970808595e-07,4.349119389661797e-05,7.93071646223539e-06,8.146561513437182e-06,1
0.28728035876841296,0.7126528352310879,1.2090199404340475e-05,1.7258142565663676e-07,3.084744223005451e-05,6.1917949549651685e-06,1.750398248412426e-05,1
0.641266081392736,0.35859834851161226,9.227150906910867e-06,1.9455605807483632e-07,1.160841059818532e-05,5.764390286649679e-06,0.00010877558780197788,0
0.6653992124864384,0.3344885551946696,8.105237933517611e-06,1.7090033077520702e-07,1.0932339857995875e-05,5.063508257999791e-06,8.796033251151757e-05,0
0.5804206007332814,0.4195260826445151,9.020215703451913e-06,1.9019279384863466e-07,1.1217519532034431e-05,5.739669433945712e-06,2.7149024740244494e-05,0
0.7393624990497817,0.260605043777465,8.121244629255731e-06,1.8400825693494866e-07,1.4072512750426736e-05,5.078623540071181e-06,5.000783576661747e-06,0
0.7424824689919828,0.2574843566474295,8.835405498593285e-06,2.001894585533013e-07,1.3173001991055084e-05,5.525224322092912e-06,5.440539317255048e-06,0
0.6931628860854233,0.3068092600768856,6.868670216101914e-06,2.175466751264789e-07,1.2060281098299683e-05,4.695439082291017e-06,4.011900619246089e-06,0
0.6385501677445481,0.3614101623643709,9.685773555539368e-06,2.044294848675727e-07,1.6849903351353902e-05,6.953650789313995e-06,5.976133899929038e-06,0
0.6476920802529713,0.35226716135596864,9.800879015943966e-06,2.064446867284512e-07,1.6715476675336178e-05,7.022197701808554e-06,7.013392980094269e-06,0
0.5127665350177399,0.487193080633688,9.937184421896772e-06,1.8626639365495698e-07,1.759717218152763e-05,6.335834853277161e-06,6.327890721670557e-06,0
0.5664853422597953,0.43347890513534,9.053628140305355e-06,1.9119327418506995e-07,1.083121189581105e-05,6.12902273958547e-06,9.54754881486418e-06,0
0.48697055339705403,0.5129918204933749,9.62772362555226e-06,2.0331694370387575e-07,1.1124437517741814e-05,6.517667405485463e-06,1.015296407876115e-05,0
0.5911699319263782,0.4087261298209293,1.3668422410977577e-05,2.5055356075928745e-07,7.285131205337617e-05,8.656093463273397e-06,8.511871203923005e-06,0
0.5580378569983409,0.4418549563180541,1.395016486608057e-05,2.557181344913975e-07,7.532644724847544e-05,8.96702990021844e-06,8.68732345571965e-06,0
0.16095748434271573,0.8389874386436366,7.883020204691548e-06,1.447922670868816e-07,3.140794474275071e-05,4.975754674960391e-06,1.0665501758224818e-05,1
0.1552052600231094,0.8447410470734505,8.906096392345148e-06,1.6358373492110178e-07,2.1390390245606202e-05,5.621519368107876e-06,1.761131369910778e-05,1
0.1789185215023879,0.8210461620631273,9.268411397783317e-06,1.7023859684899164e-07,1.3217679165701647e-05,5.850212246637394e-06,6.809893077913436e-06,1
0.17871992623983848,0.821244796526071,9.258123683691427e-06,1.7004963609437881e-07,1.3203007859219977e-05,5.84371865152306e-06,6.80233426012092e-06,1
0.10785698164745966,0.8921087769893501,9.676320386640158e-06,1.5748203835039526e-07,1.2917514806267685e-05,5.309529886180387e-06,6.180516072670179e-06,1
0.09444256378113824,0.9055259516422788,8.897275746973003e-06,1.4480309295394875e-07,1.1877520235445277e-05,4.882057393362522e-06,5.682920114247988e-06,1
0.09472899105683523,0.9052391979108588,9.091499152757254e-06,1.4796407735877378e-07,1.1674159208982463e-05,5.090434240611489e-06,5.8069756263820906e-06,1
0.06839760885067651,0.9315561583066063,9.963104970763924e-06,1.621494552062527e-07,2.427700296196312e-05,5.466892526053628e-06,6.363692803157336e-06,1
0.16551630630923242,0.8340905359286441,8.947520552443724e-06,2.0248252357694793e-07,0.0003689129881154601,6.0927736139564995e-06,9.001997317796838e-06,1
0.17917539667074903,0.8204318396874423,8.976560280329549e-06,2.0313969305220593e-07,0.00037011031789253336,6.112548085194892e-06,7.361075857687156e-06,1
0.1330241660069028,0.8668278654062909,7.415937314387984e-06,1.4134952683590278e-07,0.00012654773135040043,4.875900388330295e-06,8.98766822655515e-06,1
0.10485757872906741,0.8950355767108773,7.122972980502076e-06,1.3308589621066014e-07,9.036302508272474e-05,4.487010396622972e-06,4.738465699463797e-06,1
0.0346289272552464,0.9653118408570771,9.031149234542564e-06,9.078373526793912e-08,4.325484942367851e-05,3.123213733627991e-06,3.7318915493161626e-06,0
0.04114907002071525,0.9587903668311323,9.986112077475497e-06,1.0091476182024154e-07,4.348081766527816e-05,3.402317654760506e-06,3.5929859930559512e-06,1
0.060266578446059586,0.9393933374923638,1.850922562633724e-05,1.2447048785873777e-07,0.0003077982884510168,9.220359195495914e-06,4.431717816143099e-06,1
0.150254673306431,0.8469871590915393,2.7947019936075982e-05,1.79378957549685e-07,0.0026951022049629654,2.7565096442050724e-05,7.373901730996712e-06,1
0.16228308590117954,0.8298746855695145,2.9298504580117797e-05,1.7407162947259158e-07,0.007776904486167834,3.083094129649342e-05,5.020525631870271e-06,1
0.35403076324907845,0.6203766782432865,3.150008776602305e-05,2.6329980756776314e-07,0.0255003769833525,5.441384271534821e-05,6.0042939935186535e-06,1
0.134496396861059,0.8605507760086332,3.234358354243499e-05,1.5690658233699522e-07,0.004884157854386684,2.9604176587879105e-05,6.564609208437873e-06,1
0.11873033771922427,0.8755026576671022,2.9345039427258128e-05,1.3724202444615553e-07,0.005695223592506926,3.477730866656021e-05,7.521431048234711e-06,1
0.11657288902970765,0.8775782114583003,2.4231746894086108e-05,1.3932310896228433e-07,0.0057815837411719405,3.53092177226679e-05,7.63548309429552e-06,1
0.10500333249296818,0.8858897772551055,2.1706853783635884e-05,1.310264681296623e-07,0.00904287210806463,3.499947077680754e-05,7.180792833011756e-06,1
0.071330794176435,0.9157210970537697,2.334002882227422e-05,1.2381512780547562e-07,0.012881280698274475,3.468982151892688e-05,8.674406051761026e-06,1
0.06688090245879967,0.9220386012436647,2.3501050262482806e-05,1.2466932084656654e-07,0.011013119900139598,3.5970586727784524e-05,7.780091084984217e-06,1
0.08350018674108034,0.9027774779106005,2.5294272299454596e-05,1.3698022364586203e-07,0.013652343545545469,3.7422280050086326e-05,7.138270200495482e-06,1
0.060442298147318496,0.918408495844765,2.1832683574546397e-05,1.267773184672247e-07,0.021082949777645407,4.161979268911009e-05,2.676976688613236e-06,1
0.02174917931180878,0.9544650897744635,3.0325117498859484e-05,1.5426732036513019e-07,0.0237027046154518,4.95553364786992e-05,2.991576978068923e-06,1
0.03574365425353429,0.9233915486051588,3.3617331864033236e-05,2.441007918421773e-07,0.04074479130195287,8.182319254236453e-05,4.321214155695538e-06,1
0.5806148639955413,0.41932777552280626,1.4236205489665427e-05,2.3169413261501708e-07,1.8290056542708418e-05,7.811601465526671e-06,1.679092402179913e-05,1
0.6912072607067304,0.30848403862027873,1.4783580644726259e-05,3.657165308642079e-07,0.00026377459217837766,1.1004544935900979e-05,1.8772238701084105e-05,0
0.7625261593734903,0.2372957247369924,8.790264981780078e-06,2.1745376115363054e-07,0.00015237550373392372,6.543263659537256e-06,1.0189403380710348e-05,0
0.7482902341891937,0.2504634095346716,7.832775663825102e-06,2.4777962686027745e-07,0.00122745924733703,5.965454876259102e-06,4.851018630745819e-06,0
0.772548532792036,0.22700408500279481,6.3723069279579386e-06,1.974612577717321e-07,0.00042915386772425805,5.402220125596785e-06,6.256349133701671e-06,0
0.7771650094522263,0.2225400143661711,6.709394363459401e-06,1.5183369453285803e-07,0.0002788574441844462,4.5687317177661216e-06,4.68877764241686e-06,0
0.37941730735451545,0.620332729586776,9.830037238373957e-06,1.8403331144650837e-07,0.00022624860206076145,6.477842808466991e-06,7.222543289483699e-06,1
0.40328567032345897,0.5966674632486548,1.0047669664571346e-05,1.8810772287547955e-07,2.320792564112825e-05,6.621259218063947e-06,6.8014656397345194e-06,1
0.28740905002477524,0.7125469390245395,1.0276988974169767e-05,2.0593406600074798e-07,1.7901837332940367e-05,7.388405247363074e-06,8.237785064740852e-06,1
0.3103712271404654,0.6895757500611043,1.0580930983726022e-05,1.510373892832856e-07,9.901366454156215e-06,5.418848183790008e-06,2.697061541967986e-05,1
0.22155130752322608,0.7784085570732034,9.323991023025265e-06,1.3309521288670283e-07,8.836869933053043e-06,4.77512724527786e-06,1.7066320156016158e-05,1
0.080214154943273,0.9197216606645645,5.529946362864695e-06,5.89288595547572e-08,4.1817410660737366e-06,2.4975482215451438e-06,5.191622765215703e-05,1
0.07151668149039647,0.9284203041639933,3.699333426947677e-06,5.961836199947471e-08,4.230669905186163e-06,2.50104575203002e-06,5.25236781637932e-05,1
0.09375783572964036,0.9061699791327655,4.913819156519232e-06,7.258822165550131e-08,5.151043982584053e-06,3.045143431154723e-06,5.900254280212397e-05,1
0.16121069642406408,0.8387149517449285,4.877319163348878e-06,9.966718387036424e-08,6.37606170677501e-06,3.5392622073555602e-06,5.945952074621179e-05,1
0.2706157343455814,0.7290528379596724,7.1688973282399455e-06,1.4649519218070998e-07,9.371814762068459e-06,5.202162608696389e-06,0.0003095383248551244,1
0.7589180422230656,0.24096461805639094,7.938721568262227e-06,1.470198963870572e-07,1.0707742688631844e-05,4.959482071788029e-06,9.358675431841023e-05,0
0.7542225369957127,0.24566562186491633,8.076987576371296e-06,1.7030466715367928e-07,1.089423579393674e-05,5.045859680885198e-06,8.7653751652505e-05,0
0.4652738714612669,0.5346213710928188,7.867403395646073e-06,1.7198989610892197e-07,1.1002038368651949e-05,5.296259494773367e-06,8.041975475913809e-05,0
0.775510102394573,0.22445451759138654,9.16596300776846e-06,2.0767911240031965e-07,1.4630348048445972e-05,5.731938591159104e-06,5.644085280772825e-06,0
0.6228756673288757,0.3770841291880716,1.0565421719445668e-05,1.9764573711398183e-07,1.6003040625860212e-05,6.72290221137857e-06,6.714472758720424e-06,0
0.5317079066228656,0.46824994412732646,1.0261175158633914e-05,1.9195424297652033e-07,1.8645694034166426e-05,6.529306543283174e-06,6.521119828875225e-06,0
0.5898877989341821,0.410070726933695,1.02171343420565e-05,2.008104606090269e-07,1.792910044872078e-05,6.633955595440318e-06,6.4931312761195325e-06,0
0.628565566846858,0.37139815283047617,8.962272319927294e-06,2.1438959342635934e-07,1.554613039661969e-05,5.819177336242641e-06,5.73835301925127e-06,0
0.35252577532578744,0.6474398073328157,9.292151283398588e-06,1.6935965634017354e-07,1.33512833604523e-05,5.851016484243136e-06,5.753530612535044e-06,0
0.5748547613057818,0.42503656548792873,1.4276707014281654e-05,2.6170392389047685e-07,7.620280625872814e-05,9.041314831193771e-06,8.890674261289403e-06,0
0.2537908299514131,0.7454337309147046,1.3054328010298763e-05,2.084427332687468e-07,0.0007479320029369501,7.163089061249022e-06,7.081271140591772e-06,1
0.19242107751456183,0.8075248582081641,8.102251142140878e-06,1.4881901617855328e-07,2.7791276384590512e-05,5.114133029142491e-06,1.2907797702108148e-05,1
0.18389678606840715,0.8160683975493302,8.688989461627265e-06,1.6267115423578903e-07,1.409607263808608e-05,5.484481684905835e-06,6.3841673237497825e-06,1
0.11270538764707096,0.8872606676340536,9.592491205774807e-06,1.5611771908972396e-07,1.280560608045487e-05,5.263531663369045e-06,6.126972206924227e-06,1
0.07791605354838921,0.9220412550078111,9.652180468623794e-06,1.5708916137413505e-07,2.142079290556037e-05,5.296283981638533e-06,6.165097282744716e-06,1
0.10716572753074424,0.8927705221089264,8.473999870618806e-06,1.3791428138825871e-07,4.5076083204839645e-05,4.649800106935263e-06,5.412562865578069e-06,1
0.12807431286906254,0.8718634296902802,8.275553916072596e-06,1.3468457503547245e-07,4.402048177748966e-05,4.540910086312398e-06,5.285810302349321e-06,1
0.09487805574947486,0.9046432916797627,1.080898058171614e-05,1.571954953518928e-07,0.0004540703640433641,5.299869047203693e-06,8.316161594857695e-06,1
0.1887246394095191,0.8109037756564547,9.280016672211711e-06,2.1000691572732728e-07,0.0003464392072645045,6.3191853414726805e-06,9.336517832255091e-06,1
0.3316920002438093,0.6679740280490398,8.860014394027984e-06,2.152524936870277e-07,0.00030951513638075387,6.747801588992406e-06,8.633502293398511e-06,1
0.16353240734920024,0.8359332722541587,2.31861277263727e-05,2.1281472058667668e-07,0.0004891053179393055,1.4964156847055713e-05,6.851979407741233e-06,1
0.0525500492759898,0.947383598913797,1.2063562005697882e-05,9.241089163859105e-08,4.292659847709767e-05,7.470458974275804e-06,3.7987798646198885e-06,1
0.044571842786302884,0.9553532390819801,1.1611689238007928e-05,1.0009102830797459e-07,5.564844986276024e-05,3.4434105768152177e-06,4.1144910109995145e-06,1
0.1642019680594216,0.8303562052348876,3.402140376171331e-05,1.5200247022353027e-07,0.00536230438920156,3.3594473227554044e-05,1.1754437030043715e-05,1
0.1447735600651301,0.850016916915334,3.5750206648919095e-05,1.6525371733875244e-07,0.005136601029056694,3.031413316894304e-05,6.6923969442133435e-06,1
0.14146971244787146,0.8522107475170058,5.236955772052488e-05,1.527779645039219e-07,0.006223738164302892,3.132511631513502e-05,1.1954418819719067e-05,1
0.10634640120736591,0.8829906421294496,2.3245210686143873e-05,1.3443116792651827e-07,0.010596097579181327,3.120529955324355e-05,1.2274142595842836e-05,1
0.08808287514880529,0.899967824648938,2.139011309577425e-05,1.308333890517846e-07,0.011883686013716364,3.6923030755257985e-05,7.170211300299931e-06,1
0.08911875599770651,0.8985515213481533,2.3220439905166603e-05,1.5605190399235383e-07,0.012263051216062554,3.6259347293634754e-05,7.03559897471313e-06,1
0.04078208530393923,0.9395745261333617,2.928767387631721e-05,1.5133891069473983e-07,0.019556691842560533,5.432291857026044e-05,2.9347887812456486e-06,1
0.023091680804033607,0.9542257285981948,3.0591629670997044e-05,1.52393164978746e-07,0.02260653301382851,4.235832805540512e-05,2.9552330518636808e-06,1
0.015300146020214156,0.9750529140266314,2.282646035553096e-05,1.565134532691987e-07,0.009581377192046844,3.808374322999035e-05,4.496044068749228e-06,1
0.6077739000937004,0.3921839830437661,1.0289149502973724e-05,1.8855512100648194e-07,1.161736401281151e-05,6.3571633988427e-06,1.3664630498009325e-05,1
0.6773262488958784,0.3226183712984664,1.2434183536214779e-05,2.278642156584641e-07,1.5487837780331748e-05,7.68247525687828e-06,1.954744486596073e-05,1
0.46850976797741095,0.5314263989513317,1.2110445610509713e-05,2.4916238721713596e-07,1.3482328890402179e-05,7.676972440760068e-06,3.0314161928481747e-05,1
0.3586514382309187,0.6412975848621157,1.0024945811563367e-05,2.2019100050846738e-07,1.6523125805363205e-05,7.423771689228545e-06,1.6784872658869033e-05,1
0.39834797931751503,0.6015722129652584,9.599775053191312e-06,2.019620915518963e-07,5.056072134751341e-05,6.809181365714775e-06,1.2636077368369141e-05,1
0.7905202814036572,0.20933415025592117,7.033156586497094e-06,1.7398637648424034e-07,0.000124717593026681,5.235314066145735e-06,8.408290365736443e-06,0
0.7464417364622016,0.25328318619282325,7.505719494347425e-06,1.908642984383722e-07,0.0002569125196791279,5.819776301666227e-06,4.648465201472475e-06,0
0.760635317593232,0.23865692126167945,7.96199861026622e-06,1.9696409012595634e-07,0.0006872647076861523,5.926721921560444e-06,6.410752780586775e-06,0
0.7791530377688229,0.2201885443449022,8.155834025074292e-06,2.017591947197491e-07,0.000637422461665878,6.071008382579978e-06,6.566823006830571e-06,0
0.640938830280249,0.35713630625152776,1.0926272244594927e-05,2.853696746616764e-07,0.0018998039829014584,7.698096237494126e-06,6.149747165021548e-06,0
0.43212522046177937,0.5678219672784838,9.544366357583358e-06,1.9493865007625504e-07,2.9162798228933835e-05,6.86170303932055e-06,7.048453461039216e-06,1
0.23897577214824306,0.7609758660988883,1.189893600291886e-05,1.8559020688439987e-07,1.3937795540046925e-05,6.658517869495754e-06,1.568091324920537e-05,1
0.4305920270771765,0.5693195589931005,1.2529002854532059e-05,1.7884512094274817e-07,3.237632623100525e-05,6.4165208588358804e-06,3.691323465771257e-05,1
0.15657064423287984,0.8433329751514455,6.35868794974416e-06,8.920167480618247e-08,5.595914316827585e-06,3.3481135904827526e-06,8.098869814283673e-05,1
0.1625674887854468,0.8373416964775658,5.862380292779582e-06,1.1174420906826727e-07,7.1486716562671546e-06,3.878378172451017e-06,7.381356265671868e-05,1
0.10509220494113965,0.8948062612427281,5.04683326874801e-06,1.031311756547024e-07,6.000135393271306e-06,3.5795863993219063e-06,8.680412989522739e-05,1
0.15247251130524606,0.8473239025551217,4.819197733936294e-06,1.0743737088144475e-07,6.2506677430318e-06,3.815343434686949e-06,0.00018859349334971758,1
0.7927139463883737,0.2071618379412513,7.2583956313002535e-06,1.6992353134963432e-07,1.0702077927230504e-05,4.9568583364753816e-06,0.00010112841494890682,0
0.7570642536324473,0.24282084061486983,7.547620618896427e-06,1.591428741408174e-07,1.0180225972611619e-05,4.715153292908389e-06,9.230360992418516e-05,0
0.632357185649973,0.3674929114243952,1.0083059513088168e-05,1.819658152771367e-07,1.268520435990705e-05,6.427640575070394e-06,0.00012052505536843075,0
0.5651663382305727,0.434734773609906,8.846797797196776e-06,1.8653624757763774e-07,1.1129899396363439e-05,5.744200064675833e-06,7.298072601543968e-05,0
0.607372799796744,0.3925755769418905,8.737245039469643e-06,1.634463140257938e-07,1.0865617864206359e-05,5.559611869453022e-06,2.6297340278388694e-05,0
0.6894251651310535,0.31053527685599586,8.08798725734003e-06,1.7036451453884714e-07,1.1529149216917159e-05,5.794933846071948e-06,1.397557811570988e-05,0
0.7360633223569966,0.26389866520661237,8.648786391913889e-06,2.2695697691248967e-07,1.83810072271157e-05,5.419374218690704e-06,5.336311576312019e-06,0
0.7008935129649106,0.2990691644553448,8.410721954682373e-06,2.083186303114381e-07,1.652454934008949e-05,5.749589270382979e-06,6.429400549084064e-06,0
0.6507889290421144,0.34917353223430736,9.109950182067539e-06,1.7041845244023633e-07,1.6553790490400712e-05,5.915064142373326e-06,5.7895003110204255e-06,0
0.6366067550232841,0.36335638328850367,8.924034008758008e-06,2.1347488165547662e-07,1.62159601707793e-05,5.7943493120776355e-06,5.713869839035749e-06,0
0.5612334215904716,0.43873039267087877,9.163310560296174e-06,1.93509532449006e-07,1.0962429294378272e-05,6.20327430325019e-06,9.66321495917298e-06,0
0.4040171807622355,0.5959441567630896,8.821160240303549e-06,1.607753276131556e-07,1.866419140294229e-05,5.554446155905561e-06,5.461901548174182e-06,0
0.6084028899100263,0.3914946795346527,1.3143079559409951e-05,2.4092358898039416e-07,7.25384345046372e-05,8.323398387960262e-06,8.184719279875507e-06,0
0.21931308343506586,0.7728009285780958,8.828983861528715e-06,1.6216736177124312e-07,0.007864936962482633,5.572846013765901e-06,6.487027118586203e-06,1
0.20240843134878,0.7975113918428417,7.293119300965856e-06,3.9152907008059006e-94,5.863736918587463e-05,4.709936600041512e-06,9.536383291545504e-06,0
0.20117167203911096,0.7987942485553019,8.505065051591993e-06,1.5922780835480883e-07,1.3797693654520274e-05,5.368388776438127e-06,6.249030296161854e-06,0
0.18346804238353365,0.8164039957820736,6.494772034714905e-06,1.606678080480542e-07,0.00010640129970963684,5.1524442013172136e-06,9.752650638898187e-06,1
0.11763347118640917,0.8822468717867488,7.122817458331502e-06,1.394732965594486e-07,9.815061228622036e-05,4.989702330860923e-06,9.254421470043261e-06,1
0.18188912929664305,0.8179500489413123,9.603194928455643e-06,1.794264567670871e-07,0.00013921277149505824,6.0493891529180275e-06,5.776980011452374e-06,1
0.18087549034761952,0.8189537230455829,9.361580132576766e-06,1.749121167948148e-07,0.00014972129487570717,5.89718752249572e-06,5.6316321499685416e-06,1
0.20466431954890135,0.7951415330086438,1.0514006480727462e-05,1.9644409421214354e-07,0.00017035379547935623,6.7583008078285365e-06,6.3248955927640605e-06,1
0.04266484491453827,0.9572731618898994,8.41643702033663e-06,9.230025103098328e-08,4.6514840477767755e-05,3.1753861061837565e-06,3.7942317068763895e-06,1
0.04162470959324448,0.9583110573913646,1.2073543771204572e-05,1.0407214545715196e-07,4.484122936064907e-05,3.5087681075678664e-06,3.705402006109921e-06,1
0.04263095763240127,0.9572946024924784,1.8123793703098958e-05,1.0396175891692412e-07,4.47936674683969e-05,7.716980404666939e-06,3.7014717853403667e-06,1
0.07465399805035479,0.9249731368124994,1.954894371688387e-05,1.2909282286519754e-07,0.0003382097398095792,1.0381066744447611e-05,4.596294052267103e-06,1
0.08957368024748288,0.9096538433868753,2.1930051416022287e-05,1.2923433266623008e-07,0.0007254562487464127,2.1238687014061067e-05,3.722144132640623e-06,1
0.14451440724474873,0.8496113122806548,3.1304943114199344e-05,1.6869044574524887e-07,0.005810976741483163,2.405943432867269e-05,7.770665224623076e-06,1
0.1921181804573386,0.8022964906424898,2.7612415467240837e-05,1.754411206161685e-07,0.005523609248399953,2.6095902485810716e-05,7.83589269816113e-06,1
0.20583553189385695,0.7854793326243518,2.8112099487415845e-05,1.9213049939230873e-07,0.008620413019733708,2.8190351337592543e-05,8.227880733249234e-06,1
0.27799823890547676,0.7114158309077854,3.065596531256567e-05,2.4788643705283196e-07,0.010506893346559784,3.78401817521619e-05,1.0292806676164334e-05,1
0.3901515680640287,0.5989562185451909,3.1181333568635494e-05,2.1957283413937648e-07,0.01081194945736456,4.308193133853574e-05,5.781095674784697e-06,1
0.36961388548869994,0.6229216789698867,2.5327184840546084e-05,1.844669161717882e-07,0.007394090783571744,3.997630813256223e-05,4.8567979522670475e-06,1
0.12892788713615916,0.8649055263986851,4.5647092291010404e-05,1.429732442747267e-07,0.00608101452527314,3.306689486701133e-05,6.714979480189359e-06,1
0.10975952566730135,0.8829248530017759,2.3416439968801233e-05,1.3603468500067168e-07,0.007251554447583103,3.3059144837130865e-05,7.455263848882565e-06,1
0.07970165392582032,0.909046985399522,2.2814513936392716e-05,1.3074881393448146e-07,0.011186486943541659,3.511492742225966e-05,6.813540943483719e-06,1
0.07119303215585757,0.9176134733081482,2.34296385796172e-05,1.3149662585995744e-07,0.011128314387977907,3.47665021282726e-05,6.85251068262651e-06,1
0.07239718640018356,0.9152114048656579,2.3893934325763367e-05,1.3410244172911326e-07,0.012324376789236115,3.601560401783306e-05,6.988304137124459e-06,1
0.07253393581029187,0.9128139053086683,2.4042624666415153e-05,1.349369521731065e-07,0.014584709800848372,3.62397266908588e-05,7.031791882112815e-06,1
0.06125883910046181,0.918467509710549,2.414882939171317e-05,1.330551127749082e-07,0.02020608561811676,3.634996030690777e-05,6.933726061071333e-06,1
0.05721387285698423,0.927865659406084,2.3574591788868135e-05,1.3323535515927894e-07,0.014847454438781717,4.6545312883576235e-05,2.760158122646767e-06,1
0.04365591210041855,0.9239117678582792,2.32299430350209e-05,1.3764747811641692e-07,0.03234622857997326,5.9872309349064545e-05,2.851561466779426e-06,1
0.04168628602642004,0.933857465597209,2.1954531461415322e-05,1.4452033691049657e-07,0.024372304847803457,5.875476499560486e-05,3.0897117737732645e-06,1
0.035911468937312785,0.9406862554866885,2.175681486111514e-05,1.561876146304956e-07,0.023320777173290515,5.6558363493740095e-05,3.0270367389458716e-06,1
0.04401085266329576,0.9297188522657648,2.9860115720119206e-05,1.5429690337940762e-07,0.02618190382119985,5.538468645931807e-05,2.9921506566953802e-06,1
0.03690950688484473,0.9474279168398885,2.941995487568088e-05,1.943983953032496e-07,0.015575673326486062,5.4318447995713054e-05,2.9701475139847876e-06,1
0.022026845127264424,0.954330479115178,2.986907382077488e-05,1.5194737432732128e-07,0.023565327743876544,4.438040427878016e-05,2.946588207014596e-06,1
0.05316040992073792,0.9017886850431951,3.1644116563365186e-05,2.3162920399242778e-07,0.04494286666599763,7.206218944623352e-05,4.1004348556628605e-06,1
0.03821104021005747,0.9151041490899107,2.9444446482255442e-05,2.4203661108663173e-07,0.04657553950499467,7.530003911604942e-05,4.284672827691388e-06,1
0.00873199092110995,0.9836640874847665,2.2613519283577474e-05,1.5269075180826732e-07,0.007530251201026614,4.146743018931882e-05,9.436752872467334e-06,1
0.015374165965370128,0.9796176352284951,2.323760529158561e-05,1.5440453962577651e-07,0.004939638532804658,3.872719867758154e-05,6.441064821142342e-06,1
0.015680269299195634,0.9772948448255372,2.1626580101879313e-05,1.2001942024409758e-07,0.006959549960500937,3.9219675236906155e-05,4.369640007283765e-06,1
0.6581990798043993,0.34175551134072346,1.0093525353494458e-05,1.8497018571458122e-07,1.3026303343095002e-05,6.236296782739989e-06,1.586775921201117e-05,1
0.642910946121315,0.35702577315849293,1.1968544774720594e-05,2.1933109316923704e-07,1.2294446314028393e-05,7.3947797878992605e-06,3.140361822203509e-05,1
0.5408913073220069,0.459038273302762,1.670255513438432e-05,2.773072819941659e-07,2.1438488869786392e-05,9.349455447912548e-06,2.2651568497090973e-05,1
0.44536376728909,0.5545759474172749,1.103535814173417e-05,1.6142460655232147e-07,1.6999409965520032e-05,6.995460204576632e-06,2.5093640716767397e-05,1
0.7942268085622093,0.20563725119930265,7.066133078702853e-06,2.217944487032504e-07,0.00011687311413584152,5.4789302833425545e-06,6.300266541518026e-06,0
0.8002321651096134,0.1996369419893482,7.119561958327095e-06,2.2347149451729082e-07,0.00011190233091682756,5.299632164707716e-06,6.347904504021444e-06,0
0.760635317593232,0.23865692126167945,7.96199861026622e-06,1.9696409012595634e-07,0.0006872647076861523,5.926721921560444e-06,6.410752780586775e-06,0
0.7784710865576516,0.220864341737935,8.180865715022338e-06,2.023784291954465e-07,0.0006435118411509194,6.089641375727889e-06,6.5869777423175e-06,0
0.7804307530207255,0.21953747018614356,7.887209849397725e-06,1.6593278372325387e-07,1.2488856192014659e-05,5.59444799866925e-06,5.640346307205369e-06,0
0.7798189618012528,0.22008193026380887,9.1379972670219e-06,1.7073468608980328e-07,7.823928675843013e-05,5.756344837145435e-06,5.80357138951279e-06,0
0.6464364665853033,0.3532461571165366,9.993225065065425e-06,2.0410635249182758e-07,0.00029282583719710887,7.040718604816729e-06,7.312410940535324e-06,1
0.6260009583565671,0.37394538312226555,9.449994123794066e-06,1.9301114696391395e-07,3.0986808577509904e-05,6.657985686262542e-06,6.370721632764656e-06,1
0.24646609670416558,0.753492720146907,1.1108356440207818e-05,1.7325937120580402e-07,1.2321799001422036e-05,6.21611796548095e-06,1.1363616149085247e-05,1
0.3947490555741927,0.605165036496184,1.6888345900881e-05,2.452398030966272e-07,4.389112690919177e-05,8.798597935976393e-06,1.6084619074122343e-05,1
0.3746003364243169,0.6253402385964499,1.238068546165381e-05,1.767279658606398e-07,1.1585530980026337e-05,6.340562567806583e-06,2.8941472257872307e-05,1
0.26554239430278076,0.7343757531848442,9.951367853864484e-06,1.2527689548505165e-07,8.212618453765827e-06,4.494625342714056e-06,5.9068623829043616e-05,1
0.11667482745330848,0.8832280310422005,6.123388384328793e-06,8.590081848454756e-08,5.388840747994232e-06,3.224218585879865e-06,8.231915595433516e-05,1
0.7392327896406413,0.2606315918660299,8.954691333645413e-06,1.888112012827385e-07,1.1265637121325537e-05,5.697975506115039e-06,0.0001095113781663739,0
0.591970747900719,0.4079028347030993,9.02870871245923e-06,1.90371870398951e-07,1.1358756236135794e-05,5.8623142925772465e-06,9.997724507002113e-05,0
0.5614162990402527,0.43848395998107637,8.923093266855955e-06,1.8814495062970772e-07,1.1225884511110158e-05,5.793738491098283e-06,7.361011745119511e-05,0
0.5409904833681466,0.45893814649871306,8.293267248088385e-06,1.8129973774976534e-07,1.0817457024818301e-05,5.582946900840098e-06,4.6495162228934226e-05,0
0.5854616890074777,0.41448700347005396,8.552433101894708e-06,1.6587643050703625e-07,1.115550419030624e-05,5.642272065945046e-06,2.5791436679682334e-05,0
0.7294728980587538,0.27049906678844254,7.599168558247729e-06,1.7217924399430128e-07,1.0832354879520055e-05,4.752143062635777e-06,4.679307059101879e-06,0
0.7564531936834319,0.24351478195108622,7.166994110394473e-06,1.623871898853993e-07,1.5201296893659374e-05,4.481882600787585e-06,5.011804687139779e-06,0
0.7624984445562858,0.2374706732830595,6.806547347469575e-06,1.6858607717800385e-07,1.3372826742453382e-05,5.331077677322625e-06,5.203122810262988e-06,0
0.6837219156336144,0.3162378559356364,9.077189194945066e-06,2.0901150175476738e-07,1.673212887268869e-05,7.109507687182378e-06,7.100593492599808e-06,0
0.6011054757021277,0.3988555608720583,1.0239536331232508e-05,1.9154944872356958e-07,1.550943447880496e-05,6.515537502685317e-06,6.50736805246956e-06,0
0.5699844599639794,0.4299774250575266,1.0016565507264031e-05,1.873783674332646e-07,1.51717090903539e-05,6.373658542683971e-06,6.365666986172289e-06,0
0.6384894679978215,0.3614747035475832,9.38364814891326e-06,1.7553847867679048e-07,1.4213053348306442e-05,6.092775435758487e-06,5.963439183627887e-06,0
0.48500574208743025,0.5149564085042094,9.980817898656044e-06,1.504804587192888e-07,1.4198615523940826e-05,6.756701171345157e-06,6.76279330747397e-06,0
0.4553118542147724,0.5446532933359903,9.881249334747224e-06,2.044764930369825e-07,1.1583714088457381e-05,6.622260478782711e-06,6.560748842403112e-06,0
0.6163693359604725,0.38359604740631886,8.207623805532272e-06,1.495929526629455e-07,1.1454762216873725e-05,5.168118847616459e-06,9.636535385868523e-06,0
0.3397982645346016,0.6601628092956888,8.917697060346367e-06,1.6253481711865197e-07,1.862480523719088e-05,5.699457208337009e-06,5.521675386590423e-06,0
0.5056057554976701,0.4943559764938963,7.748432472014906e-06,1.4203521721768125e-07,1.7960701647934938e-05,4.907015137149728e-06,7.509823959416114e-06,0
0.23485490995034655,0.7538473155060377,7.532320028935973e-06,1.5578281912489688e-07,0.011278377482658067,5.477325793423699e-06,6.231632316363044e-06,1
0.24595723799835567,0.7534064514450285,6.93933779338983e-06,1.4351880963120959e-07,0.0006141972126180474,5.046123072174249e-06,9.984364322867972e-06,0
0.15279527533556175,0.8471700148150234,9.159056873983902e-06,1.4906357874152763e-07,1.452590217931487e-05,5.025700292932218e-06,5.8501264900565465e-06,1
0.13215067991750196,0.8677777350287983,9.515424425146312e-06,1.548634578398348e-07,5.0615774093224913e-05,5.221244062439288e-06,6.077747661093676e-06,1
0.13664575046792732,0.8632081519320169,8.216820981634379e-06,1.505784004822645e-07,0.00012674385099145617,5.0767727288044446e-06,5.909576953194591e-06,1
0.2451280214267907,0.7536615148870905,8.419186992991038e-06,1.774800325645886e-07,0.0011890765453440105,5.9837651771135215e-06,6.8067085719125826e-06,1
0.16201343361812925,0.8376529288280241,7.141005537682909e-06,1.502339800863012e-07,0.0003097488672983181,5.065160544932984e-06,1.1532286485393978e-05,1
0.24054609301973412,0.7591605087105968,7.982247105113926e-06,1.9746499782003157e-07,0.00026900338170304875,6.079292572698688e-06,1.0135883290337394e-05,1
0.1759734737278886,0.823909082146771,6.515460652090278e-06,1.498421672889432e-07,9.368986416346761e-05,5.168856932366009e-06,1.1920101424900282e-05,1
0.15943019817863646,0.8404331016117481,7.511352447502265e-06,1.565044050082497e-07,0.00010697863961560952,5.3986731065681865e-06,1.66550400408624e-05,1
0.1756128191888708,0.8242349784307704,9.088503375271568e-06,1.6980994034689832e-07,0.0001317515423814497,5.725166899581868e-06,5.467357762090626e-06,1
0.1684635650747628,0.8313819404598699,9.223522763982908e-06,1.7233264770542005e-07,0.00013370885174027338,5.841177036023108e-06,5.548581179459012e-06,1
0.04717779619008473,0.9527662904849175,9.93675807788787e-06,1.0041601445243521e-07,3.8915419893398605e-05,3.3855025035958423e-06,3.5752285086772598e-06,1
0.041624752668326034,0.958312049093826,1.0516839875320642e-05,1.0407225315558871e-07,4.536314814067459e-05,3.508771738595539e-06,3.705405840623007e-06,1
0.0806696020303172,0.9189435345497508,2.0034942075755362e-05,1.32302147162366e-07,0.0003506518475811054,1.0639146233252913e-05,5.405181894680179e-06,1
0.11204268417144768,0.8874398825526537,2.431860833165321e-05,1.4548240307805015e-07,0.0004632117620644421,2.390893473337511e-05,5.848488365905036e-06,1
0.39364467381339263,0.6019412794138023,2.9211080652069233e-05,2.674098511322185e-07,0.0043287529597737006,4.7036249414866366e-05,8.779073113276103e-06,1
0.3770696054100947,0.6182146836893648,2.0728539162428244e-05,2.3345411023534434e-07,0.004649299854392601,3.959877545872207e-05,5.850277416300517e-06,1
0.22346972625793401,0.7719758746730363,2.1496958771073458e-05,1.687706715186441e-07,0.004499868878942389,2.7996823771321076e-05,4.867636873593608e-06,1
0.15692615121613906,0.8382754932557762,3.700161219431405e-05,1.4869984499660673e-07,0.00472113536672701,3.313374483052855e-05,6.936104487877438e-06,1
0.12849037103403937,0.8671774570994606,3.51398771215263e-05,1.5804214664061428e-07,0.00426426341572712,2.4432838882207632e-05,8.177692622673313e-06,1
0.11445941980277964,0.8798086201341667,2.2431390910938953e-05,1.3942059501422775e-07,0.005669381626504493,3.23667993096353e-05,7.640825733482138e-06,1
0.088322203879849,0.8988946201517131,2.2005002256475653e-05,1.3506156018753417e-07,0.012720996756262112,3.3000862943529936e-05,7.038285415649681e-06,1
0.05407242211513599,0.9249858421797138,2.4363221567877656e-05,1.367362718962947e-07,0.02086894452402185,4.545853874274044e-05,2.8326845459585984e-06,1
0.049084434851057776,0.9160121572593637,2.242149104630545e-05,1.3285704977756484e-07,0.03482005312667468,5.8048093814011203e-05,2.7523209935984683e-06,1
0.03785327169784669,0.9342917365434721,2.2379833630393137e-05,1.4296825491656613e-07,0.027771807107312637,5.599472567552783e-05,4.667123807563125e-06,1
0.03758533680789105,0.9378537555138623,2.20484822793252e-05,1.4793537651877332e-07,0.02447660213052271,5.900619637946933e-05,3.1029336887461227e-06,1
0.0407128846309302,0.9325762245712391,2.9137680076131117e-05,1.527408650400535e-07,0.026624904686590914,5.378970814289543e-05,2.9059821555808274e-06,1
0.025334391741368263,0.9510153870201066,2.9444082080024402e-05,1.5199866396926796e-07,0.023573282190129358,4.4395384827506224e-05,2.9475828240968005e-06,1
0.0334162172084497,0.9431296667184152,2.9199934825424613e-05,1.507383069165307e-07,0.023377814995295978,4.4027262931463484e-05,2.923141775051602e-06,1
0.035540863903445484,0.9403900948516449,3.2028995820986014e-05,1.6300010552933424e-07,0.02399093786937241,4.275045504174022e-05,3.1609245689249823e-06,1
0.050917363651499285,0.9030048432826987,2.9039939260511993e-05,2.4331109982852357e-07,0.04597001843669186,7.426556867224731e-05,4.2258100773709296e-06,1
0.014211514344592707,0.9798896578301606,2.5426093651388263e-05,1.5210486023314348e-07,0.0058252914628928775,3.855762085113508e-05,9.400542991128567e-06,1
0.7531138856132632,0.24633125474176498,7.78814099550055e-06,1.9959993675996912e-07,0.0005318053718329202,6.0387599661543255e-06,9.027772240482793e-06,0
0.8050449796304261,0.19488324429620474,7.891629191844757e-06,1.785876863352739e-07,5.329762210992297e-05,5.373769172071761e-06,5.034465208958958e-06,0
0.7695944697760129,0.22986278014502662,8.706868120648746e-06,1.9743191037421909e-07,0.0005223392879744235,5.940798804909868e-06,5.565692149968715e-06,0
0.7791530377688229,0.2201885443449022,8.155834025074292e-06,2.017591947197491e-07,0.000637422461665878,6.071008382579978e-06,6.566823006830571e-06,0
0.7619405508412799,0.23788977353411772,7.198168124648563e-06,1.7806843540728276e-07,0.00015114550300850382,5.358144720651467e-06,5.7957403133330765e-06,0
0.24646609670416558,0.753492720146907,1.1108356440207818e-05,1.7325937120580402e-07,1.2321799001422036e-05,6.21611796548095e-06,1.1363616149085247e-05,1
0.45146573770065385,0.5484510549538868,1.631127710787658e-05,2.2654782306417875e-07,4.2285368654078394e-05,8.127975896421042e-06,1.6256175977899423e-05,1
0.17491031784784575,0.8250279683037335,1.1262250622507902e-05,1.2995823800346852e-07,2.3228914837611924e-05,4.66258034063873e-06,2.2430144381945056e-05,1
0.16497665526244243,0.8349278896345609,6.7000750680062115e-06,9.399076069102392e-08,5.896349418811162e-06,3.5278681026246646e-06,7.923681964637325e-05,1
0.04054001454406241,0.9594047326862253,3.4157317875981166e-06,6.510806667806891e-08,3.787964335542188e-06,2.312040040053688e-06,4.567192548250148e-05,1
0.06266273526291165,0.9372849105742145,3.3556868464058464e-06,6.857288742663552e-08,3.989546383577986e-06,2.435178164594037e-06,4.2505178591963355e-05,1
0.5290539966515004,0.47085203739237597,8.408730140885635e-06,1.5174971778611058e-07,1.0578779199506602e-05,5.459764010252595e-06,6.936693305505355e-05,0
0.516292602751052,0.4836125925156637,8.481483623967105e-06,1.7883353563334727e-07,1.0670308243799708e-05,5.507002635097665e-06,6.996710524584558e-05,0
0.6419345359928033,0.35802673819761255,7.758919274603424e-06,1.6944716043001723e-07,1.1600524930836345e-05,5.763730127454363e-06,1.3433188090687656e-05,0
0.7624489327601046,0.23745525344888338,6.806105373604091e-06,1.778305345669178e-07,7.829633864023251e-05,5.330731511067112e-06,5.202784952582193e-06,0
0.6988134312568606,0.3011541501250443,8.519569592727398e-06,1.5937429255183755e-07,1.2904266571425899e-05,5.421102420315479e-06,5.414305218040297e-06,0
0.6252698391083983,0.37468824760061664,9.923831311377946e-06,2.3038207954828525e-07,1.796200054600262e-05,6.902866073532472e-06,6.894210974745838e-06,0
0.6058172950056396,0.39414570124805187,9.117984890391733e-06,1.7056875650678472e-07,1.600030512634398e-05,5.920281055106442e-06,5.794606480144538e-06,0
0.5997029408888364,0.40025490473218533,1.0387137220770468e-05,1.9431059611418599e-07,1.8227422716686667e-05,6.744337969864346e-06,6.6011704749645815e-06,0
0.4442133438618211,0.55574959866558,8.574163069441035e-06,1.5627353306650343e-07,1.761915187788467e-05,5.398918714067636e-06,5.308965404494948e-06,0
0.3273980310766278,0.6724493617429883,1.1146843152016812e-05,2.0433091391147183e-07,0.00012321615099432286,7.021787285945809e-06,1.1018068038011708e-05,1
0.21750284028534692,0.7654549357402365,7.205011923974566e-06,1.7080150281117663e-07,0.01702285896236077,5.586614005485885e-06,6.402584623600072e-06,1
0.1987677710125297,0.8011921698789871,8.600702333444817e-06,1.5761326713687275e-07,1.980117234127377e-05,5.313954283851563e-06,6.185666257621536e-06,0
0.1831000935434414,0.8158339637953809,9.884643655454443e-06,1.8114229752629208e-07,0.001042822472608883,6.107238974309436e-06,6.947163641405375e-06,1
0.20535647980084118,0.7927543585732569,9.096463948723048e-06,1.6669840982355828e-07,0.0018678849902302194,5.620261194280556e-06,6.393212118987427e-06,1
0.22825963342305206,0.7696610559820196,1.0011979560835977e-05,1.9735805016591682e-07,0.00205587868534372,6.185913616641733e-06,7.0366583569406056e-06,1
0.21138976525290532,0.7883377722857017,7.045297255799398e-06,1.74286712618382e-07,0.00024929783953585234,5.3657100207028015e-06,1.0579327867974317e-05,1
0.13832992233016084,0.8615575518369786,7.80336075076019e-06,1.7659634752764683e-07,9.256510467665559e-05,5.466439025623648e-06,6.514332059995907e-06,1
0.10728655034754273,0.8926123583340002,7.282481304040856e-06,1.3528872988350265e-07,8.42953725295067e-05,4.561279255108397e-06,4.81689663841067e-06,1
0.11933333797129302,0.8802293036229628,1.2808487659992206e-05,1.8177319721643568e-07,0.0004122620316996392,6.2535753518899764e-06,5.852537835600638e-06,1
0.15698192670230016,0.8425193680481701,1.291760866999185e-05,1.8332180118886863e-07,0.0004733950686909499,6.30685224738472e-06,5.902398120174021e-06,1
0.053291867263071405,0.9466515826902084,6.553864876687592e-06,9.233948838441472e-08,4.28934303216169e-05,3.250248341256859e-06,3.7601636922650163e-06,1
0.04876895147764761,0.9511595352762037,1.511619488494605e-05,1.0315631390899289e-07,4.496390735870499e-05,7.65719300391502e-06,3.672794587084397e-06,1
0.07701368235862963,0.9226439928018344,1.8732000597741504e-05,1.3076737684150384e-07,0.0003076038655725601,1.0515726876664014e-05,5.342479112232999e-06,1
0.10765520034713758,0.8919244909816085,1.9177045298575915e-05,1.3891000064621538e-07,0.0003840105078947566,1.1397934597920215e-05,5.584273461934762e-06,1
0.3175896605925523,0.6760690846462485,2.2369881388016596e-05,2.30355382935671e-07,0.006276986185345516,3.310684613606593e-05,8.561492946566163e-06,1
0.4106222792379807,0.5856142179529586,2.6554840956993804e-05,2.655203752792452e-07,0.003681261507470398,4.6703898691407516e-05,8.717041566611728e-06,1
0.37500618607887093,0.6218840031835811,2.3509194993105163e-05,2.4697245570413934e-07,0.0030366703621852774,4.344821337425828e-05,5.935994539783419e-06,1
0.17892372623769018,0.8186816132933943,2.1696378796570896e-05,1.458310131805177e-07,0.002339688054519812,2.8605949073656122e-05,4.524255512013195e-06,1
0.3072989796379949,0.6860088687342538,3.9340602837536955e-05,2.061605260807978e-07,0.006602489003017095,4.505886131944738e-05,5.057000051172293e-06,1
0.3166372698197176,0.6780113264935098,3.0045112270264796e-05,1.9374736577140018e-07,0.0052757414958228745,3.99362247722329e-05,5.487106541412516e-06,1
0.19195446883126355,0.8048416129893763,3.1657463294476356e-05,1.4056432151570647e-07,0.0031382582566242367,2.9501033239039638e-05,4.36086188074835e-06,1
0.11580020652662627,0.8788869295018444,2.2792601167073778e-05,1.416656697416714e-07,0.0052505137345274545,3.165210504305151e-05,7.763865121954777e-06,1
0.09572689751368754,0.8929941597910143,2.0886684130217967e-05,1.2981958813303573e-07,0.01121897034580636,3.1841194960198236e-05,7.114650813358862e-06,1
0.06644365029877143,0.921202732541052,2.406745390272455e-05,1.3227860304946265e-07,0.012290203290022245,3.232087681747235e-05,6.893260831230031e-06,1
0.08159413662511317,0.9080581229914345,2.1100349770162325e-05,1.644786868382831e-07,0.010283557863631273,3.468555009246925e-05,8.232141271360173e-06,1
0.05664316727313887,0.9224665789101371,2.630399593700996e-05,1.3654784458953668e-07,0.020803357067914825,5.7627424018695476e-05,2.828781008788191e-06,1
0.049504810778813246,0.9229824527284445,2.3109015761128092e-05,1.412376727994937e-07,0.027435638824593177,5.0921477306521614e-05,2.9259374085445164e-06,1
0.041730527412356624,0.9323179537555559,2.0878118094012124e-05,1.5276757160508676e-07,0.025878234609486576,4.934855372519609e-05,2.9047832099530955e-06,1
0.042815711467485154,0.9297489770133616,3.0445803546251033e-05,1.5690906240477098e-07,0.027351480757254142,5.024276480055841e-05,2.985284490025717e-06,1
0.038704644501672575,0.9507079954402908,3.0100208944960502e-05,1.9682911650928535e-07,0.010505375687349824,4.87138378191731e-05,2.9734948062399246e-06,1
0.03755101474048143,0.9419851822586913,2.9164500809496636e-05,1.5345634409270426e-07,0.02038512928750893,4.643616161157221e-05,2.9195945530171634e-06,1
0.026496864886868372,0.9527874407800886,2.94989460675805e-05,1.552161117959107e-07,0.020638608987726667,4.4478107998638024e-05,2.9530751382040053e-06,1
0.018937888543746586,0.9748250099031318,3.237195506709269e-05,2.0498993210306094e-07,0.006155998631600533,3.925681849267008e-05,9.26915802927964e-06,1
0.6715546409081707,0.3284063382913725,1.0484358048035673e-05,2.3726117902805446e-07,1.3737685587808003e-05,7.139276149178311e-06,7.422219492628627e-06,1
0.6108094861525123,0.38913687873479,1.1766780228077173e-05,3.797918903375274e-07,1.798290150703272e-05,8.936927486158615e-06,1.456871158600947e-05,1
0.5834752659307086,0.41647347699603904,1.1342583473952699e-05,3.0079574792465804e-07,1.7059951751263518e-05,8.614747963979013e-06,1.3938994315373257e-05,1
0.5227294227533813,0.47721705118384505,1.1154594592534007e-05,2.9581044133046727e-07,1.677720476913712e-05,8.471969483470463e-06,1.6826483487011743e-05,1
0.51647279976163,0.4834724797223224,1.441090711581259e-05,2.8407054890765595e-07,1.721336129146601e-05,8.547787306833773e-06,1.426438978465312e-05,1
0.7704941004329685,0.22934787742352808,7.867280478145193e-06,1.7839390613559368e-07,0.0001388021971867308,5.367938254584849e-06,5.806333677713276e-06,0
0.2960762760059804,0.7038806220742672,1.1625907691322561e-05,1.8133172689744764e-07,1.2895885953303377e-05,6.505734133941899e-06,1.1893060247031093e-05,1
0.2922180781253654,0.7077363765730595,1.2652037936765703e-05,1.973364961049984e-07,1.2673211438834056e-05,7.079945691516223e-06,1.2942770012012703e-05,1
0.34473620017788853,0.6551832697873847,1.7098711488389337e-05,2.17683612731496e-07,4.063085528610577e-05,7.809949940795588e-06,1.4772834398731232e-05,1
0.04796164201925305,0.951975658169723,3.841464835895389e-06,7.693155549239951e-08,4.2600920386794765e-06,2.6002101644209632e-06,5.19211124294992e-05,1
0.7794378174814889,0.22042995314005598,8.648350349809142e-06,1.601617541835813e-07,1.1664889545580375e-05,5.503047131994559e-06,0.00010625292967329193,0
0.7693369116599122,0.2305344089518896,8.697586068514098e-06,1.8339009270882646e-07,1.173129865219147e-05,5.534376399386805e-06,0.00010253273698518628,0
0.58287445436523,0.4169842331924798,9.488275440117855e-06,1.7123193350133122e-07,1.1799597545556879e-05,6.069668990967554e-06,0.00011378366838022835,0
0.6621126004573834,0.33775412576761454,8.934089705508241e-06,1.612307172155105e-07,1.1239718811240428e-05,5.800878446714505e-06,0.00010713785732153398,0
0.5736117995314054,0.4262547377520435,8.955444302895297e-06,1.6161609694260686e-07,1.113696996706307e-05,5.8147439246539595e-06,0.00010739394225949946,0
0.5835514816876235,0.41639912043572436,8.365356965115253e-06,1.6224804529404377e-07,1.0911488411067093e-05,5.518852864861579e-06,2.4439930365669106e-05,0
0.8948097519463547,0.10517354635817326,4.801180764437165e-06,1.0878343702529882e-07,5.83290872839163e-06,3.002420289443016e-06,2.9564022525426655e-06,0
0.893068332234595,0.10691269968062511,5.452692149524596e-06,1.2354514903078964e-07,6.624423697557447e-06,3.4098431917171265e-06,3.357580591982978e-06,0
0.5499526217845077,0.45000672967934113,1.0016086894350926e-05,1.8736941409429574e-07,1.7576300948959417e-05,6.503416072712759e-06,6.3653628209953225e-06,0
0.4818219585053522,0.5181385804945311,1.1713156675914941e-05,1.9501918400502514e-07,1.419008277236493e-05,6.737498675984135e-06,6.6252428084217665e-06,0
0.24691828552663725,0.7508902145946783,1.0784832115952249e-05,2.1259266709823085e-07,0.002166525624758645,6.396991551344943e-06,7.579837591136699e-06,1
0.2639095530545113,0.7357552286019976,9.585336213217322e-06,2.169163014949058e-07,0.0003092453033715923,6.527091300711435e-06,9.643696303999736e-06,1
0.20271341762899783,0.7970396623926813,6.571162022496729e-06,1.625575451824942e-07,0.0002253142918770507,5.004607844296233e-06,9.867359031920106e-06,1
0.14457811080480726,0.8553149712516004,6.8659283324112045e-06,1.4023296576174656e-07,8.373718573503183e-05,4.8373842312766305e-06,1.1337212327736851e-05,1
0.19134449197940567,0.8085476078181802,9.284002945852151e-06,1.7247156763479802e-07,8.648804837483436e-05,5.814904051697802e-06,6.1407754738836044e-06,1
0.11237112011979274,0.8871019324629436,1.2917815169829131e-05,1.8332473175621147e-07,0.0005016368318185654,6.306953068209698e-06,5.90249247542835e-06,1
0.05774549593743093,0.9421905021414309,7.42715444112379e-06,1.0464354303136419e-07,4.8608895285806265e-05,3.600029782498588e-06,4.261198085681829e-06,1
0.06693917470934854,0.9330095856969048,1.0305910878402612e-05,1.0414649200467973e-07,3.364506832378024e-05,3.511274684075225e-06,3.673193368447209e-06,1
0.12802774190810826,0.8713712767453813,2.2818650712826562e-05,1.5993229517189908e-07,0.0005479129468369278,2.0787255176257846e-05,9.302561489347066e-06,1
0.27351208538227073,0.7256923149500489,2.1169570618689124e-05,2.8095019088660033e-07,0.0007329226399062182,3.666905414131278e-05,4.557452823445682e-06,1
0.4237950967795929,0.5732027617777028,2.3827464351011395e-05,2.547874371583357e-07,0.002924366983957613,4.403460245747924e-05,9.65760450102571e-06,1
0.1773875033033175,0.8207766170421867,2.386386740207648e-05,1.5085908707173102e-07,0.0017730569532020065,3.2972067021596046e-05,5.835907783100427e-06,1
0.2758995887774241,0.7197874652857122,3.0896783254990763e-05,1.987512797575579e-07,0.0042351227300316,4.096765780822009e-05,5.760014489029205e-06,1
0.1489146184599431,0.8449182541337787,4.115681800931932e-05,1.6517876770062984e-07,0.006080479589090477,3.0961761279475796e-05,1.4364059130842585e-05,1
0.09685894569576609,0.8989399226089544,3.5165070081217386e-05,1.434367026505159e-07,0.004121938835332483,2.7865234858678422e-05,1.6019118304534606e-05,1
0.08765441728381083,0.8995502894929487,2.629089955695232e-05,1.3516007643427672e-07,0.012730275672139517,3.1548072204254786e-05,7.043419263220299e-06,1
0.07771335292261841,0.9127050954725445,2.1208330462412203e-05,1.653204038078408e-07,0.009518022320863776,3.943618309712976e-05,2.7194500096251694e-06,1
0.046179263309088135,0.9318430854498228,3.0206534760611947e-05,1.5567426952632467e-07,0.021894479859888634,4.9847380319774614e-05,2.961791850582682e-06,1
0.0413213198884984,0.9483591488333601,3.1095154205548355e-05,2.0759979386179982e-07,0.010239140637526355,4.5951679332215583e-05,3.1362072836181223e-06,1
0.04103132385473403,0.9295808800406696,2.7873123593809594e-05,1.652064984556954e-07,0.029314104594411274,4.251003214490914e-05,3.1431479478157224e-06,1
0.02327078798985979,0.9702833249134771,5.084087669823969e-05,2.1390926375334884e-07,0.006304803877202796,7.607295975777346e-05,1.3955473740367504e-05,1
0.02400044905719496,0.9657081922710938,3.8174713194577896e-05,2.673047653408087e-07,0.010185821548679962,5.1736898219777135e-05,1.535820685156753e-05,1
0.5800338671148647,0.4199180372356633,1.2821470173342418e-05,2.9015006128774905e-07,1.7176569668115177e-05,8.730722070589206e-06,9.076737498732058e-06,1
0.7685371685283382,0.23104744907108568,7.602407358483355e-06,2.2184209560688768e-07,0.00039488498864097754,5.894746028523296e-06,6.778416452416394e-06,1
0.7974155460888863,0.20254179680640838,9.10610016771832e-06,2.0607118263623246e-07,1.8780851068735146e-05,6.200757685073559e-06,8.363324601281748e-06,0
0.7336753186400059,0.2662719628617757,8.80408512631377e-06,1.9963634701933013e-07,3.058975624940859e-05,6.007131114423321e-06,7.117889381363905e-06,0
0.6893880315223098,0.3105768241243151,8.765009811398145e-06,1.7902070357782386e-07,1.3138794490245582e-05,6.0357091249772365e-06,7.025819245123373e-06,0
0.5951403334256027,0.404820918912167,9.609524421716006e-06,1.9626946917809178e-07,1.507491343702122e-05,6.770382628120429e-06,7.096572274320672e-06,0
0.2421606000266267,0.7577796734059086,1.1541638643188326e-05,1.3318217397363248e-07,2.624537993039169e-05,4.778247194121025e-06,1.7028119522884523e-05,1
0.2009682857349313,0.7989675915207778,1.157909657920795e-05,1.3361441150123892e-07,2.418821242158857e-05,4.793754808179707e-06,2.3428066070598865e-05,1
0.03446619626021483,0.9654868408918915,3.550980736758743e-06,6.196926559785712e-08,4.051325930209148e-06,2.1508071788375057e-06,3.7147764782138696e-05,1
0.03755401354336619,0.9623949027810957,3.988423881620836e-06,9.64619971009683e-08,4.4230660830744414e-06,2.6996837821092647e-06,3.987603979411416e-05,1
0.044252678686729996,0.9556933749400784,3.5443971872566446e-06,6.756058811155609e-08,3.930651166778285e-06,2.3991310572290173e-06,4.400463319186037e-05,1
0.6984778123518216,0.30137315888154453,1.007509284879571e-05,1.818220433831858e-07,1.358927893633059e-05,6.41090017905758e-06,0.00011877167262610196,0
0.6776670391760142,0.32218653313286827,9.960340790931749e-06,1.7975114895507688e-07,1.2530815499331533e-05,6.3378820938301855e-06,0.00011741890158425308,0
0.5971517055826572,0.40270066166056134,9.922464869087173e-06,1.7906761406282766e-07,1.2483164901981129e-05,6.442627564158226e-06,0.00011860543183204589,0
0.5523647243487234,0.44750271484176674,8.900656253680329e-06,1.606273541875032e-07,1.1068835674891348e-05,5.693767808826796e-06,0.00010673692241828394,0
0.5164222267277795,0.48347796956447175,8.73055125003555e-06,1.575575224929898e-07,1.0857293483039786e-05,5.58495129392403e-06,7.447335419932574e-05,0
0.5066388869854076,0.49326502964811764,8.607018055346237e-06,1.81480450631074e-07,1.0703667885843513e-05,5.588511776074703e-06,7.10026883067456e-05,0
0.733229641725081,0.26670916847458764,1.0199706566886642e-05,1.9782568274746417e-07,1.3304151928600358e-05,6.729023046135399e-06,3.075909310683967e-05,0
0.8935200954334889,0.10646308395958541,4.835363844005165e-06,1.0955794501946973e-07,5.874437425801311e-06,3.0237966917669635e-06,2.9774510191673747e-06,0
0.8884494845562115,0.11153595424685539,3.917944860185916e-06,8.89495140048949e-08,4.996239701918099e-06,2.812787250631049e-06,2.7452756065496804e-06,0
0.626926440091504,0.37303974846420396,8.885602459400398e-06,1.6622161371540092e-07,1.345868257026742e-05,5.654013442150429e-06,5.646924206409572e-06,0
0.558330190786459,0.4416301449870399,1.0531501759871016e-05,1.9701120158941593e-07,1.540472394295853e-05,6.83807344498745e-06,6.692916151649859e-06,0
0.6605766001932898,0.33938538196131446,9.03900602585964e-06,1.8800472332492438e-07,1.659264807897265e-05,6.119124025992459e-06,6.079062541746847e-06,0
0.5504526464385303,0.4495025744151546,1.232943668848628e-05,2.052799897378983e-07,1.4298678912148906e-05,7.091987724805004e-06,1.0853762999916437e-05,0
0.19496869767824207,0.804989815206772,1.1667622549862781e-05,1.6647506066604138e-07,1.815985693989053e-05,5.837626062782379e-06,5.655534372612532e-06,0
0.1989814087510209,0.800977396760017,1.1609466057613473e-05,1.656452767461423e-07,1.8069340335084377e-05,5.722692556909694e-06,5.62734473590626e-06,0
0.3112300533364025,0.6772525592998279,8.479761315901454e-06,1.8826947826314245e-07,0.011496778607671402,6.014748514211314e-06,5.925976789733639e-06,1
0.37844181150195766,0.6202643818696036,9.920256847588218e-06,2.2494601200831532e-07,0.0012688724301776707,6.768708243643394e-06,8.020287157924763e-06,0
0.27378646182371097,0.7261412601914307,8.884681876150257e-06,1.8729286212764798e-07,4.970835406371111e-05,6.314606156686908e-06,7.183049899646372e-06,0
0.15574969823164517,0.8432600494440715,9.342764826585843e-06,1.7121202796235582e-07,0.0009682465477885298,5.772438487982009e-06,6.7193611521674865e-06,0
0.23834516390106802,0.7600743357408353,9.213187034827238e-06,2.0849456003638171e-07,0.0015581051821477053,6.534972030988953e-06,6.438522323202569e-06,1
0.29885087706649816,0.6988558778235198,1.3052570169821089e-05,2.572947520235056e-07,0.0022642476298537478,7.742093729598139e-06,7.945521476709698e-06,1
0.33790361130460317,0.6600583267470184,1.0567062322868182e-05,2.3961259921918403e-07,0.002011502028504979,7.210031247656695e-06,8.543213703755529e-06,1
0.3215340492982895,0.6770532305378855,1.016026058422145e-05,2.3038819805774858e-07,0.0013871827250586481,6.932465623680335e-06,8.21432436042335e-06,1
0.2691471203224061,0.7304898669203522,1.1194051403156403e-05,2.2065927571665227e-07,0.0003332766750871407,6.639718771829009e-06,1.1681652703840483e-05,1
0.2628249570494568,0.7368820449989639,9.782186387817519e-06,2.2137102388263192e-07,0.0002664915136352412,6.661135535946998e-06,9.841744996190204e-06,1
0.20554090886491927,0.7943326619395423,8.603425384710757e-06,1.7471643285519135e-07,9.515673612833679e-05,6.026903250941261e-06,1.6467414341436625e-05,1
0.08307558962727397,0.9166216303567446,1.3778752853201e-05,1.3850646848396412e-07,0.00027855279448048276,4.669765781216557e-06,5.640196397897257e-06,1
0.07434165269867066,0.9253017783606597,1.9882776316363583e-05,1.363994883636089e-07,0.00032085227138584646,1.0124915401347912e-05,5.5725780779795e-06,1
0.21168173937749116,0.7875915422365474,3.0423257472643503e-05,2.3185188902044364e-07,0.0006540972774512558,3.516979033535365e-05,6.796208813135939e-06,1
0.21950246760426081,0.7797494559945397,2.6176858803677768e-05,2.4429820770724423e-07,0.0006766094905797857,3.678483478214822e-05,8.260918826415118e-06,1
0.3305866113553021,0.6683615433577637,2.3920001982235087e-05,2.5938159247500235e-07,0.0009813793743411775,3.934579210347347e-05,6.940736914892974e-06,1
0.34346572975377915,0.6555282346805474,2.5491933777156943e-05,2.6205821616502043e-07,0.0009323010255995626,4.130621927755369e-05,6.674328802753797e-06,1
0.38933718127984984,0.6091194521395364,2.0718842867972724e-05,2.327607543411176e-07,0.0014765388624049256,3.722522251200744e-05,8.650892074379703e-06,1
0.38462555470325166,0.6137144678203047,2.0760967739913403e-05,2.300631493934072e-07,0.0015953167913955084,3.511902249686723e-05,8.550631661802785e-06,1
0.15131840132034227,0.8471928332914571,2.5241174998213424e-05,1.4821683335305684e-07,0.001427680685593829,3.0945898181334364e-05,4.7494125939034556e-06,1
0.26994566897013905,0.7272777717387005,3.5264958727437865e-05,1.9608663847516646e-07,0.0026988642974240806,3.6551157899310234e-05,5.682790471083951e-06,1
0.10683867369425602,0.8872028132087006,3.653706178033713e-05,1.4177459183673235e-07,0.005879425978123059,2.6574790023253614e-05,1.5833492524875412e-05,1
0.09540909850049285,0.8943169095208854,2.1585515066697725e-05,1.3278309621742352e-07,0.010213768491315235,3.122812581993435e-05,7.277063323721923e-06,1
0.07764384152452329,0.9069235095107502,2.1480491249777972e-05,1.2250630659342853e-07,0.015374835476952972,2.8488637968921813e-05,7.721852248050053e-06,1
0.08075144838579339,0.9060250338129245,2.1973748336675106e-05,1.7219840943819962e-07,0.013160038848392794,3.278132944779579e-05,8.551676695635863e-06,1
0.07795452406380111,0.909405446458264,2.121266092094773e-05,1.6494497618181945e-07,0.012578750484676236,3.164590835662542e-05,8.255479004796087e-06,1
0.07813966787925207,0.9115653056347677,2.2446064654660035e-05,1.6533672435290413e-07,0.01023025528986121,3.9440076264509826e-05,2.719718475618521e-06,1
0.05093314259879797,0.9209330429799119,2.2059842210391993e-05,1.409240656852526e-07,0.028057885804236925,5.080841018190492e-05,2.9194405952725616e-06,1
0.051994771126103144,0.9193551255031815,2.274381871317687e-05,1.4529348721992787e-07,0.028567253966491967,5.691277176857289e-05,3.0475202541760283e-06,1
0.04876841111195273,0.9209206949246211,3.10813362991613e-05,1.6370374401284858e-07,0.030232609317326395,4.3925048869970276e-05,3.114557186633458e-06,1
0.04825002470977734,0.9251566189782642,3.0478112399264895e-05,1.603682413146174e-07,0.026521158286481387,3.8508447492824586e-05,3.0510973435953177e-06,1
0.05050864009132419,0.9181384595667924,2.9145251452386975e-05,1.7317077487053802e-07,0.03127972532918362,4.023093626011624e-05,3.625654212439366e-06,1
0.05765896989823157,0.91321834869193,2.9147172420937425e-05,1.9514010779211975e-07,0.029047493857203902,4.204700113711857e-05,3.7982389687225583e-06,1
0.024354986365596205,0.9388413424163533,3.8604618045073675e-05,2.697934626916695e-07,0.036706281536161386,5.008590114451598e-05,8.42936923703076e-06,1
0.8025675445876886,0.1973687167076556,7.174860478171547e-06,1.5094622746215791e-07,4.57842848993353e-05,5.089174069066134e-06,5.539438981789759e-06,0
0.8340461360417056,0.1658639235035046,7.390596131958293e-06,2.126369599867184e-07,7.113769864278625e-05,5.159383040981352e-06,6.040140013994844e-06,1
0.7995052890117024,0.20034599540919862,8.112121397636435e-06,1.835774282415446e-07,0.000129720839709915,5.523912341417564e-06,5.175128221870406e-06,0
0.743862215684098,0.25579588479411924,1.3400487765827285e-05,3.0325323804320944e-07,0.0003097060134162158,9.125001478927073e-06,9.364765883502957e-06,0
0.5817920681303405,0.41741309032200336,1.1813991734931223e-05,2.6788725004817413e-07,0.0007651475168764266,8.060825891418813e-06,9.551325903273753e-06,0
0.8119534478690899,0.18794641359344139,7.313263721096304e-06,1.68189993684193e-07,8.053611629640437e-05,5.670550161636715e-06,6.45041729583578e-06,0
0.6015541142616684,0.3984086761593239,1.0571319335693972e-05,2.159136231383077e-07,1.1167479933394748e-05,7.448014453759537e-06,7.80685166178903e-06,1
0.42005212491573335,0.5798884476105315,1.9136303542247958e-05,2.398726478103834e-07,1.5712658079020227e-05,8.606037671177115e-06,1.5732601794705107e-05,1
0.08206437896787148,0.9179006930375522,1.0324598872433967e-05,1.0356935821049157e-07,6.5388302587071965e-06,3.6316221997345845e-06,1.4329373886953664e-05,1
0.04042064308470089,0.9595613972894048,4.767523547155469e-06,5.501377337927037e-08,3.5966010644120926e-06,1.9290381262118075e-06,7.61144938333555e-06,1
0.05626224963440052,0.9436873364805279,3.0528507851061215e-06,6.348427894420486e-08,3.6934929383990096e-06,2.254470180292797e-06,4.134958688898143e-05,1
0.5261363765463755,0.47371411262208624,1.0345299968993525e-05,1.9356861613729521e-07,1.333881899927687e-05,6.861438768860882e-06,0.00011877170518504764,0
0.6779566000803561,0.32189490072715715,1.0179462430184555e-05,1.9046566668323603e-07,1.327774616206367e-05,6.852715163606578e-06,0.000117998803064171,0
0.5439930171675488,0.4558777199813571,8.923819411800156e-06,1.6104537244339032e-07,1.1226798052977105e-05,5.794209974897401e-06,0.00010315697828206263,0
0.5280077580123602,0.47186546327783213,8.52085486745127e-06,1.5377319758961247e-07,1.0719840061880522e-05,5.5325662689177765e-06,0.00010185167541190004,0
0.8625413249019033,0.13740080322904935,9.776182211848096e-06,1.8288155368801416e-07,1.3186108456070161e-05,6.220699822128986e-06,2.85059970039716e-05,0
0.8972249168477212,0.10276029427225428,4.234100425890256e-06,9.593473348271647e-08,5.20383483715155e-06,2.647796375507326e-06,2.6072136523818727e-06,0
0.8941955052484721,0.10578938964553981,4.159441808783328e-06,1.2051322853023494e-07,5.293579724494147e-06,2.6011085797792524e-06,2.9304626465073515e-06,0
0.8904581241137385,0.10952675901779907,4.075170305122531e-06,8.583895950939633e-08,5.186330256022337e-06,2.919804591461299e-06,2.8497243504755447e-06,0
0.6575971013137942,0.3423715480973477,8.724805280009892e-06,1.632136053376571e-07,1.136613831090997e-05,5.551696304073644e-06,5.544735357789407e-06,0
0.6449051148264803,0.35505810460936904,9.028723184048582e-06,1.9522258546559795e-07,1.595641527029989e-05,5.8623236889381e-06,5.737879421674653e-06,0
0.676727225818666,0.3232398316580485,8.272118421923843e-06,1.637601449975151e-07,1.325938161661774e-05,5.68396055564671e-06,5.5633025462917345e-06,0
0.529820187849545,0.4701361896509332,1.0494463667985986e-05,2.583076060635095e-07,1.8868602715111425e-05,7.033227240824653e-06,6.967898291895688e-06,0
0.2625186932093677,0.7374393139174646,1.1834467376182961e-05,1.688556229840942e-07,1.841953950711336e-05,5.833603202126496e-06,5.73640745932011e-06,0
0.4083938912973293,0.5809163328368854,1.1604439102749845e-05,2.62608630005109e-07,0.01066189720839122,7.90199027267828e-06,8.109619388911137e-06,1
0.4016476878756675,0.5895235378216382,1.2081523444316549e-05,2.739536445011189e-07,0.008798407840869236,8.243365931921163e-06,9.767618804363553e-06,0
0.18426325718675185,0.8140376155429794,9.86287910145931e-06,1.8074344841723615e-07,0.0016760579890072712,6.0937917184395515e-06,6.931866993042846e-06,0
0.19863201008530965,0.8002202288506448,6.245162226402123e-06,1.8108565789668616e-07,0.0011319867499065112,4.261147840644402e-06,5.086918414013784e-06,1
0.16717624381036297,0.8325809774994612,6.319391270368455e-06,1.4300791871831663e-07,0.00022565526337660967,4.303160877104912e-06,6.357866733307331e-06,1
0.28461610127258713,0.7150895380706486,7.30456100731221e-06,1.8070038479028099e-07,0.0002578815384079039,5.5631657218589405e-06,2.3430691242431425e-05,1
0.2584980725953002,0.7412200189388646,8.95589001648467e-06,1.8660237928461738e-07,0.00024030235249880642,6.436913047989913e-06,2.602670789262123e-05,1
0.20317538274141933,0.7967787873164319,1.132745690844314e-05,1.8164920207912149e-07,2.172896552939348e-05,6.124329335222218e-06,6.467541173742647e-06,1
0.14984702817350146,0.8500006745528995,9.193236811842522e-06,1.7078537930503396e-07,0.00012561418919735024,5.788732715290866e-06,1.153032949516077e-05,1
0.0834692167050548,0.9164348297001237,7.173506176875471e-06,1.3326426790034346e-07,7.942964620574042e-05,4.516962930393342e-06,4.700215240712954e-06,1
0.15128160892923168,0.8485594615028544,1.2480011031259704e-05,1.814973670481403e-07,0.00013418031664503833,6.244085917979069e-06,5.843656952605404e-06,1
0.06428190859331243,0.935348910190009,1.2561638584787375e-05,1.3910941821136936e-07,0.00034688400134366373,4.69009431919496e-06,4.906373012852496e-06,1
0.08750255588413089,0.9124086100879202,1.448881956392714e-05,1.456441850493537e-07,6.33582940710492e-05,4.910414936002696e-06,5.930855193128781e-06,1
0.209086081341905,0.7899149331720359,3.2630875023293655e-05,2.2900890303321801e-07,0.0009206117925761323,3.473853561700949e-05,1.077527393977717e-05,1
0.38268702924123466,0.6158452647728715,2.0206711992088445e-05,2.270073457288795e-07,0.0014048044557730842,3.545444510602646e-05,7.013365676833249e-06,1
0.2186621878363099,0.7797482350040831,2.4462039454109546e-05,1.6912121625527814e-07,0.0015324066466606784,2.5296831170817627e-05,7.242521105247199e-06,1
0.26589536232423294,0.7313711954502862,3.3785681522596735e-05,1.9719029615129816e-07,0.002643145778835325,4.4885157090919714e-05,1.1428417735959515e-05,1
0.0710139552818363,0.9235200985309945,2.8225899586391657e-05,1.2854479640377557e-07,0.005394165984195207,2.66741598538422e-05,1.675159873768523e-05,1
0.07005322992745273,0.9209104254371985,2.5949467365991697e-05,1.2913882654174095e-07,0.00896691814870906,2.651886936157227e-05,1.6829011085657926e-05,1
0.04887887835917049,0.9245655773994843,2.2051223461412487e-05,1.3957137920068931e-07,0.026483452675202242,4.700935351355454e-05,2.8914177886886904e-06,1
0.057236687896081606,0.9137442193024893,2.789180855786644e-05,1.6929677816189274e-07,0.028944558395777347,4.292875547338384e-05,3.5445448422458305e-06,1
0.6158775013689146,0.38406799468627906,9.060497197249312e-06,1.9061665031913935e-07,3.116324798463388e-05,6.42666816022023e-06,7.662914814111115e-06,1
0.8369858330444288,0.16295290660606931,6.853610391519004e-06,1.987283118873893e-07,4.393043592011058e-05,4.676299199558821e-06,5.601275678850531e-06,1
0.7952117355056215,0.20475386945159593,7.467243232703648e-06,1.6898382574910892e-07,1.6910302083046107e-05,5.084785474428019e-06,4.763728166641445e-06,0
0.72014112421875,0.2794892005002948,1.4641719568708046e-05,3.31342332258547e-07,0.00033449982095166536,9.97021265593075e-06,1.0232185446451904e-05,0
0.5396871168764231,0.4585630732439054,1.0334053091761174e-05,2.6083975509038986e-07,0.0017220661700745943,7.848764175845805e-06,9.300052574172159e-06,0
0.7869465477698241,0.2130253184543684,6.374943621453931e-06,1.5770349022479404e-07,1.123296892764424e-05,4.7453560292344265e-06,5.622803739072617e-06,0
0.3970292304297803,0.6029212747856357,1.351996066385063e-05,2.108736693816553e-07,1.4367687447240942e-05,7.5656260066485025e-06,1.3830636796873982e-05,1
0.036009357022398894,0.963950693676959,6.557420153160036e-06,7.566789245925566e-08,1.1276666059683385e-05,2.714776940794437e-06,1.932476959617747e-05,1
0.05052618484978998,0.9494157130292813,5.91121707481246e-06,7.441578556886865e-08,4.865034284067214e-06,2.6425646563581353e-06,4.4608889127871166e-05,1
0.18696458092243864,0.8128706998812654,9.221324969516534e-06,1.9175819842095504e-07,1.1156424291601219e-05,6.809488522366882e-06,0.00013734020031397812,1
0.738213912550486,0.26165899120419417,8.928358265480623e-06,1.731675865477179e-07,1.1645848246513495e-05,5.890280091744946e-06,0.00010045859112971661,0
0.5747647633308195,0.42511392912511725,8.602775853602687e-06,1.668528398931993e-07,1.1221169571249762e-05,5.791305085648107e-06,9.552544071282071e-05,0
0.8296885592513723,0.17024784756606054,1.0529213093589903e-05,1.9696838785739935e-07,1.4181407584596585e-05,6.994791842792491e-06,3.1690801658300164e-05,0
0.6454133411319283,0.3545407222895816,7.840837381443865e-06,1.4667735230995055e-07,1.0097047835408923e-05,4.989217124551692e-06,2.286279879615856e-05,0
0.868750647017331,0.1312340838082803,4.218046429370983e-06,9.557098776993361e-08,5.368163826295833e-06,2.637757002436197e-06,2.9496361430846987e-06,0
0.6055284329637213,0.3944390759019548,8.441379559890653e-06,1.7262121141369035e-07,1.202128070307475e-05,5.991519833829262e-06,5.8643330159259425e-06,0
0.28440435103112693,0.7155262695699642,9.977218123368639e-06,1.828907135087083e-07,4.659772734736995e-05,6.284999475847325e-06,6.336563248566349e-06,1
0.37730414649536276,0.6107541289988038,1.1716163077277372e-05,2.6012476385019735e-07,0.011913582453471924,7.978068207348319e-06,8.187696312923771e-06,1
0.12568079483620792,0.8742815626117492,1.2244463793692814e-05,1.8734041534254174e-07,1.2638012534795188e-05,5.665250589906527e-06,6.907484709361582e-06,1
0.10064983115571344,0.8993133959583035,1.2171835546039108e-05,1.5280243339896475e-07,1.385602721324714e-05,5.1517563228876974e-06,5.440464467470744e-06,1
0.12459653555941165,0.8753466707057475,9.835932751910433e-06,1.8272492488063684e-07,3.4075814370000764e-05,6.193420975845974e-06,6.505841818230498e-06,1
0.084061445639766,0.915841469411849,6.678167439150285e-06,1.2406221905309773e-07,7.920294527305312e-05,4.205061516896959e-06,6.874711936715398e-06,1
0.07257674668084058,0.9272581483847767,1.3605444984302294e-05,1.3463487236304354e-07,0.0001420770638717622,4.539234353464077e-06,4.748556300819101e-06,1
0.07571466978857215,0.923926559626582,1.2482326189774229e-05,1.382311011787021e-07,0.0003366141509490978,4.6604817323670455e-06,4.875394873189376e-06,1
0.07325148874068706,0.9261485708261218,1.1154761302022259e-05,1.2352945394323164e-07,0.0005794192859137775,4.164813552106819e-06,5.078042969498091e-06,1
0.08749738299583594,0.9121178338838323,1.3241332066806597e-05,1.4995632802534007e-07,0.00035908395346815746,5.055799465211928e-06,7.2520790036421e-06,1
0.3057939889050869,0.6932729564374936,2.6054117127663266e-05,2.565700384715338e-07,0.0008592892119712303,4.0589255143269035e-05,6.865503138764586e-06,1
0.21298017213923714,0.7860481940398709,1.9729161827343064e-05,1.57847124321587e-07,0.0009212961775991028,2.4940990604508366e-05,5.50964373667992e-06,1
0.16384838822747758,0.83493372213227,1.9813723830563512e-05,1.5835548393762635e-07,0.001166889220261464,2.2865574701459855e-05,8.162765975089362e-06,1
0.1280076620429875,0.8699006734311835,5.223635653227082e-05,1.5357098336085158e-07,0.0020051663420801837,2.968517977299854e-05,4.423076460159656e-06,1
0.1194778926460245,0.8786848277663923,3.591803257280214e-05,1.3937257566583924e-07,0.0017561086220206136,3.172448175709129e-05,1.3389078657007751e-05,1
0.10231984962041159,0.8949356556782893,3.6266389823176344e-05,1.4459499488975955e-07,0.0026665346264123447,2.522853674032846e-05,1.632055332845256e-05,1
0.1060104331120884,0.8870978136090637,2.280700828133141e-05,1.3287896749534566e-07,0.006831630054128088,2.8180901655164094e-05,9.002435815928526e-06,1
0.09176799029036448,0.8999522950765575,2.1642858485554892e-05,1.3361980626337578e-07,0.008222333713776796,3.142490453148823e-05,4.179536477764112e-06,1
0.06815395035613785,0.9196466132134139,2.1693256197815848e-05,1.2371973545097073e-07,0.012143482566292694,2.76896443991691e-05,6.44724382306502e-06,1
0.09510721226798521,0.8988921022521681,2.249230067020669e-05,1.6519998216341162e-07,0.005934028154927614,4.128235514170482e-05,2.7174691250243636e-06,1
0.08751978516511462,0.9064425253137345,2.265066872377266e-05,1.87239173784308e-07,0.005975809585048117,3.6305425408394626e-05,2.7366027966867647e-06,1
0.0499524472252468,0.9207702762138648,2.4722753998232382e-05,1.5793544555481803e-07,0.02919997513822924,4.914887791551262e-05,3.2718552998251068e-06,1
0.06433298757417098,0.9113983987141651,2.600400308648155e-05,1.6687947440391035e-07,0.024194171733020405,4.4777162017817946e-05,3.4939340647666246e-06,1
0.07726184972148156,0.8812234144231925,3.368708322849139e-05,2.255347776955476e-07,0.04143212312354094,4.431026798486914e-05,4.389845794069001e-06,1
0.10365246105919128,0.8464041449155227,4.333193084779026e-05,2.8387020329041367e-07,0.04983848164133122,5.577128684648899e-05,5.525296057258735e-06,1
0.09125365054155771,0.8580206989798803,4.54649027365501e-05,2.9350650190846184e-07,0.050616650112507766,5.752909826642115e-05,5.712858549354457e-06,1
0.06943117388198443,0.8784916178122455,3.71937283102456e-05,2.78168628441198e-07,0.05198263394200895,5.168814715046795e-05,5.414319672032745e-06,1
0.013906790228922659,0.981448085563301,2.1052492514550462e-05,1.4125370993295788e-07,0.004577124168182449,4.3710373191303964e-05,3.0959201783133006e-06,1
0.013567543823944886,0.9803202870641966,2.2336665971378475e-05,1.297906423845611e-07,0.006044337472638746,4.2555564461063667e-05,2.8096181447659756e-06,1
0.5425794181014745,0.45737429175850897,9.585982441947145e-06,1.7910485801902672e-07,2.4109555407020972e-05,6.038546404233347e-06,6.376950905354555e-06,1
0.8131972912433478,0.18674225805444786,6.529628621598805e-06,0.0,4.323866232645694e-05,4.860499855071461e-06,5.8219114011859655e-06,1
0.8247371039069433,0.1752315518845197,6.4911905848312395e-06,1.6057921006503545e-07,1.463404718142763e-05,4.8318874970087085e-06,5.226504063611506e-06,0
0.5512090862484925,0.4470631256163312,1.15098108758916e-05,2.6098982065481506e-07,0.0016988586517226061,7.853279703878258e-06,9.30540305319804e-06,0
0.5423862716111348,0.45758079795558254,9.168671822539551e-06,1.8726528730301273e-07,9.765330964226237e-06,6.459780287355161e-06,7.349384921309434e-06,0
0.5176656675483706,0.48229884768815734,1.032491272663732e-05,2.1088089807938263e-07,1.0049679011528947e-05,7.274408877437654e-06,7.624881958263521e-06,1
0.30227210252358655,0.6976675203452904,1.4359906519393667e-05,1.6570294976612363e-07,2.9656234859015782e-05,5.945012242661789e-06,1.0250274552092709e-05,1
0.16053653402441817,0.8393177104300577,8.011196087718511e-06,1.6659347046723235e-07,9.69234930265009e-06,5.915868705428542e-06,0.00012196953795825152,1
0.8840006967486367,0.11585952313036257,9.633273056668055e-06,1.8020817385842254e-07,1.1979916248481896e-05,6.254856161930859e-06,0.00011173186735985147,0
0.8701360339276051,0.12973072110431164,9.116198082332189e-06,1.7917234663156894e-07,1.2295922274747273e-05,5.919120885833164e-06,0.00010573455449352475,0
0.8814791343979023,0.11838010043710538,8.160842368711668e-06,2.0654001513924957e-07,1.3117840809831919e-05,6.314783371230008e-06,0.00011296515842741447,0
0.8689406059618158,0.13092908430798586,1.1270799152238154e-05,2.108411254619212e-07,1.5202046850955849e-05,7.171742175243821e-06,9.645430089452518e-05,0
0.6428269012584593,0.3571384406274155,7.323522152752425e-06,1.5426190182679536e-07,1.043943035590905e-05,5.247204903411301e-06,1.149369481133276e-05,0
0.6999476534765106,0.30002355152738375,6.8215820585950686e-06,1.5707385621138433e-07,1.1135232978447858e-05,5.46649143160689e-06,5.214615780841067e-06,0
0.6975860870062894,0.30237385353655133,7.841792973562297e-06,1.819637889493088e-07,1.1167415690974181e-05,5.580856683807469e-06,1.5287428021804754e-05,0
0.6625009169104271,0.3374573482915711,8.893481979312197e-06,1.6636901469592232e-07,1.1585879913452141e-05,5.659027273424387e-06,1.5430039820852365e-05,0
0.673797827901603,0.3261554168540456,9.13148273633522e-06,1.8673341256198703e-07,1.3004049448309462e-05,6.631324778425984e-06,1.7801653975654837e-05,0
0.7027404464538277,0.2972132959320362,8.426834556305305e-06,1.6917124996164863e-07,1.5252456652289928e-05,5.981196085578585e-06,1.6427955591978997e-05,0
0.6989268767709659,0.30103036855423354,8.1385563464956e-06,1.6111606476042255e-07,1.3026566765443044e-05,5.592187018356382e-06,1.5836248605466073e-05,0
0.6584150937416581,0.3415400814205421,1.003784567146429e-05,1.7431573848177192e-07,1.7512779319528612e-05,6.727208921700441e-06,1.0372688148630849e-05,0
0.6072306074569583,0.3927253616393521,9.867364819829823e-06,1.3871755770421223e-07,1.7215345624032856e-05,6.612955291625736e-06,1.0196520396386521e-05,0
0.2912484796842395,0.7086446037359845,1.1239229524546467e-05,2.060244330248663e-07,8.125327037802377e-05,7.07998470087095e-06,7.138070739441488e-06,1
0.27162859281761936,0.7272407995968615,1.0087982840862505e-05,2.082210291536089e-07,0.0011059417358120205,7.15547024769254e-06,7.214175589350507e-06,1
0.25811190304991716,0.7394824754737612,1.0638697214078298e-05,2.0971202804780293e-07,0.0023809856245248337,6.310312062726705e-06,7.477130491879879e-06,0
0.30990414982388736,0.6873204408984149,1.3643309571400716e-05,2.689395197483611e-07,0.0027438156957152785,8.092489073755776e-06,9.58884381740673e-06,0
0.3573416792260498,0.6423091639761077,9.8652157631849e-06,2.232499798857912e-07,0.0003164189389717222,6.717674013221969e-06,1.5931719114474752e-05,1
0.17567761381372984,0.8242498432162715,9.789614799161928e-06,1.5876642010207742e-07,4.962891454039755e-05,5.4767020927366925e-06,7.488972146278407e-06,1
0.07106835856912688,0.9287635267167321,1.3725290435932946e-05,1.3869950899002916e-07,0.00014468253446378796,4.676274170026685e-06,4.8919155622559675e-06,1
0.09897043227720584,0.9004340857933971,1.8913481239902793e-05,1.26871947893355e-07,0.0005616028311499283,8.854227153727482e-06,5.984517905653708e-06,1
0.31377921457321106,0.6852638368781948,2.7186943717299768e-05,2.62056967955765e-07,0.0008776657119738594,4.339802752540188e-05,8.435808409405962e-06,1
0.34271768709973915,0.6559675985982991,2.453510880279993e-05,3.166912438493608e-07,0.0012413932747859537,4.133390452644024e-05,7.135322602635259e-06,1
0.3838583308362784,0.6143354880548281,1.7482318350920576e-05,2.679546511597608e-07,0.0017506807063221723,3.1712883778423054e-05,6.0372457907643726e-06,1
0.20705713187688737,0.7923702471827185,1.9355601399317685e-05,1.5485837903984747e-07,0.0005232364116704019,2.4468747170796727e-05,5.405321774573603e-06,1
0.20224746789998374,0.7969098022796274,2.6222438601804697e-05,1.4756760364014023e-07,0.0007857382950783069,2.5080956007016613e-05,5.540563098124292e-06,1
0.11031870621418705,0.8884164806857084,3.390004546051663e-05,1.3171720425393943e-07,0.0011900778484051138,2.9981938867714953e-05,1.0721550166953735e-05,1
0.09100620509785776,0.9078010721142767,2.800871955154938e-05,1.2972280470029543e-07,0.0011204015285313938,2.6475603315727407e-05,1.7707213662349222e-05,1
0.07137511065762797,0.9267151647382774,2.4589761295428103e-05,1.4681988516246795e-07,0.0018439027328892592,2.3924027126182038e-05,1.7161262898607954e-05,1
0.09292195663561943,0.89669105324578,2.2006808311485104e-05,1.3568625039406296e-07,0.010327690062521112,3.1910893931880726e-05,5.2466675858952695e-06,1
0.06255978429551039,0.9244650529749022,2.3046212632186614e-05,1.2420038609647894e-07,0.012917722806681551,2.7797218549775233e-05,6.4722913378694235e-06,1
0.0654534353077085,0.9185204615129074,2.6502394477514166e-05,1.377665978764468e-07,0.01596294717883122,3.366181027676775e-05,2.854029200458832e-06,1
0.0807290120642869,0.9064287392463445,2.6295733198809105e-05,1.7479501952616944e-07,0.012776268658868179,3.6656496646096335e-05,2.8530056363696432e-06,1
0.06148335087427774,0.9096039020840156,2.442293597869374e-05,1.5602012930386217e-07,0.028845860919516093,3.907498925773855e-05,3.2321768248347924e-06,1
0.06906837089469813,0.9055084861341725,2.5701532857121244e-05,1.6906381961379207e-07,0.02534836944070479,4.5363266328818976e-05,3.5396674191247792e-06,1
0.09947687147722112,0.8581634129533061,3.281863362054548e-05,2.1963294596928323e-07,0.042277801757386366,4.4600573943696565e-05,4.274971576240749e-06,1
0.10655361849923985,0.8298347116232403,4.4509609793152886e-05,2.9158525210292177e-07,0.06350701205062716,5.4181168818568196e-05,5.675463028963404e-06,1
0.026660315865211382,0.9472336450684675,2.4515901734733214e-05,1.946225985571617e-07,0.026047443155860148,3.070063396991353e-05,3.1847521576637816e-06,1
0.011020488923340926,0.9843839475350913,1.845436450672273e-05,9.364577104971704e-08,0.004544731644769772,2.9603488102011863e-05,2.6803984180920756e-06,1
0.6724226444324231,0.3275436778347887,7.963602283674907e-06,1.4879224586268605e-07,1.0387204034828531e-05,5.13263953281329e-06,1.004549469107379e-05,1
0.5700075233051128,0.4299535757758209,9.905429728729471e-06,1.850734231911626e-07,1.2315087006493759e-05,6.239777449316473e-06,1.0255551458712176e-05,1
0.7402953948676713,0.2595370888809062,8.622481695991146e-06,2.301680228382779e-07,0.00014645633272276318,6.115980985517129e-06,6.091287995498212e-06,1
0.8162368408632311,0.18372960639632208,6.424288262652996e-06,1.589241790030907e-07,1.474060467994064e-05,4.782087003581615e-06,7.446836321523303e-06,0
0.5912895621862865,0.4068607726123141,1.0490218961919515e-05,2.3739381159667626e-07,0.001824463361151804,7.143267111954627e-06,7.330960362172673e-06,0
0.3512544347449208,0.648677303222314,1.578219518328797e-05,2.100688597525512e-07,3.759650296014791e-05,7.53675142653518e-06,7.136514335497829e-06,1
0.06604665629635731,0.933910241912984,1.074497447169616e-05,1.2398924482670852e-07,2.0114506886485653e-05,4.448427619988385e-06,7.669892435676068e-06,1
0.8974265741775671,0.10240983327257354,1.0550060966813572e-05,1.9735838585085064e-07,1.4209486813768688e-05,6.85012388404615e-06,0.0001317855198090386,0
0.8739925897980412,0.12585724382384803,1.027457328791803e-05,1.9220487974319418e-07,1.38583380279199e-05,6.671250535835277e-06,0.00011917001137947582,0
0.8731118776167548,0.1267343261225613,9.415124032106463e-06,1.9201119711834306e-07,1.3844373141654224e-05,6.664527994157113e-06,0.00012368022431896584,0
0.8727864930210006,0.12709569765092682,1.0178178149460041e-05,1.9040163054967943e-07,1.372832032542613e-05,6.608661452953754e-06,8.710376651429801e-05,0
0.8700153518289889,0.12986456586433595,9.822475922139346e-06,2.2792426957478035e-07,1.4482663676221992e-05,6.971793992588885e-06,8.857744881452552e-05,0
0.5366923851511144,0.4632554793618365,8.788134037760208e-06,1.643982867766419e-07,1.092890330560347e-05,5.591993138107241e-06,2.6662058280894447e-05,0
0.5819464251321702,0.4180022270466792,8.83102823605391e-06,1.6520070201995094e-07,1.0982246432086177e-05,5.619287221412338e-06,2.575005855904079e-05,0
0.6392172644294525,0.3607377895289794,9.480054027004598e-06,1.773419287749928e-07,1.23500298067066e-05,6.03226997222799e-06,1.6906345833419997e-05,0
0.6562692717471729,0.3436853146372714,9.57867509597096e-06,1.791868181119655e-07,1.2478507253969488e-05,6.095023719333246e-06,1.7082222668473612e-05,0
0.6512160359946815,0.34874914574693733,9.045979487110386e-06,1.84984921766581e-07,1.2882285161718133e-05,6.420652587518126e-06,6.284356222969962e-06,0
0.6797779322096116,0.3201834325179214,8.66276041897299e-06,1.6804645170730368e-07,1.5113702330242179e-05,5.805648052822415e-06,8.885115213308324e-06,0
0.5001083320927393,0.49984473908784954,1.0469845495695384e-05,1.908244260135583e-07,1.9586116399960388e-05,6.5925786951229e-06,1.0089454394413765e-05,0
0.3812340609236145,0.6187247368487987,8.725818358760913e-06,1.5995151412429487e-07,2.127796357894783e-05,5.496698892720501e-06,5.541795242131245e-06,0
0.3761539850857356,0.6238022919830691,9.252783775733873e-06,1.6961122887773543e-07,2.2595410637981277e-05,5.828652883152704e-06,5.87647266956318e-06,0
0.3201282908178411,0.6772460579551528,9.300845177773849e-06,2.3476076199359932e-07,0.002600681358424549,7.064037680878471e-06,8.370224961055526e-06,0
0.2610887258514769,0.7377583090897094,8.563315618316583e-06,1.937879601862518e-07,0.0011321495734386894,6.0740141111526995e-06,5.9843676852257015e-06,1
0.29134368917112985,0.7083760066828926,7.951376856899557e-06,1.9670132896637643e-07,0.00025623441481008834,6.0557817406966625e-06,9.865871240967564e-06,1
0.324936564365666,0.6748432964500206,8.759937731497333e-06,1.9823752154065373e-07,0.00019612630533778682,5.965039941237351e-06,9.089663781363009e-06,1
0.160345489076326,0.8394381833717589,8.038747251433152e-06,1.6749305326707193e-07,0.0001944429760747086,5.777730295593082e-06,7.900605240111568e-06,1
0.12735035158952215,0.8726171948176401,1.1217902092996925e-05,1.6314245945640426e-07,9.763559858489715e-06,5.500371809142109e-06,5.808616617321274e-06,1
0.08709220993167198,0.9128054100265571,8.33067023882723e-06,1.5476123434245737e-07,8.31666059885619e-05,5.21779758231953e-06,5.510206726771648e-06,1
0.06700089268164885,0.9327249849118939,1.0533914117808921e-05,1.3675982309593313e-07,0.0002539715808640845,4.6108773772725114e-06,4.869274275157255e-06,1
0.14244553550842295,0.8569624952452299,1.8239256871003905e-05,1.3810348841952157e-07,0.0005562426145065474,9.638061663689974e-06,7.711209817445798e-06,1
0.15312676996375493,0.8464422246075685,1.9876397575177116e-05,1.4769681933294574e-07,0.00038148981446304463,2.483455180169237e-05,4.656968017503143e-06,1
0.14446540218949613,0.8548221684717502,2.2968851925883694e-05,1.5483754089713378e-07,0.0006611376760186737,2.156640520963326e-05,6.601568058701758e-06,1
0.11953783838987242,0.8793759838320702,1.967992494613357e-05,1.4209074432412176e-07,0.001040594880182411,1.991982256480932e-05,5.8410596194932154e-06,1
0.0829130924925551,0.9133358968925454,1.8837092562027642e-05,1.419639011587983e-07,0.0036898189446041775,3.259468157092742e-05,9.617932261594886e-06,1
0.08568792008805254,0.9044219542597615,2.2322663492207374e-05,1.3023010011714374e-07,0.009832971541409892,3.062770840455194e-05,4.073508779601215e-06,1
0.06025993981936562,0.9285420452376154,2.3521580844455362e-05,1.24916434792809e-07,0.011139901362892203,2.7957477005724857e-05,6.509605841635537e-06,1
0.06170038645173866,0.9076264623768072,2.2995307550643335e-05,1.4554688068004965e-07,0.030607043252554308,3.9951855746920215e-05,3.0152087218492383e-06,1
0.06329106779313122,0.9051929907239753,2.430450266337139e-05,1.5526354618107145e-07,0.03144937970930742,3.888550423726368e-05,3.216503139352948e-06,1
0.0652217077183792,0.9039166063902256,2.3799953028554586e-05,1.5204035060241505e-07,0.03079650590780154,3.807826011322954e-05,3.1497301011704623e-06,1
0.06179910963697444,0.9027344324538391,2.0176466694908143e-05,1.5662849222935556e-07,0.035404603575270636,3.7950489671144637e-05,3.5707490574544268e-06,1
0.07319740949408614,0.8981363901384878,2.108730979278557e-05,1.919173352514118e-07,0.028602657667135566,3.852796276557313e-05,3.735510396980219e-06,1
0.0866105861418456,0.8824164860227125,2.2444265682101814e-05,2.1461251347563817e-07,0.03090899025258516,3.730281638372122e-05,3.975888277449285e-06,1
0.17268455361588078,0.7882968828944742,3.777536727942243e-05,2.73155575817321e-07,0.03892531514152389,4.988308047007217e-05,5.316744795992653e-06,1
0.08425853491645821,0.874557775161955,4.3937973300580115e-05,2.3442441564429787e-07,0.04107554668465571,5.798149761880876e-05,5.989341596040315e-06,1
0.06587042440348018,0.8987964869933567,3.80128850558369e-05,2.2957568931724163e-07,0.03523170882148671,5.7226018419918e-05,5.911302511561893e-06,1
0.010804717133152198,0.9843949265035632,1.9120004224039687e-05,1.7105026050816638e-07,0.004748424269392801,3.0250354748471606e-05,2.3906846585731917e-06,1
0.6125287260503374,0.3874323456286655,7.842328781759276e-06,1.8528814071180074e-07,1.04470546999174e-05,5.785677040382397e-06,1.4667972334341695e-05,1
0.7389845198750833,0.26098422746380046,7.742252993356558e-06,1.4465654736175832e-07,8.60949543138915e-06,4.989977195145184e-06,9.766278949056619e-06,1
0.41288180738537167,0.5870561216207508,8.848251828822864e-06,1.417714499431935e-07,3.9375631129755745e-05,6.2761211734793075e-06,7.429218295334912e-06,1
0.766425004319659,0.2333821027622856,1.3574386070636805e-05,3.071885592751867e-07,0.00016028163411054182,9.243416742333852e-06,9.486292572720352e-06,0
0.716208792532731,0.28375490881305304,7.611466315339933e-06,1.8829261479551652e-07,1.5988553151091934e-05,5.79690531110561e-06,6.713436823768768e-06,0
0.2784813968982996,0.7214792514369952,1.1029914527552038e-05,2.985878708752733e-07,1.11395106411036e-05,5.657597050440821e-06,1.1226054615291333e-05,1
0.369397225778702,0.6305318486734843,1.5027610502371337e-05,2.184777443578558e-07,3.910146021715057e-05,7.838441420565004e-06,8.739557929395118e-06,1
0.07903725732937555,0.9209101467959437,1.3111783109783358e-05,1.513005070785432e-07,2.454515386244665e-05,5.4282881998927865e-06,9.359349001419977e-06,1
0.05040570443372763,0.9495640708392478,7.832203535502667e-06,9.037797197695501e-08,1.3468885890859506e-05,3.2425382325920854e-06,5.590721393509696e-06,1
0.03557011859203738,0.964384767652721,4.552505549341712e-06,5.731108712018412e-08,3.7467911084379103e-06,2.056096278742693e-06,3.470105121801581e-05,1
0.6355091425194166,0.36409360791917655,1.1074523020528494e-05,2.2646743533674174e-07,1.6328733564964493e-05,7.881529903615878e-06,0.0003617383074824695,0
0.8765916646971204,0.1232623838359677,8.958192117014362e-06,1.8269256852468643e-07,1.317248226573016e-05,6.341087163301292e-06,0.00011729701279731618,0
0.71014257766625,0.28981999478260007,6.656134171044878e-06,1.5326425053980965e-07,1.0673268727503013e-05,5.3339093631216145e-06,1.4610974637664643e-05,0
0.6331518613190922,0.36679704701362026,8.698498958725887e-06,1.6272149698656637e-07,1.1331868057698666e-05,5.534957282174691e-06,2.53636214918314e-05,0
0.639708533780511,0.3602471986014981,9.336960398725044e-06,1.7466509803518675e-07,1.2163616251533996e-05,5.941217812121193e-06,1.665115843054637e-05,0
0.6730886379988293,0.326872774021614,1.0029890565177728e-05,1.9456702470948655e-07,1.5031762499856668e-05,6.7218775325024415e-06,6.609881934381031e-06,0
0.5875940894723833,0.41236396892578503,1.0851512575826229e-05,1.8067316832783631e-07,1.8529665583210628e-05,6.241874298701248e-06,6.137876205593851e-06,0
0.5127287133909956,0.48722224173251605,1.2246849638332391e-05,1.9268012184791872e-07,1.9761087135505408e-05,6.656689045552377e-06,1.018757054695156e-05,0
0.7036921428015314,0.2962735136755855,7.318481523224362e-06,1.3338735863239838e-07,1.36908067118818e-05,4.60824998711741e-06,8.592597302259389e-06,0
0.45992074931197263,0.5400407737345906,8.87734589271372e-06,1.6179937279851925e-07,1.8242165945467073e-05,5.589824742457118e-06,5.605817483277334e-06,0
0.3600844299457376,0.6398693972005515,9.749579110313902e-06,1.7871790090651754e-07,2.3910966037801856e-05,6.141601680987012e-06,6.191988980846968e-06,0
0.29303605803095184,0.7060212059393389,1.0621629914538415e-05,1.9470331806672844e-07,0.0009184829281769113,6.690937054804899e-06,6.745831245154015e-06,0
0.3856273535360495,0.612287777322128,1.3061480111682657e-05,4.215804260867547e-07,0.0020512085711499903,9.920258418822e-06,1.0257251715902572e-05,0
0.3246164800054229,0.6730737273965022,1.0130319555691935e-05,2.297092725957754e-07,0.0022843304149751872,6.912036506799137e-06,8.190117764737403e-06,1
0.32481827176446515,0.6733682766229239,1.0138721382443442e-05,2.2943941612964768e-07,0.0017890942147794453,6.903916426471543e-06,7.085320606520976e-06,1
0.3118787211927674,0.6849608380041161,1.0060313188733611e-05,2.281218486707291e-07,0.003135154578427737,6.8642703369893765e-06,8.133519314262269e-06,0
0.3249582859428149,0.6725898953566813,9.318541641465503e-06,2.3052228034120678e-07,0.002427114031405995,6.936500208909329e-06,8.219104967141042e-06,0
0.2274079841165071,0.7716335789220855,6.763973946058917e-06,1.5555746088931646e-07,0.0009401854872567064,5.3660079445362404e-06,5.965934799312905e-06,1
0.30452125931825197,0.6952254926962189,9.868921166964262e-06,2.0762444423927305e-07,0.0002259309619000389,7.000088412223975e-06,1.0240389605731654e-05,1
0.3101116112952708,0.6896449519009668,8.566820402003367e-06,1.970192138908084e-07,0.00021665739401412738,6.796245329027292e-06,1.1219324803318194e-05,1
0.09698056549038306,0.9026123495021133,2.158063568672768e-05,1.3932272867432568e-07,0.00036615396118275397,1.1431800029129239e-05,7.779287876372959e-06,1
0.2991907105636763,0.6998639775318974,2.61854433306382e-05,2.5900927761977307e-07,0.0008859223272316651,2.3318667955666282e-05,9.626456630519222e-06,1
0.34457012529787867,0.6543773407521772,2.3458180887464487e-05,3.1839260121175945e-07,0.0009823989028158178,4.123369901914921e-05,5.124774620357942e-06,1
0.21926083689607415,0.7783294747697241,3.234810503819382e-05,1.8879987393915618e-07,0.0023200599820123024,4.306243377381813e-05,1.402901350368477e-05,1
0.06107542763385404,0.9300452226636683,2.477131347537017e-05,1.2660690827665645e-07,0.008819518261906412,2.8335820925256672e-05,6.597699262519949e-06,1
0.06535362826502335,0.9222390041667087,2.1779844993505833e-05,1.2571363450776105e-07,0.012353518310550425,2.933936400866555e-05,2.604335080573979e-06,1
0.10380893539719682,0.8890575298949562,2.3674091896770616e-05,1.7387992524312698e-07,0.007062906792265074,4.3919693279784686e-05,2.8602504801867584e-06,1
0.09407732709249872,0.8986653872412541,2.3264135495524956e-05,2.0960720430480785e-07,0.007197068125371116,3.368027439615361e-05,3.063523780376262e-06,1
0.15650108523496542,0.8017158227267841,3.989267329426038e-05,2.822674685101492e-07,0.041685875922716054,5.154707460627456e-05,5.494100165405418e-06,1
0.13010072677179338,0.8173444963053154,4.5394029026014054e-05,2.972606199549659e-07,0.052454665757415954,4.863394651247197e-05,5.785929316910897e-06,1
0.01575482727147438,0.9745373219612012,1.8992738810683093e-05,1.7785286130347152e-07,0.009654728397399176,3.146601701726076e-05,2.485761236132437e-06,1
0.008999750042277821,0.9861374257066068,1.73329693570998e-05,1.3964990085621255e-07,0.004816246593201751,2.6511756916815064e-05,2.5932817386691525e-06,1
0.5893880662241966,0.41057744810160113,9.043124350704519e-06,1.9529554945838814e-07,1.0056082880484727e-05,5.82840477075579e-06,9.3627666508194e-06,1
0.7766327710949835,0.223341337527863,6.485697964517148e-06,1.204866587904145e-07,7.088483610198785e-06,4.062225269845314e-06,8.134483650050595e-06,1
0.7499582025572215,0.2500139452281616,6.936149952144031e-06,1.295952876922957e-07,7.66770571295123e-06,4.369324021444267e-06,8.749439642859865e-06,1
0.7700705571464778,0.22990223654623498,7.0352089605623e-06,1.3144610994715642e-07,6.7335322051676946e-06,4.4317247636439945e-06,8.87439524809001e-06,1
0.6534861114935887,0.3464808599990625,6.770055527254784e-06,1.2649197318408578e-07,1.2366007119630225e-05,4.264695320291082e-06,9.501257408633452e-06,1
0.5249558883379266,0.47499375083110557,9.111735313688198e-06,1.459931240555603e-07,2.711214504424026e-05,6.463011681369093e-06,7.527945804460593e-06,1
0.8146343733091311,0.18533364007377565,7.084027644869582e-06,2.049981950332355e-07,1.4869296112946007e-05,4.823836554743835e-06,5.004458585633612e-06,0
0.7198688730443202,0.2800571997832337,1.2841520840782686e-05,2.906038081910293e-07,4.3076533585214504e-05,8.744375481811482e-06,8.974138730138211e-06,0
0.7291106761861107,0.2705802559646744,1.2764463997235926e-05,2.8886001067206627e-07,0.0002784023327301489,8.691903973041574e-06,8.920288503777249e-06,0
0.7345084561035712,0.2651170555569346,1.322270402478254e-05,3.271035320061469e-07,0.00033943322678676134,9.842665597170189e-06,1.1662639553546535e-05,0
0.7228977018981325,0.27696754246699506,9.214209284698072e-06,2.0893608545092567e-07,0.00011159606101725775,6.2869636645702484e-06,7.44946482050629e-06,0
0.7210556489182898,0.27890897536284753,8.652649411259454e-06,1.962024782495535e-07,1.3627604956239171e-05,5.9038047400543574e-06,6.995457277098725e-06,0
0.6808830826165139,0.3190795524948088,1.0001411682751172e-05,2.108340000791362e-07,1.1958445064380044e-05,7.1082990553653955e-06,8.085898874663648e-06,0
0.5436794626369011,0.4562868645119969,9.72880713593934e-06,1.821381293106375e-07,1.0330823361851813e-05,6.282917214618625e-06,7.148165260255213e-06,0
0.29527598933909305,0.7046915192564364,8.645803230022946e-06,1.6186264201774648e-07,1.1633851145786057e-05,5.697450876217547e-06,6.3524365764791395e-06,1
0.26367124489065363,0.736295274344163,7.700929216115409e-06,2.729902098722502e-07,1.0362422299111682e-05,5.074793485663171e-06,1.0069629972488148e-05,1
0.2581463535365511,0.7418195018135288,7.856902737300908e-06,2.7325415129959154e-07,1.05633365821367e-05,5.177577628593833e-06,1.0273578820707306e-05,1
0.2679501069462982,0.7320072370034806,1.1910183289860567e-05,1.7315527173443534e-07,1.2033442795383547e-05,6.212383133767845e-06,1.2326885730640469e-05,1
0.06429407446802891,0.9356655089271707,9.209492921199683e-06,1.3389149524376114e-07,2.1720927544050663e-05,4.8036958879484265e-06,4.548596952132198e-06,1
0.05834373231922845,0.9416194689671284,9.535735917921065e-06,1.1003550529081113e-07,1.6398416918260835e-05,3.94780193716917e-06,6.8067233643154554e-06,1
0.03751929833186945,0.9624604890852357,5.2908155122788566e-06,6.66056055230688e-08,3.594513305156197e-06,2.3896447035548447e-06,8.871003768484399e-06,1
0.03394961591893859,0.9660111978305006,4.787433734794995e-06,6.026857713476462e-08,3.252522076669841e-06,2.162199382329709e-06,2.892382679000012e-05,1
0.7040047717184671,0.2958718304092845,7.789677653316046e-06,1.592942934857187e-07,1.14854220558463e-05,5.52895505146368e-06,9.843452319424074e-05,0
0.8927026599323362,0.10714897137612106,9.354027280640751e-06,1.9076519543541582e-07,1.3754534046369889e-05,6.6212804480699055e-06,0.0001184480845718808,0
0.5166311879351648,0.4833125849369069,9.670193267039583e-06,1.8089883461830998e-07,1.2025830137305079e-05,6.153257808894116e-06,2.819694788053117e-05,0
0.6736139526081002,0.3263484955413353,7.354885763355687e-06,1.5040305690225467e-07,1.047401620470342e-05,5.234333973040062e-06,1.4338211566534075e-05,0
0.6339201791110474,0.36602780899588727,8.230098233357793e-06,1.683006334469692e-07,1.1720397166734582e-05,5.7247311138541185e-06,2.6168365918109182e-05,0
0.6227932128982159,0.37715351514586715,9.193504519793457e-06,1.7198149072753114e-07,1.1976730778549809e-05,5.849935147660258e-06,2.6079803980230696e-05,0
0.6112488465459367,0.3886937647664013,9.749031224744105e-06,1.8237364430190194e-07,1.2700436713665644e-05,6.330017603595084e-06,2.8426828475780372e-05,0
0.36894827385881523,0.6309879151626366,9.548403297990856e-06,1.9456870092843633e-07,1.5575930277492317e-05,6.90957354589442e-06,3.158250272574683e-05,0
0.6157186459361964,0.3842136710014091,1.059802309678159e-05,2.055880678202269e-07,1.6075367315088614e-05,7.209165493635055e-06,3.35949184213655e-05,0
0.5592239501293642,0.4407236006284882,1.0466416647394584e-05,1.984446122026314e-07,2.195712441158581e-05,6.855839946171463e-06,1.2971416530295244e-05,0
0.5489121669447518,0.4510392258573159,1.3111114313773949e-05,2.0627762878976165e-07,2.1155634309995377e-05,7.126454035518653e-06,7.007717644036744e-06,0
0.7059511416688248,0.2940147766372563,7.262686710263346e-06,1.3237043692498661e-07,1.3586430415056998e-05,4.573117501602089e-06,8.527088855212347e-06,0
0.4884184630133985,0.5115371373322768,9.619910262336107e-06,1.7533342348432645e-07,1.909256719724623e-05,6.057397453529372e-06,9.45444598816219e-06,0
0.3782370389216774,0.6204136101176262,1.10865556176404e-05,2.4505414706624157e-07,0.0013223497941311977,7.863764255236573e-06,7.805792545228671e-06,1
0.3676357885682195,0.630734660471267,1.2117669503884216e-05,3.506621516510583e-07,0.0015999557125161731,8.595139878231729e-06,8.531776463418474e-06,1
0.23383442563090406,0.7657150495231491,8.745538530765062e-06,1.7862301293816675e-07,0.00042842881079406536,6.161662070231379e-06,7.010211538897967e-06,1
0.21918835729722458,0.7806103239455809,8.190036245733875e-06,1.8835395481086235e-07,0.00017905092214710451,6.497334246276077e-06,7.392110600380765e-06,1
0.11407417309522123,0.8858938820261889,1.0112407406612289e-05,1.4736028716304572e-07,1.054418753147814e-05,5.083243626537955e-06,6.0576797381085215e-06,1
0.10216211165814297,0.8978043644429057,1.0503429374912779e-05,1.5275185027864046e-07,1.2173905412375735e-05,5.255148836495913e-06,5.43866347737748e-06,1
0.07604734770251895,0.9238240465414409,8.757251914304129e-06,1.2735711218863027e-07,0.00010836999016962394,4.293863607979288e-06,7.057293236178957e-06,1
0.08198530571781222,0.9178917956062836,9.296673246865154e-06,1.3520194111900532e-07,0.00010141644551458981,4.558353159258291e-06,7.492002041976292e-06,1
0.30688723714948574,0.6914243759834645,2.7881017549400575e-05,2.5967860365535444e-07,0.001626632289162402,2.1682857410367623e-05,1.193102432393376e-05,1
0.3132656311150217,0.6857767456929448,2.3954387281003468e-05,2.631073012159811e-07,0.0008999393177995957,2.368761401193359e-05,9.778765639610597e-06,1
0.1762243517731961,0.8233669977838216,1.7012976783746046e-05,1.6697842273909329e-07,0.0003617847641869505,2.4306990933349042e-05,5.37873265533306e-06,1
0.2058379397852098,0.792119208180919,3.296502045134862e-05,1.9214485831156277e-07,0.0019482194971431827,4.382537479176412e-05,1.764999662677753e-05,1
0.07124132904391214,0.9239938886571474,2.300530752618845e-05,1.311034861111661e-07,0.004697821422254084,2.592878845818027e-05,1.7895677215834707e-05,1
0.06871902241614641,0.9261002518781462,2.184802384348513e-05,1.3140235341394734e-07,0.005115245764680707,2.556404211007156e-05,1.7936472719749872e-05,1
0.06026609014165034,0.9309279890083266,2.1341071354750458e-05,1.2433807590559584e-07,0.00874686891748049,2.880988596630829e-05,8.776637145299831e-06,1
0.06125668354979221,0.9303233918159637,2.2733672739995558e-05,1.266447753991273e-07,0.008360158726508275,2.9674215724211268e-05,7.23137449613772e-06,1
0.09439293263725931,0.8939865418963945,2.7013977993064507e-05,1.4250092018287292e-07,0.01155001453796755,4.0402342107305453e-05,2.952107358119673e-06,1
0.09928326355474396,0.8943587565783377,2.406954156385894e-05,1.839923836379746e-07,0.0062925976364732175,3.8102100397127497e-05,3.0265961002420263e-06,1
0.06905449136482464,0.8928454923330997,2.3656270216700285e-05,1.4707937543946314e-07,0.038035695215616935,3.747078035649732e-05,3.0469565102125597e-06,1
0.0693710933578397,0.8955188879838604,2.1134174856236764e-05,1.5443370310843658e-07,0.0350468530665889,3.867767138073743e-05,3.1993117707802666e-06,1
0.07723279165180315,0.8863612834978359,2.218471488229697e-05,1.6250845012117987e-07,0.03633917285049675,4.0699978721397287e-05,3.704797810661848e-06,1
0.10252720567098411,0.860481144523189,2.422090573824345e-05,2.0225164798674676e-07,0.036921497816438956,4.1442314563208036e-05,4.286517438524142e-06,1
0.14466159550053337,0.8148150031135355,3.256103694393079e-05,2.9634066671889555e-07,0.04043347243442711,5.130355069671333e-05,5.768023196686924e-06,1
0.06568049209235144,0.903503915326749,3.396167369274352e-05,1.8119737693087012e-07,0.03073263564836944,4.49220440296091e-05,3.892017431040032e-06,1
0.7758071758080028,0.22416683386586053,6.472476313513746e-06,1.209319919146358e-07,7.155128413959686e-06,4.077239741064554e-06,8.16454967606685e-06,1
0.7508077009728922,0.2491615877109379,7.648163606045385e-06,1.42898577695371e-07,8.454815449532274e-06,4.817846383713244e-06,9.647592152924377e-06,1
0.8143701667536991,0.1855981677830195,6.618903504110465e-06,1.8586915379072226e-07,1.2261308382242428e-05,4.926953948964966e-06,7.6724282921129e-06,1
0.724452246282731,0.2754854376091157,1.3238309583119437e-05,2.9958314334922857e-07,3.0512218789849843e-05,9.014566979607378e-06,9.25142965731394e-06,0
0.7821893212707832,0.21761899610125499,7.936426209171163e-06,1.7960144350563252e-07,0.00017309928334259889,5.404273498220053e-06,5.063043468240069e-06,0
0.7966178908342654,0.20317828751957798,7.525770223144967e-06,1.861726630531528e-07,0.00018444818406066114,5.60200391150894e-06,6.05951529831661e-06,0
0.7791457591850366,0.22063354655654815,7.360708341390178e-06,1.8208935872898597e-07,0.00020174571230996232,5.479135782425278e-06,5.926612622842139e-06,0
0.7095034387600657,0.2904577524206261,9.466377493159555e-06,1.995552524434158e-07,1.4761515424851281e-05,6.728034434219823e-06,7.65333670356668e-06,0
0.27338849983027125,0.7265802330512092,8.32081035906986e-06,1.5283342736743325e-07,1.119653854642219e-05,5.483285590689623e-06,6.113650596089452e-06,1
0.07345021551698866,0.9264955149532238,1.0679569760195755e-05,1.552640928211276e-07,2.681098743867266e-05,5.570491858896819e-06,1.1053216636759054e-05,1
0.03226051305095444,0.9676929233495983,5.342958624450347e-06,6.165387795844364e-08,3.327282784920341e-06,2.211898524531157e-06,3.5619805635471033e-05,1
0.03573617030197045,0.9641974871779427,5.803766437308988e-06,6.697126681604633e-08,4.378338636309202e-06,2.4026655120743806e-06,5.369077823442045e-05,1
0.8039589142705743,0.1959124099435927,8.882885803795867e-06,1.6617079365220764e-07,1.1175300669464815e-05,5.7676319023410065e-06,0.00010268379666362678,0
0.9008301482847942,0.09903307367764769,9.665493925775954e-06,1.8081092475605714e-07,1.259160947182825e-05,6.2757770784767485e-06,0.00010806434615736657,0
0.6016753675971598,0.39819524174910864,7.279755652892877e-06,1.4846268544889844e-07,1.03240466477459e-05,5.153000127654555e-06,0.00010648538861795277,0
0.6181624055884526,0.3817166620138396,8.082219562541428e-06,1.5119285205771753e-07,1.0529017262707779e-05,5.247761641911315e-06,9.692220638874975e-05,0
0.5326724822868123,0.46719877271568067,8.644064411202618e-06,1.6170319818549712e-07,1.0749738648901941e-05,5.529625488185769e-06,0.00010365986576053655,0
0.8633144622468826,0.1366633473558825,4.586398566426488e-06,1.0647339784576544e-07,5.666674256362183e-06,3.1902290628000808e-06,8.640621951499014e-06,0
0.8685643308088479,0.13141495339674505,4.269857283377644e-06,8.731605202571481e-08,5.275575158944155e-06,3.0387771826137737e-06,8.044268730283316e-06,0
0.6202328882358066,0.37970946552266843,9.611346983269965e-06,1.797980061383016e-07,1.252107017405778e-05,6.115813225820064e-06,2.921821313587155e-05,0
0.605154927401435,0.3947839901154194,1.0403804278389417e-05,1.9462238422601835e-07,1.3088724034658094e-05,6.7551598418735676e-06,3.064017260635938e-05,0
0.4813049359050885,0.5186388652769565,1.258029384987794e-05,2.0426922696284158e-07,1.5972244349649034e-05,7.162918928348143e-06,2.0279091600128145e-05,0
0.5662670493987573,0.433693775514086,8.11059314822403e-06,1.4782446243124374e-07,1.6097982009776374e-05,5.1070212655740985e-06,9.711666270642083e-06,0
0.4683780688232054,0.531488890098114,1.295972109836698e-05,2.3756247575691327e-07,0.00010344925198716194,8.163782659976882e-06,8.230760459294806e-06,0
0.3991076619387098,0.6001081988442992,1.1222329086137676e-05,2.360977253906158e-07,0.000756878134432861,7.960069238064558e-06,7.84258650847826e-06,0
0.23992077574593132,0.7589512555544995,7.305281046522472e-06,1.6800640862048432e-07,0.001108256597002336,5.795438664507261e-06,6.443376447303333e-06,0
0.2556946150801355,0.7434245665002936,7.576172860560654e-06,1.7423636206257786e-07,0.0008610087722823388,6.010343044363084e-06,6.0488950213866335e-06,0
0.21102167139142303,0.7889370547352044,9.062546009654986e-06,1.8404015151997507e-07,1.811324521564238e-05,6.348528122817055e-06,7.56551387299789e-06,1
0.1474769593079504,0.8523376870212718,7.444045606257876e-06,1.6951076139635146e-07,0.00016636395764481077,5.126074580545207e-06,6.2500821847577475e-06,1
0.1880924073474859,0.8118338271665726,8.242798106135898e-06,1.6835480486188046e-07,5.262615493618632e-05,5.80745671229803e-06,6.920721381986948e-06,1
0.10640287396888423,0.8935373786093206,1.331887926453061e-05,1.687225355222532e-07,3.456402229860122e-05,5.6885048873593456e-06,6.0072928090987316e-06,1
0.09003728411339051,0.9098353215603013,9.261431893889049e-06,1.3740137210872091e-07,0.00010462635978088172,4.632507295785932e-06,8.736625965648177e-06,1
0.09753543223765818,0.9022519982547371,9.791961863406433e-06,1.4051842608636136e-07,0.0001891076707358125,4.737599225154382e-06,8.791757354386793e-06,1
0.1053584417859779,0.894166426915025,9.956309914228589e-06,1.3925916397238093e-07,0.00045162761726890766,4.6951430193626e-06,8.71296963052712e-06,1
0.12781162348348316,0.8716790525306803,2.0861403534176617e-05,1.6612616697862034e-07,0.00046941555789127207,1.2672276925109898e-05,6.208621318821399e-06,1
0.31195904208415953,0.6870867361003529,2.454112850060298e-05,2.627540767441463e-07,0.000898731139277966,2.3655813127238555e-05,7.030980504803846e-06,1
0.21524950227073225,0.7842390264363456,1.933007743401888e-05,1.776655584580454e-07,0.0004591872673298944,2.6574877692448827e-05,6.201404907369862e-06,1
0.1176636965472703,0.8819858586487749,2.103423012427162e-05,1.3372685118589706e-07,0.00030568202225212933,1.862602210919489e-05,4.9688026182913486e-06,1
0.0894281877639885,0.9096351212237492,3.211101692361807e-05,1.2887435087562602e-07,0.0008670556335416022,2.3768990592076235e-05,1.3626496854073348e-05,1
0.07109862489646535,0.9276172354533063,2.251809237759516e-05,1.3009156356024482e-07,0.001220707988519178,2.302592837687195e-05,1.7757549391198858e-05,1
0.09290671319595215,0.9042236023706494,2.7601997774251922e-05,1.4418377701728802e-07,0.0028012731890189675,2.361876179278118e-05,1.704630103539317e-05,1
0.060806849432809104,0.9306152615134433,1.8435786106055212e-05,1.232584095846547e-07,0.008523411240842025,2.8880754253865875e-05,7.0380141359634105e-06,1
0.06836717107780742,0.921256601443352,2.2112700424915327e-05,1.295208504816271e-07,0.01031705980009656,3.424225054441943e-05,2.6832069241801628e-06,1
0.09488858847786114,0.8964383594781036,2.4704159462558463e-05,1.416360259747126e-07,0.008611016789405807,3.4255269284861015e-05,2.9341898558843985e-06,1
0.10696073553058344,0.8832782530759056,2.5327032257458352e-05,1.517754791471373e-07,0.009698445281136015,3.394306172268936e-05,3.144242915746827e-06,1
0.08412307353644788,0.8795600956804767,2.1957613495113767e-05,1.5459017292936428e-07,0.036251810025124405,3.9384273952763335e-05,3.524280329985754e-06,1
0.08621399457789342,0.8712472047505194,2.282871906866169e-05,1.906264820548425e-07,0.042472001140164334,3.974005197119034e-05,4.040133901040632e-06,1
0.13543237961785776,0.8166003377304396,3.07221104337397e-05,2.565386089193089e-07,0.047878300960084094,5.256596835808465e-05,5.437074217854588e-06,1
0.1414583988967001,0.8246238206737877,4.023005507949512e-05,2.9907143086326034e-07,0.033819686176225466,5.198302042334256e-05,5.582106352895976e-06,1
0.01660628393917046,0.9745539772435896,2.2928791237515426e-05,8.687717847630815e-08,0.008786546339171579,2.7489014431088744e-05,2.6877952211103513e-06,1
0.008576913404150083,0.9878000807235687,2.0416642685457264e-05,8.446538643000684e-08,0.0035711075848269282,2.8783999880197877e-05,2.613179502114275e-06,1
0.7342989285295853,0.26567284613912545,7.32104942297126e-06,1.3678676394333155e-07,8.575886914508383e-06,4.611785691870922e-06,7.579822495867349e-06,1
0.8390271473955327,0.16093963332357378,7.235703667629107e-06,1.6374408193746747e-07,1.4247218998132235e-05,4.92711965579095e-06,6.645494490121558e-06,0
0.7176141458442219,0.28232602549076785,1.2709882128763256e-05,2.876248221743016e-07,2.9294276725521723e-05,8.654736696802136e-06,8.882144637026801e-06,0
0.7746648398513271,0.2252909027385,7.318376415780738e-06,1.8104215065736033e-07,2.529177576928655e-05,5.573687559755655e-06,5.892528277554965e-06,0
0.7623278356822657,0.2376221516312587,8.450488805775892e-06,1.9123468773535555e-07,3.0225651160324767e-05,5.7543220961704465e-06,5.390989725586789e-06,0
0.6767607607717356,0.3232039090113005,1.0433375867640943e-05,2.497762152879905e-07,1.0185815766869686e-05,6.737931580864729e-06,7.723317533231993e-06,0
0.6652992146690722,0.3346603908230637,1.1085541290455673e-05,2.1804934929210515e-07,1.372572994475862e-05,7.159103601702211e-06,8.206083678005372e-06,0
0.553724309322486,0.44623987227317874,1.0681568936073039e-05,1.9997528545220923e-07,1.0049671489026597e-05,7.038989053426093e-06,7.84819957133279e-06,0
0.30026786144064327,0.6996977972801253,9.138906477493368e-06,1.6785990054722042e-07,1.2297374201764672e-05,6.022398305001283e-06,6.714740346513407e-06,1
0.07696617956192146,0.9229845805459989,1.063909976512263e-05,1.546757229511237e-07,2.6709387790567657e-05,5.549382602330634e-06,6.187346198467875e-06,1
0.07153753592132397,0.9284158051169219,1.042368473169106e-05,1.515439282724238e-07,2.4584643555987984e-05,5.437021550625435e-06,6.062067987188653e-06,1
0.05160731422912779,0.9483598899451714,6.827026552289687e-06,8.59448373755711e-08,1.2808222868900042e-05,3.0834883211946495e-06,9.991143121102599e-06,1
0.03706562889044016,0.9629046365997906,6.416408051846803e-06,7.404071465633866e-08,1.1034170331219593e-05,2.6563978233859416e-06,9.553492847997962e-06,1
0.7765085024882211,0.2233512589860763,9.651337194687326e-06,1.8054609694080896e-07,1.2573166955529073e-05,6.2665851541783695e-06,0.0001115668903013341,0
0.7301986553185769,0.2696525048338317,8.17856112022857e-06,2.06893285763986e-07,1.2697379732192692e-05,6.32849397515821e-06,0.00012142851947786986,0
0.7283927650617026,0.271460775685822,8.320556705562281e-06,1.6968868899421473e-07,1.1237832844672634e-05,5.889734739775383e-06,0.00012084143949644717,0
0.5438417274662044,0.456023246556632,9.06577549720933e-06,1.6959208332952598e-07,1.127417758691375e-05,5.799394922898808e-06,0.00010871703707320427,0
0.5039539293028118,0.49589729123908977,9.989197590347842e-06,1.8686639997415043e-07,1.242254318111227e-05,6.390109903684353e-06,0.00011979074102328096,0
0.885631028063718,0.11434675633935915,4.862635465242909e-06,9.09645820455664e-08,5.496016806188151e-06,3.094152187246966e-06,8.671827882316971e-06,0
0.6455987687089433,0.35435715627998465,9.937060622755722e-06,1.852337197198654e-07,1.9773656027983678e-05,6.39943166477433e-06,7.77962903677662e-06,0
0.5604750903138884,0.43947081042377617,1.1497392936058057e-05,2.2176036206460396e-07,2.5405048342832634e-05,7.661349591933132e-06,9.313711102562656e-06,0
0.6138319730948597,0.38612195613310724,1.145694769949402e-05,1.8025256649140432e-07,1.8486529065237864e-05,6.2273433984181045e-06,9.71969930349839e-06,0
0.6977077291257968,0.3022550828061952,7.996264243532777e-06,1.4574069265417906e-07,1.4436263379541357e-05,5.035031444748741e-06,9.57476824762972e-06,0
0.6201683648586883,0.379790985636752,8.092412716408029e-06,1.4749310410629108e-07,1.76241282728191e-05,5.0955735391002385e-06,9.689896927361462e-06,0
0.3332689793116149,0.6666776738196624,1.0950344499599014e-05,2.0072893004183814e-07,2.8343190463999447e-05,6.898005895965173e-06,6.9545989330212475e-06,0
0.2715912096234856,0.7283188752301067,9.197483878973889e-06,1.9349860501105188e-07,6.74229733269995e-05,6.523833682889432e-06,6.577356913650858e-06,0
0.3846416844267003,0.6151235849716957,1.078222741590187e-05,2.4400196726634967e-07,0.00020882723639894501,7.342108946745386e-06,7.535026874924689e-06,0
0.41196974061632646,0.5860546328774623,1.389891550494488e-05,4.0220800006288034e-07,0.001942075067712159,9.464403591452006e-06,9.785911402693414e-06,1
0.38683326941288426,0.6092113940550404,1.014919824342656e-05,2.5107108094026987e-07,0.003928429684001866,7.554821177438975e-06,8.951757571577215e-06,1
0.23468079863194813,0.7644084421801076,7.524721362160862e-06,1.7305308363574626e-07,0.0008909440467112302,5.969525449355573e-06,6.1478413379007596e-06,0
0.17061582881545906,0.8293450451773212,8.393604911161256e-06,1.7143495433357366e-07,1.7919149743405957e-05,5.91370752431935e-06,6.728110086552423e-06,1
0.15785822529880653,0.8421067712168991,7.685750354761922e-06,1.5608049419314744e-07,1.5361453690132826e-05,5.384050157668087e-06,6.416149597629842e-06,1
0.10051237078083354,0.8993075792373747,7.873116373096683e-06,1.500634682957884e-07,0.00015757843223328206,5.059411715052719e-06,9.38895800187403e-06,1
0.11676858916898285,0.8828256073556116,1.0485571384488039e-05,1.5775877137612714e-07,0.0003810392788310678,4.944729293686481e-06,9.176137124980912e-06,1
0.13753340612685533,0.8620199568130842,2.3082738821936326e-05,1.7036203384983452e-07,0.0004057306702622387,1.1286360875271704e-05,6.366928067472828e-06,1
0.21720684571746116,0.782323303968947,1.9814943452935178e-05,1.8212203269215735e-07,0.0004164481189812212,2.7241468666743037e-05,6.163660458068497e-06,1
0.13948662664354816,0.8600268785363158,1.8092494977549568e-05,1.4436722361955447e-07,0.00043872863710958974,2.3725663407599235e-05,5.803657417619082e-06,1
0.10645249208331632,0.8931714346986932,2.0092809332006534e-05,1.2847160481014975e-07,0.0003286053590459497,1.981725008332047e-05,7.429327924224522e-06,1
0.08976446666876842,0.9096181226577129,1.7624250705028233e-05,1.3083725636798287e-07,0.000573758251036001,1.833120437363553e-05,7.566130147591833e-06,1
0.0910946658648198,0.9080104402453644,3.1091025017390616e-05,1.24780715500386e-07,0.0008310275731316497,2.5113916509920072e-05,7.536594441273003e-06,1
0.07024068221684183,0.9286626131943403,8.82495485253983e-05,1.2601055174003854e-07,0.0009756210700989924,2.2383603407297157e-05,1.0324356234451576e-05,1
0.07941062571367283,0.9165907899564152,2.742071560274179e-05,1.4323681845262177e-07,0.003936706148664979,2.3463640396815775e-05,1.085058842884652e-05,1
0.07901186166986403,0.912044989690886,2.2557389715478483e-05,1.3212553168324618e-07,0.00888206441474513,3.5657542692033545e-05,2.737166565500288e-06,1
0.08835780404854505,0.9019105225390044,2.2336832837317114e-05,1.3083366258132293e-07,0.009677211473152175,2.928386912174144e-05,2.710403676694933e-06,1
0.0903748729612751,0.8734015794883543,2.116897481982391e-05,1.5587429819212e-07,0.03615895772095963,3.971142502698552e-05,3.5535552658953964e-06,1
0.1184443899624102,0.8369276812256252,2.5981665167259693e-05,2.0355781700973296e-07,0.04455431608170763,4.311330691361786e-05,4.3142003590364e-06,1
0.14427940403192377,0.7938041562991917,3.1751711099932445e-05,2.651360756596603e-07,0.061827300389974076,5.1503142976668744e-05,5.619288758386106e-06,1
0.12962138860656522,0.8426202004940537,3.4870285482876545e-05,3.067670715652662e-07,0.027665215925627578,5.2292177305715655e-05,5.725743893694435e-06,1
0.090462898550895,0.884181460752788,2.862982683998078e-05,2.3310284588041003e-07,0.025284830450749435,3.8289537550477843e-05,3.657778331229243e-06,1
0.8109802693027754,0.18898625159084137,6.601433072076879e-06,1.2263670285520302e-07,7.31637166503503e-06,4.230395109630806e-06,1.5208269833387267e-05,1
0.8270454505675825,0.17291666809567272,7.587574752690319e-06,1.7170692984145957e-07,1.7986666584501992e-05,5.166724678211331e-06,6.968663799482393e-06,1
0.7663765695136167,0.23358429890013196,7.808987817722489e-06,1.767175108060796e-07,1.7951961800147444e-05,5.440546237406218e-06,7.753372885319637e-06,0
0.7128855763478812,0.2870860101316429,7.821027195158533e-06,2.0268357315117344e-07,9.060427995170354e-06,5.510298359458571e-06,5.819083352904626e-06,0
0.6300177817407614,0.369942739409747,9.363004358209713e-06,1.9123442687185772e-07,1.243183327718964e-05,6.731316994223839e-06,1.0761460435100299e-05,1
0.13591722987633884,0.8640193366692551,1.2923717319717109e-05,2.0498132621769267e-07,3.539615414309872e-05,7.354223298989015e-06,7.554378318031553e-06,1
0.12503525280012842,0.8748534904864427,7.610955266101771e-06,1.5377149941875815e-07,2.0114574929747755e-05,5.516941798786785e-06,7.78604699346302e-05,1
0.3104036115530334,0.6893502986406583,7.485489573715375e-06,1.5123659453897286e-07,8.002497495233905e-06,5.42577387494338e-06,0.0002250248087697268,1
0.8107632687547934,0.1889992202169457,9.068823188511602e-06,1.696490960271663e-07,1.1814303628526773e-05,5.888360505141017e-06,0.00021056989184291107,0
0.8461025148110921,0.15373285187933655,9.325732841809306e-06,2.0790435947693795e-07,1.447838677644117e-05,7.3831528681806844e-06,0.00013323813272550383,0
0.761141974754992,0.23871247794887906,8.252967464184267e-06,1.839885340412934e-07,1.2812897069509262e-05,6.386068907045987e-06,0.00011791137415415285,0
0.724196210507287,0.2756490533877998,8.790776366576229e-06,1.7927830668931684e-07,1.1872916546129875e-05,6.2225813473765135e-06,0.00012767055234636879,0
0.7299544549422581,0.2698961220302877,8.488932942337566e-06,1.731225389020072e-07,1.1465243590233772e-05,6.008920439264106e-06,0.00012328680794340674,0
0.7096992000061243,0.2901483425806828,8.470432427306897e-06,1.727452410537547e-07,1.1048001123430625e-05,5.99582478593997e-06,0.00012677040961512183,0
0.6489892463822645,0.3509522610716466,9.894195255977513e-06,1.8508920575485922e-07,1.2304398496281706e-05,6.329336718226537e-06,2.9779526412716197e-05,0
0.6006075510572758,0.3993309409160156,1.1060412520664223e-05,2.2125592494551074e-07,1.9948403792362858e-05,7.903157567964397e-06,2.237479690251861e-05,0
0.6381765114313086,0.3617796389356691,9.43898132639118e-06,1.8310414266536834e-07,2.0211499300705575e-05,6.325859299787353e-06,7.690188952572331e-06,0
0.6177858844302931,0.3821382026771777,9.272265380390633e-06,1.7884236359930014e-07,5.411480638936933e-05,6.271298768115371e-06,6.075679627737969e-06,0
0.3429343716788969,0.656473043812974,1.092614556610501e-05,2.4725883715235393e-07,0.0005663353920641227,7.440109359595807e-06,7.635602302221905e-06,0
0.4099774309985085,0.5860038868564241,1.0311284202249093e-05,2.5508076681995707e-07,0.003991167969009822,7.853091070753509e-06,9.09472001790402e-06,1
0.31368767884989296,0.6846375961113574,7.662666558017642e-06,1.8955920748246326e-07,0.0016542783172146926,5.835899500452562e-06,6.758596268787357e-06,0
0.15712300330742413,0.8428447016544872,9.44017463498041e-06,1.5007747176535035e-07,1.1358434506512574e-05,5.176973840951216e-06,6.169377634651498e-06,1
0.15739917767317413,0.842571767691994,7.38775507854057e-06,1.446610924687698e-07,1.0179541414425401e-05,5.175297408767018e-06,6.167379837571399e-06,1
0.18732293784998877,0.8126469624193664,8.147881706849133e-06,1.5136551970947028e-07,1.1307869071931097e-05,5.103310568323246e-06,5.389303777836269e-06,1
0.14474150872861533,0.8552210782486057,8.221310225912728e-06,1.609657807112982e-07,1.640828332533512e-05,5.7592225319468926e-06,6.863240915091374e-06,1
0.10872908860874121,0.8912421075151945,9.95636512793442e-06,1.447958700968887e-07,8.565882970031914e-06,4.98143784760085e-06,5.155394248479093e-06,1
0.3179035585129965,0.6810891587065566,2.472032466738646e-05,2.6432099865476827e-07,0.0009497091603694811,2.2070491922406554e-05,1.051848248891562e-05,1
0.34303123265377355,0.6560939847671591,2.264370992664234e-05,2.5090190243419885e-07,0.0008193147299633902,2.258875900537013e-05,9.98447826930578e-06,1
0.13226985639572567,0.8670239197468742,1.6322707863523897e-05,1.350902715377194e-07,0.000662306669457438,2.1087215640453475e-05,6.372174167111107e-06,1
0.14386373359318552,0.855490188317224,1.9642502586337598e-05,1.35133529517361e-07,0.0006015388438175272,1.9740539996719e-05,5.021069660508289e-06,1
0.12580315373983686,0.8735718436901267,1.7975548746424792e-05,1.2762656684557753e-07,0.0005838853344044998,1.8271922042893278e-05,4.7421382757625235e-06,1
0.0888952178090339,0.9106086096759791,1.0965559830955117e-05,1.3473083247293308e-07,0.0004743036908235522,5.971500557302789e-06,4.797032942714328e-06,1
0.08475219937080394,0.9146486278999252,1.3284808807786516e-05,1.408783057460904e-07,0.0005743119086281263,6.192903567652272e-06,5.2422299614701305e-06,1
0.0778206767616096,0.9214874495821215,2.9182672672438367e-05,1.2923190572100445e-07,0.0006296527401836709,2.3834936357841157e-05,9.074075149442834e-06,1
0.07719344308141901,0.9215620903192905,1.596010868689851e-05,1.4131143839777722e-07,0.0011964583897914052,2.151726393790235e-05,1.0389525435777097e-05,1
0.07776146471251016,0.9202477223352895,1.6272464998533757e-05,1.2038818553563882e-07,0.0019400671388948405,2.4122155980017694e-05,1.0230804141723269e-05,1
0.08782470026723085,0.9090442684219235,2.094825863591573e-05,1.420575138525437e-07,0.003080916878175367,2.3270458368944254e-05,5.753658151575183e-06,1
0.08544967264432297,0.9095672407656867,3.02514510769429e-05,1.423310150467873e-07,0.004919773435140378,2.3315260632350814e-05,9.60411212539273e-06,1
0.06408747666018594,0.932090677527242,2.2083517458769862e-05,1.2679025235194423e-07,0.0037670802155497477,2.360556067551544e-05,8.949728635811484e-06,1
0.06961691025991984,0.9245520676718162,2.3204609397957823e-05,1.3393739880242666e-07,0.005769996432670182,3.070738532462689e-05,6.9797034721962475e-06,1
0.07015176574066928,0.9230055028712998,2.3165793377357723e-05,1.3371335207352562e-07,0.006785971230165955,3.0690590633277095e-05,2.770060502265756e-06,1
0.0980537642162273,0.8955241993034646,2.3329421427234306e-05,1.3664755757714075e-07,0.006367454142512126,2.8285422107551882e-05,2.8308467038309204e-06,1
0.10997257344483351,0.8792176062591618,2.5782144254073034e-05,1.4781642171587132e-07,0.010747770451579966,3.3057658286585905e-05,3.062225462392427e-06,1
0.11154726902004235,0.8780208173160217,2.472336146861683e-05,1.5114103779699905e-07,0.010370106886574372,3.380117528603853e-05,3.1310995691941577e-06,1
0.13452150025361187,0.857802067701953,1.8914388177610083e-05,1.9102641547343443e-07,0.007618488177652512,3.5380474926998265e-05,3.457977262369165e-06,1
0.12682591836777432,0.8597400730093366,2.2029584086443998e-05,1.6114879302073335e-07,0.013349914230875696,5.557783984108912e-05,6.325819292688675e-06,1
0.15874293877401113,0.7970552819666323,3.0381872080252206e-05,2.5870799956015063e-07,0.04411086157613794,5.479405089862789e-05,5.483052240310793e-06,1
0.1418560533964644,0.7984271995671413,2.8137837873929033e-05,2.5536827113243637e-07,0.05963247251260908,5.046904753817727e-05,5.412270101881592e-06,1
0.14323955107177547,0.8109723022751363,3.152286963084976e-05,2.6322518245236785e-07,0.04569684569020407,5.393607874514666e-05,5.578789325438331e-06,1
0.14770426491538896,0.7969134700122882,3.672774664806898e-05,2.8983004500201144e-07,0.05528942978754056,5.017640869822369e-05,5.64129939092771e-06,1
0.06862818734261728,0.9105131887876281,2.1861263582516093e-05,2.340759714622333e-07,0.020797471476767648,3.603919887757767e-05,3.01785455541787e-06,1
0.03350643192416668,0.9526658448004878,2.3098482316024242e-05,1.2743351958165178e-07,0.013758494826952773,3.95669258010418e-05,6.435606756165931e-06,1
0.01837377104555925,0.9696360572320052,2.135661236998355e-05,9.974759495991789e-08,0.011934068010436807,3.156137348621808e-05,3.0859785475610462e-06,1
0.011783289227813003,0.9837259675092022,1.7700912474421014e-05,1.37786471370183e-07,0.004436241649725151,3.410423623495472e-05,2.5586780788900187e-06,1
0.007579253944334979,0.9892185506694455,2.2418241922539264e-05,1.3310826253020133e-07,0.0031459936894884253,3.1178542238204335e-05,2.4718043075516745e-06,1
0.8315310782813673,0.16843748430366084,6.18971225157586e-06,1.1498804787804995e-07,6.996121498901329e-06,3.876838801156621e-06,1.4259754372299188e-05,1
0.7989795010669405,0.20098869785410564,7.4232466892268225e-06,1.6798818331390746e-07,1.3306836293668594e-05,5.17179918666975e-06,5.731208600759311e-06,1
0.8292498005205239,0.17072012948386686,7.097123522167608e-06,1.6060801117839654e-07,1.250008873061542e-05,4.83275413310372e-06,5.4794212120053955e-06,1
0.839028332436192,0.16093754666432183,7.389667742841671e-06,1.6722829125629562e-07,1.4745142787718563e-05,5.031960795797724e-06,6.7868998682991036e-06,1
0.8353960826315882,0.16456980713531738,7.357677024319582e-06,1.665043408189174e-07,1.4702416532132901e-05,5.1261165960413636e-06,6.757518600983711e-06,0
0.7456386883532218,0.25431445926295276,1.1614022927902435e-05,3.037880081121945e-07,1.838972381104034e-05,8.42853215144979e-06,8.116316927119505e-06,0
0.7467247248041963,0.2532382883883905,8.571212672220136e-06,1.9396667063389391e-07,1.691709408207894e-05,5.836528466497857e-06,5.468005521784188e-06,0
0.7489908686749864,0.25096968651367396,7.207073688546594e-06,2.2538638115449315e-07,1.944302366809074e-05,6.109906344295044e-06,6.459421257647488e-06,0
0.557496001635783,0.44246941178509597,7.4955577907517064e-06,2.3164471230721932e-07,9.26135873426754e-06,6.279560859438665e-06,1.131845702427971e-05,0
0.5825106034073574,0.4174463172639869,1.0256522969043394e-05,2.0948407334268234e-07,1.3598661913503152e-05,7.226224929259228e-06,1.178843477054224e-05,0
0.17866407019160307,0.8212746797763312,1.350699094031228e-05,2.6911159915309976e-07,2.2383178669201967e-05,9.655058970679522e-06,1.5435691886251522e-05,0
0.2071565149571856,0.7927404329141415,1.0437811727594975e-05,2.108852371140761e-07,3.016247242097481e-05,7.566041028293914e-06,5.4674918258723954e-05,1
0.6527217134485382,0.3468436104034249,9.567969063062844e-06,2.3258778681566616e-07,1.3637754872544146e-05,7.275730125719604e-06,0.00040396210618873446,0
0.6760472333637382,0.32347094388606995,1.104204826800861e-05,2.387554882095685e-07,1.374975055608834e-05,7.335479723533065e-06,0.0004494567161561448,0
0.6795221258395933,0.3200973360204695,1.0926886329684997e-05,2.044076005992681e-07,1.3606348907492677e-05,7.25897507122656e-06,0.00034854152202818024,0
0.6891403646846453,0.310590414395092,1.1656269104433974e-05,2.408149223337689e-07,1.3868351831840363e-05,7.3987533989292256e-06,0.00023605673100531672,0
0.6329127577383176,0.3668130848203795,1.0685103683625633e-05,2.2971540023207605e-07,1.3469332855797274e-05,7.185877129201339e-06,0.0002425874122342043,0
0.5654907752049861,0.43389041462393424,1.0004933559238833e-05,2.1509265468129086e-07,1.0479119231423307e-05,6.7284534966831845e-06,0.0005913825721376225,0
0.6176556866088265,0.3819717523001908,1.1365188143831332e-05,2.0314089064296366e-07,1.2711294605234753e-05,7.107385702913376e-06,0.0003411740816400866,0
0.8745656824275293,0.12538617284088088,5.531375198620709e-06,1.0347459452311827e-07,6.16583479417241e-06,3.674616305589966e-06,3.266943069676732e-05,0
0.8805945905249187,0.11935289649224286,4.896928684889061e-06,1.1903945314888988e-07,6.0557235712328624e-06,3.723750706269796e-06,3.771754042284583e-05,0
0.5630537403657525,0.43685968321328605,8.090881839393629e-06,1.6545374066075609e-07,1.1013393420205902e-05,5.87563561910874e-06,6.143105634212991e-05,0
0.6114494687388643,0.38849100130997677,9.95394247537301e-06,1.8620688790058931e-07,1.2967382455302533e-05,6.463065882316716e-06,2.9959353457972823e-05,0
0.6164165694330215,0.3835245363792254,9.847637124126305e-06,1.8421824986377105e-07,1.2828894398929708e-05,6.3940421271111664e-06,2.9639395853199275e-05,0
0.6885847960769645,0.3113606821457837,8.597041434463288e-06,1.987833989307988e-07,1.5505502496759407e-05,6.285122674131545e-06,2.3935327247372027e-05,0
0.4933596768145136,0.5065821065923127,9.664460482357182e-06,1.8057114469025424e-07,1.9749934429309727e-05,6.228863542915115e-06,2.2392763574338837e-05,1
0.5108321439114625,0.4891050214966379,9.104170129311458e-06,1.915354506717104e-07,2.332878525933557e-05,6.457645648081765e-06,2.375245541226016e-05,1
0.41132662945875825,0.5884859112015034,1.055281576239106e-05,2.3881037812513864e-07,0.00016210711611259573,7.185892119854382e-06,7.374705365467796e-06,0
0.1259647446672977,0.8740059278630784,8.896574393343941e-06,1.4143545474020619e-07,9.596473268884322e-06,4.878864500848675e-06,5.8141220061680805e-06,1
0.13388425159413075,0.8660852954338788,9.297163380836557e-06,1.478039155774837e-07,9.83354155909276e-06,5.0985467407871e-06,6.075916394056515e-06,1
0.15831943324674566,0.8415089929367601,6.836585053229782e-06,1.4382951775143046e-07,0.000148780232293567,4.849233163448038e-06,1.0963936466383729e-05,1
0.166706680087409,0.8331225882424219,7.496620100407813e-06,1.6465807510267852e-07,0.00014231953382412682,5.171145922377227e-06,1.557971224719114e-05,1
0.17434395831054506,0.8255024575087528,7.511904408434592e-06,1.7747763012302153e-07,0.00012813718777147958,5.562789498094168e-06,1.2194821394225508e-05,1
0.18249690655445516,0.8173585649064528,7.622068898254904e-06,2.2056807862583986e-07,0.00012169497943029436,5.190213310475438e-06,9.800709374458428e-06,1
0.14608895394622118,0.853717939701567,7.972528181655533e-06,1.8041843168150706e-07,0.00016903039825570023,5.4288569729464085e-06,1.0494150369847736e-05,1
0.288830006120419,0.7103968289853738,2.3914824068048546e-05,2.6356554630998014e-07,0.0007175757187158062,1.9301174612487047e-05,1.2109611264502894e-05,1
0.31668677142054386,0.6823082521744095,2.3223333571209863e-05,2.769620796303927e-07,0.0009473285760106219,2.312600728812823e-05,1.1021526097103316e-05,1
0.3722538158395111,0.6269132557148163,1.9473743198329357e-05,2.7214581891526964e-07,0.0007828745221597172,1.929297328152785e-05,1.1015061214227801e-05,1
0.2861099536472276,0.7126894074385907,1.607842511298093e-05,2.0067081378894305e-07,0.0011596892242119795,1.6766140771055554e-05,7.9044532720219e-06,1
0.1137080214430703,0.8854889640753447,2.062972635472197e-05,1.3241264422860253e-07,0.0007544353724582139,2.176101852700924e-05,6.05595160068291e-06,1
0.0712654422963629,0.928008686925298,1.067919414831273e-05,1.3121233570588496e-07,0.0007045420735817104,5.846539884188197e-06,4.671758389068602e-06,1
0.09897685051169185,0.9000499192468042,2.969199029038401e-05,1.3989880197271003e-07,0.0009182555413395309,2.0161774813520434e-05,4.981036258676568e-06,1
0.07967622972239939,0.9189754487124185,2.22236274594748e-05,1.3019766020480917e-07,0.0012869236277494157,2.1272080688298012e-05,1.777203162474677e-05,1
0.08250911651897289,0.914507468162355,2.0611158759685394e-05,1.297574785099782e-07,0.002923982667118791,2.0979788664163297e-05,1.7711946650954884e-05,1
0.07514551584778091,0.9212675396387399,1.3458203814152078e-05,1.2419302518984972e-07,0.0035505374883144925,5.872231732496083e-06,1.6952396592803394e-05,1
0.12313518011456157,0.8701727777137253,2.48069061647465e-05,1.5202422322933822e-07,0.006629618767575451,3.399869083868855e-05,3.465782911397143e-06,1
0.13486632588345926,0.8547056653727118,2.3326112512172827e-05,1.7452830945310365e-07,0.010362537684012529,3.8271469446243665e-05,3.6989495484154955e-06,1
0.16201412108958124,0.8276924966286996,2.362262163968186e-05,1.8509696492378407e-07,0.010229691305497753,3.5960316192794185e-05,3.922941424020848e-06,1
0.2295529942553575,0.7613582278300862,2.566655565608218e-05,1.7753232141869374e-07,0.00899820930374926,5.968490648393077e-05,5.039616345662211e-06,1
0.11909537486840248,0.8490340430400257,2.1988702409242143e-05,1.9956106591603304e-07,0.03180327333316777,4.089100163378284e-05,4.2294932951824245e-06,1
0.07398240624851478,0.9068684850317315,1.9020437661813143e-05,1.9155194540120224e-07,0.019091018387210397,3.589493715229337e-05,2.983405783953823e-06,1
0.020626077024595835,0.9634470499556363,2.4201051982005886e-05,1.0484306417212587e-07,0.015847068049740065,4.551482656209887e-05,9.984248419421132e-06,1
0.018507302299145066,0.9730620336349487,2.4795575992350027e-05,1.0010002915833104e-07,0.008361446237363844,4.118662477394253e-05,3.1355277468758163e-06,1
0.009053614169396856,0.9874325847470655,2.25966022115183e-05,1.3409866426622636e-07,0.0034548664981363334,3.371368857777097e-05,2.490195947790821e-06,1
0.007080601876658111,0.9899677240167343,2.191508722555806e-05,1.3012078261404688e-07,0.0028967337999442023,3.047877148783131e-05,2.416327167477074e-06,1
0.5575229906160765,0.4424335536236694,1.614119234190227e-05,2.0263282875243977e-07,1.292606803592617e-05,6.971212933341216e-06,7.214654114128798e-06,1
0.5162246235432401,0.4837182147765701,1.2704294706210999e-05,2.4640046824985247e-07,1.5254964001447935e-05,8.307427715855126e-06,2.0648593298035652e-05,1
0.5695419980245442,0.4304181340722824,1.0636964285467342e-05,2.2378269729785453e-07,1.2466078186678571e-05,7.544866270204936e-06,8.996211733835566e-06,1
0.7694357029528363,0.2305274139835385,7.488479868387272e-06,1.8525017346795575e-07,1.747660468473521e-05,5.703238630075037e-06,6.029490268527766e-06,0
0.625171481270704,0.37479457022607415,8.878017076946435e-06,2.0417609606944947e-07,9.810121670958876e-06,7.0431244334376115e-06,8.013063944502314e-06,0
0.35195969602179017,0.6480036762217114,1.0922929518337192e-05,2.044939242050037e-07,1.0276753725416361e-05,7.198041951614897e-06,8.02553737906486e-06,0
0.03827030005696591,0.9616726009168021,4.9719895445238596e-06,6.259193948701239e-08,9.210052953384484e-06,2.2456440701112257e-06,4.060874772409631e-05,1
0.7029833476755104,0.2965684638230024,1.1907357467027265e-05,2.128316021208104e-07,1.4167090795579612e-05,7.558130371056781e-06,0.0004143430912513394,0
0.6794650675686249,0.3201973782847286,1.1278025865369352e-05,2.4235095481002117e-07,1.4216753419973005e-05,7.584625337112283e-06,0.00030423239106910677,0
0.653149753404836,0.34593253915005,1.1042467639684121e-05,2.3728909721280944e-07,1.3919815529371412e-05,7.426209235905825e-06,0.0008850816636118427,0
0.6422443512734524,0.35707430299404863,1.2128239908104233e-05,2.6074089378002655e-07,1.2646747760990635e-05,8.156405810705341e-06,0.0006481535981255903,0
0.5355377452855709,0.46426387204267217,1.072255679435877e-05,2.0058523906026985e-07,1.3776470794899274e-05,7.017969921270511e-06,0.00016666508900731953,0
0.9173339230345302,0.08258565988923329,4.38141976622702e-06,8.196255315657596e-08,4.9408179892893415e-06,2.9106751822994493e-06,6.810220074570595e-05,0
0.9064848604964908,0.09344647845291029,4.3296018885103036e-06,8.099320399958464e-08,4.882384258660966e-06,2.876251406738827e-06,5.649181984114877e-05,0
0.6092153872403258,0.3906679826553608,9.675429330305912e-06,1.8099678485743245e-07,1.2459545839761748e-05,6.2822281077250544e-06,8.803190425090152e-05,0
0.6077361608573781,0.3922056688329033,9.7602089316224e-06,1.8258274396435414e-07,1.2279035418992628e-05,6.337275256142932e-06,2.961120736785501e-05,0
0.6324932657968861,0.36744018457484395,9.681842102481425e-06,2.1752275095789993e-07,1.3105637710801777e-05,6.599160185959235e-06,3.6945465519721844e-05,0
0.7403151035812054,0.25962551196368305,8.797325699079498e-06,1.7065684571004798e-07,1.6122489081305036e-05,5.98426482815768e-06,2.8309718657278794e-05,0
0.7832732847344335,0.2166883952560575,9.535375975210898e-06,1.4334100850040252e-07,1.4264776176840842e-05,5.14272106569703e-06,9.233795282940246e-06,0
0.827566745799243,0.17239319054090624,7.529276531319942e-06,1.1845837601701325e-07,1.1293813498538338e-05,4.187188916375671e-06,1.6934922528591103e-05,0
0.6138961740804099,0.38604150831772044,1.1082941433129636e-05,2.0589096041061988e-07,1.855443274329465e-05,6.941643752173502e-06,2.553269298080379e-05,1
0.4720564000090002,0.5276218851841128,1.3059929982759475e-05,3.667432427371241e-07,0.000286822599219941,9.946464234775329e-06,1.1519070206669313e-05,1
0.4769933989435992,0.5227035883396653,1.1373591083285083e-05,2.813601369253483e-07,0.00024879437763845766,8.662145745053351e-06,3.3901242131652225e-05,1
0.5050412496352512,0.49489802919214065,7.937522382331951e-06,1.963585966813113e-07,2.1081032953906494e-05,6.045230149994399e-06,2.5461028525072528e-05,0
0.4594868241893337,0.5404552304713642,9.65708910269623e-06,2.000627197544479e-07,1.3282841892110475e-05,6.901232107225945e-06,2.790411348030221e-05,0
0.38726553668281,0.6126805060655262,1.0730885750360626e-05,1.993507216950518e-07,1.3772061228148834e-05,6.876671490066396e-06,2.2378282473397786e-05,0
0.2802315617386247,0.7197289656208613,9.537538423033892e-06,1.7718156842385507e-07,1.1651258323282066e-05,6.144503185720027e-06,1.1962159013316693e-05,1
0.19147522088668012,0.8084917051073449,8.399205475290108e-06,1.5603443295515875e-07,1.0380062364068605e-05,5.49230202644912e-06,8.64640167621332e-06,1
0.12634813841253023,0.8736253075245852,8.192007490494582e-06,1.521852569631992e-07,7.55572374232114e-06,5.235656226769903e-06,5.418490167754092e-06,1
0.13604935291624023,0.8638179941541516,8.039153070334381e-06,1.6912939724049432e-07,0.00011194331175418788,5.702222289516266e-06,6.7991130966051634e-06,1
0.19605540353411455,0.8038117645477256,8.720009700409886e-06,1.7665455938356132e-07,0.00011079309336312669,5.937851129226142e-06,7.204309407500268e-06,1
0.3872251265501331,0.6121661931336885,1.8964620409163618e-05,2.271208295738371e-07,0.0005600015995190802,1.6632290718992014e-05,1.2854684701558759e-05,1
0.37763118510845023,0.6217358496649472,1.9645025230010615e-05,2.2927001649772873e-07,0.0005798059123470434,1.717820523989942e-05,1.6106813769085383e-05,1
0.3551997187539242,0.6436072143286997,1.9269118598281564e-05,2.250997721337079e-07,0.0011472682212865302,1.8533792244154052e-05,7.770685474977387e-06,1
0.33109399178426674,0.6676249766966003,1.5487752099766044e-05,1.9079243617177696e-07,0.0012380147532937793,1.3156067693265722e-05,1.418215360998885e-05,1
0.2390458535838257,0.760330076975601,1.6198821924029586e-05,1.4319210724178772e-07,0.0005795259876920442,1.4122373288267753e-05,1.407906556180868e-05,1
0.180156562445868,0.8193763759298891,1.5247391190241426e-05,1.1810123956403086e-07,0.0004225178310533168,1.347086348236289e-05,1.5707437277503412e-05,1
0.16600444406664724,0.8336620438997382,8.169074934747214e-06,1.1820137077190032e-07,0.0003043550414513239,5.360118861518096e-06,1.550959699641182e-05,1
0.07582165503495913,0.9238188050372208,1.3844433733244843e-05,1.6655815346726903e-07,0.00032248456609997267,6.6678864665519775e-06,1.637648336692078e-05,1
0.09321669701444871,0.9058855078239295,1.400699559100819e-05,1.225453093626804e-07,0.0008628819716028806,5.586713061006579e-06,1.5196936057584922e-05,1
0.0802492972779039,0.9187793541256376,2.0068482965668748e-05,1.251462961073302e-07,0.0009206671901767128,2.0234231387539547e-05,1.0253545632430564e-05,1
0.09665194625026251,0.9013405070321505,1.077796598088612e-05,1.3628143355590885e-07,0.0019805176334482958,6.443809203082937e-06,9.671027521328118e-06,1
0.08141337325561278,0.9155316756378156,2.2025438497520734e-05,1.2832535903354082e-07,0.002999418111056131,2.3891363828704467e-05,9.487867830062914e-06,1
0.14484099906011094,0.8389857769886807,2.512748468580468e-05,1.884228880648555e-07,0.01609460971073096,3.5915756949814546e-05,1.7382575953658258e-05,1
0.16820133839616205,0.8177532337255388,2.6861153256320753e-05,2.0142310846449027e-07,0.013965315093709112,3.4468322990347544e-05,1.8581885235199296e-05,1
0.21788770425229753,0.7728540941668988,2.9076254724257052e-05,2.884796976582269e-07,0.009161374806009781,5.782767733295321e-05,9.634363038998795e-06,1
0.17049132931344516,0.816407207992698,3.604751311334235e-05,3.894064269862891e-07,0.012967807333279253,9.066520539261974e-05,6.553235644820511e-06,1
0.2072986595302303,0.7787080916373613,3.289013228770393e-05,3.897300812181341e-07,0.013863424274181111,9.003687557780463e-05,6.5078202804443e-06,1
0.152893500316423,0.8234050797081531,2.1335025034769666e-05,2.0343514529579112e-07,0.023635381093915168,4.036589327793977e-05,4.134528050608692e-06,1
0.14849979337369942,0.8235809204893876,3.123869705537781e-05,2.9869319579100493e-07,0.027831144467089917,5.191727759585441e-05,4.687001975988187e-06,1
0.08477589852419469,0.8974318468848294,1.9056273330823963e-05,1.705748309032363e-07,0.017733190975112462,3.6834334457098274e-05,3.002433244710149e-06,1
0.019100987563464695,0.9662867999232334,2.726497470427326e-05,9.653326926222948e-08,0.014537612055707439,3.804604641216076e-05,9.192903208843959e-06,1
0.5939871113725661,0.40595145849923253,1.1662853973971688e-05,2.3541326842063318e-07,1.2401091667777517e-05,7.936992671517704e-06,2.9193776619449603e-05,1
0.5103121267020962,0.48964945702510815,1.0261396257875703e-05,2.1588141794993774e-07,1.198194653185574e-05,7.2784734848672125e-06,8.678575103120403e-06,1
0.6858010992199457,0.31414292351228607,1.2837653170315334e-05,2.7062317354600235e-07,2.039729792150698e-05,9.124099756941422e-06,1.3347593746027692e-05,0
0.4416510640608716,0.5583186466228026,8.634622208648313e-06,1.7635760554549236e-07,8.473516740234717e-06,6.083516065551145e-06,6.921303705673094e-06,0
0.34649755901304136,0.6534697009281379,9.333259158668955e-06,1.906268968559843e-07,9.15911846643614e-06,6.575740161375664e-06,7.481314137427117e-06,0
0.10301066398092246,0.8969505414464093,1.238415235956269e-05,1.931582284277659e-07,1.1560496949533307e-05,6.9300397753612914e-06,7.726725355232252e-06,1
0.130194641506747,0.869755066976246,1.436836938334174e-05,1.995627186792257e-07,1.1702287215641633e-05,7.159817054562875e-06,1.6861480634771335e-05,1
0.7999982093736198,0.1996558891065211,8.352248574257045e-06,1.7033501012883255e-07,1.1862070446328596e-05,5.912167938252975e-06,0.00031960469789005545,0
0.7999982093736198,0.1996558891065211,8.352248574257045e-06,1.7033501012883255e-07,1.1862070446328596e-05,5.912167938252975e-06,0.00031960469789005545,0
0.7999982093736198,0.1996558891065211,8.352248574257045e-06,1.7033501012883255e-07,1.1862070446328596e-05,5.912167938252975e-06,0.00031960469789005545,0
0.8017599885544613,0.19790186411571042,8.165013425205143e-06,1.6651655325142024e-07,1.1596154446782324e-05,5.779632892714399e-06,0.00031244001251041164,0
0.7951228000231123,0.20457448787576873,8.215029169914265e-06,1.675365698739963e-07,1.1667188047122453e-05,5.815036709979669e-06,0.0002768473106221793,0
0.8072664562784653,0.1924271179445725,8.34049468337236e-06,1.7009530232977748e-07,1.1845377279158938e-05,5.9038479060819556e-06,0.00028016596179136527,0
0.714630400931523,0.2849317074252682,9.337979456074665e-06,1.9043791753705025e-07,1.2090485236571096e-05,6.512242024563365e-06,0.0004097604985742051,0
0.6429438406667036,0.35691511076662596,9.470138017141709e-06,1.771564314867044e-07,1.177704188800006e-05,6.058066444803168e-06,0.0001135661638891104,0
0.6073146281412696,0.39255036223740863,9.050052730236665e-06,1.6929795991918781e-07,1.1385608525068218e-05,5.876172901206964e-06,0.00010852848920541438,0
0.8328970080990394,0.16701418178150007,5.4302209159423045e-06,1.0178614221282864e-07,6.149847948056718e-06,3.5329012285494947e-06,7.35953632258005e-05,0
0.5405483603347939,0.45938897585848415,2.3065785938647917e-05,2.303885385654416e-07,2.3461991930712425e-05,8.07882052672116e-06,7.826819787299294e-06,0
0.5458573066836561,0.45408677947026604,1.711092648354583e-05,2.2302319162080247e-07,2.3182747353195767e-05,7.820546758185266e-06,7.576602291387486e-06,0
0.6090674392076826,0.3908836294734029,1.5566373487647507e-05,1.917225036182376e-07,1.980771246580419e-05,6.722954654384547e-06,6.642555803100456e-06,0
0.621596488857346,0.3783579595580276,1.4491188771910405e-05,1.7848004186458912e-07,1.8439574298372463e-05,6.25859356895101e-06,6.183747945342719e-06,0
0.6195886145246089,0.3803696306317337,9.661241542815944e-06,1.7608673143688534e-07,1.9733265149266376e-05,6.083422643609354e-06,6.100827590297594e-06,0
0.5579960020605668,0.44194935435826566,1.1554627399645147e-05,2.1059576688541893e-07,2.428539478405358e-05,7.237077591845584e-06,1.1355885625148794e-05,0
0.34668646814943344,0.6531103436391228,1.1480179511517581e-05,2.597966336018733e-07,0.0001756080769286192,7.81737626656301e-06,8.022782103507436e-06,1
0.28558908158305096,0.7143739387194106,1.1303115586611947e-05,1.8331213581968523e-07,1.28058797673402e-05,6.323414971643406e-06,6.3639750772643e-06,0
0.24586151677949972,0.7541084986474813,7.68482566812047e-06,1.5920399073191965e-07,1.1121725000242852e-05,5.491796241629364e-06,5.5270221182494814e-06,0
0.28944843711771684,0.7105120983431342,1.1708277598974647e-05,2.1701871799086536e-07,1.0526151521781406e-05,6.608882811622696e-06,1.0404208498573044e-05,1
0.1961138432051218,0.8038492085383109,1.2171446263794795e-05,1.9518357207956068e-07,1.1016496103949223e-05,6.615704071285115e-06,6.949426556318565e-06,1
0.19029622559675982,0.8095553674258151,7.679061859435702e-06,1.7377728443187175e-07,0.00012499946706586495,5.4468073084752405e-06,1.0107863906671938e-05,1
0.2215381206175363,0.7783139942607827,8.61010575455609e-06,1.9484682166734635e-07,0.00012615658552453198,5.8630125348420435e-06,7.060571045334671e-06,1
0.495919875436107,0.5038017245452033,1.1855960755331631e-05,2.0429049296039658e-07,0.00024065023450859407,6.289426937623603e-06,1.9400105995275227e-05,1
0.31586216252278176,0.683115801707149,1.1580598710808965e-05,1.9954571951022974e-07,0.0009869843145796418,6.1433510947492804e-06,1.7127959964571153e-05,1
0.33903960157888136,0.659749374384934,1.76718818860528e-05,2.2632975064176757e-07,0.0011679696883700554,1.651205884130662e-05,8.644077336619807e-06,1
0.17906752254964414,0.8205637997832267,9.1483402206542e-06,1.318105842964322e-07,0.0003361249483043351,5.9772606224545255e-06,1.7295307397443684e-05,1
0.3039426557533214,0.6958303085500062,8.266246180057327e-06,1.1531561898353617e-07,0.00019753617349243206,5.423877540309069e-06,1.569408384056952e-05,1
0.3045930012595893,0.6952107754074464,8.258886320318282e-06,1.1789577545410394e-07,0.00016674739188370693,5.419048386051029e-06,1.5680110598872697e-05,1
0.3218538920704343,0.6779666373437806,9.089967216079109e-06,1.2658090052841846e-07,0.0001498431005023982,5.513595276527772e-06,1.4897341889532764e-05,1
0.08382835320665008,0.9129160346022615,2.232745275000164e-05,1.3930136840348467e-07,0.0032007765615407868,2.2969195669214243e-05,9.399679760085466e-06,1
0.08533200996615828,0.9115688442377456,1.8897721776289922e-05,1.3458065825632782e-07,0.0030473720359356273,2.2791097893243146e-05,9.950359832503256e-06,1
0.11621625903788159,0.8769621188427613,2.4253850098592058e-05,1.5321036044003395e-07,0.006758534341150324,3.3494542602083295e-05,5.1861751456835034e-06,1
0.1773297772808627,0.8085031603990196,2.3468770947592e-05,1.4924846131820944e-07,0.014102289801804637,3.5321538211349047e-05,5.832960692731106e-06,1
0.12080956264923341,0.8674132448142751,2.2635484300854542e-05,1.5146366909075712e-07,0.011698135065574433,4.124031498240987e-05,1.5030207964633397e-05,1
0.154576154475365,0.8127789563431933,2.5264446103799186e-05,1.9068038780710256e-07,0.03255813337590205,4.370984197957128e-05,1.7590837068525933e-05,1
0.2181516543746862,0.7448924281129955,2.6268011440057394e-05,2.3962270489348533e-07,0.036858015146514406,5.2281081484691204e-05,1.911365017431574e-05,1
0.23613635058423174,0.7531375705808447,1.9604796872922148e-05,2.673686888730982e-07,0.010647970811445199,3.9102660647002896e-05,1.913319726961515e-05,1
0.18891428601752036,0.7853076055963775,1.9317191940597393e-05,3.867025867695335e-07,0.025693459496016834,5.8641393945063124e-05,6.303601612969661e-06,1
0.20351741907436416,0.786588004512049,2.0085813875529923e-05,2.839239239380934e-07,0.009814018352024858,5.541023010543992e-05,4.778093656974833e-06,1
0.19013137678452124,0.750322231504295,2.4752367240225005e-05,2.390680866957079e-07,0.059469085868780844,4.724760276130571e-05,5.066804314409861e-06,1
0.08309109247100295,0.9089395157853768,2.1810363561259514e-05,1.7797495195492696e-07,0.007892954225245509,5.0910324422566724e-05,3.5388554387959162e-06,1
0.06590784402635842,0.9249445432141858,2.650026603508206e-05,1.755113792889066e-07,0.009079655763858855,3.7900344450123446e-05,3.3808737322456837e-06,1
0.01772821176624833,0.9751266364624267,2.8239535803437912e-05,8.144931478198004e-08,0.007058402010685954,4.511468631932151e-05,1.3314089201421065e-05,1
0.01720794548729703,0.9789175863569035,2.8577126816833325e-05,8.468680315930843e-08,0.003787803091261244,4.415994659498114e-05,1.384330432323877e-05,1
0.011373168708443867,0.9853700391789254,2.286811559894358e-05,8.292034514937659e-08,0.0031736222491011673,4.66642768211939e-05,1.3554550764319935e-05,1
0.5759918447261532,0.4239710777192592,9.965711965774314e-06,1.8513587030924803e-07,1.042581202154183e-05,6.24188286300843e-06,1.025901186713782e-05,1
0.5221118231619072,0.477828522934543,1.1343600307948107e-05,2.2127399668839547e-07,1.3699485104687486e-05,6.949189251664553e-06,2.744035488888216e-05,1
0.8358353064586984,0.16413116682569656,7.029903125447925e-06,1.739058922959508e-07,1.2941167974475971e-05,5.232892267315453e-06,8.148846345471574e-06,0
0.8122537830570272,0.18771632775483568,7.55095409178103e-06,1.708782037387916e-07,1.0090537587168612e-05,5.141788004950177e-06,6.935030249592003e-06,0
0.7581004874471182,0.2418661140689346,7.50176999973465e-06,1.8557894501849534e-07,1.4086805217326427e-05,5.584138717457678e-06,6.040191067492957e-06,0
0.3239830635285828,0.6759840858831301,9.245945132147867e-06,1.8884355390527923e-07,9.490251134167717e-06,6.514223134891636e-06,7.411325331812395e-06,0
0.09731521112651224,0.9026462090296411,1.2510498075957879e-05,1.988886852588331e-07,1.1678439560909961e-05,7.000741492737134e-06,7.19127603184792e-06,1
0.2189278798766291,0.7809493768476282,1.472699244296691e-05,2.329291822644475e-07,3.482477044245085e-05,8.356923290682674e-06,6.460166038428292e-05,1
0.7702622589968064,0.22935708673017072,9.191399651656037e-06,1.8744858212056327e-07,1.3053853605883906e-05,6.506163920417584e-06,0.0003517154072627196,0
0.787156392949827,0.2125489052502812,7.997644869784655e-06,1.631032539070179e-07,1.135845347593033e-05,5.661160483945512e-06,0.000269521437808146,0
0.6626325995039121,0.33690581192912433,9.977811206635969e-06,2.2244154782102893e-07,1.5490751481141213e-05,7.899401224338237e-06,0.00042799816150366164,0
0.6890998127295814,0.3104704018764062,9.447053264024804e-06,2.1060903106683218e-07,1.3947830587507322e-05,7.479201858479173e-06,0.0003987006992713347,0
0.7593371596715776,0.24016571983458002,9.511824916884791e-06,1.939833063104655e-07,1.1637502228662802e-05,6.633480641653147e-06,0.00046914370274899175,0
0.3552305770236701,0.6446628080023931,9.040410342425952e-06,1.7534086265910578e-07,1.1792005182090014e-05,6.085916369715888e-06,7.952130117995454e-05,0
0.33253411866886673,0.6673613205837098,1.0227722684005638e-05,1.6665932187483448e-07,1.1208155117911395e-05,5.784588257306209e-06,7.717362204245334e-05,0
0.34930488379103525,0.6506571875373749,8.557026194773116e-06,1.3894247199353374e-07,8.766710501747289e-06,4.872166392322063e-06,1.559382602873079e-05,0
0.4605306225064916,0.5391946501655098,1.2619456123762211e-05,2.8557848033219297e-07,0.0002444101803395861,8.59316151806333e-06,8.818951536789457e-06,1
0.2777286831269672,0.7222369426095702,9.367747442342367e-06,1.9406852430972534e-07,1.1223556494916267e-05,6.694460280316463e-06,6.894430720737981e-06,0
0.1622811677277656,0.837687046826544,1.0908414560878086e-05,1.5864156822537092e-07,9.61225138563194e-06,5.457773841421157e-06,5.648364334228029e-06,1
0.11705335960877754,0.8829157816053652,1.1674298030316989e-05,1.4655646147286894e-07,8.777844240577445e-06,5.0420077831148875e-06,5.218079341966752e-06,1
0.204289766838051,0.7954524270597929,1.0378499055125056e-05,2.135290214310215e-07,0.00021465615137071924,6.579068498809437e-06,2.5978854209842242e-05,1
0.45525262095519636,0.5445817096898858,1.0406510610607551e-05,2.3549949035776248e-07,0.00014015091044360074,7.086266289083979e-06,7.790168084245051e-06,1
0.26475710596852686,0.7348893862285648,1.1648077331734101e-05,1.864882782569642e-07,0.000325084674752934,5.741355771498256e-06,1.0847206773736662e-05,1
0.11737863227430922,0.8817987192721913,9.615874571431099e-06,1.3734812492902515e-07,0.0007996711162905545,4.630712059358266e-06,8.593402453240222e-06,1
0.25782775202097835,0.7408690010060721,1.8256786499645318e-05,2.059046846470238e-07,0.0012629817272831615,1.4777758592842073e-05,7.0247958892472835e-06,1
0.2415900027521202,0.7570763018155521,2.0290532113719956e-05,2.1016025416992838e-07,0.00128722701974081,1.5390250429651287e-05,1.0577469789441553e-05,1
0.14100698407919035,0.858532527482711,1.1021809975105237e-05,1.547828042501268e-07,0.0004281620786881962,6.971487686058441e-06,1.4178278944914385e-05,1
0.17148195165785438,0.8282386899912807,1.520040155350006e-05,1.3657194330745244e-07,0.0002501338980376999,6.319560780966265e-06,7.5679185495974626e-06,1
0.10389423400977921,0.8948016412932364,1.642799715829736e-05,1.5209928608952357e-07,0.0012670465831071565,6.731351550624481e-06,1.3766665882212256e-05,1
0.09533207883478806,0.9000599236750826,3.166755607563342e-05,1.4899369252839986e-07,0.004539478533179189,2.5094719866487713e-05,1.1607687315529373e-05,1
0.09993206441442871,0.8929601567822136,2.8762530301647816e-05,1.3570306335944452e-07,0.00704754068773611,2.0767631173372942e-05,1.0572251083284297e-05,1
0.17280785791920136,0.810207556889849,2.538835549785352e-05,1.8528347229338182e-07,0.016912701916351764,3.952994668630965e-05,6.779688941181017e-06,1
0.16722582942468622,0.79152867451905,3.043279694114385e-05,2.559353320789506e-07,0.04114832101008653,5.7121409851525505e-05,9.364904052562552e-06,1
0.20706932235754547,0.7786963967838952,3.244172962607597e-05,3.045977532223038e-07,0.014123884685064822,6.650434029389957e-05,1.1145505821263695e-05,1
0.24484511437888407,0.7433660467209834,3.3451180490690944e-05,2.9241196886476807e-07,0.011660090974318308,8.430471634602872e-05,1.069961700870093e-05,1
0.273043403616733,0.7174831248442374,2.934891362314294e-05,2.822306104622191e-07,0.009375952466798653,6.190633800554497e-05,5.9815899918446725e-06,1
0.12546803066267345,0.8667112573855349,2.282843829488261e-05,1.4243845339437367e-07,0.007724063825139316,6.59417608702195e-05,7.735489033727037e-06,1
0.18752575310021563,0.7453623874957579,2.8782155711466548e-05,2.3748777843927664e-07,0.06703087116661625,4.6935282627856404e-05,5.033311292390678e-06,1
0.09627088328090735,0.8900949822997228,1.8147149519674488e-05,1.628355008751031e-07,0.013573210132416576,3.9454424326623614e-05,3.15987760586834e-06,1
0.029628589526655924,0.9555237504110526,2.715512764323594e-05,1.6081938304671304e-07,0.014772761798717143,3.7643189541839206e-05,9.939127006330738e-06,1
0.5520979663909984,0.44786419453477616,1.3378864879227783e-05,1.945694393691236e-07,1.0778142260539263e-05,6.559937019415215e-06,6.927560627124095e-06,1
0.4541172340597138,0.5458170545137665,1.2339149173624923e-05,2.4906420357963146e-07,1.3839337837484556e-05,8.397235940910402e-06,3.088663936398409e-05,1
0.4610389443446451,0.5389200402881918,1.0459766578110174e-05,2.200547745707322e-07,1.4339012997552839e-05,7.419178811874058e-06,8.577354000940675e-06,1
0.7956257478136864,0.20433903974358802,7.526582074385231e-06,1.861927466463162e-07,1.5707241595686105e-05,5.732257333063877e-06,6.060168975596737e-06,0
0.6415460946058201,0.3584203206508208,8.780479197675437e-06,2.1721168021934673e-07,9.876781814029541e-06,6.965745508084661e-06,7.744525158997212e-06,0
0.5899197195962337,0.41004655642517795,9.442909577712191e-06,1.9906053883255393e-07,9.7362899162672e-06,6.7113550926931075e-06,7.634363462875687e-06,0
0.34632116996115747,0.6536459422534188,9.969653708028297e-06,1.8664714500785603e-07,8.96790191071807e-06,6.4384572569604644e-06,7.3251254030149555e-06,0
0.35346941491871947,0.6464980569372212,9.860631473297493e-06,1.8460608225374104e-07,8.869834240988899e-06,6.36805009750142e-06,7.245022165278926e-06,0
0.04648876724618738,0.9533955998015502,7.806215419344055e-06,9.007808788644726e-08,1.4613173276809116e-05,3.2317791326969703e-06,8.989170634567113e-05,1
0.8399271568320755,0.15963559744288136,1.0231038643819858e-05,2.025401821311771e-07,1.341346158433294e-05,7.029979157532988e-06,0.0004063687054754781,0
0.7951747865408013,0.20441335104911953,9.361274589630465e-06,1.9091299640651893e-07,1.264343754559382e-05,6.6264104807152055e-06,0.00038304037446710426,0
0.7683520844266503,0.2312942796352883,8.798902447575394e-06,2.2268846310505305e-07,1.366047205137988e-05,6.808508282680596e-06,0.0003241453668167033,0
0.7940680830282026,0.20559133663406606,9.24270089903267e-06,1.8849481516952373e-07,1.3126712908975263e-05,6.542477685176374e-06,0.00031147995142287487,0
0.7850868945247813,0.21450689652895796,8.990543707509025e-06,2.2743403162331395e-07,1.3957998940763222e-05,6.956798494253633e-06,0.00037607617108639465,0
0.6119523260154398,0.3878907395981949,8.86220904117521e-06,1.754419561662439e-07,1.166306664309612e-05,6.089425230232674e-06,0.00013014424349473092,0
0.376627415431142,0.6232903476697342,1.399703368299403e-05,2.609144406554122e-07,1.5774230046831816e-05,9.01403986192294e-06,4.31906810914712e-05,0
0.36701620240984123,0.6329453710536245,7.290011294614465e-06,1.1836964934771608e-07,1.0319728333197702e-05,4.15075836170332e-06,1.654766889531063e-05,0
0.3932601895666022,0.606706430798154,1.1430035725550669e-05,1.4445892246990835e-07,1.1831937609032926e-05,5.065606628631896e-06,4.907596358220105e-06,0
0.5183061836203632,0.4816395198675165,1.9148198500524107e-05,2.0542988235807447e-07,2.0621793676963118e-05,7.203618551210647e-06,7.117471509265572e-06,0
0.5502205684589495,0.44972921573045893,1.1031260525501046e-05,2.0105683114905876e-07,2.12326983288625e-05,6.90927414598987e-06,1.0841520760129038e-05,0
0.34928464920234625,0.6506512230138828,1.3764443688316084e-05,2.571753857715165e-07,2.7830030605378657e-05,8.670705631239437e-06,1.3605428460326711e-05,1
0.4328668870301164,0.5669998143312327,1.1936945369267456e-05,2.9529640717463e-07,0.00010144662002350753,9.091197299267512e-06,1.0528579551596848e-05,1
0.23326864950403448,0.7666976659147434,1.1049600344484535e-05,1.7566370833575415e-07,1.0159151576101457e-05,6.059579843406222e-06,6.240585749680419e-06,1
0.1116269495905675,0.8883389572239025,1.2929132916224528e-05,1.6230937099545773e-07,9.721348093874231e-06,5.501440285479956e-06,5.778954863452436e-06,1
0.2552010314400299,0.7445577665079454,1.093537481346545e-05,1.7507775429184415e-07,0.00021815836753671057,5.3900635710700254e-06,6.543168349195759e-06,1
0.11629340046729573,0.8832560418536277,9.482529515726974e-06,1.3896208912268343e-07,0.0004256581616412136,4.685127097487168e-06,1.0592898733138538e-05,1
0.23615954552487836,0.7627337856095079,1.983444177262007e-05,2.0543627445994395e-07,0.001061039629884195,1.5044308562344316e-05,1.0545049120176168e-05,1
0.15426202904632694,0.8452970426853469,1.4660291847787906e-05,1.6441264542843685e-07,0.0004101853481254132,7.455677680199571e-06,8.462538027272638e-06,1
0.11300789111748329,0.8865472096443481,1.3047199713762843e-05,1.4308266855179723e-07,0.000415759132880586,6.488419765798123e-06,9.46140313988398e-06,1
0.1717560030998969,0.827961627974786,1.4760496285104339e-05,1.962046423756051e-07,0.0002516243876636465,8.55018877889666e-06,7.2376479470920965e-06,1
0.1814635494317999,0.8182721219080509,1.637519606545225e-05,1.824675349276634e-07,0.00023283104250294219,8.44327648565817e-06,6.496677560421988e-06,1
0.18290915856839574,0.8168499118600067,1.6060862072251768e-05,1.5270952861578126e-07,0.00021237237352829256,6.906469835520768e-06,5.437156632899496e-06,1
0.1473430412234423,0.8523417459961224,1.7939279339628277e-05,1.660915542062825e-07,0.0002837931087295811,7.400682953091307e-06,5.913617858734919e-06,1
0.10196519893536607,0.8947877046449373,1.4626375050233593e-05,1.4460738792633058e-07,0.0032083915681423193,6.837486169905877e-06,1.7096382946318207e-05,1
0.09057316027971604,0.906110611285796,1.5261925367760756e-05,1.5089091826092876e-07,0.00327598445127984,6.991906019186612e-06,1.7839260902939793e-05,1
0.11227203757940589,0.8837119105223183,2.202200414818334e-05,1.4031425893559075e-07,0.003954963583815411,2.4156287972850302e-05,1.476970808044516e-05,1
0.17368715062353393,0.8199036498637476,2.663275662888535e-05,1.931442974895059e-07,0.0063216339979604765,5.396253696957909e-05,6.777076861972272e-06,1
0.1653881356404598,0.8065408941526847,2.203303923613713e-05,1.9038820623315416e-07,0.028004387696728895,4.03239987962274e-05,4.035083887975162e-06,1
0.20669967722920937,0.7380674266789025,2.7214740401559003e-05,2.3516345396669732e-07,0.055153244272340404,4.721786608691049e-05,4.984049605360308e-06,1
0.19539559026215578,0.7648666980515189,3.0806258860799505e-05,2.474543569671292e-07,0.0396523208828552,4.909254749126231e-05,5.244542761144198e-06,1
0.15647746598070272,0.8118397177188359,2.2205086644315493e-05,1.9731381583430417e-07,0.031617753010999644,3.9145149809645475e-05,3.515739191864328e-06,1
0.14228437164794575,0.8338900034456107,2.0191001821081724e-05,1.8850353746075918e-07,0.023766454015070118,3.559453758291937e-05,3.196848432183602e-06,0
0.08123771029343232,0.893157484505163,1.7063779507244278e-05,1.447031105672867e-07,0.02554976230036914,3.506101492010071e-05,2.7734034974985054e-06,0
0.06852898161469505,0.9139314793460006,1.8922699496516675e-05,1.5494361759994984e-07,0.017484054612310177,3.345889309957398e-05,2.947890780561707e-06,1
0.04133855061048868,0.9445444661259439,1.6736139440582457e-05,1.4765727542442963e-07,0.014062398413122144,3.489178976830803e-05,2.8092639609743937e-06,1
0.025798985663909212,0.9666502071469723,1.954689766016116e-05,1.1250400578076362e-07,0.007482072315103313,4.6243902842724374e-05,2.831569506415752e-06,1
0.01815398409135724,0.9760530898338359,1.8376445086876245e-05,8.607827164481667e-08,0.005730764184439192,4.1003056014599406e-05,2.696310994260814e-06,1
0.4808638761324155,0.5190726048483896,1.1462176291740371e-05,2.3136261416580128e-07,1.586800245000047e-05,7.266025902999013e-06,2.8691451936259314e-05,1
0.5693780018893378,0.4305761347362636,1.1535078178338398e-05,2.610389912509824e-07,1.48331743346349e-05,7.854759265203445e-06,1.1379323629075018e-05,1
0.8098011796610969,0.1901658971252351,7.5067268619679846e-06,1.6987734086836017e-07,1.3240527200973399e-05,5.111671673029629e-06,6.894410591085143e-06,0
0.7773400666147446,0.22263104771414488,7.904098399926588e-06,1.7886986470017585e-07,1.0378022882107706e-05,5.382260022865858e-06,5.042419940833097e-06,0
0.7513083187511937,0.24865798229667127,7.936948302651724e-06,1.7997365346762464e-07,1.4308805728152793e-05,5.415473432887083e-06,5.857751017772398e-06,0
0.5738053245179927,0.42615995353632463,9.676070240332793e-06,2.0397566448888338e-07,9.80049146335912e-06,7.036210477350229e-06,8.005197837242493e-06,0
0.05828828511656688,0.9416405414557137,9.618599686629925e-06,1.2245434579239575e-07,6.879325754291316e-06,4.393359236696968e-06,5.01596886957203e-05,1
0.8436527720109823,0.15585364830298912,1.1014167761399248e-05,2.1804350683052912e-07,1.444018748186134e-05,7.568084971214561e-06,0.000460339202307403,0
0.7907072473343328,0.20891859400214938,9.846759808453549e-06,1.9493275262046327e-07,1.2909650624829647e-05,6.7659324368280435e-06,0.0003444413878950704,0
0.7280276074501659,0.2713799706606606,9.755342087507266e-06,1.9894957370010836e-07,1.1935439968328939e-05,6.803307825327105e-06,0.000563728849718568,0
0.6915865788013634,0.30779574686465067,9.873853597220158e-06,1.9546911858509846e-07,1.1776371301681311e-05,6.684289688825144e-06,0.0005891443502796728,0
0.6059954448823681,0.39390594573233867,1.000959400988055e-05,1.9815632257874227e-07,1.3173076990755731e-05,6.877819517115518e-06,6.835073845291865e-05,0
0.5331626930020238,0.4667885145835714,1.0060162894461104e-05,1.9515426910676255e-07,1.1935849558832124e-05,6.843293181831361e-06,1.975795450060247e-05,0
0.3923017642620787,0.6076614389512661,1.1243227443315245e-05,1.4209793919670132e-07,1.1638560790855599e-05,4.982816224866162e-06,8.790084256849728e-06,0
0.4765472391106983,0.5233944238680678,1.7961960301407332e-05,2.2323927021533653e-07,2.45891895023378e-05,7.828123785218714e-06,7.734508374674362e-06,0
0.44691378336507387,0.5530173590961287,1.4679130493240943e-05,2.7426542858351514e-07,3.0147695712110698e-05,9.246898916625505e-06,1.4509548246771379e-05,0
0.3365127587780194,0.6634293295627811,1.2163391639819428e-05,2.752577342571999e-07,2.8345202458430494e-05,8.627570879404744e-06,8.500236487416692e-06,1
0.44819713348299794,0.5517508261625289,1.0959200701485789e-05,2.4800687535912286e-07,2.5711826315395087e-05,7.462618104389779e-06,7.658702476595999e-06,1
0.5881147321407482,0.411824704958476,9.54603831712624e-06,2.950133080653143e-07,3.426957329866847e-05,7.997393956843335e-06,8.454881895014662e-06,1
0.46567303388344894,0.5342529494638311,1.2495460444722985e-05,3.0911296493148324e-07,4.067431709484856e-05,9.516563302755645e-06,1.1021198912814591e-05,1
0.28812034025865063,0.7118387915235963,8.020492053807072e-06,1.8445478781007408e-07,1.4638558089821914e-05,6.362831143797498e-06,1.1661881677796045e-05,1
0.2863633645923398,0.7135959584579462,1.3343316771835504e-05,2.121286229876429e-07,1.226802539339602e-05,7.317449575916812e-06,7.536029349817443e-06,1
0.21728033761732912,0.7826854280241576,1.0951962925581628e-05,1.741114937268903e-07,1.026909528211128e-05,6.00603566831381e-06,6.8331531436071075e-06,1
0.16636528623646823,0.8336024591834423,1.3101294516165876e-05,1.4326445612969754e-07,8.191960265451956e-06,4.928752342887172e-06,5.889308509067842e-06,1
0.1083847963225892,0.8915867396417088,1.0400483744784705e-05,1.3175252611165536e-07,7.983017413683957e-06,4.532705384832117e-06,5.416076632560579e-06,1
0.11070759443806678,0.8892654788555113,9.838758473153753e-06,1.2463663368451273e-07,7.551858370011122e-06,4.28789608307299e-06,5.1235568621100245e-06,1
0.1252203241963252,0.8747519413988403,9.407273383039835e-06,1.3708491473944983e-07,7.83860983300557e-06,4.716156490936438e-06,5.635280212902213e-06,1
0.10871815215550161,0.8912521219930036,1.0696754940604834e-05,1.555633927579149e-07,8.089923461653917e-06,5.244842470263172e-06,5.538767229765633e-06,1
0.422288393237423,0.577500583139038,1.1065206629709231e-05,2.5040579109616874e-07,0.0001822084729160346,7.534802361315162e-06,9.964735840788258e-06,1
0.45503665414014266,0.5446406285977451,9.06729248779459e-06,2.2430687346033907e-07,0.00029768451663726665,6.90566492738883e-06,8.835481186244498e-06,1
0.22108661269825575,0.7786614891990843,1.0476118170578141e-05,1.6772495449742719e-07,0.00022972878140099836,5.257105443654352e-06,6.268372690047627e-06,1
0.1582628356235689,0.8413058727393335,9.686685268107656e-06,1.4195389735382903e-07,0.000405780312225725,4.7859963482498725e-06,1.089668935790804e-05,1
0.1964213768476286,0.8022816047747441,2.3433406863962552e-05,2.1671188862550747e-07,0.0012481802598478951,1.555339053988307e-05,9.634608487088229e-06,1
0.22960044496189502,0.7692288397471804,1.9382079056119275e-05,2.0075090381791316e-07,0.0011257865198805912,1.5041392156542996e-05,1.030454892761607e-05,1
0.1087186042782359,0.8909765444809087,1.6289882994251236e-05,1.5420786364728887e-07,0.0002750937465910344,6.974233817195073e-06,6.339169589426825e-06,1
0.11049617552478214,0.889198188931729,1.727523941055241e-05,1.6353572118577318e-07,0.00027407805238511467,7.3960972549486165e-06,6.722618717401985e-06,1
0.22405314471315665,0.775611777021465,4.808148603109903e-05,1.8934272413133773e-07,0.00027150272130892824,8.56324961933826e-06,6.74146569460089e-06,1
0.16284502613429383,0.8367094507918488,1.648024454494781e-05,1.4418342984485023e-07,0.00041497498944379337,6.381025046292698e-06,7.542631392460199e-06,1
0.11872014923503148,0.8772731608367499,2.1747809885070063e-05,1.4203305591208735e-07,0.003951798169166717,2.7058462156959963e-05,5.9434539538808915e-06,1
0.11935972966253318,0.8761240772671591,1.9719720099429354e-05,1.6169391851951526e-07,0.004452171831545284,3.8223298798195804e-05,5.9165259462926125e-06,1
0.16985822696374098,0.8225697827213155,2.4503469334644132e-05,2.000656843656023e-07,0.007487794369931122,5.217182661371743e-05,7.320583379695948e-06,1
0.22921080148997022,0.7616974377397746,3.160781752330394e-05,2.589097829074837e-07,0.008983409716796065,6.746726666763716e-05,9.01705948518484e-06,1
0.25150226105740126,0.7390416279018317,3.3363030856956054e-05,2.90710906747818e-07,0.009315605020375496,9.621490501235153e-05,1.0637373615484037e-05,1
0.2302931307764322,0.7623175842299,3.093851986679378e-05,2.93835772665105e-07,0.007250486493584014,9.681442917336415e-05,1.0751715270677969e-05,1
0.26865314233002097,0.7244774496736638,3.243735743903423e-05,2.8354968088967176e-07,0.006741822141319288,8.44896099571384e-05,1.0375337918749592e-05,1
0.1750841045009442,0.8045192210606424,2.0481792632261532e-05,2.245626382800387e-07,0.02032392909100337,4.55144395901131e-05,6.524552549522651e-06,1
0.22885647956831276,0.720976931625024,2.6686237564547446e-05,2.305966438208354e-07,0.050084933325797734,4.630090800403512e-05,8.437738653289573e-06,0
0.23250530915270834,0.7258326828381256,2.6763609020508135e-05,2.3126521307976197e-07,0.04158011578441964,4.6435148308833034e-05,8.462202203950914e-06,0
0.2141918781831619,0.746999173741179,2.751046724911942e-05,2.3771883924235493e-07,0.03872581310982117,5.0348571359038464e-05,5.038208390494025e-06,0
0.1654312308259852,0.8076928070924877,2.0794415945856223e-05,2.0031638695547747e-07,0.02681054491225032,4.038159009300445e-05,4.0408468509909835e-06,0
0.10318484892934296,0.8770251428016561,1.646493297509525e-05,1.5074046122579452e-07,0.019733343991330293,3.715948788605798e-05,2.889116348219461e-06,0
0.059594830263051055,0.9254834021960261,1.8681433011568665e-05,1.5275938511290345e-07,0.014868456119422863,3.157089459256683e-05,2.9063345105397176e-06,1
0.035694304505649296,0.9552200127379061,2.2408270330105434e-05,1.5269494458087088e-07,0.009016550374255776,4.366630842189204e-05,2.9051084926293593e-06,1
0.0338307068081988,0.9551052721047955,1.9734117667095385e-05,1.4913698427456379e-07,0.010998651580722888,4.26488353646503e-05,2.8374162665988066e-06,1
0.5556072562193488,0.44434415515549325,1.265929492432667e-05,2.3517532830225287e-07,1.485581467005807e-05,7.928970485731345e-06,1.2909369749499245e-05,1
0.7802399909221843,0.21972656932232207,8.002729655060151e-06,1.6836311375057013e-07,1.2242320866922456e-05,5.676386929918071e-06,7.34995492788894e-06,0
0.6225049088335868,0.37746140681233153,9.431814486075376e-06,1.9882664959519068e-07,9.72485011289573e-06,6.703469482950916e-06,7.62539335027297e-06,0
0.07815012047333872,0.921806575486243,1.3042902294610213e-05,1.9006412126122908e-07,1.1150811344177605e-05,6.690123061864898e-06,1.2230139596344277e-05,1
0.7520080147211394,0.2475645135816175,1.014430716474391e-05,2.393712078042602e-07,1.2833834191257897e-05,7.491371053646409e-06,0.00039676281362568044,0
0.6802580497752353,0.31937627423895804,9.438437308467884e-06,1.868493393528073e-07,1.2214398415994014e-05,6.4853647677590825e-06,0.0003373509359750137,0
0.6185064627052941,0.3813312340942467,8.80719884676726e-06,1.7435293918738734e-07,1.139750491819081e-05,5.962197824712843e-06,0.00013596194593040514,0
0.5902513587400489,0.40957110902024046,9.779363395503236e-06,1.9359853014030574e-07,1.3307898370070019e-05,6.620322781192521e-06,0.00014763105663381096,0
0.8873278411089144,0.11262648754704242,4.807662397190838e-06,9.326248998934337e-08,5.379048350034677e-06,3.222020982335741e-06,3.21693498232764e-05,0
0.8940433435747633,0.10592606223955303,5.0766735355895886e-06,9.848096136466201e-08,5.680031197954752e-06,3.402308086710885e-06,1.633669190199836e-05,0
0.8825664232934707,0.11740709943526108,4.738825590300186e-06,9.192714414282783e-08,5.485733520530369e-06,3.2235236339805196e-06,1.2937261379250317e-05,0
0.49055824530673986,0.5094046506849851,1.2705355736965482e-05,1.6057710084457998e-07,1.3152100307464407e-05,5.630807793227428e-06,5.455167336462434e-06,0
0.4509275832553436,0.5490287158222418,1.4588556607842053e-05,1.8437800358306344e-07,1.6074482927673554e-05,6.465411905026748e-06,6.388092970575266e-06,0
0.4578951943257705,0.5420606674800295,1.4646878598242833e-05,1.8203795322652916e-07,1.5644030575710083e-05,6.383355536373842e-06,7.281891536585545e-06,0
0.33958275583336495,0.6603842361385119,1.095342909809109e-05,1.361341121559934e-07,1.1699132929248613e-05,4.773688250817225e-06,5.445643732962205e-06,0
0.41514217890606525,0.5848198980851145,1.1287322945421202e-05,1.6137204504822365e-07,1.4360417649492718e-05,5.658683361994795e-06,6.4552128182625025e-06,0
0.46151341685741804,0.5384426820738111,1.1045656804448984e-05,2.0519831324164127e-07,1.87568720876414e-05,6.918291051873246e-06,6.975050513631954e-06,0
0.4181042485224758,0.5818259375557524,1.4788006122219623e-05,2.7629966494771176e-07,3.0816966414188595e-05,9.315483492265968e-06,1.4617166078242471e-05,0
0.3979202656276654,0.6020350123672018,1.1640953569273441e-05,2.6343495292724457e-07,1.6755624902982277e-05,7.926854633353248e-06,8.13513707426185e-06,1
0.3680722888098218,0.6318831930995774,9.052184328673214e-06,2.771968739559964e-07,1.8506511284470194e-05,7.899511110683897e-06,8.782687003058669e-06,1
0.22544567076895394,0.7745236043055043,9.829255170413359e-06,1.56262974187574e-07,9.21638966302465e-06,5.390344867637085e-06,6.132672866353728e-06,1
0.17951578949002858,0.8204551466479867,9.98406045258012e-06,1.4548998632940684e-07,8.31921761495864e-06,4.905216103675247e-06,5.709877826960491e-06,1
0.11246418289220644,0.8875076782765682,9.544451362684006e-06,1.3908390327501788e-07,7.95291337414101e-06,4.784928045963082e-06,5.717454539389672e-06,1
0.11595858052374043,0.8840126990550093,1.0847585690060463e-05,1.577569311953029e-07,6.779413474725668e-06,5.318797938529866e-06,5.616867215879608e-06,1
0.10507201160001006,0.8948996094682846,1.0266407909847065e-05,1.4930483635088294e-07,7.61345059149018e-06,5.03383432841054e-06,5.315934039267834e-06,1
0.12769153601711997,0.8720455721301114,8.195388316836968e-06,1.1980539073892784e-07,0.00024564277382279546,4.039256218150543e-06,4.894629019984202e-06,1
0.13546120639654172,0.8641082948125993,1.1044814656719877e-05,1.4580135971834048e-07,0.00040720129048017,4.9157141028859625e-06,7.1911702595123275e-06,1
0.22960017839849226,0.7692279466815896,1.927193702843407e-05,2.0075067074848664e-07,0.001125785212855748,1.6312482399276723e-05,1.0304536964156561e-05,1
0.11394842169942675,0.8859354498095906,1.8056253203896426e-05,1.5913771141306437e-07,8.417408248967508e-05,7.197192038575628e-06,6.541825538988428e-06,1
0.20331321552179718,0.7962317433644034,1.7685342802669268e-05,1.6374047235428672e-07,0.0004220296947968964,7.2465473758586614e-06,7.915788351507579e-06,1
0.244751091412975,0.7544113121655808,1.2647238124355892e-05,1.8114546596114106e-07,0.0008035078038027529,8.325373397211092e-06,1.2934860653811655e-05,1
0.15494967106125412,0.8406585721767306,2.243376097883244e-05,1.839479820964894e-07,0.004325215818882266,3.719241201872533e-05,6.7308221534052e-06,1
0.14570372623701797,0.8424418338308004,2.015250510969734e-05,1.58906148258107e-07,0.011788751781008631,3.9122279827155204e-05,6.254460087913541e-06,1
0.22990979424189859,0.744197725485768,2.6773616159753234e-05,2.931153308943541e-07,0.025807137287938018,4.982598031564832e-05,8.450272589130945e-06,0
0.2256802027599136,0.74391582340268,2.5175906003667714e-05,2.2913373928575072e-07,0.03032122152443734,4.896306356572715e-05,8.384209660251206e-06,0
0.12762538480455698,0.8550094727040144,1.856624709157195e-05,1.7885203154491376e-07,0.01730117216988069,3.9988531034408955e-05,5.236691390469221e-06,0
0.10316110971082604,0.8777013709765913,1.7936239523723496e-05,1.507057811270639e-07,0.01907696326344136,3.74822611772219e-05,4.9868426592950835e-06,0
0.059476536857258316,0.9250559937707346,1.86651397284459e-05,1.4022663335750288e-07,0.01541065135147657,3.447457780466926e-05,3.5380763641931433e-06,0
0.024616487317140143,0.9704252624486936,1.72715938766247e-05,8.558195268483994e-08,0.004897829929921495,3.9838387133076905e-05,3.2247412824861082e-06,1
0.017489027569341335,0.9751396685970087,2.6161643330599197e-05,9.67756750601724e-08,0.007293579685233257,4.54270854993328e-05,6.038643911756543e-06,1
0.6123430806922052,0.3876156288989394,1.1188327358208256e-05,2.0784874476408923e-07,1.1477237686876683e-05,7.007650737124467e-06,1.1409344328331993e-05,1
0.5274061170243395,0.47252893521023065,1.183133850921459e-05,2.4341998979555823e-07,1.5757446898672004e-05,7.500042739444733e-06,2.961551729258933e-05,1
0.46805840422646,0.5318965965893545,1.0145257368617929e-05,2.1343806351141716e-07,1.4090303632983201e-05,7.196095433695487e-06,1.3354089686638673e-05,1
0.8060683779917811,0.19389918766925765,7.635551792355623e-06,1.88888441835668e-07,1.0247630467999676e-05,5.6837226940248204e-06,8.678545564894997e-06,1
0.7970947993348095,0.20287410340036066,7.37414449630774e-06,1.7967766480879775e-07,1.1303366165850873e-05,5.241022569607221e-06,6.999053933200381e-06,0
0.7802399909221843,0.21972656932232207,8.002729655060151e-06,1.6836311375057013e-07,1.2242320866922456e-05,5.676386929918071e-06,7.34995492788894e-06,0
0.7647487953706249,0.23521608734631802,8.790467625281905e-06,1.9430205561764385e-07,1.320987678993637e-05,6.235134471207261e-06,6.687502115031811e-06,0
0.7856422382153608,0.21432070694034283,8.307641669920559e-06,1.8800205492001908e-07,1.760228919718362e-05,5.6570509856915854e-06,5.299860388642488e-06,0
0.7535761157111028,0.24639165663604842,7.739117918897869e-06,1.7548776599886152e-07,1.3320810598440212e-05,5.280491428899615e-06,5.711745136469974e-06,0
0.8408521687285914,0.15862594569603114,1.0977604953323773e-05,2.1731968610570885e-07,1.3657517667210474e-05,7.542961834878181e-06,0.0004894901712360184,0
0.8509617214616443,0.14858636822080334,1.0500589523957785e-05,2.0787638368972886e-07,1.306405063302599e-05,7.215193692951536e-06,0.0004209226073187392,0
0.783493259329218,0.21600642216945162,1.03227921178301e-05,2.043565925645819e-07,1.2842848355689726e-05,7.093025054668062e-06,0.00046985547920965094,0
0.754523436525417,0.24505750600903498,1.004157897275596e-05,2.04995354878303e-07,1.2703870009246227e-05,7.415508307048339e-06,0.0003886915129041718,0
0.7422998767220907,0.2572547935833159,1.001334801014422e-05,2.3628101637960573e-07,1.2668154263721697e-05,7.39466029715554e-06,0.0004150172510058968,0
0.7390793068711312,0.26030180715737966,9.093978538446643e-06,2.2849303474124242e-07,1.2244970883496765e-05,6.985978069446174e-06,0.0005903325509629107,0
0.7096272694296555,0.28991812297115765,9.845929051635728e-06,1.9491630642735948e-07,1.289002960228185e-05,6.765361604939161e-06,0.00042491136262152903,0
0.6398484182921905,0.35981799833830286,8.87776217417579e-06,1.7574985593090281e-07,1.147907989369137e-05,6.00996698770092e-06,0.00030704081059489477,0
0.5888058983004217,0.41101718396081366,9.984234804221567e-06,1.92574746069461e-07,1.3237523794613146e-05,6.653048536176533e-06,0.00014685035688348673,0
0.6470372167525963,0.35278799034171404,9.864321264249177e-06,1.9026186782057315e-07,1.307853731544805e-05,6.573143504171103e-06,0.00014508664173801941,0
0.8980211779177113,0.10192987626963633,4.88812033156848e-06,9.4823270817848e-08,5.461217098988432e-06,3.2759426455772426e-06,3.522570930565032e-05,0
0.9074085059863629,0.09256672080716288,4.4645978570424945e-06,8.660747751176636e-08,5.3517816276825185e-06,3.036983833685173e-06,1.183323567853104e-05,0
0.8995592247215242,0.10042138811616098,5.332866489560486e-06,8.052270908055249e-08,7.76828578823814e-06,2.823614920420105e-06,3.381872407628385e-06,0
0.5002672665833818,0.49969711222661517,1.0856274468605147e-05,1.5751704165610154e-07,1.3732684743915044e-05,5.52350354476613e-06,5.351210204064171e-06,0
0.5171891820413448,0.4827732975816206,1.1435089934366149e-05,1.6591525414558237e-07,1.4464859518897446e-05,5.817995848377456e-06,5.636516478846332e-06,0
0.4129992016801235,0.5869630786317793,1.2361396711183558e-05,1.5363296290275546e-07,1.3671720596670194e-05,5.387304168897348e-06,6.145633657559151e-06,0
0.4348911416787041,0.5650668222272422,1.3522268478255415e-05,1.6806079604268306e-07,1.584761560391005e-05,5.775372596971435e-06,6.722776578421195e-06,0
0.42621601390465597,0.5737447935881362,1.2606565700613116e-05,1.5969900222008477e-07,1.4774444659933932e-05,5.384275146312899e-06,6.267522698776061e-06,1
0.5102717221542638,0.4896808891015267,1.1872110479786738e-05,2.218189606277319e-07,2.0276140702035784e-05,7.478658602030071e-06,7.540015465126112e-06,0
0.4255961285259136,0.5742893408570401,1.1379869421739156e-05,2.2970126015042042e-07,8.07083778897778e-05,7.744411479792685e-06,1.4468256994778187e-05,0
0.3403263448150661,0.6596176486448772,1.1790230309098523e-05,2.668130877763304e-07,2.7347154194486143e-05,8.362885179430406e-06,8.23945728593947e-06,1
0.33622337456163665,0.6637371614118248,9.83517089495692e-06,2.0691439890099375e-07,1.541117003057015e-05,7.1375831284086475e-06,6.873188085764259e-06,1
0.20341197838425432,0.7965552708507222,1.0538824703356515e-05,1.6754352837893725e-07,9.689537563121333e-06,5.7794714518817115e-06,6.575387776693043e-06,1
0.10585011693939389,0.8941253555874387,8.36549128675003e-06,1.2190383048346904e-07,6.834982160432975e-06,4.193878972732657e-06,5.011216916946347e-06,1
0.12109278299386188,0.8788778466108671,1.1695548923374914e-05,1.4815831193330652e-07,6.441024042180836e-06,4.995179090491832e-06,6.090484902745374e-06,1
0.45842650096873333,0.5412762567972353,1.1202969089672679e-05,2.5352335762022093e-07,0.0002697707447533712,7.6286110847642305e-06,8.386385746072551e-06,1
0.08781335222739699,0.9117067300433765,1.7396383117969045e-05,1.509516775874124e-07,0.000449461217124425,6.984950776858579e-06,5.924226529565919e-06,1
0.21165161798400228,0.7873240930033892,2.1428772572164173e-05,1.983991705498163e-07,0.0009871374920342416,8.780413101591172e-06,6.743935730202794e-06,1
0.21936293358619013,0.7798784830543639,1.858008522436599e-05,1.7202448179638403e-07,0.0007263706689539999,7.613166978337457e-06,5.847413807433021e-06,1
0.15708823759611373,0.8420835011320162,1.1287511604036208e-05,1.4272435684107992e-07,0.0008008786070747969,6.282976353858686e-06,9.669452480329563e-06,1
0.13821988404526603,0.857479236206222,1.1786259952366448e-05,1.4903075454307926e-07,0.004271942041595398,6.905710706404344e-06,1.009670550322769e-05,1
0.1740850545726216,0.8174176574981871,3.0609767841724215e-05,1.8980154124188585e-07,0.008380111708140878,3.415489356157505e-05,5.222175810595652e-05,1
0.21432325404187294,0.7704929919611035,2.780835219758151e-05,2.373197810660758e-07,0.015075125970618723,7.189861013252238e-05,8.683744293552107e-06,1
0.16947894689652293,0.8159770496164412,2.2800332391794294e-05,1.9458074513041336e-07,0.014460616428257132,5.3272261123038374e-05,7.11988451856397e-06,1
0.15487295680307459,0.8290763244806745,2.137140154221879e-05,2.3322582483042517e-07,0.01597267997081847,4.9710410408914335e-05,6.723707656739145e-06,1
0.13498849809687716,0.8555887876780002,2.1120475106357408e-05,1.921532112668151e-07,0.009350142632054229,4.498443622874029e-05,6.274528522362213e-06,1
0.14483606233947863,0.8452326590241367,1.9945888705873198e-05,2.107369199499477e-07,0.009858859920566393,4.586477067676692e-05,6.397319515568691e-06,1
0.23339725590154675,0.7484517741113422,2.5694037297446654e-05,2.316952879930984e-07,0.018055766685350253,6.079963014339348e-05,8.47793903194607e-06,0
0.1989126280291512,0.7846398657191702,2.0968448062972724e-05,1.908403578797938e-07,0.016376423472974105,4.29404698993961e-05,6.983020384030662e-06,0
0.08800603651767494,0.8985439341456302,1.9248419890814483e-05,1.4418877580058672e-07,0.013391137275339993,3.5861406994233306e-05,3.6380456937976126e-06,0
0.04858233287566222,0.9383477853060845,1.7150234502334397e-05,1.7120676264549174e-07,0.013009207499749457,3.992284853751159e-05,3.4300287011447275e-06,0
0.059528241099964165,0.9258601649976708,1.8157135929981906e-05,1.4034853540943878e-07,0.014558417469361627,3.133779644744427e-05,3.5411520906680233e-06,0
0.02562929912445653,0.968602058995877,1.941833270554638e-05,1.1176403810667771e-07,0.005696710806432369,4.8975006599845905e-05,3.4259698903556553e-06,1
0.6213881452902774,0.3785423898596073,1.2708359660716661e-05,2.6146397354117255e-07,1.6628202830533454e-05,8.055998104472932e-06,3.1810825546008665e-05,1
0.46556218079582207,0.5343918399211022,1.172686741918866e-05,2.653791846324507e-07,1.63852606580645e-05,7.985357280513293e-06,9.616418533371522e-06,1
0.8018637365256533,0.19810370750835127,7.595722965720729e-06,1.8790315547944944e-07,1.0484988570503391e-05,5.654075065146478e-06,8.633276238440647e-06,1
0.7943915878683804,0.20558050025238725,7.589180165790585e-06,1.7174326036386746e-07,1.0141620090374817e-05,5.167817876994109e-06,4.841517838759813e-06,0
0.7590278846772053,0.24093698742808603,8.554016505634361e-06,1.9357752112753306e-07,1.509844664061628e-05,5.824818814709865e-06,5.457035226513217e-06,0
0.6721556171427467,0.32780718781408913,9.39045215940135e-06,1.9795471420627907e-07,1.3847631835756109e-05,6.828515733135415e-06,6.9304887214269165e-06,0
0.4386615808811004,0.5613065897109845,9.691728861963625e-06,1.814439673886629e-07,8.717902980860323e-06,6.11740981770717e-06,7.1209222872740405e-06,1
0.32873011385209927,0.6712358178597272,1.0286417648849916e-05,1.9257744980351634e-07,9.252837379224188e-06,6.7785904545070315e-06,7.55786524109008e-06,1
0.08011217976207098,0.919850423070593,1.0407052874221337e-05,1.948359254800409e-07,1.2290690297313701e-05,6.858087205960774e-06,7.646501033239512e-06,1
0.037273387414746895,0.9626661256922817,5.256138176806254e-06,6.61690616506593e-08,9.861070362424423e-06,2.3739823711878996e-06,4.292953299952227e-05,1
0.04934115592803389,0.9505988933015155,5.22030975954283e-06,6.571801487793209e-08,9.67003829913797e-06,2.3578001423138066e-06,4.26369042349251e-05,1
0.05396869862303414,0.9459030081147448,5.7099052268368045e-06,7.18814886344419e-08,1.0567990298716584e-05,2.5788249485099948e-06,0.0001093646602582135,1
0.833794067334794,0.16558902193882594,1.0885459090230185e-05,2.1549550768713907e-07,1.3542876654119547e-05,7.479646318286705e-06,0.000584787248809766,0
0.733571086087257,0.2660254466391895,9.297631471888408e-06,2.0203697916954196e-07,1.2519187963489906e-05,7.3077056261745635e-06,0.0003741407115128674,0
0.7444457764662009,0.25517008248919115,1.0367444165548096e-05,1.9738282158504995e-07,1.2008333284274638e-05,7.009509319485489e-06,0.0003545583750171657,0
0.7390825621157634,0.26030295364606176,1.0571792777568587e-05,2.0127335670474991e-07,1.2245024815971086e-05,6.986008838901359e-06,0.0005844801383856046,0
0.9152844131662328,0.08464426408793835,5.05861907954757e-06,9.813072805234257e-08,5.651705592450038e-06,3.3902082695053276e-06,5.7124082159472826e-05,0
0.9009988632949025,0.09897265782013008,5.566626031812281e-06,8.405232146676029e-08,8.396699004723524e-06,2.9473845539905005e-06,1.148412305517962e-05,0
0.6136191625837409,0.3863385475408084,1.1833966632448149e-05,2.6780284142617154e-07,1.4580340409786884e-05,8.058286004934574e-06,7.549479562041415e-06,1
0.18699415152223223,0.8129765208410994,9.437300826146557e-06,1.5003178469060882e-07,8.676781654817667e-06,5.175397849644698e-06,5.888124553153982e-06,1
0.17097951780179085,0.8289921988994509,9.736586853852366e-06,1.4188374509451075e-07,7.95522882857982e-06,4.881251497713361e-06,5.56834783314234e-06,1
0.15586640577463537,0.8441032757856395,1.13676412239049e-05,1.440044024809409e-07,8.725370864451357e-06,4.9542088476673946e-06,5.127214386771819e-06,1
0.14590734613256615,0.8540608521096337,9.361209105863781e-06,1.7490518451769497e-07,1.0141266360867983e-05,5.896953799761808e-06,6.227423349079872e-06,1
0.25983461663443563,0.7399044315087108,8.823035311021785e-06,1.9966542070655375e-07,0.00023177151291095527,6.00800595236611e-06,1.4149637258590499e-05,1
0.2887593593540097,0.7109762190014705,1.0243059257371044e-05,2.3180058379572546e-07,0.00023857217300690434,6.974964830056552e-06,8.399646841732658e-06,1
0.45887788217838227,0.5407432259395917,9.002407703243776e-06,2.2270175228692021e-07,0.00035403826877823956,6.856248568360278e-06,8.7722552239251e-06,1
0.26615545244566435,0.733604642503741,6.6489357413605836e-06,1.70403585947326e-07,0.00021910335112294786,5.2747456296220744e-06,8.707614514863774e-06,1
0.206027870723541,0.7936931598871084,1.035198443226038e-05,1.5170354923615694e-07,0.00025586871783281226,5.1147072831051614e-06,7.482276253369447e-06,1
0.1277938408967611,0.8719400436314705,9.123183290873572e-06,1.1844457045859836e-07,0.0002480414350060644,3.993375963971635e-06,4.839032937086744e-06,1
0.0942932487152014,0.9054312714825876,9.556111338685365e-06,1.214902400399493e-07,0.0002573805320910417,4.096061158010283e-06,4.325607383202273e-06,1
0.0985614883514884,0.9010622782434172,9.47531925356126e-06,1.2549319634964103e-07,0.000357274567872499,4.231021413681429e-06,5.127003358321716e-06,1
0.19685224118289532,0.8017803289144402,2.3002527725135822e-05,2.1272712309454774e-07,0.0013178624942179807,1.689470039364165e-05,9.457453204804735e-06,1
0.1554130038430158,0.8435736537062761,1.1614862162405348e-05,1.6311122588181136e-07,0.0009792767020142333,7.346603572676988e-06,1.4941171732888835e-05,1
0.15640303014474866,0.8428087014276527,1.4411908172730325e-05,1.6162706533757277e-07,0.0007607626830239379,7.329359006500575e-06,5.602850330059193e-06,1
0.11107868765073814,0.8881529225138205,1.2850567102757888e-05,1.4092628869066748e-07,0.0007440085948117623,6.390633654767782e-06,4.9991135834258585e-06,1
0.10174201709406754,0.8975114304182927,1.6502801353333695e-05,1.5622345119306684e-07,0.000716533450789432,7.228890292674263e-06,6.131121752935651e-06,1
0.22393239418487254,0.7749991183340966,2.1093321032584755e-05,1.9529337869971904e-07,0.001031917539953603,8.642962247457878e-06,6.63836441873814e-06,1
0.2031126741564754,0.7962133726902504,1.9386327455123303e-05,1.6960835605027219e-07,0.0006410131056746846,7.6188263322973255e-06,5.7652854562775645e-06,1
0.2013031455381379,0.798031305631173,1.9058411453990975e-05,1.667394633214467e-07,0.0006307729543354867,7.489955349900483e-06,8.060770086461637e-06,1
0.23372911143921166,0.7656628863353235,1.9541928995060835e-05,1.7096969287122436e-07,0.0005721840863682544,7.566485923813794e-06,8.538754484712359e-06,1
0.21811014527260864,0.7812204352276878,1.8606270716012847e-05,1.6278374517682407e-07,0.0006353163160955895,7.2042061714052265e-06,8.12992297537679e-06,1
0.22658693316589115,0.7728797931040303,1.2246633869745012e-05,1.5485192873711228e-07,0.0005034251932632206,6.955965966203035e-06,1.049108505059253e-05,1
0.17721420681732364,0.8217149663970874,1.1014486337695454e-05,1.392721029779774e-07,0.0010441064598115109,6.131002087731551e-06,9.435565248898747e-06,1
0.13312244824659317,0.8614657294283995,1.1841055268020751e-05,1.497236110786037e-07,0.005385032203747757,6.937815937368536e-06,7.861526443183995e-06,1
0.12773400144415267,0.8681893935306612,1.7984912158151477e-05,1.4818827045556934e-07,0.004027070657905234,2.509553320916731e-05,6.305733642917702e-06,1
0.15732958104231193,0.8368363870541828,2.525338880972453e-05,1.8311163394783328e-07,0.005763100200614833,2.95008774967551e-05,1.5994324949935347e-05,1
0.23110567118927544,0.7585627088832668,3.109038722686023e-05,2.2304096719200022e-07,0.010242389972378642,4.013634686245833e-05,1.7780180022603072e-05,1
0.31130045978833853,0.6855018791378541,3.0365960575362285e-05,2.696504030865902e-07,0.0030951732337225523,6.198547826692221e-05,9.866750839472792e-06,1
0.213914437811372,0.7819972902143295,2.5213917473411982e-05,2.2327095327715228e-07,0.004014933775141462,3.973132568454309e-05,8.169685045750955e-06,1
0.20055005903996906,0.7953580978286509,2.1079839920408404e-05,1.9310010660385864e-07,0.004022746935160096,4.066937743269243e-05,7.153878760179026e-06,1
0.17570266477317453,0.8194430531646298,2.189322267953654e-05,1.8637701215702214e-07,0.004775926005455393,4.9371652219032714e-05,6.9048048295023845e-06,1
0.1329031036457942,0.8599809710749828,2.006302876301844e-05,1.7122027079245683e-07,0.007037179532786425,5.224639365658928e-05,6.265103746326447e-06,1
0.24977302479508384,0.7312806106490921,2.7265156950305716e-05,2.3645453658781976e-07,0.0188616534854813,4.855737463623018e-05,8.65208421967697e-06,1
0.11498183647549354,0.869219378114656,2.0336648318259334e-05,1.4698005793179247e-07,0.01573902041922227,3.5572889356903264e-05,3.7084728950913633e-06,0
0.10938601364773849,0.8790968389325112,2.036354362726034e-05,1.4566058113157623e-07,0.011457709491918875,3.5253542617736275e-05,3.6751810048978347e-06,0
0.048994789184632466,0.9399589049740517,1.8933936088277825e-05,1.4183299622210226e-07,0.010981613310559333,4.2038154957981206e-05,3.5786067138669243e-06,0
0.05674999261747858,0.9305937731562176,1.730780022474785e-05,1.4561324039725365e-07,0.012603915398081216,3.149129276811305e-05,3.374121989602632e-06,0
0.6110236625649296,0.38892549665745857,1.1493638327718862e-05,2.4180558641688844e-07,1.7892035863334442e-05,8.152510604855407e-06,1.3060787229475869e-05,1
0.5342382168557613,0.4657050405463478,1.166504121652446e-05,2.532727195812349e-07,1.6124112142360085e-05,7.098958333920986e-06,2.160121347857035e-05,1
0.8001016835211913,0.1998658324450069,8.377128675556365e-06,1.8957454689413375e-07,1.066896674950643e-05,5.704367847605365e-06,7.543995982152313e-06,1
0.7832921852460816,0.21667312412073836,7.126114062344249e-06,1.7628596048906953e-07,1.3984203613445913e-05,5.3045093947113406e-06,8.099520148970679e-06,0
0.8032736278096374,0.19669326977475635,7.446217504786328e-06,1.685080132126875e-07,1.3367203835892343e-05,5.281649330084556e-06,6.8388369222033645e-06,0
0.8034718448847734,0.1964950563870598,7.448054945234423e-06,1.5669375025958866e-07,1.3370502348323684e-05,5.282952638254848e-06,6.840524484455032e-06,0
0.7719006679538681,0.22806471969567219,7.464978308858868e-06,1.7167911653422477e-07,1.2262964040146584e-05,5.788186447290942e-06,8.924542546844017e-06,0
0.7907218736773113,0.20924327130572734,8.82319568655737e-06,1.996690500073165e-07,1.419527896780532e-05,6.008115159361032e-06,5.628758097467849e-06,0
0.797454058647149,0.2025103454010441,8.374343290968211e-06,1.895115135993527e-07,1.5987213158864906e-05,5.702471152579749e-06,5.342412690883526e-06,0
0.7981503780320447,0.20181414838913234,8.345553686346537e-06,1.8886000441729367e-07,1.5932251769075388e-05,5.6828670016457486e-06,5.324046361279838e-06,0
0.3602848260073896,0.6396822936502315,9.967397411977958e-06,1.8660490369953967e-07,8.96587232751954e-06,6.437000128548125e-06,7.323467607067465e-06,1
0.03394907589580431,0.9659958318718385,4.787357582977054e-06,6.02676239467202e-08,8.98158845673798e-06,2.1622533739145205e-06,3.910076531964473e-05,1
0.7444316033474914,0.25516522443775935,8.918064986774405e-06,1.973790637154374e-07,1.200810466381829e-05,7.009375869057235e-06,0.0003750392901660818,0
0.749264858129127,0.25006624458555893,8.975965914202044e-06,1.9502622097184878e-07,1.2086067809154678e-05,6.895320982297234e-06,0.0006407449043874683,0
0.7413896252880542,0.25791581453557677,9.01062081637578e-06,2.2639858883656214e-07,1.2132730363535447e-05,6.9219428162460386e-06,0.0006662684837839991,0
0.735207611496617,0.26407464492144656,1.1218693563381782e-05,2.220924303686188e-07,1.3937424459741456e-05,7.708619297705789e-06,0.0006846567521851971,0
0.6569295757451725,0.3426457048116115,9.995696708053235e-06,1.895197013218962e-07,1.203218970521432e-05,6.547503227663399e-06,0.00039595453387350737,0
0.6958066718489558,0.3041224105655468,1.0611070168785173e-05,2.0584116429863924e-07,1.4471279130096953e-05,7.218040592360757e-06,3.841135444178367e-05,0
0.6642821581996939,0.33564268013208526,1.1438253004236903e-05,2.2188745135817786e-07,1.3990140109396873e-05,7.780720811096717e-06,4.173066684445952e-05,0
0.6515508905462639,0.3483466699311326,1.173191443344567e-05,2.2628378511031932e-07,4.1768999144794255e-05,7.93488295640252e-06,4.0777442283557915e-05,0
0.6783101936107475,0.3216196174172497,1.0817138115578482e-05,2.0863968713206016e-07,1.542256164525451e-05,7.316173788794559e-06,3.6424458766123705e-05,0
0.9193941217462993,0.08058432217513312,3.756613903721868e-06,7.245712693819674e-08,7.23835671674679e-06,2.540786655709747e-06,7.947864164098524e-06,0
0.9129251882838814,0.08705961966484482,3.6342414418349794e-06,7.009682129276104e-08,6.6846691119954585e-06,2.421696322134667e-06,2.3813475763036903e-06,0
0.8478725469142107,0.15210412287430097,5.595868574013122e-06,1.0855267981597938e-07,1.0058280161621896e-05,3.8065158249129623e-06,3.760994247652564e-06,0
0.5339913865126622,0.4659672303152855,1.2807523996762113e-05,1.8273931344889353e-07,1.574833578394346e-05,6.313255225088241e-06,6.3313177331629265e-06,0
0.2779601924504781,0.7220009701264679,1.0439397296130539e-05,1.6668927763781643e-07,1.5718285641266686e-05,5.845137810022604e-06,6.667913028883031e-06,1
0.28206294126578846,0.7178984894689674,1.039861607874006e-05,1.6603811057565957e-07,1.565688259226311e-05,5.705863452104758e-06,6.641865010682548e-06,0
0.33672812175222755,0.6632334429956476,1.0361625465682623e-05,1.6863537313336637e-07,1.5601186941873608e-05,5.685566194708467e-06,6.618238149499338e-06,1
0.4315640624766915,0.5683932403220369,1.1510589460232942e-05,1.8733475312731713e-07,1.733114737403062e-05,6.316018517849076e-06,7.3521111664616545e-06,1
0.41119811165312314,0.5887590161447083,8.527989825285507e-06,2.6355126660147353e-07,1.3761143300212726e-05,7.442065686096796e-06,1.2877452090367858e-05,0
0.15589633179933116,0.8440750306252602,9.858547357928542e-06,1.4366098113540278e-07,8.0548760388947e-06,4.942394062568945e-06,5.638096967905393e-06,1
0.09452433032795218,0.9054481277442148,9.565243308000396e-06,1.3910776771177908e-07,8.169677864918884e-06,4.715027066023108e-06,4.952871826386998e-06,1
0.09779800913754005,0.9021737242549062,9.816922779757063e-06,1.427679536963496e-07,8.38463739529959e-06,4.839088261654438e-06,5.0831911632616765e-06,1
0.11397421461217735,0.885999095764673,7.893091081299402e-06,1.2845999540120235e-07,9.056297161386788e-06,4.331047476307745e-06,5.280727435325756e-06,1
0.1437331972139378,0.8562206200709109,1.0821730913899133e-05,1.7612358569206787e-07,2.205132890823968e-05,5.938032373016588e-06,7.195499370396566e-06,1
0.47954281267820953,0.5200804399388778,9.359998536474405e-06,2.3154784188731742e-07,0.00035118387741,7.12859033727537e-06,8.84336878702866e-06,1
0.11195679940941627,0.8877710816135722,1.0756640496244892e-05,1.1912060606118848e-07,0.0002523603950486429,4.016168602888885e-06,4.86665225754112e-06,1
0.13824110770864126,0.8613187492530898,1.0324438846773433e-05,1.4746888658071125e-07,0.00041742578000976817,4.971935014200728e-06,7.273415511564733e-06,1
0.18053375351855833,0.8176762986306013,1.391940481509764e-05,2.2285273048945385e-07,0.001753196502333047,6.705720632765187e-06,1.590337032893811e-05,1
0.1952727758412328,0.8034250906111858,2.2713065613764263e-05,2.1005018067618656e-07,0.0012531898917448505,1.6682098730669216e-05,9.338441311608795e-06,1
0.3075644377615998,0.6911179932859473,2.6821955778517775e-05,2.3715842572241578e-07,0.0012519135606627297,3.0953390290365544e-05,7.642887295747024e-06,1
0.10459843328243068,0.8952261598855403,1.9162927006235873e-05,1.6075453732771273e-07,0.00014233564626192912,7.4385561547703004e-06,6.308948068718549e-06,1
0.10962468447172752,0.8902614937702049,4.2860756101246974e-05,1.6114356537514148e-07,5.7187733429883686e-05,7.287909166767417e-06,6.3242158041697705e-06,1
0.22601531785865778,0.7721586681310714,2.1016011876235943e-05,1.9457760870198082e-07,0.0017894489386894056,8.740447955374882e-06,6.614034141303125e-06,1
0.20928884149450666,0.7890680327614179,1.871970510391689e-05,1.733171581828583e-07,0.0016106709916171795,7.670376051583385e-06,5.891354144714542e-06,1
0.2662125888224522,0.7326527094500542,1.7449536696867085e-05,1.5266363574253878e-07,0.0011027187061277983,6.756327577860284e-06,7.624493455287108e-06,1
0.20414922761833548,0.7932544933145816,1.1515596198534526e-05,1.456083607027894e-07,0.002568005895685957,6.747125575054223e-06,9.864841262672708e-06,1
0.156858036544805,0.83652007309117,1.1239134488577256e-05,1.609329798442849e-07,0.006595508696414031,7.09775362397205e-06,7.883846518355288e-06,1
0.16372569176476173,0.82863884769782,1.1409701804980793e-05,1.579352205373803e-07,0.007608445736537546,7.318321286953227e-06,8.128842568370725e-06,1
0.16596681213940995,0.8273005048697405,1.887088008404815e-05,1.667878741286176e-07,0.006681425947675683,2.4238727186101286e-05,7.980648029682043e-06,1
0.20805098204755537,0.7819670542760848,3.122840282246747e-05,2.2643629769804043e-07,0.009890138542213536,4.0591673385452316e-05,1.977862164058097e-05,1
0.3374308804909389,0.6599870009144889,2.533833168295089e-05,2.5830907999266293e-07,0.002506080231123857,4.4967125138468135e-05,5.474597546865146e-06,1
0.20690411782786028,0.7828678020135172,2.2653363633801975e-05,2.9037578825051704e-07,0.010151097076595828,4.679682633718699e-05,7.2425162674190555e-06,1
0.24026697197841843,0.7443611335934438,2.6015362708885886e-05,2.3384434333738557e-07,0.015289067290579657,4.802135560541232e-05,8.556574900387587e-06,0
0.18624193221874275,0.8011196657087477,1.9543831790295677e-05,1.7623597579159814e-07,0.012570441385273797,4.179198656509772e-05,6.448632904615647e-06,0
0.04788358517506592,0.9434292399468431,1.760442856290907e-05,1.7400728155059422e-07,0.00862187645120867,4.4060890265433335e-05,3.4591007723907146e-06,0
0.05512359113013377,0.9376365914555957,1.682783026995504e-05,1.648161183061567e-07,0.007176425082789381,4.309768926339907e-05,3.301995829288398e-06,0
0.0367973505967917,0.9522776387702393,1.602121464461254e-05,1.4850860451557653e-07,0.010867044003654514,3.8521577163017445e-05,3.2753289024101497e-06,0
0.028162267928528446,0.9629546578117362,1.7935887007278903e-05,1.820058141255439e-07,0.008807228747544972,5.437884937777718e-05,3.3487699909767444e-06,1
0.019991405024248784,0.9709755368579427,2.456815525082876e-05,1.012681723322365e-07,0.00894647677188615,5.804850508805566e-05,3.863417411220596e-06,1
0.8080544136421641,0.1919146858289938,6.622252661288003e-06,1.522981634129002e-07,1.1074177368244359e-05,5.134754786777551e-06,7.91704586220696e-06,0
0.8037022565820586,0.19626799010130286,8.276064854390858e-06,1.8728747111353303e-07,1.0374699459139867e-05,5.635548896107719e-06,5.279715957710752e-06,0
0.7981503780320447,0.20181414838913234,8.345553686346537e-06,1.8886000441729367e-07,1.5932251769075388e-05,5.6828670016457486e-06,5.324046361279838e-06,0
0.4454892728903275,0.5544733809353974,1.0646331608672257e-05,2.1744570925965824e-07,1.0447691506157557e-05,7.500864289774349e-06,8.5338411611251e-06,1
0.2833647428869202,0.7166011414283096,1.0274482305124805e-05,1.9235400193900472e-07,9.329027375564802e-06,6.770725247220281e-06,7.549095840258823e-06,1
0.062114154729446196,0.9378354812520076,9.958534653612836e-06,1.1491429733356548e-07,1.8642297792056187e-05,4.1228409359589485e-06,1.752543086724739e-05,1
0.048794736283710734,0.9511579276465938,8.44457658249525e-06,9.744431465174158e-08,1.4509657891786358e-05,3.4960611407342987e-06,2.0788329766064693e-05,1
0.0570299454221608,0.9428930776067038,6.332820334434349e-06,7.972331872491803e-08,1.1881039807137321e-05,2.8602756107493347e-06,5.582311206433518e-05,1
0.8231240668791929,0.17619969133109323,1.0601873099513668e-05,2.0988145810633042e-07,1.3190060106716686e-05,7.284787939434845e-06,0.000644955187110108,0
0.7483633683136627,0.2512225936384511,1.0573372551117348e-05,2.0130343356415141e-07,1.2246854625419228e-05,7.148739096347081e-06,0.0003838677781800664,0
0.7607176476089732,0.23855082891335314,9.11316686107458e-06,2.2897513492408437e-07,1.2270807809643985e-05,7.000432341407017e-06,0.0007029100955266175,0
0.7317054534113224,0.2675798100356208,1.1657857993565281e-05,2.2103449409519688e-07,1.3711456730603942e-05,7.750810952353335e-06,0.0006813953928863783,0
0.6627969695764625,0.33670384928590863,1.0722095269647084e-05,2.0329231192171635e-07,1.3355142414398898e-05,7.02331767717285e-06,0.0004678772899556351,0
0.6759030034354113,0.3238966312247163,1.1654937904434434e-05,2.260908607629901e-07,1.961051977576817e-05,7.928117857812927e-06,0.00016094567347367333,0
0.6521131350515263,0.3475759274381477,1.2578872601383849e-05,2.4261981459283783e-07,4.478441450543086e-05,8.50772330310668e-06,0.00024482388010135467,0
0.5276077451329905,0.47233813064502267,1.2655578090702244e-05,2.3198728124951816e-07,2.5064176206806446e-05,8.13488214894198e-06,8.037598259085627e-06,0
0.6072019428064185,0.39274328432383043,1.4910001288909029e-05,2.1273771571665015e-07,2.492983046417408e-05,7.349636320578014e-06,7.370663961731962e-06,0
0.3492319948738795,0.6507082312910443,1.2546349638227043e-05,2.839240794739619e-07,2.9632319401471594e-05,8.54337998769779e-06,8.767861969486657e-06,1
0.16599628474143108,0.8339725302449906,8.410748934015317e-06,1.717851119602653e-07,9.934840881226476e-06,5.925786331699757e-06,6.741852319396278e-06,0
0.1914049430525951,0.8085656537917161,9.513206495936917e-06,1.5123851353358812e-07,8.479737985859713e-06,5.323489044218788e-06,5.935483649388143e-06,1
0.0868769288891234,0.9130968596804871,7.242198521403683e-06,1.3531351072015282e-07,9.429717844587301e-06,4.586421563215875e-06,4.8177789493678355e-06,1
0.09446254042706757,0.9055085024469021,8.181743297589557e-06,1.3315780795591008e-07,1.0678945120579553e-05,4.4894349115998635e-06,5.473844892368968e-06,1
0.22445874252913114,0.7754554178683782,1.0670028026663678e-05,1.9553495895153012e-07,5.746357006477444e-05,6.592489652923003e-06,1.0917979787306837e-05,0
0.5516423000823456,0.44798840506027215,8.895771588939397e-06,2.2006378583444584e-07,0.00034276890091244113,6.7750343276664845e-06,1.0635086767537024e-05,1
0.12898710078783135,0.8706953466678317,1.0708679359140215e-05,1.3385960207514743e-07,0.0002955947268474104,4.513096002661852e-06,6.602182525955329e-06,1
0.14744152084262568,0.852104470259802,1.1346443590942285e-05,1.4183172108475437e-07,0.0004307433641513509,4.781877157522924e-06,6.99538095179941e-06,1
0.23202504477538258,0.7659984613912904,2.1475537050970542e-05,2.028708500751388e-07,0.0019323654772228703,1.5216734957910286e-05,7.233213245473182e-06,1
0.21993760568108736,0.778311866831538,9.760864822186855e-06,1.6959066106633114e-07,0.0017283144286589266,6.817217362472484e-06,5.465385870195927e-06,1
0.1777047001849631,0.8205418976245096,1.0854430072717983e-05,1.7262174289537718e-07,0.0017239507604426907,7.774961571288899e-06,1.0649416697943955e-05,1
0.11228099002969026,0.8867764664415989,1.7648768118021338e-05,1.6707172350144623e-07,0.0009110614700663726,7.730869795645396e-06,5.93534900712021e-06,1
0.2656456200043499,0.7330392399507966,1.2855291480909169e-05,1.6254806843000696e-07,0.0012839540625207606,7.155650884791262e-06,1.101249189865621e-05,1
0.19089368772796603,0.805958428239139,1.046045938709079e-05,1.4929800922854513e-07,0.0031192252396427646,6.918094617016733e-06,1.1130941239086667e-05,1
0.20647491336400242,0.7850571356123894,2.591415463656552e-05,2.0503707934335625e-07,0.008396779301413072,3.1954585849857144e-05,1.3097944629106846e-05,1
0.17844696848521852,0.8146081353603561,2.0811643383886973e-05,1.8404364999975436e-07,0.006886617222592204,3.246128273267054e-05,4.82196206659201e-06,1
0.12646697198027818,0.8697120135126518,1.663638186345211e-05,1.4167657465471866e-07,0.0037714579219467947,2.9548645019341896e-05,3.229881665916295e-06,1
0.13437258026248503,0.8598942131649678,1.975629567322105e-05,1.5583946503772334e-07,0.005670173781969644,3.691035589830087e-05,6.210299541026596e-06,1
0.1294527429616394,0.8653528977437381,1.9914530104852805e-05,1.3764827814946226e-07,0.005126806715267946,4.137290774508767e-05,6.1274932264817474e-06,1
0.13627315440988594,0.8545127399028117,1.8589522785082122e-05,1.5316421975687996e-07,0.009155257999588948,3.407653982244823e-05,6.028460886295201e-06,0
0.09018715466854124,0.9001774168644965,1.9283412015364326e-05,1.4445089973751884e-07,0.009580762593779874,3.1593350890312426e-05,3.644659376830168e-06,0
0.05537226400638753,0.9348336249395259,1.8939923012367424e-05,1.4187784391662407e-07,0.009738015917153457,3.34335978048553e-05,3.5797382718611295e-06,0
0.05052136549446344,0.9423743774734776,1.6520755868551826e-05,1.618085522647505e-07,0.007045469611931852,3.886311472738017e-05,3.2417409790522987e-06,0
0.03694201350653397,0.9538540045803624,1.6844073924283707e-05,1.4190543063228955e-07,0.009148759691616238,3.494803679703508e-05,3.2882053351342743e-06,0
0.810747576592538,0.1892212835017288,8.22463146882714e-06,1.861235328309656e-07,1.0971781247368962e-05,5.600525565051664e-06,6.156843919212039e-06,1
0.8101344007496122,0.18983193183747774,6.840642091315926e-06,1.6922394882813348e-07,1.3423996727355386e-05,5.304089336299163e-06,7.929460806466947e-06,0
0.8021368482226366,0.19782765007181274,8.597717255784359e-06,1.694798419402463e-07,1.3444295912685498e-05,5.099710784069908e-06,8.190501756336008e-06,0
0.6169095596406929,0.38305165045136935,9.229790928878045e-06,2.1226616969334616e-07,1.4586517556650019e-05,7.156584862739872e-06,7.60474841974015e-06,1
0.5185379980245827,0.48142761997043637,9.801331287743128e-06,2.0018702327627205e-07,9.61845726847137e-06,6.905519999827359e-06,7.856509401701512e-06,1
0.4423214861942175,0.5576438587748257,1.0060072748753938e-05,2.0547168118215069e-07,9.872371110708957e-06,7.087816086077303e-06,7.429299329852521e-06,1
0.23043615271588558,0.7695362771115514,8.303196962250937e-06,1.5544852939014858e-07,7.539139147371823e-06,5.471678634057687e-06,6.100709289976907e-06,1
0.0655548786712839,0.9344189030792153,8.932466915398027e-06,1.298639742439015e-07,7.3018948666207025e-06,4.6591983899525396e-06,5.194825354783296e-06,1
0.05166212337179356,0.9482590839989891,6.030781749780685e-06,7.592098152286032e-08,1.1314383521619609e-05,2.7238571507951425e-06,5.8647685813682234e-05,1
0.05183227060796179,0.9481009390348407,5.505520125841489e-06,6.930850909385785e-08,1.0198358512393046e-05,2.486617985166727e-06,4.853055206480188e-05,1
0.296146698985025,0.7036283173380363,1.0907524100861288e-05,1.1623403079389183e-07,2.4543669305864253e-05,4.926481964080664e-06,0.00018448976753712427,1
0.8325246860781497,0.16676161925559163,1.4496465578789485e-05,3.0916713409579575e-08,1.3522258764811774e-05,7.5450762120430815e-06,0.0006780999489896513,0
0.7600934249798482,0.23919176010713375,1.2624717243444622e-05,3.1121173050037906e-08,1.177629764100711e-05,6.503709888085901e-06,0.0006838790670724917,0
0.5545276545175997,0.4452326856536999,1.0306002769852096e-05,1.9878096872844595e-07,1.3069855493566558e-05,6.867460349871213e-06,0.00020921772911855667,0
0.6340801569105764,0.36564069656513376,1.2262619427933e-05,2.3651996059649473e-07,1.523819270105502e-05,8.17126237858549e-06,0.00024323792982158446,0
0.6783901467678761,0.32140037626376994,1.0460929816848089e-05,2.0176918338080263e-07,3.924754013666349e-05,6.970696820511408e-06,0.00015259603239645557,0
0.6842266732076372,0.31567982100343694,1.0550930377368331e-05,2.0350510360184618e-07,3.595107819042429e-05,7.030669177849307e-06,3.9769606076566584e-05,0
0.6791197971534393,0.3207904688368924,1.0472181191165032e-05,2.0198619856469053e-07,3.5682749422309225e-05,6.978194234273919e-06,3.6398898622061826e-05,0
0.5531683865916468,0.4467831874075969,1.0820528521194347e-05,1.9834929509533423e-07,2.368242360876984e-05,6.852546942524208e-06,6.872152388537167e-06,0
0.30524227856063013,0.694709575412466,1.205948709038483e-05,2.2531991229757875e-07,2.0605507251258958e-05,7.5966936980691885e-06,7.659018951837088e-06,1
0.3099553019489816,0.6899884450763295,1.0546102513079306e-05,2.3865845719306846e-07,3.091687906187966e-05,7.181320763127026e-06,7.370013893842229e-06,1
0.45040977670490306,0.549552483235782,8.522813845526917e-06,2.3818985721012143e-07,1.3272430128585026e-05,7.437548797340771e-06,8.269076686109531e-06,0
0.41054257036391834,0.5894185665420683,1.0601219357360791e-05,2.2303068796401385e-07,1.2938127600123334e-05,7.519512165860479e-06,7.581204202235088e-06,0
0.1121631945241837,0.8878093601475722,8.07046015420734e-06,1.4992723746950004e-07,8.805095886815067e-06,5.08175060408872e-06,5.338094361554779e-06,1
0.10434266147310423,0.8956282614966294,8.033961614235533e-06,1.501068422524344e-07,1.0460634429253781e-05,5.0878382685423486e-06,5.344489112070242e-06,1
0.23053142552914108,0.7693680997131624,1.0594823427828546e-05,1.9415678748755206e-07,6.38464832254885e-05,6.546024401057319e-06,1.9293269854534795e-05,0
0.162742627398373,0.8370379949571598,8.511442148793868e-06,1.5902810659511643e-07,0.00019884845195237722,5.361655802490645e-06,6.4970664569660405e-06,1
0.18348901077183827,0.8158732595060282,1.1864729344229825e-05,1.6203044059388514e-07,0.00061484726550309,5.078618824707405e-06,5.777078021014172e-06,1
0.21251939585283508,0.7865692683503868,1.2638715777633713e-05,1.7260037094624599e-07,0.0008871769307464782,5.193608649690471e-06,6.153941233250471e-06,1
0.2030009967458428,0.796376111859438,1.0853745373845578e-05,1.7016426217861173e-07,0.0006014923357810849,5.120305240793902e-06,5.254844061433094e-06,1
0.19265671776651971,0.804773472226184,1.3134280147642514e-05,2.102827119979145e-07,0.0025436442180245262,6.3274841527013095e-06,6.493742259490587e-06,1
0.3013987172305876,0.6984028145475303,1.96831806173842e-05,1.822375357767331e-07,0.00016422209980759432,8.18613049876632e-06,6.1945734223734055e-06,1
0.2206785139063144,0.7780544218178432,1.9026486604726196e-05,1.6646015713447104e-07,0.0012320803858530292,7.477408884728255e-06,8.313534342770736e-06,1
0.23374284428288528,0.7646761357358691,1.2540726400281753e-05,1.5857056653302943e-07,0.001550597110434672,6.980554279563855e-06,1.0743019564469623e-05,1
0.3378162845973466,0.6584241282082552,2.2769975708114278e-05,2.456383851176232e-07,0.0036737320820883074,4.13836241847874e-05,2.145587403183738e-05,1
0.3410967190483155,0.6551079917493988,2.2754598418808175e-05,2.4802370713364366e-07,0.003712870210574422,3.775214387946906e-05,2.1664225705687526e-05,1
0.10745105797785846,0.8860750393610932,2.1651594395061684e-05,1.5130679773608007e-07,0.006413128426248339,3.583680008731457e-05,3.1345335199027893e-06,1
0.10729425028529513,0.8853414681390669,2.1384114762804756e-05,1.5406295572185335e-07,0.007301490211259824,3.7525646303986685e-05,3.727540355601332e-06,1
0.1353187751829315,0.8581464491121427,2.082400128376476e-05,1.63386876527971e-07,0.006467515871751815,4.015162397542214e-05,6.1208210381811585e-06,1
0.20681535775073204,0.7803414238270235,2.082195197702358e-05,1.87162321800209e-07,0.01277263834975178,4.272252045877316e-05,6.848437734939643e-06,0
0.07671310422690539,0.9157865249600773,1.916082747445498e-05,1.5080204968212802e-07,0.007441186945203365,3.625074799195542e-05,3.6214902978246643e-06,1
0.038892378137031725,0.9550649397870064,1.7905711596488595e-05,1.7390171951993673e-07,0.005976619208618092,4.45262517291869e-05,3.457002298703127e-06,0
0.050596823566344346,0.9437818959128181,1.6545431060357414e-05,1.6205022746984918e-07,0.005562405296563848,3.8921160183513686e-05,3.2465828023368142e-06,0
0.02015629006388363,0.9754897015634851,1.95889371697264e-05,1.2268178817315933e-07,0.004280708215201981,5.0813868180683346e-05,2.7746702907204632e-06,1
0.01956778664159358,0.9764072064626413,2.1530124032257073e-05,8.134722664542308e-08,0.0039434181584465326,5.613404129591649e-05,3.843224763867156e-06,1
0.015016417316443962,0.9822963370050238,1.8502051513194894e-05,7.528304217705342e-08,0.002614850910231336,5.026070951639666e-05,3.556724229275075e-06,1
0.8157587097154828,0.1842050927165484,8.163261988895491e-06,1.8510541184501116e-07,1.3774577710076933e-05,5.569889930086945e-06,8.504732928037933e-06,0
0.7968625147130979,0.20310213942570765,7.278192526820275e-06,1.800480807618174e-07,1.4033251866458361e-05,5.417712977546074e-06,8.436655742683357e-06,0
0.7735912518039798,0.22637412891046557,8.597567759625966e-06,1.945630866550414e-07,1.4487861113132835e-05,5.854474843955006e-06,5.484818751017112e-06,0
0.6105908740437523,0.38937056944009535,9.135254953395606e-06,2.1009203708638789e-07,1.4437115400443512e-05,7.247196847032011e-06,7.526856914320529e-06,1
0.04864805304576475,0.9512549276766746,5.993630612774455e-06,8.360407104347103e-08,1.1974906114766243e-05,2.999507411251968e-06,7.596762935039466e-05,1
0.0501873668420654,0.9497222739881457,6.916083871046239e-06,8.706597213592561e-08,1.2975303804942104e-05,3.1237118651049385e-06,6.725700427559752e-05,1
0.06418944080565886,0.935554871961072,6.485996773394523e-06,8.165164345536556e-08,1.2530058652018235e-05,2.929459135523743e-06,0.00023366006706481847,1
0.2908764233528197,0.7087500760931711,1.4169509634686939e-05,1.5099478158223818e-07,3.188365714200463e-05,6.399787248660798e-06,0.0003208966052022862,1
0.26458648042319194,0.7347190038879527,1.251670811690997e-05,1.5757172431121405e-07,1.0461991301456393e-05,5.653053401551238e-06,0.0006657263643108265,1
0.817836646411873,0.1813307153363863,1.1148198533160251e-05,3.037125701590792e-08,1.328368869423423e-05,7.411657211695677e-06,0.0008007643360442829,0
0.7290169052221485,0.2703295214101574,1.0615546856436459e-05,2.0127214023806262e-07,1.2649005069340532e-05,7.057822876681362e-06,0.0006230497207513761,0
0.7604433914363267,0.23887365568163957,1.10731622211146e-05,2.0994858668968798e-07,1.439952959815448e-05,7.362071751772331e-06,0.0006499081698760561,0
0.7420576429125797,0.2571710386587237,1.1589854380190469e-05,2.2354374751918942e-07,1.4614927408190763e-05,7.722961772295497e-06,0.0007371671413883876,0
0.7314761985822829,0.2678524832047921,1.1424587705705612e-05,2.2035610334848055e-07,1.4427236507774583e-05,7.612835435293153e-06,0.0006376331971729369,0
0.7133522886743722,0.2859260624084744,1.1428772177009994e-05,2.2043681293861712e-07,1.420200910525117e-05,7.615623780242183e-06,0.0006881820752780134,0
0.6521312781738055,0.3475855977119297,1.2579222571368309e-05,2.426265647727175e-07,1.7019271625480813e-05,8.507960005384105e-06,0.00024477503349770784,0
0.755204566491854,0.24473151864846387,8.951022191866437e-06,1.7264626277939212e-07,1.7861192294449113e-05,5.964561757471977e-06,3.096543717566857e-05,0
0.3457166044601005,0.6542468750245772,8.9384214150125e-06,1.638021812228026e-07,1.5613541249702996e-05,5.522614424693363e-06,6.28213605167936e-06,1
0.3475004494778379,0.6524585336997482,1.1021996899356191e-05,2.0593540638119068e-07,1.195108376830052e-05,6.943142254552172e-06,1.0894664085220231e-05,0
0.25533645700746266,0.7446315079058902,9.561824784164408e-06,1.7865349542855126e-07,1.0198534113295014e-05,6.023328648680164e-06,6.0727456057771515e-06,0
0.2361521065326442,0.7638166192505205,9.351873033971314e-06,1.7473074899782214e-07,9.796915712514534e-06,6.011292764185672e-06,5.939404575462325e-06,0
0.27681754223247884,0.7229163534273233,7.964850301173864e-06,1.8317514217156653e-07,0.00024134956860172123,6.175776627943505e-06,1.043096952491023e-05,1
0.16496326241278017,0.8331735143614051,9.735885505327491e-06,1.5091268416256014e-07,0.0018413000758026499,6.797175722499243e-06,5.239176100148068e-06,1
0.2604303269170807,0.739511503822783,1.9040717042444254e-05,1.642631233803529e-07,2.5951693463089143e-05,7.428994883280614e-06,5.58359162414602e-06,1
0.3029675374670486,0.6967988904770245,2.2222716813993943e-05,1.9442354280445027e-07,0.00019594165186920313,8.604466529608422e-06,6.608797171268006e-06,1
0.281703124263693,0.7169271243398706,2.1382336733392285e-05,1.870711711776843e-07,0.0013308592346547043,8.27907776925968e-06,9.043676107805158e-06,1
0.22622329765554358,0.772291964263438,1.9504547435675982e-05,1.7064264666566857e-07,0.0014431991585110197,7.66528678247405e-06,1.4198445642545768e-05,1
0.22578678064927507,0.772679250224786,1.468237386327026e-05,1.7727540065488755e-07,0.0014992952468154052,7.803973863239694e-06,1.2010255996266218e-05,1
0.23292803716017135,0.763321997854213,1.0554493899745628e-05,1.5064012672249283e-07,0.0037210485635575633,6.980284969441796e-06,1.1231003062002293e-05,1
0.45116466336735905,0.5452717185028157,2.052509902915076e-05,2.095467786576903e-07,0.003496403008895941,3.19373804161078e-05,1.454309470531182e-05,1
0.13174989229522094,0.8634349656153181,1.4475925715146909e-05,1.6814081599418485e-07,0.0047734199643015745,2.297838737498061e-05,4.099671253503178e-06,1
0.12374600796449302,0.8703149538478268,1.7113936865740003e-05,1.4379817282481984e-07,0.005894550950330939,2.3176915220187745e-05,4.052587090556727e-06,1
0.10643916965581843,0.8879705866624761,1.953439650998012e-05,1.3632990077618744e-07,0.005542856142527651,2.422544158354621e-05,3.491371183557135e-06,1
0.11144440809089895,0.8826354698036749,2.211558609075722e-05,1.5165222585562137e-07,0.0058565612046379235,3.8151972921546124e-05,3.1416895501381773e-06,1
0.2659797642890217,0.722658646050434,2.7792707621895078e-05,2.3497988609621742e-07,0.011276137545831398,4.882630177319301e-05,8.59812543152239e-06,0
0.1519031867969443,0.8423898830922999,1.788639050637867e-05,1.4946642767191144e-07,0.005646047867533495,3.696346849920699e-05,5.882917788923836e-06,0
0.06747974562275354,0.9289396607163837,1.9722858340675878e-05,1.7753349230580927e-07,0.0035158888074915897,4.1275263018800106e-05,3.5291985190958158e-06,1
0.05435137405424574,0.9422535438841078,1.8941888521044463e-05,1.7566606772211752e-07,0.0033326598273766177,3.981260380294267e-05,3.492075878236954e-06,1
0.043922525152472955,0.9531630087431157,1.751181377016962e-05,1.712508287020585e-07,0.0028491619259955656,4.419020227744149e-05,3.430911539161373e-06,1
0.04992086683104429,0.9464392686477093,1.629951380064907e-05,1.5964165027841043e-07,0.003581223625690645,3.89834117565792e-05,3.1983283480857048e-06,0
0.037884903541379356,0.9586266870871091,1.6944521232776737e-05,1.661857362016407e-07,0.0034237588599772472,4.421036923188352e-05,3.329435333537649e-06,0
0.020571290927615053,0.9759098085039171,1.5241073746860608e-05,1.2149511685550652e-07,0.003454707274819199,4.608289321025932e-05,2.7478315748933523e-06,1
0.008773144142909521,0.9887432341625139,2.1081838039314715e-05,1.3515392519727465e-07,0.002432305997594766,2.6721644491782137e-05,3.377060525705511e-06,1
0.8018637365256533,0.19810370750835127,7.595722965720729e-06,1.8790315547944944e-07,1.0484988570503391e-05,5.654075065146478e-06,8.633276238440647e-06,0
0.8028023343373552,0.19716536274177396,7.604613913931967e-06,1.8812309994446422e-07,1.0206108917996318e-05,5.660693275001357e-06,8.643381663859097e-06,0
0.8169892776689432,0.18297544248819295,7.432678239413408e-06,1.838697515894325e-07,1.3682626329271422e-05,5.5327084584813565e-06,8.447960085154838e-06,0
0.7832920592528178,0.2166730892686683,7.1261129161022895e-06,1.7628593213331167e-07,1.398420136407398e-05,5.304508541476156e-06,8.260369760087966e-06,0
0.7580055200942099,0.24196310603222415,8.434059271310993e-06,1.908628871253264e-07,1.1625308425124805e-05,5.7431344790545535e-06,5.380508503312889e-06,0
0.7743463939340386,0.22561910224626797,8.568892252680853e-06,1.93914159505105e-07,1.443953968391184e-05,5.83494838731733e-06,5.466525210031479e-06,0
0.07111078398549098,0.9285424742168995,8.186306063811445e-06,2.3202811324501004e-08,1.3899856697504896e-05,3.389136949172176e-06,0.00032124329508757615,1
0.363714862641709,0.6355171008441499,2.3683078527439e-05,3.3806382738921456e-07,2.2445783575342333e-05,1.2128399798364216e-05,0.000709441188412708,1
0.7559457307692519,0.24288417330965673,1.710844640249491e-05,4.660887777406333e-08,2.2247807395200216e-05,1.1374209006306153e-05,0.0011193188494097257,0
0.8115609709161191,0.18761157598098274,1.1062652750071045e-05,3.013820295276927e-08,1.4385863092026355e-05,7.354783805801681e-06,0.0007946196650471655,0
0.7852445061078005,0.21427347216374804,1.2976795878547855e-05,2.153380749784988e-07,1.3100692286765896e-05,7.725482744838278e-06,0.00044800341946611726,0
0.7316722327655513,0.2676308835365452,1.2430277951073297e-05,2.3405776845015338e-07,1.2548956460445227e-05,7.2327519339267096e-06,0.0006644376537896412,0
0.7414732057206954,0.25789937897924475,1.3668006181923156e-05,3.369298317215688e-08,1.2749474372666041e-05,7.113591401800526e-06,0.0005938505351202534,0
0.7718465988673334,0.22739852746293,1.1295957633935925e-05,3.0773800046761656e-08,1.402240205898701e-05,7.510198888574201e-06,0.0007220143373549833,0
0.757973354739147,0.24136102112185642,1.449478125925758e-05,2.1514243398681352e-07,1.4249819764643004e-05,7.544199562547754e-06,0.0006291201959760026,0
0.7312807489181947,0.2680170438169668,1.203262127035587e-05,2.2814005425355432e-07,1.4936870227766482e-05,7.881754409518318e-06,0.0006671278788765994,0
0.7202831728906302,0.2790513177996168,1.2273721418989994e-05,2.3673409449364242e-07,1.5852076075308494e-05,8.178660250009663e-06,0.0006289681179143884,0
0.6767755629117307,0.3229631701093867,1.1761702260977924e-05,2.230033948250659e-07,1.648432113308187e-05,7.819852562368252e-06,0.00022497809953144109,0
0.643270505444886,0.35667975664501195,1.1058556238400585e-05,2.0271254129246155e-07,2.4450028933790217e-05,7.003287833099263e-06,7.023324555602104e-06,0
0.5846326112752775,0.4153104386582469,1.2635396940671601e-05,2.3161734397011899e-07,2.7936361142386054e-05,8.121909902557596e-06,8.024781145936776e-06,0
0.588428008259049,0.4115194740018687,1.1759090693602968e-05,2.155539210002292e-07,2.562792799865288e-05,7.4469302327960265e-06,7.468236236223065e-06,0
0.5266819487312708,0.4732670697612805,1.1416742688623604e-05,2.133108516178697e-07,2.487051978076611e-05,7.230124208006615e-06,7.250809919613699e-06,0
0.6696903624266356,0.3302508643211562,1.2471131724820543e-05,2.458333265282234e-07,3.172892263543499e-05,7.397215220567475e-06,6.930149300918149e-06,1
0.6342378432116511,0.36568931437554575,1.104696009750187e-05,2.732799326863295e-07,4.440441159154157e-05,8.223093695601471e-06,8.89466748597226e-06,1
0.3822131192717294,0.6177429525338575,8.312842157562137e-06,2.0564326522410326e-07,2.232358915229515e-05,6.33107431040407e-06,6.7550455275013785e-06,1
0.5376172391681491,0.4623374044565884,1.0242582326057701e-05,2.3555828456726677e-07,1.4025018632879116e-05,8.125663784706921e-06,1.2727552234340591e-05,1
0.5948404544406615,0.40512295909948864,9.76808206412728e-06,2.0352498197929016e-07,1.2528492293507394e-05,7.0206640296702845e-06,7.06569648062427e-06,1
0.5636712387952711,0.4362922551343487,9.76794103971613e-06,2.0352204363473598e-07,1.152664952393864e-05,7.020562670467509e-06,7.987395102344445e-06,0
0.29328865450174346,0.7066783475898564,9.93575102050267e-06,1.856399473519234e-07,1.0274065055010724e-05,6.292225018756498e-06,6.310227358461914e-06,0
0.15410296846119995,0.8457341956329085,8.645766538043993e-06,1.5843909696360457e-07,0.00014121637060346572,5.341797256877957e-06,7.473532396076321e-06,0
0.18946616739753522,0.8103086059639368,9.465110629598495e-06,1.7345409157364057e-07,0.00020005498148337653,5.8480299895623155e-06,9.685062333514033e-06,0
0.13152889203684393,0.8681818998729949,1.132934485373132e-05,1.470867505336558e-07,0.0002667634029447853,4.959051241653199e-06,6.009204370327912e-06,1
0.11523439200619785,0.8830191869916074,9.161884610460015e-06,1.3168232558539833e-07,0.001726028419127931,5.931031652628756e-06,5.1679844780539655e-06,1
0.10775706095964947,0.8907567802279007,9.208313742531255e-06,1.2973740464612145e-07,0.0014658458594747667,5.8832474204554525e-06,5.091654407328516e-06,1
0.117256583889778,0.8813706683358468,1.2314590502009396e-05,1.350484785859045e-07,0.0013456358041406724,6.124090546162383e-06,8.53824070783581e-06,1
0.14988261277669268,0.8500485625273524,1.438255639138776e-05,1.3615219309342334e-07,4.316894022512363e-05,6.3001377799739684e-06,4.836909365379797e-06,1
0.24045573017931385,0.7594860909817629,1.7970416475310702e-05,1.663798386552348e-07,2.6861774274998567e-05,7.524725846036314e-06,5.65554248832243e-06,1
0.3093299900046573,0.6905555317612675,2.0595804527304062e-05,1.8018990731973983e-07,7.942796609403863e-05,8.149302606389288e-06,6.1249709402913055e-06,1
0.2684193128426303,0.7300903606136949,2.1307481216663774e-05,1.8641627038933204e-07,0.0014514467905542643,8.373839725148505e-06,9.012015908238764e-06,1
0.20782364059972852,0.7907676950457393,1.995057305862407e-05,1.7454486449623202e-07,0.00137198135216774,7.840574844066045e-06,8.717309597223698e-06,1
0.5977509302391149,0.40053218352739656,1.1688244127896257e-05,1.822542631613456e-07,0.0016887577894496109,7.537244974394956e-06,8.720700673228257e-06,1
0.1096843573333675,0.8862266748818385,1.6914871954621202e-05,1.3948316770471217e-07,0.004046308422389356,2.2032881802004908e-05,3.572125480491516e-06,1
0.106580079543061,0.8891455832420643,1.6606970434071124e-05,1.3553552639874804e-07,0.004232714372472493,2.1409308967215603e-05,3.4710274746968085e-06,1
0.10389451838752865,0.8899851527141499,1.7773503609616497e-05,1.3686626633223008e-07,0.006076853767693332,2.205965339455427e-05,3.505107357614022e-06,1
0.09674789451671681,0.8952330392411734,2.003070306778918e-05,1.3979360766603746e-07,0.007970474737074218,2.484093259795209e-05,3.5800757623374264e-06,1
0.08694999298646992,0.9055057335746528,1.9504609128132125e-05,1.3630312366024632e-07,0.007492933620261265,2.887519509428238e-05,2.8237112699042816e-06,1
0.1760686948708885,0.8181191683059944,2.0159659228144788e-05,1.7483276876958856e-07,0.005741216835174497,4.4188207648095195e-05,6.397288297287463e-06,0
0.15307229005224904,0.841178814370011,1.8103385642066033e-05,1.4868289785327905e-07,0.005684369169447417,4.042226127375615e-05,5.8520784788527965e-06,0
0.11539566921550684,0.8780947449511664,1.8563123312529013e-05,1.5208520094049905e-07,0.0064488563977691616,3.761109850366848e-05,4.403128540387055e-06,1
0.041469439321646685,0.955251537454524,1.748331870345284e-05,1.7097217088550038e-07,0.0032138253077886327,4.411829637559433e-05,3.4253287905956997e-06,1
0.039333767025990674,0.9580097808803417,1.593765443957282e-05,1.563107508310353e-07,0.002595643204586508,4.1583328191103734e-05,3.1315956996284696e-06,1
0.036739882974953925,0.9602636008376958,1.481962765385258e-05,1.6107950218103027e-07,0.00293608963689669,4.221870841618564e-05,3.2271348812960416e-06,1
0.010222912559631482,0.9871675686116661,2.915784418885395e-05,1.4575757314063197e-07,0.0025477096471005086,2.8818120123139718e-05,3.687459716670899e-06,1
0.8329667981190907,0.16699979022584624,7.005777157585406e-06,1.7330906359237355e-07,1.2896755100346106e-05,5.214933472092193e-06,8.120880269476049e-06,0
0.4612620502504455,0.5387032250968441,1.0080283375843141e-05,2.0588447258331412e-07,9.892204646309331e-06,7.102055466981413e-06,7.4442247485885145e-06,1
0.2878566355321762,0.7121127552009385,8.852545631165117e-06,1.8080857653862382e-07,8.383939320208056e-06,6.095987522548774e-06,7.095985834823784e-06,1
0.21892100140438503,0.7810499299400667,1.0542602295152713e-05,1.5362918434671138e-07,6.9354775457584825e-06,5.4076389712753566e-06,6.029307551718493e-06,1
0.1910091039516865,0.8089646083189902,9.433348568887391e-06,1.3714600313514282e-07,6.310653717365721e-06,4.920459586394421e-06,5.486121447781631e-06,1
0.057806484450936176,0.942130708652414,6.6740357387464594e-06,1.073845053041479e-07,6.4132181407694515e-06,3.852690610555771e-06,4.575956765461714e-05,1
0.060024192851370624,0.9396192640815201,7.840647713016175e-06,7.658602384271352e-08,1.3312949549775657e-05,3.2460341285179548e-06,0.0003320668496939827,1
0.06458775042287052,0.9350888145396787,7.63605145554175e-06,2.164320021827096e-08,1.2965557375872956e-05,3.161331122001475e-06,0.0002996504542971378,1
0.18707880203516966,0.8123613410585315,1.1876201483888462e-05,1.1600457010539327e-07,2.4417694408424385e-05,4.916555486511946e-06,0.0005185304503498734,1
0.18769161196839373,0.811869480788358,1.0879400128614221e-05,1.1593433283989383e-07,2.4402910231529538e-05,4.913578660575389e-06,0.0003985954198947709,1
0.26446647471617035,0.7350441826966922,1.2522247878660052e-05,1.576414638787649e-07,2.8537831500713794e-05,5.6555553828000275e-06,0.00044246931091123596,1
0.24524915897896288,0.754242326703283,1.27643594962845e-05,1.606893854815161e-07,2.9089596696154976e-05,5.764902815909688e-06,0.00046073476936029457,1
0.742460873136263,0.25679617710935476,1.075057193291878e-05,2.2788293467913956e-07,1.5130311550407025e-05,8.175542945122849e-06,0.0007086654450189868,0
0.744644254016627,0.25471891264444585,1.0891866607673054e-05,2.9672926898517436e-08,1.4163772955233707e-05,7.2412400489160626e-06,0.0006045067863884597,0
0.7712852694541548,0.22788650452172096,1.4544330377685948e-05,3.1018795000560913e-08,1.4298531504025084e-05,7.569679303810154e-06,0.0007917824641435807,0
0.7471022095072954,0.2519995603604516,1.1262892542688807e-05,2.1354589810545764e-07,1.3981356224839112e-05,7.377557305902226e-06,0.0008653947802813788,0
0.7383214561285149,0.26094145430829735,1.4531915156331108e-05,2.1569360318743274e-07,1.428632609964676e-05,7.563526900094079e-06,0.00070049210142858,0
0.7664150950086898,0.23290758690597055,1.3939301006626613e-05,2.0689757872166017e-07,1.419027322623731e-05,7.255084894037255e-06,0.0006417265286341609,0
0.7434257272790801,0.2558371582982108,1.6410540302969527e-05,2.435775691036818e-07,1.6032064261875753e-05,8.541307989436761e-06,0.0006958869325858547,0
0.7355710736802663,0.2637992986978571,1.6557041050301668e-05,2.402312259481073e-07,1.647074926897194e-05,8.29947871545659e-06,0.0005880601216158368,0
0.6361656997366132,0.3632059035545652,1.130453568571221e-05,2.192935067235467e-07,1.4973049324125617e-05,7.57612497837004e-06,0.0005943237053266258,0
0.6967399127210069,0.3027929953743763,1.3194466578251488e-05,2.196823774041411e-07,1.4078504964289826e-05,7.589559634601432e-06,0.0004320096910623911,0
0.7203908098627083,0.27953456359063,1.053843933220796e-05,1.920746239735914e-07,1.9900899308374e-05,6.6357703797944156e-06,3.735936301733501e-05,0
0.6887228454895492,0.3112027757976954,1.0453350461607693e-05,1.9052378591212106e-07,2.175207185344578e-05,6.582192218040069e-06,3.540057443639123e-05,0
0.6084432341112281,0.39150620029480293,1.132960981760932e-05,2.1168285776472915e-07,2.469191132410242e-05,7.1369184160110946e-06,7.195471553609853e-06,0
0.5028792709666714,0.4970651590033196,1.3351515313687685e-05,2.494602164231754e-07,2.5078876684605563e-05,8.410587571674979e-06,8.479590222772391e-06,1
0.4816651842276348,0.5182890491306263,9.952340650697484e-06,2.093794409259235e-07,2.1428488889809677e-05,7.059258381418717e-06,7.117174375865999e-06,1
0.5717272143193945,0.4282363216831487,1.1642500637466483e-05,1.8881622874527705e-07,1.0709147113667131e-05,6.51328054412923e-06,7.4102529327480275e-06,1
0.1391515128943343,0.8608162361445945,8.920644954438827e-06,1.6667366727185193e-07,1.160987171140554e-05,5.619426995541949e-06,5.934343742340527e-06,1
0.14947120969004243,0.8504915819272177,9.806229022666384e-06,1.8321995345215403e-07,1.4518179220912874e-05,6.177287446802657e-06,6.523467096138804e-06,1
0.294894891721093,0.7048374269109995,9.509112167608196e-06,2.2609003644043387e-07,0.00024183224046290776,6.4751868819270085e-06,9.63873835872914e-06,0
0.20271416833159314,0.7970594144807058,8.894096178364514e-06,1.661776289369014e-07,0.00020583752839067906,5.602702990749409e-06,5.916682512242473e-06,1
0.23251798691308603,0.7662128988815473,1.1832059880209758e-05,1.8943387929629436e-07,0.0012402999484053758,5.7001351078443515e-06,1.1092628093948215e-05,1
0.38619578168900065,0.6100347358260558,1.2202175700118332e-05,2.2408553614006926e-07,0.003742763854086764,6.865821603370422e-06,7.42654801715937e-06,1
0.26038872432830246,0.7373724413762524,1.3275398206923931e-05,2.125420431438932e-07,0.002212387374252941,6.3954682579378175e-06,6.563512684274583e-06,1
0.10680227001943515,0.8918931514276214,1.1725469206368686e-05,1.2858785493253554e-07,0.0012823251969481247,5.831118387925574e-06,4.5681805460930424e-06,1
0.12519728908617916,0.8735920951517059,1.6880355436937364e-05,1.5979755965439698e-07,0.001173867612712156,7.246395773032082e-06,1.2461600633044115e-05,1
0.1328009007060606,0.8671211953360647,4.540679939439533e-05,1.7071592319561997e-07,1.79057210365963e-05,7.72083042021639e-06,6.699891100111664e-06,1
0.2503763203038919,0.7495759205085448,1.3762731534583023e-05,1.7997831187746818e-07,1.9614053368130863e-05,8.084645908412922e-06,6.1177784401436016e-06,1
0.2596980928922763,0.7387921118533418,2.1561439371836517e-05,1.8863811592991302e-07,0.0014701503615194753,8.473645275447326e-06,9.421170099413186e-06,1
0.23212834580321348,0.7663592487687323,2.1959382755622465e-05,1.921196687552874e-07,0.0014632128744853038,8.457444563892427e-06,1.8583606580744317e-05,1
0.27727837371369995,0.7204537668347997,1.135372334522265e-05,1.7703809569502592e-07,0.0022338600879693088,7.626463094932275e-06,1.4842138995332223e-05,0
0.38100195145372984,0.6139882303803945,1.5121658088906058e-05,2.3579133209527e-07,0.004973427010055194,9.751305686976636e-06,1.1282400712482882e-05,1
0.6491349277075928,0.34961600237894036,9.445508214399805e-06,1.4728338328348387e-07,0.001226338744754241,6.091001226580739e-06,7.047375888368383e-06,1
0.5894048226831833,0.4090477294306355,1.155334144530447e-05,1.8015073172024796e-07,0.0015196440933489981,7.4502520475471535e-06,8.620048607612115e-06,1
0.20103586786404937,0.7936105478696441,1.1888504634069094e-05,1.853769161957512e-07,0.005317651808948492,7.666384345305125e-06,1.6192191462266516e-05,1
0.14757328554855087,0.8468401411081733,1.0348985939111798e-05,1.6137127066830277e-07,0.00555501605911176,6.951566189766216e-06,1.40953607643964e-05,1
0.13698362499402078,0.8566356117699453,1.0109314429838678e-05,1.4654604067844153e-07,0.006349947873056224,6.790575309083248e-06,1.376892719805203e-05,1
0.10688985875835283,0.8871376677127623,1.6529881869050217e-05,1.359294657652034e-07,0.005932506681768999,1.9819919627880006e-05,3.481116153293948e-06,1
0.1003362083461199,0.8936919722758853,1.9831955951189017e-05,1.1343617211443153e-07,0.005913250355436917,3.5700938881224414e-05,2.922691553539476e-06,1
0.13071304348916551,0.8640374814541534,1.8527089027382418e-05,1.260840795639425e-07,0.0051847348476453305,4.253984380328679e-05,3.5471921254954078e-06,1
0.24967273862755168,0.7418215596940084,2.602471043647242e-05,2.3635959791584196e-07,0.008426759605729906,4.767160201906362e-05,5.009400656627538e-06,1
0.24991232572108027,0.742533415030642,2.6049683866762295e-05,2.3658640965910045e-07,0.007475241422396558,4.7717347904795404e-05,5.0142077002408654e-06,0
0.144060326430931,0.8495755910370208,1.793122719304748e-05,1.4726896249355687e-07,0.006302183960730064,3.802364841491579e-05,5.796426747493052e-06,0
0.11594123807906345,0.8777064829136062,2.037793658660548e-05,1.4827162461764817e-07,0.006287149631325662,4.0310448856688646e-05,4.292718936794799e-06,1
0.05808240929839139,0.9366840944557357,1.8623977883340222e-05,1.0625058289353391e-07,0.00516553137454774,4.5688227823391595e-05,3.546415035617563e-06,1
0.7857406548691142,0.21422863593770805,8.135394015038142e-06,1.8410408792051582e-07,1.0759893338755843e-05,5.539759724880025e-06,6.090042011210549e-06,0
0.7758443326875304,0.2241227318524678,7.058356145373478e-06,1.6232764478144507e-07,1.1803459016150036e-05,5.472900213563898e-06,8.438416981789312e-06,0
0.7919628268664157,0.20800773485653407,8.05278459387396e-06,1.914641798503333e-07,1.0573246757743372e-05,5.483507213518553e-06,5.137274305158037e-06,0
0.23093904364614778,0.769028626037433,1.1397250419002198e-05,1.6889076899143656e-07,8.19107786434784e-06,5.944835990443155e-06,6.628261376416074e-06,1
0.039938167479053294,0.9599784851762525,6.941583651317745e-06,7.975752416848319e-08,1.2938890557630246e-05,2.8615028175132965e-06,6.0525610143628866e-05,1
0.0429907636420797,0.956927740828667,6.761566298988252e-06,7.802359153720112e-08,1.264686546069606e-05,2.799293600746353e-06,5.920978030123557e-05,1
0.18712206565972328,0.8125492067904001,1.1878947960327977e-05,1.160313971863503e-07,2.442334121582244e-05,4.917692483372902e-06,0.0002873915368198486,1
0.1427414020485057,0.8568444934986987,1.060776628239998e-05,1.1303971655909772e-07,2.3793625134313842e-05,4.29291946085195e-06,0.0003752971022013739,1
0.742827747728387,0.2557910171653273,9.993007948644686e-06,2.0794947398382977e-07,1.4043928254864395e-05,7.599434350551573e-06,0.0013493907862575697,0
0.7609960790344438,0.23829407247864895,1.1454396461026366e-05,3.120543806653225e-08,1.489528624036927e-05,7.615226790540613e-06,0.0006758523719773665,0
0.7609278350062225,0.23827270292385727,1.1453369262362826e-05,3.1202639648965144e-08,1.4893950472206257e-05,7.614543878018036e-06,0.000765469003668044,0
0.7307737814943684,0.2682835233189556,1.5041782552249176e-05,2.232614381624015e-07,1.4949926456529974e-05,7.713208583514193e-06,0.00090476700764555,0
0.7411468203258876,0.2579111898294024,1.607166011098477e-05,2.3854765467934683e-07,1.5973514831700676e-05,8.241314903254883e-06,0.0009014648072092971,0
0.7222335521653621,0.27704816680118893,1.8121614760884263e-05,2.3663412027105728e-07,1.557505248409461e-05,8.297828529457846e-06,0.000676049903554478,0
0.5993325300438614,0.40036403820816735,1.259653347225922e-05,2.4435660822262475e-07,1.633042435193231e-05,8.568625829397136e-06,0.000265691807709251,0
0.6561827939414413,0.34327884071388653,1.6394432615501635e-05,2.3787188990957018e-07,1.4811738296522076e-05,8.341232245741805e-06,0.0004985800696245419,0
0.7076312375353432,0.29209598387453856,1.4555954342408609e-05,2.076861307304717e-07,2.151841138567678e-05,7.282736313655788e-06,0.00022921380194608127,0
0.6702332333215857,0.329703893042452,1.0157882959165184e-05,2.2987304289670455e-07,3.908869364015464e-05,6.916964415394032e-06,6.480221904932123e-06,1
0.665667933946262,0.33426700026783085,1.0893222834699476e-05,2.4651379524952e-07,3.955902648962799e-05,7.417690774689374e-06,6.949332012635018e-06,1
0.4848283208674226,0.5151339780994243,1.1384013834195404e-05,2.1148406817741401e-07,1.178660470769307e-05,7.13021619608832e-06,7.188714346929142e-06,0
0.14499032681485244,0.8549773399093281,9.47869295998245e-06,1.7710025728555008e-07,1.0400943639718003e-05,5.970960998203919e-06,6.305577964365649e-06,1
0.18281769564335112,0.8171446492590864,9.923960230877774e-06,1.854196477932201e-07,1.4692480960833161e-05,6.251450462259477e-06,6.601786260537317e-06,1
0.19896073129581615,0.8009968561573579,1.0005029600108294e-05,1.869343509500073e-07,1.9262347364385092e-05,6.302518900056551e-06,6.655716610466694e-06,1
0.3665331572054927,0.6331657395955013,1.1249567325414144e-05,2.5457787639018215e-07,0.0002706206518140808,7.660341942437977e-06,1.131806004760669e-05,0
0.17970043109059006,0.8200436194590636,8.562759893331284e-06,1.5998692927238435e-07,0.00023639448458767333,5.3939826488651765e-06,5.438236287457398e-06,0
0.16887429423062314,0.8304293514077666,9.954174412910536e-06,1.4218022299205886e-07,0.0006767415022549089,4.793626950144397e-06,4.7228777692166256e-06,1
0.30062791192385563,0.6971987113828864,1.3906274683408122e-05,2.2264251419518228e-07,0.0021418477637171903,6.699395147146303e-06,1.0700617196122148e-05,1
0.40737180138836615,0.589498298127875,1.0882771415394706e-05,2.0350132966978386e-07,0.0031059255540864922,6.265131216436393e-06,6.6235257106988255e-06,1
0.20581903479991523,0.792116509310751,9.163192107629797e-06,1.5920636493996276e-07,0.0020443515259234556,5.105577289025807e-06,5.676387648697973e-06,1
0.12569519479252148,0.8728258231418681,1.1774661097857421e-05,1.2912731989511245e-07,0.001454083147823844,5.8555816940797534e-06,7.139547674903271e-06,1
0.2104587350720739,0.7894897516337276,1.592673360696059e-05,1.829275332877106e-07,2.0968480146059915e-05,8.217125264167482e-06,6.218027647787436e-06,1
0.22372688371341531,0.7751934516309233,2.2623802204459385e-05,1.9793258462116876e-07,0.001038383012119884,8.891153849073635e-06,9.568754903417848e-06,1
0.23212834580321348,0.7663592487687323,2.1959382755622465e-05,1.921196687552874e-07,0.0014632128744853038,8.457444563892427e-06,1.8583606580744317e-05,1
0.33601504001108473,0.6615793076122709,1.1477490084323388e-05,1.6381368705895973e-07,0.0023720271395895266,7.211365635200454e-06,1.4772567648107578e-05,0
0.09096864527315729,0.9030513641572585,1.7141099386170366e-05,1.2835643797612446e-07,0.0059392689034682075,2.0165037292716235e-05,3.287172998897654e-06,1
0.0814716326197941,0.9116664634001238,1.7775285817461097e-05,1.3310536973944792e-07,0.0068196756936773914,2.0911103385059767e-05,3.408791832453225e-06,1
0.19289771636013764,0.8015747487323037,2.1784688529234096e-05,1.611279229759889e-07,0.005463173765844137,3.820108559124659e-05,4.214239670931754e-06,1
0.1313084585380195,0.8637929206359771,1.8007491641518565e-05,1.4753298454286868e-07,0.004838747786420836,3.744668092209471e-05,4.2713340342913155e-06,0
0.11580282752373798,0.8766586776311579,2.0353609422551773e-05,1.480946180732783e-07,0.007476019720586184,3.8236825970753556e-05,3.7365945065045764e-06,1
0.09090444487485459,0.8989061687265629,1.9970901339163357e-05,1.4531000104215034e-07,0.01012808599126947,3.75178604998966e-05,3.666335473214904e-06,1
0.06957630761854415,0.9233909541280833,1.9093933753593105e-05,1.0877178349309304e-07,0.006957691566704692,5.224156862954396e-05,3.6024125013992197e-06,1
0.07504605423237846,0.920681278144953,1.7881398511265898e-05,1.085087989526775e-07,0.0042040615194803834,4.721118428793705e-05,3.405011589653445e-06,1
0.06464351782986746,0.9328594066590497,1.724922304060489e-05,1.0800585375961019e-07,0.0024397380823319363,3.6590970712500954e-05,3.3892291441017117e-06,1
0.033179532446198236,0.9648296006350554,1.4607463547652976e-05,8.166698135491532e-08,0.001939989707462845,3.329503975182147e-05,2.8930410026365736e-06,1
0.01320928186119427,0.9844021716049871,2.955032435558628e-05,1.339478415376096e-07,0.002329207736593597,2.6985174827299617e-05,2.6693502007202897e-06,1
0.7608557805161135,0.23910745852948256,7.6049262819684405e-06,1.8813082731156136e-07,1.4663234800046836e-05,5.6609257943196826e-06,8.6437367004447e-06,0
0.7832918862010496,0.2166730413993445,7.126111341738774e-06,1.762858931866737e-07,1.3984198274561273e-05,5.525436161172712e-06,8.260367935134456e-06,0
0.7758443326875304,0.2241227318524678,7.058356145373478e-06,1.6232764478144507e-07,1.1803459016150036e-05,5.472900213563898e-06,8.438416981789312e-06,0
0.2868864364912953,0.7130834571416874,8.63143083989449e-06,1.762924235215153e-07,8.174529160684322e-06,6.205369011294459e-06,6.918745581895556e-06,1
0.18778009684638197,0.8121956262835262,8.711751970632945e-06,1.2665512721724116e-07,5.827925212004239e-06,4.544072890465356e-06,5.066464891531118e-06,1
0.03699174388148511,0.9629385465215236,6.461479233224067e-06,7.424121237956867e-08,4.170839972910242e-06,2.6635911860925835e-06,5.6339445386793375e-05,1
0.03901942184489634,0.960691696271197,6.141366836649131e-06,1.4431146205739144e-07,1.0418830439482389e-05,2.54253055068619e-06,0.0002696348446177185,1
0.048300590969374384,0.9513898118530234,7.213567760279497e-06,7.046082067463187e-08,1.2248205401074754e-05,2.986422550189607e-06,0.0002870785210700776,1
0.07930926417959269,0.9203066210953867,8.980796449091229e-06,2.54546707547596e-08,1.5248853719709171e-05,3.718056574156255e-06,0.000356141563607072,1
0.2016272156593902,0.7979553546989123,1.0692944856246949e-05,1.1394740641464673e-07,2.398468393044822e-05,4.327390879959472e-06,0.0003783106746240103,1
0.14962770612872475,0.8499245824450204,1.0522097529540652e-05,1.1212680320077297e-07,2.360146684792314e-05,4.258249668310714e-06,0.0004092174854059702,1
0.5929296589728285,0.4059488160144168,7.97648016410552e-06,1.690797214835066e-07,3.0221545541052343e-05,6.06591505451749e-06,0.001077091992273463,0
0.6739541874506151,0.3253436692206634,8.31792535051636e-06,2.201817311361206e-07,3.466712605563822e-05,6.958209385820478e-06,0.0006519798861985778,0
0.7287448657276218,0.270562046338295,1.8872167134711668e-05,2.4643491909839836e-07,1.6220132559389908e-05,8.641504023202504e-06,0.0006491076954468389,0
0.6855590593839469,0.3138351911883144,1.790600188302607e-05,2.3381862262670746e-07,1.6217661170809156e-05,8.199100093122688e-06,0.0005631928459693233,0
0.6561067629896808,0.34315954984699687,1.56075847278508e-05,2.2645527071349738e-07,1.4953177290209315e-05,7.823548715917626e-06,0.0006950763973175869,0
0.6611076849350164,0.3388300204405709,9.787899408640937e-06,2.421332627189302e-07,3.709780168621253e-05,7.285878939544438e-06,7.880911115601221e-06,1
0.5212460178215663,0.4787231729302521,8.536807490533375e-06,1.7435979150603388e-07,9.889216993447402e-06,6.014600785331522e-06,6.194263120701371e-06,0
0.48057103296446085,0.5193905393557325,1.2494708843509576e-05,1.9863767209662145e-07,1.1086554890021713e-05,6.852074599707353e-06,7.79570380146706e-06,0
0.4679928528241749,0.5319738049357887,1.0125346633511793e-05,1.881014490099575e-07,1.016360652334837e-05,6.4712873140633705e-06,6.393898116437191e-06,0
0.47685991408981654,0.5231064837538185,1.0269747125946838e-05,1.907840180960257e-07,1.0189959716343988e-05,6.466582160610958e-06,6.48508334396681e-06,0
0.2452708144003423,0.7546948912509222,1.0084454903314247e-05,1.873417916884763e-07,1.100242002231476e-05,6.349908656708554e-06,6.670223361510722e-06,0
0.1341799135735262,0.8657895271706567,8.958628398544954e-06,1.6738335137620962e-07,9.830278230957248e-06,5.6433540986027454e-06,5.959611737535379e-06,1
0.35824865064738004,0.641448898046814,1.1396735661977405e-05,2.5790829804200074e-07,0.0002715699818756796,7.760555554976438e-06,1.146612441507498e-05,0
0.6474149124208646,0.3522469092555615,9.353656355240845e-06,2.3139094887373773e-07,0.0003102870182685583,7.123760121577939e-06,1.1182497879711262e-05,0
0.6025601020726996,0.3971618002114837,9.370992732600372e-06,2.318198165437593e-07,0.0002501547158398087,7.136963535194609e-06,1.1203223892695071e-05,0
0.37934196583695345,0.6205594058633424,9.099211624075337e-06,2.2509648972917855e-07,7.045745917487804e-05,6.929974594273757e-06,1.1916557821237432e-05,1
0.31628725993124035,0.683618843047074,9.464221955948356e-06,1.9911029691256003e-07,6.770019931472738e-05,6.713032693615973e-06,9.820457424308635e-06,1
0.2088680305530431,0.7908688206320311,8.133415800297002e-06,1.7111251642747087e-07,0.00024325878866175555,5.769083442073117e-06,5.816414505273252e-06,1
0.215687215753571,0.7822459534709212,1.0637946549605577e-05,1.8301309595429056e-07,0.0020452884432805487,5.461846952114245e-06,5.2595256296383375e-06,1
0.15661807736701958,0.8417277968427624,8.779287601963437e-06,1.3927797398825956e-07,0.0016339861264515454,6.2731431007622655e-06,4.9479550895862695e-06,1
0.13291103780094976,0.8654596156392577,1.2480104328930294e-05,1.368635929826805e-07,0.0016056610083146556,6.206401172937999e-06,4.862182383086659e-06,1
0.1498446340128028,0.8499496155771376,1.732766719197254e-05,1.6403202776890934e-07,0.00017473754242572313,7.590214683971647e-06,5.930953730298147e-06,1
0.21759939014880336,0.7823341899258621,2.2668638154302453e-05,1.8126956464429356e-07,2.926569810235282e-05,8.142649127184909e-06,6.161670386096725e-06,0
0.22051532550262148,0.7794200066494685,2.107953362667163e-05,1.8059433819937032e-07,2.915668381014869e-05,8.11231787972373e-06,6.138718255121196e-06,0
0.21443586707373777,0.7854544162501136,2.0773817272936937e-05,1.8174731674721795e-07,7.436346324321425e-05,8.21973829779592e-06,6.177910017886327e-06,0
0.43942610780276886,0.557494078237023,1.4202481687834607e-05,2.1146815300013796e-07,0.003038925993687766,8.745404611105534e-06,1.7728612068449923e-05,0
0.31267076924011783,0.6854826544486781,1.131838076145907e-05,2.0399326485815573e-07,0.0018144648424536177,7.602722961184352e-06,1.2986371763011847e-05,1
0.19402495741768513,0.8031897055227214,1.0650655188630014e-05,1.5164017471931067e-07,0.002750849193194031,7.026624680863891e-06,1.6658946355300018e-05,1
0.0913657055249624,0.9030863589596108,1.0151602428924606e-05,1.2836141201011178e-07,0.00552882028418035,5.547967023135341e-06,3.287300382537123e-06,1
0.07750830170511051,0.9153908781799898,1.784790287630078e-05,1.3364914273784057e-07,0.007054008556104175,2.540728906749869e-05,3.422717709067053e-06,1
0.14406296235049434,0.8473044415957581,1.9504143966075716e-05,1.5769857248461095e-07,0.008577260962698773,3.203324083252712e-05,3.6400076778405206e-06,1
0.22465096510619528,0.7636181207678207,2.35557885038762e-05,2.1802344828689888e-07,0.011663459942998647,3.9059586370225805e-05,4.620784663026324e-06,1
0.2227131059664004,0.7682516691532894,2.3352594184075578e-05,2.161427586947015e-07,0.008970365749146962,3.670946885557248e-05,4.580925364901183e-06,1
0.19607660952143532,0.795888816719474,1.9846304336013346e-05,1.7980052285960932e-07,0.00797593498200277,3.4801983493707956e-05,3.8106887353717777e-06,1
0.07669739941775115,0.916586768829116,1.845269637602166e-05,1.047834771808762e-07,0.006643737090767683,5.006685871999463e-05,3.47032379183557e-06,1
0.07950462949878974,0.9161510447035872,1.7958842183983925e-05,1.0797487890741675e-07,0.004275082004221591,4.7788719186699754e-05,3.3882571516759873e-06,1
0.029029858749017416,0.9688742135517439,1.7661665108286618e-05,7.710076394320373e-08,0.002033350118507812,4.1196212922305394e-05,3.6426019364025718e-06,1
0.028555123249143406,0.9693155649366637,1.7373023961055482e-05,1.2635114940471579e-07,0.002067706889148037,4.052251674955883e-05,3.5830331845849766e-06,1
0.030186063528075176,0.9681499943821607,2.1264450177750734e-05,1.2492472128557637e-07,0.0015989450899356484,4.0065042024380676e-05,3.542582905261196e-06,1
0.01784210598759736,0.9562594530587717,2.5870667261082415e-05,1.301184550195771e-07,0.02584020091215649,2.898801538593791e-05,3.2512403725679053e-06,1
0.02256765691703844,0.9719743626991968,3.091721720342263e-05,1.4351426117168036e-07,0.005394005745642843,2.932794830945111e-05,3.5859583476488326e-06,1
0.023647975918031323,0.9727019108013027,2.5077181739837393e-05,1.275499414208557e-07,0.0035979871794495407,2.4379518484789135e-05,2.5418510505675035e-06,1
0.7486291837587369,0.2513346460182139,7.482718671274952e-06,1.8510765285186307e-07,1.4427603470628148e-05,5.5699573628074335e-06,8.504835891882023e-06,0
0.7448990521558069,0.255064206505804,7.4454351589605936e-06,1.8418533253517415e-07,1.4610835631132538e-05,5.773033101802416e-06,8.727849164668e-06,0
0.7981744323969395,0.2017910053863315,6.907078629902227e-06,1.9405078058730328e-07,1.431315068930137e-05,5.14146464142807e-06,8.006471987845106e-06,0
0.5038644377661797,0.4961008989757526,9.157363120385615e-06,2.1060047936444938e-07,9.765364417993175e-06,7.2647357377275696e-06,8.265194312051885e-06,1
0.30694041977698455,0.6930314852857762,8.08809817791671e-06,1.6519514040181067e-07,7.65995761725481e-06,5.698463003491821e-06,6.4832233000991955e-06,1
0.2853099023805896,0.7146619693397751,8.135016102509203e-06,1.6615341427162847e-07,7.704391958426547e-06,5.601886589778877e-06,6.520831570327773e-06,1
0.2789123878607264,0.721038665548927,1.3690973686928896e-05,2.563159389362921e-07,1.6998321948778403e-05,8.818082437753377e-06,9.182896334333214e-06,1
0.190923044605468,0.809054132993231,8.41456697163358e-06,1.2261897245969465e-07,5.535544133717158e-06,4.316101376899477e-06,4.433569846126076e-06,1
0.03879093439472275,0.9611259302555184,7.082619928832862e-06,8.13780051534543e-08,4.575661891956497e-06,2.9196416696474896e-06,6.84760482632161e-05,1
0.04516456021626076,0.9546287891369712,6.758125683975768e-06,1.4766159467409055e-07,1.265115761495223e-05,2.797869183509104e-06,0.00018429583269091523,1
0.039518542254690446,0.9601998524885937,6.219924677521018e-06,1.359021775539348e-07,1.055210383700225e-05,2.5750535566757974e-06,0.00026212227246696294,1
0.059788943212513726,0.9398050076396016,8.929323317233052e-06,8.722000955834762e-08,1.5161455429073148e-05,3.696746658339482e-06,0.0003781744024706297,1
0.11900098531723062,0.8806640229760596,8.368369775996691e-06,8.91759982598679e-08,1.8770573194636617e-05,3.3866448892814017e-06,0.0003043769428518679,1
0.6897692493479843,0.30960547133069855,9.734590922104833e-06,3.0653416457908794e-08,3.451507262263796e-05,6.621612468056028e-06,0.0005743773918878624,0
0.6816200368170053,0.31772112069815056,1.0259640427303682e-05,2.7950540652966713e-08,3.637669392212864e-05,6.820917095820148e-06,0.0006053572828582499,0
0.6815652862558402,0.3176956000140265,1.0258816330240207e-05,2.794829554909218e-08,3.6373771994517966e-05,6.820369211341282e-06,0.000685632824301554,0
0.7492972267040515,0.24983751663376094,1.551970270258682e-05,2.303550881151605e-07,1.5604446696201196e-05,8.077647550903692e-06,0.0008258245101494664,0
0.729226066069691,0.27014305167713976,1.6662787106897987e-05,2.417655281666096e-07,1.657594419958116e-05,8.352485598950947e-06,0.0005890492707355659,0
0.6920342074752198,0.30730180017525904,1.6446827154393666e-05,2.386320984681392e-07,1.5764384389386803e-05,8.244232256837743e-06,0.0006232982736220748,0
0.64606781442828,0.3533596739606757,1.6627656551169004e-05,2.412558080755998e-07,1.5197281596724082e-05,8.45989295564817e-06,0.0005319855241327377,0
0.6935549702772574,0.3063647921835451,1.130199175660959e-05,2.059912049945441e-07,2.275297883966768e-05,7.116558701626789e-06,3.886001869463657e-05,0
0.6929318425823485,0.3070097014986293,1.0423315995105636e-05,1.9363691072846016e-07,2.2913865273608747e-05,6.528496680318858e-06,1.8396604162449336e-05,0
0.5852603079478313,0.41468165918505073,1.1101803721269674e-05,2.335620873533781e-07,3.106456263638451e-05,7.87457983190578e-06,7.75835884119208e-06,1
0.5926276896356366,0.40733425713853305,8.162818854816909e-06,1.877280109120775e-07,1.0454294377098725e-05,6.4757420968895344e-06,1.2772642490719846e-05,0
0.5272903814466467,0.4726758424872999,9.40701609563343e-06,1.9213334340119582e-07,1.0723529103707105e-05,6.627705551421312e-06,6.825681959168287e-06,0
0.49527210504132907,0.504693917043215,1.1264485970443682e-05,1.7907990482677706e-07,9.994978161021737e-06,6.1774227125693355e-06,6.3619487070149965e-06,0
0.29918562749748084,0.7007240307684345,9.088799183126982e-06,1.9121207346512512e-07,6.811534619307171e-05,6.446742938408591e-06,6.499633696622895e-06,1
0.20589439145395447,0.7936806886435938,9.442821535546884e-06,1.764300342364906e-07,0.00040335512029098804,5.948364330376503e-06,5.997166260680584e-06,0
0.09347570465670889,0.9054574811288842,9.543511762497112e-06,1.2133005714951819e-07,0.0010489344906054728,4.0906605685023775e-06,4.1242214132781825e-06,0
0.1595965744173798,0.8391235969859149,9.778506264049322e-06,1.396710709979673e-07,0.0012605618589424297,4.7090305247923454e-06,4.639529903225851e-06,1
0.4128961955037049,0.584416183891981,1.4211188524111073e-05,2.4487350869799455e-07,0.0026588931167169636,7.3683339490042975e-06,6.903091615293879e-06,1
0.42652599899754606,0.5705351608936909,1.4035915091689733e-05,2.4185336577991733e-07,0.002910466931106154,7.277456737694523e-06,6.817952461754487e-06,1
0.34622199886518046,0.65125879587005,1.1088661375079375e-05,2.0735134902259485e-07,0.0024947767560305994,6.383660547278216e-06,6.7488354676985045e-06,1
0.2044160266085166,0.7938658176041344,8.830996068252276e-06,1.6989797703059483e-07,0.0016980538361851972,5.256676814976622e-06,5.8443803034512175e-06,1
0.13541677204614108,0.86319788762381,1.2618204573379733e-05,1.383780751655996e-07,0.001361305292169001,6.275078925666968e-06,5.003376305578103e-06,1
0.1647047730734197,0.8350768266940004,1.951506471673062e-05,1.8473898431116017e-07,0.0001834723849808234,8.54838271825809e-06,6.679661179799434e-06,1
0.14876286092303706,0.8511993194767501,1.1422088256072669e-05,1.404031839864091e-07,1.4439940079868344e-05,6.306926735242789e-06,5.510241957570469e-06,1
0.22051699520760767,0.7794259082867742,1.4924208486441935e-05,1.8059570562934956e-07,2.7740557384482298e-05,8.112379304831406e-06,6.138764736464187e-06,0
0.2286160191265922,0.771271434878282,2.2917837730081405e-05,1.832622868494614e-07,7.49833261690006e-05,8.232162431618957e-06,6.229406508392789e-06,0
0.33727438634247564,0.660078936741306,1.2083721755227549e-05,1.7516732634824215e-07,0.0026136472213430565,7.71117273725124e-06,1.3059633056496321e-05,0
0.43608811802975733,0.5597620158652965,1.624678002921036e-05,2.8069549188617875e-07,0.00410995569958663,9.728510796271604e-06,1.3654419042316742e-05,1
0.4745755456839586,0.5227252235616029,1.651931136887976e-05,2.977305968377602e-07,0.002659435918423134,1.065259206028962e-05,1.2325201989238906e-05,1
0.2865878155567546,0.711634882417436,1.1101574385428927e-05,1.584483906216004e-07,0.0017395443287263374,7.342100299249517e-06,1.915557400766571e-05,1
0.07831640305853228,0.9145781235919586,1.730573348363231e-05,1.2958925541936724e-07,0.0070600837950003225,2.463548665583445e-05,3.318745113829291e-06,1
0.08162536216343459,0.9112127010504092,1.724792112485212e-05,1.2951646073264346e-07,0.007114569069833109,2.667339787570033e-05,3.3168808619660054e-06,1
0.14619815921634546,0.844883393976788,2.054153531667235e-05,1.786527911633616e-07,0.008860155972468572,3.37370329614738e-05,3.833613328396886e-06,1
0.07860804138860998,0.9150253724077834,1.7994188153004476e-05,1.0138744547577856e-07,0.0062983240484220495,4.678248557663942e-05,3.3840940093330835e-06,1
0.038245370315524836,0.9597277371171589,1.72319273784263e-05,7.460486510271751e-08,0.001971849970937949,3.4127849503185895e-05,3.608214631728888e-06,1
0.01776943546029305,0.9523646281573942,2.576529657037561e-05,1.2958848525340335e-07,0.029807933551318125,2.8869947801031406e-05,3.2379981380227343e-06,1
0.7450607381722577,0.25490484151753084,7.413559398568178e-06,1.7049658756674173e-07,1.239745384371834e-05,5.748317310722151e-06,8.690483070843479e-06,0
0.8059181599419257,0.19404691515846892,7.911171012518143e-06,1.7902991802862887e-07,1.3953894541373748e-05,5.387076086391725e-06,7.493728047113704e-06,0
0.2717072388871125,0.7282677691539088,7.683299170303244e-06,1.4384309589645168e-07,6.669881543860852e-06,4.849690952587321e-06,5.64524421605841e-06,1
0.2745743738998523,0.7254007325292411,7.65305164178069e-06,1.4327681596260285e-07,6.643623626816602e-06,4.830598742045667e-06,5.623020080090623e-06,1
0.2646623457803651,0.7353124205094141,7.75762095990779e-06,1.4523451331653645e-07,6.7344003816416426e-06,4.896602793794599e-06,5.699851572038227e-06,1
0.3256648229329674,0.674293340274712,1.174458965359194e-05,2.1987665693608848e-07,1.4581747116981686e-05,7.413173549849874e-06,7.877405343433212e-06,1
0.27622303936129344,0.7237279210859434,1.3766577025907074e-05,2.5773134891808264e-07,1.709218889540621e-05,8.689450009793514e-06,9.2336054833128e-06,1
0.21524148179008237,0.7847293259448965,8.831357675125214e-06,1.6533650464488728e-07,8.01869866217524e-06,5.688100919432042e-06,6.4887712596353286e-06,1
0.23036325004154196,0.7696095592135489,7.699490754098833e-06,1.5725803868436892e-07,7.626899014969865e-06,5.535372085402372e-06,6.171725015920785e-06,1
0.05238638162773751,0.9475657210464291,7.040378615551463e-06,1.038339875646886e-07,6.088788293070284e-06,3.7253068104564644e-06,3.0939018126773855e-05,1
0.04519386333262662,0.9545827498753919,7.982314573082327e-06,9.211014493266401e-08,5.179100657926253e-06,3.2299407524124485e-06,0.0002069033258531857,1
0.17048710799258412,0.8291753967798533,1.1688318470062385e-05,1.141693630925645e-07,2.40314033857971e-05,4.838774955110373e-06,0.0002968225613885634,1
0.18082638412450583,0.8188426856544233,1.1542665308183478e-05,1.1274664957164824e-07,2.3731937735841198e-05,4.2817896295674085e-06,0.00029126108174783264,1
0.08638925079407711,0.9132956700784988,5.508859040854151e-06,5.870414637390428e-08,1.2356581342985981e-05,2.2294126354207763e-06,0.0002949255702581884,1
0.2019306838927177,0.797642518173689,9.100936952360369e-06,9.698246606582273e-08,2.0413749365384272e-05,3.5998091848926708e-06,0.00039358645562456116,1
0.32103176347153856,0.6783936969464494,1.276025659695798e-05,1.5418385906854515e-07,3.2454017544540464e-05,5.7230187533119765e-06,0.0005234481052583392,1
0.34037401971736375,0.658993561207148,1.3002515914022824e-05,1.8560426130796016e-07,3.317516486611358e-05,6.6587505170475385e-06,0.0005793970399296717,1
0.6808463029868496,0.3182924148624447,1.2778793257647193e-05,2.7253421650930216e-08,3.5469416854423994e-05,6.650795487875253e-06,0.0008063558916841009,0
0.7333070859861551,0.2658287615018305,1.8039761800041985e-05,2.355652749371247e-07,1.5326330888435973e-05,8.260348324594219e-06,0.0008222905057264106,0
0.6403789386343908,0.35902831821189507,1.2113672380000861e-05,2.2580727637677354e-07,1.491715794134557e-05,7.801161887626878e-06,0.0005576853542287824,0
0.609287966443785,0.3903021655960261,2.1307401397725118e-05,2.648179073105239e-07,3.139405458225127e-05,9.28612316717267e-06,0.0003476155631342845,0
0.6343841662291109,0.36552201367121234,1.5183796766224826e-05,2.1664426295893914e-07,2.5376102500357593e-05,7.484599232082727e-06,4.555895691526505e-05,0
0.6603687782448943,0.33958479553979,1.1269157818230859e-05,2.1055337032499975e-07,2.0690588250207843e-05,7.098837582284741e-06,7.157078294804905e-06,0
0.6006864325883629,0.39926562847842656,1.054890351610349e-05,2.2193005626555448e-07,2.231372409009715e-05,7.482404207658636e-06,7.371971340318718e-06,0
0.5930497953391523,0.4068932603356647,1.0890247221742937e-05,2.4644645708392466e-07,3.0472594853879796e-05,7.724521464247008e-06,7.610515186257853e-06,1
0.4075573845379463,0.5924008391496133,9.005542110835774e-06,2.2277929132826665e-07,1.8213579954403667e-05,7.144292822085259e-06,7.190118261780395e-06,1
0.49689511477521864,0.5030620796463711,9.693334999885654e-06,2.2292672800881024e-07,1.7460123530859023e-05,7.689933910633154e-06,7.739259240859255e-06,1
0.5265253882994753,0.473442097291022,9.055630488454792e-06,1.8495647766141792e-07,1.032296703950983e-05,6.380137107218435e-06,6.570718389929372e-06,0
0.5054219698812463,0.4945420336764407,1.1704195214599658e-05,1.8607028945697826e-07,1.0385132163971351e-05,6.418558426964374e-06,7.302486217993255e-06,0
0.4524024494389493,0.5475596725041542,1.1194967217743373e-05,2.079720953262956e-07,1.2021192952556562e-05,7.0491682425149655e-06,7.4047563882304984e-06,0
0.34888940636338134,0.6510650081052348,1.1567951162746899e-05,2.1490112433162462e-07,1.200991231200247e-05,7.284026150443416e-06,1.4508740634047394e-05,0
0.19572785369291706,0.8042352041005233,1.0218247692652233e-05,1.9091812584459317e-07,1.3298651098991187e-05,6.43683245152047e-06,6.797557190346774e-06,0
0.2662104952577201,0.733716704373451,1.0318618434106487e-05,1.927934565690439e-07,4.9235509756155966e-05,6.500059500346121e-06,6.553387681521634e-06,1
0.16153357673762983,0.8378653268813008,8.352508318790196e-06,1.9955959003016064e-07,0.0005819382976306201,5.261537811091033e-06,5.34447771885349e-06,0
0.15459830019833828,0.8448745447031871,7.4697512691648675e-06,1.770845940392301e-07,0.0005100231720323844,4.705458197957097e-06,4.779632381044025e-06,0
0.36240181462554005,0.6363268867937021,1.096617931519602e-05,2.2289206722537865e-07,0.0012500895529624564,5.922645674941755e-06,4.097310737862573e-06,1
0.1548430070743397,0.8434871594221414,9.972144635203512e-06,1.4049914022275788e-07,0.0016483126464900228,6.32814498167326e-06,5.080068271678044e-06,1
0.1605601318756908,0.8378808218385065,1.4213724467065417e-05,1.5587541169178263e-07,0.0015319721165739438,7.068536758920954e-06,5.636032590766799e-06,1
0.13198355858441468,0.8678125799350246,1.729705036358707e-05,1.6374219415263078e-07,0.00017239768352728132,7.576803282551399e-06,6.426201193071333e-06,1
0.14550403786841973,0.8544601356951234,1.117187416157485e-05,1.3732748935350411e-07,1.2958934903067131e-05,6.168766188174363e-06,5.389533714824722e-06,1
0.2404099198114834,0.7595337031016124,1.4736162742556147e-05,1.7832019106263055e-07,2.739102502878582e-05,8.01016293587311e-06,6.061416005879449e-06,1
0.25504308822141764,0.7448539698112533,2.242634090438396e-05,1.7933203682686272e-07,6.009026741767871e-05,8.055615160824046e-06,1.2190411809284634e-05,0
0.26624860175141324,0.7322496425856321,1.535256827176507e-05,1.941247556868878e-07,0.0014645114726073076,8.545712005116238e-06,1.3151785314822127e-05,0
0.30315927110813373,0.6950103270599752,1.282976000464581e-05,1.826654805976837e-07,0.0017969727224971016,8.041254629995608e-06,1.237542927870797e-05,0
0.40632553196525684,0.5902756400468498,1.3682286751944228e-05,2.0179289111132749e-07,0.0033670616369667083,8.497515987894825e-06,9.384755295639112e-06,1
0.3578446366094318,0.6390438001704668,1.3113769624068175e-05,1.880521181107725e-07,0.003081571442062782,8.100926148495318e-06,8.589030147913177e-06,1
0.18217260567835467,0.8163038595208661,1.0352842078926217e-05,1.4740001942469602e-07,0.0014957999043014039,6.830146538452194e-06,1.0404507841048887e-05,1
0.10054139301921455,0.8962541952261444,1.0073599911670597e-05,1.273751132139198e-07,0.003184286889658662,6.661848415342023e-06,3.262041542210855e-06,1
0.10340963052216241,0.8885239172438041,1.876732717758639e-05,1.3596693289994512e-07,0.008023149045368126,2.0917818878481675e-05,3.4820756762879712e-06,1
0.11465347404325589,0.8746866247163785,1.74106515798973e-05,1.4272372924512847e-07,0.010615921224161164,2.240433427451148e-05,4.022306621096993e-06,1
0.14097435844658798,0.8524090956365248,1.6079235513546995e-05,1.369318779361765e-07,0.00656939312397371,2.7814911412770052e-05,3.1217141090784703e-06,1
0.08169887792442007,0.9130592877237377,1.807284640566746e-05,1.3370756441163573e-07,0.005176246399110988,4.461145815848357e-05,2.7699406026943744e-06,1
0.08131845826483067,0.9135886854864983,1.8066509664662863e-05,1.2727154632370372e-07,0.005027916965944168,4.337309148186296e-05,3.3724100340049245e-06,1
0.07332775334598303,0.9213651912441333,1.724476299781984e-05,1.0750878323342844e-07,0.005246536883458029,3.9818785844558064e-05,3.3474687999440247e-06,1
0.06917084047242844,0.9268599437947689,1.6052519760070715e-05,1.666052278098329e-07,0.003909781651455535,3.987711675330894e-05,3.33783960585584e-06,1
0.05091489015223455,0.9463249964479753,1.4994402854924938e-05,6.904740390377177e-08,0.0027098449946836387,3.2372018467690804e-05,2.8329363798616916e-06,1
0.04478935011742399,0.9514099536724823,1.8810151497978412e-05,1.567955075684855e-07,0.003741920494607389,3.587008754488838e-05,3.9386809362378515e-06,1
0.03525243596102534,0.9626080566996673,1.7070986166947315e-05,1.1576271488695854e-07,0.0020819136398990542,3.6832435574264844e-05,3.57451495198014e-06,1
0.02164564666305979,0.9762794305875053,2.570551741453904e-05,1.328425782031263e-07,0.002009649523770293,3.6115558250164305e-05,3.3193074217260803e-06,1
0.024456619312147647,0.9717584057703567,2.1467766067817197e-05,1.274262200524785e-07,0.0037314685391627144,2.8727215937810816e-05,3.1839701070536625e-06,1
0.018288825391311114,0.9746070373654603,2.7294788993865393e-05,1.4390298167104102e-07,0.007042048820818912,3.105405921552464e-05,3.5956712187475254e-06,1
0.7352009697273456,0.26476537066872735,7.592129077899707e-06,1.7460332217721686e-07,1.2471838767428029e-05,6.0230014593257825e-06,7.39803130004008e-06,0
0.8046138736877433,0.19535119606090878,7.964345726783172e-06,1.8023326260568326e-07,1.4047685252502075e-05,5.423285167343783e-06,7.314701938602622e-06,0
0.8116983548802884,0.18826883548764373,7.427743630220344e-06,1.6808994915567422e-07,1.3334040146166186e-05,5.057888398935266e-06,6.821869943277917e-06,0
0.3059110890933933,0.6940465860665421,1.1833076132160873e-05,2.2153325896865363e-07,1.4691609401814244e-05,7.641865718357467e-06,7.936755553160406e-06,1
0.29820487389297406,0.7017525570850436,1.1901343920476733e-05,2.228113362377663e-07,1.4776368738225206e-05,7.685953431930198e-06,7.982544555273328e-06,1
0.2084106413597515,0.7915635991473837,6.755105460929935e-06,1.37969467049025e-07,9.021387830216324e-06,4.8564279634305686e-06,4.9886021430795294e-06,1
0.050828565659268986,0.9491243576836511,7.274714576284666e-06,1.0600878563194956e-07,6.098803649577046e-06,3.731434511734279e-06,2.9865695556761594e-05,1
0.03803910739017919,0.9618751525866809,6.747536034804966e-06,7.75279526122988e-08,4.3591840038419366e-06,2.7186005816908036e-06,7.183717456704751e-05,1
0.03206159156548388,0.9678153765312344,5.1376131528747614e-06,1.2438039726908833e-07,1.0647465396942968e-05,2.356740636046131e-06,0.0001047657036985524,1
0.16097079103961243,0.8385587821265956,9.135152667858056e-06,9.734707956490995e-08,2.0490496522757546e-05,3.696958777341088e-06,0.00043700687874448433,1
0.5858538338180992,0.4134959190475425,1.7062263413681045e-05,1.9649191654262031e-07,1.2932928639537905e-05,6.889918200847644e-06,0.0006131655321876396,0
0.48191087662921245,0.5174538496498802,1.619793862067235e-05,1.624867104285363e-07,1.0222223064037634e-05,5.697537910342496e-06,0.0006029935346018987,0
0.4786833039134825,0.5206774647605646,1.6298847947629473e-05,1.6349896420803233e-07,1.0285905096273583e-05,5.733032224113483e-06,0.0006067500417205586,0
0.6511795368285176,0.34805828597872696,1.4634207709479398e-05,1.9109514234731037e-07,1.2433019467311368e-05,6.6019319699207185e-06,0.0007283169384664446,0
0.6795614035540881,0.31978152008026006,1.856148407221388e-05,2.3458999192106218e-07,1.4607382018274391e-05,8.104586059218456e-06,0.0006155683235101413,0
0.6798068625483729,0.3195051542814334,1.662042559452681e-05,2.411508918907787e-07,1.593077955569861e-05,8.331251220826814e-06,0.0006468595629308437,0
0.6562073556482803,0.3432056230734884,1.277985887783398e-05,2.3822545592759503e-07,1.5737520990207205e-05,8.353630416335518e-06,0.0005499120424909919,0
0.5352829225386375,0.464604200434058,2.1371169602356657e-05,2.707283286205835e-07,3.112576156202558e-05,9.176276910934585e-06,5.093309090072246e-05,0
0.5584418277121409,0.44149661674660323,1.2390078816970538e-05,2.0164843550576988e-07,1.9824516488174896e-05,6.798606406383971e-06,2.2340691108811834e-05,0
0.5060088423141313,0.493955762545479,1.1508682696135974e-05,1.8296208165319673e-07,1.021165391051369e-05,6.311339733158177e-06,7.180501968299155e-06,0
0.39342263118498844,0.6065428809555914,1.1928994418989088e-05,1.7383200384106108e-07,9.702077314362406e-06,5.860771356763564e-06,6.822184326149508e-06,0
0.1860982860679279,0.813868378135164,9.772588005965869e-06,1.8259140342546137e-07,1.072343386301895e-05,6.1560957910008766e-06,6.501087844642718e-06,1
0.2496844780452587,0.7502724317426853,1.008402892886037e-05,2.1214992668660843e-07,1.7112800789405948e-05,7.15266571281777e-06,8.528566698122107e-06,0
0.22285128328802797,0.7763277288306273,1.049909250241469e-05,1.9616544087802945e-07,0.0007970108696167668,6.6137464430084635e-06,6.668007341472988e-06,0
0.49287502884326606,0.5043341366728895,1.1213497385103904e-05,2.582722781966955e-07,0.002760832784719175,7.0046170687287095e-06,1.152531239319461e-05,1
0.10859642152318325,0.8905548256580296,1.658292724078467e-05,1.569819613635216e-07,0.0008185880308057015,7.263988651891272e-06,6.160890127468299e-06,1
0.20904761302424987,0.7909043537776528,1.2155806615869673e-05,1.56985414775334e-07,2.2344393330261063e-05,7.214987076745722e-06,6.161025659541898e-06,1
0.2563292641160997,0.7436141508349622,1.4427298090425493e-05,1.7458266422184883e-07,2.8206524457384013e-05,7.842272811970396e-06,5.934370914237745e-06,1
0.2691507755987334,0.7307506947859116,2.2001714244118265e-05,1.7593651349110761e-07,6.246848609945602e-05,7.903087872635997e-06,5.980390625081095e-06,1
0.2682503245677918,0.7316545442813226,2.2028927681559537e-05,1.7615412550308099e-07,5.90254184110281e-05,7.912863028563783e-06,5.987787638983933e-06,1
0.26277125634553106,0.7370407265007989,2.2191096863067312e-05,1.7745090992967682e-07,0.00015071327980420603,7.97111473011163e-06,6.964211362886282e-06,0
0.31640377170313877,0.6820696126080572,1.5651853891926584e-05,1.9790905723604958e-07,0.0014886454537709247,8.712303592393308e-06,1.3408168491532476e-05,0
0.3111121911163277,0.687122919433986,1.3930379195118993e-05,1.7614195944345904e-07,0.0017310953844087416,7.754077794429072e-06,1.1933466328575802e-05,0
0.35837651207708426,0.6394068728926608,1.0817055046637851e-05,1.5438755836781318e-07,0.0021869792625785135,7.153931535977342e-06,1.1510393535171305e-05,0
0.38760141343739485,0.609138446355627,1.3480312163804976e-05,1.9659360578306077e-07,0.003221539046512466,8.130257923650194e-06,1.6793996772413713e-05,0
0.38562940263341106,0.6111017897913943,1.3523761206559122e-05,1.972272560931623e-07,0.0032319225440209215,8.156462949159576e-06,1.5007579761810517e-05,1
0.35350015640041577,0.6433855845694113,1.2883021710934886e-05,1.8788286656555115e-07,0.0030787979517478636,8.093635115125785e-06,1.4296538732598972e-05,1
0.30755465143470767,0.6880416289275242,1.2462334920359503e-05,1.6896347015673822e-07,0.00436942930226066,7.829342664405122e-06,1.382969445253005e-05,1
0.1753587838358178,0.8221718743428685,1.2060299645420306e-05,1.524958352723033e-07,0.0024392985463968296,7.066273840931325e-06,1.0764205595159823e-05,1
0.10154322858975112,0.8948838177515733,1.0462423374256157e-05,1.2581306117734908e-07,0.003552563232920382,6.580151499657765e-06,3.222037820087906e-06,1
0.11099203810100419,0.8796633697367916,2.043127163653536e-05,1.3440846294879724e-07,0.009299906262185817,2.067805622832572e-05,3.4421636903854055e-06,1
0.1596397422270055,0.8315881579854458,2.05296590928658e-05,1.5642337398108486e-07,0.008719987620038585,2.8110851140050306e-05,3.3152339030960145e-06,1
0.12184344137244286,0.8707514089286167,1.909816805433038e-05,1.3969756768141794e-07,0.00735601323374901,2.7004567608623915e-05,2.8940319608778303e-06,1
0.10038360504527992,0.8921789808920878,1.943109672542592e-05,1.4103247270354353e-07,0.007382640743274502,3.2279503760162674e-05,2.9216863994116354e-06,1
0.0749892931836204,0.9198126201415552,1.727080819367086e-05,1.0090365771531011e-07,0.0051346847573618785,4.268837755325605e-05,3.341828057950552e-06,1
0.0733215165447313,0.9212868256688109,1.6247121574190397e-05,1.0666598787935992e-07,0.005331488213952275,4.0468600858264205e-05,3.347184085130752e-06,1
0.05505696321344171,0.9408903677132657,1.5810643523355083e-05,1.1437404069328042e-07,0.0040013001217203735,3.1912298464023463e-05,3.5316355441018904e-06,1
0.021573542416334572,0.9747765733376724,2.456557076520337e-05,1.3240006363271523e-07,0.0035857489875633385,3.612903719051354e-05,3.3082504103547603e-06,1
0.02106391539754496,0.9741478411786928,2.152055268646204e-05,1.2773954558723677e-07,0.00472867512207709,3.4728210351737944e-05,3.191799101243681e-06,1
0.01858601107307554,0.9762149742521292,2.156621910826819e-05,1.2801060776928668e-07,0.005139991235607464,3.4130637400939816e-05,3.1985720706093596e-06,1
0.017399126110632736,0.9756560280874187,2.1773765880850594e-05,1.29242543157008e-07,0.0068843330688875505,3.538037047546293e-05,3.229354161192529e-06,1
0.7166922851031364,0.28327351682681895,9.236650124653167e-06,1.8865370827848957e-07,1.0141665193021545e-05,6.507674344909048e-06,8.123426673695022e-06,0
0.7502942770454787,0.249671539656487,7.602698110943717e-06,1.7484638815551494e-07,1.2845483815822305e-05,6.031386103579664e-06,7.528883615926742e-06,0
0.8159289417720209,0.1840374277659229,6.774402510212877e-06,1.675853126689329e-07,1.3793092599952503e-05,5.042703701427835e-06,7.852677932113645e-06,0
0.30397959378079364,0.6959790799773066,1.1553890479239465e-05,2.1630647711935302e-07,1.4344980468010302e-05,7.461566086521349e-06,7.749498388883035e-06,1
0.1952371669661814,0.8047216376002988,8.12999198165223e-06,1.2924852444548757e-07,5.829882805449371e-06,4.5494569325702195e-06,2.25568532757492e-05,1
0.04913470772524904,0.9508179600140956,8.272140895343164e-06,1.2054350747319322e-07,6.644063070811818e-06,4.243046472701108e-06,2.8052466708878204e-05,1
0.03295143246349639,0.9669226271442373,6.15013792519734e-06,7.096814970887003e-08,3.986960693690022e-06,2.5461617880295633e-06,0.00011318616370989591,1
0.06475088240104755,0.9349329976944137,5.52705603938427e-06,5.8898059352500455e-08,1.2397397906065212e-05,2.236776886012218e-06,0.00029589977564784995,1
0.7047635637205327,0.29452014132361554,1.6598772413713322e-05,2.4083671919792226e-07,1.4996351432313905e-05,8.32039722144747e-06,0.0006761385980649547,0
0.6755333934896873,0.3238199541007317,1.601732371919461e-05,2.3240030037853356e-07,1.535270272060784e-05,8.028936866325616e-06,0.0006070210459743825,0
0.6259567479497059,0.3735454262441767,1.2816530153528498e-05,2.3493766654199218e-07,1.5520324829260275e-05,8.23834056493347e-06,0.00046101567290292094,0
0.6082559161312652,0.3914747244780413,1.293068227326298e-05,2.3703016992005023e-07,1.7181559615114438e-05,8.188889027263506e-06,0.00023082122960788216,0
0.6196717596300917,0.37994062513029897,2.0768676368024212e-05,2.5812239187350657e-07,1.8710467386773936e-05,9.0513377568985e-06,0.0003388266357058082,0
0.523241452020563,0.4766529252105631,1.74518225307745e-05,2.840282747221035e-07,3.26548625366187e-05,9.62707564688472e-06,4.560497988486457e-05,0
0.6011162412574738,0.3988050160734361,1.3710835306333902e-05,2.2314373700453263e-07,2.3736512990916237e-05,7.523323630745782e-06,3.35488534251674e-05,0
0.6116344958151003,0.38831450123484273,1.362711566496153e-05,2.2178120049824988e-07,2.0972676488149388e-05,7.477385513758602e-06,8.703991189431289e-06,1
0.7062066476986165,0.29373462819079793,8.132218915642801e-06,2.0117500364285027e-07,3.497245030203069e-05,6.1935113511775265e-06,9.224755013227455e-06,1
0.5906955527452028,0.40926481113241386,8.790506073647346e-06,2.0216352334494707e-07,1.6651321480633665e-05,6.973700047317547e-06,7.018431258499489e-06,1
0.2643513559622015,0.7356068639309622,1.2358513873577118e-05,2.3090694000933222e-07,1.314280468386598e-05,7.826539738114036e-06,8.221341600844438e-06,1
0.1942824622596436,0.8056838517464427,9.876691975166827e-06,1.8453648591813985e-07,1.083274925717881e-05,6.221674530863159e-06,6.570341664443395e-06,1
0.2317943325885006,0.7681667005025065,9.14764265555423e-06,1.924500348444006e-07,1.3646373308781173e-05,6.488480986823836e-06,9.491962006998192e-06,0
0.32215153666828156,0.6778028473286394,9.798820661208772e-06,2.329781877968115e-07,1.905326111394974e-05,6.672462569107921e-06,9.858480546958027e-06,0
0.3639698627482906,0.6359788297486085,1.1024131808240041e-05,2.49476267273585e-07,2.143581040609487e-05,7.506832647585129e-06,1.1091251971666238e-05,0
0.20833081371365436,0.7916282275189905,1.0080844596715725e-05,1.6406566669456835e-07,1.874346306880437e-05,5.5314978757940006e-06,6.43889614714644e-06,0
0.18352945534127946,0.8155477585371468,9.57335825845572e-06,1.7886898729784285e-07,0.0009009232297874764,6.030593988475213e-06,6.080070552312241e-06,0
0.470811618112924,0.5270615343270382,1.3658647028648748e-05,3.009567130111893e-07,0.0021007028069449157,7.081847688383578e-06,5.103301662923509e-06,1
0.5184161050858132,0.4790513499116479,1.2454274946952126e-05,2.256057728304734e-07,0.0025020717747307663,7.072359378120752e-06,1.0720987710215309e-05,1
0.21135247287161907,0.7874330799718408,1.2197972793453e-05,1.5745915702690721e-07,0.0011913078041091694,5.431607604777974e-06,5.352312875999347e-06,1
0.18371548699451726,0.8149225266054337,1.1186326836974502e-05,1.5670545204998198e-07,0.001337387152585742,7.106176889071317e-06,6.150038285096459e-06,1
0.12084530454452025,0.8778081923164943,1.2277055734065588e-05,1.346368519626677e-07,0.0013227020846597575,6.105424369850668e-06,5.283937369908285e-06,1
0.14771409509088257,0.8508927074271089,1.28206360389075e-05,1.4059804841058727e-07,0.001368212498567158,6.505859776892104e-06,5.517889577059271e-06,1
0.18527704291091,0.8146828725197278,1.0534960247753644e-05,1.360530943274588e-07,1.7962516797054422e-05,6.1115202210045226e-06,5.339519001884069e-06,1
0.2600897929126657,0.7398536520444597,1.482480257972163e-05,1.793928090144847e-07,2.7555785424064016e-05,7.897185890599711e-06,6.097876171062194e-06,1
0.27554280283398686,0.7243641291537499,1.4884467625734481e-05,1.8011480717578664e-07,6.395204216056898e-05,7.928969515170817e-06,6.122418154698777e-06,1
0.2679404106553289,0.7288612735008032,1.2340724205088104e-05,1.9810189307304629e-07,0.0031656849871135213,7.941782690510462e-06,1.2150247965752985e-05,0
0.139570898846207,0.8583804291870379,1.1827035481838076e-05,1.4222283742450478e-07,0.002020950362683238,6.590248932905349e-06,9.16209681997978e-06,1
0.09770424195105866,0.8987769385777813,1.043386208701255e-05,1.2546960509162752e-07,0.003498171035039112,6.875862424134406e-06,3.2132420043961348e-06,1
0.0963122985760663,0.8956429521409522,1.8363204367307528e-05,1.3750783711789746e-07,0.008002676970499903,2.0050062468339495e-05,3.521537808604877e-06,1
0.23762840619331232,0.7492583203945786,2.8352284784664142e-05,2.2657553103155147e-07,0.013041860115187567,3.689813499532279e-05,5.93630161026224e-06,1
0.24910323604906742,0.735916016019107,2.9889293679750218e-05,2.206984787978248e-07,0.014909881581044507,3.6078879415638525e-05,4.677479206916614e-06,1
0.0828419530956328,0.9140181601496512,1.8318881358546827e-05,1.351924184453484e-07,0.003079395485097029,3.9236494395489556e-05,2.8007014462947625e-06,1
0.08251896883647183,0.9140329651238726,1.833322691813623e-05,1.3563392638921196e-07,0.0033835193451477227,4.32679857580107e-05,2.809847905476046e-06,1
0.07264867705311358,0.9221097835512804,1.7264059457723734e-05,1.011556570740223e-07,0.005185704207487834,3.571926082321912e-05,2.750712180451857e-06,1
0.07416121696154332,0.9194393424350331,1.631583501320418e-05,1.6908951587373725e-07,0.006338275456054811,4.1318882614407e-05,3.3613402252477127e-06,1
0.06918701789950665,0.9252059499224622,1.5692482060046664e-05,8.800796248260027e-08,0.005552517887559513,3.575962777238495e-05,2.9741726766953275e-06,1
0.050095529953323115,0.9440349234937311,1.586348437728483e-05,6.8880311633321e-08,0.005819888251502446,3.0182498108397583e-05,3.543438646084636e-06,1
0.02137056709980006,0.9715025430339291,2.1843050194325852e-05,1.21739707218021e-07,0.007067151133073149,3.446172298989377e-05,3.312220306304834e-06,1
0.021394678518975113,0.9726721033283449,2.173527849444968e-05,1.2657596175385776e-07,0.005881001190278518,2.7832666635068975e-05,2.5224413102554998e-06,1
0.5412465892170206,0.45871770912097004,1.0612408222902084e-05,1.9828263607968227e-07,1.1212437632543731e-05,6.685127987950379e-06,6.993405529885936e-06,0
0.6526096059140465,0.34735613736227156,1.0182046039729719e-05,1.9024173279401046e-07,1.0696933639627251e-05,6.414027761192022e-06,6.773474508704321e-06,0
0.7504098539968311,0.249556270953837,8.311233126426196e-06,1.748534748249574e-07,1.3076962916276378e-05,5.895210399931116e-06,6.416789414558822e-06,0
0.8047942123713661,0.19517005272628443,7.95696062665509e-06,1.8006613767961714e-07,1.4871700034782453e-05,5.418256316844579e-06,7.307919233773275e-06,0
0.18532538801885257,0.8146545077858813,5.763829655432964e-06,1.1772318142490947e-07,5.458723410929836e-06,4.1437729842994315e-06,4.620146034074331e-06,1
0.1922738626314514,0.8077059220157814,5.8925593813663045e-06,1.2035241819746831e-07,5.614503318036969e-06,4.236320264924915e-06,4.351617384528681e-06,1
0.04719689703974407,0.952739533485412,7.872393992170683e-06,1.1471830521665465e-07,6.328358286346084e-06,4.038003460385633e-06,4.521600080007765e-05,1
0.10222454421569027,0.8972355763013764,1.1384384699213892e-05,1.1120059345055211e-07,1.9268826715579043e-05,4.7131439414729475e-06,0.0005044019269836206,1
0.14607743626159533,0.8537105952384877,1.003634864082977e-05,9.803322308793528e-08,2.06349222367646e-05,3.7230165114950213e-06,0.00017747617930460082,1
0.10247571397413531,0.8973661143152198,6.26232743505319e-06,6.673334417568955e-08,1.4046639744052955e-05,2.5343382009435165e-06,0.00013526167192071041,1
0.12391317398405989,0.8753438713859523,7.970203991067707e-06,9.630502330174939e-08,2.0271155066062163e-05,3.6573845131125867e-06,0.0007109595813942855,1
0.23448074694637375,0.7644986273468035,1.0043747952695032e-05,1.433693626564114e-07,2.562604009928563e-05,5.143528553652945e-06,0.0009796690208545306,1
0.7160498504819112,0.2832295615579216,1.6864589937478374e-05,2.4469354780748864e-07,1.5236507324803572e-05,8.453642459771213e-06,0.0006797885268973022,0
0.9195258271564231,0.08022362503336679,5.272080414056333e-06,9.664162261258654e-08,5.539001900641272e-06,3.3387628387394e-06,0.00023630132343401705,0
0.5972203964289271,0.4023688764296814,2.199467080485983e-05,2.733595986579911e-07,2.004557461290146e-05,9.585646710403244e-06,0.0003588278896647078,0
0.6083007932782718,0.39162468486997076,1.204960450465328e-05,2.251352656924938e-07,2.1367524793231502e-05,7.59046831085456e-06,3.328911888296042e-05,0
0.6066063570389794,0.39333648265563903,1.2234686552180694e-05,2.2420830824317154e-07,2.9694545440924507e-05,7.559215805286634e-06,7.4476492749240285e-06,1
0.5936277095240797,0.4063143469214635,1.2324164928438503e-05,2.429362890146281e-07,3.0259835455948586e-05,7.614500127705083e-06,7.502117655557701e-06,1
0.5931300802243283,0.4068026844911807,1.09931280592821e-05,2.487746519721666e-07,4.0825248801773275e-05,7.485720785088975e-06,7.682412192866065e-06,1
0.5826148077416972,0.41734994191796165,9.459433626796902e-06,1.9320394383526424e-07,1.1350613959838374e-05,6.6646362804380516e-06,7.582452530365792e-06,1
0.3618591198806173,0.638103062726471,1.3025010010430559e-05,1.8980339085068483e-07,1.0270311147265445e-05,6.529839519275726e-06,7.802428843724586e-06,0
0.36521193196444923,0.6347488994585182,1.4530648828565419e-05,1.8407313892152905e-07,1.0554284495772493e-05,6.332700651868225e-06,7.5668699175459385e-06,0
0.33454305271458085,0.665418742017305,1.3372807487055355e-05,1.9448134643974072e-07,1.102277911400335e-05,6.6907760501666e-06,6.924424116523564e-06,1
0.20305073759246858,0.7969113320357147,9.970634218094999e-06,1.8629170633331742e-07,1.1169533154195352e-05,6.280852043097818e-06,1.0323060694993742e-05,1
0.19324751296224385,0.8067214852297915,9.088365204299272e-06,1.6980735875523309e-07,9.972638070055802e-06,5.72507986084244e-06,6.045917470507781e-06,1
0.30005853667179083,0.6998984496383552,9.871432104198342e-06,2.23390655775658e-07,1.5985463574887038e-05,7.001869435938596e-06,9.931534082985384e-06,0
0.3575775821719256,0.6423720087298967,1.0831096994800645e-05,2.4510788656584364e-07,2.106046496079006e-05,7.375386465259528e-06,1.0897041870371947e-05,0
0.6412247131307286,0.358725827188711,1.0328030350522734e-05,2.3372348090130934e-07,2.237951806792254e-05,7.032825511266418e-06,9.485583150020895e-06,0
0.6453197600149754,0.35463140031575113,9.952380035846038e-06,2.2522250867639077e-07,2.2587638169883402e-05,6.933854299833043e-06,9.140574259238834e-06,0
0.2109028543123014,0.7890598998310093,8.001126727018185e-06,1.949546509252307e-07,1.762984589173056e-05,5.686637382761678e-06,5.733292037016951e-06,0
0.17938325061049465,0.8199841969552412,1.0015140691443208e-05,1.8712326696241653e-07,0.0006096806340816778,6.30888823096166e-06,6.360647993249816e-06,0
0.3558274254566556,0.6429969483156359,1.201082553464676e-05,2.357763327890782e-07,0.0011504573727100019,7.566040078139666e-06,5.356213052992964e-06,0
0.3503745240242948,0.648553379853887,1.1398597542365957e-05,2.723372866754376e-07,0.0010481616200630078,7.180376202397444e-06,5.083190723744831e-06,0
0.37347905815316773,0.6245503706409117,1.4105006751784419e-05,2.8822278245448585e-07,0.0019431990728162314,7.599209176932793e-06,5.37969439304363e-06,0
0.46127905272618225,0.5366625812964841,1.4107238624117879e-05,2.8897636800755775e-07,0.0020310797746751325,7.619078023530344e-06,5.270909642713116e-06,0
0.615740797788456,0.38226743309733763,1.0887827945958601e-05,2.0359588377314512e-07,0.0019649079246042574,6.268042223777584e-06,9.501723548738303e-06,1
0.21450805565980757,0.7843166035733146,1.259080171156339e-05,1.6253004145572422e-07,0.001149692447414435,7.370306580042204e-06,5.524681130304326e-06,1
0.2945876617726981,0.7051924411628882,2.4128187529624638e-05,1.9294083832384134e-07,0.00018052394471233807,8.49359388763734e-06,6.558397445823591e-06,1
0.2658778630233529,0.7339237497698088,2.259472234994845e-05,1.8067849756808104e-07,0.00016056714106100654,7.953784154270061e-06,7.090880775373339e-06,1
0.2878656756099542,0.7119065789672528,2.4357912022667004e-05,1.9477782820203645e-07,0.00017198533974369586,8.574461401931547e-06,2.263293179627682e-05,0
0.30942560449130424,0.6903464057649,2.15889678789627e-05,1.8887895911431699e-07,0.00017888787497265945,8.31478284521598e-06,1.9009239139705204e-05,0
0.2821254061030246,0.7168778004356745,1.4744970790617026e-05,1.8644202075316636e-07,0.0009610232573149342,8.207504547118835e-06,1.2631286627668787e-05,0
0.3736887988138973,0.6247105525878391,1.4705170716129176e-05,1.859387707692218e-07,0.0015649749463018743,8.185350600734448e-06,1.259719187388477e-05,0
0.29798073483357784,0.7002551429923687,1.32652686720422e-05,1.6773200382485968e-07,0.0017315531947035335,7.772279608804932e-06,1.1363699065190795e-05,0
0.27047512719168787,0.7276303743495588,1.2662012030148223e-05,2.0837412068827485e-07,0.0018610608610054335,8.353589958992872e-06,1.2213621638168343e-05,0
0.14567680820982656,0.8515406149524971,1.2854028475501865e-05,1.4127992566690437e-07,0.0027525268255442115,6.546556771246371e-06,1.0508146959714465e-05,1
0.12069370515708865,0.8758926053123912,1.0178644197494818e-05,1.2870334025456633e-07,0.00339330409873516,6.782027176603757e-06,3.2960570706351506e-06,1
0.07550709300781544,0.9208621666694402,1.0766146024673247e-05,1.294653963038263e-07,0.003609576192251246,6.9529459560514626e-06,3.3155731160184034e-06,1
0.09978902609201751,0.8923946725275294,1.78417418115654e-05,1.336030072884299e-07,0.007775423801480826,1.9480697960468328e-05,3.4215361929235228e-06,1
0.1059047097012161,0.8842324519802749,1.9389036604112963e-05,1.4397623803818354e-07,0.009817097690651795,2.2150009607880937e-05,4.057605407346018e-06,1
0.09433310591140849,0.8999845008100076,1.768804279196975e-05,1.2866786269637432e-07,0.005633750795351921,2.8160236497043985e-05,2.665536080272633e-06,1
0.08727628699312891,0.9063838615541108,1.644091925602335e-05,1.252460652517512e-07,0.006286097729927994,3.459290878621837e-05,2.5946487245888686e-06,1
0.07470585038485936,0.9202998966218673,1.628166483766075e-05,1.0738448015608918e-07,0.004931055788609111,4.406284217385564e-05,2.7453131725345957e-06,1
0.06794381534026406,0.9270910341224192,1.6122002209703966e-05,1.5181397380310631e-07,0.004908761388466225,3.709741393713157e-05,3.017918729391445e-06,1
0.021312391426319292,0.9593360460942021,1.829454843580338e-05,1.1476551914933405e-07,0.01930647191002724,2.4190918955197034e-05,2.4903365413565704e-06,1
0.021030598985284137,0.9743379313570836,2.2163193920737813e-05,1.2906793841040548e-07,0.0045715159366784075,3.508935697380132e-05,2.572102120851527e-06,1
0.018097533824001758,0.9771539818131255,2.1532559942108532e-05,1.2539542497193968e-07,0.0046908941240763535,3.3433368187482953e-05,2.4989152417530377e-06,1
0.02497336375397955,0.9695038971987076,2.388871855411128e-05,1.3911657616100954e-07,0.005467859595134313,2.8079262852427327e-05,2.772354195753446e-06,1
0.29457565518572015,0.7053824602131168,1.1709995207822311e-05,2.192289960719172e-07,1.4538795641047357e-05,7.56237937974343e-06,7.854201938291218e-06,1
0.2792829903635214,0.7206864165587722,9.405255856841841e-06,1.7608075517551006e-07,8.164714280201938e-06,5.93658833590552e-06,6.9104384782520905e-06,1
0.0335382226282292,0.966337162128527,5.905244706770664e-06,7.550327249518961e-08,4.241675570175548e-06,2.708870783401702e-06,0.00011168394891057485,1
0.041140764912843915,0.9586197747619329,7.304625152566116e-06,8.429009848227997e-08,4.298746056111678e-06,3.0241203799907765e-06,0.00022474854353588856,1
0.06501258504142528,0.9345750336641269,5.0090472156488015e-06,5.3377993294170874e-08,1.1235484319349196e-05,2.027140841900215e-06,0.00039405624407757434,1
0.691660311251395,0.3076624781473458,1.6766482743199864e-05,2.432700802033284e-07,1.6257811363257956e-05,8.530525562257954e-06,0.0006354125115104043,0
0.913198157752433,0.08658888780813084,5.473919960269572e-06,1.0034150951139538e-07,6.310426767191195e-06,3.4665860742287638e-06,0.00019760316512465928,0
0.5523878308845902,0.4473723648158588,1.713513496330268e-05,4.093956423480034e-07,2.276819866603408e-05,1.1014297611192553e-05,0.00018847727266827676,0
0.5281754871352006,0.4717259497608435,1.6562600371930808e-05,3.0945625093780065e-07,2.2007447067202267e-05,1.0488951285200005e-05,4.9194648980706465e-05,0
0.6893398786972516,0.31060683079480317,1.1870677553045692e-05,2.497378171329404e-07,2.4261119297382178e-05,8.419946920082974e-06,8.489026357712502e-06,1
0.7376685636962056,0.2622775556690977,7.886184886751512e-06,1.9508860862915213e-07,3.344351983608395e-05,6.006131428610147e-06,6.349709936620201e-06,1
0.7299312004315001,0.27003327096684626,7.443293017491685e-06,1.841323401941807e-07,1.6807328298299723e-05,5.668824249836522e-06,5.4250237478887625e-06,1
0.6620251497223256,0.33793623581330845,7.79337173036171e-06,2.1981086128546094e-07,1.6238939331843217e-05,6.8009912677844876e-06,7.561351174593782e-06,1
0.40939538613578913,0.5905629282774854,1.5702550162837426e-05,1.9891869466035518e-07,1.0763542621727434e-05,6.843434923340001e-06,8.177140323035484e-06,0
0.31763141199102735,0.6823319060183161,1.3608181990324933e-05,1.723874001448726e-07,9.884254026825632e-06,5.930674120446703e-06,7.086493118782934e-06,0
0.34750814974800054,0.6524523954017352,1.5073423519975627e-05,1.9094896685968903e-07,1.082257153332522e-05,6.569250972687611e-06,6.798655271333034e-06,1
0.6100298368230729,0.38993165929210827,9.467351976744923e-06,2.1424631646349892e-07,1.60673360556272e-05,6.7152528372301946e-06,6.039697632669607e-06,0
0.2699393043324047,0.730026571988387,8.418656681424986e-06,2.0471737736596142e-07,1.364562397207008e-05,5.9714066092051495e-06,5.883274568272091e-06,0
0.1889832282144536,0.8109832034487454,8.96997883509214e-06,1.675954233613764e-07,1.3083396061807081e-05,5.6505041365058575e-06,5.696862344197421e-06,0
0.4811534506520983,0.5169728044019283,1.3340417622454215e-05,2.732686059233576e-07,0.0018479419275024655,7.204931130759367e-06,4.9844011119086575e-06,0
0.5646890865700616,0.4327497656600177,1.212237747471666e-05,2.226200902588084e-07,0.0025344460282461637,6.9787632796216505e-06,7.37798082986474e-06,1
0.6296849780065116,0.36801747009996616,1.1910777809350212e-05,2.2272443563184152e-07,0.0022718827431952708,6.856946913342056e-06,6.6787011686061996e-06,1
0.3173499390858333,0.6824098572782709,1.3405577534294044e-05,1.9314946372863078e-07,0.00021253448982916972,6.662756970481825e-06,7.4076620982337216e-06,1
0.2910948180472717,0.7088203963670208,1.05595155685825e-05,1.825526803222195e-07,6.196924527511962e-05,5.648215823010323e-06,6.42605636033626e-06,1
0.2174818245117914,0.7823343965033709,1.5140621334075615e-05,1.6766944940547788e-07,0.0001545092613480755,7.3811030520328666e-06,6.58032965410696e-06,1
0.27840187207809064,0.721370074099163,2.0838803659788714e-05,1.7889016165386942e-07,0.000178374264966483,7.87505847275055e-06,2.078680548556722e-05,0
0.3033743243926833,0.6947460175417706,1.4489028414001696e-05,1.7791403964152867e-07,0.0018366657328292254,8.244089564862279e-06,2.0081300698297083e-05,0
0.3057655360381838,0.6923174671041377,1.4776848220205454e-05,1.814482437956918e-07,0.0018731504963467789,8.407855705219357e-06,2.0480209162698867e-05,0
0.21853752302152601,0.7794158193442743,1.3478175569994453e-05,1.6550155014798465e-07,0.0020146833029610132,7.668925989723022e-06,1.0661728128701437e-05,0
0.08824402398385305,0.9084190370201015,1.0242061209040443e-05,1.2366293906373232e-07,0.003316629442830309,6.776855281766382e-06,3.1669737853760005e-06,1
0.09390577637188899,0.8983762152177974,1.112517628051828e-05,1.3432569561648862e-07,0.007696094895707851,7.2139685877040914e-06,3.440044041817359e-06,1
0.10985224355388626,0.8806929115430296,1.6283976555749494e-05,1.4147541934968845e-07,0.009412667053526313,2.176527141265845e-05,3.987126170136483e-06,1
0.230816028461933,0.7551671576333175,2.7330364756411867e-05,2.1840892030399984e-07,0.013952943693208932,3.059910227251239e-05,5.722335591109013e-06,1
0.07894889490209647,0.9150198884817075,1.6518337222017285e-05,1.2583583127818437e-07,0.005978639720726339,3.332585585759542e-05,2.606866558859469e-06,1
0.07590647584333092,0.9200924868113077,1.6239397784356576e-05,1.224383762814949e-07,0.00395060199433206,3.153703137719127e-05,2.536483491285335e-06,1
0.07526789575172635,0.9206791772867665,1.6218601384088703e-05,1.2228157998183466e-07,0.0040012047404545505,3.28481028533955e-05,2.533235234997874e-06,1
0.07489020759271772,0.9211677928414278,1.7590450920385997e-05,1.3428288853577338e-07,0.003885714800093892,3.577817269899999e-05,2.7818592526089925e-06,1
0.06589483085746421,0.9288515699104467,1.5351212878701763e-05,1.4409456435581303e-07,0.005203718184099665,3.203382797236093e-05,2.351912573892385e-06,1
0.05597745289724855,0.9309062146339517,1.8057905761076175e-05,1.2602651818750154e-07,0.013059555339411262,3.5121555579204385e-05,3.4716415299257127e-06,1
0.023542003890826058,0.9537955208411253,1.8467153383598877e-05,1.1584566856043639e-07,0.02261248809728054,2.889039664018863e-05,2.513775075582977e-06,1
0.02426769618854569,0.9609990930535582,2.6166736950896547e-05,1.7137976156817474e-07,0.01466056379737211,4.0927080473780624e-05,5.3817633373542e-06,1
0.023008748055870918,0.9717703815007315,2.412903502676411e-05,1.4551705453109435e-07,0.0051541346521869254,3.956133440344801e-05,2.8999047260626283e-06,1
0.037316333422928546,0.9541576364650971,3.144288598978157e-05,1.8962532691899504e-07,0.008449078985493241,4.1539708399716474e-05,3.778906764471803e-06,1
0.8488424996523001,0.15112533262317257,5.954365499428771e-06,1.1061594421572812e-07,8.63587357660871e-06,3.7493030007604464e-06,1.371756650612149e-05,0
0.2687608883908041,0.7312140185438014,7.714382401570181e-06,1.4442502146212314e-07,6.696864935494518e-06,4.869310657887239e-06,5.668082378107899e-06,1
0.22947861794371083,0.7704958471323999,7.815129630676104e-06,1.4631116347174283e-07,6.784323730097487e-06,5.047053745125978e-06,5.7421056199194845e-06,1
0.04781792296144316,0.952145642448303,7.61787437543641e-06,1.1100938781424994e-07,6.123758347979198e-06,3.9074521828287496e-06,1.867449595964313e-05,1
0.02641498997728151,0.9735206777855422,5.962619170605336e-06,6.982946647966754e-08,3.852095635418913e-06,2.457947986149675e-06,5.19897449174263e-05,1
0.03457595644235749,0.9652757142037586,6.059213506010967e-06,7.747188663093742e-08,4.35226974988127e-06,2.779499792448405e-06,0.0001350608989489436,1
0.034236517045531045,0.9655551870551132,6.354065649177917e-06,7.33213283564493e-08,3.7361743895022076e-06,2.6305880211701028e-06,0.000195501749967618,1
0.041509336053811144,0.9583193692824779,6.090537145299982e-06,5.3356382995905335e-08,3.5812203016073243e-06,2.5214870197305184e-06,0.0001590480628614154,1
0.06051384985004284,0.9391130149216029,8.87901097331459e-06,2.516617565433083e-08,5.225266540925754e-06,3.6759173096143833e-06,0.0003553298673546366,1
0.11060452691652425,0.8891912326744789,7.285225304423295e-06,7.11607520895522e-08,5.191484903622285e-06,2.7024782686392247e-06,0.00018899005976827837,1
0.31673513760887745,0.6817813894730971,1.2131761172550869e-05,2.1901506974973066e-08,3.367348430572775e-05,6.314043966404793e-06,0.0014313317270737622,1
0.6942900410853817,0.3051645847647394,1.3673904616658636e-05,2.0646679334610005e-07,1.3232352008856068e-05,7.132989269241303e-06,0.0005111284371906383,0
0.7015464661698086,0.29786551458779564,1.6484736897924235e-05,2.3520623532494564e-07,1.704934842448655e-05,8.247758216566973e-06,0.0005460021926214514,0
0.9032824868483279,0.09650653841963579,5.826843204060055e-06,1.0681088635296912e-07,6.994276098468741e-06,3.745437974122746e-06,0.00019430136387324512,0
0.5303391013449211,0.4693010984080197,1.680366646893984e-05,3.1396033899966373e-07,2.2981010508819488e-05,1.0585218609407568e-05,0.00030911639113291486,0
0.7223337079898388,0.2776166116556664,1.1016300599950392e-05,2.3176325465988526e-07,2.2919752677256895e-05,7.813931925348412e-06,7.698606037603412e-06,1
0.7486672465208628,0.2512868861018523,7.845661471093749e-06,1.775474361289525e-07,2.7496560617530825e-05,5.342467660726367e-06,5.005140099373824e-06,1
0.7470056125526628,0.25294445582679365,8.521529320979616e-06,2.2334489541567754e-07,2.9925188359707774e-05,5.8143399560654046e-06,5.447218011149873e-06,1
0.7400343667450019,0.2599058228015995,7.689979950245282e-06,1.9023488675744248e-07,4.0014268999301736e-05,5.724237716986375e-06,6.191731845459733e-06,1
0.629155351622832,0.37081251901016676,9.501799461083056e-06,1.775319800248735e-07,1.0429895636634897e-05,5.985516593311721e-06,6.0346233304577674e-06,0
0.48398548909617917,0.5159754972732287,1.2850153562863367e-05,2.042884409537245e-07,1.1054100998833367e-05,6.887614575013374e-06,8.017473014706239e-06,0
0.2804938717459064,0.7194648315050989,1.2246487728019919e-05,1.993114916600372e-07,1.1086602234418823e-05,6.7198160038643185e-06,1.1044531536658795e-05,1
0.20900245357796016,0.7909606080655203,1.0951750396004117e-05,2.0462291805926847e-07,1.1597581303916904e-05,6.898891519398469e-06,7.285510382056323e-06,1
0.25730551283018266,0.742658604953175,8.880873274152379e-06,1.86837684353749e-07,1.1300094546546146e-05,6.29925977166829e-06,9.215151365367007e-06,1
0.30225799716255897,0.6977036315872673,9.606735400298126e-06,2.0210852480182462e-07,1.2083062085174801e-05,6.814118384088242e-06,9.665225779520395e-06,1
0.5729194378679768,0.424189736668159,1.2401799984119881e-05,2.2775151471687588e-07,0.002863669723455344,6.978144582102968e-06,7.548044327896329e-06,1
0.6085983661749788,0.38959153738655783,1.1170164143220563e-05,2.0887540213879254e-07,0.0017854883777463652,6.4305810896122195e-06,6.798440082154764e-06,1
0.2420919533741342,0.7578181008177709,1.0834903161699e-05,1.7231119969864757e-07,6.638618616697635e-05,5.94393390859863e-06,6.608473658007096e-06,1
0.22188693083821634,0.7779475511539543,9.619574705433796e-06,0.0,0.00014365197317683915,6.3623381908752915e-06,5.884121756323727e-06,1
0.19716171110628142,0.8027605657573454,1.0335216876715166e-05,1.5298938734839984e-07,5.5109958193682755e-05,6.4102065377877884e-06,5.714765377505187e-06,1
0.21463050141620454,0.7852839067365297,1.2745405389989302e-05,1.6547119778336014e-07,5.977198232404027e-05,7.284332162555494e-06,5.624656191647013e-06,1
0.28190435922619844,0.7178705500606828,1.927540992621557e-05,1.6774983002517236e-07,0.00017877059846057103,7.384641547802101e-06,1.949231335436494e-05,1
0.23701546765325093,0.7598687821787249,1.6204884062485635e-05,1.9485354742358625e-07,0.0030777688018532017,9.029023792769986e-06,1.2552604768267828e-05,0
0.21344868316249763,0.7834268836869437,1.5345953228379063e-05,1.8452544391036106e-07,0.0030884649655002496,8.550445426668277e-06,1.1887260959435628e-05,0
0.21344875114653605,0.783427133210729,1.502745515114014e-05,1.8452550268226205e-07,0.003088465949185498,8.550448150010497e-06,1.1887264745563488e-05,0
0.13564233188054234,0.8612501286060914,9.98042676359563e-06,1.2619699016073037e-07,0.0030874236034457913,6.777416031267219e-06,3.231870135533586e-06,1
0.10178317025343615,0.8906323917619545,9.623050709113265e-06,1.3734600560172134e-07,0.007563430664290991,7.376174495208233e-06,3.870749108329404e-06,1
0.19846463415755242,0.7870002504881283,2.59163233681436e-05,2.3127157659211362e-07,0.014471153735630642,3.175468526966077e-05,6.0593384743759905e-06,1
0.0771228094905497,0.9189869791915684,1.611588120240807e-05,1.2276994231492167e-07,0.003839806879980529,3.162243440782074e-05,2.5433523488739424e-06,1
0.023678642763341966,0.9642937270198249,3.2428245238686524e-05,1.7757702614898544e-07,0.011943579978485991,4.5868042768633255e-05,5.576373313513043e-06,1
0.029307400815403863,0.9630604346269735,3.069116123747304e-05,1.9139463206043264e-07,0.007556881520213889,4.0586315564959574e-05,3.8141659741777383e-06,1
0.768731785657612,0.23123323331755918,7.363558496692407e-06,1.3758100508235454e-07,1.1395565238091572e-05,4.663277783869113e-06,1.1421042305056078e-05,0
0.5616579282952209,0.4383073738608001,9.791961281327525e-06,1.9999564583607014e-07,1.0375859074581774e-05,6.89891836941595e-06,7.431109607865612e-06,0
0.22247157780950358,0.777503108010708,7.74756946206132e-06,1.4504633392424866e-07,6.725674663888328e-06,5.003423016252311e-06,5.692466312292018e-06,1
0.16934500846405406,0.8306303309132149,6.083315441375587e-06,1.1388895668468652e-07,5.2809336833767145e-06,4.008810976800486e-06,9.173673672744928e-06,1
0.03151980270488709,0.9683876940357611,6.833858854478826e-06,8.00327346341594e-08,4.4149520727707744e-06,2.817095831275783e-06,7.835731985846743e-05,1
0.022545084436833927,0.9773903308907516,5.9863200208442834e-06,7.010703203935633e-08,3.864128001091168e-06,2.467718098150462e-06,5.219639926226917e-05,1
0.05925284133535629,0.9404097670935875,7.781108524411143e-06,2.205434191930508e-08,4.564662701900331e-06,3.221384859060871e-06,0.0003218023606288584,1
0.0638720990963475,0.9357813136245139,5.243839810415415e-06,5.5880017533395484e-08,4.076689170930835e-06,2.1221604409848887e-06,0.000335088709698872,1
0.0562777105470312,0.9433523101021258,4.594937446989249e-06,4.896510846739106e-08,3.5722166214992924e-06,1.859552318786065e-06,0.0003599036793473398,1
0.27194835699442993,0.7266277226195372,1.1726944450379727e-05,2.451933358645636e-08,1.1304233621532481e-05,6.11560122003641e-06,0.0013947490874073008,1
0.5995046550725314,0.4000701734047774,1.348020398340851e-05,2.4710336030381504e-07,1.8650340231844576e-05,8.491653076281768e-06,0.00038430222203920445,0
0.5593525861840944,0.4403498550353833,1.5995985313945436e-05,2.9886959379269344e-07,2.1876410560646822e-05,1.0076431934302017e-05,0.0002493110831196089,0
0.5440276254675992,0.4556019466452105,1.6390282561903458e-05,3.0623665846660585e-07,2.2415658897649405e-05,1.032481359400933e-05,0.00032099089547835694,0
0.5736080682570895,0.42629524240969463,1.5599023174642914e-05,2.9145273818824414e-07,2.0727100159815988e-05,9.826371566111408e-06,5.024538557714226e-05,0
0.7238882085491786,0.27606962581878397,7.53181596888216e-06,1.7044510773209614e-07,2.4529692627205547e-05,5.128755986802195e-06,4.804922346681475e-06,1
0.7400405791880126,0.2599080046598819,7.690044506115038e-06,1.9023648374191474e-07,3.161980152108248e-05,5.724285770836567e-06,6.19178382383122e-06,1
0.45628925686654176,0.5436701317568255,1.4403256612655766e-05,2.0946721485805217e-07,1.1334325809994015e-05,7.206337523488946e-06,7.457989471671683e-06,0
0.42274162780172136,0.5772171004220389,1.4397817753981117e-05,2.0938811728941035e-07,1.2005780815465535e-05,7.2036163158894345e-06,7.455173236994742e-06,0
0.2953478143269646,0.7046174317409556,1.101044407490803e-05,1.7919489090641979e-07,1.0156376109990624e-05,6.041581876159922e-06,7.366335128102299e-06,1
0.25618821726411156,0.7437719168457847,1.1282102141185626e-05,1.8361612380304744e-07,1.057491523846023e-05,6.190644387950489e-06,1.163461221206709e-05,1
0.2035908362829989,0.7963731869167947,1.0668181084550995e-05,1.9932469833333625e-07,1.1292163591449399e-05,6.7202612687803235e-06,7.096869563198905e-06,1
0.22741183435101925,0.7725553425863528,9.62227688878128e-06,1.7978298483455913e-07,1.0558497888738499e-05,6.061409548699883e-06,6.401095316947205e-06,1
0.27955562296689546,0.7204099064314754,8.598645097405576e-06,1.8090010846735213e-07,1.0940985145647437e-05,6.09907353487255e-06,8.650997742876518e-06,1
0.651028289040041,0.3489316683981833,1.0046047951766725e-05,2.2734221501097237e-07,1.3701758959550966e-05,6.840810873393186e-06,9.22660177608379e-06,1
0.6347451408642748,0.36522014881238846,8.38568795191918e-06,2.3548322204853528e-07,1.309515178290071e-05,6.242106165143242e-06,6.751894214799593e-06,0
0.2433015425891733,0.7566646155735909,9.490390664401979e-06,1.773188176367604e-07,1.2168420394282068e-05,5.978329792314288e-06,6.027377567073045e-06,0
0.2639266781048714,0.7359213193099454,9.718089970189662e-06,1.8157316006656462e-07,0.00012980916635806926,6.121765567680819e-06,6.171990126900609e-06,0
0.5362443993587555,0.4614815128168233,1.2925887862484223e-05,2.2272644603603414e-07,0.0022479585332208004,6.701920687110342e-06,6.278756204828062e-06,0
0.5702110005920794,0.42750830041183707,1.3744634835201664e-05,2.3683430503776545e-07,0.002252914632651535,7.126431353792654e-06,6.6764629379998776e-06,0
0.5731660736344196,0.42367592877672705,1.1868197150261752e-05,2.219282027227813e-07,0.0031320062818939007,6.677901252195218e-06,7.223280354230434e-06,1
0.38450120966235585,0.6152664571663904,1.1391594096653986e-05,1.9792385292126542e-07,0.00020759340245985651,6.093419199896781e-06,7.056831644442467e-06,1
0.21079232745259602,0.7891628207022758,9.999456935795879e-06,1.5863520665264796e-07,2.2995804005607912e-05,5.4721758398135404e-06,6.2257731400870285e-06,1
0.19356773269343908,0.806395256406644,1.191191118530413e-05,1.77731667445474e-07,1.4510204605272988e-05,5.1842597209113135e-06,5.226792737977226e-06,1
0.19818037887573006,0.8017737080475339,1.2450486537926802e-05,1.6071876434164835e-07,2.0715428715161588e-05,7.123330073893628e-06,5.46311264484613e-06,1
0.20030347124448486,0.7996525998570561,1.0190980512140828e-05,1.435823538828412e-07,2.1638577530762534e-05,6.320746887524984e-06,5.635011174736235e-06,1
0.22273445706585965,0.7772155945410687,1.2542309499220556e-05,1.6283444208339791e-07,2.4539963334039926e-05,7.1682575549661855e-06,5.535028241451898e-06,1
0.23286855189336123,0.7670433879012134,1.3112966394859265e-05,1.7024317308530375e-07,6.149572897735188e-05,7.494402879613927e-06,5.78686400054681e-06,1
0.24807036835577415,0.7518397359179536,1.3386292161757029e-05,1.7379171004036613e-07,6.277754170969145e-05,7.6506156962131e-06,5.907484994550317e-06,1
0.33852291081615443,0.660235733904821,1.7755869277755564e-05,1.8789626689400764e-07,0.0011942909771183467,8.430901814244507e-06,2.0689634547229734e-05,1
0.295742083635724,0.7028744218675289,1.6845578306721984e-05,1.987283213684877e-07,0.0013298792604541853,8.916935886291318e-06,2.7653993778414944e-05,1
0.32319045293299425,0.6752245511446479,1.63090547355182e-05,2.4704575041774947e-07,0.0015425946881705342,9.587521808920112e-06,1.6257611892514763e-05,0
0.2303317206368064,0.7674318111604272,1.5186357019012295e-05,2.3660747724864256e-07,0.0021863165331360234,9.079249267322165e-06,2.564945586662448e-05,0
0.13348562494054186,0.8647307121296685,1.0354553323813022e-05,1.30927614106676e-07,0.0017627929543002924,7.03147444049167e-06,3.3530201109321227e-06,1
0.1096909845145674,0.8878259905594711,9.978869686430961e-06,1.2617730177903252e-07,0.002462912154386007,6.776358665686799e-06,3.231365921504827e-06,1
0.15072303440336585,0.8377965159220401,1.9596060839689627e-05,1.8262326820676154e-07,0.011427125757802584,2.8760484762359973e-05,4.784747921328652e-06,1
0.20117307740039736,0.7840414100951834,2.6348822704866396e-05,2.3513110566412214e-07,0.014712652666762496,4.011542532393953e-05,6.16045852269148e-06,1
0.1560948860076529,0.8328852112012781,1.708891290561479e-05,1.587120618497223e-07,0.010975335230275052,2.3161663906820095e-05,4.158271919465775e-06,1
0.0811890530000658,0.9117328734021525,1.7888665034552152e-05,1.2538379271578106e-07,0.007024255907230119,3.320613978134186e-05,2.597501943076552e-06,1
0.07580904610940661,0.9196239109483253,1.7217368360608263e-05,1.20678594040866e-07,0.004516121112244716,3.1083755946519575e-05,2.500027122480263e-06,1
0.0629659955434959,0.9313164880020046,1.5875171637087318e-05,1.1653017105169208e-07,0.005663554444582648,3.55562214139987e-05,2.4140866947607996e-06,1
0.05240955044066521,0.9406919971938132,1.5407910530207815e-05,1.1310028582240316e-07,0.006845561023647417,3.502729926901892e-05,2.343031789221273e-06,1
0.052396032852884813,0.9401572110290091,1.7031693673472514e-05,1.1638319775115094e-07,0.007392895863358817,3.4301135940253326e-05,2.4110419357415753e-06,1
0.04251070462378416,0.942059305050652,1.576758752048615e-05,1.1442021652705094e-07,0.015372564265808894,3.9173676004099546e-05,2.370376013668373e-06,1
0.04440002671274024,0.9399340655686932,1.5749593679079358e-05,1.1705669526324665e-07,0.015608103838515144,3.9397176115896026e-05,2.5400535612546414e-06,1
0.024471394514718973,0.9433170140736178,1.8216665338045346e-05,1.3050867557913898e-07,0.03216373332821207,2.6678956720554522e-05,2.8319527168772074e-06,1
0.44632662526017813,0.5536361765764934,1.0455145942853664e-05,2.135408428481762e-07,1.1078589650277694e-05,7.516487109237869e-06,7.934399783190721e-06,0
0.6231056107761026,0.3768607767830333,8.064330322996555e-06,2.0200122268792095e-07,1.1648104031025486e-05,6.249957547812988e-06,7.4480477393940365e-06,0
0.33133713993661434,0.668634314723316,8.736487093663978e-06,1.6356038245513497e-07,7.5841552870195015e-06,5.6420714676625175e-06,6.419065838904326e-06,1
0.18320997544239007,0.8167686168774032,6.581381303950906e-06,1.2321351037512194e-07,5.713305276722746e-06,4.154161468638783e-06,4.8356186471829705e-06,1
0.17712039739441818,0.8228587283527383,6.392076582166226e-06,1.1966943684033464e-07,5.548969612835339e-06,4.117008734286626e-06,4.6965284774472865e-06,1
0.035922625180507,0.9639977193681228,6.079708910160525e-06,1.7305235593632517e-07,5.037380718006992e-06,3.2169833819143048e-06,6.514832600394588e-05,1
0.03152049074548738,0.9684088328118048,5.400964392731468e-06,8.003448165558894e-08,4.415048446035e-06,2.817157325198349e-06,5.796323806211882e-05,1
0.028965595155583338,0.9709598541539822,6.293253841218375e-06,8.16631543159904e-08,4.501073174409977e-06,2.874485454533211e-06,6.080021481013291e-05,1
0.031532486678905056,0.9683141365709543,6.127193305234634e-06,7.206572467354804e-08,3.972086344685886e-06,2.5366626978789914e-06,0.0001406687420681257,1
0.03619708501449379,0.9635829541286697,6.040647539575022e-06,5.3938992539262733e-08,3.5518853407329313e-06,2.500832684939697e-06,0.000207813552278732,1
0.059932672221667205,0.939728578707424,8.060768561218937e-06,2.2846994798207272e-08,4.743733776619042e-06,3.337164327427201e-06,0.00032258455724884825,1
0.052126441217729955,0.9476521821780006,6.696218950927545e-06,6.540744545196127e-08,3.928229608051931e-06,2.7722397488482426e-06,0.0002079145085161277,1
0.6193922205398693,0.3799197349449584,1.3082861342787345e-05,2.480527417486779e-07,1.9207137962716583e-05,8.569695477050547e-06,0.0006469367676480792,0
0.8830346184577754,0.1167016035354752,6.863530884729768e-06,1.2581423450662827e-07,8.238668578677042e-06,4.411810702975321e-06,0.00024413818234862803,0
0.8761939983664582,0.12355069072317897,7.266343871191619e-06,1.3576464334758852e-07,8.722186865457063e-06,4.577324746945234e-06,0.00023460929023581283,0
0.5767916544986119,0.42293250277596045,1.6497000823455153e-05,3.082305864963104e-07,2.256160880059087e-05,1.0392039168274845e-05,0.00022608384604887177,0
0.6136863425227853,0.38608987321209254,1.5708751352396694e-05,3.753162355693498e-07,2.066465289558259e-05,9.89549319211384e-06,0.00017714005144641123,0
0.5803110646413172,0.41959201740146573,1.5334275114368514e-05,2.865061754302357e-07,2.7512831157352745e-05,9.659597481443566e-06,4.412474728837511e-05,0
0.66532337271193,0.3346137669170872,1.0935185562988248e-05,2.300567394102662e-07,2.208203783001582e-05,7.756396514872489e-06,2.185669433535525e-05,0
0.5690359715115176,0.4309255938999695,8.523399715656112e-06,2.1085204255240477e-07,1.569112457703357e-05,6.4914352942461e-06,7.517776883471689e-06,1
0.6248448218001625,0.3751129794965607,9.022827358449127e-06,2.07506434104585e-07,1.86064449158471e-05,7.158005585729266e-06,7.2039189828246766e-06,1
0.662694845539501,0.3372629085515684,9.157688818439796e-06,2.1060796974846462e-07,1.8301024249556142e-05,7.264994121092171e-06,7.311593771788522e-06,1
0.6020695788520026,0.3978872384574286,1.023115472293839e-05,2.0896594029275157e-07,1.733317271272941e-05,7.208351752065666e-06,8.201045440791036e-06,0
0.34608282224078324,0.6538753921570535,1.2378342626580352e-05,2.312774211793997e-07,1.3102352577495622e-05,7.83909711555639e-06,8.234532422461502e-06,1
0.20504541011976493,0.7949183124510629,1.1828758635049374e-05,1.9251295395038355e-07,1.091121491508636e-05,6.490602313656582e-06,6.8543403543859355e-06,1
0.2195798808451647,0.7803842121675,1.1707970939312831e-05,1.9054713515024327e-07,1.07997965872684e-05,6.424324446164566e-06,6.784348227338293e-06,1
0.25106801331025397,0.7488999622658039,8.371494770634522e-06,1.7612127200116557e-07,1.0343448687858168e-05,5.937954366590445e-06,7.195404844945216e-06,1
0.2500139690351723,0.7499468036092627,1.0019899906146629e-05,1.8721218830969628e-07,1.634468665741544e-05,6.3118862271512375e-06,6.3636705857810026e-06,0
0.33332455681967466,0.6665828651126625,1.1151986059913743e-05,1.7735387832529617e-07,6.83289745793047e-05,6.1178828366516075e-06,6.801870308534067e-06,1
0.4008690232665248,0.5977648705922558,2.1242255996088505e-05,2.0469522955319211e-07,0.0013159526117062612,9.184670939634516e-06,1.9521907347741488e-05,0
0.23312640966985596,0.7641791946069484,1.5116197735599562e-05,2.3465532784144775e-07,0.002655254638626753,9.106665746951222e-06,1.4683565758590013e-05,1
0.1223060389585856,0.8753541530558171,1.0853432532358745e-05,1.3104465385314313e-07,0.0023185986849673028,6.868805977124685e-06,3.3560174665805875e-06,1
0.13032770204419208,0.8664559149797137,1.0606322167695641e-05,1.409033481202512e-07,0.0031949730080891355,7.202443301755968e-06,3.460299187417112e-06,1
0.12482970565157794,0.8728111802308809,1.044458020690876e-05,1.6887906809075653e-07,0.002338000518124119,7.0926090648109065e-06,3.4075310773566106e-06,1
0.11384691561794015,0.8833354513028083,1.0555584237342283e-05,1.3346953909821962e-07,0.002796357918709343,7.167988656607479e-06,3.4181181093588128e-06,1
0.14935227546503302,0.8420042163596173,1.5909178249811642e-05,1.5822421840993075e-07,0.008595176547262313,2.8118735246535944e-05,4.1454903724734505e-06,1
0.14074015676264764,0.8499430010379346,1.530564552677551e-05,1.4151446216246628e-07,0.009275635534985727,2.1771277950194997e-05,3.9882264928730955e-06,1
0.1172249222641426,0.8757164046124143,1.8424313534481847e-05,1.399516496144634e-07,0.007014555553389174,2.19691816968044e-05,3.5841231730770074e-06,1
0.09820228334930081,0.8945334540612614,1.9715264564585307e-05,1.3572412866096775e-07,0.007217980282417818,2.2955460800338573e-05,3.4758575266495967e-06,1
0.06760898520659848,0.9277043247391472,1.7448762789160455e-05,1.210424641470508e-07,0.004637511292442156,2.910139135418747e-05,2.507565204455379e-06,1
0.062044657872627064,0.932172745187858,1.6565563729506806e-05,1.3382608644227817e-07,0.005722833898544687,4.0291255200844924e-05,2.7723959535672655e-06,1
0.05472722293992127,0.9366315715568426,1.6204073999681267e-05,1.3090576591340546e-07,0.008582216057076904,3.994256899461183e-05,2.711897398819061e-06,1
0.020544480291418213,0.9381880673447714,1.8555446431364537e-05,1.3444796580993404e-07,0.041209737093192304,3.610794348809407e-05,2.917432732839082e-06,1
0.029282657997688224,0.9548248208260847,3.125328172714873e-05,1.9062589423472706e-07,0.015813230411616766,4.4048010638030166e-05,3.7988463509139894e-06,1
0.029781661882839292,0.9626939160388592,3.060451756555851e-05,1.930253265653071e-07,0.0074451754239572955,4.460244853980064e-05,3.846662912194301e-06,1
0.8100429015060766,0.189912639860489,8.865162947369208e-06,1.4216339896121822e-07,1.3002919959861592e-05,4.818597012417062e-06,1.762979011582229e-05,0
0.5038443432890622,0.4961000512650948,1.428348435690829e-05,3.01101908166464e-07,2.032744378464894e-05,1.0151694738917953e-05,1.0541721054307731e-05,1
0.31618230053117663,0.6837886357936424,8.179906217107193e-06,1.7243589232500263e-07,7.99570510179824e-06,5.948235223494241e-06,6.7673927463946135e-06,1
0.02736548812890483,0.9724076866928424,5.209843163697424e-06,5.658748022286396e-08,3.4883699446681406e-06,2.353072809586333e-06,0.00021571730485464495,1
0.03398183548310323,0.9658219881175887,5.634288209466548e-06,1.7757826727770275e-08,3.61736631339928e-06,2.5447772553789273e-06,0.00018436220970288348,1
0.6196770473615912,0.379629336476855,2.0282490144908567e-05,2.6436123669193635e-07,1.859068565321687e-05,9.13311934556938e-06,0.000645345505173379,0
0.5975169629573969,0.4017097712348146,1.4935214205553013e-05,2.722106720042772e-07,2.0395104962068317e-05,9.404300667006746e-06,0.000728258977282039,0
0.865282980662911,0.13438669754177368,7.672576872033653e-06,1.4335471607921315e-07,8.9480162245952e-06,4.931857571843901e-06,0.00030862598993099024,0
0.5021708627197161,0.49726095263691233,1.5077545381906043e-05,2.8170942741192677e-07,2.0034189948697957e-05,9.497874422569889e-06,0.0005232933241909651,0
0.508625120889774,0.49087488667340623,1.4883912242472877e-05,2.78091578521009e-07,2.0007068993274483e-05,9.375898119677032e-06,0.00045544746588577125,0
0.5065803634217395,0.49310523785585764,1.546281945108137e-05,2.889079026726475e-07,2.0546120351734857e-05,9.740572065628629e-06,0.00026836030263151564,0
0.5695466499611995,0.43035599996784546,1.6453372279055598e-05,3.0741542912484834e-07,2.1354510254882355e-05,1.036455601863407e-05,4.887021697322203e-05,0
0.8136576622155788,0.1862900894863562,8.839628144199552e-06,2.0004091676889116e-07,3.1550083052427065e-05,6.019304767001263e-06,5.639241184582832e-06,1
0.8017839844119983,0.19816786427275976,8.236331378428065e-06,1.8638830195976863e-07,2.8865735011307673e-05,5.608492565527873e-06,5.254367984877409e-06,0
0.667238445332319,0.33272168339027425,8.652812453285981e-06,1.9581327489668342e-07,1.9083646763943498e-05,5.892093468005098e-06,6.04691144642671e-06,0
0.6815770393786721,0.31837580181008146,9.203742438448861e-06,2.082808286794487e-07,2.5047619148768177e-05,6.26724674729218e-06,6.431922083308821e-06,0
0.5784947365557517,0.4214582083496591,8.338189713208597e-06,2.0627031359213294e-07,2.4805836856469725e-05,6.35037905062927e-06,7.35441865536582e-06,1
0.7082824982857504,0.291672502594866,9.78991667550809e-06,2.2514790750300618e-07,1.921895128857864e-05,7.766554258792327e-06,7.998549253258842e-06,0
0.4771591907825645,0.5227987473668132,1.4673438238772355e-05,2.1339647851351838e-07,1.2235610028836497e-05,7.3415166737882215e-06,7.597889202489928e-06,0
0.3817771786340195,0.6181722875406401,1.3427767061224733e-05,2.5088490695427456e-07,1.4449093961357231e-05,8.503688515777455e-06,1.3902390895024198e-05,1
0.31738398197726425,0.6825748100800262,1.2217628108298122e-05,2.2827462504944056e-07,1.2938108540047364e-05,7.696312269338775e-06,8.127619166666375e-06,1
0.5616892157146645,0.43827585054389145,9.843415567668709e-06,2.5747422980701035e-07,1.1850414959925432e-05,6.702829268776664e-06,6.279607417941638e-06,1
0.5525246731585525,0.44744068846730783,9.682810025771993e-06,2.532732705039797e-07,1.165706313979187e-05,6.868078598708914e-06,6.177149105039584e-06,1
0.28370826742178484,0.7162543393739653,9.786432589984647e-06,1.8285007615619424e-07,1.5043709859850839e-05,6.164816979835823e-06,6.215394744054297e-06,0
0.2758677508776174,0.7240936554048459,1.0100627176752927e-05,1.8872049968286708e-07,1.5526689961069228e-05,6.362739165031668e-06,6.414940734409189e-06,0
0.5751998510240566,0.4216570073861936,1.1974436249824486e-05,2.5072309681619805e-07,0.003117081491391742,6.64607938843994e-06,7.18885962313278e-06,0
0.6148345432560345,0.3848508796127167,1.1489941647556152e-05,2.148550505984416e-07,0.00028926459527570033,6.6146746397067266e-06,6.993064635113187e-06,1
0.17007114005975296,0.8298903479336437,1.4407843499289306e-05,1.455969786784899e-07,1.2556362781660937e-05,6.453106711820179e-06,4.949096631797141e-06,1
0.24377362507604763,0.7561841169902347,1.2807397586754834e-05,1.662760307987204e-07,1.63124839004355e-05,7.319762322594286e-06,5.6520138772365895e-06,1
0.34175746838157045,0.6580096442078303,1.467727549306264e-05,2.008560653032674e-07,0.00020219636866391168,9.012407714957832e-06,6.80050266205803e-06,0
0.5075010490387736,0.4917767695800821,1.8624319156523434e-05,2.827344461454026e-07,0.0006795356808584085,1.268628905917189e-05,1.1052357624044536e-05,0
0.4563999652315041,0.5422224951781733,1.941788129196615e-05,2.2449321374350946e-07,0.0013244157942262221,9.921655881706385e-06,2.3559765709009662e-05,1
0.36327907285305355,0.6345971818832007,1.464778541452816e-05,2.0071426930640477e-07,0.0020691545005840826,9.006045331356692e-06,3.073621814640224e-05,1
0.33213880874324664,0.6658770109617073,1.4399738275675317e-05,2.0522567169880182e-07,0.001932496362050208,9.69368714638011e-06,2.738528190219794e-05,1
0.2302426989256508,0.7670527734884919,1.517303988321207e-05,2.3553771328099595e-07,0.0026652393172316223,9.140909969453478e-06,1.4738781059879839e-05,1
0.14074107644411027,0.856942065169711,1.1387395685154677e-05,1.3155905140755508e-07,0.0022868371824959436,8.053537170611341e-06,1.044871177547456e-05,1
0.12206382663355678,0.8755205459163846,1.1360346502023054e-05,1.3124655108065553e-07,0.0023944620185345376,6.247885842575068e-06,3.4259526280394366e-06,1
0.13576187175530335,0.8610079875777181,1.0984837280407912e-05,1.3209520924032038e-07,0.0032085466323894017,7.094180198899328e-06,3.3829219004915574e-06,1
0.12502969200213815,0.8717860543039347,1.112234507463634e-05,1.7103096802425961e-07,0.0031623263822927045,7.182984889047038e-06,3.4509507029009307e-06,1
0.1358464625358364,0.8605694157185995,1.0651009690089062e-05,1.4515979666806196e-07,0.0035614388005115985,7.795814557705292e-06,4.090961007978062e-06,1
0.2120343963866406,0.7755090090807525,2.3891457692989715e-05,2.34513732806717e-07,0.012389391806440142,3.693247144890391e-05,6.144283291982052e-06,1
0.17779429568535896,0.8120760588206367,1.8377471968444765e-05,1.8277255386160568e-07,0.010075113992302183,3.1182597959516694e-05,4.78865922044028e-06,1
0.13689768902043298,0.8554428345414983,1.534599386885797e-05,1.4188751888320097e-07,0.0076128664835756555,2.7123332953950022e-05,3.998740151153974e-06,1
0.06135608660313695,0.932868121472568,1.7889064475491492e-05,1.1834110550526113e-07,0.005726301912991514,2.845192262784667e-05,3.0306830947501992e-06,1
0.05641563813984918,0.932298974997976,1.6854646300684986e-05,1.2861657090150145e-07,0.011230509627142157,3.5229498662811474e-05,2.6644734984671186e-06,1
0.06248644169845337,0.9275122452064193,1.6726614794190175e-05,1.2795621109404438e-07,0.009943283729401007,3.852400150658969e-05,2.6507932145496624e-06,1
0.053241621060700114,0.9245892664903896,1.8450866801435185e-05,1.2868870298974175e-07,0.02210380819445501,4.4058731134424214e-05,2.6659678163155745e-06,1
0.0182936931465187,0.9405253184714201,1.8601672491561526e-05,1.3478290788658423e-07,0.041119271129115044,4.005609679058954e-05,2.924700756361325e-06,1
0.03118508142223541,0.9548235128601193,3.064920859881889e-05,1.9330719675885443e-07,0.013914559963308853,4.2150958440313844e-05,3.852280100564682e-06,1
0.7499875062540071,0.24996330169797995,9.082106094116628e-06,1.6872087230192837e-07,1.3299261964775482e-05,5.7187567063464505e-06,2.0923202375408108e-05,0
0.8098873803866713,0.190080985148942,7.142246891377547e-06,1.334460106894554e-07,8.676717318165503e-06,4.49915170878554e-06,1.1182902457708834e-05,0
0.5486059128902198,0.451344930093934,1.1911429501414174e-05,2.946651950956659e-07,1.849362577281452e-05,8.866584107679569e-06,9.590711269214997e-06,1
0.3834583602414525,0.6165083954435497,8.785719589473193e-06,2.0205344407340405e-07,9.537491869542802e-06,6.969902825106207e-06,7.749147269614075e-06,1
0.22559773686469198,0.7743795836598488,6.383087519170306e-06,1.345581921043063e-07,6.2393484824455495e-06,4.641630968429687e-06,5.280850297096877e-06,1
0.04732656739865123,0.9526194055074952,6.569769128867657e-06,1.0444450225412068e-07,6.4498109012539135e-06,3.676372839747685e-06,3.722669648139827e-05,1
0.058231666299188134,0.9415290073044252,6.653746243384194e-06,2.0970896143020643e-08,4.258366418965527e-06,3.0052247016363087e-06,0.0002253880881265169,1
0.33928177680891297,0.658531115799371,1.404562843030586e-05,1.9649072255423558e-07,1.5496815619005133e-05,7.310127044488229e-06,0.0021500583298998113,1
0.5451548584091532,0.4541041473873879,2.166774376194749e-05,2.8785829026732214e-07,1.986039239831379e-05,9.756893177969046e-06,0.0006894213158304658,0
0.5900168334455033,0.4093244896836259,1.9799146973680152e-05,2.879398933639711e-07,1.9301319379315817e-05,9.759659096908733e-06,0.0006095288055277181,1
0.5848926096189859,0.41439196006782425,1.4585654280645654e-05,2.709618548630542e-07,1.9261116428327893e-05,9.184192231351179e-06,0.0006721283883946138,1
0.5568008598168604,0.4425479835169005,1.5811840879092622e-05,2.9542903221655427e-07,2.187624255907591e-05,1.0163697081822062e-05,0.000603009456686784,0
0.5130310418441772,0.48671436739830015,1.7352057539773292e-05,2.824046002765393e-07,2.031736578216437e-05,9.521312277066728e-06,0.00020711761732330208,0
0.6452624276664968,0.3546287618487956,1.5648906522828368e-05,3.292249947877551e-07,3.21834738096273e-05,1.1099868705114331e-05,4.9549010675155776e-05,1
0.8643888318513472,0.13556402006164142,8.4271079122246e-06,1.90705577765504e-07,2.741579865500444e-05,5.738400982554101e-06,5.376073883461313e-06,0
0.6910030499832012,0.3089511872086986,8.931291690371862e-06,2.021152641861667e-07,2.430615526923574e-05,6.081722643798182e-06,6.241523232527226e-06,0
0.5894169316016312,0.41054644244579264,8.122309769693352e-06,2.0092987098063878e-07,1.4952739364717754e-05,6.185964529263972e-06,7.164009041466918e-06,1
0.652448697023811,0.34750972088424287,9.016098702980517e-06,2.0735168889588922e-07,1.80180659412e-05,7.152667596702617e-06,7.187908016161909e-06,1
0.5931672547944594,0.40678815829642945,1.038300098781205e-05,2.1206732018373546e-07,1.9153788652462632e-05,7.3153349146790344e-06,7.5227172359463306e-06,0
0.5769178886864403,0.423036783068174,1.0278928236786828e-05,1.9205188342317856e-07,2.1854027702016243e-05,6.475057253601003e-06,6.52818030983202e-06,0
0.451264696509831,0.5486946439902074,1.1965692409083218e-05,2.2356744892940546e-07,1.2818787541841914e-05,7.691430362228547e-06,7.960022199435412e-06,0
0.23584582507506305,0.7641207626704839,9.758468511366827e-06,1.8232759425506317e-07,1.0832561887614201e-05,6.147201426353645e-06,6.4916950333777506e-06,1
0.2698371850627261,0.7301284473520363,8.950375529717693e-06,1.8829988745994355e-07,1.118739153376387e-05,6.348558162604353e-06,7.692960124220258e-06,1
0.33558482220183705,0.664378617596589,9.116273156667104e-06,2.063013975278996e-07,1.1599619249415657e-05,6.466230402191332e-06,9.171777368223792e-06,1
0.3037613773116488,0.6962015261503772,9.48650019697955e-06,2.1467964097305314e-07,1.1391310245929756e-05,6.459789362893857e-06,9.544258527035798e-06,1
0.6488773279610144,0.3510837878074421,1.031023062847556e-05,2.3332067292585344e-07,1.1850740037324637e-05,7.020704871119337e-06,9.469235333661392e-06,1
0.27415093882436514,0.7258112399492149,1.1049335525325435e-05,1.584566420712787e-07,1.2582987384927922e-05,6.960363813483977e-06,7.0700830540198155e-06,0
0.2921464615859983,0.7078169204393039,9.538879131964173e-06,1.7822477799615816e-07,1.4833823661348148e-05,6.008874377933725e-06,6.058172748428684e-06,0
0.3202586765946121,0.6796938486013453,9.587612715010584e-06,1.8056864055917624e-07,2.4205883045429438e-05,6.800554542060602e-06,6.700185099734489e-06,0
0.4108956752507478,0.5890596544274205,9.066218907785239e-06,2.0516866912901587e-07,2.288951807601964e-05,6.173600721668176e-06,6.33581545714393e-06,0
0.2535440208432232,0.7464183208047888,1.152302005635065e-05,1.6234967200250814e-07,1.4001124183000092e-05,5.6003075955204316e-06,6.37155048102484e-06,1
0.23021046589698033,0.7697492584194829,1.2538196686306467e-05,1.6278104620791735e-07,1.487558560724927e-05,7.165906974935817e-06,5.5332132220065e-06,1
0.2126125005080616,0.7873420335411488,1.0127649209766061e-05,1.452536066276503e-07,2.364296052569936e-05,6.517526483553942e-06,5.032560963980586e-06,1
0.3021273864362816,0.6978165461765521,1.275852858091454e-05,1.8343583161169053e-07,2.8683965082028357e-05,8.230762170516401e-06,6.210695501321448e-06,1
0.32335181699297494,0.6765482755619998,1.307379743526386e-05,2.0058159145923079e-07,7.155452142378547e-05,8.566242002246863e-06,6.512302572514876e-06,1
0.46096851782804377,0.5369535334239419,1.961225381333721e-05,2.2674038537515767e-07,0.0020242931840058175,1.0020971416748882e-05,2.3795598393066e-05,1
0.24528994723146685,0.7500197550004478,1.1377937258486928e-05,1.5590850756089437e-07,0.0046552939225096785,7.737198537100907e-06,1.5732801272526815e-05,1
0.2044285121523409,0.7828693260853475,1.4810375416195725e-05,2.3093751542880308e-07,0.012670000768919132,1.1069094422487963e-05,6.050586038432631e-06,1
0.2179823162778565,0.7705107242240103,2.3828258898317694e-05,2.3389338617747925e-07,0.011439934539742165,3.6834775958330535e-05,6.128030148152713e-06,1
0.21306734313355957,0.7750118746909942,2.305141474071256e-05,2.2861965695338147e-07,0.01185550804213752,3.600424099704206e-05,5.989857914184786e-06,1
0.1409759084605088,0.8513667276429705,1.5374030899108964e-05,1.4175151088753608e-07,0.007612840232896238,2.5012974104069576e-05,3.994907110464955e-06,1
0.09041871328210074,0.893735847891005,2.069702552215241e-05,1.4471378477434195e-07,0.015784845935978797,3.5472223906243815e-05,4.278927702115322e-06,1
0.08298893344536377,0.904143326457847,2.065940047897397e-05,1.318777062220676e-07,0.012814489386851402,2.972739924057059e-05,2.732032511863752e-06,1
0.060135413038138144,0.9269671466385752,1.922001431431954e-05,1.3209666719070783e-07,0.012841484454084479,3.386718962362153e-05,2.736568596864707e-06,1
0.06406695535828068,0.9239752549945744,1.9206445425531907e-05,1.313115287672248e-07,0.0118956652096207,4.006637722162943e-05,2.720303348092047e-06,1
0.03956687912024174,0.9240403330828039,2.123964388832512e-05,1.3142916789014285e-07,0.03632749471009592,4.1199273393925815e-05,2.7227404082873363e-06,1
0.025804250113937346,0.9425024994157681,2.2149850457982013e-05,1.366665785347272e-07,0.03162456269505054,4.343568303274266e-05,2.9655751747556457e-06,1
0.018373177299993694,0.9514876792440601,1.8958552561197685e-05,1.3536852530404398e-07,0.030076881990313307,4.023013627618782e-05,2.9374082704715277e-06,1
0.03817075261829608,0.9456448999435402,3.34653828159245e-05,2.1106904994791935e-07,0.016104218584278022,4.22461587210015e-05,4.206243298710598e-06,1
0.6148041893558854,0.3851605012420499,8.914536431294168e-06,1.820747059432964e-07,9.274771570266216e-06,6.408901275687512e-06,1.052911808145042e-05,0
0.6187131741218922,0.38125789803457283,8.197247304076758e-06,1.6646785950457511e-07,8.63642327534729e-06,5.742365885279383e-06,6.1853392107307815e-06,0
0.6754814623105825,0.32448286430712375,9.720887038957778e-06,1.8058768789586477e-07,9.676385815457312e-06,6.0885402297493425e-06,1.0006981521668484e-05,0
0.817432689191533,0.18253538162186522,7.208787573034147e-06,1.3468925929884612e-07,8.757553880338868e-06,4.5410680169350766e-06,1.1287087872152228e-05,0
0.6722479304857814,0.3277116040161058,1.054398484208523e-05,1.970042110480696e-07,1.0556028351557132e-05,6.642025701596392e-06,1.2526455006742658e-05,0
0.2934422859405538,0.7065314929924941,7.382497649804562e-06,1.556261815287023e-07,7.345994263175067e-06,5.368378486551968e-06,5.968570371091971e-06,1
0.04139659525630265,0.9584115469428052,5.16636680457847e-06,7.345328754244895e-08,4.730707215681932e-06,2.5855039325498077e-06,0.0001793017696517399,1
0.04050863532122032,0.9592655143411216,5.912981628873124e-06,1.863619667762064e-08,3.7962950706171957e-06,2.670651660195145e-06,0.00021345177310170193,1
0.055070390860735355,0.9446860263873168,6.676056765630579e-06,2.104121316861967e-08,4.272645048665006e-06,2.7018832052150548e-06,0.00022991112571515564,1
0.5348744230913226,0.4647714302431009,1.5197259203335825e-05,3.197231432565363e-07,2.26087656769879e-05,1.0779512395229624e-05,0.00030524140515774767,0
0.5354616002162268,0.46408648058513613,1.462020136557568e-05,3.075828788008905e-07,2.1750284205991823e-05,1.0370201608878457e-05,0.0004048709285777866,0
0.5236439354093093,0.4760661069984511,1.4297532776309446e-05,3.1602869461776493e-07,2.127025432504834e-05,1.0141330730846504e-05,0.00024393244571266882,1
0.8072027879187892,0.19275067676356655,8.31758335020498e-06,1.882270352931611e-07,2.7059483846723452e-05,5.6638207278743805e-06,5.306202684041039e-06,0
0.6388113743076499,0.3611332761851053,8.530925093386223e-06,2.1103820550595696e-07,3.258596292287367e-05,6.497166634348577e-06,7.524414388766075e-06,1
0.6061455508098805,0.3938071194399532,9.21501311131056e-06,1.8821178369023873e-07,2.4047564292068522e-05,6.492430004728366e-06,7.386530974251413e-06,0
0.5277911098404267,0.47216174496552804,1.0618392147600222e-05,1.9839443995476204e-07,2.257576186922254e-05,6.688897471901343e-06,7.063748116494024e-06,0
0.4602560444828972,0.5397019832466798,1.2396991623467343e-05,2.3162585974163047e-07,1.3128049223035386e-05,7.968665290163113e-06,8.246938426572468e-06,0
0.38219833245655555,0.6177510551497392,1.3442579773305102e-05,2.511616682262776e-07,1.4532972812501724e-05,8.467952267313262e-06,1.3917727183821717e-05,1
0.37759888363950395,0.6223567573376008,1.11396837784959e-05,2.520912100842282e-07,1.41742231906405e-05,7.585517238616695e-06,1.1207507477335378e-05,1
0.24488769693143397,0.7550758707031818,1.0829186246247936e-05,2.0233292485583376e-07,1.1701511210941363e-05,6.821684064629987e-06,6.87765093750266e-06,1
0.22239533411592077,0.7775658893375365,1.1280671175355282e-05,2.107684863243854e-07,1.3014626166410502e-05,7.106090249571104e-06,7.164390464862745e-06,0
0.3491805520937813,0.6507818617227045,9.400353402214148e-06,1.9776661681327822e-07,1.475101193732691e-05,6.667730323140372e-06,6.569321234590993e-06,0
0.2625273087382751,0.7374355163096088,1.1384345758741459e-05,1.6039586765070346e-07,1.3802428271757206e-05,5.532910444564664e-06,6.294871773245393e-06,1
0.23539964561332952,0.7645616224864017,1.1475397544993694e-05,1.461665336094807e-07,1.5487655801701114e-05,6.558489499342481e-06,5.064190889036434e-06,1
0.36336383576020964,0.6365677881404935,1.3587954449200596e-05,2.134336183918296e-07,3.895353799062448e-05,8.903129079650613e-06,6.7180441588681005e-06,1
0.31568301843351126,0.6803077593827407,1.4283089332008354e-05,2.0295750013458564e-07,0.003967112963045918,8.668970252593479e-06,1.8954203617438718e-05,1
0.2914449789021141,0.7041438969138379,1.3230738850284782e-05,1.9346219724677451e-07,0.004373342898850689,8.263395202549924e-06,1.609368894724442e-05,1
0.2675019707889068,0.7279864806080791,1.1789852601235596e-05,1.6155286161825884e-07,0.0044752775135855904,8.017308254259627e-06,1.6302375711314976e-05,1
0.20634228938466817,0.7895308590674447,1.2131904387232088e-05,1.4766752776363882e-07,0.0040906311399729394,9.03963589743892e-06,1.4901200101625414e-05,1
0.17513978795343133,0.8212333576668137,1.0385872515495309e-05,1.393707860822692e-07,0.0035956162574180984,8.531741405870448e-06,1.2181137629243606e-05,1
0.16695593864092415,0.8293370153338334,1.0792859444414973e-05,1.4074605065067748e-07,0.0036853693177832264,6.700101831386953e-06,4.043000132601598e-06,1
0.15831503914748746,0.835297324648532,1.1587631073885309e-05,1.534770635727421e-07,0.00636308507777358,8.401313274357774e-06,4.408704794964087e-06,0
0.19286878725261025,0.7952268606678033,1.498683788612851e-05,2.3368908675819316e-07,0.011871807894804631,1.1200980325905068e-05,6.122677482901694e-06,0
0.2130720523894971,0.7750290041544722,1.466205167005953e-05,2.2862470994958966e-07,0.01186710455028866,1.0958239058937672e-05,5.9899903031916254e-06,1
0.1722626238400691,0.8181174227325637,1.1853846918159338e-05,1.8483649999577536e-07,0.00959421258814474,8.859420988298442e-06,4.842734815911619e-06,1
0.08990877069755435,0.9029367430155846,1.6752671355068114e-05,1.2544780082519645e-07,0.0071105451875607545,2.38502965412523e-05,3.212683603142533e-06,1
0.06984134165698296,0.923030640645962,1.7550728566123026e-05,1.2987125965040473e-07,0.007080262286699726,2.674884336500692e-05,3.325967164460002e-06,1
0.05690125495463521,0.9296727850231067,1.8886502647441636e-05,1.3223028927542428e-07,0.013372475644215417,3.1726308339300396e-05,2.739336766635067e-06,1
0.06713491120077712,0.9209472717180659,1.7003381878875815e-05,1.3088120435001706e-07,0.011856681616582933,4.128981291954885e-05,2.711388571424028e-06,1
0.05505182089060654,0.9281194420278929,1.8768832686932532e-05,1.3190048343013462e-07,0.01676357359555614,4.353024840039976e-05,2.7325043738239773e-06,1
0.05381570556730126,0.9151833308031848,1.741053213676417e-05,1.3041742450741662e-07,0.030938229361539747,4.249153769445136e-05,2.7017807184773194e-06,1
0.039512045787447964,0.922759761750786,2.1029001871277183e-05,1.3124702819497436e-07,0.03766317106791368,4.114217782512936e-05,2.7189671278508133e-06,1
0.7947477941066099,0.20513926987367026,1.0821013099657952e-05,1.6580174843783186e-07,9.349752194853094e-06,5.619813647632386e-06,8.697963902919281e-05,0
0.6697944492356186,0.330172638441457,8.268260744366099e-06,1.67909984520755e-07,8.855846490046322e-06,5.910313068586656e-06,9.709992636891217e-06,0
0.1564692799613252,0.8435122390598838,5.633500895911239e-06,1.0546774134936156e-07,4.89044911828924e-06,3.712390134455633e-06,4.13917090092271e-06,1
0.037597902965901035,0.9623074334441236,6.917774561307389e-06,8.83848098951977e-08,5.45806909951365e-06,3.111082991753618e-06,7.908827851294385e-05,1
0.05927035051130363,0.9406269803847793,3.8723697694740194e-06,4.2060311785647924e-08,3.0104748573172125e-06,1.5671321464323124e-06,9.417706683182687e-05,1
0.4820827736954111,0.5171784497895365,1.701969107149055e-05,2.8883086745821263e-07,1.9927494042775017e-05,9.789858467070275e-06,0.0006917506406036661,1
0.5274781825550284,0.47187931847101494,1.9990834978873685e-05,2.9072762072656666e-07,1.948818760219141e-05,9.854148500222031e-06,0.0005928750752546223,1
0.5457215696470912,0.4536827844774432,1.6420113961746343e-05,3.067940294680369e-07,2.0986435965468382e-05,1.0343605438595467e-05,0.0005475889260703761,0
0.49533818713557365,0.5040547200312109,1.4479225790205051e-05,3.0461700492344794e-07,2.154055666847417e-05,1.0270206738632461e-05,0.0005604982270130448,0
0.5141627205644194,0.4855219147501195,1.4441245321752304e-05,3.192052768188393e-07,2.1484053617492326e-05,1.0243266951333633e-05,0.0002688769142937792,0
0.47331628871457104,0.5263376776966714,1.3779337066504014e-05,3.1182660336902983e-07,2.0499341279409177e-05,9.773771225394603e-06,0.0003016693125829193,1
0.47455716776444534,0.5251753082468168,1.3815461939225851e-05,3.997930136739046e-07,2.0553083784656423e-05,9.40757626367743e-06,0.00022334807373660317,1
0.8249131633596102,0.1750228393826456,9.285448378827807e-06,2.101298353290773e-07,3.314128860989203e-05,6.322884037503086e-06,1.5037506882612345e-05,0
0.8546123855696988,0.14534240638541357,7.863632155810873e-06,1.7795411299217976e-07,2.6795149403384426e-05,5.354704717129589e-06,5.016604498522612e-06,0
0.8377316218400204,0.16222855208266143,7.708305461837377e-06,1.7443906759046476e-07,2.1776883253953707e-05,5.248935708046246e-06,4.917513826898014e-06,0
0.6530045098585812,0.3469545934846421,8.859323841303672e-06,2.1916214068206488e-07,1.7256827717604884e-05,6.747275662897577e-06,7.814067414321125e-06,1
0.6624546022276127,0.33750610141903475,9.016579309942896e-06,2.073627418655413e-07,1.496659313814362e-05,7.153048872680154e-06,7.952769289907687e-06,0
0.436048129657685,0.5639097943020538,1.2464380450635315e-05,2.3288495513379114e-07,1.3193422758680297e-05,7.893584123932594e-06,8.291767972737618e-06,1
0.30260428295253355,0.6973557860141818,1.1839040791107767e-05,2.212010853153735e-07,1.2537195714883916e-05,7.457826845778602e-06,7.875768847751918e-06,1
0.33965586409787946,0.6603073875775357,9.163181562030173e-06,2.0736293544102462e-07,1.1659305881491932e-05,6.499502831797629e-06,9.218971374293454e-06,1
0.2994184640052385,0.7005448061281293,1.0029530281163264e-05,2.1100337264605323e-07,1.2202948839510342e-05,7.114009476156013e-06,7.172374662845236e-06,1
0.21995565173549786,0.7800074741552454,1.072722401808963e-05,2.0042785873369225e-07,1.2376108498205515e-05,6.757454482535332e-06,6.812894399186977e-06,1
0.2358171131508936,0.7641441760962395,1.1469132041808673e-05,1.4608672749572446e-07,1.5479199627841027e-05,6.554908600581812e-06,5.061425868999403e-06,1
0.27270772191190945,0.7272514705255438,1.1037724352819096e-05,1.586949570962866e-07,1.711747454902062e-05,7.12063961573686e-06,5.373029072131914e-06,1
0.28560313047860986,0.714345184907367,1.1557160783025213e-05,1.6876557480412478e-07,2.6672183694895112e-05,7.572508034982624e-06,5.713995935280001e-06,1
0.43868851106241635,0.5612310199966627,1.587967096267915e-05,2.4943089448137464e-07,4.546494687491882e-05,1.1023796488289015e-05,7.851095700563688e-06,1
0.4612996871668607,0.5383984425043322,1.7052064501310074e-05,2.6228722816412487e-07,0.0002647082225946838,1.159199236634516e-05,8.25576211653242e-06,1
0.5641643006208792,0.43401717921000754,2.2658954730089646e-05,3.317385722332945e-07,0.0017704262110417896,1.4661449678153155e-05,1.0441815091058969e-05,0
0.627532613125103,0.3707705089839957,2.0036899962537892e-05,2.9956784645737227e-07,0.0016538725760078495,1.3239638901377883e-05,9.42920818304737e-06,0
0.6166479448153809,0.3708139309158448,2.830442700585294e-05,2.996029296538453e-07,0.012486848736944715,1.3241189431110278e-05,9.43031246298655e-06,0
0.5207631627448093,0.47700428946670487,2.481929298752813e-05,2.5726015450517367e-07,0.002164714749654992,1.136981685331121e-05,3.138666883548193e-05,1
0.5012310555950319,0.49533480981427086,1.8363130246879488e-05,2.806762750614271e-07,0.00336536723886953,1.1806740930892842e-05,3.831680437488115e-05,1
0.4198351304322634,0.576556251419479,1.5772229434694443e-05,2.361155167248042e-07,0.0035485589363389745,1.0436830070936275e-05,3.361403689638946e-05,1
0.38798235332535985,0.6088202449617508,1.4522215686825934e-05,2.2196876838629313e-07,0.003143016690725504,9.338547735185413e-06,3.0302289973491764e-05,1
0.20023112892747755,0.7969783486678258,1.1403048684168136e-05,1.6590306339315806e-07,0.0027660803088949406,8.442713776132144e-06,4.4304302781982e-06,0
0.19022329459965195,0.8046296181673779,1.1526596857234193e-05,2.0999594682297672e-07,0.005122575213984449,8.35706198854521e-06,4.418364192940944e-06,0
0.153920873492556,0.8387623026685066,1.0608811644553903e-05,1.5411371669751244e-07,0.007293197757025791,8.436163578525598e-06,4.4269929718327665e-06,0
0.21541550946240792,0.774345709663947,1.6114544979571523e-05,2.3896815091911597e-07,0.010204712359223137,1.1454011798730633e-05,6.260989492748865e-06,1
0.20773067059984332,0.7818351540499358,1.473445791001448e-05,2.297537371813e-07,0.010402179213041863,1.101235460188078e-05,6.019570929762898e-06,1
0.17403430567534472,0.8182820075114158,1.1975761032752988e-05,1.8673750128229046e-07,0.007657681235350565,8.950538114498728e-06,4.892541240051385e-06,1
0.12633791359978025,0.8666005710564568,9.66785151573454e-06,1.3798542983663053e-07,0.0070404102223496365,7.4105148075638195e-06,3.8887696599739575e-06,1
0.08977405642941866,0.8962791250596411,2.1880462851220544e-05,1.8236569409165728e-07,0.013878893336235197,4.2398824496016684e-05,3.4635216638662795e-06,1
0.038109656932570894,0.8991469842921166,2.1861607862538085e-05,1.433057108997165e-07,0.06267049365716369,4.775056458010178e-05,3.1096399953915496e-06,1
0.04017095985445219,0.8909971186063819,2.418596032800199e-05,1.5673480165738042e-07,0.06875284591949535,5.133188207809054e-05,3.4010424626037496e-06,1
0.06775863900154305,0.8730975292909853,3.557722129664195e-05,3.1175075205680526e-07,0.05905246158938489,5.1009467064949046e-05,4.471678973130853e-06,1
0.8043580407762748,0.19559916320540727,9.955295861516596e-06,1.5253705404973017e-07,8.601740749631745e-06,5.170209760723572e-06,1.8916234891909058e-05,0
0.6756659698592709,0.32429670266819394,9.234715988478712e-06,1.815501618972233e-07,1.1699555687131413e-05,6.245902228480221e-06,9.965748469161395e-06,0
0.695951765926803,0.3040189870625416,7.86633137457183e-06,1.5553704008861705e-07,1.0264574765600432e-05,5.47479414823846e-06,5.4857733272252154e-06,0
0.6568665141586357,0.34310042666095497,8.64354749462205e-06,1.755312236633714e-07,1.1600733362323736e-05,6.17857531297905e-06,6.460793015932034e-06,0
0.644804346822056,0.35515722344051465,9.990309071427501e-06,1.8665931203612391e-07,1.1616092138549239e-05,6.2932459229702556e-06,1.0343430984453152e-05,0
0.2450909254892539,0.7548743192819382,9.756625162212504e-06,1.8265892525156957e-07,1.2113547175916192e-05,6.15837229921379e-06,6.544025245120589e-06,1
0.2385301613370034,0.7614347813834293,9.841418044921823e-06,1.8424637752806497e-07,1.2218823597609564e-05,6.211893484189716e-06,6.600898062906539e-06,1
0.15796384284145326,0.8419974043171654,7.600327982270468e-06,1.2082806222037284e-07,5.597943301197249e-06,4.253062599173778e-06,2.1180679436364508e-05,1
0.0391603465127893,0.9606399505723342,6.3840567332664334e-06,9.037685295285704e-08,5.8205371709942155e-06,3.1812015028741705e-06,0.0001842267426165119,1
0.048283997656601324,0.9514764222179185,6.854588364030398e-06,2.1603898830401922e-08,4.910901623885517e-06,2.7741371635396693e-06,0.00022501889442991247,1
0.05500171618740094,0.9445100851586121,4.964796221571841e-06,4.9429648147004606e-08,3.7089247585640646e-06,1.8417074745613724e-06,0.00047763379588401964,1
0.5059117673582422,0.493234500322004,1.6231725866956976e-05,2.7545878728376387e-07,1.900490550381147e-05,9.336614762648296e-06,0.0008088836148331622,1
0.48788245675745817,0.5116083273895045,1.4326388346848541e-05,2.6767478099683913e-07,1.8593939386981667e-05,9.024694272227394e-06,0.00046700315625045654,1
0.5306426949629353,0.46874170028024287,1.6094157371510055e-05,3.007038442243033e-07,2.0888292248215564e-05,1.0138273955064428e-05,0.0005681833294028636,1
0.8746540513461537,0.12529061617567802,8.380797849057859e-06,1.8965758034520767e-07,2.7265138739324686e-05,5.7068663546905284e-06,1.3790017644979428e-05,0
0.8456869684586661,0.15428093617863284,7.330673717639892e-06,1.6589325558593265e-07,1.472249870095072e-05,5.1996933886169395e-06,4.676603638172293e-06,0
0.6304951809939733,0.3694628143943607,9.526350932030107e-06,1.9457069450892607e-07,1.7573504287968395e-05,6.711782813501405e-06,7.99840293777603e-06,0
0.5612518780204171,0.4386962551741129,1.135746578354917e-05,2.122033196845015e-07,2.5587263202116756e-05,7.1544658655272204e-06,7.55540729910056e-06,0
0.5003251933764992,0.49963490331220584,1.1813478001257281e-05,2.207234691842707e-07,1.2655720993913035e-05,7.593588425640544e-06,7.619800405045321e-06,1
0.4835956729459199,0.5163623870651104,1.2497184539721173e-05,2.3349786797331983e-07,1.3234150572163494e-05,7.91435866927271e-06,8.060797320446937e-06,1
0.33949652259466645,0.6604674106689433,8.996798761342547e-06,1.8927654919457833e-07,1.144759906836113e-05,6.381486455399207e-06,9.051575555894528e-06,1
0.3963265085320602,0.6036305512267883,1.0783391440604607e-05,2.4402830916273705e-07,1.372087395570664e-05,7.34290158409707e-06,1.0849045862047669e-05,1
0.4118114668453296,0.5881444582757221,1.1230714458382986e-05,2.5415123572802833e-07,1.3643416690777523e-05,7.647504167981735e-06,1.1299092395344535e-05,1
0.3890640093483545,0.6109005210918437,9.522422938478798e-06,2.1549257314906062e-07,1.2592765471968239e-05,6.4842507910922874e-06,6.654628027045323e-06,0
0.3050595812539267,0.6949020670405598,1.0791515493987366e-05,1.712007263470137e-07,1.4764443932891488e-05,5.905627749620483e-06,6.718917610694434e-06,1
0.23581755459552073,0.764145606557907,1.1469153511780254e-05,1.460870009669755e-07,1.3607249844270039e-05,6.554920871231488e-06,5.061435343881127e-06,1
0.5456497510908174,0.45260153955824484,2.1101956760173156e-05,3.314602652893539e-07,0.0017021937291388553,1.4649149681724655e-05,1.0433055091799246e-05,1
0.5943508714447017,0.40383610881962856,2.1408314215483506e-05,3.2007159779235814e-07,0.0017670709463911756,1.414581847641942e-05,1.0074584988860615e-05,0
0.4248141514834822,0.5698231821037286,1.9415179001612906e-05,2.0551006057936476e-07,0.005322820193775299,9.082680350537062e-06,1.1142849601125476e-05,1
0.5218507860033009,0.4759416531322432,2.220253590420704e-05,2.5668704857379467e-07,0.0021598923516231005,1.1344487981493269e-05,1.3864801898513585e-05,1
0.4746178378148244,0.5217098383941222,1.776498995505043e-05,2.7153383655461175e-07,0.00362378471381055,1.1423821976478836e-05,1.907873147477967e-05,1
0.4531548949634307,0.541372093563645,1.843451876182048e-05,2.6818481324886823e-07,0.005431238968003729,1.1854364178642645e-05,1.1215437166811152e-05,1
0.45101575171731706,0.5434788315497174,1.850625629944427e-05,2.828639242670931e-07,0.005463468035755165,1.19004951846786e-05,1.1259081801971777e-05,1
0.30001682157329745,0.6952707797091306,1.3848069453826664e-05,2.5961399936239964e-07,0.0046701282277449765,8.97402431663428e-06,1.9188782057060035e-05,1
0.29313877033987795,0.7022593753158093,1.3530594817944947e-05,2.5366220512911764e-07,0.00456306296037556,8.768289855826107e-06,1.623883705847599e-05,1
0.2775048355738012,0.7169028424919989,1.4185288420506584e-05,2.0250398334474798e-07,0.005562739270323038,8.951125670068337e-06,6.2437458030283725e-06,0
0.277946183765858,0.7183814340882239,1.3532815305059112e-05,1.968890581481286e-07,0.0036430336406307914,1.0360891716148106e-05,5.257909208091025e-06,0
0.22905360571320785,0.7660796782013721,1.5910599775146264e-05,2.680980322045515e-07,0.004831837208653444,1.2506024648144193e-05,6.194154311139383e-06,1
0.16143048892634373,0.8345026394394163,1.2027292769843643e-05,1.7569526912428182e-07,0.004041393179977843,8.583535741932593e-06,4.691930481233666e-06,1
0.11647835471517745,0.8752213410031701,1.1166172850855714e-05,1.3427581142035792e-07,0.008278353776914573,7.211289554312477e-06,3.438766521303566e-06,1
0.10495663997921487,0.8868118685277901,1.1314046111834663e-05,1.3605402158874172e-07,0.008209250298442699,7.306788425456846e-06,3.4843059936046264e-06,1
0.0669715478605617,0.9208607226485712,2.4133320666653144e-05,1.563315621379537e-07,0.01209110288325035,4.909832679326389e-05,3.238628594829693e-06,1
0.04655291063541595,0.9211983819447268,1.9099871507629492e-05,1.3548038897059504e-07,0.03218327231488534,4.339308591417585e-05,2.8066671615014523e-06,1
0.059561976086506936,0.9089365908767812,2.30922177955887e-05,1.8603306326880228e-07,0.03141857927481423,5.6515346630799256e-05,3.060164408290358e-06,1
0.045409530476097075,0.8843208806191669,2.4768168134808357e-05,1.6050774364048308e-07,0.07019329143683453,4.788587919233914e-05,3.482912830625288e-06,1
0.04986424660101766,0.8868827247956562,2.603390664208168e-05,1.7726022320279782e-07,0.06317477757282373,4.8193432980690795e-05,3.8464306565506506e-06,1
0.049813293270834814,0.8757712862918533,3.0557823094973234e-05,2.2707984154676824e-07,0.07432488244516987,5.522777835578112e-05,4.525310849762386e-06,1
0.058251563740312366,0.8936790984320596,4.249957719488899e-05,2.921971123669847e-07,0.04795712698360519,6.415510590913724e-05,5.263963806484358e-06,1
0.07108128222690327,0.8874632399993378,5.2237677351047506e-05,3.5914941950457646e-07,0.0413175556048283,7.885522501872847e-05,6.470117141395716e-06,1
0.9087957408732874,0.09043121181679964,6.5712822697125225e-06,8.704851662309158e-08,6.230471592473343e-06,3.8863510305784195e-06,0.0007562721565036522,0
0.8742412224688116,0.1253022959041116,9.407919097976293e-06,1.4415003671471812e-07,7.67126539171702e-06,4.885933660342742e-06,0.0004343723588897983,0
0.7240132844853389,0.27594362023770425,1.050202077954832e-05,1.8641258200807475e-07,1.3475141858552636e-05,6.4646267340113304e-06,1.2467075002845012e-05,0
0.6688429480847685,0.33111759244695904,9.331825580776959e-06,1.834592906918192e-07,1.341600033159926e-05,6.457637682620768e-06,1.0070545386792053e-05,0
0.6598284893505816,0.3401307661146332,1.004741786477571e-05,1.866537440721034e-07,1.161574563570199e-05,6.293058198251413e-06,1.2601659342354066e-05,0
0.598136672485199,0.4018195492532754,1.187977785502782e-05,2.2196221815634194e-07,1.1893347128814145e-05,7.483488550496212e-06,1.2299685773040588e-05,0
0.47526270631225837,0.5246766146525532,1.3887749293464902e-05,3.435554359376164e-07,2.4688815387211128e-05,1.0576932788409038e-05,1.1181982283239215e-05,1
0.15995245920976156,0.8400138507105908,7.82873497881211e-06,1.140820962026104e-07,5.285403858080449e-06,4.0156093516565385e-06,1.64462493632389e-05,1
0.039405024076101795,0.9603088340961614,6.638212320141914e-06,1.917751447067325e-08,4.359346787144948e-06,2.4625673363433677e-06,0.0002726625237786579,1
0.0550803716789563,0.9448299521486773,4.0684678400150335e-06,4.05057780529971e-08,3.2455070436949773e-06,1.509273209201945e-06,8.081241849527836e-05,1
0.05316379290562177,0.9463562855717313,4.905709943429878e-06,4.884138353179594e-08,3.925818090617111e-06,2.0308846368367102e-06,0.00046901026859253787,1
0.4364086494991212,0.5625807992643586,1.3956746253324758e-05,2.69720542841434e-07,2.0110985720541882e-05,9.279243389239707e-06,0.0009669345406142097,1
0.5171037632703406,0.481986538530686,1.6074615153849577e-05,2.727925565417852e-07,1.9438551372455267e-05,9.2462434604595e-06,0.0008646659964302106,1
0.5961312981262731,0.4030749445838335,1.653456704712006e-05,2.805981215055872e-07,2.0023503684821395e-05,9.51081136112614e-06,0.0007474078096787201,1
0.5610890224890904,0.4382078723684312,1.4694711006545576e-05,2.729878327291514e-07,1.948043288826767e-05,9.252862303705473e-06,0.0006594041484473214,1
0.4825772730896301,0.5169231075529337,1.3841405823652691e-05,2.5861334921509484e-07,1.7964490050433927e-05,8.719186778415895e-06,0.00045883566143433373,1
0.4543138181054959,0.5452178819087052,1.317633649514763e-05,2.461871687608656e-07,1.7101309569563886e-05,8.30023629248173e-06,0.000429475916272847,1
0.44303677702671956,0.5565041625796011,1.1507257006420806e-05,2.420920990507343e-07,1.681684691793835e-05,8.162170420083275e-06,0.0004223320272358514,1
0.40843978272116754,0.5910899559865691,1.1646885856712614e-05,2.450296402420298e-07,1.732692123480005e-05,8.261210049684502e-06,0.00043278124548189705,1
0.3778221840598421,0.6219525632657187,1.1556261229765412e-05,2.6151836402077504e-07,2.100838451906304e-05,7.86918376817509e-06,0.00018455732655829385,1
0.6791610239455631,0.32064275912196316,1.3176635195854847e-05,2.981874510453997e-07,2.3146829675805416e-05,8.972570084805051e-06,0.0001506227100661761,0
0.7056122441838405,0.2943055068395478,1.3689824362011898e-05,3.0980092953106236e-07,2.37716673063507e-05,9.322023924246197e-06,3.515566008966626e-05,0
0.743374496992108,0.2565857532204238,8.957649978211925e-06,1.8845292884108434e-07,1.7990023188517342e-05,6.353717975085198e-06,6.259943397451494e-06,0
0.6725784589374173,0.327377502973435,8.748139488190667e-06,2.0118917919271522e-07,1.7040254843542058e-05,6.940089711743167e-06,1.1108415925020024e-05,0
0.41766788328526155,0.5822885764549823,1.2879165349238528e-05,2.406348118462007e-07,1.3696497524524977e-05,8.156263805720903e-06,8.567698264775363e-06,1
0.403922336336692,0.5960338765211427,1.2965064416782527e-05,2.422397532687003e-07,1.3787847882570108e-05,8.167148603572156e-06,8.624841509076208e-06,1
0.4094485976669067,0.5905092456034395,1.2574343993784277e-05,2.3493951812743702e-07,1.3315860162823012e-05,7.921020111302837e-06,8.110565867801113e-06,1
0.3525967420281927,0.6473648909608292,9.740746003724982e-06,2.2043322737242856e-07,1.1696606488298047e-05,6.909172955534578e-06,9.800052303308085e-06,1
0.39587013718246106,0.604094033224411,8.838023897168963e-06,2.186352222132752e-07,1.1966256518418246e-05,7.0113969723142254e-06,7.795280517897503e-06,1
0.3350809311646697,0.6648798403855692,1.0664002018981702e-05,2.2435152283607044e-07,1.2974911826775548e-05,7.739082696674683e-06,7.6261016958217546e-06,1
0.30235461696360144,0.6976080473264628,1.1102816638138683e-05,2.0744544543325808e-07,1.1979959933415708e-05,6.994053441378523e-06,7.0514344775141435e-06,1
0.25231091258457733,0.7476504095831833,1.1251953723907826e-05,2.1023192837684962e-07,1.2981494547801033e-05,7.088000120131898e-06,7.146151919289784e-06,1
0.2512818458936938,0.7486805950447605,1.088577653557749e-05,2.033902599591481e-07,1.255903216566919e-05,6.997270972686717e-06,6.913591611862732e-06,1
0.31290467100155217,0.6870619667736138,8.807976076679494e-06,1.798982668899352e-07,1.1108438136971935e-05,6.205652392504379e-06,7.060259961106627e-06,1
0.3775774670140478,0.6223860929233126,9.779962095882396e-06,2.3252980379978826e-07,1.2933343729202205e-05,6.659620914423347e-06,6.834606096281703e-06,0
0.41111864156220723,0.5888377254423242,1.4106990946623768e-05,2.2585602568546741e-07,1.5529395711191523e-05,6.796090889920937e-06,6.974661895024717e-06,0
0.30436777395394066,0.6955960234315967,1.1775040679151477e-05,1.6276422873937537e-07,1.2031114293671685e-05,5.722792239406946e-06,6.510903021641987e-06,1
0.2652526426944123,0.7347068438363921,1.3442119178970899e-05,1.712174203161146e-07,1.328548836743185e-05,7.682522295068711e-06,5.932121933778613e-06,1
0.25425735145931727,0.7457015544318082,1.2793957655207097e-05,1.6296153874197902e-07,1.5179025909157239e-05,7.31208105058762e-06,5.646082720723148e-06,1
0.2354000865171978,0.764563054511399,1.1475419038429482e-05,1.461668073796043e-07,1.3614683399539345e-05,6.5585017834025645e-06,5.0642003742731135e-06,1
0.297022459686788,0.7029400758493408,1.105567353630945e-05,1.589530216042291e-07,1.3735851833154796e-05,7.1322189651522035e-06,5.381766514890219e-06,1
0.3153958889496009,0.6845635580318419,1.1477010413694923e-05,1.675951642331603e-07,1.5714052591715805e-05,7.519991735594293e-06,5.674368651973782e-06,1
0.4390367349894309,0.5608217303541977,1.63032446690291e-05,2.6905396984691806e-07,0.00010558399742660139,1.1317844793670548e-05,8.060515512385459e-06,1
0.5622870877351203,0.4370946942246738,2.1433228452990452e-05,3.366637354903407e-07,0.0005709721871326347,1.4879121180034133e-05,1.0596839704799657e-05,1
0.5622865937201322,0.4370943102013966,2.251807642963979e-05,3.366634397038379e-07,0.0005709716854870797,1.4879108107514717e-05,1.0390545007195819e-05,1
0.46097279829138965,0.5369585194692561,2.1875087200164166e-05,2.267424908419544e-07,0.0020243119811957345,1.0021064469526198e-05,1.2247363998170082e-05,1
0.46081291534538155,0.5355427604092425,1.7242837689511726e-05,2.508482735779095e-07,0.0035973623515295513,1.1088050634011318e-05,1.838015724931887e-05,1
0.4677686903026633,0.5289193983662833,1.8510955749378668e-05,2.750044914868217e-07,0.0032694689269190252,1.2155809098041734e-05,1.1500634795450402e-05,1
0.39208964367537796,0.60513100578466,1.7003771816911092e-05,2.5991737271765175e-07,0.0027407284615471117,1.0935100509742054e-05,1.0423288715618153e-05,1
0.4170210508902219,0.5746218215308312,1.6648386833846474e-05,3.3470592632232685e-07,0.008318456511966357,1.677990554087981e-05,4.908068679484524e-06,0
0.2920935561845917,0.7001948342689253,1.5338288415058486e-05,2.450433876946902e-07,0.007678610504014533,1.0879182708416612e-05,6.536527957306164e-06,1
0.09637032972083287,0.8958502725207317,2.279706003584391e-05,1.490323041605394e-07,0.007710478685493391,4.295951479907793e-05,3.0134658028351815e-06,1
0.09024903593885887,0.9023621582702512,2.3967340034571063e-05,1.4914326185755844e-07,0.007329327367473928,3.188009354202449e-05,3.48184657739107e-06,1
0.0712494988194382,0.9029600425247635,2.0867078186632565e-05,1.4609691568942169e-07,0.025724830257207724,4.11207989362569e-05,3.4944245520937408e-06,1
0.06695935031301893,0.9226340150097719,2.1358184346059503e-05,1.339654057918079e-07,0.010340409528158886,4.1957717148394805e-05,2.7752821502061875e-06,1
0.056581316183552034,0.9325973792054497,2.206090762337744e-05,1.386266386403854e-07,0.01075441236258697,4.1820867992410263e-05,2.871846156758116e-06,1
0.05080606810933948,0.9163315578059325,2.1753074338548907e-05,1.76420071202663e-07,0.03279664967331615,4.091538726000606e-05,2.8795297421765244e-06,1
0.03175619107346261,0.917840807924959,2.07561407709982e-05,1.3605922891973195e-07,0.05033967205164547,3.918241216773351e-05,3.2543377649859545e-06,1
0.03522664406736631,0.9223717143122359,2.0858603126106538e-05,1.3673088311514093e-07,0.04233800004812205,3.9375835515253936e-05,3.2704027510253817e-06,1
0.8821254472595852,0.11774984838804989,8.312216671848233e-06,1.4503604524913296e-07,7.71841631003606e-06,4.915964723950556e-06,0.00010361271861414246,0
0.8412072982791157,0.15869914949955424,8.99083342453621e-06,1.3775936577957967e-07,7.485707241872795e-06,4.669323280312372e-06,7.226859801717459e-05,0
0.8212153623570821,0.1787057992207054,9.796511106931147e-06,1.5010412196720902e-07,8.156509043768061e-06,5.087746065075383e-06,5.5647551874780586e-05,0
0.7701617187734793,0.22979688275122367,9.619895437982211e-06,1.707547132961481e-07,1.1511301065880944e-05,5.921625421640817e-06,1.4174898658253454e-05,0
0.688010640565719,0.3119525668884596,9.359978135824217e-06,1.9008033642041868e-07,1.2811429912289738e-05,6.690693824035719e-06,7.740363612791615e-06,0
0.8832348760789702,0.11674138533048785,6.276727140316397e-06,1.3205110894108253e-07,6.364705321313461e-06,4.452122392941963e-06,6.512984578382391e-06,0
0.4645037323517305,0.5354402696199544,1.3750149599346214e-05,3.1179044700265354e-07,2.240609805674075e-05,9.381889236774315e-06,1.0148100975179976e-05,1
0.35427589316803365,0.6456834049496539,1.0703284507123253e-05,2.2562977689576468e-07,1.4266421367350353e-05,7.607140828179842e-06,7.899405832612233e-06,1
0.35705250997896937,0.642906667827719,1.0507492509524936e-05,2.215023985469331e-07,1.4689562805000728e-05,7.467985665316534e-06,7.935649933062534e-06,1
0.04194593211170965,0.9579165136436082,6.838763456561919e-06,9.965600734600067e-08,5.646616259745371e-06,3.5078211951560968e-06,0.00012146138776344765,1
0.037034752402473475,0.9628617825996003,7.3838376861258005e-06,9.288099881008173e-08,5.735724386785345e-06,3.2693456714764534e-06,8.698320918306067e-05,1
0.04437480402153642,0.955418048565582,9.246683193916197e-06,1.0828981956802124e-07,6.687272605744888e-06,3.811725298019157e-06,0.00018729344196434972,1
0.03161658720759429,0.9682051363031866,6.674210702454423e-06,8.660656510662072e-08,5.577719460072014e-06,3.0484900289642407e-06,0.00016288946246260767,1
0.04980252179491657,0.9499728842955251,9.58526712760846e-06,8.5590104156166e-08,6.95607698271545e-06,3.968307895727306e-06,0.00020399866744817935,1
0.04877812676813879,0.9509453981309536,8.21721518150472e-06,7.337430390780316e-08,5.396285757850764e-06,3.4019333474529173e-06,0.00025938629231674325,1
0.06467044220060977,0.9350125773444437,5.074153702484015e-06,5.0518414243837594e-08,5.073716025473839e-06,1.8397017354700853e-06,0.000304942365069071,1
0.30602563093234325,0.6932465541142664,1.1038586927853202e-05,2.133257712322216e-07,1.4989252682226234e-05,7.339084118723517e-06,0.0006942347038903331,1
0.32135966197672927,0.6779614126776186,1.079520113465796e-05,2.0862222879697275e-07,1.4865925827726518e-05,7.071204372928052e-06,0.0006459843920881553,1
0.321352095612839,0.6779454501802711,1.2293015340301563e-05,2.086173168186337e-07,1.4886947886970395e-05,7.071037882507012e-06,0.0006679945884632702,1
0.37776890980083655,0.6214782291457144,1.3303260039617599e-05,2.2576156765273282e-07,1.60872345139354e-05,7.652138478391433e-06,0.0007155926588495298,1
0.45197254781733576,0.5472120986602612,1.4407519001084527e-05,2.4450127758044455e-07,1.7422581851680434e-05,8.287316807912575e-06,0.0007749916034647059,1
0.42910309434351673,0.5703075472404232,1.2676686176332244e-05,2.354984105453357e-07,1.5419372014788423e-05,7.982166617951248e-06,0.0005530446928404408,1
0.49915822867348664,0.5005578217313199,1.477008527673298e-05,3.3424725014605405e-07,2.4963128582381082e-05,1.0057622703687227e-05,0.0002338245113803892,1
0.6532380703253207,0.3464508472940646,1.2673695110941526e-05,3.013316216027394e-07,2.331851528988643e-05,8.630095310838312e-06,0.0002661587432816101,0
0.8556128636668412,0.14434393288152525,7.668211250741387e-06,1.735317349952548e-07,1.540038944933459e-05,5.439110902870045e-06,1.4522208295656172e-05,0
0.7072803147967459,0.2926782179623093,9.984438335767922e-06,2.2594798848185453e-07,1.7480494737265284e-05,6.798858084291074e-06,6.977501798940384e-06,1
0.6704998695192735,0.3294598367711543,1.0683956505661706e-05,2.4177809510165286e-07,1.2280306394795048e-05,7.2751918152985925e-06,9.812476761411868e-06,1
0.5938175840985352,0.40614824482642126,8.744896735303414e-06,2.163314405121318e-07,1.1508601161665892e-05,6.660127790066489e-06,7.041117915984674e-06,1
0.39914195618464043,0.6008217944271524,8.945413602403774e-06,2.0572607725750748e-07,1.2111656980696777e-05,7.096591565913623e-06,7.889999980843041e-06,1
0.3910314796483715,0.6089309075345554,9.391473404624972e-06,2.1598453342420364e-07,1.227146664088656e-05,7.450460528382327e-06,8.28343196592581e-06,1
0.36195373451424684,0.6380022041933706,1.3251370940027701e-05,2.4758911516314297e-07,1.3798840997835141e-05,8.34750311985891e-06,8.415988209682363e-06,1
0.27292819304096233,0.7270344694094946,1.0821575512895456e-05,2.021907256264098e-07,1.2484962786576451e-05,6.956003181550127e-06,6.872817336326496e-06,1
0.401827141953184,0.5981339732533368,1.0439302079119802e-05,2.3624156177936327e-07,1.3805276621580802e-05,7.10859549111747e-06,7.295377725535145e-06,0
0.27859858099063595,0.7213595788739933,1.599100253132105e-05,1.7205086637240288e-07,1.274538386668123e-05,6.049310530238361e-06,6.882387576289378e-06,1
0.4127240592614913,0.5852855310411982,2.0686098818777012e-05,2.1057253910432242e-07,0.001953816508319736,8.99292560135984e-06,6.703592031305776e-06,1
0.4642637456346916,0.5337558683329642,2.0516855881228698e-05,2.1717133252797355e-07,0.001938862578320396,9.059043371258754e-06,1.1730383438769146e-05,0
0.4560940987693895,0.5418591128624123,2.1643572503716298e-05,2.2434276468503583e-07,0.0020028877020806875,9.915006666075273e-06,1.2117744183063628e-05,0
0.4426361353697202,0.5552617136601434,1.5105040008819937e-05,2.2440515242726213e-07,0.0020604611444254256,9.917763941893475e-06,1.6442616607801418e-05,0
0.544644600224323,0.4529105098368763,1.5850820431080226e-05,2.35484697349809e-07,0.0024085467625916527,1.0408946453994859e-05,9.847924626595049e-06,0
0.5290544945743687,0.4607744130122546,1.5833680536879165e-05,2.387807762542459e-07,0.010138807713381713,1.0554640459637447e-05,5.657598222161296e-06,0
0.2974405275214129,0.6976331735115031,1.71114265731605e-05,2.6177374766336204e-07,0.004887820962241565,1.4114153993697328e-05,6.990650527873278e-06,0
0.21561126059993785,0.7797413259330653,1.379676606330936e-05,2.007292802318474e-07,0.004617232713175743,1.0822796393929016e-05,5.360462083527651e-06,1
0.11662467603796092,0.8768900739081327,2.1785980316830732e-05,1.8007490330903867e-07,0.006431884771865785,2.7737396312622336e-05,3.6618305079795284e-06,0
0.11283777517802639,0.8809664345323278,2.062418559635098e-05,1.590248829958609e-07,0.006135471689410468,3.334881002313362e-05,6.1865797330138365e-06,0
0.05924968466925754,0.929863102529597,2.267613510901631e-05,1.4223201712507443e-07,0.010817100212956145,4.434768441106398e-05,2.9465366523689426e-06,1
0.05592908031288224,0.9331593215516395,2.20229338637388e-05,1.3986545366510215e-07,0.010850517467258318,3.6020358947038106e-05,2.897509955596203e-06,1
0.9427241889716262,0.05634777344842542,6.929684569939968e-06,1.3623433109787962e-07,5.407996443446813e-06,4.795352401324483e-06,0.0009107683122024349,0
0.9117820594194989,0.08761509417709923,7.884012436948794e-06,1.5499596697002147e-07,6.208974527117587e-06,5.455748755952684e-06,0.0005831426717149285,0
0.8791983912851955,0.12000711747021472,8.019187350985161e-06,1.3992311141717967e-07,7.603283032798467e-06,4.742662960857109e-06,0.00077398618813366,0
0.8061120522365384,0.1937825856881083,8.300965695212972e-06,1.4734349520794372e-07,6.899987582359618e-06,4.994175230727062e-06,8.5019603350028e-05,0
0.6528786512205785,0.34708443875405476,9.413646419366575e-06,1.9226876426725266e-07,1.2706905481644586e-05,6.767724941272247e-06,7.829479760173569e-06,0
0.6958409142573361,0.30412688360132,9.701729533786082e-06,1.80231793464529e-07,9.794188225792904e-06,6.108916837080289e-06,6.417074953853052e-06,0
0.6165292499418319,0.3834327418646145,1.0313997869079826e-05,1.9270712575756163e-07,1.0325778683723415e-05,6.497148844448695e-06,1.0678561030482754e-05,0
0.1599147424712077,0.8400663015679101,5.8015951882618445e-06,1.0861472324845116e-07,5.036371982065141e-06,3.7467021158148904e-06,4.262676872851073e-06,1
0.1627505179562284,0.8372038338000968,8.346649687324251e-06,1.2162926643651636e-07,5.635062954465142e-06,4.281264422685318e-06,2.7263637344026794e-05,1
0.037034752582595094,0.9628617872825592,7.383837722037715e-06,9.288099926181626e-08,5.730860830882278e-06,3.26934568737719e-06,8.69832096061108e-05,1
0.0450871750699508,0.9547512540766304,6.607312568898565e-06,9.353740754546428e-08,6.605121934944858e-06,3.2924507961546488e-06,0.00014497243071105172,1
0.042219052723599534,0.9575141144748462,9.152449876413054e-06,1.0718623369450226e-07,6.619122343702622e-06,3.7728798533650864e-06,0.0002471811632472341,1
0.050239890644153636,0.9495242882467927,9.669445540711609e-06,8.634176178336422e-08,7.023120910494641e-06,4.003157822904074e-06,0.00021503904301795878,1
0.035613031129736156,0.9641088412672273,5.999409150123756e-06,1.733203914597417e-08,3.939841593195814e-06,2.4837599602792454e-06,0.00026568726029403233,1
0.06308570113396562,0.9367410059702656,4.949812203073096e-06,4.9280466845463446e-08,3.8800202872789395e-06,1.8361491036561986e-06,0.00016257763370822813,1
0.05478706344622585,0.9447133632928643,5.0069749494860895e-06,4.984958072571382e-08,3.937289329654442e-06,2.0259250906707977e-06,0.0004885532219596476,1
0.377771682865246,0.621482791191753,1.3303357694019504e-05,2.257632248864332e-07,1.7406007971155155e-05,7.652194649961724e-06,0.0007069386194608512,1
0.4247621765116268,0.5747572624866951,1.0950608375361272e-05,2.303812077886614e-07,1.598037894682197e-05,7.767336013562345e-06,0.0004456322971345141,1
0.5639775188698455,0.43573884066047086,1.4460842627228914e-05,3.4382310134973645e-07,2.63006216322676e-05,9.847045321476712e-06,0.00023268813700144122,1
0.5876799295016538,0.41191825478259286,1.506859172814944e-05,3.410024555945955e-07,2.772492028047574e-05,1.026088932041372e-05,0.00034842031196858665,0
0.8213614030080055,0.1785853080453462,8.295848111763095e-06,1.877351665229846e-07,1.6469226427747297e-05,5.649020215654758e-06,2.268711672643684e-05,0
0.6993896291419053,0.300562027579421,9.78988697522084e-06,1.8291461802042338e-07,1.2098554539130678e-05,6.166993018199461e-06,2.010492952336991e-05,1
0.671459905210352,0.3284960439834959,8.733590607090816e-06,2.1605174927312927e-07,1.7011915487274985e-05,6.651517024155122e-06,1.14377312844386e-05,1
0.649697227429401,0.3502228804143306,1.11687058257965e-05,2.0867652150416787e-07,2.6662316082055996e-05,7.0355593506182385e-06,3.4816898488679216e-05,1
0.510250092274281,0.4897092239761579,1.2062211542473323e-05,2.253708160633059e-07,1.2773526971535146e-05,7.598409925953198e-06,8.024230305259048e-06,1
0.41766790133938936,0.5822886016250105,1.2879165905953817e-05,2.4063482224789025e-07,1.36964981165703e-05,8.113038120183003e-06,8.567698635123012e-06,1
0.5115748264173545,0.4883886312402517,1.083922299653474e-05,2.0252045187729213e-07,1.1461939395663446e-05,6.828006565502652e-06,7.210652984155887e-06,1
0.4652037517330124,0.534752778306773,1.1004297760215752e-05,2.3151073638691132e-07,1.3357436318528023e-05,7.80541823495422e-06,1.1071297164513889e-05,1
0.4483023130063572,0.5516545621680138,1.1761852248746635e-05,2.402296301152864e-07,1.340792485318315e-05,8.286803450905142e-06,9.428015446152707e-06,1
0.26055583486291173,0.7394047102160173,1.1619640888060663e-05,2.1710180923985226e-07,1.2918888001536189e-05,7.319619155157676e-06,7.3796712172074485e-06,1
0.24745163083807228,0.7525092159575669,1.1353258460643727e-05,2.1212470990442073e-07,1.3079566513564309e-05,7.297763794106567e-06,7.210490882693108e-06,1
0.28183433436043803,0.7181250084426823,1.182778018687727e-05,2.209906917606048e-07,1.3645831450790117e-05,7.450733396401101e-06,7.5118611538366365e-06,1
0.31272586786463674,0.6872394952076268,9.878650080159362e-06,1.8457307122578027e-07,1.2076834207086781e-05,6.222908009844933e-06,6.273962368004253e-06,1
0.3563290644204386,0.6436323941694447,1.0104278750920534e-05,2.1257594671251152e-07,1.3996275581385202e-05,7.167029040111076e-06,7.061250797551311e-06,1
0.33712441640121565,0.6628334258535227,1.3702007201547008e-05,1.8940033373216986e-07,1.4030617856169325e-05,6.659318011202138e-06,7.5764018589820625e-06,1
0.30310456826591253,0.6968524559228713,1.6425049772191044e-05,1.767208802562706e-07,1.3091334578046975e-05,6.213508274543192e-06,7.069197711065808e-06,1
0.23987764593868996,0.7600884979290207,1.1903274311189915e-05,1.5161656385738446e-07,1.1231627876414535e-05,5.316596979645496e-06,5.253016558256636e-06,1
0.30406871888240206,0.6958911068210447,1.1932606439202976e-05,1.7156113039120627e-07,1.4563537709166433e-05,7.697944559404058e-06,5.808646715096752e-06,1
0.33757010075163657,0.6623876531289571,1.2330598184491126e-05,1.8005983730371047e-07,1.5559787548196702e-05,8.079281372060283e-06,6.09639246424937e-06,1
0.3896967260850999,0.6102522299980976,1.4456037979693397e-05,2.270690930817181e-07,1.9317209093073142e-05,1.0035498914911401e-05,7.008101721660846e-06,1
0.3910012213055435,0.6089512822744916,1.3821298619785894e-05,2.1709888609969937e-07,1.7162776535892723e-05,9.594857698656213e-06,6.700388224558646e-06,1
0.42521406945957246,0.5747270532780958,1.537588494349488e-05,2.415176450388848e-07,2.51317638720779e-05,1.0674064144200466e-05,7.454031726807278e-06,1
0.46076210080882585,0.5391449800354848,1.3207585885284212e-05,1.8074360833024102e-07,6.54204480801835e-05,8.109962164624172e-06,6.000415950930993e-06,1
0.409879351863175,0.5899126970002369,1.925756302155631e-05,1.8658118774117978e-07,0.0001739408833331944,8.371894238422331e-06,6.194214807420696e-06,0
0.3830154308657215,0.6160722884370338,2.0111536810006705e-05,2.0472382968262022e-07,0.0008767038940097494,8.7431446521579e-06,6.517397943323004e-06,0
0.412723614959992,0.5852849009755814,2.0798766051357988e-05,2.0042165917263262e-07,0.0019498472045387134,8.992915920387194e-06,1.1644756256873448e-05,0
0.32960408000269337,0.6657777955635668,1.6547183158667384e-05,2.5314184823786875e-07,0.004580915227892344,1.3648744613127224e-05,6.7601362275891505e-06,1
0.1385177369004051,0.8545431159030004,2.104717581177976e-05,2.0249927524147195e-07,0.006879352497952058,3.379070077328705e-05,4.754322782158572e-06,0
0.11448057268099891,0.8780225774990806,2.3100129490560048e-05,1.5824950061053393e-07,0.0074343710733368535,3.275053302243154e-05,6.46983456997025e-06,0
0.06639765524520869,0.9237572832241984,2.2558009792616716e-05,1.4129806997345008e-07,0.00977688807241924,4.2546961690385585e-05,2.9271886211080435e-06,0
0.06668647679141614,0.9218924173269116,2.1426601966036806e-05,1.4101281977100922e-07,0.011362039242848707,3.457774477667161e-05,2.921279261221454e-06,1
0.06978897027498923,0.9182335161082588,2.1607549035378096e-05,1.4496456672224383e-07,0.011914780825656696,3.797713222546095e-05,3.0031452676808846e-06,1
0.06182485151509057,0.9232879906049485,2.090359993353481e-05,1.4607432989916988e-07,0.014828166560395302,3.49155097268516e-05,3.0261355756464006e-06,1
0.056970156491202205,0.919808851782531,2.3667124676059897e-05,1.9194325158506844e-07,0.02315290904318967,4.1090715939201744e-05,3.1328992102851676e-06,1
0.04323427803898772,0.9385752079236163,2.2597014957182398e-05,1.431134303808583e-07,0.01813225553199269,3.262459213599054e-05,2.893784879784074e-06,1
0.0448662799902285,0.9346423952154206,2.3424844290312482e-05,1.6124288319171798e-07,0.020429229828163854,3.524851263083823e-05,3.2603663828841605e-06,1
0.052275928648864205,0.9048785588109362,4.098731395511444e-05,2.633107602128531e-07,0.04271608496116453,7.403683637667643e-05,1.4140117942881293e-05,1
0.09557272770061952,0.8595648130211908,6.00716173340989e-05,4.3561415656480523e-07,0.04468815223766273,9.265257603162098e-05,2.114723300466261e-05,1
0.9444312832329425,0.05360737350454578,6.882721004993948e-06,1.563998635060187e-07,5.371345598861276e-06,4.7628535420090726e-06,0.0019441699425023448,0
0.8801437656158182,0.11907466061341018,7.793904853568917e-06,1.359922607453293e-07,7.80419771133718e-06,4.609427645424035e-06,0.0007612302483005744,0
0.806817143937486,0.1931264638336304,8.841993736797567e-06,1.578487136192422e-07,7.199175872774431e-06,5.350247288804968e-06,3.484296327145722e-05,0
0.675213585078717,0.3247328049085764,1.0359063975747304e-05,1.924432826601511e-07,1.045778714693829e-05,6.488253335947296e-06,2.6112464965267982e-05,0
0.8302616201835478,0.16971445843904787,7.4890595730870985e-06,1.399258719340343e-07,6.744259467637858e-06,4.7176211755055675e-06,4.830511316171605e-06,0
0.153887694900371,0.8460935379645895,5.842229967418728e-06,1.0937546837960344e-07,4.75005236361424e-06,3.7729442799270637e-06,4.292532960310589e-06,1
0.050363134916530175,0.9495920420175438,6.746453827183826e-06,1.072533902088689e-07,6.463143655986859e-06,3.775243715321448e-06,2.773097133735737e-05,1
0.04071913486154376,0.9591651828776674,6.912395952171965e-06,9.485995585922982e-08,6.6985133716599494e-06,3.3390035643238257e-06,9.863748794480058e-05,1
0.03831613028294618,0.9614594067635047,7.20579532166347e-06,9.350456698065163e-08,6.602802906219407e-06,3.291294831427787e-06,0.00020726955592303278,1
0.05757359448664108,0.941897468744113,9.654225338360789e-06,2.7890648445784624e-08,6.360105914491341e-06,3.99685664753158e-06,0.0005088976906972629,1
0.06184035351614085,0.9378565811585546,4.852100095178996e-06,4.83076424036622e-08,4.76744723405037e-06,1.799902476114507e-06,0.0002915975678567669,1
0.027444134880972422,0.9723629787246735,3.497696743259212e-06,3.482316526769564e-08,3.4366736747179507e-06,1.268136352584662e-06,0.0001846490644180722,1
0.060447711853195335,0.9390892805559361,5.52430008043353e-06,6.860398177495548e-08,4.344093585435772e-06,2.235245483401851e-06,0.00045083534773724364,1
0.25718257551416535,0.7422972333733187,9.462374959461284e-06,1.8286474972826197e-07,1.4118868910236712e-05,6.198160308177302e-06,0.0004902288435883991,1
0.3628514528177511,0.6364797601608055,1.3379658376795038e-05,2.2705807755450698e-07,1.7505839180925046e-05,7.696083395190746e-06,0.0006299783824129358,1
0.42723949397315325,0.5722024803821739,1.1879894045397186e-05,2.4993171564220396e-07,1.7748516757067228e-05,8.426484236596047e-06,0.000519720817918173,1
0.4097287753754945,0.5900505216302726,1.1629235151805219e-05,2.6316976496512854e-07,1.737403331839139e-05,8.248690292681737e-06,0.00018318786570503695,1
0.5844167544334838,0.4152023106977128,1.435624366335494e-05,3.248820082618032e-07,2.160616205059593e-05,9.775819130555644e-06,0.0003348717619506786,0
0.7317415969067756,0.26816810524100093,1.2721653938540961e-05,2.6764083774786233e-07,2.177218277755099e-05,9.023549870638717e-06,4.651282479914374e-05,0
0.816061972790488,0.18388444434299686,8.218863426961315e-06,1.729101816127122e-07,1.4065985257892787e-05,5.829691985919544e-06,2.5295415662765466e-05,1
0.7327685815496385,0.2671682731804747,8.892570426010513e-06,1.870837715007268e-07,1.2407759156601387e-05,6.307556635711772e-06,3.535029989692322e-05,1
0.6992545864661072,0.3006951402176036,9.881056039761165e-06,1.8461802426585627e-07,1.3691060413571474e-05,6.224423608145909e-06,2.0292158203530796e-05,1
0.6725784010289637,0.32737747478650053,8.748138734983034e-06,2.164116411688189e-07,1.7040253376390093e-05,6.662596902374524e-06,1.1456783880903078e-05,1
0.6245724801308747,0.3753517877530692,1.1318640034970131e-05,2.1147789793155713e-07,2.549979257558402e-05,7.130008165349542e-06,3.1572197382192597e-05,1
0.472727071234261,0.5272285817487051,1.3188286314532789e-05,2.450025520619052e-07,1.3886211007811281e-05,8.304307395760199e-06,8.723209763631138e-06,1
0.4950406444004185,0.504922498760517,1.0927581512984645e-05,2.0417134573604592e-07,1.1571987168211853e-05,6.883666692675136e-06,7.269432345049079e-06,1
0.6915471152115968,0.30841718559716275,9.31091169463899e-06,2.615852199079024e-07,1.1699018172108201e-05,6.930820658418235e-06,7.496855495458196e-06,1
0.3843299732351041,0.6156368140506798,8.257129588630597e-06,2.0426504651479186e-07,1.1179753745067982e-05,6.288643525933054e-06,7.282922309887094e-06,1
0.391841392650592,0.6081195222401186,1.1554253573100827e-05,2.1588011017738792e-07,1.2698402689388451e-05,7.278429393125003e-06,7.338143523638589e-06,1
0.3025400694222925,0.6974240342791594,1.0442764414028262e-05,1.9511300474704012e-07,1.2047924532131592e-05,6.5782634053914956e-06,6.63223319177334e-06,1
0.379172530378156,0.6207901053401109,9.891917910079237e-06,2.2385424986834085e-07,1.3599807815340715e-05,6.735856719266648e-06,6.9128450385927446e-06,1
0.4769534229948215,0.523003299343454,1.3122032105372886e-05,2.2798943944243956e-07,1.4779802896401401e-05,7.019038924150828e-06,8.128798359115031e-06,0
0.44663364757983454,0.5533232003131096,1.2818132696109018e-05,2.1871934931933575e-07,1.5318233726049692e-05,6.856481649064135e-06,7.940539635197669e-06,0
0.39994569335903446,0.6000031914291158,1.4197341742316647e-05,2.0412237764415802e-07,2.07782247144157e-05,9.15896708569955e-06,6.776555929546727e-06,1
0.3803810542972694,0.6195210687079699,1.5712876757877242e-05,1.904986202993103e-07,6.695428098801634e-05,8.54766936055477e-06,6.471669033953877e-06,1
0.36090635079492367,0.6371430142641077,1.3760216028973382e-05,1.871160468987606e-07,0.0019160990896459863,8.395893358343949e-06,1.2192625888570854e-05,0
0.5053690660422034,0.4905738358894975,1.4025396782964505e-05,2.2425400605631434e-07,0.004024374732994705,9.91252496405964e-06,8.56115955134837e-06,0
0.485755066067377,0.509973810411944,1.6809414430355598e-05,2.6427670217933983e-07,0.004232279139663565,1.1681616992448367e-05,1.0089072890378354e-05,0
0.5404643993046068,0.4504923975044604,1.45553035257215e-05,2.1950213447801268e-07,0.009011676709760172,1.1550859495092188e-05,5.200816017371214e-06,0
0.27404985916498337,0.7198967956509633,1.6377221235332882e-05,2.5054173950695025e-07,0.006016518167012572,1.350855356892926e-05,6.690700496792729e-06,1
0.21307304040627298,0.7809381603067925,1.6251737374497867e-05,2.3644668110850636e-07,0.005953248224996337,1.2748584983226663e-05,6.3142928993425855e-06,1
0.18493851028973735,0.8041235533023903,2.1940262677888508e-05,2.1518333732888072e-07,0.010877941790194185,3.327627867199729e-05,4.562892990941642e-06,0
0.1607986704442097,0.8322628531374411,2.12826442653763e-05,2.0024176194695754e-07,0.006878368376054445,3.405782680785609e-05,4.567329459785633e-06,0
0.07024937966587225,0.9187684543642507,2.231929214253347e-05,1.4072458901900647e-07,0.010910908820265729,4.588182472457591e-05,2.9153081550508236e-06,0
0.07804120179379766,0.9109751204085265,2.1998619666678587e-05,1.387027281962616e-07,0.01091300029136615,4.5222617513289345e-05,3.3175664014821877e-06,0
0.0766280711843483,0.9045808256847113,2.0689002149058137e-05,1.51896922783818e-07,0.018732687642073864,3.455706471952846e-05,3.0175250750896863e-06,1
0.054223252133730616,0.9319512557048886,2.167723464187887e-05,1.4191194483030822e-07,0.013768452826541462,3.2350697673816946e-05,2.8694905790311103e-06,1
0.04714199923636104,0.9171669836614034,2.3594421420543113e-05,1.480423042791354e-07,0.03563498746255962,2.9035227327808313e-05,3.2519486232863056e-06,1
0.05230411417407615,0.9000077282432851,2.3152993947890777e-05,1.452725843076735e-07,0.04763317620016701,2.8492007946042036e-05,3.1911079933600016e-06,1
0.06542140429248025,0.8891269730163011,2.8190372190955454e-05,2.2621552932650008e-07,0.045357060136166104,5.820887322264827e-05,7.937094109538603e-06,1
0.9631522325132371,0.03437211954394543,5.799747877076722e-06,1.140203085140915e-07,4.519684434948959e-06,3.922660776492859e-06,0.0024612918294203943,0
0.9447468270791153,0.052562621987785295,6.525692474757743e-06,1.652736883763765e-07,5.771789593653764e-06,5.217954494538554e-06,0.002672870222848125,0
0.9079609722090027,0.09133071686089295,8.525322289984199e-06,1.6760381628451267e-07,6.714031637736172e-06,5.766103641515056e-06,0.0006871378687185293,0
0.8986352854187132,0.10012484180187091,8.37159341916728e-06,1.6178489459372955e-07,7.453720598896469e-06,5.483663273668779e-06,0.00121840201722966,0
0.8970244992771927,0.10114951542722118,7.84605193678332e-06,1.5162856364513713e-07,8.328285882401205e-06,5.139416679090965e-06,0.0018045199125240803,0
0.9057886612108818,0.09299857594380405,8.012921082704478e-06,1.3981377418431147e-07,7.814270198572462e-06,4.7389569994950825e-06,0.0011920568832591032,0
0.8823289593307118,0.1171661506471402,8.169955862917586e-06,1.2518171397227765e-07,6.063269354161686e-06,4.243006549953238e-06,0.00048628860866714,0
0.6422416487492898,0.3577071083290919,1.1240716192990241e-05,2.1002196592473086e-07,1.1857033536185493e-05,7.2254227222428955e-06,2.0709727200775682e-05,0
0.6795474240434572,0.32039629503173006,1.0052526815871203e-05,1.878217907233465e-07,1.3002011899293156e-05,6.3324390614164495e-06,2.6706125245437253e-05,0
0.6059550060399878,0.39400078803580685,1.188162461108083e-05,2.2199672301619045e-07,1.2316053179093912e-05,7.484651886877321e-06,1.230159780535539e-05,0
0.8204028888939923,0.17957340630688132,7.421255466361336e-06,1.3865901744293034e-07,6.6831985982099685e-06,4.674908991611985e-06,4.786777052660241e-06,0
0.831459207798851,0.16851826820695076,7.007206090277388e-06,1.309229032610522e-07,6.310327158549004e-06,4.4140847739307625e-06,4.661453272213987e-06,0
0.3948801954427552,0.6050748336672327,1.1909902908089748e-05,2.7006207638992297e-07,1.5874724550016397e-05,8.126267216012484e-06,8.789933261644743e-06,1
0.37763295425247434,0.6223257057849311,1.0143200525844308e-05,2.3327270797825402e-07,1.4749678838082083e-05,8.046822036684207e-06,8.166988485938887e-06,1
0.17182467738371274,0.8281462794503466,6.719244639001233e-06,1.0682082552345513e-07,4.953190476182244e-06,3.7600177433787606e-06,1.3503892256801942e-05,1
0.040719158855352384,0.9591657480671273,6.912400025311196e-06,9.486001175559488e-08,6.109265884179417e-06,3.3390055318364658e-06,9.863754606708185e-05,1
0.04362261630427392,0.9562738702846612,8.319082214890538e-06,9.742649262762182e-08,6.011322820892741e-06,3.429343849009876e-06,8.565623568763204e-05,1
0.04868028350867379,0.9509841772706834,9.65234618518509e-06,1.130406227704966e-07,6.980651209919611e-06,3.978950221146958e-06,0.00031481423240402236,1
0.04251026010576934,0.9570838002617712,7.161323688613044e-06,2.0688761076659272e-08,4.717807545526823e-06,2.964793464704677e-06,0.00039107501899963694,1
0.03421976243800682,0.9655695967606712,5.764697622557017e-06,5.739348856228683e-08,3.7857053748499042e-06,2.386589208993814e-06,0.00019864641562692876,1
0.03606862635569944,0.9637543305498902,3.466730487505321e-06,3.45148643711363e-08,3.406247676192185e-06,1.2569091257815884e-06,0.00016887869225634726,1
0.38186042793367664,0.6177332105199942,1.1320690360351556e-05,2.1030768996365992e-07,1.4608953541449252e-05,7.090554433078359e-06,0.0003731310403042811,1
0.38200164110716106,0.6175161372098703,1.2478908755723162e-05,2.3315640253480342e-07,1.6172880167387064e-05,7.860902109092722e-06,0.0004454758355339911,1
0.40066520721843524,0.598786158763683,1.1679954253641025e-05,2.457253401486344e-07,1.7449807464641874e-05,8.28466567347895e-06,0.0005109738651500074,1
0.6771764765440754,0.3223746878466097,1.2706110503729368e-05,2.673138316891728e-07,1.6603560932610694e-05,9.012524813687708e-06,0.0004102460992330613,1
0.8032236662029413,0.19671743717891868,7.879826398785695e-06,1.6577744913257718e-07,1.0800500150445438e-05,5.589210870294518e-06,3.446130327136387e-05,1
0.6823560058582775,0.3175827794670181,9.304988861272806e-06,1.7385476334425362e-07,1.1326742011536198e-05,5.8615386967323696e-06,3.454755037148174e-05,1
0.664044379355434,0.3358977494769072,9.117823399895783e-06,1.7035775679442853e-07,1.1098909939290418e-05,5.743636610990042e-06,3.1740439951694736e-05,1
0.6384506837820688,0.36149086462692587,9.077403224145742e-06,1.6960254470399778e-07,1.1886679139543537e-05,5.718174525240142e-06,3.15997315715296e-05,1
0.4651883847390144,0.534766755251817,1.3300419116280465e-05,2.4850553314085617e-07,1.4084752345480256e-05,8.378400285604728e-06,8.847931887921498e-06,1
0.4377698326427337,0.5621880356684389,1.2007351392685124e-05,2.7172654113681124e-07,1.3285069639312587e-05,8.176351572489541e-06,8.391189681930764e-06,1
0.4149068071232864,0.5850610844703125,8.757237311040154e-06,1.7886195435647823e-07,9.982813701849568e-06,6.169904436374463e-06,7.019588997380024e-06,1
0.3623627870208839,0.6376022091800368,9.350109395758349e-06,1.9097105406334693e-07,1.1380285768291805e-05,6.5876119822341384e-06,7.4948208787286045e-06,1
0.2609814804274585,0.7389764149577327,1.234742813601967e-05,2.3069981367008772e-07,1.3747789261226942e-05,7.936806363894576e-06,7.841891233966513e-06,1
0.36503537535612773,0.6349241303536383,1.1595716192186936e-05,2.1665479931848406e-07,1.4012894525996633e-05,7.304548150478126e-06,7.3644765660800474e-06,1
0.3626833537246746,0.6372766957024875,1.2547861456473378e-05,1.8040696359450279e-07,1.3138207643763222e-05,8.094856921927188e-06,5.989239852031662e-06,1
0.34271055049809884,0.6572463741056527,1.266186369845364e-05,1.848972031521445e-07,1.57939924121368e-05,8.296333882905178e-06,6.138309051845058e-06,1
0.3903754297542044,0.6095750950343047,1.4439997581522302e-05,2.268171375548651e-07,1.7783707688961014e-05,1.00243635402903e-05,7.000325542447919e-06,1
0.3432747730609827,0.6565250832693219,2.1884286180528e-05,1.8784322536730252e-07,0.00016326155918588276,8.428521841980445e-06,6.381459261686801e-06,0
0.33591400293446444,0.6622339551014843,2.1813749338450833e-05,1.8723777414016643e-07,0.0018117162649542123,8.40135525728093e-06,9.923356727024339e-06,0
0.46383807622544737,0.5336765870932417,1.3488455276431325e-05,1.9704000103875822e-07,0.0024489943802108423,8.21928886517772e-06,1.443751695733122e-05,0
0.5369384219148421,0.45845706992265994,1.5788679663962564e-05,2.6080068084048055e-07,0.0045701973044449265,1.0972262562448306e-05,7.289115145872072e-06,0
0.5331824787425019,0.4626320195076556,1.5013688160273843e-05,2.471959624446485e-07,0.004149877259717864,1.0926610372935802e-05,9.436995628993659e-06,0
0.3314243234648111,0.6646909123182946,1.3554472504047017e-05,2.0747251216067815e-07,0.0038522110343485504,1.3503506625435408e-05,5.287730904002928e-06,1
0.299017061467312,0.6953090675105743,1.5309804146947092e-05,2.3421219676824372e-07,0.005639444277179,1.262810744735271e-05,6.254621143590862e-06,1
0.138566444048379,0.855623892889847,2.7938779007791002e-05,1.4592447796403558e-07,0.005745879563125847,3.167193853940739e-05,4.02685662288461e-06,0
0.09622885227701729,0.8922595559869093,2.3422656988968135e-05,1.4383782387011257e-07,0.011436228733525193,4.88167045335033e-05,2.9798032018176133e-06,0
0.10559974265437162,0.8825625378181794,2.4768495410011914e-05,1.4238474572582625e-07,0.011769594271398034,4.026467525475431e-05,2.949700640541759e-06,1
0.05573350497707086,0.8934755993488463,2.3743970876661075e-05,1.7179834655846444e-07,0.05072328528764987,4.020323389063461e-05,3.4913833190142635e-06,1
0.07241221044614843,0.8759562694546958,2.556548854487884e-05,2.2067429045405318e-07,0.05155355626880678,4.800845286859847e-05,4.16921464509733e-06,0
0.9528176685553457,0.04503672455377237,6.654568363478325e-06,1.3082567620410963e-07,5.254271934701331e-06,4.604971562487752e-06,0.002128962253345148,0
0.896427097463248,0.10239164524374487,9.17167744330054e-06,1.7724688647859128e-07,8.653115452614701e-06,6.007744073978965e-06,0.0011572475091505788,0
0.8506566961980947,0.1487572806743797,8.561123903898004e-06,1.452856478530397e-07,8.006702575110964e-06,4.924424949087721e-06,0.0005643855904497746,0
0.8529283304409422,0.1464937961955,7.314032801160988e-06,1.4379043609235305e-07,6.964596640475651e-06,4.8737450766619e-06,0.000558577198603278,0
0.664081480068775,0.3358666489476751,1.0057929038437513e-05,1.8792272605382364e-07,1.564740574972741e-05,6.465138676693226e-06,1.9512587358770533e-05,0
0.8416145159415737,0.15836135253963832,7.284985589320114e-06,1.3611294591322067e-07,6.560480999368615e-06,4.589067818733157e-06,5.560871434526504e-06,0
0.8409661021914316,0.15901029113301415,7.3905359444985955e-06,1.3808505273613488e-07,6.6555341866584e-06,4.655557687829882e-06,4.766962682573159e-06,0
0.8221080693964787,0.17786889543861661,7.211613249933157e-06,1.3474205435275633e-07,6.494405667780721e-06,4.542848009875955e-06,4.651555922567645e-06,0
0.7561208991984519,0.24385411264952706,7.735859012864754e-06,1.670638131092764e-07,6.966514270405044e-06,4.972534714689867e-06,5.146180209961112e-06,0
0.524080767518794,0.47587557461197316,1.1782197193401353e-05,2.4064516488189937e-07,1.4491107856174125e-05,8.113386823596727e-06,9.030532194897914e-06,0
0.16748915150118518,0.8324868854898637,5.612867396120807e-06,1.1463985688137984e-07,4.978678776980163e-06,3.954541166133358e-06,9.302281754794983e-06,1
0.044299554501192204,0.9555121019689604,7.859705222649141e-06,1.0041936836473747e-07,6.2012448984634e-06,3.534690964800624e-06,0.00017064746939326534,1
0.05217629693651037,0.9473492440357502,1.0218364874312145e-05,2.9520423691351754e-08,6.73175532948333e-06,4.230410845344141e-06,0.0004532489762667087,1
0.047945467442520304,0.9514375514631817,9.389786342892067e-06,2.7126695378657768e-08,6.1858961814307365e-06,3.887378701879521e-06,0.000597490906376276,1
0.03745766935609734,0.9624021503820565,3.60023814234215e-06,4.234463223320339e-08,2.8310865073358525e-06,1.4904404085342573e-06,0.0001322161521558036,1
0.36784350494452134,0.6315517308131793,1.9098463075062822e-05,2.537251219102949e-07,1.9589952359919687e-05,8.599956974478541e-06,0.000557222144767981,1
0.3934365026272995,0.6060894620256716,1.0939962317944442e-05,2.301572337881488e-07,1.605559852132616e-05,7.759784697476359e-06,0.0004390498442583946,1
0.6739441463256045,0.3258354645000563,9.253754566155713e-06,1.7289749983910702e-07,1.191862894655288e-05,5.829264418073258e-06,0.00019321462890857448,1
0.6782562458815804,0.32164137053156067,9.445126700258909e-06,2.172184486497379e-07,2.8561446834491733e-05,7.32355166986971e-06,5.683624320556665e-05,1
0.6039337645559045,0.3959839749389556,1.1940798520717911e-05,2.2310233057891696e-07,2.6901454991447725e-05,7.521927607068486e-06,3.567322168994173e-05,1
0.4995834022657912,0.5003708871713235,1.3552597417776294e-05,2.532172420510714e-07,1.4351801743880409e-05,8.537256238549076e-06,9.015690243183825e-06,1
0.44307677112445326,0.5568816455820624,1.2312520343327625e-05,2.3004759515292167e-07,1.3093892331541567e-05,7.756088214902752e-06,8.190744999385885e-06,1
0.5266607929876123,0.4733074125747396,7.938693212084607e-06,1.8257358302964356e-07,1.0373176255426882e-05,6.297938339946241e-06,7.0020562575703576e-06,1
0.4537713919253958,0.546195331645349,9.075803520526215e-06,1.8536850120416714e-07,1.0345963289790333e-05,6.394350000583295e-06,7.274943943194528e-06,1
0.36011753405278907,0.6398434109417097,1.1278372801066889e-05,2.1072554341236874e-07,1.315334837394789e-05,7.24962802259638e-06,7.162930759976354e-06,1
0.3386514895226897,0.6613107183822053,1.0871056719948625e-05,2.0311523436795384e-07,1.282587092214803e-05,6.987809218783673e-06,6.904243009718706e-06,1
0.3148035077958667,0.685161053524376,1.0431930043988394e-05,1.9491057496798852e-07,1.1615048433790366e-05,6.571438455873531e-06,6.625352248591874e-06,1
0.4373167344080934,0.5626457986399523,1.1060186593464425e-05,1.7527158024760906e-07,1.3217410625171487e-05,6.162550868813573e-06,6.851532286348178e-06,1
0.43762191730086974,0.5623404629510703,1.1227313078783314e-05,1.7517646415712066e-07,1.3210237822693927e-05,6.1592065859284115e-06,6.847814108169994e-06,0
0.3797265536705805,0.6202353941557419,1.2367624371913828e-05,1.7095540449359328e-07,1.2664232969559191e-05,6.010794077408568e-06,6.838566854057738e-06,0
0.2991590512342218,0.7008018246447554,1.3361135735305467e-05,1.7018590317747755e-07,1.217496115641477e-05,7.636238141267693e-06,5.7816000865447815e-06,1
0.35944070322207833,0.6405195238122667,1.2492077767647892e-05,1.7960493322829126e-07,1.307979946883504e-05,8.058869835108767e-06,5.962613650159265e-06,1
0.4433432143651206,0.556603535760924,1.5541682955266148e-05,2.441219273616441e-07,1.914049812755047e-05,1.0789162469866341e-05,7.534408475496947e-06,1
0.38855389299832116,0.6114035863159623,1.1801445042762906e-05,2.0932847600132255e-07,1.6507386113107754e-05,7.87820639038284e-06,6.124319694246983e-06,1
0.339884944015677,0.6599240572742358,2.0884349917324888e-05,1.792602973571156e-07,0.00015580181605922316,8.043406030321269e-06,6.089877782845071e-06,0
0.3158085243166615,0.6824857346946842,2.278033988615958e-05,2.054376148182734e-07,0.0016619799603011746,8.773628288094425e-06,1.2001622564012465e-05,0
0.3081397099225243,0.6900491878547217,1.5771058179014464e-05,1.8999546773305686e-07,0.0017753660023965862,8.525092914764811e-06,1.1250073795826587e-05,0
0.4313015338852371,0.5664492842541963,1.2961003708017182e-05,1.7601706804561586e-07,0.0022142740040454454,7.89788239465607e-06,1.3872953350373489e-05,0
0.5922796430060929,0.4037546830435196,1.4570927909651894e-05,2.520564438054307e-07,0.0039299646590603,1.0604379839337108e-05,1.0281927134570538e-05,0
0.4562672832419269,0.5390545812937858,1.407909763570998e-05,2.6761397370403437e-07,0.004647786760515001,9.391670735999845e-06,6.610321426873908e-06,0
0.5487891604573066,0.4464447715974438,1.613715074927078e-05,2.5370740903899055e-07,0.004728777078586559,1.1214430769340882e-05,9.685577735438824e-06,0
0.5481030088295703,0.4471593136199231,1.543382984692783e-05,2.541134718192176e-07,0.004701056147883808,1.1232379645781314e-05,9.701079658060065e-06,0
0.5394417263702095,0.44963997062366623,1.4527761813470251e-05,2.1908679002190807e-07,0.010888681060004148,9.684122542910138e-06,5.1909749736603084e-06,0
0.2435938392277827,0.7427151190158359,1.5387437593227797e-05,2.353998474933328e-07,0.01365644043920358,1.2692142459932317e-05,6.286337277245906e-06,1
0.20415572120099618,0.7848660303869988,2.0564619600341444e-05,2.3202006115013843e-07,0.010916968326439888,3.560168915686509e-05,4.881756746923904e-06,0
0.0972070365013466,0.8974888015048206,2.3909662288533427e-05,1.2894070577573485e-07,0.00524694458617777,3.0300494203758965e-05,2.878310456957895e-06,0
0.09832093956629198,0.8911919131075975,2.4458580382476737e-05,1.4358320809735885e-07,0.010411446822365496,4.812381167685758e-05,2.9745284773086414e-06,0
0.08565994213913447,0.9023647026152511,2.532422920435252e-05,1.4557944987270998e-07,0.011903013245896373,4.385630762527805e-05,3.0158834385681004e-06,0
0.10780941160393717,0.8737674908214171,2.1857593053776627e-05,1.686555594782926e-07,0.01834774770675117,5.009113922827577e-05,3.2324800530957557e-06,1
0.05797717829305469,0.9223966856001016,2.3392752732817286e-05,1.7630131280807047e-07,0.019562543154754888,3.6994995290709995e-05,3.0289027524858303e-06,1
0.1096641962928677,0.8252130315461089,3.173928483816081e-05,2.7310126293973536e-07,0.065034210264888,5.208055399901494e-05,4.468956035198414e-06,0
0.16893190195438404,0.8022740059547109,4.157573220401485e-05,5.828746297867047e-07,0.028599090437426113,0.00013986894831748115,1.297409832751229e-05,1
0.04753669325478247,0.947786731924642,3.308682987038336e-05,7.721525592392028e-07,0.004510241823103915,0.00012375051931145945,8.72349573068485e-06,1
0.963795265034331,0.006414062001342821,6.663141355029407e-06,1.360911486789978e-07,5.380661903877619e-06,4.694510831030919e-06,0.029773798559087614,0
0.9062495012191948,0.007095873499095214,7.2490380986532575e-06,1.4251267088793725e-07,5.569729160255687e-06,4.830435507239971e-06,0.08663683356627284,0
0.9598379454867593,0.03810164443994279,5.887195317875725e-06,1.1573948396619679e-07,4.648374386321722e-06,3.981805872675874e-06,0.0020457769582369997,0
0.89644398411555,0.10246954044593462,8.6921634914957e-06,1.6798005873569721e-07,6.8625663695229976e-06,5.7790475768976794e-06,0.0010649736810186908,0
0.8879284433088288,0.11039767826701676,9.597674291173549e-06,1.6746540396324532e-07,9.229030540654747e-06,5.67620288426449e-06,0.0016492080510342637,0
0.7875571577049217,0.2121357886048771,8.607603063661912e-06,1.6922141749724673e-07,7.164840925279517e-06,5.735722575201336e-06,0.00028537630221936217,0
0.8524651703878561,0.14751139485423675,7.290544336215351e-06,1.3621680575017162e-07,6.565486919138719e-06,4.592569468280249e-06,4.849940377724338e-06,0
0.8402691486306821,0.15970900263809312,6.8339465532806615e-06,1.4758608809666844e-07,6.154298586290359e-06,4.304942517467565e-06,4.407957479516535e-06,0
0.829466788700565,0.1705082041125074,6.676867163035968e-06,1.5197118974338957e-07,8.145072465130768e-06,4.597784706389131e-06,5.435491402868479e-06,0
0.5240809114279277,0.47587570528427775,1.1782200428715252e-05,2.406452309614798e-07,1.4491111835337085e-05,8.113389051479416e-06,8.75594124815448e-06,0
0.331188490779528,0.6687742045813356,9.153090896960006e-06,2.1050222703028322e-07,1.330991640774006e-05,7.261346489775779e-06,7.3697831148814865e-06,1
0.3613950280730896,0.6385651501665264,9.787301780234028e-06,2.250877703007389e-07,1.398078986694339e-05,7.764479805382742e-06,8.064101161151897e-06,1
0.06113075226780083,0.9386951440496322,9.109257465607579e-06,1.250078506898005e-07,6.633938656106061e-06,4.4001882062977105e-06,0.00015383529038847312,1
0.04201861398113073,0.9578819512550232,8.013189805640515e-06,9.384412334879672e-08,5.517824529145359e-06,3.3032469761790337e-06,8.2506658411562e-05,1
0.042997174787850166,0.9565153715510044,8.459672072574789e-06,2.4439634613176258e-08,5.5731463165304255e-06,3.5023106851314396e-06,0.00046989409243678235,1
0.035860218018963046,0.9638269032898653,6.04105051672398e-06,6.01448656004271e-08,4.972715536917469e-06,2.5008972862735914e-06,0.0002993038829662527,1
0.41715782264915796,0.5822830518403344,1.775755631469675e-05,2.582489477175743e-07,1.8294976842000946e-05,8.753291051174302e-06,0.0005140614373519652,1
0.3870476275434446,0.6124242870780947,1.5347162796765452e-05,2.231944853490201e-07,1.599565357071543e-05,7.67859923041612e-06,0.0004888407683774625,1
0.38237422066727395,0.6171777849165356,1.6578751395724425e-05,2.411055342605689e-07,1.674831552382886e-05,8.128908244327195e-06,0.00040629733549230735,1
0.3732621879554705,0.6265102975737084,1.1674152907558865e-05,2.1812031387113897e-07,1.4190883703690663e-05,7.353958187314459e-06,0.00019407735570877878,1
0.6545680886490112,0.3447885373682536,1.0159432068362178e-05,1.8981921249882338e-07,1.2366835440394651e-05,6.3997824278301186e-06,0.000614258113586108,1
0.719910280630929,0.2800503306448838,8.708340871208843e-06,1.970698838226261e-07,1.5517283335852055e-05,5.929905292807531e-06,9.03612480351046e-06,1
0.6638646643049493,0.3360943490661876,8.393052480850373e-06,2.076275098991533e-07,1.5336260957048068e-05,6.392162625035113e-06,1.0657525290224893e-05,1
0.4332391625929196,0.5667215782750306,1.1639830666183204e-05,2.174790358168852e-07,1.2326238056351172e-05,7.332337404207523e-06,7.743246887255247e-06,1
0.3443258393870659,0.6556410118704922,9.735704681143745e-06,2.1067440519561105e-07,1.086161217840135e-05,6.145167311940215e-06,6.195583865165231e-06,1
0.2601693073868739,0.7397908350339316,1.1465201993660796e-05,2.1421626710354886e-07,1.3526854348685853e-05,7.369720005186255e-06,7.281586579756123e-06,1
0.47294973659881395,0.5270095508957339,1.0778335436015558e-05,2.4391389170346367e-07,1.481849039100184e-05,7.339458720661146e-06,7.5323070127006024e-06,1
0.3258556002161645,0.674104640640823,1.4022717443285584e-05,1.786127227779088e-07,1.3231480685195297e-05,6.1379872575398355e-06,6.188344903728403e-06,0
0.2764101867900361,0.7235543100359221,1.2521672757648255e-05,1.5949334171661746e-07,1.1815132973280491e-05,5.480953897871635e-06,5.525921071243625e-06,1
0.4238062446392951,0.5761463380465556,1.4886612259839137e-05,1.8048121551061356e-07,1.8120676935606026e-05,8.098188603948325e-06,6.131355134201057e-06,1
0.306907428457587,0.6919302996307968,2.160934491507827e-05,1.8548327386316808e-07,0.0011258531661920506,8.322630864226428e-06,6.301286370949099e-06,0
0.30189736640335707,0.6963552650579655,2.1776880887828826e-05,1.8692131471252034e-07,0.0017071486411252698,8.387155728962567e-06,9.868939620611616e-06,0
0.5591222437256352,0.43658912772329483,1.584494694162837e-05,2.481066045704462e-07,0.0042540293911768785,9.034345887277069e-06,9.47176045959907e-06,0
0.5417545336092762,0.45323503126313214,1.5643534955257442e-05,2.5756620478727413e-07,0.004971919322235236,1.651200981219358e-05,6.102694384164868e-06,0
0.5171722022290385,0.48090319984457536,1.2294162744238736e-05,1.9760386902964687e-07,0.0018970472782223733,1.0140691978770089e-05,4.918189571845383e-06,1
0.2590764438860823,0.7396686865459472,1.0748748084609385e-05,1.8235967500894645e-07,0.0012320284463015524,7.86735241383524e-06,4.042661495589315e-06,1
0.1705321993434874,0.8252027916428405,1.145166319288512e-05,1.5312129327299765e-07,0.004240747411458508,8.381838457259461e-06,4.274979270232636e-06,1
0.1850335266853575,0.8070568355119294,1.9107984228836126e-05,2.25820178511374e-07,0.007847144829920119,3.570663991471817e-05,7.4525284710190056e-06,0
0.1667799208604476,0.8273420810421942,1.98286758577223e-05,1.5118656454619323e-07,0.005822920531365011,3.0506513194171724e-05,4.5911903767278995e-06,0
0.12985236833193692,0.8637181075783387,2.22339257734028e-05,1.3884188188363037e-07,0.0063749194155623655,2.8015595924811632e-05,4.216310582255148e-06,0
0.10186558331127107,0.8932308905444248,2.4214390794963595e-05,1.230672919836005e-07,0.004845861693417129,3.057979305965934e-05,2.747199740336376e-06,0
0.09678489865595472,0.8927077009372706,2.446675685846727e-05,1.4382742225165977e-07,0.010429155179174525,5.065505560170388e-05,2.979587717634553e-06,0
0.10427582886816456,0.8825433313290106,2.388908416991225e-05,2.1495973415621495e-07,0.01311019588089288,4.280146187881558e-05,3.738416149068722e-06,0
0.1465718268804501,0.7975802644699063,5.0078718601019724e-05,3.256742351525837e-07,0.05573516665320948,5.700835750450451e-05,5.32924609365476e-06,0
0.19636674959796702,0.7801370066769415,3.816777857019477e-05,4.106529972664208e-07,0.023352499290595043,9.844618709656242e-05,6.71981583223603e-06,0
0.09710514925299489,0.8993072081473349,4.442570234702613e-05,1.442220872256352e-91,0.003420012929021708,0.00011384382229736591,9.360146003912577e-06,1
0.8981919962971423,0.006987235163654429,6.535760643752902e-06,1.2848997245559145e-07,5.080132738484113e-06,4.420463176188527e-06,0.09480460369267249,0
0.9730644358865415,0.02324248882135913,5.968320400208283e-06,1.1733436483202704e-07,4.719203621836017e-06,4.036674840293147e-06,0.003678233758871819,0
0.9781398744360682,0.01854678499703078,5.99945075737476e-06,1.1794637297505422e-07,4.743818670030139e-06,4.05772986433959e-06,0.0032984216212360836,0
0.9194911981217849,0.07939831608015926,7.992300155711244e-06,2.024178936495966e-07,7.1905969131678865e-06,6.390656421599587e-06,0.0010887098266716964,0
0.9299919286497677,0.06809948044337234,8.543970921803162e-06,1.67970439592703e-07,6.8720390656350335e-06,5.912441044494798e-06,0.0018870944853882764,0
0.9079271050592267,0.09027586749206498,9.256958668756735e-06,4.394122610604443e-08,8.337935521431782e-06,6.154555723262772e-06,0.0017732340575689243,0
0.9203573640454129,0.07758317314243028,8.13820328494279e-06,1.4199976570379226e-07,8.007530882917498e-06,4.813050699293387e-06,0.002038362027523857,0
0.7492839119577118,0.2504284858332309,9.911220280325897e-06,1.841235627445946e-07,7.668502429068302e-06,6.240827497369553e-06,0.00026359753528789763,0
0.6365095077342801,0.36341807663378395,1.022874144638631e-05,1.9002224390476543e-07,7.880753002940882e-06,6.440761992628449e-06,4.767535325010142e-05,0
0.6551393358961686,0.3447890817191666,1.0840641976205797e-05,2.0254696414706268e-07,8.400188120810275e-06,6.865284619281154e-06,4.527372298429376e-05,0
0.5705178239788243,0.4294380648419613,1.2375375119690634e-05,2.3122197616858602e-07,1.5553727249884735e-05,7.795682642087896e-06,8.155172226572182e-06,0
0.8214536535369441,0.17852143858033753,6.60532794440324e-06,1.5034289612851634e-07,8.0578021771897e-06,4.548521793513233e-06,5.5458879073889245e-06,0
0.8178620772656345,0.1821126062960843,6.688746427401222e-06,1.5224157192934324e-07,8.15956391250044e-06,4.6999596145573165e-06,5.615926754817117e-06,0
0.8290759281413946,0.17090106929942311,6.082338712133069e-06,1.1977098487177525e-07,7.419810572548171e-06,4.273857085084744e-06,5.1067818276674274e-06,0
0.519984970585109,0.4799717902457737,1.2859075784032741e-05,2.402594576510896e-07,1.4467881438617334e-05,8.100382648068191e-06,7.571569789012312e-06,0
0.3041261338649972,0.6958407005442777,8.189134545389708e-06,1.8833321756126022e-07,1.1697868507788352e-05,6.496618907741515e-06,6.593635546452442e-06,1
0.17454045328991502,0.8254314589926093,7.923828109546483e-06,1.2597098415716115e-07,5.470776764729451e-06,4.345412286263409e-06,1.0221729330761736e-05,1
0.044452027428614184,0.9553839778304005,8.821832641085275e-06,1.109694798111551e-07,5.888947915710922e-06,3.906047449257331e-06,0.00014526694349954874,1
0.04676187963446539,0.9530035115511583,9.271964293745185e-06,1.0858589175753494e-07,6.384607535113499e-06,3.822146830341504e-06,0.00021502150982499705,1
0.04796548299301246,0.95182746788378,9.047396603545053e-06,1.0595593308558868e-07,6.224689169398596e-06,3.7295741393665642e-06,0.0001879415073621287,1
0.035944993115245724,0.9638794451730407,7.792328974055907e-06,9.125757646486378e-08,5.365741358322778e-06,3.21220234953426e-06,0.00015910018145515444,1
0.38957309898714876,0.6099290704400525,1.6774018333956717e-05,2.4394531020883866e-07,1.587105513372557e-05,8.224651704504201e-06,0.00045671690231649406,1
0.37633740455822245,0.6231800622918767,1.1593745202716931e-05,2.1661797327677992e-07,1.4093141589352436e-05,7.303306555112294e-06,0.00044932633858034963,1
0.3919303181259641,0.6077832790850556,1.0785410195521453e-05,2.0151501147058787e-07,1.251662418904741e-05,6.7941079955826225e-06,0.00025610513158873477,1
0.6862254606842318,0.31370062910281005,1.0457009801807418e-05,1.9537916611037073e-07,1.450992513193161e-05,6.587237074566428e-06,4.216066178371847e-05,1
0.7042567094063747,0.29567941875901865,9.421875570492657e-06,2.132171847116132e-07,1.6788721863867776e-05,6.415783516049101e-06,3.1032236471425866e-05,1
0.7174107256004325,0.2825117211127798,9.070020132180856e-06,2.2437434998489353e-07,1.7358749995701918e-05,6.907742305856325e-06,4.399240000411976e-05,1
0.6963503694688502,0.303572901412883,8.80376002860563e-06,2.1778760190760591e-07,1.7148596529735553e-05,6.704958171419564e-06,4.385401593532603e-05,1
0.6649319881461099,0.33498918077252404,1.131390384594726e-05,2.1138940679696243e-07,2.861977717577484e-05,7.127024673843373e-06,3.155898626370067e-05,1
0.446423919196207,0.553529520016712,1.3872154362209967e-05,2.723148108321992e-07,1.4683537444893898e-05,8.785115142461937e-06,8.94766532064215e-06,1
0.48977135637624863,0.5101890367774863,1.1742923484926429e-05,2.194052259362191e-07,1.2435410316856742e-05,7.397279184947707e-06,7.811828052284654e-06,1
0.5207188172413104,0.4792409018316208,1.0424809534475257e-05,2.9274494263272635e-07,1.2608541737437818e-05,7.759979650888304e-06,9.194851203436787e-06,1
0.68083952540343,0.3191312294993855,7.43532648503549e-06,1.8393526394567823e-07,9.740536067328534e-06,5.898606545072229e-06,5.986692823212886e-06,1
0.5114855481034681,0.48848211957726145,8.078079041931382e-06,1.8577916985594235e-07,1.036888391960572e-05,6.4085161565194975e-06,7.291060982505329e-06,1
0.43468286236639486,0.5652844175660756,8.924061587195258e-06,1.8226925222992854e-07,1.0172985055057365e-05,6.287440344673616e-06,7.153311290359106e-06,1
0.30705405375916944,0.6929083113756849,1.0825828854193485e-05,2.022701952158758e-07,1.2772510261523824e-05,6.958737187847642e-06,6.8755186470344955e-06,1
0.3115791432457494,0.6883849059766267,1.0341393923491494e-05,1.9321899467297004e-07,1.2200965097937115e-05,6.647347139771784e-06,6.567852467920072e-06,1
0.2516493751318615,0.7483104573634419,1.1597238221053446e-05,2.1668323696331473e-07,1.3682633097082773e-05,7.30550692982022e-06,7.36544321149759e-06,1
0.2932818403339811,0.7066822531786799,1.0337233101896427e-05,2.469789817772313e-07,1.2196056084758067e-05,6.511785532177462e-06,6.614433638263335e-06,1
0.4128076562692508,0.5871525771342206,1.0233247019740204e-05,2.1528920834315656e-07,1.4908174564646552e-05,7.258507051621717e-06,7.151378684312029e-06,1
0.46134834602860114,0.5386128178806322,1.0554466589536431e-05,2.3433252943470998e-07,1.348441637879774e-05,7.187016243125581e-06,7.375859025692761e-06,1
0.5024495735449279,0.4975115537645251,9.179985508566262e-06,2.576473222340677e-07,1.3796673275092692e-05,7.541488231872187e-06,8.096896209166237e-06,1
0.47855622111956453,0.521409304639491,8.112121946832909e-06,1.9688420579384805e-07,1.2191772630111952e-05,6.818438945367272e-06,7.1550232163562574e-06,1
0.44009386398366473,0.5598682568121728,1.1304745678577044e-05,1.763846222397515e-07,1.3301346269686258e-05,6.201685438639515e-06,6.895042153346876e-06,1
0.45599539001451966,0.543965830449361,1.1616111893197799e-05,1.8079874093885123e-07,1.3393419076952311e-05,6.356885905171251e-06,7.2323205031294314e-06,1
0.39569871279593827,0.6042618808505359,1.2853678894391832e-05,1.776740470556093e-07,1.3161944375037197e-05,6.105729871095981e-06,7.10732633823413e-06,0
0.3370697501409958,0.662889693960386,1.4303726486317224e-05,1.8219204258550632e-07,1.3496633694251945e-05,6.260989801972303e-06,6.312356593073188e-06,0
0.4529234199279998,0.5470317599090186,1.386508265757133e-05,2.1778662652797992e-07,1.439042660006667e-05,9.625252933111421e-06,6.7216141642674645e-06,1
0.31485115086372756,0.6851076475531815,1.2097337092858638e-05,1.7350342680053785e-07,1.5251343341869904e-05,7.785095361237028e-06,5.894303868162919e-06,1
0.38329842402553665,0.6166472331342064,1.4159620347705158e-05,1.7166736440210467e-07,2.6476912592216323e-05,7.702711277391718e-06,5.831928675367939e-06,0
0.6119661952281957,0.3852504803627432,1.2470828281891134e-05,2.0532852199374536e-07,0.0027507286705781005,8.565034640832266e-06,1.1354547038077368e-05,0
0.40218540524238877,0.5957182101729127,1.1961866043317746e-05,1.7012289715517275e-07,0.0020689652665410985,7.634520948293104e-06,7.65280826867203e-06,0
0.5836688759171653,0.4122813322332372,1.490228228130522e-05,2.3429287394668818e-07,0.00401717952505983,8.531344281718172e-06,8.944405100606547e-06,0
0.49283902108659805,0.5039387575261836,1.3135588582762507e-05,2.0095064759049528e-07,0.0031928344257242847,1.083473194138946e-05,5.2156903224208095e-06,1
0.18915099316089368,0.8065118116424885,1.1069378493073094e-05,1.5500223033270672e-07,0.004313158522223623,8.484800692267792e-06,4.327492978594101e-06,1
0.1411945426726151,0.8509619432844943,1.748436852167995e-05,1.8582592027617063e-07,0.007792549581671799,2.917476342340692e-05,4.119503353721539e-06,0
0.1015012417461337,0.885465644248352,2.2421247868674158e-05,1.3542043641657453e-07,0.01295908469545883,4.861316060815861e-05,2.8594811424625714e-06,0
0.11030252729693601,0.8803545646802747,2.0997277321964366e-05,1.3635711130539676e-07,0.009269945721087695,4.8949407691781005e-05,2.8792595765902397e-06,1
0.14554595038792636,0.8388456343761821,2.477696683632261e-05,1.6532257327988117e-07,0.015529358997642082,5.0945349345824954e-05,3.168599494180678e-06,1
0.24163496212434976,0.7295169187289329,3.648609301098395e-05,2.596980564715622e-07,0.028744672082329174,6.207397121647194e-05,4.627302104150635e-06,0
0.19737134843653703,0.7830170511264313,3.215278760896077e-05,2.845246613641516e-07,0.01950628288271816,6.80187844307864e-05,4.861457612405363e-06,0
0.15806404195744334,0.8153324080550763,3.397353242011984e-05,2.255527624493345e-07,0.026494333223662937,6.97011415362099e-05,5.316537098573601e-06,0
0.14469040171456832,0.8143891260787137,3.171526306944024e-05,3.906860981396019e-07,0.04081924544890924,6.408383789338631e-05,5.036970747761097e-06,0
0.21129047925908087,0.7699715232190713,3.548789520065224e-05,3.7625999694756066e-07,0.01862300310744305,7.29732412349228e-05,6.157017972244194e-06,0
0.19517252485522665,0.7893864329254054,3.6494887602168956e-05,4.5476160604551016e-07,0.015303334218182727,9.432017281270768e-05,6.438179164261439e-06,0
0.23455871101132914,0.7396474441363676,3.41187600609168e-05,4.87270340447503e-07,0.02565915145787537,9.017890344851847e-05,9.908460577925873e-06,1
0.09665783228458759,0.9002721805120559,4.5841931696432994e-05,8.709457144721512e-50,0.002919983659174266,9.463438712886625e-05,9.527225356826811e-06,1
0.08283166071991237,0.9109089729385099,5.1846615683481904e-05,6.270965726472927e-07,0.0060934077400667756,0.00010517365613104766,8.31123312394845e-06,1
0.9677128131754661,0.022131130096517636,6.986744519656126e-06,1.427005726794308e-07,5.650091383682908e-06,5.022959545909481e-06,0.010138254231994274,0
0.8729501157518861,0.00679087296484874,6.352086228792495e-06,1.2487902006528055e-07,4.880564761211146e-06,4.232746806822511e-06,0.12024342100644833,0
0.9821145345229977,0.013481047471795921,5.25176925364627e-06,1.0324730716525357e-07,4.146658699669226e-06,3.552035311723417e-06,0.0043913642946340065,0
0.9066106006078432,0.09177465103625712,9.569115141878217e-06,1.5649899492800287e-07,9.079404263215274e-06,6.26807856493405e-06,0.0015896752589348202,0
0.9067760855027643,0.09111442443307044,9.538170728517912e-06,1.8432953783889828e-07,1.015841417988241e-05,6.247808977703426e-06,0.002083361340741056,0
0.9235834211306573,0.07382466677067005,8.603760481870467e-06,1.501230590857306e-07,8.465612784000052e-06,5.0883879345255966e-06,0.0025696042144133357,0
0.805363658482626,0.19421178177406448,1.0070936859738176e-05,1.709077689540177e-07,7.225323908061974e-06,5.792881085414632e-06,0.00040129969368734735,0
0.7133337382966484,0.2862906747461204,1.13305398631908e-05,2.104906669839189e-07,8.766657384864103e-06,7.134534672648593e-06,0.0003481447346434601,0
0.5748418959005519,0.4251066731964753,1.0766877164269196e-05,2.011687396146566e-07,8.440127264235297e-06,6.782433389468372e-06,2.524029641534544e-05,0
0.597210239962322,0.4027358004035513,1.0214041836108827e-05,1.908395434620761e-07,1.6837986369447598e-05,6.43418303503544e-06,2.0282583342712984e-05,0
0.6470241599211943,0.3529329169718102,1.204398886066122e-05,2.2503034278803673e-07,1.5130362935388673e-05,7.586930819831487e-06,7.936794036839222e-06,0
0.870803879739197,0.12917493766231208,5.642766424302208e-06,1.2977199858485277e-07,5.011480916995614e-06,4.375281854953875e-06,6.023297296078993e-06,0
0.829190776009332,0.17078783986650367,6.065882927370103e-06,1.1944694413001798e-07,5.928776515834974e-06,4.177052362013414e-06,5.092965414842557e-06,0
0.043536054182806795,0.9563304443503495,8.733932163071593e-06,1.0228488618282514e-07,6.009022851991643e-06,3.600355876696092e-06,0.00011505587106569969,1
0.03621563508072823,0.9633454760260168,7.0400587453603095e-06,7.009102545831285e-08,4.6379194285861915e-06,2.9145896857824706e-06,0.00042422623437003823,1
0.35005615554768277,0.6494018072966284,1.0990246219431745e-05,2.053421754782222e-07,1.341619622298711e-05,6.923141388156802e-06,0.000510502229682863,1
0.3877806742782794,0.6119777595108211,1.1298053304286872e-05,2.110932546778864e-07,1.3713987553705225e-05,7.117039861965392e-06,0.00020922603692497983,1
0.48524652650035266,0.5142530453775881,1.4579282578081474e-05,2.72399866365304e-07,1.6919467842914937e-05,9.184001214412111e-06,0.0004594729705575054,1
0.6143240670640898,0.3852841928526801,8.738101777163042e-06,1.6326302365276343e-07,1.125447968548036e-05,5.5044366486023905e-06,0.00036607980209511505,1
0.6185112495779722,0.38109615650520534,8.643118675002166e-06,1.614883557843676e-07,1.1004075781926824e-05,5.444603462646754e-06,0.0003673406305470841,1
0.6723368722358578,0.3275950876440027,8.500164200476602e-06,2.102772418861451e-07,1.5531981558997592e-05,6.473739087527177e-06,3.732395805060489e-05,1
0.46562603420169957,0.5343271444468276,1.393307651413002e-05,2.603261278584817e-07,1.481729155655897e-05,8.823696613325773e-06,8.986960660915968e-06,1
0.5399116144625644,0.46004832500155,1.0079993291519764e-05,2.1206502409737718e-07,1.2159267827125591e-05,7.1498032096417924e-06,1.04594065330928e-05,1
0.530194869956305,0.4697741884364225,8.688379630973501e-06,1.9661816065832737e-07,1.0068529573647688e-05,5.916312776635602e-06,6.071767130637693e-06,1
0.6808396859792107,0.3191313047663823,7.435328238654825e-06,1.8393530732675046e-07,9.740538364630799e-06,5.662758261125763e-06,5.9866942351724425e-06,1
0.6808395342121852,0.3191312336283304,7.435326581234328e-06,1.7099718790808885e-07,9.740536193352354e-06,5.8986066213888634e-06,5.986692900669188e-06,1
0.35459409501933675,0.6453743315184891,9.294142753097998e-06,1.7365211424944534e-07,1.0348221064807117e-05,5.854706352951692e-06,5.902739888814404e-06,1
0.3483070993875372,0.651650257384229,1.2276694913378184e-05,2.9331694268745904e-07,1.4484268490719824e-05,7.733520520614614e-06,7.855427366424366e-06,1
0.48866767428176383,0.5112907165832409,1.2417913718858288e-05,1.9375305580358255e-07,1.4611117756911138e-05,6.8123597715662196e-06,7.573990692281529e-06,1
0.39569871279593827,0.6042618808505359,1.2853678894391832e-05,1.776740470556093e-07,1.3161944375037197e-05,6.105729871095981e-06,7.10732633823413e-06,1
0.3699695550455385,0.6299902530288171,1.2623666666843716e-05,1.814968535231567e-07,1.3217579303848843e-05,8.143760261672613e-06,6.025422558424826e-06,0
0.42383043156308675,0.5761265474798403,1.3617733278769167e-05,2.139013711628633e-07,1.3134079077251896e-05,9.453540986445261e-06,6.601702359257671e-06,1
0.4311843230668519,0.5687720404441045,1.3812572045111183e-05,2.1696181289887627e-07,1.3321997852870736e-05,9.588799639677538e-06,6.696157693130328e-06,1
0.37767917560158354,0.6222773533548192,1.2559170165657923e-05,1.8339760187322217e-07,1.6410904482224676e-05,8.22904680290033e-06,6.08852454484528e-06,1
0.3960587210267225,0.6038971098430861,1.386684857238868e-05,1.681178794720196e-07,1.6879373138045322e-05,7.543445958120801e-06,5.711344643460383e-06,0
0.31204014587333356,0.6868982584455593,1.9022765390503545e-05,1.6328143293689406e-07,0.001026279985807317,7.475946447607388e-06,8.653702028734558e-06,0
0.28917413214947707,0.7092695911960833,1.9458076293189576e-05,1.6701791322798312e-07,0.001521867146418808,7.4940904943015755e-06,7.2903233201157905e-06,0
0.46088914925439467,0.5362441449893677,2.2457926797612242e-05,2.107152889469811e-07,0.0028261859808861325,9.454790886687993e-06,8.396342378196866e-06,0
0.5889504092163899,0.4081654366902178,1.2651973468891845e-05,1.936583455090194e-07,0.002851099537742566,8.689446168808645e-06,1.151947766658322e-05,0
0.5559382490470537,0.44259943950581415,1.309989769162917e-05,2.00404641780315e-07,0.0014328716636934729,8.360856323341686e-06,7.77862478186189e-06,0
0.5841630900083902,0.41263042613278506,1.4914900596584168e-05,2.3449125841527248e-07,0.003173843920222116,8.538568087432481e-06,8.951978660240676e-06,0
0.5834360043851979,0.41211684070490645,1.4896336585984042e-05,2.3419939604725544e-07,0.004414555596985528,8.527940455859711e-06,8.940836472221074e-06,0
0.5938983684742044,0.4026643652037774,1.4613729698697444e-05,2.288277057039794e-07,0.0034049173443511742,1.2084647030803874e-05,5.421773231835122e-06,1
0.4118770837187354,0.5856011712977452,1.131559417078636e-05,1.731080386816241e-07,0.0024964297166711574,9.333531483995017e-06,4.493033154712257e-06,1
0.15587904742926265,0.8400820816591437,1.0518955029106355e-05,1.4693389812764976e-07,0.004016434135127264,8.043141301096641e-06,3.7277462382284292e-06,1
0.1370356377427505,0.8557770462443389,1.9426816932204047e-05,8.911034395450059e-08,0.0071195298931229604,4.028059310661379e-05,7.9895994048196e-06,0
0.13195935194193154,0.8623483523447368,2.3580614590641306e-05,1.3321853514289954e-07,0.005635269461871628,2.9636188355117885e-05,3.6762299787934464e-06,0
0.07915174524203042,0.9093681766108181,2.0520441278197404e-05,1.2924736231301143e-07,0.011415316800843456,4.138252456893208e-05,2.7291330985686414e-06,0
0.18237284773711904,0.8001893879701285,2.6407827045897526e-05,1.9355361593640138e-07,0.017356735312949508,5.097885922182667e-05,3.448739919185913e-06,1
0.20181485554338424,0.7715967889002833,3.4925984692297036e-05,2.941665786552051e-07,0.026474831870133626,7.004414991246324e-05,8.259385015445854e-06,0
0.09308653064145074,0.9036424776701808,5.2825551457894814e-05,6.009006451546549e-07,0.0031079020729453967,0.00010110657999097405,8.556583329226998e-06,1
0.9662634335504392,0.022464175067508398,7.132638971568374e-06,1.396656135514763e-07,5.726884494521869e-06,5.098548610225647e-06,0.011254293644362626,0
0.7414867542121125,0.009737316356377663,7.834375600023866e-06,1.9503019777381605e-07,6.919425071273262e-06,6.16024735865503e-06,0.24875482035328217,0
0.7742512565094996,0.008259503220326555,8.44690221229126e-06,1.919436153365045e-07,6.695850313039439e-06,5.8452693479257296e-06,0.21746806030468535,0
0.9839495333003304,0.010512793167876539,5.261581744776905e-06,1.0344021611400786e-07,4.154406384258381e-06,3.5586719922987845e-06,0.005524595431455371,0
0.9626968769880657,0.03574563347360562,8.108935155266976e-06,1.8426380359493073e-07,6.522133522890721e-06,5.611395623643931e-06,0.0015370628102231128,0
0.9316211169625079,0.06623797725739684,8.39400951473283e-06,3.984495158955938e-08,7.571529117551591e-06,5.580817755445324e-06,0.002119319578756194,0
0.8175554788104368,0.18145302681599182,9.93934934145739e-06,1.8464612432689256e-07,7.972981730253388e-06,6.258539606799013e-06,0.0009671388567687953,0
0.5805430941659654,0.4193997127420282,1.2323374608929667e-05,2.3025039666140845e-07,9.549126816053867e-06,7.762925697332827e-06,2.7327414487433895e-05,0
0.8516974191563198,0.14828044437861004,5.857332125419841e-06,1.3470656751222757e-07,5.350442160859125e-06,4.541651565873024e-06,6.252332650405742e-06,0
0.5527804353547866,0.4471763437707768,1.2783434033109459e-05,2.388461643197623e-07,1.4382776108922772e-05,8.052733257323543e-06,7.76308487288748e-06,0
0.584533880769936,0.4154213278262364,1.3320701300421184e-05,2.48884486235423e-07,1.498726116328165e-05,8.391176744444983e-06,7.843380133116825e-06,0
0.3291092299503621,0.6708503578195157,9.770052740126602e-06,2.0595685544447003e-07,1.262523658266965e-05,7.104552338592651e-06,1.0706431605278854e-05,1
0.03987806110677257,0.9599004981707361,8.141668328525867e-06,9.534876190619614e-08,5.601540076794332e-06,3.3562091925396456e-06,0.00020424595613160703,1
0.033167106431631975,0.966480771281144,7.507255983032403e-06,8.829749867118673e-08,5.1069213610201755e-06,3.0377144143324966e-06,0.0003363820979669378,1
0.35301069281123476,0.6464340070366742,1.012404562206332e-05,1.8807727974963544e-07,1.2236287197946873e-05,6.4704558147392795e-06,0.0005262812861764865,1
0.3809616387410771,0.6185081226841811,1.1211941351374265e-05,2.0948433569711878e-07,1.360946173685316e-05,7.062794923924766e-06,0.0004981448923939333,1
0.35085043551392786,0.6486634521106454,1.0442273565545062e-05,1.951038337154401e-07,1.2675211016745076e-05,6.5779542027238295e-06,0.0004562218328082568,1
0.3932312361416784,0.6064250666339128,1.1375643695733836e-05,2.1254295648236062e-07,1.263345121951951e-05,7.16591676969108e-06,0.0003123096697672143,1
0.5164098067304266,0.48293013068024215,1.3083282225622302e-05,2.4444853927428657e-07,1.472013846464092e-05,8.241618145823974e-06,0.0006237731019559195,1
0.5871523009360196,0.41244400419422833,8.851352168506686e-06,1.6537899824222687e-07,1.140034365699885e-05,5.6895628341532725e-06,0.00037758823209420534,1
0.7070098390307805,0.292932671621893,9.458708225977689e-06,2.2489162498002423e-07,1.6560060146118775e-05,6.440864546056892e-06,2.4804822783528018e-05,1
0.730411706357885,0.2695231811608155,9.13049368565942e-06,2.565164698110198e-07,1.8452717461373493e-05,6.796521794376138e-06,3.0476231888298915e-05,1
0.6741672568014625,0.3257656961621557,8.45269667556807e-06,2.0910298925037032e-07,1.5445246208462925e-05,6.4375877421953645e-06,3.650240276642085e-05,1
0.7190847292308105,0.2808250952196856,9.015871119369753e-06,2.2303481055998003e-07,1.7255116358487925e-05,6.86650232830782e-06,5.6815024887299494e-05,1
0.7211595906756887,0.2787472429828306,8.816354731489645e-06,2.26055652988084e-07,1.4863975387642508e-05,6.836015171103509e-06,6.242394053757245e-05,1
0.5487555591731188,0.4512077734909323,1.0871396262265283e-05,2.0312157838942317e-07,1.1512488641516384e-05,6.848273633512234e-06,7.232055833292227e-06,1
0.5394531919143134,0.46051564449525395,8.750712332378048e-06,1.9802875062096388e-07,1.014076383068449e-05,5.958757947471286e-06,6.115327571551529e-06,1
0.3168817282689825,0.6830840512843847,9.84365686251084e-06,1.8391925662550082e-07,1.161372583851971e-05,6.327406612107298e-06,6.251738063177101e-06,1
0.303538179040844,0.6964271881307652,9.962280227238487e-06,1.8613562005261437e-07,1.1753679846997638e-05,6.403656553852696e-06,6.327076142796103e-06,1
0.298891125225747,0.7010727946563962,1.0378599191069928e-05,1.9391413929769163e-07,1.224486055096233e-05,6.671262322855578e-06,6.5914816527565125e-06,1
0.3407798786543179,0.6591814904301451,1.1153591281484193e-05,2.0839412078734282e-07,1.31592103490918e-05,7.026038169272305e-06,7.0836816164464514e-06,1
0.3893789305434229,0.6105741547545018,1.3343186836201638e-05,2.6193100972818763e-07,1.6366404839022523e-05,8.405341171727903e-06,8.537838218508707e-06,1
0.4149165232061131,0.5850445253116,1.0210306649845772e-05,2.725533294272053e-07,1.4037541499622648e-05,7.2422353016752605e-06,7.188845506268039e-06,1
0.34309956528578306,0.6568590612420332,1.4809085998479371e-05,1.886290002446808e-07,1.3485408925789996e-05,6.482194447838789e-06,6.408153811671457e-06,1
0.35370189252633133,0.6462551240284946,1.520597462873485e-05,1.9368432273664683e-07,1.43479721682628e-05,6.655919502559695e-06,6.579894551717255e-06,1
0.39501314632712764,0.6049463980528283,1.4477418963542697e-05,1.8440443019217072e-07,1.3192143019737473e-05,6.337018019488086e-06,6.264635611132041e-06,1
0.4054485180460563,0.5945102424153413,1.4757951492522885e-05,1.8797768045778996e-07,1.3447770438776377e-05,6.459811985434416e-06,6.386027005244198e-06,0
0.6150363991482362,0.3849230107272978,1.202560132819685e-05,1.9856844384252282e-07,1.6143405368568297e-05,6.494821363747307e-06,5.727727961521245e-06,0
0.6324734091414791,0.36748363615714535,1.183186617715432e-05,2.0002123435313448e-07,1.6447263676456286e-05,8.840097316052274e-06,5.635452971566772e-06,0
0.6380180508237897,0.3619403081744217,1.1901619605768435e-05,2.0120043691364843e-07,1.654422665892886e-05,7.325278940075525e-06,5.668676147072205e-06,1
0.4085596540258793,0.591399611669307,1.2507000354536918e-05,1.9645446640820587e-07,1.3772752717141183e-05,8.194863985743578e-06,6.0632332898244085e-06,1
0.3598479003524235,0.6400993037428102,1.3743928799039732e-05,1.6662763375881885e-07,2.5595476282310942e-05,7.6291544253773895e-06,5.66071762569012e-06,0
0.35122874789780917,0.6487134287264029,1.950096136942153e-05,1.7586353015001656e-07,2.479619183668912e-05,7.663877458502194e-06,5.686481593053683e-06,0
0.5074317441694474,0.4909718154492606,2.056191977866521e-05,2.2299398752681328e-07,0.001558150084120558,8.568438369692373e-06,8.936945035662439e-06,0
0.3991705091258189,0.5975992509603567,1.434759815984086e-05,2.29321627189732e-07,0.003199495523247804,7.874315258438263e-06,8.293155530913005e-06,0
0.15123898868259575,0.8450699594546948,1.1536091015708837e-05,1.4311000910942818e-07,0.0036679081062317466,7.833822144079869e-06,3.6307333087089614e-06,1
0.19441693797441598,0.7740526322468108,3.332989117871201e-05,2.6995648092114924e-07,0.03142879688888203,6.322295543636346e-05,4.8100867952869065e-06,0
0.2779573746722377,0.6971955595045417,3.3967069479519586e-05,2.952059401778005e-07,0.02475221695519056,5.603586186673387e-05,4.550730743753351e-06,0
0.3947903657699568,0.5943728138960348,2.793141535148261e-05,3.5946631575585276e-07,0.010746821977733705,5.707300891791319e-05,4.6344656896921485e-06,0
0.19224296753641493,0.7884616273514955,3.872600588567209e-05,7.228714373150377e-42,0.019132360669620683,0.00011736179124428269,6.956645338853895e-06,1
0.1231014236393541,0.8611182974269954,5.412580001834374e-05,5.656645040888155e-07,0.015610142533108478,0.00010467118168783546,1.0773754331515295e-05,1
0.1290001027323261,0.8621853800825329,4.66755471788642e-05,5.663654655977857e-07,0.008647572181967995,0.00010291450305956689,1.6788587469037717e-05,1
0.10772552998259774,0.8865250923527176,5.917409415993511e-05,6.731164085124339e-07,0.005578110059352791,0.00010237993639847154,9.040458364820303e-06,1
0.10054235274958322,0.8938599635959499,5.768193841262636e-05,6.561429658438167e-07,0.005437450382135125,9.243538635127245e-05,9.459804602079106e-06,1
0.07930388511775123,0.9174908643278572,5.5506855044523364e-05,6.319583284894933e-07,0.0030343930359212905,0.00010623851762493565,8.480187472508656e-06,1
0.9542714344507661,0.030037890436505905,9.577183767119846e-06,2.0564737435782472e-07,7.034380982273141e-06,6.26259066605477e-06,0.015667595309938078,0
0.8958306206823424,0.010340931447601268,1.0237972018282587e-05,2.0791043924021134e-07,8.232013083561878e-06,7.318300872007534e-06,0.09380245167364326,0
0.8395050390759331,0.010018138822117965,9.158805894315207e-06,2.08120595141031e-07,7.2601755973072865e-06,6.337907792958855e-06,0.1504538570920694,0
0.8428039088840122,0.00989397238405503,9.63263383093505e-06,1.989240673940031e-07,8.020888946679176e-06,7.0019869189486034e-06,0.14727726429816873,0
0.8432209845649907,0.1559572230366456,1.025137517252499e-05,1.904427170833418e-07,8.051186469052582e-06,6.4550138381589725e-06,0.0007968443801667824,0
0.7996147374085629,0.20029744636767888,9.72123656396438e-06,1.8059418112148827e-07,7.3505527992428265e-06,6.1211998866832114e-06,6.444264032747285e-05,0
0.6781007474863474,0.3218615462484083,1.010148816307001e-05,2.1251723773695446e-07,1.2731751909076882e-05,7.165049658439539e-06,7.495458275975546e-06,0
0.7442024763582695,0.255776285672079,6.8497902843501405e-06,1.2798174039732976e-07,5.388540145552494e-06,4.3149230391155685e-06,4.556734442171881e-06,0
0.7594311711258822,0.24054718480742682,7.026608962370703e-06,1.3128542725611268e-07,5.52763849826764e-06,4.426307323285557e-06,4.5322264799468105e-06,0
0.6714098802260111,0.32854179634781927,1.2341102477936748e-05,2.5963471588553743e-07,1.5634615692157813e-05,8.753622304640145e-06,1.13344509789781e-05,0
0.19825932563645426,0.8017201607006521,6.3659946110404845e-06,1.1918114250340327e-07,5.0179999817052065e-06,4.111194370594731e-06,4.899292787809796e-06,1
0.19751919938416068,0.802443577631264,8.484499186303137e-06,1.2363804050366164e-07,5.28757869840007e-06,4.264936595111951e-06,1.9062332055057134e-05,1
0.06332657277956244,0.9365081115240987,9.75300489823796e-06,1.4212299254944762e-07,7.312117239833047e-06,5.002629132562481e-06,0.00014310582207546543,1
0.04143962082593925,0.9582745039009335,8.50400275586206e-06,1.0002085631988717e-07,5.881002610858452e-06,3.441035154441457e-06,0.0002679492117500237,1
0.38567312494179357,0.6139209193034488,1.1478513530005707e-05,2.1446498035140934e-07,1.2747695394881747e-05,7.269243146552083e-06,0.0003742458377059072,1
0.6004537433729367,0.39915556830690396,8.566172545063938e-06,1.6005069138625706e-07,1.1033038679259005e-05,5.5062521539646855e-06,0.000365422806089784,1
0.6836563647830238,0.3162477664801821,1.1435952793930098e-05,2.136697739510042e-07,1.8752743834787567e-05,7.203907584952953e-06,5.826246280634189e-05,1
0.6006678260317051,0.3992636092781164,1.1674171228449676e-05,2.1812065617935485e-07,1.6828988067240418e-05,7.353969728285871e-06,3.248944049849186e-05,1
0.5628258402474262,0.4371392078001427,1.0349026959768804e-05,1.9336161061108392e-07,1.1005792556588015e-05,6.519214896718715e-06,6.884556407264933e-06,1
0.5851603097435993,0.4148041373178847,1.0540991672596319e-05,1.9694828655628328e-07,1.1162599906536518e-05,6.640140199201202e-06,7.012258451022577e-06,1
0.5831377060569687,0.4168234054853767,9.95514474505479e-06,2.0943843405421793e-07,1.1332768473167097e-05,7.061247343341229e-06,1.0329858658924913e-05,1
0.6996181447336679,0.3003512398875968,8.639979548772094e-06,2.2599595278443353e-07,1.0354172920121187e-05,5.883354959772078e-06,5.511875353869985e-06,1
0.7312205081045153,0.26875024865883407,7.645215192982864e-06,1.891274952448978e-07,9.56228940336138e-06,5.69091589904001e-06,6.15568866005622e-06,1
0.4289271067157923,0.5710250977523864,1.3888964480472472e-05,2.5950193695546137e-07,1.6076993846755283e-05,8.74914564365151e-06,8.820925913353771e-06,1
0.43085197154078825,0.5691081858776957,1.0570731618944815e-05,3.0589673144963183e-07,1.402545358769932e-05,7.497887019525843e-06,7.442612558356879e-06,1
0.3335616813717129,0.6663977593038164,1.4517672615348575e-05,1.8491715637237657e-07,1.322004287697576e-05,6.354637742830099e-06,6.28205407924547e-06,1
0.6527011926093536,0.34726067553517703,1.1142577352256384e-05,1.7511867984502844e-07,1.5489095718622126e-05,6.017915234305615e-06,5.307148484482632e-06,0
0.6624086430552164,0.3375526352123218,1.1311016046540418e-05,1.9121610720932487e-07,1.572323930820706e-05,6.1088860889232985e-06,5.3873749108144824e-06,0
0.6471511955510068,0.3528086508149681,1.2071989729634708e-05,2.0408059478244073e-07,1.4697601850607427e-05,7.430139347458297e-06,5.749822502721682e-06,0
0.392720843335471,0.6072365883750257,1.4259259465227497e-05,1.7287536181138433e-07,1.4506273499045986e-05,7.756914097478844e-06,5.872967079816478e-06,0
0.43645498333043264,0.5635046073229466,1.2884132980890284e-05,1.5620370441599657e-07,1.4910528717322688e-05,7.15188805075719e-06,5.3065931672868355e-06,0
0.40138525559245386,0.5983947466545091,1.316975478521434e-05,1.8396156297107088e-07,0.00018757974297515758,8.171501460817806e-06,1.0892792252959966e-05,0
0.40637248250533287,0.5922421388876542,1.2104614756714806e-05,1.690831671602535e-07,0.001359880087230278,7.510608874675567e-06,5.7142129839815854e-06,0
0.4400387939550816,0.5579683278639964,1.2003235254242902e-05,1.8362769831924055e-07,0.001967964971617818,7.960274579618413e-06,4.766071772029319e-06,1
0.21304423345326215,0.7845714550927712,1.1667043629945848e-05,1.8507898416270058e-07,0.002360837104304193,7.922748235928321e-06,3.69947881245967e-06,1
0.12302569058991168,0.8728441132589626,1.1718344356268168e-05,1.453709376329768e-07,0.004106686757195513,7.95758505936565e-06,3.6880935768700886e-06,1
0.1442370628437098,0.8509896276319238,2.1598813360864997e-05,8.279052208452873e-08,0.004717068000145395,3.1081946384443085e-05,3.4779739537850867e-06,0
0.14694112914033053,0.8387022895777203,2.08086480486834e-05,1.5872558969992646e-07,0.014279759948724272,5.297129141177711e-05,2.8826681746212486e-06,1
0.26890138033875277,0.7104571596475251,2.904443946114173e-05,2.47777097672251e-07,0.020548756680371313,5.89962224296798e-05,4.414894362309925e-06,0
0.2829880968900331,0.7016131021241863,2.2914970468736155e-05,1.8850419264128974e-07,0.015328878732212423,4.3460009653367265e-05,3.358769253422475e-06,1
0.23097228599676062,0.7553184193539928,2.422338045555415e-05,1.4292339203365443e-07,0.013610968093617528,5.47206155141233e-05,1.92396362672989e-05,1
0.277810834086175,0.6742450218379186,2.779770959434974e-05,2.717402752508895e-07,0.04786421116846482,4.736128270399084e-05,4.502174867897616e-06,1
0.34915017433856593,0.642452709281681,2.164194054113154e-05,2.785232518378214e-07,0.008334860043294217,3.674497583394995e-05,3.5908968319039284e-06,0
0.08387861636556423,0.908056561499326,2.919771336243443e-05,3.024986850409944e-07,0.007959996921237769,7.104244871229196e-05,4.282553112129957e-06,1
0.10428171206227596,0.8822167855233364,3.2160300247814516e-05,2.3867412779243214e-07,0.013395158550993696,6.969135677161035e-05,4.253532246876651e-06,1
0.0904322766409083,0.8960287066621602,5.983229050409606e-05,5.885969854755801e-07,0.013333673872079475,0.00010509121650652831,3.983072085590335e-05,1
0.08228477815761188,0.9127992719391327,5.844117243266043e-05,6.100851777457894e-07,0.004752424675092356,9.254382414370166e-05,1.1930146409278375e-05,1
0.08418590688076508,0.9117878139738478,5.811061031906677e-05,6.066343392798056e-07,0.003868297742050702,8.7401493023052e-05,1.186266565472854e-05,1
0.9507889866153253,0.032234511639113256,1.086606197145235e-05,2.2066554912063425e-07,8.897535059691542e-06,7.767271746685947e-06,0.016948750211234515,0
0.7921885623416367,0.008645281233069598,1.4445785831045507e-05,1.84566297029257e-07,8.502429511580756e-06,6.4966035251931495e-06,0.19913652704012885,0
0.812969671164426,0.008719454996539484,9.606325023145677e-06,1.8564665094035604e-07,8.971863776182695e-06,6.292452235406002e-06,0.1782858175513488,0
0.9833861377956601,0.009681758950333628,4.693586919215724e-06,9.22737056694995e-08,3.7848685459995007e-06,3.1745085647322058e-06,0.0069203580162707935,0
0.9295367596086948,0.06745586693230489,8.375229223967141e-06,3.975580470747838e-08,7.554588998753904e-06,5.5683315437042455e-06,0.002985835553429436,0
0.9047259634979717,0.0917747712475395,1.1009154394552696e-05,1.9209367103372218e-07,1.1060722691006894e-05,6.510972557710348e-06,0.0034704923111744503,0
0.8799749905076895,0.1171105551326072,1.2346987658689445e-05,1.891830388612829e-07,1.0668250181242712e-05,6.4123173230097e-06,0.002884837621501745,0
0.6481248201478673,0.35184114587269927,1.1041095385681697e-05,2.0629224322106836e-07,8.555515300948801e-06,6.955173060640707e-06,7.27590344287653e-06,0
0.8871614432634067,0.11281740345349431,5.2485278133804455e-06,1.207053230197801e-07,4.8805206000234606e-06,4.163771500055623e-06,6.739757862311348e-06,0
0.8627316282384874,0.13724633916840911,6.526577631151967e-06,1.333019066293249e-07,5.294650101508271e-06,4.59829497026659e-06,5.479768493842868e-06,0
0.7708518469152551,0.22912744662474815,6.67836477950904e-06,1.2477881978993828e-07,5.2536844526828374e-06,4.206936103804445e-06,4.442695841025092e-06,0
0.347814983392731,0.652142307446086,1.0325358337916465e-05,2.176629329625357e-07,1.334282375791421e-05,7.508357495877855e-06,1.1314958658397772e-05,1
0.1993556625711487,0.8006238518172802,6.357289458313027e-06,1.1901816874814345e-07,5.0111381386003814e-06,4.1055725350332885e-06,4.892593270361187e-06,1
0.17904638782706342,0.820917441147221,8.048191361903864e-06,1.1728006423651482e-07,5.019926292437759e-06,4.045616024014702e-06,1.894001197311675e-05,1
0.05319691398348751,0.9467624006355201,7.842289024662658e-06,1.1427960882333927e-07,5.8795968396723964e-06,4.022561656648028e-06,2.2826653862660344e-05,1
0.04030455091882147,0.9594473125861774,7.559103267869447e-06,8.852622197678389e-08,4.963949326466091e-06,3.116060597321508e-06,0.0002324088555875213,1
0.04174219190283942,0.9579469428915245,8.566094667431687e-06,1.0075115784306734e-07,5.827211958204395e-06,3.466159846501355e-06,0.00029290498800602647,1
0.03318238228814542,0.966469214838142,7.126801530669408e-06,8.382273764293663e-08,4.695064697372461e-06,2.9505012650068006e-06,0.0003335466834819944,1
0.3509808233461841,0.6484265756139381,1.006600906283692e-05,1.8699911805491312e-07,1.1131117847158307e-05,6.43336362786731e-06,0.0005647835502217368,1
0.33239627616837825,0.6670431734537562,9.574249352710699e-06,1.7786355782299872e-07,1.0572124424520874e-05,6.028646013011919e-06,0.0005341974945173489,1
0.3532896272062792,0.6460704576487231,1.0126943155205612e-05,1.881311080482949e-07,1.1182422676987366e-05,6.472307679188417e-06,0.0006119453403782952,1
0.3692951277770294,0.6300951420620211,1.0447032471480522e-05,1.9519274929368767e-07,1.179475721855054e-05,6.715250567976889e-06,0.0005805779279423669,1
0.4252190091504115,0.5742531889071133,1.1613978436521857e-05,2.169960117814239e-07,1.3067009314845226e-05,7.465352051430173e-06,0.000495438606660518,1
0.6771478421433832,0.32277598780199823,9.059200468079785e-06,2.050098417337835e-07,1.6142475649321232e-05,6.168821546923856e-06,4.459454711249614e-05,1
0.6545847265932531,0.34534492762832475,8.053266973942167e-06,1.9922188883814635e-07,1.1328865398723638e-05,5.994659915300572e-06,4.476976424524853e-05,1
0.6656847697785451,0.33421593493894053,9.605798938907799e-06,2.020888233296547e-07,1.9443565750106587e-05,6.813454146081268e-06,6.323037485590271e-05,1
0.6006510994769152,0.3992524911453535,1.1673846142509965e-05,2.1811458226137844e-07,1.6828519437194384e-05,7.3537649452556295e-06,6.033513262418407e-05,1
0.575417655515233,0.424538459648487,1.1820673038721496e-05,2.1959601061927057e-07,1.2272289592739446e-05,7.403711518355999e-06,1.216856611933773e-05,1
0.6010912224998576,0.39887358515270177,9.864527795345412e-06,2.0753201556087262e-07,1.1229611669614727e-05,6.9969721658542436e-06,6.893703794147996e-06,1
0.46883972718481476,0.5311170103700477,1.1590530312208883e-05,2.438440204149552e-07,1.510693469872692e-05,8.22123670433388e-06,8.099899401891637e-06,1
0.48307761211353684,0.5168806829677653,1.097679905796428e-05,2.43709245420264e-07,1.4564231812778498e-05,8.249177710380205e-06,7.67100087134367e-06,1
0.5310740028988045,0.4688818716724552,1.3383734491140528e-05,2.0500223422229054e-07,1.519748475923438e-05,7.176138743827522e-06,8.163068512058038e-06,1
0.44255163078367643,0.5574060092792824,1.4375625627107712e-05,1.9871163774279185e-07,1.4206233876015887e-05,6.828682086139622e-06,6.750683814117588e-06,1
0.48327828910188564,0.5166804944748148,1.458086676034897e-05,1.8572208440061314e-07,1.3758136230958668e-05,6.382298918941815e-06,6.309399305088656e-06,0
0.4905662492136202,0.509396614237784,1.2368578207135072e-05,1.7782931745546336e-07,1.2575409489542253e-05,6.111065704517894e-06,5.903665877098687e-06,0
0.6674145136076498,0.33254609672100066,1.184230816285487e-05,2.0019775924258555e-07,1.4417965411498568e-05,7.288773583823872e-06,5.6404264320897495e-06,0
0.5300736423918315,0.46988503645527824,1.2597082205302944e-05,1.7539346425938592e-07,1.52394106228786e-05,7.869901304985666e-06,5.439365292793148e-06,1
0.3253398537753592,0.6746174405737282,1.4929109126532692e-05,1.8099643589940124e-07,1.3408064153805712e-05,8.038622860194457e-06,6.148858336221837e-06,1
0.35523738696825974,0.6447169935836367,1.4988268318820709e-05,1.8544110969901436e-07,1.5741785961499433e-05,8.404098754709247e-06,6.299853958918673e-06,0
0.5802113074848745,0.41974138776788933,1.1517799759452362e-05,1.7674632967608665e-07,2.2753861232967057e-05,7.0594756830447165e-06,5.796864231222867e-06,0
0.587489647773155,0.412462445637006,1.1662282407308643e-05,1.682518443711595e-07,2.3039292321243743e-05,7.167181474965643e-06,5.869581791076527e-06,0
0.6028337911199878,0.397116950808046,1.1990303769596917e-05,1.9994455086807374e-07,2.3687311275804132e-05,7.3687705421033225e-06,6.011741827750239e-06,0
0.3772612666785378,0.6205398231458739,1.367487026895153e-05,1.7813552991010587e-07,0.0021705195377655995,7.912711326076807e-06,6.624920697869963e-06,0
0.38766354629203564,0.6106146571282289,1.2885054578191048e-05,1.991390319294438e-07,0.0016945733106596588,7.731652130509742e-06,6.407423335212587e-06,1
0.10956585024091557,0.886273469249577,1.1296483081170411e-05,1.401375729828588e-07,0.004138017455520784,7.671111400819577e-06,3.5553219316857563e-06,1
0.10008435816351165,0.8908443540975975,1.1807413455389682e-05,1.4695184130749581e-07,0.009048128534384742,7.65635596429827e-06,3.54848324504249e-06,1
0.1060038987321352,0.8903262366380273,1.89285057886448e-05,7.97689868599054e-08,0.0036189757582151564,2.8316213709479578e-05,3.5643831372598806e-06,0
0.12084193993821202,0.866707145901421,2.2798464373738282e-05,1.4362619070298117e-07,0.012383403132374833,4.092510847537678e-05,3.643828952519746e-06,0
0.13079359755453243,0.8586247545321849,2.2555849385531548e-05,1.4228681893291612e-07,0.010515486205853167,4.054346544279002e-05,2.920105782025741e-06,0
0.2605513719044164,0.7157050659038268,2.9634977506972113e-05,2.3781836100155473e-07,0.023649672614018364,5.9779332359905403e-05,4.237449510480466e-06,1
0.3506690674884349,0.6382464608763797,2.431923980284503e-05,2.1425469647752932e-07,0.011011457405524857,4.459786085484432e-05,3.882874306352477e-06,1
0.5091463627123053,0.48130147729938566,2.472337252147748e-05,2.438187941372675e-07,0.009483585361045347,3.961765040191012e-05,3.989785546304793e-06,0
0.17817347970227623,0.8126820400312691,3.945202034934651e-05,3.3822671831181224e-07,0.009012801817004592,8.549806158056279e-05,6.390140801845803e-06,1
0.09294392682964601,0.8981336244567361,3.623425288786376e-05,2.3555143787428775e-07,0.008811365132894836,7.013227581797654e-05,4.481500579459114e-06,1
0.0857519367229941,0.9067033824927746,3.648070701219827e-05,3.2948205429652463e-07,0.007430152249031716,7.060853665792568e-05,7.1098094750254295e-06,1
0.09160065578849756,0.8975523165091368,6.25661044634273e-05,6.176795228514787e-07,0.010667525519630043,8.744128627564022e-05,2.887711247366429e-05,1
0.9001562815607488,0.007980390208282662,1.0316240710525703e-05,1.9936609823102932e-07,8.15650431545565e-06,6.858827027262692e-06,0.0918377972928173,0
0.8835712307231066,0.11355638747014907,1.2067011346879983e-05,2.198201717739949e-07,1.2657210145433838e-05,7.450756177179829e-06,0.0028399870089028494,0
0.8243137170133066,0.1747186766534505,1.0021511949588699e-05,1.8617248250536575e-07,9.017402557796664e-06,6.310275180177331e-06,0.0009420709710730084,0
0.8306754063350114,0.1688156341341962,9.550635721618703e-06,1.8523508532434482e-07,8.952075375187681e-06,6.278502309741476e-06,0.0004839930823007974,0
0.8224748431556748,0.1774319763695904,1.0264008325101317e-05,1.906774067577976e-07,8.035546871022439e-06,6.462968592845771e-06,6.82272735393047e-05,0
0.7673386055038949,0.23261608732293654,9.979330279665197e-06,1.864541838761553e-07,7.732775591416181e-06,6.319823385929296e-06,2.1088789727638734e-05,0
0.7201940136929724,0.27977608178584024,9.701441805778496e-06,1.8126210513388593e-07,7.517445589523604e-06,6.111278305269174e-06,6.3930933815741065e-06,0
0.6940915529988346,0.305874488351425,1.0121719789858688e-05,2.1294287496689978e-07,8.934116544029064e-06,7.179400079711313e-06,7.51047045160765e-06,0
0.897970940975493,0.10201394051709033,4.980748652766033e-06,9.306049595693988e-08,3.5937714198753763e-06,3.1375481907769017e-06,3.3133786571121864e-06,0
0.865109853676009,0.13487162069534378,6.077476166235987e-06,1.1355179424328401e-07,4.38509583073688e-06,3.906542397431497e-06,4.042962458491325e-06,0
0.8543889281399929,0.1455910738340748,6.560507515824936e-06,1.225767702236588e-07,4.733618589076146e-06,4.2170302372590065e-06,4.364292819852827e-06,0
0.8429126199844916,0.15706646675661093,6.86075678877983e-06,1.2818663898031167e-07,4.950258160997612e-06,4.410027541158384e-06,4.564029767484126e-06,0
0.7984232363950384,0.20155559672501414,6.943959141403055e-06,1.2974119487937345e-07,5.0102913523447976e-06,4.4635092018343126e-06,4.619379057043281e-06,0
0.6958224659565471,0.30415876215163223,6.054416892094662e-06,1.1312095389425192e-07,4.762841945030208e-06,3.813889455243114e-06,4.027622574446798e-06,0
0.8007000126601899,0.1992742863495492,6.902407317762556e-06,1.4521430043040605e-07,6.595231829357455e-06,4.895921313391377e-06,7.162215500104596e-06,0
0.46042570674481514,0.5395204581475272,1.3282874065507761e-05,3.011947770053015e-07,1.6864927677444587e-05,9.272788549861257e-06,1.4113322587701213e-05,1
0.17785557009992908,0.8221028117142504,8.836813305395932e-06,1.2877204150595141e-07,5.421814964582625e-06,4.442035719821539e-06,2.2788749789342873e-05,1
0.05522689928057974,0.9447293671971538,8.141549455832685e-06,1.1864049948968214e-07,6.103961266922256e-06,4.092544704482927e-06,2.5276826339574173e-05,1
0.05323052425766695,0.9465797064449264,8.534949602655662e-06,1.2437321537768245e-07,6.398905033048821e-06,4.377849490766864e-06,0.00017033322006478025,1
0.041166806968238996,0.9587279381295566,7.966923036504546e-06,1.0021560610196026e-07,5.71269188356809e-06,3.527518676815402e-06,8.794755300128573e-05,1
0.053018325160217865,0.9466728743313213,9.409813383399924e-06,1.1020027096067983e-07,6.179282800017224e-06,3.791239351039992e-06,0.00028930997265559313,1
0.035080302637482914,0.964706433771562,5.1152285839233885e-06,6.01633792843376e-08,3.3698608050213826e-06,2.1177085320414823e-06,0.00020260062965474544,1
0.3291258156884488,0.6703498022796581,9.412348499996812e-06,1.748558795583715e-07,1.0514309501830653e-05,6.015597652921757e-06,0.0004982649203587686,1
0.3429435288275028,0.6564658048182624,9.757318339712646e-06,1.8126448254886242e-07,1.0899667063078033e-05,6.236073951491033e-06,0.000563592030397907,1
0.5733718301545959,0.4258484088094531,8.234172311709095e-06,1.5384758648622092e-07,1.1237947991796392e-05,5.292845642432267e-06,0.0007548422224185866,1
0.6734705550981955,0.32589375176086877,9.550164680204848e-06,1.7843563760575522e-07,1.3251606064616935e-05,6.015983540417721e-06,0.0006066969510130295,1
0.6974120302931798,0.3025157574303499,9.136517814232712e-06,2.172311788050053e-07,1.166190988387471e-05,6.221470443764114e-06,4.4975147149748735e-05,1
0.709186233227151,0.29072478708218524,8.577172532602687e-06,2.121822756360599e-07,1.1967770116321463e-05,6.53238876040314e-06,6.169017697882118e-05,1
0.6680708840013665,0.3318201876584378,9.138395690771047e-06,2.1016426757327917e-07,1.5406921881784165e-05,7.085718926273579e-06,7.708713942941825e-05,1
0.618055455278529,0.3818529209174081,1.0396031558473989e-05,1.9423984630870991e-07,1.704747476903775e-05,6.548824741323853e-06,5.7437233147597676e-05,1
0.5905980719394178,0.4093137395187881,1.1906806551624134e-05,2.211961374269475e-07,1.2361713892905646e-05,7.457660026998844e-06,5.62411651851487e-05,1
0.5932170698992097,0.4067515012696963,8.735741973410318e-06,1.9768997117420293e-07,1.0441969479579468e-05,5.948563949304371e-06,6.104865720507396e-06,1
0.7422055621130463,0.2577663930748203,7.332754311523243e-06,1.7814797820346487e-07,9.171477464086124e-06,5.458327469121292e-06,5.904104910461106e-06,1
0.47842290262513315,0.5215437866690102,8.935891406292213e-06,1.825108700470793e-07,1.0876129197393248e-05,6.153380596405776e-06,7.162793786382056e-06,1
0.45179399674461845,0.5481728141516202,8.905021290842357e-06,1.7535412294299438e-07,1.0838556296301962e-05,6.132123000405426e-06,7.138049050677969e-06,1
0.3194296677122186,0.6805357912236346,9.972761622776623e-06,1.8633145484274342e-07,1.1766045988553078e-05,6.282192169889032e-06,6.333732910738771e-06,1
0.37934262920649303,0.6206176682660801,1.1310306881943231e-05,2.1132220098564968e-07,1.38729273265696e-05,7.124758820115368e-06,7.183212197222256e-06,1
0.5198903877183189,0.4800647292529338,1.1813282534836e-05,2.6228103086321744e-07,1.5674094460385168e-05,8.87780367101533e-06,8.255567050068777e-06,1
0.4468871155956153,0.553070406538452,1.4416884207173919e-05,1.9563624471494184e-07,1.4247006295458115e-05,6.848280657631801e-06,6.770058527668922e-06,1
0.3719678619558522,0.6279839079577891,1.726332016383277e-05,2.198895207808223e-07,1.572027685233414e-05,7.556455417218239e-06,7.470144404680276e-06,1
0.672143090973547,0.32781525407352374,1.2183926389339563e-05,2.059729174734092e-07,1.5962881520613718e-05,7.49903478212342e-06,5.803137319853319e-06,0
0.530978575767862,0.4689764486913199,1.401673711581554e-05,1.8956786606665602e-07,1.6470981767144323e-05,8.419307121432348e-06,5.87894694745816e-06,1
0.5448627378250556,0.4550921380542511,1.4186987788810448e-05,1.918704031342622e-07,1.6099437313284654e-05,8.695471131851111e-06,5.950354056404847e-06,0
0.5230006539463359,0.47695235587026835,1.3659016841591055e-05,1.8472991637314284e-07,1.9045658101625286e-05,8.37186782730585e-06,5.728910708865725e-06,0
0.6148553508707667,0.38510922531454583,1.0603222643874532e-05,1.1616700096427983e-07,1.4784764935330607e-05,6.4989142005973204e-06,3.4207459067106386e-06,0
0.6213832600152838,0.3785788374853221,1.1092448997511576e-05,1.2152687693816948e-07,1.444293534757488e-05,6.662801340084955e-06,5.582786831970081e-06,0
0.4607108498836315,0.5392444756441098,1.4016886922192142e-05,3.0820949525080243e-07,1.320879440902483e-05,7.88048927261784e-06,9.260092159660037e-06,0
0.4921683173854871,0.5077852330223727,1.3583876814959436e-05,2.1381539556923493e-07,1.2834889160847077e-05,7.657413933113192e-06,1.2159596835761634e-05,0
0.35545825314498813,0.6443929766405774,1.4949251719584018e-05,3.1471901887713707e-07,0.00011286204523893793,7.866071224003712e-06,1.2778127233351474e-05,0
0.3350444663027413,0.6634356674304049,1.4503531696287003e-05,1.799223454763093e-07,0.0014911102057793154,7.992080982289934e-06,6.080526050560204e-06,0
0.3128290776740743,0.6856999763928798,1.2380814148187606e-05,1.9010575647686537e-07,0.0014455108476860374,7.305785761526995e-06,5.55837969375135e-06,0
0.3150778274418288,0.6833009381638921,1.2382264613979941e-05,1.6515882906629403e-07,0.0015957690906623875,7.33629129468971e-06,5.581588879130371e-06,1
0.17695003662362074,0.8211951936718163,1.1109587207421315e-05,2.449340389820726e-07,0.0018323080760723363,7.584391139657451e-06,3.522716104664032e-06,1
0.13547589505890434,0.8521039414275999,2.2881929441386346e-05,1.4415200549149237e-07,0.012358484300191932,3.4995962864340505e-05,3.6571689926660623e-06,0
0.15242796821188873,0.8342660738337763,1.894133520120282e-05,1.4668843957540457e-07,0.013239965938550133,4.359112600966246e-05,3.3128661343219753e-06,1
0.16496952705949985,0.8173755874107752,2.1230188803060813e-05,1.7353895226140365e-07,0.017574234355425305,5.609574797011847e-05,3.1516985741669366e-06,1
0.24874100135776045,0.7276296618181831,3.197954849935425e-05,2.326134594975059e-07,0.023516121066218736,7.677902554999635e-05,4.224570328890828e-06,0
0.2918551573019141,0.694595822609981,2.1754328217001184e-05,1.8578690890884436e-07,0.01347706920016948,4.6700420140010425e-05,3.310352669549828e-06,1
0.20717417980871466,0.7772009359991658,2.4110832528029308e-05,1.6903642233798237e-07,0.015549415825147132,4.608332211003752e-05,5.105175912283923e-06,1
0.15595702906436887,0.8370500192854959,3.0067555882450038e-05,2.5861991237581875e-07,0.0068915017353108525,6.623761512278978e-05,4.886123906742791e-06,1
0.11323421872901353,0.8803502414207608,2.0752691587836245e-05,2.086374196155497e-07,0.006310452580692941,7.972856189048933e-05,4.3973786347635e-06,1
0.08547192518236069,0.9058284016483796,2.518353968532169e-05,1.7942937025966103e-50,0.008592425435836848,7.739306688482386e-05,4.671126852648401e-06,1
0.07756261805195049,0.9133712778582007,2.9126922638711425e-05,2.395477821495799e-07,0.008960857952485036,7.132213363208151e-05,4.55753331076852e-06,1
0.05664807834888725,0.9348845882903164,2.8752642212878277e-05,2.4452192324671365e-07,0.008360758022622778,7.024738490366776e-05,7.330789133716182e-06,1
0.06774650153860781,0.9216298955643633,6.480580656537833e-05,5.853052757547804e-07,0.010431125861525295,0.00011105617073326477,1.6029752929217046e-05,1
0.06872011459659558,0.9203939969582903,6.471890247688786e-05,5.845203858787965e-07,0.010676544821369368,0.00011974151289760098,2.4298687984268805e-05,1
0.037585276534080225,0.9559877421378324,6.722173075551078e-05,7.017480972615806e-07,0.00627388243060087,7.145281423647376e-05,1.3722604397138147e-05,1
0.034358450252723334,0.9593052522895202,6.141867701702884e-05,6.411682539056051e-07,0.006196415136508702,6.528450354111082e-05,1.2537972435813751e-05,1
0.8857648507550047,0.010267467250382724,1.1754141984000557e-05,1.9947242351259395e-07,9.151305431682381e-06,6.86248495467035e-06,0.10393971458981882,0
0.8438475723873095,0.011050966122838906,1.3853042257557626e-05,2.015553344192053e-07,9.285064777079674e-06,7.094605663035685e-06,0.1450710272218195,0
0.8541148753340437,0.01008157338206061,1.0388077685242863e-05,2.0075438081961497e-07,9.686997555061347e-06,6.90658835792301e-06,0.13577636886591657,0
0.9850642791573203,0.012407526431023686,6.966698457135889e-06,1.3463465306060468e-07,5.5224233152161745e-06,4.631859706398606e-06,0.0025109387955241573,0
0.9840947588279614,0.013768553919067075,6.959841690602354e-06,1.3450214289254732e-07,5.516988033697279e-06,4.627300935724337e-06,0.002119448620168577,0
0.9708050157206596,0.025883427501331522,1.0563817847562507e-05,2.9333745929453546e-08,8.35225042523656e-06,7.023143380523495e-06,0.003285588232609792,0
0.968708615791475,0.02681041342745295,1.1083952825253832e-05,2.605315032976945e-08,9.997900455876334e-06,6.602997526199546e-06,0.0044532598771143475,0
0.9724882109272108,0.02321386243116192,9.836843039394325e-06,2.3121782861775976e-08,8.872987738080902e-06,5.860301501541446e-06,0.004273333387565608,0
0.8220343644460102,0.17741832830579216,9.451285912165196e-06,1.8330819051152928e-07,8.85895204720595e-06,6.213190635596658e-06,0.0005226005114121542,0
0.8031188818099917,0.19683511237927212,1.0133211763421754e-05,1.8932931133094517e-07,7.852015154414546e-06,6.41727519606608e-06,2.1413979310804633e-05,0
0.7299399134195659,0.2700148124263534,1.0068843306170776e-05,1.881266486443965e-07,7.802137374930512e-06,6.342717390677418e-06,2.0872329360280873e-05,0
0.7211546711470684,0.27880248468827884,9.528420557618428e-06,1.7802936959804978e-07,7.383375020950998e-06,6.002286155298083e-06,1.9752053549189456e-05,0
0.9133085925189983,0.08667568172547906,4.658342472220775e-06,9.514418863501486e-08,3.779054634342972e-06,3.282031406100233e-06,3.9111828212943424e-06,0
0.8356436030539031,0.16433564423050026,6.801591750706004e-06,1.4688735293596666e-07,4.907568670379074e-06,4.371996831804867e-06,4.524670990708234e-06,0
0.7340498232505339,0.2659302676092049,6.134302763548168e-06,1.1461354453387136e-07,5.113494567437062e-06,3.864212366299546e-06,4.6825170194654536e-06,0
0.17589880939743865,0.8240835997657683,5.260694312044131e-06,1.0744690734119897e-07,4.523942024276377e-06,3.7064179057214267e-06,3.9923356438124305e-06,1
0.06128224586034867,0.9385593242944333,9.297632861974742e-06,1.354872082765661e-07,6.970711308877377e-06,4.769054204780354e-06,0.00013725695963386127,1
0.03972697574083795,0.9600345650077254,7.785550981032208e-06,9.117819798652981e-08,5.112654130911884e-06,3.2094082830634608e-06,0.00022226045984353603,1
0.028710835080506904,0.9710831145081372,6.2793113258722886e-06,7.385487916028388e-08,4.141280057789772e-06,2.599639674351578e-06,0.00019295632541859023,1
0.44182199653117105,0.5576622083182119,1.8526635121366918e-05,2.461283264669672e-07,1.745624170993177e-05,8.467596209814505e-06,0.0004710985492495263,1
0.5036390191144737,0.49518499639327096,9.670552404591993e-06,1.8068496639538875e-07,1.3046473104632937e-05,6.216136755089794e-06,0.0011468706450245396,1
0.6970778245495661,0.30198609336548576,1.0364823853867879e-05,2.180573495207322e-07,1.6555198352073983e-05,7.3518353350593664e-06,0.0009015921700575433,1
0.6839852331935393,0.3159160549590071,8.27238189347986e-06,2.009760652875675e-07,1.1637103463887342e-05,6.157763836882592e-06,7.244362219399107e-05,1
0.7046215439078019,0.29466897554418964,8.521965414901566e-06,1.9598764162908424e-07,1.0350731302528217e-05,6.607751915404531e-06,0.0006838041117339672,1
0.5863550706678275,0.4135566881088076,1.1821265135660449e-05,2.1960701017278734e-07,1.2959153976167107e-05,7.404082369906713e-06,5.583711487287342e-05,1
0.7204981950737696,0.2794733460261683,8.039400786215022e-06,1.8193175972026416e-07,9.634437841517665e-06,5.4743935702828995e-06,5.128736104441263e-06,1
0.4150905012239535,0.5848698479744692,1.1522176943037553e-05,2.1528078920971417e-07,1.3337349092863316e-05,7.258223199310073e-06,7.317771552946605e-06,1
0.44844847802490284,0.5515124544782309,1.1352673683940352e-05,2.1211378391440714e-07,1.3141142755281985e-05,7.151447153982856e-06,7.210119489132156e-06,1
0.5376711525992468,0.46228590732838476,1.1301893413017338e-05,2.509270599709352e-07,1.4995573365358267e-05,8.493489471332806e-06,7.898189058693381e-06,1
0.5061245423884082,0.4938350001350715,1.063878098003426e-05,2.7301799072069487e-07,1.4115742811760414e-05,7.995153638386033e-06,7.434781099382939e-06,1
0.6099548401189014,0.3900018312189768,1.3368520909243316e-05,2.2619705164623873e-07,1.6707547980797804e-05,6.847183113511527e-06,6.179213066688322e-06,1
0.38783904344030445,0.6121201437916449,1.3850565304995287e-05,1.9145382516286664e-07,1.3687360476803275e-05,6.579268939974296e-06,6.5041195038147434e-06,1
0.4019817090929199,0.5979723832361921,1.6432042327661658e-05,2.0930121660198107e-07,1.4963300928711007e-05,7.192590653734986e-06,7.110435761286287e-06,1
0.4716981218137094,0.5282592639684759,1.3905065876558342e-05,2.0305129256255935e-07,1.4787289752393512e-05,6.977813377413733e-06,6.740997515792553e-06,0
0.6705286810544526,0.3294289841224741,1.2382786001563993e-05,2.093346986586054e-07,1.6223419242833646e-05,7.621430067614917e-06,5.897853062565034e-06,0
0.6319155805389555,0.3680431809886235,1.2579729365010146e-05,1.787446980105451e-07,1.4998087321936206e-05,7.938616075096292e-06,5.543294961045406e-06,1
0.5154434082820778,0.4845134537547409,1.2991411158145672e-05,1.8459426246899242e-07,1.6038840308394578e-05,8.198413691243778e-06,5.724703761125777e-06,1
0.6238146323568703,0.3761484078563404,1.147233254503054e-05,1.6301446151474492e-07,1.3481067570469314e-05,7.031607973821588e-06,4.8117642386066834e-06,0
0.5081835587301515,0.4917756270102761,1.324661249076992e-05,1.2481934336979225e-07,1.4385849067896807e-05,7.447430246923331e-06,5.609548423554382e-06,0
0.41249986956718354,0.587452402854962,1.3912020858004934e-05,0.0,1.619632072407858e-05,7.818199049608197e-06,9.801037222707328e-06,0
0.4550243657941866,0.544925536635737,1.293205204734013e-05,2.2920323805301654e-07,1.5878771065683805e-05,8.02284638385456e-06,1.3034697341395719e-05,0
0.5357611328246636,0.46419743058466184,1.0899367909654812e-05,1.6280753805580124e-07,1.1476800800166055e-05,6.778407175250673e-06,1.2119207251499456e-05,0
0.34367779504404067,0.6561735396659764,1.4856708520372146e-05,3.6766137181667036e-07,0.00011811957603443112,7.950231631161598e-06,7.3711124252054556e-06,0
0.35071723812605105,0.6490409490019828,1.554998076219712e-05,1.9290398155659186e-07,0.00021098202291011908,8.568720234971842e-06,6.51924407725158e-06,0
0.3060863129591516,0.6924276869200171,1.4012463379874376e-05,1.6598855278085229e-07,0.0014588388919730725,7.373147301108039e-06,5.609629624418472e-06,0
0.3892179871516642,0.6091926429855843,1.383475597462605e-05,1.7162590437778329e-07,0.0015633857365710544,7.623556278208922e-06,4.3541880231818445e-06,1
0.22737119900049732,0.7705152001502071,1.3289591698545515e-05,1.567893385478493e-07,0.0020878853845970767,8.29130267000794e-06,3.977780991410887e-06,1
0.15593226967685203,0.841263123626878,1.2071524821887265e-05,1.807053141510996e-07,0.00278091820089055,7.795980056499677e-06,3.640285186722122e-06,1
0.24170154948327552,0.7333762065241223,2.920949336036573e-05,2.228061163614844e-07,0.024819312172864077,6.945306435000009e-05,4.046455911491305e-06,0
0.24758889732350103,0.738630705928616,2.743940872229138e-05,2.316182342250406e-07,0.013672229458434545,7.646252265724958e-05,4.033739834895481e-06,0
0.31044363357384824,0.6681891850522248,2.4977792373215457e-05,1.9361459883732534e-07,0.021275811596724127,6.268207116866519e-05,3.516299062208974e-06,1
0.2739947720934762,0.7164278935446463,2.2347458898596035e-05,1.7231622129158786e-07,0.009508435463829257,4.295898122415796e-05,3.420141704072895e-06,1
0.1331795673303764,0.8502954361280748,2.3372326971550742e-05,1.5070733323904283e-07,0.01645281932619933,4.553206627670357e-05,3.1221147681476136e-06,1
0.054966916297476034,0.9352103285979277,2.8790128958481897e-05,2.2464270291487167e-07,0.009702294752635508,8.411223691060261e-05,7.33334338858075e-06,1
0.05095863622127404,0.9343238529262019,4.410062310898394e-05,5.210645113403931e-07,0.014544309162714139,0.00011680259121521243,1.1777410974413544e-05,1
0.03876174704781221,0.9515204870847737,6.690760892825663e-05,6.98468883946088e-07,0.009564890689580186,7.649317082500287e-05,8.775929196721923e-06,1
0.046489604412426874,0.9439206807531393,6.637321699779451e-05,6.928902040135873e-07,0.009432016307975858,8.192658351858465e-05,8.705835737694507e-06,1
0.8838027971317808,0.010592244647575522,1.091427459685091e-05,2.109233782395257e-07,1.028433017029753e-05,7.149201325097406e-06,0.10557639949117315,0
0.8595296320232747,0.010192342919940253,1.0502214885959941e-05,2.0296013473797385e-07,9.896053507558735e-06,6.879288945215472e-06,0.1302505445393113,0
0.9833652815218907,0.013797619373172768,6.974533935004357e-06,1.347860772755145e-07,6.290466966501809e-06,4.637069180361436e-06,0.00281906224877737,0
0.9719319243544018,0.02455857638205227,1.0273525048407273e-05,3.297381622849195e-08,9.242024191696109e-06,6.830148008942837e-06,0.003483120592480686,0
0.968708615791475,0.02681041342745295,1.1083952825253832e-05,2.605315032976945e-08,9.997900455876334e-06,6.602997526199546e-06,0.0044532598771143475,0
0.9428614409474408,0.0526082783248835,1.023859028427319e-05,4.858866715237648e-08,9.714618216841554e-06,6.706606341806264e-06,0.004503572324165701,0
0.9170481304546916,0.08293470630099214,4.7398700108762424e-06,1.1452807587133758e-07,4.329684538994152e-06,3.6751950539918673e-06,4.303966636277928e-06,0
0.8872183661050057,0.11276256325347431,5.662415312714895e-06,1.1565184695102651e-07,4.593603187549342e-06,3.989450110535451e-06,4.709521062251803e-06,0
0.9197974379304694,0.08018745020133243,4.586139898363792e-06,9.366948913665317e-08,3.720480694583741e-06,3.2311611413197817e-06,3.480416974966495e-06,0
0.9258595130239136,0.07412481120281943,4.6435365404509354e-06,9.484178528583506e-08,3.7670434038668443e-06,3.2715998988946184e-06,3.8987516386716e-06,0
0.7864226749281675,0.21355456477503415,6.49204473194404e-06,1.3658100583054973e-07,6.2031314703127195e-06,4.604848527095924e-06,5.323691063274844e-06,0
0.16211219039667246,0.8378637193679261,5.427763815038036e-06,1.1085921384352282e-07,4.667613695872783e-06,3.824126588390725e-06,1.0059872088345323e-05,1
0.05418516805234352,0.9457711522395374,7.764728448120106e-06,1.1314937856537237e-07,6.196513204340624e-06,3.98277834844727e-06,2.5622538739658854e-05,1
0.0590588741748451,0.9407283297536196,1.091945824356585e-05,1.3735542833411346e-07,7.701959608582342e-06,4.834814233599564e-06,0.00018920248402105237,1
0.05127686993438963,0.9485916362143233,9.099870282034172e-06,1.0657046318859876e-07,5.9757478310206996e-06,3.751205165712173e-06,0.00011256045754511263,1
0.04215352835588556,0.9576059436880592,7.853092941246243e-06,9.196919585370687e-08,5.157007919454206e-06,3.23725085028746e-06,0.00022418863514833866,1
0.04071844165995667,0.9590053670515604,7.5586543835096855e-06,8.890202717109405e-08,4.9850219295832524e-06,3.129288675196172e-06,0.000260429421467608,1
0.03457123253354095,0.9651716549370265,7.078385697683953e-06,8.32532889710972e-08,4.668279053211421e-06,2.93045707325329e-06,0.0002423521543193341,1
0.03846250728086166,0.9611411112071422,8.373332319037229e-06,9.848396018260593e-08,5.416456346974649e-06,3.4665659613676822e-06,0.00037902667340846915,1
0.03266383799576012,0.9672174298921165,4.786387087101115e-06,6.141643019638456e-08,3.332272700992663e-06,2.16181504066998e-06,0.0001083902208644325,1
0.19080621274012172,0.8086664961756623,8.196998055286597e-06,1.5450210782040708e-07,8.986615254675843e-06,4.7695517163916975e-06,0.0005051834170818667,1
0.21206032483859616,0.7875378110323163,9.169489500149888e-06,1.9932643452469604e-08,9.40745563149894e-06,4.772312859606011e-06,0.00037849493845287395,1
0.4328142612830101,0.5666752836837788,1.764003779318189e-05,2.3434978626218965e-07,1.6620868359142987e-05,8.062377014499708e-06,0.0004678974002580264,1
0.45017388004561865,0.5493226233231384,1.80848896324727e-05,2.4025969046298656e-07,1.7040018473607758e-05,8.265696490682597e-06,0.0004598657669556936,1
0.469120376078886,0.5304078000154175,1.7375902839272157e-05,2.3084072518653564e-07,1.5450510512340612e-05,7.94165416763875e-06,0.00043082499745204783,1
0.2899817257754975,0.7096528750818741,9.58849004217992e-06,1.8850519297826817e-07,1.2616930844364751e-05,6.485177388988419e-06,0.0003365200391598397,1
0.7428061610426692,0.2568213178392964,9.70649027342193e-06,2.1965801968465873e-07,1.320793449254555e-05,6.609590609532439e-06,0.00034277744463909264,1
0.6174354668800542,0.3815281471852437,9.900977291631737e-06,2.2535468534728022e-07,1.9339166910353017e-05,6.817952320781442e-06,0.001000102483494038,1
0.5323849650685204,0.46664548809032547,1.1269174471003383e-05,2.1055368146603062e-07,1.6245161989572046e-05,7.0988480724499655e-06,0.000934723102939677,1
0.5794371923312958,0.4205277596422557,9.741708650148145e-06,2.2045501207534505e-07,1.1644417235928393e-05,6.633572403727397e-06,6.807873146720562e-06,1
0.5827090473677647,0.41725629547385057,8.462869428598929e-06,2.093546430301406e-07,1.1806767368727914e-05,6.713778756332184e-06,7.4643881878843495e-06,1
0.5366297057815346,0.4633349818254682,9.426657021789494e-06,2.1455875157067427e-07,1.1473454074912257e-05,6.641543549995592e-06,7.55617959887958e-06,1
0.39210830854220685,0.6078538031117959,1.111098228821669e-05,2.0759801274774167e-07,1.2371114154373958e-05,7.142031033732811e-06,7.056620508083503e-06,1
0.39605956670347187,0.6039012337431704,1.1348654054933627e-05,2.1203868101421945e-07,1.3136489884947542e-05,7.2948041270294e-06,7.2075666098503835e-06,1
0.4085573386709426,0.5914034132518414,1.1386262190919706e-05,2.2351595531929754e-07,1.3180022703516285e-05,7.172605732070398e-06,7.285670634232725e-06,1
0.45172387987676094,0.5482366584361111,1.1435591945970554e-05,2.680561570195899e-07,1.3237123732864404e-05,7.20368027417268e-06,7.317235017850598e-06,1
0.5120591253890308,0.4879013253919471,1.0530720998171876e-05,2.1735936693776075e-07,1.3972366713025464e-05,7.46950723230289e-06,7.359264711531937e-06,1
0.5392233235577677,0.4607366847379657,1.079244244985884e-05,2.396161204926452e-07,1.3306848352765948e-05,8.110631817874204e-06,7.542165525634329e-06,1
0.38765774416103393,0.6123021099033646,1.4369705548662531e-05,1.830324431725888e-07,1.3085301516029122e-05,6.289869984831142e-06,6.218026108681764e-06,1
0.46406565085768586,0.5358930362067911,1.3591186459441753e-05,2.1348438538865964e-07,1.4966662263709484e-05,5.952769612732017e-06,6.588832801880026e-06,0
0.6700141433151615,0.32994470089148625,1.2373283931189688e-05,2.0917406331869184e-07,1.5064426401781537e-05,7.61558167737009e-06,5.89332727855724e-06,0
0.6670980138626725,0.33285968571596963,1.2372723621487896e-05,2.0916459111570254e-07,1.6210235924432228e-05,7.6152368146543925e-06,5.893060406119142e-06,0
0.5386980749189179,0.4612578507329972,1.3444808653101273e-05,1.910365630911339e-07,1.6029471569301425e-05,8.484536590824935e-06,5.924494708626496e-06,1
0.5461616047282604,0.4538040683199134,1.1800942832358532e-05,1.3070563380681212e-07,1.0800488256554592e-05,6.634654607218141e-06,4.960160496196422e-06,0
0.5034621905042751,0.4964867593129528,1.3194025740522897e-05,2.2559491111525426e-07,1.578640405266844e-05,7.835306321739845e-06,1.400885174600586e-05,0
0.5553601312392676,0.44459151760045806,1.1302043534610907e-05,1.6882243980768266e-07,1.7283488166412798e-05,7.029856463029974e-06,1.2566949670548095e-05,0
0.29894709011915666,0.700834460074989,1.558449316438992e-05,1.8461047112498212e-07,0.00018824141393923986,8.200325709981509e-06,6.238962569712896e-06,0
0.25487729708661916,0.743724066755991,1.5030185496551647e-05,1.7399277048412465e-07,0.0013698231531648233,7.728691555019817e-06,5.880134403189886e-06,1
0.2946281336589966,0.7034634216824778,1.4427905261976055e-05,1.7898416809123012e-07,0.0018813464927515697,7.950407505782851e-06,4.540868838345847e-06,1
0.3100049479918233,0.6880229615035334,1.2357701557549666e-05,1.5330242974542457e-07,0.0019475832746787525,8.10690865105623e-06,3.889317326205517e-06,1
0.08521596181717707,0.9111564674355169,1.1469061221562584e-05,1.4227847662257356e-07,0.0036037154179204586,8.634352546093722e-06,3.609637141389259e-06,1
0.1047428819636753,0.8827067219181175,2.4698134796979676e-05,1.451404909177736e-07,0.012489795896046853,3.2074699780859213e-05,3.6822470915684835e-06,1
0.26330295135750487,0.7268026861634975,2.1469306105259633e-05,2.0144331157922736e-07,0.009811364017569501,5.8162539032547225e-05,3.1651729787167964e-06,1
0.1856618274811153,0.8056165837406521,1.9920069051532435e-05,1.6518795649061356e-07,0.008654280244472476,4.4205561197590034e-05,3.0177155546235584e-06,1
0.1395063504328085,0.8430942487099582,2.240440618261438e-05,1.4400514261644433e-07,0.017329437920375126,4.44312560875037e-05,2.9832694454149414e-06,1
0.1972813808628769,0.7761217906870205,2.3963112593521292e-05,2.1492992579215164e-07,0.026501871799380565,5.2226489650808036e-05,1.8552118552010115e-05,0
0.5916716896529637,0.4038782791758327,1.4985646081443617e-05,1.941448164377223e-07,0.004397678578222509,3.216665736136171e-05,5.00614472207589e-06,0
0.5772637878350437,0.41885588347538444,1.5154947528734018e-05,1.9422419157855777e-07,0.0038212436039868625,3.795360793709719e-05,5.78230592760078e-06,0
0.05694483410812029,0.9350670831442399,1.930902338994798e-05,1.370309052498147e-50,0.007911633102177516,3.372944613899124e-05,2.3411175933071564e-05,1
0.05780912280180998,0.9344747033106894,2.446553167858792e-05,1.8461240204901405e-07,0.007625988261685965,5.950890655280646e-05,6.026575181163044e-06,1
0.06526077100425563,0.9266073133829287,3.0042438491826817e-05,4.960563939299478e-42,0.008016171537914278,7.731266734786089e-05,8.388969061843543e-06,1
0.048512568891105584,0.9420255607688551,2.8143985034095837e-05,2.196009916444766e-07,0.009339796650821205,8.910398847459459e-05,4.606114717727643e-06,1
0.03019593361629939,0.9476594725350089,2.9768222465436135e-05,3.4283135013087446e-07,0.02201647591667495,8.956934207945414e-05,8.43753612159765e-06,1
0.04090357287004278,0.9343023593897343,4.0324193061854984e-05,4.6440117700629534e-07,0.024648053564909133,9.379604960314129e-05,1.1429531471982499e-05,1
0.037494962461185236,0.9458322842446256,4.947283966613582e-05,5.845391563187508e-07,0.016550897575149458,6.341384896262735e-05,8.384491254750603e-06,1
0.037283674662296463,0.9435657485531548,6.057787373721916e-05,6.718346982312583e-07,0.01899770538823508,8.328444405581943e-05,8.337243822409464e-06,1
0.037634708505061835,0.9442748790598234,5.7062424685560356e-05,6.328468548643239e-07,0.01794993862067848,7.482712327175428e-05,7.95141962413624e-06,1
0.13167830250889181,0.8531278161908705,5.276376242683282e-05,5.833435102757946e-07,0.015042052347070095,7.064521860858173e-05,2.7836628621893067e-05,1
0.9429217371705566,0.03707110363661006,1.4383996230592347e-05,2.347565232582539e-07,1.0814546444905218e-05,8.263264101353788e-06,0.01997346262953295,0
0.888534219843414,0.008405979097170627,1.085660919956698e-05,2.0980896790517692e-07,1.0215306640195735e-05,7.111428632921099e-06,0.10303140790597466,0
0.8041368743240975,0.19517536979948724,1.0731640557815065e-05,2.0273478960318547e-07,8.75404658226852e-06,6.8716509216370534e-06,0.0006611958035637861,0
0.8710300548277277,0.12894677283516426,7.988135551264636e-06,1.4925062636098256e-07,4.7388920542278635e-06,5.032006630696434e-06,5.264052245666047e-06,0
0.8758777753338849,0.1240980481750704,8.334294754856053e-06,1.557182779957196e-07,4.944247996033021e-06,5.2500644486403016e-06,5.4921655671450364e-06,0
0.9279153404998115,0.07206898564927045,4.653847294805034e-06,9.505237700662111e-08,3.775407946460651e-06,3.278864332502181e-06,3.8706789673609086e-06,0
0.9264097118789555,0.07357124820350293,4.248630502380907e-06,8.628023522060323e-08,3.426985162629531e-06,2.976266294161457e-06,8.301755347321294e-06,0
0.9309522800956714,0.06902784402767911,4.2370505745673445e-06,9.588787186157182e-08,4.2350839572217825e-06,3.0287258901688027e-06,8.279128355495584e-06,0
0.8463435870642364,0.15363865241490812,5.8264766209076495e-06,1.088621092578251e-07,4.203991531907876e-06,3.7452023380481843e-06,3.875988255532113e-06,0
0.7611190017526283,0.23886036176423703,6.191112853566328e-06,1.3024993752581908e-07,4.602385491254196e-06,4.3913956360390786e-06,5.32133921631504e-06,0
0.1860754389436387,0.813908126020513,4.915041883489446e-06,1.003871387516904e-07,4.22669769594662e-06,3.4628887678625543e-06,3.7300203620197137e-06,1
0.08283917441853438,0.9171085998788701,9.344441204183533e-06,1.3616931002268475e-07,7.457176860180675e-06,4.697207033378156e-06,3.059070818785498e-05,1
0.056754828514825974,0.943095158930727,8.132960501507348e-06,1.1851533930527497e-07,6.49037470848992e-06,4.171656383169791e-06,0.00013109904751449795,1
0.04835739899646032,0.9514937166041822,5.994533767819911e-06,7.691874017112996e-08,4.356131661660129e-06,2.707485421728784e-06,0.00013574932976572534,1
0.07961351739069543,0.9202705973357986,5.6227064226897256e-06,6.107184987388671e-08,4.66170618553804e-06,2.5394424294170645e-06,0.00010300034661857802,1
0.3538531197612143,0.6456804829094038,1.3554508859354284e-05,2.3002535917794783e-07,1.539593686171241e-05,7.913602987089825e-06,0.0004293032553145261,1
0.3329283296182118,0.666667815280408,1.1008555676281712e-05,2.1642301374260056e-07,1.4485511801439814e-05,7.445639098876445e-06,0.00037069897178983787,1
0.2899817257754975,0.7096528750818741,9.58849004217992e-06,1.8850519297826817e-07,1.2616930844364751e-05,6.485177388988419e-06,0.0003365200391598397,1
0.2899851781535532,0.7096613238556942,9.5886041979686e-06,1.8850743722724587e-07,1.2454025045499814e-05,6.485254598281677e-06,0.00032478159947354275,1
0.326975365399328,0.6723479191823246,1.0134926247435628e-05,2.0039283307313946e-07,1.3834219880769826e-05,6.792270822248962e-06,0.0006457536085637272,1
0.7405600372231668,0.2590397116610684,9.451630110338355e-06,2.1389053039218643e-07,1.2064121237828431e-05,6.436044735255553e-06,0.00037208542915100464,1
0.6108768709635374,0.3876731012310162,9.795805961642303e-06,2.0007417140418626e-07,1.9133740128234394e-05,6.90162713580974e-06,0.0014139965580494145,1
0.6420027845551467,0.35795613712712654,1.1094299762302297e-05,2.061019673275227e-07,1.1925682405786105e-05,6.94875788114479e-06,1.0903475710146177e-05,1
0.6542502664055762,0.3457086728992858,1.1226953992524372e-05,2.0976483245141228e-07,1.1454471010850493e-05,7.072251912896323e-06,1.1097253389349043e-05,1
0.6470912450474585,0.3528690397007174,1.1987494607737305e-05,2.2397480203255281e-07,1.2339143009872524e-05,7.551343109346984e-06,7.613296295072787e-06,1
0.6386889499110642,0.36127739337938125,9.285895626222618e-06,1.953586299900929e-07,1.1099576774899175e-05,6.5865446962767925e-06,6.489333827084791e-06,1
0.42403000641896604,0.5759335397273164,1.0730762387890488e-05,2.0049396976869983e-07,1.1947772304959931e-05,6.759683425720574e-06,6.815141629202671e-06,1
0.44915081722286887,0.5508114315358766,1.0952015014387956e-05,2.149915448604724e-07,1.2677365417950653e-05,6.899058211795405e-06,7.007811065481633e-06,1
0.47009409238108496,0.5298677899860255,1.1073606469781484e-05,2.1737842387794497e-07,1.2818112057696774e-05,6.975652932284267e-06,7.0328830058506e-06,1
0.5279390091814509,0.47202129611708155,1.0447706776086235e-05,2.319622251738997e-07,1.3862221818523158e-05,7.851559403316834e-06,7.301251244528473e-06,1
0.5518865889088282,0.44807179131682795,1.095438893239997e-05,2.4321169100916374e-07,1.4534497619599906e-05,8.232336269873212e-06,7.655339831014612e-06,1
0.6948945516868427,0.3050714007574584,9.129279890628593e-06,2.0269022887516588e-07,1.2144187625969072e-05,6.860748000206373e-06,5.710649953321832e-06,1
0.5431733886013613,0.45678529855503064,1.3293065521882746e-05,2.143592536093597e-07,1.5550827196994785e-05,6.503186658321592e-06,5.751404977194854e-06,1
0.49807692317061447,0.5018758418464606,1.7098220958302217e-05,2.1778658896696043e-07,1.5036083699297013e-05,7.484188624146565e-06,7.398703054192261e-06,0
0.4915515501226035,0.5084047487217987,1.4434686616347266e-05,2.107851772299722e-07,1.4814346312310432e-05,7.243586637020153e-06,6.997750854678065e-06,0
0.47992133887832344,0.5200375484294285,1.3525310150845079e-05,2.1244962927708672e-07,1.4894119041313961e-05,5.9239166138283925e-06,6.556896812756207e-06,0
0.5580803783120839,0.4418755721360101,1.2858875141611632e-05,1.887283370372618e-07,1.6398037614619662e-05,8.750999642038332e-06,5.852911170788477e-06,0
0.4151355698338801,0.5848242212501937,1.331629602195528e-05,2.0012364982708272e-07,1.3064885380631365e-05,7.636132278349216e-06,5.991478595489575e-06,0
0.5458338825502147,0.4541288425679812,1.2758375042465891e-05,1.5785193963069093e-07,1.1676751745718953e-05,7.319315630543082e-06,5.362587445790534e-06,0
0.553956381056007,0.44599708237877284,1.2671311326391488e-05,1.8883619152103632e-07,1.355387573935829e-05,7.982524320173488e-06,1.2140017642643793e-05,0
0.5642476611781752,0.43569834639880306,1.3590415983740366e-05,2.6586279875945505e-07,1.7295592755629628e-05,7.492445989376505e-06,1.5348105494104144e-05,0
0.5232530690424078,0.4766919857961478,1.284338582850929e-05,1.9184599000352374e-07,1.96405637886579e-05,7.988569376612467e-06,1.4280796460572427e-05,0
0.3543644946813499,0.6455621927191142,1.4616452430987128e-05,3.1294230060627757e-07,4.3309630716741606e-05,7.821664017494766e-06,7.251910070035819e-06,0
0.29257654254406523,0.7072197982436214,1.3673660307197547e-05,1.6197516625581736e-07,0.00017715470651304154,7.194874224262599e-06,5.473996102902074e-06,0
0.23811869130454896,0.7607956290896503,1.4322816425189392e-05,1.6897922557647076e-07,0.0010579711180715061,7.505991829734206e-06,5.710700249049999e-06,1
0.19661931597437704,0.8016322796317557,1.3001001521051351e-05,1.540069985324964e-07,0.001723198025434407,8.144167517759532e-06,3.9071923957371136e-06,1
0.17955069407664764,0.8185926729114508,1.3261402792014424e-05,1.6438075443110354e-07,0.0018309344081786916,8.273715767318415e-06,3.999104409030086e-06,1
0.08565040715274111,0.9107035281328956,1.1527532428655157e-05,1.4300383627587923e-07,0.0036220877664879104,8.678371930599556e-06,3.62803967990099e-06,1
0.153744632804099,0.831245146798875,2.8883759365581637e-05,1.538317199632382e-07,0.014943406188962323,3.387387143965303e-05,3.902745538779527e-06,1
0.18124382798766434,0.8043134131275206,2.4579549545392302e-05,1.7892771527628412e-07,0.014369137813236706,4.510586782110012e-05,3.7567264965495566e-06,1
0.27226349260712135,0.7078033071244255,3.38740337626722e-05,2.335060453313548e-07,0.01982884004368294,6.53500439920309e-05,4.902640970105054e-06,0
0.09698402312060225,0.8773512743549976,2.641638868388658e-05,1.8250351130630821e-07,0.025580401723151278,5.420401688964255e-05,3.497892164020286e-06,1
0.10261923828079188,0.8656702419236176,2.534270533924776e-05,1.8311701090907514e-07,0.0316250773127008,5.438622786515828e-05,5.53043267416802e-06,1
0.40332008937395514,0.5672856007622722,2.4268569680363723e-05,2.176696311935894e-07,0.02931639189355625,4.6026505568037124e-05,7.405225337079157e-06,0
0.11385468869094179,0.8788305693652521,2.1043320448692353e-05,1.8148667583058442e-07,0.007227508973209352,3.4233495145572813e-05,3.177466832657152e-05,1
0.047723628860891924,0.9414380500442847,3.160944443898228e-05,2.624917182281141e-07,0.010730605639059898,7.108016457973077e-05,4.763355026149275e-06,1
0.039984901934107475,0.934995170191061,3.941853466622613e-05,4.539709912304631e-07,0.024875845389001,9.303714946454333e-05,1.117283070875019e-05,1
0.04265945464331077,0.9319829864627486,4.4927633306811356e-05,5.639394870553082e-07,0.025239836077605528,6.414222906477568e-05,8.089014476295224e-06,1
0.04272095530408914,0.9466353359290947,5.679003951929484e-05,6.298192328843016e-07,0.01049950372390195,7.446914054437235e-05,1.2316043617797876e-05,1
0.9288030718134417,0.010780161728576244,1.1107904813270633e-05,2.1466537126105756e-07,1.0494936302528288e-05,7.385170614697643e-06,0.06038756378088027,0
0.9674859056494562,0.024446235293931345,1.0226529694734447e-05,3.282298035197448e-08,9.19974734966817e-06,6.798904086354866e-06,0.008041601052501509,0
0.9661385455202615,0.02678077649663631,1.1348318085872555e-05,2.6674548488481932e-08,1.0236362095088266e-05,6.760486753138632e-06,0.007052306141619455,0
0.7920618647854231,0.2078770173411202,9.883052038002432e-06,1.8465531757238725e-07,7.658171583306403e-06,6.2588512098248185e-06,3.7133143307848334e-05,0
0.9200148575986002,0.07996727700421916,4.695671328860721e-06,1.0799076325743932e-07,4.289310784075261e-06,3.7251784020071377e-06,5.047245902335396e-06,0
0.9159979684669091,0.083978786390294,5.985820237032465e-06,9.516103275112417e-08,3.779723669792818e-06,3.2826124496602375e-06,1.0101825407578602e-05,0
0.7809600891962079,0.21900625373091098,7.2099468689217594e-06,1.339412370180373e-07,6.2846052402301485e-06,4.6080039920314265e-06,1.5420575543081518e-05,0
0.729159528112418,0.27080821890978385,7.224899893392365e-06,1.342190236135789e-07,6.1141772524374535e-06,4.61756073325382e-06,1.4162120895632651e-05,0
0.866428894341369,0.13355332315367388,5.833688675957355e-06,1.089968595667815e-07,4.209195263138484e-06,3.749838176684757e-06,3.880785981926586e-06,0
0.7700304095295661,0.22995197485435648,5.733963799857511e-06,1.0713359621500764e-07,3.7855688702199704e-06,3.6120248180426057e-06,4.376924993232895e-06,0
0.055822378634775106,0.9440166631984916,8.1409072688518e-06,1.1863114139579701e-07,6.103479800282667e-06,4.1757325351087926e-06,0.00014241941598764312,1
0.05569967693919165,0.944071360595725,8.834886173096915e-06,1.2874395889836196e-07,6.623776381978023e-06,4.42920111655898e-06,0.00020894585745278495,1
0.04633640844451593,0.9535315777814346,8.596994027889469e-06,1.0068117535594057e-07,5.64551656487728e-06,3.4637522266582788e-06,0.00011420683005469011,1
0.033362559252550675,0.9663882948385746,7.141497365143244e-06,8.399558447643457e-08,4.709901944050763e-06,2.956585351678611e-06,0.0002342539286295553,1
0.13630839537512543,0.8632901960266537,1.2903475022630626e-05,1.392787449600543e-07,1.0609666479149931e-05,6.457533248511137e-06,0.00037129864472584763,1
0.3807867552983083,0.6185982185982758,1.5651277175548613e-05,2.3678421313712123e-07,1.6057458335369606e-05,8.1461290314867e-06,0.000574934454660368,1
0.39392572948365845,0.6054380244549818,1.7003816287895408e-05,2.5724643522047594e-07,1.82447750597679e-05,8.85009446547201e-06,0.0005918901291113111,1
0.3549760248005356,0.644638649844653,1.1737581290373e-05,2.3075531355892655e-07,1.5444793786016935e-05,7.938715736355353e-06,0.00034997350868513433,1
0.3055668926748955,0.6938137722893282,1.0270644805348952e-05,2.0307632831097934e-07,1.4019476322329919e-05,6.883227300712298e-06,0.0005879586110195811,1
0.45874492336970535,0.5403495547649639,1.2218306221597239e-05,2.2828729494393438e-07,1.667546957584278e-05,7.853808056812585e-06,0.0008685459941814849,1
0.7033321567458869,0.2957434258841592,1.002720413386434e-05,2.2691577913073767e-07,1.3644340190202668e-05,6.827979260900214e-06,0.0008936909305899614,1
0.6937144859260896,0.30579549774503245,8.24915556945092e-06,2.040677850595654e-07,1.1604430028437802e-05,6.1404747150781614e-06,0.0004638182007797855,1
0.6981500529854722,0.29966833524991915,8.443696701292436e-06,2.0888034769626708e-07,1.1990903454393581e-05,6.285286495030449e-06,0.0021546829976103765,1
0.5594946586320508,0.439193235143734,1.0248724015236305e-05,2.0932478382358785e-07,2.6745143679237875e-05,7.2207301826874085e-06,0.0012676823015542844,1
0.54733182901355,0.4516056392138107,1.1180627786064803e-05,2.088992718601271e-07,1.8334060358789457e-05,7.043069411349681e-06,0.0010257651158114,1
0.589953016333536,0.40995537039422647,1.171386184311935e-05,2.1761174860924183e-07,1.2631727702861116e-05,7.336811835353302e-06,5.9713259107584823e-05,1
0.6200638083490639,0.37990199089715776,8.354970895261452e-06,1.9214711183627167e-07,1.1656235342529154e-05,6.62818049830961e-06,7.36921993029401e-06,1
0.4445245207191087,0.555440322550348,1.0348933880049806e-05,1.9335987150609847e-07,1.1522639410733214e-05,6.519156262540542e-06,6.572641118527125e-06,1
0.3992804853514292,0.6006804892696925,1.1298228839750391e-05,2.1109653438911696e-07,1.3078120819682667e-05,7.262391290578094e-06,7.1755413938653025e-06,1
0.7009784948727495,0.2989880947462209,9.15898676417167e-06,2.0334978724885452e-07,1.1321995424964067e-05,6.883073022080471e-06,5.8429760310062145e-06,1
0.5440491511342933,0.4559067054582217,1.3465875111467604e-05,1.9133589526510858e-07,1.605458789517573e-05,8.497830877226474e-06,5.933777705829437e-06,1
0.5071550101377256,0.4928011733154312,1.3195773133206684e-05,1.874980307820629e-07,1.629114000418679e-05,8.327379204990859e-06,5.814756470028714e-06,1
0.538581254726089,0.46137676602904737,1.2471900027226043e-05,1.797000151786593e-07,1.5904554910126945e-05,7.746316306494535e-06,5.676773604721349e-06,0
0.6171757091592945,0.382788469113212,1.2252905094808972e-05,1.752252688394051e-07,1.1214134282753179e-05,7.0293340242381445e-06,5.1501288226110815e-06,0
0.6388150942295044,0.36114427894778517,1.2419139521355357e-05,1.730151489518806e-07,1.2798416967737409e-05,7.684148721566827e-06,7.552102350934359e-06,0
0.25071717001100724,0.7490986254289199,1.274767752424987e-05,1.510061783002643e-07,0.0001594949442645425,6.707636022679205e-06,5.103296083204944e-06,1
0.2802573523684385,0.6973358946648959,3.32755241977099e-05,2.3710152553520007e-07,0.022301905918941205,6.635629112863207e-05,4.978130872430955e-06,0
0.23595872760174968,0.7481718288562194,1.947057568067173e-05,1.6606080652417472e-07,0.015795162581973873,5.185442046586727e-05,2.7899031040471564e-06,1
0.22014214295854057,0.7585479081891638,1.9116524421954665e-05,1.442662144484205e-07,0.02123608114056645,5.178861358663992e-05,2.818307506106467e-06,1
0.18565829129135777,0.8056012396435346,2.0494807612681504e-05,1.651848102544285e-07,0.008665489136501864,5.130227810490832e-05,3.0176580780007108e-06,1
0.0949097392396695,0.8807350533570811,2.573229820099891e-05,1.777773196730672e-07,0.024267408940594856,5.848107793218646e-05,3.407309201746067e-06,1
0.14922857985941068,0.8236724169693205,2.4100594853443995e-05,1.7414198017204664e-07,0.02701967018032051,5.1720620424661115e-05,3.3376336899536877e-06,1
0.4002039724848018,0.5701317156523307,2.657597657723809e-05,2.1876169624445825e-07,0.02958431243134406,4.7062469057843664e-05,6.142224192071811e-06,0
0.25290202225232705,0.7431372645102796,2.431481774724859e-05,1.7071472701917825e-07,0.0038861970841063817,3.1046142738529174e-05,1.8984478074336344e-05,1
0.07463132693166225,0.9197033102039374,2.2057341179199844e-05,1.5847063446688542e-07,0.005589490621147819,4.848324056977841e-05,5.173190869201375e-06,1
0.06636250426271335,0.9251247000121547,2.4924933896574816e-05,2.069820853025007e-07,0.008420162120835782,6.165595018101146e-05,5.845738133243408e-06,1
0.06297252375882945,0.9274791979015329,2.4988369349386316e-05,1.7952856207457788e-07,0.009455436957563632,6.18128682749364e-05,5.860615887665486e-06,1
0.06168888106702334,0.926514925017644,2.938650334417198e-05,2.183162384012113e-07,0.01168160650932169,8.040341931588518e-05,4.579167112536347e-06,1
0.03816208018008546,0.9367669710900546,4.1479475601215183e-05,4.5483125900084605e-07,0.02492298471830304,9.483570165229952e-05,1.1194003044314255e-05,1
0.037701708278427955,0.9254661932012297,3.901680177841819e-05,4.493443586366262e-07,0.03670633798836904,7.523542271758214e-05,1.1058963118703488e-05,1
0.04235254521578929,0.9439475145032279,4.348515649814344e-05,6.309036442864289e-07,0.013577530222676264,6.595674900463288e-05,1.233724915969134e-05,1
0.11933176757820275,0.8689507324506114,5.374236912395855e-05,5.94162751353842e-07,0.011556261113519997,9.185355587009619e-05,1.5048769920651472e-05,1
0.9460719573786479,0.03046451969364667,1.1675726055436294e-05,2.2563877802033966e-07,1.0395583665974824e-05,7.64797655091834e-06,0.023433578002655213,0
0.9357749806733566,0.01017510562091984,1.636895766165321e-05,2.3816073568882644e-07,1.0761062125525442e-05,8.38308997873734e-06,0.05401416243522201,0
0.9816782862490618,0.01194968871776092,6.942751602023026e-06,1.9278722378959024e-08,6.2618018660663495e-06,4.6157497847823805e-06,0.006354185451202185,0
0.9644130409010133,0.02637401096399037,1.4276159744421741e-05,3.036359579182341e-08,1.0080884927333693e-05,6.657803658963538e-06,0.00918190292306974,0
0.7896466370470429,0.20981346175605328,1.3430129783425328e-05,2.2791459722326185e-07,1.1014573699730271e-05,7.725114940209338e-06,0.000507503463883314,0
0.7551615727707834,0.2447993521772725,6.971770891304569e-06,1.295165740281424e-07,6.068273041186938e-06,4.4557815310869765e-06,2.144970990636909e-05,0
0.8766619039591674,0.12332381443582004,4.685191295401964e-06,8.753829112840524e-08,3.380517216967744e-06,3.011595263383888e-06,3.116762945677172e-06,0
0.7388611519187271,0.26112304936602,5.220879639313105e-06,9.754711237961154e-08,3.718350691574065e-06,3.2888151176819224e-06,3.4731226918356625e-06,0
0.7157600790392197,0.2842218279143147,6.162473558973938e-06,1.1513988873965008e-07,3.833969004776206e-06,3.8819581379461e-06,4.0995058752830375e-06,0
0.8093362372511723,0.19064717909086706,5.061189772959386e-06,1.0647837752699623e-07,3.5455549209401083e-06,3.589934024435782e-06,4.280500864788354e-06,0
0.21481049091811671,0.7851705846551739,5.093107979165771e-06,1.0736487629385396e-07,4.6017621003670286e-06,3.70358821661982e-06,5.418603537076041e-06,1
0.21842170328120764,0.7815568635784043,5.59781500523734e-06,1.1800431446019118e-07,5.05777867685939e-06,4.070599283781617e-06,6.588943107665634e-06,1
0.21116659357877357,0.7888138508163586,5.386944630767014e-06,1.1355907753184462e-07,4.781288692218942e-06,3.917259311937865e-06,5.356553155549327e-06,1
0.05461174164524389,0.945230406228537,7.96435292435677e-06,1.1605835156855385e-07,6.355820218252946e-06,4.08517214715996e-06,0.00013933072257760168,1
0.05468652454340381,0.9450965504422938,8.370401710869597e-06,1.219753862939953e-07,6.275538594821721e-06,4.196340719898046e-06,0.00019796075789042545,1
0.04644475677394096,0.9533900966469794,7.3669034002281375e-06,1.0735218201851645e-07,6.019581314169617e-06,3.7787211173669294e-06,0.0001478740210658203,1
0.047106594364716786,0.9527838685447639,8.739889948799267e-06,1.0235465904385484e-07,5.73935416508179e-06,3.6028118322103125e-06,9.135267991427588e-05,1
0.031719605387060326,0.9681422842873367,5.8521690231347795e-06,7.626640698826488e-08,4.534017428678826e-06,2.684523753625701e-06,0.00012496334899034207,1
0.03935227473375598,0.960438845590376,4.898317429054449e-06,6.964227129046884e-08,4.379825251112726e-06,2.4513588474736386e-06,0.00019708053206925368,1
0.05276106102486511,0.9470311618522267,6.071104807458007e-06,8.631648196704868e-08,5.336084877851638e-06,3.0382793069772074e-06,0.00019324533743420358,1
0.1629351524192119,0.8366450508948035,9.56530881911828e-06,2.0793075797854556e-08,1.0398836772749104e-05,4.978319270973029e-06,0.00039483342804588284,1
0.16442541617502748,0.8351507365851917,7.541771740396417e-06,1.4574819559715056e-07,1.0352871037607973e-05,4.939901418990138e-06,0.0004008669473882337,1
0.2469801276804553,0.7524174564160734,1.3554852455372812e-05,2.0506793387120014e-07,1.390662730606213e-05,7.054988284070229e-06,0.0005676943674920444,1
0.353627430613875,0.6459416309055362,1.4847451951332272e-05,2.2462334466095708e-07,1.5034372055436837e-05,7.727756529243889e-06,0.0003931042767079934,1
0.35362670198210633,0.6459402999748666,1.6907871724543362e-05,2.2462288183570442e-07,1.5034341077859438e-05,7.727740606585123e-06,0.0003931034667361427,1
0.2279300610365631,0.771197058240537,9.318812584326413e-06,1.842562253596365e-07,1.2489491014862592e-05,6.24532406740918e-06,0.0008446428390078411,1
0.4681494259178961,0.5312240609529585,1.2059158786527378e-05,2.2531377825590574e-07,1.1904440155328927e-05,7.636960755675818e-06,0.0005946872556695036,1
0.674921614718211,0.32409463396473953,1.1162461246719881e-05,2.085598475528353e-07,1.1106722621540752e-05,7.031625671336284e-06,0.0009542419476623433,1
0.8475134566236341,0.15188729215013,7.4437027630365575e-06,1.6845110456937638e-07,9.501189905157718e-06,5.068755698178037e-06,0.0005770691267650004,1
0.6469773736853566,0.3529268586461249,1.2588589151234944e-05,2.338618070122356e-07,1.3957761192195957e-05,7.884684923907695e-06,6.110277144415205e-05,1
0.6082583489028925,0.3917072974486556,1.036916944144751e-05,1.9373795349957384e-07,1.0673344916379598e-05,6.531903352080478e-06,6.585492788509811e-06,1
0.6313456489457944,0.3686197360482474,9.563015185680224e-06,2.0118872970887672e-07,1.122893694649345e-05,6.783107358409853e-06,6.8387577379368345e-06,1
0.6113759301167923,0.38858760248839125,8.917587110874174e-06,2.0508612529992713e-07,1.222142656368583e-05,7.074516203736421e-06,8.048778812969107e-06,1
0.5772176222391191,0.42275054905733106,8.501987439854259e-06,1.7364861033164607e-07,1.0348012260462082e-05,5.990068346900395e-06,6.81498689243303e-06,1
0.4290519632995791,0.5709131258078147,1.0276567635552479e-05,1.9200777786055333e-07,1.1442065880114847e-05,6.473570228125854e-06,6.526681084412556e-06,1
0.43717559869192846,0.562788694806917,1.0471143341287579e-05,1.9564323769585825e-07,1.1658709035947215e-05,6.730748799901434e-06,6.650256739548039e-06,1
0.42789925151400443,0.5720654916187133,1.033928554019631e-05,1.9317960155984674e-07,1.151189682194749e-05,6.645991891555686e-06,6.566513426923177e-06,1
0.45083372460155713,0.5491271099932888,1.1207905370041353e-05,2.0940892726945097e-07,1.356966167042399e-05,7.060252517790288e-06,7.1181766683913e-06,1
0.5230146051486829,0.47694648162349434,1.1131320572851778e-05,2.040463721139603e-07,1.3496314390737676e-05,7.0120090691413144e-06,7.069537417923905e-06,1
0.5207977697108171,0.47916459854707233,1.0936578393242968e-05,2.0047658585305102e-07,1.2659496953853736e-05,6.889334142961241e-06,6.945856034696989e-06,1
0.565378377277902,0.43458125603497155,1.0624574440062893e-05,2.3588907895881223e-07,1.4096893296495728e-05,7.984477277066618e-06,7.424853033839999e-06,1
0.7110076543569251,0.2889600558437896,8.851795015764667e-06,1.96529450208132e-07,1.0942256523751085e-05,6.65221525467576e-06,5.647003040862109e-06,1
0.6948948293314802,0.3050715226485256,9.129283538226059e-06,1.8843299436084346e-07,1.2144192478170839e-05,6.475458748395405e-06,5.710652235008071e-06,1
0.5594276660029425,0.44053303565594926,1.271094126916404e-05,1.7697876276918858e-07,1.4840055356787293e-05,6.08183657825522e-06,5.488529141225863e-06,0
0.5658948653043743,0.43405843838364955,1.5463349759900042e-05,2.2177973156933361e-07,1.5855411245274515e-05,7.621412098654494e-06,7.534359140768306e-06,0
0.6826037844049685,0.3173541477037975,1.2317239731001466e-05,2.1249791643669624e-07,1.5893349983026787e-05,7.657829178209084e-06,5.9869744255288445e-06,1
0.7015591603149925,0.29840092148658587,1.1735919534754992e-05,2.024689380955478e-07,1.4978981787715301e-05,7.296412914669612e-06,5.704415246363784e-06,1
0.6092475755115958,0.3907101086176882,1.2743830131151609e-05,1.8107639697132247e-07,1.5733183555097513e-05,8.04217418371902e-06,5.6156064491276395e-06,1
0.5622040183172786,0.4377480986314011,1.3977944194299235e-05,2.0515279399929784e-07,1.7825109284360457e-05,9.512572701239684e-06,6.362272346414454e-06,0
0.5514605615495694,0.4484990524594425,1.3932315736521519e-05,1.7237642374024923e-07,1.2769500883417704e-05,7.655780919393882e-06,5.856017024956488e-06,0
0.5858368601672779,0.4141245404524513,1.3315972692802223e-05,1.6475077042584637e-07,1.2204598882192537e-05,7.317101592629972e-06,5.596956332858303e-06,0
0.6500530529738334,0.34990993605662685,1.2768004467022184e-05,1.5797107888930963e-07,1.1702365019889178e-05,7.015994097889235e-06,5.366634875895379e-06,0
0.7523805739520876,0.24757903511790683,1.013015437646388e-05,1.667900141571332e-07,1.2926210239050096e-05,6.011518458791428e-06,1.1156256917397841e-05,0
0.28993518805982943,0.709208721251692,1.2583386678593248e-05,1.5610214757743796e-07,0.0008311047427137292,6.97094114690052e-06,5.27551579199475e-06,1
0.19847011520308813,0.8000490104740481,1.2771346889389407e-05,1.5067513559289054e-07,0.0014560306774607657,6.8295149756911215e-06,5.092108402204536e-06,1
0.16935141750247393,0.814450266686389,2.2198406354013524e-05,1.5232610695508047e-07,0.016128308221675464,4.3404078464075826e-05,4.252778536733031e-06,1
0.28251581203525716,0.6931753280253894,3.62225458487849e-05,2.353220805633384e-07,0.024197680299008675,6.978100237370013e-05,4.9407700417479e-06,0
0.28554421204647484,0.6959501552786328,3.024170951087936e-05,2.1497267183054934e-07,0.01840059470987318,7.006776445259127e-05,4.5135183839622815e-06,0
0.19816590046039229,0.671351676036742,1.7250858155281424e-05,1.2986447714178647e-07,0.13042088232175492,4.169473143192274e-05,2.4657270465325106e-06,1
0.11970827224858387,0.869133070884896,2.27537083404277e-05,1.4348556151568789e-07,0.011086479282434244,4.6250609242329206e-05,3.0297809416861805e-06,1
0.29882214910350297,0.6817280511996139,2.2823698500564313e-05,1.773935297450311e-07,0.01938273938085213,4.089842462992124e-05,3.1607993706405605e-06,0
0.048063056070793954,0.940210456902427,2.4583708880908754e-05,1.7662128505227848e-07,0.011647234246065917,5.078783202750384e-05,3.704618519484411e-06,1
0.050610206895415476,0.9373359362476112,2.9204828880559974e-05,2.1697232480289533e-07,0.01196237090537024,5.4645136492176485e-05,7.419013905536119e-06,1
0.049687232815418585,0.9378181144447306,2.9219852236853323e-05,3.016021398451729e-07,0.01239443305586413,6.170417356432115e-05,8.99405604564321e-06,1
0.04702221903693378,0.938136782046741,4.325874441602168e-05,5.758436358789512e-07,0.01471846699655206,7.081912450026309e-05,7.878207220956577e-06,1
0.9121888327130865,0.024588641620673802,1.677826157408075e-05,2.441159176203198e-07,1.1030141252058443e-05,8.592708183967808e-06,0.06318588043931204,0
0.9102575193912097,0.02563687212863498,1.403903702312377e-05,2.3745387494315514e-07,1.059348541790255e-05,8.358208978868654e-06,0.0640723802948605,0
0.8602078437289171,0.1389625375083948,1.0296350112732596e-05,1.8276189412150107e-07,9.248921311935873e-06,6.19467404010078e-06,0.0008036960553289938,0
0.9441656954875389,0.055816736225037626,5.356381225374783e-06,1.0007882913164014e-07,3.2440745019027806e-06,3.3741723171380957e-06,5.493580549813663e-06,0
0.9345580167842151,0.06542697595236181,5.174931660229176e-06,9.668861860289906e-08,3.0655759282591085e-06,3.2598708748190397e-06,3.4101963408576694e-06,0
0.9300455931030222,0.06993353995700013,4.71152558061781e-06,1.0835537837383401e-07,7.981443996286887e-06,3.6532173816812397e-06,4.412397640963964e-06,0
0.8575813021492431,0.14239553668922716,7.04418426020727e-06,1.438737490920141e-07,5.714555624119101e-06,4.962974300456606e-06,5.295573596024625e-06,0
0.7324832772741847,0.2674543245265006,1.0018500228441405e-05,1.5927154351506243e-07,7.473118804028296e-06,5.494126498043599e-06,3.9253182240618184e-05,0
0.7517432530484416,0.24821936497211836,6.58851232019768e-06,1.2952704554055128e-07,5.832559568873555e-06,4.3902906038365924e-06,2.044108990143987e-05,0
0.7549149720589202,0.245053905423551,7.001751903182624e-06,1.300735398270595e-07,5.857168023940265e-06,4.408813906989959e-06,1.3724710154778225e-05,0
0.7619031209599791,0.23806304973399223,7.299887986461213e-06,1.363913828642858e-07,6.222068878556605e-06,4.692296791560012e-06,1.5478660989397084e-05,0
0.7784632443193386,0.2215203286711204,5.035163185490908e-06,1.1394581799999229e-07,3.5907400802760517e-06,3.428671576523558e-06,4.2584888804202675e-06,0
0.3758383084152181,0.6241203872939465,9.587581374122175e-06,2.3717779094153836e-07,1.328039725886319e-05,7.301917802131651e-06,1.0897216609251517e-05,1
0.045814302005200175,0.9540696882611762,7.445459249552123e-06,1.1033093877227896e-07,6.186609763496456e-06,3.7957347388002064e-06,9.847159893314788e-05,1
0.04861462134330096,0.9512794589776838,7.3757502208633705e-06,1.0006657105021846e-07,5.611053729331972e-06,3.5222727480726826e-06,8.931053574564743e-05,1
0.05074480106973918,0.9490331960901721,5.8390979965850944e-06,8.301790413944415e-08,4.801100647243358e-06,2.92217169313944e-06,0.0002083574518473717,1
0.08792939846547061,0.9118997989878913,6.430049626136943e-06,8.25070456955154e-08,5.3479883310877674e-06,2.8383886703629125e-06,0.00015610361296497939,1
0.16186144803364483,0.8377615306343059,9.578073459854765e-06,1.4490423726380785e-07,9.826643141621843e-06,4.98496270070093e-06,0.00035248674850970344,1
0.20614571832270534,0.7934170866247202,1.1539280838422942e-05,1.7457486075084239e-07,1.1838747675658e-05,6.005929713340495e-06,0.0004076365194863095,1
0.253441507013434,0.7460876458683493,9.784822319993864e-06,1.8909619332851493e-07,1.282350797597832e-05,6.5055096782359965e-06,0.0004415441820489853,1
0.3154507521556595,0.6840894326990552,1.3244560461591657e-05,2.003736047908231e-07,1.3588282630029965e-05,6.8934884530706575e-06,0.0004258884401358052,1
0.31545165945334147,0.68409140027324,1.036840417095695e-05,2.0037418110426e-07,1.3588321712572161e-05,6.893508280083436e-06,0.0004258896650737452,1
0.32314503288236834,0.6764191579590233,1.0621273359499134e-05,2.0526099451789668e-07,1.3738421376945279e-05,7.06163018353665e-06,0.00040418257269368577,1
0.27840290511781524,0.7211257128738897,1.012092220573222e-05,1.9897255825650805e-07,1.3145418877593038e-05,6.744130920992814e-06,0.00044117256373243615,1
0.19456734647712476,0.8049798337202361,7.488319310330902e-06,1.4721682668149258e-07,9.978839143623669e-06,4.989881828996484e-06,0.0004302155455296146,1
0.5579524212593718,0.441462260090167,1.0557721435951972e-05,1.9726086608672294e-07,1.0505002518066627e-05,6.650678863648667e-06,0.0005574079867774887,1
0.6520455102548014,0.34630941488285816,9.358047208341753e-06,1.9113317969972689e-07,1.3551566071113203e-05,6.593204561644052e-06,0.0016153809113197617,1
0.6267125446955324,0.37321747062543253,1.2381605328974832e-05,2.3001660957870898e-07,1.3504099397410504e-05,7.755043531750019e-06,3.6113914167276523e-05,1
0.5396752579916103,0.4602877024824495,1.0903164173106527e-05,2.0371513123549183e-07,1.2139726725370386e-05,6.8682853542661725e-06,6.9246345562570035e-06,1
0.5392897453222749,0.46067589774126627,9.177321400662004e-06,1.874419503752114e-07,1.1169980553850287e-05,6.465874340597638e-06,7.356318213312815e-06,1
0.4230453568375307,0.5769177027173108,1.0734571018510732e-05,2.0056513036706484e-07,1.2425665891420284e-05,6.762082615670711e-06,6.817560502732063e-06,1
0.5725826156980192,0.4273793807753083,1.0119151432850745e-05,2.0886436453625564e-07,1.3426288159089258e-05,7.177578327786701e-06,7.071644388200407e-06,1
0.5639700082839548,0.43599325456180577,9.765613241926004e-06,2.1177582761257673e-07,1.2957206768411676e-05,6.926811445398871e-06,6.875746956261283e-06,1
0.5785532963584704,0.4214074712804834,1.1998896137930854e-05,1.7798460391708406e-07,1.5202515107919714e-05,6.230381911785544e-06,5.6225832844741835e-06,1
0.6171424322142024,0.3828152985633213,1.3671864746396202e-05,1.9035802749201257e-07,1.5961935892130184e-05,6.541612092041313e-06,5.903451718208524e-06,0
0.536114040584568,0.46384007915010605,1.5224194942510738e-05,2.1888596652716594e-07,1.5648531047223485e-05,7.521968494196232e-06,7.266684875433031e-06,0
0.5581564018946793,0.4417987160228025,1.4849811726718735e-05,2.1684711832283704e-07,1.5240390002168885e-05,7.376035489512923e-06,7.19899818155875e-06,0
0.6831430377540004,0.3168177803969514,1.2326970284695307e-05,2.126657886573296e-07,1.4780938133513162e-05,5.869570737930203e-06,5.991704103393653e-06,1
0.6064782130667093,0.39347967447738175,1.2682569811895178e-05,1.8020595238958315e-07,1.5657553243206485e-05,8.003514993119314e-06,5.588611908212416e-06,1
0.4532813136386447,0.5466714435913518,1.53048668285325e-05,2.05494618958983e-07,1.5222869006079824e-05,9.528422520862994e-06,6.981117028939545e-06,0
0.530265822718309,0.4696908929949974,1.49321666719623e-05,1.8474699671490787e-07,1.3685902553093383e-05,8.205197101064252e-06,6.27627337078502e-06,0
0.6461570692745435,0.35380337717938487,1.1948265960415315e-05,1.6686406286920834e-07,1.2012140736640078e-05,7.4109595786232845e-06,8.015315732978911e-06,0
0.7474825032945763,0.2524735647586716,1.1018489350758317e-05,1.8141618839225535e-07,1.4059737351638814e-05,6.5377308359799945e-06,1.2134573025290976e-05,0
0.3413819728485155,0.657399998462671,1.2472764498029046e-05,1.5472983339868447e-07,0.0011932623977305098,6.9096587012480546e-06,5.229138050022937e-06,1
0.25847542860364664,0.740286896839272,1.2168094965848934e-05,1.5095028108184779e-07,0.0012146838828066414,6.841986245286687e-06,3.82964278245398e-06,1
0.22233326504401946,0.7760775861970564,1.2318207889112347e-05,1.528124943555136e-07,0.0015646767956614095,8.124055324866552e-06,3.876887554519143e-06,1
0.11733183185285156,0.8803930293604133,1.1396380756040667e-05,1.4137684520611237e-07,0.002252446957951221,7.567308634319404e-06,3.586762548366062e-06,1
0.10371224195097367,0.892612104829511,1.0928372498208302e-05,1.3275725292672585e-07,0.003652281873647753,7.0682784801748314e-06,5.241937636234291e-06,1
0.12592503793771181,0.8594042009094529,1.213863364800754e-05,1.474594371355483e-07,0.014644801550397274,7.851054034533002e-06,5.822455318244575e-06,1
0.15745036969829032,0.826317698991983,2.7380143063099743e-05,1.5878231826540222e-07,0.016162276759023778,3.256865279469617e-05,9.546972526861155e-06,1
0.19805382531651913,0.787762593734889,2.54558429593952e-05,1.6895282044004852e-07,0.014111817559295583,4.2591297692498845e-05,3.5472958240921385e-06,1
0.1711926831135227,0.823571244676029,2.4898849126444604e-05,1.4664516005874359e-07,0.005156309386702193,4.357826471759426e-05,1.1139064741894857e-05,1
0.1336232198284989,0.8606255715127219,2.470235072376211e-05,1.6816276934790513e-07,0.0056738901451421535,4.658241891148787e-05,5.865581232398706e-06,1
0.10366197905918101,0.8842718686943466,2.321961420997181e-05,1.4606123937644902e-07,0.011993000071811628,4.666384436116239e-05,3.1226548501116344e-06,1
0.08458160417732494,0.8807436798119901,2.3069739635316558e-05,1.454784642603842e-07,0.03459496577048561,5.1694446996670496e-05,4.84057510302513e-06,1
0.16609508142227739,0.8158236581172862,2.4206161293863426e-05,1.6970475403095736e-07,0.01800216439930748,5.142701730966902e-05,3.2931777713701682e-06,1
0.047776103344893565,0.9365100302951045,2.2669238261490255e-05,1.6136653748974614e-07,0.015632836301899017,4.851114360519117e-05,9.68830969860972e-06,1
0.046358646665731626,0.9283923985133751,2.2320019918410616e-05,1.7035795092442166e-07,0.025177802686416752,4.50885110625342e-05,3.573245544834673e-06,1
0.04196207859677816,0.939468290030514,2.643348521267925e-05,3.0213283602189076e-07,0.018468554947429452,4.92204283881277e-05,2.512037884160266e-05,1
0.056495192633753896,0.9258034187038205,4.289635011105586e-05,6.159592578460213e-07,0.017590012290074293,5.3269424502176765e-05,1.459463848045331e-05,1
0.9304244747547694,0.020172443717881898,1.1700441407333812e-05,2.2611641356728727e-07,1.1038904384733657e-05,7.664165902301066e-06,0.04937245189924073,0
0.9337788961420123,0.008256848485568097,1.0357765927138026e-05,2.9426896683969105e-08,8.215823429877194e-06,7.045445718129463e-06,0.05793860691044771,0
0.9834634349677926,0.011531993875968077,6.620764165485653e-06,1.8809900169322007e-08,5.265179730463537e-06,4.503503445492014e-06,0.0049881628989979256,0
0.8811713515521875,0.11755893344966988,1.0744811751260717e-05,1.646341759858605e-07,9.283806134985175e-06,5.580239037219585e-06,0.0012439415070432153,0
0.9491602011885223,0.050806587152449435,5.453976192381771e-06,1.0132006950333973e-07,3.2124191099950788e-06,3.4342213802855625e-06,2.1009722276270184e-05,0
0.9124098827284972,0.08756215558623562,6.535777207571488e-06,1.3348980312672517e-07,5.205939026925884e-06,4.604776524362652e-06,1.148170270506799e-05,0
0.7412279642741991,0.25868384312935017,6.328721263068636e-06,1.2441967585640805e-07,5.413612934946054e-06,4.217177436304381e-06,7.210866514046904e-05,0
0.7809602253254713,0.21900629190592202,7.209948125688617e-06,1.3394126036535325e-07,6.110296194468281e-06,4.608004795253253e-06,1.5420578231044217e-05,0
0.32203961888035654,0.6779244060812356,9.668268881523776e-06,2.1923207849720223e-07,8.949526180923489e-06,6.749428816341525e-06,1.0388582450314419e-05,1
0.07197019637266217,0.9279774558078245,9.366290873988093e-06,1.364877083513273e-07,7.474613628041787e-06,4.708190292884035e-06,3.066223701000575e-05,1
0.04467914633596903,0.9552298079883266,6.206134093483903e-06,9.196593221860877e-08,5.1568249169620216e-06,3.163920180438329e-06,7.642683058135332e-05,1
0.07535624873373437,0.9245097426365655,6.263279464148599e-06,6.23573831316706e-08,4.774944642402917e-06,2.5928964791303853e-06,0.0001203151517314151,1
0.1513606660326914,0.8483114630298032,6.807137139894979e-06,1.8902146387794917e-08,9.344410752603872e-06,4.525589217292321e-06,0.0003071748982491569,1
0.2784540530042596,0.7210640687564454,1.0014063522851646e-05,1.9352638504756943e-07,1.312394024721771e-05,6.657922345024482e-06,0.0004518887867947381,1
0.21794762404906742,0.7817200910920923,7.65408087274916e-06,1.842890554293016e-07,1.106858930765324e-05,5.820976340566485e-06,0.00030755692326381404,1
0.2644011848172769,0.7351462050849792,1.0895109717240704e-05,1.848943072741355e-07,1.2215318225277984e-05,6.266951712987076e-06,0.0004230478237810174,1
0.23072298229466626,0.7687802705143754,8.422709643286762e-06,1.655865000352783e-07,1.1851594899720618e-05,5.612517850563303e-06,0.0004706947820645635,1
0.12757887613852326,0.8712891441870396,8.530180020448204e-06,1.5937820569685725e-07,8.571843398656947e-06,5.40208908500261e-06,0.0011093161837271068,1
0.18259636323379227,0.8164420262194272,7.717061650146545e-06,1.4418587135371617e-07,6.56173657753851e-06,4.887148267517857e-06,0.0009423004144140553,1
0.1900571351327141,0.8089754196825323,8.03237590768158e-06,1.5007721485128636e-07,6.9560190970242685e-06,5.0868340543233525e-06,0.0009472198784799303,1
0.7091241519080208,0.2902652061483088,1.0271467232241251e-05,2.016321750237004e-07,1.022017769587078e-05,6.470357305270875e-06,0.0005834783092618196,1
0.8474390977422168,0.15121980656212375,7.410990583858215e-06,1.6771082746658468e-07,9.459435870038481e-06,5.04648048785752e-06,0.0013190110778903178,1
0.6977315627392926,0.2994887058495422,8.438635318433437e-06,2.087551390999837e-07,1.1983715778739779e-05,6.28151892231257e-06,0.0027528187860066866,1
0.6406493013915443,0.3581362677209082,9.194490740485992e-06,1.8779262508766408e-07,1.3314716840588965e-05,6.4779709850286515e-06,0.0011852559163563643,1
0.5834946617279877,0.4150383759296012,9.45428670322284e-06,1.9309882063525463e-07,1.7440565553820398e-05,6.66101001961339e-06,0.0014332133813138891,1
0.5821590309243652,0.4165490517121506,9.214803041315926e-06,2.097367743352003e-07,1.7998891302645092e-05,6.474935568324678e-06,0.001258018996797659,1
0.522266930111062,0.47769607326875546,1.0881206937227743e-05,2.3499082896175824e-07,1.2115279249483485e-05,6.854453721612379e-06,6.9106894452862695e-06,1
0.4799688846580191,0.5199720595770815,9.196696319790198e-06,1.8783767288194293e-07,1.1193562322478196e-05,6.479524924136438e-06,3.199814366009985e-05,1
0.44006039269259634,0.5598782398479696,1.055759011934131e-05,1.9725841256220932e-07,1.1754960018249173e-05,6.786315945596618e-06,3.207133493826874e-05,1
0.7086369294808162,0.2913301679152132,8.822280325573223e-06,1.9587415873040828e-07,1.1735802697060227e-05,6.630034660572655e-06,5.518612128558355e-06,1
0.6297041151343645,0.37025834143477504,1.1583559608875983e-05,1.9599528241636356e-07,1.447676068785692e-05,5.932949073925573e-06,5.354166207305647e-06,1
0.500784590788009,0.49916808389277234,1.6939470757974437e-05,2.1576452686403608e-07,1.542537400223102e-05,7.41470090105118e-06,7.330009030709747e-06,0
0.7029619703611003,0.2970001430355103,1.07409357649324e-05,1.853034056716336e-07,1.5061760129446647e-05,6.677815249056717e-06,5.220788840298876e-06,1
0.6661852392099221,0.33377176372546447,1.191725268973756e-05,1.91135515799252e-07,1.6607190137785462e-05,8.48893139284191e-06,5.792554877083859e-06,1
0.6358993657115446,0.3640593308827678,1.2002194995735568e-05,2.0714905881866692e-07,1.5861668253527288e-05,7.5709272034275995e-06,5.66146617602841e-06,1
0.7403229706319014,0.2596402237418981,9.954476792315022e-06,1.519636113576845e-07,1.3286419744687219e-05,6.749183507992103e-06,6.663582544022376e-06,0
0.626392358065796,0.3735639134540218,1.1426140127584458e-05,1.625037477235029e-07,1.2113594597245859e-05,7.218353608573074e-06,1.2807888101196953e-05,0
0.6420177767946079,0.3579418577337861,1.0677294671027648e-05,1.338440227052448e-07,1.1129141396711945e-05,6.641263477789575e-06,1.178392803769969e-05,0
0.500838300628741,0.49911932405321513,1.3408661843141977e-05,1.2668327356978825e-07,1.4600673291501288e-05,7.388759755802521e-06,6.850539879791704e-06,0
0.43854097916031043,0.5614225538088408,1.2139301561127096e-05,1.1469052457318637e-07,1.1321733551848418e-05,6.6892866631789874e-06,6.2020185481709685e-06,1
0.3743576075035953,0.6256017360570534,1.1951627230839607e-05,1.58160074669176e-07,1.5819557857275614e-05,6.62095921900022e-06,6.106134969400189e-06,1
0.3861644477033686,0.6137767755418626,1.120269453748029e-05,1.4824918568175435e-07,3.5496243147440184e-05,6.206065688208624e-06,5.723502209833513e-06,1
0.15572735884986388,0.8430000406102838,1.22701885395851e-05,1.5221679434422597e-07,0.0012481688344323219,8.14752557570638e-06,3.861774510459964e-06,1
0.12426683039832546,0.8732692273302688,1.1092271514083702e-05,1.3760424352262536e-07,0.0024399527313815343,7.326342567577389e-06,5.43332169900292e-06,1
0.11985350513024415,0.8675544396641812,1.1432082225784577e-05,1.4485963784115257e-07,0.012569090506734402,7.712635191115888e-06,3.675121785473634e-06,1
0.1854519626493285,0.8003800324870642,2.081471904880703e-05,1.4659848188148143e-07,0.01410196067304065,4.17720385394908e-05,3.310834496392072e-06,1
0.32638195584385893,0.6515639504918457,3.182558161180614e-05,2.3511058721985704e-07,0.02196711812796573,4.99785145560313e-05,4.936329574567768e-06,0
0.20963227146594465,0.7837935031076664,1.8529624526515682e-05,1.3956233229274682e-07,0.0065135878091295745,3.7455097584316224e-05,4.513332815998927e-06,1
0.2751171217270303,0.7093431639811302,2.37482299278326e-05,1.84579301728449e-07,0.015465359051571644,4.713359552354401e-05,3.2888355148866292e-06,0
0.25626904642674586,0.7344481904045536,3.0671143309741114e-05,1.8199287645467022e-07,0.009212328352053779,3.08974534405517e-05,8.684227020225225e-06,1
0.1680073969026415,0.8190762505518145,2.7542092405151186e-05,1.5122267492721537e-07,0.012855423999553861,2.9618205693418136e-05,3.617025216482472e-06,1
0.04423981538765914,0.9234007395388664,2.015275049106529e-05,1.508317334634976e-07,0.03228900745925185,4.5210209051601485e-05,4.923822946529765e-06,1
0.04858628368574015,0.9423032727975308,3.759360316891052e-05,1.7895960879253735e-07,0.009014405246084904,5.3985255758107454e-05,4.280452108428825e-06,1
0.04450212292854658,0.9243865544891225,2.923967886510902e-05,2.139748322751392e-07,0.031003417721230754,5.373409806417624e-05,2.4717109338619956e-05,1
0.033999160019708714,0.8927178609487041,3.248073907074357e-05,2.714556369288262e-07,0.07319083959745169,4.4871476955687176e-05,1.451576247218932e-05,1
0.0890605941430029,0.8737396414496472,5.844253134129506e-05,5.919325127836416e-07,0.03706235384124049,6.680092914949554e-05,1.1575173106178e-05,1
0.967467234472483,0.022427253762915052,1.0405413425923764e-05,3.416967274266956e-08,8.253617626005268e-06,7.078145304283861e-06,0.010079740418573029,0
0.9383115214261567,0.061652324199892916,6.087980187192932e-06,1.1374805176759262e-07,3.561169272825374e-06,3.835032151482887e-06,2.255644428708497e-05,0
0.92238327022555,0.07759903942243175,6.093061533585699e-06,1.1384299183552344e-07,3.6299853319292415e-06,3.838233069716832e-06,4.0152290910706195e-06,0
0.8750693458777776,0.12490714954435946,6.305418034073625e-06,1.5598356477276273e-07,5.859916958901507e-06,4.802216784011354e-06,6.381042521048924e-06,0
0.8482334126621268,0.15174068317938424,7.215411109272149e-06,1.473709671956546e-07,7.4565919566450935e-06,5.083612037924329e-06,6.001172417646328e-06,0
0.8385095568645342,0.1613796999897097,8.03993124763245e-06,1.6421135624934356e-07,6.8530911954051486e-06,5.664527031872925e-06,9.002138492526734e-05,0
0.8932249332411181,0.10675418875479759,5.321089548646942e-06,9.885139646474354e-08,3.7680680590250496e-06,3.3327892457959458e-06,8.357205834605414e-06,0
0.4171395643282681,0.5828205455467204,1.0815413396585261e-05,2.452440646609505e-07,1.0011391546549057e-05,7.550251625609923e-06,1.1267824378220973e-05,1
0.18094478377221315,0.8190184505467151,7.02088113785773e-06,1.31441618555457e-07,5.534214773010348e-06,4.534123695379274e-06,1.9545019846947914e-05,1
0.04963553507435298,0.9502141025899303,7.238643321236475e-06,1.0548314714761028e-07,5.776679663847539e-06,3.7129324076919878e-06,0.00013352859717688498,1
0.05502883206525799,0.9447332027728893,8.728479126831997e-06,1.2719337136136095e-07,6.965618504832659e-06,4.47711699301434e-06,0.00021766675385663102,1
0.1493124989736674,0.8504482153458697,8.717338695835268e-06,1.3188239994031548e-07,9.476973917410494e-06,4.536988406933208e-06,0.00021642249704290504,1
0.22968523747897354,0.7699789605246654,8.33836040362286e-06,1.6114265127783033e-07,1.092784596854147e-05,5.54381904263565e-06,0.00031083082829489746,1
0.23222283514568107,0.7674295508932064,8.627724069131752e-06,1.9272106921959068e-07,1.1307071789027695e-05,5.8689451932736575e-06,0.0003216174989921122,1
0.5935768585384752,0.40575594741523513,1.042570763357076e-05,1.9479431521671777e-07,1.0373647913302029e-05,6.567518741407057e-06,0.0006396323776861731,1
0.705373931985811,0.293952446403109,1.0124304593423768e-05,1.891628894302686e-07,9.588283515279616e-06,6.37765439987224e-06,0.000647342205682068,1
0.6303722428191844,0.3682813909264276,9.454948141150386e-06,1.9311233015614628e-07,1.369189015412682e-05,6.661476035168138e-06,0.0013163648277275226,1
0.4616403920367727,0.5383003035955527,1.0829622707522747e-05,2.338768145909573e-07,1.205784468810157e-05,6.821959006888389e-06,2.936106445753742e-05,1
0.5490113425682527,0.45095086539820106,1.0815982911651192e-05,1.9826597028851933e-07,1.3095152385610526e-05,6.8133668212868135e-06,6.869265457328754e-06,1
0.5944392677443914,0.40552097054228015,1.048552655916224e-05,2.164265310327978e-07,1.429462857412836e-05,7.4374505299079684e-06,7.32768113428031e-06,1
0.6045720055283819,0.39538843924229256,1.0410997492760954e-05,2.3114719779734983e-07,1.3813515222984022e-05,7.823971998266249e-06,7.2755974138545555e-06,1
0.7445979929464495,0.25536936562486434,8.978756879923764e-06,1.993482847288308e-07,1.109920201151806e-05,6.747628405117795e-06,5.616493104769322e-06,1
0.7277588680953425,0.27220867414670685,8.703002341003997e-06,1.9322592335130432e-07,1.1577133640835641e-05,6.540396024896473e-06,5.444000020574702e-06,1
0.6193418666865667,0.38062559262394413,9.635191648081158e-06,1.7662108350456086e-07,1.1181895086286948e-05,6.069545008346726e-06,5.47743666303015e-06,1
0.5713009250990367,0.4286608335635669,1.234361857368105e-05,1.990488093161931e-07,1.4440121363197961e-05,5.917933335806274e-06,5.3406153143830304e-06,1
0.5370707773812016,0.46288381874668105,1.4887426679103121e-05,2.184347075867162e-07,1.5616269775968855e-05,7.430037197461417e-06,7.251703757321637e-06,1
0.5729364871558901,0.42702000063603757,1.4201641864421292e-05,2.1163607183633119e-07,1.4874148654863801e-05,7.1987822056360075e-06,7.025999275829583e-06,1
0.6344696418722077,0.3654865346265467,1.3197867518208317e-05,1.875277897859153e-07,1.6293725674532886e-05,8.328700896257737e-06,5.815679366975794e-06,1
0.4338100830801329,0.5661467893477193,1.4400654748505843e-05,1.8718923700773866e-07,1.3866821665464659e-05,8.313664699061314e-06,6.359241797809603e-06,1
0.47869502656111007,0.5212626941791121,1.4215116458483306e-05,3.56373403315852e-07,1.173248167472354e-05,9.111973593128846e-06,6.863314648152792e-06,1
0.5035012610420873,0.49645713936657027,1.4350982281547764e-05,1.775563409296172e-07,1.3153224803954178e-05,7.885837387221298e-06,6.031990528702644e-06,0
0.703653704976666,0.2963060689230181,1.1107478478080677e-05,1.6914974214722057e-07,1.469691238621843e-05,7.512473807917358e-06,6.740085901451283e-06,0
0.5078760077212515,0.4920802622738052,1.3830066600625962e-05,1.5358848256920327e-07,1.5059540347698617e-05,7.6209722278169376e-06,7.065837284592356e-06,0
0.5024661436647293,0.4974939906772753,1.266444408729439e-05,1.205871460164216e-07,1.3631647573353246e-05,6.978663187756637e-06,6.470316000979325e-06,1
0.377414978936694,0.6225454985844738,1.1362741853776045e-05,1.5036714794806576e-07,1.5909370138416705e-05,6.294728657178263e-06,5.805271034773974e-06,1
0.13750108723513546,0.8604872619060135,1.1367096726973026e-05,1.410135646407177e-07,0.001989057340446574,7.507862074495167e-06,3.577546038232403e-06,1
0.12013379150471303,0.8687344107545383,1.2555712453297251e-05,1.4505666315391374e-07,0.011107745993610498,7.670857659390166e-06,3.680120362233934e-06,1
0.16591666758811108,0.813432900452904,2.1406478262553226e-05,1.5070443974672612e-07,0.02059026757882535,3.2058819712076845e-05,6.548377745216072e-06,1
0.30255183988120987,0.6726050782895275,3.553556915007907e-05,2.3585290981818973e-07,0.024752029910716136,5.032858127176842e-05,4.951915214667391e-06,0
0.39551812168868294,0.5912439865654875,2.8666126654144315e-05,2.5992906753529393e-07,0.01315501140023937,4.9654513114176225e-05,4.299776754186465e-06,0
0.25262909823239665,0.7372046468528721,1.8045627980637097e-05,1.4924083649654566e-07,0.010096648376736779,4.827824178217156e-05,3.1334273953483214e-06,1
0.2565758636612298,0.7354608540726398,1.5974415216521576e-05,1.48475953132836e-07,0.007902194530624625,4.161160833245598e-05,3.3532360035918153e-06,1
0.16029054213404959,0.8339128453620236,1.9439816938507505e-05,1.5996391646762037e-07,0.005734549709190169,3.0358665790436834e-05,1.210434809125302e-05,1
0.15410394107571962,0.8404061442741677,2.1890639066112836e-05,1.4206978287415053e-07,0.005414077724789054,3.370650706792396e-05,2.0097709406653623e-05,1
0.08098489312438026,0.8829948779680415,2.3128706343245357e-05,1.458503100743196e-07,0.03593165845638493,6.044294683157216e-05,4.85294770812686e-06,1
0.22602786238818529,0.7593216376267478,2.3153401896891523e-05,1.6575683443465726e-07,0.014573089996626667,5.091390709454086e-05,3.17692261453906e-06,0
0.3369179075532391,0.6253998474570516,3.102798312993963e-05,2.398427561112892e-07,0.037594282271371876,5.2421372252073986e-05,4.27352019918018e-06,0
0.41648318537160617,0.5690981130503973,2.4044873307017555e-05,1.958938346470502e-07,0.014344227504329206,4.62033527503041e-05,4.029953775340519e-06,0
0.045781478866191015,0.9206457424687303,1.9949068621635523e-05,1.5038172192897901e-07,0.033503924815604956,3.972560841729159e-05,9.028790712887033e-06,1
0.04169346261407255,0.9045146493413921,1.934963190054855e-05,1.4436262946836725e-07,0.053725761528960525,3.7965111525130656e-05,8.667409519672305e-06,1
0.0441168833813474,0.9487963205261052,3.534411114629937e-05,1.68251185592461e-07,0.0069914220176802875,5.58373902485361e-05,4.024322286878689e-06,1
0.04664456425772702,0.932964708875769,3.611269773709996e-05,1.8280717841255334e-07,0.020286438581806978,4.304629975505176e-05,2.4946480026530364e-05,1
0.04117535381462321,0.8742148811290321,2.9176109150810287e-05,2.68805145546033e-07,0.08452471458973636,4.7790106806617554e-05,7.815445505464964e-06,1
0.04386110467334576,0.9114177524589706,3.0776062455032816e-05,3.340037161725282e-07,0.04463600569370608,4.874536605829732e-05,5.281741747925569e-06,1
0.05584365194797544,0.9219905633472266,4.382205145629951e-05,5.77341814963916e-07,0.02205046676484835,5.6023181703876516e-05,1.4895364974812498e-05,1
0.0866552509799674,0.8527483088839842,7.199569387020698e-05,6.510957374090736e-07,0.060419976806000635,7.878072867913252e-05,2.5035811760902177e-05,1
0.06953266838704003,0.8656669986074916,5.64939805466213e-05,6.489714247801285e-07,0.06462997038057001,8.826554483881692e-05,2.4954128088219554e-05,1
0.030390817639586277,0.8657023350017505,3.425848589997768e-05,3.136494482693296e-07,0.10379193522568275,6.733722982980746e-05,1.3002767802462057e-05,1
0.9123538099165516,0.03252694904307545,1.9469352452519704e-05,2.508053522809108e-07,1.0320950005205056e-05,8.628501538117722e-06,0.05508057143102469,0
0.9524635232205416,0.023391884206991082,9.618504741673665e-06,2.4276701567184093e-07,8.53414207063283e-06,7.560218008460184e-06,0.024118636940631082,0
0.932673835355411,0.06658382474431598,8.981587839670002e-06,1.4403041015000705e-07,4.598669478578234e-06,4.881878944350199e-06,0.0007237337336003043,0
0.9397366613198312,0.060248366080196784,4.173706958389164e-06,1.0324925106762954e-07,2.9619439285897065e-06,3.1068079429905003e-06,4.626891890775274e-06,0
0.9350093179145132,0.06497191495588815,4.731617101187353e-06,9.954475817231156e-08,7.125087162357762e-06,3.356166036868934e-06,3.4547145399434944e-06,0
0.9479897982815404,0.051915395287123384,5.129866212472981e-06,1.0477481239356738e-07,4.195497644788626e-06,3.614243074404608e-06,8.176204959219585e-05,0
0.7563796533405226,0.24337655713543918,6.736506457354329e-06,1.3243654049352556e-07,6.2050829739389e-06,4.6616728497198855e-06,0.0002260538252168057,0
0.7460874252303797,0.2536798126951564,7.3796380012266335e-06,1.252353662865403e-07,6.199977872296167e-06,4.24482508329659e-06,0.00021481239814057288,0
0.8947833579887611,0.10519700197956423,5.022383314799554e-06,9.330224566046006e-08,3.6031072090987243e-06,3.145698817281746e-06,7.77554008806484e-06,0
0.7871792705574889,0.2127970977681958,5.997226709968517e-06,1.1205241037126745e-07,4.27127105490442e-06,3.777863354556335e-06,9.473260785651627e-06,0
0.7720699394731644,0.22791221462623568,5.261480055793764e-06,1.1069212672576568e-07,4.219419067586694e-06,3.732001193098886e-06,4.522308156703485e-06,0
0.31095496639323894,0.6890196829362784,6.999560068940444e-06,1.5871797953533778e-07,5.067116197691295e-06,4.886400348391461e-06,8.238875888143308e-06,1
0.10118793535845896,0.8987899041129759,4.286693186910835e-06,8.02534439302778e-08,2.707295297142808e-06,2.7683700623827836e-06,1.2317916574689772e-05,1
0.04650622542863234,0.9533569586172153,6.6550935103165536e-06,9.697952736120111e-08,3.886202183564419e-06,3.413610986769013e-06,0.00012276406794440095,1
0.04541088695358919,0.9544474402561183,6.820317018634434e-06,9.938720168174804e-08,5.442841272058819e-06,3.498359425298408e-06,0.00012581188537472065,1
0.044712880712479044,0.9551946217422399,5.638672922950662e-06,9.115747802688083e-08,5.111492296288786e-06,3.2086789550926174e-06,7.844754362860813e-05,1
0.03878614304669751,0.9610088882899219,4.792948604901773e-06,5.768298519012697e-08,4.231431026135815e-06,2.3986271078353574e-06,0.00019348797365628662,1
0.062443655856244826,0.9374351371936722,4.710011433256918e-06,5.1158479481586496e-08,3.917401520815496e-06,2.1273192854757656e-06,0.00011040105936425822,1
0.06416651162593245,0.9357125042409502,4.701356305471848e-06,5.106447054265345e-08,3.91020289481882e-06,2.123323321620535e-06,0.00011019818612500071,1
0.19438252343635684,0.8052859661631788,9.678052492700751e-06,1.4641680793718202e-07,9.929216825310931e-06,5.037203257904627e-06,0.0003067195110804392,1
0.23138265663200272,0.7681472414481819,9.82079412923388e-06,1.6014696595327268e-07,8.330130709593854e-06,5.714616489352368e-06,0.00044607623152131937,1
0.1458130513286819,0.8533918015685407,7.85122016673983e-06,1.4585435376326982e-07,7.709049449293415e-06,4.943701110321924e-06,0.000774497277697442,1
0.40129765946019436,0.5981853842356588,9.755274893329674e-06,1.8226792457503033e-07,9.594895461908445e-06,6.145189654390621e-06,0.0004912786762126942,1
0.8446458038646448,0.1546511674280046,7.166211147445262e-06,1.5076426101874379e-07,7.779329293225259e-06,5.083039043893044e-06,0.0006828493636049867,0
0.8453578636935047,0.15368982929561398,7.121664752126196e-06,1.4982708456201575e-07,9.0722147402862e-06,5.05144200300036e-06,0.0009309118623014346,1
0.8190795606847692,0.14607324478449527,6.5487459568567754e-06,1.8398361056648235e-07,9.649017851441357e-06,4.87473034360849e-06,0.03482593805297293,1
0.5757070471280331,0.42306103959025576,9.112676720584356e-06,1.8612161687198846e-07,2.447261131862136e-05,6.420328983742189e-06,0.0011917215430714014,1
0.605238529439125,0.3934514915926993,1.1439455539427638e-05,2.1251402453024157e-07,1.2493193131707933e-05,7.2031159298428e-06,0.0012786306895502461,1
0.5738279145762624,0.42602024150793,1.1419550086068419e-05,2.1214423525234393e-07,1.2661573994416001e-05,7.1905820039327445e-06,0.00012036006548782471,1
0.44792091341593043,0.5520203671471459,1.0728512991055155e-05,2.0045194195326615e-07,1.1945267796869957e-05,6.758266451794954e-06,2.908693774207705e-05,1
0.4628119643011466,0.5371263235424968,8.805870112428522e-06,1.798552536805913e-07,1.0717876559108278e-05,6.187592002277702e-06,3.5820962429126614e-05,1
0.41571673946612075,0.5842175548597661,1.121876947415902e-05,2.0961191260113527e-07,1.2986143643596169e-05,7.211315585455591e-06,3.4079833497403004e-05,1
0.43613440950175986,0.5638079990797501,1.0438931799282694e-05,1.9135430953121758e-07,1.208345248054496e-05,6.575849106999983e-06,2.8301830793575918e-05,1
0.6222307168085267,0.3777290084514097,1.0600373831039978e-05,2.3535177185019695e-07,1.4064783454823402e-05,7.966290269772848e-06,7.407940736190974e-06,1
0.7811229050486854,0.21884328730721006,9.29955058077929e-06,2.064706152332186e-07,1.1495755135456553e-05,6.988708180082589e-06,5.817159592681154e-06,1
0.7644405921916692,0.2355254659399394,9.100941615128056e-06,2.0206105640855897e-07,1.210649074967676e-05,6.839451493877414e-06,5.6929234761403756e-06,1
0.7088325327586562,0.29113752907498763,8.14243092476272e-06,1.6806386110201878e-07,1.0640136643655837e-05,5.775477927066926e-06,5.212056999451217e-06,1
0.5958474754271943,0.4041218504264596,9.082514332824715e-06,1.6649004825230154e-07,1.0540498424810159e-05,5.7213941917815715e-06,5.163249348446367e-06,1
0.663868781816832,0.33609319758515416,1.2148595548564504e-05,1.7261874079901267e-07,1.4474458002721692e-05,5.871611152300286e-06,5.35331456934581e-06,1
0.7086793094887148,0.29128466642256307,1.1333509826624843e-05,1.955265365186481e-07,1.358970644967738e-05,5.396527784202885e-06,5.508818125273743e-06,1
0.7342233035635353,0.2657404719542508,1.0791407897463728e-05,1.861741545760354e-07,1.3292384005510474e-05,6.709194598458517e-06,5.2453215581209055e-06,1
0.7136417114769364,0.2863209899304354,1.0868111856132816e-05,1.8749745685443492e-07,1.4203495973684719e-05,6.7568827027422946e-06,5.282604638495872e-06,1
0.5023488741512421,0.4976059212907108,1.534741516367474e-05,3.8476016640131233e-07,1.2224590079370125e-05,9.83778374961763e-06,7.41000888819801e-06,0
0.49000925877660645,0.5099422391937607,1.5635898673349612e-05,2.798605778924148e-07,1.4809738121593167e-05,1.0227238329563181e-05,7.549293930531976e-06,0
0.5777183937105889,0.422236954999099,1.2871463503739134e-05,1.7210558019495684e-07,1.2749437020762736e-05,7.643751902889195e-06,1.1214532304585779e-05,0
0.49669018476310267,0.5032574557676721,1.627594156499668e-05,2.0190982738081965e-07,1.4957310652849288e-05,8.968756422532119e-06,1.1955550757285859e-05,0
0.17503378735082786,0.8247750641517211,1.2285929469302221e-05,1.5241206712702046e-07,0.00016670681585641997,6.852531568590739e-06,5.150808489808203e-06,1
0.1399992606162054,0.8597948594454711,1.2893395868847841e-05,1.4895793356325012e-07,0.00018100582401759014,6.797685424734833e-06,5.034075078730114e-06,1
0.1411083153885705,0.8542374943663277,1.3638184549142522e-05,1.5082929822995275e-07,0.004618863945240028,7.480313881387871e-06,1.405697213311666e-05,1
0.1288855741879303,0.8570857039362925,1.139831800946753e-05,1.3846612450026064e-07,0.014006349836634712,7.322338102882515e-06,3.5129169055291314e-06,1
0.16414304908955513,0.8225869279769277,2.412376456293816e-05,1.495946507309319e-07,0.013213301549137614,2.8271505903653633e-05,4.176519262231185e-06,1
0.17607340062335328,0.8092423510872824,2.0416156419680745e-05,1.473274743065744e-07,0.01462501875952899,3.455282376861746e-05,4.113222172656528e-06,1
0.2737210241327952,0.7147049085972851,1.6867477021489962e-05,1.6346651963691342e-07,0.011500724080839953,5.2880138865367923e-05,3.43210667319199e-06,1
0.14104009634416761,0.8526787353348844,1.590462662366674e-05,1.4414445160328637e-07,0.006225520751429146,3.435514848772785e-05,5.2436499557955724e-06,1
0.11806933122200104,0.8759429152093899,2.2294364651304005e-05,1.4807723696669032e-07,0.005927454296521339,3.193701881663762e-05,5.919811382629089e-06,1
0.10814055463919442,0.8794753923887623,2.3093666146569788e-05,1.4526897254241767e-07,0.012295042011062251,5.366775822956135e-05,1.2104267632276773e-05,1
0.275040154635017,0.6958700784575605,3.312044127810129e-05,2.536588920989538e-07,0.02898003444652033,7.17822637408291e-05,4.5760969912056536e-06,0
0.31656265021193863,0.6483100116953967,3.226938966373002e-05,2.4943868644527e-07,0.0350358005889628,5.451871237732324e-05,4.499962974241812e-06,0
0.38831580115109504,0.5994994311438271,2.662832951176648e-05,2.5319127843132266e-07,0.012103480446616485,5.050268160778664e-05,3.903056063552345e-06,0
0.24776021898358175,0.7433668913900748,2.7655810914772118e-05,1.8049814534925008e-07,0.008788751789513185,4.695218037009491e-05,9.349347399944301e-06,1
0.14100054647237353,0.8466492461408884,3.2671486750443465e-05,1.5631336354860677e-07,0.012283005451855894,3.063534772512064e-05,3.7387870430187074e-06,1
0.03826888552223677,0.7287384913528993,1.558937886711616e-05,1.1630834822091287e-07,0.23294025985814396,3.205706241161281e-05,4.600517093025684e-06,1
0.05608983608410006,0.9372411523275788,3.515937214377708e-05,1.668377453827126e-07,0.006579366309457951,5.032855410984411e-05,3.990514864260943e-06,1
0.05859644594860697,0.9305317303865939,4.195801625334881e-05,1.677403223298618e-07,0.010767761929971632,5.436995971031707e-05,7.566018541622651e-06,1
0.04673706263375834,0.8896678539724967,3.2073269405756183e-05,1.5110062860760437e-07,0.0634912732516709,4.859523601306249e-05,2.2990536026625872e-05,1
0.038447896793488104,0.870611441454278,2.9502833595133557e-05,1.560823275589196e-07,0.09084479128380324,4.9404998397755864e-05,1.6806554110276263e-05,1
0.07880264958596055,0.89569138189398,4.394391233405958e-05,4.818671458635091e-07,0.025400832008550388,5.318468018601718e-05,7.526051843057318e-06,1
0.0943725213902622,0.7969758101662063,5.8547789973212944e-05,5.929922616864861e-07,0.10851107352217318,7.290479523630791e-05,8.549343887042232e-06,1
0.0795180889991938,0.8612795309884215,8.109193693871177e-05,6.353280427831069e-07,0.05900882793541103,8.73737283188361e-05,2.445108367330085e-05,1
0.03422075971148199,0.8509306816338866,3.550404602631067e-05,3.863173898852458e-07,0.11475552530174396,5.290857946644287e-05,4.234410004735823e-06,1
0.02839339766421514,0.8072396442731014,2.6575681270371414e-05,3.3603678865083246e-07,0.16429260798394013,4.375832344584783e-05,3.680037238480043e-06,1
0.9659162467032539,0.017484784012599952,1.0146643140281676e-05,2.0062450534138394e-07,8.048359948752299e-06,6.9021202289473535e-06,0.01657367153632261,0
0.8875790602944917,0.11239719055059771,8.18774013530083e-06,1.5298004594841166e-07,4.855101732330338e-06,5.157744555890821e-06,5.39558844107708e-06,0
0.9125583356094672,0.08742285618055781,5.376811170314014e-06,1.33011668524339e-07,3.815747813601043e-06,4.094988263587062e-06,5.387651058903467e-06,0
0.7574357930492036,0.2422926860407473,7.506039366591402e-06,1.4756519463205382e-07,6.913909660771462e-06,5.0767114078379625e-06,0.0002518766844190485,0
0.7410094359174744,0.258760740807024,6.306762761624796e-06,1.2470046909734032e-07,5.77540742064724e-06,4.226694861195385e-06,0.00021338970998902596,0
0.8600701119783369,0.13989981172571847,7.361551297170797e-06,1.0705937474571755e-07,4.134374282390608e-06,3.609522430382908e-06,1.4863788559708291e-05,0
0.8867857593581338,0.11319324546532644,6.4039817101219295e-06,9.313339676545613e-08,3.596586672893715e-06,3.1400060521660315e-06,7.761468708082113e-06,0
0.7972220452028262,0.2027614008353873,5.068375927583017e-06,1.146974228489897e-07,3.6196215958366747e-06,3.5950312095138956e-06,4.156235630697999e-06,0
0.21541454220320688,0.7845653907132646,5.1583528139937275e-06,1.1863148387549028e-07,4.073903495666177e-06,4.092233707780475e-06,6.623962027229527e-06,1
0.1471533366577134,0.8528250587284084,4.839200757287252e-06,9.883812374029868e-08,3.334236818708987e-06,3.4094549639818903e-06,9.922883214676982e-06,1
0.05789382541823888,0.9420098430723985,5.9810036328714195e-06,9.669175969101329e-08,3.6401425276095184e-06,3.4034817676717612e-06,8.321018967473986e-05,1
0.046189547426164684,0.9536379434044301,5.418549551863947e-06,7.703871857169549e-08,5.021675054833996e-06,2.711708576836774e-06,0.00015928019750311597,1
0.04601118633346235,0.9537301162000285,5.764188734045932e-06,8.195287492084431e-08,5.0663266921435085e-06,2.8846834155537793e-06,0.0002449003147924597,1
0.05743173815851528,0.9424528449328883,4.4850179689361995e-06,4.871467999382523e-08,3.7302703955956873e-06,2.0256161483113992e-06,0.0001051272894036054,1
0.20922913148315916,0.790362943055279,1.04273402534726e-05,1.5775259292505596e-07,8.17220204434167e-06,5.427190267431042e-06,0.000383740976403687,1
0.14726953651236774,0.8523391894840463,8.791744396642569e-06,1.4919936853652679e-07,8.024303592689065e-06,5.057079647348209e-06,0.0003692516765808326,1
0.4760880067965975,0.5232137817852951,1.2217786780601034e-05,2.2827758968874104e-07,1.2119975004885394e-05,7.696412222585092e-06,0.0006659489665096835,1
0.5662951464221084,0.43309435299387117,1.0680804112041031e-05,1.9956054745574647e-07,1.0718607274584781e-05,6.728212956332654e-06,0.0005821733991298382,1
0.7367339275600865,0.262611665328129,9.094031708225699e-06,1.6991323192862484e-07,8.612557387106742e-06,5.728649390321209e-06,0.0006308019600668395,0
0.8409481962469696,0.1580724871565326,7.324747936952307e-06,1.5409959142173292e-07,7.951429984272536e-06,5.195490194770038e-06,0.0009586908287903045,0
0.8401574726876331,0.15846440577345322,7.440735585181248e-06,1.6838395729024768e-07,9.578848277608723e-06,5.066735211850145e-06,0.0013558668358817367,1
0.8172976818187433,0.18144172775604295,7.186590688141952e-06,1.6263265447902748e-07,8.757925364898664e-06,4.893676394748036e-06,0.0012395896001116018,1
0.6433918564154666,0.3554114709980816,9.059446738190636e-06,1.8503442254995084e-07,1.3119157053501998e-05,6.382825842870923e-06,0.0011679261223946883,1
0.5809436096319178,0.41506353239733007,1.2485940033266006e-05,1.9849826780351986e-07,2.536185441356583e-05,6.828970904059713e-06,0.003947982707133476,1
0.5966687225336917,0.40141509364134126,1.3103774140381571e-05,2.1013455500776554e-07,1.2353309788192054e-05,7.122464335860664e-06,0.0018833941421476843,1
0.5388735339297174,0.46103457821771876,1.060548324551456e-05,1.9702108363674049e-07,1.158908551724959e-05,6.778151076730746e-06,6.271811164075086e-05,1
0.5263701721654139,0.4735436796199082,1.0713420550423945e-05,1.9902626570018587e-07,1.1843282398001788e-05,6.847135708788921e-06,5.654534975499807e-05,1
0.49819182049139615,0.5017223668466488,1.0671691102522698e-05,1.9825104585826648e-07,1.1797152067032226e-05,6.820465683889977e-06,5.632510205581057e-05,1
0.43195782488645873,0.5679555906166818,1.3561917434350304e-05,1.9723158098926753e-07,1.1753361079765077e-05,6.785392854262083e-06,5.4286593910063986e-05,1
0.4331785972069872,0.566761437650801,1.0402013377656636e-05,1.90677564130915e-07,1.2758838212305154e-05,6.552592898936793e-06,3.0061020158873552e-05,1
0.49403902361634,0.5059223177945985,1.1058479900385776e-05,2.027111419531042e-07,1.3407997770117515e-05,6.966124175916726e-06,7.0232760730839165e-06,1
0.771065951194869,0.22890009638205158,9.103771677385673e-06,2.0212389005738994e-07,1.2110255428540963e-05,6.841578314854206e-06,5.694693768550398e-06,1
0.5958474754271943,0.4041218504264596,9.082514332824715e-06,1.6649004825230154e-07,1.0540498424810159e-05,5.7213941917815715e-06,5.163249348446367e-06,1
0.5531432153659162,0.44681245616693555,1.5225321025730395e-05,2.5111288465909043e-07,1.3288459878006118e-05,8.789754087856598e-06,6.773819272123458e-06,1
0.5324076727728061,0.4675434915101968,1.5810143519193955e-05,2.8297931537412324e-07,1.4974776319262634e-05,1.0134395358013355e-05,7.633422485253375e-06,0
0.44004499449571066,0.5599019867550257,1.8381167805289814e-05,2.885569646746926e-07,1.6258606327287734e-05,1.0306537498302022e-05,7.783880668140468e-06,1
0.4651776600839328,0.5347695688117875,1.8506949377040153e-05,2.289756999687765e-07,1.5808584937054836e-05,1.0447771801154103e-05,7.778822464370412e-06,1
0.46014356354310615,0.5398111968366578,1.6172041178855495e-05,2.000872414686716e-07,1.3814112816381042e-05,9.067854153749217e-06,5.985524845703791e-06,1
0.6369397254703749,0.363016532544608,1.384850864058555e-05,1.8729267799702935e-07,1.6273297518282927e-05,8.318258839808127e-06,5.114627340455995e-06,0
0.6436745429774235,0.3562803114072253,1.4065689134500424e-05,1.9022991242202914e-07,1.596178722784578e-05,8.448710689189716e-06,6.479198387196029e-06,0
0.6511402216001088,0.3488141230968558,1.3988318242105602e-05,1.8918351804038588e-07,1.643758692304819e-05,8.40223701275925e-06,6.637977339422379e-06,0
0.47824968689450365,0.5217021652448405,1.569525213448211e-05,1.8908222496111096e-07,1.4007052625235099e-05,8.39773826747406e-06,9.858735403696321e-06,0
0.4712625340607168,0.5286886720569749,1.590543908263147e-05,1.9161436751437094e-07,1.4194631621650041e-05,8.511436078109375e-06,9.990761158323254e-06,0
0.1281673693204994,0.8708646978935042,1.1468439295183181e-05,1.3737098812027323e-07,0.0009455082084354888,6.176276265042466e-06,4.642491012693594e-06,1
0.15790945672420226,0.8398566601462163,1.1729161398810936e-05,1.4248519133984711e-07,0.002210013173963715,6.372262460481889e-06,5.6260465671328165e-06,1
0.19644600651531585,0.8000969025448507,1.1524281672386563e-05,1.3999632397511022e-07,0.003432445186508021,7.4537020180962846e-06,5.5277733110719174e-06,1
0.19812888303771592,0.7976651099864289,1.3109205049699645e-05,1.4777527108943304e-07,0.0041720480687081,7.1901775602086015e-06,1.3511749265962686e-05,1
0.1644029438234719,0.8175662990556763,2.4476713727712152e-05,1.5178333512520987e-07,0.01797255637996634,2.933461888246078e-05,4.2376249400544415e-06,1
0.16110069579404163,0.8218252683248434,2.5088408215199932e-05,1.5557653344510866e-07,0.01701438065280272,3.0067716669302996e-05,4.343526894242731e-06,1
0.18727168466214453,0.7980529963459159,2.3768206567358467e-05,1.5107629743492314e-07,0.014617983851601917,2.9197972252822635e-05,4.217885219962997e-06,1
0.3365197336765284,0.6464840303751308,3.018942282078269e-05,2.2858579846244046e-07,0.016866559467997738,9.445913516210958e-05,4.7993365616545565e-06,0
0.30839204474409315,0.6761382891739581,2.3773530209792206e-05,1.871578809216721e-07,0.015355065729836593,8.44476018538057e-05,6.192062167555678e-06,1
0.20181130153571822,0.7836004240831373,2.3227480188848868e-05,1.6262312978296137e-07,0.014508735716386934,5.114244111850379e-05,5.006120320379084e-06,0
0.21659907100591752,0.761562590918302,2.5829420144520997e-05,1.9827111996185205e-07,0.021750635255551543,5.6108223557718255e-05,5.566905406776441e-06,0
0.04974198050256268,0.9248883023849795,1.967791680142281e-05,1.4833375793840986e-07,0.02530589461937067,4.092329971666786e-05,3.0729428112152825e-06,1
0.04462033335562957,0.850150987998103,2.8901693501802907e-05,1.5237594139097816e-07,0.1051303240066897,5.288899098309206e-05,1.6411579151576444e-05,1
0.0368630954346597,0.8330302190098811,2.8229300421452e-05,2.3128880762136899e-07,0.13002667940833382,3.890074053958114e-05,1.2644817357053489e-05,1
0.061769844704560206,0.9078648511951661,3.9469311304859275e-05,4.3280089044165194e-07,0.030265018736003204,5.362354254322393e-05,6.7597095322781784e-06,1
0.060367322462259246,0.9197546377553063,3.862891594352277e-05,4.192284667898746e-07,0.019786487751639898,4.595615802771756e-05,6.54772835672788e-06,1
0.03659784820820907,0.7967105246871669,4.158919498000883e-05,5.479246296032274e-07,0.16657741156380715,6.0411590296082124e-05,1.1666830911237122e-05,1
0.014017365507960164,0.17731380995141344,1.3025905644765517e-05,1.3193087650854642e-07,0.8086325358052916,1.9250773834158085e-05,3.8801249793541745e-06,1
0.03095905618474324,0.819319957271785,3.1707615359209226e-05,3.450086560832428e-07,0.14963790120252926,4.725109035969923e-05,3.7816265674017455e-06,1
0.9183171121540467,0.08164302344775928,8.050498758210633e-06,1.495564089292884e-07,4.682240089010715e-06,5.069181452612043e-06,2.191292148534097e-05,0
0.9136313309013762,0.08633678787257967,7.963657966767846e-06,1.4879328624769775e-07,4.744406641640581e-06,5.016587342090124e-06,1.40077808074303e-05,0
0.9180342715975203,0.08194809803552251,5.040094411847597e-06,1.2468196222723104e-07,3.5767908939281454e-06,3.838544224472232e-06,5.050255464593207e-06,0
0.9442285753352487,0.05575630825836676,4.193657156731222e-06,1.0374277949643497e-07,2.9761019347560584e-06,3.1938962136398234e-06,4.649008299964636e-06,0
0.7447796313669321,0.25510672928169265,6.777903066229423e-06,1.2591503621092335e-07,5.326720561769235e-06,4.267862345285207e-06,9.714095036584966e-05,0
0.6836987101502763,0.31625365098717606,9.515445892882975e-06,1.3838356164281195e-07,6.312950526048386e-06,4.665621959145488e-06,2.700646060793278e-05,0
0.30493664828129463,0.6950375743432635,7.060694160512468e-06,1.6010422087043196e-07,5.111372342732513e-06,5.13437056528175e-06,8.310834152382127e-06,1
0.11126454303318918,0.8887134286808002,4.261112422684954e-06,7.977453295205232e-08,2.6911395613188607e-06,2.751849863999555e-06,1.2244409629846283e-05,1
0.04582594749282904,0.9539986505682787,6.257042047653835e-06,9.947284743671786e-08,3.986115497079645e-06,3.501374095487985e-06,0.00016155793440470793,1
0.035811990285273224,0.9641100985925927,4.837323816571768e-06,7.82024858585517e-08,2.9440791588463882e-06,2.7526723648088335e-06,6.729884430814668e-05,1
0.03844500462635461,0.9614716848713859,5.172559009681115e-06,8.362205801094941e-08,3.148109110689582e-06,2.9434374834519427e-06,7.196277459753271e-05,1
0.03914003702845729,0.9607451025918768,5.2394363342810625e-06,6.6941554723909e-08,2.5201402993749412e-06,2.3562955284968328e-06,0.00010467756594930637,1
0.01782679651762295,0.9820798082617006,2.734308629696782e-06,3.887528036703233e-08,1.8492123722125017e-06,1.3683824595305176e-06,8.740444193449306e-05,1
0.02865459682782522,0.9712329008782562,3.828916481905307e-06,3.729965398906616e-08,2.043534982853123e-06,1.729364777528954e-06,0.00010486317802208652,1
0.20125434347254814,0.7976700657840567,9.468783905541059e-06,1.769151161380906e-07,9.39297978616168e-06,5.964718937421021e-06,0.0010505873456499914,1
0.8389014114358435,0.1596448999635755,7.397610252663324e-06,1.6740803037204246e-07,9.423738846604342e-06,5.037369211904322e-06,0.0014316624742396282,0
0.8468249315854609,0.1510213066697474,6.770577136913928e-06,1.6749068050330455e-07,9.447018865647117e-06,5.039856184755352e-06,0.002132336801923755,1
0.6224082626003958,0.37433481736846397,1.215641760783827e-05,1.9325960491746156e-07,1.9019940043118138e-05,6.8026018335579026e-06,0.0032187478120508472,1
0.5853273039231234,0.4128647093984238,1.3724046991430228e-05,2.2008136560921198e-07,1.293805908256487e-05,7.459609284542438e-06,0.0017736448817286127,1
0.5810702440508672,0.41803093848864853,1.1454775135532755e-05,2.1279862103146968e-07,1.2765405711166435e-05,7.2127622654016186e-06,0.0008671717187512782,1
0.44430097057989104,0.55560336139729,1.1023578839066679e-05,2.0478816458896616e-07,1.2203670584618267e-05,7.045363332127995e-06,6.519062189849871e-05,1
0.4241965483810535,0.5757115759568747,1.338019054763111e-05,1.9458871862490147e-07,1.1595868473881608e-05,6.694469994383251e-06,6.0010544337284296e-05,1
0.44816428510739537,0.5517464828179793,1.1586408737875086e-05,1.8419775030187938e-07,1.0976653224192334e-05,6.336987679156389e-06,6.014782723374263e-05,1
0.4034934522063837,0.5964102057796319,1.0800569517197382e-05,2.0179824880936612e-07,1.2502061612553574e-05,6.942500732416605e-06,6.58950838735283e-05,1
0.40394963257220884,0.5959881744024206,1.076381670312905e-05,2.01111557843117e-07,1.3202616731595663e-05,6.918876382035685e-06,3.110660399593491e-05,1
0.4155401076303475,0.5843979197492919,1.0880547307401223e-05,1.9944948940777408e-07,1.2594638884443933e-05,6.8540381976594434e-06,3.1443946481546455e-05,1
0.6849836472468569,0.3149741702530784,1.2131401621190797e-05,2.6555602880354463e-07,1.660846194195523e-05,8.641474569888277e-06,4.535605903073564e-06,1
0.5464750256432079,0.45347527371494956,1.5392740043260993e-05,2.865641432872735e-07,1.6436616649365003e-05,1.0030661522255159e-05,7.554059484432574e-06,1
0.515596965327891,0.48435468931987924,1.62747370600889e-05,3.10255597948059e-07,1.5124055895694008e-05,9.395594113316583e-06,7.240709562712389e-06,1
0.4521090555842645,0.5478418461180791,1.6541801116513066e-05,2.74958012730535e-07,1.5372237583802205e-05,9.549773284823494e-06,7.359527658517414e-06,1
0.6163146140022611,0.3836397761483629,1.4572674939144691e-05,1.970865878607129e-07,1.6526140358138473e-05,8.931866026354543e-06,5.382081464634582e-06,1
0.6146554427319806,0.3852989403665979,1.4574928118350701e-05,1.9711706074255555e-07,1.6528695575760915e-05,8.933247042186262e-06,5.382913624419373e-06,0
0.14351365800843385,0.8535438072294803,1.1744021441184533e-05,1.362297360756888e-07,0.002919945170815536,7.253160867942614e-06,3.4561792252310646e-06,1
0.15370189431421685,0.8368985274284256,1.2884933962648606e-05,1.4717894029650157e-07,0.009365976222367116,7.112697994240096e-06,1.3457224093420209e-05,1
0.1585333853636102,0.8284447962458037,1.696313822995654e-05,1.3926738184099752e-07,0.012976532558955952,2.42952328243322e-05,3.8881931941912854e-06,1
0.17646827295156528,0.8061103919981791,3.39489264930122e-05,1.7288790480442634e-07,0.017351030409921468,3.1695506374096145e-05,4.48731956211276e-06,1
0.2669570779026353,0.716242137451724,3.965078417205236e-05,1.8867693497268363e-07,0.01672509509586494,3.0952963550457885e-05,4.897125118036157e-06,0
0.6338155494133637,0.36169003802470584,2.0341248397922532e-05,1.560591790413686e-07,0.004428969520412053,4.089520531866037e-05,4.050528622877162e-06,0
0.192743254273292,0.8018841314663253,2.0617913635948234e-05,1.5306673860998557e-07,0.005311236820007394,3.3859585283033846e-05,6.746874717393113e-06,1
0.14351444070537864,0.8523200217571735,2.1380913161851235e-05,1.386479335889368e-07,0.004097126299125913,3.513515129160409e-05,1.1756525934979945e-05,1
0.2079427431753414,0.771391382985775,2.6162776854594916e-05,1.9703350859715487e-07,0.02057678773903089,5.708753712449269e-05,5.638752365063243e-06,0
0.16156333912709192,0.8283653638740771,2.8785702284443367e-05,1.5293768566443087e-07,0.010002354653778819,3.634565931704495e-05,3.658045765061131e-06,1
0.12480632521406897,0.8640695430208474,3.3062575817819624e-05,1.610767950981236e-07,0.01105704219919109,3.001319192072646e-05,3.852721359019156e-06,1
0.09338954683172139,0.8685247455273098,2.3835304063837786e-05,1.4520752416807048e-07,0.038028259315447344,3.0459635460145314e-05,3.008178473519937e-06,1
0.06241987751937147,0.9111284084098535,2.3443173463240278e-05,1.4763507228563143e-07,0.026377318288888535,4.774650479735686e-05,3.058468553407454e-06,1
0.07323701383191489,0.8998151942480268,4.504471674868759e-05,4.888572997271211e-07,0.026835195221085024,5.942789722106264e-05,7.635227703707076e-06,1
0.07150663518680679,0.8869199949144091,4.423002269919277e-05,4.800156605319675e-07,0.04146096510471204,6.0197621330851617e-05,7.497134381654399e-06,1
0.05223500680777605,0.7863774059621795,5.139687898607922e-05,4.61782670106967e-07,0.16126797536201595,6.228222084345868e-05,5.470985528872095e-06,1
0.8897509391566246,0.006224139624784472,1.28444648094448e-05,1.9767977093634346e-07,7.930227408537871e-06,6.80081201203077e-06,0.10399714803458997,0
0.9623349096163755,0.017264156312647234,1.2987469258813181e-05,1.9988064790657212e-07,8.018518966088024e-06,6.876529170469571e-06,0.02037285167293399,0
0.914789003175139,0.08475654485625982,9.563605369727011e-06,1.7766582151875777e-07,5.777391611490449e-06,6.021943784647769e-06,0.0004329113620139444,0
0.9117408893235562,0.08821329403803473,9.252536281143261e-06,1.718870024399964e-07,5.381355565878544e-06,5.826071988167899e-06,2.5184787571351147e-05,0
0.8719855547294145,0.12799158317443898,7.135181713711583e-06,1.6146926862077194e-07,6.095645730064416e-06,4.858669686342727e-06,4.611129747783404e-06,0
0.8744441807139917,0.12553290479898144,6.512295465156675e-06,1.6110130304118298e-07,6.0817546173270445e-06,4.847597466703426e-06,5.311738174450448e-06,0
0.9180342715975203,0.08194809803552251,5.040094411847597e-06,1.2468196222723104e-07,3.5767908939281454e-06,3.838544224472232e-06,5.050255464593207e-06,0
0.8069548998457144,0.1919958264980164,1.082431307824516e-05,1.7208214923907725e-07,8.208230686692827e-06,6.057170325046876e-06,0.0010240118600297714,0
0.7612517601806047,0.23850101944214516,7.854243619256692e-06,1.3328961073671044e-07,6.598716174820587e-06,4.585585978188069e-06,0.00022804854186715895,0
0.7694146340145438,0.23034532635969687,7.610370152157885e-06,1.2915098185347643e-07,6.393826707423755e-06,4.377544008213118e-06,0.000221528733909541,0
0.6766216977457463,0.32333174703441275,9.646592872158484e-06,1.402908381167831e-07,6.399958996395133e-06,4.826450438116493e-06,2.5541926695940418e-05,0
0.7564157709097252,0.24356201346731507,5.607934842807774e-06,1.0477886642123034e-07,4.238305924802829e-06,3.5326347596911753e-06,8.731968565956273e-06,0
0.20094689547472697,0.7990328500865298,5.5503285947717175e-06,1.1700328078760137e-07,4.017989651931685e-06,4.036068284052282e-06,6.533048931696528e-06,1
0.04727302711726973,0.9525390815714211,6.183598970294917e-06,9.830526825572991e-08,3.939327799860417e-06,3.460276131530102e-06,0.00017420980313944204,1
0.046574079721802046,0.9532909505769989,6.252400417815129e-06,9.939905599768215e-08,3.983158497192021e-06,3.4987766888612898e-06,0.00012113596653932745,1
0.05031481889864324,0.9495412652244803,6.169368833253725e-06,9.807904119186753e-08,3.930262338999918e-06,3.452313098385712e-06,0.00013026585356430635,1
0.029402444237675376,0.9705135762225622,3.273438700635964e-06,5.291997257209499e-08,1.9922715579403802e-06,1.8627457228038697e-06,7.679816380838113e-05,1
0.02931268898789683,0.9705575981530764,4.8270995042213846e-06,1.521377561936701e-08,2.576276277951294e-06,2.180203172275511e-06,0.00012011406629674924,1
0.08951025706227156,0.9101762175157576,5.604264220363993e-06,1.2182553948736402e-08,4.392220681917142e-06,2.916771125266657e-06,0.0003005999833893692,1
0.11104140847335504,0.8887074845180427,6.303252996190459e-06,1.3702016296732944e-08,4.940037993323911e-06,3.2805638013521017e-06,0.000236569451795068,1
0.14905494120270008,0.8505165809387961,7.658988739067256e-06,1.92439526113213e-08,6.002566513560421e-06,3.986327110519563e-06,0.0004108107321880429,1
0.17665416980438997,0.823064888390718,9.962701795915988e-06,1.3319203277345117e-07,6.81000106737513e-06,4.582228986314293e-06,0.0002594536810096459,1
0.20966378704384045,0.7891823752967628,9.567614848152255e-06,1.7876167720279765e-07,9.491019519189175e-06,6.0269760129733746e-06,0.0011285732873392294,1
0.4994834426442335,0.49972777091469817,1.232409149089584e-05,2.302637909111419e-07,1.2367710831625922e-05,7.763377286415666e-06,0.0007561009976685658,0
0.8604575013768134,0.1382800801160512,7.566099848926164e-06,1.7122095244892368e-07,9.220413497265472e-06,5.1521014397119515e-06,0.001240308671397092,0
0.8394518804936884,0.15833305082383003,6.711627749278645e-06,1.6603238930439696e-07,9.364766501358613e-06,4.995975666174237e-06,0.002193830280175487,1
0.6680552235163901,0.33090526534221976,8.366117095417385e-06,1.924034514686606e-07,1.3641629825779023e-05,6.6370230218120815e-06,0.0010106739679957854,1
0.656015013023041,0.34054462158604076,1.0360433933578256e-05,1.924687327570625e-07,1.2263242203812098e-05,6.523685191994315e-06,0.003411025560856238,1
0.4298089815024459,0.5700955127295236,1.3622214615371716e-05,1.981084856304894e-07,1.180561729973303e-05,6.8155611592392655e-06,6.306426647039367e-05,1
0.4177072945117483,0.5822301362946638,1.0984606625905855e-05,2.0523680509977048e-07,1.2715091422547017e-05,6.9195888104827525e-06,3.1744669923991315e-05,1
0.4785785279575605,0.5213811760960569,1.4258815689434943e-05,1.8534551908594536e-07,1.3250667257922186e-05,6.304511386518857e-06,6.29660652956951e-06,1
0.7080905027334484,0.2918734003672549,1.1356416703356052e-05,1.9592172762345404e-07,1.3617173468740159e-05,5.407435049350251e-06,5.519952347563281e-06,1
0.7217756989227838,0.2781864785395473,1.1447329171082172e-05,2.0749233904786205e-07,1.4770875038585318e-05,7.11699157062275e-06,4.279849549461217e-06,1
0.529398188783399,0.47055386641893265,1.61390869072348e-05,3.100742147354665e-07,1.499799668586161e-05,9.317281709686295e-06,7.180358150869137e-06,1
0.5866559057426164,0.4132973651072263,1.4171425002171308e-05,2.496019455532805e-07,1.5692317199138773e-05,9.10303880120546e-06,7.512767209308591e-06,1
0.517324320736946,0.4826277055464512,1.677024878443974e-05,2.7875527255391295e-07,1.5584533197931474e-05,9.681658768198611e-06,5.658520579745543e-06,1
0.41846607381634665,0.5814847223285126,1.7130491886552957e-05,2.825350760086909e-07,1.5919305845396214e-05,1.0091450604049735e-05,5.7800717286414605e-06,1
0.4519087778676399,0.548044428053252,1.509864152458912e-05,1.8189479907031375e-07,1.3951037314487064e-05,8.07852200343763e-06,9.483983466513333e-06,0
0.1388733869596422,0.8586597179500228,1.252231949833827e-05,1.4999455102552526e-07,0.0024424455702910775,6.708098138402761e-06,5.069107856160528e-06,1
0.16274451676168536,0.8342467228015156,1.200853665338171e-05,1.392980919813803e-07,0.002985712243902935,7.3663340420289886e-06,3.5340241087517525e-06,1
0.20896124891628526,0.7849340110040587,1.2745764106007312e-05,1.4081341405878517e-07,0.006077670079678296,7.446467003253738e-06,6.736955454278063e-06,1
0.1753087333494135,0.8191155571683973,1.3396343796052106e-05,1.5339636446033795e-07,0.00554072086457035,7.413166663809056e-06,1.4025710794629192e-05,1
0.22918431697770777,0.7473414761914763,4.265517408447991e-05,1.9686931518361357e-07,0.02339474387043759,3.150115796917108e-05,5.109759009472097e-06,0
0.6529760602991486,0.34259197943320885,1.980044047863966e-05,1.5211218463810032e-07,0.004367195196520688,4.1618804876505675e-05,3.193713582021754e-06,0
0.18435322332253892,0.8143868124723541,1.2209921897609131e-05,1.0976943446595036e-07,0.0012198878232483033,8.291400996119728e-06,1.9465289530364935e-05,1
0.1628748852348496,0.8332028905033477,1.9425451111987766e-05,7.344696959153128e-08,0.0038571995089190974,3.513195555197921e-05,1.0393899249841715e-05,1
0.162788872204142,0.8231217905557063,2.5401080859288516e-05,1.708251267594034e-07,0.014000372815297391,5.167523556014739e-05,1.1717283308131515e-05,0
0.12064731311913804,0.84416456563663,2.7379936606662802e-05,1.5736617945445543e-07,0.03511902308302196,3.779688956430245e-05,3.7639688597112185e-06,1
0.06439296060361781,0.9092109914263821,2.3393838661987253e-05,1.4732438282370308e-07,0.026321808749729485,4.764602504241251e-05,3.0520321834143902e-06,1
0.05755701192234501,0.9133647592253503,2.117980649700833e-05,1.39873583058559e-07,0.02900515658324438,4.8854910612859237e-05,2.8976783674367096e-06,1
0.0664204472065482,0.9103211550378844,1.868596616002892e-05,1.3940748250145632e-07,0.023195611525880958,4.107283360631838e-05,2.888022437618988e-06,1
0.05088862959760989,0.9422311008960405,2.8276493584052514e-05,1.5119429143563764e-07,0.006811745375525841,2.6975478059793244e-05,1.312096488866498e-05,1
0.048684425510315404,0.9433627974650601,2.8946861146355457e-05,1.6426117503036954e-07,0.007878740910442472,4.1664191027180103e-05,3.260800833638973e-06,1
0.045581437515926096,0.9368700043134283,3.429794210987769e-05,1.3808753239484786e-07,0.017468507397138684,4.137743287337494e-05,4.237310991395939e-06,1
0.04620792058404661,0.8885803605139766,2.6449974535312773e-05,1.2659148370352302e-07,0.06513381558665184,3.769227305096189e-05,1.3634476254916679e-05,1
0.05305281495295828,0.8928139361445916,3.855628014799442e-05,4.1844017148182264e-07,0.05402883196780977,5.8906797970556916e-05,6.5354163503855384e-06,1
0.05112207821799656,0.8365622783451194,4.2305524552855114e-05,3.655623507492394e-07,0.11220822306939846,5.757835496842955e-05,7.170925613495626e-06,1
0.020764236682226336,0.6302897251070662,4.3869087114265274e-05,3.1553603451323197e-07,0.34884198881897244,5.0907385152313e-05,8.95738343408119e-06,4
0.0030281571846373667,0.051884407817088515,3.8100362825800173e-06,3.860475053979737e-08,0.94507840586469,4.307219681259749e-06,8.732728697520446e-07,1
0.026866790822754522,0.828769245783694,3.063704703163679e-05,3.489876709986028e-07,0.14428135607714732,4.779604130511233e-05,3.825240396361396e-06,1
0.7309787369690203,0.26759214548038646,9.909040799634036e-06,1.5753138562906128e-07,6.932917665339356e-06,5.5449937051296585e-06,0.0014065730670375439,0
0.7688238496079669,0.23051326015223245,7.511777152940763e-06,1.4767799680614968e-07,6.839594147434906e-06,5.0055130885269e-06,0.0006433856774150037,0
0.7727851354925368,0.22693610592428387,7.649635347170732e-06,1.512524178046031e-07,7.005140738465536e-06,5.126667298894134e-06,0.000258825887377128,0
0.7540384124991633,0.24568785585955374,8.696512079019033e-06,1.4758323856132783e-07,7.306345168572243e-06,5.077332176318064e-06,0.0002525038686205297,0
0.7556969340586993,0.24404413677253414,6.877256507533495e-06,1.277607533947251e-07,5.404801940848524e-06,4.3304225216218754e-06,0.00024218892704327632,0
0.743657198939784,0.25632122862008394,5.707552545288441e-06,1.2007669380811178e-07,4.1836195767033405e-06,4.048403240688056e-06,7.512788075416551e-06,0
0.30425778615013255,0.6957172060416105,6.478318343899402e-06,1.6026077629643966e-07,5.116370418799778e-06,4.933897945406089e-06,8.318960772493275e-06,1
0.10857979367919168,0.8913976343031144,4.36629091133545e-06,8.174363490862772e-08,2.7575658753255504e-06,2.8197747110765e-06,1.2546642561422712e-05,1
0.04237929511525944,0.9574524108505649,6.313962754703672e-06,9.200849286011971e-08,3.6870009123443087e-06,3.238634077206467e-06,0.0001549624279387003,1
0.03656739035673395,0.9633471197511008,3.347657968983559e-06,3.636107766286028e-08,2.125913651229025e-06,1.512000015182744e-06,7.846795945236643e-05,1
0.0906872998547586,0.9090553666605642,5.976379563067944e-06,9.717511566227701e-08,5.002739663606441e-06,3.477450062886753e-06,0.00024277974027187287,1
0.143196050672626,0.8563879258144262,7.506021446453482e-06,1.1355669969000759e-07,5.88268171158521e-06,3.906711160379998e-06,0.00039861454192974705,1
0.13906891651259037,0.8606985045279377,7.405266768704716e-06,1.1203240765792367e-07,6.149856789008951e-06,3.854270672855468e-06,0.00021505753283360737,1
0.1256501937602819,0.8741414768069609,7.881606245624451e-06,1.0515872433995843e-07,5.376680647385304e-06,3.6177941337827534e-06,0.00019134819300619662,1
0.1723330601724266,0.8273577524353695,1.1823816948132078e-05,1.600921265877895e-07,7.535419084000689e-06,5.426287275938427e-06,0.0002842417767694066,1
0.15523779225914455,0.8444346314211669,1.1202672908242008e-05,1.6567498391657734e-07,7.798200087384585e-06,5.615516992179149e-06,0.00030279425471664226,1
0.1872619949660245,0.8110141744326378,9.567494208572163e-06,1.787594231683265e-07,9.614224069931029e-06,6.059011171048849e-06,0.0016984111124651992,1
0.22946810073449833,0.769293103666877,1.0035118317667947e-05,1.874965296853777e-07,9.954780302297936e-06,6.32147283809349e-06,0.0012122967306369959,1
0.7199032208237868,0.27943590311746624,9.513521289880818e-06,2.1028423305600672e-07,1.075013132528613e-05,6.748001024029455e-06,0.0006336541208746417,0
0.855895095991326,0.14284339119020856,7.2964900281144775e-06,1.6511967818203538e-07,9.05497286465866e-06,4.968511852778134e-06,0.0012400277240419292,0
0.8495162704724117,0.14917163727628954,7.408010471474646e-06,1.6764338747888854e-07,9.455632035495867e-06,5.044451193821166e-06,0.0012900165142106618,1
0.8304907593228787,0.16738841155192385,6.857293714671896e-06,1.577036232447572e-07,1.3357129546547246e-05,5.440040550775254e-06,0.002095016957762435,1
0.6367182871977888,0.35887626999756217,1.2824579498867708e-05,1.9656617049532898e-07,2.0065346635458478e-05,7.01418395581225e-06,0.00436534212838861,1
0.44482155188352895,0.5550840697568832,1.0751709478830748e-05,1.9973757003129103e-07,1.2972449568782762e-05,6.871606837100503e-06,6.358285613316331e-05,1
0.41736249144988474,0.5825423357555218,1.110330083345199e-05,2.0745449215678052e-07,1.2852484389967134e-05,7.13709346953816e-06,6.38724614083165e-05,1
0.42381321617700884,0.5760969085151203,1.1288513075324237e-05,2.10915004679603e-07,1.306687446037954e-05,7.256146091976561e-06,5.805285923862215e-05,1
0.4252758179059257,0.5746343985155187,1.1295229385222217e-05,2.1104049246741965e-07,1.3074648839315745e-05,7.115260976345999e-06,5.808739886226511e-05,1
0.7831166858598043,0.2168523046968295,8.314661124143419e-06,1.8460388841863324e-07,1.1060544308823465e-05,6.248553594946558e-06,5.201080449863072e-06,1
0.6268061418639808,0.37315558596565906,1.0109492558063687e-05,2.2445312061350603e-07,1.3413472574991704e-05,7.597387930020073e-06,6.927364176495698e-06,1
0.475907846156247,0.5240560274995654,1.0536937791844272e-05,1.931508409577215e-07,1.2196898068340432e-05,6.6375865175950964e-06,6.56177096896676e-06,1
0.722321730922674,0.2776425098921034,1.0679099236372111e-05,1.8423659737970214e-07,1.4620191366167932e-05,5.0849257309466976e-06,5.190732291661429e-06,1
0.7086793094887148,0.29128466642256307,1.1333509826624843e-05,1.955265365186481e-07,1.358970644967738e-05,5.396527784202885e-06,5.508818125273743e-06,1
0.7086793094887148,0.29128466642256307,1.1333509826624843e-05,1.955265365186481e-07,1.358970644967738e-05,5.396527784202885e-06,5.508818125273743e-06,1
0.7103925744314283,0.2895699735520772,1.1266793343618833e-05,1.9437553889739711e-07,1.350970851141499e-05,7.004749497118148e-06,5.4763896034424395e-06,1
0.5257469067580776,0.4742083092965773,1.3984578333823557e-05,2.0518772954630623e-07,1.4669220723733178e-05,9.11303454770289e-06,6.811924010366075e-06,1
0.650906408007786,0.3490480487981406,1.3785413519777381e-05,1.8643935476552448e-07,1.6771909834907165e-05,8.449338724066468e-06,6.350092639619842e-06,0
0.1548589864164141,0.8416562396806555,1.1748441623145125e-05,1.407249053777212e-07,0.0034618779529593667,6.250945856816463e-06,4.755837585635091e-06,0
0.26476521863435515,0.723803150191686,1.1054051650900785e-05,1.5157501899762367e-07,0.01140582378125792,8.015560058874555e-06,6.58620597245082e-06,1
0.23464116778289662,0.7464103813420611,4.046327366698107e-05,1.9662404041804121e-07,0.01887122567302136,3.146191143078118e-05,5.103392883080025e-06,0
0.6567999650970942,0.3392779531538552,1.7290874200707702e-05,1.5064074395190992e-07,0.003860261204674391,4.1216209890761374e-05,3.1628195407862915e-06,0
0.24819535202033935,0.7462519978803912,1.8409548400759966e-05,1.8403582314151863e-07,0.005477501328624955,4.401061562508538e-05,1.2544570795533957e-05,1
0.17282509927608733,0.8218826486078711,1.1455527359730147e-05,1.5688413276429405e-07,0.005264164478330795,8.646331305842586e-06,7.828894912398592e-06,1
0.15812260649167006,0.8398178861052293,1.1539509482826039e-05,1.0902376790281306e-07,0.002036318026323591,7.83614352515818e-06,3.7047000013898725e-06,1
0.18001681518208218,0.8171891014677343,1.1920571185437848e-05,1.732035744190562e-07,0.0027713855366944275,7.414392940901012e-06,3.1896457880496742e-06,1
0.3036404372522136,0.669916904443021,3.247987198672536e-05,2.4327185605490445e-07,0.02634076307171089,6.469881472978472e-05,4.4732744819407394e-06,0
0.412237044549236,0.5714812264938103,2.71298640283058e-05,2.1987864431086968e-07,0.016195440772309753,5.4415069531519756e-05,4.523372439739462e-06,0
0.04529342935278553,0.9491631975824207,3.4022440712295556e-05,1.5201660905035668e-07,0.005464768715888783,3.810765314060145e-05,6.322238443037409e-06,1
0.04802724263027403,0.9306285015652223,2.6879852897366313e-05,1.3716758223210671e-07,0.021283108110057566,3.091389013552256e-05,3.216783831063106e-06,1
0.05637099567473782,0.8842280251305806,2.9853265542652713e-05,3.249249734503146e-07,0.05931613358052574,4.95925763166272e-05,5.0748473231328376e-06,1
0.022283240443804704,0.6885972912210738,4.7825215221512816e-05,4.252900344813567e-07,0.28898864844602523,7.092196759727445e-05,1.1647416243093152e-05,4
0.03691605697364992,0.833802025136974,5.336906952997942e-05,3.6692807401030375e-07,0.12913619478254626,8.537685874926276e-05,6.610250476217535e-06,4
0.0026068312915644254,0.04986284436647446,3.6615864800587975e-06,3.71006001409636e-08,0.9475216470089894,4.139398205642319e-06,8.392476858831801e-07,1
0.91938738928972,0.02647968130542795,1.4883825865146177e-05,2.205567749663645e-07,8.732732535347223e-06,7.587853615072408e-06,0.0541015044360618,0
0.9723200583038348,0.027650607870937233,3.7843609793957187e-06,7.070714347873749e-08,2.1826930457452043e-06,2.383901652526833e-06,2.0912162406841365e-05,0
0.9508632472647378,0.04912360172556156,3.879923546342965e-06,9.598163080289254e-08,2.7534554069215615e-06,2.954956178042911e-06,3.4666929389380778e-06,0
0.8613507293675745,0.13829682606929705,8.670447970279585e-06,1.770893278357631e-07,8.797735779788272e-06,6.108757076816948e-06,0.00032869053297374605,0
0.6355818855724145,0.3632628848753202,1.2203269333134777e-05,2.2846384112191918e-07,1.1915018600194432e-05,8.041766126870658e-06,0.001122841034363953,0
0.7575339266199285,0.23738478561537904,1.2755903608538165e-05,1.8588191151685703e-07,8.767475360859851e-06,6.542912227570066e-06,0.005053035591584006,0
0.6069762980888466,0.3901704864732727,1.0450708290119735e-05,1.5229008412796744e-07,7.145544434660015e-06,5.360503587721015e-06,0.002830106391484029,0
0.7884718125703837,0.20977489215875222,8.057028274678174e-06,1.496777096168929e-07,7.012887863582917e-06,5.149388633314489e-06,0.0017329262883830836,0
0.8156900115080207,0.18372575035871455,6.798252244206212e-06,1.206700863182993e-07,6.373083264344489e-06,4.2475019588032135e-06,0.0005666986257111428,0
0.8157850046594466,0.1836161099338692,6.264057834914903e-06,1.238560859177645e-07,6.541348999018791e-06,4.295221682833092e-06,0.0005816609220815182,0
0.7802675049620007,0.21941538456326765,7.5419174598805344e-06,1.209435886454576e-07,5.91807164422132e-06,4.09935622794852e-06,0.00029943018581086355,0
0.701575823848994,0.29836906563205456,7.171225518094806e-06,1.3322189945244061e-07,6.356720101891158e-06,4.491595765750873e-06,3.6957755666335535e-05,0
0.7478654052553358,0.2521005280202036,6.040484880538709e-06,1.270809944713912e-07,4.427658019524228e-06,4.2845542588805495e-06,1.9186946307153317e-05,0
0.41259547515755074,0.5873658892621155,9.802361951047832e-06,2.4249103739907264e-07,9.983896724090958e-06,7.465495044087437e-06,1.1141335577204808e-05,1
0.21649356071432535,0.7834737049122807,6.036323987212318e-06,1.2724826978100472e-07,4.369811066532658e-06,4.389472691761178e-06,1.781151737856705e-05,1
0.19937236696450963,0.8005960179132834,7.010202516157407e-06,1.3124169844675963e-07,4.427349352167758e-06,4.5272273826893544e-06,1.5519101257453057e-05,1
0.17435402396921118,0.825613211047389,6.468492330279548e-06,1.2110005636200424e-07,4.085227960527328e-06,4.0829060584138485e-06,1.8007256994201238e-05,1
0.12655261510691843,0.8734223298564546,4.846601672506784e-06,9.07357859817375e-08,3.0609099702229303e-06,3.129962045203211e-06,1.3926827153149428e-05,1
0.03978426175398321,0.9600523204587521,6.331107974921048e-06,9.22583368856931e-08,3.6970127614855976e-06,3.247428410751725e-06,0.0001500499797806733,1
0.02460464812718038,0.9753075555471497,3.786520116122065e-06,4.837839939157272e-08,2.072265676135184e-06,1.702885548929186e-06,8.018627592939712e-05,1
0.017740947698146256,0.9821471479648767,3.101961480893062e-06,3.3482244218359184e-08,1.8226569528543105e-06,1.5523740204353166e-06,0.00010539386227858938,1
0.04017871051735976,0.9596093414006392,6.670787466507311e-06,2.1024605693579546e-08,3.549005320811008e-06,3.0129215242686125e-06,0.0001986943430836877,1
0.06316811976278071,0.9366819262448147,5.1418948808895895e-06,6.332734007222433e-08,3.702543087524499e-06,2.633228478482564e-06,0.00013841299861760013,1
0.08407234182144523,0.9157106732129513,5.861774909278709e-06,8.242117505111609e-08,4.906805789076731e-06,3.4896935529840644e-06,0.00020264427017739912,1
0.15389515302904694,0.8458288161199491,9.076812401958876e-06,1.3969458619498141e-07,6.651846809084428e-06,4.805937478126818e-06,0.0002553565597284172,1
0.15389509622509348,0.8458285039176494,9.445917190164335e-06,1.3969453463257277e-07,6.651844353833636e-06,4.805935704216182e-06,0.0002553564654742328,1
0.1552374622598407,0.8444328363502859,1.1392017775359122e-05,1.6567463173024075e-07,7.798183510231801e-06,5.615505054901046e-06,0.00030473000890113164,1
0.1479488975626386,0.8514422832021199,7.630337773867756e-06,1.479908049886769e-07,7.95939444328386e-06,5.016115652793082e-06,0.000588065396566416,1
0.17323524652161917,0.825697347567922,8.883411765395443e-06,1.7328431645995868e-07,9.371761451186579e-06,5.471051248441756e-06,0.0010435064016774216,1
0.12599289442255712,0.8729341033884832,6.437164614890306e-06,1.202722268037916e-07,6.35692058470834e-06,4.07660056658884e-06,0.001056011230966597,1
0.6213877553067515,0.37760122662162277,8.761022258099767e-06,1.6369127078431837e-07,8.297178785879275e-06,5.518875063087493e-06,0.0009882773042479954,0
0.6758758279734636,0.3234642661103999,8.462933741896838e-06,1.7804498435725375e-07,9.186995332733517e-06,6.002812609181506e-06,0.0006360751294685142,0
0.8499053987988889,0.1487745450949924,7.185405571509004e-06,1.6260583527194483e-07,9.171497714752327e-06,4.89286939494196e-06,0.0012986437276022024,1
0.6781055966410042,0.3208392535780585,8.491978843747978e-06,1.9529801229185904e-07,1.3846857574849352e-05,6.736871889776555e-06,0.00102587877461675,1
0.6580191713399977,0.33764689757067146,9.590404587565493e-06,1.9587895664752223e-07,1.3888047209384695e-05,6.75691176449552e-06,0.004303499846812895,1
0.6251480795761145,0.370626142964638,1.1319462688023423e-05,1.7995391056283117e-07,1.2758942809294384e-05,6.190986112391388e-06,0.004195328113727148,1
0.6150170657811546,0.38007937561012095,1.3101212907684066e-05,2.0827971793647607e-07,2.7386118110703965e-05,7.1654838575308724e-06,0.004855697514130821,1
0.4531508743656727,0.5463480785050118,1.0350079037131035e-05,2.0347767350772033e-07,1.2456434359545228e-05,7.000278276409948e-06,0.0004710368599690519,1
0.5651035377260937,0.4348332956503492,1.1449484881483938e-05,2.0987858873980004e-07,1.32532053233297e-05,7.212431921309179e-06,3.1041622842255795e-05,1
0.5240843802138034,0.47587662355795524,1.1373994250881483e-05,2.084947826404057e-07,1.3165822105855878e-05,7.164877726552573e-06,7.083039375481204e-06,1
0.48058554227632655,0.5193780854241858,1.0608675349357915e-05,1.9446585010323794e-07,1.2279936963885856e-05,6.68277652003834e-06,6.606444804152723e-06,1
0.7339186360524309,0.2660460375500812,1.0803816556783808e-05,1.8638822966987749e-07,1.3940529001575543e-05,5.144310731274835e-06,5.251352968374084e-06,1
0.5310376384662518,0.46891854473579503,1.3809399233048768e-05,2.2136143323319063e-07,1.4976847312965293e-05,7.977245475008215e-06,6.8319444989043144e-06,1
0.528964849644961,0.47098998792797125,1.3870402122250885e-05,2.0669986245024269e-07,1.5043007392908766e-05,9.180193141565983e-06,6.862124548468256e-06,1
0.5236727467806513,0.47628309051690404,1.404576439896073e-05,2.0608547772903148e-07,1.4733402272385454e-05,9.152906377380046e-06,6.024543918101394e-06,1
0.43194457471448305,0.5680130942423179,1.4554471816057535e-05,1.8918865300767827e-07,1.3525419456279365e-05,8.402465072860313e-06,5.6594982008385304e-06,1
0.4413515926940464,0.5586049000641157,1.4958878337749526e-05,1.9444539650708975e-07,1.3901233014192507e-05,8.635933639545429e-06,5.816751449932605e-06,1
0.444719886007379,0.5552368149237379,1.5052204970504544e-05,1.956585178187944e-07,1.3508351750943207e-05,8.689812185053796e-06,5.853041458724585e-06,1
0.6120222863655393,0.38793075681530026,1.4813265968308638e-05,2.003404355726693e-07,1.7392945758470388e-05,9.079328784469235e-06,5.470938213586168e-06,1
0.6487198241441401,0.3512355877594608,1.3879943849463998e-05,1.8771782012655702e-07,1.688691938205592e-05,8.507278137641113e-06,5.126237210006241e-06,0
0.5105179790625004,0.4894368140651124,1.4535302067379814e-05,1.7510819398332033e-07,1.343051566520817e-05,7.935816159551539e-06,9.13013030101452e-06,0
0.17020590718781325,0.8297285783652122,1.3017042238020518e-05,1.6148182523215497e-07,3.19716243077686e-05,7.260312953007755e-06,1.310398565042932e-05,1
0.2248664061738156,0.7733355995155531,1.383007417334734e-05,1.680069612677889e-07,0.0017714829011449872,7.513654172193039e-06,4.99967417944182e-06,1
0.20558258016346434,0.7923779417221346,1.3660347041852622e-05,1.6594512564422591e-07,0.002013292061483966,7.42144418447314e-06,4.938316565140647e-06,1
0.16882343277404632,0.8252951775964369,1.1266831151241804e-05,1.5233365494093336e-07,0.00585821519732368,6.766602021517423e-06,4.9886653654341804e-06,0
0.6756143342490908,0.32052568854096325,1.4041739202185858e-05,1.3945238931397267e-07,0.0038165570934450923,2.5619426858241353e-05,3.619498051409857e-06,0
0.25719565260731614,0.7263511902873854,3.371929683805821e-05,1.786897463417434e-07,0.01634271413729239,7.279325126786562e-05,3.7517301537506533e-06,0
0.2540361728279912,0.7374254984474581,2.867077694249257e-05,1.7829202142236312e-07,0.008459870906354174,3.981774055204441e-05,9.791008680532465e-06,0
0.1339261712876558,0.8560989337290752,1.1109608944156782e-05,1.5214675936102327e-07,0.00995076127239408,8.385241167264287e-06,4.486714004287961e-06,1
0.10626006924251175,0.8895376750732797,1.1069845202122007e-05,1.5160219253413775e-07,0.004175902696937901,8.173604104440977e-06,6.957935771303973e-06,1
0.1836580592218228,0.8102267891246149,1.080398413894716e-05,1.4410719083040075e-07,0.006092659122464314,7.888407733837282e-06,3.6560320345751754e-06,1
0.17530173538702662,0.8212070761390599,1.2030162979275925e-05,8.123358707405156e-08,0.003459734710907078,8.169331970041748e-06,1.1173034470123953e-05,1
0.42467865809696936,0.5621588904126041,2.581745708402387e-05,2.116248266251012e-07,0.013078363701321625,5.3621247088737614e-05,4.43746010552232e-06,0
0.14291614203788075,0.8523124142526318,2.4829786110820135e-05,1.5468703770799761e-07,0.004707329397022873,3.4080161981500864e-05,5.04967733452244e-06,1
0.11399070303502173,0.8799529404225704,2.3526753411948238e-05,1.5970354461605124e-07,0.00598946858771518,3.798805916059084e-05,5.213438575331074e-06,1
0.047071475379388675,0.9361548899910702,3.353131231243625e-05,1.3482161316813142e-07,0.016705618989713865,3.038517169691695e-05,3.96433420463264e-06,1
0.04792513212560493,0.895483703117362,2.8125451390146716e-05,1.2757496749577205e-07,0.05651095784767123,4.507413730627504e-05,6.879745697925417e-06,1
0.04332761297475614,0.8362625903159615,3.747481503521358e-05,4.067033429935287e-07,0.12030830856527137,5.725452117761271e-05,6.352104455324336e-06,1
0.032914838857617736,0.74737245335239,4.654898396540433e-05,4.4663311340614535e-07,0.21955888372058818,0.000100422052697774,6.406399627733089e-06,4
0.008262411463303141,0.1460148515988091,9.371017779551405e-06,8.211495259717176e-08,0.8456979817611234,1.4177560195836288e-05,1.1244838363034765e-06,4
0.9642481812614243,0.03568825069533318,5.190540617216505e-06,9.642615177361439e-08,2.9753507412688752e-06,3.2510217673981904e-06,5.2054703964931595e-05,0
0.8944841818617102,0.10549590215404746,6.678085859159627e-06,1.2477360843159472e-07,4.889037971198278e-06,4.206760402097998e-06,4.0173264013221605e-06,0
0.8875782566870077,0.11240379590904898,5.527349884260961e-06,1.1628555223211947e-07,4.699097078076939e-06,3.920584349649289e-06,3.6840870793808877e-06,0
0.9539583204308666,0.04602119769731671,3.9250687102183085e-06,9.709843282227877e-08,2.7854934597553835e-06,2.921727559520888e-06,1.0752483654321469e-05,0
0.7402496458150749,0.259387272592211,1.1287585170065482e-05,2.113208349783695e-07,1.3966043244756554e-05,7.289584651595718e-06,0.00033032705881265364,0
0.7662974898535135,0.23335596001765374,6.923926224413341e-06,1.2862775002088788e-07,5.441479440967174e-06,4.425203162058694e-06,0.0003296308922552225,0
0.7121490379555825,0.2877933781153831,7.091465700517629e-06,1.3174017859862e-07,6.2860193779442265e-06,4.441639331107623e-06,3.96330644463363e-05,0
0.7674576770969892,0.23250515560396734,6.145138160209342e-06,1.1481599349435422e-07,4.376614729015063e-06,3.871037962522261e-06,2.2659692198250024e-05,0
0.7272199037603078,0.27276432575770315,4.7802105579380615e-06,1.0817623623520106e-07,3.4485987957175024e-06,3.3906336841178765e-06,4.042862715096317e-06,0
0.020313471328203485,0.979601447922866,3.2810625686711876e-06,4.1920431031138674e-08,1.8254490329100705e-06,1.4755696158943964e-06,7.845674728186559e-05,1
0.019133472098011122,0.9807460824199997,3.562023581506949e-06,5.0643392593329716e-08,2.197082625454156e-06,1.7826117126758665e-06,0.00011285312067694569,1
0.06225405958519278,0.9375616743766763,5.205703000639547e-06,6.411319793053907e-08,3.748489634114979e-06,2.6659054121764995e-06,0.000172581826886268,1
0.0791898925242165,0.9204346025910746,4.106510736060577e-06,1.1403012085821739e-08,4.122227125878948e-06,2.7301316729601864e-06,0.0003645346121618935,1
0.10411583591592226,0.8955176664081039,6.103865382346895e-06,9.234383529491496e-08,4.78377227015197e-06,3.1769212465997872e-06,0.00035234077323917124,1
0.16692024910035907,0.8327782372899684,1.0190849865921253e-05,1.5683992264595236e-07,7.382340227652663e-06,5.316054541546768e-06,0.00027846752511476733,1
0.11570536040736651,0.8838023292723591,5.9674049398139e-06,1.1573813465518697e-07,6.2594042367512745e-06,3.922918514521064e-06,0.00047604485444859305,1
0.3709028112542664,0.6276299423895649,1.1687228990237805e-05,2.1836462789381112e-07,1.1014632152834348e-05,7.362195270213426e-06,0.0014369639351275185,1
0.7561916013572719,0.2426707210131452,8.379589726422942e-06,1.8963024051195728e-07,1.0488282161492979e-05,5.706043689051563e-06,0.0011129140837654353,0
0.6641021081987749,0.3330835370491307,9.705691658167143e-06,1.9823363427328994e-07,1.40549966080809e-05,6.838137176471623e-06,0.0027835576930172554,1
0.6578021965221119,0.3369572907139214,9.733414830530581e-06,1.9135434598100364e-07,1.2174735006457577e-05,6.4859132983210405e-06,0.005211927346485356,1
0.5456669077416463,0.4527997910365818,1.139651961389596e-05,1.9340343090010192e-07,1.2810195321847525e-05,6.653692331811368e-06,0.0015022474110733385,1
0.5131395118113801,0.4852893412870967,1.0164354543549363e-05,1.9982641753838688e-07,1.30645760647123e-05,6.874663473551652e-06,0.001540843481023821,1
0.4394904150810764,0.5600562633870616,1.116370277869161e-05,2.0858304438308914e-07,1.354694073698257e-05,7.1759192507525425e-06,0.00042122638605112853,1
0.43683549415731227,0.5627535852847493,1.1096263883378353e-05,2.073230135158109e-07,1.2844338858081524e-05,7.132570186672157e-06,0.0003796400619968307,1
0.44933767145622056,0.5505724573005462,1.1075900928079652e-05,2.0303048389246964e-07,1.2820767978661448e-05,6.977098292005086e-06,5.879444555074534e-05,1
0.5644244429817055,0.4354763279137032,1.1481935125564576e-05,2.1047342872626272e-07,1.3290767689850518e-05,7.232873467691756e-06,6.70130548795381e-05,1
0.5783174477678542,0.4215815780550499,1.168385984684682e-05,2.1417487695498875e-07,1.3524503077836186e-05,7.36007292867648e-06,6.819156636569814e-05,1
0.7909845931629503,0.2089680836335083,8.542150367312339e-06,1.896546533548556e-07,1.1363160953841548e-05,6.059001464300014e-06,2.1169236102419838e-05,1
0.8062985840937841,0.19367180462745,7.939766782748947e-06,1.7628040389722512e-07,1.0561842628477123e-05,5.966816630604928e-06,4.9665723201054755e-06,0
0.7525927595184285,0.24737212650448084,1.1047180331958226e-05,1.9058675923414115e-07,1.3246376462768768e-05,5.260190047963826e-06,5.369643488806371e-06,1
0.640575714866151,0.3593835716400432,1.2639755937473587e-05,2.508098794181962e-07,1.383055064564806e-05,7.298468700914965e-06,6.693908642561145e-06,1
0.5541368213087828,0.4458203778283005,1.3489214893453442e-05,2.1622895331023917e-07,1.4629594555246075e-05,7.79228528730558e-06,6.673539227203682e-06,1
0.4256103255305084,0.5743487262847018,1.4079010494440009e-05,1.8300829221335327e-07,1.3083574922764996e-05,8.127975747594682e-06,5.474615332654064e-06,1
0.5422678487847298,0.4576889287288597,1.4080710484261846e-05,2.538577008196537e-07,1.6201258444318768e-05,9.067166047023377e-06,3.619493734067984e-06,1
0.6212409928672414,0.3787100698996167,1.5832493916413272e-05,2.1412487524370288e-07,1.7339215069123112e-05,9.704032726662665e-06,5.84736655434305e-06,1
0.6207522358760112,0.37919832696228867,1.6177923568121867e-05,3.24040407897692e-07,1.903336790901652e-05,9.935649056892387e-06,3.966180758002804e-06,1
0.631359007522392,0.36859611457264396,1.3970159107113593e-05,1.8893792675608e-07,1.6996679032345788e-05,8.56257276256236e-06,5.159556135189899e-06,0
0.5599354862736565,0.44001804478778084,1.550215560045442e-05,1.9179913757383584e-07,1.4710684081432468e-05,8.692241412137907e-06,7.37205833098007e-06,1
0.46762493403893346,0.5323268615442616,1.537207066071649e-05,1.9069693272099563e-07,1.4184145507821297e-05,8.514577538408394e-06,9.94292616547878e-06,1
0.2943195316017297,0.7056387582061171,1.467146361889892e-05,1.8200561085121224e-07,6.791150875341186e-07,8.183073804642747e-06,1.7994534031205278e-05,1
0.24019871103263307,0.7597572848337977,1.5093245332837476e-05,1.6692130784427005e-07,7.545846554845652e-07,7.504875125931077e-06,2.0484507147122958e-05,1
0.18506602837357308,0.8098397506143443,9.973492295645539e-06,1.3642315547853553e-07,0.005073991452682095,6.059863790445912e-06,4.059780158971193e-06,0
0.5994900722070322,0.39663655332553666,1.6746581487074805e-05,1.677387280314422e-07,0.0038274769822719663,2.462949268179149e-05,4.353672262214445e-06,0
0.686679204616182,0.30993748567208657,1.1887859326143283e-05,1.2435035061307395e-07,0.003347430125570382,2.0639853069731293e-05,3.22752341462433e-06,0
0.6295870811532597,0.36704502828317725,1.0899474753266368e-05,1.140115701139215e-07,0.003333790753581954,2.012714412783078e-05,2.9591795299857957e-06,0
0.26679566517261544,0.7219529624787543,2.419850749051985e-05,1.5862718136184255e-07,0.011185266842924976,3.763118970243906e-05,4.117181330949767e-06,0
0.23134569068430516,0.7621822867091717,2.7089651764986305e-05,1.8072120765865415e-07,0.0063952636975332395,3.716990182415155e-05,1.2318634193219351e-05,0
0.1810843831330916,0.8152362203805049,1.1541324724561005e-05,1.1371484942482653e-07,0.0036515392687417976,8.10993415887553e-06,8.092243928789316e-06,1
0.19820807014167788,0.7910066668525475,2.392497126947304e-05,1.641601712929927e-07,0.01070684878482446,4.0405276488441304e-05,1.3919813020933593e-05,0
0.6190537490071752,0.3773751148860035,2.1816514034467043e-05,1.7850239488960275e-07,0.00349825494297068,3.6484957117059814e-05,1.4401190304232569e-05,0
0.5769087597926282,0.4208219406711888,2.107910350747152e-05,1.4679045104130006e-07,0.0022108585462446927,2.5372357278140043e-05,1.184273870161407e-05,0
0.05115558816682927,0.943313546616346,2.0439341854801586e-05,1.7178924533905873e-07,0.005476662819480248,2.4856880053357165e-05,8.734386190620456e-06,1
0.047448817781381394,0.9044538290794055,2.5796519126748443e-05,1.1685562855786482e-07,0.04803434815085707,3.105308087315636e-05,6.038532727607603e-06,1
0.040401340106101476,0.8596052303196999,2.9129860762300167e-05,2.0299075254872318e-07,0.09990811445267973,4.757211207346221e-05,8.410157930724726e-06,1
0.0047015288836633915,0.10240757850369928,6.398341763994297e-06,5.606643195122056e-08,0.8928748500615037,8.820368074613386e-06,7.677748630951247e-07,4
0.0026555736456159587,0.04679293148509381,3.4375230588854126e-06,3.012181277128817e-08,0.9505425852103492,4.79202313037664e-06,6.499909389708633e-07,4
0.05335869780017748,0.7568898964904512,4.5760168961835716e-05,4.4878527279255193e-07,0.18963881369087535,6.146394620228517e-05,4.919118059001607e-06,4
0.9523206591479709,0.04766685663836683,4.078871917462622e-06,9.230493233898283e-08,2.6479807949527125e-06,2.7774893667762513e-06,2.8875666507210423e-06,0
0.9572216565820061,0.042749590368937954,3.9586174678568725e-06,9.792836269875671e-08,2.8093019206727306e-06,3.0148895985792823e-06,1.887231170600399e-05,0
0.9574373724045814,0.04254187821131864,3.939383295825239e-06,9.745254734397233e-08,2.7956520550644054e-06,3.1251986229616188e-06,1.0791697578744294e-05,0
0.8324401564729287,0.16639725470457678,6.937853942145289e-06,1.2314803922962975e-07,6.110279364296432e-06,4.27066723752829e-06,0.0011451468739114474,0
0.7829352012586381,0.21676941700932642,7.67289798182435e-06,1.3021210377437293e-07,6.365410755019038e-06,4.413510501383676e-06,0.00027679970069345496,0
0.687418947438521,0.3125107445962914,9.208567584402227e-06,1.7107018343444305e-07,7.703233183274756e-06,5.767656179040412e-06,4.7457438057489896e-05,0
0.0942065512379819,0.9057362749483128,3.723213358836329e-06,6.97042408927709e-08,2.3514251142150925e-06,2.4535401337824137e-06,4.8575930857667214e-05,1
0.021993169481456284,0.9778924324096852,4.504136283711568e-06,5.2975943330657697e-08,2.2753025826143508e-06,1.8647158540425575e-06,0.00010570097819468047,1
0.017812714047901235,0.9820812130156018,3.695636022398126e-06,4.816212242853688e-08,2.0894366860934046e-06,1.6952727523184672e-06,9.854442891378815e-05,1
0.020236278185299772,0.9795861897576877,3.7673298253830922e-06,4.533969554809146e-08,2.2728866874512623e-06,1.8853570501630115e-06,0.00016956114375395127,1
0.02263026806908454,0.9772575498573582,3.7413768600747763e-06,3.644688072539146e-08,1.9951209303062177e-06,1.689826715169184e-06,0.00010471930217108215,1
0.06331539016386224,0.9364882328508762,5.131898807710606e-06,7.466673869200518e-08,3.754542390153027e-06,2.6281093647749457e-06,0.00018478776796004772,1
0.07144701789947959,0.9281876981948969,3.967721910172115e-06,1.1017621480341098e-08,3.931434293040141e-06,2.637968523396743e-06,0.00035473576327557145,1
0.07328079052748372,0.9263656985054679,3.959933412110642e-06,7.652753515354475e-08,4.1637088656591305e-06,2.5938839036840126e-06,0.00034271691333162134,1
0.13310748109241816,0.8666625673117887,8.109138890362073e-06,1.2268111093027825e-07,6.6466892833789325e-06,4.220619888984927e-06,0.00021085246661926236,1
0.12788852126166253,0.8718817874103573,7.849661302029578e-06,1.1608769805351847e-07,5.527755977554089e-06,3.9937855433149e-06,0.0002122040374589886,1
0.1358651808336005,0.8638908015367947,8.339260175670443e-06,1.2332831698262666e-07,5.872533031778363e-06,4.242885832911418e-06,0.00022543962224722683,1
0.1455495070130754,0.8540799719168781,9.297298024436288e-06,1.3521102728758862e-07,6.364283972650683e-06,4.582947909901559e-06,0.0003501413291122371,1
0.17384217189424073,0.8244728653614368,8.214077240901204e-06,1.5347212942423211e-07,7.11794827031594e-06,5.174335222031113e-06,0.0016643029114597819,1
0.7051067785298946,0.293870269843963,7.813503226953636e-06,1.7681969458433936e-07,9.779742110239131e-06,5.3205696499624215e-06,0.0009998609914606516,0
0.8378504796638971,0.16064052247779426,6.494554854052029e-06,1.6066243542821965e-07,9.222924862078602e-06,4.834391778799863e-06,0.0014882853243783814,0
0.8391821459115489,0.15956295256345612,6.450989651388342e-06,1.430360245473165e-07,9.709407477565417e-06,5.001961067652197e-06,0.0012335961307738223,1
0.6825350801469938,0.31550057253508024,9.624421153040806e-06,1.9657372706030288e-07,1.3937307244548883e-05,6.78087810807876e-06,0.0019338081376931461,1
0.6813110730332305,0.31561825548730665,1.3360296128408676e-05,2.0561855378851732e-07,2.410086631778015e-05,7.073931358164339e-06,0.0030259307671046884,1
0.7119197807568209,0.2830400932353169,1.1251256071158367e-05,1.9093825131001916e-07,1.3227997503139584e-05,6.4718098613383944e-06,0.005008984006175138,1
0.4464231698488276,0.5516151770439013,1.0715556445697924e-05,2.1187334388860202e-07,1.3582802677187715e-05,7.2891160047465395e-06,0.0019298537587995595,1
0.4442422299126394,0.5549162228112108,1.1284405862578345e-05,2.1083826536152457e-07,1.3062120208603904e-05,7.2535060156869585e-06,0.0008097364057975802,1
0.4474750151094128,0.5516396606804471,1.1366523360129405e-05,2.123725517874418e-07,1.3157174271467662e-05,7.306290342104626e-06,0.0008532818496146987,1
0.6121681328553806,0.38773084277464476,1.067718040774077e-05,2.2038236266155776e-07,1.3983609620948734e-05,7.573391820946307e-06,6.856980576221205e-05,1
0.8087627491138292,0.19118911334186842,8.56251484996076e-06,1.9010678996348018e-07,1.1390250724464322e-05,6.434818226343236e-06,2.155985371161546e-05,1
0.8065207046336904,0.19344745008162675,8.538777926893401e-06,1.8957977770983525e-07,1.1358674778623389e-05,6.416979683827674e-06,5.341272515885347e-06,0
0.6084685498284677,0.3914945296136378,9.739320099563187e-06,2.05148016176055e-07,1.3187392624686351e-05,6.9780915680187474e-06,6.810605586204235e-06,1
0.6071432198740662,0.3928150013210381,1.375333160183168e-05,2.2046268224520396e-07,1.4916039718241812e-05,6.084764816578572e-06,6.8042060768197776e-06,1
0.766670324898723,0.23329334467881555,1.1110875934671901e-05,1.9168564040869263e-07,1.4336738076410944e-05,5.290519142395666e-06,5.400603667612146e-06,1
0.7832394401892872,0.21672448012290074,1.1351001811938708e-05,1.9582830952256086e-07,1.3610680618251276e-05,5.404856711974703e-06,5.517320360434618e-06,1
0.5648079103010398,0.43515230299512886,1.2815001553470489e-05,2.3743729877773054e-07,1.3898383147792273e-05,6.495897166611191e-06,6.339984664731414e-06,1
0.5648073980677364,0.4351519083485639,1.281498993134116e-05,2.3743708344205677e-07,1.3898370543126894e-05,7.402807226936668e-06,6.3399789148981885e-06,1
0.6378695888088657,0.36208782182010585,1.4354530813984424e-05,2.039686438441063e-07,1.5720599566566315e-05,8.79816139707375e-06,3.5121106068727492e-06,1
0.6505928326224528,0.34936209138847996,1.4783720394849857e-05,2.5567395106623734e-07,1.7358254924074318e-05,9.061219747871103e-06,3.6171200494557324e-06,0
0.5461722723227986,0.45378043246912314,1.5777801203615458e-05,1.952095399930166e-07,1.4972256438919258e-05,8.846799151630592e-06,7.503141743994049e-06,1
0.26618456795733536,0.7300152745396828,1.6001757387542363e-05,1.985084585740274e-07,0.003765945606384209,8.817668935969214e-06,9.193961815514664e-06,1
0.1831393342316558,0.8046070187524778,1.6530678696791112e-05,1.8783024278285851e-07,0.012217138209756525,9.932801604482037e-06,9.857495565935041e-06,1
0.23215990294882688,0.7649231188786799,1.1904881051235014e-05,1.7070235120589623e-07,0.002893071530477836,8.084256675403082e-06,3.74680193750892e-06,1
0.37502819343455823,0.6205869542074937,1.005502330102723e-05,1.4300358227879562e-07,0.004362833830881014,7.827996354061953e-06,3.992503829763991e-06,1
0.29105520451386035,0.7039726407597223,1.1293621846992316e-05,1.643110113018522e-07,0.004948070392823128,8.361695138810571e-06,4.264705597071097e-06,1
0.2540916725301919,0.7394513899591635,1.3123466320860845e-05,1.8697064224236406e-07,0.006429466273498448,1.0080966714442476e-05,4.079833468658922e-06,1
0.2583914317159515,0.736517974016474,1.1182589508495808e-05,1.7003533781075511e-07,0.00506747432039743,8.235884283516539e-06,3.5314380473134e-06,1
0.19705179618855423,0.7989000671927716,1.1677022871158357e-05,1.5793904968420745e-07,0.00402394899264684,8.645561778177284e-06,3.70710232839959e-06,1
0.23558597860540428,0.7526598793898946,2.6047836999812812e-05,1.9224899329636025e-07,0.01165686883330138,5.587816561356064e-05,1.5154919792935502e-05,0
0.4105456243947953,0.581591035456713,2.5822888998676812e-05,2.1114555685835082e-07,0.007770846272392439,5.81106370018375e-05,8.349204541902486e-06,0
0.22500668891358036,0.7712028940944166,2.97744640627747e-05,1.6843857756235477e-07,0.003724214606969453,2.8296401141266513e-05,7.963081252187754e-06,1
0.108215468437961,0.8889558676185678,1.970619473685268e-05,1.8648264327735995e-07,0.002776554655423982,2.3366984209821657e-05,8.84962645722407e-06,1
0.050275729822915276,0.9437259952382689,1.9711457875600016e-05,1.514341683518522e-07,0.005937813822822805,2.5732838035618832e-05,1.4865385913271965e-05,1
0.049035555663577965,0.9446350958740821,2.7406122403620732e-05,1.5158004639211722e-07,0.006270454284195618,2.5032393512125856e-05,6.3040821821001475e-06,1
0.05594012736566628,0.939511282095314,2.5393674372016907e-05,1.4935813509630248e-07,0.004493709084372317,2.5347259181993057e-05,3.991162958630165e-06,1
0.045877829930542256,0.9438761210171286,2.0228602781177627e-05,2.6191516705775987e-08,0.010202569715922356,1.980055677504176e-05,3.4239853338562434e-06,1
0.036235033400548226,0.739202306813798,2.365082957778057e-05,1.0533679928367573e-07,0.22449362311295032,3.9531988831639066e-05,5.7485174950097245e-06,1
0.03761552289765212,0.7980038182158268,2.9927823263285607e-05,2.9244135313894e-07,0.1642947475295616,4.849372115836903e-05,7.197371184451914e-06,1
0.0020428503654292716,0.06556378628714757,3.938895672826633e-06,3.451516570218766e-08,0.9323823603264706,6.534532749539899e-06,4.950773645494752e-07,4
0.003111199437947711,0.04255159856594393,3.125944381353062e-06,3.166064559316087e-08,0.9543294930934706,3.960222150662261e-06,5.910754600916548e-07,4
0.002611630867025242,0.046307031905532856,3.400471916739532e-06,3.445488712627757e-08,0.9510734058009527,3.853258276862125e-06,6.432414083485943e-07,4
0.6869111437607238,0.31279108182977605,7.816617966770001e-06,1.4633902739669683e-07,9.718706094410476e-06,5.048014920770106e-06,0.0002750447314907427,0
0.7716897184828316,0.22789013700151775,9.261233750697614e-06,1.891558158774164e-07,1.1810037815851e-05,6.52499471867608e-06,0.0003923590935495039,0
0.8963345076157475,0.10128128301905381,5.883206955822759e-06,1.044278831802077e-07,5.2108897888646506e-06,3.5395600385332467e-06,0.0023694712805320955,0
0.8228554435027063,0.17594289747167563,9.512176713662446e-06,1.4574749296114573e-07,8.274876482720296e-06,4.9400790870330745e-06,0.0011787861458416467,0
0.7740679789331926,0.22555562378468527,8.658185920270794e-06,1.388442769265882e-07,7.08164350974013e-06,4.706096104048384e-06,0.00035581251231099246,0
0.7612662904685525,0.23869620690559804,6.157337245502336e-06,1.1504392166474214e-07,4.646846765037142e-06,3.878722594022169e-06,2.2704675323223413e-05,0
0.45012528800230733,0.5498329984442683,1.1204987477485193e-05,2.7718921735679783e-07,1.0896074759839082e-05,8.340725509295368e-06,1.0994576460474e-05,1
0.4183690677895623,0.5815830743541895,1.2640473990703543e-05,3.127003131009706e-07,1.2874569159655638e-05,9.627005858769166e-06,1.2403106925971725e-05,1
0.18265770073882515,0.8173158317217856,6.6558299745149685e-06,1.246073032005661e-07,4.203542545010539e-06,4.298371644142692e-06,1.1185187922158834e-05,1
0.1411423655127307,0.8588307514090644,5.601730730972724e-06,1.0487295533613952e-07,3.5378177542843228e-06,3.6176285488558524e-06,1.4021028215240066e-05,1
0.03510001995868179,0.9648094300937687,3.7455216577116606e-06,4.7854583398367685e-08,2.6120990009502097e-06,1.6844475952898552e-06,8.246002471218733e-05,1
0.020960498504016944,0.9789004018846924,3.2877687542072936e-06,3.54878282789528e-08,1.9318339754199106e-06,1.6453611144652184e-06,0.00013219915961825736,1
0.04210615338858183,0.9576428088160374,3.7775553690597466e-06,4.8471621771852686e-08,2.4373470952384197e-06,1.6675097370359582e-06,0.00024310691155782937,1
0.11352071596160958,0.8861420307161887,8.713605491922783e-06,1.1597567655321574e-07,6.211112068112346e-06,3.98993164788971e-06,0.000318222697317075,1
0.09679461483345171,0.9029146938421235,7.42974601822055e-06,9.888786242163816e-08,5.295969068091964e-06,3.4020565656042016e-06,0.00027446466491059027,1
0.37299972605655846,0.625610942870018,1.1672683477294434e-05,2.1809285898057627e-07,1.1000923730189483e-05,7.35303254167581e-06,0.0013590863408154351,1
0.8171998897337089,0.17919797088418393,6.334482869461244e-06,1.5670257128570054e-07,8.995606451566829e-06,4.911624170709357e-06,0.0035817409660442463,1
0.7160409545824047,0.27890072853416426,1.0757921673508317e-05,2.114956674292729e-07,1.347555292534598e-05,7.168598940799508e-06,0.005026703314223802,1
0.6472916641806185,0.351140920879273,1.1729948549319637e-05,1.9906185138785139e-07,1.3790791813911774e-05,6.747157491960197e-06,0.00153494798040195,1
0.46862236145988084,0.5296109872679642,1.0379319841674689e-05,2.0522510550796695e-07,1.3328851107146013e-05,7.060395487600521e-06,0.0017356774806129554,1
0.4355237307178141,0.5633326816176549,1.1062943163171505e-05,2.0670044792090388e-07,1.2805768883013324e-05,7.11115195274733e-06,0.001112401100084092,1
0.4309898213978192,0.5682315903230322,1.1151614030373943e-05,2.083571777529158e-07,1.290840871540719e-05,7.168148721252615e-06,0.0007471517505039201,1
0.45666848385516917,0.5425297985432053,1.1485064938263316e-05,2.105308007983717e-07,1.329439056465662e-05,7.234845046435233e-06,0.0007694927702754146,1
0.810804553706614,0.18915012092871458,8.119670853240824e-06,1.8027467263040355e-07,1.0801159290130979e-05,6.102016395169397e-06,2.0122243460375132e-05,0
0.6477007937015986,0.3522618965194492,9.97054478171189e-06,2.057970486687201e-07,1.3229113946035167e-05,7.072170687071246e-06,6.832152488789828e-06,0
0.5903752327163642,0.4095881729078383,1.0540419242980749e-05,1.971780195896081e-07,1.2451202357322901e-05,6.706992841286264e-06,6.698583336453894e-06,0
0.6156592060519414,0.3843036920053644,9.78716782250453e-06,2.06155875589198e-07,1.3252180176812602e-05,7.01237381653226e-06,6.844065002859621e-06,1
0.6159704456596264,0.3839875192503933,1.3837699112155692e-05,2.2181507366270635e-07,1.5007539666861863e-05,6.122090787720975e-06,6.8459453399344935e-06,1
0.766670324898723,0.23329334467881555,1.1110875934671901e-05,1.9168564040869263e-07,1.4336738076410944e-05,5.290519142395666e-06,5.400603667612146e-06,1
0.6363647250399288,0.36359683578880914,1.1950424528774228e-05,2.1298340166033574e-07,1.3660021196328516e-05,6.384490342617619e-06,6.231251792650843e-06,1
0.5945076281465956,0.40544944090860396,1.3428772549170461e-05,2.0011859889312892e-07,1.4564042408748822e-05,8.887898459539295e-06,5.85011278400591e-06,1
0.5449358490114709,0.4550222286131786,1.3253740483929819e-05,1.9446456324793424e-07,1.415255834193718e-05,8.636784894987793e-06,5.684827066475763e-06,1
0.6362129653441168,0.36374301669782827,1.4439604803896858e-05,2.40910046751942e-07,1.6954212775577553e-05,8.850304842487756e-06,3.5329255862135835e-06,1
0.6375148154758054,0.3624419216915715,1.3436715512814813e-05,1.9988524243085752e-07,1.71211047714465e-05,8.937424489903004e-06,3.5677026065414752e-06,1
0.2669910880806139,0.7329459764738928,1.4640406473846734e-05,1.8162033404425234e-07,2.5277597772126214e-05,8.09762825464356e-06,1.473819265865071e-05,1
0.31233558551016377,0.6803118574302622,1.037342445860085e-05,1.5869455331620386e-07,0.007327952220222685,6.553310657658759e-06,7.519409681794467e-06,0
0.6033717172675819,0.39380709608228354,1.2285390610736636e-05,1.7503053816173956e-07,0.002795972237322678,6.308527020210069e-06,6.4454646428485625e-06,0
0.32381269730609025,0.6677949996467624,1.6929733535593175e-05,1.6440264261832023e-07,0.008345160544405721,2.578128266807336e-05,4.2670838953063285e-06,0
0.21555043179821576,0.772389443896201,2.328403542384934e-05,1.6149173825909203e-07,0.012006147723427322,2.6942186730138375e-05,3.5888682638117344e-06,0
0.0770799353952697,0.9179472783744624,1.3759335444760966e-05,1.5785840490475808e-07,0.004943219248266155,8.404717194011805e-06,7.24507095793138e-06,1
0.32333888875309386,0.6689786908542341,1.713160731222078e-05,3.121101694357749e-07,0.0076464509820268756,1.3159873988846297e-05,5.365819174629764e-06,1
0.21624632923328263,0.7795575620704045,1.225535466303527e-05,1.746026146013952e-07,0.004170983355743331,8.88542905413695e-06,3.8099542378569316e-06,1
0.21328035519189326,0.7830397809639795,1.1690095942121211e-05,1.4883495946727777e-07,0.0036550216299822856,9.10092653929609e-06,3.902356703942384e-06,1
0.2133548683661513,0.774558717370225,2.6805705696971662e-05,1.9784252853234397e-07,0.011996028510771306,4.778634843991899e-05,1.5595856186967047e-05,0
0.16620432456060716,0.8291478635125017,1.5393367515177423e-05,1.504828800846813e-07,0.004618610397251051,7.277636871531238e-06,6.380042373267339e-06,1
0.03913631528970999,0.9606582546363854,1.2771019170460812e-05,9.507686542261719e-08,0.00017413929159221405,1.59898213353198e-05,2.4348649412834083e-06,1
0.04379526564185491,0.9460571138483475,1.791780872488384e-05,2.588790552098572e-08,0.010107111975134623,1.9180543421800654e-05,3.384294610497446e-06,1
0.0513409232454274,0.9435587454540242,2.2438794604267934e-05,2.952119879629949e-08,0.005052999002440196,2.1872477667883166e-05,2.9915046372253276e-06,1
0.04220752217547568,0.8773247473542747,2.945646701773073e-05,2.071751129629921e-07,0.0803834430671308,5.0072097205583024e-05,4.5516637825257865e-06,1
0.014728199065785468,0.8197185830985644,2.935546177808333e-05,3.0039907850371287e-07,0.16544043571113376,7.416808402104079e-05,8.95817963860912e-06,1
0.002356420611452681,0.058851274922915656,3.625977646459019e-06,3.177317443651671e-08,0.938782991090831,5.220521480675884e-06,4.351024990197034e-07,4
0.9675442566690428,0.03244034451268217,3.4483911878036833e-06,7.803714402156905e-08,2.2354623381652832e-06,2.445965753112317e-06,7.190961851588338e-06,0
0.9610235201861052,0.03896061967515021,3.6324138172337953e-06,8.220157887074053e-08,2.3276673971117965e-06,2.4734757445813947e-06,7.3443802066474634e-06,0
0.9539369428452646,0.04602016639220389,3.924980751980984e-06,9.026646830497486e-08,2.785431038658356e-06,3.1137727710428905e-06,3.297631150135757e-05,0
0.895604792812548,0.10288549926499939,5.516650034511465e-06,9.792143803132407e-08,5.292409747145582e-06,3.3190255170955606e-06,0.001495481915716086,0
0.7647678406787242,0.23492334764552797,7.381359067025552e-06,1.3712561025564984e-07,6.181893017369188e-06,4.6478422767873775e-06,0.0002904634557762699,0
0.72700622099969,0.2729664782047471,5.927219577615306e-06,1.2469809514802996e-07,4.2329717236726975e-06,4.204214460731666e-06,1.2811691705754923e-05,0
0.03418419841209938,0.9657381513328189,3.2114195080626575e-06,4.1030637844348e-08,2.2521268278125918e-06,1.4442495230765814e-06,7.070142858493992e-05,1
0.020397325192476144,0.9794761975601849,3.5833869008681217e-06,3.490781064120351e-08,1.8205395524818e-06,1.6184691204171388e-06,0.00011941994395464507,1
0.02740455199521539,0.9725059514238301,2.847303076599942e-06,2.8347827979868437e-08,1.6574050704401943e-06,1.056259609508106e-06,8.390726536999996e-05,1
0.05885745596812197,0.9407389063280912,5.361179578410505e-06,7.135581583373241e-08,3.882326046528763e-06,2.418589619461778e-06,0.0003919042527263932,1
0.06222003146702925,0.9376465821957913,6.190608962840432e-06,6.302524376167171e-08,3.0010774077006104e-06,2.168268572981951e-06,0.00012196335699212756,1
0.10367197691964997,0.8961239914216307,7.5572311759464555e-06,9.735270879351575e-08,4.635650693291777e-06,3.3492424046761806e-06,0.0001883921817364706,1
0.10710811919148798,0.8925409466259113,8.797455605234987e-06,1.1144548924717782e-07,5.203503007193602e-06,3.834078815292219e-06,0.00033298769968364645,1
0.10168244697163686,0.8979838556473537,7.896980949545517e-06,1.000383457432901e-07,4.708731626676656e-06,3.4416368461583116e-06,0.00031754999324138116,1
0.09657006740690766,0.9028092645137954,5.049271621912363e-06,9.84936423899745e-08,5.439131910699426e-06,3.109708807869884e-06,0.000606971473314055,1
0.081006347364313,0.9184403991232984,4.34909932460418e-06,8.483572793689524e-08,4.562728285030648e-06,2.6784917684623064e-06,0.0005415783572825913,1
0.3593766414425703,0.6390863714836543,1.1340306661723174e-05,2.1188271800418458e-07,1.0687675109604921e-05,7.143656733126897e-06,0.0015076035525528335,1
0.8270663171530509,0.17142536947537165,8.419755463532548e-06,1.8219810812542313e-07,1.1176199825532399e-05,5.314541447548485e-06,0.0014832206767325825,1
0.6116550030902352,0.38505179198383027,1.2802090107583098e-05,1.9702761286811804e-07,2.5930376011754438e-05,6.778375703028984e-06,0.0032474970564992096,1
0.713114980287879,0.28179196396690387,1.0869444094007388e-05,2.136881456302307e-07,1.453704641708359e-05,7.242912505233959e-06,0.005060192654055364,1
0.4432578805093515,0.5551544496679698,1.0393506451892824e-05,2.0550561026388817e-07,1.41431014193231e-05,7.070045742173685e-06,0.0015558576634551275,1
0.3996444439991864,0.5989521730664455,1.1055096295679154e-05,2.065538367522915e-07,1.2796685841540492e-05,7.10610806286485e-06,0.0013722184903310643,1
0.4529708534798018,0.5458614062119485,1.0868016209768354e-05,1.9921978395693755e-07,1.2580133672063271e-05,6.8461444199470056e-06,0.0011372467941639826,1
0.5963529206203271,0.4035545920830012,1.0465252450909096e-05,2.1600806326255716e-07,1.3255139291571429e-05,7.42306997626386e-06,6.112782688981497e-05,1
0.8181978507008929,0.18173509128358775,8.950705056597084e-06,1.9872547213478522e-07,1.1064525401152277e-05,6.7265471705520526e-06,4.0117512418917975e-05,1
0.8083778454960344,0.1915765947704369,8.223832398747897e-06,1.825872895894358e-07,1.0939719764473246e-05,5.833216509141026e-06,2.0380377566521286e-05,0
0.6579691750050656,0.34197277998970793,1.005717401415168e-05,2.0758511950685983e-07,1.3344055307023346e-05,7.13361735139273e-06,2.7302573434514276e-05,0
0.6088926228370831,0.3910705259608119,1.0614393915149796e-05,1.9856185253038945e-07,1.2538587269750058e-05,6.754063795983316e-06,6.745595271642448e-06,0
0.6227390935406474,0.377222967634904,1.0007929906142657e-05,2.108059849440888e-07,1.355110004430011e-05,7.170546873647671e-06,6.9984416394911e-06,1
0.7845900807883945,0.21537278241964922,1.135748664841472e-05,1.9594018639348972e-07,1.4654948200487177e-05,5.4079445109667325e-06,5.5204724099995794e-06,1
0.7880956636563723,0.2118680329553511,1.142138003671342e-05,1.9704247977935135e-07,1.369506925246686e-05,5.438367782350041e-06,5.551528725380202e-06,1
0.7717896540958036,0.22817377289064145,1.1185067187065843e-05,1.9296559329552825e-07,1.4432469552433788e-05,5.325845811804656e-06,5.43666541037116e-06,1
0.5944458367565754,0.40551215587469625,1.3773750844569677e-05,2.0209437822649391e-07,1.444807176230789e-05,6.874222344105183e-06,6.709229399072706e-06,1
0.5638514347097755,0.43610688500901623,1.2847490956693105e-05,1.917947894908215e-07,1.5548310239387275e-05,8.10759081329218e-06,4.9850944094750655e-06,1
0.5431630458974849,0.45679221381841145,1.3747484756916825e-05,1.8745142426062662e-07,1.686927474604025e-05,8.629855292208988e-06,5.3062178842620705e-06,1
0.6838266911551846,0.3161262309684436,1.548917544239594e-05,2.459083158451885e-07,1.8223054000783054e-05,9.322411388538339e-06,3.797327224243539e-06,1
0.5844171260838755,0.4155121869556346,2.384497583606784e-05,3.5638932617174506e-07,2.1738399880543613e-05,1.3092663513848729e-05,1.1654531933264413e-05,1
0.5568443896128845,0.44309112458511307,2.2243221401587754e-05,3.0375273342524084e-07,1.9284192888438248e-05,1.2296399309626362e-05,1.0358235669330959e-05,1
0.36038440665482296,0.6395291599181325,2.476256362653115e-05,3.390586994140716e-07,2.347008092063111e-05,1.3451141957884038e-05,2.4410581840195275e-05,1
0.7250818861215035,0.27322045991592103,8.498606407777333e-06,1.3001324230729105e-07,0.0016795516372171441,4.685994002502317e-06,4.787711705596111e-06,0
0.3193592408891654,0.6717485072151755,1.0598747226138269e-05,1.6214158241339598e-07,0.008870325320405627,6.957288550326864e-06,4.208397894685587e-06,0
0.22666360289197426,0.7685891444437115,1.722836672115127e-05,1.530031767677712e-07,0.004687706067779578,2.5016711437301397e-05,1.7148515199621852e-05,0
0.08969244350304444,0.9044690962073504,1.3415459662433616e-05,1.524334899768933e-07,0.005812281343753515,8.115883186105886e-06,4.495169513134058e-06,1
0.1527267674753504,0.8438591413460049,1.3489136779331734e-05,1.5327064802759121e-07,0.003387834871251635,8.094043178462175e-06,4.519856787221539e-06,1
0.4022813751711057,0.5923906992730734,1.4664214573739504e-05,2.2433584886069888e-07,0.0052951187496160885,1.2095600668095074e-05,5.8226551141014955e-06,1
0.37697714483790057,0.6157494214982532,1.531252102096536e-05,2.216087428522084e-07,0.0072411153101600186,1.1948562263730458e-05,4.835661658924389e-06,1
0.14857217230027095,0.8487109606721018,1.4419024510807887e-05,1.5414175160938446e-07,0.002690640258769565,7.454586822923657e-06,4.199015772162261e-06,1
0.04043141993602288,0.959369750929456,1.6203427146301115e-05,8.068052831467838e-08,0.0001621391996197695,1.7345342989960223e-05,3.0604842369289433e-06,1
0.03349972393302034,0.6712055780272752,2.1081299181529953e-05,9.562321402580342e-08,0.29523188729733907,3.623246906209023e-05,5.401350907828489e-06,1
0.0409370533568926,0.8168789782948268,2.99469995007103e-05,1.5776911663196124e-07,0.14209891786292306,4.857110252960686e-05,6.374614210531854e-06,1
0.031873977878045426,0.8198973961980681,2.752832481001372e-05,1.9361397952998278e-07,0.1481448324935846,4.804982488451621e-05,8.02166662765792e-06,1
0.02216204568344082,0.8593107435494156,3.757362083263719e-05,3.292445032287417e-07,0.11842089562700066,5.9803709354776954e-05,8.608565452299167e-06,4
0.9655081480530581,0.03446784480729976,3.7144930530818592e-06,7.814628800140605e-08,2.407966171271228e-06,2.63471349484526e-06,1.5171820635025041e-05,0
0.9629613738904799,0.03701373441629312,3.982354232525378e-06,9.851556328548352e-08,2.8261471296668425e-06,3.03296755773651e-06,1.4951708743992002e-05,0
0.9523323914482176,0.04763138988974269,3.918378813146128e-06,9.693293800692433e-08,2.7807458576325254e-06,3.0382281372055917e-06,2.638437629357237e-05,0
0.8655587703861274,0.1343861295498043,6.386780359672108e-06,1.468827857604664e-07,1.251094126231774e-05,5.066772051949894e-06,3.0988687608460075e-05,0
0.8643369123553751,0.1322912070282667,8.315136058575115e-06,1.544726514503978e-07,8.20135006295548e-06,5.235816407161757e-06,0.003349973841178383,0
0.9282115817989403,0.0699426772958994,5.1631042636804475e-06,9.164594292594465e-08,4.653422850570205e-06,3.106318996379447e-06,0.0018327264131070128,0
0.7183010845956641,0.2811457051290815,9.991434190020348e-06,1.602244937158359e-07,8.218580874754972e-06,5.430773830511595e-06,0.000529409261865273,0
0.655965023873184,0.3440143675789999,6.452935953621313e-06,1.4603003689248922e-07,4.903976334903795e-06,4.3940975245971564e-06,4.711507965998657e-06,0
0.2870116064443241,0.7129458413083861,1.1239128061357058e-05,2.7803378784316045e-07,1.1447271014250486e-05,8.559738485575507e-06,1.1028075940998964e-05,1
0.12458687805149266,0.8753837945335422,4.803794079060355e-06,8.993436244834046e-08,3.033874492905965e-06,3.1023166656594636e-06,1.829749536499754e-05,1
0.09250132554300418,0.9074768463269604,3.8026616463654524e-06,7.119163418418823e-08,2.4016013143337317e-06,2.455779828449923e-06,1.3096895612143643e-05,1
0.1138899800873134,0.8860024040773157,4.950084939050291e-06,7.869517899844963e-08,2.7687089389399693e-06,2.77001481595522e-06,9.704833149815564e-05,1
0.06878749101308962,0.9310447299313737,4.6908704169698075e-06,7.457425310216871e-08,3.587913395824524e-06,2.624961129904436e-06,0.00015680073634105656,1
0.045175116431865406,0.9547240800973386,3.880012162181572e-06,4.9572898669404186e-08,2.7210021801106176e-06,1.744931081315689e-06,9.240795247365009e-05,1
0.0174963636016802,0.982415549465995,3.1899061470209527e-06,3.4647636279176074e-08,1.7871670640410948e-06,1.4407499772719153e-06,8.163446150008475e-05,1
0.01908729312217641,0.9807941958675154,3.3532414422782496e-06,3.6421726688360044e-08,1.788144428125274e-06,1.514521841422032e-06,0.00011181868086953288,1
0.05781165722100229,0.9418584754614955,5.237313260561121e-06,6.970718943814287e-08,3.661629156047097e-06,2.362709791866021e-06,0.0003185359581042125,1
0.05986352996625567,0.9400027831237536,6.2061652703659585e-06,6.318361914601806e-08,2.974006652651024e-06,2.173717189252452e-06,0.00012226983725919076,1
0.058855057952251516,0.9410199974107787,4.627887219573794e-06,5.961672288792678e-08,2.8387736326203672e-06,2.0510046284133044e-06,0.00011536735476623082,1
0.11760217898948676,0.881913008343649,8.914578428457712e-06,1.1292919214058052e-07,5.272778601206011e-06,3.8851229075225055e-06,0.00046662725773480724,1
0.0800734855242961,0.9194999880818863,4.354116806009126e-06,8.493360146325743e-08,4.5466320906177275e-06,2.8788056648555483e-06,0.00041466190565462,1
0.08541801053646901,0.9140106872383305,4.837248234755822e-06,9.037932872665987e-08,4.0938334901060365e-06,3.0471522466544e-06,0.0005592336119003718,1
0.12756109552118175,0.871356099646509,7.105492035519079e-06,1.327592815743222e-07,6.124573849187542e-06,4.475998536533622e-06,0.0010649660086066322,1
0.2605445619812328,0.7378808882088356,8.415033290455612e-06,1.5722679984444997e-07,7.376954584099255e-06,5.300924482734914e-06,0.0015532996707743585,1
0.3697200425076953,0.6286801839638722,1.0406017132692293e-05,2.1892398240568648e-07,1.1042846814937644e-05,7.381053989143417e-06,0.0015707246865135855,1
0.6468977983571622,0.351124168174949,9.607679265331001e-06,1.9623178283188541e-07,1.391306299867114e-05,6.769082624687692e-06,0.0019475474112172425,1
0.5689698546528161,0.4270163598808192,1.1081895143091423e-05,1.761771227495229e-07,1.2491164134398541e-05,6.061052615372569e-06,0.003983975177348958,1
0.5541076054793224,0.44174746487981015,1.1803707762045738e-05,1.8765231437781967e-07,2.68914380705545e-05,6.455835656127955e-06,0.004099591007064516,1
0.7198193201679285,0.27293441016576253,1.5757885736049018e-05,2.4251810324185007e-07,1.5452163041037035e-05,8.343393063689879e-06,0.007206473706364751,1
0.6952994505045421,0.29904201598673463,1.1327633970194689e-05,2.2269594254626526e-07,1.5149840175473205e-05,7.5482297924205464e-06,0.005624285108842704,1
0.6694544013947106,0.3252732922337652,1.1000079092061957e-05,2.1625636809379536e-07,1.4705085212057785e-05,7.329961838470082e-06,0.005239054989013326,1
0.45462095297381194,0.5442789395610095,1.0635217662535366e-05,1.9870880851132947e-07,1.3044880503653784e-05,6.836214173150481e-06,0.001069392444030826,1
0.40127006091640977,0.5974555596302839,1.0979649820107638e-05,2.0514419195301234e-07,1.3467352001625446e-05,7.0576118043037156e-06,0.0012426696954883263,1
0.4141100670253038,0.5845516521752917,1.088495566329984e-05,2.0337492275050715e-07,1.2599741720638524e-05,6.996743323993772e-06,0.0013075959837737874,1
0.5996029607513584,0.4003002184736045,1.0327005656389712e-05,2.131545800354235e-07,1.3232266159760369e-05,7.325010647592584e-06,6.572333799320427e-05,1
0.8036375622909413,0.19630029905061114,8.791422253562556e-06,1.951890412015976e-07,1.1694753871658577e-05,6.606844501176323e-06,3.4850448779898104e-05,0
0.7950799680033608,0.20485558353433855,8.575638992823159e-06,1.9039817499630192e-07,1.140770906239025e-05,6.44468115507106e-06,3.783003491565723e-05,0
0.6390679588199545,0.3608707718610504,1.0146119455925346e-05,2.0942099806819287e-07,1.3224309840654387e-05,7.196706917693471e-06,3.0492761782698824e-05,0
0.5823174709021146,0.41762472306888626,1.039655787655538e-05,1.944868268890806e-07,1.2281261585189373e-05,6.6154521603598235e-06,2.831827055026552e-05,0
0.6424943337404948,0.3574691726098936,9.685258078782394e-06,2.0400925944557787e-07,1.273436940820365e-05,6.939356858870269e-06,6.930656006428771e-06,0
0.6472886678452521,0.35267460346192847,9.688707771649492e-06,2.0408192341399323e-07,1.311886169716532e-05,6.941828517308646e-06,6.77521290995004e-06,0
0.6047620089822774,0.3951956137381153,1.3660399094155663e-05,2.1897299592750486e-07,1.4815250686482652e-05,6.924427390839662e-06,6.758229439902288e-06,1
0.4656709245899811,0.5342886270004163,1.406122043207266e-05,1.8277704521389236e-07,1.2619009109707884e-05,8.117705338638943e-06,5.467697676882472e-06,1
0.45272698695088964,0.5472300325370001,1.4758589295349731e-05,1.918419070350768e-07,1.3770907282881836e-05,8.520304456672285e-06,5.738869168154525e-06,1
0.39567704546797355,0.6042826084223168,1.4022448391795848e-05,1.9150455104455232e-07,1.258421378509018e-05,8.095321790933006e-06,5.452621190771353e-06,1
0.5519563266678309,0.44800189513642774,1.3313315264675329e-05,1.7870486706163454e-07,1.5000365090038668e-05,8.227182849307816e-06,5.058627670327583e-06,1
0.5508974418392496,0.44906042326333095,1.2123852367615177e-05,1.815135533774415e-07,1.6334909239189297e-05,8.35648864979574e-06,5.138133609634268e-06,1
0.6971115683433942,0.3028410715384601,1.4997619166443906e-05,2.0558602509740403e-07,1.7609403437852306e-05,9.00848470005886e-06,5.539024816407774e-06,1
0.38907478961095976,0.6108505691993525,2.419222015556189e-05,3.425252692668414e-07,2.4560057045883715e-05,1.386597393560242e-05,1.168041328141731e-05,1
0.3637389332841913,0.6361863428708052,2.4273604906208168e-05,3.314795868470185e-07,2.3757264741669813e-05,1.322052858431083e-05,1.3140967184271472e-05,1
0.37691209896337496,0.6229996078476188,2.58702714782988e-05,3.3824593480593874e-07,2.4242211405575587e-05,1.3490393457297965e-05,2.4352066730516844e-05,1
0.33750892106269037,0.6624125619437159,2.0540353506740414e-05,2.81246548238603e-07,2.628938877625577e-05,1.1157617403888753e-05,2.0248387358634223e-05,1
0.43121453724470094,0.5685936406935782,2.061244677925666e-05,2.4788899208958705e-07,0.00013955367494123666,1.1088595130403193e-05,2.0319455877848434e-05,1
0.428325658634424,0.5600129763741145,1.2300260519864073e-05,1.881716454062892e-07,0.011635185758368263,6.761417632834492e-06,6.92938329500032e-06,0
0.5538537736446352,0.4444044535742204,9.788593135122569e-06,1.4974769627636108e-07,0.0017209227394754457,5.397271802367896e-06,5.514429035265889e-06,0
0.2563218186424406,0.7362162895512128,1.0301769752564025e-05,1.4425356301807467e-07,0.00743978999282685,7.628388277465104e-06,4.027401926784899e-06,0
0.15312779595769382,0.8426144137119947,1.1078952388082443e-05,1.465253573073919e-07,0.004216073781580291,6.376369935859166e-06,2.4114701049902093e-05,0
0.11398463520419823,0.8821742974037069,1.0728076268906046e-05,1.457001102001009e-07,0.003818739787229532,7.757383726935735e-06,3.6964447593709358e-06,0
0.15984447376703778,0.8310868630464269,1.0847556525161815e-05,1.1749469567120695e-07,0.009043504300988802,8.4449961364856e-06,5.748838189158796e-06,1
0.525133907625231,0.4717043939086885,2.311418831709089e-05,2.161387818151676e-07,0.0030671271464935077,5.110539452843357e-05,2.0135597959612766e-05,0
0.07294405828737761,0.9241087873287123,1.0806855892960685e-05,1.537416284011811e-07,0.0029239840115652792,8.223361222837182e-06,3.986413600742578e-06,1
0.07330148982817417,0.8925211844650676,2.439635843278199e-05,1.0624933387312693e-07,0.03412418854195314,2.86345570385347e-05,9.427857630896824e-17,1
0.0689438104984839,0.8837517480837158,3.090917018609675e-05,1.0933283152138787e-07,0.0472355089046702,2.908251982674542e-05,8.83149028606583e-06,1
0.05447944031775431,0.8442313292249716,3.693775216612945e-05,1.2027330481822588e-07,0.10119790005272915,3.8504203571137164e-05,1.5768175503038696e-05,1
0.038204336855433806,0.8413514436746709,2.6852484618064123e-05,1.1986302230365622e-07,0.12037070310449582,4.1144139941229114e-05,5.3998778180832315e-06,1
0.003451391887552517,0.06832878011130633,5.025662790598096e-06,4.685225090300048e-08,0.9282079677554887,6.232647011569321e-06,5.550835994473852e-07,4
0.9631605636713314,0.03681924817845263,3.4327674184524115e-06,7.768357788808131e-08,2.228533374310027e-06,2.33752743314841e-06,1.2111638411849765e-05,0
0.9568780163023504,0.04310526375672111,3.832525626604223e-06,8.673011210197261e-08,2.4880541632023657e-06,2.6097409752480335e-06,7.702890051364034e-06,0
0.9103473491509793,0.08926123203187525,7.82400225042162e-06,1.598011203414193e-07,9.95731436408039e-06,5.512394432228352e-06,0.0003679653049787763,0
0.9330145464863173,0.06654685802685677,5.5615803004505685e-06,1.1359234499617833e-07,8.249456088337772e-06,3.918406884525438e-06,0.00042075245120738237,0
0.9419511900247419,0.05764556707798885,7.139217706528597e-06,1.1349744948658549e-07,6.955552938305269e-06,3.995030199463232e-06,0.0003850395989754091,0
0.9005019826359527,0.09876504893280359,1.1664443633939745e-05,1.6007309417660388e-07,8.152934307576893e-06,5.634460053947186e-06,0.0007073565201539616,0
0.8829574921384162,0.11620060682845598,1.2803509182373302e-05,1.7570467957663083e-07,9.79904384702731e-06,6.184680838829027e-06,0.0008129380945800383,0
0.9236160579557351,0.07416034283208342,5.474448463739062e-06,9.717235326586619e-08,4.848843124773982e-06,3.2936354543982954e-06,0.002209885112785301,0
0.9247899573027709,0.07337110566353354,5.1440717452640675e-06,9.130811261932187e-08,4.636269147762827e-06,3.0948683127429326e-06,0.0018259705163774006,0
0.7555514840449346,0.24345578261209924,1.1374228681950324e-05,1.82399242922894e-07,8.222917689090151e-06,6.182382057811904e-06,0.000966771415294441,0
0.6072278902288779,0.3927349470915648,6.284492230151023e-06,1.1741969020070982e-07,4.804904521333979e-06,3.9588219766342974e-06,2.1997041139018532e-05,0
0.7228722435544623,0.2770910320309655,5.86813075972022e-06,1.2345497213907433e-07,4.164669441119339e-06,4.162302387219113e-06,2.2405857011790635e-05,0
0.11321972727353724,0.8866916344909872,4.718287425692709e-06,8.833354729491184e-08,2.9798720834861597e-06,3.0470959981201293e-06,7.780464642089265e-05,1
0.0715142157496522,0.9283808246705569,3.5490493937269476e-06,5.642187573598801e-08,1.9850739739097326e-06,1.986010245122511e-06,9.738302430239346e-05,1
0.11579078143292704,0.8837592906363658,7.172079523612815e-06,1.1672553795853128e-07,5.4721197459940495e-06,3.956386331429723e-06,0.0004332106195680938,1
0.11456416623675372,0.8849952047688471,7.182109488260914e-06,1.1688877555446144e-07,6.364231520005459e-06,3.9619192336943755e-06,0.0004230038453817833,1
0.12143305846242779,0.8776297949435443,6.836180297560949e-06,1.2772745089009526e-07,5.895115702261871e-06,4.3063496313000164e-06,0.0009199812209460564,1
0.27074872177707154,0.7276499656573252,7.379714874297918e-06,1.5525599743864592e-07,7.28448612543805e-06,5.23447859225126e-06,0.0015812586300137698,1
0.6156848653041006,0.38242445212329124,8.422613692371794e-06,1.7719672265440822e-07,9.641419093682534e-06,5.97421334218104e-06,0.0018664671297573935,1
0.6600234181107354,0.3379346983577578,7.4280623711948236e-06,1.680971622686815e-07,9.768040369539287e-06,5.0581054441588676e-06,0.0020194612261594,0
0.7895148621492439,0.20771813977057332,6.327405801333626e-06,1.565274986245827e-07,8.583787639507988e-06,4.709970009416873e-06,0.0027472203892339796,0
0.8265699106525314,0.17146406341339596,7.71947776202504e-06,1.5766626278204334e-07,1.1178722504554293e-05,5.315741039756033e-06,0.001941654326503566,1
0.7183601561982916,0.27916406206833033,1.0204729745575187e-05,2.0842622406409007e-07,1.4777663149823047e-05,7.027120535928969e-06,0.0024435637937226928,1
0.6465803392489075,0.35113321844251527,9.423687518305365e-06,1.9247384841837126e-07,1.3646621051879628e-05,6.639451388727168e-06,0.002256540074769958,1
0.5900476387803905,0.40592880252983304,1.149242971120668e-05,1.827036958731509e-07,1.4118135352959697e-05,6.285587461231225e-06,0.003991479833555149,1
0.5546677180100299,0.4421939996106833,1.1619228875308896e-05,1.8784200030102293e-07,2.5440968205370048e-05,6.462361454387046e-06,0.003094571978751486,1
0.563765431088311,0.43308347412742815,1.1809808581078844e-05,1.9092300279548975e-07,6.720479055486554e-05,6.568357726409306e-06,0.0030653209043956554,1
0.43613466752524577,0.5617647497908078,1.3436121509939683e-05,2.0678552682122696e-07,1.42311865555657e-05,7.114078937155229e-06,0.0020655945114169114,1
0.535512039810321,0.4634172115633562,1.179540546713294e-05,2.1621960102843743e-07,1.3033785534576858e-05,7.430339425445685e-06,0.0010382728762945697,1
0.5869843783486673,0.41290956249276606,1.065230342291548e-05,2.1986888920861145e-07,1.3649078813017825e-05,7.555746417739568e-06,7.398216102373402e-05,1
0.7888306872914136,0.2111035114947416,8.629441907589828e-06,1.9159271884191252e-07,1.1479280172004401e-05,6.48511460045919e-06,3.901578444600636e-05,0
0.795544410265886,0.20439183580056985,8.556225642794192e-06,1.8996715563795756e-07,1.138188453208503e-05,6.068985146521451e-06,3.7556871067256225e-05,0
0.7882937707416068,0.21166886554046682,1.142688706073734e-05,1.9713748735867972e-07,1.4744497893932988e-05,5.4409899892928134e-06,5.554205494909091e-06,1
0.48535015966673517,0.5146092401800231,1.4809845829812291e-05,1.9250817337818892e-07,1.329085055899541e-05,6.548148436747236e-06,5.758800242826162e-06,1
0.6352404463214852,0.36471188813327493,1.4646338746939304e-05,1.9970759065115758e-07,1.797224122917344e-05,9.194102498143576e-06,5.653155175085245e-06,1
0.7189953985273094,0.2809573311131399,1.4972328158360137e-05,1.953457613669921e-07,1.75797080868933e-05,8.993293378233496e-06,5.5296841657449416e-06,1
0.3485867928225255,0.6513418452679663,2.3193030911132398e-05,3.283782599061458e-07,2.354567536925286e-05,1.3096837162280604e-05,1.1197987805531385e-05,1
0.2768702515579484,0.7230378545330971,2.6198913242976456e-05,3.61183594778015e-07,2.5001463973254195e-05,1.4328881148348772e-05,2.6003466995245457e-05,1
0.4255064460021645,0.5743932606334949,2.3744581760757388e-05,2.8555661068759383e-07,3.995798674235147e-05,1.289816938228191e-05,2.3407069844382337e-05,1
0.47445723525241024,0.5172618127337727,1.4673047389894887e-05,2.1981211486418923e-07,0.00825135900966184,8.008018820782396e-06,6.6921258298038786e-06,0
0.4059555064120709,0.5910944782311084,9.440236951673953e-06,1.4441847937716446e-07,0.002927623955161444,5.963778468057902e-06,6.8429677601783355e-06,0
0.30861499203980597,0.6898200892328749,1.0855155414881614e-05,1.5565048857279234e-07,0.0015215900823956263,7.1697295808833235e-06,2.5148109438975582e-05,1
0.0972616399844094,0.8988770200354085,1.3202737927685706e-05,1.5001643404012485e-07,0.0038356301945159576,7.933139278614675e-06,4.4238920257515404e-06,1
0.15044683022700353,0.8448437358688451,1.6102550395300594e-05,1.829656244398266e-07,0.004678077292999498,9.675551823153054e-06,5.395543309138416e-06,1
0.29551480259251445,0.7026432843737489,1.2318486809160136e-05,1.7249323717123713e-07,0.001815163974912031,9.44225599219136e-06,4.815822785976945e-06,1
0.5299427161969895,0.46686277157782263,1.2863458383946862e-05,1.9678754980950235e-07,0.0031646628852911585,8.74058868789539e-06,8.048505275075267e-06,1
0.2885446851174015,0.6879723581128256,3.0417863281223986e-05,2.3614163837417798e-07,0.023388572795830974,5.8428323309842884e-05,5.30164571253395e-06,0
0.2382703188905536,0.7616071266692013,1.0858056528362376e-05,1.3301686202572797e-07,0.00010097913611528588,6.960724351769505e-06,3.6235063878304054e-06,1
0.1412972478640409,0.8586032033731648,1.0528083896410296e-05,1.2642890156176566e-07,7.854003684855996e-05,6.615978759882606e-06,3.738234387956762e-06,1
0.053837861308449045,0.9425458819773502,1.0287648117625638e-05,1.4635522021278653e-07,0.0035941288999166766,7.945694095074315e-06,3.748116851144469e-06,1
0.05065372937474944,0.9491348232113901,7.881342935322322e-06,1.0850684280760715e-07,0.0001953962248777312,5.282540111120845e-06,2.778799093420093e-06,1
0.046017551339066834,0.9537835623036549,7.180365562575797e-06,9.439647341579649e-08,0.0001845985629557672,4.595591801076137e-06,2.4174404854352552e-06,1
0.046178359883422365,0.9536319475771807,7.430605699062505e-06,9.558240125153946e-08,0.0001750652124324913,4.653327435061128e-06,2.447811428958765e-06,1
0.07014204908164971,0.9024636932940142,3.0372054596408828e-05,1.0743293036191662e-07,0.02732707314012417,2.9542989262923626e-05,7.1620074220914984e-06,1
0.035489687073262,0.8403207963584545,2.673402045829673e-05,1.3348107264066213e-07,0.12411488048317558,4.23753205563695e-05,5.393263020399167e-06,1
0.010261199195638357,0.3776943268702661,1.2731443167340392e-05,8.563974407333085e-08,0.6120022555756722,2.363809807923124e-05,5.763177432613584e-06,4
0.0019013307328197547,0.05195069675426631,3.213057110271947e-06,2.8154896139212822e-08,0.9461393060554827,5.03969170268485e-06,3.8555372219064537e-07,4
0.002312100738579841,0.06684185528359372,4.773092836415239e-06,3.848228417106163e-08,0.9308352855144749,5.419911046335328e-06,5.269771846143191e-07,4
0.9649311833406163,0.03485395780261569,4.790802571649407e-06,8.951153620287281e-08,2.70945669717022e-06,3.0178944951780145e-06,0.0002042511914679021,0
0.8738792300624437,0.12587998845864842,6.062223968412898e-06,1.3941865763958578e-07,5.6468557909832215e-06,4.809294393426138e-06,0.00022412368609721315,0
0.8975138494058058,0.10176519186437563,9.905973760948412e-06,1.5748262663576475e-07,9.44264700250841e-06,5.543277422943616e-06,0.0006959093490057726,0
0.8715937749078769,0.1266444890856521,9.969089884618719e-06,1.5986617628589335e-07,1.0291435144380691e-05,5.418628740354535e-06,0.001735896986525365,0
0.789233238540211,0.20997945108358426,9.810217976791618e-06,1.5731847687526309e-07,8.06951918091679e-06,5.33227503146531e-06,0.0007639410455385125,0
0.7360855885467174,0.26338358260950057,7.779194384979277e-06,1.4451631029615581e-07,6.48756707072347e-06,4.898348422497694e-06,0.0005115192175937482,0
0.634154395267787,0.36580309974909814,6.4446882868114605e-06,1.2041279937414427e-07,4.650051265342697e-06,4.059735088855975e-06,2.7230095674433076e-05,0
0.7643265630849876,0.23564433680322613,5.844828306789734e-06,1.322685517732102e-07,4.416730715404761e-06,4.1457738094773915e-06,1.4560510402781442e-05,0
0.42492936712892493,0.5750179205625127,1.415944480540416e-05,3.502766452620467e-07,1.3769080016154152e-05,1.0539953098849892e-05,1.3893553996707999e-05,1
0.10852420098676813,0.8914350750077192,4.30716425584497e-06,8.063669360812153e-08,2.7202239641213768e-06,2.7815903914129266e-06,3.0834390207459236e-05,1
0.061215275801547675,0.9385613732461296,5.4029946847903745e-06,6.796405395419777e-08,4.830761913228923e-06,2.3922867804801235e-06,0.00021065694489013902,1
0.04847582987470441,0.9513766284483398,4.682475117193601e-06,5.982555074676138e-08,4.073898396115812e-06,2.105817205708048e-06,0.00013661966068603058,1
0.03420823116421378,0.9655010779928274,4.270780286840361e-06,4.366705625698437e-08,2.293774395985493e-06,1.5022854352565646e-06,0.00028258033578460595,1
0.03754484256577397,0.962306535548234,4.942426188404638e-06,5.053437262508507e-08,2.6545057070585124e-06,1.712851400113418e-06,0.0001392615683239143,1
0.06172239280949768,0.9381217135880636,4.8949607610071515e-06,6.30571803915122e-08,3.002598136420912e-06,2.1693672944890337e-06,0.00014576361906669565,1
0.07758872912828615,0.9222169691308714,6.100952074621682e-06,7.859283338774611e-08,3.7423604036987687e-06,2.703843103577017e-06,0.0001816759924274342,1
0.08040634697042971,0.9193922952632211,6.3225068237798335e-06,8.14469150579304e-08,3.878263408731356e-06,2.802032578473548e-06,0.00018827351662332987,1
0.09893524123457906,0.9008101890752983,7.8884227819643e-06,1.0161913908059429e-07,4.744700744428628e-06,3.496021158047961e-06,0.00023833892629920197,1
0.08163796801759682,0.9179305161717161,5.396456773898775e-06,8.782729164246509e-08,4.0535690835491274e-06,2.9611099442362514e-06,0.0004190168475938241,1
0.3783684910008337,0.6175502485586789,1.0587577441123416e-05,2.3959703543341124e-07,1.3487404907203e-05,7.2095629276179345e-06,0.004049736298176159,1
0.660695072008955,0.33682153700154704,7.403594235713849e-06,1.6754344799774228e-07,9.351170110816149e-06,5.041443978072548e-06,0.0024614272377253446,0
0.5748469253010475,0.42261976967039955,8.704814593012633e-06,1.777912479834466e-07,1.2605607502048955e-05,6.258126575593889e-06,0.0025055586886342236,1
0.5548986757056987,0.4423781244549325,1.1624066997736714e-05,1.879202156976121e-07,6.614781117030241e-05,6.465052312465896e-06,0.002638774988672567,1
0.6505556468535021,0.3437417284163702,1.5968527545635503e-05,2.4575993739270235e-07,3.743971532751076e-05,8.454922455542647e-06,0.005640515804861709,1
0.4844255023209439,0.5134900750092594,1.0392515133118604e-05,2.0548600941304873e-07,1.4141752469185091e-05,7.0693714106464715e-06,0.002052613544774386,1
0.40927629371533986,0.5893000602259794,1.0988181311613202e-05,2.0142251030244827e-07,1.3477816506512831e-05,7.063095763823784e-06,0.0013919155425884176,1
0.43089874848248966,0.5677304447054253,1.0585990878999387e-05,1.9405002487839686e-07,1.2253678844291434e-05,6.804571676872033e-06,0.0013409685206600599,1
0.4201355739473958,0.5786943407094977,1.0612841896391448e-05,1.9493257641260673e-07,1.230940933476945e-05,6.835519290389876e-06,0.001140132640008459,1
0.46805172613447077,0.5309218223067425,1.2062416970987246e-05,2.2111414416171508e-07,1.332883013361155e-05,7.598539332576001e-06,0.0009932406582054893,1
0.8046500334834075,0.19528137188854264,8.185908423744511e-06,1.689612585030476e-07,1.0889271550213055e-05,5.806316793004339e-06,4.354417002427475e-05,0
0.5566341993738995,0.4433091508018507,1.0188611580922715e-05,1.9059680716513562e-07,1.2035618471126118e-05,6.483133484600407e-06,2.7751863905915418e-05,0
0.5155927524400168,0.4843644986043881,1.5126818786224028e-05,1.9662839755542342e-07,1.4057299482148237e-05,6.688297496559899e-06,6.679911432723448e-06,1
0.41460596505288794,0.5853548804075023,1.3580317440369191e-05,1.7286218145812642e-07,1.2552906296554957e-05,7.677354952473814e-06,5.171098738757789e-06,1
0.6238213844228591,0.37613599832202044,1.3141249020320103e-05,1.8013386914260508e-07,1.590382257436306e-05,8.292970992661131e-06,5.099078664117584e-06,1
0.6401035923943713,0.35984933690988236,1.4786333456673063e-05,2.0268388886510798e-07,1.7013147883637913e-05,9.331124785352982e-06,5.737405731591035e-06,1
0.7037170100956524,0.2962401979417992,1.2369400520081252e-05,1.8400250064742746e-07,1.655889652278242e-05,8.471074361025405e-06,5.2085886438868875e-06,1
0.7307608696239889,0.26918985511573096,1.560735678803773e-05,2.0363105606813326e-07,1.8325324788482795e-05,9.374730300391745e-06,5.7642173473037606e-06,1
0.2661624753204904,0.733757921931666,2.364495055927437e-05,3.259741410700173e-07,2.762061243014558e-05,1.2932051157246155e-05,1.5079159555707614e-05,1
0.3035501107101805,0.6963684762633534,2.4221370347123114e-05,2.932863539175485e-07,2.8293951438291323e-05,1.3157656989397133e-05,1.5446761337333208e-05,1
0.5389535456389252,0.45024512777093273,1.7640132586525442e-05,2.698619893969753e-07,0.010756173619107218,9.831395741949742e-06,1.7411580716902733e-05,0
0.8733857564332687,0.12572143421054316,7.66527421596919e-06,1.172647733257332e-07,0.0008764364690689218,4.272096250870657e-06,4.318251879133414e-06,0
0.825742149933791,0.1734726475731658,6.792697174883515e-06,1.0391592942932303e-07,0.0007706934147054482,3.785781867224489e-06,3.826683366227909e-06,0
0.3206393177908709,0.6766530830567681,8.97272290768571e-06,1.2533537314281365e-07,0.002688521581743929,5.56734878845156e-06,4.412163547920807e-06,0
0.2864082343028718,0.7108079678536099,1.026073143002982e-05,1.272886427838864e-07,0.002762197646486559,6.731252734085861e-06,4.4809242249228334e-06,0
0.2261925207576486,0.7696554128540685,1.211255033371261e-05,1.3782680744181333e-07,0.004124766604105648,7.288529865136373e-06,7.760877170852852e-06,0
0.19358908140537068,0.8054370834681449,1.2295559399521881e-05,1.399092388520834e-07,0.0009367876480158749,7.398652589500132e-06,1.7213357240634934e-05,0
0.20241829422433677,0.7950511085033045,1.027165945149028e-05,1.274242094371509e-07,0.0025082835585518433,6.8204826532187105e-06,5.094147492894155e-06,0
0.061604513643515026,0.9343948371000204,1.2724871298060907e-05,1.4458666272180168e-07,0.003975660829252628,7.855197829478873e-06,4.263771421695857e-06,0
0.11617554458109415,0.8794122281192127,1.463984802145905e-05,1.663456327844899e-07,0.004383719019298805,8.796656724393847e-06,4.905430015734604e-06,1
0.1891150097260122,0.8085856907437614,1.6081490370323565e-05,1.8272632938866723e-07,0.002268736607739906,9.662897469770524e-06,4.635808317098709e-06,1
0.22723327534654825,0.7710439228590459,1.4399840139807431e-05,1.740118767238626e-07,0.0016946238585657468,9.189363142215168e-06,4.414720681410833e-06,1
0.4871102464159288,0.5094543283331592,1.4239309523431408e-05,2.1783557333167293e-07,0.0034004973960785833,9.675465495287586e-06,1.079524424147662e-05,1
0.42871521619787323,0.5685779180726301,1.931199899469936e-05,1.8952585166984457e-07,0.002626281664871593,4.342621581818121e-05,1.7656323960596093e-05,0
0.2638478355851853,0.727799262586227,2.7176134233170107e-05,1.9379999042849975e-07,0.008283248935267665,3.342312438138001e-05,8.859834715006988e-06,1
0.2608259741089364,0.7390420479409165,1.0414151632030464e-05,1.2547443686404166e-07,0.00011135148784194684,6.8636392301591685e-06,3.223197006311556e-06,1
0.044206909066932004,0.9556103789670776,6.869575360498267e-06,9.457727444594615e-08,0.00016872134875099397,4.604393906723897e-06,2.4220706979238825e-06,1
0.052914954187178065,0.9252408157825769,1.9142280622015026e-05,8.762648635664723e-08,0.021795062096868385,2.40964137984625e-05,5.84161246969555e-06,1
0.03084690443225532,0.6521779959748732,1.887681103618981e-05,8.426153685348775e-08,0.31692324621575196,2.8132726726347798e-05,4.759577820253944e-06,1
0.03479976991878831,0.8443202611572762,2.6861259691476828e-05,1.341163691293945e-07,0.12079544671248126,5.0732389461605945e-05,6.7944459319057116e-06,1
0.0014048818562965278,0.03489500170252321,1.928486206030738e-06,1.68986504046623e-08,0.9636947403338408,3.1993120196810197e-06,2.3141046343416396e-07,4
0.0015845431948927553,0.03974558843648399,2.550813234535808e-06,2.235188458346654e-08,0.9586633565365478,3.6325797928013018e-06,3.060871635441304e-07,4
0.003970723095034044,0.06402270893165794,4.586088693938887e-06,4.27372374346745e-08,0.9319961149323968,5.317884139205458e-06,5.063308406417985e-07,4
0.005513521332202085,0.07382412852995797,5.2014614312536724e-06,4.928000333070315e-08,0.920650498050757,6.017499171190258e-06,5.838464770074487e-07,4
0.9686580938071134,0.030779735769108398,4.881844433136424e-06,9.121256578165306e-08,2.7291829537006893e-06,3.075244955461716e-06,0.0005513929388700255,0
0.8302733594149017,0.1694666028207821,6.126416560604542e-06,1.4089495496551704e-07,8.09791380344943e-06,4.860219775816388e-06,0.000240812319221502,0
0.8847601645900075,0.11446172007069164,1.1161769385127195e-05,1.774469429347855e-07,1.0639705976474402e-05,6.246007280636593e-06,0.0007498904097155414,0
0.9307804910182925,0.06779631372655666,5.185263683872615e-06,7.944965753016676e-08,4.890927365259042e-06,2.6929285963179377e-06,0.0014103466858478024,0
0.6011020305988853,0.3988516243002453,7.026934416538801e-06,1.3129150805408223e-07,5.070160699932441e-06,4.426512338275769e-06,2.9690201906566765e-05,0
0.694250650081394,0.30569685516313877,7.076877176628175e-06,1.4888483410583325e-07,5.3477466153883086e-06,5.0196738914761865e-06,3.490157294957587e-05,0
0.2719026119185417,0.7280133974391494,1.1611001519959417e-05,2.8723320133227644e-07,1.2036195023397438e-05,9.211260554370843e-06,5.0844952009823645e-05,1
0.10516775799589947,0.8947889820722391,4.323369394088606e-06,8.094007854768032e-08,2.730458448523131e-06,2.7920557589151866e-06,3.333310818104922e-05,1
0.11392847239884753,0.886001015487072,4.32151899869525e-06,8.826474679643853e-08,2.9775511455072273e-06,3.0447227013378e-06,6.008005648792366e-05,1
0.07150227429667226,0.9282147709570058,6.084283054553764e-06,7.653395309759544e-08,4.9090911383614755e-06,2.693941188038188e-06,0.0002691908969879216,1
0.01999749477547256,0.9797768988070673,4.558914123486212e-06,3.5379462548762726e-08,2.0527112344960358e-06,1.6036391076829877e-06,0.00021735577353195056,1
0.033810590009510616,0.966024145114426,4.142771967661638e-06,4.235822131359862e-08,2.223136277941821e-06,1.4572573559413107e-06,0.00015739935224057526,1
0.07758872912828615,0.9222169691308714,6.100952074621682e-06,7.859283338774611e-08,3.7423604036987687e-06,2.703843103577017e-06,0.0001816759924274342,1
0.10061404144875354,0.8991443962948843,7.873835382889099e-06,1.0143122332399511e-07,4.735926767023458e-06,3.489556259142645e-06,0.00022536150672969367,1
0.27681169400858846,0.7211158324717586,7.791049711141894e-06,1.6390974646056185e-07,7.3881447055566755e-06,5.526241002369009e-06,0.002051604174487437,1
0.7837771934114307,0.21460627148003011,6.281422425721239e-06,1.444597704117023e-07,7.390643013968185e-06,4.8704822237892075e-06,0.0015978481011052147,0
0.7788656111867616,0.21929453656545178,7.2240646809679535e-06,1.4754771183448312e-07,1.0461305403425077e-05,4.974592619125529e-06,0.0018170447373713821,1
0.5825827652545721,0.4153050717871916,8.673843926936565e-06,1.7715868845978223e-07,1.256075829171134e-05,6.2358609263530575e-06,0.002084515336402791,1
0.5595367623487402,0.43799740330244435,8.47297525627294e-06,1.7305605178022236e-07,1.2269876550947273e-05,6.091451007835863e-06,0.002438826989948578,1
0.4911594013397734,0.5065189666403166,7.660625359871246e-06,1.5646423350112726e-07,1.1093497222134265e-05,5.507430702632217e-06,0.00229721400239171,1
0.5527335243258484,0.44483332139000936,1.0586701409057099e-05,1.7114966841670687e-07,1.3225316394249948e-05,5.888092217580721e-06,0.002403283024452953,1
0.541219755920086,0.4554616491041638,1.1221562009556545e-05,1.7270285998728164e-07,6.0791310443110706e-05,5.941526941023168e-06,0.003240467873496497,1
0.4104879032468997,0.588186495605386,1.1231870682672392e-05,2.0588953932761458e-07,1.377671953100625e-05,7.219736914493361e-06,0.0012931669310468927,1
0.43077368869827853,0.5680265767783791,1.0903400098780465e-05,1.9986840009703987e-07,1.2621091841890965e-05,7.00859922720604e-06,0.0011690015637743744,1
0.42573545735675955,0.5730177735584144,1.1018849351123347e-05,2.0198468099557825e-07,1.2754728652766146e-05,6.94115950357399e-06,0.0012158523626375262,1
0.5566191410785578,0.44329715822193383,1.018833595444759e-05,1.90591651062588e-07,1.2035292878667442e-05,6.482958100229737e-06,5.4803520924003854e-05,0
0.6105899771242205,0.38936708013994187,1.3993912838073764e-05,2.0532468939506395e-07,1.4942926346940182e-05,6.9841010918876164e-06,6.8164708713517285e-06,1
0.5438411712293487,0.4561141112176271,1.582341163052173e-05,2.056831721685476e-07,1.470464076175238e-05,6.99629485162049e-06,6.987522607970355e-06,1
0.4687875149648169,0.5311737779191995,1.411931666410737e-05,1.8353221847077014e-07,1.2671146609779607e-05,6.242832126982764e-06,5.490288364118073e-06,1
0.6354630039925232,0.36449400072484794,1.3701160195531363e-05,1.839109164513804e-07,1.5437357337687003e-05,8.466858024115418e-06,5.205996155188028e-06,1
0.7666660145174059,0.23328979581960996,1.4406887271891088e-05,1.8796838629832935e-07,1.5777938599108756e-05,8.496017114261544e-06,5.32085161255068e-06,1
0.716170712199192,0.2837828553156361,1.5535519279708232e-05,2.538147232011182e-07,1.7949534013231272e-05,8.971445574164151e-06,3.722171581653726e-06,1
0.47659599208507875,0.5233298263863945,2.5303230460151225e-05,3.752517498426958e-07,2.7177886501740405e-05,1.336747525231809e-05,7.957684562753445e-06,1
0.5466543308846337,0.4448492924602405,1.7189033547600778e-05,2.6296099341737244e-07,0.00845237835011973,9.579984186581434e-06,1.696632627853453e-05,0
0.2288745164131473,0.7701811721058572,1.0696189873591837e-05,1.217102642674225e-07,0.0009138277195842931,6.480113310363834e-06,1.318574796285771e-05,1
0.1700377315223286,0.8286584186450027,1.214209737177763e-05,1.5062777011003755e-07,0.0012621862822635185,8.062471783552607e-06,2.1308353479539042e-05,1
0.10684951152942475,0.8888422229855681,1.3103722155066874e-05,1.488913648913344e-07,0.0042827485134606415,7.873643595274809e-06,4.390714431125994e-06,1
0.28540424453667784,0.7129529715584603,1.3777691655823483e-05,1.7478762315404395e-07,0.0016147212166446134,9.23032940145807e-06,4.879879536705428e-06,1
0.36774985518174197,0.6302268042690303,1.2840320012489908e-05,1.7524771782573487e-07,0.0019958392207368968,9.593035882996513e-06,4.892724877427025e-06,1
0.3619274447026555,0.6238435711360812,2.740424053931865e-05,2.652260232832217e-07,0.014149869872540442,4.6028138126294453e-05,5.4166840338496394e-06,0
0.35518862916437083,0.6359407974450986,2.533406518360736e-05,2.044429831621999e-07,0.008791062449253968,4.52834682469218e-05,8.688964862778815e-06,0
0.13596735162180576,0.8639203010454501,1.0593281475640498e-05,1.2721184159222754e-07,9.120850543473803e-05,6.656949728923787e-06,3.7613842635740125e-06,1
0.05282794594595198,0.9469628101355206,7.942581636196596e-06,1.0934995014908908e-07,0.00019306801044931615,5.323585894355507e-06,2.8003905972879167e-06,1
0.05337324757408044,0.9397137851864827,1.7471349994171915e-05,9.923000406962775e-08,0.006867109569854468,2.2354100386013002e-05,5.9329891978956224e-06,1
0.04967252572339427,0.8796250354757336,2.7400920153447952e-05,1.2431316279176322e-07,0.07061953792060188,4.669510984588434e-05,8.680537108314537e-06,1
0.023739536006068786,0.5490907860865025,1.5893027784806115e-05,7.094264724245764e-08,0.4271184390060228,3.126768089364887e-05,4.007250080335139e-06,1
0.008974724571012536,0.30873507972087905,1.0397013235523153e-05,1.0590205453287106e-07,0.6822556135638248,1.8751071489653018e-05,5.328157503912834e-06,4
0.968656737605754,0.030779692674935376,4.881837598150893e-06,9.121243807652523e-08,2.7291791326190762e-06,3.0752406498647094e-06,0.0005527922494916186,0
0.9634669147478121,0.03650586083909201,3.707031678040336e-06,9.170462810579394e-08,2.630759677507165e-06,2.8232814457261436e-06,1.7971635666933636e-05,0
0.9408669341439404,0.05862888291598608,5.9045269332545945e-06,1.2059684913425513e-07,8.758146610657644e-06,4.160029656185365e-06,0.0004852396400242554,0
0.9308746325045582,0.06874832637567836,8.245128382832912e-06,1.3107893338022586e-07,9.519390633785274e-06,4.521612745917065e-06,0.0003546239090673138,0
0.8842612475536658,0.11434452011278129,9.928592384423618e-06,1.59216750853857e-07,9.5848791856776e-06,5.477561950798212e-06,0.0013690820832812697,0
0.67137204352611,0.3285920003980503,6.458298440792195e-06,1.358710442423477e-07,4.880308470235398e-06,4.580912068626854e-06,1.9900685815709784e-05,0
0.10733930445034005,0.8925649493510646,4.063661781118409e-06,7.607795535691614e-08,2.5664380326526203e-06,2.6778903890718542e-06,8.636213043733525e-05,1
0.033199985790617004,0.9666801716835364,3.5124269945749112e-06,4.5578308919141006e-08,3.103714003224807e-06,1.6043243385302145e-06,0.00011157648220155125,1
0.019189231110518377,0.9806389902375582,3.369095026967535e-06,3.333357120977753e-08,2.1135354166473647e-06,1.510526078070849e-06,0.00016475216183069907,1
0.031276653801927935,0.9685977823755485,2.908195622456185e-06,3.8004514884519124e-08,2.059724455210965e-06,1.3074760260687942e-06,0.00011925042190500744,1
0.05097237874583486,0.9488807872307605,4.660167689266328e-06,6.003256184964843e-08,2.858574665330107e-06,2.0653108095291094e-06,0.00013718993767851298,1
0.07540108712179279,0.9244075784610202,5.928933545796734e-06,7.637688030203335e-08,3.5661140618283018e-06,2.627607278879174e-06,0.0001791353854201813,1
0.08136823961736002,0.9184379928387568,6.315944245844701e-06,8.13623755323053e-08,3.798891894276348e-06,2.799124150268481e-06,0.00018077222121730868,1
0.12436509469109543,0.8750953253077216,9.899838944479163e-06,1.2541039638543026e-07,5.788174678243465e-06,4.250757689844808e-06,0.0005195158194740871,1
0.10504951978083976,0.8942776906414858,5.403967401427418e-06,1.0096793104239268e-07,4.737333854578791e-06,3.4041485177032502e-06,0.0006591431599698976,1
0.12726672771379094,0.8721970414843854,6.225309399050825e-06,1.1631391594902927e-07,5.457355083889125e-06,3.921540636500749e-06,0.0005205102827881513,1
0.20633469142498875,0.79233804042213,8.560545730632438e-06,1.800985659564422e-07,8.117847140161314e-06,6.072049412240538e-06,0.0013043376120323218,1
0.6701125867996482,0.32760642862855716,7.509124700784702e-06,2.0201474483741875e-07,8.08227130382801e-06,5.326269803417325e-06,0.0022598648912420236,0
0.6271081043560034,0.37093109989447776,9.336764056389726e-06,1.9069848254378637e-07,1.3520745534150922e-05,6.578209534218759e-06,0.0019311693319115865,1
0.4689380045306329,0.5288455193704372,7.314037682910334e-06,1.493853629560812e-07,1.059159701804225e-05,5.139330979599554e-06,0.002193281747886524,1
0.40989455841611155,0.5873550630835207,6.951175232059508e-06,1.419740887360782e-07,1.0066129004475518e-05,4.997387823317938e-06,0.002728221834218982,1
0.5799977651497247,0.4156100701362653,1.4716362324067255e-05,2.1763851460454488e-07,3.7227902572304006e-05,7.487456189332334e-06,0.004332515354409647,1
0.609961784698498,0.3853090648599745,1.558095172333517e-05,2.3042482337133662e-07,3.941504972268058e-05,7.927345824163663e-06,0.004665996669433848,1
0.3914726445391718,0.6072694558726909,1.1160003224433105e-05,2.0851392177158684e-07,1.368856878180858e-05,7.1735412133621645e-06,0.0012256689609959977,1
0.68134073331237,0.3173071179553842,1.0776436270014999e-05,1.9754104742762926e-07,1.2506339694796088e-05,6.9269881165334796e-06,0.0013217414271172276,1
0.7596805744214301,0.24023459579019507,9.489236585951522e-06,1.7394560571876655e-07,1.1012510371207499e-05,5.977602797838821e-06,5.817649301418203e-05,1
0.565328462789982,0.43456774262115355,1.0719709073307349e-05,1.965011906907187e-07,1.2408462636136452e-05,6.752720555359075e-06,7.371719540878552e-05,0
0.5494041187654528,0.45051370658190626,1.0002580300562135e-05,1.8711674829863034e-07,1.1815863159390874e-05,6.3647595910321204e-06,5.3804332841673346e-05,0
0.6307653021374345,0.3691441238175021,1.1043250902037425e-05,2.0658441495531217e-07,1.2895112021718576e-05,7.026950545047534e-06,5.940214717935721e-05,0
0.6293634161362057,0.3705979723463042,1.0181100140421049e-05,2.3067972657421675e-07,1.3785578821770468e-05,7.294621012221685e-06,7.119537789210382e-06,0
0.43552284131325797,0.56443511708546,1.5125981425410655e-05,1.9661751298562485e-07,1.4113712605144147e-05,6.7235603465418565e-06,5.881729391827366e-06,1
0.6634349935231483,0.3365188850055994,1.4697372070667455e-05,1.9728308613054244e-07,1.655980817258337e-05,9.082483590734665e-06,5.58452433219618e-06,1
0.677172965283596,0.3227805890927865,1.3076163048080366e-05,2.0182600611744826e-07,1.816288332574899e-05,9.291629732172205e-06,5.713121505444518e-06,1
0.7329979817248731,0.2669562639115805,1.280466749624776e-05,1.9812095473610212e-07,1.8150011437984034e-05,9.121057236405192e-06,5.480506421024114e-06,1
0.7777137992997666,0.22224739328024945,1.0270701359002893e-05,1.7245609533932248e-07,1.5798834137095933e-05,7.794874267506687e-06,4.770554124932634e-06,1
0.8046934687819561,0.1952664350352596,1.1753626205167096e-05,1.7309714477508771e-07,1.555732314928946e-05,7.823849176982715e-06,4.788287108067027e-06,1
0.8095398319014493,0.19041699332602313,1.4579094965474267e-05,2.381889453813071e-07,1.6445337716605548e-05,8.41913003668709e-06,3.493020863332119e-06,1
0.5775595318535678,0.42235670722755353,2.8569619517021298e-05,4.270043097822407e-07,3.0686274539305275e-05,1.50930800106084e-05,8.984940502058768e-06,1
0.4297197476746608,0.5701745596269538,2.8908544680617075e-05,3.4673457182532613e-07,4.021337963221984e-05,1.5272131208987572e-05,2.095190829152337e-05,1
0.6022727300095091,0.3943842266767381,1.3707084503855025e-05,2.1483807189244696e-07,0.0033120447119935484,7.826808473219421e-06,9.24987071038629e-06,0
0.46322829990858777,0.5345005692931281,1.0565758958157187e-05,1.6250363621250398e-07,0.0022461532042157084,6.0262378298437625e-06,8.223093644375424e-06,0
0.1947342431608615,0.8029815217572569,1.247738372799379e-05,1.4197818932230644e-07,0.002257868851963986,7.50806241746901e-06,6.238805582820058e-06,0
0.2089126426707836,0.7892079618040478,1.2204177324942141e-05,1.5139789775993113e-07,0.0018528836921618789,8.10369348153343e-06,6.052564302418504e-06,1
0.15769874740889275,0.8402713660717284,1.2197003874560436e-05,1.5130890812314044e-07,0.001996969433266232,8.098930240099732e-06,1.2469843089915513e-05,1
0.0829830599039274,0.9132342214395274,1.0479818019777073e-05,1.3000650308958168e-07,0.0037617474601493563,7.06307747660209e-06,3.2982943964121495e-06,0
0.10058337728819233,0.8941692716860067,1.294020101339998e-05,1.470333519021045e-07,0.005222599459886552,7.9340621461561e-06,3.7302694029870435e-06,1
0.31237487739079234,0.68328023673153,1.239949711451045e-05,2.4068434734983657e-07,0.004318860036661618,8.425331740485483e-06,4.960327813562576e-06,1
0.27868968574296793,0.6947643170344998,2.973151132371011e-05,2.3081331290140567e-07,0.026460936770835046,5.006161508361515e-05,5.036511976925926e-06,0
0.26306033299979575,0.7301950709407748,2.197253133991845e-05,1.729524263306324e-07,0.006673400744519434,3.9520093871728886e-05,9.529737271990188e-06,1
0.05881906873349003,0.9410069757618182,6.927106519084196e-06,9.536933798542798e-08,0.0001592277642732381,4.642954676806286e-06,3.0623098848107665e-06,1
0.043663463106337765,0.956156621154735,7.038628760753157e-06,9.690472687100642e-08,0.00016495089076045465,4.717703449919318e-06,3.1116112290442125e-06,1
0.034818893739925263,0.9607352894526122,6.4559347577342396e-06,8.888145426041965e-08,0.004432090827634034,4.327147618417345e-06,2.854015997853702e-06,1
0.06544859442576348,0.8662519137144358,3.605552224947894e-05,1.6379520982381123e-07,0.06819757411805522,5.644632567930983e-05,9.252098606945641e-06,1
0.02969298212839463,0.7861720330076886,2.5091384322452193e-05,1.1200189485067171e-07,0.18406290493228153,3.695390693765135e-05,9.922638480476698e-06,4
0.015883383142165308,0.5232687458182961,2.2230093327593502e-05,1.1556359946866746e-07,0.4607878848042581,2.986365730246975e-05,7.776921051038303e-06,4
0.0009151685974504266,0.020589133539120768,1.4338538735755365e-06,1.2564360203952424e-08,0.9784918688766567,2.0540554845883447e-06,3.2851305373758266e-07,4
0.001984216357088844,0.041018641604078164,2.9290896186115466e-06,2.361530833969098e-08,0.9569901753336082,3.690611783763353e-06,3.2338851424021605e-07,4
0.0026926006607537033,0.047854880581188385,3.464821001662021e-06,3.2813535793711e-08,0.9494446003711998,4.0319928648337795e-06,3.8875945569142927e-07,4
0.0054629696016352675,0.06406194709446832,4.515442405581688e-06,4.276343018266208e-08,0.9304651340909024,4.8843659982412366e-06,5.066411600939519e-07,4
0.975039828626625,0.024519605956977473,4.169121681524767e-06,7.789602697017493e-08,2.369426924668888e-06,2.6262759076855687e-06,0.00043132269585677356,0
0.9750961155949244,0.024616828520767256,3.3380490146861045e-06,7.02265789534972e-08,2.1745447441003795e-06,2.3676993494849826e-06,0.000279105364621128,0
0.9643410914234085,0.03539393489317733,3.452882621715709e-06,7.813878523799941e-08,2.2126229854345525e-06,2.4491515556889032e-06,0.00025678088746615863,0
0.9595245170480751,0.040333646667482216,3.875228569928043e-06,8.769648034641408e-08,2.5157766747441773e-06,2.6388193511843246e-06,0.0001327187633663982,0
0.9648506175635415,0.03495686707374962,3.7433663116900357e-06,9.260347504199458e-08,2.656545183918902e-06,2.7864726265234023e-06,0.00018323637511151025,0
0.8144897437048,0.1845981770742807,1.2082248469958788e-05,1.6580669922133314e-07,9.981595351554451e-06,5.836278908988465e-06,0.0008840132914896184,0
0.9169648022535606,0.08200681846553967,5.177164434461072e-06,7.932555919472437e-08,4.986223936908084e-06,2.6887223106440064e-06,0.001015447844658483,0
0.9083887562155822,0.09064675784624528,5.708990596991226e-06,8.747430708000951e-08,5.355050156271778e-06,2.9649223206457816e-06,0.000950369500791619,0
0.8328464332805857,0.16660503558936227,7.63690549710869e-06,1.4187296908965434e-07,6.7792407511063276e-06,4.880880768918392e-06,0.0005290922300659877,0
0.8704117708239609,0.12928600304095883,6.558927027081557e-06,1.2184705594782312e-07,4.986075751300103e-06,4.19192574837303e-06,0.0002863673594975441,0
0.6422757005249881,0.3576675938516234,7.395292789489756e-06,1.381739298076213e-07,5.335943192740581e-06,4.65855419125463e-06,3.9177659284950974e-05,0
0.7007001428440375,0.2992458652202213,6.5306367656822334e-06,1.373929131729427e-07,4.8478131046061026e-06,4.632222101532732e-06,3.784387085631426e-05,0
0.4603371665703574,0.5395475934221018,1.4125285847182775e-05,3.494316202306368e-07,1.4386878978842615e-05,1.0514525984827628e-05,7.586388510980251e-05,1
0.20074761861335783,0.7992052588395451,6.835303598849079e-06,1.279673235751152e-07,4.316890544957105e-06,4.41427669890868e-06,3.142810893090259e-05,1
0.10367154611182122,0.8962484235052319,4.296218649640096e-06,8.043177514170831e-08,2.7133111791585213e-06,2.7745216586599673e-06,7.016589968399713e-05,1
0.0917861315581158,0.9081269187935885,3.838157312784859e-06,7.185616727544254e-08,2.424018885775429e-06,2.478703125260588e-06,7.8136912804654e-05,1
0.09163693809417991,0.9082698795007133,4.923020573842385e-06,7.173936890602673e-08,2.4602516770972677e-06,2.5251752049625075e-06,8.320221828215679e-05,1
0.042057000085709714,0.9577545981615241,4.453723682928246e-06,5.602321200420866e-08,3.814973212621155e-06,1.9719775628455698e-06,0.00017810505509570427,1
0.04046313332609316,0.9593699814596055,4.7393849000135624e-06,1.0509602627538442e-07,2.753653912540659e-06,1.9536987416544787e-06,0.00015733338072059235,1
0.036076759770529265,0.963757323811905,4.030344171580116e-06,4.446082475926924e-08,3.2528951621919625e-06,1.806995625247255e-06,0.00015678172178202297,1
0.0746214810244294,0.9251877462045904,6.218328214251983e-06,8.010487991308e-08,3.740178147489718e-06,2.75586230677385e-06,0.0001779782974316378,1
0.08515647131831905,0.9146390381591455,6.487682675049339e-06,8.357472035777901e-08,3.902188519649582e-06,2.875235839353156e-06,0.00019114184078115,1
0.12226744628531284,0.8770045789363402,9.514242977596631e-06,1.2052569640974738e-07,5.562726888227958e-06,4.146466783218469e-06,0.0007086308160015571,1
0.109154357161108,0.8901746331228255,5.595098797513548e-06,1.0453903726612069e-07,4.824880758147473e-06,3.5245488847560364e-06,0.00065696064858868,1
0.1283747414893436,0.8710124893897501,5.5127611425898854e-06,1.0300063741153815e-07,4.809204303684898e-06,3.4726815093374664e-06,0.0005988714733135023,1
0.204763310684385,0.7944191582888663,8.444549780023582e-06,1.577782870504103e-07,6.952192796535063e-06,5.3195179542988e-06,0.0007966569879308306,1
0.7718875176821702,0.22663708206680183,7.465944959681005e-06,1.5248798898288982e-07,1.0511706422501003e-05,5.141154783549111e-06,0.0014521289568731088,0
0.5569573827438344,0.4409315004527362,8.670126716292197e-06,1.7708276639246906e-07,1.2555375328308198e-05,6.092209633292986e-06,0.002083622008985084,1
0.39492501967781674,0.6025031862455645,6.723755283604343e-06,1.3732915620820672e-07,1.0611890503853392e-05,4.83388947329106e-06,0.0025494872122018173,1
0.5089417521043239,0.4874278444075563,1.2913448423166575e-05,1.9097543749953212e-07,2.7407990093922803e-05,6.5701616467771165e-06,0.003583320912518452,1
0.4844847206687951,0.5135528463409386,1.0393785560817503e-05,2.0551112894520728e-07,1.4143481220485204e-05,7.070235602340095e-06,0.001930619976753809,1
0.44653523867386946,0.5520919387662488,1.123111039671903e-05,2.098424908643775e-07,1.3775786984092319e-05,7.219248210098685e-06,0.0013403865717999792,1
0.6905779199666806,0.3081372573497095,1.0353584670069496e-05,1.8978982560747115e-07,1.2015609214245575e-05,6.522085958220701e-06,0.001255741613941631,1
0.7480486017031438,0.25162993994976857,9.79285721425595e-06,2.2954960998061616e-07,1.1364870151452115e-05,6.168864075897909e-06,0.00029390220603628967,1
0.4980545887584304,0.5015959251349781,1.0588438219174817e-05,2.2434541658404871e-07,1.2256511731724952e-05,6.8061448032644275e-06,0.00031961066642088214,0
0.6358926236235599,0.364020341354856,1.0889968724016252e-05,2.0371698856515942e-07,1.226249447046113e-05,6.929415290805212e-06,5.674942611018933e-05,0
0.511843612052135,0.4881143894164022,1.5143922028812811e-05,1.9685071681704483e-07,1.4073193465317079e-05,6.695859666518185e-06,5.888705585395892e-06,1
0.6564442754992661,0.34351439149603935,1.2849289339734335e-05,1.7882311398115106e-07,1.50102906561001e-05,8.232626679933282e-06,5.061974905066248e-06,1
0.7302137384327974,0.26974250606727174,1.2855592924870627e-05,1.9478057816604321e-07,1.634974935479375e-05,8.967273574665638e-06,5.388103498449722e-06,1
0.786368412774317,0.2135949996207259,9.907144256728868e-06,1.8548385323205118e-07,1.5239594981227014e-05,6.653693407826216e-06,4.601688458092694e-06,1
0.8235206280177888,0.17643844169288964,1.2337161957481064e-05,1.9878080438489348e-07,1.6332089807722564e-05,7.130682831370097e-06,4.931573920259076e-06,1
0.5779598452541124,0.4219466707949772,3.189256544387227e-05,4.7297284861050253e-07,3.423986617813721e-05,1.6848563268444804e-05,1.002998317147642e-05,1
0.5614386860577429,0.4384650454633413,3.0980906692480676e-05,4.5945277486901473e-07,3.326110911631629e-05,1.6366941926973074e-05,1.5200068405169875e-05,1
0.4164034503374615,0.583467895150595,2.3702389203017726e-05,3.318910102394422e-07,7.502169362781426e-05,1.4618337677656353e-05,1.4980200424759289e-05,1
0.6582067529403951,0.3342916100819327,1.9854249508984972e-05,2.9003182823386974e-07,0.007452375703513514,1.040404773759586e-05,1.8712945083704675e-05,0
0.9001103322082868,0.09931072570135864,6.781004054410426e-06,1.0373704592390443e-07,0.0005615849373877752,3.779264926704606e-06,6.693146939564334e-06,0
0.6237892708659524,0.373129371246876,1.324819659893643e-05,2.07645689538654e-07,0.003045833377657935,8.548523204179065e-06,1.3520144021250837e-05,0
0.5242822829160245,0.4745198599843018,1.1157800808845658e-05,1.3978881994830666e-07,0.001172338500499533,6.25304744312087e-06,7.967962102245183e-06,0
0.2603314530397133,0.7378922348117395,1.051714075696813e-05,1.5080374574524408e-07,0.0017541518417237745,6.899462573196094e-06,4.59289974756554e-06,0
0.1963286393696706,0.8012408650321787,1.2813055129638623e-05,1.492906969599958e-07,0.0024048681159487013,7.948554202120045e-06,4.716582173102903e-06,0
0.13464751701576627,0.8615233455262125,1.0329631714520745e-05,1.281433794817602e-07,0.003808513915468794,6.914740929688332e-06,3.2510265289635e-06,0
0.08852151299308546,0.9058588228643112,1.3442603206808082e-05,1.5775932327051015e-07,0.005593718793140624,8.342597209517784e-06,4.002389723276809e-06,1
0.16352122271675867,0.8194254593140671,1.1967935793498383e-05,1.705077444416369e-07,0.017028076939919003,8.677043410121834e-06,4.425542307255096e-06,0
0.26944604944022976,0.7239685968426114,2.2205235498396935e-05,1.7478411100107202e-07,0.006522926348509436,3.555743084067669e-05,4.489918199584557e-06,1
0.12571858799372593,0.8684291170307258,1.0142675060537284e-05,1.1949675378939667e-07,0.00583189018166577,6.541235807379764e-06,3.6013862608085625e-06,1
0.057144663050897326,0.9426851067667473,9.996119933738205e-06,1.179483183883717e-07,0.00015033048271226266,6.298149854911738e-06,3.487481535902433e-06,1
0.05730077150828118,0.9425752302625374,9.588859525853299e-06,1.1863874849315601e-07,0.00010481157809649874,6.440881322633044e-06,3.0382714880186687e-06,1
0.0633152595105769,0.9365540966640661,7.727463657127517e-06,1.2712576492752616e-07,0.00011409251255529697,5.325242285383681e-06,3.371481094308151e-06,1
0.06842678479457537,0.901318160555766,3.7564978320652606e-05,1.704257097605798e-07,0.030162285719365044,4.367211040973998e-05,1.1361415853673533e-05,1
0.0031332933084479435,0.055687194646844226,4.0319014318442065e-06,3.818406257843385e-08,0.9411707230593608,4.266512902417026e-06,4.5238695023303405e-07,4
0.9703181542999076,0.0291360372721128,4.951485662216597e-06,9.198515977046982e-08,2.7522998381599833e-06,3.1012930744502356e-06,0.0005349113642448239,0
0.9597322819867405,0.04012237548743817,3.854929782673349e-06,8.723711848803206e-08,2.50259881579226e-06,2.624996983897676e-06,0.0001362727631203243,0
0.9648506175635415,0.03495686707374962,3.7433663116900357e-06,9.260347504199458e-08,2.656545183918902e-06,2.7864726265234023e-06,0.00018323637511151025,0
0.8745491179814461,0.12499344234601387,5.368864308754101e-06,1.2347281441195966e-07,7.096579209823866e-06,4.259237064432749e-06,0.00044059151914272176,0
0.8908068103318749,0.10838779944393562,1.2125754459356581e-05,1.6640373912796494e-07,1.0734417962987904e-05,5.857294292753196e-06,0.0007765063537353553,0
0.8497817881357205,0.14912575043833146,1.1782840996214363e-05,1.6169788081164763e-07,9.734243688858658e-06,5.6916513979293364e-06,0.0010650909919845042,0
0.9464577830646519,0.05075635845248838,5.003115225161406e-06,8.880611139357869e-08,4.804764410358416e-06,3.0100635337384657e-06,0.002772951733579025,0
0.9063691775436435,0.09249815840490766,5.635677764987801e-06,8.635099305967243e-08,5.427826704795021e-06,2.926847839999191e-06,0.0011185873481459746,0
0.8344712960816086,0.16495795601736934,7.999392474112301e-06,1.486069929299789e-07,6.671204321754761e-06,5.112552578358763e-06,0.0005508161446548853,0
0.6839071802855032,0.3160431224316234,6.817661601262899e-06,1.2738144686899005e-07,5.152580471756338e-06,4.294684055275972e-06,3.330497529822023e-05,0
0.6725447049836751,0.32740683716830243,6.26822360718272e-06,1.3187220981816122e-07,4.743485485353305e-06,4.4460907829265485e-06,3.286817593715768e-05,0
0.4711975648617183,0.52868672292459,1.4008534630293761e-05,3.4654342615635097e-07,1.4267965588615552e-05,1.0427619162762528e-05,7.666155088386705e-05,1
0.09952888632261526,0.9003965212072937,4.316102795866461e-06,8.080403673000011e-08,2.7258691704163775e-06,2.7873629497738713e-06,6.468233113783567e-05,1
0.10344942643294584,0.896441930549305,4.464981212944978e-06,8.35912680937753e-08,2.8198945230199803e-06,2.9423537000761395e-06,9.833219704481267e-05,1
0.09601130341523155,0.9038964270746533,5.728620181324831e-06,8.34787485338121e-08,2.816098752264154e-06,2.93839309089843e-06,8.07029193420208e-05,1
0.03548243759498804,0.964351782072488,3.977273733356982e-06,8.819618444243395e-08,2.4275748182548203e-06,1.6395365331169265e-06,0.00015764775125465426,1
0.04114545637556156,0.9586655346752349,5.041987680758276e-06,5.712125175385013e-08,3.2821056300384576e-06,1.9651524950163587e-06,0.00017866258214597366,1
0.05622425479026414,0.9435423719781847,4.165679240274642e-06,6.172934211295861e-08,2.7199831839690606e-06,2.1236854400835596e-06,0.00022430215434464867,1
0.10443352440702439,0.8949799614697594,5.625302182169959e-06,1.0510335844585796e-07,4.850926362476105e-06,3.5435750556172046e-06,0.0005723892162573046,1
0.19677993121471807,0.8025594628987609,7.302657809514168e-06,1.5363485466328443e-07,6.802703533451978e-06,5.179821527193495e-06,0.0006411670687961762,1
0.1931974677766257,0.8059899176792723,7.155473139171093e-06,1.505383525367079e-07,6.665595414308242e-06,5.075422506480425e-06,0.0007935675146893542,1
0.18481610283524075,0.8140069982358477,7.785555559959179e-06,1.6379415934961236e-07,7.695650285749206e-06,5.522343966069045e-06,0.001155731584940439,1
0.41469298143661026,0.5808555799868677,1.1982479558827375e-05,2.7116369116558345e-07,1.4997825754048163e-05,8.159415209821136e-06,0.004416027692308097,1
0.7794546242337057,0.2192522271201761,7.572078246583279e-06,1.7215359297164102e-07,7.124474755466785e-06,4.779488413866988e-06,0.0012735004511090935,0
0.570698963162456,0.427137833317561,8.884041186596233e-06,1.8145185665058908e-07,1.2865148939549256e-05,6.2425202157482716e-06,0.002135030357784453,1
0.38340223179706306,0.6149028199524054,6.748062774012444e-06,1.401554171693517e-07,1.083028529111557e-05,4.821791527386225e-06,0.0016724079555218705,1
0.4974762675866374,0.5003580036857276,1.0887499568310125e-05,1.6133699856415132e-07,1.1782699728490202e-05,5.550505206591914e-06,0.002137346686133046,1
0.5277481047434307,0.46919358777211706,1.1633283729641095e-05,1.7204323562703393e-07,1.2564593389935872e-05,5.918833767860573e-06,0.0030280187303292727,1
0.5704419940898584,0.42493090406729067,1.1478999902112664e-05,2.1809952017801544e-07,1.4837148963133367e-05,7.392435071322906e-06,0.0045931751593941,1
0.5685949437524156,0.4288020730148991,1.217761615605481e-05,2.3137313905358504e-07,1.592333059491671e-05,7.959970895775629e-06,0.0025666909418995314,1
0.488761376993071,0.5098874682503189,1.0920783714953808e-05,2.04044335420877e-07,1.339514837290684e-05,7.019773246115256e-06,0.0013196150069406851,1
0.7704911614053847,0.2288698054209198,9.693496287514977e-06,1.7768985607974826e-07,1.086384219054661e-05,6.1062731447620996e-06,0.000612191872216418,1
0.7698842165451225,0.22939853157748363,9.630507956179144e-06,2.2574405986824224e-07,1.117645953779163e-05,6.066594586617422e-06,0.0006901525712533663,1
0.7701629459193577,0.2291523484888042,9.62017280635103e-06,2.2550179864046897e-07,1.1164465322699702e-05,6.060084113412435e-06,0.0006576353677968472,1
0.4978462349178824,0.501369985509258,1.03712656957013e-05,2.24251564965753e-07,1.2251384399603809e-05,6.73403263482462e-06,0.000754198638564402,0
0.6078094476838047,0.39210029471752966,1.0475607261238862e-05,1.9596559170501008e-07,1.1812867484218636e-05,6.6657522143669985e-06,6.11074061141255e-05,0
0.6206863360310972,0.37922589019164527,1.0756458883719084e-05,2.0121944028945385e-07,1.2112157612763309e-05,6.844461407807561e-06,5.785947991288516e-05,0
0.6142010114584069,0.3857067684288643,1.1538736075018181e-05,2.1585338072338837e-07,1.2993029723214628e-05,7.342233593239233e-06,6.0130259956588945e-05,0
0.5410539133560318,0.45890344146481804,1.5090097246312131e-05,1.9615106668693842e-07,1.4023174284293861e-05,6.6720611294206145e-06,6.66369542341235e-06,0
0.49929823568535636,0.5006616060361023,1.4648661802926967e-05,1.9041299676730402e-07,1.31461986268654e-05,6.476881190227147e-06,5.696123924393572e-06,1
0.8158042492705022,0.1841593695533912,1.004611396578533e-05,1.8929932683385293e-07,1.4658853450613496e-05,6.790562418846181e-06,4.696346944692079e-06,1
0.8465429805969431,0.1534120688052494,1.3422488155485623e-05,2.2676617740785255e-07,1.7197377828648086e-05,8.749294926501056e-06,5.354670719431969e-06,1
0.731302986850373,0.2686314628233293,2.020985106288263e-05,2.666302006252776e-07,2.4942789454821193e-05,1.205146669768203e-05,8.079588881739692e-06,1
0.5590531512833087,0.44046314828140826,2.2739961123062492e-05,3.110500852016269e-07,0.0004329522471946142,1.4059209100573211e-05,1.3637967779547075e-05,0
0.8795886330871103,0.11976907563469717,7.4291585572721266e-06,1.4068839608097926e-07,0.0006227330939471051,4.1387372053994125e-06,7.849600086447215e-06,0
0.1415337828381486,0.8582346909363859,1.1706172658740845e-05,1.452199426606209e-07,0.00020821755656678795,7.773013497146377e-06,3.6842628002599004e-06,1
0.16469643017767488,0.8326764137521556,1.1646434076896149e-05,1.4447886069617236e-07,0.002595777190095571,7.681009740202842e-06,1.1906957396221527e-05,0
0.09430096680639755,0.9017637220165917,1.0340164458999236e-05,1.2199227657083747e-07,0.0039151712271623465,6.58282145610416e-06,3.0949716564709195e-06,0
0.08159983366236166,0.9113379745093765,1.2422920573572923e-05,1.411557401971235e-07,0.00703842969836083,7.616900523061616e-06,3.5811530642646077e-06,0
0.09167227903124678,0.9024807575653925,1.1404337723742717e-05,1.3383870474840887e-07,0.005824807642512857,7.2220661999321155e-06,3.3955182195044573e-06,0
0.1500122497408076,0.8320727464507998,1.1500835547493077e-05,1.523274651399829e-07,0.017890759444509387,8.338384414836408e-06,4.252816455772107e-06,1
0.26604963291459033,0.7098232826987614,3.105356852886558e-05,2.407041924635081e-07,0.024038377391313384,5.116522581644077e-05,6.247496797106196e-06,0
0.16760322323662497,0.8249831799991854,9.094261380863923e-06,1.2094123574654152e-07,0.007394389090840547,6.620306550320967e-06,3.372164182258625e-06,1
0.08447457468958984,0.9130716047739086,1.0705696154687316e-05,1.256396067428226e-07,0.0024323299299877222,6.872751544135176e-06,3.786519208165652e-06,1
0.0597038509227,0.9401775978459352,1.039352364430127e-05,1.243276989628121e-07,9.769676652371678e-05,6.660507212456911e-06,3.676106285011606e-06,1
0.05229519173410404,0.9475859351452193,9.498656925098652e-06,1.1406679251119447e-07,9.969501344654311e-05,6.192670461795994e-06,3.3727130507493828e-06,1
0.06141703392113352,0.9383915420039162,7.110840457107648e-06,9.789890555977919e-08,0.0001763056972955195,4.766103980845977e-06,3.143534311349369e-06,1
0.05622120391657818,0.9436374274705596,7.213987659493935e-06,9.931899060965234e-08,0.00012603093365370934,4.835239309485647e-06,3.1891332488838043e-06,1
0.04246328165574197,0.9574155836836568,6.131237950408033e-06,8.441217162614838e-08,0.00010809901855779706,4.109516699076641e-06,2.7104752222207332e-06,1
0.0402416099662479,0.9570040741039006,6.430861792139249e-06,8.85362646436822e-08,0.002740643257721227,4.310342240508121e-06,2.842931833033726e-06,1
0.03289767980735993,0.9648512309193206,5.722011134293341e-06,7.877723211205371e-08,0.002238923690432939,3.835228790478773e-06,2.529565729828037e-06,1
0.06963860349977787,0.8954706233475584,3.732126570276851e-05,1.6932002841222482e-07,0.03479757228925479,4.3887002034157715e-05,1.1823275643587559e-05,1
0.009705393314740147,0.24083222748666594,6.970711182757568e-06,3.1115575405977114e-08,0.7494389635041785,1.4735895479612374e-05,1.6779721777694333e-06,4
0.015633383965723047,0.29758846282441903,1.0870472739223683e-05,7.370484395637876e-08,0.6867442707085907,1.823952584149845e-05,4.698797842646821e-06,4
0.001035359723132405,0.019147159589870587,1.4599050304261658e-06,1.196172452849613e-08,0.9798138540861376,1.8966150923636853e-06,2.581190121930199e-07,4
0.9778979841075438,0.01918374069314872,5.304699291668283e-06,8.506714273024447e-08,2.9676315207509186e-06,2.883332016608803e-06,0.002907034469335816,0
0.9687145590979223,0.03071941311203233,5.6456690350009584e-06,1.0488120205184616e-07,3.138163983773291e-06,3.5360850203994216e-06,0.0005536029908040287,0
0.9588604618213583,0.0408025062876382,3.996633585170721e-06,8.408202000101058e-08,2.665875469512297e-06,2.834837564728927e-06,0.0003274504623639541,0
0.9598735806189082,0.03973552134490927,3.5719917524728616e-06,8.678091230501107e-08,2.5349262393574586e-06,2.6589054908546587e-06,0.00038204543178790043,0
0.9602401950678484,0.039318896443423124,4.218330912251397e-06,1.0435315938268034e-07,2.9936120956483067e-06,3.212687786576508e-06,0.0004303795047745641,0
0.9516967645528825,0.04747884426591826,4.1807996599427955e-06,1.0342471046877074e-07,2.9669773879373618e-06,3.184103922860038e-06,0.0008139558755180037,0
0.9104693841879776,0.08874646735352167,1.182453588968258e-05,1.8798343460156675e-07,1.3357075379761975e-05,6.48455302462766e-06,0.0007522943107720628,0
0.9088714238049641,0.09028571067835038,1.0999524899738858e-05,1.748676217763902e-07,9.547900791041891e-06,6.155216994436182e-06,0.0008159880063785665,0
0.9080308651345276,0.09083728303723626,5.835933293361007e-06,8.941934871480688e-08,5.504599928645673e-06,3.0308490773141293e-06,0.001117391026588111,0
0.0455834295800594,0.954191629298412,4.015336705361527e-06,5.950148316451754e-08,2.6218169202670115e-06,2.047040015891181e-06,0.00021619742640393557,1
0.0714782081506558,0.9281604167885058,4.844797693707002e-06,7.88490444419019e-08,3.6815419147004124e-06,2.71265757764518e-06,0.00035005721460782167,1
0.11678156050387196,0.8826122041969977,7.358928556530181e-06,1.1976650450282384e-07,5.527687246394143e-06,4.0379451630301115e-06,0.0005891909716598713,1
0.19268383223670602,0.806265879972979,7.265184451775492e-06,1.5284648226242705e-07,7.136557391995507e-06,5.1532414367423e-06,0.001030579960551946,1
0.17256933323551116,0.8263951898860249,6.975185579625756e-06,1.467454248477972e-07,7.008965601980533e-06,4.947543396384173e-06,0.001016398438461268,1
0.3444196730545513,0.6518678473858026,9.63761530741056e-06,2.1809937817637518e-07,9.684289171039653e-06,6.5626905132301605e-06,0.003686376865276311,1
0.7497198452497761,0.24802089715261685,7.40773370021357e-06,1.5129905470326588e-07,1.0727280001982867e-05,5.205168054176945e-06,0.002235766116796134,1
0.6535670929763561,0.34241329944892235,1.1453308143878544e-05,2.251666375418741e-07,2.4857144358602447e-05,7.63197345366828e-06,0.00397543998212782,1
0.5825375210878618,0.4127469417845261,1.130534622424604e-05,2.1480012265707915e-07,1.4612693391352336e-05,7.280602720989914e-06,0.004682123685152809,1
0.5417949405477861,0.45217971888898434,1.1718393840298485e-05,2.2264797418072378e-07,1.5322856031041133e-05,7.659797510338978e-06,0.005990416867873674,1
0.5628226856611656,0.43523111505068923,1.2360195511636122e-05,2.3484212330188763e-07,1.616206955675224e-05,8.079314972479352e-06,0.0019093628659810576,1
0.6933147878341771,0.3054306353677005,1.01098519431244e-05,1.8532200183282556e-07,1.1732750929601342e-05,6.368550168769647e-06,0.0012261803230788429,1
0.7950788320101445,0.20404246106269203,8.83274927227058e-06,1.9154586003864398e-07,1.1542211418741555e-05,6.265125111737042e-06,0.0008518752955008704,1
0.5072871205694565,0.4917375130035877,1.1445982482193876e-05,2.682997165329544e-07,1.32491511656627e-05,7.210225637209736e-06,0.0009431927679542646,1
0.5891974807171988,0.40986776489745036,9.722436779274391e-06,2.4912790805104595e-07,1.230241073679333e-05,6.831632909640775e-06,0.0009056487770171687,0
0.6052981886626282,0.39461787428957873,1.028423689725115e-05,1.923856554131621e-07,1.1597067798928966e-05,6.543980999037526e-06,5.5319376442418744e-05,0
0.5010243876567869,0.49891682627505785,1.4511309941955157e-05,1.8862760641485674e-07,1.348530927851876e-05,6.416151295801346e-06,2.4184670032577657e-05,0
0.45838265781181375,0.5415781541198776,1.4247860526142083e-05,1.8520311662620314e-07,1.27865061672127e-05,6.428225925802335e-06,5.540272572759137e-06,1
0.46306653624768224,0.5368913598872163,1.514838307875496e-05,1.9690870449534888e-07,1.4134615083356268e-05,6.73351797268767e-06,5.890440262163316e-06,1
0.48340347327396294,0.5165547142658903,1.5056300871489643e-05,1.9571175904939467e-07,1.4048695249605401e-05,6.657118119108102e-06,5.854634147524903e-06,1
0.564139144255036,0.4358189171408803,1.4953936448548867e-05,1.943811585620099e-07,1.4363598815949993e-05,6.611857861590169e-06,5.8148297990892536e-06,1
0.6686710635121635,0.3312935638762615,1.1481630614070732e-05,1.573846248085455e-07,1.3729227924684208e-05,5.549256298036528e-06,4.455112113236651e-06,1
0.8148676410125137,0.18509530270790056,1.0939301630384347e-05,1.877317136914693e-07,1.4537461516971673e-05,6.734328859699388e-06,4.657455865073216e-06,1
0.6165540619885583,0.3833930867324858,1.5450992447136143e-05,2.574833569422929e-07,2.0908724246733143e-05,9.23646605814559e-06,6.997612846884133e-06,1
0.6449645881000307,0.34628037012966606,2.3855840392061728e-05,3.4705403396210364e-07,0.00869987679776837,1.244955341230814e-05,1.851252469640439e-05,0
0.5558163801941356,0.44411472663711465,1.5910781716590858e-05,2.0422628417442438e-07,3.496082423911957e-05,9.135470522944566e-06,8.6818659868752e-06,0
0.5558161859044561,0.44411457139356486,1.5902664298868136e-05,2.3605814601627792e-07,3.496081201830784e-05,8.58861755736132e-06,9.554549958391227e-06,0
0.5152439562069234,0.48468824209325906,1.529840607942116e-05,2.27193031891184e-07,3.482232447059788e-05,8.262273326282284e-06,9.191502909357715e-06,0
0.4500613681342244,0.5498729689873412,1.5188684964838022e-05,2.123772679493414e-07,3.313413105972841e-05,8.400881815806325e-06,8.72680332619702e-06,0
0.1290489256940738,0.8684272217780059,1.2926093241309465e-05,1.5060775509356663e-07,0.0024992289375421937,8.182315634395521e-06,3.3645737471745562e-06,0
0.08385522265232062,0.9160992372326866,1.0814773787067092e-05,1.2759167227119917e-07,2.4815471557109325e-05,6.9318829843437325e-06,2.8503949920445644e-06,1
0.11527585145156376,0.8846341274242803,1.1283998009133014e-05,1.399826904693132e-07,6.755306554152348e-05,7.492685387761761e-06,3.5513925272760583e-06,1
0.19343068452048437,0.8037493287929057,1.3436599512506238e-05,1.6668660779600757e-07,0.002783784580289647,8.861652506624621e-06,1.3737167693490335e-05,0
0.13018861679842295,0.8646349999359739,1.0805305821290572e-05,1.3404431469978618e-07,0.005152958838129392,7.1262721886562415e-06,5.358805149200684e-06,0
0.0760025985102392,0.9181223755564345,1.1601995449539369e-05,1.3615837070753465e-07,0.00585248617321356,7.347237622877574e-06,3.4543686696950965e-06,0
0.1489901488528987,0.8458958125312164,1.195432498509978e-05,1.4522046589053962e-07,0.005090251280948614,8.00351341053014e-06,3.6842760747213157e-06,1
0.12475760583468765,0.8693836271648698,1.0193457890514195e-05,1.1962809538107344e-07,0.00583830014440245,6.548425427978065e-06,3.6053446261091897e-06,1
0.08447457033028304,0.9130715576548877,1.0705695602220325e-05,1.256396002591961e-07,0.0024323298044674406,6.924356146371715e-06,3.7865190127624906e-06,1
0.05229519705694629,0.9475860315948218,9.498657891915117e-06,1.1406680412143094e-07,9.96950235939546e-05,6.090886547971868e-06,3.372713394039443e-06,1
0.008571168033802189,0.19688181025842252,6.28365924999253e-06,2.804874109577757e-08,0.7945254208083341,1.4082823069048082e-05,1.2063683810483454e-06,4
0.0013711525685325193,0.03322714740389918,1.2632118417065662e-06,1.2098560763974822e-08,0.9653975543995622,2.347486379545132e-06,5.228312240500235e-07,4
0.0021083655911148568,0.039796404998789864,2.8813658744069207e-06,2.7287932683759297e-08,0.95808797798871,4.0194728887827306e-06,3.2329468923357685e-07,4
0.9664768789511003,0.03054970226014306,6.002546252816955e-06,1.115110117975839e-07,3.5603751037356975e-06,3.7596100227007217e-06,0.0029599847463653564,0
0.9574582702842502,0.042175682244052104,4.326455769669669e-06,9.102088865705016e-08,2.94198564251368e-06,3.068782533256391e-06,0.0003556192268634062,0
0.9587937825918951,0.040318237607115844,6.176555917877286e-06,1.2615289770334953e-07,6.417669430943397e-06,4.3516874564062315e-06,0.0008709077352865004,0
0.9191163415248154,0.08025533648654809,9.316647388891051e-06,1.4811366733332928e-07,8.939668821716861e-06,5.109231733799966e-06,0.0006048083270247167,0
0.9129274518805026,0.08626719757717356,1.0509948702307196e-05,1.6708446513066673e-07,9.122934712475712e-06,5.881255368095906e-06,0.0007796693190757953,0
0.9192096783417517,0.07988219342249075,1.2512377237084301e-05,1.7170942761618016e-07,9.691235612365494e-06,6.044050786711851e-06,0.0008797088626939314,0
0.8638167949760807,0.1350647567176454,1.1642114915937392e-05,1.597666734769287e-07,9.643853441307693e-06,5.623674261363471e-06,0.0010913788969816715,0
0.9107006456509628,0.088002247695984,5.744786957963028e-06,8.802278615328815e-08,5.4186898590468825e-06,2.9835128977084105e-06,0.001282871640552479,0
0.8761326561818686,0.12359241583086629,8.433440650746845e-06,1.226479102809581e-07,5.018847329896781e-06,4.2194776811928286e-06,0.0002571335736927776,0
0.6154458209709067,0.38451868327968475,7.082573263065959e-06,1.3233106636413946e-07,4.675922241849703e-06,4.461561198282237e-06,1.9143361639011664e-05,0
0.3189386965062753,0.6809672950403295,1.233600112876577e-05,2.797240334276798e-07,1.172153150628332e-05,8.767560815621892e-06,6.090363591109782e-05,1
0.1976004042284098,0.8023490607969916,6.174135630401088e-06,1.3015339766820857e-07,4.390636266281899e-06,4.48968607422132e-06,3.535036322991542e-05,1
0.043366547634998524,0.9563996871202272,4.983608919146819e-06,5.836407491575637e-08,4.095927903012563e-06,2.054374286884214e-06,0.00022257296959047086,1
0.03890646992046582,0.9608524663343186,5.764404288936357e-06,5.893877686674713e-08,3.2018082453602826e-06,2.0276811319194093e-06,0.00023001091277255898,1
0.05722559744636504,0.9425310109279071,3.381636068633413e-06,6.437956918436416e-08,2.8367602760484147e-06,2.214861669277131e-06,0.00023489398814454513,1
0.052401523962191554,0.9473800639942764,3.1054055670862643e-06,5.912069438995961e-08,2.605038204862164e-06,2.0339396725439866e-06,0.00021060853939315166,1
0.07147847138533132,0.9281638349492637,4.844815535770785e-06,7.884933482134993e-08,3.6815554728115684e-06,2.712667567620527e-06,0.0003463757774938568,1
0.13665023485573025,0.862506115439824,9.403413172056694e-06,1.5304047557489317e-07,7.063409661400659e-06,5.187273122143333e-06,0.0008218425680146772,1
0.2116479723481698,0.7872396542126677,8.985733792937738e-06,1.6788978958884662e-07,7.838944679627643e-06,5.660428736787941e-06,0.0010897204421634911,1
0.16977627041049553,0.8285401771924783,6.862291062536505e-06,1.552937491138181e-07,6.895524349715927e-06,4.8674665989804726e-06,0.0016647718212656603,1
0.18279943475847218,0.8158858506726598,8.482364737347934e-06,1.6720599110165752e-07,7.4244648586262504e-06,5.031289775941956e-06,0.0012936092435052043,1
0.15206402845458777,0.8468426571737311,7.056162698131586e-06,1.3909242455948905e-07,5.828516830610145e-06,4.185342217622235e-06,0.0010761052575102468,1
0.1772370406130746,0.820828261940212,7.685333061022708e-06,1.7391920181733666e-07,7.633709499066292e-06,5.451255511558154e-06,0.0019137532294401076,1
0.27231725583730915,0.7253286040255674,8.155703366476005e-06,1.8027140269038947e-07,8.1009202549707e-06,5.784892154201506e-06,0.0023319183499449637,1
0.773589650685832,0.22508228187050092,6.720992418907708e-06,1.3727272615364606e-07,9.462847577492896e-06,4.6281699786521105e-06,0.0013071181609658822,0
0.37714824639575717,0.6210949781392604,6.931234118290473e-06,1.4156680200236392e-07,1.003725189851993e-05,4.870347648634658e-06,0.0017347950645149187,1
0.5632055593469245,0.43516401403652105,1.2584149219250897e-05,2.3512271933041013e-07,1.5435389101960488e-05,8.088968367119913e-06,0.0015940829871468204,1
0.7731918307491729,0.22540079040531444,9.43376805399475e-06,1.7292882135448632e-07,1.0572755625111245e-05,5.942661224951106e-06,0.001381256731787557,1
0.7819868508231309,0.21658385103026578,8.473431466696815e-06,1.7489587842194778e-07,1.107267221292817e-05,6.010258712001034e-06,0.0014035668883331256,1
0.7986484099907719,0.1997292238552104,8.653972328204539e-06,1.7862233241978223e-07,1.151191166474621e-05,6.13831749078667e-06,0.0015958833302015857,1
0.5933661142164854,0.4053381113987713,1.0035250667073734e-05,2.1762314999278627e-07,1.3079805015750562e-05,7.1180669821840666e-06,0.0012653236389281821,1
0.5271343941003415,0.4728059609246024,1.0727296891892262e-05,2.0067391134386373e-07,1.2671957468577844e-05,6.8259052891265715e-06,2.9219141495153806e-05,0
0.49369483199843334,0.5062459944748111,1.4606953893273513e-05,1.8987084976624297e-07,1.3574190866005124e-05,6.458440108089243e-06,2.434407103858599e-05,0
0.4554082065262519,0.5445481019970791,1.5719583564680347e-05,2.0433354628248472e-07,1.4667589392363837e-05,6.98741891498564e-06,6.11255125068069e-06,0
0.549790349950102,0.45016828803782705,1.2014962792549834e-05,2.103581244453512e-07,1.5873812996893154e-05,7.545985494239559e-06,5.7168926626785565e-06,1
0.6384047520204834,0.36154085783569073,1.5227803029236069e-05,3.409251654953888e-07,2.297041623683759e-05,9.563806626101628e-06,6.2871927680454236e-06,1
0.7347669821985601,0.265161330425196,2.2842061023088125e-05,3.4127919579014705e-07,2.6986709783602118e-05,1.2242397899812178e-05,9.274928341759374e-06,1
0.6672437876149995,0.3326567601243254,2.1597842941052486e-05,2.9937340606479054e-07,5.6041408463525476e-05,1.2879149091004489e-05,8.634486773461541e-06,0
0.7015386105719269,0.2979082877450976,1.8671921766511743e-05,2.709260305606722e-07,0.0005039671318819489,1.224563469246996e-05,1.7946068603947065e-05,0
0.7211535486402115,0.27435878207512615,1.550026525737565e-05,2.5949037290445255e-07,0.004447384910735026,1.0682906440115885e-05,1.3841711856884544e-05,0
0.4221445500596493,0.5777697549549852,1.9006262955052634e-05,2.4600433381060497e-07,4.3665322369224735e-05,1.1004290408202206e-05,1.1773105299364865e-05,1
0.4635266024528787,0.536411076127281,1.8454761025299714e-05,2.3220468155813676e-07,2.6889136804292886e-05,9.765236194361821e-06,6.980081134975755e-06,1
0.2509576711585304,0.7489725917740296,1.414516829764702e-05,1.9778619443964137e-07,4.234843749875441e-05,7.823711361998759e-06,5.22196408700236e-06,0
0.23841760628288902,0.7612559598248303,1.2528047838218813e-05,1.5541564623661924e-07,0.0003021378820287834,6.9875741610524775e-06,4.6249726065336855e-06,0
0.06976082161893984,0.9299991794829343,1.1806823456609536e-05,1.3415532157066288e-07,0.00021777241540959312,7.288477173323748e-06,2.997026764790373e-06,1
0.093627520021703,0.90632082724314,1.1360383522659582e-05,1.3402872402487915e-07,2.988252503207861e-05,7.281599299886894e-06,2.9941985785609452e-06,1
0.14897632908325711,0.8507521797121216,1.1472606129502883e-05,1.42322452680576e-07,0.00024864760018485175,7.61792303016162e-06,3.6107528239300454e-06,1
0.11123143467715968,0.8860610998395423,1.2037383963375233e-05,1.4201591081768533e-07,0.0026840197914730335,7.663316163265337e-06,3.602975787515633e-06,0
0.0853650023735095,0.9081591371940418,1.2788842685105e-05,1.500869389935853e-07,0.006451176895518613,7.936867707564563e-06,3.8077395983498672e-06,0
0.11203289664730827,0.8835692518750374,1.3822989370235036e-05,1.6222344847010765e-07,0.004371113497849452,8.637121396552928e-06,4.115645589566583e-06,1
0.3046765772581516,0.685848383647616,1.5306102205523943e-05,1.8764621560119622e-07,0.009434868174493067,8.72669760076595e-06,1.5950473717244422e-05,1
0.2766491590052902,0.7036691941750521,2.6736472352796762e-05,2.3408006363782892e-07,0.01959884353069649,4.975716954731511e-05,6.075566997302965e-06,0
0.28393909209966944,0.706229090182177,2.096316780674876e-05,1.8071978641149992e-07,0.009767568578168117,3.841465570918612e-05,4.69059668310817e-06,0
0.08576304889581367,0.9117401745678275,1.0873876983360818e-05,1.2811146890355205e-07,0.0024748529439930834,7.060587866349006e-06,3.8610160471337866e-06,1
0.08254959565754584,0.9153159226130634,1.0663437053006647e-05,1.2805288107972045e-07,0.0021128913559768482,7.012588891166513e-06,3.786294588605381e-06,1
0.05231653489642978,0.9475833071109863,9.40247204815755e-06,1.1291173443432414e-07,8.125511938518291e-05,6.048928982396613e-06,3.3385604339845018e-06,1
0.06084273069515825,0.9390722343375647,1.5163299591494979e-05,1.1275931504262766e-07,6.086037790296222e-05,5.564476751558708e-06,3.334053715944617e-06,1
0.0524088200641327,0.9474801981737389,7.165100365676089e-06,9.864593197622983e-08,9.533503069723549e-05,5.215463800663491e-06,3.1675213330445446e-06,1
0.033860172542226494,0.9660253510062524,5.33053110652935e-06,7.338839403434571e-08,0.00010314319452347145,3.5728358244148745e-06,2.3565016726455936e-06,1
0.0067320891982845365,0.15149795773690763,4.835192962920106e-06,2.1583136540262458e-08,0.8417532828015754,1.0885202566003728e-05,9.28284567108125e-07,4
0.0036100452468017154,0.05666601808009824,4.10277085931469e-06,3.885523043786072e-08,0.9397134577455618,5.87696281471871e-06,4.603386337501255e-07,4
0.9490694760752775,0.05046473601783479,5.791938547162297e-06,1.0821679858342379e-07,3.4344581544105572e-06,3.6485451438405886e-06,0.0004528047482438503,0
0.9620811778692382,0.03761167898962544,3.6960204820329295e-06,8.364099864400098e-08,2.3994357881831557e-06,2.5167884150232746e-06,0.00029844725545246037,0
0.9691378694947186,0.03048324940179953,3.624892492987072e-06,8.967266720757887e-08,2.5724681724030976e-06,2.760724106790605e-06,0.00036983334604258664,0
0.9331003945649738,0.06621751331445021,8.8738765058266e-06,1.4107460955410184e-07,9.812392043783912e-06,4.965726790298789e-06,0.0006582990506263561,0
0.8346087500976807,0.16516618343305037,7.4115082436149e-06,1.38476899964972e-07,5.6665818280108605e-06,4.668768874287213e-06,0.00020718113342306502,0
0.6860282672421817,0.3139416272497592,5.7359135947415735e-06,1.2067335954605084e-07,4.3406592660031485e-06,4.068519913045309e-06,1.5839741925704607e-05,0
0.7836883430944371,0.21628458909886894,6.789234041865872e-06,1.5364046764620942e-07,5.10680074187806e-06,4.623098185335606e-06,1.0395033257404407e-05,1
0.12555423300468857,0.8743735893951793,5.3332271838414434e-06,9.9846158823019e-08,3.3682421959881805e-06,3.444227479754034e-06,5.993205711378172e-05,1
0.0903868895456467,0.909514739579337,4.012708904049567e-06,7.512403967304653e-08,2.534258336450994e-06,2.6443132295670448e-06,8.910447050661696e-05,1
0.04929775315772299,0.9504288437643956,5.158627786083029e-06,6.041375706924376e-08,3.088906607690867e-06,2.0784251358765848e-06,0.0002630167045946498,1
0.03801800513040908,0.9617788299296129,4.5195861634598455e-06,5.31576589587948e-08,2.7252183352517114e-06,1.8287923132753024e-06,0.00019403818550714697,1
0.1188166703543016,0.8809035398994589,7.932415386843101e-06,1.290999981652991e-07,5.958464065810699e-06,4.375815927361588e-06,0.0002613939508615125,1
0.11934399695010874,0.8796870103318815,4.93226111875295e-06,1.244942106290375e-07,5.431406259313402e-06,3.746076590766558e-06,0.0009547584798303265,1
0.7624866292232734,0.2362747220321259,7.237663465293425e-06,1.3550011483717317e-07,9.340653233635056e-06,4.568406129644433e-06,0.0012173665216572492,0
0.39203342736671687,0.6062941861297333,7.20479411807523e-06,1.471541207488337e-07,1.0433399334941528e-05,5.062569160557963e-06,0.0016495385868153909,1
0.5327289451678797,0.46371567929260593,9.49180163815444e-06,1.8767665149209223e-07,1.7814440205611003e-05,6.456672930161088e-06,0.0035214249480889346,1
0.5172194106456988,0.4812178714366146,1.2630754769611434e-05,2.3599349919369216e-07,1.5492554254057174e-05,8.118925960281784e-06,0.0015262396892032353,1
0.4574224235555179,0.5411955281250864,1.1170482660034556e-05,2.0870971994218474e-07,1.3701422584100582e-05,7.180277292346012e-06,0.0013497874271393032,1
0.8117885916131921,0.18735898639085302,8.226141276211057e-06,1.6979168477146234e-07,1.0942791139373993e-05,5.8348542105778556e-06,0.0008272484176438441,1
0.6139940759070214,0.38449380897957597,1.0542431184427474e-05,2.286218011937609e-07,1.3987904017324898e-05,7.4778133417272115e-06,0.0014798783430580835,1
0.5305792826405726,0.4680893585055298,8.7256833515844e-06,1.784350555351974e-07,1.1267640220411186e-05,6.193312893207819e-06,0.0013049937823767946,0
0.5067617827996351,0.492937868466326,9.193359272892806e-06,1.719787736158526e-07,1.0487587153567867e-05,5.969221422317586e-06,0.0002745265874164097,0
0.46918478782363243,0.5307623624173983,9.633175187821048e-06,1.8020634304078733e-07,1.13794917300825e-05,6.129702769327524e-06,2.5527182939023537e-05,0
0.5145250676832114,0.48543420249569424,1.1831322039170745e-05,2.0714293975276825e-07,1.563119227237824e-05,7.430650100774249e-06,5.629513742436486e-06,1
0.5303134928711247,0.469646136866812,1.141105340600126e-05,1.9978487107097725e-07,1.6163179122112234e-05,7.166700801526538e-06,5.429543862645398e-06,1
0.825789916794104,0.17414706168880256,1.782034459385635e-05,3.9896785624171005e-07,2.6252564172003225e-05,1.1192049790697065e-05,7.357590680642767e-06,1
0.7505227429840355,0.2494072321306332,2.28555321239928e-05,3.4148046512738005e-07,2.0134641175680865e-05,1.2249617851516923e-05,1.4443613715082789e-05,1
0.6091652930773697,0.3907471463725363,2.4280065149919023e-05,3.373180492637348e-07,3.7475052698681915e-05,1.5246499562673962e-05,1.0221614633488805e-05,0
0.9250092574776091,0.07424402840761335,7.21024953096586e-06,1.0772706363436719e-07,0.0007304079345484503,3.864394882134171e-06,5.123808752462549e-06,0
0.33626195512750817,0.6636555623781116,2.402392128606435e-05,2.7594414000223135e-07,3.122157753511633e-05,1.2427667181542936e-05,1.453338423733287e-05,1
0.2997456408679658,0.7001834174780556,2.2341987792209507e-05,2.9218013317166475e-07,2.9035730505316108e-05,1.1557596495154087e-05,7.714159052813042e-06,1
0.08347082006600423,0.9164297410113439,1.3120652130947514e-05,1.490837321581778e-07,7.47939570268944e-05,8.04470265162297e-06,3.330527110231356e-06,1
0.12043875225306364,0.8794590722888633,1.2728922783566554e-05,1.5078401377576828e-07,7.773534838324997e-05,8.191891530206335e-06,3.368511362036944e-06,1
0.1363956901826838,0.8596680934892361,1.212936164289444e-05,1.5046977809402395e-07,0.003909921528394625,7.999508201942633e-06,6.015460062258248e-06,0
0.10934710871421699,0.8840366792922217,1.3151139758619972e-05,1.5433877476239394e-07,0.006590829192951749,8.161712442473625e-06,3.9156096337515824e-06,0
0.34433879458496414,0.6421544107496167,2.269949336259903e-05,2.075462765163859e-07,0.013437777257897087,4.072348747811645e-05,5.386880405018352e-06,0
0.16585258046748452,0.8219665168669994,1.174385356804504e-05,1.3343982466493847e-07,0.012157699292815889,7.304477582438099e-06,4.021601725181385e-06,1
0.07402647189421495,0.925888761721538,1.1537067052843233e-05,1.1278562645779045e-07,6.400197026094049e-05,6.042173101814425e-06,3.072388204784227e-06,1
0.06896762122918151,0.9309392470609201,1.5241591717881382e-05,1.1334152121030856e-07,6.837335011626464e-05,6.0521582259078396e-06,3.3512683171158688e-06,1
0.05070969601312795,0.9491881477673078,7.178016340364557e-06,9.882375340168101e-08,8.648128297508193e-05,5.224865315645848e-06,3.1732311798400996e-06,1
0.01640514513880088,0.5676728455393523,1.90598025439477e-05,1.0174626091400502e-07,0.4158506012644459,4.787043083791823e-05,4.376077758264468e-06,4
0.0010558029826732863,0.020586234569561053,1.5332396212878902e-06,1.256259113010095e-08,0.9783540962920595,1.991886694914477e-06,3.284667987875652e-07,4
0.005543426292141381,0.08177393657421998,6.193278335792901e-06,5.382960766956215e-08,0.9126665555959904,9.19668163915977e-06,6.377480655928867e-07,4
0.9257934087956752,0.07350521958662118,4.58742660470484e-06,1.1348385643401692e-07,4.252326750875422e-06,3.4937916752684212e-06,0.0006889245888162466,0
0.9357472700840399,0.06328580153507002,5.775782440310885e-06,1.3283109282042102e-07,5.259318858627295e-06,4.582054086515129e-06,0.0009511783944118384,0
0.9489568790059159,0.05046813056240047,9.024673232057845e-06,1.434719371776203e-07,8.433690362448501e-06,4.949113660712812e-06,0.0005524394824912736,0
0.8396635985333959,0.15903531906488713,8.308103998559284e-06,1.4099180030691165e-07,8.247023101254736e-06,4.778885934765257e-06,0.0012796073968823526,0
0.9175425816108019,0.08210091760731704,6.101201589655459e-06,1.1334376009584653e-07,4.578173947106907e-06,3.8417617176060395e-06,0.00034186630086665816,0
0.8356414305250685,0.1641246347682074,7.385677833447416e-06,1.3799428360575816e-07,5.329005690642552e-06,4.652497393363757e-06,0.00021642953152290698,0
0.7587442845761183,0.24122313146531252,6.55142493504931e-06,1.4825884401141975e-07,4.927922872058386e-06,4.4611631506320764e-06,1.649518876742073e-05,1
0.1899329586052466,0.8100343621787441,6.682311810075269e-06,1.2510308361046312e-07,4.2202673596277886e-06,4.315473759354934e-06,1.7336059996727277e-05,1
0.10474272997038386,0.8951857483580391,5.664189537299601e-06,8.253985062118933e-08,2.8282464378751973e-06,2.9053445463530857e-06,6.004135120477924e-05,1
0.09473616625714469,0.9050428339564296,5.2914145375052666e-06,7.710768903907417e-08,3.701576974919569e-06,2.714136288660215e-06,0.00020921555093572386,1
0.07739377069486209,0.9223636103743873,5.766046289475478e-06,7.253086556303326e-08,2.4953080018854025e-06,2.5530353292368335e-06,0.00023173201026448068,1
0.0781908886992739,0.9214893542969116,6.230624201740188e-06,7.837477253262029e-08,3.0679099363272e-06,2.7587367342636716e-06,0.00030762135816987516,1
0.06683042386825573,0.933048123640856,6.559569531461717e-06,7.682047563533264e-08,3.9277688776078075e-06,2.6428683673400412e-06,0.00010824546363632946,1
0.048608789323485106,0.951301038544803,4.870137808098586e-06,5.703519126267743e-08,2.916163266592911e-06,1.9621917407653956e-06,8.036660370501105e-05,1
0.2945996716263698,0.7022026729063868,8.243542767589613e-06,1.8655149580407078e-07,8.283465298078999e-06,5.847197198843099e-06,0.003175094710482887,1
0.7157352176339941,0.2824087930766875,8.41678478273397e-06,1.5757506688299554e-07,1.1172256608610414e-05,5.3126663567219324e-06,0.0018309300065035702,0
0.6284823062116519,0.36821534914450765,1.0385610586040063e-05,2.0534948925331838e-07,2.2679732370106123e-05,6.9602755888478826e-06,0.003262113675806298,1
0.5108789391765044,0.4871515533569867,1.157973919680373e-05,2.2001355380660266e-07,1.4967359254493088e-05,7.569165081738932e-06,0.0019351711894221636,1
0.5595140663041154,0.4389526261897206,1.2693708969441385e-05,2.3716973784116817e-07,1.6322258314868692e-05,8.159392305851081e-06,0.0014958949768360485,1
0.5322638764907734,0.46607753643467004,1.2801500556613501e-05,2.3918371992730535e-07,1.5701986581501737e-05,8.228679686641437e-06,0.0016216157240118048,1
0.7560818043820705,0.24280621661332052,9.734985510698171e-06,1.784503880774525e-07,1.1971514873480986e-05,6.132408660968659e-06,0.001083961645175844,1
0.7992274108767762,0.19976256766733153,8.372487372394447e-06,1.862607439750622e-07,1.115981483043699e-05,6.304635570424527e-06,0.0009839982573748769,1
0.8114898172722848,0.18729002994301636,8.223113690010164e-06,1.8257133266399467e-07,1.0938763705083673e-05,6.1797547539450365e-06,0.0011946285812169972,1
0.6057981574707763,0.39287751969657514,1.021634508156475e-05,2.2155034007852492e-07,1.3315840936483043e-05,7.246518399613616e-06,0.0012933225778907508,1
0.4585825417258563,0.5413400665497236,9.467059988194824e-06,1.7709885126736063e-07,1.0799819061461154e-05,6.02400171237347e-06,5.09237448069571e-05,0
0.434344097153179,0.5656037657436296,1.2942989792091522e-05,1.6824154360286576e-07,1.1615471564667318e-05,5.839505684819195e-06,2.1570894606264602e-05,0
0.5000633239573189,0.49989184825221783,1.5986740813796438e-05,2.0047278862632644e-07,1.535563108844354e-05,7.068510575431912e-06,6.216435197128363e-06,1
0.6766517929467,0.32330892607053624,1.2939917815772593e-05,1.77374118619789e-07,1.4888662970231273e-05,6.254069900772785e-06,5.020957958243897e-06,1
0.721509491584742,0.27844755280273364,1.2350983752300814e-05,1.9110130689867428e-07,1.6329313599881776e-05,8.79788793919546e-06,5.286325926095674e-06,1
0.532568815463563,0.4673917243006746,1.1462529038962459e-05,2.0068610712066934e-07,1.5143953882967697e-05,7.199030021877754e-06,5.454036711559177e-06,1
0.7097892735224245,0.29014855880155893,1.8162407758023093e-05,3.179876706533364e-07,2.3638462685883255e-05,1.1406882222514202e-05,8.641935679801037e-06,1
0.7493518221194554,0.2505802151553105,2.178628898420291e-05,3.410580542648746e-07,2.149228343411239e-05,1.0835745803270597e-05,1.3507348958389662e-05,1
0.7155325734536362,0.2808296475712467,2.223174912312898e-05,3.3216063358209216e-07,0.0035906209643498783,1.1915296018999494e-05,1.267880499168272e-05,0
0.9213084885932222,0.07821817733743232,5.653238888059187e-06,9.1143273528198e-08,0.0004583639357453259,3.345158668212985e-06,5.8805927703456995e-06,0
0.6183800695372674,0.38154319745541726,1.7528362432474317e-05,2.5607571477806564e-07,3.392231986072582e-05,1.1540013518944637e-05,1.3486235788258589e-05,1
0.5919429716802338,0.4079882392520943,2.096020453575704e-05,2.682483689090049e-07,2.272365701148833e-05,1.1999312805903087e-05,1.2837644949702306e-05,1
0.08797886757325664,0.9119217733178187,1.3134067914580631e-05,1.4923616932927956e-07,7.487043337384142e-05,6.764292259227813e-06,4.441079207695058e-06,1
0.10083569482490917,0.8991049209738003,1.3255109240540783e-05,1.5344409291292793e-07,3.421130045708721e-05,8.336410031920861e-06,3.4279374681145076e-06,1
0.1968377104443491,0.7997899503832443,1.2923711265670494e-05,1.6032401568600839e-07,0.0033467094578104183,8.478222764605384e-06,4.067456550101079e-06,1
0.09448089409438525,0.8990818394403564,1.318037810251603e-05,1.4769421019473962e-07,0.006412381021520067,7.810335898308798e-06,3.747035527385596e-06,0
0.2798792192373909,0.7075863925029516,1.8450190856554656e-05,1.686940035236164e-07,0.01247829078114241,3.310012714000652e-05,4.378466514930326e-06,0
0.2147983683548634,0.775895768879169,1.8257010165341193e-05,1.4631956929289428e-07,0.009251797519116459,3.15768345508119e-05,4.085082565501017e-06,0
0.20369221695892295,0.7859606246493982,1.9518867245270713e-05,1.4449436257729632e-07,0.010294676593036376,2.8784312246972118e-05,4.034124787478861e-06,0
0.08488641383125667,0.9119007532759237,1.0875792126695172e-05,1.2813403232100657e-07,0.003190953231356371,7.014039241930406e-06,3.8616960621052465e-06,1
0.0767815893628356,0.9216039634414279,1.072073733218306e-05,1.287409768408468e-07,0.0015928422762182667,6.948800859942339e-06,3.806640349160141e-06,1
0.07788524540948039,0.921063204017989,1.164895489585387e-05,1.398875642597065e-07,0.0010284005778537953,7.550438490339901e-06,3.810713726313382e-06,1
0.07918486453430651,0.9207308412961257,1.1472796617493561e-05,1.1215732281004133e-07,6.36454295150935e-05,6.008513498907291e-06,3.055272613223544e-06,1
0.07643486293306599,0.923476710965836,1.5127326393768491e-05,1.124918064366639e-07,6.40954661115063e-05,6.026432519577292e-06,3.0643842667329856e-06,1
0.049283326428639515,0.9506339071584894,5.31316320932654e-06,9.353949231180367e-08,7.047207329443656e-05,4.521202453629146e-06,2.3664344214935595e-06,1
0.05422100359690046,0.9444690704362267,1.551120514271057e-05,6.344032997881756e-08,0.0012723069679158,1.869045871938989e-05,3.3538947648308947e-06,1
0.05983942411360759,0.919278938194351,2.7306389903147562e-05,1.0112367567896315e-07,0.020811136776000674,3.295969613464692e-05,1.0133706327310806e-05,1
0.9734818497682177,0.020763374247110503,5.170146133746041e-06,9.60472776440211e-08,3.204073904741146e-06,3.2555012646576172e-06,0.005743050216090965,0
0.9614582959650778,0.03486037881952369,6.909282923672141e-06,1.2909330311752806e-07,4.116255109000912e-06,4.352399538309244e-06,0.0036658181845244738,0
0.9678516604115922,0.031709045899185224,3.0833575908374527e-06,6.977642827681368e-08,2.12108172333233e-06,2.0995983928437103e-06,0.00043191987508721846,0
0.9743720264443692,0.02518400271007684,6.5598861314674015e-06,1.0428738489976643e-07,7.2008903905198165e-06,3.5974290958967926e-06,0.0004265083525513194,0
0.9421281391279466,0.057332189741494594,8.696535941105727e-06,1.3825529480370229e-07,9.344339206528941e-06,4.769163793556224e-06,0.0005167228363227191,0
0.9325665727991721,0.06663784432989583,1.1153018771474128e-05,1.5305472598495577e-07,1.21126116276375e-05,5.3874184419689334e-06,0.0007667767673648158,0
0.9066488727747414,0.09171439768359416,3.2892598019252795e-06,9.044522115340981e-08,5.567815154246007e-06,3.0656207970668397e-06,0.0016247164006898736,0
0.18417898697227436,0.8157889695697096,6.524627397129978e-06,1.2215099055383287e-07,4.120680510048019e-06,4.213640297273939e-06,1.7062358820838656e-05,1
0.0865878770056363,0.9129764507045365,5.642187792184908e-06,8.221923621674302e-08,2.8286208422846928e-06,2.8940591453688344e-06,0.000424225202811007,1
0.08217066710201161,0.9173756072575189,5.35435618508675e-06,7.802488895885383e-08,2.6843210577163975e-06,2.74642107915586e-06,0.0004428625172587074,1
0.0766703777315206,0.9228638723988366,6.1094626112749364e-06,7.685068573410139e-08,3.008250930222204e-06,2.7050899535278112e-06,0.0004538502154619182,1
0.09763639355251669,0.9019706817173242,7.37938164580024e-06,9.28249464571227e-08,3.63354898996766e-06,3.193472998736925e-06,0.0003786255015783075,1
0.03691899031742704,0.9629065453998413,3.920378303497896e-06,4.611000328562536e-08,2.357567228708665e-06,1.5863305725937886e-06,0.0001665538966233242,1
0.11555885468267094,0.8842006096283465,6.304595886480122e-06,1.1779530767490096e-07,5.4999824744828296e-06,4.052532738184409e-06,0.0002245607825759294,1
0.18460868832846805,0.8140625008969382,6.705597204513116e-06,1.6925463001099377e-07,7.384204070330214e-06,5.092934074278573e-06,0.0013094587846147127,1
0.1575700591451743,0.8413057933302409,5.723464901277408e-06,1.4446482612982336e-07,6.017479307000976e-06,4.346999757014133e-06,0.0011079151157932761,1
0.8473210311099383,0.15081839069134056,9.469136669471603e-06,2.0972313567326167e-07,1.3760281396723149e-05,6.729995462422106e-06,0.0018304090620571273,0
0.7863273232328776,0.2123450311319748,7.757646477733778e-06,1.525906333472788e-07,1.0011723535518646e-05,4.896618900621507e-06,0.0013048270556003964,0
0.749063177267339,0.24926623748623208,7.575990099364314e-06,1.4183410618519744e-07,1.0056204077835131e-05,4.781957571532145e-06,0.0016480292605740609,0
0.4041635069715529,0.5940031086546299,7.2197675201417025e-06,1.4745994459051474e-07,9.881168308810039e-06,5.073090472102477e-06,0.001811062887571621,1
0.7142207758692816,0.28450939765545175,1.0358670105913038e-05,1.8988304587973817e-07,1.273848565117455e-05,6.525289452543057e-06,0.0012400141470112066,1
0.7411124299845918,0.257730535148946,9.446534236156333e-06,1.7316283610042493e-07,1.1616794394476954e-05,5.950703090649741e-06,0.0011298476719049308,1
0.8004752734524085,0.197917959985401,7.688486189527973e-06,1.770024784454458e-07,1.1407514775456212e-05,6.0826515622967085e-06,0.0015814109071849074,1
0.8032802254613778,0.19544237642415552,8.563865328268605e-06,1.9051828404124122e-07,1.1414905397336506e-05,6.448746658842243e-06,0.0012507800787980232,1
0.5914564982850828,0.4072492749409348,1.1208769513791763e-05,2.3796537739890865e-07,1.3000601858702988e-05,7.0749643995090034e-06,0.0012627044728329348,0
0.44780137173931106,0.5509004579719615,9.543675103634518e-06,1.785320785787969e-07,1.1273766935506991e-05,6.1966804717649625e-06,0.0012709776341377128,0
0.4447146247526905,0.5543576120107996,9.47788944010917e-06,1.7730143617717187e-07,1.1196055547574262e-05,6.1539660318806474e-06,0.0009007580240539657,0
0.45504163220415644,0.5448817808548103,9.36877244679644e-06,1.7526020117987278e-07,1.056474003309636e-05,6.083116685663779e-06,5.0395051666519e-05,0
0.4483131070101699,0.5516103038472333,9.354024561600652e-06,1.74984314734656e-07,1.0670870670273774e-05,6.073540926723937e-06,5.031572212354694e-05,0
0.4241834927990829,0.5757453131895773,8.877116655563334e-06,1.6606287107370423e-07,1.0126824355936916e-05,5.763886011182406e-06,4.626012144602654e-05,0
0.4230638197492249,0.5768657447697705,8.894392005642783e-06,1.6638603842007437e-07,1.0506780817220634e-05,5.77510284571604e-06,4.509281929757384e-05,0
0.42419408431572253,0.57575968908154,8.877338309942548e-06,1.6606701752846275e-07,1.012707721450047e-05,5.764029930725795e-06,2.1292090264809884e-05,0
0.4167305890190907,0.583213790372303,1.3807766932805423e-05,1.794824889611846e-07,1.2391551469626699e-05,6.2296683219238084e-06,2.3012139392816506e-05,0
0.4135194024534983,0.5864332090927268,1.6894548147834666e-05,2.1960651321856054e-07,1.6234967482185526e-05,7.469896062057565e-06,6.569435569703139e-06,0
0.440213731110528,0.5597461522914988,1.4631432538439633e-05,2.0991981583532963e-07,1.3368909648144954e-05,6.3349947500558586e-06,5.571341220701832e-06,1
0.704335943592039,0.29561591585629304,1.3806076446550445e-05,2.539590810416513e-07,1.970942735164065e-05,8.670892652504233e-06,5.700196136184772e-06,0
0.6975581634604758,0.3023935884667802,1.5081343564341271e-05,2.3720791676456884e-07,1.797378943069269e-05,8.509143650827896e-06,6.4465881812562466e-06,0
0.7098301798379776,0.2901109341493422,2.0258939389564493e-05,3.180059968023541e-07,1.825909394555045e-05,1.1407539619774315e-05,8.642433728674266e-06,1
0.9009817888386421,0.0989835906757745,1.111267604787423e-05,1.5407689804319427e-07,9.886615775824658e-06,5.5270602963253775e-06,7.940056565334541e-06,0
0.8751945329979871,0.12419877682726989,8.571559869383928e-06,1.381933509635908e-07,0.0005833325681476372,5.731574760527303e-06,8.91627861418559e-06,0
0.632352546065253,0.3675366589432068,1.6504000657038233e-05,2.3495690700534246e-07,7.049232478207693e-05,1.0865612314476051e-05,1.2698096879719365e-05,0
0.3083919432931872,0.691553838332609,1.742184522521471e-05,2.4360264895433207e-07,2.0433926903769622e-05,9.687386299765051e-06,6.4316131261950555e-06,1
0.11967366313901734,0.8802222536629736,1.2826260609047028e-05,1.5132300243316843e-07,8.086618179419342e-05,6.858880247343416e-06,3.3805523561118298e-06,1
0.10530559936404252,0.8946353120382939,1.3189215757677331e-05,1.526812952985611e-07,3.404083575420044e-05,8.294968269230517e-06,3.4108965871445236e-06,1
0.16633115551339137,0.8308708515401408,1.2581973095916122e-05,1.484409215936581e-07,0.002773646729343478,7.849823342244206e-06,3.7659797645142027e-06,0
0.2231190613219786,0.7675148620625012,1.6709082527795486e-05,1.5277468123420215e-07,0.009316956394194064,2.829308490089025e-05,3.965279216456933e-06,0
0.18321787144714458,0.8076850649181172,1.9465502338419208e-05,1.4374627565879934e-07,0.00904517222261581,2.8635287973181694e-05,3.6468755350172046e-06,0
0.17153895489392912,0.817020047143728,1.216459199820719e-05,1.3822047541346315e-07,0.011417622295392336,7.566169744502515e-06,3.5066847326207527e-06,0
0.14281044890254285,0.8464286940633575,1.2093357131821089e-05,1.3741106749420433e-07,0.010736963116221746,7.5218628667310594e-06,4.141286812098965e-06,1
0.08421167188218343,0.9126068176179158,1.1285629605529304e-05,1.282332436341813e-07,0.0031590692334358553,7.16271752865446e-06,3.864686086928967e-06,1
0.11227848584929179,0.885133375553985,1.3814828419320918e-05,1.6276052820516e-07,0.002560488521043454,9.153252452798809e-06,4.5192342793693676e-06,1
0.08226713654737294,0.9176343919695324,1.1106525408397608e-05,1.346699374514434e-07,7.425199788550936e-05,7.268735086502057e-06,5.709554776779356e-06,1
0.07994551570890421,0.9199635029018404,1.5529622097162958e-05,1.1548341045303482e-07,6.600370602904169e-05,6.186699300785988e-06,3.1458784179112204e-06,1
0.06516849922053174,0.9347367705106262,7.1459432733757805e-06,9.838218560458493e-08,7.901309554354924e-05,5.313795403786781e-06,3.1590524358283913e-06,1
0.04180931205391414,0.9581131708709797,6.153471712728407e-06,8.471827622950285e-08,6.398279732127606e-05,4.575783553481995e-06,2.7203042424534434e-06,1
0.017427618368731083,0.43444797963632464,1.640324641620252e-05,3.542464926929023e-08,0.5480893599117787,1.3171825382158472e-05,5.4315867179300555e-06,4
0.0018152303595171172,0.04115886639273506,3.151215980954146e-06,2.3696038746440186e-08,0.9570187849630887,3.618878601375647e-06,3.244940380774289e-07,4
0.003268544352126445,0.05854152128100982,4.6183854992496135e-06,4.014124119929023e-08,0.9381791270333798,5.673232054468224e-06,4.7557468897957987e-07,4
0.9748246620618162,0.02031825776769218,6.437748195107593e-06,1.0323692531162533e-07,3.7504041817591384e-06,3.499192784588853e-06,0.004843289588404734,0
0.9766223950433206,0.019745161806261204,6.449620435016344e-06,1.0342731075504373e-07,3.7573205284150186e-06,3.505645857148787e-06,0.0036186271362867953,0
0.9634543441189016,0.03395622411129042,7.006350179262466e-06,1.3015896331179271e-07,4.0749541950468815e-06,4.388328427147802e-06,0.0025738319780434426,0
0.9432471433343386,0.05588345049469401,7.348802229034419e-06,1.3730529842007135e-07,4.450777666421382e-06,4.629268157364155e-06,0.0008528400176159345,0
0.9722261166245644,0.02703046874068209,4.692890316109816e-06,1.1609281995875344e-07,3.330391452471213e-06,3.574113011978575e-06,0.0007317011471532259,0
0.9464655774499988,0.05240211107661591,5.238963209628915e-06,1.204853568451813e-07,4.856270262789431e-06,4.156183691449862e-06,0.0011179395708649,0
0.9433767070621305,0.05418226821751907,5.777042631933606e-06,8.851701410515446e-08,5.2508141691697825e-06,3.000264644991589e-06,0.002426908081890237,0
0.873476594680314,0.12578156859498554,6.966131430270564e-06,1.2941180815389364e-07,6.278465361419561e-06,4.386384658064863e-06,0.0007240763314423735,0
0.9271815496295118,0.07240273332601911,6.612271067890768e-06,1.2283804339106275e-07,4.882137991302536e-06,4.1635683531793085e-06,0.0003999362290132826,0
0.6210421213096698,0.37892563157847853,6.199511196472076e-06,1.3042662363454734e-07,4.399853358253291e-06,4.397352633958286e-06,1.711996803920791e-05,1
0.6515787189506722,0.3483874482223727,6.5566222720304825e-06,1.4837645982483526e-07,4.961731509495301e-06,4.464702253720594e-06,1.770139445980641e-05,1
0.4544861234364794,0.5454426661375051,1.486007108798381e-05,3.362836303970288e-07,1.3219026382976507e-05,1.011889813448462e-05,3.267614677964938e-05,1
0.15706571470256805,0.8427752006327263,6.67175545781829e-06,1.249054525724988e-07,4.2136004111026245e-06,4.308656408944734e-06,0.00014376574697545425,1
0.0607366792407753,0.939059843821824,4.566627905768471e-06,5.3480724015214954e-08,2.0934548108571776e-06,1.8399067773702473e-06,0.00019492346718300314,1
0.02837827351186101,0.9714681798196998,3.464857369580677e-06,4.0577661363772833e-08,2.0747030542652705e-06,1.3960004380606414e-06,0.0001465705299159017,1
0.030412378468175922,0.9694344111337251,3.442783308846705e-06,4.049271202755572e-08,2.0703596633111334e-06,1.393077911069524e-06,0.00014626368450374933,1
0.19969794396231896,0.7991536025230381,8.937108918429132e-06,1.6698128059690985e-07,7.834626950219774e-06,5.629798223650823e-06,0.001125884999270145,1
0.19157974397092054,0.8070476618888247,7.130858061477279e-06,1.5002049534242888e-07,7.16539198777582e-06,5.057962875664115e-06,0.0013530899068344238,1
0.23379431549616617,0.7644665924194088,9.617409975793053e-06,2.2866494090757638e-07,9.495243415964758e-06,6.5489317841365716e-06,0.0017132018343082867,1
0.2294764563595164,0.76914039073551,8.486327954256145e-06,2.455780807606698e-07,8.378529129587586e-06,5.778726602081028e-06,0.0013602637432068641,1
0.22931042228942225,0.7685838913386936,8.480187805533474e-06,2.4349733565559323e-07,8.521256380752515e-06,6.015051026013825e-06,0.002082426379336117,1
0.8809894371986687,0.11686066926995856,8.894943337961104e-06,2.2771007718764465e-07,1.3158274443021572e-05,6.321899281058791e-06,0.0021212907042334143,0
0.7562920111597838,0.2414552260595786,7.863010234512215e-06,1.6059783784742476e-07,1.1386574606702943e-05,5.414579520552118e-06,0.002227938018437955,0
0.3890963704088328,0.6090889768701667,7.542708802163762e-06,1.4121102946793505e-07,9.46243370094657e-06,4.858107943407189e-06,0.0017926482595245017,1
0.5315143482999839,0.4648767118462658,9.470160778116775e-06,1.8724875757878582e-07,1.897717254155291e-05,6.441952020420525e-06,0.0035738633196527344,1
0.5663024239556236,0.42934811001843354,1.117257293910022e-05,2.2090970267781476e-07,1.5028323599047653e-05,7.59999544935338e-06,0.004315444224252728,1
0.7682941798030399,0.2301901806371758,1.1033271767139708e-05,2.061460664367227e-07,1.3568071253759679e-05,7.092079468805203e-06,0.0014837399912283312,1
0.7347748512824905,0.2640328335198594,9.91132346895135e-06,1.816828096407393e-07,1.1502353377489776e-05,6.243490122904165e-06,0.001164476347871075,1
0.7578639236266196,0.24107486454312227,1.0076184975147368e-05,1.8470485828450794e-07,1.2391101986270058e-05,6.347342165348992e-06,0.0010322124962732786,1
0.7983593377024597,0.20058037670788628,8.806636648816004e-06,1.9552683446602414e-07,1.1714992759367912e-05,6.618278276135574e-06,0.001032950155134961,1
0.443642785571048,0.5550492676707978,9.61554814577767e-06,1.7987659664634004e-07,1.135866923124411e-05,6.243347428870951e-06,0.0012805493167515304,0
0.44243070563323256,0.5569112509537071,9.918684387685533e-06,1.8554732021694497e-07,1.1716758468761556e-05,6.440172908585711e-06,0.000629782249975008,0
0.43909034154568927,0.5608685007362415,1.4807972580569353e-05,1.9248382364530285e-07,1.3816985714124436e-05,6.582204119868684e-06,5.75807183090891e-06,0
0.4290878399153273,0.570864371872173,1.7029680762676122e-05,2.4950638404661363e-07,1.6357398821399824e-05,7.529644720537615e-06,6.621981811176914e-06,0
0.51731270920922,0.4826454028421978,1.4927078349307832e-05,2.187005966359068e-07,1.4337800995838578e-05,6.599982598162027e-06,5.804386042266358e-06,1
0.7778473208891319,0.22210624278331265,1.503754306757744e-05,2.6854586217977213e-07,1.5014866381187257e-05,9.168927268456696e-06,6.9464449760323564e-06,0
0.9470484484522775,0.052578565936982326,5.378477399918265e-06,9.142329118701975e-08,0.0003608029681412954,3.1214538207092976e-06,3.5912880868601586e-06,0
0.35774789427611936,0.6421657958063578,2.4878860599330614e-05,4.110074659247472e-07,3.143701219904208e-05,1.3134162658712261e-05,1.644887459971548e-05,1
0.10364866255709333,0.8962911835077485,1.4014169849555642e-05,1.5923634918590635e-07,3.402429575078718e-05,7.2175613259633335e-06,4.738671882675109e-06,1
0.11285594726054529,0.8870856013556276,1.2908799819006846e-05,1.5229679217986762e-07,3.3955109421548966e-05,6.903018330459037e-06,4.532159463677455e-06,1
0.3243149885602215,0.657141779902882,1.5639209559635043e-05,2.3235419809978352e-07,0.01851100887101151,1.0320330109612984e-05,6.03077201757776e-06,1
0.34042762116080066,0.6497521437272884,1.297324698855669e-05,2.1909938466098344e-07,0.009791624423868418,9.7315994073125e-06,5.686742261977645e-06,0
0.08966349584488434,0.906221999705703,1.1123600628292004e-05,1.2639218539993904e-07,0.004092385374582705,7.059881635933069e-06,3.809200380247478e-06,1
0.06160090620119744,0.9365703767195133,8.077566957770429e-06,6.890073584976883e-08,0.0018100993827157366,6.873554248196047e-06,3.597674631419773e-06,1
0.05849428676058273,0.9396894150350428,8.023577241772754e-06,6.84402096566705e-08,0.0017989262680421505,5.661695884131433e-06,3.61822299707581e-06,1
0.025251285418987853,0.3960622319834436,1.5452347242301255e-05,1.0177586827078832e-09,0.5786445226959925,2.4812657266562373e-05,1.6938793084842044e-06,4
0.021429208260195468,0.32725866691344313,1.2992658451081792e-05,6.499712581271746e-08,0.651275883268198,2.157334725086924e-05,1.6105553357549138e-06,4
0.0008086996277932167,0.021428668464405214,8.531479296197516e-07,7.802537014575439e-09,0.9777600050063056,1.3880172236413039e-06,3.779338056635407e-07,4
0.9720378249456476,0.019252982319833523,6.770165862216147e-06,1.0856763673920676e-07,3.944058945976536e-06,3.679876071192092e-06,0.008694690066002708,0
0.9381186242069247,0.06090249958521623,5.739143537989767e-06,1.3198847357612812e-07,5.225956163281988e-06,4.552987646800535e-06,0.0009632261320376389,0
0.9507095469076459,0.048674859212338044,9.79998322599435e-06,1.5579761633330483e-07,1.0529982064369147e-05,5.374292188911263e-06,0.000589733824920477,0
0.925738858788427,0.07347698533577197,1.2297669664466404e-05,1.6876295999451904e-07,1.3868199965048104e-05,5.9403372038646166e-06,0.000751880906007554,0
0.9141948699430029,0.08416220766384147,1.2444115146360845e-05,1.7077265562602078e-07,1.3514792443727572e-05,6.011077073138311e-06,0.0016107816358368204,0
0.9167271627699002,0.08143764213829977,5.1810875661241854e-06,7.938567021049577e-08,4.886988300667233e-06,2.6907597602486527e-06,0.0018223568705025336,0
0.9133501715423673,0.0844008380195599,2.9151949454562097e-06,8.015950925881846e-08,4.934625895282554e-06,2.7169888638968943e-06,0.0022383434688587078,0
0.8764448010305113,0.12327407060131766,6.566653753541397e-06,1.2269160676130368e-07,4.955751574928293e-06,4.158604915952699e-06,0.0002653246663199767,0
0.6667860582930317,0.3331653362984598,6.270143414721121e-06,1.4189343901035979e-07,4.744938301934808e-06,4.2696257727513306e-06,3.3178807580016586e-05,1
0.11304147584558828,0.8868222346032644,4.840426345134709e-06,9.062017442117162e-08,3.0570098929317075e-06,3.125973984785343e-06,0.0001251755207502904,1
0.06132629895645318,0.9384930197898702,3.5451006896407012e-06,5.166000880322269e-08,1.7701417530892349e-06,1.8183958864890967e-06,0.00017349595533876447,1
0.10039853030777224,0.8993429529645789,5.4495603706951035e-06,7.941222587738001e-08,2.7320501574208657e-06,2.79525436053279e-06,0.000247460450534105,1
0.056366405109522684,0.9435404962934845,3.8945166203495505e-06,4.5609489724898455e-08,1.7853424283890762e-06,1.5691113163196053e-06,8.580401713788506e-05,1
0.06388083275613436,0.936008048907673,4.648321468927654e-06,5.443745423175326e-08,2.1309051541609588e-06,1.872821335688922e-06,0.00010241185077969189,1
0.02713166584300128,0.9727207119241705,3.4693246750292373e-06,4.0629978901946755e-08,2.0773780077394985e-06,1.3978003275504346e-06,0.00014063709983919801,1
0.03510534590809673,0.9647551292668296,2.304729891202014e-06,4.387743520309534e-08,1.933373689447718e-06,1.5095231392310904e-06,0.0001337333209186629,1
0.1217359314993144,0.8777208296364982,5.687684925095029e-06,1.0626891997093862e-07,4.961803733604214e-06,3.6559883898116388e-06,0.0005288271182187251,1
0.5717754104841235,0.42483273504544034,1.3807958547835554e-05,2.1250819892686852e-07,2.9140496637621496e-05,7.2029184723029974e-06,0.0033414905885794767,1
0.7973474680717075,0.2013133815034006,8.72261153976474e-06,1.8003908019749112e-07,1.1603218698123656e-05,6.187003719133e-06,0.0013124575518547077,1
0.8157292874521493,0.18191950292064013,8.511375911124608e-06,1.8897139228246775e-07,1.1322223358049944e-05,6.396386786344012e-06,0.0023247906697626535,1
0.5777127048469898,0.42029567024150966,1.1576737244927546e-05,2.1221123049004507e-07,1.3400504675052024e-05,7.2925926462381205e-06,0.001959142865703986,0
0.4008494457440424,0.5985489955911862,9.491793745464216e-06,1.7756154190261563e-07,1.0828034801464135e-05,6.162994056884794e-06,0.0005748982806258191,0
0.4194510894378322,0.5804775189521681,8.832955262443548e-06,1.6523675060952282e-07,1.0434206728456758e-05,5.735212147143688e-06,4.622399911088716e-05,0
0.44881666986035373,0.5511269977686416,1.3637478208316867e-05,1.772689634677454e-07,1.272482377690576e-05,6.061914604379372e-06,2.3730885451492284e-05,0
0.4837642477306011,0.5161783779681781,1.4141393878015856e-05,1.838191927020783e-07,1.3195016139261328e-05,6.2859071718366755e-06,2.3568164838911003e-05,0
0.580010716049323,0.41994579317443986,1.5509927219446456e-05,1.9449357422436459e-07,1.4897640698903072e-05,6.857688246263734e-06,6.0310264984504866e-06,1
0.5248183765693504,0.47513985506833084,1.2947515883542056e-05,2.0323806767401634e-07,1.7510550982216432e-05,5.583666164185962e-06,5.523391221166742e-06,1
0.5335882841622395,0.46637092420867604,1.1431087188397304e-05,1.942998676654333e-07,1.6915821572471445e-05,6.969942267748861e-06,5.280478188064963e-06,1
0.9406952997158751,0.05927871166911496,7.95634768720042e-06,1.3523799418591986e-07,9.370403395722393e-06,4.851269448649809e-06,3.6753564841642504e-06,0
0.9442789776360193,0.05569551815402605,7.954758497565348e-06,1.4205894337662554e-07,9.368531764599875e-06,4.850300462950864e-06,3.188560286265662e-06,0
0.951637752995936,0.04834207624755336,7.101062267190623e-06,1.543452391661854e-07,5.176156665472029e-06,4.892824954688416e-06,2.8463673840498795e-06,0
0.8256961969334019,0.17425342331574495,1.5417537576735112e-05,2.3502865104356974e-07,1.698210238843853e-05,1.0623102538310826e-05,7.121979698506356e-06,0
0.9040445099064353,0.095481663493572,5.598394154820214e-06,9.739115605103154e-08,0.0004598773198368764,3.84458725017809e-06,4.408907594926559e-06,0
0.3044197128939911,0.6954989905854235,2.5279945424407994e-05,3.319958864289092e-07,2.692629818358168e-05,1.3400563061761779e-05,1.5357718029004024e-05,1
0.1532349805845408,0.8466998357874703,1.3686744059491448e-05,1.6213015350176637e-07,3.9183719822484375e-05,7.326246122752813e-06,4.824787830545279e-06,1
0.19468930834442258,0.8017212399105335,1.4656659893935634e-05,1.7361956270228244e-07,0.003561561493351088,9.18131524204196e-06,3.8786569941309685e-06,1
0.21809541285021566,0.7791727157600465,1.0919771634141862e-05,1.529073162576371e-07,0.002708443691183788,8.086014338046238e-06,4.26900526566789e-06,0
0.21867856562382765,0.7745986616372089,1.2161426807665024e-05,1.5086755980501811e-07,0.00669617061267305,8.258469398322349e-06,6.03136252470813e-06,0
0.12698965503006765,0.8657468713326166,1.2740631302881224e-05,1.4476573616373082e-07,0.007238991044383624,7.924456414479714e-06,3.6727394786728693e-06,0
0.09254313887965698,0.903611953088543,1.0899110332416943e-05,1.2384140889825835e-07,0.0038232353517861834,6.917403047366836e-06,3.7323252254316706e-06,0
0.10931291707048568,0.8885753393973918,1.6568691131452115e-05,1.882621600055029e-07,0.0020794020076535034,1.0357254601433619e-05,5.227316575997794e-06,1
0.05802270832950111,0.9419012600646489,7.553913351123666e-06,9.890595829426399e-08,6.0547251818092354e-05,5.298608870505624e-06,2.5329258517756672e-06,1
0.05419145119330571,0.945738127716121,7.230047244676347e-06,9.954009187364297e-08,5.460730148360429e-05,5.287968941655827e-06,3.196232811495491e-06,1
0.050342283485794365,0.9483131218114284,7.3722373219367054e-06,6.288435354310864e-08,0.001328859130487463,5.016923367963503e-06,3.2835272463353974e-06,1
0.0632743944694094,0.9350648754602373,1.023059836940744e-05,7.403309046420291e-08,0.0016403871722449833,6.124365276982391e-06,3.913901371809506e-06,1
0.08305746173447143,0.9057072857156032,3.661019309843887e-05,9.317978029744105e-08,0.011151400645461263,2.948680055432514e-05,1.766173103097661e-05,1
0.055591863316032074,0.9208039503126876,2.5158112960818154e-05,9.166750302203268e-08,0.02353301869781883,4.1997686231476345e-05,3.920206766323592e-06,4
0.057320247887032695,0.752710409075963,2.899187505650913e-05,1.3143044891539053e-07,0.18988592919257144,4.8639171570463375e-05,5.651367357010172e-06,4
0.9558637132299241,0.03979479896959628,7.080322277635808e-06,1.3153316405710654e-07,4.1179770107598415e-06,4.4346598056547335e-06,0.004325723308221499,0
0.9682945117558388,0.03117330641267091,3.910647919247224e-06,8.84980207498773e-08,2.5387707178680556e-06,2.6629379967566415e-06,0.0005229809768353682,0
0.9361971395868214,0.06299384777894745,4.846536327291251e-06,1.198937182350748e-07,3.439429023749701e-06,3.6911300677399367e-06,0.0007969156450938637,0
0.9706748287072041,0.02864890448820533,9.116415988790905e-06,1.4493043996127243e-07,7.53640092970153e-06,4.99942521426648e-06,0.0006544696320176222,0
0.9141948699430029,0.08416220766384147,1.2444115146360845e-05,1.7077265562602078e-07,1.3514792443727572e-05,6.011077073138311e-06,0.0016107816358368204,0
0.9201411986935157,0.07778495930614712,5.125993494342305e-06,6.646747240748528e-08,4.835021588891391e-06,2.662147058863674e-06,0.0020611523707224277,0
0.6357677327156563,0.3641869352544856,5.978461626483756e-06,1.3529267579136854e-07,4.524207770359579e-06,4.240560771177774e-06,3.0453507014100786e-05,1
0.42566386196368633,0.5742054956948139,1.5074495577868061e-05,3.4113605980179895e-07,1.4045332258277966e-05,1.0264909520152355e-05,9.091646808376506e-05,1
0.13575512121451727,0.8641138348557486,5.1985122194647134e-06,9.732408892700005e-08,3.2831618849863305e-06,3.3572278140270217e-06,0.00011910770372690461,1
0.12764356308929842,0.872229028492053,5.247333256207741e-06,9.823809330380924e-08,3.313995200414553e-06,3.388756708361371e-06,0.00011536009539023475,1
0.07745558958175078,0.9223811006441681,4.687261601107488e-06,6.830383584979699e-08,2.304183403439011e-06,2.40424686363873e-06,0.00015384577837689918,1
0.026717603797138834,0.9731773248964186,3.5257248015102387e-06,4.129049244957851e-08,2.111149531987044e-06,1.4205240915833772e-06,9.797261752513592e-05,1
0.032268514100853976,0.9675995468426769,3.436267096834144e-06,4.041607081233398e-08,2.0664410598736986e-06,1.3904412098297979e-06,0.0001250054910318134,1
0.03723551644278912,0.9626088831488026,2.2996026652023424e-06,4.377982310224526e-08,1.929072602415586e-06,1.5061649729157594e-06,0.0001498217883444938,1
0.09765744251143871,0.9018175564698905,5.054466830491357e-06,9.443784917398099e-08,4.4093990298683175e-06,3.1839858553277945e-06,0.0005122587291062932,1
0.18484472187093556,0.8139881827598971,7.747067216080225e-06,1.4474649648096608e-07,6.791388820506238e-06,4.880149235023314e-06,0.00114753201739909,1
0.8755473619698131,0.122495950252499,9.704168714404769e-06,1.9820252894999695e-07,1.3663022316816055e-05,6.682427164392242e-06,0.0019264399569636213,0
0.7988562975677537,0.19896940055077306,7.679443503208697e-06,1.5684858415592262e-07,1.1120748133258736e-05,5.288172885646806e-06,0.0021500566683669954,0
0.7654463822481963,0.23219416062093287,8.235414632817982e-06,1.6820400131269308e-07,1.1925860495784074e-05,5.671022430874113e-06,0.0023334566293100717,1
0.5685199132896458,0.42807806726686565,1.4410136726470709e-05,2.1310978102710316e-07,2.922298946028747e-05,7.223308964737023e-06,0.0033509498985559555,1
0.6074068548706237,0.3892135276534289,1.4904536840935683e-05,2.2042140493000906e-07,3.0225606549106263e-05,7.471134842226564e-06,0.0033267957763099577,1
0.5791847859707199,0.4192267365770264,1.210693743973151e-05,2.2620647641702694e-07,1.4283985528248772e-05,7.782221290166617e-06,0.0015540781015191975,1
0.8963235706757696,0.10334802936476259,7.10547627317864e-06,1.3275898707015808e-07,5.861475567754596e-06,4.567330838634517e-06,0.00031073291780101106,1
0.9055489459174022,0.09410507380923147,7.00622559069117e-06,1.3090458356974868e-07,5.670453030347727e-06,4.503533468063923e-06,0.00032866915669337975,1
0.7168790951921086,0.28205624357882936,1.0324669488511627e-05,1.8925978625973292e-07,1.1982052380257178e-05,6.50387127165295e-06,0.0010356613761355034,1
0.7940829655297532,0.20479117263146676,8.748605522504654e-06,1.8057560904803418e-07,1.1432256418387022e-05,6.205441416049085e-06,0.0010992949598142402,1
0.8176759328366392,0.18075836976364945,7.164603933557987e-06,1.7388759248580596e-07,1.0418477302506076e-05,4.848658016351671e-06,0.0015430917728665315,0
0.5796111162355281,0.41840621229167774,1.1524693505795085e-05,2.1125722542912502e-07,1.334026210801464e-05,7.259808470416352e-06,0.00195033545148453,0
0.4923837111112874,0.5065897813872479,1.0490986850253131e-05,1.9625329533747753e-07,1.196789287278048e-05,6.811767232074894e-06,0.00099704060121441,0
0.4286724942310134,0.5706201464868463,9.687156301105912e-06,2.0756466842943142e-07,1.2047517115571309e-05,6.857086973293077e-06,0.0006785599570817208,0
0.3721348664441283,0.6275269386716649,8.69193682717941e-06,1.7726258196625522e-07,1.0809803665597285e-05,6.152617438776541e-06,0.0003123632636932071,0
0.36843825982221856,0.6314878156922993,8.592333518066466e-06,1.607354762358241e-07,9.801949858410061e-06,5.578977148752382e-06,4.979048948062165e-05,0
0.40289441377375146,0.5970327695667293,8.778619099869555e-06,1.6422029228073544e-07,1.0014460456181817e-05,5.699931834907924e-06,4.8159427836140204e-05,0
0.4232470900270153,0.5766755976366444,9.779073499437065e-06,1.8293564056517864e-07,1.0486895244909638e-05,6.3495239651272755e-06,5.051390799038399e-05,0
0.4297802218696938,0.570162845161903,1.3914481521222502e-05,1.80869635777232e-07,1.2346897158170703e-05,6.277814882782215e-06,2.4212905205279218e-05,0
0.4429891638910074,0.5569659046393972,1.599536416181677e-05,2.079183249235296e-07,1.5436075353218344e-05,7.072323374262349e-06,6.219788381168503e-06,0
0.6247088990428205,0.3752484295251251,1.4053063283513997e-05,1.9842873608122525e-07,1.5270449689458726e-05,6.996438913582993e-06,6.1530514318143e-06,1
0.5437120770945013,0.4562445601441639,1.4236589977374557e-05,2.046698987639582e-07,1.55029736209985e-05,7.2164973301300845e-06,6.202030507429669e-06,1
0.4704781863312562,0.5294847769989626,1.1480767826258693e-05,1.8021442023398424e-07,1.5526883468992963e-05,4.951125407140131e-06,4.897678658530674e-06,1
0.5237876250260357,0.47617417925486455,1.2150743369357302e-05,1.9073107346638485e-07,1.5430700473284072e-05,5.240054944240525e-06,5.183489239219061e-06,1
0.9212955369810767,0.07867683488233243,8.566162357416071e-06,1.4560331707870706e-07,9.73622130866862e-06,5.2230952404908155e-06,3.957054367468319e-06,0
0.9503297634259161,0.04964999837733764,7.202364802527204e-06,1.3823459076335492e-07,5.169042236783264e-06,4.886099954562562e-06,2.8424551613169527e-06,0
0.8119291687247252,0.18802065134549295,1.6264114290341157e-05,2.441108507275898e-07,1.5240900133175555e-05,1.1033610525691793e-05,7.397193981872092e-06,0
0.8229907420113616,0.17695868811638596,1.6369415819610795e-05,2.456913392456884e-07,1.5404630884539746e-05,1.1105047312287107e-05,7.445086896585429e-06,0
0.9238206253363521,0.07614511051927052,8.121619975898513e-06,1.313964265844639e-07,1.7726709198088892e-05,4.713464391335477e-06,3.57095438563892e-06,0
0.8842775958839,0.11525986634722181,6.1180798816888005e-06,9.085219071796818e-08,0.00044740421610367834,4.10644461235593e-06,4.818176089570344e-06,0
0.5437835302668045,0.45450356777902184,1.4611820607898037e-05,2.1363650615921668e-07,0.0016768670367005036,9.879647641481942e-06,1.1329812717791816e-05,0
0.44534592597830835,0.5546030739361298,1.6561382042841765e-05,2.4404608413090587e-07,1.427694135905238e-05,9.659578461972953e-06,1.0258137613727748e-05,1
0.3170343556187269,0.682893420811528,2.1303895574484885e-05,3.2597862778773805e-07,2.235664384814966e-05,1.3157684588937055e-05,1.5079367105705817e-05,1
0.27980075281646394,0.7201393740559928,1.8227270329570215e-05,2.5486458398009817e-07,2.4526799647760346e-05,1.013524150801405e-05,6.728951473905928e-06,0
0.2912175759521325,0.7087205927036667,1.7025904186734275e-05,2.3806636479173562e-07,2.8814705876970362e-05,9.467223983884826e-06,6.285443788368287e-06,0
0.23764851950281932,0.758979305467403,1.3825108909596111e-05,1.631073196571411e-07,0.0033459175909267766,8.625408892571946e-06,3.6438137289111444e-06,1
0.3629856011439874,0.6316851198349377,1.663474283980079e-05,2.4201903125363e-07,0.005295735907633272,1.0384728026207827e-05,6.281623544322048e-06,0
0.33753594708051027,0.6597637852177961,1.2483130777754791e-05,1.7611862295236954e-07,0.0026658059753143742,8.96257786819574e-06,1.2839899110471676e-05,0
0.12256692658819007,0.873311278083086,1.6576298550766918e-05,1.8834859949435023e-07,0.004089280387113975,1.0520577791390234e-05,5.229716668362926e-06,0
0.062267291322343626,0.9376365399457537,6.983756854725651e-06,1.2199721472689894e-07,8.182963108234207e-05,4.752556304229787e-06,2.480790446975334e-06,1
0.05936513360983411,0.9392511451494385,8.019835056084989e-06,6.840828923447883e-08,0.0013672909942048725,5.4576238044268305e-06,2.884379373055813e-06,1
0.004050349791347269,0.06006249362502346,5.1416987613736545e-06,4.468968001651786e-08,0.9358738886635849,6.995612797226244e-06,1.0859188058268888e-06,4
0.959875459414297,0.03701976591387918,7.289626680395591e-06,1.3619966023417428e-07,4.414938191895948e-06,4.5919914047083304e-06,0.003088341915886777,0
0.966377780315016,0.03310656233168201,3.90290682216384e-06,8.832283960740207e-08,2.533745241014785e-06,2.657666731742354e-06,0.0005064747116673842,0
0.9434888980851159,0.05548620364025857,7.33638445332199e-06,1.5285882160418822e-07,6.052297441061619e-06,5.272917457197036e-06,0.0010060838164522858,0
0.939375393974309,0.05841008512130809,5.279384955538477e-06,9.370994417503325e-08,5.0700812996235916e-06,3.1762778629031416e-06,0.002200901450320567,0
0.8815012994248391,0.11748895586113962,5.7413925228445685e-06,1.0665948455607913e-07,4.338458341270553e-06,3.6151996743414284e-06,0.0009959430039981768,0
0.831605916583417,0.1680017379427872,6.230703984071692e-06,1.1641470857931891e-07,4.763779896254278e-06,3.924938874728012e-06,0.0003773096363322118,1
0.4041774233866582,0.5956719973242581,1.350653296815444e-05,3.341248984141459e-07,1.3756667110233465e-05,1.0053941095069226e-05,0.00011292802301181541,1
0.1357578957464726,0.8641314954156329,5.198618465462241e-06,9.732607801435333e-08,3.2832289854940893e-06,3.3572964282772095e-06,9.867236793721837e-05,1
0.05636796848219515,0.9435666662332634,3.36189729349882e-06,4.561075474489933e-08,1.5691648018190312e-06,1.5691548370257285e-06,5.8819456854209e-05,1
0.03148818357962613,0.9683942341414332,3.94553728429195e-06,4.620700327399452e-08,2.3625267597750123e-06,1.5896676802955212e-06,0.00010963834021291697,1
0.04409831457304803,0.9557791662601295,2.5972103357556794e-06,4.944567632456701e-08,2.1787273850528507e-06,1.701088320258048e-06,0.0001159926951051649,1
0.061428069501392873,0.9384129417216588,3.2376231480668134e-06,6.163785198154103e-08,2.7159518495916496e-06,2.1205378889619665e-06,0.00015085302620947779,1
0.2010408296747954,0.7977872570771817,9.92518047471978e-06,1.8544244687525413e-07,8.558885915454742e-06,6.252219136634698e-06,0.001146991520049282,1
0.20771761235661892,0.791219836130779,9.081763254453744e-06,1.6968400767495593e-07,7.961436723920481e-06,5.7209210611844946e-06,0.001039617707555,1
0.20385461100317553,0.7954806869857508,7.343341850774903e-06,1.6231518930858695e-07,7.248582463886512e-06,5.20867897584199e-06,0.0006447390925938603,1
0.2070732508434943,0.791314388019084,8.38933588196062e-06,1.898507961571637e-07,8.429964471752143e-06,5.712680289543221e-06,0.0015896393059821083,1
0.8058293610373225,0.19197735801692498,7.746475893291722e-06,1.582176853769573e-07,1.1217819011711348e-05,5.334332332949079e-06,0.0021688241008293043,0
0.5616605823833277,0.4357460604735313,1.0266453989948826e-05,1.9220369961650646e-07,1.3627467185746839e-05,6.480175758696086e-06,0.0025627908425069307,1
0.4733963691313995,0.5243722894352043,8.80623081248928e-06,1.648660913977125e-07,1.1047539737250417e-05,5.67191720955191e-06,0.0022056508795456685,1
0.585246257163508,0.4121081563906087,1.0901236957091635e-05,2.036791230586764e-07,2.5258187343450304e-05,6.903658895564261e-06,0.002602319683563998,1
0.8956320405489793,0.10400722082550008,7.15079759485785e-06,1.3360577235625137e-07,5.898862198785059e-06,4.596462942126932e-06,0.00034295889701236237,1
0.7706174503624529,0.22810896176929926,1.0918784898438988e-05,2.0015041628150563e-07,1.267153904804724e-05,7.018488426356816e-06,0.0012427789054586039,1
0.7294341268808887,0.2694299788171822,9.532357560478822e-06,1.7473604907692243e-07,1.1062553404163544e-05,6.004766211422749e-06,0.0011091198887038718,1
0.7615373264724565,0.23742511963325197,9.59189034246114e-06,1.7582733452736298e-07,1.1131642774321908e-05,6.0422679978854726e-06,0.0010106122658423819,1
0.7969327673996696,0.20178300555927559,8.742959656608906e-06,1.8045907554219656e-07,1.1630286698201557e-05,6.201436767540382e-06,0.0012574718988569427,1
0.7959821156132841,0.20264742572992053,8.78041370610808e-06,1.9494462707147314e-07,1.1680109795961677e-05,6.228003162534768e-06,0.0013435751855035804,1
0.8178032696663643,0.1807865192992144,7.165719678701629e-06,2.0102206511779116e-07,1.0420099773973058e-05,5.556147628738006e-06,0.0013868680452748421,0
0.586018502464466,0.4117046954846111,1.120485478833879e-05,2.0539431549571544e-07,1.2970036876340344e-05,7.05833084942897e-06,0.002245363434093562,0
0.5147292994144647,0.4835019013986308,1.0802483179394628e-05,2.020804097883999e-07,1.2323241206606658e-05,6.873747208922795e-06,0.0017385976348998145,0
0.5259636628377362,0.4739809016235177,1.9767420866502736e-05,2.5437449909609036e-07,1.8987060960797157e-05,8.740131905016274e-06,7.68655051471969e-06,1
0.5052346687804044,0.4947245366067619,1.2958004789736652e-05,2.0340271277244121e-07,1.651715001272721e-05,5.588189545438771e-06,5.52786577311292e-06,1
0.5754069929628851,0.42455138876009907,1.2339493352504128e-05,2.0350381085971226e-07,1.6863065378070055e-05,6.9482047702428435e-06,5.264009704247705e-06,1
0.9229167436409652,0.0770548991863859,8.581236260312676e-06,1.4585953569463932e-07,9.753354167989188e-06,5.912705076609051e-06,3.964017608509411e-06,0
0.9229167575263457,0.07705490034568506,8.581236389418288e-06,1.3081443147797844e-07,9.753354314729438e-06,5.912705165566327e-06,3.964017668148477e-06,0
0.8052346985978978,0.19471403948227414,1.5075117388689053e-05,2.210046222475266e-07,1.607458709544347e-05,9.734280521808724e-06,1.0156930199754524e-05,0
0.8055870470044335,0.19435469486434315,1.600229153486755e-05,2.28609759956745e-07,1.8558350591217584e-05,1.0332973918268891e-05,1.3135905419148021e-05,0
0.9200201853419138,0.0795312078875341,5.9039603829296595e-06,9.069246020403903e-08,0.00043411518104047916,3.901621495882042e-06,4.59531517283802e-06,0
0.37773807088540995,0.6221801135187974,2.545183857634024e-05,3.7086199204349265e-07,2.5434886726164565e-05,1.4969340629627356e-05,1.558866786833058e-05,1
0.5311277393163799,0.4688036307734962,2.1530989857791456e-05,3.010591642942469e-07,2.0937584110806855e-05,1.1972268922861969e-05,1.3888008068276956e-05,1
0.15538727423314902,0.8442517488931431,1.502861640671867e-05,1.736262243889061e-07,0.00033289532503109534,7.712409719270215e-06,5.166896326203699e-06,1
0.34691590648483095,0.6509817503785509,1.1537896235512333e-05,2.2395997189149408e-07,0.0020783918597432447,7.573769961814368e-06,4.615650705707701e-06,0
0.0723468604271456,0.9275275406220866,1.2662679283829425e-05,1.3653713668305625e-07,9.884599025729402e-05,7.369516128100207e-06,6.58422796163535e-06,1
0.07500216569492386,0.9248963767035555,6.986969438222014e-06,1.2300724602288562e-07,8.711095068817956e-05,4.754742517791635e-06,2.4819316302401077e-06,1
0.15632590876385716,0.8416348619053581,1.1738754307418195e-05,2.2415125232311657e-07,0.002013707086570974,1.0382590041797106e-05,3.1767486124270954e-06,1
0.07873406746990952,0.9144565934354105,2.415821947389651e-05,7.657407248052996e-08,0.00672692023885129,5.557229203277516e-05,2.6117702494833946e-06,1
0.05602481949985895,0.7418637488824502,3.221376598697864e-05,2.0102442583548502e-07,0.20200888446140455,5.200332000155874e-05,1.8129045871842558e-05,1
0.004593361330318017,0.06260167665310788,5.359067595773214e-06,4.427538082936127e-08,0.9327912136599372,7.291357116412588e-06,1.05365654388646e-06,4
0.04832920398327099,0.7066901623390398,5.378957867867074e-05,5.560753711754954e-07,0.24479647466382004,0.00011971799957511992,1.0095360244072543e-05,4
0.9677659843979435,0.024861057887021754,8.742203291378162e-06,1.4019159508862538e-07,5.18698400593461e-06,4.751763155608812e-06,0.007354136572986657,0
0.9533994000880712,0.04336573978025968,7.5952275961565184e-06,1.4190951928715283e-07,4.524911592430183e-06,4.78450013526091e-06,0.0032178135828263266,0
0.9384596152773256,0.060798968087949046,6.893091650860904e-06,1.2879078476475973e-07,4.083396114882647e-06,4.342200087934036e-06,0.0007259691560868256,0
0.967730693861737,0.03163718409573748,3.631833901622513e-06,1.1488832153314504e-07,2.5773942640929513e-06,2.766010695066539e-06,0.000623031915342979,0
0.9700286294874175,0.02915897268169834,1.0360431694296274e-05,1.6470748213873658e-07,9.943075683729247e-06,5.6816410645188245e-06,0.0007862479749594128,0
0.9034566480738294,0.09419373658994999,1.3182500274265748e-05,1.8090563717464898e-07,1.4316707375388123e-05,6.367750879294264e-06,0.0023155674720546035,0
0.6073030670875833,0.392328034698457,7.32639810258242e-06,1.368866988752123e-07,5.286233445461655e-06,4.615155012671264e-06,0.00035153354070011815,1
0.6461086863427634,0.3535452352733106,6.602161741702378e-06,1.233550393532814e-07,5.0477835983451585e-06,4.1589331387744344e-06,0.00033014615040773967,1
0.3832057513764416,0.6166732796863231,1.3611485454202406e-05,3.086461789723127e-07,1.270765141753917e-05,9.287277055179357e-06,8.505387712960751e-05,1
0.1433509822877998,0.8565279407354187,4.8751216135067236e-06,1.0276963125320905e-07,3.5291943279592744e-06,3.54507366351371e-06,0.00010902481754507629,1
0.13213171304145008,0.8677465779697066,6.218196986294499e-06,1.1641414522288929e-07,3.9271519382599665e-06,4.01574585076891e-06,0.00010743147992265309,1
0.13363251955817038,0.8662395751804287,6.2248461751936e-06,1.1653862819501455e-07,3.931351286580792e-06,4.020039933569984e-06,0.00011361248537737426,1
0.06350707254800086,0.9363795391464099,3.6105667060756446e-06,5.261399439669926e-08,1.77489728313506e-06,1.8149377748416528e-06,0.00010613528983064416,1
0.06357759675780437,0.9363134101864208,3.847668606761555e-06,5.606909690266966e-08,1.9289672758438304e-06,1.973592678919806e-06,0.00010118675811635572,1
0.07890787248227804,0.9209760171419267,4.381565504141957e-06,6.384916320636616e-08,2.196627968324349e-06,2.196614018901291e-06,0.0001072717191408048,1
0.05636694958913123,0.9435496105621535,3.129921947254557e-06,4.560993029649537e-08,1.569136437995112e-06,1.5691264733819303e-06,7.712605392634616e-05,1
0.03051235329334289,0.9693908801192838,3.589967979575777e-06,4.222384232303136e-08,2.1588709572261953e-06,1.4526342918367458e-06,8.952289030243005e-05,1
0.03134071842587348,0.9685509070284372,2.2159506002713135e-06,4.2187255542537677e-08,1.8588992159276437e-06,1.451375590376883e-06,0.00010280613302727313,1
0.26679771850590855,0.7322723420306289,1.0273692049364554e-05,2.1614009940368168e-07,1.0141119062914907e-05,7.287194967799749e-06,0.0009020213172830944,1
0.5712438589371569,0.42467368384598786,1.403447894287903e-05,2.0755422319153524e-07,2.2342166944535406e-05,7.035004558790169e-06,0.004038838012185692,1
0.5854170101946299,0.41136933292108524,1.2738462369003e-05,2.3800591204896522e-07,2.411878559899106e-05,8.188159354546054e-06,0.0031683734710505054,1
0.5856088318978901,0.413158675648651,1.2788825294296338e-05,2.389468948474121e-07,3.566127469458135e-05,8.220532151663736e-06,0.0011755828744232821,1
0.789986380075673,0.20879819400429345,1.0319498582042804e-05,1.891649992397564e-07,1.1976051406353675e-05,6.500613936387312e-06,0.0011864405911095426,0
0.799272497531012,0.1984754566454672,8.599648446452551e-06,1.9093123803189851e-07,1.1047412950382839e-05,6.4627245071149585e-06,0.002225745106378693,0
0.8087158586671461,0.18913647551784538,9.408039420360592e-06,1.819472394116637e-07,1.0901371149978926e-05,6.158630171094479e-06,0.0021210158270275575,0
0.8020697991727064,0.1961111114734469,8.111381779113932e-06,1.804519896709551e-07,1.0811783242857708e-05,5.764998908866347e-06,0.0017942207379261616,0
0.7937955814357461,0.20480932540921398,8.027704100366737e-06,1.6602831146996329e-07,1.070024800145042e-05,5.705526707974979e-06,0.0013704936479185651,0
0.508440864067597,0.4901187257298167,1.0574431890519407e-05,1.9781428901381886e-07,1.2063085185660707e-05,6.7286354892963876e-06,0.0014108462357317923,0
0.37562857767919,0.6238380872721094,8.121183690005378e-06,1.575122477943281e-07,9.605391361769332e-06,5.467101922191122e-06,0.0005099838594786017,0
0.2767721726950651,0.7231690267592237,6.4598502729171484e-06,1.3658950838524424e-07,8.329483594603292e-06,4.740893322906404e-06,3.9133729012380485e-05,0
0.364775221849863,0.6351504032849513,8.886710705542307e-06,1.7235982242964897e-07,9.995623022047438e-06,5.982447268126574e-06,4.9337724367557594e-05,0
0.4467888775432884,0.5531591760103839,1.8958118251449618e-05,2.388967394077899e-07,1.7322252577566597e-05,8.208326784021074e-06,7.218851975276581e-06,1
0.5387742502045665,0.4611721594272761,1.7676436050013038e-05,2.561275736836787e-07,1.9117914227070485e-05,8.800366335705278e-06,7.739523970869785e-06,1
0.5451383175129746,0.4548230643962257,1.1628221763343831e-05,1.9765066196811953e-07,1.5990515377211964e-05,5.430160432987828e-06,5.371542564179177e-06,1
0.9181524114179603,0.08181940985891704,8.519842614010339e-06,1.301391319751249e-07,9.703004859814747e-06,5.882182181108769e-06,3.943554336004163e-06,0
0.9410642343256954,0.05887719821465017,4.827200296122011e-06,7.168290222063125e-08,4.82563895195104e-05,3.240008471955658e-06,2.1721784645341453e-06,0
0.8250374606229592,0.17456758705049308,1.407356936389546e-05,2.042048125126009e-07,0.0003652567249060803,9.229890281486376e-06,6.187937183805022e-06,0
0.5195720012231839,0.4803642526553452,2.3089982477985244e-05,3.0848323470242325e-07,1.0212066843675557e-06,1.2267503142478959e-05,2.705894593134492e-05,1
0.20307364407453457,0.7968537654718753,1.499776197009261e-05,1.8605347766746163e-07,4.3586882289421155e-05,8.283040223568583e-06,5.536715629340454e-06,0
0.2840485856754146,0.7139151833353666,1.384548136305921e-05,1.8438106683012703e-07,0.00200791785527516,9.750402966595813e-06,4.53286854738193e-06,0
0.44587242636708685,0.5520152508259946,1.3838379344187678e-05,1.612306509826625e-07,0.002083703388967094,9.083865867558401e-06,5.535942088754145e-06,0
0.502769801337801,0.49340995977660385,1.3413196167555892e-05,2.0519753942855646e-07,0.0037924898083803896,8.804764764054704e-06,5.3259187438055605e-06,0
0.33437835323529796,0.662896369270406,1.5304035775513866e-05,2.144417508531675e-07,0.0026880390174954714,9.201422088745607e-06,1.2518577185429762e-05,0
0.27394950919098765,0.7232314438956587,1.2824691522185752e-05,1.618759637528095e-07,0.0027893242321016614,8.560292574129165e-06,8.175821191903046e-06,1
0.29517416773547206,0.7029779002816747,1.1785590857267706e-05,1.64654220416434e-07,0.0018220516235037036,9.074562962748104e-06,4.855551309210367e-06,1
0.3437943918784164,0.65464219986149,1.1316526690855673e-05,1.4038622230096296e-07,0.001524407077959894,7.684722430169629e-06,1.985954679048073e-05,0
0.3136362090910192,0.6837349382779838,1.1378527470802091e-05,1.4115536777414283e-07,0.0026027685333728182,7.726825347200459e-06,6.837589438465164e-06,0
0.19099581041688038,0.8061351368850506,1.0228025401105067e-05,1.2688291088640212e-07,0.002848391449538011,7.087292063557235e-06,3.2190481555273783e-06,0
0.12056724326518486,0.8744795323315835,1.630585571033824e-05,1.8527568607631465e-07,0.00492123994393261,1.034893422861652e-05,5.144393673841702e-06,0
0.05976048182891915,0.9401652763489708,7.689510939343957e-06,9.78560986572827e-08,5.866668695197122e-05,5.281728581739775e-06,2.50603953813888e-06,1
0.17459572552700423,0.8186483828831193,1.1418148969108164e-05,1.7183473544911214e-07,0.00672931688479656,1.096749580484627e-05,4.01722557050638e-06,1
0.17504715952587066,0.819514359870661,1.1430227236718915e-05,1.807285363932778e-07,0.00541366668612546,1.0109706735103917e-05,3.093254834631545e-06,1
0.17546911219765918,0.8215791960648582,1.380895707155634e-05,2.517864464048074e-07,0.0029223999494803923,1.166264040021352e-05,3.5684040840932295e-06,1
0.0856147781933475,0.9134491214892793,8.769587024666266e-06,9.195040882968911e-08,0.0009166611973750946,7.462424324484677e-06,3.1151582403659678e-06,1
0.0769258658103139,0.9105936756029572,2.1508219682570696e-05,7.894214607271077e-08,0.012413384114410467,3.536797932524162e-05,1.0119331164303907e-05,1
0.07413616870025394,0.9151755822716162,2.1587722206018643e-05,8.337848917645543e-08,0.010630858869784285,3.1293005778373595e-05,4.426051871831066e-06,1
0.0749286268616652,0.9185932572184852,1.9757642531673477e-05,7.631015297760899e-08,0.006415803595629124,3.987560298981428e-05,2.60276854585633e-06,1
0.10868056116932084,0.8782722102954202,3.2719004052463554e-05,1.0569901232887258e-07,0.012936619824036162,7.417885138799683e-05,3.605156769878218e-06,1
0.0019965760763273207,0.03512249189860327,3.259843615699759e-06,2.6932076326692528e-08,0.9628726282856981,3.9265344885940794e-06,1.0904291909392373e-06,4
0.0034306441287242284,0.04209683218766046,3.907156987730311e-06,3.2280030154555314e-08,0.9544630052425179,4.810810460892556e-06,7.681936184870557e-07,4
0.9592729630656353,0.03225236945338689,9.89095142376668e-06,1.5861313342020973e-07,5.965984362775533e-06,5.37615712914425e-06,0.008453275774928635,0
0.9656980334200717,0.0334811423735912,3.843513618958318e-06,1.2158453289249618e-07,2.7276164669977656e-06,2.9272263172396576e-06,0.0008112042654007665,0
0.9683526561208547,0.02944048387810198,5.121510546293889e-06,1.2669603628422845e-07,4.316396245423622e-06,3.900550886871856e-06,0.0021933948473283602,0
0.9703906392523772,0.028378942001148197,1.0300782533486448e-05,1.6375919510026466e-07,6.5375880606299225e-06,5.648929578016986e-06,0.0012077676871072225,0
0.9374252457982672,0.061505397071691406,1.0357647345475973e-05,1.6466321727631386e-07,9.417965251978132e-06,5.680114132913833e-06,0.0010437367400936747,0
0.9133042687187519,0.08551393384154764,1.0588902869547398e-05,1.6833965820313818e-07,1.1621311500005128e-05,5.925437279260996e-06,0.0011534934483933227,0
0.782261978406829,0.2149860370618728,1.180138518564753e-05,1.6195236579822058e-07,9.74956373425457e-06,5.700609090029626e-06,0.0027245710209225235,0
0.9087897662906337,0.08861177443340194,7.123130553983048e-06,1.2643672931350805e-07,8.165388444476184e-06,4.285545017786581e-06,0.002578758775218814,0
0.8075966559834582,0.19036615991171346,7.742522791134471e-06,1.1863249810966732e-07,7.137117498688933e-06,4.0210223246192796e-06,0.0020181648097158623,0
0.7942674675461411,0.20545595597941677,6.687163196261199e-06,1.2494320974086203e-07,4.825004763374245e-06,4.212478534970311e-06,0.0002607268847380739,1
0.6474012724519392,0.3523216144089972,6.579311644881043e-06,1.229281072811969e-07,4.747186377031065e-06,4.1445390617111324e-06,0.0002615191738727268,1
0.6050569342273187,0.394642852743537,6.686006243300315e-06,1.4066160900062691e-07,5.059642979828387e-06,4.742426657987019e-06,0.0002835842916542801,1
0.40978416995379485,0.5900927603349417,1.4626388393782893e-05,3.309953875412871e-07,1.3627818169313139e-05,9.959772961771055e-06,8.45247363509777e-05,1
0.18528950390017862,0.814660339772677,6.301595654341115e-06,1.4289134177786802e-07,4.561846329900341e-06,4.582372002869486e-06,3.4567621815488954e-05,1
0.14334752985239455,0.856507312293667,4.875004202086202e-06,1.0276715617066785e-07,3.529109331573094e-06,3.5449882846928965e-06,0.0001331059849639417,1
0.11259730798099105,0.8873013022622092,5.229810168929802e-06,9.79100343453003e-08,3.302928354780758e-06,3.3774402021162108e-06,8.938166803968485e-05,1
0.10631941067081604,0.8933659841532926,5.61670024041116e-06,1.0494263944113124e-07,4.899878349527624e-06,3.6103601269109244e-06,0.00030037329453504007,1
0.2188974793526315,0.780330306939938,9.29652449453205e-06,1.7369661479636034e-07,8.149705012327541e-06,5.975715262926739e-06,0.0007486180660456974,1
0.21327661211289717,0.7860121564479912,8.732667019228048e-06,1.631614804302289e-07,7.655405008554497e-06,5.501013104048143e-06,0.0006891791924995243,1
0.7945490490319529,0.20346112932056487,8.118643501099933e-06,1.519934067114727e-07,1.0776510371773228e-05,5.124479870150916e-06,0.001965650020332767,0
0.4634621502619866,0.5331926378087614,1.3046497462558788e-05,1.680657688877383e-07,1.8301985673070318e-05,5.7819962783697275e-06,0.0033079133840692525,1
0.5762660980777767,0.42050517467710613,1.6405446922234717e-05,2.0782293660897876e-07,2.237109259076145e-05,7.044112540731731e-06,0.003182698770126832,1
0.8620804949428794,0.1375976463943382,8.339208835909778e-06,1.5581009287173794e-07,1.625884610249902e-05,5.3603620956186125e-06,0.00029174443565561074,0
0.7310387854421518,0.2680106206732724,1.032862790577187e-05,1.6492058648261807e-07,1.0083137355434879e-05,5.667459980412477e-06,0.00092434973874763,0
0.7915847936174895,0.20696367654368966,9.847075377190787e-06,1.770425137960541e-07,1.1018873673745819e-05,6.084027368387468e-06,0.0014244028198878037,0
0.7952162148175619,0.20335421790851932,7.255959461262404e-06,1.6704495221600665e-07,1.039663969313854e-05,5.740463345453313e-06,0.0014060071664668578,0
0.5615878986870136,0.43657657382359677,9.331733079253327e-06,1.9299813083121126e-07,1.2406369676602494e-05,6.632338667408172e-06,0.0018069640498355663,0
0.3902772317914095,0.6089716873409727,8.964209613180718e-06,1.7386293178041443e-07,1.0602486641141182e-05,6.034618779459225e-06,0.0007253056896521673,0
0.37810596690805487,0.621818532621395,8.591849885624905e-06,1.6664092820135725e-07,1.0045167547847117e-05,5.783949830205894e-06,5.091286235841608e-05,0
0.2624488962013062,0.7374935382281065,6.540754939876518e-06,1.2685946435612828e-07,7.736127318023806e-06,4.403172649374757e-06,3.8758656215726313e-05,0
0.29934534898371795,0.7006114522854572,8.183886187079611e-06,1.5872837731848043e-07,9.679553213877101e-06,5.509312633753107e-06,1.9667250412867705e-05,0
0.3597044269326517,0.6402447290673413,9.681914497930073e-06,1.877829850589735e-07,1.13196173827895e-05,6.38742157532187e-06,2.3267263565735693e-05,0
0.46732248404153137,0.5326173532122082,2.0185222606768513e-05,2.89601049048056e-07,1.898596653739256e-05,8.739628119573339e-06,1.1962327947691979e-05,0
0.5352611423524964,0.4646783449545194,2.053611824760219e-05,2.5878157443552416e-07,1.865595866871825e-05,8.891555966464528e-06,1.2170278526828046e-05,0
0.5126852731033882,0.4872769453654539,1.1376326839744694e-05,1.9336907881559273e-07,1.5644122804793794e-05,5.312530250554396e-06,5.255182184118422e-06,1
0.5252097074167827,0.47475005625431693,1.174533862819455e-05,1.9964135550118807e-07,1.7380853567844386e-05,5.48485180183949e-06,5.4256435468859215e-06,1
0.9375675584050283,0.06240819705382661,7.664910503921458e-06,1.1795779192220835e-07,7.5556492265890705e-06,5.33159558725483e-06,3.5744280351371628e-06,0
0.6592404072892617,0.3406896571282177,2.4438365208732277e-05,3.0428866049922337e-07,2.232325586912312e-05,1.3564058236462659e-05,9.305614545689307e-06,0
0.7361092080686746,0.26382472657056144,2.150306010622503e-05,2.6774038690687536e-07,1.961637297704806e-05,1.1934871954478144e-05,1.2743315339180003e-05,0
0.9245071137800518,0.07520906886611697,6.470944895629902e-06,8.381764654251473e-08,0.0002693317018727515,3.876157819961602e-06,4.054731596120698e-06,0
0.4955789797034456,0.5043382818122327,2.1723440416222184e-05,3.287577699643643e-07,2.9544493558480686e-05,1.3012548368736018e-05,1.8129244208355566e-05,0
0.5524553609920545,0.4474658532379658,2.4263309892599037e-05,3.575405574260528e-07,2.3086544748626998e-05,1.4538991947309008e-05,1.6539382833763025e-05,1
0.5717383634512635,0.42821391272625237,1.7232754605871157e-05,2.626893425368168e-07,8.696100219822028e-07,1.0446409958631088e-05,1.8912358555091912e-05,0
0.20238823299933695,0.7972643631472344,1.594515214831353e-05,1.9780624702848316e-07,0.0003165879549164641,8.78647697076983e-06,5.886463146156592e-06,1
0.30216147417542377,0.6958538629685957,1.3495204915145514e-05,1.7971641534866173e-07,0.001957119597301638,7.982933645684825e-06,5.885403702796229e-06,0
0.5719573555686756,0.4260273218801409,1.2150279669696468e-05,1.8587721080387607e-07,0.0019901861821537896,7.9757540986331e-06,4.824458050635336e-06,0
0.5322708692550592,0.4644790473959844,1.187621953607485e-05,1.8168458852562719e-07,0.0032255139526089654,7.7958540227973e-06,4.715638200067892e-06,0
0.5330296469520965,0.4638485510666346,1.2204565859285644e-05,1.867076909064183e-07,0.0030965533055489335,8.011388940865983e-06,4.846013228912838e-06,0
0.400150073140388,0.5884589390650241,1.6611045484936192e-05,2.3275570768010143e-07,0.011357134690343117,9.98725062357728e-06,7.022052428523926e-06,0
0.26014445918901286,0.736470110613515,1.1988660702639476e-05,1.5376195021349346e-07,0.0033605780011773455,8.41690792974742e-06,4.292865712290483e-06,1
0.21929304896345755,0.7787315663846988,1.2375740114185832e-05,1.5833760898807114e-07,0.0019495139169233185,8.667378859454588e-06,4.669278337808904e-06,1
0.18474999036393516,0.8130099937055315,1.4828703482263662e-05,1.6849150759728177e-07,0.0022114580210894513,9.286046786489033e-06,4.274667667725958e-06,1
0.2973494194585214,0.7014320668670523,1.2647290591949432e-05,1.5689490221244194e-07,0.0011930324332353598,8.646924840797507e-06,4.0301308559283e-06,1
0.25594612010101725,0.7425020060249208,1.1200400661744972e-05,1.3894563059089025e-07,0.001527333390017834,7.646388470924083e-06,5.554749280765928e-06,0
0.19905829744810855,0.7982412253103398,1.1550108341003862e-05,1.432838998621909e-07,0.002677099940559847,8.00340124004567e-06,3.6805075107568634e-06,0
0.06727359489599315,0.9326141981069636,1.062677056907928e-05,1.2456246334859338e-07,8.539474987894876e-05,6.852734723444607e-06,9.208179408576297e-06,1
0.19591955665071364,0.7983183810887098,1.2812677269429933e-05,2.4656991789394294e-07,0.005734203195145018,1.1332443966586563e-05,3.4673742776451217e-06,1
0.0659612099619288,0.9278198472825113,1.7211041715785413e-05,7.777878105012454e-08,0.006167561674690762,2.4122057100948644e-05,9.970203271103821e-06,1
0.08690090519342071,0.9017697904634916,2.1299799544019077e-05,7.817717652781769e-08,0.011273005485583363,2.706724429141734e-05,7.853636492186323e-06,1
0.08128502298076029,0.9125783087606127,2.1555096711357333e-05,8.314186054964267e-08,0.0060809311910533705,2.8642850594309608e-05,5.4559784074262465e-06,1
0.09472029164570744,0.8952207485677601,2.4835720791666945e-05,9.212172965187298e-08,0.00997908992516105,5.1799952807959786e-05,3.1420660419607525e-06,1
0.07334500845879423,0.7764072215621687,3.1210690834502994e-05,2.295812485537816e-09,0.1501577862543402,5.4949764246029476e-05,3.820973803991965e-06,1
0.0038108048658308346,0.050294308562262156,2.1113563021883127e-06,1.4997240113022467e-08,0.9458884803621918,3.421472758179389e-06,8.583834148112482e-07,1
0.9694909259447967,0.025850231883702775,8.330986657324112e-06,1.3359724879701393e-07,4.942998132726167e-06,4.528249244350467e-06,0.004640906340217543,0
0.9552512848260479,0.036739941373897925,6.973205584349107e-06,1.2954322672955894e-07,4.199168619117166e-06,4.3908390616645444e-06,0.007993081043562283,0
0.9590264775671601,0.03736190690596662,7.127886763655838e-06,1.3241678306449634e-07,4.222227231341878e-06,4.464451149333523e-06,0.003595668544946035,0
0.9555903987836468,0.0416704700044643,6.915629100642657e-06,1.2921187532774765e-07,4.0967470667543925e-06,4.356397217666369e-06,0.00272363322662846,0
0.9137092607197027,0.08452666688900919,1.0946362539492823e-05,1.7402246022723413e-07,1.1795709988574729e-05,6.125467903795139e-06,0.0017350308283961369,0
0.8024895651772229,0.1943329286659229,1.2930887382743636e-05,1.7745271174205693e-07,1.3608431359247554e-05,6.246210338585194e-06,0.0031445431750618457,0
0.8448288783766252,0.15139429442721739,1.0823721905378618e-05,1.8368282796235124e-07,1.3263963151221631e-05,6.225888889257311e-06,0.0037463299393834908,0
0.714294883660217,0.28424746732047534,8.48913777286488e-06,1.30072283667703e-07,7.82535297369367e-06,4.408771329745979e-06,0.0014367956849475614,0
0.7744176901306331,0.2248088723760351,7.409794626130249e-06,1.188248423530499e-07,5.499310121080097e-06,4.0275417902714175e-06,0.0007563820219518453,0
0.5685280894931681,0.43117790171016523,6.7064930321961315e-06,1.2530436912558066e-07,4.427633681897277e-06,4.224655076288448e-06,0.0002785247105071735,1
0.23694577286749405,0.7629971006999791,6.943046465229282e-06,1.5743650971309878e-07,4.938442498495389e-06,4.846948141375132e-06,4.024055891205817e-05,1
0.09888891727311677,0.9010241937068015,4.586076714151792e-06,8.585836083696132e-08,2.8963733533508755e-06,2.961713592662751e-06,7.635899806078604e-05,1
0.0700210304449083,0.9298796226196557,3.3542910349430015e-06,5.3325657369099256e-08,1.8287662684417484e-06,1.8394868330603862e-06,9.2271065642264e-05,1
0.04832041826143748,0.9516219345917004,2.9649344965383305e-06,4.0225172975335364e-08,1.3838825060669902e-06,1.3838737178867351e-06,5.1874230968309445e-05,1
0.03400146273321145,0.9658947922956141,3.3984969757508425e-06,4.61073014818168e-08,2.07192306119737e-06,1.5862376219610132e-06,9.664220621424708e-05,1
0.02846372878882506,0.9714317603762068,2.13676961435408e-06,4.067980836091229e-08,1.8012362929195406e-06,1.3995146192125537e-06,9.913263463320196e-05,1
0.1013525556043463,0.8983402836475575,5.5390516638264e-06,1.0349185050334488e-07,4.832139541509724e-06,3.5604483792986847e-06,0.0002931256166609716,1
0.5549992101612311,0.4426386077787503,9.495398268108139e-06,1.777683587974322e-07,1.1912109950510243e-05,6.115796189676299e-06,0.0023344809872514866,1
0.5309780109729741,0.46670732164972856,1.032249250761427e-05,1.9325282626012347e-07,1.2949711243498842e-05,6.6485110538294e-06,0.0022845534096661924,1
0.8530950819485283,0.14659734222603096,9.473804486983422e-06,1.5418609367287714e-07,1.6089381130376867e-05,5.304491364856296e-06,0.0002765539623649567,0
0.8940162471758001,0.10557945250798481,1.0268187467233916e-05,1.6395551419403503e-07,7.670721673445498e-06,5.63429548172616e-06,0.00038056315607845024,0
0.5668312745787853,0.43241937691489857,9.52771425630779e-06,2.0466603665250385e-07,1.2301043583138762e-05,6.694262802091378e-06,0.0007206208196379309,0
0.4067826040890444,0.5928325379304757,9.058178180808138e-06,1.756854740198202e-07,1.0713628674398852e-05,5.975925810703392e-06,0.00035893456233981473,0
0.32253648776308885,0.6774151460500912,9.16284716423071e-06,1.777155533139909e-07,1.0837426705275768e-05,6.168339648068717e-06,2.20198577490319e-05,0
0.36918764433189827,0.6307639205053747,9.17591446882582e-06,1.7796899672790137e-07,1.0852882158504086e-05,6.17713643050792e-06,2.2051260672510845e-05,0
0.4740466533718423,0.5259054666802212,1.6179429921485645e-05,2.2957060369281845e-07,1.6646020332505945e-05,7.887887209289399e-06,6.937039869365839e-06,0
0.48092632983968486,0.5190249796165359,1.63802663102929e-05,2.2704464440092273e-07,1.7197776293405397e-05,8.005413009116723e-06,6.880043521920236e-06,0
0.8970811549254245,0.10289078344643,1.0628426884165294e-05,1.4132606981958513e-07,6.521690463237956e-06,6.3878226095575554e-06,4.382362118660714e-06,0
0.8872517677080626,0.11271268018180534,1.4154948796943995e-05,2.2226965832428883e-07,8.641497353026519e-06,7.856439994083188e-06,4.676954329746969e-06,0
0.2881046122426694,0.7099143712909501,1.407733501733134e-05,1.660830592805513e-07,0.001954453281765564,7.377345243264407e-06,4.942421295294734e-06,1
0.3719844655880688,0.6258415649745791,1.3731902757872023e-05,1.956390647924951e-07,0.0021460067735691282,8.078938700589547e-06,5.956183259623543e-06,0
0.5863140851829646,0.41140398413490886,1.1179061354522378e-05,1.7101933457272678e-07,0.0022588035591918202,7.338221575226519e-06,4.438820670513766e-06,0
0.5336878965473488,0.46442136746201496,1.2219637536035787e-05,1.8693826018651816e-07,0.0018654561347920457,8.021282374670065e-06,4.851997673239264e-06,0
0.3955355404673711,0.5979844280028735,1.6846396318971298e-05,2.3834486621447107e-07,0.00644653345398716,1.0227074289402802e-05,6.186260293357214e-06,0
0.08836247772919043,0.9090020914568046,1.200038115345508e-05,1.3865955330698167e-07,0.002611643857653348,7.79787280372613e-06,3.85004284132748e-06,0
0.05277137268649024,0.9471274700714871,7.81513225607851e-06,9.945474544519946e-08,8.468114802950575e-05,5.368014654327024e-06,3.1934923372825393e-06,1
0.07812310876696553,0.9146174919325945,1.919545024258652e-05,7.597987485420097e-08,0.007188599008087144,4.893735873690839e-05,2.591503498186421e-06,1
0.10313640922926241,0.8715950407307462,3.163196056537135e-05,1.0393491301622668e-07,0.025189465219605234,4.380393761735524e-05,3.5449872901489768e-06,1
0.0050676168395633065,0.06089875899866246,6.1334444793729635e-06,4.7877316018316115e-08,0.9340161279957468,1.0175469564207467e-05,1.1393746678507463e-06,4
0.950584560777399,0.04761619895176224,7.870554846454527e-06,1.6075193256804655e-07,6.364817548093939e-06,5.545193025961341e-06,0.0017792989534854517,0
0.9489696273756036,0.04901038645046431,1.0164160509158798e-05,1.6158721324702846e-07,6.3978896800318705e-06,5.5740063193495875e-06,0.0019976885302103184,0
0.8775314821094784,0.1198294904975812,1.4909009222005391e-05,2.0459880575271448e-07,1.6538496329897862e-05,7.2017337081465756e-06,0.00260017355487458,0
0.7890656007352412,0.2054252088000262,1.2460062045008265e-05,1.709914975604604e-07,1.0293721214041445e-05,5.882650637726499e-06,0.005480383039338349,0
0.831547659638772,0.1654271525804321,1.2834972309603105e-05,1.7051397807090824e-07,1.026497444844286e-05,5.866222450536973e-06,0.002996051097609142,0
0.823400021039854,0.1742181217494409,1.4024464517701991e-05,1.8631650910835632e-07,1.1885240352110885e-05,6.409879711929558e-06,0.002349351309614533,0
0.8507080472224633,0.14582320183127526,1.0232946961800767e-05,1.8163647784964735e-07,1.1730233812449722e-05,6.1565283041032936e-06,0.0034404496007051848,0
0.7781364720179856,0.2213609399137288,7.175200047116749e-06,1.3329573541038063e-07,5.613738254100924e-06,4.518029514696765e-06,0.0004851478047344131,1
0.8282809807497473,0.1714921884966555,6.257506577719603e-06,1.1624748238867558e-07,4.7022115258493265e-06,3.999282631968553e-06,0.00021175550537925244,1
0.38198748386385256,0.6178915342709674,1.3645745526036607e-05,3.08803424815393e-07,1.2714125579530662e-05,9.292008640437678e-06,8.50211820090616e-05,1
0.2840282762411048,0.715862810163261,1.1403203301615748e-05,2.585724489020803e-07,1.0164265265936193e-05,7.780540098652086e-06,7.930701451900117e-05,1
0.1458537440447085,0.8539277694451141,5.578696521726825e-06,1.1760128871924296e-07,4.038525740021991e-06,4.056696772674681e-06,0.00020469498985437284,1
0.08246055215191807,0.9174478427059845,3.980412833577515e-06,6.32795809128489e-08,2.168288989622373e-06,2.1828508382949026e-06,8.321030985517327e-05,1
0.09936113583273296,0.9003816488005422,6.612404693054104e-06,9.63574562640327e-08,4.330013454170589e-06,3.3150025564334733e-06,0.0002428615885648552,1
0.02484118446822402,0.9750582635458878,1.9615254044101948e-06,3.734351003984512e-08,1.653510385103149e-06,1.28473535985709e-06,9.561487122896359e-05,1
0.10476346859429261,0.8950202909303624,5.310168475964002e-06,1.0499530820595253e-07,4.902337507614542e-06,3.6121720997129913e-06,0.00020231080195372812,1
0.1670101208256836,0.8323652759757771,7.216412027625847e-06,1.3483171489642195e-07,5.970130836244907e-06,4.638639259479788e-06,0.0006066431847010692,1
0.7946566869814653,0.20370729964923143,7.450733628155055e-06,1.5217730555746e-07,1.0490289568752465e-05,5.130680046558532e-06,0.0016127894887543327,0
0.6052051932317841,0.3922100250247589,1.1944881186226922e-05,1.9440284755943945e-07,1.3026773214794255e-05,6.688075439347622e-06,0.002552927610769031,1
0.5694663682643124,0.42816789274426814,1.268855852335181e-05,2.0650619038458198e-07,1.9601757338736748e-05,7.1044688764761076e-06,0.002326137700490528,0
0.5972256971547585,0.39998319135558247,1.2983390713027317e-05,2.113045819576344e-07,2.0870171890006662e-05,7.162122140937648e-06,0.002749884500333072,0
0.908810652644422,0.09080466750386852,7.546225487857192e-06,1.409939620448217e-07,6.471756415053497e-06,4.7536319893340075e-06,0.0003657672438551321,0
0.4568330730304793,0.5430714979600684,1.084893716085055e-05,2.0294941735388462e-07,1.22338546902136e-05,6.903306424158147e-06,6.523996175974098e-05,0
0.47358892707007405,0.526328406797226,1.024410448248708e-05,1.9868679065371855e-07,1.1976902212456423e-05,6.758313555162945e-06,5.34881256591879e-05,0
0.3989477615411902,0.6010188919039205,9.650162881650109e-06,1.871671550713431e-07,1.1413803051536146e-05,6.496395852325779e-06,5.599025948661635e-06,0
0.5161885295404829,0.483751366966684,2.0397248495277366e-05,2.570316364621059e-07,1.8529802969356247e-05,8.831429307669633e-06,1.2087980424315804e-05,0
0.8794058276456495,0.12056519193541765,1.0110989678768082e-05,1.7186151449752364e-07,9.305253958553099e-06,4.721641641293086e-06,4.670672139801121e-06,1
0.8945436156701471,0.10542632098682424,1.0264441104258321e-05,2.020663156313107e-07,1.0042845784042596e-05,4.802918348868346e-06,4.751071475991017e-06,1
0.9024844331367019,0.09748877134205074,8.58706970887747e-06,1.4890524503538383e-07,9.605173894242032e-06,4.459592391354889e-06,3.99478000806541e-06,0
0.817926692244298,0.1820231998620136,1.5644095914293216e-05,3.543099122335581e-07,1.7335475006148346e-05,8.729225875920341e-06,8.044786979584716e-06,0
0.6146726995410206,0.38524232722436885,2.5260672781815307e-05,3.197084597807295e-07,3.502849387488e-05,1.445056054032538e-05,9.913798954057298e-06,0
0.9111454862461447,0.08883062409281443,6.7555033540356525e-06,8.750351014853055e-08,1.0378181970035926e-05,3.955086993192332e-06,2.713385213459192e-06,0
0.7296673878853898,0.27026976909479555,1.8337829077464523e-05,2.3752847547967728e-07,2.5917637156772963e-05,1.0984534828559095e-05,7.365490276310748e-06,0
0.6642783922564887,0.3356613965555603,2.020071027382621e-05,3.057131068594454e-07,1.7884524207259262e-05,1.2347353682389422e-05,9.47288668065451e-06,0
0.5541119725805927,0.44583428220830273,1.8013345510558537e-05,2.7261000956489785e-07,1.455379047810494e-05,1.1085385004579837e-05,9.820080101588034e-06,0
0.41790510864716096,0.5819972568828485,2.711882828184455e-05,4.356583912266925e-07,3.221139896292608e-05,1.771556739582613e-05,2.0153016958725956e-05,1
0.3027232564771188,0.6972147417607848,1.8667972663576475e-05,2.6102674732023066e-07,2.061769576596609e-05,1.0380293263298147e-05,1.2074773656060312e-05,0
0.20880045736166777,0.7911368418888165,1.915836201152016e-05,2.601460897757168e-07,2.5071056054422698e-05,1.0500443601299619e-05,7.710741758927508e-06,0
0.30227069399903184,0.6975603579340499,1.8597953808075986e-05,2.600477018485155e-07,0.00012918749733861935,1.0216936922277492e-05,1.068563114769343e-05,1
0.2636390496418783,0.7344790260502946,1.517622253904652e-05,1.79047629718563e-07,0.0018532875807356103,7.953226446718563e-06,5.328230475922472e-06,1
0.4684323621545527,0.5269444402127903,1.6343256487958604e-05,2.3960314892727173e-07,0.004590114788300967,1.0281065596139418e-05,6.218919123008749e-06,0
0.2797790690291308,0.7193637762127543,1.103005196875835e-05,7.448034482816068e-08,0.0008330088520701814,7.530093320292663e-06,5.511280410809423e-06,0
0.09922595186968909,0.9006231638036575,7.4053205034781344e-06,9.90922029549369e-08,0.00013549217248395867,5.350045990558379e-06,2.53769547257414e-06,1
0.24166267433394661,0.7531696355205448,1.4828853360718875e-05,2.545000508697703e-07,0.005136251511490903,1.277638932205789e-05,3.5788912839918425e-06,1
0.1905785085189804,0.8019592696837693,1.3626214541398733e-05,1.783623762961787e-07,0.007432599136343504,1.1648252452889207e-05,4.169831536101057e-06,1
0.18954377846308224,0.8055753797706121,1.3422038833306226e-05,1.9209997089515662e-07,0.004850023161035148,1.2713471597775673e-05,4.490994868741725e-06,1
0.0770404888860105,0.9193373100552024,1.5833525123240897e-05,8.375764983336214e-08,0.0035760924197371963,2.6659783711504154e-05,3.5315725655249594e-06,1
0.11133143809163228,0.8606594021191187,3.18389084947181e-05,1.1809825635281208e-07,0.02792789176673971,4.528294852243182e-05,4.028067235637292e-06,1
0.0024490314581343603,0.0384607715948306,2.4522097137727774e-06,2.0488774089309632e-08,0.9590823154530757,4.364740362849121e-06,1.0440551087144675e-06,4
0.0021444967059335053,0.028156049735296063,3.1975453609617493e-06,2.1590178815282212e-08,0.9696911190615817,4.24121585588745e-06,8.741457930018e-07,4
0.9625725306534273,0.032780286568898614,6.774407559456225e-06,1.265732867181188e-07,4.1028974422170056e-06,4.267436817947715e-06,0.004631911462567736,0
0.9473642357228369,0.050890982701539106,1.095811003420673e-05,1.7420921888101016e-07,6.897645805310804e-06,6.009406731009166e-06,0.0017207422038344033,0
0.9356022415627325,0.06154523035232893,1.0992136151753584e-05,1.7475015735862058e-07,7.056294208670359e-06,6.028066589249126e-06,0.0028282768378312595,0
0.9539008388575189,0.044156858762350905,1.0971903047896097e-05,1.7442849667009415e-07,1.0724443701444785e-05,6.016970793520589e-06,0.0019144146340906631,0
0.8767972318609202,0.11696546252928032,1.4216475442319365e-05,1.9509504985872518e-07,1.9954930948465288e-05,6.867208201392334e-06,0.0061960719001572994,0
0.7707546800409303,0.2267871650875392,1.2056654068086453e-05,2.3300038712970024e-07,1.478755519250562e-05,7.897496665941924e-06,0.002423180165216567,0
0.8107269591828573,0.18822886661565438,8.635548176191312e-06,1.3231561344075148e-07,8.317058028490137e-06,4.4848084969863785e-06,0.001022604471173314,1
0.7417650342338877,0.2571698332011685,8.421991788444804e-06,1.2904345933167295e-07,8.111377875591517e-06,4.3738995560818685e-06,0.001044096252264288,1
0.41858021296047015,0.5813072758778094,1.453899756645469e-05,3.058744961542593e-07,1.3787130345361405e-05,1.0312603238839974e-05,7.35665560737844e-05,1
0.454123864353524,0.5457552948359511,1.4248317330319253e-05,3.5247517566426596e-07,1.4512188942663608e-05,1.060610768734221e-05,8.112172138876544e-05,1
0.13576112808187601,0.8641520700040243,5.198742242266695e-06,9.73283953051887e-08,3.283307157722887e-06,3.3573763640190333e-06,7.4865159940336e-05,1
0.08484826029670664,0.9150955914445216,4.682343860318981e-06,6.823217341911663e-08,2.337990679275091e-06,2.3536922147403097e-06,4.6705999844240395e-05,1
0.09221757901317054,0.907544377555533,6.119539132903482e-06,8.917530788370928e-08,4.0072693685293604e-06,3.0679138394356195e-06,0.00022475953364785623,1
0.051286403621797365,0.9486586504237795,2.836955874373137e-06,4.203958337344312e-08,1.446304383290665e-06,1.4462951987077483e-06,4.917435938324432e-05,1
0.07436757216519775,0.9255510175245102,3.115678030507776e-06,5.9316261493017605e-08,2.000993700951363e-06,2.0878905830555334e-06,7.414643171588555e-05,1
0.035844982082481595,0.9640608139692118,2.2906087124413948e-06,4.360859627822799e-08,1.9215278260413463e-06,1.5349918423348526e-06,8.841321132941142e-05,1
0.10248913763719893,0.8972827890722486,5.5325312870900155e-06,1.0337002353812008e-07,4.82645131685221e-06,3.556257144734998e-06,0.00021405468078022154,1
0.7624183809629009,0.23542866287610745,7.514646670228747e-06,1.5348269574024706e-07,1.0882102706417197e-05,5.174691466916281e-06,0.002129231237452336,1
0.6265137828066517,0.37098840196750593,9.066762520887892e-06,1.8518384355390477e-07,1.3129751177508489e-05,6.2435002879472356e-06,0.0024691900280124765,1
0.604941231943124,0.392549330385659,1.174106370061674e-05,2.1937047765593064e-07,1.8885925912570936e-05,7.5470412195479495e-06,0.0024710442699066608,0
0.49044598293944225,0.5087513018519686,1.1581044277749913e-05,1.8848140472945886e-07,3.492536404259715e-05,6.484358997670575e-06,0.0007495359598663519,0
0.6940001595826105,0.3055759762374603,1.2892731804475706e-05,2.0982910893247063e-07,2.7185469037590053e-05,7.218787829135952e-06,0.0003763573621490014,0
0.7468303845462644,0.252724520993826,1.3874181033588495e-05,2.2580218743362318e-07,2.6456576406440836e-05,7.612953674603734e-06,0.0003969249466075473,0
0.8829224247586516,0.11673129333491494,1.067798573562841e-05,1.7378413404385984e-07,1.8134444556176084e-05,5.859157419570803e-06,0.0003114365345878499,0
0.8739427620596046,0.12562834265065503,9.684771481755816e-06,1.576195798570763e-07,7.2348880213309455e-06,5.314167118133712e-06,0.000406503843539396,0
0.9120833717698489,0.08754479450626848,8.088697770919603e-06,1.454282953918735e-07,6.803918629259882e-06,4.997611648924832e-06,0.00035179806753818154,0
0.5094940034941138,0.4901393064498504,1.1519100545198451e-05,1.839292532365077e-07,1.121634974393561e-05,6.3206886670568876e-06,0.00033744998782652146,0
0.5094506887085629,0.4900976371096749,1.1286602186773076e-05,1.8391361643586658e-07,1.1215396182597322e-05,6.255805344925143e-06,0.00042273246443153917,0
0.3273098999708944,0.6726624360231089,8.005689484707897e-06,1.5527221080242823e-07,9.468789717939488e-06,5.389352345788746e-06,4.64490223756125e-06,0
0.5180737464904253,0.4818801355762568,1.535521387207855e-05,2.161699386258786e-07,1.63740583075913e-05,7.621979560106895e-06,6.550511639687147e-06,0
0.8594770301113236,0.14049517156476302,1.0355142821478124e-05,1.3769221478677235e-07,6.812233168215338e-06,6.223575338207771e-06,4.2696803702696865e-06,0
0.8881257277711517,0.11183887711695044,1.342315330830728e-05,2.2824054330717408e-07,8.873636040618096e-06,8.067489491046777e-06,4.802592514390161e-06,0
0.9192613957865566,0.08071617232641193,6.3193586586867715e-06,8.402843927384324e-08,9.624856114755527e-06,3.7980166357453278e-06,2.6056271828259768e-06,0
0.6218232867406291,0.3781161051822445,2.0846032742880947e-05,3.1547927519049414e-07,1.684244565573746e-05,1.2828616352107461e-05,9.775503100521504e-06,0
0.39711443096151106,0.6027947177254881,2.7991417344352314e-05,4.0303393195891885e-07,2.7794757969119637e-05,1.6018253827937023e-05,1.8643849927554074e-05,1
0.5918192367439425,0.4081260502911761,1.727372728425139e-05,2.415315754078799e-07,1.6484732926712363e-05,9.540021917385108e-06,1.1172951177543089e-05,0
0.2658374297615727,0.7340889011200487,2.0668067514023397e-05,2.8899326851418674e-07,2.785114487216221e-05,1.1492442476081167e-05,1.336847024781285e-05,0
0.29190690610335335,0.7064622982446078,1.810235097671571e-05,2.2456719608506566e-07,0.0015958412253185984,9.944673483043048e-06,6.682835064355232e-06,0
0.2910816141411705,0.7070126196181703,1.4303430659776089e-05,1.7132901458252595e-07,0.001878582578161835,7.610368548356743e-06,5.098534274613391e-06,0
0.4684660401488109,0.5279870765393468,1.594600940670443e-05,2.329400695386652e-07,0.0035162626563924257,8.395727615351105e-06,6.045978358192224e-06,0
0.4641071357965818,0.5276132259491403,1.7317015632514116e-05,2.426478352677076e-07,0.008244346391646598,1.0411709204647223e-05,7.320489958766113e-06,0
0.23108059137193895,0.7679689313752383,1.0441381597512021e-05,7.409474133371337e-08,0.0009293201562592227,7.235132689504683e-06,3.4064875350880094e-06,0
0.2883263360310463,0.7111335360524871,1.482556492343051e-05,1.9817453429252022e-07,0.0005075584169490533,1.2912751462941446e-05,4.633008596907752e-06,1
0.28331307331876704,0.709523007518334,1.4426248257307407e-05,2.0276661103599776e-07,0.007131533061123045,1.3016722786530042e-05,4.740364121199222e-06,1
0.23210073468663078,0.7634970584220113,1.4606159309364603e-05,2.0529533185536084e-07,0.004369416899565445,1.3179055518442854e-05,4.799481632624769e-06,1
0.21595631746563962,0.7798065827520784,1.3389985327654273e-05,2.3365865769223128e-07,0.004208138251484281,1.2026395982323444e-05,3.311490830019436e-06,1
0.2039930047463914,0.7931621762045564,1.4215595071683212e-05,1.9225736965401718e-07,0.0028136455344816838,1.227098752542763e-05,4.4946746039082385e-06,1
0.17337396504092073,0.8248076432096427,1.3712420083613857e-05,1.4851181671011576e-07,0.001786693462870008,1.433077193654795e-05,3.5065827296310768e-06,1
0.05751401857674037,0.9391244697840453,1.382822266987759e-05,7.294642363700895e-08,0.00332499056980525,1.9582082803618864e-05,3.0378175116286188e-06,1
0.1157883778157963,0.8503588801638072,3.306604035291647e-05,1.1668483580636719e-07,0.033759935941283424,5.342927268042064e-05,6.194081243689758e-06,1
0.07338967926103426,0.7803918484169169,3.388166649121414e-05,1.3778931344795754e-07,0.14612183056175124,5.669751282864969e-05,5.924791664265891e-06,1
0.0019942962243911827,0.032705932540234156,2.0852885198990405e-06,1.7423063433473247e-08,0.9652931557071236,3.624982270750044e-06,8.878343969181258e-07,4
0.005319687550079555,0.06748750391050204,7.416692563814988e-06,5.0078325901396026e-08,0.9271743717420818,8.999381785861328e-06,1.9706446609111864e-06,4
0.004334519826335259,0.07058607157903235,7.093797703297622e-06,5.5493276234989255e-08,0.9250580896798911,1.198589404306812e-05,2.1837297186067246e-06,4
0.9679767882132578,0.024042632734941918,4.745411876260592e-06,8.815686834062405e-08,2.7753315643138935e-06,2.988057583837432e-06,0.007969982093907308,0
0.9733798826930985,0.021637914896523235,5.766344034828804e-06,1.4264794077065476e-07,4.0921866039949505e-06,4.391657136259478e-06,0.004967809574662499,0
0.9570505046358445,0.03664805549545049,6.105545936462599e-06,1.5103912459203207e-07,5.731725966015174e-06,4.649993864513165e-06,0.006284801563813532,0
0.8124170651839111,0.1863028191155488,9.904390493696737e-06,1.452782937617741e-07,1.193283184230278e-05,6.487694716994678e-06,0.001251645505193329,0
0.7994554937435967,0.200287528696039,5.977654602604119e-06,1.1104859252022435e-07,4.1562251783541595e-06,3.851068915238117e-06,0.00024288156307549128,1
0.6447025911194987,0.3552058122121148,6.2935409322745215e-06,1.1758875649296503e-07,4.149037250293879e-06,3.9645220713300405e-06,7.707197937625866e-05,1
0.1534422833765098,0.8464896300697041,7.124914780128342e-06,1.615604505319458e-07,6.770015031865823e-06,4.973910605948802e-06,4.905615291776894e-05,1
0.1732208909573662,0.8266660204103297,6.174064314076191e-06,1.1558791419096472e-07,3.899279596868285e-06,3.9872447280584785e-06,9.891245575097601e-05,1
0.11670495796648023,0.8831856333634257,5.2610045287100385e-06,9.849404040647775e-08,3.3749203183079624e-06,3.397585691416562e-06,9.727666551529205e-05,1
0.060642012798398204,0.93925660934166,3.6182724949649117e-06,5.2726284894686594e-08,1.7786853266410717e-06,1.8188112740672873e-06,9.410936456138014e-05,1
0.07176730115857607,0.928125916713076,3.9850666503827896e-06,5.807129226026836e-08,1.9978495931630957e-06,1.9978369060583237e-06,9.874330390624197e-05,1
0.1429221252981952,0.8568042781859277,5.934567565871739e-06,1.1088168455625464e-07,4.909662126990002e-06,3.814682143107161e-06,0.00025882672235618597,1
0.7624183809629009,0.23542866287610745,7.514646670228747e-06,1.5348269574024706e-07,1.0882102706417197e-05,5.174691466916281e-06,0.002129231237452336,1
0.7247826950616376,0.27479229507423236,1.32139238775742e-05,2.1505650740135317e-07,2.6294501292829857e-05,7.250661505437597e-06,0.0003780357209470366,0
0.8092182734826792,0.1903765560473188,1.2414031100695998e-05,2.0203825873541826e-07,2.3672226961172126e-05,6.811749353413524e-06,0.00036207042432792884,0
0.8610630448229825,0.13842536654898363,9.986347401991266e-06,1.8300608249992093e-07,8.55117897957689e-06,6.170076756462588e-06,0.00048669801881334377,0
0.9048111109064116,0.09473592531089509,8.84203447115493e-06,1.5897268477000535e-07,7.571318747769358e-06,5.463061635472003e-06,0.00043092839515399857,0
0.9303454276386591,0.06917650292691128,6.065701026858759e-06,1.3964310903301515e-07,6.061187666641757e-06,4.798804981623092e-06,0.00046100409764563305,0
0.8819326194840883,0.11750221704953384,7.931674420675992e-06,1.8260109936780531e-07,7.9257726290074e-06,6.275046949068612e-06,0.0005428483712793932,0
0.8474752977656014,0.15215410982993335,1.1007894579022141e-05,1.9791311158095516e-07,8.43866923220581e-06,6.801240908770303e-06,0.0003441466866337471,0
0.49139675023841733,0.5085147627663815,1.0216850815080812e-05,1.664821662793511e-07,1.0152393761508544e-05,5.662876114495094e-06,6.228839234380965e-05,0
0.562579290166572,0.43732398047092763,1.210126454565757e-05,2.263765152635358e-07,1.363985560812356e-05,7.70017708093405e-06,6.306168875022963e-05,0
0.41061534688027956,0.5893521256612876,8.737040644084611e-06,2.331139030734048e-07,1.1116906718381104e-05,6.200869174447399e-06,6.2395279927157615e-06,0
0.39706491156345497,0.602901813145234,8.93791235576131e-06,2.384733824021057e-07,1.1372493497937098e-05,6.343432229341488e-06,6.382979845466391e-06,0
0.3518121359539973,0.6481573143721597,8.22806202584021e-06,1.8037362791238699e-07,1.0469288371257538e-05,5.83963589731238e-06,5.8323139204652554e-06,0
0.42974481264763875,0.5702138081538507,1.2382973470932395e-05,2.2347164174410891e-07,1.3963717904351843e-05,7.879431786234594e-06,6.929603707401648e-06,0
0.543349599569553,0.4566084033425888,1.42479432884812e-05,2.2839119166135557e-07,1.4922642643866884e-05,6.39113426834282e-06,6.206976465833729e-06,0
0.9023146057721506,0.09765869844899919,8.935223785133907e-06,1.577556325992349e-07,8.742324458638237e-06,4.7246543845097524e-06,4.135820589348459e-06,0
0.9100741020940107,0.08989987767502881,9.043191061255587e-06,1.2024720734720718e-07,8.965475791648279e-06,4.162586546119603e-06,3.72873035403772e-06,0
0.8841661377988653,0.11580568579427529,1.067189967050296e-05,1.4190412695863007e-07,6.548365723759449e-06,6.413950318812623e-06,4.400287018941363e-06,0
0.8566087744853585,0.1433507575024462,1.1968077077786712e-05,1.761741453647659e-07,1.4428162956360926e-05,7.2312937165186495e-06,6.6643042994999336e-06,0
0.6804434572478959,0.319496757081926,2.056782942894747e-05,2.7731185929807355e-07,1.8032511815841302e-05,1.2427394538428274e-05,8.480622535662599e-06,0
0.7997754772743567,0.2001812438737879,1.4820928140905117e-05,1.9197433085627755e-07,1.363595925488922e-05,8.677082527405503e-06,5.952907601363163e-06,0
0.3562296824236072,0.6436924986611979,2.161488456334208e-05,3.472386689258456e-07,2.567388468894598e-05,1.412007702748886e-05,1.6062830246156496e-05,1
0.60414386364441,0.3957974753761095,1.6612974713958583e-05,2.3229253819075716e-07,1.5854160875140938e-05,9.237615279087765e-06,1.6723936074111042e-05,0
0.42500622457484166,0.5749175770643966,2.2763117864989757e-05,3.182875142493895e-07,2.573597812459652e-05,1.26573915273961e-05,1.4723585730455838e-05,0
0.2987808833685477,0.6992163802155738,1.3085900776853679e-05,1.8022287317195923e-07,0.001976101657691102,8.005430306270214e-06,5.3632042312012054e-06,0
0.4362343331540654,0.5622771920251254,1.1069863263025107e-05,1.5108410628403857e-07,0.0014626174764772637,7.98959971022721e-06,6.646797252607368e-06,0
0.5366933245079697,0.4617224750720714,9.603445012688952e-06,1.469152662814065e-07,0.0015621373573203585,6.3039467405827185e-06,6.008755618938502e-06,0
0.2587502259262678,0.7411496149792708,1.5666225900843965e-05,1.7800787665287064e-07,7.005463398421248e-05,9.744126596188072e-06,4.516100103675803e-06,1
0.3793700779197487,0.6204324977583403,1.2585247887129427e-05,1.561252366437607e-07,0.00017217574230866104,8.54627390271773e-06,3.960932575855915e-06,1
0.36968955680566185,0.6294968268987932,1.2769114511742573e-05,1.5840617862726936e-07,0.0007879988419125075,8.671132352039107e-06,4.018800590024128e-06,1
0.24937382712349102,0.749793241484595,1.1267961856811115e-05,1.3321593761822571e-07,0.0008100461619693694,7.807893851301429e-06,3.6761582988424066e-06,1
0.24356420668196346,0.7529843334035962,1.4238849954708715e-05,2.596249240554193e-07,0.0034203947133499405,1.2887232527300512e-05,3.6794936842718942e-06,0
0.20220363442473765,0.7942323055087401,1.3947358123297585e-05,1.8939506668595937e-07,0.0035336059430164787,1.188961184872501e-05,4.427758467052874e-06,1
0.06616174442356111,0.9310666232569307,8.893562914225125e-06,7.16849883680033e-08,0.0027539627465741987,5.719039363728017e-06,2.9852856675859344e-06,1
0.08705056291254698,0.9090336363051694,1.7217004476377993e-05,8.356428640449643e-08,0.0038685466797655655,2.643011420023231e-05,3.523419555239736e-06,1
0.08436673185729981,0.9087086788237716,2.131944944445978e-05,8.427501112222157e-08,0.0068789810259312165,2.0651181862037415e-05,3.55338667967257e-06,1
0.8140514130046947,0.009574660641791468,8.730119309960845e-06,1.3999781411906294e-07,7.607342303493497e-06,4.745194992440093e-06,0.17635270369909348,0
0.9554759533529386,0.027130469009221947,5.480197388734243e-06,1.0239221500452854e-07,3.2619661460644644e-06,3.4521684591682044e-06,0.017381280913630073,0
0.9597593524473492,0.03302468090908892,6.01830224468626e-06,1.2661431150141835e-07,3.963979941740449e-06,4.268819974498676e-06,0.007201588927089267,0
0.9711387952076228,0.024367508096389292,4.65940997461146e-06,9.802564941951112e-08,3.181831093845336e-06,3.3049490637598683e-06,0.004482452480205988,0
0.9728336335910195,0.023921648839743632,4.34282080339273e-06,9.827809956505384e-08,2.819334932796511e-06,3.0803903555291966e-06,0.003234376745045611,0
0.972409114463322,0.024707723762552286,4.103301409865337e-06,1.0664855843832804e-07,2.911979403272466e-06,3.0543997314018145e-06,0.0028729854450227064,0
0.9356662218309494,0.059760504461892204,1.263386742399794e-05,1.8410357264313137e-07,7.289403188541893e-06,6.350715856203564e-06,0.004546815617116717,0
0.7205667994573327,0.2776929274558009,1.7316988282864384e-05,2.0280283181397785e-07,1.2208769686768058e-05,6.977061578640196e-06,0.0017035674644865482,0
0.662604672662088,0.3364817986930936,9.06972582533279e-06,1.389681710799766e-07,8.014924189506165e-06,4.710295469016692e-06,0.0008915947311633467,1
0.7609036106619054,0.2385002145938288,6.954827773836021e-06,1.292018169080225e-07,5.181855448976925e-06,4.48060699910406e-06,0.0005794282522268983,1
0.6242962955710953,0.37550537243833193,6.523332501155965e-06,1.2188219084544027e-07,4.951043858773467e-06,4.1092758365696015e-06,0.00018262645618554612,1
0.45290120471208095,0.5467968379071886,1.5954230496913982e-05,2.9808944521414977e-07,1.3757980425621515e-05,1.0050129111219283e-05,0.00026189695125172226,1
0.09900338215642861,0.9007144577292346,6.717996087070104e-06,9.789615793204219e-08,4.3991580661472544e-06,3.367938781203283e-06,0.0002675771252442298,1
0.030202247743045234,0.9697339368483551,2.1773039868250187e-06,3.226449636044693e-08,1.4216721665210092e-06,1.1100011567744532e-06,5.9074166793389576e-05,1
0.06019699966109778,0.9397226680778934,3.445116134570269e-06,5.5695391917288876e-08,1.9161105556995637e-06,1.9160983876687676e-06,7.299924053892542e-05,1
0.06220410184753676,0.9377231779204163,3.7504932612862132e-06,5.557688632863129e-08,1.9120335611490377e-06,1.912021419008708e-06,6.509010691886015e-05,1
0.055204304195220585,0.9446944650913477,3.0910237422398646e-06,5.884689328632071e-08,2.5929736927167583e-06,2.024520044902204e-06,9.346334905855785e-05,1
0.14547810941517297,0.8542733082921389,5.853354690914981e-06,1.09364300133058e-07,4.818924795020884e-06,3.762479299269047e-06,0.00023403816960285457,1
0.13244816128708156,0.8673105600021835,5.499656267311256e-06,1.0275578542684588e-07,4.5277334708202035e-06,3.535125402697799e-06,0.00022761343980877587,1
0.1963491178651925,0.8030218963072521,8.444325803644406e-06,1.5777410226728166e-07,6.9520084022203195e-06,5.319376863725424e-06,0.0006081123423836336,1
0.19069169252301235,0.8088708007472181,8.150760284906036e-06,1.5228911302686345e-07,6.710323038542083e-06,5.134449651692643e-06,0.0004173589076815756,1
0.24479477800299776,0.7545502295236541,1.0095469163039762e-05,1.8862412715982614e-07,8.351972077798903e-06,6.3594899513648115e-06,0.0006299969180289866,1
0.6657551804966109,0.33301026041520915,1.1109200498520284e-05,2.0756472172175372e-07,1.786955108266122e-05,7.035360404153429e-06,0.0011983374114728313,0
0.7369712668570986,0.2626298896753306,1.2189174412374706e-05,1.9837871789772055e-07,2.4255343478151927e-05,6.688367400455681e-06,0.0003555122035620006,0
0.7916508943297005,0.20794345289625593,1.2469814421717208e-05,2.0294613184723708e-07,2.2440241841746575e-05,6.8423584277597445e-06,0.00036369741322047656,0
0.9042295712221627,0.0953475470468627,8.899119261903386e-06,1.630819446052705e-07,7.620199709251272e-06,5.498331542112178e-06,0.0004007009985167683,0
0.9279424860934009,0.07159615206036266,6.74801574924723e-06,1.4982089201495263e-07,6.63354015920884e-06,5.071203436815794e-06,0.00044275926599902503,0
0.8833038627176714,0.11629137927538316,8.211316232450224e-06,2.0334210916560873e-07,8.205206365206743e-06,6.496282139110157e-06,0.00038164186009938456,0
0.8426395388031158,0.15729095170173563,1.0876488771260582e-05,1.9555054059999206e-07,8.337933334080129e-06,6.720051672356184e-06,4.337947083024132e-05,0
0.5338797198644385,0.4660814124828276,1.1337737436771756e-05,2.71213910119619e-07,1.2785052605686414e-05,7.2143357936593154e-06,7.259312987747413e-06,0
0.450566722958984,0.5493995895819652,9.048622705396838e-06,2.4142725691928937e-07,1.1513360031560337e-05,6.422005790151469e-06,6.4620432667979535e-06,0
0.351482346446613,0.6484878053446547,8.229122973348715e-06,1.717008410859937e-07,1.047063830826317e-05,5.840388875004622e-06,5.136357734780244e-06,0
0.4603988030313431,0.5395588579829803,1.1615189113557694e-05,2.360270774146971e-07,1.5013408439710415e-05,8.322126430354756e-06,7.152234615573048e-06,0
0.5180739115980251,0.4818802891491278,1.5036523597403764e-05,2.1617000751819356e-07,1.6374063525924568e-05,7.621981989194955e-06,6.550513727303557e-06,0
0.9277834081610026,0.07219836633736623,6.263151025250506e-06,1.0895229868472973e-07,5.899103191274094e-06,2.9933037183367442e-06,2.9609913977651458e-06,0
0.9397731296796639,0.060208044780868816,6.344089567545542e-06,1.1036028648506903e-07,6.339847292002171e-06,3.031986106583768e-06,2.9992562147106492e-06,0
0.9416796125062316,0.05830211039615474,6.22981134263793e-06,9.35042953815737e-08,5.8835289007443834e-06,3.2368296158087187e-06,2.833423459113749e-06,0
0.7655650353865616,0.2343857986660977,1.6904303992323968e-05,2.959787325847587e-07,1.5703734402141082e-05,1.0213836896880982e-05,6.048093316811602e-06,0
0.8424053081181749,0.15755055478613922,1.3049214257169808e-05,1.920888505727904e-07,1.5744934627990446e-05,7.884533200284866e-06,7.266324749910038e-06,0
0.7402291826470135,0.2597143221349211,1.9423054895807596e-05,2.5510089760406427e-07,1.71436605004841e-05,1.1872024554588937e-05,7.801377216844522e-06,0
0.8848871555933264,0.1150840530756498,1.0156360421943712e-05,1.53704125097014e-07,8.19399909321174e-06,6.207909155454072e-06,4.0793582279847966e-06,0
0.665065956814759,0.3348809362548988,1.6746780795646564e-05,2.3416349476992687e-07,1.598185523341689e-05,9.312017914733578e-06,1.0832112903702374e-05,0
0.3584001756727186,0.6397516042571648,1.214885383995405e-05,1.560403023669844e-07,0.0018225996836409636,8.251692287415236e-06,5.063800045901738e-06,0
0.5481979481665452,0.4503369160669502,1.2843588180340908e-05,1.9648357178391081e-07,0.0014385650882202882,8.43085952383421e-06,5.099747008312153e-06,0
0.445455087372133,0.5485107379192204,1.7270410882168572e-05,2.4199480462868116e-07,0.005999997619726938,1.0383688492623285e-05,6.280994740310687e-06,0
0.36391138621166724,0.6358982154820152,1.28989643542843e-05,1.600170199533043e-07,0.00016452034736042656,8.7593095838695e-06,4.059667998906815e-06,1
0.1204130595554189,0.8784405194714352,1.1619484995923825e-05,1.279502439178426e-07,0.0011230976595590003,7.49926728453219e-06,4.07661106258063e-06,0
0.3170169102071934,0.6779611706175663,1.7247576498895703e-05,2.2621773424808365e-07,0.004983599303439617,1.4740003751155493e-05,6.1060738163235596e-06,1
0.2150471170657793,0.7824919890786562,1.3773961352758174e-05,1.9587691614101824e-07,0.0024308326991009104,1.1512024292675723e-05,4.5792939019984275e-06,1
0.24639947316148264,0.7518027053770548,1.3306694158966555e-05,1.9881593334340978e-07,0.0017697916311948706,1.1121490941496951e-05,3.4028292337742833e-06,1
0.20253409812697293,0.7934545734950355,1.3504255055815494e-05,1.4625729371086855e-07,0.003982212440130265,1.2012075390810974e-05,3.453350121022244e-06,1
0.08928704828573711,0.9066736049707702,1.7735732514803326e-05,8.608197979468474e-08,0.0039926033536343865,2.5291999333035044e-05,3.6295760307722014e-06,1
0.08811851844962192,0.9041374089950627,1.9224431002939302e-05,8.385106467531872e-08,0.0076939958876096086,2.7232874312422848e-05,3.5355113256707258e-06,1
0.10124836653023356,0.8901285716703113,2.988241296570462e-05,9.847071295007581e-08,0.008530557467224482,5.729624321789144e-05,5.2272053341102724e-06,1
0.12032201922982406,0.8700017577441767,3.4342369662930086e-05,1.1702109795139807e-07,0.009564540114190298,7.101158971278518e-05,6.211931335615628e-06,1
0.07097907622422424,0.8230068836796566,3.573185036385769e-05,2.0188916240555685e-07,0.10591112337523706,5.410224322002359e-05,1.2880738136102222e-05,1
0.004052607825633203,0.043723047091445075,1.3155605854850526e-06,1.4127637060225741e-08,0.9522178374424286,4.2296979721328006e-06,9.482542983864746e-07,4
0.005177002905333194,0.06141175341563762,4.8973750827495224e-06,4.828062137660245e-08,0.9333950173192123,1.0428045547409546e-05,8.526585654232138e-07,4
0.779880495699453,0.009318654768622607,8.096336013650821e-06,1.298343475090086e-07,7.055069612813808e-06,4.400706536192869e-06,0.2107811675854142,0
0.9595355920211722,0.02351736279487927,4.768568946401183e-06,8.858706382981884e-08,2.8977333825223686e-06,2.9867257743188294e-06,0.016936303568781407,0
0.9660710231464141,0.025264933992020573,4.586685544626823e-06,1.0379676229704733e-07,2.9776505564348478e-06,3.123282757275764e-06,0.008653251445944846,0
0.916748550564429,0.07591320936059072,1.6648991187990118e-05,2.426128639588843e-07,9.606022081664106e-06,8.369013919405483e-06,0.007303373434927068,0
0.9489144963289103,0.048822847002724705,1.0644528794786037e-05,1.5511448034513698e-07,6.926910204685448e-06,5.459920343197759e-06,0.0022394701945422125,0
0.9160427251290414,0.08197005641933389,1.0500586119878573e-05,1.3208645265025233e-07,7.754987163412617e-06,4.54419351841336e-06,0.001964286598370347,0
0.9203654599658501,0.07854053594730087,1.0806753650690767e-05,1.265601273891729e-07,1.0817384408543822e-05,4.354070376121574e-06,0.0010678993182864178,0
0.8309907971750237,0.16762379984253592,9.554378294705615e-06,1.5629721146374811e-07,1.086324200122786e-05,6.25842545547641e-06,0.0013585706394773649,0
0.8443024349473142,0.15447481127617702,8.840737851464152e-06,1.354595710913252e-07,8.035438637718036e-06,4.591372247240781e-06,0.001201150768201261,1
0.6626063199737708,0.3364826352256761,8.665933376362039e-06,1.3896851657088726e-07,8.014944115532647e-06,4.81930767619076e-06,0.0008894056468682725,1
0.7381493572899054,0.26135622587901824,7.815956726725755e-06,1.2533813320767772e-07,5.719590136111886e-06,4.3466177979892406e-06,0.0004764093282823296,1
0.4879297403970934,0.5119086628337576,6.034106113147104e-06,1.1209730831399205e-07,4.527827346030803e-06,3.779377095242075e-06,0.00014714336128636424,1
0.547728493325037,0.4520840161103553,6.574341247130487e-06,1.228352401818878e-07,4.334155767638708e-06,4.141408033916538e-06,0.00017231782431878569,1
0.1464894469171573,0.85341811683358,4.9998988981886395e-06,9.360574419183086e-08,3.157726056669418e-06,3.2289622375938904e-06,8.095605632607987e-05,1
0.12938235775511012,0.8705175553573815,5.612684459727313e-06,1.0507802586908973e-07,3.5447356691082777e-06,3.62470252719614e-06,8.719968682649581e-05,1
0.11891796371673652,0.8809662822647502,4.982145795507723e-06,9.485006470790923e-08,3.19970236218777e-06,3.338655402771192e-06,0.00010413866488787533,1
0.17352358502189835,0.826236422215877,7.476919776029263e-06,1.4783739910867114e-07,6.514166938657418e-06,5.086076106438831e-06,0.00022076776200441957,1
0.20613730933039476,0.7936204044628544,7.837416737424506e-06,1.549653254146499e-07,6.828245122956792e-06,5.331299411853225e-06,0.00022213428015295137,1
0.1888653745765295,0.8107045447440839,8.366748539793815e-06,1.5632464573931386e-07,6.88814092450199e-06,5.270508225532916e-06,0.00040939895705119003,1
0.18874238923910822,0.8108450501373435,8.140355157384718e-06,1.5209470323124142e-07,6.701756749694825e-06,5.127895097085439e-06,0.0003924385218411221,1
0.24324926196819255,0.7560496114428116,1.0115530072620333e-05,1.8899894595215339e-07,8.368568449296484e-06,6.372127021602216e-06,0.0006760813645064229,1
0.4060091196274587,0.5920512608502032,1.0378681273620159e-05,2.183488848391304e-07,9.585931514440103e-06,7.361664490829284e-06,0.0019120748961743543,1
0.8885437416585854,0.10962622487424989,9.075226685712167e-06,1.853567196572572e-07,1.2777500926276455e-05,6.249328830979642e-06,0.0018017460540020159,0
0.6928436615841019,0.3056414108434097,1.1631610125379077e-05,2.1732544292200151e-07,1.870986587529374e-05,7.327158997360417e-06,0.0014770416120475664,0
0.6930540586049458,0.3056647963256796,1.1778704330359777e-05,2.200737566037798e-07,1.893787524378861e-05,7.419818793886119e-06,0.0012427885972497506,0
0.6696217790542628,0.32908074371273427,1.1380464266418158e-05,2.1263302420710504e-07,1.9536390987939952e-05,7.168953416164036e-06,0.0012591787913083423,0
0.5961680261226354,0.403088793149433,1.1087813969440236e-05,2.0716513500462808e-07,2.0461326191354814e-05,6.984602734403879e-06,0.0007044398199013958,0
0.9043184546253884,0.09535691946150214,8.899994022064835e-06,1.630979751341345e-07,1.8011925677613623e-05,5.498872013730316e-06,0.00029205202342097295,0
0.9286470148416954,0.07100410097638855,6.38634669001413e-06,1.581492137251151e-07,6.381594744121139e-06,5.3531041324495405e-06,0.0003306049871356198,0
0.5183934926141607,0.4815264070015681,9.415960308322532e-06,1.7276404032428877e-07,1.0724891597575097e-05,5.876553502760532e-06,5.3910214822157754e-05,0
0.5587673829754236,0.44119329246081185,1.1471639655535727e-05,2.7228894837256067e-07,1.2936048068446304e-05,7.299539351694292e-06,7.345047740486427e-06,0
0.42727102500895675,0.572699163927718,8.407813590720325e-06,1.843140991653418e-07,1.0698002126939565e-05,5.9672095212806325e-06,4.553723987079435e-06,0
0.3902414954513206,0.6097288086923655,8.187119555409619e-06,1.708244387996278e-07,1.0417193658283403e-05,5.810578128994608e-06,5.110140532616976e-06,0
0.3819552364665547,0.6180134927457446,9.08485194280962e-06,1.7620281784189818e-07,1.0745177267916108e-05,5.993523214908904e-06,5.271032457313545e-06,0
0.49816044611352445,0.5017991740237644,1.1077727401208864e-05,2.251055576746592e-07,1.4318703245562497e-05,7.93704235829078e-06,6.821284148385267e-06,0
0.734684883078905,0.2652595840050586,1.6923929610890802e-05,2.7128662524570465e-07,2.3373467070045768e-05,7.591489122407641e-06,7.3727436077844966e-06,0
0.7871541891526972,0.21279687501488684,1.4702608464064397e-05,2.8943630659741464e-07,2.0258817344510515e-05,6.879617433723336e-06,6.805352866928241e-06,0
0.9533383900097325,0.046645092798400026,5.500961936526764e-06,9.78510958925117e-08,5.4225471752018605e-06,2.9305319663826665e-06,2.5652996934646444e-06,0
0.9349782726381564,0.0650014701897533,7.040271004929731e-06,9.361440243559058e-08,6.979768406283909e-06,3.2406411815971876e-06,2.902877094923206e-06,0
0.9145081221915204,0.08547337620384525,7.402031964697342e-06,9.84247337494643e-08,4.541947909964886e-06,3.4071599794241686e-06,3.0520400466350794e-06,0
0.6941694257338716,0.30577545378791304,1.97875798239103e-05,3.464622264164302e-07,1.5950796345792472e-05,1.1955955891304782e-05,7.0796839280228185e-06,0
0.7450275431204189,0.25491940801923396,1.8239332510739384e-05,3.193538475273515e-07,1.694394714807842e-05,1.1020481379018286e-05,6.525745461711956e-06,0
0.8123756167813225,0.18758015889952848,1.5536433287693205e-05,2.287015565396269e-07,1.3513144881366726e-05,9.38734866764277e-06,5.558690755742163e-06,0
0.6456986296171475,0.3542546440145211,1.5336643690348816e-05,2.4445829616900125e-07,1.4824658526106301e-05,9.848762253767694e-06,6.4718455649557015e-06,0
0.8275388054847993,0.17241912392244757,1.4845119328708037e-05,1.9497464668188097e-07,1.1994038320413224e-05,9.07383633170217e-06,5.9626241254829e-06,0
0.8563753262940768,0.1435864953788686,1.3463288214275018e-05,1.7682578392470598e-07,1.0901394357071512e-05,8.22921466900045e-06,5.4076040304724344e-06,0
0.6974875309215736,0.30244548368050617,2.149537082991835e-05,3.546437047016987e-07,1.8974736069471628e-05,1.4421194630173497e-05,1.1739452686064827e-05,0
0.34163696138218774,0.6582855232307847,2.4606616102104946e-05,3.392318596063698e-07,2.3394601219515264e-05,1.3482492670745657e-05,1.569244517553652e-05,1
0.5296707090672068,0.47026731113379633,1.9795296599551048e-05,2.767896641343219e-07,1.826555273754025e-05,1.0838213353832538e-05,1.2803946641754206e-05,0
0.6120375682181781,0.38789854013551917,1.727088719314003e-05,2.41491863557094e-07,1.95051222616285e-05,9.48790210283551e-06,1.738624288150933e-05,0
0.3575848448321471,0.6402620010574639,1.3879545532109455e-05,1.8482148675977026e-07,0.002124827458410584,8.209698942846453e-06,6.052586016819616e-06,0
0.41985675650334764,0.5772585568727351,1.3002108584827646e-05,1.961148794185005e-07,0.0028584492730875416,7.068458046638701e-06,5.970669319005922e-06,0
0.7872875824757054,0.21169103594367591,8.13652837964154e-06,1.1837842851991428e-07,0.0010045007648333505,4.266646967843977e-06,4.359262009444422e-06,0
0.41213695173706133,0.5834136456363618,1.4487287340309632e-05,2.0966564097636282e-07,0.004419951198160283,9.312586754255331e-06,5.441888681110652e-06,1
0.3366708985810767,0.6623462902104506,1.2551372931864164e-05,1.393880722655332e-07,0.000957617288089921,8.523270410952158e-06,3.979888967718448e-06,1
0.2502276529702575,0.7491592969113818,1.1892395766707532e-05,8.976424286574682e-08,0.0005889474972673965,8.240582011554406e-06,3.879879071872603e-06,1
0.3369319368187437,0.6580627390860475,1.6957679413092962e-05,2.212183923897588e-07,0.0049673670184470055,1.469199348244953e-05,6.086185473714613e-06,0
0.3350334805817877,0.6599533611440984,1.7217487541446737e-05,2.2582309006254095e-07,0.0049749052525743555,1.4714289335817517e-05,6.0954215722096475e-06,0
0.3309103775643913,0.6640468661803062,1.5827053526114747e-05,2.272238071599741e-07,0.00500576319027887,1.4805557933034701e-05,6.133229757412907e-06,1
0.2559188544042321,0.7409977061336087,1.681266137445771e-05,2.826038599929994e-07,0.003047970044721055,1.4400052835652326e-05,3.974099368133103e-06,0
0.25246540941623546,0.7448295050568228,1.4774177558587265e-05,2.545563452925836e-07,0.002673813494004779,1.2635638989672139e-05,3.607660043438137e-06,1
0.07847602521855784,0.8324594655933691,3.5830793437157394e-05,2.019472260028014e-07,0.08895962369642524,5.320124575742504e-05,1.565150522716083e-05,1
0.003554556865393947,0.036555999953245814,2.3639029309453233e-06,1.880567711916637e-08,0.9598817692619916,4.3329219345461e-06,9.582888260427897e-07,4
0.005327532565057049,0.06319739860721711,5.812270121225154e-06,4.968445785109811e-08,0.9314577698768385,1.0559545327991797e-05,8.774509802741997e-07,4
0.7677656254741431,0.008472496080857761,8.190914259191038e-06,1.313510218142199e-07,7.137484189607435e-06,4.452113876825562e-06,0.22374196658165174,0
0.9284991796999513,0.05140655221235389,9.055688194890281e-06,1.45218697204051e-07,7.891039909802159e-06,4.9221556716256345e-06,0.020072253985221358,0
0.970344609241649,0.025365749365215594,4.986030344971889e-06,1.0489715763464526e-07,3.284069738077457e-06,3.5366229652000644e-06,0.004277729772929548,0
0.9664035930928025,0.024375547279252535,4.301837394173968e-06,7.472094930117614e-08,2.788719421856515e-06,2.9293166987580816e-06,0.009210765033480957,0
0.8725074747862666,0.07514690699120978,1.5886680823717864e-05,2.315043049709353e-07,9.166189414951963e-06,7.985820368669287e-06,0.052312348027611436,0
0.9071393197103066,0.09169436437118698,1.1573793157244262e-05,1.3554308571317742e-07,6.2470162303573305e-06,4.663112675108931e-06,0.0011436964533580469,0
0.7012299628782479,0.2972256313181587,1.728695259071611e-05,2.0245107761032163e-07,1.2187594015696905e-05,6.964960116754761e-06,0.0015077638457926374,0
0.8132370495048818,0.1859801502716319,8.381353834170615e-06,1.4223487889581928e-07,8.075446311185261e-06,4.821019809014732e-06,0.000761380168653016,1
0.7554227227249992,0.24373419884403333,1.0318423327865372e-05,1.5810096643685502e-07,8.976250242688208e-06,5.358797342350428e-06,0.0008182668590879563,1
0.5847107042931706,0.41451673077607687,8.148652562911946e-06,1.3067330540623381e-07,7.213258359208157e-06,4.429142828843805e-06,0.0007526432036961224,1
0.6882587733161406,0.3113359964909284,6.533470333743273e-06,1.2137413970334759e-07,4.930406032446643e-06,4.11394966097278e-06,0.0003895309927640584,1
0.14418371378071307,0.8555900393496877,6.014688498276844e-06,1.2492343415448759e-07,5.50450771955565e-06,4.2977629302067274e-06,0.00021030498701724097,1
0.18165695397163048,0.8180871361602704,7.53233414756241e-06,1.4893307979083736e-07,6.562445973043342e-06,5.123771002124569e-06,0.00023654238389663278,1
0.17232312892965163,0.8274341102608629,7.145310763354111e-06,1.4128065977972198e-07,6.225256995574347e-06,4.86050344729997e-06,0.00022438845761947785,1
0.1791031740524206,0.8206584533900687,7.426442667658866e-06,1.468393404642638e-07,6.470189429154154e-06,5.05173971892965e-06,0.0002192773463545,1
0.2362217921994051,0.7631307604666514,1.0232188229079236e-05,1.9117859135374554e-07,8.42391212699995e-06,6.445614084141245e-06,0.000622154440912124,1
0.4526120919351883,0.5449205040998953,1.3002220245691783e-05,2.429339741794597e-07,1.674656891771624e-05,8.190554362806024e-06,0.002429221687416042,1
0.6471469064965791,0.35037100531727505,1.213977425798762e-05,2.2727511633314012e-07,1.611407166535454e-05,7.662613687225639e-06,0.0024459444514189064,0
0.731560430350494,0.26585012240423384,1.3868434369718286e-05,2.59118351590684e-07,1.8398869828888383e-05,8.736213007145655e-06,0.002548184609714775,0
0.8885894618576409,0.11117978353888015,7.811084139624935e-06,1.271253330690613e-07,8.881229726508067e-06,4.286049141166217e-06,0.00020964911513860076,0
0.9237323229266506,0.07584143059572888,7.711717598142637e-06,1.5201484774830454e-07,6.603443157657551e-06,4.574182684652833e-06,0.000407205119332368,0
0.8438948399941114,0.15564717381313797,1.0280844420427656e-05,2.674853163981513e-07,1.4692877411926307e-05,8.617513803019095e-06,0.00042412747179859694,0
0.8666774944243029,0.13325177148192388,8.599358759418373e-06,2.1295145602864027e-07,8.592960157913841e-06,7.208074529282529e-06,4.612074887086888e-05,0
0.8404532143852508,0.15948585630602544,1.0821279119839274e-05,2.092786578356375e-07,8.74458455424859e-06,5.835497676747186e-06,3.531866871491744e-05,0
0.6110367856400118,0.3889054922585383,1.1206761803005744e-05,2.211795200177208e-07,1.2764635954428115e-05,6.1045495221486225e-06,2.7424974650290194e-05,0
0.5981245264799603,0.4018138353366714,1.0216469222901877e-05,2.2311763251717427e-07,1.385075515577574e-05,7.589326473468115e-06,2.975851488367373e-05,0
0.4788997075919457,0.52106442521591,9.634110092031706e-06,2.570487076436955e-07,1.2258327226650052e-05,6.837539016527146e-06,6.880167101527234e-06,0
0.47890014956588467,0.5210649061034378,9.634118983299582e-06,2.010161153153762e-07,1.2258338539793667e-05,6.837545326854766e-06,6.013311712308403e-06,0
0.8497088959456763,0.15024979165606586,1.1862636795071288e-05,2.0635963304643093e-07,1.796574940743063e-05,5.669426568960141e-06,5.6082258536330746e-06,0
0.9397731296796639,0.060208044780868816,6.344089567545542e-06,1.1036028648506903e-07,6.339847292002171e-06,3.031986106583768e-06,2.9992562147106492e-06,0
0.9397727591398987,0.06020802104165552,6.344087066157297e-06,1.1036024297150884e-07,6.339844792286598e-06,3.426271312247082e-06,2.9992550321447102e-06,0
0.9261479332203796,0.07383015164525189,8.403009975677777e-06,1.4712893495216122e-07,5.281304945023341e-06,5.077226094218939e-06,3.006464418651942e-06,0
0.6976192905603398,0.30233295368279056,1.567451213149967e-05,2.498437471920951e-07,1.5151247861291893e-05,1.0065731886572027e-05,6.614421242956012e-06,0
0.6973431038191544,0.302585578722845,2.299749445501624e-05,3.794266540883265e-07,2.030071455830418e-05,1.5080001886519015e-05,1.255982044640664e-05,0
0.5789967574019612,0.42094247525241485,2.0010299881741123e-05,2.833155994377744e-07,1.7981998960690755e-05,1.1260146665941225e-05,1.1231584516008882e-05,0
0.5666420451137892,0.43328111435781064,2.4993269772308357e-05,3.4456234645683557e-07,2.186932088517356e-05,1.369434850874479e-05,1.593902688739845e-05,0
0.5495644851393716,0.44912925677016047,1.239968270411222e-05,1.896926242481315e-07,0.0012805443194686753,8.139468624391228e-06,4.984927046527818e-06,1
0.4287992875577219,0.5670475951675497,1.4352219783660586e-05,2.011048055678179e-07,0.004124411913115673,8.932345518449017e-06,5.219691505199201e-06,1
0.400445771197953,0.5965807142837939,1.5161837367647299e-05,2.1244925188108408e-07,0.0029409193854558115,1.081142318231218e-05,6.409422995375147e-06,1
0.23991042319283848,0.7600350643652536,1.3743893546114967e-05,1.758420282100107e-07,2.6505985943398997e-05,9.62556835139456e-06,4.461152038672926e-06,1
0.2931818730966672,0.7061873702157125,1.2142147366876531e-05,2.676989829557239e-07,0.0006059718389986087,8.413642056316051e-06,3.961360215426125e-06,1
0.16232082836145706,0.8370292936042324,1.2875666558935278e-05,1.5222309188696694e-07,0.0006237275561996666,8.92191853632784e-06,4.200669923740141e-06,1
0.30302909925668814,0.6913154468137488,1.803569129808021e-05,2.3208272353655398e-07,0.0056153875324246125,1.5413536934038585e-05,6.385086183067707e-06,0
0.3021181146585505,0.692218732143047,1.836452929244773e-05,2.3686366688203823e-07,0.005622724699849036,1.5433676541578503e-05,6.393429052740375e-06,0
0.26574277874711205,0.7304802595471245,1.6920490646383217e-05,2.3368252649439308e-07,0.0037401153449277934,1.4492408660728073e-05,5.19977900200045e-06,0
0.26577152416672495,0.7310375646157753,1.6265640004608515e-05,2.7128871779195484e-07,0.0031569621804758943,1.3567311322208797e-05,3.844796979186182e-06,1
0.27790117440955914,0.7180996285954709,1.2981623741578202e-05,2.3423798213456682e-07,0.003973118855393148,9.542576637864114e-06,3.319701215191327e-06,1
0.12249319305924047,0.8754074689969257,9.55034304675931e-06,1.0064848412464413e-07,0.0020810797599897044,5.401446483974095e-06,3.205745829089196e-06,1
0.07769397103752816,0.9166818970349829,1.644941456833177e-05,8.006132802159094e-08,0.005580771388820649,2.345534258209317e-05,3.375720189893914e-06,1
0.07405395148336102,0.9204917856003432,2.1945449604619388e-05,8.468379375873712e-08,0.005388504372541102,4.069165789325375e-05,3.036752463166615e-06,1
0.08957411646926765,0.6077342420383834,3.432695311960865e-05,2.2367569679920992e-07,0.30257247987633296,7.086755857008827e-05,1.3743428629359057e-05,4
0.7675390762275688,0.009375364617412934,8.459448952564125e-06,1.3565729401424248e-07,7.3714827479687065e-06,4.598074022047921e-06,0.22306499449200187,0
0.9707005680664444,0.02249865261831471,3.815162638064892e-06,8.026419595510083e-08,2.400428320582678e-06,2.7061190703262014e-06,0.006791777341015731,0
0.9068296085856358,0.07929248161663387,6.457008078377998e-06,1.5973360249696752e-07,6.08469569829785e-06,4.917668012005065e-06,0.013860290692339421,0
0.9228234719355146,0.0733556622774083,1.0766746903143929e-05,2.243328787629024e-07,8.882243718968327e-06,7.738439562978836e-06,0.003793254024013056,0
0.9550531668362643,0.04346651526254277,9.12951553776755e-06,1.3303736461658302e-07,5.941017734234758e-06,4.682821435234702e-06,0.0014604315091213342,0
0.9008478127126559,0.0983349669901749,1.1576191089139157e-05,1.355711683896127e-07,6.248310526813399e-06,4.664078808377532e-06,0.0007945961455767169,0
0.7661570432491476,0.2331872396918529,7.730516957136021e-06,1.3118992050156373e-07,6.939860374743467e-06,4.446653383410705e-06,0.0006364688383637211,1
0.12974212031213594,0.870169547013437,4.56425799705683e-06,9.322256284086037e-08,3.144799694651409e-06,3.2157442655226705e-06,7.731464990696987e-05,1
0.12425093185144338,0.8756587087895726,4.646040024910845e-06,9.48929176358327e-08,3.2011479765384365e-06,3.2733637268379487e-06,7.914391433809177e-05,1
0.03429462395741287,0.9656404234176394,2.0294037092165836e-06,3.280830907528054e-08,1.4456342142108974e-06,1.1287100414813603e-06,6.031606867363993e-05,1
0.07979405247793915,0.9201299850763675,3.25591582054741e-06,5.2636689328241904e-08,1.8108808030061603e-06,1.8527743523518075e-06,6.899023802815284e-05,1
0.1798072975051956,0.8199533928031021,7.455638869684064e-06,1.474166223798856e-07,6.4956262319638685e-06,5.071600050452155e-06,0.00022013940992789773,1
0.1798072975051956,0.8199533928031021,7.455638869684064e-06,1.474166223798856e-07,6.4956262319638685e-06,5.071600050452155e-06,0.00022013940992789773,1
0.18214713719020986,0.8176148271015691,7.833755825493041e-06,1.4636618973356486e-07,6.449340964114161e-06,5.035461830921187e-06,0.000218570783410773,1
0.23878514031508577,0.7604388854227183,1.0100206189692071e-05,1.8871263394472088e-07,8.31525451855408e-06,6.362473970523128e-06,0.0007510076148832276,1
0.2383415221322324,0.7605193628843078,1.0019659702618347e-05,1.8720770033790112e-07,8.248942551450183e-06,6.311734914527752e-06,0.0011143474385908775,1
0.23954784534840948,0.7592777248502771,1.0070372427826e-05,1.8815521881115944e-07,8.260372123892973e-06,6.34368063801578e-06,0.0011495672209049413,1
0.29374184783463564,0.7044889302936145,9.34370345282606e-06,1.7457810823512966e-07,8.121418135062537e-06,5.885926375202576e-06,0.0017456962456785068,1
0.3877616823698859,0.6101079680843319,1.1250909071661975e-05,2.1021241005483038e-07,9.779134947064137e-06,7.0873420570589606e-06,0.0021020219472965103,1
0.4454608918427334,0.5520384621986564,1.3172060173173627e-05,2.461072697995817e-07,1.797714713359127e-05,8.2975424873516e-06,0.002460953101546238,1
0.6368968273656859,0.3626372024370797,1.192057503686844e-05,2.2272447424280896e-07,2.199809402377629e-05,7.509188125599594e-06,0.0004243196155739697,0
0.8937696870000263,0.10512174602836478,1.1960896448301078e-05,2.5163586127275823e-07,3.0426141477145394e-05,8.483939755019675e-06,0.0010574443580672428,0
0.8774486660353575,0.12144544701539123,1.0527895666791913e-05,2.739130550252428e-07,1.65093677012198e-05,8.824594801284849e-06,0.001069751178026987,0
0.8827253199946222,0.11627068146919081,1.059120656405945e-05,2.7556026752010457e-07,1.5136431729373606e-05,8.877662672830544e-06,0.0009691176749530079,0
0.8245704826880298,0.17529668306928212,1.2189543367538717e-05,3.0185750834021416e-07,1.6188592916471198e-05,1.0217405684454004e-05,9.393684321102682e-05,0
0.855750028345823,0.14417154300431836,1.0967806049937432e-05,2.1211242258083282e-07,8.559103704792445e-06,5.914513988099979e-06,5.277511369292557e-05,0
0.4983303276019943,0.5016335491868199,9.956234554715993e-06,2.1825821698243816e-07,1.2668194566090022e-05,7.066157805469921e-06,6.214366042410917e-06,0
0.8112728137869107,0.18868173587792966,1.3050823504467716e-05,2.2702904892567003e-07,1.9765236742246857e-05,6.237288286005734e-06,6.169957578012334e-06,0
0.8959586368309171,0.10401949200582035,7.601204940015323e-06,1.0107313450742596e-07,7.535881793876721e-06,3.4988394255171857e-06,3.1341639687928234e-06,0
0.760807526400325,0.23915335304168933,1.221762766727528e-05,2.0744486410495892e-07,1.3155719277542177e-05,8.047822786702781e-06,5.491943389813906e-06,0
0.684203956996958,0.31575463880049004,1.4336771553689068e-05,2.2328897076959818e-07,1.2140312086013293e-05,8.792426001257028e-06,5.911403940162098e-06,0
0.8879403241685087,0.11203836956750574,6.037614660683845e-06,9.403321789978862e-08,8.982422913909259e-06,3.7027359980851214e-06,2.4894571947868665e-06,0
0.6627186514839993,0.3372286599537846,1.75313342864514e-05,2.7944054747337155e-07,1.6221682617187137e-05,1.1258130974721687e-05,7.397973790114556e-06,0
0.8087448829216818,0.19119389974359838,1.776131087818698e-05,2.626418258117418e-07,2.5784296793175132e-05,1.0438484450272359e-05,6.970600772502578e-06,0
0.6267032288899425,0.37322926374363596,1.8640363561814373e-05,2.3235929272640124e-07,1.909721690519388e-05,9.155775955352716e-06,2.0381650706542716e-05,0
0.4779910420189391,0.520402289393644,1.1432706872577085e-05,1.5969762987771185e-07,0.0015826472373760762,7.0937069394223326e-06,5.335238599121218e-06,0
0.40763815372509166,0.5923179518272231,1.3119002383048753e-05,1.6602355875196985e-07,1.755791914656665e-05,8.83944734963967e-06,4.212055247164848e-06,1
0.507493975791944,0.49146106529303163,1.1818164974304384e-05,1.8079645917307826e-07,0.0010204510630871305,7.757745524756721e-06,4.751144978992076e-06,1
0.5596455216572203,0.4389443952568535,1.4081486063627276e-05,2.1542116104608787e-07,0.001380951457700045,9.243447331251908e-06,5.591273670351081e-06,1
0.40907279492683757,0.5879903086119836,1.560625357602361e-05,2.186764583009895e-07,0.0029047614237880342,9.71281455348636e-06,6.597292802735213e-06,1
0.29390267853736673,0.706042306411316,1.3732216105877615e-05,1.761241210811823e-07,2.6548507914705412e-05,9.641010076223054e-06,4.917193099117932e-06,1
0.27706093354557526,0.722885742305985,1.3756932212043422e-05,1.7066046822120615e-07,2.5724930597153207e-05,9.341930472857794e-06,4.3296946894665465e-06,1
0.3279222178017091,0.6719146142623409,1.3245025412733574e-05,2.0848174541964548e-07,0.0001365202814576282,8.994309531355354e-06,4.199837802880075e-06,1
0.33520828573410744,0.6630120401929943,1.66605488608003e-05,2.0476555900244696e-07,0.0017446008463727397,1.4269768391991411e-05,3.938143713585189e-06,1
0.2767607305244905,0.7184613706169645,1.680540478438762e-05,2.1839243987923557e-07,0.004741166701200715,1.4504310734112906e-05,5.204049386083286e-06,0
0.26988130297864993,0.726864500975535,1.7138881364013342e-05,2.3669863848105347e-07,0.0032168741134754263,1.4679460419081307e-05,5.266891918020274e-06,0
0.2455893942640299,0.7516672184070676,1.4594362666895846e-05,1.9737997347035786e-07,0.0027127611980605876,1.1219955185767532e-05,4.614433015877697e-06,1
0.251138402347523,0.7476476208576612,1.4516318203901542e-05,1.9632446906862982e-07,0.001184526249948431,1.0148145209742963e-05,4.589756984798638e-06,1
0.24682395166421014,0.7488009226327889,1.3656646668839463e-05,2.040445899913397e-07,0.004347733916750388,1.0038774813372385e-05,3.492320178467394e-06,1
0.003988421500055982,0.03465748264336938,1.7794091311982026e-06,2.483020230046205e-08,0.9613464368255317,4.877692241579357e-06,9.770994679234338e-07,4
0.7314913820148533,0.008159992600685909,7.826197582301466e-06,1.2550235746904296e-07,6.819673572549092e-06,4.25387469046517e-06,0.2603296001362582,0
0.9272504890384545,0.04958480499506759,8.013700254107403e-06,1.4887279263507613e-07,7.533915924807532e-06,5.0192679115337855e-06,0.023143990209594883,0
0.918342071485271,0.0680607628827371,6.2683893567648774e-06,1.9363090567519995e-07,6.488390900417322e-06,5.470194769787085e-06,0.013578745026059005,0
0.9112716876002334,0.08306686843622241,8.715342348956843e-06,2.004349125819428e-07,8.078708741737163e-06,6.914071026412585e-06,0.005637535406514303,0
0.8881665664409956,0.10752822027700669,9.689722345740396e-06,2.228436444087861e-07,8.981912756291027e-06,7.687067913366028e-06,0.0042786317353381955,0
0.9215588052986089,0.07138002539376002,1.4508639713675277e-05,2.3065462781952663e-07,9.132547268589517e-06,7.956510464029009e-06,0.007029340955557089,0
0.9547565136396551,0.04388102500032769,9.126679779443494e-06,1.329960413051147e-07,4.031492442957569e-06,4.4839809253803414e-06,0.0013446862108283564,0
0.9496574505271611,0.04833263480110381,9.129424521413787e-06,1.3303603830569706e-07,5.940958505487125e-06,4.682774750026645e-06,0.0019900284779200005,0
0.9010452158221505,0.09793286893352827,1.1528855293106626e-05,1.350168090908272e-07,6.222760779891665e-06,4.645007087683484e-06,0.0009993836043516973,0
0.806220751137224,0.19287674029870197,1.4660126505992056e-05,5.446351396680841e-08,1.4186126630647353e-05,7.630257952513931e-06,0.0008659775894710928,0
0.7976724138678428,0.20179537929286245,8.048506733677205e-06,1.3658633237622354e-07,7.02492499339777e-06,4.629563572158382e-06,0.0005123672576629913,1
0.7998635239419043,0.1996580464977491,7.963260295161805e-06,1.3513966670640005e-07,6.950519907294128e-06,4.580529158761455e-06,0.00045880011131850713,1
0.3602924899714149,0.639527764658618,8.534003683679458e-06,1.3796477715704096e-07,4.746456694620795e-06,4.7464265528155315e-06,0.0001615805182587616,1
0.3282379579107245,0.6715754279487649,7.998688389757863e-06,1.2931061458902037e-07,4.448724123280779e-06,4.551642461845322e-06,0.00016948577492081483,1
0.2052407166234499,0.7944834704943289,8.510225590011943e-06,1.682684387077337e-07,7.414420889829695e-06,5.7889687639193215e-06,0.0002539309985387666,1
0.17980687954909458,0.8199514868486284,7.4556215392987245e-06,1.474162797148349e-07,6.495611133096074e-06,5.071588261686001e-06,0.00022246336506322908,1
0.23825473117031173,0.761366853331286,9.880359222257668e-06,1.953594064712123e-07,8.6081315990621e-06,6.720984104238247e-06,0.0003530106640702586,1
0.24229910130292076,0.757135098391196,1.0469605915382546e-05,1.9561451237217823e-07,9.133440126246433e-06,6.729760557526368e-06,0.0005392718847716851,1
0.6433895043769313,0.356059873357902,1.18355580911408e-05,2.21136014417645e-07,2.209539733682815e-05,7.455632970973392e-06,0.0005090145407533016,0
0.883078634912697,0.11583815775411582,1.1817823161301208e-05,2.6743751443329515e-07,2.99968466502472e-05,8.04729318134001e-06,0.0010330779326796831,0
0.8735719683312617,0.1259591614502871,1.2512423108035402e-05,2.7780349972115755e-07,1.6032499485135603e-05,9.403215022940774e-06,0.00043064427733512605,0
0.8245704826880298,0.17529668306928212,1.2189543367538717e-05,3.0185750834021416e-07,1.6188592916471198e-05,1.0217405684454004e-05,9.393684321102682e-05,0
0.7789519290293468,0.22101737190242002,8.659288670844013e-06,2.3143274278249954e-07,1.1352213130875232e-05,6.2042636078638566e-06,4.251870080811612e-06,0
0.9343162801869453,0.06566438776862231,6.4515395950392605e-06,9.910112384227759e-08,6.347807275053269e-06,3.4305745132199033e-06,3.0030219250717036e-06,0
0.885023257713207,0.11495200181050876,8.598419219446527e-06,1.143330812912674e-07,8.524526224892991e-06,3.957857786960755e-06,3.545339971600699e-06,0
0.9046159118894742,0.09536211705649926,7.611074050039261e-06,1.0120436394970403e-07,7.545666090858328e-06,3.5748762761103144e-06,3.138233245872599e-06,0
0.9390605457709085,0.06092039220363202,6.603346709751555e-06,8.780462511678357e-08,6.546598946005023e-06,3.1015527296702843e-06,2.72272244920004e-06,0
0.7623122179377273,0.23764764416329143,1.2511432467832883e-05,2.1243341823223075e-07,1.3548667841010354e-05,8.24135372684621e-06,5.624011527447517e-06,0
0.6610827587984159,0.33887452223858017,1.3919588009655268e-05,2.363426944818593e-07,1.299959996563558e-05,9.306441088456923e-06,6.256991245797859e-06,0
0.8977906069448108,0.10218363449506135,7.884720983325665e-06,1.3387581594686824e-07,8.924090228481294e-06,5.271613734497141e-06,3.5442593655793985e-06,0
0.7549281335260439,0.24501369397735207,1.9352883721884228e-05,2.781102290726964e-07,1.708348572869547e-05,1.2983804979068096e-05,8.474211945289958e-06,0
0.7605640698004915,0.23938042222343,1.9922960688118087e-05,2.9460678925051377e-07,1.5762541379396363e-05,1.17089057656051e-05,7.81896145591875e-06,0
0.5086381396270074,0.49129753480365373,2.174387816646381e-05,3.0786044753156425e-07,1.9539856818813318e-05,1.223566156867789e-05,1.0498312337269834e-05,0
0.479284195820127,0.5206485456141225,2.1634671603698195e-05,2.982600228183281e-07,1.9911465397350018e-05,1.1617029915443655e-05,1.3797138811082946e-05,0
0.3842032155249141,0.6157437124524124,1.707136881480992e-05,2.353493940427981e-07,1.5711630648619748e-05,9.166702682250028e-06,1.0886971133542091e-05,0
0.583432313778739,0.41649570871536373,1.988300168939201e-05,2.1768876909883863e-07,2.037031062883927e-05,9.766135096254173e-06,2.1740369713654953e-05,0
0.5075088341105903,0.49201816736489684,1.9476193375495343e-05,2.712508858381156e-07,0.000434380635137901,1.2860466000801485e-05,6.0099791125599655e-06,0
0.28374531389299573,0.7132937251354315,1.679623172696604e-05,2.319664333363572e-07,0.0029255765767743146,1.4385980834397922e-05,3.970215803820405e-06,1
0.2774342419964745,0.7203486831429098,1.6659903201676184e-05,2.8003614936634505e-07,0.002182300760496485,1.3896169672448374e-05,3.937991095658732e-06,1
0.2741391273743054,0.7225753450224524,1.653324468280576e-05,2.757519992861161e-07,0.003251020031717239,1.3790522703952941e-05,3.908052139023565e-06,1
0.2737370687076062,0.7235917154593215,1.6070215569018104e-05,2.7576780192221035e-07,0.0026372730427343225,1.368853086753514e-05,3.908276099415332e-06,1
0.25136391446785533,0.7473106993430809,1.452935327009206e-05,1.9650076049550416e-07,0.0012959091987989962,1.0157257833389116e-05,4.593878400797852e-06,1
0.26346144799375715,0.734676851562322,1.4264477886099758e-05,1.9291848030563744e-07,0.0018327608298885426,9.972087336195286e-06,4.510130330060939e-06,1
0.30868847053971216,0.6863150626111891,1.378312977156512e-05,2.0673696694006045e-07,0.004969032128827059,1.017123686934784e-05,3.273616663946948e-06,1
0.07525803472259401,0.9196136383103215,2.2310583114842587e-05,1.418845884333951e-07,0.005077731856762285,2.489425750072733e-05,3.248385118182785e-06,1
0.0974610929348665,0.8936890131847217,2.7554156962582215e-05,1.6654045629034928e-07,0.008794609443751608,2.401582505132203e-05,3.547914189913102e-06,1
0.08718076199017123,0.7819401870312928,3.2101518261185835e-05,7.261722389641417e-08,0.13078595464683437,5.662378548048283e-05,4.298410736049205e-06,4
0.10247881843074991,0.8234483646871036,3.446458633461747e-05,2.3586909409414877e-07,0.07395373363507514,6.799362339372436e-05,1.6389168248841686e-05,4
0.0898761993573842,0.7773067705454996,4.4692901058363135e-05,2.9122059716092533e-07,0.1326428948425531,0.00011125750588522814,1.7893627022310632e-05,4
0.005014844991314315,0.03984315710455132,1.5111862224580162e-06,2.8545456153734122e-08,0.9551334557553067,5.879117802388218e-06,1.1232993465754527e-06,4
0.007613097586772147,0.06532543512805836,6.177898205655322e-06,5.232246020187464e-08,0.9270431789666745,9.999143680956439e-06,2.058954148059656e-06,4
0.9237858972450763,0.05414990851720149,9.039313852606447e-06,1.449561152110697e-07,8.346549806077808e-06,4.913255512962155e-06,0.02204175016243515,0
0.9389390299290988,0.04511947234555695,8.768134266457629e-06,1.638241518171055e-07,7.471704102602642e-06,5.523355166483921e-06,0.015919570707657035,0
0.915761534234054,0.06963174572677579,8.384301867504532e-06,1.7639071040532018e-07,7.8612523388354e-06,6.084658029040541e-06,0.014584213436224371,0
0.9073511318986234,0.0806635888449425,9.171066204530908e-06,2.230138004301391e-07,7.624710533390741e-06,6.655628876214384e-06,0.011961604837019562,0
0.8967643521399283,0.09584440715955149,8.946982091566511e-06,2.0576214927575202e-07,8.293427789896926e-06,7.097835882549862e-06,0.007366696692607019,0
0.9638089517004946,0.0345957987651249,9.213213573373398e-06,1.3425703131571106e-07,4.069716676163889e-06,4.631242323777442e-06,0.0015772011047760796,0
0.9550470691730558,0.043466237744829495,9.129457249168611e-06,1.3303651522194014e-07,4.032719323759564e-06,4.682791537142147e-06,0.001468715077489458,0
0.9123273798631574,0.08580650271433617,9.781052448579468e-06,1.3269923065224436e-07,6.847407873184506e-06,4.565275028053502e-06,0.0018447909879259425,0
0.9011068519165761,0.09766080641539567,1.14968275435228e-05,1.346417254904845e-07,5.4539345389145535e-06,4.632103020450686e-06,0.0012106241611997638,0
0.9096821178236378,0.08994857662473923,9.889939820447722e-06,1.1632172262778813e-07,5.361126946280449e-06,4.001836732003883e-06,0.0003499363264017858,0
0.7855341262285017,0.21371570753708008,9.125334170471886e-06,1.492786072025167e-07,1.0644935361550238e-05,6.0670442264279895e-06,0.0007241796420524351,0
0.7898963019297844,0.20940517439578774,7.970045841452267e-06,1.3525482010213561e-07,7.154890885909782e-06,4.584432257679421e-06,0.000678679050622719,1
0.7998250200732767,0.19964843534914353,7.96287695935629e-06,1.351331613466512e-07,6.950185322833913e-06,4.5803086610294115e-06,0.0005069160734750568,1
0.5921336283407055,0.4070380239044577,7.500888645900156e-06,1.2028564296691494e-07,7.035859348827659e-06,4.0770553044750796e-06,0.0008096136658944115,1
0.6101945876168108,0.38903708023130434,6.726694050075468e-06,1.0787051468858973e-07,6.3096621551361774e-06,3.6562472732389087e-06,0.00075153167789182,1
0.44952337012438126,0.5503199955194852,5.939574613351287e-06,1.1034116971130694e-07,3.7169404391807896e-06,3.7201686261817164e-06,0.00014314733128512332,1
0.5501880611126719,0.4496505116779974,6.0505797359185285e-06,1.272933721672357e-07,4.598201508685576e-06,4.291714603863738e-06,0.00014635942011019984,1
0.1980735095526031,0.8018461186604572,7.587344867643422e-06,1.8769589791190163e-07,7.79831747610148e-06,6.019206041063044e-06,5.877922265682117e-05,1
0.18151879341851868,0.8181284273344074,7.23909816205947e-06,1.6648433867410406e-07,7.4676985747199016e-06,5.742934339881986e-06,0.00033216303165856424,1
0.13711703190810015,0.8627511364832209,4.157120925236874e-06,9.560521387230983e-08,3.283162296166683e-06,3.2979346297181335e-06,0.00012099778561411228,1
0.2394392871157984,0.7596920611282577,1.0504963399475196e-05,1.9627513294045852e-07,9.164285171091957e-06,6.752488003409548e-06,0.0008420337442369578,1
0.2040095650245288,0.7949282183021511,1.0119964990776904e-05,1.6470235080088743e-07,7.25728817454127e-06,5.5529637732764536e-06,0.001039121754030696,1
0.29246818222224724,0.7057593755022517,9.360553488038993e-06,1.748929349294935e-07,8.16592864359093e-06,5.896540803109415e-06,0.0017488443596313176,1
0.3805979971402353,0.6175833505313779,1.0654847361971758e-05,1.9907557055703558e-07,1.2702849772384254e-05,6.711861889475852e-06,0.001788383693792405,1
0.6793231712576482,0.31792015186561157,1.135829400893405e-05,2.0814786495839957e-07,1.4779676734669064e-05,7.0177356180917625e-06,0.002723313022513408,0
0.8970439671120102,0.10180635924711044,1.1070205394248417e-05,2.505189132122599e-07,3.120431749062236e-05,7.538206247398265e-06,0.0010996103928337011,0
0.8897230488044051,0.10926524609746344,1.0675167440251528e-05,2.6944975373544983e-07,3.562419876531613e-05,8.1078422021076e-06,0.0009570284399698044,0
0.889780513043378,0.109272303174631,1.190751122243838e-05,2.694671565947561e-07,3.703836210296949e-05,8.10836586054545e-06,0.0008898600756483588,0
0.9230223596759983,0.07682944741725098,7.07998440000042e-06,1.571913311521748e-07,6.342942522911959e-06,5.021877864732661e-06,0.00012959091063192312,0
0.9060786494648954,0.09386627556333695,8.346595295621773e-06,2.3696848762705158e-07,7.4776964511578754e-06,6.272552454192103e-06,3.274115907925896e-05,0
0.8981080898117937,0.10183553569538292,8.55155794445856e-06,1.8986352239904887e-07,7.661322039501748e-06,6.426583998845201e-06,3.3545165318113214e-05,0
0.8098396332841911,0.1901213903008551,7.389391010571645e-06,1.922559579371781e-07,1.0587825951726605e-05,5.102419399111195e-06,1.5704522634600715e-05,0
0.7969772789913432,0.2029922410962653,8.508534016583456e-06,1.9278332139180026e-07,1.1026249910084474e-05,5.3208151115720355e-06,5.431530031895875e-06,0
0.91034545241611,0.08963231613462691,7.701278526413165e-06,1.0240381183272484e-07,7.635095369057858e-06,3.6172447829029086e-06,3.1754267726760405e-06,0
0.7020233670968185,0.29793674241886814,1.2997953791523408e-05,2.2069413402957618e-07,1.2138879365137583e-05,8.690249391533083e-06,5.842707631176604e-06,0
0.9097463445909943,0.09022932397680386,7.447875699698429e-06,1.2645855680582634e-07,8.429659704532474e-06,4.979545111918146e-06,3.3478931287678106e-06,0
0.8165253830465409,0.18342331753595065,1.716618741107033e-05,2.832182029905817e-07,1.5153210336375635e-05,1.118009694185502e-05,7.516704616453671e-06,0
0.855227634243775,0.14472085301055845,1.4962933934378143e-05,2.2126138746053498e-07,2.1721861190690436e-05,8.734338877859444e-06,5.872350276238618e-06,0
0.6333893136114056,0.3665429890817195,2.2993533504764436e-05,3.2555367818545935e-07,2.066284353702077e-05,1.2938864542861257e-05,1.0776511611977497e-05,0
0.7448572976523611,0.25435569020075477,1.0087778915998675e-05,1.4433659154321618e-07,0.0007675848597749916,5.202242404773932e-06,3.99292919689647e-06,0
0.3443715941984371,0.6553637893682841,1.4858596631386026e-05,2.0206372497177565e-07,0.00023306536205095957,8.975592493986412e-06,7.514818377500312e-06,1
0.20767072485949556,0.7922873147856849,1.3524485131436286e-05,1.5367229454674207e-07,1.6216223955468027e-05,6.872575209733165e-06,5.193398228369923e-06,1
0.2795059204834416,0.7204498727817729,1.474117100814244e-05,1.6749691770976768e-07,1.6146617758438792e-05,7.490843861960607e-06,5.660605239591459e-06,1
0.44185504542233034,0.5581002350876648,1.2158912440157116e-05,1.7025875010271017e-07,1.8633291049534143e-05,9.003589417452642e-06,4.7534383475139995e-06,1
0.317002046280735,0.6829497172444364,1.4381224203999772e-05,1.8444804927856987e-07,1.8424553735631833e-05,1.0096660756732511e-05,5.1495880830558846e-06,1
0.2947693127136412,0.7051878925067274,1.3702260685833694e-05,1.6231396003747443e-07,1.59272193299584e-05,8.885043767012745e-06,4.117941888508264e-06,1
0.29350522737359025,0.7064401283848173,1.4165196004099931e-05,1.846250122400028e-07,2.618363729942468e-05,9.619170478201302e-06,4.4916127987214285e-06,1
0.5732450196974959,0.4266237486907972,1.7483887676630042e-05,2.752030521617983e-07,9.605579410960253e-05,1.187279696903238e-05,5.5439298995248366e-06,1
0.5017975495167627,0.4978770076756045,2.040756619798127e-05,2.294539750771722e-07,0.00028502541085488137,1.344848306586265e-05,6.331893538892316e-06,0
0.25878347384401823,0.7386472261900565,1.519233850938499e-05,2.607032730082557e-07,0.002537211388235955,1.2940759490288887e-05,3.694776416374133e-06,1
0.23967724413402405,0.7565668472966369,1.5244618110794465e-05,2.0617428708274965e-07,0.003722652455720691,1.2985290998566578e-05,4.820030221974685e-06,1
0.3013139379476537,0.6956166546910778,1.4143915786644658e-05,2.01921862653657e-07,0.003040256682063973,1.043747828761357e-05,4.367363267643095e-06,1
0.32570605433907357,0.668116717778335,1.4526931097739838e-05,2.65199382311688e-07,0.00614826535219962,1.0720123776577404e-05,3.4502761350820662e-06,1
0.08079492853663488,0.9151606887964207,1.5449471611781783e-05,7.498540598838654e-08,0.0040026553404831945,2.3080139526357403e-05,3.122729916981613e-06,1
0.0680440805137622,0.927427969552497,1.539351469516384e-05,1.2447504919567356e-07,0.004486323979532569,2.2996544858820552e-05,3.1114196054074845e-06,1
0.005100333928933502,0.029197058483797934,1.9802118601800656e-06,1.2944434049148658e-08,0.9656957564389618,4.355823610439203e-06,5.021684020645817e-07,4
0.9242532745618656,0.052142889714340654,9.043887174484e-06,1.450294538497971e-07,7.880756613712649e-06,4.915741309925712e-06,0.023581850309241977,0
0.9019110266444067,0.07455820573632202,1.1859593267359345e-05,2.2158508855794882e-07,8.601940545777683e-06,7.643653597809406e-06,0.023502440846771704,0
0.9129990339830457,0.08122387817709939,1.512912691330327e-05,2.4051897395544164e-07,9.523116528836309e-06,8.29678446586964e-06,0.005743898292972874,0
0.9475309614710924,0.04822440754621473,9.108981759318659e-06,1.327381417543008e-07,4.1034790265635265e-06,4.672289001452315e-06,0.0042266134947637115,0
0.9381565896564255,0.05953876690257469,8.859588673464219e-06,1.29103929318995e-07,8.39323203005078e-06,4.441585242405652e-06,0.0022828199311242824,0
0.9194072403960775,0.07851795930151585,8.682527056914003e-06,1.265237474086685e-07,9.23577152358417e-06,4.352818789238203e-06,0.002052402661289218,0
0.9018069365297995,0.09697180976439958,9.02192143738632e-06,1.3369182858350322e-07,5.415457049633125e-06,4.59942354968547e-06,0.0012020832119356986,0
0.9322537310072315,0.06746063220258017,8.918122463616623e-06,9.118431039999325e-08,4.12201642766393e-06,3.1370299072063766e-06,0.0002693684370795119,0
0.7830862660268593,0.2161143748026085,9.309564740991503e-06,1.522541534489653e-07,1.1375150350980483e-05,6.18953124973278e-06,0.000772332670037024,0
0.7225063134859385,0.2766397569766105,9.718544818001024e-06,1.6492753707596644e-07,1.0412791402549007e-05,5.590182446582846e-06,0.0008280430912467895,1
0.5651898126494308,0.4338017981209289,8.827103345491738e-06,1.415530681192321e-07,8.425321908014662e-06,4.797909983313443e-06,0.0009861973413355205,1
0.5077998160804619,0.4918714782474242,5.932902478291963e-06,1.1021721955749244e-07,4.250212132946463e-06,3.7159896286721055e-06,0.000314696350654486,1
0.40439089409776924,0.5952958680895579,5.375883468519591e-06,9.986931872439918e-08,3.325484128122201e-06,3.3671086432082685e-06,0.0003010694671141812,1
0.4792808562324125,0.5205336198183336,7.4380802548452675e-06,1.389733724264559e-07,4.8420030822378286e-06,4.685507515719128e-06,0.0001684193850286688,1
0.1311716732277253,0.8686988545281399,4.082721744221614e-06,9.389418603818862e-08,3.2244041819891247e-06,3.2389121379731006e-06,0.00011883231188451728,1
0.12861454963665442,0.871285526886925,4.240416819981371e-06,8.938978501418872e-08,3.0155035438948556e-06,3.0835312803660345e-06,8.949463499134757e-05,1
0.1246583953701424,0.8752289523457695,5.1953640226673e-06,7.689681909319628e-08,2.645511624785882e-06,2.7067138152411893e-06,0.00010202779780642682,0
0.19299238704609337,0.8068879536153994,6.6645348609566485e-06,8.551584579992992e-08,3.2832748687854188e-06,3.0100974783908305e-06,0.00010661591545323504,0
0.26976623073564837,0.7298776084616729,1.0893590787074283e-05,2.1539352797102158e-07,9.490896127563934e-06,7.4102215183703255e-06,0.0003281507007179467,0
0.24369644849884511,0.7554105390475631,1.052998449041492e-05,1.96742627948652e-07,9.186112987519658e-06,6.768571316599497e-06,0.000866331042169408,1
0.293741839077918,0.7044889092921444,9.34370317428157e-06,1.7457810303079393e-07,8.151228822694544e-06,5.885926199737638e-06,0.0017456961936376785,1
0.8574452119598127,0.14031865168199822,9.251936362405522e-06,1.9503474245817613e-07,1.3686373612561725e-05,6.5756247809106535e-06,0.0022064273886907774,0
0.6884367638142805,0.309038398528606,9.480765583172105e-06,1.998585594831683e-07,1.4024880286862773e-05,6.738260475291716e-06,0.0024943938922084934,0
0.9028355195565738,0.09600458161131298,1.21377716607424e-05,2.746779537484992e-07,2.7018543415266193e-05,8.265160663598864e-06,0.0011122026784198605,0
0.9131235805839556,0.08682392466798665,7.720388998413502e-06,2.021917075115359e-07,6.9166796005166e-06,5.476120910415569e-06,3.217936684090134e-05,0
0.9028711693372358,0.09709025427137362,7.178519245163321e-06,2.2555544622706564e-07,7.4278590688624335e-06,6.017111644790349e-06,1.772734598579566e-05,0
0.7800066395063044,0.21996163283093004,9.219815620428873e-06,2.671295327476606e-07,1.1948003141035825e-05,5.765615343779789e-06,4.527099127563806e-06,0
0.9229869656847194,0.0769931576391205,7.1939661992996175e-06,9.789944532790068e-08,6.160082952371587e-06,3.388976118321109e-06,3.0357514448012536e-06,0
0.9359180382882167,0.06406361384421498,7.0853006995164e-06,9.642066549208643e-08,4.770349990983562e-06,3.4059000634175354e-06,2.989896149011976e-06,0
0.9398818529595346,0.06009960825510833,7.21337524937924e-06,1.1197286783485408e-07,4.790553451658565e-06,3.4203247844808337e-06,3.0025590038094394e-06,0
0.8219291487145766,0.1780363738482886,1.00704770852025e-05,1.4598331872588575e-07,1.3100716430621991e-05,6.633482142882758e-06,4.526778157472243e-06,0
0.7816617654413005,0.21829852942009387,1.3232817416297859e-05,1.9521317605090635e-07,1.1612292669842098e-05,8.716534210680318e-06,5.948281132572666e-06,0
0.9171883198410814,0.08278998380050118,7.643795881464783e-06,1.134020260963621e-07,5.392564014166813e-06,5.351312357716789e-06,3.1952841381269236e-06,0
0.7797371264029699,0.22020270656592839,2.011798506846873e-05,2.891051026956816e-07,1.7758868174186104e-05,1.3191839370975321e-05,8.80923338518277e-06,0
0.8191979006136566,0.18074438742331314,1.810701998228524e-05,2.6775392991953146e-07,2.158925056979914e-05,1.0641660844863771e-05,7.106277703367405e-06,0
0.5879477361107714,0.41197146846251476,2.633159596359224e-05,3.728155969009545e-07,2.4888702103423783e-05,1.4422647214992409e-05,1.4779665834810637e-05,0
0.45346534694633406,0.5450113868447377,1.3499005488773216e-05,2.6202670123896543e-07,0.0014905003875312311,7.443133112065225e-06,1.1561656095036368e-05,0
0.8229213913913908,0.17647996394268123,6.621191549016854e-06,9.473643584953899e-08,0.0005845977036201328,3.4145319532923435e-06,3.916502369618029e-06,0
0.32249123320733863,0.6761874792071032,1.2038457823885445e-05,1.6344902418486457e-07,0.0012920176215632667,5.891101040575921e-06,1.1176956106011325e-05,1
0.4840567307729324,0.5119010542788103,1.7547509487811088e-05,2.45877539289301e-07,0.004007118801957752,1.0920987839932155e-05,6.3817714326813975e-06,1
0.37899357613089624,0.6209651792259645,1.2032481728414157e-05,1.8558254370173245e-07,1.5754988962704547e-05,8.788964575827077e-06,4.4826253285671805e-06,1
0.31866525262373874,0.6812807815988604,1.3660712942848819e-05,1.6946682815090925e-07,2.6559595079073086e-05,9.276590780177019e-06,4.299411770830696e-06,1
0.6240336459107516,0.3758284000875949,1.6947537608792355e-05,2.6676069778237636e-07,0.00010385726626612623,1.1508577318486617e-05,5.3738597622251065e-06,1
0.5767989561201151,0.42276916091078665,1.9440947346211945e-05,2.3378188879576698e-07,0.0003936658814236477,1.2555268702734897e-05,5.987089736968893e-06,1
0.30944798598441714,0.6876313051697718,1.675322151210901e-05,2.8160473593030254e-07,0.0028883968303200524,1.131713999531157e-05,3.960049247563806e-06,1
0.30182558978033275,0.6957360493151441,1.4146343427640289e-05,2.019565202265022e-07,0.0024092052219387835,1.0439269761103954e-05,4.3681128754795155e-06,1
0.14225719518157046,0.8545467619304675,1.0151098029410036e-05,1.7687799941671247e-07,0.0031763268670652,6.0603800173926475e-06,3.3276648504684e-06,1
0.09771730439714353,0.8986629099060505,9.719284142930413e-06,7.834056805477601e-08,0.0036010257379653983,5.699880158047103e-06,3.2624539715884377e-06,1
0.10399072999774209,0.82250163097885,3.433977407995527e-05,2.355979110647198e-07,0.07337495787939356,8.959719648571609e-05,8.508575537813267e-06,1
0.09842407938132765,0.6201476268648194,4.1825700079680384e-05,2.734101472312481e-07,0.2812784138733633,9.96315886393501e-05,8.149181623367145e-06,4
0.00391437527285044,0.03670219522731199,2.726609015943375e-06,2.6332025504138044e-08,0.9593743842103971,5.164061443450374e-06,1.1282869555150946e-06,4
0.6464661029602036,0.0070332725502061455,6.8968292472723165e-06,1.1059883429873506e-07,5.885696640476804e-06,3.7487230639025213e-06,0.34648398264180424,0
0.9124827569327134,0.050937137114273154,9.424935690386653e-06,1.5114001859761417e-07,8.212798638774349e-06,5.122857552595492e-06,0.03655719422111287,0
0.8946781081057539,0.050682833967208026,8.430569377455778e-06,1.5661708910091904e-07,7.479728565682988e-06,5.280367996111977e-06,0.054617710644009554,0
0.8702401273998973,0.080698873774367,1.3845683549445625e-05,2.5721520778007843e-07,1.1463379500535125e-05,8.672048236064736e-06,0.04902676049924168,0
0.9198498476969997,0.07437166408043619,1.4973464320999136e-05,2.3804429004282845e-07,9.425133808869203e-06,8.21141939588597e-06,0.0057456401607482365,0
0.9105513130933914,0.08257426496389107,1.4822101273569934e-05,2.3563795919035683e-07,9.32985746231674e-06,8.128412188145977e-06,0.006841905933834057,0
0.9226889653561712,0.07564212204475046,8.222653598859856e-06,1.2184783508365033e-07,9.153309841745226e-06,4.191952553120263e-06,0.00164722283524962,0
0.7896876846243682,0.20945342207239984,1.2540314574115958e-05,5.397082343630352e-08,1.1474832166307103e-05,6.540041050440448e-06,0.0008282841446175772,0
0.7495975758496612,0.24996547798050842,7.513984166065824e-06,1.2751527366953542e-07,6.558381189807912e-06,4.32210204054833e-06,0.0004184241871601679,1
0.3760611754032725,0.6236821495242949,9.189916610764498e-06,1.9333940322700646e-07,6.468728974884304e-06,6.518466171526379e-06,0.00023430462127220768,1
0.09305339474388573,0.90678917120198,4.807813319020852e-06,7.00605427401954e-08,2.949827420713963e-06,2.4167624413071717e-06,0.0001471895904105887,1
0.098130735383337,0.9017758774368341,4.328336383253558e-06,6.413968574407301e-08,2.943245883420187e-06,2.2576717158911888e-06,8.37937861605539e-05,1
0.20923952309567506,0.7903816647537804,9.315611692306506e-06,2.133273890577625e-07,8.239706414091799e-06,6.349536910126794e-06,0.0003546939681388671,0
0.27328455726052975,0.7263670046840442,1.0756430700906655e-05,2.1268153011522648e-07,9.371397226227445e-06,7.316920177990726e-06,0.00032078062579063194,1
0.26742363584947876,0.7322363692517839,1.0495786869371792e-05,2.0752794985730156e-07,9.144314753630543e-06,7.139620647760359e-06,0.00031300764851656485,1
0.18662056305423927,0.813047685587256,8.003623871577957e-06,1.4954001072272846e-07,6.589189201985479e-06,5.1446513539811455e-06,0.0003118643540668114,1
0.254977676193522,0.7444527656852391,1.1112271881761528e-05,2.0762210756224284e-07,9.582563011298565e-06,7.142859971884203e-06,0.0005415128042660963,1
0.2552932841831228,0.7441492617794644,1.1107741550122501e-05,2.0753746267478337e-07,9.690134777356299e-06,7.139947918897372e-06,0.0005293086757037287,1
0.23759468358434674,0.7615431082362489,1.0601165750428044e-05,1.9807258129933604e-07,9.248209859330797e-06,6.678045960401931e-06,0.0008354826852528143,1
0.8421273855658878,0.15298918880557766,1.0065050765133221e-05,2.2822927521563107e-07,1.7472335679149304e-05,7.153529233217269e-06,0.004848506483581839,0
0.9034400966286685,0.09590294626249313,1.0265990819890063e-05,2.3231952539761376e-07,3.597904904744381e-05,6.990579973740634e-06,0.000603489169472099,0
0.9031641137760851,0.09590893533752227,1.0072476642561252e-05,2.2794029667790395e-07,3.530084309541825e-05,6.8588073707446586e-06,0.0008744908189870095,0
0.898801187986303,0.10039036743119888,1.0213277868899128e-05,2.3112663053034047e-07,3.579430683576524e-05,6.954685328399626e-06,0.0007552511858344597,0
0.9073477236766656,0.09156897089374916,1.0973357047252968e-05,2.4832723367501217e-07,3.573813759786335e-05,7.472257803952889e-06,0.0010288733499025154,0
0.9281513593493289,0.07161226784514121,6.7495346796138435e-06,1.5274207048622856e-07,1.1978725454762505e-05,4.5960650843326695e-06,0.00021289573824104775,0
0.9218095290696798,0.07804400497288219,6.75103351311002e-06,1.7680495034172743e-07,6.519296226628948e-06,4.7885509131282225e-06,0.0001282302718351576,0
0.9267258263954448,0.07324307321608636,6.346860167156797e-06,1.66219926845408e-07,5.686138127823073e-06,4.50186819394634e-06,1.4399302053103934e-05,0
0.8027323419065627,0.19722575939537523,7.32454044898283e-06,2.1395517408451693e-07,1.0494905377082257e-05,5.794720352856107e-06,1.807057670903813e-05,0
0.8049718233911486,0.19499929816941886,8.027681379268581e-06,1.8188833427170508e-07,1.0524184309856578e-05,5.020113724696507e-06,5.124571684499995e-06,0
0.8189053532126794,0.18106526848120286,8.1666352341061e-06,1.8503670102954612e-07,1.0706350979133175e-05,5.107008572761949e-06,5.213274630756858e-06,0
0.8262462220219999,0.1737244567292426,8.366417560177532e-06,1.8956329753845867e-07,1.0192517171281806e-05,5.23194252936529e-06,5.340808199028907e-06,0
0.8262462220219999,0.1737244567292426,8.366417560177532e-06,1.8956329753845867e-07,1.0192517171281806e-05,5.23194252936529e-06,5.340808199028907e-06,0
0.7834683717148153,0.2165005931577052,8.855449427709912e-06,2.006436067322137e-07,1.0788287782929596e-05,5.537758801091428e-06,5.652987861222092e-06,0
0.9281544866770972,0.07182652805860645,7.331440882587118e-06,9.977027636430264e-08,4.9360698199489335e-06,3.524219511057546e-06,3.0937638063903663e-06,0
0.7394530625536879,0.2605091893254892,1.3899697100514068e-05,2.156651096074316e-07,1.1256286283975743e-05,6.590739680949761e-06,5.785732647551368e-06,0
0.9386098187213445,0.061366678394822204,8.215731288027878e-06,1.55862956062897e-07,6.2300250348103094e-06,5.621626961398159e-06,3.279637592918678e-06,0
0.8768304358820269,0.12313530511084476,1.1892563778945089e-05,1.7955224602367837e-07,8.389995293573099e-06,8.325814098401644e-06,5.471081711488464e-06,0
0.7374944885000173,0.2624467237664531,2.0147603258313893e-05,2.979286462460878e-07,1.8909486868314173e-05,1.1525590119528056e-05,7.907124637346251e-06,0
0.4656234949550024,0.5343079633017189,2.1830556730599243e-05,2.7147516687138544e-07,2.2229148809009433e-05,1.1957285789575721e-05,1.225327678247256e-05,0
0.6255963653073142,0.37409560733152103,1.8705587519504382e-05,2.7212831321739583e-07,0.00026154890548690644,9.94293520017085e-06,1.7557804644985632e-05,0
0.8106495635518223,0.18867752193197468,7.706777755338694e-06,1.102690733261914e-07,0.0006540085079154497,3.974366049934622e-06,7.114595408887798e-06,0
0.2986631024529904,0.7012872450749384,1.6450666927931684e-05,1.8873557166247769e-07,1.8194013207663627e-05,8.440684866638902e-06,6.378371497564632e-06,1
0.4596692865697061,0.5402897296021567,1.2778938994302816e-05,1.6171998959690926e-07,1.5388252049497924e-05,8.552044379786073e-06,4.1028727240496165e-06,1
0.5329338965375625,0.4670119771893166,1.21892055839779e-05,1.8647270659255892e-07,2.862823984669136e-05,8.282440791716458e-06,4.839914192027848e-06,1
0.30651200019840485,0.6934452381483468,1.3729375173488676e-05,1.6197786214621983e-07,1.5894239388928603e-05,8.866645814839634e-06,4.109415008967423e-06,1
0.6350751525681719,0.36480565981326635,1.4950459742448105e-05,2.3532593141989627e-07,8.897184418784578e-05,1.0152420125247092e-05,4.877568574700866e-06,0
0.5872321974571626,0.41258609365309473,1.646365487568932e-05,3.6297563625187804e-07,0.00014810287414080623,1.1408138517627413e-05,5.371246572330058e-06,0
0.569456372733753,0.4302003615716315,1.793853737098264e-05,2.124959599531412e-07,0.00030769846490663795,1.1869375631381986e-05,5.546820746564572e-06,1
0.6375769198567194,0.362046515666966,1.7225393709746617e-05,2.071393438293501e-07,0.00034270273234119405,1.1124429416162592e-05,5.304781503611618e-06,1
0.6321888277113495,0.3674918591068296,1.7390271806242045e-05,2.0997063762700664e-07,0.00028505916502016425,1.1276484199315703e-05,5.377290157406874e-06,1
0.3410232320411556,0.6563911197462888,1.734037779881128e-05,2.4045322183174336e-07,0.002548102866184848,1.4614078445094854e-05,5.350436905148981e-06,1
0.3382534199285943,0.6591164779436113,1.7483033332970077e-05,2.938721356625778e-07,0.002596382520883288,1.1810142642053163e-05,4.1325588004265265e-06,1
0.25007101275121496,0.7477572518623941,1.410029263762554e-05,1.914718071183531e-07,0.0021430700047414186,9.897307816121957e-06,4.476309388649208e-06,1
0.3611014366979735,0.6363507217431967,1.3949110314723759e-05,2.1420826710440568e-07,0.0025190773071567395,1.0293721925220446e-05,4.307211165832183e-06,1
0.0847802974328181,0.911417404069015,9.758843022225389e-06,7.86594253934446e-08,0.003782074019732546,7.111243360081121e-06,3.27573262678254e-06,1
0.09186257121069562,0.8963681620101758,2.7270167006283583e-05,1.5285029502903577e-07,0.011706943871285859,3.148785242775729e-05,3.4120381138317506e-06,1
0.8953745600469833,0.04898569637181433,8.903217270492655e-06,1.4277364515212472e-07,7.758178207454128e-06,4.839281172291034e-06,0.05561810013090694,0
0.8547916086290809,0.0825992975265539,1.2469847659777968e-05,2.3165591249730243e-07,1.1063437304717878e-05,7.810312868684866e-06,0.06257751859061972,0
0.851137852484992,0.10535294569035711,1.3976767336989798e-05,2.596503886456071e-07,1.1868510025554815e-05,8.754150714031212e-06,0.043474342746185675,0
0.9015788005753806,0.06995653164975044,1.2230920880223997e-05,2.2721730164593274e-07,8.996449657825478e-06,7.660664456616211e-06,0.028435552522572828,0
0.9145842338018833,0.07089704229140803,1.244480001298452e-05,2.672226522231735e-07,9.153768380559638e-06,7.7946246290673e-06,0.01448906349103396,0
0.9566825545569896,0.03872332756075112,6.175097138449625e-06,9.817010831663418e-08,3.0348396865343777e-06,3.4555185969697425e-06,0.0045813542567291945,0
0.940607418633067,0.055475488948582334,7.566678589698302e-06,1.2029311281965328e-07,3.718752266467478e-06,4.1384651689621355e-06,0.0039015482292127255,0
0.9031032055294274,0.09548479913767005,9.113023148114841e-06,1.3504182418908565e-07,5.470141343330693e-06,4.645867686519229e-06,0.001392631258900314,0
0.7958347614049749,0.2033896719760127,9.225344919105412e-06,1.5087677243904243e-07,1.1272244021507441e-05,6.0428979988444376e-06,0.0007488752553005657,0
0.7642719941584075,0.2352617409140772,7.760785060232438e-06,1.3170358214424163e-07,6.773794784800563e-06,4.4640638313522056e-06,0.0004471345802569045,1
0.5216284109973343,0.4775761658312794,7.999492496682992e-06,1.282813468906059e-07,6.5800839789999e-06,4.348067923196858e-06,0.0007763672456404747,1
0.33303326218087603,0.6667212795324537,9.79025229353369e-06,1.8292144364157917e-07,7.6386104500254e-06,6.167223145012005e-06,0.00022167927933802042,1
0.19579323087520337,0.8040087683269885,8.150064728301156e-06,1.8480615838960772e-07,1.0347930088881466e-05,5.689568877978376e-06,0.00017362842795455986,1
0.12871223314047398,0.8711544689659496,5.258223952194131e-06,9.844198376706287e-08,4.1447989368623465e-06,3.3957899797929015e-06,0.00012040063872400846,1
0.13822488957397003,0.86164316059575,5.82143601263139e-06,8.626526299435606e-08,4.037058259328882e-06,3.036476435250844e-06,0.00011896859430981557,1
0.16216478644507623,0.8376846492725148,6.111308038136365e-06,9.879832290580785e-08,4.623582791613692e-06,3.477631307579939e-06,0.00013625296194877675,1
0.14311131634061838,0.8566155789498305,8.033331576549867e-06,1.1890170587901746e-07,7.805717395636954e-06,4.090596350667387e-06,0.0002530561625223347,0
0.21085670564247946,0.7888704771989171,8.11013819895248e-06,1.603577106161965e-07,7.065850070096044e-06,5.516814590662211e-06,0.0002519639980328617,1
0.21085883567206767,0.788878446200674,8.110220125843426e-06,1.603593305156788e-07,7.065921447810447e-06,5.516870320349702e-06,0.00024186475603366663,1
0.21702751537859125,0.7827059518254735,8.22798056742727e-06,1.6268774889157975e-07,7.168518666748987e-06,5.596975308254406e-06,0.0002453766336439098,1
0.19557879510968113,0.8041810133966493,7.414813383252868e-06,1.4660940043393345e-07,6.460057569743189e-06,5.043829051525948e-06,0.00022112618426483428,1
0.1863470287948304,0.8133268047212924,8.118017938075339e-06,1.5167735378196226e-07,7.081969596607923e-06,5.2181827440784585e-06,0.00030559663624465727,1
0.16208736306658597,0.8375458244600792,7.674648443205028e-06,1.4339342139322479e-07,6.618160811677201e-06,4.860288351111699e-06,0.00034751598230756093,1
0.867759527927692,0.12809532699786,8.892508785741111e-06,2.1998307053987377e-07,1.684103868169937e-05,6.895063415651185e-06,0.004112296480494503,0
0.7151709508044916,0.27966470688713924,1.0128644276864274e-05,2.296712849411134e-07,1.7582730272272472e-05,6.910893444297288e-06,0.005129490369091136,0
0.6968759397145601,0.2993338099946764,1.0437687697221662e-05,2.3620502829292576e-07,2.926504667433656e-05,7.1074961850723825e-06,0.003743203855178716,0
0.9106766858087805,0.0888259446046946,1.015626009362034e-05,2.2983631742521552e-07,3.5594477577262776e-05,6.915859332448129e-06,0.00044447315320386563,0
0.9396232185993565,0.0601358893936854,5.667873440760487e-06,1.3476018477586492e-07,1.2942828409906505e-05,3.859512760513162e-06,0.00021828703216197613,0
0.9281565447517672,0.07161266792905487,6.749572387960908e-06,1.4919067396927431e-07,1.1115405876047377e-05,4.787514527787609e-06,0.0002079856357118746,0
0.9286859129669566,0.07118659495795646,6.57869703285395e-06,1.5301217079693474e-07,5.641989467923485e-06,4.144151896048283e-06,0.00011097422451948078,0
0.937852179945936,0.06210897355585619,5.650177381643959e-06,1.1662249707056012e-07,4.972579481727726e-06,4.0077066730103615e-06,2.4099412174433047e-05,0
0.8049712344647169,0.19499915550574104,8.027675506126675e-06,1.8188820120015577e-07,1.0524176610245073e-05,5.751721289313163e-06,5.124567935305765e-06,0
0.7932086754233093,0.20676285906390202,7.910371926739932e-06,1.883077679455497e-07,1.0370393166265828e-05,4.946754212173184e-06,5.049685715519586e-06,0
0.7889149640009504,0.21105459310376384,8.84647203795316e-06,2.5631249465851543e-07,1.1464185407607237e-05,5.532144786857355e-06,4.3437805585067025e-06,0
0.9277743836388429,0.0722066820633968,7.311759400181152e-06,9.950243993619137e-08,4.922818786097364e-06,3.514758633528494e-06,3.085458500666862e-06,0
0.7761291744752382,0.22382631466368114,1.302633907157486e-05,1.8883198804070686e-07,1.3601966494075011e-05,8.58052571763438e-06,9.113197809365798e-06,0
0.9192392430835444,0.08072587662670441,1.0724066272315973e-05,1.554578568049583e-07,1.2010232593240468e-05,7.169960125456914e-06,4.820572903356996e-06,0
0.9412232467518373,0.05874970419100066,8.316326603985432e-06,1.2055486021035476e-07,9.31372618360818e-06,5.560179191989909e-06,3.7382703225295662e-06,0
0.9486484024710675,0.05133056437753957,7.37701655229408e-06,1.2478293791602724e-07,5.534370326634503e-06,4.6493806634083924e-06,3.3476009126942077e-06,0
0.9501430179995612,0.049838839428953875,6.180356929984366e-06,9.169070037027367e-08,4.700518948982227e-06,4.326779642915862e-06,2.843225262325043e-06,0
0.7022775260242707,0.297672305962941,1.720303481369953e-05,2.7352470882056365e-07,1.4634572923590413e-05,1.079744426140668e-05,7.259436080717058e-06,0
0.8209508269899205,0.1789971647635253,1.8666835376895297e-05,2.760320878982017e-07,1.4768726880346291e-05,1.0970669459809913e-05,7.3259827492894445e-06,0
0.780864224026341,0.219081605814311,1.972283851960368e-05,2.916475227816982e-07,1.513265154779826e-05,1.1282600210860773e-05,7.740421546786558e-06,0
0.7288872555867623,0.2710495456719466,2.165933417582249e-05,3.2028306428615113e-07,2.032831845669466e-05,1.2390387321598846e-05,8.500418272803246e-06,0
0.8567014120857472,0.1428573811966078,6.9695374871148256e-06,1.0354160738603069e-07,0.0004236699320208208,3.7831693460664985e-06,6.6805371834257015e-06,0
0.8563543303354594,0.1431829737220848,6.121904749740333e-06,9.365402366225196e-08,0.00044706227734016323,3.375519180994323e-06,6.0425871613184605e-06,0
0.3518200299004002,0.6481300451842726,1.7279811254312878e-05,1.949894837926346e-07,1.7140016310999045e-05,8.720374068887991e-06,6.589724209339614e-06,1
0.37945624575526443,0.6204997213266814,1.403507373664538e-05,1.90613092118173e-07,1.4840756538111788e-05,8.524651860023344e-06,6.441822827142915e-06,1
0.471589473538843,0.5283244805087669,1.702408520646853e-05,2.385432634828012e-07,5.1996688279819506e-05,1.059522592963725e-05,6.1914097105142705e-06,0
0.39897545893776104,0.6009740990784824,1.468722598954036e-05,2.057989475829899e-07,1.9111290915746757e-05,1.1096139562713315e-05,5.341528341129654e-06,0
0.3186652272981179,0.6812807274547119,1.3660711857176524e-05,2.167053414436683e-07,2.6559592968274283e-05,9.276590042928705e-06,4.3316469605913106e-06,1
0.6114735678506887,0.3882334707577342,1.545829337812527e-05,1.9176656140691775e-07,0.00026159411944711136,1.0711494709730547e-05,5.005717480670231e-06,1
0.5756969116853284,0.42400821080630646,1.555939849405188e-05,1.9302081243888027e-07,0.00026330507829136815,1.0781553343493254e-05,5.038457423806204e-06,1
0.6440332647936443,0.3556619650713783,1.609295373806007e-05,2.034865214328163e-07,0.00027233420659282845,1.092825439615531e-05,5.211233728829274e-06,1
0.6430664199776432,0.3566237101605295,1.687597452448393e-05,2.0376099758320774e-07,0.0002766288681654889,1.0942995152329402e-05,5.218262987389534e-06,1
0.41423245097273276,0.5829921811571414,1.5904892560708698e-05,2.1983349239351406e-07,0.0027400662334530466,1.4037549683287538e-05,5.139360936476523e-06,1
0.35037564620496947,0.6466139054756151,1.7082085777220643e-05,2.2545316176322788e-07,0.0029734736447501794,1.4396395767758581e-05,5.270739958481601e-06,1
0.3323959621356083,0.6652205072201246,1.4584911039880554e-05,2.0906254090607403e-07,0.002353408277056342,1.0806584798612204e-05,4.5218088313666975e-06,1
0.4728334712840157,0.5263094733656059,1.8072093186015605e-05,1.790573380180949e-07,0.0008221395839038553,1.0598390154101506e-05,6.066225796322527e-06,1
0.08137162919417258,0.9153777642928348,9.305234279015636e-06,7.977822136430478e-08,0.0032315586859049217,6.5393439607657945e-06,3.1234706264058637e-06,1
0.06930012698861962,0.9262325004475247,1.653470645278493e-05,7.365258518182481e-08,0.0044268878977499525,2.0809081809904595e-05,3.067225257751377e-06,1
0.12155197578913059,0.868852103736363,2.7028198811581082e-05,9.805468017997557e-08,0.009534811408211974,2.8089259149411645e-05,5.893553653086273e-06,1
0.10784361512538054,0.6136690308791901,4.138875280955656e-05,2.70553869458748e-07,0.2783399374138518,9.79196584881632e-05,7.8376164105114e-06,4
0.8530594183687451,0.08284225072554322,1.332718504946843e-05,2.1371721382513435e-07,1.1613181333917188e-05,7.243897765280796e-06,0.06406593292434919,0
0.9186858577807709,0.07471482455038486,1.5659993297704532e-05,2.632388826998937e-07,9.017303514298298e-06,7.678421950198775e-06,0.006566698711199168,0
0.9119539972297694,0.08138410485738887,1.5528480833789805e-05,2.610282052491506e-07,8.941576291400562e-06,7.613938641013989e-06,0.0066295528888701185,0
0.9692343455130376,0.028339323209164945,5.1603207426035775e-06,8.203745380710838e-08,2.4867911241364007e-06,2.822348987178167e-06,0.0024157797794898245,0
0.9480945107303239,0.05072112058720957,7.259981423363346e-06,1.0758242561829449e-07,6.994088137619309e-06,3.701177156179062e-06,0.0011663058533238737,0
0.9116936454689082,0.0864678520719363,7.636435963325225e-06,1.1316093748800611e-07,8.260335197455669e-06,3.8930956835685325e-06,0.00181859943137374,0
0.8991637563569821,0.10026561691915391,8.384500217348103e-06,1.1375225049603509e-07,4.5194395749701366e-06,3.913438729236915e-06,0.0005536955930920728,0
0.9120556314075818,0.08762170575398301,8.789373237693734e-06,8.750725038648443e-08,4.614124620350287e-06,3.5565066433642223e-06,0.00030561532668331085,0
0.7612037998017489,0.23791619758162913,1.2376400273937933e-05,1.5849525413376933e-07,1.1451315308417448e-05,6.441631085182783e-06,0.0008495747747003946,0
0.6659031617256955,0.33330333748781243,9.005256846865788e-06,1.5282275899361927e-07,9.590872043915443e-06,5.1798936667015955e-06,0.0007695719411755376,0
0.5805136663756807,0.41909406001094185,6.939105213664739e-06,1.2890973442853718e-07,5.5273153275882794e-06,4.434904321351135e-06,0.0003752433787803393,1
0.5123630321308501,0.4872979323560411,6.3706954574516394e-06,1.1835022445371688e-07,5.016171625785047e-06,3.990195074660015e-06,0.00032354010072646887,1
0.28788502254360465,0.711584464484938,8.153503585069266e-06,1.8488413591859094e-07,7.366913078706047e-06,5.929035851067144e-06,0.0005088786348066729,1
0.33576937167356985,0.6638363835226369,1.2022870470148373e-05,2.3772221093311152e-07,1.560166024185348e-05,8.178399135038587e-06,0.0003582041517352916,1
0.24275638922232018,0.7560529186522499,1.020525667908822e-05,1.9067540125647745e-07,8.902828015186381e-06,6.428648956639336e-06,0.001164964716377791,0
0.8089607815023915,0.19038983581985056,1.1478656284705797e-05,2.597621629563998e-07,3.124035192842986e-05,7.81633903216131e-06,0.0005985875683495716,0
0.9145362020324361,0.08528358728514818,5.001422808327971e-06,1.1318227276147102e-07,1.2255782398257963e-05,3.4056962194401766e-06,0.00015943459871688344,0
0.9376878168556385,0.06214851944880374,5.857566027841099e-06,1.5758357380308197e-07,9.21315861409236e-06,4.154808755853118e-06,0.0001442805785864185,0
0.9355132441705649,0.06425329706329061,5.684705207502233e-06,1.5004210617754716e-07,5.180595159602837e-06,4.032197479006346e-06,0.00021841122619203516,0
0.925680147279202,0.074277395588748,6.50831697236466e-06,1.5255829733345533e-07,5.086865805924832e-06,4.0998170285716215e-06,2.660957394562582e-05,0
0.9271327588755586,0.07282786475623458,6.332816660758217e-06,1.1608580100029475e-07,4.949695699147503e-06,3.989263229624995e-06,2.3988506816250756e-05,0
0.7758679430348387,0.2240900022961569,8.954220673423986e-06,2.082638455902594e-07,1.0035310010970887e-05,5.640577518023629e-06,1.7216296956560523e-05,0
0.8049712447635891,0.19499915800057724,8.027675608833455e-06,1.6909411630601915e-07,1.0524176744892306e-05,5.751721362901187e-06,5.124568000869934e-06,0
0.7711111622777314,0.22885734137074726,8.643574335118374e-06,1.9584301664344143e-07,1.1733936818525833e-05,5.40526262816322e-06,5.517734722881374e-06,0
0.7571043794116746,0.24286534342311922,8.486568867137586e-06,1.9228564288962947e-07,1.1520796725085032e-05,5.30707919668097e-06,4.7704347743690466e-06,0
0.9099820246381192,0.08999769507439322,7.831533260579611e-06,1.0657580825892605e-07,5.2727691037224894e-06,3.7646136360430274e-06,3.3047956790689754e-06,0
0.9277743836388429,0.0722066820633968,7.311759400181152e-06,9.950243993619137e-08,4.922818786097364e-06,3.514758633528494e-06,3.085458500666862e-06,0
0.7617713273979754,0.23817059886360115,1.585791243241438e-05,2.2987894866966813e-07,2.4465339999383313e-05,1.0445699647972935e-05,7.0749073952918965e-06,0
0.8561884315484315,0.14377773679640268,1.1524921074967703e-05,1.7098172436435463e-07,8.765369138404654e-06,8.068432690587078e-06,5.301950537464081e-06,0
0.8155857262229592,0.18436173004480008,1.9226282545270612e-05,2.8430480080520643e-07,1.418813994858516e-05,1.1299461664838348e-05,7.545543281211704e-06,0
0.71630571332932,0.2836332251216241,2.0926880334568883e-05,3.094520498689705e-07,1.964087558246018e-05,1.1971381514926562e-05,8.21295957413618e-06,0
0.7478309737760976,0.25211271534311014,1.828831271254281e-05,2.3752587089029125e-07,1.8371113965751872e-05,1.0461968781102688e-05,8.951959461719204e-06,0
0.5728050903605509,0.4271230994786743,1.8203030563629483e-05,2.4391530412344265e-07,3.14394372559762e-05,1.1229329339284157e-05,1.0694448311813348e-05,0
0.8857942299151215,0.11394037550575978,7.728676289607887e-06,1.148196085424284e-07,0.00024594764458420794,4.1952412593478315e-06,7.408197377062967e-06,0
0.765712822919078,0.2336607967619264,8.197497797084726e-06,1.3216260603184861e-07,0.000604760023236749,4.763462307605174e-06,8.527173048052616e-06,1
0.25444777448102723,0.7455120531031757,1.1909334711578956e-05,1.467295443288323e-07,1.3881483898991645e-05,6.517669596103263e-06,7.717198046140438e-06,1
0.31581557723905646,0.6841363911402887,1.5777672964181554e-05,1.8674667365879155e-07,1.6379617200551525e-05,8.351736815494499e-06,7.335847000943487e-06,1
0.5213870957734167,0.47857077655677155,1.2251885403528191e-05,1.6721662341298567e-07,1.6197346014109798e-05,8.842716277871679e-06,4.668505492925271e-06,1
0.5763502745041751,0.42360557748673183,1.2496396488773645e-05,1.911721694954716e-07,1.8007377426285855e-05,8.491173876345773e-06,4.9618891320302635e-06,0
0.2718218939941115,0.7281348328813217,1.3855419717358374e-05,1.641282481678978e-07,1.610524816354931e-05,8.984357648832041e-06,4.1639707888466516e-06,0
0.29668971680923284,0.7032583121143103,1.3387763753332204e-05,2.123754563938704e-07,2.5034599872786465e-05,9.091238965413055e-06,4.245098409038684e-06,0
0.2893879977456924,0.7089179757069085,1.3098908801091963e-05,2.0066705991600992e-07,0.001665631296314181,1.0755452055395004e-05,4.34022316843582e-06,1
0.4403883881128901,0.5523764143457981,1.6824139208529036e-05,2.583583916157209e-07,0.007201001150152502,1.191892996495629e-05,5.194963594058174e-06,1
0.40212097959952303,0.5927109902103851,1.4640136349738207e-05,2.3620628754960222e-07,0.005138261570823256,1.0371690204600778e-05,4.52058642681591e-06,1
0.6802152413236576,0.319091449896149,1.2127944755889065e-05,1.792393387940248e-07,0.0006695429091489394,7.416630840674778e-06,4.042056109009577e-06,1
0.5296707958643574,0.4695696241914231,1.6123794906147868e-05,1.699243166130156e-07,0.0007287547466094609,9.11923423878312e-06,5.412244148341095e-06,1
0.13334764806213145,0.6889467879799207,4.021289212946369e-05,8.477556574600505e-08,0.17756114860420638,9.909959003006897e-05,5.018096016408958e-06,1
0.11211398121665421,0.6107311130094029,4.1322448379173696e-05,2.6925860277943694e-07,0.2770073952211457,9.811875170469533e-05,7.80009411078578e-06,4
0.003788539396103137,0.023322849529167442,1.595503612609468e-06,1.1736945308930245e-08,0.972882988608288,3.6457342624593808e-06,3.6949162085919026e-07,4
0.008032290421448337,0.03275198064572556,2.5083199465435223e-06,2.306456685241473e-08,0.9592068851394325,5.731524452876526e-06,5.808844275607776e-07,4
0.8915295000951591,0.08144321755555198,1.262484377251114e-05,2.3453531944022385e-07,9.456783062745037e-06,7.907392493625334e-06,0.026997058794640618,0
0.8989176696973102,0.08622300181803315,1.564019636087974e-05,2.274560857763161e-07,9.00590408489824e-06,7.825211821270258e-06,0.014826629716304024,0
0.9680066318685195,0.02783242191406917,5.153784246847817e-06,8.193353827639409e-08,2.5329008787214624e-06,2.8187739628538734e-06,0.004150358824784434,0
0.9279466546074913,0.07095128223614439,7.772572772126052e-06,1.1517828811917918e-07,8.652287974364774e-06,3.9624989530076585e-06,0.0010815606183768496,0
0.8797521605188459,0.1197771384704528,8.226907373059383e-06,1.116141933387555e-07,4.434493386318738e-06,3.839882771898632e-06,0.00045408811297701046,0
0.6689673781718489,0.3306682006136557,7.295198643011028e-06,1.3552498351258067e-07,5.8193144176224485e-06,4.569244580662016e-06,0.00034660193187065154,1
0.16212869455260484,0.8377646501660484,5.9966770644411715e-06,1.1226695393749969e-07,4.7268851512174906e-06,3.872687065560617e-06,9.19467651116353e-05,1
0.17941876121113595,0.8204359244623394,7.091368527912762e-06,1.3276125015933432e-07,5.589776510589135e-06,4.579644839976158e-06,0.00012792077539611237,1
0.13651417768882046,0.8632727309518945,6.385937359066645e-06,9.305732306848721e-08,3.918083311224089e-06,3.21004426292402e-06,0.00019948423702875488,1
0.12454300155929304,0.8752629493837163,5.828008733256318e-06,9.265218599584787e-08,3.90102542957948e-06,3.1875294901286508e-06,0.00018103984115181747,1
0.11767986473385919,0.8821478706709102,5.801541069938759e-06,8.454136821024112e-08,3.879439555665355e-06,2.90849159584907e-06,0.0001595905816411083,1
0.14862673331777052,0.8512625584122953,5.584937438149718e-06,9.028876452958467e-08,4.143176434963283e-06,3.1781008524825693e-06,9.771176644405818e-05,1
0.22020088151925363,0.7796291503795342,6.898896647630742e-06,1.1153085631308977e-07,5.219442322667477e-06,3.925807506321548e-06,0.00015381242387919736,0
0.2783113225359737,0.721490740247848,8.650350388603023e-06,1.2818568299076125e-07,5.998858083576753e-06,4.5120456627304075e-06,0.00017864777636028057,0
0.44575880416332264,0.5536586065739024,1.534078785158523e-05,3.033257336165623e-07,2.1372863506670893e-05,1.043536869233748e-05,0.0005351369169904782,0
0.35964525719602763,0.639928654769191,1.2388619833061509e-05,2.449539903500958e-07,1.6076280450730662e-05,8.42719531734103e-06,0.0003889509851898374,0
0.17392540543533697,0.8257088334592891,8.34234153407078e-06,1.5586862432250374e-07,7.1939396608188515e-06,5.2831325993750565e-06,0.0003447858229551703,1
0.25323708275439705,0.7459816446822212,1.0711498828279192e-05,2.0013404869331537e-07,9.344461864290922e-06,6.747548634182201e-06,0.0007542689200064402,0
0.8669337432753109,0.1286256520770405,8.94799328828488e-06,2.2135564733805776e-07,1.6650222105689697e-05,6.6606728500647785e-06,0.004408124403757292,0
0.8717829483754262,0.12428375900468112,8.998044004416216e-06,2.2259380301297209e-07,1.674335533828014e-05,6.697929409756072e-06,0.003900630697337192,0
0.9304308435515123,0.06939959586878176,5.102871656846344e-06,1.1547806171681077e-07,1.2504378659690752e-05,3.4747773535707038e-06,0.0001483630739742279,0
0.9367347295046347,0.06304897866347263,5.159668792803857e-06,1.1676338175080381e-07,9.596674216604258e-06,3.5134531061752315e-06,0.00019790527239539482,0
0.905972772072381,0.09291888066771907,1.0103800014089043e-05,2.2864914504284604e-07,2.6877260875581022e-05,7.16668946903842e-06,0.0010639708603959342,0
0.7727870030529963,0.22717017882215915,9.226543418281478e-06,2.1627492332396414e-07,1.0340511688186023e-05,5.812123162062607e-06,1.722267165275182e-05,0
0.7906964027968393,0.20927407823649308,8.006446617014052e-06,1.686469510508836e-07,1.0496345816874061e-05,5.736511076423472e-06,5.11101620612019e-06,0
0.7688690403876458,0.2310992014097376,8.841436239564773e-06,2.3814773244670615e-07,1.2002540869992633e-05,6.334769885553861e-06,4.3413078888320355e-06,0
0.7765891222510654,0.22337938416917044,8.642813679155878e-06,1.9582578197262736e-07,1.1732904203006083e-05,5.404786951656308e-06,5.517249148551392e-06,0
0.784876798312163,0.21509303914146213,8.797876729059002e-06,1.9933914511217673e-07,1.071814895524431e-05,5.501755691225652e-06,4.945425854191073e-06,0
0.7408711665028721,0.25908471489976825,1.4251432046258492e-05,2.0659114052960685e-07,1.2500654247508993e-05,7.189649798730544e-06,9.970270126600248e-06,0
0.7206444007126748,0.2792904427299279,1.8887063706097066e-05,2.7862575114215716e-07,2.043544814825972e-05,1.2441019304833124e-05,1.311440048702068e-05,0
0.7345908338477598,0.2653604475075816,1.5483708147304323e-05,2.2445442081864074e-07,1.5851194414605137e-05,1.0199209097220853e-05,6.9600785786885875e-06,0
0.9270495484001011,0.07292303241991584,8.424270427848218e-06,1.411525062171297e-07,9.43461600270064e-06,5.632348916908848e-06,3.786792129387565e-06,0
0.41397666443743125,0.5859204877932318,1.174362494065048e-05,1.75396508268205e-07,6.890532459061755e-05,7.791045044346398e-06,1.4232378252988408e-05,1
0.3005162676294449,0.6994364128664866,1.5696121702118506e-05,1.8910349037119914e-07,1.6586334433071727e-05,8.457139029728052e-06,6.390805413357285e-06,1
0.5225679653941436,0.4773885234629788,1.2131812996575626e-05,1.8559470424552166e-07,1.6931799280305168e-05,9.44481032636229e-06,4.8171255700482015e-06,0
0.49989996783377816,0.5000489787325307,1.4798047620097308e-05,2.1529693509250095e-07,1.8843793618672795e-05,1.1608246141528266e-05,5.5880493756713394e-06,0
0.39441995619670184,0.6055292194914009,1.4798548728767704e-05,2.073588134549632e-07,1.9256146129142857e-05,1.1180243439909039e-05,5.382014786086552e-06,0
0.6507579446736639,0.3491905858189768,1.5280184160832464e-05,2.423956789745018e-07,2.0585460432564688e-05,1.0376326338076547e-05,4.985140749010451e-06,0
0.47029324765949937,0.5270767837044068,1.4082326805655898e-05,2.1970549173555592e-07,0.002595984861883141,1.402937615351272e-05,5.652365759723782e-06,1
0.49721369440555513,0.49988984062748953,1.446012559796861e-05,2.2559972147384222e-07,0.0028624939961181036,1.4405754392765704e-05,4.879491124967231e-06,1
0.3184620075636801,0.6799111954821001,1.5311832127857074e-05,2.7844312965437395e-07,0.0015961844043536416,1.1106685254627903e-05,3.915589354115199e-06,1
0.5273566385678974,0.4717544962926998,1.5454995837123295e-05,2.2700631161189806e-07,0.0008582151745962501,9.393150092253956e-06,5.5748125654106425e-06,1
0.08483449113848344,0.8056295474106852,3.362165450013234e-05,2.3076506029062663e-07,0.10940895795965049,8.627295678946602e-05,6.87811483106746e-06,1
0.13542961426276054,0.6997033625986036,4.084073884037139e-05,8.60991726118731e-08,0.16472035301782728,0.000100646838893751,5.096443902175995e-06,1
0.11211518966111508,0.6107376959049756,4.132289378199778e-05,8.711563663097458e-08,0.27701038100444175,9.031160228319253e-05,5.011817765839324e-06,4
0.004165973783512205,0.035640037657190066,1.496092864991611e-06,2.468807268257265e-08,0.9601850788972074,6.331035057211265e-06,1.0578460954391015e-06,4
0.8482990746980624,0.13368868851397123,1.4602696723476797e-05,2.341715558454978e-07,1.1504817333097882e-05,7.937193170922912e-06,0.017977957909183048,0
0.971579925972766,0.02424376811692685,5.172808896325963e-06,8.223598726757296e-08,2.5422508144332716e-06,2.82917916882155e-06,0.004165679435440254,0
0.8793217884999516,0.1202364324041848,8.697536110187478e-06,1.1204218588035008e-07,4.45149776576477e-06,3.854607074765583e-06,0.00042466341272714704,0
0.8983175112757966,0.10113240314229988,1.014463745020369e-05,1.0100029950122057e-07,5.3255926398450055e-06,4.104896846505735e-06,0.0005304094546673603,0
0.7175190880406213,0.2814901812481972,1.8098837200134588e-05,1.7978656654011861e-07,1.7740481781775407e-05,7.308796158754567e-06,0.0009474028094744083,0
0.5940189764208487,0.4053454054494786,1.026448308545325e-05,1.7419232470956774e-07,1.3973621257944287e-05,5.904210377387515e-06,0.0006053016226272067,0
0.6026786518958064,0.3969287043664585,7.371357762755446e-06,1.3693981317696317e-07,6.159078062428413e-06,4.61694576909964e-06,0.00037435941632763876,1
0.541010962713008,0.45869472830688923,7.701395465067099e-06,1.4307101759689597e-07,6.441636958947594e-06,4.823660220137432e-06,0.0002751992164409859,1
0.23751435873580337,0.7619525055935872,9.886743218572101e-06,2.2418607632208005e-07,1.2776028491015097e-05,6.90194598401391e-06,0.0005033467668394239,1
0.21463314771473793,0.7851891531037968,6.153759088541237e-06,1.4152377675786086e-07,5.958713721522835e-06,4.881911199127902e-06,0.0001605632736793111,1
0.17895033203471317,0.820921642629864,6.5039548411205445e-06,1.3283984807200852e-07,5.593085795229948e-06,4.582356101920281e-06,0.00011121309883681838,1
0.14639926544255508,0.8533020247909974,9.156888466905666e-06,1.3569184477740976e-07,9.082055484265755e-06,4.668230459423117e-06,0.00027566690019225395,0
0.3176079317621618,0.6819821036344156,1.1266055423030958e-05,2.2275808512680743e-07,1.4619567715749564e-05,7.663585676630524e-06,0.0003761926365219904,0
0.7004833266287148,0.2977683163780737,9.398328731416017e-06,2.6986053353935695e-07,2.0334692064542e-05,6.399749402578521e-06,0.0017119543624794292,0
0.9287567115361361,0.0710593889879996,5.093690017103541e-06,1.1527028107246352e-07,9.473957654547131e-06,3.468525157553951e-06,0.00016574803275409613,0
0.9058878558138309,0.09301923682101602,1.0249467245420777e-05,2.1563045287083987e-07,2.069819683213415e-05,7.27001216063103e-06,0.001054474058462029,0
0.9093703403633606,0.0897088993939071,1.0014270769880371e-05,2.1068233983042196e-07,2.0223231370184458e-05,7.103185807965701e-06,0.0008832088724445334,0
0.7918371677069616,0.20806667734767886,1.1901219785293963e-05,2.1815926556304148e-07,1.3303759893423589e-05,7.4969955740790915e-06,6.323481084144275e-05,0
0.8815757579508211,0.11836899770977244,8.874543923202953e-06,1.7091683570566035e-07,6.936296160406141e-06,5.590386339762875e-06,3.3672196147421024e-05,0
0.6919785847671954,0.30797616370623143,9.634891067637963e-06,2.2409537789760795e-07,1.0798161259600548e-05,6.069355662187849e-06,1.8525023205747978e-05,0
0.7031545621575729,0.2968010902994103,9.285284092695962e-06,2.1596396192048122e-07,1.0406344427795895e-05,5.849125972198755e-06,1.8590824562249073e-05,0
0.6754751085234183,0.3244767348010255,8.881352165361909e-06,1.6280257826985624e-07,1.0307044401885024e-05,5.594675090181215e-06,2.321080132061036e-05,0
0.7391370292158596,0.2608141605447539,9.001886452074883e-06,1.6501207208131923e-07,1.04469276338489e-05,5.670603863056126e-06,2.352580936545827e-05,0
0.7601785653155033,0.23977394430886842,8.833744554941542e-06,1.619298911409829e-07,9.900288188080354e-06,5.508030879574142e-06,2.3086382114363167e-05,0
0.903245886223441,0.09673381827934917,6.222610527474687e-06,1.4098968434233862e-07,5.689178007158707e-06,3.891311953796406e-06,4.351407037242069e-06,0
0.7171545404573447,0.28280182293553885,1.2696080492965913e-05,2.2912218605155553e-07,1.5527918250496554e-05,8.07866547010668e-06,7.1048207169341405e-06,0
0.7714648178225856,0.22849672495360407,1.0487067261610603e-05,2.3924280028687636e-07,1.4020959626583439e-05,7.2946444311308305e-06,6.415309690535089e-06,0
0.860015655425431,0.13996660694611052,5.459101295551502e-06,1.0769579497466752e-07,5.1032107078475646e-06,3.7280954553961874e-06,3.3395252046457804e-06,0
0.9096551652960676,0.09032312896305299,7.828720227201479e-06,1.0653752695487504e-07,6.70361309386824e-06,3.7632614124794412e-06,3.3036086189820413e-06,0
0.7357649851998788,0.26417167173782435,1.831707173463484e-05,3.1023364183384964e-07,1.9835612060456007e-05,1.206556226021733e-05,1.2814582599828586e-05,0
0.6863388593159705,0.3135908920867888,2.5054006809993054e-05,3.005025130025437e-07,2.2577853543024854e-05,1.3235812578612124e-05,9.080421796218342e-06,0
0.6291508890226668,0.3707788349670941,1.8214244581347426e-05,2.72135808426577e-07,3.145880559166065e-05,9.943209057669611e-06,1.0387615200167165e-05,0
0.8229424910925238,0.17677160900812983,6.639772727104574e-06,1.0704847854736974e-07,0.00026824446342082233,4.0018131025524356e-06,6.90680161742723e-06,0
0.8291368651938769,0.1707789680920411,6.690194559196383e-06,1.0786139498786255e-07,6.643243560797969e-05,3.976971277202643e-06,6.95925124270186e-06,0
0.34525955281453774,0.6546941202785429,1.558411533359235e-05,1.8775406179042813e-07,1.3878298653193405e-05,8.396789508437528e-06,8.279949362148419e-06,1
0.3666111575319357,0.6333430036547282,1.4304731626486063e-05,1.959041557123129e-07,1.4881322915086303e-05,8.761280281545004e-06,7.695574357486717e-06,1
0.4442375399723611,0.5557234477039527,1.342737813780194e-05,1.6657221280587301e-07,1.2339529805901065e-05,7.449488951385674e-06,5.629354578411341e-06,1
0.4972047396542588,0.5027427938154523,1.5615277482254732e-05,2.2718682010338616e-07,1.8478096121983804e-05,1.2249317561061126e-05,5.8966523034526155e-06,0
0.2960904412718845,0.7038680953826342,1.3275955001702304e-05,1.572640368631628e-07,1.543169057828398e-05,8.608611669530487e-06,3.989824195067446e-06,0
0.49702265538599183,0.49961444479066736,1.5120828332314577e-05,2.7950225515656844e-07,0.003331084372354955,1.155281598111904e-05,4.862304417417842e-06,1
0.35158727368799486,0.6464126969318279,1.7146066143837293e-05,2.367978647704475e-07,0.001967011093628708,1.1582514490029624e-05,4.052908050102806e-06,1
0.6671302449800797,0.33221237826030237,1.2756103713112023e-05,1.8200933018509806e-07,0.0006330734814710605,7.356098860810967e-06,4.00906624282167e-06,1
0.08967680791267645,0.8060140440871622,3.5417407126032685e-05,2.3087519577288885e-07,0.10417391692841142,9.270139193165218e-05,6.88139749653259e-06,1
0.12009997415537157,0.6785536075983,4.232262732147422e-05,8.922324371706806e-08,0.20120602475414134,9.291183738695236e-05,5.069804234894189e-06,1
0.9722002460226331,0.02362078164073561,5.176111555208411e-06,8.228849209024272e-08,2.543873953312356e-06,2.8309855014928735e-06,0.004168339077129058,0
0.885379203611924,0.11433858851909467,1.1187246172698931e-05,9.680099269063568e-08,6.678618629208738e-06,3.93521461117102e-06,0.000260309988575714,0
0.8477718127013083,0.15179118479899395,1.220407333604694e-05,1.7146272840566303e-07,9.483979217186785e-06,5.588205534643241e-06,0.00040955477888123074,0
0.792625119202406,0.20708338592601105,8.820905845120788e-06,1.496942498140378e-07,8.400030047479974e-06,5.0738535389598345e-06,0.0002690503879014629,1
0.6446370026011087,0.354424189787929,1.4722754560900234e-05,1.848260859861304e-07,9.626925432019972e-06,6.35860442248223e-06,0.0009079145004608661,1
0.15559882133307573,0.8441574864767941,5.3565169965304575e-06,1.0940403514419931e-07,4.606344886619888e-06,3.7739297002655975e-06,0.0002298459945115673,1
0.14501962698656284,0.8547637801730692,4.671143997249356e-06,9.540565303343555e-08,4.016957340064785e-06,3.2910507101639333e-06,0.00020451828266753477,1
0.2788049657733899,0.7209319067674101,6.681816894147937e-06,1.0622580884858903e-07,4.472528922464552e-06,3.7390735759456838e-06,0.00024812781399856165,1
0.26057126076717346,0.7387939927605672,1.2201821327569279e-05,2.279792905612624e-07,1.454717256924676e-05,7.84321172773191e-06,0.0005999262873443308,0
0.9311208086780942,0.06872120339055554,5.252661115526843e-06,1.402142290615027e-07,6.850322202004215e-06,3.7257458628022756e-06,0.00014201898794093107,0
0.928914270891443,0.07094407824068838,5.009526644982453e-06,1.347691358536937e-07,7.4952361061540145e-06,3.553289039905845e-06,0.00012545804694159436,0
0.927519931140811,0.07230605522733058,5.183053737624878e-06,1.0904217730899919e-07,7.3183907596814305e-06,3.676372907925718e-06,0.00015772677227574462,0
0.9090460643406708,0.09006399325400595,9.967581140756936e-06,2.0970007356904569e-07,1.9773437545884854e-05,7.070068557734536e-06,0.0008529216180054997,0
0.8939714647801514,0.1055048861159201,1.1230412281219968e-05,2.683189749919999e-07,2.153743523924253e-05,7.074430410185886e-06,0.0004835385070227945,0
0.8174460892608042,0.18204367917953349,1.3998369773717938e-05,3.2812898744644295e-07,1.5648055722743866e-05,8.998015544637063e-06,0.0004712589896336676,0
0.7019535866146368,0.29799681958001056,9.146396537327819e-06,1.6766106223812555e-07,1.0614635414994124e-05,5.7616358319715935e-06,2.390347650613443e-05,0
0.6902441715142107,0.3097079669998818,8.826911463313258e-06,1.618046348833854e-07,1.024386452534847e-05,5.560380983386145e-06,2.3068524300683828e-05,0
0.8774424312590833,0.12253787027919459,5.82251411850411e-06,1.226448261641757e-07,5.415027733571959e-06,4.171752880041997e-06,4.166522163857508e-06,0
0.8960366853347612,0.1039431962545278,5.945901480479906e-06,1.2524384460404264e-07,5.6291998552899074e-06,4.260158261670434e-06,4.157907269090858e-06,0
0.8878000655782236,0.11217926056616771,6.276151596998089e-06,1.422027987511749e-07,5.941859577994156e-06,3.924793882793176e-06,4.388847752144107e-06,0
0.9088865193681135,0.09109284479437726,6.264610094497507e-06,1.4194129551435673e-07,5.930932820391563e-06,3.9175763996408906e-06,4.3807768990865945e-06,0
0.8777541332596104,0.12222638202696685,6.048630729226645e-06,1.4398869766126726e-07,5.726457348384547e-06,4.333762383635854e-06,3.2318742637457454e-06,0
0.8640816218272914,0.13589780176099955,6.235177600902394e-06,1.313371264373855e-07,5.9030680148224915e-06,4.467420702591733e-06,3.839408264077799e-06,0
0.7706965460591568,0.22926269965414262,1.1857468730390695e-05,2.1398802237039128e-07,1.4502255653257393e-05,7.545046933827294e-06,6.635527360806624e-06,0
0.8904361565002379,0.10954051380334733,8.414440549777898e-06,1.1450833097437309e-07,7.205156425321737e-06,4.044816842292621e-06,3.550774266727777e-06,0
0.8374534830252442,0.16251734146296434,1.0657534583425592e-05,1.6412838313407945e-07,8.934842749108528e-06,5.015824820654953e-06,4.403181254927045e-06,0
0.8807058269840837,0.11926976875286097,8.802009978476156e-06,1.1978258874045838e-07,7.537026184567615e-06,4.23112124880457e-06,3.7143230547726924e-06,0
0.6257392624964075,0.374223689358524,1.3258917685181622e-05,2.2456440526306274e-07,1.0815380190545168e-05,6.789269328160394e-06,5.960013459262609e-06,0
0.7343535889189878,0.26560763202527515,1.3627520337744026e-05,1.9754681213977192e-07,1.1953389627097774e-05,6.874894995494871e-06,6.125703964517581e-06,0
0.6986067286779002,0.30134471807997426,1.5683935396610743e-05,2.2735694848498704e-07,1.3757175629572704e-05,7.912327870036705e-06,1.0972446280821987e-05,0
0.9284986116453124,0.07147396948777476,8.430025896597326e-06,1.222030641565868e-07,9.441061740409141e-06,5.636196942497887e-06,3.789379269003598e-06,0
0.9134060866636868,0.08656024865952285,1.035032184393921e-05,1.5003999511398445e-07,1.1591663983046379e-05,6.920079848654564e-06,4.652571119475389e-06,0
0.9345325892611007,0.06544127264848579,9.417747525307057e-06,1.2816188364292488e-07,6.570212248003855e-06,6.047813212295388e-06,3.974155544337665e-06,0
0.910321811915866,0.08964994597251409,1.0167448185364143e-05,1.616603311257166e-07,7.093234599771883e-06,6.529249940661281e-06,4.290518562857036e-06,0
0.7281525761878324,0.27178193675140805,2.4225303832371798e-05,3.4756482700419997e-07,1.8243904339148635e-05,1.344580249831444e-05,9.224485262856746e-06,0
0.28257513499668635,0.7173937152477137,8.994759799556422e-06,1.3749319992041647e-07,1.5909066809112865e-06,6.247816614146973e-06,1.4178779305400358e-05,1
0.4165344628063522,0.5834197447636769,1.2024372441845512e-05,1.632360218964872e-07,1.4317489568197375e-05,7.250880944053484e-06,1.2036450994862339e-05,1
0.38018521810192496,0.6197628532927522,1.799056204950346e-05,2.047117793571136e-07,1.5550369935024486e-05,9.155177282279287e-06,9.027784276668115e-06,1
0.45256084402257746,0.5473998076561315,1.2448840406610775e-05,1.6645464599357904e-07,1.3192832830027627e-05,8.892961492751249e-06,4.647231915601567e-06,0
0.48328692744947394,0.5166662874558752,1.3477103119403824e-05,2.061751997197922e-07,1.859296831326837e-05,9.157554022802158e-06,5.351293995792827e-06,0
0.5587112780155066,0.44122914952637776,1.829538109161818e-05,2.2089895294547888e-07,2.3535626818772218e-05,1.1863389951503796e-05,5.657161300644766e-06,1
0.5102899766491191,0.4868077199481932,1.43400941207616e-05,2.4065480251353223e-07,0.0028676806510902434,1.4286174243317491e-05,5.755828430771465e-06,1
0.5302777436457425,0.46676400392195155,1.5387354640894915e-05,2.455839886385037e-07,0.002926417611784838,1.1263780704788296e-05,4.938101186812746e-06,1
0.5455586699753845,0.4508726165383112,1.6750351869404247e-05,2.67337584606906e-07,0.00353405876768141,1.2261515678827373e-05,5.375513489888966e-06,1
0.6137860938775497,0.3857252232664013,1.586513578309234e-05,2.002965735243572e-07,0.000458842649912394,9.029086269295834e-06,4.745687510881191e-06,1
0.4223400062793035,0.5761305412065592,2.0801498124975854e-05,3.291048487769023e-07,0.0014872657612628201,1.4415688103920123e-05,6.640461796682683e-06,1
0.09865645658338636,0.8129783666184189,3.496951449997249e-05,5.010924831548131e-08,0.08826784103298575,5.837276796049658e-05,3.943373500196849e-06,1
0.08967680791267645,0.8060140440871622,3.5417407126032685e-05,2.3087519577288885e-07,0.10417391692841142,9.270139193165218e-05,6.88139749653259e-06,1
0.13279365690569048,0.7063974905819499,4.092512261083155e-05,8.627706784650356e-08,0.16066398378353108,9.895493123520292e-05,4.902397914712694e-06,1
0.00367541070285621,0.027033875342779262,1.5273565757247027e-06,2.090600062153521e-08,0.969284765014901,3.577999655710811e-06,8.226772314025356e-07,4
0.8772431801935557,0.10670333258388243,1.5105921007630252e-05,2.4224135389656586e-07,1.1657513344249733e-05,8.210717193729187e-06,0.016018270829662354,0
0.8877208422915128,0.09209449161308725,1.542425791230654e-05,2.243156831146255e-07,9.057716911964684e-06,7.71717199482228e-06,0.020152242632897846,0
0.9777174197513773,0.019381178480336773,5.173176510394814e-06,7.523374086450411e-08,2.3257827301729964e-06,2.5882796512653316e-06,0.0028912392956532,0
0.9762064501786962,0.02182985293290126,4.9413934270020835e-06,7.604937498352238e-08,2.350997317755037e-06,2.6163400556646663e-06,0.0019537121082271592,0
0.8623971738796714,0.13717501101217955,1.3386831315433023e-05,1.368751087371553e-07,7.739452010039761e-06,4.708938498049042e-06,0.0004018430112165501,0
0.8201353724369024,0.1793734387984933,1.2892870979365499e-05,1.7160054307385043e-07,9.90399004695857e-06,5.816362511214086e-06,0.0004624039405238247,1
0.812156925134464,0.18752802641825714,9.630624379462522e-06,1.4378462081469287e-07,8.06475264243428e-06,4.873547969109856e-06,0.0002923357376670347,1
0.7732830876077622,0.22639555819309803,1.231863854333439e-05,1.6365442883503336e-07,9.183399638431124e-06,5.547030723909719e-06,0.00029414147580523174,1
0.7189035999082961,0.2801326747453101,1.4369494931657297e-05,1.8039134557530533e-07,9.395935769399608e-06,6.206035266248791e-06,0.0009335734890806087,1
0.548586503906525,0.45086529845887957,1.2256875071788025e-05,1.7825229065866997e-07,7.861252546180889e-06,6.009801971362061e-06,0.0005218914527153453,1
0.17533459078233943,0.8244138632500828,6.152303075509742e-06,1.2565754618659968e-07,5.290682327931809e-06,4.334600136010141e-06,0.0002356427244920754,1
0.15348800653661088,0.8462855415023488,4.977565253777895e-06,1.0166414562104262e-07,4.280464762719486e-06,3.506939557628576e-06,0.0002135853273203176,1
0.21949989964495878,0.7802993016065913,7.489841065778716e-06,1.1098861310566456e-07,5.093052372180494e-06,3.818360824844859e-06,0.00018428650557417007,0
0.3608444562907844,0.6386919540600329,1.588546448971025e-05,2.6290607848254274e-07,1.7254472335177902e-05,9.044804170456784e-06,0.00042114200210901565,0
0.37536165904949215,0.6241805384318514,1.552453841855571e-05,2.569327147165153e-07,1.6862441688934327e-05,8.839301483662845e-06,0.00041631930435063455,0
0.3520971089360575,0.6474569654810203,1.4562342644642611e-05,2.410082752507491e-07,1.5817323973127992e-05,8.291450185117414e-06,0.00040701345784412076,0
0.33159117333229216,0.6676942241851601,1.3736904722367971e-05,2.5666084669156325e-07,1.6377319270531914e-05,8.829948360067937e-06,0.0006754016493482559,0
0.31845901874570615,0.6806907229081839,1.3935105280429797e-05,2.6036403340465554e-07,1.661361659402507e-05,8.95734974545957e-06,0.0008104919104565196,0
0.2535169215285634,0.7457660581522624,1.2489734455676471e-05,2.333586703216303e-07,1.4719122106599062e-05,8.028279478055062e-06,0.0006815498244634703,0
0.28116745648764446,0.7180319763929625,1.310859470396477e-05,2.44921478575719e-07,1.5628239766798612e-05,8.25756336333327e-06,0.0007633278000806578,0
0.2921425425633155,0.707000030529569,1.3365999703132523e-05,2.497308433026549e-07,1.5935121407051746e-05,8.419711796378012e-06,0.0008194563433655271,0
0.7411928625915405,0.2494459067875975,1.886644951264448e-05,4.667186273272989e-07,3.3517677109363544e-05,1.404373517026583e-05,0.009294336040442431,0
0.8673927593465995,0.12869375559930077,8.952730989126455e-06,2.2147284868174383e-07,1.665903791150683e-05,6.664199481606682e-06,0.003880987612868901,0
0.6803172321687174,0.3155438786662261,9.10063128170322e-06,2.3852285960273953e-07,1.5522309018672913e-05,6.209468053621959e-06,0.004107818233842912,0
0.7090524593282127,0.28777927229535305,9.399028350215643e-06,2.127001517759197e-07,1.6283487065029882e-05,6.666790455349008e-06,0.003135706370411948,0
0.7080919387205163,0.2894565133046163,9.453807958456603e-06,1.988912050376779e-07,1.6378390815607315e-05,6.705645979107506e-06,0.0024188112389091593,0
0.8767329801991871,0.12310904628034806,8.486415278535184e-06,1.9738328388860576e-07,7.278077312696843e-06,5.454984961025483e-06,0.0001365566596286856,0
0.8632819648448393,0.1366816422617697,8.106782511439214e-06,1.4860407174063493e-07,6.336217939079045e-06,5.2109607214317715e-06,1.6590328147215068e-05,0
0.8366254019473169,0.16335175054103007,7.3984225798213645e-06,1.3840116590691475e-07,5.901183863517612e-06,4.707703378375304e-06,4.701800665304535e-06,0
0.8966942044142773,0.10328579499999013,5.908295910962362e-06,1.3386805614938147e-07,5.593597303316717e-06,4.233214378023701e-06,4.13161008415286e-06,0
0.8966946872477758,0.10328585061520601,5.90829909234033e-06,1.338681282319059e-07,5.593600315242234e-06,3.6947571735553882e-06,4.1316123088574935e-06,0
0.8898348643663947,0.1101451368621915,6.13163423632429e-06,1.389283760674117e-07,5.606000647351207e-06,3.834419894153189e-06,4.28778825991604e-06,0
0.8946751269945732,0.10530634104715882,5.770216463084046e-06,1.3736099804018033e-07,5.462872498917101e-06,3.608407146751659e-06,3.553101161172435e-06,0
0.883682063419527,0.11629990910723596,5.872569811123859e-06,1.0985727024380335e-07,5.021927275948738e-06,3.7367853000146062e-06,3.2863335797871767e-06,0
0.8881848557578894,0.11179767628333628,5.690304237927898e-06,1.064476558884657e-07,4.866062895798601e-06,3.6208075702433427e-06,3.1843364145089634e-06,0
0.8575125124263774,0.14246805939275764,6.330221002501892e-06,1.1423951471371606e-07,5.4132876300646385e-06,4.027994140348227e-06,3.5424385775015263e-06,0
0.6124060771522205,0.387556530629936,1.3666550417691173e-05,1.858493580240375e-07,1.1212018689429579e-05,6.5648202804836474e-06,5.762979098065077e-06,0
0.754423220875278,0.24554011479450485,1.2884375243525088e-05,1.867740566654209e-07,1.1301539353496509e-05,6.499988602948762e-06,5.791652960589866e-06,0
0.802891810790195,0.1970705418679713,1.1276557676479213e-05,1.9098945541108028e-07,1.3682937016200302e-05,7.4279344808824595e-06,5.068923204876701e-06,0
0.9420956438355593,0.057877816135319775,9.554681128638484e-06,1.5191746118556816e-07,6.66574282316037e-06,6.135748130194774e-06,4.031939577878953e-06,0
0.7374970939499983,0.2624425823504536,1.93343106806698e-05,2.6446566693721516e-07,2.0757293774269994e-05,1.1953631547738318e-05,8.013997878622987e-06,0
0.8369773821368562,0.1626594694921278,6.607378267885797e-06,1.0940284265329655e-07,0.0003472307510455232,3.997325241005751e-06,5.203513618767326e-06,0
0.5663517356462032,0.4334397186438955,1.4437024978726089e-05,2.390436127754298e-07,0.00017356382842277252,8.936211655384524e-06,1.1369601231461343e-05,0
0.3920342644650625,0.6079047621675415,1.2453135719195789e-05,1.8665084875452252e-07,2.91423634374973e-05,8.481585086157965e-06,1.070963230425195e-05,1
0.3565966452073818,0.6433671727510961,1.0294108306422748e-05,1.3974694288944777e-07,1.510119592814572e-06,6.350228753613368e-06,1.788783792647893e-05,1
0.395169548246501,0.6047827250210046,1.2690094774671206e-05,1.7227348857707155e-07,1.2734014389360016e-05,7.704462996281408e-06,1.4425886845445884e-05,1
0.43028123268126417,0.5696732784214328,1.6309438416115927e-05,1.892305971661109e-07,1.4018043913728682e-05,8.577083353000855e-06,6.395101023086139e-06,1
0.44356940221739816,0.5563827527027567,1.3956241777934602e-05,2.0387344866883476e-07,1.9338094161873946e-05,9.055318595724452e-06,5.291551860969927e-06,0
0.4064751255672662,0.5934751898665849,1.4968412310423811e-05,2.0973895973734491e-07,1.775404851748318e-05,1.1308574685715486e-05,5.443791675486093e-06,0
0.3436845024227485,0.6562744519408732,1.3173363265469962e-05,1.6342105262138257e-07,1.4617177119968663e-05,8.945645862235414e-06,4.1460290778336914e-06,0
0.7230462261652457,0.276916749591059,1.2984329572402395e-05,1.8618040594461903e-07,1.0831858655661935e-05,8.81727860778905e-06,4.204596453534288e-06,1
0.6883516446139413,0.3116105171857203,1.3278786288341324e-05,1.647288690856355e-07,1.1077501952797589e-05,9.017235554960698e-06,4.299947673376061e-06,1
0.5912303405281629,0.40871974146871703,1.7042130859891896e-05,2.0187732599524684e-07,1.6128103169741124e-05,1.1276251154256917e-05,5.269640610288984e-06,1
0.49124249005506937,0.504659111422954,1.496779749034352e-05,2.4072127889293713e-07,0.004066560761034492,1.1040751115160923e-05,5.588491057663965e-06,1
0.3423296544678882,0.6555293059019194,1.7780372521301427e-05,2.4046151275538107e-07,0.0021071414682093843,1.1761714821557093e-05,4.115613127385806e-06,1
0.10448319716385432,0.8687613941790069,3.5167539388474116e-05,1.8780437962254767e-07,0.026657481821961225,5.86058928910381e-05,3.965598518310705e-06,1
0.8274827781160301,0.14397587104799575,1.4984802323603567e-05,2.402990721921948e-07,1.1644320987937572e-05,8.144883984293136e-06,0.02850633652960634,0
0.8624360063142553,0.11031810646768637,1.4850944959919507e-05,2.3815251065573018e-07,1.144429037093711e-05,8.072126755061445e-06,0.027211281703461827,0
0.8934135147238157,0.08095229261232798,1.774152295625079e-05,2.2272301245483869e-07,8.993405938384788e-06,7.662379065313195e-06,0.02559957263288386,0
0.9551924008603523,0.018276104494403245,1.4799997296495642e-05,2.1931455680826913e-07,1.8623437581095274e-05,7.545117364766576e-06,0.026490306778445317,0
0.9461168015317697,0.03393524358677492,1.5178129475903373e-05,2.2491792886843795e-07,5.6257758099960405e-05,7.73789116167138e-06,0.019868556184788846,0
0.937725718314816,0.049123663331964,1.5377357745505747e-05,2.278702037085062e-07,1.761332026845862e-05,7.839458793503664e-06,0.013109560346208875,0
0.7987476215680527,0.2008472621821826,1.4192179104948099e-05,1.451094745600833e-07,8.472518642763237e-06,4.992226837239082e-06,0.0003773142157049405,0
0.7413161152432147,0.2583424633424736,1.3180900820947432e-05,1.751096752936701e-07,9.826205989198606e-06,6.024329032349433e-06,0.00031221486879391664,1
0.737968875708739,0.2616460178919979,1.2915154521980581e-05,1.7157920732682024e-07,9.628095259895072e-06,5.815639340780284e-06,0.0003565759309333188,1
0.6337836225817578,0.365554883634685,1.3108021399483443e-05,1.9063055034629935e-07,9.929259084058448e-06,6.558296433238117e-06,0.0006317075760900806,1
0.578923253937528,0.42046332724961205,1.2664896625478495e-05,1.8418616663908543e-07,8.380466860677802e-06,6.336589164362997e-06,0.0005858526740429212,1
0.5071461588179644,0.4924889356139128,8.617798323276252e-06,1.6009529456688078e-07,7.057292049719292e-06,5.397636200570378e-06,0.00034367274625447445,1
0.17446536743311775,0.8254115858791006,5.649718313608597e-06,1.1539251743945192e-07,4.858483802364562e-06,3.980504450125423e-06,0.0001084425886981256,1
0.23125712336332035,0.7685405228980849,7.547842567943646e-06,1.1184811148844653e-07,5.1324930873567936e-06,3.847930299244073e-06,0.0001857136245287852,0
0.37970697445474977,0.6193721349230348,1.623534536038009e-05,3.033418059411853e-07,1.935599320284572e-05,1.043592163135516e-05,0.0008745600202149315,0
0.3060535749546105,0.6932218990484066,1.3622553576583554e-05,2.5452430556455167e-07,1.605414672417557e-05,8.627045127947795e-06,0.0006859677272486139,0
0.3498763475620201,0.649219046032573,1.504695474793864e-05,2.811378708514361e-07,1.7939178216397916e-05,9.478604309791596e-06,0.0008618605302620075,0
0.7129295117300896,0.2850647374250271,9.194804341807144e-06,1.9344223234319368e-07,1.357462076206583e-05,6.521933070172628e-06,0.00197626604447702,0
0.902694474991734,0.09683948480598457,1.1142051936016427e-05,2.6414343299466803e-07,2.0800714489174447e-05,7.0187691310173764e-06,0.00042681452329203576,0
0.8910051610837009,0.10851516457452365,1.146796505443888e-05,2.739946274097829e-07,2.1409150508276836e-05,7.224073230128851e-06,0.00043929915835503057,0
0.8953967964098417,0.10382724021098647,1.0941606404406425e-05,2.147872205295762e-07,1.9276821166555235e-05,6.8925014634644235e-06,0.0007386376629166444,0
0.8375865264375848,0.16151975794001355,1.4563596066203583e-05,3.4795598512584373e-07,2.7929741070224856e-05,9.174119730644657e-06,0.0008417002095493472,0
0.8622882624315288,0.13765357508174061,8.697900413374667e-06,1.5943975494570894e-07,6.798232536000708e-06,5.59092554278652e-06,3.6915988483500566e-05,0
0.8914112917562336,0.1085558287788188,6.902453929070381e-06,1.26527726309991e-07,5.586465964061474e-06,4.436830056205938e-06,1.582718727180302e-05,0
0.8717651726663266,0.12821451601209058,6.51739329442863e-06,1.2191988506888043e-07,5.383020055311034e-06,4.147094073007524e-06,4.1418942750544725e-06,0
0.8706010682724462,0.12937865894168157,6.505028152152937e-06,1.2168857223305668e-07,5.372807105769731e-06,4.139225987420721e-06,4.134036054798575e-06,0
0.8886260292190016,0.11135344911668241,6.229949493139062e-06,1.411559680022031e-07,5.898118376224979e-06,3.895901378876474e-06,4.356539099854222e-06,0
0.8886863353174153,0.11129351279994544,6.106534464118501e-06,1.286274009086944e-07,5.781276907225888e-06,4.375249629159674e-06,3.760194237774283e-06,0
0.8818472542366469,0.11813406822877598,6.084331634329722e-06,1.1381866646172159e-07,5.203015370286545e-06,3.871531840883487e-06,3.404837065126791e-06,0
0.8352752845656085,0.16469561655205517,1.0651143346339473e-05,1.4162813035537947e-07,8.911603415691596e-06,5.002778768402969e-06,4.391728675385156e-06,0
0.927489197913981,0.07248338762982211,8.94089463661914e-06,1.1888697296746059e-07,9.18486995119794e-06,5.483253616974982e-06,3.68655101921357e-06,0
0.9365626625807454,0.06341172725152666,9.276076749548095e-06,1.2623394987429996e-07,6.471376824398102e-06,5.822107712530807e-06,3.9143724913900074e-06,0
0.7008880080021644,0.2990559733500459,2.0722700747944462e-05,2.973123454036761e-07,1.5606118821473954e-05,1.1501748065434039e-05,7.890767809506925e-06,0
0.6713710135202523,0.3285559594438477,2.4535709551336674e-05,3.205590162623473e-07,2.436507577122096e-05,1.4119213237983104e-05,9.68647832312234e-06,0
0.7068289791221068,0.29310337984440443,2.159311098341009e-05,2.9536281855583697e-07,2.3452140220116515e-05,1.3350157496081143e-05,8.950261970649386e-06,0
0.7009401834139442,0.29900316881685923,1.7964956472821544e-05,2.4958351779959205e-07,1.9589228576168198e-05,1.1280970595222804e-05,7.563030034670007e-06,0
0.6340638396406064,0.3658752054252109,1.8389387447343082e-05,2.8486308327382255e-07,2.4320339240124393e-05,1.0218634055120893e-05,7.741710356707353e-06,0
0.6710971772902387,0.3288396575163543,2.0296006398540887e-05,3.1439780021976304e-07,2.2732309196665442e-05,1.1278106068565458e-05,8.544373943139928e-06,0
0.697729187203418,0.30220897068396363,1.7285914118675813e-05,2.637396626154192e-07,2.7488385239268805e-05,9.636433431331765e-06,7.167640166211472e-06,0
0.7054507697362633,0.29433343201748674,1.9461270966703884e-05,2.9076740920434297e-07,0.00017752007154858148,1.0623964385987051e-05,7.902171939445147e-06,0
0.6854645410137644,0.31270718197241626,2.0277125439994278e-05,3.874055737269924e-07,0.0017893987769671412,1.1069341714282552e-05,7.1443641243015815e-06,0
0.4797210875558186,0.5200956681456304,1.2228699742506773e-05,2.0247887430424935e-07,0.00015538553756800074,7.465624447365415e-06,7.961957918863039e-06,0
0.444511763399967,0.5554418265232547,1.182722526763199e-05,2.0067472957108995e-07,1.7657231233053617e-05,7.504024022009843e-06,9.220921526037004e-06,1
0.4656350201293773,0.5343166752769211,1.7318968867123705e-05,2.0094369514211562e-07,1.4885740386986131e-05,9.107992303068102e-06,6.790948449303893e-06,1
0.6620296504989269,0.3379325315206215,1.3271690402282047e-05,1.6464084166653836e-07,1.1071582383796957e-05,9.01241694619042e-06,4.297649877622099e-06,1
0.5383427725541969,0.4616014343915472,1.6917666651808654e-05,2.0343885477616006e-07,2.2536241294667202e-05,1.092569445583845e-05,5.210012998890216e-06,1
0.5295738641000358,0.4675174408132787,1.5050092729392378e-05,2.411759617890214e-07,0.0028738908673620416,1.374465744541737e-05,5.76829318669359e-06,1
0.26647906071855804,0.7196258720845303,1.5582948311310423e-05,2.0640813132651323e-07,0.013863037091305316,1.0669376563758408e-05,5.571372599757942e-06,1
0.31089475259165694,0.686826053253231,2.4699705778516598e-05,3.00226708505835e-07,0.0022282297107378357,1.845994552680357e-05,7.504566360472515e-06,1
0.08122277842909831,0.911795954558326,1.7329823954957936e-05,1.2673505249077174e-07,0.00693763656152827,2.327234887027938e-05,2.901543169760077e-06,1
0.1282872049066329,0.8419164287332178,3.532493112774144e-05,2.8283970861424263e-07,0.029690695903975,6.557045875507433e-05,4.492226582684176e-06,1
0.1298819370450112,0.6621128743749224,4.129718877496411e-05,8.706144613637477e-08,0.2078688138076669,9.004355466249399e-05,4.946967515750271e-06,1
0.004175676045212907,0.03694591341370364,1.423516548407959e-06,2.7867128638852464e-08,0.9588698066537692,6.05589732542243e-06,1.0966063117846584e-06,4
0.8391528036660446,0.14567185506239974,1.4326697738833289e-05,2.431297088964397e-07,1.1781486904076038e-05,8.240827790265542e-06,0.015140749129413747,0
0.8562664950095786,0.12156322323511355,1.3933021379245252e-05,2.3644886586820926e-07,1.136242264011353e-05,8.014382091221438e-06,0.022136735480331515,0
0.8939294190638364,0.08932260819941494,1.7064528232474287e-05,2.2670408027646866e-07,1.0415579904826988e-05,7.799340443474489e-06,0.016712466584087805,0
0.6807280319244747,0.3187488589523472,1.150629136706539e-05,1.6733651776270272e-07,8.71595678694571e-06,5.7569077233423835e-06,0.0004969626307827789,1
0.5912491717830737,0.4085963334196841,6.956363732348548e-06,1.299729627251349e-07,5.756354919669483e-06,4.382057390247012e-06,0.00013727004823721803,1
0.18185230902295169,0.8178731291326768,6.103491937778544e-06,1.246606044367217e-07,5.248707116270232e-06,4.3002102885576196e-06,0.00025878477442436277,1
0.22735553718144266,0.7723750739157111,7.786933348547385e-06,1.23794666406371e-07,5.212247682091428e-06,4.258929734357587e-06,0.0002520069974149777,0
0.23003771104259033,0.7697672393758423,8.063086454286927e-06,1.194832807602884e-07,5.482856209156802e-06,4.110604373844005e-06,0.0001772735512495279,0
0.36532767851509956,0.634140464528576,1.3135024091819899e-05,2.500645176165706e-07,1.6411683313405126e-05,8.603013687915958e-06,0.0004934571707138116,0
0.41359416520281594,0.585554317746252,1.6874842439126225e-05,3.152901935150252e-07,2.1926547922715398e-05,1.0846984115653244e-05,0.0008015533862609246,0
0.8715491477825899,0.12754148851773744,5.349804194613558e-06,1.303527921583001e-07,6.4933908438158565e-06,3.8022640512384857e-06,0.0008935878877909592,0
0.9348193081732419,0.06507850560456721,4.988423006193938e-06,1.1826001042288681e-07,5.691444762138516e-06,3.142382535047563e-06,8.824571187695356e-05,0
0.9251778572243772,0.07471331418043749,5.290730224229986e-06,1.2542677529255934e-07,6.4860643317840365e-06,3.3328164499332414e-06,9.359355740408874e-05,0
0.8973488871597355,0.10213844131600858,1.0249378097568452e-05,2.429809098269221e-07,1.805725972519604e-05,6.45644258494264e-06,0.00047766546293824834,0
0.8814425030959273,0.11767639027361082,1.1451243222581535e-05,2.2479155367861777e-07,2.017469460860278e-05,7.213539562010234e-06,0.0008420423615150325,0
0.8753229845780586,0.12397880011470055,1.1568658153939675e-05,2.7640040455938945e-07,3.623897391932805e-05,7.436220615859191e-06,0.0006426950541472548,0
0.8693308390830129,0.12995086756133817,1.2104305680674044e-05,2.8695547955354544e-07,2.566869338157743e-05,7.780529621115745e-06,0.0006724528714859181,0
0.8977261846794368,0.10204932101620624,7.599865909005115e-06,1.7676326705654916e-07,9.84150801247341e-06,4.88511967406207e-06,0.00020199104749461403,0
0.8618240824398654,0.13813252139544138,9.372807788435007e-06,1.7181136894179543e-07,7.3257365378707294e-06,6.0247494201486494e-06,2.0501059577450946e-05,0
0.8977376542920451,0.10223298369493562,6.500419810929419e-06,1.1915810626034742e-07,5.261081696311867e-06,4.17840644667258e-06,1.3302946959018763e-05,0
0.8912026556820893,0.10877753213037111,5.855398665084815e-06,1.2333750280124233e-07,5.543517568592439e-06,4.195314214392557e-06,4.094619588452386e-06,0
0.9127765862070151,0.08720365899729976,5.997144162801717e-06,1.3588114807051169e-07,5.677713154889234e-06,3.7503164734980425e-06,4.19374074564829e-06,0
0.7337248360155993,0.2662379510971523,1.321772003634066e-05,1.9160627848803095e-07,1.1193909793689805e-05,6.6681564274028366e-06,5.941494712302099e-06,0
0.7494923415193454,0.25047316790297297,1.2435057422556365e-05,1.8026067044620398e-07,1.0012265398268664e-05,6.2733139943474515e-06,5.589680195991361e-06,0
0.8932511606065446,0.10672739774490962,8.11608494023686e-06,1.2608967749562646e-07,4.915736760202291e-06,4.937275496495248e-06,3.3464616712861773e-06,0
0.6790789828576389,0.32086466719616435,1.713523858048208e-05,3.083164907095197e-07,2.1507768842572502e-05,1.0319164953842514e-05,7.0794573290542485e-06,0
0.6937453369822913,0.3061949056740747,2.0245549365909202e-05,3.024851741243226e-07,1.9936579775468947e-05,1.10521042436619e-05,8.220625074880983e-06,0
0.5975600294247945,0.40053984493269745,1.5468402057471007e-05,2.561208224775847e-07,0.0018680824775699095,9.358058745157779e-06,6.9605833130618705e-06,0
0.4593994149409127,0.5404251032515759,1.1710674500090702e-05,1.9390157907628664e-07,0.00014880318355968205,7.149369899002366e-06,7.6246779734990266e-06,0
0.4032980076413897,0.5966561701958919,1.1984759649453617e-05,1.816366996282571e-07,1.8420950810042255e-05,8.253737569080575e-06,6.981077990254552e-06,1
0.5389928352923596,0.4609620254764608,1.4841121135338958e-05,2.167998087248144e-07,1.5055965584003983e-05,9.398288069036074e-06,5.6270565824351235e-06,0
0.43084175402908986,0.5691096521134991,1.4639815738789497e-05,2.051346301879882e-07,1.7364299801688414e-05,1.106032131089303e-05,5.324285929374967e-06,0
0.3331508523995423,0.6668034342913752,1.4366764511059205e-05,1.804484824173323e-07,1.6440967878566182e-05,1.006179750487666e-05,4.66333070556726e-06,0
0.3238691267499318,0.6760897864625572,1.3603290206227842e-05,1.611415775496531e-07,1.4413289736246941e-05,8.820867711462338e-06,4.088198279549193e-06,0
0.6750688212907362,0.3248919765244782,1.4172437132812806e-05,1.678835665991442e-07,1.1289645507599822e-05,9.189923261383115e-06,4.382295317166205e-06,1
0.5693307965125672,0.43062182716945335,1.5553741370382516e-05,1.966684785304271e-07,1.6027191559752565e-05,1.056209104146938e-05,5.0366255292917604e-06,1
0.5651900532162905,0.4347578985868092,1.4508401507827236e-05,1.9644956497816934e-07,2.176199233647688e-05,1.0550334277566821e-05,5.031019213555511e-06,1
0.2195315458245092,0.778854887502978,1.5888610535551875e-05,2.0451917187286893e-07,0.001579602857447217,1.3089349124018779e-05,4.781336234255095e-06,1
0.23539385929208245,0.734663113505592,1.4404517737905324e-05,2.4398371754623464e-07,0.029914554840005606,9.862525428098869e-06,3.961335436370311e-06,1
0.30565550683228027,0.6923447359542567,2.552349272220256e-05,3.102398983320894e-07,0.0019470929980775493,1.9075623391248486e-05,7.754859373726109e-06,1
0.31063630206482007,0.6862550865391618,2.467917261763833e-05,3.6873925132794663e-07,0.0030576205568712666,1.8444599553264256e-05,7.498327724685393e-06,1
0.11694143954876962,0.864309971496581,3.135809318379802e-05,1.8014451581099274e-07,0.018674564652631585,3.8179107582815515e-05,4.306956735301962e-06,1
0.12136972540581369,0.6685897337341732,4.170116231781417e-05,8.791309056750085e-08,0.20990220890435274,9.154752096767263e-05,4.995359284124425e-06,1
0.006103280046632012,0.05298184800458179,2.3035131344683195e-06,3.80118781525862e-08,0.940901964575315,8.93709770904033e-06,1.6287507494420552e-06,4
0.004446410827805179,0.04166655475383863,2.4381901568290425e-06,3.337286079431815e-08,0.9538761371105658,7.1124810250893046e-06,1.3132637475371795e-06,4
0.8710638908163515,0.10119861888340748,1.4173802062986258e-05,2.405350089985384e-07,1.1589868869394183e-05,8.152881010239855e-06,0.027703333213289584,0
0.9746951146422077,0.023121353811914318,6.135904769697012e-06,8.151615025787704e-08,2.5199977074303243e-06,2.8044144892640262e-06,0.002171989712761544,0
0.9749247141444993,0.022631530354590118,5.378879208115e-06,8.278239891883767e-08,2.7117723995819213e-06,2.847977465196718e-06,0.0024327340894386477,0
0.9588520102440339,0.017715136313679658,1.4853286774512296e-05,2.2859608172061523e-07,2.9294177721645798e-05,7.864431302732288e-06,0.023380612950405884,0
0.9392598702051637,0.031384982277918444,1.4827848857352563e-05,2.2820458532805742e-07,8.533934526262095e-05,7.850962583315208e-06,0.029246901155629473,0
0.731009917006119,0.26858421115714876,1.495731127723467e-05,1.7481739424881555e-07,9.923973370890863e-06,6.01427363603184e-06,0.0003748014610539821,1
0.7173557256026954,0.28216605593110206,1.2576069382311873e-05,1.5787709232045977e-07,8.962312170332195e-06,5.431473442081347e-06,0.00045109073411543713,1
0.30037467189329753,0.6989211280588593,1.0227933469513621e-05,2.530188346295388e-07,1.4167391577920275e-05,7.789611015103127e-06,0.0006717620929460244,1
0.18770160899950308,0.8120342216064323,6.610019707550327e-06,1.237496650326413e-07,5.210352945325115e-06,4.268787121508343e-06,0.0002479564846252391,1
0.1866820142638326,0.8130634872080701,6.619519548627083e-06,1.2392751656760254e-07,5.21784120211168e-06,4.274922171181267e-06,0.00023826231765903112,1
0.22449885061336888,0.7752770503849673,8.258073464874474e-06,1.2033851369573162e-07,5.0667299107857565e-06,4.140027103306391e-06,0.00020651383267126033,0
0.30980633297448956,0.6899882328782942,8.95262088100311e-06,1.326648945574174e-07,6.087734921847091e-06,4.564093757329444e-06,0.0001856970327613345,0
0.30243774458908695,0.6973642864738062,8.627294265100218e-06,1.2784402458323359e-07,5.866514541026444e-06,4.398240517650078e-06,0.00017894904375851135,0
0.3748234091952259,0.6249345203718121,8.957684903151758e-06,1.705363567367102e-07,7.825582930692486e-06,5.866992347722093e-06,0.00021924963642370795,0
0.5955684897738484,0.40423082155768253,8.408157198977923e-06,1.3915587031653532e-07,6.385593220664363e-06,4.787403940780764e-06,0.00018096835823840318,0
0.39155231278593905,0.6076038642257939,1.6220928803714502e-05,3.0307244645191543e-07,1.933880559355048e-05,1.04266548093556e-05,0.0007975335266139109,0
0.3400313166860108,0.659084255357995,1.3786905564966572e-05,2.575950643232654e-07,1.6436930935574586e-05,8.684855154806952e-06,0.0008452616692745805,0
0.7240644021079277,0.2662498044636769,1.8430458758748767e-05,4.55933078830258e-07,3.429497787450185e-05,1.3719194048721351e-05,0.00961889286463441,0
0.8931017626479649,0.10659225524739821,5.315143099535917e-06,9.930833443085487e-08,4.523793527955134e-06,3.3481949759516645e-06,0.00029269566469933435,0
0.9128355735881656,0.08693146726131251,5.4660833636005455e-06,1.295838534039985e-07,6.266468493977318e-06,3.4432775399289415e-06,0.00021765373727108375,0
0.8987892024216083,0.10085151188176013,9.670428363365887e-06,2.2925581042855303e-07,1.6001251094053347e-05,6.091741850628483e-06,0.0003272930195129341,0
0.8645648916482013,0.13537403531951167,8.086514384412101e-06,1.4823254010048852e-07,6.320376479180558e-06,5.197932567082467e-06,4.13199763163981e-05,0
0.5960893028547627,0.40387362136856486,1.0073657989250476e-05,2.0223172798052838e-07,1.3468241257146151e-05,7.169233070706798e-06,6.162412627422169e-06,0
0.5249002082268363,0.4750653141803818,9.991642444523191e-06,1.869121354893484e-07,1.2202716482347125e-05,6.504924573449258e-06,5.591397146180446e-06,0
0.5249001385478864,0.47506525111686676,9.991641118162214e-06,1.8691211067731537e-07,1.2202714862472612e-05,6.6376707516708165e-06,5.591396403939016e-06,0
0.8759440085953133,0.12403239823235147,8.151747053874074e-06,1.3686031342859229e-07,7.450419943997316e-06,4.182502404212207e-06,3.6716426197894485e-06,0
0.9036482900032129,0.09633094269870551,7.075897275589986e-06,1.2265151303303626e-07,6.605406985401014e-06,3.708130656379789e-06,3.255211651283268e-06,0
0.5559147898065089,0.44403764942011487,1.538810591558219e-05,2.6062616384742997e-07,1.711541018869979e-05,7.879526669654755e-06,6.917104438466248e-06,0
0.675370393630345,0.32458109152049575,1.6962674918860824e-05,2.6352831762254694e-07,1.409972941131349e-05,1.0194787953681589e-05,6.994128557851008e-06,0
0.7054637731137213,0.2944761604889222,1.9964519504382994e-05,2.982863566429343e-07,2.0996922561239768e-05,1.0700154920528894e-05,8.106514013496656e-06,0
0.6663619751390183,0.332681648438296,1.9085747879379737e-05,5.175259890500809e-07,0.0009192662314878214,1.0639792472885044e-05,6.867124856685367e-06,0
0.28132765714438185,0.7186350710390095,8.286166706092408e-06,1.275490021394024e-07,1.815990209823694e-05,5.79594318224965e-06,4.902255619798707e-06,1
0.30326167654115077,0.6966950369892873,1.3193088689395021e-05,1.724825761054015e-07,1.2749469603138879e-05,7.891170688141211e-06,9.280258005181451e-06,1
0.4377000045050596,0.5622481964580653,1.5267275122847106e-05,1.9959988182413506e-07,1.5195232168911237e-05,9.318156196395117e-06,1.1818773505243427e-05,1
0.4190003354387847,0.580951023806733,1.7392411765814387e-05,2.017958178959635e-07,1.4426727175097022e-05,8.963692165319893e-06,7.656127557922372e-06,1
0.3771743040154629,0.6227786581198724,1.6699142201512644e-05,2.233158347272353e-07,1.48691181167268e-05,1.0253364094302974e-05,4.992924417516629e-06,0
0.28322163261318944,0.7167329463857723,1.5383549856965774e-05,1.9083933692685422e-07,1.4418578912668672e-05,1.0446518960361229e-05,4.981513971182931e-06,1
0.5856644237708333,0.41428944814895513,1.616176008977116e-05,2.0049335867080332e-07,1.3482552175139296e-05,1.1049759928834787e-05,5.233514659143919e-06,1
0.5403950166162573,0.4569781614807565,1.7203359658654805e-05,2.8847352908849015e-07,0.0025916857638226282,1.2593124361070786e-05,5.051181614653107e-06,1
0.23839407761133696,0.7601676753623362,1.469975728771337e-05,1.9961210482746623e-07,0.0014081235637394807,1.0557476462353754e-05,4.666616732639435e-06,1
0.32226980685726075,0.6746596158200012,2.3639975331723214e-05,3.711125482287249e-07,0.0030204563324922147,1.8563313551836993e-05,7.546588814021359e-06,1
0.09735857133878822,0.8801376711291925,3.25603474280744e-05,1.936780293132749e-07,0.022402866571284756,6.404731123517635e-05,4.089624041876438e-06,1
0.01837982978458376,0.0953455449167122,6.847191745407415e-06,6.296147027849318e-08,0.8862493714732865,1.564586964929115e-05,2.69780255241328e-06,4
0.8489585053861903,0.12181475841706517,1.4225910999199815e-05,2.414193181899137e-07,1.1698605442154933e-05,8.182854474990627e-06,0.029192387406509857,0
0.9736646922674396,0.023762669730376627,6.336331561025269e-06,8.417884158879613e-08,2.757516842113771e-06,2.896019528575191e-06,0.0025605639554103906,0
0.9733406763977135,0.02393590662131212,5.436761192804807e-06,8.36732182440938e-08,2.7409537145811617e-06,2.87862447950199e-06,0.002712276968369101,0
0.9604293664787154,0.03225327561609914,1.2080660746769803e-05,2.388648691995374e-07,1.870147864825099e-05,8.21771020883813e-06,0.00727811919071249,0
0.8126549748869154,0.18688335142197607,1.135906291663958e-05,1.5118598242587202e-07,8.82730819962622e-06,5.201278008682228e-06,0.0004361348560010572,1
0.7669083701242934,0.2326814439252676,1.346523915725315e-05,1.5737842041108582e-07,8.934003735861456e-06,5.414317544463352e-06,0.00038221501158119356,1
0.7683412290988161,0.23129578528315548,1.030879435146349e-05,1.2941424129129974e-07,7.346542887837403e-06,4.452260959899307e-06,0.00034074860558782607,1
0.29023001439308677,0.7092378077458626,9.882501941185506e-06,2.4447354217115556e-07,1.756852466399985e-05,7.526529792874903e-06,0.0004969558311103905,1
0.33488000004666046,0.6648903030648815,1.001866933951057e-05,1.4846219103861753e-07,6.812642244015519e-06,5.107570933360537e-06,0.00020760954375014667,0
0.3378182126959193,0.6619381203260507,8.266246154559786e-06,1.5737274958080584e-07,7.221530507873184e-06,5.414122449889418e-06,0.00022260770616826215,0
0.6599637852964289,0.33121588350560927,1.6798830727988888e-05,4.155698300740666e-07,2.3269178831091446e-05,1.2504649046758114e-05,0.008767342969525927,0
0.7623594017413664,0.23610610746745736,5.91148652732385e-06,1.4623847882174645e-07,5.827034087534556e-06,4.689711096258919e-06,0.0015179163209862619,0
0.786413880108866,0.21202529538612272,6.273652702993845e-06,1.4428108280158934e-07,8.307372911399233e-06,4.977025416418273e-06,0.001541122172897634,0
0.8653173830487291,0.13401103513674867,5.016957437789951e-06,1.1537968162445339e-07,5.661146693044907e-06,3.980061674286432e-06,0.0006568082690352059,0
0.8687694553758365,0.13084461517035548,4.995244783643697e-06,1.148803353266861e-07,6.861468249071197e-06,3.873207256781315e-06,0.0003700846531831229,0
0.6916909697071623,0.3070347416226871,9.94024653392981e-06,1.857239416945969e-07,1.280281524954962e-05,6.261709775514922e-06,0.0012450981746500982,0
0.8815495793934819,0.1181811564610101,5.379165153791722e-06,1.0050452491075766e-07,4.51911646021177e-06,3.3885247124037477e-06,0.0002558768346565448,0
0.8984239125251547,0.10129506778779702,5.58612734123683e-06,9.343392878781102e-08,6.0995891521219935e-06,3.5188974499272544e-06,0.0002657216391760189,0
0.895374296029935,0.10425388739588157,1.0071110314843444e-05,2.387547345773597e-07,1.4013935467148236e-05,6.344145458916809e-06,0.00034114862820816864,0
0.8864791102198564,0.11312734628287696,1.0553758503305448e-05,2.5019682353558006e-07,1.8593514314433744e-05,6.648182473442674e-06,0.00035749784515183455,0
0.9105387814621007,0.08924403445182313,6.86881841573093e-06,1.6283834318554102e-07,1.018461408197353e-05,4.415209476326096e-06,0.00019555260575917824,0
0.8873968675487334,0.11233676390308857,8.245391287851727e-06,1.9547260896507376e-07,1.1056259334100407e-05,5.300057090862201e-06,0.00024157136785630729,0
0.8554038373435189,0.1443256708473651,9.313889272870436e-06,1.7073134350612415e-07,1.2780432042801262e-05,5.986877173059398e-06,0.00024223987928367478,0
0.8492806660886686,0.1506664978921119,7.893052669146676e-06,1.4468622581688678e-07,6.169167835176592e-06,5.0735772636157195e-06,3.35555352256063e-05,0
0.9130609788954889,0.08691080735815936,6.2640338747855844e-06,1.148249552767571e-07,5.069763941753788e-06,3.9459345413634055e-06,1.2819189038477657e-05,0
0.8937595505735058,0.10620890846247046,7.002744854425792e-06,1.2836614245664598e-07,5.6676359141632175e-06,4.411274485066451e-06,1.4330942627634451e-05,0
0.8834643244424338,0.11650045647973316,7.97247005254804e-06,1.4614201256382084e-07,6.45247806877537e-06,5.022138383855956e-06,1.5625849315408093e-05,0
0.8948889616268589,0.10509167071092783,5.8796185108970765e-06,1.3321829387274344e-07,5.566447372086345e-06,3.676821760609457e-06,4.11155627556193e-06,0
0.5780340011908636,0.42192676936367995,1.0348384434435593e-05,2.179772833882771e-07,1.4012087822661831e-05,7.4144779539374815e-06,7.236517961917793e-06,0
0.8663905136243095,0.13359186089255837,5.41160441502604e-06,1.0646905858080304e-07,5.045081285966719e-06,3.7608428807424555e-06,3.301485491881412e-06,0
0.8912869665043345,0.10869043533393494,7.817713911950811e-06,1.3240750993695888e-07,7.130816974280349e-06,4.003084304389314e-06,3.5141390302139985e-06,0
0.9110680769856572,0.0889115594922329,6.994641150083806e-06,1.3829907234020875e-07,6.4407836075197375e-06,3.615714701446576e-06,3.17408357863958e-06,0
0.6562985794703681,0.3436609547052694,1.3868635382129075e-05,2.1546001249539105e-07,1.4149333431004894e-05,6.514015667649639e-06,5.718379869245653e-06,0
0.6597065636268233,0.340233838524703,2.0832793156782626e-05,2.9889186115700097e-07,1.8970621975457357e-05,1.1562852801046213e-05,7.932688679102914e-06,0
0.6787076666970902,0.32123754835298307,1.785620512608919e-05,2.8029010803765305e-07,1.8976431987133313e-05,1.0054591877578962e-05,7.617430827959892e-06,0
0.722514692246506,0.27742987137358954,1.7235717344750393e-05,2.9296405005142355e-07,1.9436595905891562e-05,1.0509232661446528e-05,7.961869942430896e-06,0
0.3583113972384466,0.6416400199674155,1.444236508614845e-05,1.8881524969327158e-07,1.3956738940995281e-05,8.814684521975021e-06,1.1180190339125352e-05,1
0.35384103800319755,0.6461141298620383,1.3509550779920176e-05,1.7661990875725848e-07,1.2442533185503345e-05,8.245355068112e-06,1.0458075821698169e-05,1
0.3997679796228602,0.6001831008736969,1.572668752823562e-05,1.8846314343549175e-07,1.3473551539639722e-05,8.371459923590754e-06,1.1159341308191849e-05,1
0.6663826114168168,0.333579378223883,1.228395175729496e-05,1.7158823391839151e-07,1.2134063921442798e-05,7.621882970975725e-06,5.79887241658806e-06,1
0.6265198604840421,0.37344036404905295,1.2578587806666945e-05,1.924295473779251e-07,1.3344353708900405e-05,7.00696820608309e-06,6.653127636131894e-06,0
0.537978113595648,0.4619833695866667,1.0419947530380346e-05,2.159067562727515e-07,1.3863876029943025e-05,9.126456497314329e-06,4.890630871355675e-06,0
0.6284191803905375,0.37153802243770817,1.534738421342169e-05,1.9039068707050385e-07,1.1796621143478175e-05,1.0492972928191744e-05,4.969802782265757e-06,1
0.5956806987105783,0.4042772081881967,1.4602193250239306e-05,1.811462831052373e-07,1.2665344737617394e-05,9.91592253217235e-06,4.728494421789295e-06,1
0.5504222167488008,0.44697779537258564,1.6826886756055637e-05,2.821606652657349e-07,0.002565161215774369,1.2317540395201685e-05,5.400075022616715e-06,1
0.3510219738744497,0.6472918397958948,1.7192550467272273e-05,2.8898941202473996e-07,0.001653026978385174,1.161391559073857e-05,4.0638958001250426e-06,1
0.26260519290946543,0.7362925175554628,1.3595759237650505e-05,1.9334273734792126e-07,0.001073754494445019,1.0225889860146677e-05,4.52004879174027e-06,1
0.24803624783393938,0.7466013963338811,1.4337007267716902e-05,2.4602563440302477e-07,0.005334263247838177,1.0022791563416334e-05,3.4867598758033036e-06,1
0.24995321754224428,0.7431166649357501,1.5180005547862458e-05,1.9539796489615137e-07,0.006900073768137288,1.0100253579502733e-05,4.568096775975704e-06,1
0.36240788675976604,0.636216285740512,2.2970925733592568e-05,3.634278163236001e-07,0.0013292410105470588,1.591912749958087e-05,7.333008125275768e-06,1
0.3803254999289345,0.617350883297689,3.6363169689660934e-05,3.3171557774799214e-07,0.0022331225092514936,4.705392904630961e-05,6.745449811432346e-06,1
0.24456141125172554,0.6581466967373313,5.087432984057652e-05,4.634794044913809e-07,0.0971055767294149,0.0001233046769392624,1.1672795343910775e-05,1
0.004401917279970331,0.03540478467095259,1.3654400131160838e-06,2.452511149608669e-08,0.9601851896764433,5.667544051216923e-06,1.0508634582341294e-06,4
0.8873190820538551,0.09532805691083883,1.4132883897454366e-05,2.398406115975673e-07,1.1541981107757072e-05,8.129344563684703e-06,0.01731881698512543,0
0.9717748590384955,0.02532439199452651,6.149059139613477e-06,8.169090746727081e-08,3.0447662902253103e-06,2.8104266923498793e-06,0.0028886630239485477,0
0.9415195994892471,0.058109472890369336,5.52314757527673e-06,1.049390928053345e-07,6.087211289558246e-06,3.6102381113743026e-06,0.0003556020843144755,0
0.8459883160554633,0.15362402047615759,9.382303734010988e-06,1.7826256294118358e-07,9.92274304756913e-06,6.1327983819658775e-06,0.00036204736065263476,1
0.6965819655448502,0.3030276775792289,9.294532660480793e-06,1.351708104740301e-07,6.343799991269736e-06,4.650305224421476e-06,0.00036993306723439776,1
0.6112056718962964,0.38845460333602666,6.7973576403806236e-06,1.262764493773231e-07,5.7442634687946595e-06,4.257428903719539e-06,0.0003227994412148017,1
0.6142881975232983,0.38546696522301643,6.706539976304418e-06,1.25305246231073e-07,5.69190065614862e-06,4.224684648028018e-06,0.0002280888231583421,1
0.30152532615022015,0.6979692263986951,1.0307647235628065e-05,2.549907954627145e-07,1.8324322703367757e-05,7.85032115097087e-06,0.0004687101691995472,1
0.1651075990637973,0.8346028646713832,6.7948814144922656e-06,1.2721055854333632e-07,5.524610072418629e-06,4.388171829688925e-06,0.0002727013909443361,1
0.182083496362069,0.817636393437375,7.2146831640706765e-06,1.3506988849829918e-07,5.8659318457748685e-06,4.659282110969936e-06,0.0002622352335465021,1
0.18415374649918878,0.8155724824244708,6.9728673557184195e-06,1.305427272178256e-07,5.6693223732911225e-06,4.5031161305127006e-06,0.0002564952277536833,1
0.19118937080592166,0.808604344233323,7.058884232428055e-06,1.3438699983752878e-07,6.360808728674867e-06,4.623339648901905e-06,0.00018810754114553186,1
0.2847928644699323,0.7150205427023031,8.123959030712754e-06,1.2038532431159156e-07,5.698081083819866e-06,4.141637537176903e-06,0.00016850876478854894,0
0.4680854337263127,0.5317274262494627,7.840516128303199e-06,1.2976135195206503e-07,5.954496978420964e-06,4.464202669159972e-06,0.00016875104709664895,0
0.6829412693145538,0.3167954143833831,7.773464289073367e-06,1.4523970038981808e-07,7.062261687547191e-06,4.996707019419291e-06,0.00024333862936668085,0
0.4395997794659397,0.559586282288217,1.5249711916696322e-05,2.849261934508783e-07,1.797174892619882e-05,9.657510403900117e-06,0.0007707743484030614,0
0.908932696155584,0.09086609671735589,6.1654916479015314e-06,1.4616465075991387e-07,8.047842166495477e-06,3.9631178905065694e-06,0.0001828845107045873,0
0.9253835206268136,0.07442646524454048,5.835614313982234e-06,1.3942551813478578e-07,7.188521457058596e-06,3.7510759580236765e-06,0.00017309949139847924,0
0.7472472628840143,0.25266748499616687,1.0934269114835014e-05,2.004342548575271e-07,1.2254419933655112e-05,7.028441529616708e-06,5.483455498567045e-05,0
0.8421896233557697,0.15775853617519198,8.152049767132534e-06,1.4943385821918666e-07,6.371598584504301e-06,5.240058071835838e-06,3.192732875666156e-05,0
0.8574406971969275,0.14250989245217024,7.6959606825609e-06,1.410733656380466e-07,6.015121790486068e-06,4.946888457155423e-06,3.06113066064109e-05,0
0.8635502807877485,0.13640223211128033,7.379282980137876e-06,1.3526839974151166e-07,5.972385130177959e-06,4.648469051074192e-06,2.935169540981898e-05,0
0.897324994106157,0.1026549046573942,5.9380287510424435e-06,1.3454173220848606e-07,5.621746457759593e-06,4.254517557150689e-06,4.1524019510052705e-06,0
0.9035372252403437,0.0964432199271286,5.936439516641212e-06,1.345057239036779e-07,5.620241872106633e-06,3.712354799018759e-06,4.151290615862759e-06,0
0.914545620670984,0.08543710039769845,4.92596502504934e-06,1.2200739633403805e-07,5.0980066697705794e-06,3.367401253650774e-06,3.7655509726117395e-06,0
0.5191129389277956,0.48085050946487096,9.653027278470192e-06,2.3502027069884726e-07,1.2839703832034538e-05,6.916263924908774e-06,6.907592027342335e-06,0
0.8842292171888629,0.11574634019854758,8.939470595088104e-06,1.3888161257752923e-07,7.47948028669059e-06,4.198816243444822e-06,3.6859638518247337e-06,0
0.5794113672405931,0.42054661419087014,1.4400799081545466e-05,2.2372758851614351e-07,1.4692268003545628e-05,6.763969796533846e-06,5.93780406651075e-06,0
0.6227079688151862,0.377240501940689,1.7905883053617088e-05,2.380943206550133e-07,1.771622737724922e-05,8.28600287596011e-06,7.383036497362427e-06,0
0.6749658470247726,0.32498927323697296,1.5812640643298448e-05,2.45661642743915e-07,1.4874391468284453e-05,7.427103392601176e-06,6.519941107599589e-06,0
0.6731411056098435,0.32681169825533907,1.5232898154552768e-05,2.3665489331057046e-07,1.610368207120957e-05,9.342000694300431e-06,6.280899003914205e-06,0
0.6562206903953302,0.343723507837626,1.950584963017321e-05,2.79853961758024e-07,1.7762289331983103e-05,1.0826357576521293e-05,7.4274165433827765e-06,0
0.6299137821098252,0.37002866936375933,1.9877270805670155e-05,2.504792469810211e-07,1.8819422497996794e-05,1.1032507963900552e-05,7.568845901024358e-06,0
0.35265192702363135,0.6473050190993443,1.3736500924828732e-05,1.8443656223881453e-07,1.3662905827493072e-05,8.38096588397684e-06,7.089067825795356e-06,1
0.3084771318879009,0.6914783239102635,1.3290023177735748e-05,1.737498692053037e-07,1.284314465844184e-05,7.949150029527675e-06,1.0288134100763028e-05,1
0.35315162280382717,0.646799676360411,1.447745570321152e-05,1.892740141396159e-07,1.3990649632125601e-05,8.836101562553025e-06,1.120735484961531e-05,1
0.3961709344277144,0.6037773731907876,1.63973988265701e-05,1.9650071392799822e-07,1.4556608065363236e-05,8.906609330229677e-06,1.1635264561829146e-05,1
0.3957098087005787,0.6042406444862316,1.5716800675708758e-05,1.8834466283984505e-07,1.3952414641949884e-05,8.536927412706504e-06,1.115232579639937e-05,1
0.41795101805610846,0.5820035128648311,1.592230814817644e-05,1.9080739278162108e-07,1.3641145923406605e-05,8.475590572662428e-06,7.239227023445234e-06,1
0.6196088752104217,0.3803516112274051,1.2053143658417245e-05,1.8439120625615958e-07,1.2786921294683005e-05,9.703217331623765e-06,4.78588868232759e-06,0
0.5472846409322638,0.452676173005831,1.060020305395444e-05,2.0230364228824903e-07,1.412398510068145e-05,9.2843358138371e-06,4.975234294333917e-06,0
0.5203984377378846,0.4795623718287912,1.1053908282355825e-05,2.072005676096708e-07,1.3789766469077949e-05,9.509070764849907e-06,4.6304872403870494e-06,0
0.5871117130458441,0.4128360939926672,1.4092143282893149e-05,2.0113160044345776e-07,2.142951891070296e-05,1.080178323986768e-05,5.6683844547396355e-06,1
0.5501245569631129,0.4467360767232846,1.6817787037052312e-05,2.684138578086365e-07,0.003103549481595445,1.2310879260671371e-05,6.419751851414323e-06,1
0.4516882391102543,0.5458976548852565,1.5353082730662297e-05,2.393383274066187e-07,0.0023818797044073106,1.1706776359212257e-05,4.9271026646792376e-06,1
0.3055453416665132,0.6929006037929955,1.3831787158195642e-05,1.9669924605413313e-07,0.0015250241199313904,1.0403415475099471e-05,4.598518680654056e-06,1
0.2598090570180675,0.7390181973415512,1.364608935135806e-05,1.940584724374559e-07,0.0011441049659451927,1.0263745061200612e-05,4.536781551248249e-06,1
0.2625087381439924,0.7353002381610253,1.3577436639740581e-05,1.930821751260323e-07,0.0021625604030075874,1.0178815902770479e-05,4.513957257233323e-06,1
0.258484388840115,0.7384705754996997,1.4000902368479668e-05,2.431183205019784e-07,0.0030171825418432393,1.019026125101457e-05,3.4188364019954547e-06,1
0.26867283908427314,0.7179200770058867,1.3371043275653636e-05,1.8877267678711948e-07,0.013378670949910696,9.757787935226187e-06,5.095356041817066e-06,1
0.39916549258705875,0.5996241131456841,2.1649745974529587e-05,2.8142594660182565e-07,0.0011665483133423428,1.500353405427048e-05,6.911247939355585e-06,1
0.12187664829726699,0.8608791954445171,3.057188658384446e-05,1.7562795268816816e-07,0.017155354033342663,5.414752356106272e-05,3.907186775850225e-06,1
0.1421827159048905,0.8290351849474172,3.6297307988291746e-05,2.1561963490468608e-07,0.02866956875992755,7.116072058884253e-05,4.856739552836677e-06,1
0.23480658625854717,0.7251641458508256,4.844761751449011e-05,3.8063897988128553e-07,0.03985905362253685,0.00011558265249459951,5.8033591013887695e-06,1
0.8638822175222521,0.11059521874592694,1.2671569598568498e-05,2.448839126787684e-07,1.1799415178637663e-05,8.300286140069103e-06,0.025489547576990984,0
0.8821701001835318,0.09824594858891328,1.61189801477703e-05,2.4385997309059115e-07,1.1871986224137353e-05,8.389557648678391e-06,0.019547326843561263,0
0.9741855345388142,0.02351068550755898,5.340177190945612e-06,8.218676445665366e-08,2.540729135964925e-06,2.8274857477791226e-06,0.0022929893747875582,0
0.856288709947128,0.1432299672604051,8.717598629911324e-06,1.6563325154643977e-07,9.482764005392769e-06,5.698309955404979e-06,0.0004572584866245875,1
0.7776331206418273,0.22198475616342753,7.551434776826344e-06,1.4109129259668225e-07,7.422541590057725e-06,4.85398861471492e-06,0.000362154138470998,1
0.611282946303598,0.3885037154444652,6.759374819742723e-06,1.262924144415077e-07,5.744989712963106e-06,4.257967168186463e-06,0.00019644962782137905,1
0.30552307242821486,0.6940477710689121,1.0444310244660302e-05,2.583715678724462e-07,1.8567274079358205e-05,7.954403924259116e-06,0.00039193214305681,1
0.18635617864576506,0.8133894641455501,7.100656958161707e-06,1.3518226876410963e-07,6.39845041675448e-06,4.650699425995269e-06,0.0002360722196151312,1
0.1772035315039609,0.822592410871804,6.1752993792219865e-06,1.1756531618124326e-07,5.5646043907458355e-06,4.044620300278784e-06,0.000188155534848534,1
0.21893507638481224,0.7808367376780199,6.905483102740802e-06,1.3146654996024464e-07,6.222577924404029e-06,4.522866896875276e-06,0.00021040354269389388,1
0.24538884254486182,0.7543736938775384,8.125788218188438e-06,1.546987121478639e-07,7.322203187321249e-06,5.322127068629959e-06,0.000216538760413555,1
0.9140323266828582,0.08493476147906504,1.0034170031034578e-05,1.9697395534344367e-07,1.7678108140059247e-05,6.44986661848984e-06,0.0009985527193319803,0
0.9256606678266606,0.07422180118270937,4.978453576531453e-06,1.180236662206546e-07,6.132639758614362e-06,3.200101397091914e-06,0.00010310177223148073,0
0.9154677555381856,0.0844139030432044,5.01703460534402e-06,1.1893830254236082e-07,6.07977496741266e-06,3.2249009060772637e-06,0.00010390076982861427,0
0.9095761263770109,0.09028439915331046,6.126022015086961e-06,1.4522894839821704e-07,7.996322288860204e-06,3.937747195536544e-06,0.00012126914923079533,0
0.9159188699312178,0.08388078441517621,6.371540290479768e-06,1.5104942388133285e-07,8.332210230850351e-06,4.09556394807188e-06,0.00018139528971233154,0
0.8704343196100915,0.12930693638992982,7.591955076221286e-06,1.4184837540107605e-07,1.1256831655632837e-05,4.880034667914171e-06,0.00023487333020339685,0
0.8481051154836707,0.15164017396263474,9.902323040063127e-06,1.850153777027774e-07,1.3278041965368062e-05,6.365116658783663e-06,0.00022498005665285852,0
0.8791033510996609,0.12066749791394042,7.890393875737256e-06,1.446374879204403e-07,1.0827124927663729e-05,5.071868217147119e-06,0.0002052169618900975,0
0.7724647091611543,0.22714832548641245,1.0393082758343537e-05,1.9051385844481583e-07,1.1647893351479306e-05,6.680572218620328e-06,0.0003580532902462304,0
0.9000495242014137,0.09991965466906204,6.8429267419566615e-06,1.2543654341814914e-07,5.538287938077619e-06,4.310599453140793e-06,1.4003878847893224e-05,0
0.6704487977421255,0.32949733108112683,8.626653824102681e-06,2.1366687883523866e-07,1.276887936156452e-05,6.912990096407108e-06,2.534898658669035e-05,0
0.4788690568129589,0.5210551780439374,9.143442021262112e-06,1.9770308105128605e-07,1.116681579407388e-05,6.074193113662641e-06,4.918298909361234e-05,0
0.6401102985899914,0.3597819071046255,1.0364320914406901e-05,2.0880365389151793e-07,1.1058941860714097e-05,6.334884238531744e-06,7.982735471569191e-05,0
0.5383470183904729,0.461617715010796,9.89239891494542e-06,2.2739381640402077e-07,1.2212808729658766e-05,6.898890304983927e-06,6.035106965119617e-06,0
0.8531252164799294,0.1468534785347045,6.905679670049179e-06,1.4560743922872565e-07,5.905391031417611e-06,4.483837713561882e-06,3.864469511788252e-06,0
0.4790832870219715,0.5208770350619285,1.412725800330969e-05,2.069822159335343e-07,1.3592593602928886e-05,6.257705928355148e-06,5.493376349411927e-06,0
0.5894294710326757,0.41052921531390324,1.4159207297147395e-05,2.1997427267424984e-07,1.44457864559779e-05,6.650495570311678e-06,5.838189824848787e-06,0
0.5829264333269574,0.41702304235466026,1.7556681680115207e-05,2.3345099401500524e-07,1.737072467766818e-05,8.124408858146993e-06,7.239052172335089e-06,0
0.5677642477897101,0.4321827096267963,1.854136011153339e-05,2.660162557373683e-07,1.6884012188841092e-05,1.029103568049634e-05,7.060159256851491e-06,0
0.6370157569990903,0.36292572270260876,2.0138512717916103e-05,2.4729442352421386e-07,1.9288664433845914e-05,1.1177505408747752e-05,7.668321316739602e-06,0
0.618570011494453,0.38137297470572484,1.819421105801221e-05,2.515696377680917e-07,1.939638664389343e-05,1.137074159116341e-05,7.800890891308868e-06,0
0.6211978483149988,0.37874069679745564,1.930386860043683e-05,3.030141834367541e-07,2.132972294202158e-05,1.2283279884023988e-05,8.235001935602205e-06,0
0.6907168288753254,0.30920690830459785,2.2295600629181457e-05,4.570158883692905e-07,3.202379882251185e-05,1.3058317639955035e-05,8.428087096656764e-06,0
0.6994176490398833,0.30050470648834676,2.202125452549421e-05,4.51392333732544e-07,3.3949809168053725e-05,1.2897635780568693e-05,8.324379962008944e-06,0
0.5946071960884756,0.4053250962053691,1.5806611018973107e-05,2.4116921029551474e-07,3.629392022506215e-05,8.81176163514099e-06,6.554244065627207e-06,0
0.3836759881273099,0.6162787159048831,1.4531998106413068e-05,1.9511750393167948e-07,1.4422585408842203e-05,8.86631763229634e-06,7.279949155525311e-06,1
0.3372844042386411,0.6626698053044411,1.4334003766641977e-05,1.9245908345255157e-07,1.4257207469812923e-05,8.605957506510618e-06,8.400829091589719e-06,1
0.39402438899374603,0.605925926002545,1.576063624671189e-05,1.8886997304841297e-07,1.3991329181576744e-05,8.560737671261648e-06,1.1183430636333728e-05,1
0.6725579550542133,0.3274044797207261,1.1477310133807983e-05,1.7558199919661473e-07,1.2176031873077506e-05,6.3934957115235715e-06,7.342805342915999e-06,0
0.6169787865828559,0.38298304921063187,1.1416173149407358e-05,1.7464671437632444e-07,1.284998404718737e-05,9.190432994365682e-06,4.532969606902981e-06,0
0.5528987395444971,0.44706302956367605,1.2988344274032115e-05,1.611258150479245e-07,1.2173618482163377e-05,8.820004874293532e-06,4.087798381314186e-06,0
0.4961552641929005,0.500843062321166,1.5167898732919363e-05,2.4208144655322e-07,0.00296983025928499,1.1565572948476262e-05,4.867673520399768e-06,1
0.35508399365123205,0.6426246735143011,1.5520681396260166e-05,2.4135824413851426e-07,0.0022596342569935358,1.1805576721447421e-05,4.130961111393193e-06,1
0.29609126886375847,0.7021679867408245,1.4989994238438354e-05,2.218687856561455e-07,0.0017089436721196582,1.1401917384798587e-05,5.186942888500092e-06,1
0.26014683352991846,0.7355894686308606,1.4106512272736702e-05,2.0044453337611187e-07,0.004236098523024965,9.86165589207583e-06,3.4307034977138454e-06,1
0.30775865686925297,0.6787650316151107,1.914762147318001e-05,1.9703021565629208e-07,0.013441861968072451,1.0184625730418017e-05,4.920270144606404e-06,1
0.4174070467037613,0.5813848554200399,2.0991207920660106e-05,2.728655831037237e-07,0.0011656354886797958,1.4547159271449109e-05,6.651154743946237e-06,1
0.1137401686874113,0.87114230131237,2.889004964804343e-05,1.83126814382519e-07,0.01502792332666109,5.6459483497172416e-05,4.074013598105105e-06,1
0.28218678066166064,0.635877041197585,4.9310227705058185e-05,3.874162597521653e-07,0.08175994669165607,0.00011722617203909891,9.307633094309108e-06,1
0.0030222397399707335,0.02430798681850304,9.374749246113497e-07,1.6838291561713716e-08,0.9726649935887993,3.106883953119742e-06,7.186555577620279e-07,4
0.8521626457910875,0.11981111606296414,1.2473380776142268e-05,2.4105382249874713e-07,1.1680894391051716e-05,8.170466079254626e-06,0.027993672350879427,0
0.8629816180963161,0.10190774494466938,1.2726320489192175e-05,2.4594199883094386e-07,1.1850397693853608e-05,8.336149736529283e-06,0.035077478149096154,0
0.9731324847230899,0.024618363874517123,5.211374022340142e-06,8.020444902011746e-08,3.4172469729597847e-06,2.759287800318082e-06,0.0022376832891482863,0
0.896944161294447,0.1026210163969162,8.75327800197147e-06,1.6631115502173634e-07,9.41203575590621e-06,5.721631988185353e-06,0.00041076905173557997,0
0.8868514670917576,0.11266965771776741,8.757442163113574e-06,1.663902735472857e-07,9.52610470488329e-06,5.72435391676905e-06,0.00045470089941702273,1
0.628350170859019,0.3711495432296003,8.904590227596512e-06,1.6637370014912444e-07,7.568270826804202e-06,5.609313560259575e-06,0.00047803736306583413,1
0.2652262357712891,0.7344466979445008,1.0002332176252855e-05,2.2680710473515033e-07,1.333212112484365e-05,7.1089532773188595e-06,0.00029639607052703656,1
0.26451367277526155,0.7353352255369507,7.363348647638237e-06,1.69341843774661e-07,7.486547412451155e-06,5.841504957989795e-06,0.00013024094492558572,1
0.18544831594654163,0.8142524968060793,7.185509215110274e-06,1.3452370761363325e-07,5.8422118303033535e-06,4.628042830625888e-06,0.00028139695979541367,1
0.22209466766795136,0.7776231713404916,7.421702174162455e-06,1.4129432584989238e-07,6.687746450659607e-06,4.860973603521478e-06,0.0002630492750027414,1
0.7484499660559881,0.2502598641462072,5.803629994737024e-06,1.334715291812132e-07,5.720718410582276e-06,4.604146158347197e-06,0.0012739078317117421,0
0.6057479268468338,0.39251823338183484,1.1262234435416302e-05,2.1042401357898836e-07,1.4505506104057035e-05,7.094476300730851e-06,0.0017007671304776022,0
0.9013814459522564,0.09753080140408057,1.019162584264081e-05,1.9042072219344155e-07,1.7955512335547925e-05,6.551077678300987e-06,0.0010528640070844668,0
0.9256559355463277,0.07416371090899034,5.73891444086069e-06,1.3605183055838376e-07,8.070359236703792e-06,3.688918222831846e-06,0.00016271930095115595,0
0.8618621597935444,0.13790177409979826,9.00518562627403e-06,1.6507254869071179e-07,1.2075068866954838e-05,5.788445480250725e-06,0.00020903233413511836,0
0.7816651888364856,0.21796376198608458,9.969049423500371e-06,1.8274097444027533e-07,1.1172664280705264e-05,6.279853725423149e-06,0.0003434448690256077,0
0.9018845056487768,0.09808677219584723,5.905055711550163e-06,1.337946408696825e-07,5.5905296894112155e-06,3.692728924095815e-06,1.3400046410017651e-05,0
0.6768833601241476,0.32306253206890656,8.637296643723675e-06,2.1393048255654142e-07,1.2784632500913598e-05,6.921518745885566e-06,2.555042857281242e-05,0
0.6282812528856551,0.3716565005850812,1.0372714801523566e-05,2.12115873002032e-07,1.3394483134811342e-05,7.3820661836491125e-06,3.0885149270819595e-05,0
0.5349010905797026,0.46501117075559845,1.0062157098540099e-05,2.0202257934252214e-07,1.299345408941748e-05,7.161048102931299e-06,5.731998282874847e-05,0
0.5177308121979801,0.4821848197483294,9.460337023029043e-06,1.934582879149925e-07,1.2216312424398433e-05,6.870140274530131e-06,5.562780568068861e-05,0
0.48904078092330644,0.510875817251166,8.81631629943887e-06,1.7700925772373166e-07,1.1787205307829542e-05,6.402449461824578e-06,5.621884520067917e-05,1
0.4644705628280765,0.535279408461209,8.003299420085193e-06,1.7842252913092672e-07,1.1093427264897864e-05,6.336186557200012e-06,0.0002244173749431741,0
0.4988477418488947,0.5011189645379994,9.915765248684923e-06,2.0907560947493486e-07,1.1181559022429676e-05,6.438277520127592e-06,5.548935705168531e-06,0
0.5072924494520383,0.4926732561228759,1.0174067967886672e-05,2.1452196657312266e-07,1.1606358606494408e-05,6.605992724019196e-06,5.6934838207575735e-06,0
0.4672458377857357,0.5327132230768024,1.4576313834164427e-05,2.135614523944535e-07,1.4024654333496986e-05,6.456616384598236e-06,5.667991457326358e-06,0
0.5142424491796992,0.4857124154724125,1.6344271623008297e-05,2.431232759025901e-07,1.4892020340530718e-05,7.203360635176251e-06,6.45257201354784e-06,0
0.5264071825426067,0.4735440429828785,1.784047673255691e-05,2.559605548037624e-07,1.6301050556107832e-05,7.583709037262329e-06,6.793277634020807e-06,0
0.5763355462733138,0.4236188714995063,1.667283290103224e-05,2.3920815701694555e-07,1.5234160841525464e-05,7.087361814585387e-06,6.348663465682827e-06,1
0.523818407908586,0.4761359704456578,1.6699880363984018e-05,2.0506913024717694e-07,1.5258874422199388e-05,7.098859270191372e-06,6.358962569674368e-06,0
0.5499912105653354,0.44995569175260225,1.646247537173443e-05,2.421824004744371e-07,1.8407819585977883e-05,1.066706840648251e-05,7.318136297615399e-06,0
0.554634186147628,0.4453087804301564,1.8284841483071005e-05,3.150147895199174e-07,2.06148139751981e-05,1.1341245799307895e-05,6.477506168444718e-06,0
0.5035554879583841,0.49637527276651966,1.616416137588852e-05,2.4662453130737904e-07,3.7114899757914195e-05,9.011086367932631e-06,6.7025030632176955e-06,0
0.5864081455992285,0.4134744679441115,1.6105603493555665e-05,2.4573108500052424e-07,8.550144076047709e-05,8.855459405271743e-06,6.678221915771533e-06,0
0.6607648838766076,0.33912583250879264,1.1026032597171445e-05,1.9648654553134302e-07,8.59417595190128e-05,7.244680527475587e-06,4.87465541062982e-06,0
0.383047486175292,0.6169011792933545,1.526953487648947e-05,1.9962942518117405e-07,1.4788380370673333e-05,9.256463844938452e-06,1.182052283616606e-05,1
0.4063347261189844,0.593614969799881,1.5023912945479077e-05,1.9641823601947987e-07,1.4550498171081668e-05,8.902870929005259e-06,1.1630380852925832e-05,1
0.6773901860596054,0.3225714289686785,1.3831949556936268e-05,1.715910895986174e-07,1.0509485045656418e-05,9.392872558596492e-06,4.479073465307836e-06,0
0.6834395118791002,0.31652212695340004,1.4156693369807719e-05,1.6701932157327324e-07,1.0348529597516733e-05,9.32918943912588e-06,4.359735771842739e-06,1
0.6627832630661258,0.3369704033744506,1.5597772566369703e-05,2.3224336619646935e-07,0.0002128234322912777,1.1595311740562223e-05,6.084799459359271e-06,1
0.5382498664976381,0.45857354672355427,1.5072995808629104e-05,2.475048473802715e-07,0.003144377303109532,1.1254669393083646e-05,5.6343056489811536e-06,1
0.31330545892022377,0.6812117915024158,1.4996125637173582e-05,2.1408821057217907e-07,0.005451434049080879,1.1474805508179327e-05,4.63050892360338e-06,1
0.32204368605747663,0.6659254089504141,1.8580739279058718e-05,2.0928407428519257e-07,0.01199677033237456,1.0818036009512023e-05,4.526600371667505e-06,1
0.2846808114000117,0.7120705253872505,3.6482595801073144e-05,2.3015302540320253e-07,0.003159302306284205,4.7145580330057145e-05,5.5025772971655456e-06,1
0.280572627874573,0.7151019417245794,3.663790898003024e-05,2.3113282953273523e-07,0.0042295722668321736,5.346308941633944e-05,5.526002789615147e-06,1
0.14977782860390543,0.8297714262308364,3.6800857922579434e-05,2.3833020886257706e-07,0.020333124498639322,7.33900631518053e-05,7.191415335380803e-06,1
0.30636700964731445,0.6559060005165885,3.8839336495269466e-05,2.5526741723344756e-07,0.037588951630299086,9.425630060776597e-05,4.687301277536419e-06,1
0.007278397699279463,0.07127523394378218,4.026942609905238e-06,1.2600740726502437e-85,0.9214313894251335,8.791523943240564e-06,2.160465251868388e-06,4
0.8496245607383255,0.10033043719453198,1.2529345039002064e-05,2.4213535762765794e-07,1.1888140865246395e-05,8.207124473602776e-06,0.050012135321407164,0
0.9537256058040317,0.03384965857797801,1.2763772545890515e-05,2.425100349907404e-07,1.8739574380735917e-05,8.343115490224456e-06,0.012384646645538568,0
0.9610932941837688,0.03085508586124411,1.2918015946097144e-05,2.454406397352791e-07,1.8966032166670092e-05,8.443937601939629e-06,0.008011046528633017,0
0.893683934509925,0.10588897767341982,8.277966385234597e-06,1.6367609349314238e-07,8.75443793476656e-06,5.6309775018349386e-06,0.00040426075873969535,0
0.743471216448888,0.2559438951942393,8.9553074975967e-06,1.6732130353745814e-07,9.906481043193839e-06,5.756384305668907e-06,0.0005601028627226899,1
0.2790061971307554,0.7208630456520877,7.218430109150203e-06,1.6600901605196933e-07,7.836093307527375e-06,5.726537923072331e-06,0.00010981014680104626,1
0.20993259588244773,0.7898333231396518,7.167848395378114e-06,1.4639952384435246e-07,6.78842092513354e-06,5.050101766472527e-06,0.0002149282072897868,1
0.11726819463613133,0.8825545797922917,4.245516707418493e-06,8.671244007338176e-08,3.765822784829647e-06,3.052216753146068e-06,0.00016607530289137692,1
0.2207727928150046,0.7789392032180521,7.575390403318625e-06,1.4422024152531269e-07,6.826235962220117e-06,4.961634396365057e-06,0.00026849648593997463,1
0.7019982086926044,0.2976847481247226,8.269734305864764e-06,1.5451202812824322e-07,7.313367054786531e-06,5.315704545389078e-06,0.00029598986473885856,0
0.41506145316148135,0.5842330063421314,1.253014221786695e-05,2.3411365047664535e-07,1.540867482481515e-05,8.054253193437019e-06,0.0006693133125006301,0
0.6078302969408473,0.39010606597277475,1.2336534062469955e-05,2.3049626838840303e-07,1.572953308407422e-05,7.929803759682136e-06,0.0020274107192033313,0
0.7554806302391505,0.24399067753104525,9.684347795600131e-06,1.809427200020527e-07,8.633595736502462e-06,6.2250042978638545e-06,0.0005039683392543392,0
0.8789091428859526,0.11959646188021712,1.1758003900595187e-05,2.19686988992179e-07,2.3923420882812253e-05,7.557930214852354e-06,0.0014509361918431233,0
0.8123726631072017,0.1875821061850242,1.0026498888476717e-05,1.841628547574486e-07,8.131178437730646e-06,6.328716332368615e-06,2.056015126077141e-05,0
0.8828971490009954,0.11706218340793073,1.0035723486199642e-05,1.6024368562996867e-07,7.075096675130084e-06,5.506739302781725e-06,1.788978792425243e-05,0
0.9219107767913763,0.07805725095168775,6.554795435015961e-06,1.352942677342727e-07,5.872426879040787e-06,4.64935799900285e-06,1.476038235508747e-05,0
0.9177473923429368,0.08222332479361026,6.171055646719146e-06,1.3701110015466554e-07,5.724927532333747e-06,3.820398911718257e-06,1.3429470261968973e-05,0
0.9134053169769669,0.08656524737161594,6.141858953893637e-06,1.3636286892261898e-07,5.69784157489327e-06,3.802323720068405e-06,1.3657264299143553e-05,0
0.9136306482807887,0.08634015435246077,6.002755539624698e-06,1.3600828864013352e-07,5.683025648159363e-06,3.75382555021305e-06,1.3621751723972402e-05,0
0.6750611066788798,0.3248842057216454,8.686000328505687e-06,2.1513678624361795e-07,1.2856722037381102e-05,6.07517524373084e-06,2.6854565079213264e-05,0
0.6851957479804358,0.31474309257801764,8.74336596668543e-06,2.1655763111721325e-07,1.2941632702437551e-05,7.006517656716847e-06,3.225136758963138e-05,0
0.6915877068173724,0.30835076319300625,8.798531009895198e-06,2.0259511398508588e-07,1.3023286121721976e-05,7.050724298730406e-06,3.245485307719249e-05,0
0.6203723315917624,0.37950823805279904,1.0364421046878238e-05,2.0806888421907757e-07,1.3364559172275614e-05,7.376163674337494e-06,8.811714266096218e-05,0
0.5042109126041492,0.49570458566732467,8.97555239120688e-06,1.8354472937563853e-07,1.1590300845057224e-05,6.5180874443352574e-06,5.7234243116250386e-05,0
0.36227017273555395,0.6374392503649753,8.270367088729442e-06,1.6866512643910428e-07,1.1027276133391746e-05,5.8542078465281095e-06,0.00026525638327587963,1
0.23870137863170382,0.7611208497450688,6.193509304048458e-06,1.2656331604892648e-07,7.86907879757031e-06,4.392893620269219e-06,0.00015918957818920464,0
0.345387735198066,0.6543397845507116,8.396316517823635e-06,2.0010604649008706e-07,1.0295738951439083e-05,6.162068660204899e-06,0.00024742602104645914,0
0.3262525210646153,0.6736311777170062,8.875896216488604e-06,2.0402775221934003e-07,1.006466425596341e-05,6.189988382238082e-06,9.096664177150536e-05,1
0.47629257701023153,0.5235739303313535,1.1471889552451257e-05,2.418867570837243e-07,1.2811133970171633e-05,7.3385909508813004e-06,0.00010162915718429425,0
0.4850979359981945,0.5148684603925741,9.969124819388185e-06,2.102007051671292e-07,1.1372563856653397e-05,6.472923734103669e-06,5.578796116307961e-06,0
0.42014085614806035,0.5798174441536376,1.480379066539077e-05,2.1689427597492015e-07,1.4243522009037229e-05,6.679045656069651e-06,5.7564456955377074e-06,0
0.45283446709956926,0.5471192903215304,1.6463738434161286e-05,2.4490036105872904e-07,1.5778190788773537e-05,7.256012875944083e-06,6.499736440325256e-06,1
0.5077095261158378,0.4922325584906335,2.036808304754289e-05,3.029780212049114e-07,2.0226433057888377e-05,8.976762686208124e-06,8.041136715886475e-06,0
0.4274411561044222,0.57251243715966,1.63310357251003e-05,2.1336496242873896e-07,1.6217461411989523e-05,7.197527218541921e-06,6.447346599630031e-06,0
0.5776782864304589,0.4222687902988821,1.6223055581728646e-05,2.3679169476031382e-07,1.8585228201337654e-05,1.0702790670371905e-05,7.175404510768512e-06,0
0.5729299768471521,0.42702060617203835,1.4944440325016247e-05,2.616474550886836e-07,1.771427172674223e-05,9.385840960075834e-06,7.110780342565807e-06,0
0.5221083262858975,0.4778390275005672,1.6488485118960257e-05,2.9613076693634205e-07,1.8980102163741877e-05,1.0744702553164991e-05,6.1367929324375675e-06,0
0.374677493022693,0.6252707066770556,1.4844208059093197e-05,1.940688269862881e-07,1.4345069898924208e-05,9.059943453787907e-06,1.3357010012607015e-05,1
0.566619186416787,0.433322779646925,1.6032909918315105e-05,2.2912597988066207e-07,1.8932248479079798e-05,1.0454628817972446e-05,1.2385023092781672e-05,1
0.4426845151180141,0.5572624725131341,1.7418349831052268e-05,2.020967648353408e-07,1.4448242385044608e-05,8.977060111944355e-06,1.1966619759002897e-05,1
0.4792228289535002,0.5207248729228412,1.902734922048247e-05,2.2076521359081272e-07,1.5782881624775157e-05,9.80630538368914e-06,7.460822216066411e-06,1
0.5263401390344924,0.47360515714631884,1.9902600678213665e-05,2.3092033676496962e-07,1.6508888699602632e-05,1.0257392026530164e-05,7.804017447562763e-06,0
0.624641471291349,0.37531955387950056,1.177986167061048e-05,1.675344121255174e-07,1.3278412742736933e-05,7.518358788385719e-06,6.230661536504911e-06,0
0.5336032298356279,0.46634950254874386,1.723033677401898e-05,2.0328187404363893e-07,1.309561975256701e-05,1.1432073443839359e-05,5.30630378381984e-06,1
0.6405141911487883,0.3590857829784491,1.641080707081397e-05,2.870332450393787e-07,0.00036626784012691805,9.70167309033455e-06,7.358519229413714e-06,1
0.3264912862757774,0.6682156265453385,1.3650209226487492e-05,2.249346257080629e-07,0.005263481020460418,1.1208122226895563e-05,4.522892344579006e-06,1
0.1986671415468751,0.7836346845427927,3.629052218695975e-05,2.107623411033736e-07,0.017584508440628765,7.312835330915173e-05,4.035831865962945e-06,1
0.367758639716695,0.5846735517029773,5.0887181236795885e-05,2.817178487565782e-07,0.0474045869183892,0.00010706190583535663,4.990857017724188e-06,1
0.010888150407559536,0.03585778050599683,1.5625309232142126e-06,1.829697235520848e-08,0.9532446371147565,6.654226254790893e-06,1.1969175369827583e-06,4
0.9578604664543136,0.010270747954545086,1.1630378943022693e-05,2.2864776595903367e-07,9.64854459002861e-06,7.749965532595298e-06,0.03183952805430962,0
0.8469297050913882,0.11382073682483994,1.2503066417287825e-05,2.416275111722421e-07,1.1457824298480033e-05,8.189911130149297e-06,0.039217165654414764,0
0.8178989146487367,0.14130452287029352,1.1971851440796722e-05,2.3136153733965573e-07,1.1359177666746592e-05,7.84194821423205e-06,0.04076515814211062,0
0.8216010737088115,0.14781779333736547,1.3384132752948246e-05,2.5865452348731023e-07,1.2699183798587427e-05,8.767037952322126e-06,0.0305460239447957,0
0.8313794703013085,0.14183066502548988,1.7135716892594453e-05,2.592419261025086e-07,1.6739528810706e-05,8.918745690107413e-06,0.026746811439882168,0
0.9676818185152122,0.028637881353502297,5.7440270274896e-06,8.689993185139587e-08,3.923341280249935e-06,2.989633676629149e-06,0.0036675562293695557,0
0.9651410703455139,0.03136789751459554,5.169643038467164e-06,7.956219794501681e-08,3.389882773478564e-06,2.737192323347447e-06,0.003479655859557283,0
0.966087069733624,0.030448845758119722,4.153740728360803e-06,8.212984012765955e-08,3.431227678893517e-06,2.8255273700525286e-06,0.0034535918826386265,0
0.9568867693233984,0.027209423409953616,1.3346817308595967e-05,2.6389995029869093e-07,2.160867119309615e-05,9.078996517775196e-06,0.01585950888167806,0
0.9567670651509025,0.03071619594382162,1.2357355813692087e-05,2.4433582251525074e-07,1.7844236940270983e-05,8.405928380330975e-06,0.01247788704831925,0
0.7223706427882145,0.27708960251368264,9.695181801518206e-06,1.8114514297783899e-07,1.0724939903273365e-05,6.231968291188603e-06,0.0005129214629640692,0
0.7160298625939622,0.2836749975216384,6.269299704748439e-06,1.3189484898562944e-07,6.480606893249946e-06,4.446854065758863e-06,0.00027781122888673675,0
0.35490932283792004,0.644833885615605,9.288573877508431e-06,2.2978093716220855e-07,1.6832840394259334e-05,6.914192919963622e-06,0.00022352615834593387,1
0.3306642694371933,0.6690451201038031,1.1430429375790484e-05,2.5918981162789905e-07,1.8987217933882298e-05,7.799116770157662e-06,0.0002521345051121108,1
0.29600997580355903,0.703693535567681,9.68418382938672e-06,2.3956754452433606e-07,1.8381546069615377e-05,7.375490391536702e-06,0.00026080784092484625,1
0.27385192282733495,0.725913968967588,6.894227557789085e-06,1.4081096251781038e-07,6.529284107920773e-06,4.747462133596799e-06,0.00021579642031547747,1
0.17736124781878307,0.8224496360226748,6.1080404162545155e-06,1.247535047111652e-07,5.784713499241951e-06,4.206082602232299e-06,0.0001728925685194873,1
0.1571922495985761,0.8422856985066108,7.99577010970709e-06,1.5222342810182584e-07,1.1002428162637749e-05,5.236969435181949e-06,0.0004976645036776048,1
0.16722201048299962,0.8325248651895474,6.542477728686571e-06,1.2455565561238988e-07,6.294614789494032e-06,4.285110180180674e-06,0.00023587756909857873,1
0.17681394136568346,0.8229188370183887,6.917757238804886e-06,1.3170022489624547e-07,6.233638232130101e-06,4.530906056897253e-06,0.0002494076141747863,1
0.4291197562123851,0.5702546743799407,1.2565742222554372e-05,2.347788023088786e-07,1.5452453170379993e-05,8.077136529192873e-06,0.0005892392969497077,0
0.6443648292320864,0.3530664375526608,1.7886686581663323e-05,4.5841254191571424e-07,2.521634219824002e-05,1.386895883355231e-05,0.002511302815097417,0
0.7576585996059059,0.24198723268671263,5.72271385634184e-06,1.3161062475814733e-07,5.541330606137926e-06,4.437271404485233e-06,0.0003383347808897721,0
0.6566111609087858,0.3428485571460253,6.7793516474434e-06,1.3846468262346453e-07,5.829913695042162e-06,4.776386698185226e-06,0.0005227578284655482,0
0.7819446643759866,0.21750517008159326,6.794151320402566e-06,1.5471180918011818e-07,8.28814674494441e-06,4.678548227944154e-06,0.000530249984317627,0
0.5088636949168218,0.4892412265677644,1.307993602269914e-05,2.4438601869248023e-07,1.684666510060307e-05,8.407655288266186e-06,0.00185649987298358,0
0.8454288963153448,0.1540139208583505,7.535312898088194e-06,1.3998565443504336e-07,1.4012961169677479e-05,4.744782842635595e-06,0.0005307497837399216,0
0.8306184285751443,0.16886485895656556,8.214707417368878e-06,1.5348390366515662e-07,1.721990507179314e-05,5.280333798219033e-06,0.00048584403809907644,0
0.8225629571102194,0.1768668308140336,8.7308630830492e-06,1.6312777561852655e-07,1.851488663188188e-05,5.6121136253217495e-06,0.0005371910846313553,0
0.8185551145282961,0.18137463510669638,9.249488583583753e-06,1.6955082526261627e-07,1.036622714187645e-05,5.826577126094951e-06,4.4638521330528845e-05,0
0.8455908307470589,0.15436782237138233,9.318934282066428e-06,1.6754696069646035e-07,7.397551671951701e-06,5.757714757381192e-06,1.870513388673684e-05,0
0.9259543288087149,0.07401408762497397,6.613814867752772e-06,1.468413352797841e-07,6.135678074834147e-06,4.094503853080985e-06,1.4592728180279904e-05,0
0.9316551390897075,0.06831389901000559,6.234233550140447e-06,1.6030719207397212e-07,5.79514277531009e-06,3.867255441576112e-06,1.4904961327686356e-05,0
0.6609612975491779,0.3388864717715092,1.0757590466690757e-05,2.1998635235833184e-07,1.3871537415637923e-05,7.655974961351443e-06,0.00011972559011701838,0
0.34973601763793155,0.6501844584207004,8.54062392236752e-06,1.7417672012382923e-07,1.0100989946685957e-05,6.045510077624714e-06,5.466264070108309e-05,1
0.2387298996116459,0.761211791458994,6.194249328909832e-06,1.2657843833191924e-07,7.870019026067667e-06,4.393418500483776e-06,3.9724664066029136e-05,1
0.333283188417819,0.6666413175982258,7.849974846495378e-06,1.6598282619871627e-07,9.625803365477314e-06,5.761107728883498e-06,5.209111518807075e-05,1
0.4916410639436702,0.508325759465613,9.842441972769325e-06,2.0752957563727564e-07,1.1228046781301538e-05,6.390668930453476e-06,5.507903456668907e-06,0
0.45512486447410666,0.5448425972853175,9.653063736942106e-06,2.035365030822235e-07,1.1012008150125329e-05,6.267706193039992e-06,5.401925992680149e-06,0
0.40984519686468907,0.5901138179704002,1.469220414720029e-05,2.1525939220639538e-07,1.386851266623267e-05,6.496133364548349e-06,5.713055340537665e-06,0
0.5344429369187389,0.4655041523398643,1.8926540632237533e-05,2.4096421495713987e-07,1.7929771740110423e-05,8.341436124837858e-06,7.472028684651405e-06,1
0.5131277242699281,0.48681882615146643,1.8873343596007376e-05,2.807435674182661e-07,1.852647371223738e-05,8.317990758441173e-06,7.451026971323341e-06,0
0.3935357477878794,0.6064263187372319,1.1580765087110532e-05,1.690328297146707e-07,1.3421396923465926e-05,7.640145464932703e-06,5.122134583437645e-06,0
0.5885798145190145,0.411371472994097,1.5319329370164362e-05,2.7728321139874574e-07,1.743140191662199e-05,9.982823540720763e-06,5.701648849499412e-06,0
0.5133189581377305,0.48660298720083844,1.6913434020617527e-05,2.580565512266663e-07,4.45703456845569e-05,9.299634654066238e-06,7.013190520469423e-06,0
0.6600500383986609,0.3398842560334087,1.141826893908089e-05,2.03476291224042e-07,4.170304285472808e-05,7.332715097342735e-06,5.048064747985218e-06,0
0.6752886007867456,0.324651836404209,1.0820147636800105e-05,1.9281762615497552e-07,3.665680764688911e-05,7.109403332332434e-06,4.783632803250724e-06,0
0.33391084742397387,0.6660415968361104,1.4901862199620124e-05,2.000835766033148e-07,1.48220235270888e-05,9.153931315970703e-06,8.47783929627863e-06,1
0.5806391256260576,0.41930978844871536,1.4062216912368967e-05,2.0096284740303455e-07,1.6851173177247677e-05,9.10886040019806e-06,1.0862711889651605e-05,1
0.6840510889275855,0.3159112963498978,1.2353833903162635e-05,1.7256438184120797e-07,1.2966240576271789e-05,7.744086246628407e-06,4.377997408752657e-06,0
0.7162816842427495,0.2836811392108459,1.3209093160661933e-05,1.6386429683811412e-07,1.055630037114399e-05,8.969908989474906e-06,4.277379586526255e-06,0
0.5267598599189116,0.4727308484127891,1.9526343026559342e-05,3.3804679362502185e-07,0.00046997531938560593,1.1515221688103417e-05,7.936737405359102e-06,1
0.445574904889852,0.5508089896532931,1.4529182387777477e-05,2.490545192808355e-07,0.0035841223100435905,1.1422957596983883e-05,5.781952307136002e-06,1
0.4484566256743518,0.5486814883360696,1.7236668375347854e-05,2.7249600453032775e-07,0.0028263994802349107,1.2498108101333223e-05,5.479236862439214e-06,1
0.49241751033318076,0.5013999343051992,1.4955613855668425e-05,2.374362880298927e-07,0.006151041159650215,1.0808923831363638e-05,5.512227994643281e-06,1
0.41877201575339146,0.5785187418498691,1.5929421009618992e-05,2.4461873147890224e-07,0.00267686459095495,1.1285073847920925e-05,4.918692195404826e-06,1
0.45640478911647286,0.5305997699725361,2.3103989277843352e-05,2.626270985429791e-07,0.012954677638047604,1.21158595811717e-05,5.280796985968257e-06,1
0.44738692047502027,0.5392865743409381,2.348224016739174e-05,2.669267427493872e-07,0.013284244933837957,1.2314216436739344e-05,6.196866856833934e-06,1
0.14226085504815966,0.8314032551399654,1.9824204282319642e-05,1.4813209125017508e-07,0.026275014890479394,3.7119557738196734e-05,3.783027283720269e-06,1
0.23927875742991667,0.7432804471908463,3.532321364328794e-05,1.896967582097416e-07,0.017329576064208145,7.234577483020573e-05,3.3606297972574244e-06,1
0.01417043769180162,0.03854459940534211,2.309797790811843e-06,4.913332624406697e-86,0.9472690873502593,1.225354616879251e-05,1.3122086372558493e-06,4
0.9173882024744174,0.014487423741693343,1.1077678273408062e-05,2.190333978644086e-07,8.92699379724759e-06,7.4240886492655995e-06,0.0680967259897715,0
0.8993166211541053,0.01451814797144314,1.0952561555441072e-05,2.1655952751093047e-07,1.0250794723315478e-05,7.340237359964134e-06,0.08613647072128522,0
0.9683442189552537,0.028590484971160752,4.515949773659579e-06,8.929161861327042e-08,3.9529197618433245e-06,3.0719152979712187e-06,0.003053665997133272,0
0.9699818708841575,0.026910200330208734,4.152523290761411e-06,8.210576834226361e-08,3.4302220057276795e-06,2.824699224175506e-06,0.003097439235344332,0
0.9580998242997645,0.024308409332614835,1.3111558923974495e-05,2.592483037994936e-07,3.936722208356098e-05,8.918965103141225e-06,0.01753010937320628,0
0.9572455687165007,0.02721962600123101,1.335182190276917e-05,2.639989036388796e-07,2.1616773696295468e-05,9.082400826983962e-06,0.015490490286938592,0
0.9526204433574654,0.036386886623695394,1.3491420072084932e-05,2.667591084946463e-07,2.0643761760363232e-05,9.17736064128286e-06,0.010949090717256763,0
0.8940846183893807,0.10517794405266882,8.18314542175746e-06,1.618012459568107e-07,8.654159170509191e-06,5.566476791492064e-06,0.0007148719753208774,0
0.8930657792002223,0.10632308373420493,8.272240570237847e-06,1.6356287981394644e-07,8.74838254752744e-06,5.627082591669093e-06,0.0005883257969835557,0
0.7859933194251553,0.2136122544844018,9.389067066054436e-06,1.75425683698125e-07,1.0961923144411507e-05,5.91450250552643e-06,0.000367985172043282,0
0.7875811067671386,0.21202262937215258,9.851142484810059e-06,1.8405911827528007e-07,1.2358259067964954e-05,6.2055800111769206e-06,0.000367664820026705,0
0.5395503342027779,0.4600603033441819,1.4670365345244604e-05,4.2453228121311753e-07,2.207891551742639e-05,9.989718867781314e-06,0.00034219892102849614,1
0.5496045078393004,0.4501315306397097,1.350107808026114e-05,3.055295983594093e-07,2.3716764569900536e-05,9.19349799815941e-06,0.0002172446507433544,1
0.30959807079380114,0.6901271005885073,9.941004500046257e-06,2.459207797103822e-07,1.8015181266209463e-05,7.399846718986701e-06,0.00023922666442644807,1
0.12005928692577406,0.8797922213932128,4.3465639605496004e-06,8.877627693601864e-08,4.11648016457102e-06,3.0623681088750808e-06,0.0001368774925023183,1
0.11824879014826074,0.8813180529145911,6.63425097250018e-06,1.2630283413173882e-07,9.128935516696194e-06,4.345218670823232e-06,0.0004129222291538493,1
0.17681386674341798,0.822918489715074,6.917754319245979e-06,1.317001693136988e-07,6.655673959283575e-06,4.5309041446811e-06,0.0002494075089152064,1
0.17419343241101315,0.8255428906047292,6.815231133394271e-06,1.2974833345597183e-07,6.55703488266913e-06,4.463754791543613e-06,0.0002457112151167714,1
0.20409520721085772,0.7956054348141968,7.737473927130659e-06,1.473059867749839e-07,7.444338343176699e-06,5.0677938342308e-06,0.0002789610628543338,1
0.7032034610054437,0.29650819108688775,7.827907700472218e-06,1.5477730797790251e-07,7.32592328705077e-06,5.324831014827843e-06,0.00026771446835824445,1
0.4353880282125387,0.5638649460502524,1.2093305049496022e-05,2.2595176832295584e-07,1.4034455042878674e-05,7.773458522699235e-06,0.0007128985668255538,0
0.42925675315907835,0.570188435263428,1.1639355728849265e-05,2.1747016206979896e-07,1.3507640304782928e-05,7.481664327397587e-06,0.0005219654469707156,0
0.5280670677076056,0.4700706102273018,1.1902075574261581e-05,2.223788295847163e-07,1.6243879923156416e-05,7.650538081350211e-06,0.0018263031926843368,0
0.8856138549084505,0.11303590674110668,1.0626812625567702e-05,2.2076042879160014e-07,2.2881450931352432e-05,7.228749191048008e-06,0.001309280577266072,0
0.8335087781709376,0.16621723248399556,9.386319795000737e-06,1.720590552699065e-07,2.2852841951581687e-05,5.912771903176254e-06,0.00023566535236192458,0
0.6747042493446894,0.325210392389417,8.622570125209895e-06,1.9854343587545103e-07,1.2537424313058128e-05,6.909717614332579e-06,5.7090010405286574e-05,0
0.47099152369914543,0.5279895399984925,9.369172371559085e-06,2.1740565069694886e-07,1.2098589782836367e-05,6.803936085170635e-06,0.000990447198471652,0
0.40105953624669227,0.5981538299146695,9.412407683287837e-06,1.7607647891203493e-07,1.1118703159011693e-05,6.111448917734852e-06,0.0007598152023992945,1
0.49003285838442845,0.5099338600699227,9.873578771543663e-06,2.0818610037516278e-07,1.1263566973772622e-05,6.410885963286535e-06,5.5253278399747225e-06,1
0.5003180110659147,0.49962156889436543,2.1396017254891367e-05,2.7240448221439196e-07,2.0874861078176288e-05,9.42980097237693e-06,8.446955932006699e-06,1
0.5485051261640392,0.45144549051693006,1.7858564839897684e-05,2.2504094837724378e-07,1.690815002802262e-05,7.591398010217681e-06,6.800165204172765e-06,0
0.5203126758440074,0.4796284528591,2.0803528932290586e-05,2.64861186992042e-07,2.0421184509531497e-05,9.168675413632787e-06,8.213046850161423e-06,0
0.3770295282510988,0.6229333431601848,1.1895995422969764e-05,1.736339312206064e-07,1.3786729561513576e-05,6.010669869128893e-06,5.261559931668769e-06,0
0.6014216816132142,0.39851302715939024,1.7985527691050685e-05,2.8678545577568045e-07,2.8699302466121286e-05,1.0525657200677881e-05,7.793954582024459e-06,0
0.6625141567507065,0.3374253427397658,1.564697009056538e-05,2.7219100289061384e-07,2.7238800863823496e-05,9.945225734923211e-06,7.397321835680872e-06,0
0.6171207351815481,0.3828227668388837,1.8462043434312425e-05,2.959422293514615e-07,1.8884145855934512e-05,1.0813040270032361e-05,8.042807778482726e-06,0
0.5389669101763582,0.46098102606240765,1.6265419378123053e-05,2.60730860547749e-07,1.8925242092235997e-05,9.526498806612708e-06,7.085870096671876e-06,0
0.6115037319137786,0.38844675968079206,1.4263058999101895e-05,2.481168118033553e-07,1.800964688517305e-05,1.0244524034598147e-05,6.74305869871121e-06,0
0.5564876077692462,0.4434676708182253,1.571442980952357e-05,1.8763842024595157e-07,1.4444949814210541e-05,9.07212225102946e-06,5.302272233352953e-06,0
0.6599331202279313,0.3400027482193983,1.111603038569326e-05,1.9809032770922706e-07,4.059917436016712e-05,7.303813785088767e-06,4.914443811661315e-06,0
0.6460876801985875,0.3538641145462156,1.5874748778107678e-05,2.0133646943654453e-07,1.6882502199854952e-05,9.035276963139447e-06,6.211390786621753e-06,0
0.5344909671407743,0.4654618564120913,1.7169844871603587e-05,2.025681963338679e-07,1.3201518479763576e-05,1.1314841062335553e-05,5.287674524572787e-06,1
0.5288842523570609,0.4706966144549074,2.222827563569758e-05,3.4319655536890805e-07,0.00037803693774998546,1.1599983080222134e-05,6.924795010313667e-06,1
0.41754261404067905,0.5820116177744733,1.7715446483308623e-05,2.2880352302181785e-07,0.0004120751184516967,9.889221227967138e-06,5.859595161637925e-06,1
0.4148957935845166,0.5845539947828908,1.5633357587151568e-05,2.2735312772128645e-07,0.0005187019379073891,9.826533032411726e-06,5.8224509377500536e-06,1
0.4846772798966883,0.5146534185711511,1.6983839454925423e-05,2.475995523048115e-07,0.0006355020288424377,1.0701612966223492e-05,5.866451344609887e-06,1
0.45558993959982236,0.5423249884654798,1.705606114483376e-05,2.7430601291267785e-07,0.002048792261773966,1.258112465956101e-05,6.368181106697061e-06,1
0.45942213968587703,0.5373046527048517,1.5589674173770466e-05,2.507226802777976e-07,0.003240047064452961,1.149946828383375e-05,5.820679680375044e-06,1
0.46908281508148103,0.5280655072165421,1.707803551794604e-05,2.622573276221996e-07,0.002816965246524228,1.209880082151506e-05,5.273361785355736e-06,1
0.5652544035641649,0.43194603944755794,1.726161566345412e-05,2.9432509837837234e-07,0.0027636145116449796,1.2892240376119316e-05,5.494295494386089e-06,1
0.12981240601270527,0.8596271647688154,2.120464806299938e-05,1.4724727756362194e-07,0.010505834151769812,2.9754396928713496e-05,3.488774440067793e-06,1
0.21300875315784332,0.7783003617340182,3.3850739989930954e-05,2.4532054456558687e-07,0.00859226009702972,6.072357255508928e-05,3.8053780190264706e-06,1
0.369559441730796,0.617552832684655,3.109624207774856e-05,2.3807036881293497e-07,0.012753963242882561,9.869609947904194e-05,3.7319297409409576e-06,1
0.10417263982454587,0.23347978603621244,1.5992882912470313e-05,1.4233669622472334e-07,0.6622746860933649,5.2880429440488245e-05,3.87239682761651e-06,4
0.04465242214601047,0.10988483665172229,8.853403628424808e-06,7.940394508268955e-08,0.8454220906498993,2.9036336386220448e-05,2.6814084082237068e-06,4
0.9391501505515629,0.005629688234711512,1.332121433379593e-05,2.324357414109887e-07,1.3034601330293267e-05,7.87835812400259e-06,0.055185694604195645,0
0.9734267729543832,0.023987371285698788,4.196522728929365e-06,8.297574725013486e-08,3.46656806099946e-06,2.854629261927176e-06,0.002575255064118657,0
0.9588074649146617,0.024217680973838012,1.1088424251169199e-05,2.1924587271376824e-07,7.934752079994836e-05,7.5427544137539e-06,0.016876656166162733,0
0.9593340019081398,0.025791825320360798,1.1809169576276098e-05,2.3349680992793268e-07,3.1624369991334195e-05,8.03303191928579e-06,0.014822472703202541,0
0.9530584526780559,0.0304294041939853,1.1282522705775403e-05,2.230836844811205e-07,1.6292159219270024e-05,7.6747873286227e-06,0.01647667057502059,0
0.9112817889343737,0.08829141079550794,6.353497131325657e-06,1.187089803806517e-07,7.228822551490219e-06,4.08396598136808e-06,0.0004090152754739222,0
0.8878982156811593,0.11169748755990094,6.721865445215721e-06,1.2559158787107258e-07,7.706131654284332e-06,4.320749540319188e-06,0.0003854224207118645,0
0.8386014526583969,0.16105788119344622,8.13545216484084e-06,1.520030955333599e-07,1.0324704165658634e-05,5.124806530193614e-06,0.0003169291822005255,0
0.7952061416129398,0.2044997002967091,5.931421084460318e-06,1.2478648733486628e-07,6.169770374035743e-06,4.207194616199733e-06,0.0002777249177891626,1
0.7881729217277856,0.21152957599840727,5.306647733255769e-06,1.2008951736579725e-07,6.4425502881108665e-06,3.6135377502890815e-06,0.0002820194485181162,1
0.538975185849226,0.4607565996883056,1.381976245820149e-05,3.127414305861918e-07,2.2298881074417376e-05,9.410504682605057e-06,0.0002223725728227205,1
0.5664566525913275,0.4332520801753304,1.3815681431058721e-05,3.1264907688107194e-07,2.3988948176276638e-05,9.407725725647364e-06,0.0002437422289322635,1
0.5644049566700362,0.4352888581886939,1.3880630862269831e-05,3.141188834782662e-07,2.4101723542962447e-05,9.451952746798655e-06,0.00025843671523427883,1
0.3424002564192435,0.6573154797939101,9.219302665324792e-06,2.2806730444917592e-07,1.95070026025978e-05,7.021436129540905e-06,0.00024828797814428847,1
0.26446877681698683,0.7352677862347892,9.494664148913136e-06,2.3487920265784672e-07,1.4741367993464668e-05,7.231151890020613e-06,0.0002317348849890599,1
0.18201506054535813,0.8176845380962782,6.754250550207289e-06,1.402839355875974e-07,7.089468007988881e-06,4.826212969187947e-06,0.0002815911429009995,1
0.19729964155796678,0.8023811759711479,6.4534973674735825e-06,1.3403737428508763e-07,6.7737882665516885e-06,4.718021070499663e-06,0.00030110312680640483,1
0.42131962453381194,0.578106757793349,1.183926125945121e-05,2.2120520455422967e-07,1.3739633558122115e-05,7.610161652507001e-06,0.0005402074111646237,0
0.5920567987208246,0.40723658066017066,1.4954880815988366e-05,2.7941755802913786e-07,1.682589372737315e-05,9.420603712140905e-06,0.0006651398231911371,0
0.6661766737627766,0.3332694895488254,6.9502203236474e-06,1.4195458523528742e-07,5.9768524713823875e-06,4.786019540273545e-06,0.0005359816414775342,0
0.6827006323346897,0.3168270155693309,9.317385994474059e-06,1.740863918492399e-07,8.30644930304819e-06,5.900619806480921e-06,0.0004486535544835531,0
0.7600952184921886,0.2394386825557156,8.90489744776927e-06,1.6637944026243634e-07,8.652206180951003e-06,5.723981217360384e-06,0.00044265148780953546,0
0.8921188874824894,0.1066234894420244,9.681276546159305e-06,1.914230441825151e-07,1.780050075813028e-05,6.58556073840838e-06,0.0012233643143994034,0
0.9203875471089846,0.07947592675325214,7.707075457640391e-06,1.1208434829899979e-07,7.591342479525875e-06,3.856057595887956e-06,0.00011725957788196592,0
0.8611252535459688,0.13845504816895207,7.120515063419743e-06,1.305249684226259e-07,1.4926227706553404e-05,4.485462068483491e-06,0.0003930355552724279,0
0.8424788603206976,0.15703875107873194,9.55326941125672e-06,1.7511938070927383e-07,2.8747058065243803e-05,6.017939319352527e-06,0.00043789521439402163,0
0.9081387602504464,0.0918303986446704,7.204294429414979e-06,1.3932780516460055e-07,5.821729676690668e-06,3.884997599625563e-06,1.3790755372162816e-05,0
0.6834016051009743,0.316541240391707,8.79331738664673e-06,2.1779483898646828e-07,1.3015569094047772e-05,6.150235099843078e-06,2.8977590899225137e-05,0
0.4034422345206757,0.5956288205385645,9.822531857046792e-06,1.8374860945100446e-07,1.160317526219708e-05,6.525327685795272e-06,0.0009008101573454154,0
0.40404087451396026,0.5951006006402207,8.760518765286932e-06,1.7866123587583894e-07,1.1529862528121879e-05,6.201163400024901e-06,0.0008318546398896948,1
0.3376070828683199,0.6623007944552122,9.850530942140534e-06,2.008908466847372e-07,1.151618819785657e-05,6.8696918715042e-06,6.36853746097493e-05,1
0.3745496213872312,0.6253919511819678,1.1264381454333584e-05,2.3751141327546992e-07,1.2702332389272501e-05,7.205847600789012e-06,2.701735794323617e-05,1
0.403259385971008,0.5967089255203786,9.400975220557044e-06,1.9822117351531704e-07,1.0724430975392544e-05,6.104025852953329e-06,5.260855391032178e-06,1
0.46435106850538815,0.53560934411692,1.1886309824295369e-05,2.2012663169580028e-07,1.3403652822143123e-05,7.425621363140316e-06,6.651667050657086e-06,1
0.6085554077743727,0.3913819151446425,2.1579800778234146e-05,2.869463623089102e-07,2.1979254700744203e-05,9.933195901640807e-06,8.897883241749886e-06,1
0.583507687613115,0.41642443676135743,1.8048671094313744e-05,2.877922991663826e-07,3.139413346734264e-05,1.0323711150160768e-05,7.821317516581648e-06,0
0.6131566926416024,0.386793453080525,1.4301613590273994e-05,2.2312558801893378e-07,1.8058328908633475e-05,1.0509923870014308e-05,6.76128591570545e-06,0
0.5882097115233027,0.4117412121230823,1.5880834995840687e-05,2.0141365979764655e-07,1.68889747800326e-05,9.129293964024733e-06,6.975836215243519e-06,0
0.6365046996727229,0.3634513425697998,1.447598096818799e-05,1.8359615893795607e-07,1.5394938462114313e-05,8.239153840411522e-06,5.664088047624082e-06,0
0.5493468363640787,0.45060650546678077,1.6719466587332542e-05,1.9805511613933108e-07,1.4159298026916337e-05,8.888021297351693e-06,6.6933281129913846e-06,0
0.5422267443511678,0.45772634898214226,1.6552279759409964e-05,1.960746578245748e-07,1.4732769051976526e-05,8.799145251010692e-06,6.62639796963957e-06,0
0.7015150551784984,0.2984426725973306,1.5000340631501347e-05,1.860854670351939e-07,1.1987810173614434e-05,1.0240565059105347e-05,4.857422839533439e-06,0
0.5752985934534136,0.4246589459547639,1.5643610426042842e-05,1.8456182754417795e-07,1.1435464573329565e-05,1.0379303995206746e-05,4.817651000384516e-06,1
0.5417583051836798,0.45819089235601995,1.740170218611322e-05,2.0925949404022544e-07,1.659412845854243e-05,1.1238292195374521e-05,5.359077966155187e-06,1
0.4929224439322781,0.5066409704433369,1.8698987477705972e-05,2.479368209477005e-07,0.00040057291623056616,1.0716190207774392e-05,6.349593647989852e-06,1
0.5014362940267565,0.4980098303570078,1.8025389724896822e-05,2.395923287212032e-07,0.0005185028024567375,1.0355529110545503e-05,6.752302614824203e-06,1
0.5705269558870847,0.42886711948676237,1.7954264961264078e-05,2.423845875414792e-07,0.0005715088704024777,1.0476214600151444e-05,5.7428916016169695e-06,1
0.5224064229396205,0.474502061835142,1.5058406789808336e-05,2.4000142252181587e-07,0.0030597549594422926,1.0890078429186864e-05,5.57177915370884e-06,1
0.2986684824497162,0.6631639061736478,2.144189917477481e-05,2.897508531533673e-07,0.0381264366965996,1.509065596528517e-05,4.352374043030285e-06,1
0.13215386536452853,0.8571116703541856,2.1612348603532077e-05,1.497055982887106e-07,0.010681231009742151,2.7924197162620637e-05,3.5470201791611532e-06,1
0.22047911950896207,0.7674190751808162,2.573393708797117e-05,1.778333317306708e-07,0.012025975550468096,4.626113799570248e-05,3.6568513383483766e-06,1
0.11731602463336264,0.21691885586041007,1.5949232807461415e-05,1.0768863391990909e-07,0.6656940109606468,5.130319891444091e-05,3.748425224686416e-06,1
0.16379407297414392,0.3432378706029462,2.500452498665284e-05,1.7039928247913984e-07,0.49285655731911,8.03929224848465e-05,5.9312570460157714e-06,1
0.09707231209276176,0.20732515409332053,1.4788590020815195e-05,1.4412171365245798e-07,0.6955353468883724,4.9276139674410195e-05,2.9780741363344053e-06,1
0.02157338527986999,0.060470490930884475,5.786277456358124e-06,6.326321437224288e-08,0.9179293628751476,1.859703510007067e-05,2.31433832716314e-06,4
0.9598598222597191,0.005418783015639636,1.112956447863869e-05,2.1880198973778085e-07,9.29355354267449e-06,7.416245121917735e-06,0.034693336559508174,0
0.9549834962946825,0.00621201560804269,1.1073023530691763e-05,2.176904213618401e-07,9.246339985656433e-06,7.378568757294048e-06,0.038776572474579725,0
0.8505351980310414,0.12019466629287308,1.2207665498699392e-05,2.4137607070525736e-07,1.508529112947014e-05,8.181388611048978e-06,0.02923441995477567,0
0.8553514176856167,0.12350622267615899,1.2597771587920597e-05,3.185226146208783e-07,1.4883505054077017e-05,8.569468041253216e-06,0.021105990370926364,0
0.970647713249494,0.0263651992653143,4.368843795675214e-06,8.63829656077549e-08,3.5619105814084963e-06,2.971848395803929e-06,0.002976098499453329,0
0.9687412746849922,0.028816288544139694,4.563373427772615e-06,9.022930283221542e-08,3.942405108483765e-06,3.104174613476731e-06,0.002430736588415542,0
0.9573139723596363,0.02406270935944486,1.1473396133106525e-05,2.2685772939545242e-07,3.0725185376237216e-05,7.804626461204442e-06,0.01857308821521863,0
0.874821440861102,0.12492127670284432,6.310098353809662e-06,1.1789811598232065e-07,8.008147234993774e-06,3.974952171622827e-06,0.00023887134017733377,0
0.8113125650960022,0.18833059142523417,5.462443412913366e-06,1.2361517592053956e-07,5.424549509475015e-06,3.87454577762385e-06,0.0003419583248874129,1
0.5304665001745257,0.4692235871716787,1.4361250930711731e-05,3.249953227967836e-07,2.493625132010212e-05,9.779228806593901e-06,0.00026051092741538585,1
0.2951409548738314,0.7046378642397055,7.222157210199777e-06,1.4750875274985903e-07,6.839854922425155e-06,4.97327910790662e-06,0.00020199808646948386,1
0.1587117167603148,0.8408593963422285,7.319074532837577e-06,1.37024254368411e-07,9.087153925002218e-06,4.714069581496686e-06,0.0004076295751630077,1
0.11251487695062087,0.8870288477531943,6.066667218801375e-06,1.2600301795550087e-07,9.10726535736403e-06,4.334904042052154e-06,0.00043664045654846426,1
0.20155373230579984,0.798120203146969,6.592644926107482e-06,1.3692743099936962e-07,6.919841800987795e-06,4.819749029180203e-06,0.0003075953840440563,1
0.40024892739486473,0.5992161876639542,1.1400233332705975e-05,2.1300239018832724e-07,1.3230135312997552e-05,7.3279587836557814e-06,0.0005027136113613399,0
0.7598714616031685,0.23990384209224444,7.749379273192745e-06,1.4478969504338552e-07,6.28805200432013e-06,4.88160568085427e-06,0.00020563247793351747,0
0.7865008831544641,0.21327300573201768,6.875353966355392e-06,1.4877825024588185e-07,5.419502871955663e-06,4.339716726812437e-06,0.0002093277617030232,0
0.7550882683648165,0.24464807773113809,6.41552879975761e-06,1.2633203101422346e-07,5.51704368731915e-06,4.417823431058374e-06,0.0002471771760965172,0
0.7869023427730709,0.21282755270785647,6.860993746664302e-06,1.4846750430185602e-07,5.408183418115378e-06,4.330652570130601e-06,0.00025335622183339117,0
0.75390732536111,0.24520307332057464,1.502223455960028e-05,1.8858568924256589e-07,1.8267692181488416e-05,6.487946716161181e-06,0.0008496348591687271,0
0.9305311177940369,0.0693471878702197,5.3070969517250365e-06,9.859145200538927e-08,6.372612173810574e-06,3.3417354927805812e-06,0.0001065742996727928,0
0.8707058407286151,0.1288007725574565,7.199735496300471e-06,1.319771449025697e-07,1.5070624975816202e-05,4.535365796454076e-06,0.000466449010514893,0
0.8129947714932114,0.18696141161120117,8.843794524656202e-06,1.710349976003299e-07,9.896202774021234e-06,5.789267811594723e-06,1.9116595479677603e-05,0
0.8417541357773926,0.15820184170325938,7.037269710973869e-06,1.7430065994585708e-07,1.0443226244598063e-05,4.922017627752079e-06,2.1445705104711782e-05,0
0.6891219754690034,0.3107969854862496,8.633745583392961e-06,2.1384252910519284e-07,1.2779376342280941e-05,6.9186730950227274e-06,5.249340719701558e-05,0
0.6927169445167031,0.3071988481975463,8.411802305759045e-06,1.9369029273621445e-07,1.2230962835143615e-05,6.740818307809565e-06,5.663001200911043e-05,0
0.5981183610876498,0.40182184968975093,1.8919102865666397e-05,2.8396002469580103e-07,2.21516139370954e-05,9.829818126433059e-06,8.604727645294415e-06,1
0.7636684960002058,0.2362602624905837,2.0158845865804076e-05,3.5067853019282216e-07,2.9201416408058338e-05,1.2870673606733938e-05,8.6598947994876e-06,0
0.6907404756766996,0.309211856588803,1.3719989391655708e-05,2.3866970094198034e-07,1.7323924988853948e-05,9.89883539608257e-06,6.486315019762237e-06,0
0.6022697786572192,0.39768222106304135,1.5032731221676289e-05,2.409711583017888e-07,1.7373190467073734e-05,8.804525276246176e-06,6.548861616089086e-06,0
0.5790891479475403,0.4208603646000248,1.5129689649554785e-05,2.4252537917678934e-07,1.9784202049429663e-05,8.739934754463863e-06,6.591100602293685e-06,0
0.3251098473273906,0.6748595306875061,9.482721836344226e-06,1.4007773094003027e-07,1.0913020540505803e-05,6.365260064830118e-06,3.7209049306713834e-06,1
0.5500624147338895,0.4498801081771692,1.582189693720525e-05,2.2611039778666524e-07,1.895985013905571e-05,1.0247210640348244e-05,1.2222020826989804e-05,0
0.5800708430615891,0.4198760620427179,1.591299326904115e-05,2.0182151716155556e-07,1.692317450978196e-05,9.147780544201361e-06,1.0909125852808006e-05,0
0.5052255749856913,0.49472971823197903,1.606186031034206e-05,1.894962998887396e-07,1.3547413656484394e-05,8.503931541943096e-06,6.404080521004363e-06,0
0.4506288742975037,0.5493190320455974,1.7376040357380226e-05,2.0500087105855563e-07,1.8359375366187865e-05,1.0952321825697337e-05,5.200918478717458e-06,0
0.7252255247799988,0.27473251827857265,1.4890378294225263e-05,1.847213384869842e-07,1.1894532052864404e-05,1.0165494999258693e-05,4.821814743577831e-06,0
0.6572666315954683,0.34269314680493523,1.478082496688649e-05,1.7509039478985403e-07,1.084861389482283e-05,9.84665387391471e-06,4.570416466076382e-06,1
0.6230659501006297,0.37689456560078094,1.411264675878549e-05,1.7507325518303698e-07,1.084755192350858e-05,9.77905758412769e-06,4.5699690677978356e-06,1
0.5459742118692931,0.4539775064714582,1.7241681357280706e-05,2.0733520655850364e-07,1.438789695638028e-05,1.1134948234391159e-05,5.309797494121449e-06,1
0.4346719723827777,0.5652617718029899,1.9702279844233417e-05,2.491244587572046e-07,2.6545158970592716e-05,1.3379242233997795e-05,6.380008724953876e-06,1
0.49871009523998194,0.5009736471429025,1.5507567581514593e-05,2.2079113593338218e-07,0.00028533194406334415,9.542914198096393e-06,5.6544001366815524e-06,1
0.4971690754777531,0.49738836592374536,1.4562430059059547e-05,2.320965277624318e-07,0.005411809970293026,1.056583941285445e-05,5.38826220880992e-06,1
0.4570681044075097,0.5388347736949242,1.6104612430253602e-05,2.653794465027888e-07,0.004062721069218033,1.26946964119493e-05,5.336140059440625e-06,1
0.4415631520999843,0.5516898413612554,1.644389323519816e-05,2.7097027662149845e-07,0.006711880977619891,1.2962139471248375e-05,5.448558157206384e-06,1
0.38951477468380025,0.5924905944514284,1.7985830099109823e-05,3.531873622506588e-07,0.017958807848611164,1.3212203097834023e-05,4.271795601085648e-06,1
0.32425491456953887,0.6652882330435922,3.241486439757377e-05,1.909993132795186e-07,0.010335180825130378,8.447687770211992e-05,4.588820325585712e-06,1
0.2967699831061578,0.6447083658876511,4.589702649725566e-05,4.2761941515755385e-07,0.058324660377482886,0.00013995943259443566,1.0706550201365713e-05,1
0.04098221266348261,0.08478889041206603,5.1856881421111415e-06,5.623841359642584e-08,0.8742042643103233,1.8228599218403814e-05,1.1620883540412778e-06,4
0.05184542117527279,0.11792815224936737,6.2702527127850355e-06,2.038207510603583e-85,0.8301734393835376,4.262837602837649e-05,4.088563081198778e-06,4
0.9678536204939268,0.01049116646641918,1.2940639712882574e-05,2.1960775774578925e-07,1.0553132278275034e-05,7.443556450603325e-06,0.021624056103454685,0
0.9601153785184133,0.01130297645615348,1.3094699882254348e-05,2.2222221955790436e-07,1.0739474543793546e-05,7.532173056347068e-06,0.028550056455731485,0
0.9717134505951917,0.024240738373372067,4.189136455588528e-06,8.282970215770042e-08,3.415395506448574e-06,2.8496048468632483e-06,0.004035274064925189,0
0.968930388041581,0.027669732907910704,4.440420038050452e-06,8.779820688727888e-08,3.6202665645970444e-06,3.0205371910616336e-06,0.0033887100285075462,0
0.9685064181545067,0.028809302474973656,4.5622671075625e-06,9.020742811544113e-08,3.941449332561192e-06,3.1034220537388593e-06,0.0026725820245975906,0
0.937808292758802,0.023393617830390828,1.0660003802011667e-05,2.1077492922023596e-07,7.209443054795935e-05,7.2513270512515446e-06,0.03870787287447661,0
0.8906351422610747,0.10907554884884793,6.859200977131356e-06,1.2815757013670678e-07,8.705013497312274e-06,4.409027480606778e-06,0.0002692074905522195,0
0.614747100860813,0.3840663514851699,1.2030376944577956e-05,2.722476097196311e-07,1.941161764385844e-05,8.192030717812224e-06,0.0011466413811011985,1
0.2533379610437054,0.7460635715809972,9.074579859591907e-06,2.2448714861808867e-07,1.4089147230304108e-05,7.199061972772801e-06,0.0005678800990863186,1
0.20634802024017326,0.7932927510741289,7.720271518100984e-06,1.4453527471858356e-07,9.585268644695062e-06,4.8730278625053486e-06,0.0003369055823980881,1
0.14190891282459714,0.8577850030275238,6.546007060316586e-06,1.2255125050386465e-07,8.127335428047095e-06,4.216152277839599e-06,0.0002870721018623842,1
0.2340388564416969,0.7654131979486616,8.567068825724657e-06,1.7497786332040914e-07,1.2647076703244714e-05,6.019794281793841e-06,0.0005205366919673775,1
0.13387765979527788,0.86567309819694,5.973152140189765e-06,1.2406073536368652e-07,8.966880759838843e-06,4.268083351606176e-06,0.0004299098307952346,1
0.15888441285504373,0.8408533610780502,5.8959139410231e-06,1.2245651910368032e-07,6.18853164418902e-06,4.212893216777162e-06,0.00024580627158518414,1
0.41334028914149445,0.5863260917623742,8.086854964716318e-06,1.539575010788403e-07,7.780483017649596e-06,5.296627053540962e-06,0.0003123011735942936,1
0.5360829059579252,0.46321737125695284,1.4078340910963236e-05,2.630402533357184e-07,1.6338117808536318e-05,9.049420211586675e-06,0.0006599938659375652,0
0.7567721166903314,0.24300827814954562,7.76535982105417e-06,1.4508827620323222e-07,6.301019044965278e-06,4.891672388196026e-06,0.0002005020205925602,0
0.7624309210290591,0.23735225662701634,7.66695790242363e-06,1.432497310387845e-07,6.2211731166837505e-06,4.829685569889752e-06,0.00019796127760443594,0
0.7704653815822814,0.22903654033914186,7.995513300398614e-06,1.580912897660455e-07,8.3168787507581e-06,5.438842514566538e-06,0.00047616875272111825,0
0.9386111028966285,0.06127042400671983,5.330122030805853e-06,9.901919545906403e-08,7.1733025650373705e-06,3.3384466133570156e-06,0.0001025322062471093,0
0.8347960755392662,0.1651511007880953,9.220445203374325e-06,1.7831925185919066e-07,1.0317674743001896e-05,6.035828453007057e-06,2.707140498726936e-05,0
0.7994228594032664,0.20055173386821415,6.361998914964464e-06,1.5754627409985458e-07,9.115735940938695e-06,5.3326955668703924e-06,4.438751822558111e-06,0
0.49836031822962085,0.5007542573999625,8.506564505973441e-06,1.7395420494619448e-07,1.0446259682005282e-05,6.177506284196278e-06,0.0008601200857395107,1
0.4623092453759245,0.5368398686369313,8.140127565613036e-06,1.6600903325749294e-07,1.0306799732761435e-05,5.762017351236168e-06,0.0008265110334612576,1
0.3986244481384006,0.6003458725021212,8.930428010109868e-06,1.8212634981259356e-07,1.012649961102918e-05,6.228018476410563e-06,0.0010042122870307503,1
0.36018314673527474,0.6397670887289715,9.423358602952574e-06,2.060047496758408e-07,1.1145548577487651e-05,6.343713416444609e-06,2.2645910407101385e-05,1
0.6102035658786744,0.3897405217517993,1.866244921283657e-05,2.9294577818611963e-07,1.990073431208306e-05,9.094866854380902e-06,7.961373368823555e-06,1
0.6043152366180586,0.39563303865008925,1.668210085327563e-05,2.835539555207712e-07,1.9262718059633254e-05,7.790226729088508e-06,7.706132254527266e-06,1
0.6325799108438361,0.36736588231988415,1.8442080346971332e-05,3.7018043725855474e-07,2.0614651520959913e-05,7.953218281931311e-06,6.826705692500008e-06,0
0.6149433473980523,0.3850062425792616,1.597109429698477e-05,2.714686238703581e-07,1.9331569923560238e-05,7.458200066014676e-06,7.377689775680994e-06,0
0.6960618798129713,0.30386941053163224,1.9013961783198763e-05,3.231897541662527e-07,3.171002956493946e-05,8.879161840114253e-06,8.78331245402379e-06,0
0.7368118435758405,0.26312053660612444,1.7492174259416963e-05,3.0428973960133933e-07,3.3193774557061785e-05,8.35991181458264e-06,8.269667664332099e-06,0
0.6769686542575116,0.3229733976717434,1.7399715938426894e-05,2.9046804359319245e-07,2.103769705519777e-05,1.20471737300669e-05,7.1730159777586286e-06,0
0.7072562961829784,0.29270234918049554,1.293034821030823e-05,1.8257604058977974e-07,1.43279475564605e-05,8.25228750457526e-06,5.6614772141978225e-06,0
0.6358235909189098,0.36412987677411074,1.4767666567081761e-05,2.0903102488471834e-07,1.5598092307122116e-05,9.623333103242568e-06,6.33418397704611e-06,0
0.5693549989862096,0.43059605027034187,1.4211174083082762e-05,2.2780178991632055e-07,1.9997462046044378e-05,8.323347206475525e-06,6.1909583228670855e-06,0
0.6690837060055433,0.3308599487039346,1.1044848896801773e-05,1.9682185650394023e-07,3.312773766727181e-05,7.092907925495647e-06,4.882974175878578e-06,0
0.4710815347954953,0.5288746705271296,1.2661303169894818e-05,2.0964178261356197e-07,1.801696630476994e-05,7.729728954919559e-06,5.177037162817603e-06,0
0.43858314759570305,0.5613691313320918,1.51936002430268e-05,2.040006703446292e-07,1.4371455225449843e-05,9.308203671104773e-06,8.643812395176003e-06,1
0.5714597894647101,0.42848731868514023,1.455932659335787e-05,2.0806703144355189e-07,1.7446874507602078e-05,9.430865295722894e-06,1.1246716721591675e-05,0
0.6295517644292511,0.370405527447522,1.4038096471640198e-05,1.7804255177300284e-07,1.4929256385529559e-05,8.069972984324016e-06,5.492754833758529e-06,0
0.5083811607296307,0.4915740673443132,1.6085264576543175e-05,1.8977242119480443e-07,1.3567154039567467e-05,8.516322900958683e-06,6.413412117867427e-06,0
0.4703237411101448,0.5296301121151968,1.6326831761758694e-05,1.9262240786436873e-07,1.4473371932850012e-05,8.64422034036861e-06,6.509728215471416e-06,0
0.49849192961099853,0.5014605204389533,1.5868223524684647e-05,1.8721179151328058e-07,1.6766229019519944e-05,8.401410791705199e-06,6.326874920705368e-06,0
0.49470060449933917,0.50524979062986,1.6545896146777172e-05,1.9520690863802285e-07,1.7482252105821136e-05,1.0429072203270992e-05,4.952443436295497e-06,0
0.4725995098871284,0.5273467537791389,1.7519203347709195e-05,2.075286215367638e-07,1.9323939358255346e-05,1.1420614324877639e-05,5.265048080234833e-06,0
0.6303820010679062,0.3695763762992504,1.4787563605424796e-05,1.8698058339768374e-07,1.1817765328595696e-05,1.0041802120962922e-05,4.788521205125101e-06,1
0.5649060765320872,0.435022228920278,1.5212148784360333e-05,1.9234922873897937e-07,4.103391338601099e-05,1.0330125502970232e-05,4.926010732606749e-06,1
0.49665348156105116,0.5030922713925245,1.5966630862126728e-05,2.2732711281427468e-07,0.00022002268912886528,1.2208614617249287e-05,5.821784703151725e-06,1
0.4326709331282357,0.5625617303907334,1.4904121292203645e-05,2.3787152759602268e-07,0.00473650141955099,1.0910046447280967e-05,4.783022212657051e-06,1
0.453409652098347,0.5420557258711578,1.68673820463642e-05,2.6920539998645875e-07,0.004499725188728727,1.234718357170976e-05,5.413070748379842e-06,1
0.44069133114293063,0.551611537615352,1.7390048341332305e-05,2.865614694837356e-07,0.0076599846124181265,1.3707960079040516e-05,5.762059409481301e-06,1
0.34849433454902273,0.622616751591137,2.299244704614828e-05,2.471109511094729e-07,0.028816544320924405,4.416117620240925e-05,4.968804716110052e-06,1
0.3471062930073239,0.6086672525681883,2.290086888122157e-05,3.1473403325298744e-07,0.04415485843387035,4.3985283681291124e-05,4.395104021502634e-06,1
0.4261564878482387,0.5581620809138895,2.520578849293299e-05,2.4716631170845393e-07,0.015590251993168009,6.066060977612672e-05,5.065680123115795e-06,1
0.2853964205671497,0.7036570000218574,2.918007293976901e-05,2.2322536427773545e-07,0.010866509427626124,4.607642088578021e-05,4.590264176957741e-06,1
0.3654500282754544,0.6181450972006165,3.4025274551128496e-05,2.722132259347623e-07,0.016282525848406067,8.318628920272423e-05,4.86489854302225e-06,1
0.39039854982198874,0.5871392816453271,3.297652990500901e-05,3.161896946533805e-07,0.0222990322378915,0.000122490401870972,7.353173322081671e-06,1
0.054931648924549346,0.10136363953969417,6.402814023180818e-06,5.329679621628325e-08,0.8436730685090805,2.374131736099463e-05,1.4455984955089966e-06,4
0.03469068289447275,0.08851029731647382,6.320832827884044e-06,6.250035582304396e-08,0.8767648348572217,2.4680723834874703e-05,3.120874813022199e-06,4
0.03950553011779836,0.15304660684032373,1.3693351242874991e-05,1.0840159989960429e-07,0.8074004799098591,2.753744653261188e-05,6.043932643320112e-06,4
0.892652655852908,0.08104434733046338,1.0301455633412798e-05,2.03685535420563e-07,1.2582007727256385e-05,7.007429386445175e-06,0.026272902238346326,0
0.9665859596911435,0.029779554586263312,4.366297982656381e-06,8.633262851887401e-08,3.5598349845791825e-06,2.9701166400603324e-06,0.003623503140357029,0
0.9508213993279289,0.026773664201971723,1.1741382161305846e-05,2.1937642778747455e-07,1.925161514426264e-05,7.54724592297251e-06,0.02236617685044305,0
0.9552263175864837,0.04449387098588993,4.904968578658505e-06,9.164461819001327e-08,6.042118271833448e-06,3.1528659572623523e-06,0.00026561983020051573,0
0.936028764889993,0.06364716041505239,6.2253201963707475e-06,1.1631411768656255e-07,7.668575303451352e-06,4.001575097870089e-06,0.00030606291023912877,0
0.892408224173281,0.10725801379460273,6.744905533728858e-06,1.260220697551029e-07,8.308619375147893e-06,4.248852457664096e-06,0.000314333632680046,0
0.5401763397760575,0.45951857055194206,1.4582500079773458e-05,3.300021943405472e-07,2.0711428386919947e-05,9.929887413032692e-06,0.0002595358539261997,1
0.40977492231881973,0.5900096728084121,7.202817502639296e-06,1.471137494208309e-07,6.821538955310924e-06,4.9599615130711436e-06,0.0001962734410476469,1
0.10596330321361186,0.8936069897212531,5.713414220628377e-06,1.1866604985319893e-07,8.576962857389169e-06,4.08248903486313e-06,0.0004112155329724112,1
0.17578286573057758,0.8239328557413319,5.749702595916533e-06,1.1941974947740755e-07,6.035063743371184e-06,4.1084186959179864e-06,0.0002682659233058812,1
0.26028179992362765,0.7394412253187067,7.089182257016295e-06,1.3496381346576658e-07,6.8206073189632146e-06,4.6431838698509756e-06,0.0002582868204064403,1
0.2800045293975043,0.7196695658543206,7.2558531995724685e-06,1.507020853484104e-07,7.6159654941219295e-06,5.184630412211432e-06,0.0003056975969836944,1
0.4979507048891216,0.5014829516787633,1.3812612814132168e-05,2.5807537953766804e-07,1.7115004266374632e-05,8.878612782965812e-06,0.0005262791268719607,0
0.8359801012097295,0.16377350597056936,7.747579364008685e-06,1.4475606547220589e-07,6.205347162028809e-06,4.9800684420800154e-06,0.00022731506866752185,0
0.785200738199787,0.21454581485746838,8.465273319930439e-06,1.581654864527819e-07,7.184553426123104e-06,5.332572438609135e-06,0.00023230637807354686,0
0.7855138429773273,0.21429250214143056,6.847743619080248e-06,1.2794350042612217e-07,5.55644090591628e-06,4.313633772910354e-06,0.00017680911944387064,0
0.7749849657619327,0.22472141320231348,6.961807378367931e-06,1.3007467201297385e-07,5.476660888384879e-06,4.474981874456223e-06,0.0002765775109408113,0
0.7159991004341097,0.28359604958126133,7.866600296242503e-06,1.4697985706562133e-07,6.188436396682979e-06,5.056573936340341e-06,0.00038559139414237663,0
0.4310904515330868,0.5665177152488827,1.4075394609878043e-05,2.62985204534957e-07,1.6780871385774574e-05,9.047526357988557e-06,0.0023516664404722603,0
0.6534196314710563,0.34593312835419765,9.707574263069233e-06,1.8137668419753607e-07,8.092138613074274e-06,6.239934044592391e-06,0.0006230191511410687,0
0.5982386265583166,0.40119287173306495,8.804067323183267e-06,1.644955264062006e-07,7.998573742533404e-06,5.659168596815386e-06,0.0005458754034294802,0
0.888130855741605,0.11080550419313077,9.717956909774333e-06,1.9214830668601162e-07,1.673493134980159e-05,6.61051207218569e-06,0.0010303845166258583,0
0.9076082532885639,0.09138398658126867,1.427613984193749e-05,1.8966004267294162e-07,1.9326338275283166e-05,6.524907886643408e-06,0.0009674430841209715,0
0.7943821607842154,0.20455950320667324,1.611602122768109e-05,2.0231683635426683e-07,1.798168437345929e-05,6.960341791154912e-06,0.0010170756448823419,0
0.7753900948845549,0.22360439314933087,1.2181658788343705e-05,1.9534734201932006e-07,1.6903607403535943e-05,6.720569048772742e-06,0.0009695107835313988,0
0.782004435198767,0.21682963359977744,1.073912332870665e-05,1.9950375353478078e-07,2.067055630701627e-05,6.726298141005905e-06,0.0011275957199251695,0
0.9158079802091509,0.08395752664027373,6.7302809040051186e-06,1.2266675672958326e-07,9.890564409477958e-06,4.215416337760709e-06,0.00021353422216746078,0
0.8665322742186361,0.13340351376819273,7.802172633274894e-06,1.7322550909907041e-07,2.0274394063587563e-05,5.534130561624374e-06,3.042809040351539e-05,0
0.8480314684835827,0.15190973752315118,8.667390178578859e-06,1.9243525448813356e-07,2.4909203792206094e-05,6.513633117518411e-06,1.851133092368645e-05,0
0.8573759162973443,0.14256497508682953,8.143333418462356e-06,2.016586069849624e-07,2.4539222238446047e-05,6.825829208809963e-06,1.9398572353271466e-05,0
0.8213033247617689,0.17867037619256734,7.223634923404093e-06,1.6070249558975378e-07,8.947503434664888e-06,5.4395287398121965e-06,4.527676070184606e-06,0
0.8441053047787422,0.15583521958168509,6.658235063654293e-06,1.649126455761471e-07,9.880743244930288e-06,5.335592918541669e-06,3.7436155699854795e-05,0
0.6710741190993369,0.3282079232520254,9.59108557110077e-06,1.961320182689697e-07,1.2385150501561277e-05,6.825795349979966e-06,0.0006889594851969111,0
0.4854637563960661,0.5136767297617972,7.599607107721295e-06,1.5540746342413433e-07,9.332494836513922e-06,5.518869648540768e-06,0.0008369074630805105,1
0.44587479102125793,0.5518879547409715,7.241407965104134e-06,1.4768062613518916e-07,8.855752683486057e-06,5.244472223516263e-06,0.0022157649242723104,1
0.3847901161611222,0.6138999185990949,1.0470582511863946e-05,1.958715944827136e-07,1.108209545208185e-05,6.698052811674948e-06,0.0012815186374126604,1
0.6313156643806841,0.3686371237388328,1.2998745777838315e-05,2.7105976574764336e-07,1.6794124110337796e-05,9.143769528100728e-06,8.00418130108369e-06,1
0.6664817321943234,0.3334697478739937,1.3352253525789707e-05,3.0253058608570084e-07,1.7250849174011516e-05,9.39243916353405e-06,8.221859233578137e-06,1
0.6503012260190345,0.34964939087936314,1.5973729395035406e-05,2.796682614798268e-07,1.7845699995685998e-05,7.683473016119735e-06,7.600530933871549e-06,0
0.6216762491862128,0.3782673317134118,1.927483362347127e-05,3.0255841936073234e-07,2.030674633120306e-05,8.312346344405305e-06,8.222615657159234e-06,0
0.7025947311150831,0.2973424813070126,1.79221425500273e-05,3.528162202422064e-07,2.7830954168151865e-05,8.386095884835811e-06,8.295569080985268e-06,0
0.666144376024507,0.33380771497380807,1.3124010932107367e-05,2.0163767195912796e-07,1.5868015725993544e-05,9.086771318215502e-06,9.628566036743471e-06,0
0.44550496724488026,0.554435093221736,1.8315696489430935e-05,2.39454049619261e-07,1.6279870240278583e-05,1.0925881076574565e-05,1.4178631527732522e-05,0
0.5652410190353634,0.43470368463563713,1.4287759618916007e-05,2.2260043680366207e-07,1.8665532253265857e-05,1.0088140956316408e-05,1.2032295734043565e-05,0
0.5992429872663876,0.4007063419206007,1.518647500603614e-05,1.926072219245612e-07,1.6150535752163844e-05,8.730132555607407e-06,1.0411062475825087e-05,0
0.4799069142051722,0.5200416573500501,1.8639614040040262e-05,2.162665081255842e-07,1.5461261498725617e-05,9.80251552568567e-06,7.308787205058168e-06,0
0.5121327785316516,0.48781413924798,1.9421120163208993e-05,2.21568423965448e-07,1.584030450429709e-05,1.011126034137588e-05,7.487966935607059e-06,0
0.4904493957207542,0.5095039465964105,1.581657333565941e-05,1.86602427496926e-07,1.7375405697546408e-05,8.544955571531838e-06,4.73414580304435e-06,0
0.6713737124415333,0.32858818443229365,1.3538313587651107e-05,1.679484132204549e-07,1.0819403195338158e-05,9.193472956482385e-06,4.383988020333408e-06,1
0.4620605801084983,0.5341898253409834,1.692915332783884e-05,2.701912768991502e-07,0.0037145699104589413,1.239240110159855e-05,5.4328943532475795e-06,0
0.44179123459226977,0.5554318597165707,1.617368440763346e-05,2.5918138597678814e-07,0.002743373884073424,1.1887429268456488e-05,5.211512024001256e-06,0
0.4045299200642706,0.5906492754438419,1.4253450451375468e-05,2.3487512089611848e-07,0.004790357903714832,1.12354908934697e-05,4.722771707064234e-06,1
0.3787091352151124,0.601687884661812,1.870909021829401e-05,2.9438927756101237e-07,0.01956397477458577,1.4082411259874481e-05,5.919457734066059e-06,1
0.3692046736601793,0.5546887263259055,2.2605709745914826e-05,2.617962733319424e-07,0.07602593861006049,5.171613795002898e-05,6.077759885514789e-06,1
0.4670111949838167,0.5194110748265782,2.486226122398198e-05,2.3000652322208732e-07,0.013497638703876175,4.955658836233749e-05,5.442629619419278e-06,1
0.3662802379879413,0.6285113130014801,2.9841352617207122e-05,2.1277272000051885e-07,0.005134787010952082,3.8556259479244076e-05,5.05161481006801e-06,1
0.36548102409340527,0.6181975254710164,3.4028160420971476e-05,2.722363138289806e-07,0.016210370073791804,7.191465388988812e-05,4.865311161705851e-06,1
0.2989770065771984,0.6721687095344097,4.207965908323125e-05,3.2767024134648205e-07,0.028639618973220697,0.00015610311839078458,1.615446745581996e-05,1
0.028123624089294048,0.09798637045698635,6.2998908498932544e-06,5.7911547930428166e-08,0.8738599660883976,2.0571028092196528e-05,3.1105348319744482e-06,4
0.825162137213401,0.10498388471164115,1.1823914023425967e-05,2.337883445147983e-07,1.4239692500216146e-05,7.924204307497268e-06,0.06981975647578195,0
0.94778357311288,0.02331019474389663,1.1433552815712775e-05,2.1362493266734182e-07,3.476636165602863e-05,7.349376222320486e-06,0.02885246922759679,0
0.9472129137500596,0.031220924499816,1.3981560055247005e-05,2.612319961719911e-07,2.6101694776915307e-05,8.987210421572918e-06,0.02151683005287443,0
0.9557513618507552,0.043916172729515,4.8287124397173394e-06,9.021984560975381e-08,6.302938646501123e-06,3.103849254985001e-06,0.0003181396995430779,0
0.9273753620632623,0.07228793758420442,6.658125485390689e-06,1.2440066805416936e-07,8.690879185503867e-06,4.194186662892913e-06,0.0003170327605314444,0
0.8576420848531827,0.14203348222302264,8.779330035300613e-06,1.6403333398504502e-07,1.1013670260754821e-05,5.530407773777837e-06,0.00029894548239077967,0
0.5930673753954137,0.40625546607894153,1.5338638756184516e-05,3.4711362386747117e-07,2.1785367146487632e-05,1.0879793809264444e-05,0.0006288076123090795,1
0.28309544580538154,0.716548256391951,7.305566014156585e-06,1.8072524667086681e-07,7.930685216258376e-06,5.79566473554195e-06,0.00033508516145498496,1
0.23301837723982036,0.7667199015789187,8.585784162868115e-06,1.6073899340781902e-07,7.453329885790021e-06,5.544746685193244e-06,0.00023997658153382476,1
0.1435923969828664,0.8561101973697111,6.6236632058441234e-06,1.240050921597045e-07,8.223751080663429e-06,4.180849763930248e-06,0.0002782533782800482,1
0.2687553476527103,0.7308388032650023,8.124863450686922e-06,1.6875119045431446e-07,8.528105239026895e-06,5.939922924347643e-06,0.00038308743948300733,1
0.6417812073512714,0.3579606835511395,6.466432686748131e-06,1.0453943748985624e-07,5.283063912864822e-06,3.679714493110578e-06,0.00024257534705894547,1
0.7403754717269262,0.2592491927447732,8.239087110727823e-06,1.5393941477672448e-07,7.485284176868983e-06,5.296004827300514e-06,0.00035416121277096336,0
0.8646120332658548,0.13369210657160036,1.1499831927312998e-05,2.2738043114643102e-07,1.9803431896706004e-05,7.822609061699813e-06,0.001656506909227883,0
0.9013008882163777,0.09732436364882734,9.862063836431327e-06,1.9499766094801875e-07,1.698309251649807e-05,6.7085389092252225e-06,0.0013409994418719354,0
0.9026361554408681,0.09636160518305201,1.4197931689990537e-05,1.8862103902070378e-07,1.9220463913085375e-05,6.4891628608109045e-06,0.0009621431965770922,0
0.851855764713685,0.14806245588807695,7.670026763792096e-06,1.702915781810501e-07,1.9680137897829174e-05,5.7641042241714755e-06,4.8494837774100934e-05,0
0.661544789442194,0.337747447990336,9.454891053124795e-06,1.9334692105658693e-07,1.2209279940286903e-05,6.728868271121001e-06,0.000679176181284568,0
0.4534980702283151,0.5443322482219746,7.576397589802739e-06,1.5451237456901337e-07,9.606812531786362e-06,5.362979145035003e-06,0.002146980848068964,1
0.3207152246086528,0.6780403956440771,1.0708644972945682e-05,2.257936143321114e-07,1.1138371592459137e-05,6.850341849557609e-06,0.0012154565952407971,1
0.33594355741369053,0.6640295753119762,7.79994667282611e-06,1.7051521962848695e-07,9.225445852878589e-06,5.145836360672369e-06,4.525530227305631e-06,1
0.3342456484240758,0.665727509579571,7.819891261491429e-06,1.7095122977821207e-07,9.249035465796182e-06,5.065016315479088e-06,4.537102080635159e-06,1
0.6926877116014997,0.307262984025776,1.38772624855765e-05,3.14426051371599e-07,1.7929150433255392e-05,8.638392030956369e-06,8.545141723338904e-06,0
0.8902396850819431,0.1097374873856251,7.92027438743035e-06,1.346248383892696e-07,7.415321543672394e-06,3.6986188836377773e-06,3.6586927784757264e-06,0
0.767306054456361,0.23264267358323223,1.610510696763051e-05,2.2999923786452188e-07,1.778027692062772e-05,1.0364881014210461e-05,6.7916962663231815e-06,0
0.6922863651267096,0.30767120232904577,1.4073949445319176e-05,1.9204249693248612e-07,1.3904889966522755e-05,8.458626422553626e-06,5.803035913151183e-06,0
0.4411354493064178,0.5588122428851542,1.8049012187452242e-05,2.2633355024099138e-07,1.6784023323234258e-05,1.0230091103336394e-05,7.018348263871815e-06,0
0.4640319663642376,0.5359157927356833,1.6589160505907586e-05,2.3423833547362414e-07,1.7370211714519595e-05,1.0783822779680394e-05,7.263466743454964e-06,0
0.3889490772215241,0.6110073891432762,1.4260381845724867e-05,1.914705803342046e-07,1.4653423593588273e-05,8.700598092304422e-06,5.727761087611111e-06,0
0.47695301426854697,0.5230048469303925,1.4116151021889945e-05,1.8953402913659188e-07,1.4009869273756418e-05,8.671283841528491e-06,5.15196289425465e-06,0
0.6123650083641496,0.3875822849200903,1.3830280420923632e-05,2.154730024110181e-07,1.7182261519899326e-05,9.831666673829687e-06,1.1647034143056989e-05,0
0.5922880163470132,0.40765947994809487,1.4219010871174375e-05,2.0663852370731406e-07,1.7327091017472163e-05,9.5814633635913e-06,1.1169501115963989e-05,0
0.6154065218920467,0.3845441546321809,1.3412756930999697e-05,1.9492159589564413e-07,1.6344601058699917e-05,8.835034081878913e-06,1.0536162104824488e-05,0
0.4742947228128472,0.5256524788482186,1.878432334015059e-05,2.1794550077859356e-07,1.5581295546935902e-05,9.945928481883099e-06,8.26884606447318e-06,0
0.5517283471799155,0.4482243564256096,1.6677896376818216e-05,2.0092023546862887e-07,1.4364130294100316e-05,9.263291945443483e-06,6.7901556230687955e-06,0
0.4848136795172916,0.5151383718714913,1.731635381238641e-05,2.0429669487902628e-07,1.4104735366220354e-05,9.4189613293037e-06,6.904264014381891e-06,0
0.4535793914223618,0.5463712536503826,1.6411401047604647e-05,1.9362014825324026e-07,1.7340145736370153e-05,8.866313192011399e-06,6.543447131319077e-06,0
0.5869712108262726,0.41297409254962847,1.5637769120618745e-05,2.1205541510075732e-07,2.013385143836028e-05,1.380178835717228e-05,4.911159767674765e-06,0
0.6186733763169688,0.3812830446718784,1.4181602052928226e-05,1.9249617662960002e-07,1.344187865764805e-05,1.0338017347208236e-05,5.42501691826781e-06,1
0.3019938929680136,0.6805050701740613,2.8812279073400627e-05,2.36864992140625e-07,0.01738074317413687,8.711655377863219e-05,4.127985944066149e-06,1
0.0029692588031984568,0.0325960934547398,2.9823257119589684e-06,1.8465103204369565e-08,0.9644261996470016,4.419927057209884e-06,1.0273771877311256e-06,4
0.8636790903235994,0.09090523988379237,1.1684441065895353e-05,2.3103061540910096e-07,1.4271160602092753e-05,7.830731688476715e-06,0.045381652428636225,0
0.8691113258012501,0.09848980397870641,1.248521513648007e-05,2.4686392102359263e-07,1.5249211268175713e-05,8.367398085651763e-06,0.03236252153163249,0
0.9487624911185492,0.04493841827807474,6.622481401944127e-06,1.2582629396886885e-07,5.497750825437346e-06,4.328824175582216e-06,0.006282515720679124,0
0.944045441284933,0.05033146311236902,7.861738549420452e-06,1.4937202021214712e-07,6.526538464382923e-06,5.138871946827558e-06,0.0056034190817169285,0
0.9550656002458544,0.04021070751762754,6.604027336537698e-06,1.2547566910217337e-07,5.6549468548222096e-06,4.316761566475353e-06,0.004706991025091198,0
0.9503733242709732,0.04165331830645628,5.6165806751174835e-06,1.0671430967246402e-07,4.809408502579343e-06,3.671311210238952e-06,0.007959153407872819,0
0.9499935919380269,0.0416366752554241,5.61433650724316e-06,1.0667167077179646e-07,4.807486849409861e-06,3.669844296621711e-06,0.008355534467224824,0
0.9391933393741205,0.060467131708128175,7.406781530909543e-06,1.3838858588625167e-07,9.668103068919405e-06,4.665791352245666e-06,0.0003176498532131013,0
0.8963670158901579,0.10320331361410967,6.571193516746646e-06,1.487062073101294e-07,1.259175058437683e-05,4.660989262437188e-06,0.00040569785616151224,0
0.7273691894846402,0.2710490051157077,1.4394224829578708e-05,3.2574152262003327e-07,4.9047996805071244e-05,9.801682233751565e-06,0.001508235754261045,0
0.6261719086036469,0.3732179503131553,1.4091269644762679e-05,2.9645510174032015e-07,2.001373705000625e-05,9.995026982687811e-06,0.0005657445944185965,1
0.6697859497610567,0.3299196666641215,1.5072752853770464e-05,3.410966219294731e-07,2.61716723049264e-05,1.0263722820067567e-05,0.00024253433022105244,1
0.5242923678714302,0.47541778856628963,1.0817633140777113e-05,2.676068375774701e-07,2.288888926759768e-05,8.052388177030685e-06,0.000247817044857221,1
0.30514584946542894,0.6944918941732553,7.080690426527368e-06,1.7516226962490026e-07,7.686567581176773e-06,5.392665517957823e-06,0.00034192127552062825,1
0.09614830819981081,0.9035034258940159,5.455482392056103e-06,1.1142535116301533e-07,7.389489706277663e-06,3.833386001232274e-06,0.00033147612272240037,1
0.18367893003076557,0.8160613409069818,5.83977106887693e-06,1.2129044701303004e-07,6.129602368024596e-06,4.172776633054785e-06,0.00024346562173574977,1
0.5150706807578055,0.4845906526846627,8.510117185247181e-06,1.261076297163142e-07,6.373046227227172e-06,4.338503018903296e-06,0.0003193187834707237,1
0.6765026167905329,0.3232352348444744,6.931499039021931e-06,1.1019519146030348e-07,5.568886282094722e-06,3.878793045226776e-06,0.0002456589914350304,0
0.45447517540868104,0.5449141309496413,1.3033960453977167e-05,2.4213559658463356e-07,1.6819868459623347e-05,8.207132572996692e-06,0.0005723905445945296,0
0.7553343820575819,0.24435555117178365,7.328371483872937e-06,1.4490022794564324e-07,7.0457548837598016e-06,4.9850280890706665e-06,0.00029056271594987085,0
0.6901797342170318,0.30846935873245007,1.6146230027525498e-05,2.026960707030081e-07,1.9634519675759167e-05,6.973388657316673e-06,0.0013079502160867175,0
0.7648315277826347,0.23410183356630954,1.702773714368429e-05,2.137623089789105e-07,2.0019805512590595e-05,7.354102403787913e-06,0.0010220232436868174,0
0.7148909024193425,0.28501745145284646,8.397557109845402e-06,1.9336228263013896e-07,1.2429778202977542e-05,6.729402885296928e-06,6.389602733027459e-05,0
0.4886639550047029,0.5102963898967362,7.649704054757807e-06,1.564319163141169e-07,9.394015056298488e-06,5.555250281982127e-06,0.001016899697251541,1
0.3182073928428887,0.6794123439929669,9.817686198738257e-06,1.8365796245804724e-07,1.0528302780369734e-05,6.280393719555801e-06,0.0023534531234832177,1
0.3309119247928281,0.6670662403836228,1.0849791251738884e-05,2.4344648370880186e-07,1.1128213005121436e-05,6.749732337319109e-06,0.001992863640471012,1
0.3799495290581886,0.6200224074789956,8.1738225675664e-06,1.726922636241781e-07,1.0017037878441726e-05,5.116600412575436e-06,4.583309693737662e-06,1
0.6400852208412996,0.3598664031957608,1.2973096979282104e-05,2.733213697588869e-07,1.7385655088553716e-05,9.461540784396006e-06,8.282348717688389e-06,1
0.683075729711496,0.3168812082545554,1.154804800960626e-05,2.432979808188895e-07,1.5475902165974846e-05,8.422223883591059e-06,7.372561908456425e-06,1
0.6762730864026569,0.32367850465745873,1.3622984127787469e-05,3.086647032619153e-07,1.760861772275696e-05,8.480107488752713e-06,8.388565841983088e-06,0
0.9122068524576165,0.08777927863023129,4.352399208104778e-06,9.861510499060113e-08,4.028535291416232e-06,2.7093045673749254e-06,2.680057980344406e-06,0
0.8988092536496531,0.10116770084051661,8.184455559299993e-06,1.0677714697827209e-07,7.651659280117475e-06,3.821986512482715e-06,3.280631331432296e-06,0
0.9257457396593218,0.0742356672494722,5.773595130026103e-06,7.532425478092041e-08,7.733742050306781e-06,2.6961601239830025e-06,2.314269647056225e-06,0
0.908206715280678,0.09177454263143195,6.584490146205938e-06,1.1191985005159747e-07,5.9292046793460854e-06,3.0748328154556973e-06,3.0416403989867523e-06,0
0.7349601770612255,0.2649863553882677,1.612234029077527e-05,2.1437857308722116e-07,1.709499724551254e-05,9.689735927132276e-06,1.0346098470415258e-05,0
0.6895404056623916,0.3104076635203735,1.702891915175054e-05,2.7296958297956365e-07,1.7236773991614228e-05,9.973673239267924e-06,7.418481269430155e-06,0
0.7246232665886814,0.27533496476130276,1.0517496509933277e-05,1.9691100971827337e-07,1.897438651433273e-05,7.194669994756896e-06,4.885185987366478e-06,0
0.6734332586249809,0.3265296739421619,1.0567659300221197e-05,1.8831822343653343e-07,1.5026242232162532e-05,7.039935029662628e-06,4.245278071516569e-06,0
0.4659386919965738,0.5340175764743373,1.4499451048075098e-05,1.946805027198213e-07,1.4899081972733949e-05,8.846459897997987e-06,5.291855667377472e-06,0
0.4399254746109209,0.560031164160456,1.4525654179345596e-05,1.9503232560964382e-07,1.4416289245762077e-05,8.922833864391924e-06,5.30141900796582e-06,0
0.6635630180212051,0.3363865811343507,1.3332968087369221e-05,2.042537117593407e-07,1.628761214903677e-05,9.535416416448323e-06,1.1040594079481371e-05,0
0.6876999821714141,0.312250546101762,1.4344133917053179e-05,1.8959832709466273e-07,1.5898233356442618e-05,8.791339544357238e-06,1.0248421678952321e-05,0
0.5503040744958614,0.4496487172464078,1.6647410673643985e-05,2.3227514972856027e-07,1.4366642970373864e-05,9.1705855317138e-06,6.791343405592238e-06,0
0.5775654431233902,0.42238258260673806,1.5397920972284534e-05,1.9857757870977766e-07,1.8854182369416327e-05,1.2924573100525758e-05,4.59901585091965e-06,0
0.5952409753905246,0.40470710271571414,1.5509284147544774e-05,2.0001376153864237e-07,1.842844181259876e-05,1.3018048154849542e-05,4.766105884979154e-06,0
0.29851174333030744,0.6958594275351766,1.4573729176914407e-05,2.2326038224648056e-07,0.005597236831255641,1.1966420089706047e-05,4.828893611266301e-06,1
0.37982226855914664,0.6017238233856502,2.6216924353947678e-05,3.586913479727505e-07,0.018357638613407154,6.535545987205401e-05,4.338366221977181e-06,1
0.4257427948892808,0.5577512376594214,2.330363018364148e-05,2.7289228867489414e-07,0.01642840789694677,4.849582669873337e-05,5.48720517998079e-06,1
0.25779376638761264,0.7380761706189954,2.133371411257696e-05,1.792096953598229e-07,0.0040751236845888465,2.886883727629665e-05,4.557547718966365e-06,0
0.2836381436215472,0.6941091359102601,4.375064680705296e-05,2.7191465442285796e-07,0.02208439828306344,0.00011589725796000257,8.402365707807116e-06,1
0.8536491348336034,0.09253206804569557,1.1204381185970114e-05,2.2153863125111946e-07,1.3684824327520643e-05,7.509002981652274e-06,0.05378617737357468,0
0.8621203581227105,0.09816599562439768,1.23847864193669e-05,2.448781941763646e-07,1.5126549487188385e-05,8.300092312693002e-06,0.039677589946478645,0
0.9563688533345562,0.03693300387910323,5.652013459072627e-06,1.073875280055146e-07,4.839749156845893e-06,3.6944720592446108e-06,0.006683849164137539,0
0.9531626570191771,0.04086961253525782,5.633065262815746e-06,1.1244808250519013e-07,4.823524050957161e-06,3.6820864585819367e-06,0.0059534793217101015,0
0.9521584823214448,0.041731558882664235,5.72225128936093e-06,1.0691475922649423e-07,4.8184423780966e-06,3.678207311587096e-06,0.006095632980152573,0
0.9386388754142477,0.03291348720082873,1.3265246701223493e-05,2.4784837040942873e-07,0.00010186739617666467,8.526771184824366e-06,0.028323730122490495,0
0.9482778588209696,0.030516032688876434,1.365569466066626e-05,2.5514351483133016e-07,4.72777680715112e-05,8.777747324562725e-06,0.021136142136582506,0
0.9509262815272227,0.027808383945956833,1.369383332590298e-05,2.558560990931547e-07,4.740980902690927e-05,8.80226248655652e-06,0.021195172765882148,0
0.9378501999153069,0.06149618299638121,6.683537857455038e-06,1.2487547377367469e-07,8.724050061587976e-06,4.210194806959682e-06,0.0006338744301121876,0
0.9531586756347548,0.04644725779691882,5.697125742825869e-06,1.0644531256601246e-07,7.436482181683941e-06,3.58881923445485e-06,0.0003772376958550191,0
0.9538145836622646,0.04581181367720677,5.701046171400853e-06,1.065185620015866e-07,7.4415995335835624e-06,3.5912888498560766e-06,0.0003567622074117936,0
0.9401745602266193,0.05946850069162106,7.369081287021364e-06,1.3768419310546295e-07,9.618892782087904e-06,4.64204264693055e-06,0.000335171380850635,0
0.9247551435308594,0.0748600093975741,7.363620028930279e-06,1.3758215475301107e-07,9.611764178943577e-06,4.638602408998942e-06,0.0003630955027947429,0
0.9042656590179771,0.09534406706265944,7.47854983734747e-06,1.573353082292989e-07,1.0879030727590028e-05,5.304582858752213e-06,0.00036645442063145284,0
0.9065921702601509,0.09299492091973623,5.921201558731652e-06,1.3399687960395812e-07,1.134623306974006e-05,4.032015395606459e-06,0.0003914753732091622,0
0.8272987903272492,0.17173962376525603,9.446272254540956e-06,2.1376928203556512e-07,3.410768123941496e-05,6.432396327605808e-06,0.0009113857883910357,0
0.3360326731660076,0.663656939405814,1.008237880253004e-05,2.1254082130391445e-07,1.0493402209718975e-05,7.331668498154244e-06,0.0002822674378469181,1
0.25013147604497565,0.7496223189086608,8.450607209225626e-06,1.5820827436710524e-07,7.672984745488207e-06,5.334015039379653e-06,0.00022458923109497833,1
0.30282930192458374,0.6969096150372887,1.0301647788205887e-05,1.9286258127469015e-07,8.99714038745173e-06,6.502390049876384e-06,0.00023508899732075476,1
0.24932892220353609,0.7504274918211223,9.737994435723385e-06,1.8231012959522537e-07,1.1011064198663116e-05,6.146612602800609e-06,0.00021650799397449826,1
0.16521773586040306,0.8344694229940262,6.361691228242703e-06,1.1910057660446588e-07,7.898494154556078e-06,4.097438135297472e-06,0.0002943644214759971,1
0.21480104666563668,0.7849491264031057,5.6171306850713475e-06,1.1666626716823264e-07,5.89591221002067e-06,4.013690158574725e-06,0.000234183531936785,1
0.2774444795163413,0.7221918074703222,8.097605961015698e-06,1.6818505985301477e-07,8.499494943988862e-06,5.786100266480075e-06,0.0003411616271052997,1
0.5115918952286969,0.4880702671762172,5.954440114984661e-06,1.2367209172083177e-07,6.2499625068504215e-06,4.3531704323796745e-06,0.00032115634993996737,1
0.43479488111538656,0.564485176169933,1.3257314154836099e-05,2.4628490191648763e-07,1.7083537755895276e-05,8.347772360887052e-06,0.0006810078055068792,0
0.7840098310784696,0.21562452580979963,7.588890660466079e-06,1.5005134346368563e-07,7.525817980112239e-06,5.162242824420303e-06,0.0003452161089223931,0
0.7822892070711975,0.21739731985435232,6.519877743113077e-06,1.2891428514968426e-07,6.465689827746244e-06,4.435060880613087e-06,0.0002959235317138066,0
0.8733267059235976,0.1250527331176993,1.1615742031509728e-05,2.296722637256432e-07,2.1357310046076682e-05,7.901455381990667e-06,0.0015794567789797931,0
0.8933445209506001,0.10523572999712925,9.775005005238483e-06,1.9327629017522354e-07,1.9311809348502905e-05,6.649318287037462e-06,0.0013838196433397427,0
0.7219250853180488,0.27672928728897694,1.6855068588772896e-05,2.4506335046935184e-07,1.884402210045653e-05,7.294135066281436e-06,0.001302389103868283,0
0.8212589980355482,0.17725268148594117,1.3015433077411152e-05,2.0477227248790594e-07,2.291498288910439e-05,7.036954477151594e-06,0.0014451483357945728,0
0.8559811961041808,0.14394816976080205,6.841099919135266e-06,1.575232747764197e-07,1.0152112559509143e-05,5.482132116786636e-06,4.800126714685005e-05,0
0.7065996570957186,0.2929412191347109,8.300162939796182e-06,1.9111968293248332e-07,1.2068636512389225e-05,6.651355829424939e-06,0.00043191249460605973,0
0.6935487069456525,0.3055344201864156,9.173355591845664e-06,1.8758968765212842e-07,1.1845727865433679e-05,6.528504774391922e-06,0.000889137690012723,0
0.6728859465488893,0.32606559778901867,9.528481272480375e-06,1.9485179744832264e-07,1.2304308384711176e-05,6.78124104721163e-06,0.0010196467795901849,0
0.5782270387979855,0.42068689059301323,8.443236473370042e-06,1.726591841943278e-07,1.090291121560266e-05,6.131517175538068e-06,0.001060420284952428,0
0.5235230197056198,0.47538423870710356,7.960383651840582e-06,1.6278513003107487e-07,9.775536850055349e-06,5.7808672348663025e-06,0.0010690620144098485,0
0.4618356110211396,0.5354217230360869,7.517477588662743e-06,1.5372796341206584e-07,9.231637870926774e-06,5.459226813910412e-06,0.0027203038725364024,1
0.4051819646604637,0.5919494647569334,9.246945089629233e-06,1.885813708128127e-07,1.093635549778545e-05,6.545481950117215e-06,0.002841653218694341,1
0.36315354332092015,0.6357571591285505,1.0877185771045461e-05,2.0347785980821113e-07,1.165919749959589e-05,6.958157739009323e-06,0.0010595995316597224,1
0.3293349910827411,0.6686377732686094,1.0875352137172903e-05,2.4402001618836895e-07,1.1792039934855778e-05,6.765633946021198e-06,0.0019975586026152407,1
0.6114782482894628,0.3884838573710951,1.0142945364787567e-05,2.1929163973350643e-07,1.3508212481837318e-05,7.3974542390377315e-06,6.62643571685451e-06,1
0.6701031906781363,0.32985407995240257,1.1411108321903254e-05,2.40412891539351e-07,1.547036103905806e-05,8.322351012658729e-06,7.285136195948539e-06,1
0.9185537477950619,0.081429619289608,5.969841772642745e-06,1.0661158533057059e-07,5.3757258325771705e-06,2.7878036078734543e-06,2.3929325318128034e-06,0
0.8010312583825104,0.19893273109443688,1.26410824196542e-05,2.1990128961154402e-07,1.153787872255471e-05,6.181268195105451e-06,5.4303924259649625e-06,0
0.5826482209886756,0.4173008256465708,1.708302224790423e-05,2.331020343924747e-07,1.6256413543436042e-05,1.033707620275654e-05,7.043750725047508e-06,1
0.6732827432378385,0.32666111814542215,1.820172964735483e-05,2.8277799431588683e-07,1.920961182505131e-05,1.0939475939534447e-05,7.505021332885234e-06,1
0.7634750746798932,0.23647040064834446,1.646571026451389e-05,2.1894435967176564e-07,1.7377464050568462e-05,9.896105741366831e-06,1.0566447346323574e-05,0
0.48915588261479886,0.5108022293395414,1.3869116384621901e-05,1.8621715684859338e-07,1.4251374153320218e-05,8.519535149188883e-06,5.061802815715746e-06,0
0.4709773177344318,0.5289737797733848,1.66209853039061e-05,2.2316581254934982e-07,1.5172474535914103e-05,1.0209956033521327e-05,6.675910497446454e-06,0
0.469649433482429,0.5302946001125443,1.7828403098770223e-05,2.393775092899796e-07,1.6274666458463978e-05,1.117514199448962e-05,1.0448815965661252e-05,0
0.5046035035916078,0.4953422343531561,1.6776403040290866e-05,2.2525256762377587e-07,1.5314347692325177e-05,1.0515730718752356e-05,1.1430321217222764e-05,0
0.6624361534637706,0.3375170262760287,1.3775663766723852e-05,1.820843851495478e-07,1.4519784331782362e-05,8.500459650787703e-06,9.842268066182008e-06,0
0.5063407851518692,0.49359990623053857,1.9767987292129126e-05,2.229663965917065e-07,1.5940247951527914e-05,1.0175056729512943e-05,1.320235922243427e-05,0
0.48142157464207797,0.5185246777806304,1.6007407673489054e-05,2.1281374532262243e-07,1.5214417597409815e-05,9.711741161799565e-06,1.2601197113867741e-05,0
0.5458553049413912,0.4540975640617731,1.665277911748935e-05,2.0061764540902775e-07,1.4342497614685663e-05,9.15517295064048e-06,6.779929507267702e-06,0
0.4565033032062082,0.5434448917076529,1.8734857285636042e-05,2.210162614581753e-07,1.5259061735408277e-05,1.0120844407435609e-05,7.469306449047004e-06,0
0.43075817737727484,0.5691875344994545,1.8043547532411297e-05,2.0845784787172938e-07,1.963636701136259e-05,9.354859534053172e-06,7.0448913450534405e-06,0
0.5781217779164748,0.4218280317480194,1.5999596764004973e-05,2.020545310578381e-07,1.8514231407913132e-05,1.0794911451150358e-05,4.679541351661063e-06,0
0.511267940435741,0.4841060486707475,1.7498451730279838e-05,2.804106261503008e-07,0.004588664233720021,1.2861114512227455e-05,6.706682922712795e-06,0
0.4609694717237549,0.5353947303609609,1.4540779594342108e-05,2.438262111882027e-07,0.003604818671143642,1.0644074725621876e-05,5.5505636095952535e-06,0
0.4371894568860791,0.5590849465553479,1.6263971359702024e-05,2.7272145140365196e-07,0.0036931396895277147,1.190547765096462e-05,4.01469858327215e-06,1
0.40168758170812596,0.5942148174342168,1.4304195818962647e-05,2.4678424118427786e-07,0.004067633930705129,1.0692916431496672e-05,4.72303046046324e-06,0
0.4238960781093192,0.5705065782788286,1.3524108448808808e-05,2.2558390415938377e-07,0.00556957841278762,1.0181420305642745e-05,3.834086406118286e-06,0
0.224112895881061,0.7710008359686632,1.4246034071640715e-05,2.1824029894620962e-07,0.004855386210369896,1.1697351188847297e-05,4.720314346406222e-06,0
0.3921818400507548,0.5892093488126554,2.7736371517953693e-05,2.780889612688162e-07,0.01853520897226686,3.999600612223218e-05,5.591697721395195e-06,1
0.19148451173680148,0.7960698414960085,2.3225649275486106e-05,1.8408217446411631e-07,0.012371216260618871,4.694901754486285e-05,4.071757576250089e-06,1
0.32824828534288136,0.6405616398668267,4.8951130662767396e-05,2.9290451544618546e-07,0.031013256770513264,0.00011826485618268278,9.309128417724037e-06,1
0.032928613016049955,0.08965873700709666,7.4840478270488e-06,3.3585191223486524e-08,0.8773820570704346,2.1265656874351605e-05,1.809616526153343e-06,4
0.9488270939089507,0.043292466778334586,5.702230418893779e-06,1.0654068852647445e-07,4.80158373176545e-06,3.6653380913426914e-06,0.007866163619784207,0
0.9448421407792996,0.032074980694525954,1.3352913904847733e-05,2.494863477532361e-07,0.00010254061620524258,8.41146859327831e-06,0.02295832404112325,0
0.9516952139573449,0.029097839277296936,1.3449764470863538e-05,2.512959073868337e-07,0.000114208952466961,8.472478160185455e-06,0.01907056427435254,0
0.9393650750531937,0.06001164542365811,6.5693576289050125e-06,1.2274212607072602e-07,8.575010129270859e-06,4.138268678081311e-06,0.0006038741445858659,0
0.93388387623831,0.06576724990293407,7.436310102052419e-06,1.389402988248136e-07,9.706646836964387e-06,4.68439243441714e-06,0.00032690756908360146,0
0.920637879929843,0.07887923865324797,6.7316872143827435e-06,1.4162265490147455e-07,1.2899289329940767e-05,4.774828460668721e-06,0.00045833398924918713,0
0.9080739753601685,0.09148752065729483,6.583451227557023e-06,1.4898359948862335e-07,1.6620497598690544e-05,4.482971309529298e-06,0.0004106680788012629,0
0.8272476144982662,0.17172900013360304,9.445687918120937e-06,2.1375605849366327e-07,3.54571601476862e-05,6.431998426365941e-06,0.0009718367655800298,0
0.7542927844669197,0.2438758250452191,1.2951176318471755e-05,2.930853132869247e-07,4.587972732927029e-05,8.819044882923646e-06,0.0017634474540171566,0
0.33883102874275794,0.6608678397655694,1.0166341116917935e-05,2.143107825013754e-07,1.260319639312474e-05,7.225519281697191e-06,0.0002709221240984837,1
0.3042752974980471,0.6954341681485654,1.0279837880794841e-05,1.924542664956242e-07,9.333890132690067e-06,6.488623657561877e-06,0.00026423954744993433,1
0.15011596829416687,0.8494789369027131,6.649729928944446e-06,1.358172273731038e-07,9.007106489980246e-06,4.672544018968722e-06,0.0003846296054545679,1
0.17466477492992874,0.825069633986953,6.3123924024447195e-06,1.2892728627359112e-07,5.978248186727901e-06,4.5381495754115155e-06,0.0002486333656674077,1
0.20284458224736845,0.7969545547679385,5.304621997164843e-06,1.0834410714656927e-07,5.023823744472195e-06,3.7273814200867794e-06,0.00018669881342434219,1
0.3338011404225932,0.6658204872464718,8.423976954675712e-06,1.7496369607800002e-07,8.84206392349129e-06,6.019306883655445e-06,0.00035491201947720206,1
0.7417775297430181,0.257943566194964,9.488396582712736e-06,1.7728156013915984e-07,8.710666940519575e-06,6.0990487696092985e-06,0.0002544286681648778,0
0.7294239951826325,0.2702380147715198,8.741448029957567e-06,1.6332554516636818e-07,7.516078927924699e-06,5.618917525944482e-06,0.00031595027581864875,0
0.7830902728320817,0.21658150396464884,6.5265541113640365e-06,1.2904629364345973e-07,6.472310707460149e-06,4.439602392098586e-06,0.0003106556897648767,0
0.7219250853180488,0.27672928728897694,1.6855068588772896e-05,2.4506335046935184e-07,1.884402210045653e-05,7.294135066281436e-06,0.001302389103868283,0
0.774996486786834,0.2235390918998461,1.8130453454099045e-05,2.2760555677360605e-07,1.969494406626602e-05,7.830354098342944e-06,0.001418537956144385,0
0.8971801634031953,0.10132266829119363,8.229734502336277e-06,1.3208573694097033e-07,1.4609322169047174e-05,4.539097538166575e-06,0.0014696580656648292,0
0.8885043430125624,0.1103976379822267,7.477963270526998e-06,1.4103394498348768e-07,1.3578340615599859e-05,4.846600755678581e-06,0.001071975066624258,0
0.8584160316237918,0.14134347535531722,6.266558359226406e-06,1.5209169360413506e-07,7.742435480267694e-06,4.339042244460782e-06,0.00022199289311329118,0
0.5385035602365739,0.46028116238235967,9.768283460414533e-06,1.9975561013523656e-07,1.2613969493055072e-05,6.951903757619304e-06,0.0011857434687452264,0
0.45761086861507777,0.5402045969636575,7.207490268227608e-06,1.6068106100296604e-07,9.649183759233038e-06,5.706146996585512e-06,0.0021618109191798474,1
0.40222206415842815,0.5977185501667236,1.202476731174228e-05,2.6981047391036494e-07,1.4019693458305641e-05,7.441047612918247e-06,2.5630355991504254e-05,1
0.5143664524878703,0.4856004703619175,9.64523370765811e-06,1.804698313927974e-07,1.14079730337591e-05,6.247307598313044e-06,5.596166041173529e-06,1
0.6569409982537137,0.34302339260546044,9.509612904163913e-06,2.0035157595705407e-07,1.2892450130081983e-05,6.935552126084887e-06,6.071174089602267e-06,1
0.6743864579225806,0.3255708428913508,1.1403047684328971e-05,2.402430674405679e-07,1.5459433005604922e-05,8.3164722274096e-06,7.279990083853353e-06,1
0.6453750352088209,0.3545788106638545,1.2369224447102688e-05,2.905705324711917e-07,1.6576386524641085e-05,9.021124390306258e-06,7.896821429907318e-06,1
0.7995833132402097,0.20038925212138434,8.397609412874916e-06,1.9727169225680222e-07,8.058765179326957e-06,5.419748799091919e-06,5.361243322503962e-06,0
0.9189692256149405,0.0810174431695261,4.284686229553144e-06,1.2414198695414103e-07,3.9658608650276305e-06,2.6671542329757083e-06,2.2893722188408575e-06,0
0.7933997475571359,0.20656121125061092,1.3321022147061164e-05,2.2642403103787177e-07,1.2310614747418232e-05,7.029616291699221e-06,6.153515035882512e-06,0
0.8260822521722835,0.17387902192571972,1.3167989245357301e-05,2.0756911833490693e-07,1.2616783593445577e-05,7.1640461732092985e-06,5.569513866387217e-06,0
0.5811791135066361,0.418765425231862,1.6979921129802152e-05,2.5423013474368733e-07,1.8852726458201586e-05,1.1490993875508858e-05,7.88338990354027e-06,0
0.703202798226941,0.29675612175490323,1.221888024418064e-05,2.108010114102721e-07,1.5718374069008825e-05,7.702178328310841e-06,5.229784502844771e-06,0
0.6861363526599897,0.3138260829060065,1.038219889882515e-05,1.6592954209880294e-07,1.4610483294135939e-05,7.81580844549649e-06,4.5900138232292265e-06,0
0.5608452973302941,0.43909515940251076,1.7921547082422296e-05,2.3688396702263566e-07,1.752173495750043e-05,1.1058733026122111e-05,1.2804368162061441e-05,0
0.5759777096797537,0.423972498334907,1.58047597601033e-05,1.9959398783060918e-07,1.8501620789015626e-05,1.0663455125372339e-05,4.622555676956885e-06,0
0.6350150451180655,0.36493543918068183,1.3349903801529782e-05,1.9433437822337166e-07,1.822708409534832e-05,1.2648401161966208e-05,5.095977815467407e-06,1
0.6226865918918063,0.3772640554367829,1.3125053407796136e-05,2.568999227067667e-07,1.8842849792929645e-05,1.3075702178631525e-05,4.052166108777912e-06,1
0.5163124921517512,0.4804279906490043,1.805309448986177e-05,3.029662045889753e-07,0.0032166488921821982,1.7266093472683973e-05,7.246152895029339e-06,0
0.506638062330987,0.4894230995775505,1.692350679672843e-05,3.4539130089514675e-07,0.0039042119132737143,1.2388267753816901e-05,4.969012337313178e-06,0
0.3630633066239538,0.633511402504078,1.4013126647195384e-05,2.2365114833764541e-07,0.003395871954045849,1.0685055413946664e-05,4.497084712895675e-06,1
0.40006759191345553,0.5985296536899704,1.367546732422258e-05,2.293162730553117e-07,0.0013754632238182395,1.001065281007798e-05,3.3757363486372287e-06,1
0.25991674322438174,0.7343638167468891,1.4732448914813609e-05,2.4276828489825887e-07,0.005684770734827991,1.2096744115710216e-05,7.59733258588808e-06,0
0.4916938777745558,0.49916959960365187,2.3671444339709416e-05,2.4422990981501065e-07,0.009074694036974633,3.2242964507128754e-05,5.669946060822917e-06,0
0.026465490261249086,0.09626841142193643,8.035774530916662e-06,4.168137613934856e-08,0.8772358457442903,1.9194429672568565e-05,2.9806869444455255e-06,4
0.8165751963811873,0.09665532239745415,1.2520311851829167e-05,2.3392997954629107e-07,1.4450259338303615e-05,7.929004995611026e-06,0.0867343477151934,0
0.949560376772015,0.04028518485092001,6.740090782004273e-06,1.25932110752022e-07,5.207495264432279e-06,4.3324646090293695e-06,0.010138032394298942,0
0.9415232280578136,0.04817642295058729,7.904922983564414e-06,1.4769587960303628e-07,6.107462100142892e-06,5.081207385935467e-06,0.010281107703249723,0
0.9558497875932401,0.0362906193605435,5.7444351765426696e-06,1.1276509312060744e-07,4.438236805141178e-06,3.6924668978766748e-06,0.00784560514224372,0
0.9581747004190624,0.025169754660539514,1.3507261190502611e-05,2.5237017826828804e-07,4.676387234150048e-05,8.508697359598179e-06,0.01658651271932842,0
0.9538743686858678,0.04566675812671772,5.666463550228773e-06,1.0587241900138131e-07,7.3964586927892466e-06,3.5695040443870175e-06,0.0004421348887078412,0
0.934247632639674,0.06534157201970338,7.388178657481441e-06,1.380410090964689e-07,9.643820660030956e-06,4.654072750096333e-06,0.0003889712275458559,0
0.9429975391261614,0.05659861364783733,6.576182135814687e-06,1.3835110627241515e-07,9.839260528611465e-06,4.664527721600088e-06,0.0003826289045088292,0
0.9429283407534833,0.05664110020678032,5.612595717566862e-06,1.334458935748669e-07,1.069491282965943e-05,3.821871645151687e-06,0.00041029621365047615,0
0.518331503240149,0.4810926173039265,1.0694643658697055e-05,2.645643211668636e-07,2.3525421149999754e-05,7.960837739101022e-06,0.0005334339890556959,1
0.18003147204408362,0.8197911020398807,6.217015450455646e-06,1.2697926232181088e-07,7.97314962007292e-06,4.281124344623407e-06,0.0001588276473579792,1
0.32192551125512303,0.67763470686815,1.0660217878540797e-05,2.0294917031366475e-07,1.0256353617112366e-05,6.982096087845559e-06,0.0004116802599730989,1
0.43474638012957006,0.5644633996849854,1.3085535264154287e-05,2.430937165263866e-07,1.8377666357290873e-05,8.239607836831148e-06,0.0007502742822697742,0
0.431563935754972,0.5677199474291612,1.3158799522947502e-05,2.4445476753416473e-07,1.8480560589497345e-05,8.285740360165201e-06,0.0006759472606265808,0
0.7476264688105128,0.25204790715202463,8.772955524206157e-06,1.7346326643128219e-07,8.700041860761344e-06,5.9676873379817906e-06,0.0003020098894730817,0
0.717244121275434,0.282423830406284,8.271337682833992e-06,1.6354502747241112e-07,7.740917198356682e-06,5.6264684144157435e-06,0.00031024604995908946,0
0.9136774413076869,0.08509698653409552,1.3678882153891265e-05,2.031676883346544e-07,2.79255606279591e-05,6.989613801848122e-06,0.001176774933945578,0
0.6598236951251499,0.3390100237599415,1.4887914035680777e-05,2.2778522980035906e-07,2.808247784951703e-05,7.0288893169276946e-06,0.001116054048476575,0
0.7747334761006692,0.22385136533087935,1.727658103090952e-05,2.506888989950009e-07,1.9276595802487014e-05,7.461575488072031e-06,0.0013708931272310627,0
0.893707441533243,0.10522306485890602,8.663648939538011e-06,1.3904998447421056e-07,1.4513974086325057e-05,4.778422385537798e-06,0.0010413985124550877,0
0.8797165726817168,0.12024833028367592,4.427115697299844e-06,1.6210335187172778e-07,2.0453725840510382e-05,5.486945539272465e-06,4.567144178270825e-06,0
0.6925933856815023,0.3065999274931622,9.737527147673777e-06,1.991266617594101e-07,1.257425328373304e-05,6.930015067863377e-06,0.0007772459031744359,0
0.6904553018319577,0.3086008908522475,9.407001187823121e-06,1.9236760168062936e-07,1.2147438849946946e-05,6.694785954008506e-06,0.0009153657222012309,0
0.5481475517386108,0.45097839330917106,9.524535907812082e-06,1.9477111707804966e-07,1.2299213660569877e-05,6.77843320532479e-06,0.0008452579983272935,0
0.4374238550096048,0.5589957636186986,7.758423277503072e-06,1.5865516001511283e-07,9.527524798383593e-06,5.634202681772924e-06,0.003557302565778965,0
0.44164469126922723,0.5557843327769306,7.5833420037887815e-06,1.5507485168399397e-07,9.312520909399806e-06,5.382502196477419e-06,0.0025485425138807153,1
0.37285363859616816,0.6249857579342717,5.8725418384142665e-06,1.3092022580181087e-07,7.86199262487218e-06,4.544117858500586e-06,0.0021421938970123187,1
0.3220406320868306,0.6778138335953459,1.1214666855230844e-05,2.3646317243409e-07,1.2265929479558216e-05,7.136024533894432e-06,0.00011468123378225909,1
0.4820119224195674,0.5179440019197276,1.3191925934225418e-05,2.3807055334554196e-07,1.4869186956206456e-05,8.39417776124506e-06,7.382299499886855e-06,1
0.654713156965246,0.3452506068634335,9.677064775948339e-06,2.0387950572108034e-07,1.3119469350309578e-05,7.0576781470991425e-06,6.178079541535842e-06,1
0.9177441144478314,0.08224126136915587,4.589421424353425e-06,1.0398546961545919e-07,4.247920581540652e-06,2.8568474149740114e-06,2.826008122278356e-06,0
0.7403558806817949,0.2596005354898422,1.2666031601144948e-05,1.9308403215986973e-07,1.8189791898859463e-05,6.683972229130239e-06,5.850948601553332e-06,0
0.7980356201551018,0.20192575277241023,1.3074342358656509e-05,2.2743817736852083e-07,1.2751090782791895e-05,6.393124727027466e-06,6.181076442088509e-06,0
0.6496174063060083,0.3503394750801332,1.6810419692582218e-05,2.196281133967766e-07,1.204315831507222e-05,7.408804642225501e-06,6.636603095340912e-06,1
0.5956218603491114,0.40432417985044283,1.8841574017770804e-05,2.70323479089764e-07,1.721576475923637e-05,1.0457663802828582e-05,7.174474386723716e-06,1
0.7354569020699798,0.26450377692535865,1.1128487521762456e-05,1.983123168618873e-07,1.5660707583256726e-05,7.41354607542837e-06,4.919951163939254e-06,0
0.686135570049371,0.3138257249543778,1.0382187056836202e-05,1.6592935283872203e-07,1.5751071723112762e-05,7.815799530745566e-06,4.590008587836079e-06,0
0.4952242398186728,0.5047325870930867,1.429459350659145e-05,1.9192993174787558e-07,1.4688578189302589e-05,8.780897675486129e-06,5.217088937360532e-06,0
0.5168255805271453,0.48312308720494157,1.636256120902695e-05,2.1969601686265956e-07,1.4903963133535071e-05,1.0256327719952488e-05,9.589719833728881e-06,0
0.6062938043952982,0.3936574262236266,1.6956642844026422e-05,2.1035420998061835e-07,1.5099768173578994e-05,9.39363641393992e-06,7.108979433577792e-06,0
0.5701155498404407,0.42983414343831094,1.6023268962992912e-05,2.0235348078364471e-07,1.8757415528836918e-05,9.080916877365724e-06,6.2427663984468065e-06,0
0.6566524009166004,0.3432998168696639,1.2720318070338143e-05,1.8516950681842467e-07,1.810552042338373e-05,1.2051898519524011e-05,4.719307215620329e-06,0
0.656264714109322,0.34368832288582496,1.2486780888716956e-05,2.6289929558077046e-07,1.7918386145439568e-05,1.2439829614232901e-05,3.855108909114201e-06,1
0.6146592411258538,0.3850180400534619,1.4467864472252812e-05,2.4279903869819463e-07,0.00028836388740224146,1.3837156863513062e-05,5.807112907395498e-06,0
0.5540255950416071,0.4436524249616283,1.588379366357375e-05,3.4086445632650443e-07,0.002285660091810414,1.5191360475629443e-05,4.903886358597485e-06,0
0.3711797646895909,0.6252146455951072,1.3592039200950821e-05,2.118855206781285e-07,0.0035774309755821966,1.0363974843527288e-05,3.9908401544664066e-06,0
0.3410543786754643,0.6575445465049403,1.3655191441569719e-05,2.1286999734036393e-07,0.001373423898195336,1.041212863586191e-05,3.3707313252293094e-06,1
0.30630312024692824,0.6890923837148905,1.31169342538038e-05,2.4883805085559747e-07,0.004577359876095222,1.0003357639477289e-05,3.767032141851857e-06,0
0.3605798254517111,0.6253352491110827,1.7919969678968176e-05,2.9529376477372615e-07,0.014046646850646013,1.4125678327935721e-05,5.937644788536998e-06,0
0.14041465531255307,0.8533327464404792,1.0473239046580251e-05,1.4641765359036862e-07,0.006230272762202208,7.909320042653493e-06,3.7965080227872545e-06,1
0.10713345653845469,0.8840010574675208,1.8597743550218675e-05,1.3154706539870892e-07,0.008815189932114558,2.842169903501014e-05,3.1450722592222483e-06,1
0.004005649079285567,0.030941614484527664,2.2265196408162576e-06,5.52594744333928e-86,0.9650448760481697,4.682671321339224e-06,9.511970548151401e-07,4
0.015926861191256064,0.14685071207108322,7.180225576461932e-06,8.0390052098098e-08,0.8371909960804546,1.9701176655202097e-05,4.468864922409213e-06,4
0.9634282731520619,0.023979850839792104,1.5496094449734748e-05,2.521988155522228e-07,4.6732119048646496e-05,8.502919840638836e-06,0.012520892675991584,0
0.9428953743903088,0.0565924817310793,6.575469669574907e-06,1.4880297671242271e-07,1.3655727048186631e-05,4.6640223647748776e-06,0.000487099856552366,0
0.9556775612426504,0.043898532832418506,5.100562165661024e-06,1.212717092379254e-07,1.0592685880501906e-05,3.4732047160033354e-06,0.00040461820045970643,0
0.9388927893520208,0.06064700871895666,5.647415109657462e-06,1.278010881771843e-07,1.5245249838579845e-05,3.8455817525652615e-06,0.00043533588123351635,0
0.29047578703947713,0.7090760978368676,1.0036408016870341e-05,2.115717376450416e-07,1.8114839747784177e-05,7.133171984972881e-06,0.00041261913216800443,1
0.16543882797240872,0.8343852483710062,5.821774777620521e-06,1.1890667999092703e-07,7.4662644360861595e-06,4.090767475916387e-06,0.00015842594321534162,1
0.19884838412539105,0.8008812427610951,6.227078848368914e-06,1.1855109343480248e-07,6.027520449447888e-06,4.078534168933311e-06,0.00025392142895381306,1
0.7674415906303131,0.23230443066609474,7.735893495578695e-06,1.5295795707673037e-07,8.190992427418415e-06,5.262239565008859e-06,0.00023263662014712502,0
0.781379299950299,0.21571482086793445,1.975650309126078e-05,3.906354648685993e-07,2.6444057021148128e-05,1.3439100769997762e-05,0.0028458488854195205,0
0.8038315821850165,0.19356097157901808,1.772751597670473e-05,3.505173163761365e-07,2.3728260065348346e-05,1.205890903426455e-05,0.0025535810335725983,0
0.8167420805638006,0.18038688017181906,1.8012241124794817e-05,3.5614704447478727e-07,3.1427539027091505e-05,1.225258956260804e-05,0.0028089907476212287,0
0.9104009699214575,0.08861054870391391,1.4126455051583659e-05,2.1603552735435337e-07,2.6646168168860993e-05,6.6693889258204094e-06,0.0009408233269547982,0
0.8193127696009117,0.1794375818783259,1.659448381022436e-05,2.4079144295580036e-07,2.020372103377285e-05,7.166984799483774e-06,0.001205442539675884,0
0.8711485024342301,0.12881009642084829,7.012503905648369e-06,1.7019606844407251e-07,7.636516001013976e-06,4.8555441347251285e-06,2.1726384811950285e-05,0
0.6654701465339626,0.33348275584099085,9.332477796936491e-06,1.9084364248388484e-07,1.2051205383445647e-05,6.6417490572768754e-06,0.0010188813491663776,0
0.31428547054849654,0.6835910268011336,6.540977599404552e-06,1.337591171002447e-07,8.032473101165339e-06,4.750088028690589e-06,0.0021040453525234797,0
0.2528582342838715,0.7457196402008758,4.851251149165304e-06,9.920521216935067e-08,5.957449596863792e-06,3.4433195750633247e-06,0.0014077742897194228,1
0.22473223874808088,0.7736008391000349,5.415305487946703e-06,1.14503259844215e-07,6.640360868702286e-06,3.974300416364187e-06,0.0016507776818511877,1
0.31940658314012704,0.6782284792663986,8.400647972389852e-06,1.62932522593774e-07,9.340204517560914e-06,5.655234560699006e-06,0.002341378573901053,1
0.622694756992845,0.37726631821491047,1.0698360675347813e-05,2.1739661564212263e-07,1.3742212256396038e-05,7.5255987012728884e-06,6.741223995907469e-06,1
0.7427594099182245,0.2571941207739043,1.5025092838940663e-05,2.7115314201047886e-07,1.3378425163957988e-05,9.38648344332707e-06,8.408153282826783e-06,0
0.7145908148197007,0.2853419151989942,2.473495976290059e-05,3.2890047497474525e-07,2.0621770512102684e-05,1.1385517571223825e-05,1.019883298374363e-05,0
0.7452577975606742,0.25469607722364224,1.355284614415178e-05,2.0341696713197585e-07,1.916322266236991e-05,7.041666491190096e-06,6.1640634187067694e-06,0
0.7458197453670664,0.25413416888985785,1.354124801560108e-05,2.0324288885283828e-07,1.914682333801251e-05,7.035640439369886e-06,6.158788393876972e-06,0
0.7723212499977227,0.22763855142243244,1.3668744684655958e-05,2.1546260633067502e-07,1.3096577652595453e-05,7.436482231727961e-06,5.78131266959675e-06,0
0.6487188579661698,0.35122544316667353,1.8069459770895634e-05,2.402693983799594e-07,1.9078674755818615e-05,1.0859980025734799e-05,7.450483205808468e-06,1
0.6526842454974678,0.3472609014896638,1.671705047603166e-05,2.509090467830541e-07,1.894097291364234e-05,1.1340883419664834e-05,7.603197012049495e-06,0
0.632852877036082,0.36709323023739676,1.5850890864238443e-05,2.41634792788338e-07,1.955634314595522e-05,1.0921694734733208e-05,7.322162983322014e-06,0
0.5732887947566976,0.4266608633722001,1.5780075606750222e-05,2.5295091364138587e-07,1.8360531883562015e-05,9.073877845818222e-06,6.874434852598043e-06,0
0.701463682319544,0.29849498851533807,1.2265866244835867e-05,2.450829812725742e-07,1.581047716711865e-05,7.7473098720136e-06,5.2604288527657e-06,0
0.7495477719717899,0.25041332123819665,1.057808005204859e-05,1.9804526884913866e-07,1.5813775780604005e-05,7.40356297010142e-06,4.9133259416538154e-06,0
0.4859158946142199,0.5140324060225766,1.6928110585100923e-05,2.2728950688389582e-07,1.5452833998548896e-05,1.0610823551548175e-05,8.480305561301978e-06,0
0.6556545162075764,0.3442997842584627,1.5826989265635044e-05,1.963403873023864e-07,1.3399482279523704e-05,8.82757335124687e-06,7.449148677273075e-06,0
0.6055263853619925,0.39442595203149894,1.5535365925098134e-05,2.0035012228788348e-07,1.8295809714937464e-05,8.991013150950348e-06,4.6400675953568644e-06,0
0.6505538376933637,0.34939753138199603,1.2946257218241689e-05,1.8845850009335165e-07,1.842711189886331e-05,1.2265965154262562e-05,4.80313186883232e-06,0
0.6651398963443174,0.3347939427712169,1.2580588144577724e-05,2.1112685383662202e-07,3.6287417847158383e-05,1.2032153876312094e-05,5.049597743821572e-06,0
0.6322097921014647,0.3675084856860145,1.3157662683245751e-05,2.3199460887208227e-07,0.00025046725964218274,1.2584071606036693e-05,5.281223980606924e-06,0
0.5859752148735343,0.41226835937247536,1.284166759072427e-05,2.734436596801187e-07,0.0017270641159048345,1.2281851905837965e-05,3.964674929278036e-06,0
0.31260122256024303,0.6822987328171713,1.3639034083757205e-05,2.2396542476471075e-07,0.00507070181667434,1.0976402349506054e-05,4.503404053199912e-06,0
0.36156736382996485,0.6253392771709172,1.7969048014876038e-05,2.9610250088426044e-07,0.01305497557703842,1.4164365044393646e-05,5.9539065194804035e-06,0
0.2771190377187863,0.7208400063404783,1.1640582100681195e-05,1.4880878379824634e-07,0.002016259900677064,8.684851331270974e-06,4.221797842635351e-06,0
0.11161799207529918,0.8823149211182237,1.0243092887960853e-05,1.3325768800591035e-07,0.006046099330012975,7.198433226716753e-06,3.412692661275285e-06,1
0.10688345118425355,0.8854966972267376,1.7922996419487555e-05,1.2773580612358805e-07,0.007576174645227715,2.229190054218887e-05,3.3343110129797754e-06,1
0.16407910442912646,0.8264615192961331,3.085261574334657e-05,1.6031596911198012e-07,0.009371194098064813,5.295596743493687e-05,4.2132775282588615e-06,1
0.1891417684033048,0.7974277559676143,3.439407767202559e-05,1.5844971433794604e-07,0.013319721223888909,7.164865028832964e-05,4.553227517376585e-06,1
0.1797151773384066,0.8049698655200584,3.948295799037687e-05,2.2480590927405438e-07,0.0151857948219488,8.194600744121907e-05,7.5085482453132495e-06,1
0.2515847327562037,0.7251591757054078,5.378036375567659e-05,3.062116971613674e-07,0.023069651741238397,0.00011354295919026005,1.8810262507151085e-05,1
0.005382674677652984,0.023581554517893597,1.7753810715789786e-06,1.4637321828714427e-08,0.971029748981249,3.506868327358767e-06,7.249364837313036e-07,4
0.9490792066535235,0.0385320270816475,6.736675380140892e-06,1.3224308451890293e-07,5.2048564737089885e-06,4.330269222026836e-06,0.012372362220668606,0
0.9311338776080055,0.054305720376357634,9.183622778086193e-06,1.7158715486185707e-07,7.095404746610124e-06,5.903143140885545e-06,0.014538048257816396,0
0.9597575769441283,0.03481242596843598,5.40744062082314e-06,1.010328248047699e-07,4.209657670915108e-06,3.475850084644928e-06,0.005416803106234757,0
0.7473318307657131,0.015159567788018649,1.0761967282271017e-05,2.57126805122306e-07,1.2697165214628798e-05,6.91768759234816e-06,0.23747796749937392,0
0.959752534451016,0.03961127725092987,5.442052447316026e-06,1.0167951347829166e-07,1.1913488739337119e-05,3.4281396232887723e-06,0.0006153029377305422,0
0.9451445354536251,0.05414822007954541,6.3567028629800545e-06,1.3373365505628107e-07,9.365875286322105e-06,4.5088496805558465e-06,0.0006868793053445061,0
0.9382093793101693,0.061161682683113824,6.542790944704548e-06,1.4806345668111977e-07,1.3201618147426786e-05,4.6408431378440774e-06,0.0006044046910301041,0
0.9438713881370776,0.05562010638275767,6.0730674007365416e-06,1.374336058739961e-07,1.6394302174181584e-05,4.135427753209366e-06,0.0004817652492307312,0
0.9371677800323469,0.06233562018893741,5.637039224565247e-06,1.275662817427646e-07,1.521724003985676e-05,3.838516340584283e-06,0.00047177941682894134,0
0.6171907387688874,0.38229646853775895,9.508472505493478e-06,2.1110914458544364e-07,1.5950410603813738e-05,7.145715161394828e-06,0.0004799769859383607,1
0.35710238670881883,0.6426224771280096,9.901161986435867e-06,2.0477501233801527e-07,1.0304797816283209e-05,7.037048631502958e-06,0.00024768837972516806,1
0.22345546288287124,0.7763165403378643,8.0749589849379e-06,1.6492677931356034e-07,1.035591059342524e-05,5.560530413306198e-06,0.0002038404524932672,1
0.16543994451319055,0.8343908796074517,5.821814068571996e-06,1.1890748248789264e-07,7.466314825640009e-06,4.008983110538665e-06,0.00015175985987044756,1
0.17603250911909396,0.8237733378086171,5.981886819148189e-06,1.1199005795507673e-07,5.431435301176066e-06,3.852813708561838e-06,0.00017877494640208705,1
0.2753604956771479,0.7241843048408959,8.490018237404288e-06,1.7633535544768888e-07,8.911382874221717e-06,6.06649632278525e-06,0.0004315552491662113,1
0.5404341218029063,0.459084215433465,9.914374250954202e-06,1.4691668865332757e-07,7.424664553961329e-06,5.171363855577671e-06,0.0004590054442796174,1
0.44050720563134715,0.5587094367997804,1.4592335887378466e-05,2.628923144960765e-07,1.705089810364137e-05,8.115938672010733e-06,0.0007433355038950388,0
0.7736265186207386,0.22612625727980112,7.530156174183034e-06,1.4889001581136747e-07,7.973151677341858e-06,5.122289464446337e-06,0.0002264496121285993,0
0.7549653479573333,0.2431232753282641,2.0410994411436708e-05,4.035763947451267e-07,2.7320092912248488e-05,1.3884309862128238e-05,0.0018493577408219965,0
0.8645506113433112,0.1340153645623114,1.4636094142214373e-05,2.214257658332974e-07,2.2563262103327934e-05,7.617749661077466e-06,0.0013889855627048796,0
0.8984605431079723,0.10001619304008433,1.5636858962221243e-05,1.9978401933825782e-07,2.035797042598545e-05,7.032256621069009e-06,0.001480036981914956,0
0.9189684085521077,0.08013751023113119,1.277566782718612e-05,1.7532260804276746e-07,2.409823215729872e-05,6.171232190220234e-06,0.0008508607619782955,0
0.9295259337689696,0.0686071472572884,4.198525471405913e-06,1.2266543901289237e-07,1.0097246438069053e-05,4.2153710547140595e-06,0.0018482851653385916,0
0.5093067408674022,0.4899296974153346,8.073702243749064e-06,1.6510242810683982e-07,1.0425724664048516e-05,5.745902152990621e-06,0.0007391512857741045,0
0.22775007042144282,0.770310019180224,5.760851399294447e-06,1.0798360672105438e-07,6.484607817077907e-06,3.834741501740778e-06,0.0019237222140083782,0
0.2653216010125511,0.7325878231031542,5.988212232416709e-06,1.266170159332414e-07,7.342871103048587e-06,4.394757492729111e-06,0.0020727234264506277,1
0.38181689340023955,0.6172080956832372,1.1029321605176366e-05,2.063238417175666e-07,1.1822271089974363e-05,7.055479339827845e-06,0.0009448975206465691,1
0.390970814228968,0.6088709902852264,1.3177620435930743e-05,2.778523850629657e-07,1.441289028573507e-05,8.385075004282396e-06,0.00012194204769459706,1
0.6536669433887723,0.3462850734987458,1.3213023560250014e-05,2.6849595854596637e-07,1.7070966794502397e-05,9.294499967087045e-06,8.136126201655678e-06,1
0.6589464443448584,0.34101652051345915,1.01966536862167e-05,2.0720165168540809e-07,1.3179856566498939e-05,7.17268056919637e-06,6.278749208865171e-06,1
0.7227308569195868,0.2772111433096746,1.8559891083121373e-05,3.3494453821394486e-07,1.712393819172276e-05,1.1594744353936068e-05,1.0386252571764944e-05,0
0.7414178913789228,0.25853556586775184,1.48292087150799e-05,1.9718381742447044e-07,1.857601876577796e-05,6.825894119549947e-06,6.114447907573224e-06,0
0.7487011501938997,0.2512543571866449,1.3027759634837047e-05,2.259096299965968e-07,1.8412510529912907e-05,6.7658118209820015e-06,6.060627839707128e-06,0
0.8108586500590076,0.18910513048285812,1.2183550062383991e-05,1.871496695919386e-07,1.1699093484164936e-05,6.478542944492141e-06,5.671121973843392e-06,0
0.6037928403072464,0.3961535882668195,2.0374099908587048e-05,2.661875912030283e-07,1.590821183656259e-05,8.979414478896874e-06,8.043512118723532e-06,1
0.6307648534757861,0.36917964309073387,1.7712223818196143e-05,2.4490524572917593e-07,1.8882552280255087e-05,1.1069516529152651e-05,7.5942356064592145e-06,1
0.6500960286228055,0.3498484603878774,1.6620190014374732e-05,2.4945525168085286e-07,1.9807027741908727e-05,1.1275173071705958e-05,7.559143237508849e-06,0
0.638643545227814,0.3612979810594012,1.7599615022060903e-05,2.991493996494003e-07,2.171386539444625e-05,1.073111407661031e-05,8.129968891905801e-06,0
0.7514343180765564,0.24852622106037037,1.0206887705191566e-05,1.713845956256257e-07,1.6268918137466165e-05,8.072758792531073e-06,4.7409138424654775e-06,0
0.7298557103852473,0.27010260923687796,1.1180300261098166e-05,1.7868489333806482e-07,1.6961908924819313e-05,8.41662600143077e-06,4.942857794036389e-06,0
0.6652206478064139,0.33473834730693147,1.2050593552839657e-05,1.7686527448887995e-07,1.5910634535204516e-05,8.036919651712924e-06,4.82987364029483e-06,0
0.4477707266368399,0.5521783359816429,1.713420163345315e-05,2.3005663984405017e-07,1.6193983324986018e-05,1.049709324945262e-05,6.882046669234002e-06,0
0.5674515218667077,0.4324961978526699,1.4757925176963687e-05,2.1034100595235965e-07,1.5037637242683663e-05,9.819596735522544e-06,1.2454780461274812e-05,0
0.48193432022454546,0.5159198287135648,1.3799875984002908e-05,1.744089554816972e-07,0.0021138682819833304,1.3747987369079239e-05,4.260507597972846e-06,0
0.3598392088061185,0.6373927729428173,1.533210428795995e-05,2.9136689961228795e-07,0.002736587988667039,1.170946213677413e-05,4.097329072832827e-06,1
0.25388944628802956,0.742185485428336,1.349994596421523e-05,1.9981439417925048e-07,0.0038964286431312626,1.0268534205871915e-05,4.671345939190747e-06,1
0.30344959398322263,0.6914358617368022,1.4584036499428018e-05,2.118991539627338e-07,0.005084356764486449,1.0808417966359164e-05,4.583161869147564e-06,0
0.4317487731061691,0.5543733498228954,2.3407691647238056e-05,2.7123958137393863e-07,0.013812935414793885,3.5808751687263046e-05,5.4539732256927785e-06,0
0.3630881124269169,0.634477445254965,1.8344234155831243e-05,2.1105457742698778e-07,0.0023982086203309977,8.530847563000985e-06,9.14756149076588e-06,0
0.27949154489098005,0.7185711471496751,1.687866193362004e-05,1.732486487438015e-07,0.0019062234596273558,9.74946020647414e-06,4.283128928719739e-06,0
0.2635374732187262,0.7346419390902359,1.0388884523544025e-05,1.4131363914062018e-07,0.0017982394404455727,7.952337356875433e-06,3.865715072897165e-06,1
0.2103383499534922,0.7775494825448487,3.5732422706046126e-05,2.0740738446337185e-07,0.012013531159282533,5.5629743827534694e-05,7.066768458449114e-06,1
0.004168848650838531,0.03196298759655928,3.113475731631671e-06,2.4948245024955663e-08,0.9638596152589045,4.4274739459117295e-06,9.825957750247028e-07,4
0.009254115496956641,0.07941374838411379,7.265829692684973e-06,4.5026184012549536e-08,0.9113120634972671,1.0258770339569807e-05,2.5029954462286775e-06,4
0.9475383947323245,0.03830412403632922,6.687807120561436e-06,1.5978625776134956e-07,5.167100123153514e-06,4.298857181450448e-06,0.014141167680663308,0
0.9571836761696771,0.042041636664482865,4.844745782860718e-06,1.0192478322900994e-07,1.0424767955796796e-05,3.4364089286981627e-06,0.0007558793183894664,0
0.9382041113399557,0.061178755632915034,7.373737231927415e-06,1.6371329448874972e-07,1.9905472532475124e-05,5.021112986509516e-06,0.0005846689910837193,0
0.8659322661709259,0.13298935337224418,7.404562764017918e-06,1.7971148222365306e-07,4.742007559858314e-05,6.082953278618137e-06,0.0010172931537064226,0
0.25566946066421475,0.743958677655222,6.9329443972731945e-06,1.4338658194213032e-07,1.251335901507765e-05,4.92744861158256e-06,0.0003473445419575788,1
0.29653423625338693,0.7032534414240212,7.4398884248043646e-06,1.4908320693568095e-07,9.541450240929723e-06,5.123211886883358e-06,0.00019006868883218476,1
0.22761736011836745,0.7721070785709307,8.420670534564883e-06,1.5764781409234594e-07,9.898857388619521e-06,5.423585542775981e-06,0.00025166054942190257,1
0.17105085546418058,0.8287323980414304,6.017897376519397e-06,1.1266423059139056e-07,5.4641321773347585e-06,3.8760073886309124e-06,0.00020127579321607114,1
0.18884494208030647,0.8109235996291831,6.305161021732659e-06,1.2003762142897786e-07,5.821736200548181e-06,4.129675453603574e-06,0.00021508168021322187,1
0.5183256367713314,0.4812849013364206,8.090210258385969e-06,1.540213791415753e-07,7.830944325609025e-06,5.421443951533869e-06,0.000367965272333479,1
0.7923760120599703,0.20733073505144015,8.84982882224999e-06,1.749832437460236e-07,9.262659226131068e-06,6.0199793855248665e-06,0.0002689454379118016,0
0.7589636061904301,0.24076934015230914,8.056223067668663e-06,1.59291673662429e-07,8.530166835748455e-06,5.480139533390998e-06,0.0002448278361499933,0
0.7596189441260183,0.2392315663494882,2.1701749873262068e-05,4.290978576038476e-07,3.2864129548199454e-05,1.4762329248492679e-05,0.0010797322179658213,0
0.798250879805385,0.20040681924934017,2.1416538339860438e-05,4.234585124514399e-07,3.243221835038862e-05,1.4568317862953222e-05,0.0012734604122094863,0
0.7870614835620725,0.21137081579990116,2.111633430663317e-05,4.1752272809054067e-07,3.1977603202002435e-05,1.4364108027059457e-05,0.0014998250697628081,0
0.7936387346637636,0.20321663863680806,1.7502725272674474e-05,3.46072642095401e-07,2.373653600477743e-05,1.190599812135316e-05,0.0030911353673873363,0
0.9335455079047132,0.06568681423425217,1.2807218760583229e-05,1.8583697576126886e-07,1.352648942879442e-05,5.531304452158335e-06,0.0007356270114173055,0
0.9175658139839584,0.08151663778200281,3.794415346768745e-06,1.3141605151215086e-07,8.496284821236635e-06,4.413316261173027e-06,0.0009007128015577784,0
0.9077597082433371,0.09214132549354556,6.800378605025465e-06,1.3875158446964755e-07,1.077206659143124e-05,4.805206204655463e-06,7.644986013172118e-05,0
0.8478102683591996,0.15215506418398317,6.4342063119137595e-06,2.0101401300403452e-07,1.817561321233911e-05,4.95915275821223e-06,4.897470521987224e-06,0
0.9003512977422593,0.09961841289206312,4.642599464408955e-06,1.1267760942942452e-07,9.74039953434408e-06,3.2145930900846582e-06,1.2579095979276982e-05,0
0.6179483021060923,0.38101283311143197,9.259100856085233e-06,1.8934312751121862e-07,1.1956452349594584e-05,6.589528067489503e-06,0.0010108703580749474,0
0.47791034425463363,0.5213111448125299,8.237284324150369e-06,1.6844758474671137e-07,1.0115577336086892e-05,5.862320445316951e-06,0.0007541273031460408,0
0.23428509867093436,0.7639527845847428,5.7133080947766165e-06,1.0709243679816738e-07,6.431091476739082e-06,3.80309404716718e-06,0.0017460621582672318,0
0.31302211556731424,0.6860660672258806,1.041676945079168e-05,2.1963936893050146e-07,1.1165679697944877e-05,6.6636284876594005e-06,0.0008833514897997957,1
0.4089596133620766,0.5900976552274156,1.0412151709077568e-05,2.1954200305514415e-07,1.1057610105264928e-05,6.625374699557131e-06,0.0009144167319908794,1
0.4944216368300091,0.5054347441915906,1.1405086276915891e-05,2.4047819857137637e-07,1.186276035084592e-05,7.257190653442663e-06,0.00011285346292054497,1
0.5628554934895891,0.43705675464826427,1.1419782626604489e-05,2.1148685516799453e-07,1.2490272798828626e-05,7.2665421137482016e-06,5.636377775233923e-05,1
0.6913184755002658,0.308618302961816,1.276031547662523e-05,2.445308109634607e-07,1.501047929801365e-05,8.248857486474422e-06,2.6957354846050424e-05,1
0.6984937479424199,0.30145714601395956,1.2476766362575759e-05,2.5353480441462726e-07,1.564202658551388e-05,8.776591066951741e-06,1.1957124800911632e-05,1
0.839968374336614,0.159998163466093,8.400505205720273e-06,1.7070291952446704e-07,1.3688476748052825e-05,5.909207306113685e-06,5.293305113655278e-06,0
0.6819170823751142,0.31802594838961024,1.8228649367671555e-05,3.335636032427719e-07,1.6818324185881895e-05,1.1387810865328873e-05,1.0200887253425592e-05,1
0.7500259285254264,0.24993488129891378,1.4775861152082515e-05,1.964744554939569e-07,1.1324050455780074e-05,6.80133820267315e-06,6.092451393719334e-06,1
0.7438368814631207,0.25612035380967396,1.5448129089937763e-05,2.102266298395948e-07,1.3141679601769905e-05,7.445801065521299e-06,6.518890818366726e-06,0
0.8264710564029165,0.1734960110229358,9.005148219491008e-06,1.685964741597937e-07,1.3528193930538005e-05,6.047907832151504e-06,4.182727691372891e-06,0
0.7311222020582601,0.2688365360226507,1.1199701023441984e-05,1.7899495863766544e-07,1.669125012072618e-05,8.240538033630954e-06,4.951434952710298e-06,0
0.6564715099092396,0.34348579401158885,1.2547604404560004e-05,1.841598496754074e-07,1.6566847690770602e-05,8.368391812299121e-06,5.029075414144296e-06,0
0.4398441943745896,0.560113053503585,1.3975057032214876e-05,1.876395954266802e-07,1.439165391672876e-05,8.584612479702666e-06,5.613158801232477e-06,0
0.4507768984111583,0.5491734896053807,1.6342634733425264e-05,2.1942846905862834e-07,1.6241973333342224e-05,1.0243837470934396e-05,6.564109454279265e-06,0
0.6027837248486317,0.39715793039666764,1.5885554743766258e-05,2.2641282733502343e-07,1.6151301232127246e-05,1.0498362895925316e-05,1.5583123001564005e-05,0
0.6748388800853641,0.32511636140542405,1.3979106213286905e-05,2.0044436295459462e-07,1.23978505722974e-05,7.912705881644646e-06,1.0268402181651342e-05,0
0.6207085206042443,0.3792429369050088,1.5254578389713446e-05,2.068591707465837e-07,1.741616616306246e-05,9.283116492960068e-06,6.381770530194503e-06,0
0.6131214481949875,0.38682858058842207,1.6182745312259238e-05,2.086989786978147e-07,1.7775561582811227e-05,9.365680642638858e-06,6.4385300740039835e-06,0
0.6609789055916923,0.3389706418427588,1.324623975627797e-05,2.0825666316753081e-07,1.871281762157758e-05,1.335088222663777e-05,4.934369281199267e-06,0
0.6344285038636899,0.3655120512029398,1.1386061998877729e-05,1.7105631735832536e-07,3.5852760630866027e-05,1.0889701533928166e-05,1.1453528893113197e-06,0
0.49518013645876574,0.50299730929612,1.2661793853172737e-05,1.500786547130488e-07,0.0017936155142008713,1.2583280322806645e-05,3.5435780826132503e-06,1
0.3469078464132085,0.6507032368798499,1.6414631511693754e-05,2.878711616549669e-07,0.0023564750021994054,1.1659392994047093e-05,4.0798090747534095e-06,1
0.428778571953327,0.5586237529668315,1.6802402963135024e-05,2.713110990970662e-07,0.0125626294731604,1.2516481344500203e-05,5.4554112744654695e-06,0
0.19206552147023878,0.8066540143430906,1.2436710902670736e-05,1.3065025417879443e-07,0.0012576185470889666,6.41518416077036e-06,3.863094264072976e-06,1
0.17071203773090904,0.8260902643677095,1.1303384425840885e-05,1.47051568476934e-07,0.0031723695979298714,7.943563425160326e-06,5.934304032132175e-06,1
0.11069106941934807,0.88102871983807,2.1258567277765288e-05,1.5150816106314433e-07,0.008222621928675351,3.2556429502171064e-05,3.6223089657015515e-06,1
0.16619485239023113,0.82710280805973,2.4266422204610606e-05,1.7342711984194754e-07,0.006629150939599947,4.105429229601268e-05,7.694468818375928e-06,1
0.11017099450639141,0.6910172950899086,4.376790258265127e-05,2.7337659638567254e-07,0.19866122984543597,8.477531221314495e-05,2.1663966871778186e-05,1
0.004487280113142495,0.03199591814995746,2.2229768700122717e-06,2.4112598714692155e-08,0.9635093257890458,4.2791748465968135e-06,9.496835387909109e-07,4
0.9491521397839333,0.034861568681387366,6.699197071308464e-06,1.6005838845727804e-07,5.1759001699919975e-06,4.220059094744516e-06,0.015970036319954826,0
0.9652779631484962,0.016304474275601402,1.1782969236279746e-05,2.478925910727049e-07,3.766151986785215e-05,8.357734854401042e-06,0.01835951245935276,0
0.9624039045201513,0.036768829536931676,5.486677570332249e-06,1.0054680932554736e-07,1.2120069877396274e-05,3.389950337614065e-06,0.0008061686983223123,0
0.9563377326514261,0.04280633508822072,4.840464074558936e-06,1.0953977421516671e-07,9.766773676359648e-06,3.2960920983548132e-06,0.000837919390729568,0
0.9304119643840157,0.06897550388891303,7.31249550059072e-06,1.705762317892432e-07,1.9740149906699217e-05,5.49541579218046e-06,0.0005798130896396308,0
0.8215669314925382,0.1774782776842118,7.25954182734508e-06,1.761917703495658e-07,3.604033906038957e-05,6.101824287838451e-06,0.000905212926304153,0
0.7516339495380062,0.24693574765258938,9.647063763348923e-06,2.3413781249073794e-07,4.734952833055315e-05,7.653225930259533e-06,0.0013654188535675345,0
0.3008111205843992,0.6984984057622434,1.0155896140607105e-05,2.1004340302133007e-07,1.5117253579241938e-05,7.385128575602686e-06,0.0006576053316587211,1
0.5180014174150492,0.4817339609840306,9.272483277341851e-06,1.8580541324179151e-07,1.1891702233819007e-05,6.3851624963924225e-06,0.00023688644749925356,1
0.18367956299934182,0.8160901463294862,5.663277282632662e-06,1.1762471937129452e-07,7.385768899724755e-06,4.1403071894338e-06,0.00021298369308062434,1
0.24180367983623874,0.7578691786055834,7.5061275317392e-06,1.5590021473847712e-07,9.789123949713366e-06,5.363462574089238e-06,0.00030432694390741837,1
0.3033844280402504,0.696321912429679,7.478415106865353e-06,1.553246352575146e-07,9.752982762278152e-06,5.343660811726468e-06,0.0002709291467545206,1
0.5248870146703779,0.47464761104822917,7.97864001417447e-06,1.5189730543572753e-07,7.72294955873517e-06,5.346678054686552e-06,0.0004441741164598894,1
0.5049305000761636,0.49420320135950885,2.0016323118253866e-05,3.0805660085539165e-07,2.22387850982201e-05,1.0598125552044251e-05,0.0008131372739582917,0
0.8192042266672023,0.1805075230359581,8.69566331531326e-06,1.7193500620161868e-07,9.20722504877025e-06,5.915110331856308e-06,0.0002642603631372762,0
0.7929974169248492,0.20564380045071984,2.0544194911537968e-05,4.062101016839213e-07,3.111118167793891e-05,1.3974917746286986e-05,0.0012927461199937055,0
0.7435153249482208,0.25401828629911327,2.1181753125343576e-05,3.992468682704384e-07,5.3280182348277406e-05,1.2325438665205195e-05,0.002379202131658852,0
0.7497369292611485,0.24941731487799124,9.88040306742274e-06,1.9301609657898296e-07,2.1266697567668077e-05,6.096629715299493e-06,0.0008083191144130781,0
0.33919166475987306,0.6601972146086253,6.201300526426246e-06,1.268129221790284e-07,7.6153417304617915e-06,4.503412975389413e-06,0.0005926737633469695,0
0.3178138003822986,0.6801584591503784,6.246003494206149e-06,1.27727071388551e-07,7.670238017871035e-06,4.53587647627613e-06,0.002009160622263286,0
0.22943453299009509,0.76922918085892,4.970607220303204e-06,1.015735186136062e-07,6.099670614923759e-06,3.525521263471922e-06,0.0013215887783673947,0
0.2956093579753603,0.7037391541464252,8.521598333657414e-06,1.7967936116138947e-07,9.138402431417063e-06,5.451283690668104e-06,0.0006281969143974964,1
0.5261072360379812,0.47376162454621173,1.1770021372707368e-05,2.1797304613967885e-07,1.2873342917287206e-05,7.489403150743234e-06,9.878867532021857e-05,1
0.7206683678742059,0.27926014535321125,1.4418511896686355e-05,3.257434795824544e-07,1.696127572534295e-05,9.320792265729884e-06,3.0460449215615362e-05,1
0.6157583543422355,0.38418144707254875,1.7684028825005895e-05,3.191381265130539e-07,1.5745956365704396e-05,1.1047575250053471e-05,1.540188664855292e-05,1
0.712488862884921,0.2874621555594349,1.560624715863197e-05,2.075160886554604e-07,1.9549387000488678e-05,7.183565404944471e-06,6.43483999163968e-06,1
0.6541665766560699,0.3457779388885045,1.6423416723208145e-05,2.791569728531665e-07,1.98790654456537e-05,1.1316180616502506e-05,7.5866356673779345e-06,0
0.7372180061813715,0.26273145891204025,1.5599832263296844e-05,2.6515809864857663e-07,1.7951952211479237e-05,9.511775080510911e-06,7.206188934279345e-06,0
0.6812360475517568,0.31871089571170014,1.6281669430384165e-05,3.2052178201497837e-07,1.89708620116571e-05,9.947435175805567e-06,7.536248143127964e-06,0
0.8278023867170479,0.17216468509629398,9.019654265062688e-06,1.7742063394766012e-07,1.3483996099901587e-05,6.057650173364347e-06,4.18946548591287e-06,0
0.8193822302234686,0.1805835807656261,8.927909059143433e-06,1.6715038468028035e-07,1.4951066375570198e-05,5.996033580731207e-06,4.146851505110356e-06,0
0.8025532256979029,0.19741361673132665,9.04632529108816e-06,1.693674008473166e-07,1.352386813937663e-05,6.216156246372062e-06,4.201853692791309e-06,0
0.7760312340265776,0.22393130741592973,1.0230123503817647e-05,1.9153074562723605e-07,1.5125167452711716e-05,7.160029341785947e-06,4.751706448647585e-06,0
0.47925213566142144,0.5207026866258072,1.4788044172243286e-05,1.9855537041710596e-07,1.5228876228671315e-05,9.02253742612832e-06,5.939699573826093e-06,0
0.48652073380925304,0.5134276591906801,1.699981119363536e-05,2.2825221302142607e-07,1.6895101957712784e-05,1.0655766695195118e-05,6.8280680072274e-06,0
0.5047079880368252,0.4952413049404625,1.6603184927806616e-05,2.2292681135156936e-07,1.5156225453915599e-05,1.0407154701466632e-05,8.31753081779411e-06,0
0.5168263003276019,0.4831237600667964,1.636258399771906e-05,2.1969632284072876e-07,1.4903983890788335e-05,1.0256342004286805e-05,8.196999386054072e-06,0
0.694172034641803,0.30578530123743286,1.3759780112619737e-05,1.6299532248961203e-07,1.165281358599268e-05,7.437199380804177e-06,9.651332362091106e-06,0
0.5470926512525053,0.45284781631448345,1.9520503037843347e-05,2.421599624831609e-07,2.0718613634888135e-05,1.0867292629805478e-05,8.183863746237251e-06,0
0.6397946707228009,0.3601562586089093,1.5891110551594315e-05,2.0493794337722272e-07,1.7455222138059498e-05,9.196898524402656e-06,6.322499132347649e-06,0
0.6373922711315102,0.3625590780201908,1.4059904059849688e-05,2.04168410816326e-07,1.8925652796844025e-05,9.162364593022442e-06,6.298758438611754e-06,0
0.6719842339562112,0.32796689927394923,1.2868244311801742e-05,2.0149618769603602e-07,1.8105357852420216e-05,1.2917482831664306e-05,4.774188656073193e-06,0
0.6876866962286342,0.3122659282218743,1.3057709567441042e-05,2.0446291149977677e-07,1.6161222666456257e-05,1.3107673049351807e-05,4.844481296799914e-06,0
0.6822426727063216,0.31771534832236414,1.0928258325657502e-05,1.7993056108642242e-07,1.4894702433916561e-05,1.1534957362229594e-05,4.4411226312401205e-06,1
0.3374578890847927,0.6597150729764104,1.5035977268733229e-05,2.3400915407807295e-07,0.002794271371463774,1.2025815322304605e-05,5.470765587865658e-06,1
0.3248327450699919,0.6732373895476504,1.392457928533816e-05,2.1412805021911818e-07,0.0019016148757379028,1.0660622675226376e-05,3.4511766089855672e-06,1
0.3931702704357194,0.6026987219312191,1.479783478699069e-05,2.4299399307266813e-07,0.004100018851801075,1.1061929852401933e-05,4.886022628074462e-06,0
0.4313649196938255,0.5579799767030524,1.6783039325007093e-05,3.1323471223034844e-07,0.010620261635308128,1.229656949645631e-05,5.449124280278414e-06,0
0.30214335915600726,0.6955908903135325,1.8580972950739203e-05,1.9072178047767041e-07,0.0022293246536739704,8.637642872245801e-06,9.016539182915988e-06,0
0.14061189964348061,0.8577021544849213,1.0767404701906195e-05,1.4007873130648034e-07,0.001663832552784614,7.618457679972356e-06,3.5873777001832367e-06,1
0.933435229303617,0.03601672934288319,7.647334926460016e-06,1.4288309461469779e-07,5.908445702451795e-06,4.8173243693906865e-06,0.03052952536540675,0
0.9339203413243766,0.01815814567259786,1.5065008759938445e-05,2.7607573870638495e-07,1.774644769765341e-05,9.307933786387893e-06,0.04787911753704275,0
0.9705771899432768,0.02843785269982405,6.4741094808161815e-06,1.2761888055511282e-07,9.28707935711954e-06,4.000036331443151e-06,0.0009650685128494308,0
0.9386054822165898,0.06034050860298843,6.54555324762589e-06,1.4812596763743655e-07,1.7669782131145117e-05,4.457164851662757e-06,0.0010251885542236932,0
0.9361759235877462,0.06284383461393812,6.528610234107826e-06,1.4774254698877438e-07,1.7624044307895748e-05,4.445627583310176e-06,0.0009514957736432198,0
0.944640641715706,0.054660040868654065,6.587640640687019e-06,1.4626020948036218e-07,1.7783397441833753e-05,4.48582407143432e-06,0.0006703142932765069,0
0.9454624822722731,0.0539197817375425,5.970052996823931e-06,1.392615070598047e-07,1.5209126663839873e-05,4.48655640420568e-06,0.000591930992612181,0
0.9322881137574824,0.06711880078546478,7.327240940650698e-06,2.0802796142467866e-07,1.5216981802045608e-05,5.506497142474858e-06,0.0005648267092060722,0
0.8208156155684402,0.1783278439545927,6.960626801468688e-06,1.6893699190130816e-07,4.436906992768373e-05,5.850578822453555e-06,0.000799191264423639,0
0.6397065925754013,0.35986544108798507,8.647385123243506e-06,1.919910979617524e-07,1.4505941231397189e-05,6.498599112095165e-06,0.00039812242004916645,1
0.32906634096008186,0.670601940761015,6.124306984778179e-06,1.3624600725915697e-07,1.1077582879039686e-05,4.611714768031879e-06,0.00030976842826398025,1
0.29801725809214247,0.7015995258992991,7.07507733868088e-06,1.5739757018073875e-07,1.279732642234486e-05,5.327662171223457e-06,0.0003578585450560425,1
0.2529491865663968,0.7467818418302983,7.67015527197838e-06,1.7306311885169403e-07,1.107618470922721e-05,6.084901339580649e-06,0.00024396729886517606,1
0.3219801224880147,0.6777694076406108,7.961438848535535e-06,1.595342251914488e-07,1.021032417183113e-05,5.594238242998084e-06,0.0002265443358860335,1
0.2018258735527055,0.7979193599406819,6.371032131969748e-06,1.3012497182820768e-07,8.17067173586709e-06,4.476712347867968e-06,0.00023561796542527903,1
0.1826646145589995,0.8171048084445733,5.670318554888877e-06,1.1777096466917074e-07,7.3949517821882236e-06,4.145454920807394e-06,0.00021324850020453364,1
0.4021048503117896,0.5976136643717694,7.16838320325267e-06,1.488853574615248e-07,9.348654335936196e-06,5.122129202415406e-06,0.000259697264341982,1
0.8170604742015215,0.1826478576270218,8.7987705358489e-06,1.7397369375878386e-07,9.316398018008035e-06,5.985247659322207e-06,0.00026739378154974397,0
0.8021051089883573,0.19660615546713864,2.082574294648532e-05,4.117770103117518e-07,2.9762481580366216e-05,1.4166437085300277e-05,0.0012235691058815302,0
0.7436889072151873,0.25407758981110184,2.462952777942507e-05,3.583481964375633e-07,3.6515643290414717e-05,1.2328316181663934e-05,0.002159671138263111,0
0.8651085531631625,0.1343555115901406,1.0897905517736243e-05,1.3923687435962167e-07,9.920342369131353e-06,4.901039807165899e-06,0.0005100767221286101,0
0.7367974466442374,0.26219163547351243,9.70988018299582e-06,1.8968489021980165e-07,2.0899662074609022e-05,5.99140982930481e-06,0.000974127245272898,0
0.855691492436882,0.14324126110236485,1.154753763134095e-05,1.8167782111785352e-07,1.8719591700810224e-05,6.24331869340334e-06,0.0010305543349066917,0
0.9196826497940195,0.07925004772755963,7.59049347964396e-06,1.1942150444681866e-07,1.1293829956105683e-05,4.103893950949107e-06,0.0010441948395298688,0
0.8600478539543603,0.13940567553180877,9.56309755685945e-06,1.788291638072414e-07,1.5022314181175038e-05,6.145425206300654e-06,0.0005155608477226074,0
0.5060577769169443,0.49304371075585607,9.117586087666359e-06,1.8644923432893996e-07,1.1196608440213332e-05,6.621232968222125e-06,0.0008713904504691571,0
0.4797710198076104,0.5193833332746436,8.582568792319824e-06,1.7550844757782371e-07,1.0539594718912634e-05,6.091733084568749e-06,0.000820257512702718,0
0.366058655486895,0.6329480477945206,9.471293903623187e-06,1.997038549978661e-07,1.0199912558380072e-05,6.026695802600247e-06,0.0009673991124648341,1
0.6945181371687839,0.30542318185218487,1.528840379230717e-05,3.183357628639554e-07,1.7923612685199302e-05,8.745805587980611e-06,1.6404821202982257e-05,1
0.8312105912855065,0.16876145351971153,8.072207676065594e-06,1.9993423343774845e-07,8.75655160475005e-06,5.492898191196192e-06,5.433603076526135e-06,1
0.8758102365842397,0.12416618918621432,6.611004654673735e-06,1.8926478090977545e-07,7.825336185165227e-06,4.498592822050177e-06,4.450031103272122e-06,0
0.5952529563068519,0.4046974692464124,1.6050691161568937e-05,2.8966179354443774e-07,1.4224812341397321e-05,1.0027195735626824e-05,8.982085703458437e-06,1
0.6259494322962376,0.37401101089896466,1.43458072615638e-05,1.9522562864206967e-07,1.2203937548852725e-05,6.758107678099812e-06,6.0537266807526205e-06,0
0.8078342458706125,0.19213211874927008,8.802083345189892e-06,1.6479464647207518e-07,1.4668566049538403e-05,5.911528328584599e-06,4.088407747693781e-06,0
0.7512420339268598,0.24871626581888348,1.0786125272603319e-05,1.811106158513152e-07,1.7192173966133085e-05,8.530885236198043e-06,5.009959165656566e-06,0
0.4886885113734318,0.5112676109084299,1.4373093639095289e-05,1.9298393339309295e-07,1.4769241926513552e-05,8.769366237855369e-06,5.773032401602993e-06,0
0.5942274423156834,0.4057247691053292,1.4762662773888772e-05,2.1609040957188655e-07,1.4659362257729115e-05,1.0088002911284082e-05,8.062460635160676e-06,0
0.654952623149731,0.34500241290374434,1.4353464803086671e-05,1.729175828214995e-07,1.2362172899089187e-05,7.836538752470705e-06,1.0238852487107833e-05,1
0.6562779271919573,0.34367747190160725,1.4355486672462128e-05,1.7294194047799436e-07,1.1939989071321823e-05,7.89219399054995e-06,1.024029476063325e-05,0
0.6776384814436025,0.3223141062388297,1.3868888588231535e-05,1.9769905358441084e-07,1.7761793618941697e-05,8.872042454527484e-06,6.711893852600626e-06,0
0.6974200484396952,0.30253372093792086,1.3349635524332511e-05,1.90297174288131e-07,1.769021806092603e-05,8.539871985477445e-06,6.460599639271576e-06,0
0.4956165288702627,0.5043353988564687,1.3532223865708718e-05,2.070184470243078e-07,1.764272531670215e-05,1.1161891774551316e-05,5.5284138645982845e-06,1
0.35376342392825777,0.6459707506054786,1.3493959890665315e-05,1.7062367811394883e-07,0.0002386279036682162,9.163353657566838e-06,4.369625369107736e-06,1
0.4216289894074373,0.5765959775138864,1.3580768870315609e-05,2.8918169037884945e-07,0.0017471849015976639,1.0453242537203904e-05,3.524983980908353e-06,1
0.38721025024492134,0.6112703257720912,1.3282608487627209e-05,2.8283282130573693e-07,0.0014921872015676277,1.0223745752081536e-05,3.447594358659838e-06,1
0.27505055429154773,0.7234547358571681,1.656309212073581e-05,1.744260897640119e-07,0.0014632309370432282,7.899623562712172e-06,6.841772467921987e-06,0
0.11819007709467862,0.8801149681411474,1.048962303740008e-05,1.3646492610258286e-07,0.0016734119332986487,7.421913766754581e-06,3.4948291449503682e-06,1
0.11826540760440887,0.8800800742560206,1.0489207155709006e-05,1.3645951568277677e-07,0.0016329761628030644,7.421619510417883e-06,3.494690585590357e-06,1
0.08253138528304554,0.9122347036884808,9.278018994863928e-06,1.1842076738120759e-07,0.005215296998850458,6.126431000722051e-06,3.091158860050927e-06,1
0.12601865309865695,0.8703467868286991,1.0628646252722008e-05,1.4737779986600855e-07,0.003613934352550501,5.935371798012164e-06,3.9143242428910605e-06,1
0.17098276596594145,0.8111081419659839,2.767700087774805e-05,2.0243352037668016e-07,0.0178245258611647,4.832948910798425e-05,8.357283403944562e-06,1
0.14525672619183877,0.8358514295120416,3.460643028937947e-05,2.477202251101405e-07,0.018798325332991264,5.1660470658647584e-05,7.0043419551862005e-06,1
0.11021677396387725,0.6302555026611605,3.972836729733408e-05,2.764138903807922e-07,0.2593898525707447,8.847235439042582e-05,9.39366863941342e-06,1
0.010359046522018217,0.09209547328731019,8.288568280254011e-06,5.120825507701763e-08,0.8975183706847869,1.3238316711348163e-05,5.5314126379370294e-06,4
0.9455518967311652,0.015618709040805534,1.2958150725365445e-05,2.554335379306995e-07,1.5869516359477613e-05,8.006209015057264e-06,0.03879230491839145,0
0.9739534488159656,0.025114965045197796,5.552521677299997e-06,1.0945236604582238e-07,8.58375062655242e-06,3.293461954387737e-06,0.0009140469522126211,0
0.9538959564066246,0.045040537094486466,4.963789033155029e-06,1.25290000373693e-07,1.4104498878898033e-05,3.7700221969000762e-06,0.0010405428987794918,0
0.9444050105573778,0.05488118768560957,6.076500839831908e-06,1.4174458167378934e-07,1.6403570775089792e-05,4.566553056164279e-06,0.0006866133877596134,0
0.9485570185482595,0.05086325515350191,5.19925970077778e-06,1.3527348233530135e-07,1.1042442451110867e-05,4.358075115688765e-06,0.0005589912474887317,0
0.707107307891044,0.29214479991133674,1.1312849699296766e-05,2.0737395211147234e-07,1.415919905653338e-05,7.1263606299121e-06,0.0007150864142811379,1
0.7292534585045883,0.2701874319619547,1.1729133345108539e-05,2.1500477786501574e-07,1.459723991641427e-05,7.388592292423598e-06,0.0005251795631252266,1
0.26666362973480257,0.7329945505485466,5.771393368964481e-06,1.400738557950401e-07,1.2695557136846853e-05,4.741281468574842e-06,0.00031847141082065556,1
0.25318263828324505,0.7464631015135156,7.828295561589902e-06,1.7663126718322332e-07,8.888533203223816e-06,6.21035747781742e-06,0.0003311563857295858,1
0.2529498242587534,0.7467837244893376,7.670174608665947e-06,1.730635551489188e-07,8.555183151323311e-06,6.084916679796317e-06,0.00024396791391392898,1
0.5165168197937362,0.48319386016568305,6.319880889315613e-06,1.3126219659867817e-07,6.366119826475671e-06,4.620336772603676e-06,0.00027188244089572394,1
0.4840447856117746,0.5156458497234154,7.357810323351032e-06,1.400779531397168e-07,6.7936775236310605e-06,4.930645187214593e-06,0.0002901424538227373,1
0.5598621325403774,0.43976315100089974,1.0933507636859222e-05,1.6201877160513953e-07,7.857791054116027e-06,5.702946527613123e-06,0.00035006019473251946,1
0.5989231982080281,0.4001457326863912,1.9534583990434085e-05,3.862475693632959e-07,2.9241949369513386e-05,1.328814322730811e-05,0.0008686181814240753,0
0.7903567789516898,0.2086341345204098,1.9803576154036434e-05,4.96831494409681e-07,2.235325069275785e-05,1.3471121600368003e-05,0.000952961747958832,0
0.8793157041847934,0.12044145555631534,6.6243518681399815e-06,1.870460151639114e-07,5.5398482103234404e-06,4.506128026838727e-06,0.0002259828847704994,0
0.7881810061565542,0.20870079975246267,1.7382361789262842e-05,4.908105081881721e-07,1.8618679633227233e-05,1.1824122448562038e-05,0.003069878116603854,0
0.7097310546256105,0.2880842994156301,2.742630471337851e-05,3.5192008049523625e-07,2.3830005737498618e-05,1.2107168575572353e-05,0.002120930559652523,0
0.7343028775049644,0.2634277448000906,2.502512942115636e-05,3.6410401669086807e-07,3.7102160765046523e-05,1.252633468063503e-05,0.002194359966061521,0
0.8554972959153164,0.1439901063079899,1.0272771320484346e-05,1.3124985964940918e-07,8.642843430851575e-06,4.619902520687693e-06,0.0004889310095619728,0
0.6714478076027036,0.3273600016860797,1.011548982134182e-05,1.6509161872984374e-07,1.5548344747908346e-05,5.811108579862393e-06,0.0011605506764489257,0
0.9099533187298563,0.08929439516602451,7.820507120847793e-06,1.2304031726175841e-07,1.188134487375767e-05,4.228253663964296e-06,0.0007282329581435721,0
0.7403072788281786,0.25898926505074304,1.1186803797204682e-05,2.079971026567841e-07,1.660088152288639e-05,7.147775062474155e-06,0.0006683126635928723,0
0.6886155516205189,0.3104783950553093,1.2928311954540769e-05,2.0164560005371122e-07,1.616389688131662e-05,7.089861722293587e-06,0.0008696696080133382,0
0.6317798930856058,0.36727765948888136,9.939852123300707e-06,2.0326408765575476e-07,1.283551935781694e-05,7.074005950603526e-06,0.0009123947839933637,0
0.534545321005221,0.46460436265073346,9.61713748051147e-06,1.9666476438353648e-07,1.2418791825738052e-05,6.984009488215909e-06,0.0008210997404864903,0
0.3844325130031712,0.6148885958268756,9.407713382769508e-06,1.7598866334623766e-07,1.0206069547797409e-05,6.1084009220691725e-06,0.0006529929974371268,1
0.3300452421267375,0.6694038073600255,8.03377891894295e-06,1.6939360520738896e-07,8.715540433930892e-06,5.216309272989817e-06,0.0005288154910061569,1
0.38005247989079954,0.6192728253230124,8.906080426733945e-06,1.8778623198034474e-07,9.550713826138585e-06,5.667043813821987e-06,0.000650383161889276,1
0.7407753458364449,0.2591561505803243,1.3631934557011414e-05,3.0797309929478334e-07,1.6952631913687345e-05,8.812312331283564e-06,2.879873132953943e-05,1
0.8796344052398122,0.12034028519199844,7.275189479906784e-06,1.8019350965069436e-07,7.89196396718433e-06,5.065110860131093e-06,4.8971103726111385e-06,0
0.8890693866007676,0.110906855558251,6.480984930937968e-06,1.4396491719154752e-07,7.671434002050674e-06,5.0989455267413425e-06,4.362511604362979e-06,0
0.8534747139585879,0.14649388253987514,7.901219451045441e-06,1.8558068559267467e-07,1.289340941859385e-05,5.5579923544993505e-06,4.865299627110171e-06,0
0.8746303976883537,0.12534579645715238,6.4940827057973516e-06,1.4425586372098986e-07,7.68693762017017e-06,5.109250263018495e-06,4.371328041281791e-06,0
0.6338481360146742,0.3661185820088448,1.0477260526735434e-05,1.9603770090268287e-07,9.743551018102077e-06,6.786219109051759e-06,6.078908126165132e-06,0
0.5888600161505151,0.411082212439001,1.6759260637234766e-05,2.7075430755769556e-07,1.4840134046617875e-05,1.0469853609563341e-05,1.5431407882977212e-05,1
0.538370854563199,0.46158568478333195,1.643669402377793e-05,2.0926460618926765e-07,1.3081541613582726e-05,7.244093676015787e-06,6.489059549388319e-06,1
0.5202159198274521,0.4797449469800505,1.4988671275948963e-05,1.8696718870051039e-07,1.1687686245175162e-05,6.472226020213062e-06,5.797641767294507e-06,0
0.5194760255645162,0.48048517562914894,1.4860595748515315e-05,1.8536958736115561e-07,1.1587817047114106e-05,6.416922001201137e-06,5.748101950619156e-06,0
0.5183689077037816,0.48159167295251415,1.5098272003617299e-05,1.883343372325194e-07,1.1773149385546107e-05,6.519552475533191e-06,5.8400355021865e-06,1
0.6337722531934241,0.3661757592301467,1.869077012158143e-05,2.6312773392232394e-07,1.595155491919599e-05,9.108668627732943e-06,7.973455026814464e-06,1
0.7095711620032294,0.29038413109155287,1.5014813818044144e-05,2.5521424950972894e-07,1.3345863294131324e-05,9.155068432947392e-06,6.9359454229790275e-06,0
0.7160190805802639,0.2839405024573745,1.3531720550282424e-05,2.30005376467969e-07,1.2153617866124545e-05,8.250773479753575e-06,6.250845088932871e-06,0
0.8241790289889401,0.17578993958839761,8.885332074827508e-06,1.6254467267349083e-07,1.2120140937246122e-05,5.830817066819439e-06,4.032587910659215e-06,0
0.7400269352086021,0.25993061948995155,1.2315660363263646e-05,2.1435003435640979e-07,1.6851402434589855e-05,7.948433021151399e-06,5.1154555929707585e-06,0
0.5601532392052293,0.4397996928221593,1.5705638409004e-05,2.1087567873175122e-07,1.5574823908095825e-05,9.844557494150236e-06,5.7320771213267955e-06,0
0.6440807995021852,0.3558677035459319,1.4275141279743604e-05,2.4319532209770475e-07,1.3672810766604846e-05,8.887341470023893e-06,1.4418463044426893e-05,0
0.6217787453004818,0.3781690210466041,1.4294730093945148e-05,1.9193176567211137e-07,1.3691573043241642e-05,8.899536969696391e-06,1.5155881041402841e-05,0
0.6136543485438932,0.38629690457723753,1.4397605902772355e-05,1.933130534266466e-07,1.3790108072702385e-05,8.963584843138432e-06,1.140226699743903e-05,0
0.6974193738260542,0.30253342829738744,1.4302523154326406e-05,2.0469534033937279e-07,1.7690200949197683e-05,8.539863724868726e-06,6.460593389940696e-06,0
0.7015717329887116,0.2983818649156396,1.3260755513019835e-05,2.0333270399781674e-07,1.7420329270921028e-05,1.0699975652725213e-05,4.817702508096446e-06,0
0.43628368814959906,0.5636715503120454,1.2542599727393456e-05,1.2947788542661926e-07,1.9480140667042325e-05,8.517312784286109e-06,4.092007291366968e-06,1
0.3587441497740307,0.6411962173630642,1.3394222619265023e-05,1.6936255534277928e-07,3.26363243754754e-05,9.09562499243913e-06,4.3373283625294245e-06,1
0.3371575004681968,0.6598684354215534,1.2995992250446469e-05,1.88391727471576e-07,0.002947427818236043,8.14256461561414e-06,5.309343420163504e-06,1
0.4705821851505217,0.5250573987741489,1.545770894148457e-05,2.4670685154508553e-07,0.004327495800911076,1.13152811369272e-05,5.900577488410887e-06,1
0.4359308744535751,0.5595997169321756,1.5559942064751567e-05,2.611262348197138e-07,0.004436360297386854,1.1976630323428037e-05,5.250618239486498e-06,1
0.48083418513265624,0.5150321617504464,1.3918856621819724e-05,2.403296591110537e-07,0.0041037208411886135,1.0940640124149525e-05,4.832449303645399e-06,0
0.0023435208356954776,0.02249698129053358,9.156129675948846e-07,3.562608110250198e-86,0.9751550688716663,2.8456473115050295e-06,6.677418258158422e-07,4
0.004530837095090561,0.03780274853650112,3.614406581124259e-06,2.0501622519513794e-08,0.9576558079508367,5.404302116720493e-06,1.5672072513186844e-06,4
0.9374545598873671,0.06139492214536147,6.537527060337896e-06,1.8560716620845695e-07,1.7648115363592036e-05,4.913019016050779e-06,0.0011212336986651805,0
0.9442170909421684,0.054870267316110444,6.07529172542985e-06,1.7248382616842888e-07,1.6400306759467626e-05,4.5656443942199286e-06,0.0008854280150155231,0
0.901180893685447,0.09764699148965898,7.888460870417833e-06,1.6282179170875152e-07,2.0746600122596187e-05,5.5953353558178315e-06,0.0011377216067533255,0
0.8951539411703772,0.10382589556364769,8.05641347588769e-06,1.7887021878000605e-07,2.9354127436400517e-05,6.054477823631095e-06,0.0009765193770203787,0
0.8940749404564617,0.10499777160669273,7.312753089961928e-06,2.0514683712927657e-07,5.188750816677168e-05,6.007530329876095e-06,0.0008618749984216188,0
0.7223587845619998,0.27708154235411925,1.173996636592655e-05,2.1520335615431068e-07,1.4610721918813533e-05,7.395416392019414e-06,0.0005257117758480987,1
0.44155775276801495,0.558233925724457,5.850131355028391e-06,1.1722707298873868e-07,7.502630958927849e-06,4.110692699584321e-06,0.0001907408254415584,1
0.2520844427584561,0.7475742480140675,7.957543086587491e-06,1.5945616048785238e-07,1.0205327965348536e-05,5.720892884563052e-06,0.00031726600737938055,1
0.5043262983948789,0.4954013992184063,5.909829291491059e-06,1.227455371248827e-07,7.707309955956496e-06,4.320556363878466e-06,0.0002542419455664199,1
0.8838187809051334,0.11588971039196792,9.332312081333286e-06,1.9386859346097739e-07,9.881327558632327e-06,6.348182261747714e-06,0.0002657530124034371,0
0.8907438644731457,0.10901384878329819,7.999483403230838e-06,2.022592925606446e-07,8.470089203861446e-06,5.4415431246787144e-06,0.00022017336853182625,0
0.8864652634257596,0.11333787696017464,6.233650809883331e-06,1.563896350544342e-07,4.919695224578626e-06,4.240358782726973e-06,0.00018130951961319223,0
0.7959987865246972,0.2033116341207792,1.1067024091083602e-05,2.0170866138640996e-07,1.2822948480873139e-05,6.9316741499129704e-06,0.0006585559991402333,0
0.7844852658958764,0.21485390957436332,1.4225347201327652e-05,2.3460258481109344e-07,1.3072004667266209e-05,6.97498499031183e-06,0.0006263175903163721,0
0.7654309910255512,0.2339217810737545,1.393332413109192e-05,1.988023669852454e-07,1.2803657829537382e-05,6.831799976765804e-06,0.0006134603163898861,0
0.6114536834406611,0.38778183249099185,8.331228069867884e-06,2.1785859819874582e-07,1.0758272642155484e-05,5.929178443603451e-06,0.0007392475305932839,0
0.6452948478714777,0.35377585747827417,1.0175905566246e-05,2.080912407283639e-07,1.3140339640736557e-05,7.389789443050729e-06,0.0008983805243572173,0
0.404599921058989,0.5940967918130209,9.568577277207913e-06,2.0175509160077996e-07,1.0304679859875045e-05,6.088598358387431e-06,0.001277123517402964,1
0.8398716212667653,0.16010185799326787,7.658001398374243e-06,1.8967508031153865e-07,8.30722983415562e-06,5.211043089739999e-06,5.154790563878155e-06,0
0.7215329625719273,0.2784303913220828,1.1582115327137458e-05,2.0901880579011906e-07,1.1137949474682772e-05,7.23558482614643e-06,6.481437556083362e-06,0
0.6178140404761607,0.38215260061665535,1.0501478530075523e-05,1.9649083859866074e-07,9.766073064823986e-06,6.8019053351058135e-06,6.092959415328735e-06,1
0.45850859915590514,0.54145456604341,1.393081557596825e-05,1.7736088724308168e-07,1.108717747039307e-05,6.139685563874634e-06,5.499761187574056e-06,1
0.520325559356368,0.47963989717896316,1.2408998602367393e-05,1.7234456041801186e-07,1.0773597026454397e-05,5.966035838333133e-06,5.22248864125736e-06,1
0.7324696011551783,0.2674895554203468,1.2438897091543149e-05,2.0224219918976717e-07,1.534434216306732e-05,8.031391552000881e-06,4.8265514690853145e-06,0
0.5563209013542472,0.4436325585315096,1.5607548405871324e-05,2.3620120525169792e-07,1.547755091058045e-05,9.5225364478149e-06,5.696277273645003e-06,0
0.6349412408958336,0.3650142516595321,1.4275292451292197e-05,1.9167078130581934e-07,1.2983798742298017e-05,8.947992664977387e-06,8.108689994568833e-06,0
0.6429799119840616,0.35696700233690315,1.730333622709512e-05,2.0497150720416448e-07,1.4151324711552518e-05,9.289206644855147e-06,1.2136839944669089e-05,1
0.6281953786853016,0.37175204867076006,1.7042792642823157e-05,2.01054870997689e-07,1.4432237617272577e-05,8.991632006864644e-06,1.1904926800213648e-05,1
0.6375117639139456,0.3624188160741888,2.094992408580746e-05,2.5449849656124287e-07,2.176438830863343e-05,1.1381752732592617e-05,1.506944824212116e-05,1
0.7005675314183718,0.29937371096461757,1.5990069080085505e-05,1.9424645760645155e-07,1.6044064486115592e-05,8.628352501763718e-06,1.7900884485065956e-05,0
0.7783778572832576,0.22158224141863742,1.0601622852831767e-05,1.5890652371376428e-07,1.3613231335725077e-05,7.1311693158305744e-06,8.396368076974132e-06,0
0.6920866838943487,0.30786626034928555,1.247476021632395e-05,2.0979585741316562e-07,1.7088554819477222e-05,9.273442693559181e-06,8.009202779079944e-06,0
0.7117296734227945,0.28822688356590775,1.3239176975085822e-05,2.0889546978264193e-07,1.5811790323409996e-05,9.233643561218796e-06,4.949504968529929e-06,0
0.7062338376716047,0.2937188125854322,1.327238877295565e-05,2.001550610152161e-07,1.6303280602049134e-05,1.2831506113828274e-05,4.742412413261164e-06,1
0.6772331054580122,0.3227188805959766,1.2879789635881672e-05,2.3405513347643003e-07,1.6982089259310383e-05,1.2981537228406897e-05,4.9364747539135245e-06,1
0.47995384263516094,0.5200012508014995,1.2812028086183571e-05,1.8221398973721063e-07,1.6703765361671486e-05,9.974368645822849e-06,5.234187256151351e-06,1
0.357860015810366,0.6420723720193765,1.3142267790331126e-05,1.8757440235046516e-07,3.892232568293046e-05,1.0073693199229729e-05,5.286309182874296e-06,1
0.5233668274429745,0.4725655283884459,1.7081309168940914e-05,2.7372596578023056e-07,0.004031187809345259,1.2554520629980137e-05,6.546803469627965e-06,1
0.4734970790311531,0.5244286544973431,1.4581993582500847e-05,2.447143481973158e-07,0.002043295254361951,1.1223894394300952e-05,4.92061481679922e-06,1
0.48421106562358224,0.5128970015567081,1.4472729678869518e-05,2.428806863727267e-07,0.002861193672076519,1.1139792964100157e-05,4.883744303854073e-06,1
0.13007251031209224,0.868608600064695,1.1006334008610889e-05,1.3345358628671748e-07,0.001297962554073977,5.8412977647969735e-06,3.945983778942109e-06,1
0.09150347329276823,0.9069151547569517,9.927640265599407e-06,1.2915380184661418e-07,0.001560983279069381,7.0242838752098675e-06,3.307593267851034e-06,1
0.12282979401859585,0.8729868602080629,1.1228996187595432e-05,1.3685663591851598e-07,0.0041615794620980095,7.128443131590959e-06,3.272015288316939e-06,1
0.10881926267057922,0.8872120951341778,1.0909870196633821e-05,1.3924903596661491e-07,0.003946887488281459,7.469855702934137e-06,3.2357320260578796e-06,1
0.11953098997494528,0.8153931585379871,3.512004908856137e-05,6.76509176923921e-08,0.06499019553454582,4.5244011444715675e-05,5.224241070900842e-06,1
0.005801295921821355,0.04573637714274946,4.014820730658878e-06,2.480427947416003e-08,0.9484510949888516,5.296205949277672e-06,1.8961156180999038e-06,4
0.9466892612242251,0.05242454753920813,6.091198189952162e-06,1.7159432640973873e-07,1.2290423650037144e-05,4.57759826637296e-06,0.0008630604221337608,0
0.905523960710121,0.09337335938824615,9.060570410976209e-06,1.6290178561048052e-07,1.8287940200510118e-05,5.59808432880171e-06,0.0010695704049070924,0
0.7033552504440954,0.2955293870052247,9.825734545016983e-06,1.7908479695190803e-07,1.2284676942114744e-05,6.18699944063594e-06,0.001086886054955215,1
0.7115990777486052,0.28787525985098145,1.1169744075169816e-05,2.047507068962169e-07,1.3901064066101453e-05,7.0362133802972945e-06,0.0004933506281848864,1
0.7263058622812121,0.2732576622527965,1.0071427934130791e-05,2.0787932756949665e-07,1.4133765140285974e-05,7.1437277472897554e-06,0.0004049186658421756,1
0.3839698082754406,0.6157013070448027,1.2668015868209995e-05,2.3268121727749486e-07,1.4891792994565782e-05,7.996039277078663e-06,0.0002930961503995182,1
0.584054629508368,0.4156833161939805,1.0205762358995632e-05,1.8745549687028358e-07,9.070313122751983e-06,6.441867260353459e-06,0.00023614889941250364,1
0.5341501128221806,0.46557198488212925,1.0703415140701205e-05,1.9659619074321807e-07,1.258232104130968e-05,6.7559852114408925e-06,0.0002476639781058414,1
0.3902084692714066,0.6095934192038203,6.814365542928513e-06,1.3654875051415832e-07,8.739234520585994e-06,4.788227988340484e-06,0.000177633147970749,1
0.2520846782315555,0.7475749463262016,7.957550519760731e-06,1.5945630943649797e-07,1.020533749818674e-05,5.7208982284722756e-06,0.0003163321996871732,1
0.5530220392281833,0.44673173779597697,5.473202171929006e-06,1.1152794904829782e-07,7.13788224837678e-06,3.910846822870782e-06,0.00022958951664748598,1
0.41384945589194616,0.5853344189322813,1.6899921775208807e-05,2.7969545136435113e-07,2.0122458300652448e-05,9.622411925808922e-06,0.0007692006883195828,1
0.541294715445402,0.45795053005777325,1.544395587009132e-05,2.93433173067406e-07,2.1110807345183687e-05,1.0095033187628153e-05,0.0007078112672486613,0
0.8780092087519094,0.12178579288191907,6.4913681629212344e-06,1.6285523988505623e-07,5.123089811426738e-06,4.415667614540713e-06,0.00018880538534266197,0
0.8771439412448518,0.12253905817376934,6.596032962299522e-06,1.86246399051015e-07,5.205692916635397e-06,4.486864464480144e-06,0.0003005257446365412,0
0.7815120175121125,0.2160049214329402,1.7195192631765994e-05,4.855255768064697e-07,1.9409042519312076e-05,1.1696803096700201e-05,0.0024342744911226835,0
0.6499638277348191,0.34800544997182564,2.5840150316672585e-05,3.3156737207169376e-07,2.245183726861177e-05,1.1670937722170033e-05,0.0019704278006759373,0
0.7072545001358155,0.2921907950553033,9.885488994923463e-06,1.438292761420087e-07,1.0247541598411813e-05,5.06268911198903e-06,0.0005293652598996276,0
0.8643990036551285,0.13520047140627678,9.612975832865346e-06,1.2281999564819005e-07,8.750673355811884e-06,4.32317725140119e-06,0.0003777152921589674,0
0.7078012558732832,0.29097523784744084,1.0970295999495776e-05,4.397749199340028e-08,1.5063036531595326e-05,6.302174420837253e-06,0.0011911267948318876,0
0.8237158916682688,0.17517592327733522,1.1228836436304137e-05,4.339316085257354e-08,2.0641432472404074e-05,6.194901032671083e-06,0.001070076491294078,0
0.8722514937014135,0.12660549106734081,1.1753682035750863e-05,1.5653282350979187e-07,1.9053770224852162e-05,6.354773209048287e-06,0.0011056964729525554,0
0.6047378537984447,0.39441784882358727,1.0555488251538795e-05,2.1585348178173927e-07,1.7187281034549836e-05,7.342237030730074e-06,0.0008089965181693956,0
0.6256418929541021,0.3719591700416729,9.872954704814919e-06,2.018960750770602e-07,1.274913345395128e-05,7.0076228077064186e-06,0.0023691053971834526,0
0.5576222708153362,0.43987756287211455,9.533223827416276e-06,1.949487798873216e-07,1.2310432535747845e-05,6.7664887281811e-06,0.0024713612186779573,0
0.3722307092238015,0.6259173933361795,7.439042727109806e-06,1.517111717887038e-07,9.251630901019958e-06,5.265752032101701e-06,0.00182978930318701,1
0.461249526177458,0.5380665817749678,9.299232167204117e-06,1.7395932174655682e-07,1.0088382413246969e-05,6.037964384493478e-06,0.0006582925092875627,1
0.8558628923939017,0.1441058278239103,7.848006029883243e-06,1.5947583019583705e-07,1.2806574414217721e-05,5.520560184717366e-06,4.945165729043383e-06,0
0.6474315340232746,0.3525267469398707,1.3505590247691181e-05,2.437311549168264e-07,1.1974668046714971e-05,8.437219031603046e-06,7.557828373834146e-06,1
0.538463386148675,0.46149640284181037,1.2974060405247818e-05,2.3413880241719192e-07,1.1637268526229744e-05,8.105161445057004e-06,7.260380335571266e-06,1
0.474750271947911,0.5251950742985354,1.7475057126650135e-05,3.6938452362465364e-07,1.6054948496452626e-05,1.097519195533737e-05,9.779171451521516e-06,1
0.44742378344055855,0.55252736806871,1.563551558300473e-05,3.3050063489899347e-07,1.4364897097692285e-05,9.767827042465298e-06,8.749750373402649e-06,1
0.5059835515061825,0.4939791760702294,1.1889535128574984e-05,2.513187932810574e-07,1.1050461434516383e-05,7.427636276828027e-06,6.653471954830222e-06,1
0.5219793470392112,0.47798499209797124,1.2673482164882399e-05,1.7800667475760082e-07,1.1127546916514666e-05,6.1620407310248165e-06,5.519786330450708e-06,1
0.650995660815602,0.3489622551525928,1.52658460837101e-05,2.484470613705118e-07,1.2991988195208935e-05,6.825716589625482e-06,6.752033875364396e-06,1
0.8408518862623525,0.15911608236438135,8.881765076352866e-06,1.6628646632907088e-07,1.3131628763362634e-05,6.103079171005466e-06,3.748613789013863e-06,0
0.5957584366395052,0.4041956251159558,1.5328670810480656e-05,2.0581422907091347e-07,1.5200996126431544e-05,9.608267882709337e-06,5.594495490405103e-06,0
0.6070085274017069,0.3929465224405629,1.4998966060655423e-05,2.0138736585848785e-07,1.4874037534461999e-05,9.40160341729747e-06,5.4741633520959376e-06,0
0.6064023003213104,0.3935508234039135,1.4313189210528823e-05,1.9217961161361347e-07,1.3709253289133527e-05,8.911029148239442e-06,9.750623516539191e-06,0
0.6232995601591735,0.3766254080100436,1.458689618676467e-05,1.9585460672583124e-07,1.3971411373472959e-05,9.081432180536392e-06,3.719623643527623e-05,1
0.7004055435910931,0.2995322580723979,1.8517481922312263e-05,2.2971706819729414e-07,1.964511201803353e-05,1.0203943302243871e-05,1.3602082198147331e-05,0
0.7048817635063175,0.29507136278014634,1.3288337636718672e-05,2.0375563222299818e-07,1.659655883558662e-05,9.0064513294404e-06,7.778610102104038e-06,0
0.5000923588083154,0.49844920950170896,1.494741041116035e-05,2.508467566735513e-07,0.0014266214084463424,1.150515908362961e-05,5.106865277752953e-06,0
0.33421940645498505,0.6648114307481516,1.4354255829884614e-05,2.5870940137641235e-07,0.00094098571995171,8.6339781178346e-06,4.930133562362433e-06,0
0.3053472311905291,0.6936102327603257,1.1957690826470604e-05,1.8645573337129099e-07,0.0010190411837754584,7.1924620934116815e-06,4.158256716477365e-06,0
0.19990103565828504,0.7988997738301499,1.0757501778043184e-05,1.3583447758941e-07,0.001178335282845571,5.945509988923818e-06,4.016382475007606e-06,0
0.08128118298225125,0.917460706121887,9.989056170663619e-06,1.2995279308931456e-07,0.0012377497303095242,6.914101375016364e-06,3.328055213358192e-06,1
0.11299244743840184,0.8839694309287818,9.218038812543795e-06,1.1992222989133438e-07,0.0030196256714354647,6.086825083920376e-06,3.0711752544871813e-06,1
0.15487055783932355,0.8234007938869228,3.129530164267884e-05,2.0550147725489526e-07,0.02163422673986425,5.591890023501108e-05,7.001830534563518e-06,1
0.07860693413623504,0.8340763318869392,2.9200162206974738e-05,1.7385292269532717e-07,0.08722771359966791,5.288611429372478e-05,6.7602477342422885e-06,1
0.9524576137160806,0.046406251712777506,6.0126696291103725e-06,1.7070591997658962e-07,1.2131973825999996e-05,4.518583242930919e-06,0.0011133006385239275,0
0.41957301777883044,0.5795120746809398,1.515545705260585e-05,2.7622483963356354e-07,1.8388381594216472e-05,9.492406361191736e-06,0.000871595070382068,1
0.7076438860226341,0.29180765986493395,1.0942573081156424e-05,2.005864734726457e-07,1.4182022878421994e-05,6.893110407038868e-06,0.0005162358195918068,1
0.3070048594442498,0.6925180350352675,8.568041015314974e-06,1.9332227940376228e-07,1.3668061850181164e-05,6.797213668169271e-06,0.0004478788816696694,1
0.34167847252602124,0.6581096039457144,7.289451688358285e-06,1.4606870055739353e-07,9.34851930524222e-06,5.122055219076629e-06,0.00019001743335114726,1
0.2494538935020454,0.7502708177861712,7.65669458955259e-06,1.5342764820664542e-07,9.81949812481669e-06,5.380104589475128e-06,0.0002522789868311671,1
0.6849263444571227,0.31479974066364436,8.879122305715187e-06,1.469503914899395e-07,6.975997206535085e-06,5.055560226945145e-06,0.00025285724910238764,1
0.48777249545859874,0.5115473787728136,1.3916886087292213e-05,2.644190438098968e-07,1.902340977305291e-05,9.096854983361504e-06,0.0006378241987001564,0
0.5759529701734771,0.423243934515778,1.5790680722614554e-05,3.1222124057970244e-07,2.3119689827946552e-05,1.0741402386738651e-05,0.0007531313165669336,0
0.8939606171018806,0.1058149500160622,7.198691889960386e-06,1.4954496370273321e-07,7.193179271716699e-06,4.89681525492928e-06,0.0002049946506769465,0
0.8782116853041629,0.12156051804928872,7.5358976206483906e-06,1.9053796910762898e-07,7.530126776814376e-06,5.126195007712626e-06,0.00020741388917426963,0
0.9033309432702211,0.09643943931418701,6.61075515253136e-06,1.866620966274971e-07,5.2173119006285454e-06,4.496879040296867e-06,0.00021310580740193646,0
0.8907344149567997,0.10894367285283076,6.698231938273808e-06,1.8913210192283273e-07,5.2863499552459595e-06,4.556383970556934e-06,0.0003051820924036477,0
0.7929932543407208,0.20521386445069967,1.9147946868563453e-05,6.261825045474467e-07,2.1656577348923902e-05,1.3051273433337752e-05,0.0017383992284243,0
0.8438085295270422,0.15498783076323325,1.1502737846210311e-05,4.4451636323761115e-08,1.78893976954396e-05,6.346011268954505e-06,0.001167857111277795,0
0.9098813437930203,0.08913386930446994,7.774741372821456e-06,1.0354221047025215e-07,1.1978687629523533e-05,4.2035098476380414e-06,0.0009607264214494178,0
0.3424020907682324,0.6557702570111253,7.448421652117274e-06,1.5190244474615252e-07,9.26329508357684e-06,5.272390936491514e-06,0.001805516210525264,1
0.39670946340696844,0.6024495018885871,8.819248530706353e-06,1.859553665727313e-07,9.4575969273229e-06,5.611791656234403e-06,0.0008169601119635121,1
0.8174911855178496,0.18247677389893902,8.562979257167858e-06,1.9401692218523646e-07,1.1987301239341811e-05,6.023497200394589e-06,5.272788592315141e-06,0
0.8630112165962657,0.13695949179001343,7.98499725725473e-06,1.9777418640570363e-07,9.451708361975764e-06,6.282234333173857e-06,5.374899581897166e-06,0
0.7160786553802505,0.28387078981209285,1.7033635252363988e-05,2.7325942003424286e-07,1.793749620825191e-05,8.07608358584424e-06,7.234333190346587e-06,1
0.5229372175647621,0.4770274703042879,1.253882601421307e-05,2.062812811578757e-07,1.1009316376977377e-05,6.096568852474606e-06,5.461138425312587e-06,1
0.7007299790228951,0.2992266096220598,1.606048354459359e-05,2.521025400449694e-07,1.3321244841477049e-05,6.926145474932589e-06,6.851378644042505e-06,0
0.8435657434900251,0.15639747739461876,1.019823469929573e-05,1.9093371603077375e-07,1.5078020073886742e-05,7.00768746293557e-06,4.304239403850317e-06,0
0.6237890076572143,0.37616443890351464,1.4723575569081588e-05,1.9768976660689619e-07,1.4102323656125285e-05,9.16652530282206e-06,8.363324976258749e-06,0
0.6419074448476273,0.3580262571462547,1.3614861566036056e-05,1.6844874828093795e-07,1.2042688296387609e-05,7.634013396263054e-06,3.2837994110865056e-05,1
0.7272145174621437,0.2727411550182834,1.3349083067288622e-05,2.1344033265811357e-07,1.4844623953310765e-05,7.77203732592039e-06,8.148334893603258e-06,0
0.71484596860435,0.2851092345573548,1.3196485467925846e-05,2.066359208252313e-07,1.4371381930003059e-05,9.13376648057381e-06,7.888568495763483e-06,0
0.7148450611958926,0.28510887264647883,1.3196468716621304e-05,2.0663565852651187e-07,1.564073988469254e-05,9.133754886388048e-06,7.888558482202404e-06,0
0.7188412258927593,0.28109718360351316,1.3509321852280227e-05,2.0372814463716103e-07,2.9989813031588448e-05,1.3060568742110855e-05,4.827071956898901e-06,0
0.44834575922148445,0.5516046626787628,1.5591298368861675e-05,2.0321241240541008e-07,1.8109352704284563e-05,1.058759490113474e-05,5.0866413657385015e-06,1
0.4230579291660697,0.5768735385932238,1.2586791697132615e-05,1.8245989882505822e-07,3.786104882730468e-05,9.799018516886535e-06,8.102921766396238e-06,1
0.5019406209099324,0.4949733153234229,1.7084143603379707e-05,2.8670531520652347e-07,0.0030486858601887655,1.3149822247317177e-05,6.857235290063267e-06,0
0.3914208192593377,0.605084624187672,1.503056716558697e-05,2.146679901138376e-07,0.0034645369056649127,8.280739635332568e-06,6.493672534528064e-06,0
0.3785882231345984,0.6199837057344303,9.83566322471223e-06,2.0548866305742835e-07,0.0014059135855046853,6.6430221201759825e-06,5.47337145879103e-06,0
0.3181541189419297,0.6813018469183787,1.1745496909023357e-05,2.116912579944146e-07,0.0005209779970611335,7.064829030319489e-06,4.034125433186301e-06,0
0.27036615981630074,0.7286844009488148,1.0887431829991783e-05,1.5782573970915608e-07,0.0009278331060165172,6.821458143817885e-06,3.7394131544753864e-06,0
0.11755630688842302,0.8814263091052076,1.137014519269781e-05,1.5781834436540456e-07,0.0009956472073999751,6.021431513428621e-06,4.187403919061671e-06,1
0.10524246457896735,0.8937799065507961,1.1451261558078457e-05,1.5177390883689688e-07,0.0009554557715358934,6.543036697360036e-06,4.0270265363032635e-06,1
0.11654331404385583,0.8805021147649292,9.24337486345175e-06,1.1665164143815936e-07,0.002936131279389913,6.0349062769649195e-06,3.044979043331825e-06,1
0.10802827637651793,0.8894502820873068,9.243013160048012e-06,1.1664707673139552e-07,0.0025030023459239295,6.034670124458519e-06,3.0448598899597556e-06,1
0.12600509578477076,0.8706311778615251,1.0013226920260716e-05,1.2636719527189983e-07,0.003343750638749039,6.537534924899668e-06,3.298585914640063e-06,1
0.1218061606120588,0.8641553482693737,1.4193446573286213e-05,1.6264206778787703e-07,0.014011190098957516,9.118453044978824e-06,3.826477923779844e-06,1
0.09997172458888828,0.8334954828717126,3.5899739858051536e-05,1.5878895973267812e-07,0.06643302539614047,5.539732036958068e-05,8.311294071418252e-06,1
0.02543916012705565,0.22274143170717953,8.698671298257744e-06,5.185935247218946e-08,0.7517930617018193,1.5775631490815843e-05,1.8203018040299557e-06,1
0.00706211449659562,0.07541051452041654,4.815446543864233e-06,3.6373531836398354e-08,0.9175095934355059,1.0977561875186623e-05,1.948165531088649e-06,4
0.0035548386123891566,0.03140710544507491,2.220452752587877e-06,2.209832081458511e-08,0.9650306703644983,4.400317630718295e-06,7.427093334874165e-07,4
0.9559165499043726,0.012864984147570828,9.937933297586553e-06,2.2064412514087733e-07,1.318584439067098e-05,7.468459376252802e-06,0.03118765306686709,0
0.9661821196677877,0.014930690132936936,1.1533648306599608e-05,2.560725317919219e-07,2.927553364513691e-05,8.667655664256172e-06,0.0188374572891277,0
0.9533355450845301,0.04556546833178639,5.743057574490211e-06,1.5158225852032246e-07,1.2376375439246217e-05,4.073587183216947e-06,0.0010766419812281239,0
0.9058957632315694,0.09205841589910736,7.929732344529547e-06,1.636736556492232e-07,1.8262662212065808e-05,5.624609474315394e-06,0.002013840191636624,0
0.9048588165648185,0.09370839848843784,9.09308124037773e-06,1.758560902553385e-07,2.0831271686091075e-05,5.618171183859811e-06,0.001397066566543176,0
0.6792735836199404,0.3197863945304615,1.1825562807243568e-05,1.8444578972291532e-07,1.9788132496328383e-05,6.485116184267774e-06,0.000901738592320488,1
0.3513514738443023,0.6475876060002087,1.2004310652328372e-05,2.1879173774444137e-07,1.4211568920481041e-05,7.558789925669353e-06,0.0010269266942525958,1
0.7132720616819392,0.2862895995706948,1.098757028519845e-05,2.0141130967963087e-07,1.415984646347827e-05,6.921455723370718e-06,0.0004060684635843088,1
0.427040265697739,0.5725445207520237,9.315500653216507e-06,1.926624131400434e-07,1.3332832811107308e-05,6.6208018021811555e-06,0.00038575175255759826,1
0.4644380804222707,0.5351919080315839,1.3004436009397735e-05,2.388604523512895e-07,1.1807771519051586e-05,8.208387342515498e-06,0.0003367520908222455,1
0.500201544242972,0.49954517678646204,6.223710376747348e-06,1.2471298613981135e-07,7.981735677071569e-06,4.373194251105553e-06,0.000234575617274976,1
0.6709068749740378,0.3288235783568564,6.89802669168423e-06,1.2884201858222959e-07,6.23421276740117e-06,4.5179831900823545e-06,0.00025176760443812224,1
0.5902309333346468,0.4091254952736848,1.4049597947395967e-05,2.6694055206474346e-07,1.8123891043969948e-05,9.183602876414852e-06,0.0006019473592483968,0
0.6019391713043621,0.3973532031461389,1.4844732879483345e-05,2.935174864924487e-07,2.051137590552113e-05,1.0097933837255021e-05,0.0006618779893903287,0
0.6086347533320142,0.3907071492291303,1.3899787981697274e-05,2.748335631424124e-07,1.920571953798339e-05,9.4551475281202e-06,0.0006152619502444227,0
0.8955384045480369,0.10425179262132646,7.09234880272641e-06,1.473358021823436e-07,7.183054182019534e-06,4.824476771801552e-06,0.00019055561507776465,0
0.668412091648447,0.33027270683774207,1.4609342813494487e-05,4.584752660656138e-08,1.57035550881702e-05,6.570158877679716e-06,0.0012782726095051115,0
0.8331242829292886,0.16590953095954442,1.550736788447121e-05,4.691348965368148e-08,2.234808003296133e-05,6.6974707486550834e-06,0.0009215862790112074,0
0.9185825542451153,0.08017247423205263,7.086515475460489e-06,1.1149240054479956e-07,1.1262321607144822e-05,3.8314120249285385e-06,0.0012226797813240354,0
0.9328377844889287,0.0659325352669909,5.4208585339374676e-06,9.93688493969554e-08,5.981632095666719e-06,3.4147888342383253e-06,0.0012147635957673636,0
0.5847594070292323,0.412568945219366,9.146092971440009e-06,1.8703218321492755e-07,1.181052312721214e-05,6.4917111061807385e-06,0.00264401239201369,0
0.788746480176016,0.2112154641643495,9.121011605048375e-06,1.901982938431694e-07,1.1430336671841209e-05,6.416036547301712e-06,1.0898076516518868e-05,0
0.5576694286402308,0.44229737179405415,1.0368640273792625e-05,2.1917039929611252e-07,1.0331885027399082e-05,6.477502089539873e-06,5.802367924848451e-06,1
0.689605338091008,0.31035292124176206,1.4443777199030306e-05,2.5288183858368254e-07,1.3223895036384934e-05,6.947555552937226e-06,6.872557603066561e-06,0
0.6972132697021597,0.30274704632657284,1.3686663051480206e-05,2.396262742661271e-07,1.2661991701395024e-05,6.5833784732483895e-06,6.512311767130789e-06,0
0.8831246336968629,0.11684991107482041,7.734699871703383e-06,1.4481084544848352e-07,1.0004625672182691e-05,3.978464404782545e-06,3.592627522532962e-06,0
0.5944426281765928,0.40551349656386704,1.3114773690481944e-05,1.7608878616536757e-07,1.1945421911050496e-05,8.220560047065675e-06,1.0418415105338792e-05,0
0.59978070633811,0.4001077758890097,1.4462451089368036e-05,2.1744859157885734e-07,1.3693790122458218e-05,8.105811160391802e-06,7.503827191646724e-05,1
0.6781233141573038,0.3218287607083322,1.4888604468184218e-05,1.8469933343687256e-07,1.3712272978677316e-05,8.203080224483216e-06,1.0936477359155827e-05,1
0.7494882862971227,0.25046650980351925,1.3453045462257929e-05,2.1510260174838227e-07,1.5491391530379415e-05,7.832565798933905e-06,8.211793964633149e-06,0
0.7019744192581394,0.2979834122919109,1.263918642841979e-05,2.6610807367878985e-07,1.5574790568801365e-05,7.577596750030491e-06,6.1107681288324255e-06,0
0.6978003176324009,0.3021520095548126,1.3270942053074151e-05,2.1921216951004128e-07,1.6994816293316663e-05,9.222573625945701e-06,7.965268644674602e-06,0
0.529122881923477,0.4708306514215958,1.355727409530809e-05,1.9724490931930093e-07,1.680979548083288e-05,1.0634928251803153e-05,5.2674121899591655e-06,0
0.46340652157121254,0.536548328331274,1.3350153300989049e-05,1.8754689922516244e-07,1.6713314440102375e-05,9.771404071511789e-06,5.127678801728621e-06,1
0.33494623961915576,0.6650042389524119,1.5587285773300963e-05,1.9709262899867038e-07,1.810469205918949e-05,1.058487006480013e-05,5.047487905878889e-06,1
0.3765840162921153,0.6216671314423005,1.0625754181972864e-05,2.0271648472961328e-07,0.0017260653613810617,6.556417797778564e-06,5.402015738782468e-06,0
0.44472442832685066,0.5540134604792036,1.1093112230726811e-05,1.694228730667687e-07,0.0012375368967831757,7.594418637632033e-06,5.717343421208286e-06,0
0.32719662978875996,0.6719876951116182,1.2022217816997897e-05,1.742757566284317e-07,0.0007894394986030733,7.532451813714334e-06,6.506655631555804e-06,0
0.3519573617865172,0.6355948281450847,1.12095571100543e-05,1.6249531297480328e-07,0.012423347904060774,7.023283895687023e-06,6.06682801855893e-06,0
0.2977626509500471,0.7010765642915696,1.3860182825502206e-05,1.5256695618002623e-07,0.001136094318624853,6.594165866921451e-06,4.083524109598052e-06,0
0.1958749967852856,0.8032638834202047,1.1587592109801901e-05,1.608365215182142e-07,0.000839170819796319,5.933060681179291e-06,4.267485400646825e-06,0
0.1126573989296685,0.8861436655640841,1.0639185625414097e-05,1.3841066308934332e-07,0.0011776939042951566,6.919346730709318e-06,3.544658932896222e-06,1
0.14549791997961836,0.852692392175431,9.445007323256783e-06,1.3003322026847772e-07,0.0017900961392877928,6.644994068379297e-06,3.3716710510829533e-06,1
0.11528192316977433,0.8820149099299426,9.1117683493553e-06,1.0441134490423908e-07,0.0026858235907329542,5.401661502405724e-06,2.7254683534654237e-06,1
0.11989120865423727,0.8761786823474595,1.1933123965208935e-05,1.367411323845418e-07,0.003907787452717268,7.0742246570464e-06,3.1774558313075996e-06,1
0.02133510955561863,0.22444608841165342,7.85762877782949e-06,4.67830184913928e-08,0.7541952980695962,1.3231801575656963e-05,2.367749759818222e-06,1
0.03016357587638565,0.28237071100593547,9.900199971126662e-06,6.574242662285789e-08,0.687431851024965,1.9970126686157208e-05,3.9260236299746506e-06,4
0.011286512712456566,0.0857297361625338,5.390630019168219e-06,3.64027143445192e-08,0.9029632763439374,1.3645262749614691e-05,1.402485589150537e-06,4
0.003336752412536532,0.025873725262746294,1.8292479891163206e-06,1.820498493643458e-08,0.9707833491998289,3.866779236829422e-06,4.588926773830613e-07,4
0.07361524742358298,0.5805363005724996,3.7311723281778134e-05,2.8649107387270566e-07,0.3457328595059289,6.86251721836469e-05,9.369111449156732e-06,4
0.9660205437878548,0.020977278418529418,1.0114315619881894e-05,2.6695724101027573e-07,2.9247692632362316e-05,7.174148254959668e-06,0.01295537467986738,0
0.9007060103611426,0.09696993268895585,8.199281144872937e-06,1.6923727817911864e-07,1.955390008439531e-05,5.815802148964457e-06,0.0022903187292451807,0
0.9031522825328102,0.09477299983707574,8.163561308938838e-06,1.68500002837088e-07,2.2096970243035924e-05,5.790465842657154e-06,0.0020384981327164955,0
0.899955445386223,0.09852303820420956,8.43152111176903e-06,1.8719843891132863e-07,2.9667524120240964e-05,6.336375080979599e-06,0.0014768937908153487,0
0.43251882010471265,0.5668100711907887,1.4659217086705811e-05,2.6718032157483996e-07,1.77862849485266e-05,9.181593470980867e-06,0.0006292144286708307,1
0.7370371892419812,0.2624857215277705,1.0527827530788871e-05,2.1729964431869845e-07,1.4753044436356464e-05,7.467454877526087e-06,0.00044412360375926854,1
0.3714250991900676,0.6281555977219769,1.0012591461516127e-05,2.0063597188406655e-07,1.2840870421430554e-05,7.035514952907394e-06,0.0003892134751476579,1
0.48458695076335534,0.5151681499407627,6.017800394684082e-06,1.205868865650227e-07,7.71766184480586e-06,4.228508156269159e-06,0.00022681473859944632,1
0.8469745498289237,0.15284448724284935,5.243651827771427e-06,1.0172012626778536e-07,5.06588021266105e-06,3.566925026695402e-06,0.00016698475103340692,0
0.6178157626024474,0.38153439101230907,1.4931425411551151e-05,2.7897931636669505e-07,1.9495430055101e-05,9.597774607224293e-06,0.0006055427758530366,0
0.8482631183450577,0.15114604634537687,6.6070976575137315e-06,1.9596791652567964e-07,5.477414866239089e-06,4.830315128059337e-06,0.0005737245139970471,0
0.7676622002736117,0.23105095752398758,1.5667682682403332e-05,5.01597395034779e-08,2.2164669566476302e-05,7.160912363685956e-06,0.001241798778048569,0
0.8329065096210195,0.16586616327939063,1.5503314358633658e-05,4.690122677039544e-08,1.993213482110755e-05,6.695720073045388e-06,0.0011851490291102066,0
0.8128438951095305,0.1864982070854046,1.0331024122907456e-05,1.8937627199797874e-07,1.1692266485527097e-05,6.507874278638779e-06,0.0006291772639057284,0
0.7329168082133894,0.2663489372630528,8.967134355651793e-06,2.6403252240968395e-07,1.6479587617892993e-05,7.023309668262285e-06,0.000701520459393387,0
0.7017510239766654,0.2944847777711588,1.1147085790675232e-05,2.2795130100080686e-07,1.4394443063600253e-05,7.753743278060992e-06,0.003730675028742604,0
0.651310906484756,0.3455994870350691,1.0254245498702132e-05,2.096932459393252e-07,1.3241501479671122e-05,7.132697155130858e-06,0.003058768342795407,0
0.5522268643280196,0.44491505843733553,1.0908215757830777e-05,2.0405833305136935e-07,1.2885673579685851e-05,6.941026093217102e-06,0.0028271382608810527,0
0.4165568635152361,0.581258983659167,8.622039930406315e-06,1.6722647114633254e-07,1.0197782863879567e-05,5.8042734749054475e-06,0.0021593615028566073,0
0.398849395954374,0.5996018456639216,8.348627744984751e-06,1.702611672606172e-07,1.0585994292549663e-05,5.909604921773854e-06,0.0015237438935779145,1
0.44989272059405555,0.5486574339779335,8.702724452983342e-06,1.6280054266494652e-07,1.012212968584381e-05,5.650653661545528e-06,0.0014252071196680313,1
0.4333941314722108,0.5660219338651722,8.415806782509053e-06,1.7744872817654994e-07,9.788416044168602e-06,5.464358853064963e-06,0.0005600886322091552,1
0.29511723636695375,0.7031239600501116,1.056699918176485e-05,2.2280698855205682e-07,1.0991041705189004e-05,6.723905969221426e-06,0.0017302988290897653,1
0.4288695299875863,0.569693878362246,1.2427334219791228e-05,2.620324716235248e-07,1.3197865236250246e-05,7.763610391573898e-06,0.0014029408078483064,1
0.6920779096915842,0.30788673635339486,1.0899407954847714e-05,2.03936407920413e-07,1.0867124605747952e-05,7.0596479253136404e-06,6.3238381271556705e-06,1
0.49952040512342777,0.5004326163317356,1.5036979830080409e-05,3.1784889691817146e-07,1.3815001288091144e-05,9.393909490321936e-06,8.414805331146614e-06,0
0.8065015677529779,0.19345240257599797,1.4027348130123097e-05,2.5237910871530903e-07,1.7761608809032794e-05,7.458973516998205e-06,6.5293614593582735e-06,1
0.8825245476289106,0.11744345187195677,8.448813797031003e-06,1.5455918378203527e-07,1.5316365453111638e-05,4.246285623184381e-06,3.83447507537071e-06,0
0.618561292809071,0.3813880240793256,1.6206128058724795e-05,2.576740968309529e-07,1.6921546928213344e-05,1.0459006914420656e-05,6.838755605176138e-06,0
0.5402690987706079,0.459689063098034,1.3413512730421397e-05,1.8009988053608656e-07,1.2217524499901786e-05,8.407814686313268e-06,7.6191795607903065e-06,0
0.5780197212571169,0.42192460639746926,1.3896341951668897e-05,1.96032466681511e-07,1.37805973388415e-05,8.651510600735572e-06,1.9147863056023713e-05,0
0.6295515595929352,0.3703496697102303,1.3504732049844183e-05,1.670861799535754e-07,1.1945275962865305e-05,7.420824499239872e-06,6.573277814262241e-05,1
0.7806498736546572,0.2192998814882104,1.3334875703590616e-05,1.867255218131169e-07,1.6263007290165857e-05,8.29306964399527e-06,1.216717897288258e-05,0
0.31758763470659573,0.6823656819979088,1.283072816394057e-05,1.7486660378441687e-07,1.9358308438480306e-05,9.391220205111912e-06,4.92817208414425e-06,1
0.3224472844637912,0.6774998784218837,1.404372776984051e-05,2.0044058492998443e-07,2.2179363821603492e-05,1.0764672215168092e-05,5.648909933650358e-06,1
0.5510435391355685,0.4476188278832956,1.3777127753866785e-05,2.148261312636233e-07,0.0013097257212189603,8.28683987266331e-06,5.628466159344753e-06,0
0.47654459821584144,0.5219043300719041,1.542989139024995e-05,1.8629892599412534e-07,0.001518863205565252,8.052110690240128e-06,8.540205682793767e-06,0
0.4752721954157455,0.524553537395346,1.1738084289576231e-05,1.9364379706758795e-07,0.00014765440859204973,7.2410220188360595e-06,7.4400302108853206e-06,0
0.4610739785458311,0.5264524084422285,1.2977977926201655e-05,1.8522955794705124e-07,0.012431627320757692,8.005891047063452e-06,2.081659265128059e-05,0
0.1848477052382348,0.8141667987448259,1.6395371475676494e-05,1.6027829630426346e-07,0.0009572785411439265,6.92268356266877e-06,4.739142460917503e-06,0
0.15933999608116936,0.8398722307230142,1.1594742725162276e-05,1.5084199913821758e-07,0.0007650232497894239,7.141339279844336e-06,3.863022022776323e-06,0
0.1493580959174929,0.849895816339036,1.0987552581211933e-05,1.4294274881921493e-07,0.0007237255453970187,7.570978344470483e-06,3.660724399302313e-06,0
0.17519448224343365,0.8235400175825593,1.1146283317327101e-05,1.4763121861212623e-07,0.0012447833935050941,6.04723838975917e-06,3.3756275762331822e-06,1
0.122473876136656,0.8723855772224297,1.4473080201897383e-05,1.6584637699815347e-07,0.005112118779343155,8.896639724871323e-06,4.892295267226587e-06,1
0.11226476132548122,0.8588257895612361,2.8592159010724567e-05,1.549494942172803e-07,0.028831538508950382,4.2610269162400397e-05,6.553226664944609e-06,1
0.026071003120598638,0.2321763205714898,8.293287775340943e-06,5.688128982561621e-08,0.7417251646855528,1.5872666817482958e-05,3.2887864761445913e-06,4
0.004289316403291155,0.026273487976715432,1.8508800601921298e-06,1.5259781430072147e-08,0.9694303825638727,4.502698660825477e-06,4.442176182431256e-07,4
0.0028206811749876643,0.016003000315459703,1.1531947474182144e-06,9.462256172569992e-09,0.9811724712137763,2.457309107371445e-06,2.273296653965512e-07,4
0.9448675881776265,0.012534383206340986,9.682550930661385e-06,2.1497407109248734e-07,1.2846998068245541e-05,7.276536893410711e-06,0.04256800755606912,0
0.9660268663368374,0.020977415713611985,1.1388785430827951e-05,2.669589882300873e-07,2.1428537871373883e-05,7.174195209348001e-06,0.01295545947205066,0
0.8991379652166931,0.09843354418493706,8.423862286720322e-06,1.8702839603602683e-07,2.358697807100623e-05,6.3306193949598525e-06,0.0023899621102210283,0
0.5052254626590823,0.4938833382402327,8.83477651349595e-06,1.3779786701222178e-07,1.3934561605805784e-05,4.943846850985988e-06,0.0008633481178475725,1
0.7488875442251198,0.2503100882144275,7.420684186202472e-06,1.167498887809575e-07,7.461085272883178e-06,4.033460734112842e-06,0.000783335580370505,1
0.3172247200780242,0.6818161021877538,9.497096545391337e-06,2.304980525369049e-07,1.414798052466535e-05,7.982544317925435e-06,0.0009273196147815213,1
0.4163359725341905,0.5830355948319411,1.424383835780833e-05,2.6162531546205165e-07,1.8497148928396548e-05,9.19874923719292e-06,0.0005862312720295703,1
0.4448273846158622,0.5548430204012166,1.282654022901816e-05,2.3559293144210564e-07,1.1646245657614195e-05,8.096099699214445e-06,0.0002967905044039187,1
0.34752103208511326,0.652132469980738,1.0505480147607809e-05,1.9296059732322878e-07,9.538768862505264e-06,6.766369734406187e-06,0.0003194943548067502,1
0.5290096625658373,0.47073218965264124,6.904918831304776e-06,1.2682687925124248e-07,8.117026608571761e-06,4.4473201740627544e-06,0.00023855168902833272,0
0.732474260791079,0.2672797571581218,6.3986213210347205e-06,1.175274023465891e-07,5.6867382263262336e-06,4.1212240697474655e-06,0.00022965793977957122,0
0.9156334755181386,0.08420958123770732,4.976080310660165e-06,9.121569431880876e-08,4.542736996976526e-06,3.1985758849396708e-06,0.0001441346352672747,0
0.8761907069117125,0.12358147277538703,8.107494636340981e-06,1.9220350780330509e-07,7.842881029890238e-06,5.211418468372265e-06,0.00020646631525783978,0
0.8986892424131164,0.10108990923984065,6.868554757592391e-06,1.9394135802504052e-07,5.553587360745442e-06,4.672243822964979e-06,0.00020356001974321198,0
0.8165532609817959,0.18317364641342404,6.182046952844659e-06,1.8336082255953494e-07,6.3677883163788065e-06,4.417348003033742e-06,0.0002559420606852735,0
0.5453212955954252,0.4518759397740543,1.0753860331307916e-05,2.0857362398232442e-07,1.271920954812814e-05,7.239394247494161e-06,0.0027718435927696346,0
0.7460817210813232,0.25384781848689814,1.075938163416086e-05,1.9925666361282888e-07,1.2616637267818696e-05,6.7216062258027765e-06,4.016354998727641e-05,0
0.5422145744980944,0.4577236384569779,1.8153760071450495e-05,3.321932140829412e-07,1.60886423960009e-05,1.1401450653426365e-05,1.5810998592704074e-05,0
0.5196971797684029,0.48024382156311834,1.8903106316218834e-05,3.411384359713711e-07,1.736694742285164e-05,1.1809157944421017e-05,1.0578318359299077e-05,0
0.758174426197472,0.24179547225278633,9.584749621121507e-06,2.0260066374605505e-07,8.931335194888648e-06,5.9877895325827165e-06,5.395074729485027e-06,0
0.8129625136099097,0.18699339411114457,1.3565154877323146e-05,2.4074528557004754e-07,1.6942858728206183e-05,7.115140070625935e-06,6.228379984083521e-06,0
0.8497514468486698,0.15022026080647338,9.462717385518706e-06,1.5986322997455086e-07,9.907746394086001e-06,4.392006469664437e-06,4.370011377469187e-06,0
0.8782504018190037,0.12172535100319384,7.692009724422007e-06,1.4401159060696698e-07,8.88185170564808e-06,3.956506056790889e-06,3.5727987249573577e-06,0
0.9060499174724967,0.09392509688534023,7.80491877844874e-06,1.666052668119719e-07,9.478157007039517e-06,3.9600038305773376e-06,3.575957279890684e-06,0
0.885873997524714,0.11410081652932746,7.30390990410547e-06,1.367454957318383e-07,9.447410467890649e-06,4.905346679220477e-06,3.392533411617898e-06,0
0.8853707843391283,0.114601207652233,7.299760980240061e-06,1.3666781861667973e-07,1.2164963893804677e-05,5.016009634215141e-06,3.3906063118835836e-06,0
0.8576360490440935,0.14232999938625587,9.41420347818493e-06,1.7625490161388567e-07,1.3918835289555491e-05,6.4689426781045595e-06,3.973333303406577e-06,0
0.6312834267300211,0.36866980549855144,1.5408073986244e-05,2.3318240325233118e-07,1.527973794182624e-05,9.658039124645751e-06,6.188737971269617e-06,0
0.5930082126036664,0.40690038089103736,1.388721609257216e-05,1.864601771002674e-07,1.3301253836144107e-05,8.645829071956932e-06,5.5385746118562596e-05,0
0.7386887208104705,0.2612207500579548,1.7074629024220267e-05,2.1181787763886888e-07,1.5652067509825623e-05,9.40750034620608e-06,4.818311681665056e-05,0
0.7964453286068526,0.20350764963759455,1.2841727591998821e-05,1.7937951902681398e-07,1.541235919450952e-05,7.966810479633335e-06,1.0621478767834965e-05,0
0.751488897423246,0.2484584055999225,1.3803329938324644e-05,2.1116587753453076e-07,1.717049419633223e-05,8.720120299425584e-06,1.2791866519634197e-05,0
0.4491917566966188,0.5507280072938832,1.6064556438537175e-05,2.5049390350528367e-07,4.535153972905497e-05,1.2006454061866772e-05,6.56296536510034e-06,0
0.5389465377348114,0.4608576185526425,1.0044980455885436e-05,2.0976527257400824e-07,0.00016971363553084363,7.066960325790189e-06,8.80837096088876e-06,0
0.3374243956033203,0.6618756786429448,1.43427909606418e-05,1.8135667868830035e-07,0.0006728606538590809,7.838499569549616e-06,4.702452667029173e-06,0
0.12863201693535997,0.8708251360376983,1.0872281504298362e-05,1.4144312781885202e-07,0.0005208425653449582,7.368417445727453e-06,3.622319518809371e-06,0
0.13306666545593848,0.865699811030555,9.421101566502679e-06,1.470849585783635e-07,0.0012141495475158715,6.484093211159455e-06,3.321686254088322e-06,1
0.15906800340892424,0.8387010581232452,1.2307241895802467e-05,1.410281329741502e-07,0.00220387111917786,7.345723640753794e-06,7.2733549830575495e-06,1
0.18115910086433437,0.8146097540094428,1.261639794382679e-05,1.445707382645693e-07,0.004206640186580621,7.479284860992082e-06,4.264686099227123e-06,1
0.11272035467712443,0.8736113543231827,1.2097856976146247e-05,1.1789246489456585e-08,0.013640380542992754,7.127575285136786e-06,8.673235192443569e-06,1
0.09488671761044658,0.8834306692306486,1.3489852276362552e-05,1.324110735804306e-07,0.021644172356876847,7.947683451269925e-06,1.6870855226543263e-05,1
0.021535754992881954,0.22963722495136812,4.3378266659004365e-06,5.259078720627594e-08,0.7487998558693955,1.9633138354353785e-05,3.140630547078402e-06,4
0.9465434367637049,0.012988905110172203,9.935373370546166e-06,2.050710930891718e-07,1.3182447829374458e-05,7.047223381932476e-06,0.04043728801044811,0
0.9146847617431136,0.08288165813193125,8.908206126378912e-06,1.632948337292645e-07,2.034336253243035e-05,5.61159134166829e-06,0.0023985536701208563,0
0.9138613938465133,0.08400718211767674,7.904257463204425e-06,1.6314784131242665e-07,1.788248262908738e-05,5.606539979327055e-06,0.0020998676078969156,0
0.902533744924739,0.09532421819026392,8.366774100957069e-06,1.8576091189959453e-07,2.342713004169619e-05,6.287717034532421e-06,0.0021037695029077893,0
0.6214976389493777,0.3775587922981007,1.0571522626781164e-05,1.6488626133514378e-07,1.6316534880743376e-05,5.797402930987573e-06,0.0009107184058218024,1
0.5203069537047604,0.47906377769085046,1.57097724717127e-05,2.8797320664779877e-07,1.8568180150223128e-05,9.89613643096925e-06,0.000584806542129315,1
0.7158642520570977,0.28364808767389127,1.0270500846773145e-05,2.119882924042796e-07,1.4734492542561356e-05,7.284931427550187e-06,0.00045515835590167634,1
0.27092957333988277,0.7285570157897181,5.811796170183634e-06,1.4105444675287022e-07,8.657928097928436e-06,4.774472942531373e-06,0.0004940256187417783,1
0.5076132152719317,0.49180608767924294,1.2761139060592782e-05,2.3439166806835385e-07,1.6571705166140545e-05,8.054818545406572e-06,0.0005430749943852431,1
0.4867944369093392,0.5128487673645912,1.2093415237950355e-05,2.221271750748212e-07,1.0980582619003396e-05,7.789126979627577e-06,0.0003257104740578252,1
0.9244766680467894,0.07536758245883417,4.9381756908940985e-06,9.226506112929447e-08,4.5081333113811076e-06,3.1742111650914366e-06,0.0001430367091479509,0
0.9314587302352719,0.06839963397395969,4.989672921392451e-06,9.322723732903571e-08,4.555145891488694e-06,3.207313082530417e-06,0.00012879043163563315,0
0.9319685440047462,0.06789087369936006,4.952559457209051e-06,9.253380796241474e-08,4.521264463475823e-06,3.1834569097734613e-06,0.00012783248125552315,0
0.879625988901639,0.12016292554388969,7.987754094410098e-06,1.9084481828724487e-07,7.292138346258618e-06,5.1344504160180395e-06,0.00019048036679643888,0
0.8876679556290251,0.1121059755676302,8.060782010210994e-06,1.910960965741144e-07,7.358806606055415e-06,5.181392047950255e-06,0.00020527672658394276,0
0.9000082658101322,0.09979011043822202,7.175231498093749e-06,1.7010244534146132e-07,6.941045233533178e-06,4.612168816788533e-06,0.00018272520365206232,0
0.8986892618457195,0.10108991142573537,6.868554906113027e-06,1.7231808901058159e-07,5.5535874808321785e-06,4.672243923994183e-06,0.0002035600241448459,0
0.8884676334779252,0.11127710305857427,4.762700821075693e-06,9.891999271277771e-08,5.705909725887665e-06,3.4819139990008137e-06,0.00024121401896197388,0
0.8237391319506903,0.17599101113898066,7.401209710227386e-06,2.3326708667349523e-08,6.448417940688562e-06,3.342823340352259e-06,0.0002526411326292208,0
0.6067688028123477,0.39167948290749854,1.60515253349613e-05,5.0590277780916895e-08,1.732802776638255e-05,7.249816670350195e-06,0.001511034320104338,0
0.8014784907989985,0.19711834814486026,1.4485286646530557e-05,5.1846158071032074e-08,3.3865949262277265e-05,7.401669107845514e-06,0.0013473563049666017,0
0.9435229020181505,0.05546181378362305,3.888578985884023e-06,1.0979175205697965e-07,5.699894601669891e-06,3.7729696106063924e-06,0.001001812963276178,0
0.8958262223358058,0.10235252381715455,7.257512876401358e-06,1.3766281209372045e-07,8.146533388596887e-06,4.730752509265622e-06,0.0018009813854531344,0
0.8826643755786805,0.11558130218499373,6.988214945062348e-06,1.730856606033515e-07,1.7278590703612306e-05,5.473364805403753e-06,0.001724408980211384,0
0.6916659606859893,0.30486762322052896,1.0759297954261154e-05,2.270874624224944e-07,1.4339894240333759e-05,7.724359885465674e-06,0.003433365453939133,0
0.47972731163976123,0.5190045962918957,8.160030497020572e-06,1.5264844937404167e-07,9.98011051910825e-06,5.298284055231218e-06,0.0012445009948223518,1
0.25860905291268604,0.7402254827482584,1.0022602082916914e-05,2.113282824327168e-07,1.0424798525389474e-05,6.29468510201452e-06,0.0011385109250628192,1
0.5101002225793628,0.4887762286469697,1.8517860412858134e-05,3.904522601020187e-07,1.942674061485444e-05,1.1568486932782878e-05,0.0010736452334469046,1
0.7534308508374271,0.2465075522042717,1.1856843673881067e-05,2.500035807013971e-07,1.3644532940734482e-05,7.407213255052916e-06,2.8438364850561778e-05,0
0.763297301918462,0.23667068420619602,1.0353580527185562e-05,2.1830701964795203e-07,9.179953458840805e-06,6.468093957177354e-06,5.793940379060212e-06,0
0.533367943165464,0.46658782338194027,1.4319575211635159e-05,2.5842088648045894e-07,1.2696383985040043e-05,8.945732121610418e-06,8.01334039097252e-06,1
0.5502464477027635,0.4496984608417463,1.7835473802799808e-05,3.263689364586149e-07,1.5806563425268464e-05,1.114218603162238e-05,9.98086329404374e-06,1
0.7883782306907847,0.21159542741693674,8.387622703891043e-06,1.7729601650887646e-07,7.815819172952341e-06,5.239919811670085e-06,4.7212345735665165e-06,0
0.7929197909303543,0.20702727402139445,1.6910691037314626e-05,2.8743941643768864e-07,2.00282165206497e-05,7.896974037318464e-06,7.81172723958248e-06,0
0.8940926794114331,0.10588108126041315,8.126928244245006e-06,1.5215423603619444e-07,1.000522196935264e-05,4.180213230798593e-06,3.774810473350034e-06,0
0.9170882207274205,0.08288694172051736,7.60197791843667e-06,1.6227325297696314e-07,9.231709172162728e-06,4.358615271144661e-06,3.482976447373728e-06,0
0.8691170933807971,0.13085223688927558,8.470322991378057e-06,1.4559322823433723e-07,1.1843355221371415e-05,6.561136902603924e-06,3.649321583567691e-06,0
0.5481517224771052,0.45180758865876924,1.304505194706234e-05,1.7515264975479408e-07,1.1881916763254798e-05,8.17685728925271e-06,7.409885476090547e-06,0
0.5935512140254943,0.4063537111332669,1.3941637184940777e-05,1.871908754960726e-07,1.335337866510982e-05,8.679710265955194e-06,5.891292424720308e-05,0
0.6474742359279503,0.3524407904854455,1.3378568862533249e-05,1.6552523635686078e-07,1.1833681443016898e-05,7.501521291570664e-06,5.209428977053276e-05,1
0.6816492085376372,0.3182350481089363,1.5600571164576454e-05,1.9301677599838468e-07,1.332596471181455e-05,8.572484094681449e-06,7.805131667948528e-05,1
0.8049630991675167,0.1949578898956492,1.45063121615963e-05,1.7995683830539672e-07,1.539666659002236e-05,7.992451050550575e-06,4.09355501937713e-05,0
0.7314179850782937,0.2685273212981137,1.3206716043215618e-05,2.0203876854902442e-07,1.495469055146843e-05,7.281969443204857e-06,1.9048208786237378e-05,0
0.7767150400612137,0.22324160702343218,1.121661531604457e-05,1.8467827417366917e-07,1.2942599287930432e-05,6.65625493074686e-06,1.2352767545196449e-05,0
0.7514799126591778,0.24847576758650589,1.2750215521023615e-05,2.0992855076314842e-07,1.570117949698705e-05,7.644162244260546e-06,8.014268503258449e-06,0
0.541103209365169,0.4588502933026684,1.3705816212762409e-05,1.8326179075578158e-07,1.7312243169902484e-05,1.0031725128943427e-05,5.26428586025028e-06,0
0.3909903410709982,0.6089608742180536,1.4136087435963051e-05,1.9745976910177962e-07,1.8487914921448476e-05,1.0808920503747706e-05,5.154328318087209e-06,0
0.4006510412865048,0.5992989120633291,1.4228360230916545e-05,1.9923680188091362e-07,1.8989682120000933e-05,1.0906195032780062e-05,5.723175980425101e-06,0
0.3556536895312355,0.6442898308265947,1.4834112410352298e-05,2.31307645307366e-07,2.3805345023475664e-05,1.1548593612122202e-05,6.060283478328792e-06,0
0.4501532465008514,0.5497922125020093,1.3224630964374867e-05,2.3834996399426e-07,2.7720748258088017e-05,7.954517163135201e-06,5.40275078975845e-06,0
0.45361651548185006,0.5463452061399153,1.1719066057538833e-05,1.619131954941419e-07,1.2522669945631179e-05,7.045807646148047e-06,6.8289213897740724e-06,0
0.37404955551830554,0.6259010920937041,1.4175787810756478e-05,1.792450159947006e-07,2.001664580579416e-05,7.747230434966136e-06,7.233478922897687e-06,0
0.34464667090710077,0.6552243448127154,1.3480102976964227e-05,1.7044846508514604e-07,0.00010354708777067318,7.367030703603759e-06,4.41961026761118e-06,0
0.30129692176404005,0.6981848558836026,1.3414131415159034e-05,1.6108181747525008e-07,0.0004928339521645261,6.8730225642563674e-06,4.94016439602893e-06,0
0.1011857548392032,0.8986461114490717,1.0448533594943755e-05,1.3593037231467205e-07,0.0001466883842133975,7.379724174318053e-06,3.481139369775977e-06,1
0.16889555897489336,0.8294615180021776,1.213853916773186e-05,1.6711615812606488e-07,0.001617929786313815,8.354375425771066e-06,4.333205863536141e-06,1
0.1469002224624099,0.8516437088461407,1.1317557383684858e-05,1.558133712136053e-07,0.001432765855277179,7.789332964987909e-06,4.0401324523677055e-06,1
0.13253624511975673,0.8651848973111459,1.1927965524823507e-05,1.3668202204749193e-07,0.0022551442726549365,7.1193480296894105e-06,4.529300866192558e-06,1
0.09721886932335531,0.8888598766851444,1.2009052624192725e-05,1.1702707493617833e-08,0.013893548411583141,7.075255299419932e-06,8.609569285983927e-06,1
0.35677597677304623,0.005067793646148104,3.4819405926265227e-06,8.278712687310398e-08,4.410245067434122e-06,2.37101168349089e-06,0.6381458835963352,0
0.9146847617431136,0.08288165813193125,8.908206126378912e-06,1.632948337292645e-07,2.034336253243035e-05,5.61159134166829e-06,0.0023985536701208563,0
0.5418389780085486,0.45727772206898487,9.38445051835132e-06,1.4637124804856488e-07,1.0667228282482071e-05,5.251438570348875e-06,0.0008578504338474382,1
0.5833583407757432,0.4143226193322566,1.184838139794338e-05,1.8641100682013474e-07,1.1665242464897406e-05,6.440104434070266e-06,0.0022888997526964547,1
0.33460807960486366,0.6642978759802657,1.3076212482140378e-05,2.0572851702874e-07,1.2361275910660351e-05,7.069815612212111e-06,0.001061331382348517,1
0.4714847750198607,0.5278919720317852,1.3697477588894193e-05,2.515899721134035e-07,1.7787640981355153e-05,8.645834512455405e-06,0.0005828704052992955,1
0.5498936120450086,0.449654686804043,1.6312820083192065e-05,2.996275718055467e-07,1.4811719034530324e-05,1.029663614745317e-05,0.00040998034811122973,1
0.4079887727236161,0.5916414968916995,1.2333405913818436e-05,2.265352310148493e-07,1.1198489421367239e-05,7.784833799784415e-06,0.00033818712031853464,0
0.7067217925666237,0.2930126676312852,8.049247873936561e-06,1.4784547264231425e-07,9.46223420839062e-06,5.184359632657016e-06,0.00024269611490365103,0
0.7169846757139082,0.28276278764259166,6.754832503392128e-06,1.240701516122236e-07,7.940593728328968e-06,4.3506525708245e-06,0.00023336649454620484,0
0.8261225615497596,0.17363091305610448,7.2166978678692835e-06,1.3255351604299801e-07,6.413799094212188e-06,4.64813081833519e-06,0.00022811421283927037,0
0.9313333807644611,0.06852883602397156,4.946744870144873e-06,9.067795127454583e-08,4.515956241315101e-06,3.179719349926504e-06,0.00012505011315478784,0
0.9305844198253218,0.06928122919709734,5.232465041104647e-06,9.59154398494695e-08,4.776794393107153e-06,3.3633774887863095e-06,0.00012088242521825483,0
0.889484939517314,0.11029271710868369,8.077281773378838e-06,1.929838292561009e-07,7.373869482838841e-06,5.191997934769006e-06,0.00020150724098222115,0
0.8960866966621609,0.10370619005176276,7.456810280487385e-06,1.7677780340540026e-07,6.774791730738798e-06,4.793164911474849e-06,0.00018791174135022738,0
0.8239212351510679,0.17579334493893203,6.193227830060051e-06,1.632118674631474e-07,8.076904451851863e-06,4.527743289072913e-06,0.0002664588225617255,0
0.8832490550825021,0.11646554684335285,5.8895350056658364e-06,1.5642160275440482e-07,7.680843142200139e-06,4.30571962301037e-06,0.00026736555477144096,0
0.8982709996086613,0.10136578849861883,5.1259567822448085e-06,1.118567838126556e-07,6.685021815855256e-06,3.7474830666227372e-06,0.00034754157427148744,0
0.7151310804386501,0.283467955847324,1.6854170149736797e-05,5.499794070598379e-08,2.384316301003752e-05,7.703196308696474e-06,0.0013525081866164297,0
0.7525411147921571,0.2460808289505919,1.3752810255343754e-05,5.692305065937057e-08,3.215345237456883e-05,7.027389467464902e-06,0.0013250656821028452,0
0.7311409158739456,0.26742394449649465,1.666135218697341e-05,2.0884925118203628e-07,2.717369219330931e-05,7.323522376355172e-06,0.0013837722135517855,0
0.8950135272141165,0.10085858287145678,4.371733010954823e-06,1.488156881689143e-07,7.5950842310122045e-06,5.114018662817185e-06,0.004110660262833917,0
0.854494396134425,0.14497707734675508,7.5843163981052124e-06,1.683886182711582e-07,1.2712466266316812e-05,4.695325366066461e-06,0.0005033660221711294,0
0.43134569981025966,0.5662804801259164,9.812806907523492e-06,1.8393501385254245e-07,1.202561686089584e-05,6.38421127165005e-06,0.0023454134937699275,0
0.33185786008121115,0.6672133662997333,1.061048265976512e-05,2.2372384513720056e-07,1.1373319854989357e-05,6.787547219263203e-06,0.0008997785454766006,1
0.44550680671730525,0.5538507728978667,2.0176450631828915e-05,4.254239190918755e-07,2.106778523225456e-05,1.2604642236215339e-05,0.000588146082808732,1
0.5638596951263091,0.43603917902599065,1.9485967091146826e-05,4.1086495531248744e-07,2.2319092023214902e-05,1.2173283016543507e-05,4.6736640614127745e-05,1
0.5284460795151292,0.4715109448301121,1.3912391741413288e-05,2.510725739935475e-07,1.2335356677044385e-05,8.69135626233263e-06,7.785477503963549e-06,1
0.5057810383077188,0.4941721131942114,1.5166136765177942e-05,2.736985175479673e-07,1.3446983803253775e-05,9.474596474813763e-06,8.487082509030377e-06,1
0.5550340420561334,0.44491145293297446,1.7645616461525203e-05,3.228947625041822e-07,1.563830368965444e-05,1.1023578259306357e-05,9.874617719096637e-06,0
0.7240276424849178,0.2759258376770601,1.4877988083841345e-05,2.684983885938155e-07,1.3704228667456469e-05,9.294584087830524e-06,8.374538794401987e-06,0
0.783314431712698,0.21664801062391995,1.2011702792015394e-05,2.167714361477882e-07,1.1064071352905893e-05,7.503956920067008e-06,6.761160880872786e-06,0
0.8159999742903321,0.18397624189483183,6.974159632616674e-06,1.6599310231288775e-07,7.317547777899194e-06,4.9058662599243065e-06,4.420248063350784e-06,0
0.839457306733951,0.1605146012151184,6.950286183364317e-06,1.6542488648287223e-07,1.1782482761532513e-05,4.88907284604152e-06,4.3047842530030665e-06,0
0.8550699775902545,0.14490047803077152,7.716551379229635e-06,1.3296268131755462e-07,1.0634136112229613e-05,5.991943208084084e-06,5.068785593100948e-06,0
0.7964008134120844,0.20349264222142063,1.4267964937153314e-05,1.7652921570465438e-07,1.5103407590381044e-05,7.840219514843648e-06,6.915624523678864e-05,0
0.805403641661044,0.19451673315656778,1.3256740651102418e-05,1.8517662400342424e-07,1.5836069780170542e-05,8.224278204654327e-06,4.2122917128278765e-05,0
0.7633549510077576,0.23658457270298375,1.3742285754310129e-05,2.102320123915978e-07,1.4972182638908718e-05,7.577273912395721e-06,2.3974314940598853e-05,0
0.749345297556313,0.25060854073433325,1.2221443029774188e-05,1.869658809614584e-07,1.3315228661680735e-05,6.738705852648552e-06,1.3699365928710404e-05,0
0.762146441552043,0.2378148691520674,1.096499753865219e-05,1.6783652661515122e-07,1.432648579063627e-05,7.531916630618964e-06,5.698059402945482e-06,0
0.5034017449544145,0.4965565812115773,1.3160828499697354e-05,1.632655536363746e-07,1.5150855601911178e-05,8.937133869260792e-06,4.261750483676462e-06,0
0.5153573378438288,0.4845992969832464,1.3650579649729235e-05,1.6934112043339234e-07,1.5855200487252576e-05,9.269709557072543e-06,4.420342110379709e-06,0
0.548907096852619,0.45105014505427315,1.095035495478152e-05,2.0890916775967275e-07,1.6069700722712247e-05,6.75670647824004e-06,8.77242178449013e-06,0
0.29678413424107497,0.7031676250591373,1.3307758544639122e-05,1.6826926482191476e-07,2.1600912579940892e-05,8.80065427947456e-06,4.36310511895087e-06,0
0.2372881873120361,0.7626485975237497,1.334075635288685e-05,1.8517055363083721e-07,3.650474465608049e-05,8.271350867657324e-06,4.913141783906328e-06,0
0.11855447434025401,0.8812525014824611,1.0101077447886929e-05,1.3906560193932464e-07,0.0001715096980581523,7.712904440444071e-06,3.561431736329643e-06,1
0.09987454453822237,0.8992646754231002,1.0031503851665372e-05,1.1495055278030027e-07,0.0008410140895704364,5.857268839096491e-06,3.7622258637371737e-06,1
0.08556146367779732,0.9135040141998283,9.751072598125835e-06,1.1173710362173861e-07,0.0009150985931749277,5.903666869320377e-06,3.6570526284309308e-06,1
0.09624980646557822,0.8951648874676605,1.1359068385292723e-05,3.492534751328083e-08,0.008554422712460109,6.6923104848096455e-06,1.2797050083397351e-05,1
0.008336019981542268,0.07531367379107612,4.824656105632061e-06,3.258071457312975e-08,0.9163313452990199,1.2158027807081725e-05,1.945663734461132e-06,4
0.00866935463411377,0.0660487441740592,4.55262842909701e-06,3.9891362242423304e-08,0.9252664558324109,9.684732670149147e-06,1.1681069548625846e-06,4
0.7115897304985014,0.2865848274437612,8.766591091640317e-06,1.7466446510684487e-07,1.188015254401974e-05,6.141204693164899e-06,0.0017984794449434206,1
0.6111466275584662,0.38758658965473064,9.454063330540295e-06,1.474570137180993e-07,1.1225858016404523e-05,5.290393158708072e-06,0.0012406650152835751,1
0.550868761211367,0.4483706994992893,1.387626625847719e-05,2.8641310029256407e-07,1.944033034531232e-05,9.842523716376998e-06,0.0007170937559230996,1
0.49660964317012296,0.502816364766407,6.819717216957595e-06,1.6551706406774808e-07,1.2160056589616523e-05,4.615255338592308e-06,0.0005502315172606045,1
0.2862350261840675,0.7131112905391662,9.81192742352124e-06,2.0292947049688053e-07,1.7709671886117814e-05,6.9736269886996785e-06,0.0006189851209975069,1
0.4714846806890097,0.5278918664154396,1.3697474848413937e-05,2.5158992177732184e-07,1.778763742254817e-05,8.845904674581283e-06,0.0005828702886833109,1
0.4578647868009729,0.5417394903441044,1.3582747145827945e-05,2.494826476966073e-07,1.2332866629747374e-05,8.57341676854205e-06,0.00036098434173086183,0
0.6725712857965774,0.3272006607582909,7.660288743336754e-06,1.407012217256198e-07,9.004996159709753e-06,4.933838832823725e-06,0.00020631362017425493,0
0.8369654548802902,0.16287599295330688,4.789943108348096e-06,9.598263291841983e-08,6.142968982278708e-06,3.365733685618276e-06,0.0001441575379936192,0
0.923363955511364,0.07650954677134557,4.918414639468018e-06,9.015863456338573e-08,4.490093156518635e-06,3.0982818105032383e-06,0.00011390076904955131,0
0.9013212570958158,0.09846707891042834,7.689447815031543e-06,1.8024461179085037e-07,7.01981015073888e-06,4.942702049436766e-06,0.0001918317891286844,0
0.8540744348640571,0.14570626004855267,6.2401456000039845e-06,1.6133955365358802e-07,7.64322262696341e-06,4.562043919346974e-06,0.0002006983356904091,0
0.8884387762096849,0.1113155464525179,5.069849491417781e-06,1.3465137441381375e-07,6.611849434748491e-06,3.706464163963108e-06,0.0002301545233327596,0
0.7121865978024777,0.2863975995407528,1.4953224891980795e-05,5.5566344882954086e-08,2.6524686593750013e-05,7.782808906944334e-06,0.0013664863700318627,0
0.7406380172447736,0.2581282882627835,1.573475639252302e-05,4.8445863965328273e-08,2.4301707164503133e-05,6.9162358033122235e-06,0.001186693347218503,0
0.893608397463342,0.1031513863258111,4.4711149798826105e-06,1.521986935035288e-07,7.76774217310495e-06,5.230274903207587e-06,0.0032225948800973393,0
0.8648344493062555,0.13471651046203023,7.777735048220202e-06,1.726829405978049e-07,1.3091952819468413e-05,4.81506766668859e-06,0.00042318279323927627,0
0.8717715823779659,0.12768327152450865,7.355208817072202e-06,1.6698607893426175e-07,1.4721365181061216e-05,4.608811829784005e-06,0.0005182937256185482,0
0.8428170052489573,0.1557086755306286,7.110916659242324e-06,1.614398883956987e-07,1.600843491788969e-05,4.4557371020731494e-06,0.0014465826918462646,0
0.5856359231143482,0.41307572177620083,1.2442316096094856e-05,2.41321616512057e-07,1.4716243359563003e-05,8.20853337386546e-06,0.001252746695004901,0
0.51437655482507,0.48473191183878644,1.0783138167505867e-05,2.0212327491060664e-07,1.2763480444092092e-05,6.875205262251356e-06,0.0008609093889947683,0
0.4637791242642002,0.5353394152634205,1.0448916763165074e-05,1.9585850080299562e-07,1.2805170914845526e-05,6.798064285233864e-06,0.0008512124619152711,0
0.6271612343947957,0.3710777139555789,9.514494551323237e-06,1.7798620242504702e-07,1.1636685327380805e-05,6.177733624067499e-06,0.0017335447499200267,0
0.4561749145467899,0.5421531874957052,8.835382617573432e-06,1.862955565591273e-07,1.0079215060172746e-05,5.736788221765681e-06,0.0016470602760487885,1
0.3826050823747034,0.615530845221385,8.983862931814711e-06,1.8942628942910346e-07,9.634126327610796e-06,5.746995289131415e-06,0.0018395179930736085,1
0.3162147190280857,0.6826907030874413,1.4499821554539686e-05,3.057312222266701e-07,1.4623011367528052e-05,9.10659826321937e-06,0.0010560427220654845,1
0.36691277974743636,0.6323526717541279,1.6568201196627634e-05,3.493433614261574e-07,1.670896386734665e-05,1.0405642005617645e-05,0.0006905163480049113,1
0.3880624295465137,0.6117119718262681,1.8172583643547986e-05,3.972722149488619e-07,2.0843260748351306e-05,1.1833264644447632e-05,0.00017435224596705956,1
0.8210903237828198,0.17888073781916738,8.494314402826143e-06,1.7260917437843868e-07,8.91255072402986e-06,5.975195955527437e-06,5.383727755955805e-06,0
0.864555812489324,0.13541912083383065,7.389154948014551e-06,1.5015172201617547e-07,7.752976303771485e-06,5.197788387189012e-06,4.576605484152249e-06,0
0.8766563457759273,0.12331898268692834,7.278993520430724e-06,1.6492483247090553e-07,8.1881772275513e-06,4.531066533159954e-06,4.508375030579522e-06,0
0.853158110006056,0.14679599859076478,1.382578636400178e-05,2.405101201310623e-07,1.8681113856485437e-05,6.607660834849616e-06,6.536332003827185e-06,0
0.913736554347603,0.08624269555939673,6.306714258297217e-06,1.1807576750161575e-07,7.06230836466712e-06,4.333640452816649e-06,2.9293541568432992e-06,0
0.9212099522138965,0.07876715179923957,5.98318218875148e-06,1.0309526983377035e-07,8.233552479050375e-06,4.645972807894165e-06,3.930184118370941e-06,0
0.9094205210986711,0.0905551343158885,6.38502113172873e-06,1.0974975096688797e-07,8.62257875768191e-06,4.9458559979276035e-06,4.28137980215251e-06,0
0.6625554038774625,0.33739898247655675,1.4778046668187674e-05,2.349678969802343e-07,1.5396735948016324e-05,9.537360912126972e-06,5.666534555479571e-06,0
0.690486369443192,0.3094691973390393,1.4574559349831804e-05,2.3173249054731566e-07,1.4440431027469029e-05,9.597986078459383e-06,5.588508822650645e-06,0
0.6171735286560895,0.3827626226310927,1.4159672195091455e-05,2.412281582928775e-07,1.1090450298822126e-05,8.815453341953949e-06,2.954190882359775e-05,0
0.6800191797137701,0.319866037234062,1.5581685283155165e-05,1.927831119930499e-07,1.3782393459332131e-05,8.562106338867889e-06,7.666408397478295e-05,0
0.7916506942011899,0.20829470003498404,1.4457030318844192e-05,2.211663060625633e-07,1.575089488166753e-05,7.9713724953896e-06,1.6205299824072147e-05,0
0.7760410446411545,0.22391534782317304,1.0882924126591455e-05,1.7918414682430655e-07,1.4035489961325757e-05,6.524661295212667e-06,1.1985276142571792e-05,0
0.6004898340965601,0.39946845979091145,1.3410354250824462e-05,1.663610244044373e-07,1.4898885441673026e-05,8.887959690715878e-06,4.342552120942697e-06,0
0.5930042089392934,0.40695341244216554,1.212156839148262e-05,1.8901106884624537e-07,1.3205098510620942e-05,9.059512760712419e-06,7.803427809533114e-06,0
0.5750920603104965,0.4248655570076783,1.0928827865315459e-05,1.8038290611232402e-07,1.4119673126349508e-05,7.380230403483408e-06,9.773567523840219e-06,0
0.5610742903389996,0.43888094744738043,1.1560912782575669e-05,1.8029543921661334e-07,1.4908668171943734e-05,7.79263125523016e-06,1.0319705970891096e-05,0
0.57494338278915,0.42501916732314143,1.0962408206993597e-05,1.823236507998883e-07,1.122069996449181e-05,6.7272416302082525e-06,8.35721425608428e-06,0
0.20469671628400177,0.7952703421550242,1.1086136661578604e-05,1.4017808179354038e-07,1.0743912480322452e-05,7.3814117116133704e-06,3.589922038773809e-06,0
0.1186497125676682,0.8813150806258907,1.0430914631274796e-05,1.3570115811254905e-07,1.4085090914774842e-05,7.0798304795997464e-06,3.4752692572357553e-06,1
0.09484629945635376,0.9051197746995824,1.0380957040265817e-05,1.2895876609709976e-07,1.3385264871714175e-05,6.728064929767087e-06,3.3025984560618286e-06,1
0.07329920267610733,0.9253722940332355,7.9089979196895e-06,1.0682795898475362e-07,0.0013101844614754722,6.806622462873478e-06,3.496380839775934e-06,1
0.06762562099761314,0.9314088867365272,7.235225252397927e-06,9.130873888975483e-08,0.0009493594769582144,5.817803869793625e-06,2.9884510402731378e-06,1
0.06471113917265409,0.9337996778910236,7.0618526747268705e-06,8.912077225803681e-08,0.001473310547226488,5.804574743913267e-06,2.9168409048562494e-06,1
0.08265705335146419,0.9061279681363067,9.75489879953008e-06,9.270410051774382e-08,0.011180448891845026,5.747197683823949e-06,1.8934819799914584e-05,1
0.10936178186158921,0.8647027557836883,2.5676478722370315e-05,4.358726167784771e-08,0.025861884264049725,3.9508207553439505e-05,8.349817135324712e-06,1
0.11558534099914565,0.8553361936723909,2.760910730864056e-05,4.859909748584751e-08,0.02899950801543123,4.7667272487333596e-05,3.632334139113463e-06,1
0.002057869605492405,0.012374217548024879,8.168141041653772e-07,5.1126424642044276e-09,0.9855653156949972,1.6134336211492379e-06,1.617911178993952e-07,4
0.473765209190561,0.006947505652117822,4.8447280848277225e-06,1.0192441089406019e-07,6.027982027141823e-06,3.4363963753710457e-06,0.5192728741264231,0
0.5437968973964471,0.007974481758001617,5.560872875743523e-06,1.169908159947994e-07,7.387476915236294e-06,3.9443624202458695e-06,0.448211611142524,0
0.6529622954288655,0.008471528070737498,6.438090558062283e-06,1.530729791827911e-07,8.542184549807098e-06,4.383988619697677e-06,0.3385466591636903,0
0.7207399839244869,0.27743595412338434,1.1165165452729056e-05,1.7414543331960386e-07,1.3464590578371795e-05,6.122955529285134e-06,0.0017931350951350354,1
0.5378096879001618,0.4607040676801735,7.699099967787844e-06,1.53395905389055e-07,9.966797971552148e-06,5.393401877773397e-06,0.0014630317239422434,1
0.47925932967233587,0.5189437867744512,9.319674108869005e-06,1.2547768220497683e-07,9.55257813204787e-06,4.5018290739077615e-06,0.0017733839942159814,1
0.34158818534493646,0.6578110262450722,1.1615651877436736e-05,2.1170800497452397e-07,1.2834070727529305e-05,7.275299411165623e-06,0.0005688516799705097,1
0.4236863020104922,0.5757524771482451,7.953780595938922e-06,1.7694587346870011e-07,1.1661644659896876e-05,4.933934707988977e-06,0.0005364945354252905,1
0.48058959956190916,0.5187461094299772,1.2399644291636946e-05,2.5644841648742407e-07,1.8457117368460023e-05,9.016729407002644e-06,0.0006241610686300155,1
0.8988269293832728,0.10101506934672884,5.143975573774277e-06,1.0307686502129821e-07,6.597005784937666e-06,3.54221398234087e-06,0.00014261499779216172,0
0.9242167971391958,0.07566563237474828,4.901160168884647e-06,8.984234575450259e-08,4.474341296221203e-06,3.0874126145779226e-06,0.0001050177296304348,0
0.9071244678676839,0.09270176674071134,6.911102272810439e-06,1.3310247173588122e-07,6.30924704276314e-06,4.353545610113949e-06,0.0001560583942074638,0
0.8943976569902911,0.10538988692759238,7.718223243515296e-06,1.8091912263492295e-07,7.046079663169568e-06,4.961198614178648e-06,0.00019254966147293673,0
0.8573582554156414,0.142418972180853,6.26413826098257e-06,1.6195988616846467e-07,8.169382363357225e-06,4.579584467299291e-06,0.0002035973385278778,0
0.5240782893047509,0.4750424840993079,1.0283968741858202e-05,2.1359521650013787e-07,1.4049711594886364e-05,7.5184010234502555e-06,0.0008471609193646931,0
0.6788794973410411,0.3197732289569256,1.5643280966837672e-05,1.960877772278653e-07,2.416042699769928e-05,7.0351447448663464e-06,0.0013002387615467642,0
0.7413697217651332,0.2573030389133396,1.360897125815363e-05,1.832276698433283e-07,2.384002946354907e-05,6.57375588032938e-06,0.0012830333372553663,0
0.7633603767623948,0.23564683795270114,1.4361328243337332e-05,1.768806207997551e-07,1.892315475195191e-05,6.078463950883308e-06,0.0009532454573370193,0
0.7462072708602397,0.25264572634950183,1.1975760241654568e-05,1.8841506270813217e-07,1.9242062650225526e-05,6.474842531061407e-06,0.0011091217097726291,0
0.9022306678761007,0.09575659025420623,4.091108644273939e-06,1.4980011128073508e-07,8.532463054108838e-06,4.1770059613137545e-06,0.0019957914919219166,0
0.8630838175824171,0.13648658026834692,7.302694807624877e-06,1.6579384785764406e-07,1.6440175037226516e-05,4.575906280262629e-06,0.00040111757926296495,0
0.48009128930739925,0.5176221391979899,7.851005145865504e-06,1.6054840437858188e-07,1.049660724321255e-05,5.701436060560557e-06,0.002262361897756616,0
0.6079026052621381,0.39021881484140447,9.688631775568224e-06,1.8124376099287376e-07,1.1849663544078678e-05,6.29080041701347e-06,0.0018505695569597637,0
0.3657038329744799,0.6324832641162816,1.3410675947286928e-05,2.952137158976144e-07,6.894615768264523e-07,8.34287692790429e-06,0.0017901646810704985,1
0.28048068504259216,0.7185218238111167,1.1686290513118685e-05,2.464074380800295e-07,1.220255550318272e-05,7.475743679088825e-06,0.000965880149157578,1
0.37022205437968064,0.6297263188564367,1.5002099949478313e-05,3.2796203295668824e-07,1.7823709667449665e-05,9.768771596088352e-06,8.704220636655364e-06,1
0.8636658299834474,0.13630689084995412,8.045614338270442e-06,1.915272368760554e-07,9.050552926222137e-06,5.008276730089998e-06,4.983195367123319e-06,0
0.87965783225545,0.12031747369641796,7.704336469256021e-06,1.4424237478355432e-07,8.939622131140897e-06,3.962846511671159e-06,3.9430006450992705e-06,0
0.8985160034614068,0.10145822617750173,7.952361168725096e-06,1.4888595074874725e-07,9.790308992810206e-06,4.185077739593918e-06,3.6937272392952377e-06,0
0.9179334702709544,0.08204201396551225,7.71406422691313e-06,1.29527414854105e-07,8.501530789840776e-06,4.587598461102616e-06,3.5830426405532615e-06,0
0.8843842582533145,0.11558899871691199,7.594165963433116e-06,1.6057660359222663e-07,1.1636620785101469e-05,3.90507133640739e-06,3.446595084773416e-06,0
0.6268068280451715,0.3731495588470341,1.4129906269826372e-05,2.246625981968219e-07,1.4721460873111252e-05,9.119068221645195e-06,5.4180098318418544e-06,0
0.6457012679753438,0.35425171584597076,1.4419521673376523e-05,2.292674234374777e-07,1.4266309631643117e-05,9.495886973811553e-06,8.605192983168013e-06,0
0.7317460935387492,0.2681267686817968,1.6870107715484047e-05,2.0872401193758532e-07,1.7785552092931444e-05,9.270092007588115e-06,8.30033036260641e-05,0
0.7972123244733931,0.20268764045740675,1.3432258054804264e-05,1.661895014461826e-07,1.3675602417395819e-05,7.381000177219636e-06,6.538001904903319e-05,0
0.8163680732130092,0.1835786126999023,1.4132570316291847e-05,2.162026573292535e-07,1.5332373157230876e-05,7.791337653870682e-06,1.5841603303672214e-05,0
0.7784143014921252,0.22154196578510624,1.0640385821206736e-05,1.628678339216442e-07,1.3902359370081873e-05,7.308939070933918e-06,1.1718170672445014e-05,0
0.748307848923976,0.2516521958243734,1.1723958460488123e-05,1.790139633566387e-07,1.4496034650267312e-05,8.033520920094896e-06,5.522723656483491e-06,0
0.6281826455295125,0.3717695201467406,1.5164931044005636e-05,1.9557284996070393e-07,1.639921013283739e-05,8.776625868183313e-06,7.297983851925251e-06,0
0.6490071361264003,0.3509475517818205,1.4493860033221732e-05,1.7980236447169609e-07,1.6102658901000902e-05,9.842356611683683e-06,4.693413868917302e-06,0
0.6041144764108779,0.3958425917814064,1.362210593415356e-05,1.6898789214402939e-07,1.5479218272191458e-05,9.250373889271619e-06,4.411121728005645e-06,0
0.60465540679655,0.3953008333699822,1.2675115934942639e-05,1.896675569655537e-07,1.2316014021650618e-05,9.090978973407972e-06,9.48805698084659e-06,0
0.5962253270407728,0.4037342567220366,1.1216179461172286e-05,1.6437264569303346e-07,1.1908376053010436e-05,7.368833850944206e-06,9.758475179876496e-06,0
0.2900693820650457,0.7098982038723378,1.0976345418912536e-05,1.3878983210255492e-07,1.0352954875677931e-05,7.347248578274151e-06,3.5987239116178986e-06,0
0.13596366445894953,0.8640052548579149,1.0902869587916838e-05,1.378607707566977e-07,9.101844749767226e-06,7.407531685285301e-06,3.5305763418187905e-06,1
0.07666505229575994,0.9232667655410828,1.0282829842047862e-05,1.2937408399637458e-07,4.761656986531911e-05,6.8401547331363615e-06,3.3132346329921125e-06,1
0.08290007538660359,0.9169278868885548,9.79995618187381e-06,1.2831271874428666e-07,0.00015160013554805872,7.223267031727757e-06,3.286053361420206e-06,1
0.06966749485825077,0.9292169245531111,8.661908589547909e-06,1.1387225669426732e-07,0.0010974782184932617,6.41035219000662e-06,2.916237108407175e-06,1
0.0684245347694676,0.9302323311837436,8.605104776023142e-06,1.1312549535777495e-07,0.0013258633986780982,5.655305082661358e-06,2.897112756402369e-06,1
0.07052834172497859,0.9281793543571504,8.586113734642005e-06,1.1287583297486158e-07,0.001274129353031547,5.851090999186844e-06,3.624484272471847e-06,1
0.05809490078641857,0.940527819136435,6.534685458946026e-06,8.246790769918717e-08,0.0013627093212450678,5.254503767984336e-06,2.699098766990388e-06,1
0.08507610677785492,0.9026319729337131,1.0413926278210653e-05,3.3672867500393456e-08,0.012267265608474402,6.452313298838244e-06,7.754767512894606e-06,1
0.020163708307053912,0.2042219662040931,6.387346406828758e-06,4.465938038237862e-08,0.7755919116453803,1.2631165725660476e-05,3.3506719598482285e-06,1
0.5760656590157066,0.007774649711190537,6.1046306877189175e-06,1.1405915034832887e-07,6.365977901869981e-06,3.845520885495157e-06,0.41614326108447736,0
0.6372487778667842,0.008563340243664999,6.723908032230906e-06,1.2562975164401515e-07,7.4864878435146185e-06,4.2356253953430226e-06,0.35416931023852805,0
0.6582833206549786,0.009328032183266019,6.504748863452867e-06,1.3684827802772692e-07,8.155018667580823e-06,4.61385964819597e-06,0.332369236686298,0
0.7021947720840523,0.009313025848325484,6.917484547217169e-06,1.535834745909329e-07,8.52910898344653e-06,5.198560986447191e-06,0.28847140332963034,0
0.513795048309261,0.48476827132369943,9.981655075935655e-06,1.5568597311030102e-07,1.1447315245041526e-05,5.47392068638612e-06,0.001409621790059046,1
0.4522267644347919,0.5454971328158663,1.135589440552057e-05,1.528928257280131e-07,1.1639684746571573e-05,5.4854166570426335e-06,0.0022474688607069886,1
0.340078814650989,0.6579534834209049,1.0633227586479096e-05,1.6729294859526194e-07,1.035533702026558e-05,5.720773385600729e-06,0.0019408252971650725,1
0.26229209668886627,0.7365822595200644,1.0655372308370074e-05,1.6764135229402924e-07,1.037690300825334e-05,5.732687447873461e-06,0.0010987111869524215,1
0.32688180051547006,0.6726231197860542,1.1163648240972217e-05,2.034697425742005e-07,1.324168946992231e-05,6.992193320787446e-06,0.0004634786977014366,1
0.591886270105009,0.4075765581420398,1.170930456175211e-05,2.146412997600746e-07,1.4741796057258588e-05,7.376101446632631e-06,0.000503129909585658,1
0.32510056392041575,0.6744273003428358,6.103049696836716e-06,1.3577310140803271e-07,8.948146865220326e-06,3.7858787227773197e-06,0.00045316288836228354,1
0.5711271902818865,0.4284639188951729,1.5544049747939846e-05,2.855070955388402e-07,1.4113690726134403e-05,9.811389060641737e-06,0.0003691361863102569,0
0.6913999524058437,0.30836781819964376,7.874738907839655e-06,1.4464015942833556e-07,7.150107680853029e-06,4.970527528453639e-06,0.00021208938023604675,0
0.9092877203978508,0.09054776172462292,6.9078657140517074e-06,1.330401381234269e-07,6.306292340608379e-06,4.351506788284993e-06,0.00014681917254527813,0
0.9140214245504894,0.08578894562398233,6.699392606967306e-06,1.570372084867789e-07,7.859651332260159e-06,4.306304219102498e-06,0.00017060744016112126,0
0.9129828532016362,0.08682773365916177,6.691780315800567e-06,1.5564234490559068e-07,7.850720678703896e-06,4.301411112593966e-06,0.00017041358474975638,0
0.5481440177283299,0.4509898387352668,1.0756209633932666e-05,2.191802828257763e-07,1.4694875782322356e-05,7.863646764215332e-06,0.0008326096239400714,0
0.7184184080178218,0.2803904180661981,1.3458851725154518e-05,1.9582004515160428e-07,2.3671331040221197e-05,6.7368315379740176e-06,0.0011471110816319375,0
0.6913639189991502,0.30737108625841897,1.4687934714045913e-05,1.8411255773330833e-07,2.26849326019244e-05,6.605503470500464e-06,0.001220832259086596,0
0.7527033904300349,0.24625911453160804,1.5008085860298664e-05,1.848463804326194e-07,1.9775352700873576e-05,6.352205543098671e-06,0.000996174547872398,0
0.8518148645859042,0.1476380358989962,7.256637803488302e-06,1.6474821085133983e-07,1.3029119553835255e-05,4.547046723615323e-06,0.0005221019628078705,0
0.6283335060700971,0.3705614979336702,9.843474938589413e-06,2.149718044583299e-07,1.3109382555852034e-05,7.312246854803067e-06,0.0010745159200789248,0
0.6300306608851178,0.3667703458797423,1.2092643182110848e-05,2.472873895172317e-07,1.6429353113279246e-05,8.606106888476631e-06,0.003161617844566467,0
0.2805513341737869,0.7187028093309896,1.1689234124981e-05,2.464695046405759e-07,1.1788545317219968e-05,7.477626713551188e-06,0.0007146546195630296,1
0.48266236071706364,0.5172891548412135,1.5680312562391153e-05,3.306220774210243e-07,1.3902875354556823e-05,9.79581263362464e-06,8.77481909499567e-06,1
0.889296689133174,0.11068037886672788,6.11017077886234e-06,1.513380675856196e-07,8.375732980361511e-06,4.157790206343056e-06,4.1369680651306794e-06,0
0.8741192829012377,0.1258560283380271,7.802631894175891e-06,1.4608268453344376e-07,9.009585515447033e-06,4.106279928404731e-06,3.6241807123973684e-06,0
0.9003721399477908,0.09960102406910708,8.281196727951482e-06,1.5504248637843694e-07,1.0195144948364023e-05,4.358133559080283e-06,3.846465380407372e-06,0
0.8121091167786084,0.1878510805067937,1.1936581454060646e-05,2.345136037608477e-07,1.6543474654799684e-05,5.574158597602922e-06,5.513986287516474e-06,0
0.9150099699300763,0.08496976922795854,6.052098683030439e-06,1.1330879563065494e-07,8.099315318174728e-06,3.1850293188126115e-06,2.8110898494310013e-06,0
0.8713442271338947,0.128629124416563,8.015525902699227e-06,1.5247268375372558e-07,1.0730371595858617e-05,5.514080268541348e-06,2.2359990913407055e-06,0
0.6579230476033097,0.3420309674864525,1.4930540793312508e-05,2.031830038697148e-07,1.555561430527751e-05,9.570564816484957e-06,5.7250073190950526e-06,0
0.8361153152559654,0.163836725523917,1.2713094936869894e-05,1.9448726216927383e-07,1.3792389579034203e-05,7.008775690624461e-06,1.4250472648959695e-05,0
0.5150701269882323,0.4848800856341658,1.6559914978394448e-05,2.267382850558443e-07,1.7568065638611688e-05,8.803204111895373e-06,6.629454587840322e-06,0
0.5806418925426704,0.41930899999613025,1.634770222380031e-05,2.0280004821221752e-07,1.8162275068312237e-05,9.100957262553587e-06,5.293726596382732e-06,0
0.467619004760764,0.532330233299649,1.5945299031056072e-05,2.2773227763473138e-07,1.678457934941841e-05,1.0915463776019676e-05,6.888865152731726e-06,0
0.6382513212704721,0.3617063546702575,1.237400291809462e-05,1.748325677048542e-07,1.2211682309633008e-05,7.556517998728451e-06,1.0007023475964644e-05,0
0.4732593581199388,0.5267020401377426,1.3546870849637183e-05,1.7129270799883546e-07,1.1422251189589087e-05,9.019826671610497e-06,4.441500899761114e-06,1
0.3445527702263921,0.6554077151166454,1.3887584268146721e-05,1.7560084120212812e-07,1.1804389895815521e-05,9.093874157107207e-06,4.5532078003189894e-06,1
0.0659626120056445,0.9331159192149133,8.666806284501785e-06,1.1347616831709763e-07,0.0009033943488993664,6.38805469569382e-06,2.906093394237952e-06,1
0.06616943931607255,0.9324836535098846,8.66093378326911e-06,1.1339927852442822e-07,0.001329072216272149,6.156500440826206e-06,2.9041242678400944e-06,1
0.05709851478903058,0.9413352876793379,8.568328165496071e-06,1.121867752879922e-07,0.001548306281186497,5.608377125660604e-06,3.6023583781766513e-06,1
0.06411964594435578,0.9347548593982319,7.084253925957123e-06,9.753177733632212e-08,0.0011090842573713228,6.096833302367647e-06,3.1317810350108604e-06,1
0.05796660007561799,0.9330511406918551,8.09400687620771e-06,2.6171533560793192e-08,0.008959652768557003,5.01492586110535e-06,9.471359698960771e-06,1
0.0835771334809459,0.9039615778456322,1.0471587245507913e-05,3.3722468679356144e-08,0.012428315040625321,6.461817756593594e-06,1.600650532582643e-05,1
0.10690564952314326,0.8669495737620669,2.4895449251714126e-05,4.370051752502877e-08,0.026076482358846517,3.9610864507439995e-05,3.744341666742997e-06,1
0.02269778381715313,0.1911353028180698,6.3646535523366485e-06,4.596295357628604e-08,0.7861445776905835,1.2586289937246735e-05,3.3387677501197046e-06,1
0.008013037319928352,0.07105236921200254,4.6896796744284554e-06,3.177059070013882e-08,0.9209172838765916,1.0690856669656112e-05,1.8972845426370334e-06,4
0.060073436567313926,0.4527994519078861,3.104547417510446e-05,7.938242672212484e-08,0.48701856581505576,7.351842856793903e-05,3.90242457465897e-06,4
0.046120515094974945,0.3781771497496679,2.606711247450813e-05,5.226136296485986e-85,0.575610545079718,6.058434458371706e-05,5.138618581077491e-06,4
0.7622875564693805,0.04451528975646615,8.387993331051276e-06,1.5672158422160872e-07,8.747094282694117e-06,5.2838910643429544e-06,0.19317457807389077,0
0.5845303320551217,0.006604630016027971,6.582370856056501e-06,1.229852656983491e-07,7.189879241468841e-06,4.146466166079957e-06,0.40884699622732096,0
0.5721537422405971,0.0065906172666736354,6.403513925805958e-06,1.1964349605791406e-07,6.994515024209949e-06,4.033797915373538e-06,0.42123808902236776,0
0.7685825540633594,0.01067440425274775,8.381508903307593e-06,1.566004289287214e-07,9.33208250531393e-06,5.279806295977035e-06,0.22071989168575926,0
0.7403466407339659,0.010039520412851012,7.883000093760602e-06,1.4728627150188888e-07,8.777036224985755e-06,4.965778120190268e-06,0.24959206575247248,0
0.676254473770495,0.009465787933325162,6.66774723886566e-06,1.480387533429408e-07,8.846897528418731e-06,5.010880823348197e-06,0.31425906473183596,0
0.8145454335794378,0.010526236962893454,7.716767969058284e-06,1.7132933643874466e-07,1.0238758763215623e-05,5.4735524913147415e-06,0.17490472904910864,0
0.9358620171744914,0.05304644218493377,9.052093328503665e-06,1.6593240591982642e-07,1.0505194043624839e-05,5.702230934664366e-06,0.0110661151898622,0
0.9451399062612776,0.05221721115714592,8.989588701267384e-06,1.6478664407203595e-07,1.997510205870991e-05,5.662857078689629e-06,0.002608090247093754,0
0.9455394589443155,0.051933615561735307,8.94076556989486e-06,1.6389167543227692e-07,1.986661577925927e-05,5.632101676603467e-06,0.002492322119247912,0
0.5209213254764926,0.4775000662336909,7.576726951359143e-06,1.4173667866532822e-07,8.691057149630408e-06,4.846847556221608e-06,0.001557351921480525,1
0.2582108009971908,0.7411988181415821,8.510787362732159e-06,1.5921000471108635e-07,9.65145028674382e-06,5.44436789069988e-06,0.0005666150456822814,1
0.3012918999346469,0.6982176117910758,9.953673735030384e-06,1.8620186061587502e-07,1.1933084911707068e-05,6.333639767678625e-06,0.0004620816740022017,1
0.4806195473936351,0.5185771881541854,1.273047939331748e-05,2.632907206655892e-07,1.8949572003262926e-05,9.047928184171583e-06,0.0007622731818779985,1
0.5596956612487545,0.43963143909742053,1.5207511606610146e-05,2.7932569308406426e-07,1.9748581804397094e-05,9.59896651363025e-06,0.0006280652682073108,0
0.7547179332292461,0.2450539555706786,8.595902635752688e-06,1.5788621593891133e-07,9.463884844945035e-06,5.425725371082477e-06,0.00020446780100774956,0
0.8027156809095064,0.1970521278698146,8.971893787871522e-06,1.6479227604104026e-07,1.054684383475534e-05,5.663050620075962e-06,0.00020684464016031603,0
0.6913639189991502,0.30737108625841897,1.4687934714045913e-05,1.8411255773330833e-07,2.26849326019244e-05,6.605503470500464e-06,0.001220832259086596,0
0.6903569038070473,0.30839496919291776,1.4666540809922205e-05,1.83844386170403e-07,2.265189056554646e-05,6.595882137706714e-06,0.001204028842135587,0
0.851576572012752,0.14797579766191535,6.733129467763123e-06,1.7877490363318238e-07,1.2995477623345625e-05,4.6963304659530375e-06,0.00042302661287190753,0
0.6334381465256925,0.3657244193158307,9.853451692821213e-06,2.1518968695137503e-07,1.6957645146411215e-05,7.3196581084718936e-06,0.0008030882138419934,0
0.568263964003809,0.4305540744059481,1.0281912469955965e-05,2.245468486219136e-07,1.3939478409550461e-05,7.637941132460475e-06,0.0011498777113823067,0
0.31204921050875767,0.6873773180088394,1.2482624869962558e-05,2.728835991477978e-07,1.305192169542872e-05,8.279002684949766e-06,0.0005393850495533256,1
0.3045011640658758,0.6953347269516518,1.3061535372856545e-05,2.7540471161523124e-07,1.3172505572998031e-05,8.355490597569378e-06,0.0001292440462173036,1
0.44882322804916647,0.551114276281804,1.723383065901275e-05,3.6337827270555647e-07,1.9064983160884704e-05,1.0823689916297351e-05,1.5009787020655455e-05,1
0.5773540846113775,0.4225918165152302,1.7513281033885992e-05,3.1605669463440905e-07,1.5528068225338425e-05,1.094090560537894e-05,9.800561833235144e-06,0
0.8019301073221397,0.1980306388004788,1.190066681421139e-05,2.418281424420164e-07,1.205048649704725e-05,8.371342623331302e-06,6.689553304460721e-06,0
0.8493971396658192,0.15057146099316687,9.448987615598574e-06,1.9200866293551809e-07,9.800172868007755e-06,6.646746271337539e-06,5.311425596106357e-06,0
0.8738117529222775,0.12616409824591907,7.415587742146462e-06,1.6801973550519606e-07,7.780710574874059e-06,4.616094429517058e-06,4.16841932132368e-06,0
0.9011746589945756,0.09879767918146524,8.359497323579998e-06,1.5650844829553302e-07,1.0291542359052443e-05,4.971441244091538e-06,3.88283458406773e-06,0
0.910506240625421,0.08946680111340867,7.113761273504497e-06,1.3318548895524255e-07,1.0150284209166119e-05,4.88820047396013e-06,4.672829724552269e-06,0
0.9415090299423894,0.05847012925586852,5.722027728581563e-06,9.607898477444484e-08,8.164486474146143e-06,4.443184979890067e-06,2.415023574715898e-06,0
0.7112155096440205,0.288736868803856,1.4618368381121554e-05,1.9893479013705327e-07,1.4709929003327192e-05,9.370460456827054e-06,8.723859491875643e-06,0
0.5375004816744273,0.4624039892939451,1.408573120567301e-05,2.418439598680417e-07,1.3968409142754458e-05,8.76941955435665e-06,5.846362776484928e-05,1
0.5422428092247039,0.45701998789487436,1.3959375334999546e-05,1.8742904120036791e-07,1.339962180723575e-05,8.494190820498161e-06,0.0007011622634179295,1
0.6372583413145202,0.36200262999178884,1.3471322862342274e-05,1.6667282754536447e-07,1.1915724694248318e-05,7.402466214440234e-06,0.0007060725070924575,1
0.6542076605391415,0.34575013689530754,1.3371704291570017e-05,1.8474640900740207e-07,1.2676236791996779e-05,8.039416782616978e-06,7.930461275947542e-06,0
0.503752549925805,0.49620516822326177,1.4530035423758712e-05,1.837242816204522e-07,1.3340108619811036e-05,9.464139642002424e-06,4.763842965987498e-06,1
0.39117136475827086,0.608788313943627,1.4122332328643845e-05,1.7856910091511588e-07,1.2003924788269809e-05,9.386299171994113e-06,4.630172712252366e-06,1
0.458313551074122,0.5416485898001996,1.3305741175401829e-05,1.6824375630090464e-07,1.1309825643867012e-05,8.71287140224074e-06,4.362443700725065e-06,1
0.23748822268127176,0.7624708987173633,1.4342726662380807e-05,1.813558656722638e-07,1.195689529791898e-05,9.532782564689214e-06,4.864840973998648e-06,1
0.1559844707004307,0.8439814224505067,1.1334062160415011e-05,1.4331296294425182e-07,1.125877971079308e-05,7.700488747413215e-06,3.6702054810058897e-06,1
0.12928406732654418,0.8706821143596593,9.987421633964186e-06,1.3750085656848536e-07,1.2843460994698488e-05,7.3285712726166065e-06,3.521359038658415e-06,1
0.06538825489277518,0.9344793864462015,8.494427193526725e-06,1.1121917559109039e-07,0.00011489377319808805,6.01094902340923e-06,2.848292432598463e-06,1
0.07857628127178203,0.9199287520365003,6.977257734796981e-06,9.424281188181288e-08,0.0014787140706525065,6.096639967780044e-06,3.08448055061321e-06,1
0.8046422391243914,0.0414045788735305,8.846637671992202e-06,1.652909124112782e-07,9.119242093354781e-06,5.572807213791715e-06,0.15392947802418686,0
0.7764654374976044,0.011242200000247705,8.519684195547814e-06,1.5918210130797885e-07,9.485928697241581e-06,5.366847756689494e-06,0.212268830859397,0
0.7103728086368991,0.00994335508446413,7.004147871946524e-06,1.555075923017402e-07,9.293240471956567e-06,5.263689368855369e-06,0.2796621196933317,0
0.7396618831588005,0.010267556499604081,7.232516931750344e-06,1.6057789111546795e-07,9.59624500982646e-06,5.435311072771622e-06,0.25004813569069007,0
0.7652740887759168,0.010269015560066498,7.5174359516256125e-06,1.6690372426345676e-07,9.974281141436452e-06,5.649430654956479e-06,0.22443358761254437,0
0.9245238009033125,0.0619058533510911,9.191376704566967e-06,1.6848558614633209e-07,1.066683609033118e-05,5.9081272891923676e-06,0.01354441091992624,0
0.924896853492871,0.058885291531629,8.793143812913576e-06,1.6026469747273562e-07,1.0146370963290858e-05,5.619853034849305e-06,0.01619313534299172,0
0.937932455653495,0.05568622214496161,8.844286358704089e-06,1.621231311792342e-07,1.0249293255186911e-05,5.571326039119515e-06,0.006356495172758957,0
0.9438866801632101,0.053278874058417955,8.994118447132491e-06,1.648696780844269e-07,2.0665023873243927e-05,5.665710524413266e-06,0.002798956055849308,0
0.3138284661922213,0.6843398895889253,5.55303300144068e-06,1.1355623532006043e-07,8.645001973371376e-06,4.0326381159703665e-06,0.001813299989527177,1
0.3965123371891386,0.6017664986367903,6.971882938502842e-06,1.42570876020932e-07,1.0853877826015861e-05,5.063013468602808e-06,0.0016981328289619646,1
0.3635481659737338,0.6349289131473091,8.165272647342739e-06,1.5545630421618338e-07,1.183484159134073e-05,5.520604095258521e-06,0.0014972447043190879,1
0.2574881802487143,0.7417110063874238,9.02389449911333e-06,1.688086218682084e-07,1.0449156321591552e-05,5.772603563704148e-06,0.0007753989008555687,1
0.3828673932199969,0.6165698302199561,1.3455660556564333e-05,2.5171299543708333e-07,1.6949257718112753e-05,8.760127025398591e-06,0.000523359801751438,1
0.524641919433073,0.4749487291785493,1.51279820401544e-05,2.778649247581489e-07,1.3735909450080926e-05,9.548767528746989e-06,0.0003706608644340624,0
0.5327899194137694,0.4668306712402988,1.2865509745987269e-05,2.3630870846191838e-07,1.1681629210753023e-05,8.12069722036815e-06,0.0003465052010461935,0
0.7413065013234635,0.25846222083906756,8.443152372651259e-06,1.550805581683768e-07,9.295710429612048e-06,5.329309553795084e-06,0.00020805458455483785,0
0.8493205617629317,0.15044730965942435,9.394307372560608e-06,1.7255100543501406e-07,1.1043409021184273e-05,5.9296776632912795e-06,0.00020558863258141817,0
0.8742057624457921,0.12560761155962907,8.416011297376799e-06,1.5131312995479983e-07,7.321510924928584e-06,5.199842705023146e-06,0.00016553731652161634,0
0.9126288709340231,0.08719175386475347,5.147653746158813e-06,1.3190357914030947e-07,6.601722938849225e-06,3.7007874626819363e-06,0.00016379313349643593,0
0.8988024442325115,0.10100206815125637,4.818101389213276e-06,9.817889954836519e-08,6.2835318880289e-06,3.5224162310321085e-06,0.00018076538782404124,0
0.7712730265038732,0.22750666255776805,9.850141008806494e-06,2.2086077811895002e-07,1.749051076537003e-05,6.700428562916805e-06,0.0011860489972435435,0
0.6903518248099171,0.3080982628321441,1.5363557668799345e-05,2.2803746620537589e-07,1.4780104688746049e-05,7.996377659725366e-06,0.0015115442804553912,0
0.6925165850623105,0.30600708472927607,9.167446029696625e-06,2.4045353715366737e-07,3.776310925008753e-05,7.669173968571844e-06,0.0014214900256277643,0
0.6842017689880271,0.31444896159532115,1.4954454477467371e-05,1.8745337019505466e-07,2.3096561805621424e-05,6.72536356359809e-06,0.0013043055834348952,0
0.9154013499294454,0.08271473669272095,4.540946116425288e-06,1.5369259348484503e-07,8.482562837288155e-06,5.281612450201705e-06,0.00186545456383598,0
0.8426394000744567,0.1568846166688899,6.764810319110774e-06,1.7961607877674833e-07,1.3056624196680973e-05,5.406072965046604e-06,0.0004505761330941121,0
0.7246007581656193,0.27468776010229506,9.951647632035802e-06,2.1733418961686014e-07,1.3820087258186858e-05,7.3926031763626434e-06,0.00068010005982953,0
0.5819392543687278,0.4170328940094856,1.2197450474846348e-05,2.2863368689507587e-07,1.4671468366077695e-05,7.956919888098096e-06,0.0009927971493707422,0
0.5766767987778683,0.42220214615619106,1.2376908802439666e-05,2.3199752257256412e-07,1.5413520386914166e-05,8.073988249134443e-06,0.0010849586509797324,0
0.5685033570690025,0.4274221321156146,1.5610166416410103e-05,2.9260294257308676e-07,1.944004130134916e-05,1.0183180810727495e-05,0.004028984823911878,0
0.48811736537374095,0.5089364061678344,1.3382715378086921e-05,2.595608794550978e-07,1.5899749652676447e-05,9.009113912509867e-06,0.002907677318601848,0
0.4981766660827961,0.5017806357330973,1.2439281802412747e-05,2.719360730950394e-07,1.4712654525787569e-05,8.057038541229814e-06,7.217273164047792e-06,0
0.5104917373440994,0.48946451905354027,1.2743843987720326e-05,2.7859412988652735e-07,1.5072877751310138e-05,8.25430630187725e-06,7.393980189559329e-06,0
0.608591980187383,0.3913548721540422,1.586733160905484e-05,3.224329685414772e-07,1.6025703548020904e-05,1.116163249430616e-05,9.770557954893076e-06,0
0.8080758906758805,0.19188501755966947,1.1851518752593369e-05,2.408294266027057e-07,1.2000719701444103e-05,8.336770168736931e-06,6.6619264005958e-06,0
0.8375566215597212,0.1624097608942971,1.0191890343762954e-05,2.0710485792793318e-07,1.0320197925400061e-05,7.169329868573027e-06,5.7290229860400256e-06,0
0.9183715405407028,0.08160372710884128,7.782214885540196e-06,1.306717375318669e-07,8.576638399218018e-06,4.628128050621703e-06,3.61469738293804e-06,0
0.7567005197996266,0.2432618238977121,1.3955927754334632e-05,1.8991993405788234e-07,1.1432576872240262e-05,6.726579065891382e-06,5.3512990349361175e-06,0
0.7519231884899981,0.24802845773034937,1.4903168014988935e-05,2.0281050006017196e-07,1.4974983081114582e-05,9.37899760022268e-06,8.893820456356826e-06,0
0.6873309135467627,0.31259467247802014,1.3508329152135445e-05,1.3322038299303547e-07,2.059612990704036e-06,8.658918756032735e-06,5.0053893935361014e-05,0
0.5480142237761144,0.45189076479291396,1.3244201352124261e-05,2.0964295037016854e-07,1.3640860855200321e-05,7.798739801706543e-06,6.011798601234348e-05,1
0.5460496116650865,0.4536018321833745,1.395891205180185e-05,1.9691512854405239e-07,1.3872933037175984e-05,8.690465160609822e-06,0.0003118369261606107,1
0.8548119017078,0.14510857784748035,1.137151135551299e-05,1.5379279241707605e-07,1.2895861160024142e-05,6.830423210897812e-06,4.826885620090614e-05,0
0.7274421310604149,0.2724191910105535,1.4889880056517248e-05,2.271821967602573e-07,1.5433205988341072e-05,9.380152267907659e-06,9.874750852213234e-05,0
0.8231528127046487,0.17680470323062186,1.0880733742529203e-05,1.584986977839763e-07,1.3249717574863598e-05,5.998588268984657e-06,1.2196526445251394e-05,0
0.7409711039658968,0.2589895236002399,1.1879990992984514e-05,1.6109819770193097e-07,1.3353029907231603e-05,7.2295239832756375e-06,6.748790782370012e-06,0
0.7251154088460241,0.2748455915256105,1.1933097011686896e-05,1.6181833999034943e-07,1.3604468826561786e-05,7.261841451874045e-06,6.038402735513675e-06,0
0.6708127178493332,0.3291441208409653,1.3920466460794492e-05,2.413866837518592e-07,1.5110034045053155e-05,8.4712476799122e-06,5.418174832148521e-06,0
0.7072510985884816,0.29270832805130537,1.2216332282360935e-05,1.7106278834320518e-07,1.5595401699275926e-05,7.676699979359127e-06,4.913863463716653e-06,0
0.6423851895055582,0.3575749572178445,1.1733880841068499e-05,1.8296587437012088e-07,1.4313125511717456e-05,8.76975980163049e-06,4.853544568547547e-06,0
0.6019870765561245,0.3979593061270342,1.56597272115098e-05,2.065650475463057e-07,2.209331719892159e-05,9.900894670275807e-06,5.756812713226953e-06,0
0.42373106319634357,0.5762259520708484,1.525542145047915e-05,1.9289638772824664e-07,1.265977176251144e-05,9.936619883861573e-06,4.940023323513626e-06,1
0.0987359383589464,0.9012246088574465,9.838764590668263e-06,1.3545423517436938e-07,1.8629706259605744e-05,7.3799128927315875e-06,3.4689456288460015e-06,1
0.07486588624942526,0.9250727243387489,8.941498366007348e-06,1.1249803589348323e-07,4.323324111204111e-05,6.221130619660485e-06,2.881043692462575e-06,1
0.06680515874939126,0.9330675515570064,8.826497321885789e-06,1.1105114287177682e-07,0.00010938705926207042,6.121096714614053e-06,2.8439891609701118e-06,1
0.06524672742460019,0.9346255121426379,8.49575547760392e-06,1.1123656707101605e-07,0.00010956970490934866,6.0118889629360175e-06,3.5718468448640197e-06,1
0.11915614902668639,0.8788592819795215,1.0279378663682095e-05,1.1779093913542339e-07,0.0019626966486658297,7.619986426932516e-06,3.855189096621093e-06,1
0.0854716675078013,0.902457609034667,1.2183018218790498e-05,3.429050787426622e-08,0.012042957250139541,6.922260222129245e-06,8.626638443690676e-06,1
0.6770779597508401,0.02766936123522802,1.1075842459422712e-05,1.4297398810067667e-07,1.0745034811762706e-05,4.846071752288454e-06,0.29522586909092047,0
0.7589053698345499,0.009179644997160548,8.50637613437782e-06,1.589334529904178e-07,9.471111326496425e-06,5.358464542406342e-06,0.23189149028283312,0
0.8022314491692043,0.009681246576280507,8.969856443255878e-06,1.675931365876848e-07,9.987156412403518e-06,5.6504270375974e-06,0.18806252922148545,0
0.7240867771387742,0.010051351927367646,7.08022137540428e-06,1.8169636327679775e-07,9.394176285149313e-06,5.3208593913510375e-06,0.265839893980443,0
0.9345817695995311,0.045777699457452734,7.85849755755001e-06,1.6220333389209884e-07,1.0453734570573656e-05,5.574082187852523e-06,0.01961648242536633,0
0.9294860749711983,0.053711316424721524,8.876508764683573e-06,1.6271379470364406e-07,1.0301423507125055e-05,5.591624062294659e-06,0.016777676333951535,0
0.934877484198186,0.052319217133604115,8.927996239908884e-06,1.6365760298409686e-07,1.034630132186721e-05,5.6240578279798906e-06,0.012778236655217217,0
0.9216004016218284,0.05878019772501119,8.76180391239931e-06,1.5969349338673305e-07,1.0110207986392496e-05,5.599823152617842e-06,0.01959476912461557,0
0.9350515645163908,0.05616134222509002,8.867787715070763e-06,1.6162516451978172e-07,1.0232502242108584e-05,5.554213523488703e-06,0.008762277129873939,0
0.9452824339270132,0.05200013897318442,8.952218079415776e-06,1.641016094651753e-07,1.6318882367521688e-05,5.639316013851192e-06,0.002686352581732081,0
0.5408369597455385,0.4574539875187326,1.1071419499008265e-05,2.3096257379611702e-07,1.8765247602973776e-05,8.037969915115897e-06,0.0016709471361379836,1
0.3705652521661964,0.6285296703858462,6.654460231939318e-06,1.3607976970964115e-07,1.0328577813609398e-05,4.735854285844404e-06,0.0008832224758563343,1
0.31875160340576975,0.3454206988324989,4.850936617635749e-06,0.33484153941247513,5.7369175310083105e-06,3.1031539662856812e-06,0.0009724673411412322,1
0.7266149115175805,0.27292460788470263,1.1294050523975553e-05,2.3789669462549392e-07,1.667088223974945e-05,8.092034959777758e-06,0.0004241857332986587,1
0.884887282213091,0.11492430738728922,7.251166458522929e-06,1.3037015444648377e-07,6.201390049431586e-06,4.480141919962878e-06,0.00017034733103724243,0
0.9191682795553079,0.08071126640343661,4.483036184798414e-06,1.0193502064739185e-07,5.749369378031537e-06,3.087081816269495e-06,0.00010703261885596866,0
0.9254742492205501,0.07440320145546249,4.561112711016161e-06,9.139724567459055e-08,5.8495003541101e-06,3.140846411162037e-06,0.000108906467265372,0
0.8741824372160432,0.12555207622675194,4.988496116338015e-06,1.0165104873048973e-07,6.50575234686717e-06,3.6469883610105676e-06,0.00025024366933198056,0
0.7641674894608538,0.23393171481209238,1.451010520620788e-05,2.0656622533859268e-07,2.2081793119035475e-05,6.266763379993091e-06,0.0018577304991234658,0
0.7918762617313876,0.206542468935957,1.364296443393027e-05,1.680329268807092e-07,1.8236809883520476e-05,5.892254307882206e-06,0.0015433292711031113,0
0.8727559809812059,0.1257352722273693,1.060271852931445e-05,1.741560182195924e-07,1.4632371030005603e-05,5.984833577532506e-06,0.0014773527122697813,0
0.9076075244796059,0.09126554488632621,4.657796976188058e-06,1.523493167128581e-07,8.614371572077417e-06,5.235451036940809e-06,0.001108270665165661,0
0.840941980034466,0.15851787246501517,6.482179984895479e-06,1.9474350041718826e-07,1.1949195184808002e-05,5.180209986363081e-06,0.0005163411718622819,0
0.8316907176726634,0.1677729264833992,7.408815487301718e-06,1.7404352797804798e-07,1.677849680722209e-05,5.503654764483163e-06,0.0005064908333503751,0
0.2907681830826547,0.7075850183295638,1.0147689797900082e-05,2.1325127822580687e-07,1.340981675002129e-05,7.041263657222898e-06,0.0016159865662980935,1
0.3316935973400434,0.6667197789242396,1.3276389452554686e-05,2.978942408735338e-07,2.1665414614312497e-08,8.259336344041523e-06,0.0015647684502646685,1
0.29550710606990704,0.704408620183256,1.1853863274723788e-05,2.591381947234813e-07,1.3602101307684688e-05,7.86198150635925e-06,5.069666255365966e-05,1
0.34606992037202977,0.6538308226091272,1.3882121395125218e-05,3.0347809772158757e-07,1.6493084444728512e-05,9.20720773878267e-06,5.937112716647233e-05,1
0.881387990031445,0.11858784933687999,6.546707005934876e-06,1.621502938600177e-07,8.974130473089988e-06,4.454840176847167e-06,4.022803725122562e-06,0
0.8395275743376801,0.16043990355586005,1.099602786107679e-05,1.6849450278016374e-07,1.0165025773147939e-05,5.967733722850811e-06,5.224824599799585e-06,0
0.8695880985020916,0.13038412934946791,8.684993346303837e-06,1.5108209674754555e-07,1.058331226264442e-05,4.2468098351089555e-06,4.105950899854699e-06,0
0.8428552231452464,0.15711525570801324,9.082261703636298e-06,1.5799288343488189e-07,1.1546060021784671e-05,4.441067113131521e-06,4.2937650183269024e-06,0
0.7543391679730171,0.24561936793618977,1.1012261076053626e-05,1.915666975161962e-07,1.293241097857686e-05,7.030919276110726e-06,1.0296932764943453e-05,0
0.5880367466697659,0.4118734862600937,1.2597511293276223e-05,1.714338563675457e-07,1.312491152178194e-05,8.239868590047548e-06,5.5633344879038496e-05,1
0.5342447844265233,0.4654723905348687,1.2611770167489796e-05,2.27497156989584e-07,1.3168516252845916e-05,8.062619296576304e-06,0.0002487546357340461,1
0.8236070133534878,0.17572875937410773,1.1947069040190573e-05,1.6157686093324202e-07,1.3548572286904272e-05,7.176138256657885e-06,0.0006313939159598503,0
0.8508206660655583,0.14859759903997524,1.1706951371219571e-05,1.5832941513072552e-07,1.32762668717039e-05,7.031908941115667e-06,0.0005495614378671919,0
0.8520678381184511,0.14764886167243652,1.1273192506308478e-05,1.5246308962791562e-07,1.2784362680260495e-05,6.771366914097854e-06,0.00025231882392214537,0
0.7548625003968965,0.2449405183355981,1.5419379582041267e-05,2.352610305007217e-07,1.598202674560192e-05,8.478147993515326e-06,0.00015686645215369008,1
0.7956416182612707,0.2042275938432091,1.3997552888328228e-05,2.135675238731301e-07,1.4142485408889363e-05,7.696374831612667e-06,9.473791486755554e-05,1
0.7989615836224634,0.20099314432662055,1.2161493379090922e-05,1.8604876019052966e-07,1.2587666394465078e-05,6.704675736343484e-06,1.3632166646268253e-05,0
0.7443329653092691,0.25561477005380073,1.4827686607712198e-05,2.35217529125756e-07,1.5673993813236208e-05,8.254746769418232e-06,1.327299221075429e-05,0
0.7452327179809762,0.2547261381621676,1.2569726865984197e-05,1.5258907971322836e-07,1.4411729666642376e-05,7.649260163119662e-06,6.360551080568909e-06,0
0.5878443740652458,0.41210810140478105,1.6691148580746458e-05,1.896535857813841e-07,1.4990287869115629e-05,8.510989983001563e-06,7.1424499544161474e-06,0
0.6915297718696554,0.30841732226155455,1.339154875414559e-05,2.0486637332084447e-07,1.7817753818014753e-05,1.1045857604098404e-05,1.0445842240352992e-05,0
0.5718551405655286,0.4281026577648109,1.3392590396080672e-05,2.088300575989699e-07,1.3051145057795217e-05,1.000945914536454e-05,5.539645003737764e-06,0
0.5945792410163996,0.40537950001051326,1.1457117192420702e-05,2.245757735236117e-07,1.4574468930813837e-05,9.021037739471547e-06,5.981773450910678e-06,0
0.6262211011125361,0.3737260272351086,1.5301607398476044e-05,2.018411443002631e-07,2.1588068638859954e-05,9.674472683462393e-06,6.105662490179744e-06,0
0.4671366479181201,0.5328157692569134,1.686488219521159e-05,2.1324713089565682e-07,1.383438162238005e-05,1.1209113771074536e-05,5.461200246948157e-06,1
0.4356199565517218,0.564340419465027,1.3926007429614763e-05,1.7608668088058888e-07,1.1837049426101069e-05,9.119034428927124e-06,4.565805285607376e-06,1
0.1242322524433749,0.8757371843884478,1.0193294269879782e-05,1.363971521779714e-07,9.411494715437532e-06,7.328888566306796e-06,3.4930934734209546e-06,1
0.06552022376291665,0.9343521519560736,8.493270630708354e-06,1.1120403249076732e-07,0.00010953765785458,5.911346344264662e-06,3.5708021475952143e-06,1
0.06552021729055076,0.9343520596568009,8.49326979170702e-06,1.1120402150556084e-07,0.00010953764703398508,6.010130006048865e-06,3.570801794856217e-06,1
0.06728993256919605,0.9325804652435208,8.661832973309933e-06,1.1341105179327396e-07,0.00011105586179903036,6.129411114563272e-06,3.6416703444461604e-06,1
0.11555444861380555,0.8830942955933897,8.93120985236118e-06,7.794312554014022e-08,0.0013322513512195777,6.620604228884441e-06,3.3746843783006687e-06,1
0.12769985893655933,0.8706255772486391,8.634960885986344e-06,1.3826891841757536e-07,0.0016565595644326655,5.637678923769807e-06,3.593341640846365e-06,1
0.11370610725851724,0.8647201906792861,1.5894379284316716e-05,1.5601296306399742e-07,0.021533868542227667,9.031015754828586e-06,1.475211196662186e-05,1
0.6543559824000641,0.010561308672523115,7.440639839011472e-06,1.3902119579369574e-07,8.272613040797757e-06,4.687119887518969e-06,0.3350621695334497,0
0.927193295619672,0.05135284256975194,8.778707249614552e-06,1.6092101151979138e-07,1.018792225870936e-05,5.530015459240652e-06,0.0214292042445972,0
0.9267501759313123,0.053923095848162135,8.911508128569667e-06,1.6335536217809732e-07,1.0342041195839012e-05,5.6136713886093836e-06,0.019301697644450493,0
0.9319487112751094,0.053150350319475466,9.069824699218074e-06,1.6625743670509614e-07,1.0525771768937035e-05,5.713400546701322e-06,0.01487546315096361,0
0.921921584215652,0.07608184692061656,7.688856128922827e-06,1.5870184965951658e-07,1.5160804060516137e-05,5.4537544459772135e-06,0.0019681067472464824,0
0.536636893098775,0.4621992768018223,9.577650562597855e-06,1.958572803038454e-07,1.509779871389016e-05,6.816233906920543e-06,0.0011321425589387707,1
0.2763940052749343,0.7229753399963637,4.937854309541802e-06,1.0097619549623225e-07,7.687287332730477e-06,3.514178112069609e-06,0.000614414432752238,1
0.27210676337270906,0.72730692100121,8.943279288811818e-06,1.673005653906032e-07,1.0355808495503688e-05,5.721033850613975e-06,0.0005611282038806791,1
0.42040655310539704,0.5789898103204917,1.4541021204617659e-05,2.720166719977822e-07,1.9118782699057336e-05,9.252622962725973e-06,0.000560452130572917,1
0.26085160793345175,0.7386680582839932,6.0653569972861414e-06,1.3493456084673347e-07,8.263921104598877e-06,3.762496971633048e-06,0.00046210707292082255,1
0.4648689745530651,0.5345458004836653,1.3505276730186269e-05,2.4805970105665765e-07,1.727479069983164e-05,8.721782071598535e-06,0.0005454750540671421,1
0.5908705306779952,0.4087252205944449,1.693326335876533e-05,3.110236339919151e-07,1.5375069296948995e-05,1.0688259338669156e-05,0.00036094111193168304,1
0.48081768569909256,0.5188105346626454,1.3739481165097007e-05,2.5236147756007775e-07,1.2475178029292444e-05,8.672347128842183e-06,0.0003366402704612414,0
0.8495075353316656,0.15026028498877378,9.39637548118097e-06,1.7258899165450207e-07,1.1045840171080602e-05,5.930983051438066e-06,0.00020563389186519803,0
0.8848550537766624,0.11492012173471043,5.66270390269495e-06,1.402291816023169e-07,6.201164188907885e-06,4.746539004804233e-06,0.00020807385234915133,0
0.8928317668563782,0.10694006134913779,5.6073796161543765e-06,1.3885915068464442e-07,6.35859832480247e-06,4.436209618097284e-06,0.000211630747774152,0
0.928313479841602,0.07158216095847199,4.222620816606979e-06,8.964744568973184e-08,4.963870881568512e-06,2.6653141465136408e-06,9.24177466359547e-05,0
0.9242364343534275,0.07562871327789024,4.895232643153163e-06,9.809246314828875e-08,6.277999885952455e-06,3.370926099220526e-06,0.0001202101175906506,0
0.8915073392160906,0.10826997689904504,4.4643739842345735e-06,9.097096336033505e-08,5.822217928586399e-06,3.263813297634458e-06,0.00020904250869038189,0
0.7610975191195433,0.23653415127253144,1.5409160141235326e-05,1.8978619286478807e-07,1.98914772122157e-05,6.655055846750782e-06,0.0023261841285321886,0
0.7757879846650481,0.22228518091091523,1.4682834155031369e-05,1.808404331714008e-07,1.895387278272095e-05,6.341363214781926e-06,0.0018866755134509885,0
0.804320713349687,0.19414893276312967,9.902657165029003e-06,2.0439581418651632e-07,1.2407492188607726e-05,7.024017569741042e-06,0.001500815324445837,0
0.8585435696939923,0.1411069375053809,7.4670856931607666e-06,1.5728590917113794e-07,1.2199027873595196e-05,5.350066244917398e-06,0.0003243193349060279,0
0.8474433930661444,0.15214460671741892,7.0173598536691136e-06,1.7734000723688404e-07,1.354406496859139e-05,4.894580006091964e-06,0.000386366871601065,0
0.8599951960821838,0.13960814694381043,6.771772076986721e-06,1.7113360782138678e-07,1.2145662532512798e-05,4.7232835289900076e-06,0.0003728451222595908,0
0.5787040430035841,0.4202559128059341,1.2344302309941258e-05,2.313863339793412e-07,1.4847934280638994e-05,7.870585620044968e-06,0.0010047499819370845,0
0.32839008783783097,0.6700332261251373,1.2614926182714395e-05,2.879154409206542e-07,1.4126473351308808e-05,8.136624282312785e-06,0.001541520097774629,1
0.30241491707833623,0.6973226688377567,1.1984098641720237e-05,2.7351781488784425e-07,2.0703618562841954e-08,7.729740673668452e-06,0.00024240602315827155,1
0.42765290073068163,0.5723064103568429,1.2207646387522661e-05,2.574003160335294e-07,1.3766009499381647e-05,7.626366900143019e-06,6.831489372419347e-06,0
0.6373800025616433,0.36257750983090214,1.2675909147369868e-05,2.872062169966993e-07,1.2802427478195012e-05,8.916675022624293e-06,7.805389589555185e-06,0
0.6239249308369058,0.37602697747946856,1.4755352172107815e-05,3.3432149351468216e-07,1.4731180798289334e-05,9.184989961094313e-06,9.085839200597914e-06,0
0.8225722764861703,0.17739836836891965,9.014334711392876e-06,2.042435726780488e-07,9.458175380457063e-06,5.611290931205203e-06,5.06710031442126e-06,0
0.8556180443424212,0.14434719277269617,9.367092194609837e-06,2.3200622092800779e-07,1.1488960466684966e-05,7.369604057599177e-06,6.305221942895213e-06,0
0.8697609293219736,0.13020899637767241,1.0366457747333245e-05,1.5824628375439742e-07,1.012140700431198e-05,5.46171652435367e-06,3.966472794289633e-06,0
0.790711620946258,0.20925243575541083,1.3319306127555318e-05,1.8600366598580527e-07,1.091106187052892e-05,6.419735566629399e-06,5.107191100517676e-06,0
0.7065894245982302,0.29336835262817695,1.0888717873229287e-05,1.8941756908542405e-07,1.4011182003873436e-05,6.952041534276313e-06,1.0181414612561992e-05,0
0.5736700297792259,0.42585446456114256,1.2707630463489365e-05,1.7293241854940374e-07,1.3268608297745922e-05,8.311896109664512e-06,0.0004410445923419691,1
0.8629548875103767,0.13671184270780148,1.0127358483039075e-05,1.546027983896269e-07,1.3196857912821257e-05,6.866398132146871e-06,0.00030292456449536705,1
0.8083199958443398,0.1916354597317544,1.2727997026096129e-05,1.4134955425991632e-07,1.3280584195141698e-05,7.085824991585983e-06,1.1308668138553724e-05,0
0.7192555414399389,0.2806987627506673,1.2779793154614521e-05,1.8761881355205676e-07,1.6035953901388263e-05,8.797243931637929e-06,7.895199592601493e-06,0
0.7039849768432018,0.29597271270492304,1.1775444146307062e-05,1.8014290809711589e-07,1.3973435585325016e-05,8.800823710361207e-06,7.5806055250625275e-06,0
0.6028061706214413,0.39714631137570927,1.6674489177832803e-05,2.1107552155588246e-07,1.4211466012051712e-05,1.0538455902209647e-05,5.882516235819228e-06,0
0.6774381249391271,0.3225099698975501,1.9483286272606514e-05,2.0840412919528144e-07,1.4308830648052343e-05,9.068905116050692e-06,8.835737156821791e-06,0
0.5741582172262543,0.42579560848073833,1.639925429856434e-05,2.0735952303242502e-07,1.3452423779942637e-05,1.0738567052558024e-05,5.376688353416729e-06,1
0.2799572415430273,0.7200042891699024,1.2781013608114412e-05,1.7102359766518006e-07,1.2147705028960708e-05,8.989677637001794e-06,4.379867198588724e-06,1
0.19543827948870088,0.8045265817528399,1.1646732961094152e-05,1.5584571248616472e-07,1.127420249378845e-05,8.070811549487712e-06,3.991165742491068e-06,1
0.10665070822718568,0.893321917683564,9.162153583389453e-06,1.2259938970703884e-07,8.45943987773384e-06,6.4901598198974816e-06,3.1397365794871303e-06,1
0.08027687352453663,0.9196555150085268,1.0084416480668744e-05,1.268777335485534e-07,4.6357239975030695e-05,6.968842327424669e-06,4.074090420010647e-06,1
0.07355399994684422,0.9263024403721635,9.552308703462886e-06,1.2507022248661493e-07,0.00012319606521168602,6.670186275490396e-06,4.016050578853736e-06,1
0.11069321257715228,0.8879814620677313,7.830879048676047e-06,1.2539340833338443e-07,0.001309657368542082,5.112701997175131e-06,2.599012120216509e-06,1
0.09783713906835212,0.9008684295170856,8.04864998078e-06,1.2888050591754e-07,0.0012783277129141098,5.25488244365806e-06,2.671288717575616e-06,1
0.14487397575133243,0.853519316996878,1.002433861015894e-05,6.570808808266259e-08,0.0015878731184287276,5.942653706885127e-06,2.80143295562714e-06,1
0.0807021926355795,0.5256555965113118,3.4266530363360285e-05,2.147155991574612e-07,0.39351761238637056,8.33224806660833e-05,6.79474010970758e-06,4
0.7388325687878864,0.007414667365952598,8.10141935799918e-06,1.5136722528487166e-07,9.020227113182509e-06,5.207513338714942e-06,0.25373028331912595,0
0.8275824362282135,0.011157553886892733,9.113494924958205e-06,1.7027688340520329e-07,1.0147085391498817e-05,5.85806564095106e-06,0.16123472096205266,0
0.6324240898794381,0.00854866876232156,6.021724016790174e-06,1.3369560729967315e-07,7.989741274299382e-06,4.525387708662226e-06,0.3590085708096331,0
0.9269954224880966,0.04579633343785097,7.490702121147215e-06,1.9223033597936463e-07,9.964476179861397e-06,5.629339905610433e-06,0.027184967325509752,0
0.9224850639279447,0.04557350829812097,7.454255606294982e-06,1.7783925954387183e-07,9.915993350987618e-06,5.2873508064946995e-06,0.03191859233491093,0
0.9391345903861191,0.058001455246308266,9.171920263741978e-06,1.6812893338994025e-07,1.614611247288369e-05,5.7777141220471534e-06,0.002832690491780449,0
0.6982168426503422,0.2996423799014496,8.432308686701485e-06,2.0885329528685296e-07,1.651717211035639e-05,5.897737859026589e-06,0.0021097213762568765,1
0.629921903151294,0.3683309242855499,7.607516191851899e-06,1.7517078797566006e-07,1.490157191129751e-05,6.096301667465974e-06,0.0017183920025977085,1
0.639245592576822,0.35957717256798166,8.581801303411465e-06,1.7902626822335922e-07,1.4545526556234682e-05,6.23048026501956e-06,0.0011476980208036426,1
0.5272776074763905,0.4717069990921348,8.560937590547494e-06,1.7506610231568014e-07,1.3972558204388631e-05,6.0926583924035595e-06,0.0009865922111848967,1
0.26941788978747755,0.7291674026936686,4.955855697065571e-06,1.0134431320725726e-07,7.80346587060462e-06,3.598965209832276e-06,0.0013982478877630818,1
0.4522519696009245,0.546897809068312,7.406122170813926e-06,1.3854520098451133e-07,8.860721874511713e-06,4.8087735729719685e-06,0.000829007167944054,1
0.7575461099106973,0.24212523474800351,9.392639445486117e-06,1.9784557127194735e-07,1.3133536859326891e-05,6.729699552531041e-06,0.0002992016198706587,1
0.23040794481505378,0.7692431620584202,5.733042643660106e-06,1.275416421133995e-07,8.40565129047386e-06,3.5563538295710735e-06,0.00033107053712009107,1
0.5580154715949952,0.44133896726050065,1.5266577569708608e-05,2.804105938559291e-07,1.9527695543623505e-05,9.636248892006408e-06,0.0006008502119049284,1
0.8664335297377251,0.13333348548539667,8.511190505406784e-06,1.7602773726392275e-07,8.517363971343763e-06,6.04915479421358e-06,0.0002097310398699508,0
0.9001727889019729,0.09960121334648137,7.239097217512102e-06,1.4000087539051782e-07,6.410879854441374e-06,4.472684924884358e-06,0.00020773508867342086,0
0.903182393204653,0.0966979383801741,4.451249397248238e-06,8.919576438805719e-08,5.708603705966099e-06,3.1361241482936357e-06,0.0001062832421572457,0
0.9231845816335663,0.07666308131421805,4.8491546744216045e-06,9.539150482309096e-08,6.218906170999754e-06,3.407339683435763e-06,0.00013776626018221455,0
0.668071210207475,0.3301259080504595,1.545711221273132e-05,1.9375416081712744e-07,2.387289674094724e-05,6.794196887109549e-06,0.0017565637820640058,0
0.6512104645190138,0.3457589178055738,1.9980786206659666e-05,2.1436223150410643e-07,2.1578788295685735e-05,7.5168409279926655e-06,0.0029813268977504368,0
0.9079211349876712,0.0900556267687886,4.5418428432233515e-06,1.4941030565734623e-07,8.992491746387435e-06,5.134452563103469e-06,0.0020044200460817576,0
0.6476169107915083,0.35159582237502157,9.728875160824493e-06,1.823617650219849e-07,1.1702190097341112e-05,6.203019256773394e-06,0.0007594503871902787,0
0.8388649871188415,0.1611056944663694,9.116163504273272e-06,2.065507730566968e-07,9.19668276126636e-06,5.674677858839829e-06,5.124339891710228e-06,0
0.8606101838590975,0.13936416637225663,7.885919436270712e-06,1.7867634285640153e-07,8.243503651453919e-06,4.908868999620633e-06,4.432800215918953e-06,0
0.879008637207741,0.12096334718700465,7.406419463912007e-06,1.6781200393521734e-07,1.1667720788736441e-05,4.610387311004281e-06,4.163265686916718e-06,0
0.9032275065081765,0.09674752076908742,8.607969995359341e-06,1.3140257700711622e-07,8.404487813240749e-06,4.53523210248834e-06,3.293630247944394e-06,0
0.7229119182568138,0.2770458883510787,1.1507868675037496e-05,2.0018817046762526e-07,1.9527785293641108e-06,7.34734630204275e-06,2.118521043043512e-05,0
0.7244526408276458,0.2753122429844602,1.3620337268456561e-05,1.8535303430959295e-07,1.4190558546332532e-05,8.730716620025966e-06,0.00019838922242500882,0
0.5652076860456064,0.43406929315821685,1.2253733952979289e-05,1.901266521823592e-07,1.2620729281077003e-05,7.07120786767219e-06,0.0006908849984226651,1
0.864790785152017,0.1345308662695876,1.0192806963574987e-05,1.6737515952477508e-07,1.2826734377880214e-05,6.910772519135962e-06,0.0006482508893751247,1
0.7977426589474411,0.20216551347720912,1.2274347092576653e-05,1.8777521703447418e-07,1.2704474820244208e-05,7.753072877367756e-06,5.8907905342387305e-05,0
0.7975244570864102,0.20238375365986622,1.227098976255487e-05,1.7451928669051447e-07,1.2700999839913012e-05,7.750952224909754e-06,5.88917926092509e-05,0
0.8025485551556946,0.19736467046670156,1.25854291550669e-05,1.7623117593732826e-07,1.2825586098899324e-05,7.826982628299615e-06,5.336014854577179e-05,0
0.6962047489657814,0.3037543424639198,1.3269483645271475e-05,2.2831397577586403e-07,1.4170881228302779e-05,8.075094527918804e-06,5.164796921490009e-06,0
0.6687278186918254,0.3312196370717223,1.6442453136276937e-05,1.9077390321293863e-07,1.4563572656703815e-05,8.561265913184785e-06,1.278617084289368e-05,0
0.6505224451738685,0.3494343442177193,1.4582517685047211e-05,1.9235574274516384e-07,1.3855098186321678e-05,9.219826736251718e-06,5.360810061776479e-06,0
0.5457008150665543,0.45425278499005284,1.5568319595345266e-05,2.1869997531541364e-07,1.3892204684232295e-05,1.0867161769741856e-05,5.853557368201527e-06,0
0.3928739185553354,0.6070818034075239,1.4927095969944947e-05,1.997404692420184e-07,1.3691904671587006e-05,1.0343997665009165e-05,5.1152983647118714e-06,1
0.36113795291835926,0.6388175314203975,1.4650148023552564e-05,1.9603461025381277e-07,1.4106527234652333e-05,1.0304355515472006e-05,5.258595859303698e-06,1
0.12877133842800273,0.8711911010684131,1.0129027581888717e-05,1.3553719532890903e-07,1.581728768979409e-05,7.126502212612642e-06,4.3521489043095835e-06,1
0.1489407334605265,0.8487565822742544,8.669962435359442e-06,1.193628651086935e-07,0.0022824864506476514,7.575704024656038e-06,3.832785246421954e-06,1
0.17281617260630294,0.82154708740351,1.6883981604659495e-05,1.1444068893896952e-07,0.0056045118884576455,1.0817086936425352e-05,4.41259249939201e-06,1
0.11471093622197502,0.6970067618947743,2.8062886425623394e-05,9.635127366655892e-05,0.18809192536228675,4.622828912384118e-05,1.973407174792243e-05,4
0.1306249570569768,0.6573215798338445,3.9468233298719064e-05,2.5045692442415555e-07,0.21191019998455832,7.182414641996645e-05,3.172028797722147e-05,4
0.0027531211919079703,0.03565456902253566,1.7262969656625913e-06,5.7071694311321144e-86,0.961585619210993,3.9818862867639724e-06,9.823913111528611e-07,4
0.0033333512601838432,0.04232467927062614,1.9340100445090474e-06,6.946020939163732e-86,0.9543342505655409,4.5892552588683066e-06,1.1956383457791787e-06,4
0.8359891171680629,0.009406089700899492,9.193191840332253e-06,1.7078454385647584e-07,1.0177337730195262e-05,5.875530772960744e-06,0.15457937628615023,0
0.7655566483633363,0.010440533271565213,8.457626192203142e-06,1.5711973125666797e-07,9.349586804658263e-06,5.40541781587497e-06,0.22397944861455457,0
0.7543078668585668,0.010445818802502402,8.391821182385007e-06,1.5679310394051055e-07,9.330150477847102e-06,5.408631875213768e-06,0.23522302694229152,0
0.9023519557415144,0.055316278081299707,8.864830296343618e-06,1.878260046111971e-07,1.0287870335323652e-05,5.713492061747922e-06,0.042306712158488115,0
0.9239741367152293,0.057032778649185226,8.746646903693849e-06,1.6033331869116213e-07,1.0150715378181275e-05,5.509819523378014e-06,0.018968517120461284,0
0.9332309623127871,0.05749333404763107,9.091569743245664e-06,1.6665604146328713e-07,1.0551007468427416e-05,5.727098512269057e-06,0.009250167307816633,0
0.9201679096159876,0.07671404197919249,9.156108741662896e-06,1.6783909502829024e-07,1.6118278103796818e-05,5.76775388997138e-06,0.003086838424989251,0
0.8927969213015247,0.10476479323015188,7.942159449833063e-06,1.6729281291003435e-07,1.7033898876931548e-05,5.690450187711375e-06,0.002407451666996385,0
0.7259592136062337,0.26977141540343474,8.767351070831151e-06,2.1715169950639974e-07,1.7173451775694237e-05,6.132073700689547e-06,0.0042370809620847745,1
0.3724601484132203,0.6251550950619355,6.7135761982422385e-06,1.3691607230810938e-07,8.756530202791499e-06,4.752228049414437e-06,0.002364397274321641,1
0.3146612816009668,0.6838362305183889,5.93826134058452e-06,1.25560835453739e-07,8.03030082154408e-06,4.358098462015461e-06,0.0014840356591847778,1
0.42667432936622046,0.572879562449234,6.794338752757489e-06,1.2710066163466893e-07,8.035264975550425e-06,4.346352243040392e-06,0.00042680512791262585,1
0.5488838865085683,0.4508103923462062,8.826891591930497e-06,1.6512331844751432e-07,1.102365517551072e-05,5.616655026061933e-06,0.0002800888201135285,1
0.7830911809314921,0.21653744775684383,1.0885648905245531e-05,2.036361783724563e-07,1.4181152139235604e-05,6.926666539270479e-06,0.00033917420790194406,1
0.6055552150546047,0.3939999767195383,1.1674842795450615e-05,2.1443899829537293e-07,1.4933456735030196e-05,7.369149400926097e-06,0.0004106163379271715,1
0.9142511016705152,0.08562910070610533,4.459053757559649e-06,8.93521510160376e-08,5.718612581277368e-06,3.070567179316564e-06,0.00010646003771049588,0
0.9051540431108067,0.094727351286248,4.414684904102115e-06,8.846307169336182e-08,5.6617107591881075e-06,3.040014162327334e-06,0.00010540073004813533,0
0.9012001921331882,0.09865650088055225,4.541406956916219e-06,9.10023745624769e-08,5.824228271859817e-06,3.1996445837472807e-06,0.00012965070407258412,0
0.921275832401908,0.07857138023719495,4.839128705137524e-06,9.696823190670117e-08,6.206048143892492e-06,3.4094041996983075e-06,0.00013823581161667714,0
0.9092284423028865,0.09060104948856992,4.984988396883688e-06,9.989102178828998e-08,6.393109146892677e-06,3.583842944869453e-06,0.00015544637703315592,0
0.897368063473767,0.10242209527769712,4.5775775388744815e-06,9.172717392063489e-08,5.8706160384813715e-06,3.2909442632893175e-06,0.00019601038352125606,0
0.8973651712379429,0.10242176516916619,4.501470292618845e-06,9.172687828205663e-08,5.870597117364489e-06,3.290933656507908e-06,0.00019930886494601098,0
0.9024650498725297,0.09730833475723044,4.3472767494032835e-06,8.858486212933342e-08,5.669505449204026e-06,3.178205883580836e-06,0.0002133317972954504,0
0.5492464402368188,0.44891514914299696,1.4286023398545708e-05,2.2658867802247693e-07,4.302384566974182e-05,8.129441671336932e-06,0.0017727447207664046,0
0.7040328066832422,0.2940508766853219,1.4304101704626155e-05,2.041837510170143e-07,4.023721764832429e-05,7.159921622883252e-06,0.0018544112067090614,0
0.7431184127810657,0.25441796246584325,1.37398922560181e-05,2.0393780422097325e-07,1.5075000354103285e-05,7.151297235417148e-06,0.002427454625441262,0
0.6250728207375509,0.3715676924673997,1.8450368824134477e-05,1.8428825797188078e-07,1.8767294798535103e-05,6.462264879179368e-06,0.0033156225782895467,0
0.7453033235406556,0.2526099515813128,1.5606288401256428e-05,1.6743078938880534e-07,1.309247173720947e-05,5.784378227102967e-06,0.0020520743088766136,0
0.8495995297949478,0.1490455773161034,1.1279854042413799e-05,1.8885174197527817e-07,1.4307122610156137e-05,5.930851400622321e-06,0.0013231862091536188,0
0.5487917046482713,0.4501838424814439,1.1747357285767572e-05,2.2784272864084202e-07,1.4119407714152451e-05,7.750050198870108e-06,0.000990608212357399,0
0.3979154211968052,0.6019093340185006,1.4489731098209819e-05,2.934026616054773e-07,1.80890826224565e-05,9.2963423416762e-06,0.00013307622597024966,1
0.31053749683719345,0.6894271184258125,1.0313426218466327e-05,2.254625846213381e-07,1.2057949770536346e-05,6.80404698444775e-06,5.983851435979721e-06,1
0.40616696346894593,0.5937930154035129,1.07579162766891e-05,2.2665123194498786e-07,1.4162395912308462e-05,7.845964904876874e-06,7.028199215413616e-06,0
0.49801059220404237,0.501954746143608,9.256581001927413e-06,1.9502061865191536e-07,1.2549407651510068e-05,6.75101086607679e-06,5.909632211485612e-06,0
0.586245820272311,0.41371425581642723,1.0946662279288007e-05,2.2244224178926633e-07,1.431396531518415e-05,7.700262678758911e-06,6.740578746800158e-06,0
0.8433784832372424,0.15658687917232825,9.45653720286203e-06,2.1426283861352e-07,1.3257224009610722e-05,5.8865554858928785e-06,5.823010892419965e-06,0
0.8532663545426662,0.1466985554518344,9.130180602161312e-06,2.068683674486171e-07,1.4937334109106419e-05,5.6834032963545415e-06,5.1322191244422885e-06,0
0.8749413613571392,0.12503214519966094,7.950822274063734e-06,1.8014688814811752e-07,8.943920845933652e-06,4.949270062680471e-06,4.469283129003178e-06,0
0.9299240374839104,0.07005609817230754,6.8471378576411926e-06,1.0452308268989013e-07,6.685279654918509e-06,3.6075125074644556e-06,2.6198906794436118e-06,0
0.8542237903179151,0.14574249377597412,1.1392637250125432e-05,1.5503726827599595e-07,1.1869594908596106e-05,5.4911057567051515e-06,4.807530927172271e-06,0
0.8440255088560517,0.155946429626873,1.0472097303646276e-05,1.8217013587610032e-07,1.6983353236698851e-06,5.120672411599465e-06,1.0588241900501157e-05,0
0.8084964846844446,0.19146581694946174,1.0676343997686777e-05,1.857231632140575e-07,1.9613239035952903e-06,5.220545472458958e-06,1.965442955647653e-05,0
0.735458187627849,0.2643818884377943,1.2103281820051744e-05,1.884819219913284e-07,2.2931082653825907e-06,7.727495458480167e-06,0.00013761156689073164,0
0.6639594084253232,0.3350596557368576,1.3298598669190499e-05,1.8097463864632307e-07,1.3885664771051403e-05,8.524480277962579e-06,0.0009450461194623731,1
0.8525194491550371,0.1468159266514305,1.1954208229312376e-05,1.6167341413503814e-07,1.3556668483516279e-05,7.18042648902736e-06,0.0006317712169163631,0
0.8676645196007553,0.13164318828429103,9.974020412255888e-06,1.522619614495255e-07,1.2997044631190034e-05,6.7624341770270835e-06,0.0006624063537718018,1
0.8683807126759747,0.13082257091896976,9.91184587471211e-06,1.5131281389945628e-07,1.2473170019186606e-05,6.720279539253306e-06,0.0007674597968087293,1
0.745008074931694,0.25417747837178023,1.5629703061725915e-05,2.3847003889861717e-07,1.4685334011179574e-05,8.59379165983731e-06,0.0007752993977542888,1
0.8424313953294464,0.15741948216579998,1.2561664684964279e-05,1.916594739019968e-07,1.084173203491632e-05,6.906870129073214e-06,0.0001186205784306584,0
0.7991549698678622,0.20070249506018165,1.236406398024174e-05,1.981987688181748e-07,1.276329429425419e-05,6.79822191729874e-06,0.00011041129299571802,0
0.6937110313500673,0.30623990897246495,1.6841319409072945e-05,1.954017574078463e-07,1.665035135711568e-05,8.76894783247659e-06,6.60365711161819e-06,0
0.7069649529339117,0.2929871216610445,1.58462547638762e-05,1.864815754799597e-07,1.3068547224121147e-05,1.0015002874348523e-05,8.809118605934844e-06,0
0.5060992843852553,0.4938542579474078,1.607571115053919e-05,2.0326849842646004e-07,1.3187019057319849e-05,1.1786018410980735e-05,5.205650219728109e-06,1
0.1348000275031837,0.8651673194353264,9.970017526412692e-06,1.334094711447188e-07,1.1203384266826849e-05,7.0624233227118186e-06,4.283826902703863e-06,1
0.12103909825338868,0.8789209175433976,1.0927320278759923e-05,1.462192032818678e-07,1.641203606966271e-05,7.803475576317313e-06,4.695152085801417e-06,1
0.1618128112585035,0.8348125690874614,8.994624429968458e-06,1.2383261756233594e-07,0.0033544704881943847,7.859389588180678e-06,3.17131920495836e-06,1
0.1370979314785416,0.8610835793346642,7.779258849721987e-06,1.0710019006979463e-07,0.0018024239973761624,5.436024029908165e-06,2.742806348675097e-06,1
0.16000782251924608,0.8385066723566215,1.0468602221814929e-05,9.136002744230593e-08,0.0014655449748296769,6.206023182050908e-06,3.1941638714583577e-06,1
0.16263581772426453,0.8359353272024062,1.2146168488911417e-05,1.0600023412423015e-07,0.0014060498125329595,7.200522249111884e-06,3.3525698242762248e-06,1
0.1912805712915398,0.8066298441419304,1.20206144346002e-05,7.879338705458128e-08,0.0020667725108812823,7.447656298533385e-06,3.2649915282481542e-06,1
0.0793425438649822,0.4597164996290254,2.8731161448409183e-05,1.8187060275324434e-07,0.46084005433206104,5.16235499469035e-05,2.036559193326639e-05,4
0.1399388197653376,0.8037884155079346,5.323545803475738e-05,3.179905087863275e-07,0.05610951283972067,9.11909180220934e-05,1.8507520441347547e-05,4
0.005717187700068939,0.08272684168371888,2.9588813104626247e-06,5.792382687646008e-08,0.9115412790317853,9.39540436802737e-06,2.2793749215657758e-06,4
0.8371871948737973,0.007389415374810341,1.203031803987925e-05,1.7495746145742257e-07,1.1363044243920213e-05,6.019092392904504e-06,0.1553938023392544,0
0.8948487489294977,0.009584795986959932,9.840458503643854e-06,1.8280900105992518e-07,1.1872981866145264e-05,6.289210294137959e-06,0.09553826962387736,0
0.7888142185176297,0.009006443834804666,8.714568424922932e-06,1.6189302031390226e-07,9.633626753221016e-06,5.56963412087963e-06,0.20215525792524644,0
0.7500082034183195,0.009410280586098978,8.356290965682874e-06,1.5612925602963033e-07,9.658831726424127e-06,5.385732213935023e-06,0.2405579590114195,0
0.6222289281808772,0.007878164503743871,5.068226443362137e-06,1.0461073761403936e-07,6.5606138491137346e-06,3.5949251794073933e-06,0.3698775789391694,0
0.5672216911068005,0.007747768244502003,5.441374366675057e-06,1.2081055997735296e-07,7.1669300312985335e-06,4.0892489606833204e-06,0.4250137222847788,0
0.8971662666848926,0.0570708923551116,7.281492281106407e-06,1.805449027680551e-07,1.01613873273189e-05,5.643248207711399e-06,0.045739574287276805,0
0.9099299848949812,0.06242247961066464,8.703387985122262e-06,1.5954034670384613e-07,9.969978957607494e-06,5.5117801880225065e-06,0.027623190806876773,0
0.9265313273713991,0.056437357380548996,8.828742558287097e-06,1.6183820037850907e-07,1.0245989559560381e-05,5.561534454304441e-06,0.017006517143279352,0
0.8421268307812887,0.1542066340008455,1.1690317306943145e-05,2.4624361654316607e-07,2.3912232202492888e-05,8.375954768208337e-06,0.003622310469971487,0
0.460455657077943,0.5391253690227873,7.027589024348349e-06,1.314640389881505e-07,8.346363177474918e-06,4.495562913572129e-06,0.00039897292011520884,1
0.47287069568225265,0.5267767167213299,7.1753290774421445e-06,1.3422778969023932e-07,8.521827641134926e-06,4.5900725243698715e-06,0.000332166139384791,1
0.592231276410267,0.4073699984065399,9.180320179258222e-06,1.7173485327446553e-07,1.1455320403821428e-05,5.8415457965776845e-06,0.00037207626196031135,1
0.6674274243717142,0.33222929112837524,1.0933767797562223e-05,2.045363311721819e-07,1.365487326021057e-05,6.957285156885105e-06,0.00031153403736476837,1
0.7820823248477443,0.21755479532682578,1.0840681439725224e-05,2.0279497883448133e-07,1.4122571298037245e-05,6.898053211623542e-06,0.0003308157245015829,1
0.906681136363319,0.09318682117984074,4.031829878382822e-06,9.097091632310624e-08,5.926892587365163e-06,3.1261956959933325e-06,0.00011886656776198534,0
0.9172011073523828,0.0826437242438548,4.8177256483556136e-06,9.65393496223062e-08,6.1785993180999515e-06,3.3943246934224864e-06,0.00014068121475298962,0
0.9025576733014204,0.0972078847369042,5.1142292824861895e-06,1.0248079795060322e-07,6.558856992647822e-06,3.676757712002062e-06,0.00021898963689039616,0
0.5674363755853798,0.4291530248282633,2.17890288112339e-05,2.1763587496792408e-07,2.2163303670076326e-05,7.631634737516937e-06,0.0033587979832631564,0
0.793108512627786,0.20550763390854482,1.6607305764799228e-05,1.781701223461777e-07,1.3932248063500154e-05,6.155399375357719e-06,0.0013469803403431421,0
0.8136428117854145,0.18514439903909757,1.5771249631138438e-05,1.9601213892914498e-07,1.6054414353712493e-05,6.735914398249262e-06,0.0011740315849655915,0
0.851886124770028,0.14745794612701058,8.23862545055785e-06,1.510208625643231e-07,1.1506242667459467e-05,5.136961240466656e-06,0.0006308962527402886,0
0.8622672024427541,0.13700749201485288,7.00628096108961e-06,1.4757956666852567e-07,1.1778774176031533e-05,5.019905865907667e-06,0.0007013530018234354,0
0.863488451916019,0.13602443001291445,8.191006652570982e-06,1.8558889991475147e-07,1.632511836701334e-05,5.122249248935499e-06,0.00045729410789823485,0
0.8046530587678252,0.19479281829871614,6.855721719962177e-06,1.850322173891175e-07,9.160839457057464e-06,4.921888218424013e-06,0.0005329994518456709,0
0.44778355034579115,0.5521796194134626,1.0702123495431426e-05,2.0024506210066287e-07,1.2658017414643349e-05,7.060481119833528e-06,6.2093736542668354e-06,0
0.4585811842814105,0.5413835284332649,9.412429143114435e-06,1.9830407729649649e-07,1.2535322656555655e-05,6.992043544295155e-06,6.149185903418507e-06,0
0.5226371793430928,0.47732910210576984,8.99889756258395e-06,2.1139679917654092e-07,1.2200058953033712e-05,6.563077146417929e-06,5.745120676050071e-06,0
0.6215766653202133,0.3783841643423019,1.0976638059040454e-05,2.4870474027759407e-07,1.4353161945236765e-05,6.832795937560472e-06,6.759036802668058e-06,0
0.824596265874308,0.17536756533896156,1.0149315656082938e-05,2.2995956509311032e-07,1.32221115381322e-05,6.317799895641691e-06,6.24960007539471e-06,0
0.8740663231485192,0.12590332612330438,8.286165018337719e-06,1.8774496414097095e-07,1.1616466310253249e-05,5.158015994580676e-06,5.102335889247786e-06,0
0.8582133770320335,0.1417513295194911,9.18311507980761e-06,2.080677379155981e-07,1.5023936993862785e-05,5.7163542310463e-06,5.16197443272769e-06,0
0.8642099899780984,0.13575726767753038,8.519335155223721e-06,1.9302804972899972e-07,1.3937966963206448e-05,5.303160979366152e-06,4.788853223869689e-06,0
0.8845231349563237,0.11545354546034178,6.56999399812953e-06,1.627270712572735e-07,8.079062923468365e-06,4.470686285178062e-06,4.037113056342461e-06,0
0.8249779725088054,0.1749864674190955,1.2015782719254319e-05,1.6351737425595618e-07,1.2518828630806084e-05,5.791453919968289e-06,5.070489454613441e-06,0
0.8396688400911207,0.16029726361545818,1.1444774898655809e-05,1.5574678604830935e-07,1.1950004024939262e-05,5.516235437893155e-06,4.829532273504707e-06,0
0.4671219818845733,0.53206437599427,1.3375420038881694e-05,1.7386255801987477e-07,1.2869209921302283e-05,7.721784832311573e-06,0.0007795018438062515,1
0.8684751504865109,0.130836798085679,9.91292380402251e-06,1.5132926941331345e-07,1.2917430261938513e-05,6.721010380549773e-06,0.0006583487340943874,1
0.8742956526749114,0.12491530104334105,9.979360010818339e-06,1.6387016645511423e-07,1.2256336207531046e-05,5.905421394998894e-06,0.0007607412939678441,1
0.7984493150651701,0.20139272359764002,1.2406584775987542e-05,1.892933437343266e-07,1.2807188068226632e-05,6.82160143119013e-06,0.0001257366695708042,0
0.7985510850743803,0.20132378424338174,1.2596580980088712e-05,1.84827772232502e-07,1.2802804000820836e-05,7.81307955326495e-06,9.17333899316226e-05,0
0.7069672006810735,0.2929880531937442,1.2268257439986528e-05,1.864821683854924e-07,1.3467204243389687e-05,1.0015034716371518e-05,8.809146613930521e-06,0
0.6931258019791992,0.3068259705722426,1.8276906921310423e-05,1.955000207882968e-07,1.3403576579359939e-05,1.057087919975628e-05,5.780585837206872e-06,0
0.496643355812005,0.5033107583714768,1.608608918020107e-05,1.881088692570299e-07,1.3200355088864663e-05,1.0849220669736057e-05,5.562042710254689e-06,0
0.5212344192293873,0.4787178523477632,1.712837679319295e-05,2.1894308477828695e-07,1.378700392894652e-05,1.0784868595118023e-05,5.809230447439818e-06,0
0.5004515119211951,0.4995023086298752,1.597292108459645e-05,2.0196877475254735e-07,1.3121537249873573e-05,1.1710657165787768e-05,5.172364654669746e-06,1
0.10931702299325917,0.8906483456915695,1.1053422486293831e-05,1.4790658535243207e-07,1.0850780792776584e-05,7.829870765641152e-06,4.749334541117368e-06,1
0.09487633645107219,0.9050932556722634,8.30131211789934e-06,1.142875076958626e-07,1.2268585597223457e-05,6.053877777828856e-06,3.6698136639745767e-06,1
0.09734993074472235,0.9019927091623257,9.46583496685686e-06,1.2444093331487747e-07,0.0006370939575325844,6.680015645839149e-06,3.9958438734351625e-06,1
0.11163279195648661,0.8861842748623839,8.728867151007552e-06,1.201738300558421e-07,0.0021633793472595154,7.627174223602537e-06,3.077618665354045e-06,1
0.14463816046384267,0.8530282009376392,9.594588003643075e-06,1.3209255774645784e-07,0.0023121454337545464,8.383630205556013e-06,3.382853996464533e-06,1
0.1542357330992218,0.8439165956731843,9.005989588337032e-06,1.239890862754822e-07,0.0018290726783705199,6.293244223008784e-06,3.175326325576044e-06,1
0.14868527676797388,0.8495009819727799,9.145286624456623e-06,1.1541376520208868e-07,0.0017954970268674894,5.970865454434969e-06,3.0126665344755145e-06,1
0.16410586316034312,0.8343694563639961,9.726257289402916e-06,1.1113258339955124e-07,0.0015051151399201163,6.422410237765497e-06,3.3055356300450497e-06,1
0.197962495157393,0.7841133245088846,1.5106083738344908e-05,1.993732977351181e-07,0.017884253820127777,1.0617428615753694e-05,1.4003627942844937e-05,1
0.22899092932585025,0.7476833684489486,4.681219468035609e-05,3.787114298615796e-07,0.02318260105208495,7.715398525401692e-05,1.8756281751907088e-05,4
0.013462833169880332,0.10643755383497358,3.8105752397970094e-06,6.844297934918055e-08,0.880082235620017,1.0565680090778022e-05,2.9326768191126704e-06,4
0.01382849373770028,0.106411545469633,5.152156738722238e-06,7.450742482113434e-08,0.8797388656822072,1.2936486086242703e-05,2.9319602099142285e-06,4
0.8772132542817324,0.03165300443770252,1.3525616774103541e-05,1.847686118180093e-07,1.5632732272030375e-05,6.262691293260271e-06,0.09109813547161402,0
0.8698268894271693,0.007633477372808089,9.038735382362237e-06,1.7769727559150992e-07,1.1540988236513688e-05,6.113350701610423e-06,0.12251276242842643,0
0.8595365308824553,0.007767290539917852,8.931803958413554e-06,1.7559505421794477e-07,1.1630646527900314e-05,6.041027609057399e-06,0.13266939950447731,0
0.7501820077869489,0.0076968836775667526,8.45809110554062e-06,1.5712836808418694e-07,9.720641123690278e-06,5.420196926791498e-06,0.24209735247796027,0
0.7508315017440584,0.00832284326505834,8.413535294829315e-06,1.563006420951456e-07,9.6694344104384e-06,5.391644235022794e-06,0.2408220240763009,0
0.6385632686956187,0.006980883932700761,7.198229236583644e-06,1.3119562871771455e-07,7.89810757210276e-06,4.508509163233347e-06,0.35443611133007985,0
0.6767832852577029,0.006925154967998509,6.892336444748861e-06,1.281497411621488e-07,7.714742106335992e-06,4.403837901784584e-06,0.31627242070810446,0
0.8982935527808282,0.06353028001781394,8.767096350340244e-06,1.6070817407086538e-07,1.017444750259814e-05,5.635404016102104e-06,0.03815142954531479,0
0.9174314682108295,0.07268296019727191,8.674984006352861e-06,1.5901967812875962e-07,1.0067548687894853e-05,5.409040242178429e-06,0.009861260999283885,0
0.8986763091138928,0.09979345871993676,7.258101486838977e-06,1.6445146824404864e-07,1.2415231884213497e-05,4.538856634671304e-06,0.0015058555246964254,0
0.28181720752886197,0.7168361218157947,5.718912679987117e-06,1.169483764809266e-07,8.903244657685357e-06,4.153100701767664e-06,0.0013277784489274904,1
0.25136989378752994,0.7474682013670572,5.258983587964894e-06,1.0746644095692949e-07,8.274866913624643e-06,3.7300590535272925e-06,0.0011445334694165884,1
0.2501705250530559,0.7487856746252147,5.268252972574917e-06,1.0765585926509454e-07,8.289452036916274e-06,3.736633584785456e-06,0.0010263983272757978,1
0.33757957784610587,0.6613565589559601,5.453124537120965e-06,1.1143367844699302e-07,8.580342389993818e-06,3.8677581341475875e-06,0.0010458505391941473,1
0.336060695405593,0.6632757964724507,5.633478051335493e-06,1.1488864733891668e-07,7.347756135723588e-06,3.987676853705257e-06,0.0006464243222680507,1
0.4290921759716616,0.5705983336124475,6.299141076905625e-06,1.1783707403165487e-07,7.438928932565326e-06,4.029573288162167e-06,0.0002916049355191081,1
0.4895807638711721,0.5099752172934705,9.055620506708167e-06,1.694021154667861e-07,1.1299718564733072e-05,5.762197927026771e-06,0.00041773189624333667,1
0.5293082484919757,0.4703899150906708,1.264454716842124e-05,2.3225015327413576e-07,1.1308662675367013e-05,7.981225856631048e-06,0.00026966973149982273,1
0.6351172885160873,0.3644914709453648,1.526160664383147e-05,3.584577164891052e-07,1.3649232283324153e-05,9.856029600077848e-06,0.0003521152123041304,1
0.6471999729327681,0.3524457297522778,1.515591335989958e-05,3.559752404241246e-07,1.6686301001301892e-05,9.566397750564406e-06,0.0003125327276020855,1
0.8890364822243217,0.11069353231544986,7.374367328302302e-06,1.640558037082062e-07,7.040726170037962e-06,5.55303298762632e-06,0.00024985327793899985,0
0.9111855590308031,0.0886487148893839,4.788551122065323e-06,9.595473978787864e-08,6.141183798537396e-06,3.373769804615185e-06,0.00015132662034791217,0
0.46701854572786633,0.5316518564032628,1.2147257374934252e-05,1.9266600042565612e-07,3.658272928931414e-05,6.912379851365635e-06,0.0012737628363547321,0
0.6118662380791957,0.3870973457352551,1.1244291684715714e-05,1.7834418417641873e-07,3.386335417580355e-05,6.3985484859069066e-06,0.0009847316470185652,0
0.7707805650430929,0.22654158552358514,1.7913942469538904e-05,1.7893025784944898e-07,1.4486719838175381e-05,6.1816604428162246e-06,0.0026390881803136017,0
0.7832059024062827,0.21533126822552012,1.6399949932400905e-05,1.7594552224843576e-07,1.399365921870235e-05,6.078544166012035e-06,0.001426181269357738,0
0.861126136423274,0.13646520985073532,1.0303470928617033e-05,1.8779206691341362e-07,1.1198257013942e-05,6.4534334164697314e-06,0.002380510772564748,0
0.8470853677494523,0.15211573312452675,8.254844534417332e-06,1.7848947849820796e-07,1.2324899265362188e-05,5.252654749490897e-06,0.0007728882379930748,0
0.8270869833551682,0.17232681805375477,8.779603072367849e-06,1.9892510713289294e-07,1.1967838984532991e-05,5.490328252788378e-06,0.0005597618956603623,0
0.4476795989874111,0.552154722510425,1.4194736842485305e-05,2.7531022474721823e-07,1.697361366357812e-05,9.364652867270313e-06,0.0001248701885657914,1
0.7830251750310236,0.2169342984048667,1.1372150652191572e-05,2.5766612319165954e-07,1.4815170741250915e-05,7.078996716451163e-06,7.0025798764806556e-06,0
0.8546534086735812,0.1453135487334002,8.425126895639277e-06,1.712032459036398e-07,1.3783838549917761e-05,5.926527058485145e-06,4.73589726904386e-06,0
0.7971438730507933,0.2028239544354973,8.885879121877558e-06,2.2008742861271335e-07,1.0898741233884577e-05,6.186500429485836e-06,5.981305495574928e-06,0
0.8159007569002827,0.18405928834167848,1.1740533023114524e-05,1.7990271569847194e-07,1.3773284204774718e-05,6.371789498123648e-06,7.889248596884799e-06,0
0.7338702281621416,0.2646398900923282,1.1950073841936644e-05,2.078806673002399e-07,2.02626951092849e-06,5.951797088293183e-06,0.0014697457244216981,1
0.8484953272775272,0.1507626247912422,1.1205146156036816e-05,1.710561500305665e-07,1.4601312075726843e-05,7.59714339776739e-06,0.0007084732734508523,1
0.8683478936075404,0.1308176266878911,9.911471272255694e-06,1.6275537163093433e-07,1.247269861555629e-05,5.8652473148221375e-06,0.0008060675319943945,1
0.8900649970163028,0.10913606356952055,1.0115595111013857e-05,1.6610727069044267e-07,1.1544975367703725e-05,5.986040359999883e-06,0.000771126696067199,1
0.7994720071310527,0.20036936790695137,1.2343542035883962e-05,1.883314697546737e-07,1.2742109705129837e-05,7.776040060929307e-06,0.00012557493872413785,0
0.7770012400463628,0.22291541561614425,1.4274251258025837e-05,1.770780262382339e-07,1.2225546285718834e-05,7.945487567972403e-06,4.872197435506317e-05,0
0.7453605449434404,0.25459346104918246,1.3021836970559089e-05,2.065706133349362e-07,1.3821078713313898e-05,7.288033776803949e-06,1.1656487303288828e-05,0
0.6676803711448095,0.3322743923088132,1.4513291728805e-05,1.983775507829596e-07,1.4151387172274278e-05,8.902491037065754e-06,7.47099888836384e-06,0
0.6722163164377044,0.32773328413592384,1.7876544337440773e-05,2.1537275220854569e-07,1.5363750539474976e-05,9.66517626917622e-06,7.278582473555763e-06,0
0.7068955796868183,0.2930560708087781,1.5849983889424587e-05,2.006384471771538e-07,1.3470330675009752e-05,1.0017359721669382e-05,8.811191670500676e-06,0
0.7032258277723452,0.2967301490966038,1.2410573719390637e-05,2.1046832638647638e-07,1.2948604476574513e-05,9.653754529167837e-06,8.799729999368715e-06,0
0.5450866151594203,0.45487006572342015,1.782900808934986e-05,1.6809387087787403e-07,1.1541166389814194e-05,8.810613791758439e-06,4.970235017878254e-06,0
0.458478410004671,0.5414766285220057,1.5139045669186406e-05,2.2125927801137543e-07,1.3433052897438081e-05,1.1265777057693615e-05,4.902338420756633e-06,0
0.4885598510312103,0.5113941300668627,1.5452961727216524e-05,2.067771141009528e-07,1.4194634121839182e-05,1.0869024063663248e-05,5.2955049001053175e-06,1
0.2609439385902583,0.7390095273101114,1.5045897728297366e-05,2.013301635139563e-07,1.4949768872686197e-05,9.56558178754137e-06,6.771521078216206e-06,1
0.09222251336995949,0.9077452904700207,1.0321529289704836e-05,1.381130735524094e-07,1.0041886214031578e-05,7.259770146587576e-06,4.434861295995403e-06,1
0.12273737550828623,0.8772346958142883,9.003239831892357e-06,1.204729541728298e-07,8.60210477802529e-06,6.334429249396834e-06,3.868430612201014e-06,1
0.10733230360281874,0.8926415891198581,8.187108228088285e-06,1.1271521674350395e-07,8.21753446816088e-06,5.970592583771642e-06,3.6193268265499276e-06,1
0.11690167131475021,0.8830632912201276,9.565183949095028e-06,1.3168774028354096e-07,1.4136473411188421e-05,6.975578526364936e-06,4.228541495160884e-06,1
0.130957139464289,0.8690070022741295,9.82010928363009e-06,1.351974000480167e-07,1.4400229636725055e-05,7.1614873075104786e-06,4.341237953586157e-06,1
0.13485511560949728,0.8637696875274196,9.740859175200808e-06,1.4647433492379013e-07,0.0013556321140795824,6.4320521069911085e-06,3.2453633863649952e-06,1
0.15497315056555794,0.8435860148762512,9.8553083931168e-06,1.2578904864685114e-07,0.0014210623414627887,6.507624838307684e-06,3.2834944479830803e-06,1
0.22711759683509458,0.7581341442379279,2.9072793406618127e-05,2.8920663035726594e-07,0.014655801518684869,4.8004544907323e-05,1.5090863348136528e-05,1
0.2422683609959383,0.7431010048151283,3.5086339760946525e-05,2.834719148993187e-07,0.014535677304177015,4.4795448401992736e-05,1.4791624678506374e-05,1
0.015185075740471963,0.07536344446120746,2.997316494502819e-06,5.4934595692913365e-08,0.9094380510071743,8.214795114476575e-06,2.161744941608296e-06,4
0.8281230187629889,0.007630708947377452,9.133803972110925e-06,1.6968127850958177e-07,9.556283730335931e-06,5.972661368125553e-06,0.16422143985928456,0
0.8990478155018414,0.058203731554347694,8.221171385761428e-06,2.1940120009851862e-07,1.0429629340799595e-05,5.792219624019691e-06,0.04272379052226041,0
0.7539940430756801,0.21050782199833537,1.044888908789004e-05,1.5515987114047115e-07,1.2094978413086274e-05,6.7164439828947195e-06,0.03546871945462931,0
0.9078871090593039,0.061731027657506175,8.733749123706322e-06,1.591821640694597e-07,9.947595445213342e-06,5.470260345904116e-06,0.030357552496111,0
0.9111908118929286,0.0721885479272814,8.442789361814341e-06,1.5793797645035504e-07,9.999066067119468e-06,5.372246255563862e-06,0.016596668140129008,0
0.9201165725324124,0.06883343564279834,7.519555634509696e-06,1.583911305075934e-07,9.558781030036141e-06,5.387660250613733e-06,0.011027367436743537,0
0.8442185243958067,0.15327332053197504,1.1874535022178858e-05,2.690489686116472e-07,2.5575845001106665e-05,7.425745171348687e-06,0.002463009898054839,0
0.5101975013799307,0.4869980793988347,1.1320923771850567e-05,2.8039915559200917e-07,2.217537964220647e-05,9.072049894748535e-06,0.0027615704687702623,1
0.5508607188219794,0.44798141863215996,8.707169587370398e-06,1.8164159515033114e-07,1.4497368291203892e-05,6.321498990745009e-06,0.0011281548673961802,1
0.2872615608255594,0.7113423861669409,5.62998927199103e-06,1.1512994546471518e-07,8.738467172205011e-06,4.0885241137311855e-06,0.0013774808969964788,1
0.16863285111457463,0.8305669636750134,3.855634778923749e-06,8.15249946541602e-08,6.277387386146947e-06,2.8296558599199217e-06,0.0007871410073923671,1
0.4432825202391379,0.5564252120937975,5.947789176912385e-06,1.1126438747880751e-07,7.063931655873772e-06,3.8048127670573948e-06,0.0002753398690773235,1
0.4872321924384641,0.512475404111136,6.408805998128091e-06,1.19888559033022e-07,7.6050072644116065e-06,4.0997261600872934e-06,0.00027417002241815166,1
0.6406662215932899,0.3589367689663236,1.5435041803342316e-05,3.625312830989686e-07,1.3804344181665192e-05,9.742583352188011e-06,0.0003576649397663475,1
0.6420628189843572,0.3575808987771476,1.5376736511549255e-05,3.6116183476740515e-07,1.3752198789007456e-05,9.70578110879891e-06,0.00031708636025119813,1
0.7585232803426887,0.24106791292709925,1.4046648534333157e-05,3.0522501535829013e-07,1.4399836973899913e-05,9.983368515851768e-06,0.00037007165117256154,1
0.8478983844256417,0.15176115692885894,8.550811606107434e-06,1.9022788097543307e-07,8.765812914128254e-06,5.304288401717991e-06,0.0003176475046963684,0
0.8292422144073689,0.17044743815682642,8.362669491382423e-06,1.860423279010544e-07,8.572940160649514e-06,5.943596517324325e-06,0.0002872821873074438,0
0.8638831514493446,0.11874637144294456,5.146959370187845e-06,1.2491861124551594e-07,5.75632325848347e-06,3.483213593037293e-06,0.017355965692877742,0
0.9110604002126984,0.0888199150280444,3.467213450236345e-06,7.823137239667278e-08,5.096892060649435e-06,2.7506159940505892e-06,0.00010829180637990362,0
0.8892685334609164,0.11049446668730173,4.898854571397239e-06,9.816504067191381e-08,6.2826449083162114e-06,3.5219190088022804e-06,0.00022219826825281954,0
0.7655837985985234,0.23290472655656794,1.8774716078119384e-05,1.8752794336703956e-07,1.4657341433966317e-05,6.47869221990438e-06,0.0014713765672334607,0
0.7886546641706407,0.20989298963151581,1.0201369806411597e-05,1.6556829766817681e-07,1.4661528185515233e-05,5.7200330932342766e-06,0.0014215976984606592,0
0.7513059071167195,0.24716634924653633,1.4961784709024372e-05,1.859517471096897e-07,1.4534144611689553e-05,6.4242379863315835e-06,0.0014916375176903143,0
0.7901010145960861,0.20839707910553462,1.5730634070186686e-05,1.9550735058566188e-07,1.684867556489553e-05,6.754363794702995e-06,0.0014623771175990448,0
0.7704167707696998,0.228478276193548,1.4571497880475232e-05,1.8110108797683648e-07,1.578879416359063e-05,6.350503354329034e-06,0.0010680611402658355,0
0.7941049415517358,0.20546881180348572,7.199741702916663e-06,1.906073700617197e-07,8.626020718746634e-06,5.109814433543455e-06,0.0004051204605533137,0
0.5060872422582006,0.49387919828217564,8.929963326107938e-06,1.8813933265790725e-07,1.2106602866547467e-05,6.6336427584989445e-06,5.701111339960647e-06,0
0.49595912545915,0.5040051632512729,9.496428878997282e-06,2.2308451170448176e-07,1.2874576175727844e-05,7.0544429315385424e-06,6.062757079068296e-06,0
0.7108421617629753,0.28911199739619425,1.2515178202370327e-05,2.835644327166975e-07,1.7545166628097847e-05,7.790514574594316e-06,7.706416992778639e-06,0
0.8145447657373786,0.18542576742894104,8.236035554949315e-06,2.0399195874596474e-07,9.748858217016769e-06,5.734068267089876e-06,5.5438796826846645e-06,0
0.8856173237222708,0.1143597060324664,6.4399773649923844e-06,1.3037370252918482e-07,8.632331378433999e-06,4.499721500885049e-06,3.2678413161057942e-06,0
0.7616612217446674,0.23830248179955427,1.2416706173053472e-05,1.9742306966619307e-07,1.2936536917436451e-05,5.9846939079377465e-06,4.761095710051148e-06,0
0.6646331162369943,0.3337252990792826,1.1114934381731641e-05,1.933527781363314e-07,1.3514807215171328e-05,5.53585149052428e-06,0.0016112257378574715,1
0.7568101764805341,0.2422914775860622,1.2143319658623373e-05,1.725437759625761e-07,1.446817203764247e-05,7.663213559674428e-06,0.0008638986843720025,1
0.788070857131303,0.21103825210037702,1.204254505793092e-05,1.711118750809874e-07,1.4348104024872357e-05,7.59961832309933e-06,0.0008567293890389493,1
0.8029017157129171,0.19606655355293137,1.1848326687025941e-05,1.6835223669384768e-07,1.4116702325656737e-05,7.477054074170909e-06,0.00099812029882781,1
0.8548359088335052,0.1443321333234963,1.0935405490211567e-05,1.7956930263989855e-07,1.424981575551982e-05,7.414257919082257e-06,0.0007991787945310453,1
0.8646353084083057,0.1345066795860852,1.0190974445857195e-05,1.6734506791738533e-07,1.2824428318509828e-05,6.030647101939452e-06,0.0008287986106749352,1
0.7999582252371868,0.19938072460593542,1.245806072021909e-05,1.9007873744108877e-07,1.2860326148582072e-05,7.848183200599112e-06,0.0006276935080709575,0
0.7381931025952181,0.2617522525256973,1.4150028906019087e-05,2.164697420426336e-07,1.7527433877698384e-05,1.2319330218271274e-05,1.043161634066164e-05,0
0.7172506128950071,0.28268729095268397,1.3328527521458033e-05,2.039022629240607e-07,1.811565258446416e-05,1.229456147285064e-05,1.8153508467251926e-05,0
0.6819173513178329,0.3180363325265045,1.136616165652198e-05,1.9527988645915546e-07,2.0771600438199786e-05,8.075928196596815e-06,5.9071854847717015e-06,0
0.4725451096289318,0.5274083715343395,1.5673828299146415e-05,1.9818691149192407e-07,1.3907571801328138e-05,1.1663737537839277e-05,5.075512178924383e-06,1
0.494434307770655,0.5055186415321361,1.5810384511445185e-05,1.9991358945751102e-07,1.4155310831976116e-05,1.1765356350360087e-05,5.11973192571515e-06,1
0.4844638482321459,0.5154885237508613,1.5408376797673767e-05,2.061805201776657e-07,1.4599054314082439e-05,1.2134179066943391e-05,5.2802262941634746e-06,1
0.5042630092972713,0.4956921075189617,1.497848863648926e-05,2.00428157949308e-07,1.419174595860004e-05,1.0379611130870395e-05,5.132909882964425e-06,1
0.10449389191758983,0.8954728852752222,1.0919364505818092e-05,1.3952126869657204e-07,9.97452176611469e-06,7.4967535214570855e-06,4.692646125888695e-06,1
0.08722032381259379,0.912751393245282,9.067019649328657e-06,1.2132639617444534e-07,8.821365232162279e-06,6.37739589949868e-06,3.8958349469536206e-06,1
0.14562457015906843,0.8543131521641234,9.654063194818457e-06,1.3291137665997796e-07,4.120542667575637e-05,7.017442654350809e-06,4.26783290665911e-06,1
0.12012732082509647,0.8785035601926394,1.0690466103148371e-05,1.4054033100141642e-07,0.001346942015336743,7.746761352148442e-06,3.599199141144191e-06,1
0.19128720076816721,0.8075173811967656,9.082998613489754e-06,9.666931985220443e-51,0.0011771214372527962,5.552063396569796e-06,3.661535804469699e-06,1
0.22080607762011745,0.7771164964333096,1.1265782863120638e-05,1.437917568976016e-07,0.002054777126304183,7.438984703332971e-06,3.800260945586136e-06,1
0.22423816446019756,0.7587103183252352,3.070169195985992e-05,3.022688824152119e-07,0.016954568090174087,5.017270911826044e-05,1.5772454432621237e-05,1
0.004389029921554521,0.03382314509163146,1.2718041092038391e-06,2.1749436525195786e-08,0.961781288614781,4.310888449563864e-06,9.319300377149314e-07,4
0.9163610258584877,0.004955430347698542,9.48793957333501e-06,2.0373106633087207e-07,9.510198688293666e-06,6.0801545260355545e-06,0.07865826176995974,0
0.9148486193061627,0.005045039059504028,9.659509342900986e-06,1.7605516019214743e-07,9.682170967929892e-06,6.190101549084602e-06,0.0800806337973132,0
0.8962676794966197,0.04801205970749737,6.989912218783406e-06,1.6964775983196048e-07,1.0164447675440426e-05,5.742311977571699e-06,0.05569719447625126,0
0.7190571274859189,0.24310212257430314,9.829454645748534e-06,1.791525998709772e-07,1.061939666231105e-05,6.282177534808213e-06,0.037813839758335306,0
0.8929479172130863,0.07443557529127047,8.53196742383357e-06,1.5550447111075377e-07,9.717769434624913e-06,5.343877229591905e-06,0.032592758377083954,0
0.901887618426498,0.07045344446282631,8.460152605958928e-06,1.5826278801763342e-07,9.89014189142452e-06,5.383294692205214e-06,0.027635045258698244,0
0.8863893722207571,0.1091724279195028,1.2361716799959375e-05,2.8008735913333227e-07,2.6804108648453284e-05,7.730404488716966e-06,0.004391023542443773,0
0.8980264985778382,0.1003922648304463,7.061616297677099e-06,1.7490368161535262e-07,1.541937498625446e-05,4.939046153565438e-06,0.0015536416505963653,1
0.5188667607414144,0.47864583541636774,9.778559953237546e-06,2.421975458055258e-07,1.9154203639838936e-05,6.839334918315234e-06,0.002451389546160683,1
0.5422727074297697,0.45591369495205697,8.591552303999321e-06,1.9782921903440586e-07,1.6073228736880186e-05,6.884861407602488e-06,0.0017818501465057296,1
0.21032635690748602,0.7887277962916118,4.335112712906583e-06,8.858729574082842e-08,6.821181347087275e-06,3.0747816859219307e-06,0.0009315271378605655,1
0.3302139839260752,0.668944817699555,5.451722535334355e-06,1.1118194160766646e-07,7.110692070552983e-06,3.859020585306524e-06,0.0008246657572370728,1
0.3480500551490392,0.6512201008480829,5.404289609554796e-06,1.1021459876324923e-07,7.04882521525398e-06,3.825445025321901e-06,0.0007134552284289491,1
0.3480500551490392,0.6512201008480829,5.404289609554796e-06,1.1021459876324923e-07,7.04882521525398e-06,3.825445025321901e-06,0.0007134552284289491,1
0.7666132965300965,0.23311853633270313,1.0668477829497332e-05,1.995735920899713e-07,1.3267294526411967e-05,6.788478027333671e-06,0.0002372433132250246,1
0.5666349247196293,0.4330126035571053,1.3699961266198031e-05,3.1928312877045037e-07,1.2252573268258161e-05,8.84751041687632e-06,0.0003173523951853084,1
0.6412648981057933,0.3583388766880126,1.5409331168190036e-05,3.591206845072416e-07,1.3781349850888941e-05,9.726354824322635e-06,0.00035694904966587885,1
0.7833916581544104,0.21617332099654005,1.4893309456925479e-05,3.236224353884036e-07,1.5267786309124015e-05,1.0585115471899704e-05,0.00039395101537636795,1
0.8788552374493366,0.10618066827160609,4.481246885066956e-06,1.0876152253566909e-07,5.011795084478409e-06,3.102870575446803e-06,0.014951389604989639,0
0.9154142739952504,0.08446397733219564,3.386247746079488e-06,8.218548765386326e-08,3.7871557278357123e-06,2.291648977618702e-06,0.00011220143461467688,0
0.7544116516984545,0.24505939078268865,9.673751028736717e-06,1.5343405200800435e-07,7.455462603973523e-06,5.380329145619238e-06,0.0005062945420265352,0
0.6351870100992828,0.36175090671428417,2.0428992793562083e-05,2.0492978865902138e-07,1.1701265349455364e-05,7.186082230756727e-06,0.003022561916270405,0
0.7484400968372877,0.25006468681781846,1.8391263966956485e-05,1.8369789952046812e-07,1.0368279591622438e-05,6.3463723382635485e-06,0.0014599267310975185,0
0.7766982548775192,0.22178947379780523,1.0622287615415645e-05,1.7239979641957174e-07,1.5266476191283975e-05,5.9560468681218e-06,0.0014802541142044732,0
0.7692220815244274,0.22930624854099219,1.3404940765975413e-05,1.9126332872901278e-07,1.5478215076673962e-05,6.607741851913591e-06,0.0014359877735571588,0
0.697751118893301,0.3008980997691545,1.4475253801954689e-05,2.6534345178426245e-07,1.6313366785477032e-05,9.118469841303358e-06,0.0013106089036639043,0
0.7140645559597413,0.2836932074326061,1.1594305515316131e-05,2.1273231831805067e-07,1.3468919262077985e-05,7.236070932444812e-06,0.002209724579624308,0
0.7416893816061024,0.2573291306556745,1.0412014846085163e-05,2.647963930940503e-07,1.2445270742529216e-05,7.460068286164199e-06,0.0009509055879552005,0
0.7152026767281081,0.28419781816117423,1.0091781363115029e-05,4.2137101271854126e-07,1.0621930697961606e-05,8.064809480640212e-06,0.0005703052181632364,0
0.641678980167554,0.35823628398717994,9.817120254200011e-06,3.640347708057561e-07,9.047018413709161e-06,6.9674253383869846e-06,5.854024648902347e-05,0
0.44785850580153463,0.5520134548160242,1.4781859291913989e-05,2.8669760130093866e-07,1.7554280463883683e-05,9.751993470375036e-06,8.566455161383435e-05,1
0.5659997071812468,0.4339155151020291,1.3054431949636311e-05,2.4420727291381185e-07,1.4441676553384443e-05,8.30668872033493e-06,4.873071222792518e-05,1
0.5247790046240737,0.4751875672255647,8.445373635303432e-06,1.9841559556990897e-07,1.2099753983678146e-05,6.749088878449543e-06,5.93551826863861e-06,0
0.7336229170876933,0.26633517018045605,1.1732538161037413e-05,3.078791950543509e-07,1.5315337555244317e-05,7.3179868229963775e-06,7.238990116208875e-06,0
0.7879069969733141,0.21206524922080394,7.67459596889987e-06,2.009894894546794e-07,1.078688523005366e-05,4.777323245666085e-06,4.314011947872279e-06,0
0.8309369792564791,0.1690369405097197,7.909471444094883e-06,1.4273975253917278e-07,9.046256347331208e-06,4.94120891972467e-06,4.040557337486132e-06,0
0.898914276756812,0.10106285232223666,5.858662219572648e-06,1.3014099404362543e-07,9.001587611540496e-06,4.609330192171123e-06,3.2711999339933983e-06,0
0.9035595084671469,0.09641902828278055,5.517207345855199e-06,1.2576593699427985e-07,8.327241024782943e-06,4.340688956390061e-06,3.152346808411499e-06,0
0.7176414577294291,0.28232415282423573,9.369201511741006e-06,2.1595329321381494e-07,1.2526399693299012e-05,6.5464201345924395e-06,5.731471702377254e-06,0
0.6683906298143941,0.3315665391477743,1.4652130640310496e-05,2.3296585808221845e-07,1.526554839147535e-05,7.062139971683824e-06,5.618252970025472e-06,0
0.6090877484660345,0.39086955847507887,1.4864614643031387e-05,2.363443099427574e-07,1.472781696861923e-05,7.164554549180847e-06,5.699728416066421e-06,0
0.7478398435431204,0.2514422782045162,1.1518930790959032e-05,1.636718681215191e-07,1.372424321012937e-05,7.2691841367729835e-06,0.0006852022223575217,1
0.8093625573709157,0.18969750897801957,1.1943668571516922e-05,1.6970694440310076e-07,1.423029752252113e-05,7.537220918376264e-06,0.0009060527571079183,1
0.7956677228543811,0.20373889270592693,1.2560845594199343e-05,1.7498930322064691e-07,1.2510283723650435e-05,7.771827142169958e-06,0.0005603664939284524,0
0.7583163992067236,0.24163986766188886,1.2680792052329427e-05,1.3198497707003885e-07,1.439830554354432e-05,7.874327454291734e-06,8.647721360339345e-06,0
0.7312525268961357,0.26870487008275457,1.526634673154868e-05,1.8084177860261266e-07,1.2928687169841381e-05,8.115546879083057e-06,6.111598550540323e-06,0
0.751705850736901,0.24823694571880525,1.3300263330072565e-05,2.0346987213115897e-07,1.70378844151777e-05,1.2268489887830494e-05,1.4393436788752534e-05,0
0.6123085872591509,0.38762888178636645,1.4627533552007538e-05,2.057942485695172e-07,1.5300153300596283e-05,1.1243502522137321e-05,2.1153970859348914e-05,0
0.639512366845594,0.3604420054170156,1.4106451606560106e-05,1.9931037449269742e-07,1.4132716652807249e-05,1.0703974203855633e-05,6.485284552734096e-06,0
0.5569605846445942,0.44299262105974907,1.604326336189829e-05,2.0285821404074722e-07,1.4384287155295312e-05,1.0968743975864639e-05,5.195142949692808e-06,0
0.4844638482321459,0.5154885237508613,1.5408376797673767e-05,2.061805201776657e-07,1.4599054314082439e-05,1.2134179066943391e-05,5.2802262941634746e-06,1
0.35671257122965405,0.6432453685960464,1.3721084908845693e-05,1.8360275459611208e-07,1.3256889049173984e-05,8.723318626745425e-06,6.175278960025015e-06,1
0.13408940632390057,0.8658792699045447,1.081317381898746e-05,1.4469180187149484e-07,8.11195078081006e-06,7.607848485294594e-06,4.646106667984822e-06,1
0.16628835743513168,0.8336778769191137,1.0500031346377933e-05,1.4455816095849125e-07,1.0877140903317474e-05,7.544175256115263e-06,4.699740088091166e-06,1
0.14085894950919195,0.858976441142326,1.078683949633562e-05,1.4850676428528915e-07,0.00014189891037227288,7.971874547328528e-06,3.80321730183152e-06,1
0.1604191453561606,0.8384509139279438,1.0161231422429913e-05,1.2969372268458452e-07,0.0011095547409575397,6.709630927285963e-06,3.3854188655854086e-06,1
0.22657756701105694,0.772072950626377,1.1139794704149136e-05,1.0828599822785959e-07,0.0013271216947742753,7.687723238509803e-06,3.424863851006965e-06,1
0.021458930186738008,0.09273384681602992,3.689933848016828e-06,7.274580369784589e-08,0.8857853638955733,1.5435142877866206e-05,2.661279129330902e-06,4
0.9288464138772438,0.01770416660797383,1.4119822862182562e-05,1.928858486037194e-07,1.6940631162605708e-05,6.6358858568150666e-06,0.05341153028905213,0
0.938766123041242,0.00492409058476821,9.75511182194416e-06,1.917808986014342e-07,1.2702725896071538e-05,6.7505524138098e-06,0.056280386202959554,0
0.9200654138714078,0.004757900551796287,1.0939644966985049e-05,2.001294647370312e-07,1.268782525063577e-05,7.305805476049531e-06,0.07514555217163742,0
0.9273640172074931,0.003090174627296202,1.1118208829311385e-05,2.02185711402734e-07,9.61991737275714e-06,6.150300963328438e-06,0.06951871755233399,0
0.9344689115553131,0.003249213468978905,1.169041825663013e-05,1.8392576708791403e-07,1.0115015773518151e-05,6.466832182168845e-06,0.062253418783728365,0
0.8593368630879358,0.003958090538985868,7.5427055131164245e-06,1.4225497984941867e-07,7.913925347675533e-06,4.888561352502444e-06,0.13668455892588519,0
0.8936452834075442,0.04756738118131054,6.969460384041565e-06,2.0108722170126857e-07,1.0134707444434151e-05,5.5290248141313404e-06,0.05876450113128073,0
0.8098047519204304,0.15478657884957497,1.1222316825139136e-05,2.0571440916613952e-07,1.299024983451917e-05,7.069330798591187e-06,0.03537718161812698,0
0.6944436177440065,0.2726347398359384,9.237373460223827e-06,1.7280214032373342e-07,1.0242968695489973e-05,5.877849470861136e-06,0.03289611142628814,0
0.717944937642905,0.258026811766524,9.664668007009997e-06,1.8079547441932395e-07,1.126915073274675e-05,6.149742020896466e-06,0.024000986234335987,0
0.45818435527490536,0.5387859792455766,1.1007201170848224e-05,2.72628804498407e-07,2.1560861081727704e-05,8.820647522754795e-06,0.0029880041409382787,1
0.4317507287084433,0.5662563512839038,1.067092546987226e-05,2.457088983904004e-07,1.9963357009607876e-05,8.551172169053443e-06,0.00195348884410593,1
0.22887702826929898,0.7705840801039008,4.466225329759382e-06,9.133166224781866e-08,6.932155914032627e-06,3.1785286307622323e-06,0.0005242233852636551,1
0.23034047813633773,0.7688257990973251,4.7705031702298404e-06,8.942013992215334e-08,6.885309968998288e-06,3.1036889238565436e-06,0.0008188738441341646,1
0.21327304284763743,0.7860033518254999,4.242582330118053e-06,8.669645300433072e-08,6.6755873192234e-06,3.009152313577709e-06,0.0007095913084467589,1
0.3554900864771048,0.6433159098912877,5.758405228683965e-06,1.2175789004994646e-07,8.47917681794484e-06,4.226101805131928e-06,0.0011754181898656812,1
0.3536500332533517,0.6451869150710352,6.145041321877574e-06,1.2532142290762935e-07,8.42810310125342e-06,4.3497886777963835e-06,0.0011440034210893327,1
0.329569201494137,0.6695918870570007,5.413634481792787e-06,1.1040517725156395e-07,7.424957323331605e-06,3.832059825341479e-06,0.0008221303920546544,1
0.39755517629155396,0.601865467954053,5.6590798115881165e-06,1.1541076734686129e-07,7.67230085842084e-06,4.005799147933296e-06,0.0005619031638074943,1
0.8525017147070603,0.14732785134635298,6.759052821390399e-06,1.26440573083545e-07,5.90204246280969e-06,4.300864874718335e-06,0.00015334554585455369,1
0.5310156255292313,0.4686857943722147,7.72433285683457e-06,1.4449791988832392e-07,1.0062784531299996e-05,4.915083924105006e-06,0.0002757333993219501,1
0.6356152066590677,0.3639919371299762,1.5273571411562402e-05,3.5873873954383615e-07,1.3659932984619027e-05,9.640663398172361e-06,0.0003539233044221853,1
0.7941741918197851,0.17824646643773107,7.273522687840235e-06,1.765310910147313e-07,8.134656757081396e-06,5.036276756621277e-06,0.027558720755191068,0
0.8673423737390792,0.13246596448452522,5.1785740475918925e-06,1.1684511513800552e-07,5.689391260812037e-06,4.108275653092713e-06,0.00017656869031905213,0
0.8037892802561594,0.19587461704938405,7.82237691388548e-06,1.5674765125423874e-07,7.632314933708417e-06,5.623718268324039e-06,0.00031486753668944173,0
0.7716293882678819,0.22691992643861383,1.3793420005169009e-05,1.7525231821857214e-07,1.5251128019947064e-05,6.054595438827982e-06,0.0014154108977219783,0
0.6379186548680279,0.36084830457616535,1.686635601878559e-05,2.0962261054160863e-07,2.2647871121411115e-05,7.350641049478185e-06,0.0011859660650064426,0
0.6407414593152163,0.3576552369850565,1.5449861215630298e-05,2.517533445919379e-07,1.565797883373153e-05,8.563367678924549e-06,0.0015633807386545245,0
0.7017995797605652,0.2970287174199547,1.283093881101679e-05,2.090783674263703e-07,1.3003778190353735e-05,7.111782117069148e-06,0.0011385472419942991,0
0.7234286445223443,0.27603374842632195,1.1015597288783923e-05,4.123695780216093e-07,1.1255682015603093e-05,7.892526970234895e-06,0.0005070308754809832,0
0.5379270305982404,0.4619771118354697,1.1582452824818966e-05,4.2949617100264884e-07,1.0673869858854437e-05,8.220320542349488e-06,6.495142689294301e-05,0
0.50832235086654,0.49164532119146354,9.02878377934486e-06,1.9981337145288608e-07,1.1806128165693761e-05,6.4690018724137166e-06,4.824214807558691e-06,0
0.49612805780505015,0.5038360100384365,9.564511511162157e-06,2.167092818831256e-07,1.3408594385649037e-05,6.85284357080042e-06,5.889497763866191e-06,0
0.7022218651378621,0.29773443767744256,1.1892430815269949e-05,2.6945444509259166e-07,1.6672130184092655e-05,7.540218715361031e-06,7.32295053560508e-06,0
0.7350981926703773,0.26487013986074737,8.728939596012782e-06,2.2860162541362235e-07,1.2268798251246325e-05,5.534454202802737e-06,4.9066751998480175e-06,0
0.8282876401798774,0.171683781888944,8.455448857013074e-06,1.5259283581569234e-07,1.0368127121358615e-05,5.282292199656568e-06,4.319470164653023e-06,0
0.8121625806926095,0.1878092765117534,8.326703837244453e-06,1.5026941478910227e-07,1.0210259129513839e-05,5.2018625471131245e-06,4.2537007086321314e-06,0
0.8295525976298058,0.17041935849100792,8.504995135320773e-06,1.5348698197386047e-07,9.727371388938747e-06,5.313244775191301e-06,4.344780905045261e-06,0
0.8557001148696928,0.14427499563993576,7.09640576540769e-06,1.84399157854509e-07,9.974220772994876e-06,4.9918584381734095e-06,2.6426062371103595e-06,0
0.8448347660768443,0.1551357629635743,8.402658486081512e-06,2.1834196067612528e-07,1.1810199922444966e-05,5.910721998353156e-06,3.1290372137213348e-06,0
0.8326792580641802,0.16728839352393837,8.95385854949912e-06,2.02873325426033e-07,1.2584928891497957e-05,5.573645408861814e-06,5.033105705971727e-06,0
0.8686200764940059,0.1313484476901819,8.016027266174227e-06,1.9854274456176803e-07,1.2284564403097532e-05,5.580894748259705e-06,5.395786650056911e-06,0
0.884289145257067,0.1156748917346011,8.958070193318597e-06,1.9898948189508225e-07,1.3728245496576489e-05,7.047804064843921e-06,6.029899095197345e-06,0
0.6908717807069337,0.3090905694730093,1.025747107288516e-05,2.3642726175321343e-07,1.3713994980297527e-05,7.16706915497402e-06,6.274857587225699e-06,0
0.6977986119150998,0.30214617136336036,1.348362550874684e-05,1.8349258555648566e-07,1.4048123290002585e-05,6.498935411247385e-06,2.100254474447285e-05,1
0.6039853932199183,0.39592464919495984,1.229685517087793e-05,1.6734236263490965e-07,1.2811668301506694e-05,5.926927254480423e-06,5.8754792032416656e-05,1
0.6196468802080601,0.37925919848902756,1.0935587193721651e-05,1.6797990073661498e-07,1.3091696660611185e-05,6.0598967435827315e-06,0.0010636661424135256,1
0.5377592997303681,0.4612876727393401,1.4516346269441773e-05,1.8869307193125198e-07,1.3966956319031515e-05,8.380454753429193e-06,0.0009159750798779996,1
0.8096390194712333,0.18939121056028554,1.0610796805532803e-05,1.697649129091317e-07,1.423515830821648e-05,7.539795482651168e-06,0.0009372144529718042,1
0.8617386871046672,0.13739344653135194,1.0976226728123241e-05,1.8023962448861812e-07,1.3480656567568322e-05,6.495330771346961e-06,0.000836733910289321,0
0.7364326779497212,0.2634523986469959,1.385547410286877e-05,1.538706431565695e-07,1.17135131605563e-05,7.753474675339725e-06,8.144707070083553e-05,0
0.49386183739918715,0.506098365749744,1.4144523644331798e-05,2.0672419898498605e-07,1.2306518338664525e-05,8.55879341921485e-06,4.580291467515922e-06,0
0.47859227283631695,0.5213664157983684,1.4386392629855814e-05,1.7299969914380358e-07,1.2140083920469475e-05,1.0181414452390352e-05,4.430474612802115e-06,1
0.4688330051906172,0.5311261691831596,1.4217237405100125e-05,1.709655684381946e-07,1.1997340796674964e-05,1.0061701366953577e-05,4.378381086079674e-06,1
0.4844695056150161,0.5154883649627949,1.4632575455857428e-05,1.7667413326391272e-07,1.2397933724828277e-05,1.0397663017214375e-05,4.524575857868589e-06,1
0.4803124847085529,0.5196418083038002,1.5305269915619017e-05,1.9352669406822492e-07,1.3862552293882893e-05,1.1389473447995444e-05,4.956165295155096e-06,1
0.4828980777569073,0.5170566584861181,1.4591450121838787e-05,1.9524916970627172e-07,1.3985935317203414e-05,1.1490844944257541e-05,5.000277421495807e-06,1
0.37958373667572276,0.6203744726902926,1.36000350179414e-05,1.81982977912181e-07,1.2637981830936744e-05,1.0710100252047043e-05,4.660533906084105e-06,1
0.19606200361441137,0.8029275585692351,1.1727063270095153e-05,1.525634254775376e-07,0.0009869075065158214,7.743575865183227e-06,3.90710727686585e-06,1
0.1959909383993041,0.802636527065867,1.1722812643974322e-05,1.5250812688602477e-07,0.001349012753857192,7.740769105717273e-06,3.9056910951786335e-06,1
0.2008158163716511,0.7979898268675872,1.1094947598053136e-05,1.4433990608452053e-07,0.001172094788722971,7.326179322733351e-06,3.6965052117815476e-06,1
0.23831960892061896,0.760642831028021,1.0520934678216912e-05,1.3428482511748483e-07,0.0010164524216093585,6.947148998604206e-06,3.505261248612503e-06,1
0.2572266064355367,0.741576976167147,1.1477613270155272e-05,1.4649547192228537e-07,0.0011733427114970186,7.578859861302678e-06,3.871717215667161e-06,1
0.24472260193991094,0.7403031577353724,3.0383098968257638e-05,2.983004932646642e-07,0.014876292544030563,5.506784424328048e-05,1.2198536981371194e-05,1
0.8203320302957697,0.049339272514329444,7.771588513560292e-06,1.7254647391785508e-07,9.582200719670937e-06,5.840428926663604e-06,0.1303053304252669,0
0.8358031729041985,0.03634459228250356,6.518354889314104e-06,1.5820288869869571e-07,9.478728076776369e-06,5.171152993832282e-06,0.12783090837444916,0
0.8115301637780095,0.15214223506752367,1.1246227673369754e-05,2.061527149182463e-07,1.3017927532191651e-05,7.084393080154875e-06,0.03629604645346606,0
0.7756162423807521,0.19774720040247992,1.07485306625812e-05,1.9702951441398213e-07,1.242396290441974e-05,6.90905066427791e-06,0.02660627864302221,0
0.6944436177440065,0.2726347398359384,9.237373460223827e-06,1.7280214032373342e-07,1.0242968695489973e-05,5.877849470861136e-06,0.03289611142628814,0
0.8876528160458161,0.10765470997113102,1.218986388968223e-05,2.7619357734089857e-07,2.643147722895364e-05,7.6229362033239635e-06,0.00464595351215348,0
0.3999360218402604,0.5992302063878079,7.746503477777197e-06,1.5841140717188495e-07,1.264329631876439e-05,5.513040940489351e-06,0.0008077105197875802,1
0.3181858945841724,0.6809016396474822,4.969559324591765e-06,1.015521050418164e-07,7.072053026960675e-06,3.5247780185425125e-06,0.0008967978258702167,1
0.3321774335372687,0.6675791067367364,6.102132613833786e-06,1.1438071261700118e-07,7.965432765336539e-06,3.890649790986539e-06,0.00022538713011210725,1
0.1855340354304416,0.8142526398692693,4.744261338527134e-06,1.5486783204278478e-07,4.7929879904439236e-06,3.0245737170643864e-06,0.0002006080094110801,1
0.6341903652756681,0.3654153645258634,1.5333300262019045e-05,3.5734875354088034e-07,1.3713351538308995e-05,9.678364190403335e-06,0.00035518783372426814,1
0.8976289065828154,0.10224972828975126,4.000076883429327e-06,9.02544676796725e-08,4.473657929607079e-06,3.17334816875573e-06,0.00010962778998361792,0
0.7440563242374502,0.25537484127920623,9.815777163759287e-06,1.5568670925779452e-07,7.580655828270683e-06,5.585654291994605e-06,0.0005456967093501277,0
0.7635344606858245,0.23593070009739991,9.313394787640283e-06,1.4771849058063733e-07,7.19266944430835e-06,5.179906870845216e-06,0.0005130055271821434,0
0.7713498879193686,0.22757212277576677,1.1595046603849284e-05,2.125468562802882e-07,1.3067421872613416e-05,7.304126353309904e-06,0.0010458101631785793,0
0.6637074945534212,0.3350935040072163,1.5376052468191534e-05,2.4551446852147487e-07,1.5269947486557473e-05,8.437051156765987e-06,0.0011596728737824826,0
0.7116211329610365,0.2875792310716299,1.0643262219473929e-05,2.817718057453858e-07,1.365302415878097e-05,7.553756391986102e-06,0.0007675041527574677,0
0.5100913101767002,0.4898764781908692,8.996299994177808e-06,1.990944823100728e-07,1.1763652042623185e-05,6.4457276782138875e-06,4.8068582331586096e-06,0
0.4889911632907101,0.5109759471850778,9.383779616573142e-06,2.718801294494437e-07,1.2270324280589422e-05,5.949645769211235e-06,5.013894416289185e-06,0
0.8075741829168341,0.19239832764785947,8.336846411248953e-06,1.5045245464375566e-07,9.535055571986655e-06,5.2081988209708945e-06,4.258882047499657e-06,0
0.8701461055456694,0.1298237070549686,7.358385122938684e-06,1.8225411782412665e-07,1.2570615614905956e-05,5.12303308417767e-06,4.953111422147074e-06,0
0.8943638501841462,0.10561155957828786,6.209807351068152e-06,1.3794113249737262e-07,9.54110730853939e-06,4.88559528406e-06,3.8157864895319456e-06,0
0.542978555198371,0.45698886907754993,9.012253658021756e-06,2.077259043141657e-07,1.2049168898364208e-05,6.2970146101559145e-06,5.009561008087332e-06,0
0.5727916533329762,0.4271673332354143,1.3994224140741542e-05,1.904410923290547e-07,1.4580098353335151e-05,6.882684517169956e-06,5.365983505881245e-06,1
0.5382023314901584,0.4617502781907413,1.1601850948248102e-05,1.5788436324889174e-07,1.2087567428173876e-05,5.591944089122899e-06,1.7951072271538893e-05,1
0.6212996657424632,0.37771877475548893,1.0959051086968365e-05,1.6792789970798822e-07,1.288462592600536e-05,6.058020799718875e-06,0.0009514898763355191,1
0.8278513550361709,0.17091638698970205,1.0823858728272882e-05,1.7359905632849612e-07,1.4818373949437706e-05,7.710081890706724e-06,0.0011987320605023539,1
0.8004575600943145,0.19945649452090855,1.0835702240532408e-05,1.1278080311172076e-07,1.2161771533543126e-05,6.628195032889595e-06,5.6206935166845014e-05,0
0.8022086736551196,0.19774776551470358,1.2830455371649935e-05,1.792220631510323e-07,1.4578375339402743e-05,8.042859711440448e-06,7.929917691172539e-06,0
0.7141772809729355,0.2857693171176147,1.7089843798895873e-05,1.772670336952256e-07,1.3273700033033175e-05,8.214108934997044e-06,1.4646989649019618e-05,0
0.4826919065481223,0.5172662441728808,1.4535274895270284e-05,1.7549932352111075e-07,1.2315492605341997e-05,1.0328522868685945e-05,4.49448930415712e-06,1
0.48269137228006836,0.5172656716361843,1.4535258806885694e-05,1.754991292694965e-07,1.3422330045183391e-05,1.0328511436549342e-05,4.494484329426818e-06,1
0.34987780980162725,0.6500742809843572,1.5396748825732863e-05,2.0602492550764512e-07,1.5588377048258596e-05,9.788638924335272e-06,6.9294242917367605e-06,1
0.13956285618871397,0.8603991490365972,1.2337166330571072e-05,1.650844475674785e-07,1.1802060222731407e-05,8.138027843763684e-06,5.552435844077419e-06,1
0.12282480725079142,0.8771099001981983,1.0594028100792713e-05,1.3927252577745258e-07,4.3516340715610634e-05,7.476178669239319e-06,3.56673099879164e-06,1
0.16420979998333474,0.8345179706910623,1.1471103084639273e-05,1.4923350716980616e-07,0.0012487257306792786,8.061429345096843e-06,3.821828986798734e-06,1
0.2147381325738447,0.7830491789944156,1.197465003022001e-05,1.528394419633166e-07,0.002187795664644725,8.725896125469054e-06,4.039381497035307e-06,1
0.24986066496360873,0.7314666822029718,3.002043739127233e-05,2.947398911214832e-07,0.018577007721665754,5.5619586743131414e-05,9.71034772812838e-06,1
0.18691628315508754,0.5082749537617645,1.685118266133782e-05,3.048928775695799e-07,0.30471476973383715,6.173697242129355e-05,1.5100301350648284e-05,4
0.9533758546541776,0.008231234513563866,1.216341442639359e-05,2.2119287707595457e-07,1.0524270909899405e-05,6.728481234026691e-06,0.03836327347281106,0
0.9406300531946233,0.007165325663947934,1.1755925845656118e-05,1.8495640032080547e-07,1.017169555021538e-05,6.503069259028714e-06,0.05217600549437344,0
0.9098142853926848,0.006186176790579801,1.0601746592600394e-05,1.667976569965592e-07,9.27928292587891e-06,5.731965099179411e-06,0.08397375802446086,0
0.8445184772794191,0.041705780596260296,8.04121360751139e-06,1.7853274804441967e-07,9.914642634833011e-06,6.0430549657698596e-06,0.11375156468036451,0
0.865427440883956,0.039561173256654814,6.749391930436149e-06,1.6381024330312614e-07,9.814692798802926e-06,5.673030693775559e-06,0.09498898493372283,0
0.866565325126191,0.03891259114204895,6.758266188819344e-06,1.5248799837729338e-07,9.827597386467409e-06,5.361479856324003e-06,0.09449998390032986,0
0.8324368691361873,0.11228115921384497,1.161209224189883e-05,2.460343647945671e-07,1.3441429401266027e-05,7.314863998300942e-06,0.055249357229961445,0
0.7584665798909568,0.21042747589007918,1.0510869738206186e-05,1.926729918347795e-07,1.2166723325037887e-05,6.7562845403329494e-06,0.03107631766836841,0
0.7005427283760357,0.2768969265666299,9.75348687585659e-06,1.7878953350184519e-07,1.1290024444084445e-05,6.205616489912026e-06,0.022532917139991067,0
0.6852933655508205,0.28659982891404295,9.261637726132464e-06,1.7325604825551203e-07,1.0269874408157261e-05,5.924688386911248e-06,0.028081176078567065,0
0.6589704581859807,0.298372804835237,9.176429463822623e-06,1.7166207025258627e-07,9.826503613100579e-06,5.839070088546294e-06,0.04263172331354671,0
0.6929482143513235,0.27091863312627096,1.0257704339319462e-05,1.9188931488751356e-07,1.1616203641781142e-05,6.527098020096496e-06,0.03610455962708964,0
0.7077605731717966,0.2732036886395309,1.034422265510848e-05,1.9350779986161626e-07,1.1714180181336568e-05,6.582150642886954e-06,0.019006904127393212,0
0.7040222984913193,0.2872167504180183,1.0322148753471955e-05,1.9698279750925692e-07,1.2070317715233367e-05,6.700352379544628e-06,0.00873166128901689,0
0.9031550865148841,0.09279993237455039,1.0507840715198018e-05,2.3808289768644357e-07,2.278431942331298e-05,6.571082346082917e-06,0.004004879785183245,0
0.38382266334784865,0.6137495666249373,9.825736693305346e-06,2.3970519796232563e-07,1.6849500598042993e-05,7.0541337066381e-06,0.002393800951018079,1
0.3188043065330023,0.680283218969226,4.965045782445296e-06,1.0145987157075173e-07,7.065629920340075e-06,3.5215766815416817e-06,0.0008968207855158684,1
0.29001330219852994,0.709033636555427,5.039286182188544e-06,1.0277075152322387e-07,6.911527730334263e-06,3.5670760913226928e-06,0.0009374405852877566,1
0.4170449458553053,0.582711956562837,6.587515981593415e-06,1.2323165951207079e-07,8.192219745125873e-06,4.214047297986545e-06,0.00022398056717349058,1
0.8599450811037602,0.13987482254902886,8.930012192577852e-06,1.6705237983926844e-07,7.76480628352196e-06,5.6822718781422275e-06,0.0001575522044767631,1
0.9141273025240179,0.0857367744946455,7.037017055833069e-06,1.482269885416298e-07,6.889778242746315e-06,5.0419278634773724e-06,0.0001168060311861322,1
0.7506045972051725,0.24905657724206087,1.4574304727426177e-05,3.396600561570765e-07,1.30345431667244e-05,9.10562827076211e-06,0.000301771416545742,1
0.6777424813686792,0.32188896717962917,1.4148227817471298e-05,3.71275885157879e-07,1.4247808843369528e-05,9.953187414484786e-06,0.00032983095173105186,1
0.7209970026804912,0.27853010589062,1.4614518179478756e-05,3.8650956548486744e-07,1.4981985113545894e-05,1.0281219689798947e-05,0.00043262719634064,1
0.8298704875797784,0.16990384598530495,6.856628174782655e-06,1.373956245975587e-07,6.690031200156726e-06,4.830831812771421e-06,0.00020715154810434764,0
0.6740312828138257,0.32431803253673025,2.1728106188557157e-05,2.1702736008612463e-07,2.1847073641703185e-05,7.497834424304223e-06,0.0015993946078294156,0
0.6742453869290524,0.3243768495026897,2.222333325406501e-05,2.3842121418690645e-07,2.4280012530983326e-05,8.3604948890799e-06,0.0013226613063695672,0
0.6852396013546324,0.31346657430856856,1.6886466274664188e-05,2.696317407349227e-07,1.6577011620364865e-05,9.265835955690015e-06,0.0012508253912076413,0
0.6294455765890649,0.36994119499006844,1.3089325039969747e-05,2.7310906956785936e-07,1.621703282691208e-05,9.289780769146762e-06,0.0005743591731609851,0
0.4865824577927371,0.5133506457451825,1.0870116472284038e-05,2.373926451072956e-07,1.431010328895882e-05,8.074889760139145e-06,3.3403959913837875e-05,0
0.49519773315079074,0.504758512315409,1.1424622278484817e-05,2.495025061558863e-07,1.531049546364642e-05,8.486805609232855e-06,8.283107942603517e-06,0
0.5334541282992105,0.4665041746649963,1.0887394806842127e-05,2.3776998692826427e-07,1.459054004043548e-05,8.08772500869891e-06,7.893605950425745e-06,0
0.7191248727230876,0.2808332734326105,1.1390755518536106e-05,2.580876656008406e-07,1.596882604154927e-05,7.2221389619257825e-06,7.014036114324616e-06,0
0.8645025982870004,0.13547679281045555,6.717618817521534e-06,1.2123076168147696e-07,5.736323769211674e-06,4.274499930314499e-06,3.7592292652552382e-06,0
0.8705938642004293,0.12938710022075567,6.225814082506467e-06,1.1235531574683665e-07,5.32400406661858e-06,3.889393658535267e-06,3.4840116914569838e-06,0
0.5955373810227779,0.4037029727481341,1.2030218514933082e-05,1.637138244964307e-07,1.2533868787279799e-05,5.9059974889552195e-06,0.0007290124304724058,1
0.6444209884021451,0.35477002297770766,1.3473740073427759e-05,1.900654338492053e-07,1.4068537785514502e-05,8.441405676751524e-06,0.0007728148711777076,1
0.553168837484846,0.44589838720157554,1.4333488417188824e-05,1.8631616460017006e-07,1.379101895934031e-05,8.274888798424316e-06,0.0008961896012387757,1
0.532828855743397,0.4662272318887796,1.4377505731800196e-05,1.8688833077463427e-07,1.3833370381595393e-05,8.300300503726813e-06,0.0009072143028755759,1
0.8660703488528054,0.1313983825339043,1.1324246652638935e-05,1.8595442813316627e-07,1.292441494817939e-05,6.7012762734525954e-06,0.0025001327209878675,0
0.7269222530062298,0.2713313256321215,1.5597061563533422e-05,2.094178445841091e-07,1.497163886205713e-05,9.30090730483847e-06,0.0017063423360735798,0
0.7312264773739221,0.26866107237960657,1.3520644964949198e-05,1.6772922660408908e-07,1.1430446303050024e-05,7.566105465008067e-06,7.976532051159295e-05,0
0.8188820124032916,0.18104392297831942,1.0323615521396707e-05,1.3999302316363782e-07,1.158701582826047e-05,6.314951777137561e-06,4.5699042239047855e-05,0
0.8247288207167305,0.1752171267391552,1.029724307925753e-05,1.3963540059472098e-07,1.1708732969815919e-05,6.265437688929073e-06,2.5641494975793047e-05,0
0.7818368089014562,0.21811039304149935,1.4421964137753952e-05,2.2062985718140266e-07,1.8474803988527432e-05,1.0784580925449925e-05,8.896078135570123e-06,0
0.6739458479527217,0.3260050024084105,1.3970515983796883e-05,1.7800861409183303e-07,1.3329229341160872e-05,8.248471907258797e-06,1.3423413021430359e-05,1
0.6274388049391417,0.3724881395185571,1.666174276195191e-05,1.9296733972510165e-07,1.368294421463133e-05,1.0114531020693268e-05,3.2403356964235665e-05,1
0.4624238811666413,0.5375360155518094,1.4045960418015755e-05,1.689059230497905e-07,1.1622294386883512e-05,9.940486686072165e-06,4.3256341353632225e-06,1
0.47975569098160975,0.5202058383010075,1.3397156951932181e-05,1.6110391129300167e-07,1.1305308695289502e-05,9.481321059476135e-06,4.125826764666563e-06,1
0.4263214688724555,0.5736287681417811,1.6041843921392263e-05,2.1465698611556043e-07,1.5376140793399874e-05,1.2633037811972413e-05,5.49730625054483e-06,1
0.3692017381601625,0.6307550281468912,1.3682334970821235e-05,1.8308423908447546e-07,1.2714459965574644e-05,1.0774911904731684e-05,5.878901865972878e-06,1
0.10498978329130772,0.8949871459662208,7.58834315340726e-06,1.0154012711399576e-07,7.175697827884944e-06,4.789969625062308e-06,3.4151917379708077e-06,1
0.2175642973601223,0.7824056176322157,1.0740292910739983e-05,1.437165775652101e-07,7.798280474659152e-06,7.722175758714415e-06,3.680541940204151e-06,1
0.18493254825125188,0.8148828808979055,1.1583047744889879e-05,1.5068985309703443e-07,0.00016083788809559564,8.140099544685542e-06,3.859125604596197e-06,1
0.3321793266854027,0.666339087513101,1.3424038952294856e-05,1.713388380607959e-07,0.0014511607089048245,9.782062038252587e-06,7.04765276318349e-06,1
0.14137766733539595,0.8564686150146,1.1567584030720466e-05,1.4764382121041456e-07,0.002130343270877248,8.129232269039103e-06,3.5299190060001266e-06,1
0.21776946498533226,0.46900767657989995,1.5743579544887176e-05,2.7090218314810726e-07,0.31312757705874794,6.660952179752762e-05,1.2657372494157187e-05,4
0.24563710243905934,0.5744579903642006,3.4823988379388454e-05,4.3652408452568324e-07,0.17975586598444596,9.639198548230997e-05,1.738871434786003e-05,4
0.05213361592627492,0.11564656633162447,6.620549234736542e-06,9.500044436391657e-08,0.8321923529145939,1.727385124590576e-05,3.4754265814832035e-06,4
0.024520656428458354,0.10248173457292002,7.997176073498548e-06,6.743157597792574e-08,0.8729707625060201,1.586221310500556e-05,2.9196718469072057e-06,4
0.9408485319965718,0.00665785666817149,1.0664808000945402e-05,2.1803795312788382e-07,1.0562518815835814e-05,6.890742498175014e-06,0.05246527522798843,0
0.8552936384404549,0.005915698642000701,5.750358552406774e-06,1.680042817690273e-07,9.344904724943331e-06,5.773430496284689e-06,0.1387696262194891,0
0.8639476811461715,0.03403907602318207,7.011302571977247e-06,1.5819730465590845e-07,1.0015484156794127e-05,5.5622191337236665e-06,0.10199049562747914,0
0.8813583724441973,0.036391391080932964,8.198606902164946e-06,1.642866854433908e-07,1.0401003347113898e-05,5.776321835424776e-06,0.08222569625609949,0
0.8277745737341702,0.12251991369389888,1.139132296782746e-05,2.282634983640165e-07,1.4414157393589144e-05,8.025747346913559e-06,0.04967145308072428,0
0.6181242267709766,0.31562731839261704,9.532731163756459e-06,1.7832735196006196e-07,1.0222722338466344e-05,6.0657890544342745e-06,0.06622245526649789,0
0.8933979144131576,0.10339157661563152,1.1968104902535725e-05,2.71169041503437e-07,2.5950633663174382e-05,7.484259133027685e-06,0.0031648348044707106,0
0.3731417676639048,0.6244822246234821,8.964178839013844e-06,2.0640932351437337e-07,1.8541957620598044e-05,7.020994825219375e-06,0.002341274172004754,1
0.4782226370496747,0.5202207581243669,8.58911405134473e-06,1.7564229424753922e-07,1.4018545835336643e-05,6.112711050015975e-06,0.0015277088127274322,1
0.4304354815740551,0.5685460589893301,7.811879808575927e-06,1.5974831440845576e-07,1.274999895239686e-05,5.55956804646256e-06,0.0009921782414929765,1
0.32506955428145395,0.6740666955145699,5.062620505471211e-06,1.0345379454760798e-07,8.376478548029599e-06,3.590783872043501e-06,0.0008466168672560415,1
0.2650314455056072,0.7341109280058191,4.3745514424665325e-06,9.249716412740275e-08,6.220609515532802e-06,3.2104895389370518e-06,0.0008437283409127879,1
0.27218364267900325,0.7269256435048282,4.561616239623992e-06,9.645253268865955e-08,6.486615544384708e-06,3.3477766602056e-06,0.000876221355191314,1
0.4115437332220474,0.5882236511370508,6.558370792352783e-06,1.2268644488990485e-07,8.155974854724135e-06,4.1731685373049605e-06,0.00021360544027262233,1
0.815990235708229,0.18376855650115598,1.0437655563110412e-05,1.9525563506054227e-07,9.071611199103996e-06,6.641603102097894e-06,0.00021486166511551066,1
0.8161107378010228,0.18365573934441407,1.0487513824554803e-05,1.9618832597398317e-07,9.114944183235541e-06,6.6733285007635305e-06,0.0002070508797286639,1
0.2773828463761498,0.722418675334482,4.526060821212102e-06,1.1743701942425285e-07,5.090801055688342e-06,3.212506082330593e-06,0.00018553148438964394,1
0.1812382191924884,0.8185386792024383,4.75074666627604e-06,1.232669092541606e-07,6.354085875632518e-06,3.4500140879360065e-06,0.00020842349153407197,1
0.6525529712475626,0.3471053567560017,1.5188049200572792e-05,3.6122438016115856e-07,1.386207971980809e-05,9.683726032721609e-06,0.00030257691710253745,1
0.8242299119845677,0.17551934034385783,1.1264868959162463e-05,2.6791757477429523e-07,1.0281406748353998e-05,7.1823512917593876e-06,0.00022175112700032433,1
0.7859035071971424,0.21383399914949452,7.977321613248567e-06,1.5985248984317788e-07,7.78349490826943e-06,5.56319356464253e-06,0.0002410097907873052,0
0.7483104639205624,0.250325666394219,1.8388078524059482e-05,1.8366608228537904e-07,1.4362011910612732e-05,6.34527312035645e-06,0.0013245906555811552,0
0.8072927826766926,0.1911523379027168,1.8685865295999642e-05,2.0046977836640693e-07,1.089719858837244e-05,6.889100205167631e-06,0.001518206786722539,0
0.5070500819425069,0.4928917682837364,9.629207056252778e-06,2.1029240479604228e-07,1.6091762956030384e-05,7.1530774904804e-06,2.5065433849269642e-05,0
0.6104888058902113,0.3894729076195872,1.100534000600925e-05,2.4935505872919465e-07,1.337289093660726e-05,6.882193724304533e-06,6.776710476048454e-06,0
0.784441737331276,0.21552296792837775,9.008687013472662e-06,2.579074229942114e-07,1.3805815789991843e-05,6.15835958815226e-06,6.063970531506965e-06,0
0.9355480519650937,0.06443685428405442,3.843464849117874e-06,9.519579143531807e-08,3.9718996383985965e-06,2.725534998712395e-06,4.45765557412614e-06,0
0.9168330241942144,0.08314407374684199,5.923414726117823e-06,1.203670687108201e-07,5.5997337344373355e-06,4.342257642234133e-06,6.9162857721585805e-06,0
0.8615461254718878,0.13843341797600384,6.667959106111713e-06,1.2033456843166167e-07,5.693918239712242e-06,4.242900871373099e-06,3.7314393227909523e-06,0
0.8464521188239406,0.15352701830749194,6.8482040318811665e-06,1.2358739212318432e-07,5.780558008565327e-06,4.278213416104944e-06,3.832305718797073e-06,0
0.8638508589600973,0.13613114469344972,6.0171832320962466e-06,1.085902201686961e-07,4.744254988843033e-06,3.7590576902897054e-06,3.3672603216931197e-06,0
0.7755410292795477,0.22443146790418908,7.5009479495396665e-06,1.5242341773868342e-07,1.0356615780412005e-05,5.276427469625952e-06,4.216401645873324e-06,0
0.7934153414497092,0.20655358324921425,7.88536473789228e-06,1.7974859791116949e-07,1.1870897040949796e-05,6.203847977653105e-06,4.9354427221478115e-06,0
0.48092573619955725,0.519043685242004,8.015601172456294e-06,1.8475378804813382e-07,9.843123350188054e-06,5.600636600725638e-06,6.934443527512615e-06,0
0.509611606165338,0.4903202348909455,1.187462790814339e-05,1.615964620177989e-07,1.2371764312817052e-05,5.948579235497407e-06,3.7802375798180994e-05,1
0.5656869549643642,0.4336138992750456,1.2057100201745904e-05,1.6407964526282655e-07,1.2561875887472905e-05,5.919194520631605e-06,0.0006684435103350805,1
0.5687083025370022,0.43047149116249983,1.2121497462647728e-05,1.6495599857729422e-07,1.2656600479223434e-05,5.950809080309774e-06,0.0007893124374769883,1
0.629344962028768,0.3697473798611959,1.3413912415786293e-05,1.8254389147816286e-07,1.4006069038339567e-05,6.585294601786356e-06,0.0008734702900885981,1
0.6479608591961997,0.35119572681639855,1.3191483966950796e-05,1.8608382747697523e-07,1.3773821494601734e-05,6.4760977606264055e-06,0.0008097865003520495,1
0.7585100453116543,0.2407421594983017,1.1920389613867147e-05,1.6937617494579568e-07,1.420256178191623e-05,7.522530403020344e-06,0.0007139803320700621,1
0.7290396593848987,0.2694485650995243,2.133187746021329e-05,1.8310163887510672e-07,1.2495988212960608e-05,8.259540323374415e-06,0.001469505007941548,0
0.7412657352083759,0.2575836935398418,1.9809230706982994e-05,1.7003203839271486e-07,1.173908812733551e-05,7.785027302478055e-06,0.0011110678736071583,0
0.7347007342874258,0.265195634337511,1.9494301164181392e-05,1.6732884850590285e-07,1.1419555452719124e-05,7.661259997965662e-06,6.488892959988845e-05,0
0.769162199416615,0.2307678293071409,1.4659220782264786e-05,1.7364989842099697e-07,1.241452739022866e-05,7.79280043623311e-06,3.493107773701853e-05,0
0.7633015267741694,0.2366183509355543,1.3621270140742194e-05,1.9026854984083372e-07,1.3136225946330682e-05,8.538587420341422e-06,4.463593821883494e-05,0
0.718209126836586,0.2817333291962483,1.4760430903333197e-05,2.1526254725683782e-07,1.3401757656157825e-05,9.353977199337746e-06,1.981253885938574e-05,0
0.6448904127870767,0.3550390814076171,1.6043646491509624e-05,1.8580888129099228e-07,1.317535164712114e-05,8.60991669008366e-06,3.249108159600623e-05,1
0.5679549180217127,0.4319787961188081,1.5907857342235554e-05,1.9129566424581036e-07,1.3564408910363284e-05,1.0026908869110979e-05,2.6595388693280577e-05,1
0.45677419979595024,0.5431849818090609,1.4611526420746322e-05,1.7570698505579334e-07,1.2090270543965422e-05,9.441083580069179e-06,4.499807458824565e-06,1
0.3314140481912658,0.6685414618549766,1.4319670640363443e-05,1.9161247029269932e-07,1.4430118046028823e-05,9.103875564927954e-06,6.444677035918397e-06,1
0.09282841773118146,0.9071483196329241,7.623862892305506e-06,1.0201541911514415e-07,7.293189260314693e-06,4.8123906551835406e-06,3.431177667490309e-06,1
0.12544752469556228,0.8745202589566854,1.0789564447834814e-05,1.378627592881659e-07,9.855953189810886e-06,6.796103389730845e-06,4.636863965772069e-06,1
0.12544746408365723,0.8745198364187436,1.0789559234690457e-05,1.3786269267764893e-07,9.72757899254424e-06,7.407634953896556e-06,4.636861725399777e-06,1
0.15660660921680838,0.8433610404823928,1.0658049461668041e-05,1.4261607247414698e-07,1.0234233511245593e-05,7.663043445097406e-06,3.6523583081438333e-06,1
0.26114872911834736,0.7388161953169088,1.2479560580598084e-05,1.6698983454797536e-07,9.17975683753073e-06,8.972693854423275e-06,4.276563636945086e-06,1
0.2361986390013762,0.763765272915428,1.2900982752031687e-05,1.7262891280141602e-07,9.380574825426496e-06,9.21291782868789e-06,4.420978876769901e-06,1
0.18760883879721624,0.8123439452938581,1.2003624429675669e-05,1.5616135250222066e-07,2.2621210043496203e-05,8.435663903542696e-06,3.999249196305389e-06,1
0.1480146289497726,0.8497738368217785,1.3169342777035279e-05,1.6293666356596502e-07,0.002184902673205686,9.12651275724278e-06,4.1727630452329796e-06,1
0.28209507484083607,0.5585422595657447,3.48165426366626e-05,4.3643075098813415e-07,0.15920433803083722,0.00010568959274043972,1.7384996453977313e-05,4
0.06395118046719048,0.13735428483472176,8.12904060382308e-06,8.214537622161468e-08,0.7986595872699955,2.286339246973024e-05,3.872849642418867e-06,4
0.9599776565449677,0.002876939223561424,1.227788687721198e-05,2.232745697532601e-07,1.0623317036414563e-05,6.791804385745772e-06,0.03711548794860163,0
0.9442843339246447,0.003228355663599598,1.0726682771332987e-05,1.687632823493897e-07,9.388634544502492e-06,5.799513385668345e-06,0.05246122681777181,0
0.8085852883909529,0.03246937508649044,7.082963783737964e-06,1.5725748006850822e-07,8.85424288882981e-06,5.322920339499904e-06,0.15892391913806456,0
0.8019022251150825,0.02993561412779612,6.2539644012931925e-06,1.5178603357809837e-07,9.09426212108795e-06,5.25661161360699e-06,0.16814140413295195,0
0.8302114983718959,0.10422318965956635,1.119946094836364e-05,2.2441889700474615e-07,1.4171382313450158e-05,7.89057111689759e-06,0.06553182613526203,0
0.6426039693068556,0.3177932656747672,1.0610656261372647e-05,1.9849193280967434e-07,1.1378669022087313e-05,6.751685482886972e-06,0.03957382551567805,0
0.6595101791291033,0.33328465691473325,1.0481122242341746e-05,2.3747752008206308e-07,1.3605005338681848e-05,6.5543739385176765e-06,0.007174285977123927,0
0.22600678834905455,0.7730664642153308,4.236074333053373e-06,8.662521070425436e-08,6.57493197767964e-06,3.076256671466364e-06,0.0009127735474215281,1
0.24706903909663658,0.7520516666303685,5.1726218751256955e-06,1.0570165394846415e-07,8.861087019343795e-06,3.668804956900869e-06,0.0008614860574893781,1
0.24706903909663658,0.7520516666303685,5.1726218751256955e-06,1.0570165394846415e-07,8.861087019343795e-06,3.668804956900869e-06,0.0008614860574893781,1
0.27218364267900325,0.7269256435048282,4.561616239623992e-06,9.645253268865955e-08,6.486615544384708e-06,3.3477766602056e-06,0.000876221355191314,1
0.2721839701370095,0.726926518052687,4.973008059251028e-06,9.645264872852785e-08,6.48662334828568e-06,3.34778068784025e-06,0.0008746079455590478,1
0.3346192697998711,0.6651615641864933,6.3682933047052065e-06,1.1913069423910641e-07,8.011764870489363e-06,4.134914310390751e-06,0.0002005319104557708,1
0.84262105204869,0.15717412459752989,8.863059992446798e-06,1.657999152147897e-07,7.706590140804338e-06,5.639669405068268e-06,0.00018244823432631983,1
0.9415654874459322,0.05825832953430527,4.9545613899402205e-06,1.1225868039436794e-07,5.172946180539277e-06,3.0983369242485412e-06,0.0001628449165875031,0
0.23957078913920057,0.7602404491039335,4.813746479845161e-06,1.1448755304067949e-07,5.901533088751118e-06,3.131823017115621e-06,0.0001748001667270537,1
0.7276868081285693,0.27189739951105957,1.6387187207437026e-05,3.9279008906485013e-07,1.495652881110922e-05,1.0448282677261526e-05,0.0003736075715861875,0
0.8200879403930559,0.1796602637943269,9.344977170922919e-06,2.00777753099228e-07,9.304953708366023e-06,6.65064462683485e-06,0.00022629445935803846,0
0.8115949988377351,0.18815636136135355,1.0033742223037107e-05,1.880763100894383e-07,9.157761655031993e-06,6.545440230413327e-06,0.00022271478049288944,0
0.8105324491032481,0.18920786357840447,1.0089815279066172e-05,1.8912736494404397e-07,9.208939338389699e-06,6.5820190888907064e-06,0.00023361741727629483,0
0.7565467405797504,0.2428953277065523,1.1982823381941142e-05,1.7421134405313208e-07,8.482652417429312e-06,6.108907114423788e-06,0.0005311831194393199,0
0.8132253152279183,0.18619667182536032,1.957136839737902e-05,5.267837031560071e-08,8.547535201291423e-06,6.782669985084182e-06,0.0005430586947674861,0
0.7339710128035407,0.26464063440210284,1.8035718152469515e-05,1.8014659280104428e-07,9.82038713562819e-06,6.223682232455726e-06,0.0013540928602431598,0
0.8067264836679864,0.19210410554249574,1.914773994282958e-05,2.0542496275933316e-07,1.5169758855441262e-05,7.059384035958119e-06,0.0011278284817209272,0
0.6686912766836961,0.3311980414956261,1.3808917041006922e-05,2.2501438697384913e-07,1.3361202928399006e-05,7.653844408018193e-06,7.563284191323826e-05,0
0.5325071906740476,0.46743466638410885,9.615079924882524e-06,2.0998388215120092e-07,1.6146634881959706e-05,7.142583120090471e-06,2.5028660034481777e-05,0
0.5745690957827648,0.4253905723069244,9.623686729138049e-06,2.1017184628510412e-07,1.6371685842007785e-05,7.148976703427657e-06,6.977389189782775e-06,0
0.54767675417541,0.45228436811931055,1.0403431926911421e-05,2.4439129287839266e-07,1.3941966171021304e-05,6.745193904203001e-06,7.542721984464908e-06,0
0.5587017292671042,0.44126672588121874,8.348573448114398e-06,2.2166741643793755e-07,1.2176115757670595e-05,5.8230960832321265e-06,4.975398971814521e-06,0
0.839543211328069,0.16041769966005273,9.520777337297587e-06,2.358127286923153e-07,1.6264714371796695e-05,6.659036218408089e-06,6.408671221907262e-06,0
0.8573082872460085,0.1426544394489504,8.86104021822233e-06,2.1947221312755342e-07,1.3560051890284062e-05,6.197601903235108e-06,8.435138816100307e-06,0
0.9322999675345763,0.06768502832133552,3.830120907767733e-06,9.486528573081431e-08,3.958109790460842e-06,2.6788688509489723e-06,4.442179253442754e-06,0
0.9425355918258874,0.057443323407769725,3.609893525077461e-06,8.941064497984184e-08,3.822116025972012e-06,2.892796986732036e-06,1.067054916009666e-05,0
0.9135761012625436,0.08639840500081086,5.295853145509027e-06,9.807571332977771e-08,4.423470898505133e-06,3.4477940393556746e-06,1.2228542848731504e-05,0
0.8563926115253586,0.14358840969005338,6.323552752801699e-06,1.1411917490102427e-07,4.978654630091492e-06,4.023751054568426e-06,3.538706975560141e-06,0
0.7715866473250624,0.22838195606957953,8.505332430738347e-06,1.728330668094242e-07,1.1954511370450602e-05,5.982946419272572e-06,4.780982070654918e-06,0
0.8078860132805448,0.1920862612839942,7.655637493962652e-06,2.0089527746830853e-07,1.0781828976181703e-05,4.775083919053877e-06,4.311989794196784e-06,0
0.8405054722642442,0.1594579976786071,9.099317083949284e-06,2.0212706007646947e-07,1.3944706402593103e-05,7.158930723649967e-06,6.124975878436739e-06,0
0.7296762015957334,0.2702946737485213,7.2546964957790466e-06,1.6115170632150894e-07,1.1117824748849434e-05,5.707666757321878e-06,4.883316037025121e-06,0
0.7086521939147473,0.29131189231173416,9.935743438330422e-06,2.2901167333696261e-07,1.3283852781118443e-05,6.942272595516462e-06,5.522893030281758e-06,0
0.4971188128557226,0.5025096114560366,1.1222644124981262e-05,1.604588380779075e-07,1.1692484948153421e-05,5.6219688166783405e-06,0.00034287813151279373,1
0.5454448330221271,0.45381557987519283,1.2207169933964175e-05,1.6612187664641373e-07,1.2746054958330597e-05,5.992868283128032e-06,0.0007084748876279338,1
0.6102428959829815,0.3889446981025534,1.2006130381219421e-05,1.6936280255672612e-07,1.253614052263873e-05,5.894171896839009e-06,0.0007818001088618665,1
0.7800341214526061,0.21921571170384677,1.195819546520675e-05,1.699133562542843e-07,1.4247605606552973e-05,7.5463883200286435e-06,0.0007162447407989721,1
0.820087727478005,0.17781782844422883,1.0633526242488814e-05,1.7054639823767462e-07,1.455779978454149e-05,7.574503712101736e-06,0.002061507701628677,0
0.8548744805865438,0.1433078870147685,1.0836060277113143e-05,1.9158708415469963e-07,1.4148692597068832e-05,7.36164298067104e-06,0.0017850944157487094,0
0.7687908594384459,0.23111550644528983,1.479144875617435e-05,1.7521624185622167e-07,1.2097007857660592e-05,7.861949339227851e-06,5.870849406956474e-05,0
0.722881685710471,0.2770608667377216,1.4859887926227413e-05,2.167130043763489e-07,1.3462604576131356e-05,8.962308890824894e-06,1.9946037409925044e-05,0
0.7340669499755836,0.2658811790727676,1.4602788788746797e-05,2.0855841864133263e-07,1.3813650121209428e-05,8.625070632123026e-06,1.4620883687965338e-05,0
0.6148028279871073,0.3850906984562232,1.5634418603027986e-05,1.8800750015671138e-07,1.3331251496969961e-05,8.711795164005697e-06,6.860808390553308e-05,1
0.48453874282659976,0.515402011997368,1.4490956525987044e-05,1.7425710418184392e-07,1.235623727269122e-05,9.113824388962694e-06,2.3109900740510243e-05,1
0.4394034994327644,0.5605555817671292,1.4647467864113775e-05,1.761391892260354e-07,1.2120010200284704e-05,9.464306764358716e-06,4.510876088500117e-06,1
0.4377442255150741,0.5622141934683845,1.4498557261819891e-05,1.7434850478838825e-07,1.307500387085311e-05,9.368089750356753e-06,4.465017153601386e-06,1
0.37552500454392085,0.6244291018588268,1.5302291600239994e-05,1.9473354441487535e-07,1.3949000450928528e-05,1.1460499256838298e-05,4.987072399900069e-06,1
0.33141385520601807,0.6685410725575395,1.4901970893668454e-05,1.9161235871511157e-07,1.4430109643247104e-05,9.103870263662995e-06,6.444673283127588e-06,1
0.12978722335946682,0.8701806522181766,1.0697208669601354e-05,1.361302878024057e-07,9.60534066291578e-06,7.314549415968184e-06,4.371193320511489e-06,1
0.3682821671416787,0.6316781478476744,1.4416254465698296e-05,1.8228558417945663e-07,1.0775414567608447e-05,9.584517488574641e-06,4.726538540987053e-06,1
0.15137737584910832,0.8485897507949041,1.14417448006131e-05,1.4213653767776213e-07,1.0019477660679371e-05,7.629919434390345e-06,3.6400775541780575e-06,1
0.14766406703190552,0.8522979464655737,1.1905786070396605e-05,1.5488852273308488e-07,1.3592268506744506e-05,8.366907044263442e-06,3.966652376735851e-06,1
0.16716616157612949,0.8327838806859883,1.2690298509959558e-05,1.6509465041849408e-07,2.3956085430943165e-05,8.918230797107664e-06,4.2280284937407455e-06,1
0.1983758328247272,0.7985667675082178,1.1241297688510122e-05,1.5501918892235812e-07,0.0030343160237144414,8.423710683335945e-06,3.263615779811271e-06,1
0.24144531868155417,0.6970265206622756,1.5391727396883343e-05,3.214614644942385e-07,0.06143686215224907,6.005264253498635e-05,1.553267252492925e-05,1
0.256992830455552,0.6145863928075347,1.8923734034295455e-05,3.1461691206451825e-07,0.1282874395284848,9.967000392833978e-05,1.4428853553981963e-05,1
0.313008823476676,0.5582615180057572,3.59408666397434e-05,4.0331213423441313e-07,0.12857752779354303,9.948347838900306e-05,1.6303066860914682e-05,1
0.8350098411215813,0.031171546372926833,6.51216776503447e-06,1.5805272489963951e-07,9.469731010857172e-06,4.50910522422527e-06,0.13379796344876682,0
0.8544144278263949,0.029126856510908426,6.933936170077093e-06,1.564516723535104e-07,9.90496803449809e-06,5.5008426809834406e-06,0.1164362194641385,0
0.8486933189576084,0.11761293963323681,1.1579130446825585e-05,2.1660903209283972e-07,1.3678212696451794e-05,7.367937007524288e-06,0.033660899519972004,0
0.6208541043457122,0.3187756764877881,9.68076703792349e-06,1.8109663654197366e-07,1.0381473237001636e-05,6.192806255436359e-06,0.06034378302333278,0
0.8024492025007525,0.19568561023515163,1.09575868717802e-05,2.482730852886934e-07,2.209322975392075e-05,6.852331282932655e-06,0.001825035843102268,1
0.8417171925705992,0.15554396096266365,1.0347123496140358e-05,2.562798539760621e-07,2.5412798558719594e-05,7.237000475498709e-06,0.0026955932643528925,1
0.43731421183625074,0.5617713247056795,7.936720385954404e-06,1.6230123026157688e-07,1.295375493300537e-05,5.6484147391796415e-06,0.0008877622667811973,1
0.25596959130244745,0.7429644838897302,4.758608162017628e-06,9.731071796292952e-08,7.766664435106332e-06,3.455723142315449e-06,0.001049846501364794,1
0.20662312706337166,0.7925292667711804,3.872763873873419e-06,7.91957270353881e-08,6.5443388420238425e-06,2.7488091724133547e-06,0.0008343610578325895,1
0.20189178951932873,0.7973918719153968,3.373871144537183e-06,7.521580675333148e-08,6.215458132609013e-06,2.6106698840158546e-06,0.0007040633503066374,1
0.2532210087184098,0.7458960736329331,5.130283620447571e-06,1.0483647886843563e-07,8.788558431713197e-06,3.6387755438914633e-06,0.0008652551945819512,1
0.2744647303895622,0.7246617990530437,4.4182662609899085e-06,9.342148672297301e-08,6.28277196113499e-06,3.2425719065607134e-06,0.0008594335257785518,1
0.2806682069024611,0.7184401996009744,4.518128312259235e-06,9.553300756524474e-08,6.424775737873375e-06,3.3158608083266502e-06,0.0008772391986985562,1
0.27673387821506923,0.7227923190486232,4.944725413818264e-06,9.590410023784823e-08,6.449732423109284e-06,3.32874108584228e-06,0.0004589836332842585,1
0.29581018356080346,0.7037315906217707,5.354372469112049e-06,1.0384930021664698e-07,6.984062173185204e-06,3.6045115016959202e-06,0.00044217902198181856,1
0.2808632069701554,0.7188701381190978,4.983104377268587e-06,9.664846916629846e-08,6.49979264369082e-06,3.3545774309934414e-06,0.0002517207878257255,1
0.32315844426357565,0.6766274991892812,5.834499377423704e-06,1.0914509243105523e-07,7.340214232029492e-06,3.712560634903525e-06,0.0001970601278062766,1
0.8685087153793198,0.13135393866361608,6.2504987060259005e-06,1.1692712859807124e-07,5.4981738694961454e-06,3.977265904646268e-06,0.00012150309145501754,1
0.8423756776303126,0.1574176982105963,8.940983946018703e-06,1.6725762676209205e-07,7.774346420558906e-06,5.689253334011087e-06,0.0001840523177639854,1
0.830527121800697,0.16923806864318122,1.0545299604913519e-05,1.9726931577798546e-07,9.165167159945348e-06,6.710098273033465e-06,0.00020819172176799125,1
0.9649633336203566,0.03492267253775754,3.2056976231876314e-06,7.263355050016782e-08,3.3469968319501198e-06,2.0046842762034816e-06,0.00010536382960410656,0
0.3611173582003223,0.6386772695457423,6.6940352295468e-06,1.5920732772440642e-07,8.738074198661058e-06,4.268040112345253e-06,0.00018551289706707777,1
0.7133975509191012,0.28633973259925666,1.3657131510205068e-05,3.248138585413065e-07,1.2464816464462465e-05,8.70763046597767e-06,0.0002275620893426921,1
0.8100933919571455,0.189660993205075,9.27069895612114e-06,1.8958030178635824e-07,9.230993618616296e-06,6.597782217315071e-06,0.00022032578268572418,0
0.8109350945902867,0.18881009432291004,1.0068603590314297e-05,1.887297649197919e-07,9.189579503786373e-06,6.568181794905541e-06,0.00022879599214926003,0
0.7851773909340006,0.2145899839780534,6.365767506881788e-06,1.3017617450080353e-07,6.338503656708849e-06,4.530397098994952e-06,0.00021526024350856698,0
0.7044712048017472,0.2952695497377732,6.982733160723097e-06,1.308870267957156e-07,6.373116287537482e-06,4.542965552235009e-06,0.00024121575845223697,0
0.7100662386879164,0.2895714956331876,1.4031859731671208e-05,1.7734216985471962e-07,8.33902359482939e-06,6.218692869865215e-06,0.00033349876052981187,0
0.8481038658760097,0.1515993453060428,1.05143740383325e-05,1.7072439502907077e-07,7.935486202277977e-06,5.89816530786488e-06,0.00027227006800380026,0
0.741815522520778,0.2576933985050094,1.3007044587109759e-05,2.111984803046475e-07,9.931022677208407e-06,7.405900608258106e-06,0.000460523807859597,0
0.7343628428430767,0.2642496539840069,1.800907215897027e-05,1.7988044399010649e-07,9.801429053976573e-06,6.214487356215952e-06,0.0013532983039034167,0
0.7114512217070591,0.2884457293726803,1.337092646334968e-05,2.1349796451853057e-07,1.2677365510249535e-05,7.336810980452236e-06,6.945031934193055e-05,0
0.6673327498900385,0.3325666671768234,1.1789374848746608e-05,2.163114504599978e-07,1.2844428412785229e-05,7.3578147946867576e-06,6.837500363156218e-05,0
0.5802455972452728,0.41971081869735394,1.0155592899893178e-05,2.2178815353870258e-07,1.8299538836818544e-05,7.544104363976352e-06,7.363033119210432e-06,0
0.6104882447234907,0.389472549612639,1.1005329889803189e-05,2.493548295198149e-07,1.33728786441274e-05,6.882187398131072e-06,7.69591310884994e-06,0
0.925377749340681,0.07460596114659834,4.15823807618642e-06,1.0299216466878664e-07,4.29719145602978e-06,2.908361047959193e-06,4.822729975821218e-06,0
0.9399479368600672,0.060032949393114904,3.7726326133177074e-06,9.344140287946118e-08,3.994422403679309e-06,2.63866030270601e-06,8.61459009547292e-06,0
0.9427050264195134,0.057272863986682,3.7853528097086803e-06,9.375645953021468e-08,4.0078904093536325e-06,3.0334017127023008e-06,1.1189192413490855e-05,0
0.9459835233642646,0.05393456850436549,3.5950371276517952e-06,8.277938167611306e-08,3.8063862338619734e-06,2.8808917763960227e-06,7.15430368502615e-05,0
0.9040622236764213,0.09591259921770576,5.511031740869258e-06,1.1620104864934807e-07,4.710704499235079e-06,3.5878831728901015e-06,1.1251285411331905e-05,0
0.7578999451278817,0.24207027299998807,8.284645237215834e-06,1.6834858077990522e-07,1.0736111370524114e-05,5.935836637758249e-06,4.65693030383142e-06,0
0.7715780352895608,0.22839007049186044,8.60730298934132e-06,1.8376349747347461e-07,1.2097834187306641e-05,6.167016567819663e-06,4.838301336701897e-06,0
0.6540448374926838,0.3459204635657194,8.923858727698696e-06,1.806584770781776e-07,1.1523288056902781e-05,6.350942545121404e-06,7.72019379000167e-06,0
0.48234510686358356,0.5170187888595089,1.030876860588839e-05,1.4541920556960712e-07,1.076384878019772e-05,5.060885754071934e-06,0.0006098253545616763,1
0.40103817960076776,0.5973058583061143,1.0804375306245427e-05,1.404424177401501e-07,1.03954697108886e-05,6.364780441370628e-06,0.0016282570252416637,1
0.786751649141754,0.21246930478210466,1.1723341274361656e-05,1.6657632568700678e-07,1.3967788313388397e-05,7.398180262394876e-06,0.0007457901899654971,1
0.8542704497975196,0.14422387707375905,1.0927203394389471e-05,1.6681311579663607e-07,1.4239127687813633e-05,7.408696858364711e-06,0.0014729312876649886,0
0.8584852174006952,0.1402596673075909,1.0142438519231588e-05,1.544536740411049e-07,1.2951277525984739e-05,6.859775049260824e-06,0.0012250073469454968,0
0.6250553812134546,0.37291697427027304,2.3478707897211032e-05,2.0046756229847699e-07,1.4331767917152373e-05,8.994975592744488e-06,0.0019806385973030224,0
0.7037012825487037,0.2944841553432829,2.1405215941252875e-05,1.8373113790049742e-07,1.2684880096350028e-05,8.412249470109377e-06,0.0017718760313677078,0
0.7264240375254171,0.2734688800937691,1.596775891201923e-05,1.980866933387153e-07,1.351866100332023e-05,8.888146049166296e-06,6.850972815581092e-05,0
0.7565446165646805,0.24334140216206795,1.4763319596070383e-05,2.0026474193085275e-07,1.3826367527833567e-05,8.98718157897959e-06,7.620413980652719e-05,0
0.43940339116468696,0.5605554436474391,1.4957913412740746e-05,1.7613914582571793e-07,1.2120007213940253e-05,9.400253124309209e-06,4.510874977029948e-06,1
0.4361614235131548,0.5637977150203585,1.4847552244862656e-05,1.7483957139270793e-07,1.2030584437252562e-05,9.33089699925872e-06,4.47759323398997e-06,1
0.1574633124221621,0.8425090862718565,9.451400991996249e-06,1.202764176072055e-07,8.486693031232352e-06,6.4626896362734604e-06,3.080245904269226e-06,1
0.252282721601956,0.74768420365901,1.1519340631335132e-05,1.4986105433920872e-07,9.6294071879874e-06,7.938229863586238e-06,3.8379002968422425e-06,1
0.15209601329132144,0.8478718479139928,1.149606246976177e-05,1.4281130586758442e-07,9.176421594729105e-06,7.666141133675758e-06,3.6573581815394386e-06,1
0.1816512424574748,0.8182625206145482,1.295304816091713e-05,1.6851289639106734e-07,5.936094580703389e-05,9.438852281704987e-06,4.315568830959542e-06,1
0.18012215260384862,0.8177256202837999,1.270351110110883e-05,1.607533033465383e-07,0.0021262417831689213,9.004216986234882e-06,4.116847791792388e-06,1
0.20263350935209787,0.7945801100771644,1.222680362580953e-05,1.550548232526935e-07,0.0027616399212292086,8.685030069459005e-06,3.6737609898389774e-06,1
0.2167015678833663,0.7756935523819798,1.0246305681032405e-05,1.4784855564190726e-07,0.007583338867878302,8.034059953057184e-06,3.1126525855899395e-06,1
0.2434369517918907,0.7528771420402663,1.3704439244158205e-05,2.0895085437250278e-07,0.0036533700065478018,1.1929404001750293e-05,6.693367194987485e-06,1
0.23635001718171417,0.7546058084517511,1.4082236590239641e-05,2.3095669437999798e-07,0.009010725018513422,1.2258268035651988e-05,6.877886701226513e-06,1
0.24407892536485248,0.6624170209901902,2.0633008885521453e-05,3.5045482865490164e-07,0.09338946795238817,7.746628603197952e-05,1.6135942823058053e-05,1
0.4110547359747229,0.5365047902977459,3.198631793354143e-05,3.066952201952635e-07,0.05230006961405085,8.894928118106331e-05,1.916181914557545e-05,1
0.31962116444108,0.5330871233054787,3.168115236499792e-05,3.047414964826276e-07,0.14715567003160654,8.838265246166325e-05,1.5673675511607555e-05,1
0.8931502856836527,0.02657818059201038,7.217212272220996e-06,1.6023809378424097e-07,8.908838591890492e-06,5.549321007160348e-06,0.08024969811437173,0
0.698784075057335,0.23928582341549234,1.0266377052027362e-05,1.9205155400502802e-07,1.1009470446822268e-05,6.56742216597133e-06,0.06190206620595397,0
0.6609080955582869,0.2581887193407192,1.0663018919131867e-05,1.994714730840602e-07,1.1429633191613378e-05,6.821154770645144e-06,0.08087407182263923,0
0.627825651413278,0.30494330055905666,1.018161456181387e-05,1.9046591499290715e-07,1.0918572740038723e-05,6.478681198975752e-06,0.06720327869324949,0
0.7874635369027473,0.21078592668109028,1.0413325675243535e-05,2.3594140970644717e-07,2.0995863353641885e-05,6.511977328475832e-06,0.0017123793083955528,1
0.22607833104560113,0.7730315430994739,4.0169634949863315e-06,8.214452386478082e-08,6.788012665729108e-06,2.851159135923333e-06,0.0008763875751046542,1
0.20879561119659923,0.790579470089672,4.159515456018746e-06,8.499899546875281e-08,7.125560171202722e-06,2.9502351596068524e-06,0.0006105984039463014,1
0.2778108036925285,0.7215742505092939,4.096872884833398e-06,8.371890511192308e-08,7.018248775204862e-06,2.9058044277215385e-06,0.0006008411531848994,1
0.24989180603803451,0.7493992973874009,4.1174133110349014e-06,8.706013858106817e-08,5.854959247562004e-06,3.021775497764958e-06,0.0006958153663695645,1
0.8928450500810652,0.10704543426379351,5.712074035976878e-06,1.203185278594514e-07,5.759363877069551e-06,4.092624049612742e-06,9.383127465081186e-05,1
0.9686932024432633,0.0311976662021529,3.218088593086492e-06,7.291430066555615e-08,3.3599339651021345e-06,2.012432974129163e-06,0.00010046798475064173,0
0.637252146276179,0.3624369152867786,1.346985834594678e-05,3.522319197810867e-07,1.3412168491675854e-05,9.58624503775542e-06,0.0002741179332471301,0
0.7301996192465957,0.26953650689008324,7.995744748528386e-06,1.6350824351079201e-07,7.961499893275775e-06,5.690421268743613e-06,0.000242062689166925,0
0.7450181821064815,0.25471467892458693,7.279960271075564e-06,1.48870874970214e-07,7.248781038425144e-06,5.167168001885619e-06,0.0002472941887451693,0
0.7491578580438197,0.2505092961001331,9.089449563569994e-06,1.732561509118931e-07,8.436142407115795e-06,6.013557986415543e-06,0.00030913344993920347,0
0.8310116339166514,0.1686844771957306,1.013032539031754e-05,1.6448850567844942e-07,7.734615692672002e-06,5.76796538733754e-06,0.0002800914926416902,0
0.624845226699779,0.37453342720443933,2.143698202863844e-05,2.2998490934459526e-07,2.2350182084254556e-05,7.945490235286877e-06,0.0005693834565241433,0
0.6765777787285855,0.3229789676839567,1.7654682438446794e-05,2.1942028360532472e-07,2.1333180291111786e-05,7.540330184036784e-06,0.0003965059742606261,0
0.7507588470331706,0.24871616271833713,1.9383523812467143e-05,2.4090709685833825e-07,2.0051751694817243e-05,8.278719834566467e-06,0.0004770353460534283,0
0.6732023168826775,0.3267383155768028,1.174785047564044e-05,2.1554956125965633e-07,1.3490287133991513e-05,7.33189920113744e-06,2.658195414763904e-05,0
0.9036382770135024,0.09631348282837632,5.508447423712104e-06,1.1614655787923024e-07,4.708495483749035e-06,3.5862006879258436e-06,3.432086796807721e-05,0
0.8983015725671403,0.10167629583658735,4.863307909963622e-06,8.776659382319152e-08,4.157044910980251e-06,3.094580071738466e-06,9.92889678576919e-06,0
0.7785338817356506,0.221435591013787,8.235492012729854e-06,1.8659683329881307e-07,1.1575242203541669e-05,5.9006190149858e-06,4.629300497836649e-06,0
0.8265784046077616,0.17339185071811286,7.3462396628967175e-06,2.1041037868431054e-07,1.2582275860575733e-05,5.091649722633557e-06,4.514098500933892e-06,0
0.8052992070674692,0.1946662852597997,8.75934142483171e-06,2.1695331481447038e-07,1.342369359397417e-05,6.211554562422886e-06,5.8961298351414775e-06,0
0.6087806891048351,0.3911836298073331,9.063417209451236e-06,2.0890518703210752e-07,1.211757335034778e-05,6.45026369377918e-06,7.84092839114723e-06,1
0.46342115648588256,0.5365067722777961,6.827084181958759e-06,1.573593342286833e-07,8.680246106533015e-06,4.957859945360052e-06,5.1448686753352265e-05,1
0.4980918342436392,0.5018385438918088,7.803652663656238e-06,1.7986852878566932e-07,9.921896939463759e-06,5.6670484701044315e-06,4.604939794993723e-05,1
0.44409551454264606,0.5558290703288304,1.1177046589504102e-05,1.9450190044576958e-07,1.1670456860378706e-05,5.5991267912416295e-06,4.677399638182535e-05,1
0.46219840065126433,0.5371414805561135,1.0661737297402075e-05,1.503983091534769e-07,1.1132399260361505e-05,5.220183805267722e-06,0.0006329540739498974,1
0.4272132056231545,0.572096335191893,1.0697583981518522e-05,1.5090397539993248e-07,1.1169828394902421e-05,5.3589406282626175e-06,0.0006630819279725031,1
0.44031382842242817,0.5590045102915289,1.1391974546105037e-05,1.480804213793291e-07,1.0586521868923813e-05,6.7109309631005455e-06,0.0006528237782433843,1
0.8454190215893457,0.15342005724565633,1.18445260790751e-05,1.8552785769129956e-07,1.3459235403215944e-05,7.128820073221977e-06,0.001128303055584796,0
0.6944160297462554,0.30336965602999505,1.5860497433647706e-05,2.3835912248131288e-07,1.5017532073372041e-05,8.879460329053627e-06,0.0021743183747908366,0
0.6597193942330517,0.3379094508739917,2.3899924943884145e-05,2.0514441048985258e-07,1.4666123770508597e-05,9.392670062130448e-06,0.00232299102976954,0
0.7352845054769928,0.2639867258679235,1.971656879107376e-05,1.6923667714540164e-07,1.1684176030394622e-05,7.593646387805815e-06,0.0006896050271973565,0
0.7020459536227243,0.2974266249763184,1.5426531402674076e-05,1.9137254088558475e-07,1.3060445716828077e-05,8.58688216013893e-06,0.000490156169136871,0
0.47941328589787713,0.520486957651427,1.464808875847402e-05,1.7614665562433874e-07,1.2490221743924355e-05,8.16219343028753e-06,6.427980010733772e-05,1
0.3845356731872738,0.6154180883192627,1.560760209676413e-05,1.9861885758811787e-07,1.4673514534820893e-05,1.0672183775003831e-05,5.086574199394689e-06,1
0.20916843006066368,0.7907906351741746,1.3442305075960145e-05,1.798723830122563e-07,1.2903015674140657e-05,8.359760059541227e-06,6.049811969044764e-06,1
0.2539697655414892,0.7459916591440883,1.310536007585234e-05,1.674526446602334e-07,1.2016524069116574e-05,8.997561556467914e-06,4.2884160763600404e-06,1
0.16956541583198306,0.8303996934389796,1.2566658790599951e-05,1.5548000307827172e-07,1.0007506712200555e-05,8.179283506188241e-06,3.981800025351954e-06,1
0.1799325576058978,0.8200335484717959,1.2502885983639943e-05,1.5469097901167825e-07,9.879197782392594e-06,7.3955542250325585e-06,3.961593336477735e-06,1
0.2624190164189379,0.7342714290521305,1.1593919391972224e-05,2.2362749970600448e-07,0.003284279677746441,9.834219939851038e-06,3.6230843535473366e-06,1
0.2752623622808823,0.7228358449259409,1.1837200505679588e-05,2.3821512603227156e-07,0.0018758630948588176,9.964694533491488e-06,3.889588152857228e-06,1
0.22197493299161217,0.7733945217744957,1.5074798701387868e-05,2.3909359894267407e-07,0.00459533214304954,1.2690142753020825e-05,7.209055788969331e-06,1
0.3140249395379676,0.6122910745911575,3.141752218975391e-05,3.2579365026520036e-07,0.07355178902136784,8.501969246932175e-05,1.543384119785564e-05,1
0.3225360199446703,0.5621513489755642,3.6908155599605594e-05,3.043921696243139e-07,0.11516020207556754,9.862883844893652e-05,1.6587617979690704e-05,1
0.004486267951631125,0.05977388901342201,3.248957199819172e-06,4.291006310467401e-08,0.93572605026001,8.812343105798436e-06,1.6885645682942207e-06,1
0.8507902976813728,0.01113230945781043,6.60452464488609e-06,1.4663507176045857e-07,8.1904990111111e-06,4.963368391873897e-06,0.13805748783369684,0
0.8573440219296116,0.021741004345460672,6.4484674370224766e-06,1.45497952374157e-07,9.377100569913097e-06,5.11570975481171e-06,0.12089388694921405,0
0.8453839527187811,0.11021796705042805,1.0810254666505547e-05,2.166198390960998e-07,1.367889512639377e-05,7.6163561470607355e-06,0.04436575810501172,0
0.8403876900630491,0.11424846297935855,1.1683319104318813e-05,2.1855807346155902e-07,1.3155835387973932e-05,7.434233476748287e-06,0.04533135501154972,0
0.7848456954815866,0.14578579724074595,1.098861931237606e-05,2.055624301169355e-07,1.2373578563072166e-05,7.029442000795007e-06,0.06933791007536091,0
0.7235682204724563,0.20772439945075968,1.1389871043820643e-05,2.1306858522702105e-07,1.2214284358988867e-05,7.286123545011536e-06,0.06867627672925104,0
0.2915531899625008,0.7078239858126515,5.256641036237883e-06,1.0749519521120245e-07,8.882865372739852e-06,3.817396907096933e-06,0.0006047598263365931,1
0.2720875441436201,0.7269382873233616,4.866108001827986e-06,9.950902600525646e-08,8.222928286612805e-06,3.5337900206083553e-06,0.0009574461976834588,1
0.18339760076811232,0.8160828934204857,3.875374205471331e-06,8.194237252733531e-08,6.8693200760152805e-06,2.8441426531989816e-06,0.0005058350320948674,1
0.2493285622138538,0.7500199574918524,4.685080166296055e-06,9.086822023224392e-08,6.111059952688506e-06,3.1539504289626148e-06,0.0006374393355257868,1
0.8250783256126093,0.17470457857933014,9.995455840688353e-06,1.8698347211139578e-07,8.691228706602529e-06,6.360226213348561e-06,0.00019186191382790003,1
0.46362297336892766,0.5361664986076322,6.355190255729713e-06,1.6489716576700365e-07,9.050360245448069e-06,4.510785019771849e-06,0.00019044679075327616,1
0.49174352912598257,0.5080442176961266,6.7406575259004075e-06,1.748988270531917e-07,9.599300169745216e-06,4.784381862341697e-06,0.00019095393950585853,0
0.7572079849487712,0.24259567817661462,8.313166671339785e-06,2.1738629916529698e-07,8.277562334495082e-06,5.916324485709602e-06,0.00017361243482367266,0
0.8103992456092486,0.18938953272054626,7.988042411230547e-06,1.7162387640480605e-07,7.95383054420282e-06,5.684939660043344e-06,0.0001894232337132729,0
0.7326720990644306,0.267046810820578,8.022818602031205e-06,1.6406188777665342e-07,7.988457792577515e-06,5.709689221466546e-06,0.0002592050874875336,0
0.7390658964818999,0.26064017679967955,8.092831199650241e-06,1.654936039232229e-07,8.05817053429235e-06,5.877051253496385e-06,0.0002717331718291993,0
0.8234460713914702,0.17625931571446754,9.561609335049843e-06,1.5843881415029336e-07,7.364436836228635e-06,5.41799614895908e-06,0.0002721104129279256,0
0.835714260157782,0.1639767462214458,8.452860419141727e-06,1.607993297291968e-07,7.474156591296215e-06,5.498716674321792e-06,0.0002874070877574935,0
0.8195986357810615,0.17983099292612675,1.1616085974988386e-05,2.165319197918063e-07,1.4562181807198259e-05,7.59292336848385e-06,0.0005363835697412371,0
0.7396728440004173,0.2592717195267014,1.1700332301234487e-05,1.8408174510501922e-07,1.8522192835723982e-05,6.359633388097645e-06,0.0010186702326108864,0
0.6229664631901393,0.37655308601196413,1.899507122066854e-05,2.3607923443958088e-07,2.3764931840997785e-05,8.112811395645601e-06,0.0004293419042050375,0
0.636069343364865,0.36388978802297317,1.1102861421276922e-05,2.191289154841012e-07,1.6735627307431174e-05,6.0479528855123715e-06,6.7630416320777785e-06,0
0.8052895418269572,0.19467265396935743,9.20771005543221e-06,2.2805860868871526e-07,1.3163218642365693e-05,6.440070235391847e-06,8.765146143480079e-06,0
0.9267022737126568,0.07327615203934204,4.675099186189077e-06,8.730416053712918e-08,3.856987176353958e-06,3.0782750430342545e-06,9.876582435085037e-06,0
0.8495245309805147,0.15044164061941112,8.586916550845017e-06,2.1268265722121427e-07,1.3159452418283106e-05,6.089282069464568e-06,5.7800663784812085e-06,0
0.5194959739775673,0.4804381586869165,8.308467539557902e-06,1.915041452016119e-07,1.056374011061507e-05,6.033647355711946e-06,4.0769976365083416e-05,1
0.42848014664654516,0.5713037909487526,7.537249445707249e-06,1.737281280090666e-07,9.583180522068402e-06,5.473585227469364e-06,0.00019329466137891767,1
0.4186829254423485,0.5807723175985331,1.0537459646982362e-05,1.4864520382295576e-07,1.1002635378076674e-05,5.27872655343957e-06,0.0005177894923360805,1
0.43819133446049535,0.5598688167987715,1.097693544715648e-05,1.5484460786156066e-07,1.107010509655514e-05,5.374510650030557e-06,0.0019122723449315564,1
0.44432183989546414,0.5539133077300912,1.1413999634895299e-05,1.4836671805386778e-07,1.0606989706452717e-05,6.72390578583469e-06,0.001735959112599447,1
0.7993067259260221,0.19975812769142234,1.177835329201214e-05,1.6735798848726043e-07,1.4033332444472834e-05,7.432896373924139e-06,0.000901734442456704,0
0.6976104793134773,0.30029414977865193,2.1120175479241792e-05,1.8128450019421532e-07,1.2960338091466869e-05,8.300228573796377e-06,0.002052808881225875,0
0.7350725148594903,0.2639106155886883,1.9710884287236246e-05,1.6918788434829401e-07,1.1680807353816725e-05,7.591457055955551e-06,0.000977717215240029,0
0.7521560427880752,0.24773199502441662,1.4257407839793944e-05,2.1811244470065913e-07,1.6258224028259037e-05,1.0661527595460257e-05,7.056691559985971e-05,0
0.7944970090862102,0.20544763943084285,1.396347447836227e-05,2.0397910430326983e-07,1.3783086654587231e-05,9.970677520997065e-06,1.7430265188557282e-05,0
0.5801477110595996,0.41975608130545433,1.5457749130136685e-05,1.8588300887912306e-07,1.3180607892320991e-05,8.613351576262449e-06,5.8770043338555e-05,1
0.4805725734816516,0.5193687725514586,1.4602485300419964e-05,1.7559826349253387e-07,1.2451336308918006e-05,8.13678231680613e-06,2.328776470016214e-05,1
0.45992391538731126,0.5400348746608815,1.472291923321758e-05,1.7704650939244445e-07,1.2554028649942011e-05,9.221845106823332e-06,4.534112307885768e-06,1
0.4158050031657315,0.5841518591954805,1.5064292717150137e-05,1.8115160450109895e-07,1.3585192100946932e-05,9.667759703285939e-06,4.639242662169884e-06,1
0.32906175168911833,0.6708925841245084,1.4858805285372177e-05,1.9882666702564032e-07,1.4262687568297656e-05,9.656548155835464e-06,6.687318696695284e-06,1
0.15433015650438855,0.8456308184294239,1.3313544898605964e-05,1.7011270885888525e-07,1.1969537665947248e-05,7.850314970415581e-06,5.7215559437547796e-06,1
0.2342124993039369,0.7657489906292896,1.2920607490104844e-05,1.728915127337389e-07,1.2441164495703088e-05,8.33761716263441e-06,4.637786112326096e-06,1
0.29974682676488723,0.7002171812301894,1.3624500833041054e-05,1.722742963100217e-07,8.58934001114197e-06,9.193992536609663e-06,4.411897246164882e-06,1
0.2541720832051954,0.7457959220870161,1.188737820113851e-05,1.546490452505237e-07,7.8003085059139e-06,8.19185261171364e-06,3.9605194244123735e-06,1
0.20148968696996566,0.7984750957046259,1.235286005595652e-05,1.607047392152496e-07,1.0245774538559206e-05,8.342381996918766e-06,4.115604077775356e-06,1
0.18931650321867083,0.8106506535174582,1.2359826878278732e-05,1.5292099141890823e-07,9.766159144890431e-06,6.648092414458613e-06,3.916264442071833e-06,1
0.19190493559867086,0.8080594370080135,1.2977051214329223e-05,1.6055755124504903e-07,1.1140242570643952e-05,7.23770734501429e-06,4.111834634426547e-06,1
0.17615058219449048,0.8237947924822546,1.23044262548964e-05,1.720179605378067e-07,2.8108366302208278e-05,9.635180179613737e-06,4.40533255768986e-06,1
0.25221597699431386,0.7434098065472183,1.2616595647567115e-05,1.9012926677716647e-07,0.004347717132410839,9.504679433428473e-06,4.187921709472791e-06,1
0.27165616477203186,0.7240997845359785,1.617567126252991e-05,2.5655397024411347e-07,0.004204878190471186,1.4427078614706182e-05,8.313197670975247e-06,1
0.32213795759731584,0.6693726170196421,3.0048050844118227e-05,2.947723443193059e-07,0.008386451860916593,6.699040229727331e-05,5.640296639561913e-06,1
0.40273451619009876,0.5630433312931588,2.9315455190763954e-05,2.8645580087184206e-07,0.03411806666011554,6.624074567604334e-05,8.243199959282021e-06,1
0.37544720202432974,0.5711238463976354,2.8949454002999458e-05,3.0930294817680743e-07,0.05331204805926472,7.21455096779903e-05,1.5499252141145726e-05,1
0.2624967423577777,0.6368385948144958,4.1077817614719574e-05,2.9878960477054575e-07,0.1004994089136002,0.00010782877243872678,1.604853446824087e-05,1
0.24238904355094945,0.6624352018596701,4.722530190459743e-05,3.427651472401163e-07,0.0949860770825632,0.00012369889872863691,1.841054103679089e-05,1
0.048408787619634866,0.22678711172360902,9.020768964633535e-06,8.509891234183732e-08,0.7247430239576971,4.588530233201357e-05,6.085528850002914e-06,1
0.004776089831202886,0.07010216855430437,3.2817929857977483e-06,5.0368887005428025e-08,0.9251073934450249,9.043470972213985e-06,1.9725366227296035e-06,4
0.9687805149165034,0.002045259188340982,1.2201878221978712e-05,1.5932043645227575e-07,1.2046558290144742e-05,7.529078808116434e-06,0.029142289059398807,0
0.916617995855269,0.013159090960330029,6.2674709034598564e-06,1.9349662932972526e-07,1.0011010049599248e-05,4.773693777388629e-06,0.0702016675130414,0
0.8932079701921318,0.012856706979887077,6.718216215364e-06,1.8846811738036117e-07,9.755333199226732e-06,4.651775710820065e-06,0.09391400903473843,0
0.8670400303923793,0.012610826822984594,6.366995193353816e-06,1.4104671596332314e-07,9.2453350112484e-06,5.05107604831437e-06,0.12032833833166728,0
0.9195354227646991,0.044751822361655334,1.256924541784794e-05,2.3513096226010702e-07,1.4655932423946357e-05,7.997958818764822e-06,0.035677296606022785,0
0.5749104995780026,0.38557021366418964,1.1636656150828687e-05,2.1768515668801492e-07,1.3122129690541728e-05,7.4045412901476485e-06,0.03948690574551949,0
0.5559930561890483,0.436236990975511,1.1302792743268427e-05,2.560946364912558e-07,1.4609615246471659e-05,7.068205911163323e-06,0.007736716126903152,1
0.4034436050363385,0.5947865134505622,6.382818433766437e-06,1.4697087805688385e-07,1.194109015947526e-05,5.114887129991192e-06,0.001746295746497933,1
0.4281864499544852,0.5692144666611467,7.690439491925311e-06,1.572649318729401e-07,1.2551792637397711e-05,5.473141255402376e-06,0.0025732107460514184,1
0.21263058572504145,0.7868790517974074,3.7013019733908806e-06,7.563548038017436e-08,6.340606304281331e-06,2.6252363607447046e-06,0.00047761969743239226,1
0.34234017812967354,0.6574434751939764,6.195210700743324e-06,1.1589286429250881e-07,7.794014672788814e-06,3.942085496059943e-06,0.00019829947261606443,1
0.8399463698766212,0.15985954293669596,9.741851739848958e-06,2.0520134238127135e-07,9.709502543115028e-06,6.979905454157697e-06,0.00016745072560335068,1
0.9072449628325707,0.09266314070489427,4.835165358867584e-06,1.0955344781419382e-07,4.875195337477366e-06,3.4643308029482976e-06,7.861221758748207e-05,1
0.6964822686566982,0.3032133096520785,7.578067818546734e-06,1.7170115097904705e-07,1.1315990427813735e-05,4.73894770672046e-06,0.0002806169841194492,1
0.9695994213658653,0.03031814217637163,3.534125646149712e-06,7.444245160984588e-08,3.6899011484479038e-06,2.5321533864383605e-06,7.260583513029403e-05,0
0.5130190119286602,0.48675073457616813,6.811147868672342e-06,1.7672782937559377e-07,9.699684732636305e-06,4.834414476538817e-06,0.00020873152026447961,1
0.8359480094803484,0.16390843929818727,5.4951799000635155e-06,1.1806448031181537e-07,5.4716446764935815e-06,3.990624927559614e-06,0.0001284757074796659,0
0.8017910362736453,0.19804157355697313,6.4079953812912484e-06,1.310397095171203e-07,6.380550673988391e-06,4.653515730025902e-06,0.00014981706788676907,0
0.6930925354121543,0.3066186837125353,7.757900440617377e-06,1.454170594060664e-07,7.080608769829153e-06,5.164087862021933e-06,0.00026863286117852523,0
0.7148291342073935,0.28493251417314724,7.44819384663144e-06,1.444594531502368e-07,6.792805057606077e-06,5.0140517010943e-06,0.00021895210940068587,0
0.6615912789071633,0.33812183906656373,1.0407452658657562e-05,1.6958799687136257e-07,7.97440512016217e-06,5.886239810929511e-06,0.0002624443406864003,0
0.8260079346332845,0.17373224424297837,1.0204226557532115e-05,1.662764557544139e-07,7.72874034890067e-06,5.686013252317133e-06,0.0002360358671227825,0
0.8790397175005741,0.1207526256817874,6.338547510157368e-06,1.2057861369411603e-07,5.6698748270125115e-06,4.185170232368306e-06,0.0001913426464555152,0
0.8085957747471751,0.19039228749549947,1.056529719008412e-05,1.759078012691096e-07,1.1115791330473757e-05,6.077240986278392e-06,0.000984003520017267,0
0.6700045470514168,0.3283377427567688,1.1299581983556483e-05,1.8813333749409085e-07,1.194417250985019e-05,6.499607301414266e-06,0.00162777869668207,0
0.7143719225559944,0.2855428691691588,1.2447823096219845e-05,2.238018708933708e-07,1.748898982587847e-05,7.690902475436574e-06,4.735675757864785e-05,0
0.6660237346173008,0.33393262101236193,1.1856957455617666e-05,2.3401194787602888e-07,1.7872295568511487e-05,6.458724227583217e-06,7.22238113757299e-06,0
0.908742425313085,0.09123917890260279,4.251350545768014e-06,1.0529839500580937e-07,4.2494824340718845e-06,3.406830135821087e-06,6.382822801339984e-06,0
0.9232700223263803,0.0767125676547623,4.025156262016999e-06,9.268331165668408e-08,4.023387543721277e-06,3.225568794480858e-06,6.04322294564332e-06,0
0.9386122233072262,0.061361083862015865,4.4305388722277415e-06,9.242614836562997e-08,3.941362273625792e-06,3.2166189860214523e-06,1.5011884477572477e-05,0
0.6651426156413429,0.33375096808721766,1.0280325019435288e-05,2.1676241471367167e-07,1.0252795936810323e-05,6.6928674853277395e-06,0.001078973520582954,0
0.8328630806887838,0.16711038304096232,6.852184123883356e-06,1.9625968148068947e-07,1.0528092149685682e-05,4.749221778050133e-06,4.210512520843651e-06,0
0.6061374443668879,0.3938301411201953,7.380316114863756e-06,1.6823590510824787e-07,1.0730915191082813e-05,5.9142343312604035e-06,8.220811374576732e-06,1
0.48312557748792895,0.516802241807691,8.288183823976875e-06,1.9103662028256235e-07,1.0537950529220495e-05,5.898544662758918e-06,4.7264988743871107e-05,1
0.3465496743737704,0.652969046818196,9.723693776072365e-06,1.3716592914025537e-07,1.013078039818616e-05,4.871071610505993e-06,0.0004564160963196366,1
0.2693416242697929,0.7301056762675929,9.864977212085068e-06,1.2755617491421608e-07,9.441637178384023e-06,4.529807556904636e-06,0.0005287354844919059,1
0.42030659752364613,0.5779252949346102,1.0005111193369313e-05,1.4113570466062134e-07,1.0090032226800582e-05,4.898687518239239e-06,0.0017429725751007727,1
0.45079085313310857,0.547464840294302,1.1281121792946795e-05,1.46639483960421e-07,1.0483506795391947e-05,6.64562839676283e-06,0.0017157496761204198,1
0.5311656323671544,0.4667023694357455,1.2461817388316925e-05,1.6198694638456277e-07,1.15807230585025e-05,7.341167751849866e-06,0.0021004525019551177,0
0.7047602533952687,0.2941572697325599,1.5592346455877837e-05,2.0267963417003142e-07,1.4323216050136697e-05,9.001642117641577e-06,0.0010433569879135308,0
0.8217021112589603,0.17747126381168216,1.1793972304124655e-05,1.6757991819037787e-07,1.4051941734243233e-05,7.442752972348141e-06,0.0007931686824288051,0
0.7944151737116444,0.20470829530990783,1.1562754582971334e-05,1.6429455802538173e-07,1.3776457117034602e-05,7.2968397603278276e-06,0.0008437306324293864,0
0.8101529373877883,0.1886299987377925,1.2077331656134435e-05,1.6005540987911455e-07,1.3420995296803259e-05,7.181683105448169e-06,0.0011842238089510523,0
0.6873130094280436,0.31052026461588955,2.183939475138724e-05,1.8745790090336587e-07,1.3401685036622005e-05,8.582881734484085e-06,0.002122714536643374,0
0.6812051854005943,0.3170206398824827,2.1522165619267187e-05,1.847349725489139e-07,1.3207018244730077e-05,8.515843124444053e-06,0.001730744954961997,0
0.7691975753786661,0.2306823852376257,1.363908095446631e-05,1.9397642124607698e-07,1.3476159478791554e-05,8.703718220898634e-06,8.40264486325079e-05,0
0.7612265013836496,0.2386824463581964,1.4471862502784453e-05,2.2139321153765467e-07,1.503994189160302e-05,9.784648822089147e-06,5.1534411726094595e-05,0
0.7875477216715344,0.21233876968876275,1.4429022382430904e-05,2.2073783550530866e-07,1.5507902271805463e-05,1.0789859000626309e-05,7.25611182126106e-05,0
0.7542537496490408,0.245670676600781,1.5643221388502832e-05,2.554507333430919e-07,1.4078758234681008e-05,9.307021133028405e-06,3.628929868874928e-05,0
0.7359780921896248,0.26390677581949346,1.564875789570192e-05,2.083813465455085e-07,1.4058770097539393e-05,9.655868013728027e-06,7.55602135281427e-05,0
0.6794013923951495,0.32048560210311094,1.6786276178104788e-05,1.9440961874508363e-07,1.3116145854689157e-05,9.008453253236622e-06,7.390021683474618e-05,0
0.5367341899552452,0.46316652997344104,1.6293181568352934e-05,1.9672433881405437e-07,1.4063885675771672e-05,9.115711565197994e-06,5.9610568165623226e-05,1
0.4485087379107655,0.5514502035780157,1.4201810869017537e-05,1.7078006077343227e-07,1.3198042330864277e-05,9.11424767236934e-06,4.373630285914834e-06,1
0.3573790468883793,0.64257617933381,1.537762912064355e-05,1.9569227286933655e-07,1.3745060266956063e-05,1.0443770979015154e-05,5.011625171373564e-06,1
0.34502465534308585,0.6549324239955645,1.4277756397006601e-05,1.8169553829686856e-07,1.2864038856713299e-05,9.76286038168428e-06,5.834310175872382e-06,1
0.26185835469465474,0.7381060779327742,1.1767657209802993e-05,1.5746380794347763e-07,1.1079530699651747e-05,7.266596934992968e-06,5.2961239187168945e-06,1
0.30125620237619305,0.6987045428067528,1.3604401859477853e-05,1.720201558780466e-07,1.1830023297496584e-05,9.242982961579298e-06,4.405388779748323e-06,1
0.19719409361906984,0.802769235983107,1.3563720706389559e-05,1.5972162115921113e-07,1.165650400122776e-05,7.2000247989411155e-06,4.090426695327741e-06,1
0.16814929672153844,0.8318139783536956,1.2620922570518352e-05,1.5970820809647023e-07,1.2654790639972986e-05,7.1994201570418945e-06,4.090083190487862e-06,1
0.20715043312342923,0.7927968915472782,1.3193289672167127e-05,1.6804024200891488e-07,2.7757554458054477e-05,7.575016462412607e-06,3.981428457787292e-06,1
0.3457251543288615,0.6541067630200884,1.371206760178696e-05,1.9517752461413443e-07,0.00013861859707662959,1.093240851588205e-05,4.624400331308547e-06,1
0.4083042005695453,0.590262075802017,1.354684355074214e-05,2.190645942149677e-07,0.0014037251660026634,1.1407282592414195e-05,4.8252716977283835e-06,1
0.30621020623319206,0.6911436648129717,1.5062822198401675e-05,2.902672832997399e-07,0.002614794833113284,1.094362743206391e-05,5.037403809094992e-06,1
0.2970728978797179,0.7004820840964554,1.4785734428018138e-05,2.2275147633815576e-07,0.0024143639349510243,1.073912140022512e-05,4.9064815711250065e-06,1
0.27868778015493567,0.6195540951161792,4.201235277312632e-05,2.76548612798762e-07,0.10159021770613835,0.000109407559415718,1.6210561945094507e-05,1
0.24077214374536737,0.6880830597126584,4.725329631394219e-05,3.148764180978588e-07,0.07096668151600587,0.00011363426669234116,1.6912586543833665e-05,1
0.9687805149165034,0.002045259188340982,1.2201878221978712e-05,1.5932043645227575e-07,1.2046558290144742e-05,7.529078808116434e-06,0.029142289059398807,0
0.8970948657003782,0.03723212625600025,1.1426425326541635e-05,2.651428893332976e-07,1.473397662189248e-05,8.13197216129621e-06,0.06563845052662255,0
0.9110512237057278,0.04801239838841669,1.2487708481807285e-05,2.3360566319929338e-07,1.473032150783411e-05,8.129954831790958e-06,0.040900796315371045,0
0.7361663417994729,0.17114457204335223,1.3824609468365463e-05,2.586148666133303e-07,1.4888125019237176e-05,8.796761741678552e-06,0.09265131804607898,0
0.6024773154421148,0.3181814564921797,1.1164278131869417e-05,2.0884845293564015e-07,1.1612288829117936e-05,7.103961596066632e-06,0.07931113868869556,0
0.5703459695493516,0.39329086372449,1.1324465627810794e-05,2.1611051855005165e-07,1.3021298896609635e-05,7.350980113598065e-06,0.03633125387100187,0
0.35291786576540796,0.6447926902522041,1.0064972879339812e-05,2.285061372832187e-07,1.8071417990297008e-05,6.452707844634136e-06,0.0022546263775364574,1
0.3459659372748167,0.652010871418992,7.294602983901218e-06,1.6796564350769023e-07,1.4129386639013022e-05,5.845547904569611e-06,0.0019957538030203623,1
0.4466469992859966,0.5509938732263937,6.944028946852351e-06,1.598933201941451e-07,1.3212784389985105e-05,5.564614544359303e-06,0.0023332461664083053,1
0.3997713724495189,0.5992519811359683,6.243696706736758e-06,1.2767989895131902e-07,1.0550828350618223e-05,4.443521604680846e-06,0.0009552806879516911,1
0.26109203077692056,0.7382457791706563,4.239115880979773e-06,8.668740855756765e-08,7.163413938787119e-06,3.0088383893402283e-06,0.0006476919968055913,1
0.20066146400825718,0.7988675775233861,3.5547689828313795e-06,8.187644027775042e-08,6.0895843637841105e-06,2.521304355836431e-06,0.00045871093421392495,1
0.21355149976326743,0.7859477443360876,3.783119251857683e-06,8.71359964555612e-08,6.480765403802327e-06,2.6832672093251164e-06,0.00048772161278358395,1
0.17367340980085916,0.8258069051647633,4.000858759274011e-06,8.746307361521772e-08,6.505091863898057e-06,2.693339228388718e-06,0.0005063982814522246,1
0.2340787986658545,0.7653530174005236,4.49139087920718e-06,9.470174635134135e-08,6.5696838106929e-06,2.9162470274839135e-06,0.0005541119101581389,1
0.2623220323313728,0.7371587161094366,5.147195096728604e-06,1.0852949065909501e-07,6.47553667590288e-06,3.342058797466369e-06,0.0005041782391298255,1
0.2984150804767076,0.701014264319325,5.781012404416728e-06,1.2189363720524604e-07,7.2729238245588625e-06,3.753594530878114e-06,0.0005537257795704688,1
0.3186238654954246,0.6810728267024254,6.027902115798161e-06,1.2709934907776238e-07,7.583528600734854e-06,3.835625073979463e-06,0.00028573364701020755,1
0.35832225024726183,0.6414561304964463,6.444355607064281e-06,1.1629926615558451e-07,8.107456644227033e-06,4.100619332771456e-06,0.00020285052544173927,1
0.8765545421793786,0.12330601544470059,5.9581535845346245e-06,1.1145827287577914e-07,5.241016099619575e-06,3.7912432624887764e-06,0.00012434050470166595,1
0.8381453920896137,0.16166918273325773,7.070156556808587e-06,1.4892503551130452e-07,7.002786680725405e-06,5.065671869215102e-06,0.00016613763698659575,1
0.7874658545912481,0.21224811757625262,1.3037691285850895e-05,2.746245605920797e-07,1.2994397787692115e-05,9.34133006187034e-06,0.00025037978880343686,1
0.7090880203710291,0.2906750509556876,7.2807804941048606e-06,1.649653210814545e-07,1.1256469120443752e-05,4.553038960832376e-06,0.00021367341938664057,1
0.9703171148725368,0.029607255713693013,2.99608241027629e-06,6.78841639571352e-08,3.128142299798337e-06,1.8736013199268482e-06,6.756370357630009e-05,0
0.8281452709687821,0.17172087683318127,5.556341357294594e-06,1.1362388923743716e-07,5.5325441862368685e-06,3.943778289977476e-06,0.0001187059103139961,0
0.7762837761960661,0.22349220464401728,6.332296606487241e-06,1.2949171441555076e-07,6.3051761083315596e-06,4.598542931461999e-06,0.00020665365255591978,0
0.7497299701135407,0.25002959579982414,7.079836577924141e-06,1.447784639964765e-07,7.049514452037397e-06,5.14140989826118e-06,0.00022101854724305178,0
0.7069636630439049,0.2928412810753876,7.01688506655661e-06,1.315271832088375e-07,6.404286613297928e-06,4.670827020631925e-06,0.00017683235482402618,0
0.7505609085937509,0.24923905999332338,7.674909702003623e-06,1.488566599310952e-07,7.248088883522141e-06,5.166674611252329e-06,0.00017979288306887428,0
0.7437094940179673,0.25606970387813,7.749114035717087e-06,1.5029587025380595e-07,7.067246381831444e-06,5.216628247441962e-06,0.00020061881936748836,0
0.8177471035144284,0.18202545214536567,8.436195325843423e-06,1.6362197178730747e-07,7.6053565706681886e-06,5.595240142278494e-06,0.00020564392619552575,0
0.8526070018173603,0.14722464781070502,7.177282106558156e-06,1.1695281596302481e-07,5.499381746577002e-06,4.0593222045310786e-06,0.00015149743306102078,0
0.7496578591747656,0.2498340132071379,1.0738393522227184e-05,2.125841036776795e-07,1.4804282523522219e-05,7.378594224374777e-06,0.0004749937637227244,0
0.7433848975954626,0.25584587653073126,1.1665291975814898e-05,2.2629171648011238e-07,1.5043467524879159e-05,7.817898264468424e-06,0.0007344729243247181,0
0.6926488681909674,0.30684084079183604,1.0883621724582643e-05,1.9836595195182826e-07,1.4263348039574513e-05,6.8531224015445455e-06,0.00047809255907883027,0
0.8801452174801425,0.11979153276615374,1.3820588404064994e-05,2.6728394671927255e-07,1.8688304157051817e-05,9.047144566948553e-06,2.1426432629217455e-05,0
0.739900419086653,0.2600533346232751,1.2791052484903662e-05,2.4737318635817555e-07,1.867539100359873e-05,6.8977203371421105e-06,7.634753059878395e-06,0
0.7247635798140655,0.2751880481136415,1.3316428469355901e-05,2.5753372095557487e-07,1.966873410333283e-05,7.181035304137931e-06,7.94834069542421e-06,0
0.6838775465577696,0.3160796812446786,1.1774829610879938e-05,2.2771989428592395e-07,1.739174984203925e-05,6.349710609756865e-06,7.02818759498581e-06,0
0.9175306099245419,0.08245177282848082,4.8297414829978845e-06,1.196241102627734e-07,4.998422475268031e-06,3.3780249575671444e-06,4.291433951080037e-06,0
0.9222261231328778,0.07772415596195906,4.469366475080149e-06,9.323613692129159e-08,4.047385718189995e-06,3.2448082442851897e-06,3.78661085888421e-05,0
0.9307587600049344,0.0691759052103428,4.601540531242868e-06,9.409877795882822e-08,4.012688833186648e-06,3.2748299165990108e-06,5.335162666382568e-05,0
0.7778029664852317,0.22216867056653977,7.865104466016065e-06,1.7820472470308142e-07,1.091178684785325e-05,4.986752398574101e-06,4.421099791461817e-06,0
0.8288362818078815,0.17113731031153093,6.819054587946944e-06,1.9522098985169585e-07,1.0477190013825212e-05,4.726259827419312e-06,4.1901551685968255e-06,0
0.5362959077678014,0.46367352658671024,7.531931299280085e-06,1.5247969286670923e-07,1.0070013095461678e-05,5.360333953635457e-06,7.450887447029022e-06,1
0.503255742749303,0.4967076317250153,6.894995613903156e-06,1.3958528984800355e-07,9.218445225568124e-06,4.907038796663651e-06,1.5465460755694525e-05,1
0.5502981816028403,0.44965973941678217,7.922414861422584e-06,1.562914334114459e-07,1.0592080335335912e-05,5.638233766222572e-06,1.7769959981207752e-05,1
0.48922887348364474,0.510702763740282,7.618707807268998e-06,1.7560568410784589e-07,1.0186031223761697e-05,5.5327406644374465e-06,4.484969069388044e-05,1
0.24566032358463302,0.7538100725818996,9.454502386424397e-06,1.2224865138585832e-07,9.048777236447134e-06,4.243135669358181e-06,0.0005067351695239665,1
0.513070035735249,0.4846539636669402,1.1697977313415993e-05,1.8478620570281137e-07,1.1636881618991942e-05,6.888258404419759e-06,0.00224559269426825,1
0.5911718395736063,0.4063874209239199,1.3929050380096083e-05,1.8105901144273096e-07,1.2944217516062301e-05,8.20550424371641e-06,0.0024054796713223582,0
0.7933982870751017,0.20578954885357148,1.1354774819739212e-05,1.6133938475475226e-07,1.3528659391257564e-05,7.165591190205038e-06,0.0007799537065409401,0
0.7802765042583096,0.21883008535684884,1.1551568989013813e-05,1.6413562252239967e-07,1.3763130028374319e-05,7.2897809331127005e-06,0.0008606417692683967,0
0.7800410257331242,0.21900873886311356,1.2333040390405459e-05,1.667968892906651e-07,1.3986283052738853e-05,7.407976188031115e-06,0.0009163413072416485,0
0.7906711279817211,0.20812789772460433,1.3050709721080715e-05,1.729551487939752e-07,1.4502666547010255e-05,7.918863810568428e-06,0.0011653290984470148,0
0.7733560952283434,0.22653437347927868,1.534555270866275e-05,1.9036796649189722e-07,1.4053229716112977e-05,8.54180692677593e-06,7.140033505996278e-05,0
0.7649241339929994,0.2349838967943774,1.4386472439230268e-05,2.2008689865636327e-07,1.6405400934140664e-05,9.72691528678139e-06,5.123033706454554e-05,0
0.8214675409003684,0.17837615070657256,1.3109636283020922e-05,1.9476081669691028e-07,1.154110112515732e-05,9.520079537773439e-06,0.00012194281529622857,0
0.7535970908742713,0.24629161736794988,1.5053944280006946e-05,2.0046071392992153e-07,1.4060358070772547e-05,9.288845799939641e-06,7.268814891375545e-05,0
0.7239104843403003,0.2759015841686154,1.7516013874857202e-05,2.0714582401725935e-07,1.3975413657709539e-05,9.598617004179743e-06,0.00014663430072357953,0
0.34795250199978506,0.6520046859379839,1.4213930681178758e-05,1.8088330649573248e-07,1.2955578042510734e-05,9.653441085176553e-06,5.808229115726629e-06,1
0.3684470315729092,0.6315100463223197,1.39865680976409e-05,1.871552028963435e-07,1.3425443506266044e-05,9.028176269380108e-06,6.294761694874247e-06,1
0.2626935524896403,0.7372709203818141,1.17543422567499e-05,1.572856396663985e-07,1.1066994352910336e-05,7.258374873853681e-06,5.290131422497483e-06,1
0.294083787489391,0.7058762680618289,1.3215836501268392e-05,1.768419918719715e-07,1.2443026137386332e-05,8.16085609066555e-06,5.9478880589682916e-06,1
0.18124470666150325,0.818709645545847,1.5635372855362682e-05,1.9977967180798929e-07,1.3873890247681658e-05,9.219377898919713e-06,6.719371976038445e-06,1
0.17310980152675226,0.8268498900456861,1.4267904203144119e-05,1.8157016147872754e-07,1.2609313399167184e-05,8.379050374300001e-06,4.870589423413155e-06,1
0.22915282666871928,0.770807321579453,1.4069372164306372e-05,1.7977022866874176e-07,1.248431534489595e-05,8.295987565067476e-06,4.822306524748672e-06,1
0.3015417968974935,0.6984228107896129,1.3405877486515027e-05,1.6950992470909117e-07,8.549873071658493e-06,8.925949959318423e-06,4.341102451382648e-06,1
0.24164195520246462,0.7582915681575149,1.3506233124313789e-05,1.7401424821436208e-07,4.0829104034455806e-05,7.844316213542555e-06,4.1229724000538315e-06,1
0.35051241646065007,0.6483021320258413,1.4697609228289438e-05,2.250347532108683e-07,0.00115432246863357,1.124962625115883e-05,4.956774642497217e-06,1
0.3147738709232319,0.6834227273654205,1.4885318928528395e-05,2.407089399552279e-07,0.0017709404695891084,1.2033188523870034e-05,5.302025366163909e-06,1
0.30505978380901894,0.69256948328655,1.5778095752497145e-05,2.3873722102707415e-07,0.0023379476628432637,1.1509813723838209e-05,5.258594890445138e-06,1
0.3066833170864862,0.6908337998551499,1.5859758349853944e-05,2.3997285185734914e-07,0.0024499281303941955,1.1569384999011438e-05,5.285811769081014e-06,1
0.3307101981378547,0.6670623212806643,1.3846890589218621e-05,2.2385007159311733e-07,0.0021976870747903877,1.0792086022532868e-05,4.930680007253042e-06,1
0.40997920373992264,0.5860931908936199,1.41731457310765e-05,2.2479294671245554e-07,0.0038970731779162018,1.145406728934597e-05,4.6801825742014085e-06,1
0.3150284878404831,0.660898546968036,2.5423850726599626e-05,1.8421304226719176e-07,0.023986199077039864,4.6194090042415336e-05,1.4963960629874154e-05,1
0.9645254056796515,0.0022671949882924897,1.2846261164991504e-05,1.7660866511015112e-07,1.335375816291707e-05,7.478563723567888e-06,0.033173544140339656,0
0.8999859562998704,0.008099455318988391,8.877908756518817e-06,1.971092330774993e-07,1.122983652975045e-05,5.496167089300288e-06,0.09188878735953253,0
0.575336805139608,0.3645458762192267,1.1389075668309425e-05,2.1305370625830862e-07,1.205423132134026e-05,7.247002914716832e-06,0.060086415277554706,0
0.5713253520913978,0.38502451673358234,1.1086443413209674e-05,2.1156821996268567e-07,1.2747611951704906e-05,7.196474230174262e-06,0.0436188890772048,0
0.464834142654097,0.529008758488468,1.2312775837618457e-05,2.8924447499804647e-07,1.650073796853389e-05,7.983140670040272e-06,0.006120012958483925,1
0.8115354765603614,0.1866232166004299,1.0292130361751337e-05,2.336633174846067e-07,2.167611083427589e-05,6.449102037024199e-06,0.0018026558326582206,1
0.41092943849730573,0.5863297036948316,1.1377280380732506e-05,2.582995924336618e-07,2.037944433614227e-05,7.29403518950864e-06,0.0027015487483638273,1
0.2144951725991288,0.7848948296446625,3.482564710430988e-06,8.027058838528878e-08,5.884965943338056e-06,2.471853728066626e-06,0.0005980781012382221,1
0.2623828738586179,0.7371929940925553,5.0829825559086485e-06,1.0717555823218054e-07,6.3947527430387835e-06,3.3003657815767257e-06,0.00040924677218776896,1
0.6941205412603135,0.3056535185298632,7.421609815473028e-06,1.6815618148934534e-07,1.0702374554150265e-05,4.641106632634323e-06,0.0002030069626394768,1
0.8053410928197445,0.19440429408852264,8.041720762065547e-06,1.8220643358712355e-07,1.1553586829425632e-05,5.028893258279807e-06,0.00022980668444963132,1
0.8613746575193312,0.13833754610288576,8.153384009849076e-06,2.0194482691100726e-07,1.536086658083714e-05,5.57367244725554e-06,0.0002585065099184005,0
0.9703319327031578,0.02960770784969432,2.9961281638150056e-06,6.788520062445554e-08,3.12819007003968e-06,2.146685442401537e-06,5.202055827120352e-05,0
0.9703346578321966,0.029607791001471272,2.9961365782921433e-06,6.311030636078118e-08,3.128198855406122e-06,2.1466914712609812e-06,4.921702912084099e-05,0
0.9646882581050622,0.03524254932586355,3.516224781473058e-06,7.406538967546954e-08,3.606372249713266e-06,2.5193276581962003e-06,5.947657899530982e-05,0
0.9692823655186035,0.03063822004911934,4.01982609666976e-06,7.519827537825911e-08,3.6615344189604538e-06,2.557862664858807e-06,6.910001082128331e-05,0
0.9695148324523662,0.030401952407218966,4.077703244071062e-06,7.628097437163019e-08,3.714252910304316e-06,2.5946905750534704e-06,7.275221271073365e-05,0
0.969570501536664,0.03034781422568623,4.041219503161141e-06,7.559847857957437e-08,3.681021006768791e-06,2.5714755412426342e-06,7.131492311988139e-05,0
0.9391947318610552,0.060702705979889984,4.353502644875733e-06,9.353543226081226e-08,4.3348570936976425e-06,3.0900277920613956e-06,9.06902360919193e-05,0
0.862564071276004,0.1373256643033611,4.577188642393835e-06,9.360079625767279e-08,4.557585069812116e-06,3.2487955718029515e-06,9.77872505548864e-05,0
0.722721226244593,0.27703832772358067,6.824788093283462e-06,1.395628735736629e-07,6.795558310726027e-06,4.9561925151994095e-06,0.00022172993003349923,0
0.773944975184038,0.22582047595326046,6.915886545503797e-06,1.2963402821822084e-07,6.312105614149991e-06,4.499475150520541e-06,0.0002166917613634102,0
0.6979707081941497,0.3017888091290403,8.940714034400994e-06,1.7340722956161373e-07,8.153993942968608e-06,6.018801784201784e-06,0.00021719575981861772,0
0.5626151567289897,0.4365388253469429,1.3054114776011128e-05,1.9623662265001096e-07,1.2244308853402184e-05,6.77955859588654e-06,0.0008137437052197452,0
0.690124092195467,0.3084267819467553,1.2345654177966927e-05,1.9423461719146587e-07,1.1910143333001361e-05,6.710393558636089e-06,0.0014179654320907794,0
0.7333848553628719,0.2657682385749615,9.792063417929086e-06,1.7847110370281292e-07,1.204046157695157e-05,6.165797642082971e-06,0.0008187292684258356,0
0.7102186980590621,0.2896890897147554,1.3057936071022169e-05,2.3936283796249377e-07,2.555192667355773e-05,8.225651714459358e-06,4.513734888539245e-05,0
0.7140775912695179,0.28588035419208235,9.941858177213838e-06,2.461966332256064e-07,1.747302158743685e-05,6.795021255094332e-06,7.5984407466433395e-06,0
0.9361759458555008,0.0638083756315442,4.181394697914132e-06,1.0356571302134734e-07,4.327431873858274e-06,3.3507708464071002e-06,3.71534982413936e-06,0
0.49203163267581884,0.5054334732669592,8.8099767714948e-06,1.8015880603781367e-07,9.816790473012807e-06,6.269894897142389e-06,0.00250981723627418,0
0.7873216364341814,0.2126229613761278,8.626715289543206e-06,1.9546103041700785e-07,1.2284350044209806e-05,5.394719817346669e-06,2.890094350956157e-05,0
0.6985340435407598,0.3014290905721302,1.0316906365843353e-05,2.3375677547025064e-07,1.3421146395897243e-05,6.54128089309331e-06,6.352796679761469e-06,0
0.7069650555155342,0.2930033237563915,8.026526606527667e-06,1.9880279455668962e-07,1.2300654645617806e-05,5.691890011484909e-06,5.402854016301105e-06,0
0.5677099264286681,0.4322477195173837,7.973120998774107e-06,1.6304560123039267e-07,1.0659873235571063e-05,5.67432037122507e-06,1.788369374134265e-05,0
0.4663588943623104,0.5334060536706212,7.954367611272075e-06,1.626621055652892e-07,1.063480040229286e-05,5.660973937783432e-06,0.00021063916301124205,1
0.4647066991943001,0.5332460295181762,1.1713047388708581e-05,1.7598337528117275e-07,1.0884893732026518e-05,6.947088299881239e-06,0.002017550274727826,1
0.7427579819584601,0.2560328383720125,2.0419899727358662e-05,1.7527370071941765e-07,1.2100974843324764e-05,7.864527517293713e-06,0.0011686189937387913,0
0.78884853197641,0.20963444857249114,2.099138407882846e-05,1.8017902241652397e-07,1.2296530791160218e-05,8.084629205737133e-06,0.0014754667280006321,0
0.7225292794367978,0.2772771046869749,1.7603340798177846e-05,2.0817855941124714e-07,1.404508874963287e-05,9.646471367455363e-06,0.00015211279675256771,0
0.48946152889300043,0.5103955970431069,1.5984359523157957e-05,1.929956126351116e-07,1.3020747743744177e-05,8.942931762974472e-06,0.00010473302925009543,1
0.32042360982173446,0.6795324316458259,1.5851562717644892e-05,1.8981777385310542e-07,1.2925712335990325e-05,1.013025874144749e-05,4.861180870700482e-06,1
0.37271915757127383,0.6272382398319272,1.4258048714126318e-05,1.8333268560801487e-07,1.3151237985329475e-05,8.843781930683058e-06,6.166195483343957e-06,1
0.32951715341156707,0.6704335023806547,1.7420614942765023e-05,2.2259045359223838e-07,1.545800679004266e-05,1.027204364581767e-05,5.970951946011843e-06,1
0.3051760615936144,0.694786240043329,1.4313307060484163e-05,1.8098387103726229e-07,9.03898706200305e-06,9.530138008702104e-06,4.634947054391814e-06,1
0.3243156925554902,0.6756490684091916,1.3440259060237548e-05,1.7485127472316544e-07,9.368178647387235e-06,7.777853382815275e-06,4.477892953057309e-06,1
0.27634799013026046,0.7236168191958383,1.2180896821700638e-05,1.7070922821367632e-07,1.1225554400121453e-05,7.5688478931077615e-06,4.044665558032095e-06,1
0.2483327356412659,0.7194395244284296,2.0123403315587413e-05,1.6475101313929733e-07,0.03216206998734934,3.814946950915e-05,7.232319117537671e-06,1
0.24895421853510377,0.7115145043612932,4.166001429374766e-05,2.4173285271574284e-07,0.03939752681952251,8.178295013049705e-05,1.0065586803675417e-05,1
0.003565122971257747,0.06309349038019847,2.2235573705392626e-06,3.5634769746444175e-08,0.9333275937870225,9.882425184805635e-06,1.6512441963669313e-06,1
0.9632642010041816,0.0021616253167603375,1.2225062754194437e-05,1.6806851317875532e-07,1.3176550848020933e-05,7.116927614784321e-06,0.034541487069327644,0
0.9002271331649747,0.006365373109592646,9.361685511261319e-06,2.0785014827760174e-07,1.1393583920557139e-05,5.929781913280183e-06,0.09338060082393936,0
0.8676124680540211,0.026547146110032786,1.0532181162855772e-05,2.7186866786142975e-07,1.5239928303815546e-05,8.41121686881434e-06,0.10580593064094254,0
0.8492392628283574,0.0982654983583084,1.1947640920948849e-05,2.2350270148213283e-07,1.2866762863940172e-05,7.602424560145089e-06,0.05246259848228777,0
0.6853594601604641,0.24668309283461812,7.596850824571118e-06,2.550354066416035e-07,1.4312429138368993e-05,8.675006728335737e-06,0.06792660768281988,0
0.5970048048295659,0.37351255778392795,1.1291683324872639e-05,2.1548491724398817e-07,1.2825348433887132e-05,7.32970034068017e-06,0.029450975169489493,0
0.5922814114051362,0.39201337644886675,1.02840728982858e-05,2.432700213201658e-07,1.3697119146539854e-05,7.165732888391416e-06,0.01567382195104242,0
0.5881045218641124,0.40249308034407943,1.131106457771422e-05,2.5628205675840816e-07,1.461367316391723e-05,7.073378706104709e-06,0.009369143393303688,1
0.22941768566666693,0.7700122243470056,3.64946178906466e-06,8.411744488779244e-08,6.166994765619502e-06,2.5903138861186547e-06,0.0005575990984418844,1
0.26812399807043474,0.7313623932854867,5.009846749712683e-06,1.095206358023474e-07,7.597705171117825e-06,3.372580136186897e-06,0.0004975189913858616,1
0.2521657261366656,0.7475441865244137,4.833504206829637e-06,1.0566559823724392e-07,6.304659246174678e-06,3.188793813631923e-06,0.0002756547160557622,1
0.3849684065777589,0.6147605297629762,6.540866751244473e-06,1.4299037896434908e-07,8.531685145315831e-06,4.315187189180047e-06,0.0002515329298004663,1
0.39725284028757496,0.6025188239858535,6.4106186913585035e-06,1.1994766632087018e-07,8.361793985627567e-06,4.229259011644774e-06,0.00020921410721670792,1
0.9695487996835949,0.030347134951920943,4.041129048726174e-06,7.559678646221748e-08,3.68093861464062e-06,2.5714179840208765e-06,9.369628205016211e-05,0
0.8689496106711082,0.1309393086236175,4.611073450917789e-06,9.429372051897701e-08,4.591324753597892e-06,3.272846320960285e-06,9.851116702851535e-05,0
0.8197987133243532,0.180073363919166,5.310204186397873e-06,1.0859052990171726e-07,5.287461192537485e-06,3.7690751231778724e-06,0.00011344742544876216,0
0.7475504276504705,0.2522881900139932,6.188850300287863e-06,1.2655832242988385e-07,6.162344166165404e-06,4.392720296450602e-06,0.00014451186245093256,0
0.8081556042211843,0.19161313318836082,7.719166272731608e-06,1.4469101131668912e-07,7.0452562294191115e-06,5.022088867185432e-06,0.00021133138807411238,0
0.7126760851697165,0.28707238274323355,9.257835616833623e-06,1.7955787645986472e-07,8.443211051623567e-06,6.2322849510730614e-06,0.00022741919755395697,0
0.7931001092365041,0.20670760929686252,6.895160133903784e-06,1.3373323557865564e-07,6.288434430552378e-06,4.641754781174762e-06,0.00017432238405208,0
0.6933666377591319,0.3051555898209034,1.224669195126268e-05,1.926776409516309e-07,1.1814672142280333e-05,6.656603335853918e-06,0.0014468617748942302,0
0.867946770988121,0.13200764236037313,1.1364531816134469e-05,2.5231777122267574e-07,1.764187977137041e-05,8.540562877348446e-06,7.78735926987163e-06,0
0.9194301048493422,0.08055169313339829,5.165826187843627e-06,1.2794833091342896e-07,5.346245096459764e-06,3.6130898207326167e-06,3.9489078235554305e-06,0
0.925620800970385,0.07436286239080771,4.5060682509559095e-06,1.1160729972846214e-07,4.66344480340369e-06,3.6109487905448516e-06,3.4445696627478486e-06,0
0.939457093886637,0.06052645910138446,3.910931950433536e-06,9.005318085427015e-08,3.903601259448519e-06,3.1340348636142652e-06,5.408390724197594e-06,0
0.9367039540838294,0.06322716695794436,4.5469702394768185e-06,9.29828478190896e-08,3.793243676955738e-06,3.2359932655210456e-06,5.72097681966692e-05,0
0.8856994184819602,0.11366452851615291,5.4726789029545715e-06,1.1191304160695761e-07,4.622596527770002e-06,3.894802723924973e-06,0.0006219510106904535,0
0.5471463419462208,0.4459840667449975,8.488105258356051e-06,1.7357672426748652e-07,9.458135134222558e-06,6.164101093642809e-06,0.0068453073905711745,1
0.5789821152805223,0.41060594435919856,9.93776181674928e-06,2.0322134212505413e-07,1.1464985359915623e-05,7.216848356431683e-06,0.010383117543403982,1
0.6662735118803105,0.33369429335852924,8.112531542698646e-06,1.8679927941973731e-07,1.2432457238385303e-05,6.50099695142218e-06,4.9619761483453095e-06,0
0.6555927070235088,0.3443598915865876,8.09529268059661e-06,1.8640233710873024e-07,1.2186929726398867e-05,6.487182547203044e-06,2.0445582612268876e-05,0
0.4668705755132922,0.5326294036503498,7.86687706033473e-06,1.6087297562711937e-07,1.0517827615545268e-05,5.598708556943256e-06,0.00047587655014943916,1
0.251743097352114,0.7476340441733385,9.74470275287653e-06,1.2600100153401583e-07,9.32652410906216e-06,4.373376212522247e-06,0.0005992878704715205,1
0.30415425084631714,0.69528676379053,8.388836648049989e-06,1.2900798990631136e-07,9.223001215741512e-06,4.5813647827844756e-06,0.000536663152516316,1
0.3329867828326012,0.6664494126073096,8.461159571941012e-06,1.301202102804555e-07,9.302515747131029e-06,4.620862237604908e-06,0.0005412899023223909,1
0.40853561986926024,0.5896957457053831,8.28524331704389e-06,1.2741487658661135e-07,9.10910682753286e-06,4.52478973450135e-06,0.0017465878706012304,1
0.4745748344487177,0.5232627120499879,1.135121320927025e-05,1.79226132109557e-07,1.1291928579543669e-05,6.7296130071822325e-06,0.002132901520366346,1
0.5970560288884669,0.4004447738629471,1.2614610230462491e-05,1.6397304882510908e-07,1.1722712909185768e-05,7.481811370804186e-06,0.002467214141026745,1
0.5955893416130515,0.4021796578858794,1.2234539853985573e-05,1.5903264264049864e-07,1.1353192485180118e-05,7.207280177207864e-06,0.002200046455910108,0
0.8047526510375204,0.19439286526486158,1.1651839797623443e-05,1.6556036504937748e-07,1.3722887887590696e-05,7.503113306423861e-06,0.0008214402962613023,0
0.7692529733572602,0.22984304504415862,1.257265309240559e-05,1.750533294035503e-07,1.4678603568534357e-05,8.014930372408646e-06,0.0008685403582185474,0
0.7940568669359116,0.20497193707293224,1.2718797764675872e-05,1.6855646986896845e-07,1.4133827722947697e-05,7.717467439333254e-06,0.0009364573417591538,0
0.7931811316003557,0.20558322599506612,1.2973094918216737e-05,1.9912079109873448e-07,1.4445343326993715e-05,7.887563720269668e-06,0.0012001372818216342,0
0.8034511436549895,0.1964439059772204,1.3535067916722063e-05,2.0706195583925814e-07,1.399139823634896e-05,9.151267594117196e-06,6.806557208732541e-05,0
0.488862980308948,0.5109937409218283,1.6009187548334615e-05,1.932953869190012e-07,1.3040972479826481e-05,9.1396058923254e-06,0.00010489570791628044,1
0.4412296507837936,0.5587265539070772,1.4232249074197743e-05,1.90442676470581e-07,1.4331824169894472e-05,1.0163608754329498e-05,4.877184454498034e-06,1
0.3171130819084212,0.682842336728208,1.5928773407759796e-05,1.9074234902442017e-07,1.3397386848033454e-05,1.0179601779884894e-05,4.884858986005944e-06,1
0.3292841084572155,0.6706742113996979,1.4380960383364217e-05,1.7657125684082984e-07,1.2666211768955672e-05,8.51761749710964e-06,5.9387821806538365e-06,1
0.3290345193455932,0.6709247636644773,1.4048642248702547e-05,1.7249101260511875e-07,1.23735183913174e-05,8.320790673104517e-06,5.801547603558425e-06,1
0.2242803885993929,0.7756844007519165,1.2047017711707492e-05,1.5392976342642708e-07,1.0620228690238287e-05,7.212212350016291e-06,5.17726017509855e-06,1
0.3210712042818205,0.678887310196581,1.3725708762060448e-05,1.8366462668514273e-07,1.2923083065084768e-05,8.47570518436816e-06,6.177359960445975e-06,1
0.3356736159474394,0.6642799876709445,1.535049330791894e-05,2.0540597733100123e-07,1.4452856573541704e-05,9.479019114274596e-06,6.9086066429984125e-06,1
0.18357448706587176,0.8163829710774877,1.4610344045011737e-05,1.859279744062178e-07,1.2911945882886731e-05,8.580153538739795e-06,6.253485199372381e-06,1
0.271926078094719,0.7280374922734737,1.3462903820172261e-05,1.6189453259174034e-07,1.048126219434611e-05,7.980777313660388e-06,4.342793946582068e-06,1
0.25841183255701633,0.7415529762203997,1.2872869820901968e-05,1.5479923726756436e-07,9.881518756438031e-06,8.317668968652351e-06,3.96436580057278e-06,1
0.31375339820507875,0.6862055459288745,1.3086893066970734e-05,1.9518669782302883e-07,1.4495046963640073e-05,8.654121643214931e-06,4.62461767493115e-06,1
0.30706664802227546,0.6927571194314743,1.4518939924367681e-05,2.0121553761957703e-07,0.00014898495075250307,8.095324283166253e-06,4.4321157524259e-06,1
0.19892854541889587,0.7991910715525319,1.0382136227072772e-05,1.678884421414625e-07,0.0018577037534194295,8.431220908611957e-06,3.698029574993536e-06,1
0.2687130000751952,0.7288539804050252,1.0889300643780223e-05,1.3406872178451903e-07,0.0024096178141573533,8.800218714628543e-06,3.5781175419497116e-06,1
0.20657968687655276,0.7880419352803711,1.3720912016320438e-05,2.023128043347149e-07,0.005346342591833106,1.1550425026419404e-05,6.561601395850617e-06,1
0.004371561887836563,0.06817796395336449,2.400453277565951e-06,4.5343209702105486e-08,0.9274376147972925,8.629253093839503e-06,1.7843119253620998e-06,4
0.954632245664791,0.0029970656627294123,1.258884019075949e-05,5.5994172019982156e-08,1.3568641423475653e-05,7.3287038433388135e-06,0.04233714649284999,0
0.9274002084887303,0.028781996404919123,1.373599680672683e-05,2.569572030299671e-07,1.6039408967882095e-05,8.740376461970307e-06,0.04377902236691095,0
0.8719644470906536,0.06978505605962651,1.3257507453238557e-05,2.480061754720871e-07,1.4277396324210323e-05,8.43590805378866e-06,0.0582142780317133,0
0.8817169010702415,0.023249084652978216,1.2693960942331243e-05,2.4572220699502534e-07,1.3789778139637474e-05,8.35821906869154e-06,0.09499892659642253,0
0.8324554235314512,0.02556052594901473,1.2980253375880152e-05,2.512640870226391e-07,1.4278002508142248e-05,8.546725626115309e-06,0.14194799427393695,0
0.6009718777291218,0.38292707019665123,1.1354882008188926e-05,2.516001530987316e-07,1.3039808235849187e-05,6.346029214453532e-06,0.016070059754615184,0
0.28208223791670906,0.716552742004863,6.627365068585644e-06,1.6414805067869697e-07,1.2981363208004737e-05,4.635321514288345e-06,0.0013406118805864525,1
0.44886974570908034,0.5495018359479519,6.916515498826877e-06,1.5925979510540304e-07,1.3160433044769237e-05,5.542566575633968e-06,0.0016026395680533393,1
0.1835959349762676,0.8158344842707754,3.5457683673395066e-06,7.49131462765744e-08,5.492189896875585e-06,2.3068765737225813e-06,0.0005581610049726013,1
0.26812399807043474,0.7313623932854867,5.009846749712683e-06,1.095206358023474e-07,7.597705171117825e-06,3.372580136186897e-06,0.0004975189913858616,1
0.32639568007942543,0.6733620822869263,5.845728428802667e-06,1.0937812974676497e-07,7.624970251851883e-06,3.856585585174236e-06,0.00022480097125275524,1
0.37659052468211973,0.6231347401411862,6.6299658257277996e-06,1.2405182196457324e-07,8.647902961568723e-06,4.3739682650527654e-06,0.0002549592878199194,1
0.7414229601410423,0.25833163992894603,9.346955044279537e-06,2.195731604528179e-07,9.771139744413024e-06,6.943405966990046e-06,0.00021911885609545491,1
0.6316745734080387,0.36784055239173524,1.251521035498858e-05,2.835651612192252e-07,1.8047630119791016e-05,7.935082811177406e-06,0.0004460927117787592,1
0.9662673527748233,0.03366359793139332,3.4051982278940882e-06,7.172673800607716e-08,3.6159838615384334e-06,2.4397786291638414e-06,5.9516606326764334e-05,0
0.9167906075256106,0.08310710187137801,3.89810403470748e-06,8.690285645724035e-08,4.231450766970127e-06,3.016316383229127e-06,9.10578289700128e-05,0
0.7754624883241025,0.2243756634502634,6.7477531653292055e-06,1.264824716959196e-07,6.158650862406555e-06,4.3900875888404794e-06,0.00014442525154599175,0
0.783818726973551,0.21597094679880452,7.46554073996016e-06,1.399369571175886e-07,6.813773087125629e-06,4.857080118887706e-06,0.00019104989674118334,0
0.8275054546693762,0.17223714009369653,8.166987606830756e-06,1.530851460497223e-07,7.453981204663404e-06,5.313441385968733e-06,0.00023631774158387565,0
0.8269715436303658,0.17282946718527673,8.17108030348195e-06,1.5848000422565867e-07,7.452082579282019e-06,5.390683282248206e-06,0.00017781685818787205,0
0.8145550272294708,0.18522656694988432,8.703207967085272e-06,1.688007441087936e-07,7.93738674282115e-06,5.741742333642654e-06,0.0001958546828572587,0
0.7208380897967422,0.27894429210035204,7.926171457939467e-06,1.5372994016620566e-07,7.228723993440992e-06,5.229110274725813e-06,0.00019708036723944177,0
0.5541116362431352,0.44549466516270975,8.850583848517698e-06,1.6556652588791895e-07,1.1134662517582811e-05,5.74665833678073e-06,0.0003678011229263385,0
0.5455432096356148,0.4538441522026407,8.483749476029766e-06,1.6794972864932927e-07,1.1164996792847682e-05,5.7432327294347125e-06,0.0005870782330176799,0
0.6287414325331809,0.3705901096569824,1.0276632653309123e-05,1.836840959942105e-07,1.1843738606289018e-05,6.281287385663129e-06,0.0006398724670952558,0
0.6933666377591319,0.3051555898209034,1.224669195126268e-05,1.926776409516309e-07,1.1814672142280333e-05,6.656603335853918e-06,0.0014468617748942302,0
0.7540871616874882,0.24531641821993053,1.0915785703844144e-05,1.9895217577752002e-07,1.4433158662599056e-05,6.836948123234588e-06,0.000564035247915967,0
0.7266843474229191,0.2730891268530172,1.218838613370085e-05,2.23423263774408e-07,1.7342195644956217e-05,7.67789172437884e-06,0.00018909382729689135,0
0.7276194185024394,0.2723038707506749,1.2368596649585933e-05,2.2672667254270972e-07,1.75163365895815e-05,7.791412646130274e-06,3.880767432770391e-05,0
0.939457093886637,0.06052645910138446,3.910931950433536e-06,9.005318085427015e-08,3.903601259448519e-06,3.1340348636142652e-06,5.408390724197594e-06,0
0.9489983476687412,0.05091584060495171,4.480029508870796e-06,9.161394953319376e-08,3.720644463005514e-06,3.1883528056056815e-06,7.433108557998969e-05,0
0.9213446913825144,0.07802885592765021,5.567486468306193e-06,1.138518001553757e-07,4.41693386335117e-06,3.962275486410789e-06,0.0006123921422172821,0
0.4053657083180452,0.5869448692837738,6.395987484648073e-06,1.3809986743464833e-07,7.126927872041259e-06,4.644795540233523e-06,0.007671116587416728,1
0.8661154137024842,0.1311834004474778,4.413816345989041e-06,4.85811719298053e-46,3.16008654639726e-10,5.3362054042017255e-06,0.0026914355122792575,0
0.6758140031443022,0.3241519806184819,8.440746173346346e-06,1.9435675468837714e-07,1.293544626703351e-05,6.7640125467418945e-06,5.681675474190094e-06,0
0.5905674247034398,0.40935825398463555,8.49230426246316e-06,1.7366259141403024e-07,1.135400891691922e-05,6.043813342672871e-06,4.8257522811128085e-05,1
0.5080900079542933,0.4916376856160145,7.671745087616498e-06,1.5688264237919692e-07,1.0256940806765732e-05,5.4598367991908475e-06,0.00024876102435630816,1
0.3289800555969821,0.6705079559600052,8.053767953602835e-06,1.5096291347334385e-07,9.869910679923056e-06,5.1349901072786575e-06,0.0004887788113582001,1
0.3789097863321832,0.6204743270351813,9.2427685865602e-06,1.4214020925040959e-07,1.0161845973062056e-05,5.047719519933275e-06,0.0005912921583465578,1
0.4809326426639948,0.5168086920668888,1.0393424546131549e-05,2.8406218577308803e-07,9.025216437046524e-06,5.547743580886341e-06,0.0022334148223664575,1
0.51932262164228,0.4781471832097283,1.2006828665916498e-05,1.701479980399655e-07,1.216417055965472e-05,7.763563802565864e-06,0.002498090436965519,1
0.5460965187016945,0.4514070111667243,1.2357621991330704e-05,1.6063254568527564e-07,1.148389464264083e-05,7.329389893281559e-06,0.0024651385925082963,1
0.6684223399303939,0.3275168623506261,1.3852193101364636e-05,1.8005996968973547e-07,1.2706433614184352e-05,8.039639398551902e-06,0.004026019392896113,0
0.7443065898231815,0.2548878244109467,1.8946616890727196e-05,1.6262781418566433e-07,1.1626539790574535e-05,7.496755672019054e-06,0.0007673532257042207,0
0.7442904487400483,0.25472018698281773,1.9724132359117267e-05,1.6930159884332028e-07,1.2103660037590697e-05,7.648320749267543e-06,0.0009497188623889445,0
0.787397967120078,0.21247394082558155,1.3841843586277378e-05,1.9382448880323944e-07,1.4308395030715578e-05,8.696901015165194e-06,9.10510902192901e-05,0
0.8280821073910837,0.17182092032183877,1.3343810369276326e-05,1.9492702130371974e-07,1.155095004758015e-05,7.806032958983332e-06,6.407656668043711e-05,0
0.765085724411252,0.23471925276583538,1.3594448766024854e-05,2.1939475653107883e-07,1.3976259295350743e-05,8.793148373692703e-06,0.00015843957172088832,0
0.2957725878214546,0.7041893232298467,1.3203021353285612e-05,1.5810227458684513e-07,1.134135264651689e-05,8.068874374293436e-06,5.317598049854732e-06,1
0.2663896955148573,0.7335717390282056,1.3244710941245963e-05,1.68549232606367e-07,1.170506254890237e-05,7.778164094015071e-06,5.6689701204760735e-06,1
0.3141152408273566,0.6858443063663816,1.600346450841796e-05,1.9815513348691742e-07,1.0611935035201764e-05,8.564553231650307e-06,5.074698352974834e-06,1
0.27876958947210834,0.7211947994204954,1.3184519837269687e-05,1.7150355826722273e-07,1.056266015847561e-05,7.628937981410365e-06,4.063485861087226e-06,1
0.340691205684252,0.6576691062569551,1.6577759953710405e-05,2.487183925949259e-07,0.0016077328446528533,9.650288558778493e-06,5.478447235134234e-06,1
0.28355253692822036,0.714923275540957,1.2961276675280104e-05,2.0959545334253284e-07,0.0014982676448228056,8.132316167938682e-06,4.6166977032985664e-06,1
0.20345201633449836,0.7949561664488921,1.1360899215841112e-05,1.5601616557738755e-07,0.0015681759417965875,8.427821066109127e-06,3.696538365326268e-06,1
0.15400641143836885,0.8140634264247728,1.599700540047128e-05,1.0338712549541692e-07,0.03186776456303281,3.219592702606081e-05,1.4101254273524661e-05,1
0.1589674970751372,0.793334082646816,3.746425322845839e-05,2.8297779552889585e-07,0.047609400023092247,4.401399669345152e-05,7.259027236901785e-06,1
0.11769281894048629,0.7877394826858365,3.4194307023732106e-05,1.2053904367501621e-07,0.09447078882522689,5.420185258797316e-05,8.392849795037602e-06,1
0.14330927203207328,0.7224011602056146,4.1636875480824635e-05,1.4677499235738428e-07,0.13415635271866588,8.299711888147688e-05,8.43427429163357e-06,1
0.00415219145887039,0.06557142287125228,2.3108853186521274e-06,4.005032626040835e-08,0.9302630137716928,9.255288742833788e-06,1.7656737969907765e-06,4
0.9644610917935845,0.0019346646191656953,1.2399145321977687e-05,2.1324771833414755e-07,1.2674417343090273e-05,7.650801014740786e-06,0.03357130597585207,0
0.8801445096729247,0.007923170640985806,9.15284132244793e-06,2.032133448345079e-07,1.2126734520206572e-05,6.642402709403252e-06,0.11190419449419269,0
0.9045807726943169,0.027549307517075468,1.3081726874539568e-05,2.447178749224422e-07,1.5275423422064204e-05,8.324056802354199e-06,0.0678329938636337,0
0.8923771971288703,0.026122857147187283,1.325528527457611e-05,2.6451370625511423e-07,1.1855818678948702e-05,8.43449405534728e-06,0.08146613561222739,0
0.3121241817252093,0.6844621273696463,7.578853898299471e-06,1.8771473744240214e-07,1.549515095344998e-05,5.30081324400813e-06,0.0033851283723112958,1
0.3558363709174113,0.6428720294291017,6.173840748479018e-06,1.2498591712142069e-07,1.0432783182913307e-05,4.393806432033361e-06,0.0012704742372063405,1
0.18982147481682302,0.8096532940333774,3.6660015426497713e-06,7.74533701480149e-08,5.678424123789788e-06,2.3851002665228092e-06,0.0005134241704967242,1
0.29474615394956927,0.704931041538981,5.359696140309724e-06,1.1716871958763467e-07,8.128270806524538e-06,3.5359369028824636e-06,0.000305663438880362,1
0.3363703862745827,0.6632591850814934,6.172170131236457e-06,1.3493027448235667e-07,8.050769756624868e-06,4.0719480296221995e-06,0.00035199882573181996,1
0.5666699985967337,0.4329917337865607,9.54932560526763e-06,2.4132686754835126e-07,1.535935523515628e-05,6.753116886166968e-06,0.0003063644921113054,1
0.5646126608026155,0.4350553836309856,1.0451791747621174e-05,2.3681296022024956e-07,1.4006072602865796e-05,6.626802961365831e-06,0.00030063408612683996,1
0.8878801361326264,0.1118431484074299,8.865913075369984e-06,2.0088068831945902e-07,1.3707167361829737e-05,5.621300198259879e-06,0.0002483201986197381,1
0.9331722304827119,0.06673054927234898,3.565901644623596e-06,8.832104430936989e-08,4.213785122146131e-06,2.857543985962467e-06,8.649469314189914e-05,0
0.9696316587084592,0.03029771012877469,3.4455982338087364e-06,7.257771948960613e-08,3.65888467365467e-06,2.4687246888208757e-06,6.098537745010078e-05,0
0.9676448154941155,0.03224422503888382,4.039832366336765e-06,7.557252962198309e-08,3.679757507029221e-06,2.623051399156446e-06,0.0001005412531984884,0
0.9672306466215937,0.03265779870702172,4.03810324756348e-06,7.554018326008875e-08,3.6781825065812917e-06,2.6219286873688564e-06,0.00010114091675971664,0
0.9769312668955316,0.022973308782597162,3.47658738576647e-06,7.090121208718692e-08,3.452302956382774e-06,2.460914362632173e-06,8.59636159543876e-05,0
0.9666472788323364,0.033261377404940326,3.6501549709183905e-06,7.444093388929087e-08,3.6246581486628283e-06,2.5837747759606233e-06,8.141073389409714e-05,0
0.9581022736557672,0.04179909970511769,3.861927473828868e-06,7.87598033658826e-08,3.8349513922245e-06,2.7336786719928704e-06,8.811732177359896e-05,0
0.8211613440080968,0.17867392858735728,6.867791482335417e-06,1.2873251591970282e-07,6.268209417148986e-06,4.468184506846009e-06,0.00014699448662380357,0
0.8230259243236895,0.17680456663782662,6.795937753165785e-06,1.2738566207913254e-07,6.202628768261087e-06,4.42143647725591e-06,0.00015196164982325984,0
0.5086535067133129,0.4910344297670308,8.348657410456914e-06,1.5649043448161288e-07,1.0897939047254306e-05,5.431635743501574e-06,0.0002872287970206481,0
0.47318121321033985,0.5265353251872307,8.185964493900538e-06,1.5313359270913625e-07,1.0664169761937214e-05,5.315122923934921e-06,0.00025914321165708415,0
0.5579620131456842,0.4416553092735204,8.896662934113642e-06,1.6642852033357242e-07,1.1063869591849692e-05,5.776577352963545e-06,0.00035677404239622756,0
0.4533853265752306,0.5453274979028407,1.1719666560451217e-05,2.1923801979501066e-07,1.3496397735874588e-05,7.4970944040771395e-06,0.0012542431252084761,0
0.4922252943772347,0.5057239964561557,1.2320255054657496e-05,2.304731374071266e-07,1.3492592584716383e-05,7.881292078630573e-06,0.002016784553754251,0
0.7616559584740712,0.23790983865611967,1.2204209670377198e-05,2.2371332237362718e-07,1.6771333073723596e-05,7.687859524870638e-06,0.0003973157542178661,0
0.8772740498069775,0.12269395648422125,6.7994534291135475e-06,1.4034413153016528e-07,1.0668313687599164e-05,4.822895466823893e-06,9.56270208620623e-06,0
0.9238619643479794,0.07611824847019068,5.1329025930429564e-06,1.2713287200148783e-07,7.013343943775008e-06,3.590062351183572e-06,3.92374006986796e-06,0
0.9243644186475078,0.07561617111052324,4.866836305315905e-06,1.2054288306474838e-07,6.694498603879569e-06,3.4039698732583686e-06,4.324394303195203e-06,0
0.9394570874855045,0.06052645868897831,3.910931923785812e-06,9.686683093248272e-08,3.903601232850743e-06,3.1340348422600463e-06,5.408390687346709e-06,0
0.9323686935552136,0.06751668179423234,5.295332119433609e-06,1.0828640494235693e-07,4.397970778561242e-06,3.768588351076628e-06,0.00010105447289975643,0
0.8992040524099372,0.09098788771464777,4.441616060641642e-06,4.888715265289643e-46,3.1799898448992866e-10,5.369814638464335e-06,0.00979824812671708,0
0.8155045253626851,0.18433520529860797,5.059461357800495e-06,1.8905746672582065e-07,1.0247395689193718e-05,5.21798161089811e-06,0.0001395554425823297,0
0.8244298422736397,0.1755465355965535,6.095836858150344e-06,1.5098304185229912e-07,9.36599644898126e-06,4.263559264316542e-06,3.745754193440463e-06,0
0.5927059463612335,0.40724511527102275,7.533834283070952e-06,1.7347418718044475e-07,1.1545603499028529e-05,6.037256490034151e-06,2.3648199284487232e-05,0
0.4592385725286542,0.5404580832343537,9.299723885523962e-06,1.7431758902717147e-07,1.1396832467343136e-05,6.066608599161265e-06,0.00027640675445093904,1
0.34679525297343183,0.6523883379293473,8.873499235319906e-06,1.663282708149207e-07,1.050313296568544e-05,5.773097786493036e-06,0.0007910930389626657,1
0.4450754042113306,0.5542601864130132,9.970961830512977e-06,1.533387521005128e-07,1.0962448900028383e-05,5.445405042118562e-06,0.0006378772211313501,1
0.43189452669053335,0.5659633791187116,1.0175412102890471e-05,2.550978918701938e-07,8.10496363849676e-06,4.982069993825215e-06,0.0021185766471278522,1
0.5112215519503168,0.4861217400659172,1.2044352603479573e-05,3.019522872411364e-07,9.593620279291258e-06,5.89713783521364e-06,0.002628870920760763,1
0.8311842531113597,0.16619025595009743,1.221376651718255e-05,1.7005642943269372e-07,1.4259602604692439e-05,7.78614406208387e-06,0.0025910613689294503,0
0.8204190883467259,0.17871410802480567,1.2055578716508923e-05,1.6785392682839694e-07,1.407491795632104e-05,7.685301049965019e-06,0.0008328199768188405,0
0.7670317285515909,0.23208875624789813,1.875734931436122e-05,1.6100324065793964e-07,1.0833806995389432e-05,7.421866693958524e-06,0.0008423411742667877,0
0.7518464005527709,0.24802830741461218,1.3469815164728027e-05,2.1887460200498433e-07,1.452865009053744e-05,9.051703183065251e-06,8.802298957649633e-05,0
0.744334150640465,0.2554580949712656,1.5575967593456078e-05,2.0792145767841104e-07,1.4027742983260099e-05,9.634557919157225e-06,0.00016830819831591796,0
0.7050705963806064,0.2947187655683516,1.774022966993527e-05,2.0979741849308926e-07,1.415430758341635e-05,9.721485229714279e-06,0.0001688122311406072,0
0.2751842300664879,0.72477357900891,1.4431463492959183e-05,1.7480524640743751e-07,1.2376206390211477e-05,9.329065131910226e-06,5.879384340482525e-06,1
0.2938973854735306,0.7060612967395188,1.451860787442235e-05,1.7586080775657748e-07,1.2225085112843037e-05,8.48334615726021e-06,5.914886998406688e-06,1
0.13614513032283995,0.8638290767808267,8.5534106066757e-06,1.040445764610874e-07,6.956436174090914e-06,5.3896431943503276e-06,4.789361781459481e-06,1
0.13614513032283995,0.8638290767808267,8.5534106066757e-06,1.040445764610874e-07,6.956436174090914e-06,5.3896431943503276e-06,4.789361781459481e-06,1
0.2073694989887664,0.7925938710628335,1.218152967815204e-05,1.4755227687391292e-07,9.865367627298222e-06,7.643398165610338e-06,6.792100652084874e-06,1
0.25147091542185906,0.7484922431057778,1.3669672357498723e-05,1.6282544424140862e-07,1.0960216787989283e-05,7.680992276364035e-06,4.367765496962816e-06,1
0.23268487294630394,0.7672786849393464,1.2978850610315777e-05,1.545967643627e-07,1.0379967146122057e-05,8.140661881256761e-06,4.788037947687817e-06,1
0.3179478791445736,0.6820054303260464,1.8641406212181754e-05,2.2204593997587568e-07,1.1664427399621322e-05,9.597148654848105e-06,6.565501173136815e-06,1
0.3075873355701873,0.6923704814424129,1.7207264496588978e-05,2.049632509516262e-07,1.0662897311526285e-05,8.858809975887904e-06,5.249052364789006e-06,1
0.36503007809836824,0.634734750380722,1.759442000797564e-05,2.520631288902487e-07,0.00020199285248287342,9.78006452776143e-06,5.552120762524738e-06,1
0.3868055060220891,0.612021695289864,1.309883980410445e-05,2.0055603172465126e-07,0.0011473001171350735,7.781586066690843e-06,4.417589009112246e-06,1
0.12754810613285578,0.8183857364543137,3.367458043567153e-05,1.9104384547650584e-07,0.05398106029419245,4.47067494198965e-05,6.524744937077669e-06,1
0.12398918924510058,0.6761516398449867,4.389170367395193e-05,1.5182320382892123e-07,0.19971074709647774,9.25491756108344e-05,1.1831110946331824e-05,1
0.01040890871399487,0.12125265649789357,4.648333401343679e-06,7.670539413062862e-08,0.8683112668638002,1.9061222564481062e-05,3.3816629513499603e-06,1
0.8828969695727931,0.007634010356379581,9.385942865267425e-06,1.9770451520920536e-07,1.2323107033474654e-05,6.7249015430723815e-06,0.10944038841487033,0
0.8814765672180056,0.026305471032371363,1.3361026106345392e-05,3.1713511380385295e-07,1.5066623529448576e-05,8.501778191334613e-06,0.09218071518668182,0
0.9012450879598993,0.019978340673599545,1.2812351187974103e-05,2.5567480656741454e-07,1.1459648690246055e-05,8.152649882025646e-06,0.07874389104193454,0
0.9459513820758412,0.003914365555045723,1.0772755280988474e-05,2.0152429451450412e-07,1.1945494634647531e-05,6.854830997223783e-06,0.0501044777639057,0
0.9103900278917989,0.0049627612731405245,1.0788538927924888e-05,2.0181955679706424e-07,1.071357844483352e-05,6.86487431756727e-06,0.0846186420238137,0
0.9182034627887179,0.06921969207567934,1.0010890665757792e-05,2.5299136144270664e-07,1.3567905546890729e-05,6.982555593208032e-06,0.012546030792435502,1
0.3223070372218115,0.673889442551624,7.172266547084349e-06,1.7764429158014935e-07,1.4663873234235033e-05,5.086104403597987e-06,0.0037764203380880918,1
0.34601542868359575,0.6531408086630682,6.053322822108394e-06,1.2763534902651066e-07,9.357470741110716e-06,3.851800568645551e-06,0.0008243724238551273,1
0.18939147057744923,0.8101250070343824,3.675497533471159e-06,7.749849534164991e-08,5.681732436748127e-06,2.38648985242669e-06,0.00047170116985048225,1
0.18034665646399986,0.8192175700240736,4.294177327464315e-06,8.03474007729796e-08,6.982005533255183e-06,2.8381386499617723e-06,0.0004215788430152994,1
0.15614089001628947,0.843430160947577,4.094749350866453e-06,8.951562288484409e-08,6.209910177251154e-06,2.706331273343657e-06,0.00041584852970935946,1
0.5224156730545414,0.47731243413925994,7.3775090172729065e-06,1.5543172715272142e-07,1.0835459506186265e-05,5.480398684853628e-06,0.0002480440072631313,1
0.8254802808156034,0.17409599532893108,1.2339687084622509e-05,3.2381168291893477e-07,1.911608418395199e-05,7.839493381574764e-06,0.000384104779132357,1
0.9672344733567892,0.03265792791379174,4.038119223847807e-06,7.554048212600968e-08,3.678197058881203e-06,2.6219390607237774e-06,9.718493359330322e-05,0
0.9810338738798786,0.01885758955832403,3.4911872580132284e-06,7.119896057550373e-08,3.466800846562854e-06,2.4712489325186486e-06,9.90361257997147e-05,0
0.9605275221179674,0.039372229567244975,4.417486941825806e-06,8.26372563247159e-08,3.885787745059721e-06,2.8682614160098497e-06,8.899414142843519e-05,0
0.9585637111165591,0.04135429603359038,3.995018741109103e-06,7.473420795096363e-08,3.638938171251134e-06,2.5939540427081433e-06,7.169020468738966e-05,0
0.9328271015818831,0.06708688831364326,3.879970748513785e-06,8.406257994812012e-08,3.5412358174605567e-06,2.5243086121813494e-06,7.598052671570405e-05,0
0.8514469096780563,0.14840066481514455,6.60812986333685e-06,1.2386531900677298e-07,6.031217159934227e-06,4.2992486814039984e-06,0.00013536304577552115,0
0.48707288285634515,0.511312841499758,1.1245237290085493e-05,2.1036294359456895e-07,1.2950043784815586e-05,7.193601040196629e-06,0.0015826763988381128,0
0.7386480594925171,0.2612355741514625,1.26427904405818e-05,2.317528729780231e-07,1.7374041841886235e-05,7.964136927726694e-06,7.815363393734833e-05,0
0.9377637055026947,0.062216181546753756,4.387120189548512e-06,1.0866116771219748e-07,6.034632796649612e-06,3.5156294712279333e-06,6.066906926484358e-06,0
0.526391670643076,0.4302117694012371,7.434576817791924e-06,1.1542214554140949e-07,9.021382715439153e-06,5.291048598800975e-06,0.043374697525409185,1
0.8031843446972863,0.17408507981195492,6.725866656840036e-06,6.055838736394579e-46,1.2470183726017069e-05,7.858142465327047e-06,0.022703521297910496,0
0.7899887957121072,0.20997660097535406,5.556064731779152e-06,1.3761384588412904e-07,8.536659323252201e-06,4.4523660331045305e-06,1.5920608604879113e-05,0
0.2877832089371995,0.7115061396108909,1.1123923629679543e-05,1.438346098257109e-07,1.0282981559914517e-05,4.992363977197144e-06,0.000684108348133105,1
0.538387918480694,0.4588385558444505,1.138791308378887e-05,2.854953284545913e-07,9.070750209345483e-06,5.57573290333053e-06,0.0027472057833307136,1
0.5344808419291405,0.46248320244560776,1.2045024833714785e-05,3.222699930451913e-07,8.858515795577704e-06,7.10987566694459e-06,0.0030076199389624677,1
0.5954268547239747,0.40137951630710195,1.3515224617344293e-05,3.122207694611674e-07,9.919870231440022e-06,7.96172243808297e-06,0.003161919930866958,1
0.6270168580658111,0.36991997355442713,1.2975626050270681e-05,1.9137713272495648e-07,9.414251964208197e-06,7.64384877037388e-06,0.003032943275844367,1
0.8160877665559243,0.18293707042520024,1.2404519634462924e-05,1.7396832102264705e-07,1.458762324873078e-05,7.965252559047143e-06,0.0009400316551122905,0
0.7810436216167671,0.2172288715362006,2.1751838528819184e-05,1.8670636424768117e-07,1.2741996965494904e-05,8.434593467822908e-06,0.0016843917117059075,0
0.775597275066779,0.22213094119294105,2.224269882228008e-05,1.9091965135093962e-07,1.4093955864518593e-05,8.624931724488133e-06,0.002226631234217508,0
0.7498053570145721,0.2500691959730075,1.3473553271868098e-05,2.1893534350013695e-07,1.4532682042719029e-05,9.054215187564543e-06,8.816762657492187e-05,0
0.7248150055865742,0.274993915503639,1.7281650773044407e-05,2.04374226655491e-07,1.3788423551550784e-05,9.47018814643365e-06,0.0001503342730891425,0
0.21083624754124444,0.7891261955809361,1.2489786138463304e-05,1.51286121783522e-07,1.0115013064678266e-05,7.836816145579344e-06,6.963976349177715e-06,1
0.29116436837194226,0.7087941701331656,1.5109497431635515e-05,1.7792414610431372e-07,1.3311828626862579e-05,8.089459020893766e-06,4.7727856665866116e-06,1
0.2810190158409103,0.71894617887341,1.2664252401178328e-05,1.7096882559121367e-07,1.0529726733715317e-05,7.389521441922981e-06,4.050816277491541e-06,1
0.36341946147393134,0.6363692068447998,1.5740083961659238e-05,2.4099605961850515e-07,0.00018069159000485752,9.350661575860498e-06,5.3083496669485134e-06,1
0.3329349673994535,0.6655924348540384,1.233045022994416e-05,1.728051450637803e-07,0.0014484876295905885,7.512536790523902e-06,4.0943247521179814e-06,1
0.10904093720434369,0.8795438257495299,3.280340905621763e-05,1.7756761459685485e-07,0.01133692551906966,4.1547717832452666e-05,3.7828325533038018e-06,1
0.12379665100210122,0.8288599975806342,3.5979272157754e-05,1.3328817035777041e-07,0.04725064844391668,5.1965253293785666e-05,4.6251597260026275e-06,1
0.9460955287072761,0.0039052962695864846,1.0743730111100908e-05,2.0098132507612116e-07,1.1913309738386726e-05,6.836361939953346e-06,0.04996948064002304,0
0.40153989796815137,0.5970356337225999,5.27858641652943e-06,1.3074120131385322e-07,9.10016183745741e-06,4.251813793833735e-06,0.0014057070059994795,1
0.3943877034917239,0.6037190282148035,6.5949910831773275e-06,1.5033425083576435e-07,1.2774263260208382e-05,5.2849122004313534e-06,0.001868463792678141,1
0.35400081296114394,0.6446546327830833,6.151338512487766e-06,1.4178388710927152e-07,1.1492856158230941e-05,4.2787774794178335e-06,0.0013224894997355345,1
0.1748636821823014,0.8246569385771082,3.6444152210004267e-06,6.576961943316363e-08,5.633684143594378e-06,2.3232027061329955e-06,0.0004677121689001108,1
0.2825223350586019,0.717146687913669,5.168884517941541e-06,1.05034596883127e-07,7.237937143138468e-06,3.6359730051806063e-06,0.00031482919846600733,1
0.4042420282925997,0.5953925840927097,7.073938209353885e-06,1.437463432616077e-07,1.0201012741410865e-05,4.976053978425767e-06,0.00034299286341810527,1
0.5562770589349179,0.4432737314753123,1.002178506171972e-05,2.111421833100305e-07,1.4983783610238047e-05,7.309089590969738e-06,0.00041668378932373343,1
0.9332010708080786,0.06671536348840909,3.566011851250301e-06,7.921336129306924e-08,4.213915352054371e-06,2.8576323003117507e-06,7.284893064735159e-05,0
0.9672273917459135,0.032657688808648305,3.7040433688936975e-06,7.553992905608247e-08,3.678170128947446e-06,2.6219198641869714e-06,0.00010483977214699346,0
0.9672311404342803,0.0326578153802272,3.7040577246743604e-06,7.554022182658886e-08,3.6781843844510547e-06,2.6219300259757894e-06,0.00010096447313554675,0
0.9570854533875317,0.04281667610589935,4.312707756476722e-06,8.067716804121587e-08,3.7936200307622954e-06,2.8002285958803336e-06,8.688327301784096e-05,0
0.8990470927958241,0.10080905989769864,6.977557701978908e-06,1.307900160132986e-07,6.368392664328793e-06,4.448810790059995e-06,0.00012592175530503564,0
0.8957503102610869,0.10398814348678806,8.231174844610374e-06,1.5964555183726527e-07,1.0736465795897528e-05,5.4303292808412255e-06,0.00023698863665195375,0
0.8881838132260619,0.11153565735796667,8.828597822199021e-06,1.712327095319964e-07,1.151572410174723e-05,5.824465421731406e-06,0.00025418939591610544,0
0.5957471424422827,0.4039989350500311,8.432136737931778e-06,1.5805520299282427e-07,1.1006908978322187e-05,5.376233706004768e-06,0.00022894917306084684,0
0.5527378548158471,0.4469289971985324,9.098120488374372e-06,1.7053865767787545e-07,1.187625239031734e-05,5.919236353074124e-06,0.00030608383773119395,0
0.5521314372274999,0.4474902400848142,8.969668749503946e-06,1.677942290179562e-07,1.1154659456196224e-05,5.737915241996662e-06,0.00035229265000913114,0
0.44825266021188237,0.5506653543106539,1.1834382758493158e-05,2.2138399826354473e-07,1.3628505200497009e-05,7.570478588000895e-06,0.001048730726918467,0
0.898216337405173,0.10175928630902337,5.700894259619185e-06,1.176693188875723e-07,6.464196767026102e-06,4.043680476409154e-06,8.049844981690267e-06,0
0.9344070255543248,0.06557163414516858,4.613970561211676e-06,1.1427984812573822e-07,6.088873915203815e-06,3.227110139149439e-06,7.296066042930459e-06,0
0.9461717541281506,0.0534240616989239,4.998951146034705e-06,1.0222558960937695e-07,4.157784347971123e-06,3.557659582372441e-06,0.0003913675522597901,0
0.9480632722958002,0.051667798302212145,4.609898215839293e-06,9.42696876578189e-08,3.952507337172266e-06,3.2807779236553524e-06,0.00025699194882332344,0
0.36219520410733685,0.6131050377710305,5.108717930033627e-06,7.93130798029038e-08,5.322956199506507e-06,3.7099744667553653e-06,0.02468553715995647,1
0.5305050239381043,0.4344574508007089,9.096299419476205e-06,1.360216317813419e-07,9.826818356412914e-06,5.833872625242294e-06,0.03501263224915382,0
0.7812678520164288,0.21869706111982407,9.904739126526138e-06,2.2441803753847612e-07,1.266477580715688e-05,6.193932529138658e-06,6.0989982467244336e-06,0
0.8589439117782751,0.14102725164533195,7.250638259532756e-06,1.7958541956896904e-07,1.1994445784678684e-05,4.9565533333591455e-06,4.4553535958646945e-06,0
0.8144587573701503,0.18550818830308147,5.934118853352023e-06,1.46977574374263e-07,8.806163227089665e-06,4.150450217337572e-06,1.4016616896263223e-05,0
0.444387997975414,0.5553231791391462,8.869930499722981e-06,1.662613770670214e-07,1.0498908825523837e-05,5.655365989027708e-06,0.0002636324187484938,1
0.3374735237024124,0.6618785829529791,9.739247264328104e-06,1.3738533225157304e-07,9.82191170718582e-06,4.8788631099949316e-06,0.0006233159371947017,1
0.2966680509857932,0.7027442516576883,7.613242412010772e-06,1.073951415236017e-07,7.661099868021083e-06,3.8138437749142306e-06,0.0005685017753221005,1
0.3792449868712387,0.6201394588883078,9.237780291873857e-06,1.420634966026916e-07,1.015636165504672e-05,5.044995280737667e-06,0.0005909730397292372,1
0.3478841194445635,0.6506746421814746,8.253671297885846e-06,2.255806927854883e-07,7.151496969605336e-06,4.507547422752954e-06,0.0014211000775787462,1
0.41547497341938106,0.5824642585648435,9.788568300169504e-06,2.453997059334159e-07,7.796833125144813e-06,4.9035704180427125e-06,0.002038033644225988,1
0.4665357460390199,0.5310150101608072,1.0056433142205334e-05,2.5211508569578216e-07,8.010193997685334e-06,4.923815693760301e-06,0.0024260012422533655,1
0.5577649983539659,0.43800532351779325,1.2022929566772783e-05,3.0141521105728267e-07,9.576556308635427e-06,5.886648720151342e-06,0.0042018905784342525,1
0.7144330262238642,0.2819742332139532,1.4980162344637212e-05,3.3910689002277356e-07,1.0774095360211144e-05,8.736271181966327e-06,0.0035579109264058262,0
0.7673759258907403,0.22860453975810963,1.6090263925743477e-05,3.6423633028635475e-07,1.1572507287879055e-05,9.383670604546402e-06,0.003982123673001661,0
0.8248546014785987,0.17171560239747446,1.2131274960900382e-05,1.9165183238087673e-07,1.0988614789763867e-05,7.733556587105134e-06,0.0033987510257564224,0
0.7441518020522476,0.25060473389240695,2.290780125061851e-05,1.988278055196263e-07,1.3368982649581025e-05,9.37758640817159e-06,0.005197610857231413,0
0.8080775931222088,0.1904760335869949,1.881901067045706e-05,1.777154263283296e-07,1.352786295321843e-05,7.974087697526966e-06,0.0014058746140488655,0
0.83147650031879,0.1683642173216418,1.2656423238335472e-05,1.9735103633364467e-07,1.1473515889322777e-05,7.753703619057321e-06,0.0001272013657851897,0
0.5276143406691886,0.47227831120712593,1.5142328571151854e-05,2.026205110698332e-07,1.5770506887638122e-05,9.438949302000356e-06,6.679371841350411e-05,1
0.24431720237320753,0.7556392766885014,1.447317357985173e-05,1.7531047181444385e-07,1.1721284754165426e-05,9.081308449234157e-06,8.069861036069923e-06,1
0.2119205790088123,0.7880385799171375,1.3667866178318852e-05,1.6399705588501554e-07,1.0964868047971755e-05,8.49525891889941e-06,7.549083848895504e-06,1
0.2242977290910415,0.7756591498747246,1.4228849712039705e-05,1.730812081746898e-07,1.1786029633679095e-05,8.96582971874111e-06,7.967243961348797e-06,1
0.24733918992857443,0.7526175110659188,1.4663956017424501e-05,1.759488703730323e-07,1.1245474614288991e-05,9.114378317588768e-06,8.099247687078934e-06,1
0.266456916503903,0.733505017483251,1.4817622483005736e-05,1.81197368531198e-07,8.483010123907409e-06,8.489806454719713e-06,6.0943764158879355e-06,1
0.28125877227713286,0.7186993184605667,1.5065973320560646e-05,1.804105732399352e-07,1.3497856732925083e-05,8.32553801198696e-06,4.839483661511643e-06,1
0.2928297148257264,0.7071290303010317,1.502424221666311e-05,1.7763813528058742e-07,1.3031958393024668e-05,8.255921023011348e-06,4.765113473745683e-06,1
0.22181218322277388,0.7781528280291112,1.2920767033521222e-05,1.539049054836161e-07,1.0711389495642124e-05,6.651993982853664e-06,4.55069269725884e-06,1
0.33976653631363496,0.6601651550118666,1.4043276010696668e-05,2.1786763239220962e-07,4.259382987768834e-05,6.574975296211744e-06,4.878725681806803e-06,1
0.16495096546322222,0.8333734318637657,1.1099817676904032e-05,1.4440326345667122e-07,0.0016525719162151118,8.088408080058963e-06,3.6981277766197344e-06,1
0.01123689553659947,0.11910308805678751,8.071964719446045e-06,5.325614759564657e-08,0.8696340087552605,1.4610183772607147e-05,3.2722467126699804e-06,1
0.4223289507252725,0.5735229623498425,7.182875974461949e-06,1.4834113527303478e-07,1.238228223670448e-05,5.214845394658353e-06,0.004123158580144103,1
0.17714891535832453,0.8223774055919317,3.7926413924609783e-06,6.844461069947691e-08,5.862818142105607e-06,2.3693408099647943e-06,0.0004615858047884012,1
0.12834961577075543,0.8713121402662889,3.5305546624172956e-06,6.371481361320432e-08,5.53667171455431e-06,2.205609858107048e-06,0.0003269074119070652,1
0.8866348641543681,0.11288870546085278,1.1440101949650745e-05,2.833509871822241e-07,1.933455841842706e-05,7.929089519503982e-06,0.0004374432839041648,0
0.8807774946896322,0.11910428777987235,5.048619246109381e-06,1.121471596436191e-07,5.965895525669192e-06,3.954219370007167e-06,0.0001031366491941845,0
0.972333978421217,0.02755126240847218,3.6988774370458046e-06,7.543457550418414e-08,3.6730402818266835e-06,2.618263141524712e-06,0.00010469355487469901,0
0.9632145287326788,0.03669472132760956,3.993440939005327e-06,7.470469224699053e-08,3.6375010004456373e-06,2.5929295803937152e-06,8.045136349968561e-05,0
0.888550602854744,0.11117415147128604,8.65313004641609e-06,1.6219758627219114e-07,1.1295383099046861e-05,5.5171365057103505e-06,0.0002496178267324451,0
0.9068445821084463,0.09291048235426082,8.765775751221361e-06,1.6430906053934513e-07,1.1442425427477426e-05,5.588958115562386e-06,0.00021897406893821246,0
0.8684146870918042,0.13133024687770115,9.943506362947747e-06,1.863848945411707e-07,1.2979778775406624e-05,6.339865650407468e-06,0.00022561649481124028,0
0.8393596813848069,0.1603945876045777,9.294112074220517e-06,1.7421239908513305e-07,1.2132090455207953e-05,5.925819297501828e-06,0.00021820477638955166,0
0.53432719716475,0.4653930419286123,8.79507921823068e-06,1.6485833595677483e-07,1.1480676775166096e-05,5.607641670150586e-06,0.0002537126506383338,0
0.5539007452011425,0.44579843121402074,9.091311669040526e-06,1.704110305585106e-07,1.1867364482425575e-05,5.914806535841661e-06,0.0002737796911190358,0
0.761028030455724,0.23795639678707456,6.828167534221691e-06,1.2773349150419075e-07,7.477903844580913e-06,4.3679925829684805e-06,0.0009967709597482725,0
0.8909921315688311,0.10896955392081771,6.305538294941045e-06,1.1558576584761336e-07,6.273049388746462e-06,3.97207963067557e-06,2.1648257270989604e-05,0
0.9105731721324399,0.08940323559163356,5.450699614000865e-06,1.1250517582535878e-07,6.286907385130536e-06,3.866215826528682e-06,7.875947924964262e-06,0
0.9201738622424693,0.07980646102364411,5.399119479429463e-06,1.1987240791393605e-07,6.628454106858804e-06,3.829629709747968e-06,3.6996581828023486e-06,0
0.9168804667194641,0.08309937973657444,5.20622194313684e-06,1.4605169241850054e-07,7.378158565718857e-06,3.523319641056625e-06,3.899792119091897e-06,0
0.9034977621136133,0.09648281868423489,5.130232397163867e-06,1.2451264141163704e-07,6.885040049527969e-06,3.4365459585497495e-06,3.842871105013843e-06,0
0.9109126010092884,0.08906862504728516,4.718157822649988e-06,1.1686038136838644e-07,6.4466572258952755e-06,3.2999809482058143e-06,4.192287048479048e-06,0
0.9478895357150671,0.05206609381667852,4.970626546309306e-06,1.0369299985586628e-07,5.811729899595994e-06,3.6087284599855998e-06,2.987569034850908e-05,0
0.37034482619089454,0.6082224251129144,5.223667327455598e-06,8.109767446165892e-08,5.450551041598938e-06,3.7934512480623386e-06,0.02141819992889961,1
0.4171147538819149,0.549599307873139,6.668019075329153e-06,1.0899841511855047e-07,8.3271034129468e-06,4.674865768241222e-06,0.03326615925827447,1
0.8291555849430575,0.17069321567057816,7.621098226602158e-06,1.7267611857858894e-07,1.048187907607201e-05,5.4604141490821646e-06,0.0001274633187938651,0
0.7694401478057956,0.2304952796485294,9.089439984327315e-06,2.0594528109716293e-07,1.1991147082735859e-05,5.684084888192735e-06,3.7601928438851944e-05,0
0.7579372394614193,0.24201371242599037,9.289967316311626e-06,2.1048875768366125e-07,1.261757500836041e-05,5.809484734538272e-06,2.1120596773442157e-05,0
0.7741256091746902,0.22582333783318145,9.81759851179331e-06,2.22443636648314e-07,1.2553352746418872e-05,6.139439111259809e-06,2.232015812230623e-05,0
0.860960705771537,0.13899883833429968,7.14635138598505e-06,1.770024191114607e-07,1.182192811022747e-05,4.8852625818133915e-06,1.6425349666372926e-05,0
0.503496872018681,0.49642651471560967,8.662922782579234e-06,1.828410329578073e-07,1.1753447751834796e-05,6.363241879443751e-06,4.9650812262622466e-05,1
0.39437395315853013,0.6049328683508869,1.0888882255140763e-05,1.5360249779775734e-07,1.098130452973085e-05,5.454771246877232e-06,0.0006656999300533208,1
0.4948325363160886,0.5012029830704292,1.0085298724813487e-05,2.5283874673245436e-07,8.033186137470674e-06,4.937948816970663e-06,0.003941171341056027,1
0.5714762903960812,0.42432422017911847,1.1807923421274864e-05,3.0649450195453637e-07,9.277432418005914e-06,7.086974520601189e-06,0.004171010599938743,1
0.5527052951427042,0.44336808452978893,1.1349363394470598e-05,2.5691626271427027e-07,8.162736870037385e-06,6.551441075142933e-06,0.0039002998699046425,1
0.5634895092485747,0.433183799007534,1.2432342071626842e-05,2.814317200719739e-07,8.941641348661663e-06,7.25040952600781e-06,0.003297785919225049,1
0.7594227784093964,0.23675823657774953,1.59235031013579e-05,3.6046135487326977e-07,1.145256886645595e-05,9.286417467307726e-06,0.003781962062064047,0
0.8246115959548821,0.17169249866439032,1.3039226694376021e-05,1.9607141726014368e-07,1.1389205253220596e-05,7.911896179952853e-06,0.003663368981182853,0
0.714412544855443,0.2797626310149397,2.427925579386962e-05,2.1429350325132732e-07,1.4408880686469867e-05,1.0107016160024753e-05,0.005775814683473738,0
0.7641155045010959,0.22760768136983373,2.8333652995075412e-05,2.1228295187450752e-07,1.430492307852244e-05,1.0012189788959991e-05,0.008223951080255804,0
0.8087123451393093,0.18907529571341994,2.0097107047398754e-05,1.7640852842790192e-07,1.321018052131909e-05,7.915447214339701e-06,0.002170960003959142,0
0.8188134187931997,0.18071158527996203,1.243804892346552e-05,1.9394593549775463e-07,1.2133726326323387e-05,7.619920978920283e-06,0.0004426102846741416,0
0.7464607420494043,0.25299148710200975,1.6004534038970795e-05,2.023685031195429e-07,1.3653104308544742e-05,9.377247957418638e-06,0.0005085335937778643,0
0.6510075260147024,0.34876866736030754,2.05885171304683e-05,2.0786789211469895e-07,1.4024129099590291e-05,9.828639171781534e-06,0.00017915747169599283,0
0.5812038941404158,0.41857920381593455,1.995334785782901e-05,2.0145503114939094e-07,1.3591475508117982e-05,9.525419199492421e-06,0.0001736303460529014,0
0.28622801727108244,0.7137224147348754,1.6407824481842185e-05,2.096496080003132e-07,1.503906343377439e-05,1.0860119973477882e-05,7.051336545084937e-06,1
0.24347121641928487,0.7564849971434893,1.4489372127654476e-05,1.7550668137707643e-07,1.1951193138952127e-05,9.091472357530756e-06,8.078892920406353e-06,1
0.23714974754709536,0.7628076530089143,1.4185959189850611e-05,1.7021351480093543e-07,1.1590752980368118e-05,8.817279504966928e-06,7.835238800557543e-06,1
0.25180212076985053,0.7481530795507004,1.5035142524148085e-05,1.8288903782266221e-07,1.1689043684714179e-05,9.473887938703317e-06,8.418716263632927e-06,1
0.266456832821638,0.7335047871219528,1.5131673347500651e-05,1.8119731162516452e-07,8.483007459771268e-06,8.48980378844915e-06,6.094374501915393e-06,1
0.2895800463604631,0.7103808646338894,1.554006308540348e-05,1.9003173694790537e-07,9.357609826504804e-06,8.903731218724353e-06,5.097569779931811e-06,1
0.24681831633539,0.7531412618631613,1.646597358645104e-05,1.9717516223337626e-07,9.231033049582214e-06,9.238428673709489e-06,5.28919097671326e-06,1
0.2706997319718425,0.7292573562414825,1.5212831626198025e-05,1.860301854590177e-07,1.3806453179665458e-05,8.716242857637001e-06,4.990228825887967e-06,1
0.1959560472261336,0.8040098734373516,1.2786350729962664e-05,1.5375882518596772e-07,9.954545935981638e-06,7.060126076688897e-06,4.124554946738569e-06,1
0.36746885861562356,0.6324885096428838,1.3014852757335211e-05,2.0294001164642598e-07,1.7115511354632396e-05,7.828337131885632e-06,4.470100237070901e-06,1
0.32180893239094227,0.6781485734150122,1.3094675904532307e-05,1.9470369507261873e-07,1.682288627213963e-05,7.43034684559404e-06,4.95158132806846e-06,1
0.22976806568320415,0.7689196493064058,1.2192416889245823e-05,1.586174511582074e-07,0.0012882885536072157,7.583273236562921e-06,4.062149205933969e-06,1
0.1694053294635415,0.8285438285356926,1.173480711586714e-05,1.1626784472032843e-07,0.0020267869844125984,8.551123221727294e-06,3.652818171017509e-06,1
0.09134100299535342,0.9033221952083454,1.31325474226441e-05,1.0072473118787702e-07,0.005302172949303651,9.569652923767605e-06,1.1825921919912577e-05,1
0.004339322037862637,0.07768890849772216,2.735320684575466e-06,5.1668666314961966e-08,0.9179580653218058,8.825185995307007e-06,2.0919672632478617e-06,4
0.8275024792427641,0.0030947552273644634,9.00533183029925e-06,1.4559348856528586e-07,1.1417998432635584e-05,6.452198867048268e-06,0.16937574440725317,0
0.9439968770653464,0.004839019255398589,6.579734551687915e-06,2.208895917181935e-07,1.124378789741491e-05,7.513539863378614e-06,0.05113854572735078,0
0.17819627931841253,0.821429562735611,4.269669709203347e-06,7.705339124407572e-08,6.695763632009554e-06,2.6673501763692227e-06,0.00036044810906783135,1
0.16042378292782128,0.8391873075229918,4.6819519658673714e-06,9.871975951890494e-08,6.848422873858228e-06,2.9249113520396177e-06,0.0003743555432357744,1
0.35074745607207264,0.6489342818315464,5.406713578157662e-06,1.0986741514017741e-07,7.796782000020192e-06,3.8032702314567432e-06,0.00030114546315620046,1
0.358425169213899,0.6409770123523875,8.653015790040802e-06,1.7583407448464635e-07,1.2334578065659607e-05,6.086832026674759e-06,0.0005705681737569058,1
0.6643039714963521,0.3347188386755118,1.3768873808737272e-05,3.119702194877982e-07,1.962705870311199e-05,9.68550434944602e-06,0.0009337964210552641,1
0.705007840905906,0.2946181461444753,1.154662704657788e-05,2.616193469489719e-07,1.7851691985539564e-05,7.187605708781114e-06,0.0003371654055310774,1
0.8924289709626662,0.10716437381584298,1.1514862344570828e-05,2.852026692560351e-07,1.9460908623113053e-05,7.83552270736354e-06,0.0003675587251466258,0
0.9684002255715703,0.031498931548294314,3.7120988751463777e-06,8.617650094117998e-08,3.826887279135334e-06,2.6347724181547075e-06,9.058294506204363e-05,0
0.9699405648944652,0.029961909696819094,3.96074436868174e-06,8.564076450903345e-08,3.735277154718668e-06,2.571699792432821e-06,8.717204663530377e-05,0
0.9582724259111001,0.04159546434359591,3.9921432361368754e-06,8.899933083309306e-08,4.333531739532865e-06,3.089083036302447e-06,0.00012060598796135295,0
0.8943425935155858,0.10542242311795366,7.365602581854118e-06,1.6085751097274766e-07,1.1012468793316389e-05,5.471553963300914e-06,0.0002109728836111026,0
0.8351842437335337,0.1645654321292404,8.468738911064023e-06,1.787425571266495e-07,1.2447569074552422e-05,6.079912221335756e-06,0.00022314917446174005,0
0.8164604084489022,0.18299451538447392,7.904385912230278e-06,1.4406610921919986e-07,9.806079234946335e-06,4.9003959225081045e-06,0.0005223212394450622,0
0.9210445969849014,0.07892042581774708,5.474009206896164e-06,1.1298629752217128e-07,6.313792970852675e-06,3.882749468692757e-06,1.9193659407693963e-05,0
0.9292214234487768,0.07075823543121819,4.718981169767017e-06,9.740213987530725e-08,5.540792445016184e-06,3.347203290524456e-06,6.636740959748308e-06,0
0.9034976575878029,0.09648280752212111,5.130231803646405e-06,1.2451262700674828e-07,6.885039252996509e-06,3.552235731934677e-06,3.8428706604314286e-06,0
0.9180409777816625,0.08194002398482639,4.998549616672519e-06,1.2131665153085294e-07,6.708314874657265e-06,3.4258200603497334e-06,3.744232307976532e-06,0
0.9036551448300612,0.09632565514575332,4.8213231173819845e-06,1.1941560231256244e-07,6.603194624571311e-06,3.3721369717913954e-06,4.283953869559347e-06,0
0.9506029830235281,0.049354479571838694,4.516188750254096e-06,1.0398983348548631e-07,5.933154944066152e-06,3.619058877357839e-06,2.8365012227937247e-05,0
0.849681703165111,0.14978766725818035,8.96761808359986e-06,1.8338247748527685e-07,7.436737140017157e-06,6.382085256320674e-06,0.0005076597537511399,0
0.8430880053386559,0.1564457271596514,8.824785385317776e-06,1.804616334180236e-07,7.577211900093517e-06,6.280433909293119e-06,0.00044340460886463715,0
0.3689241721986019,0.6071459448151975,6.651230012100833e-06,3.5176057475237005e-08,8.600011750863707e-06,4.663095163496359e-06,0.023909933473216776,1
0.8167372043212122,0.18322647066573958,6.1832018753481505e-06,1.531469180115449e-07,9.175799529125583e-06,4.226851315578439e-06,1.6586013410264307e-05,0
0.4452032159029814,0.5547225456379704,8.860336847573446e-06,1.6608154997395302e-07,1.0487553282295521e-05,5.649249186412543e-06,4.907523818191606e-05,1
0.4416450745757928,0.5576032804038202,7.674923840123584e-06,1.5694764598490666e-07,9.910774556570005e-06,5.338560252650888e-06,0.0007285638140915355,1
0.34276992561276337,0.6566487939689777,9.131433005396685e-06,1.28811285239091e-07,9.188833929959056e-06,4.574379356256497e-06,0.000558256960682011,1
0.7614568534336021,0.23311056411820358,1.5966153389020028e-05,2.3075100012590044e-07,1.1483243985713033e-05,9.31129066096431e-06,0.005395591009158426,0
0.7074721503307315,0.28414773920104686,1.6737327485066797e-05,3.9136183435364575e-07,1.2407192024455617e-05,1.0315811241388075e-05,0.008340258775636477,0
0.7938725204061862,0.19930816296870546,3.2339966816492584e-05,2.232727782903998e-07,1.5106699808797685e-05,1.0140247987409825e-05,0.006761506437717407,0
0.8070706836658252,0.18950552694183778,2.3888837649601438e-05,1.910611515567559e-07,1.2290385855132479e-05,8.677311548592404e-06,0.0033787417961324033,0
0.8073720868470623,0.19082380317532383,1.817743956305901e-05,1.7611617108419417e-07,1.318828762690219e-05,7.90232914605544e-06,0.001764665805106624,0
0.8094707036857779,0.1879177519683041,1.856625273459744e-05,1.7532853229251946e-07,1.334617036711373e-05,7.866987808904524e-06,0.0025715896064752346,0
0.8216361927981668,0.1772959403237923,1.2480927802057195e-05,1.946145439163843e-07,1.2158076551233691e-05,7.646189863095265e-06,0.0010353870692805889,0
0.6557542845610015,0.34363584446137996,1.7093380637125274e-05,2.0638596518601003e-07,1.3924148605476151e-05,9.758569066615928e-06,0.0005688884933442244,0
0.5564642486520323,0.44334988543884873,1.4214816725626285e-05,1.9020941304876982e-07,1.4926079064138512e-05,8.860786092439604e-06,0.00014767401782378735,1
0.5626079825119498,0.4372947116871367,1.4187121216499742e-05,1.8983881758934682e-07,1.4775672830585441e-05,8.843522135624101e-06,5.930964591322067e-05,1
0.3080033037047744,0.691950097624735,1.5189684475957155e-05,2.0325418359838373e-07,1.3840669685191812e-05,1.05288287445138e-05,6.83623340114495e-06,1
0.28523113815406526,0.7147297540144812,1.5448045480236312e-05,1.8711888770002292e-07,8.760234387511464e-06,9.692999615448592e-06,5.019433082672788e-06,1
0.26316629720352486,0.7367900799036035,1.7562126910126047e-05,2.103012739870183e-07,1.0355729519679542e-05,9.853438423546201e-06,5.641296744297314e-06,1
0.36829872976264916,0.6316663206825416,1.1737876832437083e-05,1.6753008436851244e-07,9.909541884539859e-06,7.240894042100208e-06,5.893711965779829e-06,1
0.23305617309109825,0.7656262820219473,1.2271962095694687e-05,1.5965229585006672e-07,0.001292625847380346,8.398773889360867e-06,4.088651293268032e-06,1
0.13047202723624418,0.8660571369130647,1.3258535814312196e-05,1.016910438517613e-07,0.0034358747884274086,9.661460334918355e-06,1.1939375070678531e-05,1
0.12261848710504743,0.8697984366347273,2.2206209832823223e-05,9.412405892187711e-08,0.007522359930419369,2.7365047865139223e-05,1.10509480488873e-05,1
0.14652158508522872,0.8414929112525801,2.9527598294594013e-05,1.1247248790530201e-07,0.011901390097961557,3.9547036398102535e-05,1.4926457049103114e-05,1
0.13828630720838894,0.8327419475907918,3.260374182994359e-05,1.6191236818150438e-07,0.028883754923023218,4.7347146859700696e-05,7.877476738244255e-06,1
0.12011330582681705,0.8478757105237286,3.249582056926821e-05,1.5795953008396202e-07,0.031922081796335794,4.9905479454267986e-05,6.342593564710146e-06,1
0.0024959481853882195,0.0553696706189939,3.039025767584152e-06,3.682478091793548e-08,0.9421241449186187,5.669460229638053e-06,1.490966220939356e-06,4
0.4781778593181157,0.5178969267381621,8.82593662475853e-06,1.980501363472417e-07,1.621659500052968e-05,5.670340778467478e-06,0.0038943030211819906,1
0.42195045834164957,0.5739051722605373,7.176438660978768e-06,1.4820819153384194e-07,1.237118520082661e-05,5.210171835670129e-06,0.0041194633939240395,1
0.3470733069103002,0.65168919024502,6.790973558392885e-06,1.4318884120794048e-07,1.0497761022133052e-05,4.242460366349453e-06,0.0012158284608916883,1
0.2060142787221063,0.7932093590836268,4.908086574553832e-06,8.857470035064027e-08,7.587118325903057e-06,3.066182276828683e-06,0.0007607122323893084,1
0.1616028922280794,0.8380486830932116,4.403341790679047e-06,7.946572940928669e-08,6.440891931516343e-06,2.7508578653436884e-06,0.0003347501213921455,1
0.15376462886532893,0.8459999213831199,4.116337274157924e-06,7.623185601574789e-08,6.021082349920219e-06,2.5715602615709085e-06,0.00022266453980925212,1
0.20907262776087382,0.7906794498037171,3.8569226915088285e-06,8.042749501644721e-08,6.352469899090321e-06,2.71309346160038e-06,0.00023491952186168228,1
0.24376466227976307,0.755980553377428,4.3111572153870575e-06,8.760510292814498e-08,7.22826999823356e-06,3.032617811798096e-06,0.0002401246926805617,1
0.8486567801600085,0.15079253572510046,1.3915235879483448e-05,3.4465565435328244e-07,2.621611854996879e-05,9.468905788823498e-06,0.0005007391990184131,1
0.7741844462004659,0.2254695130576123,1.1645622643389673e-05,2.6386235378414985e-07,1.673133355087655e-05,7.249229013484587e-06,0.00031015069436020505,0
0.8496280457018143,0.14998368027990056,1.0993177886300626e-05,3.1472091048702417e-07,1.857922604031766e-05,7.480531887974185e-06,0.00035090636156009865,0
0.9235339027366362,0.07637119649137562,3.7224598733482758e-06,7.343576417023455e-08,3.837568668169294e-06,2.6492047334607932e-06,8.461810294881723e-05,0
0.9617968664083385,0.03809555103782169,3.720284254108747e-06,7.339284409403947e-08,3.835325772742204e-06,2.587773124694369e-06,9.736577784411594e-05,0
0.9646684293565169,0.035215583517856384,3.866092977044785e-06,7.761298468892378e-08,3.985643306234327e-06,2.744074305277644e-06,0.00010531370205328069,0
0.9702051102347331,0.029680252269740814,3.6907789619578356e-06,7.526941592782898e-08,3.7945820600316886e-06,2.612530608023326e-06,0.0001044643344800106,0
0.9719292885724926,0.027926467730828755,4.213595983572044e-06,8.593169948900805e-08,3.994214274516573e-06,2.9385325773980646e-06,0.0001330114221436431,0
0.9192728482576412,0.08051428390050175,7.1828557404164305e-06,1.5686649981987634e-07,1.151372284278553e-05,5.335800073047254e-06,0.00018867859670094366,0
0.9246752534600783,0.07510349657190363,6.932792558015323e-06,1.4632462788873148e-07,1.0373201889390058e-05,4.977219234660177e-06,0.00019882042970804613,0
0.913175146371726,0.0866043487630083,6.485650044653106e-06,1.5235706935030088e-07,9.69683307338234e-06,4.205051511206041e-06,0.00019996497356711715,0
0.8757574280694866,0.12396802351072735,8.88014957584817e-06,1.8742585637875193e-07,1.328693792399074e-05,6.375273874951162e-06,0.0002458186325549001,0
0.8418231537030039,0.15792453232408704,8.53605722508557e-06,1.8016338822275828e-07,1.254651525444597e-05,6.128241665003527e-06,0.00022492299537626122,0
0.7815155674423192,0.21818830793946756,1.0666891629785102e-05,1.999443052511114e-07,1.3924051388126499e-05,6.801087802617509e-06,0.000264532643087539,0
0.6586921719103974,0.34104418254299973,9.434614635794829e-06,1.768460329528977e-07,1.2315495795341099e-05,6.015402119838874e-06,0.00023570318801880837,0
0.6372408913293175,0.36239558086657914,1.0781354642267054e-05,2.0168516145798695e-07,1.3563709183335282e-05,6.860302872033079e-06,0.0003321207522443691,0
0.6877621512180785,0.3115140618465658,9.347665539478745e-06,1.748653574750234e-07,1.202018633115176e-05,5.979720553117226e-06,0.000696264497574613,0
0.7595421065337276,0.23946591332793196,6.893526231888616e-06,1.289561467204434e-07,7.938602292851543e-06,4.409802674066977e-06,0.0009726092509949603,0
0.7635402947823686,0.23535056410164534,3.932303881200215e-06,1.3201216432163788e-07,7.359807222972894e-06,4.514306685178273e-06,0.0010932026860323025,0
0.8197756543146323,0.17974709196043387,7.057170029750108e-06,1.320174063569554e-07,8.98596591623565e-06,4.490560363696569e-06,0.0004565880112179598,0
0.9228376380299612,0.07714190235578856,4.7402694360319135e-06,9.784154037593241e-08,5.565788066029408e-06,3.3623031928821803e-06,6.693412014635439e-06,0
0.9403793326671565,0.059585236829827526,4.676445124139391e-06,1.0767989928142605e-07,5.994892819062664e-06,3.747480713697191e-06,2.090400445972043e-05,0
0.9422488247798076,0.05750999728659543,5.68108721375204e-06,1.1617486810383485e-07,5.129365440040764e-06,4.0431230019782606e-06,0.00022620818307294823,0
0.8152525934504641,0.18342306754112975,8.958238417066686e-06,1.8319066886109108e-07,7.691798471451252e-06,6.5055139566505e-06,0.0013010002668920283,0
0.4499896606862684,0.5219683902009489,7.6236734830307e-06,1.1835787992838263e-07,7.954398586065123e-06,5.536346761023401e-06,0.028020716336072622,1
0.2581104938895823,0.7218538570339746,5.3286026596059425e-06,8.710371673087487e-08,6.13787247862477e-06,3.7358174721060313e-06,0.0200203596801161,1
0.8772393340379598,0.1103818685572908,5.178233904318009e-06,1.7383953166510127e-07,8.99221135578433e-06,5.9131362452929305e-06,0.01235853998371214,0
0.8147508886351708,0.18300976923176582,4.752366667708329e-06,1.650910216084018e-07,1.0251699269569204e-05,5.61555645194513e-06,0.002218557419652799,0
0.828553961807066,0.16888357813561627,8.805396941000944e-06,1.7044967915370294e-07,1.019215099160564e-05,5.79783071288985e-06,0.0025374942289929313,0
0.7706330968386059,0.22925972478714027,9.258243399930773e-06,2.0976996852967344e-07,1.1795059664936293e-05,5.7896461708857695e-06,8.012565504954298e-05,0
0.7641127747104862,0.23583466295052133,9.40617504644341e-06,2.131217508811431e-07,1.2775407614392789e-05,5.882155284525093e-06,2.4285479296390383e-05,0
0.8235492317660329,0.17641110306540903,6.835819746946551e-06,1.6931110247283939e-07,1.0144276845511825e-05,4.672982424467777e-06,1.784277843872677e-05,0
0.7545220933333822,0.2454213681707757,6.929179194300249e-06,1.4624836365658979e-07,9.425463326566018e-06,5.089742151229705e-06,3.494786280645428e-05,0
0.5601658615402569,0.43925352461532036,8.386333662462328e-06,1.7149555541990228e-07,1.0829431537850915e-05,5.968396058220758e-06,0.0005552581876088081,1
0.40831770835878556,0.5896068020952347,9.803919566397574e-06,2.4578456264611954e-07,7.792012398024572e-06,4.9112606146728215e-06,0.0020527365688378665,1
0.6120749800274894,0.38242584574870897,1.1809376418181853e-05,2.9606142710662446e-07,9.40645602309276e-06,5.666452917054948e-06,0.005471995877016155,1
0.697590361758036,0.2944274146927344,1.3459310438283738e-05,3.3742532332988836e-07,1.0720668666632363e-05,6.45813514565766e-06,0.007951248009655765,1
0.6933528060022963,0.30041228252018354,1.3928334833759599e-05,3.1529660360209324e-07,1.001759555440324e-05,7.9604072444872e-06,0.006202689843283954,1
0.7021934763202342,0.29289762684500775,1.3279053036569176e-05,3.005987701655642e-07,9.550616369689451e-06,7.589325734474908e-06,0.0048781772408471235,1
0.7070310843272916,0.28768635836406514,1.4476997725515828e-05,3.277167204615719e-07,1.0412207186800337e-05,8.273982421308152e-06,0.005249066404589244,0
0.8113510922615162,0.18710108899486796,2.22816318159062e-05,1.9125383173204073e-07,1.4198902190150651e-05,8.640028562085863e-06,0.0015025069272156999,0
0.8354883571922918,0.161608494802611,1.2691346799200582e-05,1.9789559784201103e-07,1.150517538924246e-05,7.775098837530261e-06,0.0028709784884732572,0
0.7997587480034234,0.19810171230969198,1.2609407049591381e-05,1.799690912599532e-07,1.2141893315456664e-05,8.339315493276038e-06,0.002106269101935078,0
0.745937458950736,0.2521434394979594,1.6541728257884366e-05,2.0916102764423705e-07,1.4111372489731098e-05,9.691996476793108e-06,0.0018785472930523469,0
0.5581537129002908,0.4410870164866385,1.6017328369663413e-05,2.0253028037243743e-07,1.4609587346929075e-05,9.434745961609465e-06,0.0007190064211121547,1
0.5197090925875647,0.48011773746038094,1.4015424596006577e-05,1.8754133363040235e-07,1.391259646580225e-05,8.736495287768791e-06,0.00013631789437109192,1
0.5453266342019877,0.4544929648516765,1.4572089472986209e-05,1.949901035694672e-07,1.454740756467533e-05,9.08349155900446e-06,0.0001420029676356089,1
0.5041865273558805,0.49576916302496665,1.3272517785495284e-05,1.776004479260838e-07,1.287948308002557e-05,8.567264626277049e-06,9.412753212988134e-06,1
0.3177896592155622,0.682166768878121,1.7211406652450142e-05,2.0847810635200043e-07,9.76019630490697e-06,1.0799434677802136e-05,5.59239057531058e-06,1
0.38527804206458954,0.6146892122278264,1.216386355998978e-05,1.8187775460367937e-07,9.66777672553375e-06,6.267536964043161e-06,4.46465257994905e-06,1
0.3215677003038983,0.6783974006180964,1.2401060156628258e-05,1.613317992299759e-07,1.1191278976475174e-05,7.013744161085428e-06,4.1316629119218755e-06,1
0.2569849186002614,0.7416050529530359,1.2376774119606989e-05,1.6101584962572267e-07,0.0013833634663156897,9.952161314902185e-06,4.1750291027759895e-06,1
0.18119486671916832,0.8167409638140133,1.204634459657391e-05,1.567171212269949e-07,0.0020382163760292987,9.686463008974323e-06,4.063566062265777e-06,1
0.1147998581442673,0.8831316856866608,9.392713913796704e-06,9.306250985200681e-08,0.002048062125405405,7.75543249063013e-06,3.1528347521714627e-06,1
0.12418354467809677,0.8741568873621688,9.830101786220891e-06,7.923379403708088e-08,0.0016401454371329886,6.490980494510198e-06,3.022206526553616e-06,1
0.12205897979024256,0.8702685975391887,2.2382036300212707e-05,9.513384078777262e-08,0.007603061323171492,3.5714672410189334e-05,1.1169504845826813e-05,1
0.12104351595351878,0.849725440517599,2.907174139712945e-05,1.4172366531934567e-07,0.02913416678078965,6.0768041552703754e-05,6.895241477540143e-06,1
0.003234825566065394,0.06777415961757714,2.3885147460008695e-06,4.1395734389332464e-08,0.9289781068263396,8.653091570036222e-06,1.8249879674685314e-06,4
0.844393567905221,0.003434782563202457,8.902352521780283e-06,1.8751821897968378e-07,1.1491744796766716e-05,6.378415580626783e-06,0.15214468950045842,0
0.42815503634209495,0.5700150278088613,6.507272777302536e-06,1.611735781226126e-07,1.761836893805915e-05,4.614534124014968e-06,0.001801034499626109,1
0.4881381871311335,0.5047509265697264,7.822547300638283e-06,1.755345211893073e-07,1.3029669243138741e-05,5.025699915618135e-06,0.00708483284815934,1
0.4770204082208292,0.5174802849760026,8.804573046684305e-06,1.9757074705063197e-07,1.6177342000182946e-05,6.392214952294793e-06,0.005467735102422024,1
0.20937179829853947,0.7898492104780757,5.156460881190617e-06,9.305703362878768e-08,7.43488322105586e-06,3.22134679674112e-06,0.0007630854754522635,1
0.16066219099624315,0.838668402500937,4.405584735571356e-06,7.950620713288078e-08,6.352226611263698e-06,2.752259078988198e-06,0.0006558169261867354,1
0.15276290827858646,0.846703403719666,4.179004397863333e-06,7.541718278235574e-08,6.02552998932451e-06,2.6107096981439224e-06,0.000520797340479425,1
0.14248639291501544,0.8571805653343343,3.805056335860527e-06,6.866865929250414e-08,5.565762963140263e-06,2.3770966795570067e-06,0.00032122516601252546,1
0.15783557516126992,0.8418915930501882,4.0716634599895175e-06,7.348003451426617e-08,5.95573670497474e-06,2.543651614247596e-06,0.000260187256728018,1
0.37400275353096224,0.6256167655721999,7.763510971789748e-06,1.9619645003682625e-07,1.2487009849363093e-05,5.390208104916388e-06,0.00035464397146166163,1
0.6811695899299987,0.31823708710779586,1.3136786631988163e-05,3.2537485041291345e-07,2.474953056438101e-05,8.939194136807503e-06,0.0005461720760221468,1
0.9705251901470681,0.02937416101469882,3.6352862031508826e-06,8.569238391273335e-08,3.7375285682888968e-06,2.5732498674530707e-06,9.061708121033501e-05,0
0.9768002376336931,0.023092680928100767,3.824456049616232e-06,7.799561449314303e-08,3.932018813598951e-06,2.707154395223446e-06,9.65398133333114e-05,0
0.9735687919034925,0.0263067324120136,4.6013446104057535e-06,8.607665376624528e-08,4.0009519329911065e-06,2.9434894544111777e-06,0.00011284382184218475,0
0.972360115070977,0.02754637506970307,3.992611348807278e-06,7.468917322933573e-08,3.765330092190222e-06,2.592390929892315e-06,8.308483777583374e-05,0
0.938484095283567,0.06129061176116014,7.859373349005722e-06,1.716409785454873e-07,1.1543180966335217e-05,5.838352656000731e-06,0.00019988040732289852,0
0.9234101996153354,0.07635073870775008,7.720383029037479e-06,1.81362689085526e-07,1.1542908571958651e-05,5.0056059299881535e-06,0.00021461141669431685,0
0.9279141824480408,0.07179992132435069,7.536621084947656e-06,1.9046257646990148e-07,1.2122074929838538e-05,5.256762606607422e-06,0.00026079030641058435,0
0.8853209415520947,0.11437830081129387,8.193212980827703e-06,1.729272628021547e-07,1.225910795133144e-05,5.882105500862868e-06,0.0002742502829155285,0
0.7802486417966751,0.21940406806307303,1.0005541712536048e-05,2.111785627018876e-07,1.4706401142252248e-05,7.183220073021416e-06,0.0003151837987615179,0
0.6614329647926257,0.33821998150192284,1.0502340392287357e-05,2.0369533622619628e-07,1.36988972446015e-05,6.928678788416533e-06,0.000315720093689857,0
0.4413380750132666,0.5565564925082827,1.3666235257854932e-05,2.5565218434589297e-07,1.573807118493152e-05,8.742318337128632e-06,0.002067030201486595,0
0.9250704753000266,0.07490845018910383,5.3274080134696274e-06,9.765582356602875e-08,5.457109985155759e-06,3.35592107522017e-06,6.8364159722701e-06,0
0.921756017835745,0.07822365474576405,4.714319958970994e-06,9.730593014494209e-08,5.359973926334018e-06,3.343897064126641e-06,6.8119216115124775e-06,0
0.9193669564060055,0.08061646536015309,4.667116375209925e-06,9.633162448388768e-08,5.3063055329303425e-06,3.3104152626094294e-06,3.198065046239882e-06,0
0.9259015718196458,0.07407923173818022,5.041348979954017e-06,1.2235540793804058e-07,6.765753857431285e-06,3.4906921693122364e-06,3.776291759427189e-06,0
0.9122604395896284,0.08770965487842193,5.361652986927164e-06,1.2097595879291497e-07,7.1956185780341105e-06,4.253516165664873e-06,1.2973768260295488e-05,0
0.9401394119816163,0.05872656188924216,5.558146088106965e-06,1.1366079491344621e-07,4.772382425450426e-06,4.036351263033488e-06,0.0011195455885697997,0
0.4662688195501766,0.5240809010618276,7.646720969019944e-06,1.2246565185290951e-07,8.230880733609057e-06,5.728493239172032e-06,0.00962855082740201,0
0.45022950421069585,0.5349207220393452,7.822624311694292e-06,1.2528282245596875e-07,8.420221947975519e-06,5.860270129337139e-06,0.014827545350747562,1
0.3720579000972814,0.6060574523075696,7.682327197478762e-06,1.2303590150578675e-07,8.306027437315842e-06,5.755167422763289e-06,0.021862781037189822,1
0.8483956814459901,0.12540298759958382,6.878818497530389e-06,7.316795962633974e-46,1.192572139711813e-05,7.855070229373017e-06,0.026174671344301827,0
0.8638536250936741,0.1263838198651907,6.463123865663457e-06,2.1697483092904994e-07,1.1223474430190684e-05,7.3803796224816726e-06,0.009737271088386,0
0.8774700581611404,0.11811704623433235,4.60597923099833e-06,1.5462825495546788e-07,7.998468109166042e-06,5.259666372577608e-06,0.004394876862559537,0
0.7616912766506074,0.23823561103389707,9.333453348257077e-06,2.1147404864638817e-07,1.224198983153012e-05,5.836678741809878e-06,4.548871952499572e-05,0
0.8486454442375267,0.1513101080490152,8.371427558943974e-06,2.19678669945667e-07,1.0581909333327435e-05,5.245579741568616e-06,2.002911815405392e-05,0
0.8279349611354724,0.17202768636942245,6.437258000365046e-06,1.5943943656951334e-07,9.552815858091917e-06,4.4005246789760975e-06,1.6802457131017867e-05,0
0.7661255685120674,0.23382325371214027,6.9133917337598785e-06,1.4591515099090762e-07,9.403988325534832e-06,5.078145669002878e-06,2.9636334913091847e-05,0
0.3564940746430133,0.6429028615177267,9.503310859872735e-06,2.3824829320200252e-07,7.569618624362166e-06,4.76067107843842e-06,0.0005809919904042963,1
0.43732019379462483,0.560563274114352,9.945782795395948e-06,2.4934107812534063e-07,7.904763225047655e-06,4.982326812689991e-06,0.002093449877111947,1
0.5085763847522744,0.4886652756907709,1.0384361243096116e-05,2.6033625319016517e-07,8.253338983838975e-06,5.20203210933653e-06,0.002734239488365202,0
0.7766194150025606,0.21574959210429676,3.315167396058584e-05,2.28876745364585e-07,1.4894297430621136e-05,1.0550673927439803e-05,0.0075721673710787505,0
0.8697365911587382,0.1286376201210849,1.3699287846793007e-05,1.4788233551011707e-07,1.2384570270034855e-05,6.510039615719119e-06,0.001593046940109004,0
0.5614537208437086,0.43849121314000955,1.668853326634772e-05,2.0162211264292608e-07,1.493809192558112e-05,1.0289943659866698e-05,1.2947825317347704e-05,1
0.31811441141706287,0.6818416812307277,1.4750487637249004e-05,1.9737726133367743e-07,1.3440478464566937e-05,1.0224396594707832e-05,5.29461225151079e-06,0
0.30457659135326826,0.6953788287806579,1.588499815397318e-05,1.9424977710992502e-07,1.3227511256117554e-05,1.006238887998289e-05,5.210718006674286e-06,1
0.343514406330667,0.656438526392819,1.8385221130302767e-05,2.2269627134529814e-07,1.0026247883014147e-05,1.1535953954431001e-05,6.89715727496257e-06,1
0.34122178350401045,0.6587296563475804,1.9181819939104234e-05,2.3234530320740615e-07,1.0877572755762204e-05,1.203578624436425e-05,6.232624166687751e-06,1
0.32732546559596615,0.6726251727313595,1.9409567753399467e-05,2.3242383151916083e-07,1.1445096301644728e-05,1.2039854112151384e-05,6.234730675607256e-06,1
0.3316703468419023,0.6682889873577608,1.4718575920901083e-05,1.8610827218782582e-07,1.204889112751207e-05,8.719901526742612e-06,4.9923234894182755e-06,1
0.361691640304925,0.6382679787322803,1.4678428256473867e-05,1.856006271208655e-07,1.2016025526905935e-05,8.522202389365167e-06,4.978705994815372e-06,1
0.46030500037723815,0.5396572465545457,1.3200655703638544e-05,2.301622818299799e-07,1.1777225579987392e-05,7.388613224173076e-06,5.156411426411021e-06,1
0.3897705719993924,0.6101917411723506,1.3153022099191063e-05,2.0481071660531584e-07,1.1278759662288083e-05,7.841619066343329e-06,5.2086167124509875e-06,1
0.31421653721248805,0.6857482850524274,1.3114346114428817e-05,1.7061130481127363e-07,1.0106307468771778e-05,7.417161704305227e-06,4.369308492236561e-06,1
0.1866632332458183,0.8114431595439546,1.2267789680028966e-05,1.5959801473877594e-07,0.0018648746764691906,9.864526951293946e-06,6.440619112016936e-06,1
0.10490976156897087,0.89369132584594,9.345326897452839e-06,1.5426221515098224e-07,0.0013800447175911406,6.23134994466938e-06,3.136928440821853e-06,1
0.11632596201924551,0.8798351333666614,1.3157191321269646e-05,1.0091374631073121e-07,0.0038050600594118533,8.738335744841771e-06,1.1848113868783478e-05,1
0.1296455442547555,0.8554384976942974,2.6278479093219596e-05,1.1169549600701034e-07,0.014835433018684492,4.193216647778504e-05,1.2202691195760444e-05,1
0.118512004735899,0.8325180743713115,3.114386012173811e-05,1.3885369004914733e-07,0.04888021734037315,5.16652292234558e-05,6.755609380966891e-06,1
0.004033705716537338,0.07944395890628532,3.8450519736989385e-06,5.558487785025145e-08,0.9165072709604296,9.024553531628664e-06,2.1392263645927025e-06,4
0.003334951453747755,0.10942757148155079,6.495825941958518e-06,6.741532335519452e-08,0.8872161500551907,1.203665612788324e-05,2.727112117576952e-06,4
0.5657594640211892,0.42889621759664937,8.684446239880968e-06,1.8041114038418433e-07,1.4288066660644121e-05,5.867121974849643e-06,0.005315298336145787,1
0.512855301135274,0.482657026934846,7.147682379721164e-06,1.6039084915922825e-07,1.1888484805179873e-05,5.216045271167732e-06,0.00446325932657474,1
0.45566097330653266,0.5375266307161034,8.097158848175765e-06,1.8169668354607738e-07,1.4335268351279433e-05,5.878624617681721e-06,0.006783903228863253,1
0.4596927559792533,0.5355105930261573,7.691553740656084e-06,1.557111589898765e-07,1.2360383146206141e-05,5.374219159555065e-06,0.00477106912738399,1
0.3192732050058905,0.6794943717877601,6.064472370517457e-06,1.2787043916534832e-07,8.915193210669835e-06,3.7886001842761313e-06,0.0012135270701448312,1
0.22700328714296164,0.7722024851031537,5.59069358703849e-06,1.008934951945496e-07,8.060985024817939e-06,3.49262086790217e-06,0.0007769825609095571,1
0.15393518414184615,0.8453887588111032,4.440887244989118e-06,8.01433004575005e-08,6.40312780899967e-06,2.7743132801641746e-06,0.0006623585754158427,1
0.8592667536630874,0.14017304947012535,1.3042738365529186e-05,3.2304544205088906e-07,2.204312408879211e-05,8.875197077583001e-06,0.0005159127618134584,0
0.9189021911869213,0.08048215194590025,1.1842059612180224e-05,2.630527843548249e-07,1.9660419578733595e-05,9.31679637128732e-06,0.0005745745388318147,0
0.9273033556000484,0.07259767756883068,3.5868614185694496e-06,7.076071152070031e-08,3.697777132674967e-06,2.4949662302620978e-06,8.91164656278926e-05,0
0.9461130771508639,0.053765121196191465,3.996072127163846e-06,8.90869200431072e-08,4.4911684834008046e-06,3.1636775240714037e-06,0.0001100616478902765,0
0.9774814590021986,0.022413937396924665,3.704613737900231e-06,8.750182089161338e-08,3.816448328625704e-06,2.627585308404386e-06,9.436745168083534e-05,0
0.9755457098699162,0.024343230259602548,3.7808358696227084e-06,7.710602844515123e-08,3.887171816754962e-06,2.676277700483613e-06,0.00010063847906595011,0
0.9698202540635659,0.030049093980189647,4.355359038824521e-06,8.14750390928721e-08,4.107428201364419e-06,2.827921949389369e-06,0.00011927977201571907,0
0.9698709151963426,0.030001277218185875,4.348428408345683e-06,8.134538884264764e-08,4.100892100246642e-06,2.8234219111882754e-06,0.00011645349766291591,0
0.9319729958681984,0.06781423035730415,7.890834128884664e-06,1.6621170173753722e-07,1.1984180370197672e-05,5.653676287102857e-06,0.00018707887200958826,0
0.9365857215598488,0.0631725307710175,7.257888920038643e-06,1.6444665198149315e-07,1.1221077544389045e-05,4.538723705938664e-06,0.00021856553231138485,0
0.9376718722525363,0.062021047461009574,8.1194108934841e-06,2.0519061536467133e-07,1.2135799719539808e-05,5.663256131821919e-06,0.0002809566290939337,0
0.9006156197202316,0.09910480593949084,7.099133111144016e-06,1.611723652645671e-07,1.0622089206522002e-05,4.448353469980167e-06,0.00025724359212445655,0
0.8149457786933668,0.18462694117727882,9.626950194523779e-06,2.1856166222604383e-07,1.4404339537239238e-05,6.911420077599469e-06,0.0003961188578826828,0
0.7504845148110361,0.24907980382178743,1.0675303510408047e-05,2.253146622645959e-07,1.5972939853212372e-05,7.664058245390358e-06,0.0004011437509053438,0
0.7425604552293572,0.2564520656355651,7.226720393589419e-06,1.3518915922483074e-07,7.914381119691354e-06,4.62294765325844e-06,0.0009675798967518759,0
0.9304281664791502,0.06947364825397333,4.342967476833556e-06,8.124323202745306e-08,4.193597474434432e-06,2.7634813289290456e-06,8.680397736451156e-05,0
0.9164394914103742,0.08353974412619816,5.252834392479307e-06,9.628882701616838e-08,5.365676573057365e-06,3.308944536966644e-06,6.74071909822568e-06,0
0.92655064564512,0.07343367668677667,4.369800208871347e-06,9.019486958297155e-08,5.123811992102604e-06,3.0995270190473686e-06,2.9943340134548507e-06,0
0.9174089001971168,0.08256518261363671,4.99510808057075e-06,1.2123312417431807e-07,6.703696153309345e-06,3.4234613594624737e-06,1.0673690528908255e-05,0
0.9312171665135826,0.06835808213646834,5.850657051444017e-06,1.1964247083321513e-07,4.851879081196432e-06,4.163802668636881e-06,0.00040976536867729543,0
0.9377346087619757,0.061876657366589385,5.199944432526244e-06,1.0633578325178193e-07,4.3122509820210645e-06,3.776223572612102e-06,0.00037533911666424357,0
0.4087081677165018,0.5723676430730721,7.615409037483033e-06,1.2196417728335518e-07,8.197176774086618e-06,5.705036101290145e-06,0.018902549624335855,1
0.3058710300307892,0.6808065210611728,6.098690390402436e-06,1.0322131097614425e-07,7.88575255872697e-06,4.326446244790417e-06,0.01330403479753317,1
0.3019201752945964,0.6720127243165295,6.233038513155979e-06,1.018880287581288e-07,7.78389439045927e-06,4.270562689439022e-06,0.026048711005252242,1
0.4574518104459552,0.5257518308370788,6.451269750583656e-06,3.1211186629895304e-08,7.630661053031806e-06,4.043914581887406e-06,0.01677820166039386,1
0.7973650312137589,0.16739093223519613,6.982161163303269e-06,6.2866012952369775e-46,1.2104885281277211e-05,7.97307943366123e-06,0.03521697642516675,0
0.8499587534955896,0.1339942457840495,6.9651858643023884e-06,2.3382965524230803e-07,1.2213585990236537e-05,7.953694976015721e-06,0.01601963442387496,0
0.8661593021738145,0.11923561547502447,6.48037433047635e-06,2.1755394975208687e-07,1.123494373954522e-05,7.571322376090136e-06,0.014579578156765204,0
0.7684624790184286,0.2314322231970541,9.503503053230999e-06,2.1532697405782487e-07,1.2980973862434523e-05,6.809131833069741e-06,7.578884879440985e-05,0
0.7772409091016654,0.22270583837930769,9.499455515201315e-06,2.152352663884072e-07,1.3071023057759438e-05,5.940488262546244e-06,2.452631692503246e-05,0
0.5713281175751038,0.42779773625156303,8.899468764649412e-06,1.8198886428369297e-07,1.1492052616675434e-05,6.333584666794304e-06,0.000847239078420721,0
0.5060655017247301,0.4931997454718605,8.015723953522725e-06,1.6391680641745151e-07,1.0350856199477617e-05,5.821055616576768e-06,0.0007104012508334001,1
0.4967846829688391,0.5025497517236757,1.0454999730748683e-05,1.5495143965691616e-07,1.0543739312398431e-05,5.237418366836762e-06,0.0006391741986355898,1
0.47808123393913504,0.5212005415199675,1.1318057285132137e-05,2.8374404145097407e-07,9.01510836385304e-06,5.6697659137880064e-06,0.0006919378652932774,1
0.683681428565806,0.30917969467878376,1.3527747745638986e-05,3.391410487132993e-07,1.077518064924517e-05,6.641179802161549e-06,0.007107593506164556,0
0.727102509098553,0.2624794150621708,1.3483360457020583e-05,2.3648227581780084e-07,1.3324482499451199e-05,6.404839998072797e-06,0.010384626674045772,0
0.7899772773009036,0.1990192649545738,1.5162947615445305e-05,2.4505735701557884e-07,1.3807641412549606e-05,8.666020704299077e-06,0.010965576077433224,0
0.8107732519697807,0.18255602112362665,1.489576120636013e-05,2.407391995635145e-07,1.356433686382209e-05,8.513316691084596e-06,0.006633512752632023,0
0.7658994695410558,0.22604081334876278,1.5785877651169996e-05,3.5734591878335907e-07,1.1353585311391388e-05,9.022041494176441e-06,0.008023198259805958,0
0.7466743906974593,0.24723544856694143,1.5928164435889337e-05,3.605668738002311e-07,1.1455921411080779e-05,9.2891359079761e-06,0.0060531269469708045,0
0.710888121993121,0.28184816430735554,1.9128505608562458e-05,4.121516655414411e-07,1.309487208329833e-05,1.0618093657805961e-05,0.007220460076508325,0
0.8273429248626024,0.17133460142435877,2.258156547909346e-05,1.9382830485967952e-07,1.5266766696718492e-05,8.756332225932381e-06,0.001275675220332253,0
0.8852736440265516,0.11278077254651656,9.882017388898741e-06,1.658395630554212e-07,1.0877406142050725e-05,6.515652738057029e-06,0.0019181425110999092,0
0.5756519543214954,0.42190183330873043,1.6318389100720474e-05,2.0633702721953344e-07,1.565546063633471e-05,9.756255127654957e-06,0.002404275927882232,0
0.5204908299123888,0.4789365431759239,1.5586035010260305e-05,2.0855777659902068e-07,1.5823956106887056e-05,9.715533089232043e-06,0.0005312928297043652,1
0.4895597347831558,0.5102583885656101,1.4804981594725752e-05,1.9810644862229512e-07,1.4572428515461827e-05,9.228664536833167e-06,0.00014307247013844743,1
0.48443434781981193,0.5155192323783169,1.5649645994391415e-05,2.0940895943089075e-07,1.4095732295464266e-05,1.0847654067339057e-05,5.6173605545399365e-06,0
0.36913542512905934,0.6308178332162526,1.7929972454889577e-05,2.2817282395448348e-07,1.0643164865401626e-05,1.181964643992674e-05,6.1206981037642635e-06,0
0.33676837866753356,0.6631847011726197,1.7983415735631725e-05,2.288529312061264e-07,1.0714072439596155e-05,1.185487687235218e-05,6.13894186782583e-06,1
0.3249393960681748,0.6750172232060261,1.6207651886188224e-05,1.94900762983428e-07,1.261812839510083e-05,9.13186416016637e-06,5.228180594604222e-06,1
0.3275158246240177,0.6724410743192176,1.606233614769001e-05,1.939371046230125e-07,1.2555739901928184e-05,9.086712991389923e-06,5.202330619146811e-06,1
0.415952947807093,0.584007434238445,1.2888190653282394e-05,1.839480596299268e-07,1.162819742073603e-05,8.446321640262452e-06,6.471296688051131e-06,1
0.3362304460510388,0.6637342451653166,1.3670293800128543e-05,1.7756007605300305e-07,8.884419949381815e-06,7.719252823080419e-06,4.857256995977808e-06,1
0.23171706893798075,0.7682484054830809,1.3438993689986051e-05,1.748348128677444e-07,8.833504427786028e-06,7.600774638096058e-06,4.477471369477202e-06,1
0.27166637066591387,0.7282227864175269,1.3023898882688542e-05,1.6943463003930023e-07,8.283789467788784e-05,1.0472514192866802e-05,4.339174175642059e-06,1
0.2620501917729049,0.736522357998302,1.3362196645106462e-05,1.7383572042972031e-07,0.0013961544716760439,1.0744539348332798e-05,7.015185403047933e-06,1
0.10229383191216557,0.7997565260788153,2.8743934481330905e-05,1.4899490983526192e-07,0.09784973232741653,5.989643542544387e-05,1.112031678577977e-05,1
0.015524534122857984,0.16508354640099487,6.350153284988593e-06,4.1946693580968764e-08,0.8193713160633072,1.1534398343312681e-05,2.6769145182026675e-06,1
0.534751594697288,0.4558581742001881,7.711089863480185e-06,1.730334653167608e-07,1.2901210255322905e-05,5.598334372657539e-06,0.009363847434567195,1
0.4878585415887466,0.5074153416864604,8.297388543446954e-06,1.7135810791005523e-07,1.3846999546844466e-05,6.0239935350862764e-06,0.004697776985059761,1
0.436023343421059,0.5603908892297895,6.764228273846776e-06,1.3693797894506164e-07,1.0870164335095054e-05,4.619384642585746e-06,0.003563376633921112,1
0.15521345256977137,0.8441814239302186,3.5327401959373803e-06,7.17872378624688e-08,5.735511969989372e-06,2.4850522278373786e-06,0.0005932984083783529,1
0.14947402341972985,0.8501356601814152,3.5182470555033503e-06,7.149272921988355e-08,5.747783761955488e-06,2.4748572491731162e-06,0.0003785040180590212,1
0.1543119264597958,0.8454973100507308,3.6763028434894763e-06,7.745352789975337e-08,5.921706973155785e-06,2.6812016702731463e-06,0.00017840682445861147,1
0.18534849920713573,0.8144235799234837,3.9550995903838466e-06,1.1462944032039718e-07,6.853571240019636e-06,3.1031266388859912e-06,0.00021389444247090454,1
0.18843164608575874,0.8113009958342191,4.394365399756238e-06,9.25819002355826e-08,5.900190287524777e-06,3.2048991476538777e-06,0.0002537660432872968,1
0.21206801336376963,0.787555364709001,6.103165651763827e-06,1.3828334505781675e-07,8.176473006967027e-06,4.293178823967246e-06,0.0003579108264015573,1
0.9705943024882379,0.029275953584628468,3.81487934308018e-06,8.793019942191777e-08,3.932846004511133e-06,2.7077239076341845e-06,0.00011920054767929104,0
0.9644485089685648,0.03542095545431252,3.8377509456297005e-06,1.0224487467929024e-07,3.9564248605152695e-06,2.7239577067821386e-06,0.0001199151987350709,0
0.9726261911666036,0.02726223952608146,3.6809666907955737e-06,8.694328501533617e-08,3.7920874263064696e-06,2.61081307843513e-06,0.00010139849683425721,0
0.9751062028429213,0.024732735863355653,3.5194268836433977e-06,8.312776516027372e-08,3.625671068048861e-06,2.4962371323241777e-06,0.00015133683087387243,0
0.9735206425600571,0.02634803524094497,4.092209442654073e-06,8.345615323425522e-08,3.924294100631984e-06,2.8966845572633823e-06,0.00012032555474425354,0
0.96311308135494,0.036648636852375564,5.774362580768315e-06,1.1776183382691224e-07,5.473719249842934e-06,4.027000363454741e-06,0.0002228889486565504,0
0.9258192262398937,0.07392660799737567,8.996021864057622e-06,1.682872127236254e-07,1.1187432128929832e-05,5.724274609140362e-06,0.00022808974691571575,0
0.8023609836903816,0.19705346369512608,9.437460716784159e-06,2.14259662694284e-07,1.4120815604846998e-05,5.913561623659024e-06,0.0005558665168844391,0
0.7826138234726949,0.21697659170430206,1.003587169025014e-05,2.1181871205955974e-07,1.5016188975482808e-05,7.204994696623972e-06,0.00037711594892891393,0
0.6674209408169532,0.3317271127672036,1.1332988925667446e-05,2.1200450009445115e-07,1.4087283975991196e-05,7.211314260146349e-06,0.0008191028241811189,0
0.8100368918648172,0.18918570059927414,6.556634040019522e-06,1.226539557281649e-07,8.524611257684199e-06,4.194292057496849e-06,0.0007580093445976814,0
0.9162550808473977,0.08363606491747634,4.551862649832604e-06,8.515100225596763e-08,4.3953080040626795e-06,2.9118357441454274e-06,9.691007772553722e-05,0
0.9158195528903241,0.08407403552524248,4.63026368020522e-06,8.66176384064179e-08,4.317713611722272e-06,2.9462912850534818e-06,9.443069821796289e-05,0
0.8971246524983782,0.10279002941864017,5.75854265342135e-06,1.0495576051867396e-07,5.69682310719143e-06,3.6067818162654513e-06,7.015097964405145e-05,0
0.9198862437911689,0.08009542607169183,4.77051512765714e-06,1.181571787330664e-07,6.533608945190721e-06,3.2611353389119386e-06,3.646720548656033e-06,0
0.92994287205311,0.06992383498526734,5.164096465579711e-06,1.0560271356369074e-07,5.879249084008958e-06,3.675190402618463e-06,0.00011846882295677002,0
0.9180835279280599,0.08172643109496255,5.930905299623983e-06,1.2128349997026197e-07,6.752249843234449e-06,4.220913838713532e-06,0.00017301562449605399,0
0.6800045839224492,0.3120761428912106,9.92776983862202e-06,2.0942985760392952e-07,1.1203969812847682e-05,7.437326748420802e-06,0.007890494690082461,0
0.5999657516600627,0.3916235598541183,9.26075245008866e-06,1.483150869560098e-07,9.96771248934901e-06,6.93763483915616e-06,0.008384374070953406,0
0.33811231095829775,0.6468893135441184,7.313142785135117e-06,1.057045931164391e-07,8.075466759279962e-06,4.430531211247747e-06,0.014978450652235187,1
0.40554293437006617,0.5736312861646015,7.382154506591756e-06,3.904166458572553e-08,9.545093973276668e-06,4.943482469328401e-06,0.020803869692718652,1
0.7671639395871266,0.16371857770670625,6.7895395414918315e-06,1.929417245433607e-07,1.1770939590224456e-05,7.932534454389644e-06,0.06909079675085644,0
0.8614104809598728,0.13852969526214978,6.904382191903191e-06,1.7100927234471573e-07,1.0246022714857779e-05,4.829073241898264e-06,3.767329055641905e-05,0
0.8662414716160902,0.13368961629426634,6.737867357568789e-06,1.5514624018348462e-07,9.998916641130887e-06,5.399406451622945e-06,4.662075295280295e-05,0
0.7290965985913729,0.2673344572446654,1.389388875450186e-05,3.4832021497641434e-07,1.1042660305263297e-05,6.9601253011609446e-06,0.0035366991693859336,1
0.7384213264371042,0.25166571509344454,1.3659238919676218e-05,2.444811505555908e-07,1.0879916572820418e-05,6.7057327895174874e-06,0.009881469100018823,0
0.8011054658329748,0.18773778691015267,1.3622454174412162e-05,2.894856193608605e-07,1.4002145787848947e-05,8.788096509504218e-06,0.011120045074781317,0
0.7803021313320844,0.21074571003510673,1.44084875801887e-05,2.3286408253472954e-07,1.0362933031960444e-05,8.234827083380673e-06,0.008918919521030837,0
0.7649038534454082,0.22757644581256517,1.4728193839098019e-05,3.334030628991863e-07,1.0592873512009945e-05,8.417547562885593e-06,0.0074856287240499374,0
0.7738425503702171,0.22014706393496086,3.493292740320193e-05,2.4117438955293386e-07,1.5694574321772522e-05,1.1117566093353223e-05,0.005948399452614358,0
0.7827111392723995,0.20865953450622063,2.7676587950598588e-05,2.2135529750613147e-07,1.5805894288181616e-05,1.0203953059444346e-05,0.008575418430784038,0
0.770805066498607,0.22248337820812225,2.7236859168963965e-05,2.1783837932768832e-07,1.55547684394898e-05,9.8410045030978e-06,0.006658704822780079,0
0.7918166654845628,0.20218664386912105,1.2970054670091304e-05,1.7976955260140199e-07,1.2346488334255954e-05,7.913770803647908e-06,0.00596328056295558,0
0.7915137605362106,0.20354495253469496,1.591928657639117e-05,1.8097726116430214e-07,1.2209911058596667e-05,7.966936251445325e-06,0.004905009817946731,0
0.46514150146617433,0.5347474866095885,1.638705291899511e-05,1.9623011058930018e-07,1.431685027678421e-05,9.141256507540663e-06,7.09705344231847e-05,1
0.49941561843823457,0.5005388124806931,1.5374329868730413e-05,1.9768603970789426e-07,1.4847313019029335e-05,9.846856964753422e-06,5.302895180112004e-06,0
0.5736097885254816,0.42633980780047004,1.6110823080244667e-05,1.6418405314378812e-07,1.6267295465520623e-05,1.1002295501649133e-05,6.8590759478216145e-06,0
0.5413601013165288,0.458594651759202,1.5290609145751087e-05,2.0460466335300746e-07,1.375257367581323e-05,1.044216048949483e-05,5.556976294866449e-06,0
0.34383432299250144,0.6561258140207644,1.6197832934133207e-05,1.9478268781370824e-07,9.119025988509805e-06,9.126331875971764e-06,5.225013247788417e-06,1
0.3183448055423806,0.6816149591410263,1.6214876053287236e-05,1.9498763526384253e-07,9.459007508771735e-06,9.135934466777209e-06,5.2305109290971186e-06,1
0.3392554940921689,0.6607013520300823,1.6122898250521757e-05,1.9388158090986122e-07,1.2552145224663759e-05,9.08411148794579e-06,5.200841204763848e-06,1
0.3199142351170283,0.6800445055733869,1.548023104859388e-05,1.8615335914894663e-07,1.2051810115902157e-05,8.547582121553917e-06,4.993532939661534e-06,1
0.39509474885273727,0.6048575403083156,1.596921787606975e-05,2.377740090312435e-07,1.32895925305752e-05,9.17204591049098e-06,9.042208620948883e-06,1
0.3606991459092926,0.6392679667593758,1.232700701727741e-05,1.69707989178342e-07,8.491531869897702e-06,7.256625767273881e-06,4.64245868797535e-06,1
0.33920217866379576,0.6607627315735568,1.3838117386949816e-05,1.7541425557077192e-07,8.777051385885395e-06,7.5006227643434835e-06,4.798556854701014e-06,1
0.16000432158101136,0.8399571050843736,1.2437628329684074e-05,1.6180753348810664e-07,1.3003729776985386e-05,8.826322639680705e-06,4.14384633515047e-06,1
0.10865898230139444,0.8894617030317243,9.169626615104978e-06,1.1929241060017429e-07,0.0018610741389257983,5.896563173640354e-06,3.0550457560316997e-06,1
0.1783381855446548,0.8159193354907298,1.2313060350572213e-05,1.1608721072633601e-07,0.005710997933196582,7.963913975078166e-06,1.1087969882367321e-05,1
0.10881359705302295,0.8790218509274509,2.0438970884527298e-05,9.43967067845969e-08,0.01210303720871738,2.9898484040031978e-05,1.1082959177615392e-05,1
0.09097522423361344,0.7986107612949759,2.8785685988904552e-05,1.487814534706136e-07,0.11031416499333847,5.981062527679218e-05,1.1104385352971394e-05,1
0.061879812355811296,0.5915973914658473,2.1271182952138357e-05,1.1021479303507863e-07,0.34644364972059966,4.95391184902699e-05,8.225941506218928e-06,1
0.002940561663078284,0.07127892186765257,2.4378865782452967e-06,3.2544349997249455e-08,0.9257682092925904,7.974034339924549e-06,1.8627114104277242e-06,4
0.5323940601243494,0.46192651976741395,8.63524691734144e-06,1.7833557695214933e-07,1.4156313998482319e-05,6.155078933995079e-06,0.005650295132809838,1
0.40501877044633644,0.5903851845385868,7.084140048126494e-06,1.3975415602135066e-07,1.1971040422075104e-05,4.837856798944491e-06,0.004572012223651656,1
0.17273271175540666,0.8266552469089177,4.692888864333197e-06,8.46910947113754e-08,6.766478303555848e-06,2.931743856668458e-06,0.0005975655335562089,1
0.17616413885636772,0.8230955160167611,4.706230913900262e-06,8.493187449887831e-08,6.785715641479329e-06,2.9400789084850256e-06,0.0007258281695327156,1
0.15914084958261965,0.8402755976035612,3.7769565981416395e-06,7.67498504472025e-08,6.061460210220842e-06,2.656842532448529e-06,0.0005709808046279425,1
0.7731660277631078,0.22628083241122673,1.425637272141998e-05,3.5310500745803286e-07,2.4094249546926427e-05,9.701039303869144e-06,0.0005047350590856202,0
0.8222046066422659,0.17723859768796116,1.2936896895366486e-05,3.204239369989752e-07,2.1864244731164058e-05,9.94796054753417e-06,0.0005117261436619855,0
0.8233228735610257,0.1760878576092898,1.2731769849411273e-05,2.5116919454932546e-07,1.877224665081456e-05,8.895903710336047e-06,0.0005486177402793575,0
0.947102079581765,0.052781427871715594,3.7687257201630917e-06,8.686639191919688e-08,3.885265183426336e-06,2.7368659584455207e-06,0.00010601482326538217,0
0.97391136256008,0.02599684383132001,3.517155136033833e-06,7.172854715645104e-08,3.6160750668370057e-06,2.4896303844705306e-06,8.209901946561266e-05,0
0.9751000762233418,0.024732580466883605,3.5194047709857294e-06,9.369575089031474e-08,3.447932600548968e-06,2.49622144839637e-06,0.000157786055203851,0
0.9556544375182412,0.044145690474866515,5.799170061128864e-06,1.3330390570721405e-07,5.497235123827342e-06,4.0443009279813e-06,0.0001843979968738191,0
0.9693182770937574,0.030549964113024207,4.49265885113569e-06,8.107760640981977e-08,3.951911785224593e-06,2.917070317967173e-06,0.00012031607465742998,0
0.9298324334545959,0.06992718330148484,8.448247705506635e-06,1.524628788910999e-07,1.0628495099960479e-05,5.375719463908385e-06,0.0002157783187710143,0
0.9405754155799508,0.05911298301917925,8.61422106901713e-06,1.9556956643423526e-07,1.2400934053245973e-05,5.3977154088555405e-06,0.0002849929607722622,0
0.7934705586396589,0.20602716173791014,9.536120371112315e-06,2.0825948321087726e-07,1.4257656020554356e-05,7.083927843136458e-06,0.00047119365871293735,0
0.7938720649066024,0.2057146074352559,9.852267958824627e-06,2.0794354235629782e-07,1.474147160037251e-05,7.073181143000488e-06,0.00038145279389714394,0
0.8978182781963358,0.10206571083755867,5.811402574020962e-06,1.0591919059141862e-07,5.279856844091563e-06,3.622027656561493e-06,0.000101191759840527,0
0.8946232885908938,0.105266914278726,5.552434418195415e-06,1.0386854614061288e-07,5.551157581466217e-06,3.533079381007324e-06,9.505659045335206e-05,0
0.9160996308028275,0.08383058272739263,4.844107171038359e-06,9.061797606401957e-08,5.063827675153549e-06,3.082362415538035e-06,5.670555454206285e-05,0
0.9400760519442516,0.059877639597197024,3.834629155685869e-06,7.173382437157121e-08,3.871583156794211e-06,2.4400196712573674e-06,3.6090492743191195e-05,0
0.9162373100648469,0.08374510945769627,4.8832317393539735e-06,1.1064251867638788e-07,6.118078964762693e-06,3.05373089905046e-06,3.41479333493368e-06,0
0.9198862437911689,0.08009542607169183,4.77051512765714e-06,1.181571787330664e-07,6.533608945190721e-06,3.2611353389119386e-06,3.646720548656033e-06,0
0.895427553835684,0.10455401389829426,4.777425979310564e-06,1.1832834824247164e-07,6.543073919302201e-06,3.341434370318203e-06,3.6520034047122162e-06,0
0.940398124973549,0.059509410093109665,5.273027267697512e-06,1.1000142750923819e-07,5.92885589741363e-06,3.828274643837226e-06,7.732477410484759e-05,0
0.9275951462056983,0.07223001758015705,5.455928148218646e-06,1.1157049859558204e-07,6.226183280151314e-06,3.882881526586305e-06,0.00015915965069101596,0
0.7057743387698784,0.2851781960916729,9.029195244547558e-06,1.9047410496838648e-07,9.718967055216891e-06,6.764165205335614e-06,0.009021762336838575,0
0.3470228981095562,0.6330588946279689,6.909783678072244e-06,1.1066327197318517e-07,7.7980260421886e-06,4.6383706323518724e-06,0.019898750418850367,1
0.5413057757166913,0.3897494639062251,7.26256060531811e-06,0.046998895488587544,8.235071317352097e-06,4.448970446425274e-06,0.021925918286127086,1
0.8439236993582636,0.15386523297125282,4.85953892864384e-06,1.6314055855208292e-07,8.149441601747685e-06,5.5492116241435755e-06,0.002192346337770833,0
0.7661290951631723,0.23378637374136607,9.387647470422053e-06,2.1270195968846828e-07,1.2750243577511617e-05,5.870569057534275e-06,5.630993339655765e-05,0
0.8587510499885804,0.1404465371320493,7.574655322402883e-06,1.548972141955527e-07,9.806555162753609e-06,5.390739837953988e-06,0.0007794860318331237,0
0.680726004474637,0.3183055490082689,9.859517540698924e-06,2.016212930309254e-07,1.273178178936055e-05,7.016833337941402e-06,0.000938636763133105,0
0.705034968186015,0.28526195148959227,1.1707763445925535e-05,2.3178096390735403e-07,1.329438779975469e-05,6.422777490627433e-06,0.009671423614692585,0
0.7736064812691685,0.21190280690831953,1.2424990309315709e-05,2.5178511774580433e-07,1.432978216120437e-05,6.7664160607329126e-06,0.014456938848863028,0
0.7989579386092314,0.18483250252957945,1.3366220601545308e-05,2.8906794171928527e-07,1.4233324631728553e-05,8.775416807375562e-06,0.01617289483120684,0
0.8016318477263764,0.18391478053313356,1.3535259325876547e-05,2.488485489548736e-07,1.416265397089603e-05,8.731845504050152e-06,0.014416693133140155,0
0.815165028195113,0.17520287396333323,1.3243675668747303e-05,2.415994946413786e-07,1.3612809784973253e-05,8.5437395073892e-06,0.009596456017097915,0
0.7912214097104794,0.20100148484908387,1.5232350377148758e-05,3.4481568659242936e-07,1.0955475097524614e-05,8.705686195805822e-06,0.007741867113079805,0
0.7816240823374108,0.20957815473274663,1.7231424790213982e-05,3.900688615275685e-07,1.2393257803947244e-05,9.848209450018687e-06,0.00875789996893681,0
0.7763089856753462,0.21595363324078512,1.8354445431209272e-05,4.154907513734836e-07,1.2748336149524722e-05,1.0490045086007235e-05,0.00769537276645061,0
0.7705395497198664,0.2224067400638331,2.7227476974393808e-05,2.1776334123144448e-07,1.6496779632319433e-05,9.837614603460653e-06,0.006999930581749128,0
0.7850433214256763,0.2100537960857893,1.7778569803463e-05,1.7949781455561454e-07,1.2110097903110694e-05,7.901808418572826e-06,0.004864912514594612,0
0.7149263248334823,0.2831632278159232,1.5543881941908935e-05,1.8767727376003653e-07,1.2661937779296816e-05,8.696493302520485e-06,0.0018733573602970524,0
0.6807474068023006,0.3162841901279155,1.5630953060513794e-05,1.9764477775395647e-07,1.3233720224148438e-05,9.345258591734315e-06,0.0029299954931297774,0
0.4624475711894616,0.537374170388378,1.6400992644161112e-05,1.9719399440605814e-07,1.4505309681460135e-05,9.186158430013168e-06,0.00013796876741047748,0
0.4659650436922305,0.5339898334221594,1.4840483287636666e-05,1.5242013261484408e-07,1.3754854210471897e-05,1.0134763550229762e-05,6.2403644290022565e-06,0
0.4977644152022111,0.5021906536741798,1.5131509825871027e-05,2.0247574471585832e-07,1.3609477668481807e-05,1.048850460684008e-05,5.499155763279023e-06,0
0.5310062724018293,0.4689510065958495,1.6481958017876387e-05,2.0840526593495783e-07,9.644540943920733e-06,1.0795661450293884e-05,5.590436643221984e-06,0
0.35677646406847596,0.6431824888143396,1.3978234428927368e-05,1.9003893301693404e-07,1.2303367211956639e-05,8.7259955645228e-06,5.849481046013674e-06,1
0.34966031518849205,0.6502968312451906,1.4203643207244151e-05,1.9357770013370628e-07,1.27577930400659e-05,8.888484722268607e-06,6.810067647769877e-06,1
0.41245470906868914,0.5874988069468656,1.5573860999831024e-05,2.309501615167487e-07,1.2908196122583027e-05,8.988269791489562e-06,8.78270736984495e-06,1
0.4421257391069255,0.5578312437447068,1.4539770573047878e-05,2.1531695791378467e-07,1.0564341789697665e-05,8.243873125728592e-06,9.45384592114959e-06,1
0.177740801259222,0.8219918128064841,1.1599790025395216e-05,1.5090766207489794e-07,0.00024244314439621383,9.32738857767829e-06,3.8647036324866535e-06,1
0.1699317704626541,0.8278795091712547,1.1995366790514747e-05,1.5605392460763766e-07,0.002162877103775052,9.645471766468178e-06,4.0463698347321824e-06,1
0.11844790416457016,0.8795129540411368,9.538416912106662e-06,1.240901941285477e-07,0.0020201676563443354,6.133715172884669e-06,3.1779156698256505e-06,1
0.1471370819371853,0.850793560903663,1.1214401354953415e-05,1.4589394173002955e-07,0.0020470024719912716,7.211463325574436e-06,3.7829285381373453e-06,1
0.16406424782865917,0.8314367686331905,1.1980415891977402e-05,1.1295104747671392e-07,0.004468352985033111,7.74876422537257e-06,1.0788421952492663e-05,1
0.11031729723258643,0.8754585160114848,1.2477573884103134e-05,9.570117928423343e-08,0.014191682035980344,8.695329776795958e-06,1.123611510809489e-05,1
0.0039206751924612745,0.12891009819159716,7.652345278946231e-06,8.354997915030093e-08,0.8671440984054889,1.4179666991929191e-05,3.212648202794212e-06,4
0.5942544330770642,0.39954904235238,7.756647982926497e-06,1.6019070519824793e-07,1.2685972465510673e-05,5.631410058528851e-06,0.006170290349343673,1
0.4969572762111589,0.4974392802805891,8.235791244615262e-06,1.8294518767941515e-07,1.567069129879626e-05,6.332996779815412e-06,0.005573021083741093,1
0.5002196154910127,0.49291334861028513,7.623616533311389e-06,1.693466864394398e-07,1.6038267538649954e-05,5.862258709820418e-06,0.006837342409233965,1
0.18676808204373285,0.8124429687885673,4.5064055259710676e-06,9.157265676362324e-08,7.316287471565727e-06,3.169962258965838e-06,0.000773864939786582,1
0.17109850153606931,0.8283350539672454,4.027112584932437e-06,8.183315868116862e-08,5.081627482986883e-06,2.832810947277393e-06,0.0005544211125112711,1
0.13305287241290795,0.8666862288360729,4.880218486026928e-06,1.577092582863072e-07,8.752482638106483e-06,3.828964515683482e-06,0.00024327937612116714,1
0.14462960941160263,0.8551737551754186,4.941572400176918e-06,1.2488150864185148e-07,8.965662393806528e-06,3.4309352687530556e-06,0.00017917236140727285,1
0.29457302428362353,0.7051695392168874,7.426852456190239e-06,1.8768854609036423e-07,1.3474790285057957e-05,5.156465991848278e-06,0.0002311907022098364,1
0.8111667945079135,0.1882899238054805,1.2763223534284637e-05,3.161223565999212e-07,1.6660947817938853e-05,8.684995515312985e-06,0.0005048563973818663,0
0.8295562017923487,0.1699311389041476,1.3052569840646488e-05,2.899423708386258e-07,2.2059739957324696e-05,1.003690845408158e-05,0.00046722014288079255,0
0.8925186562074306,0.10694698200754178,1.1412048840813777e-05,2.5350076938319244e-07,1.8946507264042695e-05,8.978483364472134e-06,0.0004947712447887721,0
0.9195503715552467,0.08033525377995274,3.8123029712487988e-06,8.787081592153804e-08,3.930189964109347e-06,2.6566037243421218e-06,0.00010388769732505232,0
0.9749238064951199,0.024946443809848652,3.7912985925162145e-06,9.23992043692103e-08,3.5754771581121423e-06,2.461679143072273e-06,0.00011982884093329001,0
0.9678339865483435,0.03198672734165192,3.537668974624604e-06,8.889438686169562e-08,3.975971128132596e-06,2.7374151104210662e-06,0.00016894616040424686,0
0.9635269074388512,0.0362867268506028,3.521925551321972e-06,8.849878682912329e-08,3.636217955577521e-06,2.7252329969594884e-06,0.000176393835255098,0
0.9419705794578123,0.057803523110311825,8.344094469182451e-06,1.5058325807393806e-07,1.1254509403987018e-05,5.309445533591212e-06,0.00020083879921123897,0
0.9421937321528938,0.05759170014774169,8.403766943186599e-06,1.5166014851256672e-07,1.1334995599621454e-05,5.347415831237027e-06,0.0001893298608415979,0
0.9302083516917568,0.06961988675903437,6.315013415107209e-06,1.2832457101043448e-07,9.1066009347533e-06,4.524621987304976e-06,0.00015168698830091032,0
0.9264345559064479,0.07333875119890328,6.432619706857247e-06,1.4574799723680752e-07,9.27619575522061e-06,4.608885310043871e-06,0.00020622944587943642,0
0.9414109960339361,0.05830964662787594,6.936174039310857e-06,1.8416604810552334e-07,1.1960862099019446e-05,4.837953230207236e-06,0.00025543818277126034,0
0.9185327227494122,0.08112933325704247,8.416578868892553e-06,2.127005296356276e-07,1.3487196853754294e-05,5.87052958810969e-06,0.0003099569877047818,0
0.8865014724096424,0.11297671104583677,1.1940957770597924e-05,2.805099440516158e-07,1.785317947169457e-05,8.870366557148296e-06,0.0004828715307773973,0
0.7606025807875391,0.23898530835784926,9.49442318174918e-06,1.7796710726244923e-07,1.2393567017607215e-05,6.053535363008481e-06,0.0003839913619422934,0
0.9327586484613561,0.06716171440353201,4.639721622121804e-06,8.679456668730649e-08,5.8186586533378955e-06,2.9523094848295555e-06,6.613965078470196e-05,0
0.8287773499128884,0.17100231071545108,8.04983758505631e-06,1.505870873301748e-07,1.1895409201323973e-05,5.122206414364764e-06,0.00019512133137229173,0
0.27510751869785416,0.7151285001065327,5.95039133535064e-06,8.600730403696106e-08,6.570661731233214e-06,4.0231056809864155e-06,0.00974735102956158,1
0.6902779885101666,0.2511611892996416,1.2568846238255596e-05,1.8794840584026788e-07,2.0547926668258317e-05,7.877720859890076e-06,0.0585196397480195,0
0.7344153651114466,0.18240356787331563,1.3575066073649737e-05,1.9279453780248538e-07,1.240523314695307e-05,8.83786438305594e-06,0.08314605605709649,0
0.7691035650341264,0.23002182985031328,9.77664496257904e-06,2.0593422317238204e-07,1.3278577517582307e-05,7.004834329240864e-06,0.0008443391245278151,0
0.7042389129296992,0.2922933967766961,1.3224104156843673e-05,3.315286946780676e-07,1.0510325267872108e-05,6.624597587728077e-06,0.0034369997378977156,1
0.783073616654455,0.21075674153425375,1.4329550403318798e-05,3.4183940881919544e-07,1.0999742193185468e-05,7.034808935083491e-06,0.0061369358703509385,0
0.9651447804258032,0.033373242382377974,7.628199366453167e-06,1.3378964037347753e-07,6.182037170591394e-06,3.7073842311458548e-06,0.0014643257814102085,0
0.8152568046163418,0.1706779727071404,1.2883739848913282e-05,2.4058004634873306e-07,1.3692070791849823e-05,8.441712056980113e-06,0.014029964573773646,0
0.7853011531840755,0.20701796349041499,1.8220422689980106e-05,4.1245687003595465e-07,1.2655248784762124e-05,1.0413447587961684e-05,0.0076391817495765025,0
0.7807517598281452,0.2120074394801719,2.8120653862473065e-05,2.2490690373052447e-07,1.6059497039814197e-05,1.0367673664316397e-05,0.007186027960212684,0
0.8231126873251537,0.1753486426838848,2.1843378607267835e-05,1.9110476415600286e-07,1.3404129718919787e-05,8.412766684518078e-06,0.0014948186111865295,0
0.6286144031767181,0.36979615918610437,2.1344734928143215e-05,2.15502895577366e-07,1.6350904848202704e-05,1.0189645834938777e-05,0.0015413368486707681,0
0.4713564192957512,0.5285981365088739,1.5606088677102468e-05,1.5145984405512808e-07,1.326363027816943e-05,1.0221968150782273e-05,6.201048424831257e-06,0
0.39486323796878714,0.6050938052977516,1.74549387540784e-05,2.098996760843546e-07,9.826749094989705e-06,9.834621988771932e-06,5.630523947262554e-06,0
0.3676265484005331,0.632334197758555,1.6023680550855713e-05,1.926884651209633e-07,9.020982002284844e-06,8.84765382170613e-06,5.168836071899578e-06,1
0.4373596208128087,0.5625919806837149,1.5827001943601204e-05,2.3470407596679156e-07,1.3793096674226214e-05,9.618237365838228e-06,8.925463416819042e-06,1
0.4314057431696349,0.5685451390409103,1.6289432344761493e-05,2.415616160359743e-07,1.3501288308275655e-05,9.899261237534764e-06,9.186245948033034e-06,1
0.2798435479491545,0.7201015786712138,1.306428622860427e-05,1.6996004989053972e-07,2.554446251366293e-05,9.32042416450318e-06,6.77424667496965e-06,1
0.1340786535814367,0.8644251175293223,1.150381466456012e-05,1.4965906901513472e-07,0.0014730720847488698,7.670603250169e-06,3.8327275083640116e-06,1
0.11517649843548948,0.8830150402058035,9.748251087623789e-06,1.2682003533958503e-07,0.0017890698115980534,6.268649835315448e-06,3.2478261508400045e-06,1
0.0050416001631761135,0.07286661405711324,6.81254796951603e-06,5.5945154402353447e-08,0.9220743214967673,8.442697937473923e-06,2.153091882132882e-06,4
0.003193472802893037,0.10478532544162115,8.355470258189647e-06,6.791408802507299e-08,0.8919997605446857,1.0406406618100932e-05,2.611419835852505e-06,4
0.71417226270829,0.26115379924857574,7.692508591750115e-06,2.0446299555370825e-07,1.6817897298946203e-05,6.234189075281448e-06,0.024642988985172653,1
0.5064717273563035,0.4829707240806512,8.818996764899598e-06,1.7920689984455683e-07,1.55895999765337e-05,6.203588812759907e-06,0.01052675717059128,1
0.3983818652468929,0.5947993631609836,7.2988654738450095e-06,1.4831698988213971e-07,1.2932928963851692e-05,5.134275633210297e-06,0.006793257205062555,1
0.35331168051686523,0.6388430601494541,7.839331787697858e-06,1.5929956478923993e-07,1.3890586351765086e-05,5.514458421306522e-06,0.007817855657555096,1
0.28122597243147607,0.7159738751675859,6.712540311058372e-06,1.3640253775964315e-07,1.1093950438517125e-05,4.721834137032447e-06,0.0027774876735136324,1
0.19896836306200746,0.7999088495536981,5.12103195946421e-06,1.0406220638532295e-07,8.463632562290044e-06,3.6023118525182724e-06,0.0011054963457137043,1
0.26121268728972524,0.737978820542314,4.920033111964328e-06,1.0504132286959924e-07,6.575972927901582e-06,3.460922277834366e-06,0.0007934301983202975,1
0.7422621288982888,0.25720309534039043,9.991710449342998e-06,2.2638860267293924e-07,1.4929909481175083e-05,6.219692969772516e-06,0.0005034080598175797,1
0.4548848120773038,0.5445568372583992,1.004561320255276e-05,2.3598562624103024e-07,1.4122253878002512e-05,6.483357038159522e-06,0.0005274634545520992,1
0.8670387022988107,0.13243047970060845,1.3642334530013646e-05,3.03043068583182e-07,1.780852800304436e-05,1.0733171171878448e-05,0.0004883309238071732,0
0.9259398096280541,0.07394630076207946,3.6845164329162473e-06,8.492542898042827e-08,3.7984519112078537e-06,2.675712786587507e-06,0.00010364600330668491,0
0.9579811140746862,0.04186086894615844,3.817448316013591e-06,8.798941238307051e-08,3.9354944172204855e-06,2.7095473124667585e-06,0.00014746649969714137,0
0.9777971565645291,0.022050180108413482,3.531188179353496e-06,8.117043837878708e-08,3.630502789271024e-06,2.499563722547458e-06,0.0001429209019279143,0
0.980747769888705,0.019124991326469432,4.023206655231872e-06,8.483000175884318e-08,3.4932284021154186e-06,2.5736534350874483e-06,0.00011706386633123559,0
0.9480609691419196,0.051674725249926,8.148277567240894e-06,1.470494118082697e-07,1.0990391689056977e-05,5.184844933819103e-06,0.00023983504455237132,0
0.9454696770842674,0.054314337553932515,8.149201007116352e-06,1.470660768383212e-07,1.0991637224183735e-05,5.185432529482167e-06,0.00019151202496217108,0
0.9432335986276769,0.05654976981120841,8.484600233595805e-06,1.5311892157363537e-07,1.1444023491195023e-05,5.398851005456801e-06,0.00019115096746295077,0
0.9435836876931888,0.056218872029181494,8.203444196474178e-06,1.4804498667832733e-07,1.0201784361840494e-05,5.219948109396482e-06,0.0001736670559754735,0
0.9255044808287235,0.07425475001996285,6.512962935661698e-06,1.4756838538711347e-07,9.284005913999143e-06,4.666450150477946e-06,0.0002201581639281522,0
0.7993456050625798,0.20021527408815787,9.260606341882991e-06,1.9545583769608312e-07,1.385619696516901e-05,6.648412976982396e-06,0.0004091601771407519,0
0.8941703395629892,0.105722175241229,5.841577167655705e-06,1.0927749557639938e-07,6.106541222905944e-06,3.7170643161446454e-06,9.171073557944772e-05,0
0.9350311723169914,0.06494901682652825,4.5058437266208715e-06,9.491061924918687e-08,5.645258958362282e-06,3.2283762926072704e-06,6.336466883450568e-06,0
0.9251191194451738,0.07485805592450005,4.797652735852796e-06,1.248476172850858e-07,6.5707761095143975e-06,3.3555813984046587e-06,7.975772465325641e-06,0
0.940811522486661,0.05869585870985254,5.319412227091094e-06,1.1096907123441089e-07,5.981009949742665e-06,3.8619506244242585e-06,0.00047734546161390254,0
0.9114686927002695,0.08826716048792205,6.12096135557319e-06,1.2517003372717852e-07,6.64272068712159e-06,4.356173161896147e-06,0.00024690178657030157,0
0.9530880041615771,0.04602028057476897,5.498253909058873e-06,1.1243603533142107e-07,5.520589876721429e-06,3.913003975123111e-06,0.0008766709798575058,0
0.3713669912569005,0.623239038426728,6.430237832394783e-06,9.294303334221934e-08,7.351747295839364e-06,4.347533615127653e-06,0.005375747854594645,1
0.206954374223205,0.7851188080428698,4.439838374472394e-06,6.417368328022955e-08,5.076106143236554e-06,2.6897933034999494e-06,0.00791454782242073,1
0.20838704575123077,0.7790436131509061,4.236866319972312e-06,1.9813281655207835e-08,4.844046413612804e-06,2.566826468461315e-06,0.012557673545379358,1
0.8429774387783147,0.153297556641569,4.698104235290363e-06,1.6320601545689652e-07,1.0316856471382255e-05,5.551438134953002e-06,0.00370427497525925,0
0.792650303950472,0.20602043365195633,9.726889934237611e-06,2.2038839413229059e-07,1.275956173300655e-05,6.082714466418889e-06,0.0013004728430439229,0
0.8423241782747556,0.1567287099950299,7.928525220460591e-06,1.6213364398195983e-07,1.0264694117997855e-05,5.514961514381552e-06,0.0009232414157177922,0
0.6671397699118555,0.33164585464157326,9.662736872554514e-06,2.5267707139500294e-07,1.2477675184566012e-05,6.72125275432219e-06,0.0011852611046883406,0
0.5696187778774182,0.42944399301921754,7.834345316206905e-06,1.6020772073117458e-07,1.0116638528884289e-05,5.689337615608149e-06,0.0009134285741829564,0
0.9483907875907679,0.05032215432145653,8.087266378390924e-06,1.9867269487703927e-07,4.801685736007513e-06,3.890478883238345e-06,0.0012700799840832371,0
0.8058262915234753,0.14483375188464154,1.3481125173844644e-05,2.4524972787316975e-07,1.3530301965719998e-05,7.181978187380044e-06,0.049305517936828455,0
0.813120742618794,0.15204415590873338,1.363045299512274e-05,2.2494463915617514e-07,1.4485633016716322e-05,9.462371116792425e-06,0.03479729807070482,0
0.808473841321716,0.15117523921743128,1.3552556360117709e-05,2.236591037114649e-07,1.4402849115966748e-05,9.408294640432419e-06,0.04031333210163237,0
0.7961031124958311,0.18205777375088872,1.3512163016732597e-05,2.714054539043738e-07,1.4359921478212937e-05,8.853468852357613e-06,0.021802116794479045,0
0.8644973973265789,0.12496591886632145,1.4297050928316264e-05,2.601768440738974e-07,1.4156905732466248e-05,9.200694665862454e-06,0.010498768978929004,0
0.7930772368195474,0.20194927646942157,2.4703952199520482e-05,2.0138742996742388e-07,1.4967808286684477e-05,9.10798574869891e-06,0.0049245055773662165,0
0.7023858696761254,0.291682306725122,1.8313412757289677e-05,1.8489775068116596e-07,1.2474412952365572e-05,8.567697186958272e-06,0.005892283178105198,0
0.6010926915630153,0.39877234748912516,1.5314549368058348e-05,2.6204743473621484e-07,1.5517377044112333e-05,9.546302894488598e-06,9.432067111830479e-05,0
0.4534873601704152,0.5464667331732973,1.3637776524033565e-05,1.735512974031539e-07,1.2178512033201598e-05,8.206044053349617e-06,1.1710772379578367e-05,0
0.5408194219770569,0.4591331750258989,1.6513520141368046e-05,2.088043515734855e-07,1.3270281801384057e-05,1.0816334600868515e-05,6.5940561492180095e-06,1
0.43743240759088015,0.5625214397160239,1.7370914898438443e-05,2.1964563524649885e-07,1.0333272836110544e-05,1.1377927071650792e-05,6.8509326544291365e-06,0
0.409746172501764,0.5902124833152241,1.687697218484031e-05,2.0294949439767778e-07,9.501366546175681e-06,9.3188083084979e-06,5.44408647792157e-06,1
0.3915466148063288,0.6084120078994715,1.6890488393305665e-05,2.0311202993095792e-07,9.508975876186856e-06,9.326271433658434e-06,5.44844646660515e-06,1
0.3849054250423053,0.6150523785233704,1.3672432870967468e-05,1.9514123934800458e-07,1.2712883274124309e-05,8.96027757035677e-06,6.655699369606326e-06,1
0.4241722023428739,0.5757842260194961,1.4275261468151787e-05,2.2259350778822522e-07,1.3638188326239432e-05,9.501865110720991e-06,5.93372921712529e-06,1
0.43140572055139564,0.5685451092325682,1.6289431490720293e-05,2.415616033711025e-07,1.355371675702587e-05,9.899260718524846e-06,9.186245466405906e-06,1
0.35939401102501717,0.6405653450346089,1.2644797112241916e-05,1.645026992249228e-07,1.2222752346081118e-05,8.973339294886693e-06,6.63854892142963e-06,1
0.1412284666335677,0.8586217112826507,1.0855487360700503e-05,1.3485367967409995e-07,0.00012871242838491842,6.6657487881716825e-06,3.4535655680095332e-06,1
0.17050500435637145,0.8244624148165083,1.34105073126588e-05,1.2643391196237806e-07,0.005001736243685353,9.51672305730739e-06,7.790919152983697e-06,1
0.09453726071685618,0.8335714568506726,2.8379693090754247e-05,1.103844048559871e-07,0.07180638784491597,4.43450550824216e-05,1.2059454977494074e-05,1
0.10089082939764292,0.7609300381213335,1.5472344853164366e-05,1.5637460471923028e-07,0.13808590481725588,6.592783995029063e-05,1.167110435954898e-05,1
0.4710986656070263,0.5155642064315916,1.0713082460222545e-05,2.1769577046640827e-07,1.8494633449016554e-05,7.535954516382861e-06,0.013300166595185887,0
0.34472395898967806,0.6485862103004357,7.786368841552264e-06,1.8291278891271897e-07,1.3969677430490433e-05,5.025259106906045e-06,0.006662866491718697,1
0.7401409984388624,0.2590387255396584,1.0283836157972288e-05,2.3300748252506468e-07,2.3124203132401024e-05,6.401536931871206e-06,0.000780233437774447,1
0.6725593307181414,0.3266252481530615,1.2300788940651e-05,2.787068774828073e-07,1.845815196370215e-05,7.657060408696415e-06,0.0007767264206065216,1
0.4282829335690401,0.5712617019802454,1.119044518448259e-05,2.535491056758673e-07,1.6713507185483567e-05,6.965887732177794e-06,0.00042024106150671613,1
0.9543301295614273,0.045492771255953815,3.802899548321658e-06,8.765407384954249e-08,3.920495761236366e-06,2.699220892529646e-06,0.0001665889123428061,0
0.9632787434175413,0.036542814307070945,3.5210184513740383e-06,8.84759932624351e-08,3.95725767580356e-06,2.724531091517813e-06,0.0001681509921756527,0
0.9745650127765141,0.025282611687559034,3.524531409463276e-06,8.101742106485994e-08,3.623658797836276e-06,2.494851705038953e-06,0.00014265147659334857,0
0.978318484259479,0.02149806593924113,3.5759923676679563e-06,1.039108647867046e-07,4.019042626728255e-06,2.767069392930811e-06,0.0001729837860279149,0
0.9784575217056796,0.021353494022693584,3.571410926892565e-06,8.974225312049257e-08,3.6873092147669e-06,2.763524316979383e-06,0.00017887228491530148,0
0.9782993445401427,0.02149764535335323,3.575922407331556e-06,8.985561739802652e-08,3.821969449610282e-06,2.7670152582779175e-06,0.0001927553437715009,0
0.9665465606797548,0.033257476657306426,4.6148585002385095e-06,1.060804659776056e-07,4.160159222516649e-06,3.2183702699320204e-06,0.0001838631944805716,0
0.985491352563245,0.014393231669590082,3.64105698833507e-06,7.677231054558167e-08,3.3894117940767064e-06,2.364127706695175e-06,0.00010594439836506542,0
0.9788763698131584,0.021009920374423553,3.854207038596723e-06,8.126661588161998e-08,3.6348045116625008e-06,2.502525414042636e-06,0.00010363700883766729,0
0.9322710092929735,0.0675025400035074,7.461496753958426e-06,1.5162174758914732e-07,1.0636108431038929e-05,5.346061845316263e-06,0.00020285541474139053,0
0.9471830286499333,0.052511420413442915,7.719671698596368e-06,1.6260635427400217e-07,1.193501797857691e-05,5.5310407130231094e-06,0.00028020259987940126,0
0.9471782986917281,0.05251115818659093,7.719633148787739e-06,1.7490868761280742e-07,1.1934958378547654e-05,5.531013092604867e-06,0.0002851826083734748,0
0.9293684585584244,0.07030024693882092,8.525301379470271e-06,1.9355081337544822e-07,1.1853810035239509e-05,5.34199787217146e-06,0.00030537984265431383,0
0.9141896853342151,0.08545861777061423,9.819592045432447e-06,2.2293523041722973e-07,1.469258021299854e-05,6.153007087656925e-06,0.0003208087805941881,0
0.8797597156403543,0.11972790666753558,1.1950382152398748e-05,2.7131078219875654e-07,1.7880778298908674e-05,7.488171172866691e-06,0.0004747870497038756,0
0.9127706514434683,0.08699898519651435,4.438439965624115e-06,8.302922135397356e-08,4.352165117820584e-06,2.8242315974047976e-06,0.0002186654941152994,0
0.735835726116428,0.26364583328729824,1.1539269142906246e-05,2.2337036436349603e-07,1.7098687796945145e-05,7.597923124796559e-06,0.0004819813458447648,0
0.9337882425768802,0.0661927769551626,4.315413259023016e-06,9.777709058119642e-08,5.406673386297164e-06,3.0919354295229917e-06,6.068668791740285e-06,0
0.9275963660406028,0.07237821931147512,4.949058087897145e-06,1.2257937044613818e-07,6.778138068547222e-06,3.4614775544857886e-06,1.0103394840758551e-05,0
0.908286144465247,0.0916826902676048,4.8460311553159775e-06,1.2002757648645925e-07,6.637034294574188e-06,3.389418304361133e-06,1.6172755817587645e-05,0
0.8994855087179164,0.10047684318552004,5.1803082588894535e-06,1.2830702606713806e-07,7.094854009140887e-06,3.6232188923614563e-06,2.1621408376734205e-05,0
0.914986105351291,0.08482262866354244,5.8657997478542326e-06,1.1995213000442708e-07,6.365808746056868e-06,4.1745794410863365e-06,0.00017473984510131077,0
0.8006166899031251,0.19764261274627498,9.194148762285023e-06,1.880148956699539e-07,7.894357808261592e-06,6.676833134806361e-06,0.001716743995998913,0
0.3190681851053175,0.6661697707706362,5.969473214777473e-06,1.2592817376544296e-07,6.425502156070509e-06,4.471993563098994e-06,0.014745051226938538,1
0.46423469548445895,0.503469559826034,8.06678291509743e-06,4.263285792696679e-08,9.104224171927516e-06,4.94162881900313e-06,0.032273589420743105,0
0.689163225894341,0.2238855395458052,1.428959776856112e-05,2.2169289551309337e-07,1.8075477448261542e-05,9.141084596102036e-06,0.08690950670714534,0
0.8404199613015431,0.1560143196947557,8.07518435553957e-06,1.8296463972264037e-07,1.038532858347654e-05,5.0498197296904e-06,0.0035420257063926435,0
0.5898624288730745,0.4090982313973072,7.99061728974358e-06,2.0895174959647983e-07,1.03184354888926e-05,5.686772152689847e-06,0.0010151349529374854,0
0.965077190653559,0.031825193175527344,6.606403224621063e-06,1.1831689838515096e-07,5.860428458667879e-06,3.2127619336903893e-06,0.0030818182603982664,0
0.9619434613263661,0.029855239118651972,6.505585327044328e-06,1.1835013847425714e-07,5.3545761164801285e-06,3.465806548968289e-06,0.008185855236850783,0
0.8476646037060052,0.12583393450873318,1.46602371582403e-05,2.944656836474516e-07,1.5045829262189549e-05,9.605712489401413e-06,0.0264618555406681,0
0.8651715037794695,0.1207907452441234,1.4492398729899319e-05,2.6437948926426855e-07,1.4475749384280197e-05,9.349313791915725e-06,0.013999169135011827,0
0.827640450612226,0.15779035115102985,1.579627938896143e-05,3.5758138358488365e-07,1.1361066492989995e-05,9.02798635907655e-06,0.014532655323119469,0
0.8880176308423515,0.10889944511387852,1.1737803062524599e-05,1.585530983465941e-07,1.3043692446495815e-05,6.9797852993789115e-06,0.0030510042098632483,0
0.886516324268029,0.11101645529141735,1.7023568624796543e-05,1.628041762385044e-07,1.3393415997573749e-05,7.166925199424326e-06,0.0024294737265558117,0
0.7636053900642185,0.23144460593774766,1.7541874713467182e-05,1.7710806938263563e-07,1.1948870045936455e-05,7.796607647338714e-06,0.004912539537557869,0
0.6171386954800239,0.3805838717290725,1.6148599110192617e-05,2.0419012646352656e-07,1.4701845820880856e-05,9.51206884970303e-06,0.002236866086996416,0
0.6799663519096115,0.3198926487531145,1.5115728024606546e-05,2.022645673779221e-07,1.5300877356867583e-05,9.422367888575937e-06,0.00010095809943653465,0
0.48929277071388927,0.5106456503096811,1.4906632372576781e-05,2.410262675552127e-07,1.3226526024533436e-05,8.912209877052053e-06,2.4292581887789316e-05,0
0.5289112661724794,0.47104753500651503,1.469257360888689e-05,1.857794872980473e-07,1.1944379306996392e-05,9.392584713138895e-06,4.9835038893601405e-06,0
0.5672109456609674,0.4327480231029496,1.5748333777491576e-05,1.9912899216045227e-07,9.360375427149963e-06,1.0315138509856015e-05,5.4082593765085615e-06,1
0.47068934983844085,0.5292662765779304,1.811359378974423e-05,2.178201552441731e-07,1.0197557487206337e-05,1.000162271146278e-05,5.842989485157095e-06,1
0.44287952117338497,0.5570720514452179,1.5509290980052956e-05,2.4183567427190756e-07,1.3569094529440919e-05,9.910492219163059e-06,9.196667994385763e-06,0
0.4164000153653108,0.5835499531505149,1.602301887549583e-05,2.498462101594928e-07,1.4018555590210269e-05,1.0238766175535516e-05,9.50129732269736e-06,0
0.3829123439379164,0.6170489941810243,1.3474287634965857e-05,1.736947560014094e-07,9.014472057396358e-06,8.681757243319495e-06,7.317669367378045e-06,1
0.28617731858562956,0.7137847039749383,1.474273447109524e-05,1.9179585033464336e-07,9.59672307424051e-06,8.301294207857555e-06,5.144891828517158e-06,1
0.3330938072639476,0.6668705592778651,1.2917001761811544e-05,1.6804395015985685e-07,9.078344785680131e-06,9.166508442367061e-06,4.303559247229454e-06,1
0.18913923613343114,0.8098288034662224,1.1300564911931065e-05,1.4701488796363273e-07,0.0010094809386582157,7.266871127692282e-06,3.7650107604256582e-06,1
0.5737168623276905,0.39152703891210583,1.2507775311610495e-05,2.541649234374701e-07,2.1487966904128015e-05,8.798403839362878e-06,0.034713050449225305,0
0.2722458690701429,0.7254792606131818,6.0654008098081985e-06,1.532824660464829e-07,1.1706707984433179e-05,4.21120968636405e-06,0.0022527337157286077,1
0.25793543719505824,0.739794260865627,6.053220317787014e-06,1.5297464535775817e-07,1.1683198662020697e-05,4.202752766929914e-06,0.002248209792922729,1
0.8753163922196242,0.12288176049129564,1.1795771928283443e-05,2.6726438259310887e-07,2.336540104576241e-05,7.342694737537025e-06,0.001759076156985973,1
0.42828290607054237,0.5712616653015982,1.1190444465984589e-05,2.535490893963965e-07,1.6777712494747096e-05,6.965887284923344e-06,0.00042024103452455787,1
0.5856996838451354,0.41381315601586605,1.0911657295793395e-05,2.863380641790092e-07,2.597118718868601e-05,6.805975246928816e-06,0.0004431849812029263,1
0.9508127721265267,0.049030442286034384,3.788883269692148e-06,8.733100880233948e-08,3.906046060354955e-06,2.6402837028622972e-06,0.00014636304339701552,0
0.9737580228099195,0.026079825771958474,3.521612916138463e-06,8.095033447231703e-08,3.6206582219343306e-06,2.492785839480767e-06,0.00015243541080979363,0
0.9783118454946582,0.021497920055660102,3.575968101365406e-06,8.985676559565369e-08,3.6920142772116824e-06,2.767050615893233e-06,0.00018010955992154475,0
0.9783188884611612,0.02146748128059276,3.5709049097448404e-06,1.0376303389166748e-07,3.6867867765121516e-06,2.7631327656510228e-06,0.0002035056707602763,0
0.9826313795802597,0.017240964152498546,3.7027485739972475e-06,8.511404934891103e-08,3.5099642364543804e-06,2.621003339157173e-06,0.00011773743704277109,0
0.9852727429144803,0.014601629794565092,3.6454370584978515e-06,7.686466507555065e-08,3.393489143460739e-06,2.3669716735054335e-06,0.00011614452841391586,0
0.9788763749211473,0.021009920484057868,3.854207058708809e-06,8.126661630568678e-08,3.629586314222981e-06,2.5025254271013557e-06,0.00010363700937846764,0
0.9521510561909361,0.04754037496579235,7.795918391848246e-06,1.642124066165377e-07,1.2052899371762794e-05,5.5856704409539235e-06,0.00028297014266043274,0
0.9511198341961924,0.04856740071674871,7.751757204184082e-06,1.7563654297353243e-07,1.1984623855742736e-05,5.55402954527304e-06,0.0002872990399108351,0
0.9313313075312226,0.0683915314064127,7.653884115706665e-06,1.7341896953082482e-07,1.183330691945266e-05,4.78635945812743e-06,0.00025271409290199645,0
0.9172362804813275,0.0824623478277171,8.430892997510902e-06,1.910241589433834e-07,1.2589476201870557e-05,5.272262269595507e-06,0.0002748880353274168,0
0.9180956749488297,0.08155114404760778,9.90953986979887e-06,2.2452681106297077e-07,1.3750901480304381e-05,6.19693467584249e-06,0.0003230991007253845,0
0.764015919454743,0.23552284434425216,9.539287776840036e-06,2.1657145314252628e-07,1.427317450538001e-05,6.848485110513532e-06,0.0004303586821591877,0
0.737283137124148,0.26230121404002815,1.0550335237448647e-05,2.2223115390282648e-07,2.034629245856953e-05,7.559172982055842e-06,0.00037697080399201686,0
0.9189985929674196,0.08097183363820896,5.7406930095177534e-06,1.1643996989266801e-07,6.8949750673781565e-06,4.113129158378999e-06,1.2708157166291684e-05,0
0.908286144465247,0.0916826902676048,4.8460311553159775e-06,1.2002757648645925e-07,6.637034294574188e-06,3.389418304361133e-06,1.6172755817587645e-05,0
0.927638584500254,0.07232117613503446,5.3424471811676564e-06,1.3232291892284756e-07,7.316916466676937e-06,3.7366223380690386e-06,2.3711055806174183e-05,0
0.39733426223770996,0.5986389088756454,6.1354601212894765e-06,1.1681128069028244e-07,7.014725354042063e-06,4.148232120933397e-06,0.00400941365776782,1
0.32266338040350256,0.6661658511420614,5.791932591795048e-06,1.2218289078703708e-07,6.234085096632764e-06,4.3389901146204015e-06,0.01115428126374207,1
0.192061311258926,0.7994232739575583,4.10351242524989e-06,1.9189665502038397e-08,4.6915817364936855e-06,2.774416541638829e-06,0.008503826083146763,1
0.2689921637205286,0.7133353418518383,5.638006270386544e-06,2.416727205164376e-08,5.908530931209937e-06,3.0600766382915008e-06,0.01765786364652118,1
0.2918805638637239,0.6868110035698871,5.988647098756068e-06,3.1649933266231466e-08,6.840591039362624e-06,3.668584044162919e-06,0.02129190309427342,1
0.44705423132525485,0.5276445034407864,8.125159805656905e-06,4.294137914386764e-08,9.17427155048201e-06,4.977389905893494e-06,0.02527894547131758,0
0.898660964667616,0.09277909400255495,8.465484348991454e-06,1.5836252812358897e-07,7.748699576319669e-06,5.5113398496449555e-06,0.008538057443525962,0
0.8416460987012027,0.15524689767177408,7.97837782672239e-06,1.8077123200734975e-07,1.0525390141397905e-05,4.989281728616965e-06,0.003083329806094372,0
0.9621476007960259,0.03376311064837167,6.586348816466916e-06,1.1227157442165125e-07,5.842638532701765e-06,3.203009268445826e-06,0.004073544287410435,0
0.9590737562727539,0.03662976296434739,6.449363223368622e-06,1.0993650401484592e-07,5.749119758119678e-06,3.7211791325869195e-06,0.004280451164280631,0
0.9666209109785511,0.024250994397210804,5.810720996480034e-06,9.127225237475513e-08,4.773074368682205e-06,3.089423335448977e-06,0.009114330133285154,0
0.8707412568840734,0.11540539276383373,1.4301261640639571e-05,2.608926457830926e-07,1.5025046662457273e-05,9.226007729332996e-06,0.013814537143414681,0
0.8351321473196559,0.1583737903152879,1.3106730053859042e-05,3.2432295143162395e-07,1.2744968318474522e-05,8.188298708691292e-06,0.006459698045023803,0
0.6769844128460918,0.3218157515620976,1.574278044580593e-05,2.106551977525033e-07,1.4710955184766364e-05,9.81324013689536e-06,0.0011593579608453976,0
0.675663152098958,0.324187947894239,1.6316101126740253e-05,2.0630809705084334e-07,1.560676163712623e-05,9.61073317984047e-06,0.00010716010276218732,0
0.5441699097324004,0.4557127375202237,1.6773448892899323e-05,1.6152686271949696e-07,1.2763454631587388e-05,9.880126420100991e-06,7.777419056857895e-05,0
0.527907388810511,0.47202755182158507,1.5975573525756226e-05,2.0888175622532124e-07,1.2062931796761009e-05,9.297106080605e-06,2.751487474466082e-05,0
0.47145834896745314,0.5284975549285245,1.578286644386954e-05,2.13070464397905e-07,1.102681385532798e-05,9.783531709795787e-06,7.28982154910183e-06,1
0.7309435272043366,0.2690146919337591,1.2362913172074154e-05,2.0747384242129643e-07,1.4052379393622018e-05,1.0109286562240116e-05,5.048808933809401e-06,0
0.2728330927968654,0.7271295735011094,1.4457154481708535e-05,1.880805926929643e-07,9.502745597873072e-06,8.140490693663912e-06,5.045230659372156e-06,1
0.20324939066598616,0.7967134355350547,1.1444829376096703e-05,1.488916989196985e-07,1.3774464592504535e-05,7.992537919998462e-06,3.8130753717228517e-06,1
0.2156088851928881,0.7842197598754348,1.1746844987692114e-05,1.5282077606300922e-07,0.00014798771473576816,7.553853223073044e-06,3.91369795442867e-06,1
0.20663079827021305,0.7926578851560049,1.2155039442885776e-05,1.5813118864550882e-07,0.0006871373627777859,7.81634421569582e-06,4.049696157007695e-06,1
0.19411557676653324,0.8048999888255445,1.2342766400194557e-05,1.6057342563203023e-07,0.0009593715954738346,8.447231449712729e-06,4.112241173101828e-06,1
0.18858715741972226,0.8087419985643389,1.2321715173656212e-05,1.6029955934878235e-07,0.0026452109221941186,7.226077435190157e-06,5.925001576546772e-06,1
0.11674522567424399,0.871048969365129,2.1748284896228346e-05,1.0044372997132066e-07,0.012149462791685219,2.6805976244844944e-05,7.68746407078524e-06,1
0.009009708442736176,0.07500228676107595,7.857442562948536e-06,5.7584870213526465e-08,0.9159698715177784,8.002053382002199e-06,2.2161975941423714e-06,4
0.008947216461110259,0.1046739557390239,7.00715851516964e-06,7.305206312472763e-08,0.886359669923668,9.466266375933922e-06,2.611399243737043e-06,4
0.7739590203646666,0.13175270237571154,1.0965313397395848e-05,2.101324988747736e-07,1.2938375528409047e-05,7.220007367965104e-06,0.09425694343082931,0
0.2723241044777816,0.7261117281718635,5.6600054794825785e-06,1.4852693484631531e-07,1.1381078632977698e-05,3.5303397226093824e-06,0.0015434473995850546,1
0.37494052438610637,0.6234906492441177,5.900386622414635e-06,1.4614208698280146e-07,1.087988053453247e-05,4.015038302559671e-06,0.0015478849222295503,1
0.8702530604595664,0.12701315536883712,1.1727538421896772e-05,2.657183722033293e-07,2.5289216022439413e-05,7.300220382207401e-06,0.0026892014783976683,1
0.7140166539043526,0.28532249951996025,1.3891868084306413e-05,3.14756979805167e-07,3.3928421454621966e-05,8.647483801599675e-06,0.0006040640453668559,1
0.8492412618039089,0.15066222093043324,3.3232401802148074e-06,7.659827362646846e-08,3.4260039936770257e-06,2.269486485466873e-06,8.742193672465664e-05,0
0.8490070616856926,0.15085200105043245,3.476383237551512e-06,8.012810992289666e-08,3.583882659553515e-06,2.478577141216888e-06,0.0001313182927265828,0
0.9311297775018654,0.06870409643051877,4.013041620101722e-06,9.249769605009057e-08,4.137136009342517e-06,2.861201584133088e-06,0.00015502219070599708,0
0.9685192909313487,0.031323437961703886,3.5026669506977626e-06,8.051482884581923e-08,3.601179401524797e-06,2.479374872548701e-06,0.0001476073708936104,0
0.978397962272007,0.02144316249236028,3.5383933383347665e-06,8.13360613598896e-08,3.637910593231059e-06,2.5046639191640165e-06,0.00014911293172050364,0
0.9783113608906351,0.02149790940672582,3.5759663300196573e-06,8.985672108535738e-08,4.019013363125971e-06,2.767049245242487e-06,0.00018027781697954075,0
0.975167821972376,0.024647977802029677,3.5594033851106437e-06,8.944052815072392e-08,4.000398339722863e-06,2.754232993639462e-06,0.00017379675034801513,0
0.9792641119314651,0.02055793998402116,3.7898459995574783e-06,8.71161335923179e-08,3.896435356447109e-06,2.633787367563421e-06,0.00016754089965656088,0
0.9785157483638842,0.021306491256864176,4.331593416974335e-06,8.522069203349966e-08,4.106068148188676e-06,3.0102795797982264e-06,0.00016622721741467306,0
0.9881051680835896,0.011797317565789426,2.9715733198683154e-06,6.265613267047871e-08,2.802415127581168e-06,1.8942866714006276e-06,8.978341936948112e-05,0
0.9786456050042207,0.02122028929462214,3.892798587659344e-06,8.20803253068123e-08,3.6237547193709328e-06,2.48153946925902e-06,0.00012402552805571078,0
0.9725143906059646,0.027400257748550132,4.2102734617118375e-06,7.598148577875878e-08,3.970601688158127e-06,2.6790465650940523e-06,7.441574228417932e-05,0
0.9453483166402169,0.054436263171846216,8.239905581795562e-06,1.4870299387321964e-07,1.1113979497809964e-05,5.2431489180831715e-06,0.0001906744509452351,0
0.9492877520376553,0.05046011894211414,8.274713222155628e-06,1.6814675673170588e-07,1.2793141331638796e-05,5.928720482848404e-06,0.0002249642984372999,0
0.9520395798132815,0.04767049169947096,7.817255611798703e-06,1.7712058247331114e-07,1.2085887834700649e-05,5.600958271428653e-06,0.0002642472649471319,0
0.9071477849965498,0.09250069736208512,9.833729278586698e-06,2.2280912179451713e-07,1.4684269005069278e-05,6.1495264926522096e-06,0.00032062730746677316,0
0.9070883797704622,0.09256368635107672,9.743314742434308e-06,2.212034987891928e-07,1.3547368817774426e-05,6.105211335674212e-06,0.00031831678006619986,0
0.8672510698126732,0.1323359324362444,1.0598932557956835e-05,2.406286799953028e-07,1.5858669694162897e-05,6.641345877606071e-06,0.00037965817427250366,0
0.7586345808395163,0.24075762208360132,9.75130989062897e-06,2.058127052315067e-07,1.4590412930292213e-05,7.000700907263936e-06,0.0005762488404491018,0
0.7636657585063316,0.23586585002100724,7.792514125312872e-06,1.7943055331312149e-07,1.2720137283091716e-05,6.103314350574623e-06,0.00044159607634876096,0
0.7541619765578346,0.2451710325123327,9.067517744446684e-06,1.6962467528360082e-07,1.355672938673529e-05,5.769768279448612e-06,0.000638427289746736,0
0.9088388218955237,0.09113876105563798,4.713223377040689e-06,1.1673816392305724e-07,6.455143227276289e-06,3.2965296909328014e-06,7.83541437932945e-06,0
0.908286144465247,0.0916826902676048,4.8460311553159775e-06,1.2002757648645925e-07,6.637034294574188e-06,3.389418304361133e-06,1.6172755817587645e-05,0
0.3168927213388707,0.672179407656766,5.665978435022621e-06,1.1952584277461726e-07,6.12597864303187e-06,4.2446323450039e-06,0.010911714889097559,1
0.19878722970502904,0.7872027316572195,4.883800424169962e-06,2.0934374287021923e-08,5.11813653341078e-06,2.712064914621549e-06,0.01399730370150514,1
0.2534668635494913,0.7232927193034683,6.576069530893845e-06,2.6768681547204705e-08,5.7855920765157226e-06,3.102791945287621e-06,0.02322492592480613,1
0.4211277416439814,0.5452777529504232,7.936301387263795e-06,4.1943264504561134e-08,8.961027939725379e-06,4.8616971678013245e-06,0.033572704435835946,1
0.8954213816789677,0.09710092706846395,8.118233965814261e-06,1.5492437433464345e-07,9.45907927047911e-06,5.26973884698642e-06,0.007454689276110609,0
0.9632870320757005,0.02761635613034703,5.790679799439404e-06,9.095745405707773e-08,4.7566120184901565e-06,3.078767903559344e-06,0.00908289477677687,0
0.9632444981704572,0.024343065854351087,5.79042411217519e-06,9.095343783387195e-08,4.7564019904526795e-06,3.0786319606701364e-06,0.01239871956369062,0
0.960848123222921,0.027973421088667526,6.511216227711819e-06,1.0227532369258802e-07,5.348479010481726e-06,4.520139161210295e-06,0.01116197357868816,0
0.965047391225317,0.029517062685498127,6.717670476591294e-06,1.1086234345018646e-07,5.854681265267662e-06,4.663461376710781e-06,0.005418199413722721,0
0.8598666382861538,0.12085311647118117,1.4385991511095148e-05,2.6863182159050487e-07,1.5350778409158593e-05,9.426020659759664e-06,0.01924081382026357,0
0.6784875901966928,0.3213680046510367,1.596152606810306e-05,2.0182469105569153e-07,1.4008583207243797e-05,9.40187652626142e-06,0.00010483134177784908,0
0.5886332827514004,0.41130213624369316,1.5367088996906575e-05,2.0092577788018478e-07,1.158681541482297e-05,8.94299389777779e-06,2.848318081904602e-05,1
0.64986936996397,0.3500866909668966,1.6879126330336385e-05,2.134272401257299e-07,1.0215221127411418e-05,1.0834700679392575e-05,5.796593756082722e-06,0
0.7554026435632493,0.24455738550907116,1.2888453848218036e-05,2.0570123827630018e-07,9.930672144363997e-06,1.0022915369351164e-05,6.9231850793823835e-06,0
0.7395630758379923,0.26039488073022127,1.2532131681376033e-05,2.0082593282762832e-07,1.3842663127684803e-05,9.78536320718995e-06,5.682447837320292e-06,0
0.33796618260017575,0.661997194263094,1.3389823708713996e-05,2.0998100639795265e-07,9.089932581334599e-06,8.341599036995942e-06,5.591800396820634e-06,1
0.29705553721921646,0.7029092704671304,1.2156429109456698e-05,1.581492675359734e-07,1.0154842409771734e-05,8.672733714129201e-06,4.05015915240958e-06,1
0.24722507631594876,0.7517500648186468,1.2684346387375833e-05,1.6501721618032888e-07,0.001000556755939899,7.173964103713457e-06,4.278781757282907e-06,1
0.19381691711895843,0.8022369851625208,1.2072257019762866e-05,1.2054610608081405e-07,0.0039209765610652625,7.079782547549283e-06,5.848571781841313e-06,1
0.1419940800771941,0.7907848375961896,2.868939760071236e-05,1.1158901788346482e-07,0.0671360202933641,4.4069988133149e-05,1.2191058500556257e-05,1
0.1322249223539676,0.704442139616757,1.4215067331122757e-05,1.4402405768341076e-07,0.16324108742557583,6.674219780070952e-05,1.0749314510031032e-05,1
0.005633930037227577,0.04616531884602159,1.4920358860102178e-06,2.5645020751486458e-08,0.9481936205353405,4.370725007014847e-06,1.2421754963577228e-06,4
0.013531017962241968,0.07587819322265191,6.22863450619446e-06,6.48316018245321e-08,0.9105737673054124,8.408455861643188e-06,2.3195877240381386e-06,4
0.3005339197573896,0.6985052637945938,5.395576421815543e-06,1.222510412949564e-07,1.1501146186360252e-05,3.3586670579353234e-06,0.0009404388073092399,1
0.8594797531089645,0.13794713445309767,1.1079013456754779e-05,2.510243254331223e-07,2.4073407407724793e-05,7.793363096615547e-06,0.0025299156296509128,1
0.6449224690869866,0.3540447017330768,1.2405557877408388e-05,2.810806945901269e-07,2.6955834115435707e-05,7.722277532701778e-06,0.0009854644297164377,1
0.47893146173507956,0.5206296310625004,1.0258366705234836e-05,2.3243040477193025e-07,1.5506749832986145e-05,6.385682571705524e-06,0.0004065239729053578,1
0.4608799627187801,0.5386918479369577,9.05710561573164e-06,2.243284044605541e-07,1.1823029161866342e-05,6.305711231617906e-06,0.00040077916984863557,1
0.8492088972055019,0.1506564791907241,3.3231135314770693e-06,7.659535446500505e-08,3.425873428608672e-06,2.269399995299713e-06,0.00012552862146393546,1
0.8437928361036134,0.15605154508786995,3.455032830436685e-06,7.963599853836463e-08,3.5618720385705624e-06,2.463354817492949e-06,0.00014605891283149533,0
0.9603074460561289,0.03950242119990641,3.5101576357424854e-06,1.0195094940751548e-07,3.945051251265603e-06,2.716127094130108e-06,0.00017985945703392483,0
0.975099381990921,0.024746954343156678,3.526463965070892e-06,8.106184418192256e-08,3.625645706538818e-06,2.4962196711861116e-06,0.00014393427473520328,0
0.9765715745191352,0.02327452981551267,3.5317881750912015e-06,8.118423031356406e-08,3.631119659879061e-06,2.499988431598202e-06,0.00014415158485531272,0
0.970708837861522,0.02910780417393909,3.5431279063871697e-06,8.903155865346978e-08,3.982106398344166e-06,2.7416391806777216e-06,0.00017300205949495517,0
0.9636131478588019,0.03616247038415261,4.900740630666894e-06,1.1265195882163243e-07,5.038573880927369e-06,3.405813525473701e-06,0.00021092397704980485,0
0.9577935301342606,0.04191728528185673,5.260520675614864e-06,1.2092212242806845e-07,5.044666101004615e-06,3.6558458849933242e-06,0.00027510262909844505,0
0.9638251455779927,0.035916086911658034,5.548746910820856e-06,1.2754749855521133e-07,5.321065569388779e-06,3.856151284572765e-06,0.00024391399908595444,0
0.9835476380767403,0.016342653599906245,3.8030919690302794e-06,8.018884588052262e-08,3.5865991911871128e-06,2.424354256675072e-06,9.981408909072293e-05,0
0.944594956738723,0.055192494637579574,8.354374788764358e-06,1.5076878377986125e-07,1.0510396309490124e-05,5.315987021956383e-06,0.0001882170967934455,0
0.9384131867048802,0.061352856057049404,8.980119505210292e-06,1.6206140258625084e-07,1.1297627565533525e-05,5.714155751010536e-06,0.0002078032738459419,0
0.9292352079235862,0.07045123310206902,8.142392510255348e-06,1.7151050107497454e-07,1.2588566559922135e-05,5.83391447641814e-06,0.00028682259029736145,0
0.8672510698126732,0.1323359324362444,1.0598932557956835e-05,2.406286799953028e-07,1.5858669694162897e-05,6.641345877606071e-06,0.00037965817427250366,0
0.7210893005487379,0.2779827361975988,1.137451410782799e-05,2.1278130536118342e-07,1.6516162931397905e-05,7.237737222370489e-06,0.000892622058096436,0
0.6796757377123059,0.31931301754939295,1.0918038461157422e-05,2.299764160067775e-07,1.8171794428824485e-05,7.822627385306291e-06,0.0009741023016097214,0
0.6888074194702131,0.31018429284361637,1.0479090757440296e-05,2.0284805664027142e-07,1.6493278157948653e-05,6.899858648478047e-06,0.0009742126105499067,0
0.7142603808558725,0.2854046640269055,9.471949862657221e-06,2.1461205314812817e-07,1.5942276725076916e-05,5.923287591851973e-06,0.0003034029909890892,0
0.9397065640014606,0.0602683639390602,4.773376707319413e-06,1.0815346264088895e-07,5.903156465925805e-06,2.9850330113306162e-06,1.1302339831665227e-05,0
0.938751095024251,0.06122484429591212,4.74748366064944e-06,1.0756678724789395e-07,5.871134960973558e-06,2.968840784357355e-06,1.0365653643705744e-05,0
0.9263741977818147,0.07342531958588815,5.308346626887099e-06,1.0855254391012102e-07,6.057766545984136e-06,3.7778505314419023e-06,0.00018523011604873983,0
0.44986552461428586,0.5443551293572859,6.02828059174422e-06,1.3439220664299903e-07,8.070491255239965e-06,4.772570466697957e-06,0.005760340293908048,1
0.7809165372592982,0.14473565936452207,1.08167554981674e-05,2.0234739988487454e-07,1.3809981323520175e-05,6.882828853365096e-06,0.07431609146310464,0
0.8829615878783605,0.10932851241913415,7.334290043704571e-06,1.6617772132313017e-07,9.343931124784477e-06,4.586501178832402e-06,0.007688468802436547,0
0.8202626505526379,0.1778079323747618,9.576339182823083e-06,2.1697726903845468e-07,1.2244864529438976e-05,5.988567494493566e-06,0.0019013903241245822,0
0.8828448899554884,0.11628994403022445,7.1664588301339945e-06,2.0526111118997054e-07,1.185519106447786e-05,4.899008077831036e-06,0.0008410400952032959,0
0.6998264657099663,0.2986673123346602,9.395557508451712e-06,2.407519472940779e-07,1.1888789836776099e-05,6.619632413127123e-06,0.0014780772236679279,0
0.9613662528089763,0.02744926361071287,6.514727348446971e-06,1.0233047483442588e-07,5.3513631345682986e-06,4.522576609726772e-06,0.011167992582743126,0
0.8446410757873902,0.15122738873706892,1.443269279159192e-05,2.784061066058982e-07,1.260633812210777e-05,8.757418644579646e-06,0.004095460619876245,0
0.7275335165634798,0.27017408579306806,1.471975955229072e-05,1.8612323855373082e-07,1.3426060073306965e-05,8.800484454899034e-06,0.0022552652161332886,0
0.6361757531267775,0.3611472023890734,1.5544755680872453e-05,1.965548594440344e-07,1.3720361394889389e-05,9.156384729059475e-06,0.0026384264274847877,0
0.6884173913981924,0.31137549131184805,1.598706454945749e-05,1.5515728211341108e-07,1.4030996975170105e-05,9.416919552055951e-06,0.00016752715160096808,0
0.6024989643597705,0.39730351675549186,1.6361131763506008e-05,1.6889678296106228e-07,1.3255780788979909e-05,9.637257741775472e-06,0.0001580958176603295,0
0.5326433436816038,0.467020763913802,1.6369823398842363e-05,2.44615520202758e-07,1.164995897763385e-05,9.436839481718858e-06,0.00029819116721575026,0
0.6263527745586959,0.37360263802779375,1.5899832834819177e-05,2.010446141573661e-07,9.782287018191546e-06,1.0206092794508431e-05,8.498156248703885e-06,1
0.7552690486232562,0.2446906910947794,1.2830670498717065e-05,2.047790092266345e-07,1.0354707175784588e-05,9.97797920954283e-06,6.892146071304843e-06,0
0.7533431339912341,0.24661441841078074,1.2761526332680231e-05,2.0367546020975024e-07,1.3795111743417488e-05,9.92420812632113e-06,5.763076322306946e-06,0
0.724127556596915,0.2758308055558648,1.2248400247741665e-05,2.264066105418202e-07,1.4076312335289268e-05,9.544279596071673e-06,5.542448430491342e-06,0
0.2844844356804954,0.715481892081061,1.3266449498848927e-05,1.6413810888711916e-07,8.358131522310023e-06,7.480541805379125e-06,4.4029775080543805e-06,1
0.354686466538532,0.6452700335697289,1.2860575598378221e-05,1.6730987304424206e-07,1.383110351326739e-05,8.417644725826845e-06,8.223258028514822e-06,1
0.20898793310207206,0.7909406689824383,1.2480413574428862e-05,1.6236414884421245e-07,4.654814248693216e-05,8.048894178461873e-06,4.158101101005715e-06,1
0.16137856748966453,0.8301699847645039,2.2515568980380054e-05,1.1198715631862152e-07,0.008385337992933721,3.5552634791801455e-05,7.929561969180607e-06,1
0.16137194025775203,0.7764479335040622,2.524045476631797e-05,1.1233427789399742e-07,0.062101473769553495,3.942120162889172e-05,1.387847795922526e-05,1
0.1718971692427833,0.7760016416683768,2.7797279452148716e-05,1.1226970966098604e-07,0.052004263055898066,5.7374819964699204e-05,1.1641663815150986e-05,1
0.8873288816975918,0.11207568712009398,9.587222820522898e-06,2.209785261072728e-07,1.1114606285518764e-05,6.5472464957166944e-06,0.0005679611281861304,1
0.8840496910855693,0.1157863720666814,3.5963246095617103e-06,8.289267147552476e-08,3.7075329518075814e-06,2.5060991804057097e-06,0.00015404399833603545,0
0.9362776661611707,0.06354382819708722,4.035228314099273e-06,9.300908324016159e-08,4.160008777520586e-06,2.811949272829004e-06,0.00016740544629426448,0
0.9289730938027925,0.07084282806181995,3.395622945550502e-06,8.532506063268607e-08,3.816326199645627e-06,2.627501223861338e-06,0.00017415335995780342,0
0.9729103668590722,0.026936314436858958,3.518547353570535e-06,8.087986724007741e-08,3.6175064404692077e-06,2.4906158704519866e-06,0.0001436111545371946,0
0.9505000318178165,0.04932042747509347,3.4693649180888874e-06,8.717804560154326e-08,3.899204489233273e-06,2.6845620713704675e-06,0.00016940039756592893,0
0.9514852922515004,0.04832648602987699,3.4729611599293708e-06,8.726841180474351e-08,3.903246290156453e-06,2.6383912040252016e-06,0.00017811985155689742,0
0.9529720755198428,0.046799108490929935,6.790399136041663e-06,1.4317672941422959e-07,8.444524770034872e-06,4.328670772109394e-06,0.00020910921781971495,0
0.9575068048006633,0.042287915235661645,6.707057650020687e-06,1.4141945989973666e-07,8.437954455565097e-06,4.1900363784905584e-06,0.00018580349573088536,0
0.9448583044414033,0.054909624881983116,8.735132607382662e-06,1.576402008133608e-07,1.0989416663831593e-05,5.558267704049496e-06,0.00020663021943744233,0
0.9365865546688096,0.06320473669219995,8.496977572683792e-06,1.533422915334361e-07,1.1460718038419598e-05,5.406726852018841e-06,0.00018319087423568532,0
0.9304331648533394,0.069298911979846,8.07316350799226e-06,1.7005226863873324e-07,1.2481534885660764e-05,5.784312829484278e-06,0.0002414141033226938,0
0.8947335232261043,0.10484154864322556,1.0934803772643333e-05,2.482539994882321e-07,1.5204047449356963e-05,6.851804515291253e-06,0.00039168922093321993,0
0.7034033612610961,0.29580179563361203,9.40351117305802e-06,2.0536342884274482e-07,1.5873068148181748e-05,6.985418810763239e-06,0.0007623757437309605,0
0.6317609813276216,0.3673616422787502,8.83257131796517e-06,2.0012524270203396e-07,1.4866136137409354e-05,6.328418288724418e-06,0.0008471491426414434,0
0.9195806049112634,0.08038687162371694,5.029555103472652e-06,1.1395786114044115e-07,6.292357396396707e-06,3.2180176571242347e-06,1.7869577001456605e-05,0
0.2590720743953843,0.7323092620716092,5.535240123834757e-06,1.0538386282551299e-07,6.328488568060997e-06,3.74241873060124e-06,0.008602952001720983,1
0.2835944670248151,0.696456060861331,7.319438368904827e-06,2.979465376409627e-08,6.439604148456277e-06,3.4535362359497644e-06,0.01993222974044672,1
0.8954314821289776,0.08904084257634054,8.937379878080155e-06,1.6289355807599666e-07,1.0737848201582207e-05,5.5408099248651615e-06,0.015502296363119238,0
0.8458168815663378,0.12966253950848966,1.0829679668351462e-05,2.013570662856395e-07,1.1963573367936277e-05,6.919591660968293e-06,0.02449066472340864,0
0.9350570824294517,0.06438029039464185,5.1336125222931875e-06,1.139775655436037e-07,4.539754863650377e-06,3.178134960390303e-06,0.0005496616959942502,0
0.9239112287061051,0.07553646317138596,5.3583344264680045e-06,1.1896688942633577e-07,4.970960892541527e-06,3.3172565900267496e-06,0.000538542603710394,0
0.7167717070917038,0.2817666783962758,1.020612582436684e-05,2.615219654963938e-07,1.2914452906540281e-05,7.190717661901237e-06,0.0014310416936622163,0
0.7872743160610116,0.20812717095417807,1.0569593283349423e-05,2.7083546269433785e-07,1.3374371142202598e-05,7.446798364981787e-06,0.004566851386557048,0
0.9150483480018995,0.08304374640571578,7.800067842571999e-06,2.77779741870683e-07,5.450553000674384e-06,5.495531464613303e-06,0.0018888816603352555,0
0.9701941565846435,0.025473176671113804,5.171856381626321e-06,7.552298799299697e-08,4.5074510233385535e-06,2.5953310085796566e-06,0.004320316582841469,0
0.9599922263935516,0.03073777727432929,6.793482547074957e-06,1.0670903901869162e-07,5.389004995833365e-06,4.716090731458236e-06,0.009252991044805712,0
0.7129683581367039,0.28473917058436043,1.5775315356902217e-05,1.9947015934619086e-07,1.346277690565033e-05,9.292192144761317e-06,0.002253741524369109,0
0.684567110303839,0.3126326841925095,1.6104547724024048e-05,2.03633120988855e-07,1.4134105714230815e-05,9.486121099356326e-06,0.0027602770959928753,0
0.6389570219948708,0.35797928799725537,1.5612715116334796e-05,1.9741416901180288e-07,1.3780344841003202e-05,9.196415125795048e-06,0.003024903118621551,0
0.5277754150125981,0.47199093860029745,1.5977114643329186e-05,2.3350777373524959e-07,1.908954781723626e-05,9.361182605490998e-06,0.00018898503426482182,1
0.5728445807116054,0.42704116308114687,1.603495073662687e-05,2.0275310548031834e-07,1.9158650711796087e-05,1.004572711640425e-05,6.881412557751653e-05,1
0.6039552397452717,0.3959344369853743,1.6225817324068144e-05,2.0516650817620277e-07,1.6324823061351128e-05,1.0415342035139407e-05,6.715212042537975e-05,1
0.5779108651597691,0.4220407040881852,1.808920866949828e-05,2.2872806369430753e-07,1.1461014211208285e-05,1.1611451779280637e-05,7.040349322273024e-06,0
0.590540573403782,0.4094178186576003,1.4633596375450197e-05,1.9675175409794284e-07,9.017433097384521e-06,9.988164409289326e-06,7.771992981538277e-06,0
0.5020815492206581,0.49786749944649383,1.784172531434701e-05,2.64581104398621e-07,1.2247639659533883e-05,1.0842606180310338e-05,9.754780589575405e-06,0
0.7453492556607842,0.25461048323515223,1.2626111162339718e-05,2.015142181749432e-07,1.0811213914435272e-05,9.818900320743125e-06,6.803364447903227e-06,0
0.14684726500884737,0.8531183155695168,1.1547201761371695e-05,1.428668507134491e-07,1.1601285934123842e-05,7.2956875491539515e-06,3.832379540637218e-06,1
0.14899169882764696,0.850973308584864,1.1807450059659858e-05,1.4608675243062038e-07,1.1278330008840361e-05,7.841967798627125e-06,3.918752869384417e-06,1
0.1485648741721752,0.851362598456204,1.2571706857424908e-05,1.5617363580058225e-07,4.8759840722770195e-05,7.040086636637191e-06,3.999563768190907e-06,1
0.17368002133287985,0.8248235623902718,1.2782676699389815e-05,1.5815266776052868e-07,0.0014722959026513044,7.1292985985875875e-06,4.050246231223268e-06,1
0.25103655243961837,0.7457072128114212,1.1036226086484e-05,1.6586300471342316e-07,0.0032314395518698137,7.476869684243519e-06,6.116238315334312e-06,1
0.17437791624501825,0.821559614361325,1.2404934622652054e-05,1.419861302872031e-07,0.004035095230054817,8.40414820141465e-06,6.423094647523959e-06,1
0.1266163049667269,0.7733397074197854,2.0555356296095653e-05,2.1524118089247484e-07,0.09990785329366589,9.929907879744926e-05,1.606464354732726e-05,1
0.008494664918195326,0.05452150425709714,3.209986513503171e-06,4.578247460508617e-08,0.9369734394774434,5.497542764189667e-06,1.6380355117164647e-06,4
0.4026064107393922,0.5969239208225693,6.903561142784947e-06,1.7098893641771054e-07,9.004148846216145e-06,4.806376880557492e-06,0.0004487833622324481,1
0.46087958479317914,0.5386914062049302,9.057098188825809e-06,2.2432822050930013e-07,1.1823019466879008e-05,7.125714808364286e-06,0.0004007788412062105,1
0.7651843595033478,0.2342397889822478,8.780307475373264e-06,2.0237971318693406e-07,1.2946047528915981e-05,5.9961928939831704e-06,0.000547926586792855,1
0.7853415362386019,0.2145128312057218,3.1947786670427202e-06,7.363732900530956e-08,3.293570093839868e-06,2.226281848353273e-06,0.00013684428773794917,0
0.8925221816444496,0.10731720374056528,3.63079080146068e-06,8.368709217784337e-08,3.743064934056628e-06,2.5301169498362173e-06,0.0001506269552074426,0
0.9329995307751496,0.06681564131272967,3.4103405534805457e-06,8.569488402271958e-08,3.8328672566593745e-06,2.5908186428484266e-06,0.0001749081907834454,0
0.9694147572392996,0.030390849469232654,4.110322757316915e-06,1.0942753170175725e-07,4.234404860293372e-06,2.862237150100971e-06,0.00018307689916827134,0
0.9340875604509425,0.0656905849036455,4.462346664523636e-06,1.0278053565255267e-07,4.597055637768722e-06,3.1073701881664504e-06,0.00020958509238595412,0
0.9419007163558646,0.05789120307121211,4.386802896658644e-06,1.0454891529138761e-07,4.676149792482065e-06,3.1608337173861578e-06,0.0001957522376012877,0
0.9286171353699947,0.07113531610821013,5.968687457549927e-06,1.422493360427617e-07,5.9344013238950946e-06,4.300632831881645e-06,0.00023120255084575365,0
0.9623039029823045,0.037499658214462696,7.580620149666776e-06,1.3680507628164616e-07,6.668198744092519e-06,4.832412383855014e-06,0.00017722076687908773,0
0.9613357878652292,0.03842512698286082,6.47443900237572e-06,1.3651465585165205e-07,8.051597473475259e-06,4.127255896731567e-06,0.00022029534488148095,0
0.9416989706387633,0.05805095671581012,8.869110828993445e-06,1.6005806379365378e-07,1.115797077369315e-05,5.643519623590569e-06,0.0002242419861364697,0
0.9298466014834043,0.06992456496565469,8.830637376659706e-06,1.5936374545591638e-07,1.1109568440586703e-05,5.619038512978789e-06,0.0002031149428657542,0
0.9418491804097546,0.0579497116702172,8.187535956512986e-06,1.4775789565695574e-07,1.1043343379966035e-05,5.209825509044675e-06,0.00017651945728697273,0
0.936283541213349,0.06340076029348227,8.173677859014452e-06,1.7216949237700533e-07,1.2636935352596805e-05,5.856330007086262e-06,0.0002888593804576486,0
0.9254233934207804,0.07423976226682916,8.555766956671193e-06,1.9385350845945095e-07,1.3227665169614881e-05,6.130091695102861e-06,0.00030873693506093254,0
0.7904888955572205,0.20890144442045244,7.927154132507342e-06,1.8622003401380621e-07,1.1852056438547496e-05,5.888703759047968e-06,0.0005838058879631242,0
0.7197920963880524,0.2794236859226093,9.11317875775178e-06,1.9902285464506503e-07,1.3468557081800939e-05,6.7697447420105765e-06,0.0007546671859020737,0
0.6970119657883498,0.30215069467160216,9.318067227166648e-06,2.0349741716059992e-07,1.3771366026854241e-05,6.921946588961079e-06,0.000807124662787852,0
0.7055130965786715,0.29359728283323694,8.270310403798736e-06,1.8061543936737922e-07,1.4879528873854456e-05,6.143618144578574e-06,0.0008601465152300596,0
0.9296040888218824,0.07026002031714182,5.070440445090794e-06,1.1488422659164832e-07,7.720340763568468e-06,3.170801937205902e-06,0.00011981439360360797,0
0.6973969195625911,0.29804519235757865,1.0942772001560595e-05,2.2377320504679122e-07,1.647549779913681e-05,7.946691376841802e-06,0.0045222993454476345,1
0.25907228376576424,0.7323098538909659,4.7270896447824045e-06,1.0538394799200362e-07,6.3284936824603745e-06,3.7424217550554707e-06,0.00860295895423925,1
0.37463361235724296,0.5977560271360819,9.53743188689689e-06,4.456993316387057e-08,9.522206272468471e-06,5.16615767493062e-06,0.027586090140907626,1
0.4648766123459858,0.5052841446717542,9.155726997271122e-06,4.59564477225482e-08,9.813975007922104e-06,5.8569370794331355e-06,0.029814370386727674,1
0.9318330628296999,0.06206643215787183,9.844908404926646e-06,1.548902948155377e-07,5.867695779231504e-06,5.322771195176839e-06,0.006079314746754258,0
0.9294620670030708,0.06784465598845513,6.776410798123068e-06,1.398685200610607e-07,6.0265795078939005e-06,4.8065511824330575e-06,0.002675527598465374,0
0.8393056033297353,0.15524928445913946,1.0244706526709686e-05,2.0528717850455433e-07,1.2963271495697625e-05,7.217899664408292e-06,0.00541448104626004,0
0.9419795085163966,0.05217999301286918,1.2187886836724994e-05,2.435167690652303e-07,9.910216197570685e-06,6.595048615390098e-06,0.005811561802315336,0
0.973467074613667,0.022173233710770672,5.204115743298487e-06,7.599406127973466e-08,4.5355661684725185e-06,2.6115193393233708e-06,0.00434726448025008,0
0.9622227475782825,0.02537798279612037,5.7842819859789905e-06,9.085696001422846e-08,4.7513566914038954e-06,3.0753663370046214e-06,0.012385567763622754,0
0.7010258676415408,0.29620527552814296,1.6540608485967746e-05,1.9971177847207158e-07,1.2964176168401476e-05,8.971075435941101e-06,0.002730181258447444,0
0.6722640613865998,0.32466140329988696,1.584754715585577e-05,2.0038349059321548e-07,1.3987616059378882e-05,9.334739107509957e-06,0.0030351650276998214,0
0.6143015012221595,0.38522839608209597,1.7175196298963972e-05,1.9972105517490384e-07,1.223506701679582e-05,9.254571871720788e-06,0.00043123813950175565,1
0.6218824036753434,0.3780077935099916,1.7055637191989688e-05,2.1565912258917066e-07,1.0997104939484248e-05,1.0948002891559685e-05,7.058641051931439e-05,1
0.6867310289261576,0.3132202451744149,1.5602082991462068e-05,2.221368121405513e-07,1.0850498745980719e-05,1.127684483011398e-05,1.077433604777788e-05,1
0.6826476235611794,0.3173077292620579,1.5182040754634462e-05,2.1668727699385995e-07,1.0857679293493977e-05,1.1000197471878698e-05,7.39057196576369e-06,1
0.6503443643616071,0.3496142006367821,1.4772851779037421e-05,2.017348858055933e-07,9.291001768707508e-06,1.0241134650888185e-05,6.92827852629295e-06,0
0.5762343242075731,0.4237221238637376,1.58282143400613e-05,2.2985043540424332e-07,1.0763763143561028e-05,9.419333845195258e-06,7.3107669250283635e-06,0
0.7744580828003241,0.22549891325991567,1.3659964015281922e-05,2.1801463122294433e-07,1.1165457468097321e-05,1.0622892775651491e-05,7.33761087010258e-06,0
0.762280724986006,0.237678524580013,1.2779567806927631e-05,2.0396340425926352e-07,1.0942612457494193e-05,9.93823837165929e-06,6.886051941040304e-06,0
0.4057419848428305,0.5942176321027138,1.3997220886603835e-05,1.8253378827052013e-07,1.133500272071515e-05,8.38138270689076e-06,6.486914353115328e-06,0
0.27801404000253876,0.7219500009419352,1.438133155948821e-05,1.7364060729558355e-07,8.773167358547135e-06,7.973035551337742e-06,4.657880449525241e-06,1
0.17544632327832657,0.8245196429836134,1.155849628554731e-05,1.503704504766592e-07,1.100229670587811e-05,7.288912260149689e-06,4.033662357960141e-06,1
0.15472858833119005,0.8452366362434734,1.1712050402078052e-05,1.449064276281693e-07,1.1631536371369904e-05,7.3998412827034595e-06,3.8870908526070404e-06,1
0.14242848525846444,0.8575349808582858,1.3256484727558054e-05,1.561037179540612e-07,1.1834146320619712e-05,7.099692177753197e-06,4.187456305763092e-06,1
0.22020805668647436,0.7788316794726928,1.3013482298628099e-05,1.6508019304588336e-07,0.0009357324015806709,7.441581641345628e-06,3.9112951192669135e-06,1
0.21364938223893512,0.785337544918192,1.3367347770128112e-05,1.6956908994580483e-07,0.0009878743393316985,7.643934765266825e-06,4.017651915994642e-06,1
0.2910837754674895,0.7063756239511605,1.1814468566022477e-05,2.4233886580841073e-07,0.0025166211874961763,7.684080485867485e-06,4.238505936012686e-06,1
0.47291375704302374,0.5229021247668281,8.704204411659664e-06,1.5927706591712763e-07,1.6725063004789025e-05,5.4376948930146e-06,0.0041530919507728305,1
0.6737936292940645,0.3241915440905335,5.128874516788535e-06,1.7428464965154687e-07,1.2572960223564064e-05,5.950051527406651e-06,0.0019910004444846545,1
0.5586009499623216,0.3662265725983229,8.492808435115627e-06,1.7683760115037976e-07,1.0717030293517673e-05,5.4901437640415335e-06,0.07514760061926178,0
0.5206864515108991,0.42253204629710633,5.50129374913434e-06,2.0556746783378485e-07,1.5800163342403925e-05,5.64766299806558e-06,0.05675434750443703,0
0.9689328418544868,0.030901731780957828,3.4971455233548594e-06,8.054920811126831e-08,3.6027170797928826e-06,2.480433548175453e-06,0.00015576551919585537,0
0.9729104109999426,0.026936315658957526,3.5185475132067647e-06,8.087987090959092e-08,3.617506604595204e-06,2.4452460584249966e-06,0.0001436111610528219,0
0.9765880827518755,0.02324149177872724,3.7222768614238724e-06,8.556294064858024e-08,3.826965837406181e-06,2.586829590789847e-06,0.0001602038341672347,0
0.9410474430689981,0.05878511184532254,6.181232391781883e-06,1.1565567008074366e-07,5.637327319578859e-06,4.085344692989416e-06,0.0001514255256049626,0
0.9731117628378295,0.02673087494693833,5.602697995363717e-06,1.0111013498974114e-07,4.928343987510872e-06,3.571547794409065e-06,0.00014315851531995476,0
0.9379838581326153,0.061880796073446424,6.877252846593689e-06,1.2411162697919575e-07,6.4857620320635e-06,4.376076942151636e-06,0.00011748259049069108,0
0.8242581622831526,0.1749298922495902,8.180799709441029e-06,1.8572955574766178e-07,1.2240534574279668e-05,5.126131346597666e-06,0.0007862122720708019,0
0.7772456170403995,0.22160551988098573,8.139157246320878e-06,1.9120028624625553e-07,1.2169026794877765e-05,5.277123378989809e-06,0.0011230865709084905,0
0.6309087628898865,0.366032230085285,9.913729035238375e-06,2.2462172767559922e-07,2.0629025350913024e-05,6.199554372106496e-06,0.0030220400943424433,0
0.9226447090932938,0.07717855913249289,4.697879592866416e-06,1.3922838518267216e-07,7.020135952253632e-06,3.39988861591187e-06,0.00016147464166723068,0
0.9363099387180828,0.06298899182011648,5.741875063704742e-06,1.1741794362527308e-07,6.552499510102338e-06,4.0863845723674e-06,0.0006845712847107451,0
0.44025234534555835,0.5535621112074858,7.008279003585518e-06,1.4331515399121964e-07,8.606330128219231e-06,5.089444458529513e-06,0.0061646960782116254,1
0.24673513600010774,0.7450794359985843,4.809517812351632e-06,1.0722157037214605e-07,6.438846177741359e-06,3.80767987172371e-06,0.008170264735875774,1
0.2578686903481038,0.7319324907559573,4.896990783582761e-06,2.2900287696288795e-08,5.598772501008256e-06,2.9667505674791945e-06,0.010185333481799367,1
0.2615414498922147,0.7289859091804322,5.47008269477401e-06,2.3447468890546057e-08,5.732549991671536e-06,2.9689346660930396e-06,0.009458445912531803,1
0.9385770188166127,0.055506882601769655,8.874548368045984e-06,1.396235857708453e-07,5.523417572516301e-06,4.798134068977226e-06,0.005896762858022272,0
0.9582196761341718,0.04036368833336768,5.125970694542101e-06,1.1380790004594682e-07,4.755395582070592e-06,3.173404030692835e-06,0.0014034669542530012,0
0.890806221851689,0.10527225970089782,7.493913428092951e-06,2.162190683192e-07,1.0897345852132726e-05,5.945084843835577e-06,0.003896965884220737,0
0.9384290449152053,0.05941936249992241,8.397115386302026e-06,2.990420841898961e-07,5.867759536143428e-06,5.916180826729176e-06,0.0021311124870391426,0
0.9344769171993427,0.05677740802659905,1.1533414327835575e-05,1.8020772503813147e-07,9.378051422384482e-06,6.099750323625898e-06,0.008718483350259307,0
0.9663026104073172,0.02913826092691605,5.639654504844764e-06,8.937201454619098e-08,5.334004772976032e-06,3.071249785197456e-06,0.004544994384689226,0
0.9727941132767237,0.023200357156116,5.293724829123536e-06,8.814924419152708e-08,4.471245483446578e-06,2.620771018521874e-06,0.003993055676584815,0
0.9638176769889991,0.023805520887053535,5.773800855316779e-06,9.069232701884706e-08,4.742747223465422e-06,3.0697937669794317e-06,0.01236312508977474,0
0.9603927511978877,0.029843653446549108,7.083004777218427e-06,1.1125672700332629e-07,6.1651614878689e-06,4.917079413871005e-06,0.009745318853157187,0
0.89387193507745,0.09778378979290152,1.15377685760663e-05,2.338284174934581e-07,1.1219312091085607e-05,7.208105694125152e-06,0.008314076114869812,0
0.7116550686515823,0.28057226709720084,2.183765118712685e-05,2.2047952711885575e-07,1.4312302724270298e-05,9.903965028985403e-06,0.007726389852749271,0
0.6408356157256119,0.3549741571842306,1.5965998832529108e-05,2.018812466942063e-07,1.4092165776669618e-05,9.404511135175713e-06,0.004150562533166386,0
0.7021590510276986,0.29141225765818424,1.6942938472789235e-05,2.1423410946148121e-07,1.3746895682152641e-05,9.927070341427415e-06,0.006387860175511467,0
0.6665001814553227,0.3320929732538519,1.7609621792629792e-05,2.3572885188960596e-07,1.2958584566012827e-05,1.0286940791650854e-05,0.0013657544148231455,1
0.6713711060394617,0.32852609703510527,1.6159331314854697e-05,2.3063575952979852e-07,1.2222609980960022e-05,1.1708296555761336e-05,6.247605182184779e-05,1
0.6560155385037568,0.3439383101435892,1.582337854387199e-05,2.2937791596592444e-07,1.1700219897568151e-05,1.1644441733349501e-05,6.753934563246128e-06,1
0.6429409490998963,0.357015790360544,1.4760096877877012e-05,2.168112990058721e-07,9.20262497617362e-06,9.823164918755765e-06,9.25784148801194e-06,0
0.298852467631903,0.701109080581165,1.5348879708130607e-05,1.8532281122941472e-07,9.436884833399197e-06,8.509445949418529e-06,4.971253629671583e-06,1
0.15757743991656734,0.8423810638950809,1.3716369881229671e-05,1.6151916434089822e-07,1.5939584572375936e-05,7.345989978059165e-06,4.3327247556007574e-06,1
0.22749689095025658,0.7720784696157705,1.3020518453768267e-05,1.771780936179094e-07,0.00039925686518611883,7.98693788993319e-06,4.197934349496005e-06,1
0.5475088745042791,0.4492151578182497,9.134576506205842e-06,1.6715238699530682e-07,1.146737677736202e-05,5.706557161170309e-06,0.003249492014639267,1
0.5023229061848781,0.494789966064508,9.747799649367737e-06,2.4143566776406303e-07,1.2014888937264915e-05,6.7865841848874014e-06,0.0028583370421745385,1
0.7576391884900023,0.2416986348977333,1.2125713416134128e-05,3.003323643331025e-07,1.5828750310515902e-05,8.442128260786577e-06,0.0006254796879124785,1
0.5521712570910501,0.4472611894739747,8.93597063223842e-06,1.809036757411586e-07,1.0359600190336579e-05,6.243714365168135e-06,0.0005418332461117524,1
0.9365819523901017,0.063249504180078,3.8100264704756908e-06,8.781834423135804e-08,3.9278430676115455e-06,2.6550173445402234e-06,0.00015806272459339531,0
0.9721341885977319,0.027650885173779574,4.694221644470832e-06,1.0790476445201748e-07,4.826246551614804e-06,3.2622913092494256e-06,0.00020203556421844883,0
0.9771186945647975,0.022736345456029632,5.5940400823614735e-06,1.0095388834694302e-07,4.9207281614348796e-06,3.566028640938195e-06,0.00013077822840022317,0
0.9696147444616399,0.030187626433973803,6.5527259830124834e-06,1.182549923700046e-07,8.243794267116049e-06,4.177161441034606e-06,0.0001785371677027175,0
0.9684250603933667,0.031386937252215134,6.509342690350681e-06,1.5021716543672451e-07,8.189215006475339e-06,4.066519790917083e-06,0.00016908705976499198,0
0.967692620237466,0.032122582413754076,6.660919169804953e-06,1.525230718475281e-07,8.984243612370354e-06,4.161212724268412e-06,0.00016483845020157342,0
0.8190333015909889,0.1803702940613142,8.327738274509731e-06,2.1045538445577184e-07,1.244717937569839e-05,5.808563634237719e-06,0.0005696104110281424,0
0.6717247692616957,0.3274351218397859,7.96999240628151e-06,2.3091788763920515e-07,1.1360951592292194e-05,4.984037902628639e-06,0.0008155629987294693,0
0.6664447498803487,0.33320762944889426,1.1285061988509248e-05,2.5569289938982374e-07,2.183163781509754e-05,7.057117976663874e-06,0.0003071911600773983,0
0.9176001025213872,0.08204397504236943,4.383735891438983e-06,1.0093997186664134e-07,5.538275769798389e-06,3.5129174556780395e-06,0.00034238656715451164,0
0.9217827021652021,0.07749838383394166,5.3123408539754065e-06,1.0863422348793801e-07,5.855166348030532e-06,3.7806931477947662e-06,0.0007038571662827434,0
0.9361542953447332,0.06329369459392588,5.354989228742669e-06,1.0950635748747175e-07,5.811456021805114e-06,3.811045194600368e-06,0.0005369230645385031,0
0.5299020253250686,0.46601941188127827,8.43539228650378e-06,1.7249877521972775e-07,1.31497177884093e-05,6.12582069094353e-06,0.004050679364112031,1
0.22365107873931253,0.7704380018344739,4.5453711462559825e-06,2.4889947516198216e-08,6.085214105315063e-06,3.5985558008881046e-06,0.005896665395213756,1
0.4755017656498596,0.5066732962516263,9.27794865713776e-06,1.3401106312605874e-07,8.942543077714354e-06,5.525691123360889e-06,0.017801057904592757,1
0.476853228784614,0.5081133545872936,9.304318287036251e-06,1.3439194711965777e-07,8.967959423506398e-06,5.5413961498965025e-06,0.015009468562284887,1
0.37239990654755056,0.6099276105419231,8.924813848857113e-06,1.4542860320564768e-07,8.33678184698939e-06,5.04768998767216e-06,0.017650028196239596,1
0.9305568532406314,0.06475932911686202,8.383346627299644e-06,1.5279569396557773e-07,6.044497542409631e-06,5.250790693862423e-06,0.0046639862119491095,0
0.9361597111810469,0.05949812472171311,8.491938749061918e-06,1.5477490457698553e-07,6.327216260186432e-06,5.31880583479902e-06,0.004321871361491528,0
0.9548483842274842,0.042491785051135336,5.122516078615109e-06,1.1373119992268339e-07,4.752190712925622e-06,3.1712653348710106e-06,0.00264667101805409,0
0.9507127223665545,0.04617978135683689,7.689646581068375e-06,1.5461774361440536e-07,5.7442814498585985e-06,4.187636918194631e-06,0.003089720093915986,0
0.9468495413191297,0.04840021815366539,1.0670571854188703e-05,2.3078983836959138e-07,1.0092263834908965e-05,6.299221185602632e-06,0.004722947680491767,0
0.944081229444873,0.049680907168036935,1.1184671498010532e-05,1.906550523608938e-07,9.921732737037428e-06,6.602712639680793e-06,0.006209963615163119,0
0.9714208483410515,0.024425003045461503,5.138693083561922e-06,8.143324251831067e-08,4.860193724816248e-06,2.798435616140571e-06,0.0041412698578196265,0
0.9621633125255351,0.027669617283926858,6.567025439994236e-06,1.031519502784046e-07,5.394322120285641e-06,4.558882369417758e-06,0.010150446808657837,0
0.9691423959403122,0.02576577976132468,6.210631515175276e-06,1.2474681243274032e-07,5.735602786378981e-06,3.906635047059691e-06,0.005075846682201954,0
0.9617286626005517,0.036529224119301124,6.674952572199752e-06,1.393472757858522e-07,4.4331039707920975e-06,4.2955852108135255e-06,0.0017265702911174786,0
0.7281592956363789,0.26604132893713367,1.580709061200707e-05,1.9987193991638133e-07,1.2806896924556452e-05,9.261563491523348e-06,0.005761300003519616,0
0.6391387557630336,0.352264321161829,1.641670082812561e-05,1.9741462486611044e-07,8.8493616800616e-06,9.147697686416936e-06,0.008562311900317882,1
0.8455519168124821,0.1544173449834883,1.0113872502397611e-05,1.5806837616726563e-07,7.42770724178052e-06,7.701975788629968e-06,5.3365801207166955e-06,0
0.8372609710953023,0.16270934862002642,9.806848701941762e-06,2.001476568379045e-07,7.982269597542029e-06,7.62645509982438e-06,4.0645636149641416e-06,0
0.44715940448842656,0.5527977672942815,1.6993914465466168e-05,1.9681437366836205e-07,9.512706192431795e-06,9.037102684171697e-06,7.087679576164448e-06,0
0.3726617261283466,0.6272981703046662,1.636560211093562e-05,1.8953759804516357e-07,8.975256073077673e-06,8.70297582498543e-06,5.870195380187413e-06,1
0.1906629199690956,0.80922743745155,1.2261678594370339e-05,1.5516224789590036e-07,8.539290346313594e-05,7.056873546043987e-06,4.77596150280989e-06,1
0.362278891595757,0.6364385482833571,1.4430513554789354e-05,2.3328497264795174e-07,0.0012536422288624064,9.051470938645052e-06,5.202622557252754e-06,1
0.010573958931366657,0.08370374453120169,4.336234280729533e-06,5.335669802835812e-08,0.9057083384883574,7.1657953667466185e-06,2.4026627288769482e-06,4
0.7606969051481309,0.23674572189324763,1.4907508259493588e-05,2.7279048875814993e-07,2.7343477590599845e-05,9.313025946591339e-06,0.0025055361563361693,0
0.3961229493326316,0.6029014417288175,6.012733203493924e-06,1.3151602063444797e-07,1.1708273802554404e-05,3.88690854788581e-06,0.0009538695069762813,1
0.4881834933066705,0.508950525503526,1.1133084042356355e-05,2.7574669943222366e-07,1.6963629291988016e-05,7.751042779770165e-06,0.002829857686989949,1
0.5303143762575542,0.4692675664181116,7.363198562682442e-06,1.6784570679700467e-07,9.611824684918855e-06,5.662007620348285e-06,0.00039525244775940623,1
0.553674253895954,0.4457818474764834,9.320535645425198e-06,1.8387321311325585e-07,1.0805431980498648e-05,6.512416467714536e-06,0.0005170763702558945,1
0.9633171834073597,0.036492267035233956,3.5161480581057742e-06,7.562138760207562e-08,3.951783861504887e-06,2.671200074332312e-06,0.00018033480402487731,0
0.9820649613573894,0.017758364791746133,3.735656433148792e-06,9.945293518314916e-08,3.848428138338485e-06,2.6013369884246662e-06,0.00016638897636966107,0
0.9827223572616468,0.017114476127346824,3.74565772022465e-06,8.610038993254311e-08,3.851004282479169e-06,2.603078327693527e-06,0.00015288077028628052,0
0.9788037170408208,0.020945123838537073,4.453761042834084e-06,1.0237736362931334e-07,4.271010179450341e-06,3.095181063856469e-06,0.00023923679099205797,0
0.9717938970385661,0.028025274638684622,6.066140518541214e-06,1.0947373697529148e-07,5.3360054703444485e-06,3.86697816078963e-06,0.0001654497248625862,0
0.9808608846474747,0.01900793220517965,4.7994091086043366e-06,8.661343217920045e-08,3.3194441111072737e-06,3.059475815131779e-06,0.0001199182048785294,0
0.9870722178827842,0.012817003751772865,4.289003784267888e-06,7.740230723799436e-08,2.9664294149629213e-06,2.7341081062356397e-06,0.00010071142183026927,0
0.9806782017085032,0.01910110435851611,7.3657656344165694e-06,1.3292766417446487e-07,7.2861284530973175e-06,4.601544756894376e-06,0.00020130756647236187,0
0.9000891418684929,0.09972581545757048,7.695072406818165e-06,1.6208819737433717e-07,7.758779345667883e-06,5.513415652055619e-06,0.00016391331833491666,0
0.9304229119322777,0.06942907528770603,5.158247262173058e-06,1.1687372205643323e-07,5.200952012113e-06,3.2257119649873923e-06,0.00013431099505483406,0
0.9359928512927916,0.06385162742317274,4.5976953412693344e-06,1.0417293706647487e-07,4.63575932305803e-06,2.875170599606226e-06,0.0001433084858345493,0
0.9202646259959294,0.07948598342167357,4.218904278745971e-06,9.559042461433483e-08,6.24766875776401e-06,2.69934580363731e-06,0.00023612907313203004,0
0.9289020746945859,0.07087993912837291,3.9644641459590325e-06,1.1743854909195835e-07,5.738988215439611e-06,2.8691106810195663e-06,0.0002052961754496397,0
0.9154605566558623,0.0843099775347143,4.42635651073353e-06,1.0776759200529899e-07,6.065199522431358e-06,3.244814228731607e-06,0.0002156216715693192,0
0.9232012789743865,0.07658327329407515,4.1720965826739925e-06,8.788060444474509e-08,5.460033970592664e-06,3.0584247613755047e-06,0.00020266929561925783,0
0.24067675855181833,0.7524211737794281,4.297840599402337e-06,9.581443218561731e-08,5.753827222540732e-06,3.4025866585198503e-06,0.0068885175998408855,1
0.28821104831300975,0.6999390641587182,5.0928551306690295e-06,2.5562679640415584e-08,6.249686891315192e-06,3.2367641086096455e-06,0.011835282659461698,1
0.4358164574956996,0.5493201199775186,8.503612412573506e-06,3.973873065353812e-08,8.48618482949072e-06,5.064517746442753e-06,0.014841328473062418,1
0.47174050241315435,0.5026654633057129,9.204559219459358e-06,1.329510231399633e-07,8.91347589473745e-06,5.48198239211931e-06,0.02557030131260334,1
0.4445579949430822,0.538774311526358,9.10668262669701e-06,1.7035732677891227e-07,9.765835867815868e-06,5.825563296374882e-06,0.016642825091442222,1
0.9525701459458236,0.04500217909362822,5.50004510073101e-06,1.2211318019017858e-07,5.102426785438665e-06,3.901216893414446e-06,0.002413049158588169,0
0.8830584035043996,0.11326534832548323,8.858928562086069e-06,1.9668783073254343e-07,1.095107474577654e-05,6.657576188314038e-06,0.003649583902790221,0
0.9459934790375959,0.04760263598317413,9.662750757851574e-06,1.6471223602911788e-07,8.571662613520854e-06,5.704268254485633e-06,0.006379781585368077,0
0.9714208483410515,0.024425003045461503,5.138693083561922e-06,8.143324251831067e-08,4.860193724816248e-06,2.798435616140571e-06,0.0041412698578196265,0
0.9671364418319194,0.022200208465633253,5.782114750532354e-06,9.082291803204385e-08,4.749576468955165e-06,4.013990997143973e-06,0.010648713197312377,0
0.9608275655834465,0.02973885881347354,6.572707470555618e-06,1.0523049124435399e-07,5.7209904896338446e-06,4.134389441042047e-06,0.009417042285187738,0
0.9706106638086806,0.025324411567958307,6.104243304264932e-06,1.2400323993425224e-07,5.320058350085961e-06,3.99963557978081e-06,0.00404937668288705,0
0.8932191020716655,0.09484914545847704,1.0979549277001925e-05,2.225153516736692e-07,9.691512366364714e-06,6.859363761781046e-06,0.011903999529100463,0
0.7939412296744598,0.200059676084757,2.182542076290911e-05,1.909476534052977e-07,1.1697601607741168e-05,8.577389957269918e-06,0.005956802880801842,0
0.734675267578607,0.24641967889390023,2.032045324912931e-05,2.0516143814266623e-07,1.256834910440203e-05,9.506665548778273e-06,0.018862452898152575,0
0.6644578785092135,0.32048248831747816,1.4490879845880228e-05,1.9669420675606297e-07,8.817068021873894e-06,9.114315321341377e-06,0.015027014215912439,1
0.6436318227892307,0.35622894618226975,1.5054592807336836e-05,2.1823349004058656e-07,2.057421374973411e-05,1.0812727545724667e-05,9.257126090666706e-05,1
0.6693018501694279,0.33064516503954794,1.5995415634973265e-05,2.2327854530222238e-07,1.0866746152082851e-05,1.1300391122526538e-05,1.4598959569188282e-05,1
0.8651922084461457,0.13477610006454585,1.0134007650243637e-05,1.6993151388338357e-07,7.960452323323645e-06,8.713028515616026e-06,4.714069305124811e-06,0
0.8399232446041444,0.1600453288901479,9.838031946361056e-06,1.5701614618793597e-07,8.4961374018425e-06,7.650705256083396e-06,5.284614957204591e-06,0
0.36640391578943077,0.6335603859763579,1.3138841311118658e-05,1.6613339959676082e-07,1.0267787165083878e-05,7.668971485459105e-06,4.456500849928776e-06,1
0.2377212585789202,0.7619391396790091,1.2492111371415835e-05,1.8779926426266476e-07,0.00031132137430826346,8.993674976949792e-06,6.6067821497351724e-06,1
0.4205621884459272,0.5788237336354113,1.3951030108657269e-05,2.2560065288909157e-07,0.0005861167189133066,8.753318870849656e-06,5.031250115809985e-06,1
0.3807934673212066,0.6183971698730829,1.436306602653308e-05,2.3219460987432653e-07,0.0007776990873355007,9.009164797593511e-06,8.059292941061142e-06,1
0.39523735911078345,0.6038502445617079,1.501509866505312e-05,2.427354278199384e-07,0.0008792951877780699,9.418149166459123e-06,8.425156471261346e-06,1
0.28677471058236376,0.681326025900089,2.56038889509582e-05,2.250464195753385e-07,0.03182715119295699,3.569522795547162e-05,1.0588161264352164e-05,1
0.022832742647408165,0.14885656584172288,8.22866466207013e-06,9.243940653109515e-08,0.8282814563254718,1.676821024368857e-05,4.145871084806623e-06,4
0.789099705879411,0.2071317869001341,1.3751542629610881e-05,2.9067756325650774e-07,2.51283050598834e-05,8.590870525506155e-06,0.0037207458246767216,0
0.4837938058223819,0.5129587392087671,7.379304810829776e-06,1.5598237948375687e-07,1.3205892960242985e-05,4.610002957891941e-06,0.0032221037857423462,0
0.6604040869222394,0.19615437934548838,5.468604613678474e-06,1.9082957716925888e-07,1.759136153433512e-05,6.4909849302446565e-06,0.14341179195161693,0
0.7238049142280842,0.27150548520219503,1.4078468390342084e-05,3.486986334539573e-07,2.4464837866997237e-05,9.801669542062245e-06,0.004640906895287847,1
0.5190388170924988,0.4806455771315931,7.206642028002993e-06,1.7849571113008255e-07,9.407457798462232e-06,4.903906409344262e-06,0.0002939092739610913,1
0.5906956478553487,0.40831245344582434,9.943752671707063e-06,1.9616788387561492e-07,1.1527936506285494e-05,6.947868782830159e-06,0.00096328297298248,1
0.9608706370908069,0.03895669465913232,3.903270534150173e-06,8.996755220793009e-08,4.02397049663018e-06,2.7199944800665955e-06,0.0001619310469976514,1
0.9689165748026011,0.030881132968004613,3.732582301246466e-06,9.379216016538987e-08,4.195033387687007e-06,2.835624085156512e-06,0.00019143519745998115,0
0.9821518393436321,0.01768094004303482,3.743483184529652e-06,8.60504044866625e-08,3.848768588003237e-06,2.601567114666805e-06,0.00015694074404152232,0
0.9832479592118544,0.01657557117285354,3.758358328978926e-06,8.639233528575005e-08,3.864062095647394e-06,2.6119047293207392e-06,0.00016614889780280847,0
0.9802926801618771,0.019485458356560046,7.682204393109802e-06,1.3863833528933399e-07,7.599145939372549e-06,4.7992305350216816e-06,0.0002016422623601022,0
0.9852341021440869,0.014583357270152336,6.606464474287682e-06,1.192247940818721e-07,6.535036704883814e-06,4.127193759902377e-06,0.00016515266602768814,0
0.9352148445657774,0.06460015673701087,7.676350839528615e-06,1.757746312148298e-07,1.0353857213728696e-05,4.795573700127988e-06,0.00016199714082715434,0
0.9269171980485598,0.07291614061185031,4.299967185145213e-06,9.742711896225216e-08,4.489499085025877e-06,2.6889861794513406e-06,0.00015508546002142138,0
0.9275167463282077,0.07229668088560719,4.152073137180208e-06,1.0283947008957568e-07,4.738903416107183e-06,2.8383669425769607e-06,0.00017474060321916524,0
0.9262319939412467,0.07350749135399022,4.366126228468791e-06,1.0393638785456185e-07,4.55857425506287e-06,2.730358763353238e-06,0.00024875570912829675,0
0.924566053587592,0.07516840874219215,3.945958427559759e-06,1.1694412532439788e-07,5.914299278802299e-06,2.855717962012783e-06,0.00025270475042217435,0
0.9384125280292247,0.061434734791463684,4.570980779768861e-06,1.1321506766624752e-07,6.260330407056013e-06,3.1970421623963554e-06,0.0001385956108948357,0
0.9345586519048764,0.0650512222692617,4.8747878628306536e-06,9.968652402090081e-08,5.56299897309873e-06,3.4692949071905073e-06,0.0003761190575947887,0
0.5034240244019523,0.49450017170658184,7.786800295712832e-06,1.5923545322724987e-07,1.2086115172389847e-05,5.654810202963697e-06,0.0020501169303415293,1
0.3041826627401753,0.6927783261684289,5.287725873452714e-06,1.0813086171790922e-07,8.242900936524464e-06,3.839970858908266e-06,0.003021532362865182,1
0.2110784024015974,0.7819664171858702,3.916551959280586e-06,8.731412750768874e-08,5.2433687943051315e-06,3.0305912144370656e-06,0.00694290258643681,1
0.27089645943142954,0.7207343542205777,4.821400321647573e-06,2.4200160554004003e-08,5.916571670481686e-06,3.0642410031203456e-06,0.008355359934837108,1
0.3961973033475897,0.5881984234145275,1.0086400872238248e-05,1.756684446007207e-07,1.0070298880373733e-05,6.007183034313148e-06,0.01557793368665135,1
0.910501802438124,0.08531592087856037,8.51104060349406e-06,1.551230568404842e-07,6.341448765569977e-06,5.330770011391835e-06,0.004161938300878403,1
0.9550840341512957,0.04325646217954201,5.817575268746697e-06,1.2007767348000884e-07,5.397001539789815e-06,4.126443056644795e-06,0.0016440425716236426,0
0.8739219830458125,0.11797171136018476,8.767271095451244e-06,1.9465283201272094e-07,1.1662626891326941e-05,6.5886946567526745e-06,0.008079092348527241,0
0.8814621494591104,0.11166551027765781,7.784182474047938e-06,1.9849338075439696e-07,1.1319443360236051e-05,6.394816251942727e-06,0.006846643327764881,0
0.8983623324337443,0.09539649256548692,7.306835237255935e-06,1.7733959893382627e-07,1.0625304312488056e-05,5.79667163788794e-06,0.006217268849982102,0
0.954018722670458,0.04427476688659363,5.3095400761210764e-06,1.198001256374259e-07,5.3845268965828485e-06,4.212173857780717e-06,0.0016914844019921777,0
0.9266627485572386,0.07084983854033318,9.707736168046528e-06,3.457165375140475e-07,6.783598754322353e-06,6.839577634246945e-06,0.002463736273334254,0
0.9485807591074,0.04892520004268507,7.121207003671567e-06,2.0387214087583145e-07,6.662839193750252e-06,5.649408714629e-06,0.0024744035228620545,0
0.9650946233609264,0.03264910603698582,6.489850994530412e-06,1.3049313861035487e-07,6.1381235589858725e-06,3.5342508048662217e-06,0.0022399778835907077,0
0.9575359438294461,0.03653818021268004,8.941488266668448e-06,1.5241752196023106e-07,7.931842868073553e-06,5.278481143267429e-06,0.005903571728073785,0
0.9681078697273744,0.022454657607383282,5.117982486754989e-06,8.039102023030361e-08,4.204041295683054e-06,2.4656054777815632e-06,0.009425604644962072,0
0.9689831408750729,0.025173051814237193,6.067759267480588e-06,1.2326209340033573e-07,5.288261255038361e-06,3.816765002647554e-06,0.005828511263071435,0
0.9708144151299464,0.025148841684934763,6.061923612847778e-06,1.2314354634289779e-07,5.283175280969175e-06,3.971906779488867e-06,0.004021303035899243,0
0.8301010479151967,0.16213023920315836,1.5386833573750476e-05,1.9455802152610816e-07,1.1918775563960931e-05,8.564785126782411e-06,0.007732647929358962,0
0.7875396622422314,0.20759053569239147,1.5800089347232684e-05,1.9978341278595152e-07,1.3258686355345147e-05,9.25746136673514e-06,0.004831286044895248,0
0.7550221066735893,0.20461799609809908,1.832776221795711e-05,2.419072075525999e-07,9.515375268274877e-06,9.69791072588369e-06,0.04032211427289199,1
0.6405761931188245,0.3400966972313095,1.5140622811047536e-05,2.0873230994138223e-07,1.0092990624295968e-05,9.672130775651714e-06,0.019291995173344845,1
0.6826690411340098,0.3172816579381298,1.528603803697156e-05,2.3835450120650336e-07,1.1067976994366028e-05,1.0799232259642696e-05,1.1909326068252259e-05,1
0.7045916292963759,0.2953645099881483,1.3863657300979342e-05,2.1617538258641562e-07,9.144246299073187e-06,9.794353173742899e-06,1.0842283319666365e-05,1
0.8711417248293506,0.12882804327189995,9.647615686437745e-06,1.546019040536113e-07,7.609134675078872e-06,8.328497516262231e-06,4.492048967845071e-06,0
0.8405027385533709,0.15946591897864837,9.802415454090406e-06,1.6437122955866433e-07,8.169698045990093e-06,7.940500112995326e-06,5.265483138076248e-06,0
0.7547461903631502,0.24521250147366544,1.3102371364054721e-05,1.9392984263491755e-07,1.1088149472720698e-05,1.0587644433787546e-05,6.336068071068387e-06,0
0.39738554080148414,0.602575092997732,1.597729964531118e-05,1.850404878166134e-07,8.976463360436975e-06,8.496482538138771e-06,5.730914752174292e-06,1
0.34406142627376896,0.6559036937991487,1.2404139319750395e-05,1.6137185765404147e-07,1.0266862200626836e-05,7.718780426044242e-06,4.32877327819302e-06,1
0.7709155775090045,0.22653114225173335,1.1456180769619697e-05,2.5058010317400446e-07,2.056887583931261e-05,7.4058045571828336e-06,0.0025135987979927146,0
0.6771414421105032,0.3224513395995775,8.62240910475668e-06,2.469623165258287e-07,1.2547043691521753e-05,5.867293964165669e-06,0.0003799345808422722,1
0.6014819009383194,0.39792020414131685,7.690753333427595e-06,1.7083802517455956e-07,1.0039410469046392e-05,6.050736535361193e-06,0.0005739431820006298,1
0.6062383971896115,0.39313953317005057,6.956440581400779e-06,1.3723493264696966e-07,8.064702329162919e-06,4.750649074489076e-06,0.0006021606134202064,1
0.8226321853652936,0.17721646054764298,3.4225291813746657e-06,7.888681302371734e-08,3.5283632864320465e-06,2.3372923117292524e-06,0.00014198701547103441,1
0.8953349991485756,0.10452501616572672,3.164438735687087e-06,7.293801561302974e-08,3.2622919675668623e-06,2.205139464014062e-06,0.00013127987751463877,1
0.9870299688552803,0.012802230910919627,5.9420096537765626e-06,1.0723358615810782e-07,9.496700090487867e-06,3.7120952151930715e-06,0.0001485421952547877,0
0.9874880257914386,0.012444326996593449,3.40136212900551e-06,6.13833164481346e-08,2.352504492402804e-06,2.1249006346187027e-06,5.9707061395562356e-05,0
0.9899335496306184,0.010004807172930901,3.0345013687206304e-06,5.4762695271419774e-08,3.390981105893698e-06,1.8957151986727908e-06,5.3267236082296944e-05,0
0.9899735337372159,0.009964945091142667,3.0224110265825364e-06,5.7306992281197894e-08,3.3774704440839285e-06,1.8881621141414757e-06,5.317582106422458e-05,0
0.9704802799393927,0.029344754756782852,6.299883272472189e-06,1.4425599898496486e-07,8.497278619738072e-06,3.9356661995921855e-06,0.00015608821973371782,0
0.9500320972040069,0.049816597609542455,4.473054316443204e-06,1.0134886529326146e-07,4.5100864043487875e-06,2.797226285447745e-06,0.000139423470579109,0
0.9268959922150432,0.07273521192461073,4.270953789714342e-06,9.834304941121298e-08,6.121896645741335e-06,3.4225392432017243e-06,0.00035488212761792187,0
0.9234339655493626,0.07559699786903641,4.140090389861625e-06,1.0254267874131523e-07,5.6700631033729425e-06,2.8956681662505003e-06,0.00095622821726276,0
0.9348041193308759,0.06476553216303484,5.193669322512739e-06,1.0620746096931612e-07,5.443781629318742e-06,3.696236849117419e-06,0.00041590861082748564,0
0.9391274966670599,0.06033455218755489,5.2498623118763146e-06,1.0735657431365468e-07,5.697367939088237e-06,3.736228343579224e-06,0.0005231603302163732,0
0.5181699096882543,0.4798647287557068,7.748371254175102e-06,1.5844960209277063e-07,1.2026468359276472e-05,5.514370201849507e-06,0.001939913896621641,0
0.4321596580441859,0.5642816352483767,7.863548199676777e-06,1.6080490239864688e-07,1.217644468390344e-05,5.710544883950745e-06,0.0035327953647673674,1
0.3990921161363042,0.5846263111343095,7.331355464027302e-06,1.2399836049424047e-07,8.313259809131562e-06,5.112836387618315e-06,0.016260691279365077,1
0.45739367868842457,0.5280052260460135,8.07719203474309e-06,1.2500316673092862e-07,8.527864411250066e-06,5.154267660330051e-06,0.01457921093828902,1
0.3970572705984594,0.5894751392752257,1.0108293940050623e-05,1.760497422725913e-07,1.0092156997959137e-05,6.020221943553168e-06,0.013441193403691088,1
0.9064347140171543,0.09081790393527853,8.19260136051285e-06,1.5325774756339099e-07,6.140059768571764e-06,5.240823661485716e-06,0.002727655305029095,1
0.9123768296172449,0.0854560871401778,8.46382089504044e-06,1.5426242582487905e-07,6.4988605977878235e-06,5.247222727159624e-06,0.002146719075931577,1
0.913592785623571,0.08392238100901707,8.491140334186502e-06,1.5564967058148406e-07,6.557303282323477e-06,5.348866977731248e-06,0.0024642804071471425,1
0.9135557467902252,0.0838085142228823,9.098497723701114e-06,1.6678303711207466e-07,7.026336468334193e-06,5.731462690038128e-06,0.0026137159069733705,0
0.9549616009132363,0.043374371894530396,5.833432983578166e-06,1.2040498467336837e-07,5.411712842593711e-06,4.137691034408332e-06,0.0016485239503883779,0
0.9529177205819312,0.04444088696775623,5.48639168311181e-06,1.2181004408576307e-07,5.089760423163977e-06,3.8915324376521135e-06,0.0026268029557245695,0
0.8691039134649309,0.12403232181739976,9.217675809171992e-06,2.0465281400519172e-07,1.2261775938850448e-05,6.9271784447363474e-06,0.006835153434662663,0
0.882239723317571,0.1110915694762766,9.277665122086035e-06,2.0598470958844504e-07,1.1468701153441033e-05,6.97226103214078e-06,0.006640782594135382,0
0.8825648856944923,0.1107161657411435,7.793920725522747e-06,1.8916134423544375e-07,1.1333604331714345e-05,6.4028163635799136e-06,0.006693229061599105,0
0.9352683138901328,0.06271172437600334,7.465108161401406e-06,1.4958856924695227e-07,6.6046508151373045e-06,5.259535893241085e-06,0.0020004828504248695,0
0.9541243877548531,0.04295798320374689,6.893509081409441e-06,1.9735340565852565e-07,6.565758392311521e-06,5.468770990480922e-06,0.0028985036495300575,0
0.9640861641278671,0.03014471882269969,6.776940037048335e-06,1.1552041182791217e-07,6.011708777900379e-06,4.00067070802545e-06,0.005752212209498541,0
0.9669771650952227,0.022428431619387543,5.1120049230082184e-06,8.1844322404666e-08,4.199131172425689e-06,2.462725766106901e-06,0.010582547579206032,0
0.9702086680516677,0.025133149872848613,6.058141229253135e-06,1.1441014957609942e-07,5.078615507425957e-06,3.969428477880059e-06,0.004642961480119336,0
0.9198085886889258,0.07842566128147158,1.3102988622174426e-05,1.8064460061001007e-07,5.022469117625612e-06,5.246461281011496e-06,0.0017421974659811695,0
0.8386293262518965,0.15343217213242621,2.2988277791712594e-05,2.0112133222267165e-07,1.2320849076711918e-05,9.03439274814167e-06,0.007893956974728764,0
0.8253429204861812,0.16652381818702106,1.5628176717985565e-05,1.9760967243441285e-07,1.2105722069637442e-05,8.876648597511934e-06,0.00809645316973997,0
0.8155422293324217,0.17479648362459288,1.6261622772945703e-05,2.056192483231656e-07,1.3645983338264342e-05,9.52787932223509e-06,0.00962164593830365,0
0.6430548768933403,0.3508564656851831,1.599303313049331e-05,2.3224386209974337e-07,1.0814903313847237e-05,9.604597731114284e-06,0.0060520126434392245,1
0.6568633770986119,0.34238554574106494,1.5997395482513616e-05,2.3723090058232265e-07,1.0415742438301836e-05,9.810839988979378e-06,0.0007146159515129052,1
0.7564075206746232,0.24354703347691128,1.4253437221979511e-05,1.9896242780473736e-07,9.693031223016946e-06,1.0069723671110832e-05,1.1230693921503521e-05,0
0.8583172889363918,0.14165014361236236,1.0428885596303143e-05,1.625753002912724e-07,8.691821589995856e-06,8.447975669232096e-06,4.836193090026527e-06,0
0.6988955936572268,0.3010582707975923,1.6222949414249795e-05,2.0537918837837615e-07,1.1742778256220106e-05,1.1212724102208895e-05,6.751714219982322e-06,0
0.32604420373994286,0.6739175962746473,1.6013443649868938e-05,1.933467752102783e-07,7.74764610804091e-06,9.059053746119047e-06,5.186495130702142e-06,1
0.20124972980925576,0.7986955094390719,1.2230956059142893e-05,1.7099083477249093e-07,2.8906910350540157e-05,8.188722133811024e-06,5.263172294040478e-06,1
0.19286759970201886,0.7848974387288293,1.817031464309851e-05,1.3958671936324754e-07,0.022175268122556435,3.162001726016306e-05,9.76352797283274e-06,1
0.13924371433485253,0.8313592681131079,2.141639204441729e-05,1.2027869355322275e-07,0.02932013136241363,4.220911656810175e-05,1.3140402319958909e-05,1
0.8943654863224695,0.10250208399460886,1.6297767285995303e-05,3.4449918884109907e-07,2.842823501664073e-05,1.0181549254505516e-05,0.003077177632175794,0
0.7246740678953786,0.26773244549354,1.2533982997831344e-05,2.6494101308045083e-07,1.4676501639537138e-05,7.830236069035948e-06,0.007558180949361857,0
0.5933711299704097,0.40582010540074054,8.54300769499452e-06,1.6853433475155723e-07,9.90403256517224e-06,5.969144490531717e-06,0.0007841799097640989,1
0.9707714223159681,0.029048921546292236,3.784127524809798e-06,1.007433622937481e-07,3.898362471535976e-06,2.635089996995858e-06,0.00016923781438386525,1
0.9804996317482655,0.019367322631542363,3.73718577602025e-06,8.590564771262616e-08,3.842294064982278e-06,2.5971906743094962e-06,0.00012278304402930367,0
0.9819747315821753,0.017892022638891135,3.742808136232327e-06,8.603488733961802e-08,3.848074553983565e-06,2.6010979838160535e-06,0.00012296776337237126,0
0.9821590243642014,0.01769171836700993,3.991852109760787e-06,9.175959173942733e-08,4.104122885203272e-06,2.7741733202607657e-06,0.00013829536088174292,0
0.9836263311145538,0.016205153879375756,3.835416671853968e-06,8.087041777885443e-08,2.6527122395553826e-06,2.444960261348251e-06,0.00015950104648004354,0
0.9798612827160713,0.020053343599191826,4.23865618142582e-06,7.649369982706758e-08,3.143026176958623e-06,2.6479753899287393e-06,7.52675332887776e-05,0
0.9880187565297289,0.011871817269483085,4.373476203551113e-06,7.892675451744877e-08,3.0248535810207723e-06,2.7322002209546267e-06,9.921674402807871e-05,0
0.9938999917867273,0.006044863809094533,2.720327990895719e-06,4.909290677517269e-08,1.8814767662690423e-06,1.6994446504040463e-06,4.8794061863873407e-05,0
0.9902469720814602,0.009691441476059864,2.7073733788236513e-06,5.501532689882941e-08,3.4066244023211533e-06,1.904460524544212e-06,5.3512968847501194e-05,0
0.9806808438730439,0.019160069514645325,5.6634132543992006e-06,1.209122797878494e-07,6.308051737391374e-06,3.983841704859391e-06,0.00014301039333412864,0
0.978002205020146,0.021812723382773153,5.959275305397617e-06,1.5485097443203506e-07,9.050631272823923e-06,4.19196135368374e-06,0.00016571487817475405,0
0.9674148429383144,0.03250460394353583,4.067629246096946e-06,7.340723032035968e-08,3.836077560811729e-06,2.5882803715560597e-06,6.998772374123667e-05,0
0.9480945834531949,0.05173979969046042,4.94985058912213e-06,1.1215194475385024e-07,5.350754170978399e-06,3.0953910230942826e-06,0.0001521087086169377,0
0.9456325574983853,0.0542193240572669,4.369451434357862e-06,9.900146823576044e-08,4.723346708415368e-06,2.7324381821707653e-06,0.0001361942065549193,0
0.9392279218273656,0.060605878068751805,4.363982164518985e-06,9.88775474753721e-08,4.55633568608631e-06,2.729017972114457e-06,0.00015445189051246434,0
0.939956697959135,0.05988432984809488,4.312026419199778e-06,9.770035277549751e-08,4.502089860239493e-06,2.696527426235623e-06,0.0001473638487115959,0
0.9032929634313923,0.09636423067278792,4.681625679190013e-06,1.1595554512139979e-07,6.79121642878724e-06,3.751632164130821e-06,0.00032746546600247384,0
0.9303246301355844,0.06943462781843633,4.75574244577423e-06,1.0950580066169677e-07,6.230485701239488e-06,3.8110258159246205e-06,0.00022583528621532994,0
0.899682960153213,0.10010113988595105,5.902976674116688e-06,1.1042608680495212e-07,7.541278027703471e-06,3.84305365580882e-06,0.00019850222639136356,0
0.9262394248314177,0.07345066523471366,4.697453562676606e-06,1.0643322317704913e-07,5.641971298782743e-06,2.9375544428079828e-06,0.00029652652134102723,0
0.9393045463220231,0.06034746706957934,4.459528577320935e-06,1.1045459475033814e-07,6.323637609509063e-06,3.1190900975145656e-06,0.00033397389751820146,0
0.49924122518548175,0.4988909885934934,7.637017884386619e-06,1.5617249164518244e-07,1.2272743626100605e-05,5.435122101301115e-06,0.001842285164921401,0
0.4130079443630823,0.5841624752619036,7.741061077163464e-06,1.5830011330335603e-07,1.2015122024718252e-05,5.621594172000255e-06,0.002804044297626945,0
0.41589606265793616,0.5805552468462092,8.090329156540715e-06,1.6544243862381764e-07,1.2527607505888806e-05,5.875234258277979e-06,0.0035220318824952354,1
0.2321967646479777,0.7598901504539398,4.340503501918043e-06,9.676554279230228e-08,5.810943107648619e-06,3.4363627420102114e-06,0.007899400323187972,1
0.47533631328763826,0.5074920048357114,7.772265696577898e-06,1.5850689121382355e-07,9.125037720010148e-06,5.4203241218741585e-06,0.017149205742220463,1
0.906123675722467,0.0921377052225672,8.805498756397649e-06,1.614121221411035e-07,6.803154259461654e-06,5.546892368616276e-06,0.001717302097459157,1
0.8837452294019985,0.11015170088428704,9.216508117168308e-06,2.046268886570462e-07,1.2260222621288497e-05,6.92630091215162e-06,0.006074462055175072,0
0.9451858753022442,0.05265170870630194,6.198985587137509e-06,1.3986884768109826e-07,6.2865340777042085e-06,4.91779036612448e-06,0.0021448728125753936,0
0.9239649383836692,0.07346549867828857,6.95788937146471e-06,2.790087194063825e-07,5.474667816066813e-06,5.5198452776770486e-06,0.0025513315268573355,0
0.9277959979616882,0.06924789228012654,6.986739047044367e-06,2.801655804326272e-07,5.596204806994645e-06,5.542732354060294e-06,0.0029377039163966307,0
0.9670148326489755,0.03049883230249982,4.474462741959085e-06,1.2809883184157097e-07,3.583933754597957e-06,3.5496888090282304e-06,0.0024745988643872195,0
0.9716855776791465,0.024431659290177925,5.140093468185134e-06,8.761855808559415e-08,4.861518213445436e-06,3.0343814851927904e-06,0.0038696394189505416,0
0.9726518804298279,0.023790365734818776,5.145205087181199e-06,8.153643871263196e-08,4.8663528004044815e-06,2.8019819308482763e-06,0.0035448587590959438,0
0.9732309185934296,0.023973620599389126,5.338621333427044e-06,9.33276803990914e-08,4.9038378409175235e-06,2.823565324100391e-06,0.0027823014550022672,0
0.9720111682908763,0.021894165036536278,5.138617598102864e-06,8.22703971822339e-08,4.478482278317016e-06,2.578651186248865e-06,0.0060823886511273345,0
0.9633796839785785,0.027217718750307145,6.015499938436621e-06,9.170577040302381e-08,4.752928547241778e-06,3.7838926408144386e-06,0.009387953244217118,0
0.9633375870858629,0.029782912299899832,6.015237078569684e-06,8.780448877676927e-08,3.982787355981237e-06,3.941316726915953e-06,0.006865473468586793,0
0.9665500401052689,0.03075458512086287,6.5017630736957126e-06,1.2919251738259682e-07,3.953376495184543e-06,3.9825498122353424e-06,0.0026808078919696144,0
0.8384135800485104,0.15246855690204997,2.314681191368852e-05,2.0250832580711688e-07,1.2405817381344056e-05,9.096696655154168e-06,0.009073011215163405,0
0.8481976658222402,0.1422141708796773,1.606093986417707e-05,2.0308172365982365e-07,1.2440944179312403e-05,8.940013434961796e-06,0.009550518318880348,0
0.8595018560217919,0.12659518980008994,1.5948063917560183e-05,2.0165446958923092e-07,1.2353509486017779e-05,8.877183209098754e-06,0.013865573767036014,0
0.7492409117631241,0.20998627394888414,1.5138624501447764e-05,2.1945162527111324e-07,1.099241800749935e-05,1.0168836914359813e-05,0.04073629495694289,1
0.7187734937140086,0.20537891978525086,1.7699817899271766e-05,2.2037365733564624e-07,9.870123931823868e-06,9.493276337883574e-06,0.07581030290891437,1
0.6790795591778681,0.32087738557669493,1.4095747986303227e-05,1.6870194843520952e-07,1.1784248619583873e-05,9.958319873946719e-06,7.0482270087197e-06,1
0.7557128296930752,0.244240953788263,1.4308971996476226e-05,1.9973763264756762e-07,1.0324399957450202e-05,1.0108957704601157e-05,1.127445137064783e-05,0
0.8539860324702014,0.1459812914593881,1.0221429554157409e-05,1.5355968532790803e-07,8.841823214477528e-06,9.625593160183343e-06,3.833664796254582e-06,0
0.8574541185107127,0.14251287186101635,1.0475663168621541e-05,1.5568078910686933e-07,8.590314264001936e-06,9.396895389195191e-06,4.391074660172228e-06,0
0.7806147002673234,0.2193505474684687,1.2495795065075996e-05,2.1089402499711722e-07,9.429610468459941e-06,9.003969781864564e-06,3.611994867660119e-06,0
0.4374267312039869,0.5625334622807099,1.576489769817364e-05,1.8258056274892126e-07,8.900415045151247e-06,8.383530445170394e-06,6.575091551904083e-06,0
0.4105073905230893,0.589453248101621,1.603241631513002e-05,1.856788194306229e-07,8.692815562351566e-06,8.699779982927419e-06,5.7506846096075024e-06,0
0.31237145157667057,0.6875932538920544,1.397769322449035e-05,1.7674021924140887e-07,8.184881384621844e-06,8.21418942133109e-06,4.741027025135852e-06,1
0.34610216500854746,0.6538624648602689,1.3204694324783648e-05,1.7178669136287928e-07,9.293883797264325e-06,8.091616907746688e-06,4.608149462560269e-06,1
0.3299405533805975,0.6700133053008437,1.421757089347889e-05,1.849637260003693e-07,1.7187638443977878e-05,8.857881529537123e-06,5.6932639657728284e-06,1
0.2649967196462691,0.7344952585757867,1.3995534248040812e-05,2.037914374665539e-07,0.0004784470911654201,8.710271436882072e-06,6.6650896566138445e-06,1
0.30170210245298396,0.6979849619341748,1.204079407657137e-05,1.7972983962983348e-07,0.00028541533395109054,7.408420135522897e-06,7.891334838446515e-06,1
0.1029154151688359,0.6707469995675642,2.141985552466227e-05,2.1259136524988054e-07,0.22620367135609923,9.641458750683374e-05,1.5866873104013835e-05,4
0.005106981912008306,0.04495604054544394,3.0524218684889272e-06,1.4916745007926533e-08,0.949927858310729,4.795506227885965e-06,1.2563869772330016e-06,4
0.001753491325286367,0.047357193860429185,2.434345565541582e-06,2.7048594840497227e-08,0.9508824630663745,3.0829230979136313e-06,1.3074306519886104e-06,4
0.9326231762012589,0.05618778312685071,1.819536575842381e-05,3.8461027418341296e-07,2.015337307348816e-05,1.136701791246748e-05,0.01113894030487172,0
0.3158595231061438,0.6825970900934529,6.7604943267520575e-06,1.4787173840667658e-07,8.120246331003757e-06,4.370295886622179e-06,0.001523987892120431,0
0.7365393367391729,0.26307236124046585,9.573763852892501e-06,2.16918918133736e-07,1.0540821971903627e-05,5.95952735339855e-06,0.00036201098826484524,0
0.5287422077908377,0.47096464817808853,7.341369645510489e-06,1.818326746981934e-07,1.0682917567320771e-05,4.995584561865705e-06,0.00026994232662439757,1
0.4992648103506615,0.5002598614884907,7.919630472656704e-06,1.961551673596938e-07,1.0338183742363433e-05,5.513781658342813e-06,0.00045136040980700624,1
0.7914235785378078,0.20776093939785084,9.081396236761125e-06,2.0931959055961044e-07,1.0528194200130884e-05,6.345325703587924e-06,0.0007893178286101408,1
0.8404666388601834,0.15937813195544415,3.4967287308282595e-06,8.059705877298476e-08,3.604857291972331e-06,2.387964205899049e-06,0.00014565903708502106,1
0.9738101492997358,0.026024064790607492,3.7514339444455284e-06,9.426586340770466e-08,4.216220669373045e-06,2.8499455841043547e-06,0.00015487404359546865,0
0.9905178000740819,0.009412240041913818,3.156252680787191e-06,6.413680298661325e-08,2.458031365604818e-06,2.2202178255360542e-06,6.20612453292098e-05,0
0.9868502782249726,0.013094816062362215,2.995810460011212e-06,6.08765281780458e-08,2.333081923681084e-06,2.1073571915621687e-06,4.740858656171333e-05,0
0.9702922901328728,0.029549553057754946,6.198045128922428e-06,1.6105537646801638e-07,8.780069188570716e-06,4.359920345565742e-06,0.00013865771933254612,0
0.9487012032524529,0.05115401547824584,5.59867136522833e-06,1.1376810371496764e-07,5.645022353945244e-06,4.011372564657777e-06,0.00012941243491380842,0
0.9097655546197311,0.08999565833571259,7.875276859528396e-06,1.7843520715798957e-07,7.849125888720559e-06,4.9932020532437935e-06,0.00021789100454775646,0
0.9409904342717513,0.05884200939352474,4.88596953211605e-06,1.1070455060585152e-07,5.2816991912234624e-06,3.0554429788367566e-06,0.00015422251847112132,0
0.9268328736669372,0.07298969968962223,4.2756374007381e-06,9.687586340664066e-08,4.464096904001809e-06,2.673771539152278e-06,0.00016591626173326665,0
0.9230833337890603,0.07663104001539214,3.994278265488336e-06,9.197231442097279e-08,4.7199928674990305e-06,3.2008246366008826e-06,0.00027361912746384467,0
0.9075204124246492,0.09226292594349719,5.978285426022507e-06,1.2225239548761424e-07,7.084793849173112e-06,4.254633384228483e-06,0.00019922166679908374,0
0.9154908368116731,0.08429818766721975,6.406171176054324e-06,1.1983926981724244e-07,8.195894443010306e-06,4.07632212983023e-06,0.00019217729408848718,0
0.9050304464213464,0.09475227477759948,6.078397384405559e-06,1.1370765535098465e-07,6.3382108239239475e-06,3.867755807801476e-06,0.00020088072938271025,0
0.8567963448710004,0.14262418171214353,6.85618727106793e-06,1.5534503965365842e-07,8.068490397731354e-06,4.287519420920713e-06,0.0005601058747265706,0
0.9383187811161672,0.061360317769936744,4.210370270043331e-06,1.0428338643047554e-07,5.970329672290101e-06,2.944823424374434e-06,0.0003076713071429496,0
0.9224013578144089,0.07669458129183797,3.961451183609444e-06,9.81181031856273e-08,5.4254076787796225e-06,2.7707240674319264e-06,0.0008918051927201931,0
0.9335883990829246,0.06613417846211823,4.667030968704726e-06,9.73596461244002e-08,5.726384429862048e-06,3.388314797639373e-06,0.0002635433651149442,0
0.32750565540820886,0.6700272257835184,6.138480666615511e-06,1.2552829325973502e-07,9.864583351201363e-06,4.4577929041514135e-06,0.0024465324230573274,0
0.4822715871504194,0.5109721837169556,8.490052139772317e-06,1.5882211404898644e-07,9.104572883999543e-06,5.431103526631356e-06,0.006733044581960604,1
0.8976056017696777,0.10027736767910597,8.112801463297717e-06,1.5176494302368425e-07,6.393645134699209e-06,5.189775505826032e-06,0.002097182564169495,1
0.8921908778271886,0.10112106367149125,9.304587107216363e-06,2.0658243727268893e-07,1.1501981100265376e-05,6.99249318164844e-06,0.006660052857493723,0
0.8903904868533962,0.1017600048065931,9.344628800394665e-06,2.4028795070263153e-07,1.1574657243032223e-05,7.036675781874932e-06,0.007821312090234928,0
0.9746657248214688,0.02129275596711334,5.155858068599467e-06,8.788728307389423e-08,4.876428427144143e-06,3.0436878940965966e-06,0.004028355349744738,0
0.9733391233781592,0.022079811187579453,5.263351730605435e-06,7.713198794260236e-08,4.516456459844247e-06,2.600516220462826e-06,0.004568607977862419,0
0.9730993299505549,0.021213438471980657,4.9788492991846615e-06,7.410546523886833e-08,4.339238701288412e-06,2.49847656619493e-06,0.005675340907432468,0
0.96871245295987,0.020273635942663834,4.758275196092361e-06,7.618103172912036e-08,3.988921566038516e-06,2.9930683537074454e-06,0.011002094651318607,0
0.9612037152213027,0.02783471999439046,6.001912834470118e-06,7.318287745968247e-08,4.735385179783432e-06,3.7753460290224037e-06,0.01094697895738603,0
0.9666398013167572,0.025666320992785166,6.03585664303944e-06,7.828225259593019e-08,5.052669892241678e-06,3.7966974925351857e-06,0.007678914184177155,0
0.9622160845220243,0.029748239498847858,6.008234233568983e-06,8.770226816314455e-08,3.978150657184433e-06,3.936728307577404e-06,0.008021665163661042,0
0.9657456436670347,0.031168574868993132,6.1682244586487214e-06,1.2908499889258904e-07,4.021105006483237e-06,3.979235396270181e-06,0.003071483814111921,0
0.9314423152759611,0.0645373897070583,1.2733830037437727e-05,1.492317759723295e-07,4.948239960903736e-06,5.322239584811349e-06,0.0039971414756214746,0
0.7931519122834799,0.18896542042345052,2.3452870450803045e-05,2.930158951665113e-07,9.927928385720896e-06,9.216977654595158e-06,0.017839776500683375,0
0.8379645203590673,0.14857582569706781,2.4209848380988695e-05,2.118086880370256e-07,1.2975564797628028e-05,9.514469967196235e-06,0.013412742252031309,0
0.8345493154235735,0.15471223422279237,2.4111178817219e-05,2.1094544137300867e-07,1.2922681636275694e-05,9.47569283045463e-06,0.010691729854908974,0
0.8636778784720731,0.11484316199150583,1.2978260239877994e-05,1.7390876406609574e-07,9.13572680698577e-06,7.1921113680616766e-06,0.021449479529242255,1
0.8540852029866697,0.1128265706403216,1.283411362926142e-05,1.719771986302588e-07,8.035582779522094e-06,7.112230208513225e-06,0.03306007246919258,1
0.84605417860838,0.12770978942256475,1.2713433538949695e-05,1.7036008470546556e-07,8.053088173005271e-06,7.045353398109719e-06,0.02620804973386046,1
0.6775210622184324,0.32240961250314065,1.4715946621402957e-05,1.7612466330354065e-07,9.668052998147823e-06,1.0146889759406324e-05,3.461826438466703e-05,1
0.7229424243092365,0.2770182922649408,1.319963564940861e-05,1.5797701937164735e-07,9.529675824581183e-06,9.713626441712514e-06,6.682510887936135e-06,0
0.8399743552675294,0.15998857843177608,1.1760246191041299e-05,1.8362276605168037e-07,9.643705508371168e-06,1.054919401565084e-05,4.929532213440151e-06,0
0.8131689601416731,0.18678990253630576,1.4172325140498996e-05,1.862935339397142e-07,1.0279495698053618e-05,1.1244681249099185e-05,5.254526399368816e-06,0
0.7703944129121097,0.22957022612411135,1.1977640522706867e-05,1.6555198576100283e-07,9.465614671174967e-06,9.038348800420052e-06,4.7138077989646665e-06,0
0.4821865071483823,0.5177672797366666,1.877805939230967e-05,2.183598819301604e-07,1.0222825552512622e-05,1.023101577075786e-05,6.76285435367426e-06,0
0.3137099059902723,0.686253310088274,1.5394998023427104e-05,1.851284123057493e-07,7.504662138446997e-06,8.733093968702783e-06,4.966038910833331e-06,1
0.37966015923701285,0.6202967886280142,1.5300950161726573e-05,1.990579666852218e-07,1.2679577620825336e-05,9.532852330217016e-06,5.339696893405901e-06,1
0.2892002527476767,0.7104816371887686,1.393603851808588e-05,2.1337436177159818e-07,0.0002887729870151478,9.499691457810802e-06,5.687972201930357e-06,1
0.3419617000548829,0.657755535384457,1.1608949888643452e-05,1.732838123871301e-07,0.0002556231549381368,7.750860632893079e-06,7.608311388057385e-06,1
0.0019777508351151484,0.01846610212020163,4.874691126276251e-07,5.708543009037898e-09,0.9795526795449511,2.5482618390178525e-06,4.2606023733252523e-07,4
0.004992388161169367,0.2572944689274926,0.04306967898342828,7.250019399596116e-08,0.6909718445933801,0.0036493227647165275,2.2224069619131965e-05,1
0.9840448170554984,0.008744605633246466,1.7964928563741275e-05,3.2992030184539294e-07,2.103579553008296e-05,1.1223059074023001e-05,0.0071600236077855595,0
0.7400212622603852,0.2578619333393346,1.2183955028152874e-05,2.5104438905453107e-07,1.3408584969614643e-05,8.570617398188773e-06,0.002082390198495305,0
0.7302464188786214,0.2692794053398286,9.79965141535471e-06,2.2203699775446583e-07,1.0789526725662728e-05,6.100139042591129e-06,0.00044726442736896016,0
0.7370093236809193,0.2626524544457126,8.432973970212461e-06,1.910713088787718e-07,1.0070243499935008e-05,5.249402410400507e-06,0.0003142781821786933,0
0.9758713735218767,0.02402691474589466,3.483033888544953e-06,7.344036640701716e-08,3.284760565682017e-06,2.2203270661347124e-06,9.265017034185708e-05,0
0.9816894913975135,0.01815706812909925,4.327121877814008e-06,7.809021252705122e-08,2.992793260654141e-06,2.7032417236114177e-06,0.00014333922631274508,0
0.9892552318057318,0.010656909741499783,3.804941987459533e-06,6.866659568274518e-08,2.6316348507848352e-06,2.3770252437672772e-06,7.897618409102466e-05,0
0.989969596265133,0.009948386539441304,3.551970934312358e-06,6.410130636081971e-08,2.456670963846223e-06,2.2189890420971662e-06,7.372546317887984e-05,0
0.989614603813472,0.010297741924584321,3.726995026144109e-06,7.957029535483977e-08,2.902514975901909e-06,2.621697826381121e-06,7.832348381989382e-05,0
0.9829152719365084,0.01696272020384907,5.3305961350766416e-06,1.2077874119271774e-07,5.937351681882361e-06,3.318217784044454e-06,0.00010730091530057102,0
0.9838610169488798,0.016023057267484226,5.335725147568006e-06,1.545941724020597e-07,5.943064504645581e-06,3.321410518971687e-06,0.00010117098929244439,0
0.9810421798060763,0.018824588726739127,5.4317237346864735e-06,1.2307005418496358e-07,6.049990138897924e-06,3.8208632447419985e-06,0.00011780582001189109,0
0.9508753852675305,0.04894673660970108,4.682643429093237e-06,1.0609766046590584e-07,5.061905083456051e-06,2.968960355529276e-06,0.0001650585162400061,0
0.9389814728510824,0.06086855374744919,4.321604569489787e-06,9.791737107995497e-08,4.512090191663367e-06,2.702517126306711e-06,0.0001383392722096998,0
0.9177094146900461,0.0820782147691745,4.847767989271578e-06,1.1162478227958466e-07,5.728551896434903e-06,3.884770709806441e-06,0.0001977978254016834,0
0.9164226714812306,0.08335161743932766,4.81400561269435e-06,1.1084736926332342e-07,5.688655282818565e-06,3.85771514693484e-06,0.00021123985603017944,0
0.8942081699171301,0.1055543929200859,5.39119658946445e-06,1.2413777780974895e-07,7.194055880611612e-06,4.320248544878658e-06,0.0002204075239911717,0
0.9079951148860246,0.09178855915968637,6.720906527041794e-06,1.2572697615718472e-07,7.369403756375061e-06,4.276591938583649e-06,0.00019783332509091072,0
0.8160138167984295,0.18362254155037788,1.0566519087322193e-05,2.0164624047445344e-07,1.0897492167279742e-05,6.858978978231537e-06,0.00033511701471942225,0
0.8393494750472459,0.1601032929904652,7.818870103417577e-06,1.7715716304712548e-07,9.20139369832397e-06,4.8895335107784345e-06,0.0005251450078133209,0
0.9400005342799446,0.059656012028132886,4.158542419395825e-06,1.0299970270902463e-07,5.896837476894982e-06,2.908573912138499e-06,0.00033038673841159256,0
0.17338873281777814,0.8216137927994261,3.7699932107869652e-06,7.703917420891705e-08,4.468976967270027e-06,2.7358348879929582e-06,0.0049864225385554675,1
0.4591881000897456,0.5258492257174867,6.772422188629931e-06,1.3811617217099216e-07,7.951170268701893e-06,4.7230402028985345e-06,0.01494308944393531,1
0.4566285768779808,0.5304859434369489,7.067138181466387e-06,1.4412658375999258e-07,8.262142801851788e-06,4.928573089631536e-06,0.012865077704413589,1
0.5004068128271291,0.4955564878005104,9.01159808995182e-06,1.6857859481229742e-07,1.0161970700403036e-05,5.764737525891598e-06,0.004011592487449459,1
0.9521080945326882,0.04638891222748227,6.763946913365337e-06,1.2398877741511565e-07,5.4743660156994626e-06,4.260847290247175e-06,0.0014863700908330166,0
0.9583237692470118,0.040253906657854756,5.4077270877402285e-06,1.1161820131474839e-07,4.928178991274311e-06,3.835735140946958e-06,0.0014080408357122912,0
0.9578851732086343,0.040458078518022716,5.367127523376551e-06,1.1078020592871835e-07,4.9791183044120525e-06,3.806937612297639e-06,0.0016424843096969832,0
0.9577785269313378,0.039503098446528266,5.366529973496719e-06,1.191488487180769e-07,4.978563953591896e-06,4.033002627240083e-06,0.00270387737673105,0
0.9549392746691908,0.0427776173352364,5.3146633589385705e-06,1.1991572320640785e-07,5.389722535703017e-06,4.216238269695964e-06,0.0022680674556852225,0
0.9591582501834228,0.03822184231047361,4.71474532126922e-06,1.8905949551446242e-07,3.7763941451060703e-06,3.7403102158807947e-06,0.0026074869969259125,0
0.9653881863790643,0.03224037020476324,4.745368591751009e-06,2.046851073556349e-07,3.8009226257494947e-06,3.7646043237533876e-06,0.0023589278355239086,0
0.9730113371973194,0.022603181669124856,3.9938534654839515e-06,1.0184158442387147e-07,4.050258797861755e-06,3.356932525130195e-06,0.004373978247182684,0
0.9776031140265846,0.01852074646730289,3.6020004031662627e-06,8.742188459375701e-08,3.652871581020294e-06,3.027570343634448e-06,0.003865769641900031,0
0.9775686474370177,0.01976769260899737,5.789199324552171e-06,8.965953511426562e-08,4.6278927691199624e-06,2.7753596754947914e-06,0.002650377842680827,0
0.9718254780125012,0.019684382892634293,4.619975969446139e-06,6.876397497394906e-08,3.872983595870549e-06,2.3183874430453506e-06,0.008479258983881124,0
0.9651285179840434,0.020632953711847427,4.588139188974926e-06,7.345711686032015e-08,3.625151351205092e-06,2.8860487556927047e-06,0.014227355507696318,0
0.9698018884923906,0.018746716968186854,4.763626458023903e-06,7.626670660881888e-08,3.7638062359655283e-06,2.9964344248318835e-06,0.011439794405596925,0
0.9660824983428267,0.017639475423024402,4.745356968621568e-06,7.597420806796586e-08,3.743988571932741e-06,2.984942481151655e-06,0.016266475971919044,0
0.9567197797274378,0.04008409010695509,7.717903131052745e-06,1.361969800676127e-07,4.136246467939625e-06,4.198472700930268e-06,0.0031799413463272446,0
0.9339599778745475,0.0614165835096996,9.367656096130709e-06,1.529541919787144e-07,5.0716681484588896e-06,5.454996765319543e-06,0.004603391340551016,0
0.8529043754076896,0.11833054826854437,2.1076245485358976e-05,2.1279214500835014e-07,1.3035812135805534e-05,9.36748320304581e-06,0.028721383990797097,0
0.8286848934625761,0.1069306409320929,1.2858564240836772e-05,1.7230483697015463e-07,7.686583191691891e-06,7.125779907642143e-06,0.06435662237315386,0
0.8608251943702959,0.13550766350383797,1.163655009971647e-05,1.8647434355831767e-07,9.311781721705159e-06,7.711769175979538e-06,0.0036382955505250927,0
0.7037310833579824,0.2956629914419625,1.2984277690552754e-05,2.0246325601003004e-07,9.071228441402869e-06,8.373001170953633e-06,0.0005752942294961522,1
0.7345919931531678,0.26534842595593655,1.3209422201369523e-05,1.714191150386737e-07,9.482834201756665e-06,9.720828376101136e-06,2.69963870011204e-05,1
0.8032430705368379,0.1967201263821974,1.2984950300165309e-05,1.7137825782461118e-07,9.456485293891663e-06,9.356435465916517e-06,4.8338316471502775e-06,0
0.34365988550346,0.656301289280517,1.5871821769450953e-05,2.0069042968966783e-07,8.041915490005832e-06,9.327300891641237e-06,5.383487442353007e-06,1
0.3107194081128224,0.6892435309311002,1.4890756469174693e-05,1.937215449909192e-07,7.625276682170301e-06,9.154653113318994e-06,5.196548267819709e-06,1
0.44639773365438,0.5535608304148946,1.3521708804757421e-05,1.8950004322160774e-07,1.0087191060451982e-05,9.07512499340446e-06,8.562405823578532e-06,1
0.21991924106064092,0.7793178901885605,1.2170814986495027e-05,9.334838309727376e-08,0.0007343204800308533,7.582704392754992e-06,8.70140300524636e-06,1
0.09704990981104927,0.7442153212668086,1.4728468760773733e-05,1.2114749943473707e-07,0.1586550775676041,5.348551169575649e-05,1.1356226582119159e-05,1
0.08946008434311072,0.6796895172161779,1.8452925432804585e-05,1.9110497072252018e-07,0.23074238103138417,7.511015465553918e-05,1.4263224268005453e-05,1
0.0017179810335020416,0.01938444985048022,5.294853968862139e-07,6.219459821335955e-09,0.9788943486899051,2.2214957707320295e-06,4.63225485142332e-07,4
0.008094643795705988,0.3983568711536233,0.08565872957207665,1.3770514460095084e-07,0.4983447442755722,0.009502661628476117,4.221186940126888e-05,1
0.9896077379974593,0.00765352373811846,1.1441105131599397e-05,2.0935924411075247e-07,2.439344137382065e-05,7.351854786031468e-06,0.002695342503886826,0
0.28873293395232413,0.7101668164291223,6.279561323810064e-06,1.1332527536772482e-07,7.163240982820712e-06,3.9229706617543885e-06,0.0010827705203098846,0
0.6959544107902792,0.3026339622621392,1.1013494822873202e-05,2.238003160990674e-07,1.2125982006681131e-05,7.747275012561271e-06,0.0013805163954233412,0
0.5838790393629604,0.4152122851829026,8.53440049260677e-06,1.8957832386439713e-07,1.1140696618119888e-05,6.714479925337278e-06,0.000882096298777115,1
0.9822911757210893,0.017579900145953026,3.6214152347025966e-06,8.324446254978265e-08,3.723267479079369e-06,2.516734901358823e-06,0.00011897947087992735,0
0.9839673976578504,0.01589908617505343,3.7504032062081237e-06,8.620947309606612e-08,3.855883235178485e-06,2.606376245613591e-06,0.00012321729493626292,0
0.9782667375636172,0.02155244773684642,4.295488368990394e-06,9.057110835275863e-08,2.9709143871924103e-06,2.7382418297171645e-06,0.0001707194838421378,0
0.9690947185569302,0.030693502264579554,5.945231769593271e-06,1.2535623066130087e-07,4.1119363113604494e-06,3.7899025490063195e-06,0.00019780675162981627,0
0.9810691618423928,0.018788397652763016,4.363678270586378e-06,7.874993429163875e-08,3.0180769778713332e-06,2.7260792514179886e-06,0.00013225392041006927,0
0.9899699897436413,0.009948390493579198,3.154507101026901e-06,6.410133183886117e-08,2.45667194028755e-06,2.2189899240681897e-06,7.372549248218913e-05,0
0.9919982788831149,0.007937948437033238,2.6492375680536535e-06,5.383397501768257e-08,2.211967692409098e-06,1.8635657748433267e-06,5.6994074841741376e-05,0
0.9811988865832576,0.01869076787870413,5.4325913711026464e-06,1.2932377449845107e-07,6.0509565341010665e-06,3.381708320092057e-06,9.535095803817212e-05,0
0.981043162346079,0.018824607580068615,4.869897863589569e-06,1.2307017744291708e-07,6.049996198124989e-06,3.3811716154996368e-06,0.00011780593799757314,0
0.9720810138097364,0.027755933420457256,5.2940456963146696e-06,1.3378907761242276e-07,8.515065025743068e-06,3.6756575889136094e-06,0.00014543421241771303,0
0.9480622213065635,0.05173803361035251,4.949681631516671e-06,1.1214811657283912e-07,5.3505715289782325e-06,3.095285365388903e-06,0.00018623739644171806,0
0.9427474347714748,0.05710856171739384,4.338937177974889e-06,9.831008712547223e-08,4.530186778587053e-06,3.1087900003561426e-06,0.0001319272870871304,0
0.9067575525716066,0.09306196057169214,5.299299585396278e-06,1.3846057713946933e-07,6.151523302346696e-06,4.246606656382126e-06,0.00016465096658010265,0
0.9188541594001902,0.08092563032467445,5.340082963187491e-06,1.395261689097912e-07,6.198865388746648e-06,4.182501880440632e-06,0.00020434929873382098,0
0.9140429038100264,0.0857838167087541,4.822809067695596e-06,1.1667437423874874e-07,7.207938277203432e-06,3.7773585417486957e-06,0.0001573547009586216,0
0.8368693331846948,0.1626034113121636,7.79576660762967e-06,1.7663369230056997e-07,9.45438698432607e-06,4.94278976169949e-06,0.0005048859260954892,0
0.3813927760891705,0.6176415819769344,6.483594688908148e-06,1.3258567057363683e-07,1.0419184110488455e-05,4.61425249004684e-06,0.0009439923169351052,0
0.3245145251761782,0.6736306647153111,5.779811513856323e-06,1.1819372155771161e-07,9.288199398061286e-06,4.197325715128001e-06,0.0018354265781621714,0
0.2866829270238286,0.7112731115100847,5.264045548495422e-06,1.1735463974593518e-07,9.200504510852718e-06,4.073269129971441e-06,0.0020253062922577407,1
0.2205005258384863,0.7738611586942311,4.784066592054953e-06,9.776159239699162e-08,6.173352244040977e-06,3.471734710708772e-06,0.0056237885521431465,1
0.9230117915654309,0.07585526468635627,6.384550334817597e-06,1.194348120287382e-07,5.092491677131426e-06,4.145469952733176e-06,0.0011172018014356793,0
0.9375175068350695,0.026027621923120386,1.182628414919756e-05,2.212324988112436e-07,1.3491171402740173e-05,7.678771882434197e-06,0.03642165378187692,0
0.9207542025584077,0.031871918885613436,1.2555650516395241e-05,2.3015552563004382e-07,1.403531426100256e-05,7.828719783249798e-06,0.047339228715892585,0
0.9572596456541861,0.04105899854645878,5.446844962812799e-06,1.124256138901267e-07,5.053072679475638e-06,3.863481697979245e-06,0.0016668799744008623,0
0.963479668685211,0.03415357610775744,4.735987267171947e-06,2.0428045650681754e-07,3.7934084172823088e-06,3.7571619145095067e-06,0.002354264368976315,0
0.9727804816765384,0.024083634704105725,4.255521821532228e-06,1.0328309159576523e-07,4.315622705267438e-06,3.5768712441661323e-06,0.0031236323204933943,0
0.9776999889829577,0.01977034850361279,5.71126164275563e-06,7.758790902049471e-08,4.628514551122008e-06,2.7757325598249864e-06,0.0025164694167668297,0
0.9647908252392605,0.020625734363706637,4.586533826282497e-06,7.34314146507655e-08,3.618680395159555e-06,2.8850389443486957e-06,0.01457227671245233,0
0.9601601373299313,0.02031047671964729,4.716266578151352e-06,7.550846452264841e-08,3.721036855087466e-06,2.966643933143145e-06,0.019517906494590176,0
0.958809825190403,0.02638147285403583,6.004054102836636e-06,7.786978844500998e-08,4.659879471857687e-06,3.7766929377909173e-06,0.014794183459260066,0
0.9566663688383122,0.03865794871276271,7.567544463743424e-06,1.5073930558946432e-07,4.660196888187357e-06,4.646761324372765e-06,0.00465865720694322,0
0.9544750707072625,0.04135464730219104,7.789424325615848e-06,1.374591066510794e-07,3.939614291931187e-06,4.237379613573797e-06,0.004154178113208733,0
0.8657283112591841,0.11510387356808909,1.8686413781458174e-05,1.7870672534023362e-07,1.2840505059076273e-05,8.027526098874729e-06,0.019128082021062184,0
0.8474322122562635,0.09846678445789105,1.0904491424488658e-05,1.7474318958746816e-07,8.260281836634414e-06,7.226619584541109e-06,0.0540744371498102,0
0.8637209656939228,0.11601034966426962,1.319627106728256e-05,1.768301104442842e-07,8.333187891178564e-06,7.312925569746358e-06,0.020239665427169026,0
0.7089674846952216,0.29041670840023925,1.30436609217807e-05,2.0338921605442704e-07,9.112715451223161e-06,8.761619040561538e-06,0.0005846855199096382,1
0.7316480832782168,0.26830182742476477,1.884324207688049e-05,1.8145879214089382e-07,1.1459631592429418e-05,1.2095465353879312e-05,7.509499203100374e-06,0
0.7686040763992186,0.23135539339161834,1.4337465139528519e-05,1.8846427965074068e-07,1.0399275331442751e-05,1.0289250763578292e-05,5.315753648665596e-06,0
0.8134146380866331,0.18654853247530614,1.2994249673289589e-05,1.7150099301635697e-07,9.463257702191989e-06,9.363136221984076e-06,4.837293470497128e-06,0
0.5550387004076238,0.4449230636825806,1.5219958633043046e-05,1.7626937170408875e-07,8.292627843134737e-06,8.258910500706858e-06,6.288143447083048e-06,0
0.378961856656511,0.6209932514690882,1.8065074516174864e-05,2.1811822478698237e-07,1.0468368524661395e-05,1.0289327983893682e-05,5.850985151134506e-06,1
0.33257258415652063,0.6673894423680039,1.5165617721184254e-05,1.9729735703966607e-07,7.99445714982895e-06,9.323634415353513e-06,5.292468832095797e-06,1
0.4151738525670649,0.5847895481054171,1.3280259408334543e-05,1.8611624967016897e-07,8.883142126807742e-06,8.913075692997329e-06,5.336734040323572e-06,1
0.4549525035751881,0.5449943353889594,1.3632144761458552e-05,2.0872145152866384e-07,2.446369307847381e-05,9.292538117916676e-06,5.563938443140644e-06,1
0.35153543911875684,0.6483696152218846,1.2091507352741396e-05,1.6904131826697528e-07,6.960980616561604e-05,7.807209494643479e-06,5.2680950272740095e-06,1
0.2386997539860763,0.7606760242018367,1.279265892057447e-05,1.206088534922073e-07,0.0005918185658090286,7.970127809821505e-06,1.1519850694156271e-05,1
0.10580499721032276,0.8341455252685477,1.65082415797947e-05,1.7054207363715543e-07,0.05995694596143278,6.312427487354293e-05,1.2728501169911224e-05,1
0.0007318793053989205,0.008845361937721055,2.3350031894029038e-07,2.7344227126713252e-09,0.9904212831860508,1.035250949209383e-06,2.0408513837658636e-07,4
0.002021348085691277,0.03640290581134424,1.938869736719132e-06,2.1534658706167544e-08,0.961570207863886,2.536927639963163e-06,1.04090704299371e-06,4
0.017766634840610758,0.6536939859791828,0.26247896129727644,2.2829602262296814e-07,0.0535207882585083,0.012509382325741482,3.0019002657689165e-05,1
0.9766516835864902,0.005993869423360861,1.1390830991530734e-05,2.0843928438290908e-07,2.0814557591845804e-05,7.1539998843380394e-06,0.017314879162396893,0
0.9835183915941305,0.009488518191136684,9.114829773423354e-06,2.9932224355610375e-07,1.6777248503907843e-05,1.0218816034679814e-05,0.006956679998177441,0
0.9422611102853936,0.05190417509557415,1.1626439662815512e-05,3.8180109677863604e-07,2.569054734291581e-05,1.3034631584567088e-05,0.0057839811993451945,0
0.5033952376993759,0.49596786733844156,7.851683770800485e-06,1.7441284248039682e-07,1.0249486991813965e-05,6.1773493176008e-06,0.000612442029259807,0
0.9417143500812841,0.05816665286919888,3.761394290997942e-06,9.185433221636253e-08,3.5543927997575554e-06,2.402584413435759e-06,0.00010918682368042657,0
0.9391764059552132,0.06067763551865425,3.820580738294187e-06,8.806161244263609e-08,3.938723702695274e-06,2.6623720871736864e-06,0.00013544878799192362,0
0.9867285182262271,0.013144053067680954,3.4080521061744254e-06,7.833994378814817e-08,3.503903516043296e-06,2.368456287218057e-06,0.00011806995423871556,0
0.9926861550782305,0.007258630000168826,2.577858318744086e-06,5.840819203359336e-08,2.1523699442550223e-06,1.6046789329465075e-06,4.882160621290366e-05,0
0.9899415042089104,0.009977693720282269,3.15194628867009e-06,7.503262498914313e-08,2.4546776268623968e-06,1.962040260487232e-06,7.315837400643112e-05,0
0.9813097289535504,0.018579057333881953,5.298966159557388e-06,1.2006208051718204e-07,6.327765235982812e-06,3.2985285889493217e-06,9.616839050230098e-05,0
0.9746990789747896,0.025208529837181592,4.792340791095211e-06,1.0858314407018394e-07,4.960303900764449e-06,2.983161739748862e-06,7.954679845328564e-05,0
0.9681688228418033,0.03167179220619321,5.8810459580658765e-06,1.399993132819725e-07,8.480795700438051e-06,3.6608647123773153e-06,0.00014122224631950576,0
0.9542417718261169,0.04559914707044404,5.949118797288718e-06,1.3479300651091916e-07,9.197650181838793e-06,3.7032390547577565e-06,0.00014009630239860755,0
0.9503273780534757,0.04948431690941385,6.186060490702616e-06,1.4016154667817947e-07,9.563974486962225e-06,3.850731778075146e-06,0.00016856410880823072,0
0.9421158302417719,0.05773841608139036,4.386791622815897e-06,9.939435602559407e-08,4.742091331924063e-06,3.1430770650201574e-06,0.00013338232246191812,0
0.9079510655391527,0.09191172251899543,5.9748609109328e-06,1.3864282485700001e-07,6.159620199704419e-06,4.252196221198085e-06,0.00012068662169503884,0
0.9252864146698486,0.07447558748241973,4.842045989934856e-06,1.1375902125321373e-07,8.143185589694396e-06,3.869503014408245e-06,0.00022102935411658396,0
0.9115571490643875,0.08819165197024079,6.109456671079716e-06,1.24147544096679e-07,8.592262535220243e-06,4.377343351056849e-06,0.00023199575527013344,0
0.9315722376824247,0.06810070367605447,4.770979756063224e-06,1.0809915337639265e-07,6.9445643652062785e-06,3.024968688578404e-06,0.00031221002955768024,0
0.3632770030428579,0.6350035648953719,6.456448480217934e-06,1.320305466870556e-07,1.0375559954473743e-05,4.6887025934063176e-06,0.0016977793201952403,0
0.33747422030002855,0.6608848888517062,5.71992627509977e-06,1.169691039005371e-07,9.191963381153488e-06,4.059887543517276e-06,0.0016218021019616432,1
0.25283620642393184,0.745405710646029,4.527790164007475e-06,1.0094084077485979e-07,7.91367655244778e-06,3.503561610957441e-06,0.0017420369608709167,1
0.21516578047865534,0.7788018638034366,4.221702678361576e-06,8.626978084893083e-08,5.4476787063163575e-06,2.9943429245073606e-06,0.006019605723817957,1
0.25520386930979155,0.7302975023340602,6.309996362776537e-06,1.2868550125282227e-07,7.7572024773009e-06,4.4005476432895216e-06,0.01448003192416346,1
0.3820829062562831,0.6069131204840218,6.274784030580628e-06,1.279673841005459e-07,7.713914149568575e-06,4.37599080735004e-06,0.010985480603323532,1
0.46291051700547803,0.5255271877060737,7.651613090950083e-06,1.5604631276971132e-07,8.676410234933244e-06,5.336181832587861e-06,0.011540475036977221,1
0.9620701159026166,0.03625586576289292,5.761631389786987e-06,1.0561549951325817e-07,4.663147047016678e-06,3.629453602905736e-06,0.0016598584869512145,0
0.9601255389672567,0.038198194793107605,5.106563077517282e-06,1.0540202498476466e-07,4.653721696365064e-06,3.622117597299172e-06,0.0016627784352395859,0
0.9574149165588626,0.039863550321993076,5.36449262779759e-06,1.1910361513218604e-07,4.976673895042184e-06,4.031471540933333e-06,0.0027070413774656675,0
0.9715779371016577,0.025887077074747356,4.5529049702271345e-06,1.963834472691774e-07,3.6467640352123067e-06,3.826829128927583e-06,0.0025227629420131823,0
0.9767722250515378,0.018676743409989222,3.5553428934757684e-06,8.6289489543493e-08,3.605555125686261e-06,2.988353553841031e-06,0.0045407959974102935,0
0.9749472840824296,0.02040238493231164,3.434520296303613e-06,8.335708033637077e-08,3.48302614674243e-06,2.8867991754134822e-06,0.004640443282559779,0
0.8758903151344481,0.09817703395959293,1.4349191213748265e-05,2.282001339418104e-07,1.629377920808526e-05,7.871841856221039e-06,0.025893907893546703,0
0.8736045749522449,0.10222605927163382,1.5927079909101344e-05,2.1637055072008e-07,1.5139437717717858e-05,7.740726489514568e-06,0.024130342161454193,0
0.9739370199664134,0.01942279326889618,4.630014060961812e-06,7.412754276467004e-08,3.881398653444692e-06,3.033687887271765e-06,0.00662856753654602,0
0.896241271348152,0.0746088370784196,1.097494244060662e-05,2.123231960641381e-07,9.92331519811249e-06,7.36649452949902e-06,0.02912141449806413,0
0.859366156980373,0.11611994256248799,1.8545354309303826e-05,2.5327571219172057e-07,1.0016572348584209e-05,7.807597223651487e-06,0.024477277657545145,0
0.8613648787752656,0.10231462728059533,1.1056877631067958e-05,1.8555601381085158e-07,9.158472095668062e-06,7.673791045021918e-06,0.03629241924735347,0
0.8130965215960738,0.10867518454726596,1.2526583170830613e-05,1.6785628866622157e-07,7.843034503316178e-06,6.941807265435745e-06,0.07820081457543211,0
0.5310936651284528,0.15358126019470736,8.599949304861353e-06,1.3409862136961896e-07,5.716588644512023e-06,5.776712537161737e-06,0.3153048473277319,0
0.6797811982713385,0.28019755659669243,1.2430211476910395e-05,1.8019008997883252e-07,8.262654029555885e-06,8.34955601862093e-06,0.03999202252035402,0
0.6871983353715851,0.2752298702302652,1.2643149743958218e-05,1.8327687298092034e-07,8.404199105722736e-06,8.492589786994577e-06,0.03754207118264024,0
0.6693364306305627,0.33061629449033225,1.6357933869604968e-05,1.5752548896779533e-07,1.0113314452435043e-05,1.050014756343942e-05,1.0145957730498512e-05,0
0.8134479891190964,0.1865146975462074,1.3164979231634744e-05,1.737543196438748e-07,9.587594070094993e-06,9.486157108306649e-06,4.900849966529485e-06,0
0.5176266571027763,0.4823317415658441,1.69447804869154e-05,1.9624533036559877e-07,9.187501660512785e-06,9.194862408609441e-06,6.077941493280869e-06,0
0.5465266866319736,0.4534342554975319,1.5441377984208583e-05,1.9524770550385267e-07,9.035637758434482e-06,9.14811977620094e-06,5.2374872700885124e-06,1
0.4821253665959305,0.5178352566779255,1.5463978207032287e-05,1.955334728527717e-07,9.384435687245937e-06,9.087625844967037e-06,5.245152931758175e-06,1
0.28824455642701874,0.71171877412583,1.4970110923263564e-05,1.8074954612132174e-07,8.370554261373454e-06,8.299455867833247e-06,4.848576552752468e-06,1
0.2798514658943537,0.7201117371044019,1.5230893350221394e-05,1.8844303680375445e-07,7.417503791456885e-06,8.9052079036415e-06,5.054953162443232e-06,1
0.3628737187247879,0.6370890355041401,1.39233759101093e-05,1.9465115058941818e-07,7.814486248225036e-06,9.321810653326231e-06,5.9914471097145956e-06,1
0.46119782999502695,0.5387589319381302,1.3836941406583374e-05,2.1185708820114882e-07,1.3567544953971445e-05,9.055006270135011e-06,6.566717124081333e-06,1
0.3922654459779352,0.6074628955424363,1.5997309166144765e-05,2.4110566360493617e-07,0.00023685329664549176,9.938316624096764e-06,8.6284515292954e-06,1
0.30160537875996274,0.6983379964309093,1.2411216547313696e-05,1.6146392896423e-07,3.162495251720687e-05,7.457246146537241e-06,4.969929988014618e-06,1
0.3418334829572289,0.6580621464598664,1.2845521664930466e-05,1.671140286456229e-07,7.887207860525676e-05,8.00306254461832e-06,4.482806061284988e-06,1
0.018276684393460432,0.681810609745429,0.24984809618705955,2.8446798299358917e-07,0.03174855036364882,0.018270451976666137,4.532286575314358e-05,1
0.025615308902223407,0.6625583154976423,0.2528526760735776,2.605442019953502e-07,0.04173243129365714,0.017206748322273598,3.425936642383294e-05,1
0.0196445071916369,0.5602461076073653,0.361926054168723,2.2846255724780336e-07,0.04348468803684056,0.014668373632319957,3.0040900557127307e-05,1
0.7364268182423631,0.26286924244483795,9.566371927057885e-06,2.1675143452127095e-07,1.065526500439199e-05,5.954925988158863e-06,0.0006775459984445913,0
0.9853560221545079,0.014507100456941193,3.637891432174285e-06,8.362319630841182e-08,3.740207069336067e-06,2.528185182127878e-06,0.00012688748167095348,0
0.9827431557015903,0.01707521573689176,4.463518076301568e-06,8.055171197831162e-08,3.0871297815886133e-06,2.7884512243153416e-06,0.00017120891072362006,0
0.9863549530271479,0.013551047849447653,4.10201744343449e-06,7.402782334138818e-08,2.8371029304121147e-06,2.562614369825841e-06,8.442336083720796e-05,0
0.991998154416921,0.00793701475722977,2.6994932365035126e-06,5.4855198041412494e-08,2.1023155360643607e-06,1.8989173585760864e-06,5.8075244519912993e-05,0
0.9844450507537583,0.015461088106124296,4.369687266343145e-06,9.900681163255766e-08,7.307543175790027e-06,2.7200661296551112e-06,7.936483673379563e-05,0
0.9707322268476721,0.02915413778436156,5.436226203981418e-06,1.2317206952432194e-07,6.032541651968392e-06,3.383970950160954e-06,9.865945709058731e-05,0
0.9835868700955255,0.01631950973018421,4.836039738646733e-06,1.1512276000603349e-07,5.386502362646402e-06,3.0103636926327684e-06,8.027214573659252e-05,0
0.9778662794807608,0.021991114192984218,5.7302941025952575e-06,1.2983495482265766e-07,5.931130824929279e-06,3.567023896992949e-06,0.0001272480424755372,0
0.9490119578474138,0.05077769715178858,6.726741790487865e-06,1.5241211023987873e-07,9.664348919218804e-06,4.264990491003033e-06,0.0001895365074867048,0
0.9421552863295932,0.057620098427458105,6.678140654895022e-06,1.5131092308769246e-07,1.0324756270934372e-05,4.234175664507308e-06,0.00020322685943521124,0
0.9281974175685109,0.07154677623972142,6.560479009370622e-06,1.486449875951143e-07,1.0142845185910124e-05,4.1595740497958655e-06,0.00023479464853486378,0
0.9510015846850205,0.048813899077175336,4.669935108949677e-06,1.0580971989214668e-07,5.048167477483919e-06,2.9609028343314874e-06,0.000171731422663726,0
0.9369833711320286,0.06287158899099367,4.851315854351144e-06,1.2705079208087622e-07,5.244238805803386e-06,3.0337722877442976e-06,0.00013178349923794385,0
0.9483204265638323,0.05152135743379373,4.230426607192641e-06,8.910926195791565e-08,4.573061834068122e-06,3.0310436390828884e-06,0.00014629236103164554,0
0.9445646834345556,0.055164136237013,4.2403624403105166e-06,1.1690900366034431e-07,4.592999825200717e-06,2.6939332463072293e-06,0.0002595361239162302,0
0.9101611987101338,0.08949807385871116,6.100100704519589e-06,1.452139492996715e-07,8.982550442322759e-06,3.867678039274054e-06,0.0003216318880195025,0
0.885623762978327,0.11391014251121517,6.9841386003330746e-06,1.4138993923366035e-07,1.1802054297341778e-05,4.9704801847886895e-06,0.000442196447436202,0
0.395209656769218,0.6038456433153604,6.779210542818122e-06,1.562558816006664e-07,1.089424095096871e-05,4.8246367375901e-06,0.0009220455713085412,0
0.261963673283142,0.725007119398878,7.4296311051059855e-06,1.5151923201163703e-07,9.133626946910019e-06,5.181373137226089e-06,0.013007311167558782,1
0.36948886387052643,0.6194345943938331,6.316164675847489e-06,1.2881129727769837e-07,7.764785501233691e-06,4.40484938198902e-06,0.011057927124784126,1
0.49257130569375634,0.49720392268668306,8.045955168341707e-06,1.640884898133588e-07,9.12356740240585e-06,5.611193258830908e-06,0.01020182681524102,1
0.9023600183643563,0.09646662269080972,8.4638227769142e-06,1.583314453474635e-07,6.75097615146023e-06,5.4955354985010005e-06,0.0011524902789616016,1
0.9281754968729031,0.03551900933269648,1.253692663690757e-05,2.3452637974071469e-07,1.4301857116596957e-05,8.140189981665389e-06,0.036270280294285674,0
0.9608211050792651,0.03624086282278148,5.032182852496175e-06,1.1172560227462857e-07,4.668388005107267e-06,3.78173731724187e-06,0.002924438064176239,0
0.9769789250215933,0.019391448492815513,3.441677310999978e-06,8.353078373525753e-08,3.4902842402080265e-06,2.8928148231143056e-06,0.003619718178433119,0
0.8587889176002865,0.08971706460614749,1.6241169600362738e-05,2.1085604615491748e-07,1.42257295372681e-05,7.109042342025004e-06,0.0514562309960401,0
0.8636752494900842,0.08749326020182763,1.5838601987978807e-05,2.0562958666055902e-07,1.3873118357460601e-05,6.932831498078064e-06,0.04879464012665793,0
0.8680484176422669,0.08287461802038013,1.4137488170613957e-05,2.0667077981743293e-07,1.394336406544879e-05,6.96793547718334e-06,0.04904170887885975,0
0.8679365508974061,0.08406077070494328,1.3551073320556794e-05,2.2953500866771978e-07,1.3638705108622681e-05,8.944345783493467e-06,0.04796631473842913,0
0.9604781726894213,0.019811990501276477,4.864313478061172e-06,7.787872793000452e-08,3.765044137070042e-06,3.0597689569644876e-06,0.019698069804002245,0
0.9564768955833115,0.026502322326334888,6.6434037596526545e-06,8.616185604898636e-08,5.149476690748299e-06,4.178859089580806e-06,0.01700472418895782,0
0.877644767069967,0.08805919293176209,1.1215698999071749e-05,2.436103868256544e-07,9.634327126711042e-06,7.509649319998317e-06,0.03426743671243834,0
0.880222495674639,0.09139143362359871,1.8879029820590618e-05,2.578327511866403e-07,1.0196794567260196e-05,7.948074668949813e-06,0.02834878896995434,0
0.9050796566960019,0.07551820621450094,1.069206501586064e-05,1.6681230555129022e-07,1.2780317295922724e-05,7.343370077179017e-06,0.01937115452480286,0
0.839612638524411,0.1120205366399587,1.0726718422552046e-05,1.7189439818843236e-07,8.594746305391268e-06,7.108805941759686e-06,0.04834022267056246,0
0.7523013034173259,0.19124801622217905,1.378224668197851e-05,2.3719408791125279e-07,8.748092817498977e-06,8.840100381127674e-06,0.0564190727265264,0
0.7286186479209162,0.20841598434806566,1.2018550203637436e-05,1.7153602464446157e-07,7.865820064849613e-06,7.948548375489033e-06,0.06293736327634966,0
0.7196559726949802,0.28029685447489305,1.7091086203629416e-05,1.645856825610508e-07,8.345707459517349e-06,1.0970757590054148e-05,1.0600693190998819e-05,0
0.7520531195987546,0.24789913586498838,1.7298219816918587e-05,1.6658036134965206e-07,8.44685237921105e-06,1.110371652742496e-05,1.07291671719887e-05,0
0.7913694106961504,0.20859410039518364,1.2807655800647017e-05,1.6903828564551516e-07,9.327367908870846e-06,9.417015412036005e-06,4.767831258790973e-06,0
0.5678149775320694,0.43214462989675384,1.568002573760569e-05,1.9826527468207537e-07,9.981257865764518e-06,9.214589236682584e-06,5.318433062085238e-06,1
0.40806742820758823,0.5918947471076444,1.5149171021359397e-05,1.970833934236021e-07,7.908541194503343e-06,9.283159864193697e-06,5.286729293633589e-06,1
0.4093290981336401,0.590583794241644,1.5629708144420526e-05,2.286099268246807e-07,5.364479480745251e-05,9.423245402970095e-06,8.181266434100231e-06,1
0.015753059226959642,0.44591192968545706,0.4893189532886982,2.100756918083284e-07,0.040642194317455,0.008340200629635766,3.345277610257671e-05,1
0.9406140625283707,0.056641441668544096,1.799674167271116e-05,3.657037606937628e-07,2.31356680168688e-05,1.2659533536888877e-05,0.0026903381560980273,0
0.5443160942850054,0.454896902868489,8.489944925214737e-06,1.885908131470453e-07,1.108266489231442e-05,6.679504297572697e-06,0.0007605621415773051,0
0.8783849306418027,0.11924549514818054,1.464689115819252e-05,3.3760020819193784e-07,2.159598050713578e-05,1.0234031477177395e-05,0.002322759706665994,0
0.9396288271436962,0.06022514401885421,3.822421193045131e-06,8.810403358855544e-08,3.940621069417203e-06,2.663654608259422e-06,0.00013551403654507436,0
0.9895305500723063,0.010366721201388209,3.252211841174543e-06,6.857344398359453e-08,3.6342672372681127e-06,2.073185104374688e-06,9.370048867850763e-05,0
0.9871596972171113,0.01271757698101376,3.49877802625208e-06,7.37723342485523e-08,2.4198808337660877e-06,2.2303634700867532e-06,0.00011450300721080782,0
0.9829136066429452,0.016923317445057758,4.128432151275707e-06,8.704869937480224e-08,2.855372293245333e-06,2.6317486247621682e-06,0.00015337331022846054,0
0.9838337001051984,0.01604710327870958,4.386095719550312e-06,7.915449496807425e-08,3.0335816925696425e-06,2.7400838912426584e-06,0.00010895770029353783,0
0.9926904284577374,0.0072586612475882975,2.5778694160751555e-06,5.8408443472952706e-08,2.1523792099162425e-06,1.604685840872071e-06,4.451695176421583e-05,0
0.9918184811565459,0.008132880066113317,2.4521226245264396e-06,5.55593176327226e-08,1.9096678666081707e-06,1.5264103104378943e-06,4.269501722148009e-05,0
0.9911205860116755,0.008832993704230031,2.663211989893897e-06,7.716234290976325e-08,2.0740603704711437e-06,1.6578103393344532e-06,3.994803905171035e-05,0
0.9340886114811642,0.06575723971542943,4.941443759848871e-06,1.2239077707706654e-07,5.839247481367627e-06,3.8702765406706435e-06,0.0001393754448474578,0
0.9314073773266518,0.06848187661549714,5.57706787360993e-06,1.294718193195269e-07,5.7495262971815596e-06,3.879323560285747e-06,9.541066830080083e-05,0
0.9445646848576168,0.055150437093789396,4.248870756980054e-06,9.626939436319223e-08,4.592999832120434e-06,2.6939332503658524e-06,0.00027324597536017525,0
0.9225991001938421,0.07703984804227128,5.384978902043163e-06,1.2201092648125846e-07,5.821124860629042e-06,3.414265706458809e-06,0.00034630938349101156,0
0.9309369425961899,0.06850337100310995,9.004515951855932e-06,2.6089156636803133e-07,1.8745591262118663e-05,5.709179288709603e-06,0.0005259662226309854,0
0.8840792679241879,0.11547778090639065,6.847489248607715e-06,1.414147108372502e-07,1.201634847054774e-05,4.971351015948645e-06,0.00041897456597530174,0
0.3281992945590749,0.6708987249369007,6.00597555026498e-06,1.3843337635720927e-07,9.651646659584947e-06,4.361567078982068e-06,0.0008818228813590641,0
0.26921959359131853,0.7292310778299279,4.758835998948068e-06,9.724600949031848e-08,8.016966550875555e-06,3.375317493431648e-06,0.0015330802127010185,1
0.20182353013213988,0.7902559231989785,4.215721849772429e-06,8.913881136896963e-08,5.4358513748079355e-06,3.0939242744694933e-06,0.007907712032570999,1
0.19615678428229394,0.7962975008594286,4.247951422753235e-06,8.982028560489286e-08,5.477408947826337e-06,3.117577604018853e-06,0.007532782100017173,1
0.23439454110720634,0.7554103585614643,6.290983493768678e-06,1.2829775450340037e-07,7.733828981328952e-06,4.3872882004793375e-06,0.010176559932899301,1
0.9073553321242037,0.09159552203957565,6.945937427310366e-06,1.416548264238402e-07,6.039914262311785e-06,4.916705746213808e-06,0.0010311016239585183,1
0.9174245554816144,0.08157543351933381,7.288205529202301e-06,1.3633935230490393e-07,5.813271734468419e-06,4.732210640722462e-06,0.0009820409717952614,0
0.9373509072762836,0.03243191563688587,1.3114992517711386e-05,2.453401702495812e-07,1.4961302279727883e-05,8.515526475843241e-06,0.030180339925387115,0
0.9163602174979153,0.027809466145188973,1.2100840864635905e-05,2.2181848611738775e-07,1.4007174141372587e-05,7.622743890244859e-06,0.05579636377951351,0
0.9067589189905554,0.02561204754914773,1.1402268522877814e-05,2.4207341661470473e-07,1.3225033592631136e-05,7.197100785571684e-06,0.06759696698397938,0
0.9097776412690511,0.08032518724050006,8.03423626844653e-06,2.2549049329429403e-07,1.3023572101551788e-05,6.600238988834008e-06,0.009869287952596622,0
0.9097775300591946,0.08032517742166945,8.034235286353519e-06,1.9499386768121569e-07,1.3023570509569835e-05,6.752973282669165e-06,0.00986928674618964,0
0.9088090349298625,0.07993883303045059,7.113878978287498e-06,1.7265647902402455e-07,1.0344715123876646e-05,5.979391063903113e-06,0.011228521398041856,0
0.9526243657312753,0.04201376922601733,7.682248192236383e-06,2.3842384694600617e-07,7.790744852526185e-06,6.457119432526794e-06,0.005339696506383476,0
0.9598152713541425,0.03359089027084862,5.664193913648869e-06,1.3747208528916312e-07,5.744189522679802e-06,4.76089494562072e-06,0.0065775316245416686,0
0.8620237487932785,0.11160683009512748,1.6076904854347147e-05,2.2651008304722195e-07,1.5281853367043074e-05,7.813542971196909e-06,0.026330022300318636,0
0.8537385008785616,0.11894125297927807,1.5484872659724447e-05,2.10340500186448e-07,1.4719098952013593e-05,7.525809167027156e-06,0.02728230602088133,0
0.8610721161311228,0.09654870052300155,1.6384759665535847e-05,2.1272024892814957e-07,1.4351500862957952e-05,7.171894210352699e-06,0.042341062470887966,0
0.8580418024195066,0.09019173684718698,1.6327097872817376e-05,2.1197163673296936e-07,1.43009945824356e-05,7.146654641033533e-06,0.051728474014573526,0
0.8616613051164627,0.08789212160604208,1.5910806487104172e-05,2.0656700407413197e-07,1.3936362674292833e-05,6.964436662865918e-06,0.05040955510466685,0
0.8626262592503353,0.08738699389855019,1.581936496699613e-05,2.0537983604012863e-07,1.3856268545265045e-05,9.04118037004943e-06,0.0499478246573961,0
0.8580597232463995,0.08192097394275107,1.3974807096619245e-05,2.3613249305944896e-07,1.378291679123063e-05,9.201431541536811e-06,0.059982107522926986,0
0.971118964940238,0.01936659404957123,4.616617266170906e-06,7.391305713553437e-08,3.577915060527497e-06,2.903962144077581e-06,0.009503268602662896,0
0.9552448924227968,0.024407477192051143,6.284502783614708e-06,1.2151448274288695e-07,4.553305587360912e-06,3.7626508868508945e-06,0.020332908411411423,0
0.8574729024261486,0.06085751138718131,1.0055208375934049e-05,1.9452985662776766e-07,1.0532132039702041e-05,6.749159541851476e-06,0.08164205515685583,0
0.8894939712359548,0.0764470166143633,1.1245338219343647e-05,2.1755432107954398e-07,9.857611466444424e-06,7.547986964256229e-06,0.034030143658710786,0
0.8949786427477942,0.08475916813602731,1.7612156024661893e-05,1.6843310686353582e-07,1.2102321032851729e-05,7.4147205918671375e-06,0.02022489148542231,0
0.8637779178043656,0.09884721160448628,1.4285513646353333e-05,1.9872885630304376e-07,1.2981227931280785e-05,8.74839258425736e-06,0.037338656728129756,0
0.7721397758656245,0.1899199359074142,1.3353403347283193e-05,1.935728088890621e-07,8.876321386861783e-06,8.969677587102002e-06,0.03790889525183109,0
0.7294106346035965,0.25591281887445905,1.367634147286274e-05,2.2506657092530016e-07,8.728517955611647e-06,9.022779991950978e-06,0.014644893815952919,0
0.6937046024617181,0.29352729119851934,1.4645711918471121e-05,2.1404913597949837e-07,8.30124046898245e-06,8.581097821280703e-06,0.012736364240417951,0
0.6970068969953797,0.29062502364893783,1.463435298007506e-05,1.8504331956741302e-07,8.294802183180915e-06,8.574442483386231e-06,0.012336390714716558,0
0.6993580328411175,0.29361938832581247,1.4785133491272145e-05,1.869498559449329e-07,8.807750730963257e-06,8.662786588700298e-06,0.0069901362124031915,1
0.732973335543443,0.2641589880055587,1.4820308378724099e-05,1.873946229905537e-07,8.80878271511273e-06,9.284766520270614e-06,0.0028345751987612525,1
0.6587784336350859,0.3411572273209117,1.6128033842619227e-05,1.553115715835265e-07,9.808361289027571e-06,1.0352574879295338e-05,2.7894762419983694e-05,1
0.6157063127835455,0.38425215611440033,1.5831365391546868e-05,2.5399324131826894e-07,8.844788948736826e-06,1.0369524111010937e-05,6.2314303615597e-06,0
0.7881441166446325,0.21182014910138072,1.2776454432080656e-05,1.6862648305381962e-07,9.304645043078028e-06,9.394074151493136e-06,4.090453876857006e-06,0
0.4941735158370066,0.5057852526956759,1.6192369820558715e-05,2.0474358294752651e-07,9.826465814342182e-06,9.515675494528093e-06,5.49221260527859e-06,1
0.37790364037993646,0.6220597486520478,1.4889048150433743e-05,1.9369932058972648e-07,7.178665582849346e-06,9.15360286006203e-06,5.19595210194912e-06,1
0.4588185427898728,0.5411421578311673,1.3920258220300169e-05,2.131327499990545e-07,1.0374927025230235e-05,9.109529466298459e-06,5.681531498209079e-06,1
0.23953413867977863,0.7595992816287643,1.5852673068806845e-05,2.062356150597503e-07,0.0008280802667212162,1.1191149210746376e-05,1.1249366841187872e-05,1
0.015117176265899994,0.5523544826664635,0.3905689321598054,2.5322672617034143e-07,0.02948460467471463,0.012441271272362206,3.327973402824389e-05,1
0.954419058387479,0.044048310342559086,1.2048941276172724e-05,2.7300060315302734e-07,1.3322280423364944e-05,7.5002889373701864e-06,0.0014994867587216436,0
0.8864828563471114,0.11258790312819164,1.0525804383863264e-05,2.384899120678773e-07,1.7602580071907715e-05,6.552158597812435e-06,0.0008943214917314807,0
0.8645483684800064,0.13448256000269607,7.694935911453408e-06,1.7093093458656246e-07,1.0044870352597387e-05,6.0540271983919244e-06,0.0009451067529003182,0
0.7373239123698423,0.26143924221857934,1.1932357475640213e-05,2.4156383413047154e-07,1.383335486016941e-05,8.337340715086226e-06,0.0012025007946933888,0
0.88800810248802,0.11024080652045984,1.4807355603461566e-05,3.412987971651981e-07,1.7166381833729943e-05,1.0346150708904783e-05,0.0017084298045768607,0
0.8835263668524405,0.11465404988518056,1.2558906982839023e-05,2.894736887355183e-07,1.85173705097562e-05,8.57665053506496e-06,0.0017796408606624839,0
0.9909556717769057,0.008949060601298723,2.997461371895841e-06,6.320198668376241e-08,3.3495898148269292e-06,1.910789508997258e-06,8.694657911344188e-05,0
0.9901063134359662,0.009784813580310008,3.2632720505524347e-06,6.880665039365033e-08,3.6466267508983443e-06,2.0802356479595823e-06,9.981404262390426e-05,0
0.9887178614670612,0.01116781213229005,3.5035273111987225e-06,7.387247373550929e-08,3.651752381527409e-06,2.23339099328901e-06,0.00010486385748909626,0
0.9889169677630781,0.011017475068345835,3.121678255408287e-06,6.343423150924058e-08,2.431105440900997e-06,2.1958969731527263e-06,5.7745053674886974e-05,0
0.9905152963506474,0.00942421822851252,2.6702467612288407e-06,5.426089346175614e-08,2.079538920619047e-06,1.8783443714593735e-06,5.3803029893121445e-05,0
0.9950555132794674,0.004903808908190661,2.065616654933024e-06,4.680200357477213e-08,1.608664147217374e-06,1.2858160223985207e-06,3.567091351392696e-05,0
0.9946744824560044,0.00525273635159303,3.2257207440880463e-06,7.308722721395765e-08,5.805026459698863e-06,2.00796377518856e-06,6.166939419643044e-05,0
0.9900340103892357,0.009864281930972102,4.3456861228873475e-06,1.034498076160777e-07,7.820522894035941e-06,2.70512577044681e-06,8.673289519742921e-05,0
0.9908891785659703,0.008994684249786188,4.539907154095735e-06,1.0286359298454201e-07,8.170044230394967e-06,2.826025509136516e-06,0.00010049834375701051,0
0.9893771318158909,0.010569488890185986,2.994746385591491e-06,6.785389278754302e-08,2.3322532421515813e-06,1.864185630193059e-06,4.6120254772362345e-05,0
0.9685970232585174,0.03125748442575391,4.387597761054973e-06,1.256114270588533e-07,7.415341716449214e-06,2.985630297502703e-06,0.00013057813452659725,0
0.9631831085047097,0.0366737677579713,4.703959612215916e-06,1.065806349211737e-07,5.08494772963282e-06,2.9824755641033983e-06,0.00013024577377804443,0
0.961430763129127,0.03839450680545705,4.622708687286444e-06,1.3240323350077826e-07,5.4626018975796615e-06,3.2039811502905325e-06,0.00016130837044720683,0
0.9448361611736736,0.05507990829944622,4.25009192033604e-06,8.952349004956978e-08,4.594319901242287e-06,3.045133570867198e-06,7.195145799770232e-05,0
0.9172057187710133,0.08236134932245781,5.798109042675513e-06,1.4652757176913083e-07,6.99081070353082e-06,4.100321813545704e-06,0.00041589613739714674,0
0.9083042857595113,0.09109820800467726,9.709150896828774e-06,2.1998646936554424e-07,1.5010857331075007e-05,6.155942585642942e-06,0.0005664102985285622,0
0.941314620508406,0.058199446460157296,8.401648834308165e-06,1.903615551502318e-07,1.7628458549147507e-05,5.326940367733695e-06,0.0004543856221302267,0
0.9407735442547385,0.058976102001287195,4.038707974233271e-06,9.150760117861966e-08,5.253591768363854e-06,2.5606826666664357e-06,0.0002384092539639966,0
0.8698673819175287,0.12945972606324738,7.4372489052928205e-06,1.571303191346188e-07,1.0955207188487976e-05,4.851636319351868e-06,0.0006494907964919419,0
0.33345357304296463,0.6656577580081813,6.594322104380166e-06,1.3932140095517354e-07,9.713560194240456e-06,4.389545728016915e-06,0.0008678321994264605,0
0.2683694102548144,0.7304135608468283,4.7438078094560214e-06,9.69389109775122e-08,7.99164933202107e-06,3.364658392992312e-06,0.0012008318439115343,1
0.26928674514103124,0.7294129702261006,4.760022997293528e-06,9.727026560092895e-08,8.018966226013255e-06,3.3761594002090592e-06,0.0012840322139791786,1
0.19688423340731778,0.7997435722518093,3.906664229434618e-06,7.983202338031057e-08,5.219394101719723e-06,2.7708944198726584e-06,0.0033602175560985613,1
0.9191818815528116,0.07977454382711058,7.1373190267925616e-06,1.8613179635408073e-07,6.134932521985251e-06,4.977516723787335e-06,0.0010251387200089655,1
0.9437893832022515,0.05549828293715441,5.7749463406158365e-06,1.370731746473098e-07,3.638114773176857e-06,3.7496558533050387e-06,0.0006990340704524085,0
0.9435685891991848,0.03277686765202362,1.320227901857724e-05,2.4697302554507593e-07,1.5060876848499472e-05,8.572201346843214e-06,0.023617460818552122,0
0.9424345891236671,0.03278056793408549,1.3833131753883973e-05,2.5877429171229265e-07,1.5780540123501038e-05,8.981812192034916e-06,0.024745988683886472,0
0.917478426424146,0.02662312903430708,1.2115607184704535e-05,2.2208916505613162e-07,1.4024266707000236e-05,7.632045712931701e-06,0.05586445053277723,0
0.9604067445788441,0.03767243848185202,5.108058709218599e-06,1.0543289557376105e-07,4.738778519479075e-06,3.6231784583562433e-06,0.0019072414907214728,0
0.8935924304041596,0.0962931255231058,8.379472290881843e-06,1.8604283983399766e-07,1.1146759101069822e-05,6.2972598552342e-06,0.01008843453864763,0
0.8982991382137031,0.08764448289424752,7.932869735162516e-06,1.9253368819033807e-07,1.1535658362413391e-05,6.6677730321688394e-06,0.014030050057231597,0
0.8678711246479371,0.10396772232830952,1.09364800855501e-05,2.23371838903593e-07,1.3838616087893904e-05,7.705288163550046e-06,0.028128449267577318,0
0.8501283294572353,0.12255617637658286,1.5721737742492554e-05,2.420973479623643e-07,1.4656856859933228e-05,7.64691604349472e-06,0.02727722655818808,0
0.8610721161311228,0.09654870052300155,1.6384759665535847e-05,2.1272024892814957e-07,1.4351500862957952e-05,7.171894210352699e-06,0.042341062470887966,0
0.8587889176002865,0.08971706460614749,1.6241169600362738e-05,2.1085604615491748e-07,1.42257295372681e-05,7.109042342025004e-06,0.0514562309960401,0
0.854118385973176,0.08652511720260209,1.566334241259198e-05,2.0335422460067199e-07,1.3719607534064374e-05,8.952009404014653e-06,0.0593179585106466,0
0.8924431484695928,0.08003335334153404,1.803949203991844e-05,2.4636710185122006e-07,9.743349959019203e-06,7.59462912478794e-06,0.02748787435064755,0
0.8653441676463864,0.1119378542033962,1.867436139780213e-05,2.5503757457904615e-07,1.0086250652588096e-05,7.861909229191626e-06,0.02268110059136312,0
0.8949786427477942,0.08475916813602731,1.7612156024661893e-05,1.6843310686353582e-07,1.2102321032851729e-05,7.4147205918671375e-06,0.02022489148542231,0
0.7822450567612672,0.20774303690232154,1.3639604633794085e-05,2.0714950779887355e-07,8.320605313077523e-06,9.039770501850007e-06,0.00998069920645471,0
0.7288327935822824,0.2645161287733271,1.422792761820613e-05,1.79904295094038e-07,8.052861363690739e-06,8.336313001756308e-06,0.006620280638111652,0
0.6680784277231318,0.33188123370433614,1.6017261452554982e-05,1.7360020150463217e-07,7.4281854926211206e-06,1.0336249533854516e-05,6.383275851526113e-06,0
0.7881440461945227,0.21182013016734005,1.2200078463588474e-05,1.6862646798074606e-07,9.304644211360515e-06,9.394073311781793e-06,4.756215682310706e-06,0
0.43764751563917326,0.5623091643170813,1.582972496629618e-05,1.925544213121666e-07,1.2306790331442572e-05,9.083402350100061e-06,5.907571676163498e-06,1
0.4497672227012063,0.5501895813208797,1.7383913103647827e-05,2.098938624705822e-07,1.0216762743912562e-05,9.755040205948968e-06,5.630367998038734e-06,1
0.5152731209121506,0.484695353839686,1.2910947378963336e-05,1.6796518556507285e-07,6.285737794014086e-06,7.654959600709715e-06,4.505638204274647e-06,1
0.43177920204214465,0.5681751035763741,1.4561225331531212e-05,2.2294658253819516e-07,1.5438084827093883e-05,9.528983523420213e-06,5.943141216516211e-06,1
0.3664932208323663,0.6334553349192672,1.5865829440302386e-05,2.4292134571873553e-07,1.7423186495725986e-05,1.0382726994455392e-05,7.5295840902973945e-06,1
0.34570093308339744,0.6542333402519871,1.705351200607631e-05,2.443139127558884e-07,3.078553076114172e-05,1.0070559871287327e-05,7.5727480641202586e-06,1
0.22394378942200382,0.7760229805054928,1.5265948680477105e-05,1.4589821789647717e-07,5.894931442760841e-06,6.7383404465289915e-06,5.184953715878459e-06,1
0.0020653866194785416,0.032496416067890374,9.856908741618884e-07,1.2246509334040282e-08,0.9654339481562555,2.4019995676071183e-06,8.492194245033369e-07,4
0.0027840671568331106,0.038010769303346785,1.1300814727066753e-06,2.1175251140483998e-08,0.9592004570035456,2.5317449616220718e-06,1.023534589056554e-06,4
0.009487125058799506,0.30659664326543273,0.02343760403776053,9.682207057567871e-08,0.6550832007728349,0.0053799038652225335,1.5426177879363577e-05,1
0.04138422105075014,0.40679110661233414,0.4810444020356355,2.2778846452590769e-07,0.028635250022891277,0.04212796209715093,1.683039277358129e-05,1
0.03415299239046807,0.4180184700037233,0.49432114339319544,2.3407538630474624e-07,0.029425577914982258,0.024064287313574222,1.7294908670357973e-05,1
0.012817116514608883,0.38198624827582395,0.5659139297246969,2.1561953212907212e-07,0.02176849441041815,0.0174980641766486,1.5931278271448077e-05,1
0.924554139242623,0.07393369352094283,1.0437097360437817e-05,2.405675172804489e-07,1.5388886877951547e-05,7.1276375231731e-06,0.0014789730471551626,0
0.945487455186834,0.05344434994505295,9.634084890563522e-06,2.2205866280188938e-07,1.4204892168146365e-05,6.579249248714018e-06,0.0010375545831426821,0
0.9457714976172379,0.05325843181871755,8.74799898695363e-06,2.016350259834155e-07,1.289841056086661e-05,6.0960440092381726e-06,0.0009421264754612695,0
0.9910039408558611,0.00889902370048371,2.9807016600060116e-06,6.284860528655203e-08,3.330861246455054e-06,1.900105707713558e-06,8.876092643576753e-05,0
0.9899204102111117,0.009958146044032987,3.5586941503065426e-06,7.503567599171467e-08,2.461320982053587e-06,2.268558157877053e-06,0.00011308013588917263,0
0.9884864128740226,0.01140182932441671,4.926795734304474e-06,1.1162957609700631e-07,8.86629124718439e-06,3.0668579666631184e-06,9.478622703628064e-05,0
0.984417615468159,0.0155199021720046,2.6202096889074695e-06,5.936777423537775e-08,3.075175660402065e-06,1.631042038703115e-06,5.509656467429661e-05,0
0.9782746533709025,0.021572200347813153,5.418897001605433e-06,1.4191513744485676e-07,7.785360730640633e-06,3.3731837762595366e-06,0.0001364269246384131,0
0.9405497299169872,0.05935761257644492,3.828766758608805e-06,8.8161243849716e-08,4.444502062072272e-06,3.068191586610763e-06,8.122788491670244e-05,0
0.9430033973649002,0.056904050517829645,4.2866271938677535e-06,9.946844154634493e-08,4.419181608669092e-06,2.9817126569358e-06,8.076512736898445e-05,0
0.9530909852606487,0.04672320700634591,4.5906086487162246e-06,1.0401236932056117e-07,4.62861396029817e-06,2.910607073156438e-06,0.000173573890953647,0
0.920570456807862,0.07906994687304886,9.940716384834547e-06,2.2523319739301137e-07,1.3321198773614972e-05,6.302763235988949e-06,0.00032980640749736206,0
0.9209661455450772,0.0786156286032613,9.759845050396355e-06,2.2113507937061159e-07,1.4022025952879657e-05,6.188084459026712e-06,0.0003880347611199289,0
0.9214505794203015,0.07793850367333657,8.387813005453302e-06,1.9004806788724966e-07,1.841969760715773e-05,5.318167966422769e-06,0.0005786011797150097,0
0.8780567745514862,0.12141728664436148,7.6116475695939295e-06,1.7544295075486025e-07,1.2862442034625855e-05,5.417066525062565e-06,0.0004998722050721428,0
0.8617993083351144,0.13752509842950078,7.630266350352935e-06,1.6120829112763097e-07,1.1818840775355576e-05,4.9775498740341274e-06,0.0006510053700941643,0
0.1984658956076154,0.7980171751891566,3.938048271894571e-06,8.047335098470385e-08,5.261323911010578e-06,2.7931542976144207e-06,0.0035048562033963035,1
0.23377875774401805,0.7582233333843887,4.986472459839744e-06,9.671379391165457e-08,5.8977879727547e-06,3.3568447914425757e-06,0.007983571052575224,1
0.22490973461633762,0.7669997805890284,5.044190958274541e-06,9.78332576222177e-08,5.966054962819485e-06,3.3957003235649692e-06,0.008075981015131592,1
0.9329621660303977,0.02417127879064798,1.1113224308186907e-05,2.0789339682125472e-07,1.3127846389573413e-05,7.071475447075269e-06,0.04283503473941284,0
0.9249058244759218,0.02274954410768561,1.111736014809629e-05,2.0797076534938182e-07,1.3132731980785879e-05,7.0741071306948186e-06,0.05231309924636774,0
0.9165810866926994,0.07439870002318218,7.323361545057759e-06,1.7774069854840208e-07,1.0649336200967064e-05,6.016245326124064e-06,0.008996046600347607,0
0.9659362979647296,0.026350753512205043,6.321184947644168e-06,1.4062590467848578e-07,5.875969994725932e-06,4.870117139773402e-06,0.007695740625078842,0
0.8712043560896435,0.09055298808885025,1.034066780556886e-05,2.3004638800827427e-07,1.3747730074282647e-05,7.5194901803275215e-06,0.038210817887057956,0
0.8636532085133513,0.11491347595762663,2.0536590464767817e-05,2.252153895946553e-07,1.5194504869213644e-05,7.768882076679254e-06,0.021389590336222026,0
0.8369265469839009,0.12735935223632613,1.6117254438595564e-05,2.4818786701119523e-07,1.5025584013091836e-05,7.839291913035249e-06,0.035674870461541414,0
0.8500638413094039,0.08880556212021648,1.6076163461005124e-05,2.4124275388996443e-07,1.4081199754730902e-05,9.187947418406699e-06,0.0610910100169914,0
0.8500638689610903,0.0888055650089684,1.6076163983945885e-05,2.0871380931316713e-07,1.4081200212777582e-05,9.187947717281006e-06,0.061091012004217966,0
0.9557421133271211,0.023617415782191405,6.314974153182384e-06,9.623317045274956e-08,4.256590898988242e-06,3.780894673141564e-06,0.020626022197791857,0
0.8500887606384394,0.10327139579645592,1.5454946359167976e-05,2.312643082731956e-07,1.1115818277772822e-05,9.086118509077044e-06,0.04660395541765044,0
0.8154877994025745,0.12299779595085074,1.5822304941063213e-05,2.46716486838697e-07,1.1097646105585496e-05,9.693217489105163e-06,0.06147754476155237,0
0.8653582529775686,0.10097930350762664,1.0247737385838942e-05,1.320000417748546e-07,8.404785096307282e-06,7.112224445916352e-06,0.03363654676783492,0
0.8011092086133073,0.19432582715812308,1.4068120712922146e-05,1.9436825153496258e-07,8.712804120366575e-06,9.006536400660099e-06,0.00453298239908405,0
0.6551126391223415,0.3390012476665672,1.591577999508457e-05,2.0124625720077217e-07,9.467684134105399e-06,9.325245901331393e-06,0.005851203254803578,1
0.6463674730893335,0.351495340071428,1.534164909077823e-05,1.9398668866749085e-07,9.163686672306735e-06,9.847794996836473e-06,0.002102639721789777,1
0.7854460871373021,0.21451904695963456,1.2031789825136053e-05,1.6804922920215927e-07,9.227697150578543e-06,9.361915706458133e-06,4.0764511519427885e-06,0
0.43594378371065584,0.5640143702384572,1.6824516605041707e-05,2.0231870391690505e-07,9.848035441553798e-06,9.544014508234488e-06,5.4271656280472294e-06,1
0.46563229541550827,0.5343346779610472,1.3494511048044286e-05,1.755570668646531e-07,6.646309008224903e-06,8.000957162324384e-06,4.709289159147405e-06,1
0.5005355198910058,0.4994318797562298,1.3377048893768748e-05,1.7402894100675437e-07,6.44966417755813e-06,7.931313315192248e-06,4.668297436826346e-06,1
0.33466910753822043,0.6652776333469131,1.666286615531526e-05,2.551247563331432e-07,1.7917103041762126e-05,1.051618020569967e-05,7.90784070721899e-06,1
0.2165670492180003,0.7834004541541408,1.2338219880084456e-05,1.481646672818703e-07,8.578397842473165e-06,6.843016896891406e-06,4.588828572037681e-06,1
0.18695104563364948,0.8130146369493773,1.1826584320017344e-05,1.5385814623869942e-07,1.0841514709639771e-05,7.368240579960398e-06,4.127219217481171e-06,1
0.3105427465052751,0.6894120369117488,1.2316192180500463e-05,1.6022770787707773e-07,1.6860423642379164e-05,7.673277808653156e-06,8.206461636765156e-06,1
0.29707367960335185,0.7028154385204973,1.3310519292538e-05,1.6481104612102488e-07,8.263307291495544e-05,7.892773101338813e-06,6.880699795710914e-06,1
0.16851626461543415,0.8289732606310062,1.4535083948471683e-05,1.0276967578821107e-07,0.0024753640070971166,7.776085532143122e-06,1.2696807306219632e-05,1
0.009896626005218822,0.059659049019487174,1.8646314582158588e-06,2.6406960774317548e-08,0.9304374051955003,3.4285952140194228e-06,1.6001461606496752e-06,4
0.061907844686325465,0.607527429133928,0.2833713945672223,2.569270140685345e-07,0.03270219380275802,0.01444007059543374,5.08102873181816e-05,1
0.039550450162214514,0.598732550093887,0.2885615950658847,3.40217740951619e-07,0.0481026398358045,0.02502916834732678,2.325627714130645e-05,1
0.04757044538256009,0.501920024158331,0.38643233831552687,3.14756526496582e-07,0.03684000390300884,0.027215357660116398,2.1515823930182517e-05,1
0.0351849714084591,0.37123978044187855,0.5448466097149469,2.3280630013752734e-07,0.027408179745240555,0.021289613817041322,3.061206613352585e-05,1
0.8912874463853528,0.10788439832422014,1.0087807452182556e-05,3.378310473766884e-07,1.8154078987647395e-05,6.279511942310568e-06,0.0007932960609974217,0
0.8543595948121465,0.1448672465435222,7.604250458506076e-06,5.5947261011020815e-179,9.926490728880616e-06,5.847366966484901e-06,0.0007497805361773702,0
0.9430914207384649,0.05601719216490829,9.261229332396386e-06,1.827032328943764e-07,1.3655138552912403e-05,6.324621053216927e-06,0.0008619634044556368,0
0.9755843496840527,0.02416802690777844,6.248060031298898e-06,1.317414164532635e-07,4.271668643478126e-06,3.903291158687818e-06,0.00023306864691872214,0
0.9801699748537867,0.019681216501597678,5.957671635028222e-06,1.075162330257192e-07,4.073136138898224e-06,3.7218795758811726e-06,0.0001349484410328146,0
0.9908611771635295,0.009060688703652958,2.328748748333561e-06,5.5426925910227346e-08,2.930209913046755e-06,1.4496118849530107e-06,7.137013534548074e-05,0
0.9948344955716756,0.005118184240113504,2.1559173302482873e-06,4.8848003987683284e-08,1.6596730171866304e-06,1.5165471751157567e-06,4.1939202684272075e-05,0
0.9951062366971847,0.004849785717908263,2.173854598362858e-06,4.9254420194879756e-08,2.5513167050862898e-06,1.3531925520954419e-06,3.784996663126522e-05,0
0.9862889918065945,0.013661909955691635,2.306526706041793e-06,5.2260457371736095e-08,2.902248438603418e-06,1.4357789900831254e-06,4.2401423121519656e-05,0
0.9907570455424041,0.00917291705266515,2.413999150754339e-06,5.469552959562322e-08,3.037478494272336e-06,1.5026790080742229e-06,6.302855274829071e-05,0
0.9536033460152137,0.04632253265347901,4.023108492724292e-06,7.525967866200144e-08,3.794091172016059e-06,2.5599512921071653e-06,6.366892067164827e-05,0
0.9435753594696119,0.05609532825154392,8.827936136948086e-06,2.0002022042792842e-07,1.1830001731109786e-05,5.597221485817571e-06,0.0003028570992700119,0
0.9345788720288111,0.06484147367818098,8.507317692888986e-06,1.9275576236444598e-07,1.9208739519188975e-05,5.29568028560738e-06,0.0005464497997479981,0
0.9301579276337527,0.06937940214693053,8.536389859581566e-06,1.9341446912217042e-07,1.92743817929838e-05,5.313777282283838e-06,0.00042935225591246546,0
0.9522371118872802,0.047535880665551034,3.714905621541855e-06,8.417100325180139e-08,5.864792663647824e-06,2.312474174948857e-06,0.0002150311037053862,0
0.8833464482008745,0.11621934907781234,5.8050613295611715e-06,1.2895033432536888e-07,1.1045608292416426e-05,4.567159438610396e-06,0.00041265594191806324,0
0.8411353681477821,0.1582188850990122,7.039122509741486e-06,1.4871891212303195e-07,1.0903193194167836e-05,4.685629493454621e-06,0.0006229700890963311,0
0.24225172043774937,0.7540538449629323,4.792565471828366e-06,9.793526556902049e-08,6.402978727298177e-06,3.399240923422146e-06,0.0036797418789301247,1
0.22576509434690836,0.7707100831994358,4.726131764737331e-06,8.85884252903629e-08,5.7918850714636465e-06,3.074820891523507e-06,0.0035111410275031323,1
0.3183036584624949,0.6747442371431195,8.078351115443403e-06,1.5668150004183261e-07,9.444810086909997e-06,5.357902786589426e-06,0.006929066648896674,1
0.9469981608266209,0.035002929082500515,1.2376741659369449e-05,4.114781961403439e-07,1.1151572348311537e-05,8.036182341903789e-06,0.01796693411633274,0
0.9682907469941706,0.030237743394466172,4.715169287008638e-06,1.1249174416792051e-07,4.297036045553875e-06,3.3444994978936046e-06,0.0014590404147886427,0
0.914899031230221,0.07594432787154422,7.434010122986016e-06,1.8042618053824433e-07,1.0810236888344998e-05,6.248469201404432e-06,0.009131967755841644,0
0.919701582515836,0.07109246403906905,7.473033243193515e-06,1.8137328612664723e-07,1.2113856751046561e-05,6.281269098193019e-06,0.009179903912716834,0
0.9165810612999754,0.07439869796205993,7.3233613421732545e-06,2.0544443358328656e-07,1.0649335905940623e-05,6.016245159451567e-06,0.008996046351123471,0
0.9002488185677116,0.07556223032321056,9.914805932924864e-06,2.237095830158695e-07,1.4126591255964314e-05,7.865631628520534e-06,0.02415682037067744,0
0.8685991192366184,0.10848825966192588,1.4379482422757909e-05,2.2860131838083097e-07,1.4162599447570013e-05,7.885680850986714e-06,0.022875964737416144,0
0.8277604160919413,0.13065449983456007,2.054718887871246e-05,2.2533161755029977e-07,1.5202346368150091e-05,7.931514065553904e-06,0.04154117769256877,0
0.8353766341073445,0.12622033664123952,2.0404052669327036e-05,2.459682431981556e-07,1.5186552728051447e-05,7.769182607463282e-06,0.03835942349516784,0
0.8402149738870387,0.1132372570521542,1.602342300504831e-05,2.068404907752085e-07,1.3954813877910184e-05,7.115969871754634e-06,0.04651046801356147,0
0.8525238364740377,0.10669050157837501,1.623144137496609e-05,2.0952572361905823e-07,1.4135977268184184e-05,7.064190323747921e-06,0.04074802081289673,0
0.8538601959504813,0.09574005568516254,1.6247528907887155e-05,2.1093860784683234e-07,1.4231299689610123e-05,9.34915929185761e-06,0.050359709437859106,0
0.8102273619444398,0.07163098252641258,1.3084210649447133e-05,1.9174306216003844e-07,1.336149066577799e-05,8.440865681457586e-06,0.11810657721908889,0
0.7895385865262495,0.06164876672375068,1.1903370998921264e-05,1.9057558598061174e-07,1.1556388597332394e-05,7.799352645945947e-06,0.1487811970621716,0
0.7443410848936246,0.06370596101161909,1.1655821450543848e-05,1.8661226330121802e-07,1.1316055100342103e-05,7.331789121557586e-06,0.19192246381682052,0
0.954773866655269,0.020411397471658183,5.702420461327458e-06,8.689853464746605e-08,4.072942840820527e-06,3.414147171985069e-06,0.02480145946406412,0
0.8762745112022269,0.07821437254533935,1.780979016568703e-05,2.4323004095621483e-07,9.61928517150042e-06,7.497924597842505e-06,0.045475946022457796,0
0.8756944618733333,0.08385199840924117,1.6139828826191713e-05,2.0341524728317976e-07,9.722735409968883e-06,8.954695729458544e-06,0.04041851904221242,0
0.6187553360463182,0.3794671355230268,1.6258734076402592e-05,2.0558272234909025e-07,1.1564964922406164e-05,1.039379085013676e-05,0.001739105358083755,1
0.6821402680446328,0.3178147133703294,1.5040168605498883e-05,1.378192223124888e-07,8.831633939200893e-06,9.705712565045458e-06,1.1303250705721811e-05,0
0.7627564967653913,0.23720901516600973,1.2300914869411815e-05,2.1572696592998613e-07,8.811066080533145e-06,9.471717450844356e-06,3.68864323218188e-06,0
0.45631638341752095,0.5436436703513831,1.5657759463966185e-05,2.3077436270297518e-07,9.347221889805689e-06,9.354710600913095e-06,5.355764778583962e-06,0
0.516584249688293,0.4833809150683677,1.4294101562122735e-05,1.8595935301230542e-07,6.891815640932993e-06,8.475038025852208e-06,4.988328757269974e-06,1
0.2852685664914957,0.7146958979449446,1.279715551753846e-05,1.6182142243303845e-07,9.351994508579313e-06,7.473757058973137e-06,5.750835052339457e-06,1
0.3675841281305734,0.6323500670740861,1.4241011817651913e-05,1.6516568457450351e-07,2.84923439609652e-05,7.367868066066953e-06,1.553840581123223e-05,1
0.20787505575061152,0.7895956496739235,1.70036902264465e-05,1.202238485838825e-07,0.0024882206980397542,9.096758576122072e-06,1.4853204774406667e-05,1
0.1730328197070693,0.7867101852700389,2.5254526336229587e-05,3.1493760889176814e-07,0.040163755425793965,4.8510892340100914e-05,1.915924081249687e-05,4
0.0038612701774737275,0.0619051236425569,1.8404740176597746e-06,3.44864511831502e-08,0.9342261314971843,3.932772752966356e-06,1.6669495632228815e-06,4
0.03923230343115872,0.5459347443588465,0.3517570751380508,2.3087909618228272e-07,0.046549313616184286,0.016442259238886207,8.407333777727881e-05,1
0.12960172863621403,0.753602950742294,0.01686000913315802,3.016676296119264e-07,0.03871247791374001,0.06121017435193549,1.2357555028745891e-05,1
0.04751778035032128,0.5421033941928373,0.009866354797715866,1.6323132109783264e-07,0.3790862222557706,0.021420566669034944,5.518502998923282e-06,1
0.058187651121343845,0.3667692972568033,0.009157614887313556,1.6190246216291972e-07,0.4012353856048708,0.16464681358472424,3.0756424819952126e-06,4
0.06262003527406089,0.46393368833200294,0.010284811933057563,1.7423521479595321e-07,0.40293352394043697,0.06022445635885908,3.3099263675603787e-06,4
0.9264990788739947,0.07249373744193438,9.408196268027288e-06,2.089883267869827e-07,1.2281338383008688e-05,7.401942881638446e-06,0.0009778832182111528,0
0.9253578181859556,0.07327248183162291,1.0901889682136666e-05,2.150697729314111e-07,1.607419584972337e-05,7.4450506006040925e-06,0.0013350637765161817,0
0.8895488240589536,0.10928114090971704,9.312691099869198e-06,1.8371845786616845e-07,1.3731015905669544e-05,6.359765002935975e-06,0.0011404478408630566,0
0.9850191658311828,0.014793735674462297,4.267040357897765e-06,8.997127716390207e-08,3.1640734631371167e-06,2.665707566718747e-06,0.00017691170168989608,0
0.9771530703138122,0.02247649739289085,6.420112868519788e-06,1.3536918000974945e-07,4.389297588478057e-06,4.010776092409212e-06,0.0003554767375675676,0
0.9707714829633916,0.029006750444217303,5.560006984705745e-06,1.2154772999101983e-07,3.98700983490727e-06,3.601268246579333e-06,0.00020849675959481984,0
0.9914431004247914,0.008504606085575357,2.6477549045651435e-06,6.30196430717533e-08,2.210729749925251e-06,1.6481885307922819e-06,4.572379680482466e-05,0
0.9893890639546862,0.010437545904138487,5.406966674756466e-06,1.626818855213353e-07,7.0581847430208004e-06,4.157742895947041e-06,0.00015660456497612097,0
0.9941836334779602,0.0057613633501634575,2.42684172936285e-06,4.9314768371782104e-08,3.053638009623518e-06,1.7071248129418815e-06,4.776625255591286e-05,0
0.99406433301105,0.005857903405850238,2.1537248776811858e-06,4.8798328181362714e-08,2.7099814830057685e-06,1.3406620966902258e-06,7.151041631420488e-05,0
0.9899110459347,0.01001397385308078,2.2984652281980598e-06,5.207780328925689e-08,2.8921048701706203e-06,1.4307608385539305e-06,6.830680347903568e-05,0
0.9747451634543621,0.025132789685270572,4.241483098328551e-06,9.610200743503604e-08,4.276598025140404e-06,2.689249215378217e-06,0.00011074342802086176,0
0.9705663238705383,0.029303662376563632,4.301465318176084e-06,9.746106312478518e-08,4.649854188150673e-06,2.727280048915002e-06,0.00011823769227974423,0
0.958889925031204,0.04101920167647553,3.0156772539440184e-06,7.46929643362227e-08,3.563591263102591e-06,2.361962514884631e-06,8.18573683242073e-05,0
0.9461490555852197,0.053762600776934955,3.6719005695790883e-06,7.461505374746799e-08,3.899195380758531e-06,2.6308672619079713e-06,7.806705957946951e-05,0
0.9340217531719912,0.06572405659204886,8.59107941798778e-06,1.9465360558145375e-07,1.3282260089857138e-05,5.447046009255595e-06,0.00022667519683730475,0
0.9438563053215379,0.05595106854967693,3.5146166147127915e-06,7.963292655145371e-08,5.548592572036101e-06,2.1877972105779165e-06,0.00018129548946153252,0
0.9613752701200715,0.03839140721216608,3.5009700138407166e-06,7.932372674844426e-08,5.375524053814589e-06,2.1793024020127907e-06,0.00022218754756604987,0
0.8864129115811568,0.11314164707787265,6.448119881043393e-06,1.3053854316530942e-07,1.0896270149652223e-05,4.505410815065748e-06,0.00042346100158163785,0
0.8351674625879674,0.1639047383931211,7.07087063545197e-06,1.4938966997830075e-07,1.0952369202639784e-05,4.600307785188501e-06,0.0009050260816179586,0
0.3029967295931606,0.6933072039436723,6.336250924297366e-06,1.5039620774429076e-07,7.228259205683541e-06,4.114109286038391e-06,0.00367823744754327,1
0.9242375490505742,0.03318510534674741,1.0363521712609024e-05,3.376823649624362e-07,1.0569861927190059e-05,7.208708026935695e-06,0.04254886582864671,0
0.9516406735200141,0.046835379473984314,5.721278574611545e-06,1.1464507382016542e-07,5.061821796074562e-06,3.939752954345104e-06,0.0015091095076028964,0
0.9633881827827825,0.034783640419084265,5.030338165538034e-06,1.2885050974647472e-07,5.0112838769841025e-06,3.900417923586515e-06,0.0018141059076573684,0
0.9113860001076071,0.0800397541526044,7.890111252577287e-06,1.751779411733313e-07,1.0495788560434953e-05,4.884637923935757e-06,0.008550800024110359,0
0.9106065267163105,0.07859742053275469,7.399131386731956e-06,1.795796606841937e-07,1.0759517640585748e-05,6.219152761735681e-06,0.010771495369485174,0
0.9245538091898987,0.06605248793137267,7.936249747793362e-06,1.762023179333101e-07,9.810493851501378e-06,5.9641735425599484e-06,0.009369815759268771,0
0.9174709595083923,0.07161952276003812,7.330471511053186e-06,2.0564389726532654e-07,1.0659675225989507e-05,6.022086263981045e-06,0.010885299854671142,0
0.9124181760872713,0.06225761981831165,1.0048832010656105e-05,2.2673363796614767e-07,1.431755128388196e-05,7.971957436930828e-06,0.025291639020047847,0
0.8368691603165631,0.11127198613863222,2.0113084501442863e-05,2.0325070406682937e-07,1.3712623361009565e-05,6.992469806718468e-06,0.05181783211643145,0
0.8344414295551383,0.11245914627820684,1.5913317917727078e-05,2.0541918458543897e-07,1.3858923255781897e-05,7.067072424320466e-06,0.0530623794338723,0
0.8324125920214772,0.11298845038051213,1.5988216089497844e-05,2.063860176149577e-07,1.3924152142676257e-05,7.100334551495314e-06,0.05456173850920942,0
0.8276434705153809,0.10357680714542941,2.012893193103381e-05,2.0341084863450015e-07,1.2853220934996857e-05,9.015516149403833e-06,0.0687375212593258,0
0.8324898990068677,0.09334388658266382,2.0351428523577275e-05,2.056592650364541e-07,1.299529493430509e-05,9.11516980366307e-06,0.07412354685794222,0
0.7751131277116213,0.06052239777798602,1.1685887533223074e-05,1.8709362789325288e-07,1.134524475889111e-05,7.350701403188764e-06,0.16433390558306948,0
0.9443640608399385,0.028778422737054894,6.619739879739156e-06,1.2899684566466159e-07,4.796194642459099e-06,3.963363687921923e-06,0.02684200812795068,0
0.9547088604980963,0.03652518498810198,9.773421711336043e-06,1.221631741610777e-07,3.820363677127305e-06,4.238417520297549e-06,0.008748000147719029,0
0.7816627674603708,0.21129722990950162,1.770817454548123e-05,2.0793161081348838e-07,9.666655617270912e-06,9.992544821027476e-06,0.007002427323532967,0
0.6195850314145468,0.3762196378683561,1.6937202651894893e-05,2.1416158317076113e-07,9.95937971232266e-06,9.976582900278295e-06,0.004158243390249378,1
0.6556182600947891,0.34271754906361285,1.604316999257146e-05,2.0285703343712193e-07,1.0212420525312409e-05,1.0352968817326377e-05,0.0016273794252293688,1
0.6202915144814662,0.3796265792093098,1.4590078053956831e-05,1.4159928169873353e-07,9.332829670985158e-06,9.415260400838149e-06,4.842654181642839e-05,1
0.5942383256929574,0.40572342584814175,1.494134864967655e-05,1.6193911449956764e-07,7.548731084708438e-06,9.641942130547044e-06,5.954497921334672e-06,0
0.7419184597418009,0.2580443745156599,1.2845241337282855e-05,1.7868570011404138e-07,9.811752982264112e-06,9.954466737867175e-06,4.375595781591533e-06,0
0.7415820645050217,0.2583818371387528,1.2942562591289087e-05,1.7012845101028324e-07,9.341868630241597e-06,9.477747831336669e-06,4.16604872182942e-06,0
0.4092818726970235,0.5906729777977261,1.823049644295779e-05,2.201155338475361e-07,1.0564227398095475e-05,1.0230103240572758e-05,5.904562634936875e-06,1
0.3662613771373721,0.6336989608937281,1.7023194173360682e-05,2.0470784763278526e-07,7.47921996525699e-06,9.463592901961104e-06,5.491254011396183e-06,1
0.3675084609704106,0.6324536690948699,1.607521247783184e-05,1.988893091779285e-07,7.196343606667898e-06,9.064316641857106e-06,5.3351726837862595e-06,1
0.4130726072733452,0.5868798133180515,1.5554078738779718e-05,2.3814813797516332e-07,1.4226833050525332e-05,1.0178714816181395e-05,7.381633859825271e-06,1
0.33196961178505335,0.6679844486828296,1.3379150615089162e-05,1.7405628338537522e-07,1.678411987071876e-05,8.335525948996702e-06,7.266679398737042e-06,1
0.23249172717227579,0.7667487004748448,1.4137941759424234e-05,1.7505620330493795e-07,0.0007301820338935054,8.383411944689141e-06,6.6939090785860025e-06,1
0.20331859514269818,0.7957714816673555,1.3413089673226659e-05,1.5621151114956275e-07,0.0008801804643987342,8.356670781574531e-06,7.816753581620485e-06,1
0.16714615535526633,0.7391805071127951,2.076037165296252e-05,2.9591042013724665e-07,0.09358869945789587,4.558007087214921e-05,1.8001721097352304e-05,1
0.07548444881351561,0.44878833579246347,1.6233664938638664e-05,1.9864775208488077e-07,0.47567250950170775,2.6236395921766913e-05,1.2037183700801124e-05,4
0.002204435590740347,0.04294507596318366,1.9363289318143256e-06,2.4528563992748423e-08,0.9548440170528574,3.3249141923968895e-06,1.1856215305265727e-06,4
0.015568890480069793,0.11166966901477939,0.004665118584019085,8.159767430638241e-08,0.8320862858509032,0.03600881908732972,1.1353852245607546e-06,4
0.059387076664934965,0.42122644451789537,0.012551664314591569,1.8391498888823956e-07,0.42432940019624993,0.08250198233550915,3.2480558301485433e-06,4
0.9277368805886756,0.07125022796569686,1.060777416101662e-05,2.0926753495366497e-07,1.564053979313406e-05,7.244195060784264e-06,0.0009791896690774942,0
0.9274943091216629,0.07135294231187891,1.3053777890137343e-05,2.3605012629638763e-07,1.7642255853639346e-05,8.171325568451942e-06,0.0011136451570194401,0
0.9690271045797855,0.029779729901641547,1.0469870826263804e-05,1.9891427677758183e-07,1.4150090604119891e-05,6.687612760531237e-06,0.001161659030105216,0
0.9725411883898806,0.027107239741648956,7.195499050001404e-06,1.517183305196621e-07,4.91941298772666e-06,4.495175731910869e-06,0.00033481006237034104,0
0.9973039482216404,0.0026131333650901453,1.4481154670220862e-06,3.4466830634916785e-08,1.8221297165445248e-06,1.0186547461450485e-06,7.85950465093011e-05,0
0.9936787169567813,0.0062609463672904965,2.4256092080839038e-06,5.773231739140563e-08,3.0520871570155696e-06,1.706257814640216e-06,5.3094989431023695e-05,0
0.9938943190624464,0.006028687993485568,2.0571426985121308e-06,4.6610003700179566e-08,2.588454392963388e-06,1.2805411090146312e-06,7.10201958640284e-05,0
0.99144655448959,0.008501495130293133,2.408803498266511e-06,5.457780835933862e-08,3.0265896319521046e-06,1.4994447907281782e-06,4.4960964387978766e-05,0
0.9892987960973272,0.01064931860913566,2.4035853370804277e-06,6.294733842904822e-08,3.024375036854805e-06,1.5308198174787574e-06,4.4863566007651325e-05,0
0.9792040238839762,0.02066321118812454,5.2369334886826824e-06,1.371497069635742e-07,8.096574281961229e-06,3.3353513368622134e-06,0.00011595891908454931,0
0.9449888794018001,0.05481848658677342,5.553596626542735e-06,1.3755271530519837e-07,1.0462901872530508e-05,3.8491759077738835e-06,0.00017263078430442236,0
0.9125776108943141,0.08731567758176106,4.154178391899093e-06,9.565417725693758e-08,4.908945015047683e-06,3.3289609931570396e-06,9.422378534768627e-05,0
0.9422855496138669,0.05763151724112155,4.0362540906866124e-06,7.28410127227865e-08,3.806488450704897e-06,2.56831599083454e-06,7.244924546633489e-05,0
0.9463637158029379,0.05354991092707146,4.021282583972914e-06,7.257082663278572e-08,3.7923692039689524e-06,2.558789444874903e-06,7.592825793099795e-05,0
0.960137942884123,0.03977677252087871,3.2698269210825393e-06,7.408656920146355e-08,3.5346602329390364e-06,2.3427869126008214e-06,7.606323436238451e-05,0
0.9453463535719496,0.05450887746266146,3.880095657555575e-06,1.1108227764097195e-07,4.585064587791605e-06,3.0526835978244105e-06,0.00013314003926828504,0
0.8813264985420816,0.11844845786384231,4.926739251609767e-06,1.0011407092669798e-07,7.25474643573799e-06,3.465639609520758e-06,0.0002092963547082684,0
0.8903821154980237,0.10936173248350384,4.74979512943716e-06,1.0761915968118523e-07,7.498592553043494e-06,3.341170964610658e-06,0.0002404548406656403,0
0.9491649059831331,0.04987625245639206,9.502114358474321e-06,2.1529550950857705e-07,1.788383637999385e-05,5.914926595702474e-06,0.0009253253876311406,0
0.9659937181612166,0.033325102682974006,8.201793234464403e-06,1.858332984303859e-07,1.439816125398105e-05,5.105495798597761e-06,0.0006532878722238534,0
0.9738117101521931,0.025492242861070647,7.811949613493622e-06,1.7700036106095513e-07,1.6391143294058083e-05,4.862823871608318e-06,0.0006668040695959909,0
0.822337749147603,0.17736243039971766,4.889570877449253e-06,1.21105977999173e-07,7.033799096680289e-06,3.40420254635983e-06,0.00028437177418076345,0
0.8474560008651385,0.1522273383453076,5.038922493883993e-06,1.2480515202229757e-07,7.2486460211029165e-06,3.964396088492006e-06,0.0003002840197986568,0
0.860858548004082,0.13875381608064122,5.315928758212143e-06,1.1808502127799532e-07,1.0114908945852895e-05,4.182332076220176e-06,0.00036790466047521966,0
0.8401428672691007,0.15937684499020538,6.2129898626418345e-06,1.432049059741305e-07,1.0498938796007861e-05,4.341121479973303e-06,0.00045909148564929006,0
0.2784136561591682,0.7162631650989701,6.344309029896762e-06,1.2304935021119197e-07,7.503779433922047e-06,4.270927172230986e-06,0.00530493667687539,1
0.33998054744328143,0.6559239287817143,7.2885366505612766e-06,1.743515877901406e-07,8.218952415820995e-06,4.732425636857249e-06,0.004075109508713134,1
0.29976511173281084,0.6965777642402579,6.36614112388614e-06,1.5110567659591613e-07,7.262357304530728e-06,4.133516905647987e-06,0.003639210905920536,0
0.9487630889902425,0.044133964050846713,1.3341798749252705e-05,3.1667873642451075e-07,1.5220037965961255e-05,8.662791101954774e-06,0.007065405652357214,0
0.9588055073736024,0.0399277781136124,5.232801624363822e-06,1.9017564099441158e-07,3.7315982932975127e-06,3.6398571951674084e-06,0.0012539200800312756,0
0.9675565089470609,0.028879698471554388,4.651875072691074e-06,1.1862085878690707e-07,4.71757366727468e-06,3.910015945581712e-06,0.003550394495840491,0
0.8505584816096835,0.10434948024508992,1.4167647040728282e-05,2.2523361388438555e-07,1.395395913797442e-05,7.769510729801497e-06,0.045055921794704114,0
0.7908559675940158,0.1430319609430027,2.0130615186399e-05,2.128418055689777e-07,1.4038800692753762e-05,7.594956822865458e-06,0.06607009424847397,0
0.8388100130760718,0.1130479080004899,1.59966295270941e-05,2.0649462359515106e-07,1.3931479413240866e-05,7.104070942179999e-06,0.04810484024893217,0
0.8324591347890213,0.11581785359055116,1.5989110040204537e-05,2.0639755729676244e-07,1.3924930685171454e-05,7.10073155320298e-06,0.051685790450591636,0
0.819917693709451,0.09799714276554351,2.0348785821619573e-05,2.0563255948398135e-07,1.2993607451221335e-05,9.113986167975922e-06,0.08204250151300511,0
0.7464434072055,0.062142925076870935,1.1253652395582468e-05,1.801734483369966e-07,1.0925609244174398e-05,7.078815213652076e-06,0.1913842294673273,0
0.9509236216996438,0.019634218645067727,5.029398634342051e-06,7.664243183157902e-08,3.5922382960528736e-06,3.011196252657112e-06,0.029430450179673377,0
0.9323736493448886,0.04499895782404577,1.3759650109397083e-05,1.7511183290298568e-07,7.024298013287803e-06,6.0754565824297514e-06,0.02260035831452753,0
0.9208278620203465,0.060602348832041464,1.578728620862517e-05,1.9141359188960074e-07,4.796075499542804e-06,6.641041599150373e-06,0.01854237333071299,0
0.8699534039815696,0.06474609403786624,1.0924960278171305e-05,1.8334218283860653e-07,9.088263727476848e-06,7.582236608487602e-06,0.06527272317776718,0
0.8003799792551453,0.18055560528754439,1.8225593238311993e-05,2.000402262685198e-07,9.01087944948185e-06,9.269361458240133e-06,0.01902770958293816,0
0.5923720982607282,0.4075503716950892,1.5615444385895295e-05,1.5913569022190335e-07,8.884492103775657e-06,1.0663994798245832e-05,4.220697720449641e-05,1
0.7336123284018218,0.26635434299543753,1.2344213919714944e-05,2.4521918461672085e-07,7.447540084963583e-06,9.566193708814515e-06,3.7254358425370834e-06,0
0.38578084245627337,0.6141792031439774,1.543248358443285e-05,2.0698461061490493e-07,8.16243251805123e-06,9.781422660363782e-06,6.371076375705177e-06,1
0.36547444724070655,0.6344792167008518,1.6738781994311564e-05,2.56287101979158e-07,1.155508760179662e-05,1.0953994199960985e-05,6.831907543471232e-06,1
0.38571046018908517,0.6142426497256959,1.5774690554089258e-05,2.415259203506826e-07,1.3431897720314678e-05,9.955639504613929e-06,7.4863315197198614e-06,1
0.39828592566298865,0.6002749792234312,9.568569629171456e-06,2.007934311252865e-07,0.0014017055461361787,8.884117205039888e-06,1.8736087178628044e-05,1
0.22137138590768513,0.7777334690204636,1.3206840853009152e-05,1.635272981542176e-07,0.0008666726016016634,7.831294628507116e-06,7.2708074698222765e-06,1
0.21283901055852616,0.7863553919384602,1.4931848713582789e-05,1.4794396281732076e-07,0.0007731176657944277,9.302893434669126e-06,8.097151107929628e-06,1
0.21083277422182298,0.7869647677505041,1.4544562902085148e-05,1.1535337466498088e-07,0.0021684225517247325,9.37017344885118e-06,1.000538622262017e-05,1
0.08990945503629688,0.46818430875923417,1.6935260103195397e-05,2.0723301627750887e-07,0.4418509509453509,2.5585352891178674e-05,1.2557413107486872e-05,4
0.004667539445961292,0.06870556229146704,3.5304701137701755e-06,3.9212262449882516e-08,0.9266158730981939,5.560103917679176e-06,1.8953780838936942e-06,4
0.0025373532660117382,0.07035881987635133,3.115028802081198e-06,4.022171237024453e-08,0.9270942914289705,4.437721890429061e-06,1.9424562615596983e-06,4
0.07100650781571613,0.26512497720737876,0.0037284335601466606,2.2193903374987824e-07,0.5347451732184443,0.1253915739682924,3.112290988084439e-06,4
0.04262136293323974,0.22510130801429729,0.008436541299857011,1.597434249182256e-07,0.6326183908165854,0.09122001445370118,2.2227388943939196e-06,4
0.05125773408779208,0.18151629027700236,0.006222502365321087,1.309975801826175e-07,0.6478162903318258,0.1131848334525642,2.2184879143856677e-06,4
0.04843359021668586,0.18568158259767847,0.005351118563691779,1.6309657144994994e-07,0.6626818663923008,0.09784940973705065,2.2693960210861836e-06,4
0.9446962328471066,0.05403085056104953,1.0321487438469699e-05,2.0361974157043776e-07,1.52184268400985e-05,7.048685915325254e-06,0.0012401243719084422,0
0.9274943091216629,0.07135294231187891,1.3053777890137343e-05,2.3605012629638763e-07,1.7642255853639346e-05,8.171325568451942e-06,0.0011136451570194401,0
0.9387645102960025,0.06018590363487339,1.188488263118808e-05,2.7481970246425675e-07,1.6062487192180075e-05,7.43962752695923e-06,0.0010139242520716592,0
0.9377883621409152,0.06114532045475035,1.2074338228096609e-05,2.792005728849674e-07,1.6318537520421797e-05,7.558221804886591e-06,0.001030087106208073,0
0.9972979391453006,0.002613117620123022,1.630566974759695e-06,3.4466622961201215e-08,1.8221187376282301e-06,1.0186486084232994e-06,8.443743363277736e-05,0
0.9973009048044957,0.002613125390735989,1.6305718235674103e-06,3.446672545440139e-08,1.8221241560523306e-06,1.018651637572858e-06,8.146399042586136e-05,0
0.9924222284781257,0.007510934763326607,2.9513527838699814e-06,7.024562534003065e-08,2.2720168862057156e-06,2.0760841171180618e-06,5.946705913524946e-05,0
0.9942475927367989,0.005703965429790644,2.4026641762606942e-06,5.443870579653883e-08,1.8711505394399847e-06,1.4956231529703248e-06,4.2617956836234386e-05,0
0.9917229211688939,0.008126921331089606,2.302672204411459e-06,4.6791574836858126e-08,2.8932388319227433e-06,1.6197796538031445e-06,0.000143295017751261,0
0.9900933522095737,0.009855091103087228,2.298888523437971e-06,5.399537513469545e-08,2.8926374926396696e-06,1.6545395628899213e-06,4.46566263847991e-05,0
0.9881377853876271,0.011802492107697918,2.686565136518955e-06,5.4592491887767666e-08,2.904158287408717e-06,1.8898232837541502e-06,5.218736547544076e-05,0
0.959369382296465,0.04049683824079705,5.532608101506361e-06,1.2535585609562648e-07,5.514236293691296e-06,3.4439672654553634e-06,0.00011916329522122465,0
0.9477459062716517,0.052074230958599484,6.634097839997222e-06,1.5031301673591748e-07,9.566738440560845e-06,4.2062509733883856e-06,0.00015930536947817076,0
0.933495883067953,0.06632841523508452,5.4644804369900745e-06,1.3534546571994134e-07,9.23534743836456e-06,3.787409828440848e-06,0.00015707911379285957,0
0.9503991688493625,0.04951579382660919,4.043084172484829e-06,7.296427306863777e-08,3.81292972692243e-06,2.572662052283329e-06,7.453568380374821e-05,0
0.9601367265386416,0.03977672212989283,3.2698227787202565e-06,6.644461029261346e-08,3.5346557550741267e-06,2.3001069793461292e-06,7.738030134204944e-05,0
0.9448154535685923,0.055056590596446825,3.500616908928088e-06,7.113447487465757e-08,3.529598259013341e-06,2.4624555913681287e-06,0.00011839202972658739,0
0.8712443798046681,0.12848867569212724,4.64770376641162e-06,1.0530601008207457e-07,7.337418962677696e-06,2.8931273166984526e-06,0.0002519609471486577,0
0.848162686393755,0.1514151792204326,5.564085158126447e-06,1.3781249758610955e-07,8.004108773549157e-06,3.873810879971967e-06,0.000404554568502982,0
0.8355667514550659,0.1639393338065958,6.390849430425304e-06,1.2607709084532039e-07,1.0799492435676755e-05,4.364399088381985e-06,0.00047223392029281506,0
0.8431371635526946,0.15643978959998106,6.2046763237406006e-06,1.3108916795598202e-07,9.610684367462061e-06,3.883966060618834e-06,0.0004032164314044038,0
0.8500541853447205,0.14957224524873194,6.425926728129406e-06,1.3576363120078957e-07,6.959365006807812e-06,4.022463061382002e-06,0.00035602588812009645,0
0.8028465332040424,0.19673078824452783,6.584548484055504e-06,1.3911490899823208e-07,7.131154500248215e-06,4.205869508327082e-06,0.0004046178640282996,0
0.1996760454384166,0.7995164147738414,4.706537344313905e-06,1.0288996612647134e-07,7.035878211620853e-06,3.1683951926404217e-06,0.000792526087027248,1
0.34700067658523,0.6504956767802771,6.831230727661053e-06,1.3249330986562916e-07,8.079689750458685e-06,4.598718126286104e-06,0.0024840045025788294,1
0.3624209007057248,0.6329602909203123,6.936669747576261e-06,1.34538324196793e-07,8.204398547814591e-06,4.669698649625552e-06,0.004598863068693834,1
0.4751832321026846,0.5206591960762192,1.0100430735501239e-05,2.397421594176709e-07,1.0821691350248914e-05,6.427022974634281e-06,0.004129982933876247,0
0.9490168429935222,0.042777366358452105,1.2868482957560731e-05,3.0544419079390934e-07,1.159463634805831e-05,8.188367187771047e-06,0.008172833717341363,0
0.9495568575394263,0.021689307148408544,1.05821776500339e-05,3.384835763455727e-07,1.079287135701827e-05,7.360801770255986e-06,0.028724760977811657,0
0.9570336712901688,0.04132581416737386,4.6294048745921105e-06,1.8563737603688066e-07,3.6425491296848504e-06,3.5895427214219024e-06,0.0016284674083553105,0
0.8442626601551992,0.11097986771702385,1.4062778324317657e-05,2.2356643796500526e-07,1.3055262257261476e-05,7.712000924889604e-06,0.044722418519832496,0
0.7829164618441741,0.1444925558831511,1.9928521326620084e-05,2.1854697362349533e-07,1.3897863349687246e-05,7.692699382908617e-06,0.07254924464164178,0
0.8179471071511696,0.1129903417473185,1.5598760913538326e-05,2.013586835862029e-07,1.385441526505572e-05,6.927378292545294e-06,0.06902596918835692,0
0.8314436311221515,0.11205512768499344,1.5856148033984825e-05,2.0468119952400215e-07,1.380913395128725e-05,7.04168339413925e-06,0.056464329546276115,0
0.7395237570253798,0.07844744045604017,1.42545564790247e-05,1.8400684154537227e-07,1.127240208041647e-05,8.155497421545735e-06,0.1819949360557573,0
0.7680739928664718,0.08495129493194307,1.5223585616959857e-05,1.965156832830482e-07,1.2609946216266422e-05,8.70991064706151e-06,0.14693797224342178,0
0.95481825404424,0.02242504491839599,5.556237665333223e-06,8.4670871701754e-08,3.7451666634224484e-06,3.3266247623484413e-06,0.022743988337401103,0
0.27936155660574424,0.03709128171092854,9.34752361761909e-06,8.437220651363824e-08,4.0076591112050686e-06,3.714212417424545e-06,0.6835300079159744,0
0.8689916161712944,0.058230147351383696,1.1131881543517644e-05,1.868147260331228e-07,9.260397536882839e-06,7.339743658033596e-06,0.07275031763985736,0
0.8550647864076011,0.08082379868675833,1.002065989050734e-05,1.6871270116729654e-07,8.029019330874728e-06,6.640887153355863e-06,0.0640865556265647,0
0.7945180652762706,0.1640712576471658,1.389458348324115e-05,1.9233141621131326e-07,8.819397067592796e-06,8.912154569575416e-06,0.041378858610026964,0
0.8314368371969162,0.16189303550380132,2.235237888194616e-05,2.1734819591971215e-07,9.742909358953987e-06,1.0071369283355257e-05,0.006627743293562271,0
0.6748949401502381,0.32043515575437714,1.6477820915428115e-05,2.0835295455696512e-07,9.703185126551255e-06,9.851574429710578e-06,0.004633663161958509,1
0.5654734377710278,0.43299463669007593,1.5194953355182476e-05,1.9213180202385302e-07,9.617806338574754e-06,9.805598166682409e-06,0.0014971150492338044,1
0.6215727780557777,0.3777692476126188,1.3574278033128922e-05,1.816383219762198e-07,9.188895674128419e-06,9.270055129905933e-06,0.0006257594644443284,1
0.7461799576756425,0.25378425937540444,1.2312065283160413e-05,1.719638649604134e-07,9.442652455065773e-06,9.64527362366173e-06,4.210993726004562e-06,0
0.40513246936559955,0.5948219596285986,1.7946420078176434e-05,2.26922580734417e-07,1.089092488266427e-05,1.0419577723066587e-05,6.087160537047591e-06,1
0.3449343684111899,0.6550272258401965,1.6585080452110205e-05,1.9530009458386318e-07,7.418903760757951e-06,8.967571707729046e-06,5.238892598458127e-06,1
0.39238843578040755,0.607575199350741,1.4173117302750405e-05,1.9056051696425558e-07,7.514748829417012e-06,9.005273161455916e-06,5.481169040901586e-06,1
0.5274968734619174,0.47246449110216826,1.4596160484903745e-05,2.2348147385932513e-07,8.306548641032671e-06,9.551845370091465e-06,5.957399944417634e-06,1
0.4521848930444008,0.547754339413423,1.6186249818316743e-05,1.8772634038702842e-07,1.768126601737807e-05,9.051439840819762e-06,1.7660860159335133e-05,1
0.20217478615361767,0.7972376127532134,1.1266147330513875e-05,1.5750264553312724e-07,0.00056419430370142,7.5427750342698815e-06,4.4403644573624835e-06,1
0.201803942730547,0.6888595293256646,0.0013368289519901043,3.2642077452429045e-07,0.03435969736514005,0.07363391040712407,5.7647987593849745e-06,1
0.24291957202998532,0.6072602509042931,0.0023159939675293567,3.890489963428295e-07,0.022663571512668776,0.12483480914103702,5.41339548991642e-06,1
0.9545193471084382,0.04450208064984526,1.0434033802892814e-05,1.8829973829948098e-07,1.40734182708362e-05,6.518354767442058e-06,0.0009473581351367393,0
0.9415733206372359,0.05696394681607625,1.2929367727815648e-05,2.989718201074113e-07,1.7474114804132867e-05,8.09344804143177e-06,0.0014239366442945077,0
0.965389162070328,0.03429101898746763,7.367672411115347e-06,1.4971518496540513e-07,8.206298333847613e-06,5.18267682414728e-06,0.00029891257945013395,0
0.9896177354335967,0.010300365349143773,4.04743389551278e-06,9.633362929928056e-08,3.1158044564053467e-06,2.8471056633701108e-06,7.17925396153073e-05,0
0.9932760736492587,0.006667303217982293,2.8084480509731376e-06,6.363281173556789e-08,2.1871675357252996e-06,1.74821765374091e-06,4.981566670688691e-05,0
0.9797311140862646,0.02009257946665934,5.3586655537378325e-06,1.3272461917853357e-07,7.797752346720584e-06,3.6464131633563653e-06,0.0001593708913930737,0
0.9783910084014781,0.02141447456963807,5.29249112207061e-06,1.3108559615044745e-07,6.9087498291367465e-06,3.6847224850411334e-06,0.0001784999798517209,0
0.9917399185471002,0.008127060620353338,2.3027116704654422e-06,5.217401765977112e-08,2.897448068845861e-06,1.619807415597088e-06,0.0001261486913737738,0
0.9906020832010015,0.009328241580894465,2.693265109629299e-06,5.6162019181655506e-08,3.384007148266151e-06,1.8945362776854498e-06,6.164724754935588e-05,0
0.9444947717682844,0.05533041586198637,6.695934039878849e-06,1.5171407924236016e-07,9.544824965239515e-06,4.168120572052148e-06,0.00015425177607288038,0
0.953931356636214,0.04589101633905088,6.5763736171023095e-06,1.4900512193373976e-07,8.812763262879794e-06,4.169651789204524e-06,0.00015791923094390426,0
0.9477795765718826,0.05204095739320458,5.548094050221729e-06,1.3741642627215788e-07,1.0452535092232199e-05,3.845362093838554e-06,0.00015948262725015754,0
0.933495883067953,0.06632841523508452,5.4644804369900745e-06,1.3534546571994134e-07,9.23534743836456e-06,3.787409828440848e-06,0.00015707911379285957,0
0.9345054904121953,0.06539429971448436,3.661227195632842e-06,7.222778110709467e-08,3.7744425060442825e-06,2.546693933345303e-06,9.015528190412616e-05,0
0.9464298163670924,0.05347490048374605,3.5659085196248135e-06,7.246123657451328e-08,3.786642302659739e-06,2.5549253868590014e-06,8.530321171577606e-05,0
0.9612494042856943,0.03867833879596786,3.1463767946272062e-06,6.39361195087608e-08,3.3411410879087513e-06,2.213270783992507e-06,6.349219355172435e-05,0
0.9547893492570139,0.045097176045341074,2.9582770921316374e-06,6.011382934985313e-08,3.1413978004218433e-06,2.0809549161911546e-06,0.00010523395400689793,0
0.910456493748849,0.08932433179859316,4.234478032268624e-06,9.594328915301827e-08,6.163640751308984e-06,2.635900367758266e-06,0.00020604449011730227,0
0.9216304634000955,0.07811696103494298,3.838367816452044e-06,8.696836551828797e-08,6.0597047956676325e-06,2.3893275775378034e-06,0.0002402011964060347,0
0.8460920975983931,0.15342950179600995,6.745812238715434e-06,1.2198383060612516e-07,1.0448872567356039e-05,4.222703074168171e-06,0.0004568612338859088,0
0.820599435218819,0.17911112051170072,5.908364029409317e-06,1.248288362170979e-07,6.3988376483904956e-06,3.6984822683179676e-06,0.0002733137566981852,0
0.8088906640542776,0.19071420066578826,6.157976127468623e-06,1.346199783006774e-07,6.436554747784908e-06,4.06997399504943e-06,0.0003783361550855076,1
0.3214674279330582,0.6775813664553857,6.42642663901336e-06,1.404885950817259e-07,9.6069683209122e-06,4.326207948504967e-06,0.0009307055200526482,1
0.4226715205528139,0.5747334654320826,7.734776051400275e-06,1.6138628113085447e-07,9.841637157680172e-06,5.601565974335252e-06,0.0025716746496390573,1
0.3811018690421042,0.615492290014206,7.065773010155383e-06,1.8852263503469293e-07,8.99040563584124e-06,5.014733917024756e-06,0.003384581508491735,1
0.6651139185604614,0.3292994634157631,1.1911512471984855e-05,3.153477109911656e-07,1.5156066959073011e-05,8.453861383669366e-06,0.005550781235249951,0
0.9487335638470505,0.04567576417901132,1.4077140314251973e-05,3.3413268262928574e-07,1.2683649137402421e-05,8.957450091593352e-06,0.005554619601712045,0
0.9584177310758527,0.04049214934319618,5.149510954269319e-06,1.4127769849608384e-07,3.3592821686214662e-06,3.2766944378810603e-06,0.0010781928156919313,0
0.9185710341119767,0.07250870569893163,7.463846974554106e-06,2.0938551880666144e-07,1.2098965723701569e-05,6.1316560979937555e-06,0.008894356334776693,0
0.9639502883134177,0.03248266520921047,4.634536873095347e-06,1.1248192735045383e-07,4.699990599678791e-06,3.895442760397752e-06,0.0035537040252112094,0
0.8810787522087885,0.08908875312437368,9.325220421771072e-06,2.1040665709430247e-07,1.352543031938995e-05,7.397900593175836e-06,0.029802035708846472,0
0.912257579926076,0.06222296232224422,1.0126310110026267e-05,2.2848179051902852e-07,1.4427941890465256e-05,8.033422501708332e-06,0.025486641595387105,0
0.8968903885891768,0.06677494548845994,1.4193547364043445e-05,2.2564537057230122e-07,1.3979468811681082e-05,7.783714417917386e-06,0.03629848354639885,0
0.794245946638077,0.14364506291111817,2.0216904430486725e-05,2.2170953915263053e-07,1.4098977567054872e-05,7.6275123646139665e-06,0.062066825346903665,0
0.7983043161709454,0.13862657178149493,2.0347836917627492e-05,2.452905695070664e-07,1.6505839628462452e-05,7.5725424790675945e-06,0.06302444053796492,0
0.8183828493817131,0.12484136158179594,1.560707078934173e-05,2.0146595272519498e-07,1.3861795881427723e-05,6.931068691646436e-06,0.056739187635175665,0
0.820575786412858,0.110590449045364,1.564889146472307e-05,2.0200580048542082e-07,1.3898939921688976e-05,6.949641169320917e-06,0.0687970650634216,0
0.8003679542598525,0.10863883578025942,1.5372732136043524e-05,1.9844096099649057e-07,1.2539181323726036e-05,8.974728189373655e-06,0.09095612487727782,0
0.805947605631013,0.10844047450908492,1.9601271648556864e-05,1.980786319914563e-07,1.2516286307141979e-05,8.958341429709825e-06,0.0855706458818846,0
0.8093940872886235,0.10462788975816117,1.9685092758925072e-05,1.9892567758989644e-07,1.2569809825144358e-05,8.996650073105985e-06,0.08593657247488054,0
0.8104658152374976,0.0704711012169938,1.3144486534673479e-05,1.9215445131670375e-07,1.2330096284629897e-05,8.458975753212473e-06,0.11902895783248454,0
0.7881328723460698,0.06380556646534129,1.2558057211973115e-05,1.8403252661683689e-07,1.2021244519918608e-05,8.10143439190226e-06,0.1480286964199384,0
0.8518064246094564,0.08439237521221649,1.705893991087186e-05,1.6831317409434245e-07,9.510772264278514e-06,7.40944094115038e-06,0.06376705271203682,0
0.8214376516386012,0.06336286707080245,1.3118258238326253e-05,1.721363532781569e-07,8.937205990063978e-06,6.7630466511851515e-06,0.11517049064336377,0
0.6256790076263414,0.3694600054518856,1.586689544163213e-05,2.006281389922852e-07,1.188814736075468e-05,9.34613589958911e-06,0.004823685114932016,1
0.6212912969341257,0.3775981736607057,1.3568130880066118e-05,1.8155606651007023e-07,9.184734454795122e-06,9.265857157266423e-06,0.0010783291266100732,1
0.6209537974458992,0.3786565938690122,1.533452437260161e-05,1.6584918626176373e-07,9.049393398776335e-06,9.455078485723383e-06,0.00035560383964539934,1
0.7435643117819885,0.256400030654599,1.2301533423026054e-05,1.711223677666343e-07,9.396445273431433e-06,9.59807492474082e-06,4.190387423603358e-06,0
0.7322337491235525,0.2677277452678814,1.3745181028704368e-05,1.8141195181573107e-07,9.961453312214323e-06,1.0175206949832545e-05,4.442355323277616e-06,0
0.47289419501726043,0.527067745424649,1.5465031950776543e-05,1.8597058648193356e-07,8.706475047972985e-06,8.713450412115055e-06,4.9886300932268945e-06,0
0.4458384116163054,0.5541169921335237,1.742210542805151e-05,2.202929112513152e-07,1.0722945311161346e-05,1.0321585766011832e-05,5.909320754331402e-06,1
0.36540924715279255,0.6345464229939192,1.829155443951657e-05,2.1539493416620362e-07,1.0154706464390132e-05,9.890264117550539e-06,5.777933332562437e-06,1
0.391625311499121,0.6083378612942466,1.4387516501621234e-05,1.934431588912803e-07,7.540665850742933e-06,9.141497487423674e-06,5.564083633799004e-06,1
0.21423234885932205,0.7857307513504904,1.2618463115415081e-05,1.561209480355542e-07,1.2460681849360408e-05,7.476605774989629e-06,4.187918499837278e-06,1
0.21244464871675356,0.7866850854416957,1.3257593222864066e-05,1.2344824037228512e-07,0.0008363148696911033,9.541945494840497e-06,1.1027984901548833e-05,1
0.011558748538083521,0.10804907235836975,3.97200029905666e-06,3.75004003718985e-08,0.8803710535485016,1.4519486674123108e-05,2.5965676716234497e-06,4
0.00883875116522185,0.08313597546955312,3.484746654210824e-06,5.0317133141865207e-08,0.9080113247967552,8.152435734859748e-06,2.2610689474944012e-06,4
0.05658515069170604,0.6857284474686484,0.04635755434722768,1.8465551779477464e-07,0.1135488705314132,0.09777596489944679,3.827406040239957e-06,1
0.05399930258070025,0.679632211346623,0.036027554496990945,2.3957589452297917e-07,0.07815128340775922,0.15218571920916477,3.689382867074808e-06,1
0.047480159724396405,0.6933415741733199,0.02840587679080558,2.0988641654629253e-07,0.09640082630819989,0.1343680956801412,3.257436720474673e-06,1
0.16163283204153453,0.7582854422031295,0.0011017272677107065,3.4885984930198683e-07,0.02300400826679966,0.05596930227761616,6.3390833601009975e-06,1
0.15585151585332233,0.7411950927487219,0.0018186353297343838,3.4239466676356687e-07,0.039482829597021346,0.06164553716866377,6.046907869314426e-06,1
0.13387358884740072,0.5446888408103857,0.007930860569340243,3.621896629673806e-07,0.014579558500876373,0.29892039258222536,6.396500108730192e-06,1
0.19960676842565936,0.686296565333954,0.0017783099686993005,6.104458171728488e-07,0.00492629817656252,0.10736699491917251,2.4452730135366232e-05,1
0.189922773439401,0.6430963620201317,0.0016514973238440328,5.808298162751344e-07,0.004687297028360411,0.1606182229614095,2.3266397037050447e-05,1
0.9541908955252779,0.0439262763219445,9.263278167415094e-06,1.882349440683944e-07,1.4068575585849734e-05,6.516111791488294e-06,0.0018527919522886693,0
0.954273193041394,0.044668970958226334,1.074812896496885e-05,1.9396811526061875e-07,1.449706962909772e-05,6.714576452729409e-06,0.001025682257217578,0
0.9420636486926905,0.056886505409817795,1.347675038427472e-05,3.1100517184707825e-07,1.8177432493746256e-05,8.419202177839266e-06,0.0010094615072636334,0
0.9751587660312387,0.0234683375931675,1.1128553712070665e-05,2.0123649500847876e-07,1.5040304310498182e-05,6.966185287711912e-06,0.001339560095788258,0
0.9803184561609316,0.019468097927684554,5.055181626335675e-06,1.0541450466571183e-07,3.891591029253758e-06,3.555990439686079e-06,0.00020083773378373073,0
0.9896453601609888,0.010284688031351184,3.0296853537481093e-06,5.6107777929152686e-08,3.385599326881878e-06,1.8927065354128064e-06,6.158770866579806e-05,0
0.9097663441133855,0.09002103433422035,4.535435349115859e-06,1.0276227242627e-07,4.513885231226092e-06,2.823241876230365e-06,0.00020064622766535872,0
0.9230143276431874,0.07605756860731586,7.871417361518927e-06,1.949610143096476e-07,1.6194721795869477e-05,5.480214868983014e-06,0.0008983624344561719,0
0.8202903824250576,0.17942921634869402,5.6360735940345e-06,1.0191654055127959e-07,6.103943447474589e-06,3.5280355351692357e-06,0.00026503125713116173,0
0.3075356409969632,0.691722615839394,6.004973671680793e-06,1.3127518013131928e-07,8.976931516113316e-06,3.96885050847769e-06,0.0007226611327663117,1
0.33444695307653727,0.6647241375536612,6.214925796208852e-06,1.314341718944868e-07,9.994857967075197e-06,4.500882332172946e-06,0.0008080672695341062,1
0.9683388351848493,0.02260683785645734,1.1078519770738444e-05,3.6831740183553564e-07,1.0336263523843621e-05,7.049392541370927e-06,0.009025494465455376,0
0.9122566212754474,0.062222896934920224,1.1177154676405027e-05,2.2848155041774908e-07,1.4427926728787386e-05,8.03341405974446e-06,0.025486614812617058,0
0.8934578509814322,0.06364827547103089,1.4763315607161567e-05,2.3026653787873887e-07,1.2758463448546054e-05,8.096174240333941e-06,0.04285802532770268,0
0.8748634308701362,0.0899836091406312,1.3732238148667212e-05,2.141846059489539e-07,1.2748403357820835e-05,7.530733320328036e-06,0.03511873442979985,0
0.7918113554010642,0.14762867458799717,2.3348691236901184e-05,2.2102993593467528e-07,1.4055760163955887e-05,7.780097905625776e-06,0.06051456443169614,0
0.7889924163699776,0.1490536836919211,2.326556722433995e-05,2.2024304407060345e-07,1.4005720049391357e-05,7.752399866816099e-06,0.06190865600791643,0
0.8114985296036499,0.11209954211674572,1.547578252225027e-05,1.997712006369758e-07,1.2605114900109095e-05,9.034889857308211e-06,0.07636461272112398,0
0.8050249050796329,0.11120528252353058,1.5352326469516166e-05,1.9817755173133023e-07,1.2522536894462999e-05,8.962815192452529e-06,0.08373277654072828,0
0.798854193425203,0.10424241471229433,1.5609608226626852e-05,2.0149870757247078e-07,1.3167208118605416e-05,8.930766792423173e-06,0.0968654827806575,0
0.9459751177422161,0.02902982408544708,9.768384133317888e-06,8.537487302884724e-08,4.205212850940084e-06,4.140690330249712e-06,0.024976858510149164,0
0.8839909576259403,0.07093009811750804,1.606381069671314e-05,1.7340710477723517e-07,9.247105565886338e-06,7.633684698398117e-06,0.04504582624848602,0
0.8532054761038494,0.05322001113677726,1.0920952384956505e-05,1.7500697453844395e-07,8.343694816223897e-06,6.8758301808201355e-06,0.09354819727501676,0
0.8480139162322705,0.08369221321262298,1.0776986150648232e-05,1.8144657774891842e-07,8.13855165038349e-06,7.142119347602208e-06,0.06826763145138016,0
0.8429524809116725,0.14746812516187813,1.676163268006983e-05,2.0412027715982363e-07,9.194666717748281e-06,9.45842076488551e-06,0.009543775086009497,0
0.6255037680248224,0.370877445998994,1.6006847053316366e-05,2.0239774990983793e-07,1.140216494308105e-05,9.428572113212565e-06,0.003581745994324119,1
0.6258474601469561,0.3729879489969598,1.5310195687274094e-05,1.9358897773322382e-07,1.0905918945541454e-05,9.64277991763405e-06,0.0011285383725560527,1
0.7132110829775539,0.2867481825898592,1.457868215403982e-05,1.9163504871186562e-07,1.052281049633485e-05,1.0748609779939463e-05,4.692695107742622e-06,0
0.5039452978062324,0.4960159533555697,1.5720588850130747e-05,1.8904371731048119e-07,8.85034799790588e-06,8.917791315245055e-06,5.071066317264965e-06,0
0.4983144225018071,0.50164701426616,1.5645287541904563e-05,1.881382016608367e-07,8.807955006851114e-06,8.875075272040324e-06,5.046776010366658e-06,0
0.47698015968044666,0.5229798309265367,1.6257323321021432e-05,1.95498073476981e-07,9.15251777634996e-06,9.159850496418074e-06,5.244203349382318e-06,1
0.5435356558654127,0.45641821312585434,1.797774580805997e-05,2.2731867730618988e-07,1.1390393242524316e-05,1.043776524324228e-05,6.097785761794957e-06,1
0.3088948948988889,0.6910621221130213,1.4013310155804268e-05,2.0075903623878142e-07,1.2859098750783053e-05,8.275238488627016e-06,7.63458165847373e-06,1
0.3474980305710732,0.6524614044743404,1.3403620441282786e-05,1.6990650071216423e-07,1.1119790261760776e-05,7.847168131205992e-06,8.024469251337567e-06,1
0.29542048920632946,0.7045390315160706,1.339780796540989e-05,1.6941673792086157e-07,1.3066746001319405e-05,7.824548331777177e-06,6.020758563604008e-06,1
0.44071668115903945,0.559220660144931,1.4252933356081527e-05,1.9187219857437446e-07,2.0974270449130836e-05,9.18872711171615e-06,1.8050892914121696e-05,1
0.4460280955074572,0.553199424500492,1.5038884682008426e-05,2.028895295990268e-07,0.0007306432621218129,9.716345229594406e-06,1.6878610487830773e-05,1
0.2739915319465638,0.725659899383161,1.4621259202212504e-05,1.800164763786212e-07,0.00031537005384767815,1.010265470431362e-05,8.294686044626114e-06,1
0.1979201658469036,0.6830356721964795,2.053178483894003e-05,3.089646917474476e-07,0.11893051977825497,7.536139541121413e-05,1.7440033420109544e-05,1
0.007554460388158431,0.06934255218950465,2.681050851132459e-06,4.177217118633083e-08,0.9230892320957055,9.335462830371106e-06,1.6970407787506437e-06,4
0.12745379293746073,0.755211901304751,0.015480582521345092,1.8004207385605508e-07,0.018069903737339254,0.08377775899456352,5.8804624663806675e-06,1
0.18164087967618367,0.6746029915097049,0.003070158667681973,3.738589183283386e-07,0.014798316284278818,0.12588053191667664,6.748086555883518e-06,1
0.15836301160892682,0.7312403944425803,0.0009796568519131882,2.9207737691948345e-07,0.017804216819028083,0.0916068126825123,5.615517662611284e-06,1
0.107410790309838,0.8048952474800122,0.0009238680675683562,3.74086294076391e-07,0.01638406820613388,0.07038029627192062,5.355578233095946e-06,1
0.14213325812632363,0.755510391927642,0.0012434956658380401,3.429541070300283e-07,0.03346277114755301,0.06764393213581828,5.808042717845598e-06,1
0.15895879349207742,0.6957174899357385,0.002097486399442484,3.2148250040123406e-07,0.03646513114830985,0.10675509995623786,5.677585693428658e-06,1
0.11738422381625614,0.4967391862056403,0.005728170442782168,3.0348348756639273e-07,0.17442474204223402,0.20571823441504813,5.139594551617483e-06,1
0.21479695089971712,0.6368020834123755,0.002126402858161086,3.3867169789140457e-07,0.028547044930776505,0.11772119806940376,5.9811578680568525e-06,0
0.14226908494086202,0.7614463387830518,0.0020712788588321263,2.974541367720219e-07,0.011095255380106738,0.08311242579907688,5.31878393367663e-06,0
0.9548969575151325,0.04395877995849377,1.0438161534572332e-05,1.883742301795828e-07,1.4078985752745213e-05,6.5209334460221915e-06,0.0011130360714102345,0
0.9520408023607272,0.046878491531424836,1.2564120903947626e-05,2.882730400252524e-07,1.6980481622180437e-05,7.864813025899325e-06,0.001043008419256051,0
0.9740509886001123,0.025718805704053375,7.068269013424804e-06,1.3844923636775384e-07,5.111135397964218e-06,4.670364505025361e-06,0.00021321747768168766,0
0.9607633799098968,0.038820455019856766,8.150636018817236e-06,1.914699388061752e-07,9.296250299885433e-06,5.260354179737561e-06,0.0003932663598090315,0
0.9714933828896704,0.028299782615860913,6.571937722395771e-06,1.5438408863308716e-07,7.589354047323049e-06,4.241475142205676e-06,0.00018827734346803988,0
0.9688235359400829,0.030986579752770013,6.215398026045918e-06,1.5707313774749325e-07,7.175427683053667e-06,4.315352800686597e-06,0.00017202105549985518,0
0.9901448361991145,0.009615469346920421,2.6680597770542986e-06,6.941827699471645e-08,2.435193896068859e-06,2.051632135222879e-06,0.00023247014987955544,0
0.989412206458871,0.01049228796257297,4.122848122540494e-06,9.812857552395772e-08,3.173860002392108e-06,2.9001546515468734e-06,8.521058720407577e-05,0
0.9853389660520694,0.014572785823318831,4.6235822183079445e-06,1.1004662879041142e-07,3.5593362244487657e-06,2.8781120073656722e-06,7.707704753281695e-05,0
0.9901319704091536,0.009677906101489327,2.7942208197946737e-06,6.56295422051857e-08,3.5159024996848714e-06,1.96555203274943e-06,0.00018178218446263436,0
0.9890711179789015,0.010854574071096855,3.191154629894067e-06,6.728604222073013e-08,3.519951849752486e-06,1.9935797016152786e-06,6.55359777783209e-05,0
0.9602509395504749,0.03959080292131824,5.477973234592219e-06,1.2411795881661478e-07,7.841779447605766e-06,3.409957863424233e-06,0.00014140369970204838,0
0.9277690921125106,0.07206081528813203,5.13131787890772e-06,1.270936214496486e-07,8.67227982144769e-06,3.638796507191035e-06,0.00015252311152845322,0
0.9563694600279611,0.043531031878379936,3.8785679930017956e-06,7.651542639628392e-08,3.9985040843220384e-06,2.7603039483855148e-06,8.879420220704912e-05,0
0.9521118019445706,0.04778988398688061,3.8051511089210904e-06,8.023226319798307e-08,3.5885411135826443e-06,2.377155886230362e-06,8.846298817685143e-05,0
0.3801296715129031,0.6188758556205536,7.310158983381271e-06,1.5980793418921922e-07,1.0928073985601069e-05,4.73485797710574e-06,0.0009713399676629507,1
0.34218071420780677,0.6568993242747918,6.615494235324039e-06,1.4462181599487148e-07,1.0602818278948884e-05,4.45348641660393e-06,0.0008981450966547434,1
0.4039961663788353,0.5950648135589608,6.6764475631227825e-06,1.7184864977337016e-07,1.1484248867909386e-05,4.738421117110417e-06,0.000915949096005823,1
0.5746556483244186,0.4224344698374548,9.583055224542561e-06,2.4666337681397196e-07,1.307271564998022e-05,6.801304258453395e-06,0.0028801780996168757,0
0.6930257945761635,0.3019799227780228,1.2733949624840417e-05,3.0225092977914297e-07,1.452661671707235e-05,8.102762044496466e-06,0.004958617066497444,0
0.97239083547886,0.022303573977791997,1.1602409714457846e-05,2.753928849406291e-07,1.0825053057809889e-05,7.38274987955155e-06,0.005275504937811415,0
0.9620676969208359,0.025945154848918305,1.0398262668395306e-05,2.7850617016010707e-07,1.0605294583777523e-05,7.232873307212502e-06,0.011958633293516442,0
0.9632975162619715,0.035386623272022855,4.566042604345802e-06,1.3340209823736082e-07,4.725513789286063e-06,3.576251887938663e-06,0.0013028592556260257,0
0.970037548571718,0.020655952179198408,3.3772231006142073e-06,1.0481443758314082e-07,3.4249197407514678e-06,2.3384308997870515e-06,0.009297253860904943,0
0.9731147997488175,0.020815228726829962,3.4390746384380947e-06,6.185360207725911e-08,3.190451392836229e-06,2.129074466050543e-06,0.006061151070253268,0
0.9741535751052464,0.020852302838958288,4.470541520027124e-06,1.0850169935901879e-07,4.533679134495246e-06,3.757600613848637e-06,0.00498125173282745,0
0.7921887170447715,0.154431812481498,2.2422497072370677e-05,2.122621367132052e-07,1.4033124919427996e-05,7.471477554850906e-06,0.053335331112047434,0
0.8051516220253866,0.150115890598434,2.374206494176738e-05,2.247538005360259e-07,1.4292568574084996e-05,7.91117531404689e-06,0.04468631681354881,0
0.8257408909337591,0.10667557658355431,2.1783442231191738e-05,2.231848876024492e-07,1.6736291371972828e-05,7.85595068496209e-06,0.06753693361351062,0
0.811155514164454,0.11380311293117362,2.169360028513822e-05,2.4443450599077424e-07,1.6440671864617372e-05,7.542644838530014e-06,0.0749954515528779,0
0.8213503977346408,0.09906032267013822,2.190335001782206e-05,2.021964909526668e-07,1.5162403795915272e-05,6.9562015270858185e-06,0.07954505544338952,0
0.815430635813478,0.07201239882473613,1.5124391559653593e-05,1.9635712717981448e-07,1.2581683498173731e-05,8.64398491111156e-06,0.11252041894468973,0
0.7919295379329867,0.07878290996434538,1.3501686565559994e-05,1.8832851237107184e-07,1.1609464132479388e-05,8.290551214761208e-06,0.1292539620722428,0
0.857094135481667,0.05969980823940197,1.4790109474511923e-05,1.3912104753268365e-07,7.89284122038368e-06,7.028409044082926e-06,0.08317620579814447,0
0.866903848945001,0.06796946360702318,1.0625936410433627e-05,1.7832397799063012e-07,8.916226282822413e-06,7.006151572333685e-06,0.06509996080973204,0
0.6110876428613659,0.38824469550768775,1.4286993049655927e-05,1.911752092665252e-07,2.2829163059035754e-05,9.903122301979706e-06,0.0006204511773262565,1
0.5816616584542835,0.41766728486785815,1.4666790143859021e-05,1.9625729957837308e-07,9.08235956915634e-06,1.016638113193485e-05,0.0006369448897137684,1
0.6187599856436282,0.37977540862551,1.3356224180473637e-05,1.7872052879413729e-07,9.146671771640553e-06,9.121143251832595e-06,0.0014328029711290474,1
0.6802397504277258,0.3196700026198053,1.6741437826935264e-05,2.0226127781723267e-07,1.2239986028542408e-05,1.1383260875103659e-05,4.9680006460434976e-05,1
0.500374261884752,0.49958650676584804,1.5916345950878274e-05,1.9139774172827055e-07,8.960554967962372e-06,9.028838108058375e-06,5.13421263127584e-06,0
0.44791456732992413,0.5520422488640452,1.7519876496044628e-05,2.1068056745248817e-07,9.86330762470372e-06,9.938470113941906e-06,5.6514712285090476e-06,0
0.4705572515756823,0.529403498957994,1.592369607345434e-05,1.9148612865243183e-07,8.964692926358559e-06,9.033007599411385e-06,5.136583595835667e-06,1
0.48702326105423205,0.5129390085180009,1.540181311026903e-05,1.8521036530144648e-07,8.670884222218965e-06,8.50428278283407e-06,4.968237286330763e-06,1
0.5435356267870827,0.45641818870817474,1.797774484627794e-05,2.2731866514498668e-07,1.1443891110794787e-05,1.0437764684837729e-05,6.097785435572702e-06,1
0.38425284666100956,0.615705803097938,1.3952420672585394e-05,2.2384080655085865e-07,1.0825861104673258e-05,9.409954303558426e-06,6.9381641649397965e-06,1
0.4545379627246543,0.5454200391682089,1.4690178572231936e-05,2.2492098260871646e-07,1.1473862736740485e-05,9.613371566181146e-06,5.995773278884771e-06,1
0.2818782338257384,0.7180826676451201,1.2306762717403843e-05,1.7205062467891146e-07,1.3084447417999231e-05,8.23947529303995e-06,5.2957930884848e-06,1
0.47843743060410376,0.5210588389862016,1.4296758967781421e-05,2.0690067432661928e-07,0.00046210600960556704,9.908438271636446e-06,1.721230217513051e-05,1
0.3180548570432779,0.6813380160152682,1.5419049235648577e-05,2.492657288694953e-07,0.0005721225547551098,1.0653892947400634e-05,8.682178786674566e-06,1
0.3706319620877502,0.6286085089130766,1.7270606410665263e-05,2.1263515460416232e-07,0.0007163467457097535,1.1332906110012427e-05,1.4366105788261888e-05,1
0.32685068638635834,0.6714287396661798,2.0078840898636865e-05,2.342279311198538e-07,0.0016645888327063393,1.3119286129297297e-05,2.2552759796556495e-05,1
0.2338809378769077,0.7534170884993705,1.989061419033686e-05,3.558839319294868e-07,0.01264955911110674,1.2996300940270215e-05,1.9171713552538216e-05,1
0.2230009607266354,0.7552968859363859,1.8441921481671992e-05,2.297724053587185e-07,0.021612090084441805,5.4594429289028593e-05,1.6797129360759018e-05,1
0.22909355008382093,0.6956919057188982,2.1296788719341626e-05,3.3942405242813284e-07,0.07509447782616956,8.034031812746592e-05,1.808984021213348e-05,1
0.10009858516904178,0.7763395664582795,0.01594719433009696,1.6539493832978388e-07,0.013253464931278125,0.09435420837736887,6.815338996343727e-06,1
0.38893611026082664,0.5332568992747753,0.0007467632275622308,2.3251978461968439e-07,0.04101224280647652,0.03604272630087815,5.0256096964910346e-06,1
0.21644944704894514,0.7030462320273496,0.0007500084384426026,2.6108928324533543e-07,0.03523504866834069,0.0445132892061425,5.713521496123134e-06,1
0.08218902810044756,0.8573258037663423,0.0007008541432643225,2.4821934891258874e-07,0.016070280260182142,0.04370921886721402,4.566643200891424e-06,1
0.0877122424166625,0.8268345629172964,0.001034026808005594,3.7773105136187866e-07,0.01733342795776663,0.06707995441109149,5.407758126056926e-06,0
0.13541831827695586,0.7794975750562738,0.0020731271091198517,2.632151326663582e-07,0.01012986238951786,0.07287585368535032,5.000267649530955e-06,1
0.9527579394300362,0.043500962575890804,9.265229033570431e-06,2.1136884926875432e-07,1.3661035877310881e-05,6.327352504231045e-06,0.0037116330078086615,0
0.9482794967791357,0.04839410613024727,1.036665516477694e-05,2.1065617590782607e-07,1.5744326049835284e-05,7.29226551731047e-06,0.0032927831877093347,0
0.9613108324522801,0.036839756489609334,8.92518777247866e-06,1.9055024816823376e-07,1.3555101825259828e-05,6.278287257967997e-06,0.0018204619310063944,0
0.9620008786933816,0.03606662665658631,9.325937430309684e-06,2.4233324096767635e-07,1.4163739151085966e-05,6.560188494618038e-06,0.001902202451715084,0
0.9538689176466375,0.04505436076153147,1.0718380714651883e-05,2.7635582658602204e-07,1.518351711008708e-05,7.679575301265804e-06,0.001042863762878324,0
0.949666477714318,0.04924513407845014,1.1252669504208222e-05,2.4072337391935e-07,1.712424873000432e-05,7.931401326953882e-06,0.0010518391642966697,0
0.9802676284824677,0.018748223480886096,9.45421241187119e-06,1.991843806094092e-07,1.3885545312363582e-05,6.895147431805616e-06,0.0009537139471097095,0
0.9759061920891567,0.023061615595205122,9.947014282534743e-06,2.0956688854291247e-07,1.1354784318278701e-05,7.254557756522688e-06,0.0010034263923921361,0
0.9700640319515133,0.029529682333953016,7.678577737591784e-06,1.8038062381155208e-07,9.126367870308584e-06,4.9556916053088746e-06,0.0003843446966967373,0
0.9616224708147572,0.038080781142070204,7.583257205841699e-06,1.9164114650041308e-07,9.304562777493277e-06,5.2650578586315054e-06,0.0002744035241839586,0
0.9688074200927839,0.030986064308038245,6.215294636314172e-06,1.5707052492213466e-07,7.175308323755967e-06,4.315281017163389e-06,0.00018865264467599093,0
0.9697572463001624,0.030030713691732762,5.7027352393296145e-06,1.4124661360664136e-07,7.444277222503188e-06,3.970341428626381e-06,0.00019478140760084643,0
0.989093680620286,0.010762217459352488,3.875574387696453e-06,9.224317333509835e-08,2.9835031924060994e-06,2.726213712904822e-06,0.00013442438589530121,0
0.9763716327085243,0.023442364046992483,6.08836093916912e-06,1.538627055656087e-07,7.0287684624968506e-06,4.227150911387223e-06,0.0001685051014643136,0
0.9112133490087965,0.08847560884772514,8.566294239226509e-06,2.1217187922458442e-07,1.1182330304682118e-05,5.963999989556361e-06,0.0002851173470656141,0
0.9211879944953334,0.07822340399863555,8.67445265722198e-06,1.9268936308084043e-07,1.1323518912203781e-05,6.8246666278037845e-06,0.0005615861784707551,0
0.9902612376936669,0.009626006667157872,3.0473332914383656e-06,6.425354465357405e-08,3.4004317025378076e-06,1.9037315637912754e-06,0.00010433988907285081,0
0.9876722325854915,0.012252067754324594,3.1509363562582226e-06,6.643803302914904e-08,2.9715678397647064e-06,1.9684545217812036e-06,6.75422634330527e-05,0
0.9870190367707635,0.012906696648541773,3.101111565499011e-06,5.743054434193622e-08,2.6964723060180105e-06,1.9373279538097577e-06,6.6474238324811e-05,0
0.9748587856054546,0.02500793314862021,4.382360801681822e-06,8.90519992472916e-08,4.382612728173069e-06,3.082704888950076e-06,0.00012134451550714019,0
0.9513130539610267,0.04857949773996052,3.739929103863241e-06,8.307666033440502e-08,4.419431377054634e-06,2.99700131516064e-06,9.620886055646628e-05,0
0.9459643156401867,0.05392499927215304,3.91263907605224e-06,1.0424003476614764e-07,4.03362873985993e-06,2.784551697874399e-06,9.985002811205576e-05,0
0.8923120593862652,0.10684833389765709,8.89160943284946e-06,2.0146290719910488e-07,2.2728319419250042e-05,5.534896248228771e-06,0.0008022504280700667,0
0.9079410410406228,0.09118239102498034,8.838400353674059e-06,2.1891146393164085e-07,1.8783149928435487e-05,6.014269610494782e-06,0.0008427132030402739,0
0.3219549014409341,0.6775903128395262,6.366721634906709e-06,1.3918337950587675e-07,9.517714352062633e-06,4.123784830067553e-06,0.00043463831534309544,0
0.35174478144461335,0.6475053524318457,7.0626727749141805e-06,1.543976196111969e-07,1.0558102880637042e-05,4.5745588576135334e-06,0.0007275163914082373,1
0.40521256609063033,0.5938256717289752,7.534021045649377e-06,1.64701799534109e-07,1.2074964199992843e-05,4.970398012314427e-06,0.0009370180953369633,1
0.959772093388961,0.025320919776143685,1.0299319942659728e-05,2.7526508859207595e-07,1.4183721159780916e-05,7.37932390695574e-06,0.01487484920479736,0
0.9710601460422902,0.021709342134346058,1.0029570445753786e-05,2.680556204352583e-07,1.0909187304000172e-05,7.186052028570606e-06,0.007202118957964898,0
0.9637453855991392,0.03410656812154627,4.5359450844354915e-06,1.335585009273854e-07,4.6943650993408325e-06,3.5526786711011604e-06,0.002135129731958728,0
0.9475598196637492,0.028706086390812846,4.027325900657471e-06,1.2755472773826142e-07,4.1679821514132546e-06,2.816798259817641e-06,0.023722954284398586,0
0.9545011038637667,0.027623800388195473,3.576580566551574e-06,8.680493573917957e-08,3.627092739162766e-06,2.476468466321047e-06,0.017865328801329888,0
0.9640238301890774,0.023221399161380968,3.356286108358242e-06,8.145830760335428e-08,3.4036870546205532e-06,2.32393386829658e-06,0.012745605284202875,0
0.974710699553409,0.021080852052928468,3.5913432377491124e-06,1.0079536264692843e-07,3.64206390408269e-06,2.950339381127052e-06,0.004198163851776893,0
0.9073678714935535,0.06632762797652889,1.1752389984953732e-05,2.35498691388205e-07,1.4871038199198015e-05,8.280136820633472e-06,0.02626936146622148,0
0.8298301302698806,0.11885405636728569,1.2890663606989537e-05,2.049324592307837e-07,1.1967122724843936e-05,7.069215439998602e-06,0.05128368142860257,0
0.8395342407067082,0.1020225803484188,2.4300524238538957e-05,2.528698673277398e-07,1.572675977699797e-05,7.806528460770411e-06,0.05839509226252912,0
0.8191594684296862,0.1081073333428755,2.1907658602561274e-05,2.467329336415254e-07,1.6602897705897182e-05,7.61707074487261e-06,0.0726868238674511,0
0.8427684551625396,0.09705862110911188,1.8763852744863352e-05,2.4481292310347026e-07,1.6473698340060237e-05,7.557796711676396e-06,0.060129883567628675,0
0.820870693806393,0.09976511774610354,1.813513518407004e-05,2.020783995129409e-07,1.3003587106521237e-05,9.139235667198648e-06,0.07932370841114622,0
0.9654026942229538,0.028386212728632596,9.2004951864111e-06,9.228166100752427e-08,3.7813157009187537e-06,4.062400467852001e-06,0.006193956555397487,0
0.8668252485838708,0.06443982425044037,1.0444438337962458e-05,1.7527808565412877e-07,7.795548980497298e-06,6.886481836255572e-06,0.0687096254184483,0
0.8169274517367489,0.15681362368980267,1.1258030369119366e-05,2.347555473827538e-07,8.769104299622965e-06,9.34533691012397e-06,0.026229317346322167,0
0.6679733553837482,0.3314555703822702,1.3578617644496887e-05,1.6404974197310817e-07,9.92758758080857e-06,9.232716363340549e-06,0.0005381712626507415,1
0.6801994121583306,0.31965104616412165,1.6740445058387556e-05,2.0224928370793856e-07,1.2027941485801133e-05,1.1382585846860326e-05,0.00010918845587283475,1
0.4652532755791469,0.5347054226102657,1.6756341950066922e-05,2.0149888792110122e-07,9.433454359997955e-06,9.505341189324497e-06,5.405174200128745e-06,0
0.498586833123495,0.5013738384985852,1.602948898095232e-05,1.9275831283644448e-07,9.024252021504008e-06,8.91116887919845e-06,5.1707097252658675e-06,0
0.5660558532649047,0.4338995036524179,1.7575054930743887e-05,2.2222687332964673e-07,1.0680636434496581e-05,1.0203965472798528e-05,5.9611989658574025e-06,1
0.48342171837219994,0.5165234945725048,1.830283323464069e-05,2.6058911685754463e-07,1.6237146398864583e-05,1.1965440143042818e-05,8.021046401685601e-06,1
0.4826547744316948,0.5173051479857994,1.4094062932203132e-05,2.0115899884058277e-07,1.077769344634049e-05,9.236594332437971e-06,5.768072796074697e-06,1
0.424418649652739,0.5755361594398659,1.6196493896214198e-05,2.5217633575983384e-07,1.0899641726477547e-05,8.088695427437503e-06,9.753900009022766e-06,1
0.36855836841295314,0.6314016171276344,1.3421046297071095e-05,2.0067552985158337e-07,1.1731861616861544e-05,7.346572312408589e-06,7.314303656100308e-06,1
0.31400449145278214,0.6853485655668522,1.5222690698499335e-05,2.460913791975912e-07,0.0006129135137036122,9.989071624104431e-06,8.571612959964701e-06,1
0.31772492652656503,0.6814671439040493,1.4932022902490456e-05,2.4139241761288265e-07,0.0007745498741913083,9.798336524071195e-06,8.407943350126299e-06,1
0.23385462644492336,0.7573024372156756,1.9888376510998208e-05,3.201416447231787e-07,0.008788746012239394,1.2879971702186188e-05,2.110183730371956e-05,1
0.021528374955905406,0.10564813955065365,2.9417495261772484e-06,8.183564988161532e-08,0.8728090595920078,8.474346509028218e-06,2.927969747960922e-06,4
0.01815013550052227,0.10541844311551307,4.330590823914489e-06,6.111892870056677e-08,0.8764134155816018,1.0872932657540957e-05,2.7411599526961545e-06,4
0.1916361880941532,0.7137114156178058,0.009569392503772695,1.688468083140337e-07,0.012471766160512439,0.0726048622115574,6.206565390188213e-06,1
0.3925626649630685,0.51278995506518,0.001827188810023133,2.393495270134825e-07,0.010270631003800273,0.08254257553836573,6.745270035293464e-06,1
0.3467615855746916,0.5887355259819984,0.0006675016252629148,2.5870104613069347e-07,0.03175977176715201,0.032070610266360426,4.746083488363007e-06,1
0.06948607898872534,0.8714234883851761,0.0007361585402676284,2.3462876682184055e-07,0.009461445467595428,0.04888536748964673,7.226499821811958e-06,0
0.07184139712045758,0.8724290808756173,0.0007611115608288148,2.4258180427573297e-07,0.009419775169679208,0.04554359208954609,4.800602066529597e-06,0
0.12262308748595349,0.796221678315267,0.0019285598515090569,3.1665389298128026e-07,0.009117034392817233,0.07010373099114868,5.592309411290448e-06,1
0.956567475826222,0.04107361386744722,1.0063671823706575e-05,2.1485656239122387e-07,1.555896530784786e-05,7.079136505561919e-06,0.002325993676131207,0
0.9474944290478982,0.05077672698875485,1.2284339011306555e-05,3.192069116913135e-07,1.771470078837379e-05,8.801563312137842e-06,0.0016897241533233983,0
0.9757538051253902,0.02337196694319249,8.696102270136466e-06,1.770641844329742e-07,1.347160766137613e-05,6.129414629914536e-06,0.0008457537426716083,0
0.982334671026287,0.017132439149539887,8.064401303926717e-06,1.6387310204388785e-07,1.1495528246993085e-05,5.672780140907077e-06,0.0005074932413792596,0
0.9787704500115522,0.020686631487296256,7.977154548746225e-06,2.072852975846656e-07,8.778951853930763e-06,5.6114077412094714e-06,0.0005203437017104926,0
0.9705028647694594,0.029146274630468448,7.857772364159391e-06,1.7803859656091762e-07,8.651495990401305e-06,5.527430163658546e-06,0.0003286458629575152,0
0.971908999752706,0.027807248938348784,7.795245098982364e-06,1.7662187614411268e-07,8.571484054794257e-06,4.852425556725608e-06,0.00026235553235851635,0
0.9857226437140588,0.014093821168769755,2.3080422491316184e-06,5.7166103294183536e-08,2.106598377327125e-06,1.6068983349513727e-06,0.00017745641210686186,0
0.980123652721432,0.019619601618374283,3.031110322850242e-06,6.733136263663944e-08,2.766557713585289e-06,2.384740373022274e-06,0.00024849592042164325,0
0.9844317749052807,0.01529097308889197,3.0524263793747827e-06,7.035621211611825e-08,2.474258793925089e-06,2.132782124950474e-06,0.00026952218231711357,0
0.9537423245164269,0.04612995696680116,5.439641622013297e-06,1.2324945484485353e-07,7.786907319020539e-06,3.3860969977110114e-06,0.00011098262137829612,0
0.9454849877961365,0.054361057412956146,6.5545238579178535e-06,1.485100579028526e-07,1.0133638208926002e-05,4.155798274671799e-06,0.0001329623205076907,0
0.9530965975453655,0.046784495585533104,3.383477382911931e-06,7.712710012259179e-08,3.9276020592048365e-06,2.7113578586098614e-06,0.00010880730470064838,0
0.9546570626268,0.045237306763112536,3.734811499593607e-06,7.560914827084509e-08,3.850302240992849e-06,2.6579951537281408e-06,9.531189204497727e-05,0
0.9563132465013668,0.043576930511656516,3.882657511725962e-06,8.949243700520761e-08,4.002720062319845e-06,2.7632143820047476e-06,9.908490258357415e-05,0
0.9549297647048401,0.044967947980405536,3.629117731493289e-06,8.844663187808248e-08,3.4225285179773175e-06,2.3196487903419815e-06,9.282757308250705e-05,0
0.9306727070853944,0.06921163986497621,4.531166478131237e-06,9.554042167076555e-08,3.0934168721449766e-06,2.830712567426383e-06,0.00010510221329023253,0
0.9572544743034207,0.04263625569257701,2.692419295625051e-06,5.4711451643913144e-08,3.387808030284273e-06,1.8939413027201212e-06,0.00010124112392211514,0
0.9614492113331218,0.038444110347318323,2.7042176117698347e-06,5.495119996405177e-08,3.4026535746777775e-06,1.902240648325564e-06,9.861425652532037e-05,0
0.9433260310182205,0.05654442957389518,3.379187149342451e-06,6.866695488975162e-08,4.61110066177668e-06,2.377037678403268e-06,0.00011910341544015087,0
0.9245753327895939,0.07467612482615806,8.380759211210912e-06,1.8988824553949718e-07,1.836018225991012e-05,5.895317287339368e-06,0.0007157162372436629,0
0.8178040955937717,0.18196334483124663,4.976547382509794e-06,1.0132911000853733e-07,4.771707845237805e-06,3.507700505957797e-06,0.00021920229013796725,0
0.42601226178287405,0.5732181976432438,8.126830301830225e-06,1.520593216071779e-07,1.2148929046375754e-05,5.2638235872412015e-06,0.0007438489316251777,1
0.4193164765360117,0.5797125823874429,7.680388425370289e-06,1.3888367590379585e-07,1.1896476967430727e-05,4.896927601035628e-06,0.0009463283998756349,1
0.4269842013887013,0.5721315298293035,7.229140022178647e-06,1.6716278751917155e-07,1.1197519318696905e-05,4.609216792919062e-06,0.000861065743073916,1
0.9680238303558438,0.020280780576140207,9.374321936958756e-06,2.505431011788932e-07,1.314196551977371e-05,6.716575304586093e-06,0.011665905662153508,0
0.9680147340516215,0.022961205368116216,9.120639010578183e-06,2.750662906012643e-07,1.3500059420613864e-05,7.143538794347395e-06,0.008994021276745971,0
0.9642587848913796,0.033867530803619615,4.538361439450818e-06,1.1765557817807827e-07,4.696865846691255e-06,3.5545712277271686e-06,0.0018607768509087237,0
0.9601872950303197,0.031992826763950426,4.0089246822653045e-06,1.0432282660141845e-07,4.148938261816367e-06,2.740510322790305e-06,0.007808875509636291,0
0.9730453654119577,0.021100805651748825,3.438829251288508e-06,7.634962410581654e-08,3.1902237456184476e-06,2.5843156515605885e-06,0.005844539218020562,0
0.967419854328748,0.02674137974109059,4.439639433246451e-06,1.0017239803496428e-07,4.502340616460623e-06,3.522062719292047e-06,0.005826201714994515,0
0.8758010577008138,0.09440857327774048,1.0706044123158823e-05,2.145316300919375e-07,1.3547030971710987e-05,7.542934693367645e-06,0.02975835848002722,0
0.8806003015720553,0.08363369212744065,1.931013243923881e-05,2.151713024522679e-07,1.4916914708286538e-05,9.587571130047976e-06,0.035721976510924104,0
0.7931379689361401,0.1043706505459161,1.5229407911884572e-05,1.9659084115282962e-07,1.212344291450479e-05,8.75966567840446e-06,0.10245507141059788,0
0.7842020521492794,0.07847482763477481,1.3340373545395302e-05,1.813668282643911e-07,8.656431373629976e-06,7.984085678020256e-06,0.13729295795852026,0
0.9397909728633091,0.025257363585104557,8.012846720958381e-06,8.645041307092645e-08,3.444515604250894e-06,3.3965409716106384e-06,0.03493672319787643,0
0.9547357036574502,0.031484532073306114,9.098836473483639e-06,7.952308161022941e-08,2.9535615477879074e-06,3.8568778303643975e-06,0.013763775470310578,0
0.9550591778941053,0.03149519935529824,9.101919252488797e-06,1.245997350468356e-07,2.954562244696408e-06,3.858184580082953e-06,0.01342958348478415,0
0.8291109799585018,0.16313799362262163,1.4760525556313912e-05,2.241733309679218e-07,9.017349301136977e-06,9.782670912995032e-06,0.007717241699775228,0
0.8406564585274642,0.15082483032971855,1.624948764499736e-05,2.3748854339641475e-07,9.210266130440437e-06,9.520769205596298e-06,0.0084834931312931,0
0.823316874810109,0.16979346702740836,1.6317072973490555e-05,2.0632038551682687e-07,9.248573729765096e-06,9.560368258091115e-06,0.006854325827135678,1
0.7348053749536811,0.2584930036684346,1.78139111225745e-05,2.252470780968643e-07,1.0096986800284479e-05,1.0437383636477371e-05,0.0066630478492467555,1
0.5915628884991067,0.40748875468792656,1.4309361224882937e-05,1.9147451931483777e-07,8.861022935120239e-06,9.77205322483196e-06,0.0009152229010626834,1
0.6016423293661165,0.3975011716743216,1.3958637600093265e-05,1.867814630411459e-07,8.978492689349338e-06,1.0512057193429563e-05,0.000822862990615737,1
0.6821996541152162,0.31767215106370256,1.4350770930697466e-05,1.7337849329973743e-07,1.0310970373161085e-05,9.757738310872925e-06,9.3601962973053e-05,1
0.4581301685821694,0.5418274466702733,1.7195694654465173e-05,2.0678220581979222e-07,9.680800331883305e-06,9.754572039960194e-06,5.546898325218035e-06,0
0.506319113760965,0.4936422384361682,1.577629176521665e-05,1.897135577492369e-07,8.881707521884779e-06,8.711055346233539e-06,5.089034675776119e-06,0
0.47993276004295393,0.5200248556547821,1.72750248558303e-05,2.0773616984137072e-07,9.725461501736335e-06,9.603591484767906e-06,5.572488251646344e-06,1
0.5455957356940133,0.45435465957117205,1.798718156936206e-05,2.2743798730208523e-07,1.4774727417740109e-05,1.0514401607745772e-05,6.100986232617822e-06,1
0.31748203887910825,0.6824777177981732,1.2318807526891206e-05,1.7264197835433463e-07,1.3826462372891327e-05,7.851862334469261e-06,6.07354850597858e-06,1
0.32174542479882834,0.6782176920823889,1.2098080101859016e-05,1.8187562330885637e-07,9.932960592457824e-06,8.271814131357664e-06,6.398388333770464e-06,1
0.32371118493154116,0.6756211850597724,1.5289674247166067e-05,2.212718934812186e-07,0.0006371880739491629,9.944339591863102e-06,4.986649004700566e-06,1
0.29106204109198314,0.653605662328692,1.5614033151566148e-05,3.6409362623616215e-07,0.055263778323699685,3.526646562237534e-05,1.7273663224834073e-05,1
0.020515866501047943,0.11051428588548856,4.326187363044367e-06,6.105743601528425e-08,0.868951646344641,1.1075621993532044e-05,2.738402029907516e-06,4
0.34781593549761514,0.5707271192070766,0.0014898431411074571,2.964375379303226e-07,0.013666878986067336,0.06627590582830047,2.40209022950075e-05,1
0.17831609607864216,0.7590622991005259,0.0005957377305695616,1.8185275523211352e-07,0.027813894212396748,0.03420525473311196,6.536291998462675e-06,1
0.1432993127779272,0.7969310497924849,0.0007781423820743772,1.8731590831031896e-07,0.02307272954740329,0.035911715804065006,6.862380136989562e-06,1
0.08566676338014545,0.8589284366847247,0.0008289105785858124,1.9455635006487643e-07,0.01567125602271956,0.03889796181419357,6.476963280804694e-06,0
0.09679165623094967,0.8312098349229767,0.0009956735455281473,3.6802372212047417e-07,0.00940458357257096,0.06159219039150281,5.6933127494352925e-06,1
0.0334021725403748,0.8950382404574567,0.002288110461865141,2.8126517364660234e-07,0.008343104532465881,0.06091899008302636,9.100659637358571e-06,1
0.9449932316271126,0.053952146051871507,1.0448969931176654e-05,3.027423291659858e-07,1.5067996390130715e-05,6.62501383065767e-06,0.0010221775985346786,0
0.9375682440313654,0.061565222776839616,9.881318881674076e-06,2.49716873372227e-07,1.7039522340457787e-05,7.752771617585004e-06,0.0008316098620818125,0
0.9833081038259353,0.016107732255385844,8.088543115174807e-06,1.8326731772182756e-07,1.1529941573249659e-05,5.034999263060374e-06,0.0005593271674096024,0
0.9634763353866692,0.036315509090162484,7.2972647257194285e-06,1.9149104473522984e-07,1.2227894320184607e-05,4.5515545207490905e-06,0.00018388731855673333,0
0.990712459873441,0.009141369210029423,3.4792715923100117e-06,7.16886765609369e-08,2.678420503515258e-06,2.4474405538409865e-06,0.0001374940952034352,0
0.9789268860986042,0.020933613206711943,3.4466361827134744e-06,7.944246190394494e-08,2.7938003491785924e-06,2.4082232060923607e-06,0.00013077259248381012,0
0.9756883856641789,0.02421088938695094,4.086119757507728e-06,8.30322171169193e-08,4.089822602307995e-06,2.87431864315473e-06,8.959165564982397e-05,0
0.9272426983450375,0.07262037482566365,6.428060166824269e-06,1.456446888090733e-07,9.235231299314675e-06,4.075615854003595e-06,0.00011704227729000531,0
0.9522796510113689,0.04762283970070354,3.619046232048068e-06,8.820117546972143e-08,3.413030343318796e-06,2.3070307552953523e-06,8.808197942153073e-05,0
0.9389035789582114,0.06095805922447898,3.8955530897159715e-06,7.214307828983238e-08,2.6633085948255014e-06,2.433631856467026e-06,0.00012929718069051456,0
0.9514401262285749,0.04845420215800785,3.0168158219891153e-06,6.130336877006823e-08,2.322411786077351e-06,2.122133093180903e-06,9.814894934739826e-05,0
0.943340102000689,0.05641454336601645,3.265136107741293e-06,6.634937454198076e-08,6.000112013193923e-06,2.2968102121027273e-06,0.00023372622558705592,0
0.8594732322340136,0.13978781452358696,9.685230951160038e-06,2.31021210184955e-07,1.6924728251665067e-05,6.0410110331998955e-06,0.0007060712509530297,0
0.8353696451113471,0.16442179117322187,5.083438250316671e-06,1.0350554995181557e-07,4.874198980817252e-06,3.5830421278232274e-06,0.0001949195305220735,0
0.46128000674512154,0.537940560632518,8.221935603350607e-06,1.5383881583719505e-07,1.317750208866691e-05,5.325424175763633e-06,0.0007525539216766987,1
0.971903224595686,0.020775280151076773,9.695479805624263e-06,2.787327039261625e-07,1.0368788899326293e-05,6.946680588366441e-06,0.007294205571239925,0
0.963545287450852,0.029772531990103077,3.989618018573079e-06,1.1328480924760976e-07,4.128957303816568e-06,2.727312242172514e-06,0.0066712213866712364,0
0.9491091953924151,0.026261948525162317,3.3319087826458754e-06,8.25254571085928e-08,3.4482772635653677e-06,2.3304085868232912e-06,0.02461966296233249,0
0.9377089367557214,0.025380394248838638,3.264616868908727e-06,8.085875603628439e-08,3.3786351480998454e-06,2.2833431766255086e-06,0.036901661541490514,0
0.9732870858433834,0.020000974008301347,3.3290111323631475e-06,7.391141869133777e-08,3.0883447789429244e-06,2.060935962219002e-06,0.006703387945022792,0
0.9725708317868776,0.020806609314870644,3.3265612717183393e-06,7.38570263602057e-08,3.0816415853729967e-06,2.059419293843752e-06,0.0066140174190742924,0
0.8825330500697417,0.08463584044234172,1.3841679415735738e-05,2.1589158440416668e-07,1.3632908020144291e-05,7.590750703336488e-06,0.03279582825819299,0
0.8450392126046463,0.11411368948781535,2.4213714262639004e-05,2.2921865974882532e-07,1.5154158607501731e-05,8.068335210345648e-06,0.04079943248079813,0
0.8565857986390906,0.08037426361215294,2.7130310875088685e-05,2.3911137786076816e-07,1.7930594375009974e-05,8.226190889771882e-06,0.06298641154123909,0
0.8340299543778723,0.09832741083598699,2.641590833907983e-05,2.3281503368989637e-07,1.7458441211980235e-05,8.009576651166082e-06,0.06759051804490512,0
0.8492258921880965,0.08039587020250866,2.748422026483003e-05,2.4223053717333683e-07,1.8164495333321002e-05,8.333499877534647e-06,0.07032401316338192,0
0.5399138073901668,0.07958947838897323,1.866728943713695e-05,1.628371438628194e-07,1.1436609499468493e-05,7.3645032656770096e-06,0.38045908298151376,0
0.6986659481615992,0.09804533319398545,2.343222806297305e-05,2.0440231052109037e-07,1.3957632344960686e-05,9.24433730311949e-06,0.2032418800443939,0
0.7699765335357616,0.07952878362957215,1.3906138030902104e-05,1.9397001074420642e-07,9.257966865372802e-06,8.538899861504137e-06,0.15046278585989775,0
0.9561794553970946,0.02723151222207013,9.112595737892636e-06,1.247458896341976e-07,3.529859809354537e-06,3.862710202670003e-06,0.016572402469195543,0
0.9525510231698983,0.03284385197641237,6.201184763019087e-06,9.669479413199341e-08,3.4317289825811065e-06,3.7990313561754597e-06,0.014591596213793492,0
0.8292209914989807,0.16471966334762148,1.7092849600839786e-05,2.2891639904795602e-07,9.203905093721313e-06,9.985060092433318e-06,0.006022834422211923,0
0.6747454277116272,0.3208022211658019,1.7005727435035667e-05,2.1502804124801747e-07,1.0014049937836428e-05,1.0167193248274983e-05,0.0044149491239085775,1
0.6179743846956541,0.3797433782273397,1.3995156315607216e-05,1.872701224151835e-07,1.1137117685427081e-05,1.0539558933721946e-05,0.0022463779739492072,1
0.4561748542273372,0.5437819251417444,1.7753800866076405e-05,2.0906253655987717e-07,9.78755722858e-06,9.862142468425783e-06,5.608067818564786e-06,0
0.27103742447859697,0.7289221136354312,1.4869855379163494e-05,1.8397612274275964e-07,1.2403411250906291e-05,8.069514284412433e-06,4.935128934697938e-06,1
0.29366096946676723,0.7062977969710998,1.4717432252768604e-05,1.914666807027257e-07,1.2480580027781512e-05,8.70802126369307e-06,5.136061907815045e-06,1
0.5145582549409639,0.484973054731964,1.5841993939082653e-05,2.466097203175789e-07,0.00042360743821391063,9.921627728004534e-06,1.9072657470869488e-05,1
0.2280229358321578,0.5325358808871538,1.5534849588711564e-05,2.3377022758470625e-07,0.2393541332373399,5.8085868536377235e-05,1.3195554995767801e-05,1
0.19144464052450832,0.7600631500884978,0.009575997999387909,1.63659770795669e-07,0.01060677364308184,0.028303258187388453,6.015897364771862e-06,1
0.18117237169587413,0.7671141522474699,0.008571099189162077,1.7620603377026068e-07,0.015027739927713352,0.02810913623211144,5.3245016352465e-06,1
0.1487740885556394,0.7999875996734296,0.0008095726543460304,1.8120562883023238e-07,0.01720752416431015,0.033213724312395956,7.309434249827349e-06,0
0.06631242322043789,0.8827319654140231,0.0010377139973365254,2.2347737662935607e-07,0.013144295802779492,0.036744551510681726,2.88265773645994e-05,0
0.034860875064914566,0.917494145257898,0.0010413792739989696,1.9402679624030716e-07,0.009335919913427724,0.037233758741176404,3.3727721788231896e-05,1
0.015718813978325717,0.9468143796995967,0.001083625267779385,2.0033213697139622e-07,0.00564782680148758,0.030706492443564905,2.8661477108612714e-05,1
0.040654601725578006,0.9241702927413222,0.0015241346940624524,2.0242008747308114e-07,0.0044610362767066826,0.029165886725802764,2.3845416440307703e-05,1
0.036190197370505835,0.9126585803716023,0.001402964514309248,2.332154398424403e-07,0.005681213842809726,0.04405253134478767,1.4279340545600615e-05,1
0.05607993400481354,0.8836190316992241,0.001986564674258503,2.776766948653499e-07,0.008945626875664978,0.04935736420567909,1.1200863664832345e-05,1
0.025419094098425733,0.8858767758282154,0.0020705470310230342,2.783861894609839e-07,0.007665152244052312,0.0789588846748733,9.267737220710984e-06,1
0.9453780031470346,0.05185681624241836,1.3566365436796299e-05,3.22949668889918e-07,1.9338389944928225e-05,8.601552042212701e-06,0.002723351353453895,0
0.9475194837016732,0.05135318366204571,9.393223921310942e-06,2.3738192609745863e-07,1.5108277691484053e-05,6.642724491828093e-06,0.0010959510282504666,0
0.9310107429684689,0.06806876732814614,9.998344834045607e-06,2.52674308030451e-07,1.6081568104137572e-05,6.941853957063109e-06,0.0008872152621818445,0
0.9605696537882766,0.03920278568605991,6.848662862379322e-06,1.7307676204495764e-07,7.906506532435401e-06,4.7550287753540175e-06,0.00020787725073131868,0
0.9865066473662586,0.013404806954780246,3.2207932837289744e-06,6.791097831584107e-08,2.800537713510635e-06,2.0120955761250744e-06,8.044434140944374e-05,0
0.9666143588417834,0.03327832379600827,4.066546777039523e-06,9.213836281841588e-08,4.070231884790157e-06,2.5313656284011835e-06,9.655707955538302e-05,0
0.936821455954034,0.06303704988367602,5.363480866545619e-06,1.328438859161625e-07,9.06465122397864e-06,3.803431380424741e-06,0.00012312975493309226,0
0.8984074886519282,0.10138645679272221,6.954683431152282e-06,1.466406919290711e-07,4.754772359636581e-06,4.3447332791784955e-06,0.00018985372558795235,0
0.936412539186422,0.06345061327343025,4.051135812861532e-06,7.310957849935172e-08,3.22023557840546e-06,2.5308275723622837e-06,0.00012697223160542518,0
0.9355780455586747,0.06429020347420593,3.6454211812233147e-06,7.407697790692524e-08,3.5388655646237107e-06,2.5643159489119538e-06,0.0001219282874468359,0
0.9199175956081835,0.07937433746921958,8.615796548478914e-06,1.9521363748613534e-07,1.4015041837675828e-05,5.363206779584796e-06,0.0006798776637937891,0
0.8313596318897005,0.168415599774891,5.385521307563229e-06,1.0965636194790561e-07,5.2385928017600526e-06,3.795964222460381e-06,0.00021023860071481553,0
0.8415962763572199,0.15816240652545369,5.798968092665861e-06,1.0486214505738741e-07,4.938082651635272e-06,3.6300032561484763e-06,0.0002268452011808096,0
0.41075254378289544,0.5887842909474411,7.1305868387544004e-06,1.502294914672636e-07,1.2002732967754751e-05,5.2004805251433154e-06,0.0004386812398404923,0
0.5302227984466356,0.46910789776628764,8.4596666508311e-06,1.7823097140191756e-07,1.4239938745894741e-05,6.1698051873857575e-06,0.0006402561455213891,0
0.5203064482877735,0.47879315236765063,9.25633179446688e-06,1.7319317384055664e-07,1.4835354767954373e-05,5.995412211335639e-06,0.0008701390526282587,0
0.9655654259663962,0.02536993312790825,3.54531522896125e-06,1.014979333876381e-07,3.6691370303634314e-06,2.423585812299127e-06,0.009054901369690402,0
0.8964715383162015,0.014608914024262062,8.346965795463973e-06,1.9913701580742335e-07,1.1074917572647611e-05,5.920555808840296e-06,0.08889400608334388,0
0.8995159858332954,0.07588670886702777,1.0951976904525817e-05,2.1945972116579892e-07,1.3858225187596089e-05,7.716206434775541e-06,0.024564559431428736,0
0.8014814205298513,0.11520810918338797,2.5750860881350848e-05,2.23445047341185e-07,1.5486403824260293e-05,7.68721935880863e-06,0.08326132235764927,0
0.5833828336528079,0.087780690955467,2.5669827391154753e-05,1.7782530521652511e-07,1.4130149310462964e-05,6.117755327372456e-06,0.32879037983439074,0
0.1347032921840012,0.027913476106518124,5.603056868587063e-06,4.169065598562881e-08,3.102710739597875e-06,1.8855094413411932e-06,0.8373725987417752,6
0.701416181644654,0.08252884125516001,1.8308209627629367e-05,1.8501172690602612e-07,1.200993070704302e-05,8.200035656640329e-06,0.21601627391246775,0
0.7789654524925843,0.08747011766259602,2.0888092897924895e-05,2.1108247160260327e-07,1.4246523054845027e-05,9.355535579170573e-06,0.13351972861081615,0
0.7853890038421302,0.08698126452570654,1.6397933630658413e-05,2.0263469358652668e-07,1.3676359822651928e-05,8.920334387585771e-06,0.12759053436962875,0
0.9361894469198082,0.02381723171644199,7.489794001699755e-06,8.080720969858364e-08,3.0742838994203067e-06,3.174825761880308e-06,0.039979501652877045,0
0.9542887017640627,0.0291550954617332,9.094576449357916e-06,9.812116943353609e-08,3.5228798484058274e-06,3.855072061829574e-06,0.016539632124675137,0
0.9484164849633736,0.04073505938990116,5.732870738138459e-06,8.939239467842317e-08,3.3617793493907703e-06,3.5121281702442514e-06,0.010835759476072782,0
0.7957407038993345,0.19466941390560502,2.005857670196317e-05,2.0492220308296937e-07,8.785818867501799e-06,9.037844890287942e-06,0.009551795032397345,0
0.7929848243734955,0.19933813951877047,2.094217268848065e-05,1.9365976474607392e-07,9.048135091676004e-06,9.307685798921037e-06,0.0076375444543900104,0
0.6427907604044946,0.34867768136966587,1.7358555929788175e-05,2.680098402106609e-07,9.440948588632237e-06,9.909956990581694e-06,0.008494580754490296,1
0.6386974775098464,0.35272059175428705,1.6223530788011248e-05,1.8607935564740954e-07,8.341183499130177e-06,1.0813287408538683e-05,0.008546366654815294,1
0.5916042750803299,0.40289748880373505,1.5680084272668476e-05,2.0981625606770616e-07,1.0071284439672378e-05,1.1808454907589628e-05,0.005460466476059111,1
0.5962448223347439,0.40200449108913666,1.5592867567339027e-05,2.0864920350213527e-07,1.0015265337224374e-05,1.1742773211358791e-05,0.0017131270207999664,1
0.4379165865084862,0.562039997306459,1.614550164008864e-05,1.9231612933324617e-07,1.2291560302434391e-05,8.830557322685884e-06,5.956249660178456e-06,0
0.45175534055399613,0.5481952548174429,1.566557894128323e-05,2.4427266539763446e-07,1.419507285734852e-05,1.0010360783478062e-05,9.289343313509174e-06,1
0.36273453720004645,0.6372220732330831,1.5192056597595637e-05,2.1764612408546773e-07,1.0879225568587902e-05,8.82386490091851e-06,8.276773679090935e-06,1
0.421060679887841,0.5788962502440179,1.4806898070496828e-05,2.050581919833304e-07,1.0250007137261998e-05,8.80448684655687e-06,9.003417894544795e-06,1
0.3920970394338315,0.607863941722443,1.3788371068480693e-05,1.7752109270581922e-07,8.882469373356435e-06,7.786385385331144e-06,8.384096805659808e-06,1
0.29393557059575376,0.706023431243828,1.4700562330984101e-05,1.922993628078096e-07,1.2511981724519104e-05,8.66858332007956e-06,4.924733679853566e-06,1
0.2548482416988429,0.740118094081174,1.4830653610822072e-05,3.316727997993513e-07,0.004993161844415861,9.604524468182766e-06,1.573552468851974e-05,1
0.02413003284930731,0.15690862263778113,6.808398080440735e-06,6.259123327683768e-08,0.8189319459399459,1.8815827645719115e-05,3.711756006250291e-06,4
0.0038066766183672347,0.033561505421644704,1.4562621559486415e-06,1.3387766584487351e-08,0.9626253469731615,4.207421839206973e-06,7.939150649175117e-07,4
0.17854921371126273,0.7837671960693597,0.008260523080839802,1.8003123604747134e-07,0.016596457567362995,0.0128229341405997,3.495399339107375e-06,1
0.2576173631714779,0.6956400726944032,0.0007475132101472377,1.6060592758536997e-07,0.01614073589830392,0.02983316048364746,2.099393609264191e-05,0
0.0447263891873189,0.9246610076883657,0.0009820903830166667,2.0390645017758407e-07,0.007810592855690321,0.021789314578898,3.040140026000866e-05,1
0.020437057914016035,0.9426932629328462,0.0010767329411688644,1.9961121020315383e-07,0.004126616888508208,0.03163763231859225,2.8497393658532948e-05,1
0.1594743186793907,0.6120592786495914,0.0050348076143021826,5.058820893135041e-07,0.01123176272741841,0.2121848413970062,1.4485050202035687e-05,0
0.013319554665141585,0.9640647583270772,0.0020877121588928475,2.3983643294814045e-07,0.0030152916235724886,0.01747668501346813,3.575837541499559e-05,1
0.9386080541384938,0.060217239594846775,9.304880562904298e-06,2.351493468730979e-07,1.3907679806704506e-05,6.5802496061558e-06,0.001144678307337015,0
0.9782535529590846,0.02095417428649107,9.268859601480325e-06,2.0149223699128488e-07,1.2068479314611871e-05,5.46780272119898e-06,0.0007652661205497337,0
0.9879038057927194,0.011840303722745572,2.536251486755918e-06,5.691236795807467e-08,2.097248108260035e-06,1.807803325935607e-06,0.000249392269245983,0
0.9663208751744115,0.03320534340989803,5.467132949531221e-06,1.1131808330034683e-07,4.5739145913039735e-06,3.853487878083407e-06,0.0004597755621880973,0
0.9673097905487054,0.03246147028758846,5.659892875574263e-06,1.0234726217555344e-07,4.205315272827004e-06,3.5429457861253963e-06,0.0002152286625096705,0
0.9607880618968837,0.03908589224572617,4.7762204044254545e-06,1.0821789411311043e-07,4.780548618951465e-06,2.9731270358662562e-06,0.00011340774343677741,0
0.9536586761023251,0.04624135971980453,3.7260690744094697e-06,7.543216281332841e-08,3.8412894757483765e-06,2.6517733340261845e-06,8.96696138233872e-05,0
0.9517475634838295,0.048142281818468934,3.6997922820501718e-06,8.527752621336476e-08,3.81420013201091e-06,2.585107669919486e-06,9.997032009130522e-05,0
0.9320492471445837,0.06779063022515447,4.874431028239768e-06,1.0277821353303259e-07,4.83162076287869e-06,3.107299983385714e-06,0.00014720650027352105,0
0.9223395016156952,0.07749427489282837,4.6994988056996605e-06,9.908973764366776e-08,3.2129495535907723e-06,2.9358732225141636e-06,0.00015527608015704749,0
0.9178819710268529,0.08192980899542367,4.676786822051624e-06,9.861085157642973e-08,3.1974218429262605e-06,2.9216845808356974e-06,0.00017732547362626582,0
0.9431930239169806,0.056649752382274134,3.2787494316472665e-06,6.662600482531176e-08,3.818478605930894e-06,2.3063862972447135e-06,0.0001477534604058744,0
0.9199175956081835,0.07937433746921958,8.615796548478914e-06,1.9521363748613534e-07,1.4015041837675828e-05,5.363206779584796e-06,0.0006798776637937891,0
0.8752714306815448,0.12404641321413995,8.10124386670674e-06,1.8392339108736355e-07,1.1800424959753272e-05,5.169955163394274e-06,0.0006569005569343145,0
0.5106173889177292,0.4887286827170679,8.510564902928066e-06,1.7930331210851156e-07,1.458317484898236e-05,6.206926307257056e-06,0.0006244483958316577,0
0.9667893658026944,0.032088793871393094,3.167841166472372e-06,7.177581244006624e-08,3.1051495374043855e-06,2.0268529917555867e-06,0.0011134687064042106,0
0.9741555674288985,0.024576609205484396,3.383733560642623e-06,9.803831250098208e-08,3.2035028720946235e-06,2.1160191200869395e-06,0.0012590220717516474,0
0.932297534913882,0.028798301282803217,8.599918601564042e-06,2.130046949025954e-07,1.2729306795160307e-05,6.014967834488956e-06,0.03887660660538862,0
0.8864254499756842,0.09174144537535656,1.0792594249144087e-05,2.1626595319005704e-07,1.3656548289577405e-05,7.603913514349466e-06,0.021800835326953046,0
0.7779476391617575,0.18535797888300332,2.2907728981068695e-05,1.9877465884493623e-07,1.3112747785387134e-05,6.99672784336338e-06,0.036651165975970346,0
0.8021432842223896,0.14428786504146554,2.53346060383651e-05,2.198331260339518e-07,3.4961085196418587e-06,7.737971040942601e-06,0.05353206221741984,0
0.6516747323104947,0.09765735809348915,2.2489109519367172e-05,1.816804328613244e-07,1.2591805384528144e-05,6.250383963425993e-06,0.25062639661671615,0
0.5593493861384952,0.09098637063766284,1.9669180921389812e-05,1.5889936863655602e-07,2.8663322178266934e-06,5.466642994419409e-06,0.34963608216833975,6
0.751645478414773,0.09607305468055674,2.1850266943388502e-05,2.2080562232875268e-07,1.4902764617368555e-05,9.786482222297743e-06,0.15223470658526483,0
0.7725080745409029,0.09443436994622874,1.7721582819579824e-05,2.1899146474162345e-07,1.0815186793625083e-05,9.640388123805311e-06,0.13301915936366668,0
0.7414929122317415,0.08089951549613601,1.5085777198680442e-05,2.1042422840979993e-07,1.0578921721348925e-05,9.26324336391894e-06,0.17757243390561028,0
0.9535927134808178,0.0227335604545435,7.149012393920435e-06,7.713052502140914e-08,2.769245147235405e-06,3.030372893442639e-06,0.023660700303679057,0
0.9510686200648399,0.034518047061733025,6.289327969992576e-06,9.806920718016788e-08,3.521014228822143e-06,3.853030522451409e-06,0.014399571431498616,0
0.6382799216735059,0.35248999660263763,1.6212924467796874e-05,1.8595770412425655e-07,9.686245168493548e-06,1.0806218097281864e-05,0.009193190378418807,1
0.6488030484492657,0.3460841246912131,1.4806193764183316e-05,1.9812266874285588e-07,1.0360234290576014e-05,1.1150340034979864e-05,0.005076311968762638,1
0.6067034839207365,0.39317297758838754,1.5509030563234865e-05,1.961031350412818e-07,1.1481217249780136e-05,1.1036680716601313e-05,8.531545921127601e-05,1
0.47136903978262645,0.5285888339057594,1.722795028590398e-05,2.0287030443045225e-07,9.87488506693111e-06,9.378643736563986e-06,5.441962220203958e-06,1
0.43360417300389875,0.5663499768349388,1.6915449537131908e-05,2.014873153792699e-07,1.3241262962981928e-05,9.251669604724875e-06,6.240291742137201e-06,1
0.4706752845675206,0.5292780920151406,1.5702964750423666e-05,2.446584642184631e-07,1.227742147141743e-05,9.542858644686542e-06,8.855514007955877e-06,1
0.3010016861984624,0.6989610198417173,1.4641899042013688e-05,1.8115575078929535e-07,9.95598487025925e-06,7.875571309623069e-06,4.6393488474677905e-06,1
0.5682897418955948,0.4316571882935126,1.409620189603464e-05,2.1949850087438175e-07,1.2947333184236226e-05,8.830886348381524e-06,1.69758909630782e-05,1
0.2684633706936783,0.7247024283087734,1.3125147514400301e-05,1.9641334628014179e-07,0.006798099441229119,8.854035876898398e-06,1.3925959581619635e-05,1
0.2071370615460986,0.6928945328127183,7.3565096916823624e-06,2.7448056810165126e-07,0.09993786135755052,8.905845567446579e-06,1.4007447805356415e-05,1
0.1730197018899444,0.518890509856312,1.6819632786662346e-05,1.644608801480718e-07,0.30799996124189877,6.0568290218318026e-05,1.2274627959685442e-05,1
0.14923694487841074,0.5010932544772531,1.620254758330827e-05,1.5882009037014633e-07,0.34958120227970263,6.0430022343467445e-05,1.1806974616248847e-05,1
0.26602945908992726,0.6965189375774159,0.008847694517042204,2.6067464030408055e-07,0.02150976100452391,0.007089211326566565,4.675809884095172e-06,1
0.3363069597708425,0.629362671883528,0.0011833324399243273,3.096426416351618e-07,0.017929322149742286,0.01521075617419165,6.647939129516492e-06,1
0.39215671827699844,0.5452598830145783,0.0013213693070390558,3.457627535617641e-07,0.020294038067353217,0.04095609206695874,1.1553504318760031e-05,1
0.3563163753273922,0.5869556147268538,0.00041318778105074,1.7798393533694215e-07,0.03486552834069435,0.021445294575786856,3.821264286803023e-06,1
0.02006941428486977,0.9557503256774617,0.0010196359963077569,2.0949555105305552e-07,0.006598764962102074,0.0165413271307938,2.0322452914063448e-05,1
0.02364211957584186,0.9389756005716049,0.0007869751297097944,2.592569450815621e-07,0.004633698178756149,0.03193401359143884,2.7333695703496433e-05,1
0.03460714350287517,0.9311365609955767,0.0006248259774285319,2.1664657975055754e-07,0.005965071711420213,0.027628192570082276,3.798859603726875e-05,1
0.023828007365387,0.9587712068155877,0.0010240565650540018,2.1142843884267383e-07,0.0028655555108635876,0.013479439424686697,3.152288998218019e-05,1
0.012764576326067248,0.9732051799494015,0.0011020814033968834,2.1461142179448282e-07,0.00276116719761331,0.010141498936592639,2.5281575506761517e-05,1
0.028825979746768905,0.8838025949344545,0.00134966496782211,3.210272853903052e-07,0.006224195155169112,0.07976208673107085,3.5157437429150135e-05,1
0.9452278387615589,0.05200899031045175,1.3116448383590474e-05,3.8002828605962384e-07,1.8697048573261482e-05,8.316288832559493e-06,0.002722661113914071,0
0.9337721146286272,0.06522288930332541,9.256939530062811e-06,2.3393779961197122e-07,1.3836024020275582e-05,6.546346542022816e-06,0.0009751228201555501,0
0.9371496065636359,0.06184025588380207,9.305401495998797e-06,2.3516251169301237e-07,1.3908458427196194e-05,6.460743179921171e-06,0.0009802277869472539,0
0.9689737129680828,0.030156611543723195,8.13966600062993e-06,1.847956928326557e-07,1.1717770008516531e-05,5.076989115110154e-06,0.0008445562673767388,0
0.9673721357838798,0.03171329607228502,8.559835624543753e-06,1.9433484797150079e-07,1.2322641389873709e-05,5.339063333750737e-06,0.0008881522686389877,0
0.9925125421196868,0.007247828538241399,3.096786208847329e-06,5.6667674354832667e-08,3.460582892279542e-06,1.9346258148590904e-06,0.00023108067948142364,0
0.9936978795023333,0.00615371361734564,2.862144619128276e-06,5.2373999461063134e-08,1.9795622515425717e-06,1.7880404046641063e-06,0.00014172475904605564,0
0.9836714414950676,0.016106445432602104,6.455445541834983e-06,1.4626517684400808e-07,7.137660794824997e-06,4.018420014957547e-06,0.00020435528080193732,0
0.9451592174665046,0.054452611395342826,9.087202708562133e-06,2.2507385594362376e-07,1.1862317519683886e-05,6.326665340397497e-06,0.00036066987872832197,0
0.9670286757901515,0.03255893938390781,5.186834189419704e-06,1.0561082850791432e-07,4.339410949151206e-06,3.655920362476502e-06,0.00039909704961117336,0
0.9667146391118009,0.03304331072944349,5.903174484233126e-06,1.0674649854473521e-07,4.386074147064042e-06,3.6952337479628854e-06,0.00022795892987745932,0
0.9708777136988995,0.02889270343275527,5.680769396225342e-06,1.027247701565985e-07,4.220826582505027e-06,3.556013945275351e-06,0.00021602253365111528,0
0.959095864463612,0.04077313031005957,4.9641443839032685e-06,1.1247580844503722e-07,4.968642895280949e-06,3.090106952361598e-06,0.00011786985628870762,0
0.9452459374501566,0.054582413286581324,6.581213595458178e-06,1.4911478443271904e-07,9.381294895288348e-06,4.172720505428124e-06,0.00015136491948162858,0
0.9553340838429807,0.04458017227314443,3.2126161761932236e-06,7.136323054325434e-08,3.7963117313736015e-06,2.5744378135969864e-06,7.60891549230484e-05,0
0.9496780287924682,0.0501677714668665,3.853413401429609e-06,8.88183814928259e-08,3.9725716429358555e-06,2.6924453536851687e-06,0.00014359249188608352,0
0.9492184852247635,0.05064841727121831,3.8908402195185396e-06,8.20390327789694e-08,3.669352331734895e-06,2.4802910697522604e-06,0.00012297498136439413,0
0.9150781753316078,0.08477675272377763,3.890577221818959e-06,7.021202792148529e-08,3.092608041048538e-06,2.4305233298088446e-06,0.00013558802399397273,0
0.9394470066295454,0.0604243808775931,3.448070489018991e-06,7.006670251223675e-08,3.347283430741949e-06,2.4254926134480018e-06,0.00011932157962580322,0
0.8314798254856373,0.16784468957161594,8.817174538696208e-06,2.2282422864258385e-07,1.5997298790641378e-05,6.1217670501966574e-06,0.000644325878138577,0
0.8743102783859066,0.12480734766140135,9.078363712605483e-06,2.061070456610797e-07,1.8972753142571444e-05,5.793521849655849e-06,0.0008483232069417356,0
0.5147557775885998,0.4843694481925282,8.873035085258396e-06,2.0844011202036308e-07,1.2295850386348778e-05,5.726584660379697e-06,0.0008476703086279571,0
0.9466322424501965,0.05183127387813685,1.0458084118642665e-05,2.129404735220351e-07,1.856796055379662e-05,7.371340838276422e-06,0.0014998733456823054,0
0.9564934944246748,0.04157679693664085,1.0285581488936143e-05,2.029113979127578e-07,1.7380953924134423e-05,7.024165247905727e-06,0.0018948150266254148,0
0.9756454946874334,0.02214321118000012,7.08219797729915e-06,1.754134532296654e-07,1.0853470712948485e-05,4.953441422479248e-06,0.0021882296090005708,0
0.966169339085289,0.032568499851660104,3.165809549008232e-06,7.172978077799953e-08,3.103158125683456e-06,1.979740253243522e-06,0.0012538406253419655,0
0.936171190129619,0.0289179569568674,8.63565088476582e-06,2.138897200329709e-07,1.2782196504521541e-05,6.039959761048872e-06,0.03488318121664327,0
0.9040705339587678,0.01945037221243261,8.238518652064081e-06,1.8970026058964354e-07,1.2194374891025333e-05,6.601957028999978e-06,0.07645186927796696,0
0.9222903392611829,0.01851333246405882,1.0289527895025195e-05,1.8861561159830968e-07,1.1910511895031464e-05,6.481734349926707e-06,0.05916745788500653,0
0.9340079344465598,0.014845359173185187,1.0044496039565843e-05,1.841239737165679e-07,1.1626878393194976e-05,6.327380193879855e-06,0.05111852350165462,0
0.8613545450841156,0.10746384654802552,1.1167606997043686e-05,2.2378059587101962e-07,1.4131075505432307e-05,7.868128441361406e-06,0.031148217776318984,0
0.8535927617284683,0.11765717704297014,1.1066974166339112e-05,2.2176407838206982e-07,1.4003738455571209e-05,7.797227662205141e-06,0.028716971524198994,0
0.8392520570455896,0.13415906640484815,1.2874096953297359e-05,2.0079999727926701e-07,1.2679919418390438e-05,7.204207552349492e-06,0.026555917525640696,0
0.793472838909372,0.1742526363848149,1.877413185544816e-05,2.0588731256924295e-07,1.3581954649650375e-05,7.247088239614297e-06,0.03223471564375585,0
0.37524540519930577,0.07357476841437023,1.6902689187656338e-05,1.1709178320422807e-07,9.304212230590614e-06,4.0283292617829195e-06,0.5511494740638608,6
0.16543240512744997,0.04539755049117322,6.654255552131136e-06,4.951230829365425e-08,3.684815387360591e-06,2.2392529583238433e-06,0.7891574165451707,6
0.7603758053700191,0.11852384402191259,2.1452843384058277e-05,2.1678949947893223e-07,1.4921906203721985e-05,9.80456263849774e-06,0.12105395450634235,6
0.7366609689665871,0.09672250484851752,2.1467551087957362e-05,2.169381266659995e-07,1.4641736945550983e-05,9.66629702253636e-06,0.16657053366171254,6
0.7370629431917425,0.082684571805211,2.3938578946784427e-05,1.951480820651351e-07,1.2667926419632154e-05,8.649296225811075e-06,0.18020703405337216,0
0.7596173332540185,0.0678584002122634,1.7597429703853664e-05,1.8985825136347874e-07,8.093606874747961e-06,7.459320397062101e-06,0.17249092631849117,0
0.7921461645321975,0.09762301281516322,1.8403379202103108e-05,1.985536213692134e-07,7.977633114297306e-06,7.80095185304556e-06,0.1101964421348485,0
0.7902773986870445,0.12148038602209577,1.275846081759656e-05,1.9894210370180588e-07,7.99324184255639e-06,7.816214893585512e-06,0.08821344843120231,0
0.8682679438747186,0.0966934453206996,1.2773141664155995e-05,1.9917102147961721e-07,7.640323570007442e-06,7.82520881951191e-06,0.03501017295950639,0
0.8224746225917102,0.1524847259156327,1.5914674313870794e-05,2.421025201211185e-07,9.166796841316882e-06,8.892828403290032e-06,0.025006435090578535,0
0.8139001075768576,0.17577032844598742,1.4750217872917318e-05,1.8242337834119642e-07,8.365061931614283e-06,8.453040989905875e-06,0.010297813232982126,1
0.8104981136877297,0.17937765271925016,2.0000744130548635e-05,2.0193355824495052e-07,9.09616522682628e-06,9.3570937047855e-06,0.010085577656399903,1
0.6422255988309855,0.3468164796883992,1.7203474790933116e-05,2.645419582947476e-07,9.874570188528519e-06,9.781728263576358e-06,0.010920797165413882,1
0.612022660938485,0.3878342139487017,1.5572977449975772e-05,1.9691170814421634e-07,1.1528556643182317e-05,1.108218719548163e-05,0.00010474447981645797,1
0.5837734684465256,0.41612865606940713,1.874283783585874e-05,2.112774003100775e-07,1.2342153825489459e-05,1.08561799519566e-05,5.572303505367886e-05,1
0.5810803028667465,0.41887138979109667,1.7135004672132287e-05,1.9315320727488328e-07,1.1283396106609261e-05,9.924894822618126e-06,9.770893348198129e-06,1
0.5776826631848615,0.4222690100758764,1.7309146483295908e-05,2.1432210694990157e-07,1.0917434673234424e-05,1.093809789347918e-05,8.947738105027386e-06,1
0.4888236196809993,0.5111307520726182,1.8513500359070427e-05,2.1889314841145966e-07,1.0973189312611211e-05,1.0050891213815779e-05,5.871772348648642e-06,1
0.45590939289251564,0.5440437247493138,1.5089023272058723e-05,2.216429040684882e-07,1.4119310574849173e-05,9.082986961360068e-06,8.369394458188255e-06,1
0.5239389897249681,0.4760097366177106,1.668639548031079e-05,2.45106729972375e-07,1.497655252518819e-05,1.0044540978369208e-05,9.321061607358342e-06,1
0.4926277166945633,0.5073240818145703,1.5432325568536317e-05,2.3060772478845218e-07,1.296297755850042e-05,9.450367771734229e-06,1.0125212242919781e-05,1
0.25680872960908946,0.7421344250209647,1.3128951475924898e-05,2.523155012711593e-07,0.001030572001133196,8.578056964957475e-06,4.314044870296224e-06,1
0.3362789355508111,0.6571791623428891,1.4329605525020363e-05,1.9990365368980214e-07,0.006504187796243677,9.011373998832636e-06,1.4173426878699494e-05,1
0.004350176281718877,0.04078938058579816,1.14491400725047e-06,1.4574718987721754e-08,0.9548527137269238,5.6288014280097696e-06,9.411154048595779e-07,4
0.0016586871293078464,0.028470638477247272,1.3409782858646036e-06,1.9920167421959312e-08,0.9698659973166378,2.5495355369828962e-06,7.666428169719049e-07,4
0.1831145331580788,0.7845241305760067,0.0067825288986148565,2.940988189738128e-07,0.018367386685276838,0.007205851232433046,5.275350770808924e-06,1
0.20202941897876936,0.7483006400148986,0.005927041502890959,1.7553033287829592e-07,0.03633478456355268,0.007403935645196333,4.00376435936134e-06,1
0.40211298892021985,0.5283851301273503,0.000518742807331996,2.3038289140619635e-07,0.05381964648060995,0.015158315026679988,4.946254916514322e-06,1
0.09879170465091762,0.8444308140655913,0.0008167139846783169,1.9495799551825404e-07,0.026524416506179132,0.02941362362387555,2.2532210762609934e-05,0
0.023853859616457227,0.9197274611440434,0.0012478891174834653,2.017673407839239e-07,0.01098579417818303,0.04417807715257033,6.717023921795952e-06,1
0.20188283930227885,0.7499155428130294,0.0009813388431854867,3.410729841208424e-07,0.012585314118629173,0.034623487260959686,1.1136588933381622e-05,0
0.12929683782976373,0.8255105863066647,0.0008658655515427321,3.019188685970503e-07,0.010784925348765477,0.033531624901160635,9.858143234251963e-06,0
0.0341297988371725,0.9266379154666535,0.0007179174284979483,2.5585043425450676e-07,0.009465964359000606,0.029039794124486713,8.353933754278564e-06,1
0.028949931646866156,0.9369208874174074,0.0008739488330304284,2.4081316029819607e-07,0.00966337346520212,0.023586441251966028,5.176572367775109e-06,1
0.021238100475613492,0.9524068967312238,0.0014496912096528772,2.2124208252541903e-07,0.008456600250357065,0.016443815985304214,4.674105765877769e-06,1
0.018320236690311548,0.9511674525855118,0.0011914506265540265,2.1255492352981302e-07,0.007259333845924998,0.022056767084274845,4.546612499335857e-06,1
0.0105857861728413,0.9743795259764289,0.001411198925836075,1.822397912192476e-07,0.008341824675452377,0.005260013865021513,2.1468144628657905e-05,1
0.026904047395297687,0.9328539457387133,0.0011619011361589577,2.4735921639100965e-07,0.00807495189341876,0.030986431009928043,1.8475467266752172e-05,1
0.04851529269455415,0.882149488688738,0.001100979783611358,3.2042682074631594e-07,0.007961161543646289,0.060261639913537786,1.1116949091729693e-05,1
0.942721603956613,0.055809640622123215,1.3033076997377018e-05,3.7468437506820903e-07,1.8578205513611033e-05,8.263428446283785e-06,0.0014285060259314549,0
0.9609804105323335,0.03729863354405635,2.19275103624543e-05,3.3087946656593705e-07,3.11103065777826e-05,1.2543738722740463e-05,0.0016550434884808362,0
0.9835833757092401,0.016017629941172885,4.848665715256698e-06,1.8390984687974365e-07,1.4636464603881265e-05,4.977670925925997e-06,0.00037434763849501107,0
0.9564271390747774,0.04334115468502037,7.508911371229944e-06,1.9704496648356273e-07,1.2582546770355792e-05,4.683565799273702e-06,0.0002067341712945262,0
0.9937007373683246,0.006200401320594909,2.393553655483636e-06,4.991220724279009e-08,1.8426107353277395e-06,1.6837088249082617e-06,9.289152565756732e-05,0
0.9322566742671684,0.06746378645658409,7.809905187125561e-06,1.9343746710571576e-07,1.1364714944393984e-05,5.43738904521435e-06,0.0002547338296037522,0
0.9198081309465419,0.0798436740237474,8.80868987322243e-06,2.1817558814987964e-07,1.149875044716837e-05,6.13275995953268e-06,0.0003215366538424941,0
0.9401417223923504,0.05943424324430432,9.926771561257053e-06,2.458684838469018e-07,1.295827989993541e-05,6.911187479010898e-06,0.00039399225592149745,0
0.9705685813255217,0.02923339249127894,4.563180221678597e-06,9.002128646830837e-08,4.704286423958783e-06,3.1162586157645426e-06,0.00018555243665156692,0
0.9761837407425731,0.02367200771454069,3.2621662810391798e-06,6.435520646271094e-08,3.3630415199651116e-06,2.2277782786333556e-06,0.00013533420160027895,0
0.9729505278172129,0.02691015730561393,4.971504937436091e-06,9.392279096204152e-08,4.409852068007147e-06,3.1683357787316923e-06,0.00012667126159826328,0
0.961869082296791,0.03801467674720136,4.759565104557474e-06,9.925008338124114e-08,4.736950034291456e-06,3.348043504648154e-06,0.00010329714728074997,0
0.9432862228420191,0.056553951837239366,4.19075876140602e-06,8.267424836473565e-08,4.320348658093662e-06,2.9824842510721113e-06,0.00014824905482248752,0
0.9521710765695615,0.04767783971690562,3.6919350103246816e-06,7.784508235790023e-08,3.311106586206879e-06,2.353495111487036e-06,0.00014164933174219796,0
0.9365129627452722,0.06330413478186644,4.1421562851940566e-06,9.521459192361886e-08,4.798853623231501e-06,2.8786285510523083e-06,0.0001709876198099098,0
0.9409026995346041,0.058959605031263344,4.554176641545087e-06,9.602559490946322e-08,2.9609790190042715e-06,2.903147653669616e-06,0.00012718110522327253,0
0.922435879691905,0.07737729742535475,5.299763604085728e-06,1.117464237814884e-07,3.445735655974982e-06,3.378436429506856e-06,0.00017458720062678068,0
0.8927855267779465,0.10632539219184928,1.062635952097909e-05,3.1703641157147533e-07,1.7078948780664095e-05,6.614752693444474e-06,0.0008544439327972733,0
0.8864790254452561,0.11269748187929253,8.90579397531978e-06,2.0218917677540396e-07,1.2787257024708965e-05,5.554849433700714e-06,0.0007960425858407922,0
0.8954580440735593,0.1036758441533936,1.011595303143851e-05,2.376380080553203e-07,1.4018229815922906e-05,6.528753791495942e-06,0.0008352111984001985,0
0.8873550872414105,0.0146303137912642,9.898994508627206e-06,1.8145680953503628e-07,1.1458454950188634e-05,6.235723678568995e-06,0.09798682433737839,0
0.8163424087073168,0.15457977782013574,1.4141687323632446e-05,2.2057087082774675e-07,1.392839096631209e-05,7.913537624383369e-06,0.029041609285762333,0
0.7924370100552655,0.14640738807556272,2.6882523737911287e-05,2.1717305191219438e-07,3.4538041228126085e-06,7.471442794262645e-06,0.061117576925464934,0
0.6279277084794567,0.10652535658023325,2.0985272657789494e-05,1.6953154222921828e-07,1.1749796897052978e-05,5.8324235370641005e-06,0.2655081979156761,0
0.4623187586595589,0.13203562661712107,1.888169632577343e-05,1.4049300665788875e-07,1.1163693259149002e-05,4.833405678080064e-06,0.4056105954350503,6
0.16655448778921933,0.04617880430303105,5.798235780488859e-06,4.997936514521831e-08,3.5896936356198803e-06,2.2603761592533476e-06,0.787255009622809,6
0.45999092563826427,0.06080539968655975,1.705888940186459e-05,1.361783622453554e-07,8.839940698440403e-06,6.035657548572539e-06,0.479171604009165,6
0.7657630768820575,0.09887765291442013,1.8555410663790267e-05,2.2929535140936776e-07,1.5475759239603587e-05,1.0093983275460909e-05,0.13531491575499227,6
0.7431175439666031,0.06410746320104918,1.6624715195819965e-05,1.667471479484287e-07,7.609039889637134e-06,7.3405017252935084e-06,0.19274325182838914,0
0.8501920835562443,0.11469647629522826,1.4384191137707443e-05,2.242920432092892e-07,9.47924355093381e-06,8.812185937637987e-06,0.03507854023585778,0
0.6334561759032802,0.34523967282783063,1.6366267753356903e-05,2.0677579745117936e-07,9.394024266536446e-06,9.305700493521419e-06,0.02126887850057853,1
0.6566454617365747,0.3311590307750795,1.700909340024181e-05,3.250239632267057e-07,1.2922104767864019e-05,1.1789963892538403e-05,0.01215346130232201,1
0.6068531041082872,0.39257944809095946,1.5042986962583547e-05,1.9021027083026512e-07,1.113620872038618e-05,1.0705030430696464e-05,0.000530373364368788,1
0.4782766025905098,0.5216761125865049,1.588529887011241e-05,2.3067939208913512e-07,1.2943129613425459e-05,9.453304717360323e-06,8.772410392212147e-06,1
0.4662565634674894,0.5337033202182365,1.3451304794478155e-05,2.0928673771778002e-07,9.95708326887504e-06,7.752520520947213e-06,8.746118951914117e-06,1
0.461351366355036,0.5386085549942471,1.330979193094673e-05,2.0708496130975817e-07,9.852330950246608e-06,7.990450873662964e-06,8.718992000859485e-06,1
0.44408073233608075,0.5558855540172394,1.2409164960480459e-05,1.8222463759243328e-07,9.012922260002059e-06,7.791831174169327e-06,4.31750364762031e-06,1
0.4070689785339909,0.5928857154211704,1.4869546554621966e-05,2.4045388654173885e-07,1.522567143013645e-05,9.67396558800166e-06,5.296407379277766e-06,1
0.4333150073232413,0.5666435311359584,1.3036936690011718e-05,2.108189435499304e-07,1.508844850080854e-05,8.481689502019654e-06,4.643647163987819e-06,1
0.07438342694642917,0.3193605987168524,1.0360939684613019e-05,9.872596291844507e-08,0.6061966162829897,4.1558920288166044e-05,7.3394677929355714e-06,4
0.5566491539223175,0.41754467041206084,0.0011515429922123342,3.166667509009988e-07,0.015088911737836703,0.009558605524071314,6.798744750447012e-06,1
0.15279970655981076,0.7854163579686415,0.000569049859817776,1.8816654294413032e-07,0.034327047428449,0.026878188513048924,9.461503689187945e-06,1
0.06697719687633938,0.8934876950102281,0.0014064253268905712,2.0351260498318174e-07,0.021586428385613234,0.01651852998118631,2.3520907137658175e-05,1
0.029350552531572434,0.8942174463122321,0.0014487122876115455,2.217156857501468e-07,0.0223889750776077,0.05258927140854005,4.820666750602285e-06,1
0.057625413452037096,0.9082526466801403,0.0009138766142894201,2.0969286349035947e-07,0.006285971878027193,0.02689979868434236,2.2082998300243774e-05,1
0.030768148625382154,0.9350739364722189,0.0008793367371357043,2.0792932319796027e-07,0.007200551408207846,0.02606967777537477,8.141052357409837e-06,1
0.016431918224135526,0.9698993584679676,0.0015125437295103444,1.8603664921333987e-07,0.006259978436885046,0.005892084772228165,3.930332624005863e-06,1
0.019413498656310958,0.9626562872453219,0.001945653697687562,1.8647741924632218e-07,0.006907408168380716,0.009073026110257893,3.939644621656002e-06,1
0.015086440764428903,0.9625815202072252,0.0014079278112566916,1.8359939942521487e-07,0.011981816681411237,0.008938183690978723,3.927245299402135e-06,1
0.013193382366719613,0.9603499663554815,0.0016713685002840144,1.817913574929351e-07,0.016706475630270952,0.00807129229463822,7.333061248480221e-06,1
0.009800914399284846,0.9715547637929218,0.0012303328929184425,1.8171147134301612e-07,0.007274620430483279,0.010133137427693685,6.049345226702956e-06,1
0.021023085858114264,0.9567813163613809,0.0034673950320071147,2.09485399834163e-07,0.007729920378098062,0.010989622707341358,8.450177658781084e-06,1
0.9511823692893675,0.04803449005387978,1.0012973200703811e-05,2.268703664904519e-07,1.5480582573367437e-05,7.174160326218532e-06,0.0007502460702860128,0
0.9679825602976605,0.03131833255855691,7.079589487134903e-06,1.7534884556564742e-07,1.1964992717715307e-05,4.817450919108252e-06,0.000675069761812704,0
0.9834972405079146,0.015841703059625293,8.064440607743917e-06,1.6387390071922704e-07,1.162937234639215e-05,5.672807788578028e-06,0.0006355259378167289,0
0.9648384734012617,0.03431765769268246,1.0314174431018317e-05,3.854109264596238e-07,2.6261268621890944e-05,1.0588596782133723e-05,0.0007963194552942931,0
0.9059014876470493,0.0934671894758288,8.79528467291643e-06,2.1784356516994484e-07,1.1481251471130902e-05,6.123427030701109e-06,0.0006047050703818422,0
0.9637385223124275,0.035888511526568245,5.141046649913459e-06,1.2733458581173894e-07,4.688361826401831e-06,3.579284263432115e-06,0.00035943013367893564,0
0.985704448441582,0.01402015513338313,4.3002339926821855e-06,7.979729524115946e-08,3.1950851515580005e-06,2.691834675789816e-06,0.00026512947391952083,0
0.9930645215955102,0.006774450429464425,3.185967860156971e-06,5.900202704744858e-08,2.2035300621935277e-06,1.9903394202550574e-06,0.00015358913565564759,0
0.9848114907995128,0.014960989722959958,5.996348158422795e-06,1.3586311248791757e-07,6.630045731952597e-06,4.218039686901805e-06,0.0002105391808371838,0
0.9738179971806965,0.02596000043749256,7.0397651184058844e-06,1.5950448087758603e-07,1.168068093275899e-05,4.38215036732554e-06,0.00019874028091171287,0
0.9764100397267703,0.023396336436162873,6.555906077308107e-06,1.4854137573556335e-07,1.1798048022546173e-05,4.080955222456767e-06,0.00017104038636862456,0
0.9620978099266856,0.037692167181630314,5.870304963528324e-06,1.4539701777109088e-07,8.542273042845336e-06,3.9945686248314005e-06,0.00019147034803528224,0
0.9763274475730616,0.02349566452131324,4.821117016998732e-06,1.0165407846990676e-07,4.192047994996066e-06,3.0118506117391523e-06,0.00016476123592293177,0
0.9617527952975232,0.0381112404553625,3.30882283462665e-06,8.195365921814774e-08,3.909998037491835e-06,2.346401695955021e-06,0.00012631707088710836,0
0.948328098305325,0.05079893698861341,1.2029136082267233e-05,2.6720839477693787e-07,2.033006657890011e-05,9.639577558184508e-06,0.000830698717447363,0
0.9577780853688848,0.04152742151348811,1.043975577375219e-05,2.5443132577520617e-07,1.4081136061554418e-05,6.521929399912583e-06,0.000663195865066167,0
0.9471811907760865,0.05265658120662834,3.6739459610419305e-06,8.445197171348319e-08,4.256413247786671e-06,2.55324159937706e-06,0.00015165996450550677,0
0.9305964156996772,0.06911320493766543,4.63831191589456e-06,9.779960158688934e-08,4.7720678084956554e-06,2.91308710791207e-06,0.0002779580962234614,0
0.9257986176942729,0.07393743476418718,3.582760401334653e-06,6.556045074541704e-08,4.594784180856371e-06,2.238223853191619e-06,0.00025346621265386293,0
0.9232540604006976,0.07574211034950248,9.809896759396567e-06,2.4791192109021677e-07,1.3589963188429351e-05,6.811014399674685e-06,0.0009733704635311067,0
0.9308412766418444,0.0678975432124471,9.464576680983758e-06,2.1487527927986657e-07,1.7594258928445485e-05,6.039990634312836e-06,0.0012278664441857572,0
0.9517449328298544,0.04675626871357345,8.327482766402272e-06,1.8498197105137147e-07,1.5845157781732017e-05,6.5516864262508335e-06,0.0014678891476268582,0
0.9684772335718383,0.027236331320636374,8.876560124417366e-06,1.9717886353310674e-07,1.3603331289367712e-05,7.113253120092872e-06,0.004256644784127805,0
0.9686630905133853,0.02765052149292058,8.80028150248932e-06,2.51941034307922e-07,1.3025877141277574e-05,6.015893091661858e-06,0.003658294000924382,0
0.9585621859279283,0.031297642024153007,8.916057369262406e-06,2.2083489014981848e-07,1.3197244638565535e-05,6.983304748283787e-06,0.010110854606272384,0
0.9417261862220058,0.029061737975591497,8.759457472614514e-06,1.9800555100014383e-07,1.2965450801800745e-05,6.860651342574213e-06,0.029183292237234846,0
0.9236217803031886,0.016532684462861578,1.013434147136406e-05,1.8577091527120697e-07,1.1730877827869162e-05,6.383976981158313e-06,0.059817100266753784,0
0.8965584961923407,0.014944839804286705,1.0207746674422477e-05,1.8711649374775257e-07,1.1815847085264071e-05,6.430217491994298e-06,0.0884680230756273,0
0.7674331733980275,0.19306471625169747,1.8512476268992223e-05,1.8609069617760278e-07,1.2276013342765062e-05,6.55026130042269e-06,0.039464585508666605,0
0.7631281336913339,0.17781587041579452,1.926305364869923e-05,1.9690883438139304e-07,3.131532839901548e-06,6.774289345808597e-06,0.05902663010820299,0
0.4617205917578029,0.12901779685652612,1.5926426210406896e-05,1.37281873515187e-07,9.250712458450358e-06,4.722932498423513e-06,0.4092315740326303,6
0.3247134709718482,0.0958384553421482,1.2033528570057692e-05,1.0372605412359131e-07,7.954358026608735e-06,3.5685057277379808e-06,0.5794244135676251,6
0.24402712936042834,0.05089836923504104,8.245984774752205e-06,7.107835894257224e-08,5.182197660853231e-06,3.2146032172642144e-06,0.705057787540519,6
0.21355220959644636,0.04256234640227745,7.107025693862015e-06,6.126081202928099e-08,4.183200714701424e-06,2.770592995832303e-06,0.7438713219210599,6
0.21421869418417078,0.039574236651337504,7.1292063264036855e-06,6.145200362184824e-08,4.1962562518413805e-06,2.7792398627229286e-06,0.7461929030100473,6
0.6867784404980948,0.08704568467630551,1.7387002327569488e-05,2.1485694285578132e-07,1.073449095999714e-05,9.458379223445143e-06,0.22613808009614594,6
0.7111522337131098,0.2614148917777424,1.791205974643485e-05,2.8737522008763053e-07,1.6470377809975826e-05,1.0709061027371958e-05,0.02738749563534403,1
0.6864474233802988,0.30339390607526784,1.7997523943333097e-05,2.408260712514915e-07,1.7616315245098562e-05,1.3756982205379794e-05,0.010109058896968332,1
0.6051078225741537,0.3942513935194203,1.5107053111244116e-05,1.9102035193437626e-07,1.1380121530672332e-05,1.0750621779854369e-05,0.0006033550896522234,1
0.48554608054478693,0.5144042318707586,1.649540275950762e-05,2.45608650038562e-07,1.3541314328717727e-05,1.0065109800258552e-05,9.340148916219364e-06,1
0.445089072060489,0.5548693609033135,1.4507115133639452e-05,2.3199813966909699e-07,9.506833900906884e-06,8.347659181806834e-06,8.973429841437557e-06,1
0.356576296030571,0.64338705967225,1.4020799528316325e-05,1.8266608425773152e-07,9.821571896577481e-06,7.941231598518972e-06,4.678028071315514e-06,1
0.3810417438860742,0.6189185850012854,1.4682462784268146e-05,2.0949541309274293e-07,1.203622569669602e-05,8.128434600243213e-06,4.6144941459976946e-06,1
0.4052419343544399,0.5947138069351825,1.4990733816530734e-05,2.424135931150544e-07,1.3933181000481298e-05,9.752808705180991e-06,5.33957326237247e-06,1
0.41911682742276646,0.5808422156403718,1.3363610058353893e-05,2.1610154451957064e-07,1.4232466893688855e-05,8.38475289605148e-06,4.760005469356802e-06,1
0.3533741330607938,0.6459953783054146,1.1440638570186421e-05,1.1458994661376334e-07,0.000607078160132571,7.750852784592234e-06,4.1043923576019255e-06,1
0.25920935610633333,0.7374138328939492,1.5442737691333836e-05,2.0090255391978064e-07,0.003347609550205375,9.118111395671716e-06,4.439697871245859e-06,1
0.2012078064482385,0.7774672838144189,1.668725556274651e-05,3.118855814314025e-07,0.021281874779253432,1.0119495314920419e-05,1.5916321630191665e-05,4
0.03772714801646602,0.2248844485053507,7.295872491262485e-06,6.951995272202838e-08,0.7373575722168263,1.829762908124123e-05,5.168239831615778e-06,4
0.0014823181846747068,0.026538634562929465,8.575435673172856e-07,1.4784290402301311e-08,0.9719752697773238,2.19052841247103e-06,7.146188019693248e-07,4
0.08469857682217932,0.8919259169759434,0.005105532620118746,2.339636003278742e-07,0.014638117491742025,0.0036273730716157374,4.249054800437355e-06,1
0.5078087684325585,0.4647401349639658,0.0011581185674071285,3.5245988987740097e-07,0.015924940103169558,0.010360118259781856,7.567213227246188e-06,0
0.0711111448884,0.8932416415014446,0.0015322144859566246,2.0345656057337348e-07,0.023613157190816567,0.010478124046999772,2.3514429822118953e-05,1
0.04784925371433236,0.9198392195468632,0.0007874894964160184,2.1236791393072273e-07,0.011890097336384553,0.019605967426864608,2.776011122515631e-05,1
0.051418684199299035,0.9191730212242387,0.000810664284058878,2.122141053682768e-07,0.0062799084399034625,0.022289769632573928,2.7740005820710547e-05,1
0.06964658625629654,0.9015037994662066,0.0008017149494744331,2.0813472313952041e-07,0.006159190041644772,0.021861294390721375,2.7206760933080557e-05,1
0.07505883238824826,0.8964503108393043,0.0007810963938893961,2.1476756143466737e-07,0.005884896820116278,0.021799827095589797,2.482169529058687e-05,1
0.22983257602788926,0.7014515122752788,0.004332683449347904,4.826072705432855e-07,0.008719215099673114,0.05559198762961945,7.154291092096537e-05,0
0.06493512181164954,0.8943119547396216,0.0006622028742140564,2.1425526363137048e-07,0.011426564432450492,0.02865488464658633,9.057240214225035e-06,1
0.011639022483694994,0.9741914619779565,0.001376395777986798,1.857154041038164e-07,0.004768621662736971,0.008020414971722295,3.897410498470236e-06,1
0.014037207854522855,0.9708659069833407,0.0012587971093930494,1.8508143551160502e-07,0.005663370776934374,0.00817064808829564,3.884106077876219e-06,1
0.018121662533174633,0.9636910856354278,0.0031856273828224434,2.2403306502634238e-07,0.005624024278285228,0.009370606423410166,6.769713814893053e-06,1
0.02742964674886318,0.9551328363961903,0.0017139838455602788,2.6083161611065715e-07,0.006297874619578144,0.009416519286337353,8.8782718549988e-06,1
0.10338555977986386,0.7711968916949239,0.0038242513155854665,5.310613153141921e-07,0.00947327818702798,0.11210141152254767,1.8076438735986466e-05,1
0.9640743535530937,0.03133471350263377,1.0634916680354e-05,2.4096213946700075e-07,1.5336141955082614e-05,6.74291059877738e-06,0.004557978012898879,0
0.963508624614755,0.03503540043171757,1.0291442531492487e-05,2.674217623188949e-07,1.4411003746864304e-05,7.373679848039715e-06,0.001423631405638561,0
0.9512244814728489,0.04803661670942334,1.0013416510187077e-05,2.034781707580496e-07,1.5481267953116658e-05,7.1744779514876045e-06,0.0007060291771423998,0
0.9695823078927203,0.029788019630876173,7.014217817806702e-06,1.558098495930115e-07,1.1854510104439749e-05,5.393655270480193e-06,0.0006052542833609329,0
0.9787076775924652,0.020627378071465093,9.222120753113467e-06,1.8739860260924243e-07,1.4257883144049933e-05,6.487160235916813e-06,0.0006347897733341317,0
0.9647301060718962,0.03469358504070032,7.732725923179884e-06,1.9152587394638447e-07,1.1252406239826524e-05,5.383655526786019e-06,0.0005517485738400353,0
0.9678434050333347,0.031907486285318275,5.024374707722773e-06,1.140689071385294e-07,4.203494043400262e-06,3.623362673343418e-06,0.00023614338101566668,0
0.9899592198076184,0.009883199098826501,3.815231645134714e-06,7.955812150479576e-08,2.937050009713225e-06,2.683766530683691e-06,0.00014806548724807437,0
0.9739975479341035,0.025700526402344336,6.969401627227733e-06,1.579102100540096e-07,7.662373679736983e-06,4.902519313577828e-06,0.00028223345872176474,0
0.9570431898978797,0.04272149416656373,7.318795407112077e-06,1.6615938146025479e-07,8.757282508411465e-06,4.5649839458708244e-06,0.00021450871431393182,0
0.9638186319020178,0.036082815614538626,4.160977459287823e-06,8.676787704539186e-08,4.147160345043992e-06,2.981284260764228e-06,8.717629350112649e-05,0
0.9483306475208134,0.05079907354202482,1.2029168417974744e-05,2.6720911306397357e-07,2.03301212284678e-05,9.639603470482643e-06,0.0008280128349315775,0
0.953913909701588,0.04482129960522823,1.1201022806895503e-05,2.553297420771765e-07,1.85961577045284e-05,8.975966963848009e-06,0.0012257622159665565,0
0.9319752924366328,0.06775332265369591,4.51096602168476e-06,9.511449158495825e-08,4.419908093082219e-06,2.833107647842369e-06,0.0002595258134171636,0
0.9214537110815308,0.07819131159667372,3.996308981188987e-06,7.31279205908126e-08,5.125147995311409e-06,2.4965761269129316e-06,0.0003432861607712177,0
0.9371956660360482,0.06266754800603913,3.252289004118963e-06,6.608831427928695e-08,4.380587208328922e-06,2.287773112936861e-06,0.0001267992202730202,0
0.964328705189589,0.03389728447569378,9.282541239239718e-06,1.8312366890126805e-07,1.568597961638344e-05,6.485869131173336e-06,0.0017423728210614708,0
0.9772613074020737,0.0203483307834234,8.761869911710813e-06,1.7285199422389317e-07,1.487048099484606e-05,6.23565814913494e-06,0.002360320953453012,0
0.9726930258309748,0.02276796901194385,7.284371831838538e-06,1.67730060838719e-07,1.1163302211051279e-05,5.8373491458937365e-06,0.004514552403831645,0
0.9607598340695114,0.02758614617680228,8.936498773268801e-06,2.020075294783122e-07,1.3227501309003546e-05,6.999315025892763e-06,0.011624654431048854,0
0.9426358275520839,0.03186605189700904,9.123758553269698e-06,2.1008380853499925e-07,1.3266164339771148e-05,7.145982107169183e-06,0.02546837456209816,0
0.8659916447558642,0.02048532765253345,9.084754170287786e-06,1.8577784106783693e-07,1.17313151712176e-05,6.465448807808364e-06,0.11349556029561204,0
0.8412164412098062,0.03268040722543876,9.186568218875982e-06,1.8785987804787464e-07,1.1862789581031814e-05,6.537907952736647e-06,0.12607537643912436,0
0.913544070996827,0.018997706045917044,1.0604148129690196e-05,1.9327223893063576e-07,1.2187042809653124e-05,6.6417583324538035e-06,0.0674285967357452,0
0.9348565405740972,0.017191195215932126,1.0400460162709465e-05,1.9064909240799504e-07,1.1883335942492086e-05,6.551614474389174e-06,0.047923238150298635,0
0.9279359221058096,0.016780113158377352,1.0118802531775291e-05,1.8548607357350944e-07,1.157814202836424e-05,6.374188458349345e-06,0.055255708116721,0
0.9078332538769138,0.01535028702772529,1.0361639715804842e-05,1.899374813010389e-07,1.1993984014251204e-05,6.527160113922078e-06,0.07678738637403586,0
0.32662468855352117,0.0823641312970525,1.188704235814712e-05,1.0246337903568707e-07,7.262252660746296e-06,3.5250656940692015e-06,0.5909884033253343,6
0.29996173149849786,0.07347617987647181,1.103364268444577e-05,9.51072839196078e-08,7.293417200016933e-06,3.271992656852954e-06,0.626540394465205,6
0.24741099612167827,0.04306832961536987,8.313179843060538e-06,7.165756389078096e-08,5.122822079055568e-06,2.4652478043300336e-06,0.7095047013556616,6
0.4692926113818651,0.09136955155582863,1.3602531144580532e-05,1.4337911383295406e-07,9.789665045846134e-06,6.440605836944629e-06,0.43930786088116514,6
0.7721086776279762,0.0906222435040486,2.354047866356188e-05,2.3247184600707494e-07,1.1687349312916822e-05,1.0233818135377472e-05,0.13722338475001736,0
0.8068083747560579,0.15731014301517549,1.942980962323058e-05,2.4191312206566985e-07,1.0708530729705397e-05,9.504498607683591e-06,0.03584159747668395,1
0.7988818172205339,0.18590882025044597,1.9714087604813037e-05,1.9903938731520437e-07,8.965796321328591e-06,9.222985095881325e-06,0.015171260620610957,1
0.602176553410514,0.3972011422276723,1.5220082541533731e-05,1.924495467213327e-07,1.1465266439064895e-05,1.083105683532734e-05,0.0005845955064510745,1
0.5505047129713646,0.4494478868909917,1.5637800805173495e-05,2.2264534944796265e-07,1.4463390166005842e-05,1.022318059200759e-05,6.853120731123541e-06,1
0.5626406537515161,0.43730806214589635,1.5835885879535944e-05,2.2601935046016013e-07,1.538618496814801e-05,1.0378104203710395e-05,9.457908185665593e-06,1
0.40580095488425727,0.5941081411206721,2.801748160367752e-05,4.0614534519582975e-07,2.6836056770667972e-05,1.8648928535157527e-05,1.6995382816015618e-05,1
0.3477371045748733,0.6522249492443246,1.45852724369152e-05,1.8974734537104963e-07,9.871313269244186e-06,8.440470533663826e-06,4.859377216686569e-06,1
0.6539048251535347,0.34605600286697896,1.3513006119108019e-05,1.9291484810712742e-07,1.1321608174225196e-05,9.971899585386204e-06,4.172550759652753e-06,1
0.43742869197664336,0.562528535411315,1.6447354095833327e-05,2.3467760764775337e-07,1.1815900103141328e-05,9.105505260212208e-06,5.169174974766141e-06,1
0.2757777794893138,0.7231422457451566,1.1601253147104993e-05,2.0739690912537157e-07,0.0010569304525383926,7.0509441230153234e-06,4.184718811999945e-06,1
0.2302076777881363,0.7681465486273649,1.3814766805281982e-05,1.379457331023542e-07,0.001619471925310661,8.101678482025866e-06,4.2472681676870354e-06,1
0.2405378016648341,0.754346405871431,1.6689942571417875e-05,2.2452179009488551e-07,0.005077142932016591,1.0121124772296367e-05,1.1613942584775682e-05,1
0.05844716267540004,0.30476456284830106,9.911931950090984e-06,7.501370987501366e-08,0.6367443261422084,2.6957363192215773e-05,7.00402523805501e-06,4
0.11561947742554896,0.8662360084847179,0.0046302572533096645,2.0980781812345208e-07,0.010916199241197803,0.002594037430089094,3.8103573184778476e-06,1
0.13297074095613481,0.8283865656830667,0.0038392379305104227,2.0883051026012545e-07,0.028383426952366134,0.006414884583854545,4.9350635571076005e-06,1
0.16231544068926446,0.7909595102743661,0.0006301932420273558,1.8949454661479315e-07,0.04175418938310928,0.004333665957527593,6.810959158741748e-06,1
0.08004723014653524,0.8720086739052069,0.0007945737514673385,2.013250349316182e-07,0.035736318756977074,0.011405034628695335,7.96748608327328e-06,1
0.02658205575755361,0.9297006278951464,0.0012900138724026686,1.9876140742197266e-07,0.026880755175473395,0.015538482508100667,7.866029915575434e-06,1
0.02311616937345653,0.8934569626597023,0.0015126089318698518,2.1286303550709646e-07,0.03344092012255449,0.04846439821996996,8.727829411539107e-06,1
0.025403833367826235,0.9402374412454126,0.0009544602783586872,2.0724411151268824e-07,0.02042231619091373,0.012957789498512652,2.395217486464413e-05,1
0.06041499281849132,0.9107248603127686,0.0007573257483641659,2.102636359044896e-07,0.012161262359532785,0.015913863451037742,2.748504616953807e-05,1
0.08104934051853216,0.8846742087218952,0.000709439783490674,2.042491907521996e-07,0.011813397902945324,0.021738179502294702,1.5229321651294357e-05,1
0.016807125352146235,0.9647813314691671,0.0012916162473557181,1.8364829767266467e-07,0.00947837632348034,0.007635368712041752,5.998247511535697e-06,1
0.026726360989937324,0.9427691028705333,0.0007022445824588516,2.6531999620844023e-07,0.006167449277732612,0.0236259715352818,8.605424059608412e-06,1
0.9532559745745395,0.045974776105473264,1.011399920882729e-05,2.0552206691560956e-07,1.4327358220138008e-05,7.246544099236596e-06,0.000737355896391847,0
0.960407953224082,0.03887099178192932,7.52213605577975e-06,1.670924567660055e-07,1.2488397781145995e-05,5.891546707253744e-06,0.0006949858209874225,0
0.9604080562974365,0.0388709959536602,7.522136863073976e-06,1.670924746987808e-07,1.2488399121431702e-05,5.784224868779286e-06,0.000694985895575018,0
0.9716707941163317,0.02810161042937475,5.7041096887817036e-06,1.031468302722288e-07,4.238168481180019e-06,3.5706243615813495e-06,0.0002139794049316192,0
0.9709259787067297,0.028425947786139875,8.135080424157476e-06,1.6963890453722458e-07,8.95681529185145e-06,5.722498290402763e-06,0.0006250894742194567,0
0.969949000409598,0.029478397147517484,7.99387474916596e-06,1.666943760542771e-07,8.788710818132026e-06,5.623169311265128e-06,0.0005500299936299013,0
0.9753821234557712,0.02439518173017914,6.835793313123816e-06,1.5488296064673103e-07,1.2301734776156182e-05,4.255180915020395e-06,0.00019914722208474222,0
0.9617973399782226,0.03796774296524911,4.976233853750385e-06,1.1053923166231884e-07,5.88035853677245e-06,3.91507550456951e-06,0.00022003484940169544,0
0.9854211412661786,0.014464559320628756,3.1168746432508744e-06,6.571983597343367e-08,2.9394451056006533e-06,1.9471754715535596e-06,0.00010623019813634367,0
0.9749215020201449,0.02491470836180654,4.464490162958633e-06,8.056925492158625e-08,3.88195452844685e-06,2.789058506773415e-06,0.00015257354559561166,0
0.9632945447817487,0.03657720265196609,4.158714881431406e-06,8.450739025157481e-08,4.071700136653913e-06,2.979663154229024e-06,0.00011695798072266223,0
0.9642896046449432,0.03489724865757766,9.819796576683237e-06,2.2633918234836146e-07,1.4478713138758645e-05,6.861258555133325e-06,0.0007817605900260859,0
0.9574382602063125,0.041954831969739745,1.0416416992085806e-05,2.1963193727828931e-07,1.4049656727432298e-05,6.657934755246224e-06,0.0005755641835356147,0
0.9575853458482133,0.04176611076296851,1.0232668288248499e-05,2.1575756436994423e-07,1.3801816590561218e-05,6.5230115715778414e-06,0.0006177701348035326,0
0.9393816815917317,0.05977325004749734,1.0585827667472381e-05,2.2320399039972703e-07,1.3578295973748386e-05,6.748139822821384e-06,0.0008139328933166356,0
0.9184102725660604,0.08059744445796975,9.493351708907856e-06,2.1822102951113153e-07,1.573011619742121e-05,6.597489663083317e-06,0.0009602437973710395,0
0.7409275891899596,0.25757270745636646,1.0620559643999452e-05,2.441318441118373e-07,1.622528438005197e-05,7.27178144055272e-06,0.0014653415963651062,0
0.916182030300689,0.08366709389311892,3.985810900689288e-06,7.293581762761525e-08,5.1116845177672765e-06,2.4900177608613244e-06,0.00013921535719532707,0
0.9634539501054781,0.03487762806266039,9.003367878295518e-06,1.7761620614963615e-07,1.5178330672330109e-05,6.407527713338431e-06,0.0016376549893913652,0
0.9687445661379082,0.023932128997530874,7.549233590557115e-06,1.7382877187781548e-07,1.1364873746542412e-05,6.049596762672186e-06,0.007298167331689675,0
0.9683367142945938,0.02193650826907268,9.42988592967468e-06,1.9863012730488433e-07,1.238080129966003e-05,6.7563861563799286e-06,0.009698011732820477,0
0.9544958470205143,0.03350088193885201,8.98211535076364e-06,2.346855193518975e-07,1.306021171716657e-05,7.0350432013661926e-06,0.01197395898484531,0
0.9605437689508407,0.022071046210943586,9.65706129802851e-06,2.034153254157815e-07,1.2845069570148318e-05,6.91915424554485e-06,0.01735556013777658,0
0.9595822681746293,0.022111889395479912,1.0893965307877137e-05,2.0379175205156798e-07,1.2868839786649216e-05,6.931958364161844e-06,0.018274943874679806,0
0.9596926706781389,0.0220514899659144,1.0864208045685119e-05,2.0323508747379622e-07,1.2833688083039376e-05,6.9130234679402305e-06,0.01822502520126251,0
0.8721362362106649,0.026212000959621104,1.003123925411166e-05,2.010096431763866e-07,1.269315792993372e-05,7.048618136448724e-06,0.10162178880475037,0
0.30933819016328123,0.059405404763836045,1.191399486518939e-05,1.02695703011814e-07,7.722184991201795e-06,3.533058376780452e-06,0.6312331331389466,6
0.2195128231699802,0.035541319879902916,7.37578202050696e-06,6.357742540841857e-08,4.545170403897274e-06,2.817860056899141e-06,0.7449310545602102,6
0.37402465930756723,0.057114606991396505,1.0122855084781421e-05,1.12101973956432e-07,7.654118836933429e-06,4.934925384693821e-06,0.5688379096997559,6
0.36249683086540935,0.05200754113782043,9.89139433799944e-06,1.0953874388049237e-07,7.479106150579941e-06,4.822087503948909e-06,0.5854733258700338,6
0.763511511409389,0.07686239112812292,2.1685245172498697e-05,1.8972127612971924e-07,8.504497536661142e-06,8.351863116638172e-06,0.15958736613538593,6
0.7533299022793941,0.122390848518705,2.2966115769563898e-05,2.477808778895563e-07,1.1580769307528706e-05,1.0140493262234163e-05,0.12423431404268369,0
0.7648306713277421,0.17849277118936324,1.8927677144702415e-05,1.9109954960643458e-07,8.608143654278824e-06,8.855072966330136e-06,0.05663997548957973,1
0.5401330796795164,0.16143470467727672,1.3964903694747662e-05,2.1474167374332658e-07,7.95039093847884e-06,7.94030827080521e-06,0.29840214529862913,6
0.560931998927638,0.4389450794167445,1.5130136176288467e-05,1.9131222455678825e-07,1.2620435088954685e-05,1.0709985863129475e-05,8.426978626438861e-05,1
0.5789574425121314,0.4209562841327655,1.7160398693299842e-05,2.169837739756508e-07,1.4313929186491965e-05,1.1090304779082787e-05,4.3491738670253254e-05,1
0.6220625073469739,0.37789024829790774,1.5476444425087547e-05,1.9569110130238867e-07,1.3366036304359494e-05,9.934320037981239e-06,8.271863249452328e-06,1
0.6034218902874057,0.3965327051386514,1.5945433655114514e-05,2.0162121137173796e-07,1.3546208145556633e-05,1.0235363932656546e-05,5.475946998343618e-06,1
0.5924054628885899,0.40754675726970474,1.4758163631899444e-05,2.1063744607917176e-07,1.4324981882485381e-05,9.671815090887086e-06,8.81424365402312e-06,1
0.37063412463012374,0.6292775785114196,2.7903478106502573e-05,4.350976747484055e-07,2.5201632321103e-05,1.783042197207759e-05,1.692622838221388e-05,1
0.5492683237084018,0.4506736924467504,1.6139804522558324e-05,2.30510223567636e-07,2.0603841344139535e-05,8.971147997972858e-06,1.203854075952474e-05,1
0.5378920425708078,0.46205021822739784,1.5805521721549923e-05,2.2573596480337632e-07,2.1133401736280197e-05,8.78534026549185e-06,1.1789202106164776e-05,1
0.5175608889841272,0.4824011111381104,1.3099480137304597e-05,1.8989190240257568e-07,1.2003934883459072e-05,8.207404359239464e-06,4.499166479948726e-06,1
0.3620361531950029,0.6379229463658819,1.671260179911715e-05,2.0178843063898022e-07,1.0096713172099837e-05,8.721589621864744e-06,5.167746091627835e-06,1
0.36391995963054813,0.6360428109623666,1.4899788533598488e-05,1.8434646835500594e-07,9.223984791279314e-06,8.200225047115828e-06,4.721062244898336e-06,1
0.4298453496320551,0.5701110035250767,1.616221981209953e-05,2.3060919450512184e-07,1.3226802046290744e-05,8.947650586124374e-06,5.0795612292763414e-06,1
0.353575884699776,0.6463835101514881,1.4057219816983415e-05,2.234712181290632e-07,1.3386678974302143e-05,8.252725126492004e-06,4.685053599814405e-06,1
0.23537326845450451,0.7631183281588213,1.372433654383955e-05,1.359799964680333e-07,0.0014805841732596218,9.739430954242482e-06,4.219465919829098e-06,1
0.09594088706546353,0.6897886006379778,8.608011015949576e-06,2.0493842942457426e-07,0.21423915042291164,9.413482547469386e-06,1.3135441654255106e-05,4
0.0750336497994832,0.3708582445688586,1.3497837147629031e-05,9.130634008311443e-08,0.5540507265620489,3.523097532847829e-05,8.558950793090518e-06,4
0.004101489722443837,0.040705278078306546,1.3419320297597755e-06,1.92664386712591e-08,0.9551867672828749,4.0399786694775045e-06,1.0637392367112166e-06,4
0.09560844448951136,0.8830616551948979,0.006454962418433323,2.2233481806861442e-07,0.011611527073607254,0.0032592003933091486,3.988095423056983e-06,1
0.11881811688770672,0.8498655714828027,0.004372603957028236,1.998501516386728e-07,0.02229502262558716,0.004643926708733428,4.558487990213428e-06,1
0.51983863371014,0.4569279926326135,0.0007626645304741664,3.465351448023316e-07,0.01565724663461671,0.006805675946368894,7.440010641681852e-06,0
0.24200025555368454,0.7084824575150505,0.0002515056305605432,2.469479678500167e-07,0.04664092623362133,0.002619306216736128,5.301902379321008e-06,0
0.12382743628661365,0.8169137411047229,0.000577350503189976,1.953254265070506e-07,0.045619958194595495,0.013056644236054953,4.674349396637928e-06,1
0.08500346137895111,0.8582807803308294,0.0006574218057764274,1.9815560699345124e-07,0.041078560799704504,0.014974835450445092,4.742078686600623e-06,1
0.02739646740817248,0.8840394994045052,0.0022160286983471567,2.0879231547972636e-07,0.02994924979752622,0.056391418710937585,7.127188195837739e-06,1
0.026690697253679275,0.935027745221475,0.0010376738607075736,2.1587456535920775e-07,0.020809477226598996,0.01640924092604276,2.4949636930920594e-05,1
0.05095837063156952,0.9031562305587245,0.0006415981966779859,2.0851622822929594e-07,0.01627218618456488,0.028963153832968574,8.252079266335867e-06,1
0.43578235092982814,0.5061095876908728,0.0018101025228627176,3.482096230985457e-07,0.006728620503459442,0.04953157671675641,3.741342659748121e-05,0
0.048488116364167444,0.9317592650843852,0.0004521460595042961,1.8503419035168015e-07,0.011422275507751227,0.007871120293434026,6.891656567192664e-06,1
0.017022109340445415,0.9633653246947823,0.0010676161065227272,1.8519624977958945e-07,0.008395243885419247,0.010145634261018135,3.886515562084468e-06,1
0.020162654997704754,0.9652738543177087,0.0012545606333895754,1.9168971299163537e-07,0.00777599927505223,0.005526478193417729,6.260893014039696e-06,1
0.024687535448616356,0.9624130939646155,0.0009116654309965845,1.98323999908068e-07,0.007662510517666822,0.0043190034633536645,5.9928507510470845e-06,1
0.9475175136895431,0.04182584871273763,1.405486397068741e-05,3.4811399394283655e-07,2.3753685911216684e-05,9.830273822176356e-06,0.01060865066002146,0
0.9837225467117646,0.015542797465556268,8.228426224698368e-06,1.7158542239829997e-07,1.1729340161713051e-05,5.788160970568196e-06,0.0007087383098999093,0
0.9867053355970076,0.01285540847358838,6.8057105194672e-06,1.5420135546462053e-07,1.0521985983108584e-05,4.787373299589798e-06,0.0004169866582462077,0
0.956453317603399,0.04311553608155757,8.012610617420499e-06,1.984581202462257e-07,1.5095651389621438e-05,5.57851601918941e-06,0.0004022610788972492,0
0.9711942065991552,0.028160126875627745,9.074434506604072e-06,1.6805255222272577e-07,8.97632353999994e-06,5.668985221378529e-06,0.0006217787293969747,0
0.969568225914354,0.029957159393769233,8.12370424471194e-06,1.6507817065351514e-07,8.944289989984973e-06,5.71449589042217e-06,0.00045166712358123964,0
0.9597185005245752,0.04005019478237983,7.2443413610362325e-06,1.6413969623375263e-07,8.068929116773168e-06,4.509496073000401e-06,0.00021131778679806345,0
0.9684070088528992,0.031432131197577165,4.0902765808142255e-06,1.0130887924975421e-07,4.833432976953871e-06,3.2180444326166863e-06,0.00014861688665385671,0
0.9678794769878815,0.031915269271275686,4.088048435815904e-06,9.080958539616546e-08,4.830800003535193e-06,3.216291429007946e-06,0.00019302779138918484,0
0.9790848348083667,0.02075397761889815,4.150375627024961e-06,7.686222389912429e-08,3.914113565548629e-06,2.5928247182401225e-06,0.00015045339660041252,0
0.9428409047442714,0.056896480636274914,6.925625120379796e-06,1.2498458624566363e-07,6.0219556583291595e-06,4.326579956874217e-06,0.0002452154741314225,0
0.9614184403597348,0.03791255394329399,1.0258928683635095e-05,2.163112693067603e-07,1.3837236595442807e-05,6.4089630105742e-06,0.0006382842574123063,0
0.9414337362861772,0.05764215901099649,1.0208411976704903e-05,2.1524611588438598e-07,1.631539371217527e-05,6.5075489183943715e-06,0.0008908581021030821,0
0.9161636179004881,0.083665412445584,3.985730798326437e-06,7.293435184525026e-08,5.111581788857595e-06,2.4899677192735135e-06,0.0001593094392696004,0
0.8781902952303189,0.08886159335135653,3.1552941948287713e-06,1.1790423625418228e-07,6.467086601773331e-06,3.239245000314637e-06,0.03293513188829136,0
0.9678124161087162,0.025971133219253033,8.582786736890658e-06,1.7551290441518917e-07,1.1474981834248109e-05,6.108208019231994e-06,0.00619010918253605,0
0.9677149382504051,0.021929533989804465,1.0614667838961833e-05,1.985669767814777e-07,1.1952495822508373e-05,6.754238096929422e-06,0.010326007791055069,0
0.9631382002260606,0.022098909553016875,1.0887570469744347e-05,2.0367212478726733e-07,1.286128568260476e-05,6.9278892533808515e-06,0.01473200980339196,0
0.9625405415922451,0.022008375789747226,1.0842966788050246e-05,2.02837730497998e-07,1.2808596178150304e-05,6.899507405664826e-06,0.015420328709905331,0
0.9363868254738015,0.020783836287335995,9.942267973080287e-06,2.0331349035262272e-07,1.2838638990405708e-05,7.075725265489152e-06,0.0427992782931431,0
0.9265386085272818,0.02056524742729403,9.837702627567457e-06,2.0117519098031612e-07,1.2703611778749257e-05,7.001308074246367e-06,0.052866400247752805,0
0.860906656490384,0.03358704064166102,9.52141131339188e-06,1.9470722097313363e-07,1.1692515239146195e-05,6.914492705203443e-06,0.10547797974147612,0
0.9034698594383253,0.019926595158221448,1.0464672553520198e-05,1.9073014346451907e-07,1.1437241458208634e-05,6.688156484173124e-06,0.07657476460281376,0
0.9022835299022707,0.016907170143815348,1.016628917380954e-05,1.8529177885936014e-07,1.0886155530083718e-05,6.401437484752864e-06,0.08078166077994647,0
0.8857381975421454,0.016320102070941447,9.813284871919888e-06,1.7885788799477144e-07,1.1148379161742914e-05,6.179160218017527e-06,0.0979143807047734,0
0.9185148546939322,0.017458264586164944,1.0089481374702893e-05,1.8494859235664486e-07,1.1528018451625568e-05,6.485420210670029e-06,0.06399859285127346,0
0.8738226579660913,0.02076735117253354,1.0093555080050048e-05,2.1428905652537122e-07,1.1707109399756854e-05,6.5010570337200845e-06,0.10538147485080519,0
0.8000800553030605,0.14984352958303912,2.017450271120005e-05,2.027976808727883e-07,3.4216848110017206e-06,6.9768843699023e-06,0.05004563924432741,0
0.5670140198926091,0.11455741357134183,1.9698328460884735e-05,1.6979474243008454e-07,1.2619730800435643e-05,5.841478459978779e-06,0.3183902372035853,6
0.3216923075428075,0.06549745157095949,1.2175576617306736e-05,1.0495047332460329e-07,7.891732040955432e-06,3.610629637385189e-06,0.612786457997464,6
0.3289282576314704,0.05920801156884673,1.2287258567637094e-05,1.0591314424503633e-07,7.964119908365808e-06,3.57087710191518e-06,0.6118398026309608,6
0.2714362401372871,0.04738932634662172,1.0428468938010414e-05,8.989083519374343e-08,6.7593252494689575e-06,3.0306826159625875e-06,0.6811541251484525,6
0.1718207974318284,0.02276019360877529,4.516968063060399e-06,5.002156327699376e-08,3.349298580539003e-06,2.202036892710231e-06,0.8054088906342968,6
0.1550389636820653,0.016134940807494426,3.864713106503323e-06,4.279839673548698e-08,2.778233508553845e-06,1.8840604408646417e-06,0.8288175257049877,6
0.29664961233045195,0.05020634920325414,8.667099070661612e-06,9.135659908038408e-08,5.930361512401978e-06,4.021677620380708e-06,0.6531253279714914,6
0.42359667463256073,0.06988324885803314,1.1305855996435454e-05,1.2769558740182395e-07,5.724117139918358e-06,5.62138358087755e-06,0.5064972974571016,6
0.46753409595696854,0.05377430654854619,1.4778396179866018e-05,1.2929418874869386e-07,5.795776478785879e-06,5.691756814177974e-06,0.47866520227082376,6
0.818187903022778,0.1516020551978869,1.8012185836909073e-05,2.2308176167633245e-07,9.509916303178199e-06,8.7646353167925e-06,0.030173531960116805,0
0.2936747535213191,0.14078327099499796,1.0715003997481823e-05,1.177696915149949e-07,6.4382491616341325e-06,5.606459255288176e-06,0.5655190980015771,6
0.3620027051104881,0.6379594209771884,1.3913344668139021e-05,1.94618036044374e-07,1.012470344648198e-05,8.657131910540503e-06,4.9841142623680076e-06,1
0.6341317634227007,0.3658275431805986,1.3359012070120804e-05,2.03936832019691e-07,1.1968456171593256e-05,1.0751046633733453e-05,4.410944993163017e-06,1
0.29009827439357605,0.7098356324851474,1.1619790362499416e-05,9.962201702291367e-08,4.390143896954155e-05,6.571876579798457e-06,3.900393347871762e-06,1
0.28471458433898766,0.7151458899483969,1.1706717639280142e-05,1.00367286117884e-07,0.0001171680150490557,6.621040576445469e-06,3.929572064658113e-06,1
0.3662633988360984,0.6321619235285878,1.635217389168089e-05,1.6201646913369578e-07,0.001542590188153687,1.054587786350419e-05,5.027378935999465e-06,1
0.2068692771114161,0.789904033396907,1.478658044487186e-05,1.1918461222079715e-07,0.003194813536451798,1.0304422513024838e-05,6.665767655035495e-06,1
0.07608435206179065,0.5816580351626482,1.0816536229784481e-05,1.2640611921377892e-07,0.3422041027602305,3.24110431047953e-05,1.015602987685649e-05,4
0.07563498864245403,0.3658166480989245,1.1903948021542724e-05,9.203809242420688e-08,0.5584910306622538,3.670906584185741e-05,8.627544411829788e-06,4
0.003678419894773745,0.030996477006771543,1.004198956033362e-06,1.2970931479853552e-08,0.9653204141070315,2.8440548675448254e-06,8.277666683312906e-07,4
0.004464429432004359,0.0538635803669156,1.8297275297785394e-06,2.9290321885724836e-08,0.9416632630813841,5.417690852408968e-06,1.4504109915794674e-06,4
0.07856943690393389,0.8761667720047336,0.00368174422972456,1.8776249214423004e-07,0.038344129568831695,0.003233837725126354,3.891805157764256e-06,1
0.14281321197693522,0.7818820416801265,0.0032805224142021688,1.9827658631037776e-07,0.06592292865606914,0.0060958753442800235,5.221651800837746e-06,1
0.5497584796458469,0.4281656462329016,0.0007056049537793136,3.3755330006434307e-07,0.016163809058855227,0.005198875382317694,7.247172998992863e-06,0
0.021593447996668062,0.5929907644648621,0.00029542751035110433,1.1142144257611795e-07,0.061012776954791716,0.3241048052158643,2.6664360200918567e-06,1
0.040211023046953134,0.9078163447681533,0.0009013878421276306,1.9408274981517942e-07,0.040513744097148544,0.010549625291938132,7.680870929346089e-06,1
0.029800659022312468,0.8772141972049585,0.001402723396133006,1.8030064018872036e-07,0.025816456148016025,0.06576129588522815,4.488042711902215e-06,1
0.43636690238218845,0.5097340566204557,0.0013848385841839044,3.5070330231466305e-07,0.007178894123728842,0.04529727622586742,3.7681360273408e-05,0
0.05184673846321854,0.9192773054608071,0.0005134522587807729,1.8943502887378749e-07,0.0157765992323961,0.012581521005235515,4.194144533069481e-06,1
0.09586717940519401,0.8859851497937584,0.0006213422759414459,1.661017910696991e-07,0.011847927684764442,0.005674340886054404,3.893852496231252e-06,1
0.04537398052559342,0.9292729434736204,0.0007520846371798373,2.3142846471928854e-07,0.012803167735412194,0.011793154277001566,4.437922727895287e-06,1
0.03749735342491938,0.9371527923086739,0.0009236824170733933,2.2896628856620322e-07,0.01208145548265758,0.01234004190175427,4.445498632921353e-06,1
0.9588129451905724,0.03704998923295598,9.746161953604613e-06,2.0529213227134868e-07,1.3806284803631512e-05,6.982993664213145e-06,0.004106324843918285,0
0.9573546503079355,0.04186211125341727,1.1635279633083315e-05,2.0997824535928196e-07,1.4638007416175761e-05,7.403665395702533e-06,0.0007493515079570016,0
0.9518316215248496,0.04737835766938141,1.173603405745654e-05,2.1179652888225973e-07,1.4764763631556637e-05,7.467776621966057e-06,0.0007558404349289606,0
0.9575957755117085,0.041722860576819946,8.70158497364409e-06,1.7166270793323818e-07,1.2829975825067393e-05,6.0526901169370385e-06,0.0006536079978479329,0
0.9864814323245225,0.012852491323024249,6.804166166962029e-06,1.3826442591085003e-07,1.0519598333007113e-05,4.786286948366475e-06,0.0006438280365790218,0
0.9748345546811984,0.024456147122074032,8.167829140942853e-06,1.659748129894073e-07,8.99287199836178e-06,5.745534875912195e-06,0.0006862259858994698,0
0.9633127696708222,0.03643466660996929,6.434336977627244e-06,1.5936708802926602e-07,1.2122204931116514e-05,4.3783757014514475e-06,0.00022946943451035488,0
0.9698932524405502,0.02998131789707065,3.7157689019079696e-06,9.203298983963803e-08,4.390881543185642e-06,2.5869816134373164e-06,0.00011464399733086509,0
0.9565015128591375,0.043309116847238226,5.44963095244334e-06,1.107395199611947e-07,5.431534681989255e-06,3.904587117920524e-06,0.00017447380135182655,0
0.9101058324206271,0.08867041412843985,1.522743640139481e-05,3.4571008928906704e-07,2.629632379520588e-05,9.897968529476e-06,0.0011719860121176939,0
0.9236033570077368,0.0748726863839422,1.201418577003346e-05,2.975700228120378e-07,2.030479952389223e-05,8.519678228558287e-06,0.0014828203747760376,0
0.927935248372391,0.07052900492963016,1.186878460409418e-05,2.9396869442461026e-07,2.005906156199878e-05,8.416569189662808e-06,0.0014951083139287198,0
0.9345550129520037,0.06320809321926679,8.54953740533291e-06,2.1175684223918894e-07,1.339235468306559e-05,5.95233359632079e-06,0.002208787846202378,0
0.9420363077229728,0.05590832036688315,8.74622345190232e-06,2.1662840594602398e-07,1.7737807151405842e-05,6.08926977279653e-06,0.0020225819813618514,0
0.9586093087519189,0.03994827439118139,8.190519531626832e-06,1.8193954756746453e-07,1.5584550329733548e-05,6.4439299539355716e-06,0.0014120159175369294,0
0.9676614856375346,0.02720419946242073,8.638883853213233e-06,1.7042575579679328e-07,1.1549982345211344e-05,6.148131282652318e-06,0.005107807476807864,0
0.9689149930800379,0.022294747567011632,1.0791444090301024e-05,2.0187390322776194e-07,1.274773336796389e-05,6.866722906585445e-06,0.008759651578682416,0
0.9648649650469955,0.023363626459793254,1.0952187932468984e-05,2.048809138341958e-07,1.2937617096531867e-05,6.969006105559651e-06,0.011740344801162974,0
0.940510379391429,0.023555532711435845,1.0732297484699522e-05,2.1946912585991237e-07,1.3385243360090814e-05,7.637974421414325e-06,0.0359021129127427,0
0.9354890669893502,0.02106235432070691,9.957264263425185e-06,2.0362015560652837e-07,1.2858003984233551e-05,7.23101112294136e-06,0.043418328790416634,0
0.9123857511000423,0.021134731486060737,1.0585339535212804e-05,1.9292943165169878e-07,1.1585755825555999e-05,6.765276876799409e-06,0.06645038811222771,0
0.9092404864452126,0.017124927473427035,1.0215516187706326e-05,1.8618899521991464e-07,1.0625130841742638e-05,6.432434404733575e-06,0.07360712681093087,0
0.851453394711122,0.029106500828574185,1.0737195588206476e-05,1.9721665694151435e-07,1.2453642190566674e-05,6.9156130171721285e-06,0.119409800792851,0
0.8092965838373654,0.1355395505371992,2.029181348963325e-05,2.039769096323863e-07,3.4415812374206393e-06,7.017453584826111e-06,0.05513291080021393,0
0.1672537185910329,0.018909724335905063,4.307093767017549e-06,4.7697384705624936e-08,7.448103812888904e-07,2.0997224782034298e-06,0.8138293577490509,6
0.29088303660870557,0.03430082842775658,7.322733954138525e-06,8.109302406697867e-08,5.26410739554728e-06,3.5698570584069424e-06,0.6747998971721056,6
0.47629930808836446,0.060444704802846284,1.100630165441951e-05,1.352922304180058e-07,8.288107153081385e-06,5.955801121763875e-06,0.4632306016066295,6
0.37910582159746564,0.048033064422735146,1.0099882869917665e-05,1.1407455359155291e-07,5.113536972794538e-06,5.021761797748167e-06,0.5728407647236052,6
0.3956697803200833,0.04813793698739846,1.267198849211537e-05,1.2254378118212586e-07,6.232498221099292e-06,5.3945920410560255e-06,0.5561678610699827,6
0.4177460929513787,0.08346596566565208,1.411952496315079e-05,1.4917352596878568e-07,6.800633199622906e-06,5.860862601280032e-06,0.4987610111886792,6
0.8170349014515184,0.14774599586814371,1.755403863597027e-05,2.0211505269218565e-07,9.268027752009939e-06,9.36550370144201e-06,0.03518271299519617,0
0.7676698536567245,0.20069675654813493,1.9172694100102046e-05,2.1734798929330978e-07,9.966537226110503e-06,1.0071359708806944e-05,0.03159396185611635,0
0.5524826808172478,0.2845836521335914,1.7418878463187e-05,2.0511860772869482e-07,1.3161219723320703e-05,1.028669448812635e-05,0.16289259513787838,6
0.627785384806168,0.36935999223630595,1.7984365210286952e-05,2.0272756778521937e-07,1.404518040178159e-05,1.057152649601045e-05,0.0028118191578500942,1
0.6457613200220188,0.3541955648700557,1.3940422886140031e-05,2.1367614153146828e-07,1.3038089789240797e-05,1.1301322816744531e-05,4.621596291912676e-06,1
0.6534668501328607,0.34649288404482875,1.3213635589695116e-05,2.1697999208437552e-07,1.1838212106746056e-05,1.0634050757668612e-05,4.362943864405032e-06,1
0.43460485231503126,0.5653476187680858,1.7561525144194728e-05,2.505750580593112e-07,1.4475145928487397e-05,9.722327290218904e-06,5.519343461882117e-06,1
0.3511413750519651,0.6488173919701952,1.4788736721213899e-05,2.225984103472168e-07,1.3334394847157401e-05,8.220492596629114e-06,4.666755264688654e-06,1
0.2992558121027782,0.700710829312426,1.1470420149010859e-05,9.834139478390174e-08,1.1212733780147154e-05,6.726834944872627e-06,3.850254527042326e-06,1
0.24571606906657228,0.7542411832617271,1.1672376590711929e-05,1.5674479487368715e-07,2.0155233021782096e-05,6.845272424208902e-06,3.91804486896733e-06,1
0.23542419771243545,0.7645074428389044,1.1232507187154675e-05,1.5083792244749621e-07,4.66183980813393e-05,6.587310742196376e-06,3.770394727093515e-06,1
0.0024723711303782704,0.03300260317648036,1.6624133940185814e-06,2.3091065595924692e-08,0.9645194961400714,2.955371361925168e-06,8.886772485570595e-07,4
0.0027192789068566287,0.035907035071435126,1.9592589481516377e-06,2.575800132721457e-08,0.961367840349808,2.869338649112204e-06,9.91316301653835e-07,4
0.056610694040831445,0.9164496872934678,0.006779170694551842,2.2016933989017432e-07,0.015455661144730024,0.004700617404575879,3.949252502783913e-06,1
0.09859045540391637,0.8492522615080301,0.006310176374390396,2.4033961020672375e-07,0.04155551402630157,0.004286370762111264,4.981585640113278e-06,1
0.1723309061005915,0.7557573798728704,0.0041636997301888615,2.0590577450748859e-07,0.06250598284419713,0.005236959599908962,4.865946468761513e-06,1
0.17903275874166982,0.7515262496451948,0.003265515068563747,1.8373530288785513e-07,0.061088247933202285,0.005082206171744148,4.838704322355094e-06,0
0.5701532739793528,0.4079784640465278,0.0007079322061772738,3.2163831476376144e-07,0.016199429295262184,0.004953758462194654,6.8203721704223344e-06,0
0.06194900073550419,0.8630278195040503,0.0004940098267935619,1.6188214652461978e-07,0.06701994400207355,0.007505190034013506,3.874015418604474e-06,1
0.049512670241191804,0.8675669421005177,0.0006289890270490696,1.9496782576902217e-07,0.07931018131335694,0.0029769811979564733,4.041152102642034e-06,1
0.17644315328629914,0.7833047777439016,0.0004700962719379344,2.503522242234486e-07,0.017860191838842424,0.021916993154676365,4.537352118358478e-06,0
0.07890393106680105,0.8274182154989386,0.000675930428655374,2.035928312890188e-07,0.036240500907053004,0.056756710903481444,4.507602239139684e-06,1
0.09601086744754907,0.8822222022538446,0.0006839840828427368,1.858239624497419e-07,0.016521314026330027,0.004557546676774799,3.899688696335127e-06,1
0.07158068794154894,0.9130486442288605,0.0009970256046597256,1.4486156424720394e-07,0.00926943897665588,0.005100117119180612,3.941267530168546e-06,1
0.056420201988733834,0.9007130705844038,0.0007276521923029188,2.494995762498358e-07,0.020524052482890867,0.021609816294060807,4.956958031306458e-06,1
0.025823533936895536,0.9570241522483655,0.000972563372276881,2.209529866474118e-07,0.009083888216229881,0.007086897006310415,8.74426693515225e-06,1
0.9617539688585268,0.0355670563443635,1.139205568438922e-05,2.1310945296585542e-07,1.4167134284910331e-05,7.2488991340277875e-06,0.002645953598553691,0
0.9602265741912084,0.03881515891419927,1.1872386621658971e-05,2.8180101231858393e-07,1.6013467653647304e-05,7.5545393636478676e-06,0.0009225446999413102,0
0.956463975964679,0.04233843317990958,1.205020182078229e-05,2.1746621605539986e-07,1.5160008971119394e-05,7.667685268008948e-06,0.0011624954931352286,0
0.9794803359178602,0.020065005060438127,6.699813190984476e-06,1.6931509065389058e-07,1.0013976643227723e-05,4.651682401776127e-06,0.0004331242343751632,0
0.983128747158793,0.016563237522971983,6.15367644872438e-06,1.973201944365824e-07,9.897714926176064e-06,4.27249949017597e-06,0.000287494107175663,0
0.9735045309632449,0.02524453701638867,8.539638028257486e-06,1.7288014614074225e-07,9.900126061714808e-06,5.831836414139833e-06,0.001226487539716076,0
0.9796920878928026,0.020056600771256733,7.790848895432249e-06,1.7652226853600376e-07,1.1234837864942298e-05,4.849688984598847e-06,0.00022725943792706497,0
0.9450820825844333,0.05467567050335976,6.3050576475595536e-06,1.2812226429853167e-07,6.284120811760117e-06,4.435196670202208e-06,0.0002250944148132577,0
0.9078098026365519,0.09197325583302546,7.3008483040197345e-06,1.6542001034295458e-07,7.276604804486146e-06,4.628994179162846e-06,0.00019756966312482562,0
0.9282213783680142,0.07139715831663264,1.1004133442360367e-05,2.498279982675711e-07,1.584142455115789e-05,6.9910063926056726e-06,0.0003473769229685889,0
0.9311225650846997,0.06742213404359632,1.5473823071767862e-05,3.262682111263417e-07,1.946716744452717e-05,9.666814416726217e-06,0.0014103667985599126,0
0.9367735813055551,0.06190577242844631,1.440294862824078e-05,3.036886399751136e-07,1.8119931405474744e-05,9.18143713060175e-06,0.0012786382601940975,0
0.9101243809921232,0.0890550860452704,1.1744153337518304e-05,2.4824573988592586e-07,2.421508386168567e-05,7.336813292281931e-06,0.0007769886663749124,0
0.9430916250498418,0.05631666960579995,3.348676324727231e-06,7.324532283670932e-08,4.000628866787814e-06,2.2148329903041225e-06,0.0005820679608535015,0
0.898454679328351,0.10075529440382026,9.39353581965215e-06,2.465003060013907e-07,1.8888421608900457e-05,5.859070765935667e-06,0.0007556387393283823,0
0.8857814802246913,0.1115618852291455,8.223932232854235e-06,2.0369218097484703e-07,1.2882313057450248e-05,5.725641728048277e-06,0.0026295989669639012,0
0.9372425363387192,0.060697755637981333,8.701716254716513e-06,2.1552604179622744e-07,1.7647544184209443e-05,6.846116391993794e-06,0.00202629712042643,0
0.9704383814301043,0.024313718136674916,8.126650465276043e-06,1.603205426967147e-07,1.0865138482528574e-05,5.901610959801274e-06,0.005222846712770389,0
0.960055085368424,0.028595619122254824,1.0381708449077776e-05,2.0841593404177726e-07,1.34060968022832e-05,7.2213584441202825e-06,0.011318077929691552,0
0.9551834728918811,0.01988163238830673,1.014436520525015e-05,2.0744625903018325e-07,1.3099610975048889e-05,7.219554067491026e-06,0.024904223743305493,0
0.9510771631866846,0.022789240410881383,1.0161757220937827e-05,2.0780191544814574e-07,1.3122069614398997e-05,7.379514849589308e-06,0.02610272525883376,0
0.928810992501311,0.03360347559706132,1.0054998392321169e-05,2.056187606457626e-07,1.1925831537693913e-05,7.3019860970347694e-06,0.03755604346684007,0
0.9203059594151938,0.018806528510981985,1.2369145508799039e-05,1.946042071366983e-07,1.1669551888213795e-05,6.824004670508731e-06,0.06085645476754975,0
0.7822391986053918,0.026130701886184462,1.2443740093298765e-05,1.9869327590717725e-07,1.211668744980716e-05,6.967392240584125e-06,0.19159837299536414,0
0.8625983518179006,0.02795864545915442,1.0313759336593098e-05,1.8943914359689755e-07,1.1962515478308598e-05,6.642886192970802e-06,0.10941389412279354,0
0.8038635263023656,0.15791274763117402,1.1559632656377338e-05,2.123228630077979e-07,1.340755393475699e-05,7.445328290375731e-06,0.03819110122871587,0
0.3826327782492883,0.057093027973262635,1.1330632261371086e-05,1.2547707460355847e-07,9.435226147018433e-06,4.230477866661469e-06,0.5602490719640993,0
0.5546915404229609,0.07208332752314245,1.598625377200307e-05,1.7703410638607366e-07,1.331204791604661e-05,5.968730710982298e-06,0.3731896879873913,6
0.18696555790117778,0.019146653430237883,4.483829229783081e-06,4.965457900290431e-08,7.317314378214412e-07,2.185881601718737e-06,0.793880337571736,6
0.4589853074754003,0.048062432078992974,9.243856295053339e-06,1.1362780842183353e-07,1.6744687257975584e-06,5.0020952923270015e-06,0.49293622639748513,6
0.5160830555648074,0.06022300943118425,1.0706001197126952e-05,1.3160086160599952e-07,1.93932744200421e-06,5.793300596467892e-06,0.4236753647739112,6
0.697493196769226,0.09191768897373477,2.2774211309979787e-05,2.3090200471711096e-07,1.1109316901449077e-05,9.449721233588842e-06,0.21054555010558945,6
0.816226334744908,0.14144060390663862,1.6466869226938628e-05,2.587692015646352e-07,1.964197345054917e-06,8.346415029785874e-06,0.042306025097650315,0
0.8345621903275741,0.1317058513005938,1.6979907285168498e-05,2.5000107346704334e-07,2.1565299786645784e-06,8.606454051232456e-06,0.03370396547944345,0
0.6745155855842186,0.25224472786418994,1.757776014476777e-05,2.1764808526649473e-07,1.2901287646304776e-05,1.2184312433466225e-05,0.07319680554328153,6
0.6082088761996393,0.39165065072570554,1.6525134995624046e-05,2.0461446515064142e-07,1.3434852924539417e-05,1.0458094350337336e-05,9.985037791936582e-05,1
0.5399169295449472,0.4600365466904338,1.5317186991850883e-05,2.224295188077105e-07,1.367450715776142e-05,8.656657832603057e-06,8.652983118014338e-06,1
0.4141803640457527,0.5857181553111833,3.14089097483972e-05,4.897577121299966e-07,2.8367639047167747e-05,1.9060711714496234e-05,2.2153624841952704e-05,1
0.37738522728193397,0.6225747864207328,1.6520423541195593e-05,1.986619144832621e-07,9.593077959047949e-06,8.586457043797921e-06,5.087676874611968e-06,1
0.6827375808555144,0.31721829491200726,1.4539170065954911e-05,2.2326946699081468e-07,1.4741517943772176e-05,1.0130864979151139e-05,4.489410022366304e-06,1
0.46916583467366024,0.5307916920482703,1.6151783066729818e-05,2.304602787329726e-07,1.2072880973528549e-05,8.941872645228247e-06,5.076281105150067e-06,1
0.18303802389213042,0.8168917377732887,1.143140680315047e-05,1.5350888489181317e-07,4.7443893344526954e-05,7.372366558270718e-06,3.837158990038218e-06,1
0.2822034772086368,0.7160225325779539,1.448392116870216e-05,1.167450807415752e-07,0.0017432900336612264,1.1646517788096121e-05,4.452995710329068e-06,1
0.1901240599546824,0.8069926842261855,1.3178050626055661e-05,1.0107373414856032e-07,0.0028530575376555685,9.183475655860863e-06,7.735681460545231e-06,1
0.1779545954547745,0.7891347970610765,1.529944531010244e-05,1.2134037020594263e-07,0.03287090542297197,1.1024885399223087e-05,1.325639009749719e-05,1
0.09353587147805191,0.49619689203432243,5.055316685795839e-06,7.195223043624892e-08,0.41024753544329023,6.713021134278276e-06,7.860754285066558e-06,4
0.013546225607868364,0.08333830090674349,2.7066250985020354e-06,3.48741371631569e-08,0.9031013194046978,9.187016669536936e-06,2.2255647850204135e-06,4
0.009129192890719515,0.07654750787422614,2.419020072062463e-06,3.1345755329275634e-08,0.9143112107373718,7.637738013220123e-06,2.000393841841129e-06,4
0.004950260530678529,0.054132621738157374,2.7267787013536896e-06,3.78751916250649e-08,0.9409073434768512,5.551944819780644e-06,1.4576556002627487e-06,4
0.607777092812068,0.373151326454602,0.0004200020974711718,1.482933261711599e-07,0.013572172756379857,0.005075352253061974,3.9053330908256006e-06,0
0.7210150915096569,0.261772304657954,0.0004687770903905639,2.0637364552754483e-07,0.014897196052923759,0.0018420481419324042,4.376173496924617e-06,0
0.054439924431867306,0.8392887327780875,0.00031419541884404524,1.4217272549899637e-07,0.10424100151936924,0.00171260133151897,3.402347587504768e-06,1
0.03372408660319957,0.9090448011316635,0.0006974189434983517,2.0572837745428748e-07,0.045434905119267656,0.011094265072634064,4.3174013593151936e-06,1
0.05910415447648357,0.8811378928870791,0.0007957139281505387,2.0481188840200892e-07,0.03946843695188797,0.019489351751796308,4.24519271421947e-06,1
0.23064201701044412,0.7148315522027436,0.0012795700054942984,2.925807888439248e-07,0.01377686084042069,0.03946402675312914,5.680606979173899e-06,1
0.3844400950321758,0.5776611157192354,0.00048673708305414315,2.489042999634027e-07,0.025116499459863027,0.012291416911894079,3.8868894775417104e-06,0
0.2237422782003008,0.736351286077346,0.0005011148834099123,2.1133351093696384e-07,0.025697970227765505,0.013703371760040295,3.7675176265881243e-06,0
0.09267448402197336,0.8304522153791186,0.0006515563878959009,1.9625127695472638e-07,0.041574251356875265,0.0346429515446877,4.345058172403641e-06,1
0.042296092436398654,0.8635929183951568,0.0007173022296557758,2.0399671296224323e-07,0.05608956624126637,0.03729903483811886,4.881862690399717e-06,1
0.12278578984246631,0.8571366887423192,0.00065332751659348,1.769401430884625e-07,0.015544612853296683,0.003875690851697739,3.713253483746038e-06,1
0.11979066728117582,0.8630161678818418,0.0004735115190802649,1.6705523638130304e-07,0.013340007604615393,0.0033759728485282087,3.505809522041354e-06,1
0.11983076686960414,0.8633050601129688,0.000552531100185717,1.671111576510958e-07,0.012074435194871596,0.004233532628130104,3.506983081903175e-06,1
0.07860109611530683,0.8915455097359978,0.0006810537130225974,2.178234628626906e-07,0.015510033575112063,0.013657266364694814,4.82267240315147e-06,1
0.9517319240711565,0.0474718562853551,1.182811994945102e-05,2.1345837411787963e-07,1.4880614218087241e-05,7.5263719590349995e-06,0.0007617710789876931,0
0.9753951406441497,0.02368438819573225,8.492822251484668e-06,1.957533874780406e-07,1.2522167456064136e-05,6.044181985724603e-06,0.0008932162350373693,0
0.9809706836353888,0.018795434808602747,7.122486752669296e-06,1.61378758088346e-07,1.0232918000159699e-05,4.4336433694180975e-06,0.0002119311291279502,0
0.971647707335763,0.028194899892914738,2.93775711058157e-06,6.525766741638543e-08,3.4715139223516974e-06,2.31129429203665e-06,0.0001486069483298376,0
0.945017103499102,0.05472498420468662,5.003345835079733e-06,1.1405235250546719e-07,5.807974808408704e-06,3.847374480573426e-06,0.00024313954873494305,0
0.8967341979884514,0.10297661621221146,7.211775340524263e-06,1.6340182698546913e-07,7.18782762036576e-06,4.572518792691071e-06,0.0002700502757566847,0
0.957467492720863,0.041189672935382345,8.977560911889622e-06,1.8174564745006972e-07,1.3236886132409673e-05,6.244654780729976e-06,0.001314193496282193,0
0.8861697356483248,0.11266885993492574,1.029250520116605e-05,1.883411684567643e-07,1.795324179282982e-05,6.561155764702614e-06,0.001126409172822336,0
0.9149190615473286,0.0840469842124665,5.379188869404179e-06,1.1599371466996898e-07,7.6090112830699e-06,3.4281523944896273e-06,0.0010174218939431533,0
0.93961269480723,0.05964922213812358,8.988609157992038e-06,2.0366069228765616e-07,1.78048930665159e-05,5.595277152138856e-06,0.0007054906145774882,0
0.9222879945229916,0.07568911465332198,8.562872599467893e-06,2.1208713129072395e-07,1.3413243491565547e-05,6.736880489983463e-06,0.0019939657399740663,0
0.9677150820323622,0.02949639661107862,8.69434767608549e-06,1.7601215553474535e-07,1.4755883525160526e-05,6.0748883042538625e-06,0.002758820224898054,0
0.9475926885762467,0.030497909900824814,1.0456918451417889e-05,2.1383778776099836e-07,1.3503216903162268e-05,7.5938622932443e-06,0.021877633687493,0
0.941144574808916,0.0309008344972565,1.0357354295104825e-05,2.1180175974517414e-07,1.2284443784094565e-05,7.521558344820379e-06,0.027924215535643785,0
0.8756670159926654,0.01634444691703365,8.671461192527309e-06,1.6725412311978657e-07,9.490634832451805e-06,5.911988954202107e-06,0.10796429575119842,0
0.730688112206704,0.013114186718464357,8.185526478347668e-06,1.4254776652844182e-07,8.334391333786397e-06,4.924722627416619e-06,0.2561761138866252,6
0.8145577042888347,0.029776720332743093,1.2852354440707963e-05,2.0521775509596464e-07,1.2514562389169679e-05,7.196180081874972e-06,0.15563280706375532,6
0.8659930402917957,0.024133252591830776,1.035434833130735e-05,1.901846665577491e-07,1.200959302410662e-05,6.6690287529990585e-06,0.10984448396159842,0
0.8041706623722689,0.14546845641338965,1.184092554193499e-05,2.1748954196557394e-07,1.3733814262112372e-05,7.6265034142728035e-06,0.05032746248158117,0
0.8222476194669212,0.12546233888188915,1.635516222204165e-05,2.1121773373665933e-07,3.5637513616059726e-06,7.266560933099996e-06,0.052262644958939196,0
0.7937347159552546,0.10652968587976304,2.1141788033877735e-05,2.3412724490437994e-07,1.7401144237181262e-05,7.893634201146088e-06,0.09968892747126513,0
0.596910077088049,0.07342315032349407,1.7567550263246765e-05,1.94545614413616e-07,1.4628822625189414e-05,6.559133757566249e-06,0.3296278225361964,0
0.6082045581343165,0.06999969948946148,1.6748440155118163e-05,1.8547466958235696e-07,1.3946734553559873e-05,6.253305529903213e-06,0.3217586084213138,0
0.6029164562533801,0.07808569008691302,1.6602818987531534e-05,1.8386203952892037e-07,1.382547312557611e-05,6.198935472506425e-06,0.3189610425700818,0
0.5788525258207649,0.08032658973013504,1.5830819451889814e-05,1.7531280404998985e-07,1.3182614895236598e-05,5.910696751730041e-06,0.3407857850051971,0
0.2906106359998722,0.03186233820808348,6.496534395060282e-06,8.120735338368547e-08,5.719165415833641e-06,3.5748900353235694e-06,0.6775111539948447,6
0.2826857597125802,0.030309207331817165,6.179860581236585e-06,7.72488978837663e-08,5.172361819193633e-06,3.4006318858789932e-06,0.6869902028524184,6
0.2746399393359729,0.02900105121122756,5.913135610331496e-06,7.391480809813965e-08,4.949120851602263e-06,3.253859409559067e-06,0.6963448194221199,6
0.2789402710661003,0.026967914816670435,5.893916380764767e-06,7.367456573624677e-08,1.0857003925841529e-06,3.2432835196943205e-06,0.6940815175423705,6
0.36882151203223074,0.046671235249651666,1.2678747344514622e-05,1.141599777956737e-07,5.422570939564626e-06,5.0255223209441885e-06,0.5844840117175347,6
0.7084292743105105,0.09840961860631255,2.2935900425588237e-05,2.423189977483827e-07,1.1311954833017051e-05,9.520445013683798e-06,0.1931170964639071,6
0.4101242818282225,0.06264584192626096,1.230320085189258e-05,1.449799810530875e-07,6.090195141327611e-06,5.696102866577868e-06,0.5272056417666756,6
0.5752221871474018,0.2580639128246429,2.156262896643657e-05,1.9898109431007787e-07,9.990073547479985e-06,9.283108981176382e-06,0.16667286523536587,6
0.6596659686683126,0.25786414792422857,1.750305343667629e-05,2.1672306570548352e-07,1.3072155456663999e-05,1.0811056841242173e-05,0.08242828041865846,6
0.6576784708317907,0.3422689743619906,1.6514134299443648e-05,2.4257638273271224e-07,1.4913094717657411e-05,1.1448261685224411e-05,9.43673913366566e-06,1
0.40019787159646947,0.5997030914852195,3.212922577349222e-05,4.665666242936297e-07,2.7338885339817183e-05,1.799763782323937e-05,2.1104602750255103e-05,1
0.504745393037524,0.4952038594281885,1.7193939311697115e-05,2.8168286200635415e-07,1.5852859196273854e-05,1.0342026611195095e-05,7.077026306478e-06,1
0.558097768917099,0.441850026847007,2.115658852411067e-05,2.2459930202990386e-07,1.4474539868540105e-05,9.707508678565805e-06,6.640999520744459e-06,1
0.4429131930970649,0.5570478277763778,1.48562997890763e-05,1.9698519746810703e-07,1.0367118062365054e-05,8.513986894385123e-06,5.044736613991498e-06,1
0.4691654122312411,0.5307912141172065,1.6151768523474943e-05,2.3046007122383516e-07,1.2973281829274574e-05,8.941864593861262e-06,5.076276534407034e-06,1
0.41108526643465765,0.5888714792913131,1.2790275722112855e-05,9.809955696084302e-08,1.3690648526695822e-05,7.500865056759419e-06,9.174385166752336e-06,1
0.18556428478851114,0.8144009405235246,1.1555472574354937e-05,1.5517492639648536e-07,1.2408522555648821e-05,6.7767139919797235e-06,3.878803915945505e-06,1
0.19105550003332353,0.8089015973643655,1.1477442815435724e-05,1.541270884981119e-07,1.9273490493588772e-05,8.144930101002158e-06,3.852611812376516e-06,1
0.15988774408094755,0.7697394019023337,1.541927098310835e-05,1.0902128157238715e-07,0.07033594052759283,9.474662593126383e-06,1.191053426818922e-05,4
0.017898137457062077,0.1541748092735222,3.5089789093988566e-06,4.233517223349472e-08,0.8279035084824186,7.93370927740672e-06,1.2059763637959595e-05,4
0.017508335995669838,0.11477868301869988,4.196463700103255e-06,4.974658352213803e-08,0.867692687406937,1.2259172936105368e-05,3.788195473518689e-06,4
0.00528141469043249,0.06594074627034568,3.619192169530937e-06,4.613703014366775e-08,0.9287656350827043,6.763008568824903e-06,1.7756187489201431e-06,4
0.005192310905290776,0.07802929888452244,7.473830226346647e-06,5.797403295183575e-08,0.9167608635655373,7.76366557143209e-06,2.2311748185621417e-06,4
0.1369829412235632,0.8528734765574315,0.0023682749805875457,2.053413158983641e-07,0.006589669629912649,0.0011815742288458734,3.8580383433678165e-06,1
0.08185472207379466,0.9070814358942086,0.003713072112893726,2.1793163029298147e-07,0.006230204753962723,0.0011162526430850165,4.0945904248472775e-06,1
0.04962689939523146,0.931932411530176,0.006131684141321005,2.3232464988582693e-07,0.010280646544479851,0.002023761051657685,4.365012483959466e-06,1
0.04541566288164291,0.9356763756304644,0.006034298185595568,2.332579956285256e-07,0.010083911638360504,0.0027851358573676736,4.382548573310003e-06,1
0.10134861793130867,0.8734449749799951,0.005411079623861663,1.94231773144252e-07,0.017878748859006574,0.0019121674608684632,4.216913186251905e-06,1
0.1939101257013642,0.7441129589894132,0.004099547035975261,2.0273325702429478e-07,0.05285227492693797,0.00502009963922711,4.7909738251756016e-06,0
0.6722713452443596,0.3129571678070097,0.0004787926071190042,1.4037154259266396e-07,0.013255445026328893,0.0010341323512422433,2.976592397959324e-06,0
0.08630481641238934,0.8635708569346554,0.0002664555661561356,1.9408112796744878e-07,0.047115771003409045,0.0027382180453199008,3.6879569423372398e-06,1
0.06678273164670107,0.8712743591952831,0.0002754213665841927,1.9079203877470815e-07,0.059439830186938415,0.002223841355248631,3.6254572060188865e-06,1
0.033285336224519145,0.8367165195952939,0.0007199010348874988,5.750333414414879e-08,0.11848843848755983,0.01078581528439716,3.9318700081550875e-06,1
0.03760892776493933,0.8651547730479525,0.0006742824099713056,2.0079805363593614e-07,0.08648506538528708,0.010072588596946352,4.161996849770587e-06,1
0.5632462976594127,0.3896017647500584,0.0011170439269090687,3.0132773972530443e-07,0.013695859742220196,0.03233336071692464,5.371876735316556e-06,0
0.07726223822411538,0.8537126017658083,0.0006753723323544334,2.0449932528797217e-07,0.027565108631579457,0.04077958065606861,4.893890748720271e-06,1
0.13047172059699455,0.8520118842750278,0.00037675762025991485,1.6564103607093588e-07,0.013788602068015927,0.003347393667452541,3.4761312131085965e-06,1
0.44975152413211894,0.5216157641755663,0.001464043359723607,2.5140167059470925e-07,0.011318217314965228,0.01584571778900256,4.481826952668125e-06,1
0.9645402979001254,0.034694752173234464,1.2105498643018913e-05,1.7697310232512945e-07,1.6140047668925635e-05,7.860065040731004e-06,0.0007286673421853663,0
0.9830936964996698,0.01581115806547962,1.010334990195347e-05,1.8710738788040576e-07,1.3627392031965777e-05,6.311769756992246e-06,0.001064915815772213,0
0.9849869363963186,0.014200435456652971,7.662865256658337e-06,1.5979191353729082e-07,1.150406654614287e-05,5.390325730597253e-06,0.0007879110975814323,0
0.9839987711301833,0.01512617349011159,7.31284595296973e-06,1.4860108096291372e-07,1.0409246538757042e-05,5.144109988092967e-06,0.0008520405761444216,0
0.9752172747806702,0.022840841966203555,1.0332673212762992e-05,2.3553552491281325e-07,1.715450668090847e-05,8.129279487442497e-06,0.0019060312582201483,0
0.98554430090454,0.013464568284987403,9.475918242181324e-06,1.754877666584648e-07,1.2781112601484128e-05,5.919800339604892e-06,0.0009627784915225645,0
0.9848638586883713,0.014020290960382091,9.04273122636389e-06,1.9066753750758657e-07,1.2196830225342711e-05,5.6491795324378e-06,0.001088770942724707,0
0.9838539265184431,0.015500340429027301,8.205949280404909e-06,1.7111671600469578e-07,1.1697300046359947e-05,5.77234990680651e-06,0.0006198863365803966,0
0.9822091258582737,0.017131851828498804,8.851976670955576e-06,1.7987706980594968e-07,1.2671702791580438e-05,6.226788024836846e-06,0.0006310919686705538,0
0.9683613127536477,0.031265529960720836,8.613440900669056e-06,2.1333961821160455e-07,1.4557307007455389e-05,5.996824298469705e-06,0.0003437763738064579,0
0.9677917586302616,0.03164243929654806,8.60837479495324e-06,2.1321413977950104e-07,1.4548744940670714e-05,5.993297189361325e-06,0.0005364384421254601,0
0.9720646970665622,0.02778000684958745,3.4473269857415832e-06,8.325680404188858e-08,3.668065692734363e-06,2.474919311087539e-06,0.0001456225150566275,0
0.8894360275130266,0.11020792926144692,8.017367391525144e-06,1.8165464362533771e-07,7.990744589006423e-06,5.083292439749285e-06,0.00033477016646243365,0
0.9346259974256031,0.06498550567742875,1.1265356184576006e-05,2.5524641233041476e-07,1.4922628482251752e-05,7.1426313810529415e-06,0.0003549110345076185,0
0.9202916744480517,0.07531197843281495,1.1771019234503382e-05,2.915472200262433e-07,1.8784149615241313e-05,8.34724035566998e-06,0.0043571531627079356,0
0.936135526030268,0.06262305029328215,1.1973670510072876e-05,2.9656653185047987e-07,2.023632595049286e-05,8.490947444398821e-06,0.0012004261660132204,0
0.9618749991893355,0.03710192495361412,1.094213648244788e-05,2.3071682282203296e-07,1.4758746847395781e-05,6.835776925180286e-06,0.0009903084799723996,0
0.9137974128180519,0.084820467745605,1.1791549770223765e-05,2.4924759690931237e-07,2.0540009508434055e-05,7.366422815206778e-06,0.001342172206652197,0
0.9178166968779847,0.08132104701293215,1.1341890085896374e-05,2.3974277371561986e-07,1.9728372258001464e-05,7.249475923481731e-06,0.0008236966280417879,0
0.9279260241455011,0.07177105434788786,4.593502792647455e-06,9.905163495868677e-08,6.205799055604923e-06,2.927435340163729e-06,0.0002890957177876611,0
0.9094502780936646,0.0571622293833486,3.656657499528054e-06,7.998176983498789e-08,5.24443542816518e-06,2.3638323555329704e-06,0.03337614761593365,0
0.8870923156280681,0.11142790357049957,8.005517010438158e-06,1.98282424212224e-07,1.3979034199089818e-05,5.447517168891626e-06,0.0014521504506296121,0
0.8877706030988985,0.11026820797219176,8.242400006323773e-06,2.0414959489184543e-07,1.2911241753914722e-05,6.484747162616057e-06,0.0019333463903918717,0
0.9223259860753449,0.07569223249393035,8.563225327492751e-06,1.9021862237020152e-07,1.3413796019566957e-05,6.737158000424186e-06,0.0019528770327550257,0
0.9618785184815244,0.030317490568149,8.421576864081037e-06,1.9411123301943192e-07,1.1259448066638497e-05,6.115787867613336e-06,0.007778000026295346,0
0.9617124583998471,0.03109062822873952,8.121608699018001e-06,1.8719718457853863e-07,1.0858397760896182e-05,5.897949605946774e-06,0.007171848218163088,0
0.9617277534760149,0.031382477836421736,8.393943081315699e-06,1.7165116352771255e-07,1.1222502356001082e-05,5.957850384397168e-06,0.006864022740578009,0
0.9558737004264118,0.03606393214059769,9.105562913515897e-06,1.862033675399672e-07,1.2173921154779978e-05,6.462943693911729e-06,0.008034438801860725,0
0.9640507925931815,0.024375778301618134,1.0888059182867408e-05,2.0368126706932758e-07,1.286186299038063e-05,7.069585142122146e-06,0.011542405916617897,0
0.9402330641303007,0.030131884110428126,1.1436046628665915e-05,2.3386037896030015e-07,1.476758366807524e-05,8.304909680675023e-06,0.02960030935891478,0
0.9272745559585766,0.03116488925398476,1.1299580193032388e-05,2.3106972119290163e-07,1.1842862967703318e-05,8.205807127215749e-06,0.04152897546742936,0
0.5807909959306354,0.012228640214967723,7.482044157512274e-06,1.451420691992729e-07,8.486073357458647e-06,5.014350275583663e-06,0.40695923624453706,6
0.7805070156206733,0.01717036596406539,1.1195182572897854e-05,2.052170157352683e-07,1.2370546233630246e-05,7.196154155401339e-06,0.20229165131528365,6
0.7722318722665366,0.017765483089366964,1.1069835221657839e-05,2.0291929444449901e-07,1.2374397961348276e-05,7.115582100714347e-06,0.20997188190951818,6
0.5704182478028994,0.012262389556163305,6.7771326971558365e-06,1.244797529487269e-07,7.860524193214112e-06,4.365015679795634e-06,0.4173002354886142,0
0.6278086467340058,0.09132611266609651,1.7298258379036793e-05,1.9156343680289734e-07,1.4404578313974753e-05,6.458589204575523e-06,0.2808268876105634,0
0.6297970604298716,0.09161536337036787,1.735304592306703e-05,1.9217016205803294e-07,1.4450200910846718e-05,6.479045035021883e-06,0.2785491017377296,0
0.2743288823197641,0.035816854883955,6.659657868266055e-06,8.324641370850539e-08,6.259699166159303e-06,2.8066649767334346e-06,0.689838453527856,6
0.042037207045709964,0.004444497597407741,8.914653222057823e-07,1.1317934965183563e-08,7.714408338361595e-07,4.982353351217986e-07,0.9535161228974562,6
0.039940207703885185,0.00413620837718323,8.094071014298283e-07,1.0276133805938297e-08,6.790626114954007e-07,4.523734220339799e-07,0.9559216327996628,6
0.32330614619958375,0.045356493017520524,1.178369159391551e-05,1.1151211529937262e-07,5.211847230810895e-06,4.3811874922395795e-06,0.6313158725444636,6
0.4372532273000788,0.0637373395979643,1.4156383489209117e-05,1.4956293824069163e-07,6.282712090178906e-06,5.876162178105551e-06,0.498982968281261,6
0.25665223624855343,0.0577349259256119,7.710812932487086e-06,9.692334346267716e-08,8.277215003774305e-07,3.5396226453480978e-06,0.685600662745413,6
0.46182646975638714,0.1450281057227152,1.7659321647275164e-05,1.629611654320069e-07,7.90207303264455e-06,7.602663276378486e-06,0.39311209750177595,6
0.6293336828158993,0.2866873915873474,1.7464915923634925e-05,2.0803224975211178e-07,1.4088382043641998e-05,9.705374536933319e-06,0.08393745889199929,1
0.696151971637599,0.299543119604001,1.997899750447502e-05,2.2479108420962168e-07,1.4281895604006502e-05,1.0428662376225587e-05,0.004259994411831096,6
0.6682530386851969,0.33169705004599653,1.5101499258750578e-05,2.1054718970098166e-07,1.3824391766365405e-05,1.0688494017696896e-05,1.0086336573885649e-05,1
0.6443875170270273,0.35556379809207,1.5417173240924696e-05,2.0575564348047675e-07,1.4006740495384972e-05,1.0445249673347683e-05,8.60996184954488e-06,1
0.5744548146472696,0.4254992688924245,1.5594357709539652e-05,3.1094305667333664e-07,1.4212630928200608e-05,9.379890174838341e-06,6.418638436624036e-06,1
0.6150688384319803,0.3848872823181952,1.7294062225878402e-05,1.8692793719269094e-07,1.2236585061848341e-05,8.079297469601438e-06,6.082377129819828e-06,1
0.5590500029537271,0.4409046095842043,1.4406246700622583e-05,2.241187316000056e-07,1.4443568998264303e-05,9.686737725242548e-06,6.626789912941612e-06,1
0.5740081783217189,0.4259381307992127,1.8362948942494765e-05,2.3218935842209808e-07,1.569011726841148e-05,1.0035561961154471e-05,9.370061538096205e-06,1
0.3881380000772166,0.6118213426498821,1.3963114961557782e-05,1.9128190959647623e-07,1.3288402762500752e-05,8.315796284160465e-06,4.898676983542322e-06,1
0.29141545687550463,0.7085429406423763,1.4606481409365397e-05,1.900232638523724e-07,1.3678456156897125e-05,8.261077876005857e-06,4.866443412944444e-06,1
0.013550547273670483,0.125940115193079,5.605044896625186e-06,2.7534559321611293e-08,0.8604884874508868,5.36629550934967e-06,9.851207398424048e-06,4
0.08048532277278861,0.8920408167071657,0.0006544130388976586,2.0155613590677534e-07,0.024365718172441948,0.0024491518221366176,4.375930433606376e-06,1
0.637051490875103,0.34684806963670517,0.0006134576808886471,1.5953894832464243e-07,0.014308098524849546,0.0011753407043793463,3.383039125954389e-06,0
0.0671335775298599,0.8578071399884574,0.0004232472566570038,1.770259579449718e-07,0.07029774989706364,0.004333871878746278,4.236423257877596e-06,1
0.3961595371494696,0.5746203054602412,0.0008945155991268325,2.333893361401001e-07,0.01758591964673437,0.010734165254073037,5.323501018713546e-06,1
0.49943454684618543,0.4751174296868415,0.0008779801246190477,2.3285071396450238e-07,0.014136274884584077,0.010428597984712962,4.937622343136949e-06,0
0.31381552578594596,0.6521514761592584,0.0004260114467071616,1.907849624651527e-07,0.027698791601306946,0.005904603030470974,3.4011913481616013e-06,0
0.04554471447050934,0.9257379424691202,0.0006460867489487253,2.1796347311207077e-07,0.01784527527316904,0.010221245285528202,4.517789251594333e-06,1
0.030328645776820852,0.9496073917202971,0.0004375785318357466,1.8036680669384286e-07,0.01734922229071914,0.0022710902447597827,5.891068760916793e-06,1
0.1696467859078037,0.8142304524584184,0.00034580891815408316,1.607337878870127e-07,0.014020087432931991,0.0017533314008582122,3.3731480454876174e-06,1
0.24684511644645057,0.6751697450851104,0.0007808449416432112,2.992676967827307e-07,0.0630257952946082,0.01417203916028357,6.15980420723267e-06,1
0.02222482121682255,0.9600192708354384,0.001120674474697571,2.066985727805196e-07,0.014373716509949149,0.0022374211401269906,2.388912439236309e-05,1
0.965774182189716,0.031877322818214066,1.1540606324687787e-05,2.1588836719949427e-07,1.5364796911818874e-05,7.3434236551197245e-06,0.0023140302768112596,0
0.9697983046501607,0.029581452261593144,1.0321394671540624e-05,1.4185948062564182e-07,1.390150464023859e-05,6.701651523966636e-06,0.0005891766779296719,0
0.9772663761232744,0.022062720526018757,8.099335889491376e-06,1.866838124880386e-07,1.1941994932649307e-05,5.8817749891880565e-06,0.0006447935610827952,0
0.97013326258046,0.028874749290312487,1.1230504071122478e-05,2.5885496598304963e-07,1.655871846017047e-05,8.155643729655346e-06,0.0009557844080004944,0
0.9807590601340666,0.01781458026956412,9.001229165978295e-06,2.074717977758645e-07,1.327178358255226e-05,6.406005631976356e-06,0.0013974731061913805,0
0.9808717042708727,0.017493506578216793,1.0039994124620612e-05,2.0401824260690826e-07,1.4291122056031739e-05,7.062480789149119e-06,0.0016031915356984061,0
0.9827721484342858,0.016934603383531015,7.424882327541602e-06,1.6823032889765856e-07,9.835353510618725e-06,4.621880172381826e-06,0.00027119783584373807,0
0.9762344303831451,0.022482395914115286,8.939255135792485e-06,2.0377225790298883e-07,1.5107955453620797e-05,7.0330012294060265e-06,0.001251889718662877,0
0.9844064762094447,0.01500127334751043,7.895481738548237e-06,1.7889300208225886e-07,1.1292885803858527e-05,5.553956248124966e-06,0.0005673292262519323,0
0.9654988637236355,0.03413582277040825,8.587979809621256e-06,2.127089922508498e-07,1.4514276013988095e-05,5.979097853112758e-06,0.00033601944328721673,0
0.9673453155343164,0.032116650235845284,8.737384618092342e-06,2.1640948374615029e-07,1.4766780406876509e-05,6.0831160261146795e-06,0.0005082305393034441,0
0.9624190820407196,0.03740332944821788,3.445111963387075e-06,7.853207374036405e-08,3.9991486007644155e-06,2.64915444335709e-06,0.0001674165639813183,0
0.9687217853081189,0.03110399489716625,3.7952805861072975e-06,7.683331075629134e-08,3.912641199556029e-06,2.6399394321968583e-06,0.00016379510018612594,0
0.8919371138929021,0.10694443499717737,1.0371099933811927e-05,2.3839758328933024e-07,2.4478902954073123e-05,7.37427603160568e-06,0.0010759884334175795,0
0.8640775168063803,0.1344661463468341,1.2389804652216371e-05,2.8480098594803954e-07,2.7810236741514477e-05,8.610405537163323e-06,0.001407241598868792,0
0.9206803014855512,0.07791620614469032,1.1383743944327243e-05,2.406274728296939e-07,1.9829641854924976e-05,7.1116581575835445e-06,0.0013649266983288518,0
0.9083073738229082,0.09134806296467855,5.073903817918589e-06,1.1098108241803012e-07,4.505907632434407e-06,3.280005856497694e-06,0.00033159241402392085,0
0.9170164817136184,0.08157053685755958,7.589511579276701e-06,1.879787092530785e-07,1.1888529884377884e-05,5.164437796797435e-06,0.0013881509708525092,0
0.9548510302566688,0.042738163252707004,9.323802032359116e-06,1.8875510327344656e-07,1.582418163234645e-05,6.514698747710838e-06,0.002378955053108576,0
0.9547841208871684,0.03568926142183209,8.586464365789023e-06,1.9791177023266364e-07,1.1479898736659358e-05,5.863814764914609e-06,0.009500489601362109,0
0.9591796602111041,0.0344103799302835,8.121538907514422e-06,1.871955759350468e-07,1.0858304451315009e-05,5.764503432211387e-06,0.006385028316245173,0
0.9409673801242276,0.02866636762557905,1.0644847623614262e-05,1.9913154542265102e-07,1.2574561672464115e-05,6.911668584468426e-06,0.030335922040767068,0
0.9448094112184733,0.024089393693923076,1.0656150497648219e-05,1.993429865680467e-07,1.2587913548568082e-05,6.91900750768621e-06,0.031070832673063258,0
0.7767707119726923,0.16710556941064816,9.53904664821401e-06,1.95067853123256e-07,1.0435638752059955e-05,6.9272995664940515e-06,0.05609662156383954,0
0.8800289405229654,0.09331882912568386,9.984114664778826e-06,2.0416923040830987e-07,1.2260725750090773e-05,7.250510007947031e-06,0.026622530831697886,0
0.8802343579149536,0.09349010104402125,9.673339069391085e-06,2.2178978002903147e-07,1.1522966773519468e-05,6.660107888273424e-06,0.026247462837513877,0
0.6404858429509076,0.010498910304009582,4.000196223349243e-06,1.2501477946582238e-07,7.377362695096409e-06,4.318995156434063e-06,0.34899942517622834,6
0.7375881866343427,0.016440714436455152,1.071944535895111e-05,1.9649635658704588e-07,1.1844862158192849e-05,6.7885318518552245e-06,0.24594154959347647,6
0.7781099721528539,0.01768648183689471,1.129926054498645e-05,2.071248516009831e-07,1.2485551179484485e-05,7.263054460640151e-06,0.20417229101921466,6
0.581585831309325,0.016705878707525414,9.053287906986081e-06,1.445568147906437e-07,9.67275316740293e-06,5.0690393275634016e-06,0.4016843503459329,6
0.6588723538217817,0.08605014395239245,1.558352524736035e-05,1.9431844022381902e-07,1.461174030268331e-05,6.551474546631906e-06,0.2550405611672889,0
0.1315601212183439,0.017042068721935255,2.972222158307089e-06,4.059009286104093e-08,2.7053292793176037e-06,1.6611595159264432e-06,0.8513904307586745,6
0.13084222788947025,0.01608942441791682,2.3378439805935716e-06,4.088109366640728e-08,2.590489866040113e-06,1.6061728876678024e-06,0.8530617723047849,6
0.05834175710625663,0.0068015072283037865,1.169441038778523e-06,1.5600200175844753e-08,1.712424871909505e-07,6.867481556034108e-07,0.9348546926335578,6
0.46146032052710567,0.11231222382532864,1.4016234201815386e-05,2.095680986529956e-07,6.420425013702481e-06,6.48919844329015e-06,0.42620032022180815,6
0.6560594103134395,0.33995848006856505,1.888858696077344e-05,2.1252247221858566e-07,1.4596125548080496e-05,9.859488502051307e-06,0.0039385528945124,1
0.6423416331993044,0.3574864306546729,1.648694481205544e-05,2.0414159373464608e-07,1.3403804494403068e-05,1.0433925316733498e-05,0.0001314073298059013,1
0.6336320134089151,0.36631877952562664,1.493308668520781e-05,2.1197927518133108e-07,1.4430411956824082e-05,1.076119428556219e-05,8.870393255476443e-06,1
0.4047227391557931,0.5951807505085578,3.130956027733281e-05,4.546637989255633e-07,2.664142872587679e-05,1.7538490664198464e-05,2.0566192182677493e-05,1
0.542813782551441,0.457137531176567,1.617968304289903e-05,3.2261412717800815e-07,1.538712857490367e-05,1.0137287872916036e-05,6.659558373989074e-06,1
0.6749746307872005,0.32498284847185444,1.4042598945182022e-05,2.0835673381261702e-07,1.305571418103303e-05,1.0707528138634884e-05,4.5065429461698425e-06,1
0.37226970538360094,0.627694359450854,1.3718737644025846e-05,1.8271427603935728e-07,9.761282135468766e-06,7.943326689682669e-06,4.329104799959204e-06,1
0.38813895682288374,0.6118228507666307,1.3928940282515818e-05,1.91282381099236e-07,1.1224259525943116e-05,8.315816782287581e-06,4.532111513749241e-06,1
0.33609674061683503,0.6638619952661279,1.3710784981645714e-05,1.7837068621604486e-07,1.2815924138717645e-05,9.991013119093512e-06,4.56802411136785e-06,1
0.5140570722479163,0.4858910056944427,1.3661384227528587e-05,1.3641414936796708e-07,1.2980065085762933e-05,9.95501491890745e-06,1.5189179259364913e-05,1
0.38103744028700626,0.6189107847906761,1.4120725323425513e-05,9.65521516469401e-08,1.4388082360987191e-05,9.173224583550941e-06,1.3996337898131444e-05,1
0.0029647749060350585,0.06287464466650315,2.29499911482732e-06,3.6202177869455255e-08,0.9341488583810021,7.637309511785747e-06,1.7535356551276924e-06,4
0.0035771149108098314,0.056021125168100316,4.826677264298841e-06,4.195163359334773e-08,0.9403900429136207,5.806765492182595e-06,1.0416130789852561e-06,4
0.07332788023609822,0.9214216000206137,0.00024341819394143674,1.9699142772845194e-07,0.004149935807628699,0.0008526385529598612,4.330197330326413e-06,1
0.06669511341385774,0.918451633567924,0.00023788427687712176,1.9247625730476821e-07,0.013872618707863014,0.0007359726937046032,6.584863516003512e-06,1
0.08401610292065247,0.8912739283564816,0.000647247156787777,1.9934907794401807e-07,0.022405878472063344,0.0016523157313383257,4.328013598603992e-06,1
0.1366148069694115,0.8153290684513255,0.00025892917101736414,2.203009909686543e-07,0.04678606968632504,0.0010069463627795212,3.959058150219986e-06,1
0.11768802955353344,0.8123086104776036,0.0003834018559061583,1.750722756111717e-07,0.06838901957929994,0.0012271346898546712,3.6287715263264915e-06,1
0.10510920202043667,0.8227405753780196,0.00041414105780445787,1.650264128789456e-07,0.07099265683175297,0.000739839137425037,3.420548148222641e-06,1
0.6843934912728695,0.2851086439950699,0.0009143823559867771,2.32230446597053e-07,0.021805898135104775,0.00777242754100996,4.924469512466635e-06,0
0.040444111301729445,0.9234600794417461,0.0008695466356750044,2.18651208142976e-07,0.022941719180238015,0.012279792745277454,4.5320441259831756e-06,1
0.11479234371064294,0.871580769367795,0.00031505770553598114,1.6615417103287844e-07,0.01167003155717432,0.001636204643361837,5.426861318941508e-06,1
0.396177117682265,0.5662135759451344,0.0018273640316535866,3.1379013967805176e-07,0.01585209651001945,0.01992393799241817,5.594048369542477e-06,1
0.058057485051071785,0.918453427239002,0.0005248941409233649,2.1204796908024477e-07,0.013248128243438585,0.00969225993027088,2.3593347324225586e-05,1
0.016308305147133443,0.9658694105841464,0.001085679454991757,2.0795814701341207e-07,0.014461306679069752,0.0022510554772117723,2.4034699299466753e-05,1
0.013762900421666006,0.9703650626688074,0.0010647348823239911,2.0075483404378682e-07,0.012397445937999243,0.0023932354201135894,1.641991425583956e-05,1
0.9731428724049731,0.025699949571037772,1.043109877437408e-05,1.951329782109337e-07,1.4049261037811252e-05,6.772882078686765e-06,0.0011257296491202758,0
0.967823340834134,0.031154099137929023,1.0348049823874998e-05,1.9357939412562233e-07,1.3937405478803e-05,6.718958636808252e-06,0.0009913620346035012,0
0.9706643310694127,0.028563695893197627,8.74534197547571e-06,2.411932321221024e-07,1.3342220333197537e-05,6.571426156067535e-06,0.0007430728556925303,0
0.982417379721143,0.016146458749452388,8.895387655595076e-06,2.0503222779785327e-07,1.3115726493686453e-05,6.330680218179039e-06,0.0014076147028094677,0
0.9823651426102279,0.01311358077781209,1.0624068466805527e-05,2.0071229423113087e-07,1.3535249330105075e-05,6.896335649887016e-06,0.0044900202462189835,0
0.9829561984083787,0.01675368626208246,7.3455602254899286e-06,1.664330770721976e-07,9.730279668304796e-06,4.572503329149662e-06,0.00026830055323884153,0
0.9621498148587727,0.03559048705329391,1.0531281557092074e-05,2.6084112175128735e-07,1.6731281182466047e-05,7.332057636883542e-06,0.0022248426264351714,0
0.8894360275130266,0.11020792926144692,8.017367391525144e-06,1.8165464362533771e-07,7.990744589006423e-06,5.083292439749285e-06,0.00033477016646243365,0
0.9645538231415799,0.02963011195184847,1.3114792382267956e-05,2.708473872822935e-07,1.9052260515320762e-05,9.521480657570942e-06,0.005774105525629364,0
0.948981151226168,0.04951465070040764,2.346064899504695e-05,5.717685505981113e-07,3.126782078081393e-05,1.4995508574919077e-05,0.0014339023265230592,0
0.923526868774984,0.07482593405866131,1.0726393283256207e-05,2.2673251620470104e-07,1.868458551442002e-05,6.837746083133454e-06,0.0016107217089575273,0
0.8999361397783707,0.09785004742799054,9.743193285325536e-06,2.2513422727434705e-07,1.3611517542055453e-05,6.8077345351523606e-06,0.002183425214048872,0
0.8985502191207698,0.0992266742500515,9.160022558695577e-06,2.4464945870546463e-07,1.2796811485931913e-05,6.400263249372975e-06,0.002194504882425874,0
0.9467926276902143,0.051744232919034475,3.1130598109983545e-06,7.053459607564434e-08,4.635745270375363e-06,1.9826771191163643e-06,0.0014533373739544823,0
0.902588071279441,0.09559128119710256,8.135322203354359e-06,2.014974680742507e-07,1.2713447653592892e-05,6.400503195027451e-06,0.0017931967529365167,0
0.9390052845063631,0.05934555913130994,8.463562485689694e-06,1.880047686241823e-07,1.2632347827667382e-05,6.65874778857997e-06,0.00162121369945641,0
0.9534527612502666,0.02948263258191629,8.303210456903117e-06,1.9138297326283188e-07,1.1101194994088787e-05,6.029829638099427e-06,0.01703898054975488,0
0.9431602841670194,0.047583906400781716,9.697925351816311e-06,2.235301390883747e-07,1.2330356054346933e-05,7.042678012074399e-06,0.009226514942641617,0
0.9363231049127897,0.055230009322915156,9.532360464451112e-06,2.197139886274967e-07,1.2744539334401372e-05,6.765875930676501e-06,0.008417623274577141,0
0.9413570557512082,0.05078077482033168,1.086638138110585e-05,2.2957924307690178e-07,1.3316774739892468e-05,7.0696667272761306e-06,0.007830687026368507,0
0.9429713900510791,0.03261755580858414,1.0815249597385402e-05,2.0231922922799195e-07,1.2775854373314191e-05,7.022310090151673e-06,0.024380238407046693,0
0.9503905022911933,0.025686849683552247,1.0580458441238598e-05,2.163641073690177e-07,1.3662746432489073e-05,7.683577602277818e-06,0.0238905048786709,0
0.8401388786282025,0.12654779908158245,1.0237803089154357e-05,1.9491462199378003e-07,1.1704970039653346e-05,6.921857983374144e-06,0.03328426274448107,0
0.8697016223229236,0.10168144428851279,1.0817619877807089e-05,2.0595358896762424e-07,1.2367879658110254e-05,7.148455297249613e-06,0.02858639348014153,0
0.7378873596873045,0.016041773076543264,1.0723793271854552e-05,1.9657605744988675e-07,1.1849666551264744e-05,6.791285347418263e-06,0.2460413059149243,6
0.5136663533461296,0.010111726157606374,1.101589573718636e-05,1.21991636420181e-07,1.0634439826711742e-05,4.112965810080759e-06,0.47619603520325365,0
0.68167907573691,0.08550121233676745,1.5094284249011061e-05,1.9163519120810666e-07,1.3946374444430596e-05,6.461008414810002e-06,0.2327840186240233,0
0.6322860863023999,0.07486003272072289,1.4247177064382881e-05,1.94566290556281e-07,1.3163689171217589e-05,5.8545712505218014e-06,0.29282042097310046,0
0.5233219640953456,0.06195913559438046,9.209073845308684e-06,1.610359859665825e-07,1.0895143545081158e-05,4.845632051902996e-06,0.4146937894248458,6
0.16334365203638262,0.02060742579093067,3.255278205524482e-06,5.362081984965196e-08,3.4529227040160307e-06,1.535692747699269e-06,0.8160406246582096,6
0.39988416208450545,0.06021091493854752,7.299541782726546e-06,1.3410939191590984e-07,7.773756364104588e-06,5.0150164857609115e-06,0.5398847005529225,6
0.059357771328483036,0.0064160348846670715,9.729067050810165e-07,1.5494417570818296e-08,2.0267204202380043e-07,5.581158344762676e-07,0.9342244445978508,6
0.039214957687635325,0.004758247318269286,7.501994067611798e-07,1.0913131453488326e-08,1.547229074446786e-07,3.9309586437014887e-07,0.9560254860627854,6
0.035826380544729496,0.004952906846760674,8.75366371355373e-07,1.1700475841047036e-08,5.259660080868377e-07,4.5969873560756465e-07,0.9592188398769188,6
0.4510600630413011,0.05251331665133001,1.573654277573603e-05,1.542855813050195e-07,6.814932361252296e-06,5.6464286274198145e-06,0.49639826811802334,6
0.1650634795315052,0.07793623635638586,4.200834309296794e-06,4.6171794320166277e-08,4.978738134821222e-07,2.1394849361680183e-06,0.7569933997472558,1
0.614040355751972,0.3507325117362291,1.5082526842201378e-05,1.7965457175110925e-07,1.1759207829847321e-05,8.324741449507316e-06,0.03519178638110551,1
0.6604537863663925,0.339327032795719,1.5251164436899827e-05,2.131560652183411e-07,1.3995688838878591e-05,1.0820934400300982e-05,0.00017889989414713098,1
0.5620105982640504,0.4379375644112482,1.563909576658685e-05,2.4385971444985765e-07,1.543296425844002e-05,9.49069223574442e-06,1.1030712726283532e-05,1
0.4252969623667913,0.5746235087263858,2.8313823270339892e-05,4.2157927346456496e-07,2.3485817953900924e-05,1.626226712870174e-05,1.1045419196534435e-05,1
0.46594647901926534,0.5339699867625923,2.886170490941886e-05,4.500392620386765e-07,2.507129938691513e-05,1.7360100835915294e-05,1.1791073748159505e-05,1
0.5468944983651046,0.45306311365517976,1.6296977878747298e-05,1.8874282911161012e-07,1.21637314995454e-05,8.157739739431916e-06,5.58078776890976e-06,1
0.5130626533913684,0.4868918423774754,1.745429185493002e-05,1.956836508427774e-07,1.3080391434156288e-05,8.772507763241038e-06,6.001356453076888e-06,1
0.7159688384486017,0.28398848253499354,1.2412079044457053e-05,1.9364711297764926e-07,1.5933305960059613e-05,9.951595387545032e-06,4.188388899493944e-06,1
0.6722262635353529,0.3277299927222463,1.3647230980482655e-05,2.1291734205397196e-07,1.4336510392059291e-05,1.0941899450663202e-05,4.60518423567482e-06,1
0.38472599942037594,0.6152315221702215,1.460548683092134e-05,2.0008181693672286e-07,1.1740601652981955e-05,1.0808198916337824e-05,5.124040185090806e-06,1
0.12439211797504558,0.8755639315203153,1.0746108946967193e-05,1.306197307499598e-07,2.1777387413542373e-05,8.031374444899342e-06,3.265014103104269e-06,1
0.1339533044446734,0.8658462241585559,1.0583891667597616e-05,1.2917000872121442e-07,0.00017858732288296712,7.942235840899603e-06,3.2287763705484157e-06,1
0.06373198156331632,0.3653231280102387,6.543422617813776e-06,4.505723283142874e-08,0.5709281158170233,4.2037634471591824e-06,5.982366123816948e-06,4
0.011038141648484602,0.10665759890134804,7.520070093634901e-06,3.803452851159121e-08,0.882278159570923,1.50943224024911e-05,3.4474522197712278e-06,4
0.03852206388984248,0.6191525326940782,5.790975891959935e-05,4.7536974907367735e-07,0.3421852656884362,7.287787807464322e-05,8.874720899818722e-06,4
0.06517581918186446,0.9324763704341875,0.00030087236722088146,1.6938550408238762e-07,0.0017270142975706702,0.00031395943488618516,5.7948987661677e-06,1
0.06241393032169434,0.9350635524640813,0.00021142141839308043,1.7322007081326365e-07,0.001768401869850856,0.0005387130423129589,3.8076635965525887e-06,1
0.06962025981573874,0.9135180277849319,0.0002783075199820538,1.9923455481376837e-07,0.01573715626968658,0.0008416698701331334,4.379504972940231e-06,1
0.5877448215626121,0.40152535747273616,0.0005778664666750017,1.5073923147759013e-07,0.008587731671284902,0.0015589668833310467,5.10520412919365e-06,0
0.6137124057072719,0.376232828101003,0.0003740888706122363,1.495546746483346e-07,0.00812874665495331,0.0015467160256735432,5.065085811243495e-06,0
0.6323392781306477,0.3543749233348527,0.000373696385376561,1.6833014278619995e-07,0.011718859511769633,0.0011869117246708293,6.162582539766524e-06,0
0.7495225160513203,0.2292511235428706,0.0004885211379501697,2.1712332179905605e-07,0.01422004661966063,0.006512894824139228,4.680700737388086e-06,0
0.3044273061430444,0.5959402793021694,0.00029742358232248575,2.543254504645092e-07,0.09808253345340921,0.0012468101973564872,5.392996247515773e-06,0
0.0631130149033994,0.891658840508852,0.0006951077051114561,1.6635905063452552e-07,0.041145803406723455,0.003382995730485763,4.071386377094315e-06,1
0.1901676158867157,0.7785039774650621,0.0015192283202103635,3.068186247646703e-07,0.020011240228819564,0.00979127176598775,6.359514579940967e-06,1
0.3982504927401662,0.5769220624909384,0.0010382413750190925,2.1870312533751346e-07,0.016096265133164443,0.007688186437358592,4.533120228047919e-06,1
0.3013515021483362,0.6211801277416457,0.000742080425622793,2.470651563645191e-07,0.06482836429787452,0.011891519138027471,6.159183336905787e-06,0
0.11746609043580789,0.8163255138619531,0.0006489766352570732,1.8590699372774598e-07,0.05201045740217904,0.0135443268017287,4.448956080639572e-06,1
0.08265424916739138,0.901603757097042,0.00033236620355294057,1.7528227388292502e-07,0.014537203703608465,0.0008685700845746969,3.6784615563992883e-06,1
0.10995822875650836,0.8748251591655317,0.00028197958699152463,1.7007620247973486e-07,0.014105433172526377,0.0008254600349339741,3.5692073055713027e-06,1
0.12508540824885325,0.8531155498272233,0.00030846337212372135,1.7210584872759624e-07,0.020183723949482858,0.0013033409726132218,3.3415238550066233e-06,1
0.31050419177944405,0.6643503612226884,0.0014997171027707824,3.153385556064879e-07,0.011318762170542538,0.012321030733467764,5.621652530746295e-06,1
0.4296474447843371,0.5422109861706174,0.001784345491167889,3.57416002325891e-07,0.013531699434375618,0.012818794921368145,6.3717821315574944e-06,1
0.3200667980885091,0.6245683926781822,0.0007240553999943522,2.9504576173919275e-07,0.049321866020778767,0.005313332881093239,5.259885680572883e-06,1
0.11096046332544786,0.8506933374823208,0.0005275713232218422,2.1265764594183754e-07,0.031803892355435064,0.00600719506012967,7.32779579881497e-06,1
0.03974291550354676,0.931850833618026,0.0006817791912124396,2.3975134414906167e-07,0.021264379167602,0.006450022461997277,9.830306271520095e-06,1
0.019429618605129217,0.9601123292427494,0.0009213041130626486,2.043434416858079e-07,0.017859842106216408,0.001648731399630126,2.797018977046362e-05,1
0.970272334594656,0.028536774627591285,1.0374234674335824e-05,1.9406923014049948e-07,1.3972672885172882e-05,6.735960384012001e-06,0.0011596138405792103,0
0.9606109736268433,0.02623570063550012,2.0140433252569702e-05,3.804976010426363e-07,2.655696728080339e-05,1.3073634481727857e-05,0.013093174205040548,0
0.9766923899391903,0.021594152795898037,1.0491318902049145e-05,2.2806681786670065e-07,1.4699660026867963e-05,6.382057226186811e-06,0.001681656161938781,0
0.9786034400534058,0.020892113110651755,8.765264401175758e-06,2.2151237570137678e-07,1.295041468607836e-05,6.198642447236907e-06,0.000476311002032539,0
0.9844488047783237,0.01432717355011004,7.743239760793955e-06,1.5675751325984685e-07,1.1416952111551083e-05,5.28796506959534e-06,0.0011994167571109725,0
0.9823749484894252,0.01562779110998476,9.552271262164284e-06,1.7690177431576963e-07,1.2017435075587423e-05,5.967499636081824e-06,0.0019695462928419048,0
0.982861930989141,0.01640123005954535,7.883093635791917e-06,1.7861231687956102e-07,1.1275167134575744e-05,4.907109980335492e-06,0.0007125949682458021,0
0.9706960785945983,0.02913721521552659,3.8762220687817185e-06,8.31395826262027e-08,3.662901239711223e-06,2.471434748490012e-06,0.000156612492235328,0
0.9527466011808394,0.04331673995836233,2.3062965741020404e-05,4.668967085669454e-07,2.9341480507647776e-05,1.641347928185953e-05,0.003867374038559191,0
0.9390221099781088,0.0586167647599033,1.3823381868881092e-05,2.784912458034694e-07,2.722133347990793e-05,8.487178904207677e-06,0.00231131487648914,0
0.8980239339717682,0.09960195908930972,1.406409330365131e-05,2.83340712307698e-07,2.7326066059720234e-05,8.634969150513645e-06,0.0023237984696961498,0
0.9542874941961385,0.04530983397940472,3.3483604896511876e-06,7.07770243856427e-08,2.6100030403055286e-06,2.0917894242187795e-06,0.0003945508944785063,0
0.8696087681652934,0.08867459428780743,5.068869500853323e-06,9.598025736750148e-08,4.297416186977899e-06,3.27675144134713e-06,0.041703898529512694,0
0.9422097835940267,0.040907126483601945,1.0403862744102227e-05,2.0524482114784102e-07,1.3909717164641307e-05,7.104941145983046e-06,0.016851466156495642,0
0.9273692609401424,0.04052481687452655,9.470113849233593e-06,2.111231350282391e-07,1.3331794700140878e-05,7.497458850043729e-06,0.03207541169479646,0
0.8755049091953181,0.09096311937155005,1.6539980453083564e-05,2.0732786231436817e-07,1.2450407219077153e-05,7.270173248443797e-06,0.03349550354434896,0
0.9009778169111147,0.06272085522309027,1.2755268068889268e-05,1.8932327224617103e-07,1.126864103479003e-05,6.638823040122413e-06,0.03627047581037904,0
0.48442140692786917,0.011528269276619835,6.533906363729359e-06,1.197719426482864e-07,8.01431907098301e-06,4.1159366833016e-06,0.5040315398614502,6
0.5521200194834779,0.010877264190421594,1.0523885819432184e-05,1.3122737282259183e-07,1.1439551438531724e-05,4.424350009594212e-06,0.43697619731146004,0
0.4811965204173707,0.009030326059790017,8.65711921040904e-06,1.0990972926104816e-07,9.381686230360948e-06,3.70562254849088e-06,0.5097512991851209,0
0.5038824856078171,0.049507893543308194,8.446650263800829e-06,1.3523272724533342e-07,7.277051121430126e-06,5.313144061146106e-06,0.44658844877070103,6
0.6871412711514636,0.07362575278998336,1.3298741928713726e-05,2.1291578126055456e-07,1.1770227454953356e-05,8.365225206739559e-06,0.23919932894818152,6
0.43024870402644144,0.05587070939356937,7.673719612863968e-06,1.3418776140210538e-07,7.71268120276713e-06,5.272088510635944e-06,0.5138597939029014,6
0.3226624597998058,0.03152994324527409,5.43450240436194e-06,9.503132102366733e-08,5.52566390178757e-06,3.7336753403173755e-06,0.6457928080819526,6
0.05465639939813013,0.0050053027278000595,8.627141982840679e-07,1.5085993864498957e-08,8.339709631569702e-07,5.927119887350726e-07,0.9403359933909258,6
0.08249543316902909,0.010790123720256471,1.8282397839322783e-06,2.546444018576536e-08,2.3763675647707179e-07,1.0004696488739783e-06,0.9067113513000851,6
0.05511936208305636,0.0236166620143771,1.8066013620589262e-06,1.667141407312214e-08,9.498169834167261e-07,7.725114390558923e-07,0.921260430301368,6
0.5620974955243875,0.395855261456706,1.4343768585724229e-05,1.7795403684533685e-07,1.1551784783008063e-05,8.245942934788581e-06,0.04201292356856596,1
0.5969792009845646,0.3606436879559489,1.5003371997113076e-05,1.861373179037348e-07,1.3045260753079196e-05,8.625135617478512e-06,0.04234025115380081,1
0.5893422482916423,0.41057263980501313,2.9060390400740964e-05,4.531373559375997e-07,2.6246522788014507e-05,1.747960868116596e-05,1.1872244118663283e-05,1
0.6863135560133188,0.3136464950829693,1.288905404451516e-05,2.163035144363685e-07,1.216018641841172e-05,1.0334018202735878e-05,4.349341531879221e-06,1
0.7021769103876035,0.29777706469099624,1.375630506654949e-05,2.3752296593736113e-07,1.6442210178050554e-05,1.0812869710519103e-05,4.776013479107864e-06,1
0.3187563890448563,0.6811963389238037,8.020519729394683e-06,9.84178168042561e-08,1.8598880226222586e-05,7.938360943236822e-06,1.2615852624436544e-05,1
0.13090429182563454,0.8651615511613484,1.1093447326949252e-05,1.4178507469360968e-07,0.003910659779424141,8.717894448444586e-06,3.544106742728607e-06,1
0.1229948639405402,0.8704205392847446,1.0000241538253703e-05,1.3429020186413447e-07,0.006562848421007067,8.257059551872604e-06,3.3567624161960934e-06,1
0.018261726727762148,0.11985959087446862,1.947211425136686e-06,1.3408267152965173e-08,0.8618738965672996,1.2509685971674617e-06,1.574242180269813e-06,4
0.01761733456578504,0.18388771816325802,3.929694119627841e-06,3.521704071104105e-08,0.7984765190151015,1.12178006117595e-05,3.2455440833721473e-06,4
0.06878193217206247,0.9298601922138987,0.0002844954627729818,1.894789580525828e-07,0.0006561501520835167,0.0004118916520363989,5.148868187935259e-06,1
0.07100608954748377,0.9264888261397323,0.00023479953988711564,1.9237404249435793e-07,0.0017258247523027302,0.0005400910660502348,4.176580501505086e-06,1
0.5951305103469404,0.3872123040314832,0.00045502242712775414,1.979494323870125e-07,0.011441800867412491,0.005752793504324152,7.3708732794237e-06,0
0.7213055085669293,0.2601981381233246,0.00044137369689808357,2.0112666831446743e-07,0.013935338775636083,0.004111950529254247,7.489181289291168e-06,0
0.11954709066708294,0.8233954048252864,0.00019814980003924525,2.3168721821129774e-07,0.049971266483542276,0.00688304927643541,4.807260395366593e-06,1
0.10161572061503811,0.8485030621248018,0.0004887841561738684,1.969368139651859e-07,0.04797888698046455,0.0014092672228417174,4.081963866109258e-06,1
0.2545643585551267,0.7237536502618244,0.000931939764727766,2.8547453501906916e-07,0.014718829272050225,0.006024945723084191,5.99094865177296e-06,1
0.6465185148274516,0.3179915146243253,0.0006248801840399094,2.888840465711818e-07,0.01785747301860698,0.01700104337220685,6.285089322662882e-06,0
0.2604489298851894,0.6545882404372368,0.0004021934435780934,3.0222278131336317e-07,0.07322098083759163,0.01133283791591744,6.515257705287592e-06,0
0.0740818552410969,0.9057134809125025,0.0005219451960643335,1.7821397845930797e-07,0.017637387061515533,0.0020414133887384266,3.7399861038623565e-06,1
0.07962949607450691,0.8922750916650166,0.00048113488836752416,1.724643682302081e-07,0.0267722849564997,0.0008382452345329473,3.574716708027589e-06,1
0.26361768528364504,0.7053770073000193,0.00218823133922911,3.607547848516121e-07,0.0158786357334964,0.012931648285030725,6.4313037945499325e-06,1
0.2761237188352771,0.6382506004601625,0.0007053073227151111,3.0922620124766434e-07,0.07943952360285646,0.005475027867370859,5.512685416705922e-06,1
0.022128124790423944,0.9622123026006068,0.0005925084645704352,1.9795624156939305e-07,0.014095194435063593,0.0009371846658810629,3.448708721266973e-05,1
0.013608494454391966,0.9632808734265976,0.004959500450133108,6.344661955619264e-46,0.017228405113656163,0.000902841385768287,1.9885169452819842e-05,1
0.9386440182796316,0.05811607092085413,2.3622964591224778e-05,4.4191120557515035e-07,3.215806368728029e-05,1.5111658231150651e-05,0.003168576201798912,0
0.9880616421716419,0.008048643089782643,1.0438428205648812e-05,1.972051366073967e-07,1.348229960827783e-05,6.775832138913848e-06,0.003858820973486072,0
0.9786852649310356,0.020809711360057995,9.66104048621306e-06,2.5803197505258916e-07,1.435899059321614e-05,6.395079383801232e-06,0.00047435056646838594,0
0.9784942810179876,0.021137573754375326,7.3708355634141315e-06,1.8627290881688048e-07,1.1016930333583743e-05,5.212526639681688e-06,0.00034435866219154917,0
0.9752956229987951,0.023085466569138298,8.283854450639566e-06,1.8883225726355794e-07,1.4000283258885414e-05,6.5173616426156244e-06,0.0015899201004568725,0
0.9763042101286573,0.021232935767452207,9.375536430956983e-06,1.9362407521814896e-07,1.4102014942943167e-05,6.531599826344889e-06,0.00243265132861515,0
0.9663390567329175,0.032455918839324256,1.074018681767169e-05,2.2180690732269594e-07,1.615462497619965e-05,7.621131970118456e-06,0.0011702866770868967,0
0.9571507638734394,0.0420286132227679,9.779489996982416e-06,2.0975648510813646e-07,1.3217036944931136e-05,6.235290695986664e-06,0.0007911813296698247,0
0.9376572261130098,0.06202624613533258,9.816949143903257e-06,2.5761129934796525e-07,1.4132367623519105e-05,6.1513510319098184e-06,0.00028616947255888413,0
0.970274907131588,0.027488506880662067,1.3314643585782708e-05,2.749747249281703e-07,1.852531009829104e-05,9.666574785879891e-06,0.0021948044845548596,0
0.9900191359730053,0.008966269175836447,1.0203562711765138e-05,2.15143868302141e-07,1.2783721456405332e-05,6.654976319293981e-06,0.0009847374468024354,0
0.9850449877573989,0.012051993026150693,1.0103765701352556e-05,2.1303963123596458e-07,1.7372637325022952e-05,6.58988662858563e-06,0.002868739887163902,0
0.9833674645895537,0.014242278896952933,1.0086559074998276e-05,2.1267682657068614e-07,2.0550270227341736e-05,6.578664108162381e-06,0.002352828343256182,0
0.9528648767968101,0.031820951989115075,1.4027161790379687e-05,2.8259667562854235e-07,2.367399629869991e-05,8.612294210089332e-06,0.015267575165100074,0
0.8782405915962311,0.11952295873421721,1.3176473781052804e-05,3.0288392993274737e-07,2.5056527389724894e-05,9.02178799467738e-06,0.002188891996456505,0
0.9034352377972835,0.09517203966229128,1.0540624462040854e-05,2.1104124120011438e-07,2.004416734906054e-05,7.325301227964087e-06,0.0013546014061448226,0
0.9049829587548237,0.09290168467948791,1.0511013223822312e-05,1.9233961737662447e-07,1.8283123898917074e-05,6.700447914132131e-06,0.0020796696410341053,0
0.9379747828182358,0.061150515330640004,3.5760281137015702e-06,6.543725751943165e-08,4.349160215054129e-06,2.2340180551256083e-06,0.0008644772074828694,0
0.8187912493431531,0.12697962487808634,6.445810507944316e-06,1.1795101960012467e-07,5.309356238196632e-06,4.026829934443769e-06,0.05421322583106039,0
0.9355533874879768,0.06327099879153297,8.650182137225309e-06,2.2653905150138142e-07,1.8680035007152522e-05,5.3846113034320115e-06,0.0011426723529909734,0
0.9581243771323892,0.030732266476902376,8.608180864792254e-06,1.698200548641526e-07,1.1508933179574552e-05,6.014682090557124e-06,0.011117054774518884,0
0.9240129911580076,0.046972775335533505,9.487524978167755e-06,1.8716753720954143e-07,1.268459535508521e-05,6.889884292647655e-06,0.028984984334295843,0
0.9245623894040673,0.04974116487672493,8.481503544826638e-06,2.13122839556425e-07,1.2362218849848191e-05,6.562907985239621e-06,0.025668825965988094,0
0.9349629394899927,0.05397294576273638,1.2280336251442034e-05,2.338018300959577e-07,1.4040216113579394e-05,8.302830478407276e-06,0.011029257562597377,0
0.45800404294046565,0.008424738064812335,5.830599923283905e-06,1.1245992523976494e-07,6.416910271741402e-06,3.88525160368155e-06,0.5335549737729981,6
0.6773421755878032,0.013848881242563877,9.257863129162359e-06,1.697043376542713e-07,1.0229830832877535e-05,5.862924491700035e-06,0.30878342284684157,6
0.5182504309188463,0.010120405296404128,9.85410072072298e-06,1.231772805073797e-07,1.0930851558908592e-05,4.1529399733650065e-06,0.471604102715216,6
0.4739004509591858,0.008740383276495867,8.525856949800533e-06,1.1643319606683298e-07,9.239437831905699e-06,3.6494366070876565e-06,0.5173376345997335,6
0.7567241509105551,0.07947002509532385,1.4748013997207238e-05,2.3611894561824068e-07,1.3571358031898926e-05,9.276851833060453e-06,0.16376799165131314,6
0.4707943273026213,0.05358387649667617,8.427727146668855e-06,1.3492976398086555e-07,7.987067756168741e-06,5.301240970066439e-06,0.4755999452350659,6
0.050445775628061074,0.007531261326325569,8.642597557712096e-07,1.9175874318643374e-08,8.750621941039291e-07,5.93773835698679e-07,0.9420206107739534,6
0.057721818767848355,0.006773123082073718,9.726184634974806e-07,1.5489827063390165e-08,1.9344366425364067e-07,5.57950482350431e-07,0.9355033186476408,6
0.38035139092607123,0.06345503929120112,1.1931758573309134e-05,1.6975906973188662e-07,5.644065785322149e-06,5.524133518659606e-06,0.5561703000657806,6
0.4387622091339429,0.1296572099651418,1.3018191090375097e-05,2.0366106222733348e-07,5.698269841587659e-06,6.278152493391829e-06,0.4315553826264276,6
0.09015050939251777,0.023741999533148775,2.6308765093966417e-06,4.052366346791921e-08,1.1454648361852127e-06,1.2492016689891487e-06,0.8861024250076553,6
0.07883795758193544,0.027243031499148855,2.1782911480371505e-06,2.2689734074835064e-08,2.487264505326309e-07,9.988418642955697e-07,0.8939155623697187,6
0.6153952359886663,0.30122501974925286,1.679928861567311e-05,1.7772703528721096e-07,1.174447384538011e-05,8.235424252955918e-06,0.08334278734833152,1
0.5050141851584765,0.3341900430875914,1.345062595198873e-05,1.694869231227975e-07,1.1780316540666089e-05,7.853598159608763e-06,0.1607625177263566,1
0.571005692041647,0.42894419591397825,1.5116543156650078e-05,2.3571157518745446e-07,1.4924070981528279e-05,9.173577610198693e-06,1.0662141051129692e-05,1
0.6110534038684673,0.3889007234777036,1.541089464955676e-05,2.4030138473139706e-07,1.4655998933866426e-05,9.269538508817071e-06,6.295920352187513e-06,1
0.5269772133986993,0.47297894549610164,1.6534427788219702e-05,1.9149284620186847e-07,1.3176484230717354e-05,8.276599479994833e-06,5.662100854094739e-06,1
0.5036948694703751,0.4962621659339417,1.6192243098687844e-05,2.0623530058370713e-07,1.2728364394446218e-05,8.368214760216694e-06,5.469538129223671e-06,1
0.5565313665825307,0.44342440361619034,1.500717371200341e-05,2.1754609618001413e-07,1.4448036926596439e-05,9.402658857659418e-06,5.154385686767154e-06,1
0.31330362444919074,0.686636739574101,8.03956996169161e-06,9.865157750001329e-08,3.0309487798469112e-05,8.54244974018692e-06,1.2645817630599241e-05,1
0.11573721633002979,0.8811492916370726,9.321955503886178e-06,1.2377374653863562e-07,0.0030933419764762127,7.610437559412533e-06,3.093889611641408e-06,1
0.18981222895740973,0.78573270649229,1.1561112829615107e-05,1.5350451399181243e-07,0.024430397030824853,9.438483939386892e-06,3.5144181924942616e-06,1
0.0273268019898486,0.25596774741520756,5.732066268435867e-06,4.9498693952607375e-08,0.7166849550688894,2.804407362868297e-06,1.190955372912786e-05,4
0.013101283194396787,0.18194239072594262,7.347706015154264e-06,3.823089370849583e-08,0.8049309354842313,1.5054369180104968e-05,2.950289340330306e-06,4
0.008631978998740226,0.13755808545272255,7.416324102992031e-06,3.7139589612231535e-08,0.8537851525815211,1.4463430241982332e-05,2.866073081437246e-06,4
0.008621813811602248,0.09980107118369715,7.142914230377924e-06,3.577040316301409e-08,0.891553508097191,1.3667810316644493e-05,2.760412559429809e-06,4
0.0019414160322420077,0.03935266775027664,3.96128464343157e-06,2.4056597349467287e-08,0.9586968170883152,4.481466354545252e-06,6.323215707602597e-07,4
0.0810842434699005,0.9160171881089588,0.00022176128719901135,1.9196608024870056e-07,0.002125019388244701,0.0005473760477339998,4.219731882709177e-06,1
0.07918471614076274,0.9137592647024347,0.00021836222082945975,1.914928962173539e-07,0.0061174392769323595,0.0007158168356291612,4.209330515233864e-06,1
0.11566111493370206,0.8715299491765122,0.00032907005001607444,2.0178824827598295e-07,0.011899892335411312,0.0005753360767321554,4.435639378076869e-06,1
0.10451158624486567,0.8595986350188424,0.0004131302189056925,1.945380824181548e-07,0.034809751298535974,0.0006624264120243566,4.276268743506576e-06,1
0.587990142817463,0.4039357281896664,0.0005207151165609323,1.573271816335442e-07,0.006612598462694583,0.0009367387200682148,3.919366365195404e-06,0
0.42971354293822167,0.5507485928249162,0.0006061258464581149,2.1892567703009207e-07,0.011455039458398958,0.007466526095678814,9.953910649259741e-06,0
0.1400168951042852,0.8123020910391634,0.00047644035296276715,1.9422277334964554e-07,0.036295901715406774,0.010901243677180136,7.233888228491404e-06,1
0.11559266522330922,0.8396172362773466,0.00046486491591975356,2.2986134107234936e-07,0.04277211564080213,0.00154639276498008,6.4953163010607145e-06,1
0.7060045430073121,0.2609410446001667,0.0005249170603749468,2.449224852751722e-07,0.01811004933528598,0.014413872432259393,5.32864211559616e-06,0
0.2582204139261338,0.6446320855666617,0.0005518722876855848,2.9762603387689547e-07,0.08542844669039683,0.011160467741136064,6.416161952066877e-06,0
0.05545290582491132,0.9115095631197053,0.0006174946787510845,2.104448041941466e-07,0.02781182027933348,0.004599677249376091,8.328403118288518e-06,1
0.056285343923796555,0.9244668529106661,0.00037229418639832886,1.759743459518581e-07,0.016316713068556234,0.002552872332278382,5.7476039586342845e-06,1
0.07485362943013364,0.9033774821205107,0.0005035114185734453,1.811892950842339e-07,0.02001114654885298,0.0012502937319515827,3.7555606824755327e-06,1
0.2936732178602981,0.6086917334388245,0.0007543025103373363,3.019064203687883e-07,0.0871343844404533,0.00973984572681257,6.214116853809163e-06,1
0.05439745044642061,0.9281320454210392,0.0005120967872657931,2.179147467424684e-07,0.012071296626045397,0.00486797177467025,1.892102981184699e-05,1
0.010648484680534157,0.9676846540524296,0.004537233866287222,1.5873710721442614e-07,0.016347998548189933,0.0007632721190699923,1.8197996381701195e-05,1
0.9769555149929843,0.01728179502652631,1.3630301361275835e-05,2.575067231382383e-07,1.644432445634537e-05,8.847752957369069e-06,0.005723510094991024,0
0.9369319564859264,0.04485627830793565,1.456936728678559e-05,5.683802395153198e-07,3.8728497623043486e-05,1.59051423997185e-05,0.01814199381858892,0
0.9839078963825159,0.014827766438264327,9.498301437667234e-06,1.7590228870119594e-07,1.2811303041563379e-05,6.043881014432769e-06,0.0012358077914374286,0
0.9534489426809499,0.04544912767210447,1.010857199920256e-05,2.5037135749162426e-07,1.7817166021606228e-05,7.168341028838621e-06,0.0010665851965382094,0
0.9364172743604798,0.06254731408918816,1.2916574596721003e-05,2.6247195137911816e-07,1.8403780797919422e-05,9.254551586727958e-06,0.0009945741713990603,0
0.9376391105902132,0.06202504778923705,9.816759480600872e-06,2.5760632230173123e-07,1.4132094586399862e-05,6.1512321879050535e-06,0.0003054839279723495,0
0.9816055479629495,0.01438655969031125,1.987329853842841e-05,4.580651041624802e-07,2.528475004495763e-05,1.4143453079086607e-05,0.003948132779972877,0
0.9855751447274733,0.012580895606591813,1.1297118183726516e-05,2.6039037291963123e-07,1.5277220773785517e-05,7.89348823890063e-06,0.0018092314483656015,0
0.9266163242307872,0.05957338853278413,1.3902267576964599e-05,3.1956754960819337e-07,2.641420133383263e-05,9.518731096707e-06,0.013760132468871575,0
0.9026797779646946,0.09502155962150811,1.3543141299607186e-05,3.113124139751272e-07,2.5731864172511807e-05,9.272841248522032e-06,0.0022498032546626537,0
0.909296610477699,0.08881158934240244,1.105309481189123e-05,2.2130176979594483e-07,2.1018686599871953e-05,7.681447080287462e-06,0.0018518256496366146,0
0.8981807395226762,0.09922254044741276,1.1424388073494163e-05,2.098137975590398e-07,1.987187135714095e-05,7.282696311692321e-06,0.0025579312603710175,0
0.9047590338945058,0.09306147648077759,1.057442809114629e-05,1.935000375052415e-07,1.83934293330012e-05,6.740872943236166e-06,0.0021435873943116946,0
0.7563893704963474,0.13749648786097712,3.889276639104097e-06,1.2772010430972097e-07,5.749094283871921e-06,4.360345005988582e-06,0.10610001520664233,0
0.9521354799140023,0.046599994690718405,6.954864124247426e-06,1.9920063341682463e-07,1.147712482689829e-05,4.7325790045473475e-06,0.0012411616266901485,0
0.9197495541741939,0.052870217380197225,9.363631252294289e-06,1.8472339254580545e-07,1.2518952388836887e-05,6.799912098865033e-06,0.02735136122647654,0
0.5593405969957255,0.01134586663413079,7.680050523609025e-06,1.4078171918041024e-07,8.522356338592074e-06,4.8637094418174964e-06,0.42929232947212065,6
0.5708405730726043,0.010569280760659341,7.42411806682128e-06,1.3871250237804767e-07,9.10622951967051e-06,4.676712243998355e-06,0.4185688003944034,6
0.2312216053234292,0.0033669500863853737,3.1559315330406128e-06,5.0527157498359954e-08,3.340164387805281e-06,1.985156051034747e-06,0.765402912811056,6
0.6882597840894329,0.0872245504498217,1.3320389318457985e-05,2.2406335041975884e-07,1.310141621869944e-05,8.37884193013486e-06,0.22448064074992774,6
0.06731010566736965,0.012034387820683574,1.3374452087714062e-06,2.824507979251969e-08,9.226469031959406e-07,8.745984193124468e-07,0.9206523435763356,6
0.36649485166389806,0.07338392447056098,1.1270890014958243e-05,1.6035656372311927e-07,5.656687718012147e-06,5.218166369543721e-06,0.5600989177648746,6
0.1261837545756312,0.04458991802366308,3.607695434633211e-06,3.748677144973478e-08,1.8728806428040877e-06,1.650233385626279e-06,0.8292191591044712,6
0.05564705074977457,0.0279940656788585,1.5770650841968391e-06,1.6684462555621705e-08,8.067563866494712e-07,7.731160729489156e-07,0.9163557099493606,6
0.6430211525970027,0.35693634893751314,1.450246471592906e-05,2.4629760235241887e-07,1.3227059224069978e-05,7.96229045548934e-06,6.560353486302267e-06,1
0.6002400417033081,0.399714522075209,1.5124636516646685e-05,2.725941146395845e-07,1.4383763026338417e-05,9.47625450609529e-06,6.1789733191987715e-06,1
0.6111381718160199,0.38881611600851745,1.5234381242780768e-05,2.2083972843162057e-07,1.4488131956617546e-05,9.545014436583777e-06,6.22380809813438e-06,1
0.582231671121397,0.4177225991923594,1.5705004372763978e-05,2.2360216952622983e-07,1.4410278608383896e-05,9.664411160694593e-06,5.726389932215782e-06,1
0.5269772133986993,0.47297894549610164,1.6534427788219702e-05,1.9149284620186847e-07,1.3176484230717354e-05,8.276599479994833e-06,5.662100854094739e-06,1
0.5088838922611475,0.4910729750042958,1.596673206212086e-05,1.8491809975405028e-07,1.2724080683488676e-05,8.789306346582521e-06,5.4676973647946545e-06,1
0.5581626200714163,0.441788662258365,1.7311393522444215e-05,2.188930202853736e-07,1.612071888027283e-05,9.460874877584563e-06,5.6057899180957145e-06,1
0.5090250008817719,0.4909235679439139,1.8272868363998296e-05,2.3105033920503841e-07,1.702378821301934e-05,9.986331893052159e-06,5.9171355048215115e-06,1
0.5206970456125267,0.47925827825881234,1.7045578963707123e-05,2.3693390142052812e-07,1.0961841459016181e-05,1.0145192435563136e-05,6.286581901212608e-06,1
0.1200544007961194,0.8774564449356372,1.0641228815031564e-05,1.3491666749206206e-07,0.002466710122154621,8.295578847585877e-06,3.372421758766697e-06,1
0.16645937086717613,0.818464814621866,1.0134563477270367e-05,1.21889085154978e-07,0.015053920619968308,8.273850106183754e-06,3.363588320902809e-06,1
0.0031298807880687568,0.05944209584310276,3.7722529046126468e-06,2.7785140491648196e-08,0.9374152989539914,7.0775476708920256e-06,1.8468291211014967e-06,4
0.0025070413883888235,0.04972718161564763,4.622824166266217e-06,2.8183146759626415e-08,0.9477544250458629,5.6553609643614454e-06,1.0455818233413986e-06,4
0.08909829948187933,0.9087635745894129,0.00024679590461226174,2.136371186704552e-07,0.0013669038009806326,0.0005169037818448511,7.308804151203449e-06,1
0.15088973099528083,0.8128139222771511,0.0001448344732855051,2.267884481086709e-07,0.029279381213641403,0.006863459525213622,8.4447269794538e-06,1
0.13102126595034314,0.8532494105581847,0.00044247855719078836,1.6159434632178734e-07,0.01335949098604628,0.0019183016420552825,8.890711833361613e-06,1
0.12330644132234457,0.8610150614180062,0.0004290424992436619,1.5668746221221128e-07,0.013698370142398776,0.0015438131982498091,7.114732294928257e-06,1
0.13623288044513265,0.8201199101706711,0.0003451913041082781,1.9226130522795996e-07,0.04221187113565024,0.0010836751210007015,6.279562131873058e-06,1
0.11077631592727508,0.8608579466889262,0.0005209711937844767,1.9875061037196676e-07,0.02203514247737458,0.005787311134663817,2.2113827365321877e-05,1
0.06577967418518245,0.9031091298818511,0.0004973061155019357,2.085053538587758e-07,0.02805587621460259,0.00255099497873346,6.810118774716139e-06,1
0.2889678810489963,0.6757064265585572,0.0015362285236076667,4.303421011900743e-07,0.019961149627149045,0.013820116301692392,7.767597896169493e-06,1
0.39455233666732725,0.5611116896520325,0.00154741035227996,4.423640808485037e-07,0.021740269778535885,0.021039965004017842,7.886181725638895e-06,1
0.23792507041867939,0.6999928536018758,0.0005383439878071067,2.834906543496438e-07,0.052686607529385004,0.00885100590505375,5.8350665445922124e-06,1
0.034214910706955946,0.948993850709366,0.000527403332465384,2.3450680207516676e-07,0.014897320964962232,0.0013596531938421877,6.6265856064461914e-06,1
0.02072504780816587,0.9429347945092089,0.0018505234457861191,5.203436366405388e-08,0.029074052576349086,0.005411927305646468,3.6023204799394375e-06,1
0.9820990775719538,0.010819302080228915,1.0549395820374082e-05,3.1568670000732264e-08,1.4781217541646475e-05,6.755097540209257e-06,0.00704950306824495,0
0.9752531383699363,0.023543277184395906,8.825057053502772e-06,2.1858097410799744e-07,1.4914952847261144e-05,7.0719810085155686e-06,0.0011725538737842613,0
0.9421459031902079,0.054625731817246156,1.5505331307081048e-05,6.048940732022338e-07,4.121649038359007e-05,1.69269191681108e-05,0.0031541113576139335,0
0.9554411554167425,0.04347212921383956,1.304332618788383e-05,4.873914498740024e-07,3.321005428343757e-05,1.3638810563262598e-05,0.001026335786933362,0
0.9795551179138731,0.020216604993670596,7.452003937782002e-06,1.9555163106354715e-07,1.072781957376768e-05,4.7343125598794905e-06,0.00020516740475371513,0
0.9515860352317256,0.047922293359666204,1.0482049395627048e-05,2.3749852718968366e-07,1.598280039317617e-05,6.55495373419124e-06,0.00045841410655823904,0
0.9518096284034333,0.047318039501536166,8.887338969469936e-06,2.8334889550358313e-07,1.6681360778880175e-05,6.919240519021187e-06,0.0008395608058673981,0
0.9458821792830362,0.04903044102427642,1.3957120347212705e-05,3.131916424627584e-07,1.9505687386233383e-05,1.0133019841095981e-05,0.005043470673470547,0
0.9770342317791215,0.021264567648089507,1.319761325762371e-05,2.6717822244188803e-07,1.6815432336083035e-05,1.0668629816956799e-05,0.0016602517191558353,0
0.98769041073167,0.010643722234667507,1.4745227261248718e-05,2.985087933900743e-07,1.705789518379592e-05,1.19196833659518e-05,0.0016218457190582455,0
0.9888018056223692,0.009387092652608394,1.2071466007324092e-05,2.5452892938061115e-07,1.5461674817869668e-05,7.695188609027192e-06,0.0017756188666591852,0
0.9460591236320319,0.027726616499932095,1.56866491376669e-05,3.6058463115714323e-07,2.70253631376149e-05,1.074047770431733e-05,0.02616044679342507,0
0.8777325996955306,0.11914294211836764,9.880487182465377e-06,2.2844946693166547e-07,1.3803321012910405e-05,7.044548313894642e-06,0.003093501380125698,0
0.885278919335988,0.11051416232791433,9.798123548402185e-06,1.9599599323781618e-07,1.368825667855433e-05,6.985825035502481e-06,0.004176250134842033,0
0.94123075489881,0.05699886440516706,3.875622645846397e-06,7.091949757125324e-08,4.720303236873651e-06,2.4211808996972234e-06,0.0017592926697427272,0
0.9324832312072338,0.06487791525527246,1.1574233236879935e-05,2.866731807094919e-07,2.029847769871321e-05,8.058178364663288e-06,0.0025986359750127044,0
0.9304039725109692,0.04565350650781194,8.18803237732198e-06,1.6153146981767492e-07,1.094720463974195e-05,5.811699147123329e-06,0.023917412513585,0
0.8944466722796985,0.06019422617624232,1.3110208740988876e-05,2.2537081052200932e-07,1.2778594632476497e-05,6.837252992272312e-06,0.04532615011688312,0
0.5563042576468701,0.01142404470334526,7.732969488794036e-06,1.417517678634355e-07,8.581079165608618e-06,4.897222563877089e-06,0.4322503446267985,6
0.5778005474441602,0.010464023751746312,7.350183001680476e-06,1.3733109682834362e-07,9.015542697792932e-06,4.630137954460843e-06,0.41171429560934264,6
0.6002787985763703,0.010028406260771403,8.47481238052416e-06,1.2419446007177898e-07,1.0400802858585898e-05,4.187234330698464e-06,0.38966960811882817,6
0.4543808096340136,0.007694192809532117,6.843070128648504e-06,1.0955905682447385e-07,8.204616184639948e-06,3.296672319161623e-06,0.537906543638765,6
0.44051311512270785,0.006779774922958011,5.798929681023091e-06,9.284213876232956e-08,6.5529784373872866e-06,2.7936541056564004e-06,0.5526918715499715,6
0.4993231931536579,0.052001146603906305,8.871996478606807e-06,1.4204261363286437e-07,8.583930898578512e-06,5.580696954251263e-06,0.4486524815754906,6
0.06443985914447653,0.012199590679294851,1.1418386600796862e-06,2.5334691904423872e-08,1.1520455582188642e-06,7.84479337857815e-07,0.9233574464779807,6
0.10124056986603397,0.03202265891793502,2.830882987705488e-06,2.948732645123743e-08,1.4997065365493799e-06,1.2980837954514504e-06,0.8667311130553849,6
0.019447088060125968,0.007936055079434162,5.225972968760878e-07,5.947107666773123e-09,2.6635982910402e-07,2.4594655069269373e-07,0.9726158160096555,6
0.014930911968535222,0.005012066673933511,4.0730734806897927e-07,4.635118985332991e-09,2.075983099663619e-07,1.9168839549720518e-07,0.9800562101283589,6
0.6264144064370164,0.3735409946387081,1.4982985855794632e-05,2.3362902222305054e-07,1.4249051059146501e-05,9.012154552061935e-06,6.1211037860639846e-06,1
0.5062380488463107,0.49371858604544344,1.6052751380602446e-05,1.8591432921752895e-07,1.2792630512247627e-05,8.836657936057276e-06,5.4971540876327e-06,1
0.5770928011977009,0.4228580179384604,1.74759852813719e-05,2.2097419227069374e-07,1.6273990046585514e-05,9.550826159385046e-06,5.659088159026015e-06,1
0.5408026433205376,0.4591467269498398,1.798812484906875e-05,2.2744991455356292e-07,1.6758508936847145e-05,9.83071630015033e-06,5.824929621848215e-06,1
0.7072970068933774,0.2926570445923453,1.4360123882136879e-05,2.654409481527769e-07,1.3617518035655542e-05,1.3087741675765237e-05,4.617689735790658e-06,1
0.3505855282459713,0.6493701525572954,1.4670683150662963e-05,1.908584974780796e-07,1.3879333167636988e-05,1.069048840168919e-05,4.887833515891262e-06,1
0.22034541262428675,0.7795620827528691,1.0970998167807718e-05,1.4732619736935105e-07,6.864508427460878e-05,9.058599721671579e-06,3.682614482558196e-06,1
0.021918746350572366,0.26695874101457157,1.303235676876967e-05,4.199829235223224e-08,0.7110820849658093,8.995460216759378e-06,1.835785376905052e-05,4
0.01944415504965722,0.22144975786254142,5.57700471980422e-06,3.483876061407711e-08,0.7590831293136401,8.23894436731199e-06,9.106986313537173e-06,4
0.019164306172911517,0.2075297222778491,8.766860875004475e-06,3.9040104714519954e-08,0.7732793538344823,1.4404824900857936e-05,3.406988876419453e-06,4
0.0034104191126207045,0.055555545446925654,3.66781951388869e-06,2.701591941695928e-08,0.9410216632962146,6.881608448371207e-06,1.7957003574471465e-06,4
0.0026557971232660555,0.05267775254713236,4.5386184192241995e-06,3.7497018904705846e-08,0.9446547007814077,6.281086295821794e-06,8.923464599310065e-07,4
0.0776460900082354,0.9215039622768106,0.00011935892935770942,1.7132364751679285e-07,0.0006195608911605118,0.00010404925170809308,6.807319080111111e-06,1
0.39639124665807873,0.5978268181187903,0.00044037405656290794,2.3580445205720472e-07,0.004455126570280627,0.0008810154200482881,5.183371787044081e-06,1
0.5407734483273007,0.43987064194856906,0.0003778470578849997,2.0894110472003004e-07,0.013124764064331624,0.005845494188116679,7.595472692329236e-06,0
0.5148411086785141,0.4570547628888612,0.0003603671209248732,3.420032510289459e-07,0.01609925901459496,0.011631425412050604,1.2734881803332148e-05,0
0.5458779730493541,0.4290181782178204,0.00040338885532820444,3.9333918784478e-07,0.013199075223394653,0.011486351614857252,1.4639700057462071e-05,0
0.25538838900269745,0.7147257887400127,0.00018233566356294515,2.5896843120559885e-07,0.028999372681705392,0.0006943740846897106,9.48085890074578e-06,1
0.2158519691992037,0.7517689237944736,0.00024968415259528836,1.79762468894593e-07,0.028492241613575116,0.0036260615302853524,1.0939947398166057e-05,1
0.20503348805480198,0.7644398530601142,0.00030381961744209733,1.8279233280075655e-07,0.026797321140666675,0.0034142109964091704,1.1124338233254483e-05,1
0.16096223992036696,0.8032207174590618,0.0003732455348904577,1.9894058213676708e-07,0.027340341756493348,0.008098269634981236,4.986753624092899e-06,1
0.13825979118365503,0.8232055962683651,0.000375101979775361,1.9993007080195886e-07,0.027476326873154572,0.010678199221448244,4.784543530942607e-06,1
0.1375403173989022,0.841190646479024,0.00036497990178300887,2.1983022017726688e-07,0.01879801699421237,0.002098639388813213,7.180007045253996e-06,1
0.10086972977096127,0.8621524452468081,0.00044328142623603764,1.969185667865209e-07,0.03538544670845249,0.0011424682532224875,6.431675752898836e-06,1
0.11257511447699914,0.8297840308608504,0.0004065206363382918,2.0297955386076918e-07,0.05616429811393059,0.001061799968264945,8.032964062934381e-06,1
0.13415148945130306,0.7624535826550268,0.0003298890014279387,1.498215159804411e-07,0.10073420331559457,0.002326144070320024,4.541684811456364e-06,1
0.64429969847523,0.33333066460627997,0.0004928479313419453,2.2701741895465784e-07,0.01822530529514554,0.0036464427478360207,4.813926747429613e-06,0
0.11086029943339587,0.8447180585567474,0.00028088683636807256,2.1733337854047754e-07,0.04136557753185776,0.002766049185432086,8.91112282043683e-06,1
0.05851080274033129,0.9032703742314363,0.0002749455196694912,1.783013632810537e-07,0.03682289819548825,0.0011149774036401246,5.823608071283489e-06,1
0.06947761385248498,0.9067896914689624,0.00034268950886703176,1.818736776582544e-07,0.02211178622174683,0.0012742673281918317,3.7697460695623797e-06,1
0.07005138667604087,0.9060983855269285,0.00029518955213214324,1.8279450152256557e-07,0.022360284892380847,0.0011910652507762718,3.5053072396486034e-06,1
0.15731997052489105,0.8015976847957473,0.0004787629786351397,2.2260838977550865e-07,0.03295841301220956,0.007640364148597018,4.581931530351508e-06,1
0.058500368009235165,0.922197351334062,0.0005274343781047079,2.0518210294418166e-07,0.016877525226927464,0.0018742864473362288,2.282942223155717e-05,1
0.049840830964946715,0.9325591362539541,0.000525628613954102,2.304456036521461e-07,0.01614667450742695,0.000917705514876814,9.793699237707301e-06,1
0.012416582112883478,0.9534085006157377,0.002412898589733928,8.882910657668884e-08,0.029550857858356618,0.0022010817548793406,9.990239302365192e-06,1
0.9428717765330249,0.05315855046578322,2.6311859416312325e-05,5.71983570918072e-07,3.8974069487147424e-05,1.5809650760825866e-05,0.003888005437956357,0
0.9420996272446068,0.05462304873240183,1.550456972242026e-05,6.048643622571125e-07,4.1214465928502596e-05,1.692608775846611e-05,0.0032030740352196494,0
0.9480104856422376,0.05078295717599585,9.936598620427448e-06,2.093034702299026e-07,1.536250346012349e-05,7.119438968958557e-06,0.0011739293372466356,0
0.9820387286189843,0.01328190752318705,1.5553346060812823e-05,3.584933356505966e-07,1.9428167952387933e-05,1.1069024088202453e-05,0.004632954826391949,0
0.9139661258041036,0.08282618012662918,1.1625169910415845e-05,2.1272742074379402e-07,2.0221116394029633e-05,7.410688562463012e-06,0.0031682243669796995,0
0.814589004016814,0.1805765044159134,8.946352913098e-06,1.637081087788581e-07,6.973564637081376e-06,5.588970024818555e-06,0.004812818971588724,0
0.7824686851093975,0.21480308124506856,1.1264009873020974e-05,2.0611860179122915e-07,9.23270015870517e-06,7.036857829228457e-06,0.0027004939590714204,0
0.8890932634978288,0.10836305331384595,1.481500475753615e-05,3.3567308046562676e-07,3.1917471870189135e-05,1.042138921522582e-05,0.0024861936494015857,0
0.951177808718111,0.04222251225715299,7.887373967802132e-06,1.5560015536204377e-07,1.0545231493569607e-05,5.48633732913026e-06,0.0065756044817901925,0
0.9353517077039744,0.05595187887335957,7.6010703941721255e-06,1.499520295448333e-07,1.0162450421733862e-05,5.519932293894157e-06,0.00867298001752671,0
0.9273829656112668,0.0633767972525961,7.549476942416214e-06,1.4893420673819883e-07,1.0093471203233587e-05,5.358465463447231e-06,0.009217086788321359,0
0.8891689938619899,0.05532965196642122,1.4978228430990201e-05,1.9522568299952404e-07,1.16199562599618e-05,6.845797386364829e-06,0.05546771496382853,6
0.46106576536168065,0.008481056802219751,5.869577043222937e-06,1.1321171134275244e-07,6.45980683205947e-06,3.911224217090552e-06,0.5304368240162959,6
0.5673926553713856,0.010280316862929913,6.372895764162065e-06,1.1682048432862156e-07,6.521045234740259e-06,4.0358996603720395e-06,0.4223099811045408,6
0.5288538731701067,0.008597136630428957,6.038836400152263e-06,1.1069689810623376e-07,7.4070791704249355e-06,3.8040747571498587e-06,0.4625316295122384,6
0.44533324329647356,0.0068974149022405845,5.899550420691981e-06,9.445309892024945e-08,7.353681485480229e-06,2.842128489370704e-06,0.5477531519877915,6
0.5435318729319403,0.05957942513635466,9.111298306681028e-06,1.3561306225060505e-07,9.3138413419891e-06,4.5722141681576826e-06,0.39686556896482605,0
0.5986908837627026,0.06866209326822635,1.1687145495202293e-05,1.71269717768926e-07,1.1673901139473576e-05,7.539593175903435e-06,0.33261595105954267,0
0.6903932625854503,0.09374314861125273,1.3767730474858662e-05,2.2042439096513875e-07,1.407923801012368e-05,8.660230165021596e-06,0.21582686118025615,6
0.4504085652033269,0.06697101672111655,8.397614070460857e-06,1.0239428302635438e-07,7.992549013187814e-06,5.282299128387134e-06,0.4825986432190615,6
0.4164099476819938,0.07347095572182942,7.981766425891053e-06,1.4664342963610577e-07,8.081531038354028e-06,5.4837264314397765e-06,0.5100974029288514,6
0.03568965293274554,0.011470224839577579,1.2353253057880139e-06,1.1324871934105988e-08,5.787905158225072e-07,4.985407126528081e-07,0.9528377982462708,6
0.7085456255235489,0.1306027909499862,1.1985826975291373e-05,1.467982084111049e-07,8.18072009721204e-06,5.7675390054907355e-06,0.1608255026421786,6
0.11500449714027416,0.019124265091017757,1.9527840127831537e-06,2.3917014243687335e-08,1.1175152829844014e-06,9.89103861187474e-07,0.8658671544485368,6
0.6897818246653001,0.3099097155784106,2.7241289152822036e-05,4.24772192280206e-07,2.5461539358823218e-05,1.613469275340548e-05,0.00023919746283191336,1
0.6171304065663255,0.3828276217791722,1.3989038982695924e-05,2.1813045349057714e-07,1.3284692967543753e-05,8.764752366102207e-06,5.7150397327018854e-06,1
0.564189912726558,0.43576385419933755,1.685479103522101e-05,2.1311953374493312e-07,1.4495894628876852e-05,9.21133638752529e-06,5.457932519086518e-06,1
0.5266119087636734,0.4733408776181366,1.7149679628525063e-05,2.1684823731535e-07,1.4921170352402877e-05,9.372496381979778e-06,5.553423589817599e-06,1
0.5070729700619873,0.4928833493337257,1.5845487730977755e-05,1.8351391314694093e-07,1.262745961877247e-05,9.597964944988643e-06,5.426178079113138e-06,1
0.5372967842856169,0.4626604942673623,1.5226468827188776e-05,2.2548615407430778e-07,1.0807813140978973e-05,1.072725752663944e-05,5.734421372105363e-06,1
0.40049796329059006,0.5994559657291318,1.7365156954132844e-05,2.152801421059025e-07,1.1539223255063305e-05,1.1438054823167717e-05,5.5132651037029e-06,1
0.26428838071370114,0.7352577381994394,1.1898264689304603e-05,8.687090029511899e-08,0.0004280778522468741,9.824230717599959e-06,3.993868305503474e-06,1
0.1343918315930007,0.8634941204034892,1.001116226324473e-05,1.2040493034965929e-07,0.002092420698519523,8.173105446578126e-06,3.3226323504544747e-06,1
0.01693322120592241,0.18945047326694647,9.171634392434237e-06,3.218574691646935e-08,0.7935873186012379,1.6772754334392216e-05,3.0103514194567355e-06,4
0.0029463445164850093,0.05395526946814142,4.511430082861722e-06,3.224697070898426e-08,0.9430852787593346,7.676568565628493e-06,8.870104198983028e-07,4
0.0019977892119187692,0.042613488892935564,3.671499945329607e-06,3.0333086005979694e-08,0.9553789656539398,5.332547538532584e-06,7.218606360417006e-07,4
0.0036671928443720286,0.05952501662491996,5.128566117485112e-06,4.237103076275906e-08,0.9367939191842283,7.4488146624612626e-06,1.251594669051712e-06,4
0.09502698139492823,0.9038959199241886,0.00011767602438884449,9.201662623231376e-08,0.0006904434900318406,0.00025363607647844213,1.525107335760878e-05,1
0.11955487571526724,0.8777056660906268,0.0002474146090712154,2.1964862501174668e-07,0.0020989333381672263,0.0003790701245465218,1.382047369588283e-05,1
0.19238299867344757,0.7769571850763735,0.00033884915439640013,2.527518341101675e-07,0.023351224129076774,0.00696364071054505,5.849504326650578e-06,1
0.14844577492479444,0.7925507885430247,0.00027170520623305224,1.8950020425818808e-07,0.057682685328167754,0.0010240855863303169,2.4770911245628195e-05,1
0.15206340746372546,0.7343577129301725,0.00032902800838802734,2.0941689039463924e-07,0.11105029022407568,0.002192354387106189,6.997569641819625e-06,1
0.18486396489486945,0.7885563828141795,0.0003361346569014545,1.889188160715601e-07,0.022241483095353592,0.0039901999383428885,1.1645681537082073e-05,1
0.3829803243192173,0.591587340859909,0.001574887366524145,3.694502642936954e-07,0.011372108153007593,0.01247830133993813,6.668511139697807e-06,1
0.07996286828793352,0.8986507491761784,0.0006578819922219827,2.074760250479874e-07,0.013488443854828005,0.007221834552888151,1.801465992485504e-05,1
0.03828822486304438,0.9424248493835506,0.0009316024198546745,2.3417269887145019e-07,0.014378772509653736,0.003955983981276501,2.0332669921158116e-05,1
0.0545148383633074,0.9282695661859659,0.0004234074881191345,1.9845545964600051e-07,0.01608629362932641,0.0006959472274794952,9.748650342176982e-06,1
0.01629367726050637,0.9612382477699045,0.0008671798052828413,8.377652304079284e-08,0.019519192400600363,0.002070895553432459,1.072343375034975e-05,1
0.013527661179489786,0.960443332534332,0.0018379740822508748,8.836230383982058e-08,0.023089691583119996,0.0010784808524992864,2.2771406004373505e-05,1
0.985722805233323,0.010305728634251712,1.2477080320332262e-05,3.0330538053583617e-07,1.8101793150814956e-05,9.487893258154487e-06,0.003931096060315593,0
0.9795910513113306,0.020118194810403275,6.948122986840767e-06,1.823290478978521e-07,1.0002438324175245e-05,4.333782832355437e-06,0.00026928720507495767,0
0.9853968782946831,0.012650584563505436,6.673664182637046e-06,1.3782486636315979e-07,1.0038050912690655e-05,4.64930237724509e-06,0.0019310382994722688,0
0.9423232953196234,0.05463601703406356,1.5508250731480755e-05,6.050079658035314e-07,4.122425083870793e-05,1.693010625646464e-05,0.00296642003052057,0
0.9795390335223968,0.020216273035026214,7.4518815751436715e-06,1.9554842008651244e-07,1.0727643421914094e-05,4.73423482200115e-06,0.00022158413433766356,0
0.9554178674683774,0.0415180635886016,9.90320526650582e-06,2.2483351016446117e-07,1.6392649195134585e-05,6.437171135374893e-06,0.0030311110839137518,0
0.9247700370540574,0.07371428113683239,1.2770240504273909e-05,2.8992411254273925e-07,1.9783078035522282e-05,8.300769433098068e-06,0.0014745377970245721,0
0.9388797443326321,0.06013540045603968,9.861427118615298e-06,2.1536386240109924e-07,1.4744029045072067e-05,7.325582670940163e-06,0.0009527088086314862,0
0.9331264974916422,0.06577925914588975,1.072024503166742e-05,2.2626320519588968e-07,1.6314008182699486e-05,7.696322849036752e-06,0.0010592865231996583,0
0.9801161700139743,0.0172598999631338,1.8553889784246845e-05,3.756130138966008e-07,2.3640007639860225e-05,1.3204454665168612e-05,0.0025681560577886313,0
0.9661667928390868,0.01901800421955688,1.3539451496544233e-05,3.1122759750063213e-07,2.5746769803681568e-05,9.270314880577981e-06,0.014766335177577914,0
0.9521873259740683,0.033383278847256226,1.452167155523399e-05,2.2483777438687326e-07,3.1119431690107704e-05,1.032550213304636e-05,0.014373203735522736,0
0.9793285547587582,0.0157014532055142,1.0584478799635662e-05,1.6760580149946708e-07,1.81836151993728e-05,6.647571205706767e-06,0.004934408764721305,0
0.9726606310695205,0.02616118267067597,1.2314735611815487e-05,2.2534569077533145e-07,2.1451360634484395e-05,7.850265505923471e-06,0.001136344552360882,0
0.9313628851576103,0.06729767101571307,4.675846302027656e-06,8.556268263516241e-08,5.2507482541335e-06,2.9807083231725257e-06,0.0013264509611147562,0
0.9225624392909373,0.07528028092022712,1.0906156515359238e-05,1.9681998894099425e-07,1.9929786106679875e-05,6.813299502312474e-06,0.0021194337267221187,0
0.9378305061272032,0.05943798490107872,1.1694241604536552e-05,2.896455746265468e-07,1.83979673789629e-05,8.141730234755875e-06,0.0026929853869252255,0
0.9672463622378534,0.018529635060404417,7.245369246796893e-06,1.609445161117415e-07,1.110353073673841e-05,5.700328500099996e-06,0.01419979252874249,0
0.9627346972371192,0.015711122917333342,8.298886223313783e-06,1.6371836696864275e-07,1.1095413596577025e-05,5.798572674406894e-06,0.021528823254686115,0
0.787024131857711,0.11875753441234625,1.236328681716563e-05,2.266293388943969e-07,1.3719224300439931e-05,7.829562401926645e-06,0.09418419502708406,6
0.5191139031475259,0.00811634568071863,6.102885335211458e-06,1.11870968401942e-07,7.3995226923497465e-06,3.84442142676238e-06,0.4727522924713328,6
0.6741821603271534,0.010013485059837849,8.905804961340882e-06,1.4258389487233391e-07,1.0677767456621858e-05,4.290401843609806e-06,0.3157803380548521,6
0.7673962284834731,0.0847159128999563,1.3158248319503931e-05,1.928280500093043e-07,1.3243339795343257e-05,6.501225823228733e-06,0.1478547629745826,0
0.8144044418060662,0.08887742618092363,1.4344361944262542e-05,2.1020999719543958e-07,1.32828487508694e-05,9.253812530360616e-06,0.09668104077978741,0
0.8051112833425934,0.09158892381320886,1.5166286757437969e-05,2.2573584147045375e-07,1.5997474218205343e-05,9.937287408879258e-06,0.10325846605997173,0
0.49011557537706163,0.06594366177968679,8.773598363591608e-06,1.4046723818416931e-07,8.704988295584176e-06,5.518802197857535e-06,0.44391762498715653,0
0.708575717236511,0.21316937734420888,2.3126700395638976e-05,2.2805608929018136e-07,1.0835619402069842e-05,8.960071138860699e-06,0.07821175497225433,0
0.11659914857941983,0.017529493420635617,1.7943012996775805e-06,2.3917023339112852e-08,1.0669473522996395e-06,9.89104237334781e-07,0.865867483730032,6
0.14595025065743297,0.01963473570073935,2.268602648555751e-06,3.52076528345673e-08,1.8638498968591193e-06,1.2597051395806632e-06,0.8344095862764898,6
0.06573638899489267,0.015279044900611705,1.5608368116473665e-06,2.2507228931037828e-08,1.015867766278548e-06,8.052928746874643e-07,0.918981161599814,6
0.3212199701111277,0.16001840693095024,7.364014971202208e-06,1.1482675308623472e-07,6.6486080946739605e-06,4.748735928657676e-06,0.5187427467721744,6
0.6363120142162904,0.36362306877553185,1.4423845393644175e-05,2.249103702323971e-07,1.3298825007408652e-05,8.675835722843897e-06,2.8293591683459533e-05,1
0.7473584191496427,0.25259916000964633,1.2419429517908275e-05,1.982155548372607e-07,1.4521222472762096e-05,1.1296336837975486e-05,3.985636327567823e-06,1
0.3066839297022986,0.6932714418355759,1.5021270134735648e-05,1.9172523114907668e-07,1.3406548144390414e-05,1.1004279986170152e-05,5.004638629421934e-06,1
0.34348280540803744,0.6564543159444566,7.298132288291059e-06,9.099203829504747e-08,3.1777929241870345e-05,8.698483275149125e-06,1.5013110662174935e-05,1
0.08008025286868613,0.4842365060025663,5.777609309937942e-06,5.8851883937123447e-08,0.43567007490546317,4.489323752765655e-06,2.84043833806994e-06,1
0.019652361015938827,0.21383918164427726,9.755968850621176e-06,3.1527410678571216e-08,0.7664748465267848,1.004238512041732e-05,1.378093161740777e-05,4
0.01741300314607096,0.2317265046805033,9.331926186261895e-06,4.067359096455252e-08,0.7508264942702804,2.082107901339875e-05,3.8042243547217487e-06,4
0.012055063554675416,0.17624119286680895,7.902509459034282e-06,3.703292171035968e-08,0.8116749630284086,1.760918359940477e-05,3.2318241267826756e-06,4
0.0031428539003587677,0.05717237723961131,4.925867028559476e-06,4.069637762663787e-08,0.9396710001655861,7.154411136978926e-06,1.6477199006595224e-06,4
0.08765245803415585,0.9118065933401713,2.183660580495641e-05,1.819828503798416e-07,0.0004969095132190903,1.2124287240708298e-05,9.89623655770834e-06,1
0.07728779961432522,0.9223322759595618,2.0343854955700835e-05,1.9437632695127616e-07,0.0003368590873257653,1.321973836406015e-05,9.30736914036356e-06,1
0.10680397847588491,0.89052677667835,0.00028664087086323456,2.222631756540874e-07,0.0016761879962721184,0.0006985898026556694,7.603912798440637e-06,1
0.5215894001651179,0.45436810250509885,0.00037273882675727517,4.163893719439842e-07,0.009237740025382508,0.014416097354267104,1.5504734004477484e-05,1
0.27610696076872737,0.700472415035128,0.0002532862073251385,2.75623196731136e-07,0.02199217751798501,0.001166206709809882,8.67813782798349e-06,1
0.13095943748430405,0.8585803541358502,0.0004007730982779306,2.2672521730994098e-07,0.006969730306300892,0.003081445723213656,8.0325268358909e-06,1
0.14603370307370264,0.8029336319453817,0.0002614537538430776,1.9198275928679948e-07,0.049962911593529356,0.0007859193020397212,2.2188348744242958e-05,1
0.23019384492528497,0.7166019734575926,0.00029177489831226714,2.047765367813628e-07,0.05184456849140672,0.0010510400153098695,1.6593435557042417e-05,1
0.22604245890077607,0.7142901745866106,0.0003159693721343154,2.0406577909533116e-07,0.05457058662941198,0.004772830738564716,7.775706723036155e-06,0
0.06966203793107734,0.8769778450848961,0.0005159993554582393,1.8948080261670581e-07,0.05181752472080367,0.001013645514577701,1.2757912384408127e-05,1
0.06410541797204224,0.9027245310156441,0.000218276221945881,1.741756743983781e-07,0.031815385051274604,0.001129322519727664,6.893043690692391e-06,1
0.21463181662682992,0.7542698119894915,0.0005422205216912526,2.967914971611136e-07,0.021994493406684634,0.008556069656279041,5.291007526532315e-06,1
0.10998711918613668,0.8506077101275208,0.0003908026256050292,2.0339673162002482e-07,0.02246536694733906,0.016541789035136038,7.008681530621083e-06,1
0.07987376977764556,0.897649428879207,0.0006571489481640684,2.0724484518728403e-07,0.013890710236669462,0.007910740326352434,1.7994587116099994e-05,1
0.03867208739081792,0.9421893413134557,0.0009379640347058979,2.3652042129644827e-07,0.014535479587019189,0.003644354636390073,2.053651719013541e-05,1
0.08778018334813269,0.8981302552664833,0.00086932805346651,2.192129227163716e-07,0.011257620849141505,0.001943359522445972,1.9033747407468336e-05,1
0.06130023116034932,0.9270179796669872,0.0006755470716900689,2.0625465716202998e-07,0.008579782815361472,0.0024083444195580985,1.790861139658016e-05,1
0.06032427466964257,0.9228717812089051,0.0004040724117097676,9.259362083906861e-08,0.01563837802593237,0.0007535928379183734,7.808252271126095e-06,1
0.07103123891145166,0.9116484987565624,0.00054602416359071,8.851340395169104e-08,0.016250223150947773,0.000502128283862154,2.1798220181196287e-05,1
0.020918812261037024,0.9636597562319664,0.0008909730399207669,8.127499143333426e-08,0.014066888897646268,0.00043389198024567266,2.9596314192299066e-05,1
0.9757154961334146,0.02393853731099799,8.267536075149302e-06,2.16952403389814e-07,1.1901850304203596e-05,5.156746070301306e-06,0.0003204234707344508,0
0.9793714249265234,0.02033469231169347,7.022893674742157e-06,1.842911415973372e-07,1.011007735065855e-05,4.3804198772385165e-06,0.00027218507973904,0
0.9318723496934938,0.06637959293393707,1.3840095216125877e-05,2.8302174844030085e-07,2.0406407289862173e-05,9.8497356601803e-06,0.0017036781126546613,0
0.984481574631022,0.012346325943705466,1.4751683004869247e-05,3.4001558418352453e-07,1.8795514201663195e-05,1.0498495557417759e-05,0.0031277137169244545,0
0.984653310406703,0.009753034941376963,1.1498230274155615e-05,2.424421557147153e-07,2.0007980362077438e-05,7.329768445354524e-06,0.005554576230683006,0
0.9815733750293134,0.010668903501361425,1.5627353502328048e-05,2.120597851844425e-07,2.570073430010861e-05,9.738682791298574e-06,0.007706442638946473,0
0.9831544225058216,0.010353917645041743,1.4466231139878118e-05,1.9630360748504485e-07,2.4328782943096574e-05,8.88187079821327e-06,0.006443786660648179,0
0.9820119261509204,0.01700327553296122,1.2433131199009023e-05,2.621547019237263e-07,2.162650482141722e-05,7.925739054320824e-06,0.0009425507863418303,0
0.8089706410532206,0.1886939202325426,9.740460228534839e-06,2.0537927308407934e-07,7.658032483983958e-06,6.085065140401103e-06,0.0023117497771110145,0
0.9324375621736384,0.0641260806581458,9.709196966406338e-06,2.4047954793461265e-07,1.1492614862463063e-05,6.759708339352657e-06,0.0034081551684995437,0
0.9479908912106406,0.04676931814631453,8.309902722238604e-06,2.05821517159333e-07,1.4196130152644709e-05,5.785495847399287e-06,0.005211293292805447,0
0.9662084388785281,0.02048735560589781,7.957760832449326e-06,1.9709958858394544e-07,1.2195271074386842e-05,6.26080594722545e-06,0.013277594578131375,0
0.9597257538927504,0.02206968093944629,9.598635335524134e-06,1.8935949475302305e-07,1.2833147261516843e-05,6.555040259379848e-06,0.01817538898545267,0
0.45181695709172,0.00906421535914046,5.853304628886176e-06,1.0668290153364127e-07,6.087276024867382e-06,3.6856677023863094e-06,0.539103094617882,6
0.7927872279416391,0.116060036408124,1.208246302202742e-05,2.2148160496415885e-07,1.3407601291819547e-05,7.65171912606511e-06,0.09111937238519209,6
0.8089078349365024,0.10474458957836266,1.1857933409830172e-05,2.1736579026803555e-07,1.315844650334146e-05,7.469727968646666e-06,0.08631487201146296,0
0.8288926865510268,0.08793593033942512,1.3447771464131435e-05,2.1530177687836926e-07,1.3746713761792485e-05,6.478509661126234e-06,0.0831374948128844,0
0.8369329897240111,0.09980152449517521,1.583424436761245e-05,2.0557301249603128e-07,1.386930149387976e-05,6.930924091871666e-06,0.0632286457378479,0
0.7141110662455862,0.14223924488116715,1.4193069462289969e-05,2.2723416164081267e-07,1.4514200682436733e-05,8.92777851193606e-06,0.14361182659042837,6
0.8087797193092975,0.08119544375442346,9.669005230201712e-06,1.7320435523302746e-07,9.019963026365529e-06,6.805007265005492e-06,0.10999916975640225,0
0.7952616963860443,0.13404371522964584,1.623545332942803e-05,1.7230843080967578e-07,9.050257238101945e-06,6.76980738679457e-06,0.07066236055792471,0
0.7583583218817214,0.11987309728636572,1.3404156244327701e-05,1.6999788389626966e-07,8.928899021160574e-06,6.679028557874762e-06,0.12173939875020565,0
0.7478728437501367,0.11186582583105215,1.2675436840911427e-05,1.6075591787641356e-07,8.443477794396097e-06,6.315921949940793e-06,0.14023373482630808,0
0.690091398419646,0.10322295404659854,1.1696119210937545e-05,1.4833574597426038e-07,7.791125787429645e-06,5.82794715327325e-06,0.206660184005858,0
0.12431921238707686,0.02056912146759546,1.9068965674192617e-06,2.6342119386734617e-08,1.171495458740418e-06,9.8506272459419e-07,0.8551075763484576,6
0.06105106173370591,0.018491967062504205,1.5333219051321642e-06,1.8386292570630142e-08,1.0046691615904835e-06,7.603772272424367e-07,0.9204536544492034,6
0.06440335408819171,0.017367405734810316,1.5291853932259572e-06,2.205081624581236e-08,1.0424385619363314e-06,7.889627487330356e-07,0.9182258575394779,6
0.6340570547254454,0.3658773992885465,1.4531122623819714e-05,2.0739697935919408e-07,1.360622396024307e-05,8.963999259310483e-06,2.823724318545206e-05,1
0.45311848465240595,0.5468354655821644,1.6586336860022163e-05,1.9945453738880562e-07,1.3724322442197733e-05,1.0431675861240248e-05,5.107975728759784e-06,1
0.45350123659018815,0.5464547703354805,1.617984610816587e-05,1.9456639207085165e-07,1.3387972698711352e-05,9.247897458034218e-06,4.98279167444024e-06,1
0.47646995108473,0.5234801152022339,1.8493639493181287e-05,2.2239029273778364e-07,1.5910297066163977e-05,9.612032082332061e-06,5.69535410168181e-06,1
0.5232747866783714,0.4766757164335763,1.599585309137539e-05,2.3817059463573468e-07,1.612550743394843e-05,1.189124295546145e-05,5.2461139767716414e-06,1
0.7349873288662153,0.26496564241070725,1.3855398851775284e-05,2.2113379418402897e-07,1.590327259337635e-05,1.2602451040803785e-05,4.446466797605198e-06,1
0.5131811159149662,0.4867743694469583,1.5639329646936417e-05,2.3192101868719837e-07,1.2418696175433438e-05,1.1116234837988634e-05,5.108456396570962e-06,1
0.5625183491447082,0.437439652010667,1.5131012410753099e-05,2.2545319201957663e-07,1.0844045187457439e-05,1.0264011192458403e-05,5.534322642157738e-06,1
0.4138678943660325,0.5860859039374613,1.7422045252568904e-05,2.155528923507823e-07,1.1553842931257093e-05,1.1490005267628991e-05,5.5202501622987e-06,1
0.26146095474727926,0.7384987001982507,1.3449690648238259e-05,1.632595004820378e-07,1.2959503611651231e-05,9.511008232456403e-06,4.2615924770862895e-06,1
0.5301742702914741,0.46977275805215907,8.627805843066942e-06,1.7691403337605868e-07,1.6135240072753466e-05,1.0283291924915932e-05,1.7748404492686236e-05,1
0.14118003297679896,0.7869089286127151,1.0392176381910831e-05,6.811921141422176e-08,0.07188800036962727,7.703602091848984e-06,4.874143173444206e-06,1
0.06850235328042692,0.46799285745495295,7.050329836670132e-06,3.920351893569409e-08,0.4634885059758657,4.659234619523308e-06,4.534520779265478e-06,1
0.02155497063785643,0.24048204772331672,1.323822996780311e-05,3.877671252680596e-08,0.7379149637958672,1.7651763434563543e-05,1.708907284490535e-05,4
0.009181132441335008,0.13652506448558366,7.2511154845388025e-06,4.784045643155135e-08,0.8542656777654385,1.788686427443265e-05,2.939487427430286e-06,4
0.09049006493676572,0.9090222231871521,2.0798534238304033e-05,9.347141713667752e-08,0.0004476192289551913,1.2414557982203062e-05,6.786083489482485e-06,1
0.10063720651830449,0.8978518119337495,0.0001227400952860374,2.2200134343802795e-07,0.0011581500483088568,0.00020843564217188428,2.1433760835823003e-05,1
0.12172695339296741,0.8755209381939262,0.0002460121528677072,2.2351886755726795e-07,0.00209854306836028,0.00038574939842623554,2.1580274584481746e-05,1
0.11786792322746922,0.8792129534085837,0.00024845366483299187,2.2446143217655258e-07,0.002268945859456795,0.0003873760787098306,1.4123299515170334e-05,1
0.34748171008191936,0.647189949073655,0.0003378952297062579,3.002329037835714e-07,0.0038018019057438597,0.001181083701480543,7.259774591198365e-06,1
0.13740970161705923,0.8531491716734197,0.0006062346834601456,2.1238665690337176e-07,0.0059716490422521105,0.0028511175973288216,1.1912999822990652e-05,1
0.11748844342067613,0.8754441511413489,0.0003354100278454073,2.0735281190321762e-07,0.005839609038337599,0.0008834096172100679,8.769401770058673e-06,1
0.13550625033405053,0.8112459719201671,0.0002773055787159603,1.9397025352168767e-07,0.05215380464222033,0.0007940555018093985,2.241805278316133e-05,1
0.1375857460798293,0.830700368902355,0.00025566923435477,2.2024512333380475e-07,0.027044027346835503,0.0044091971324717915,4.771059030394624e-06,1
0.08099840057382861,0.8773877465566734,0.0006413556025563302,2.03144523723792e-07,0.039662882224172566,0.0012957339952641193,1.3677902981459907e-05,1
0.07707346248291128,0.8922164452528265,0.0002224998646084008,1.394558993150139e-07,0.029389406232290107,0.001090802336555298,7.2443749091046585e-06,1
0.09321101662383911,0.8718016060860756,0.00040130413206292137,2.088623348444532e-07,0.017218153642936565,0.017360513636471734,7.197016279501496e-06,1
0.07956873978081479,0.8866511189321874,0.0006930131506728497,2.0470560997032658e-07,0.009777745855377416,0.02328640116971495,2.2776405622728148e-05,1
0.04471101674492448,0.9137087850799076,0.0006816939823648306,2.0157526498711955e-07,0.009820875478242605,0.031054999028998748,2.242811029712896e-05,1
0.0390895723006689,0.9429754422879413,0.0007901955020227773,2.2316019975428506e-07,0.00957482651355119,0.007544910494852415,2.4829740763770073e-05,1
0.06302582707006961,0.920993744381841,0.0007321683200801154,2.235419738630828e-07,0.013290626923763546,0.0019380001334378346,1.9409628833706708e-05,1
0.030376187594259172,0.9550673808109476,0.001084725655614637,7.777213641605104e-08,0.013064585408782133,0.0003787220098455023,2.832074841452072e-05,1
0.0290164673188534,0.9574796229913821,0.0032851629009488176,1.812303253339815e-07,0.00889661258809755,0.0013039097533184439,1.8043217074473512e-05,1
0.009969613735530292,0.9704305653189684,0.0033534025095226846,8.928114503319574e-08,0.012516133591660818,0.003717386322388294,1.2809240784186029e-05,1
0.9850288565855942,0.012882979977100062,8.719005500303452e-06,1.6147024104957922e-07,1.0969127618748766e-05,5.446941436446137e-06,0.002062866892509253,0
0.9855580480896086,0.012996155353889758,9.2558963030366e-06,1.7141310521357206e-07,1.1510611384389057e-05,5.782348124760789e-06,0.0014190762875842707,0
0.9349439553548123,0.06407532010187414,9.82008796267621e-06,2.1231142574606943e-07,1.4682221995389152e-05,7.294873788672298e-06,0.0009487150481411597,0
0.9324607634158933,0.06643079817378808,1.1139914752508937e-05,2.3464999491597723e-07,1.5780656682442207e-05,7.981598757229133e-06,0.0010733015901315613,0
0.9499525118216791,0.047447714114408394,1.4593791500795692e-05,2.984343909799032e-07,2.0782866462586133e-05,1.0386127141317502e-05,0.0025537128444170464,0
0.9843431972885429,0.012854546265285096,1.5052898551633165e-05,3.469583838670784e-07,1.880304341509023e-05,1.0712865001126814e-05,0.002757340680820226,0
0.9809583000535181,0.012225289743652444,1.4648391178891264e-05,3.3763478258009435e-07,2.0539529784814784e-05,1.0637729073519901e-05,0.006770246918009536,0
0.9847322235022066,0.008983417771771869,9.785792584792294e-06,2.608317696648803e-07,1.743952276910694e-05,6.8192305864617275e-06,0.006250053348311584,0
0.9803336372947383,0.015226780044225797,1.4643937612503009e-05,3.366161119785186e-07,2.7739976124429827e-05,1.0412438298096547e-05,0.004386449692888604,0
0.9815707900735187,0.013781404774496199,1.540074358233155e-05,3.1026939045925835e-07,2.441096434727829e-05,9.597463606112889e-06,0.004598085711058919,0
0.9815272050995999,0.010487489646496805,1.5626618443868676e-05,2.1204981060116008e-07,2.5403869743644175e-05,9.738224716220933e-06,0.00793432449118893,0
0.603664437283678,0.04709546964771119,8.90267845780412e-06,1.4822589130649167e-07,8.418160941345466e-06,5.120889780762916e-06,0.34921750311353966,6
0.8785994767118961,0.088681795685395,9.857806077530764e-06,2.073906026443047e-07,1.3079530026962254e-05,6.992204408752074e-06,0.032688590671592924,0
0.7854610180226999,0.10879695096477475,1.2707356663545781e-05,2.0344757318236444e-07,1.1377085048664808e-05,6.121812311559487e-06,0.10571162131092827,0
0.8476610558254755,0.08918206594925651,1.3638339151647154e-05,2.5238403953020094e-07,1.3941517745449748e-05,6.843965086026874e-06,0.06312220201924523,0
0.8720008689376644,0.10189524568201697,1.4038031639522526e-05,2.2270469930823505e-07,1.5025117262750516e-05,7.682274954486723e-06,0.026066917251762675,0
0.8554609590243285,0.08325729763086,1.399831381115994e-05,2.0513882167911902e-07,1.2813285154844555e-05,9.030570495430414e-06,0.06124569603652832,0
0.8166678502062505,0.0825175677846875,1.4085333304924654e-05,2.0118753671969232e-07,1.3535906446568638e-05,8.856628005746762e-06,0.10077790295376786,0
0.7542340252069336,0.10002687035941792,1.300201023814182e-05,1.5853687786378447e-07,1.232239913362806e-05,8.178573910630782e-06,0.14570544291348836,0
0.6360951997913927,0.06645947393482178,8.383187767963244e-06,1.4445518438476396e-07,6.424258808252193e-06,5.401897069203549e-06,0.29742497247495586,6
0.9047624532511386,0.08337408780846939,1.0890603565870393e-05,1.7861555415670156e-07,8.4433323051052e-06,7.017607276930426e-06,0.011836928781689812,0
0.8887422920515944,0.10035862792698397,1.110398504881107e-05,1.8211519966227012e-07,8.509725963827003e-06,7.155104472415479e-06,0.010872129090736928,0
0.8680160000514064,0.1175984054544819,1.1182429534827932e-05,1.834017587823128e-07,8.251783134782801e-06,7.20565195516769e-06,0.014358771227727989,0
0.8685394592915652,0.11932880699059069,1.6027028712247895e-05,1.8610042364851966e-07,8.37320398361898e-06,7.311679508549044e-06,0.012099835705216114,0
0.8270848107855301,0.1339964848950332,1.2122561138714616e-05,1.7942226813439895e-07,8.124888895057597e-06,7.170004030502107e-06,0.0388911074431046,1
0.686192964264308,0.16628492503061287,1.2909096249497182e-05,1.4942067116467527e-07,1.1106348250078428e-05,6.923778462932962e-06,0.14749102206144543,6
0.635623774460424,0.3642588905406998,1.4144561044086201e-05,2.121042383097467e-07,1.3407192723874623e-05,8.725536078996463e-06,8.084560479096318e-05,1
0.6382974746735085,0.36160550379631745,1.4651734473938463e-05,2.0895004368557735e-07,1.2816877027612054e-05,8.595778940654065e-06,6.074818968805965e-05,1
0.6164117333003498,0.38349429150016856,1.624379876379091e-05,1.9533543754786853e-07,1.25885991317502e-05,8.442681869843539e-06,5.650478427856528e-05,1
0.5917439473296157,0.40821170252393074,1.590985992306859e-05,2.0117140115627154e-07,1.4392250283093997e-05,8.694920709698988e-06,5.151944136641665e-06,1
0.49369531058720506,0.5062572070727154,1.5756393528615395e-05,2.0891987471211943e-07,1.4946593346206981e-05,1.122005292139578e-05,5.350380408768455e-06,1
0.4371023255470378,0.5628527853696679,1.692856931308646e-05,2.0548798052035984e-07,1.1226582646228616e-05,1.1164553171626346e-05,5.363890183000816e-06,1
0.26472869650178876,0.7334341288652169,1.215968869293018e-05,9.395156284260613e-08,0.0018099766098172475,1.0624982894262867e-05,4.319400027107646e-06,1
0.20355870013893404,0.7948044309421199,1.0531482642197602e-05,8.137126519197175e-08,0.0016111587622454028,9.202276945596006e-06,5.8950258476612944e-06,1
0.10569224295959362,0.6908051383157545,9.277769561029874e-06,5.7868388137618664e-08,0.20348088147987378,6.877504997167957e-06,5.524101831698548e-06,1
0.06914532265288385,0.5319575312877961,7.1443872053057e-06,4.45618064861889e-08,0.3988795067640106,5.29605293416433e-06,5.1542933634269475e-06,1
0.0030618536985813046,0.06201176622939803,4.162987989863185e-06,3.478271861568828e-08,0.9349104886389753,9.745292464076607e-06,1.948369872748724e-06,4
0.003926337192116083,0.07298538166426675,6.808958055577946e-06,5.326503602928996e-08,0.9230693007362469,1.0022138594753136e-05,2.0960456839360177e-06,4
0.100372651379695,0.8992486623915251,3.989853727922912e-05,1.5738107511491622e-07,0.0003184596245605457,1.1612295083381309e-05,8.558390781289792e-06,1
0.09999292291198138,0.899555925811304,2.4411022316619998e-05,1.7500017886275044e-07,0.00040416450921148086,1.2884226478292182e-05,9.51651852936845e-06,1
0.10600108329056378,0.8935780149153962,2.1433895069726114e-05,2.00930518923196e-07,0.0003795659731950632,1.2793802201576155e-05,6.907193054727547e-06,1
0.10355357487541908,0.8947763031810781,0.00014223703923469714,2.2843472643462214e-07,0.001318213071649879,0.00017680601657497043,3.263738131686203e-05,1
0.20113230751003827,0.7929975322495361,0.0002739517748071575,2.1311755556703532e-07,0.005142451645061925,0.00042891270663448334,2.463099636659456e-05,1
0.3407915206021868,0.6555177705402583,0.00033422498398282755,2.6309214707245357e-07,0.002072202393007988,0.0012701517513317405,1.3866637085432044e-05,1
0.19986589073552904,0.7915380535622529,0.00022775111884250804,1.8963315143161507e-07,0.006067741226918225,0.002288833067937903,1.1540655367983364e-05,1
0.12189004760182377,0.8717551073399272,0.0001775633993692256,2.170184992657311e-07,0.004069630609375881,0.002095261226078772,1.217280492585082e-05,1
0.11694475308955345,0.8785491728858287,0.00022377381673383554,2.3610217543805045e-07,0.0035704526502193137,0.0006997330950699928,1.1878360419531409e-05,1
0.12909186351590804,0.8642211455719676,0.0003290584672889814,1.710804991448783e-07,0.005951536648653418,0.0003834935547670115,2.2731160915607892e-05,1
0.13598314807191283,0.8544984515774692,0.0003761463715880323,1.951703684581755e-07,0.008104568946237681,0.0010149331067235317,2.2556755700250812e-05,1
0.2058951226667333,0.7681050570607604,0.0003257083344201938,1.840191787943355e-07,0.020599723118128393,0.005065065880883782,9.13891989519719e-06,1
0.07097699112650806,0.8088064801825348,0.0002997989236927842,1.8304317304859221e-07,0.11862005156142072,0.0012905166794983198,5.978483172216957e-06,1
0.11403537158857728,0.8544607801592995,0.0005376912514052588,2.0470789722250635e-07,0.011358129910843482,0.019599275395662565,8.54698631496994e-06,1
0.063198494602156,0.9214423809704949,0.000732524975594276,2.2365086614295622e-07,0.008483046118609642,0.006123910598582195,1.9419083696695856e-05,1
0.019233225942253636,0.9572216751009145,0.003052582230325876,1.81181501339208e-07,0.018578523116813486,0.001895774072013607,1.8038356177520877e-05,1
0.009228551999981868,0.9700236974096245,0.004210238638379745,8.748015904090524e-08,0.014025322016920926,0.0024995516031213836,1.2550851812857112e-05,1
0.007996714206917,0.9720122241145293,0.004225217297985223,9.457740748857724e-08,0.009965981013344552,0.005786199689814264,1.3569100002187812e-05,1
0.9779579174035136,0.019749568753091466,8.082782989230506e-06,2.0019616514414647e-07,1.2589377802232918e-05,5.627371219939533e-06,0.0022660141152184457,0
0.985428438477017,0.012422914437272871,7.2068111848778794e-06,1.4883544650696417e-07,1.083997270647309e-05,5.020726763774521e-06,0.0021254307396084277,0
0.982705240374653,0.017042853257868452,7.975229919439011e-06,1.8069990784970513e-07,1.145805905043694e-05,4.964463463361862e-06,0.0002273279151375189,0
0.9247860826644609,0.07393913137249905,1.5189752680692671e-05,3.1062144406754824e-07,2.2396397928919508e-05,1.0810261512797467e-05,0.001226078929473369,0
0.9622271253756056,0.03442418067755713,1.564845445087898e-05,3.200016235376668e-07,2.2284800984086114e-05,1.1136710941984023e-05,0.003299303978836963,0
0.9843402764838923,0.011779633937642121,1.2799016893826848e-05,2.942074336801935e-07,2.428000418531678e-05,8.894791243794102e-06,0.003833821558708948,0
0.9885902357702214,0.009497118841637732,1.5590247809282248e-05,3.630390715462251e-07,2.5612714734125564e-05,9.715559197513452e-06,0.001861363827328411,0
0.8204506982462769,0.16283666604744412,1.2407541372093681e-05,2.61615136038038e-07,9.276764980011298e-06,7.792543810620556e-06,0.016682897240980137,0
0.9531988935309891,0.025235300750663898,8.395207398125622e-06,1.6561856719073907e-07,1.1224192717520171e-05,5.839578536804394e-06,0.021540181121127575,0
0.6392325906075975,0.04624907586150116,9.023652538282704e-06,1.5024005940083664e-07,8.536424566380194e-06,5.19047501125239e-06,0.3144954327387258,6
0.6836600500775234,0.10373380847840041,1.0004149895578757e-05,1.8233661254717698e-07,1.004852008763586e-05,6.299342764086133e-06,0.21257960709471624,0
0.7858425502531547,0.08897577469463708,1.003203697172279e-05,1.8284488511916187e-07,1.0421745886902451e-05,6.316902502110156e-06,0.12515472152196236,0
0.8102229105632806,0.10402305194341527,1.1776249522745092e-05,2.158684566218798e-07,1.4338819939401771e-05,7.418272424509323e-06,0.08572028828296073,0
0.8749232214211562,0.0962643110902179,1.5372943262737603e-05,2.1659185562582774e-07,1.4612704801664935e-05,7.471410315941066e-06,0.028774793838389715,0
0.8708646107083912,0.09889000888625113,1.561966616954558e-05,2.4201899301156395e-07,1.4645376542000769e-05,7.488115229993467e-06,0.03020738522842303,0
0.8285738640555809,0.07372313793381595,1.3650753532367156e-05,1.949802264589917e-07,1.2002251881158696e-05,8.583371327964202e-06,0.09766856665363516,0
0.796145278042834,0.07450832341161209,1.255141036144737e-05,2.009508386097289e-07,1.1412179319949506e-05,7.895135863115959e-06,0.12931433886917085,0
0.8413650958553909,0.06365357849481997,8.213745248014002e-06,1.415313444769377e-07,9.327334486807872e-06,5.560609755428963e-06,0.0949580824289545,6
0.8758321330431088,0.11363127471972724,1.5587296458508792e-05,1.8099440180367027e-07,8.517186679115003e-06,7.1110695660176965e-06,0.010505195690058625,0
0.8310067893168558,0.13063015502945605,8.548531285508709e-06,1.918487891258962e-07,8.37463554983195e-06,7.255594644554618e-06,0.03833868504341906,1
0.7864020477661908,0.193076380323557,1.3498053172930762e-05,1.7994748325946802e-07,1.3375387757442303e-05,8.338314232826463e-06,0.020486180207605932,1
0.8031820185608349,0.17534864259764438,1.2020146616151237e-05,2.0140268532152237e-07,1.2951580045338086e-05,8.074109415597599e-06,0.021436091602758348,1
0.7835214938854748,0.18683703544944807,1.231870911334649e-05,1.678884314385997e-07,1.2258647355980707e-05,7.779528071380953e-06,0.029608945892105054,6
0.762693741687744,0.23719777426431457,1.566627938645715e-05,2.4000592724368104e-07,1.5567466240281695e-05,8.175558859864421e-06,6.883473752761198e-05,1
0.7258037035563399,0.2740885686963318,1.645247159039011e-05,2.549353360677675e-07,1.531372101550681e-05,8.616769424617481e-06,6.708984996170633e-05,1
0.5174967785426255,0.48243903466544286,1.6330340232330527e-05,2.064881426852272e-07,1.4772621818687214e-05,8.924718015690422e-06,2.3952623722053285e-05,1
0.41761521403845675,0.582340311829706,1.617792612597828e-05,2.0648830612821266e-07,1.1480812774438912e-05,1.1218902766232956e-05,5.390001864541402e-06,1
0.238508136362441,0.7603766195628678,1.095530906630905e-05,8.464595058275951e-08,0.0010907399317460586,9.572611139179345e-06,3.8915767889272286e-06,1
0.04162527521108398,0.49317550647199576,5.519867352903204e-06,3.442916148593312e-08,0.46518570173580565,4.091814854160055e-06,3.870469746015226e-06,4
0.05391883540568179,0.58133422140883,3.087580724047192e-05,2.0370834173395075e-07,0.36462679586635277,8.191748940019593e-05,7.150314153133991e-06,4
0.004280813103138524,0.04118992828480592,2.9041638949704547e-06,1.9160710732530162e-08,0.9545181027576426,7.559974624077104e-06,6.725551833996549e-07,4
0.0054078329168072556,0.07288197469097317,6.672001154528027e-06,5.1878765715271307e-08,0.921690742257138,1.0684760945488703e-05,2.0414942159360787e-06,4
0.003679623331794186,0.061385696710506685,5.4380737355836165e-06,4.228424826923912e-08,0.9349189949278209,8.540733921520708e-06,1.6639379730163116e-06,4
0.12519601576434056,0.8742835950271028,2.3556602431105563e-05,1.677071092696725e-07,0.00047467112522060377,1.2707483179068938e-05,9.286290616574444e-06,1
0.13824293020029507,0.8613526195624635,4.6208975882507117e-05,1.8272827045062155e-07,0.0003346685604686824,1.3453200081120368e-05,9.936772538653272e-06,1
0.11028382582343205,0.8893685333119257,2.0747874427181186e-05,1.6827333784652072e-07,0.0003060123925977111,1.4026205229466321e-05,6.686119050111426e-06,1
0.09721625118284688,0.9012024834214771,0.00012855227340461862,2.3007531830100958e-07,0.0012273264198698344,0.00020726067133223903,1.7895955750885715e-05,1
0.11456016774888864,0.8831043210424446,0.0003553736050452414,2.088950187257846e-07,0.0017540003289509426,0.00019608271438137232,2.9845665270589722e-05,1
0.24648964500322837,0.7472651911931271,0.00025727620148955835,2.1030005872104479e-07,0.003779203119125176,0.0021987763492474755,9.697833723738986e-06,1
0.1437527012583437,0.853037978419959,9.782118771161516e-05,2.389969819957137e-07,0.0029506002971180652,0.00015061453612124346,1.0045303764351934e-05,1
0.12331789107120146,0.87338677248241,0.00010239085116274684,2.1376700913593332e-07,0.003050434843213686,0.00013134263092692662,1.0954354075988107e-05,1
0.09475509312391776,0.901894043085673,0.0001689070028200949,2.0329993073239488e-07,0.0027245261068130923,0.0004375992019081477,1.9628178937006897e-05,1
0.13898915937559186,0.8549008066176401,0.0003032534125273925,1.7384415132952482e-07,0.005218545247819994,0.0005632236943527295,2.4837807916528887e-05,1
0.1362036698489266,0.8563816245801821,0.00026950310272998813,1.9548687323897436e-07,0.006320511466582686,0.0007965655247078597,2.792998999724098e-05,1
0.16225284499965326,0.8282105893452502,0.00029745457362936195,1.9163078555977431e-07,0.008297274632865979,0.0009259711675016996,1.5673650314115835e-05,1
0.22512603914013546,0.7360256855082284,0.0002096600488000243,2.0713696651042578e-07,0.03785191364555609,0.0007630335291362334,2.3460991177370447e-05,0
0.4622209694672583,0.5264447457269433,0.0004967077427797535,3.2876827648498305e-07,0.0094833577983379,0.0013375789209258246,1.631157547826583e-05,0
0.23726215534715983,0.732091080689927,0.00016738239341112794,2.338762234851233e-07,0.027446100086648623,0.0030250991021732432,7.948504456674423e-06,1
0.18961795010266982,0.7946324841437034,0.00029445147381337237,1.9037450128890361e-07,0.011702223717321904,0.0037361704135341505,1.652977445606188e-05,1
0.06367536586488486,0.8283434900376554,0.00047171855033835056,1.849460823492617e-07,0.10652373915327334,0.0009781821626216086,7.319285143917461e-06,1
0.08745832349591998,0.8899593547937568,0.00024033051904501562,1.7291162310264207e-07,0.02115606983256075,0.0011813096885172339,4.438758576921399e-06,1
0.12167068742222976,0.858548650890546,0.0002259526849775417,1.419117598975578e-07,0.01693746716806039,0.0026134999191905367,3.6000032358191497e-06,1
0.07310321218076489,0.9121387474510644,0.0007568997495985951,2.3079310851244095e-07,0.00956421504075072,0.004416655556749816,2.0039227963279905e-05,1
0.05023970143839703,0.9307351129658274,0.0010351088411358303,1.8246123975113982e-07,0.017600283688684482,0.00036754355877742354,2.2067045937989988e-05,1
0.010534814141447158,0.9698455319939498,0.0035140999775428944,9.626896719555853e-08,0.010308861222019431,0.005782784606580825,1.3811789492555507e-05,1
0.008775369837644627,0.973841283748466,0.002288348456296557,9.483821590497563e-08,0.008624122331481436,0.006456912093998888,1.3868693896687185e-05,1
0.985777294924495,0.01358078690114775,7.189729090730642e-06,1.4992571717535021e-07,1.024871292187285e-05,5.0575053084894585e-06,0.0006192723013190084,0
0.9680219656658829,0.03169520057455206,8.91511503007094e-06,2.3347736162071234e-07,1.3783236168492043e-05,5.783299508355297e-06,0.00025411863149642504,0
0.9592974910365509,0.04012137280747975,1.0306018955852007e-05,2.5526176758840264e-07,1.9416402069274252e-05,7.308357553475454e-06,0.0005438501156231281,0
0.9731329222139262,0.022617030069509384,1.3389607789168581e-05,2.738095474231235e-07,1.813335905566123e-05,9.529132224692795e-06,0.004208721807947359,0
0.9731576880539846,0.025353320937665364,1.6353862438141414e-05,3.3442679900077704e-07,2.293088985287418e-05,1.1638736549367075e-05,0.0014377330927108566,0
0.984617670224688,0.013698004683923315,1.4942786123207344e-05,3.0557112426741143e-07,2.0236350599482183e-05,1.0634500055224483e-05,0.0016382058834865153,0
0.9853051719106191,0.010623124636720008,1.3865286868608773e-05,3.1958479672767006e-07,2.2604135660793453e-05,1.0069035120214284e-05,0.004024845410214411,0
0.9827344269291953,0.009134080416320958,1.0132897182536977e-05,2.33555924015901e-07,1.6332724664729894e-05,7.1921247010138455e-06,0.00809760135201139,0
0.9856430765967521,0.010026412102596517,9.932557966793588e-06,2.70242821969286e-07,1.9297435263517806e-05,7.545714554893437e-06,0.004293465350044176,0
0.9832479356175005,0.009922482726557491,1.2546255613965102e-05,2.3676293351623062e-07,2.204646843360281e-05,9.751890561770843e-06,0.006785000278399631,0
0.9906383436154893,0.006556041922690879,1.3670022801425175e-05,2.191346100432362e-07,2.2225572904714257e-05,9.025807814175755e-06,0.00276047392368937,0
0.9517099584514852,0.026758966652492826,7.444138542338601e-06,1.6535986431541998e-07,1.120666007623235e-05,5.724247254075778e-06,0.021506534490285077,0
0.7080455016553813,0.04718655498072749,1.746033408838539e-05,1.7515021963179346e-07,1.0067605118428852e-05,6.141829790804115e-06,0.24473409844467395,6
0.816318208742146,0.1098653739898197,1.1953678946549273e-05,2.1912088565728206e-07,1.4472586417005512e-05,7.530041438859854e-06,0.07378224184034626,0
0.856957159651843,0.08899225814771256,1.1293430418666993e-05,2.0701798053239193e-07,1.2922175421861391e-05,7.1141277442449425e-06,0.05401904544887908,0
0.8873813275001722,0.09119900520929754,1.3483662452388934e-05,2.342726049948089e-07,1.4957974289791688e-05,7.212476759196247e-06,0.021383778904424028,0
0.8321423337184541,0.08584654732682508,1.5001831863803782e-05,1.9868753561850178e-07,1.2392511364037775e-05,8.746573575297371e-06,0.08197477935038217,0
0.7961825845262217,0.07063946112848721,1.2551998506595067e-05,2.009602549428142e-07,1.1691125873037125e-05,7.895505820412754e-06,0.13314561475483624,0
0.7642459204573762,0.10188406700280313,1.3102595953935526e-05,1.9966896446807476e-07,8.11236276270497e-06,7.844772447975255e-06,0.13384075313969165,6
0.7708990854038004,0.12819089761049862,1.2847753188459715e-05,1.957854446477561e-07,8.049645108862636e-06,7.692193255867145e-06,0.10088123160870315,6
0.869189800344841,0.10941746820005697,1.5558406837733223e-05,1.80658945321879e-07,8.514071597530025e-06,7.097889852420936e-06,0.021361380427869104,0
0.7788988783357923,0.22099010917764997,1.4645341256614097e-05,2.349650585391564e-07,1.5240501176207653e-05,7.811700034073908e-06,7.307997903237077e-05,1
0.7437151944438399,0.25617290440901214,1.553192885268823e-05,2.491891795590451e-07,1.6163118072872772e-05,8.488377050196101e-06,7.146853399271394e-05,1
0.5257296467955468,0.4742266367435005,1.603697026178437e-05,1.936308361933455e-07,1.3323597775514902e-05,9.20342973301063e-06,4.958832346275725e-06,1
0.7588121075131607,0.2411445765469912,1.260976426453848e-05,2.0125331976468467e-07,1.4222013867848822e-05,1.1469459557244128e-05,4.813448838709853e-06,1
0.5748422599918461,0.42511656627203004,1.4504844493482399e-05,1.9289458966337e-07,1.0538558252323745e-05,1.0559023211455832e-05,5.37841557678058e-06,1
0.5908204808097968,0.4091336235593227,7.951078578747146e-06,1.3978754368637493e-07,1.0995314828162054e-05,1.0453152473187486e-05,1.6356297456801985e-05,1
0.021027658882703415,0.2741802641308093,1.3926412203529744e-05,3.958881200360973e-08,0.704755157158053,1.9355033643233117e-05,3.5987937753612927e-06,4
0.04432492551453079,0.6219906180063296,4.175561558735925e-05,2.461286528242485e-07,0.3335327738301163,9.8771485989453e-05,1.0909418793570218e-05,1
0.13068596326105889,0.8689336013114095,2.4096982837947764e-05,1.960866702005344e-07,0.0003334015689363397,1.3347204265000415e-05,9.393584822301229e-06,1
0.12604617875827268,0.8734724623600266,2.8034685885900237e-05,1.7652594802505595e-07,0.00043055162011048015,1.2996559823140682e-05,9.599489933163455e-06,1
0.1399335835479797,0.8576175505499001,0.0003355572910549997,2.364445732991087e-07,0.001793689146118128,0.000285601240258929,3.3781780115092636e-05,1
0.4070750899954148,0.591146556850851,0.0003934474738601078,2.833200388581919e-07,0.0007638962195065061,0.0006084020605226127,1.2324079806043065e-05,1
0.5282750410533431,0.4641003255549846,0.0003036466754599966,3.5396893359649175e-07,0.0014082805173134402,0.00589993477748508,1.2417452480224457e-05,1
0.22280100746122733,0.7730715438549219,0.0002758811191029204,1.438577492330305e-07,0.002730422496287394,0.0011036100510682881,1.739115964288913e-05,1
0.13741082669342386,0.8600016584592234,2.1124824066762595e-05,2.0729833163794532e-07,0.0025415948639224252,1.582076335098144e-05,8.767097681050537e-06,1
0.2557219233193191,0.7077272969930747,0.00024618151072463657,2.678919459476241e-07,0.03529614453780348,0.0009794020634230308,2.8783683709198786e-05,1
0.18001749202407566,0.800537953613749,0.0003236985662397674,1.9178930728748833e-07,0.011517786463042275,0.007580382757792424,2.249478579368833e-05,1
0.15690646634547223,0.8233271324639158,0.0003316640817906317,1.900856822457086e-07,0.011480156201236297,0.007946975104252789,7.415717650023287e-06,1
0.08148314373740814,0.833435549820858,0.00048431826639692543,1.8861704413678627e-07,0.08356516643353948,0.0010238143878037681,7.818736949659771e-06,1
0.07875419423576017,0.8637167090559106,0.000412338341797381,1.954700548455071e-07,0.05601165126126435,0.0010982243499825495,6.687285230122244e-06,1
0.34123019864830106,0.6376868168480678,0.0008885139292641958,4.0437295420380156e-07,0.011543756559021068,0.008630697510087668,1.9612132303897243e-05,1
0.101185049701929,0.8830378930881407,0.0005520551890575229,2.224042661662299e-07,0.010674551338938472,0.004525482645249159,2.474563241897246e-05,1
0.09085106121312211,0.8957401909959081,0.000733961587591536,2.2664387811303253e-07,0.009346600696195523,0.003308279903351268,1.9678959953624695e-05,1
0.0744938892150941,0.9100985727258499,0.0009452249527122544,2.3027689508761217e-07,0.009632057588411024,0.004816513910701108,1.3511330336403502e-05,1
0.05594774622467021,0.9316664311277061,0.0007727084280744,7.942360853260965e-08,0.011004548384054656,0.0005795642793709694,2.8922132515330837e-05,1
0.022976418252288848,0.9542098546111971,0.002965153991171505,1.9547002408838693e-07,0.015561603708470352,0.004273612794810376,1.3161172037794178e-05,1
0.010506040737648237,0.9671966236468296,0.003811178449222441,9.600603081820709e-08,0.013872406691771965,0.00459988040270704,1.3774065789895064e-05,1
0.010566826280064905,0.972792601509476,0.0019415204398963116,9.473608925019445e-08,0.008884746521544242,0.005800356753553415,1.3853759375826185e-05,1
0.9859809597901981,0.013386327959019464,7.086781660412415e-06,1.4777897880356395e-07,1.0087462247118412e-05,4.985088508251319e-06,0.0006104051393879377,0
0.9791376274403517,0.020469500784022272,7.98020352473584e-06,1.8081259802013235e-07,1.2337813868139344e-05,4.967559459593533e-06,0.00036740538617559927,0
0.9735291038470769,0.02558300076443711,1.3293366978887707e-05,2.718414798649417e-07,1.8003021468772195e-05,9.460639448726653e-06,0.0008468665191097382,0
0.9823749659549416,0.016580382055414965,1.5171701506760888e-05,3.102523082539723e-07,2.1273299653103686e-05,1.079741483155666e-05,0.0009970993213441724,0
0.9853051719106191,0.010623124636720008,1.3865286868608773e-05,3.1958479672767006e-07,2.2604135660793453e-05,1.0069035120214284e-05,0.004024845410214411,0
0.9866601832192265,0.008306097895861841,9.505046073002457e-06,1.7937165164609323e-07,1.6702409440402132e-05,7.525114579892084e-06,0.004999806943166823,0
0.9874197026470048,0.006059333981435386,9.2919688132828e-06,1.7535062747529032e-07,1.6327986885588317e-05,7.222414858952804e-06,0.00648794565037458,0
0.9880709059894258,0.007946716918293824,1.3707722003247224e-05,2.1953529066214882e-07,2.0773711425463247e-05,1.0081989639830353e-05,0.0039375941339213445,0
0.9069930526982604,0.08882088651330185,4.5125141520375906e-06,9.51471341787417e-08,3.39212245761281e-06,2.8340799495447935e-06,0.004175226924744742,0
0.9562226109597544,0.041918740700689065,3.698182861115798e-06,7.797681936248839e-08,2.798662495633199e-06,2.322640005839293e-06,0.001849750877374682,0
0.6490853262161973,0.050192586249343044,1.2645868739057857e-05,1.648257918537893e-07,9.36516495244357e-06,5.7797926878347e-06,0.3006941318822884,0
0.7363656199643493,0.09393209320726142,1.0383852444008958e-05,1.8925710825935043e-07,1.0753317289344722e-05,6.538431194979788e-06,0.1696744219703528,0
0.712435008021638,0.0887417664558782,1.0430276836606822e-05,1.9010324377053423e-07,1.084720139233351e-05,6.5676633800870584e-06,0.1987951902776309,0
0.7289409845628017,0.09483806656900957,9.929879061834654e-06,1.8098294508144464e-07,1.0767502554747661e-05,6.252576427714531e-06,0.17619381792719943,0
0.8330275237815052,0.1091859176831532,1.1879752082668989e-05,2.1776574470362698e-07,1.4383081509702126e-05,7.483472315583861e-06,0.05775259446368894,0
0.881597533034797,0.08416818383980743,9.976924633361712e-06,2.0989664393641413e-07,1.3003783681196515e-05,7.076695956333213e-06,0.03420401582448055,0
0.8680416800504358,0.0978933341185822,1.5252030315793037e-05,2.148882937834192e-07,1.4497771365028695e-05,7.412645366139801e-06,0.034027608495641,0
0.838171958567283,0.09899590726854791,1.5918881017690906e-05,2.054909966025334e-07,1.2984662308896526e-05,6.928158914063261e-06,0.06279609697093172,0
0.8468941169993867,0.08854410472902242,1.5727989651432473e-05,2.0302684996737281e-07,1.2663162475659436e-05,6.8450798509500096e-06,0.0645263390127627,0
0.7961826339652918,0.07063946551485452,1.2551999286013187e-05,2.009602674214696e-07,1.1629031457811753e-05,7.895506310685304e-06,0.133145623022532,0
0.7807119589792599,0.06315564685032958,1.167519203530019e-05,1.869223906207027e-07,1.0252744567176146e-05,7.3439736804235035e-06,0.15610293533773703,0
0.7787997752149941,0.1190535721601961,1.3324519168377722e-05,1.656157134898448e-07,6.515833675789627e-06,8.30990494784343e-06,0.10211833675130434,6
0.8217146036877262,0.1702953003914516,1.1723037117673434e-05,1.6731828297530916e-07,1.2436666927301782e-05,7.365644090256104e-06,0.007958403254403881,1
0.8307337748944301,0.1643111458379125,1.295892423822064e-05,1.6385844747135903e-07,1.1964391510706895e-05,7.592788740197019e-06,0.004922399304720819,1
0.6796164122329308,0.3203204762033541,1.5873218971336955e-05,2.725849798346417e-07,1.132673468989312e-05,8.250073765016756e-06,2.7388951309035797e-05,1
0.516195159513484,0.48374423411531975,1.587208015678601e-05,1.8690405300195934e-07,1.2860732689937156e-05,9.775272719255447e-06,2.1911381577117265e-05,1
0.7596012244698338,0.24035560131112454,1.2568507720944178e-05,2.0059486047978593e-07,1.4175482376630722e-05,1.1431933855074004e-05,4.7977002285307045e-06,1
0.5307832264235568,0.4691700957061399,1.5274552717472526e-05,2.222296122709086e-07,1.5334826836895022e-05,1.0856956077137421e-05,4.989305059479839e-06,1
0.24025907687678244,0.7596935132780818,1.0686474288113455e-05,8.25688046791307e-08,2.361360565279719e-05,9.337706694514418e-06,3.689489695774571e-06,1
0.03144142428634714,0.34866738878671166,4.370151561160857e-06,4.15310274283058e-08,0.6198781062736667,2.566485770001806e-06,6.1024849158807695e-06,4
0.0034615216791806574,0.06062939958166741,5.654624112800041e-06,4.3968055874329274e-08,0.9358930991333756,8.550815702485583e-06,1.7301979049778159e-06,4
0.08353846692659031,0.916099837670908,1.7691493195723418e-05,1.450355621781772e-07,0.0003294863932864986,7.644568145013544e-06,6.727912312187038e-06,1
0.15813769314495163,0.8413351799582958,3.2955889416688945e-05,2.0393501666983255e-07,0.00047245977750873523,1.449681905835287e-05,7.01047575204863e-06,1
0.15768930758819033,0.8410614647621972,0.00023751928399623294,2.0595991143183372e-07,0.000897165448496681,8.491064243396564e-05,2.9426314774044292e-05,1
0.5178009444967391,0.4778161934912177,0.0002870315270968146,3.3921184630934295e-07,0.0008517861257366128,0.0032275785212288024,1.6126626134776816e-05,1
0.08645800471610014,0.7662804727969452,0.00025751440619660367,1.7108913527900436e-07,0.14597718520000486,0.00101955963857409,7.092153043821327e-06,1
0.09632054062464973,0.8898253072954758,0.00043652164959898993,2.0543845082643491e-07,0.01093116690885186,0.002463400138399533,2.285794457321441e-05,1
0.0756016244975406,0.9120047839397128,0.00084270837760104,2.0773030269271935e-07,0.008747543571111368,0.0027800189380972487,2.3112945634207645e-05,1
0.0670470849016014,0.9061174133867997,0.0005091133329493752,1.776351878246177e-07,0.025681743088411375,0.0006299387169710439,1.452893807909005e-05,1
0.02807903031995234,0.9497130254274143,0.0009036744058949791,1.8783887153577264e-07,0.020462533604026216,0.0008289010441486063,1.2647359692090497e-05,1
0.03265010633062372,0.9450471691121533,0.0013074403764596928,1.929937630100771e-07,0.017465183895666692,0.003516912848175262,1.2994443158447477e-05,1
0.025565481014371356,0.952004840873878,0.00289954029728767,2.0135950658791882e-07,0.014426932366673589,0.00508944637210612,1.3557716176730122e-05,1
0.01512103568458719,0.968485441051345,0.0010152550443069729,8.469696313517078e-08,0.008267041257424957,0.007098756580504367,1.2385684868614824e-05,1
0.986434308355678,0.012317489737641157,1.1185774540888226e-05,2.3585397303506978e-07,1.6781445566625233e-05,6.987982613772616e-06,0.0012130108499863043,0
0.9535419827454019,0.04606867415445703,7.23783959370114e-06,1.7926841936967323e-07,1.3635993128502447e-05,4.925135428600203e-06,0.000363364863571113,0
0.9202062223824595,0.07907839813778376,1.1273390746857973e-05,2.5594097515520226e-07,1.7464226205871814e-05,7.16206752584787e-06,0.0006792238543030699,0
0.9057821289935679,0.09316221428027005,1.2173821341466956e-05,3.0152391211775856e-07,2.057459460920912e-05,9.534876331292333e-06,0.0010130719099678083,0
0.9427572689192661,0.056053733675899796,1.2511307707385552e-05,2.468199721477141e-07,1.844718817455997e-05,8.904062562903344e-06,0.0011488880264170877,0
0.9846525821113784,0.012048538496186725,1.526354793057151e-05,3.1213051321202715e-07,2.140208392261487e-05,1.1084458737017073e-05,0.003250817171331207,0
0.9849211714078362,0.011055468183959706,1.5129130118619252e-05,3.4871546614531367e-07,2.466453906592556e-05,1.0986843903501158e-05,0.003972231179649897,0
0.9838530999283739,0.007371213182514878,1.3649207464869417e-05,2.1859815419354447e-07,2.1888435465810205e-05,1.0038952367148229e-05,0.00872989169565947,0
0.9276242598494329,0.010900291851017615,1.411309348534708e-05,1.8394954567606831e-07,1.0948793426943574e-05,6.450387570242468e-06,0.061443752075521066,0
0.7810568628816629,0.11477880511476413,1.2017744507920324e-05,2.190365845077997e-07,1.2806490456935626e-05,7.567248861401047e-06,0.1041317214831623,0
0.88374474219915,0.08362486311094279,9.915535487501028e-06,2.0860512614272517e-07,1.3156126537910664e-05,7.033152245596705e-06,0.032600081270509944,0
0.838740511478851,0.0758720195315507,9.121718498925092e-06,2.06424625704429e-07,1.1641526070754703e-05,6.211392917003219e-06,0.0853602879274858,0
0.8772828412536515,0.09619682429203105,1.3842965131842374e-05,2.4051532836424913e-07,1.5356563342320634e-05,7.404669513518404e-06,0.02648348974100146,0
0.818072091503529,0.0890955997890003,1.5655993126913106e-05,2.0209747323800584e-07,1.3023511364874499e-05,6.81374577900261e-06,0.09279661335972682,0
0.7776298905971337,0.07655186320290458,1.1888071260024349e-05,1.903306337980834e-07,1.0280455859682476e-05,7.477879779677053e-06,0.1457884094624286,0
0.7866224033044033,0.06361229941153412,1.273191126422558e-05,1.4891908873625857e-07,7.629313511015279e-06,7.622836501011294e-06,0.14973716430369782,6
0.8687016783627479,0.08261701644782592,1.6152788904025016e-05,1.8756070835805885e-07,9.731767613433843e-06,7.369052477283122e-06,0.04864786401972309,0
0.7509036799916115,0.23128135217545362,1.743462090709294e-05,1.750981743765332e-07,1.2785078483164844e-05,8.113609443709498e-06,0.017776459425926497,1
0.7019056280780905,0.27980172932010816,1.5800061300382337e-05,1.8605598419047106e-07,1.514135923600171e-05,8.621366817567384e-06,0.018252893758463246,1
0.5797842779167166,0.4201493045321135,1.6141069044324108e-05,2.481704883133221e-07,1.1432828569677953e-05,1.022954685265143e-05,2.836593621492937e-05,1
0.5894429268767922,0.410488807856588,1.4818314054080958e-05,1.9138566245067149e-07,1.5696241490350964e-05,1.0009665467185285e-05,2.7549659945727535e-05,1
0.5528020105833115,0.4471371834497676,1.5574574355395377e-05,2.011531284541568e-07,1.3841201264727964e-05,8.694130936922507e-06,2.2494907235289818e-05,1
0.5821758178058134,0.4177806449892785,1.534805523712721e-05,1.9822752495100017e-07,1.4346687771466511e-05,8.567682096074577e-06,5.076552278417418e-06,1
0.7596012244698338,0.24035560131112454,1.2568507720944178e-05,2.0059486047978593e-07,1.4175482376630722e-05,1.1431933855074004e-05,4.7977002285307045e-06,1
0.5722380536307761,0.4277115542841365,1.6467514197881285e-05,2.395860201572166e-07,1.5581958339568156e-05,1.170489779000336e-05,6.398128739926042e-06,1
0.5377485977889693,0.46220201422222795,1.5474997883825367e-05,2.2514589089615535e-07,1.553606296951168e-05,1.213927601037769e-05,6.01250604803101e-06,1
0.5274862273316413,0.4724675714838724,1.5149276602831589e-05,2.3731376695732262e-07,1.4617387816899624e-05,1.1238892675682839e-05,4.958313623745832e-06,1
0.5135255553014625,0.48642246389238675,1.7561150127707033e-05,2.2414320075986847e-07,1.5644004190130913e-05,1.2864944918178638e-05,5.686563714053179e-06,1
0.5197222441974105,0.4802297511112909,1.4889779377705227e-05,1.9004693793155923e-07,1.2811007267203034e-05,1.0907952505672334e-05,9.205905210014357e-06,1
0.3580328553917772,0.6419158419175106,7.903392456070727e-06,9.415108256642278e-08,1.8279162614106858e-05,9.927842878432514e-06,1.5098141681068243e-05,1
0.21842973137582355,0.7787624144031358,1.0539409083986272e-05,8.143250866724765e-08,0.0027834618278823635,9.20920297064021e-06,4.5623485949599156e-06,1
0.042145249165682935,0.4292036949911405,1.3156906810170648e-05,7.567912040105165e-08,0.5286119930023606,2.2267331460205737e-05,3.5629234251018074e-06,4
0.0034781225472612144,0.060541473691605,3.03783376182174e-06,4.2390036529684744e-08,0.9359673074052167,8.348031245590366e-06,1.668100873170856e-06,4
0.00332175685448642,0.058181384463109956,3.023696940742475e-06,4.219277084336071e-08,0.9384839268924936,8.205561976403615e-06,1.660338222073042e-06,4
0.052396545957072854,0.9470678542627855,1.02596653034941e-05,8.427456576970715e-08,0.0004525240812464141,7.091475287672355e-06,6.564028373810761e-05,1
0.05438831356238561,0.9445285120884561,2.0845091654240944e-05,1.0711087097151745e-07,0.0010488669002021104,7.081368400695743e-06,6.273878030129019e-06,1
0.10315976008501333,0.8964585460073842,1.8840462403801656e-05,2.0681585792291706e-08,0.0003449885485413841,1.2527591582020906e-05,5.316623489529216e-06,1
0.15774914986678246,0.8413806432484064,2.5410571799021027e-05,2.0603807215552018e-07,0.000802384935392245,1.2767857638770535e-05,2.9437481908668576e-05,1
0.20967891251091458,0.788412461220569,0.00017642840564212602,2.13069411343444e-07,0.0014330362483348724,0.00028993737592395287,9.011169203978191e-06,1
0.4193261892749911,0.578907900659686,0.0003802395491238364,2.829503803640841e-07,0.0005881493059776857,0.0007875825837126057,9.655676128404183e-06,1
0.1967249578858037,0.8017561225963438,2.6047636170719768e-05,1.9547885359047955e-07,0.0014616801105446552,1.4620354802778099e-05,1.63759374808787e-05,1
0.23690860866915125,0.7621707485510981,2.977846149671232e-05,2.2297599870634333e-07,0.0008576854417245765,1.6676935401002892e-05,1.6278965129602186e-05,1
0.13571444102745478,0.861650504882953,2.0152762857744706e-05,1.9775947506604988e-07,0.002583729970730518,1.5591265033060602e-05,1.5382331495767776e-05,1
0.15247911858802193,0.8390226309042277,0.00025612072212362097,1.8988147150555433e-07,0.007308944365706096,0.0009200217298703646,1.2973808578809996e-05,1
0.1916228172052303,0.8018987221110631,0.0002134273370806727,2.1399755113908047e-07,0.00572921116543609,0.0005249908660408964,1.0617317597942298e-05,1
0.1792003304512785,0.8112145856275493,0.0002326015854963904,1.9434716709769062e-07,0.006815442682598675,0.0025152214241312976,2.1623881778749403e-05,1
0.09040579494659097,0.8007272044879098,0.0003328272802072962,1.787801332195935e-07,0.10775075078759606,0.0007771274162944649,6.116301268056634e-06,1
0.1112967615465247,0.8772954413561432,0.0003272813600774273,2.025456175629451e-07,0.009217186579808702,0.0018405905360297289,2.253607579874499e-05,1
0.08756879632819566,0.8982743395809549,0.0006192937911055005,2.046028746210933e-07,0.01190321481248721,0.0016187673271043322,1.5383557277822794e-05,1
0.08555814122266661,0.9013338721461336,0.0007217356598302919,2.0166276755592937e-07,0.009763849051236211,0.002604690349046739,1.750990831921377e-05,1
0.0699198996806176,0.9194210611652631,0.0008123493374921872,9.600211823962068e-08,0.0060721014678044305,0.0037624896784938487,1.2002668210526536e-05,1
0.09201939622988986,0.8925368369222277,0.0005697292572796731,1.7336385878696254e-07,0.014320255038176013,0.000541936444466867,1.167274410115871e-05,1
0.014791204207362157,0.9649975579790108,0.0013157868989372523,1.8267113259567244e-07,0.007569896134734381,0.011301717179326825,2.3654929495996357e-05,1
0.9803872530034199,0.01824774445243148,9.799673708356583e-06,2.702713035223466e-07,1.1163127375830355e-05,7.084949333500577e-06,0.0013366845224275104,0
0.9585261865654948,0.039702408425662215,2.6482592530175226e-05,5.583900016649819e-07,4.1621259778722154e-05,1.69270655494727e-05,0.001685815700982636,0
0.9174068413354227,0.08144091869365762,1.1933581807467437e-05,2.95573605956279e-07,2.0168573288335207e-05,8.462519146939778e-06,0.0011113797230711208,0
0.9281730075561538,0.0705470761459926,1.1871825670315852e-05,2.6371399065915653e-07,2.006420117288477e-05,9.513516475630899e-06,0.0012382030405440117,0
0.9445369805225933,0.05447848253092809,1.1132269596277966e-05,2.472859121970205e-07,1.848201227608152e-05,8.920871410718558e-06,0.0009457545072832515,0
0.942006203666602,0.056695735719650545,1.2709180363932033e-05,2.572901745220639e-07,1.873893978160887e-05,9.044884813829017e-06,0.0012573103186137758,0
0.9801014874646701,0.018170112732632308,1.526971300873888e-05,3.122565854084206e-07,2.141072840821724e-05,1.108893584514865e-05,0.0016803181688500458,0
0.98699282672071,0.01017549386701087,1.458440120261179e-05,2.982423649447581e-07,2.5001988615229147e-05,1.0591259258318426e-05,0.002781203520838124,0
0.9892309249947238,0.004790478099617888,8.64729800490205e-06,2.1728891529137517e-07,1.519516167746715e-05,6.84603817736206e-06,0.005947691118883412,0
0.990468742705778,0.003994040280368887,8.601892817038121e-06,2.161479757731625e-07,1.511537500072754e-05,6.810091035331042e-06,0.005506473507024281,0
0.9539442900196825,0.015201738524886245,1.2804126023490198e-05,2.124727957665466e-07,1.392489298975123e-05,7.622998708517482e-06,0.03081940696491366,0
0.95502650072311,0.009519009731779151,1.149665321100622e-05,1.9141449141625627e-07,1.137675548735995e-05,6.712153877074436e-06,0.03542471256804404,0
0.8606557512569912,0.07033373615262341,1.2481178554913498e-05,2.078064286636991e-07,1.2208923226439187e-05,7.179270824692752e-06,0.06897843541135078,0
0.659436223806409,0.08919547529107595,1.0483603572633414e-05,1.91075182066819e-07,1.0902659732925786e-05,6.601241784272097e-06,0.25134012232224323,0
0.7413680175262446,0.11256681271840054,1.1786141125689784e-05,2.1481535865541134e-07,1.18384147672103e-05,7.421414472150583e-06,0.14603390896963123,0
0.8386791646293255,0.09615597657452156,1.20347110738824e-05,2.2060627200464197e-07,1.3930626444780365e-05,7.581086416680139e-06,0.0651310917659458,0
0.8770576013533131,0.08299208849726289,9.8405063764912e-06,2.0702664788642613e-07,1.3056576445057229e-05,6.979933621020242e-06,0.039920226106333404,0
0.8088433626781822,0.07052936674834323,1.2469208755249895e-05,1.996347728270988e-07,1.2013542342464949e-05,6.007083746400042e-06,0.12059658110385765,0
0.8460819246894603,0.10567824417073081,1.6069110106442743e-05,2.0743024881077583e-07,1.3367164663283152e-05,6.993541085035642e-06,0.048203193893705296,0
0.7894776695208877,0.09163070680843138,1.6420560879716256e-05,2.1196699794386162e-07,1.4756396764670395e-05,7.146498243582361e-06,0.11885308824779484,0
0.7841465071772655,0.08853550520868406,1.4865107187823881e-05,2.3799363333637772e-07,1.5201443878172759e-05,9.73994787595305e-06,0.12727794312147506,0
0.6943818845980663,0.08283914799615913,1.2499936980419814e-05,2.001267384659445e-07,1.2782759524545671e-05,7.862757881292117e-06,0.2227456218246498,0
0.7246288466187261,0.07682141304770651,1.3401895720798244e-05,2.1456729614439805e-07,1.2423706354620991e-05,8.430111397203416e-06,0.1985152700527988,0
0.73750828455739,0.07557095775316931,1.235968127042616e-05,2.0790320232867017e-07,1.145756197029547e-05,7.774533701372152e-06,0.186888958009296,0
0.6886527857325664,0.05482141487503549,1.2213780680978242e-05,1.861244099554642e-07,7.501346590556294e-06,7.312621903980145e-06,0.25649858551881266,0
0.6495936619599643,0.3317662317220298,1.630182044916382e-05,1.5043407171129735e-07,1.1639296590532195e-05,6.622371515950786e-06,0.018605392395378888,0
0.6168336974208711,0.36368524669041224,1.7036959701471102e-05,1.5721797608223868e-07,1.2164176852809004e-05,7.285085981071791e-06,0.019444412448205203,0
0.5915375552341436,0.3899035661573853,1.826516583923439e-05,1.6855192806512997e-07,1.3716867553919605e-05,7.810272837932939e-06,0.01851891775031185,1
0.6619632601245776,0.33784353139572254,1.437619647282772e-05,1.856755009666843e-07,1.5281094889288313e-05,8.60373618099061e-06,0.00015476177665571834,0
0.6466598951022239,0.3532415646118869,1.501117305694688e-05,1.9387652935282794e-07,1.5956039576691602e-05,9.896512841581247e-06,5.7482683884622777e-05,1
0.5330432770667837,0.4669131270914726,1.369031072744766e-05,1.768169562452027e-07,1.5252845750438344e-05,9.247707264365178e-06,5.228161045342621e-06,1
0.760121323585119,0.23983558952158865,1.251620179968659e-05,2.313568114208998e-07,1.4144813576244982e-05,1.1407200749835749e-05,4.787320355260077e-06,1
0.606638197381681,0.3933148667980678,1.5730572387179958e-05,2.5131048809505834e-07,1.4140464343744733e-05,1.0109770284279879e-05,6.703702747712225e-06,1
0.5197807520047776,0.4801687133998496,1.6011568056278214e-05,2.3389775343317985e-07,1.61399802203863e-05,1.1902925387441074e-05,6.246223955233083e-06,1
0.5096543953526947,0.4902987061530407,1.6928071041454598e-05,1.9234562306138763e-07,1.3452203471094172e-05,1.0528972855441381e-05,5.796901273492254e-06,1
0.38702127641810447,0.6129330893139604,1.567033064590058e-05,1.9856386416609108e-07,1.331294565255734e-05,1.1414817615121331e-05,5.037610157529458e-06,1
0.5218840890667726,0.4780674741219966,1.6195449277686906e-05,1.576255358455799e-07,1.3448365968348129e-05,1.010615361090134e-05,8.529216838029087e-06,1
0.16616007439989933,0.8251698549345268,1.0270414936189371e-05,7.935413139795724e-08,0.008643740974571167,8.974159270824063e-06,7.005762664403067e-06,1
0.04217759008893903,0.4825159032058334,1.9029788504020114e-05,6.721154382137713e-08,0.47526036267085464,2.219152951991669e-05,4.855504805238062e-06,1
0.07506506485038181,0.7376080232164373,3.167152147935089e-05,2.496371297624038e-07,0.1872201454350386,7.103928186288263e-05,3.80605767045469e-06,1
0.05547167946978738,0.943073149167726,2.0615963949991482e-05,1.0593351620748258e-07,0.0014196791354779234,8.014381590891053e-06,6.755947951921333e-06,1
0.06518508558548812,0.9338683358451477,2.021462840589205e-05,1.1939349102227244e-07,0.0009143255400176917,7.814733512647521e-06,4.104273937021685e-06,1
0.18944868821914604,0.8102304308792887,3.075750197892394e-05,2.305466505946859e-08,0.00027028166738032465,1.3965052333315637e-05,5.853625207783869e-06,1
0.19602213705519828,0.8036278941409973,2.6584252150837138e-05,2.0974033364687217e-07,0.0002991642830202848,1.3262518641487727e-05,1.0748009658135356e-05,1
0.19592577543687004,0.8025677001395845,0.00010438255179490627,2.14299252228698e-07,0.0012914967774542286,8.97406548473979e-05,2.0690140196596747e-05,1
0.2944669854552571,0.704154988512999,0.0001235605268147976,2.3645983196624684e-07,0.0009421080022624429,0.00028168713567998236,3.0433907154762107e-05,1
0.2363616629948794,0.7626440500810636,2.8540034806926802e-05,2.1470950588869852e-07,0.0009201754149287038,1.563136913174828e-05,2.9725395683703787e-05,1
0.21246011725212105,0.7869879480755093,1.9971995772155744e-05,1.9598560394933823e-07,0.0005072685118818229,1.6209521309524737e-05,8.288657802149993e-06,1
0.13573581365090998,0.8634979355315938,1.9721429544140098e-05,9.082216705451253e-08,0.0007229150423118287,1.533885416297908e-05,8.184669310239102e-06,1
0.12602053984803133,0.8706046050362526,1.9974232529277102e-05,2.0051409568534271e-07,0.0033185978953336067,1.580843804146682e-05,2.0274035715954878e-05,1
0.23715980314583682,0.7550200086937648,0.0001595998864922858,2.4131212253564363e-07,0.005922771113338409,0.0017254042042188888,1.2171644226299952e-05,1
0.10910878404516347,0.883102586476341,0.00028542208834681827,1.9985732498034307e-07,0.0069241713009574575,0.0005719988524092998,6.8373794570688395e-06,1
0.5519671936982188,0.4329429340827684,0.0006795835964196224,3.4131957438660043e-07,0.012347106669369888,0.0020503448915626353,1.2495742086234642e-05,1
0.20836159735260024,0.7809122877417283,0.00048042570501763784,2.0503384704903652e-07,0.007828680582746161,0.002399000972762036,1.7802611298432365e-05,1
0.08092162259828024,0.9082677059910289,0.000856779052673425,1.0764621337180916e-07,0.007293278196931497,0.0026470480432582498,1.3458471614099599e-05,1
0.055931784500406936,0.9142931228349831,0.00026489435025809423,1.389741875391973e-07,0.029250082677080395,0.00025537443361963943,4.602229464382711e-06,1
0.056700456128343894,0.9275931503276484,0.0002523668202055853,7.907636551848111e-08,0.015252576245120782,0.0001958291101203312,5.54229219519553e-06,1
0.09453618994914598,0.8864280533067184,0.0004760435992459657,1.797654752225827e-07,0.017875849430052108,0.0006715801786851648,1.2103770677341415e-05,1
0.0032692832032969374,0.330617790423636,0.2742245210108245,1.613024941622743e-06,0.00032786207041969004,0.39153839996202444,2.0530304856617477e-05,2
0.002695423879466672,0.6237865191151343,0.3309120940951874,9.450095480353225e-07,0.0004850134353308119,0.04209802773377629,2.197673155650751e-05,2
0.9320179685141864,0.06752606344627014,9.777487349007031e-06,2.215348122642597e-07,1.4047372745550029e-05,6.0863422368947344e-06,0.00042583530239967274,0
0.9425517328160412,0.0562244065198091,1.1108871557725253e-05,2.4676616146181886e-07,1.844316639366487e-05,8.902121335418408e-06,0.0011851597387013543,0
0.9856998179412603,0.010287264827626997,1.4718149743875984e-05,3.009774433823563e-07,2.4946241747676312e-05,1.0688388064381255e-05,0.003962263474113436,0
0.9890137972657854,0.007811928592497031,1.0763284300054363e-05,2.2010278787764947e-07,1.8243019456969833e-05,7.816346582158578e-06,0.0031372313885907614,0
0.9902137931753903,0.0040430796071887435,9.44800866688385e-06,2.1776974092929875e-07,1.5228786141453832e-05,6.861187365572906e-06,0.00571137146550626,0
0.9897337362710368,0.003978119203682978,8.595509529712762e-06,2.1598757681638617e-07,1.5104158192553754e-05,6.8050374071686145e-06,0.006257423832574302,0
0.95652101098502,0.020730242014828072,1.0710518434684137e-05,2.1824922901455742e-07,1.266045213498156e-05,7.750522525025724e-06,0.022717407257828455,0
0.966711379651818,0.011640792019794264,1.0432474773753211e-05,2.1258350750904666e-07,1.3424012855660681e-05,7.626970772174154e-06,0.021616132286478747,0
0.8237382390587004,0.0741397191650335,1.259892539396997e-05,2.017115647239282e-07,1.2878997948398732e-05,6.069575178485895e-06,0.10209029256618035,0
0.8158505742885168,0.07114038022802628,1.2577232617956964e-05,2.0136425861202092e-07,1.2117618653488423e-05,6.059124609828348e-06,0.11297809014331715,0
0.823664992486196,0.08751814606112453,1.567296477725755e-05,2.0347914994890544e-07,1.2857536790764115e-05,6.860329210779371e-06,0.08878126714275089,0
0.8388057829804082,0.09778091060458087,1.583989615556431e-05,2.0564638859458567e-07,1.2994481291604601e-05,6.933397977733742e-06,0.06337733299319727,0
0.7364108426293651,0.0977796505854242,1.761204740723479e-05,2.2865389453845441e-07,1.543246559219283e-05,1.0065745219664616e-05,0.1657661678730972,0
0.700911559759689,0.08826550680406016,1.2963248257689013e-05,2.075444538479993e-07,1.2750146178908757e-05,8.493807729577073e-06,0.21078851868963103,0
0.7219277306545399,0.07223569279415686,1.3473839023198768e-05,2.1571912422852674e-07,9.106158238371386e-06,8.475365446791185e-06,0.20580530546947057,0
0.8110659836329557,0.07475797258980062,1.079632735579173e-05,1.7339429420190595e-07,9.002517453591441e-06,6.812469756704311e-06,0.11414925906838344,0
0.8805180925248913,0.0964068427938755,1.730396552101716e-05,1.8669207326083518e-07,8.864473754626395e-06,7.334924766468384e-06,0.02304137462511793,0
0.7813265410753109,0.1993295472782116,1.7568471897872133e-05,1.7369517889997344e-07,1.3439041306029577e-05,7.646366226214273e-06,0.019305084071868556,0
0.7467972637654634,0.23383720575964306,1.9510469404835424e-05,1.800436560273018e-07,1.3930231947502025e-05,7.925837316901549e-06,0.019323983892568234,0
0.6039150730869193,0.3833946225303887,1.8318188185527992e-05,1.6904122111491581e-07,1.3756686546416521e-05,7.886317458258246e-06,0.012650174149280718,1
0.5934150460254809,0.39355823552912916,1.880379482843557e-05,1.7352242520929588e-07,1.4121369903945018e-05,8.09538006352364e-06,0.01298552437816863,1
0.5716325055330772,0.42832690112607,1.3910100295107748e-05,1.6855599301894063e-07,1.4245550115006387e-05,7.2852353069102005e-06,4.983899142786977e-06,1
0.760121323585119,0.23983558952158865,1.251620179968659e-05,2.313568114208998e-07,1.4144813576244982e-05,1.1407200749835749e-05,4.787320355260077e-06,1
0.47810181508647337,0.5218591358529037,1.4980381956657433e-05,1.7673712115892293e-07,9.733515180071983e-06,9.674565615861484e-06,4.483860749295125e-06,1
0.42713062816258074,0.5728261565409489,1.5795885047920484e-05,1.8635834904637217e-07,1.2095691118746163e-05,1.0409408477052274e-05,4.7279534775328184e-06,1
0.5142942407657868,0.48565469598456223,1.746094791624831e-05,2.1211461077464274e-07,1.583424065990936e-05,1.2174550799246298e-05,5.3813956647466614e-06,1
0.4847391826427993,0.5152108307986654,1.5559892758513628e-05,1.4564744510332606e-07,1.4242999048103736e-05,1.0891349192107356e-05,9.146670091450762e-06,1
0.22971355520883696,0.7702449704274394,9.487153396596904e-06,1.221233965244311e-07,2.029990582850707e-05,8.289755198477822e-06,3.2754259033693174e-06,1
0.2955904529235167,0.7022697140775274,1.056333135956629e-05,8.161734359470768e-08,0.002115385240117877,9.230105953870145e-06,4.5727041812656584e-06,1
0.0417257555347994,0.482747163981935,1.5655237744701047e-05,6.724375704727052e-08,0.4754881460031581,1.8916308876109063e-05,4.2956897294721325e-06,1
0.06572317161653018,0.7710738517669325,2.4594365813127852e-05,1.4397042536593715e-07,0.16310401840349575,6.956398982639954e-05,4.655886976540435e-06,1
0.09520818300027831,0.7050435269123516,3.877164717827386e-05,3.084420551571802e-07,0.19961770151553956,8.680586383602458e-05,4.7026187612360345e-06,1
0.060608423198354744,0.9380362491499783,0.0009102504026862064,8.674502917729842e-08,0.00027392366099201674,0.0001035023497336824,6.756449322596217e-05,1
0.06152804743213492,0.9374461200035134,2.0637219622168114e-05,1.0630771767855581e-07,0.000991397194896567,7.910823080613342e-06,5.78101903482218e-06,1
0.18018062594228706,0.819573582936967,2.9992798986529414e-05,2.2939910043698265e-07,0.0001958222768440357,1.3291214830866833e-05,6.4554309838905945e-06,1
0.22911548467911835,0.7706211925894707,2.496171092171433e-05,1.9693905803373419e-07,0.0002173820448955686,1.2453055084802873e-05,8.328981450807693e-06,1
0.27303807304098693,0.7265514026125414,2.8141007366354492e-05,2.1548566359597092e-07,0.0003470294586868443,1.568787528212392e-05,1.9450519472836798e-05,1
0.2421374514239125,0.7574890663818639,2.208971683071626e-05,2.5863688515949474e-07,0.00031671086160605863,2.2004507358566446e-05,1.2418471543263038e-05,1
0.2871469340649318,0.7121162822121129,2.270377527709418e-05,2.227926122343192e-07,0.0006721644154522986,2.0182583446634194e-05,2.1510156166922834e-05,1
0.1962689830321936,0.8031526268922035,2.0920080583364447e-05,2.0528917963800244e-07,0.0005313489080929067,1.7233671477406876e-05,8.682126269556779e-06,1
0.1642551146230272,0.8352740924204062,2.0154859104056328e-05,2.090649307314029e-08,0.00042956678521267297,1.5675965263094777e-05,5.37444049371521e-06,1
0.21045179734043795,0.7888036811365032,2.0286148347994372e-05,9.342283986211437e-08,0.0006981627402963014,1.577807888327764e-05,1.020113269118881e-05,1
0.1967044102495254,0.8013861563431398,1.9425161750233444e-05,1.950021727333188e-07,0.0018547226391515638,1.537388059961422e-05,1.9716723660605475e-05,1
0.11299313083571004,0.8798294948095033,0.0002718270155452784,1.940906175424208e-07,0.00655817885208296,0.00033496205387664973,1.2212342664194809e-05,1
0.15464722127195546,0.8228428708360414,0.0002433761902253935,1.865282504538152e-07,0.021756092156950377,0.000497693902177783,1.2559114399153908e-05,1
0.16357937973124748,0.8153216320231708,0.0003265221032193409,1.822520396968408e-07,0.02002087486759058,0.0007362822588167889,1.5126763915458255e-05,1
0.3183646558166322,0.6577304023314942,0.0002684829351542795,2.937845551745042e-07,0.019544872603070293,0.004081884393563798,9.408135530185306e-06,1
0.20783353625072387,0.7800565876867303,0.00037121435050282677,1.8688247311964853e-07,0.008758273354858176,0.002966420788707249,1.378068600451213e-05,1
0.16809403906358306,0.8146835004358364,0.00039373796951658964,2.1133729638503621e-07,0.015384813188782908,0.0014337079936218252,9.99001136255761e-06,1
0.10589412311607109,0.8851957745409835,0.0008126773444441665,2.2354937248389265e-07,0.007136923928120831,0.000947160923196358,1.311659781141487e-05,1
0.07337772923451989,0.9183555102066209,0.0009808781314921589,9.214049409567182e-08,0.006015832196276962,0.001261387919054528,8.57017154138931e-06,1
0.06000711855988186,0.9310778746565332,1.88469193197947e-05,1.6913146556756205e-07,0.008873211075083168,1.4217313943517038e-05,8.56234377288889e-06,1
0.10212385884883458,0.8797956353979336,0.00045441923992715,1.8437527345520386e-07,0.016957877452523775,0.0006556105329806258,1.2414152526844912e-05,1
0.07903862808901083,0.905901368572349,0.0004395151847426744,1.8371461667836874e-07,0.013564703253399346,0.0010432315159680469,1.2369669913521398e-05,1
0.11474199572278218,0.8527643558346493,0.001284593026765507,1.7354944492803067e-07,0.019455235098619014,0.011748451584697346,5.19518304168856e-06,1
0.003653536619718188,0.13035649535540883,0.3859332229596394,1.4758446486860601e-06,0.000656196127845443,0.4793795917173541,1.948137538538081e-05,5
0.0037108385017042902,0.26336565784988963,0.16458495662231715,1.3573414936601088e-06,0.0003650010261538239,0.5679628948428654,9.29381557601539e-06,1
0.008162085131364395,0.7922674414228396,0.009356835599474022,1.8126379403184946e-06,0.0012450267921385,0.1889024671026242,6.433131361896747e-05,1
0.004087018012516939,0.467307806617712,0.49517213846517816,2.253397046812412e-06,0.000657929627189369,0.03274124806913428,3.160581122253122e-05,2
0.0019658340903518806,0.5638325743858326,0.4187102190732318,5.945401390245175e-07,0.0005948047352846267,0.01488214680794272,1.3826367217214715e-05,2
0.0031935675658828705,0.4961117630541943,0.4735513032656272,3.043319676247705e-07,0.017638136592925173,0.009501609040778045,3.3161486247946496e-06,2
0.004315233775882552,0.46911785397486183,0.04479132386076718,2.7885556271694636e-07,0.46312164956695956,0.018650848800308092,2.8111656580972775e-06,4
0.017531038858950618,0.6114180806948647,0.10569638249771823,4.804851172111997e-07,0.027992595045436004,0.23735516892391847,6.253493994845088e-06,4
0.0013951331431497304,0.04653026420293122,0.9475031693380216,8.39807824268137e-08,0.0018912502200994418,0.0026769444723931607,3.154642622569865e-06,4
0.9228178135798938,0.07575757893738036,1.2003967460841611e-05,2.9731693345937414e-07,2.0287529879191784e-05,8.512432069058106e-06,0.0013835062363835194,0
0.9645996551209447,0.031393071995891954,1.4113859090165017e-05,2.886200574895095e-07,2.0098946604875813e-05,1.0044568264326734e-05,0.003962726889146198,0
0.9857618038216073,0.005117279370037401,1.0381585436656317e-05,2.392880077365217e-07,1.6733573179099863e-05,7.53915511130613e-06,0.009086023206620459,0
0.988486196388694,0.004294817146973131,1.2108355872984293e-05,2.879045933517798e-07,1.8239850274575082e-05,9.070899152315933e-06,0.007179279454439475,0
0.9630655527916003,0.018578412661720892,1.0380426636566127e-05,2.738922349305078e-07,1.2521961203774163e-05,7.492361053973269e-06,0.018325365905549246,0
0.9695676629727737,0.011347472655920907,1.3442622766127068e-05,2.1321161506998906e-07,1.3463675970036896e-05,7.649505718865093e-06,0.01905009535523524,0
0.9627861974760568,0.010582481321070718,1.3700140338415587e-05,2.172960663301174e-07,1.3721596854242595e-05,7.796045733875631e-06,0.026595886123879944,0
0.9563377118641138,0.010451452325724248,1.3128127974606691e-05,2.0822345586938107e-07,1.3148688631556775e-05,7.470542896792125e-06,0.033176880227203456,0
0.788277787216624,0.0494051974487694,1.0752720234994815e-05,1.883304921029036e-07,1.0512691636608071e-05,6.5064185744826935e-06,0.1622890551736685,0
0.8805117503087818,0.08793611988094321,1.475837148189364e-05,2.1627711569694447e-07,1.5169723930425653e-05,7.291814492106094e-06,0.0315146936232548,0
0.8790911818677739,0.09177898281731783,1.3740355641592192e-05,2.3873253435980266e-07,1.4296386295570869e-05,7.349783197110261e-06,0.029094210057239715,0
0.7298613760606956,0.10578969188924288,1.7655347695963956e-05,2.2921605403210288e-07,1.54704072465896e-05,1.009049246592212e-05,0.164305486586599,0
0.8152328979076673,0.1079019685161696,1.643136355173039e-05,2.40204106819945e-07,1.6212020447256315e-05,1.0574205809383427e-05,0.0768216757822478,0
0.7239009770833835,0.09473555934036436,1.4131392798434435e-05,2.070890327551113e-07,1.3684759467950705e-05,9.116422205304549e-06,0.18132632391274772,0
0.7955897099306801,0.0845293481270328,1.3142171995170416e-05,2.1040906221141583e-07,9.423828353687663e-06,8.611042530162099e-06,0.11984955449034593,0
0.798720964498532,0.06467498598475406,1.0541622387166013e-05,1.6930360791488055e-07,8.41785646075042e-06,6.651751223589977e-06,0.13657826898303455,0
0.8493801092094043,0.10879206105029851,1.7325061244013205e-05,2.1605191650496207e-07,9.41669443603014e-06,7.343866967658182e-06,0.041793528065732846,0
0.6121488836138743,0.3748219321626403,1.7615852075081882e-05,1.6256002589296114e-07,1.3229242586141582e-05,7.583948824784317e-06,0.012990592619973443,0
0.616211840809206,0.3773097018980972,1.7732772084014705e-05,1.636389699939059e-07,1.3317047771763804e-05,7.582618705357501e-06,0.006439661215165617,1
0.7114034770790714,0.28832359819360837,1.5703040770885144e-05,1.944352823395524e-07,1.626027443365331e-05,9.00964243972119e-06,0.00023175733439367862,0
0.5284194210038712,0.4715282928738921,1.8442618071955582e-05,2.5251624776038304e-07,1.592943533516586e-05,1.1958863760126713e-05,5.702688821663181e-06,1
0.5019327021874287,0.4980223563846781,1.6448959205525446e-05,2.091979062726963e-07,1.3121866203081327e-05,9.6051509441763e-06,5.556253634059927e-06,1
0.4496381590720589,0.5503159631064385,1.6541852874858962e-05,1.959511432483213e-07,1.3223459970852436e-05,1.0945232677016288e-05,4.971324836736459e-06,1
0.4190113960319206,0.5809369943825294,1.7419489597780148e-05,2.7517125481125797e-07,1.6063669920651534e-05,1.2350953207781821e-05,5.500301568963052e-06,1
0.6236486434872349,0.3763047507056423,8.612402989801688e-06,9.146478647462952e-08,1.3589990172395777e-05,9.644584048079118e-06,1.4667365126135046e-05,1
0.1110748841989454,0.839091658669789,3.3349596279193226e-05,1.7223577875386326e-07,0.049731615470354144,6.0912068924042284e-05,7.407759929377081e-06,1
0.08502126008771667,0.6044166556209609,4.5486493874418484e-05,2.649706982920746e-07,0.31042362162171594,8.763735179169029e-05,5.073853242069964e-06,1
0.016747975360530534,0.13961386898546682,6.5359435436246195e-06,1.0022503182131673e-07,0.8436073496809079,2.0225824358235354e-05,3.943980160942761e-06,4
0.06363464892308264,0.9352837111016071,2.2044569033467835e-05,5.2631933623553005e-08,0.0010316351366409853,6.6560795874214085e-06,2.1251558114541755e-05,1
0.05578021386273331,0.9434503465912776,2.7671769445537738e-05,6.107908731640808e-08,0.0007236017978001407,7.287386062860204e-06,1.0817513593181344e-05,1
0.14676598841520802,0.8529552764746254,2.740247149999985e-05,1.9569474873207297e-07,0.00023015943827905174,1.4672844841833376e-05,6.304660797228406e-06,1
0.21873090239017876,0.7804871879790722,2.1223404161860358e-05,2.130540778797064e-07,0.0007359858300805758,1.3569522060124258e-05,1.0917820368358873e-05,1
0.2063630220037656,0.792536950035978,2.1335967386987266e-05,2.1418405938265855e-07,0.0010478733066650431,1.3944616688552799e-05,1.665988545647626e-05,1
0.45724229777012015,0.5422676456822014,2.9421501977915654e-05,3.0884766768711945e-07,0.0004283737258248578,2.043354505129616e-05,1.1518927156621664e-05,1
0.4506541132324833,0.5482813434198336,3.324822568653793e-05,3.2371279073977014e-07,0.0009891297672356633,2.053616450816751e-05,2.130547746207699e-05,1
0.2776740435162621,0.7219106186997789,2.8881626644845867e-05,2.2115684780839162e-07,0.00035608659623880283,1.729169373023493e-05,1.2856710497278202e-05,1
0.2944519953219573,0.7051290478854053,2.8273612791428496e-05,2.658314244219824e-07,0.0003374860472575001,1.943110949916215e-05,3.35001916649961e-05,1
0.13678539280425941,0.8512430683525135,0.00023736314838214,1.8628405247599893e-07,0.011341520878272556,0.0003799258601896342,1.2542672330287798e-05,1
0.19796333835550226,0.7905238375571312,0.0003264567479003794,1.6229685005244862e-07,0.009050644067243737,0.0021285836388407827,6.977336531586331e-06,1
0.28118915127420124,0.6842799576786909,0.00041948665323947494,2.1270333111656238e-07,0.03053618277693533,0.003568706594649026,6.30231895277172e-06,1
0.2110961723566724,0.7677430317929513,0.00029860143209571084,1.779923700124102e-07,0.01859526496531575,0.002261078581729071,5.672878865889206e-06,1
0.08640864659535494,0.9071051178003551,0.0008743185899864983,1.9393069605843829e-07,0.004784728950005252,0.0008132267382938102,1.3767395308228916e-05,1
0.07612715347352714,0.9149053798953688,0.0004285470928552489,9.161953287714231e-08,0.007156807903892332,0.0013730939674314359,8.926047392024648e-06,1
0.060745812791235664,0.9331321099971779,1.907892697012756e-05,8.035053041020837e-08,0.006081612614093349,1.4392330642326564e-05,6.912989350277492e-06,1
0.06282334623586802,0.9290447072377371,1.696494618609871e-05,1.6509531648344182e-07,0.008094272493322154,1.387803231748008e-05,6.6659592527286374e-06,1
0.06660358142326865,0.9154297974517549,0.0007751024877252829,2.0020026267327976e-07,0.01425523707058927,0.002922601703154898,1.3479663244238375e-05,1
0.07009371812583885,0.9030491909367381,0.0007633097738717399,1.7094449321042486e-07,0.015637491907398843,0.010444386689588173,1.173162207098094e-05,1
0.08768336415987389,0.883106236348891,0.0008907183179411079,1.8089408110736133e-07,0.020652477225215286,0.007661608010100886,5.4150438965708916e-06,1
0.004777272307591697,0.18861771611844683,0.18877122059089463,5.80668849858995e-310,0.0003345228782919899,0.6174929331315551,6.334973219875682e-06,5
0.0029412289683563757,0.29875922996363197,0.15465194665708848,1.0834776295644828e-06,0.00021865257788947752,0.5434204397055531,7.418649851156879e-06,1
0.0061479711618936195,0.7491731244066069,0.004855315068458459,2.1729416385394986e-06,0.0009025387198244694,0.23885804560284296,6.083209873492825e-05,1
0.001710055933343294,0.5171591401678595,0.46906245697712246,9.333411946420858e-07,0.0005069734286275112,0.011548412757774617,1.2027394077874115e-05,2
0.008902650914176963,0.821363947928073,0.06705902147820399,4.7134169269264614e-07,0.07893361291112826,0.02373515945918875,5.13596753647079e-06,4
0.010812604204220647,0.879826012558045,0.0584833052647477,5.436572279851326e-07,0.02186275761223147,0.02900929605069648,5.4806528304385506e-06,4
0.0001535500460440146,0.0012658366361456182,0.9159548895514187,1.4073134936037735e-06,4.304527785296125e-05,0.08258004427825047,1.226896794914825e-06,2
7.891324528854351e-05,0.0005584794407197897,0.9893785045446496,0.0005176161670540303,1.8666411941504576e-05,0.009447265202775825,5.549875706886148e-07,2
0.9815710301691148,0.013743583015012798,1.7187364453955178e-05,3.514714214661822e-07,2.5341759128799257e-05,1.2231924269522878e-05,0.004630274296598792,0
0.9818649380208372,0.01090526223256604,1.5630586785820032e-05,3.196362403718315e-07,2.649275917167125e-05,1.1123994860559222e-05,0.007176232769538358,0
0.9879085678957484,0.004248240335297206,8.54030727506559e-06,2.1460045704473927e-07,1.5007155963204312e-05,6.761333958695257e-06,0.007812668371300185,0
0.988272545922708,0.003545759980851343,9.459236930404777e-06,2.3769128008848505e-07,1.600567150047265e-05,7.488847628190159e-06,0.00814850264910161,0
0.9614436671178401,0.012470089250587728,1.3501353684303141e-05,2.1414313819138597e-07,1.3522498869816386e-05,7.682926465863523e-06,0.0260513227094138,0
0.7753668241489599,0.0347397112307905,9.730327532733747e-06,1.783650034639372e-07,9.956526567815007e-06,6.16213210413811e-06,0.18986743726904134,0
0.7013716367639649,0.08474369396156169,1.1383913076029103e-05,2.0867660296206102e-07,1.2632438219415129e-05,7.209333498849659e-06,0.21385323491307606,0
0.8046147278958408,0.10691354702129303,1.129706214174943e-05,1.6775474324933164e-07,1.36972699114072e-05,7.116415493935018e-06,0.08843944658057584,0
0.8401814040639404,0.08802368940474666,1.5934623750208887e-05,2.0687621911541685e-07,1.4510342999712273e-05,6.9748618930709395e-06,0.07175727982645096,0
0.8571797072406873,0.0775400193501375,1.3176755049000975e-05,2.1096274450438602e-07,1.346967268524812e-05,6.347946580958669e-06,0.06524706807211544,0
0.8809614616063379,0.09285208633671438,1.3901011420770987e-05,2.415238566751294e-07,1.4463543328450245e-05,7.435718756358285e-06,0.026150410259585657,0
0.8651816119332666,0.09436574465423613,1.324846563769078e-05,2.3018616552330943e-07,1.466497496080205e-05,7.086668836768845e-06,0.040417413116896644,0
0.854033699353258,0.09495013063336452,1.3715100657679623e-05,2.181159732619066e-07,1.4715531757160005e-05,7.5239852763245236e-06,0.05097999727971314,0
0.8544961706937599,0.09636574033623939,1.5220958226068485e-05,2.3573277789127183e-07,1.4271538337065646e-05,7.296973435318538e-06,0.04910106376722431,0
0.824711598711722,0.10067887119641322,1.7491272261634054e-05,2.2708589356920242e-07,1.532663699454155e-05,9.996719068622944e-06,0.07456648837764639,0
0.8349111408615371,0.10611047525819538,1.770888355387974e-05,2.2991109999279407e-07,1.4924547896880146e-05,1.0121089607380818e-05,0.05893539944810944,0
0.8600896167417336,0.08370308522312556,1.4717213482712983e-05,2.1567396423395482e-07,1.4252064847544315e-05,9.494345936578605e-06,0.0561686187369098,0
0.8041565194239166,0.08885134544824218,1.3445416330443628e-05,2.001223119287764e-07,9.676664904330328e-06,8.809734943336114e-06,0.10696000318935113,0
0.7196978964024928,0.0809794982097047,1.2749927716012189e-05,2.0412914508920767e-07,9.176121812080244e-06,8.020008004201375e-06,0.19929245520112507,0
0.8388543032562659,0.12399412416961557,1.7292865899208513e-05,1.9884393968110025e-07,1.0200160700123775e-05,8.348568788221756e-06,0.03711553213479135,0
0.8863789019910211,0.0964503089757457,1.8059840911015582e-05,1.7834830868059463e-07,1.3885550979564258e-05,7.851205155112943e-06,0.017130814087878764,0
0.8526413688713764,0.14054484360403857,2.361205541609449e-05,2.0657867826499273e-07,1.6688580743318293e-05,9.093955506105679e-06,0.006764186354241208,0
0.736933165450356,0.24847022789032558,1.808644908278667e-05,1.6690272027025172e-07,1.3582653931145173e-05,7.347350291585646e-06,0.014557423303292632,0
0.6979920010778827,0.30196081377611234,1.6247749727240938e-05,2.517631174320679e-07,1.7300460130141756e-05,8.305261964220047e-06,5.079911065833914e-06,1
0.757579510068621,0.2423768508633153,1.2711110035182313e-05,1.9866107481022964e-07,1.442365884889583e-05,1.0983597716562544e-05,5.322040388187039e-06,1
0.6215703238410601,0.3783747591572612,1.4927309186421182e-05,2.0916301846237995e-07,2.2053946155354714e-05,1.1277521442528415e-05,6.449061875735697e-06,1
0.5118697546026307,0.4880796560458878,1.6554830411739207e-05,2.1992150178660656e-07,1.603547590008537e-05,1.20384726503502e-05,5.740651017527988e-06,1
0.46494175397349036,0.5350172025874921,1.5002036261373991e-05,1.7699259658587638e-07,1.1487801805299815e-05,9.886266135669978e-06,4.490342218676399e-06,1
0.46393817684963634,0.53601690509382,1.5777424683839343e-05,1.9572551804185189e-07,1.3208234002599817e-05,1.077107166491194e-05,4.9656006742022605e-06,1
0.49393422388962094,0.5060196862902697,1.5779834931619067e-05,2.0140723604743184e-07,1.3591655958537304e-05,1.1407174837711237e-05,5.109747145451362e-06,1
0.4818762463964945,0.5180752917091845,1.6082409841285912e-05,2.1566533903895958e-07,1.5330188763687875e-05,1.162590493920034e-05,5.207725437851453e-06,1
0.24494574883623135,0.7548530450155111,1.1354653429631152e-05,8.773147587818184e-08,0.00017492695476355757,9.92155321626431e-06,4.9152553723003355e-06,1
0.12534607518545904,0.8730872817217051,8.68983349001219e-06,6.388923808807748e-08,0.0015443687030595216,7.5930671020429756e-06,5.927599946297271e-06,1
0.07497894382523256,0.913108818740795,9.980168543587613e-06,9.484491503831291e-08,0.011889286547358383,5.929967747776906e-06,6.945905407354646e-06,1
0.1115195110853421,0.842450498197612,3.2308356637019304e-05,1.7292522946619778e-07,0.045927341376959134,5.863978061064267e-05,1.1528277609450322e-05,1
0.12382026907285283,0.7826675749838178,3.717737881777234e-05,1.9533542359053037e-07,0.09338206162698853,8.506746556490122e-05,7.654136534569398e-06,1
0.06724099247067954,0.6072578632809692,3.454362584821404e-05,2.8479867041801696e-07,0.3253595028917879,0.00010247078885029368,4.34214319444975e-06,1
0.011522382100007746,0.11113463452011337,9.662704392419645e-06,9.204221836188492e-08,0.8773116265431867,1.8234885070556028e-05,3.367205011043884e-06,1
0.05376396197855806,0.9457547944547221,0.00010048796223423617,8.745880269966817e-08,0.0002433993361590076,4.9976748317816875e-05,8.729206120616975e-05,1
0.07054549813734778,0.9287537365752013,3.4019213246582834e-05,1.08955079417684e-07,0.000651910418189234,8.98673468736311e-06,5.739966248375149e-06,1
0.183533587900332,0.8153790387343205,2.3425155117242524e-05,2.3515665934789022e-07,0.0010340746428818648,1.7587957626888936e-05,1.2050453062124521e-05,1
0.41120326340122787,0.5882777848656546,4.0638766959655534e-05,3.1118543668388306e-07,0.00042787289030509976,2.6856680599424117e-05,2.3272209816540942e-05,1
0.30572744108004096,0.6939208831683198,2.6263804620710492e-05,2.469350006512333e-07,0.0002871204720422594,1.804986392132883e-05,1.999467605423893e-05,1
0.35183468227933834,0.6478037490585754,2.4312120597689225e-05,2.385753378373043e-07,0.00029379206745428307,1.5758425591634583e-05,2.7467473104810475e-05,1
0.33066017562171374,0.6689257416956768,2.0806637003278708e-05,9.581982165769923e-08,0.0003701249147140622,1.4420265474714029e-05,8.635045595902101e-06,1
0.1436462192251344,0.8545223657446622,0.00010739686932308853,2.0431771085546386e-07,0.0015490725116282032,0.00014554964451958603,2.9191687021748087e-05,1
0.22003273327352665,0.7723170194988104,0.00023176711439866973,2.0357263894399482e-07,0.006587597982309646,0.0008237567047125836,6.9218536030229505e-06,1
0.5705112205172601,0.4235099696875373,0.00043796785727558796,1.8298533470468534e-07,0.0040692302048015465,0.001464172054287874,7.256693502922008e-06,1
0.2867704106180238,0.6966796201423231,0.0003350431670450285,2.472285714022527e-07,0.01471661561495177,0.001490952225460455,7.111003624529556e-06,1
0.15942624922994764,0.8297690937492275,0.00036149087844268053,2.1525065476716948e-07,0.008767274092038632,0.0016630471231398733,1.262967654909478e-05,1
0.15880909070890487,0.8376289043349324,0.0008284946462367208,2.2202419989590266e-07,0.0022847392383609287,0.0004048542395868053,4.36948077784645e-05,1
0.07560105007753407,0.9164922181291697,0.00023445640005169052,9.195354617544617e-08,0.0073444438484950875,0.00030061307058031127,2.7126520622882296e-05,1
0.08091434142567086,0.8863153991862556,0.0005455514684009921,1.8705863343054388e-07,0.031085090268275356,0.0011268357672030974,1.2594825560674445e-05,1
0.05231076866875785,0.919777920205662,0.0008428033096610399,1.9747699921931603e-07,0.015006942618354304,0.012047815218937552,1.3552501628119896e-05,1
0.05272480979403129,0.9078344548973145,0.0012575229574791355,2.0157052438701673e-07,0.014251984757707593,0.023917192589830688,1.3833433112390634e-05,1
0.0012730787803952328,0.07909173044212961,0.8187236352070791,7.158240671884063e-07,0.0002870955852516856,0.10060999775400477,1.3746407072462783e-05,1
0.0035763251584180543,0.39619057399997165,0.21416982107846494,1.311843573438566e-06,0.00032065325229078126,0.38572838574611384,1.292892116716012e-05,1
0.0076361673630386,0.788318528308865,0.004131722139772076,1.7911742083079657e-06,0.001454850038359078,0.19842390525451642,3.3035721240535236e-05,1
0.0010792672274109534,0.42463693447038536,0.567782220536472,6.675040238945877e-07,0.0014723294770801426,0.005021175112172091,7.4056724555881e-06,2
0.0024501838851677016,0.4369351207002368,0.5551878766000227,2.240997651699129e-77,0.0028154957191045345,0.0026014720739936763,9.851021474619091e-06,2
0.002702858031809021,0.04855713207006503,0.021990139205696004,2.638878000698675e-06,0.0002504560174993598,0.926492596817753,4.178979176845344e-06,5
0.00020667360492936026,0.001425944762224146,0.8653711322262443,0.000272392135405823,3.1495525616418326e-05,0.13268612960571555,6.232139864255302e-06,2
0.00014250297251406155,0.0011810422780173166,0.9460518846816117,0.0002680666052945176,3.488103213275023e-05,0.052319509623944147,2.1128064855397227e-06,2
0.00018536671157081273,0.0013172556056154112,0.9582951966695483,0.0007722501165897937,3.98335709688083e-05,0.039388832215263736,1.2651104429611547e-06,2
0.9539353779727785,0.030194167649811452,1.7689961070619388e-05,6.117615771567087e-07,2.0768048813355747e-05,1.2589612836005818e-05,0.015818794993113068,0
0.9842494973264198,0.013354465254873807,1.646400948601315e-05,4.305278882385174e-07,2.3445695854519e-05,1.1717126133278443e-05,0.0023439800593441753,0
0.987681337326227,0.0058142005743855914,1.1085384733496167e-05,2.2668955093256407e-07,1.8146911729618827e-05,8.050257398955632e-06,0.0064669528559743485,0
0.9592396488108746,0.01967669990360973,1.0740960024797311e-05,2.777085355525556e-07,1.2696435854807158e-05,7.852498084186402e-06,0.021052083683016348,0
0.9772427302349896,0.008271171816748888,1.2828158481562022e-05,2.0346568045631661e-07,1.2848249340392073e-05,7.299845675539122e-06,0.014452918229083683,0
0.8773318224530706,0.08055381492060736,1.4253675892065358e-05,2.650348070407668e-07,1.4650961221681584e-05,7.0424545528657196e-06,0.042078150499847956,0
0.8588725472886832,0.07482449446039353,1.3202777758662858e-05,2.443237660172416e-07,1.1820642909145675e-05,6.3604831098848826e-06,0.06627133002337955,0
0.8514902979453658,0.09106197667488658,1.5282070484586453e-05,2.8415691732688067e-07,1.4537695718643277e-05,9.858745609572731e-06,0.05740776271101756,0
0.757305564566407,0.07730909054528079,1.372674610937485e-05,2.19768222265631e-07,9.645548056061691e-06,8.634450023631894e-06,0.16535311837590078,0
0.7617049614579489,0.07875432137041521,1.3653015144131566e-05,1.5969280114913526e-07,9.40439664581927e-06,8.174318845747658e-06,0.15950932574819918,0
0.8693067303415234,0.10830424039411994,1.784378813077289e-05,1.8725687239647093e-07,1.0525121023530007e-05,8.973329652628432e-06,0.022351499768677216,0
0.7816776073572231,0.20902254933578435,1.8727977001255396e-05,1.851589218787798e-07,1.4895004457155132e-05,8.151020285666461e-06,0.00925788414632643,0
0.7649083416225242,0.23498069588551468,1.4678011361213115e-05,2.051454601995152e-07,1.8166312748957545e-05,9.505925171039311e-06,6.840709721965253e-05,0
0.7111535648072371,0.2887974531670193,1.5568065838492424e-05,2.1293741180074303e-07,1.799645635160758e-05,9.203464812067113e-06,6.0011013297889986e-06,0
0.7023829602680614,0.29756717415844114,1.5413666356613073e-05,2.0487746855269333e-07,1.7470122132981924e-05,1.1002955284796892e-05,5.773952254692903e-06,0
0.6246778942947128,0.37526691414344165,1.5001938980027806e-05,2.1020873894040057e-07,2.216420591009222e-05,1.1333903948386589e-05,6.481304267899738e-06,1
0.49399716669148497,0.5059606845260586,1.4961402084245429e-05,1.7651319842986527e-07,1.2870379278400645e-05,9.662308116582634e-06,4.478179778998036e-06,1
0.46037253137294043,0.5395824838531774,1.5961685816511462e-05,1.8831445074067403e-07,1.3538523048466943e-05,1.0518670346256616e-05,4.777580220071094e-06,1
0.2398707650159497,0.7592450329859844,1.1763796945969333e-05,9.089271411031197e-08,0.0008540438067434258,1.0279057669887304e-05,8.024443992549045e-06,1
0.10643468536515194,0.891483153875169,1.0044038790454326e-05,1.1251307841156814e-07,0.0020582285932287422,6.9752567581743355e-06,6.800357823504129e-06,1
0.1176123012388206,0.8783177492132351,1.1941843626056614e-05,1.1348737640727372e-07,0.004043939425707571,7.095546256782441e-06,6.859244977700415e-06,1
0.11652073536377112,0.8674965789701697,2.8189512035199668e-05,1.3746956158563677e-07,0.01591050601324328,3.4355603606983954e-05,9.497067612162833e-06,1
0.07253193357005831,0.7962601200256688,2.4567442615464974e-05,1.4867305890263618e-07,0.13111758069040066,5.680687062409976e-05,8.842727573699684e-06,1
0.0031603463267124536,0.037718606503052594,1.5653420556506027e-06,1.7304376335806954e-08,0.9591127547582229,5.633379298897251e-06,1.0763862812521931e-06,4
0.004097821591098201,0.04213047877782835,1.6322961492704863e-06,2.4080758804266715e-08,0.9537629118471127,5.941254715369384e-06,1.1901523371440386e-06,4
0.14459252792552818,0.7599213401026128,5.320965597430636e-05,7.323172370581002e-07,0.0952131208031996,0.00019700163229291825,2.20675631550775e-05,1
0.0676162921182009,0.9320776573879174,2.152903055992311e-05,8.69273523967895e-08,0.00019171906271236183,5.953849135772482e-06,8.67616241211089e-05,1
0.08675330343776608,0.9125675159276856,2.1390810861184695e-05,1.0731776294132923e-07,0.0006446603390730086,8.758037141891923e-06,4.264129709436315e-06,1
0.3620997565932248,0.6373896351438152,1.7328552923515744e-05,2.606240339928626e-07,0.0004647998121173413,1.565615243194985e-05,1.2563121453224603e-05,1
0.394984011879742,0.6045458927849279,2.8688965730237065e-05,2.3216016453986425e-07,0.00040041602724341955,1.508467312661973e-05,2.5673509065352487e-05,1
0.3038553795849044,0.6957821935301706,3.07799815152831e-05,2.3047520837470955e-07,0.00028801034244139366,1.8505859495701082e-05,2.4900226264203532e-05,1
0.33029007482904327,0.6694567147634197,3.750833126318189e-05,2.2520501736851764e-07,0.00018539902363979728,1.7601542312574764e-05,1.2476305304145892e-05,1
0.33701307596406566,0.6626930208000085,3.7591510470687815e-05,2.2570443641064053e-07,0.00021114464689910207,1.6498002927524332e-05,2.844337119224011e-05,1
0.31842828870113826,0.6814361335173487,3.323573299506969e-05,2.2897001711248092e-07,6.582025717461746e-05,1.6736702533237958e-05,1.9556118793045324e-05,1
0.3660729964062849,0.6337975260416352,2.2254343641573863e-05,2.1838233038135637e-07,7.411622963691455e-05,1.673380322810989e-05,1.6154793242800376e-05,1
0.35849663586803765,0.6411571230382129,2.47303429296675e-05,2.426793621548007e-07,0.00027500730370328975,1.8320793264520136e-05,2.7939974489841297e-05,1
0.15910045845729262,0.8403993212427441,1.8598269706524303e-05,2.6355920278005506e-07,0.0004352206015724945,2.1770831995737696e-05,2.436703748592181e-05,1
0.20334065177342842,0.7957755953654805,1.761073429544365e-05,2.496794680478236e-07,0.0008222044175689167,2.0614839106951023e-05,2.307319065177056e-05,1
0.21504246397240354,0.7840200155418707,1.7350580058535457e-05,2.4599108286229325e-07,0.0008768812654128859,2.0310306788940776e-05,2.2732342382394214e-05,1
0.16367428144061494,0.8352090747550283,2.3413978524556486e-05,2.3504446157648652e-07,0.0010382334177219661,2.1179623084872003e-05,3.3581740563792164e-05,1
0.58534830834562,0.4103383033677184,0.00035714978632769276,2.786439459226942e-07,0.0031177931584817835,0.0008297482581051365,8.41843980104182e-06,1
0.563428244454817,0.4279456757118739,0.0004844845048544072,3.4755301055379694e-07,0.006595876152795099,0.001534871290092876,1.050033255640777e-05,1
0.32351117978876753,0.6608967828878998,0.0002590371278107618,3.1012389629148127e-07,0.011701848316549196,0.0036227469759442603,8.094779132118019e-06,1
0.0894123876238376,0.9093416747400291,1.9748480706878272e-05,1.8160387069831878e-07,0.0011875779978124503,1.3831205163089585e-05,2.459834858007862e-05,1
0.07880854124179969,0.9004023382674842,4.7941560475247174e-05,1.4204221191703995e-07,0.020704230560986435,1.3557400755047241e-05,2.3248926287597923e-05,1
0.11993744787400164,0.8663434945661725,0.00015441516082021666,1.756923750615922e-07,0.013239660038323407,0.0003101829524711208,1.4623715835990661e-05,1
0.10847565242672258,0.8727984445080247,0.00036609293166682435,1.7700142337014512e-07,0.01788172151533299,0.0004631789426482533,1.4732674181355117e-05,1
0.20493817900310607,0.765514545113092,0.0011474162482142977,2.612751862268767e-07,0.020235542419232498,0.008159441654986615,4.614286182041681e-06,1
0.006327639101370478,0.8410598432167492,0.06363194287001445,3.294359086117136e-06,0.0011125507232911673,0.08783995797030746,2.4771759181236973e-05,1
0.004929462019521512,0.8653745993338222,0.04419914975686207,2.2858109697919488e-06,0.0009708324721806775,0.08451191859656836,1.1752010075433725e-05,1
0.004314616137960605,0.6503270916956864,0.014061583216143472,1.951214805235872e-06,0.001796043900350803,0.3294902999717385,8.413863314993675e-06,1
0.002431607898261003,0.1113915699086632,0.6612640657792624,8.837051259840905e-07,0.0005335150277935354,0.22436593952441908,1.2418156474594765e-05,1
0.004274525051781829,0.182579847008845,0.3433378340429355,1.5264040039323382e-06,0.0008699366179944916,0.4689148812718435,2.1449602595856156e-05,5
0.005009602749933239,0.41314068915606966,0.13913722314713364,1.2740940503882022e-06,0.0007213643585790049,0.4419804170586331,9.429435600898384e-06,1
0.004192224191979852,0.867865212441507,0.002668615861963768,1.165893297484708e-06,0.001269329447630951,0.12396230089702633,4.1151266594705567e-05,1
0.004683244251228978,0.8527004160280497,0.0036925984784503883,1.412750788441452e-06,0.0014180014155506966,0.1374680047044514,3.632237148073076e-05,1
0.0010500977912323987,0.043782988519624234,0.950974745388927,7.197715693532499e-78,0.00197336498770554,0.0022136879244840455,5.115388026857651e-06,2
0.0014578982659157137,0.04703746595910867,0.94517471550253,7.732736351839571e-78,0.0046444127452189435,0.0016824194958266908,3.088031399901659e-06,2
0.00010789886238444707,0.0009460245384202711,0.9157721888426356,0.0003449481457365081,1.3660876235334858e-05,0.08280874585802267,6.532876565115938e-06,2
0.00018693512151674716,0.0013601175073995782,0.9324237437694904,0.00047222314619832116,4.358578826976647e-05,0.06551096150690376,2.4331602214563706e-06,2
0.00014112311876386045,0.0010244868121765118,0.9221246334110911,5.168235288154571e-05,1.6818518442416964e-05,0.07663420365449602,7.052132148519602e-06,2
0.9354429289200448,0.06364604486352425,1.2574256896400796e-05,2.849030166415529e-07,1.8000188222250595e-05,7.827290193722554e-06,0.0008723395781021037,0
0.9436817396767431,0.05575759919587917,1.045440691979939e-05,2.3687221385636895e-07,1.5075836830430589e-05,6.507714725309418e-06,0.0005283862966886639,0
0.9848155734328013,0.012106850603731938,1.3609850911963034e-05,2.783133888145186e-07,2.0066925590238932e-05,9.466805226557186e-06,0.0030341540683491903,0
0.9586932810937898,0.01942670054756468,8.726573930481812e-06,1.9772359179741654e-07,1.127968020294446e-05,5.532954287790576e-06,0.021854281426632344,0
0.9344461416337939,0.019680671328497452,8.550366321373864e-06,1.9373114279596352e-07,1.1139066024154652e-05,5.421232476444928e-06,0.045847882641743776,0
0.9525110929686742,0.022167841486370198,1.038091301551774e-05,2.1587194523754438e-07,1.2522547925165844e-05,7.666099814598236e-06,0.0252902801122551,0
0.9753529418405589,0.006928273214037053,1.3745995717475038e-05,2.1802337227323646e-07,1.2976889159970579e-05,7.822139673314287e-06,0.017684021897481216,0
0.930629696079681,0.003932174836966789,1.2557036251733046e-05,1.896028297336175e-07,1.1285280473445654e-05,6.648626022432401e-06,0.06540744853777496,0
0.8683144972951702,0.08718861122534247,1.5079112824764816e-05,2.1726199771371657e-07,1.4625916480388164e-05,7.494527097013615e-06,0.04445947466108727,0
0.8091341486633171,0.0664431961169824,1.3629124520977454e-05,1.7694435682650314e-07,1.1892775681102583e-05,5.965704791494572e-06,0.12439099067035016,0
0.757305564566407,0.07730909054528079,1.372674610937485e-05,2.19768222265631e-07,9.645548056061691e-06,8.634450023631894e-06,0.16535311837590078,0
0.8976823040744091,0.08434780847039143,1.8256162351725453e-05,1.8028706312925574e-07,9.769763782708247e-06,7.936552524170905e-06,0.01793374468947756,0
0.8987965082774311,0.08689064228161755,1.8367339089648605e-05,1.8094059368051091e-07,1.3999629280500842e-05,7.965322084538465e-06,0.014272336209903104,0
0.7002058040404759,0.2995012786614001,1.8574824936521476e-05,1.9348094889705692e-07,1.5745607782084266e-05,8.965421025882643e-06,0.0002494379634303007,0
0.5038871144147601,0.4960656283793792,1.5067877071255238e-05,2.602558424791427e-07,1.5199849976007073e-05,1.1527060340557375e-05,5.202162630328869e-06,1
0.3619192536799369,0.6380454198791444,1.1732511753044615e-05,9.06509897665943e-08,1.0356930872958621e-05,9.095714694705207e-06,4.050632608227035e-06,1
0.4838233944539001,0.5161306028111086,8.523921571886362e-06,1.0154328640075863e-07,1.270347764077977e-05,1.070732024812561e-05,1.3966472244185253e-05,1
0.2260542963652727,0.773884654876058,1.3687321000416667e-05,1.761900603916291e-07,2.9300407438578987e-05,1.1959808772264513e-05,5.925031397623437e-06,1
0.2869400431928415,0.7128281842839859,1.3996895607285282e-05,1.0814670099357385e-07,0.00019937812819983535,1.2230311166325769e-05,6.059041498325221e-06,1
0.08872491894259965,0.9014318519152679,1.1906244412827785e-05,3.660773133776258e-08,0.009820750556756401,7.074394090326412e-06,3.461339141680899e-06,1
0.06632647730886704,0.8542003891852072,2.2002715994140865e-05,1.3117388440883243e-07,0.07940354400269757,3.965369595337019e-05,7.8019173962843e-06,1
0.04208969230002484,0.5146531546010078,2.2871422762460214e-05,1.868239652781287e-07,0.44317415841399493,5.5448012996007924e-05,4.488425248710919e-06,4
0.003064867936924991,0.036579075754951104,1.4245646266888814e-06,2.1076908352390162e-08,0.9603481036122141,5.463187196856254e-06,1.0438671778695622e-06,4
0.24700256394268097,0.6670629867918192,4.709663424890251e-05,5.879363366630482e-07,0.08572092511186089,0.00014812277729776987,1.7716805755655555e-05,1
0.1611923892561561,0.7816331700538898,4.880546930333026e-05,6.013126513953314e-07,0.056975436006318325,0.0001463771161594053,3.2207855216950067e-06,1
0.05671841722080206,0.9425646974733352,0.0001759105486777455,8.716379804928331e-08,0.0002985690725639091,0.00015532090183641904,8.699761898648912e-05,1
0.09168665464045433,0.9079667774329955,1.8440435700525663e-05,1.0677671698636087e-07,0.0003147175942770298,9.06048789343074e-06,4.242631962301834e-06,1
0.12051437343736059,0.8789903717196933,2.9107306798633594e-05,1.6377103973551434e-07,0.0004443397692778719,1.5135135885032464e-05,6.508859944527392e-06,1
0.09785323523357083,0.9012141777785838,3.188443658404582e-05,1.5162076690983377e-07,0.0008827015593814267,1.230187150753657e-05,5.547499605490279e-06,1
0.12303941417225162,0.8760741827718265,2.4672758822896097e-05,1.697456324114873e-07,0.0008450216459608082,1.1983118411491504e-05,4.555787094371234e-06,1
0.1223625599585843,0.8772821438490163,2.4046954545800123e-05,1.8972195422350685e-07,0.0003146197271791337,1.1347859000057302e-05,5.091929720318682e-06,1
0.3150061238157377,0.6844753634581626,2.1563881961642648e-05,2.1749168847015602e-07,0.0004662937375796094,1.626675005343816e-05,1.4170864816482134e-05,1
0.3599760009593709,0.6396765896678308,1.728505135864948e-05,2.2279558345775723e-07,0.0002951175577356498,1.6114104380615657e-05,1.8669863739961916e-05,1
0.3473426174733199,0.6522824300305664,2.7780149718534294e-05,2.08992815178099e-07,0.0003028142232146821,1.5215180280027202e-05,2.8933950085286668e-05,1
0.3133622023338524,0.6865556984591884,3.713350147881302e-05,2.2295448941229556e-07,3.4893543414786184e-07,1.6296993880689812e-05,2.809682167608176e-05,1
0.35153222226064945,0.6483610811197771,3.162256111260795e-05,2.178564366300697e-07,3.1477490561137106e-05,1.592434861476862e-05,2.7454362848295747e-05,1
0.4321284188324178,0.5677809258388715,2.3032925045596444e-05,2.2602256566038775e-07,2.4310816161273286e-05,1.706330798718261e-05,2.602225695092873e-05,1
0.20685795442939417,0.7925685994035798,2.5480154087686553e-05,2.557860507194448e-07,0.0005115540067280518,2.3048627090678698e-05,1.3107593068758767e-05,1
0.2096252194583465,0.789589940069792,2.228278383058556e-05,2.1866141453916807e-07,0.0007268077783186175,1.7331013999646813e-05,1.8200234298133644e-05,1
0.5873855463247645,0.40894535377212743,0.00041869751771358884,3.535505172342632e-07,0.0017933772623550928,0.001440047296983537,1.6624275538424622e-05,1
0.28758412239207026,0.7064240597731404,0.00027973147221836085,3.0482169222684124e-07,0.004979589579676805,0.0007198652550877672,1.232670611421169e-05,1
0.18137416178640398,0.8125174222260173,0.00032959700424943863,2.1718572234417336e-07,0.004904225091291044,0.0008555189759943587,1.8857730321656882e-05,1
0.0832618551908207,0.9127764161803602,2.5103896949259454e-05,1.6142916117230245e-07,0.003915641970525483,1.4914963113852306e-05,5.906369069156136e-06,1
0.08545509056853119,0.9111837526464331,4.609037745593959e-05,2.1349053520251994e-07,0.003290643098344812,1.8231224040853786e-05,5.978594658978818e-06,1
0.10969316145970362,0.8881689837382178,5.09874441747186e-05,9.077601812848793e-08,0.002065721433604454,1.5630134394434357e-05,5.425013886810347e-06,1
0.14141052378502322,0.8526700540468255,2.006901865196004e-05,9.165563380998476e-08,0.005874958572683924,1.6417292832925902e-05,7.885628348520023e-06,1
0.11953838728485133,0.8649162104615493,0.00035193511382151574,1.8863469674523783e-07,0.014260647008582528,0.0009199305531813145,1.2700943317214772e-05,1
0.10076854455129959,0.8594744244968597,0.0004965529285145812,1.668067046903411e-07,0.030313562551899043,0.008941755324848429,4.993339873870407e-06,1
0.13180235837850512,0.8295683015390359,0.0005039565249107059,1.8210298508778586e-07,0.02870647786552104,0.00941365579854892,5.067790493274462e-06,1
0.1981047589041361,0.7582759620679715,0.001079087191360175,2.5880460987374784e-07,0.033035520976337565,0.00949984140135453,4.5706542302572425e-06,1
0.26031096778693896,0.6871669768342515,0.0010565697273010382,2.534040977114032e-07,0.042277776145078765,0.009182980824585888,4.475277746150495e-06,1
0.18868813290113207,0.7724702050201686,0.0010992867315368123,2.636491990384605e-07,0.028927877822510967,0.008809577662692298,4.65621276018588e-06,1
0.004865476862848611,0.871061276764022,0.038804443013895816,1.7293849397048352e-06,0.0007427264060343367,0.08449685741024571,2.749015801365419e-05,1
0.004414678332228383,0.8099334959924118,0.016987220957142217,5.154262493735046e-53,0.0005673463426766998,0.1680483288474231,4.8929528117677335e-05,1
0.004670809018100452,0.8687192561939037,0.012940378969176644,1.4787329895423038e-06,0.0005752014869389721,0.11304039471807448,5.2480880816300484e-05,1
0.006290150917997676,0.6411475234190377,0.22809753027648144,8.453316988759527e-07,0.0007212092176073029,0.12369459485338379,4.8145983793175336e-05,1
0.005121032781464081,0.7877715895821249,0.0965270755855482,6.310549823392872e-07,0.0008049869663755736,0.10974442807525997,3.0255954244785665e-05,1
0.00490043120316144,0.7618586760847849,0.1262980127762407,6.10297095934552e-07,0.0007785077712611097,0.10613450115083536,2.926071662071687e-05,1
0.0044681832335703294,0.8568083463701455,0.0026455391292940517,1.0815874603585505e-06,0.0009715484517825761,0.13507306828081042,3.223294693687262e-05,1
0.0013761199816648723,0.3176201503238502,0.6436848860529917,5.910910950701014e-07,0.0023628326213929345,0.03495287286421126,2.547064794080973e-06,1
0.005111300353941907,0.3498444424453339,0.6241022173957027,4.819463852798719e-07,0.006233526650131903,0.014705896556535043,2.1346519692764997e-06,1
0.0016491712083788312,0.04181831814537567,0.9527410454816764,8.19783910983027e-08,0.0012832599889297637,0.0025053051352104095,2.8180620379741404e-06,2
0.003764561188888314,0.04558603431610951,0.015131032302348992,2.4005197644024307e-06,0.000793365488121823,0.9347185278768722,4.078307894886848e-06,5
0.00017962121290174027,0.0011621818223489274,0.8235032059945281,9.981814729160926e-05,1.5001897281543175e-05,0.17503482252899055,5.348396657447588e-06,2
0.00015281127458113662,0.0010974712918332523,0.8641764924164852,0.0002113071931159433,1.5295603371961808e-05,0.13433859320368913,8.0290169235065e-06,2
8.620902896216268e-05,0.000740151185206837,0.9734609988976111,0.000162981062570869,9.850357735834445e-06,0.02553469827244611,5.111195467038128e-06,2
0.00019921046927197882,0.0014763648154476501,0.8822567191585072,0.00036450934872785156,3.695347405542254e-05,0.11566105804376507,5.184690224932316e-06,2
0.00018089090811166804,0.0011462735285606709,0.9478531865977474,0.00048303660118584384,3.3462913332804486e-05,0.050300794962732064,2.3544883297973477e-06,2
4.559424582371771e-05,0.00031579470555766545,0.9889893913543785,4.9034246104718525e-05,6.892981661405827e-06,0.010592720356902868,5.721095713399967e-07,2
6.843720872899962e-05,0.00047452726261725236,0.9797832699959299,4.8039656928437665e-05,1.0456509530088382e-05,0.019614381118316888,8.882479485080769e-07,2
0.00018612315635985853,0.001393740264807601,0.8729739145827,0.00013930169538781036,2.791579193649158e-05,0.12527221500500635,6.789503801933579e-06,2
0.9810888738508807,0.006158981625952066,1.0785605824620973e-05,2.2055924983199603e-07,1.7384794013249486e-05,7.83255657600348e-06,0.012715921007503616,0
0.9888289762023049,0.0032426473092681575,9.319182643813602e-06,1.9057176447843318e-07,1.4975994704183772e-05,6.767633314871752e-06,0.007897123105999557,0
0.9694632473693715,0.00995972509368365,1.0855437427355178e-05,2.2120225678934733e-07,1.2831754764387435e-05,7.936190191986167e-06,0.02054518295230462,0
0.9780856942840312,0.00505744805359389,1.3051105256501063e-05,2.0700180899212417e-07,1.2320878735137089e-05,7.426713226579541e-06,0.016823851963347583,0
0.959460794780075,0.009353928209362148,1.3633040162292017e-05,2.1623179954440971e-07,1.2870253616810213e-05,7.757862472325848e-06,0.031150799622511837,0
0.9350143722194283,0.0037760354806104586,9.90465892603058e-06,1.9103989589452276e-07,1.1370815561226246e-05,6.699018284440175e-06,0.06118142676729351,0
0.8668092037236238,0.08444856615196526,1.589607434669567e-05,2.6390255325932075e-07,1.4475239248523688e-05,6.957988148840774e-06,0.04870463692011353,0
0.8428756611414523,0.0733267063310895,1.2956870105310501e-05,2.1794856421550633e-07,1.3244899726434602e-05,6.24201626114066e-06,0.08376497079280097,0
0.8445709570635324,0.07306535670345657,1.291755799769178e-05,2.068129427430049e-07,1.244550741049863e-05,6.223077519529351e-06,0.08233189327714063,0
0.8532924688497237,0.0842929754137055,1.296568596450779e-05,2.252729951654722e-07,1.3490368078579475e-05,6.935408611440075e-06,0.062380939000921135,0
0.8099524021418222,0.06614388038572143,1.431314510529951e-05,2.0050798681916425e-07,1.3498048898234537e-05,6.916591747278236e-06,0.12386878917871856,0
0.806691873974045,0.09271110702169628,1.5349994769999872e-05,1.9928609117095527e-07,1.242984438778633e-05,6.718959622671156e-06,0.10056232091938704,0
0.7763962048790578,0.0752413932617922,1.5049367820009562e-05,1.9538310809754695e-07,1.3299079925461588e-05,6.587369979238873e-06,0.14832727065831733,6
0.8192474063387848,0.05744275863236015,1.237236702234739e-05,1.6062811091212264e-07,1.0935840523549093e-05,5.415600181342665e-06,0.12328095059301691,0
0.7135011163261189,0.06735281378537193,1.1308534287585353e-05,1.6831684274686563e-07,1.0994675564572967e-05,7.409602441664826e-06,0.21911618875937267,0
0.7649943238828082,0.07067186889381723,1.2338220032707369e-05,2.0754220110622358e-07,1.1995783260157403e-05,8.084275376032579e-06,0.16430118140250438,0
0.8600216833363187,0.13260542403990455,2.2205876421482227e-05,1.9427620848877006e-07,1.562134798482901e-05,8.610653300122872e-06,0.007326260469861785,0
0.7606903745211364,0.23884685944354955,2.048165330782854e-05,2.1668438488429483e-07,1.7744445542011418e-05,9.538826424660998e-06,0.00041478442565483334,0
0.7252889973996998,0.27452880290310333,1.6582344077409486e-05,1.9341104184204837e-07,1.652710054114114e-05,8.962181708604098e-06,0.00013993465982791662,0
0.6736806804184402,0.32621793151035483,1.615834389298051e-05,1.8388042078045056e-07,1.4828075492294137e-05,7.604495792727377e-06,6.261327560621036e-05,0
0.7375005953153518,0.2624400363242229,1.4515054066430123e-05,2.773614388693448e-07,1.8185527426199492e-05,8.970074851570695e-06,1.7420342642078155e-05,0
0.7926023692908546,0.20735618234525155,1.1567698391023894e-05,1.8603880446214768e-07,1.4642687109433772e-05,1.060238184568361e-05,4.449557743148502e-06,0
0.7932279366576526,0.2067309528302479,1.171161514856198e-05,1.830392847438293e-07,1.4406601800022722e-05,1.0431438727127182e-05,4.377817139208617e-06,0
0.6874910407020673,0.3124633557031007,1.4757603742883101e-05,1.8927534845356568e-07,1.4018381372248355e-05,1.0360906447222718e-05,6.277427921144761e-06,1
0.6074413496272472,0.39251372787083605,1.5433363134644475e-05,1.9145729136329734e-07,1.3960020992084509e-05,1.0480345700911144e-05,4.857314797711969e-06,1
0.48815566232237034,0.5117976921782216,1.5012938738971295e-05,2.593069349531958e-07,1.4705026456726101e-05,1.1485032026399258e-05,5.18319525106047e-06,1
0.18799350124159445,0.8119506134095809,1.3883078684916935e-05,1.7172669128703496e-07,2.5713224508346602e-05,1.0342384557038994e-05,5.774934382927373e-06,1
0.24363824822670482,0.756294192891237,1.4403844376060827e-05,1.7816830060911604e-07,3.489122043712491e-05,1.2094092026689637e-05,5.991556917704413e-06,1
0.13664020207978447,0.8608022443063956,1.2050134103044563e-05,3.842150850291513e-08,0.00253354784578288,7.362236384290385e-06,4.5549760412312224e-06,1
0.011263963530896372,0.09564915159922965,3.856602400187428e-06,6.15274506054351e-08,0.8930646971204985,1.5471086253828937e-05,2.7985332708409e-06,4
0.24969266423098668,0.6691303522248397,4.724259640777759e-05,1.348245441566506e-84,0.08096661174053944,0.00015346515753132943,9.664049695023864e-06,1
0.20885937539967664,0.7276352243542554,4.5988596245071146e-05,5.08395820193184e-07,0.06328755394092345,0.00017030401494447798,1.0452981347290383e-06,1
0.15952994790141076,0.792575890414241,5.067266345213532e-05,4.976340065208693e-07,0.047693756855716564,0.0001445092797132681,4.725251459579646e-06,1
0.06655146524775603,0.9313316921957989,0.0012710809001341054,8.453630489482682e-08,0.000513377651995192,0.00025682592115763066,7.547354685323778e-05,1
0.06531000306310837,0.9342885514616551,2.9405322241032344e-05,5.722779928103582e-08,0.00026135618001593675,7.546883595521996e-06,0.0001030798615847205,1
0.044482365272586054,0.9551908298694716,1.9269356659783184e-05,4.470704121375395e-08,0.0002412374859784641,6.223395116003378e-06,6.0029913146945154e-05,1
0.03714411095565849,0.9621139790149258,2.110049940609878e-05,1.0160408770342702e-07,0.000706814620077975,8.818718773480242e-06,5.074587070777153e-06,1
0.06036515752379407,0.9386407450592821,2.1674977500423137e-05,1.0437034084066616e-07,0.0009566237044925728,1.0195931318463976e-05,5.498433271387243e-06,1
0.09248342835335982,0.9072342153294283,1.9187154249104342e-05,1.0795571787799413e-07,0.000249056469764496,9.714182514049122e-06,4.290554966333279e-06,1
0.10097616200423978,0.8982048969665988,2.5689712416039333e-05,1.2526863002141362e-07,0.0007761138298599366,1.203483452799491e-05,4.977383727489014e-06,1
0.11804794437320944,0.8811903866678092,3.213471760253306e-05,1.5669587829566452e-07,0.0007086738017532421,1.4477639776483719e-05,6.226103970803515e-06,1
0.10620728695944243,0.8929665260742983,3.1208824368893607e-05,1.4472849590658984e-07,0.0007757108830203647,1.3371934551936964e-05,5.750595822004916e-06,1
0.09553077030926971,0.9035427624964453,3.1787638375935656e-05,1.7559709739045428e-07,0.000876666463617545,1.2396200013224144e-05,5.441295180893399e-06,1
0.15362918202906414,0.8458837942291183,2.1622721461415397e-05,2.121842089788506e-07,0.00044373298450861223,1.576105957118962e-05,5.694792067178975e-06,1
0.33556501061302446,0.6639649967729805,2.2608063948038845e-05,2.274645824848887e-07,0.00040625411875631743,1.701264786400827e-05,2.3890318844253835e-05,1
0.35517992682559335,0.6444643582267432,1.670218507486072e-05,2.0573697018780834e-07,0.0003005166509761521,1.6304467258491714e-05,2.1985907383850932e-05,1
0.3936814138988958,0.6061814561709329,2.6416666695963125e-05,2.592272918440477e-07,5.45217930497212e-05,1.9570059770335e-05,3.636218336357694e-05,1
0.29262294428570645,0.7068739069981856,2.3824064874471054e-05,2.3378603701994683e-07,0.00043534084912094493,2.1178467963966717e-05,2.257154811155099e-05,1
0.18274011639018328,0.8168596468860161,2.6354283055603444e-05,2.477856882306556e-07,0.00033006673225495476,2.173361858598431e-05,2.1834304215984392e-05,1
0.18921707069803115,0.8104079525073006,2.9707487591772305e-05,2.884660337902061e-07,0.00030663315018080616,2.382821579318657e-05,1.4519475068707415e-05,1
0.28270986955700217,0.7111200755701003,0.00026017580938084595,3.0684802111831895e-07,0.004979678087227763,0.0009174854792952957,1.2408648972521767e-05,1
0.10554859176467875,0.8876254246180797,0.0003009368389899549,2.2560839049319494e-07,0.0057458414822473755,0.0007593906366376781,1.958905097583578e-05,1
0.09078619832731036,0.9074918183454134,4.247128776822809e-05,1.670149924336593e-07,0.001656912827835611,1.632145325406251e-05,6.1107434259824685e-06,1
0.1245477375614376,0.8726254301616744,4.919562363584037e-05,8.84369654734651e-08,0.0027564497352888066,1.581325505740795e-05,5.2852259406424596e-06,1
0.1041829832850972,0.8831850081129206,1.947704523084139e-05,1.7910779346459162e-07,0.012581812056363436,1.5632395165855525e-05,1.4907997428569549e-05,1
0.12198145840238662,0.8621311449785151,0.00038341231753228277,1.9248992676674677e-07,0.014552099617366799,0.0009387316748599933,1.296051941229626e-05,1
0.09268600071330994,0.8695679071188147,0.0003248495884984128,1.9043831815904366e-07,0.035817029355587046,0.0015912004027071305,1.2822382764663833e-05,1
0.09224331452422707,0.877310537854893,0.0004541478151823442,1.8835922084358156e-07,0.026105863534809565,0.0038730211472480305,1.2926764419379229e-05,1
0.04595994138476004,0.9063328445835278,0.0006129487842068982,1.995069805646684e-07,0.033530033175550734,0.013550340749270896,1.3691815703160035e-05,1
0.061627089055418346,0.873086513875096,0.0010287656630968386,1.9875336122083072e-07,0.04376160799037022,0.020486876454595362,8.948208062093817e-06,1
0.08855997256506323,0.8645290054829743,0.0011248325890954667,1.8689898034243577e-07,0.039526917405307754,0.006253883799108682,5.201259470433663e-06,1
0.1595146890864585,0.798038090684783,0.0006038283001958402,1.9603663796410032e-07,0.03415345922458681,0.007686274535465163,3.4621318725084703e-06,1
0.08926442545719855,0.8839994406863674,0.0009140174150647667,2.061420830031865e-07,0.019363101740010807,0.006455420539390497,3.3880198851660333e-06,1
0.07035546458498598,0.8935174553653483,0.0007627481956160956,1.5164214799586077e-07,0.022322351627804084,0.013038947855625422,2.8807284719842437e-06,1
0.007781752581614008,0.842144937578728,0.03423419260842327,1.902775359919379e-06,0.00080280796531035,0.11502214672952583,1.2259761038592756e-05,1
0.003282520353425533,0.9101965898308784,0.028507753179069083,1.708978748381795e-06,0.00039143342576526376,0.05759003648970991,2.9957742403758716e-05,1
0.006507369360718156,0.8239116724515646,0.06102697219674196,1.948594722439219e-06,0.0012840164720633246,0.10724807990992805,1.994101426161761e-05,1
0.004062249885549251,0.8314397033267108,0.08336713277420088,4.900164348370081e-07,0.0005982089716048647,0.08050370423954151,2.851078595793513e-05,1
0.0085446086678898,0.8196095903128804,0.11809430849868927,5.506454498377226e-07,0.0007835939426910752,0.0529315546388491,3.579329355065262e-05,1
0.013829455452513592,0.9160610957116654,0.00329316507049117,6.31447140950734e-50,0.0012353331156960763,0.06553995224761323,4.0998402020671117e-05,1
0.004254954184170209,0.0592179949333309,0.014211491453742713,8.192018707009728e-07,0.011757127995193385,0.9105535113275767,4.100904115387755e-06,5
6.56287175817196e-05,0.00047084772899578327,0.9582836698242863,3.487412576465744e-05,1.1108801077492546e-05,0.04113301900581018,8.517964837814391e-07,2
0.00010237126126129684,0.0006863317142167426,0.8980400102352052,0.00014840659044261525,1.7349588675461414e-05,0.10100285867090375,2.671939294776572e-06,2
0.00023623163640052223,0.002203471925163527,0.9373854167010036,0.0008923604276089155,3.6623386173213624e-05,0.059237769172476744,8.126751173500228e-06,2
0.9646747561834269,0.020225372268118404,9.368944113675484e-06,2.5127247249084217e-07,1.4048360163521182e-05,7.507826231611561e-06,0.015068695145473598,0
0.9784875521503686,0.014182411443983089,1.5121083052720115e-05,3.481782971723903e-07,3.5646058923509176e-05,1.21173168092527e-05,0.007266803768565716,0
0.9864235393082461,0.008331141575137337,1.2645550201212956e-05,2.668990038511217e-07,3.087106004886502e-05,9.288631175471367e-06,0.005192246976187036,0
0.9820239041757816,0.007976014117734602,1.0941157450938076e-05,2.519312642540739e-07,1.7991640898531847e-05,8.767723226616572e-06,0.009962129253643402,0
0.9592402352641692,0.01866483558675484,1.0015385971770434e-05,1.8547835381111557e-07,1.2249299671893534e-05,6.372907990364445e-06,0.022066106077087914,0
0.9670068577001864,0.010349896594536686,1.0420812675620692e-05,2.123458678521397e-07,1.2318003175277268e-05,7.6184448486969445e-06,0.022612676098709775,0
0.9764574974853698,0.0062939545959813355,1.0058960234156235e-05,2.0497236704092686e-07,1.2943392093083737e-05,7.3539018658725146e-06,0.017217986692088735,0
0.8077755882959866,0.07869519292851591,1.6074950428674153e-05,2.04752800318329e-07,1.53327136650096e-05,7.0362853202915386e-06,0.11349057007328339,0
0.8698312415380132,0.08431628319115471,1.5871174222564965e-05,2.1648829968129983e-07,1.4452564766368612e-05,6.947088931535456e-06,0.04581498795461189,0
0.8594127990075576,0.08143451053732995,1.3238665085604489e-05,2.575546251777265e-07,1.5220236062434321e-05,6.827167131897342e-06,0.05911714683220741,0
0.846554073139157,0.08764986735874061,1.3122180181977707e-05,2.2799201220722604e-07,1.3653195143928546e-05,7.019118131048407e-06,0.06576203701663332,0
0.6931222988628233,0.07585030937325529,1.3514992587757021e-05,1.7546260343244095e-07,1.1596635739490392e-05,5.9157472597523325e-06,0.23099618892573104,6
0.7452364812830587,0.07036954411798751,1.18724266941206e-05,2.411796683995611e-07,8.023859863843035e-06,7.4680389753552566e-06,0.18436636909375206,0
0.7592209299869116,0.06356405839408519,1.2083532803302618e-05,2.473865984679134e-07,7.706887503146939e-06,7.600829742729518e-06,0.1771873729823556,0
0.7580187036156518,0.06328571591984498,1.328232346034129e-05,2.02407811427611e-07,8.22757052985009e-06,7.952378711295292e-06,0.17866591578399035,0
0.7693422712072144,0.06769747350017541,1.2983114068030015e-05,1.9784819364408547e-07,8.35177207835492e-06,7.773236379101654e-06,0.16293094932189106,0
0.8607162822785578,0.1157420325672717,2.3796623285293027e-05,3.005075308157964e-07,1.9244437807000137e-05,1.0345172603254506e-05,0.023487998412944345,0
0.7630448093836657,0.2366291836285831,1.8939569789201135e-05,2.3091514764692547e-07,1.7579689648548178e-05,9.450259111218324e-06,0.0002798065540546762,0
0.7705374802985836,0.2292731896289636,1.7635677426194804e-05,2.3246637262572345e-07,1.757692474436871e-05,9.15036589940303e-06,0.00014473463801028822,0
0.7280666099813672,0.2717831208346741,1.769148473467741e-05,2.013274181308034e-07,1.5205531167421764e-05,8.326027848089028e-06,0.00010884481279042224,0
0.7746085912285177,0.2253283061517999,1.7911761723248454e-05,2.2472411686275022e-07,1.775816428328961e-05,9.293613718926426e-06,1.7914355840291123e-05,0
0.8225943868143388,0.17735740515528475,1.1995709321548115e-05,1.8747935501284393e-07,1.4628338685662184e-05,7.753332085968269e-06,1.3643170928316185e-05,0
0.7731669478456751,0.22679348570543226,1.129920970418721e-05,1.8033671494399228e-07,1.349630484642209e-05,1.0277418832915732e-05,4.313178794460964e-06,0
0.5966508775394083,0.40329955832034764,1.802261159564594e-05,2.0478236699673214e-07,1.4931612798483183e-05,1.1209758501723157e-05,5.195374981234035e-06,1
0.4939807121903147,0.5059723636291165,1.657894843413439e-05,1.9559685637981834e-07,1.4261855485392344e-05,1.0925443294081877e-05,4.962336498727701e-06,1
0.4096676786603745,0.5902825416208582,1.7661308437183803e-05,2.179996174938824e-07,1.5046508899110777e-05,1.1589809963876909e-05,5.264091849547002e-06,1
0.4303536296988951,0.5695946833843241,1.7620452206809058e-05,2.7925878672284793e-07,1.5836475209480706e-05,1.2368724769139773e-05,5.5820058087533824e-06,1
0.13841516124121042,0.8563820057529558,1.3388143003221132e-05,1.1701898434444083e-07,0.005169651904446891,7.131322389345925e-06,1.2544617009910467e-05,1
0.023073975664531215,0.1711899615944025,1.417573621863457e-05,1.0808902541408599e-07,0.8056896835608275,2.7179000898273994e-05,4.916354096546393e-06,1
0.2825055901319385,0.6398735689260912,3.9172607498054964e-05,1.289295306385398e-84,0.07742646054839789,0.00014675510941757457,8.45267665677714e-06,1
0.2257243371941982,0.7319594076105086,4.4925369774400696e-05,1.0719928913737707e-84,0.04216664534973139,0.00010366334426658005,1.0211315208871237e-06,1
0.0607287072649489,0.9356029453958108,0.0019586129031155418,9.043450008001756e-08,0.0006186330471129621,0.0010102715315212295,8.073942299027562e-05,1
0.08372388714287664,0.9157433654290045,3.349934067017986e-05,6.519546115515694e-08,0.0004119849822325434,8.597614489386652e-06,7.86002952653946e-05,1
0.029713813553378994,0.9691548489961279,2.047720770897558e-05,8.283169294716793e-08,0.0010994219737656323,7.18937025215474e-06,4.166067073438597e-06,1
0.09015656446845799,0.9097072518218036,2.220515581526672e-05,1.082499951719517e-07,9.982739082967665e-05,9.740662476384002e-06,4.302250622014025e-06,1
0.11356154372192351,0.8856628213632185,3.075199742097591e-05,1.4318869371644145e-07,0.0007252938602225441,1.3756454707475784e-05,5.6894138136801955e-06,1
0.11084656674705579,0.8882537014738353,2.631294101109786e-05,1.9647741699236693e-07,0.0008553587991606027,1.3301361265848405e-05,4.562200254414729e-06,1
0.09534472110271303,0.9037982855028001,3.240682262892167e-05,1.819575294346954e-07,0.0008062628039133306,1.2503422066049764e-05,5.638388348975633e-06,1
0.35071463542639914,0.6488127300884845,2.2141811817150308e-05,2.5691595101463035e-07,0.0004185458978149575,1.8286315718706296e-05,1.3403543814438888e-05,1
0.4563282333000121,0.5433329757076132,1.785870940573824e-05,2.2124720307553656e-07,0.00025649991196599896,1.7717549663568025e-05,4.649357413649557e-05,1
0.3450999946320428,0.6548040514605759,3.414423399192766e-05,2.050065292223424e-07,1.5143213225304042e-05,1.4985076824623568e-05,3.147637681018653e-05,1
0.3874098349718865,0.6125261574544931,2.4351781762665485e-05,1.9212693299843077e-07,1.3449006372407462e-05,1.4721952485815455e-05,1.1292706066577075e-05,1
0.4125299621379176,0.5873935553621952,2.7689709907295596e-05,2.1846200380545207e-07,1.5367480480282907e-05,1.6739908298053012e-05,1.6466939197718937e-05,1
0.43048697821219123,0.5694317468133642,2.581255148001653e-05,2.036518886812186e-07,1.6437617759053427e-05,1.5374460017237463e-05,2.3446693299497312e-05,1
0.2998697831117867,0.6996360675849121,2.374505281340313e-05,2.330106900448955e-07,0.00041577184231697377,2.1108229975071415e-05,3.329116750590417e-05,1
0.2406353149944388,0.759031422402183,2.694115733476337e-05,2.616043776192474e-07,0.00027084206209143674,2.2050342878929e-05,1.3167436695405985e-05,1
0.22132815371337486,0.775479717732059,0.00025745182594810387,2.2185622556150658e-07,0.0024029539988226763,0.0005094700075847968,2.203086598491375e-05,1
0.1885952838287738,0.8048537343260567,0.000332108184809948,2.2189762518140768e-07,0.002373379937813399,0.003839709617478665,5.562207442372244e-06,1
0.07885786991853377,0.91525943482817,2.448448489599593e-05,1.8314608826608515e-07,0.005839089444058925,1.3566001810264183e-05,5.372176442719023e-06,1
0.11506490826595604,0.8837353627498483,5.452377343177627e-05,8.464909934842731e-08,0.0011226719997754486,1.4575179947979268e-05,7.87338194091803e-06,1
0.10502081579328373,0.8910762919437065,2.6968038486102475e-05,8.6158119462231e-08,0.003854003682936039,1.4419874826232157e-05,7.414508642122208e-06,1
0.12554449449258318,0.86260347395759,0.00011275069386055167,1.8813029834941726e-07,0.011562921727465578,0.0001605120145826391,1.5658983619736196e-05,1
0.1330752952406622,0.8198223504119697,0.0006459070754466586,2.07974204121724e-07,0.04074973485973111,0.005700716670729146,5.787767257007407e-06,1
0.2368297345345972,0.7104792572993983,0.0007139923425281478,2.424912778552228e-07,0.04277799555385674,0.009194495227944145,4.282550397653813e-06,1
0.004552583251038519,0.9346521330896481,0.020660204417708158,1.2216988444677942e-06,0.0004102922845285405,0.03969217084435629,3.139441387588745e-05,1
0.003613646090024317,0.9268345589778683,0.003782295395060092,2.5046074383862616e-64,0.0006818592769211723,0.06504697621775155,4.06640423746155e-05,1
0.00338902496204463,0.9706097778096452,0.0046172683129677,7.189508474954261e-07,0.0004726679021988583,0.02088574523276186,2.4796829534486472e-05,1
0.005810928900378567,0.8888577249722907,0.0068666686225557876,1.019643119506695e-06,0.0008682334303974887,0.09755467585993231,4.0748571325935654e-05,1
0.004944010462928295,0.8562780962411257,0.010102677209244399,2.2537474833790427e-06,0.0005854295073557011,0.12803524457626558,5.228825559693583e-05,1
0.004106185672041076,0.15010889924265125,0.00783757045546475,1.313123603294515e-06,0.00021886912100153787,0.8377190044381579,8.157947080126417e-06,5
0.010179949171161847,0.8339249033289947,0.08221418755794421,5.280821611035988e-07,0.0007390863870582228,0.07291126848017654,3.0076992503376886e-05,1
0.013200723624901432,0.9533657999306124,0.00289800876575289,2.8005411788102594e-07,0.0017503449837206555,0.028753079160063366,3.176348083103069e-05,1
0.002327431800526138,0.09013264668885006,0.8768247529415718,1.786715050013681e-07,0.0009046998987859501,0.029804144826491238,6.145172269715591e-06,1
0.005797997827806092,0.29158140859028286,0.32215236876257825,2.4505904745851632e-06,0.0014630454175233961,0.3789881274492385,1.4601362096227893e-05,1
0.004614694962478506,0.248884970116893,0.4425945459214386,1.7052190883220953e-06,0.000894620611804707,0.3029919824811976,1.7480687099233055e-05,1
0.0001546609100125167,0.0014798226747228971,0.9178161063256554,0.00011163142727887572,1.803413158961281e-05,0.08041399222047574,5.752310265010887e-06,2
0.00011178635222442243,0.0008807833811665601,0.9766633709566777,1.1357067673547306e-94,1.4778157107756304e-05,0.022323695022533997,5.5861302895855774e-06,2
4.5225708735134486e-05,0.0003535681020473506,0.9862362628665665,4.3814150763831816e-05,5.514730269049531e-06,0.01331243421380695,3.180227811153122e-06,2
4.0555217857903254e-05,0.0002939387200250301,0.9859075107285447,1.6572558711197824e-05,5.285937806836799e-06,0.01373434893537486,1.7879016795921755e-06,2
3.238573670853536e-05,0.0002266970933647136,0.9890307463272942,1.873707730808453e-05,4.178510268326885e-06,0.010685876355011921,1.3789000440327213e-06,2
4.7975257332585945e-05,0.0002602937802018568,0.9678767346371231,2.5810449596401266e-06,7.500341820772575e-06,0.03180461016530202,3.04773260026066e-07,2
0.982342182310082,0.009491798807422465,1.3259354951553682e-05,3.0102852925376054e-07,2.5005375054838164e-05,9.739493798998842e-06,0.008117713630160873,0
0.9809941422302658,0.009173661992930921,1.5072711430092443e-05,3.144341361369368e-07,2.2355732347309625e-05,1.094295099423873e-05,0.009783509947895334,0
0.9873768552194523,0.006432179809951933,1.2476235051280918e-05,2.551316160058979e-07,1.822019363349425e-05,8.879102012694954e-06,0.00615113430828246,0
0.9703985249705388,0.004840019034628121,1.2304434363409832e-05,2.516183937118874e-07,1.9773316062941215e-05,8.756834691889553e-06,0.024720369791321296,0
0.921568778079551,0.027027126798794692,1.0454457759668248e-05,2.3687336576793898e-07,1.3513085566415213e-05,6.537699293734584e-06,0.05137335300566898,0
0.9329268241327511,0.022820752255632484,8.873580534676981e-06,2.0105441487082006e-07,1.1603182847358376e-05,5.549097096002383e-06,0.04422619669672363,0
0.9728631698337407,0.009673443154164994,1.048392239529618e-05,2.71062803373508e-07,1.1639020095926105e-05,7.664583085102369e-06,0.017433328423714645,0
0.9783206323357703,0.004837794218530143,1.0078153285998544e-05,2.0536346564110812e-07,1.2968088800265693e-05,7.367933516904963e-06,0.016810953906630656,0
0.786679453965445,0.07086516144993148,1.576627206978141e-05,2.0082104583725665e-07,1.5016698724153206e-05,6.901171435181549e-06,0.14241749962134845,0
0.8157723034261672,0.0684599962531321,1.583338432605812e-05,2.0556184673850658e-07,1.5102301515434502e-05,6.93054763672859e-06,0.1157296285253757,0
0.8057920414197792,0.08170353030740668,1.4921636468431927e-05,1.9372479601618783e-07,1.358789932339157e-05,6.531459745609565e-06,0.11246919355248085,0
0.8419408528137584,0.07657796411736047,1.3352373104121763e-05,2.137744281666404e-07,1.2864432924921563e-05,6.432551176582774e-06,0.08144831993724742,0
0.5255117627822419,0.007047228239480976,1.0874402734367422e-05,1.0989015692286664e-07,8.630065811928017e-06,3.7049626642551553e-06,0.4674176896569098,6
0.6025714589701083,0.00993804527771414,8.703477641476424e-06,1.2954303716790952e-07,1.0293340017545301e-05,5.7027115577706746e-06,0.3874656666799236,0
0.6154250771184611,0.009649802118186205,8.269579938281395e-06,1.3239779241479662e-07,9.960860769134504e-06,5.418412160583885e-06,0.37490133951269233,0
0.626328361267553,0.009473694836641816,8.20002911047789e-06,1.0718174877176844e-07,8.813203945627525e-06,5.1580134856863424e-06,0.3641756654675146,0
0.7706295820937414,0.06991490962743076,1.2157833594648923e-05,1.946495880675282e-07,1.0621389462203061e-05,7.647566708976589e-06,0.159424886839474,0
0.7956138650477619,0.054495514945683055,1.250688638417424e-05,2.0023799994748914e-07,7.965870436438267e-06,7.867129221661752e-06,0.14986207988251257,0
0.8109858638298205,0.17470221065115935,2.272079534607296e-05,3.130027864887833e-07,1.4169980497648172e-05,9.648772342352098e-06,0.014265072968047564,0
0.7884235054512225,0.20663119114687778,2.167468228877879e-05,2.2899416161015157e-07,1.710945458683084e-05,9.371642286027182e-06,0.004896918628576315,0
0.8239776684426092,0.17598239198042473,1.2025607692809567e-05,1.9340318207441383e-07,1.333239195359786e-05,9.047487895038654e-06,5.340686242556684e-06,0
0.8244764212034914,0.1754835750462557,1.1739993653754095e-05,1.8737167858711092e-07,1.291660578245165e-05,1.067834255971823e-05,4.481436578322265e-06,0
0.7954363737410057,0.20452453768750686,1.132648277079077e-05,1.8077199629255526e-07,1.295550155540315e-05,1.0302225588050024e-05,4.323589576773536e-06,0
0.7615022098400241,0.2384593122441433,1.1260000087795586e-05,1.7971092485783617e-07,1.2498238320711801e-05,1.02417549537167e-05,4.2982115453889665e-06,0
0.6217315085806403,0.37822557395319617,1.3729158109623228e-05,1.9237440018782982e-07,1.327468506373349e-05,9.789825247482022e-06,5.931423342611571e-06,1
0.4901703899091538,0.5097819785721521,1.7057808369403563e-05,1.9706956271802764e-07,1.4369237195695381e-05,1.1007704174367686e-05,4.999699391717211e-06,1
0.45387956715005073,0.5460737378003597,1.652444628614493e-05,1.9090760860048176e-07,1.4472810245132955e-05,1.0663516228109221e-05,4.843369221657595e-06,1
0.43140131226551154,0.5685511350664755,1.6901319458455396e-05,1.9526163988392592e-07,1.4595535810187937e-05,1.0906719123944902e-05,4.953831980386607e-06,1
0.41918051945834733,0.5807709849712688,1.806897572304314e-05,2.1932415735950034e-07,1.3250966378177833e-05,1.1660228277030701e-05,5.2960758483776205e-06,1
0.4182144375085237,0.5817359269254294,1.7295993829837256e-05,2.673842244711028e-07,1.504793707335082e-05,1.1679601564868338e-05,5.344649354392542e-06,1
0.4076048381563714,0.5923454453547015,1.7223004850435467e-05,2.662558648148559e-07,1.5274819518755124e-05,1.1630313723624509e-05,5.3220949695173255e-06,1
0.44033396589480334,0.5595997620082185,1.0776054694216517e-05,1.1444303556307906e-07,1.700413665791247e-05,1.1240811441022494e-05,2.7136651149505933e-05,1
0.0783128077492454,0.9156287180389258,1.1252274314544648e-05,1.1933862182680573e-07,0.006037229049019117,6.5993332777084e-06,3.2742165954484613e-06,1
0.23794477689246196,0.7271611336380804,5.136344509928949e-05,5.547426296548969e-07,0.03465512856133879,0.00017653570079970921,1.0507019590173162e-05,1
0.23739022536821586,0.6824764213771705,5.029027092184716e-05,5.431519845157078e-07,0.07990655189918575,0.00016655855199477126,9.409380526651583e-06,1
0.026601262265631486,0.973014637315923,1.53974989146917e-05,4.022509526469009e-08,0.0003132686524644877,5.9222246396148925e-06,4.9471817331337696e-05,1
0.1131335735699449,0.8860411455007872,3.072355213491572e-05,1.430562456254251e-07,0.0007743679167276196,1.4362252996344649e-05,5.684151163543053e-06,1
0.17283798566962313,0.8266688695589244,2.3531465487306268e-05,2.2849554333481735e-07,0.00044561092426633793,1.7420210911468092e-05,6.353675244178967e-06,1
0.2235508368002648,0.7759430320708097,1.6590067204269953e-05,2.0147366727074673e-07,0.00046387884975971564,1.613407833477525e-05,9.32665995928783e-06,1
0.4117436208850753,0.5881819397075208,2.5572330530850864e-05,2.1351022201393604e-07,1.5019152584821925e-05,1.4102819583784725e-05,1.9531594482430012e-05,1
0.43541407710584096,0.5644749991747294,2.574541958726732e-05,1.1328529746728848e-07,3.298101795367921e-05,1.822360179489595e-05,3.3860394796304356e-05,1
0.24470906903742126,0.7548030089277553,2.3825711107371965e-05,2.3380219153715219e-07,0.000427091362269095,1.7310685744950707e-05,1.9460473510432998e-05,1
0.588402345214701,0.40957487646828383,0.000309828807432687,2.9157957296986025e-07,0.0009222559381176853,0.0007786107847811564,1.179120711078553e-05,1
0.5508967221385757,0.4453956444658091,0.00045842966782442564,3.850633318663894e-07,0.0012030064918759891,0.0020277061350675823,1.810603751556421e-05,1
0.11029322442009441,0.8837659402350445,0.00021798902938527633,2.1150925335474223e-07,0.004992378335561476,0.000717815904789041,1.2440565872060377e-05,1
0.10727426009340106,0.8901307415331131,2.719893369683264e-05,1.0534008892529767e-07,0.002543535754937266,1.756424454465278e-05,6.594100218248247e-06,1
0.09823133900125332,0.9002983513455698,4.011255634302601e-05,9.620193957892083e-08,0.001403298494447435,1.742991136163007e-05,9.372489085243645e-06,1
0.12047097924951349,0.8783143587721256,3.0943993392408316e-05,1.5870148794445453e-07,0.0011611111684109163,1.6904571661820867e-05,5.5435434079035054e-06,1
0.11419106796988304,0.8813374851369236,3.0345769728183676e-05,1.4797257903212153e-07,0.004420830478467841,1.4509506211615737e-05,5.613166206791885e-06,1
0.10687444041405154,0.8886722464619263,2.8121374542174633e-05,1.414201880086422e-07,0.0044069047592762605,1.3867009075470865e-05,4.278560940261878e-06,1
0.05766673995572846,0.894459283554572,0.000698174347918121,1.9951654944135594e-07,0.04338033082057314,0.0037803676740995923,1.490413055909558e-05,1
0.002991050000258539,0.0854646493195007,0.021529477174771553,9.749081605307533e-07,0.00034070787363141096,0.8896694588194695,3.6819042079324642e-06,5
0.006197255682102862,0.8833446077515358,0.03043797414479361,2.1559143312725167e-06,0.0009140319213141636,0.07908577485184859,1.8199734073768815e-05,1
0.006462059941709411,0.9032614405117668,0.015221327670874267,1.518868398098016e-06,0.0007050904063565245,0.07433877638860634,9.786212288633408e-06,1
0.0045360181714953745,0.8934700163221405,0.02090850837901326,1.761659617135035e-06,0.0006338854918654923,0.08043474423834773,1.5065737520519945e-05,1
0.004177974135268772,0.9376284923284434,0.0035862700184227025,7.618286208488867e-07,0.000573750122577455,0.0539941950234135,3.85565432531842e-05,1
0.006017649249817113,0.8663721584697051,0.0076122931840294636,1.786344131152303e-06,0.001181541775937161,0.11877312675106069,4.144422531921636e-05,1
0.0047068853664388125,0.17252859078975047,0.007475543188711852,1.048847490120421e-06,0.0009731255667211517,0.8143066695603027,8.136680584693216e-06,1
0.003189851085641259,0.7853894036267466,0.0021745660237496695,4.65669451734642e-07,0.0013087174835430726,0.20790926148267444,2.7734628193217218e-05,1
0.013870781076411237,0.8993723920520003,0.003944312006415299,1.0596600686800453e-76,0.004305545712945318,0.07849850111431055,8.468037917353637e-06,1
0.0037203046140626135,0.19352286244554448,0.09977190160215,1.1214898981228411e-06,0.0004496305049302989,0.702525933028068,8.246315346555726e-06,1
0.004415857585454085,0.33574792130666375,0.3139883961920439,1.78723426065602e-06,0.0009376652337147349,0.3448998758323109,8.496615552017352e-06,1
0.0001254335828481074,0.001203808001999435,0.9702997206581412,0.00013564048658297782,1.5904604928467374e-05,0.028215661720202755,3.830945297008429e-06,2
0.00011279312068212211,0.0006816611643173666,0.9747205802249057,9.638736933557909e-05,1.4734082556326651e-05,0.024370529813154636,3.314225048210711e-06,2
0.9813210503930089,0.011730198434874614,1.1877793290454322e-05,2.9419182357018924e-07,2.9317173392463555e-05,8.119687373639039e-06,0.006899142326236148,0
0.936493032962362,0.02494678519398038,1.1432306461825709e-05,2.4080890318672517e-07,1.4516036400139592e-05,8.191093475595918e-06,0.03852580159841678,0
0.9689948551195436,0.00957692382413155,1.0442236048724798e-05,2.720950750574857e-07,1.2343326841111786e-05,7.634107042380602e-06,0.02139752929131796,0
0.9739285160534401,0.00468743152403116,1.2995633868897141e-05,2.0612198484270243e-07,1.3015987019806708e-05,7.395147310902817e-06,0.02135043953234446,0
0.8266595353880789,0.05428616711642165,1.6703450678845218e-05,2.1275824872044327e-07,1.5909321200839116e-05,7.311390808404885e-06,0.11901416057456272,0
0.8282327139450735,0.06609158619031809,1.6075229345529484e-05,2.0870167507863128e-07,1.5332979703296816e-05,7.036407407049034e-06,0.10563704654647753,0
0.8519322238984669,0.08092641860066661,1.3771325017086384e-05,2.018124057708336e-07,1.4155166030456904e-05,6.804134687779869e-06,0.06710642506272527,0
0.5520502529549066,0.006744765131062247,1.0913767893193062e-05,1.1968629808477336e-07,8.870355065972827e-06,4.035240991950264e-06,0.4411810428637819,6
0.5533555197265522,0.00979809342338296,8.428974992514778e-06,1.2322010909870267e-07,9.74989426584464e-06,5.424365181404019e-06,0.4368226603955161,6
0.6316753345355892,0.009904604488572373,8.487937635627427e-06,1.3589374714298818e-07,1.018070103461816e-05,5.339114800737508e-06,0.3583959173286203,0
0.7188890611664633,0.08896579523877067,1.1130405860105865e-05,1.7820024421518417e-07,9.18969986276941e-06,7.00129020935177e-06,0.1921176439985895,0
0.7567288107329159,0.06167215433583589,1.1590794437975322e-05,1.855711665374577e-07,7.382005526175421e-06,7.290885582894075e-06,0.1815725856745348,0
0.7662352680883904,0.055483864501041306,1.1820820055295554e-05,1.8925392722897342e-07,7.44189506976115e-06,7.435577171205028e-06,0.1782539798643449,0
0.7779961528301927,0.06742637376096379,1.2897905705508532e-05,1.8485854662495215e-07,8.86137290411793e-06,8.113089681732445e-06,0.1545474161820056,0
0.7777726067025572,0.06968284712796331,1.2551658234874544e-05,2.0095480711777898e-07,8.445089032765521e-06,7.895291781401478e-06,0.15251545317562304,0
0.8769572962112642,0.12290688124513524,1.291046710205276e-05,1.7300033561779552e-07,1.0918909686123663e-05,7.154542711846009e-06,0.00010466562376495949,0
0.8656252041633747,0.134317316722479,1.3578961526071764e-05,1.819581648581895e-07,1.2993113981456229e-05,7.5249996342384145e-06,2.320008083953815e-05,0
0.8207489593643114,0.17920607198840358,1.212074537483873e-05,2.422377337845252e-07,1.4168020995345672e-05,7.834148152604656e-06,1.0603495028537557e-05,0
0.7901645412680268,0.20979536280446523,1.1618378846196133e-05,1.8543069196435437e-07,1.3289379259140324e-05,1.0567725415132052e-05,4.4350132953861966e-06,0
0.6192386134793115,0.3807179957689151,1.4010099307047089e-05,1.9364210439620087e-07,1.3362162264980978e-05,9.854338003094686e-06,5.970510093893017e-06,1
0.4843106329871124,0.5156423049066412,1.685389027739887e-05,1.9471368860152975e-07,1.4197459710038733e-05,1.0876112238054497e-05,4.939930332382209e-06,1
0.4191806087582928,0.580771108695571,1.7768620241550214e-05,2.6694076350848065e-07,1.3250969201091877e-05,1.1660230761062523e-05,5.335785168959519e-06,1
0.10633013455149168,0.889542121627453,1.4629188212161258e-05,4.43948827338527e-08,0.004099417993243995,8.389108647913747e-06,5.263136068450462e-06,1
0.1334053677263387,0.8615056511649667,1.2576272783777754e-05,1.2242770164248337e-07,0.005048989220897552,6.949797637702673e-06,2.034338967369488e-05,1
0.12694272546366286,0.8662892174540214,1.2159730571454339e-05,1.1837273984508886e-07,0.006735757071245358,6.719611466252667e-06,1.3302296293046273e-05,1
0.012484199800254963,0.13362333786614727,4.106357369383255e-06,2.475060382059639e-08,0.8538784956681856,8.877668804846211e-06,9.578886340211134e-07,4
0.0659155016197022,0.6750109496619109,2.2719470222928158e-05,1.340359979034769e-07,0.2589944714785989,5.194254242062344e-05,4.281191146645802e-06,4
0.30506400959742924,0.6275296379824439,3.8396824243098155e-05,3.9097662591807054e-07,0.06722223686278644,0.00014006986214041905,5.257894330920626e-06,1
0.06697038540327101,0.9321276598905242,0.00011203738671596707,9.751074140539983e-08,0.0006298580891197751,6.263688388490816e-05,9.732483574293713e-05,1
0.03283716139639285,0.9663162603925302,1.9105390035239435e-05,4.432662048821635e-08,0.0007617389481723725,6.170439062078504e-06,5.9519107186780336e-05,1
0.08354332359970489,0.9163072901861297,2.154702568974408e-05,1.0032813217799591e-07,0.00011409572019310964,9.837310145608706e-06,3.8058300045566354e-06,1
0.09344686989772959,0.9064054121345372,2.1859791256750654e-05,1.0659310072998512e-07,0.00011004363881535141,1.1664460322919324e-05,4.043484237473707e-06,1
0.12474704375320216,0.8743499242017703,2.8457364481545943e-05,1.506672488768276e-07,0.000853311082844873,1.512636611685015e-05,5.9865643353556695e-06,1
0.21861177661747377,0.7809610544800113,2.2831345009289162e-05,2.196096913043377e-07,0.00037950070021587753,1.8510657340162632e-05,6.106590258426018e-06,1
0.24589965111583828,0.753701559701645,2.1175751413485314e-05,1.9909659946815024e-07,0.0003507346816374592,1.7463032613002724e-05,9.216620253378292e-06,1
0.37169438797668886,0.6282393553614791,2.85345239822066e-05,2.2512728763348814e-07,1.3280857083175612e-05,1.5093193827846703e-05,9.122959651000094e-06,1
0.3335284549781695,0.6660780295636988,2.6835060856595675e-05,1.2358223700674512e-07,0.00030767656721239543,2.1256810513253377e-05,3.762343731254147e-05,1
0.29561060134372547,0.7040674158012216,2.8252996405063645e-05,2.7196279779952397e-07,0.00025652526569809586,2.3124034737918712e-05,1.3808595413945899e-05,1
0.26927274188713207,0.7304024198255888,3.633822683863137e-05,1.1395980292976568e-07,0.0002530320157733162,2.1733528919854123e-05,1.3620555944384058e-05,1
0.27428140153955266,0.7254594077757127,3.011057366911755e-05,9.735161188565923e-08,0.0001890441512328493,1.8566143656946915e-05,2.1372464563762992e-05,1
0.2550590911850017,0.7428145618733605,0.00022490140290234756,2.41772583023281e-07,0.0012445890051513593,0.000646837702302878,9.777058698250355e-06,1
0.31148105972198364,0.6863055431392069,0.00023860809075816394,2.9164889911405433e-07,0.0013721821597585144,0.0005947372802207208,7.577959173001747e-06,1
0.2072652612015702,0.79002501833903,0.0002099513006340872,2.2601747622807147e-07,0.0016745177821853483,0.0008187083721792044,6.316986924991557e-06,1
0.12536976675939013,0.8698740257943341,0.00011020464076403667,2.0566960854889354e-07,0.004395735864252712,0.0002246529875958029,2.5408284054562662e-05,1
0.07772034202560543,0.912437811770984,2.834532925922948e-05,1.8251332372383297e-08,0.009794326283410967,1.4731091996293868e-05,4.425247411721935e-06,1
0.0803425196096578,0.9136677737226911,2.218600619784439e-05,8.314798187241345e-08,0.005947780496325874,1.511610969997681e-05,4.540907445419282e-06,1
0.12967439804086775,0.8618071312804683,1.9831554879019018e-05,8.556377043679603e-08,0.008476960551825969,1.4320401455604328e-05,7.272606732543402e-06,1
0.12014559099123544,0.8703138674203889,2.066664001692738e-05,8.91667674519601e-08,0.009495619762135659,1.6587171188755082e-05,7.5788482669691545e-06,1
0.03559140925769955,0.9450709240882404,2.549863139871143e-05,2.0611611276541362e-07,0.019284192855065913,1.768521255959421e-05,1.0083838923083969e-05,1
0.04258121948690258,0.9365763120080197,0.0002327292452958812,2.091114637952051e-07,0.019904729778085353,0.0006851173268446006,1.968304338784352e-05,1
0.0427258872439919,0.932520702051286,0.0007132697283057845,2.1104127182369493e-07,0.022888523725437003,0.001131541519199753,1.9864690507832e-05,1
0.038315897788184186,0.9172332816137376,0.0005321604213996081,1.9394895591603467e-07,0.04132851998592742,0.0025768874846416254,1.3058757153512536e-05,1
0.048350527363495564,0.9025913126694536,0.0006400366660125879,2.0251167959497715e-07,0.04449137835634484,0.003911122799301399,1.541963371256671e-05,1
0.1437452368465253,0.7813894930189546,0.0009088492556308584,2.8227323101428973e-07,0.046140498035144896,0.027800967990325654,1.4672580187718845e-05,1
0.3075603926775107,0.5730292686778886,0.0008137342358084653,2.4036388564228626e-07,0.046455336598169944,0.07213307090812676,7.956538609910756e-06,1
0.07731283497825167,0.8945752879092065,0.0006950073290593464,1.524858778548991e-07,0.022855014498299717,0.004556768942561052,4.9338567440449725e-06,1
0.013736359616371666,0.9717038697678535,0.0008150434673243378,1.119802890467877e-07,0.006116315246422697,0.007619957367731321,8.342554007447926e-06,1
0.007178404102226536,0.6954613415601256,0.00969171440481274,2.522115334199632e-06,0.0009436972186504393,0.28670282112952145,1.949946932913629e-05,1
0.005334345370298953,0.8166960841628844,0.016505383572779753,1.5531483269679712e-06,0.0004547773436879642,0.16096671731132592,4.113909069599795e-05,1
0.004327310267354429,0.8100076822137097,0.008065297199292866,1.1527949823035959e-06,0.0007808290903897449,0.17678872999256445,2.89984417065046e-05,1
0.00768542373797979,0.9359891322879407,0.005106064161831265,5.336725092322847e-07,0.0011066553660634686,0.05007223175100514,3.995902267054784e-05,1
0.007789614845559706,0.9464848738566228,0.003694840856043896,5.058458137560883e-07,0.001013591552272466,0.04097799174636824,3.8581297319111275e-05,1
0.009897751128392493,0.9479382162920058,0.003373787164678282,1.454658862061077e-64,0.001235280202204974,0.03751650841780132,3.8456794917029945e-05,1
0.011841652264283799,0.9454030955059849,0.0034105852544085696,5.045798365545586e-07,0.0013877426832591307,0.03792570312266558,3.07165895615243e-05,1
0.003171553145298838,0.9457711056165651,0.005265740316790169,8.101367953833279e-07,0.0009199574271789304,0.044842891497250674,2.7941860121200198e-05,1
0.007280160866528953,0.7871530284977782,0.009546545046695644,1.6495481400694107e-06,0.0019138526997048316,0.19409101425718814,1.3749083964060087e-05,1
0.02003754702869814,0.9188970277564801,0.0023794055324209396,2.938515107849092e-07,0.00411404383199825,0.05451944912345809,5.22328754340139e-05,1
0.017676387663450414,0.9182947842147731,0.0023187967710300607,2.59225004571935e-07,0.002361304844743388,0.05930238935770656,4.607792329200752e-05,1
0.018824869053997002,0.9097520291921403,0.002211731969577259,2.4684169749292105e-07,0.004404769634560464,0.06477436677608198,3.1986531945362116e-05,1
0.018354970224406887,0.9205276226936068,0.003065898743083728,2.3951159569135546e-07,0.006094906357517955,0.05194337926088928,1.2983208899682711e-05,1
0.021710189515267226,0.9188468683461704,0.005406349083636124,1.863794000694939e-76,0.005383258148217363,0.048642464361708715,1.0870545000231826e-05,1
0.005783350981331939,0.25638191186014453,0.6563908006021444,3.7895930022674363e-07,0.002941883912548855,0.07848591348090818,1.576020362183296e-05,2
0.004034154122290417,0.06478798284987455,0.00786395059964497,1.0147557399838881e-06,0.0007436092802569598,0.9225656597419125,3.628650280686276e-06,5
0.0031574680760902744,0.16424522278517162,0.08557665240880438,1.1729850731973494e-06,0.00038160691465622976,0.7466308780814046,6.9987487996822386e-06,1
0.005109777502326432,0.25076514394989,0.3922405492249814,6.51059148187044e-310,0.0010064522247171567,0.35086414625773515,1.3930840349862476e-05,1
0.004752254369523656,0.32392391471092785,0.28818968127032996,1.9179536982199428e-06,0.0011906700815033674,0.3819273706513348,1.419096268208604e-05,1
0.00019168138843427056,0.0014500068068355443,0.8957130563056338,0.00012035195165494777,2.6336449168789663e-05,0.1024937097175546,4.8573807180136084e-06,2
0.0003634935297311519,0.002109341896350947,0.667584411223926,9.198439376623314e-05,4.3494156700713834e-05,0.32979785142496537,9.42337455962175e-06,2
0.0001607516195172049,0.0009839676257811908,0.9778636948203642,0.00016378092785407792,2.8879845834861765e-05,0.020796109966128816,2.8151945198346844e-06,2
0.00019704575721648073,0.001291836207539646,0.8723492338345393,0.00024359517611947592,3.478347913310537e-05,0.12587862531243285,4.8802330189598345e-06,2
8.749320943620801e-05,0.0006236591379058401,0.974770033510298,6.215956667419924e-05,1.1566603339147368e-05,0.024440715806535212,4.372165811291921e-06,2
2.8634711239810205e-05,0.0002309846185627442,0.9930996199981691,3.829343494750161e-05,3.853203028823006e-06,0.006596600469033381,2.0135650185717905e-06,2
5.646863987171047e-05,0.0004296299890505997,0.9822118372616254,8.991532974477739e-05,9.270621047760893e-06,0.017199415724123448,3.4624345362469885e-06,2
0.9838241905708633,0.00997896803382597,9.544430625025774e-06,2.3639857857873974e-07,2.4239984903925776e-05,6.524595178540211e-06,0.006156295986024687,0
0.9857678091300487,0.008710413136371583,1.27843155707626e-05,2.666955604662615e-07,1.8057343961105383e-05,9.28155092961136e-06,0.00548138782755748,0
0.9414414411262972,0.023168830367750595,1.195532665368234e-05,2.2364647731538486e-07,1.3481479972340507e-05,7.607315082356328e-06,0.03535646073776639,0
0.910506664143603,0.03297554102775727,1.3461299466486968e-05,2.835473988400326e-07,1.709232635612e-05,9.644839613175971e-06,0.05647731281580515,0
0.905564622344339,0.028643416845330744,1.0534739528290454e-05,2.386923613754116e-07,1.3616855119437868e-05,6.587903529486148e-06,0.06576098261979156,0
0.9767007947005519,0.0068861027910878244,9.965281141082218e-06,2.133479106158001e-07,1.2822850287136021e-05,7.285414980417794e-06,0.016382815614040994,0
0.9340079288421339,0.003921298645521206,1.8697472371394476e-05,1.9617270805000546e-07,1.6449509542281566e-05,6.879005832691142e-06,0.062028550351890366,0
0.7807592902097437,0.037083350930928356,1.575417441323569e-05,2.0066695335242968e-07,1.625432471504339e-05,6.9326171136626636e-06,0.1821182170761329,6
0.8550104780912064,0.06445962540058378,1.389102951373202e-05,2.0356661986567702e-07,1.4278206988571607e-05,6.863278271777725e-06,0.08049466042681558,0
0.850013329071263,0.07731218884956048,1.348039482263577e-05,2.1582408401843758e-07,1.2987776303504074e-05,6.494226075092104e-06,0.07264130385789126,0
0.6122472217819421,0.009052744600082074,7.951745790554537e-06,1.2730919785169485e-07,8.989211726857338e-06,5.001837367872417e-06,0.37867796351389255,0
0.7618931806545656,0.06656516832728004,1.1745420135892224e-05,1.8804675794688657e-07,9.810341131326875e-06,7.388148827248894e-06,0.17151251906130183,0
0.7305348823028486,0.26940144967281415,1.8689519158155874e-05,2.9755959487128825e-07,1.6368711663385408e-05,9.623298212178087e-06,1.8688935708678703e-05,0
0.8197478777872125,0.18020257842305765,1.1963875676284585e-05,1.9241037000729974e-07,1.3263951716611823e-05,7.95725745561916e-06,1.6166294511495927e-05,0
0.8208393889105576,0.1791192502440201,1.195922702247799e-05,2.2106136312443064e-07,1.3706697033719025e-05,1.0899576855790462e-05,4.5742831470901086e-06,0
0.7687591532635906,0.23119997382248952,1.1367305335936166e-05,1.779938765591595e-07,1.3577641455694245e-05,1.1410800724740215e-05,4.339172526991319e-06,1
0.5773517636225477,0.4226031881924179,1.4859443337370922e-05,1.9011458767109226e-07,1.3862118365363625e-05,1.0406846286143509e-05,5.729662457815737e-06,1
0.48431135335622555,0.5156430718788375,1.536650403593836e-05,1.9471397822087242e-07,1.4197480827500882e-05,1.0876128415306851e-05,4.9399376800904566e-06,1
0.4240967917094978,0.5758515397537086,1.8131135104719983e-05,2.723868810484021e-07,1.592224666469656e-05,1.18981224432197e-05,5.444645699722929e-06,1
0.17114201109269175,0.8288205878220516,1.350619188544863e-05,1.5561007315063213e-07,1.0317863633404642e-05,9.24786014271338e-06,4.173559521993888e-06,1
0.20156981399573912,0.7983816705232022,1.5784220614100207e-05,1.774424909964591e-07,1.3126619533806744e-05,1.0140183789183121e-05,9.287014630890945e-06,1
0.12247752685577351,0.873101333738014,1.3231581409521048e-05,1.1930357085675656e-07,0.004381898821361184,6.065436253759823e-06,1.982426361714909e-05,1
0.053838041389100325,0.8954020424034795,1.7991934791794553e-05,1.0697201082895373e-07,0.050709568790504575,2.953460599645144e-05,2.7139041163730232e-06,4
0.05908532063986527,0.9375446435451457,0.001961563895859145,9.062218279553864e-08,0.0005681475353929614,0.0007174262899216118,0.00012280747163271786,1
0.05997346912756384,0.9391969518444724,2.433334196975036e-05,9.825026661133749e-08,0.0006994673650711665,7.617119623217998e-06,9.806295103319436e-05,1
0.02646052461518799,0.9720990966267261,1.5031461773155767e-05,7.238018072069875e-08,0.0014155414290176924,6.282232073306539e-06,3.4512550409816517e-06,1
0.13927933017674912,0.8600390814530677,2.0556770329782246e-05,1.8903677282093726e-07,0.0006409768201380914,1.4792202741350345e-05,5.073540200972684e-06,1
0.22938325689986455,0.7704503635729284,2.9093228537600422e-05,1.944147068388815e-07,0.00011080255503107603,1.7400368119273887e-05,8.888960812158483e-06,1
0.238213053355099,0.7617095950993359,2.2998382028225805e-05,1.9850873144925685e-07,2.7553778345743094e-05,1.7411469912215764e-05,9.189406547550468e-06,1
0.2688808781697068,0.7310512602808852,1.5901647142341324e-05,1.9311333257217378e-07,2.588891512371987e-05,1.693823216329212e-05,8.939641645998079e-06,1
0.40272734204574706,0.5971870559549078,2.847064401865212e-05,1.0274372782743386e-07,1.5047230988668782e-05,1.677574126134345e-05,2.5205639348542763e-05,1
0.42045936453785876,0.5794389311791732,3.306903178793622e-05,1.0774788621679216e-07,1.8989384368701435e-05,1.733282797111039e-05,3.220529095420655e-05,1
0.5366271064435871,0.46329876589032615,2.1552584813638193e-05,9.925509984048933e-08,2.5671212027378187e-05,1.596663870815197e-05,1.0837975437745479e-05,1
0.44056077016375444,0.5593480901266973,2.602078408224381e-05,1.198322866766602e-07,3.0993269302492944e-05,2.0920960915299197e-05,1.3084862961577728e-05,1
0.29374957750637165,0.7061211337091139,4.8351929281442465e-05,9.638814884374091e-08,5.093768815227882e-05,1.8382399465166875e-05,1.1520379466704735e-05,1
0.30574819705033085,0.6941727474235254,3.46493809730334e-05,9.47571498822904e-08,1.491459869391512e-05,1.807134800504121e-05,1.1325441321599656e-05,1
0.2768411374704926,0.7226325219390582,2.3213722378797753e-05,1.3331382814027494e-07,0.0004671669013186874,1.6866042371577388e-05,1.8960610551991558e-05,1
0.19727808554774523,0.801008486005206,0.00022155060711220121,2.2194306590981766e-07,0.001022529806720165,0.00046145777481017833,7.66831534043663e-06,1
0.18125859060062113,0.8145141659133082,0.00036091578315794237,2.2864102818806393e-07,0.0022155777452944852,0.0016447900753132946,5.731241276600414e-06,1
0.12392303920363097,0.8684367188811065,0.00017648772156503127,2.140481442391476e-07,0.0069149700452003325,0.0005373793429494275,1.1190757403302544e-05,1
0.10176237704094958,0.8961173207331988,2.358401612414335e-05,2.0769215814242573e-07,0.0020591383919252187,2.003349035114033e-05,1.733863529286604e-05,1
0.0885845744571508,0.9061830251785581,2.205744089402828e-05,8.81258039817614e-08,0.0051805183137252206,1.710689448485339e-05,1.2629589383049961e-05,1
0.07976718768697737,0.9174691246825445,2.7770157526521158e-05,1.3301787509651327e-07,0.0027165819387623127,1.4556117756933313e-05,4.646398557288225e-06,1
0.08833576321705683,0.9076193477768156,3.0321541944943193e-05,1.6841407124608531e-07,0.003994475281083967,1.5608468474276377e-05,4.315300553031085e-06,1
0.09075310205234731,0.8996696539026192,2.7399666676067873e-05,1.7571125856223095e-08,0.009531384402928625,1.4182080857731954e-05,4.2603234454240636e-06,1
0.08031422106935639,0.9133459582700216,2.7764248057227225e-05,1.8721759913243683e-08,0.0062923875973268486,1.5110785447742456e-05,4.5393080301535734e-06,1
0.06969221071833481,0.8827052097003931,0.0005368710982258841,2.543349077434145e-07,0.03551303572631517,0.01153939053398689,1.3027887836478404e-05,1
0.16316463712014648,0.8044458005260844,0.00040059081539257034,1.800976648430367e-07,0.02486188566116766,0.007112448597935172,1.4457181608906218e-05,1
0.017377000006207757,0.9674299298174394,0.0007205462410136158,1.0991170112500081e-07,0.006985030054306439,0.00747919552553932,8.188443792127342e-06,1
0.0050781434139333245,0.7523256663983444,0.00686000024413056,1.7812794512034093e-06,0.0005603134647212027,0.23513277592055493,4.13192788643244e-05,1
0.0052215882361998246,0.804998051338035,0.005905552849532806,1.752739314249423e-06,0.0004506105502285529,0.18337568844146435,4.675584522523736e-05,1
0.010713332340940586,0.951003249665299,0.0033846958611274836,4.58249015642253e-07,0.0019199997025584879,0.032939683041160524,3.858113989840612e-05,1
0.01182747699177095,0.9167010138908108,0.003634260380051819,5.342889131568779e-07,0.002495172473860128,0.06532312761949127,1.841435510189637e-05,1
0.011579360152831928,0.8648776537482866,0.003910375128421009,8.972229251005114e-07,0.0013330415991058453,0.11828064408971016,1.8028058719146103e-05,1
0.005512241351296016,0.8972960844235004,0.004695735768243146,1.1314441811331942e-06,0.0021757737634954155,0.09030960259329465,9.43065598945958e-06,1
0.020825743446350242,0.8304969391840201,0.0017166025543226848,2.527430167807585e-07,0.004228226403809551,0.14270263807510472,2.959759337604249e-05,1
0.014879614002748264,0.9198083399079535,0.0024371476796076546,2.7924837310325553e-07,0.002999383271755224,0.05985904297965202,1.6192909909989572e-05,1
0.020490141579885286,0.9426032479403015,0.0028692441827974048,4.07109065806173e-07,0.0030535560032615428,0.03094977578908545,3.362739560306331e-05,1
0.003583482668418971,0.05926247490063146,0.01295064325691707,7.677734036148107e-07,0.0006195656795739316,0.9235797465438444,3.3191772103884222e-06,5
0.0032878422937562893,0.22622464038635443,0.0666914632781188,1.4198615560998705e-06,0.00032176834876474224,0.7034601933904303,1.2672441019254776e-05,1
0.0017056008310897689,0.08524086540655244,0.10245487849283501,2.6328017843396e-310,0.00029500141286394055,0.8103007295257394,2.9243309196164944e-06,1
0.005524836444238297,0.26061543591784986,0.36004790530188596,8.7378609384817e-310,0.0009854143362496841,0.37281670259883587,9.705400940435979e-06,1
0.006037186126104433,0.3665397018671013,0.21763650245056845,8.64534031792317e-310,0.00117407709246857,0.408601927025479,1.0605438278084495e-05,1
0.004696333064547131,0.31828764975617874,0.2870672512339863,2.1302295358715364e-06,0.0010003633973433123,0.38893723603592395,9.036282484545124e-06,1
0.004681473704834932,0.3190993518384418,0.3244396485505749,1.889387458484796e-06,0.0008759906273015787,0.35088766629066065,1.397960072771497e-05,1
0.0035371176581390335,0.41778880005288244,0.2788158496912407,1.7406863953399181e-06,0.0005929813870905545,0.2992506311644944,1.2879359757438175e-05,1
0.0036428862250305525,0.3930646926804001,0.42276901190842286,1.921367760586111e-06,0.0007493599958918095,0.17975886333802327,1.3264484470745334e-05,1
0.00017073831828338977,0.0009039025775588597,0.94973966043898,0.00014940080487597175,2.0758654966296402e-05,0.04901093533923554,4.6038660997730735e-06,2
0.0004776349238203659,0.0028287880313002988,0.7736226103160299,0.0003496639782206728,4.942359655926514e-05,0.2226516922845284,2.0186869541179165e-05,2
9.494341142361371e-05,0.0006981304126904779,0.988174813618183,0.0003510411968835359,1.055697077393276e-05,0.010666889589851397,3.624800193947662e-06,2
0.00016766152817128998,0.0010262634759452226,0.9802024227162348,0.0004257262841511095,2.2615915972271718e-05,0.01815166552557222,3.6445539530535528e-06,2
0.00024367319390549878,0.0014778642304682668,0.9738452003273367,0.00045740609804577326,3.8634923640366206e-05,0.023933699344998106,3.5218816053751646e-06,2
0.0003281971937966538,0.0028104675093625093,0.9152405598387243,0.013898902928725946,9.97709077901523e-05,0.06761961512787631,2.4864937240627244e-06,2
0.00026857854395682793,0.0019251124161786992,0.904924025942763,0.001462364474651739,4.143238454914204e-05,0.09137624769402412,2.2385438765693287e-06,2
0.9808980302050008,0.01220558804716838,1.2635102812028307e-05,2.8685606731036737e-07,3.186610583644528e-05,7.917220674340177e-06,0.006843676462441031,0
0.9769877213795427,0.006818373889672739,1.1987550000899302e-05,2.4513829621757084e-07,1.587983190151033e-05,8.531314046487e-06,0.01615726089653965,0
0.9728079132818359,0.007514576184179475,1.3211560292969221e-05,2.7016858159934456e-07,1.826792622376413e-05,9.402419167800144e-06,0.01963635845971838,0
0.9400023708582879,0.0315371922976652,9.926189367838059e-06,2.0641592935306598e-07,1.303454873671602e-05,7.33029535636227e-06,0.028429939394656583,0
0.9700690137101331,0.00842453118276188,9.897617059723639e-06,2.559038235660608e-07,1.1699555703038526e-05,7.235947142532744e-06,0.0214773660833764,0
0.7883306464357732,0.03789002304583551,1.6654194805877172e-05,2.1213085780144293e-07,1.7182918199438543e-05,7.328670668295756e-06,0.1737379526038599,6
0.6926065729105553,0.0436535415546109,1.3588209340791037e-05,1.7641316274786785e-07,1.2960794122942863e-05,5.947795505677476e-06,0.26370721232270145,0
0.8159204006314488,0.05949920917763214,1.496284452646237e-05,1.9425979247271319e-07,1.3625424091202039e-05,6.549497229151667e-06,0.12454505816527961,0
0.8198669351435274,0.05540764755798749,1.2539714510109116e-05,1.866417965063534e-07,1.281847081390742e-05,6.29265538433002e-06,0.12469357981598034,0
0.8608775101713882,0.06007890738516625,1.2117285205424e-05,1.9400039944375011e-07,1.0813299096140112e-05,7.622060807030732e-06,0.0790128357979375,0
0.8337225800886953,0.07415630017674968,1.4398483778083847e-05,2.1941685113298896e-07,1.5031479558715931e-05,8.62064504103128e-06,0.09208284970932636,0
0.7663682774983529,0.1499980348257596,1.4242397314717004e-05,3.035087531205176e-07,1.2559001223412753e-05,8.697992706358588e-06,0.08359788477588986,0
0.8745952271193557,0.12531112185396415,1.6081878040455777e-05,1.8673731545170977e-07,1.1968551605151209e-05,7.336702282034735e-06,5.807715743720367e-05,0
0.7981143760783086,0.20178924088982572,1.2243985683277672e-05,1.909199161521521e-07,1.141699689077008e-05,7.89561875573682e-06,6.463551061963243e-05,0
0.7594972737395937,0.24039461407111842,1.4214946256472094e-05,2.216530154147072e-07,1.4152231354158788e-05,9.166606297790673e-06,7.035675236400515e-05,0
0.7587524101477076,0.24119775062142795,1.4262437099573428e-05,2.3365698974291102e-07,1.419951267247317e-05,9.197231096056222e-06,1.1946393006819154e-05,0
0.8040755053119898,0.19587763132929556,1.1625377275481892e-05,1.8554238771832323e-07,1.3876996785768711e-05,7.673227528999586e-06,1.3502214736740373e-05,0
0.8208346026990114,0.17911820582213286,1.1959157289724871e-05,2.2106007414334262e-07,1.3184135623260931e-05,7.90937450056442e-06,1.3917751368157694e-05,0
0.7613947006011361,0.23856317217880038,1.1681924311601852e-05,1.8366258057173007e-07,1.4010058750541781e-05,1.1774209023415473e-05,4.4773653973893966e-06,1
0.5946448295167055,0.4053073424623813,1.515400699656443e-05,2.213704603789444e-07,1.5275541553735726e-05,1.1265418475371603e-05,5.911683427070446e-06,1
0.6502898065253948,0.34966576212640615,1.4653556705030656e-05,2.104578142441215e-07,1.3760349075894383e-05,9.65855582226495e-06,6.148428781502737e-06,1
0.32916904914972606,0.6707697420379157,1.085176624324499e-05,1.1619494967295487e-07,1.588164819865951e-05,1.0920464998837734e-05,2.34387379677439e-05,1
0.3100167633203839,0.6899143518757277,9.518156987689759e-06,1.0191537003041645e-07,2.912804405701047e-05,9.578413127191264e-06,2.055827434627817e-05,1
0.10357571882011384,0.8906007348101049,1.2143700138190073e-05,1.1967728299926585e-07,0.005797530113151364,6.608664402568612e-06,7.144214806253069e-06,1
0.10090868684956134,0.8931701442252521,1.0189190239204417e-05,1.1413906141257889e-07,0.0058968550453394305,8.508523665498253e-06,5.502026881032595e-06,1
0.05134835316491619,0.9026462234728723,1.8216994493141337e-05,1.1220631808450281e-07,0.04595561794768177,2.8629514043234143e-05,2.8466996756703986e-06,4
0.11392631176846373,0.7710433297400842,3.111227411117886e-05,1.9666513093152312e-07,0.114926088215536,6.411178667236849e-05,8.849550001555409e-06,1
0.033814737568934064,0.3088779817199363,1.3118049228854599e-05,9.828433809675312e-08,0.6572612810786325,2.6143992653551876e-05,6.639306276681561e-06,1
0.24575841532334197,0.7112502353099334,5.241055354672301e-05,4.0069401425276027e-07,0.042803854193988376,0.0001248778367831072,9.806088392324216e-06,1
0.2977298049891976,0.6349533419717703,4.480614655268458e-05,3.425560981604098e-07,0.0671484901770123,0.00011789406391030274,5.320095458576376e-06,1
0.2605766962483068,0.7053021274620835,6.192104115239314e-05,3.5282897711441447e-07,0.03395228935906984,0.00010092052805298121,5.692532357136841e-06,1
0.25709238964259806,0.6110530144808968,5.094116888962292e-05,3.1540282039825995e-07,0.13170186320087846,9.641578033761547e-05,5.060323579185285e-06,4
0.03960384849363353,0.9591180749421304,3.089726288602733e-05,6.013137160277893e-08,0.0011580078758532694,8.370522275497614e-06,8.074077184984871e-05,1
0.026304949846083572,0.9729756368361921,2.072597057898545e-05,4.28705633319944e-08,0.0006706521504066699,6.311709265279811e-06,2.168061690989266e-05,1
0.02668058702863096,0.9723113725313608,1.4911717234803165e-05,7.064340041718791e-08,0.0009828704218037075,6.634607595720381e-06,3.5530499735348878e-06,1
0.0639093724851112,0.9360041709076241,2.1914303930597148e-05,1.0407717208115014e-07,4.8998697021172524e-05,1.0204908619485982e-05,5.234620521162573e-06,1
0.17023410602059566,0.8296085150602512,4.69535686729413e-05,1.8690304688699167e-07,8.787298174570013e-05,1.6573828676393712e-05,5.791637011283344e-06,1
0.28737555164182615,0.7125552713075074,3.2092349397412766e-05,1.7117082077028737e-07,1.3976031308596655e-05,1.5013624710271118e-05,7.923874429363069e-06,1
0.2570384161015743,0.7428735534427837,5.0236004839560554e-05,2.1339004949385938e-07,1.5138160271418248e-05,1.617406621207687e-05,6.268834269561563e-06,1
0.2896339492761956,0.7102733926476247,4.878848144257299e-05,2.0724133025726413e-07,1.1271444584927794e-05,1.4690617209838819e-05,1.7700291612193275e-05,1
0.2884942252015164,0.7114153912405925,4.387577383179177e-05,2.1540846409236845e-07,1.3580890844305057e-05,1.5269556925792676e-05,1.744192782517384e-05,1
0.4489690854359587,0.5509686917184188,2.5950859354869292e-05,1.835043946424114e-07,1.2781978160959698e-05,1.4526236723913197e-05,8.780266988199302e-06,1
0.34366127223977,0.6562440457190382,3.401916020193465e-05,1.1084366261869432e-07,1.9650186636116233e-05,1.809827854089558e-05,2.280357215033426e-05,1
0.3350386282470786,0.664893878658036,2.6189326980990477e-05,1.705603060908986e-07,1.9526925060573745e-05,1.6201273610380476e-05,5.40500892765405e-06,1
0.2871103693596588,0.7123794958796046,2.2884355939756127e-05,2.245646539790263e-07,0.0004505353486848316,1.77989023355522e-05,1.8691589122439682e-05,1
0.3260825936684802,0.6717850055122039,0.00024275920103139148,2.699345217350233e-07,0.001250646348633399,0.0006287679597425877,9.95737538680235e-06,1
0.1108303152988907,0.8827537417349655,2.4177930538029737e-05,2.1292245334416964e-07,0.006358625219898504,1.86063873085014e-05,1.4320505945531285e-05,1
0.09258308857525924,0.8998076188204732,2.2594099309611374e-05,8.750579919751161e-08,0.0075588015744625136,1.8061007925911787e-05,9.748416770318823e-06,1
0.0857978926544649,0.9082160175591492,2.4254538056662618e-05,1.8876209352864526e-08,0.005942004170702392,1.5235445327767046e-05,4.576756089778968e-06,1
0.08576339056413738,0.9078507947068708,2.4244784527327654e-05,1.8868618622370053e-08,0.006341746841551128,1.5229318665507453e-05,4.5749156290504915e-06,1
0.03747459958641373,0.9373081977944004,2.506780331229654e-05,2.02633548973912e-07,0.025164632320231823,1.7386400981602007e-05,9.913461111074506e-06,1
0.037422180042777295,0.9440691407670789,0.00024249065465418575,2.107844042376282e-07,0.01755553881364165,0.0006905984251214777,1.984051232195103e-05,1
0.07472162305400583,0.8807386556372025,0.0003531583801655425,2.0435854845730257e-07,0.03609899742694452,0.008073601498777644,1.3759644355618865e-05,1
0.1942414452650568,0.7456779381699506,0.0005756824046334314,2.7272120208331134e-07,0.042720418412488415,0.016766843164252296,1.7399862416278105e-05,1
0.2820842786844004,0.7001058073441471,0.0005245251632599502,2.8396791080849703e-07,0.010686349955456548,0.006580637472093745,1.8117412731249235e-05,1
0.35329549646037967,0.6288610526615157,0.0004973106756766076,2.537662038273794e-07,0.008254157890154573,0.00906393723411966,2.7791311949845504e-05,1
0.36056466246936175,0.622258801477722,0.0008640042800547421,2.386449789119772e-07,0.007762315493248294,0.00852384232995567,2.6135304678784385e-05,1
0.3048050085163558,0.674489969511062,0.0007522405490594731,2.5867636450951893e-07,0.009064703610121074,0.01084263330313145,4.518583390552515e-05,1
0.08675345673690647,0.8999401995288014,0.0008131281006928054,1.768826338141038e-07,0.0063642590400705525,0.006106191083650672,2.2588627244184447e-05,1
0.05041306269764461,0.910150831644228,0.0009836536185904373,1.7604146126260733e-07,0.032799960900551026,0.005647295336885812,5.019760638929897e-06,1
0.022942762327765782,0.9470608812963086,0.0007890375595943862,1.6143237111325056e-07,0.01978038840520043,0.009420518005845063,6.250972914839081e-06,1
0.043780844136503023,0.9213000340835219,0.0031773357563016982,2.2308478286664003e-07,0.007178977917016955,0.02454596516077866,1.6619861094724745e-05,1
0.03683791203275008,0.9387441176214147,0.002273453996106546,2.2206712453139565e-07,0.0033468379985847276,0.01878091223867472,1.6544045344513934e-05,1
0.007122730267273463,0.6432112960499041,0.003587570033857716,4.885466276402771e-07,0.0004634204883734804,0.3455948877322963,1.960688166739927e-05,1
0.004504672902416139,0.14233809819471546,0.02104935992180291,1.3950445325536433e-06,0.00032499458761266556,0.831776317765005,5.1615839154247185e-06,5
0.006497218753462416,0.8503788009257895,0.0048260149532376026,1.4323377260715399e-06,0.0007710882934371017,0.13746744810253442,5.7996633812950635e-05,1
0.008188750130930761,0.9129523441759163,0.003947371232333373,7.71765039827048e-07,0.00032472317972495287,0.07454034340353928,4.56961125155224e-05,1
0.00840151546879602,0.9419168037894803,0.005016394674681972,1.1011923431447139e-06,0.00032094769716513907,0.0442963537594263,4.688341810710094e-05,1
0.007889878887383147,0.9663581529473336,0.0065274511883479675,5.081663921976143e-07,0.0004261911451157656,0.018751598918132707,4.621874729472881e-05,1
0.007586933048123377,0.9616032166880211,0.003122428467345982,4.6794190500271005e-07,0.0006788773549409754,0.026962085170326444,4.599132933721334e-05,1
0.011831772895606673,0.8698917228310179,0.0038578729556573523,8.66477337904021e-07,0.003120792473321888,0.11127883979190069,1.8132575157342392e-05,1
0.009630296676413798,0.37653891998357847,0.0028338426491313477,6.36626526899203e-07,0.0034089658050624194,0.6075712729430474,1.6065316239726188e-05,5
0.010499810697178015,0.6416918426697996,0.308117842444674,1.2551695843158236e-76,0.0018746608395578642,0.03779446397211715,2.1379376673208127e-05,1
0.012130304618430576,0.6809190656632783,0.25212534607638226,1.38611112718521e-76,0.0021901643124075613,0.052625084514491764,1.0034815009424416e-05,1
0.0022838357288712903,0.10963542925778387,0.09301026501354774,7.709638319259917e-07,0.00032916702542797147,0.7947375672927867,2.964717750591551e-06,5
0.003045540132224058,0.19754689581648288,0.13964315417960485,1.3760023066886316e-06,0.0005254952615745865,0.659229922981824,7.615625983112363e-06,1
0.005091321304742171,0.34161172388569944,0.2734120217998142,7.78801677207056e-310,0.0005684046539998683,0.37927760161731067,3.892673843342566e-05,1
0.00503879524015015,0.3421967741829736,0.25534134275825704,7.9033477734267e-310,0.0007629850019785586,0.39665040759772285,9.695218917819409e-06,1
0.0006396037358163261,0.005285151359790098,0.5027097014609893,0.0031794721062360547,6.771797880938575e-05,0.48810246562580556,1.5887732553344332e-05,2
0.00022414439808109845,0.0015553014327071976,0.9517319898730086,0.00042996025740381605,4.043590367519319e-05,0.04601661423874496,1.553896379182406e-06,2
0.00016407999595753189,0.0010373401143252603,0.9801855742233843,0.00022522996868502563,2.71891862676171e-05,0.018357019811229124,3.566700151230244e-06,2
3.718887138668966e-05,0.0002640677233089444,0.9921391327680913,5.6097885923013466e-05,3.85609632722377e-06,0.00749804622985893,1.610425103980334e-06,2
9.514293417612543e-05,0.000593807921108613,0.9581483620594018,0.00012405903685678324,1.4377338045731432e-05,0.04102159275206805,2.657958343178056e-06,2
0.00010560122851417542,0.0006696168900567243,0.9443192913410697,4.211256870812259e-06,1.4752929128358829e-05,0.054883755205510795,2.7711488495064805e-06,2
6.227809750719933e-05,0.00046707566520183243,0.9645807822796008,3.0115878613495256e-06,1.0689963237358808e-05,0.034875044268926784,1.1181376645986623e-06,2
9.055295049345892e-05,0.0007341624052536188,0.9726458069801691,0.0006399306042233433,1.5009042381027075e-05,0.02587341668369083,1.1213337887220862e-06,2
0.9173138423208628,0.02137135279499703,1.0936539504270385e-05,2.045881810679973e-07,1.2476169787867153e-05,6.959048826490768e-06,0.06128422853784065,0
0.8685496662245067,0.027226038858161744,1.2248614181332864e-05,2.2913296248635879e-07,1.3812207023528182e-05,7.79393738864652e-06,0.1041902110257754,0
0.9019912902391529,0.02859520052654711,1.1011123941085436e-05,2.3193715878417986e-07,1.3981244858066815e-05,7.889321876908409e-06,0.0693803956064652,0
0.9281011829253424,0.021903607734154694,8.702245694660357e-06,1.8330318977977293e-07,1.1248234331729264e-05,6.235041736379568e-06,0.04996884051555071,0
0.9056288648191496,0.02153953105853517,9.061611204806763e-06,2.053147465613903e-07,1.1849053636258203e-05,5.66668214991597e-06,0.07280482146057753,0
0.9662515260230004,0.009708707429312988,1.0327892517621773e-05,2.691156067201831e-07,1.2208166175332367e-05,7.550512805287017e-06,0.024009410860581705,0
0.9004245647395022,0.003996253252594168,1.924104449975458e-05,2.0187583274637068e-07,1.6927728990064117e-05,7.07899200019035e-06,0.09553573236658114,0
0.8156843290962207,0.019113725257990013,1.6178076490730257e-05,2.0606635646803412e-07,1.5959574871713865e-05,7.119155025448573e-06,0.16516248277304488,6
0.7338031888883658,0.03509797652374696,1.5518962611006574e-05,1.976709705412836e-07,1.6102667183166942e-05,6.829112269632304e-06,0.23106018617485294,6
0.7065821005555627,0.04042976386052354,1.3862394430444954e-05,2.2835520322443192e-07,1.3222319126676592e-05,6.0678110870588856e-06,0.2529547547040662,0
0.8002697828988117,0.06064598858939066,1.559343428365112e-05,2.0244662052871964e-07,1.4199649991502578e-05,6.825517330819836e-06,0.1390474074635711,0
0.8068202392729962,0.0539605098343225,1.3108101062150934e-05,1.9209316512083781e-07,1.2959862725297959e-05,6.476449072057063e-06,0.1391865143866565,0
0.7922712285547724,0.051590196803353514,1.2178967634036605e-05,1.8127242027534365e-07,1.2449704579363897e-05,6.11162608176752e-06,0.15610765307115848,0
0.8151409877213127,0.05321879560682858,1.2530526603552121e-05,2.0061648505570413e-07,1.2072619432389963e-05,6.036623828463827e-06,0.13160937628550912,0
0.8222093025212335,0.05873706090778479,1.1160587054475154e-05,2.3676955866673985e-07,1.266158910390014e-05,6.4776315586765175e-06,0.11902309999370621,0
0.4224815062978397,0.005153344466704679,5.676961694726364e-06,8.449620831058786e-08,6.809127526620443e-06,3.7196711938752812e-06,0.5723488589788321,0
0.5765302892565541,0.007076420533553989,7.668654695956467e-06,1.2277684720549476e-07,9.237035288743658e-06,5.024672615780369e-06,0.4163712370704442,0
0.8330221309255297,0.07139799859282835,1.2805399470942479e-05,2.0501726007799284e-07,1.1057836700233347e-05,8.054901058378403e-06,0.09554774732715224,0
0.8509080349405147,0.07227528256484439,1.3846914561711528e-05,2.0292013562493223e-07,9.106598828012246e-06,8.93290004643611e-06,0.07678459316106909,0
0.8570603971755677,0.06282764400374032,1.2656604782685978e-05,1.9287255590610932e-07,1.0338342272584695e-05,7.577749083707674e-06,0.08008119325199729,0
0.811227276600191,0.1820834183612947,1.4763167739427104e-05,2.0914945337599448e-07,1.748555823523593e-05,9.207125532518882e-06,0.006647640037553645,0
0.8247694619192515,0.17508981010514796,1.7205883081405505e-05,1.8563386414805465e-07,1.3212141020815305e-05,7.462123172207022e-06,0.00010266219446211406,0
0.8371548493202308,0.1627479782876209,1.10658177632795e-05,1.604116472321117e-07,1.2280835981816025e-05,7.225013326233884e-06,6.644031342981726e-05,0
0.7677461104100927,0.23216461199222266,1.4438137704951349e-05,2.0606984230320045e-07,1.396987735160775e-05,9.548758715094023e-06,5.1114754071036094e-05,0
0.8041908165406751,0.19575938525310116,1.2063542521801281e-05,1.854303807516955e-07,1.4300801200874793e-05,7.668595407195307e-06,1.5579836713047254e-05,1
0.6188417402792274,0.3811127212228835,1.4598522380148852e-05,2.0934354755142186e-07,1.4604837601327918e-05,9.793185365725727e-06,6.332608994449749e-06,1
0.6496410498880056,0.350312829270123,1.6556387087052013e-05,2.214067859172629e-07,1.4227094663988507e-05,1.0165711677955735e-05,4.950241656443351e-06,0
0.5227346567886895,0.4772210854415308,1.5636869394345504e-05,1.8448229749352397e-07,1.3451442498424886e-05,1.0304617964378511e-05,4.680357625193987e-06,0
0.4764274896597358,0.5235247288138541,1.7111529160764278e-05,1.976902012334252e-07,1.4414490769700067e-05,1.1042371147199458e-05,5.015445131267815e-06,1
0.4774850736146435,0.5224647568889543,1.734915222098091e-05,2.6616320554828525e-07,1.577948043500074e-05,1.145445770455802e-05,5.320242835980886e-06,1
0.29878660228269793,0.7011712428740559,1.525542167187362e-05,1.9086482129027046e-07,1.0568014719558017e-05,1.1021428108553958e-05,5.11911392483292e-06,1
0.2174364435919724,0.7825238314069018,1.460423899910603e-05,1.6765711276532911e-07,1.1116653258099079e-05,9.339783093913736e-06,4.496668661895684e-06,1
0.17749643260654135,0.822468304606926,1.2591410996814171e-05,1.439655873010155e-07,9.545765692411122e-06,8.140277932527734e-06,4.841366323615503e-06,1
0.2986371570155387,0.7013068014555437,9.837687727847145e-06,1.0447746215511701e-07,1.4397536039738596e-05,1.0453398658451324e-05,2.1248429029240517e-05,1
0.11470325948183709,0.8839174210505573,1.3360947003535082e-05,1.2532222053425515e-07,0.0013513235713847854,7.028433899475173e-06,7.48119309743045e-06,1
0.08264826035392274,0.9154749600974937,1.2898376542777321e-05,3.9142425797602044e-08,0.001852416484932611,6.7851019031409694e-06,4.640442779341171e-06,1
0.07686051909585204,0.9210589252451534,1.184024008246228e-05,3.5931321846321267e-08,0.0020581912535349305,6.228476525764561e-06,4.259757529492722e-06,1
0.07710194388498859,0.9193678339176676,1.0998840792021808e-05,3.506948979979444e-08,0.0035090450760771577,5.985626027042827e-06,4.157584958022828e-06,1
0.04556884517212472,0.9312753256831887,8.154458675383394e-06,1.0492176729848192e-07,0.023137676238296614,7.014855266840136e-06,2.8786706805701214e-06,1
0.08243768398184483,0.7679700231527207,2.4396620321612197e-05,1.3732800342711383e-07,0.1495136449713498,4.9727605958249e-05,4.386339801656024e-06,1
0.24949617125982948,0.7121407433126742,4.6791096984179964e-05,3.577354606653865e-07,0.038214837141742924,9.234467928264926e-05,8.754774025999658e-06,1
0.3322884873232726,0.613716184570804,3.8783757979574476e-05,3.419626817211832e-07,0.053832533998375634,0.00011835750753062737,5.310879356103443e-06,1
0.02355408483325427,0.09635197364129874,8.683632584108129e-06,4.925473779835793e-08,0.8800709354622506,1.1532698691995328e-05,2.7404771823715704e-06,4
0.0564884489407954,0.942828284007671,2.119529685244014e-05,8.557984222830722e-08,0.0005699346813886668,6.634810449602569e-06,8.54166830005792e-05,1
0.026709640606865693,0.9726981778150148,1.5040725299901163e-05,7.242478687744261e-08,0.000550258119262336,6.286103661160743e-06,2.0524205109335537e-05,1
0.04148265585042647,0.9583116597262052,2.079317133658257e-05,9.875259913178382e-08,0.00017028100260923538,9.544678725018583e-06,4.966818098500214e-06,1
0.08084994497207515,0.9190836730133822,2.196284742734547e-05,1.0185099689797469e-07,2.9308640705037654e-05,1.1145077322282113e-05,3.863598091317128e-06,1
0.11927213408731278,0.8805693940735924,3.094827548404551e-05,1.9188728503796466e-07,0.00010745303084800624,1.4784617332119603e-05,5.094028145673832e-06,1
0.11227838664096819,0.8875708336187497,2.876587996496963e-05,1.9350195447553645e-07,0.00010154003796729567,1.4902170366719475e-05,5.378150028880608e-06,1
0.1809941227593474,0.818909369342057,4.616850055595005e-05,1.8377801023425993e-07,2.6739203069880734e-05,1.801750594511489e-05,5.3989110142716244e-06,1
0.23539273928979912,0.7645327534878984,3.6305267619051586e-05,1.8146236568909276e-07,1.528823234307596e-05,1.710921545622297e-05,5.623044518452571e-06,1
0.28591896471672645,0.7140151756898364,2.730595688743388e-05,1.8136810767395236e-07,1.4872887466053356e-05,1.767009033849647e-05,5.8292906374778274e-06,1
0.22198672555501006,0.77793620141846,3.314652207713089e-05,1.9990084488318124e-07,1.358708044008969e-05,1.4557630203829691e-05,1.5581892964258335e-05,1
0.2262229384168452,0.7736983610784681,3.4138541538002643e-05,2.0588353977670194e-07,1.3314531381970821e-05,1.499331550537562e-05,1.6048232721467124e-05,1
0.3894024594785402,0.6105341453790012,2.7566196350259467e-05,1.7952728952045217e-07,1.2504953346857645e-05,1.4554493898093366e-05,8.589971573863397e-06,1
0.3065367341370412,0.6931654685825523,3.104777650829718e-05,1.058494609922188e-07,0.00022998426511404337,1.7881285347857526e-05,1.8778103975302505e-05,1
0.20735319065244306,0.7912149715590517,0.00013881818916212813,2.540114328740085e-07,0.0011331165763667126,0.00014732219263026295,1.2326818913282907e-05,1
0.2788790084301573,0.719860790805697,0.00015414550234831576,2.465112896888955e-07,0.0008280883397034974,0.0002644646564004603,1.3255754403806986e-05,1
0.11413234852690338,0.8826449407494253,0.0002534908978209583,2.0571137075727702e-07,0.002136460633357942,0.0008231480182169926,9.40546290457457e-06,1
0.08676447329178459,0.9079225904348248,3.0916558185372415e-05,1.7535849099857146e-07,0.005260604329243799,1.674678894490796e-05,4.493238525652123e-06,1
0.09452197650403867,0.9001875131892978,2.5799556282688958e-05,1.9647074831829468e-08,0.005244069812422974,1.585762950893855e-05,4.7636613740604185e-06,1
0.0976782990250403,0.8967461880702324,2.5049470545442386e-05,1.957196606710623e-08,0.005529901404426049,1.5797007407478153e-05,4.745450382122533e-06,1
0.0413677024230396,0.9441838039988911,0.00046462206648245093,2.13680779839997e-07,0.011961114122251976,0.002004758036280538,1.7785672274608042e-05,1
0.06223685819762658,0.9212123238316596,0.0003495219351376378,2.0848204228971933e-07,0.013891302904717136,0.0022957473659230535,1.4037282893693024e-05,1
0.07584738908662012,0.8885035739434586,0.00034033241627009423,1.9950181507605223e-07,0.031595195014403686,0.0036998774012913347,1.3432636141083474e-05,1
0.041049607495979475,0.9382232137294795,0.0005579281997142857,1.4797771108015728e-07,0.017471377092513205,0.0026807829655650984,1.694253903734233e-05,1
0.04521390506791141,0.9325933216903824,0.0011236256967274347,1.742086321948158e-07,0.01689189781460487,0.004154633701147743,2.2441820593674853e-05,1
0.04711315155773947,0.9335794664088491,0.0011183815099797792,1.5913438075779933e-07,0.01206084601296202,0.006112803243017197,1.5192133071845685e-05,1
0.02403284419530317,0.9465390444985022,0.0011278328545762792,1.5917579217922932e-07,0.01686740805487716,0.01141751513443948,1.5196086509324518e-05,1
0.011520449700156006,0.7133946785111255,0.0014445398231060056,6.26424284832014e-07,0.0016628210510330223,0.27195174415336165,2.514033693285479e-05,5
0.009025511115239884,0.7121628923621782,0.001296455841529738,6.009220744005843e-07,0.0019736153627111725,0.2755168075416258,2.4116854640895693e-05,5
0.009206229740209093,0.8252362628896889,0.0014099996901028886,4.889612498772007e-07,0.002657697796672658,0.16147882571778627,1.0495204290367014e-05,5
0.006049455919702117,0.4436059363866866,0.06502741379189597,2.2856191548811264e-06,0.0008341209780920377,0.4844623220219839,1.8465282484356836e-05,1
0.0030998226148055276,0.1747636533194264,0.014149659742565131,1.0214417029265953e-06,0.0002654225681676574,0.8077160817402279,4.338573104546572e-06,5
0.006570707875273628,0.6964132752680819,0.006259972055402259,1.870429481236173e-06,0.0006555866045244191,0.29008114518355516,1.7442583681158578e-05,1
0.005028752138965038,0.8238944622474766,0.004574968400502873,1.470170885501122e-06,0.0006273264421467282,0.165838917921325,3.410267869827618e-05,1
0.004141199569265313,0.9274905816300418,0.002422610150482984,8.799976742444695e-07,0.000528033598203105,0.0653932203512086,2.3474703123871507e-05,1
0.007856560042861381,0.9521444701447067,0.0073734051162569715,2.7944596842627787e-07,0.0005716363734531714,0.03201458995647281,3.905892028047995e-05,1
0.007497124029253285,0.9414920827945632,0.003031254359389716,1.2429025342946593e-07,0.001737006922841516,0.0462040298261208,3.837777757807979e-05,1
0.011196558188451774,0.9649618714023611,0.0028074922450862516,1.5191393619429874e-07,0.002793939742454317,0.01820792189950026,3.20646082102299e-05,1
0.011216985784959065,0.9226414277655987,0.003447688924335873,4.637043058952967e-07,0.0035033776982848442,0.05917259224923472,1.7463873280909475e-05,1
0.0022371183876538827,0.26226845723650405,0.001503952929920122,4.173001897399524e-07,0.0015710724664302965,0.7324104597516216,8.521927680326085e-06,5
0.005358642439451808,0.2558825082316909,0.0007289781718619795,1.5631928667354288e-07,0.006315283347316381,0.7317055273472985,8.904143093667264e-06,5
0.013991002121263954,0.8562823863191994,0.003357161674061729,2.9438697962700987e-07,0.004401776644048703,0.12195530176645426,1.2077087992395115e-05,1
0.004284086116409226,0.06585502685829667,0.00872240828266242,7.806199882320063e-07,0.0006719301411517384,0.9204619254022034,3.842579288461768e-06,5
0.002301115236995901,0.14200618306400378,0.0547888034241911,6.592962603009532e-07,0.00014966039065020985,0.8007505541627993,3.0244250994266402e-06,1
0.0031197966168135995,0.30922409045647037,0.08136562720072968,1.1717215188811451e-06,0.00025572666753034866,0.6060216117184434,1.1975618493669987e-05,1
0.003286066612672645,0.39261991031830135,0.2771470611652376,1.6217181382655084e-06,0.0004348820635065776,0.3264984590099635,1.1999112180000481e-05,1
0.0039885163675573276,0.38433961024592495,0.363827057154549,2.8201943749089238e-06,0.0005214988557449546,0.2473111393577623,9.357824086473137e-06,1
0.004414726078459098,0.36497758984535705,0.3837304187877269,4.26775478070797e-310,0.0005545941879725583,0.2463155737765551,7.097323929264944e-06,1
0.004483552824653034,0.40094056145973406,0.332679261973231,6.386507896556548e-07,0.000502497400047643,0.2613828153538041,1.067233774041063e-05,1
0.0012253855434858731,0.16599904394684523,0.042508536984289996,4.659944047628828e-07,0.0003928722054513697,0.7898722822588007,1.413066721928236e-06,1
0.0002826841816371553,0.001618425842307653,0.9767110688840572,0.00029081825355802395,4.3473891669506056e-05,0.021051716238102966,1.8127086674990265e-06,2
0.00031559493453586795,0.0024419851593545745,0.7376181383586189,0.0006740461811204326,5.6337574309221795e-05,0.2588741880410616,1.970975099934146e-05,2
0.00017000070526271185,0.001103511575561815,0.9834092819703404,0.0009065016880755773,2.8886606756895904e-05,0.014378760672414932,3.056781587388255e-06,2
0.00012837348708161136,0.0011263187477413912,0.9630165601019242,9.397987622329522e-05,2.3830623755601376e-05,0.03560994350992081,9.936533531914565e-07,2
8.080046493234056e-05,0.0006188394322669469,0.9780304579909211,4.56455774013953e-05,1.221549151542199e-05,0.02121119135234862,8.496906139556728e-07,2
6.89582522786042e-05,0.0005309486079523228,0.9824448547429264,2.8123976982394895e-05,8.869349969268947e-06,0.016916180558353436,2.0645115375612408e-06,2
4.652643750853003e-05,0.00035750095893338616,0.9878992264209147,1.7415368225028372e-05,5.582225137069236e-06,0.011672358502099179,1.3900871823614598e-06,2
3.46107674022413e-05,0.0009328275980740482,0.9899938639617561,2.5481237890865497e-05,4.841476876337042e-06,0.009007725484516775,6.494734836445056e-07,2
0.00010869395036134131,0.0007333235222631735,0.9711184255353342,5.245370241653901e-06,1.5879545606163946e-05,0.02801724570663111,1.1863695621416774e-06,2
0.00026849670604846087,0.001843993565843149,0.9046482887657599,0.00184715867872972,4.141975978902454e-05,0.09134840466205463,2.237861775363672e-06,2
0.9815187868342637,0.013922280924402428,1.2444806290522754e-05,3.584902131473714e-07,2.8155607237239913e-05,8.08923431180683e-06,0.004509884103281307,0
0.9870776150262547,0.007682523763705092,1.1101618089163377e-05,2.749673437115229e-07,3.0707515136895335e-05,7.76471020376334e-06,0.005190012399266892,0
0.9350862368389232,0.004700051556481937,1.4655589235034052e-05,2.0600594518894913e-07,1.60231573604706e-05,7.390984094960243e-06,0.06017543586795913,0
0.8588156200165025,0.004114492139527652,2.0199512573559614e-05,2.1193201969415667e-07,1.7770962204311265e-05,7.431622951539704e-06,0.13702427381422075,0
0.7063462807140549,0.0029013539114832896,1.2182050813083455e-05,1.551674469334424e-07,1.2671159484051382e-05,5.360705786990518e-06,0.29072199629093065,6
0.8193896284528389,0.009965647339923769,1.6773525245982813e-05,2.1365081532064403e-07,1.6546981477014997e-05,7.381181972890825e-06,0.17060380886772583,6
0.7059667448409574,0.03649943509154484,1.4111438547521796e-05,1.7444868046191367e-07,1.4157330407785692e-05,6.176822027582034e-06,0.2574992000278346,0
0.6922415070779123,0.007610155133452563,8.786273363687027e-06,1.4067016772158422e-07,1.0534452999477698e-05,4.232817089713903e-06,0.3001246435750144,0
0.4674368829980533,0.007091822251118792,5.903502070060739e-06,9.150819849561575e-08,6.837541965151812e-06,4.121570752489154e-06,0.5254543406278417,6
0.620266953596871,0.008406796694787137,9.154056759065527e-06,1.2897296933086295e-07,8.866439318757672e-06,5.809001018430425e-06,0.37130229123827635,6
0.3746281406866268,0.004446970634240002,5.033947220745871e-06,8.059460143484198e-08,6.029207490351124e-06,3.298353851126257e-06,0.6209104465759695,0
0.43100038430774507,0.005635180162270394,6.264046037823388e-06,1.0028875386442262e-07,7.545158387715464e-06,3.940234053165469e-06,0.5633465858027521,0
0.8600460133290991,0.07569751575963857,1.5797757727897596e-05,2.05099313324293e-07,9.07502166514441e-06,9.028831268401155e-06,0.0642223642012876,0
0.8639913355557614,0.05933118495482117,1.2870819695322403e-05,1.9613695251347684e-07,9.837573411526009e-06,7.706003610558965e-06,0.07664686895574763,0
0.8434057478153076,0.13285575340809788,1.479103617055668e-05,2.0108907054733146e-07,1.6237205289761025e-05,8.852293352248994e-06,0.023698417152711263,0
0.7866115641661557,0.21327047156745219,1.272092786892816e-05,1.8156078390923254e-07,1.2231693951673513e-05,7.99262394546954e-06,8.483745984198203e-05,0
0.7890102933795734,0.2108812169858066,1.2759719647095473e-05,1.8211444365212704e-07,1.2127847351258476e-05,8.438725732652923e-06,7.498122744534617e-05,0
0.7716674025072706,0.22823060354058847,1.4573366062072455e-05,2.0799990328449383e-07,1.3851680435240453e-05,9.638192891438331e-06,6.372271284891337e-05,0
0.7701723415171438,0.2297373227433498,1.4649748573663693e-05,2.0909008073258196e-07,1.3924280419135486e-05,9.688708975170341e-06,5.186391145781462e-05,0
0.805617922923163,0.19432919335142462,1.2590440935119397e-05,1.9352940914426534e-07,1.583590297706571e-05,8.003536055444165e-06,1.6260316035686075e-05,1
0.5901341219912275,0.4098197261887001,1.4323454845518617e-05,2.0056839221050388e-07,1.4887284157656542e-05,1.0979086103612224e-05,5.761426573278083e-06,1
0.5885840531286711,0.4113716334459616,1.5214005870528422e-05,2.1815140883663763e-07,1.3761604614195213e-05,1.033138659589393e-05,4.7882768779999176e-06,0
0.49361136753534285,0.5063370965940618,1.7809173248933803e-05,2.1452965184648876e-07,1.6263610266190477e-05,1.180589162519442e-05,5.442665803124941e-06,1
0.20771528551970825,0.7922471058217917,1.3951312040358282e-05,1.6016149120250788e-07,9.188952827660292e-06,8.922219661047019e-06,5.386012479680919e-06,1
0.21273537410159676,0.7872270952306337,1.2734196049477568e-05,1.5751559170755348e-07,1.1057624791753693e-05,8.284296847831928e-06,5.297034488824259e-06,1
0.08397942711813791,0.913488062668336,1.0817247511959818e-05,3.44904848116083e-08,0.002511539925956907,6.0296072562074925e-06,4.088942316135385e-06,1
0.09321869179242723,0.9028851328451427,1.1743202519585182e-05,1.1877100413934988e-07,0.0038708175590245002,6.558619041492325e-06,6.937210840464336e-06,1
0.04609562314523724,0.9433285351480959,8.286903067251648e-06,1.0662590244917439e-07,0.010557393961496854,7.1287902656972834e-06,2.9254259347022e-06,1
0.09308032596466174,0.8281049585611204,4.057139922305282e-05,1.7227724244206827e-07,0.07869111631875486,7.93198895763127e-05,3.535589420997001e-06,1
0.003326084220813694,0.0490501340953363,2.682991940639029e-06,2.5793565059068385e-08,0.9476147090598732,4.928714061586994e-06,1.4351244094684877e-06,4
0.005686002942142639,0.15960113714625931,6.613768750727122e-06,7.619672390722538e-08,0.8346875735055723,1.4658626723650943e-05,3.937813827416106e-06,4
0.0350926268414794,0.962006986154312,0.0019431989561470636,8.068310507173713e-08,0.0003636613720310995,0.0005214125616263867,7.203343129880641e-05,1
0.06702602589809799,0.9329079521433974,2.181791623801035e-05,1.0117888977870345e-07,2.919277650970394e-05,1.1071984371017734e-05,3.838102496160814e-06,1
0.11413928987580181,0.8857430532175009,2.870033034210993e-05,1.7063113091965677e-07,6.749009931269081e-05,1.5813943621124204e-05,5.4819022907276805e-06,1
0.14177355873441486,0.8581103732559284,5.260650004361381e-05,1.8410537260454114e-07,4.0768157504689284e-05,1.7062724527596037e-05,5.446522208208035e-06,1
0.1825696167715739,0.8173272284452284,6.057668777285381e-05,1.8342294932420706e-07,2.0008964592118906e-05,1.6997227617925325e-05,5.3884802654808505e-06,1
0.2687326100198168,0.7311979967019034,3.4629571727952995e-05,1.847035921924471e-07,1.3144531199618073e-05,1.5710990102345055e-05,5.723481657875609e-06,1
0.24927154548347683,0.7506641336066384,2.9331095838852897e-05,2.0455212806026256e-07,1.4505447854101824e-05,1.4594537982561326e-05,5.685276081146626e-06,1
0.20400387553372773,0.7959259381054344,3.0726405107972365e-05,1.8231143313804687e-07,1.179011833797549e-05,1.3276694388684923e-05,1.4210831569909963e-05,1
0.2735999095753436,0.7263225288940321,3.541688201761667e-05,2.0457856349830686e-07,1.3230138294353114e-05,1.4898281579447256e-05,1.3811650169582234e-05,1
0.38131737861654585,0.6186186585005718,2.5652966241198026e-05,1.8139792507449203e-07,1.3851289669338094e-05,1.559775182549426e-05,8.679477221039283e-06,1
0.4014554556987382,0.5984718695233744,2.9586750359798924e-05,1.9292733568200934e-07,1.4731659199341712e-05,1.658912416493214e-05,1.1574316827489064e-05,1
0.33542193265491627,0.6645049037722245,2.8001230804965487e-05,1.8236048984700515e-07,1.2702299599900757e-05,1.649914918241809e-05,1.577853278239725e-05,1
0.3672392873461362,0.632692238913305,2.651146980676732e-05,1.7265828970878108e-07,1.1229213285526453e-05,1.5621338163087435e-05,1.4939061013754914e-05,1
0.40913050473881757,0.590811287512697,2.6906839307218943e-05,1.7523316851589901e-07,1.2265674400600335e-05,1.3290465060046915e-05,5.569536549151378e-06,1
0.3467282879733035,0.6532094445306367,2.5925408146582886e-05,9.355858183898412e-08,1.5011567807393234e-05,1.2805693273946595e-05,8.43126825004534e-06,1
0.291432557547539,0.7082256571622755,3.127518210396359e-05,1.0662474226627303e-07,0.00027332888348657327,1.815895797946404e-05,1.8915641873349676e-05,1
0.2718353200743643,0.7273411174958628,2.326066361512639e-05,2.3350538865469106e-07,0.0007733850043340921,1.6807805266640346e-05,9.875451168429083e-06,1
0.34628793774769573,0.6526773944411614,0.0001349656676502005,2.507041148667283e-07,0.0007670632873177915,0.00012372611883955468,8.662033220376807e-06,1
0.22036941836103038,0.7778283966828621,0.00024325972722161724,2.2693613174494005e-07,0.0010663158333799804,0.0004845416295053823,7.840829868801471e-06,1
0.17557946914216813,0.8227672165231018,0.00013940162817660501,2.3491906920512798e-07,0.0009494775470534733,0.0005510233729636127,1.3176867467390272e-05,1
0.07621692710530008,0.9207645662725371,3.513879225547687e-05,1.5405683332355554e-07,0.0029595490542797358,1.8320955304781336e-05,5.343763489798352e-06,1
0.08031181899565645,0.916257189420496,2.757801657265135e-05,1.5308440240516553e-07,0.0033851170353502388,1.3399761929140764e-05,4.7436855930766376e-06,1
0.10252716207800554,0.8925945084175275,2.334791622093377e-05,1.8267755650502592e-07,0.004832672372668179,1.7445761915150657e-05,4.680776106057287e-06,1
0.12113197315181995,0.8731613764055126,0.0001493839405238942,1.9495267092344456e-07,0.005147991047639223,0.00039954281307708913,9.537688756310005e-06,1
0.15420014453239353,0.8321379626440303,0.00026329102155694197,1.8832338368775017e-07,0.012155965786042128,0.0012297677102635549,1.2679982329839266e-05,1
0.19956030725351528,0.7907616601155509,0.00018895272271275977,1.8348110872911127e-07,0.007609308653110148,0.0018645806929161724,1.5007081085984061e-05,1
0.27856387270568145,0.712985118710221,0.00027159975897750126,1.968595814980718e-07,0.005534086320036462,0.0026235664860980897,2.1559159404262134e-05,1
0.1809470331360925,0.8101186005298386,0.0002934099394772312,2.0825721892487417e-07,0.005918312665390855,0.002699628095547668,2.2807376434119133e-05,1
0.04865208236711579,0.9213052950196428,0.0018063469930139724,2.009215646573106e-07,0.013808607671684533,0.01441968695628956,7.780070688541399e-06,1
0.05343173202505332,0.931239553620257,0.001815940366905525,2.363117816100573e-07,0.00446928983435952,0.009025642566487078,1.760527515565201e-05,1
0.014444019796464065,0.5973692143307041,0.04199841432910192,2.3570203212333313e-06,0.0045649807221868925,0.34161204118526123,8.972615960479779e-06,1
0.00845854581089479,0.7375629793358857,0.0013302616509408807,6.534633321050926e-07,0.002375344573062661,0.25026046770209803,1.1747463785708137e-05,5
0.009769746842806388,0.8601661187854853,0.002282681238358302,5.244364491762342e-07,0.004352590723996049,0.12341930961286166,9.028360043005091e-06,1
0.010776231512524766,0.8866494945608708,0.0026399739029285456,5.628729430963908e-07,0.002822979531745732,0.097071976422845,3.878119614220308e-05,1
0.003602842322284645,0.1843898756547569,0.6816574804136226,5.916088425108513e-08,0.001704290823251431,0.1286235104468263,2.194117837383797e-05,1
0.008022350984298461,0.6056019389498619,0.02234679973619737,1.949212322730482e-06,0.0015411754447367313,0.3624633733565353,2.2412316047585263e-05,1
0.007876938144371216,0.9546141129093243,0.003994304451633245,2.80170786702984e-07,0.0014117389181072363,0.03206346517568206,3.916023009520776e-05,1
0.009767357694262216,0.9513684343434808,0.003108982733916519,1.3172616413940191e-07,0.0016860451172736038,0.03402837458073032,4.067380417262151e-05,1
0.007676593611954581,0.9629485682755946,0.0031829624885493166,1.342686367706111e-07,0.004572600094867794,0.02158638411808129,3.275714231561339e-05,1
0.009299806585488915,0.9499315568018939,0.002513118577446358,4.774198729203049e-07,0.00341027809994252,0.03482678209107111,1.798042428432985e-05,1
0.018568792977894023,0.5094173270617702,0.006961420729870427,1.3027337181666941e-06,0.0013931743894238578,0.4636306157887653,2.736631855793481e-05,1
0.00766458369281318,0.42246055782175684,0.0028729687870038684,3.0043917051999317e-07,0.011869786699427034,0.5551146891669634,1.7113392865203565e-05,5
0.009740000957714065,0.4824894524832029,0.0016770008460014513,1.7577371198767147e-07,0.010936342137340418,0.49515274029481277,4.287507216176761e-06,5
0.0030793883452485686,0.23146321672853792,0.1164513296300823,1.056551013582841e-06,0.00023709892548914692,0.648760870200117,7.0396195115031245e-06,1
0.004999087346700511,0.5301062609639767,0.2817608878277738,2.1823077945678165e-06,0.0003987591296569067,0.18263809801658654,9.47244075108652e-05,1
0.00582274191684776,0.5904723471349241,0.30337237435276343,2.684883789922065e-06,0.0005031771010727585,0.09971617024652243,0.00011050436407945541,1
0.0047563111530373155,0.6481515421552257,0.29026551021078023,1.5920693090443559e-06,0.0003000844013524381,0.0564346860649425,9.027394535281439e-05,1
0.003856668546248983,0.6083444304007114,0.19138692273754832,9.653016546675948e-211,0.0006156432117426926,0.19578338990717445,1.2945196574181583e-05,1
0.0037382724009798287,0.6058095618634378,0.12724360507764484,1.1250762128778236e-06,0.000752090750254405,0.2624471621102179,8.18272125227221e-06,1
0.000228281497667701,0.001192325209013554,0.9423651365874534,0.00016203272000166763,3.143627150215318e-05,0.0560135507042253,7.237010136136978e-06,2
0.00014998518835554063,0.00092025911963227,0.9648553230623722,0.00016252505030659375,1.537321205947175e-05,0.0338911912005023,5.343166771665894e-06,2
0.00036385588875899484,0.0024044042406571355,0.9108966716449702,0.004529236427046041,8.610086350603881e-05,0.08171716600722613,2.5649278354860775e-06,2
0.00015558393424132353,0.0010465156970850193,0.9850024503230883,0.0007157452313901829,2.3167268376138885e-05,0.01305543975202589,1.0977937931769667e-06,2
0.00014685647533176874,0.0010108256114986316,0.9775829177535937,0.0001766032032254879,2.394983542592373e-05,0.021056724560330746,2.122560593602974e-06,2
0.00012976913180747993,0.0009278656884106328,0.974156392870619,0.00010578259110373583,2.5275718693807244e-05,0.024653038407262077,1.8755921032311603e-06,2
5.6395413752107335e-05,0.0004896011847086303,0.9882967561530535,5.271456104990453e-05,8.774813507835957e-06,0.011094752176944327,1.005696983777651e-06,2
0.9826872186781576,0.007838391517630473,1.1326854525745602e-05,2.8054604982234805e-07,3.660153967069361e-05,7.922245406590792e-06,0.009418258618559066,0
0.9156032331745906,0.026108568207870334,1.0926597124705676e-05,2.3015669479729807e-07,1.4123357259667159e-05,7.828759552370217e-06,0.058255089746907456,0
0.9507569614755751,0.018658284770422095,1.0216936028850732e-05,2.0819145448335964e-07,1.31466678397165e-05,7.4693947661647105e-06,0.03055371256391338,0
0.9564989095263216,0.012193298683775167,1.363047019940122e-05,2.1619103771183062e-07,1.365181760113133e-05,7.756400038530566e-06,0.031272536911026515,0
0.9536536195211073,0.005469472635539724,1.4386212365030792e-05,2.0221945555505527e-07,1.5728643922074325e-05,7.255134206578758e-06,0.040839335633403605,0
0.9338152241852257,0.004724041007984821,1.6070296754497566e-05,2.0705741655517324e-07,1.610494087960926e-05,7.428708288487478e-06,0.061420923803450225,0
0.7982547178532233,0.0031883512260835792,1.3443664726731729e-05,1.702587283806572e-07,1.368624737250316e-05,5.8820775140247845e-06,0.19852374867235129,6
0.7919793057703075,0.03806754889578684,1.5085414155171679e-05,2.5044418047476327e-07,1.3737038107434847e-05,6.60314808692741e-06,0.16991746928937546,0
0.8166007207826207,0.04384097014713548,1.3232617205273606e-05,2.4544629219106275e-07,1.3050918027671013e-05,6.521952256856135e-06,0.13952525813646163,0
0.6524781882247344,0.006570934564034701,8.587083228864141e-06,1.2781061636552642e-07,1.0295630574270253e-05,4.3091535674309195e-06,0.3409275575332442,0
0.6321359838123883,0.05087942693238644,9.898773975151541e-06,1.418736508233192e-07,9.328339170556823e-06,6.226564438698322e-06,0.3169589937039899,0
0.7730738326677918,0.05811203541342561,1.1356477797347205e-05,1.6903043656796568e-07,1.0541107386915903e-05,7.441016092449208e-06,0.1687846242870692,0
0.8697249457315918,0.07232837481616429,1.3529173723881221e-05,1.9777805293672814e-07,8.852925052443292e-06,8.706536553514254e-06,0.05791539303886106,0
0.8376268790781677,0.07435108323014297,1.3373963872681476e-05,2.0380430921321942e-07,1.0551006237413084e-05,8.00724556244256e-06,0.08798990167170768,0
0.8419974859140333,0.08746126262304875,1.4170511455550756e-05,1.65745708487365e-07,1.5818638123862257e-05,8.484153692217968e-06,0.07050261241393752,0
0.7477092156035391,0.25217689032018187,1.4703614587085767e-05,1.859190943759942e-07,1.2525311982109287e-05,8.61502368751796e-06,7.786420692779852e-05,0
0.7446855696339385,0.25523513049668417,1.514893159632269e-05,2.1074004931693512e-07,1.5679527061739962e-05,9.765164373608954e-06,3.849550629622567e-05,0
0.8374068274399933,0.1625551334431332,1.0508121614196583e-05,1.7634681547810873e-07,1.3693406654647958e-05,7.292938588417248e-06,6.368303200534739e-06,0
0.6265646648405612,0.37338679265470887,1.5151737050316993e-05,2.1216665756650193e-07,1.5470034974163244e-05,1.1613973548202194e-05,6.094592499820712e-06,1
0.6567471181026513,0.3432065071065689,1.6647549265789046e-05,2.22625887940262e-07,1.4305431377176465e-05,1.0221685751290834e-05,4.977498497703672e-06,0
0.5921419971816405,0.40781664168167236,1.420983727346047e-05,1.7627894395764414e-07,1.2853298720504884e-05,9.649485059109188e-06,4.472236690039409e-06,0
0.37027595187038503,0.6296777899326191,1.5942642098008343e-05,2.426883956230908e-07,1.4500224902258558e-05,1.068371525208559e-05,4.888926347995391e-06,1
0.049706489262809565,0.9365069759211834,1.6280063930275512e-05,1.1609827254391295e-07,0.013732331163924949,3.2183670291513774e-05,5.6238195875093415e-06,1
0.06558899098717516,0.8041183630967488,2.2814230631728598e-05,1.3282173602637805e-07,0.1302084730036358,5.693051268158272e-05,4.29534739093031e-06,1
0.08801454467027976,0.8357420871090671,3.4557439314110346e-05,1.6671186682939236e-07,0.07614901839864265,5.620429778944336e-05,3.4213730401150716e-06,1
0.0414342830722876,0.2565696333522968,7.827149560182901e-06,1.1004051084326239e-07,0.701951137312487,3.018910031528502e-05,6.81997254225276e-06,1
0.26686913630350484,0.692071874555323,3.840623064822031e-05,2.5991662678866703e-07,0.04091060798737431,0.00010566972681441256,4.045279708415593e-06,1
0.2662895515528194,0.6866566939439621,4.3435990073203604e-05,4.897376590949101e-07,0.046874814806756,0.00013043891082176203,4.5750579083764865e-06,1
0.24096627932631684,0.6510014917627042,5.010569618763945e-05,2.6361918220412395e-07,0.10787012937495702,0.00010690596391552679,4.824256736347173e-06,1
0.025741277860980537,0.9702394096289529,0.0028680475048030456,8.137355482704997e-08,0.00039110649997790197,0.0007033830803168789,5.669405141362909e-05,1
0.05628440661095762,0.9423308254167513,1.3017805839812354e-05,4.84899277583067e-08,0.0012326886442231753,5.105853780099312e-06,0.00013390717851987532,1
0.021285670781868986,0.9782112855339622,1.4198899483227947e-05,5.743551068571314e-08,0.00046637372509367506,5.24514054338972e-06,1.716848353770032e-05,1
0.022667947014736053,0.9763268652868067,1.2387830930684675e-05,5.883328147534405e-08,0.000984095601266673,5.686379649323179e-06,2.9590533291781105e-06,1
0.0243602802426408,0.9754961552695047,1.2672517223640604e-05,6.018533647991814e-08,0.00012198767053857357,5.817059051695067e-06,3.0270557040616738e-06,1
0.07765050644748164,0.9222890350902422,2.0055379961725152e-05,1.0098308417916678e-07,2.5421318689351824e-05,1.1050105700455005e-05,3.830674840431564e-06,1
0.10342258782373974,0.8964536903651044,2.8733540991605223e-05,1.708285771028334e-07,7.349695314075887e-05,1.5832242760279716e-05,5.488245685851522e-06,1
0.12594808508097396,0.8739716069496873,3.228203964570682e-05,1.698569222422483e-07,2.7088882120876516e-05,1.5742190639651627e-05,5.0250000101705425e-06,1
0.13521508097185922,0.8646794788365983,5.2564922832703836e-05,1.8395986610059025e-07,2.8443010211088423e-05,1.9088846685043454e-05,5.159451947813469e-06,1
0.3033753023207627,0.6965630024190552,2.6241569239243353e-05,1.807853179786717e-07,1.4293141523545108e-05,1.5377699522231385e-05,5.602064579155754e-06,1
0.2789786244807525,0.7209656761283997,2.4813702419946092e-05,1.6962429454908656e-07,1.3810770648219384e-05,1.2352762966430285e-05,4.552530518872172e-06,1
0.21894536897483857,0.7809724995486462,3.707499056498053e-05,2.0816831579773343e-07,1.3462288322937503e-05,1.5159702618107388e-05,1.6226326693145037e-05,1
0.37556962006094324,0.6243516640924559,3.204613994630987e-05,2.0896436153174045e-07,1.5956223870564208e-05,1.796809004406455e-05,1.2536428378448135e-05,1
0.367947490062614,0.6319658315037859,4.008924709073358e-05,2.086038312872619e-07,1.5928694289678545e-05,1.793708935165502e-05,1.2514799036702781e-05,1
0.32183156471513835,0.6781020108835744,2.8336870805905257e-05,1.7017951941392765e-07,1.2994668038364049e-05,1.3112117094493197e-05,1.181056582910694e-05,1
0.33256313305962254,0.667372854398192,2.5271259530180135e-05,1.6458131069571487e-07,1.266240270888578e-05,1.1674088991815241e-05,1.4240209643881322e-05,1
0.2878303236035843,0.711723107327665,2.2369032713428224e-05,2.245546285352691e-07,0.0003968640658577488,1.770378246971237e-05,9.407633081458103e-06,1
0.23912265303918318,0.7596988471646654,0.00014962546383659312,2.4117734573399386e-07,0.0008038942894020823,0.00021731142755817548,7.427438009028572e-06,1
0.16055164775025463,0.8381257962887783,0.00015510556518489875,2.393042989401099e-07,0.0008881024478600457,0.00026212011653896334,1.6988527084305927e-05,1
0.11798323540201652,0.8813957513973726,4.346541397019217e-05,1.8463026405050263e-07,0.0005527875031580041,1.613405325666468e-05,8.441599962103118e-06,1
0.09683728148059312,0.9018449749187393,3.5756843621473996e-05,2.020805629276092e-07,0.0012551692769973378,2.0353450913844098e-05,6.261948571764946e-06,1
0.10664518277468471,0.8892860850104399,2.2028736878185813e-05,2.0559412589091e-08,0.004025980675162067,1.5717375167826793e-05,4.9848682545535205e-06,1
0.10775357387225146,0.8870243960663512,2.279924940789179e-05,2.0135015322223793e-07,0.005177603103452684,1.6267131359834907e-05,5.15922702375152e-06,1
0.16601015297543473,0.8292519608477302,0.00019045004386372303,1.8767024484779e-07,0.003975116019639599,0.0005565117519183152,1.562069116865634e-05,1
0.15825240981570182,0.8322172069382919,0.0002312849039648087,1.9310007494567852e-07,0.0075660017222160085,0.0017171096949668459,1.579382478387879e-05,1
0.1890638261946732,0.8026763638859462,0.00031365008537811415,1.82434749370905e-07,0.005516618772132578,0.0024078675161037432,2.1491111016889124e-05,1
0.15835605471730507,0.8289899525461415,0.0007966455488650927,2.0365550935939812e-07,0.0038646585530460013,0.007973042533168247,1.9442445964655898e-05,1
0.05546587382144281,0.8930867433230574,0.0003308019546521735,1.7397338243503117e-07,0.04772402700430298,0.003385559273022019,6.8206501402987025e-06,1
0.04891956754198668,0.9082075101859899,0.000336402731140565,1.769189092562756e-07,0.03960590218285296,0.0029199121939073036,1.0528245213241773e-05,1
0.04520359386823353,0.9122154813325156,0.00034531327099157963,1.776996624163422e-07,0.0387999044816685,0.003424954639973188,1.0574706955261039e-05,1
0.04272439679754934,0.9261877839176584,0.0017175249704512413,1.8900150884193175e-07,0.015665583867362647,0.01370064059459146,3.8808508779497755e-06,1
0.05936584844018666,0.9061864502303371,0.001313075592280521,2.2559854462764765e-07,0.02416247030620513,0.008964720297851805,7.209534594109489e-06,1
0.05578414863054162,0.9131779282882828,0.0032384075272344913,1.5457713014874845e-07,0.017136630923106043,0.010658982390441761,3.7476632629617437e-06,1
0.07167248991139742,0.9074241578758333,0.0023345308142949366,8.261796118558346e-08,0.01555731276416377,0.00300527060411819,6.15541223149666e-06,1
0.0640310148472868,0.9194568077961538,0.0015796756688621133,6.654584496710243e-08,0.011649137640964164,0.0032783034894647337,4.994011423420553e-06,1
0.0009528342147406601,0.1601974322908179,0.8262084573851618,8.854397873464977e-08,0.0012480185990296022,0.011378875479041574,1.4293487229808755e-05,2
0.007089932871462063,0.12027084968531304,0.8545780163706511,3.276879756491445e-07,0.0005027191330109871,0.01755252195669578,5.632294891253513e-06,2
0.004571500870763757,0.31377754101598027,0.0012658741064022533,2.5794090559030895e-07,0.0004853183412797708,0.6798837946381973,1.5713086471087306e-05,5
0.007269661086915054,0.5647546110836151,0.0014874965308810197,2.6906933784362045e-07,0.00154096392182301,0.42492787332210585,1.9124985321971077e-05,5
0.012318422839510488,0.8991054692741498,0.0025365577423659526,5.451258174541249e-07,0.0036221517393231037,0.08239959340646416,1.7259872369034122e-05,1
0.008061496965643644,0.9380408678755163,0.0032290985246383355,5.464981407760721e-07,0.001155388225889143,0.0494783453015305,3.425660864117262e-05,1
0.003910874384089896,0.16823776154431644,0.787526341509783,3.760382966159492e-07,0.0009767810016255327,0.03933608523197396,1.1780289914359044e-05,1
0.0028178907041472743,0.3109763575275227,0.6159409195737272,8.47590498577316e-07,0.000857380368818804,0.06936448739588036,4.211683940525033e-05,1
0.006710173656572148,0.6108743509500995,0.020190189049685527,1.1792382019132674e-06,0.0018383834211866514,0.3603707818350517,1.4941849202585026e-05,1
0.006135848147694245,0.648252271935285,0.014326413176482153,1.152813400999874e-06,0.0016547968973689073,0.32961600307257244,1.3513957196235193e-05,1
0.004460190533210968,0.856806670095177,0.0027766463392330854,8.266302359773612e-07,0.0004960110130533689,0.13543760430878474,2.2051080304779973e-05,1
0.009519013244093015,0.8149569798026526,0.002716883261135809,7.69657487318707e-07,0.0007286423456266041,0.1720538926991679,2.381898983672227e-05,1
0.007302322640261316,0.9034121267125841,0.0034457112372953077,5.214820495710358e-07,0.001021136737851094,0.08479245706460213,2.572412535641756e-05,1
0.008040080861033087,0.9314000081102674,0.004246295390427943,2.733576525619689e-07,0.009428892844900404,0.04684624149584522,3.8207939873334944e-05,1
0.007699224907951492,0.933076865767389,0.005146199743524463,2.613194691453174e-07,0.0011823965317498562,0.052856775001899815,3.827672801589621e-05,1
0.011707454103183761,0.9669603640062022,0.0026090140005201115,1.374271158573962e-07,0.003012494876597915,0.015677007878790117,3.352770759008972e-05,1
0.010769055397246749,0.8857973824595362,0.0023290160799100132,4.4518709873238247e-07,0.06317725305214619,0.037910081339516406,1.6766484545678488e-05,1
0.011076261303795592,0.877979728595484,0.0034574372037871346,4.396473668859416e-07,0.06497949332125207,0.04248939515083618,1.72447774780195e-05,1
0.0330092377694371,0.4447054495839477,0.006122091648027269,1.367101171665421e-06,0.001104706042732577,0.5150295398290567,2.760802562688492e-05,1
0.006863619184129457,0.504064011697855,0.0026019224705720193,9.716348081759114e-07,0.005024077111526342,0.48144102910827524,4.368792833812464e-06,5
0.007047102690404763,0.7169307853990142,0.25449663957683016,1.614567676113377e-06,0.0003462663525080788,0.02111331441311615,6.42770004502967e-05,1
0.0005511155938988666,0.012919390647877794,0.7033198597628123,0.001387677356757062,9.684097530986102e-05,0.2816981471472059,2.696851613816553e-05,2
0.00018726412673269425,0.001450797074394792,0.9375195732867476,0.00024835047113629707,3.476279291417123e-05,0.06055780276164486,1.4494864297182872e-06,2
0.00023210505763755367,0.0020507063433278074,0.9357186903678181,0.0020496308641329334,4.021938215299797e-05,0.05990066319475486,7.984790175746153e-06,2
0.9536536195211073,0.005469472635539724,1.4386212365030792e-05,2.0221945555505527e-07,1.5728643922074325e-05,7.255134206578758e-06,0.040839335633403605,0
0.8717615756413837,0.0035839027364738332,1.412918955630449e-05,1.7894063083277224e-07,1.4810651809088105e-05,6.18201880736258e-06,0.12461922082133906,6
0.887700599639164,0.007978220419307827,1.342841835122564e-05,1.7104290762570426e-07,1.3019167203752971e-05,5.909169241703754e-06,0.10428865214382411,6
0.3187002902663779,0.013299588500895698,6.280697222620303e-06,8.154110917161475e-08,5.982095041381747e-06,2.74917038561369e-06,0.6679850277289676,0
0.6850925818630172,0.0068993854614139895,9.016312155876808e-06,1.4435313934565715e-07,1.0810261951017416e-05,5.671474950222457e-06,0.30798239027337254,0
0.32364578884026096,0.0026330860696093497,4.2568115125158624e-06,6.815248793642096e-08,4.999777261648825e-06,2.7891573014436385e-06,0.6737090111915661,6
0.8358800828291099,0.07278447719845148,1.5250487932920967e-05,1.9799421264569363e-07,8.875342439543583e-06,8.716052282785324e-06,0.09130240009557067,0
0.8226830958509679,0.06821525443897918,1.9414707364119476e-05,1.5826933229354015e-07,8.857317040678602e-06,7.0147670629488975e-06,0.10906620464925276,0
0.7733006015715774,0.07195420473823003,1.3301426227894337e-05,1.680915066545352e-07,1.0282972155978657e-05,7.399682751913766e-06,0.15471404151755022,0
0.8304112957670078,0.07765511798833635,1.3968279914498704e-05,2.1286102355086694e-07,1.1019874878296511e-05,8.363073836979036e-06,0.09190002215500252,0
0.8327100254686045,0.1613427581416957,1.7491438169245677e-05,1.8871471121252154e-07,1.3654373759481135e-05,7.901917182090858e-06,0.005907979945877651,0
0.8288503016178183,0.16802937457978415,1.7572173025186362e-05,1.7310724236728343e-07,1.323483346775065e-05,7.796828687641905e-06,0.003081546859974342,0
0.7905207467955138,0.2081971450280869,1.4297879183639692e-05,1.8078879404622175e-07,1.2179685232968803e-05,7.958639598564293e-06,0.0012474911835902674,0
0.660858012670301,0.33910378729145657,1.311511356332036e-05,1.8805569849510374e-07,1.1863082534909986e-05,8.906090192471346e-06,4.127696253176799e-06,0
0.6097822437916226,0.39017437732574406,1.6076760642819144e-05,2.0446428397702486e-07,1.3138408163482375e-05,9.387810544012954e-06,4.57143899905651e-06,0
0.530963141933163,0.4689897035611699,1.646160772581305e-05,1.942124818663069e-07,1.4723354495365523e-05,1.0848116359870978e-05,4.927214604115213e-06,0
0.4664492048492177,0.533501692548905,1.6893386628438265e-05,2.0267563051987424e-07,1.554377101019275e-05,1.1320842007998908e-05,5.141926600182295e-06,0
0.36992789749392274,0.63002867110098,1.5141623949277519e-05,2.3049482016769324e-07,1.3771679204752197e-05,9.644318775967951e-06,4.6432883471873665e-06,1
0.1530781664928665,0.8468906617904006,1.129656643906991e-05,1.2968493007079048e-07,8.159895881957358e-06,7.224442181024077e-06,4.3611273005985075e-06,1
0.2654671178830156,0.7344830809075206,7.597177715068499e-06,9.050322507694541e-08,1.231967236704498e-05,8.333795832847908e-06,2.1460060323763476e-05,1
0.1356771576192806,0.8636335518794043,7.321063753537129e-06,1.3288144146096922e-07,0.0006517420152837729,7.329887514925208e-06,2.2764653321660674e-05,1
0.09354737256580897,0.9045680224734685,1.0128227859502856e-05,3.781455322767657e-08,0.0018621506856852743,8.712785896931432e-06,3.5754467274817046e-06,1
0.0435279676074037,0.9468064831755034,9.196092910684922e-06,1.3538167624993677e-07,0.009644326674080559,7.256497244561788e-06,4.6345711808701465e-06,1
0.09445213921724896,0.8057023555973299,4.740166250978019e-05,1.956487097473985e-07,0.09973165508958533,6.253801729999445e-05,3.7147673163666272e-06,1
0.2762092777465839,0.6865243040489114,3.596593513851929e-05,3.3318194024287676e-07,0.03713489913111406,9.143166922413441e-05,3.7882870876072304e-06,1
0.04575426708343859,0.9517176349914788,0.0013096176526972644,4.111973717564182e-08,0.0006040506360124802,0.0004959629144854424,0.00011842560215018437,1
0.05412300992116137,0.9435608063654993,0.0011345456968707489,4.3343749265881713e-08,0.0009710280599834728,8.56542246843451e-05,0.00012491238805133548,1
0.04133824360655976,0.9586014417333695,2.079945894340032e-05,9.878246073901636e-08,2.363879687229439e-05,1.0809301789401774e-05,4.9683200050075555e-06,1
0.07896594092485713,0.9209726980642902,2.03951271116856e-05,1.0269378300958378e-07,2.5851967252950546e-05,1.1237299457225316e-05,3.7739232476157766e-06,1
0.18779900702134858,0.8121045235353596,5.569964705043601e-05,1.949303653666428e-07,1.511909733653588e-05,1.968900275209212e-05,5.7667657874604514e-06,1
0.2429600300808977,0.7569634122891623,3.8878019738017017e-05,1.809164169715702e-07,1.512761163965507e-05,1.67649551510043e-05,5.606126994360102e-06,1
0.26458036609724556,0.7353423897622352,3.950989411050243e-05,1.817743269914853e-07,1.4098694874440843e-05,1.7821065823182992e-05,5.632711384001944e-06,1
0.31636752502319243,0.6835628255972398,2.9090071274671967e-05,1.9885717716927466e-07,1.764605933954971e-05,1.7377282664999514e-05,5.337109111442248e-06,1
0.23003119809717437,0.7698723053115919,4.776253601095004e-05,2.2515928581208467e-07,1.4561097891257376e-05,1.6397057359743575e-05,1.755074068587859e-05,1
0.3316503454367324,0.6682441656501931,4.45671053739582e-05,2.0105383625113014e-07,1.5352187319135302e-05,1.728789257165361e-05,2.8080673973546117e-05,1
0.1976582458779503,0.8022596019865866,3.4684800237770114e-05,1.6617222684964145e-07,1.2321143459916705e-05,1.2462684010202544e-05,2.2517335528525213e-05,1
0.2625106124149592,0.7374191985284319,2.9197794784522794e-05,1.6471518328543944e-07,1.3876892377992296e-05,1.2694283249004339e-05,1.4255371014188727e-05,1
0.26966726257241747,0.7300103886234675,2.2962997218501783e-05,1.8116991483580622e-07,0.00026652704363000013,1.4359453115911978e-05,1.831814023589431e-05,1
0.4181784412021788,0.5813315095021738,2.1719475997813115e-05,2.131336632280439e-07,0.00042967379560439106,1.689288669876219e-05,2.1550003683224978e-05,1
0.35289890849129396,0.646661330127385,2.137546928607893e-05,2.1458060465981042e-07,0.0003937359641569971,1.544559223193574e-05,8.989775041398684e-06,1
0.32342101460911443,0.676010465354655,2.459157171363911e-05,2.468658936664566e-07,0.0005155697439260109,1.7769499417664025e-05,1.0342355279376973e-05,1
0.3317110281444772,0.6672150263103519,0.00013346882692564027,2.46761320574582e-07,0.0008225068397345019,0.0001111003132707492,6.62280391956409e-06,1
0.21181641959006053,0.7869822826151937,0.000101563250566907,2.6000239936386335e-07,0.0008429520472357182,0.0002492960460285111,7.226448515405427e-06,1
0.20683355745382903,0.7918176086762991,0.00015139500740206203,2.3008138480147615e-07,0.0009384317308750003,0.000252017868733325,6.7591814766094814e-06,1
0.18159035701790566,0.8180446264792388,2.8672384446014492e-05,2.161639566086639e-07,0.0003066926001643767,1.731048159456186e-05,1.2124872693803818e-05,1
0.17230450161250818,0.8273835686427897,4.687173662888828e-05,1.990994751880652e-07,0.00023587154037118063,1.781966095547313e-05,1.1167707271516917e-05,1
0.07507143233636197,0.9223851615328991,2.8528033193506004e-05,1.7009158570496473e-07,0.0024932091711383783,1.622814106084311e-05,5.270693760666079e-06,1
0.07364021046665312,0.9167670203970439,2.7097336777550148e-05,1.773056269586141e-07,0.009543764643723935,1.718671987436071e-05,4.543130300270653e-06,1
0.1813316566419577,0.8153508849025174,0.00013949349042188485,1.8204519467626814e-07,0.0027890667737933998,0.0003735636547485768,1.5152491366344555e-05,1
0.1752576730745325,0.8192579962402975,0.0002876079586344849,1.854084837987601e-07,0.004565526714678957,0.0006155781693829121,1.5432433989832675e-05,1
0.14392797784913686,0.8463370700199369,0.0002379517063204813,1.7866843916805697e-07,0.008332911135335432,0.0011518807145755468,1.2029906255864966e-05,1
0.14094415612147518,0.8509169383462525,0.00041198982919581485,1.7610608143176838e-07,0.0053252470708748546,0.0023807469425080794,2.0745583611951082e-05,1
0.13861843291935136,0.8441002598734184,0.0008527870916692649,1.8066251162582874e-07,0.008751008377382801,0.007666204020484599,1.1127055181932839e-05,1
0.07295202237096617,0.8763521719734081,0.0003246034202386717,1.7071348634647652e-07,0.04704221767929443,0.003322120997136247,6.692845470397186e-06,1
0.035424083794917,0.9159975005613701,0.0004063198441847377,1.762275356822233e-07,0.044298714210824576,0.0038675033156565105,5.702045511647548e-06,1
0.0339687167888449,0.9262409944485035,0.0005068649960924472,1.5592905295652172e-07,0.03597154368161669,0.003308482441865189,3.241714024443557e-06,1
0.03497804560978088,0.9216549274538599,0.000498764590627822,1.0649233707689667e-07,0.04030607121506679,0.0025545534231147804,7.531215213082792e-06,1
0.035534381885853054,0.9311371219906082,0.0006079280361344655,1.1081949514897015e-07,0.030156088244058694,0.0025492511337019755,1.5117890148651428e-05,1
0.007474055280801469,0.740314362565589,0.003891652305000319,8.93570694444925e-08,0.24258014084966606,0.005704724433620731,3.4975208253071515e-05,1
0.00794418784815079,0.9353675839916776,0.007155498381852918,1.0984887066169009e-07,0.022751259401897064,0.02676730388322885,1.4056644321802288e-05,1
0.0036775547970443728,0.17156993069628945,0.8043010401547267,1.494142361627136e-07,0.0019930643837512375,0.01845197507423727,6.2854797148651824e-06,2
0.005034561536802118,0.17692856389184963,0.01804294460270433,7.686832400003825e-07,0.002366792233811355,0.7976231734807517,3.195570840730366e-06,1
0.020682782542524224,0.20226549831568552,0.002383087219668805,5.05699777989507e-07,0.0007129456626293685,0.7739501354042395,5.045155474582909e-06,5
0.004328246669772147,0.27685565871139595,0.0008632572041198411,1.285042162043079e-07,0.0006714223197660131,0.7172721527322663,9.133858463453519e-06,5
0.004209232938350093,0.3291026158469605,0.0010347897006275251,1.5679628141262666e-07,0.0008879211720105851,0.6647483670099956,1.6916535774280626e-05,5
0.007282459175754365,0.9275843941374625,0.0027707372639992137,5.279094182474107e-07,0.0013515673945397335,0.060977222722918986,3.3091395907055334e-05,1
0.008583803532375575,0.8463696024334528,0.0036042295743125828,7.196790420834674e-07,0.001783598723269811,0.13962028003490584,3.776602264118378e-05,1
0.003805099635738513,0.19166519353706202,0.7211500792540917,3.9796613623803174e-07,0.001217512880382884,0.08214924949518383,1.2467231404809212e-05,1
0.0029011402326417457,0.22417461528829594,0.009497385569756866,9.40713256330148e-07,0.0003706078462353998,0.7630473426999773,7.967649836248909e-06,5
0.003435417224135755,0.7327180538887537,0.010965653245289683,9.400957706181386e-07,0.00032732255347771397,0.2525280152784272,2.4597714145373403e-05,1
0.011833139706475704,0.8760704633015871,0.0066365138574881926,3.971736104676759e-07,0.003382911625470014,0.10204000104804072,3.6573287327731476e-05,1
0.009937023061660069,0.8037263540934704,0.0049262341877442965,3.501248118167434e-07,0.001816450434072627,0.17956134724687084,3.2240851369917046e-05,1
0.0069918886625388735,0.9094452987484565,0.003705266414872878,1.251394989015812e-07,0.0016657309873933817,0.07816623356512827,2.545648211122038e-05,1
0.007943453615194156,0.9556388841583732,0.0022950970074392648,1.0612201630603676e-07,0.002690920364843795,0.03140753658287304,2.400214926031179e-05,1
0.009892049087691226,0.9521020054456182,0.002426972692886847,5.078235525603328e-07,0.002374305945822244,0.03318092614012961,2.3232864299533738e-05,1
0.012185483988738878,0.9444487218194622,0.002485635025558066,5.03741513390625e-07,0.0022185028913297832,0.038638106421882035,2.304611151578227e-05,1
0.012534780514786284,0.9362392583692751,0.002691182911712648,5.181812484734346e-07,0.002282096208893842,0.04622845708648557,2.3706727597901216e-05,1
0.01439720013217444,0.8722620478432589,0.0037400141875413725,4.6411050952309275e-07,0.003891676630417544,0.10568976875551109,1.882834058691684e-05,1
0.005884841048549795,0.17821666523819013,0.03519178362780271,1.43664983563626e-06,0.0009815633807527552,0.7797136565251425,1.0053529726605483e-05,5
0.0029540089554213767,0.7999930008435665,0.14488976446563928,8.255364070580417e-07,0.0004410955263548355,0.0516884534888095,3.2851183801124875e-05,1
0.007865399518967075,0.8341243760307707,0.10996153435988607,8.824622287350659e-07,0.0007436006352437192,0.04726833326152243,3.5873731381328215e-05,1
0.0052247594193831105,0.8942513763336511,0.07398200317897596,5.655529732100138e-07,0.0009697057761814301,0.025544253385557866,2.733635327728078e-05,1
0.0005346473145665813,0.0022053536932360855,0.9359721279599247,0.0008796354904785272,8.738970168779226e-05,0.06030562079006981,1.522505003667554e-05,2
0.0005716760403114512,0.0021120074878009194,0.9495334125829832,0.0007482618044565751,8.716674335843896e-05,0.046932894723124244,1.4580617965374196e-05,2
0.00010970347934117132,0.0008061349406268161,0.9813202025326824,0.00017678573575036942,1.4061327896340325e-05,0.017568642931342946,4.469052359944135e-06,2
0.0002744897202930348,0.0021459897733338566,0.8612713709030188,0.00021754058889853937,4.025738885804814e-05,0.1360408641998783,9.487425719346403e-06,2
7.366623782099262e-05,0.0007600856613336076,0.984612864432801,5.533498724264197e-05,1.3234514202059605e-05,0.014483524072044984,1.2900945547755496e-06,2
5.490267752380232e-05,0.001391129280530181,0.9904745468233841,4.204215787135679e-05,9.278965399242711e-06,0.008027309076217555,7.910190737992398e-07,2
3.8115366718886835e-05,0.0010268465175520772,0.9937660635784169,4.129407360031005e-05,6.9641922406425354e-06,0.005120168668808883,5.476026622585957e-07,2
2.251537691799742e-05,0.0001668920824651279,0.995154096765175,9.255417109203463e-05,3.768503382333043e-06,0.004559423827164329,7.49273802982576e-07,2
0.00013090680664181172,0.0009802653840735385,0.9451923319970991,5.596602758949256e-05,1.457150938371754e-05,0.053622027217841914,3.931057370268205e-06,2
0.0002344231243287871,0.002027201648871175,0.8413309614622577,0.0007174874191432923,4.446140950202244e-05,0.15563742335424718,8.041581649932698e-06,2
0.00022860962653788942,0.0019825716577276937,0.9268665985894446,0.002683775197022054,4.3482566418796416e-05,0.06818709782116823,7.864541680566095e-06,2
0.8103613676498465,0.019605221744371248,1.120267150109194e-05,2.1378625948594867e-07,1.2887102941295205e-05,7.271920647757609e-06,0.17000183512443254,0
0.8334021239312934,0.02739696492125584,1.1557246071971633e-05,2.618599490293493e-07,1.4931734816855792e-05,7.227328400879533e-06,0.13916693297821212,0
0.7990980526858679,0.034341241418867866,1.0186950206545726e-05,2.574406701412095e-07,1.3647686895484687e-05,7.105356408071728e-06,0.1665295084610841,0
0.9250318861510981,0.027613302826957856,1.0136981636720671e-05,2.03128547736274e-07,1.2826960417178107e-05,7.287750186889801e-06,0.047324356201155465,0
0.9743354526816231,0.01121860502453586,1.854112700901626e-05,2.0286037413131704e-07,1.4494701379044853e-05,7.278128780832285e-06,0.014405425476298197,0
0.9482547370800337,0.0042991879640594715,1.4660198877565983e-05,2.0607074052071944e-07,1.602819714607595e-05,7.393308791298996e-06,0.04740778718035127,0
0.9643105472604508,0.003490916643771912,1.4546976003398748e-05,2.0447922585448724e-07,1.5904409019887914e-05,7.336209179080383e-06,0.03216054402234879,0
0.9371388141715761,0.006229638570110325,1.5349570011281938e-05,2.12174292424388e-07,1.7791277301285707e-05,7.6122891464601195e-06,0.05659058194756207,0
0.8198365334176836,0.006454251143307986,1.2405754307854926e-05,1.610615717519015e-07,1.135730913928721e-05,5.430214376760773e-06,0.17367986109961275,6
0.2605032899141571,0.004333368348825375,4.100178652273879e-06,5.323184723888107e-08,4.031393588106486e-06,1.7947194916449248e-06,0.7351533622134382,6
0.5931063546072025,0.004463692788540139,7.975746928633565e-06,1.1659453344713998e-07,9.22625357686907e-06,3.931001696367709e-06,0.4024087030075219,0
0.6706719829749077,0.005855122891316516,8.82652668090303e-06,1.807057958478898e-07,9.974261147925585e-06,5.552095369233983e-06,0.3234483605447817,0
0.587430563458096,0.005674847996474702,7.565720370994171e-06,1.4718903014396483e-07,9.151930863304472e-06,4.848651198802312e-06,0.406872875053966,0
0.5709930690677416,0.005585838108023078,7.254037418161533e-06,1.2603565601580519e-07,9.868252604729642e-06,5.0663901955397036e-06,0.42339877810836085,0
0.08700911293484176,0.0006612052623202131,1.1691574515334993e-06,1.8718467772682846e-08,1.4443749059725012e-06,7.660578893131696e-07,0.9123262834941234,6
0.7846960777055585,0.06817964830632035,1.4227615088413682e-05,1.847144471473257e-07,1.1315750549378737e-05,8.131453728917333e-06,0.1470904144543072,0
0.8382794510967329,0.061604100270334416,1.7533110284713548e-05,1.4293049108322057e-07,8.413389629975074e-06,6.334923428388075e-06,0.10008402427909846,0
0.7420661323174903,0.06521413724667559,1.3830563118031737e-05,1.8587215565222132e-07,1.2388994213823789e-05,7.302711111818555e-06,0.19268602229523485,0
0.8599528804075361,0.06802676897217823,1.446519647317294e-05,2.2043347828016984e-07,1.489008931297113e-05,8.660587195563483e-06,0.07198211431382583,0
0.8274386321254711,0.1304122658674593,2.4117069017452587e-05,2.2947005504128753e-07,1.7997503368740896e-05,9.391118341536705e-06,0.042097366846287065,0
0.8167868920015248,0.17620735636549079,2.0995138695167216e-05,2.265160530191088e-07,1.700379119554938e-05,8.89956481961185e-06,0.0069586266222209595,0
0.8660789416284597,0.12296889549678562,1.557234457956413e-05,2.09002489362743e-07,1.1064335077162077e-05,7.104248379829241e-06,0.010918212944228975,0
0.8348662556338666,0.16212310071326502,1.6954506819047336e-05,1.6702248019843064e-07,1.2769625814423396e-05,7.5227682405640665e-06,0.002973229729514044,0
0.7559154923113774,0.24214421204713432,1.3906257483383366e-05,1.7583695370666387e-07,1.1863112259300966e-05,7.74065090728458e-06,0.0019066097838846233,0
0.7753827308139072,0.22360326381587028,1.549203176230034e-05,1.9588819458181134e-07,1.4973873832586064e-05,9.076966742396806e-06,0.0009742666096909167,0
0.8274833073345967,0.17247575561082348,1.0721163075679187e-05,1.7992206752377436e-07,1.3202514544961546e-05,7.44079548924339e-06,9.39265940213189e-06,1
0.679289104795314,0.32066095037821435,1.2729034720819601e-05,1.7310357329109007e-07,1.2978358897400507e-05,8.240455508807383e-06,1.5823873771403966e-05,1
0.6178733849010238,0.38206224108253517,1.3677289233764468e-05,1.853961552649064e-07,1.3930401658974163e-05,8.825633924929744e-06,2.7755295468184287e-05,0
0.5570085088906325,0.4429292293009059,1.5221606173730093e-05,1.888303581530638e-07,1.4188442746946483e-05,1.0336547739598665e-05,2.2326381443224096e-05,0
0.5570181995079284,0.44293693521128574,1.522187099331131e-05,1.8883364335015777e-07,1.4188689591952423e-05,1.0336727570834107e-05,4.929158986434399e-06,0
0.6255858433877916,0.37437555308796006,1.3667180891507358e-05,1.618984125256471e-07,1.1804748836410502e-05,8.862296753576523e-06,4.107399354118591e-06,0
0.5454242725595823,0.4545331165243821,1.5055013665105086e-05,1.7761761895506547e-07,1.2950907596784865e-05,9.921177977191848e-06,4.506199177589508e-06,0
0.5650108002308878,0.43494522098247224,1.5312521431765592e-05,1.8138875392424695e-07,1.3751180664782142e-05,1.0131822064334612e-05,4.6018737249496085e-06,0
0.45506232581242023,0.5448867870188953,1.7507353625768876e-05,2.1004159869661037e-07,1.6108688076511284e-05,1.1732282504080652e-05,5.328802879323016e-06,1
0.39991603123193864,0.6000366334096512,1.636907677745775e-05,2.511273110904676e-07,1.4888077726158518e-05,1.0807380972962124e-05,5.019695622450823e-06,1
0.06187911585520326,0.9237315246737695,2.4452819468083572e-05,1.3812629870310092e-07,0.014321370152608186,3.5093367451706125e-05,8.305005200587607e-06,1
0.10433943336226206,0.7979543083246792,2.6858561288973253e-05,1.7321139240053983e-07,0.09760752433238123,6.658373598270505e-05,5.118472013420258e-06,1
0.22085970560223683,0.7375619396683463,3.581884172455781e-05,3.797561363078667e-07,0.04141184439999267,0.00012078809094787645,9.523640615448912e-06,1
0.2895973849332913,0.6802872012679708,2.738586971644324e-05,2.668595380563942e-07,0.030000893111771853,8.296321319622768e-05,3.904744515503727e-06,1
0.12758293575382412,0.6927042813775265,6.255307622790249e-05,3.194974994860128e-07,0.17956803438869134,7.640356095520554e-05,5.472345275302329e-06,4
0.004514856952978175,0.060470307556712816,6.2065304796430885e-06,3.121252182994295e-08,0.9350006696746882,5.964185055014151e-06,1.9638875643516213e-06,4
0.0463370007706829,0.9512988496061678,0.0010716496617691805,3.7108419248357096e-08,0.0011197666585532739,8.097096228347219e-05,9.172523212392072e-05,1
0.07429380691274444,0.9256451045413501,2.0304565415387908e-05,1.0223778569524244e-07,2.5737175224725423e-05,1.1187401807895717e-05,3.757165671694342e-06,1
0.07004750599753364,0.929872032519665,2.805501785665191e-05,1.3612397025257094e-07,3.400484301727989e-05,1.2280163303146167e-05,5.985334654000268e-06,1
0.131426372281206,0.8684956037263266,2.5005545910331932e-05,1.8068298915952642e-07,3.332805480812609e-05,1.4487587657669375e-05,5.0221211021397285e-06,1
0.11194371707241425,0.8879662238383431,3.588611534319033e-05,1.7412074098176112e-07,3.020545301073947e-05,1.613735762233486e-05,7.656042525388038e-06,1
0.11815887016516259,0.8817666980868106,3.354255177402828e-05,1.6274968503720097e-07,1.885870133649565e-05,1.5083498126410909e-05,6.784247104697571e-06,1
0.1664551366408111,0.8334495821135985,5.462314886239286e-05,1.9116297730901713e-07,1.526917154512192e-05,1.9836287354726227e-05,5.3614748506476866e-06,1
0.2108063664614274,0.789121563587713,3.368190576950057e-05,1.7722253339781275e-07,1.4818741736739157e-05,1.790041762472057e-05,5.4916631952007424e-06,1
0.22590789159280827,0.7740275672967383,2.4988004774666128e-05,1.7191448688911087e-07,1.5255236346793587e-05,1.2519544518560297e-05,1.160641032663856e-05,1
0.17984301739818345,0.8200889274612029,2.7050195141554852e-05,1.940839703821425e-07,1.427860826116614e-05,1.2956698644667607e-05,1.3575554595930096e-05,1
0.17957555995397756,0.8203516869457399,3.55498647447131e-05,1.4973813872692157e-07,1.14337930447793e-05,1.183835776331699e-05,1.3781346591001822e-05,1
0.18500690870621594,0.8149017180967797,4.421929869546284e-05,1.8625430870178218e-07,1.3810148967601226e-05,1.601533469782733e-05,1.714216033476856e-05,1
0.3770477578451878,0.6228674362782944,3.697416760621827e-05,2.2205154962434898e-07,1.7179295938476964e-05,1.7108791526237237e-05,1.3321569897296772e-05,1
0.20336829104994675,0.7965475105784338,3.408064547430478e-05,1.483381238990212e-07,1.55032811201025e-05,1.1432134693599514e-05,2.303397220759472e-05,1
0.20934266019155998,0.7905866729950932,2.979961639846439e-05,1.605264375717236e-07,1.4341591117236792e-05,1.2472225805094742e-05,1.389285358839905e-05,1
0.39503454812614625,0.6048771231930812,2.8736246386000466e-05,9.796888965897058e-08,3.695433964576076e-05,1.3792205737679578e-05,8.747920113549997e-06,1
0.3385881454010817,0.6608239268340117,2.403912338591032e-05,2.413200647248413e-07,0.0005361669980532338,1.737030857487533e-05,1.0110014827721338e-05,1
0.20126948705060835,0.7976616725319934,2.0614603415056555e-05,2.791950964334482e-07,0.001020805404742445,1.9309824394196304e-05,7.831389750266491e-06,1
0.181644230207738,0.8174339705743917,1.9946079232704577e-05,2.6993882965093077e-07,0.0008755694431721152,1.850768612627139e-05,7.506070509579262e-06,1
0.23175023754989604,0.7679124176486677,3.500924706596317e-05,2.1020018294677202e-07,0.00027364741258700234,1.6832900614698477e-05,1.1645040985653732e-05,1
0.19590468566326366,0.8037878479794133,4.9750080525336334e-05,2.1132596390835675e-07,0.00022892883194204522,1.8913947534911447e-05,9.662171356870422e-06,1
0.0829866699931899,0.9083810188855179,3.0404688121967287e-05,1.9573205339499963e-07,0.008577722583719588,1.8972843839403247e-05,5.01527355767777e-06,1
0.0859876583359353,0.9032275666826471,2.9806781943718874e-05,1.7782190813483287e-07,0.010731782085414759,1.845193309594834e-05,4.556359055022393e-06,1
0.1513165607826953,0.8433762318010853,2.335962619790148e-05,1.513849299533362e-07,0.005262072420758553,1.7043947653689576e-05,4.580036679084624e-06,1
0.19452124808477547,0.8025411571631951,9.760677728928768e-05,1.7918513844374965e-07,0.0026762534156210206,0.00015186698256251772,1.1688391418031053e-05,1
0.13334834629773576,0.8575850333895548,0.0004053543512456999,1.8354865343615824e-07,0.006357609205213717,0.0022824580141365507,2.1015193459839428e-05,1
0.12834931300876098,0.8461061171937182,0.00046945838064340033,1.8109182463362566e-07,0.01762251007699191,0.007445320518425118,7.099729635684632e-06,1
0.10583657786778666,0.8732494863762453,0.0003344322419529238,1.869013113541224e-07,0.018691504427506167,0.0018804846938443455,7.327491353371629e-06,1
0.0715228058296645,0.8772328158362606,0.00038380288369761447,1.6858921682087648e-07,0.047748361756665934,0.0031054355413001316,6.6095631944822086e-06,1
0.040257854654871514,0.9299558434710858,0.0016466225761506551,2.162415173333968e-07,0.02068491972577181,0.0074506321112337995,3.911219369131061e-06,1
0.04458980276727338,0.9179727717827622,0.0016085969290570207,1.8186731924134286e-07,0.029099940692282566,0.006724971599871712,3.734361433793746e-06,1
0.0219333753192763,0.9164766256984683,0.0038614329024453087,5.854086792608527e-08,0.05430944258723811,0.0034154358704298116,3.629081274078519e-06,1
0.03330179116877522,0.9453673373643381,0.0007332600000721798,1.0137716824332687e-07,0.017665348837659446,0.002925745201500769,6.416050486114641e-06,1
0.0015861944365654103,0.2296120901654678,0.7456816154605999,8.615364305831784e-08,0.001450638968002348,0.02166414520402368,5.229611697790019e-06,2
0.003878168462012245,0.42284710555798766,0.5384678355467007,2.5135002906747293e-07,0.0017353054415466455,0.03306283972334112,8.493918382525413e-06,2
0.004496186229278383,0.24548346527237405,0.7191417085119306,1.6746655285757148e-07,0.001965573805488879,0.028905910504064523,6.988210310670962e-06,2
0.05933942308896025,0.3813375906676687,0.483612383909872,6.480038347951335e-07,0.001267586473690067,0.07443657488888016,5.792967094007578e-06,2
0.014726677858771397,0.3610529497217443,0.0028821576977243477,4.093202854067458e-07,0.0012325917588278093,0.6200887444706259,1.6469172020953754e-05,5
0.010436741302107278,0.3356757022300259,0.002733962878922839,3.2093531783238067e-07,0.0009735763160342367,0.6501643658568103,1.5330480781670685e-05,5
0.0025190359874092973,0.11986635921584447,0.0006528357771625422,1.2090685461851618e-07,0.00024902291490207527,0.8767074058313821,5.219366444937984e-06,5
0.002068253053289782,0.11122967383525194,0.0005760847413353991,9.55587931810367e-08,0.0002297567141504861,0.8858917696847218,4.3664124574780984e-06,5
0.009116620742144116,0.751388867754688,0.002313473274530513,2.9054962431074663e-08,0.0019069336157561856,0.23525965135920104,1.4424198717675227e-05,1
0.008728984550271178,0.8087349854260947,0.0033954883090458765,7.082313742215413e-07,0.0022473247352721467,0.17687978256002496,1.2726187916764678e-05,1
0.00406742476101034,0.7943845546623536,0.012218650003542988,1.3925161843352705e-06,0.0004381091889680889,0.18886714210955433,2.2726758386546707e-05,1
0.009215149336215919,0.8949003262508016,0.0027011728898538234,4.791629871585846e-07,0.0013604688063240454,0.0917831984705354,3.9205083282150024e-05,1
0.008395025928391876,0.9223242967873206,0.0029298412523559637,2.9859838628163455e-07,0.0007412144359013819,0.06556758709201842,4.17359056254597e-05,1
0.008937585946114672,0.9584753526313611,0.0030665813465093747,1.2593059501685546e-07,0.003369598390258235,0.02613285735024055,1.7898404921274967e-05,1
0.013708676007133016,0.8970603849187646,0.003597331473655259,3.7504309744801834e-07,0.00405791631946655,0.08155720620439279,1.8110033490151666e-05,1
0.06515092593789394,0.27834724392662236,0.004845984843797739,7.46294755278402e-07,0.0012958185005264666,0.650355630476367,3.650020037175887e-06,5
0.1597682489114033,0.6930680277606208,0.0034019643303304257,5.722998857443852e-07,0.00495823916690383,0.13879484488400035,8.102646855496387e-06,5
0.03534836088584345,0.8107494153131523,0.003922729318960494,6.029218711792336e-07,0.00374472824431494,0.14622132499405952,1.2838321797952883e-05,5
0.0029629241509233377,0.16941636833507095,0.10798936097464612,7.462376400507694e-07,0.0002460375216406301,0.719380394981286,4.1677987928248974e-06,5
0.0028334891578637843,0.28617591440008866,0.0897009507827552,8.139287638989482e-07,0.00023263971384587643,0.6210520300650646,4.1619516181412476e-06,5
0.009238850236564615,0.5629609367767302,0.14121732134128565,1.20977573578735e-310,0.0016816371348381065,0.28488168674943365,1.956776114765376e-05,1
0.010023273457169784,0.5771975938753893,0.1426072907252696,1.2340247077383e-310,0.0017650851933306894,0.2683862179745992,2.053877424137658e-05,1
0.00920659726984325,0.3038656584841067,0.06420166094205752,3.377790483676947e-07,0.0037271813552086845,0.6189963367124247,2.227457310718116e-06,1
0.0010232498775809137,0.00810813021225488,0.710736779810086,0.0015319022173019424,0.00012402839504137959,0.27845748280242383,1.842668531101859e-05,2
0.0001319531389223889,0.0012512908396958911,0.9803298978344221,0.00010949599874847275,1.4680283650062221e-05,0.018158533277984296,4.1486265768474194e-06,2
0.00014285035421815427,0.0012868279822347269,0.9399192491528962,9.386519422996242e-05,2.5300586536423717e-05,0.05852972510412407,2.181625760450992e-06,2
4.004734188596402e-05,0.0010695827032565287,0.9931774190904211,3.807009780773144e-05,5.960361006458181e-06,0.005668649049648346,2.713559736767589e-07,2
5.056311989509903e-05,0.0013578999391939935,0.9835731314798952,2.1090707003145437e-05,9.922887439347164e-06,0.014986967415061175,4.2445151177678845e-07,2
5.3839861803485777e-05,0.0015690526016902697,0.985082545942625,0.0007096739798603082,8.813762217710007e-06,0.0125741490816557,1.9247701475757355e-06,2
0.00024237867669838834,0.00212020162272941,0.8528952565920702,9.338501436363696e-05,3.199260717274956e-05,0.14460251352135772,1.427196560769491e-05,2
0.0002220954654085801,0.0019352022581241859,0.8716728375681483,2.8866323082867526e-27,3.573459774119619e-05,0.1261265114133002,7.618697277739419e-06,2
0.0002465533978150079,0.0021381854562606576,0.9491661401011442,0.001403166335373361,4.32007396088438e-05,0.0469942721333024,8.481836495542112e-06,2
0.8785137873043402,0.027708389403302978,1.1906325369838524e-05,2.697692629417968e-07,1.4857088196608066e-05,8.530721633544443e-06,0.09374225938789416,0
0.9426496159467109,0.016650693701699915,1.0570237633479328e-05,2.15390714098104e-07,1.3601279557963058e-05,7.727686405560172e-06,0.04066757575727809,0
0.9533055186301421,0.005822123835401323,1.53137816921038e-05,2.1525781197235757e-07,1.6742768230014657e-05,7.722918205804201e-06,0.040832362808516764,0
0.9594227421505992,0.0040077342607606915,1.4832858363459315e-05,2.084977245209442e-07,1.6216968137666886e-05,7.48038297805575e-06,0.03653078488143622,0
0.8982359598826668,0.0061697130773269914,1.9241383660499408e-05,2.0702246294493166e-07,1.7359285160151976e-05,7.427454239352537e-06,0.09555009189448298,0
0.34366911770889597,0.0025026465084911093,4.633469437280528e-06,6.790135393965542e-08,5.373108765378106e-06,2.2893040490913097e-06,0.6538158719990073,0
0.6861062233905935,0.0054300248952546025,9.029652408959004e-06,1.4456671972960884e-07,1.0826256476031437e-05,5.679866286932775e-06,0.3084380713722604,0
0.5868797552025324,0.004733034876447064,7.593454291420496e-06,1.4772858601564236e-07,1.0239418291979482e-05,4.866425065655511e-06,0.4083643628947854,0
0.5483296050680859,0.004034035762334129,6.824721011148131e-06,1.1857647544130025e-07,8.23687545647449e-06,4.766545528371128e-06,0.4476164124511086,6
0.5330528386550997,0.002419390878295318,6.698301450173072e-06,1.038281161608201e-07,7.758092860349316e-06,4.676465430307705e-06,0.464508533778748,6
0.1394913815784793,0.0006144255236510852,1.917165326372201e-06,2.809517212726839e-08,2.0822279274773483e-06,1.2367987219572418e-06,0.8598889286107216,6
0.652766367182594,0.03056955787287284,9.886794866697104e-06,1.2922929288217875e-07,9.059729701285357e-06,6.2190292943565135e-06,0.31663878016137803,0
0.6210749072137169,0.03012038861791363,9.363551275197471e-06,1.4991251396700805e-07,9.103673896630318e-06,5.8898966211803355e-06,0.3487801971340622,0
0.5942119028690466,0.03136328149676798,9.096169789220258e-06,1.1177878961043948e-07,8.831017099363763e-06,5.9600121612573355e-06,0.37440081665634606,0
0.7657926426090375,0.05214717943277579,1.1099146756923342e-05,1.3715583029047468e-07,7.736663232393684e-06,6.037840054647725e-06,0.18203516715231277,0
0.7449067406769938,0.0654637751365523,1.4960799795012803e-05,1.8658366905534038e-07,1.225757437277773e-05,6.828449952690576e-06,0.1895952507786645,0
0.6756936935145721,0.09835854057288572,1.736840165985642e-05,1.5283994363821525e-07,1.1320518838966485e-05,7.362238403336977e-06,0.22591156191369627,0
0.8535761472673019,0.14221336069587306,1.5933643047188907e-05,2.0657442069789133e-07,1.2919188601531532e-05,7.942805554992245e-06,0.004173489825200594,0
0.7374649635924515,0.2624467449022432,1.6477475725719243e-05,2.56932535314048e-07,1.8613657873018983e-05,1.0625614056774994e-05,4.231782511453473e-05,0
0.6875347261024094,0.31235960051933986,1.288354743002075e-05,1.752048089832089e-07,1.313589805399832e-05,1.0725361930780093e-05,6.875336602686328e-05,0
0.6328602657942448,0.36707165260973995,1.5955058386317772e-05,1.9062492188440841e-07,1.432328369628838e-05,9.07454512805949e-06,2.8538083882815065e-05,0
0.5516086486634412,0.44832843917950804,1.538060171758641e-05,1.9080276403115997e-07,1.4336646500563383e-05,1.0444516965099364e-05,2.2559589103400944e-05,0
0.15548758650909636,0.8444766053345173,1.32485359775016e-05,1.4833499273781764e-07,9.035643760551344e-06,8.387338187150238e-06,4.988303468335553e-06,1
0.15814923724646449,0.8417445256227334,8.589725327989064e-06,1.4399940004642997e-07,6.915439286831944e-05,7.362635647740527e-06,2.098637755804143e-05,1
0.08679436697838366,0.9112640495336819,1.1700848810315763e-05,4.157890347587386e-08,0.0019169871160644968,7.924650212811287e-06,4.929293943232384e-06,1
0.04554596552802011,0.9250183269100352,1.8686703755822664e-05,1.1467403082617705e-07,0.029379630963386815,3.17888554087885e-05,5.486365362293875e-06,1
0.04758467967027672,0.9236069268589516,1.8606312793628277e-05,1.1449906031126123e-07,0.028752133316993944,3.199298844221536e-05,5.546353481584556e-06,1
0.06280114487112808,0.8677285386728544,2.6398084954048344e-05,1.3909824230076583e-07,0.06938380030661051,5.4595637938037304e-05,5.383328272635575e-06,1
0.1043388978493766,0.7979502128949807,2.685842343979014e-05,1.7321050340843444e-07,0.09760702337042167,7.17158055345576e-05,5.118445743316725e-06,1
0.16784555191556721,0.7481532864699086,4.265025801008994e-05,3.1980922967859035e-07,0.0838348518429434,0.0001176946310627792,5.645073278298918e-06,1
0.03494946220254207,0.5591568419729105,4.962915893937106e-05,2.8150329796142773e-07,0.40577548698731225,6.070042949722852e-05,7.597745500489833e-06,4
0.0047919684964352425,0.0647842143229926,5.839155163176766e-06,3.261512444954738e-08,0.9304094481098966,6.445161260454237e-06,2.05213912753437e-06,4
0.029682961311421292,0.9702760975528735,1.4603577175448678e-05,7.04955272673655e-08,1.510216255610901e-05,7.6192878369900904e-06,3.5456126094221713e-06,1
0.056315473461075516,0.9436074181429663,2.7877462928666738e-05,1.345722643447059e-07,2.79941841589189e-05,1.4333788088033043e-05,6.768388518174357e-06,1
0.07449007350305728,0.9254488509029228,2.0300260477329137e-05,1.0221610942068646e-07,2.5731718474340303e-05,1.1185029874744907e-05,3.7563690840716923e-06,1
0.12793634267138673,0.8719854250408796,2.5080323223329246e-05,1.567873243149328e-07,3.342771999419784e-05,1.4530317792515647e-05,5.0371393993971355e-06,1
0.08646900146283572,0.9134558221936577,2.78230914041034e-05,1.349986546427642e-07,2.9103753510459075e-05,1.2178645110352012e-05,5.935854826872345e-06,1
0.14032116722505655,0.8596166367948341,2.2889488294738367e-05,1.775404984209074e-07,1.8454153734447034e-05,1.3672930393037143e-05,7.0018671886315476e-06,1
0.15220237309964163,0.8477278161079274,2.7176248928186473e-05,1.924845819241227e-07,2.0016694896954255e-05,1.4830638129661067e-05,7.594725894269363e-06,1
0.12949970495625923,0.870409992817342,4.296815918910793e-05,1.7199256780911135e-07,2.3659486924475937e-05,1.594012039846556e-05,7.562467318785263e-06,1
0.1602022007724692,0.8397235279989361,3.415952924954186e-05,1.7973562288041096e-07,1.596420265666471e-05,1.865051231951264e-05,5.317248746059224e-06,1
0.15897018134898488,0.840958495082208,3.2803813548663106e-05,1.7260231597310155e-07,1.5330618978284834e-05,1.7910314988446228e-05,5.106218975776104e-06,1
0.20526636412842708,0.7946537534009684,3.772019510078943e-05,1.9526378528052747e-07,1.7327191258438844e-05,1.8589106014008842e-05,6.050714445964959e-06,1
0.23657161101624855,0.7633613859428758,2.6242226734449606e-05,1.805433840982164e-07,1.5243362790913135e-05,1.3147937533659479e-05,1.2188970432465271e-05,1
0.19262320584556547,0.8072523272695125,5.858196855030728e-05,2.0907456829070282e-07,1.559107817712701e-05,1.7977566324871405e-05,3.210719730156397e-05,1
0.3306597741346202,0.6692530664133965,3.7316816424606854e-05,2.7964259137077957e-08,1.9102304139147136e-05,1.726734295768409e-05,1.3445024202827155e-05,1
0.3179487876855367,0.681972084262963,3.8220424455837e-05,1.899075358868526e-07,1.4692434101299463e-05,1.4632135854247153e-05,1.1393149552975199e-05,1
0.2465359550511324,0.7533494389659795,6.170945991234711e-05,1.747731450689606e-07,1.8261502918321507e-05,1.3466050151094194e-05,2.099419676121058e-05,1
0.308195879650188,0.6913982628099035,2.699695874598667e-05,2.1299644250687643e-07,0.000342068228461042,1.5043227000870107e-05,2.1536129258125784e-05,1
0.17033079644413013,0.8292398799398102,5.503974865036087e-05,2.3379515799753683e-07,0.00034293020814513456,2.0430364164191447e-05,1.0689499942176606e-05,1
0.14321791551805682,0.8559110767811074,3.333551254781518e-05,2.1139282662145465e-07,0.0008129290929710457,1.7981191201175934e-05,6.55051128899403e-06,1
0.09001262866827452,0.9087020535217605,2.810141060450133e-05,1.7889969155475836e-07,0.0012366027447331773,1.5633282907269386e-05,4.801472028431446e-06,1
0.10001704927146303,0.8985413919728865,3.2610467780328315e-05,1.9361187437297102e-07,0.00138480460473051,1.875374034305734e-05,5.1963309220656805e-06,1
0.08610852688329945,0.9011529291591701,2.973831828012449e-05,1.774134662130836e-07,0.012686885159272571,1.7197173028554512e-05,4.5458934826520754e-06,1
0.16973083077794424,0.8244634204828853,0.00023375455986407724,1.79859735627315e-07,0.004661183595800164,0.0008898434897816574,2.078723398898771e-05,1
0.1693388208478847,0.8225592416939239,0.00024723815101913475,1.7605209431844785e-07,0.006888861079777274,0.0009449229514587018,2.0739223841951928e-05,1
0.13447500117345024,0.8541522091542826,0.00022130361746944459,1.8281392715090947e-07,0.009636703857266496,0.0014930636048262327,2.1535778777791657e-05,1
0.05730644966473094,0.8899690109327144,0.0004362552255473869,1.773209159505835e-07,0.04842546480793288,0.0038569046250650075,5.737423093406219e-06,1
0.07637076837285284,0.897656519993454,0.0008722044208765865,2.0876185086775694e-07,0.022223327872798005,0.00287326198054452,3.7085976230884526e-06,1
0.020010851600614762,0.9451554366811317,0.0008915790459419266,0.0,0.03247964035882109,0.0014577288729207447,4.763440569575819e-06,1
0.026186744260884944,0.952566328458969,0.0006783149105504434,4.086428957513048e-134,0.01859899101938985,0.0019585193537251396,1.110199648040929e-05,1
0.005928740024012208,0.8339622947001903,0.006316399241568733,1.6157187491234533e-07,0.1497859436551161,0.003992309039480107,1.4151767757470265e-05,1
0.006351136554461739,0.9264796491489408,0.017014005529074054,1.8092939476062541e-07,0.04106287998941181,0.009076300593267583,1.584725544926129e-05,1
0.006166758947509576,0.931853886784126,0.016260571459920416,2.113276236330804e-07,0.011095252617564702,0.034609315022551254,1.4003840704543832e-05,1
0.001737426714086565,0.10125000726740346,0.0005281934654313473,5.432967670325309e-08,0.00017047869931180015,0.8963099778642005,3.8616598896936974e-06,5
0.013448860295223047,0.9317917681925023,0.0043226458052373325,4.082889652038637e-08,0.0015439638078687248,0.04885372332731977,3.899774295211028e-05,1
0.011627155625861283,0.8563065387324379,0.002943672628962292,2.8066807991255317e-07,0.003104050873155053,0.12600974404026938,8.557431234228713e-06,1
0.004666797909581379,0.26957408187584797,0.6368251235817052,2.421304497473066e-07,0.003988767490381637,0.08491842257336948,2.6564438664509124e-05,1
0.008179998784939819,0.9473315465808939,0.00307563734320907,5.170740497291977e-07,0.0016240166829055527,0.03977149060015728,1.6792933845004388e-05,1
0.00418772164490393,0.8826516805654604,0.0024777428405790645,7.603859566565089e-07,0.0013322527958988081,0.10930486073815028,4.4981029050990436e-05,1
0.0036057052204061493,0.8070368268046262,0.01237424515702447,1.1928992552647232e-06,0.0006754597277621751,0.17628710130901343,1.9468881912373903e-05,1
0.0077359352463082,0.8372370363393887,0.013419329002077133,5.148334553399796e-07,0.0009270047396029122,0.1406524282980508,2.775154111662861e-05,1
0.00783860219491442,0.9128141701322607,0.002735650880338322,2.7880723491148063e-07,0.001480041948584596,0.07509228639390077,3.8969642766206145e-05,1
0.008062612716802708,0.9201153662453871,0.0038493618796788106,1.2660769814528445e-07,0.0012886328821444352,0.06665814451798635,2.575515030240783e-05,1
0.0076626855881553975,0.9748394279011064,0.0025272974674995998,1.0796724768425672e-07,0.0031584591572568093,0.01179667662859977,1.5345290134059626e-05,1
0.009628165100250123,0.9598620571597565,0.0022185322187404533,1.356608559968151e-07,0.004214213953696446,0.024057614548327725,1.9281358372624013e-05,1
0.009965319233707413,0.9443359397374453,0.0023316490991904795,2.843946913209375e-07,0.004150897074194517,0.03919694098537337,1.8969475397438135e-05,1
0.011976054681604937,0.9349607915716895,0.00258874626021603,2.7600712978119367e-07,0.002863425685156811,0.047592295779467435,1.8410014735448784e-05,1
0.00601666842104856,0.32799709067501126,0.1345935240859132,2.5090178745244305e-07,0.001064004110938878,0.5303179405410533,1.0521264247470783e-05,5
0.0022481041022587075,0.1437778085545354,0.0005325680255621274,1.0887228928535925e-07,0.0005842714508798871,0.8528525735661593,4.565428315314272e-06,5
0.0018454273017849702,0.11745799242829115,0.0004626884193792196,4.94645015412582e-08,0.0006160367826986192,0.8796141204880525,3.6851152919155166e-06,5
0.002590353372636333,0.2570713641672807,0.10060829672983707,8.47142888169516e-07,0.0002465732606059757,0.6394759373094764,6.628017275444239e-06,5
0.010538393240003234,0.4840747920154045,0.1863385644793432,1.7777411784134916e-06,0.0008917001736011316,0.3181169422698945,3.783008057492009e-05,1
0.0048888116405276264,0.5746612669051636,0.26314505069460087,1.2926667947234156e-06,0.0004790689119148041,0.15679164456677633,3.2864614222017976e-05,1
0.007667932822147207,0.7782529053624612,0.1552603514761785,8.603073590483564e-07,0.0005446597514463316,0.058238317185697504,3.497309471037562e-05,1
0.005852828108845729,0.7568475057730454,0.1397385852572286,4.597049630269013e-07,0.0012072918183783125,0.09632077910294719,3.2550234592027904e-05,1
0.007460971394704501,0.6018492429265446,0.10516718725646249,1.28672891915296e-310,0.0017060760692909189,0.28379510638408323,2.1415968914243896e-05,1
0.009175575014825528,0.5921569600837973,0.12566988135032922,1.2374610569025e-310,0.001982142370691819,0.2709948452124467,2.0595967909585172e-05,1
0.015695681752047202,0.556874224137588,0.0999304000078111,1.21431461424774e-310,0.0022056181087240392,0.32527386526906565,2.021072476396977e-05,1
0.010483039731138724,0.45469092363374364,0.08722729282674585,1.3346215119978e-310,0.001977007514398084,0.4456131591913718,8.577102601858693e-06,1
0.006261281692393993,0.25994312542308495,0.04076099751580004,1.1428607912606835e-294,0.0022234380554337465,0.6908087996447986,2.35766848873711e-06,1
0.00045583773573524845,0.00919258890382901,0.7222438006406549,0.0006955641466112599,9.729754509460633e-05,0.2673018789356846,1.3032092390420318e-05,2
0.0009962695883075899,0.008421312258661943,0.616472479496366,0.004740985824904825,0.00010706367524623065,0.3692368622642472,2.5026892266129428e-05,2
0.00010000775468650608,0.0010458151362456106,0.9749050834909029,0.00025733635525219,1.2117379516588555e-05,0.023675581844726037,4.058038670162906e-06,2
0.00016497973468800536,0.0015054144271917907,0.9288722279464242,4.378945278204123e-05,1.912222938013622e-05,0.06938862404974686,5.842159786803752e-06,2
4.890863851817495e-05,0.00146304045554045,0.9827823251488297,2.213793850710345e-05,7.582135058670019e-06,0.01567536670092348,6.389826222877736e-07,2
9.088931935231223e-05,0.0007467189203311051,0.9769860747687984,2.917681103638757e-05,8.535861674096872e-06,0.02213542215395019,3.1821648575700863e-06,2
0.0001047592849086033,0.0008648051619767448,0.9664594822233921,2.7815833121742164e-05,1.0742228153119262e-05,0.032529249406367707,3.1458620801193528e-06,2
0.9396146865330501,0.017278891967473762,1.0140054953976709e-05,2.0662484167937722e-07,1.3047740925456196e-05,7.413188571209632e-06,0.04307561389018386,0
0.9444751685663664,0.016388266187835027,1.9724505868517343e-05,2.1580784372476423e-07,1.8095958504813127e-05,7.74265198547756e-06,0.03909078632159595,0
0.9570107188891629,0.01509114075712236,1.9741389518953726e-05,2.159925694775495e-07,1.811144816218367e-05,7.749279488870791e-06,0.027852322243975228,0
0.9165252935748752,0.005462681417895531,1.4759215945231227e-05,2.0284828494123743e-07,1.575490366526837e-05,7.277695050575047e-06,0.07797403034428323,0
0.44211596397025443,0.0033686169369330898,5.818564739691255e-06,9.315650036727223e-08,6.976267893965687e-06,3.6600157133975658e-06,0.554498871087965,6
0.4048567983324224,0.003084727942524282,5.328207265458116e-06,8.530576942723669e-08,6.0210468553771514e-06,3.3515691907297677e-06,0.5920436875959723,0
0.34262590901030104,0.0027094969399047075,4.389165050814448e-06,7.625977985115564e-08,5.356349688150164e-06,3.0654960125209355e-06,0.6546517067792629,0
0.8202013333754976,0.05979035195791267,1.2383792284929513e-05,1.9568759160892867e-07,1.2310461458097266e-05,6.7366761359150935e-06,0.11997668804911908,0
0.758800535207231,0.07138294925946469,1.6071581192043787e-05,1.5289523866223223e-07,8.455195883101324e-06,6.776578056577239e-06,0.16978505928293391,0
0.757973975194573,0.08170011510652836,1.5823824418376347e-05,1.9085883155913433e-07,1.3035735027400542e-05,8.401940300535919e-06,0.16028845734032082,0
0.8796304224858524,0.10517903907101374,1.5715312738862433e-05,1.8248088344886222e-07,1.28848451259326e-05,7.169471783336187e-06,0.015154586332602195,0
0.8696761358917724,0.12231047415919755,1.6399044318660477e-05,1.920061404300262e-07,1.2066458164902089e-05,7.718276383915638e-06,0.007977014164022215,0
0.8627173052867984,0.127869666519361,1.758995467799544e-05,1.7927573433331992e-07,1.2965445231848367e-05,8.375178998115067e-06,0.009373918339198387,0
0.7622213730345591,0.23621978959557555,1.4874843143305779e-05,1.8808418500151247e-07,1.3291508897412597e-05,8.279795495698825e-06,0.0015222031381440368,0
0.7141310334138188,0.28571503577902474,1.6121866010899338e-05,2.2885432486950172e-07,1.7825867727692945e-05,1.0604534388245484e-05,0.00010914968470492203,0
0.7346264131302643,0.2652858330956615,1.5469292947211896e-05,2.4121198675104615e-07,1.7466842499208834e-05,9.975480426999094e-06,4.460094621380795e-05,0
0.68905496315139,0.3108422492971314,1.2623259761188597e-05,1.7435371546597583e-07,1.2661248117753873e-05,1.0673261271772839e-05,6.665542861241703e-05,0
0.6299007220661221,0.3699817776482889,1.5860381056327084e-05,1.8949375343633954e-07,1.4238289318691702e-05,9.020696769576425e-06,7.819142469098093e-05,0
0.6364007704447748,0.3635467403273581,1.2919574990600639e-05,1.6027270347270146e-07,1.1686211003014131e-05,8.773305664427345e-06,1.8949863505357232e-05,0
0.5051706349251909,0.4947807881978374,1.7248596147775714e-05,1.9927374178027947e-07,1.5107051378235796e-05,1.0966335790673883e-05,5.055619913206084e-06,0
0.3555340769272292,0.6444175931299195,1.697737997110074e-05,2.095576527023395e-07,1.529684157061341e-05,1.0747982085808216e-05,5.098181571001173e-06,1
0.3501336870580461,0.6498227072537939,1.5410722640258552e-05,2.2972229700509643e-07,1.3725522240505545e-05,9.611995014260515e-06,4.627725967971172e-06,1
0.2483162952962698,0.751637409639841,1.7052300911322568e-05,1.909232036007285e-07,1.1995470620603068e-05,1.0635882246892001e-05,6.420486906893152e-06,1
0.12254580876457505,0.8774249305606684,1.0079916515224856e-05,1.2099086845232602e-07,8.250892048406445e-06,6.7401170866481305e-06,4.068758237559168e-06,1
0.1357362323073348,0.8641669266513035,7.575724578717959e-06,1.2258353209260728e-07,6.391930312271274e-05,7.211254609035516e-06,1.801217551917995e-05,1
0.06788558296250195,0.7970848334449792,2.226150046770211e-05,1.316599597735099e-07,0.1349427049115843,6.0782507297008514e-05,3.703013210133636e-06,1
0.07434105680456103,0.8429594846943944,2.471853813495963e-05,1.4665941063427544e-07,0.08261090207651729,5.956634546182257e-05,4.124881519813468e-06,1
0.07873726941099998,0.8452152997007342,2.342879339755241e-05,1.507673916969402e-07,0.07595963669364433,5.997421294769435e-05,4.2404208847669045e-06,1
0.0903746039967577,0.8247033843373773,2.8305184377632456e-05,1.8254069328041615e-07,0.08481319520555503,7.557886273543492e-05,4.749872503602825e-06,1
0.2566734550964197,0.700304834725942,2.642535435192634e-05,2.8267305540164407e-07,0.04290408608955632,8.67067857439241e-05,4.209274930647594e-06,1
0.24820097699244545,0.7030758816465686,3.962385059394203e-05,2.703491891027424e-07,0.04857035945553766,0.00011226040408370108,6.273015814814784e-07,1
0.012201368428900124,0.9801545136301221,0.005487697389836034,4.5024730991369454e-08,0.0018294309767926985,0.0002157243353733922,0.00011122021424464371,1
0.01818375884275022,0.9777261431332761,0.001975843607485233,4.6046899727268814e-08,0.001870963421468979,0.0001294254254446234,0.00011381952267496893,1
0.029227971009865232,0.9696401746447785,9.763032292627406e-05,6.926383384278888e-08,0.0009365525190382759,3.751732837999398e-05,6.0084911177730404e-05,1
0.022743466945909088,0.9770961824866699,1.2693302925724912e-05,6.02840536054772e-08,0.00012132817943912647,6.071103124419272e-06,2.0197697878281605e-05,1
0.029312264615263966,0.9706496146013268,1.4609198961924911e-05,7.0522665193715e-08,1.2063504517737822e-05,7.830579737070786e-06,3.54697752685152e-06,1
0.02950616541147335,0.9704526776854532,1.4606234874221514e-05,7.050835671826359e-08,1.5104910992222323e-05,7.828990976101097e-06,3.546257873946596e-06,1
0.05603934702156451,0.9438801881746516,2.730484232777788e-05,1.2258790409907245e-07,3.362221633203486e-05,1.3249528911553569e-05,6.165628308414969e-06,1
0.08152453744523135,0.9184142720023993,2.033847024786349e-05,1.0240850370499842e-07,2.5780151501072007e-05,1.1206082679727933e-05,3.7634394367356394e-06,1
0.07384682974947089,0.926091904553638,2.7191271102724187e-05,1.3193303948795072e-07,1.6095640376972594e-05,1.2226938621911651e-05,5.619913750100334e-06,1
0.10997249942090817,0.8899486338818026,3.717627648640903e-05,1.8038064992132663e-07,1.4861306670713066e-05,1.8717444431134276e-05,7.93128905131105e-06,1
0.12514799428524798,0.8747768668138172,3.521020414283389e-05,1.6808079389461079e-07,1.4929015258216261e-05,1.7441133076277656e-05,7.39046766342969e-06,1
0.1596085365322454,0.8403215925090004,3.2418609800299164e-05,1.6781939876568498e-07,1.490579801978149e-05,1.7414009053815314e-05,4.964722481558249e-06,1
0.16543573363400704,0.8344953314281136,3.219383956202409e-05,1.6665584466882195e-07,1.4350870977948362e-05,1.7293271274235566e-05,4.9303002203316375e-06,1
0.17016585155942265,0.82976531401798,3.075231997481366e-05,1.7070482619788299e-07,1.5147894260166473e-05,1.7713419371084888e-05,5.050084165290293e-06,1
0.20014635308031775,0.799782999513655,2.7877076829658708e-05,1.7972845116982084e-07,1.59486268461325e-05,1.4508021785956227e-05,1.2133952114190853e-05,1
0.11543493202247666,0.884491711909208,3.5672703463085885e-05,1.6360098454346481e-07,1.3812908032065869e-05,1.0954468363263877e-05,1.2752387472365458e-05,1
0.1275544634174484,0.87236013192642,3.962946914644621e-05,1.6699718084397755e-07,1.409965048223347e-05,1.2161445366723595e-05,1.9347093955208745e-05,1
0.12827047710127687,0.8716165365772711,4.120866886798234e-05,1.8898984781189717e-07,1.1936026608454129e-05,1.2654467298046476e-05,4.699816882965055e-05,1
0.12189185866465907,0.8779848351815608,5.6101590776142454e-05,1.490757631698788e-07,1.1782833765444666e-05,1.1488983137398581e-05,4.3783670337824e-05,1
0.43735051846210826,0.5625759923913337,2.516804920608188e-05,9.861629427434233e-08,1.8944056257000598e-05,1.3879863503288576e-05,1.5398561297324972e-05,1
0.35534769256340004,0.6443387535882267,2.52825514300163e-05,1.9947037600637714e-07,0.0002652778378509851,1.4357952318336622e-05,8.436036397910304e-06,1
0.2210059916934415,0.778647941347224,3.116495184624648e-05,2.147038417537912e-07,0.00028755463464952497,1.7193555110990055e-05,9.93911388578326e-06,1
0.22101339716851384,0.7786740323046482,3.11659961223417e-05,2.1471103605624362e-07,0.000256991471070853,1.7545014680512e-05,6.653333928291791e-06,1
0.0770277242165275,0.9214651358747207,3.069392486763279e-05,1.822331518062542e-07,0.001454127713259922,1.648910830665821e-05,5.646929166018722e-06,1
0.07186803452017584,0.924046794932098,2.7068143521884538e-05,1.7914090748354105e-07,0.0040358739014122605,1.674970703348879e-05,5.2996548509393195e-06,1
0.08470620856431277,0.904103063803092,3.0298686353664198e-05,1.7988657799966784e-07,0.011136634474324725,1.829287077863598e-05,5.321714560379816e-06,1
0.07488999338733009,0.9109579396561389,2.7532832599683175e-05,1.801552007161771e-07,0.014102532947174225,1.7204876174179254e-05,4.616145382210846e-06,1
0.17238491991229002,0.8212259912951901,0.00023685493536679248,1.7915347851105633e-07,0.004946089569455167,0.0011926612647952036,1.3303869423910576e-05,1
0.17220286393152012,0.8203586932545318,0.00025949085638112283,1.755811116320138e-07,0.006009120318645537,0.00115890555823673,1.0750499572680469e-05,1
0.17248128339260713,0.8216850581015461,0.00028044479931257476,1.7586499308068168e-07,0.004645475855670831,0.000886844802858906,2.071718301099129e-05,1
0.110995868615642,0.870528956803299,0.00036443786082021145,1.7798247979366646e-07,0.01642021406328326,0.0016845858457198502,5.758828755850038e-06,1
0.11683330470477812,0.8645996384705897,0.0003619556135929284,1.76770211353778e-07,0.016308373238791952,0.0018908315976260111,5.719604409950754e-06,1
0.01324606379552485,0.9281527524011721,0.002618319989800929,9.176199228235095e-08,0.051043081145657185,0.004931765596867354,7.925308985513715e-06,1
0.030475661011862682,0.934838577433812,0.0010337324610226741,1.279698879319409e-07,0.03157759847995407,0.002067612362504594,6.6902809560321695e-06,1
0.007684424142012475,0.8418237993338469,0.0040897070924674804,1.6579808108476933e-07,0.13919606399898168,0.007193800014003252,1.2039620607228029e-05,1
0.008450369282562466,0.6142187627698614,0.27813413168186085,2.1169187929838686e-07,0.006892904780775527,0.09228959181458243,1.402797847803972e-05,1
0.065582918627565,0.593185775692527,0.05072604713755405,7.176534021420774e-07,0.002605117083607017,0.287880409601097,1.901420424780522e-05,2
0.0023286413874968187,0.1448466653742623,0.0007265789885246661,1.4005404553525383e-07,0.00027163564916255064,0.8518217503534022,4.588193105911726e-06,5
0.0019490578380178787,0.13754501779851053,0.0006753468055208553,6.94657848077674e-08,0.00023936206550039812,0.8595871029661096,4.0430605560484214e-06,5
0.001807103697079913,0.14314553854508077,0.0006400851281489527,6.902763554566111e-08,0.00023785231055175024,0.8541653337321922,4.017559311022747e-06,5
0.010032156067171002,0.8545127046508921,0.004505655274178734,3.282808933325665e-08,0.0017431061613719502,0.1291708810783094,3.546393998733398e-05,1
0.012555534784506736,0.8593349339349214,0.006245497167846761,3.5489061986539e-08,0.0013360055125602771,0.12049409571404057,3.389739706218868e-05,1
0.008465511607847509,0.9145356587397075,0.0038797612927346944,2.915693758268873e-07,0.00469991120073173,0.0684025156132578,1.6349976345116743e-05,1
0.007757676423806248,0.953458079765653,0.002916846314148521,4.48757864887203e-07,0.0026397213242497575,0.03321130147707398,1.592593720377758e-05,1
0.008710988347669379,0.8280449745037484,0.0033056771542487083,1.559076194398422e-07,0.001904725408657703,0.15800176319605355,3.171548200296613e-05,1
0.007314397465178144,0.9720565637284597,0.002826370138437696,1.6856299898274543e-07,0.0004720841064912781,0.017235963677343744,9.445232109045697e-05,1
0.0199717915892911,0.9638918157632235,0.0030433763203912027,9.48810416929325e-08,0.0039045058345663283,0.009123394947640789,6.502066384572649e-05,1
0.015419296455194362,0.9567569621525411,0.001938223002241291,9.41787197810361e-08,0.00526782102978836,0.02060944542063347,8.157760881777076e-06,1
0.013714211958786075,0.9662266321107218,0.0016272470435153784,9.898213616609986e-08,0.005090803143843871,0.013313694490996468,2.7312270000217864e-05,1
0.00940332886892855,0.9397461013555646,0.0026003458831886836,2.894788495715277e-07,0.005260101742362832,0.042970524076105174,1.930859500056187e-05,1
0.01190185120315574,0.9101809465194209,0.0023202501563610776,2.8037161624858495e-07,0.003986881140808,0.07159108947729177,1.870113134624445e-05,1
0.011658133814644827,0.9113070608357279,0.002571381329288273,3.8099934917205347e-07,0.004122362169125636,0.0703222832036467,1.8397648217451107e-05,1
0.06170361445530775,0.7068247018506992,0.0036029011159300086,5.104339858067434e-07,0.006624150404420175,0.22122383233349657,2.0289406160346006e-05,1
0.003919462839880943,0.8002170411417774,0.11626465816885762,8.474233077469359e-07,0.00035403669945813725,0.07920663845617475,3.731527054350758e-05,1
0.006363148260500306,0.9033862070300516,0.010787829092662205,2.978036905860366e-07,0.0019421670835301809,0.07747872590071031,4.1624828854531837e-05,1
0.01453785703877003,0.6565519576349615,0.22850567433023386,7.764819058166e-311,0.0027546762132580104,0.09764020459106354,9.630191713110694e-06,1
0.009283868238529648,0.652581893084418,0.09573340176035489,1.39519323786837e-310,0.0019648332018641834,0.24041278249506676,2.3221219766492348e-05,1
0.008829311460271091,0.5803280452345444,0.08949955932240511,1.2127415611301e-310,0.001707888785520167,0.3196150106539669,2.018454329235877e-05,1
0.010265653738412525,0.4191530031466046,0.08040974614687796,9.405049480777e-311,0.0011164230475829275,0.4890379684362693,1.7205484252730612e-05,1
0.0003717803140453756,0.059394108612539534,0.9203187490794157,0.00021365700307225717,2.6848125695077425e-05,0.01965599478801387,1.886207721811891e-05,2
0.0004221708755437818,0.011381277372610696,0.699317583269466,0.0015122498230818655,9.042482153983738e-05,0.28726274199698726,1.355184077065756e-05,2
0.0004625554610787829,0.010504363990792501,0.9618629174287294,0.0007081457510171749,8.175521744895791e-05,0.02636542899586343,1.4833155069854403e-05,2
0.00010235100429135214,0.0009602109183152628,0.9868419637632029,0.00012875337748743303,6.4503325035264e-06,0.011956701891902885,3.5687122966153995e-06,2
5.201951210900269e-05,0.001683832236250148,0.988128422403425,1.8968712824518232e-05,5.766090896971185e-06,0.0101091366448544,1.8543996399299658e-06,2
8.332545705416866e-05,0.0029477192788597093,0.9747997655868422,5.012760406050248e-05,8.465120778644165e-06,0.022107217424825458,3.3795275793301525e-06,2
0.00022228417971924508,0.0019277154743944445,0.9567737138251602,0.0006901226013817601,4.5436906228074234e-05,0.04033311017155359,7.616841562651414e-06,2
0.9520037815713808,0.011864030336413426,1.3199107392208753e-05,2.0934925077763343e-07,1.321977921378632e-05,7.510933635289739e-06,0.036098048922713746,0
0.3436189015704837,0.002729132531343725,4.401885654032872e-06,7.648079464321292e-08,5.727464106862008e-06,3.074380380730261e-06,0.6536386856872364,0
0.5298456287271577,0.0023579854683595507,8.363412439619488e-06,1.2050123342477334e-07,8.572961984443197e-06,5.427430191910176e-06,0.46777390149863324,6
0.13358353773622436,0.0005951551134866284,1.8779170295592045e-06,2.752000647019387e-08,2.2971854403869335e-06,1.2114789215886591e-06,0.865815893048891,6
0.8352188485911888,0.08292398678940643,2.570786023909583e-05,2.3162770955644516e-07,1.7231929886648722e-05,8.476938149894661e-06,0.0818055162634196,0
0.836542373145841,0.1212253880504567,2.1410280455764176e-05,2.309950076199409e-07,1.757778986603347e-05,9.075537984705103e-06,0.0421839442003881,0
0.8735384061596795,0.1185998697301968,1.647187320136761e-05,1.9285884821035187e-07,1.1594219116891694e-05,7.752553591449359e-06,0.007825712605365784,0
0.903129558250088,0.08718766270220998,1.3039697558974716e-05,1.6487978154913943e-07,1.2399969361232552e-05,7.476861065088621e-06,0.009649697639935215,0
0.737261671111202,0.2605684233587539,1.55301424847089e-05,2.2111254923651024e-07,1.6918666248937797e-05,9.73376198108427e-06,0.0021275018467801607,0
0.7338740542632229,0.2659830282821321,1.5726229167940797e-05,2.452183816445822e-07,1.776501778775733e-05,1.0563539618235784e-05,9.861744968918238e-05,0
0.7412410777976688,0.2586397268146771,1.546624594061462e-05,2.4116447491469516e-07,1.6964412471313888e-05,9.97351554374452e-06,7.655004922366017e-05,0
0.7393766395194166,0.2605478268626897,1.422395320905284e-05,2.0511983229973447e-07,1.3615623936324496e-05,8.48286563141317e-06,3.900605528467601e-05,0
0.6562400123248714,0.34358515003803625,1.4206277532194335e-05,1.927194505364791e-07,1.4480663580288041e-05,1.1797540661700122e-05,0.00013416043586752721,0
0.5010616870824388,0.49889013115431957,1.710829982603405e-05,1.9765289259626766e-07,1.4984173914900779e-05,1.0877138005460857e-05,5.014498602702319e-06,0
0.3622107820410634,0.6377406129737756,1.7073997047911366e-05,2.107502305831351e-07,1.538389482143914e-05,1.0809148096848283e-05,5.1271949641913115e-06,1
0.34031471940670005,0.6596410160575694,1.5643566509951613e-05,2.331932198059332e-07,1.3932904060725228e-05,9.757224681086397e-06,4.697647258971929e-06,1
0.12481004344616245,0.8751614144795191,1.0194082774442215e-05,1.2285775426987995e-07,7.249477812702613e-06,6.84411691042553e-06,4.131539066773134e-06,1
0.08960856608030973,0.9091151634896788,1.0033474503241675e-05,3.746078395199053e-08,0.001254618649999995,7.139765234296627e-06,4.4410794899973704e-06,1
0.04761054275438407,0.9241089229593142,2.6569975423496585e-05,1.145612925012762e-07,0.028216509246911114,3.134985413478506e-05,5.990648539862075e-06,1
0.0739667666215865,0.8228665092526974,2.4590609653352334e-05,1.4316360331533108e-07,0.10308458779823114,5.481538455661782e-05,2.5871696716231547e-06,1
0.09601465337071564,0.8254399627534467,2.6463781760605446e-05,1.6800014392031513e-07,0.07845140254822407,6.292347971340235e-05,4.426065995569769e-06,1
0.210573142987106,0.7619346529820329,2.7305842364174928e-05,2.850835433574415e-07,0.02736058104377975,9.99870523753997e-05,4.045008798599257e-06,1
0.006951603418166478,0.9775896280427588,0.014240880554429826,5.347495415774506e-08,0.0006447854855789835,0.00041904016897162464,0.00015400885514015033,1
0.008129028198683321,0.984100338955705,0.006648374298078056,4.466050381231606e-08,0.0008457604868290337,0.00022829071276263437,4.816268743800998e-05,1
0.017039710460197983,0.9804069757594986,0.0013550778463136996,4.450055046888383e-08,0.0009469881552288796,0.00020318172069813093,4.8021557512212834e-05,1
0.03127845728168668,0.968195966676157,1.5175520158645467e-05,3.7287929587617834e-08,0.000454886814619305,5.408441031683961e-06,5.0067978416909165e-05,1
0.06117808446470643,0.9387636553273521,2.4059201271745792e-05,1.286933046119264e-07,1.5595867529904358e-05,1.2774417677676813e-05,5.70202815764833e-06,1
0.0939221853142295,0.9060212691628976,2.3133859155990587e-05,1.3101581027786348e-07,1.5880947802703794e-05,1.1818857302533696e-05,5.5808428011570735e-06,1
0.10439182844776272,0.8955384348104531,3.0835266451872914e-05,1.4961383787640791e-07,1.8676255081639712e-05,1.3497125878151677e-05,6.578480534310813e-06,1
0.11981219852993617,0.8801112570406426,3.4852530734131635e-05,1.6910575074736133e-07,1.6539769069777238e-05,1.7547489123581156e-05,7.435534742785665e-06,1
0.12874251300447967,0.871181343375011,3.537231635284405e-05,1.716277695341912e-07,1.5244059304694405e-05,1.780918984656532e-05,7.546427235965552e-06,1
0.15023125107970436,0.8496923673828845,3.579250550021867e-05,1.708604902019116e-07,1.5175909193111172e-05,1.7729572059006813e-05,7.512690168436077e-06,1
0.1642046181773914,0.8357287058265516,3.0414183251106896e-05,1.7835135199004491e-07,1.4981335791069368e-05,1.610756963045958e-05,4.994556032274857e-06,1
0.19231000413670865,0.807618256633111,2.8078305935747633e-05,1.8102581085314214e-07,1.606375110909606e-05,1.5194606961814612e-05,1.2221540362850648e-05,1
0.1325634139412556,0.8673606147365062,3.3658774499674574e-05,1.5436476947623178e-07,1.3033090052094139e-05,1.1241499413609867e-05,1.78835935034199e-05,1
0.13207331861220273,0.8678096679484522,4.290591127164106e-05,1.8080399203501412e-07,1.579730526779903e-05,1.3166916112635978e-05,4.496250270117134e-05,1
0.08298627390405862,0.9169379633068578,2.8957754576829817e-05,1.2202695322594363e-07,8.16649715438189e-06,8.170735660969941e-06,3.0345774738063682e-05,1
0.09683149010281648,0.903096447095271,3.9855826619514155e-05,1.137226373930777e-07,8.480507909691026e-06,8.056414235722582e-06,1.55563305101328e-05,1
0.09536580001381996,0.9045590002546209,4.222202711174706e-05,1.1222250799432784e-07,8.867754368729528e-06,8.646602543754152e-06,1.535112502712718e-05,1
0.16891072799441365,0.830978059382797,5.382239318059525e-05,1.5574461918039651e-07,2.059281920698138e-05,1.2002939079138535e-05,2.4638726703426405e-05,1
0.1529701067896812,0.8469476226865147,3.414219921050056e-05,1.5852155950865566e-07,1.6567583815019263e-05,1.2216952544013941e-05,1.9185266674862792e-05,1
0.24705245235876813,0.752871364552224,2.9995973232751255e-05,1.6926047840368998e-07,1.6818689356380577e-05,1.4554096663018735e-05,1.4645069277328023e-05,1
0.33849543754384076,0.6614353185142112,2.385560830839506e-05,2.104885856461778e-08,1.761564506459019e-05,1.315606880760654e-05,1.4595570908730889e-05,1
0.3420019628093622,0.6576349962940364,2.6429338691728242e-05,2.08518121322992e-07,0.0003038092677453538,1.652706074112355e-05,1.6066711301723022e-05,1
0.281608311941901,0.7180212344198036,2.7746352113927813e-05,2.189088907537901e-07,0.0003159666414419686,1.7350628862878318e-05,9.171106985920786e-06,1
0.22149544489348022,0.7781835794007639,4.240609735542479e-05,2.2618121222929095e-07,0.0002520955629821703,1.9239099491732066e-05,7.008764714232524e-06,1
0.052632046285035865,0.9416642804291812,2.3889539868303597e-05,1.7206380105481173e-07,0.00566115813867358,1.3121735879345542e-05,5.331807560599482e-06,1
0.07144880363210952,0.9213633033010202,2.3360911154177447e-05,1.682563662360296e-07,0.00714782825982753,1.1557989916034869e-05,4.9776496058340215e-06,1
0.048486544651319526,0.8864468521573267,2.164499434439335e-05,1.5554385225919489e-07,0.0650270172777513,1.3186220265532297e-05,4.599155140050823e-06,1
0.13071488984777518,0.8623018368936625,0.0003993759860161258,1.8207867326072109e-07,0.0053976839853045215,0.0011617718155571125,2.425939301130348e-05,1
0.12578730060174906,0.8676097480793432,0.00040184503717657547,1.8319946111611522e-07,0.005271121713136678,0.0009082201738258778,2.158119530767749e-05,1
0.12242604569152679,0.8695689093736448,0.000439321010272621,1.8361314629444588e-07,0.0067797700118663795,0.0007641403714465597,2.162992809638251e-05,1
0.11961556429901632,0.8725678102046179,0.0004245845997205753,1.7939801929131532e-07,0.0066241297855058725,0.0007465983338590037,2.113337926077448e-05,1
0.0693890949975279,0.9035522032649176,0.0009342338036727,1.9052225551823285e-07,0.02304608724334776,0.0030742780912418706,3.912077036460491e-06,1
0.028364360624523216,0.9163590839962524,0.0015654911218342315,1.2455101855146763e-07,0.051158264317279496,0.0025473013874465285,5.374001645560229e-06,1
0.02002122230798025,0.9412908803501847,0.0009545595144311847,1.3533760641388324e-07,0.034153629700648835,0.003565959736972088,1.3613052176454345e-05,1
0.01823790185314212,0.9472841771003935,0.0008406972984847199,1.2328288177649135e-07,0.029717798555229748,0.003906901392771941,1.2400517096147417e-05,1
0.007967571145342139,0.9328170915805368,0.022727888603866122,1.9492187556697611e-07,0.029493375538317566,0.006977786591729437,1.609161833239141e-05,1
0.11027667159946816,0.49935180939801027,0.04571987419122309,8.764033601377061e-07,0.005829491874320144,0.33881425622167655,7.020311941769542e-06,1
0.005479612078276498,0.18372174414881584,0.0008625006285963969,1.5958382528786932e-07,0.0007964342032728504,0.8091335970341587,5.952323054301273e-06,5
0.002284117688793164,0.12678237925107458,0.00048088042181559243,1.2146675797711606e-07,0.0003644779632174174,0.8700854560010902,2.5672072510435946e-06,5
0.012228251825031,0.8792440213460883,0.004695162757874706,2.931628341669456e-08,0.0015331735724928442,0.10228129617239333,1.8065009836520444e-05,1
0.015185880880559464,0.8785493217939548,0.009653452079415332,3.3070583766087754e-08,0.001548713912575853,0.09503101087665038,3.158738626066391e-05,1
0.01369107081758299,0.8908381587353237,0.009995668413360751,3.353316338612261e-08,0.0017805441893149622,0.08366249509181509,3.2029219438986446e-05,1
0.013554294415953039,0.7850165132184971,0.010980009633980405,1.203361721435393e-06,0.0011349225784441585,0.1892934171553249,1.963963607915706e-05,1
0.00935218383395231,0.873918156397665,0.010958333274287899,6.418642060749115e-07,0.0013028732043721845,0.10444821056133573,1.9600864180946294e-05,1
0.008639445137186855,0.8657810874133762,0.010254667020637806,5.352907791864142e-07,0.0018516963846553732,0.11345228340180799,2.0285351556442594e-05,1
0.009942883187596148,0.9094132484058532,0.014330845489769962,3.7760133201571533e-07,0.0016274642908192956,0.06466073605161256,2.444497301683574e-05,1
0.009148301366171964,0.8720790560686823,0.0018844086202964433,1.2688396677350508e-07,0.0025626764511002373,0.11429961925957921,2.581135020295019e-05,1
0.011522315768602569,0.8823304366699498,0.0035223926921917896,1.6612870336296646e-07,0.0018024273989908834,0.10078846663723214,3.379470432949094e-05,1
0.006288302680330075,0.9755933362264038,0.0025144661588119934,1.4996123501512015e-07,0.0004270036656064826,0.015092712269174776,8.402903843814201e-05,1
0.008517957871605485,0.9726170564892158,0.0017561880931586617,9.649903875968244e-08,0.0035871731817363347,0.013504867039019656,1.6660826225313653e-05,1
0.009274012893035545,0.5200255209412605,0.001390280866220787,1.789661838098389e-07,0.008144100736794833,0.46115936574252886,6.539853975553734e-06,5
0.01051468215507193,0.8171723163270307,0.1236078439778825,9.817970744391985e-07,0.00024785503653439455,0.048412766173404474,4.3554533001509475e-05,1
0.010020935420040419,0.7867755691306519,0.11292128382123298,0.0,0.0012692661919212085,0.08897360677181339,3.9338664340115494e-05,1
0.009695675657076668,0.6356495763699372,0.09840596482763492,7.5186843759443e-311,0.0011234458910539728,0.2551037989000573,2.1538354239821005e-05,1
0.0003885872077971336,0.00935744606519754,0.7636654077927947,0.0010961009692874843,8.215247625474751e-05,0.22539916345118496,1.114203748348545e-05,2
0.0005073807096055244,0.0016624779976868852,0.8251772002110217,0.001049845517002294,8.040845295626816e-05,0.1715082156505456,1.4471461181776954e-05,2
0.0001272153984148419,0.0014061515274529596,0.9674815448535294,0.00037619143385064736,2.2244314815519047e-05,0.03058142219101612,5.2302809207228655e-06,2
0.00010139766299646723,0.001107045707978011,0.9744158870048331,0.00022934652730263917,7.326462281143982e-06,0.024134882197295225,4.114437313322966e-06,2
5.713964130211641e-05,0.0005237608036435073,0.9923420744213692,7.491098628449357e-05,3.751446293283641e-06,0.006996370390998122,1.9923101092256226e-06,2
0.0001609854884372121,0.0015049622135992812,0.9813009672801665,0.00016550715822897242,2.0348408275791138e-05,0.016843954528620007,3.2749226722323605e-06,2
7.273598902416931e-05,0.002803179590349649,0.9812054582669649,9.936566849700064e-05,1.1143287590654714e-05,0.015805932976958124,2.184220615201242e-06,2
2.7474438985836543e-06,1.0908848214010243e-05,0.9994229878235468,4.9841337000968714e-18,5.904204704428818e-07,0.0005626712731872421,9.419068304876771e-08,2
0.00013697863165652147,0.0005093809589198487,0.9623408452045005,0.0013240834453404522,2.5964124759348876e-05,0.03565805159320974,4.6960416136120386e-06,2
0.00015325056262991497,0.0005816315818226332,0.8848010044321244,0.0016867645173389066,2.9646877626606558e-05,0.11274233990004605,5.362128411360304e-06,2
0.9083469679485672,0.01095410149247734,1.520245693303524e-05,2.9428019247128746e-07,1.651482222423236e-05,1.0009914636252343e-05,0.08065690908496931,0
0.9226270014148306,0.021212184780461833,6.424522191206354e-06,3.179829185487756e-08,1.3997232243927694e-05,6.4435698266391576e-06,0.0561339166821542,0
0.7705222723436501,0.01646913082626041,8.443784741227856e-06,1.691996487070865e-07,1.0684451893901232e-05,6.070465157303728e-06,0.21298322892864838,0
0.9211673369654397,0.018607943889298966,1.0489008332807962e-05,2.1018258749911433e-07,1.3272401935997154e-05,7.540831696962485e-06,0.06019320672070816,0
0.9289756612891832,0.018395991598737758,1.019470749362581e-05,2.0428527958212216e-07,1.290000457451264e-05,7.329250866236487e-06,0.05259771886386511,0
0.9658580571695413,0.011459627549747668,1.941265566675238e-05,2.123958586511383e-07,1.7809856112769755e-05,7.6202383949946204e-06,0.0226372601346779,0
0.8975321665568993,0.0030941810532975674,1.857889398612288e-05,2.0374622820184714e-07,1.579901989950842e-05,7.171723579474019e-06,0.09933189900610981,6
0.14528112254958583,0.00043416927846980525,2.0251312589894137e-06,2.6291897734120142e-08,2.1812153849829647e-06,1.1574154224109355e-06,0.8542793181179802,6
0.1954273175186028,0.0007398948310806214,3.041978709260297e-06,3.949343667390423e-08,3.4576756741149767e-06,1.7385703060553981e-06,0.8038245099321905,6
0.4906298433376455,0.00204576428212811,8.163862415615614e-06,1.0538430572139301e-07,7.810386193644948e-06,4.670812380474901e-06,0.5073036419349309,6
0.7887013375314894,0.06413819109788386,1.3017299358782047e-05,1.2250902275699044e-07,1.2995095697598217e-05,7.081298517182696e-06,0.1471272551680305,0
0.8121759198918166,0.08038359216643937,1.2071262070784909e-05,1.1360563193452977e-07,9.530745436529495e-06,6.566662396428961e-06,0.1074122056662084,0
0.8514423401966765,0.07908109605669453,1.4897124020903422e-05,1.5505651793594542e-07,9.413621170782088e-06,6.872369644520244e-06,0.06944522557527495,0
0.6431108557774536,0.07830407596644133,2.2334914334947893e-05,1.8264451427915367e-07,1.0751096220003567e-05,8.040331655904379e-06,0.2785437592693798,0
0.7978072264760949,0.07766515539277297,2.454361670413054e-05,2.2113788034227346e-07,1.1895895374388372e-05,8.093039204376562e-06,0.12448286444196884,0
0.8350173442228895,0.07815734107937844,2.2427695199286464e-05,2.3694978272726468e-07,1.62252336997764e-05,9.309494502786269e-06,0.0867771153245474,0
0.8106165601253924,0.09724499089022397,2.237464680320324e-05,2.999381862221615e-07,1.696173433570351e-05,9.287474685443018e-06,0.09208952519037325,0
0.8661380622626822,0.12796824160941864,1.376705700208779e-05,1.7407684041847235e-07,1.548748481586836e-05,7.715382815446106e-06,0.005856552126425351,0
0.7428388002358403,0.2549748796505241,1.5647622632335058e-05,2.2278518906913755e-07,1.704665009779945e-05,9.807394518301594e-06,0.002143595661198203,0
0.7262611095849328,0.27284894159985695,1.6105764217832035e-05,2.33471418324602e-07,1.818550129487131e-05,1.081847889790801e-05,0.0008446055993812234,0
0.7589109384651741,0.24092146380627713,1.4607619250481462e-05,2.2777594768780458e-07,1.6022613318098104e-05,9.419824190768618e-06,0.00012731989584168762,0
0.6311893770551998,0.36863106489371567,1.624367433231469e-05,2.172249118418572e-07,1.4384132591549185e-05,1.115369402112438e-05,0.00013755932522766627,0
0.5838747557694238,0.41602726580431426,1.6567906114736485e-05,2.055317691040603e-07,1.544336285295693e-05,9.22354734726535e-06,5.653807817777494e-05,0
0.6194453017888342,0.380476062737563,1.3057792656057947e-05,1.6198735112377704e-07,1.2171497632209178e-05,8.86716524016128e-06,4.4377030723083656e-05,0
0.48233659702550397,0.5176132437001784,1.7750366291389833e-05,2.0507071291781217e-07,1.5546522931439314e-05,1.145462399922126e-05,5.202690382488011e-06,0
0.3334967497930644,0.6664576525841317,1.60615896827117e-05,2.394245462459372e-07,1.430521537205702e-05,1.0168216678500529e-05,4.823176524338242e-06,1
0.13542906846930408,0.8645405653917102,1.0343184146321907e-05,1.3331067561223656e-07,8.120456688023215e-06,7.426121041112997e-06,4.343066434739597e-06,1
0.09993513647589748,0.9000328168256918,9.133874420851999e-06,1.142257924489639e-07,1.1697545813673267e-05,6.1642812674171005e-06,4.936771116237353e-06,1
0.09054029246127808,0.9081606490442878,1.0168453624309206e-05,3.7964739355545576e-08,0.0012774688588789891,7.793570044788096e-06,3.589647146462442e-06,1
0.04797754132761223,0.9185338180274142,2.5136502114682228e-05,1.1387014970310541e-07,0.03342345926970349,3.513380200248992e-05,4.797201003133846e-06,1
0.10675311362095165,0.8156333440336917,2.639249634434343e-05,1.6600422243525057e-07,0.07751936263310519,6.324772945482059e-05,4.373482229813821e-06,1
0.18649646624666763,0.7677509437093711,2.7514283753634417e-05,2.872597519906322e-07,0.04561991143948207,0.00010075031174850849,4.126749225071882e-06,1
0.24254348343695312,0.7060104896782504,3.0938186317745575e-05,3.2300661751740636e-07,0.051296894825667315,0.00011328777242964107,4.583093764291766e-06,1
0.23753719810630147,0.7167525045489206,2.9846878005178892e-05,3.2728496798003207e-07,0.04556836882121225,0.00010711056193763101,4.643798654728448e-06,1
0.21087793193575027,0.7466078089959007,2.728149524453531e-05,2.757996573871104e-07,0.04238935386081781,9.324098923641674e-05,4.106923392720392e-06,1
0.20226166255704744,0.7198389159890706,6.14774798356081e-05,4.4245711933990134e-07,0.07772899966849278,0.00010393818501630698,4.563663417935309e-06,4
0.039693953866670295,0.6112053348422037,5.4397057669201616e-05,3.085474640419584e-07,0.3489617927335855,7.95013095846241e-05,4.711642822792319e-06,4
0.03074697057592625,0.9665911002414854,0.0019847011225270607,4.5586534381033814e-08,0.0004341390091279721,0.00019384999691401622,4.919346748512684e-05,1
0.021623336827458064,0.9783015143607567,1.2094634292560598e-05,5.7440808456064134e-08,3.835584499372583e-05,5.3958007304279956e-06,1.9245090960081385e-05,1
0.048447552046534934,0.9514686164581868,2.6296912852047553e-05,1.3497355321214453e-07,3.8616554034745644e-05,1.3033625199128854e-05,5.7494296390109835e-06,1
0.0566320157097501,0.943295763999874,2.9831180145402325e-05,1.4240327665560697e-07,2.1118430888046587e-05,1.5062364633557373e-05,6.065911432361698e-06,1
0.05761383458908141,0.9423165836228656,2.9857998098545994e-05,1.4487209616956703e-07,1.8084344741625802e-05,1.5323498089240702e-05,6.1710750273707195e-06,1
0.07638331024437424,0.9235535184095778,2.7264205890651633e-05,1.3228692174006484e-07,1.6513340807574757e-05,1.3626524457441923e-05,5.634987970646539e-06,1
0.06738563784534637,0.9325625319175865,2.300521278164972e-05,1.0981857453505007e-07,1.370862307812019e-05,1.0177889209837284e-05,4.828693422605576e-06,1
0.1327801091359158,0.867149484464218,3.2992546888699825e-05,1.574944993548542e-07,1.3988735592408083e-05,1.6342631768815146e-05,6.9249911169500865e-06,1
0.10445021468446153,0.8954821972631469,3.110030624768663e-05,1.5928026223503492e-07,1.413993541211584e-05,1.518868931361649e-05,6.999841156215174e-06,1
0.10445021606657287,0.8954822091123912,3.110030665921366e-05,1.5928026434267116e-07,1.4126703349099853e-05,1.5188689514597024e-05,6.999841248838822e-06,1
0.15031431646937957,0.8495895902836912,4.699371879092492e-05,1.9802986828964049e-07,1.7716937377480275e-05,1.442137772633414e-05,1.676318316639174e-05,1
0.0905382753678508,0.9093756771794586,3.208607985167131e-05,1.3520960525014662e-07,1.1148688880883482e-05,9.053425608992122e-06,3.362404874393875e-05,1
0.08744896356716511,0.912459042548321,3.864061986131125e-05,1.0270343628492724e-07,9.89020036073219e-06,7.275784708400372e-06,3.608457614755027e-05,1
0.2252598826941064,0.774668599742228,2.8931204211959173e-05,1.552575296578066e-07,1.6821079357579163e-05,1.3350033720878069e-05,1.2259988845563518e-05,1
0.3271184548013558,0.6725446683186549,2.7738044386466244e-05,2.1884334572661573e-07,0.0002747122693095799,1.734543379091759e-05,1.686228915637654e-05,1
0.3077367746108656,0.6919060780876486,2.3113039458133474e-05,1.8235369496333872e-07,0.00031175898870670004,1.4453279043115495e-05,7.6396405830209e-06,1
0.35060606080589246,0.6490825610215,2.5092315076510285e-05,1.9796947855664923e-07,0.0002621030503497103,1.56909796435689e-05,8.293858059113783e-06,1
0.3098633216426921,0.6898975341902438,2.492199895988182e-05,1.9662574472037614e-07,0.00019309799278475966,1.5584475851039577e-05,5.343073723462581e-06,1
0.07246322214197484,0.9259178628381763,2.6106485745950255e-05,1.7359945572122968e-07,0.0015735962682584454,1.366209142736929e-05,5.376574961200831e-06,1
0.08657681446377842,0.9121459118887592,2.338830632553723e-05,1.804063294853246e-07,0.0012306558098223051,1.4432206755399233e-05,8.616918229960698e-06,1
0.06355410380057783,0.9320771263929327,2.2613974050333838e-05,1.8983457529420488e-07,0.004317824751690668,1.5456501984577467e-05,1.2684744188554206e-05,1
0.05280418805249403,0.923296410449064,2.0659497208528337e-05,1.8804622169686462e-07,0.02385995519376346,1.3035654055173102e-05,5.563107193191829e-06,1
0.04717222731443939,0.900795905449242,2.182312644272137e-05,1.5620299145934327e-07,0.05199055085384019,1.471840832981438e-05,4.61864471418918e-06,1
0.12256704554729793,0.8709360867214463,0.00029757693926965616,1.7806571883110887e-07,0.005341240133817717,0.0008489932087570317,8.879383692301819e-06,1
0.12229918957080213,0.8711981452633013,0.0003843755349011396,1.7811929755329378e-07,0.005184597577937097,0.0009199770176421202,1.3536916118562064e-05,1
0.09622454416758053,0.8972622822691653,0.0004357243396504137,1.6332595224221603e-07,0.005349594191199242,0.0007089918880710935,1.8699818381269106e-05,1
0.09864326054338396,0.8949536143998335,0.00043460321508882765,1.6290571237966878e-07,0.005335829613698055,0.0006138776187852587,1.8651703498127026e-05,1
0.08746703377468523,0.9040763354732586,0.0004327476727235907,1.7127237208414637e-07,0.007248019523140584,0.0007560826491738541,1.9609634646139486e-05,1
0.09344752064110784,0.8981123974809797,0.0004286817557140502,1.8038489899516266e-07,0.007097219991820256,0.0008933467824707513,2.065296300817298e-05,1
0.011213121998463799,0.46891231439148967,0.0016538134340920024,4.8269697429016034e-08,0.5151011160132156,0.003117652560768085,1.933332273368497e-06,1
0.01950499847778548,0.9456256100297175,0.0013281465790521126,1.3374544623822732e-07,0.030168114779053113,0.00335954348560075,1.3452903344811839e-05,1
0.015681794396949007,0.9493659918028468,0.001289039667848859,1.526462284695845e-07,0.029183751913865946,0.004466272604224658,1.2996968036391661e-05,1
0.009400921004026815,0.9290314403785328,0.005304500804831348,1.9413082420310508e-07,0.04800846014207214,0.008241196690275693,1.328684943713304e-05,1
0.01004522908909254,0.9388102886337658,0.013017131165337686,1.9617421669665944e-07,0.027098526374889506,0.011015201857838403,1.3426704859445672e-05,1
0.010392845491273714,0.8782631453154484,0.0456122723339397,2.629892849196898e-07,0.010593177152469166,0.055117227351236905,2.1069366347409126e-05,1
0.020522491817206633,0.8124685463498001,0.06844754855255783,2.959956460074988e-07,0.01763743456403281,0.08090563072989465,1.8051990862013286e-05,1
0.04299251590545136,0.6351453805920529,0.08738195509057341,6.335833852789844e-07,0.030050643155197305,0.20440400163642128,2.4870036918597978e-05,1
0.03279056980550914,0.4877940659553375,0.305769006583807,5.474417348126973e-07,0.022579257289231842,0.15105533628931772,1.1216635062027956e-05,1
0.08633808217220783,0.536452668713964,0.06507426934023176,7.162626228092767e-07,0.0943810723278684,0.2177434333584767,9.757824628599438e-06,1
0.002485435108699082,0.13781257058078555,0.0005084547850067462,9.802564669400719e-08,0.00031811686162450613,0.858870642136159,4.682502078310358e-06,5
0.008014623337435262,0.73093882487859,0.0018742806950740234,1.6250289692364637e-07,0.0016021710234981582,0.2575664683188268,3.46924367911756e-06,1
0.012740641133138546,0.8300615191831089,0.009702918718700871,2.6906651362186545e-07,0.0022020781447712324,0.14527748564267665,1.5088111090214342e-05,1
0.008999461144508447,0.9003417257475297,0.0029623762369182173,2.453556146123628e-07,0.0027263818166392236,0.08496074543679538,9.06426199426856e-06,1
0.008592651665246484,0.9318150917725406,0.0020711388772514704,2.5325943102519805e-07,0.001511862859953565,0.05598167775287851,2.732381269832022e-05,1
0.008329952374144075,0.9253782727692064,0.002422644262114783,2.5150995826736194e-07,0.0015128245598818783,0.062328919460212975,2.7135064481669716e-05,1
0.025352366272575203,0.9389785524230901,0.0018325529867968219,1.9695003496371326e-07,0.008691308941193908,0.025140927899481753,4.094526827111181e-06,1
0.011983162782968888,0.9164080705947292,0.002504477587648398,2.773656307145727e-07,0.003944136061275879,0.06514137497933004,1.850062841713685e-05,1
0.004156431305854154,0.21457509420237877,0.0009641574683466723,9.605347922657641e-08,0.0006043697839700296,0.7796926951824916,7.15600347947109e-06,5
0.0027865283703170187,0.10213884033682989,0.003934692731310366,4.700442643489575e-07,0.0004900915233689538,0.8906437596154186,5.617378490727947e-06,5
0.0021668574106987392,0.4002450983746454,0.04680871206990883,6.880494441153064e-07,0.00040931296715632036,0.5503582995698536,1.1031558292989618e-05,1
0.0065310488661041236,0.9252817761630238,0.009011784804631445,2.4339894712239463e-07,0.000875224345377608,0.05825136802618834,4.855439572775472e-05,1
0.005117277066129582,0.8338023712993401,0.1547925051376445,2.396799143320757e-07,0.0007988285867036802,0.005436818698143032,5.1959532124805355e-05,1
0.006739550629234731,0.8970418696669811,0.08454196111663634,2.7044120341270696e-07,0.00046912844588729814,0.011175492456220066,3.172724383703041e-05,1
0.00016115397964506215,0.015446573790720711,0.9786843844938994,5.472515626954435e-05,2.3952857489867954e-05,0.005623616862686071,5.59285928922964e-06,2
0.0002672840588874985,0.03126760378743095,0.9605095294106563,0.0001752460508876081,4.198617212322777e-05,0.007735354497942988,2.996022071527611e-06,2
0.00028460981158373474,0.005633330274542092,0.927208093188095,0.0009978590538927978,6.113556619495078e-05,0.0658068114325524,8.16067313901191e-06,2
0.00039308822309079024,0.005846275232860843,0.9634608386394659,0.0008422586227852777,7.493325526375247e-05,0.029371379287918928,1.1226738614568646e-05,2
0.0004707655344772707,0.007001545004474207,0.9235874361222828,0.0008541723072796228,8.506005737450731e-05,0.06798752262129452,1.3498352817154944e-05,2
0.00013821508806816245,0.0012676508101912066,0.9677837095998632,0.00036841042568786967,1.898704918235527e-05,0.03041831190938489,4.715117622274714e-06,2
4.583267082962871e-05,0.0013116179906288894,0.9878378505690598,0.00026441577869866127,6.197905860379753e-06,0.010532724969918727,1.3601150037157723e-06,2
4.149671621175378e-05,0.0001372822425350591,0.9958713718602321,0.00024089886319874943,5.311866508859769e-06,0.0037026839419186373,9.545093947385896e-07,2
7.04998143613992e-05,0.00026674782289215433,0.9802709278312405,0.0006663807487639223,1.717971343038926e-05,0.018705833771282376,2.4302980295936737e-06,2
8.554025877938106e-05,0.00031136862831088495,0.9433925636034616,0.0010808524334739754,1.732758177318701e-05,0.055109546520384564,2.8009738164436588e-06,2
0.9640474254743407,0.01186376305894568,1.9218501636793466e-05,2.1027159947652524e-07,1.661918552186537e-05,7.544025226686598e-06,0.024045219482728874,0
0.9649232727708339,0.010966030822105038,1.9235961849078098e-05,2.104626334516849e-07,1.663428422792963e-05,7.550879053505562e-06,0.024067064819297424,0
0.9630747801889145,0.006445491554083371,2.4790130782767846e-05,2.1527880044310913e-07,1.8734899770049744e-05,7.72367122025415e-06,0.030428264276428963,0
0.939484355350407,0.003671045912707462,1.4172463851688727e-05,1.9921490460745478e-07,1.5494949731419794e-05,7.147338345416378e-06,0.056807584770052016,0
0.27846278823495,0.0009028616179216677,4.912774663339064e-06,6.3417206305601e-08,5.440762947856548e-06,2.810758872677201e-06,0.7206211224334382,6
0.21046520740877997,0.0008008105942099192,2.825576377851961e-06,4.130606981926282e-08,3.492796224109441e-06,1.81836559427792e-06,0.7887258039527442,6
0.29316924459724386,0.0011436959250726937,3.825775281052846e-06,5.606496923498015e-08,4.4642898453345205e-06,2.4680782157976217e-06,0.705676245269372,6
0.6707411020076518,0.002475894737396832,9.672112546807887e-06,1.538189397439405e-07,1.0109284539604834e-05,6.928074791658051e-06,0.32675613996413355,6
0.12677135207601492,0.0005510309961885447,2.288828054439558e-06,2.9715423566342075e-08,2.3924380755765617e-06,1.308125030264524e-06,0.8726715978212127,6
0.13314466052998702,0.0005678523423626332,2.1442096704434127e-06,2.7837870323498055e-08,2.21304042188323e-06,1.225471845559441e-06,0.8662818765678422,6
0.16230731934608025,0.0028945781871927805,2.6323705867820225e-06,3.848166487378834e-08,2.4692773434878273e-06,1.6940303379915902e-06,0.8347912683067938,6
0.6869358024365735,0.0359212863666728,1.1877354180717039e-05,1.1178071683790813e-07,1.1209229294829714e-05,6.461178177578199e-06,0.27711325165438383,0
0.8131495244463477,0.08121401737350216,1.1868844850255887e-05,1.2571734709645146e-07,6.94530900992676e-06,6.456549175239392e-06,0.10561106175976745,0
0.8355157793906756,0.07609578495527758,1.4618467510236298e-05,1.5215612533777703e-07,9.635904747222111e-06,6.74381929195088e-06,0.08835728530637209,0
0.796619516759545,0.08345143753957152,1.616503002599658e-05,1.9561070905144332e-07,1.1700156509538873e-05,8.669800643811445e-06,0.11989231510299514,0
0.758391083547465,0.08910458827421731,2.4341560217556443e-05,2.0854104441227281e-07,1.22754567425422e-05,9.180342303523182e-06,0.15245832227800976,0
0.8264307060868652,0.09429992472685879,2.1542990732811655e-05,2.9491043185104006e-07,1.6669843577350727e-05,9.131792136199924e-06,0.07922172964939789,0
0.8296293843659717,0.06975137698856416,1.4883365151997125e-05,1.7282059013131925e-07,1.2202738699686016e-05,6.789929559241879e-06,0.10058518979146308,0
0.8778458424057454,0.10631059749349041,1.6335237207172845e-05,1.8303199360774436e-07,1.3016581811240064e-05,8.243843983657967e-06,0.015805781405768535,0
0.9129285378245628,0.06939814818936872,1.2969376897843934e-05,1.639906155854968e-07,1.2350829795707387e-05,7.219154339057029e-06,0.017640610634420156,0
0.9209626070216583,0.06827444546310883,1.1968008023371368e-05,1.5132885862936947e-07,1.1938023104151435e-05,6.661761604457185e-06,0.010732228393642398,0
0.8493488578371738,0.14544527846078853,1.5310080410274645e-05,1.9358752011916484e-07,1.663478918627918e-05,8.522061953764361e-06,0.005165203182967254,0
0.7444391721061356,0.25539964532250015,1.5293064686288522e-05,2.384640674321693e-07,1.734896168425999e-05,1.0272576659837948e-05,0.00011802950426632229,0
0.7701800109183621,0.2296351920163491,1.460951110726583e-05,2.278054473252581e-07,1.602468843309045e-05,9.421044167685956e-06,0.00014451401613342646,0
0.7646919566930876,0.2352044626963477,1.9402281400645822e-05,2.2558282565870882e-07,1.4044274767696654e-05,9.329126186204504e-06,6.0579345384110984e-05,0
0.758429516821271,0.24149380769339238,1.4069192004507298e-05,2.1305583379688566e-07,1.4111531740246226e-05,8.811064195132035e-06,3.947064156278374e-05,0
0.6879555667600326,0.3119082836320144,1.2896528390054834e-05,1.7495166200484387e-07,1.2480286684112453e-05,1.0709865250178657e-05,9.988797596667605e-05,0
0.6261492816308949,0.3737735271320494,1.2822879949165403e-05,1.5907316124979514e-07,1.1952529577574618e-05,8.49860025883091e-06,4.375815410888254e-05,0
0.5462003760468352,0.45375870235796795,1.4296742142513276e-05,1.69356056346609e-07,1.2838975278863407e-05,9.319920253863547e-06,4.296601465094281e-06,0
0.49812958301223315,0.5018205157350225,1.7527770707753368e-05,2.0592208478167138e-07,1.561106589818647e-05,1.1332204174302817e-05,5.224289879290837e-06,0
0.5109602884103626,0.48899335485835116,1.6282760693564912e-05,1.9129529270580645e-07,1.450220078924249e-05,1.0527269655528319e-05,4.853204855120402e-06,0
0.2497381791936954,0.7502233013207604,1.2247464506317789e-05,1.725520552431545e-07,1.2442861678739646e-05,9.61246881685151e-06,4.044138486812366e-06,1
0.09158921384056316,0.9077155352960601,1.0385496446526113e-05,3.877508618692198e-08,0.0006729371298358483,7.292568355009737e-06,4.5968936530616646e-06,1
0.04182358148692896,0.9253437028138105,1.608600365679982e-05,1.1471436750420187e-07,0.03278721332958954,2.446888484763146e-05,4.832766798848023e-06,1
0.08120870318200343,0.8520716137748762,2.4162101192616193e-05,1.4066887804601558e-07,0.06663488213557787,5.795605102969719e-05,2.542086442322277e-06,1
0.15367718775837694,0.8062071416654961,2.5910718534619703e-05,2.302122679110319e-07,0.04000556760262371,7.84253929597252e-05,5.5366497409322666e-06,1
0.30261458324073337,0.649402407404713,2.7009860597072858e-05,3.062612014735692e-07,0.047870337201103313,8.101053615215063e-05,4.345495499461037e-06,1
0.21835759730785526,0.7244300837634112,2.656197449688966e-05,2.498438019067211e-07,0.05709064832964244,9.085686914036725e-05,4.001911651921569e-06,1
0.03686412755793902,0.617059179059499,5.476840445068783e-05,3.1065379318212044e-07,0.34593416833113,7.850012803859169e-05,8.945865149226581e-06,4
0.0057747988498738625,0.08200870552281875,6.834029555133273e-06,4.236721334677485e-08,0.912197849754788,9.414291886035548e-06,2.3551838647223584e-06,4
0.004800833868112587,0.9610586220490108,0.03231932149853107,1.3893806470737208e-07,0.0009249378344003377,0.0008670369574296627,2.9108854450560768e-05,1
0.012070553972956569,0.9835098849996258,0.0037148929388668745,4.6384460994334506e-08,0.00040799547974295584,0.00023830558459117445,5.832063975553218e-05,1
0.022296291772310673,0.9748816426790298,1.0794424294611419e-05,3.713751025831029e-08,0.0027877055818355686,6.381711968107773e-06,1.7146693051114827e-05,1
0.023421683249158366,0.9765201833772975,1.2271193231803008e-05,5.8121976259255015e-08,2.297059077944453e-05,5.459787394766342e-06,1.7373680161841824e-05,1
0.0458807452335731,0.954058146158502,2.416789794809283e-05,1.1536881346670984e-07,1.970814977868233e-05,1.22028592079312e-05,4.914332176767119e-06,1
0.0912256154943079,0.9087139159106029,2.6946229439890382e-05,1.307440883993197e-07,1.5848011312360728e-05,1.179482756406233e-05,5.748782684270428e-06,1
0.07891062633213505,0.9210280099123072,2.8375131957547278e-05,1.4532327827119185e-07,1.2599046937041408e-05,1.3857775550622247e-05,6.386477834257666e-06,1
0.08867315882597651,0.9112609672981308,3.0535687223202496e-05,1.541816166833964e-07,1.3694483793586353e-05,1.4710198709458947e-05,6.7793245497663485e-06,1
0.08146142519706558,0.9184764014204498,2.8427371819938012e-05,1.455908247999768e-07,1.3318895896569374e-05,1.3883288323175665e-05,6.398235620044256e-06,1
0.10222113406331192,0.8977035133820981,3.2293273244192515e-05,1.5188775110822282e-07,1.3588787378552567e-05,1.1721982270497315e-05,1.759662394589533e-05,1
0.09528767657967085,0.904634088163625,3.561428106338469e-05,1.530603759245027e-07,1.2922959491340292e-05,1.1812479938716683e-05,1.7732475835011783e-05,1
0.1233539772492042,0.8765580849360965,4.057150440701848e-05,1.7096688410166802e-07,1.493781209385815e-05,1.245053605104845e-05,1.9806995263199034e-05,1
0.07846639145876588,0.9214671324251789,3.0180304823493282e-05,1.2717873671005864e-07,1.1111930133670727e-05,8.515691098424111e-06,1.6541011262827544e-05,1
0.07481871061050006,0.9251297852502708,2.4326083127144112e-05,1.1004676580860611e-07,6.950220554562268e-06,7.368560879348569e-06,1.2749227901967529e-05,1
0.13674071132016388,0.8631727837175514,3.7435089192352265e-05,2.0460631486355107e-07,1.664508635706846e-05,1.4900302551960466e-05,1.7319877868330392e-05,1
0.15659220941317814,0.8433297253825068,3.4127324546633634e-05,1.9048069711388023e-07,1.3638657224580504e-05,1.3984594297528819e-05,1.612414754885235e-05,1
0.16169287519994413,0.8382315669406993,3.153401371069284e-05,1.5605122672234263e-07,1.4852314444602063e-05,1.3418280862250675e-05,1.5597199112346816e-05,1
0.19924059863450133,0.800698750740549,2.661252134944036e-05,1.5502589803469002e-07,1.4758432343368756e-05,1.4256875354721922e-05,4.867770004325445e-06,1
0.10796394976083318,0.8905095092517661,3.2165377905446697e-05,2.046496246155938e-07,0.0014717152533095291,1.6114149480798625e-05,6.3415570800489125e-06,1
0.10401969914151771,0.8944530952843516,3.078080299625094e-05,2.0179364748822858e-07,0.0014740806503642982,1.588926931094466e-05,6.253057812060904e-06,1
0.04787100090925793,0.950387814379649,2.371423525781171e-05,1.99070794393482e-07,0.0016906730933753074,1.3296403420652012e-05,1.3301908245008074e-05,1
0.07127861736548102,0.884824382567153,1.8516897936496104e-05,1.5544138538926923e-07,0.04385592359780013,1.0095808747040478e-05,1.2308321497175292e-05,1
0.06995044871433377,0.8904231281427957,1.8345307602991684e-05,1.6698207830465835e-07,0.03957562054854625,1.1795462643130369e-05,2.0494841999860132e-05,1
0.05533667519079432,0.9045522202718457,1.8636408017015142e-05,1.6963172328096045e-07,0.04005949581557468,1.1982631162368146e-05,2.0820050882731724e-05,1
0.05555884058522738,0.9029735235251721,0.0001191186499128523,1.8390709361539427e-07,0.041203573729748116,0.00013302758426104734,1.1732018584676111e-05,1
0.0509591210204053,0.8808375903979938,0.00014526431942558327,1.5364436885664903e-07,0.06790490921018436,0.00014841841682884085,4.5429907932934685e-06,1
0.0488774477336904,0.8414724087717136,0.00014580260970826033,1.429200142010864e-07,0.10933696072558798,0.00016301134859076884,4.225890695015923e-06,1
0.054868723727132605,0.8612906607317452,0.0001523012340728933,1.6038886275414286e-07,0.08343479128878403,0.0002486177298344364,4.744899568010338e-06,1
0.049939097846148674,0.8996299099101359,0.00026754565115121677,1.8712060632776885e-07,0.04931606197216777,0.0008424028787113641,4.794621078839945e-06,1
0.18544053850235098,0.8079724216953953,0.0001999711498541769,1.879919960647307e-07,0.005215890977085786,0.001163252982372895,7.736700944813592e-06,1
0.015188542048165832,0.5904151466311095,0.0016032786402394622,6.306713333261166e-08,0.3903668419246283,0.0024202149561787963,5.912732544705405e-06,1
0.013235172495785581,0.9085449798957395,0.003161128228618306,9.31690248292164e-08,0.0676367627435794,0.007413128592268382,8.734874984103883e-06,1
0.023987522238880107,0.9259075890687837,0.002565569214078101,9.952910036665319e-08,0.038991150505062945,0.008531530647773882,1.6538796320937193e-05,1
0.0207828323539612,0.9343646463395802,0.001923007437637362,8.763627855901346e-08,0.03294395310445096,0.009966925882765508,1.854724532603027e-05,1
0.020415296050110204,0.9302111751546781,0.0021175722681997526,1.5535686022036605e-07,0.035975387646636804,0.011262194279005886,1.8219244508930497e-05,1
0.010034879166385104,0.9378430021898105,0.013866017368166355,1.9975170253163775e-07,0.029865662057205273,0.00837682659583679,1.3412870893462587e-05,1
0.007209199282383355,0.9276597612415132,0.03379959468558508,1.938441975187559e-07,0.02207242811405006,0.009245555600355148,1.3267231915725788e-05,1
0.0058868343853680696,0.9328173179398414,0.030068826975303675,2.2545405651855166e-07,0.011859939043919897,0.019351425503597374,1.5430697913376318e-05,1
0.010172327869622754,0.8301178575200163,0.08034073880760534,2.822254868871019e-07,0.011286027619927658,0.06806214364532154,2.0622312019455883e-05,1
0.12868052866584315,0.42334062885263524,0.025854134602168375,7.042150520439193e-07,0.021221029690250817,0.4008968097733437,6.164200706638493e-06,0
0.0014002880833247735,0.13124959440694556,0.0007051213792520311,5.3488117826810204e-08,0.00026872957423946603,0.8663724112247868,3.801843333528161e-06,5
0.007648741578613815,0.6812141635776826,0.0014092183895475024,2.2766577399586306e-08,0.0019087884266451546,0.3078140331906704,5.0320702631873636e-06,5
0.007340212091930477,0.9030772304301863,0.0031173000329075638,2.3130829652190394e-07,0.002287110593268359,0.08417052247793436,7.393065476520819e-06,1
0.007465412097451386,0.8922754941659397,0.002291380185596183,2.482687077311575e-07,0.0019079353186713132,0.09603274459322735,2.6785370406305676e-05,1
0.009918359806898059,0.89749221515478,0.0022636662816266214,5.062972614779141e-07,0.0028329769729763046,0.08747492278949338,1.7352696964160717e-05,1
0.011089929547790698,0.9206426567008948,0.002079534682159684,4.49861276533292e-07,0.002871952439111684,0.063297587352943,1.7889415823390858e-05,1
0.009238229996274263,0.8430068603770045,0.010863352134796576,5.7239084854229e-07,0.033565065755649465,0.10330422805156926,2.1691293857179024e-05,1
0.008231182323324652,0.9458027915213566,0.0015829242207337608,1.0304517361696648e-07,0.0011480792624040796,0.043176039036324304,5.8880590683105684e-05,1
0.049150376535124614,0.4712385424691683,0.007588536337988635,4.883046041120644e-07,0.00594267713523852,0.4660702254642895,9.153753586378978e-06,5
0.01050649982830729,0.29754352137409323,0.0010068063457469175,1.9592470252890247e-07,0.0014242339824854216,0.6895105266782539,8.21586641069431e-06,5
0.011176794393719264,0.48485336972109344,0.0010551120992424777,1.6046372000309267e-07,0.010778614106608655,0.4921308212182597,5.127997356415651e-06,5
0.0113380758813557,0.637473643320924,0.0013714762930538272,1.9760229434811334e-07,0.014256154033641838,0.33555639541415117,4.057454579090796e-06,5
0.001858681456548279,0.05205015652027727,0.0034485202875066184,3.5093952767839967e-07,0.00041515601781589754,0.9422247303221025,2.404456221781685e-06,5
0.002540113019297962,0.561074985036257,0.04540899305865102,3.3842826620067047e-07,0.000516769579155076,0.3904394955142345,1.930536413834169e-05,5
0.00828453758299225,0.7530713440305935,0.08078110496353325,1.3479905254566023e-07,0.0009102982847818158,0.15693084205312433,2.1738285922465115e-05,1
0.00023700429654455082,0.02821243169346419,0.6741287407893712,0.0004983791688829601,0.0001012076636734632,0.29681731935731515,4.91703074843188e-06,2
0.00033937661179976884,0.030775203700651992,0.6911798501646537,0.0006653941996099077,0.00012475878720137064,0.2769009078629259,1.4508673157198053e-05,2
0.0003269053383712556,0.005397115028240362,0.929030981833109,0.001008690002509968,6.997013716497704e-05,0.06415585451212796,1.0483148476757833e-05,2
0.0004852187468221669,0.0018698806970078637,0.9013728935044542,0.0015868802595101728,9.523744297162044e-05,0.09457601727361933,1.3872075614694402e-05,2
0.0006048342031899583,0.0023308411079375215,0.9266806508987369,0.0017480902696380555,0.00010465650376992352,0.06851363521616148,1.7291800566146687e-05,2
5.688687070045349e-05,0.0005431314695092818,0.9925020500173195,6.200482113573199e-05,3.830734234796686e-06,0.006830077488980853,2.0185981193771208e-06,2
0.00010143859303982595,0.0010299493071238453,0.9922023894198253,8.489189109999285e-05,8.249046029252782e-06,0.006569468030583759,3.6137122981111754e-06,2
0.0001265825617531239,0.001325150939062654,0.9869095876993262,0.00010378210592218311,1.42092099722254e-05,0.011516332937891857,4.354546071774099e-06,2
4.252635898293351e-05,0.0004905139523804694,0.9947362785379397,0.0002103828567948891,6.603933184906984e-06,0.004510264445347251,3.4299153701567066e-06,2
4.05288807316924e-05,0.00013408038375592546,0.9947818564939278,0.0002219797645309034,4.857028972339864e-06,0.004813410580092332,3.2868679890500872e-06,2
5.8531559264095185e-05,0.00024903517180457343,0.9862353289669868,0.0003840283915390947,1.4263234930467726e-05,0.013057160470010602,1.652205464022552e-06,2
6.93524328527754e-05,0.0002624065133124841,0.9787161331243565,0.0003900325676238644,1.5822033678328964e-05,0.020543862583144765,2.3907450315487963e-06,2
8.17922304735837e-05,0.000282373753571351,0.9821503102321393,0.0008532899207961918,1.672294871853066e-05,0.016612691339549915,2.8195747514600546e-06,2
9.106811922673855e-05,0.0002952327390008815,0.9662438454631934,0.0007119971983221582,1.6429623802857972e-05,0.03263877103600028,2.6558204536674103e-06,2
0.616000833117608,0.016811024740187513,5.9396561961051735e-06,1.55865384237945e-07,7.4886880974924636e-06,3.7218192470511148e-06,0.3671708361132796,0
0.7741235935975256,0.013614666201527426,8.414178909806562e-06,1.6860639622260457e-07,1.0646989773383725e-05,6.0491807245992246e-06,0.2122364612451431,0
0.1739131824567815,0.0005824336036117216,1.464693646225315e-06,3.412571967259919e-08,2.93116691109965e-06,1.5022739951814446e-06,0.8254984516793346,6
0.16578969323065257,0.0004928047405538741,2.295156406000552e-06,2.9797583362813857e-08,2.4210190574456657e-06,1.3117418485140175e-06,0.8337114443138982,6
0.21295709953410066,0.000907380961789635,2.7280594783326357e-06,4.739881340299596e-08,3.54958396732088e-06,1.9053408463636697e-06,0.7861272891210043,6
0.5665525079430068,0.002048745783191289,1.184746238869192e-05,1.2992569833609146e-07,8.931936096539137e-06,5.891786040206832e-06,0.43137194516357813,6
0.3324965126226474,0.0012631586134132164,5.374802014155462e-06,6.938134792280255e-08,5.586007486474164e-06,3.0750998133309053e-06,0.6662262234732774,6
0.6998527034235641,0.033743889404021114,1.1382452228240207e-05,1.0712307220000099e-07,1.0672061610499963e-05,6.191955786233202e-06,0.2663750535797178,0
0.8107024760328567,0.07939818759013921,1.1833127387369138e-05,1.2533902007846527e-07,9.173262302001385e-06,6.437119183656166e-06,0.10987176752911079,0
0.8289460384244489,0.07078397444637455,1.8964528456038132e-05,1.6591809367416756e-07,1.1184413391317527e-05,7.304005302983136e-06,0.10023236826393239,0
0.7966364092664775,0.08751600130918888,2.2858188697885036e-05,2.2050732085683164e-07,1.2979833711970282e-05,9.707118766973036e-06,0.11580182377583585,0
0.7630913724413305,0.08053795303043132,2.075609394363419e-05,2.0072068689195575e-07,1.2027547325489252e-05,8.836076458040453e-06,0.15632885408982422,0
0.7971505568453464,0.08378498726516964,2.0913843840784447e-05,2.209558632767346e-07,1.2507409270301242e-05,8.681111123451844e-06,0.11902213256938624,0
0.8769062498868048,0.0805349676594098,1.4995087900919643e-05,1.7411787681364537e-07,1.1143126090986305e-05,6.840898516033682e-06,0.04252562922340055,0
0.890000092053707,0.09613599222350978,1.6851932204816207e-05,2.1308338541169928e-07,1.7680760554310418e-05,9.38030411608428e-06,0.013819789642522637,0
0.7531105203232824,0.24288649362132905,1.533045253398188e-05,2.1761999276240423e-07,1.6950805749885503e-05,1.0083963666120748e-05,0.003960403213445486,0
0.7498765646264759,0.25000083160277803,1.2775236141061756e-05,2.194889302567624e-07,1.4537621198881564e-05,9.077109132138959e-06,8.599431534392987e-05,0
0.6864663113429843,0.312898405832216,1.4490044684443964e-05,1.7457293447802207e-07,1.2453269918134145e-05,1.0686681013273937e-05,0.0005974782562493181,0
0.5572351720060218,0.44270615523477636,1.4447410680947868e-05,1.7922614092959783e-07,1.358723179058763e-05,9.863085955738875e-06,2.0595804633585538e-05,0
0.5581658800549616,0.44179296097600784,1.3950850566917085e-05,1.7306610610102746e-07,1.3120236180350416e-05,9.52408991035507e-06,4.390726266735755e-06,0
0.5220630759310521,0.4778886519737974,1.6725552452794943e-05,2.0066206757246434e-07,1.521230111603312e-05,1.1042737461500837e-05,5.090842052652466e-06,0
0.344647437859383,0.6553087445598978,1.5605804575947035e-05,2.47221258439532e-07,1.122081754841793e-05,1.0499338362586104e-05,6.244398973867042e-06,1
0.2695716983666033,0.7303783897357707,1.7990832963165337e-05,2.1493406735221019e-07,1.2325126751461054e-05,1.215306434139268e-05,7.227939502660277e-06,1
0.2889778515956922,0.7109711219682491,1.7335086112030737e-05,2.2342754599012484e-07,1.3321045820979745e-05,1.2633312975964289e-05,7.513563603661376e-06,1
0.28710767662361464,0.7128503920272684,1.416323296759899e-05,1.8254633203355758e-07,1.1277559223814746e-05,1.016922645071078e-05,6.138784142622434e-06,1
0.1085035806543259,0.8914338495866697,1.2805304412998166e-05,1.7505006862073873e-07,2.5183707893074602e-05,9.44670932653867e-06,1.4958987303225296e-05,1
0.08621743639022522,0.9126802788806556,1.0691401956673754e-05,1.2337816941634815e-07,0.0010781772133701393,8.086058055531357e-06,5.206677567335107e-06,1
0.09901005315215532,0.8996563783890882,1.0476149096100411e-05,1.2089416366978713e-07,0.0013099721369602964,7.897428403669675e-06,5.101850132636298e-06,1
0.042248121474708696,0.9347366192097294,9.501917969581482e-06,1.1587880236240773e-07,0.02299437686964636,6.382826221734489e-06,4.881822921848069e-06,1
0.04163502131896119,0.921171822792368,2.365563454707241e-05,1.1419718175310427e-07,0.037135222310580876,3.0193226658235224e-05,3.970519702795953e-06,1
0.05204803225578055,0.8882846555412857,2.203764906778205e-05,1.328259005862213e-07,0.05958855693131656,5.284899067300634e-05,3.735805975976278e-06,1
0.053281382517152975,0.868931558808167,2.6001262036868665e-05,1.359733943934796e-07,0.07769917930593294,5.9284900932773836e-05,2.4572323829236305e-06,1
0.21312082227999316,0.7255607284207571,3.316364579460697e-05,2.857724761900011e-07,0.06119401576299884,8.603647217927653e-05,4.947645800866589e-06,1
0.04633761039890963,0.9520751722085438,0.0009341236300086126,4.490193170656166e-08,0.0004077139278793875,0.00018884142329312625,5.649350943356004e-05,1
0.031246499008143958,0.9684654287915309,1.637080576435742e-05,7.75396494503886e-08,0.00023836100091313074,7.283816436266321e-06,2.5979037561930545e-05,1
0.06466987311719809,0.9352795958176174,2.3462316896550545e-05,1.1200062443778145e-07,1.03392921646161e-05,1.1846597101468855e-05,4.7708583971128545e-06,1
0.12524894518061175,0.8746885450822166,2.540983285529671e-05,1.7532144724292735e-07,1.6159935148538933e-05,1.6043721499416278e-05,4.720926221529207e-06,1
0.09352598158176491,0.9064115005108846,2.8162630794816076e-05,1.3664611215489655e-07,1.4408353891292847e-05,1.3801983458144395e-05,6.008293094137567e-06,1
0.09652181341383093,0.9034190866968187,2.6801824175562995e-05,1.3004342878804966e-07,1.3314969526076064e-05,1.313507735176879e-05,5.7179748680995366e-06,1
0.09528919705554847,0.9046485231289688,2.9901984812976326e-05,1.5306281826141096e-07,1.3681968143064193e-05,1.1812668426792438e-05,6.7301312816481365e-06,1
0.09531159158814279,0.9046162225184207,3.002759486549694e-05,1.5305735313063842e-07,1.3264097564006397e-05,1.1812246653703074e-05,1.6928897000332557e-05,1
0.10094126699390828,0.8989803445045782,3.32812542001569e-05,1.5653460757286352e-07,1.3676827336449343e-05,1.3138910008369483e-05,1.8134975360951655e-05,1
0.06633304755191491,0.9335892288803107,2.875996310841254e-05,1.211934669761376e-07,1.0588981873332764e-05,8.11492671348595e-06,3.0138502612396037e-05,1
0.04824660111185932,0.9517054456606858,2.02519867023752e-05,9.287899827660363e-08,9.30937974157471e-06,6.219033773371845e-06,1.2079948239114171e-05,1
0.09016800453426825,0.9097642675862297,3.16174272285758e-05,1.332347196779259e-07,1.0838880590160857e-05,9.70271926822328e-06,1.5435617695325252e-05,1
0.21211754543058053,0.7878090924053566,3.064961734185042e-05,1.9506459832222815e-07,2.0400624888177788e-05,1.6930748836034318e-05,5.18610839852213e-06,1
0.12010540203324975,0.8793131444666367,3.175519337529665e-05,2.0644520532544813e-07,0.0005259107298840963,1.8040368161921542e-05,5.540763486842137e-06,1
0.10639082584157347,0.8919729220451099,2.8316570135555816e-05,2.013395980188927e-07,0.0015856532735388674,1.5845210946404504e-05,6.235719097788835e-06,1
0.0766210991378328,0.9051058957179346,0.0001154639782877544,1.6538374026820714e-07,0.018056979859357725,8.771540700299792e-05,1.2680515843749005e-05,1
0.1122460882993781,0.8676373292943201,0.0002558033900601317,2.0951622792110122e-07,0.018934933935029777,0.000920076098880483,5.559466103383133e-06,1
0.1497395990320162,0.8447511274734025,0.00011749646754228141,2.191975247105523e-07,0.005155720738865727,0.0002252981398960084,1.0538950752556048e-05,1
0.08567222295976469,0.9048944843261657,0.00038522032975496994,1.8854446246640242e-07,0.008278468167008118,0.0007620237615276709,7.391911316400685e-06,1
0.015700496535311713,0.7641961983283722,0.0006965119514384156,7.699511965842514e-08,0.2179192055781915,0.0014774929288202216,1.001768274635407e-05,1
0.013817249109296981,0.896384226293544,0.0026668907438726778,1.8677125901118863e-07,0.0772473345421626,0.00987019804358497,1.391449627968775e-05,1
0.010911752344509635,0.9265272683675732,0.00391775974467491,1.8549657464893198e-07,0.04857127918743133,0.010057935327197258,1.3819532038881651e-05,1
0.017045055082915123,0.9371170395270139,0.0031359626258806576,1.9582039460798933e-07,0.02445295750063282,0.018233633079443937,1.515636371921315e-05,1
0.15704175520048072,0.4513689641492223,0.01818756512329014,6.162059207058961e-07,0.03070321759135656,0.3426924878987388,5.393830990725848e-06,0
0.07120968657821908,0.4282214890887515,0.01901309549645363,4.263535414076875e-07,0.004559276815868182,0.47694744091208635,4.858475507992546e-05,0
0.08004735970869142,0.47324772119858466,0.024973369270702137,5.458421369442247e-07,0.010730358127799992,0.4109879139982428,1.273185384206361e-05,0
0.010158810166829893,0.31480548014950055,0.0011363045147350956,1.8709678581842588e-07,0.0011880061308174976,0.6727040506389077,7.161302423450751e-06,5
0.000645977041445009,0.07029932491579897,0.00018604820855082187,2.6366952014807897e-09,0.00018435839366895667,0.9286826296258182,1.6591780228573441e-06,5
0.007697911178587513,0.6268085208240842,0.0015142166764757728,2.270794995510929e-08,0.0027681663154522605,0.36120373534685657,7.4269505936612295e-06,5
0.009746144738586504,0.7020989808243575,0.002712321898113514,2.543556443542232e-08,0.0028398035729801947,0.28259585778126217,6.865749135599833e-06,5
0.015351049486451976,0.9106334256808392,0.0039939629932796376,2.556546835427836e-08,0.004006797004125685,0.06600783845610639,6.900813728754886e-06,1
0.009908169215860917,0.8718504459707872,0.0022015807719187315,2.3324179952117948e-07,0.003494063039956883,0.11252898394856721,1.652381110921944e-05,1
0.012346709921065829,0.9418670959943193,0.0022729605436275354,4.013874327747384e-07,0.002597846641227948,0.0408936473329544,2.133817937222586e-05,1
0.014427188125156698,0.8368523575835848,0.0030443849954955144,7.03150000908223e-07,0.0033829867015237056,0.14227345952102127,1.8919923217202017e-05,1
0.008176989021413924,0.8708953348912422,0.009650353274980115,5.270578212380572e-07,0.0004839210127176494,0.11077290138601503,1.9973355809783804e-05,1
0.008123028050648925,0.9303265460854392,0.0017644155781476247,1.1711778643599665e-07,0.0012834282893881244,0.058478640212025756,2.3824666563979713e-05,1
0.010852610700478903,0.9545289646906202,0.0013037297594615832,1.4672337037108532e-07,0.0004933630992130082,0.032767021004613026,5.4164022243176293e-05,1
0.025914684644802417,0.9450302702616836,0.0017071955856013544,1.9821937816311414e-07,0.0092516718558561,0.018089565815696255,6.413616982164756e-06,1
0.01605883343375973,0.9580759833817966,0.0018354439583378108,2.0254909072035198e-07,0.0073662864985686045,0.016640059551618704,2.3190626827906935e-05,1
0.012793701618454745,0.935097100576152,0.0019325359072115893,2.2446994514132854e-07,0.006736522294476623,0.04342494271257288,1.4972421187066071e-05,1
0.05413908338741079,0.5190687141098123,0.009288567146843596,5.378669614379719e-07,0.00654585204935749,0.41094716259053665,1.0082849077801589e-05,5
0.006177567336083057,0.24204102328605281,0.0006703632916661519,8.880269370108001e-08,0.002649125123072626,0.7484586508661518,3.181294279866816e-06,5
0.013060715175659597,0.7421423165270107,0.001752877586510136,2.3004719648422138e-07,0.016596913911884656,0.22644222309175313,4.723659985129197e-06,1
0.015039278132439559,0.5508824538248012,0.04265144870861349,4.1674521416683396e-07,0.0009412524732329578,0.39046445738598456,2.0692729714074347e-05,5
0.007857913758919085,0.6679598222276206,0.051527833355814075,2.035688797431437e-07,0.00040585318484619344,0.2722268861065744,2.1487797345687244e-05,1
0.008839373754955119,0.7910928018081534,0.0694722866628101,1.2971697679069047e-07,0.0014181732755271413,0.12915010752574033,2.7127255837038965e-05,1
0.006839352051372135,0.8829483789445663,0.060334239761630444,1.4870260192552308e-07,0.001191004032886165,0.04865577885399228,3.109765295082434e-05,1
0.00823061556808257,0.8814392062611333,0.07058032132133142,1.39283726386584e-07,0.0012928871490252372,0.03842770250011611,2.9127916585056932e-05,1
0.007547595474954718,0.8173757367743955,0.008503892758129138,1.522199734647594e-07,0.0022645822128771393,0.16418571556413628,0.00012232499553410523,1
0.006280746414158545,0.9173967571882337,0.05565125675674564,1.0264900109627892e-07,0.0015726777608250167,0.01905240478440327,4.6054446632513244e-05,1
0.010247551232369848,0.8513070069577147,0.040513360652074705,2.399170803742769e-07,0.002764960803518954,0.09513922456504814,2.7655872193488374e-05,1
0.00046581948678157704,0.0068293430509973,0.9596441974875872,0.0011908556103673482,8.113874825845804e-05,0.03177538056295152,1.326505305662545e-05,2
0.0005651701081912371,0.0032203663777905034,0.9160489122311345,0.00019118662160794134,9.789948260935797e-05,0.07987331655778993,3.148620876424174e-06,2
0.00014968283341857007,0.0013685215405645032,0.9624902170100447,0.0003368744639395766,1.8940398348407308e-05,0.0356306574214058,5.106332278686174e-06,2
0.00010538840057061863,0.0011020823819809236,0.9799996111703974,0.00015622173806809544,1.0650853879314225e-05,0.018621752188535463,4.293266568292886e-06,2
0.00010521625593381066,0.0009236368767299185,0.9917730229707844,9.704417739537178e-05,8.556247796959122e-06,0.007088775181220249,3.748290139236697e-06,2
0.00010113590773750277,0.0010587583412372996,0.989821670366298,8.173103913135651e-05,8.96632183823282e-06,0.008924258863882347,3.479159875217023e-06,2
9.501200260600709e-05,0.0010330551988053927,0.9884177887857953,7.041548832100493e-05,8.283462934938542e-06,0.010372050364129543,3.394697407878565e-06,2
7.622717553913527e-05,0.0031788374704865906,0.9850010139378979,9.656210847653674e-05,7.468325651094251e-06,0.01163698074018949,2.9102417591203004e-06,2
0.00011619632342785038,0.00562563935509582,0.9730001973532608,0.0001266646397092163,1.0470802475798763e-05,0.021116765225464032,4.066300566393712e-06,2
0.00012132486396458124,0.0019022959261574496,0.9848316161314757,0.0013167435308632336,2.8339433814127796e-05,0.011798728316096888,9.517976279669191e-07,2
0.00017021804528729854,0.0007123348589113815,0.9434490019902084,0.0007262672003209496,4.52287377561974e-05,0.054893893081744735,3.056085770893813e-06,2
0.00016867173244128155,0.000623022302515354,0.9408676819996794,0.0015892420913858811,4.481786605288593e-05,0.056703535684573494,3.0283233519441258e-06,2
0.00016974476082817812,0.000626985744442421,0.9573111513948134,0.0007397967711979278,4.160124300024589e-05,0.04110485658787439,5.8634978436616375e-06,2
0.00029185200988921206,0.0009973854077316151,0.8563400567057273,0.001676429314582885,5.26530993425838e-05,0.14063311217970131,8.51128302515917e-06,2
0.8752856254915187,0.013259355467276362,5.7020138999123895e-06,2.0679999001337827e-07,1.1424092201025854e-05,6.552372404871513e-06,0.11143113376270909,0
0.8932906897473083,0.02113143543221583,6.075471821759069e-06,2.2702284503368835e-07,1.0561307436308988e-05,6.265825154409357e-06,0.08555474519321833,0
0.9373051662765145,0.01743736621812713,2.0053970551978062e-05,2.157652718093494e-07,1.8092388756830285e-05,7.741124610384407e-06,0.045211364256167244,0
0.9448178250625663,0.011691505713291923,1.9518219234305313e-05,2.1355084048142352e-07,1.687836609958955e-05,7.661676288108708e-06,0.04344639741167931,0
0.9343762106682598,0.004015881102691604,1.5257403589243032e-05,2.1446533449625387e-07,1.7983386177171337e-05,7.694486072857143e-06,0.061566758487874546,0
0.5272017764962191,0.0019715175503885215,1.534638715272617e-05,1.322820796192807e-07,1.0869268732728972e-05,5.862967649416098e-06,0.4707944950477778,0
0.3902989790763079,0.0015371931138369833,4.979226668761692e-06,8.042656023006705e-08,5.628450695801603e-06,3.6224487402998484e-06,0.60814951725719,6
0.49993319536828057,0.003304082079453611,1.0821221896282675e-05,1.1441321517205769e-07,8.795136694044506e-06,5.006042559307008e-06,0.49673798573790096,6
0.26071069336927244,0.007873788930475972,4.096901257950192e-06,5.06267649179196e-08,3.872001124474732e-06,2.2286789297347033e-06,0.7314052694921745,6
0.7003108097217009,0.02453559093239534,1.1756284259608869e-05,1.4527629592353084e-07,1.1736231517078594e-05,6.3953171852794925e-06,0.2751235662366459,0
0.8019944212718336,0.06890483713849414,1.846106770483239e-05,1.6151338367710857e-07,1.0887495216903576e-05,7.158548959708035e-06,0.12906407296440706,0
0.7259786682137584,0.07932665995861515,2.0128670169575678e-05,1.9770184213300666e-07,1.1846652676468298e-05,8.703181620352958e-06,0.19465379562131782,0
0.7374489052834625,0.25908595593602257,1.6994618403539714e-05,2.4778989033868326e-07,1.7430469008397536e-05,1.0674315302287665e-05,0.003419791587910563,0
0.8807592911687817,0.119129667072026,1.0578373330812629e-05,1.7752577656763149e-07,1.2105346917847119e-05,7.34169530001826e-06,8.083881786692851e-05,0
0.7539876769746919,0.24587815762360912,1.2818868802911791e-05,2.008763468340988e-07,1.4587273127258524e-05,9.968796451059096e-06,9.658958697077067e-05,0
0.6156075850132962,0.3816087587734009,1.6669694197447894e-05,2.0679449262316405e-07,1.5538242090232476e-05,9.280213964867724e-06,0.002741961268557694,0
0.5424177373535596,0.4575399010119944,1.3826049352503947e-05,1.8150989029430714e-07,1.3760364079264768e-05,9.988764141792885e-06,4.604946982064262e-06,0
0.5409518038539122,0.45899839697960315,1.7209023022939174e-05,2.0730023039954274e-07,1.5715543871399964e-05,1.1408045614720426e-05,5.259253745411694e-06,0
0.5469166828779567,0.4530370743656536,1.5980039738140085e-05,1.9249587353649258e-07,1.459321747880161e-05,1.0593339436802696e-05,4.8836638624176244e-06,0
0.28243982076023766,0.71751946461398,1.2945420410529957e-05,1.8238539850802174e-07,1.3151952835484113e-05,1.0160262146753877e-05,4.2746049913583726e-06,1
0.12612337186877973,0.8738373240793508,9.98959991713843e-06,1.2492726681004704e-07,1.7048172169207578e-05,6.7420700144259204e-06,5.399282501750871e-06,1
0.13066720347805474,0.8692801361475541,6.689198344997796e-06,1.1800568690264007e-07,2.594713728814113e-05,7.648119486616438e-06,1.2257913584496563e-05,1
0.042850629777094966,0.9386044659744999,8.446587702042363e-06,1.1753137147215445e-07,0.018526137506480654,6.116176767489966e-06,4.086446083544737e-06,1
0.062285167282814094,0.8753351815315911,2.4557805323822262e-05,1.4297262041226067e-07,0.06230417117917905,4.8195510132546335e-05,2.583718339279039e-06,1
0.18628379306544546,0.7874537168991297,2.3995593314146284e-05,1.973354722911443e-07,0.026173897620178747,5.921860898596633e-05,5.1808774735418094e-06,1
0.18578663109914245,0.7735954449165897,2.5969998910778263e-05,2.5093991715847813e-07,0.04049996947822563,8.771409836726493e-05,4.01946884711464e-06,1
0.22707854449463824,0.7161215636226498,3.426952717404608e-05,2.95301900733129e-07,0.05666407996044909,9.601915181153892e-05,5.227941376502774e-06,1
0.04651207020074573,0.5627377648579897,4.994699139293841e-05,2.8330608660001183e-07,0.3906350002092668,5.677609844663083e-05,8.158336071541266e-06,4
0.006944127111681838,0.9816195375592576,0.009371661704338903,1.2341429916755023e-07,0.0011734781375028504,0.0008034308891099011,8.76411838098885e-05,1
0.011423997264345493,0.9804253205375216,0.00576920130355927,1.2326415601009234e-07,0.0017014010445152424,0.0005677865510183502,0.00011217003488409822,1
0.012067575136111557,0.9832671690903614,0.00400047777425581,8.210551599824499e-08,0.0003332883925078897,0.0002731012541758468,5.8306247071408675e-05,1
0.027665422288646373,0.9701099106771105,0.001529333578274183,4.4887578447477735e-08,0.00041543707230530497,0.00022232545441871557,5.752604166646763e-05,1
0.046330966630777334,0.9519386661040162,0.001069491679992536,7.94894997373481e-08,0.00040765547089859327,0.00019669211030448578,5.644851451110253e-05,1
0.03972875789517774,0.9576055661241359,1.5674220580011456e-05,7.424030232087129e-08,0.002636833435501233,6.9738867548547065e-06,6.1201975479818865e-06,1
0.04984904595657396,0.9499003591856351,1.757750282176145e-05,8.325508224054745e-08,0.00019721943083350762,7.820708754630387e-06,2.7893960298868953e-05,1
0.04765372391947012,0.9522966125998521,2.0565759121695683e-05,1.052723780892972e-07,1.4270149002764426e-05,1.023804295323081e-05,4.4842572218904545e-06,1
0.05956809035778476,0.9403862473781187,2.074179925624955e-05,1.061734954997453e-07,9.965970258218059e-06,1.0325679225171469e-05,4.522641861136907e-06,1
0.07701838828920152,0.9229152273668513,2.7440074412643722e-05,1.290612803868764e-07,1.3707489970885585e-05,1.0832905099141013e-05,1.4274813184150856e-05,1
0.06316915323397744,0.9367689292189808,2.829549271308264e-05,1.2160623834931506e-07,1.0027025186730254e-05,9.384997536087494e-06,1.4088425367382806e-05,1
0.08704167119614288,0.9121522660808344,3.0488121332865962e-05,2.1282607083459805e-07,0.0007525333118378678,1.7116444844110858e-05,5.712018937274195e-06,1
0.05016988592071822,0.9442556008317736,2.3679749277025565e-05,2.0278372551147286e-07,0.005512197294975422,1.3544398764058928e-05,2.4889020766156683e-05,1
0.11059742798986873,0.8541083278892363,0.0002151352914849453,1.5451506388007276e-07,0.03485203215083143,0.00020795748267612795,1.8964680838638492e-05,1
0.07509809224823594,0.8804725713629935,0.0002365052165945885,1.434160014263434e-07,0.04382629796515969,0.00035724562160383564,9.144169410925488e-06,1
0.04614660617231112,0.8870113798194026,0.0005388486427291706,1.4781344891793012e-07,0.0654418481999132,0.0008567987713363549,4.370580858616681e-06,1
0.045872963571626554,0.940784050846568,0.0004865322858335721,1.9602243823589818e-07,0.011740063410452983,0.0011057661875537085,1.0427675527034229e-05,1
0.017994244523107987,0.7271827686924858,0.0007026750842468903,7.767641614885737e-08,0.2519387567158813,0.002170048449845981,1.1428858015636726e-05,1
0.01580777047969649,0.9026291373311733,0.003946500595266323,2.081492968817893e-07,0.05990702000477071,0.017693959844316934,1.5403595479231207e-05,1
0.01859072154366214,0.9483284783739347,0.002523351480706783,1.710093749672487e-07,0.024902340244819646,0.005640369227852763,1.4568119648992876e-05,1
0.021733005883189285,0.9343372970632926,0.006807700079104753,2.0668136566495538e-07,0.016407247763193807,0.020696599570695487,1.7942959158215914e-05,1
0.07225416903243762,0.6421405460936261,0.020119054261951617,6.229006288562808e-07,0.007681937671946715,0.2577868875534172,1.6782485991675346e-05,0
0.10072645917206739,0.3756338484841292,0.028162995567500362,6.398600836118754e-07,0.029555104347619612,0.4659153516857896,5.600882810019943e-06,1
0.002638029592164618,0.19172732693877084,0.000689765610977616,8.363920892514474e-08,0.00043965251575792927,0.8044991967721374,5.9449309826760386e-06,5
0.0003742938159007373,0.056071293996561376,0.00016348422811911557,1.9680072218509065e-09,8.753485023965993e-05,0.9433021527445875,1.238396584286935e-06,5
0.0058565976039654955,0.9439364460351919,0.0017500205369120568,8.432047817972963e-08,0.001729599954007446,0.04670540240218608,2.1849147258964703e-05,1
0.010539445107921987,0.8728889987172166,0.007510955057224262,3.86789340264268e-07,0.07020313602559516,0.038839442086408785,1.7636216293008516e-05,1
0.06816980941249158,0.3354899352896949,0.006712885980299997,4.849197869656113e-07,0.0024792510244517098,0.5871418451276629,5.788245611929761e-06,5
0.00561490001084194,0.9409450072880651,0.011472870548357479,2.495018177019198e-07,0.0008368850470641876,0.04110626833363583,2.3819270217690997e-05,1
0.021956356461462934,0.9412412661912815,0.003797981199536627,2.2412481198739844e-07,0.011585993218889883,0.02141412499734507,4.053806672085287e-06,1
0.025361990839708425,0.9437341954653211,0.0010767429201522603,1.9794752746343578e-07,0.008902721224611557,0.0209163910429195,7.760559759591149e-06,1
0.010860149697162135,0.9643487207284762,0.001994505866817773,2.0519891953292648e-07,0.006629561457813405,0.016153170030713985,1.3687020097249492e-05,1
0.01066748102620875,0.967835700476213,0.0016581470397395942,2.0594089643535685e-07,0.003971266289853634,0.015853462716220307,1.3736510868440564e-05,1
0.012948069838375344,0.9463799395209521,0.001652866052010063,2.2717838925629505e-07,0.0065054612410467534,0.03249828309148853,1.5153077737881269e-05,1
0.024890481363060192,0.8779619967368021,0.0012461212209144397,2.657293085713352e-07,0.007984228348571954,0.08789918212991236,1.7724471430564587e-05,1
0.05501486335246355,0.5274654203682115,0.009384461495099514,5.465677572257469e-07,0.009125068946061516,0.3989993933162916,1.0245954115059067e-05,5
0.016441545405814714,0.7311269897365925,0.001670328287956212,2.266326963404326e-07,0.015223293949228285,0.23553296243915592,4.6535485560619045e-06,1
0.014568649139775887,0.9376155003045551,0.004104755827741658,2.705563183307218e-07,0.020036531637758842,0.023669486174283258,4.806359566664721e-06,1
0.0023914248366557877,0.06495816861418294,0.004272055572746869,4.380450464382999e-07,0.00038908523783367886,0.9279858264353281,3.0012582062127325e-06,5
0.007097249840759553,0.5221734683359734,0.04852287370572926,2.8723580567047613e-07,0.0008210477106304765,0.4213676751620072,1.7398009094242034e-05,5
0.03073652120071322,0.2168341991018618,0.002734986074277093,2.5464903472801435e-07,0.003598775488999269,0.7460913377748325,3.925710281351124e-06,1
0.021786179259627073,0.3288901607893567,0.004304856068570491,2.718963234447266e-07,0.0026968932400126483,0.6423147611002461,6.877645863568722e-06,1
0.009781990608501172,0.3570999820816801,0.004749128003846901,2.5912595827802323e-07,0.0032088522818632735,0.625147787702887,1.2000195263451824e-05,1
0.02195579137682481,0.9107026958529398,0.042530260516136044,2.2516571812209853e-07,0.005738485660339014,0.019038998509475484,3.354291856662842e-05,1
0.013112903703847961,0.918225384421322,0.03968995954338682,2.39175054342785e-07,0.00396639217461961,0.024977543630895483,2.7577350873752416e-05,1
0.00027997969931349787,0.0202327155002491,0.9593122123201161,0.000185661387323865,7.782388029293581e-05,0.019908780140622813,2.8270720815321114e-06,2
0.00042951461564858494,0.0032635973048755155,0.9277005631482909,0.052865351434310946,5.146696753555587e-05,0.015687092636916634,2.4138924218253225e-06,2
6.80082612890852e-05,0.0007425048225199427,0.9870798600780905,1.4502802447879775e-09,5.085937300774734e-06,0.012101779862974896,2.7595875446535583e-06,2
0.0001575884115242052,0.005962268773114971,0.9647455102811573,0.0008843186694202187,2.4585271603747792e-05,0.028224476189092785,1.252404086985188e-06,2
0.00010273818812421622,0.004100901448534714,0.9715533753611775,0.0010123649764042903,2.4653808280442847e-05,0.023204531844493576,1.4343729853568382e-06,2
9.76041129940227e-05,0.001493117492590142,0.9780525339440804,0.000878817606584128,1.882529892604778e-05,0.01945765529938096,1.4462454443440151e-06,2
0.00013611963867183886,0.0020394675933985027,0.9507138817628187,0.00043781760775056316,2.4339183057901142e-05,0.04664427495095894,4.099263343687854e-06,2
0.00023836620507724729,0.0010268348812274384,0.9291524442636054,0.000848832749583444,6.178364530293981e-05,0.068663521271676,8.216983527471773e-06,2
0.0004310067655417749,0.0014511657184490263,0.8042160472992229,0.0028015550836114817,7.689021893873211e-05,0.1910109512538674,1.2383660368782645e-05,2
0.8318783061043032,0.01641233760568887,8.722613442063562e-06,1.7478692025375483e-07,1.1037271385636033e-05,6.270922649429856e-06,0.1516831506956106,0
0.9360148476461698,0.011609917911453596,1.8659665910834065e-05,2.0415732042590756e-07,1.7119036709309007e-05,7.324660008008976e-06,0.052331926922428024,0
0.9365922312685683,0.00401031823230847,2.0052591228263067e-05,2.0157220501520218e-07,1.65827465713273e-05,7.095199496120001e-06,0.059353518389622426,0
0.4665203107063385,0.001954244425860746,8.577803308655437e-06,1.1072771689148504e-07,9.527513663831358e-06,4.90764148777306e-06,0.5315023211816237,6
0.25856056114854614,0.0009104801849770522,3.883397258031976e-06,5.041741522477433e-08,4.096309997792212e-06,2.219462989296559e-06,0.7405187090788165,6
0.27257775385204125,0.0011174963775723984,4.820504696960581e-06,5.9228221885011794e-08,4.708494134953996e-06,2.625095930179567e-06,0.7262925364474023,6
0.11021334102259815,0.0004941522247132373,2.011625580336152e-06,2.4858323143845243e-08,1.940328440265363e-06,1.0943069561929461e-06,0.8892874356333887,6
0.18882656374359064,0.0037566836359977387,3.0866867237872284e-06,3.814320953847584e-08,2.9511939927090136e-06,1.6791309408902703e-06,0.8074089974655446,6
0.20448281719595146,0.00747721623589637,3.519902619972066e-06,4.349660176199985e-08,3.499059459528745e-06,1.9147966499379796e-06,0.788030989312821,0
0.704388049611944,0.02285071495640251,1.1769832108473615e-05,1.4544371117628754e-07,1.1749756257321677e-05,6.402687098149495e-06,0.27273116771247835,0
0.7844546693743375,0.08768883363014691,2.6353213837356534e-05,2.0554319287973222e-07,1.4098938660570347e-05,9.048371624458888e-06,0.12780679092820035,0
0.5275364781296166,0.01244037665901544,1.462661127057257e-05,1.5453091955291933e-07,8.471176312149968e-06,6.324215822787171e-06,0.45999356867704294,0
0.8033432525675352,0.07196648883652688,1.8666363840703795e-05,2.0139095639259176e-07,1.0506503832060408e-05,7.912427603302343e-06,0.12465297190970535,0
0.8152087061724473,0.083308384359811,1.301267752599524e-05,2.029060933623164e-07,1.1087253937509396e-05,7.971955656581277e-06,0.10145063467452839,0
0.8727170309384508,0.086242088311637,1.4479794106823023e-05,1.956453851339384e-07,1.3944711567988152e-05,7.864566999364638e-06,0.041004396031852956,0
0.8669299030351801,0.09179253980435799,1.9792942985460028e-05,2.208856609043075e-07,1.8657682673878976e-05,1.0235286522401302e-05,0.041228650362619225,0
0.7469047619415154,0.24518801258041603,2.0624200343330942e-05,2.3248493478807954e-07,1.777608725641441e-05,1.0034737423671976e-05,0.007858557968110342,0
0.7422698775298867,0.24542114247516134,1.62328222292286e-05,2.4070491492067904e-07,1.693208530000658e-05,9.954510137806418e-06,0.012265619872369802,0
0.8637126758175355,0.13351202092385617,1.095417240919914e-05,1.7852258833958817e-07,1.3351975335881266e-05,7.382919106739022e-06,0.002743435669168071,0
0.7906239801688636,0.20864183600376845,1.4567426415136194e-05,2.2714922262028705e-07,1.4211004192679137e-05,9.393905563223036e-06,0.0006957843419738268,0
0.6063514333692375,0.3913534442890743,1.668868486095502e-05,2.3929661556792557e-07,1.4800933478681457e-05,9.35409171416435e-06,0.002254039335018983,0
0.635258087993279,0.3624757026102802,1.4726883150615915e-05,1.826931132017103e-07,1.3061042237698976e-05,8.254491998763749e-06,0.0022299842859404783,0
0.5592547322737865,0.4406862057328191,1.3779305423609487e-05,1.8089623087582534e-07,1.3713842223043669e-05,9.954993534666928e-06,2.1432955982157647e-05,0
0.5661774322953272,0.4337798266909159,1.3949871701278712e-05,1.8313544365152996e-07,1.3883598168544357e-05,1.007822080478172e-05,4.646187638506675e-06,0
0.5684051086944893,0.43154727972359563,1.5290994904805033e-05,2.5642994500861336e-07,1.7830853384784612e-05,1.066099641028935e-05,3.5723072700574555e-06,0
0.3451686282343766,0.6547706464013903,2.0705835622260656e-05,2.6687228496349593e-07,1.591127862320709e-05,1.486682678846438e-05,8.974550914220285e-06,1
0.3399306461075113,0.6600151454296924,1.848373466622448e-05,2.382321870521904e-07,1.4203718103293808e-05,1.3271354351488465e-05,8.011423488199171e-06,1
0.35595558296403446,0.6439928725331925,1.7410286488513408e-05,2.2439678464671252e-07,1.3863045070780683e-05,1.2500616651471853e-05,7.546157777585305e-06,1
0.25334842560526605,0.7466110257294843,1.3095100709638627e-05,1.8449421383699546e-07,1.2648593358065583e-05,1.0431471526812405e-05,4.189005441135956e-06,1
0.12554551710969683,0.8744104982952053,1.0201989125579665e-05,1.2758334948909324e-07,1.7410633911661933e-05,6.885413384080057e-06,9.358975327191704e-06,1
0.1198260811209337,0.8794008366909835,1.147059734728508e-05,1.2865551907660435e-07,0.0007467162157042354,9.269580015933757e-06,5.4971394965226155e-06,1
0.08928404064441675,0.9077409729300243,1.0347518237482813e-05,1.331394202667812e-07,0.0029516991943260153,7.800460234630047e-06,5.006113340390118e-06,1
0.042284716340634645,0.9355462779605104,8.335036541704889e-06,1.1597917532783414e-07,0.02215048680279551,6.0354025377879965e-06,4.032477804476763e-06,1
0.042562274971242986,0.9342278065770991,1.5015917780498253e-05,1.16740467441603e-07,0.023165361132190455,2.5365714063600382e-05,4.058947155916954e-06,1
0.11010553695784095,0.8223655610518196,2.6920873943635033e-05,1.5673012473048574e-07,0.06744364102908186,5.535102120477608e-05,2.8323359844422423e-06,1
0.21060257005046998,0.7632989731763654,2.2191502512526305e-05,1.961153729352221e-07,0.02601206784240195,5.885246808973767e-05,5.148844787298487e-06,1
0.1657483089395906,0.8022189598934069,2.6990346275241717e-05,2.398045742894202e-07,0.03192803474143195,7.164153748233696e-05,5.8247372387091945e-06,1
0.2794677627681036,0.685864733512544,3.149375062513168e-05,3.0766098378432314e-07,0.034534897358842916,9.643959209412491e-05,4.365356806418429e-06,1
0.37176845410360493,0.596574319141489,2.902824670734028e-05,2.8884301578489066e-07,0.03154841463413798,7.539667964064112e-05,4.098351404307144e-06,1
0.23604620340455795,0.7319527866795569,2.45720333511772e-05,2.3743181641030665e-07,0.031888080005207334,8.431734475148509e-05,3.803100758865565e-06,1
0.003140417051297814,0.059290904088990626,3.887515458889761e-06,2.9849558813006804e-08,0.937557249711674,6.474982445122863e-06,1.0368005746986213e-06,4
0.046561119032403814,0.5633311942576495,4.999966248588454e-05,2.836048441588429e-07,0.389991933931248,5.872930372228394e-05,6.74020764631647e-06,4
0.00427907487987637,0.973468167113795,0.02025959653722345,1.3780874009924322e-07,0.0008317709737337514,0.0011444631075121637,1.6789579119433233e-05,1
0.005276576664060907,0.9831133200943348,0.010273559769427395,1.2360210525496132e-07,0.0004950481019824328,0.000823142049472657,1.822971861656187e-05,1
0.04543575175466849,0.9526060592287041,0.0012619350923903806,7.954522890089464e-08,0.0004559436970541932,0.00016784474763614936,7.238593431772982e-05,1
0.0557534473330776,0.9431063482251609,0.00029216825280802987,4.722809251081131e-08,0.0007115372784005444,7.181474946996707e-05,6.463693299032625e-05,1
0.0519959123140004,0.947936668711338,1.9465731738954173e-05,9.964153811595613e-08,3.391877193836143e-05,9.690427495537505e-06,4.2444019505072525e-06,1
0.04161753916494854,0.9583253897700917,2.0335658433665982e-05,1.0409453454432833e-07,2.207373276758873e-05,1.0123494265109162e-05,4.434084959055253e-06,1
0.056946203232192155,0.9430072688398846,2.2213811326673436e-05,1.0604070990517883e-07,9.232728721437494e-06,1.0312765442416504e-05,4.662581722768022e-06,1
0.06635549782508264,0.933595012332476,2.3587955183926474e-05,1.126003762313252e-07,8.927757115505472e-06,1.191052126483389e-05,4.951008501003445e-06,1
0.07763089867760084,0.9223112221258832,2.759611816525329e-05,1.1156909391362983e-07,1.0444798558802355e-05,1.3934406338795025e-05,5.792304358962297e-06,1
0.09531632876427935,0.904626290992134,2.6901760257280706e-05,1.087618555121866e-07,1.1139363107259293e-05,1.3583796692311193e-05,5.6465616746852886e-06,1
0.06515046138371937,0.9347930281983531,2.5685945971294084e-05,1.0962163688868629e-07,1.1227421709244215e-05,1.532906040623675e-05,4.158368204038745e-06,1
0.04956140177581896,0.9503951627904197,1.876775178402996e-05,1.0957832888257898e-07,8.997512433294055e-06,1.0999737207158194e-05,4.560854007913075e-06,1
0.06440619727334262,0.9355409031379425,2.3398094800833865e-05,1.293184783160476e-07,1.1798624964508102e-05,1.3418908474136077e-05,4.1546419969985225e-06,1
0.04568181907717139,0.9542712938435964,2.0761977185472717e-05,1.0633249538711172e-07,1.1206125594503568e-05,1.0139682178531462e-05,4.672961778248813e-06,1
0.04531427885909013,0.9546387385172401,2.0653719338906546e-05,1.0577805267350239e-07,1.1487718941016063e-05,1.0086811483813559e-05,4.64859585323695e-06,1
0.05455164492943363,0.9453895542979713,2.6088843093598477e-05,1.1059834353247184e-07,1.1085412179690506e-05,9.283197532350629e-06,1.2232721445735106e-05,1
0.04998580720116769,0.9499617012064285,2.3411883468267452e-05,1.0061783020064425e-07,1.0085052675972265e-05,7.76521090807046e-06,1.1128827521339712e-05,1
0.05477863125340078,0.9451682956077333,2.36147958147152e-05,1.0011012334256794e-07,1.0034164573958522e-05,7.726028480616254e-06,1.1598039873414127e-05,1
0.04312128312470811,0.9568303484135848,2.116821849192936e-05,9.576116182746247e-08,9.598262648045852e-06,6.412018977731975e-06,1.1094200427651608e-05,1
0.1276617481962434,0.8722720777027247,3.0360833895183737e-05,1.7908403379462697e-07,1.443544508349398e-05,1.564939179131821e-05,5.549346228058021e-06,1
0.15036742255473143,0.8495611729911432,3.364104741207166e-05,1.9843244399771882e-07,1.4899097491291655e-05,1.7340167040185805e-05,5.325709737720309e-06,1
0.09272725379744214,0.9067480005396718,2.8359698282918213e-05,2.1128007046475082e-07,0.0004735120501225791,1.6992108431961282e-05,5.670525978469992e-06,1
0.10216766012154316,0.8972981532917069,2.7474509257013253e-05,2.1192536562839298e-07,0.00048533362579450336,1.5478681337984448e-05,5.687844994793514e-06,1
0.10223650218060917,0.8968834701472491,2.7498863752573294e-05,2.1211322468450843e-07,0.0008302514583663662,1.5492402255522765e-05,6.57283454243656e-06,1
0.05515932235451779,0.9397338331231382,0.00010001987577924029,1.9514685934008173e-07,0.0049040856885356025,7.859211473886264e-05,2.3951696430839845e-05,1
0.0619140922884071,0.9320722403407824,0.00010898158727433258,1.9355583886564547e-07,0.005684961151540227,0.00019875541507077203,2.07756610863006e-05,1
0.10483685802647767,0.8317461925020575,0.00017227435568664242,1.5536221464619547e-07,0.06295965142616476,0.00026944316696032546,1.5425160438282643e-05,1
0.06444000521237371,0.8690355281488541,0.0002966373979974576,1.5156301775593e-07,0.06567981757048977,0.0005433786583248415,4.481448942078604e-06,1
0.05234424653661895,0.890247224638801,0.00038626464686065227,1.6266871807013281e-07,0.05623754840599473,0.0007797407568320495,4.812346174453013e-06,1
0.059342802208372,0.8877874215489034,0.00041364557858145025,1.5905130661730608e-07,0.05158320048584622,0.0008689648566423135,3.806270347983816e-06,1
0.05190087413814633,0.8787311703455739,0.0003786284444678969,1.5325397369825702e-07,0.06785054645713133,0.0011340959132040886,4.53144750261826e-06,1
0.15427372667036846,0.8440009282665628,2.1672180179664732e-05,1.6829944617304226e-07,0.0016802770543384432,1.797288238761228e-05,5.254646716867395e-06,1
0.04245938097364394,0.9490186669998261,0.00013822076427359893,1.9773820875182674e-07,0.00802518930079366,0.00033594283787061305,2.2401385383349417e-05,1
0.010511866100043914,0.6952907816366909,0.0008537770015840077,7.130982033423497e-08,0.2917421262550937,0.0015920997170721669,9.277979695037802e-06,1
0.0215540914420426,0.9304747369379658,0.002674863669008857,1.8113361288382733e-07,0.037492321090150604,0.007788375133747896,1.54305934715645e-05,1
0.01386958621742684,0.9520361424303971,0.005733762955137041,2.0502021256271683e-07,0.010485995947582075,0.01785650868242101,1.779874682357648e-05,1
0.047649926700072905,0.8415284939371759,0.023602916029372357,3.732854501230176e-07,0.0031675043256313112,0.08401395642076037,3.682930153725088e-05,1
0.040380766745546054,0.8610267896165607,0.025322105720365896,3.324547899746074e-07,0.002584491013337222,0.07064792995173275,3.7584497667352035e-05,1
0.014888696699484318,0.945629876153263,0.005887022372736892,8.673065712729547e-08,0.0033868154631273902,0.030182515545373705,2.498703535783117e-05,1
0.008548801237119624,0.9545898484789676,0.006537515914333813,7.03349913549112e-08,0.001864231873287172,0.028437896868563278,2.1635292737213663e-05,1
0.005021079754769463,0.541247491899482,0.0014740927718530717,4.3730559967947555e-51,0.0026716483450601124,0.44957169244445966,1.3994784375736195e-05,1
0.004702120351630743,0.506865250350221,0.0010065486290304377,5.8461359378344394e-08,0.002501934378511886,0.48491098205048105,1.3105778765478796e-05,1
0.008916478989996774,0.9484360313025242,0.0013135525173437884,8.472241962710731e-08,0.0032783455766045694,0.038030677313686194,2.4829577425257974e-05,1
0.006006863843922172,0.9189992413757501,0.001998872637475927,1.242142580432362e-07,0.0038516583609346216,0.06912991605861087,1.3323509048146117e-05,1
0.055011500961421926,0.3471037053313435,0.00873280096602998,5.375952766252964e-07,0.003726765720908996,0.5854207977512806,3.891673738353029e-06,5
0.010977284293503212,0.8931935615421164,0.009478979985116834,5.327714592414842e-07,0.0012832505552771885,0.08504620097298844,2.01898795387035e-05,1
0.02278835329710999,0.9500933932886155,0.0010839983754139019,1.9928136435503144e-07,0.008770473943891443,0.017251722803851753,1.185900975299353e-05,1
0.010062071810800871,0.9666764307135305,0.0017061552455641439,2.108914285426823e-07,0.006039069204358236,0.015501995416874078,1.4066717443598332e-05,1
0.01762184155022602,0.4480576771863512,0.0012984942024548164,1.7163108829124843e-07,0.008937168151526051,0.5240789312072283,5.716071125357464e-06,5
0.003159425662892536,0.09888045432291595,0.0028012854382070598,2.0395439802526714e-07,0.0005557642243196489,0.8946002057129789,2.660684287927833e-06,5
0.0028355725527978116,0.5422640871933735,0.03463428544853274,6.230814966078032e-07,0.0009324242547863531,0.41931351298239056,1.9494486622607488e-05,5
0.0582830959172317,0.5248631766765712,0.007778249176863823,1.274746120124939e-64,0.020835490283152677,0.38823239738521725,7.5905609633871395e-06,1
0.02089170573086076,0.3157536414854067,0.003768225064103322,2.386036434861767e-07,0.008136889470557199,0.651443986218347,5.313427081743398e-06,1
0.00020934549395148212,0.0585425011970887,0.8889018279188697,0.00019806360175743731,0.00014611118485149504,0.05199983339445217,2.317209029199887e-06,2
9.564858427235328e-05,0.0007549761800020935,0.9863777514676345,7.5692831566077e-05,5.880774995000011e-06,0.012687332009125913,2.7181524041838716e-06,2
9.927395894005998e-05,0.004248851054623027,0.9842582799646533,2.1861493991108144e-05,6.096830365853908e-06,0.011361958927593318,3.677769833402466e-06,2
0.00011556376556926407,0.005087969568177795,0.9713160239475316,9.199131395477454e-05,1.492225038462109e-05,0.0233718588766887,1.6702776931799985e-06,2
0.00017252509978528247,0.002815434530642921,0.9653709185446171,0.0018610772958209609,3.659363678106718e-05,0.029737342270238783,6.108622113954332e-06,2
0.00010329401706777984,0.0013485484439452822,0.9777763171412893,0.0007619244448471433,2.1244479987165714e-05,0.019987866201604646,8.052712586274354e-07,2
0.0001487807016531215,0.0007755019652389262,0.9736444965084919,0.0008076216693115632,2.4717607166101105e-05,0.02459376325085971,5.118297278793348e-06,2
9.118589736215233e-05,0.00032596430008474247,0.9728717288711336,0.0007007000265447041,2.2220591639350444e-05,0.025985056916210933,3.1433970244226263e-06,2
0.8517179878180302,0.01676463198962495,1.6632739239006102e-05,1.7895545889710093e-07,1.3919168574447997e-05,6.2920760864213465e-06,0.13148035725298618,0
0.8171222481836815,0.015484628390673078,1.7477488782660765e-05,1.8804431311801703e-07,1.5767925894248865e-05,6.74656513494419e-06,0.1673529434015203,0
0.9276941681339108,0.011601169069486442,1.8960788421229102e-05,2.0400347436545578e-07,1.710613638150806e-05,7.319140391646311e-06,0.060661072727934244,0
0.9411103703961364,0.0043013473787553574,1.6963035671665376e-05,4.2375997212930284e-07,1.579148024732053e-05,8.554656168434208e-06,0.05454654929304895,0
0.9526668201754154,0.003881254078184824,1.555607045164563e-05,2.7744715387605085e-07,1.7007665864531564e-05,7.845107245046687e-06,0.04341123945568445,0
0.955316611468329,0.003892049576720257,1.5599338821197045e-05,2.234967490211742e-07,1.8386413683643344e-05,7.866927987020329e-06,0.040749262777709634,0
0.9446294658423035,0.003928967490868793,1.530527847730555e-05,2.156385156448772e-07,1.7739940165294667e-05,9.910660209122022e-06,0.05139839514946034,0
0.8283353420118051,0.0024562109860185957,1.7586490428143507e-05,1.767825222050713e-07,1.3988995277912695e-05,7.835303252364696e-06,0.1691688594306956,0
0.47410715291852584,0.0016198608370721458,1.1537135187379347e-05,1.1658733147473349e-07,1.0164189972900427e-05,5.16734961179491e-06,0.5242460009822986,0
0.14990116489896568,0.0005459274165543069,2.0452435122963266e-06,3.5535191359636926e-08,2.4924015643961253e-06,1.4284461301848988e-06,0.8495469060580817,6
0.36020274125601526,0.0016024146243838217,8.517308689567246e-06,8.192410218376046e-08,5.88644241870636e-06,3.6310160997864876e-06,0.6381767274282908,6
0.278794615712841,0.001273208633322662,6.277717192994568e-06,6.534153620299405e-08,5.194487191899607e-06,2.896048459654453e-06,0.7199177420594556,6
0.09889986115717887,0.00048081017553895937,2.2271208519817232e-06,2.3180957871214696e-08,1.8094008823458135e-06,1.027419635921717e-06,0.9006142415449541,6
0.1139369186131858,0.0007477735482846156,2.4260318914990908e-06,2.997927909928497e-08,2.3732123988631785e-06,1.3197404133078048e-06,0.8853091588745469,6
0.8029685032227336,0.0685657441844953,1.8759569443663075e-05,1.6071854760092212e-07,1.0783268982346287e-05,7.123320467574542e-06,0.12842892571532996,0
0.8396596580779895,0.07077633014297988,1.2991546774619514e-05,2.0257660250980786e-07,1.0568358622847116e-05,7.959010325951128e-06,0.08953229028670447,0
0.8644654297124986,0.07286725051263793,1.337535149760446e-05,2.0856125223307263e-07,1.0880575945696741e-05,8.194140584601599e-06,0.06263466114558307,0
0.8708654111302739,0.07839418781019467,1.3474374544794849e-05,2.1010531413871013e-07,1.0961129177177971e-05,8.254805066573457e-06,0.05070750064542864,0
0.798993919501004,0.0976118893803256,1.715248671619148e-05,2.3175777534107032e-07,1.2410455029612585e-05,9.1055062835785e-06,0.10335529091286594,0
0.7264650172289927,0.27067814714321536,1.607413984826585e-05,2.3301298702532443e-07,1.814979327096651e-05,1.0797236343367654e-05,0.002811581445342352,0
0.8633768307306363,0.13346010625648505,1.0949913000847635e-05,1.784531718126886e-07,1.3346783568477007e-05,7.3800483405937575e-06,0.0031312078147968407,0
0.7599833921111216,0.23887066426602807,1.3029131373156824e-05,2.2198991346174584e-07,1.4703271222398842e-05,9.56290156543285e-06,0.001108426328776008,0
0.7261935376913244,0.27206370809042807,1.3850162098555854e-05,1.8179926187237955e-07,1.3220335662254687e-05,8.746951391511715e-06,0.0017067549698332849,0
0.6075547859353289,0.3923896663204064,1.3551644750344205e-05,3.1617977494474793e-07,1.065251759806223e-05,9.790517861853215e-06,2.123688427948046e-05,0
0.599691846324802,0.40026979832251003,1.3376260131932837e-05,3.1208779421475803e-07,1.0514653318967318e-05,9.66380953449633e-06,4.4885419083374955e-06,0
0.5118144570700263,0.4881418104107689,1.4273480632715832e-05,1.873838171489652e-07,1.4205669687482639e-05,1.0312015232089879e-05,4.753969835300332e-06,0
0.6610441214498821,0.33891366720157623,1.2467783707706335e-05,1.7891826818551513e-07,1.5909005253429527e-05,9.511931046598944e-06,4.143710265532416e-06,0
0.2958666302671778,0.7040922954933274,1.4817557379323798e-05,2.3473414424030757e-07,1.0110158927402998e-05,9.982793864964567e-06,5.9289951789653605e-06,1
0.3045886230666558,0.695354265992604,1.9473407300777918e-05,2.509878276439263e-07,1.4964226267340746e-05,1.3981941062578311e-05,8.440378281873933e-06,1
0.052496221876650984,0.9183231256968659,2.6820305294557874e-05,1.2947457707387598e-07,0.029119398717683882,3.1411469886063064e-05,2.89245904155901e-06,1
0.08471356978863354,0.8490063455068881,2.8996997189279404e-05,1.812463003279814e-07,0.06619139575815111,5.660477435745776e-05,2.9059284799619076e-06,1
0.1014691198151,0.8288527696277957,2.8113711177734355e-05,1.8402718819980242e-07,0.06959594641232092,5.0915891861625435e-05,2.9505145556593532e-06,1
0.30317621538552453,0.6735057295761379,2.059301515297914e-05,1.8055353872361782e-07,0.023237924088971514,5.4927419158633656e-05,4.429961515860146e-06,1
0.23032083583050927,0.7440504890232074,2.143246374823387e-05,2.0339047304103776e-07,0.025540670962307544,6.137805388045555e-05,4.9902758740365146e-06,1
0.3365522509821046,0.6477214324117122,3.102925712109617e-05,2.6096339840991987e-07,0.01561877404740517,7.254956667696241e-05,3.702771581441182e-06,1
0.005296594662888452,0.9868430036641832,0.006389743887058134,1.240710204163629e-07,0.00042407424560452563,0.0010313435904394986,1.5115878805721584e-05,1
0.007894324715727317,0.9831232532074997,0.007272759003644075,1.2360335409746383e-07,0.0006488828647380255,0.0010417372929085956,1.8919312128316892e-05,1
0.05525533500439919,0.9432508169739992,9.259058865751667e-05,4.502222024309276e-08,0.0012077749348873147,5.238880885881787e-05,0.00014104866697787444,1
0.0350523774180331,0.9622973744051369,1.254405209752935e-05,6.793909776804447e-08,0.0026201763775607983,5.923435085428123e-06,1.1536372988527633e-05,1
0.03867310323872411,0.9612696503022994,2.0398135622689494e-05,1.0446908031104887e-07,2.2141549837740344e-05,1.0154596649467298e-05,4.447707786417193e-06,1
0.04349067814561606,0.956465746925326,2.0427936818951037e-05,8.856060145584591e-08,8.290805365586002e-06,1.016984798165278e-05,4.5977782901251365e-06,1
0.05193129478712714,0.948022189249577,1.9665175226412094e-05,1.0868707720627826e-07,9.427749292438457e-06,1.2535409912587778e-05,4.7789417869440486e-06,1
0.06551550626417149,0.9344308422640916,2.2864027715007975e-05,1.2844208226309625e-07,1.1718665251992178e-05,1.4813850851269613e-05,4.12648583637083e-06,1
0.047666613922794886,0.9522868583885408,2.060283614075312e-05,1.055174543025189e-07,1.1120230377567478e-05,1.0061961275526846e-05,4.637143416024351e-06,1
0.04354042461006547,0.9564140331993095,1.91643792519565e-05,1.0591923760588968e-07,1.1509082086593802e-05,1.010556943073499e-05,4.6572406181772025e-06,1
0.04572251374797395,0.9542226820592655,2.5594049005544058e-05,1.0106914381401884e-07,1.0130288411578866e-05,7.800041170127877e-06,1.11787450295116e-05,1
0.045923054305425794,0.9540215490006145,2.5588654238204596e-05,1.010478402478673e-07,1.0732206070056449e-05,7.798397061087454e-06,1.1176388750183999e-05,1
0.050501562050377306,0.9494427793856149,2.546584301592418e-05,1.00562867155726e-07,1.0680697486097347e-05,7.760969118766427e-06,1.165049151988229e-05,1
0.05263259763432913,0.9472947653452547,2.654043586887652e-05,1.0480636061676593e-07,1.1131395355236387e-05,8.797040870386594e-06,2.6063341961048577e-05,1
0.04104613279904074,0.9589063102034731,2.1118191684627786e-05,9.076017433405539e-08,9.097007331743381e-06,6.7362163603909904e-06,1.0514821935063922e-05,1
0.15584693665274113,0.8440818119518829,3.3213683824311394e-05,1.991290994910924e-07,1.4951405157843078e-05,1.7542770085118333e-05,5.344407209112329e-06,1
0.1680007870996261,0.8319287735485201,3.026463749112816e-05,1.967548812288674e-07,1.7503701726233244e-05,1.7193571967090728e-05,5.280685788038916e-06,1
0.20217945466633055,0.7977464966905333,2.9126428246974698e-05,1.901235994367622e-07,2.3015289386854837e-05,1.6614092464399283e-05,5.102709438495048e-06,1
0.16469538508713738,0.8350465136037546,2.7310106551293702e-05,2.1546706777755246e-07,0.00020746398919984794,1.732884588281009e-05,5.7829004063173495e-06,1
0.14537374917915713,0.8543433349713374,2.7964814379984295e-05,2.2063248065626157e-07,0.0002324732662496169,1.6335601957617052e-05,5.921534437694816e-06,1
0.14185419595519136,0.8578274124836768,2.8436167597878586e-05,2.243512905977916e-07,0.0002656663433480367,1.804335566673405e-05,6.0213432286330825e-06,1
0.15912261746876935,0.8405535749221734,2.6947381775010437e-05,2.1849908118855693e-07,0.0002760855645014582,1.4691887369603657e-05,5.864276329642019e-06,1
0.07642150128311956,0.9178289725934645,0.00018386705542533966,2.2331134224350723e-07,0.005217124834564623,0.000322830333404256,2.548058867964051e-05,1
0.12479507438125675,0.8272122466517209,0.00028055369354052575,2.1019316924979035e-07,0.047022936070428276,0.0006695778878317391,1.9401122052556182e-05,1
0.14656609326645179,0.788298738504027,0.00025402506962007816,1.903177027488684e-07,0.06441699848619688,0.00044638776716813573,1.75665888333647e-05,1
0.07258579595387889,0.8765683838507969,0.00032919248041510664,1.480624058845797e-07,0.05000322441290179,0.000509713802074805,3.541437526595678e-06,1
0.05901011860300765,0.8957752800783102,0.000325126661049272,1.6367882140646213e-07,0.04409906071695096,0.0007832793391193752,6.970922741250806e-06,1
0.04428329213031146,0.8947637941345148,0.00037494353840221423,1.4035139093653974e-07,0.059274589338272975,0.0012998835058497852,3.3570012576995976e-06,1
0.05873276153883765,0.8982491310005506,0.0003030093771397439,1.4354230596940454e-07,0.04133086653498615,0.0013798437154240446,4.244290756113178e-06,1
0.06520261954940236,0.9134069393447619,2.78928753203594e-05,1.432073562726636e-07,0.021336567923421576,2.0738389510432064e-05,5.098710227311756e-06,1
0.02548046286163725,0.9642087531194323,0.00021464132313710627,1.0299512527826188e-07,0.009576041580125455,0.0005034323679228473,1.6565752619793877e-05,1
0.03050669516731309,0.9448346234188487,0.0007052022378413374,9.519499710504702e-08,0.021949040250835,0.001991958097357385,1.2385632807236042e-05,1
0.016018308677507028,0.9394819200057013,0.0033645432812624445,1.933268287476582e-07,0.02994654305329399,0.011172022333925695,1.6469321480741226e-05,1
0.0128622002677762,0.9342271991886604,0.010002505760403936,1.9683733933753073e-07,0.02812629659521397,0.014764832972197337,1.676837840853898e-05,1
0.014322101194029197,0.9353319292100805,0.00996617994820745,1.9199074188359314e-07,0.027926993042603904,0.012436249112775756,1.635550156121415e-05,1
0.01014978632482237,0.9494178078138116,0.008785008889671354,1.9791400932486036e-07,0.01477740848410573,0.016855045940165476,1.4744633414308588e-05,1
0.0236002937512156,0.8208951010284127,0.04248764267133525,3.368115102583452e-07,0.02375981570824965,0.0892362687869055,2.0541242371012805e-05,1
0.1382393765586267,0.5447124014954724,0.03758792557740794,4.1272567309031075e-07,0.01795744289007448,0.2614948062704463,7.634482299054113e-06,0
0.19537630295108963,0.4090951137591208,0.016617773146968304,3.222178026796224e-07,0.018253269342306703,0.3606512582892981,5.960293413730552e-06,0
0.0861549163324038,0.2762730223338801,0.009649148013190355,4.861410077604597e-07,0.08280054237715707,0.5451176294676661,4.255334694800138e-06,1
0.08001789140230478,0.43427319404860765,0.0024052611020107806,3.7619854211406945e-07,0.03442450914192921,0.4488729077510583,5.860355547062608e-06,5
0.003033753034606237,0.23086418761587127,0.0006666416643848896,8.477594250395217e-08,0.0006208697501952899,0.7648095290137916,4.934145208149038e-06,5
0.0043723233020039306,0.4300060384838369,0.0008502934438289447,1.1933429589702702e-07,0.001178046824947311,0.5635846965347726,8.48207631433955e-06,5
0.012851232157598499,0.9589391749992139,0.00392699840131672,8.42874878034471e-08,0.002976540356110297,0.02127339614371608,3.257365455669005e-05,1
0.007090544875671243,0.7172033594854238,0.0019241575967337788,5.1021561863397525e-08,0.0016147774434685533,0.2721538888549319,1.322072220889918e-05,1
0.009065919936449956,0.9259664226740772,0.002331418219890675,9.154840722451367e-08,0.0083170514020781,0.05430676654002551,1.2329679071307603e-05,1
0.00950304675263871,0.9342275399429114,0.012804551189928036,2.6643742259444064e-07,0.00540719624967706,0.038039154165317376,1.8245262104865283e-05,1
0.034777753644440926,0.5867279500775618,0.010403183954509102,4.709511212575157e-07,0.008031284123398215,0.36005137890351885,7.97834544973566e-06,5
0.01415103713729448,0.8679342564293924,0.013107385408211488,5.98944415949762e-07,0.0033891981417830106,0.10139642292811825,2.1101010784540944e-05,1
0.010282735723484817,0.9519495763629535,0.0011644330155511041,2.3428920180387014e-07,0.011513955037631642,0.025073438193504126,1.5627377673124435e-05,1
0.017506024843473435,0.44823262178856255,0.0012432993271760664,1.7429958696686638e-07,0.011950946857851742,0.5210621420399971,4.790843352269647e-06,5
0.0017372928453669404,0.08391790989678442,0.8669207948801392,3.7698104513345693e-07,0.0009231207402397856,0.046492921603532966,7.583052891622834e-06,1
0.0054836681046163795,0.3616385757499063,0.03014334361863954,2.1069500492979273e-07,0.0025381129059394237,0.6001871777517148,8.911174178574518e-06,5
0.01450459059818691,0.5513505864409083,0.0049258835034220756,1.0351396656093832e-64,0.15624150933642603,0.27297138283412875,6.047286927907134e-06,5
0.01711934220101252,0.25873878894530006,0.003281443627713053,1.955195748911189e-07,0.005538762639956677,0.7153178736972243,3.5933692184983515e-06,1
0.0001740499088538724,0.015254553655697192,0.9772887187497391,0.00015491365794344177,5.606409954551234e-05,0.0070680037257913764,3.696202429292515e-06,2
0.00024142603478083375,0.00414917416851397,0.9786850089768866,0.0008828908645376934,5.32005970897901e-05,0.015981376901983164,6.922456208135518e-06,2
5.223452691808788e-05,0.000508261558183584,0.9895505758250136,0.00010388894353683305,3.566588739211589e-06,0.009779781785517506,1.6907720912474834e-06,2
8.848172067449885e-05,0.003744522178609982,0.983372297851384,8.99288694335601e-05,7.973355718752597e-06,0.012693699598575548,3.09642560349692e-06,2
0.00012379208019005632,0.0019009121112093155,0.9871489238859809,0.0005040163441557955,3.5723787529103565e-05,0.010282248666163354,4.383124771540603e-06,2
7.391079596012371e-05,0.0009560523019261173,0.9853317641952638,0.00013527029550814063,1.6861976642631673e-05,0.013483592551936457,2.547882762737302e-06,2
6.359698432626128e-05,0.0010137142262025248,0.9851633971003382,7.459629038184218e-05,1.2119605291700529e-05,0.013666281177916568,6.294615542937493e-06,2
4.950135817358899e-05,0.00022618206744591513,0.9909370297866665,5.1299498647697384e-05,1.0901079738190012e-05,0.008720186731438286,4.899477889666581e-06,2
5.8293971662094107e-05,0.00026164286611902944,0.9869841940966273,7.899551012726779e-05,1.4049492526084238e-05,0.012596695125772401,6.128937165722073e-06,2
7.557447346671209e-05,0.00028305232074780044,0.9803154053303991,0.00033362216514826935,1.7241527300861622e-05,0.018972498949212782,2.605233724619477e-06,2
9.510368639643031e-05,0.0003126775949552601,0.9919913238891773,0.0003594901875137256,2.266511678874381e-05,0.007216182950698399,2.5565744703497625e-06,2
0.9241398108100224,0.012008217701866473,1.9626063011184755e-05,2.1116131636774576e-07,1.7706337049017835e-05,7.575946069485562e-06,0.06380685198066506,0
0.9089843254174832,0.003941746985599312,1.5683360343892185e-05,2.2096537151514947e-07,1.817816477524051e-05,1.0155480381229756e-05,0.08702968962604551,0
0.6348558020327326,0.002603760000769882,1.035979896484358e-05,1.459608640555418e-07,1.200776673441887e-05,6.708303120888655e-06,0.3625112161368133,0
0.20309092480775667,0.0008964185026077147,3.923314359059989e-06,5.093565142966841e-08,4.438601648086836e-06,2.2422766553948307e-06,0.7960020015613217,0
0.07612519826402755,0.0005510021222522557,1.8154258548096796e-06,2.2433818193448047e-08,1.775900458253613e-06,9.928377756751043e-07,0.9233191930158132,6
0.8165788696278244,0.06972793784146102,1.9077545320307364e-05,1.6344273704566777e-07,1.0966046066759117e-05,7.195035765418157e-06,0.11365579046082518,0
0.8757654036829737,0.07381974439590025,1.3550189170198436e-05,2.1128748817089054e-07,1.1022802830363535e-05,8.301251374847086e-06,0.050381766390262206,0
0.7730537085674275,0.07878511157401703,1.4708640696637251e-05,1.8313165498088214e-07,1.0321615715956356e-05,7.573530090406329e-06,0.14812839294039754,0
0.7444226212011068,0.1413609685850214,1.8438471335952054e-05,2.3133230841792865e-07,1.3815903825736988e-05,9.566899828810255e-06,0.11417435760657282,0
0.8735677262254032,0.12398599228063412,1.1186960352996268e-05,1.8231638532474557e-07,1.1958119841796381e-05,7.53981407733808e-06,0.002415414283305152,0
0.7540759345263238,0.24296384153246783,1.544307677486772e-05,2.2521808921514894e-07,1.4949723642178588e-05,9.314042270588404e-06,0.002920291880431507,0
0.7687083501216083,0.22919201699888944,1.7022294266375638e-05,2.2453845951394973e-07,1.4872071521673632e-05,9.672688062720701e-06,0.002057841287191891,0
0.7305469218399115,0.2677454534421436,1.2205841690475898e-05,1.828891118693599e-07,1.3270553859828718e-05,9.245287451640687e-06,0.0016727201458311039,0
0.709129157269227,0.2889272383261037,1.2955276953513204e-05,1.9655833697207855e-07,1.2339147591165504e-05,1.009254200772187e-05,0.0019080208797799742,0
0.6216144082871387,0.37732647162895777,1.4440350998417879e-05,1.7913856263034543e-07,1.2225523380718551e-05,8.25906260990371e-06,0.0010240160083520259,0
0.5990794502323722,0.3992562672841298,1.5678347194482624e-05,3.456618892502693e-07,1.0483792543975734e-05,8.774823719279209e-06,0.001628999858151124,0
0.5626172176761226,0.43570805005594676,1.5762419494274196e-05,3.475154385829309e-07,1.2065380755693075e-05,8.821877123646032e-06,0.00163773507511858,0
0.5954128876072005,0.40450268024674435,1.4402460522436625e-05,3.1753230441215194e-07,1.1348667519350144e-05,9.832398984425383e-06,4.853108672445105e-05,0
0.6025518464177154,0.3974016039797584,1.3780992684140946e-05,2.528895468057147e-07,1.758467183497568e-05,1.05138054395514e-05,4.4172430206333355e-06,0
0.2654854735888471,0.734478108437587,1.2859460556595858e-05,2.9394590958073277e-07,9.038849474872918e-06,8.92498048072502e-06,5.300737144166846e-06,1
0.13715492320366277,0.8628073222638548,9.170914393041899e-06,1.146890044421155e-07,1.4212755261288349e-05,6.666363642621346e-06,7.589810180932474e-06,1
0.05433890189927999,0.9161782883759497,2.8202917439251046e-05,1.5105803468590853e-07,0.029421535124155473,2.992663733575223e-05,2.9939878049941556e-06,1
0.07505788262535,0.8439954663788454,3.404693009679712e-05,2.1741441601967196e-07,0.08084891286534018,5.998797276665635e-05,3.4858131852764402e-06,1
0.09780540183189378,0.8150880060675829,4.312608224909246e-05,2.2079428711051154e-07,0.08699706871033372,6.263651087301296e-05,3.5400027805603025e-06,1
0.25924823762217525,0.7052578535215278,3.102429099977964e-05,3.239055836626927e-07,0.035356433176767565,0.00010153163388223955,4.595849063754174e-06,1
0.38890121363335695,0.5872748936506328,3.786925578233267e-05,3.874819364762889e-07,0.023703691276301214,7.909642627087408e-05,2.84827571925475e-06,1
0.14915262433574114,0.6443779793879412,4.569956943659803e-05,2.787788975812135e-07,0.20632068570589002,9.744499767931835e-05,5.287224414248358e-06,4
0.1137323085486182,0.6702154628750884,4.610959261209098e-05,2.8128014234688374e-07,0.21591163405533742,8.886898604171481e-05,5.334662159737002e-06,4
0.0027025420053561353,0.052640980461222356,3.411825561099485e-06,2.0812996279588722e-08,0.9446462425593853,5.8932695877928075e-06,9.090658910028538e-07,4
0.006420189154001646,0.9662361723656425,0.02116973041340882,3.847535953439394e-07,0.0016587012748234238,0.004494643310805761,2.017872772247459e-05,1
0.005738050905973342,0.9714249829025201,0.018616514915294084,1.0846438563895203e-07,0.0013414473031097029,0.0028550478488748084,2.3847659842283488e-05,1
0.024203367379374174,0.9733880033105349,0.001565947657086686,6.4348300006168e-08,0.0004988664007803913,0.0002730194278403525,7.073147608335674e-05,1
0.037682678621270886,0.9600191720574222,0.0007174677452932976,3.6694783782384824e-08,0.0014036248796677787,8.462989183023506e-05,9.239010973205377e-05,1
0.035337641341912696,0.9616059248945036,0.00025558676963292133,4.9657115727020965e-08,0.0025630827509957057,8.214540374540983e-05,0.00015556918209374445,1
0.01737077705535614,0.9450059385138186,9.88028140846304e-06,5.937849850599946e-08,0.003030674379979805,3.995056565222465e-06,0.034578675334373206,1
0.023920537275961353,0.9738465520822337,1.0520698744536648e-05,4.8086646037477136e-51,0.002207096877827168,4.971419636043486e-06,1.0321645597334634e-05,1
0.03162338995244439,0.9681657303300442,1.878740568267498e-05,9.440077516697247e-08,0.0001784166288040814,9.352743325486336e-06,4.2285389239818595e-06,1
0.0511492957504996,0.9487996484798593,2.2308886879750192e-05,1.2329855609061469e-07,9.775984755220568e-06,1.3426194834968e-05,5.421404615131798e-06,1
0.06200942861459101,0.9379345201016176,2.3185627165783126e-05,1.2814419504683066e-07,1.384110281145534e-05,1.4779494067928002e-05,4.116915551016549e-06,1
0.05560891678194108,0.9443318631913131,2.460087335322888e-05,1.2592739347199403e-07,1.6941719476058645e-05,1.201451262987528e-05,5.536993893414725e-06,1
0.04577645161402536,0.9541768506433655,2.0181387297533178e-05,1.033048486749599e-07,1.3898181471985213e-05,7.972582356305168e-06,4.542286634405693e-06,1
0.047365564879325785,0.9525766834479299,2.6514817719674573e-05,1.0470519630292972e-07,1.1470584887138681e-05,8.080654600102477e-06,1.158091034083794e-05,1
0.08540332300056808,0.9145224509736621,2.8663058395507942e-05,1.544396186332765e-07,1.6269312518668712e-05,1.1246950247746972e-05,1.78922649891689e-05,1
0.08540356508937383,0.9145250433276854,2.8393243390116466e-05,1.544400564160409e-07,1.3704601657907577e-05,1.1246982128950864e-05,1.7892315707535717e-05,1
0.09065165408961182,0.9092826284531091,3.298346787798105e-05,1.7771844616123167e-07,1.4325369021039504e-05,1.272387169805751e-05,5.507030235828611e-06,1
0.11432167263775855,0.8856129110822836,3.0825183077753983e-05,1.818230074667931e-07,1.4616911750088231e-05,1.4158142257756624e-05,5.6342198647207745e-06,1
0.12020765577780898,0.8797191855824221,2.940641378184339e-05,1.8630663427519685e-07,2.1512219491269005e-05,1.62805441183996e-05,5.773155742978736e-06,1
0.13737342826967097,0.8625535149882095,3.224220408430486e-05,2.0427300551248274e-07,1.7277252147711877e-05,1.7850548861999436e-05,5.482464019965052e-06,1
0.1722251355603506,0.8276492800075393,3.1597258651889304e-05,2.1599609029741032e-07,7.060268628496565e-05,1.7371392290526635e-05,5.797098792068788e-06,1
0.18276614238673938,0.8167438317511556,2.239827167062535e-05,2.2484814785084587e-07,0.0004427746257985179,1.5118798877867423e-05,9.509317610209e-06,1
0.10359600605492525,0.8915825774025642,0.000252548885916906,2.4893879026496944e-07,0.004142699209689699,0.0004061962099984562,1.972329811520064e-05,1
0.14323905273093798,0.8474465838083297,0.0004025077131559603,3.301046952861916e-07,0.008361481923928266,0.0005386355255652371,1.1408193387314195e-05,1
0.6749241273604843,0.3210379189991518,0.0004158840967997296,2.495720969793179e-07,0.0031837613858144813,0.0004279426872022603,1.011589845052929e-05,0
0.15767182059514467,0.7814768964472643,0.00019301458464634046,1.7305314929520492e-07,0.060063108739251025,0.0005858552559249824,9.131324619391393e-06,1
0.09831049195063427,0.8566046937441063,0.0001790905961199426,3.914549661906682e-180,0.04444531936603665,0.0004470769182648673,1.3327424837868516e-05,1
0.07819996200803063,0.8794917727198751,0.0002987156247647591,1.607034487297802e-07,0.04161803357138751,0.00038451116799744525,6.844204495864176e-06,1
0.06318272129858485,0.8848337040776172,0.0003086763967477769,1.3879377096940777e-07,0.0500215958302697,0.001647255607612203,5.9079953972933615e-06,1
0.054280268685635916,0.8989641108616349,0.00026350576180208206,1.0537688390122416e-93,0.0455300625373183,0.0009565428323949201,5.509321213986941e-06,1
0.05693322145420863,0.8920928271858474,0.000315769463514481,1.399324268156752e-07,0.049225336267337924,0.0014293587164196974,3.3469802449309445e-06,1
0.04359107374992015,0.9316615810722957,2.3213109855225038e-05,1.5073527875064397e-07,0.024702992356759927,1.6076155199079753e-05,4.912820691119924e-06,1
0.00831990003050538,0.9530055621010958,0.0013783063815281272,1.9011268291039672e-07,0.03304349669147053,0.004239863933141717,1.2680749575385008e-05,1
0.008523528745175812,0.9328525976468319,0.0021844940940129076,1.9165086917378467e-07,0.04606795489067089,0.010358449623949812,1.2783348489395984e-05,1
0.011633740526442645,0.939344747917853,0.01031133587425286,1.9791558312732756e-07,0.02697514392813411,0.011717973604802933,1.6860232931389273e-05,1
0.03164344502323917,0.8577680129840516,0.015412809484770798,3.0034761536775184e-07,0.0409616390062396,0.05420018794049008,1.3605213593486994e-05,1
0.11853710778623186,0.6641336760106246,0.013396953927056986,4.063060415164721e-07,0.021266707114954785,0.18265661366866462,8.535186425683005e-06,1
0.18231619500687896,0.44156606333004916,0.01919910162374096,3.4779307275685416e-07,0.01955204671957378,0.3373589395100118,7.306016672706891e-06,0
0.026866390200597896,0.8822436114203519,0.021695131706691826,2.899895013451712e-07,0.002074151179009012,0.06706255278735312,5.7872716494824806e-05,1
0.003026281758077387,0.1736915606963358,0.0006083918945606909,6.983109183088544e-08,0.0015515338848464241,0.8211175345065037,4.627428584168363e-06,5
0.0008330125142633532,0.05366006190131572,0.0001300995682922576,1.962789191454021e-08,0.00021868166255770418,0.945156729608912,1.3951167672066154e-06,5
0.0027677217766090296,0.22691300118694785,0.0004614449575179327,2.423804067497291e-08,0.0007074421933258425,0.7691440850792862,6.2805682724836556e-06,5
0.0037365726364920818,0.3206645377141183,0.0007489284202006909,3.3070889106074624e-08,0.0006445319974607034,0.6741968268222672,8.569338571863313e-06,5
0.014187429087919805,0.9563372875681084,0.0021290727725473404,9.792467753948277e-08,0.0034581260178860908,0.023862612357437966,2.537427142296656e-05,1
0.014460740901285416,0.9364115977900547,0.0014475902089043772,8.864956408187281e-08,0.003907390346447102,0.04374661159911783,2.598050462645153e-05,1
0.013725159629549795,0.9308703357025101,0.0009685271739469549,8.812497588830115e-08,0.010620526996670007,0.04380754319220619,7.819180140915174e-06,1
0.005045100573170152,0.93539573430903,0.027185453427641074,1.236916148642032e-07,0.007681446796022677,0.024672811555648835,1.9329646872344475e-05,1
0.024840240775763512,0.8247781698217411,0.013248888377337538,5.748655793840205e-07,0.012039109932962205,0.12508551793299966,7.498293616650667e-06,5
0.08680434651712846,0.5772465037977066,0.01050513370136153,6.325311007330532e-07,0.008853148812412998,0.3165808650706342,9.369569655558569e-06,5
0.011123888131826442,0.8919216024597564,0.007513943345862873,2.4726449095408805e-07,0.0006513933741149176,0.08877050416974883,1.8421254199895042e-05,1
0.007390202286387615,0.9332629849094268,0.007858357641160225,2.212222732899676e-07,0.0003657789877723439,0.051105973849222525,1.6481103757473303e-05,1
0.027163385433172756,0.945311861871389,0.0014819464049838278,1.928914781098513e-07,0.0014250274882387627,0.02458963431859399,2.795159214312874e-05,1
0.01826505975959932,0.9615317762762545,0.0010628773214982731,9.655469468328435e-08,0.008907430322067509,0.010216089330510743,1.6670435374621837e-05,1
0.1296335143576437,0.4601746302657605,0.00738753757757504,3.3747271082172493e-07,0.011542186288105369,0.391255759681272,6.0343569326406485e-06,5
0.008909432390605248,0.5822733569068217,0.04115907784142787,2.999144217663e-07,0.0010008402108090766,0.3666379532517998,1.9039484114675555e-05,5
0.011632722529423097,0.39226831151071717,0.04105187652875656,1.591782858342861e-07,0.002250519421579915,0.5527860372111023,1.0373620135055007e-05,5
0.011043028119283189,0.4754166099853318,0.06298726803762938,3.12133426111963e-07,0.00487544954199216,0.44566978135385266,7.550828484573922e-06,5
0.02171118617826957,0.43718973815469464,0.003654673869304804,3.938583843486897e-07,0.006558693554448742,0.5308777266183106,7.58776658731181e-06,1
0.0145456979021493,0.9082286618818362,0.008480313711096234,2.9446693047572546e-07,0.008019434370466772,0.060699537138488975,2.6060529032146217e-05,1
0.00915731990730285,0.9175417242683667,0.0432149505267804,2.2797344626817355e-07,0.0017972585323985514,0.028277254490960812,1.1264300744626323e-05,1
0.010209706195205474,0.9181719626426557,0.04172822798913357,2.2284112260451433e-07,0.0025971286758550926,0.027275684630053587,1.706702597411606e-05,1
0.0185947011468067,0.824660897521759,0.004588394309725422,3.1433043349221843e-07,0.00714188893339181,0.14498598529496015,2.7818462923755522e-05,1
0.020340943968027277,0.8177995008865228,0.005090997578424608,3.117151212042256e-07,0.00966813115133223,0.1470823170764862,1.779762408600059e-05,1
0.04734727822975444,0.927647528913294,0.001874657145875175,1.9892323046232006e-07,0.01233348220060609,0.010787704362718078,9.150224521877161e-06,1
0.00020997841532427905,0.014409750457152926,0.9627750309940163,0.00014404491069450455,6.935752597078158e-05,0.022389506901018093,2.3307958232338535e-06,2
0.0001676097839396257,0.014040989285403989,0.9792398205879541,0.0001551687622623974,4.416582757648812e-05,0.006350245679507479,2.000073355675219e-06,2
0.00027974725686086255,0.00202973648723599,0.961215035670415,8.0442062289258e-06,4.5260158771019285e-05,0.03642060237097809,1.5738495100959204e-06,2
4.9992247344250975e-05,0.00042539029148616874,0.9962942475911908,3.2684775212527276e-05,3.073680184212659e-06,0.003193196320284276,1.4150942977132576e-06,2
7.112572233625767e-05,0.00025173259551399083,0.9865238641142564,0.0004222843819747203,1.7332237514874677e-05,0.01271165323993755,2.0077084662359612e-06,2
0.00011220747453183638,0.0003656343682056487,0.990417793234633,0.0005506692247150222,2.0481882221470596e-05,0.00853140976021674,1.8040554761754524e-06,2
0.9391210799606432,0.005360653813650517,1.5652589570216996e-05,2.7916860112878023e-07,1.844917854256892e-05,7.7152456416089e-06,0.05547617004335044,0
0.9427794353596527,0.0038409719440472083,1.539461961540446e-05,2.3173444647741803e-07,1.683114944382787e-05,7.763685710665524e-06,0.05333937150708345,0
0.9184599871972169,0.003982837530521161,1.584685075184851e-05,2.2326881401351057e-07,1.836766214760426e-05,1.0261345680127025e-05,0.07751247614486827,0
0.32716941714320347,0.0013044691991595796,4.95659231307663e-06,7.502872973041152e-08,5.250697093699305e-06,3.3793280070757095e-06,0.6715124520114933,6
0.1075066449949643,0.0005917028883444959,2.8641972227238654e-06,2.5338749685970518e-08,1.8206496868762279e-06,1.123056653728661e-06,0.8918958188743782,6
0.3916576784083339,0.0027802817913501906,9.160392027243317e-06,1.1319799636842294e-07,8.96095225033005e-06,5.009724423911362e-06,0.6055387955336181,6
0.8106215269278659,0.0692192383919243,1.8938365285684547e-05,1.6225034224754616e-07,1.0886043391067802e-05,7.142544456388094e-06,0.1201221054767345,0
0.5433164400511598,0.011916931459351078,1.4063170452360767e-05,1.5172721219207668e-07,7.810596475173942e-06,5.961194104368737e-06,0.44473864180124506,0
0.8493154937365007,0.014357501482890438,1.1493594229815897e-05,1.882959139672978e-07,1.1486081583661357e-05,7.041319770799665e-06,0.1362967954891107,0
0.7271017266227219,0.14771088707586344,1.9778468975129777e-05,3.148530845784446e-07,1.6348537625788754e-05,1.0262164796891383e-05,0.1251406822769322,0
0.7734686648497514,0.21867594685656164,1.688644784856819e-05,3.207090171972034e-07,1.3794354225613995e-05,1.0936175596465823e-05,0.007813450606999006,0
0.7560344846978865,0.24120342024618455,1.6505823025228778e-05,2.3069165005759034e-07,1.7968980232970275e-05,1.0689671420943404e-05,0.0027166998895998304,0
0.7536533457179119,0.24172127735810983,1.5321144034697883e-05,2.3890190744461266e-07,1.6805255000794093e-05,1.029143797148545e-05,0.004582720185063742,0
0.8512849772417729,0.14430178497355214,1.1201876353498016e-05,1.7582244813161212e-07,1.2349452320183788e-05,7.271253031774771e-06,0.0043822393805211845,0
0.5899424517342545,0.40828896611710586,1.577318164636278e-05,2.0873204449700367e-07,1.2416541897685764e-05,8.781114929353741e-06,0.0017314025781217702,0
0.5907745537330071,0.40913605617316234,1.4860992808299544e-05,1.966607296915857e-07,1.1709975953491614e-05,8.317368570087197e-06,5.4305095768993805e-05,0
0.548400358339926,0.4515567111039767,1.5028070686941788e-05,2.1045725780385576e-07,1.2160558185261307e-05,1.048864600809128e-05,5.042823959349055e-06,0
0.6475991134622201,0.3523628671825459,1.2219150718508247e-05,3.1163507638748833e-07,1.2249702276202297e-05,9.322243777024307e-06,3.916623386028737e-06,0
0.14840043909704442,0.851468910378003,7.597009388600062e-06,1.340205903713342e-07,9.934189209152098e-05,9.656131312097555e-06,1.392147157001357e-05,1
0.11953491616392596,0.8772639838087694,1.3055973118106492e-05,1.283428995005461e-07,0.0031720240952279838,9.247055897298056e-06,6.644560161996785e-06,1
0.09004479204979264,0.908121644343595,1.295363819982718e-05,1.2733692621817895e-07,0.0018036912635100665,8.839660775041342e-06,7.95170720081159e-06,1
0.09364883321016886,0.9045649939207342,1.1858990546896098e-05,1.1994208675059634e-07,0.0017589296445571182,7.774364331949288e-06,7.489927574197453e-06,1
0.10563477627893787,0.8917679013106646,1.3803893937671015e-05,1.556654701803661e-07,0.0025656819357917,9.019876876892386e-06,8.661038321042634e-06,1
0.04873375820606601,0.9306888607710347,1.7417414433587945e-05,1.5066175388547867e-07,0.02052439312752426,2.974416313266462e-05,5.675656054817474e-06,1
0.06638678277751492,0.9002214139175742,3.445507907895035e-05,1.8455023169367002e-07,0.03331591113019284,3.7594738365041986e-05,3.6578070424958195e-06,1
0.07678053132686861,0.8387304211185085,4.8175489820075754e-05,2.2690310456982054e-07,0.08437742844329482,5.957877273173691e-05,3.6379456715421935e-06,1
0.19819628495241512,0.6982114609933311,3.748661795124026e-05,1.8516840464837737e-07,0.10349167418158593,5.952794973336974e-05,3.380136578648198e-06,1
0.29420313610537574,0.6715511099641406,2.9541531445160364e-05,3.0842500107745967e-07,0.03411484869529902,9.667908140211789e-05,4.3761973363088005e-06,1
0.0030208230106213065,0.06402391925863549,5.833977595550954e-06,3.3091109510579304e-08,0.9329403954664425,7.039687983819557e-06,1.955507611780288e-06,4
0.003097504962775283,0.06306137412382654,5.746268707744542e-06,3.25936128431827e-08,0.9338273809585446,6.03498431390216e-06,1.926108219184571e-06,4
0.0030178982861815027,0.08079810201611683,6.999056310891923e-06,4.1741793195099456e-08,0.9161668484074614,8.067228544937154e-06,2.0432635909682466e-06,4
0.007201676677937317,0.9648532752556711,0.02189124156028071,4.555536423147945e-07,0.0020538659677878913,0.0039760347230333205,2.345026164735314e-05,1
0.015993340277681872,0.981814087861483,0.0006150014587259077,5.6066632638488516e-08,0.0010868675065644005,0.0003494822870391907,0.00014116454187320597,1
0.02124931610899473,0.9750478482716658,5.6398891721082755e-05,4.409460908517012e-08,0.0034895512081705255,2.6727210575149152e-05,0.0001301142142636612,1
0.04280825561104202,0.9571333136142922,1.4913021158329277e-05,8.733555391120737e-08,3.086524360857242e-05,8.65311124486424e-06,3.912063100200709e-06,1
0.04404514800637267,0.9559142824683787,1.7359165752908294e-05,8.890499184426313e-08,1.0657825453302357e-05,8.642090405900115e-06,3.821538644698165e-06,1
0.05172188473308578,0.9482380112812795,1.78650661167037e-05,9.149596126972098e-08,9.232530483097373e-06,8.893947939984966e-06,4.020945133667604e-06,1
0.054525095330944975,0.9454204717412283,2.2975677377019255e-05,1.269838276136347e-07,1.191933112228756e-05,1.3827490479107278e-05,5.5834450207650275e-06,1
0.07233157189748447,0.9276077536247237,2.5205073789253848e-05,1.290201855428609e-07,1.7357810163062803e-05,1.230959051858956e-05,5.672983135610863e-06,1
0.07727594896333438,0.9226604920122711,2.587897986161442e-05,1.4303003405030862e-07,1.924263376475233e-05,1.2005388297321237e-05,6.288992436642377e-06,1
0.0424221308321918,0.9575241378400471,2.4002433831446697e-05,1.0180677736185207e-07,1.0519804439877757e-05,7.852851612221353e-06,1.1254431100159491e-05,1
0.07619512420052783,0.9237306634007048,2.78738518809875e-05,1.4319593109635367e-07,1.804665143879881e-05,1.1559047410046496e-05,1.6589652106241903e-05,1
0.1125174412057871,0.8874139393519245,3.160845213014294e-05,1.864431368720846e-07,1.4621992559465644e-05,1.6425168860071792e-05,5.777385601750111e-06,1
0.11251567175483704,0.8874141107981383,3.120188209433372e-05,1.840449747437285e-07,1.834097639542228e-05,1.47874707362849e-05,5.703072824227317e-06,1
0.09807793194374466,0.9018430061855952,2.9373042099828372e-05,1.8609520537392227e-07,2.8783928522632556e-05,1.4952200718664703e-05,5.766604113830512e-06,1
0.12255133958111776,0.8773648916418145,3.290089051312642e-05,2.084461648955648e-07,2.6849749831066097e-05,1.82152235055713e-05,5.594467052915624e-06,1
0.17888268438887298,0.8210000726081876,3.0263100234361658e-05,1.9674488729543272e-07,6.431004161586393e-05,1.7192698639767563e-05,5.2804175617975865e-06,1
0.16807932168565218,0.8297437270987846,0.00012994971997970855,2.170399344402566e-07,0.0019707884917855765,6.858948039760837e-05,7.406483466071371e-06,1
0.15955020194464645,0.8382242919735324,0.00012075430137424117,2.1496239066958555e-07,0.0019519237636654767,0.00014527746706467432,7.3355873260259985e-06,1
0.8037691600016159,0.1921272346650297,0.0002569775465466882,1.5649400482746573e-07,0.0031312497720877956,0.0007094922603118232,5.7292604031875305e-06,0
0.112082325253499,0.8278927337075633,0.00023567191485297475,1.4970082451016754e-07,0.05935868768943177,0.0004155764528271849,1.485528100124332e-05,1
0.08131852673388519,0.8702606353965764,0.00031894359568031863,1.6281485757897836e-07,0.047638036390443235,0.0004522185578687637,1.1476510688410942e-05,1
0.029670245785022076,0.9479707889202059,0.0001843862627296124,9.933503264340322e-08,0.02158585684040543,0.0005702621385641988,1.836071803981175e-05,1
0.03013918636658211,0.9532286051795227,0.00043207466824165777,1.0090503069177123e-07,0.015164200009041303,0.0010177056631797347,1.8127208401682048e-05,1
0.008887624247381857,0.9435733884375082,0.0021049880780076254,1.938534131538801e-07,0.03740945785766534,0.00801141726514448,1.293026087952582e-05,1
0.010313665187740186,0.9512983996904024,0.001545318255126008,2.024220072821925e-07,0.02834239183335623,0.008486520814730447,1.3501796637639629e-05,1
0.01223286140886448,0.9263879131271248,0.008866991218215119,1.9518563811110684e-07,0.04156717533972949,0.010936221387599315,8.642332828789322e-06,1
0.01777094036034753,0.926723915687535,0.006217408237239242,1.9525643229271404e-07,0.04232985961438598,0.006948166856856871,9.513987202841464e-06,1
0.011414259637217783,0.9495832527053129,0.004536918402020882,2.0007278861535913e-07,0.026014024410045987,0.008441596105549693,9.748667063985684e-06,1
0.028783938713019642,0.9066109132908748,0.008648920759290003,2.73206262687197e-07,0.03364255461571899,0.02230318565194351,1.0213762890480233e-05,1
0.04705482933793097,0.8097691465292769,0.020065784640444444,4.1087565235688244e-07,0.04044062912919383,0.08265641383851896,1.278564898246182e-05,1
0.15950020918616856,0.724299847242331,0.02197888286238659,3.6582675138939026e-07,0.008300964214424451,0.08591194992322135,7.780744716561405e-06,0
0.1650413720313186,0.4506781154229188,0.018591010712622133,6.152627785998304e-07,0.017284973811906527,0.3483975067798946,6.405978560588459e-06,1
0.0571603657782706,0.46119413399734555,0.010867928764566317,5.25332768179062e-07,0.09282255684101624,0.37794901963864463,5.469647388369717e-06,1
0.009080977705171685,0.5196417579470696,0.0014531194002247953,1.6365637101345722e-07,0.0038900440334880895,0.4659215364507266,1.2400806948307894e-05,5
0.004737052087728671,0.1728215338927764,0.0004138988232276962,2.6487978835358674e-08,0.0008408865198908367,0.8211820803870443,4.521801353176354e-06,5
0.009779630672109015,0.4975658898322525,0.0015851571731512178,7.892872100942718e-08,0.0005143885295345159,0.49051774031982376,3.711454440804156e-05,1
0.012025207604873961,0.9763006101304433,0.0030050505823916458,7.560619227838448e-08,0.0034239623582567563,0.005200722275363058,4.437144247880605e-05,1
0.015510137271312101,0.9630809807246793,0.0021874020986390663,7.774559014017073e-08,0.003782894977138221,0.015408461703026946,3.0045479614215697e-05,1
0.015497054017325682,0.9622685937767175,0.0021855569610541234,7.768000946320218e-08,0.0036034648211362473,0.016416535302620903,2.871744113595866e-05,1
0.018258007774798576,0.9512628847797092,0.0016001743712470535,9.438556957607713e-08,0.0045527909884944305,0.0242952925931845,3.075510699670295e-05,1
0.0157389615553632,0.874327528339586,0.010856339103479532,4.985946579344533e-07,0.003987129097146491,0.09507677940806285,1.276390170423764e-05,1
0.028833031732051206,0.888120214340698,0.012292397902140281,5.600813009348083e-07,0.01108802254656024,0.05965492378512886,1.0849612120457328e-05,1
0.00957867832383417,0.9424180814587355,0.010461840941062074,2.379023736781681e-07,0.0005956020946865837,0.036927835504724345,1.7723774583944148e-05,1
0.012825360134959078,0.9327204472102291,0.003509772212674007,2.1812330348615876e-07,0.0005260873631856561,0.05039729130813221,2.0823647516345366e-05,1
0.036291051431485574,0.8784945309248655,0.0022194723711820206,2.557251616732691e-07,0.0034621287171829078,0.07950814743392551,2.4413396196718152e-05,1
0.03582753803768144,0.9413626409095841,0.001132527906351249,1.990156837887898e-07,0.012922793862119709,0.008728528807584577,2.5771460995106656e-05,1
0.014530100787862025,0.9577310665245107,0.0011611268317195278,2.0379078214101863e-07,0.013473059294667524,0.013090849674855586,1.3593095602780414e-05,1
0.010528654970574982,0.9615866091637083,0.0019924170511765207,2.0254569299498945e-07,0.007783547625050711,0.018095058597169807,1.3510046626677818e-05,1
0.13698503466968215,0.47474807351646714,0.012144325081644551,3.481602608871908e-07,0.010710347116997159,0.3654044664576371,7.404997311230571e-06,5
0.024236253275544593,0.8520358368887245,0.001631767152183425,2.2592916920446334e-07,0.01429107198855637,0.10779689933727722,7.94542854433894e-06,1
0.01175428152352029,0.9529431912077518,0.0045836402891217785,2.3967885996518486e-07,0.011386076056542595,0.01932758839907607,4.9828451271901766e-06,1
0.010993471760547604,0.9477601398927473,0.006654818936285082,2.3837524833147675e-07,0.013311915005494316,0.021271703123124153,7.712906553305884e-06,1
0.0136662815607124,0.43930426655459215,0.4143319204270115,6.055036402422831e-07,0.007005058719925319,0.125601066692713,9.08005414052446e-05,1
0.0034975222462186417,0.1384499218154753,0.004013257072646638,2.250032021639819e-07,0.0008004190996685632,0.8532363090078934,2.3457548952246353e-06,5
0.003485678782435996,0.2503570620959139,0.0030010618162436267,4.455770138384902e-07,0.03695487654159129,0.7061955502101485,5.324976652924187e-06,5
0.00457925862435275,0.34966000401783337,0.03941307076286125,1.0394427848460351e-07,0.0009812186229567615,0.6053546938993623,1.1650128355201757e-05,5
0.028471237435328516,0.1805328229255692,0.0015520043786316183,1.7582734617150783e-07,0.25562153333775106,0.5338201518916424,2.0742037309482692e-06,4
0.010395556040158741,0.9183926328815912,0.04225221271711798,2.2718949761735974e-07,0.0029625215612674423,0.025985836254447933,1.1013355918956789e-05,1
0.012239741567214617,0.8763635628671071,0.002146195861744699,1.875681154291446e-07,0.007753809783409531,0.10148787444924552,8.627903163110674e-06,1
7.145084331558092e-05,0.0006231765248037321,0.9963163256880335,0.0010127096035584375,5.0714500786863136e-06,0.0019689225378706782,2.343352339489606e-06,2
5.234153652272793e-05,0.0004882703393017304,0.9949473921228199,3.5766488665794904e-05,3.524653639594139e-06,0.004471074171757427,1.6306872928410577e-06,2
0.00010843140630500955,0.0014518985078963722,0.9800280061399216,0.0003961081668364789,2.1469728036355093e-05,0.017991221659298416,2.8643917055698337e-06,2
0.00020104735185340827,0.0009372007870597596,0.9684378200724334,0.00038163722799178056,5.2096210014757006e-05,0.029983079836871096,7.118513775747164e-06,2
7.09789033209075e-05,0.000319972782840741,0.9793559311416691,0.0001630472321663876,1.7106701487028582e-05,0.02006550062744087,7.462611075247438e-06,2
6.180620750767162e-05,0.0002824054997855599,0.9864617420248353,4.859712173052604e-05,1.2271927450474035e-05,0.013131058315041801,2.11890364887981e-06,2
8.993631691776424e-05,0.0003288327511688579,0.9759565737680714,0.0004310733879413235,2.204169693596777e-05,0.02316843540634773,3.1066726168236472e-06,2
0.0001320041343994142,0.0004348863483876803,0.9860107780212889,0.0005338341427042479,3.110239081257247e-05,0.012855869677567772,1.5252848395043374e-06,2
0.0001510498637111435,0.00042941324274208724,0.9868361549817268,0.000532342066001048,2.510374893488151e-05,0.012024527345538449,1.4087513456148821e-06,2
0.8202913492842363,0.012409353429235562,1.2558565687031252e-05,1.7359475128961715e-07,1.3502212347872104e-05,6.103593542489896e-06,0.16726695932019925,0
0.9465252432509802,0.011426704296758464,1.9345669606541766e-05,2.081444993733488e-07,1.6451066425771204e-05,7.467710132884108e-06,0.04200457986159695,0
0.9350437873559609,0.003985730513377494,1.526830443071859e-05,2.1875391274239508e-07,1.6693047314409532e-05,1.0053842617689664e-05,0.06092824818238598,0
0.9219583715822114,0.003936016974767811,1.590721089381918e-05,2.2411923770478608e-07,1.843762397864942e-05,1.030043081393447e-05,0.07406074205809665,0
0.9075792499793852,0.005588744997696487,1.5382576657680736e-05,2.1672758206747578e-07,1.71498917671194e-05,9.96071326771993e-06,0.086789295113644,0
0.2386461110990233,0.0009133705473949937,4.080041863398186e-06,5.979112852804567e-08,5.306363366821582e-06,2.632110279050209e-06,0.7604284400469439,0
0.2648179534359675,0.0007813778893990674,3.769161900570842e-06,5.894170070690894e-08,4.733534960650636e-06,2.46963846164922e-06,0.7343896373976099,6
0.07828274531958579,0.0004190457206009463,1.6349122867065982e-06,2.020315228244628e-08,1.5769668263544308e-06,8.893781753408508e-07,0.9212940874993725,6
0.6899926137490551,0.04675899091934511,1.8104781163584456e-05,1.5510879084843491e-07,1.1911567897607985e-05,6.874686469261348e-06,0.2632113491872783,6
0.8057914270066983,0.06624002102399294,2.0678575547091212e-05,1.64394162496209e-07,1.119600671831631e-05,6.6135734128874815e-06,0.12792989941946817,0
0.854885622203763,0.11508846859248938,1.4977387445600834e-05,2.3354172646557142e-07,1.4501835213696202e-05,9.658271765943985e-06,0.02998653816759569,0
0.784163053212876,0.13542094023649484,2.1252521805138323e-05,3.313429489180245e-07,1.608982286483564e-05,1.0715876963469785e-05,0.08036761698604683,0
0.8476640471035121,0.1386235673025996,1.0933313858869592e-05,1.7818265189758777e-07,1.332655097344304e-05,7.36886081150555e-06,0.013680578685592474,0
0.8445965993418918,0.15063346566758073,1.0815954375900634e-05,1.7627001825597922e-07,1.1561539019469243e-05,7.289762588764331e-06,0.004740091464525192,0
0.8458702287784347,0.1492952917791031,1.1522371003244603e-05,1.715741675726764e-07,1.3745804169184202e-05,6.876541337694386e-06,0.004802163151784532,0
0.6892402008363027,0.30598982483628157,1.3840070987820485e-05,1.837613624057799e-07,1.3092149797152594e-05,8.515039809599982e-06,0.004734343305458962,0
0.5875679041511084,0.4119554146871475,1.4963399980603667e-05,1.9801591971763386e-07,1.1790669453624162e-05,8.374683596563632e-06,0.000441354392793664,0
0.5745984927416098,0.42536130810813105,1.401927640512803e-05,3.270903082483039e-07,1.102010799197874e-05,1.0128362909688661e-05,4.704312644067241e-06,0
0.6540572751754209,0.3459068315069053,1.182112690275781e-05,1.8096008544333304e-07,1.1850683281011762e-05,9.018583144222163e-06,3.0219642603601673e-06,1
0.6218896657740064,0.3780695351983858,1.3110600074303945e-05,3.3437044437572155e-07,1.314934705562863e-05,1.0002348998822677e-05,4.202361034642988e-06,1
0.2613319359584046,0.7386215389466751,1.5927027995250847e-05,2.1340382784792223e-07,1.4851214905890506e-05,1.2066047534017503e-05,3.46740065738559e-06,1
0.12038047626562284,0.8764712568854414,1.3148327806692701e-05,1.2925076507352168e-07,0.0031176055839406023,9.312467258060575e-06,8.071219165323335e-06,1
0.07014657800282362,0.8694205361371108,4.060634973389557e-05,2.2123668491779903e-07,0.06032031753673041,6.49988763434898e-05,6.741860573025681e-06,1
0.15995708765675618,0.790934357469884,2.4889964764777624e-05,2.2910616302937433e-07,0.04900488623984743,7.305232563027804e-05,5.497236954208054e-06,1
0.34253576157098187,0.6390197617502337,2.7844545903212378e-05,2.3417922310305742e-07,0.018347971831673335,6.510338715848323e-05,3.3227348262376638e-06,1
0.28076035368649105,0.6966441859314286,2.759008106529998e-05,2.0810476409005288e-07,0.022490387540485813,7.398228664078608e-05,3.2923691243898594e-06,1
0.29701767881534263,0.6768234876427107,2.4939932970238137e-05,2.381542725510301e-07,0.0260616198486567,6.877587500682952e-05,3.2597310403880676e-06,1
0.19340000101046748,0.7547640588984784,3.125015333336916e-05,2.4734125807669105e-07,0.05170895414004265,9.104953040287543e-05,4.438926017064627e-06,1
0.16219348921176008,0.6524900915132894,4.300939233399291e-05,2.409890876449364e-07,0.18517971997078653,8.871121394347196e-05,4.73770879881613e-06,1
0.0034820305035004424,0.05393367657232448,4.914536073581485e-06,2.7875912915503586e-08,0.942572326161589,5.1614620935142516e-06,1.862888506055468e-06,4
0.007907552495055054,0.963544641849941,0.021361297377889377,5.148875288878429e-07,0.0017094021842704984,0.005456173252527581,2.0417952787369368e-05,1
0.0045255774429852165,0.9771275770542386,0.0148920433746708,8.554542039769973e-08,0.001121993212727481,0.0023168902640466568,1.583310591113337e-05,1
0.006684734047928486,0.9860797968753328,0.0043350873847762435,1.3504629031189865e-07,0.0012598617696658542,0.00162373919443341,1.66456815730841e-05,1
0.03174254880411638,0.9631918947897709,0.001894174338593802,7.431012061120598e-08,0.00273827144669508,0.0003000000430377398,0.00013303626766556474,1
0.021791988786079523,0.9742843081167314,0.0008932033835773852,8.270364984375976e-08,0.002752127522904515,0.00014376140942064158,0.00013452807763675962,1
0.02358597944760119,0.9728615468631336,0.0007819336527683462,8.258287652579853e-08,0.0024747894117220985,0.00012852080780157693,0.0001671472340965237,1
0.022599145381741244,0.9733742004836822,5.630208428692346e-05,7.943926186144122e-08,0.0038135708757002333,2.681085919796124e-05,0.00012989087612977002,1
0.02471028079286871,0.9724359775265978,1.1044247025590666e-05,6.972106250763523e-08,0.002829403055507695,6.658742723889447e-06,6.565914213615816e-06,1
0.022478700843464764,0.9740638164271656,8.949294320238342e-06,7.249001292062923e-301,0.0034341756658148523,5.710594436634022e-06,8.647174797721977e-06,1
0.06948117129603804,0.930447350180798,2.7851684484682873e-05,1.5393293713680918e-07,1.8474074694716683e-05,1.823044087118234e-05,6.768390176450849e-06,1
0.05632833853557345,0.9436077725701026,2.6540360284513893e-05,1.359264925644945e-07,1.8277373013456326e-05,1.2961714377423947e-05,5.973520155742452e-06,1
0.08746450521739184,0.9124651760849433,2.907361224865249e-05,1.6068638609894648e-07,2.1618041967297884e-05,1.240101953725066e-05,7.0653375254893915e-06,1
0.06970083764689856,0.9302227437789827,2.934419030039071e-05,1.4816547823890698e-07,1.910367203623775e-05,1.1434714757075613e-05,1.6387831546848917e-05,1
0.04799168057368406,0.951945071125564,2.5396300692813055e-05,1.1874257204890835e-07,1.5435751020694182e-05,9.163993239446942e-06,1.3133513226605948e-05,1
0.05433562704894725,0.9456023029296765,2.5227086256798265e-05,1.1795139550696861e-07,1.4576044563756747e-05,9.102933955009693e-06,1.3046005204850565e-05,1
0.059731569515514116,0.9402146028892486,2.421459262950598e-05,1.323383632303324e-07,1.4532356635738037e-05,8.856528896766237e-06,6.091778711831069e-06,1
0.07536335247018768,0.9245777441039411,2.6074358126119622e-05,1.5380016398600813e-07,1.6897976210024226e-05,1.101142619670882e-05,4.7658651740514145e-06,1
0.1771345774936831,0.8227464615969257,3.136371802423486e-05,2.0390016621091156e-07,6.410286575829291e-05,1.781796802169862e-05,5.4724574209483845e-06,1
0.22424788688074865,0.7752615021407798,2.2111063808543985e-05,2.219649720064396e-07,0.0004441046697996967,1.4785898063413489e-05,9.387381827803852e-06,1
0.18100070233753895,0.8168472392597715,0.00010026920565204406,2.048938208823068e-07,0.001902229406077825,0.0001384728520289767,1.0882045109617364e-05,1
0.1950640194866207,0.8029912104630047,0.00015854586501465965,2.2732462162269588e-07,0.0015624967319301478,0.00021628834253039915,7.2117862778130324e-06,1
0.6343158044631548,0.3630608228421453,0.00028462827948052324,2.4715031010130906e-07,0.001808676858839294,0.0005206592983088911,9.161107760906526e-06,1
0.5704817732813271,0.42212351690883604,0.0004127797193926116,2.603821304632302e-07,0.005727019888889901,0.0012483582578588334,6.291561565037516e-06,1
0.1394499556761692,0.7863356393776758,0.00019446499926989902,1.787038171809952e-07,0.0735424951703531,0.0004607714616827836,1.6494611032131022e-05,1
0.08804376051309333,0.8559087509575248,0.00028025531816490434,1.3536192448881962e-07,0.05482419544720206,0.0009359208376976266,6.981564392675591e-06,1
0.06287357958051885,0.887901487710991,0.00028355368577935195,1.3927497919761155e-07,0.047552560405581104,0.0013853480870968272,3.3312550535667265e-06,1
0.044534993880556394,0.9285398298089901,0.00013009215767365446,1.4139436018401008e-07,0.026390847617769567,0.00038641573172099573,1.7679408929258085e-05,1
0.029693553225983396,0.94965611447625,0.00018450008426030838,9.57017437291205e-08,0.01970651077725826,0.0007358721605566019,2.335357394779475e-05,1
0.013399467220438525,0.6080368512862621,0.001112837192982396,6.528189464442509e-08,0.37529253698343107,0.0021486368350881135,9.605199903315378e-06,1
0.010377313791058844,0.9329234937490526,0.0019266718892771602,1.916654344970157e-07,0.04616033135060763,0.00859921323455486,1.2784320014354497e-05,1
0.04569142890441866,0.8749102096278789,0.006939784858873416,3.3465513659897013e-07,0.042722677880569396,0.02972462283476961,1.0941238353210022e-05,1
0.12988850940240565,0.5185066132263556,0.00837985674802543,3.6725985408342477e-07,0.01044361567131989,0.33276888063607785,1.2157055961533697e-05,0
0.01606699812897052,0.9094492479739374,0.012662715881237172,2.500415106629209e-07,0.017944679587467306,0.04387219701536969,3.911371507174069e-06,1
0.09967161280029763,0.5955268967333627,0.038618455883087564,6.783472948244924e-07,0.014011945076094406,0.2521633483594168,7.062800446287348e-06,1
0.007738066838147661,0.31978435148000406,0.0010185082712405743,8.965535044020529e-08,0.0034146110551208928,0.6680384315968189,5.941103317636295e-06,5
0.005208450449327846,0.3085015913063737,0.0008149399687661954,8.33510216541278e-08,0.001981219200101378,0.6834881923838741,5.5233405351304705e-06,5
0.0019168958832734679,0.13447130162463286,0.0005242850411430721,4.6997562482681766e-08,0.0007797672394916691,0.8623049678530043,2.7353608921280783e-06,5
0.02754497318301147,0.9540042210106793,0.0024664111687630113,9.208696600472531e-08,0.007462706272881738,0.008498493593159824,2.310268453851345e-05,1
0.05510861750838448,0.777786461873663,0.011015262831765144,5.892673996058987e-07,0.01240147085666997,0.14367717302621275,1.0424635905117069e-05,1
0.0109545082885332,0.9472475130012407,0.011115341737788137,2.5941950585681833e-07,0.0007944219726253787,0.029865855888980827,2.2099691325861703e-05,1
0.0071429810582096485,0.9600054940549486,0.0033138685639598703,1.7467990320377328e-07,0.0003614119008262134,0.02916305605430711,1.3013687845406203e-05,1
0.03326002772833802,0.8941166164956308,0.001431783158025463,8.784509331980429e-08,0.013521264967197126,0.057664237925897054,5.98187981820278e-06,1
0.031946108800100875,0.9214704673385767,0.000936682568384146,1.971698077408713e-07,0.03498097910255822,0.010653831667177392,1.1733353394897189e-05,1
0.012890562309312062,0.9433222082074484,0.0015736246760523693,2.7272224565754015e-07,0.009507500930894272,0.03268891980075307,1.6911353294379376e-05,1
0.02070708166608398,0.8308423065082046,0.0026951748351778685,2.2030940944310746e-07,0.01146649921900534,0.13427932965577435,9.38780634451233e-06,1
0.007828960472978963,0.9644007039902753,0.008144556440557544,1.8662027938385314e-07,0.006829521025382014,0.012790752485223733,5.318965303037822e-06,1
0.007496893942414981,0.9719177716866338,0.003912900055134363,1.6566938146122302e-07,0.007965329060759434,0.00870044449502425,6.495090651747651e-06,1
0.018028206753630985,0.9445230007789356,0.007501328041040955,2.670107410364855e-07,0.005814777955390077,0.024114609515710695,1.780994455071406e-05,1
0.03182672204241145,0.9117210422724152,0.010110660132345456,2.822431069182427e-06,0.008826006881296772,0.03749468586253416,1.8060377927661977e-05,1
0.016414988614978497,0.30789001488993273,0.5698568351375942,1.3271573192231865e-07,0.0017992390031870693,0.10398198667384739,5.680296472827756e-05,1
0.006270165337231051,0.24682188470243563,0.005487162394722283,6.464903534110832e-07,0.0016570411851247818,0.7397590160509192,4.0838392136061084e-06,5
0.0035993740988215926,0.20834350382211259,0.002173752258171479,7.018372092771758e-08,0.0008332373840872948,0.7850422082777291,7.853975357044751e-06,5
0.0055975217109566575,0.3725433758022993,0.04673565704684308,1.256374750798489e-07,0.0013705844015667562,0.5737386538878383,1.4081513020656617e-05,5
0.004438967537475937,0.3389477499118653,0.06332456100458703,1.0070547047816934e-07,0.0006615845746840218,0.5926157430532338,1.1293212683194547e-05,5
0.017848709007814552,0.3724612452567716,0.029821724263134446,1.2263181880892225e-07,0.004766818583796287,0.5750923453894312,9.034867233067006e-06,5
0.02482246619506901,0.32450246193336835,0.002751060089259036,2.686149434910272e-07,0.018975648861537495,0.6289432508736844,4.8434321382020195e-06,1
0.015388542501454222,0.46108292419444435,0.004010475735751809,1.7625039382700848e-07,0.007888123369571176,0.511620048008977,9.709939407695938e-06,1
0.00937988081268316,0.9294256562976823,0.02932621331920746,2.0499244112695488e-07,0.0037770414946151267,0.02808299716129834,8.005922072456168e-06,1
0.026290780368682258,0.91702160204356,0.0017047001290172717,2.0010245562709262e-07,0.03589458323301166,0.01908334545438616,4.788668886856392e-06,1
0.0005199691678244528,0.005080040896746945,0.9576737328635071,0.006287754994496073,6.725130041427521e-05,0.03035385398591867,1.7396791092416846e-05,2
0.0001193898117908148,0.0013636338687160765,0.9870514684623984,7.156897863343406e-05,1.6442336641349196e-05,0.01137338943236708,4.107109452860402e-06,2
0.0002734556679943501,0.003891017961577136,0.9670093837774945,0.00031358356551258667,7.385075219765921e-05,0.028429647168220735,9.061107003023023e-06,2
0.00021522909759703193,0.0028044479260012863,0.9642538778773522,0.0007173459175005644,3.917324300285755e-05,0.03196424309687784,5.682841668289067e-06,2
0.00025899892258581685,0.0010876099775012846,0.967798175025712,0.0004038580009655893,6.68744283196002e-05,0.03037569146175537,8.792183160510298e-06,2
0.9449120284847045,0.011214907340928516,1.9312697723229308e-05,2.0778974731332465e-07,1.6423027973053468e-05,7.454982505868838e-06,0.04382966567641773,0
0.9440441602205956,0.003747876146760235,1.5690878015972618e-05,2.820386749256453e-07,1.8494307840101066e-05,7.734118222590779e-06,0.05216576228989054,0
0.9408688604532068,0.003740253980155416,1.4990941909568754e-05,2.2565790596819325e-07,1.766931679708502e-05,9.871205498529549e-06,0.05534812844452674,0
0.9262155944105467,0.003801906391148962,1.5006929293525815e-05,2.1143502629121933e-07,1.7394131581905284e-05,9.717469514258534e-06,0.06994016923288848,0
0.22447558490608172,0.0007467290624680346,3.269166740056213e-06,5.2340078051083177e-08,4.153393650660343e-06,2.1420305446588695e-06,0.7747680691004368,0
0.1994171933292832,0.0006810127385497245,2.8400750547351493e-06,4.547022585737422e-08,2.86985159752051e-06,1.7864748082377895e-06,0.7998942520604806,6
0.3916365309698349,0.007515277745604237,1.3294663924161791e-05,1.0154026856219037e-07,7.925774791135973e-06,4.500438089622934e-06,0.6008223688674873,6
0.5051803352640201,0.012348149779462131,1.4428845774640907e-05,1.3919152417867944e-07,8.059001364507967e-06,6.127454867748804e-06,0.4824427604629868,0
0.526454504691409,0.009842580667184438,8.396742262543758e-06,1.250234724118171e-07,6.190087813777877e-06,4.9120337471537046e-06,0.46368329075411074,0
0.6193748348016233,0.01451245468616001,8.819000555719043e-06,1.3751427763781371e-07,6.5004346809233075e-06,5.402783648877119e-06,0.36609185077905354,0
0.7609109851194936,0.23424390516688348,1.6302334244563915e-05,3.322741281926002e-07,1.408060726757107e-05,1.0781657536121967e-05,0.004803612840446317,0
0.7261298537411407,0.27024559891933014,1.528964560473622e-05,1.4445456075995992e-07,1.111094355893691e-05,8.511924752685315e-06,0.003589490371051798,0
0.5787591436910263,0.42117796243557637,1.5597386415734185e-05,3.4387693989366835e-07,1.2295809252938763e-05,1.0648161549538446e-05,2.4008639239188544e-05,0
0.5172009469136377,0.4827509778123517,1.611677505369915e-05,3.909102076799595e-07,1.4785562353887669e-05,1.1869074749963748e-05,4.912951645189544e-06,1
0.479527535620298,0.5204227930330894,1.65874558936117e-05,4.14464832438522e-07,1.4876184315497296e-05,1.2584255874616322e-05,5.208985696452141e-06,1
0.42338723774155734,0.576572240929413,1.3325067138140522e-05,3.329486905082559e-07,1.256961198126819e-05,1.0109208759215597e-05,4.184492460568968e-06,1
0.25774380779318884,0.7422097757876825,1.5708347421334915e-05,2.1047376006857535e-07,1.5177426417757628e-05,1.1900378822916935e-05,3.4197927065500885e-06,1
0.27907154286810815,0.7208793104165592,1.63313517940578e-05,2.197092561730075e-07,1.5843405219632203e-05,1.3182397354915503e-05,3.5698517077719915e-06,1
0.12809190594993905,0.8669394481813477,1.4670219017721152e-05,1.8875873522318558e-07,0.004934146088174558,1.0973206473072278e-05,8.66759631247043e-06,1
0.06847672217663488,0.8487237753112548,3.963970600566304e-05,2.1597009347748956e-07,0.08268822079466527,6.345156276885571e-05,7.97447857740756e-06,1
0.13095054163587683,0.7556322509257904,4.733970738494037e-05,2.349175924120769e-07,0.11330274255373558,6.312381737518983e-05,3.76644224460866e-06,1
0.22027251162908185,0.7626422451774385,2.951435169819061e-05,2.640901423448072e-07,0.016976464602853954,7.525301229028261e-05,3.7471364948929846e-06,1
0.3095881808665554,0.6590530778020743,4.2554656909526056e-05,2.978173875540467e-07,0.031221628088441707,9.003508117567796e-05,4.225687455840016e-06,1
0.3794866531883616,0.6034442525762286,4.2899770491245536e-05,2.7268849337007227e-07,0.016942750367344547,7.930227183765438e-05,3.869137242958032e-06,1
0.26052843868459097,0.7106371968929807,2.60972607482204e-05,2.091498511591417e-07,0.02873112082361648,7.336064609180534e-05,3.57654212080704e-06,1
0.15496122219166644,0.6905331862578403,3.7837714844949914e-05,2.1201128135555793e-07,0.15438532969581986,7.804410698659164e-05,4.168021560405348e-06,1
0.14063283308173646,0.6880948030705023,4.269453978798072e-05,2.3922491420075145e-07,0.17114421172351324,8.051533339666269e-05,4.703026149361614e-06,4
0.0019266284211070215,0.03842665041848251,2.606853747083165e-06,1.7924249246070574e-08,0.959638558790911,4.84300680604183e-06,6.945846972148834e-07,4
0.0068941462576515905,0.9621542356980191,0.025770974431893454,2.2700411620258866e-07,0.001273456357306115,0.003887621994697079,1.9338256316570636e-05,1
0.009162873525591681,0.9855625463435446,0.002630423362730739,1.3369781760893795e-07,0.0014608721748400973,0.0011574516462898978,2.5699249185442556e-05,1
0.02023189261133603,0.9676844749031631,0.0017803367403664227,1.347301275411494e-07,0.009673309704369911,0.0004961945268586152,0.00013365678377840506,1
0.025875439441196708,0.9687124669578939,0.0007497328147582505,1.2193626347864073e-07,0.00422766682506652,0.0003136071812487287,0.00012096484357244958,1
0.03963570396433779,0.9410062165803489,0.00016831248618237054,9.783449611898077e-08,0.019059166765687165,0.0001050065723532352,2.5495796594769554e-05,1
0.03141360342406915,0.9626218799575276,1.3891414053732488e-05,8.769490082171808e-08,0.0059341329073846925,8.146018860182052e-06,8.258583203660872e-06,1
0.028163289023611465,0.9677567274686001,1.1240747467773294e-05,5.988541339920569e-51,0.00405259797022354,7.172783423594517e-06,8.972006673572412e-06,1
0.03158676207373363,0.9664359448989196,1.1387497924755307e-05,6.936164751266547e-51,0.0019505171013984286,7.993900865053094e-06,7.39452715857135e-06,1
0.04833354046549487,0.9516015450757819,2.7162817674023232e-05,1.3648457309417297e-07,1.7978795572307397e-05,1.3522742357510015e-05,6.113618546362057e-06,1
0.05593499525221161,0.943998598986034,2.734188932648176e-05,1.4833637740667802e-07,1.757402780600206e-05,1.469700617763457e-05,6.64450206682257e-06,1
0.05824405785321696,0.9416879422510965,2.727496367554752e-05,1.5074547003380705e-07,1.7531011274247102e-05,1.6414937168244608e-05,6.6282380983511115e-06,1
0.05824405785321696,0.9416879422510965,2.727496367554752e-05,1.5074547003380705e-07,1.7531011274247102e-05,1.6414937168244608e-05,6.6282380983511115e-06,1
0.05304309116302411,0.9468919125884521,2.7493179667305277e-05,1.3889207763601654e-07,1.6144052665207366e-05,1.5116276294311602e-05,6.103847819350049e-06,1
0.05740174378463324,0.9425113060520273,2.8224512617530458e-05,1.5599351374459114e-07,3.472425822656588e-05,1.6986405801759122e-05,6.858993180131215e-06,1
0.06402782498024545,0.935901640972146,2.6636284661208387e-05,1.4900263518974345e-07,2.140788961353545e-05,1.579269728680116e-05,6.548173411760412e-06,1
0.07334243816588597,0.9265789769175868,3.137847486956825e-05,1.475851006215886e-07,1.934529369066903e-05,1.1389923942208968e-05,1.632363892425407e-05,1
0.05312357028654458,0.9468031933960884,3.004334163442943e-05,1.2918569849521203e-07,1.8817981184185264e-05,9.964720885902443e-06,1.4281087964042906e-05,1
0.05174867379129912,0.9481830646489561,2.6348816136814782e-05,1.2319613932648751e-07,1.865574915331857e-05,9.507698615867012e-06,1.3626099699480847e-05,1
0.07227630476624783,0.927663832003756,2.3281203219082454e-05,1.5070763157972366e-07,1.9661161205177598e-05,1.2102569121794763e-05,4.667588818450025e-06,1
0.1026113985738159,0.8973196267313297,2.6894080689965465e-05,1.7326980279824905e-07,2.261644849819392e-05,1.3921717460249612e-05,5.369178403126126e-06,1
0.10220988959764982,0.8977069133589208,3.040559174565669e-05,1.9263700440672708e-07,2.979576907699467e-05,1.6833728231317137e-05,5.969317370943319e-06,1
0.10527531228558192,0.894586589747572,2.995393048153901e-05,1.8977546914525286e-07,8.682571596928768e-05,1.5247899054879203e-05,5.880645870903692e-06,1
0.2101865167479843,0.7891516456861373,2.5216346526658605e-05,2.2567049548868357e-07,0.0006095346745846852,1.2506681047556643e-05,1.4354193224065065e-05,1
0.20512968946434565,0.7942492817925608,2.046122774458824e-05,2.0540286450577538e-07,0.0005792900201647177,1.2492225240497111e-05,8.579867079166412e-06,1
0.14624206701019513,0.8530937888178016,2.1361644717418705e-05,2.1875957278426322e-07,0.0006199831158993329,1.2095400515777104e-05,1.0485251297848923e-05,1
0.19206650177425288,0.8051720912860307,8.685240821658449e-05,2.0402575672962838e-07,0.002599037855331392,6.447670875824983e-05,1.0835941653559924e-05,1
0.06644503621225176,0.8757058603752524,0.0002265247468276964,4.0123616148816674e-137,0.05620797004899748,0.001408105821847727,6.502794822861757e-06,1
0.03294543320439062,0.9225303667864521,0.0007248829622967346,1.0025325332325601e-07,0.04168109563338431,0.0021035522805057166,1.4568879717287782e-05,1
0.04579186254980064,0.8768333366528327,0.006473691124332176,3.3539073704133644e-07,0.04210696085697062,0.028786767941938414,7.045483388361034e-06,1
0.11208575961426262,0.4858573558095285,0.01713263064184729,5.66998217384213e-07,0.01794215031852824,0.36697563315888143,5.903458734690543e-06,1
0.016502118936523313,0.3521396474629237,0.0011552233589458838,1.2255569529643028e-07,0.027239079849598176,0.6029602795740585,3.5282622551289474e-06,5
0.010386169850244605,0.3824201179546057,0.0011525618644260278,1.1141744824716757e-07,0.006526867291367997,0.5995089824199598,5.189201947637465e-06,5
0.004493671622153568,0.3016585941321924,0.0010482098595961799,1.0544850349748906e-07,0.001210936038218886,0.6915823455658788,6.137333456533e-06,5
0.0018848784324073968,0.08338327644205647,0.000165865982077834,1.2933505347085043e-08,0.0002033613423163563,0.914360796938913,1.8079287235512795e-06,5
0.002963216763906683,0.9422025878129882,0.024716990495395996,1.0140065790109554e-07,0.004386648128461553,0.025718838151543754,1.1617247046025298e-05,1
0.003916146352573174,0.88169802163646,0.0795969372516725,2.1165150274341632e-07,0.005319703949379016,0.02945654794368254,1.2431214730014714e-05,1
0.0297568973573154,0.883041512946281,0.002946816118238696,5.133164341742298e-07,0.007518384857812464,0.07673051135615667,5.364047761685142e-06,1
0.013910853712861214,0.9458736151884998,0.008728098855645815,2.6222142991209823e-07,0.0007507458926941026,0.030716368020316763,2.0056108552279113e-05,1
0.01355543379328146,0.9614144908694399,0.001626419873900114,1.8282174778713142e-07,0.0031037392215402903,0.020286019241104646,1.3714178985897978e-05,1
0.008398275800777547,0.3648504037026061,0.00046356252391473754,4.3252972654160363e-08,0.004802854604818368,0.6214823407295759,2.519385334795891e-06,1
0.025070228734058706,0.9270929466168742,0.001911241837892077,2.0308105011193213e-07,0.03359695993779012,0.012318537213700397,9.882578634019867e-06,1
0.03641582611001581,0.930687647678448,0.0014262608436314988,1.9803634890705688e-07,0.02153548021380956,0.009921377849911902,1.320926783457973e-05,1
0.025264538599445507,0.9360156451109594,0.0017955751372285486,2.042024303727421e-07,0.018852876796697976,0.01805753960019237,1.3620553045701755e-05,1
0.029570346354000077,0.9308727499710179,0.0011368112436203888,2.0620807526463138e-07,0.015227748624267661,0.023178383266994028,1.3754332024683315e-05,1
0.08864735560569208,0.8408803552761166,0.0016986040949313937,3.0781161729752354e-07,0.012919469131240079,0.05582114451479493,3.276356560768381e-05,1
0.061795234716406466,0.6566603553695851,0.011093975551826566,4.4364096816373034e-07,0.00934275471727192,0.2610678619307172,3.937407322462489e-05,1
0.012266760390609414,0.9589299086506938,0.006762493525600554,2.2803207507577434e-07,0.005999014039866049,0.01602638534152379,1.521001963111612e-05,1
0.02022261039347936,0.9450158814361558,0.006955647253744451,2.671500753135951e-07,0.006884654214184945,0.020903120314041946,1.7819238318222073e-05,1
0.021184979969064682,0.9427446791900983,0.007812704272781874,4.908104204171146e-07,0.0056074776836524225,0.022631442510812623,1.8225563169728407e-05,1
0.025770636986635793,0.9279608187278948,0.007583876430757102,2.803580408685e-06,0.008142228187512273,0.03052169633184581,1.7939754945408524e-05,1
0.015274378315216918,0.42568197948570374,0.3646976743145364,4.4381270440729353e-07,0.005112816396818879,0.18915870635228596,7.400132273370554e-05,1
0.006493690741175427,0.48927237019430486,0.008549925884394185,8.306969954873397e-08,0.0008370564438017123,0.4948372818703063,9.591796318034117e-06,1
0.02571182869189273,0.30281057299307473,0.0038432265840669467,4.1857161984979705e-07,0.0033810248610183415,0.6642478260509942,5.102247333166077e-06,5
0.004471037676458126,0.31227475618544553,0.048242193764957815,1.0143303570752408e-07,0.000666364314359851,0.6343341718231637,1.137480257932419e-05,5
0.00667502078651202,0.2323304028253959,0.026959771178667956,4.6172375192599445e-08,0.0007722096295438679,0.7332539126375227,8.636769982527734e-06,5
0.011812501258417275,0.9252279510870159,0.030580888104219914,1.3398165434298212e-07,0.007092792088747124,0.02527679462035574,8.938859589843107e-06,1
0.00028104892829060725,0.0015788723021130924,0.9862710863207642,0.003736700083434231,3.35697856749786e-05,0.008097268260218393,1.4543195046375933e-06,2
4.9121714194903554e-05,0.00035157442006607313,0.9927970661636814,0.00010150608035770562,3.673523683246282e-06,0.006695064874427657,1.9932235892353775e-06,2
0.00033950063599319887,0.0014565107256148363,0.9555843238935398,0.0002560650023055825,7.336557473260629e-05,0.04227901753038704,1.1216637427006178e-05,2
0.0002795513156801758,0.0011025563804023773,0.9618887759929879,0.00041114722303428955,4.905008020935897e-05,0.03625993124756042,8.98776012545353e-06,2
0.00016543679936698014,0.0006057646915688963,0.9534514997230646,0.0004231389817173043,2.944743174226561e-05,0.04531991872664432,4.793645895464869e-06,2
0.00021276070612761928,0.0007897104090199489,0.9385152281949125,0.0002797493252897838,4.82374553040438e-05,0.06014728458613935,7.0293232069088734e-06,2
0.00021480312801527547,0.0009684268814821696,0.9647778233272485,0.0004003496214987191,3.427094763434222e-05,0.03359643011022551,7.895983895314913e-06,2
0.00011390863326598492,0.0003711776896427731,0.9883043587588147,0.0004969684820142529,2.1172735577742217e-05,0.010688666524025215,3.747176659369392e-06,2
0.8214895766736029,0.012326295112003314,1.602650507987784e-05,1.7243284644061065e-07,1.445887035522074e-05,6.06274095402913e-06,0.16614740766515826,0
0.8130810991423657,0.012252510315092842,1.6844519542218905e-05,1.8123405178563343e-07,1.5196870624196114e-05,6.372191439777898e-06,0.1746277957268835,0
0.8425283567706975,0.009931398461548,1.7747186683775583e-05,1.9094605473520065e-07,1.5091757118948602e-05,6.850672451461766e-06,0.14750036420544568,0
0.9650794454727053,0.005125980981895644,2.632289316952959e-05,2.086320226313564e-07,1.5295513570896844e-05,7.485201262290848e-06,0.02974526130537393,0
0.9460112460415164,0.0045381301110960885,2.7226184660935956e-05,2.1672033200236035e-07,1.712887243390936e-05,7.77538980933194e-06,0.049398276680151294,0
0.4017783058636601,0.0017552189959815021,7.973260470574806e-06,1.0351533905237661e-07,8.67981863890711e-06,4.556926665656192e-06,0.5964451616192442,0
0.38234972622315994,0.0014682344006394237,6.1521004053738605e-06,9.015618916929024e-08,7.859898861721578e-06,3.9688334720288045e-06,0.6161639683872724,0
0.2641324094604096,0.0009711565976113387,3.946415374799364e-06,5.873866224937189e-08,5.013820910302717e-06,2.585778868711435e-06,0.7348848291881631,0
0.23011947244233577,0.0007496540255375573,3.410299612175764e-06,5.4599646353856225e-08,4.088837154450537e-06,2.145159627220923e-06,0.7691211746360865,0
0.14249797137250497,0.00048663273262466316,2.0294385207656305e-06,3.249175677558785e-08,2.0507160087823948e-06,1.2765651337877297e-06,0.8570100066834503,6
0.4339193552183262,0.0036100356443224215,1.4009283932583114e-05,1.2256532975352045e-07,9.894922794305342e-06,5.461247869475251e-06,0.5624411211174253,6
0.38187373300612704,0.00749883241816321,1.2784683263501835e-05,9.971476853465376e-08,8.01523874565554e-06,4.116751820026126e-06,0.610602418187112,6
0.45006283279420944,0.011183432765627279,1.2797494997600939e-05,1.2375748507356534e-07,7.297529249671864e-06,5.44802141372429e-06,0.5387280676370173,6
0.33692838929087005,0.007380139069986267,6.008205629700453e-06,9.368567921587341e-08,5.1333920697532255e-06,3.834109423406953e-06,0.6556764022463417,0
0.633373828749211,0.011053829530123519,8.51009472495537e-06,1.3269752296054725e-07,9.023329412514803e-06,5.2135386929494895e-06,0.35554946206031207,0
0.843825722353346,0.12351423050772542,1.5518415189595753e-05,2.2148821657372908e-07,1.3393188107113599e-05,1.0263207438122938e-05,0.032620650839977124,0
0.7594964881474577,0.2359704428264092,1.653264464762448e-05,3.217669081537977e-07,1.3227843107011832e-05,1.0440718418378249e-05,0.004492546053051892,0
0.8454631712874336,0.1493095197412239,1.1835431261004993e-05,1.7866477031896373e-07,1.2840552785602144e-05,7.160726443085387e-06,0.005195293596082424,0
0.6979863843491851,0.2965962420831274,1.5437719977467837e-05,2.536650812660522e-07,1.5021721295272815e-05,9.517041670438258e-06,0.005377143419662983,0
0.5971007960493151,0.40283954830534774,1.5024934682461336e-05,3.243808790252119e-07,1.1614392050727409e-05,1.0044465338413762e-05,2.2647472386532572e-05,0
0.49198124162393686,0.5079773589847676,1.5627089480119882e-05,3.262828357984084e-07,1.0992903170025895e-05,9.760416480812024e-06,4.6926993288451475e-06,0
0.6896330557173008,0.31033225510257556,1.138462149664949e-05,2.903513895100017e-07,1.1418267532225226e-05,8.68556410718163e-06,2.910375598165398e-06,1
0.4385747855269608,0.5613804425521219,1.4951321317698993e-05,3.735833225070505e-07,1.3408844195810271e-05,1.1342984381227033e-05,4.695187700058833e-06,1
0.13655204039696162,0.8634078482844872,9.785044323970167e-06,1.1396117721636906e-07,1.6859757461767567e-05,6.624058270982387e-06,6.7284973171626e-06,1
0.059780028851412946,0.8922430762743874,3.07830202072558e-05,1.848116034063084e-07,0.04790088964548294,3.9336480349065656e-05,5.700916556998367e-06,1
0.06842269976488578,0.8480542031735459,3.960843358999561e-05,2.157997111206175e-07,0.08341905242769622,5.625221319119978e-05,7.968187380172948e-06,1
0.1070311710939066,0.6981451931230973,3.974903256159081e-05,1.874862834033209e-07,0.19472049532072705,5.978149537877752e-05,3.4224480452255214e-06,1
0.11545130184117236,0.8551426939219628,2.84856557915716e-05,2.1427244253173535e-07,0.02930541120963749,6.832247565254909e-05,3.570623340553303e-06,1
0.28848936762733624,0.6786113626220888,3.8175729395062374e-05,2.750675153213554e-07,0.03278232508835983,7.459097246656612e-05,3.902892838288678e-06,1
0.4133119229277427,0.5708425994234131,3.231423547357432e-05,2.717703705664621e-07,0.01573310133632545,7.593419654216005e-05,3.856110132465928e-06,1
0.02012731906497116,0.4435744888663933,3.261225676649867e-05,5.0825611661071515e-08,0.5361892843523993,7.265212820955629e-05,3.5925056483107117e-06,4
0.038916402102461174,0.9455612157659437,0.000296342051566041,6.986855538610445e-08,0.015043441867175598,0.0001603525639305217,2.2175780367639303e-05,1
0.04855457216222218,0.9493833179172324,1.395913482463385e-05,1.0410400370228645e-07,0.0020305370856157795,9.392447801799924e-06,8.117148299563422e-06,1
0.05048920902640487,0.9478604653799815,1.4571844854595363e-05,1.0867345360221709e-07,0.0016171772575793893,9.80471167390589e-06,8.663106052200543e-06,1
0.054782788613030396,0.9451434858139856,2.5113298903136927e-05,1.362457341385844e-07,2.725912939718554e-05,1.5113978830040138e-05,6.1029201191671224e-06,1
0.07290388310806076,0.9270098315360342,2.8745665695853893e-05,1.5887386462923275e-07,3.2818693049380705e-05,1.757648185508534e-05,6.985641440048539e-06,1
0.06323954781567317,0.9366730604881061,2.9782928529371542e-05,1.5045960022036445e-07,3.4470881845634005e-05,1.6375224035621426e-05,6.612202210064737e-06,1
0.0635122748520364,0.936407158951929,2.2973782245532162e-05,1.5041688794377745e-07,3.446109629630759e-05,1.6370575458214874e-05,6.6103251466588e-06,1
0.059379892901113326,0.9405404843304849,2.3619007906208764e-05,1.4127670509394942e-07,3.427803298891245e-05,1.5375806485857732e-05,6.208644315714729e-06,1
0.056756563853460444,0.9431668072294311,2.3478922928242895e-05,1.4237438741296872e-07,3.4544364163026875e-05,1.2206371803834419e-05,6.25688382615566e-06,1
0.06615871940423829,0.9337436549847145,3.084523810684056e-05,1.5846079004281787e-07,3.686610991669492e-05,1.2229258501084946e-05,1.7526543732508858e-05,1
0.06256863093206401,0.9373388886122964,3.194209291397056e-05,1.4994257600489504e-07,3.2232170033662395e-05,1.1571862804590054e-05,1.6584387311237802e-05,1
0.07022138722573208,0.9296829185160276,3.1807328366925545e-05,1.487178792682105e-07,3.581193570254684e-05,1.1477346470459047e-05,1.6448929821036205e-05,1
0.07724267636919725,0.9226712721024589,2.9322040130791866e-05,1.4920699349941295e-07,2.8562158949729256e-05,1.1515094006416164e-05,1.6503028263692247e-05,1
0.08462533777040493,0.9152949501041091,2.6692025611614742e-05,1.7469071070463172e-07,3.2354241460603006e-05,1.5077959077194529e-05,5.4132086260534536e-06,1
0.06968568176333213,0.9302490044870008,2.225503932970656e-05,1.5396400015102297e-07,2.7110648151669535e-05,1.1023156157150064e-05,4.770942028671449e-06,1
0.10048289214410024,0.8985186136700142,2.9982236285939547e-05,1.9842679688419287e-07,0.0009465406320240322,1.5624162868580755e-05,6.148727910036434e-06,1
0.21192285077269418,0.787334373330544,2.4578756009260024e-05,2.199644600077661e-07,0.0006825866260275598,1.4941132379722337e-05,2.0449417885189814e-05,1
0.20052757474686053,0.7983631816980471,2.396450217392074e-05,2.1446727320355189e-07,0.0010570233932096706,1.4567734805610011e-05,1.3473457630097552e-05,1
0.24596791161593307,0.7511990944025454,0.0008158429762984811,1.922041031910785e-07,0.0017207196467493345,0.0002886647265149154,7.574427855765494e-06,1
0.2275246635371614,0.7689116056443746,0.0007941812060117098,1.7394007144566848e-07,0.0024263884980108607,0.0003356138581511343,7.373316219051113e-06,1
0.18660273058642485,0.8063565257436918,0.0011399574177988051,1.710424544433873e-07,0.005248538335403371,0.0006414629485643677,1.0613925662190343e-05,1
0.4148084121269795,0.5787053785217615,0.0003405789972154523,2.249490802766299e-07,0.005220393991407971,0.0009152146678139684,9.796745741380378e-06,1
0.20327365394853272,0.7373580458791236,0.00048779134248519223,1.854212123626705e-07,0.057923486068552466,0.0009487626170279495,8.074723065408091e-06,0
0.07086804498192098,0.8644695066047977,0.00031389744745932154,1.5577983823426496e-07,0.06291408220515325,0.0014185483398641858,1.5764640966299554e-05,1
0.06172910583104929,0.8711459807682337,0.00029223757222535986,1.524902777856169e-07,0.06532655316206229,0.0014905465182550011,1.5423657896246427e-05,1
0.05191383344626676,0.9211120217117512,0.0004533094023263866,1.8954666639864267e-07,0.024833401254734253,0.0016680628546815175,1.9181783573558074e-05,1
0.01041615643150768,0.938512152921156,0.0029658727972450985,2.0149801269446134e-07,0.036079574402970147,0.012012856092707308,1.3185856401115883e-05,1
0.012352323272985544,0.943023309099823,0.004016779268118138,2.2552781499291255e-07,0.020893532682628866,0.019700109910477524,1.372023815172442e-05,1
0.026235161358804382,0.9231712546963879,0.006546156014484052,2.516273902448295e-07,0.029704083894005126,0.014325781134826571,1.73112741016312e-05,1
0.028497469845075826,0.9160028105713452,0.006208909927399031,2.573675656430614e-07,0.025490076713177524,0.023792061182313445,8.414393123332167e-06,1
0.23081385887241165,0.5894832393330989,0.009705305089243601,5.19438303881956e-07,0.021140917546657163,0.1488452479879766,1.091173230830075e-05,0
0.1305831479108907,0.5447346887896656,0.017092582180181726,5.790142079441735e-07,0.012443333956902633,0.29513946476714265,6.20338100887911e-06,1
0.0034340328828964795,0.216048773892601,0.0011094876580960884,7.572540801283548e-08,0.001370582768281961,0.7780320793489186,4.967723797843477e-06,5
0.0009114521081059438,0.04399009777183285,0.00011125636749901003,6.254127858391384e-09,0.00018340258505735309,0.954802910671082,8.742422949163098e-07,5
0.028542518565748607,0.9547685126052269,0.0037522933792033786,8.905539679800785e-08,0.002135147160447094,0.01072449216040184,7.69470735753307e-05,1
0.02802024875852051,0.9550677384383762,0.0018239214733050222,8.742586488367524e-08,0.0041316719451665275,0.010880792859515534,7.553909925132764e-05,1
0.029861536536088383,0.9538826031473644,0.0021551416369567154,9.317085943532668e-08,0.0044031754967273195,0.009629635590759371,6.781442124429053e-05,1
0.01416037655452608,0.9609100708630417,0.0029039067317037388,8.25701718950082e-08,0.006440211366967842,0.01555674921338036,2.860270020846165e-05,1
0.009341103427385334,0.8833474537161564,0.012493959754941771,2.72105842530056e-07,0.0036870318888775834,0.09111419714534595,1.5981961450485925e-05,1
0.07615752274291661,0.5894801185741221,0.00869361017648453,6.68603693453026e-07,0.002861138797195266,0.32276248038815974,4.446071742807724e-05,5
0.1052173620327727,0.4641305388502636,0.008606575598407638,5.616091393164666e-07,0.006488971827347704,0.4155506307971685,5.359284900535335e-06,5
0.018166225152627957,0.9559440329317652,0.0016611225258573415,1.749844146810753e-07,0.008978112271776091,0.015241863783804023,8.468349754865661e-06,1
0.019488685272059037,0.9250354366195703,0.01488071562419847,1.2908437582609927e-07,0.03655710124336844,0.004035176359716103,2.7557967116401887e-06,1
0.02808796072700875,0.8875308061578298,0.002326023522506713,1.7949172926836436e-07,0.07588737815965242,0.0061639663588700135,3.6855824029343005e-06,1
0.04813351912791481,0.9180856035283826,0.0010949549910717993,2.0384663254086225e-07,0.02322760508685994,0.009444516598245009,1.35968208930833e-05,1
0.03704854531586251,0.9214884656230291,0.0011476809559593318,2.2393115525125806e-07,0.019781566389017697,0.020519631939797032,1.3885845179010027e-05,1
0.01720180274150082,0.9565245397133224,0.0032979814312784988,1.8509617019173365e-07,0.010490100342839726,0.012478998453471111,6.392221417330283e-06,1
0.01718779084564447,0.9509616558637698,0.005872953597826804,2.6561374915042363e-07,0.007826542488258854,0.01813307482727561,1.7716763475181372e-05,1
0.034580847673927335,0.6056257673692407,0.023055475533235704,6.625152309488895e-07,0.0018441657618651667,0.3348728138280197,2.0267318480470936e-05,1
0.0030726857505965237,0.16345842462948929,0.002566102261184632,5.7573286688528294e-08,0.0006626696215374904,0.8302341486806142,5.911483291100684e-06,5
0.0022332645109689,0.1550922508602947,0.0016917692381987052,4.479389233695199e-08,0.0006833198891935974,0.840293549303457,5.80140399494147e-06,5
0.0030289621337564955,0.09700821584855808,0.0015660513927253292,1.8286617706687073e-08,0.0007233903385894559,0.8976694072315557,3.954768197247664e-06,5
0.008704344109886688,0.7447468679537151,0.00482899157315166,2.0001135346763896e-07,0.004775760774284944,0.23692646905772727,1.7366519881013326e-05,1
0.007736570611130399,0.9737731853992674,0.0021186152909567013,1.7231375448494005e-07,0.0023572331592056264,0.01399926162380063,1.4961601884859672e-05,1
0.015289103231955172,0.9254823713568603,0.027881647505625454,1.0554902522344063e-07,0.006981365738821513,0.024356622928187084,8.783689525048524e-06,1
0.023989424167257096,0.9394775490123384,0.0015296342235256923,2.090268193639272e-07,0.01949026284387314,0.015507918487591574,5.002238594572578e-06,1
0.020472163661930134,0.8650579319729954,0.0007104580698873123,1.445885560215654e-07,0.11130687710448539,0.002448964441112722,3.4601610332373047e-06,1
0.00039284343307797504,0.038366713748261415,0.8766229903551706,5.485041804757303e-06,9.512124106963811e-05,0.08449939099369072,1.7455186925092136e-05,2
0.00026673043564149506,0.0025042656103618647,0.9833507163742649,0.00029414411404439663,4.0505203293733335e-05,0.013536541563245207,7.096699148342249e-06,2
0.0006915960574850622,0.006356333882394395,0.9467813986206034,0.0006583775562299974,5.100824977021349e-05,0.045432866251921805,2.8419381595145616e-05,2
0.0003397779939691813,0.0010267051380398835,0.960629957931054,0.00024095112899349545,5.0583849507466596e-05,0.03770036950215027,1.1654456285700999e-05,2
0.00021594602427104411,0.0008015334516281744,0.9336500264495553,0.0012988879410379404,4.7171068137924644e-05,0.06397930050360068,7.1345617688336325e-06,2
0.00023630767808549365,0.0006052829689216651,0.9636680399252807,0.0002993388420394771,3.5283097242692245e-05,0.03514761830651838,8.129181911677104e-06,2
0.00023130889032179223,0.0007707077708068402,0.9611764628718431,0.0005306365880887026,3.453672828764523e-05,0.03724838993122314,7.95721942870483e-06,2
0.00020043955814952146,0.0008831071042553965,0.95126921951788,0.0006723397044558533,5.406972635573111e-05,0.04691930581497035,1.5185739330284687e-06,2
9.078369269797044e-05,0.000423873266541797,0.9785789933842624,0.0002509896219848378,1.8458276134783383e-05,0.02063391800976117,2.9837486169142387e-06,2
0.00010690855727908676,0.00032460681332441104,0.9898097857407938,0.0004315683035110998,2.0016981752743746e-05,0.009303811418273687,3.30218506520013e-06,2
0.9283965935092953,0.01093893934471661,1.9716464792932067e-05,2.121339698859207e-07,1.6766381241217054e-05,7.610842473451693e-06,0.060620161323510495,0
0.9499286640204089,0.006015843850447398,2.4202607581212836e-05,2.0927583423229175e-07,1.5342713559446095e-05,7.508299631118501e-06,0.04400822923253753,0
0.9482592950341863,0.004231994644302147,2.5389546982828362e-05,2.0599485471369933e-07,1.4816680592342363e-05,7.2508736472755425e-06,0.04746104722543452,0
0.9450875540624573,0.004008057407441536,1.6064298329461646e-05,2.920321614174263e-07,1.893444574853315e-05,1.0577987090896717e-05,0.05085851976677043,0
0.9408688143584978,0.0037402537969142375,1.4990941175137917e-05,2.7464953542892615e-07,1.7669315931436204e-05,9.871205014922998e-06,0.05534812573293113,0
0.9369687761612363,0.003912489920588624,1.5241090162601149e-05,2.1473415621586535e-07,1.8519315661396195e-05,9.869096210311102e-06,0.0590748896819846,0
0.47019556447903305,0.001882666311389797,7.808063056785432e-06,1.1000904884699797e-07,8.705136942571437e-06,4.941618783794266e-06,0.5279002043817452,0
0.15552572290267158,0.000548389602047926,2.3270918427055445e-06,3.546228702225663e-08,2.3442812555943935e-06,1.3932739768321371e-06,0.8439197873859183,6
0.061693520606852625,0.0004297131887254331,9.026708015774743e-07,1.466046546935282e-08,1.0470280310855315e-06,5.865009732382649e-07,0.9378742153441505,6
0.05866422046720056,0.00029622390216069226,9.06178002081996e-07,1.3716961192568256e-08,1.003316474325115e-06,6.038446746385887e-07,0.9410370285745266,6
0.26101349607594665,0.0022141553870044855,8.592361556370806e-06,7.517340876136274e-08,6.068886506276255e-06,3.349565650129471e-06,0.7367542625499274,6
0.268380328514497,0.0022748987447890096,8.186670760478315e-06,7.162407487564693e-08,5.667314872827428e-06,3.1914149548194462e-06,0.729327655716051,6
0.3264212074733431,0.0041614455083703265,1.0000243802036723e-05,8.7490780050614e-08,6.964582020248547e-06,3.877740768328256e-06,0.6693964169609159,6
0.5461529787707159,0.012442756226074637,1.6083261053073135e-05,1.2544218891742195e-07,8.56911698606103e-06,5.143866290543191e-06,0.4413743433166909,6
0.30968196213352184,0.006751122233821348,5.3655339337182084e-06,8.366452846609196e-08,4.60878999750603e-06,3.287086651308699e-06,0.6835535705575457,6
0.8297059924136257,0.07534369064149402,1.2424489773855627e-05,1.93734508289852e-07,1.121575051566133e-05,8.112107582834429e-06,0.09491837086249957,0
0.8334400670701884,0.10459768217631557,1.4036957709386836e-05,2.389931610336165e-07,1.3374240347450043e-05,1.042939155497874e-05,0.06192417117072318,0
0.8201661170904758,0.1352858016678976,1.9865712963069947e-05,2.110450875629479e-07,1.2900560504392317e-05,9.779299079480985e-06,0.044505324623992204,0
0.8199755103348608,0.16511822498180398,1.713818097809624e-05,2.0352400953675072e-07,1.70821155325432e-05,1.105167440326873e-05,0.0148607891884116,0
0.7426132196747328,0.25310544595091555,1.442273990029931e-05,2.9396424184583254e-07,1.230214912616941e-05,9.538575274239734e-06,0.004244776945809163,0
0.7153671972695748,0.28028019050981057,1.4154620209177554e-05,1.850397273382999e-07,1.3611004494806576e-05,8.64214634965104e-06,0.004316019409833597,0
0.6231637047726387,0.37484946324363383,1.7199995684147838e-05,2.2761357505317886e-07,1.3169180722515803e-05,1.1680014216694032e-05,0.0019445551795290263,0
0.598418998748558,0.4015417342277453,1.3969768292463503e-05,3.0799270104572977e-07,1.102261284434307e-05,9.537004830355054e-06,4.429645028522063e-06,0
0.4480201293882776,0.5519378678086235,1.3875526140155371e-05,3.4810969857638885e-07,1.2990786853681384e-05,1.041334470077591e-05,4.375035705712484e-06,1
0.2457734757113004,0.7541778261135302,1.626247099026829e-05,4.0634451385002375e-07,1.458472700264002e-05,1.2337702502882203e-05,5.106930159790206e-06,1
0.18044516594027837,0.8195169545426525,9.094863389418504e-06,1.0816801940591334e-07,1.600270036559009e-05,6.287327676873155e-06,6.386457617874973e-06,1
0.11595759902081779,0.8815999038245944,1.540491961125623e-05,1.514335263711228e-07,0.0024069719193615113,1.0512433767997594e-05,9.456448320625794e-06,1
0.05970524989751598,0.8911269676818097,3.39225375026783e-05,1.8458042221358775e-07,0.04908869424321047,3.928727426959381e-05,5.6937852694333194e-06,1
0.06774617373542893,0.8396691095597503,3.921680717943709e-05,2.136660022458722e-07,0.09248307905417667,5.56960222404017e-05,6.511155222167091e-06,1
0.09429115479878745,0.6850872132983156,4.9546641637321836e-05,2.660778683411383e-07,0.22048726572257907,8.028742473817918e-05,4.26603607412062e-06,1
0.20549616195163475,0.7658928437572283,2.955700359214415e-05,2.768387615444781e-07,0.028487731562707615,8.904909498848884e-05,4.379791087093776e-06,1
0.290475845856613,0.6802239333982317,3.411640666031113e-05,2.7298766512400325e-07,0.029183441423520234,7.851654516215727e-05,3.873382147320771e-06,1
0.20131163278961342,0.7712399555010477,3.042356225982695e-05,1.911487914527778e-07,0.027350723619393,6.380466175127872e-05,3.2687171431550834e-06,1
0.008624999822784045,0.05458236003200168,3.157238647269203e-06,1.7479712763324456e-08,0.9367830068674792,6.131120891120974e-06,3.274384838311275e-07,4
0.009334609072162697,0.05870182309812803,3.090098008054428e-06,1.73143552903887e-08,0.93195374638782,6.3736391198011496e-06,3.4039040608329636e-07,4
0.02260304219123544,0.49949658855200524,3.6623666235184634e-05,1.967018882742272e-07,0.477777925926612,8.158856695731518e-05,4.034395066670293e-06,4
0.010396866498165139,0.9485069795886975,0.020614927026926213,6.242591327534904e-07,0.0062716094369986795,0.014185336298419294,2.3656891660774416e-05,1
0.008717740333334296,0.98340491411997,0.003915067488961383,7.733156386070232e-08,0.001463012317561604,0.0024851509137136167,1.403749489512407e-05,1
0.025308761361237685,0.9646604209928048,0.0023502029103598062,8.102124823804182e-08,0.00592923904066741,0.0016685401688587068,8.275450482340003e-05,1
0.02394939549937993,0.9642254250277144,0.0019398272354832083,8.071880346506153e-08,0.008175389293092503,0.0015653725913731516,0.00014450963415342177,1
0.05002155840909167,0.9401591518453744,0.0010606248307445307,8.105247847165756e-08,0.006981460693554135,0.001632016161363621,0.00014510700739310566,1
0.06423501843157173,0.91919016166618,0.00038427172422420377,9.598148700911052e-08,0.015774749564947135,0.0003852387932650663,3.04638383248549e-05,1
0.03575605215206286,0.9607492916955487,1.2858556997143368e-05,6.850434134374419e-51,0.003463037468814419,8.72154118980888e-06,1.0038585387229523e-05,1
0.06552940119874079,0.9341757903510283,1.99866376926377e-05,1.5180476053147072e-07,0.0002532549539831978,1.6839968983089072e-05,4.575084811095475e-06,1
0.06481107434719366,0.9349388770052744,2.6049117167238535e-05,1.5612459493104865e-07,0.00020222397965596333,1.7000679460789512e-05,4.6187466531243725e-06,1
0.05762826753759237,0.9421217430594159,2.1281018785627383e-05,1.399407958287261e-07,0.00020920022969058992,1.5230413214326667e-05,4.137800505069088e-06,1
0.06688483872637871,0.9328832586473422,2.520416424109898e-05,1.5220804696189278e-07,0.00018216305928905855,1.3056294778495435e-05,1.132689992361932e-05,1
0.09352894510227554,0.9063987592114658,2.3294695793998387e-05,1.5245628125469176e-07,2.55243058040339e-05,1.1440549459938039e-05,1.1883678919054635e-05,1
0.10925062755915654,0.8906797768366159,2.406634834568225e-05,1.5817378797506253e-07,2.648153359921778e-05,1.398815614243922e-05,4.901392352395167e-06,1
0.10914150840454374,0.8907755940229272,2.8897845819394797e-05,1.743602744250838e-07,3.3185794608697216e-05,1.523660255748474e-05,5.40296926924052e-06,1
0.10767771567288349,0.8922403089630676,2.7786406397430487e-05,1.908323665501527e-07,3.1408700318437317e-05,1.6676028606953277e-05,5.913396359615886e-06,1
0.1260486127802592,0.87382762612669,3.102295510422354e-05,2.1655954358173583e-07,6.938495329814825e-05,1.732440384294136e-05,5.812221261875779e-06,1
0.10947028809171767,0.8888858993472102,2.3413891326058382e-05,2.1048079830514094e-07,0.001598686774972511,1.4982581382651868e-05,6.518832592414576e-06,1
0.1139065253808196,0.8847511092253947,2.2894108463896838e-05,2.0580817425262676e-07,0.001298241389488727,1.4649971611589344e-05,6.374116047195707e-06,1
0.21739466591891612,0.7816707575441384,2.5847131480508608e-05,2.3398297896340552e-07,0.0008696804864789041,1.706225962180358e-05,2.1752676385427554e-05,1
0.15106854343838572,0.8442793916965152,1.8464606697983472e-05,1.8806650605627035e-07,0.004612128818761083,1.1295037743043663e-05,9.988335390982925e-06,1
0.18539287443571775,0.8107994432555634,8.211663061401233e-05,2.0749626836915688e-07,0.003654152083796967,6.096100482447471e-05,1.0245093214933569e-05,1
0.6668890742204241,0.3297674700759459,0.00024348663454819535,3.0220358558496966e-07,0.0019418586539385885,0.0011438973277572697,1.3910883800223997e-05,0
0.2439266430170022,0.7523884886791246,0.0006667671941373163,1.93344074184396e-07,0.0024407558065219345,0.0005684633109639076,8.68864817574014e-06,1
0.18056933271420048,0.8144026544130003,0.0011140034904168926,1.8117707699628835e-07,0.0034859414603452105,0.00041821766189989576,9.66908306028985e-06,1
0.14721343482958474,0.8468559340566959,0.0010436485585753668,1.7690853961141613e-07,0.004271002967769403,0.0006063613996624268,9.441279172488264e-06,1
0.7445564397026124,0.24074049746358037,0.00045306462294043934,1.897927825198755e-07,0.01254986409471403,0.0016959197487078663,4.024574662369865e-06,0
0.1077745142190189,0.8213751465226181,0.00025681408431136573,1.6824768349705865e-07,0.06747379850307567,0.00310009278346833,1.946563982429909e-05,1
0.06584148785953368,0.854792610017722,0.0002819610509302212,1.6663183687306825e-07,0.07632019693991365,0.0027467146562474495,1.68628438162103e-05,1
0.04163462567086903,0.9050660319503158,0.0004224615405147576,1.8278685656087977e-07,0.050503179480647795,0.0023573418063139607,1.6176764482191105e-05,1
0.03024624672671812,0.9229846542816489,0.0007664906447385598,1.8355006485233973e-07,0.042236028643759554,0.0037527216364014325,1.3674516668388081e-05,1
0.054674713326566766,0.8755973718266149,0.006583565234198919,3.251693555948353e-07,0.03277502139934977,0.030346481870437255,2.252117347664659e-05,1
0.02536810327229645,0.936411012736502,0.0027693127175978743,2.38850851296638e-07,0.0018477276467168899,0.03358240625835224,2.1198517683441212e-05,1
0.02033365871435605,0.9590440248541492,0.00320522687219568,2.1960994665978875e-07,0.0019890147635951284,0.015396031863546562,3.1823322210807254e-05,1
0.021532644533687532,0.9584907767372559,0.005729278209928159,2.1590487547515859e-07,0.0029906718845216194,0.011231692947580346,2.4719782150900675e-05,1
0.03290425183029822,0.9442747487181606,0.006537071345795295,2.2194853908214284e-07,0.003942907630288639,0.012331222853159062,9.575673758815823e-06,1
0.01846056345599269,0.9083437178896487,0.009299838301070337,2.0204073369808013e-07,0.03337775269194938,0.030513777029604342,4.14859100098281e-06,1
0.04013332816060254,0.8070651054747437,0.026851219562264876,2.5881489472677946e-07,0.022280741830129992,0.10366419643979333,5.149717570640203e-06,1
0.06179487288214192,0.34399878261647365,0.0016293816781198693,1.5724877111605717e-07,0.24149725114580542,0.3510750273856776,4.5270430105450665e-06,5
0.0037890781032983863,0.17304712543564976,0.001163230300331874,7.330863551862346e-08,0.0012833940721376968,0.8207122896007979,4.809179148847512e-06,5
0.0007391061821738227,0.040982382552429586,0.00013675506811929367,5.9648037962600305e-09,0.00016735840824578306,0.9579735580255146,8.33798713048562e-07,5
0.003330884483783727,0.13100516052417346,0.00032778426626582093,1.862516942510376e-08,0.0006732853235571751,0.8646602632308439,2.603546206616244e-06,5
0.033298043307603935,0.9513286338235383,0.00130537401350122,1.0389309032155295e-07,0.00308577605041305,0.010892301536125477,8.976737572764181e-05,1
0.0299696139673157,0.9573349767824585,0.0013602277698604925,9.35080713916117e-08,0.0023713229338037673,0.00888297069353206,8.079434495786282e-05,1
0.022098109917167524,0.9587758090541095,0.001831807551309169,9.160805462778639e-08,0.004291098735279754,0.012970878702502459,3.220443157700349e-05,1
0.004668676178606916,0.9653975801547068,0.008888488599852718,9.798787997506827e-08,0.006248031420039322,0.014785899406217827,1.1226252696476305e-05,1
0.005624089369674717,0.9394719749818641,0.012729018192798676,2.2552013320976049e-07,0.003894684206071693,0.038266761949647274,1.3245779810364522e-05,1
0.022703738648849527,0.8578651105621503,0.00220885101582674,1.7392535787141264e-07,0.10566031864413163,0.011558235918026231,3.5712856576055565e-06,1
0.0467342091523277,0.9055976747813699,0.0012626028474321109,2.0107388214296313e-07,0.03710256741436988,0.009294861601697782,7.883128920373574e-06,1
0.1553061621725775,0.5894234646657842,0.012525418331837773,5.718866280102983e-07,0.009610275046357785,0.23308144453414942,5.2663362665231193e-05,1
0.0234240265108199,0.8605251065730021,0.0022253158097807757,2.0226347311166836e-07,0.006632151290489145,0.10717388800044204,1.930955199280873e-05,1
0.027437776349168497,0.9485935881487441,0.0036333675445044938,1.6169363045390828e-07,0.0075961745076241404,0.012731063222968212,7.8685333599573e-06,1
0.019145149153618868,0.9522730155212956,0.0021043174832718857,1.6232081155368822e-07,0.0182296990280303,0.008242404415585937,5.252077386111119e-06,1
0.007504087398237386,0.913460029439623,0.050626356997256025,1.5913893988995213e-59,0.01056028944133493,0.017827112157903186,2.212456564548764e-05,1
0.008663168955790569,0.15564001700404,0.0023738625790519995,1.3255857176206095e-07,0.0013121533127945645,0.832005565704146,5.099885605137648e-06,5
0.004404032312552774,0.12950737965642148,0.0016000534267626844,3.5196636962424647e-08,0.0011824656453416052,0.863301030194851,5.00356743333614e-06,5
0.0072866782202915216,0.24950963679826907,0.0017002813802550287,9.42000387993946e-08,0.0032705685266731254,0.7382179508374672,1.4790037005197464e-05,5
0.004345313870047902,0.22454337164995064,0.0013098279710095874,7.2167526388608e-08,0.0021146253784414446,0.7676746008622684,1.218810075563869e-05,5
0.023228487675114633,0.9349593215894997,0.0013735353304440729,2.0435429815868397e-07,0.02046472906283665,0.01996883156771473,4.890420092152884e-06,1
0.0003952534423103299,0.0037504280581046644,0.9739233416257561,5.948418610957901e-05,5.1925373061071606e-05,0.021808939185000063,1.0628129658348942e-05,2
0.0002767266384999869,0.002742433591629981,0.9821904332938391,0.00031220396067098465,2.4854488494393756e-05,0.014441855634499411,1.1492392366205904e-05,2
0.0001633640360514099,0.0006093083646474913,0.9846547080455597,0.00020392924577500513,1.979390528666359e-05,0.01434226754097117,6.628861708660656e-06,2
0.0001515678498155747,0.0004943597353133986,0.9834536613018017,0.00011888256720765756,1.5121950652673276e-05,0.015761007046709227,5.399548499866988e-06,2
7.504439821853114e-05,0.0002839365581967788,0.9866085695447899,0.00012224196888101463,1.694951455649464e-05,0.012886280991296191,6.9770240611038016e-06,2
8.710496612199387e-05,0.00029395630496153747,0.9911933224110434,0.00027029820820366604,1.622824143664306e-05,0.008136230292428819,2.859575803953703e-06,2
1.843579864885597e-05,5.4491233754439494e-05,0.22715231210622422,0.7712042165431039,2.289844120628838e-06,0.0015666143412972795,1.640132850465634e-06,2
0.8432989496320242,0.009499518086519273,1.6887034048459862e-05,1.816914751158983e-07,1.5235226568358014e-05,6.518641010771694e-06,0.14716270968835374,0
0.9446334105792031,0.003998879152942417,1.602751187571877e-05,2.2963132221052229e-07,1.8891086798245355e-05,1.0553764020281903e-05,0.05132200827383775,0
0.1480410965035334,0.0005216848833186271,2.212031638559183e-06,3.370889770199077e-08,2.2283711419945886e-06,1.324385252603816e-06,0.8514314201162172,6
0.09999443296763573,0.0005254118897194658,1.8142481433572393e-06,2.4329753435920524e-08,1.7481508963092219e-06,1.071038391178809e-06,0.8994754973754605,6
0.2725514911491654,0.002179584646211108,8.637474045006827e-06,7.399968787253227e-08,5.974129876482198e-06,3.297267168035273e-06,0.7252509413338462,6
0.37531556541464534,0.006317761448567464,1.1201716432370428e-05,9.800230154131504e-08,7.992435886237822e-06,4.343629349937307e-06,0.618343037352817,6
0.5437922896169365,0.01224521873610035,1.7951473987844503e-05,1.4001340797108406e-07,8.137981500043602e-06,6.1636356328795084e-06,0.4439300985424344,6
0.5583052624933967,0.012437075397374549,9.677221778711277e-06,1.4028236496942686e-07,8.241688974197514e-06,6.175475591371487e-06,0.4292334274405194,6
0.626314132394677,0.01778226396237627,8.056189003089272e-06,1.2561979152559357e-07,5.6039458616691e-06,4.93546246461321e-06,0.3558848824258257,0
0.8405536386466204,0.07603805519426368,1.306679279522519e-05,2.355052175483973e-07,1.179556591043878e-05,8.777157060449548e-06,0.08337443113813241,0
0.8186748410693917,0.15397969126476851,1.5418574338881938e-05,2.1157309759954725e-07,1.2914269489004632e-05,9.803765737883221e-06,0.02730711948317662,0
0.7971309943321245,0.13921403159173912,1.6861222934428672e-05,2.1320086156189424e-07,1.414913938409451e-05,9.946506926309144e-06,0.06361380400602994,0
0.8024926041404127,0.12482241602166207,1.6906964088619546e-05,2.1308368991580365e-07,1.587728325434866e-05,9.873762790259202e-06,0.07264210874410208,0
0.8661400725188969,0.11012232476649819,1.5834903941916803e-05,2.1775348334047605e-07,1.5002656611639331e-05,9.005338583010412e-06,0.023697542061984996,0
0.6932377001264193,0.29851652739583096,1.4729473161656485e-05,2.296760102251302e-07,1.466448821878066e-05,9.894003936817407e-06,0.00820625483642233,0
0.8526265190264026,0.14140536737508055,1.1283521300641819e-05,1.893595374894914e-07,1.3979459247001416e-05,7.831088269430002e-06,0.005934830170162209,0
0.7239493989632054,0.2706390355891175,1.4004069028351748e-05,2.3146508018546767e-07,1.392304249511765e-05,9.746127043272735e-06,0.005373660744030111,0
0.713203606175034,0.27703822720285665,1.4335191702098276e-05,2.5486534107908783e-07,1.4283432253574407e-05,9.976571754642574e-06,0.00971931656105795,0
0.6536111426046999,0.344398963895153,1.719924185760984e-05,2.1657774507851222e-07,1.2778826361249818e-05,1.1679502315130657e-05,0.0019480193518681612,0
0.7230205615929826,0.2769423550024382,1.255075510437383e-05,3.0565216777390543e-07,1.201998113161026e-05,9.143271200387495e-06,3.0637449750688652e-06,0
0.3740297120988577,0.6259212464232912,1.758260877664772e-05,2.2661778248181624e-07,1.4418602389371981e-05,1.359690396481405e-05,3.2167449378867638e-06,1
0.0608732150903511,0.9085593590114767,2.1756048664467936e-05,1.8819121873138695e-07,0.03050252313060048,3.715335953367565e-05,5.805168154884606e-06,1
0.06069905792574571,0.9059599871595665,3.448718617538218e-05,1.876528070669259e-07,0.033262690231109115,3.7801284922247355e-05,5.788559674054218e-06,1
0.2001512985720721,0.754262291842566,4.72963882977775e-05,2.8246030252548017e-07,0.04544789801362992,8.646399516704603e-05,4.4687279648162606e-06,1
0.034274974126492955,0.861987732777646,0.05856517817010636,9.957831227957525e-07,0.0032212972998456836,0.04193676031994992,1.3061522836395578e-05,1
0.027554617666809875,0.905542502455504,0.044923373041624554,1.0164742458208177e-06,0.0046138388086491905,0.017348102111578476,1.6549441587885003e-05,1
0.00859900246797653,0.983084222001545,0.003509795680448334,7.627828807288295e-08,0.001544762464543482,0.003248294806594379,1.3846300604506811e-05,1
0.011952509272468765,0.9818206778698615,0.0020395694210916123,7.638952268814574e-08,0.001978836122871885,0.0021856028413632655,2.2728082820336496e-05,1
0.013099296026578089,0.9810236209922274,0.0015117562956394395,6.485307201449652e-08,0.0022785753851853347,0.0020204459983097604,6.624044898775166e-05,1
0.026729905663467442,0.9635840947109372,0.0009233722954809716,8.557077492761674e-08,0.005298836866763955,0.0033763035347774773,8.740135779794916e-05,1
0.08734459556717679,0.9015942165589876,0.000980030275148499,8.170451763641786e-08,0.00829008680893886,0.0017682547571574803,2.2734328073191795e-05,1
0.06245984673301679,0.9224588768961475,0.0008440166798405789,8.35953205909905e-08,0.012447222287753136,0.0017666933628607067,2.3260445060777495e-05,1
0.04116781500784513,0.9345137746087276,0.00010084042791331889,1.0265513864154883e-07,0.02406776757689454,0.00014173980661800662,7.959916862812965e-06,1
0.0629011824928896,0.9322020757896861,1.9566306692043407e-05,1.486122151984118e-07,0.004856062116172545,1.6485814316281553e-05,4.478868028361683e-06,1
0.06174561178418517,0.933202795068473,1.9206850001488996e-05,1.4588202927768798e-07,0.005011660879506856,1.618294999198703e-05,4.396585812088362e-06,1
0.0560208289972469,0.9390950856999873,1.744415721212592e-05,1.4107730291986624e-07,0.004846598333808411,1.564995324962746e-05,4.25178119262728e-06,1
0.05660534850895279,0.941954446134501,1.68060280166189e-05,1.3591651786606208e-07,0.0014022439024118205,1.372961267728311e-05,7.289896922876521e-06,1
0.06633473132441457,0.9333918927425786,2.3282342863119127e-05,1.5101977280124383e-07,0.00022576240881542597,1.2947578072421398e-05,1.1232583483111682e-05,1
0.07131769808382149,0.9284074289810914,2.5858260981898184e-05,1.5615813975167238e-07,0.00022384253026759275,1.3395130844624604e-05,1.162085485315104e-05,1
0.07456712767073799,0.9240637740584421,2.2736300935820755e-05,1.4951051353373288e-07,0.0013222739491713087,1.281818274997351e-05,1.1120327449312132e-05,1
0.20455319685525364,0.7953536220638279,2.8983146468460607e-05,1.8678857198012808e-07,3.672695226819287e-05,1.5244827819248792e-05,1.2039365790667287e-05,1
0.1305104121961453,0.869395604738273,2.8920350729670998e-05,1.8749214604902137e-07,3.562032785745254e-05,1.5302250312630815e-05,1.3952644535893552e-05,1
0.11258180009527387,0.8873388256831506,2.614621442738411e-05,1.7111855229780416e-07,2.8648752426908012e-05,1.1673968983438514e-05,1.2734167185241593e-05,1
0.11520329881420276,0.8847207168804821,2.6755036346808234e-05,1.751030956720799e-07,2.9315846643935044e-05,1.4312331870385303e-05,5.425987358557552e-06,1
0.15075454558658544,0.8491624188298761,2.7161851022331137e-05,1.914180107172933e-07,3.381765892494498e-05,1.6727205559067246e-05,5.1374500213476115e-06,1
0.14209637524938157,0.8577803456031318,3.080440182824799e-05,2.1258256729716368e-07,6.920337780550819e-05,1.7353301716992087e-05,5.705483568690524e-06,1
0.13945929512549304,0.8602590563114328,3.0122107540792532e-05,2.161001411956486e-07,0.00022972686388527888,1.5783600102529424e-05,5.7998914043594095e-06,1
0.12645497882956794,0.8730734193918326,3.1163547077366725e-05,2.2102290581436954e-07,0.0004181420448332578,1.6143150761362295e-05,5.9320130218642995e-06,1
0.14129900804249174,0.8567084429595918,1.8777264791006816e-05,1.8398252505724864e-07,0.0019495510731995054,1.2196879465835198e-05,1.1839797935228445e-05,1
0.24049868181947465,0.7565093166200362,0.00019192898532681518,1.9062696228600528e-07,0.002596409657787438,0.00019490574594995983,8.566544462767178e-06,1
0.21045374139925685,0.7860825340362626,0.0002738158509181313,1.7950931492370393e-07,0.002994594345727892,0.00019031702486692115,4.817833652805596e-06,1
0.10715927555304874,0.8864590727667867,0.0001439312458155069,1.7103734475012317e-07,0.00588511390717189,0.0003457212280263996,6.714261806035483e-06,1
0.13709813715782848,0.8228822757185482,0.00011918606042601998,1.9121809173227433e-07,0.03929322056636941,0.000602934480251335,4.054798484720233e-06,1
0.1482422518644578,0.7849565905212026,0.00030057041572704193,1.777891875544054e-07,0.06311757625634723,0.003366422963633343,1.641018944468512e-05,1
0.1349214042051716,0.8186664476854357,0.0004073637412944223,1.768213046750553e-07,0.04213857043647746,0.0038455795339707903,2.0457576345337626e-05,1
0.03680754587513849,0.9111085950570281,0.0008543813062262956,1.8901193827644353e-07,0.04712672497174224,0.0040858360893643916,1.6727688562235825e-05,1
0.03730838330881195,0.8903491301663838,0.0008013090367928171,1.779986746863971e-07,0.06441855198350663,0.007109186568842993,1.3260936986909995e-05,1
0.014024841316712486,0.9307545543745548,0.0015107796951861457,1.9930065546176698e-07,0.04182502807046587,0.011869098186933545,1.549905549168491e-05,1
0.01316130738886465,0.9378888669376796,0.0025087850951201283,2.2801741439463105e-07,0.03114297320664057,0.01528166629326257,1.617306101823179e-05,1
0.021590500420838495,0.9464302881228496,0.0024591580990692284,2.1593479454009592e-07,0.0014851462343078512,0.028014076471710673,2.0614716429428863e-05,1
0.03140379197912464,0.9460361366612182,0.004989291083408104,2.223625472733491e-07,0.003384024920703866,0.01415773823871153,2.879475428634771e-05,1
0.02558201555242314,0.8267863547195742,0.06345593978066756,2.5468279406578055e-07,0.02187865151186464,0.06228864476216412,8.138990512426753e-06,1
0.07114656757038737,0.8279054945453196,0.024848345612471137,2.9573878140584943e-07,0.0055769789243615255,0.07051677885104352,5.538757635640375e-06,1
0.1281405144243787,0.5357492242360322,0.016810637970512732,3.298275029880226e-07,0.011573320617011986,0.30771987186907224,6.101055489107617e-06,1
0.11016144780871595,0.4114638268008817,0.015974565065106427,3.318653009805344e-07,0.01621311578148587,0.4461805739284112,6.138750097699303e-06,1
0.049930384667553354,0.38854134604682306,0.0014755320734896478,1.5365272383835365e-07,0.23597456549050844,0.32407359455268236,4.423516219342975e-06,5
0.013820286933548222,0.4779701901138666,0.0018334305045137195,1.5967610914066597e-07,0.04731627236051535,0.45904992218826035,9.738223186621174e-06,5
0.002727938277714146,0.17043786131284994,0.000606450986592879,4.84241719313732e-08,0.0004814160161748552,0.8257424054836839,3.879498812294157e-06,5
0.0025385268300650264,0.09991875278655196,0.0002219852675854012,1.4205575505181663e-08,0.0005256821767780405,0.8967930529865564,1.9857468877285252e-06,5
0.04984148125907039,0.7301630251259782,0.001086292886065236,6.674683985791435e-08,0.00181791525602121,0.21705921254224622,3.200618377863728e-05,1
0.06541226109788839,0.9271813514360354,0.0020975264432992833,8.984542431352505e-08,0.0008184154053585087,0.00441272608616254,7.762968583184445e-05,1
0.011552831419953998,0.9566942152743417,0.002820705530139103,9.106146810695706e-08,0.004809006684299583,0.02411004285355572,1.3107176241786566e-05,1
0.015349156655272185,0.7938867478580822,0.002487991505017649,2.49478384161457e-07,0.002020002813451599,0.18623069963393704,2.5152055855001843e-05,1
0.016117526693433405,0.8197674749668711,0.0019962922577931117,2.5618348882652454e-07,0.002377628423300517,0.15971499342014264,2.58280549705816e-05,1
0.021869723680184805,0.9248125420159929,0.0013311655129674008,1.7159113783761784e-07,0.029058277019049304,0.022921430022898495,6.690157769257981e-06,1
0.020690307311488874,0.9447352994169695,0.0017693150229653983,1.6216854545894494e-07,0.02183493518175622,0.010967048744910095,2.932153364489933e-06,1
0.03999783713971967,0.8911021349406647,0.00132276173955437,2.0022784479024553e-07,0.05278329315966865,0.01479015249277215,3.6202997757966468e-06,1
0.0519430195311448,0.8248917445038065,0.0009838073152079914,1.831543852573437e-07,0.11126172866487478,0.010913590658848421,5.926171732199681e-06,1
0.28598869107434577,0.6617232275236721,0.0012936514570320726,2.775676128277353e-07,0.025951287369696065,0.025013320623406003,2.9544384235048323e-05,1
0.037915877723243445,0.8751388934119207,0.0016785246856296217,2.2322213947846171e-07,0.010331831433133765,0.0749045780483707,3.007147556224809e-05,1
0.014987368074850321,0.9322480506827302,0.033001785363289265,2.054845525699773e-07,0.009357806211075858,0.010389577786110986,1.5206397390889616e-05,1
0.0072298674904833935,0.9057730047528795,0.05571925786068775,4.1567773271431634e-07,0.01017438753977412,0.021081750605026404,2.1316073416062425e-05,1
0.10116801331354265,0.22025541906838758,0.004916764592085571,2.0314696482055126e-06,0.0016125079683402418,0.6720416193093756,3.6442786201277677e-06,5
0.0032797612064273647,0.12930822790787586,0.0024825931167300015,1.0895676601556902e-07,0.0014575407285922462,0.8634675204960487,4.247587559901035e-06,5
0.003586274423831887,0.1594053975736327,0.0034415785808111247,1.0518841579754247e-07,0.0006898653284228103,0.8328706248165897,6.154088296094331e-06,5
0.011887402943106959,0.22395755224286923,0.0009114589772369605,9.915971126894026e-08,0.006517409933755572,0.7567219892409768,4.087502343253263e-06,5
0.04197171467214459,0.5606119159826618,0.002616369743809299,2.384502368571743e-07,0.015426364642318046,0.37936527527845426,8.121230375196903e-06,5
0.00676662169495082,0.7034859734806156,0.00212057124361559,1.568416038992331e-07,0.001748187967537785,0.28586103791632633,1.7450855350012245e-05,1
0.013256315188662202,0.9657048109979873,0.0015005281508819702,1.9861448747842115e-07,0.00843500137219092,0.011083426207052254,1.97194687376127e-05,1
0.025081841791221204,0.8954064502505654,0.0016805288806205172,1.9304860100985587e-07,0.046104714752650745,0.031721651413849014,4.619862491991758e-06,1
0.0003530338709728284,0.032835039187530723,0.9254231296530918,0.0020247207076999527,9.411450471640902e-05,0.03926471492774871,5.247148239690251e-06,2
0.0005138639712660154,0.00797705039096922,0.948658510330717,0.0004954703434816866,3.6365067247882706e-05,0.04229032644830618,2.8413448012129877e-05,2
0.00023760591616749362,0.000996516262817603,0.9561890141384687,0.0047984135962043616,4.009830789115182e-05,0.03772891123708856,9.440541362220575e-06,2
0.00027008794519086104,0.0008976803007850934,0.9595016255325087,0.0008716613805390996,4.864370021437282e-05,0.03840606305138005,4.238089381851389e-06,2
0.00034115145333537384,0.0008779461250068609,0.9569179856538006,0.00029527503400392837,4.86348952086054e-05,0.04150827151219469,1.0735326449842147e-05,2
8.605654728627702e-05,0.0003733285646302559,0.9766855188872535,0.00010079391711589214,1.8108026166248195e-05,0.02272745297800355,8.74107954408404e-06,2
6.946677887263501e-05,0.0002798085246514677,0.9856831429995846,3.423402749671463e-05,1.4864198690132654e-05,0.013911607882645857,6.875588058802476e-06,2
0.823762352294653,0.011471187310861034,1.693958824545691e-05,1.8225691778324444e-07,1.528264016959021e-05,6.4081554205519194e-06,0.1647276477537325,0
0.9476658765107874,0.010235400008915607,1.9368982576104703e-05,2.0839532896349869e-07,1.6470891183386838e-05,7.476709278562369e-06,0.0420551985019301,0
0.947681587027305,0.00579702211686395,2.3904944465929615e-05,2.1068480325383998e-07,1.6337055308988824e-05,7.415956529195324e-06,0.046473522214723686,0
0.9578184867121656,0.0038209550050188534,1.5349676658329203e-05,3.1405645596154725e-07,1.3254778513618333e-05,1.0107424439663424e-05,0.038321532346748066,0
0.3775462122071157,0.0010164235180830118,6.199318270473026e-06,8.048458156232102e-08,6.368833396969091e-06,3.5430723528804485e-06,0.6214211725661993,6
0.2799346956983909,0.0009997027555274022,4.210954048300606e-06,6.17095861163382e-08,5.1148552679870775e-06,2.7165641447386342e-06,0.7190534974630346,6
0.16616750250895215,0.0005945893575857707,2.3759899737620206e-06,3.536436470116794e-08,2.9796240305197885e-06,1.5568013204226965e-06,0.8332309603537728,6
0.10707277126053937,0.00040650462455745276,1.599882487028664e-06,2.438042664054459e-08,1.6117002589526123e-06,9.578799574042295e-07,0.8925165302717731,6
0.07806581387312163,0.0004191595599046229,2.681595591980728e-06,2.1443355450011677e-08,1.540756306821851e-06,9.439740925918227e-07,0.9215098387976269,6
0.08264663163169977,0.00043853188913147383,2.698786575484494e-06,2.312126938730202e-08,1.7963049708119026e-06,1.0232618215644747e-06,0.9169092950045314,6
0.8582383652537212,0.0968637997758125,1.3669577329353971e-05,2.5900692260142324e-07,9.665549153227469e-06,1.0315497851687557e-05,0.0448639253392094,0
0.8661815157894309,0.12174492541348599,1.4398563745896197e-05,2.0632704735753293e-07,1.3593435809292664e-05,8.532790804463031e-06,0.012036827679676123,0
0.8036667273933109,0.18360086626420133,1.5818276551804423e-05,2.4665367234679777e-07,1.5123784137783313e-05,1.0200524915382373e-05,0.01269101710321044,0
0.8080311073540422,0.17842439036502383,1.537229321303788e-05,2.396994742739548e-07,1.5692444216849728e-05,9.912929478291937e-06,0.01350328491455129,0
0.7601023669471899,0.23023363074434203,1.5142553999334499e-05,2.2292517517957542e-07,2.3054338575639943e-05,1.1440138024171345e-05,0.00961414235269373,0
0.7975144598926588,0.19078385127387104,1.5887867607460975e-05,2.226224635803858e-07,2.4189068705546347e-05,1.2003219426993799e-05,0.011649386055266575,0
0.6650489273381229,0.33292590752887474,1.7499942285713557e-05,2.2036425039089798e-07,1.3002243101900554e-05,1.1883699184694663e-05,0.001982558884179403,0
0.7121758454121571,0.28778452765766976,1.3347977183771666e-05,3.237533883565577e-07,1.2879999742423883e-05,9.830014902307257e-06,3.245184956360726e-06,0
0.6889017364343079,0.3110603552795325,1.2441098001536372e-05,3.172955809588657e-07,1.2477866340833737e-05,9.49157196731354e-06,3.1804542688320295e-06,0
0.6125782285823536,0.38738232371012815,1.2850809978204314e-05,3.3763297292859006e-07,1.2623519710997817e-05,1.0251436045954565e-05,3.3843088101135396e-06,0
0.5824759409481376,0.4174730636299067,1.678380374377866e-05,4.210726716375624e-07,1.5713625186324412e-05,1.2784887466854917e-05,5.292032886897093e-06,1
0.4220897458894946,0.5778358827340679,2.476894127781105e-05,6.214040891265641e-07,2.2303754241010705e-05,1.8867482707984648e-05,7.809794121573087e-06,0
0.3341978839127515,0.6657485878340048,2.0742802791251775e-05,6.840496838058882e-08,1.4639174909849091e-05,1.4454163666071548e-05,3.6237069083440336e-06,1
0.19280463099259654,0.8071695830560032,9.359023709918807e-06,1.1518436499485714e-07,7.115994068684643e-06,6.910979058798394e-06,2.284770197778126e-06,1
0.07362397449363482,0.8953793319222486,1.6636426578339693e-05,2.286805819228782e-07,0.03095848391579964,1.0906294333423626e-05,1.0438266823174597e-05,1
0.0764121813624848,0.8635777773299816,4.3700510746543025e-05,2.3777832689760176e-07,0.05988639594610596,6.623515889424378e-05,1.3471913460047742e-05,1
0.09834842617625936,0.7416033909577531,5.6134816043372045e-05,2.856323727677729e-07,0.15988559883354553,0.00010158402987603734,4.579554149921729e-06,1
0.1356897448122181,0.8290771131657491,3.577882296140034e-05,2.588068385658746e-07,0.03510942982425522,8.324887245755255e-05,4.425695520000373e-06,1
0.21904253828567027,0.7469801833475255,3.173887766586393e-05,2.4345649021775873e-07,0.03385573891508091,8.53939188511702e-05,4.163198716240648e-06,1
0.0010863414832133892,0.024006673981169714,1.675954625197988e-06,8.478932945842458e-09,0.9749017186277759,3.134923555962294e-06,4.465507269794259e-07,4
0.03670476134274314,0.918166713223814,0.027277440269084283,1.025059544578031e-06,0.004942886791305081,0.012894733929923394,1.2439383585573794e-05,1
0.014658784930944729,0.9365587017401513,0.03889617822202725,6.49891648939485e-07,0.0046506796828242394,0.0052092339682064765,2.5771564196969503e-05,1
0.011678657548561825,0.9393250526298009,0.03798867401701986,5.65991768568881e-07,0.0057377654593432845,0.005244758223342423,2.452613016306744e-05,1
0.006611035986911339,0.9809272580880186,0.007519963794482918,7.61109275242376e-08,0.0017264582213595786,0.003201391877565452,1.3815920734632638e-05,1
0.015351925090277331,0.9773612318925506,0.00189929255935428,7.70674407883563e-08,0.0027077202069984386,0.0026568234004009437,2.2929782977436464e-05,1
0.05554662928821951,0.9156803190243235,0.0005262609254127197,7.058135342890733e-08,0.027789938516644103,0.0004486132581893955,8.168405857283403e-06,1
0.054557000286896064,0.9150221600627491,0.0006415772990933242,1.2402044933347243e-07,0.029554039095041885,0.0002198616911878639,5.237544582362983e-06,1
0.030349053796456596,0.9436165546867809,1.4847602463104704e-05,9.373120838568692e-08,0.02600317145259438,8.848091412474035e-06,7.430639084084574e-06,1
0.028263778503371296,0.9507240197553235,1.2397689398041493e-05,6.604905562776912e-51,0.02098297225228092,8.501782530554761e-06,8.330017095885517e-06,1
0.06299270958779751,0.9301568891811414,1.729894774531489e-05,1.5305743406411945e-07,0.0068113461388907975,1.698783100720349e-05,4.6152559836993585e-06,1
0.072158540057826,0.9230416395883304,2.685076357723031e-05,1.609292384141415e-07,0.0047505239096665795,1.7523865470114356e-05,4.760885891447404e-06,1
0.08370045310203061,0.9110842978681641,2.1188842548017758e-05,1.503633354828513e-07,0.005174512695396443,1.4948821371697404e-05,4.448307153787997e-06,1
0.0776110593858582,0.9185421456232118,2.230951428587809e-05,1.4670402837229929e-07,0.0038070454298137534,1.2955565536064451e-05,4.337777265733989e-06,1
0.08439804912737693,0.9114356687382429,2.0843763541348173e-05,1.47992076032104e-07,0.004121594989470117,1.2688000537831614e-05,1.1007388754699071e-05,1
0.09456825022778238,0.9053570256294495,2.5134224696278138e-05,1.7261762861992808e-07,2.898401105874127e-05,1.508432015474607e-05,5.348969229590016e-06,1
0.10305297414544148,0.8954709888141659,1.7140254963185105e-05,1.6753139873257207e-07,0.0014382245906809862,9.90348182667631e-06,1.0601181523089912e-05,1
0.238798550375816,0.7537356056821879,0.00012718701443994795,2.277826346387685e-07,0.007187519682185059,0.00014060057298251986,1.0308889753964476e-05,1
0.7457507921532494,0.2503680899850521,0.0002922653040020764,2.0879396459359527e-07,0.0032725410162935046,0.00030519263148809405,1.0910115950253853e-05,0
0.2969837049171267,0.6942816027718492,0.000333089445232204,2.1525091253096938e-07,0.008121603320946937,0.0002701111790134543,9.673114918975608e-06,0
0.22870657784450454,0.7687680744962585,0.00017631834427856322,1.7735247143357224e-07,0.0022351104401181748,0.00010516848675292374,8.57303561627894e-06,1
0.21639502333009947,0.781589538373328,0.00020892468032380798,1.8333778240061768e-07,0.0017298378868644243,7.157180606999897e-05,4.920585532042539e-06,1
0.2027436846414273,0.7947015442037685,0.00020541943311369753,1.827297366973146e-07,0.002258784477080784,8.548024862251877e-05,4.904266250488474e-06,1
0.13127475991635376,0.8531421462908778,0.00011797915214249193,1.6876815065191823e-07,0.015001663729549695,0.00045189373198842737,1.138841093736644e-05,1
0.6175350430283495,0.3664113865359346,0.00044727488695272866,2.0362621363585837e-07,0.014290056079116998,0.0013124057265347698,3.6301168977281802e-06,1
0.13898276030561207,0.813739054709519,0.0003570875458851474,1.7575705188063385e-07,0.04250275890933244,0.0043978283263986315,2.033444620085291e-05,1
0.11439098965432445,0.8219442113363592,0.00043785162594815725,1.9597509476821286e-07,0.05866452720517744,0.004539113720087356,2.3110483008537027e-05,1
0.016940967093891975,0.9347124787565705,0.002808144363888027,2.2306209849132477e-07,0.030489479956922822,0.015030479209535357,1.8227557092891278e-05,1
0.28917059332600165,0.4979474991365073,0.004315180442180195,4.243113418486777e-07,0.015871960901639115,0.19268542846230824,8.913420021255954e-06,0
0.012381133926348839,0.9210593892349618,0.026004733823789858,2.3071111991154945e-07,0.013063945693410992,0.0274793394634587,1.1227146910122806e-05,1
0.004451507562598436,0.2743701877509913,0.0008935831167608933,8.073767527730909e-08,0.0007953052007974978,0.7194840390935759,5.29653760055889e-06,5
0.00498427234188867,0.2753892682070398,0.0011050390198198473,8.358459796629939e-08,0.0009807482458874307,0.7175335620955678,7.026505198593617e-06,5
0.004816533827042271,0.2728939672797668,0.0011253986565027997,8.282723829804152e-08,0.0009692438151503637,0.7201893399775836,5.433616715978469e-06,5
0.016884800621167168,0.20444066589703747,0.00022535691981637057,2.2420848211808788e-08,0.0015681122891396783,0.7768722383062847,8.803545706513779e-06,5
0.06747990298869029,0.9255334378252484,0.0016852547407968446,8.968573872735156e-08,0.00099389154234499,0.0042431775819054916,6.424563527519923e-05,1
0.0674351176683616,0.9249191762502894,0.0011784642701610846,8.962621575295588e-08,0.0012766367192299114,0.005126312469256291,6.420299648604741e-05,1
0.02551354407328576,0.9530954449909168,0.0025043890033753092,1.123231828611224e-07,0.004377773282866724,0.01447258931625463,3.6147010117937194e-05,1
0.012269308355653515,0.9529066013052716,0.0037034104764259593,1.896887798670395e-07,0.0007596976938847327,0.030348348552765404,1.2443927218849177e-05,1
0.012101268447399907,0.9429489461628563,0.002871937673429163,1.8096631683237384e-07,0.0012080042960167393,0.04085779073612143,1.1871717859663237e-05,1
0.03188491141957305,0.9344633991421837,0.0013665402937017522,1.8630270208277182e-07,0.00581355209246865,0.02646239465245517,9.016096915767652e-06,1
0.024381758341198947,0.9359933996761367,0.0014563747938943414,1.7823539126357865e-07,0.01969368272197328,0.01847138357499761,3.222656407786479e-06,1
0.033335628113607754,0.8605728936989239,0.029130325242073714,1.830322639186513e-07,0.05338997067088371,0.0235676898540611,3.3093881858559923e-06,1
0.07240479520553882,0.7821682994206218,0.000881974004064169,1.7805632784343942e-07,0.12899055585074692,0.015547857475106256,6.3399875941234855e-06,1
0.04209872929011093,0.9386356701594951,0.001799382593288356,1.6174647152337924e-07,0.008683774084352789,0.008766840623900925,1.5441502380460562e-05,1
0.006073365215946462,0.9097487218884429,0.057350068911836895,3.883713951856934e-07,0.006528517416050493,0.02027792087043331,2.1017325894728523e-05,1
0.0025795673603669447,0.13901343874216196,0.0022407939824982646,9.173217230051616e-08,0.000601614205245135,0.855559127151906,5.3668256494752086e-06,5
0.006117781679535529,0.2899428088237803,0.0012183277934446472,1.0348387869538182e-07,0.005492305361184496,0.6972243697800401,4.303078136157272e-06,5
0.00749913663075982,0.681803750377252,0.001698070441666486,1.44522739121935e-07,0.0028112528486326006,0.30617509660618786,1.2548572762024093e-05,1
0.015309408195591769,0.8943195184781885,0.0011130547667900868,7.865097947364908e-08,0.08429073988461264,0.00495855159514269,8.64842869506629e-06,1
0.022776956790162298,0.865298946083931,0.0014421442245382329,1.6566446921087836e-07,0.105334182185693,0.0051436405207019595,3.964530504543706e-06,1
0.000568155029300601,0.0047955022726681945,0.7604606929231583,0.12039016874306804,6.80796773446729e-05,0.11371420829636691,3.1930580932145855e-06,2
0.0001366574989460186,0.0005286132640154236,0.9816532483096558,0.0002913470406065934,1.0219809448821879e-05,0.017374368893186238,5.5451841412605616e-06,2
0.0001442259592997592,0.00068379905572362,0.9260493770987962,0.014838657396532224,3.255674048244843e-05,0.05824608600420373,5.2977449619667924e-06,2
0.00017152808519735067,0.000731675660822902,0.9521623834148114,0.011598167594040108,3.583897636686333e-05,0.03529347470668098,6.931562080279837e-06,2
0.00032140966226340545,0.0008984693246280798,0.9463218291906388,0.000367289750728255,5.386116139197602e-05,0.052032281095591056,4.859814758467341e-06,2
0.0003235330277532567,0.0009479059736662841,0.9515284751624634,0.0003665856476806754,5.1338265997587484e-05,0.04677542407246688,6.737849971732444e-06,2
0.0003147051289960138,0.0009850595390573078,0.9538222221585659,0.00021434586830348018,5.1641377957308336e-05,0.0446076553900476,4.370537072107712e-06,2
0.00017149849706384778,0.0007089268841084,0.968420400890358,0.0004046585329302447,4.667353665284239e-05,0.030246582563941925,1.25909494476219e-06,2
8.387267481783171e-05,0.00028304817365017116,0.9904114734698669,0.00024251506509174358,1.8744934519475166e-05,0.008957592219396132,2.7534626577552768e-06,2
0.00023590944610901585,0.0006335707655550415,0.9808624200096142,0.001105401949039746,3.5555851369236694e-05,0.01712578823350464,1.353744807960939e-06,2
0.7201237597291127,0.011524875151190161,1.0914345537282378e-05,1.5428266340590526e-07,1.2215866988929785e-05,5.424580300307433e-06,0.2683226560442072,0
0.6820516207353385,0.009439577743808535,1.0211816205887753e-05,1.4115606341152348e-07,1.1836243864497606e-05,4.963048886682553e-06,0.3084816492558326,0
0.8085885296224329,0.010365158938611308,1.6209911873399754e-05,1.7440616222629847e-07,1.4624337188855582e-05,6.132122760779286e-06,0.1810091706609705,0
0.9396393464386527,0.009489595708848903,1.9602817952813503e-05,2.1091121744969373e-07,1.666973885282243e-05,7.566973138516052e-06,0.05082700741133675,0
0.9475051395809321,0.006800042270985797,1.9043782759410245e-05,2.0835998230155374e-07,1.646809749782063e-05,7.475441127703881e-06,0.04565162246671485,0
0.9464501282870524,0.005933340670350529,2.446707574386504e-05,2.1563911376744317e-07,1.5510367364993706e-05,9.978216998342253e-06,0.047566359743376176,0
0.9135038982342074,0.0040303553055821804,1.4916580170355523e-05,2.137146460373085e-07,1.7096691201111775e-05,9.822239928958945e-06,0.0824236972342642,0
0.844920971090862,0.0036508688965838274,1.4029909593608635e-05,1.9766963952231197e-07,1.4509122438675497e-05,9.084817826289888e-06,0.15139033849305597,6
0.47987416142081807,0.0013154867406057747,7.5992123943511645e-06,9.86591433247851e-08,7.807006444292823e-06,4.3431484178400845e-06,0.5187905038121763,6
0.44243825439437096,0.0017459762009734352,7.548669118698073e-06,9.8002949496005e-08,7.75508110542051e-06,4.314261615327714e-06,0.5557960533898667,6
0.20783623743130397,0.0005361774184348751,3.4483581838662076e-06,4.476938485758684e-08,3.5018948259290804e-06,1.9708267927262173e-06,0.7916186193010738,6
0.06543513493558063,0.0002714323746497292,9.781991797361143e-07,1.7264506122094774e-08,1.0156756681924388e-06,6.112830388941237e-07,0.9342908102673768,6
0.08735058436280613,0.00037964962077243104,2.2199573904425626e-06,1.942210686197345e-08,1.3955247679922853e-06,8.549951869236436e-07,0.9122652761169692,6
0.2244738605266472,0.002143377748063574,7.562375378369102e-06,6.478901292881319e-08,5.128812079955367e-06,2.871559684671508e-06,0.7733671341891334,6
0.39079268697617625,0.006153999165846727,5.160424919104317e-06,8.04662728583925e-08,3.792004477897452e-06,3.161430731072409e-06,0.6030411195315761,6
0.5946156416488517,0.008790256055288496,7.648455855531744e-06,1.1926202695792887e-07,5.320323607518391e-06,4.932159597984399e-06,0.3965760820947716,0
0.8194208372634534,0.14694575418635078,1.7523733082600285e-05,2.21577936874461e-07,1.3823385881456972e-05,1.0337324472768586e-05,0.03359150252882203,0
0.7860333654234422,0.20152071060614388,1.5296817254083866e-05,1.8307668937674252e-07,1.4168218158529523e-05,9.86425828473293e-06,0.012406411600027254,0
0.6942658283081296,0.29733613210049215,1.475131817449477e-05,2.300166385243877e-07,1.3344301404951776e-05,9.512489434666138e-06,0.00836020146572568,0
0.7022139843841966,0.2959029436858039,1.4813646636739114e-05,2.3098852342309637e-07,1.4609405850099811e-05,9.552682374142113e-06,0.0018438652066151623,0
0.7105705716200693,0.28772438734206485,1.238772455556065e-05,2.072803466003856e-07,1.4163410821738676e-05,9.397357397246633e-06,0.0016688852647447742,0
0.762829776673472,0.22838579339614876,1.8667877005174265e-05,2.853546611685004e-07,1.766399459489962e-05,1.4643912276747592e-05,0.008733168791841406,0
0.7348548676807761,0.26293824739937915,1.734027814533055e-05,2.2594733225659017e-07,1.3285681630999957e-05,1.2184780985838531e-05,0.0021638482317502695,0
0.6197666276771492,0.3792223648295951,1.6818052550895473e-05,2.2255918762058742e-07,1.2495607368133978e-05,1.1420647801243836e-05,0.0009700506263477958,0
0.5765320809878715,0.42342690192962573,1.484167507612559e-05,3.272157060189086e-07,1.1353753230659046e-05,9.788322336945552e-06,4.706116153076582e-06,0
0.3819292688239226,0.6180145054426425,2.117537345285757e-05,7.313057265311568e-08,1.5650489572189928e-05,1.545269724036047e-05,3.874042596728256e-06,0
0.1239020817462575,0.8760551930467726,1.138528993757539e-05,1.3595824517165959e-07,1.9147332817821007e-05,7.902650362479969e-06,4.153975606960491e-06,1
0.16637212951923888,0.8335656641835648,8.687111277897887e-06,1.3662244718489353e-07,2.485608785169359e-05,8.248073150703971e-06,2.0278402468984038e-05,1
0.1677828493993601,0.8198129839322255,2.2021656521921603e-05,1.9298804017647542e-07,0.012356503528323537,1.3397125715734029e-05,1.2051369813281345e-05,1
0.07010852869288808,0.8811500203202065,4.605972923721639e-05,2.426166850023833e-07,0.04863089625178745,5.518416666867203e-05,9.068222527069358e-06,1
0.15482916328763494,0.7883801385262879,3.433886054693835e-05,2.4610276655812535e-07,0.05666514169801468,8.676307369930467e-05,4.20845104963779e-06,1
0.17427224498025568,0.7672689846894182,3.31577318394849e-05,2.663558833070317e-07,0.05832128166242611,9.950979311662058e-05,4.554787060534446e-06,1
0.21078494092690034,0.7394900517149697,3.143406278293688e-05,2.388972909150792e-07,0.04960400992915353,8.523923423118301e-05,4.085234671548212e-06,1
0.007908832401246407,0.04767294485380936,3.371840049262253e-06,1.8627989173695736e-08,0.9444086609741279,5.805087074617292e-06,3.6621570327076285e-07,4
0.006304738734553876,0.042378903836111245,3.3345615945116664e-06,1.6588609179320142e-08,0.9513075106065195,5.169549962415168e-06,3.2612264910841607e-07,4
0.002026929151950155,0.037639771630640806,4.058212894164644e-06,2.43563465520909e-08,0.9603234062465034,4.366314563336655e-06,1.4440871016059131e-06,4
0.002327047964903192,0.03892068445075098,4.737145065679665e-06,2.930352123669849e-08,0.9587416600134414,4.350506708100218e-06,1.49061560946049e-06,4
0.02660398427624599,0.9100001938563341,0.0426079336027955,1.4341273296652443e-06,0.006206603194449057,0.01454367751970495,3.617342314061265e-05,1
0.01586507530286552,0.9261777912329233,0.04942012120994665,6.107075360325857e-07,0.003453117194076633,0.005059066641136006,2.4217711515635098e-05,1
0.005956189445951099,0.9709051680919356,0.016802507709350604,8.767712611664437e-08,0.0012972707536315958,0.005022860864605193,1.5915457399756365e-05,1
0.006733633356434318,0.9815042891602862,0.007209182770037899,7.752235525279616e-08,0.0017584742680047721,0.002780270794868202,1.4072128013334083e-05,1
0.05113355508404189,0.934031943723014,0.0003983708592894757,7.015002286576384e-08,0.013862410127804009,0.0005654348566725268,8.215199155174506e-06,1
0.03985761985267198,0.9338671412547505,0.0004747786998764258,1.0258410679760351e-07,0.024955233449972164,0.000842637047422508,2.4871111997532244e-06,1
0.04775825665960238,0.9481081861153642,1.2742864829215463e-05,9.665903096018425e-08,0.004103656766564564,1.0950736157366841e-05,6.110198451039869e-06,1
0.04414717519728446,0.9521695222230134,1.3020576973294641e-05,8.600417706783682e-51,0.0036555440777823623,9.544901503590681e-06,5.193023442762351e-06,1
0.06237518052754542,0.9299141767131244,1.845440473183328e-05,1.5301749569672988e-07,0.007672379562807243,1.504172260347791e-05,4.6140516920541924e-06,1
0.07242154208376891,0.9262905125057237,2.5418197176152927e-05,1.40334862532872e-07,0.0012411243096017237,1.0824710103288921e-05,1.0437858763475133e-05,1
0.09745074733200851,0.9024484884766706,2.458995028001779e-05,1.595015040502957e-07,5.2188337539410765e-05,1.1962962351742993e-05,1.1863439645646631e-05,1
0.10057667480128855,0.899345567081183,2.307928446866261e-05,1.6377856343032405e-07,3.003691828346566e-05,1.2290190604032977e-05,1.2187945608906394e-05,1
0.09901368033970727,0.9009075066083746,2.289132386543112e-05,1.5550192333302881e-07,3.920070488640558e-05,1.1967605866786336e-05,4.597915376257572e-06,1
0.11727156311620611,0.8826637549483092,2.3560193331555048e-05,1.522731196381729e-07,2.549364079585507e-05,1.0757282177348364e-05,4.718546060157348e-06,1
0.08896459288723671,0.9109676921467037,2.438885932706248e-05,1.576289142404602e-07,2.448641819262182e-05,1.3797551486537608e-05,4.884508139214272e-06,1
0.09995336326820052,0.8999795387536466,2.3548292231059693e-05,1.617257111406552e-07,2.424398121460438e-05,1.4132521826441034e-05,5.011457169473936e-06,1
0.13792887177953098,0.8611922667446806,2.0903978187766535e-05,2.0235397411919657e-07,0.0008389561333804012,1.3368050929716138e-05,5.43095931653897e-06,1
0.15263095888749592,0.8457330263759006,1.657348175474556e-05,1.623895203144138e-07,0.001595686435911548,9.75291028418032e-06,1.3839519132587137e-05,1
0.14141716459292647,0.8568265565457882,1.6360379307669915e-05,1.6030150980035674e-07,0.0017123409646567396,1.0459844639164916e-05,1.6957371171879873e-05,1
0.7383403603006706,0.2602738372634038,0.0001352651505707806,1.7156796302064014e-07,0.0010889261670055663,0.00015476168901671668,6.677861369340564e-06,0
0.6102460627855683,0.38440152168288505,0.00045641420384890134,3.206260588533575e-07,0.004129518541789753,0.0007494084788432952,1.6753681005922854e-05,0
0.2173022802786087,0.7797380299117443,2.3702951646278887e-05,1.7954065813364767e-07,0.002917140154736046,1.137079300964158e-05,7.296369596888573e-06,1
0.11404800994974106,0.8817402128391099,7.964240414704013e-05,1.7216684801374114e-07,0.0040616859161936095,6.565595408776731e-05,4.620769872642069e-06,1
0.08360443631361368,0.9080271405356284,0.00012782497608163936,1.685620796302856e-07,0.007968405745003366,0.0002674998457609169,4.524021832375951e-06,1
0.1301582023169067,0.8563459553301618,0.00010867215956965223,1.6940192654606742e-07,0.013022691439315372,0.00035509991533214715,9.209436787859243e-06,1
0.17444831807726718,0.8121670069455572,0.00013993420063840328,2.0335156405437686e-07,0.012665202855498886,0.0005757093488521098,3.6252206220037143e-06,1
0.7909576262771276,0.2007370637330077,0.0001997377447886534,1.4378287752713784e-07,0.007390117952422603,0.0007127472413046715,2.5632684711637236e-06,0
0.10977498722398626,0.8243065367673602,0.0004668940372292645,1.8543213977122023e-07,0.05698250299906645,0.008451777895646776,1.7115644571174333e-05,1
0.11743934690356155,0.8364934018495742,0.00032341976276722696,1.7326071804869022e-07,0.03603337808073477,0.00969023451311088,2.0045629533402765e-05,1
0.08214290191664957,0.8538622887636209,0.0003927768694109635,1.7560251455667548e-07,0.0574560383220872,0.006128047865365973,1.7770660350810848e-05,1
0.02244522408497592,0.9129030912681348,0.0008299100823411928,1.9427099974183768e-07,0.05299026230308174,0.010811032946580455,2.0285043886163488e-05,1
0.03513643482081702,0.9282724999583246,0.001626829793779958,1.986778695469267e-07,0.0029997723010351247,0.03194529720414873,1.8967244024919964e-05,1
0.025216645609749313,0.9206984124508356,0.011263888794284306,2.0442676613436138e-07,0.01057718292912813,0.03223003027271973,1.3635516516683004e-05,1
0.06367836806644983,0.8930132405033707,0.013961861309924212,2.2933779319413045e-07,0.005130124579644487,0.024208010254539798,8.165948277855705e-06,1
0.013536676624795886,0.4943494145402799,0.0010563945265594048,1.4521445239472176e-07,0.007088236682692809,0.48395960608036337,9.526330856213964e-06,5
0.0060644003163963225,0.3108550188855342,0.0013144697496439229,9.434896264664818e-08,0.0010280835054297208,0.6807300017869002,7.931407132996952e-06,5
0.0029975245401535973,0.12219999462424641,0.0003640882264824129,1.6774122959612802e-08,0.0007957073805303055,0.8736403236594612,2.344795003150473e-06,5
0.008713884808031208,0.1595862712769638,0.0005633479835531617,1.7501701773909097e-08,0.0012423833664905741,0.8298872230203264,6.8720429331140015e-06,5
0.02789106575735415,0.2300524458876671,0.00028313431795819514,2.7483059349689566e-08,0.0019160794905983076,0.7398464558405308,1.0791222832167037e-05,5
0.10204493186165974,0.8896208173514148,0.0008747093775980175,8.62057457144585e-08,0.0014129723638744254,0.006019266630012159,2.721620969520466e-05,1
0.060456513739281834,0.929281212882948,0.002275010184858674,9.336843527840505e-08,0.001327755179004243,0.0066240926445207925,3.5322000951359595e-05,1
0.005993653343336286,0.9762254847197784,0.0044597943110937874,9.499784692745886e-08,0.004930274909103516,0.00837981402755697,1.088369128406672e-05,1
0.006079564916710398,0.9383288004028936,0.01746710883685243,1.9241309942586213e-07,0.0064676629485595225,0.03164536922238559,1.1301259498876706e-05,1
0.021744419211420025,0.6236796679683334,0.001323512011315525,2.562545078074131e-07,0.003182098841412754,0.35004954401704685,2.0501695963681355e-05,5
0.11454354921564007,0.5105407522050524,0.012275151002170965,3.7739861254582943e-07,0.005191407971748147,0.3574352459029744,1.3516303801398005e-05,5
0.023118325867335143,0.9579299893057466,0.002122711667856696,1.7075436260114798e-07,0.0031397229476320685,0.013676270500147511,1.2808956919401579e-05,1
0.10967899342998498,0.83971409424828,0.000822174809825429,1.6974074056949076e-07,0.04619451755797407,0.0035847282059067323,5.322007288190173e-06,1
0.036420515194591406,0.9362612084489201,0.0010490676371914115,2.1617467841412215e-07,0.020143168757156316,0.00609783032892253,2.7993458539638396e-05,1
0.0051707985057340864,0.951734488194308,0.022330594774102448,2.205840489757313e-07,0.0061883064850771835,0.014560878229592018,1.4713227137529081e-05,1
0.0070859787406033405,0.9193050835414981,0.04306954565511249,1.3962880383650641e-59,0.006489538650416528,0.0240289615712318,2.089184113791541e-05,1
0.008876945824079583,0.8638467156750759,0.062291129370890194,1.2899363131634745e-08,0.00825064428165867,0.0567161638340244,1.8388114908202854e-05,1
0.0024105504476329615,0.13905713701931918,0.0026043985124001795,8.64188667283104e-08,0.00039118708828298756,0.8555312720008098,5.3685126880580055e-06,5
0.0023658868460995973,0.12704083825037726,0.0017036971294352161,4.9508962782055466e-08,0.00033832202322125874,0.8685464797538425,4.726488061550951e-06,5
0.01777909032233991,0.249809656704439,0.000974301620469243,9.285334965925527e-08,0.0072527242469004995,0.7241797101228611,4.424129640472474e-06,5
0.0024877928977386603,0.16486726648353803,0.0008879895236907987,3.9498163316958355e-08,0.0011394528398705117,0.8306130640255148,4.394731483862175e-06,5
0.003850433997696739,0.2363614578555143,0.000574931704395453,5.513083405443255e-08,0.001737951532872154,0.7574690356906234,6.1340880639523715e-06,5
0.011355523523687482,0.9517692992038986,0.0015484948166178006,9.124264778638107e-08,0.00676919913697142,0.028546501202316246,1.0890873860646082e-05,1
0.0005605273178506725,0.0056232309250860415,0.9480973942127104,0.00016619999569814388,8.331305868602214e-05,0.0454498813531402,1.9453136828595632e-05,2
3.607140362423236e-08,1.6995317014577532e-07,8.035673667412234e-05,0.9998983485438607,1.1154141224128548e-08,2.1077207018738427e-05,3.3373147350326176e-10,2
0.0002308163439991526,0.0007759939172589527,0.689363320180013,0.15274140541478326,3.935772352932266e-05,0.15684752326577572,1.5831546406836699e-06,2
0.00014611546838350027,0.000408189997102008,0.9871205716249059,0.00027038469416530947,2.5212404909281257e-05,0.012026274311787679,3.2514987463840397e-06,2
0.7050456784825477,0.009359040562500878,7.055942732502161e-06,1.640491373677683e-07,8.469591999530914e-06,4.639207756340492e-06,0.2855749521633256,0
0.6767654194212015,0.009410851231901657,5.9003132512182685e-06,1.5061942127679615e-07,8.516478774742196e-06,4.664889925120518e-06,0.3138044970455244,0
0.6318654435537256,0.008675787239803064,5.508857194233526e-06,1.4062658153287843e-07,7.95145331615888e-06,4.355397981454903e-06,0.359440812871398,0
0.6315892644247807,0.009103100967332163,8.880027873897041e-06,1.405004879430318e-07,1.0554027550079552e-05,4.353494300801058e-06,0.35928370655767444,0
0.9400200597543611,0.00908844220108029,1.9610760419088815e-05,2.1099667226724657e-07,1.6676492924557194e-05,7.398823993574219e-06,0.05084760097054907,0
0.7223593228270737,0.002355666308198464,1.1994773878413216e-05,1.6899628703079465e-07,1.2404473575895701e-05,7.767001977159312e-06,0.2752526756190093,6
0.4519674092333505,0.001402797282424794,7.421316191570211e-06,9.634955042800704e-08,7.6242458199735814e-06,4.241476090294379e-06,0.5466104100965724,6
0.838829479232168,0.11111893680455293,1.6761786913055728e-05,2.195937341530736e-07,9.261364090711842e-06,9.081443366230753e-06,0.05001625977517481,0
0.756727714319916,0.177337369993962,1.734430266040395e-05,2.193091381786937e-07,1.550400626126893e-05,1.023147770565644e-05,0.06589161659035656,0
0.7722488745153409,0.15251320739200688,1.6587140588141012e-05,2.1448369882118046e-07,1.5720640643083903e-05,1.0006355416560735e-05,0.07519538947230561,0
0.7060115644982192,0.28832051197065245,1.4893758983025086e-05,2.3223771162302699e-07,1.4688413660208688e-05,1.086418466409911e-05,0.005627244936109434,0
0.7435106027011459,0.25278887338694295,1.4682585134676443e-05,2.4574182283526085e-07,1.266242992106461e-05,9.28309458666318e-06,0.0036636500604459105,0
0.7709609871833426,0.22302652231642714,1.3600945592169644e-05,2.583983745759237e-07,2.1956089450893972e-05,9.872132601401178e-06,0.005966802934211183,0
0.7932998957438165,0.19856344183411107,1.5972092113106184e-05,2.2380262616757727e-07,2.630510529214451e-05,1.2066850698814997e-05,0.008082094571342012,0
0.792748681787365,0.1991631820748672,1.5973607271151836e-05,2.3240016359858585e-07,1.5114611716183275e-05,1.2530407370754014e-05,0.008044285111246177,0
0.6969577569085147,0.29614663778594547,1.5833226693818935e-05,1.7149670043832612e-07,1.4214852980779027e-05,1.2326420051119022e-05,0.006853059309113711,0
0.7199339146705759,0.2767153295916657,1.8204141680124827e-05,2.3778621457369448e-07,1.407136887131309e-05,1.2823222638193226e-05,0.0033054192183540223,0
0.5954864938921332,0.4044581608537775,1.390131055056953e-05,1.8396091780742612e-07,1.069393066656395e-05,9.168136876533595e-06,2.1397915077866544e-05,0
0.708666958669109,0.29129702109951594,1.2297719401444944e-05,2.994899161419335e-07,1.1327733946263384e-05,9.093311281498207e-06,3.001976829892386e-06,0
0.14608318116571262,0.8538673260343713,1.1986950355935735e-05,1.499055975991216e-07,2.1111572636589468e-05,8.713348158537534e-06,7.531023167484454e-06,1
0.20363545619075163,0.7806473412069774,1.268131575326358e-05,1.9943941504965462e-07,0.015664964042300538,1.436953213824452e-05,2.4988272663714054e-05,1
0.14205925383375195,0.8161737844182826,1.9412511630300185e-05,2.5935205395339666e-07,0.04172212609468855,1.3247244901875349e-05,1.1916544690784719e-05,1
0.12388019890371237,0.8279844628182296,4.824368992134095e-05,2.5711500150211725e-07,0.04801634288004471,6.0884470651266334e-05,9.610122439213395e-06,1
0.1464244335406814,0.6538124247528675,5.3007238908570264e-05,2.7985434921086637e-07,0.19962613791451167,7.922978379199991e-05,4.486914889525674e-06,1
0.19994563488910333,0.7487794863563705,3.2306169158923514e-05,2.595152848285154e-07,0.051133412964304174,0.00010446229555741965,4.437810220941448e-06,1
0.2995088675649692,0.6878343615274172,3.580716706553478e-05,2.5757564017422146e-07,0.012516695678819474,9.960584453010113e-05,4.404641558534885e-06,1
0.30085611351212305,0.6794992941503983,3.799816384009681e-05,2.5445437953995567e-07,0.01950335846770641,9.8629984740073e-05,4.351266812788714e-06,1
0.26775465905674495,0.689715891381028,3.7825926723223914e-05,2.4749160189481803e-07,0.04239961801486711,8.752592837210952e-05,4.232200662907977e-06,1
0.1896522386051968,0.7483167427162242,3.209127925203384e-05,2.438921029155586e-07,0.061907491461977215,8.702139738765401e-05,4.170647859299584e-06,1
0.0017320212179399474,0.03736388613728364,2.7853486569029152e-06,1.3245099520486816e-08,0.9608951148938318,4.837055949885825e-06,1.3421012383252088e-06,4
0.003194348756234318,0.05285704413598378,3.459843954768843e-06,3.9786024216507244e-08,0.9439339585052227,5.5061233102955245e-06,5.642849269764129e-06,4
0.009734671264238602,0.9544133845307082,0.028787299136776367,4.2990104675221585e-07,0.0029295289223520596,0.004114072409049823,2.061383582809241e-05,1
0.00788801030034944,0.9694269264861225,0.016595627749067973,2.3804583883869492e-07,0.0017638211396999498,0.004305097389165626,2.027888975567066e-05,1
0.01692403023779867,0.9365340269582233,0.0016003596351194297,9.244063295348453e-08,0.0028722999393973217,0.042052410643071754,1.6780145756834975e-05,1
0.012035241431280739,0.9781491799051398,0.0027956584159982488,7.691827108553583e-08,0.004315987032461072,0.0026898938242979195,1.3962472550664026e-05,1
0.016467995094824887,0.977573219291292,0.00035523200213112186,6.036359852038713e-08,0.004578941306224624,0.0009628970080251489,6.165493390371765e-05,1
0.06809770941267833,0.9235677108464951,0.00031906070580037173,1.5186847885146662e-07,0.007459202946836411,0.0005432266940856738,1.2937525625378319e-05,1
0.04477884663475973,0.9409617658816941,0.00027709716709826005,6.981324123012616e-08,0.013459309551325876,0.0005102382091036545,1.2672742777389688e-05,1
0.03693940115255295,0.9366237420007009,0.00031114510831958456,7.968791206861114e-94,0.0256697578489663,0.0004536241864188769,2.3297030414906928e-06,1
0.04683748433756225,0.9333318136876317,9.172704047830286e-05,9.90203293542846e-08,0.019450131378973196,0.0002824850695926609,6.2594654325805826e-06,1
0.05977256173122133,0.9322627826962292,2.211423384335015e-05,1.5140427720055064e-07,0.007921020180054247,1.680434727380351e-05,4.565407100806265e-06,1
0.08919990140338449,0.9042504264859847,2.3022651758420902e-05,1.5379431362971e-07,0.006503069594863698,1.1987120774194037e-05,1.143894892059691e-05,1
0.10052424728050134,0.8925291968254843,2.4417731844732013e-05,1.6311363038713852e-07,0.006897129453253863,1.2713492074066893e-05,1.2132103211201931e-05,1
0.11416380372082913,0.8838976802886926,2.5702407360697175e-05,1.689266304104247e-07,0.0018858945575237634,1.4179048514537122e-05,1.2571050448943455e-05,1
0.09915159970889746,0.899274152047515,2.3509656034382984e-05,1.575311117805617e-07,0.001528122788926962,1.0741382159348947e-05,1.1716885355081026e-05,1
0.09491885161064509,0.9048578870411205,2.2706735170763248e-05,1.5424800297372033e-07,0.00017841015071383477,1.0517520815602889e-05,1.1472693531236083e-05,1
0.100518089991793,0.8994017504436298,2.368133777833318e-05,1.6263944558626912e-07,3.820821632032305e-05,1.3067599620806863e-05,5.0397714121887796e-06,1
0.1273559283172291,0.8723076811996039,2.5872975713556316e-05,1.8350030117168662e-07,0.0002920064985726906,1.340256122167649e-05,4.924947358083718e-06,1
0.16033866183873918,0.8377274441344416,1.8361240828751495e-05,1.7990625836388478e-07,0.0018918940705860102,1.0804943533229915e-05,1.2653865612971024e-05,0
0.19520721042711323,0.8020432251230535,2.071930680025331e-05,2.1837127146594668e-07,0.0026945454430132806,1.2920226111856342e-05,2.1161102636232446e-05,0
0.8253636244409654,0.172878348356958,9.197134128587409e-05,1.3843879839904945e-07,0.001609390663380929,5.051866711531392e-05,6.008091496194152e-06,0
0.8250280752325055,0.17334173310768855,8.469274557904499e-05,1.2556422079445812e-07,0.0014915494543835557,4.81411634367437e-05,5.682732185731825e-06,0
0.6656418388500677,0.3328470737178734,0.00019071463199961245,2.5743224356781736e-07,0.0010563281232098128,0.00025213648544129233,1.1650759164608754e-05,0
0.13220327824624228,0.8631193955324983,1.9000365456070077e-05,1.685108754194457e-07,0.0046432222881301645,1.0412409230358413e-05,4.522647567367727e-06,1
0.10820126283600026,0.885582720654449,2.0549033084823424e-05,1.7117082597056044e-07,0.00618019420486315,1.0508063046359772e-05,4.594037730521133e-06,1
0.09666724246932087,0.8982867148811631,0.00011793690771844997,1.753976852385293e-07,0.0047680045671097526,0.0001552182949927907,4.707482009641406e-06,1
0.09596738463930406,0.8954911431639501,0.0001227949924611046,1.7242652889849101e-07,0.008151089180195812,0.0002627878581366034,4.6277394235317894e-06,1
0.1254079970506169,0.8683710491989736,0.00011809500704994239,1.7178072457225607e-07,0.005762118284222358,0.00033537789845283794,5.1907799597903226e-06,1
0.8197289290821244,0.17084036345440576,0.00019722073568007452,1.3468555680634394e-07,0.008461534854463128,0.0007694161004689626,2.401087300660482e-06,0
0.2509275408465635,0.7382400462841073,0.00018010307889599887,1.7129447345821644e-07,0.01000069171697324,0.0006404206728626418,1.1026106124028213e-05,1
0.40303494999947104,0.5670017948858079,0.001004661680466378,2.9987245114463304e-07,0.021514414786177927,0.00743677400656872,7.104769056884078e-06,0
0.06869455759111455,0.8757777170035107,0.00035827329691102706,1.7960338858127281e-07,0.043279660661408655,0.011871089474830026,1.85223688366302e-05,1
0.031003600097396434,0.923738292822027,0.0007810350005416425,1.9642804715467293e-07,0.031213671068994413,0.013242694308365287,2.0510274628230213e-05,1
0.07465603900983225,0.8471461380943279,0.000613723702952356,2.062088687118251e-07,0.05671463693164221,0.020852924973267413,1.633107910903781e-05,1
0.05595196771483244,0.8697308239973144,0.003020090937111942,3.098931799271965e-07,0.04288888212389885,0.02838646218547721,2.146314818505271e-05,1
0.29649058413809026,0.5825861188251111,0.00429521016964147,4.286594973806312e-07,0.020232250783368648,0.09638640266347198,9.004760819277495e-06,0
0.06943331214565647,0.8870307636649087,0.0033009418222433528,2.084935368478287e-07,0.004702914912334251,0.03551195464183061,1.9904319489782755e-05,1
0.039015208353604086,0.930193800299495,0.0014245369252150052,1.990890848512265e-07,0.0033849451231803217,0.025962303707772198,1.9006501648535632e-05,1
0.02460770525421801,0.9094088027207796,0.001169811218319085,2.0192008384098053e-07,0.03637838769314827,0.028428557835861255,6.533357589775915e-06,1
0.025879232426309635,0.953864777742084,0.007783914380309386,1.977261497170203e-07,0.002543959573090065,0.009911897196396116,1.602095566099814e-05,1
0.06685095986544272,0.8955659594217041,0.007198773245550445,2.5618997246958985e-07,0.005235322988608788,0.02514024787411185,8.480414609621624e-06,1
0.013394241782463415,0.5108826246164418,0.0012930195009079653,1.4470714126694189e-07,0.0098727466328268,0.46455048311045,6.739649768621893e-06,1
0.005409131739075008,0.4083463410630789,0.0025550134402821936,8.811681735192277e-08,0.001076788385890898,0.5826068566321817,5.780622673900627e-06,5
0.014305169987068989,0.16717139445550122,0.0001283876468678477,1.7029658806023484e-08,0.001220875216489011,0.817167468969145,6.686695269013098e-06,5
0.0740792343101197,0.9146362979716761,0.001385304583179517,8.862978764245146e-08,0.0040955371723004445,0.005788323231379121,1.521410155752478e-05,1
0.08120073735641702,0.9111187955382589,0.0010666873928478274,9.764683070744212e-08,0.0018989702044798311,0.004699855760984754,1.485610018076556e-05,1
0.018458809082046918,0.9654739924243516,0.006708037257265414,1.1658370756556904e-07,0.005596569680747762,0.003724956871434992,3.751810044565492e-05,1
0.012431911756785867,0.9733229909180016,0.0043386589532260315,1.1753149627064694e-07,0.006113258135932449,0.0037552395938099245,3.782311074753069e-05,1
0.007455210326140906,0.9401345320792577,0.011936039589719692,2.0116341381618253e-07,0.006591447271174937,0.03387075436671302,1.1815203580214414e-05,1
0.010512353686388948,0.8938405848716493,0.0013940356113282379,2.31681302041481e-07,0.002394600341602581,0.09183337650440779,2.4817303321076775e-05,1
0.13559187379954185,0.5679258204445811,0.009114543819856625,4.0547554740770247e-07,0.010147074820901627,0.27720829668866637,1.1984950905061817e-05,5
0.10443735720411967,0.37780011959588655,0.004793196397607588,2.9660235087070307e-07,0.12087448932889984,0.39208992833983813,4.612531297228408e-06,5
0.01189273653145212,0.9702897373018661,0.0029425280394898105,1.5822881922266163e-07,0.003735819018157426,0.011127151513611868,1.1869366603329334e-05,1
0.04150577309462596,0.8722158437620552,0.010650465631091207,1.8687999351775425e-07,0.05779632613056159,0.01782802554306985,3.3789586025957383e-06,1
0.043598318184124435,0.8592477513731499,0.012424854960860893,1.8847093048230072e-07,0.06321419963995595,0.02151127964680241,3.407724175845992e-06,1
0.05513619085086307,0.9267176356261229,0.0008851671589904861,1.5969274599967395e-07,0.011899463703446436,0.005338242150268117,2.314081756300862e-05,1
0.025455466783166004,0.9136480658718841,0.0008577751345002398,1.6128622176945263e-07,0.05624690861735012,0.003785299058598431,6.323248279379052e-06,1
0.015950862962170412,0.9496448310657629,0.0022869839553455373,2.0398812354383328e-07,0.016539017588807325,0.015564494181273345,1.3606258516856627e-05,1
0.011328116720097368,0.9506521410900883,0.0046299727520651545,9.77172349904092e-08,0.016051950228044166,0.017325007696279666,1.271379619029834e-05,1
0.010476246628537678,0.9599609990422041,0.00635886420394713,9.867408957546927e-08,0.011895426171133986,0.011293397069851467,1.4968210236240764e-05,1
0.012428573077994528,0.8979849730672643,0.04793471001211237,2.4276313238268647e-85,0.008599096389801442,0.0330334827467602,1.9164706067123427e-05,1
0.0023501386739430506,0.12442837076001208,0.003077918703374254,5.021870318872324e-08,0.00034317207050265226,0.8697955553283876,4.794245077057069e-06,5
0.0030255853177943433,0.15013477799205713,0.0012065640210194384,4.750102766535839e-08,0.0007581937652143482,0.8448702966070126,4.534795874436956e-06,5
0.05042141542927623,0.5364543164710726,0.002116705587308214,2.2522072230369204e-07,0.013827983241814458,0.3971607523335546,1.8601716251776334e-05,5
0.0030570144730730966,0.19199442843737097,0.0006034332846633595,4.4782313790037266e-08,0.0013400156596213848,0.8030000806947065,4.982668251026611e-06,5
0.0036284946962356376,0.2282140749713301,0.00033932448098109025,5.198106381387914e-08,0.0015828832410370666,0.7662293869979496,5.783631402663804e-06,5
0.03056279501605619,0.9245558504057693,0.0005522063553341284,1.6234941641154183e-07,0.03607574985815554,0.008249350817574604,3.885197694015619e-06,1
0.00027127473921022537,0.0007379204955876445,0.8518321355476982,0.0045253702626795456,4.883533804877831e-05,0.14258058550802297,3.878108752616967e-06,2
0.00015903825881809775,0.0005994993951169033,0.9770913464575298,0.0006198019123328815,3.40170499172742e-05,0.021491194413726728,5.102512558119259e-06,2
0.0001423934556727254,0.00047804746687954116,0.9833873061235873,0.0006119032896344672,2.2399579831743556e-05,0.015353881284287182,4.068800107219966e-06,2
0.00011632333453987367,0.0003276292445477883,0.9858226413897353,0.000263783720383452,1.687807671312741e-05,0.013449793318267013,2.950915813478708e-06,2
0.00012955893330579183,0.0003716179196470178,0.9832839260766575,0.00014813019822948196,1.9050003941609553e-05,0.01604400616745342,3.710700765119381e-06,2
0.6785583333941887,0.00833534965458336,6.191414406408516e-06,1.5714743015888832e-07,8.885592190624316e-06,4.867071307886595e-06,0.31308621572589296,0
0.7035503492099653,0.008189141850121534,6.4194506991661185e-06,1.6293533499574199e-07,9.050145214458796e-06,5.046330653939828e-06,0.28823983007801063,0
0.7357558363914234,0.008262415206975312,1.1063026562637996e-05,1.4328098143782223e-07,1.1997174670398329e-05,5.037761030035318e-06,0.2559535071583569,0
0.7781396454147391,0.009628166547474734,1.5564469651117606e-05,1.6746170121958767e-07,1.404202898333918e-05,5.887955428289389e-06,0.21219652612202233,0
0.9336355193881738,0.009026714235281645,1.9477565717328922e-05,2.1360154982441623e-07,1.6563227530762196e-05,7.348571778252736e-06,0.057294163409968527,0
0.9415476038862133,0.005759500193445642,2.3750216835520857e-05,2.0932112050540009e-07,1.623131175206823e-05,9.685866011263358e-06,0.052643019204621624,0
0.9637646268753126,0.0032900338055181916,1.4679069280674623e-05,2.689357200035317e-07,1.6824467253571464e-05,9.665844232522938e-06,0.03290390100268241,0
0.23817261415548158,0.0007305776631313722,3.851789372639805e-06,5.4268476338039414e-08,4.294324177317187e-06,2.4941575369532753e-06,0.7610861136418237,6
0.6315688536427695,0.0020600055511439796,1.0042412805455336e-05,1.4148915970869227e-07,1.1196192713806365e-05,6.228600811050761e-06,0.36634353211059645,6
0.1203828168597792,0.0003777324695959135,2.1774794919895235e-06,2.6907834827754893e-08,2.088857630170552e-06,1.1845300528806341e-06,0.8792339728956151,6
0.07769928644468323,0.0002966892907610296,1.081876852262003e-06,1.6486597887363797e-08,1.1563529220982105e-06,6.47740169395818e-07,0.922001121808014,6
0.14471788352483128,0.0012984745983133398,3.2374508719814775e-06,3.693742377703062e-08,2.2961735215129895e-06,1.4067950309900716e-06,0.8539766645200071,6
0.08372355979767977,0.0004212676500192273,2.6706154266808147e-06,2.3364853049674698e-08,1.8882801478482263e-06,1.028561784909271e-06,0.9158495617300885,6
0.27390698757424564,0.001877940080089716,8.434781189637754e-06,7.379475945249991e-08,5.866497102462644e-06,3.270709748528841e-06,0.7241974265628646,6
0.5055209588037443,0.00969111238330983,6.675413946779871e-06,1.0408942839101298e-07,4.68328872857558e-06,4.304686800841876e-06,0.48477216133404144,6
0.8313849297608191,0.11077873717032354,1.9609127308999153e-05,2.0868264692328222e-07,1.2985494507402937e-05,9.66982951617774e-06,0.05779385993487773,0
0.8029755917699566,0.13093105805518554,1.645416801671931e-05,2.08053876702247e-07,1.2998333087758862e-05,9.706383503819e-06,0.06605398323637308,0
0.7985384499704152,0.13661357984334868,1.54029234369653e-05,1.9917091640145216e-07,1.3866763777672743e-05,9.229079823254137e-06,0.06480927224828169,0
0.9576644810567396,0.02505504075434241,1.311259521368457e-05,2.044641053568761e-07,1.4971619407946832e-05,8.455747612229939e-06,0.017243733762578786,0
0.7280507414266063,0.2610307829342555,1.546915849240701e-05,2.412098902033419e-07,1.5058721588719467e-05,1.1283907215852631e-05,0.010876422641951015,0
0.7520726171322463,0.2392280069379552,1.8925747844852992e-05,2.6963602016064656e-07,1.714047161188353e-05,1.4538067108582285e-05,0.008648502007213,0
0.7129809415221066,0.27790959653635333,1.9738169010022696e-05,3.672190813366788e-07,1.9418528881576998e-05,1.5483496886457653e-05,0.009054454527680675,0
0.5617560128853916,0.4381464529212342,1.6002624860488707e-05,3.528112672607765e-07,1.2241869787397908e-05,1.0553987307244856e-05,5.8382900151826935e-05,0
0.5725510295605378,0.4274120924354897,1.3365894524235991e-05,1.768755697566204e-07,1.0282048503184507e-05,8.815021434830547e-06,4.238163940269012e-06,0
0.7019967336594355,0.29796642140682433,1.2579282231183486e-05,3.063468971409611e-07,1.1587088442842686e-05,9.301507482154015e-06,3.070708686868626e-06,0
0.6125777666785571,0.3873820316113274,1.3457917513618985e-05,3.376327183424088e-07,1.2770425309157777e-05,1.0251428316040234e-05,3.3843062582352418e-06,0
0.21999734224995496,0.7799617268365234,1.3981428433949386e-05,1.7484800741188372e-07,1.2492141480971383e-05,1.0163139921435604e-05,4.119355677736068e-06,0
0.20422021311914265,0.7957200569289206,1.5234104240812522e-05,1.9051363627075298e-07,2.759256061948585e-05,1.107371351278868e-05,5.639059927508153e-06,1
0.23495743556025736,0.7649551665092296,1.09370907209126e-05,2.1512824539727093e-07,3.510277037728878e-05,1.2504962830419859e-05,2.8637978338915937e-05,1
0.15074760390461522,0.8417437014037885,1.7126568440643956e-05,1.6835768826135406e-07,0.007469199167580124,1.1687299963174913e-05,1.0513297924013192e-05,1
0.14587202319268386,0.8481267431362188,2.1354735895399965e-05,2.0992144347195965e-07,0.005951987583806902,1.4572633444282283e-05,1.310879650731227e-05,1
0.2173249314874525,0.7376412697294693,3.211646135345666e-05,2.9865221646266844e-07,0.04491246089547252,8.455166269904805e-05,4.371111336654347e-06,1
0.2976304308607054,0.6740457268679848,3.71133515236321e-05,2.45086927600693e-07,0.028192099209848893,9.019354319310333e-05,4.191079816528717e-06,1
0.31372519107007873,0.6498342795948961,3.7086387456500515e-05,2.426528636631088e-07,0.03630402820934468,9.50226289641213e-05,4.149456396051677e-06,1
0.00737447958015009,0.0459570698671623,3.3408932750034846e-06,1.6620107704733434e-08,0.9466595869314857,5.179365927039237e-06,3.267418922553109e-07,4
0.0017268058687938436,0.029729374786109007,2.8047960996934495e-06,1.620821124726163e-08,0.9685281999796068,1.1445598659854233e-05,1.3527625194443165e-06,4
0.0057388905359205536,0.3380347491003524,1.6943023899133767e-05,1.0909922854171693e-07,0.6561856136522195,1.7453100365103364e-05,6.2414880146869075e-06,4
0.010040400087413165,0.946439912637377,0.03610309059223216,3.818079538614866e-07,0.0024165731222037887,0.004981333989816794,1.8307763003184637e-05,1
0.013824712307949434,0.9758389930020722,0.0009773670373421895,6.93107144237406e-08,0.0073777650219585145,0.001910299867926419,7.07934520366923e-05,1
0.06061452668944242,0.9227030075293946,0.0005030079294794344,1.63140670785304e-07,0.015553008224899526,0.0006123886935971377,1.3897792516184774e-05,1
0.03555657553672995,0.9441163131164885,0.0002926324187986224,1.1648113679438548e-07,0.019614151679857528,0.00040849440939395393,1.1716357594691616e-05,1
0.05007869089521912,0.9033913980857005,0.0005391327290913216,1.3609552575368806e-07,0.04548618933542251,0.0004994822075540973,4.970651486455708e-06,1
0.04232646761207276,0.9286359766143621,0.0002363915206588373,9.16130709038899e-51,0.028241926763513,0.000552534875004576,6.702614388796417e-06,1
0.05365074708209119,0.9334068027875523,1.4065591126015502e-05,9.424830499496057e-51,0.01291079684858027,1.0692276721396789e-05,6.8954139288881155e-06,1
0.16241317012717174,0.8053448220010689,4.304978919715095e-05,3.259735795828828e-07,0.03215040927573764,3.925460784122402e-05,8.968225403604647e-06,1
0.1715407018732154,0.7999030235610817,4.0702046440021016e-05,3.3259093713760924e-07,0.02846601236497402,4.007248360012226e-05,9.155079751700842e-06,1
0.12051413683401635,0.8687183662237961,2.442288391220609e-05,1.6306256571241857e-07,0.010723669998993837,1.4416999062139172e-05,4.8239976537119445e-06,1
0.12886006432422104,0.8708925843136386,2.8107325269715968e-05,1.7534676698789449e-07,0.00019405744668246714,1.1962424247257779e-05,1.3048819173793952e-05,1
0.10296770976448685,0.8936583895611002,2.283563835258722e-05,1.525450397106348e-07,0.0033349438055081723,1.1458199927213064e-05,4.510485585154007e-06,1
0.12246339667296145,0.8746624408860113,2.4194887947841864e-05,1.6085882923036632e-07,0.002831576430734859,1.3471460589688744e-05,4.758802925710619e-06,1
0.11798947281433958,0.8800942418991412,2.394644544369645e-05,1.5770795160366186e-07,0.0018765498915805608,1.0965653305950183e-05,4.665588237152592e-06,1
0.12165385387450289,0.8782188382817282,2.3732050675644107e-05,1.629877332370736e-07,8.561864341689604e-05,1.2743598006797823e-05,5.050563936348066e-06,1
0.15166074110940933,0.8473642170899688,1.8256161180056097e-05,1.8548788461683203e-07,0.0009365694592555229,1.1140168983612556e-05,8.890523318181381e-06,1
0.7700218600339496,0.22892812493810444,8.836060713980141e-05,1.5544700218886467e-07,0.0008881655966116331,6.629822277534943e-05,7.035154416800032e-06,0
0.2324875306118684,0.7640157753922339,3.090111527614937e-05,1.9543540198683304e-07,0.0034437749891658813,1.092793519341363e-05,1.0894520860322908e-05,1
0.17695908762104348,0.8006572256310454,0.0003577707157626255,2.2159099563043243e-07,0.0209884010368649,0.0010332937264810667,3.999677806817266e-06,1
0.11998988553838433,0.8062113927495507,0.00045453680738185393,1.8763073549152344e-07,0.06489262583992085,0.008434052856010957,1.7318578015995936e-05,1
0.08083402884851588,0.8472037463039339,0.0005512445053872466,1.9924883935448182e-07,0.05328267306455546,0.018109005020442492,1.9103008325877304e-05,1
0.058914114366485415,0.860924502162943,0.00097778928188824,2.2376229460654883e-07,0.06053755972319796,0.018629865229470854,1.5945473719667277e-05,1
0.1317806084027302,0.7645915478808493,0.0013342060164527538,2.9220006745048676e-07,0.0691504004117161,0.03312996837550872,1.2976712675650266e-05,1
0.23516737273161076,0.5628897255694035,0.007285220530994479,4.143599583769707e-07,0.02749968598024555,0.16714887645440704,8.704373380434503e-06,0
0.02011425761251192,0.9570770273606682,0.0038183950526012775,2.1250407190777768e-07,0.00554990150682565,0.013420731696679376,1.9474266641430354e-05,1
0.04200065260664856,0.9371879496645503,0.007165313565715825,2.0808801146949648e-07,0.004610689438163122,0.009018326101214594,1.6860535696008167e-05,1
0.13919979293141646,0.5127373029285698,0.00897086327434084,3.6317343357483653e-07,0.010013422218768105,0.32906623368642696,1.2021787044300011e-05,1
0.015887461440809072,0.6722431047108919,0.002016452394963898,1.611886964177798e-07,0.010247586661362038,0.2995989920659161,6.241537360427564e-06,1
0.007755173782273214,0.5163654338655532,0.0011498905267804994,1.3814045882927587e-07,0.004888000936203471,0.4698310712568244,1.0291491906360014e-05,1
0.007444479353353864,0.3074486008742595,0.0007091191144411596,3.7279529451769535e-08,0.0018214162384379176,0.6825711359671145,5.211172863628992e-06,5
0.06505524808606873,0.9057528437366041,0.0017651489921889666,1.630320577839766e-07,0.023769973015277467,0.003647843010565243,8.780127237752099e-06,1
0.04297915258401412,0.9355930875912288,0.0026518224989245187,9.925018744038325e-08,0.014006387471474879,0.004756803760981721,1.2646843188650604e-05,1
0.01091068613230191,0.9384052444155855,0.002191898449324584,9.310468436572488e-08,0.014633401715523024,0.033831390017014185,2.7286165566184104e-05,1
0.01384637210002043,0.9238902566609517,0.00209183313715831,2.0328313100400208e-07,0.009393296466755127,0.05075331806354791,2.472028843576733e-05,1
0.022992683090509208,0.8878750422023728,0.0013052325475841808,1.942740398818611e-07,0.004834800966899076,0.08296842218260345,2.3624735991334293e-05,1
0.00785311066552,0.7479583486169264,0.0009666802867526144,1.2020953237096394e-09,0.004735878235660607,0.23847464424540488,1.1336747640311246e-05,5
0.041162830596537824,0.8747403076975216,0.010279112244081531,1.8533589285316562e-07,0.05613275070233865,0.017680721031917132,4.092391710342867e-06,1
0.04636488247152464,0.8560004675054329,0.01064132079078991,1.7731541078508535e-07,0.06482015159653917,0.022169754290387853,3.246029914736964e-06,1
0.07994380307627205,0.9007652309300116,0.0009012175679657243,2.0523143213895088e-07,0.015204067342683248,0.0031665853801243855,1.8890471511034742e-05,1
0.06510627853038864,0.9115562871270021,0.000996966710169879,1.612358843072238e-07,0.017968333279323977,0.004356580359244228,1.5392757986598734e-05,1
0.033388975409408744,0.8685198910962441,0.0009763081491589771,1.7123698848317086e-07,0.09334852222238778,0.0037605913152204866,5.540570591471989e-06,1
0.006027297795056834,0.9457311532111138,0.029275725952368836,2.765130354615414e-07,0.00636742671716403,0.012576627419490456,2.149239177047609e-05,1
0.014534259094874392,0.5523765752039598,0.001163773636002049,1.5251457368521215e-07,0.012782176760615547,0.4191378683896469,5.194400327706302e-06,5
0.09042161763890758,0.8489828348939432,0.002124512789695904,2.2088145637686512e-07,0.017884850617551625,0.04058080385184956,5.15932659601236e-06,1
0.00035251811335667953,0.002947739599451467,0.9262650153301754,0.0007422890089657916,6.635957554025606e-05,0.06962107847184905,4.99990066143684e-06,2
0.0005654004964796816,0.008810466639400855,0.6242115917757953,0.0005252226146850482,0.00011590110877326451,0.36576534336166616,6.074003199621133e-06,2
0.0007487474163118445,0.007100420561300913,0.8285385575038208,0.000473329897270846,0.00018207508394171612,0.16294712322731456,9.746310039393735e-06,2
0.0002625990874274137,0.0032346882358231404,0.8104713339785394,0.13679571897625625,5.2125742047193426e-05,0.049181330117109054,2.2038627975472585e-06,2
0.00025485356513518944,0.0010955100260534097,0.899233990409479,0.006612455530859822,4.391579413926063e-05,0.092749747343221,9.52733111217526e-06,2
0.0001874035009557642,0.0006291565050725903,0.9904252147564049,0.00033201245989797687,3.5699866277027066e-05,0.008385179052924916,5.333858466639517e-06,2
0.0004103812508130775,0.0010664545199974194,0.9613893685654445,0.0008526222782983154,7.242484891104803e-05,0.0362063869331296,2.3616034059801687e-06,2
0.8162788854142856,0.009145243391355801,8.549527830785861e-06,1.5896202795040965e-07,9.68104637125616e-06,5.589106813952673e-06,0.1745518925513148,0
0.8179663006997941,0.008685048269324811,8.739700528298878e-06,1.8411677128989226e-07,1.0044286743195298e-05,5.600660640026977e-06,0.17332408226619836,0
0.814652863097898,0.0093991658297844,1.6621256212864004e-05,2.0016543784923774e-07,1.479158079250067e-05,6.202249583982482e-06,0.17591015582029035,0
0.7670600443903351,0.0033144350225575462,1.2525302486110883e-05,1.7945404085644436e-07,1.4355919812714787e-05,8.24763617372995e-06,0.2295902122745939,6
0.7236889759012783,0.0021962285029847807,1.1377496729107272e-05,1.6029937057708838e-07,1.2823589254667335e-05,7.367295164199468e-06,0.27408306691521817,6
0.11955066811523295,0.00044659210976695014,2.2234130802706564e-06,2.7475451382152574e-08,2.1329217541795865e-06,1.2095175285174008e-06,0.8799971464471859,6
0.3715761662437151,0.006325452493461925,6.326635426289291e-06,9.8650940662407e-08,5.52099701961241e-06,4.037313967166167e-06,0.6220823976654694,6
0.8322888799250391,0.11659373678873167,2.040460148784657e-05,2.1661617359272817e-07,1.3270075098030696e-05,1.0037449208023966e-05,0.05107345454426192,0
0.7801493629565553,0.14387704753597533,2.088516017195754e-05,2.108628899260571e-07,1.2917624470495642e-05,1.003818712280683e-05,0.07592953767281381,0
0.8334342232114121,0.12686824104395297,1.48584349831254e-05,1.921302877334524e-07,1.3622886792214777e-05,8.90283478127276e-06,0.039659959457790585,0
0.94928390132872,0.020533448278027482,1.1406628554032979e-05,1.5868006589985438e-07,1.310666649604497e-05,7.352835549529588e-06,0.030150625582586885,0
0.9521782316060461,0.03230179253994138,1.3814709593727219e-05,2.1541214319638775e-07,1.550486626444223e-05,8.109961894794816e-06,0.015482330904116166,0
0.8059195360260195,0.18713855068186058,1.5915014737398757e-05,2.0993250594522798e-07,2.4155544884443922e-05,1.0062300732483844e-05,0.00689157049925968,0
0.8064123824042451,0.1872529920780634,1.5924747293841562e-05,2.100608865968959e-07,2.417031679687214e-05,1.0068454161270388e-05,0.006284251938553001,0
0.8049563619669978,0.18766948190637478,1.647475804264859e-05,2.396914109233991e-07,1.5588812639860606e-05,1.292353230580628e-05,0.00732892933222816,0
0.7564169674367378,0.2359351883157381,1.969369155301234e-05,2.947871875847554e-07,1.9193459113025505e-05,1.5127973370483076e-05,0.007593534336299866,0
0.5796375482231523,0.420260459407804,1.7711582027528322e-05,3.6513403861600246e-07,1.2301851921705626e-05,1.1246467498421382e-05,6.036733355752165e-05,0
0.7001876737583093,0.29977525763693846,1.265564607560987e-05,3.0820660792285177e-07,1.165742907142088e-05,9.357973253192782e-06,3.0893497441351117e-06,0
0.6771821826344677,0.3227785825448363,1.2734032813747938e-05,3.3456485338807484e-07,1.2654388153605297e-05,1.0158279767472286e-05,3.353555107649642e-06,0
0.13332086496327808,0.8598108280359159,1.70097900506066e-05,1.9078373183963385e-07,0.006828029883260934,1.3244103819258461e-05,9.83243994337476e-06,1
0.19779755716118652,0.7954515738566266,1.841661103154396e-05,2.0656279530690766e-07,0.006707260683372583,1.4339477899197853e-05,1.0645647088494867e-05,1
0.17909820359331474,0.7886128443322566,5.864697169587691e-05,2.757939245635718e-07,0.03214873771319979,5.987380494437002e-05,2.141779066406455e-05,1
0.13451728364998766,0.8031743422325724,5.556002700041077e-05,2.8018479891847583e-07,0.062148496041070284,8.413325331032575e-05,1.9904611260043962e-05,1
0.11839174582456347,0.7602919483185562,5.6014630541701835e-05,2.956402015700286e-07,0.12116087240812991,9.438316797649883e-05,4.740010030601398e-06,1
0.09770211907431575,0.7179849415280518,4.995006896621085e-05,1.8468384013746166e-07,0.18419312840347218,6.621665380678094e-05,3.4595875470907703e-06,1
0.0017268058687938436,0.029729374786109007,2.8047960996934495e-06,1.620821124726163e-08,0.9685281999796068,1.1445598659854233e-05,1.3527625194443165e-06,4
0.001766130268525404,0.0288742899193345,4.01449338596838e-06,2.05705708525951e-08,0.969342940108798,1.1695957833055557e-05,9.086815524506401e-07,4
0.001968895995335986,0.03247751098494973,4.032557671162382e-06,2.4202370524068174e-08,0.9655441742633032,3.927038502238465e-06,1.4349578672378341e-06,4
0.0065065844012438,0.28556792542033116,0.003583122543756481,1.2770451217849307e-06,0.001204789959009487,0.7031311115162946,5.1891142427627275e-06,0
0.011156334944010563,0.9520226313555564,0.024086458089663355,6.75211585113289e-07,0.0017474115924143705,0.01096763318812754,1.885561864249031e-05,1
0.015512029175804647,0.9503653478321803,0.0012450214785020828,8.472815134787976e-08,0.007047994858864286,0.02581414177727176,1.5380149225503585e-05,1
0.021924579842862547,0.9484148497783429,0.0007967135126814924,1.8034529399858739e-07,0.01688887512003019,0.011959437963424345,1.5363437364807574e-05,1
0.03513925798871825,0.9426290325232519,0.0003267242582578443,1.1607259063362401e-07,0.02153034796563518,0.0003628459279266173,1.1675263619777296e-05,1
0.03786550879486465,0.9390010933493684,0.0002756076530137306,8.896885103483483e-94,0.02178542886409063,0.001061570182016788,1.07911566456356e-05,1
0.03715660744053053,0.941565822481941,0.00023962523243047803,1.0374257028591957e-178,0.020177760977844485,0.0008532029892955715,6.980877957941973e-06,1
0.04219789885002534,0.9289284167407003,0.00032947416303368205,1.156298282899716e-07,0.027486052252331705,0.0010519972229101242,6.045141170781471e-06,1
0.04421306915204683,0.9320960270907589,1.6948145276851507e-05,1.1602412157917029e-07,0.02365702919277326,1.3333001532166542e-05,3.477393490583713e-06,1
0.06815691925356777,0.9109177289679146,1.7021784952045846e-05,1.6176439016182912e-07,0.020889543987966414,1.451808908717923e-05,4.106152122110312e-06,1
0.06564448110335837,0.912538637539284,1.639431847664553e-05,1.5580134151410638e-07,0.021783664339853535,1.2712108820136128e-05,3.954788865743452e-06,1
0.1435964607794851,0.8465822178682262,2.5899329761299807e-05,1.729202487425683e-07,0.009764862963851215,1.7517893999084904e-05,1.2868244428396114e-05,0
0.13526183578936318,0.8561659306705253,2.5458873891248617e-05,1.735697482825935e-07,0.008520118100784206,1.3566417308109696e-05,1.2916578379439763e-05,1
0.1431385347861124,0.8466265346341515,2.412326312455247e-05,1.6446401856456964e-07,0.010185549194639713,1.2854702677698145e-05,1.2238955275364271e-05,1
0.11420142767192029,0.8810280497542216,2.225627443310621e-05,1.6044278596810079e-07,0.0047334755735873885,9.883788234250543e-06,4.746494817394997e-06,1
0.13360675186655857,0.8603716918736494,2.312280823350511e-05,1.5438244109849672e-07,0.005982977435925667,1.0734425933492894e-05,4.567207258022143e-06,1
0.16713259774514436,0.830609268194827,2.9697818378059073e-05,1.849105677083553e-07,0.0022091696466933083,1.3611341513062596e-05,5.470342876517831e-06,1
0.10817410045697098,0.8917474388914756,2.5391033300745883e-05,1.6722180585741545e-07,3.5907302689280135e-05,1.1813326975163874e-05,5.181766782448592e-06,1
0.11417648651405136,0.8856919645264543,2.5540330813254326e-05,1.6437466307019527e-07,8.634720776016215e-05,1.4403504990325441e-05,5.093541267575937e-06,1
0.22063002782478033,0.7786085380095009,1.8554372185615442e-05,1.8667951984611916e-07,0.0007234238076020113,1.0321667444736397e-05,8.947638966540996e-06,1
0.7616892947238451,0.23723250656325232,2.1646273517983198e-05,1.9265587478279547e-07,0.0010365758301543208,1.1064815583288784e-05,8.719137772460357e-06,0
0.8478340094396756,0.14972762647487942,8.921899948123984e-05,1.4607451796575807e-07,0.002251560427283207,9.071764676858627e-05,6.7209373942229825e-06,0
0.2423300271069234,0.7547579701112861,2.8837997563327833e-05,1.9005596076432328e-07,0.0028678568720907458,1.0533201191404105e-05,4.5846549844040505e-06,1
0.08975102040156249,0.8993464928954993,9.579200730411548e-05,1.66950643194702e-07,0.010745133109722499,5.71168323653666e-05,4.277802903145121e-06,1
0.11872012352573635,0.8729358701289692,0.00010362602343426218,1.6872636561707385e-07,0.0080773767245526,0.0001585115684205082,4.323302521405012e-06,1
0.47145487532943703,0.5249082274154759,0.00015500233363678753,1.5064915444142878e-07,0.0024847817455785084,0.0009938617266466473,3.100800070707484e-06,0
0.44328417904188955,0.5542664123342265,0.00011508006346096417,1.380358975830006e-07,0.0017862501951238854,0.0005452933229157167,2.647006485965629e-06,0
0.18437017872888983,0.8020850831421344,0.00022480472305757453,1.861084923218144e-07,0.012637913416107815,0.0006762101523772892,5.623728941046099e-06,1
0.15209908307498055,0.8271699215673469,0.00034709009293076404,2.1378995870474268e-07,0.018222713033697567,0.0021549726605884956,6.005780496855045e-06,1
0.3781766938636132,0.6045279401098796,0.0007595110145964339,2.929129739248763e-07,0.011940917624652924,0.004586415972642815,8.228501641198956e-06,1
0.2721303355408034,0.5893577306078769,0.0009576968834082595,2.601333567992566e-07,0.11351197911415112,0.02403664341533513,5.3543050682711826e-06,0
0.10869344884845926,0.7715951438640105,0.0010387788717577911,2.9487659614655676e-07,0.08865704798478782,0.02998754359680528,2.774195758328797e-05,1
0.12010536889321524,0.7474230583639779,0.0016255579726503072,2.856388730339948e-07,0.10300151298173982,0.02783322908828965,1.0987061253791297e-05,1
0.4826462851702721,0.4164506578451104,0.0032538409610731608,3.6664255525315756e-07,0.025282419422977077,0.07235872797418483,7.701983827251593e-06,0
0.5038996956182968,0.36366392669218384,0.005209033044875452,3.201691936945151e-07,0.02314221773249416,0.10407808101535991,6.7257275962324356e-06,0
0.4105604497540924,0.4873157985490633,0.00364281118141229,4.824425343933843e-07,0.017454184950726336,0.0810182883152553,7.984806915999996e-06,0
0.2072031188222479,0.5849976572429949,0.0029823170101791305,3.2417900728081496e-07,0.01896172922793185,0.18584804355672355,6.809960915440706e-06,0
0.024409310275707512,0.9540326567451064,0.0018738709506372232,2.170486078198214e-07,0.012806295242278222,0.006860063160838585,1.758657682425606e-05,1
0.023585036384016708,0.9568048012780718,0.002454250673006684,2.1244362833910193e-07,0.00531015970576533,0.011818029207895387,2.7510307615808598e-05,1
0.021888811875723918,0.8890816006440021,0.002249809278753904,2.558364573599843e-07,0.011384790929816127,0.07536026630650344,3.4465128743088736e-05,1
0.053068330585719026,0.9338725856865164,0.0008475705661005436,1.4747065891514987e-07,0.010613633295517405,0.0015710555866009035,2.6676808886740206e-05,1
0.03805115710009195,0.7997517597731134,0.003300266028388782,1.2814953352457623e-07,0.010555045796130208,0.0010644240094884103,0.14727721914325348,1
0.044439253346150995,0.9352417991488677,0.00402994882342527,1.5528898202059047e-07,0.014845311283051851,0.0014218386290847998,2.169348043735122e-05,1
0.0141565621100735,0.9222541159764648,0.0013213541566853863,9.523187121041397e-08,0.021647993615551545,0.0405973937803477,2.248512900583714e-05,1
0.017130743847407922,0.8986692253906293,0.0015700065039710824,2.0518338765027854e-07,0.014291367480182678,0.06832784653571208,1.0605058709372656e-05,1
0.0714391156941736,0.7402832577069958,0.009133266715870473,3.0201635699490776e-07,0.014272473174323019,0.16486322614907684,8.358543203307537e-06,5
0.034873546256771644,0.867953155013354,0.02012497739653684,1.9801887720800535e-07,0.033754998332999844,0.043288181198606224,4.9437828543135045e-06,1
0.08555227100128805,0.8441683969446384,0.0007737057051946663,1.706411382686355e-07,0.06672888557447247,0.002771219895143185,5.350238124823975e-06,1
0.07791030069587336,0.8922162959760487,0.0008428412280181774,1.7915830845838194e-07,0.024928267968211456,0.004093663677264452,8.451296275266566e-06,1
0.07763138429604458,0.8894029340631069,0.0009861444076411689,1.544394086073825e-07,0.028050657118903935,0.003921938425281258,6.787249613560353e-06,1
0.05073291263381104,0.8731277316812927,0.000679905175699553,1.7555543182984081e-07,0.07175996616597578,0.0036956590477654453,3.649740023680669e-06,1
0.007457702398800878,0.9600583714365364,0.010685687263862962,2.0061422555745427e-07,0.017785214671589607,0.003997230572424502,1.5593042560234564e-05,1
0.005097858080054576,0.9615774463437898,0.02127738879230447,2.0093165212770168e-07,0.00787134953105971,0.004160138606121492,1.5617715018061838e-05,1
0.0854039995567591,0.4004062362541478,0.02884536441313584,6.339019226092741e-07,0.005240807313047302,0.480093188419811,9.770141176263157e-06,5
0.08511912525352171,0.30064440949433674,0.009155114094422804,5.143675131133448e-07,0.009286207037834617,0.5957895359387665,5.093813604555109e-06,5
0.010518383549441544,0.11635572686570986,0.0015370234848921202,1.1866448403630826e-07,0.002541372603994203,0.8690446241297995,2.7507016788201766e-06,5
0.005484696539781477,0.14034028588206518,0.00024107435121504896,3.298650257054742e-08,0.0018509992072503053,0.8520791700973043,3.7409358811787723e-06,5
0.012734240012073728,0.10456630610889003,0.00019953824431542558,1.569364075351822e-08,0.0009121782893217786,0.881585031077548,2.6905742103325557e-06,5
0.06107038942828585,0.4859521345477326,0.0009607096241490373,7.664621845553574e-08,0.0038780029913544904,0.4481340446552463,4.64210701332214e-06,1
0.0005018502020132166,0.0074208941601581115,0.6913772342112964,0.0072728681659723566,9.125430374133175e-05,0.2933328494556436,3.049501175140078e-06,2
0.00044498242489992407,0.0016993641778168778,0.9518263204197503,0.00025966026918837655,7.899442844386147e-05,0.04568762027451534,3.0580053852963757e-06,2
0.0002821432714773111,0.0008311869775765222,0.8790677398264715,0.001187828112971576,5.0460704424606606e-05,0.1185704775408974,1.0163566181321054e-05,2
0.00013968233047141824,0.0004498854770177381,0.9760979379816017,0.00023356324678260653,2.058286761298489e-05,0.02305429603403584,4.052062477568036e-06,2
0.00032655273611793275,0.000870972780671217,0.969089381160989,0.0006784572572498918,7.067061810269572e-05,0.02896208624782603,1.8791990431344484e-06,2
0.0003049469372439346,0.0021271259586095282,0.2774586907224272,1.757979458368566e-11,3.510816621000618e-05,0.7200622506870488,1.1877510880890641e-05,5
0.8858098573164843,0.00836079633496103,9.529955675752191e-06,1.7369390240837357e-07,9.970759242599083e-06,6.107079697017476e-06,0.10580356486003685,0
0.34418743069225227,0.001247806612729394,5.97204648686508e-06,7.379855518428566e-08,5.469459731946418e-06,3.24874175252436e-06,0.6545499986484917,6
0.20694417283463934,0.0008721281410502671,3.7752826271327435e-06,4.665241704121125e-08,3.8092978622742445e-06,2.05372117000788e-06,0.7921740140702339,6
0.10704195033291031,0.00047482670506771013,2.516870182497404e-06,2.4855121505707103e-08,1.8924126576383922e-06,1.0941660144703045e-06,0.8924776946580458,6
0.11446135959911762,0.0004892682734366368,2.8890063226289754e-06,2.5275525451338017e-08,1.8161068746059572e-06,1.1126729330364859e-06,0.88504352906579,6
0.31580263533197267,0.0044013572495460885,5.353836852447431e-06,7.760997035058301e-08,4.574301436230376e-06,3.4165269287521924e-06,0.6797825851432935,6
0.3221149294991689,0.005591862442327199,5.4608498705633135e-06,8.515078556742824e-08,4.648669358528653e-06,3.345480046547821e-06,0.6722796679084426,6
0.41683796273153106,0.010283030214847382,6.303818570296081e-06,9.82951584566969e-08,4.893150416894727e-06,4.065060955140537e-06,0.5728636467285207,6
0.5782275896066124,0.012011729226129544,7.667130461457356e-06,1.195532192452869e-07,5.5860881410753985e-06,4.944202046629503e-06,0.4097423641933896,6
0.9319806717925896,0.022168831856743926,1.2163253199002934e-05,1.568943139816831e-07,1.2445526352355078e-05,7.319625114480553e-06,0.045818411051686575,0
0.7564172282036211,0.23593526965194073,1.9284958707590607e-05,3.5878732300960596e-07,1.9193465729770935e-05,1.5127978585694575e-05,0.007593536954091862,0
0.5862262993235638,0.4136683127719907,1.8290885871035276e-05,3.77076707070842e-07,1.3101535169173578e-05,1.1220082774426235e-05,6.239832392377834e-05,0
0.7191249061346681,0.2808386677411278,1.182244375443351e-05,3.106144156563269e-07,1.1748500603143621e-05,9.431080707054804e-06,3.113484723769292e-06,0
0.6068964761817612,0.39306334853390645,1.3039269198007197e-05,3.4258441542643806e-07,1.2957715445242991e-05,1.0401775023992251e-05,3.4339402496109548e-06,0
0.32177579697014297,0.6781709356903725,1.687902674379698e-05,1.4372488149810856e-08,1.8170408621600576e-05,1.2269412338321835e-05,5.934119292659947e-06,0
0.30082951558001225,0.6991032386459569,2.3062025433291964e-05,1.9637310390093194e-08,2.0605482902655363e-05,1.67638515948149e-05,6.794776789619462e-06,0
0.3154565482370773,0.6844683171268904,2.4372095842113522e-05,3.04790917078082e-07,2.3688849809638862e-05,1.7716869684278787e-05,9.052029779518672e-06,0
0.1378630222304049,0.8587755620344152,1.5042095445948787e-05,1.881124427031063e-07,0.003325778480948681,1.171202426088946e-05,8.695022081682193e-06,1
0.2028154056773438,0.7889876783239266,1.818940104712266e-05,2.772720851360136e-07,0.008157531039421151,1.4162568448023268e-05,6.755717728044356e-06,1
0.20856022652716058,0.7663362189968114,6.584651704546129e-05,2.806335936245463e-07,0.024940974357845275,7.465933459445036e-05,2.17936329491886e-05,0
0.15082166098258082,0.7744755198642137,5.855672267558677e-05,3.090571361030845e-07,0.0745289403417331,0.00010896168339739461,6.051348263300788e-06,1
0.14680516338323005,0.7076993462831394,6.878859666057295e-05,2.5433682979567874e-07,0.14529065081156334,0.00013103222733933348,4.764361237413939e-06,1
0.0019688958823800926,0.03247750912170947,4.089927607451224e-06,2.4202369135574117e-08,0.9655441188698719,3.927038276943608e-06,1.4349577849140606e-06,4
0.0035229604031108966,0.1581551655736684,0.0014382899318576454,5.540518599929771e-07,0.0013606126215799067,0.8355201660970036,2.2513209195774432e-06,0
0.08330061629655058,0.822954902991956,0.04839366632687223,2.3380953345590154e-06,0.006419176795329399,0.03888155190159901,4.7747592358480344e-05,1
0.020348764421784047,0.9260517935792485,0.029966322591095305,1.3222698584036222e-06,0.002409299163528559,0.021192617963211133,2.9880011274148927e-05,1
0.012597637524464295,0.9664609928639342,0.014411753908704137,4.1649334753722023e-07,0.0012437952638274237,0.005264112343224696,2.129160249757013e-05,1
0.007313333960445875,0.9714263849286677,0.011476812034941995,1.9138847929763847e-07,0.0019465137790172008,0.00782045971304119,1.6304195406718352e-05,1
0.04249262519741777,0.9270269500058177,0.0003825940006124515,1.2433415244572422e-07,0.028818857504001753,0.001266342697916933,1.2506260081050504e-05,1
0.044973871302385754,0.9163251939588968,0.0003779308258508397,1.380439965417468e-07,0.037442346742289814,0.0008687654564851511,1.175367009494334e-05,1
0.05913876031271543,0.9247850957933492,0.0003039682605038978,1.4190924490811603e-07,0.014874472383382343,0.0008829515844256368,1.4609756378628576e-05,1
0.05448113138493344,0.9212493227260456,1.3863007025415612e-05,0.0,0.02424038487593992,9.681315382813568e-06,5.616690672830388e-06,1
0.2570281019957082,0.7082322436082706,4.412045280287565e-05,3.339056177014934e-07,0.03465298519557242,3.302357366161135e-05,9.191268366802494e-06,0
0.13840467838485565,0.8524806233317299,2.5073794402762846e-05,1.642437444131225e-07,0.009060042658223705,1.6959515035743683e-05,1.2458072007880007e-05,0
0.14932688374430753,0.8418457053617286,2.5754426529534315e-05,1.7195278344090125e-07,0.008775248232882954,1.3440033419027667e-05,1.279624834888331e-05,0
0.17555266994396695,0.8131484469777649,2.746862165004199e-05,1.74643155620913e-07,0.01124459303899324,1.3650316098292396e-05,1.2996458370945494e-05,0
0.21445193913126476,0.7821515801890947,2.5963872018768214e-05,1.7713098227766393e-07,0.003350966815056003,1.4834206231534256e-05,4.5386553518134834e-06,1
0.13441092514339822,0.8651812774269253,2.2686308239939913e-05,1.6275469461158535e-07,0.00036883899512095013,1.1066028942588196e-05,5.0433426783166096e-06,1
0.13720377725119165,0.8619504140266663,1.842384867929026e-05,1.8193687248148331e-07,0.0008106730030368116,1.0926899662371648e-05,5.603033891098523e-06,1
0.2823843334847319,0.7166710945700354,1.7467008062292235e-05,1.7617092705048268e-07,0.0009048687211960771,1.0580604234051222e-05,1.1479440813344072e-05,1
0.26639055031285436,0.7315025384209659,2.1908879770065166e-05,2.123136208411917e-07,0.002063800898913927,1.1380374179024614e-05,9.60879969620099e-06,0
0.3389306833147675,0.6585426927814169,2.7516718219270406e-05,2.666578182049475e-07,0.002471457268153816,1.5314973320208233e-05,1.2068286304032572e-05,0
0.8240253386493289,0.17524719625286406,1.849258286812455e-05,1.4701532801835358e-07,0.0006937284028034861,8.443539519746106e-06,6.653557287576404e-06,0
0.18774822612886957,0.8081734920625487,2.5399114463994325e-05,1.8437122809363267e-07,0.004036682420415249,1.1291729151419696e-05,4.724173322744059e-06,1
0.08824343059631512,0.9025632546974844,2.1514504799982232e-05,1.6757663043048036e-07,0.009158049371132234,9.289410964183249e-06,4.293842673722234e-06,1
0.30354852261101695,0.6864172068075298,0.00014444238737767223,2.2971555923828655e-07,0.009330557016494257,0.000554895137296455,4.146324725659606e-06,1
0.5167983466337015,0.476724427494386,0.0001930028279095923,1.8758241987192894e-07,0.004861914662486924,0.0014182598044363654,3.860994659804091e-06,0
0.1893611691977095,0.7995701594205209,0.00021884957841362176,1.855249524056994e-07,0.010252506185339827,0.0005915239972263101,5.606095837507562e-06,1
0.5342743065244743,0.4270909319094782,0.0012562687573458365,3.2390665557671957e-07,0.013685297892789057,0.023683771834128852,9.099175128008722e-06,1
0.4464555037556717,0.5001732239033445,0.0015556649119219982,2.9142826418980024e-07,0.013929625605408523,0.037874944210260705,1.0746185128297532e-05,0
0.6904121075778993,0.23806087345926336,0.0010114413347484118,2.1359010862746175e-07,0.021211859024839286,0.049299697266345116,3.8077467958163064e-06,0
0.6609119657123993,0.25741969341204035,0.001186280948857788,2.3095899582227685e-07,0.027169023044588427,0.05330868853499599,4.117388122317551e-06,0
0.6401945144809483,0.26482180162903196,0.0014710269948497445,2.376002261730089e-07,0.027103734735819823,0.06640444877542719,4.235783696676215e-06,0
0.517991708718002,0.36750215743291537,0.001903216742311665,3.234926797711903e-07,0.037995399849207225,0.07460131562480128,5.878140082772643e-06,0
0.6728297374684538,0.23228059368231432,0.00165099175184324,2.0446430092822336e-07,0.02336706127482619,0.06986769606614547,3.7152921161380605e-06,0
0.42896565122592034,0.4583965876896337,0.002734508974639532,3.548881723195005e-07,0.013290419468672673,0.09660492966015177,7.548092809664248e-06,0
0.3053205112387217,0.611544191647153,0.0031735180864101774,3.536304519621016e-07,0.013115129288669113,0.06683886746731171,7.428641282393313e-06,0
0.12290370284461737,0.8336707568903172,0.0019411261711406956,2.182706293557684e-07,0.008815388913594228,0.0326616707545367,7.136155164259242e-06,1
0.09837618935785147,0.864681408073537,0.0031346250501837858,2.0324039751558885e-07,0.007591260466624708,0.026209077103704573,7.236707700759404e-06,1
0.024363239803453916,0.9522320022184054,0.0021054304467843167,2.1663894725377928e-07,0.015170350275582063,0.006111207233152836,1.755338367416431e-05,1
0.040738287841357114,0.9339900990817779,0.0011786711851128303,2.4975929048233995e-07,0.013645522705633881,0.010437151850378738,1.0017576449297688e-05,1
0.024623523453193408,0.90866385071408,0.0021663503245242426,2.0033488965210475e-07,0.001605287065722448,0.06290695940015116,3.38287074390434e-05,1
0.011785952185204536,0.9419899806831699,0.0023425628630425336,1.842262881755994e-07,0.005909540036562101,0.03795608595030942,1.5694055423253686e-05,1
0.04591889188088678,0.9331363095699343,0.000782849039213589,7.957309981485525e-08,0.01100346703642313,0.009077127523727975,8.127537671469097e-05,1
0.039696675927028434,0.9486293454002365,0.0006089996439769846,1.121376882873321e-07,0.008934634430108617,0.002109947244052301,2.028521690899077e-05,1
0.040272926686207335,0.9404941201128312,0.0017482231826170857,1.3714890277102227e-07,0.015408156391349554,0.0020516268419740378,2.480963611815919e-05,1
0.028549921452259937,0.9476301593232899,0.007316125041704208,9.456152655097336e-08,0.012783943435251974,0.0036626804672495825,5.7075718717999e-05,1
0.019689188749337484,0.9373212875782655,0.012280207682529307,1.1138810902000357e-07,0.02637493753960579,0.004292519083164971,4.174797898804753e-05,1
0.01018839504067935,0.9173920246716935,0.00528919286981508,9.885967234908727e-08,0.054972505651313,0.012150475907291068,7.3069995356552505e-06,1
0.01612136817387888,0.9216956133033211,0.0019884958401981912,9.145186554561277e-08,0.026106512811161806,0.03406422138511104,2.3697034463610026e-05,1
0.011456709358840982,0.34619236163962913,0.0005693830298033902,8.718627610241128e-08,0.007099058568029022,0.6346748211195787,7.579097842681976e-06,5
0.10473084298780629,0.4020471020357214,0.017873025441678694,3.9585108103564155e-07,0.018036077254611843,0.45730297553974386,9.580889356768172e-06,5
0.08059707244686078,0.7432566956926936,0.008738295486139079,3.030141640480144e-07,0.007783531230835321,0.15960562209761006,1.8480031697212098e-05,1
0.04064021551903204,0.9389541625692255,0.0019161654588180001,1.7607187055073327e-07,0.00195914266724088,0.01651847013157578,1.1667582237259221e-05,1
0.04727093677066549,0.8838539577023731,0.008771007989179286,2.1386542521965626e-07,0.05453053148127282,0.005569921480199331,3.430710884603897e-06,1
0.046416062087743924,0.8512274017499781,0.014489194981934038,1.8345066835392722e-07,0.0762760512032384,0.011587055762265916,4.050764171316032e-06,1
0.051291230231057805,0.8558976338032959,0.0004537484519042679,1.7009577844997792e-07,0.08913475803944748,0.0032187035029382603,3.7558755779944803e-06,1
0.06525830210186534,0.8568902089239544,0.0002935255898320389,1.5126676171168207e-07,0.0743539503907733,0.003199551910134213,4.309816678960427e-06,1
0.06361250401717233,0.878837701049926,0.0005713112462976362,1.764718674604713e-07,0.05148625144007302,0.005487181878587124,4.873896076462509e-06,1
0.008519489550016196,0.9528989305522773,0.009209245703101176,1.841233547033642e-07,0.01907502917691881,0.010279618815041813,1.7502079290098697e-05,1
0.006739694392904116,0.9685568515623224,0.005844245605730983,1.8714884759837552e-07,0.014483502195227744,0.004359788022089106,1.573107287822492e-05,1
0.002186953852213676,0.09904387293759802,0.0009968039716950758,9.097234511512642e-08,0.0012290613537562119,0.8965402466105657,2.9703018259092356e-06,5
0.007949328396249802,0.20086041621057318,0.0005391284671533407,5.871932376791524e-08,0.0026929600449519626,0.7879537335603428,4.374601405163153e-06,5
0.012216987010299859,0.16163969073861953,0.0001794776397887753,3.7992854585836026e-08,0.0026565999242141717,0.8233028979975783,4.308696644774451e-06,5
0.006523409085676837,0.17461984902191208,0.0003113289099267044,4.072972813072572e-08,0.001711956174831678,0.8168288843173687,4.531760555772383e-06,5
0.0003851336433032322,0.026743027598570134,0.9394992514283407,0.001051868940845368,0.00010631992105497263,0.032211556288057046,2.8421798285543845e-06,2
0.001382761223221368,0.09691668266378578,0.8347087740229165,0.0010394206652659882,0.0002528435544358997,0.06568970366793678,9.814202437577628e-06,2
0.000502990531046915,0.004726874566540917,0.8709941578851967,0.007266196435615634,0.00016617703341565012,0.11633877044536968,4.833102814422108e-06,2
0.0003536837922179369,0.0036352350637808414,0.9331353506045623,8.1381650773649e-05,8.829796589033585e-05,0.06270200947300897,4.0414497659414085e-06,2
0.0006440659449107795,0.004705408512942164,0.6270503743752492,0.0002645150157271939,9.225543236783544e-05,0.3672272364238424,1.614429496023956e-05,2
0.0006261687951950208,0.001734612192346471,0.6137031299702759,0.00039780315808990056,0.00012778470518469437,0.38339965883690813,1.0842341999907864e-05,2
0.00019481578983883703,0.002543184379671795,0.2408599451065188,0.0036829012879222695,3.491908119298294e-05,0.7526800519715018,4.1823833535371926e-06,3
0.0003927527849409796,0.001528746975051332,0.9266739751776505,0.0003498104647582487,5.15920878495144e-05,0.0709871227185762,1.599979117304423e-05,2
9.693491021296916e-05,0.0003340088467961829,0.9932937454472609,3.2132428742856495e-05,1.7123864468464682e-05,0.006223222844734019,2.831657784752257e-06,2
0.00013985833486741207,0.00038415311291921215,0.9818752822627591,0.0004047849246512137,1.9167466289330852e-05,0.017172918030611217,3.835867902673543e-06,2
0.0005745179562543009,0.002321244822703884,0.4062614377209273,5.466769744508069e-11,0.00015483197348652113,0.5906809199227824,7.047549177897665e-06,5
0.0007363879945919467,0.002339892943878675,0.38930617633289744,6.123849561219445e-11,0.0001734971694607353,0.6074329144310636,1.1131066869031963e-05,5
0.00020892637428692942,0.0015767458641711188,0.08000871233985309,0.001875973617039972,2.7916000739839686e-05,0.9162929215222055,8.804281703342989e-06,5
0.9243045833174072,0.004959524006838461,1.1798367258898682e-05,1.8562413258799846e-07,1.065560454332908e-05,6.5265467335714306e-06,0.07070672653308596,0
0.9146728437715287,0.004907843160105068,1.1675422071180934e-05,1.8368983156776512e-07,1.0544567543710546e-05,6.458536686443733e-06,0.08039045085223319,0
0.08796070111842313,0.00037469364825502366,2.2418439790054865e-06,1.961358966418551e-08,1.4092832646904261e-06,8.634245955060073e-07,0.911660071067893,6
0.1215548292317489,0.0011753164772683752,3.1853138318958035e-06,3.0242679620420865e-08,2.1730087657680803e-06,1.3313357659337989e-06,0.8772631343899394,6
0.3506363076010175,0.004886835896070072,5.9443759342509915e-06,9.269038565555241e-08,5.0788561779030374e-06,3.793376790088579e-06,0.6444619472036245,6
0.6695591603623926,0.014256497998310875,8.878160652373696e-06,1.6001272757848574e-07,6.888196684637707e-06,5.9635911944866975e-06,0.3161624516780376,0
0.7603454814018024,0.10035595955334833,1.1800544520822685e-05,2.054644413168949e-07,8.413378814377936e-06,8.966236104209841e-06,0.13926917342096842,0
0.8084640751493228,0.1278472017214548,1.8194541911138256e-05,2.1276487200918755e-07,1.3034141370686597e-05,9.858989569538001e-06,0.06364742269149902,0
0.8863805103264957,0.02619101432108676,1.5333968737957172e-05,1.8514277575039304e-07,1.330295065363788e-05,8.813773860682761e-06,0.08739083951638976,0
0.740080017190117,0.2077175108715351,1.8276278326280696e-05,2.310934562968015e-07,1.544944765315157e-05,1.0781254103954728e-05,0.052157733864808264,0
0.7677114373030265,0.2181954731860344,1.619535669196803e-05,2.5253346595362963e-07,1.5499308990378848e-05,1.210421258013689e-05,0.01404903809921076,0
0.8174998427083764,0.17482409370692584,1.654924694363865e-05,2.531734203995462e-07,1.7269105010638657e-05,1.3650446901289453e-05,0.007628341612421803,0
0.6892718348659488,0.3008519014079676,1.806261614108034e-05,3.259480527886942e-07,2.040811869017269e-05,1.4062035369202233e-05,0.00982340500783055,0
0.7317656961345779,0.2681995170997681,1.1290374403858813e-05,2.9663520680152273e-07,1.1219759065777723e-05,9.006634704921074e-06,2.973362272826869e-06,0
0.44533156928838347,0.5546119925312819,2.0946517096122546e-05,5.034575954101276e-07,1.609622889809209e-05,1.505980350541505e-05,3.832173239547975e-06,0
0.27317332728730803,0.7267459661239595,1.2716011544604223e-05,2.2432608506893018e-07,1.8834304235558356e-05,1.616260701547895e-05,3.276933985179994e-05,0
0.26253840941488554,0.7340955794805663,1.189115460377452e-05,2.0977459401143915e-07,0.00330870406415433,1.4562439233894516e-05,3.064367196227729e-05,1
0.28611115809082815,0.7047207987049363,2.2560076792176565e-05,3.6465831285899205e-07,0.009117607488567325,1.8626102636595225e-05,8.884877926502316e-06,1
0.22745627619943673,0.6896466318364493,1.9542993582355433e-05,3.158905500901128e-07,0.08284911920592693,1.613513143791719e-05,1.1978742616853147e-05,0
0.2770916100461665,0.6586578070928089,2.1878581843964705e-05,3.0994520755316855e-07,0.0641941287661971,1.5831453840566874e-05,1.8434113935481448e-05,0
0.2359340366755413,0.7151743461874083,2.3076214393561776e-05,3.1720045835849534e-07,0.048821410836375215,1.757044045692315e-05,2.9242445366232682e-05,0
0.2109381901941964,0.7546042991113091,4.662599112122023e-05,2.9437747175010173e-07,0.03431498406988089,7.274529171117619e-05,2.2860964309266147e-05,0
0.28293745896391825,0.688418383273834,2.9947502803042216e-05,2.8047951876993964e-07,0.02853006133579849,7.976331067591458e-05,4.105133451597505e-06,1
0.22461384252929026,0.6781175248072947,4.151195992876732e-05,2.732756593557728e-07,0.09714509870355036,7.73672857592788e-05,4.381438517449893e-06,1
0.2599255165010256,0.6748752537463105,4.471681207685012e-05,2.4058647068298714e-07,0.06507018496028234,7.958061101335956e-05,4.506782820596925e-06,1
0.15376228931689742,0.7448632516231088,4.285370878743509e-05,2.43700012347794e-07,0.10121739414223191,0.00010940240176421843,4.565107197883517e-06,1
0.13780361540949068,0.7441798533024402,4.470141070045857e-05,2.542075038055903e-07,0.11782919359945744,0.00013762013176750538,4.761938640047043e-06,1
0.15324104715321982,0.6733383222891803,7.81627125819558e-05,2.9795669401810345e-07,0.1732035527850264,0.00013303563354115358,5.581469756260902e-06,4
0.0016603236613232093,0.02586687698049827,2.5780963486101117e-06,1.8583131812502687e-08,0.9724590223334457,1.065114339647218e-05,5.2920185588514e-07,4
0.0034379700267846754,0.05888449643638878,8.25013290743196e-06,4.5664936542596486e-08,0.9376600186151348,6.9069366143420115e-06,2.3121872336020526e-06,4
0.003665716851851932,0.8395936378403015,0.0031316366497911373,1.2369899818624228e-06,0.0013332942931937877,0.1522541675022211,2.0309872658686085e-05,1
0.01275762350363765,0.9384323185377882,0.0009935376749121991,8.40666164600663e-08,0.0052258577121080075,0.04257531843982949,1.5260065107880522e-05,1
0.027278486474628664,0.9227366492765948,0.0006998219282051975,1.4699863000113194e-07,0.041152160699604146,0.008120218515554556,1.251610678280702e-05,1
0.018333288746164404,0.9326266542607002,0.0007180224509280617,1.412641996665176e-07,0.043998344152139233,0.004311521273584441,1.2027852284067484e-05,1
0.026410179924127915,0.9397230096459989,0.0005142817075227808,1.3670039584668704e-07,0.03292544978875739,0.0004153029631467021,1.1639270050720535e-05,1
0.037137956533837196,0.9355522225949309,0.00035173766744942193,1.211733334036412e-07,0.02579852533501417,0.0011472483691176252,1.2188326317624695e-05,1
0.07176875665520663,0.8933756783483754,1.6160215158357518e-05,1.5864920310330867e-07,0.034819105350005784,1.2973980239794723e-05,7.166801811306944e-06,1
0.07252754825318923,0.8632731797971162,1.570311050909623e-05,1.5416168312727566e-07,0.06416384359362796,1.260700080115976e-05,6.964083072962151e-06,1
0.07452493583865963,0.8621654124568345,1.5485509832374043e-05,1.52025438428896e-07,0.06327471428520326,1.2432303443959066e-05,6.867580587766732e-06,1
0.22706999269040834,0.709976472858463,3.937008253665726e-05,2.9811079153430666e-07,0.06288194083302225,2.372376384244794e-05,8.201660935673719e-06,0
0.13866049166397487,0.8524621519168283,2.3997609382380495e-05,1.7289152848498859e-07,0.00882315510955229,1.716470158702379e-05,1.2866107146630271e-05,0
0.1554886242090397,0.8359029191118654,2.4598337578478965e-05,1.6770291097339128e-07,0.00855836494018933,1.284571376719092e-05,1.2479984648714535e-05,0
0.14708403593968689,0.8439142658855762,2.6734350804298332e-05,1.822655062993849e-07,0.00894697177783325,1.4246088064295028e-05,1.3563692528673034e-05,0
0.11623527450393507,0.8753385928861391,2.5024965372589925e-05,1.7061151090402888e-07,0.008374905400501377,1.3335197967348083e-05,1.269643457360206e-05,0
0.13540217101918775,0.8607797614422898,2.3864329625512673e-05,1.571671482718909e-07,0.0037784684019893863,1.0928050497831735e-05,4.649589261592601e-06,1
0.1465800458614264,0.8503264150536887,2.4544081064263572e-05,1.6387175428501193e-07,0.003051590788159582,1.2392407443183192e-05,4.847936463692926e-06,1
0.16802041524355876,0.8315501784696172,2.7814350558374706e-05,1.8687642469805482e-07,0.0003809472949381379,1.4929264659227599e-05,5.528500243687981e-06,1
0.19167267081861283,0.8079482978552542,2.5502884386561818e-05,1.8470909083601773e-07,0.00033509945517393587,1.3286887531148106e-05,4.957389950416341e-06,1
0.1655705063368186,0.8337169362698348,2.5450944762865032e-05,1.8433290904708828e-07,0.0006659992898542736,1.5975532177562484e-05,4.947293642695222e-06,1
0.6407966682369759,0.35861606311416816,1.9869699050650718e-05,1.7684403040984274e-07,0.0005451905533643865,9.419757066086027e-06,1.261179534446848e-05,0
0.8455762227979882,0.15337820397772833,1.6122268102855386e-05,1.2869152302244866e-07,0.0010194518463291133,7.034280769064561e-06,2.8361375594620084e-06,0
0.15806531138838387,0.8393423341551509,2.5570924784637643e-05,1.8520188529323328e-07,0.0025505102700502037,1.1342602360935898e-05,4.745457384380322e-06,1
0.09174112408506,0.8971481274353653,2.1381743086833755e-05,1.665425485054519e-07,0.011075700759847273,9.232087864013812e-06,4.2673462279683965e-06,1
0.18841273065769346,0.7993011650718074,0.00013755747918391145,2.436728238757156e-07,0.011845248815151593,0.00029882329828570693,4.231005054043667e-06,1
0.1612887007011912,0.824775121820416,0.00023060007855581351,1.9137328152920865e-07,0.013314155041318335,0.00038498042738131284,6.25055785571737e-06,1
0.12559592725514318,0.8556456459782844,0.00023447774070536033,1.936434708210188e-07,0.017889580219321518,0.0006257636384880793,8.411524586536156e-06,1
0.14918314068092878,0.8259820658534625,0.00038935289815661775,2.38897660236045e-07,0.02351020272856585,0.0009249055288944331,1.0093412331688873e-05,1
0.34609381071186307,0.6103522007983803,0.0013995762158466492,2.60018061964152e-07,0.00981615198942628,0.032305714832099416,3.228543432224123e-05,1
0.6302267472380525,0.2893212779997538,0.001173884002821824,2.478300247520958e-07,0.03201831723008395,0.047255320522735095,4.205176528047505e-06,0
0.5873908664733652,0.31177539299104196,0.0011881164783654264,2.5419017928530176e-07,0.0418517215088025,0.05778911681955713,4.531538688384451e-06,0
0.315756883510039,0.5921135975003646,0.001968063535491206,3.0637881073571365e-07,0.012498458862200384,0.07765254844478985,1.0141768304183168e-05,0
0.03813877345469377,0.9399970824957149,0.003406229318192275,1.9529026655656098e-07,0.003331631499620268,0.015097788744814896,2.8299196697550234e-05,1
0.03611974685161726,0.935894334907931,0.0016906381928749915,2.18440853045332e-07,0.014884614592547654,0.01140290324761544,7.543766560971384e-06,1
0.025373168807497744,0.9556518738700731,0.0017843041471370961,1.954351930414121e-07,0.012861744055325275,0.004312878356129758,1.5835328644168476e-05,1
0.030586153640933388,0.9433002461805362,0.0016215094893507493,2.0944515186804587e-07,0.01688174302318451,0.007593167721512141,1.697049933097515e-05,1
0.04294266624909802,0.938518850392943,0.0017122410329155518,2.0838351728146692e-07,0.010047171671141088,0.006764962833704519,1.3899436680558714e-05,1
0.027599044280677113,0.9422497917781236,0.0018211747091108647,2.055624801832174e-07,0.02087762527836849,0.007438447121200272,1.371127003939552e-05,1
0.01880000485184752,0.9041249562573631,0.001984884415915601,2.010288114497878e-07,0.010597860913444489,0.06447711584581983,1.497668679772916e-05,1
0.017475890965897783,0.9069188793093736,0.001978106455030762,9.556168397757266e-08,0.009965943118746365,0.06364373789945514,1.7346689812467638e-05,1
0.041059784018238434,0.9506337521305559,0.0005474381632898455,1.1237462965775825e-07,0.004675075622447683,0.003034705542976984,4.9132147861390005e-05,1
0.024261771042062383,0.8464623741503425,0.02209709915163474,9.141848475707048e-08,0.10325563793566464,0.0038835318139608613,3.949448785015362e-05,1
0.007549284986592522,0.591804811614074,0.003822404205970137,7.146210010262691e-08,0.3947218646363719,0.0020742627168723647,2.730037801902647e-05,1
0.01841874093661948,0.9171488544637292,0.0012540257812096486,9.070389875844725e-08,0.019677800842996723,0.04347698405045772,2.3503221088373315e-05,1
0.020214456798649447,0.90301661646546,0.0014142243551271763,2.3908583646887455e-07,0.01909051411252046,0.05623815453938737,2.5794643019026494e-05,1
0.010772956249652766,0.3255310970274095,0.0005551484599202443,8.19828720972671e-08,0.006304792266776878,0.6568276312282363,8.292785132264237e-06,5
0.022742916933591532,0.6864319032611175,0.001480486377250124,2.018438327203319e-07,0.012935803627697067,0.2763858692175764,2.2818738934777073e-05,5
0.04064283186076004,0.9403962667148503,0.0017128054584580569,1.7608320573132118e-07,0.002755089677476622,0.014481161871874619,1.16683333745719e-05,1
0.03235605878869716,0.9194037988965402,0.0062609027368444575,1.5781085772607198e-07,0.03652296815736292,0.005453582095186946,2.5315145108352555e-06,1
0.0459127281190261,0.8851441454252813,0.0074567296128560815,2.1849531767548896e-07,0.04924929701538656,0.012233376351073166,3.5049810590673793e-06,1
0.04543589814608099,0.8481531550464406,0.007517295037498471,1.9183667253781947e-07,0.09007403281658835,0.008815958536895308,3.4685798236793317e-06,1
0.04504910958397324,0.8568252993201492,0.00030326795078761744,1.6690964969873365e-07,0.09438235572860926,0.0034340645171704854,5.735989660636126e-06,1
0.05184922565114324,0.789506087812692,0.009108506018156999,1.7680353728349797e-07,0.1384901431179124,0.011042230211980097,3.6303845778561346e-06,1
0.022503084967315342,0.8339786453484632,0.028344930770606513,1.6004728892014602e-07,0.10289132199260394,0.01227565953386224,6.197339859620878e-06,1
0.006795523079830451,0.9518939834162613,0.007209234832287358,1.024889587150811e-07,0.025577306514757186,0.00851076734406177,1.3082323842960455e-05,1
0.006602539043866231,0.9562405357672805,0.013267074064218285,1.9981644891294948e-07,0.01440560756087968,0.009468512713136269,1.5531034170068028e-05,1
0.006484501546968758,0.9311798929265452,0.04213995231062753,2.767709186905665e-07,0.007832052490427215,0.01234181151838006,2.1512436132507675e-05,1
0.008598566395653873,0.10779750770836559,0.0009058939068248678,9.898044491745487e-08,0.0020793796934847415,0.8806162588993507,2.294415875279961e-06,5
0.00325272743516078,0.11671784839925078,0.0011792535444845214,9.432607871868617e-08,0.000710556714064326,0.8781362067520347,3.3128289263054345e-06,5
0.011975014435724683,0.6322340817437329,0.0061073835314051595,2.2323139872689624e-07,0.004178471218814807,0.34548580897668046,1.9016862243302666e-05,5
0.01147716101999427,0.7839044482181893,0.006245873601388109,2.1604999593954034e-07,0.00806316686905965,0.19029072915573556,1.840508563705609e-05,5
0.00791833116663584,0.14008328073778484,0.00011151080923030216,3.4631336544430747e-08,0.0018119122687747036,0.8500710029128958,3.927473342018158e-06,5
0.008624889118639107,0.09026994696920708,0.00010711706434718818,1.611395038904549e-08,0.0009353307886909813,0.9000604524846969,2.247460468415888e-06,5
0.01927988218643035,0.11058907113891864,0.00019557114639966918,1.6991482874321058e-08,0.001034967140426277,0.8688975783154113,2.9130809309947193e-06,5
0.0259921223574414,0.1417397657669374,0.0001871277879716214,0.0,0.0016360975327518051,0.8304435156752175,1.3708796804008127e-06,5
0.12145251662032433,0.6721611733448962,0.0007859839637921082,1.0601581609980916e-07,0.005113482520426192,0.20048110685393805,5.630680807128949e-06,5
0.0008605991511921371,0.060318740094911616,0.8981201209767541,0.00042243460271867907,0.00015736408041947455,0.04011463295751198,6.10813649209121e-06,2
0.0001470937670442551,0.011660061588769083,0.9625424987010532,0.0011358881615333763,4.995572224053544e-05,0.02446314943427908,1.3526250806874669e-06,2
0.00030168120052360135,0.0032258729679748312,0.9188806861822236,0.00021201900798487652,2.9579924025084288e-05,0.07733898985405123,1.1170863216724696e-05,2
0.0006815730275733956,0.008317684130361165,0.5249106593399594,3.7307120941132936e-05,0.00011786932807437701,0.4659258700133916,9.037039698960978e-06,2
0.0006973650485275719,0.0024440272866176746,0.8080548368105511,0.0004105984975361095,0.00010367787628017635,0.18826967805761238,1.981642287521332e-05,2
0.0003732627709150357,0.005138285655653239,0.46222045687781754,0.004206641892232652,6.814565397340659e-05,0.5279557237455614,3.7483403846670914e-05,3
0.0003564829058124676,0.0013875704636956648,0.9474226484999141,0.00031750621699441203,4.682766895285229e-05,0.05045444199992966,1.4522244700611305e-05,2
0.9118961608272549,0.005004359193710976,1.7132958681895453e-05,1.8730221553732102e-07,1.4277367779612038e-05,6.58554815024537e-06,0.08306129680220689,0
0.11438711509974263,0.001155695237403315,3.7551961287149983e-06,3.2853702874464574e-08,2.5014065272484e-06,1.4462775861502254e-06,0.8844494539289091,6
0.16276877304708723,0.001623002205805061,4.798727492279154e-06,4.1762313966258404e-08,3.0007220083157325e-06,1.8384502613284924e-06,0.835598545085032,6
0.10132095489922237,0.000527071271540824,3.4813801420563256e-06,3.0458123852859465e-08,2.4111185907549236e-06,1.3479638497802276e-06,0.8981447029085303,6
0.12549579611863113,0.0007371696439111364,2.7049521962346677e-06,3.420262818205305e-08,2.706311581999129e-06,1.5056596425720098e-06,0.8737600831114088,6
0.5151270902130797,0.011424262050630416,7.272793415604044e-06,1.0152025875271147e-07,5.589773561267201e-06,4.689911078323847e-06,0.4734309937379759,6
0.6534511754349943,0.013913520904621375,8.6645734349364e-06,1.3510630251320154e-07,6.697897543303444e-06,5.820121516584054e-06,0.332613985961587,6
0.6911319031931008,0.024700369805642986,8.190349894733827e-06,1.5550728767075033e-07,7.534024015718551e-06,6.845544825040142e-06,0.284145001575233,6
0.8976031678888611,0.03033945789417494,1.5444174369276023e-05,1.9528306425024703e-07,1.4845445628866271e-05,9.159124901496308e-06,0.0720177301890001,0
0.907715804722705,0.030205165133978997,1.5698881274696936e-05,1.9850369254587444e-07,1.5565124825177597e-05,9.260836651132803e-06,0.062038306796872465,0
0.8426630278686212,0.14975916608899492,1.3296535808240623e-05,2.2654594146571838e-07,1.4699175159601317e-05,1.085860135136236e-05,0.007538725184123355,0
0.8427307560751766,0.14977120283369472,1.3297604504141483e-05,2.2250511449546415e-07,1.528292524889206e-05,1.0859474100695016e-05,0.007458378582160513,0
0.8242341987387105,0.16645317350303804,1.5666839617922994e-05,2.6151183789456935e-07,1.710627583169424e-05,1.2007102372200657e-05,0.009267586028591726,0
0.7681361855656594,0.22419149021921328,1.807379964691373e-05,2.764963077660853e-07,1.789353322509045e-05,1.4907955825722608e-05,0.007621172430121942,0
0.7768472700859738,0.2170057791705516,1.9391610130192928e-05,3.622354962408167e-07,1.8423265947823086e-05,1.527336803358241e-05,0.006093500263866878,0
0.7242831573137279,0.2700801029413221,1.711552310238298e-05,1.8252711535243058e-07,1.510869041212069e-05,1.3119237214492235e-05,0.005591213767105506,0
0.6718253040396367,0.3254449764097134,1.8230488240569363e-05,2.412504444536152e-07,1.354502981211158e-05,1.2379791584678708e-05,0.002685322990567879,0
0.663435189531062,0.3342541807981644,1.843808075504419e-05,2.439975890018805e-07,1.4117646699197926e-05,1.252076159216423e-05,0.0022653091841383626,0
0.6106117454066069,0.38932638823119287,1.5608502881001486e-05,3.44122025573837e-07,1.1593929225696703e-05,1.0294057551640542e-05,2.4025750516495127e-05,0
0.5961598777236325,0.4038008256197403,1.3918512902220568e-05,3.247393477369522e-07,1.052295271050134e-05,9.859951254329843e-06,4.6705004124591476e-06,0
0.7267941943639381,0.2731682452264094,1.2235988287133481e-05,3.2147958837700905e-07,1.2019572275066141e-05,9.76097628066598e-06,3.2223932211919865e-06,0
0.6311659786509338,0.3687944699841786,1.260997001504024e-05,3.313053163138698e-07,1.2386939446613385e-05,1.0059311542995294e-05,4.16383856667377e-06,0
0.5827365575000981,0.4172159037296009,1.6016775955988968e-05,4.2081329440896175e-07,1.5104046568216156e-05,1.2777012083571965e-05,3.2201223986676386e-06,0
0.5889054581335325,0.4110448487126716,1.761944182513924e-05,4.4203714966425297e-07,1.58658255080017e-05,1.3420877442891942e-05,2.3449718702940215e-06,0
0.2845808928088795,0.7153546107223638,1.3253664755890874e-05,2.3381094906025388e-07,8.125574066273459e-09,1.6845987770061846e-05,3.4154879707694445e-05,0
0.276712858322912,0.7160306607418566,2.1452754885643416e-05,2.844788923781745e-07,0.007203882510897381,1.7711872970054856e-05,1.3149317586102845e-05,0
0.28116502702202373,0.6713276083542226,5.3711290972801146e-05,3.3816827194858266e-07,0.047341768438469774,8.528502622359069e-05,2.626169981548557e-05,0
0.2680333202715323,0.70337023807997,3.0120776714244245e-05,2.800073020692863e-07,0.028482027983871398,7.991465858124379e-05,4.098222028678796e-06,1
0.191332073791323,0.6890786657316559,4.178893723308899e-05,2.7422129091663507e-07,0.11943562027627687,0.00010718044235785625,4.396599862422386e-06,1
0.15020529063505778,0.7342906006187742,5.415239147661504e-05,3.088430137551901e-07,0.11529895912291772,0.00014490299116586865,5.785397594062203e-06,4
0.0017404631341506943,0.025275802869680206,4.047011100968628e-06,2.394840837352818e-08,0.9729677410953558,1.100589935861569e-05,9.160419451347709e-07,4
0.013125246308138792,0.9526200946484152,0.02162718754402614,4.5536728392299404e-07,0.0017626309649625205,0.010840285317918974,2.4099849254391506e-05,1
0.017676244163277698,0.9476464390156899,0.00752927327351873,2.180871257545688e-07,0.02003062504939674,0.007109230983884758,7.96942710640005e-06,1
0.011447171070339815,0.9076601340267154,0.0013808618208374188,1.0556508337419993e-07,0.007733466547502624,0.07175909842779846,1.9162541722781895e-05,1
0.03258525508631258,0.9249829745266843,0.0008029600764143533,1.6394479992837986e-07,0.03028064844167523,0.011334038946248293,1.3958977865125232e-05,1
0.04562668621191054,0.9147919782378064,0.00041683727121154886,1.3972575321214755e-07,0.03749171763628612,0.0016607440548126768,1.1896862219041855e-05,1
0.038362598492154704,0.9270505855520192,0.0003581269978897598,4.73332515466831e-134,0.033211331452635114,0.0010062700470246174,1.1087458276558412e-05,1
0.04490838284115494,0.9179070858614189,0.0003289642784602212,4.836803837808164e-134,0.03580425395763877,0.0010399832120158393,1.1329849311261284e-05,1
0.06178482042926972,0.9122395754874073,0.0003552426643342688,1.4407913719845863e-07,0.023921917179945698,0.0016860326315192298,1.2267528386738876e-05,1
0.07530859125213864,0.8504920752063615,1.5888724050881552e-05,1.559839014703399e-07,0.07416348641600277,1.27560177789514e-05,7.046399765805327e-06,1
0.09184881342047435,0.8098299024346954,1.6994947971764523e-05,1.4988914216194056e-07,0.0982880870892975,1.2249495549436007e-05,3.802722869260282e-06,4
0.2231568527780198,0.5407708117342613,2.6626418986828104e-05,2.247426371471013e-07,0.2360184411831225,2.1838147808038524e-05,5.20499516431831e-06,4
0.37177814188543884,0.5839125363649935,3.617101459776902e-05,3.0514467408761275e-07,0.044220838079729305,3.087854920509537e-05,2.1128961361458395e-05,0
0.15622890535512665,0.8356675687320098,2.9412265722602026e-05,1.8424865251280762e-07,0.008044868682714422,1.534944301471083e-05,1.3711272759427638e-05,0
0.129311014260958,0.8619933649296004,2.582532458522085e-05,1.7606808167245386e-07,0.008642755229358513,1.3761690007857134e-05,1.3102497408345418e-05,0
0.14273366420765196,0.8535551635731957,2.4637276646566988e-05,1.644939867297177e-07,0.0036693134191292187,1.2190684974365045e-05,4.866344415513198e-06,1
0.16640759127751487,0.827803202232535,2.3794790512116656e-05,1.5987018528479328e-07,0.005748674260046904,1.1848014048091579e-05,4.729555157818803e-06,1
0.24004828855421828,0.7598219565236569,2.46302794470548e-05,1.791129825819591e-07,8.788177417252195e-05,1.2256558996331746e-05,4.807196526288985e-06,1
0.21018284560322367,0.7888703698689989,2.1096803123562187e-05,2.0291838791518225e-07,0.0009057269323632324,1.3508681042105894e-05,6.2491928607355695e-06,1
0.21122128508999716,0.787400085685631,1.9353231619689854e-05,2.0246652939018834e-07,0.0013354937397324798,1.131489543695132e-05,1.2264891053311914e-05,1
0.2887636874045755,0.7083099890816799,3.1163929829725687e-05,2.0538494782704263e-07,0.0028788006085239152,1.0927630159701802e-05,5.225960283671668e-06,1
0.2492382517872048,0.7486804565081033,2.7424248241589147e-05,1.7252202217954948e-07,0.0020386881349485956,1.0284885513094823e-05,4.7219139663709205e-06,1
0.2178603262843998,0.7786556867757053,2.524976101442986e-05,1.9272510498683233e-07,0.0034418028693226897,1.1803358412761974e-05,4.9382260400167315e-06,1
0.19334961973446488,0.8035896129676773,2.4331781784473273e-05,1.853016673872132e-07,0.0030201534868206682,1.1348713468352346e-05,4.748014116856107e-06,1
0.10333509673857996,0.8908768249295077,2.0795185525205587e-05,1.654068406544315e-07,0.0057537103624900375,9.16913125164921e-06,4.238245804937657e-06,1
0.4077593270355206,0.5865770870967602,0.00013136464795939574,1.336681255876955e-07,0.005169648998878738,0.0003593689597562516,3.069592999244306e-06,0
0.14992882376116437,0.8354832880999787,0.0002307738944498995,1.8908047330231267e-07,0.014047956929950136,0.00030504911066544556,3.919123318118253e-06,1
0.13825487427986807,0.8329662507188039,0.00021726520645035658,1.9327387621889006e-07,0.027939623338173347,0.000613009526950908,8.783655877366226e-06,1
0.5021255934132952,0.43874693014605104,0.0011271770243459509,2.2661445216642103e-07,0.010363361824560003,0.04763216428533009,4.546691965473317e-06,0
0.21728042641960174,0.760754490415622,0.0008452547431785844,2.0668147204598572e-07,0.005432670337119306,0.015679013887197345,7.937515809018872e-06,0
0.06599914855679247,0.900731364803044,0.0025773540300448664,1.9553159942956366e-07,0.0023730258936017824,0.02829057701706372,2.8334167853886437e-05,1
0.047769261040625,0.9282657116247099,0.0023122066688270296,1.90262045074919e-07,0.0030469505079064345,0.018587516088081152,1.816380780529732e-05,1
0.031369190765195884,0.9399756701471293,0.0020359609664350278,2.0870698145514376e-07,0.01985185756509554,0.0067531908370242425,1.392101213844091e-05,1
0.18487344938173386,0.6276184929496722,0.005175500990622049,5.372660790004459e-07,0.01699611626041067,0.1653246169148135,1.1286236668667972e-05,1
0.14692713614554573,0.6823847856425515,0.006354909316741734,4.606138479192382e-07,0.0160449587626968,0.14826950249520512,1.8247023411092018e-05,1
0.022840978965539663,0.8362378093638362,0.0016904884444226788,1.9616604241750315e-07,0.006316241354675202,0.1328955582588669,1.8727446617081658e-05,1
0.027919734592788716,0.9048605707048463,0.0024008785077109835,2.4097072487543677e-07,0.036027632002627104,0.028784075184618393,6.8680366833231654e-06,1
0.022234538585324003,0.9027807732017566,0.0022470580917447382,2.017420777913272e-07,0.010292190046653441,0.062425978556665186,1.9259775778190998e-05,1
0.007817847347997384,0.41281920027045516,0.0015677410342734392,9.396607513977697e-08,0.00490421813878601,0.5728838987509568,7.000491456080833e-06,1
0.01771354985236668,0.9198978846239978,0.003856879540739978,9.173269046786912e-08,0.009869543904397886,0.0486453987082369,1.6651637570374832e-05,1
0.033901282858279064,0.9458794658347138,0.006362605031087989,1.2850415789909968e-07,0.012304124725353026,0.0015291471961040328,2.3245850304352284e-05,1
0.027767975652578044,0.8772382007674588,0.004104240351277334,8.485805961155417e-08,0.08758486143339717,0.0032913023154825345,1.3334621746538085e-05,1
0.0211186624867675,0.939414261577383,0.0019244201978941148,8.754774023685198e-08,0.02070425520959855,0.01681901847641129,1.9294504205119776e-05,1
0.016014003801104647,0.9265199084852206,0.00236662138758957,8.810091136785955e-08,0.028335161747385512,0.026745417603214385,1.8798874573698376e-05,1
0.01741414620747423,0.9053008385054027,0.0017378241004270855,9.186126359060495e-08,0.02260235158868684,0.052920944618939335,2.3803117806181963e-05,1
0.0279706490749452,0.42329206428994176,0.0009114770713298163,1.1542919382630612e-07,0.009818517102708505,0.5379929981191899,1.417891269108148e-05,5
0.17449364282749882,0.4024987755997678,0.007795049976197163,2.1453404637186545e-07,0.014447016284221778,0.4007578171942368,7.483584031299622e-06,5
0.039872700553191046,0.9392974520662402,0.0016467520139225912,1.8362277437357687e-07,0.004981952446965572,0.014187045566800843,1.3913730105454828e-05,1
0.05296707797435117,0.8735165795375793,0.007910688452685619,1.9060823370019897e-07,0.058595777614238245,0.007006628181032598,3.0576318793875534e-06,1
0.058995770268756076,0.8871556040445964,0.005011572273537131,2.14067358661518e-07,0.04308889521487315,0.005744510180689212,3.4339501892098144e-06,1
0.04028384931982052,0.8695253439086176,0.0005000703785937226,1.7509836209874134e-07,0.08559073652645978,0.004096658832051095,3.1659360950146696e-06,1
0.03536751469479798,0.8738943422691404,0.0004223015896807536,1.4896068305752727e-07,0.08724471428448004,0.0030647754462647682,6.202754953081548e-06,1
0.005291777887466541,0.9499985927314143,0.03426875529894183,2.2574497757032503e-07,0.0064624531671687085,0.003960639613446412,1.7555556584724006e-05,1
0.07317668630301627,0.623819486936294,0.03152810221570299,7.975510356276413e-07,0.0057516324915521545,0.26570821422663854,1.508027576037365e-05,1
0.06587084356954741,0.32723938095461275,0.009963259386047356,5.597720465358616e-07,0.01647230318414293,0.5804481096760684,5.543457534546328e-06,5
0.003158240384274012,0.12356053638306747,0.0013523186720054052,4.715586710216977e-08,0.0010033579145400883,0.870921986368683,3.513121562880744e-06,5
0.010245961256559065,0.7745743366754448,0.004554689594432235,1.5755052554445764e-07,0.0037266459895585148,0.20688647138770788,1.1737545772071272e-05,5
0.017772354098845648,0.19250587779342299,0.0003059050021697792,5.4055833998669885e-08,0.012306781386157274,0.7771067242408403,2.3034227301202316e-06,5
0.02978943177186493,0.27582907271206575,0.0003580470207313012,8.806906011938098e-08,0.01504209594886817,0.6789796646399449,1.5998374648492103e-06,5
0.028354012936438702,0.08090041453819752,0.00010231494260469303,2.9588187034262096e-08,0.0026501158202081525,0.8879908974593153,2.2147150486884117e-06,5
0.019503037769748956,0.1045000257838813,7.422904324068409e-05,0.0,0.0015304460955492538,0.8743912499458484,1.011361731438737e-06,5
0.05895294868659147,0.32626646416225535,0.00033898677266934186,5.948024955009765e-08,0.0038417898023314525,0.6105979949901309,1.7561057718658242e-06,5
0.03240130116638645,0.21481430529186105,0.00026712090726329734,0.0,0.002909330644795728,0.7496066235034567,1.31848623656644e-06,5
0.0005664817727256786,0.006486213245160317,0.8938154789258653,0.00026041694877347604,6.052509142056071e-05,0.0987966319256412,1.4252090413346615e-05,2
0.0009877671705286206,0.008674382785859148,0.8590112455677166,0.00029248255785553666,0.00011927033062584642,0.13088461443172258,3.023715569173907e-05,2
0.0005608571531005237,0.005139189341096744,0.8882464451794744,0.0002095284021543492,0.0001165186975386625,0.10571240810803126,1.5053118604145815e-05,2
0.0005757654346721077,0.0024478614761661633,0.8633082309139855,0.0003191560830384028,0.000138109827934622,0.13320424748882068,6.628775382542135e-06,2
0.0001299456476941973,0.0004537506222447445,0.9956903873413913,0.000428914888076322,1.7040045744254284e-05,0.0032762066803285867,3.754774520696531e-06,2
0.00012855799078722056,0.0004489051334101766,0.9852827619873238,4.621480588539177e-05,1.5782680203736712e-05,0.014067052958672261,1.0724443717392279e-05,2
0.0005377681085114906,0.002004684193801803,0.6922692379462976,6.445214332980292e-11,0.00010882053187512229,0.3050732298520103,6.25930305162866e-06,5
0.0004287316686149902,0.0031576413342768515,0.2752196164481761,2.916860770765458e-05,2.495015507111503e-05,0.7211218696064606,1.802217969264836e-05,5
0.00014076660895816415,0.0012426784374948122,0.07227963940355978,0.0008071635837344736,1.732882801080239e-05,0.9255055368614433,6.886276798757468e-06,5
0.00032673500070144594,0.002376939577991559,0.1628561575081772,5.076476456091027e-09,4.033381628918038e-05,0.8343838452038091,1.59838165551112e-05,5
0.00021188839333531698,0.0015454920371224367,0.07726999802311756,0.001294607067904562,3.2314925614555315e-05,0.9196358905505755,9.809002330103902e-06,5
0.0001546992795568203,0.0010988348400813382,0.060986861708103614,1.1819396669714499e-05,3.026607388150467e-05,0.9377103571693091,7.1615323980340075e-06,5
0.0008905827435066861,0.014836990039511038,0.63109901821602,4.1142188021584135e-05,0.000249459123369816,0.3528583101525207,2.449753705014295e-05,5
0.0004389132121298202,0.006229607343257028,0.3265045952345721,4.5222625625320545e-11,0.00012379928251094455,0.6666687508846815,3.433399762591247e-05,5
0.09808496426787353,0.0007107971335159883,1.7693718385602323e-06,2.519167600403871e-08,1.43883370935766e-06,1.1089817333959631e-06,0.9011998962196532,6
0.1165609734379484,0.0012101586623355929,2.088473428501364e-06,2.9807957152127045e-08,1.756869389282588e-06,1.3812258380667588e-06,0.8822236115231031,6
0.32761973666654964,0.0047705175980071865,5.5285849214352256e-06,8.01431428821226e-08,4.70633032027455e-06,3.7136318711047432e-06,0.6675957170451874,6
0.5576181928532356,0.010863148285569243,7.14744080500534e-06,1.1144972188735802e-07,5.500487333070356e-06,4.6090765813776896e-06,0.43150129040675383,6
0.8846598606724545,0.0261069121475286,1.4794884117980825e-05,1.8707314724018135e-07,1.3441652455897043e-05,8.668499597536722e-06,0.08919613507069804,0
0.8836248939679513,0.026498407065443375,1.4814068044154081e-05,1.8731571740274809e-07,1.3459081701459508e-05,8.917217358592375e-06,0.08983932128378377,0
0.9039971468691809,0.030542799946959524,1.5626180420042044e-05,1.9758443034828735e-07,1.5493043390978563e-05,1.0208609576295736e-05,0.06541852776604196,0
0.9039093558110414,0.031653004007059914,1.609214059732638e-05,2.0347623971685376e-07,1.68771948691101e-05,1.0457305901996215e-05,0.06439401006429042,0
0.9008374398405667,0.030500394013344513,1.6759281759872005e-05,2.1191187165121972e-07,1.8401919573542688e-05,9.221547885785062e-06,0.0686175714849979,0
0.7813447459137572,0.21239993960971024,1.812739198753919e-05,2.648058108103618e-07,1.600411538159681e-05,1.427763488724515e-05,0.00620664052846534,0
0.7387234466138867,0.2588315352861552,1.91306245732075e-05,2.4988812324285964e-07,1.5003293928716305e-05,1.3475848651395901e-05,0.0023971584446817224,0
0.6098729939789621,0.39006110559453794,1.6556821925964544e-05,2.191022311453771e-07,1.271954056986231e-05,1.0919489144958104e-05,2.548547262809213e-05,0
0.7165661951154229,0.2833946932235075,1.269406019006554e-05,3.3351464131642067e-07,1.2614665537605048e-05,1.0126392532662642e-05,3.343028167890892e-06,0
0.6311660724754792,0.3687945248064831,1.26099718895467e-05,3.313053655633093e-07,1.2386941287965742e-05,9.910660308909059e-06,4.163839185639738e-06,0
0.5777925459840303,0.42216646790112045,1.3233209999458573e-05,3.4767987707260987e-07,1.247910444823754e-05,1.0556486806841117e-05,4.369633717678809e-06,0
0.5525038020200936,0.4474488603125982,1.678426929186306e-05,4.2108431303349553e-07,1.511377548203949e-05,1.2784719480340783e-05,2.233818740881003e-06,0
0.3013476805864244,0.6985472260237618,2.4053354452832118e-05,3.288122805775127e-07,4.8727285798889664e-05,1.776912384806456e-05,1.4214813433554697e-05,0
0.3825094396654306,0.6174162633420437,2.1232884691506444e-05,2.655327813931741e-07,2.8902953380035896e-05,1.4349478888104052e-05,9.546142785038768e-06,0
0.3591486685853143,0.6272911922429693,2.1214475624036277e-05,3.429081806996332e-07,0.01350806337765279,1.7515144296489092e-05,1.3003265962348398e-05,0
0.24162229984274844,0.6791314747263031,1.924501830279258e-05,3.1107411423663394e-07,0.07919906158993412,1.588911640031632e-05,1.1718632197167751e-05,0
0.2263121886333076,0.6234565250197042,2.5083775038141647e-05,3.4479593592611913e-07,0.15016722350234252,1.9099015472203567e-05,1.9535258199428826e-05,0
0.2491588754074663,0.6908384992693684,4.050520401648872e-05,3.0622535235151966e-07,0.059856441189125746,8.802275734792591e-05,1.7349947322696507e-05,0
0.18587313298334193,0.6338719395887609,4.410342937511583e-05,2.531385195573941e-07,0.18011650306923502,9.00092117397962e-05,4.05857902768822e-06,1
0.1529502486428466,0.6985088884890907,4.8005733107754196e-05,2.7251998367107313e-07,0.1483597650207585,0.00012845027147070502,4.369322741901318e-06,1
0.14399393857734302,0.7541728302386868,4.288683033728208e-05,2.8577468105808347e-07,0.10165306158791751,0.00013241515525040271,4.581835783880609e-06,1
0.010448954353335583,0.9545213298339086,0.014829626839716798,2.4824433617662517e-07,0.0013112890471801393,0.01887005742865723,1.8494252865620403e-05,1
0.023668347561873228,0.939290955337949,0.0007527353177519127,5.102496713646271e-134,0.032639988162484465,0.003636021405045767,1.195221489549109e-05,1
0.04303249708773127,0.9200829508040188,0.0002668532531011651,8.947398518208702e-51,0.035951964357047166,0.0006540194788963,1.171501920535793e-05,1
0.04742987609364647,0.8540410871026407,0.00017554875255414962,1.181639238605192e-07,0.09813481161504108,0.00021501674605200444,3.5415261418205633e-06,1
0.07105217903472422,0.7900359440642741,0.00015047832380729782,1.4463406921136927e-07,0.1385979528146455,0.00015963172804965838,3.6694004297524348e-06,1
0.3751786523207847,0.5807518661569104,3.597522389091589e-05,3.0349295123448147e-07,0.043981474344939236,3.0711406175166714e-05,2.101705434838441e-05,0
0.1639344726145334,0.8265960714959455,2.301349185052635e-05,1.6930343548002253e-07,0.009420705692197452,1.2968310802449432e-05,1.2599091235217492e-05,0
0.19515237431694032,0.7943054992042219,3.3605681030614946e-05,2.2716266131985954e-07,0.01047472744086284,1.8924536366727902e-05,1.4641657916321635e-05,0
0.19020470142326415,0.8055680142384165,2.7967986611096523e-05,1.7413993903802473e-07,0.004179724449312117,1.4266054867735872e-05,5.151707589456846e-06,1
0.16935540531837204,0.8304123168608197,2.777629045990626e-05,1.866207101125026e-07,0.00018613654998675142,1.2657424397100996e-05,5.520935254413254e-06,1
0.17809563519121496,0.821730329973139,2.808672968630561e-05,1.8193528417800566e-07,0.00012832606433381603,1.185746684829591e-05,5.582639493568403e-06,1
0.10531337485550649,0.8914530089093876,1.9267994955795626e-05,1.7581818100482376e-07,0.0031986613778554203,1.100602687780767e-05,4.505017235848523e-06,1
0.5320588478535122,0.46353857558448924,0.00013908359670728642,2.0305458519628444e-07,0.003986876952201773,0.0002719379882639834,4.474970240236442e-06,0
0.3875187923499456,0.6079104632835081,0.00012809369893821787,1.669799004753215e-07,0.0041070107654328945,0.0003324961122292616,2.9768100455888e-06,0
0.15555635130891193,0.8256064023352098,0.0002560440218782595,1.919053839904761e-07,0.018341832303300373,0.00023520044929171272,3.977676024044061e-06,1
0.14553877885156075,0.8179205996549563,0.00029863084215135655,2.2293542015971472e-07,0.03574598050995374,0.0004802009772407519,1.558622871687924e-05,1
0.4535429960416284,0.5379983652269779,0.000302189957078501,2.4030455313081084e-07,0.006044433907636295,0.002107417309391602,4.357252734126263e-06,1
0.30500491249528344,0.6885559939528656,0.0002719075600692908,2.087924579452258e-07,0.004797576263906487,0.0013656322689248534,3.7686664925100286e-06,1
0.1816415957590044,0.8069727228117587,0.0008401180904603299,1.9333092055075729e-07,0.0044361963291212414,0.0060868295166645135,2.2344162070394226e-05,1
0.19208653515047658,0.7830185005545608,0.0006383935088322647,1.875920749750044e-07,0.00484144545983191,0.01940926917515879,5.668559064589046e-06,0
0.4054055914729234,0.5248504768217105,0.001064229657703617,2.2922006198319465e-07,0.007101529177422294,0.06157297225233478,4.971397843366464e-06,0
0.3177355971912481,0.6064078273587726,0.0012194272901011214,2.902486684864443e-07,0.012982422276571311,0.06164549605753736,8.939577100923508e-06,1
0.34406305000750953,0.5843973029055854,0.0010814971789778567,2.5741847727890176e-07,0.011408974987314798,0.05904098908566111,7.928416474181152e-06,0
0.22696031224771468,0.7439727246634986,0.0005370706430932765,1.9973472473455588e-07,0.00662841703459284,0.02189496151959166,6.314156784326865e-06,0
0.13289224486600715,0.8384310493382429,0.0008529620608662448,1.9346509753054806e-07,0.00490699639022403,0.022882630115587298,3.392376397476857e-05,1
0.04021393740442514,0.9426824508745223,0.003140073210980611,2.069306387818055e-07,0.003191880255197711,0.010741465340024094,2.9985984211558205e-05,1
0.039047154789953506,0.946790264258969,0.0012249706912169241,1.8858509420921088e-07,0.00400234583309221,0.008917072127876418,1.800371379804719e-05,1
0.04112767655168205,0.9433784058697465,0.0014501387573637307,1.9287678686423352e-07,0.005644769851622032,0.008380402662598619,1.8413430200047082e-05,1
0.03903013006598843,0.9419013235459319,0.0014405592523452635,1.9460959800681704e-07,0.01422039106291373,0.003394420763884269,1.2980699338475518e-05,1
0.22166699017373415,0.67882606257539,0.006197058326696733,4.6728822804053977e-07,0.0130739539419277,0.08022552897194339,9.938722079861592e-06,1
0.03957964652025408,0.8577684258022471,0.001040970024463472,2.3683514409270594e-07,0.0169018349593727,0.08468786623910826,2.1019619410417576e-05,1
0.04977099562172079,0.8547300529783759,0.001460503099037714,2.0090136565197403e-07,0.010562486354444766,0.08345658152981313,1.9179515242187725e-05,1
0.023968365806759803,0.8968493384558637,0.0019134898138532816,2.103843947255644e-07,0.012649844546367436,0.06459866615813471,2.008483462649749e-05,1
0.025856270898696236,0.9203465976092288,0.0015512498584384004,2.4509476259948386e-07,0.028794195381847344,0.023442976908473218,8.464248553284604e-06,1
0.02196829556943577,0.9069745108933384,0.002239823355039906,2.0933048789608426e-07,0.0071254946277650374,0.061671682002968645,1.9984220964493438e-05,1
0.036547008756521136,0.9291942741728889,0.0009000391898213871,6.915240332431042e-08,0.026607825044881777,0.006714072402271585,3.671128121176507e-05,1
0.042816637368579075,0.9294485802361442,0.0011809167699795378,9.0784256611678e-08,0.019761126911410024,0.006726570597538221,6.607733209209625e-05,1
0.02113619277857067,0.9393839538448063,0.0017880823150194258,8.762041233121488e-08,0.025744070907698757,0.011899198167088365,4.841436640407298e-05,1
0.01924609206641556,0.9029538586717825,0.0013428073844403477,8.39636279932887e-08,0.017958099159716426,0.05847730207388415,2.175668013305118e-05,1
0.023838037197152467,0.9159191712638501,0.002801657776482209,8.930380732434537e-08,0.023032145677030526,0.034385758352695646,2.3140428981638466e-05,1
0.020144063622503504,0.8693706609803543,0.001619398025143719,2.0786336738081428e-07,0.025977262116246052,0.08286598129873804,2.2426093646993943e-05,1
0.022493132345141893,0.44113417607618133,0.000835457423708167,1.2073695563463255e-07,0.007912779464483375,0.5275999947205854,2.4339232944233488e-05,5
0.11221806245235022,0.38488511922315033,0.00421674448923546,1.6812293213377215e-07,0.004154935958722188,0.49451905887667735,5.910876932383696e-06,5
0.0412212377692487,0.8647826555902898,0.01679415322938831,1.6972536168688634e-07,0.06292433259391444,0.014274728451402409,2.722640394699092e-06,1
0.06731644916036797,0.8693729550229905,0.007663263015600468,2.1274562694955666e-07,0.04847373129148013,0.007169976016233924,3.4127476999991595e-06,1
0.07027053052769573,0.8387697240365547,0.000506413627038806,1.6890503064192336e-07,0.08722221308716038,0.0032278958614356864,3.05395508404169e-06,1
0.05183453065123776,0.8530017844185056,0.0005034026211517983,1.6722275913808888e-07,0.09153412986705922,0.0031229616811866414,3.0235381000575636e-06,1
0.05340019739235352,0.8733002090592555,0.0005336116202289144,1.7353346959853686e-07,0.0695142081041823,0.003248462649080932,3.1376414291375476e-06,1
0.008001085470382167,0.9344438476801609,0.036702777698639256,3.132169903613966e-07,0.007973260297811827,0.012856082829342209,2.2632806673221025e-05,1
0.016515490272707444,0.906589995212713,0.03222007873844392,6.5195356077573946e-18,0.009664333833218918,0.03498797703063435,2.212491228224574e-05,1
0.007122062893619927,0.435050489857238,0.0036115373714539455,1.4480274120189278e-07,0.0006170476740641364,0.5535790823998602,1.9635001022629705e-05,5
0.12976304244102607,0.14300672383537819,0.0002622799218697322,6.50416310414285e-08,0.010077170500103554,0.7168876192591604,3.0990008309988443e-06,5
0.0163563467485438,0.09182047321103673,5.467024235788222e-05,2.535219804023164e-08,0.002424685726378697,0.889341125814169,2.6729053157224536e-06,5
0.027714915751118917,0.09927666486265538,9.376847179606897e-05,2.5746166276437015e-08,0.0025614697339786897,0.870350235611032,2.91982325256617e-06,5
0.052342198590911444,0.28296435670314746,0.00021507595895058486,5.2810370024736254e-08,0.0034076228739328665,0.6610691530967169,1.5399659706632347e-06,5
0.0002182754969205473,0.019019147192154397,0.9525220594254169,6.349711469659577e-05,5.7926156353446744e-05,0.028116055510702127,3.0391037562045562e-06,2
0.0008932661994935641,0.008398910772277302,0.8716637765960024,0.0002650422532070716,0.00014640093115093165,0.11860520289984829,2.7400348020307907e-05,2
0.00042025614736955984,0.0015247294513106029,0.8369689171490864,0.0018831221255466194,6.814403260180277e-05,0.15911760402892194,1.722706516317859e-05,2
9.022896489681694e-05,0.00030203322969819737,0.9956622680654114,0.00029319107882254256,1.6867499764326846e-05,0.0036328505862774085,2.5605751294685223e-06,2
0.0005455816616602165,0.0018987591501508935,0.28743879424213153,6.003752739227132e-05,0.00010726777750629226,0.7099242511494424,2.530849171639e-05,5
0.0002222323354687859,0.0015056791848082078,0.07152680404221941,1.5816505965698593e-11,3.161892350145214e-05,0.9267036440844667,1.0021413718857668e-05,5
0.00019005558976487242,0.0013818396670190948,0.06482909291461096,0.0015841930085527727,2.800463011237031e-05,0.9319780248144108,8.789375529149684e-06,5
0.00019284294071504463,0.0013660896015703118,0.06458736614441477,1.7378379758083567e-05,2.686746564671852e-05,0.9338019860417824,7.46942611259615e-06,5
0.0003140063381909932,0.004715773886985393,0.22238042511184608,0.004630704078038382,9.535917184665136e-05,0.7678562098528853,7.521560207121472e-06,5
0.00037782545921805397,0.005575943551209384,0.3230940717560498,4.165756432876153e-05,0.0001228776449979977,0.6707580686176571,2.9555406538924263e-05,5
0.0003543640438417032,0.005271710603248125,0.6619645102101546,0.0001129671026765444,0.00012418875067496925,0.33216930139141837,2.9578979856086566e-06,2
0.12623664588443206,0.00091480530893884,2.2716258994429927e-06,3.2422020099555604e-08,1.862828620714797e-06,1.5023549468780098e-06,0.872842879575142,6
0.3128183838574142,0.00475429368814357,4.677370601649989e-06,7.293402868799362e-08,4.017683814847229e-06,3.016234746203447e-06,0.6824155382312508,6
0.36052989242486777,0.005119588729332442,5.036755275517818e-06,7.853789768752407e-08,3.876749554323789e-06,3.2479864359649443e-06,0.6343382788166364,6
0.8867120648031501,0.020394699780711133,1.4829204791552477e-05,1.8750711322256095e-07,1.3472833948264512e-05,8.688608490764314e-06,0.0928560572617947,0
0.9034095008756586,0.03360748858053911,1.5855904796530616e-05,2.0048916834858541e-07,1.581017875036453e-05,1.035868889233396e-05,0.06294078528219481,0
0.8413321760151099,0.15058475774062402,1.3766388665697765e-05,2.0417286218282964e-07,1.4519168409377168e-05,1.0824679064477472e-05,0.008043751835264122,0
0.839687971760457,0.1502904719562199,1.3552695109273846e-05,2.0379577587325252e-07,1.5065057568332814e-05,1.1350981946747146e-05,0.009981383752923127,0
0.768854260527186,0.22155680215654316,1.9280091505320816e-05,2.949503822525645e-07,2.1161253055007693e-05,1.5902951127727767e-05,0.009532298070200444,0
0.6394157409477328,0.3604909159671124,1.5328989105272634e-05,2.0285388881917026e-07,1.1776275645854897e-05,1.0109713741361887e-05,5.592525277345307e-05,0
0.6250042159530252,0.37495645128677113,1.4488565813105417e-05,3.194306752721551e-07,1.0231848426840807e-05,9.698765823328415e-06,4.594149464816888e-06,0
0.5645742620840491,0.4353787013044412,1.5594753859912124e-05,2.1971133928584674e-07,1.4706073754618935e-05,1.338079637151441e-05,3.135276184420529e-06,0
0.17566874902436408,0.6716583063284308,5.003859579507888e-05,2.6836899834421336e-07,0.1525311327650312,8.159566191983116e-05,9.909255460684032e-06,1
0.2909728412034028,0.6615975005882864,3.4837928930790205e-05,2.8335831996920046e-07,0.0473159057386075,7.44839145051864e-05,4.1472679473903255e-06,1
0.1816044326296756,0.662026095923248,4.907476783348998e-05,2.6446322966895823e-07,0.15621252560077264,0.00010336646672677001,4.240148513967142e-06,1
0.20589098731482292,0.608079510364913,5.933802019608151e-05,2.501059993505693e-07,0.18589852039096658,6.738384458030222e-05,4.009958521674439e-06,1
0.0015107316644388889,0.024323032728742908,1.8902211500950894e-06,1.1363120539117595e-08,0.9741594444199356,4.707417289876259e-06,1.8218532205131131e-07,4
0.005310453369087237,0.2734013089394281,1.5081354929141158e-05,8.905110110391161e-08,0.7212531545509767,1.4813687461966084e-05,5.099047015828988e-06,4
0.009859695770996933,0.9555723818661056,0.014278501487831299,4.3657343704656767e-07,0.003033255112958189,0.017209915679905614,4.581350876509825e-05,1
0.3361671986233717,0.555445956321347,0.020375736532105438,1.244449679569929e-06,0.006998810818178011,0.08098293178660355,2.812146871483026e-05,0
0.012238669535439829,0.957670545109642,0.014878553653521148,2.490633591058852e-07,0.001200919865862595,0.013989429114429967,2.1633657745490222e-05,1
0.008674363629391509,0.963715202859394,0.014856892660879294,1.9390667375038786e-07,0.01038444616824949,0.0023649192046314247,3.9815707804421466e-06,1
0.073491664642484,0.8588501316168798,0.0010332420620548868,1.640371254872633e-07,0.06054114754057021,0.0060763907519604315,7.259348925332421e-06,1
0.04160927585338394,0.9174239686865496,0.0007072018993990433,1.5021369813631472e-07,0.036649188000961765,0.003601964034719542,8.251311288046815e-06,1
0.03264032160777228,0.924547150140943,0.0006541534696078076,5.050519848489172e-134,0.03959420955384656,0.0025523347648333783,1.1830462996995977e-05,1
0.08225990837232545,0.8885530835509895,0.0004073311121319111,1.411237125518753e-07,0.026795552996056952,0.001976230850812279,7.751993971506193e-06,1
0.0484765761662882,0.9198449043243112,0.00024567157604398794,1.0917567881952073e-93,0.030369599032800516,0.001055883066954512,7.365833601741187e-06,1
0.044850423604872465,0.8890024549810635,0.0002297045052124482,1.0551501240969893e-93,0.0651158779694907,0.0007944200825578466,7.118856803082532e-06,1
0.06040903203391423,0.8835356648618307,0.0002212044158943626,1.0161048720653986e-93,0.05534242964608433,0.00048104286454241205,1.0626177734052197e-05,1
0.042303192874714,0.8717565503050395,0.0002275558611879482,0.0,0.08542947312771186,0.0002776655924695963,5.562238877096382e-06,1
0.0711792720205173,0.7926467032733733,0.00011301249519120597,1.4184001580878447e-07,0.13592050562834584,0.00013676622792019056,3.5985146363007353e-06,1
0.09980746640252429,0.7339298792887192,9.93882418541089e-05,1.355592488847868e-07,0.16603488578417896,0.0001248055533756514,3.439170098905396e-06,1
0.24488736710939812,0.666645128081914,3.869867924053057e-05,3.2663961424662793e-07,0.08839651811603998,2.1884277206995476e-05,1.0077096585918807e-05,0
0.367965644844018,0.5874658779036964,3.639112970176628e-05,3.0716253890480245e-07,0.04448993958216175,2.0579347561688543e-05,2.1260030321430645e-05,0
0.3869215707737536,0.5698371912315405,3.529910402455173e-05,2.9794519989083455e-07,0.04315488467181401,3.013421471968136e-05,2.0622058947647345e-05,0
0.17321185364650335,0.8163061593133782,2.8181488442759038e-05,1.754692873556997e-07,0.010433522685830683,1.4916361896572122e-05,5.191034660862921e-06,1
0.1441720895699035,0.8518127259080318,1.717876624237498e-05,1.5442970936523925e-07,0.0039845935110290245,8.691603168030342e-06,4.566211915724936e-06,1
0.1936319466986964,0.806292092544878,2.3107591959696275e-05,1.8667062929080896e-07,3.2878106292919256e-05,1.4060445148669488e-05,5.727942394882187e-06,1
0.3437840153484533,0.6553131182698201,1.904095392930556e-05,1.5511816355670818e-07,0.0008707712304541491,9.176002190751778e-06,3.7230769887763814e-06,0
0.3803476689793364,0.6170567121619864,3.384789874200477e-05,2.2307356470013153e-07,0.002544003080672637,1.1868763700746655e-05,5.676041997204513e-06,1
0.25433446559280004,0.7433273993865663,3.694495717953236e-05,1.940589494962497e-07,0.0022853031778129864,1.0755053142328125e-05,4.937773549074645e-06,1
0.16072379746020907,0.8310140589363515,0.00011096797906760894,1.3580962589920355e-07,0.007949621734157463,0.00019719212978088448,4.225950807688787e-06,1
0.46527665052459627,0.5270826007905189,0.00012500128527807665,2.1346359555750737e-07,0.007222471051351343,0.00028835851791758117,4.704366742422089e-06,0
0.1541722383167108,0.8198057773426727,0.00023617285595792787,1.902202402521442e-07,0.02542253268174432,0.00035444370441145426,8.644878262763685e-06,1
0.16163833892689283,0.8235167543822932,0.0007456678137040566,1.9729446573975412e-07,0.004361499995156706,0.00970608122758664,3.1460359900859434e-05,1
0.18015843245650953,0.7951596502270091,0.0008482872777795653,1.9050079738453064e-07,0.004449300351834246,0.019377164236984143,6.974949086091253e-06,1
0.1794093328897325,0.8070172971313512,0.0008837727832084125,1.963192380186541e-07,0.003987837245275706,0.008678874095245554,2.2689535948666048e-05,1
0.19126763380305672,0.7896959476755538,0.0007036519153514911,2.1071837724692976e-07,0.004642115046015782,0.013665195266493428,2.524557515154383e-05,1
0.06361181806043519,0.9053173628009737,0.0009038732702588495,1.873648132153488e-07,0.0030232065745613755,0.02711129887821718,3.225305074052245e-05,1
0.05995070111434912,0.916604559287022,0.001506256919940614,1.9884016878327829e-07,0.0022803869340552205,0.019623668481618915,3.422842284506256e-05,1
0.13122097293161614,0.857788217789636,0.001053702700993582,1.7537759421653104e-07,0.0036941155431354997,0.006226072827873367,1.6742829151500693e-05,1
0.03660611690283948,0.9490585715015746,0.0006706425515283798,1.840450736401575e-07,0.012109793442343466,0.0015424155240600695,1.2276032580709527e-05,1
0.11956959804856676,0.7301663311694349,0.0009286323958240617,2.711608360451149e-07,0.12631666118942483,0.02300953005495159,8.975980962046307e-06,1
0.028142401705414963,0.9005885027042017,0.0025775019840022836,9.37320027126845e-08,0.006775306695447352,0.06189712576159856,1.9067417332243794e-05,1
0.04655138025220305,0.9172948477518095,0.0015026493415518278,8.192411052731445e-08,0.019331156048011444,0.015291664520108075,2.8220162205371196e-05,1
0.04664897433789379,0.7428999833600746,0.002720664541930457,1.283059262880777e-07,0.19914348230242615,0.008563557160691569,2.3209991057221736e-05,1
0.052942536500865896,0.9238020589448354,0.0017461270442727527,1.4120161629664923e-07,0.017814307561368033,0.0036871294080401055,7.699339001491253e-06,1
0.0807087222865367,0.9103374368851791,0.0014455317512870605,8.821322081031768e-08,0.004071948502011681,0.003350066838858097,8.62055229064034e-05,1
0.04110053139319299,0.9342933696740024,0.0011565551943580699,8.714559148482189e-08,0.01505326278861886,0.008332764874994307,6.342892924194556e-05,1
0.01546914172385657,0.7220459670120039,0.0014204093292819696,1.7263856815412255e-07,0.020080774520604628,0.24096490903731982,1.8625738365021053e-05,5
0.01429685309356912,0.6832494020316516,0.0012172112162632657,1.661959588934616e-07,0.01784816567411109,0.28337551247130527,1.2689317140752507e-05,5
0.013727485483783476,0.364127886293731,0.0005611681843639052,7.779354212773939e-08,0.004711347872576666,0.6168624784892561,9.55588274677708e-06,5
0.021200798947468458,0.35374843108579745,0.0006160098217530602,1.1226949500865018e-07,0.0073022328289645225,0.6171186242600244,1.379078649717362e-05,5
0.046079796010552954,0.3125353757466112,0.0012128338226727758,1.1399005599688634e-07,0.002171049230337142,0.6379837929644993,1.7038235270614763e-05,5
0.06715848303016864,0.8576964607581135,0.008273627139160588,1.9602693924671412e-07,0.060261567485939395,0.006606521003921457,3.1445557572411137e-06,1
0.06556816146073575,0.8760807763639233,0.000581388569363616,1.9538134379034428e-07,0.05423310289902666,0.003533241126134968,3.1341994719418696e-06,1
0.07146869443528167,0.8634565332170491,0.0007408328871806424,1.9501780083189488e-07,0.06102406934184984,0.0033065467331214885,3.1283677168403026e-06,1
0.0319766268477701,0.8245523626378644,0.009307202925563739,1.795334434643206e-07,0.1256782453171453,0.008482136611852483,3.246126360710566e-06,1
0.02509464021888831,0.813537423093022,0.027445478979924096,1.670585496810103e-07,0.12857586245799116,0.0053434076225796255,3.0205690451727746e-06,1
0.007256529693925977,0.9352778620366321,0.0172523154037118,1.958550091206455e-07,0.027593543796122423,0.012605059428752495,1.4493785846362391e-05,1
0.0067287726361349625,0.9444660261324417,0.0180366822501077,1.9777908755319617e-07,0.017078804367326655,0.013676574341758667,1.294249314297011e-05,1
0.005461811181047914,0.9286320390806934,0.036903301637220214,1.944633181927589e-07,0.01652733670526945,0.012462591420399075,1.2725512051884898e-05,1
0.006726573011730391,0.9469527479687279,0.026300971710114338,3.14189693510789e-07,0.007850795623533373,0.012146312316369305,2.2285179831287405e-05,1
0.002122152095789295,0.11871008909839725,0.0011995175336471378,4.48400932659071e-08,0.000564474318714116,0.877399441349764,4.280763594929471e-06,5
0.0030225649078163344,0.420786605465695,0.00034454889682748106,4.785274477610593e-08,0.0004246848192492573,0.5754138825302096,7.665527457463235e-06,5
0.06766271196189153,0.18354317723747637,0.00016891912269452916,7.762705025196493e-08,0.014157657918483531,0.7344652340466645,2.2220857392467423e-06,5
0.028938487279619,0.08410184636085899,5.4587435737210654e-05,2.0867479644942008e-08,0.0014151074395679058,0.8854873467053248,2.6039114124475693e-06,5
0.02868583557432747,0.10745648409629267,4.7449058704246006e-05,2.525727781289442e-08,0.002811166377615899,0.8609961752564308,2.8643793511931945e-06,5
0.017845121451409308,0.06540350844797581,3.752941014346379e-05,1.2688550244769097e-08,0.0017890193505058184,0.9149241756697003,6.329817150754778e-07,5
0.10854926951795106,0.49045587140341673,0.0003890897492026481,9.515046080585084e-08,0.006041861023972254,0.39455970194259493,4.111212401601686e-06,5
0.11184666228658648,0.5877402608467429,0.0004487894246228253,1.1685761294867778e-07,0.007090244360531615,0.2928707220151504,3.204208752802466e-06,5
0.00022374632627278676,0.014585674571762478,0.961751154586594,0.00032198130637289704,8.14053400258012e-05,0.023033907369749796,2.130499222221524e-06,2
0.0001834405704536706,0.010134986330614115,0.9687251116008824,0.00038851133343219464,4.920309141516873e-05,0.02051734529988734,1.401773314749628e-06,2
0.0005345576257072024,0.00716820029787326,0.8701223809303634,0.00013427425293113546,8.534463308982751e-05,0.12194731669330099,7.925566734247926e-06,2
0.000179036338707791,0.0017412392676465225,0.9625360930304263,0.00010456548522563054,2.6044535841566417e-05,0.03541028708019884,2.7342619534933384e-06,2
0.00029689097356605266,0.011892616865171615,0.9255526637156619,0.00017339803156225515,5.7416322453678905e-05,0.0620213860948417,5.627996742816912e-06,2
0.0002555928854005055,0.012933948746438342,0.9320878700061507,0.00010950821259575066,4.6354293199975445e-05,0.05455755424272252,9.17161349214358e-06,2
0.00035042670674847505,0.022617043902150958,0.7422764705136137,2.9728096463986498e-05,5.69825383213078e-05,0.234661240803868,8.107438833467808e-06,2
0.00029843756692045224,0.0032747428049656243,0.8891064966049939,0.014358842914316949,9.798445550544569e-05,0.09286117389338462,2.321759912739093e-06,2
0.0002959301714910946,0.003003194802018052,0.8601517237000258,0.0006028212465877883,3.785025401294968e-05,0.13589799787655035,1.0481949313983261e-05,2
0.0004936186564535068,0.0017592185979360998,0.684545620782781,0.00022457874685737937,0.00011646995578154137,0.3128570234211777,3.4698390125906084e-06,2
0.0001732512816467628,0.0014341788921828544,0.17808222129760037,1.1293887337401208e-07,4.4029368985550246e-05,0.8202648985800061,1.307640705181857e-06,5
0.00023551718670053562,0.0013963152228578073,0.06381097558857653,0.00035275533191941655,2.4694759877885693e-05,0.9341714720758886,8.269834179271707e-06,5
0.00018233531662808488,0.0012912948899914413,0.05653738790201652,6.4381131779719645e-06,2.3993728969662366e-05,0.9419535878849575,4.962164258740493e-06,5
5.4584493100738204e-05,0.0003736335120011552,0.019247430614555618,4.159475960378412e-06,3.8081492254478896e-06,0.980313723388339,2.6603668177156033e-06,5
0.00039888590062533253,0.005729231876371339,0.17224922237116783,1.5919128690252727e-05,0.00011326037711497359,0.8214658676846175,2.7612661412680938e-05,5
0.00027973542237247573,0.0041573143013685305,0.17984470991396556,0.0047054216669633634,7.942857689543247e-05,0.8109140255846393,1.9364533795241193e-05,5
0.00042940995713569926,0.006388134077123834,0.6582061423139072,5.615968440707747e-11,0.00015048898733048812,0.33482144733916425,4.377269178865026e-06,2
0.5626785910857316,0.010411220023817055,8.706745089475308e-06,1.2725030192936363e-07,5.788246873031802e-06,5.101386107664366e-06,0.4268904652620792,6
0.9035848103466615,0.021374057722979435,1.5148698226495415e-05,1.915469314408539e-07,1.4465174140983449e-05,9.11864549175534e-06,0.07500220786556853,0
0.8328146713545698,0.15455562209333273,1.9597677731818205e-05,2.096277242351957e-07,1.4424332070318721e-05,1.1258068017471461e-05,0.012584216846553474,0
0.8098419220317252,0.17395458456726728,2.0993873092243018e-05,2.604377310634862e-07,1.898969826058084e-05,1.4353464991262247e-05,0.01614889592693226,0
0.8223325053771543,0.16256101493830058,1.8693293141618888e-05,2.617583390998142e-07,2.0795004069277155e-05,1.4328615349816223e-05,0.015052401013645295,0
0.7671164138634924,0.22320837741467958,2.0697493498950504e-05,2.948781638700529e-07,2.115607173787947e-05,1.5899057301929587e-05,0.009617161221125268,0
0.7016848124734004,0.29700542992513695,1.6725153171508825e-05,3.687409120075079e-07,1.2794597704119612e-05,1.1357562548672633e-05,0.0012685115471261802,0
0.6224451950681924,0.3774509662505254,1.707166048061757e-05,2.2591527029676408e-07,1.3115057892698826e-05,1.1199363521905241e-05,6.222668411677207e-05,0
0.6521608821434882,0.34774729872000465,1.5095580035429583e-05,1.9976510473966154e-07,1.159696248137695e-05,9.903013745073925e-06,5.502381514033874e-05,0
0.6534908168266973,0.3464519147429148,1.4583111110992698e-05,3.215151237080813e-07,1.0298616467924497e-05,9.617795262174137e-06,2.2447392423107136e-05,0
0.6590284420038162,0.3409169987895726,1.3858311938362829e-05,3.055354130772031e-07,9.786762129136846e-06,9.276868665305737e-06,2.1331728465523905e-05,0
0.6457655253260401,0.3541971139881985,1.2964356928089113e-05,1.0963356255380441e-07,1.271677560501816e-05,1.0175124544145864e-05,1.3947951214639053e-06,0
0.272358690689889,0.7275416882781183,2.4561031415214696e-05,1.92693920422993e-08,3.833749142829776e-05,1.8560076008244524e-05,1.8143163748837534e-05,0
0.4336345859059908,0.5662799841148408,1.3621788703565506e-05,2.4030510831076284e-07,1.978249400122974e-05,1.668185107858723e-05,3.510354027682196e-05,0
0.4383837017643751,0.5261990608631996,2.5011848162074714e-05,3.543329510647002e-07,0.035353696888772164,1.8098701390665513e-05,2.0075601149480205e-05,0
0.12337815869129239,0.3915217373055846,1.4134310487796e-05,1.9428705631028642e-07,0.485066145059406,1.0761993132407894e-05,8.868353040748603e-06,0
0.12363917272811145,0.6345255744536765,3.5072993626108305e-05,2.651570357923767e-07,0.2417115935099443,7.62179004495212e-05,1.2103257156203623e-05,1
0.2628686212700483,0.6786294003775362,7.815209208575903e-05,2.7734646158007506e-07,0.05830075908849715,0.00011759443651594241,5.195388854801534e-06,1
0.15602964487233617,0.6443072234905852,7.070613189109343e-05,2.328988725086074e-07,0.19946751606552243,0.00012037388973225508,4.302651060169722e-06,1
0.14614225709727585,0.6699810406815667,4.718014831233753e-05,2.646991497610657e-07,0.183702363742278,0.00012264970038803797,4.243931029325578e-06,1
0.0064947980002289475,0.9698161496320613,0.007919939136815074,4.5339850738109204e-07,0.002918479022142946,0.012823142236196525,2.7038574047971827e-05,1
0.011132582962902999,0.9507808270637648,0.013464094416467629,4.341569589582026e-07,0.00321793643112752,0.021365027583851063,3.909738492688745e-05,1
0.33289005265387267,0.5158773717901746,0.018083155799212703,1.1557981883123974e-06,0.012056856006299257,0.12108104277160446,1.0365180648123027e-05,0
0.01194293452551672,0.9582268198960371,0.017270575736558557,2.613744638025435e-07,0.0008040737930471871,0.011732643556026767,2.2691118349837878e-05,1
0.007966244169671802,0.9667277401554776,0.011728283989499091,1.781707277627785e-07,0.011432780720510825,0.0021382654193266874,6.50737478614686e-06,1
0.03759610489970639,0.9102562930376698,0.0006598020863931813,2.6598505366563783e-177,0.049286466691052674,0.002195293628984153,6.039656193772519e-06,1
0.02975001232147842,0.9333705114441265,0.0006415911777758151,4.792271420283494e-134,0.03412409763645074,0.0021065453200009455,7.242100167777014e-06,1
0.02756895230102271,0.9198287429505829,0.0005911083112113109,5.024744625273639e-134,0.04967345639392656,0.0023301466286308643,7.593414625830613e-06,1
0.08333784528406449,0.863437054759871,0.00026097569360798787,1.420682589629427e-07,0.05169990959838964,0.0012577854637946075,6.28713201333538e-06,1
0.055768531066057545,0.786130791652393,0.0002100179545741529,9.308557858104637e-94,0.15713941502197007,0.0007461846548015842,5.059650203762151e-06,1
0.04750148223767934,0.8732192602222919,0.00022981392875069993,1.0042405530194067e-93,0.07854082919968694,0.0005031558797797363,5.458531811441569e-06,1
0.0514374279425975,0.8248154869391603,0.00024603304071086664,1.3181050866028294e-07,0.12313635976015375,0.00035860923311043517,5.951273758508192e-06,1
0.06169928986333541,0.8556660295375322,0.00020270826069009707,1.5194072220646692e-07,0.08224897443977829,0.00017739874663649156,5.447211305470885e-06,1
0.0936420527148854,0.7879169468373286,0.00028986529273301366,1.8730837308067388e-07,0.11795024309054498,0.00019696071345083775,3.7440426839002397e-06,1
0.27079309471949464,0.6281665380887603,3.6924902953464516e-05,3.1166789909929904e-07,0.10097268170939908,2.0833704442880563e-05,9.61520705073652e-06,0
0.15442464379882034,0.8346697164415388,2.5538699034446808e-05,1.7051245071974783e-07,0.010853914030059713,1.3327455305900034e-05,1.26890627899404e-05,1
0.13264649821993638,0.8619836520347971,2.1112673587581702e-05,1.521866561387371e-07,0.005330934434915968,1.3150561286491846e-05,4.499888820171892e-06,1
0.13359506657674844,0.8616120209374732,2.030214908072184e-05,1.579276405046768e-07,0.004756925124511422,1.0855197093000478e-05,4.672087452582034e-06,1
0.12806029598175603,0.8648530090082249,1.670322246079069e-05,1.6427320652981928e-07,0.007055717240417072,9.25046101913677e-06,4.859812915400692e-06,1
0.21126385016034346,0.787694512432564,2.0458781293855675e-05,2.1562546116303317e-07,0.0010006974284025396,1.146846207802489e-05,8.797109856826914e-06,1
0.39600129481546265,0.602363455756583,2.8786922897281592e-05,2.800990832834263e-07,0.0015783119329223672,1.519386768022355e-05,1.2676605371320535e-05,0
0.4014389410348947,0.5976938693979011,1.8398222628744957e-05,2.414698796488232e-07,0.0008261242122063342,1.1507822440364944e-05,1.0917840049163835e-05,0
0.3824832063258395,0.6158052816539789,3.9315768222476734e-05,2.1519520326845104e-07,0.0016553403856928255,1.144959072385274e-05,5.191080339268936e-06,1
0.11849717701736832,0.8772525073469639,1.9107538340328785e-05,1.7435403331710162e-07,0.004216518332024406,1.0047910123362654e-05,4.4675011466061085e-06,1
0.25644478992978975,0.7373219738775081,9.98095430775172e-05,1.6158862309664478e-07,0.0058263336521032095,0.00030250241508010355,4.428993818223406e-06,1
0.1544356411702214,0.8212064133030388,0.0002272004582725095,1.9054523101977487e-07,0.023807390013731743,0.0003162739204024257,6.89058910219454e-06,1
0.17607194089724784,0.7962760095817817,0.0001785799368538024,1.8476060798282567e-07,0.02713128878994034,0.00032792800102167543,1.406803254658781e-05,1
0.20923234955491432,0.7493894237514779,0.00042415693954603296,2.9487115286406815e-07,0.04019922536759478,0.0007492927424481542,5.256772866084191e-06,1
0.44698834664007364,0.5371347155460121,0.0003568221745015232,2.542064481982348e-07,0.013380966976981016,0.0021335666939059647,5.327762077591571e-06,1
0.4134887988558206,0.5787769753768386,0.0003721506313299117,2.1908112187016382e-07,0.005682512033166364,0.0016748346916789188,4.5093300437328106e-06,1
0.1469474348814331,0.8465193646754346,0.000312437881779718,1.7857169930121133e-07,0.005795442893572433,0.00040450272649692327,2.0638369584157757e-05,1
0.14196422979667767,0.8514445433518588,0.00031496243452188756,1.7961065666274595e-07,0.005829161663574582,0.0004298290965317926,1.7094046178971284e-05,1
0.06346241389451432,0.9290214289075802,0.0006330854589982079,1.9612376030354582e-07,0.005936717475195077,0.0009301170052859545,1.60411346658515e-05,1
0.06333477582991395,0.9171582626252387,0.0010372362563431153,2.1538742038920217e-07,0.003035024880846886,0.015401810122795304,3.2674897441511234e-05,1
0.05019741092068893,0.9321966826774915,0.001078901136193951,2.0222258753216847e-07,0.002356905962544634,0.014135086406788934,3.4810673704556986e-05,1
0.07258895233543065,0.9146916980128502,0.0005638222827655732,1.8217435106835898e-07,0.01094737462773704,0.0011958193137792635,1.215125308628107e-05,1
0.03889806119442391,0.9405414391391219,0.0006866889655219858,1.9697496134237034e-07,0.017966955738020388,0.0018935195159706238,1.3138471979699488e-05,1
0.025969176202567532,0.9220360178593346,0.0008809226773062369,1.8487052120199533e-07,0.04562491260579633,0.005476454693526591,1.2331090947458321e-05,1
0.04585085020704937,0.8577787945625901,0.0011032618589123938,2.0161796189853667e-07,0.010729268926083205,0.08451837490063642,1.9247926766364477e-05,1
0.03846473414186925,0.8937470158622098,0.0011484659298134775,2.0965664678271254e-07,0.010975923895099916,0.055643635155880965,2.0015358479747064e-05,1
0.02841599239931378,0.9093437125811443,0.0024975763341703447,9.464323281774532e-08,0.011152742485158748,0.04857062877281258,1.9252784167434096e-05,1
0.03553002171924212,0.9016310854121508,0.002580485876190732,9.384051327540683e-08,0.011058150150588504,0.04918107351023877,1.9089491075730586e-05,1
0.04546075883171877,0.9318888319732658,0.0028778137159699933,1.184289668468089e-07,0.006249180264257119,0.013499205392596818,2.409139322474951e-05,1
0.05973147282445539,0.9156270235088043,0.0024692201281208627,9.652768339867194e-08,0.00509350803363606,0.017060262621496996,1.841635580311442e-05,1
0.07076293661980382,0.8967106440059717,0.0073772659601919095,1.524512787260978e-07,0.01144133765713162,0.013697930914858752,9.732390763548084e-06,1
0.030210110406769485,0.9204646870944224,0.0013219433055963214,8.974700349564406e-08,0.027600907872074924,0.020379006304028495,2.325527010470081e-05,1
0.02933044164989312,0.916275693273285,0.001283450489494783,8.713371827637849e-08,0.019249691173741416,0.033838058165001995,2.2578114865332926e-05,1
0.028310600662956098,0.8504264613460734,0.0008076500785422799,8.11691178512632e-08,0.01578868691924929,0.10464548725822322,2.1032565838067652e-05,5
0.010333243273503984,0.3039262474663719,0.00039572177675976076,7.606132266401041e-08,0.005099121721457553,0.6802373835487909,8.206151793222437e-06,5
0.02920357343171405,0.19324106570381305,0.00044518601488437794,6.106501358708201e-08,0.001621938631813415,0.7754838052540621,4.369898699445945e-06,5
0.2668667741111566,0.5219893171479367,0.0022824612842274293,2.399445289526838e-07,0.010344380412458585,0.19849895612519092,1.7870974500854815e-05,1
0.07217249371692142,0.859522782637138,0.008365676372431602,1.9644434599187904e-07,0.053635245343967256,0.006300454233630419,3.1512515654227005e-06,1
0.07075390622680638,0.8620690351558713,0.008248417826761103,1.9313283788894e-07,0.052731103518643296,0.006194246008896244,3.0981301836867865e-06,1
0.06599393830925597,0.8740544283696321,0.0006856585159656524,1.952980010690944e-07,0.05573091267327673,0.0035317339713341485,3.1328625340957884e-06,1
0.013262208864475131,0.8363055479380679,0.005715777070386799,1.856886428316e-07,0.13452647012569285,0.01017762880174374,1.2181510990702614e-05,1
0.00519777518439953,0.9426989980223845,0.02432493869504527,2.3223665081061113e-07,0.009795985498544652,0.017964360971525595,1.7709391449459784e-05,1
0.013760719624242206,0.8621849328197805,0.04246070732363944,3.4586731867024264e-07,0.010611052740981433,0.07096120039690058,2.1041227137340993e-05,1
0.004141257069141073,0.25517650077362275,0.000427949471058622,2.736812331520341e-08,0.0016036472568844073,0.7386421674568759,8.450604293894962e-06,5
0.014337938893899314,0.2196817989669843,0.00032775881899827137,5.153331816854159e-08,0.007367068402707383,0.7582833879145725,1.9954695199102956e-06,5
0.05668439714392562,0.09402701547579909,0.00012102305330709471,4.2764915414352387e-08,0.007879944783972538,0.8412861786189559,1.3981591242210607e-06,5
0.13261756421589713,0.589794878799369,0.00042585090113477923,1.5024134115432627e-07,0.022157055540434498,0.2550013473475323,3.1529542912433437e-06,5
0.0006138495164343218,0.04261795758936288,0.9021034690749009,0.00030382359530483526,0.00018841163320271897,0.05416808540409171,4.403186702679121e-06,2
0.0009217348740685624,0.009825938111863063,0.9324646174719331,0.00029014497803400463,0.00013561176733404044,0.05633228600314364,2.9666793623299832e-05,2
0.00023038376406053898,0.0030893525538600673,0.9388905242939006,2.4156472077972895e-07,3.678184889344327e-05,0.05774857718140785,4.1387931568777746e-06,2
0.0004471205451205624,0.004491514318737178,0.8237836055109476,0.0010242042870127301,5.78791911634807e-05,0.17017964754261572,1.6028604402559288e-05,2
0.0005926259111574134,0.0019105620782662932,0.3478176780815876,0.008916641802205461,0.0001154121977169093,0.6406433166140817,3.763314984686249e-06,5
0.0004666676426514477,0.0014749497368807582,0.593923087545682,5.836079791321238e-06,8.393113937448455e-05,0.4040333952278896,1.2132627730293859e-05,5
0.00020281620840211434,0.0012979038305189275,0.25271452372744097,8.039518086019705e-05,4.026220992728998e-05,0.7456614413089947,2.6575338558520635e-06,5
0.00011004456362639377,0.0006406442732216135,0.06924414890020572,1.6880240366474372e-05,9.460436005134751e-06,0.929975247750448,3.573836126791391e-06,5
5.608568624095109e-05,0.00038799483245104534,0.019090501737626234,5.900127321592612e-06,7.463940930137016e-06,0.9804492910523125,2.7626231174217956e-06,5
0.00031148124722692395,0.0011328134170928191,0.5118204257087757,0.00012941354761859233,8.086021051934133e-05,0.4865158594402621,9.146428504569012e-06,5
0.00012590346562526698,0.000915407977378655,0.030204105589045755,0.0007793986663814207,2.2664126346709166e-05,0.9679466745954107,5.845579811446759e-06,5
0.00027093710813750314,0.0038475496880296407,0.23517461634258222,5.2713766097859265e-05,8.176596688770888e-05,0.760553623228652,1.8793899612944845e-05,5
0.000469723309827696,0.008028565859559912,0.43079901626070044,6.456112606425491e-05,0.00018060919627287,0.5604482383138587,9.285933716178512e-06,2
0.9282469008872442,0.018851939730586985,1.569931530063845e-05,1.9850918056445e-07,1.4969425455338474e-05,9.45008531752441e-06,0.05286084204691479,0
0.9276828387930837,0.02963639419299876,1.5918294396702697e-05,2.0127805042202208e-07,1.578266851969589e-05,1.1845657892227207e-05,0.04263701911505864,0
0.9247515783961032,0.024853523842791825,1.1725812446985585e-05,1.4826642918681148e-07,1.1335844547797547e-05,8.596860200442442e-06,0.05036309097748043,0
0.8350571400781205,0.15392392952876657,1.9849670899649135e-05,2.298882081333572e-07,1.6445319174635268e-05,1.2430282451262135e-05,0.010969975232379357,0
0.8086028976546666,0.17457988122834087,2.1682597493893456e-05,2.55809222448789e-07,1.8652212668033683e-05,1.4098374701189736e-05,0.016762532122906796,0
0.7994272404052368,0.18532873326621055,2.1153643201764974e-05,2.6241974575095407e-07,2.047935007109983e-05,1.4364820658600597e-05,0.015187766094875335,0
0.5914936711310279,0.408469981225941,1.2778126103626724e-05,9.88545087836914e-08,9.823626280581205e-06,9.174717259879073e-06,4.472318878071297e-06,0
0.583097095099282,0.4168680416597266,1.1649609031169751e-05,1.641289901326615e-07,1.0859362716643437e-05,9.848023020850501e-06,2.342117232585979e-06,0
0.31033431343495055,0.6895518631666094,2.7985634687066254e-05,3.3305970650819863e-07,4.3682979423504647e-05,2.1148816219569487e-05,2.0672908403515114e-05,0
0.3303945970490617,0.6695261921927708,2.0290368751495858e-05,7.362989345048823e-08,3.6786786167491644e-05,1.4749729417814436e-05,7.31024393718157e-06,0
0.5208613374393204,0.47905159251770324,1.3954532486426277e-05,2.461751179343272e-07,2.3111403909750924e-05,1.5954965951318956e-05,3.380296551086648e-05,0
0.5362607683393401,0.4636309722783012,2.4792283419589964e-05,2.584264265019822e-07,3.2889943612926575e-05,1.793982321883272e-05,3.23789056808707e-05,0
0.6101934963775447,0.3811248049237977,2.130081285256655e-05,2.2203251124205275e-07,0.00862132818017451,1.541337724021565e-05,2.3434295879083542e-05,0
0.1327667584423284,0.5971187706417739,2.8737029582545048e-05,2.2801389519025886e-07,0.2700041762781688,7.092175875684691e-05,1.0407835494270169e-05,1
0.1589185899139531,0.6367463913883412,6.987640785209934e-05,2.3016584514582283e-07,0.2041416986405242,0.00011896132327858576,4.2521602056915695e-06,1
0.004211835756717056,0.03967486555486727,3.0382736662765022e-06,1.951820155208219e-08,0.9561018171343733,8.110826144163068e-06,3.129360305021131e-07,4
0.008749435356434916,0.04787811319586727,5.757360020113086e-06,2.7611600271706998e-08,0.9433588881723082,6.389603441685084e-06,1.3887003276042038e-06,4
0.006412882159846598,0.9679254502091238,0.009725287384090644,2.2950268759429382e-07,0.002513564842770425,0.013401512338975241,2.1073562505681323e-05,1
0.009944657784966768,0.9576441101219735,0.017952810490915443,2.421013397221528e-07,0.003010208996667773,0.01142734613026867,2.0624373867978105e-05,1
0.06266848673142741,0.8619573855565861,0.0009492813903959581,1.5652729307822308e-07,0.06875710950350344,0.005664499859089098,3.0804317051757868e-06,1
0.07641128326008913,0.8456985243641754,0.0006799289753317806,1.4345139953750675e-07,0.07448181150303994,0.0027230691340293708,5.239311934734464e-06,1
0.09029507324553354,0.8711942138244538,0.00039533487875219434,1.5822610335028135e-07,0.036011077398301186,0.002090670363848792,1.347206300728334e-05,1
0.04843987593509,0.8100141461988534,0.00018703501801291367,3.641211160012332e-137,0.14098163131049207,0.000372248103673968,5.063433877556208e-06,1
0.22527494920071092,0.7620669566843755,3.603927161715217e-05,2.243950073937639e-07,0.012586056136685739,1.9075458665790467e-05,1.6698852937422736e-05,1
0.191525973608133,0.8027251241910658,2.7592716509274224e-05,1.7180335637432306e-07,0.0056995346089469155,1.652048921170879e-05,5.082582776915383e-06,1
0.1925696707804085,0.8017273711640306,2.763390954873247e-05,1.6631805639711997e-07,0.005653510368841545,1.6544030418001366e-05,5.103428696259159e-06,1
0.1447119266634667,0.8497152139877954,2.096547589782218e-05,1.5104642781839042e-07,0.005534215435351836,1.305887549253578e-05,4.46851556771496e-06,1
0.14247366777147047,0.8496840617411434,1.79626591533637e-05,1.6139196361190104e-07,0.007810283647166133,9.088214077825447e-06,4.774575025176859e-06,1
0.13617722193107226,0.8590483190196414,1.795052435219746e-05,1.4610642904798743e-07,0.0047440692470634305,7.5390680792462285e-06,4.754103362248943e-06,0
0.1263875085408343,0.8709642524187093,1.5739607405159806e-05,1.3774295126258524e-07,0.0026207722088857966,7.107513979852689e-06,4.481967234367701e-06,1
0.14286520839723,0.8569207307369742,1.4697321246717223e-05,1.5901512863651023e-07,0.0001841192073894104,9.911187240294996e-06,5.174134790817371e-06,1
0.2384310811800009,0.7602001008222619,2.0595976084921516e-05,2.170714265735741e-07,0.0013227543065597127,1.1083739078457298e-05,1.4166904587509891e-05,1
0.38054748779623704,0.61704609331117,3.5622352493806786e-05,2.625983502467786e-07,0.0023490274588077583,1.397170378065458e-05,7.534779160579698e-06,0
0.41055017823776363,0.587700517832727,2.9333287440507426e-05,2.373742191586167e-07,0.0017002926103196864,1.2629638655885115e-05,6.81101887385968e-06,0
0.39118767439180446,0.6062800808365394,2.3329044666628486e-05,2.0763285211019426e-07,0.0024931131357220603,1.0961989407774876e-05,4.632969007749266e-06,0
0.28809934778371965,0.7087557872041842,2.0396195508610707e-05,1.3968987655841624e-50,0.003109289272512679,1.028189076819213e-05,4.897653306677292e-06,1
0.24109201979049574,0.7556045952690702,2.2518255593117255e-05,1.8785772657706258e-07,0.0032639793968840354,1.1885921802061039e-05,4.8135084283107605e-06,1
0.12735953631210492,0.8687620970063087,1.892260773055507e-05,1.7266656331842657e-07,0.003844789668376983,1.005747608158559e-05,4.424262834245228e-06,1
0.347691598550377,0.6449884781964103,0.00011660314343767754,3.0289530688336157e-07,0.007023979499827278,0.00017326251784244417,5.775196798493273e-06,0
0.5343587927135817,0.45841523910826304,9.942545779443987e-05,2.601312856616056e-07,0.006865803841115668,0.0002546505533767857,5.828194582809343e-06,0
0.14344960407469998,0.8383762770838171,0.00021100099582220568,1.945291692936217e-07,0.017610529102164086,0.0003447905613487978,7.603652978422468e-06,1
0.16538629392118928,0.7969514452156784,0.000240327184826114,2.305011736387231e-07,0.03695909090851666,0.0004462959910179356,1.6316277598073873e-05,1
0.3269450844148689,0.6675347220829687,0.0004252015179854625,1.9934798567293365e-07,0.004074539524642053,0.001013867122477754,6.385989071395753e-06,1
0.2581408653960382,0.7361359666608248,0.0002498538864327821,1.7636016690771975e-07,0.005019734660436753,0.0004416909536964003,1.1712082404096734e-05,1
0.04274499228358038,0.9495242252233395,0.00037208475650889335,2.00452062520334e-07,0.00624375513124961,0.001091574967381301,2.3167185877663244e-05,1
0.052926175099798176,0.9391752661144719,0.0007893296084799091,2.289947299531932e-07,0.0034282538273528976,0.0036578490098077726,2.2897345359372693e-05,1
0.05280871221996841,0.9370908866705641,0.0007875777923176394,1.976775948847913e-07,0.0034311022505014257,0.005858676861425439,2.2846527628423934e-05,1
0.054031499294547335,0.9259065328728358,0.0005900420789738067,1.9718352102007096e-07,0.00198050011440542,0.017456652672734666,3.457578298195353e-05,1
0.07177655422054204,0.9195090894920439,0.001140532214586239,1.8580296366067295e-07,0.0041526802995678685,0.0033940335633181424,2.6924406978052294e-05,1
0.12035715661037447,0.8586695163037199,0.0006650220452265429,1.8131169343349857e-07,0.01368732048774045,0.006614936691935841,5.866549309388002e-06,1
0.10635308702576338,0.8790298050811179,0.0004765016858101722,1.8221364589707923e-07,0.012751876545612145,0.0013763935739508678,1.2153874099645255e-05,1
0.027587902998002633,0.9272309656101335,0.0008858859837199327,1.8591212118258724e-07,0.03699010097101979,0.0072925579580568846,1.2400566946162927e-05,1
0.030526597840042444,0.9221930215219349,0.0015190373159299888,2.0888644578484766e-07,0.011432520751190634,0.0343086718550027,1.994182945354976e-05,1
0.03380727789588437,0.9144609407911947,0.002272949179194327,2.0435221454699504e-07,0.023022827633911943,0.02641629118905784,1.9508958542713604e-05,1
0.03624708810183816,0.9296166415556846,0.0027449635251073717,9.67532111573864e-08,0.012172096478797365,0.01919943157919506,1.968200616632015e-05,1
0.06263392435067905,0.9215156897571749,0.002002971688297399,7.969680979848738e-08,0.0036974363440423945,0.010130271974614509,1.9626188382024706e-05,1
0.07393517251134958,0.8837467620691902,0.003977731037126531,8.732709404511685e-08,0.018118770173297667,0.020191395569578347,3.0081312363534885e-05,1
0.07508444960922425,0.9004238048985774,0.005300726483584123,1.5472914634809982e-07,0.016429010105931858,0.0027519763651807395,9.877808355254797e-06,1
0.07409640516318303,0.9124730555738703,0.0015789271552797983,8.512646482352138e-08,0.009017517070358947,0.0028163040414915432,1.770586935159483e-05,1
0.0537044466714629,0.9109980588807196,0.0012192837543296268,8.102444023823141e-08,0.0228277478650615,0.011200837923057748,4.9543880928572666e-05,1
0.05695550071252672,0.9084253069427278,0.0008540884867447911,8.936283929181157e-08,0.021771012998740354,0.011970845771058431,2.315572536251773e-05,1
0.022738187297653995,0.623044007969025,0.0005974695000699144,1.4079437227498642e-07,0.011542823248418536,0.3420651319439771,1.2239246483215726e-05,5
0.060755736658316684,0.2529849617590132,0.0008350160037810966,8.043709690570776e-08,0.0014227579783300747,0.6839987961791748,2.6509842872926e-06,5
0.1133418893210437,0.30431454843378813,0.0019981638875065395,1.1172088143849337e-07,0.0015518583036620355,0.578789427117098,4.001216020102009e-06,5
0.10428937884538808,0.7427678493154821,0.0018286144866451824,2.7665589530682797e-07,0.005013556049550674,0.1460797194243559,2.0605222682591124e-05,1
0.039854520903043276,0.7854654611890006,0.0016785390555117828,1.848996287095332e-07,0.004203109035239242,0.16878593235493325,1.2252562643080244e-05,1
0.033954853197057266,0.6949052507669026,0.0006633493590591399,1.3387780252363865e-07,0.003361324275490031,0.267106216974441,8.87154924748767e-06,1
0.059550126188443527,0.8607534885555301,0.0073453273914561735,1.7692510006406692e-07,0.06635395621567418,0.005994086589179327,2.83813461631778e-06,1
0.01309219404856015,0.8476702796783744,0.005092965004463566,1.833609577527877e-07,0.12134188460626102,0.012790464490745682,1.2028810637368882e-05,1
0.015010903186728347,0.9241979987441807,0.005552758162743756,1.999147950158644e-07,0.04117051235389752,0.014054512865337068,1.3114772317542007e-05,1
0.010597782240524857,0.9295174035898291,0.012109181851520013,1.9413071084488518e-07,0.033728623520705374,0.014033920418118503,1.2894248591322564e-05,1
0.00550298127856927,0.9356318913903208,0.03138661472860335,1.959291458292218e-07,0.01481865672618492,0.012644711389526365,1.4948557649537233e-05,1
0.004912349766257656,0.9324397694284606,0.03142300688831101,2.2958903098043744e-07,0.007810938318200466,0.023396189346504746,1.751666323449357e-05,1
0.09181832568670893,0.6563004963334499,0.056576580867411304,6.599172206673814e-07,0.005464115438609971,0.18981256561284998,2.7256143749202e-05,5
0.005596201446022395,0.31939743346176924,0.00128688389993064,6.259320573214816e-08,0.01489002164391465,0.6588278794068796,1.5175482777280485e-06,5
0.08272833299509041,0.15865492530641995,0.0001027808901472912,6.225528344834002e-08,0.028485009078178528,0.7300261010182384,2.788456642100318e-06,5
0.019364128041656423,0.05886607081756176,3.292867450920147e-05,1.6073739630855963e-08,0.003104046982126878,0.9186324034900437,4.0592036234413325e-07,5
0.0002808868267409245,0.0241172659063237,0.9438634733176383,0.000631084030265584,0.00010750046739428778,0.03099706925238216,2.720199254792186e-06,2
0.0001659742199868921,0.007737086270055293,0.97471269522037,0.0005737437126431719,4.451820389775162e-05,0.01676471407001032,1.2683030364472698e-06,2
0.0005345350983075172,0.0398518977507803,0.8874731373961008,0.00026103676104529875,0.00016930202441610165,0.07170597880370043,4.112165649734375e-06,2
0.00026075299411174084,0.019443847643296815,0.9322488784834166,0.006412489619832559,7.325217408513248e-05,0.041556482403928584,4.29668132852684e-06,2
0.0006194459336076897,0.007439645520896933,0.959925182270767,0.0044951540170151474,0.00010170108643830863,0.027403036891833828,1.583427944098675e-05,2
0.0006965590271012579,0.01044069952901851,0.9459021239517763,0.0002105712187032827,8.727511783420797e-05,0.04263859702946783,2.4174126098532243e-05,2
0.00036145367985718495,0.003967583929603055,0.937615223430405,0.00011701339897007094,4.597729244056326e-05,0.05788120331706733,1.1544951656845668e-05,2
0.00023023221747950755,0.002804721858927483,0.9406170388149659,9.55550859329776e-05,2.5669651021629737e-05,0.056218621138325806,8.161233346727378e-06,2
0.000237787019781665,0.003188627201369209,0.9284102875217167,0.00011221467182271183,3.5016351236900524e-05,0.06800784839555019,8.218838522604384e-06,2
5.913693422652307e-05,0.0027161960470933957,0.987889929946503,4.5419765762288635e-05,7.619224774126419e-06,0.009279897043348194,1.801038292589722e-06,2
5.271579475322453e-05,0.0019287301096972246,0.9892432556487603,2.7950510352958677e-05,7.315608332542453e-06,0.008738071667150356,1.9606609534538464e-06,2
0.00020423650440770522,0.001956906997391748,0.9549247227042815,0.00030881627630261784,1.2319111989701619e-05,0.04258617349140391,6.8249142228752804e-06,2
0.00043887044918756,0.0014356890215024777,0.9273445985206157,0.00043033982641990843,5.448306425481825e-05,0.07028358644944119,1.2432668578437862e-05,2
0.0005620439666392056,0.001804622779729972,0.5201462161827822,0.0007217907369678024,0.00010079705454267263,0.47664682940966324,1.7699869674980964e-05,5
0.0003687310087961097,0.001114662080674958,0.5795102622475125,0.02140169440426913,4.9943976627338285e-05,0.3975430768799547,1.1629402165219023e-05,5
0.000466720948055801,0.0012543274157971757,0.6205824121454151,0.0005836706328588971,6.679560599231236e-05,0.37703260832367014,1.3464928210817998e-05,5
0.00013605343942663017,0.0009293837422786133,0.03592779002414361,1.762111640740842e-05,2.2222529790247342e-05,0.962963200987094,3.7281608596815652e-06,5
5.4564924914990295e-05,0.00033943651580853204,0.026777387744910657,9.755673058573126e-06,9.311399691012749e-06,0.9728076501939272,1.8935476888733396e-06,5
8.433734212790773e-05,0.0005175380023286284,0.060398776330761884,3.560151372690006e-05,8.312185813533294e-06,0.9389530380835168,2.396541724175735e-06,5
0.00010142863912859653,0.0006104592717837272,0.0726388279935429,6.74357143753789e-05,1.8570266470767686e-05,0.9265603959042853,2.8822104131452023e-06,5
0.00017864206730954906,0.001378059087572086,0.05836066655240081,0.001759254906009792,2.0862126871097017e-05,0.9382931496201434,9.365639693304869e-06,5
0.0002388130662379014,0.0009544833116746054,0.27798699932336074,8.896885589214671e-05,5.115525099921432e-05,0.7206717288119506,7.851379884860624e-06,5
0.00030019966078447045,0.004311207841591499,0.16018686093306073,3.6266747059026316e-05,7.399531995200792e-05,0.8350693000299488,2.2169467603294668e-05,5
0.0004137536974119332,0.005830796366459402,0.26947591018387473,8.802408268508024e-05,0.00011800258942373668,0.7240529784374177,2.053464272744207e-05,5
0.0005610579203303331,0.007860662497783015,0.3882953046532013,0.00042373480072406083,0.0001922701761767133,0.6026565342560779,1.043569570663132e-05,2
0.0004181226414107076,0.007739119067865657,0.4596516081032056,8.303254886243266e-05,0.0001522922031174601,0.5319481781401512,7.64729538692572e-06,2
0.9308767703550482,0.018771035895655937,1.5631941076459686e-05,1.9765727067049763e-07,1.4905183581910133e-05,1.0061189020856373e-05,0.050311397778345895,0
0.9555889646965361,0.01942348405270078,1.6046925721171382e-05,2.029045225532086e-07,1.5300874832462263e-05,1.0328285661687806e-05,0.024945672260025288,0
0.9560866505320029,0.023913890464460543,1.5241670542334935e-05,2.039498126285214e-07,1.6844156212226267e-05,9.905367406108357e-06,0.01995726385956353,0
0.9185875312623746,0.025296266996630505,1.5410405204326998e-05,1.9485607179012972e-07,1.6159421654003965e-05,1.1467710263536012e-05,0.05607296934780151,0
0.8316654975979667,0.15591845038315735,2.0165095047182748e-05,2.5671812966961854e-07,1.6479516941968086e-05,1.1855372312626192e-05,0.012367295316444827,0
0.7838093766183339,0.2009293988061295,2.3187581402158266e-05,2.8765159542949205e-07,2.1807024811007385e-05,1.58532985517044e-05,0.015200089019176135,0
0.6247242919798861,0.37516957756146985,1.6626275259888016e-05,1.1798434462141133e-07,1.2772897095800806e-05,1.089213022502801e-05,6.572117171853409e-05,0
0.6562220881077766,0.3436875787847994,1.4919349113064721e-05,1.763846120537926e-07,1.1082028752474097e-05,9.773896490466956e-06,5.438144845608701e-05,0
0.6459879516054494,0.35392575356718786,1.427998772509791e-05,1.6882573602481452e-07,1.0201916403165152e-05,9.545950800951278e-06,5.209814669730655e-05,0
0.6043610867847363,0.39558365539456297,1.3018941722073237e-05,1.007175135369638e-07,1.012524572655099e-05,9.487830884015344e-06,2.252508485456916e-05,0
0.5898425556379281,0.41010537308495104,1.2268180569415713e-05,9.490945339121417e-08,9.54135486085046e-06,8.94069771430263e-06,2.1226134522803493e-05,0
0.5747195923491106,0.42522967142836016,1.1953636895687049e-05,9.2476071524006e-08,9.296724225256246e-06,8.711467317110315e-06,2.0681918019461028e-05,0
0.6982964999730717,0.30167254726722703,1.0740772459044026e-05,9.082973847422052e-08,1.0535655099890438e-05,8.429935867803469e-06,1.1555665359821777e-06,0
0.590153251249373,0.4098073771041691,1.2953405378500825e-05,1.0954095037076221e-07,1.2754268568286942e-05,1.0950190175873725e-05,2.6042413849670945e-06,0
0.5582685932223732,0.4416840649049712,1.5568086250416142e-05,2.1933560477339213e-07,1.526401956259392e-05,1.3160516492396811e-05,3.12991474545848e-06,0
0.4277711644151143,0.5721501549324459,2.0302510298191876e-05,2.6501742499956505e-07,3.8020584345303534e-05,1.5404288626203043e-05,4.688251745187876e-06,0
0.39084900430910235,0.6090517501993923,2.5049905789409546e-05,9.090134914788168e-08,3.449566680273587e-05,1.8209591795037984e-05,2.1399425769138156e-05,0
0.6384115958003467,0.3609064656499547,2.0549824432428995e-05,2.142044604539932e-07,0.000623696473947278,1.4869958174345637e-05,2.2608088684030494e-05,0
0.12770505050112316,0.46303714086020836,3.548850617029376e-05,2.1344570445075412e-07,0.4091490959977836,6.512942095959192e-05,7.881268050474843e-06,1
0.2575128014947192,0.622096746150061,5.3785455754072754e-05,3.234927510767607e-07,0.12023559633606143,9.441307260303393e-05,6.333998050010443e-06,1
0.3336184128802026,0.591505738150981,4.6827701041087984e-05,2.392518547920883e-07,0.07474821381552828,7.614818222907416e-05,4.420018163165242e-06,1
0.14887392409655772,0.6357277218460058,4.730011640387977e-05,2.1617524006516705e-07,0.21524210687098028,0.0001046813950402774,4.049499771946255e-06,4
0.004800470009606428,0.042083828809571004,3.2946553207150276e-06,2.070330022045312e-08,0.9531035766103184,8.47727512322849e-06,3.319367602590903e-07,4
0.006626908174669213,0.039946337691076424,2.973777457947791e-06,2.115793464085207e-08,0.9534149362681407,8.4837047909555e-06,3.3922593034321236e-07,4
0.0055473268434763166,0.9754567817078197,0.009734006787815,1.8371362028235885e-07,0.002812833667101073,0.0064187529296407374,3.0114350527065724e-05,1
0.006707061198842463,0.9672284043901168,0.013372841572034552,2.709292868016095e-07,0.0012387272755022278,0.011406945301208714,4.574933300832574e-05,1
0.008640377586030552,0.9658127511536232,0.011525803477281073,2.7421681830401926e-07,0.0017464311650381838,0.012228057933038456,4.630446817017791e-05,1
0.33111164952863664,0.5337721624362634,0.01871042558258117,6.062305761574313e-07,0.03527066428112436,0.08112312754805209,1.1364392766200782e-05,0
0.012355656154607724,0.9563171907773552,0.01648913971129032,4.6452629403593235e-07,0.0018525615488828903,0.012960863041784813,2.4124239784893928e-05,1
0.050785339357109535,0.9007836279553432,0.0006664747120307675,1.4714185982651627e-07,0.04479282062367491,0.0029650785492899333,6.511660691627832e-06,1
0.058469647918555766,0.8930398373864334,0.00047510981623453144,1.458769214872141e-07,0.04440774899144751,0.0036010543286822973,6.455681724996051e-06,1
0.0796168350052854,0.7902784848025572,0.0003076889603830115,1.290909852554451e-07,0.1287018538159207,0.001089295493079043,5.71283178914874e-06,1
0.04635658966347904,0.7864532152603387,0.00022215631883977874,1.5783344524315296e-177,0.16646254844009598,0.0005014329961716323,4.057321074718356e-06,1
0.051341684775836116,0.7793336143104921,0.0001799555646916497,3.503294685798571e-137,0.16878110185745776,0.0003596229005499287,4.020590972511532e-06,1
0.05562021290930171,0.7849509436509927,0.00019983390574974168,1.2293550219123717e-07,0.15873233454804986,0.0004911116252372349,5.440425166353284e-06,1
0.06353407385098865,0.8259238675294251,0.00020881561241728369,1.3432234966329885e-07,0.1098310411867526,0.0004961231558834119,5.944342183392535e-06,1
0.14190864916716503,0.1731509330417684,6.123402442702646e-05,1.0204818542728184e-07,0.6848305550326224,4.530415182751384e-05,3.22253400421824e-06,4
0.34509489866135906,0.45739063688240483,0.00015663247572680818,2.5561854673390606e-07,0.19723416272629482,0.00011534157191169745,8.072063756056175e-06,4
0.3690890934738215,0.567168955644403,3.089252396740382e-05,3.777557395997691e-07,0.06367358143750136,1.979199057033868e-05,1.7307173996927122e-05,0
0.1520117456135542,0.840058216487088,2.027447347951392e-05,1.433819150708721e-07,0.007884248398582346,1.4501664793552163e-05,1.0869980587335652e-05,1
0.17772267593421953,0.8139953484693369,2.239804722471373e-05,1.6145202534517762e-07,0.008235047152647806,1.2360428577364922e-05,1.2008515968262893e-05,1
0.1776477961382049,0.8150178505197094,3.2118297739034694e-05,1.9998144621756687e-07,0.007279458751942678,1.6660115397601752e-05,5.916195560425879e-06,1
0.20254499858612166,0.7935790546968069,2.394489898400158e-05,1.7342510966429094e-07,0.003833908502010206,1.3476191779551959e-05,4.443699187998741e-06,1
0.1657407700606433,0.8276185628747691,2.1439882831082126e-05,1.6677791571458317e-07,0.00660370230242697,1.0424189877707784e-05,4.933911536244432e-06,1
0.31237213165414035,0.684743765443467,2.5881587403921157e-05,2.727791621330784e-07,0.0028293277822376145,1.392819454336836e-05,1.4692559045617607e-05,0
0.8242018236114518,0.17531260969051743,1.5593661400141352e-05,1.2492047919428686e-07,0.0004592391537267621,6.828155451275672e-06,3.780806973447157e-06,0
0.841942028378611,0.1574567678062696,1.4005424519468866e-05,1.1219714840515943e-07,0.0005750361621288148,6.187391084065181e-06,5.862640238527647e-06,0
0.31730803660571255,0.6812569563188171,1.4452055875665565e-05,1.7633588051926594e-07,0.0014041256991483,1.0512248349975571e-05,5.7407362159056854e-06,1
0.4334710551666965,0.5626565690495737,2.530777115192364e-05,2.2466426740810727e-07,0.003829173433346423,1.195339799878408e-05,5.716516965126741e-06,1
0.3823420420801348,0.6157478667637297,2.1354585435776425e-05,1.7445691517011267e-07,0.001873894392948452,1.0532091792370525e-05,4.135629043675821e-06,1
0.28834819631849645,0.7085884778331112,2.0924336077459775e-05,1.7538276686622788e-07,0.003027480566373692,1.0587986137631066e-05,4.157577036742516e-06,1
0.3359366746559686,0.6513517636803898,8.409537238479647e-05,2.430933031284273e-07,0.01253159666194385,9.026918199551806e-05,5.35735401418748e-06,0
0.4294529157101975,0.5581125544836611,0.0003140181645961907,2.4629254658548753e-07,0.010526849248626213,0.0015890253555897107,4.390744782709245e-06,1
0.34614760153642976,0.6445147734897708,0.00042201879534744407,2.487970714601054e-07,0.007103873397426334,0.0018063630127833886,5.1209711706364165e-06,1
0.12245123096132077,0.8710107305697576,0.00021907527329619261,1.8373810778335374e-07,0.005963115741175342,0.00033442824067662,2.123547566588534e-05,1
0.08593942907317542,0.9039436478101449,0.00043117504296986644,1.9082964266980985e-07,0.009250555563323524,0.00041294660310027754,2.2055077643569144e-05,1
0.0635717236248551,0.9288086264742039,0.00044303547063025557,1.9607883602931828e-07,0.0064466218036239396,0.0007137590875808696,1.603746026999281e-05,1
0.09281002772575242,0.9015581448363101,0.0008538530395082736,1.952445305303804e-07,0.0024617734668862454,0.0022823962187138768,3.360946829844772e-05,1
0.0970114705460492,0.8963969180779103,0.0009570106269978033,2.1585778488345844e-07,0.0032435140943254293,0.0023537129551308837,3.7157841801283516e-05,1
0.11155719199835559,0.8648924579708721,0.00032144917468274734,1.920359216937672e-07,0.02143027108982581,0.0017909089358914727,7.528794450680528e-06,1
0.02776263826979022,0.9328692769385158,0.0007451040064041088,1.9176856008913753e-07,0.03147896551766118,0.007131032300450481,1.2791198618077777e-05,1
0.04946909211139045,0.8436554458981549,0.0008726456295150912,2.2434157549346713e-07,0.022486246469366044,0.08350556292083922,1.0782629158618991e-05,1
0.041738860432343164,0.900180039791558,0.0021053115551605646,2.0390027325103624e-07,0.009811698677225878,0.046144419830521484,1.946581291776334e-05,1
0.03825849078298305,0.8913298273767455,0.0015688107575136342,2.0189560679550383e-07,0.012749840862313622,0.05607355389205632,1.927443278097526e-05,1
0.03399907238904935,0.9300938809239643,0.0015815691799410917,9.075265358615494e-08,0.014288407551729054,0.02001851785893963,1.8461343723125156e-05,1
0.07832238430207343,0.8975337783102005,0.004904982118263468,8.546343860154901e-08,0.015386260977644952,0.0038426627241264443,9.84610425255752e-06,1
0.0750913888514965,0.9134164275061095,0.0019101589327751192,8.589487744881001e-08,0.0071649552716320595,0.002399198886139788,1.7784656969517634e-05,1
0.060504370271440205,0.9174925271880727,0.001632399260892837,7.862849255645863e-08,0.011422240584868189,0.008908805189940859,3.9578876292901875e-05,1
0.05652005462278594,0.8981965295939955,0.001179874614057162,7.43431090623089e-08,0.019993618238475144,0.02408564642412594,2.420216345129341e-05,1
0.004658046750741789,0.10936489921303469,0.00026197245948847387,3.165466601689662e-08,0.000774572791383174,0.8849385556610204,1.921469665299502e-06,5
0.037851104231321236,0.8007391739294555,0.000851346580475957,1.7344174492975924e-07,0.0022175816903070304,0.1583265841665077,1.4035960187679604e-05,1
0.05889969303429532,0.9060127494130616,0.010949381188688972,1.404484385395371e-07,0.012183873583156769,0.011951163925149631,2.9984072091598484e-06,1
0.04825624587107058,0.8925925396258579,0.016532624185846556,1.345959474921195e-07,0.033495150858954416,0.009120431398840775,2.8734634822619432e-06,1
0.048138953597580664,0.868986369463371,0.014673198127980222,1.298783571037007e-07,0.060490797896963794,0.0077077782872117745,2.7727485353562423e-06,1
0.05180852441597194,0.8750141881274802,0.008838493679770248,1.822803948238625e-07,0.058458780842915586,0.005876906612173696,2.924041293396709e-06,1
0.005241184910317705,0.9459217066241745,0.02041044457934614,2.026544366826609e-07,0.012357009310484033,0.016053700300201017,1.5751621039994965e-05,1
0.005405763056781954,0.9533419335009061,0.019819344847440273,2.348585690427408e-07,0.009906580759416105,0.011508233648966578,1.790932792012102e-05,1
0.007901673535067918,0.8338935312568355,0.07931896032808226,2.917760160155293e-07,0.00924781628200339,0.06961997630006116,1.7750521933714585e-05,1
0.02221994187374489,0.8212835424684688,0.0570057091958421,5.793457720373971e-07,0.012472583351164242,0.08699416817420788,2.3475590800101012e-05,1
0.08666479011582137,0.3390552372594139,0.007682700520089872,4.857571009935682e-07,0.017067079909563843,0.5495239628190601,5.743618949926386e-06,5
0.028660139630368835,0.2665521349489599,0.00022339909182786952,6.177889252629682e-08,0.0176703489369883,0.6868919413224654,1.974290497260262e-06,5
0.05134854532345393,0.23490211675402553,0.0001963445760316001,6.150177685511533e-08,0.006686200494206621,0.7068628561167112,3.875233794213438e-06,5
0.03488019698032556,0.05708477136031226,5.762052347728887e-05,2.5963021439298285e-08,0.002616997318264422,0.905358444488004,1.9433665950688315e-06,5
0.07404836532721057,0.5536751370389129,0.0001100596094431548,1.0171198398154581e-07,0.025480495590944743,0.346683316053072,2.524668432690129e-06,5
0.00022616972204849006,0.02552182456503475,0.9383423573474846,0.0004874521038610332,9.750417345367108e-05,0.03532217440006012,2.517688057264081e-06,2
0.000578787438151484,0.057347826506635696,0.8719840968123453,0.001177021570356297,0.00022172419039597955,0.06868493831658913,5.605165525953653e-06,2
0.0003124202180937148,0.030439490279057107,0.8597415042355953,0.00033196846304841393,0.00010969260768947511,0.10906194904659433,2.9751499216806433e-06,2
0.00018596480517521702,0.012811787804000921,0.9651421304774356,0.0005998982393398724,5.549810403869891e-05,0.02120334820115178,1.3723688576173047e-06,2
0.00018547855500390483,0.013885224515228358,0.9497651627877787,0.00012871101577224172,2.416944286499746e-05,0.0360006657828147,1.0587900537077702e-05,2
0.00022128380240676233,0.018347682326628874,0.9392753030309793,0.00021580282661191996,2.8835172988634953e-05,0.04189846102486127,1.263181552336244e-05,2
0.0005851639677418567,0.0021311452548094354,0.3748047636890869,8.378930696688681e-05,0.00011018491433341007,0.6222565469094004,2.84059576610768e-05,5
0.00031698446242612845,0.0010528662417943987,0.27266362295471025,0.00014077240932376447,5.8457030332119194e-05,0.7257586362441436,8.660657269921412e-06,5
0.00029933897305555086,0.0011652581810868941,0.2901804264544512,0.0003648531394536906,6.8014123714861e-05,0.7079185928398054,3.516288432452724e-06,5
0.00028647421267780575,0.0011246584584497699,0.3152271662282455,0.014737469590125162,7.075549804733881e-05,0.6685519396919523,1.5363205021508545e-06,5
0.00031301125401676983,0.0011367821190035874,0.5928702784516661,0.00048210157137724345,5.109538391122883e-05,0.4051348337138908,1.1897506134196859e-05,5
0.0004076927482285614,0.00128987629544717,0.2920429518460205,0.0003113574936049288,0.00010377168549302835,0.7058416245437885,2.725387417247694e-06,5
0.0005976758547900555,0.0019648376333247946,0.25599647279453014,0.00031843204811814066,0.0001523072192868295,0.7409627965097377,7.477940212327392e-06,5
5.773333021825779e-05,0.00042636360301959094,0.014093652582707316,2.228768232122578e-40,1.1129076681724392e-05,0.9854082571425946,2.864264778502421e-06,5
9.390505700280249e-05,0.000576552987835196,0.06032129424267637,4.653986986776094e-05,1.7066282917922985e-05,0.9389419731404501,2.66841924988584e-06,5
6.847349938536319e-05,0.0005053470878996994,0.035490028117566796,1.9443303896104048e-05,1.1051482844410855e-05,0.9639032802962767,2.376212131002207e-06,5
0.00018081440364782982,0.0013965161380934546,0.13481215895727378,3.715899128981252e-05,2.732736993267887e-05,0.8635365071572746,9.51698248795905e-06,5
5.348857922131943e-05,0.0004131178854077946,0.015598522765682745,1.1380987255128666e-05,7.328951502250801e-06,0.9839133455138902,2.815317040486321e-06,5
9.281993544149241e-05,0.0006918807856919148,0.02306529351699741,4.164625568692445e-06,1.1136817932549827e-05,0.9761301174605492,4.586857818879865e-06,5
0.00030119990349713484,0.005631414191392379,0.1750018547746048,0.00016395256836729965,9.668367880859391e-05,0.8187925890899707,1.2305793359211226e-05,2
0.00047670723376846903,0.008612526539394167,0.33699291644517887,0.0002024223221834785,0.0001313777149230271,0.653546759308584,3.729043596805842e-05,2
0.9435538816775253,0.027980403773372145,1.5902509832338247e-05,2.0107846331407818e-07,1.667544482643085e-05,1.1659034670976549e-05,0.028421276481309463,0
0.9063907674405288,0.029828626302847935,1.5464088672735007e-05,1.9553486963063798e-07,1.6012089726723286e-05,1.1337603176564932e-05,0.0637375969401775,0
0.6382608455702792,0.3616368521981919,1.6026549614837622e-05,1.1372853650576967e-07,1.2312166485354206e-05,1.0499240673816418e-05,6.335054621845856e-05,0
0.6320925854821758,0.3678204246290955,1.4402881750793181e-05,1.7027865564494775e-07,1.0289714418172408e-05,9.628103555253445e-06,5.249891034884304e-05,0
0.6261065615456,0.37380867128873724,1.4842062808163048e-05,1.484369511339803e-07,9.990352239743359e-06,8.741490831033866e-06,5.104482283268921e-05,0
0.619082860363501,0.38082828857465023,1.3336073179505674e-05,1.0317091509131549e-07,1.0371888963971621e-05,9.71894718366194e-06,5.53209816065099e-05,0
0.6047157153536045,0.3952460729645819,1.3026581010525175e-05,1.007766128212602e-07,1.0014634581262654e-05,9.353108324745455e-06,5.716581284205054e-06,0
0.6131893730353805,0.3867755406997755,1.231035969677722e-05,1.0410301084447132e-07,1.1458817423529661e-05,1.0406590072202544e-05,8.063946405836075e-07,0
0.5021221955270092,0.4978003024005579,1.8688356757172975e-05,2.3371159507992347e-07,3.075124915947583e-05,1.3585174759900008e-05,1.4243580161168151e-05,0
0.3531905294390766,0.6467336314346898,1.921890807777298e-05,6.974176622082477e-08,2.6161457204600733e-05,1.397084978222001e-05,1.6418169402779494e-05,0
0.2779109657806167,0.7220178171510342,1.8658540427198594e-05,6.43925248545801e-08,2.4435974853979942e-05,1.2899276009052151e-05,1.5158884533949566e-05,0
0.5549840857567349,0.444963881113988,1.986401224381631e-05,1.9526732354788074e-07,1.9318291647053127e-05,1.265555806270699e-05,1.4502551445472725e-154,0
0.6389343318393952,0.3609804725846727,2.175190079257473e-05,2.267345002602302e-07,2.0414989444863673e-05,1.5739786783174483e-05,2.706216441123547e-05,0
0.08904221055251427,0.39381962042757657,2.1865838536792216e-05,1.7349444562647492e-07,0.5170542464720647,5.396395341655221e-05,7.919261445637958e-06,1
0.20485704055994217,0.6318637317997337,4.3944872551627364e-05,2.2967950237588397e-07,0.16309552106822173,0.00013528884470040013,4.2431753479627875e-06,4
0.16571202739030738,0.5550195257580519,4.1110243913016965e-05,1.976893975360948e-07,0.2791079908934771,0.00011549584531815321,3.6521795349677187e-06,4
0.11392359226563885,0.511395777518366,4.9427984394077415e-05,1.8588996612132512e-07,0.37452423126399476,0.00010335088471682888,3.4341929232709086e-06,4
0.006364675594258316,0.020389781692801708,3.7155761046721793e-06,1.9780815296542924e-08,0.9732350794958674,6.066379446807671e-06,6.614807057552791e-07,4
0.011499694513412982,0.9430063604153455,0.0030648863869996994,4.545404993120901e-07,0.002516451223226076,0.0398932101532228,1.8942767293702797e-05,1
0.15763963371948922,0.5877733548986888,0.003353958803157912,6.122894965680122e-07,0.013250729014501384,0.23797646813998796,5.24313467819926e-06,1
0.1522579427862465,0.7764811557081887,0.0007709199657435254,1.468441953512968e-07,0.06661134119548179,0.003875177115124129,3.3163850200523373e-06,4
0.1595463352361317,0.6651593405292009,0.006036901560688824,2.561060260858142e-07,0.1640002801326978,0.005251606381868751,5.2800533860322395e-06,4
0.09286377436500935,0.7219502973821473,0.003650269241989388,2.584751062124811e-07,0.17646159291773905,0.0050684787220798165,5.328895928848463e-06,1
0.05849335930946478,0.8559726155475756,0.0005170184452773018,1.4097313661073184e-07,0.0826216704988086,0.0023895291821177424,5.666043619310781e-06,1
0.06244951555427755,0.8662741599419355,0.0005365102834826682,1.4266973414064067e-07,0.06822776180793391,0.002504961716272616,6.948026363909824e-06,1
0.10479241157717686,0.8559605881516494,0.00040181049814095546,1.4866004631807828e-07,0.03605356456678652,0.0027833105777599807,8.16596844019365e-06,1
0.0698501180485098,0.8156615165402067,0.00016317861046841805,0.0,0.11408435310445549,0.00023608224474748268,4.75145161243179e-06,4
0.052214038221399035,0.2658941885713311,0.00027773155027508204,2.8298850510912273e-137,0.6812649793877894,0.00034609748988187483,2.964779323613571e-06,4
0.06296286737105941,0.24120074733869293,0.00013376540719194473,4.236602236601106e-137,0.6954539045691126,0.00024679073558670997,1.9245783564447037e-06,4
0.1901677511581423,0.47224679594723806,0.0002502217719333535,2.909146302061546e-07,0.33686195514053086,0.0004676771576205515,5.307909904602782e-06,4
0.1930113204606345,0.8031602326520307,2.3631524310733835e-05,1.7115543890419375e-07,0.0037837328957168325,1.6525768815444516e-05,4.385543052862416e-06,1
0.20848725017415684,0.78651398651737,2.369974663431202e-05,1.7164955098860904e-07,0.004957155488512102,1.3338220010206361e-05,4.398203765446349e-06,1
0.22518073338270223,0.7657923587309576,2.4309704895493013e-05,1.7629121321535927e-07,0.008985885735750024,1.079687244037924e-05,5.739282041018256e-06,0
0.2760534542613262,0.7153042136631399,2.8372496408037457e-05,2.67084740046592e-07,0.008585898265161847,1.3415923248447777e-05,1.4378305975466877e-05,0
0.3061207059250548,0.6856852601440125,2.3583906702637837e-05,2.6951470646837185e-07,0.008142118702398036,1.3545079720542552e-05,1.4516727404995063e-05,0
0.7418423033335594,0.2564006011136532,1.6838167740147175e-05,1.5458250559275986e-07,0.0017276553549224701,7.768898362141375e-06,4.678549256996205e-06,0
0.7659607639030627,0.2330622433334905,2.8777587540930478e-05,1.727696141349629e-07,0.0009336210996475409,9.192311637613978e-06,5.228995006537858e-06,0
0.4144677017219053,0.5833733986462537,2.4111256443204278e-05,2.4499758536410316e-07,0.002114093107530238,1.3035244457804339e-05,7.4150258244020525e-06,0
0.33774858358504434,0.6608356639836337,2.3738643671650138e-05,1.785881652804024e-07,0.0013653987510567275,9.903216369151992e-06,1.6533232059249704e-05,1
0.17956231393055172,0.8151819532360967,2.3437162706486182e-05,1.973435748382742e-07,0.005212951098182458,1.4090663059871497e-05,5.056565828115333e-06,1
0.365496857936698,0.6164542791448631,2.356650279832851e-05,2.7475120981589595e-07,0.018004537948526744,1.5245132567629977e-05,5.23858333639331e-06,0
0.49698198932427956,0.49597477433169235,4.974963976059419e-05,1.328447407180152e-07,0.006916566675402929,7.385951686261449e-05,2.927667261048987e-06,0
0.16812767903904569,0.8152106470521796,0.00023989078660562925,1.5739696052993378e-07,0.016044810892405323,0.00037145494761317577,5.359885190102392e-06,1
0.2202619572401423,0.75046495972046,0.00025193265520996404,2.797606168330842e-07,0.028260182362143473,0.0007528292353696158,7.859026057836089e-06,1
0.5169333190025986,0.4711411909622969,0.00023613233545815969,2.0791247713604442e-07,0.010280037291887607,0.0014054059656407377,3.7065296408731562e-06,1
0.30504670893172564,0.6840694732757678,0.00030268509445617456,2.1345115220058234e-07,0.00922169696115623,0.0013548288369349454,4.393448806866615e-06,1
0.10478840879718845,0.8878234580121103,0.00023415720666200267,1.9368196147290632e-07,0.006617372807875614,0.0005140247606844349,2.238473351771105e-05,1
0.07312606542255998,0.9172707041167857,0.00043165377221176686,1.9104151887103479e-07,0.008655748965407216,0.0004935571163459863,2.2079565170786944e-05,1
0.049620321357799896,0.9438062015848793,0.00047320193635517756,2.3944746005280503e-07,0.005451793528496214,0.0006242996237583216,2.3942521250922873e-05,1
0.04268916279789078,0.9520711347455433,0.0005688433172761977,2.2495098674532096e-07,0.00376566365152184,0.0008708948417909296,3.407569499015569e-05,1
0.10761640674940368,0.8867476232200253,0.0006733598486298279,2.0858365007386385e-07,0.0028387840910787825,0.002087711837764381,3.590566944788863e-05,1
0.14072721200102073,0.8439106926816368,0.00026929815242895526,2.0317749126681866e-07,0.012568457109004158,0.002518292646922718,5.844231495518889e-06,1
0.314590480984913,0.5855743217860697,0.0023842036796623564,4.013536638752508e-07,0.022108822703095245,0.07532567162891556,1.6097863680311594e-05,1
0.11659586403511102,0.3851584131332795,0.0009120256551911281,1.45130039860308e-07,0.05848584238911956,0.43884466094072627,3.0487165328658197e-06,1
0.08152854982458006,0.9042680471389671,0.001404217796605146,8.488472873310708e-08,0.0039381235191916966,0.008843709173858584,1.726766206894916e-05,1
0.12506759003095422,0.8612455081566667,0.0016420973105775404,1.6011536789028227e-07,0.007416404310978959,0.0046129542901690215,1.5285785285700914e-05,1
0.06202071782120131,0.9295143636254938,0.0013039704485603451,6.688231467669416e-08,0.005579014806876276,0.0015647473541632157,1.711906139063992e-05,1
0.06668614415801699,0.9149485872186113,0.00201375025730116,8.200877363628588e-08,0.003211028516212682,0.013092278878726746,4.8128962357494696e-05,1
0.05753556054325788,0.9111730407819559,0.0008126937226580202,7.678073015304169e-08,0.01852680649479705,0.011904872690083753,4.6948986517234105e-05,1
0.06387454835896517,0.9041530364972217,0.0011007978539912344,2.5882550594026495e-08,0.018285184055623894,0.012572316649940601,1.4090701706637729e-05,1
0.044081669368212666,0.5917084153448221,0.0006090283660588812,1.8620148629769507e-08,0.011835163778974216,0.35175621973394644,9.48478783718949e-06,5
0.05107243636354903,0.9039869744011105,0.010355645450691143,1.3668214962035308e-07,0.029942316112785246,0.004639572988296718,2.9180014177926346e-06,1
0.039161045603836826,0.8869668169414637,0.018389790342059807,1.9356942531682713e-07,0.0496860466375095,0.005793001772026865,3.105133677773758e-06,1
0.031677071448962375,0.8986092373473615,0.017077563117126764,1.857685948012352e-07,0.04853120294265321,0.004101759378232687,2.9799970684723507e-06,1
0.023157819251386894,0.8945059887126571,0.01505765077323931,1.6379612278212572e-07,0.06221482409639388,0.005060925843376944,2.6275268230355714e-06,1
0.02264514036414644,0.8711281549126676,0.0327488065254546,1.784261158336658e-07,0.06490938449280176,0.008557950488760728,1.0384790053006919e-05,1
0.025039161405510782,0.8083700632627259,0.026254450473475726,1.5321255296116672e-07,0.12743453919163303,0.012889357842197344,1.2274611904231843e-05,1
0.012612359602258335,0.9126449042439754,0.012833686330747168,1.9060687118455124e-07,0.040470538217140514,0.02142566080542143,1.2660193585916375e-05,1
0.011498418632449972,0.8926159059542488,0.03077812553472885,3.1749914332068497e-07,0.011666398082886742,0.05342151887924228,1.931541729992453e-05,1
0.007367692218944089,0.38041767802942744,0.0008335616755782767,3.9598340922710064e-08,0.011832251672433746,0.5995470442467546,1.7325585209311577e-06,5
0.02416934470413843,0.1266613269722963,0.00010682090817628158,2.971242266408249e-08,0.0023236557281647164,0.8467373938933849,1.4280814168583614e-06,5
0.027545106491232263,0.18317913225021376,0.0001924684651201636,4.3055626393123276e-08,0.005354782020972992,0.7837266330340416,1.8346827929049287e-06,5
0.03832130961084441,0.06079092305300741,4.329413917080786e-05,2.7648635545508688e-08,0.00610286490051625,0.8947405068267007,1.0738211248367247e-06,5
0.053172641494137654,0.37856501088599004,0.00011636375816208025,7.111983958937199e-08,0.029332118695734356,0.5388120920712055,1.7019749308550326e-06,5
0.00013175413236484083,0.011770226914626503,0.9680618498566597,0.00043476568014312605,6.009126323138845e-05,0.01953984548536513,1.466667609376254e-06,2
0.0003201260792824457,0.03947444307121787,0.8764184597277171,0.0014083062092362748,0.00012320588758928493,0.082252514952606,2.9440723511688137e-06,2
0.000143516446166403,0.0017338936631707978,0.9700494145907868,0.0006298781417575794,2.6933783589111692e-05,0.02741501252812866,1.350846400392232e-06,2
0.00035663329460227706,0.030498378669502793,0.8352567273610935,0.0014513506963782516,0.00010577336646746246,0.1323284190697428,2.7175422129064642e-06,2
0.0007331686809587777,0.011673098802462499,0.9295474971077511,0.008019903214775886,0.00012369553216790214,0.04989412472878247,8.511933101411476e-06,2
0.0008320224788344003,0.013219909642237444,0.9233808315317255,0.0014553312737917812,0.00012077811025755966,0.060966644908351006,2.4482054802515116e-05,2
0.0001994484276086294,0.002753308136664659,0.9859479826361223,0.0001538651051108066,1.2977701037952138e-05,0.010925312717109644,7.105276345909736e-06,2
8.271455881096588e-05,0.0007397660043677225,0.9952794125747729,9.445486381791985e-05,4.656971571018257e-06,0.0037964251703309824,2.5698563283255746e-06,2
0.0004219621060027475,0.004786655065714761,0.8870985786754763,0.002018145237337567,0.00010007532968846233,0.10557160905002408,2.9745357561703597e-06,2
0.0004350965811245108,0.0016066213707955997,0.804861863191124,0.0004595264879269249,6.0180047255405816e-05,0.19256279942647758,1.3912895296248337e-05,2
0.0008528834151693211,0.007591803803027794,0.9431527840145242,0.0006854660233530517,9.613042489705774e-05,0.04759671404828452,2.4218270744164316e-05,2
0.000630052202534727,0.006326805864903549,0.9769914557294872,0.00044841925851677074,9.877621353490064e-05,0.015484032189068905,2.0458541954080442e-05,2
0.0005454271218185434,0.004778312805736683,0.9538779913841774,0.000265256652487025,3.4813889618290906e-05,0.04048274685603325,1.5451290128589076e-05,2
0.0005632500929051818,0.004934454162799399,0.935709080803545,0.00017743133704511372,3.5951506218674504e-05,0.05856044915249326,1.9382944993476112e-05,2
0.00042757465661693314,0.001219247385698612,0.32948308575472796,0.008718222863734878,0.00011721570243013929,0.660029955730848,4.6979059435021715e-06,5
0.00021385029233359022,0.0007790972492749154,0.42539877469348825,0.00032937333929847516,3.6868938616755676e-05,0.5732339070726509,8.128414337148295e-06,5
0.00048815747254583137,0.004352379542526049,0.21072498561348124,2.5345591931242763e-05,7.601879674148231e-05,0.7842995597005316,3.355328224253916e-05,5
5.884085965909947e-05,0.00039834090633377107,0.015426244714946254,6.632354504734717e-06,6.339228665748384e-06,0.9841007588556254,2.8430802649481923e-06,5
6.137976295599326e-05,0.0004927594078541668,0.015462343059946128,2.2925716587510785e-09,9.48031216292328e-06,0.9839706771061757,3.358058333452171e-06,5
7.674330919771067e-05,0.00066042027930983,0.022439441999153407,0.0012522006917613003,9.493489911578951e-06,0.9755572011008896,4.499129776492289e-06,5
0.9707320482618406,0.013668814894058958,1.6082347308020538e-05,2.0335240897660136e-07,1.7068829646139295e-05,1.1616331475967196e-05,0.015554165983261405,0
0.9144584819331804,0.04827108688435092,1.7231790597191343e-05,2.3057974214765455e-07,1.853863094939011e-05,1.3369592962948198e-05,0.03722106058821704,0
0.6424161335747401,0.3574940444000607,1.5028738620012787e-05,1.0349935316216909e-07,1.0000443633207551e-05,9.357432382083434e-06,5.533191121069414e-05,0
0.6307261554793512,0.36918102134964753,1.3236293235193748e-05,1.0239899459988912e-07,1.0294286922553237e-05,9.646230425460087e-06,5.954396142347773e-05,0
0.5988460880408383,0.4010681711239745,1.290013948808743e-05,9.979843225792252e-08,9.917428288829556e-06,9.262323086842243e-06,5.3561145891171015e-05,0
0.6065277611856464,0.3934354744288737,1.2649765397467844e-05,1.0179107958805786e-07,1.2029681210977929e-05,1.0693507439546465e-05,1.2896403523360552e-06,0
0.3033318244607516,0.6966067612452669,1.9581470111486575e-05,6.617508570736318e-08,2.851028560563241e-05,1.3256363178640644e-05,6.633451565718414e-17,0
0.2534692643844504,0.24944966145595845,1.3291295093072606e-05,1.3854399114250251e-07,0.497043404124103,9.61764918073871e-06,1.4622547223109616e-05,4
0.2860027132626643,0.6308678554760146,5.577434512953649e-05,2.5306523466552474e-07,0.08293398150494592,0.00013468180491225045,4.740541098770798e-06,1
0.24552503267691747,0.6317093594101558,5.2139046056124826e-05,2.2645892097129324e-07,0.12257424532346954,0.00013475494579400743,4.242138685966067e-06,1
0.16554899232504336,0.551340051531098,4.6813662762608365e-05,2.0040952234253588e-07,0.2829484020595171,0.00011183758003328993,3.70243202333816e-06,4
0.13954652363662481,0.5686102168490215,4.198252764148728e-05,2.0253019215535324e-07,0.29167900886944675,0.00011832397709219406,3.7416099812222254e-06,4
0.016377989552040905,0.07640251731988953,5.358209699335974e-06,2.992325000992515e-08,0.907199054327207,1.449013103551394e-05,5.605368776486794e-07,4
0.008597847893113948,0.05708617913592842,4.332812584614084e-06,3.02362047904022e-08,0.9342989578324661,1.2167311538651661e-05,4.847781635674331e-07,4
0.009467809529353777,0.05261384326558158,4.482558274184517e-06,2.5223850095713588e-08,0.9379018636771772,1.1515299724457973e-05,4.6044603843060365e-07,4
0.008355208825588285,0.04073463902209306,3.064971862212167e-06,2.0206516278395578e-08,0.9508978854277492,8.628238333806158e-06,5.533078571585215e-07,4
0.3111924843770516,0.5909810462753357,6.526939901914418e-05,4.0961377001250506e-07,0.09762571095131137,0.00012207480384065407,1.3004579671560269e-05,4
0.006253027529680885,0.9779930973687927,0.009627075753732063,1.6412736371799432e-07,0.002063983983069273,0.00404024903713789,2.2402200223666348e-05,1
0.004460863865548771,0.9800575975869487,0.0077141123439574645,1.6361548113181807e-07,0.0014297930763839599,0.006318489404573191,1.8980107106860783e-05,1
0.005348310827560671,0.9692044752658473,0.009297699855103614,1.0354766373715691e-07,0.002103724411262518,0.014030968954014834,1.4717138547400552e-05,1
0.006923204644273309,0.9397533418862111,0.011849963085724018,2.666782913641812e-07,0.003971238317532528,0.037484197618218563,1.7787769749031328e-05,1
0.00945347690160493,0.9433942895358693,0.0034219417594901448,2.7516392608557456e-07,0.0029375450829617245,0.0407741177841351,1.8353772012756662e-05,1
0.02576860291132534,0.8551055871121436,0.0031721517985671063,3.8517257625772134e-07,0.003446096131398392,0.11247525107393852,3.192580005089905e-05,1
0.06630372827372506,0.2719423160738232,0.00022297306163922132,9.908393581163694e-08,0.6611758150860652,0.0003514329793546056,3.6354414569178487e-06,1
0.07409515235331272,0.25701271389116004,0.00021486737611737885,9.549920184896463e-08,0.6683596837666268,0.00031551823806591614,1.968875515318974e-06,4
0.16206386116037433,0.1928856245955656,9.223611806781231e-05,1.2503558768076808e-07,0.6447804228321956,0.00017378135266691994,3.9489055421706996e-06,4
0.4014896542427971,0.4638473982848208,3.168645347256241e-05,3.517855627341982e-07,0.13460549184332407,1.8734466508534094e-05,6.682923514214508e-06,0
0.22141731523401023,0.76749141588928,2.6278048654887006e-05,1.7675845376594778e-07,0.011030604431998802,1.9453688062494172e-05,1.4755949539927077e-05,1
0.18993096279674154,0.8028506292890151,2.3186438755981225e-05,1.6704742429837466e-07,0.007175282579650912,1.4829963808794808e-05,4.941884603331811e-06,1
0.1652639807027576,0.8296837699101665,2.224610207163157e-05,1.602727392013214e-07,0.005009626549124821,1.5474998939073568e-05,4.741464201076769e-06,1
0.7644836961369333,0.2332276357961651,2.0213193830875813e-05,1.619274520977556e-07,0.0022552540608473328,8.138035494793403e-06,4.900849276534989e-06,0
0.8328390346560578,0.16552731683504665,1.4532433311854536e-05,1.1492384500738387e-07,0.001609747138579812,5.775761415078725e-06,3.4782517440034683e-06,0
0.7639524104630009,0.23424129284030867,2.314089016997625e-05,1.7231661123293698e-07,0.0017685999960123265,9.16820934469045e-06,5.215284552159055e-06,0
0.32056438904780027,0.6792027042715465,1.393342793324648e-05,2.1065815849025565e-07,0.00020102510592190105,1.214772166472941e-05,5.589766974846042e-06,1
0.39836063144147943,0.5975983200298719,2.928774814542667e-05,2.7343240611028065e-07,0.0039931604823666275,1.2197843993918794e-05,6.129021736537142e-06,1
0.19258920487797676,0.8046780586242656,2.2880905028517702e-05,1.9088311627463786e-07,0.002690550389975983,1.4223291166930875e-05,4.891028470065494e-06,1
0.14332021390502445,0.8483579355109665,2.042758925579184e-05,1.8216408983189014e-07,0.008284211370217953,1.2919292738568645e-05,4.110167706742148e-06,1
0.43169473427915317,0.5638076446012993,1.2758368526333851e-05,1.6039032231734248e-07,0.004467488108505622,1.392476317439946e-05,3.2894890189596873e-06,0
0.17125986255971784,0.809686581308978,0.00012657182225947112,2.036760154007734e-07,0.018721973396344075,0.00019658352659835602,8.223710086626569e-06,0
0.15431173961984487,0.8271041860141143,0.0002433906800717171,1.862542578160174e-07,0.018009605264445692,0.00032242856755082604,8.463599714852477e-06,1
0.5382627231433986,0.44984522671673094,0.0001874987882361574,1.9851466441189526e-07,0.009784473966120675,0.0019163398793565793,3.5389914926039633e-06,1
0.09288443720824315,0.8987151949822705,0.0003455347556889246,1.899974167099389e-07,0.007551370922433103,0.00048131324056498664,2.1958893382543686e-05,1
0.06632662041953377,0.9271579608048098,0.0005831871243921684,1.5518199310072944e-50,0.00534453784164449,0.0005541211987096833,3.3572610910126255e-05,1
0.06636089271011283,0.9276370418561947,0.0006357587389797784,2.2164244189703238e-07,0.004768115678152958,0.0005643794155686526,3.358995854926921e-05,1
0.1396699419861887,0.8560627847663156,0.0003983843760511534,1.812581083896848e-07,0.0017664396610476655,0.002071066112056841,3.120184023189212e-05,1
0.1032931772139371,0.81806686552567,0.0004037209880630694,1.749941460885433e-07,0.07651305729212854,0.00171941075450035,3.5932315548431434e-06,1
0.0723341150829377,0.8594295410396539,0.0004946439141262305,1.8107781956384512e-07,0.06589301653898412,0.0018385504397465942,9.951906731818564e-06,1
0.10873862136253941,0.3577542425711632,0.0005494259828322549,1.0319119327999042e-07,0.039961377170617735,0.49299406200574025,2.167715913960139e-06,1
0.0995359598982399,0.8725265801747719,0.0009132942704474608,1.915270623572021e-07,0.014484304193584742,0.01252138536027702,1.8284575616747694e-05,1
0.1117527097608499,0.8753783539623073,0.0010534595002537894,1.6274282519958083e-07,0.00681897182535545,0.00498080558681107,1.553662159708362e-05,1
0.09248406256742894,0.8743029018596092,0.004030516108747975,1.5003516940203973e-07,0.025564816557587966,0.003608385474259205,9.167397197205851e-06,1
0.059471311119123516,0.936653959061856,0.00018578190492752548,6.399519358610168e-08,0.0030302921742597325,0.0006144929104504669,4.4098834188986446e-05,1
0.05078787098489028,0.6212825542831594,0.00042147315420200404,1.9396140914672312e-08,0.01561983410152604,0.31188075143749233,7.496642589011776e-06,5
0.06917460260808626,0.8531251677346384,0.0005325872849035907,2.0143846489140177e-07,0.001801978418126447,0.07534916089084776,1.6301624932498513e-05,1
0.10672456438346795,0.8630095314326623,0.0005842581730732229,2.1255777999564115e-07,0.004305121274257181,0.025372902444396182,3.4097343630431004e-06,1
0.07339766885661295,0.88654731683023,0.0063298835059083,1.4850458764164488e-07,0.02486897450955859,0.00885283739668665,3.1703964159962484e-06,1
0.004366148223534497,0.21682715087221693,0.0005104383708984309,2.3549636870657092e-08,0.0052606288953403945,0.7730340064575701,1.6036308028012416e-06,5
0.00987272508376245,0.14950920267382953,0.00030664397906085924,3.6515868260719856e-08,0.004284753434143143,0.8360248264062737,1.8119070620436588e-06,5
0.011711351958859372,0.10180319939705314,0.00010646199492257634,2.3881162161696776e-08,0.0017937434165389806,0.88458344020009,1.7791513737862814e-06,5
0.01635293846770367,0.13840443131203287,9.033780194346041e-05,3.2467139418368376e-08,0.002539087954541384,0.8426107531882365,2.418808402538679e-06,5
0.025263085369325648,0.16620715663634072,9.280886344939111e-05,3.906642177026296e-08,0.005428724489007873,0.8030060523733421,2.13320211245321e-06,5
0.05706695425514653,0.31927679940345055,9.105834205514949e-05,7.052761300957573e-08,0.022053764863257618,0.6015096258976058,1.726710871346885e-06,5
0.00017662483913940245,0.01798083971461081,0.9597594311275527,6.145923488108295e-05,6.995092545169072e-05,0.02194328879052466,8.405367839547008e-06,2
0.00010840035059148066,0.0015592670569688479,0.9793261318899689,0.0003614168497992553,1.8057508149447982e-05,0.018624155352211055,2.5709923107714648e-06,2
0.00020548453314811523,0.015187839149186116,0.8860660922229119,0.019182276690665603,8.156201008772036e-05,0.07927479039399546,1.9550000050056877e-06,2
0.0007425625537243591,0.012326354226804656,0.9173113521667305,0.0017653915300240655,9.772057252092754e-05,0.06771534448692644,4.1274463268730525e-05,2
0.0005839158882721091,0.009001373614106724,0.9527415821580304,0.00011203834343128393,5.670330538009135e-05,0.03747256788503956,3.181880574012461e-05,2
0.0002749185780533024,0.0026097611126672444,0.9852869637753905,0.00025266743478669096,2.6109921904179997e-05,0.011540928061532098,8.651115666293965e-06,2
0.00024230205218017046,0.002499614837893364,0.9815127918613069,0.0003247427937850907,2.5000364825534957e-05,0.015392270705130223,3.2773848786894464e-06,2
0.00023059600895939457,0.002523813608340222,0.9733285988942907,0.0002734042929809539,3.1231834550140216e-05,0.02360902248774156,3.3328731372149987e-06,2
0.00012801452663095493,0.009276873830275654,0.9706611695494832,7.91920254856203e-05,9.908410205754663e-06,0.019840080407803655,4.761250115172325e-06,2
0.00012722888477630513,0.008247957124609058,0.9601654226428918,9.375744639043657e-05,2.360441756474628e-05,0.03134050112063009,1.5283631372834431e-06,2
0.000208225228912848,0.0018136161556714196,0.9542591540308998,0.0024298698487787004,3.7633111670979325e-05,0.041249987980282884,1.513643783562612e-06,2
0.00018077498549605168,0.0006172690899313173,0.9738805411182625,0.00017934532644807685,2.0362394462785284e-05,0.025115267043510615,6.440041888410947e-06,2
0.000345711495804071,0.0009087873220340677,0.9611631946594437,0.00027568059039569223,4.443668526660114e-05,0.03725991309663295,2.2761504228809776e-06,2
0.0005111262317898427,0.004613374754908711,0.8241535497234275,0.00033197687112785263,4.561038584558993e-05,0.17032980563660113,1.4556396299365388e-05,2
0.0005142661494168391,0.005164115095800317,0.9688512042812782,0.00040669431210573886,5.9831073117926905e-05,0.024987190256738245,1.6698831542975036e-05,2
0.0005858606114943871,0.004935062499332496,0.9358244382472304,2.3727840826106927e-05,3.5849645222018035e-05,0.058567668686698805,2.73924691957833e-05,2
0.0006144438608140388,0.002048025552061198,0.7167754366941295,0.00020600815012942534,0.00013762037441153937,0.28020874600861245,9.71935984188159e-06,5
0.00030357083785377114,0.0010305864148234588,0.26689375580582414,0.0002883172908757396,4.0612698563092344e-05,0.7314346795639818,8.477388077911217e-06,5
0.00023620437461928736,0.0006065680054582548,0.28975726173763383,0.0002859567883134538,4.635956751912412e-05,0.7090650716130772,2.5779133787809135e-06,5
0.00022249985388675487,0.0005431943218382579,0.2964684945340594,0.0003494041301372052,3.6845264459730906e-05,0.7023761780349274,3.3838606912667677e-06,5
0.0001377789589463723,0.0003894553167584653,0.10742392351298923,5.469266586998955e-05,2.589876503635091e-05,0.8919661330299685,2.1177504311068377e-06,5
0.000326058991681074,0.0019148102049608767,0.14545769178090528,4.308254823480512e-05,2.7796246688706442e-05,0.8522167703054896,1.3789922039769642e-05,5
0.0001731071946937513,0.000717424919522645,0.1465456921794958,0.00016442546082733164,3.9580656550550984e-05,0.8523540783996976,5.691189212357538e-06,5
6.699737072693495e-05,0.0005431287937498882,0.016017473224847163,6.460963262184239e-78,8.310884444493693e-06,0.983359952035866,4.137690365367519e-06,5
0.00012703452429925857,0.0009218161251229065,0.03143236027911212,0.002467888371530283,1.460728930607159e-05,0.965029029475589,7.263935040308225e-06,5
0.0006119135522631862,0.006680644411462249,0.6141730397067193,0.0005834787094578381,8.171073988771963e-05,0.377849417334268,1.9795545941646558e-05,2
0.7159692194997196,0.2827106483270677,1.5101960154402532e-05,1.0716741082800115e-07,1.0967943974884981e-05,9.893527809670366e-06,0.0012840615738626878,0
0.6756829192429142,0.3239549656890238,1.3635976681429096e-05,9.676441336880016e-08,9.72783608865681e-06,9.11543938480161e-06,0.00032953905149377697,0
0.6584969851985072,0.34140709738107383,1.6332036208811725e-05,1.862036793711146e-07,1.0719938083133125e-05,9.366407542074648e-06,5.931283490568628e-05,0
0.6038475847980429,0.3955950730574787,1.1742816052717956e-05,8.64442821833793e-08,8.7148319510815e-06,8.431362802710035e-06,0.000528366689389905,0
0.5928248294613964,0.40709033983351167,1.2770431576288653e-05,9.879498215872625e-08,9.817710846630881e-06,9.169192575570692e-06,5.297457511141556e-05,0
0.5495646139538322,0.45039756749366605,1.2756998325059108e-05,9.869105945199325e-08,9.7923271667898e-06,9.865587855500605e-06,5.304948095041817e-06,0
0.5477591717193458,0.4522085429777762,1.1658310933054978e-05,8.222106470706672e-08,1.0768249244739525e-05,8.637609215764726e-06,1.1389124196584437e-06,0
0.36247948529405394,0.6374282605598961,2.3869438570814977e-05,8.481992190893318e-08,4.237752064798858e-05,1.6991344666798798e-05,8.931022242505228e-06,0
0.47427439826387563,0.5256465805579247,2.6399096798139663e-05,2.6996632429766335e-07,1.8907975012496101e-06,1.8848860478235618e-05,3.1612457097621386e-05,0
0.08344033371394903,0.3093044551851895,1.0629894016157013e-05,1.5760666694599366e-07,0.6072291792760174,8.050270215238202e-06,7.194053945727285e-06,4
0.13897380827962397,0.6408736115789955,2.9300010193854584e-05,2.168457472002604e-07,0.2200099226919615,0.00010967255646629297,3.468037011811287e-06,4
0.036218294693436036,0.052088844058946746,5.080906195234112e-06,3.949486550228299e-08,0.9116791279876467,7.432965899380468e-06,1.1798930102435795e-06,4
0.01671681262683633,0.08151587784981092,5.356390499163035e-06,3.9221799661736004e-08,0.9017524793632384,6.997807526675977e-06,2.436740288915872e-06,4
0.014421421486726939,0.18251719116089102,1.3758894847902411e-05,8.373181715782217e-08,0.8030284929644755,1.4451710087083821e-05,4.600051154340854e-06,4
0.008910450450811588,0.978734011799696,0.00513118630268965,1.6051400436332998e-07,0.0025962323148157537,0.00458655830347331,4.140031450912781e-05,1
0.007117890234427871,0.9807632534819233,0.004868827057640958,8.912855666972643e-08,0.002185025036204218,0.005043395002514988,2.1520058732191816e-05,1
0.006383176161200991,0.9807486829125499,0.0036368302499586716,9.072666917728233e-08,0.0026140292222764194,0.006601526516710303,1.56642106345598e-05,1
0.004164710585913435,0.9687734951054229,0.013424277247795402,8.833968407822975e-08,0.003328688994511801,0.010296184084923261,1.2555641748838177e-05,1
0.0074393579732286675,0.9660793215279645,0.0031453948273546953,9.97763373403352e-08,0.0029867538527884045,0.020333811362847898,1.5260679478451497e-05,1
0.009468419606392837,0.9376163667462312,0.003602928263111303,2.7679107461444306e-07,0.0029157754779312053,0.04637777081043969,1.846230481919895e-05,1
0.010049112528321311,0.9266001790620756,0.0028370059971084406,2.735390170188262e-07,0.0029410151506027785,0.057554168334293714,1.8245388581189814e-05,1
0.01172221507391558,0.909735522608523,0.0027124271752316667,2.739744854017479e-07,0.0025747606613808986,0.07323652607160594,1.8274434857468138e-05,1
0.23786803711545607,0.489924854693418,0.0029715245520260617,5.119547954943462e-07,0.03547021069119349,0.23375977184950375,5.089143607192899e-06,0
0.3099638379601545,0.5557711218417898,0.012185017786386625,5.566602461145726e-07,0.06330638419049721,0.05876114924501815,1.1932315907695059e-05,0
0.046717927878853836,0.7274351412708231,0.01183015168304063,2.8704986573321295e-07,0.1825346392622533,0.03147033193409578,1.1520921067723517e-05,4
0.1258626799177258,0.6180574044071593,0.0074893541078402594,3.593108698645722e-07,0.2380791789959535,0.010506530193407804,4.493067043500563e-06,4
0.12315435668382127,0.2688896859547296,0.002993654313950849,1.36126545258854e-07,0.6015340606749228,0.00342549581087585,2.6104351545075716e-06,4
0.0919896625645148,0.20472863260808544,0.0022793241474484793,1.0364473956505681e-07,0.698864817711275,0.002135471777193132,1.987546743553373e-06,4
0.21034653974317172,0.4675584052227902,0.002355238471461833,2.2661344174903537e-07,0.3141715045274397,0.005563742038507011,4.343383187684863e-06,4
0.08923864270928449,0.8462598718645579,0.00024712424189453813,2.061388559206467e-220,0.0635202716100533,0.0007270481788332172,7.04139537650551e-06,1
0.09235888669381687,0.32501612361308313,0.0004660080773254366,1.6273005166687753e-220,0.5816723705078014,0.0004786060286753886,8.005079297875121e-06,1
0.07201978287579155,0.26216233027235075,0.0003869369692751772,0.0,0.6650912060934383,0.0003360505736064239,3.69321553771886e-06,1
0.08312312417174854,0.2542294573998978,0.0002298674525049103,1.0463013327240614e-07,0.6620959929468221,0.0003178844966893069,3.5689022041743945e-06,4
0.32021023093879514,0.40762721521370726,0.0003861828648716963,3.849380917221732e-07,0.2712063207659965,0.0005602518228177989,9.413455719898852e-06,4
0.13080698696489043,0.11615358197242988,7.927602866880045e-05,8.283120884826276e-08,0.7527932267056701,0.0001642295009522492,2.6159961795893895e-06,4
0.5317327147096155,0.4003729250274766,3.266640122980635e-05,2.8360946541709914e-07,0.06783204087058795,1.931385600865902e-05,1.00555256160846e-05,1
0.5648297286074399,0.3893932765090413,3.177057241260838e-05,2.7583188593525133e-07,0.04571745288542569,1.878420143599731e-05,8.711392358614448e-06,1
0.19949316110684895,0.7888649643886795,2.8164639185713178e-05,1.8565268529134484e-07,0.01158355304077879,1.5889207664970645e-05,1.4081964156870918e-05,1
0.17642828564631768,0.8151939650985671,3.0468097799996475e-05,1.928222011994431e-07,0.008322386215746944,1.8997720922692184e-05,5.704398444276691e-06,1
0.2503430640130439,0.7463498904266319,2.3348913684346583e-05,2.0552998994121372e-07,0.0032617659724096487,1.7168923377799938e-05,4.5562208624308604e-06,1
0.286328513751249,0.7105434070391026,2.0821219677020775e-05,1.6962119499377677e-07,0.003089124913149128,1.3180604342922215e-05,4.782851284099036e-06,1
0.8641183028124011,0.13426230525821992,1.474541860164335e-05,1.1812522475452375e-07,0.0015949751425275397,6.456726731621868e-06,3.096516293237318e-06,0
0.8508124673750069,0.14739364395903432,1.5780802987731024e-05,1.2641966634469333e-07,0.0017672451613223968,6.910101045621412e-06,3.826180936702162e-06,0
0.6495482642972058,0.3457898562505841,3.442394235685193e-05,2.563348708126544e-07,0.00460542974990383,1.401126826266225e-05,7.758156815896071e-06,0
0.3164308638202566,0.6805828931843425,3.015652877958808e-05,2.22305775792492e-07,0.002937657590353534,1.1827913028327992e-05,6.378657463550916e-06,0
0.3448866730479149,0.6539698967455846,2.4641713610597663e-05,1.9940852312954027e-07,0.0010990744831065981,1.06096508751312e-05,8.90495038512415e-06,0
0.2824824506285339,0.7150842347923614,2.4355437406390547e-05,1.9312654342570475e-07,0.002393446276762069,1.0405689645016713e-05,4.91404874769813e-06,1
0.2718254496451615,0.7078992236093877,2.9121412516576546e-05,3.3933697027319866e-07,0.020217915809039557,2.114738590808088e-05,6.802801016495598e-06,1
0.3450078989480727,0.6438419681178235,2.8601097006741645e-05,3.131520747452808e-07,0.01109478000074951,1.9419341173580735e-05,7.01934309930123e-06,0
0.39594493314871343,0.5999753376313458,1.4604995501196808e-05,1.5639836638848396e-07,0.004045265996450791,1.5694409387149573e-05,4.0074202349945915e-06,0
0.15421582807767692,0.8310084815831165,0.00010323030716750408,1.9096418447705708e-07,0.014584454002840053,8.286089881989051e-05,4.954166194660242e-06,0
0.18425030305309964,0.8014848345332494,0.0001763797911746274,1.8596921612036672e-07,0.013583561227953917,0.000492213951190399,1.2521474116088192e-05,1
0.21926882979735154,0.7566333483685294,0.00018071331797103556,2.0623074354228088e-07,0.02318635921233594,0.0007235233235712675,7.019749497124314e-06,1
0.3414312891531899,0.648589363228459,0.0002493752423458019,2.4550680378504954e-07,0.007226570136622282,0.002495292074400687,7.86465817867301e-06,1
0.13911090260131673,0.8560751771787217,0.0002866324047373853,1.867559569280709e-07,0.003342470625953006,0.0011776746490099166,6.955784304400601e-06,1
0.09927333569430447,0.8957209191459025,0.00033327921851560044,1.883102257097272e-07,0.004092345742110033,0.0005581679921432039,2.1763896798215402e-05,1
0.06755559241508541,0.9279950324986188,0.000367455184814075,1.989678105687383e-07,0.003576666253478835,0.00047145175871637636,3.3602921475820725e-05,1
0.08004568401970413,0.9141977549087489,0.0004173446189258226,2.2655853459215397e-07,0.004871952898882132,0.0004383654305407829,2.8671564663656992e-05,1
0.10619228301306881,0.8895115231463077,0.0003914198587995467,1.850811204155406e-07,0.0023691206449679863,0.0015030472733922027,3.2420982343268644e-05,1
0.17564876862950832,0.808025288344669,0.0003015425671926195,1.7972714390874752e-07,0.012522016956151806,0.0034984067414696083,3.797033864622493e-06,1
0.6539494576387346,0.26106111049959885,0.0013667520108228,2.224555606618759e-07,0.010126185405088313,0.07349159891254478,4.673077650020545e-06,1
0.11396527207911822,0.33852226454949846,0.0006222314903536015,1.3829812539073467e-07,0.03740705075304696,0.5094807538860987,2.2889437588215185e-06,1
0.09448066484353682,0.8956468336823205,0.0013603058257803174,1.709162260034779e-07,0.005840462243844149,0.002655245574013658,1.6316914278470445e-05,1
0.08544003126811076,0.9030863582755687,0.00011766688346233308,1.4172601671183652e-07,0.011237951237600081,0.00011088879122859021,6.961818012875993e-06,1
0.06379774169795333,0.9303279720041561,0.0001302641184704141,6.262576806668115e-08,0.005541788131064045,0.0001841574267662314,1.801399582163032e-05,1
0.058333124539080544,0.9356995770184485,0.0001108583749873567,6.10137583781139e-08,0.005636172808241698,0.00020128357235813508,1.892267312523005e-05,1
0.07670212247683475,0.9072270729119774,0.0009748011288540023,2.5183531738741335e-08,0.01073328706682795,0.004295125110052079,6.756612192210175e-05,1
0.01007758438772787,0.3008018087458724,0.0007227712712692384,1.0129746121813997e-07,0.004137394325912633,0.6842556948947057,4.645077050924034e-06,5
0.039281287782221556,0.7875435136664978,0.0005151863633505821,2.0394286210970119e-07,0.0020805557174980536,0.17056475662002563,1.4495907544231854e-05,1
0.069592824332467,0.880967539963237,0.0007369031342509973,2.3713410696419457e-07,0.0029529172860791935,0.045732723065770024,1.6855084088640124e-05,1
0.06345443674191013,0.8870894658035461,0.019965185813115644,2.1689192116022868e-07,0.022581780729047804,0.0069054347602004905,3.4792602588417715e-06,1
0.051047954804546596,0.8952887324938297,0.020122572178168565,2.1860168892298742e-07,0.026947752675016895,0.006589262559341848,3.506687407796852e-06,1
0.044774896328151556,0.9095206506180661,0.013158257998429122,2.1811497638370975e-07,0.02553093157592415,0.00701154648461825,3.49887983439195e-06,1
0.023107639339622336,0.83623306440769,0.043418941535988735,3.47439848075699e-07,0.016702636291046773,0.08051346807746791,2.390290833607339e-05,1
0.04633637886215445,0.3247521071317918,0.010908537505403786,2.3328173221376601e-07,0.07863720725535896,0.5393562946060783,9.241357480487727e-06,5
0.003702697848441136,0.2672167612042989,0.003206974698346589,8.409625810534522e-08,0.0004317054372897171,0.7254324163224252,9.36039294039894e-06,5
0.004233653417432302,0.26082239365415644,0.0016207563750944014,7.261685563099386e-08,0.0004946893717405688,0.7328215020280259,6.9325366947833255e-06,5
0.036864967818064795,0.19736787981535997,0.00013097575916613973,4.6298882267911544e-08,0.005135374683297846,0.7604979040639769,2.851561252086635e-06,5
0.01184451844489629,0.034822145634764934,1.6696808358719064e-05,9.614608827916998e-09,0.0018188813205239442,0.9514972957213031,4.5245554406514154e-07,5
0.0001628918622961261,0.014071342941583966,0.9385755065204449,0.0003116320822508806,6.948375046659228e-05,0.046807270518275546,1.872324682027776e-06,2
0.0001342756359403616,0.034134530041217505,0.9236343033312684,0.00037308836181256335,6.706800950953341e-05,0.041655186848292156,1.5477719596733053e-06,2
0.000189675878485821,0.004380414456102093,0.9843985293602459,0.000975333909908294,5.878099366706365e-05,0.009994056707207646,3.2086943832609737e-06,2
0.00015552283906792745,0.02371900899634418,0.9536375088507947,2.283821636968951e-05,5.741667696340312e-05,0.022400020936704783,7.683483755231305e-06,2
0.0001561765775593621,0.016466543384800802,0.961489607713223,2.863028068665334e-05,7.33079754782666e-05,0.021781959841954437,3.7742262975634177e-06,2
0.00015217682538424998,0.01695623159207886,0.9653850089344127,4.049284352784038e-05,7.122158006067538e-05,0.017393167762775483,1.7004617600236174e-06,2
0.00010149051632204831,0.001405701032840313,0.9800119118215868,0.0003467792212927196,1.7595671776671674e-05,0.01811379347113892,2.728265042534705e-06,2
0.00012059565530201119,0.0014602185664323258,0.9776836523665138,0.00037237526318520495,2.3008334191778113e-05,0.020338676786350575,1.47302802424296e-06,2
0.00021532759045350612,0.003606708526685173,0.969411531189007,0.0009214058908926987,4.696839465331824e-05,0.025796854127723187,1.2042805849597293e-06,2
0.00017933180705260595,0.017503119477065687,0.9536745420347498,6.21744644960402e-05,6.77172740666677e-05,0.028511711456266176,1.4034863028349717e-06,2
0.0009722015184056538,0.00884408418260824,0.7809896934661347,0.00012437727064894407,7.169547094193971e-05,0.2089524918861113,4.545620514936391e-05,2
0.00010322467804891198,0.006223130880103144,0.9822774955654359,8.079741637756928e-05,3.4251505323177716e-06,0.011308782561853466,3.143747648368189e-06,2
8.735041995644894e-05,0.0052661156817886004,0.981218055593064,6.691643715885569e-05,1.0307412285621431e-05,0.01334800562760161,3.248828144925751e-06,2
0.00015662224558290759,0.0018851366465603462,0.9388645780984152,0.003680527248104028,3.7900376984247495e-05,0.055373886912698914,1.3484716542924673e-06,2
0.0001245867561855358,0.0014173740774074358,0.9792374679661132,0.00017569686780738035,2.1329921242975387e-05,0.019017961379725334,5.583031518212778e-06,2
0.00018269943300068412,0.0007075428244533735,0.9730585937952057,0.00017004196822025224,1.9814089621143237e-05,0.025855041260720475,6.266628778560512e-06,2
0.0003588024286241373,0.004261289588825018,0.7638562762128616,0.0002468859187000174,4.050947354888032e-05,0.23121646449083116,1.977188660925315e-05,2
0.000641055935099922,0.005616086295210925,0.8975021384988869,0.0003440696985718777,4.0917749908197126e-05,0.09582443611050187,3.129571182008186e-05,2
0.0003576114824777062,0.0010812588461051704,0.31240183357048734,0.00027932853739086414,5.949775805568745e-05,0.6858115755965947,8.894208888517335e-06,5
0.00022009482525177867,0.0008130388017371856,0.22829712315202325,0.0005578434157637491,4.7369345248451166e-05,0.7700631930500761,1.337409899517933e-06,5
0.0001340020355074121,0.0005411461282165725,0.0679969887526593,0.00016092082951743683,3.232699654818228e-05,0.9311283328680398,6.282389511207437e-06,5
7.247911518331863e-05,2.7561052809895015e-09,0.017583105212715062,1.895916127066043e-05,6.658274989790558e-06,0.9823142826863865,4.51279334943288e-06,5
0.00030213875197489053,0.001309979960294066,0.742177461019794,0.000789806769352592,3.939753135176766e-05,0.25536360480093245,1.7611166300133056e-05,5
0.00014556586735411071,0.0006293321161922605,0.16492116161641085,0.01361237287123978,2.5607352299585593e-05,0.8206619925038667,3.967672636646752e-06,5
0.00015432693714125757,0.001185775290211027,0.12420987999236437,4.423701762930753e-05,2.4131575482003763e-05,0.8743774427150318,4.2064721402258e-06,5
0.00014854481794575883,0.001077903894560782,0.05682591985770524,0.0028202453844183755,2.162681054414703e-05,0.9390972653241028,8.493910722966365e-06,5
6.355670949092623e-05,0.0004919552167930251,0.028493012067314347,1.0926366975342013e-05,3.0961020541225495e-06,0.9709335437863991,3.909750973231086e-06,5
0.0004298229081577595,0.004692957637506803,0.8794357295634267,0.0002224737695197596,5.739560386653473e-05,0.11514771564632964,1.3904871192572473e-05,2
7.112170578778663e-05,0.0011359668601795827,0.8316883712897029,0.14620582293774986,1.2805140579146003e-05,0.020884557885822858,1.3541801777463187e-06,2
0.7112422472835512,0.2872788418770858,1.4824857342323372e-05,1.0520101768432538e-07,1.0454308000548399e-05,9.71199346913353e-06,0.0014438144795333588,0
0.5962222185394785,0.40371936538058406,1.2759697163546098e-05,9.393001280342339e-08,9.311873930352306e-06,9.867674994459377e-06,2.6382903836338678e-05,0
0.5867516507208838,0.4131800828443964,1.4214424523509346e-05,9.170932760349867e-08,1.3114191199793747e-05,9.634384279768188e-06,3.121172538926866e-05,0
0.3533801112522975,0.6465830298482174,1.3603630128418572e-05,1.7533373645323266e-07,9.913457392091761e-06,1.0677688941733863e-05,2.488789286524603e-06,0
0.2734477368418976,0.7264917490797216,1.9820087104334765e-05,6.496718616628183e-08,2.2169787962883768e-05,1.3014393639368791e-05,5.444842488173554e-06,0
0.07646362843989067,0.2658457111524107,1.8800347499903865e-05,1.3496332339936732e-07,0.6576293762715413,3.726455289006371e-05,5.084272443902158e-06,4
0.18710251887764695,0.3656017012663471,3.128985826194693e-05,1.659152426543256e-07,0.4471822674722685,7.728610606399319e-05,4.770504168739798e-06,1
0.30053757610615955,0.6086157069727105,5.720683110288547e-05,2.688851646443971e-07,0.09065364822590777,0.00013062550519110823,4.967473763439401e-06,1
0.2906458035269315,0.6245855317591963,5.46612717205386e-05,2.4801488072961023e-07,0.0845771154950311,0.0001319939968281663,4.64593541171076e-06,1
0.12321164668246776,0.6557662760749012,3.458623437085055e-05,2.2414851536523057e-07,0.22087031600235843,0.00011336602642949811,3.5848309568703277e-06,4
0.011052441374341342,0.058896435956359655,4.3427727766142425e-06,2.9831547106159834e-08,0.9300341498316833,1.2137546530793164e-05,4.626867612957937e-07,4
0.01961643521836657,0.07038131548916368,6.823903029206704e-06,3.733115501676686e-08,0.9099784064875639,1.6357999096041046e-05,6.235716257667888e-07,1
0.046200059217574634,0.06295420719677326,7.286210256138059e-06,5.0207461152783745e-08,0.8908231286579742,1.3536314435302191e-05,1.7321955254464745e-06,4
0.010691982785167057,0.9742630026326535,0.0028791848857827517,8.853783513307654e-08,0.007549701508951884,0.004580692654529121,3.534699508052742e-05,1
0.009791480065436448,0.9712091832867092,0.004044618170821647,9.773858634512447e-08,0.0050976920347937955,0.009828270919084819,2.865778456760997e-05,1
0.007330136437795653,0.9765495286518886,0.0027826703343838033,1.0266055868833458e-07,0.0024966399084880115,0.010827565044624943,1.3356962260278355e-05,1
0.06620714916967535,0.257084242029593,0.003312290398421567,1.6441395304962548e-07,0.6674388640277032,0.005955393455047812,1.8965056058337283e-06,4
0.39906895722085384,0.29766488768801935,0.0005119659153417029,2.2815232697538846e-07,0.3014280888418288,0.0013214970110568863,4.37517057225488e-06,4
0.37752700155791036,0.31372664205846024,0.00046119490929544336,2.1583654238936462e-07,0.3073593193888731,0.0009214872523927066,4.1389965256898665e-06,4
0.17988359981111937,0.1651957191386978,8.666527371103628e-05,1.3616568943304108e-07,0.6546446083535367,0.0001855507402990939,3.7205169467260166e-06,4
0.13887421570131128,0.1341097789429859,5.930132699661317e-05,8.374200795400731e-08,0.7268364494226057,0.00011766381254855551,2.507051543956637e-06,4
0.42466296785890917,0.36150151451740276,2.949488534370231e-05,2.560743868300192e-07,0.21378164518891685,1.6034069013914042e-05,8.08740602669685e-06,4
0.20559359019100423,0.7842038364823497,2.675350080269778e-05,1.7635089277069407e-07,0.01014285822947646,1.9408832700279902e-05,1.3376412773841392e-05,1
0.1856541396740507,0.8080550287307832,3.119112647901458e-05,1.9739800315248175e-07,0.006234543705548183,1.905959743735827e-05,5.8397676983349066e-06,1
0.26297603668254166,0.7335849259886335,2.3773448184396023e-05,1.7327085130224608e-07,0.003393920842515339,1.6730020672489542e-05,4.4397466014356544e-06,1
0.38212466784981847,0.6097086299395362,3.532258068663793e-05,2.7498493487613334e-07,0.008108311488999022,1.5584743655373397e-05,7.2084123692314125e-06,0
0.8689069845062435,0.12914514850596454,1.5776836400440016e-05,1.1635139372837269e-07,0.0019222617963223572,6.190546155798161e-06,3.5214575193419995e-06,0
0.39441477253079227,0.597282892557666,3.08008692990086e-05,2.492503547066561e-07,0.008246530035340661,1.36240284955654e-05,1.11307280516565e-05,0
0.3578462098722027,0.6394467975798755,2.5567656014019302e-05,2.0690154127296668e-07,0.0026642730077962476,1.100832142970491e-05,5.9366611405225095e-06,0
0.34716428244891107,0.6527726631139662,1.8316662909787924e-05,1.8428787581577832e-07,2.944083922645968e-05,1.0390609536720814e-05,4.722037574061897e-06,0
0.4438408769517414,0.5549566313444094,2.2448397754512963e-05,1.997949302116544e-07,0.0011648921922250586,1.0548185831136813e-05,4.403133108188636e-06,0
0.4722209751956218,0.5249366205142534,3.1794054334941935e-05,2.657770040474747e-07,0.002789959819996624,1.4527375420870764e-05,5.857263368379294e-06,0
0.47893766863735343,0.5181726038658779,3.215449964918199e-05,3.10682186145153e-07,0.0028366465779817137,1.4692070503275028e-05,5.923666448438257e-06,0
0.5000638575899992,0.4983797241873914,2.5159130042819084e-05,2.3038596209314046e-07,0.0015121732143238023,1.377818598345499e-05,5.077306297409872e-06,1
0.241763722416147,0.755997686412281,2.3357876579473586e-05,1.6953299351113757e-07,0.0021989414649500353,1.148219255864606e-05,4.640104490473586e-06,1
0.2496871304764857,0.7473335213631949,2.0685167282810277e-05,1.8589594940160636e-07,0.002937446056414524,1.6624240938253278e-05,4.4067997344635015e-06,1
0.13310800337166867,0.842564510639386,0.00026006969594886086,1.906830438484633e-07,0.02353682260922453,0.0005227039004288385,7.699100298872547e-06,1
0.1532485202422517,0.81842894418647,0.0002446044414400553,1.8990077246965443e-07,0.027212045158194354,0.0008587430909491887,6.95297992223941e-06,1
0.42799320988357736,0.5614555134322597,0.00019757538024129162,2.477677792531039e-07,0.008406523659608145,0.0019425128322543206,4.417044279906455e-06,1
0.08140142362178433,0.91113674831692,0.0003771683302698686,1.915511439563e-07,0.006245461418200953,0.0008139677576094892,2.503900407133749e-05,1
0.05616967073305395,0.9391866511731024,0.0003036083206253704,1.9071932529528094e-07,0.0037977232999233178,0.0005087471174538977,3.340863651590053e-05,1
0.10205290021622658,0.894506341338196,0.0003297257305530867,2.1337910760940493e-07,0.0025799752398315686,0.0004985064475799457,3.233764850510759e-05,1
0.15032868050543968,0.8468403434854936,0.0003010959515378431,1.8474134390175445e-07,0.002092228577515389,0.00040626647137631793,3.1200267293103645e-05,1
0.12170661595816747,0.8361188851688711,0.00023059621778605412,1.8073156257978122e-07,0.039188714894810156,0.002749064462259282,5.942566543409818e-06,1
0.08188444287350397,0.8714607290537361,0.00028007373838035213,1.7754807789339496e-07,0.04357550978697788,0.0027858396318884517,1.3227367435400533e-05,1
0.11080444304913582,0.8364130946249427,0.000667547602020355,2.3568359890374927e-07,0.04458816008871105,0.007510304566591296,1.6214384999629614e-05,1
0.1489923958511897,0.7857713094759841,0.0008083022620618423,2.850481232878892e-07,0.05392726270841441,0.010480834125382477,1.9610528844220728e-05,1
0.685972561884072,0.25257469367873836,0.0012825448880151658,2.152241097258018e-07,0.013534670940852114,0.04663079221614704,4.521168065715066e-06,1
0.08739174485774039,0.8826660352327077,0.0006561753008240526,1.9021466040672484e-07,0.011935339274176256,0.017336344089516495,1.4171030374715667e-05,1
0.15044507102576848,0.8370096457896435,0.0008471846897703182,1.7577510028327743e-07,0.007923438776910086,0.0037577031648162187,1.678077799092885e-05,1
0.11087113715134313,0.8682291546428267,0.0007487898631805303,1.8211040275856142e-07,0.01679391311698153,0.0033394375229170033,1.7385592348433372e-05,1
0.10497336926004941,0.881249934614146,0.0003025672782579357,1.7029633865998768e-07,0.0125001051864233,0.0009656319423013083,8.221422483347409e-06,1
0.05859252919433072,0.9363453761490981,1.5450902972190705e-05,5.7516176060540926e-08,0.005017141027310739,1.024785298397599e-05,1.9197357128152232e-05,1
0.027322160165214406,0.28283145342120225,0.000773096636949974,1.1576111805322963e-07,0.004648709019025892,0.6844209354971331,3.5294993561312283e-06,5
0.1324995197069633,0.834273003905932,0.0006435965413474802,2.3354733023479438e-07,0.0041856952003121485,0.028381350955941527,1.660014217347165e-05,1
0.14511197000645026,0.8238588586393157,0.0006580534741280267,2.306319826060105e-07,0.005964863177689493,0.024400266061615137,5.758008818857348e-06,1
0.0915855512369155,0.8743551922302594,0.014065845451757167,1.9140069879149376e-07,0.008223250715089924,0.011766898621113069,3.0703441661519115e-06,1
0.035561975350065986,0.8820680547363364,0.016033501063916905,1.7926928922648325e-07,0.048332378671913694,0.017997736486062718,6.174422414930519e-06,1
0.057037574307020875,0.8006249696033523,0.02122333947504267,3.905614431637895e-07,0.03513416255989155,0.08596576953977035,1.3793953479298078e-05,0
0.011743996280769662,0.17031146792596935,0.004504492954686317,8.216961611479021e-08,0.012954273875901727,0.8004799957396189,5.691053437816763e-06,5
0.004467466311150258,0.17674049892317217,0.004346192634961709,8.03519910278077e-08,0.000900686721894351,0.8135379436478636,7.131408966959223e-06,5
0.004433852007985105,0.2731560143939097,0.002082232393635691,7.605072012444566e-08,0.0005625857474988701,0.7197579790477105,7.2603585399859925e-06,5
0.008685144667548926,0.11275024768628826,7.033699275989497e-05,2.61280291939112e-08,0.0010515976420514617,0.877440152510362,2.4943729603165137e-06,5
0.013931505561550985,0.1442383268716211,9.17578146917834e-05,3.284390517897444e-08,0.0014715693287390842,0.8402636720598405,3.1355196513912747e-06,5
0.016391076060782227,0.07544687845059532,4.4449229340714775e-05,1.7698452991101684e-08,0.0019630751968937364,0.9061528137400351,1.6896238997897609e-06,5
0.01049504784897068,0.038733114220001134,1.2467629962611874e-05,9.10408557138798e-09,0.0017359152376530307,0.9490228554130208,5.905463062595532e-07,5
0.00038558394513721106,0.006150010472146502,0.9577341950800977,0.00041047224327122315,6.220938369199101e-05,0.03524829488899454,9.233986660664731e-06,2
0.0002722748498638623,0.006272037898549751,0.9761108151811384,0.0006094502395795721,4.909838976572433e-05,0.01667832806136429,7.995379738507675e-06,2
0.00011508003635795941,0.0014798165066005381,0.9775051680477701,0.00035461762926989536,2.0897346325830376e-05,0.020521721507784915,2.6989258906737853e-06,2
0.00016770926778859364,0.013298069932689017,0.9638958272162786,0.0008407203277944256,4.3471440689491475e-05,0.02175192107964801,2.280735111802322e-06,2
0.00026302573269873606,0.004493420974752428,0.9691147829896603,0.0010444206481580835,5.298617634330586e-05,0.025028183731000443,3.1797473868507086e-06,2
0.0006992835711423835,0.007291552804357823,0.6721953467239663,7.423351048035997e-05,6.987753428880471e-05,0.3196320811709373,3.7624684826902446e-05,2
0.00013320827264194125,0.014865707308074756,0.9688886616256004,0.00018668865817290126,2.1090726918815468e-05,0.01590296443419569,1.6789743956524683e-06,2
0.00016662109712405873,0.0005291998521861738,0.9678064171984403,0.00016463595002200193,1.9281286996416887e-05,0.03130790880037238,5.935814858607001e-06,2
0.00015524234229997286,0.0006172076432108721,0.9778270261446937,0.00015861990849254536,1.9067533072174092e-05,0.021217289752415627,5.546675815097453e-06,2
0.00030545837355534414,0.00128356551738096,0.92708714457908,0.00033853225834588196,5.306589132762552e-05,0.07093002071892958,2.2126613805228066e-06,2
0.00014965326436647576,0.00046384543722462147,0.992870757072747,0.0008800970691851647,2.547932547358229e-05,0.005605908415745832,4.25941525708097e-06,2
0.00016864015219858505,0.0006688019461019339,0.9801304848179201,9.917223945044629e-05,2.50367314832979e-05,0.01890185636989793,6.007742947658029e-06,2
0.00027479252386950555,0.0008067424657846833,0.9720552717183537,0.00013470094871547637,4.666419988918669e-05,0.026679745726695073,2.0824166922895054e-06,2
0.0004796012210411151,0.0015347083642451942,0.5676169492075785,0.000532104041971681,0.00010613381755191543,0.4297267839910483,3.7193565632736154e-06,5
0.00024322397233173516,0.0008078669294270847,0.3315051968407443,0.0015313245166263516,2.9799058199326486e-05,0.6658760658987778,6.522783893373588e-06,5
0.00020160311880289744,0.0005716992766371883,0.14506658677628023,0.00010713920317375471,3.993053416714338e-05,0.8540117500039011,1.2910870375567904e-06,5
8.011738645661993e-05,0.0002733096412948094,0.035429991466477816,1.705759478025887e-42,1.7148385507579637e-05,0.9641982894946325,1.1436256306253762e-06,5
0.00010834752381836097,3.4443602020529067e-09,0.036518809734926196,1.634960538729829e-05,5.321146164042485e-06,0.9633444224643013,6.746081042495298e-06,5
0.00014925212755709038,5.675491152431871e-09,0.12828270064642816,3.640925229180504e-05,1.1838506090605883e-05,0.8715094615694523,1.0332222688942184e-05,5
0.00023486646603540143,0.0009388125781827881,0.3213579968793265,0.00038470493959461694,6.130211482715694e-05,0.6770158970199179,6.4200021157858895e-06,5
0.00023418849031090679,0.00094474309318362,0.31746881945043715,6.052197889809627e-07,5.255082636753282e-05,0.681292632362397,6.460557514954846e-06,5
8.245673836790473e-05,0.0005778156696813364,0.04119352747320703,2.0451398820055817e-06,1.71235684104593e-05,0.9581240781787714,2.9532316798093516e-06,5
7.351204745745128e-05,0.0006224706723530064,0.059294208094239534,0.0013928715608457468,7.396472226536534e-06,0.938605018989893,4.522162984728041e-06,5
0.0001054569094945364,4.0528014048170825e-09,0.06557665358521025,1.9121247306750787e-05,4.648434020518214e-06,0.9342861140487805,8.0017223859335e-06,5
0.00043788820013271383,0.004764535058483758,0.9188519910002829,0.00022230424049856534,5.076647756471853e-05,0.07565839807347212,1.4116949565287068e-05,2
0.00040009173467191476,0.00444296491289481,0.9015126115289342,0.0005443914839446298,5.433815385320608e-05,0.09303243802365267,1.3164162048507664e-05,2
0.6914348632820612,0.30699279564815046,1.4452058655990968e-05,1.0255554189404016e-07,1.0191414928519149e-05,9.518211277245559e-06,0.0015380768293847165,0
0.6413845443466866,0.35745155387560995,1.5517136073339944e-05,1.1011360640895609e-07,1.1069845586668665e-05,1.0372965325973611e-05,0.0011268317171110097,0
0.6380774622231226,0.3606743555943559,1.553361439196029e-05,1.7248528589406776e-07,1.0400303027384147e-05,9.752873535766927e-06,0.0012123229062806844,0
0.6324868400527838,0.36648343523569366,1.511761078535306e-05,1.0893195080155228e-07,1.0927144572688113e-05,1.0261650538976999e-05,0.0009933093736746636,0
0.5919142129941342,0.4071754311219143,1.215722035147148e-05,9.405103974351232e-08,9.218525483627771e-06,8.728905825959973e-06,0.0008801571812506953,0
0.6473913918061953,0.3525660028005861,1.3406278385547462e-05,8.649529035596396e-08,9.315380093230871e-06,9.086631506910024e-06,1.0710607942696597e-05,0
0.4160840450818735,0.5838802834952458,1.3206226682983457e-05,1.7021170429639165e-07,9.513139172895183e-06,1.0365761144912563e-05,2.4160841756027253e-06,0
0.40171588229661115,0.5982063499335539,2.9584241406348077e-05,2.741058719153148e-07,1.6128747468046124e-06,1.950698302521374e-05,2.6789564784412645e-05,1
0.11960729591276548,0.36089894446773774,1.6639131170080048e-05,1.6662845889716348e-07,0.5194521007480866,1.0247165457762244e-05,1.460594632359218e-05,4
0.15407750855641908,0.3315353166109547,3.097804435715226e-05,1.4373913651496427e-07,0.5142779535511366,7.544401348689611e-05,2.655484509016395e-06,1
0.17615014376431548,0.7619792605094526,5.894087175751708e-05,1.8290502822010464e-07,0.061720117961430586,8.842876851870094e-05,2.9252194968246496e-06,1
0.015253302177666394,0.06764602184042381,5.091529741642763e-06,3.496967159609808e-08,0.9170794560498369,1.5592899331403794e-05,5.00533328313135e-07,4
0.025096779365760203,0.06739112597570858,7.498465197293906e-06,4.573936549938596e-08,0.9074857339141891,1.813132632994119e-05,6.85213449519933e-07,1
0.0071235019623155735,0.9717226137143186,0.006287297495061227,1.04946671775118e-07,0.008803084864190694,0.006025042787047868,3.8354230394139096e-05,1
0.014289887279486508,0.9586713362208964,0.003860881458698067,1.0330799880582806e-07,0.010447468609765073,0.012708131570851992,2.2191552303121692e-05,1
0.011034854623822409,0.9582999222881037,0.005428664637961497,1.0326797462999666e-07,0.00929911754333055,0.015929149129445146,8.188509362124396e-06,1
0.0071972378283859505,0.9660300037282964,0.006470648196689759,1.0410098091068969e-07,0.0048448604747976035,0.01544360129810252,1.354437274692175e-05,1
0.008158406738501515,0.9498071491767408,0.0029420363310182916,2.3259747129652619e-07,0.002976749848372257,0.03609991077072663,1.5514537169354476e-05,1
0.009489481257877847,0.9145544291474673,0.00236492352905931,2.7542573953703856e-07,0.0028858761441196037,0.0706826978544256,2.2316641310902347e-05,1
0.014356323449738851,0.8662602121782724,0.0030786127458925614,3.7394228595558853e-07,0.005816193291281534,0.11047022751488406,1.805687764451712e-05,1
0.296417084624526,0.5666683963935214,0.015421903975975947,5.675749541581328e-07,0.06151307853031857,0.05995366791181006,2.530098889387632e-05,4
0.04562305625300784,0.8798673516097117,0.016756881437835824,3.4573724241136507e-07,0.03541113465175842,0.022313849032945546,2.738127749806523e-05,4
0.015805139026060237,0.3960610556200107,0.010215399620967843,1.922349174373648e-07,0.5413166441721007,0.03659266616952284,8.903156420326693e-06,4
0.04480203611812336,0.28359428368177636,0.004165561968569864,1.3581328229942884e-07,0.6536514832999807,0.013783894690410524,2.604427857104016e-06,4
0.058079900127217636,0.2916719805124228,0.0043701485854483755,1.424835899703878e-07,0.634833606940228,0.011041489009862593,2.7323412306678706e-06,4
0.08253433303794896,0.11642532025909048,0.000693334393094717,8.340335310040426e-08,0.799099419274476,0.001246540060143369,9.695718932346493e-07,4
0.2701540661612122,0.5047528248398073,0.0013920567131616244,2.8388758170026045e-07,0.22062676491754307,0.003068562353547999,5.4411271460011396e-06,4
0.3565640757734554,0.23909077957405142,0.00036381038240611193,2.0385179586524727e-07,0.40280766968115045,0.0011695515664994376,3.9091706413634325e-06,4
0.1268616294116153,0.10727305370891915,7.112438492159215e-05,7.649834438737702e-08,0.7656083074958789,0.0001833925102676553,2.415990053083588e-06,4
0.39794881612496696,0.43151327136737716,2.8942597845493883e-05,2.694493130025141e-07,0.17048227657141954,1.6871538516274476e-05,9.55235056165778e-06,1
0.22143019793823432,0.7666776046319622,2.5608538730691005e-05,1.7589334030783603e-07,0.011848077312309649,1.1790720847301018e-05,6.544964575638433e-06,1
0.20471998701139738,0.7836930167957068,2.6736073937052826e-05,1.7623602020364772e-07,0.01152731999332625,1.939619005129398e-05,1.3367699560944869e-05,1
0.17881704005735613,0.8129423886412265,2.889158402535894e-05,1.904444832848864e-07,0.008187454087885985,1.8292569210435463e-05,5.742615812276657e-06,1
0.17128433003118965,0.8241227711549121,2.8776903177359362e-05,1.7867640328692917e-07,0.004540612257045366,1.7943213231476185e-05,5.38776404072225e-06,1
0.2373279583009593,0.7591471984352218,2.4519437323505395e-05,1.7758630385439218e-07,0.0034784492225142676,1.7146695548072705e-05,4.5503221290448915e-06,1
0.7935325976517877,0.20399490286588437,2.388286635356458e-05,1.8188352780684885e-07,0.0024329757177486895,9.85375904003213e-06,5.605255657904299e-06,0
0.4220881148058679,0.5722908507090353,2.816520935967676e-05,2.279217626988412e-07,0.005570336377999415,1.2126715002589478e-05,1.0178260972349343e-05,0
0.37067106185588955,0.6273653495005727,2.4734238407889158e-05,2.001572629888016e-07,0.001917917851496328,9.905978939184197e-06,1.0830417431358574e-05,0
0.3893475233140992,0.6088048134250128,2.3384799397662478e-05,1.759261597943055e-07,0.0017970552088649326,9.755600673211023e-06,1.72917257923149e-05,1
0.4351611066734857,0.5647872067631025,2.0298673114778194e-05,1.6536424109278613e-07,1.747141921961107e-05,9.7821080636033e-06,3.968998772693355e-06,0
0.46042798460682677,0.5368473218021835,3.0477387182026962e-05,2.547705483264478e-07,0.0026744209706808576,1.3925762369788336e-05,5.614700208554738e-06,0
0.4634924249643975,0.5351302752119467,2.2241439543225502e-05,2.354108053201567e-07,0.0013381541421152855,1.2180337318690284e-05,4.4884938733607475e-06,1
0.28123184604279866,0.7163335344321206,2.4368535776571927e-05,1.909396522023155e-07,0.0023914464901808805,1.37210823720734e-05,4.892477099138875e-06,1
0.3161082344085096,0.682516231307741,2.3141984025421504e-05,1.930611582909279e-07,0.0013328668179666348,1.4385583811645092e-05,4.946836787315231e-06,1
0.25281896650570956,0.7424858242232245,1.9032887399885335e-05,2.613717349304482e-07,0.00465508807836084,1.628861405696168e-05,4.53831951337721e-06,1
0.6400862607158885,0.3571151224273214,1.2813616440367451e-05,1.4571705301837012e-07,0.0027693957192945896,1.3050453344170787e-05,3.2113506578628787e-06,0
0.43180395319638876,0.5660237566238211,1.4806552528869251e-05,1.475480495957196e-07,0.002140317515608529,1.3237916443852979e-05,3.7806471591599083e-06,0
0.13018792711580743,0.8608844404632209,1.9603581023681467e-05,1.9679325928524654e-07,0.008889543098909936,1.3183558434920392e-05,5.105389343859444e-06,1
0.149527703372131,0.8375631932162227,1.8882160763553328e-05,1.895511822313897e-07,0.012861641744619968,1.8428532924255002e-05,9.961422156330721e-06,1
0.08935421442401127,0.9048689219951327,0.00027070708755198104,1.9474844143392686e-07,0.004585530473665193,0.000910903573980444,9.527697216842227e-06,1
0.0901923074959185,0.9020606216713888,0.00032149883661253715,1.896430413088596e-07,0.007101142859455951,0.00030232155702876614,2.1917936553843342e-05,1
0.0888463293758057,0.9045451760485598,0.000359950681210244,1.8681291763955533e-07,0.005726681741257587,0.0004972557032331728,2.441963701570166e-05,1
0.12853871124571808,0.8671365965116044,0.00036555008445870215,2.1012688324140885e-07,0.0033482205672041706,0.0005752239290508446,3.548753508086002e-05,1
0.13709477631522135,0.8388999750327204,0.00028279752532483625,1.7920880354799344e-07,0.022785640928796296,0.0009319506150706065,4.680374062865484e-06,1
0.12989428511450393,0.8445851303414725,0.00023693332057909521,1.8256158669042997e-07,0.02354640109687793,0.001733210648812437,3.8569161672915176e-06,1
0.13131295157290493,0.83135112127618,0.0002788060581493613,1.845885894299182e-07,0.034428128202356016,0.002621454177688957,7.354124131337749e-06,1
0.1409979079379557,0.8364797403719799,0.00024365100058070245,1.9042002980227346e-07,0.020331855532457418,0.001932058557848622,1.4596179147797739e-05,1
0.6593464306805887,0.2838805135825445,0.001029133515028945,2.4190044503041085e-07,0.012064295831862635,0.043674302937242504,5.081552287739086e-06,1
0.10459422091991234,0.7981104859585574,0.0006880113735689989,1.8143345163060425e-07,0.014771308941610481,0.08182227454434077,1.3516828558583069e-05,1
0.47332646271492385,0.5205576924400135,0.0004317188461668928,1.1449240079698897e-07,0.0044715313715587065,0.0011958892262972554,1.6590908639014787e-05,1
0.1090981253867281,0.8814411174819137,0.0008556405398805716,1.703332836186385e-07,0.006721215773173968,0.001867469222689629,1.6261262330465705e-05,1
0.10665762669902144,0.885890759636316,0.0010832868166064285,1.7119315065235765e-07,0.00454675389041794,0.0018003284260101927,2.1073338477331202e-05,1
0.104813777623004,0.8892742105142525,0.00020202896531841416,1.7184698252674047e-07,0.005369217569941999,0.00032522322255742103,1.537025794319715e-05,1
0.0814746884757718,0.9067014585694367,1.670371139882056e-05,1.384475603359152e-07,0.01178882804464782,1.194368246691693e-05,6.239068717449093e-06,1
0.06628666522319189,0.9280021757657437,1.486328625489057e-05,1.1351858210591318e-07,0.005675692640408989,1.3167941593131372e-05,7.321624225262329e-06,1
0.05947915401242314,0.9367749239380243,1.5003794403181365e-05,1.1459171529427859e-07,0.003710017415505174,1.3157180636537862e-05,7.629067292403147e-06,1
0.07610101775818777,0.8295035016624882,0.0007906355533045406,2.217384437372207e-07,0.011730972624063916,0.08186930674032568,4.34392318613935e-06,5
0.18242751782725503,0.7798196002972196,0.0006545006182313102,2.2938679170346425e-07,0.005628974975106896,0.03146070257545238,8.474319942952484e-06,1
0.14508879821910692,0.8328806672369413,0.0006404412319326406,2.436310389103954e-07,0.00907026993677948,0.012315671549801474,3.908194399159142e-06,1
0.08014841021101905,0.8868044479843186,0.007780727023350497,2.1915926077849525e-07,0.013612895010662731,0.011649784979721238,3.515631667167785e-06,1
0.0822693553987093,0.885383683018723,0.007381408457268336,2.1326456663945809e-07,0.014636152603533058,0.01032576618495603,3.421072243532875e-06,1
0.05636683357859335,0.9062348768796167,0.004991445005094102,2.3608200503424313e-07,0.019383701272892663,0.013019120084825945,3.7870969723050383e-06,1
0.06201997725327292,0.9042990596164252,0.0056791339005533925,2.2662257715753638e-07,0.017114773124124235,0.010881171573926785,5.657909120325394e-06,1
0.02891586000032063,0.8969928299600354,0.02028822046127327,2.0832354014016662e-07,0.037032749970765895,0.016764930232728466,5.201051336196601e-06,1
0.021665113513668982,0.8911832693365608,0.016349735431993924,2.3315963399951259e-07,0.04783825454519223,0.022947691741416316,1.57022715335236e-05,1
0.025406273485257435,0.902053805463361,0.005060979807324842,2.28952910783156e-07,0.04953120959700628,0.017899203390877243,4.8299303262451744e-05,1
0.028284109145512968,0.8975595990536556,0.012052129993939046,2.5077646710454e-07,0.04369059084609288,0.018360417041086402,5.290314324608067e-05,1
0.09460155445434072,0.8006841520862522,0.0050594053461685985,2.819435594795661e-07,0.011831355525882674,0.08781132762356579,1.1923020230539794e-05,1
0.004355310790388562,0.3762763987393972,0.0027068291960913224,9.134941320428135e-08,0.00044178616200025295,0.6162094213739969,1.0162388712412398e-05,5
0.006720749148267352,0.04665838713700379,2.9359125058923108e-05,1.0812319496169947e-08,0.0003545059840545512,0.9462359555701155,1.0322231803014991e-06,5
0.0075593823131005,0.045262521220609246,2.533157185525827e-05,1.0617756765195555e-08,0.0006776699108890106,0.9464740707169917,1.0136487975332418e-06,5
0.010282202740060984,0.04598780474000621,1.3633326600552348e-05,1.0787894967555695e-08,0.0020206452291286507,0.9416952802354178,4.229408906932315e-07,5
0.00917060797661672,0.04058422730904286,1.7594675911349996e-05,9.520314875314922e-09,0.0017832189588852096,0.948443898171638,4.4338759091718347e-07,5
0.02121938852558288,0.1483559368630612,2.5343279651030263e-05,3.0044976716182776e-08,0.0034599952489566604,0.8269386832872209,6.227505505153181e-07,5
0.0001602820192591117,0.0008460908936226475,0.9622524277922677,0.0020616386929988035,4.8199153949655836e-05,0.034628267009263844,3.0944386379240764e-06,2
0.0003196970143228167,0.004603397779584921,0.9811158171305983,0.0004534593434385946,1.8752567087011816e-05,0.013478487050725733,1.0389114242533136e-05,2
0.00011985661275561651,0.0013660680889887678,0.9825294831779952,0.0001288513101507275,9.61185557046694e-06,0.01584155300485891,4.575949680426306e-06,2
7.074497158436752e-05,0.006533322740075313,0.9849581220607442,0.00010449717867393302,5.693292247175156e-06,0.008325257708890558,2.36204778439165e-06,2
0.00014866531466697084,0.0006364977741697731,0.9723268556040102,0.0007811365439119932,3.158649274309434e-05,0.026074099288511992,1.1589819861256818e-06,2
0.0005899412645948771,0.006235558826824489,0.9200329309025495,0.0024810693756304554,6.906978922061495e-05,0.07057118669142207,2.024314975795087e-05,2
0.0004589066940335521,0.001637786019062802,0.6549890625565451,0.0002811719126561759,0.00010652959224323134,0.34252372891486604,2.8143105932162675e-06,5
0.0002206801335960061,0.000724854419966761,0.21198393598356857,8.86864350932216e-05,5.318821742031265e-05,0.7869221919988614,6.462811493888065e-06,5
0.0001736585607003278,0.0005245266742751088,0.12660459588380774,0.00011573331936753471,3.488100561938042e-05,0.8725452818503759,1.322705853969083e-06,5
0.00023645991096633287,0.0017757802038120358,0.14000152527625795,6.809842645556435e-05,3.16737211225414e-05,0.8578740412653565,1.2421196028991466e-05,5
0.00012189020581392776,0.0008723583725665417,0.05400747605653353,2.645645857e-315,1.9170747096526016e-05,0.9449740150667132,5.089551276228934e-06,5
0.0001384239036622586,5.610637300476446e-09,0.12269702638930952,6.810948752944349e-09,1.3708564405645587e-05,0.8771264579645912,2.4370756445249923e-05,5
6.840970350954694e-05,0.7042757367539535,0.2915298732796241,1.7774619386419253e-36,8.478833096687252e-06,0.004114904077517809,2.5973522982390914e-06,2
0.00019781717333496358,0.002916840449101605,0.5567161242735142,0.2473590265776034,2.797193454929157e-05,0.19277342083540894,8.798756487598039e-06,2
0.6166509212276325,0.38330206892141305,1.3981131112470231e-05,9.020415362861576e-08,1.2292383148906237e-05,9.476260511326394e-06,1.1169872028208751e-05,0
0.29474599431503,0.7051823634701695,1.77807639320244e-05,1.9943106221879567e-07,2.782367358266571e-05,1.292541599669348e-05,1.291293022680029e-05,0
0.2952860087756082,0.7046474794008536,1.813426145199593e-05,2.033959304420704e-07,2.474949356420211e-05,1.3182384848926104e-05,1.0242287742653929e-05,0
0.07419708677097749,0.2518220105987692,1.1333371859301353e-05,1.383426969561806e-07,0.6739525027747504,6.9796274486637635e-06,9.94851349810408e-06,4
0.06301155142473581,0.21563162511018358,9.624816482786188e-06,1.1748693032110772e-07,0.7213327050120071,5.927418084007618e-06,8.448731576489161e-06,4
0.23013252921846233,0.6677068055308294,7.323864730062469e-05,2.4483075711193593e-07,0.10196519128951279,0.00011836789047076578,3.6225926671081657e-06,1
0.03159300470599422,0.10088357345630043,9.16562139633423e-06,6.542517880504215e-08,0.8674899424830077,2.331439795381178e-05,9.33910168811498e-07,1
0.04057261137595238,0.051817959741224676,6.490678701447835e-06,4.11390856313762e-08,0.9075859446821254,1.5993203980224917e-05,9.591789301612061e-07,4
0.015003518650215625,0.1087323389606901,8.676434043636109e-06,2.999625800133419e-08,0.8762352639402005,1.2041718097934811e-05,8.130300494297803e-06,4
0.011380897644528135,0.20582147174032445,1.3104464976770595e-05,5.0518330146351764e-08,0.782753291476547,1.854740606147102e-05,1.263674923196851e-05,4
0.007551200802843343,0.9652293581364428,0.0023711665495313367,9.395488317761514e-08,0.002402446811178212,0.02243238002005375,1.3353725067518012e-05,1
0.008596991801544976,0.9528634139468645,0.0026945587985127122,2.3334591739714733e-07,0.0027574626256572673,0.03306843239914867,1.8907082354281174e-05,1
0.023959909161129566,0.23854168462236963,0.00550647308474505,1.572148012546983e-07,0.6948713772954751,0.03711722656524247,3.172056236891782e-06,4
0.06403059004792312,0.13209017052898767,0.0018542214415218604,8.440433502638014e-08,0.7966739134631589,0.005349594856963894,1.4252571094304277e-06,4
0.10962682332784472,0.14304196877491065,0.001481496726557222,8.828546208965085e-08,0.7402525491890185,0.005595582902132508,1.4907940743007815e-06,4
0.09941559989340497,0.0982553951001778,0.0005583079851407472,6.779486927669579e-08,0.8004308691675716,0.0013384599883040642,1.3000705315675466e-06,4
0.12951838448493655,0.1425790021684598,0.0006671202443194376,8.876255076362497e-08,0.7254555727116926,0.0017781294700784404,1.7021579624790972e-06,4
0.16232672202392517,0.13013843591406435,0.0001806225246345711,9.280405977443492e-08,0.7070566532940047,0.00029510250427206426,2.3709350393431773e-06,4
0.2299383580400232,0.7621105572852442,2.959424243314136e-05,1.9507619254937144e-07,0.007889802883611182,1.6695724756388786e-05,1.4796747739081407e-05,1
0.21858025812344728,0.7737212596945559,3.070189444251242e-05,2.02377495738528e-07,0.007642036710488958,1.9438758653322576e-05,6.102440916277531e-06,1
0.1676414334336825,0.8283004201330081,2.9819444648393023e-05,1.8514956543275432e-07,0.004004627543086831,1.8221419838310185e-05,5.292876170558675e-06,1
0.2657724929717759,0.7308082104085438,2.3689774018795455e-05,1.722735663767078e-07,0.003374386650415093,1.6633728668986232e-05,4.41419301105652e-06,1
0.3460246965615109,0.6539134183069842,2.4118916873097124e-05,1.8059830183261337e-07,1.57602467904017e-05,1.2273476360783231e-05,9.55189317873559e-06,1
0.3434469704794688,0.6565011654978297,1.872461692462262e-05,1.879696566159406e-07,1.7426680967962742e-05,1.0708378722569566e-05,4.816376429512188e-06,0
0.4327828969620963,0.5671675145050132,2.0630801577633666e-05,1.836179849666619e-07,1.457911864659863e-05,1.0097876017308859e-05,4.097118663882903e-06,0
0.23279865465699615,0.765767012024726,2.1972659072671204e-05,1.8330610749025026e-07,0.0013918916490406456,1.5588822488980664e-05,4.696881567994511e-06,1
0.6302972843149587,0.367402616787956,1.4689394668946036e-05,1.970454938688322e-07,0.0022661875849210563,1.526787583973755e-05,3.7569961616705262e-06,0
0.7006689277285412,0.2976727266780494,9.96245066740019e-06,1.2309865579601375e-07,0.001634522419202968,1.1024744399637908e-05,2.7128804836776983e-06,0
0.5666935691134666,0.43169450503779194,1.056175406451562e-05,1.3050380590032495e-07,0.0015866695623712496,1.1687951374669937e-05,2.8760771251583306e-06,0
0.4577363074742931,0.5410188544526239,1.2462127702845535e-05,1.5255128883693887e-07,0.001216342333616348,1.2134336178144078e-05,3.7467242970777292e-06,0
0.20201667517564983,0.7801435302552585,0.0001748371286429083,1.8380520906918495e-07,0.017068039766547572,0.0005900040702209891,6.729798471279414e-06,1
0.50505769163502,0.4863823219329861,0.00019632619823738108,1.8847986291474482e-07,0.007044995186417093,0.0013151164699574537,3.36009751903484e-06,1
0.409597637151021,0.5829165918598131,0.00021967088053029239,2.973301852112554e-07,0.005415975834013125,0.0018452410630339872,4.585881403135605e-06,1
0.2138561235176398,0.7806458777626982,0.0002733152180791828,1.8478233773596924e-07,0.004543456763537795,0.0006746746923429167,6.36726336436161e-06,1
0.16410496572157637,0.8294777243459828,0.0002464131885451718,1.9845164562655392e-07,0.005676845486954046,0.00048414393585505695,9.708869440967378e-06,1
0.08894485077248335,0.905548223160674,0.00029757175487331555,1.8702007385740456e-07,0.00487693738840556,0.0003055095989210393,2.672030456866079e-05,1
0.15246262382367542,0.8436890834767804,0.0003175231468274733,1.8347441244000686e-07,0.0032305210804796656,0.0002788599986673134,2.1204999157150133e-05,1
0.14718487465591573,0.8489296924192172,0.00039944065784576206,1.8611278892841568e-07,0.002788816848573457,0.0006888653796951021,8.123925963491267e-06,1
0.13190519468449574,0.8636191268160789,0.0002966265146543139,2.1479646344040247e-07,0.003539660135179345,0.000630191651461984,8.985401666175724e-06,1
0.11582233452959158,0.8525593245951739,0.0003419445973016049,1.8563604916571313e-07,0.030240090016216612,0.0010313640436327264,4.756582034388223e-06,1
0.12889150650643447,0.839391021098043,0.00022087791079523653,1.8414454547058554e-07,0.028805024110695073,0.002684598794578121,6.7874349084178824e-06,1
0.19835918189496973,0.717766036013878,0.0004005254960499279,3.8121269093384416e-07,0.07360335883443613,0.00986202256915215,8.4939788231126e-06,1
0.17244825655356646,0.7221183897627007,0.0006905729568887981,2.76015822150465e-07,0.09287182740080795,0.011865802695013973,4.874615200035982e-06,1
0.2619534923568892,0.618985556403361,0.0008565340162397727,2.9305183401481474e-07,0.10577789119957737,0.012421057490079872,5.175482018955814e-06,1
0.2962989576128824,0.5902378728128082,0.0009075274404134107,2.794896662904804e-07,0.10088258826862036,0.011666903194376339,5.871181233086515e-06,1
0.27225316219838785,0.6445462128851215,0.0007611919732384422,2.810460526648661e-07,0.07086344204929979,0.011569805971982108,5.903875917630693e-06,1
0.17036364634737783,0.7409924092941851,0.0006371168148764629,1.9473619544770305e-07,0.035585219059658564,0.05241183828802813,9.575459678550267e-06,1
0.1300351329610595,0.8397376665533888,0.0004177254891537934,1.971436357153791e-07,0.00961461669178441,0.020179973920551746,1.4687240425795006e-05,1
0.17598740423250175,0.7994657462837514,0.0004261133843420449,1.880471679557051e-07,0.009580103375516144,0.014526435124968429,1.4009551752117965e-05,1
0.10965087277791075,0.8859069529528916,0.0001918208189611416,1.7119627991502793e-07,0.0039413738302366665,0.0002902517702420552,1.8556653477911326e-05,1
0.17407596058342611,0.8227537040436554,3.23877345130077e-05,2.8950134473909956e-07,0.00310333256304428,2.8727116934643806e-05,5.598457081842527e-06,1
0.06862823353590708,0.9279057150924538,1.470404201098832e-05,1.1230235169318307e-07,0.0034257354979722473,1.636881661880172e-05,9.130712685403191e-06,1
0.012650896720332466,0.11736515637378171,0.00018184005229365208,6.62388737123039e-09,0.0024889785698344836,0.8673093060233323,3.815636537886724e-06,5
0.005491453168007035,0.07191888294129307,0.0001164288967173211,2.890612657426115e-08,0.0009140809933453611,0.9215580572049296,1.0678895810986251e-06,5
0.14711189550811,0.8145645248912509,0.0005447553765291378,2.2636363030000153e-07,0.006608557460688125,0.03116438895559554,5.6514441961095345e-06,1
0.17435512393339017,0.7998550399210103,0.000494457473403811,2.3397050984524083e-07,0.006348846655496551,0.01894045668696467,5.8413592244180675e-06,1
0.1142754825617346,0.8652328229768306,0.004805857335686855,1.9603887828862998e-07,0.010964853552801815,0.004717642786790937,3.1447472767492825e-06,1
0.07699216439168963,0.8828819168528458,0.017765662815929097,2.214595361500895e-07,0.015610922469513734,0.0067455594790731994,3.5525314126353356e-06,1
0.02941217916981411,0.8956270005356647,0.0031944385952237353,2.302347919378944e-07,0.05264142897479709,0.019079957999292817,4.4764490415812506e-05,1
0.0500268405209602,0.8549509887955594,0.002166850395669752,2.5228866721386743e-07,0.07094335561926202,0.021858490226881584,5.3222152999763574e-05,1
0.06767399843582085,0.8557843454876269,0.007461919949690948,2.4854699512726907e-07,0.050346462237291875,0.018721976314563193,1.1049028011170552e-05,1
0.11229111020629022,0.8016549066335327,0.001857716133798768,3.3894853672738873e-07,0.022833172567054225,0.06129987018440278,6.288532638451935e-05,0
0.019236583383856826,0.7171687673463565,0.00877580524688388,2.7053589694437575e-07,0.07933232466273316,0.17546482325144255,2.1425572830271487e-05,5
0.010705101366440315,0.8654538206428979,0.0036921167755497118,1.7656125271623105e-07,0.002241867590370967,0.11789376321472667,1.3153848761654661e-05,5
0.09128832780316218,0.6197910123139064,0.00040177099255278185,1.4796341263765612e-07,0.005384034194557319,0.2831205810617406,1.4125670668093602e-05,5
0.003487286283598433,0.0239963934615557,1.0611635141695608e-05,5.629113494913216e-09,0.0006449338267740244,0.9718604224651245,3.466986920506604e-07,5
0.00021709552570964966,0.0027478848783621425,0.9734804803058683,0.00047535239493476573,3.4203962202870905e-05,0.02303947560610426,5.5073268178405014e-06,2
0.00018871145197615595,0.0031308771727374183,0.9461061810014867,0.0019585556520069374,3.641178891890475e-05,0.04857380778354496,5.455149328862444e-06,2
0.0002480120528810409,0.001347377331107989,0.9119292302516915,0.01945886248946814,8.24730349764518e-05,0.06692912992073063,4.914919144391151e-06,2
0.0006436247362223518,0.007737362168381929,0.9550815551023379,0.0009625122487010013,5.931223246811445e-05,0.03549811832790844,1.7515183980116224e-05,2
0.0007577436521467024,0.01102205889082242,0.8764875198675065,0.00039359543147519656,8.857184246278103e-05,0.11121390930333967,3.660101224647932e-05,2
0.00010910511072926542,0.006959852364384415,0.9503629749253254,9.716641609001606e-05,2.1749742506876612e-05,0.04244425914168902,4.892299275021493e-06,2
0.0002660015734859637,0.0008953693969868004,0.7417108314368689,0.180002622194888,4.356373510758199e-05,0.0770745138170458,7.097845616964517e-06,3
6.225499311169225e-05,0.0008207380114646037,0.17207686074382283,0.8205557443567078,2.162187906298326e-05,0.006462213708627688,5.663072022823039e-07,2
2.1932798352268922e-06,9.586329021924663e-06,0.9996365337031249,1.7412915463319873e-18,4.724369753868773e-07,0.0003511343776749439,7.987336755513161e-08,2
0.000337437773370542,0.001106778200765184,0.8655779256443777,0.0006264456340535012,7.525208816778582e-05,0.13227146527944234,4.695379822866712e-06,2
0.0005721138582091798,0.0054286459825725,0.9215870380564107,0.0008523370912600623,5.6562457207699765e-05,0.07147566794958743,2.763460475237433e-05,2
0.0005301527023235299,0.005163574943832849,0.9168904540347745,7.062649967834765e-91,4.689390799145057e-05,0.07734331664056679,2.5607770510878425e-05,2
0.0005312676043469364,0.004194685930985336,0.9138905879711187,8.168260047087976e-06,5.7109663266019505e-05,0.08130223874795899,1.594182227678228e-05,2
5.06636869217018e-39,1.674839927306386e-38,4.4397150517739674e-35,1.0,6.83382243651369e-40,1.903558574063731e-37,1.684618553401012e-40,2
1.1395747319022821e-29,3.8419995627542284e-29,7.411136362734388e-26,1.0,1.1221433669024837e-30,1.7736467320967297e-28,3.3804122256303775e-31,2
0.00024551216211815747,0.0006615046295573626,0.9608358454194583,0.0001319982279065957,4.349178279154571e-05,0.03807491640743084,6.731370737245877e-06,2
0.00021157609231373627,0.0005509390949621828,0.12867083782530964,9.44396077117329e-05,3.8766277898812246e-05,0.8704302737388165,3.1673629875163183e-06,5
0.00014880106603796636,0.000413048616706459,0.08978556407821779,5.8731411312930564e-05,2.757493166332387e-05,0.9095651760398984,1.1038561632152711e-06,5
9.64619457457823e-05,0.00022708105531993203,0.0384388977671624,3.237668683981779e-05,1.2156111382605589e-05,0.9611907381150402,2.2883185093784483e-06,5
0.00020731490160828906,0.0009845448174634424,0.11092894299704721,8.20454677139432e-05,2.829441906960334e-05,0.8877632880457551,5.5693513424350085e-06,5
0.0002297826930088256,0.001268569843171301,0.09186945766056585,4.638760063573964e-05,1.734088957849587e-05,0.9065614958966636,6.965416376197872e-06,5
0.0002542166027974387,0.0015700297224874888,0.08527231657379153,5.1320219513177624e-05,2.9803924289264076e-05,0.9128146068741909,7.706082930095429e-06,5
0.00027860261202426436,0.0027435354747977537,0.16658119190869855,0.011643242334340451,5.402716078053461e-05,0.8186861683708496,1.3232138508908524e-05,5
0.0002792536364428916,8.13639272418395e-06,0.1385032371381369,0.00015345442910832437,5.808562387651396e-05,0.8609902511498118,7.581629899360184e-06,5
0.00018308837638399182,0.0014095871286080224,0.11908313653940107,0.0020724270481076975,2.8876259530525955e-05,0.8772118210928662,1.1063555102385347e-05,5
0.00010904385617806999,0.0007448662778192119,0.0628787000610207,1.8999431211194565e-05,1.3067243633157657e-05,0.9362295036764874,5.819453650233994e-06,5
0.00012807776891529058,6.065527250737404e-11,0.9363900659424448,4.998973891282317e-42,1.6337296571574376e-05,0.06345855341844787,6.9655129651740195e-06,2
3.390737064049859e-05,1.8406637759037394e-11,0.9979489946276945,1.0066848132423091e-173,2.524673580409205e-06,0.002013111304573605,1.4620051044729091e-06,2
3.725640675915251e-05,1.7676248241456108e-11,0.9933720665600303,8.077555337405041e-06,5.1888932368431595e-06,0.006575797812399801,1.6127545604193147e-06,2
0.00040973334600869805,0.004458190220920853,0.9309472633068301,0.00023165610920204281,4.750235039757509e-05,0.06389065365477954,1.5001011861038723e-05,2
0.7234039611887242,0.25897950335234654,2.0289933466061557e-05,2.6205426226695524e-07,1.7475040487155713e-05,1.3861518046232634e-05,0.017564646912667414,0
0.7067242769929549,0.2922079331335026,1.3272309755453513e-05,2.4562448136383215e-07,3.1884055640075853e-06,7.821842553543117e-06,0.001043261691188066,1
0.5107029356852569,0.48710775344921603,1.3458470771289841e-05,1.04117810881356e-07,1.2045274550512833e-05,9.66320594080576e-06,0.002154039796453498,1
0.6340137786150261,0.365859495846077,1.3384163466841592e-05,8.635260822900433e-08,1.1073279542455709e-05,9.071642252524396e-06,9.311010102698431e-05,0
0.6366295925714727,0.3632967628292378,1.3439383846544391e-05,8.670888180759191e-08,1.0561086494967758e-05,9.109070032822612e-06,4.044835003339342e-05,0
0.5612940340486772,0.43866244181621,1.3248513678364087e-05,8.547741621048444e-08,1.0625877925852973e-05,8.97970028276684e-06,1.0584565809507934e-05,0
0.47610271608230476,0.5238638363093495,1.1239712168579112e-05,5.73216840137457e-09,7.872297548035835e-06,8.692198983191658e-06,5.637667477508447e-06,0
0.3615104474350277,0.638422844947316,1.3086687403793085e-05,1.6365861521125473e-07,2.2695420897272986e-05,9.513138994442284e-06,2.12487117455083e-05,0
0.4630068146756024,0.5368572435484019,2.7906998741360522e-05,3.3887180258102764e-07,8.682495549443287e-07,1.7729333186530014e-05,8.909832271030944e-05,1
0.1564814287307261,0.5943695426190359,6.888627818472258e-05,2.8805610547411664e-07,0.248936948680796,0.00013864346667370958,4.262168477995522e-06,1
0.0336300939744898,0.07999225627044976,9.097921918066516e-06,6.56260391733984e-08,0.8863432297526256,2.3589315638850727e-05,1.6671388387879953e-06,1
0.04161543884069176,0.038366602246349614,5.215812845240416e-06,3.408373993005813e-08,0.9200002835090331,1.1462613755693192e-05,9.628935849276207e-07,4
0.012748985738189868,0.8928738552458397,0.005977647270505501,1.8438059493897353e-07,0.06717021959580442,0.02122532180143962,3.785967626027042e-06,1
0.008131164975590318,0.9613692624014567,0.007593950559339296,1.0892308194866339e-07,0.006273522099440961,0.016615323423279895,1.6667617810903048e-05,1
0.007437286126099372,0.9529894938252222,0.002492665482074381,2.1586217157328248e-07,0.0027189547566871227,0.03434389350308431,1.749044466102118e-05,1
0.008387739798219539,0.9199122418971567,0.0021382095669995496,2.2766624457549934e-07,0.002688883077681244,0.0668564544294916,1.6243564206780915e-05,1
0.032896620539411066,0.8198756752278914,0.0037682888802164035,3.0416785999148417e-07,0.008694946571977013,0.13474398931406006,2.0175298584368702e-05,1
0.13388286237193595,0.6171962036133515,0.0030172124576968427,4.5257302305270143e-07,0.01568022217712627,0.23021884972979736,4.197077068905529e-06,1
0.031089626956053235,0.18275471612332972,0.00447448256312493,1.1820321219459279e-07,0.7277003461793267,0.05397682631254416,3.883662408998623e-06,4
0.06543890002618569,0.1665604806716707,0.0017794065638570297,8.430123862160998e-08,0.7633626824194302,0.002857022501400912,1.4235162168114736e-06,4
0.07960615186875325,0.1494872853679345,0.0011107506644809971,7.565998407233436e-08,0.7669810613311795,0.0028133975082389163,1.2775994285694476e-06,4
0.1146312909661879,0.22460427548823444,0.0012503729571032582,1.436419304167891e-07,0.6554718118485972,0.004040448196441606,1.6569015051051916e-06,4
0.06276384984041618,0.0918331145117024,0.00020980670066725936,5.5571436747488314e-08,0.8445776825177382,0.0006135943394595586,1.8965185796668438e-06,4
0.12202051756669403,0.1107853268738635,0.0001453115208850827,8.330833750393667e-08,0.7668757581874841,0.00017087556640853262,2.1269763272310417e-06,4
0.12995343689054983,0.8308733760338873,1.9953131058251766e-05,1.4990240295231392e-07,0.039136577453290994,1.0928743081140993e-05,5.577845729741166e-06,1
0.08227438002544472,0.9083772904966991,2.1693604981784518e-05,1.5640899008238605e-07,0.009310062481832493,1.1403110520749266e-05,5.0138715313137255e-06,1
0.25871636471192594,0.7395219066594161,2.4738216871108585e-05,1.8839692362061607e-07,0.0017137841846961344,1.8190505807051937e-05,4.827324359978604e-06,1
0.33773971315845036,0.6600477095113382,2.109461436067823e-05,1.8774600531060972e-07,0.0021737971534243994,1.2576271800494454e-05,4.921544620487666e-06,1
0.380939777069757,0.6187816014989505,2.6555673565069913e-05,2.0334620100518364e-07,0.00021706424194193195,1.2828924168940061e-05,2.1969245415598877e-05,1
0.5030233106904005,0.49690335955767273,2.493354269540742e-05,2.219131840603967e-07,3.0279518000083612e-05,1.3004197055714148e-05,4.890580991443468e-06,0
0.5307519980634263,0.469137153726174,2.6206804936183838e-05,2.3324545566922083e-07,6.55995629549506e-05,1.3668272485544924e-05,5.140324567313688e-06,0
0.5407384938850954,0.4590218662819926,2.4922198095463396e-05,2.282163403872532e-07,0.00019570271385539398,1.3757213015792243e-05,5.02949160483826e-06,1
0.4133913721136779,0.5865455539076759,1.958042308793983e-05,1.7596770138970758e-07,2.4771002784489545e-05,1.4375141734005102e-05,4.171443338353961e-06,1
0.40126283521921274,0.5986511778734708,2.0033621931427964e-05,1.795994718616808e-07,4.625477168389908e-05,1.4917008375878123e-05,4.601905853319943e-06,1
0.27476432214479285,0.7251383351763702,2.35715033109128e-05,1.846945046406299e-07,5.2362455127257575e-05,1.6491569204974016e-05,4.732456689161825e-06,1
0.2827092169032116,0.715906835587037,2.128974220189021e-05,1.7760889838559599e-07,0.0013433057814549263,1.4566685954574998e-05,4.607691241487639e-06,1
0.19139014160603923,0.806174308842106,1.6922857309326836e-05,1.689532880582824e-07,0.002397575196147796,1.4571296862020541e-05,6.3112482477615995e-06,1
0.21123120851998822,0.7863964897021646,1.664882788290228e-05,1.8883558383866845e-07,0.002336715479894215,1.4535094101844032e-05,4.213540384353442e-06,1
0.2050530404227533,0.7882204507310568,1.810162779282622e-05,1.8171569405688587e-07,0.00668874267717501,1.2145794787390915e-05,7.3370307405782325e-06,1
0.22166128542264427,0.7665737190251225,0.00021005087411316709,1.778687599355472e-07,0.01117156928283898,0.00036839265977335476,1.4804866747834776e-05,1
0.2612785286334926,0.7343487722852227,0.00021561861452822854,2.0979632602508006e-07,0.0034200793849078737,0.0007286479889304843,8.143296591932332e-06,1
0.16729840657764175,0.8289971292637068,9.963359652690368e-05,2.2935174575290903e-07,0.00341982410153152,0.00017518282817144816,9.594280675856172e-06,1
0.14180778828644777,0.8546979821586378,0.00029454962253827604,2.1537527956625027e-07,0.002860380047682339,0.0003235624650857702,1.5522044328493223e-05,1
0.13092000944047838,0.8644872944036008,0.0004140967917739184,1.9294157289594763e-07,0.0036701855360756043,0.0005030623778556229,5.158508642711439e-06,1
0.14665443404337952,0.8304889825019076,0.00025535356524558774,1.844759044407409e-07,0.022134738143734907,0.0004615804143665037,4.726855461446741e-06,1
0.12921554110036987,0.8347722570874381,0.00022483679295235857,1.7927161681296706e-07,0.034890344168858084,0.000888282715581585,8.558863183170466e-06,1
0.16828218320525096,0.8103425784541973,0.00019699450267927034,1.8447004809785377e-07,0.019696553833572893,0.0014673654363202787,1.414009793105805e-05,1
0.5459352738767589,0.4160287466135019,0.0007072075734897937,2.8514683024601423e-07,0.012479158644850812,0.02484139272058385,7.935423984463953e-06,1
0.5533764969140057,0.4093893104530606,0.000982362347959675,2.805961490943359e-07,0.012783551697309872,0.02342850960878437,3.948838273053894e-05,1
0.5608973604462514,0.33853189909530723,0.0016481453902375623,2.9539669252444127e-07,0.023361312403307244,0.07555478193138244,6.205336821515249e-06,1
0.12196631601550326,0.7774131048679002,0.00036776396556851556,1.8285748551224632e-07,0.01333273902754479,0.0869062703466293,1.362291936855652e-05,1
0.19835800153670816,0.7814033343915624,0.00042106232511522135,1.8379859893500054e-07,0.0063621740513186776,0.013441550864189288,1.3693032507424921e-05,1
0.157605860631544,0.8327062634237923,0.0005331186792713729,1.8176861084869073e-07,0.007898447516964476,0.0012387750174265813,1.7352962390325583e-05,1
0.14064110130430646,0.8520167973171018,0.0005566426879562759,1.8598384144645438e-07,0.005682463055719437,0.0010799156250744784,2.2894026000341367e-05,1
0.13165746382450347,0.8592199614947506,2.841163637315431e-05,1.7569413366217933e-07,0.009060752528062014,1.8258788350303204e-05,1.4976033826842601e-05,1
0.07414712427973974,0.9221472322329959,1.5620751755514192e-05,1.6800659703007273e-08,0.0036675566977212516,1.450646191406675e-05,7.942775213946766e-06,1
0.06955732924782589,0.9277834747785803,1.614885064615158e-05,1.6816092430267163e-08,0.002618005527454201,1.4996889427658589e-05,1.002788997333577e-05,1
0.08104302182926577,0.2733593470533159,0.0006382180428159955,1.7920751756375764e-08,0.009741671084462895,0.6352122706343609,5.453435026779945e-06,1
0.13793269984298714,0.8307085803462497,0.0006231495044223425,2.1881333981746499e-07,0.005183743202818205,0.0255249078135167,2.6700476666223082e-05,5
0.18139592079629888,0.793372383860622,0.0004462519681740106,2.6213846853832117e-08,0.008392142929850159,0.016389551424773736,3.722806434369467e-06,1
0.11839771865544473,0.864932603672032,0.0052022854621384266,1.4059827638559065e-07,0.005734310875879606,0.00572993913015967,3.001606069058064e-06,1
0.09613636132638621,0.8797374817663766,0.004894286590041961,2.107243863011732e-07,0.0122472948952799,0.006980984373453865,3.380324075256213e-06,1
0.03705536810671264,0.8751496140424959,0.007456484641665373,2.540386978246674e-07,0.05811883113603171,0.022165856699546613,5.35913348498675e-05,1
0.14263600100148324,0.7706623680464717,0.0045867016534610625,3.1391792574600276e-07,0.05574685735379286,0.026362876217085485,4.881809780043395e-06,0
0.0286188544884058,0.8333727848533753,0.0019169342738107732,2.3141795954628662e-07,0.011400744700324351,0.12467680802563494,1.3642240489315396e-05,1
0.03548975833274823,0.7242009341702966,0.007462732243054387,3.0286012429497983e-07,0.06730865640584921,0.16551363044026543,2.3985547662095813e-05,1
0.006976794661134445,0.15381452559316378,0.0002077018348900044,1.9280482866258093e-08,0.003828056865998539,0.8351709271510743,1.9746132560227817e-06,5
0.005474580454721864,0.03842744865904641,3.4585100447117754e-05,8.50649636926143e-09,0.00030953102872895985,0.9557530341581363,8.120924227787154e-07,5
0.04467019711114701,0.462947187968523,0.00043098237012818884,1.0903508711842362e-07,0.015452717000466238,0.476492091012798,6.715501850468578e-06,5
0.04605803862291082,0.49844166418145053,8.163611941548568e-05,1.0057259454374779e-07,0.026529281044216927,0.4288868262727551,2.453186656752077e-06,5
0.00039196330578709714,0.0013405015724105292,0.9304566578207399,0.011783705462767484,7.41369814142995e-05,0.055943110074519416,9.924782361036104e-06,2
0.00038825206787053537,0.0013532584621078372,0.9140256631571375,0.020680481857268337,8.0844462332712e-05,0.0634675237896023,3.976203680694867e-06,2
0.0003292093471506112,0.005343065435693151,0.39740820306133073,0.23171142952116613,9.729126007700084e-05,0.3651078236522894,2.9777222930598287e-06,5
0.0005834344302302285,0.0068311314227606015,0.6017711060479366,2.827959836314892e-05,7.867306822607499e-05,0.39070452722686505,2.8482056183363982e-06,5
9.119703645586197e-05,0.0013182072676897736,0.045746294607427435,0.8970642891826857,7.454621119329746e-06,0.055767567761765856,4.989522856012639e-06,2
0.0002104838058667863,0.0029583349309700506,0.9797987204077261,8.329552861059484e-05,1.135500680403485e-05,0.0169294899298245,8.320390197934022e-06,2
0.00046431388679845097,0.006570467616094102,0.8983778134551863,0.00017543798321972224,5.582063458157267e-05,0.0943400323806401,1.6114043479525094e-05,2
0.00022876921585660156,0.0028003134540219433,0.9454956927038611,0.00015570690849222023,3.671208379244343e-05,0.051278672472387425,4.133161588119647e-06,2
0.00010597740514459149,0.0011569304916710986,0.9788339988888463,0.00010473659240878785,8.498817783709976e-06,0.019786319408562136,3.5383955836187297e-06,2
0.00020791530281160002,0.012796800000207475,0.9090550524454161,0.00019462329343898957,5.062231243139014e-05,0.07768834596849165,6.640677202601986e-06,2
0.00046353757599008926,0.004868371471940213,0.8465636485598683,0.09845194359275804,0.00013274419943672353,0.04951639543570629,3.359164300219996e-06,2
0.00020674938247118905,0.002624356311735839,0.46662515353745315,0.4038533326695726,4.986013732869831e-05,0.12663869235070618,1.8556107322190627e-06,2
0.0002359660431859575,0.0018487667259968626,0.9174788439468443,0.0004922708404532759,2.261482281656511e-05,0.07991483191070771,6.705709995302633e-06,2
0.0004176041773445411,0.005583315186383952,0.7239244744904634,0.0007823375414064454,9.821295680043462e-05,0.2691909097000521,3.145947549197151e-06,2
0.0003737924395965618,0.004012004293332316,0.7274745985504673,0.00017801086439476907,3.797001962865207e-05,0.2679036551221708,1.9968710409518046e-05,2
0.0004092526225817443,0.0034861486895069642,0.9339346044371801,2.3205109624407414e-05,5.812691047842322e-05,0.06207541319035349,1.3249040274512938e-05,2
3.039607451868426e-34,1.0048332904778383e-33,2.690832085638068e-30,1.0,4.1000051249477675e-35,5.1997168823724496e-33,1.0067224463571086e-35,2
6.582315761601867e-39,2.1616654610977384e-38,4.169807216564064e-35,1.0,6.313635696757098e-40,1.0602415707692213e-37,1.9019576220824453e-40,2
0.000337932384784158,0.0010054120326061103,0.855310825418954,0.00045292556018945994,5.25792041249003e-05,0.1428381596407846,2.16575855684454e-06,2
0.00021290177005029598,0.0006193312127976929,0.8265602534398457,0.011081183998849496,3.3986299593064e-05,0.1614888508982746,3.4923805893038045e-06,5
0.0004045345665812121,0.0013142380317740202,0.6073899098190391,0.00040921340742607835,9.774759797235093e-05,0.3903811275517888,3.2290254185082486e-06,5
8.920766383242108e-05,0.0003061244301783053,0.049583548007391336,2.8759978586854518e-05,2.366832886048699e-05,0.9499680692778153,6.223133353203484e-07,5
0.0001785332502573782,0.0004667154662599867,0.10193006125197104,8.990303174169141e-05,4.3567138548760475e-05,0.8972890140705162,2.2057907049758144e-06,5
0.0001610866242000463,0.00044890112286648525,0.10142669559377365,0.00012250147899095723,3.105388261048527e-05,0.8978085663030085,1.1949945499005616e-06,5
0.00019345582793238686,0.0005398207722582229,0.10853958441275037,0.00018322666279312164,4.230169825473138e-05,0.8904956016502811,6.0089757301921116e-06,5
0.00030034330640208036,0.0008151302741197759,0.12314034447038671,0.00014926505334009432,4.099097223675393e-05,0.87554585743744,8.068486074688017e-06,5
0.0004167267871425377,0.0018165682055849629,0.19588034703598295,0.0002243173979388235,6.214286487704198e-05,0.8015870490796213,1.2848628852329103e-05,5
0.00020985929804942657,0.0007708549412405756,0.0761204194430871,5.490313558415572e-05,3.015282919851483e-05,0.9228073143513018,6.496001538309041e-06,5
7.411568198879212e-05,3.509982197670343e-11,0.9934747086455378,1.9163065102505418e-48,7.876509848377664e-06,0.006439941321433458,3.3578060920737727e-06,2
8.008976246308844e-96,3.799847183462038e-102,3.3319508504024055e-91,1.0,1.1154517113569943e-96,1.6087954866872548e-93,3.0528305171020057e-97,2
0.7226447816185718,0.2608056416163354,2.2555418131180213e-05,2.6560469857941494e-07,1.937883050252608e-05,1.433602729436323e-05,0.016493040884466063,0
0.5217701895539067,0.47729441704971964,1.5829506765528196e-05,1.714121886209431e-07,9.025113836751954e-06,9.692197160143856e-06,0.0009006751664224794,1
0.3977819814566,0.6015042532872917,1.2639908638880746e-05,1.3687314682966487e-07,7.206580472896792e-06,7.739248507794544e-06,0.0006860426453419655,1
0.41051860537234247,0.5883661317902718,1.4063827357951376e-05,1.6881041008284881e-07,9.346881664783288e-06,9.40403057265628e-06,0.0010822792873802624,1
0.5483696327064075,0.45112761887331826,1.2573473262791655e-05,9.255913282422278e-08,8.34076488403247e-06,9.723659277997451e-06,0.0004720179637165467,1
0.5816501765143764,0.4183085151633529,1.2633782965261974e-05,8.151126617306488e-08,9.936543418876911e-06,8.563042407605848e-06,1.0093442212860185e-05,0
0.45931659998504987,0.540649984425634,1.134402566008288e-05,8.350859467443216e-08,7.525196013195716e-06,8.772869520940566e-06,5.689989527192258e-06,0
0.4298471503009968,0.5701074096791855,1.1185665646629866e-05,9.524592228815287e-09,1.758830102724329e-05,8.131224408317848e-06,8.525304143321509e-06,0
0.4365756708940204,0.5633417442968753,1.6586373109172945e-05,1.6304745711194258e-07,2.6668406134872528e-05,1.0567341852007026e-05,2.8599640551109257e-05,0
0.4174251914083477,0.5824378751837663,2.5038055936800256e-05,2.4612923661195883e-07,3.2500294911063036e-05,1.5951992316362134e-05,6.319693548504892e-05,1
0.13323053467727264,0.4154788713240259,3.422772792379877e-05,4.0554765764103496e-07,0.45118151297334064,6.143651300744249e-05,1.3011236771783557e-05,4
0.1681900254626768,0.24265691200866937,4.117360227502047e-05,1.693963492956109e-07,0.5890382891878593,7.079740185921787e-05,2.6329403109305357e-06,4
0.07554408102548739,0.10221978950812699,1.2097124533446727e-05,4.204899746961227e-08,0.8222011109327281,1.8542844435565306e-05,4.336515690931309e-06,4
0.024226716025232086,0.9572513473200357,4.210757299511168e-05,2.0939662630384504e-07,0.018431282007681384,4.5311637357256836e-05,3.0260400721776105e-06,1
0.02184501587739114,0.9345154251336873,0.004179325607667618,1.9879137849733928e-07,0.02165942926829966,0.01779652345101019,4.0818705654644245e-06,1
0.023562310571967206,0.939957015419412,0.003112988992513314,1.9757975396285748e-07,0.017067024943040725,0.016296354874833562,4.107618479194476e-06,1
0.016414642916285943,0.9615155900602196,0.0024599714168245714,1.9759658680424148e-07,0.00949515747446632,0.010098430077918111,1.6010457698619823e-05,1
0.007488122904973499,0.9219743270516295,0.0018011848231211205,2.0471006313170235e-07,0.0022425699620674884,0.0664789848648985,1.4605683246781287e-05,1
0.02742260107132069,0.8293783076516974,0.003849853309684789,3.0769326689885624e-07,0.010565070400178688,0.1287670589111488,1.6800962703037536e-05,1
0.06813383528843688,0.3575918208131799,0.0015801664121721016,1.666716958672445e-07,0.23197590500783782,0.3407150227609771,3.0830457003661526e-06,0
0.06546111730024463,0.382728040542901,0.0013388966924314065,1.6013358689714061e-07,0.2834922555929221,0.26697425821705223,5.271520861835171e-06,4
0.07627247770715309,0.35328674979564784,0.0003021605918170911,9.479089921487603e-08,0.5683182240832824,0.0018188448928480976,1.448138352246825e-06,4
0.13840690334337094,0.7452263997770651,0.0004027504498844113,1.7278161356042065e-07,0.11202824803547,0.003931621401477479,3.904211118600841e-06,1
0.13664968977894656,0.7357650079922446,0.000386702136423551,1.7058797879439842e-07,0.12468695180721039,0.002507623053928233,3.85464326779096e-06,1
0.1445569767016696,0.7009717242447117,0.0001926708056479635,1.83320856287449e-07,0.15392310570157242,0.00035095724562608853,4.381979916066187e-06,4
0.07676684355152566,0.9157638556976602,2.18700088057443e-05,1.5768084618815491e-07,0.007430445561190873,1.1495836109815041e-05,5.331663862027673e-06,1
0.08596080301406775,0.9049791456473534,2.5243084035820615e-05,1.8200042288604084e-07,0.009007552445724041,1.3268872434375146e-05,1.380493596197965e-05,1
0.39008947146920436,0.6098285634141715,2.6570669905133497e-05,1.989566069102606e-07,1.9809773033517684e-05,1.3890717404857094e-05,2.1494999673757996e-05,1
0.3858155551977069,0.6141185522120253,2.714753192054413e-05,2.0327605047910115e-07,1.6508279811113826e-05,1.6332296908412816e-05,5.701205577170522e-06,1
0.306040960764188,0.6938962144007083,2.528810912041099e-05,2.050451006312515e-07,1.6780469169474638e-05,1.5297308463831137e-05,5.253903249316061e-06,0
0.35022385072433937,0.6497152917395288,2.4781736676886856e-05,2.0093925040160763e-07,1.7097592028093303e-05,1.3628569781109744e-05,5.148698395377487e-06,0
0.4173026103037624,0.582521458553567,2.1696734892951123e-05,2.156681489485034e-07,0.00013789898251950753,1.1285528454352136e-05,4.834228654854412e-06,1
0.35452949940069906,0.645407562663913,2.110721023861087e-05,1.7608613213456432e-07,2.251755540301324e-05,1.4625200623920674e-05,4.511882990294095e-06,1
0.383630372968497,0.6161544598470591,2.2340184247963006e-05,1.8637217287016617e-07,0.00017060960994832325,1.7255574225461844e-05,4.775443849231971e-06,1
0.28641543641554085,0.7116874085358971,2.2259007925474928e-05,1.8569496235839107e-07,0.001851420669444649,1.579197684647181e-05,7.49769938290261e-06,1
0.27356292810291893,0.723834989057888,2.0435960827875606e-05,1.832064009311592e-07,0.002559006429748399,1.5060022055679685e-05,7.397220160201564e-06,1
0.22158522163625932,0.7760802677196282,1.6546285193973892e-05,1.6264635524879293e-07,0.0022987415444521513,1.2984515270362165e-05,6.07565284088849e-06,1
0.2485763446522423,0.7495884320745099,1.7576397878182786e-05,2.3698245643937733e-07,0.0017984160243950606,1.3684319282941152e-05,5.30954923521791e-06,0
0.42527537801876597,0.5739779183394867,1.518706064680829e-05,1.5898279607655893e-07,0.0007110282764056172,1.5977975469388343e-05,4.351346429415959e-06,0
0.3862152054706845,0.6130445245453088,1.7860677903962164e-05,1.7254293131790798e-07,0.0007010021860876773,1.6130114927191488e-05,5.104462156630835e-06,0
0.3574006892357019,0.6417235120740675,1.812481508480698e-05,1.8061470486341342e-07,0.0008359484838576708,1.6859105981985685e-05,4.685670601234455e-06,0
0.27567838986642734,0.7201169543801131,1.8729736821275766e-05,1.8446668032828216e-07,0.004148154773224212,1.2567242153946478e-05,2.5019534579733137e-05,1
0.31213147527821417,0.6835662514925415,0.00025095372475357404,2.5000472760150317e-07,0.003166144032589841,0.000875034491246921,9.890975926256717e-06,1
0.1673720469039056,0.8303324228532042,2.657096678764866e-05,2.061405097994974e-07,0.0022407236914578016,1.945174229618873e-05,8.577701838784847e-06,1
0.34970228081640664,0.6469330114767611,7.532368721631933e-05,1.6050485421875266e-07,0.0031737788329155377,0.00010352565219544538,1.1919029650871709e-05,1
0.3593824680781982,0.637954478751426,0.00011495350902327065,1.582772695065603e-07,0.0023540561102274407,0.0001821316638014589,1.1753610054288896e-05,1
0.22555252517355664,0.7715659995268455,0.00014343053149030904,2.2651250269809838e-07,0.0025665598994957842,0.00016050345376019212,1.0754902349060861e-05,1
0.18858556409406624,0.7749124454394946,0.000416483548270665,2.834133113127065e-07,0.03214078572507464,0.003923989501911617,2.0448277871095807e-05,1
0.4106433304772994,0.5712656387063421,0.0003536305507287356,2.3962411024865897e-07,0.006333526761622005,0.011399225368560242,4.4085113373738195e-06,1
0.33746384314762357,0.6503634762962943,0.0004693372414361216,2.4152456288043737e-07,0.005714335076604166,0.005952272618300333,3.64940951786267e-05,1
0.22614959355242423,0.7603187154520373,0.0006171899662731599,1.9906569009535222e-07,0.00557510398154002,0.00732321815888557,1.5979823149395062e-05,1
0.21158430078757276,0.7752059377991639,0.0006430907129483076,1.8220949529349401e-07,0.005884198006935843,0.006674429298178855,7.861185705048708e-06,1
0.16598881477375269,0.8194298034123324,0.0007120762624870221,1.9260416313644126e-07,0.0061599193824492015,0.007702335577684841,6.8579871305403095e-06,1
0.16514750885874857,0.8186013347713641,0.000340087337603139,1.4845602373109102e-07,0.005042981327484902,0.010856879245213634,1.106000356178868e-05,1
0.12788086014383063,0.8664146263221101,0.0002122253644219643,1.8912669444568232e-07,0.004967127117562113,0.0005016910240598738,2.328090132090673e-05,1
0.11820775512332764,0.8761155208259843,8.931850121645566e-05,1.837645620484636e-07,0.005548443699798916,1.8217541262028716e-05,2.056054384863136e-05,1
0.15398325302883759,0.8421934302763799,2.5680620493596023e-05,1.7221253199352216e-07,0.003767524092367435,1.789696734545221e-05,1.204280204419274e-05,1
0.13924625786114667,0.8552953804581671,2.3953975526638655e-05,2.002782111751808e-07,0.0054085973066609755,1.712785085179768e-05,8.482269435712928e-06,1
0.17919410556474133,0.8184955653179917,2.7975792011998786e-05,2.693269303538319e-07,0.0022526586460850763,2.4049153719486748e-05,5.3761985199116765e-06,1
0.07478496760898504,0.9229701365578743,1.516832667856677e-05,1.4459129358024846e-08,0.002205320690314752,1.4973339259728502e-05,9.419017758302789e-06,1
0.08652470778159828,0.9111979050790904,1.6135440009282496e-05,2.0901952865276596e-08,0.0022362267995034817,1.4984435424417928e-05,1.0019562421490614e-05,1
0.21005435089119748,0.5625604602425973,0.0030249350076361984,4.4129444268343446e-08,0.21476773897960813,0.009583482813760655,8.987935755935741e-06,1
0.128527106894011,0.6670059582008503,0.0005494320344427545,1.756931429927482e-07,0.0025261419545947613,0.20137222993070292,1.895529225537669e-05,0
0.13975935647773088,0.8247483257939981,0.0005199682713736266,2.3302662269350501e-07,0.008183813291022782,0.026782485345321717,5.8177939301241465e-06,1
0.14266940598947989,0.8218803333816171,0.0005095415759044448,2.2060939774803128e-07,0.0060027144772966156,0.028932276183543788,5.507782760234001e-06,1
0.11722560832224234,0.8657859865812608,0.003343448578890035,1.3774054425071988e-07,0.008089145127734012,0.005552733052443366,2.940596885017673e-06,1
0.08008457412007396,0.8936276041364027,0.005525850740299475,2.1314156053480708e-07,0.014444965587162878,0.006313373175453018,3.419099047623974e-06,1
0.07566645070480374,0.8785883803505935,0.018867068458115376,2.1671359393195628e-07,0.017232466568186684,0.009641940805074956,3.476399632060108e-06,1
0.0815672427260469,0.8819450978424367,0.01515204632938048,2.136781522811418e-07,0.01589790546039057,0.005434066256837647,3.4277067556854735e-06,1
0.2947786631423251,0.5055789975665026,0.0010582641002884726,2.4852960525544985e-07,0.1638173496285829,0.03476175704932958,4.719983365897175e-06,0
0.33122551630525565,0.5104734277507097,0.0010264823660174386,2.395140700382776e-07,0.1297305663151849,0.02753921898514398,4.548763618390735e-06,0
0.3541153831547403,0.5021265307290079,0.000958706567316735,2.123046356159835e-07,0.08129253401106619,0.061502601221241654,4.032011991409741e-06,0
0.01991986928448462,0.8518443337901801,0.0020263474063437776,3.16027997760527e-07,0.013869544607904023,0.11232233281942296,1.7256063666923163e-05,1
0.14330990235108262,0.5117341314824411,0.010884434746683411,3.6487489055700904e-07,0.023425065384752145,0.3106384363092872,7.664850862987968e-06,5
0.010825480331440528,0.49025960343778463,0.47641307987296627,2.594140274894631e-07,0.0062814077519477655,0.016127456210350406,9.27129814828877e-05,1
0.024043255865196084,0.806151676164801,0.01892707242977572,1.1801398735821086e-07,0.007645193142396789,0.143165271795036,6.741258880709211e-05,5
0.06047408579649796,0.7179141207413811,0.0007221914123564247,1.608742548308712e-07,0.014017846434998408,0.20686386256948053,7.73217103069229e-06,5
0.08246246080497077,0.6275137179402024,0.0006131915430665494,1.4779442381723243e-07,0.020976672387069385,0.26842908641020863,4.723120058622193e-06,5
0.034829432023753444,0.28330714997759476,0.0001048454725910538,6.645865778535573e-08,0.02153660002421664,0.6602197821997318,2.123843454630547e-06,5
0.0218838245644666,0.24411743468650948,5.244677262397886e-05,4.9256564095830736e-08,0.008855641133563255,0.7250894021103998,1.2014758726820307e-06,5
0.02209493003783901,0.2842241281217549,6.037430336199721e-05,5.6356624790267465e-08,0.005543869647554527,0.68807491224368,1.7292891848869736e-06,5
0.00021442583936686193,0.002698128142068713,0.9735279067359172,0.0015191503985762904,3.652502815988497e-05,0.022001948815934747,1.9150399765332717e-06,2
0.000216533384909136,0.0007496890727155118,0.9483224736364796,0.001435495548372628,4.3227665505354666e-05,0.04923133461662262,1.2460753952493557e-06,2
0.0003598867655788656,0.00524415865894169,0.5415980489920862,5.113418501065737e-22,8.221447826339592e-05,0.4527129738305121,2.717274617888875e-06,5
0.0004000753335757006,0.005746166315612629,0.5954135276665333,0.002798052321662008,7.467653904315443e-05,0.39555922364594365,8.278177629384582e-06,5
0.0005393177152745356,0.007884161808416137,0.3591188258611914,0.00035451337252718313,4.1566276477928654e-05,0.6320382366829053,2.3378283207356257e-05,5
0.0008715540561402056,0.010748174077022821,0.6932999739375992,4.021314889489466e-91,0.00010186712384743447,0.29496713844829114,1.1292357099145496e-05,5
0.0007053175839932171,0.008629540206170643,0.7272424778898886,0.0010004841896801072,8.168346176549724e-05,0.2623330236055768,7.473062925133607e-06,5
0.0008391986836357617,0.007862039551072453,0.6449902835674811,0.008712847360906212,0.00012079322728249253,0.33744948315507844,2.535445454362791e-05,5
0.00016200431992642283,0.0022769592018385782,0.9756259981465593,7.905980286836935e-05,8.73967547038661e-06,0.021840834849238145,6.404004098975086e-06,2
0.00022903756797537826,0.003076047378715702,0.9414864144947084,9.304630142670185e-05,2.1786664805956204e-05,0.055080088321225504,1.3579271142596836e-05,2
0.00034925935642680033,0.03504970377066719,0.7240513540472919,5.603539281053661e-05,4.5784425257702764e-05,0.24042792580603276,1.993720151320394e-05,2
4.454488696235186e-05,0.001629527401013531,0.9952804106645352,4.0943679988663715e-05,2.2106192943196884e-06,0.003001011455399072,1.3512928068918262e-06,2
0.00021883548936037797,0.02110150357756754,0.9404946793944217,0.0006342656831165029,4.645545289766926e-05,0.037501856870301775,2.403532334505079e-06,2
4.989124728396721e-09,5.045118192498255e-08,9.190285950431467e-06,0.9999883187504878,9.585218470242451e-10,2.434529060690477e-06,3.5672653981658464e-11,2
0.00017074996114419842,0.0016061999689360744,0.9409219442175405,0.0032687388495891375,4.589353906445437e-05,0.05398304963206997,3.423831655637641e-06,2
0.000303794263231643,0.0037202084139294554,0.8131144689402757,0.00011006839432779658,3.0377082151786114e-05,0.18270374104441797,1.734186166569889e-05,2
6.851539438216e-39,2.3435938943745135e-38,2.58721038637183e-35,1.0,9.70323734524998e-40,2.8986073854992045e-37,2.278205783723464e-40,2
0.00032406873372107446,0.0012410191532448692,0.9917525109698136,0.00024656467412932556,4.0258634188333663e-05,0.006385024902523903,1.0552932378653888e-05,2
0.00014787125975127663,0.0013894245684602595,0.9898094625140499,5.4347810897749617e-05,2.0405270713674593e-05,0.008573356694491259,5.131881636007472e-06,2
0.00029805590887917746,0.0008670445881405814,0.714578031180463,0.00877076832828379,4.9705302815579794e-05,0.27543314384791723,3.250843500691747e-06,5
0.0005963074465159606,0.0021789499349410203,0.28875012897818186,0.016862794323733474,7.63146996975089e-05,0.6915290853352807,6.419281649559424e-06,5
0.00028726220577286504,0.0013007338263417187,0.43558243966626126,0.000869597050395643,7.296239447650014e-05,0.5618844239129542,2.580943797828101e-06,5
0.000633963429199062,0.0019456171089248528,0.400485089718472,0.00028244622015983616,0.0001610285762332945,0.5964876169615171,4.23798549383489e-06,5
0.00014415166396632934,0.00039647580991734557,0.08197253383506045,0.00012865438698477194,2.9435044395454e-05,0.9173264433220861,2.305937589536842e-06,5
0.00011731151674843277,0.0003243316572921711,0.0912082906984202,8.943198154033275e-05,1.8495135241919705e-05,0.9082398097052631,2.329305493955751e-06,5
8.273749713208377e-05,0.0002253032664054574,0.08775541678653083,6.094329315561388e-05,1.0281188126399104e-05,0.9118627767508446,2.5412178049796327e-06,5
0.0002548088499105608,0.0007794918069366731,0.13562528930888887,0.00018244535529799596,3.6063648235708875e-05,0.8631133199161001,8.581114629986048e-06,5
0.000245233890078605,0.0007928114661206611,0.1498619587011647,0.000232377992927159,3.85841128353652e-05,0.8488204799870526,8.553849820850478e-06,5
0.0003970518736626726,0.0017308026071692,0.13816783597017418,0.00018321640344038772,5.7048877227642e-05,0.8594491144120594,1.4929856266560513e-05,5
2.264804001596397e-05,1.229450295470927e-11,0.9944664015089514,7.81674730855497e-116,2.627977630573235e-06,0.005507459171897944,8.632892093436745e-07,2
0.7129892752766417,0.2700175460487733,1.9859128306222598e-05,2.5649020615355145e-07,1.7304546946750693e-05,1.384407209594125e-05,0.0169419144370299,0
0.7742060319470209,0.20994853258047627,2.4461000968909928e-05,2.8804417419851856e-07,1.9971078941118215e-05,1.5236270092403759e-05,0.015785479078326174,0
0.6707312993166624,0.3281116374638741,1.3075754502241564e-05,1.510774269795518e-93,2.9099854187128946e-06,8.43336831921156e-06,0.001132644111223293,1
0.6293375294759523,0.3695626014661384,1.320020619026419e-05,2.2187054356542485e-07,2.9947156864246683e-06,8.775638921684566e-06,0.0010746766265675777,1
0.6483052045040295,0.350538575220396,1.665389164298187e-05,2.499265184680068e-07,2.4114821201328775e-06,1.0698701920491542e-05,0.0011262062733724209,1
0.3229491434934307,0.6762300814320807,1.2086451316549475e-05,1.473702562912755e-07,8.897547768494458e-06,8.332788881627162e-06,0.0007913109162656065,1
0.5333851211704499,0.46657320045303124,1.359305460102345e-05,8.770034238640663e-08,7.924567066806578e-06,9.213226419791675e-06,1.0859828088620208e-05,0
0.405605008778531,0.5943383848657654,1.6248446957912858e-05,1.643371437797911e-07,1.4228319451948698e-06,9.944879232089875e-06,2.882586042461947e-05,0
0.2594200648448247,0.7405394368507557,1.8202854110539113e-05,1.841040599704477e-07,7.642057908764872e-07,1.1933192726398724e-05,9.413947731752395e-06,1
0.13629207618152545,0.8404635072793218,2.5648610547388585e-05,3.1326104199318923e-07,0.023180987281165365,1.4940127834399639e-05,2.2527258563468104e-05,0
0.11251777698333,0.46476096682408463,2.7923819574371965e-05,2.077780450665607e-07,0.4226164919428865,6.69930507642806e-05,9.639601315291138e-06,0
0.1768675874067087,0.2342296732470414,2.4705920780488506e-05,1.4432115400323068e-07,0.5888122636088918,6.33823007758271e-05,2.2431946477902374e-06,4
0.24267314651219693,0.37924075698702975,9.930624865042493e-05,4.1981739650717515e-07,0.3778453449451695,0.00013659762460879656,4.427864948145045e-06,1
0.19846667806124274,0.43592023346432207,7.733793078840502e-05,3.606697754131335e-07,0.3654200542430583,0.00011171436632689786,3.621264485965677e-06,1
0.02758128335943585,0.07721391792624617,6.796975446935427e-06,4.436931345723526e-08,0.8951677148441436,2.946287835783283e-05,7.79647056248237e-07,4
0.03676322417504261,0.10006492400943427,8.800096316632838e-06,6.261029791364393e-08,0.8631311677080462,3.081102183325172e-05,1.0103790292338007e-06,4
0.03107270938874675,0.08096418030724785,9.90843492953299e-06,6.109601160265523e-08,0.8879303915612713,2.1877098219065267e-05,8.721135738821617e-07,4
0.03960288419336242,0.08424238858097077,1.2320413079519811e-05,9.237951250128653e-08,0.8761165145035384,2.4887953540999968e-05,9.119759953548841e-07,4
0.024581191749684116,0.07150799441668575,8.980846570890453e-06,2.406480305429237e-08,0.9038810774620814,1.2332458530375847e-05,8.399001644543505e-06,4
0.013870819461811883,0.2517576616627991,1.5856664802669358e-05,4.067983665593149e-08,0.7343356420146319,1.5721137048545964e-05,4.258379069218043e-06,1
0.015671975889674054,0.3122972034682099,1.9216507682764423e-05,5.1743415286672834e-08,0.6719928751168049,1.6245366592667885e-05,2.431907620455917e-06,1
0.04664581171924555,0.9258182467829822,6.151655832391169e-05,1.7900682190792161e-07,0.02741418805030659,5.345079248191103e-05,6.6070898378570695e-06,1
0.026409634784153067,0.9582298294288039,3.537413614653917e-05,2.0057677732814082e-07,0.0152786593942239,4.3403097542709e-05,2.898582352814414e-06,1
0.01478103597095229,0.9644902696497275,0.0015473915878839249,1.9820789934019964e-07,0.009727365719965821,0.009440518153111538,1.3220710459284875e-05,1
0.016693080742231428,0.9605872974761615,0.0019770913333761347,2.0094837242179115e-07,0.010066153350916108,0.010662772645560835,1.3403503381533648e-05,1
0.015211215072994645,0.9573167236826189,0.0022796478821132914,1.9395750411685108e-07,0.008628200936181527,0.016551081264712993,1.293720387467106e-05,1
0.14024097725192533,0.7077103438457495,0.0035070464851183598,3.010169678974685e-07,0.013560250607895827,0.13495980308122243,2.1277711120667312e-05,1
0.05530333997113891,0.523271623718261,0.0009210024201739286,2.1285099709065168e-07,0.32688923631141387,0.09360757777529939,7.006952715962821e-06,1
0.05857226658692275,0.5716171056904004,0.0008992410371721801,1.9231824364441607e-07,0.3538938489825878,0.015011014360350856,6.331024322425526e-06,1
0.10556190476533227,0.7867044917585668,0.0007161432780929791,1.490087138062173e-07,0.104041251913255,0.002973094404977627,2.964871061522321e-06,1
0.12502208804545126,0.8046953060442671,0.0006910120443089458,1.9941500147607404e-07,0.06698566879213042,0.0026030121578408906,2.713501000000786e-06,1
0.14064603311243307,0.664595848097308,0.0003441461407894565,1.3557310216021469e-07,0.19386919445608106,0.0005405618606816726,4.080759604598819e-06,1
0.1309702232869457,0.1652844399598567,7.801160325239599e-05,8.782722950841582e-08,0.7035566126003157,0.00010764141886736992,2.9833035326811885e-06,4
0.06973486025475172,0.9207888018729538,2.1990013123908113e-05,1.5854606680157014e-07,0.009437269477885556,1.1558915644274073e-05,5.3609195743652565e-06,1
0.14803045767597753,0.8478014880532306,3.080777751179067e-05,1.8516998201524778e-07,0.004112924730922271,1.8553022569303055e-05,5.5835698064777394e-06,1
0.36211289618571013,0.6378139188648307,2.0386737960096166e-05,1.5942965281795478e-07,2.7895480156312025e-05,1.393786831910993e-05,1.080543337073558e-05,1
0.4300307205751798,0.5670980555577335,2.6154081074161637e-05,2.3277620345583754e-07,0.0028186759247022758,2.0059125866671227e-05,6.101959240092976e-06,1
0.4001831767400643,0.5997578751920657,2.1114701372352213e-05,1.9852260068295246e-07,1.5369472239717892e-05,1.3491613275642765e-05,8.773758381686123e-06,1
0.3379154672410051,0.6620185369629136,2.2432705017915926e-05,2.1091460693550274e-07,1.8465806814245242e-05,1.8646730491778274e-05,6.2396391504402465e-06,1
0.3941247941066354,0.6058177266289496,2.360837121720488e-05,2.1011891054915136e-07,1.668327058129034e-05,1.2346848009568231e-05,4.6306556963952796e-06,0
0.34409995742178334,0.6558383744996374,3.008886254825705e-05,1.641614625512356e-07,1.3295025726978144e-05,1.386039358053378e-05,4.259635260849337e-06,1
0.29101146684570256,0.708928145353031,2.5797831121726123e-05,1.7400777863431843e-07,1.4092454207488227e-05,1.5560929156667053e-05,4.762579001858957e-06,1
0.3221460118439868,0.677797367258365,1.9890494711423896e-05,2.0610772684598246e-07,1.6033209984738782e-05,1.5922057000896405e-05,4.5690282242142025e-06,1
0.5308492124741736,0.4685761945736929,1.15696551936149e-05,1.4295769684639512e-07,0.0005472850228456026,1.2405461939415582e-05,3.1898544578921455e-06,0
0.2803906102103251,0.7168313494680302,1.8644280542364824e-05,1.8362503283294723e-07,0.002727778391384096,1.2509902867180364e-05,1.892412181845503e-05,1
0.21416795007629894,0.7780373108585719,1.8195158248240227e-05,1.858338983421317e-07,0.007743812398128787,1.6779791382087062e-05,1.5765883471752494e-05,1
0.33779384217013797,0.6454143846710125,0.00020951036988966845,2.3605121972808345e-07,0.016138762688996694,0.00042300178461405553,2.0262264129528142e-05,1
0.29494288267460816,0.7026251830100625,1.750473495033773e-05,1.7443557476168295e-07,0.002390905011250023,1.6307048030339236e-05,7.0430855238967306e-06,1
0.23828328566973184,0.7511504312025514,8.847086723744352e-05,1.8681279829210405e-07,0.010315258420807272,0.0001575802928091024,4.786734064550083e-06,1
0.12209377549742342,0.8403425269933059,0.00013233440144880493,1.8300746464496996e-07,0.03717619193977754,0.000250298931184795,4.689229394836641e-06,1
0.12355866513352357,0.845580167214802,0.0001990558331043364,1.8835625884343264e-07,0.03009106050812818,0.0005639136280107276,6.9493261724002715e-06,1
0.17008185364965817,0.801831896976165,0.00016614155379813365,2.183137334247451e-07,0.026695148261254152,0.0012156311861548099,9.110059236450507e-06,1
0.21040907178734977,0.7443151104817753,0.000527767673805238,3.077259970276492e-07,0.04149014034856595,0.003252010336603196,5.591645903452355e-06,1
0.3823897594539396,0.6039712719100123,0.0003446874322538571,2.677322216727438e-07,0.00589029526706142,0.007397085842302423,6.632362208557371e-06,1
0.3931996488975654,0.5922670811101786,0.0003141805468532145,2.5049117684412005e-07,0.005971993681061358,0.008238168422932544,8.676850232078967e-06,1
0.22219018477877697,0.7710074770441958,0.0003136177703526181,2.0584857124228735e-07,0.004424020426280728,0.002041950539446977,2.254359237574398e-05,1
0.18512653974901355,0.8065950568844938,0.00034239635005052195,2.1534997386445188e-07,0.0042179291600303054,0.0036942783639801464,2.358414245787105e-05,1
0.13579830461525244,0.8554430301439344,0.0003607022978105295,2.1657334296028513e-07,0.004654513204837712,0.0037195150445856915,2.371812023607524e-05,1
0.2009311170401926,0.7889265712655997,0.00040377855922572723,1.8543448310269986e-07,0.004667496731684761,0.005049006484271259,2.1844484542894536e-05,1
0.5692095093530579,0.39607679230085135,0.0011730977736821794,2.779188917190824e-07,0.01226574302450662,0.021269671404389644,4.9082246205888774e-06,1
0.24749631499475347,0.7244716797226911,0.0003400606982468084,1.7682914017554811e-07,0.006321722652691338,0.021356871296045778,1.3173806431136445e-05,1
0.2747494389411753,0.7048492853957589,0.0002896040604516097,1.657918585885621e-07,0.0072919171199782576,0.012807237164039515,1.2351526737820342e-05,1
0.16365410877380085,0.8327431123175928,3.041855631635808e-05,2.7189962777640116e-07,0.0035401989746048318,2.6461924361098718e-05,5.427553696526307e-06,1
0.17511461327963262,0.8227846867058667,2.689672006804102e-05,2.473606514024601e-07,0.0020451303547768776,2.348786272694512e-05,4.9377162774148605e-06,1
0.29037456038925646,0.6923075897052717,0.0013636548711742334,8.975180077817396e-08,0.008247394241792603,0.007701967548967514,4.743491736621316e-06,0
0.1621040131932194,0.8076770676982988,0.00047629681953764567,2.29748836569006e-07,0.008014418598692168,0.021721016136547235,6.957804868173846e-06,1
0.14236332163801793,0.8331624835392057,0.0003895801830677,1.9479109042809042e-07,0.006085115191044496,0.017993721268147075,5.583389426572718e-06,1
0.1485104932907701,0.8295224111733769,0.00046998877041628276,1.6068444089934059e-07,0.007481081244056403,0.01401243441513488,3.430421804630976e-06,1
0.14459688577367558,0.8173177896155218,0.007340500247453091,1.7478319799386636e-07,0.02756439657153357,0.003177449233210235,2.803775407771347e-06,1
0.07382476176622499,0.8986557298629935,0.005179583128155379,2.0698158907025507e-07,0.01628084053636118,0.006055557440484328,3.320284191830511e-06,1
0.012525357252648455,0.9165967611529339,0.0016991321948410594,2.649956980649004e-07,0.011484561316550729,0.05767945353820698,1.4469549121194426e-05,1
0.027099552858084512,0.5928009011909853,0.35005582767996934,2.6126533766216577e-07,0.003414708210136912,0.026535423039016324,9.332575647002692e-05,1
0.018334488275248247,0.9339300469380862,0.026719359437575283,1.1001947099253612e-07,0.008136289895834137,0.012795920509429189,8.378492435579492e-05,1
0.10143273608540801,0.7896161448337317,0.0005777793383413989,1.8449640619196422e-07,0.03917600341472388,0.06919125581275488,5.8960186340086495e-06,5
0.01758594961240758,0.22809021909330607,5.9577698973002195e-05,4.54043788127314e-08,0.00816307211107211,0.7461000285672565,1.1075126058626055e-06,5
0.019960105516557976,0.28698332097748824,0.0001244158628415139,5.50945785835466e-08,0.014994278991717047,0.6779361936541062,1.6299027103989455e-06,5
0.0003558327344554185,0.005641010026748174,0.3803352694193087,0.0006371242932476098,5.5541416078005135e-05,0.6129505386893551,2.4683420806944622e-05,5
0.0002970116215437663,0.004194877831697444,0.7389049940768243,0.001229754780081305,5.5439058824872344e-05,0.2553152540923652,2.668538662939772e-06,5
0.000385148118808033,0.0048479966767298955,0.3617790141986813,0.00024321863314253543,3.45308995630716e-05,0.6326883611319897,2.1730341085550182e-05,5
0.0005692357679923431,0.004651105726658794,0.3935669652960876,0.0020664273296496657,7.09961822317795e-05,0.5990603676245098,1.4902072870004976e-05,5
0.0004079315637026189,0.005640259503830301,0.7427400582226628,0.0003583572315242773,5.116616445679046e-05,0.25078867021106555,1.3557102757646053e-05,2
0.00019471530509849254,0.019237427612716813,0.9623021629329505,7.20340155255344e-05,8.455710889475856e-06,0.018178473410103212,6.731012716108142e-06,2
0.0003250093829315459,0.030285978733685708,0.7815604331688673,6.317215139914552e-05,3.636214914226344e-05,0.18771049150353103,1.8552910443063142e-05,2
0.00012566166455592052,0.007037902965918825,0.9635702672872216,0.00012330988466319027,7.401220898584351e-06,0.029131629901958014,3.827074783905042e-06,2
0.00015249448285326413,0.01457320741882824,0.9577498095099253,0.0010152374471806658,4.0338254075385716e-05,0.026467237996919628,1.6748902174996751e-06,2
1.885308527454855e-64,1.563627820179514e-63,2.481749796063214e-61,1.0,4.385630360252176e-65,5.155760488713135e-62,1.2310233677966672e-66,2
0.000408695216544466,0.003340914980379077,0.6795595725645587,0.0037042293005117924,2.9053117341942255e-05,0.31293519714895424,2.2337671709734824e-05,2
0.00030308367720098295,0.002973484524089234,0.9089697452902705,9.99513205143174e-05,1.917345334024831e-05,0.08762369123289158,1.0870501693277934e-05,2
0.00055429570181633,0.002651542702074503,0.6186457938525264,0.00011953558602996769,7.672333545454763e-05,0.3779204672786389,3.1641543459498226e-05,2
0.00027702844894453315,0.003975584947392154,0.8620878861720193,6.245489195409088e-05,2.9569029207710304e-05,0.13355166255472137,1.5813955760566897e-05,2
0.0003044557401668927,0.00365492289179528,0.8179462499901768,0.0001553271508170136,2.5939489784527948e-05,0.17789572511569227,1.7379621567364345e-05,2
0.00026333550679073304,0.0007767387010091551,0.9649784951490696,1.4566325315701615e-05,4.120653697898009e-05,0.03391810711002483,7.55067081087951e-06,2
0.00041250031932243503,0.0013742243373751995,0.8911233944742916,8.886215934361267e-07,2.9522810000744785e-05,0.10704773763221069,1.1731805206146812e-05,2
0.0005210052824161277,0.0045643608710270065,0.8915935318415708,2.5901090664244564e-09,2.710551904271881e-05,0.10327917613158447,1.4817764249781719e-05,2
0.000426315315866696,0.0046848491819385715,0.9409168774363269,3.706689043082919e-06,6.033563077097512e-05,0.05390520854276403,2.707203289962525e-06,2
0.0002645098544934684,0.0007668991029022129,0.3423049608964466,0.002495792635701647,4.368987068073386e-05,0.6541213111321535,2.836507621778818e-06,5
0.0003307264957787878,0.0036917155219946484,0.36347800720152473,0.3028787498401084,4.655929920552679e-05,0.329553457853635,2.078378775306263e-05,5
9.486869738597742e-05,0.0003198110146079885,0.05700198843484796,3.0686160420232786e-05,2.5244141517946817e-05,0.9425267378049116,6.637463083233966e-07,5
0.0002528444139823146,0.0008409927706649082,0.1833572313190629,0.00029298603406849636,5.0255190102767776e-05,0.8151966165816282,9.073690490235338e-06,5
0.0002788447156738697,0.017630204217899004,0.6802285925863677,0.00095554911177791,9.83827624399228e-05,0.3008051138397397,3.3127661018806818e-06,5
5.4011788299076855e-05,0.0007612611029679276,0.9756063288715259,1.3964173145095748e-05,6.943517536300619e-06,0.023555507989087624,1.9825574384521155e-06,2
1.8375919964615432e-05,0.00027046861585132106,0.9959045166338084,1.3694354340963724e-73,2.1322598588740624e-06,0.003803806124323357,7.004461934027667e-07,2
2.4731281960564737e-05,0.0003942042449777103,0.9285065920060322,0.06676082271406493,4.025026919084607e-06,0.004308455194594789,1.1695314507916346e-06,2
0.8746207669162156,0.062466191684143677,2.0086541117687703e-05,2.4153088860784314e-07,2.409005123431954e-05,1.2695820095036903e-05,0.0628559274563051,0
0.8795733489791898,0.035985911123159645,2.07351499878531e-05,2.390316526214791e-07,2.228360409044366e-05,1.2378777650632078e-05,0.08438510333426893,0
0.7766328554176118,0.20762173963744684,2.4794273330032385e-05,2.9196867271616804e-07,2.0243177725682633e-05,1.5443858805345182e-05,0.015684631666407645,0
0.6305040465583887,0.36890436787730885,1.3224673610831732e-05,2.2228179470974166e-07,7.40726966041639e-06,8.791905125799175e-06,0.000561939434110779,1
0.5867812864177391,0.412093501777288,1.5647111161695176e-05,2.3299667634947666e-07,2.265700390458616e-06,1.005193151393648e-05,0.00109701406523057,1
0.40583022344767355,0.592141860417827,1.5423546117368583e-05,1.747467495938201e-07,1.316018265211889e-05,9.880743976164708e-06,0.0019892769150040386,1
0.43586234806514196,0.5600243729122663,1.7741433004758383e-05,2.1913586378234098e-07,1.7457762166986877e-05,1.1525122852279006e-05,0.00406633556870387,1
0.3723333657498651,0.6274779882310743,1.437782748515216e-05,8.743248014643594e-08,1.3593499337916396e-05,8.077542766547363e-06,0.00015250971699091987,1
0.24412550665997623,0.7557503252432938,2.279274491039275e-05,2.767699466767448e-07,6.800613693784647e-07,1.4032606608765601e-05,8.638591389484776e-05,1
0.19479651242011814,0.7869626941496036,2.119379213436633e-05,2.9035773743624146e-07,0.018184626374813898,1.3802671697107709e-05,2.0880233895384936e-05,0
0.09034771005275562,0.48577698186017665,3.2537426986456274e-05,2.0833909100784044e-07,0.42375764844691677,6.993177306874413e-05,1.4982101004802166e-05,0
0.1551185094106958,0.35576588768556333,4.833403404527835e-05,2.3245908198912583e-07,0.48896834278137835,9.508050008486637e-05,3.613129150398604e-06,4
0.02453503658221404,0.06588771236485039,7.89274566378773e-06,5.702594469097384e-08,0.9095527732411828,1.5943806926231244e-05,5.84233218184946e-07,4
0.026241661509729165,0.05281493100254166,7.997501679718069e-06,1.962194479254154e-08,0.92092097843131,1.2039828226205952e-05,2.3721045685021315e-06,4
0.012063070927444255,0.2079866544877098,1.3511389151680127e-05,2.9950528238098675e-08,0.779912912971035,1.3367060142032265e-05,1.0453213988878598e-05,1
0.0181581174355224,0.9516805936530984,0.002244726963025157,1.9515100954975702e-07,0.010300652958876496,0.01760425176958063,1.1462068887047598e-05,1
0.02581018705740829,0.9324134257907354,0.0021240244184364946,2.0702790268451753e-07,0.015597688232303848,0.02404732036718028,7.147106033194666e-06,1
0.012378566763314943,0.9091298031291509,0.0019834409407039166,2.018581363199485e-07,0.017421182985589787,0.05907983568996207,6.9686331418824105e-06,1
0.009657341466092862,0.8852232763635539,0.0026378773476055063,2.2733722578498436e-07,0.005927894409967103,0.09654003056998219,1.3352505572733936e-05,1
0.06662798727542651,0.45729369181923996,0.0007718234565720485,1.5389239787249915e-07,0.4634064320997056,0.011897064798782928,2.8466578749984956e-06,1
0.057298768625705494,0.575369716119969,0.0006113500981192591,1.2223472706039355e-07,0.36370871607860544,0.0030090657796036507,2.2610632701496307e-06,1
0.07662896325751706,0.8487508300770701,0.0008617044688079985,1.473531816693278e-07,0.0697344934733362,0.004020929439645151,2.931930442153798e-06,1
0.05684159144679043,0.8358377699321337,0.0010778081108508974,1.5462180899414633e-07,0.10303230379635611,0.0032075763904877235,2.7957015719826116e-06,1
0.15365131203080967,0.8088142992424765,0.000247230584099645,2.9786221373539366e-07,0.03686252221817767,0.000419718893235765,4.619168987002307e-06,1
0.1646276668386736,0.6568403715179252,0.0002486852311620163,1.4247408575397656e-07,0.17803117432011822,0.0002476706358681707,4.288982166931156e-06,4
0.11984297019808565,0.19247163099465556,0.0002190385485008472,9.712474874230496e-08,0.6873205723020731,0.00014239344008796666,3.297391848094386e-06,4
0.07472734434233533,0.788142034836513,5.52932030917235e-05,1.2968779537955685e-07,0.13699181919841538,7.569558723824279e-05,7.683144611053632e-06,4
0.06757253980374164,0.8634670217416722,7.658352921338779e-05,1.2113898228628183e-07,0.06882429003113326,5.226707131222186e-05,7.176683944833885e-06,1
0.05912703966044384,0.9155419135387969,1.974629182082993e-05,1.4537611291736246e-07,0.025295896182331166,1.0598750633198386e-05,4.660199861308981e-06,1
0.07925268216720875,0.9144008317500875,2.0860218989741675e-05,1.5872276452145958e-07,0.006308833620834821,1.1545477860821748e-05,5.088042253750086e-06,1
0.07468606298352293,0.9195527793779493,2.1969366404829504e-05,1.5839720576707117e-07,0.005722430472076954,1.1521796749907885e-05,5.077606090396956e-06,1
0.25236444422365645,0.7459617303363185,2.796869425529294e-05,2.4548620068639896e-07,0.001620803564864209,1.927858485791184e-05,5.529109846956881e-06,1
0.28843622206835906,0.711481586518052,2.3272162279918666e-05,1.7855398485443469e-07,3.322422157051919e-05,1.7572318434728358e-05,7.944157318822796e-06,1
0.4200041130782364,0.5799367234291798,1.9572267701408074e-05,1.5944654000816755e-07,1.7477196020486988e-05,1.4869953763692132e-05,7.084628558182462e-06,1
0.34118122877126017,0.6568265607252398,2.2313442901064332e-05,1.9859380682541756e-07,0.0019489865556471927,1.544104002556197e-05,5.270871119488658e-06,1
0.5090955776616563,0.4884569711789578,2.24566477226101e-05,2.7362884699853643e-07,0.0023979489782122946,1.941254199829431e-05,7.359362605658646e-06,1
0.42054360923338757,0.5793984411556616,1.6758505959955882e-05,2.2680003587428048e-07,1.7818333134249923e-05,1.7125115535594864e-05,6.020856285265799e-06,1
0.39000385046075303,0.6099405290203939,2.0754322598829236e-05,1.8094120385117356e-07,1.4954662730022996e-05,1.5042607885850068e-05,4.687984434650725e-06,1
0.2760803270291788,0.7238472831628491,2.1666838606518736e-05,1.8075481139741702e-07,2.9900683283207e-05,1.5952225898997512e-05,4.689305372101634e-06,1
0.24048962717199587,0.7582142486552698,1.6839549210128567e-05,1.6552907622174897e-07,0.0012591873952495574,1.3748362346816144e-05,6.1833368516493716e-06,1
0.4871743385494906,0.512331844022723,1.2994418039354909e-05,1.5779824793414374e-07,0.00046431684075224657,1.3008520596793005e-05,3.3398501500379473e-06,0
0.40539146583041774,0.5941087021502318,1.7254603835334606e-05,2.0045397192708204e-07,0.0004583274342761553,1.4862092760144881e-05,9.187434506892365e-06,0
0.2796149577529307,0.717516389214879,1.940855663826588e-05,1.9115228618468576e-07,0.0028134514907293363,1.7260012909393055e-05,1.834181962705976e-05,1
0.22354381861406947,0.7716248656706354,1.804519698889661e-05,1.843022883916211e-07,0.004784139255225648,1.6641495324814556e-05,1.2305465467480318e-05,1
0.2129285213518201,0.7851654926504674,2.576395956077759e-05,1.9610110855470262e-07,0.0018552517942516647,1.8860958500713328e-05,5.913184290597848e-06,1
0.2376006779336833,0.7602128084085119,2.2184085648991737e-05,2.3499811507903785e-07,0.0021377275923837886,2.012507664425661e-05,6.241905012729127e-06,1
0.14431805905011197,0.8157095553622076,0.00016824964692743952,1.8170246430559346e-07,0.03932333001651,0.0004725013515942058,8.122870184529014e-06,1
0.14302521995812836,0.8303364892562349,0.00015361879114038227,1.8566806558174772e-07,0.025911091450019186,0.0005666806577322875,6.714218679082865e-06,1
0.3694200802265425,0.6172990322547459,0.00036912170528488776,2.552130911890789e-07,0.008170715422403201,0.0047360998665767,4.695311355713503e-06,1
0.20083536024986695,0.7935747655469101,0.00032582434800691794,1.8036611014522996e-07,0.0034025815733653244,0.0018400404937982508,2.124742194226832e-05,1
0.20068196328182045,0.7929686374089085,0.00032288141402293097,1.802283474803277e-07,0.004166471392859903,0.0018386350807650066,2.123119327565954e-05,1
0.10839683607688567,0.8820566363960304,0.0004482891142503681,2.0047654152018658e-07,0.004809225067538788,0.0042651964051960345,2.361646355724066e-05,1
0.5354311415717061,0.3086579668644642,0.0016324056502562013,2.782191384874305e-07,0.03269569937478431,0.12157759479248076,4.9135271697302595e-06,1
0.3215886482705772,0.5972790563050694,0.0006923832054768359,2.165391804967698e-07,0.07049374628749518,0.009939143606985062,6.805785215841514e-06,1
0.28746988410958024,0.7118714687228395,2.088769622239933e-05,1.6196831890544373e-07,0.000600809928963788,1.9231176413688815e-05,1.7556397661327433e-05,1
0.1686595611586752,0.8279512219873293,1.7251657160838216e-05,1.695038490222733e-07,0.003346079596323861,2.012590144403266e-05,5.590195217738871e-06,1
0.11662016579573693,0.8803598718637736,2.579565006579731e-05,1.924582152124693e-07,0.0029721397652434744,1.7992691579196457e-05,3.84177538581373e-06,1
0.18352052435402175,0.8134502459640855,2.591339237728253e-05,2.566746272732263e-07,0.002976701339888115,2.12346367903101e-05,5.1236382096372385e-06,1
0.09235254398673719,0.9058279056019654,1.4985373138225948e-05,1.8794582192677618e-08,0.0017829373976277149,1.2303436150620195e-05,9.305409798642377e-06,1
0.22844991903688772,0.7543643679775356,0.0002964493589388976,1.8207813572927553e-07,0.00818747572107445,0.008698193261920228,3.412565507369388e-06,1
0.152855096024194,0.8301905348772408,0.0047446214867466535,1.4821753178547036e-07,0.008731754059555704,0.0034751156081084295,2.7297266228040135e-06,1
0.15206758259611977,0.8220392346608392,0.007931547243509779,1.8302291370780793e-07,0.014575136441414737,0.0033833800828318734,2.9359523707228322e-06,1
0.09953900365824367,0.8721503013512373,0.005439415722076912,1.9295893662413663e-07,0.017663285436220092,0.0052047055327295805,3.095340555763551e-06,1
0.07774417548511471,0.8478292301741871,0.02193704592177663,2.2381715754985905e-07,0.04568225134135225,0.006792241787992741,1.4831472418929833e-05,1
0.08839097011119974,0.8427045128638279,0.015271840632044429,2.017666179743367e-07,0.045063889988564046,0.008554864190389573,1.3720447356314686e-05,1
0.06496571611393101,0.8819388863793884,0.0159914817948885,2.129507469774205e-07,0.025331796541659644,0.011757794820755736,1.4111398629850511e-05,1
0.09855801597701214,0.8185179952425489,0.03585049153252788,2.282607559853141e-07,0.03348963916856999,0.013569708799351434,1.3921019233839484e-05,0
0.21333911609536055,0.752158316394918,0.0007271075717487007,2.3454817825731794e-07,0.028013163524801474,0.005758414352389906,3.64751260313307e-06,0
0.022732970578625687,0.8507154028624677,0.0019444247021884365,3.0325137906015564e-07,0.015429223029345955,0.10916111715350756,1.6558422485433045e-05,1
0.0004728113689471027,0.06523897444383149,0.3936348409121472,6.339533701824247e-05,5.0630225558239446e-05,0.5405144105290538,2.493718344395982e-05,5
0.0004562257638716248,0.006636358310970465,0.4899677492208781,0.00015299318320079392,3.5316838701804274e-05,0.5027219491477741,2.9407534603122714e-05,5
0.00036308193773315666,0.005195266587482597,0.3674953345874392,0.00010275439782854745,4.139369596508097e-05,0.6267788875754758,2.3281218075540417e-05,5
0.0003546783355686788,0.005510889168257406,0.4109139970856786,0.000322745707112305,4.237609419314944e-05,0.5828303139003626,2.499970882726116e-05,5
0.00014934650289784093,0.006935841131518672,0.9822995220384815,7.098453072607104e-05,1.1847708761785045e-05,0.010523638419203007,8.819668411205535e-06,2
0.00010145292169911245,0.007535246240423257,0.966457559108964,9.99446645323769e-05,9.82741474733215e-06,0.025790018005817296,5.95164381656484e-06,2
0.00021683589602640972,0.013854049888115888,0.916268387958273,0.00016398555683237712,4.0322013093580654e-05,0.06944671559293814,9.703094720557522e-06,2
0.0002698517304793543,0.0027511413079043005,0.7815515911814165,0.00011687071690271933,1.7939080735560292e-05,0.21527710708740228,1.5498895159357263e-05,2
0.00025426952346118797,0.002489746382884807,0.9106197814561137,0.00010652196835028329,1.6903213856957907e-05,0.0864957506757831,1.702677954991135e-05,2
0.0004067043059433901,0.005074802181060705,0.8519137781905687,4.641438952972653e-09,4.1856662996719855e-05,0.14253963761575422,2.321640223711673e-05,2
0.0003387817701558291,0.0009992762285776246,0.9485886829470672,0.0007502349930293392,4.7045406535927576e-05,0.049266302927513494,9.675727120529644e-06,2
0.0008226035482708469,0.008820933143951349,0.6916013380263317,0.0032557581282466864,0.00010484520715563798,0.29538892185285515,5.600093188605323e-06,5
0.00021568652419257748,0.00241700935851229,0.23704574321792155,0.0933658937989148,2.7433392103206416e-05,0.6669160395844455,1.2194123910203682e-05,5
0.00018779540070381682,0.0005014388576610688,0.06942851663813687,0.0002803711346089579,3.2125241732616395e-05,0.9295639729207508,5.7798064059386704e-06,5
0.0004053987259055205,0.029518563938615586,0.7739121613382705,3.990986055019483e-42,0.00011634234353142724,0.19603882603304013,8.707620636816899e-06,5
0.0002026373371074774,0.012667296892718139,0.8510327792775855,0.0003818720312832939,8.628670139715208e-05,0.13562454364359386,4.584116314553589e-06,2
0.00019057596758666326,0.0029625185705534325,0.8485848056284802,0.0005217240336492835,7.126113703213475e-05,0.1476637633268937,5.351335804529029e-06,2
0.0004358554712023072,0.00167624566462695,0.6595167444180617,0.001207827429445717,0.00013098367272307697,0.33702922413998987,3.1192039502908096e-06,2
0.00041171370440757786,0.03091561799779703,0.6777583600563699,0.0004350302354377293,0.00019458238389894792,0.2902803156455854,4.3799765034254015e-06,2
0.00011693530508088623,0.0019198058769703131,0.9484062837546847,6.048613395533949e-08,3.603619632565983e-05,0.049516155932519394,4.722448285304463e-06,2
8.611001716050689e-05,0.0014511598386532534,0.9722620071656883,1.536068994211066e-05,9.991822634831992e-06,0.02617210107518399,3.269390736973995e-06,2
7.136780546306363e-05,0.0009369899297514712,0.9907155196352736,2.677413043642039e-09,9.98435969551355e-06,0.008262995852786987,3.139739616172954e-06,2
9.52006730216974e-05,0.0013660604412567875,0.9892822936841735,4.818778282868123e-05,1.4148545453275916e-05,0.009190005176240298,4.103697026028262e-06,2
3.4503701960318667e-05,0.0004538265387153219,0.993691751473803,1.4165037435036073e-05,5.4554998048053185e-06,0.005799763376525401,5.343717562992778e-07,2
3.1293920944735186e-05,0.000499831334534774,0.990867083519663,3.3184531395774825e-09,5.253725431294466e-06,0.008595945678496692,5.885024762371829e-07,2
0.4125851080119353,0.5856198997469833,1.5848267099115728e-05,1.795587824739261e-07,1.3522576984359085e-05,9.585273027074135e-06,0.0017558565651884458,1
0.328464925008213,0.6695408531800572,1.3114765485967547e-05,1.6198891387744864e-07,1.2831540531596467e-05,8.647351833653771e-06,0.0019594661649648014,1
0.42471904175518543,0.5735015660651864,1.565224398654844e-05,1.7117343478071808e-07,1.5150572920836948e-05,1.0116870569514844e-05,0.0017383013187163546,1
0.3168877432753616,0.6830328477504528,1.442522775057754e-05,1.4541260284354645e-07,3.3042146504313147e-43,8.89756299076603e-06,5.594077084135717e-05,1
0.267061991360812,0.7328461268491718,1.2824056467908436e-05,1.2927209623685302e-07,3.0507562354014765e-108,7.822914257760734e-06,7.110554719433195e-05,1
0.24666344220785055,0.7532500075516205,1.4048779331336246e-05,1.4161783818369396e-07,3.2692494366967764e-08,8.542078709081278e-06,6.378507215602142e-05,1
0.17261474223775358,0.8272573255016054,1.786062338286692e-05,1.8004289286919612e-07,6.761324115261968e-108,1.0859794088259436e-05,9.903180027698083e-05,1
0.1540538883634922,0.5159259879724267,4.63649303916075e-05,2.404268449439837e-07,0.32988385631425676,8.366259034934914e-05,5.999402238489036e-06,0
0.2702904780451083,0.33908377937530576,3.1849927422711e-05,1.649874183247738e-07,0.39054142657439717,4.951471958532189e-05,2.786370762354829e-06,4
0.2028505648684875,0.22859498766978845,3.6307580592440935e-05,1.8215571513787638e-07,0.5684427241433357,7.177596121789873e-05,3.457620862788297e-06,4
0.011750551039525402,0.06263418766732819,8.997792857227214e-06,1.9923592062411306e-08,0.9255916100899115,1.2224915961011772e-05,2.4085708247524458e-06,4
0.012285359629474753,0.23853510963349492,1.7221473012347176e-05,3.43894272377182e-08,0.7491466166188979,1.2254023909942744e-05,3.4042317827276325e-06,1
0.0192807674606255,0.9252707030181396,4.456737673089077e-05,1.8806183344516747e-07,0.05535212148554214,4.650296674939834e-05,5.149630378795328e-06,1
0.022916906675839465,0.9284445832822009,0.0018131959202764203,1.98662080307933e-07,0.02998800014736433,0.016833478498874566,3.636813364096323e-06,1
0.0396523528077735,0.932795988472811,0.0019492244604746552,1.765754724311275e-07,0.022066008762569745,0.003530153106721178,6.095814177520952e-06,1
0.03539954857179223,0.9021896937209821,0.0018981384280344008,2.0031719294072185e-07,0.027070023786345813,0.033436687838697216,5.7073369552524996e-06,1
0.06115760238832467,0.8881322997751026,0.0020737277906716462,1.971959671997289e-07,0.013647922231296556,0.0349814738143543,6.776804283146054e-06,1
0.05336444501930216,0.8120738350261905,0.0012885539717501055,3.2493332013057967e-07,0.10779833202200069,0.025467193834908617,7.31519252787767e-06,1
0.11502169702841473,0.796382870061855,0.0009353959572964584,1.7512537491286642e-07,0.08287760858318065,0.004778768721779258,3.484522099107874e-06,1
0.06550679454366315,0.8134093947937209,0.0008517016469718062,1.5650988815543516e-07,0.11831761133065664,0.0019115113353556446,2.829839743781149e-06,1
0.1277400251999948,0.17924085628438663,0.00024424098516694976,9.30214155753755e-08,0.6926083547711133,0.0001613989825526165,5.030755370240711e-06,4
0.11499154530377244,0.8826677972455635,3.338862193724079e-05,1.8576406315132308e-07,0.002282550128055002,1.7575476340487437e-05,6.957460268439481e-06,1
0.30308986599452586,0.6966303619553563,3.3892265135882955e-05,1.856770543214392e-07,0.00022369442456627767,1.6400823422001335e-05,5.59885993929375e-06,1
0.21369387357846417,0.7862181882479481,2.940114942259714e-05,1.8255236148774803e-07,3.517002492076513e-05,1.7965817059135083e-05,5.218629823620327e-06,1
0.2117762814241328,0.7881542652323276,2.6496290969272963e-05,1.746554442352525e-07,2.0600871581081494e-05,1.718864513140308e-05,4.992880413682943e-06,1
0.47666563465234196,0.5209653052028703,2.462790009131858e-05,2.191929078330494e-07,0.002319578556374066,1.8888606575882102e-05,5.7458888385404755e-06,1
0.3071831774638642,0.6926867200819727,2.697114519756436e-05,2.029065941158521e-07,7.516448427704545e-05,1.5225323189231583e-05,1.2538594905179956e-05,1
0.21573856316111018,0.7841773799381352,2.3654695614151883e-05,2.1517272342281814e-07,1.9112962304315232e-05,1.7827103391779727e-05,2.3246966721046188e-05,1
0.27284159442921135,0.727100404482606,2.490669715644916e-05,2.01952474996012e-07,1.3423611869967143e-05,1.429416627085851e-05,5.174660410429003e-06,0
0.3144186173072106,0.6855195547322537,2.3236920859271305e-05,1.7676084484815208e-07,1.8285362781659482e-05,1.5599744788622903e-05,4.529171261544471e-06,1
0.3061979419786951,0.6937328851373997,2.098853615072331e-05,1.7509609788160124e-07,2.8459388630288767e-05,1.5007361136258785e-05,4.54250189017076e-06,1
0.49568934007251936,0.5038338241216934,1.456014830214667e-05,1.529706225448705e-07,0.0004417445131073273,1.455385415193923e-05,5.8243196032747745e-06,0
0.41274165576918,0.5868312381702095,1.9379932965677206e-05,2.2504129704931672e-07,0.0003811607754144286,1.6021217746983443e-05,1.0319093186335725e-05,0
0.2629500985036267,0.7331739260918603,1.8853398423392376e-05,1.9255674934046043e-07,0.0038329080628898195,1.3921979152477409e-05,1.0099407297850365e-05,1
0.27775544430715804,0.7040113180640395,0.00010795008313945967,2.614476858796299e-07,0.01797457767897384,0.00014197220448540615,8.476214518055807e-06,1
0.41800124496545976,0.5787031503969049,7.86210158271363e-05,2.6328356494606796e-07,0.003017261000833797,0.0001940485771210886,5.410760288342333e-06,1
0.14764191725118306,0.8404266825604538,1.8942185869689942e-05,1.8655906267587338e-07,0.0118917624027247,1.5636700838551642e-05,4.872339867537889e-06,1
0.1272832589175645,0.8343209197331222,1.877744310935333e-05,1.9025448325149968e-07,0.03835249904640542,1.9479684409160782e-05,4.874920906057746e-06,1
0.1961572669202065,0.7690012804753448,0.0001593264735059176,2.106804687027769e-07,0.03414838229621409,0.0005276876705702872,5.84548368964552e-06,1
0.26276094794397986,0.6985746065907317,0.0002075411241448879,2.578536193692165e-07,0.03751290367466654,0.0009365884756015718,7.154337255938299e-06,1
0.29150728848813906,0.6532339131629542,0.00034683663925902787,2.967007285034506e-07,0.05338895416368833,0.0015174214558693487,5.289389361404736e-06,1
0.2515072935430743,0.7420915863376599,0.000223029006783842,1.942934860684483e-07,0.004143883638205712,0.0020262303938973973,7.782786892841246e-06,1
0.1888072341431925,0.8060029261553516,0.0002914575829551617,1.8319082066089245e-07,0.0034558693442383864,0.0014207494059937183,2.1580177447960145e-05,1
0.11445305975075178,0.8747016836743822,0.000587580842829341,1.991210457760825e-07,0.006152901706547633,0.004088440925957831,1.6133978485474923e-05,1
0.36348687988824246,0.5977267799128877,0.0009513407325071659,2.5905444583210003e-07,0.014654411616772145,0.023175753728652264,4.575066492389938e-06,1
0.5766238049482212,0.3315985304684267,0.0017700387340417718,2.988973795422393e-07,0.03079802489737672,0.05920402333647848,5.278718075709664e-06,1
0.10607634918935754,0.8912843393168227,2.6576971318070207e-05,2.1337094556262543e-07,0.0025737970300748775,1.8227374261318e-05,2.0496747219964057e-05,1
0.1931936927974543,0.8057884497858987,2.02167333955368e-05,1.8599483845774538e-07,0.000955210014000441,2.208394564189204e-05,2.0160728770821275e-05,1
0.1954100581017347,0.8025635387932242,2.2582269153718876e-05,1.8280399782233274e-07,0.0019758288841758283,2.170508377815058e-05,6.1040639356507965e-06,1
0.21758408568641646,0.7811806868972154,2.171804692963844e-05,1.402239774344456e-07,0.0011936331155824487,1.6009909602139414e-05,3.726120276526257e-06,1
0.3026128547345586,0.6864359811772954,0.003900916620383322,2.960340250867715e-08,0.003714952558668045,0.003315720807109275,1.954449858277461e-05,1
0.28575545929038787,0.7028108775335021,0.0011230886630733945,2.726714648601997e-08,0.005226460684658163,0.005079357477644603,4.729083587252883e-06,0
0.18442709512666305,0.8012313511695288,0.005324943017985133,1.497928881537242e-07,0.0063475048295453355,0.0026661485981146916,2.8074652748130587e-06,1
0.196915216306639,0.786075852958816,0.006672411589050565,1.554659541266786e-07,0.007668973799788777,0.002664516243411926,2.8736363398243457e-06,1
0.15883710984491517,0.8134671161468148,0.006976478936719619,1.7058810099580405e-07,0.01684764858182979,0.0038683227471626894,3.1531544569798927e-06,1
0.35587472435918865,0.5973676965041994,0.0006650754584970208,2.1235672144352013e-07,0.0406435738084121,0.005445415104821193,3.302408160149898e-06,0
0.4419897890187142,0.48253504674996245,0.0006840464866822299,1.9152981726597228e-07,0.05486830074004533,0.01991964695058967,2.9785241886934638e-06,0
0.17463810148240727,0.7765176328152301,0.0006691986347724354,2.0137879081226997e-07,0.0064244421423640275,0.041727657381164816,2.276616527052002e-05,1
0.12361217185801485,0.7831655338253438,0.0006841646447228663,1.866688027942569e-07,0.0068358268266066665,0.08567858589771755,2.353027879161079e-05,1
0.06445246247225901,0.8554391264495101,0.0009077916098824258,1.9423054060736237e-07,0.02055312721369018,0.058630582814358075,1.671520975943523e-05,1
0.012547016089024867,0.9165853155202051,0.0016453122120613122,2.512800682644035e-07,0.010539209040145587,0.05866917522333922,1.3720635155512602e-05,1
0.07219778217966469,0.6180509328028313,0.009523071163384366,3.6603158659168786e-07,0.008169039098083922,0.29203801481068586,2.0793913763293718e-05,5
0.054477832130080284,0.9075521268421023,0.00046478939539939233,1.490551490635775e-07,0.027922930669341182,0.0095783182691213,3.853638806437351e-06,5
0.061954691919337376,0.896140331341912,0.00045170562225971413,1.7134456322836162e-07,0.03025031596944893,0.011197617120928451,5.1666815502915346e-06,5
0.0005221554051082785,0.06451181670491046,0.6645614751750866,0.0013284062896665803,6.840162391226129e-05,0.2689782844080319,2.9460393283971713e-05,5
0.0006884031225826464,0.007713509735042496,0.45394549793220473,0.0004638254314394829,9.427944503414092e-05,0.5370709837385776,2.3500595118776116e-05,5
0.0009052630350758936,0.045477356126799186,0.481451886257562,0.0005211830630440553,0.0001246760275587894,0.4714684916313808,5.1143858579194186e-05,5
0.0006413837950701421,0.03534963926968877,0.20949804341881936,0.00017912361352892726,5.4919477404224294e-05,0.7542470850140359,2.9805411452604033e-05,5
0.0004239061701125152,0.00481109056262557,0.18815080302392784,0.21197506098710367,5.6526497498159504e-05,0.5945761805623005,6.432196431796004e-06,5
0.00013876892125743446,0.01001340390960517,0.9633316196585785,5.735852420346708e-05,6.3814610779958625e-06,0.026447651540887924,4.8159843897146935e-06,2
0.0003250749888248641,0.09049096496747996,0.7812971750890365,0.0001393333709470661,4.4443534951816475e-05,0.12769575929543187,7.248753327898936e-06,2
1.3401564308053452e-05,0.00011321298632967601,0.029315887937251067,0.969276664173874,4.000548720143229e-06,0.0012767435343297832,8.925518741269085e-08,3
0.0001897366107518212,0.0014901073604775507,0.8531328726293163,0.00035005630157969374,1.1619634079702002e-05,0.1448202155070963,5.391956698577421e-06,2
0.00026548578517673384,0.0010274578825305355,0.9736957988580263,0.0005908417322173492,4.127686765368925e-05,0.024370649550203675,8.489324191561889e-06,2
0.00043070632802434845,0.004325031023195771,0.971489578112167,0.00013605631754568851,2.8305387942712603e-05,0.023576337286043653,1.3985545080748088e-05,2
0.0007397157075725764,0.007853993162368266,0.9400984958403843,0.013739521798526787,0.0001011932908713192,0.03746287872155662,4.201478720392542e-06,2
0.00024121836232488642,0.002697435050489902,0.10847241446016878,0.00020103479301922247,3.1320415405202375e-05,0.888344201338069,1.2375580523051943e-05,5
0.000200888644068871,0.0005101247017683804,0.3411533387241632,0.0001275884293641544,2.9545052301588942e-05,0.6579735172897196,4.997158614308775e-06,5
0.0001998459767110106,0.002490303271347055,0.45710621266172174,0.00015106407546377904,4.756517190572874e-05,0.5399964442258043,8.564617046555164e-06,2
0.00041429455945265846,0.0050408925411011525,0.7748828760241963,0.00010379862635517696,5.477026099062942e-05,0.219493530116233,9.837871671133244e-06,2
0.9188121488629776,0.06395209236276571,2.309910823431208e-05,2.561629384664863e-07,2.575380779711556e-05,1.3265958808520743e-05,0.01717338373647852,0
0.9113250673575704,0.04378380061769316,1.9786308443744443e-05,2.555497025598845e-07,2.3834305728523304e-05,1.3432704478259144e-05,0.044833823156383484,0
0.80960438347749,0.17056006182843786,2.121402870840707e-05,2.6267241623203127e-07,1.810701982585533e-05,1.3894215672549135e-05,0.01978207675744902,0
0.66296080722742,0.3364507415803852,1.5980358785555095e-05,2.3795897181464865e-07,9.429351219950161e-06,1.0266014628551425e-05,0.0005525375085887455,1
0.4511317162384885,0.5479143222620446,1.4825724312127111e-05,1.828033661202429e-07,1.190455085888284e-05,9.30590943528313e-06,0.000917742511494436,1
0.4253442711926592,0.5720266609407467,1.5753435553091044e-05,1.9458082706961472e-07,1.2906686117517161e-05,1.0387185341752854e-05,0.002589825978754642,1
0.4593712469537421,0.540384825937286,1.5367876658411232e-05,1.0787098638940924e-07,1.4636656545618485e-05,9.933068971773633e-06,0.00020388163580978695,1
0.45633326526476464,0.5435664353175137,1.454890285217084e-05,1.0212240353246083e-07,1.2742580311025732e-05,1.0095564513967465e-05,6.281024764088957e-05,1
0.12211174592687869,0.8777868624589953,1.4155283624396236e-05,1.4269144802442904e-07,2.1803203426793564e-28,8.60683650993478e-06,7.848680254351849e-05,1
0.12730049653829492,0.8725747693627649,1.6784216788512923e-05,1.6919224376268856e-07,3.2617074261371476e-05,9.802588331961264e-06,6.536102731449496e-05,1
0.2454354948090093,0.7471496786146953,1.0080845125449066e-05,1.8689079214269465e-07,0.007374208839224318,9.7238062476762e-06,2.0626194905731293e-05,1
0.11574138488264063,0.5281555992089311,5.034072452215457e-05,2.492671907953306e-07,0.35595914472462514,8.706119555548177e-05,6.219996534861992e-06,0
0.20131190347228484,0.21145931560332829,2.009752629571097e-05,1.4569345631527508e-07,0.5871582137604171,4.8059419770977115e-05,2.264524446756917e-06,4
0.02855324224962461,0.05831449891966107,5.9663938104243105e-06,5.5631652814176446e-08,0.9131027305775622,2.2919473906128135e-05,5.867537828415276e-07,4
0.019252826163477153,0.07187437717327051,5.4629557645409424e-06,5.3050318990467724e-08,0.9088474720483987,1.9202743385784106e-05,6.058653842728966e-07,4
0.008099894682095187,0.016542303295483753,2.024193553934702e-06,1.2716136609113165e-08,0.9753487293557859,6.734832825160716e-06,3.009241195550993e-07,4
0.01514596041234142,0.05538907592682675,5.5226738729796535e-06,2.8322028732305964e-08,0.9294468859173537,1.1825174405267944e-05,7.015731709310061e-07,4
0.008405456998590874,0.018985807612288595,2.4234115409132424e-06,1.0941887321218794e-08,0.9726003185640638,5.587770570721948e-06,3.947010579230357e-07,4
0.01330634669021582,0.01831777969014314,2.5133521841700475e-06,1.0096346347013989e-08,0.9683677659716026,5.2199992135978126e-06,3.642002944588826e-07,4
0.025178833090210694,0.9279747171756297,5.021480635510041e-05,2.2963900896066981e-07,0.046741527363780434,5.1156427591610254e-05,3.3214974232179208e-06,1
0.06538115193287047,0.887153251380205,0.0017706004532074833,2.0356811156744542e-07,0.0143422431774265,0.031346077207012144,6.472281167113041e-06,1
0.05511658989101632,0.8870019515166893,0.0015350573898151876,2.245676275536648e-07,0.015092948710448157,0.04124293747824945,1.0290446153989241e-05,1
0.20534702426023518,0.5933589640321063,0.005004585607784541,3.3403325379704257e-07,0.03743169958527877,0.15885121362906812,6.178852273265189e-06,0
0.09935162207117666,0.7858044036197254,0.0008803399157590024,1.9577044028881822e-07,0.10923952826713125,0.004720289049756062,3.6213060115016636e-06,1
0.05385210757319469,0.8504942225328606,0.000515243678953388,1.3831829643984025e-07,0.09453293973438373,0.000602848553283503,2.4996090280027485e-06,4
0.037967956461903984,0.8793805275278311,0.000224336541554766,3.9781187233462054e-134,0.08207950931992435,0.00034234552898842487,5.3246197973247265e-06,1
0.04325477270103284,0.9390542661309849,0.0001174533815191998,1.8020715623521764e-07,0.017236670788874853,0.0003314301676261355,5.2266228058455495e-06,1
0.10284665719650253,0.22148129731492813,0.000199420190046672,1.0802480228390496e-07,0.6752078072288453,0.0002591714269591664,5.538617915855238e-06,1
0.10609478005672242,0.20019545104882366,9.622385561812945e-05,1.0389631378889226e-07,0.6934137869302409,0.00019403532403585922,5.6188882453434305e-06,1
0.03195231331402842,0.9377511131188726,1.1978655423171929e-05,8.818923467748224e-08,0.030275250214345968,6.429499923488558e-06,2.8270081718759734e-06,1
0.03308000971718336,0.9571039772262716,1.3883574502523808e-05,1.0683258871617009e-07,0.009788156981611791,7.77099171347948e-06,6.09467612838147e-06,1
0.18311690506873826,0.8166044180160732,3.661762683056548e-05,1.8626036981668057e-07,0.000219768302175799,1.7622432818003282e-05,4.482292994325815e-06,1
0.20071321274447923,0.7990127022709509,2.9146001674872648e-05,1.8615658473796686e-07,0.00022026205223620314,1.9765461817693433e-05,4.725312256312514e-06,1
0.2669862969435098,0.7329335344038185,2.5825908479929774e-05,1.7726604333380813e-07,3.316236153667803e-05,1.5657880216052806e-05,5.345236395772414e-06,1
0.34310304641966866,0.6568335517662417,2.4243735125483064e-05,1.8739468503699627e-07,1.640661167183972e-05,1.7020240293540995e-05,5.543832313609378e-06,1
0.28983492928847165,0.7100915378393058,2.8586679177862673e-05,2.1770536015991785e-07,2.2200610403164884e-05,1.6949578186906755e-05,5.578299094279287e-06,0
0.4142462301116061,0.5857105314371925,1.6884497673211123e-05,1.769973731141093e-07,8.308220183319698e-06,1.1018620323905788e-05,6.850115647722963e-06,1
0.4030438119221479,0.596908567533936,1.8579042342697778e-05,1.5605730124267048e-07,8.802608691895967e-06,1.3464476078534073e-05,6.618359501636177e-06,1
0.3222356514946352,0.6774226309367185,1.864750940634976e-05,1.8365683348376348e-07,0.0003046616295618192,1.3831538947659001e-05,4.393233897210727e-06,1
0.22374220634026443,0.7724249454054215,1.7632221930851592e-05,1.8701686516632855e-07,0.0037930098998020514,1.411669763939448e-05,7.902418076545215e-06,1
0.23289099134900368,0.7500449419018267,2.4043911925811462e-05,2.7431837218355925e-07,0.017012201824380548,1.8653208357953818e-05,8.893486132985818e-06,1
0.18104034456215598,0.817542610821911,2.657366118298468e-05,2.0226411255021693e-07,0.0013610548403269083,2.051973368578388e-05,8.694116624664887e-06,1
0.12594712772208774,0.8494311405753018,2.065431093239637e-05,1.8170333425064996e-07,0.024577187539652486,1.896262527975622e-05,4.745523411382888e-06,1
0.16103113121710624,0.803637730761256,0.00017162663489815377,2.0358646383650022e-07,0.03466458571121668,0.000486261091745712,8.460997313279651e-06,1
0.18628476528292592,0.7704203000199701,0.0001789005704956573,2.1510906823827596e-07,0.0425419590860763,0.0005678915730410313,5.968358422705151e-06,1
0.2909456559240215,0.6612844205928273,0.0002696555822286379,2.678140957303386e-07,0.0462864914835478,0.001208734186189005,4.77441709002682e-06,1
0.30396766188136826,0.6575922739851052,0.000298123616777768,2.9019249696787573e-07,0.036900508645829465,0.0012359683136182542,5.173364804203729e-06,1
0.15532599414835177,0.839737034542054,0.0002556690061411357,1.812259982859654e-07,0.00347905219326689,0.0011807201660201069,2.1348718167677003e-05,1
0.14755458646773975,0.8461521177448634,0.0003925218722199162,1.752525622810605e-07,0.0034307116697475477,0.002449241955203188,2.0645037663955118e-05,1
0.2958642150092651,0.6845171522496195,0.0007124324401656728,2.036438642112e-07,0.005419013984365515,0.01348334131232448,3.641360395631365e-06,1
0.1743871601643622,0.8177192824403539,0.00023595522229493868,1.350743273794316e-07,0.006302626970147316,0.0013433332800557472,1.1506848458733082e-05,1
0.10695860211944191,0.8856302365658134,2.491038392295207e-05,1.842867266204118e-07,0.0073589574531547275,1.6587890907898807e-05,1.0521300032435008e-05,1
0.08653419574126213,0.9099781025335593,1.8714884987957334e-05,1.3979647277246703e-07,0.003449283939804464,1.2583264580064888e-05,6.979839333354471e-06,1
0.1588762564173147,0.8393679156515264,2.2702553996733708e-05,2.087882288593335e-07,0.0017112566290536995,1.749221116807243e-05,4.167748711552338e-06,1
0.144636586045955,0.8536141243148888,1.916051529410511e-05,1.6243746214094138e-07,0.0017120536660516043,1.412457201068123e-05,3.788448337751395e-06,1
0.24960404761675684,0.7493360342798113,1.706760413213467e-05,9.147883712360288e-08,0.0010257866375476437,1.302001609380015e-05,3.952366821127964e-06,1
0.42744222748041194,0.5687941305886616,0.000571236548060832,1.2089730795298417e-07,0.002393863841433343,0.0007796931001187416,1.8727544005545437e-05,0
0.4246330248893225,0.5678543223649131,0.0019271466189865266,1.2321228686890348e-07,0.003915736264586324,0.0016564598315466368,1.3186818358037276e-05,0
0.41743185635369245,0.5737898944921542,0.0014017194700618458,1.4723027751943157e-07,0.004574062907261686,0.002794602581204664,7.716965347677746e-06,0
0.48454861387507847,0.5045487469122534,0.0008841917389837862,1.2946350701369534e-07,0.0077927181150498105,0.002218814161824405,6.785733303271566e-06,0
0.17619217881242,0.8105771363484859,0.004410564712765952,1.598903681454255e-07,0.006420946317414105,0.0023964570069896743,2.5569115562531303e-06,1
0.29671826017326297,0.687527677403605,0.0005500970085525636,1.672248762963641e-07,0.011477504373733738,0.003722703426273236,3.590389696281768e-06,0
0.31294766743220137,0.6623796319845701,0.0006379235450641554,2.2880855949922794e-07,0.019730956405223828,0.004299246375903322,4.345448477662071e-06,0
0.28770731939634736,0.6891399603892533,0.0006040360775689106,2.1665390133892429e-07,0.018682818036597097,0.003859245641250462,6.403805081558388e-06,0
0.010318824866915944,0.9273146631612328,0.001774473379404174,2.023042124636249e-07,0.007974405583532908,0.05260554849704757,1.1882207654205131e-05,1
0.036186819441981745,0.9147041803700469,0.020992026064356833,2.526729733885581e-07,0.005894843433235338,0.022131621511923605,9.025650548221559e-05,1
0.025577726733820267,0.9441152508655956,0.018008920292450485,2.6868702186908137e-07,0.0033437463678256452,0.008858110220714414,9.597683257177785e-05,1
0.016695182233192912,0.9585669204135306,0.008674127432743194,1.613240831264704e-07,0.013300475648982218,0.0027047431372729898,5.83898101949645e-05,1
0.014176682776840727,0.9297901200508137,0.0008484640732446263,1.319482511820088e-07,0.04537581142938984,0.009805440408356729,3.3493131031974002e-06,5
0.007113545984141788,0.12250241308715902,5.283737187341787e-05,2.5022319549064097e-08,0.0024249094147637228,0.867905514602912,7.54516830436843e-07,5
0.0005307859947265279,0.24599011504409676,0.6482289328089925,0.0003644340194669733,6.682160129569061e-05,0.10481203336189512,6.87716952660581e-06,1
0.00044597738623020246,0.023870108141585286,0.3827757337110875,0.00012797630867144043,3.5938831457302396e-05,0.5927205103437043,2.375527726394884e-05,5
0.000808655949109851,0.04699746853654691,0.33777668043706643,0.00048359904955068065,8.386935231557437e-05,0.6138026012025731,4.7125472837429326e-05,5
0.0006532541198469046,0.046898168896905026,0.23189083065325067,0.00014739155998235261,5.466416815838726e-05,0.7203208945937633,3.4796008093491016e-05,5
0.0002909566734269818,0.02261351873318045,0.21773981231583575,0.00039661871288559144,6.939874635093436e-05,0.7588687369400937,2.0957878226535036e-05,5
0.00045066707559385656,0.00497450626311646,0.3659440171545323,0.00010846114655645378,4.8280865482010765e-05,0.6284686121165919,5.455378127042217e-06,5
0.0003691142191137504,0.054147692235032206,0.7703036275944477,0.00025574578077557124,2.237496084228912e-05,0.17487860321226156,2.284199752702135e-05,2
0.00012916352210218214,0.012822356663473698,0.9486120896053211,8.9260061942513e-05,1.9470877513916875e-05,0.03832095618583537,6.703083811186459e-06,2
0.00019171133776928182,0.016984557033585732,0.8922846243291442,0.00015899289243172132,1.6299189849223667e-05,0.09035066269394132,1.3152523278663546e-05,2
0.00048599002639353807,0.0036826234969188376,0.8193815653231152,0.0006712489755629093,4.965960914600554e-05,0.17571318713301193,1.572543585140603e-05,2
0.00017926010142956794,0.0015293297892997521,0.8628202408819865,0.00026862915679743934,1.5300146002857854e-05,0.13518165512149702,5.584802986967436e-06,2
0.00013974296274104703,0.00532278449176737,0.9651245653951842,8.285629369158977e-05,6.839236360466306e-06,0.029319228738218274,3.982882037081372e-06,2
0.000235171774123042,0.01812452623847408,0.9121033691530986,0.00011455146856939686,3.0644894543238644e-05,0.06937831187149358,1.3424599698280224e-05,2
0.0003646719157853684,0.02043343805543082,0.7866186760247007,9.94980170716661e-05,3.382830943575367e-05,0.19242907066197557,2.081701560010414e-05,2
0.00065168259917034,0.004888364803507493,0.8032650094851722,0.0005307832141613531,4.893602943673379e-05,0.19058333416539866,3.188970315347688e-05,2
0.0005180934048977115,0.005081474479581107,0.325694344406201,0.0013723547474846387,9.21330806891797e-05,0.6672332044481131,8.395433033309931e-06,5
9.945977520989397e-05,0.00025536934087546373,0.10976063126029163,5.69333574478404e-05,1.813907028807359e-05,0.8898078106119381,1.656583948970422e-06,5
0.0005987047677313533,0.001652048326070818,0.2847532090915295,0.0015311312832210892,0.0001118325511133772,0.7113345154953745,1.855848495936709e-05,5
0.0005437783264133744,0.0015216363901904186,0.2623586405600241,0.0007263609681130532,9.497271486700271e-05,0.734735206321134,1.9404719258097786e-05,5
0.0007456983717541947,0.0028531946948068213,0.5198598287800638,0.002154670780564857,0.0001431122174342845,0.4742381953320783,5.299823297860041e-06,5
0.0001508802032727343,0.002706105451580061,0.8791047530669127,0.0003792491151203922,5.258715467034333e-05,0.1175992815457573,7.1434626863039e-06,2
0.00021969175842825127,0.0026028096876802988,0.9668966680310663,4.164175148516669e-42,4.5747974692048834e-05,0.03023171562342332,3.366924709917255e-06,2
0.00013254122937308063,0.0023713397147140597,0.9404112156492079,0.0001674316195574882,4.018955466925096e-05,0.05687082592539698,6.4563070812480935e-06,2
0.0001223636247552495,0.0017896392430951534,0.969597020557358,4.863835278731654e-05,1.5882015063576307e-05,0.028420309834652893,6.146372287859047e-06,2
0.00012596081743777618,0.0015320714373804282,0.9707138463982495,2.2013591386197203e-09,1.4498786999120357e-05,0.027608431180341453,5.189178232493746e-06,2
0.00015067691504217114,0.0019417591425078256,0.9857325484824556,5.524770189896831e-05,2.3867620988231584e-05,0.012094270110180777,1.6300269264118322e-06,2
0.9073688255005246,0.04961658757990472,1.9433182480887004e-05,2.5098891068549515e-07,2.3681373420543137e-05,1.3192971194198046e-05,0.0429580284035641,0
0.40316972038182813,0.5940750983408046,1.6592993953359363e-05,1.8578065091493737e-07,1.2322964107914209e-05,9.739001055604352e-06,0.002716340537599344,1
0.2955436021446386,0.7043483018584861,1.4244899119553746e-05,1.4359481139804684e-07,2.012795646679693e-05,8.904040032107962e-06,6.467550644555249e-05,1
0.11590587078132061,0.8840087798688535,1.398462917336124e-05,1.4097117654304174e-07,1.2202408089149823e-28,7.729935539572857e-06,6.349381393644579e-05,1
0.13627262647812757,0.8636515984118739,1.502138877881675e-05,1.5142216666666722e-07,5.4570955667278476e-08,8.773033155402249e-06,5.177469494201635e-05,1
0.23146496036024572,0.7598267085442098,1.039684214817858e-05,2.3494758182096112e-07,0.008666397944940438,1.002861142875247e-05,2.1272749445488635e-05,1
0.20928019345994534,0.7558585394201124,1.1957393289991271e-05,2.702128779417707e-07,0.03481303986338496,1.1533891666048102e-05,2.4465758723067064e-05,1
0.120539554839122,0.7393335762920162,7.989625679119894e-05,3.138814385133792e-07,0.1399483709266938,8.721628464696183e-05,1.1071519291334325e-05,1
0.11186823174491474,0.5337844384512568,6.817035420255115e-05,2.4508073201696774e-07,0.3541938267098977,8.115827076745574e-05,3.929388228996965e-06,1
0.1477463751727556,0.558192606367377,6.784906628770756e-05,2.562874499899236e-07,0.2939273298251302,6.147421505661716e-05,4.1090659430555814e-06,1
0.38248433943100935,0.5040955497145047,5.149254108224712e-05,2.172087462472524e-07,0.11330994660519766,5.448948593723026e-05,3.965013522619266e-06,0
0.17836328216073669,0.21854202127600475,2.8330384650647676e-05,1.4213399493890389e-07,0.603019281809133,4.185446116484239e-05,5.08777431502781e-06,4
0.2633260384110123,0.3463337591605475,3.631255411543733e-05,2.3108291891792754e-07,0.3902176697463884,8.197685244772064e-05,4.0121925697108825e-06,4
0.03894289335027805,0.08650437698825351,8.317085966798875e-06,7.985575276818754e-08,0.8745182103274974,2.5304464067742537e-05,8.179281838069567e-07,4
0.017481613028398766,0.06761035964596286,4.429289408061384e-06,2.787848857756902e-08,0.9148911837289254,1.163998499899066e-05,7.464438171479871e-07,4
0.01376956915611599,0.025142838227452197,4.013417775887798e-06,1.0520209824912822e-08,0.9610749855747203,7.674823336312464e-06,9.082803893941961e-07,4
0.013465996031626577,0.11558944541298988,1.359559508834859e-05,2.935957791853163e-08,0.8709155747403963,1.2594359913616981e-05,2.7645004072434477e-06,1
0.008319972128033148,0.3460902344905752,1.799505729345932e-05,7.906064023418903e-08,0.6455473624732023,1.930991900760629e-05,5.046871247922581e-06,1
0.05769048702273656,0.904233783142573,0.004097328679715717,1.7253544692060708e-07,0.029941120956339398,0.004033988066908112,3.119596280217655e-06,1
0.06855937948837204,0.8092069058895486,0.0013953290123235778,3.2013723199684996e-07,0.10538357604765179,0.015450471042484924,4.018382387087572e-06,1
0.058025431241114846,0.8170235300267213,0.0001398143001878292,1.1513406852667291e-07,0.12450366417925522,0.00030429722159665837,3.147897055848098e-06,1
0.045765273282253896,0.8340614324748862,0.00013379665859991795,1.107601055177059e-07,0.11983653678526629,0.00019982049844750573,3.0295404407388996e-06,1
0.08867229775188369,0.2091474726107199,0.00010392491443038458,1.0854218379426442e-07,0.7018616679531247,0.00020896308269934357,5.565144958182777e-06,1
0.15333266773385607,0.8465442414732823,3.1922836184266695e-05,1.8767682173449544e-07,6.653702510354326e-05,1.992687531993955e-05,4.51637943211325e-06,1
0.27215225039043145,0.7277630798712416,2.592962441627655e-05,1.7688748730682253e-07,3.844875420503916e-05,1.5624442424955705e-05,4.490029793658867e-06,1
0.26278602444205557,0.7371304564136846,2.6335989392817197e-05,1.8076717961630984e-07,3.644674258332119e-05,1.596713500337976e-05,4.588510100689354e-06,1
0.22154796888611422,0.778385593335175,2.644035703770793e-05,1.7597856623933872e-07,1.7471878914764874e-05,1.7318859650013537e-05,5.0307045420291326e-06,1
0.197601983279635,0.8023291405910542,2.7297470073806045e-05,1.8168323667864032e-07,1.8038262158441032e-05,1.788028249143773e-05,5.478431350598022e-06,1
0.3768684175954454,0.6230168970766321,2.1752139901403346e-05,1.935981053561528e-07,6.968997584322387e-05,1.5052614889976109e-05,7.996999182442881e-06,1
0.294671254220989,0.705261912188834,2.2349767975731476e-05,2.0540217008689746e-07,1.870218201276339e-05,1.5323947489046628e-05,1.0252290529175497e-05,1
0.2922968380839189,0.7076274684051005,2.8695957502152116e-05,1.9027933233030404e-07,2.3639528008350667e-05,1.829218851993121e-05,4.875557617959034e-06,0
0.32424557129179804,0.6756777248705963,2.8389904190012812e-05,1.9714352288587377e-07,2.4492307040659704e-05,1.8573042987203264e-05,5.051439865097866e-06,0
0.3052111395028107,0.6947229872534051,2.801861476378879e-05,2.1337919596678002e-07,1.3407551166405212e-05,1.8766249557437587e-05,5.4674491005880105e-06,0
0.39619290088239156,0.6037491308044304,1.9831116609291197e-05,1.6231286252064e-07,1.711521711954585e-05,1.4179775404709987e-05,6.679891182103521e-06,1
0.3939486316802215,0.6059817747439856,2.058762007210876e-05,2.3264848252194685e-07,2.0328931043033925e-05,1.840747560226364e-05,1.0036900593032043e-05,0
0.37673491577536966,0.6231975893791831,2.006078337303907e-05,1.917275306760705e-07,1.973239748272418e-05,1.7534023943043686e-05,9.975913117658798e-06,0
0.35432258481936624,0.6456096255902826,2.0315978234173036e-05,1.9862262211000456e-07,1.833929151788926e-05,2.144881281426861e-05,7.486885162760397e-06,0
0.3543238696703953,0.6456119667116994,2.0316051904344395e-05,1.9862334235898486e-07,1.8339358020163143e-05,2.0499048360584917e-05,4.810536277779474e-06,0
0.34677827517000553,0.6531482980031167,2.0467901144595582e-05,1.8466142059785674e-07,3.4944823785778066e-05,1.341217601703356e-05,4.417264509514221e-06,1
0.2270062678721941,0.7674409034039731,1.8402704343737957e-05,2.0995751086287257e-07,0.005512675614046714,1.4733560749548321e-05,6.806887181897208e-06,1
0.26098581018326333,0.7378564886487514,2.3113629206069314e-05,1.8905442437451373e-07,0.0011110349273317174,1.5845351612179322e-05,7.518205411001641e-06,1
0.21309511389701505,0.7856179439962638,2.7404872413462998e-05,2.0859083586909937e-07,0.0012258464986399423,2.451608045680948e-05,8.96606437502369e-06,1
0.21037808168954733,0.7883863635001626,2.7501443760733102e-05,2.093258839198314e-07,0.0011776102292102256,2.1236151769186622e-05,8.997659665939226e-06,1
0.18897295555782334,0.8027601797941162,1.9493184548917697e-05,1.7148849164200355e-07,0.008224701831897862,1.8019399486155596e-05,4.4787436357511725e-06,1
0.10817025127832672,0.8394509979568716,1.8257436857184028e-05,1.761642289050349e-07,0.052339002582575525,1.67137218549169e-05,4.600859285079777e-06,1
0.17475124541569162,0.7752740373973969,0.00014736091360776127,2.024290370381089e-07,0.04941064642373521,0.00040793242274603263,8.574997785564935e-06,1
0.2375154153069764,0.7040991393618865,0.0002888512547484693,2.690819910102305e-07,0.057347873952100975,0.000743561591202909,4.889451093694788e-06,1
0.3274783212083671,0.6365462465706515,0.00028782242638801346,2.809049802371165e-07,0.034725525210450706,0.0009567958862205471,5.007792941817908e-06,1
0.23739014540356995,0.7575866513328291,0.0001530385559242339,1.8149922613097679e-07,0.0036704818348538906,0.001194016925047231,5.484448549533517e-06,1
0.2346481827142288,0.7603131438253723,0.00016466725034588027,1.421953473771041e-50,0.0039539336485769645,0.0009105147764002019,9.55778507584832e-06,1
0.2045299098022804,0.7915718448990644,0.0002673013497458717,1.3794512090686846e-07,0.0025703311208256914,0.0010467810436443348,1.3693839318282063e-05,1
0.09679081314187749,0.8989046383780323,2.1855115702974423e-05,1.7602563345387504e-07,0.00424890526897071,1.4276734089603978e-05,1.93353356933866e-05,1
0.1739074375987001,0.8259235118419022,1.8935559978009472e-05,1.6754487663968533e-07,0.00012879944713804493,1.74030952168757e-05,3.744912188385693e-06,1
0.1786805139673787,0.8211125971439481,2.116285257735065e-05,1.87252319368101e-07,0.00016190324495212076,1.9450131862593732e-05,4.185406961820476e-06,1
0.16263457739298118,0.8355338942186037,2.1603677610695232e-05,1.9868220931592317e-07,0.0017887669963491597,1.6993015931893515e-05,3.966016314275534e-06,1
0.24519526913927298,0.7536806057190704,1.7853199512541965e-05,9.568946629527594e-08,0.0010875644439632514,1.4477520570981469e-05,4.134288143670665e-06,1
0.2898014785332785,0.7090039969462792,1.83390244837943e-05,9.829338791612578e-08,0.0011546061929703236,1.4871485866124284e-05,6.609523734140461e-06,1
0.29037963898819574,0.7079848977986308,2.0494842278823613e-05,1.0146408683918104e-07,0.0015926929735486021,1.5351202815754584e-05,6.82273044346286e-06,1
0.36254557997314585,0.6351636607840728,2.5900083091306448e-05,1.0693597729824581e-07,0.0022305726920880216,1.7614661367950048e-05,1.6564870256728276e-05,0
0.22916526735026627,0.767016607610015,0.0002541131794040389,1.530784597291419e-07,0.0020679605864583365,0.001480664037498908,1.5234157897732775e-05,1
0.1606818746412518,0.8318509800524915,0.0002743695817193741,1.57883336152912e-07,0.005078640593287996,0.0021083529755100755,5.624272403205378e-06,1
0.17398104526097377,0.816845568981515,0.002835118876813071,1.339716615279291e-07,0.004403165296218422,0.001932491277486569,2.4763353316547085e-06,1
0.16952168645703722,0.810951292550563,0.0026528537917045406,1.3606462830011086e-07,0.014650636402992896,0.002220879711295724,2.5150217785258064e-06,1
0.12558890087948557,0.8565286476384809,0.0023830818018959216,1.4249107847186225e-07,0.012843302962404162,0.0026527077397689304,3.216486886063369e-06,1
0.17336457440974337,0.8054366507915872,0.000411694617732098,1.952291239038116e-07,0.014980885960308237,0.005800864827883389,5.134163621943018e-06,1
0.26534401256112655,0.7115071134992281,0.0005870883730286687,2.6096717275364333e-07,0.01685918688829627,0.005695664200401861,6.673510745830499e-06,0
0.1572210137670054,0.8299823392978385,0.0004812276598469657,1.9325190421089012e-07,0.008257600511032618,0.0040516375602330824,5.987952139290466e-06,1
0.17884039375334965,0.7697870295599094,0.0006694120396234347,1.7490109712790205e-07,0.015266163281741685,0.035431209324455114,5.61713982345825e-06,1
0.014191283859921728,0.929045533946734,0.0015837837862839712,2.2794435809610086e-07,0.005913341577764613,0.04923973065597318,2.6098228964314535e-05,1
0.03039116519598939,0.9390891612485918,0.017008395612961656,2.122050567921635e-07,0.0034138641539733306,0.010021400493128992,7.580109029810104e-05,1
0.016090673884470916,0.9550722954849696,0.00864699888200077,1.5548277191837923e-07,0.0183099368633489,0.0018236638026331016,5.6275599804797416e-05,1
0.01872792395904562,0.9550512841957991,0.005598890954160784,1.611910470598004e-07,0.018424691826578816,0.0021387062143890237,5.8341658979526596e-05,1
0.051318228196769435,0.9106913799831433,0.00023115264404081733,1.8499054646239665e-07,0.027547870793943694,0.010205605232405046,5.578159151228954e-06,5
0.04940506771225379,0.8123056509227815,0.00021443340095303275,1.8914502366278461e-07,0.01598507474228091,0.12208455778814317,5.026288563829304e-06,5
0.00045446000992481326,0.006340778478527001,0.9430948964838676,0.0015836848744120975,9.585620100465027e-05,0.04841660323546625,1.3720716797575774e-05,2
0.0006137576555732461,0.28710421576487116,0.6728023024811547,0.0009059975960268664,7.12681369124893e-05,0.03848592097673494,1.6537388726665465e-05,1
0.0003662822241553181,0.30439447930465335,0.6303727797726366,0.0009070755542711006,5.711542350119843e-05,0.06390024165502363,2.026065758883692e-06,1
0.00039369646069911527,0.2079743765201861,0.6810440077954785,0.0005635515998464935,6.469975587200905e-05,0.10995718712326469,2.4807446533598483e-06,1
8.74407650253863e-05,0.008440600727433101,0.074244800404851,0.0001480448543093278,2.580855445115537e-05,0.9170477687122561,5.53598167401966e-06,5
0.0003171888657758931,0.02440947100505077,0.19728561921941787,0.09061051111034832,6.343601892542928e-05,0.6872887936121149,2.498016836673956e-05,5
0.0005444076125056189,0.13193732303787561,0.42234587093456993,0.00010628800491491782,5.7080581625489825e-05,0.44500104474851043,7.985079997936786e-06,5
0.0005831145470210451,0.04359315172025146,0.4243780222156787,0.006202129546471853,6.202529757201684e-05,0.5251481298648751,3.34268081297935e-05,2
0.00014861294614984985,0.012914903673548825,0.9519344337874444,0.0001278055561249823,7.681806848754326e-06,0.0348613894768729,5.172753010337824e-06,2
0.00015888997772970555,0.02154676568226063,0.8248857120872196,0.00012679574483434315,3.770875170574223e-05,0.1532273502088839,1.6777547366259396e-05,2
0.0003898067880830849,0.0025695250845466887,0.9498287653124582,0.007474422983083306,0.0001736877538409773,0.03955934003538564,4.452042602320772e-06,2
0.00020610709716704703,0.0018018846929991358,0.9027804047901571,0.0005774684936033771,2.17043511791022e-05,0.0946050880859122,7.3424889821582135e-06,2
0.00016476608826396415,0.0017145839647270964,0.9647824070694615,0.0001484116210049988,1.7401790352099666e-05,0.03316654251509568,5.8869510945410435e-06,2
0.00010462580574864212,0.006994182226760197,0.9692503068254692,7.317773351599794e-05,9.918994435246187e-06,0.023564079655913076,3.7087581579673604e-06,2
0.0005439927410710309,0.005462621114293233,0.9672614095330361,0.00021895306644186476,6.381202696964953e-05,0.026431547428972794,1.7664089215374934e-05,2
0.0006208311022135966,0.00543890299407182,0.9635919910070948,0.0003656603269494732,4.9718809200943544e-05,0.029915308366851568,1.7587393617630494e-05,2
0.0005576494363182389,0.004551525738895778,0.4220914792784288,0.0043319893697634625,4.575339269792629e-05,0.5684036533736412,1.7949410254599925e-05,5
0.0005268108680270212,0.004395535737458184,0.3613320723395882,0.04205367529880144,5.225550460481015e-05,0.5916255105789082,1.4139672612155781e-05,5
0.00028743500245030857,0.0029687607959421503,0.18240850395888852,0.0002767275825287379,5.286722909742936e-05,0.8139878832415112,1.782218958170507e-05,5
0.0006586407281405311,0.0019736031849461617,0.2403847961043194,0.0008096488558145576,0.00010610767817743183,0.7560449714127875,2.2232035814339758e-05,5
0.00022948136646831435,0.0020615543239983192,0.9605230870480491,0.0011491159929165344,6.39459292410898e-05,0.035969561562358296,3.2537769684556296e-06,2
0.00010714874347979934,0.001791396942673233,0.9352252497165989,0.00028225008199838275,4.10984659314826e-05,0.0625485821659584,4.273883359726165e-06,2
0.00013219474251883957,0.0017100201987149248,0.9865822558254748,3.3400967736170155e-05,2.544639304194218e-05,0.011515255969449991,1.425903063293148e-06,2
0.8968286486119601,0.07118653523667844,2.0223112505657005e-05,2.4317309313182593e-07,2.1489051340214446e-05,1.2782140868814173e-05,0.03193007867355356,0
0.8845693243477222,0.0702134409671491,1.994666984938958e-05,2.3984900462767884e-07,2.2630297998507908e-05,1.2607413611891137e-05,0.045161810454664386,0
0.8939634057531787,0.0633268049094618,2.006563053119198e-05,2.4127944897430786e-07,2.2765263669450534e-05,1.2682603432064618e-05,0.04265403456027763,0
0.5844324409956788,0.41552647235190704,1.2173882956597323e-05,1.69018972421263e-07,1.984885687301672e-06,8.01333076287174e-06,1.8745534034801326e-05,1
0.5974672166489327,0.40242122043624773,1.4596074315643673e-05,1.712961969505893e-07,1.1504423695961203e-06,9.306848478968565e-06,8.633825345841608e-05,1
0.6156275297011352,0.38393235675775267,1.5032917131552604e-05,1.7642288453878452e-07,1.1768773424538744e-06,8.787981706338168e-06,0.00041493934204714735,1
0.3868951812386011,0.6110456496198164,1.5470852981268598e-05,2.333692066421337e-07,1.5491969653443586e-05,9.805115700375443e-06,0.0020181678340405267,1
0.39105283597910573,0.6057041228096057,1.6972905117349556e-05,1.900342620193794e-07,1.5139342746782916e-05,9.96198403489889e-06,0.003200776945127593,1
0.4869723153418292,0.5129681917021867,9.461399943108758e-06,1.0325264715619638e-07,1.580994034423091e-05,9.635168835557351e-06,2.4483194214088723e-05,1
0.11555103548888905,0.8843914194777642,1.1755555816034692e-05,1.1850114248724817e-07,0.0,6.5701204185796655e-06,3.910085596939518e-05,1
0.0907705997400645,0.8554765709074962,3.4242344015335785e-05,2.62841831274426e-07,0.05364083103368459,5.859162553676829e-05,1.8901507371424707e-05,1
0.1262373894335643,0.7201495985801043,8.954582909158844e-05,3.1224698975073477e-07,0.15343710255315401,8.104508983053206e-05,5.006267265356984e-06,1
0.20222414177396486,0.31555874432977105,3.415404564246552e-05,1.7135139569586842e-07,0.4821164109947009,6.131539582201204e-05,5.062108703073818e-06,4
0.009307711393812448,0.01750692688692176,2.043500995104252e-06,1.2720832070724466e-08,0.973178149385939,4.794030368419766e-06,3.620811311528417e-07,4
0.02630988323769174,0.07899854444035316,1.09164423169207e-05,5.7758091586793906e-08,0.8946593369114171,1.8970556521556702e-05,2.2906536080314997e-06,4
0.0040076227370881255,0.10511811472181543,9.781156187907095e-06,3.9997372252985015e-08,0.8908505725568826,1.1315580548257331e-05,2.553250105464657e-06,4
0.029388513817501998,0.9393636231739513,3.280415677596475e-05,2.0432777727097027e-07,0.03116702621678416,4.4872911308990286e-05,2.9553959005876453e-06,1
0.035693886047353386,0.918512302059784,4.40879897222043e-05,2.6101537575672e-07,0.04569350881146681,5.2568168154102156e-05,3.3859081439919654e-06,1
0.05020876699427841,0.9259527737683634,3.849674216128866e-05,3.7605110149754727e-07,0.0237314005609292,6.373274365577069e-05,4.4531395102815116e-06,1
0.053553762581609106,0.8821093727505752,0.002155965865604379,2.0483782713462668e-07,0.03539954020761524,0.026777727255204227,3.4265015647447083e-06,1
0.07335584506220312,0.8653473062829827,0.0013749266349492074,1.9385411827788572e-07,0.030849085865186983,0.029069280910248275,3.361390311249615e-06,1
0.06531664597268726,0.8854043964959474,0.0013216726787410424,2.571496001088309e-07,0.02202151018761793,0.02592970851292034,5.8090024861405114e-06,1
0.10846174909401632,0.7619469289377521,0.0006316005024417807,1.4547174768746253e-07,0.12737027745761872,0.0015864040414373128,2.8944949860350945e-06,1
0.06858993116387167,0.8227673664978258,0.0003931199873741907,1.22955990094392e-07,0.10756088506415278,0.0006863523405583791,2.2219902268723584e-06,4
0.0655387970778,0.9318983546364152,2.160621830046198e-05,1.5420577313057941e-07,0.0025235545815282113,1.2590035325509184e-05,4.943244857321696e-06,1
0.2510873810902314,0.7488397728182238,2.6905606096667468e-05,1.8467696266951213e-07,2.2803257457806466e-05,1.7383847604434545e-05,5.568703423153081e-06,1
0.3288259839997791,0.6711061508372019,2.378686181073487e-05,1.937809594286937e-07,2.098201470919958e-05,1.7438415331790422e-05,5.4640902080160165e-06,1
0.19875122332060574,0.8011929441553283,2.490596695558463e-05,1.6733585235216515e-07,1.3506103402987792e-05,1.2559913257609374e-05,4.693204597601278e-06,1
0.18154918341461748,0.8183867770913595,2.5319591512966252e-05,1.5096201832879051e-07,1.980466916007103e-05,1.4298252910992465e-05,4.466018420819215e-06,1
0.26665933690035887,0.7332619553127536,2.9913755045646526e-05,1.9755274718394483e-07,2.4543147398030496e-05,1.8991406212452386e-05,5.061925484421203e-06,0
0.29600743329073526,0.7039154150068766,2.9060241573989846e-05,1.926948547941441e-07,2.39396226651872e-05,1.9021692359655515e-05,4.9374509345147324e-06,0
0.373362648546527,0.6265857397637657,2.0863922842145742e-05,1.7405651589649477e-07,1.0508944560662005e-05,1.560488797803696e-05,4.459877810383774e-06,1
0.40484178137421173,0.595108899143463,1.9815813489602682e-05,1.6531270182267823e-07,9.98102259877971e-06,1.5068641384847326e-05,4.288692150104493e-06,1
0.3702307002169243,0.6297135435538087,2.139994831491375e-05,1.7515336817494247e-07,1.4755272020021561e-05,1.4794312660087664e-05,4.631542903800953e-06,1
0.3305026101277892,0.6640636137492767,2.199776324693774e-05,2.5097374438064253e-07,0.005387102937687144,1.706581119246136e-05,7.3586370630961395e-06,1
0.272316481251737,0.7255143698812612,2.261652503298727e-05,2.680217716766018e-07,0.0021144544288113475,2.4048256802970552e-05,7.761634582774717e-06,1
0.16006697631844816,0.8328818766309638,1.9142529251875094e-05,1.8853221793107453e-07,0.007012273560688678,1.5032571024160893e-05,4.5098574053567205e-06,1
0.13233556355761494,0.849207905920114,1.9568398207713087e-05,1.8101472682744388e-07,0.018414082729804503,1.7970840395152064e-05,4.727539136842451e-06,1
0.12135401637511818,0.8365818957728595,7.191709216181697e-05,1.7626392663892361e-07,0.041825721714040816,0.00015964429151384154,6.628490379057934e-06,1
0.17410514575974792,0.7766986057740802,0.0001703401936531909,2.0747305619467635e-07,0.04838810547711762,0.0006293013421454776,8.293980199244768e-06,1
0.5185821899589731,0.46771094169102245,0.00017181642183149764,2.024969368309303e-07,0.012319727921989331,0.001211441965827448,3.6795434192405427e-06,1
0.3815899250025964,0.6113886035615945,0.00018572256683067664,2.5346480245692324e-07,0.005025113071586964,0.001805776659236607,4.6056733523241185e-06,1
0.23139969109967246,0.7648807034815082,0.00022734084970520447,2.1180649594603882e-07,0.002941388857008481,0.0005367111447705203,1.3952760839510502e-05,1
0.17228017869418707,0.8242253089140393,0.0002356879458703865,1.798077907104655e-07,0.0026433586156235306,0.0005952798527706725,2.0006169718269194e-05,1
0.17167859988924986,0.824910228441239,0.00023097943643685494,1.799572084311643e-07,0.0026455552090957906,0.0005144342722090253,2.002279456120512e-05,1
0.1511659985661422,0.8425075390494624,0.0002985170250165586,1.857501888042574e-07,0.0041066529467703485,0.001908716896562061,1.2389765857533217e-05,1
0.10624089623553042,0.8855097331352481,0.00035170417345200427,1.772596783060357e-07,0.006706836274036657,0.0011788294836811944,1.1823438373501699e-05,1
0.13597134974032943,0.8559364750670241,0.000504573140353246,2.0118493102365784e-07,0.004052670128897632,0.003511696299543085,2.303443892132491e-05,1
0.31542283396453835,0.6552812081036852,0.0005175522300167597,2.4697462123399595e-07,0.01908230576063462,0.009676293370922398,1.955959558137929e-05,1
0.18443011882970795,0.8110497301990429,0.0003370920034961345,1.4126550367381975e-07,0.002859779768328912,0.0013111036652716142,1.203426864866085e-05,1
0.15408926609153564,0.8405743049383723,0.000253581758056708,1.4590353222032807e-07,0.004661223341001528,0.000409048589784403,1.242937771688543e-05,1
0.08909460661030777,0.9076414717283602,1.8220879252637974e-05,1.3479784992476722e-07,0.0032274581115050082,1.2334918209547972e-05,5.772954514923713e-06,1
0.12457037197851085,0.8752055801320929,2.8455356207859603e-05,1.8547444150629848e-07,0.00017450461986006605,1.697217030700894e-05,3.930268580062231e-06,1
0.1347859920660161,0.8651464614160291,2.2096204050646863e-05,1.6203244284378266e-07,2.4655405287033575e-05,1.701117623152485e-05,3.621699942663967e-06,1
0.1242185729873676,0.8755659924516073,2.251050607813079e-05,1.6507053795887496e-07,0.00017315617608081737,1.5913201806639164e-05,3.689606521809637e-06,1
0.4465761023600284,0.5502608249172378,0.00023159373607456828,1.267581738950185e-07,0.0027212130153730692,0.00017923503420912707,3.090417890314134e-05,0
0.552878311475881,0.44354296365936474,0.00023220569937132217,1.0217462986921119e-07,0.0028580386886226453,0.00046020395538353835,2.8174346747012713e-05,0
0.45783767682862353,0.5331542307195987,0.0003616678736293976,0.0,0.005780023841980031,0.0028587798263523035,7.620909816028977e-06,0
0.13052618955897524,0.8646159175009831,0.0013178735699933084,1.4194648154171208e-07,0.002355398603226613,0.0011801639790538405,4.314841286170856e-06,1
0.1457282364487877,0.8481122171030533,0.0015960295984759215,1.3381206948676783e-07,0.0035824000630390496,0.0009762818836458808,4.701090928652758e-06,1
0.14012198710511367,0.8500116246029691,0.0019507890326126052,1.341117511128981e-07,0.006457748348989397,0.0014546894603380367,3.0273382259985755e-06,1
0.012427193384165671,0.8572624426310379,0.0012985693899776414,1.860899088114465e-07,0.008394475435326487,0.1206038558998053,1.327716977828182e-05,1
0.02780647761349506,0.9112945960958634,0.0018068856339912385,3.0866472421993385e-07,0.0119543697090462,0.047095780369307096,4.158191357270541e-05,1
0.13193347924099527,0.5969072568028131,0.011174375340758401,4.89733843969035e-07,0.011275104151174865,0.24868965203279025,1.9642697624155542e-05,1
0.03733047885046226,0.9159046456800792,0.019749614727600166,2.606585280115026e-07,0.004132850567228174,0.02278904051616888,9.31089999335947e-05,1
0.028193570379813588,0.9294538473627616,0.014757395768709096,2.5674734223426794e-07,0.011244175219945524,0.01625904262366875,9.171189775914848e-05,1
0.018984668711217005,0.9552834212115983,0.005655947840511287,1.5465139548925153e-07,0.018099248692294376,0.0019205842024477362,5.5974690535973146e-05,1
0.00637888566521683,0.979070094398009,0.0008788648345473952,8.946279300762303e-08,0.0098890541576406,0.0037740127880721962,8.998693721091083e-06,1
0.006922791296204382,0.9822359853811381,0.000717195561039302,6.09824974434817e-51,0.008549964154608269,0.0015677811826121087,6.282424397682278e-06,1
0.0006418451328514242,0.00847827998860253,0.9359621269354106,0.0005853904019023668,0.00011593625485310305,0.054200446842196416,1.597444418380045e-05,2
0.0007489549825083117,0.045656088722097636,0.7341753258948351,0.14787303009885175,0.00013095095765385526,0.07141074432500655,4.9050190467445075e-06,2
0.0005606388550239384,0.2594946914282388,0.7050533900471141,0.0005770052759390942,6.441459993021348e-05,0.0342349127315061,1.4947062247840244e-05,1
0.00039619297565957794,0.23300835569502568,0.6607925561760751,0.003404726947511054,5.9792521595608975e-05,0.10233585976484195,2.515919290830809e-06,1
0.0002493098429737371,0.1954671093297769,0.739648310737098,0.00034905949369147136,2.573574400377835e-05,0.06425361930463523,6.855547820901946e-06,1
0.0007891379632902702,0.04722158772570388,0.3873877030999226,0.000972807730418355,0.0001202934626992778,0.5634808849863628,2.758503160277751e-05,5
0.0006878210145268883,0.028795340463322945,0.5341396441134942,0.0003456070162901358,7.400117413965984e-05,0.43593561698453515,2.1969233691058318e-05,5
0.00042225932944539644,0.06322631224154232,0.43460003708437356,0.0005380129923828322,5.516100586650884e-05,0.5011337499149102,2.4467431479138153e-05,5
0.00026812928764279823,0.03375961871829744,0.9027344735642308,0.00027252743795464927,1.8512893558817513e-05,0.0629286707787821,1.806731953362856e-05,2
2.6224124910510396e-09,2.3370368317268064e-08,6.112989288180457e-06,0.9999936220297201,5.323014474159125e-10,2.3836417653198643e-07,9.173295781521798e-11,3
0.0004316517637476433,0.0028453584407616426,0.9495430752501623,0.003295581786115997,0.00019233278531528413,0.04368707001346456,4.9299604325048484e-06,2
0.0006314842031094648,0.004153839439407901,0.8073643971435921,0.0006625630589052034,0.0001541035529048419,0.18702489208553924,8.720516541247366e-06,2
0.00020108867521050137,0.001716597630935256,0.8807989540414418,0.0006976997648624456,2.2976615947812684e-05,0.11655551956204309,7.163709559080449e-06,2
0.00010441072354301402,0.0010865157643701823,0.9819138245565041,0.0003317888634314543,6.590191212147527e-06,0.016553139395289074,3.7305056502807182e-06,2
8.288789206052833e-05,0.001989863358508343,0.9833192084732889,0.003809292468371547,1.2931660740076804e-05,0.01077721333753523,8.6028094955256e-06,2
0.00028980289561921597,0.003062252792285002,0.816746326617577,0.00044166005810160927,2.4432453105378558e-05,0.17942562299434586,9.90218896591949e-06,2
0.00043870889672846644,0.004240244747259405,0.943765566017948,0.0001314943318684049,4.080948902071347e-05,0.05136192355489939,2.1252962275518555e-05,2
0.0005388593629090399,0.004731934489105299,0.8525234836558341,0.0002905906372836694,5.4579569534679746e-05,0.14184189141460202,1.8660870731107294e-05,2
0.00068942488320692,0.006054109118346897,0.9498481306976231,0.00014473239072013784,8.936706403226167e-05,0.04315465910418277,1.957674188793353e-05,2
0.00032868380990429556,0.0010521682594582934,0.99095898466037,0.0003314707667396837,3.965775965746681e-05,0.007279696951604099,9.337792266122792e-06,2
0.00040058682467606905,0.003993670672424212,0.989771223888095,9.831963596843086e-05,2.1351490349612137e-05,0.005695687546839525,1.915994164701851e-05,2
0.00018249299072180852,0.0018915423965513017,0.9948772296864645,5.1919075843846274e-05,8.838709697137205e-06,0.0029789539390065777,9.023201714949346e-06,2
0.00012988924523993573,0.0013326637114775034,0.9959194097022112,0.00010784528842027049,7.836534885726122e-06,0.002495914419706864,6.441098058283289e-06,2
0.00044818962280464747,0.00457154558192322,0.39936079186149837,0.00027134570804709165,4.2846886457467695e-05,0.595285002003386,2.0278335883167408e-05,5
0.0004228991908575499,0.0043293564113212335,0.34764381070990835,0.0013240878876253123,6.813124916522513e-05,0.6461969764572447,1.4738093877626054e-05,5
0.00018692491490306662,0.0017585875548187875,0.15379863383104894,1.4810222886598075e-09,3.586931442214309e-05,0.8442182762689062,1.706634878482227e-06,5
0.0007347043376759242,0.0017624317041766476,0.2490670861372037,0.0013697655754907178,0.00016169068672656603,0.7468928024634958,1.1519095230662287e-05,5
0.00017934876530397955,0.003450907844695909,0.9131716014693849,0.00015480449721620772,6.05233085080554e-05,0.08297412572849222,8.688386398574026e-06,2
9.751618329316668e-05,0.0013159289969859225,0.9792335175424309,2.9944128571593373e-07,1.4310208619759878e-05,0.019325216995120704,1.3210632263834073e-05,2
8.827529907137296e-05,0.0013463534352326331,0.9905218475196004,1.0874751174832092e-42,1.057704565402095e-05,0.008021275445652476,1.167125478926701e-05,2
3.273850789397002e-05,0.00042066393567933696,0.9962767343359922,2.1907725316682985e-07,5.360309375697241e-06,0.003263957129081765,3.267047239467032e-07,2
0.9491230887526642,0.03738838060058706,1.7422271755379905e-05,2.3312858326148883e-07,2.000369934062368e-05,1.2073074275107608e-05,0.013438798472794623,0
0.9015364522018663,0.06322758695736909,1.865214394155211e-05,2.4090142180487264e-07,2.1609813540178565e-05,1.2662732826851975e-05,0.03518279524903438,0
0.5522953395085057,0.4476416580521856,1.3830885188853415e-05,1.201332170822653e-50,1.0443977047887395e-06,7.722946224284095e-06,4.0404210190760205e-05,1
0.5200850090175185,0.4797774670514769,1.2888145212528053e-05,2.86394543234987e-07,9.967710685497144e-07,7.173073560381195e-06,0.00011617954661986802,1
0.4900112525283424,0.5088043661811296,1.5407745770610228e-05,1.8082178790076054e-07,3.1892369666463384e-07,8.961806812618975e-06,0.001159511992460291,1
0.47089577338913563,0.5279951070691682,1.57670943403372e-05,1.8503902070204128e-07,2.4178133205383627e-06,1.0239423225298365e-05,0.0010805101717892875,1
0.31096491507031504,0.6870210370456156,1.2868003817992071e-05,1.8900876608169722e-07,1.2547148402756806e-05,8.073997745452077e-06,0.0019803697253371784,1
0.4767803771427821,0.5231586832479316,8.265485387738957e-06,1.0411790249007571e-07,1.4934964972386844e-05,9.715911377830213e-06,2.791912964570643e-05,1
0.27418396135232337,0.7257229300564804,1.5968503563168743e-05,1.4916926893010027e-07,0.0,7.934147020975122e-06,6.90567713431901e-05,1
0.0726581815225391,0.920517369192916,1.5153483913017893e-05,1.5352501372612626e-07,0.00679189422579774,9.888248422742671e-06,7.359801397484896e-06,1
0.09636863745133044,0.8942606484408264,1.8740384404844348e-05,1.684130249227373e-07,0.009324894385306662,1.0451184167471306e-05,1.6459740939444266e-05,1
0.09865649728105584,0.7405036493098798,7.624061889780542e-05,2.658516202158761e-07,0.1606827349054852,7.634962443154358e-05,4.262408629755975e-06,1
0.08360072742583395,0.19975754918198096,2.613137556797036e-05,1.1167539278202452e-07,0.7165632486891548,5.0296239171287987e-05,1.935412898416447e-06,4
0.016111900243275346,0.03002002908025703,3.78844820527234e-06,1.2884595742506768e-08,0.9538536541751581,9.555205338022538e-06,1.0599631704775218e-06,4
0.005195474380068384,0.014664288861948632,2.4803990872750144e-06,1.0808915075387425e-08,0.9801336038477076,3.570969106984578e-06,5.707331659430804e-07,4
0.005964525607823825,0.11461243843815014,9.522028749736385e-06,3.651347705024124e-08,0.8793976287607417,1.351779695689767e-05,2.3308541006078752e-06,4
0.033716241268258694,0.9343361781697033,3.450622814534248e-05,2.4011204825948866e-07,0.03186133019042485,4.838928257646345e-05,3.1147488431108765e-06,1
0.07476501022954662,0.9013964391715251,4.381926163242663e-05,3.8944921754363125e-07,0.023721484179769346,6.82459103617758e-05,4.611797947101812e-06,1
0.06536433626687878,0.9111599276239606,4.620994676006351e-05,4.15476072818622e-07,0.02334814208744211,7.60485949072249e-05,4.920003978388218e-06,1
0.08349135780475443,0.8915390045370292,4.236409238079348e-05,4.0838426062649035e-07,0.024852881942841593,6.915148077708148e-05,4.831757956414472e-06,1
0.06798987906915144,0.8739540699937579,0.0025391191344854183,1.3785818492681056e-07,0.054103240458293324,0.0014110621919708405,2.4912941562796337e-06,1
0.13122777056771942,0.8270519550930486,0.0010951754772711064,1.5780850191486572e-07,0.037714315391259634,0.0029052024410914047,5.423221107814797e-06,1
0.10188052853263746,0.6427595153393616,0.0017519241458662316,3.222228223169136e-07,0.21425094056509983,0.03935080880794696,5.960386265555738e-06,1
0.15325375531505536,0.5901844302129732,0.0019119781254923552,3.184827429492988e-07,0.16265157535799987,0.09199205130239697,5.89120333948449e-06,4
0.0451689630016285,0.878589885863542,0.0014680414939745355,2.70311870263563e-07,0.05942422074578104,0.015344805814893475,3.8127683101620037e-06,1
0.05269901718897163,0.7779818224246055,0.001270024128380555,2.949510542385588e-07,0.15330446256549726,0.014740676497568597,3.702243922121493e-06,1
0.049468042416644875,0.44573771304630433,0.0002927818087149659,8.412996433055518e-08,0.5040249240700353,0.00047489831614634187,1.5562121897881907e-06,1
0.057484090360149634,0.842409254421771,0.00020791088811135568,1.151641211027348e-07,0.0993434626119921,0.0005521157418649094,3.050811989968657e-06,1
0.04235980611050281,0.9011514017886922,0.0002027301344630369,1.0897178487839894e-07,0.05567666376011223,0.0006046183274027014,4.670907041887957e-06,1
0.026523048218662297,0.8328108886497103,0.0002177101509000314,9.252793504261748e-08,0.14003694238833178,0.0004087872152907279,2.5308491699194e-06,1
0.04817998321686756,0.8903577967145272,2.1140903299617994e-05,1.3962709508825515e-07,0.061425179923594066,1.1283706187331575e-05,4.475908428884328e-06,1
0.14838264760188208,0.8515640791214895,2.1331430897335946e-05,1.5077772049155187e-07,1.3632078731497825e-05,1.3612475213909064e-05,4.546514064881449e-06,1
0.33666315992757456,0.663265789760952,2.403822134466479e-05,2.0531190510712463e-07,2.2467057157360523e-05,1.5963384735710416e-05,8.376336330597701e-06,1
0.33004090490584836,0.6698268365522815,2.3187238446283047e-05,2.2575657834378604e-07,7.868769758371956e-05,1.9454220633365443e-05,1.0703628628264818e-05,1
0.20332039684589723,0.7966064348972125,3.0030891918778707e-05,1.6697793600586603e-07,2.190579336601921e-05,1.612476478846355e-05,4.93982888098648e-06,1
0.21381237932551955,0.7861115613595689,3.0509030344525868e-05,2.0545657851618515e-07,2.3029664148989882e-05,1.6860911915144022e-05,5.454251924343105e-06,0
0.2980448031146347,0.7017937754619762,2.9204197252013036e-05,1.9364940702671395e-07,0.00010794574706142882,1.9115920090481868e-05,4.961909578300422e-06,0
0.38494317156019847,0.6150023466781425,2.2476752258609364e-05,1.822496061997127e-07,1.0753064031741796e-05,1.639988509536199e-05,4.669810667269874e-06,0
0.2848636485929468,0.7150756700488694,2.5596148674947736e-05,2.1372430369775732e-07,1.2596511559248317e-05,1.6601238576598384e-05,5.673735069186664e-06,1
0.3369393321923668,0.6629981274742887,2.4547776547021944e-05,1.832023760013348e-07,1.4624312079873853e-05,1.5645455416612784e-05,7.5395869248262e-06,1
0.4989100449263202,0.5010277147764807,2.239736762084777e-05,1.996646228864852e-07,1.0845022765480458e-05,1.8841812575002952e-05,9.956429615008613e-06,0
0.451563544525445,0.5483709799692691,2.494205707521636e-05,2.570037850698919e-07,1.2077186095157537e-05,2.0053345474184737e-05,8.145912856387385e-06,0
0.33808746678250495,0.6597006107619333,1.8611166361834737e-05,1.832988956847073e-07,0.0021730433160430567,1.383605208928399e-05,6.248622171941267e-06,1
0.3022923652200409,0.6956333757297888,1.6752480095041604e-05,1.7768584829652733e-07,0.00203878993368484,1.2934952556352466e-05,5.603997985718588e-06,1
0.3429320945267176,0.6544886330073156,1.6687349863692428e-05,1.7699504190001935e-07,0.00253598631985803,1.2884664094721328e-05,1.3537137108342142e-05,1
0.20176977097633453,0.7973225049934439,2.497642430687595e-05,2.0429087436559467e-07,0.0008541057766960088,2.2073861418978185e-05,6.363676925250973e-06,1
0.22091265639378324,0.7782473776687499,2.2485247905597413e-05,2.1489893876095347e-07,0.0007875611196961265,2.470844129339615e-05,4.996229633012437e-06,1
0.2919630277333245,0.7029915134017448,0.00017055702448224585,2.0596789188814616e-07,0.0039595212890550565,0.0009083654732342345,6.809110267391329e-06,1
0.2687219649504268,0.7273452562008557,0.00015790955675115426,1.9043262045328113e-07,0.0029924921747643885,0.0007755797790110394,6.606905570679041e-06,1
0.15339611505116796,0.8430232892849973,0.0002679053791809349,1.8043200795144237e-07,0.0028796111710025496,0.00040798815081205243,2.491053083130038e-05,1
0.12596927154315027,0.8700829053421261,0.0003536548441043909,1.8736841704496013e-07,0.003060147526764784,0.0005079652005909607,2.5868174846596644e-05,1
0.16000382825445836,0.8358611189915254,0.00028975995515069687,1.6702370601492985e-07,0.002914087374759138,0.0009198977139575575,1.1140686442925503e-05,1
0.17737167024188275,0.8166831697246628,0.00021599840778045666,1.8382094815501832e-07,0.004064000382871337,0.0016527163387190622,1.2261083135427904e-05,1
0.21037046146760935,0.7712014844685458,0.0004586861488067823,2.259525768787197e-07,0.006378592894293958,0.011575300134246949,1.5248933920512162e-05,1
0.5271807277633868,0.4135434231994475,0.0007034887757604707,2.8344338523308573e-07,0.00852999305715598,0.0500341957424862,7.888018378025523e-06,1
0.22343976758793882,0.7650383911270985,0.00029982506647034457,1.613877490220109e-07,0.009529261794632989,0.0016798116455087903,1.2781390601542337e-05,1
0.1608884918530551,0.8330077678959491,0.00021585505396865885,1.266973675468103e-07,0.005557872971894058,0.00031909230423630145,1.0793223529340721e-05,1
0.12151472918812274,0.8766802629854253,1.8683411940804233e-05,1.5048007371162839e-07,0.001758124974112745,1.1519647614400975e-05,1.6529312710255402e-05,1
0.1429525115025942,0.8569526244450879,2.2031962670486508e-05,1.6156135795810821e-07,5.332942464734776e-05,1.5729933245808867e-05,3.6111703963984587e-06,1
0.14346062814594635,0.8562943840374792,2.1859026465472065e-05,1.6143725983286466e-07,0.00020364110544945967,1.5717850806971498e-05,3.6083965927996787e-06,1
0.21645370763745608,0.7817923951591348,2.138958677650673e-05,1.813349035183903e-07,0.0017114214491990257,1.6675648543105123e-05,4.229183987216497e-06,1
0.15471792980159954,0.8394493417775551,0.0002256213433878795,1.7898579973067653e-07,0.002980036920724828,0.0026201652896706705,6.725881262156134e-06,1
0.14126298754945193,0.8261844692960888,0.00022183853821498454,1.9112110761434635e-07,0.023456157667792358,0.00886754752700404,6.808300340096327e-06,1
0.22165031596842638,0.7483912076335677,0.0003271300581086483,2.247815906216737e-07,0.02477722877920783,0.0048503971489435565,3.4956301551204755e-06,1
0.2852637679897335,0.6933111935398953,0.0003058995966829158,2.2019020962905572e-07,0.017582761861339034,0.0035327325936051436,3.4242285345204345e-06,0
0.32287027709432714,0.6570451209821979,0.00036296272136023683,2.324047873954264e-07,0.01639010151654896,0.003327691100538915,3.614180239435866e-06,0
0.26517051127479224,0.7215299957873061,0.0003366225426883645,2.4107317105396324e-07,0.009137988254419879,0.0038208920833571088,3.7489842651086574e-06,1
0.13503382393572674,0.8504937241085454,0.0003453787331477275,1.4741255674557966e-50,0.009504508923863104,0.004617183015974934,5.381282742170491e-06,1
0.03156040561217139,0.8971802996447222,0.0010996077886693287,1.880379732179564e-07,0.007518478385250019,0.06262206281020247,1.8957721011125853e-05,1
0.032848320471050775,0.8833104982758077,0.0013464037439850879,1.9174428028347065e-07,0.0067130118168653745,0.07575962040561497,2.1953542396192865e-05,1
0.018311240158377092,0.9428012643468066,0.0015065703799269153,2.3656009500935976e-07,0.006723681329030633,0.030631827694656347,2.5179531107520123e-05,1
0.11608931216203923,0.49250773341628284,0.1206831395989103,3.2009075950732223e-07,0.0711715202808678,0.19952379167804388,2.4182773096521015e-05,5
0.042578725244456356,0.9119628744064291,0.01969184378685491,2.519157297422955e-07,0.011032576155348214,0.01464374247828257,8.998601289888267e-05,1
0.0250281600375746,0.9457532210385029,0.010282099196579478,2.267925255013559e-07,0.01097283015512834,0.007882450946303183,8.10118333857608e-05,1
0.019799819167534507,0.9584494871814142,0.009339418219495426,1.9529226427237557e-07,0.007546101261046094,0.004794294588445543,7.068428979986446e-05,1
0.0006759202669965135,0.21481032745404363,0.5961488331151227,0.0818600736356633,0.0001150855319938527,0.10638533329249147,4.426703688644921e-06,2
0.0003500162177625491,0.637276946603069,0.31290122066733433,0.0004619581883898252,3.7890174152034805e-05,0.0489631759377092,8.79221158317446e-06,1
0.00032375401452451754,0.6265056045634658,0.2987976349515824,0.0017613319882656606,3.749424268868645e-05,0.0725700238604411,4.156379031931762e-06,1
0.00031626809158860213,0.2505158022426137,0.6797151746028378,0.0004472552137264084,4.142114665683625e-05,0.06896167494679757,2.4037557789757558e-06,1
0.0005887967366411436,0.19583168519980526,0.27551234855488693,0.0002652076675892094,9.367197806949331e-05,0.5277039915533926,4.298309615276643e-06,1
0.0006780384060529356,0.04919449832134459,0.5861612961340245,0.0001922200906538185,8.191775769335762e-05,0.3636819764196384,1.0052870592662913e-05,5
0.00030791632336669316,0.02511655142363982,0.32609974576135614,0.0008039795731092134,8.737493930218412e-05,0.6475777049805852,6.726998640775432e-06,5
0.00016116405790531085,0.012525402088400266,0.5158340546618595,0.0001747138186025709,6.31381430927057e-05,0.47123726101378516,4.26621635444239e-06,5
0.00014502935648648714,0.0024944369987603635,0.29284333029873655,0.00012458706538615496,4.566163745162266e-05,0.7043399930626191,6.961580559631916e-06,5
0.0007010105707814866,0.055977624634471014,0.850681808762742,0.041207844210587326,8.812400083640226e-05,0.05132423466259626,1.935315798538382e-05,2
0.00023537027420665575,0.020865336117735847,0.9490622174198852,0.00030880853085384926,4.2494753931714114e-05,0.029483396271321335,2.376632065338155e-06,2
5.486750789726181e-10,3.690690656625178e-09,2.466606719372467e-06,0.9999974392716163,7.299268970972086e-11,8.977768049612851e-08,3.16253939987484e-11,2
8.876221610086235e-07,5.85102024397037e-06,0.0020281590236567787,0.9978505459023215,3.9550132044443023e-07,0.0001141520646191601,8.865677170629185e-09,2
0.0005178310420370487,0.003621356154968481,0.7364118164993982,0.000688815146547701,9.123712208427943e-05,0.25865511737303437,1.3826661929888344e-05,2
0.00016693502174406326,0.0016292477032196168,0.9560269930931347,0.00015047485718975076,8.020821292146782e-06,0.04201357060730509,4.757896114570654e-06,2
0.00015806944531612102,0.006331117588996002,0.9739138606493374,0.00011730772324012246,7.290345014713502e-06,0.01946710160252178,5.252645573918097e-06,2
7.682133010192511e-05,0.0058736302949867975,0.9699246758646984,0.01181705321608829,6.683902115363998e-06,0.012291430061346776,9.705330662662852e-06,2
0.00012786403323041903,0.0025781698791061828,0.9861000175939608,0.00295885222255535,2.2832797128076858e-05,0.008199044885818046,1.3218588201113612e-05,2
0.00027802067237443307,0.0036759073440055866,0.946428327510801,0.00022828160789947944,3.040814075069636e-05,0.04934955511848566,9.499605683377735e-06,2
0.00029970720826165426,0.0026054884741945655,0.94323340792601,0.00010272810934207758,2.1494739230609327e-05,0.0537227115654727,1.4461977488430285e-05,2
0.0005832788760180313,0.0051219995794379355,0.9738604546487678,0.0004587498837437939,9.422935936390582e-05,0.01986472500707426,1.6562645594359607e-05,2
0.00019766298990299002,0.0006304676502207493,0.9948944251577129,0.0002879858810406549,2.3260893029255932e-05,0.003960485963559263,5.711464534149107e-06,2
0.0006645623476530976,0.005901543262725396,0.9566144067593564,3.174322054660574e-05,5.3220994320815566e-05,0.03671569716853311,1.8826246864820272e-05,2
0.0006024028969796563,0.005326172046046494,0.8594747083162102,0.00036058914882930237,4.55537249804544e-05,0.1341608937059495,2.9680161004539325e-05,2
0.0002740692695506138,0.0024379923502107323,0.9937751457350531,3.7209472285507986e-05,1.5893586573480802e-05,0.003447921411615766,1.1768174710800479e-05,2
0.00016571376697605965,0.0016235921257834651,0.9966044730851378,5.152721506019661e-05,8.74738349824076e-06,0.0015385375143079833,7.408909236111965e-06,2
0.00023129264442987976,0.001959075880546072,0.9761355493019028,0.00022885809631332913,1.6741368437112482e-05,0.02141689104122252,1.1591667148404857e-05,2
0.0005451405876048224,0.005834009797033339,0.6769537392566443,0.00016447311411310953,4.5617250386076165e-05,0.31642798272415423,2.9037270063958142e-05,2
0.00042313855935272396,0.004562380549956588,0.4569860957895714,0.004600228254169294,4.994091958955943e-05,0.5333643440886169,1.3871838743592027e-05,5
0.0005036833619946673,0.00396662432580151,0.6230685069595153,0.0033633550224633053,5.811726357478401e-05,0.36902312686692296,1.658619972732428e-05,5
0.000454402953794155,0.003990188329003611,0.36009456501368614,0.0012624560664020851,5.780053892577452e-05,0.6341260733155747,1.451378261345739e-05,5
0.0003826151288691981,0.003863877064282204,0.44324935343457644,0.00032461920174316043,4.265952411522246e-05,0.5521233127689726,1.35628774411975e-05,5
0.0001685556583945688,0.0017432121276903256,0.9000951490974602,0.06600598549473523,3.84355209718377e-05,0.031947392409453525,1.2696912943761193e-06,2
0.00017178250179424276,0.0022022886406466843,0.9609907096163481,5.652005993275939e-05,2.3961838731009378e-05,0.03654667665183014,8.060690716877272e-06,2
5.712913251093201e-13,7.343920540446496e-12,8.306314035713269e-09,0.9999999916312198,8.04342941118573e-14,5.444336437950797e-11,2.725098693445381e-14,2
6.004568222210316e-05,0.0007734655107612198,0.9927095793648589,1.7964255723195102e-21,9.965469630200307e-06,0.006445722462132914,1.2215103946446983e-06,2
0.00017858030908735837,0.002191881416501544,0.9769604575157983,3.8465617582425276e-12,3.0178949244394434e-05,0.020635892530227545,3.0092752941754664e-06,2
0.9154118566680942,0.06484617567783757,1.8811637353903456e-05,2.470683553040286e-07,2.3311460121382406e-05,1.2986891275879425e-05,0.01968661059696178,0
0.9215683377870574,0.06146897531063828,1.8133353344747762e-05,2.342009913996178e-07,2.1008758342531033e-05,1.2310531667510618e-05,0.016911000057958318,0
0.7297054154285489,0.26315363518325,1.8727974901631756e-05,2.2402218205090053e-07,1.4279319266956553e-05,1.2091608821687556e-05,0.00709562646302869,0
0.5450456442754409,0.4549266690521363,1.2450017620914906e-05,1.0813918625662414e-50,1.7105051159963824e-06,6.929227654577866e-06,6.596922031226494e-06,1
0.4892207265393273,0.5106478279571692,1.3285225456754429e-05,1.3865433605026212e-50,1.0274813137254723e-06,7.394074003365126e-06,0.00010973872272980748,1
0.4543517233050382,0.545486636612236,1.3988291112959563e-05,3.6147096122262296e-92,2.608127048489855e-07,7.7853748140384e-06,0.00013960560409413442,1
0.32068071673330123,0.6792133743412133,1.4967256378400632e-05,1.5087648840225566e-07,6.04768129081954e-271,8.686022969273926e-06,8.210476964957344e-05,1
0.06728737989255706,0.9216177680222448,1.5885245426353944e-05,1.5228841018587802e-07,0.011059266907953804,8.567758945216132e-06,1.0979884462543323e-05,1
0.07375870224972368,0.9152304295673294,1.4735412799750805e-05,1.4853940376089294e-07,0.010973109986129506,8.35683952400651e-06,1.4517405089810986e-05,1
0.12979090680633215,0.7638237221443878,5.1723604483207534e-05,2.2716246189880719e-07,0.10628014928801245,4.9628890365835645e-05,3.6421039569660904e-06,1
0.08600149597338264,0.4283849145141893,3.731000454242493e-05,1.1426852125780652e-07,0.4855378883947915,3.6190942233451185e-05,2.0859023396837135e-06,4
0.2074268997579261,0.39159422258616744,3.477905487891924e-05,1.5504768054220387e-07,0.40087436599767556,6.424017786865089e-05,5.337377802890434e-06,4
0.08499952292550067,0.2083943009774175,2.9100599181511325e-05,1.590091649261999e-07,0.7065175850778248,5.600350792740176e-05,3.3279029832417282e-06,4
0.0058177861439512825,0.12162448738186551,8.975624996556023e-06,3.56151712336903e-08,0.8725332564920156,1.3185231651856287e-05,2.273510347964803e-06,4
0.08594708192125453,0.8944527666609209,4.2435251254192185e-05,4.1488996064932634e-07,0.019485414072753733,6.697847435383069e-05,4.908729502279539e-06,1
0.06405098735775833,0.8800403641711136,0.0032348281191003484,1.4431210802945332e-07,0.05098631359179375,0.0016847531552332384,2.609292892759656e-06,1
0.06256101815703397,0.8828646008331547,0.0025650071074688227,1.3919077187973237e-07,0.05047456409097768,0.0015321539260706792,2.5166945224678673e-06,1
0.12188345981009983,0.8263835164276262,0.0020283463647599305,1.535058238347083e-07,0.04731664861700064,0.0023850997511345546,2.775523555150146e-06,1
0.09062933020866566,0.8597718819771804,0.00438658858899395,2.0387191557788076e-07,0.04131007389888071,0.003898750995368854,3.1704589949080114e-06,1
0.11570781168105429,0.7905131329553832,0.001613352158959204,2.746747988370217e-07,0.05280383358031811,0.03935651409305695,5.08085642944396e-06,1
0.1891647380637878,0.5574981697242829,0.0030336084388956222,3.181522319189672e-07,0.16245121140251054,0.087846069128651,5.885089640300682e-06,0
0.04136514436593773,0.8752204912065535,0.0014390536393567572,2.493064899867189e-07,0.06627163719157696,0.015699907804169813,3.5164859153697807e-06,1
0.07077659701492618,0.5843345763122474,0.001274044611495622,1.963262420942055e-07,0.3378500186600049,0.005762102775919082,2.464299164560181e-06,1
0.08208845506841012,0.27236957043662907,0.00042194316810516107,1.0168089308977175e-07,0.6440394571089917,0.0010785916726846934,1.880864286036342e-06,4
0.09912123227094001,0.7519886277227691,0.0006059562461202545,1.6178033209391554e-07,0.1472312973570229,0.001049505631035321,3.2189917803901453e-06,4
0.028855534897194272,0.9158156199452875,0.0001526462174105179,9.712230043120166e-08,0.05455733567208212,0.0006146053297053558,4.1608160197273495e-06,1
0.03144494156651787,0.9231026781807118,0.00018232954794604158,1.0321381328199692e-07,0.044587232007815114,0.0006777691052457141,4.946377950364903e-06,1
0.03739786502235911,0.9252000573099167,0.00015912759702498794,1.0584012665424258e-07,0.03668010658275262,0.0005576654074667532,5.072240353294738e-06,1
0.049904123627351284,0.9088666445108311,0.0001001023464208395,1.4230101417860277e-07,0.04086440425484741,0.00025659058980980197,7.992369725433126e-06,1
0.05550552850049707,0.9419327549197954,1.4836273695729817e-05,1.1086277369388708e-07,0.002531557350354283,7.798022991087059e-06,7.414069892640373e-06,1
0.061653927314394084,0.9381052999006931,2.3565019549213758e-05,1.5492123847528332e-07,0.0002006762677065258,1.2648449052707143e-05,3.7281273658668213e-06,1
0.15825185181176016,0.8416928824381896,2.2832542099842938e-05,1.4956261300983006e-07,1.6008435951326505e-05,1.2478781505769822e-05,3.796427879982142e-06,1
0.13511152866257128,0.8648331659354983,2.22199485981444e-05,1.549228373607729e-07,1.6582167624503204e-05,1.2415873546043791e-05,3.932489324479244e-06,1
0.13632751254284586,0.8636153855434349,2.3212968524601398e-05,1.4827347639219e-07,1.586213790065241e-05,1.3409874683445317e-05,4.468659133977554e-06,1
0.16262094517696632,0.83732177057755,2.020814286170813e-05,1.5495118469010998e-07,1.7758254655885275e-05,1.4021153950288029e-05,5.14174283111299e-06,1
0.41016736455769015,0.5897653331959293,2.7565270665298806e-05,2.096861525145719e-07,1.4158868381801743e-05,1.999559952057722e-05,5.372821660411737e-06,1
0.3462852004240097,0.6536417232905253,2.856314637738375e-05,2.1957565589749425e-07,1.6627251263944406e-05,2.1931682036049142e-05,5.734630131739505e-06,1
0.2959272087042071,0.7040082487959188,2.4873068391660147e-05,1.8563005977617372e-07,1.7214387419544987e-05,1.7421336788949334e-05,4.848077214197219e-06,1
0.48034036653151085,0.5195997629538012,2.2966074095549595e-05,2.431699386445523e-07,1.0550200347060464e-05,1.6784679260458692e-05,9.326391046246418e-06,0
0.15802345771854512,0.8408058983208383,2.7329818368941463e-05,2.0801956570787024e-07,0.0011145296132465696,2.15725660381161e-05,7.0039433972806345e-06,1
0.20244758070716148,0.7940052157335836,2.470557488264802e-05,2.0220911703690253e-07,0.0034976718949582537,1.992267893976509e-05,4.7012013573918024e-06,1
0.27994082154659855,0.7152564879993666,0.00016353397183465888,1.9748672054481328e-07,0.0037964794761676042,0.0008359507888179964,6.52873049390336e-06,1
0.2521643886555853,0.7437979535580972,0.00018970323034782723,1.7482715638494785e-07,0.0032636602536766425,0.0005760539599566002,8.065515179936378e-06,1
0.18799995825009863,0.8080592905965815,0.00019550414189409146,1.699557855221067e-07,0.0030312553174278558,0.0007048229212805047,8.99881693182361e-06,1
0.1471987257528153,0.8500884393128562,0.00020057475603973843,2.06758829734944e-07,0.0022146340122046497,0.0002684174263761286,2.900198087833804e-05,1
0.2422803300157993,0.7557007474040116,0.00012629377980980552,1.8595744745137722e-07,0.0016795925574551872,0.00018660939930554814,2.624088617094169e-05,1
0.26252926174412367,0.7346533855854207,0.00015961324355541086,1.7218824401371e-07,0.002186090205674278,0.00044640178559899067,2.5075247382842045e-05,1
0.5590343749532104,0.4049719244918653,0.0007933628596340845,3.3907082640822066e-07,0.006762330057859793,0.02842365173019622,1.4016836407787195e-05,1
0.18332862627409793,0.8146987616625843,1.7751940866236846e-05,1.4513027694699345e-07,0.0019269813161946633,1.1792005616612816e-05,1.594167036347916e-05,1
0.123735898488287,0.8761556804371177,2.8195434101014883e-05,1.8378024701967845e-07,5.7624436251245234e-05,1.8309623740490807e-05,4.107800255382491e-06,1
0.22223410772499141,0.7771252401807174,1.8951105847219006e-05,9.190341531141084e-08,0.0006048958657593354,1.2742508437533235e-05,3.970710831559572e-06,1
0.5376256607781024,0.46079633632877165,1.9277770287561714e-05,1.0191294007927108e-07,0.0015172610618350917,2.043159715129238e-05,2.0930550911753673e-05,0
0.48196316073806517,0.5143586746708947,7.765149376358069e-05,0.0,0.0033869166873202556,0.00019315447854049875,2.0441931415687517e-05,0
0.25227808306245947,0.7444249089054985,8.01602285553102e-05,1.7157149772221843e-07,0.0030267773653313824,0.00017962922903773056,1.0269637619860785e-05,0
0.2550926372041714,0.7411000712444024,7.397310951274537e-05,1.975187511614292e-07,0.0035365118524787642,0.00018837237225142916,8.236698432062985e-06,1
0.13606708115749327,0.8541492179173973,0.0001963957867515515,1.5777310129078764e-07,0.007118349938051263,0.002463177081694664,5.620345510678121e-06,1
0.138015457957581,0.8460412745992215,0.0002354623742223393,1.7438371125972645e-07,0.011142395525292836,0.004559108704515735,6.1264554554174056e-06,1
0.21810778839836262,0.7665387506246383,0.0002641365483010072,2.0324979676390495e-07,0.012841584952315141,0.0022436761807826467,3.860045803644056e-06,1
0.10878184081164541,0.8493530754952238,0.0009567608687255339,1.9839705942810602e-07,0.016994511014380938,0.02390679533214337,6.818080821775646e-06,1
0.02385823934461071,0.9283503473637309,0.0010527194005651042,2.1196015599132737e-07,0.006493279469337656,0.0402318055105101,1.3396951089250976e-05,1
0.1640466680754317,0.49521612623979716,0.00742803792827755,4.06301136960357e-07,0.012589977960438089,0.32071014190320146,8.64159171720123e-06,1
0.04467382927150052,0.9137329067244669,0.015956536599219372,2.9866458918459434e-07,0.007906401280615228,0.01762334243600039,0.0001066850236080836,1
0.008601230287782138,0.9819028430016336,0.000796698712556026,9.36425046576498e-08,0.0072281213344551915,0.001457090425012548,1.3922596055647946e-05,1
0.0004519069989016785,0.032787726919906744,0.39699061425094745,0.00020141455540406635,5.4597509087221095e-05,0.5695056213568787,8.118408874107793e-06,5
0.0007039513865692589,0.04859295782698116,0.5484400722238241,2.3240562990477002e-93,9.097133366511612e-05,0.4021557606768842,1.6286552076185202e-05,5
0.00038348335753570433,0.0317069037615245,0.46688021531822577,0.0004440159292726605,0.0001387499896058481,0.5004412486250415,5.3830187941177445e-06,5
0.0012245143871689043,0.010432263820608096,0.6972994670229049,0.01980580060974273,0.0001585642964463301,0.27104480494803107,3.4584915097981826e-05,5
0.0007535791077584034,0.007500792722893924,0.903999682440716,0.018676463838179013,9.361833550437807e-05,0.0689536147116177,2.2248843330474228e-05,2
0.0004887579515677542,0.0054432314990322805,0.8901442313945495,0.001055901510730386,5.778557831017401e-05,0.10280425473680277,5.837329007182396e-06,2
0.00035670217306220294,0.06063053313667652,0.8391623887127743,0.00108917515462762,1.923986816889846e-05,0.09872780486525667,1.4156089433776133e-05,2
0.00022439555535653375,0.022889494145454447,0.8827402772471837,9.47855962503846e-05,1.277666072670293e-05,0.09402538266872086,1.2888126307430702e-05,2
0.00022495950838009957,0.06094821808599422,0.5876652348003836,0.00011345505860038997,6.22798990047368e-05,0.350967934482605,1.791816503191412e-05,2
0.00018897638195327046,0.023409451020616912,0.8154556198282792,0.0021482296114876905,7.963797564949701e-05,0.1587159874645057,2.0977175076139374e-06,2
8.874001183027264e-05,0.001084018824065545,0.947357304540495,0.0030365292498307057,1.4601934851862281e-05,0.048413208511484875,5.596927441897927e-06,2
0.00024308733853832873,0.0018192125411788677,0.9156721137502014,0.0008623088808130961,1.8709277588029423e-05,0.08137786223793886,6.705973741538026e-06,2
0.0004626644655275821,0.003436405391789237,0.7434427585198446,0.0010228440070069757,7.349276763061929e-05,0.25154912920331224,1.2705644888446647e-05,2
0.0003574404519300649,0.003248607885369253,0.8182854932479735,0.00020493821073376884,1.9480030087685557e-05,0.1778716351798973,1.2404994008379466e-05,2
0.00012042763107173867,0.0070831223617950625,0.966401091505315,0.00018784787001177578,1.5413834108712597e-05,0.02618842912743581,3.667670261959424e-06,2
0.00014140255236052426,0.009202704581809934,0.9498753946500041,0.00019863388166573853,1.277710133136452e-05,0.04055451063927161,1.4576593556734867e-05,2
0.0001824942451030409,0.011569244236856749,0.9601397432474702,0.0001266750317450081,9.956687627164477e-06,0.027964392394057225,7.494157140887485e-06,2
0.0002595418303479413,0.003722161084002506,0.9559078724693558,0.00011650905022949746,3.382689377097173e-05,0.039947580135967484,1.2508536325585125e-05,2
0.0003339449392950263,0.0029411040995511555,0.879843537417227,0.0021404322600915822,4.6309358978420476e-05,0.11468512390961154,9.54801524521213e-06,2
0.0010720297029109876,0.01503689333389346,0.905801931857657,0.011926171459751254,8.905228802279013e-05,0.06603149749101313,4.24238667513068e-05,2
0.0004045763537774934,0.0057837820984748736,0.9532870484766645,0.0002403948853539063,4.668184888120363e-05,0.04022419371252698,1.332262432122417e-05,2
0.00035869451150199815,0.0031852752538002508,0.9604984244291755,0.00024192283353426504,4.138779447713965e-05,0.03566248343374945,1.1811743761609793e-05,2
0.000670157919646292,0.006821456989415314,0.9572407899626757,0.00014436281470938677,6.759442814353169e-05,0.035033916473051784,2.1721412357996494e-05,2
0.0001480055071036259,0.001980970876735649,0.99322799714705,4.2608305958895185e-05,9.784054627699914e-06,0.004585497567825159,5.136540699055713e-06,2
0.00022036462867606343,0.001879564404580459,0.9928798857117848,1.726125131383174e-09,8.95513331743888e-06,0.005001738468094913,9.489927421001822e-06,2
0.000491084177111447,0.0018846432504502826,0.8817555777767332,0.009670638831792292,6.643263046640263e-05,0.10611595842061936,1.5664912827087292e-05,5
0.0005823518671064033,0.00594000389508217,0.5920729314932262,0.0006159510931544788,5.752471966679959e-05,0.4007095039014395,2.173303032448599e-05,5
0.0007143357436229465,0.0018254779860039493,0.24286601711115258,0.0014299287915788231,0.00011220675327200664,0.7530297737586464,2.2259855723210456e-05,5
0.0008769018088061346,0.0020650752737081226,0.3724645096440741,0.0013065507803192234,0.00015561004355701467,0.6231061692780442,2.5183171491086962e-05,5
0.00018830400076814968,0.0015376419469252194,0.7734025085049993,0.07689936540039241,4.539633561558941e-05,0.14792425946029306,2.52435100657012e-06,2
0.00018467171348990062,0.001633602750371582,0.859180599916904,0.00027511063888233485,3.878593486985642e-05,0.13868328360439983,3.94544108260182e-06,2
0.00010164072777020252,0.0016898786338307257,0.9290862336589986,0.00034139347814262635,3.6572206463016085e-05,0.06874227613122824,2.005163566752623e-06,2
0.0001594121286459052,0.0020436977947770854,0.9553429453897416,6.216839324817216e-05,2.3028909747976266e-05,0.04236126715825099,7.480225588242999e-06,2
0.0003190565384416368,0.004146910158298164,0.9762014738925276,1.2305841662468228e-73,4.0833834863667056e-05,0.019277056425372002,1.4669150496706592e-05,2
0.00024207560857138712,0.0030356949348848417,0.9601881314315942,0.00010439958585822374,3.401882447772912e-05,0.036386052744139606,9.626870474275273e-06,2
0.00019437641964964968,0.002365724586161676,0.9686835169118327,0.0001303575215262816,3.342700421821909e-05,0.028589377112999463,3.2204436120932498e-06,2
0.9491725337281863,0.036591733643366986,1.7051049478329304e-05,2.2816123315129517e-07,1.9577473706967792e-05,1.1815829170316808e-05,0.01418706011485784,0
0.9292228732280398,0.05217020509835858,1.963421208533952e-05,2.5787189048744474e-07,2.4050888790331357e-05,1.3354460631819195e-05,0.018549624240203517,0
0.6844367964056574,0.310552311663411,1.7566150495553662e-05,2.101245535044778e-07,1.3393475404303479e-05,1.1341483604648645e-05,0.004968380696873567,0
0.7033281103128057,0.2966244636313811,1.5965327226345684e-05,2.969857777536677e-07,1.302974575298756e-05,1.2988292912983863e-05,5.145704143107201e-06,1
0.2981361526353756,0.7017788453454835,1.3033316024078661e-05,1.5295602230437098e-07,1.119613031700733e-05,7.600750278625873e-06,5.3018866498779907e-05,1
0.33472471986920127,0.6647269463679786,1.612969517245012e-05,1.837983816541078e-07,1.7916611900173196e-05,9.540419859363607e-06,0.0005045632375065625,1
0.2160325236876745,0.7838276893098107,1.7272554436620482e-05,1.741149007706497e-07,0.0,1.0023868154689258e-05,0.00011231646502284514,1
0.0646790587933592,0.6622143413629823,3.109391590694829e-05,1.3966590946783675e-07,0.27304261374715205,3.051324611859383e-05,2.2392685713745867e-06,1
0.08083899468055884,0.6026209192070521,3.603893433696287e-05,1.6187766621246947e-07,0.31646592399214113,3.536591777524739e-05,2.595390469572856e-06,1
0.037870418999506404,0.25018331296181273,1.785306935299287e-05,7.598053909275334e-08,0.7119025167874063,2.4604002654819168e-05,1.2181987277695847e-06,4
0.005537613399533572,0.015980106972783164,1.8030334805566189e-06,9.909911116143987e-09,0.9784749574310564,4.9394859012764185e-06,5.697673338189299e-07,4
0.00756922059200044,0.021882012936003878,3.1584335525419417e-06,8.834120397642282e-09,0.9705396250769396,5.247380308451192e-06,7.267470747392866e-07,4
0.004286126925209745,0.11569708418385027,7.772130528424598e-06,4.03271404163516e-08,0.8799947657864717,1.2056217851408982e-05,2.154428948142324e-06,4
0.00505761374773302,0.12899956529507517,9.031152363926043e-06,4.758587492518525e-08,0.865916473614592,1.4726386256658139e-05,2.542218104309963e-06,4
0.005759330014948244,0.134488490477887,8.628222976896244e-06,3.5257316030252454e-08,0.8597282126116913,1.3052748679243548e-05,2.2506665013705877e-06,4
0.030388538088852238,0.9172783157555221,4.504655410317615e-05,2.063168704230568e-07,0.052198624417505154,7.609853766031655e-05,1.3170329486520059e-05,4
0.08661079385620545,0.8949231879201408,4.5233499753370386e-05,4.14741996556947e-07,0.018348444970272965,6.701370047131901e-05,4.911311159802108e-06,1
0.0717134644853325,0.9107971806162211,4.529552114904937e-05,4.156773353327423e-07,0.017371620069174244,6.71055855400293e-05,4.918045247909496e-06,1
0.06859344800050554,0.8712192378659479,0.0028557859747034334,1.4400631344327677e-07,0.05560797027105395,0.0017208101176244286,2.603763851217335e-06,0
0.14222936417900428,0.6984981014182071,0.002153335654120614,3.214017553212964e-07,0.10235467845414166,0.05475825369436963,5.945198401429326e-06,1
0.058848690385754666,0.8446758895292978,0.0013195081092865378,1.8917805098996597e-07,0.09121028397478395,0.003942770452853647,2.6683699723932597e-06,1
0.0782452416875394,0.16554298118496177,0.00039146378206417426,7.68766661754982e-08,0.7543582389463495,0.0014605754796787008,1.4220427402360996e-06,4
0.057996105282694374,0.419075606322327,0.0003296114571047867,8.714450771266664e-08,0.5220851361640838,0.0005113063435507987,2.1472857315599165e-06,4
0.04515472801194948,0.9112832622121247,0.00017688846219381476,1.0162231243034827e-07,0.042879737239907484,0.0005028348492652827,2.4476022466449774e-06,1
0.030230628790070976,0.9323758558832923,0.00011680380826675034,9.61492659049579e-08,0.03700523500470393,0.00026677254502341873,4.607819377011727e-06,1
0.047260546069263526,0.9007606542610905,8.966623563290229e-05,1.4422642739581328e-07,0.05174339210936583,0.00013916424792999798,6.4328502898907825e-06,1
0.05317404654610208,0.9337864393375829,1.8744886929880626e-05,2.2729077273298964e-07,0.01300699356536984,9.417438449228712e-06,4.13093479354122e-06,1
0.067719120674926,0.9321603465548501,2.222343034444807e-05,1.4374069543660061e-07,8.054562936525865e-05,1.397132278942549e-05,3.6486470292389585e-06,1
0.15441605146839135,0.8455238496192922,2.3747591754301032e-05,1.5555656746115837e-07,1.9780526221685652e-05,1.2466662138111624e-05,3.948575634908504e-06,1
0.3362273089417794,0.6633856873616818,3.696671899002327e-05,2.961395744063285e-07,0.00031813911654520166,2.383876462525826e-05,7.762956803910278e-06,1
0.23607045826021583,0.7638639691622225,2.9649245875468047e-05,1.743587943434425e-07,1.3592050335679218e-05,1.4546064944130658e-05,7.610857612125435e-06,1
0.20809674110070958,0.7918391850430221,2.8160142100654795e-05,1.8249604722515582e-07,1.2317379137674957e-05,1.8014926609631364e-05,5.398912373171429e-06,1
0.22240390081566916,0.7775338811647384,2.7527721982686058e-05,1.8132738734623697e-07,1.1883993064653416e-05,1.7260638093614907e-05,5.364339063906601e-06,1
0.3572904087200941,0.6426385735286584,3.0365378159140427e-05,2.1694945242428083e-07,1.4224974297466816e-05,2.0651518988431226e-05,5.558930350055603e-06,1
0.3999075391491259,0.6000167085331605,3.075399303494274e-05,2.295199561042744e-07,1.6347858875113846e-05,2.2426601662575615e-05,5.994344185065557e-06,1
0.35300020294521817,0.64693382051152,2.7146689471794016e-05,2.0259830874199615e-07,1.3539957368457053e-05,1.9796063247781542e-05,5.291234864823522e-06,1
0.2719716336696875,0.7279611105208765,2.7738944866156664e-05,1.8491613461851372e-07,1.7148181632253114e-05,1.735433508335976e-05,4.829431719530747e-06,1
0.4643620797334635,0.5355685055207943,2.6163170869527478e-05,2.695861821910516e-07,1.4235248605893948e-05,2.363804848661352e-05,5.108691597937162e-06,0
0.31789471378225076,0.6800925771522633,1.8834874276176407e-05,2.875950758115872e-07,0.0019750333065608884,1.4528218470515442e-05,4.025071102565909e-06,1
0.2738398234700774,0.7248986986751355,2.3901111599128187e-05,4.009849951602108e-07,0.0012013131185086648,2.7128311927186234e-05,8.734327756960061e-06,1
0.1466525065420078,0.8523396316580605,2.196721676404843e-05,2.237209798068901e-07,0.0009595073501277883,2.164763573541746e-05,4.515876324821069e-06,1
0.14356787916660194,0.8555621687988548,2.2790096657151894e-05,2.1781247893923863e-07,0.0008201349345938433,2.2097118489885037e-05,4.712072323531633e-06,1
0.22734711051400197,0.7703499603827232,2.2356183262908057e-05,1.8921079941139842e-07,0.0022583119307670414,1.797846397816145e-05,4.093314467388534e-06,1
0.26319231829263273,0.7344183699932302,2.3567046975202238e-05,1.9289054323402455e-07,0.002342374290700696,1.9004565272232668e-05,4.172920645642079e-06,1
0.29882118356794296,0.678096467365857,0.0001258842615295436,2.6521092609875494e-07,0.02241231126125653,0.0005380982040370773,5.790128450859215e-06,1
0.25229110366983015,0.7394636458838336,0.00022320307728489978,2.910564465316524e-07,0.006595439144296729,0.001419697608696736,6.619559611158014e-06,1
0.25142165350922735,0.7441079689617048,0.00014346043240741246,2.3747590739515927e-07,0.0034989492117461765,0.0008223355007399015,5.394908266687036e-06,1
0.30008411788596934,0.6964315574126697,0.00014126396604197103,1.6369384752506912e-07,0.002750151915853712,0.000586241804566729,6.503321050913449e-06,1
0.29264315406636515,0.7039663457415718,0.00014946798327917298,1.9125329188554944e-07,0.0028481032437736734,0.00038643767651350667,6.300035204794617e-06,1
0.1713603970942392,0.8267228110353957,2.2557817368903624e-05,2.2542254426405887e-07,0.0018483881756901608,1.3954103698801726e-05,3.16663510631054e-05,1
0.2701379285044011,0.727445796889719,1.8123099161832038e-05,1.7718356629403176e-07,0.0023583640172631644,1.380760499898813e-05,2.580270088963382e-05,1
0.26894857807656086,0.7244873682012075,0.00025976274252877883,1.5994681311048285e-07,0.004513934912537455,0.0017750932860165108,1.5102834335885516e-05,1
0.15373546515797723,0.8456056544270985,1.4559264991155637e-05,1.2660441405393017e-07,0.0006200010700371423,1.0286757477608787e-05,1.390671800444734e-05,1
0.25499667482906324,0.7449497362083792,1.847188819993106e-05,1.4992166473945247e-07,1.5555717641903333e-05,1.6060431541792947e-05,3.3510035093061356e-06,1
0.2075748760096551,0.7923071105729704,1.9785461067069867e-05,1.6773557671551836e-07,7.82546694947521e-05,1.5893537600425902e-05,3.9120136353664065e-06,1
0.6193203981804118,0.3798187788528154,1.8137641167722088e-05,9.588558790422114e-08,0.0008077545402206702,1.514222703297863e-05,1.9692672763357367e-05,0
0.5757112391755861,0.4233364277436741,1.606132556627761e-05,9.528352870791209e-08,0.0008949798810799651,2.1627566777439094e-05,1.9569023787570443e-05,0
0.18867786754795846,0.8097850931887027,1.610809950430158e-05,1.7112223693523848e-07,0.001500175219576171,1.2685135187863545e-05,7.899686833492206e-06,1
0.162351202439712,0.8318130924571165,0.00011585039837753751,1.5981364941644732e-07,0.004835517450866723,0.0008803187916244951,3.858648653326118e-06,1
0.14129021442940232,0.8489593977566257,0.00020345492269244696,1.592295573170036e-07,0.007760231384372366,0.001780870048558584,5.672228791297395e-06,1
0.13520771049031843,0.8533332419814882,0.00020756565769366442,1.5913443746738677e-07,0.008668531046470236,0.002575922898934144,6.868790657787973e-06,1
0.13588222705692582,0.8526400186042542,0.00024321024475986596,2.019591199581068e-07,0.0061441262149051915,0.005083419738118528,6.796181916511638e-06,1
0.14945328728882565,0.606344027679634,0.008690176138235979,4.970375174041989e-07,0.013755174456623977,0.22173690175905464,1.9935640108321645e-05,1
0.1222029348773015,0.5251252156178553,0.08600022517975667,3.36947730246696e-07,0.06819028384211781,0.198455547222415,2.5456312823542235e-05,5
0.04155171464115402,0.8585439310111586,0.06388012834618158,3.3814311040736074e-07,0.013311691863433698,0.022615833302454223,9.636269250738988e-05,1
0.07397714111602502,0.8404932818286621,0.040668372484643396,3.612868192128488e-07,0.012431697862943151,0.03230009131060164,0.000129054110305623,1
0.034041535996004596,0.9404527801387808,0.009332319344815366,2.417950775578224e-07,0.011036751629616261,0.0050499550188060505,8.641607689924302e-05,1
0.023317241778852082,0.9447825912563144,0.007494877255626972,1.9191495803407835e-07,0.02175796897884539,0.002577666911414268,6.946190398862852e-05,1
0.006371699321127989,0.9833362837796706,0.0007987760636299237,8.273462008798252e-08,0.00832862075234839,0.0011531699011457987,1.1367447457129183e-05,1
0.006570004503810073,0.9468309007075512,0.00021022460065408432,1.0694295730750054e-07,0.04424630933537366,0.0021392308677813466,3.223041872456602e-06,1
0.006635959311920403,0.9563359246893283,0.0001296673795513238,1.1404996636637355e-07,0.03607341779962594,0.0008216613723374688,3.255397270098439e-06,1
0.0004583890094201232,0.3203106735104131,0.4645342744506205,0.04268309740831032,6.43613470180333e-05,0.1719457212367243,3.4830374938640904e-06,2
0.0006000944981222324,0.4720277077550032,0.48648265971584387,0.00021456559189904714,5.74531074102984e-05,0.04058780061743955,2.9718714281731783e-05,1
0.0003770771416451292,0.5840144145468839,0.24472391788902045,0.00012292970229414247,3.63104534558292e-05,0.17070987155040818,1.5478716292385872e-05,1
0.00024084546408406702,0.5636359796033661,0.34792300283815897,0.00015279959191475615,3.081533309387385e-05,0.08800876669090207,7.790478480336198e-06,1
0.0007589418303472869,0.08066039319745741,0.44081302796266236,0.0019218994777439118,0.00010033725911680482,0.4757121114357462,3.328883692611793e-05,5
0.0006906619877644269,0.05452339232526163,0.5548488163170662,0.0003802416064108859,7.219819850438337e-05,0.38944526365707,3.942590792254225e-05,5
0.00021709679483774207,0.03144291233884992,0.204373557831917,0.00012525393057096886,7.135626465048238e-05,0.7637667840896173,3.038749556621861e-06,5
1.1082609276809795e-05,0.000730710030612265,0.6757027020342254,0.2790271899028618,3.3317331606175423e-06,0.0445233574601189,1.6262297442278276e-06,5
0.00040520221034152817,0.005599414004456805,0.9859769463109749,0.00018824041730666194,2.4457291616634157e-05,0.007785619022655107,2.012074264843426e-05,2
0.0003622650986025985,0.08951639351692527,0.8988040028912773,0.0002226678452988853,2.1865683189597446e-05,0.011054816309577109,1.7988655129370872e-05,2
0.0006108871994126887,0.1503495804104727,0.5990209011533822,0.030699440657578177,3.830805701496214e-05,0.2192388945110569,4.1988011082347e-05,2
0.0003879938025149315,0.0615107016362335,0.42429534602120483,9.414733395195025e-05,4.737477937676507e-05,0.5136395578321377,2.487859458034232e-05,2
0.0002690278922680892,0.0020133459787904837,0.9555526043071422,0.0005975657002538534,2.047162480765581e-05,0.041538331640468454,8.652856269427075e-06,2
0.00020555913188473522,0.0018682301153789495,0.9120587124109722,0.00011605977139226262,1.5258565347156029e-05,0.08572786251470413,8.317490320376415e-06,2
0.0002537704156183285,0.01761085335727165,0.7761950906482186,0.0008956453609074905,6.707231138181882e-05,0.2049734593352524,4.108571349668321e-06,2
0.00019333258716522266,0.014077253012831652,0.9460600979258351,0.0003073787999875807,3.8833757449641006e-05,0.0393206144020187,2.4895147120568533e-06,2
0.00016604195954047569,0.011305855883158062,0.9382809579096185,0.000297977310618819,9.84131229121702e-06,0.049922209058507326,1.7116566265468757e-05,2
0.00014477909894808303,0.0004487381196584441,0.996865669665367,0.0007784119852255627,2.8293266680114086e-05,0.0017299871768403727,4.120687280537819e-06,2
0.0009762967589720088,0.012039970172113437,0.9209293744203746,0.002497713539671544,8.735299885182252e-05,0.06343065672193021,3.863538808663052e-05,2
6.786957605283035e-05,0.0009314196799995875,0.9983764071621898,7.428716162406719e-05,3.0989623352131873e-06,0.0005450297295892838,1.8877282091765167e-06,2
0.00013043281938166434,0.0011431374537028568,0.9951240852481223,8.034775020432016e-05,6.4374477232477385e-06,0.0035090912274241305,6.468053441250936e-06,2
0.00013428329301391832,0.0011334096731979092,0.995765410883362,1.9060022094262534e-09,1.1333567627423178e-05,0.00294914541607973,6.415260716773159e-06,2
0.000511189694608882,0.005677936087578302,0.5718353998158521,0.0004183022409397708,5.3778292720530235e-05,0.42148036550596685,2.3028362333559542e-05,5
0.00024715898190194596,0.0023114409040578036,0.45047317948787446,1.20292985529179e-05,2.756405996526442e-05,0.5469180019662792,1.0625301368467595e-05,5
0.00025688122489001436,0.0026716616184063813,0.31695235154865203,1.4940872943588374e-05,3.185971180460137e-05,0.6800600238484741,1.2281174829216303e-05,5
0.00022193124367551136,0.0028497546131014536,0.9267641069783805,0.0018375914155970823,7.425146009896971e-05,0.06824774172950224,4.622559644322121e-06,2
0.0001797284531859152,0.002004761137183036,0.918738724835755,0.0004372134117765995,5.802996541688419e-05,0.07857924473760516,2.297459077417525e-06,2
6.326666827637699e-05,0.0006721499836327997,0.9922476209590189,4.512612230239142e-05,7.573958023413045e-06,0.0069618021438823206,2.4601648636879715e-06,2
0.00013446551946410745,0.0017270219744571539,0.982568132701394,1.696139578669222e-05,2.099174394160027e-05,0.015528292292576573,4.134372379778842e-06,2
0.0001479683681556908,0.0019004472250423764,0.9812470252662361,4.245521054989224e-07,2.08966062719638e-05,0.016676186018293286,7.051963895036918e-06,2
0.9000198211180287,0.08767494066123198,1.9641787497309872e-05,2.579713844624275e-07,2.937737408354205e-05,1.3861312350232203e-05,0.012242099775423416,0
0.8932336441222695,0.0850844459382001,2.036199133641441e-05,2.435681249064277e-07,2.4498332499626253e-05,1.3087396747215964e-05,0.02162371865082228,0
0.5820724712943274,0.4178995884749717,1.2801652759060786e-05,1.6144662165917417e-07,1.9919829556684943e-06,8.88921104696069e-06,4.095937317621763e-06,1
0.46817069185595994,0.5317715684991425,1.4602417565450856e-05,1.7137063988262572e-07,1.2544050163757307e-05,8.827210354935702e-06,2.1594596173507957e-05,1
0.28521279822989615,0.7147064183646308,1.284848601426087e-05,1.5078689949234234e-07,1.3456722174913611e-05,7.4929613823829215e-06,4.683444900197849e-05,1
0.2780569609817053,0.7218554281830881,1.2226273258922085e-05,1.575418986281941e-07,1.617846735430948e-05,8.597175814024773e-06,5.045137688046421e-05,1
0.365997291921513,0.6337162528854943,1.816963720019329e-05,2.1003323577234867e-07,1.5975323414609633e-05,9.737750820353254e-06,0.00024236244832193216,1
0.12117073347635003,0.8787482878907604,1.2542464713330627e-05,1.2643352823082615e-07,1.9298650324115797e-05,9.593343739868627e-06,3.9417740583952676e-05,1
0.06550314040710786,0.9343752364501052,9.786392140307187e-06,9.865111166183952e-08,9.225397341557122e-05,8.062294951847771e-06,1.1421831167814282e-05,1
0.052572204784660154,0.8982534467188863,2.6401379723385734e-05,1.7390462029421448e-07,0.04910487455807834,3.0392808038629747e-05,1.250584599292333e-05,1
0.07167581157694101,0.8749415114176758,1.4756434378778836e-05,1.8182742126436353e-07,0.0532965306734005,2.4066031626794512e-05,4.71420385559822e-05,1
0.06945659079345774,0.45624397685252027,3.253314650100717e-05,1.3845720086869334e-07,0.47421942179298104,4.5119068036161726e-05,2.219889302744719e-06,4
0.004696380598482995,0.011989335168012578,1.3885440515625605e-06,7.631776270503576e-09,0.983308853990826,3.595280188580439e-06,4.387866618564942e-07,4
0.08071378739513337,0.8977869337597678,5.0980287875004165e-05,5.977300038949077e-07,0.021368506252567993,7.552760145079398e-05,3.666973200975605e-06,1
0.09152845295076648,0.8702140988283218,0.003538719229308148,1.7908204583146305e-07,0.032265461578468144,0.0024498503664046314,3.2379646849419366e-06,1
0.1883177119223539,0.7463960798157313,0.0022241128747903104,2.1161288906508267e-07,0.05784166871569085,0.005215093335316562,5.121723228074419e-06,4
0.18313598106219714,0.7388236846054383,0.003170138678683646,2.9358056164730304e-07,0.06754081175062805,0.007323659752629929,5.430569861236282e-06,4
0.17266169808620352,0.7218548242881909,0.003797746940463011,3.555958147908858e-07,0.0917416216951111,0.009937175683813313,6.5777104034056655e-06,4
0.1543270273352901,0.7623042293264257,0.004660204112210362,4.1495185944707905e-49,0.06121851196121791,0.0174830390171764,6.988247679557686e-06,1
0.09445111813527253,0.8543351767523549,0.003651907732128762,3.107690234715989e-07,0.03250951426077883,0.015044952086636884,7.020263804407844e-06,1
0.07205028037720107,0.834807857514429,0.0014103010594216196,2.1008849477483603e-07,0.03607424377315597,0.05565174185844463,5.365328853057251e-06,1
0.13351588887212526,0.7288708437856607,0.0017598944431757313,3.4224637473234915e-07,0.068682141936837,0.06716455793957475,6.3307762520453225e-06,1
0.026205843107015823,0.9384007169523246,0.0013832873890698982,2.1543781892004968e-07,0.017655581132681602,0.016346650024611838,7.705956477233414e-06,1
0.07701680594699127,0.8672561024277856,0.0012190657971884124,2.2443945087897875e-07,0.046703066042868835,0.007801594161193928,3.141184521117424e-06,1
0.09277923654663227,0.28612752217444565,0.0005148270249075262,1.1492329371270098e-07,0.6186217468815567,0.0019544266307118946,2.125818452312823e-06,4
0.09280664655584886,0.28621205356650964,0.0005149791215837106,1.1495724579785619e-07,0.6188045079002367,0.0016595714520870645,2.1264464883426453e-06,4
0.051756588593491526,0.8999567529439457,0.0001532310631786503,1.211282729229048e-07,0.04741683725512148,0.0007107554562933583,5.7135596965077684e-06,1
0.05972368909362041,0.8314527956686764,0.0001364676304060033,9.823703562332574e-08,0.10826338196073132,0.00042096501285281065,2.602396677618575e-06,1
0.05555209064108244,0.7900372114790143,0.00018383730990387785,1.0977203340332585e-07,0.1538457335623257,0.0003783747303123921,2.6425053278574676e-06,1
0.03406296515228683,0.9300542177757851,0.000116666691853079,9.858062633234297e-08,0.03540276839987856,0.0003530398020533254,1.0243597516650651e-05,1
0.06326261582025093,0.8878347396255396,0.00010878991016155965,2.432965373863674e-07,0.048558787755896615,0.0002270761458748524,7.747445739220672e-06,1
0.154391306869802,0.8455515710972336,2.154111325273597e-05,1.5225982582835157e-07,1.9361313549548616e-05,1.2202453659076426e-05,3.8648926770087054e-06,1
0.21654597847239093,0.7833837370748317,2.618857850503079e-05,1.8263725948441262e-07,2.3224098855165932e-05,1.5919223536977853e-05,4.769914620710881e-06,1
0.3375709860281371,0.6620326769881463,3.600774860915238e-05,2.8300425182696287e-07,0.0003281820418561337,2.43026145700077e-05,7.561574429538907e-06,1
0.20381443922083298,0.7961210981029675,2.3591524826368398e-05,1.704217050637469e-07,1.4003400927425004e-05,1.7666167119978206e-05,9.031161620686734e-06,1
0.21950481601967672,0.7804149602068705,3.14028691676323e-05,1.8927514342322808e-07,2.4348047119440546e-05,1.8684118750199923e-05,5.599463272213843e-06,1
0.2313849967075648,0.7685344181586855,3.1792099945197744e-05,2.218574469212611e-07,2.098603731807097e-05,2.190045036512868e-05,5.684688674228796e-06,1
0.33905521580966347,0.6608691769535864,3.079526135948605e-05,2.1586150929286286e-07,1.9140311236712245e-05,1.9818174418513106e-05,5.637628226197843e-06,1
0.2745446084924522,0.7254039050143003,2.169244635974252e-05,1.3469739674951742e-50,1.0996912937807414e-05,1.449573529235742e-05,4.3013986577582585e-06,1
0.3959878167378128,0.6039383525220144,2.4575429568931896e-05,2.190812759882911e-07,2.028915051610392e-05,2.365361316019493e-05,5.0934656515379596e-06,0
0.6139855439362419,0.38595212917747634,1.623095960293362e-05,2.139436534121993e-07,1.1775447446690017e-05,1.2421960320899175e-05,2.1684575257637076e-05,1
0.4091531116157295,0.588823843886285,1.8200276921640094e-05,2.8168215759786323e-07,0.0019841973670103132,1.4229520144875297e-05,6.135651751169437e-06,1
0.2211248795424118,0.7777859961631833,2.0661657512126455e-05,3.5134825656342287e-07,0.0010370738373183,2.3384319986918464e-05,7.653131330850211e-06,1
0.22968568301386305,0.7694460051009474,1.944620170285894e-05,2.468372984923334e-07,0.0008212991638193042,2.0566849284922654e-05,6.752833083916176e-06,1
0.2890946417993935,0.7085660973358713,2.3045123208425088e-05,1.939226411354328e-07,0.0022934003956687635,1.8426174557947984e-05,4.195248659078615e-06,1
0.27051939854608786,0.726624705115165,2.1960972506642348e-05,1.935730126076506e-07,0.002812406833694582,1.741229935044201e-05,3.92266018277852e-06,1
0.24713250705776835,0.7310174086587717,0.00014197084165437263,2.9910187291633203e-07,0.02109497231740518,0.0006068610483282794,5.980974199322549e-06,1
0.285804836334224,0.6872114393121127,0.00013209046370335432,2.811782950079198e-07,0.026447390194069813,0.0003983399512384287,5.62256635658815e-06,1
0.3291176097810693,0.6620021770491784,0.00011099420636537684,2.708637149878394e-07,0.008036820853194931,0.0007262137054117158,5.9135410653199095e-06,1
0.302996343930732,0.6942292894932214,0.00010625536936594598,1.6909304014691906e-07,0.0023367811400020655,0.0003242020482009116,6.958925437525623e-06,1
0.18970394671699628,0.8079265439901724,9.054347074815707e-05,1.9678621689732914e-07,0.0021456125507688718,0.00010822347991849927,2.493300517866859e-05,1
0.12351332051043427,0.8743323751539419,2.0451712150149186e-05,2.3864445222912223e-07,0.0020883230357739914,1.336582446361315e-05,3.192511878395733e-05,1
0.33488360005576867,0.6636427286464118,1.73473635213737e-05,1.695994546555951e-07,0.0014228571755803413,1.7363202238312326e-05,1.593395702493116e-05,1
0.2127094591693194,0.7702354046933887,0.00029199225488176194,3.1081542397203076e-07,0.012810549849291083,0.003937115008705624,1.5168208989451312e-05,1
0.12735707576758545,0.8714757355252768,1.4422563109015516e-05,1.254156822258514e-07,0.0011297287277776836,1.0975655033179948e-05,1.193634553573306e-05,1
0.11357248039024083,0.8863337061539033,1.8215428642781132e-05,1.3475752637729767e-07,5.8825620933124715e-05,1.1793199194805289e-05,4.844449558782508e-06,1
0.18860762664906808,0.8113298215582256,1.6619527285093834e-05,1.785153483730101e-07,2.8882684135521504e-05,1.3331014857140895e-05,3.540051080125823e-06,1
0.5394277789237819,0.45971991861549943,1.3029061415181878e-05,9.993762606336528e-08,0.0008095608292724075,1.3738101270423289e-05,1.587453113451218e-05,0
0.14135607094325855,0.8528555551409237,0.00011478456370038221,1.567146049722548e-07,0.005355176116749612,0.00031447269753082796,3.7838232318752863e-06,1
0.23822847302071254,0.7480378357332264,0.00021794573871012995,2.049279576275544e-07,0.010992041142893469,0.002517442224105697,6.057212394046754e-06,1
0.1421153121387407,0.8471769422715558,0.0002086657461885675,1.8655204195962504e-07,0.005807680462798486,0.0046849351145790636,6.277714095393748e-06,1
0.1067222548193857,0.8858655464002063,0.00017997757310419418,1.381994168795618e-07,0.004996822402353001,0.002230463180490389,4.797425043601681e-06,1
0.1241324161772231,0.8669179487401006,0.00022372355466250974,1.4839481477193248e-07,0.007019441887132689,0.0017011699001575568,5.151345908701774e-06,1
0.021192904436904934,0.9394758607426059,0.0012114798832945292,9.852593738667945e-08,0.010117907025332698,0.027980583308513475,2.1166077410916443e-05,1
0.0652917857898408,0.9004303912136222,0.0009422064311242736,1.954605743344289e-07,0.010867248361262368,0.022445793708336645,2.2379035239493412e-05,1
0.03254297837318815,0.9335752273645582,0.0012675718146525122,2.2083954032985799e-07,0.013271003713909366,0.019327040207385255,1.595768676635843e-05,1
0.02354971682822962,0.9258443016118637,0.001182504375194142,2.450835611694002e-07,0.015899268845402086,0.03350625371562399,1.7709540125302295e-05,1
0.19011664131567638,0.5915361204329508,0.008487551213908087,4.848990529024394e-07,0.01354987168530887,0.1962898816737473,1.944877935576013e-05,1
0.15925746061886364,0.42549137063682785,0.006814507024047039,3.835968399813422e-07,0.026519368393768127,0.3819088515906965,8.058138956840773e-06,5
0.03364312394683262,0.9313838548663373,0.008249134761254962,2.1043242791615761e-07,0.023083341006319386,0.0035758632338652044,6.447175296281794e-05,1
0.032362993536604365,0.9426611769660229,0.0051417449943845185,2.5131238111034356e-07,0.017074774264545088,0.0026820624768364226,7.699644922549291e-05,1
0.020956161049182874,0.9542933583956893,0.004323009015384644,1.7408554481166514e-07,0.01932566710712567,0.0010102345677354603,9.139577933715193e-05,1
0.008861977093414549,0.9618376731268977,0.00023603882004371484,1.1516504355834846e-07,0.028420716720871625,0.0006400720630668378,3.407010661753599e-06,1
0.0002666325509433176,0.6888596496270033,0.19440651749948712,5.143498360994346e-05,2.6357885215129624e-05,0.11637817139942375,1.1236054317211132e-05,1
0.0003355918327522363,0.42657574185686353,0.30611734108700905,0.0001865544248198866,3.401472582279897e-05,0.2667328281121476,1.792796058492154e-05,1
0.0002519596434635542,0.6105329550019558,0.3228626944136425,0.0001239244731328243,2.8777839209985554e-05,0.06618687968518125,1.280894341412016e-05,1
0.00025053371609821105,0.44384036507225455,0.4680911019586505,0.00017660206766799354,3.713557550746864e-05,0.08759976082725086,4.500782570259423e-06,1
0.0002043175476162764,0.4720966822052592,0.4709969093033488,0.00012151433854944748,3.0285144192052476e-05,0.05654662094166667,3.6705193673373765e-06,1
0.00026701662756703276,0.622143703273219,0.29841151790155285,0.00015521961464755446,3.957876923391067e-05,0.07897900491767726,3.95889610242975e-06,1
0.0006113905561588239,0.0541902644097302,0.3757489789926315,0.00041269807698752895,7.487254453991152e-05,0.5689222411610567,3.955425889520806e-05,5
0.0003169776677722432,0.026749541465677464,0.29824113802743485,0.0014550324946999429,9.046173283902459e-05,0.6731399236511947,6.924960381917501e-06,5
0.0002856845071961475,0.020223753692909165,0.304231682887768,0.0007418078368662687,7.252880314398542e-05,0.6744383009684058,6.241303710652714e-06,5
0.0006663087328559043,0.009207596490899113,0.9799094837750166,0.00027638978825424436,4.0217221353337486e-05,0.009866917729512653,3.3086262108239994e-05,2
0.00038034461758537327,0.09486320713826238,0.8963315437325499,0.0001798969946630359,2.203649915978985e-05,0.0082040846050878,1.8886412691831594e-05,2
0.0003329938141046894,0.15109375587156146,0.829203840262431,0.0002204893892470566,1.586954376332478e-05,0.019115672598411588,1.7378520480883028e-05,2
0.00044535638628598236,0.05836194047165066,0.7218682310500735,0.0018818813824109434,4.054862030876442e-05,0.21737301085045746,2.9031238812622977e-05,2
0.0004697967947322543,0.06756681000530369,0.356945104488109,0.0001982181591850034,5.270035346342146e-05,0.5747429942583894,2.43759408172556e-05,2
0.00021249112652903086,0.03541032132051552,0.8489098924261425,6.947596211394221e-05,5.105432602852306e-05,0.11534150991904464,5.254919625929028e-06,2
0.00016329941927191086,0.001661756326466813,0.9025966367078913,0.00012311170204894886,1.3843277229032366e-05,0.09543525832848551,6.094238606362965e-06,2
0.0006480245499077778,0.004860391235912337,0.712361512779006,0.03562818059788047,0.00021034806861447785,0.2462836696774077,7.873091271336428e-06,2
0.00029488416818055784,0.008810025879585272,0.9688573152371409,0.00013808134813591384,1.2685274628922882e-05,0.021870861183192165,1.614690913646608e-05,2
0.0003007589253042471,0.017596607318796455,0.9130580542826137,0.00022582282505603018,1.994030320947931e-05,0.06878661110586842,1.2205239151478027e-05,2
0.00014245962473317673,0.0006580538557774294,0.9820119343377749,0.001138365646054364,3.582660039659982e-05,0.01600844905291198,4.910882351728388e-06,2
0.0009561194565469658,0.0028963015342249173,0.7553151473479303,0.13207729279125546,0.00016275011690728767,0.10858695813227676,5.430620858407579e-06,2
0.0004356506478846627,0.0061215936098858335,0.9523860892355127,0.0001208352537934071,4.2153108363980415e-05,0.04087187364624742,2.1804498312156756e-05,2
0.0005834502392699308,0.0059388699229944745,0.962664895484084,0.00016166050788312653,0.00013108863311143761,0.030501089891697947,1.8945320959439452e-05,2
0.0009496513104839653,0.006926505760711268,0.83313447497259,0.007265386643925156,5.490828235850509e-05,0.15162998830194055,3.908472799061691e-05,2
6.785682005500361e-05,0.0009440314029382325,0.9981887636255612,3.482188954790308e-05,2.9056111229756245e-06,0.0007593157330160481,2.3049177585609145e-06,2
4.512198851151845e-05,0.0005418034066377002,0.9990476392249835,2.551547533836391e-05,1.6837406272965185e-06,0.0003371386554441614,1.0975084575699862e-06,2
9.200205684568374e-05,0.0012754657342835124,0.9965521512373829,9.865784626718663e-05,4.260344795417692e-06,0.0019748482554545806,2.614524970833672e-06,2
0.00012305307172241352,0.0011453385207528721,0.9947356310258587,1.9260623962530627e-09,9.356409058593755e-06,0.003980136266846269,6.48277969859005e-06,2
0.0006659426138134338,0.0034231917969759786,0.885100307612066,0.0017414143312740986,0.00010405577279744544,0.10894080829715731,2.427957591564228e-05,5
0.0005450438854228869,0.0020857718695531436,0.6450191114139038,0.005159020972471983,6.315806739147456e-05,0.3471105571231599,1.7336668096699194e-05,5
0.0004348608683843448,0.005380290598813788,0.6477568992007248,0.0015841052625437894,3.273711813175845e-05,0.34478872344210537,2.238350929624663e-05,5
0.00019406151954775834,0.00172775332864639,0.17883257883229675,0.06682980020572254,1.905749730865149e-05,0.7523880660056637,8.682610814227486e-06,5
0.00022159360632761154,0.002156798983286493,0.41519655601873556,1.3634709677456487e-08,3.256545620082571e-05,0.5823825578620239,9.914438715864488e-06,5
0.00022556642204134741,0.0019126943179507583,0.15251259117699356,0.07844876631279275,2.77101752514684e-05,0.7668629271424546,9.74445251546111e-06,5
6.583920686119208e-05,0.0005706321973703154,0.0458383016260473,3.5032963243641325e-191,1.4394213035300522e-05,0.9535079885078872,2.84424879868381e-06,5
0.0004144700095886438,0.005233288772846004,0.763040673652411,0.0017296719258807494,0.00021034162961963286,0.22936716202333582,4.391986318106372e-06,2
0.00020684551369501251,0.0026672982869263076,0.9295302746557046,0.0010385544889432916,7.754877515869995e-05,0.06647582060285709,3.657676715004658e-06,2
0.00019143221607454116,0.0017452460231791307,0.8197832711341255,0.07967199172901854,4.61504858797765e-05,0.09855879890659548,3.109505126966227e-06,2
0.00014858503835028878,0.0021493880729974713,0.9661464772987214,0.00024989339327510465,2.445596723937564e-05,0.03127483768176565,6.362547650400133e-06,2
0.9135290585306045,0.07002957662171522,1.827372477659743e-05,2.445219330689766e-07,2.1070290830004586e-05,1.2663103848245777e-05,0.016389113206292123,0
0.5833150371733223,0.4166482435165775,1.321093303235619e-05,2.3636630309634248e-07,8.813965022875917e-06,1.0394420248291642e-05,4.063625493791197e-06,1
0.57195463646754,0.42801809414431985,1.2264840256699168e-05,1.7798028532124038e-07,1.943103368438772e-06,9.187018777116252e-06,3.6964454527367505e-06,1
0.5730792279326635,0.4268941627636364,1.2310849266450949e-05,1.55638214667793e-07,1.9203168680940967e-06,8.569401595004312e-06,3.6530977559796116e-06,1
0.4971101678565252,0.5028555789032688,1.3205393950584416e-05,1.5497548957701885e-07,8.07191564528857e-06,8.889191887779286e-06,3.93176323265073e-06,1
0.38343012353300965,0.6164973251860921,1.8201508840341506e-05,2.1360875367504843e-07,1.616817029768482e-05,1.1050927294937379e-05,2.691706571147996e-05,1
2.7661904843744013e-08,1.8663429631947755e-07,2.4696462156476754e-12,2.4895113652931102e-14,0.9999997856916538,1.888956086708618e-12,7.76146284542268e-12,1
0.05790727133409447,0.663182502950741,3.2706466133847275e-05,1.1977673750274463e-07,0.27884049964921725,3.4656106954174306e-05,2.2437161214929814e-06,4
0.0695098031834565,0.5648728062975559,3.1768634368364775e-05,1.3087242222335288e-07,0.36552908875578627,5.3950690524700405e-05,2.4515658860272813e-06,4
0.1095573930646684,0.5462204512958466,5.354989226376269e-05,2.2060136514199626e-07,0.34405350205500246,0.00010752883026634727,7.3542605873111486e-06,4
0.05703013490978234,0.1608752717552749,2.5344453737498596e-05,1.1092636068020173e-07,0.7820104075173301,5.4799211100558476e-05,3.931226413917479e-06,4
0.07141286652889545,0.9137131205355095,4.835599580130202e-05,0.0,0.01475171085210631,6.876712480733973e-05,5.178962880322413e-06,1
0.05609758409424927,0.9346221132105058,4.33934823844729e-05,3.978710384962865e-07,0.009168460170954733,6.333964300713064e-05,4.71152786009352e-06,1
0.12437556638039464,0.8421536191322362,0.0009971568660362144,2.1790133355104504e-07,0.02821325795190874,0.004256629042076634,3.5527260139515624e-06,1
0.12188868912727369,0.8401163892481234,0.0006120586545706814,1.8811287306228413e-07,0.03294044396573821,0.004439608523582465,2.6223678387707734e-06,1
0.1694261783943569,0.8036569256163515,0.0006974206845435412,1.682403542811901e-07,0.021999500762420268,0.004216764364836749,3.04193713677636e-06,1
0.21456510315585894,0.5485948063888784,0.003571086498634783,2.9818219774951687e-07,0.22092959369079163,0.012333596394019306,5.515689619127748e-06,4
0.05816268334049648,0.8657005868711627,0.001401095122304874,2.776875718146486e-07,0.03303806601636825,0.0416921543762476,5.136585848446515e-06,1
0.1778225696859679,0.7255629912260383,0.002630482497933767,3.5923391643576344e-07,0.02284454515723962,0.07113240719192947,6.6450069745203484e-06,0
0.042369459213962415,0.9225876788390838,0.0015340391846063246,2.393375986013835e-07,0.011783401193067582,0.021716397194533093,8.785037148167437e-06,1
0.032695985893937615,0.9255063225534169,0.0016623939404937754,2.5373449820795315e-07,0.014570838257816483,0.02555595835307246,8.24726676440924e-06,1
0.04775331528885959,0.8074260898972221,0.00011649009634166334,9.454850535322642e-08,0.144313974891326,0.00038557780902119087,4.457468724123933e-06,1
0.06358046070025333,0.8980649488244294,0.0001676347624806507,1.016073548037943e-07,0.03771860385228775,0.00046062348093474874,7.626772259260433e-06,1
0.03709576722934699,0.9394432257547244,0.00011105579902175882,1.0116423450887612e-07,0.023026333162344894,0.00031783497744818806,5.681912879205155e-06,1
0.07089791054215588,0.8830170700920371,2.3255168428047253e-05,1.6126981713598215e-07,0.046044794842186786,1.1637788657419446e-05,5.17029671753099e-06,1
0.0720195673851348,0.9223507772799941,2.005249088499547e-05,1.551122367077905e-07,0.005595143889024573,1.0368608715826212e-05,3.935234009102242e-06,1
0.1511208377552286,0.8488229800719967,1.9923821842428183e-05,1.5205483516295713e-07,1.9335246998336955e-05,1.2186025234300484e-05,4.585023864585814e-06,1
0.23409787143907665,0.765831334325092,2.4902597402770722e-05,1.8249453774606523e-07,1.6811304265327e-05,1.762060592512664e-05,1.1277233700445898e-05,1
0.1872438889351147,0.8126825183898769,2.9982129087964295e-05,1.7876128525199802e-07,2.0757598237248938e-05,1.7385762185638185e-05,5.28842421228072e-06,1
0.19444858480175797,0.8054808331815637,2.7863254739422323e-05,1.800844612239395e-07,1.9434239641806084e-05,1.7776869153125875e-05,5.3275686827249706e-06,1
0.23841100954798222,0.7614828014286213,3.147668410608741e-05,2.0983302658375955e-07,4.975762177474485e-05,1.9264701396855e-05,5.480183092077722e-06,1
0.3131969321936187,0.6867349625542415,2.6465353723048056e-05,1.9529193918532198e-07,1.7768397271908492e-05,1.8719009356430833e-05,4.957199849204317e-06,1
0.29204910548145585,0.7078824514978126,2.6368878268113965e-05,1.967934302300183e-07,1.843912868971149e-05,1.886292940265248e-05,4.575290940785381e-06,0
0.24184552549229357,0.7580897721099543,2.926581919411628e-05,1.849968025518691e-07,1.2226920955679567e-05,1.8723632082204916e-05,4.301028717272286e-06,0
0.46133369065206214,0.5385669808558499,1.8373036278191322e-05,2.643542142331912e-07,3.231571414307199e-05,1.568995518560325e-05,3.268543226691739e-05,1
0.3503512926736322,0.647365154155108,2.2930255378946362e-05,2.597323857966406e-07,0.002237854516185532,1.8334329760333976e-05,4.174337549025808e-06,1
0.2680722018457762,0.7290902329634512,2.0864774035360972e-05,2.1817600374962878e-07,0.002794177730603858,1.824493251616362e-05,4.059577613244407e-06,1
0.2486339183252989,0.7478528622994954,9.618146878761248e-05,2.777290580559601e-07,0.00312772498017827,0.00028341230064567153,5.622896535999235e-06,1
0.17768667475634067,0.819844976805975,0.00011896467344415348,1.9270174821780646e-07,0.0021215022723088473,0.00021951578443675274,8.173005746234092e-06,1
0.2070814875173934,0.7910425358614905,2.0239186861765953e-05,2.293922891187275e-07,0.001826475889334495,1.5975975319173723e-05,1.3056177311580127e-05,1
0.19221780328690152,0.8059072060345784,2.018143761996136e-05,2.0595633274737881e-07,0.0018136756990353663,1.4832717751554242e-05,2.60948677805477e-05,1
0.29713039538314456,0.7011751522061168,1.8715300247093324e-05,1.8297332108777994e-07,0.001648668158588174,1.9355818278702037e-05,7.530160303463534e-06,1
0.20073229643829224,0.7851354739189721,0.0001893075897498202,2.2151573485548393e-07,0.013080797479532964,0.0008449224665880199,1.6980591130076932e-05,1
0.30808273545722925,0.6873168174500972,0.0002273410553419192,2.013753982099138e-07,0.003088849168253976,0.0012661830016335441,1.7872492045930423e-05,1
0.4116715719316256,0.5787502286911752,0.0002414578933879703,2.6164622633889787e-07,0.005550904141540621,0.003778384020458908,7.191675585211998e-06,1
0.2881511570381169,0.6925465496943279,0.0002712054454622252,2.664363860812434e-07,0.015504164812811642,0.0035182825280079093,8.37404488736863e-06,1
0.25189025672166343,0.7391366837272065,0.00023473252846040172,1.9795336664832455e-07,0.008222984868369636,0.0005057869428148179,9.357258118384389e-06,1
0.1605470421505389,0.837363491688146,7.81946941397054e-05,1.2355718486757596e-07,0.001877160132583585,0.00012222831299343387,1.1759464413277622e-05,1
0.13337504783593754,0.8650526077133013,1.5094031550484147e-05,1.3064094789969932e-07,0.001535036087685885,9.650034214588818e-06,1.243365636235469e-05,1
0.11779778431758331,0.8821468662623227,2.1190704738108963e-05,1.3812282291303885e-07,1.9872805804163608e-05,1.1357675841187134e-05,2.790110887531744e-06,1
0.1499640306066989,0.8499874181255175,1.8609648283575264e-05,1.4642356681705354e-07,1.2326436720917593e-05,1.419594412533084e-05,3.2728150871442883e-06,1
0.2061225313155932,0.7938229947225492,2.038249524120174e-05,1.6542854661259467e-07,1.5655286231629342e-05,1.3755119839351097e-05,4.515631998875447e-06,1
0.2256191169712387,0.7743210257738795,1.8307087948036494e-05,1.683048011039842e-07,2.279769408798351e-05,1.4684657225187833e-05,3.899510819572575e-06,1
0.27142458971606387,0.7283810796524992,1.912841716000427e-05,9.276328678010971e-08,0.0001574621606284824,1.4365467494686223e-05,3.281822866883883e-06,1
0.312453781698842,0.6873235758797932,2.047553501581504e-05,1.0974464360839985e-07,0.00017658493503160903,2.1589609437230908e-05,3.882597236618126e-06,1
0.416136060310912,0.58276198548929,2.3983520948535897e-05,1.8581709728107193e-07,0.0010483470896504713,2.1453660963466687e-05,7.984111138346242e-06,1
0.45466960299416415,0.5442641342267859,1.8211681389215795e-05,1.0956094651354285e-07,0.001023052287019636,1.7836896214476373e-05,7.0523534800805065e-06,1
0.2536758625508894,0.7452030324663224,1.6277844066591107e-05,1.4960838055322782e-07,0.0010838757887754115,1.2818809102621294e-05,7.982932463022704e-06,1
0.21035966200526549,0.7871965640128914,1.3159515728009842e-05,1.8075757682307762e-305,0.002411465268811158,1.3674693922544122e-05,5.474503381554548e-06,1
0.1519619597768177,0.8411745745004563,0.00019856377162367055,1.5928291644874805e-07,0.005726542048726689,0.0009348276631764149,3.372956282430785e-06,1
0.16992700842625674,0.8208653251960554,0.00021120311083522184,1.7971407541287173e-07,0.007700224836690292,0.0012907467696957168,5.311946391199149e-06,1
0.17822166891615093,0.8142458038835447,0.0001725478152581559,1.6224162758685294e-07,0.005385069594171122,0.0019699520493612456,4.7954998860402754e-06,1
0.07463853245719591,0.9017707650493867,0.0003544177207001025,1.7514610437336183e-07,0.021178698638316926,0.002052070870016123,5.34011827987374e-06,1
0.06275660728806015,0.9219251881302831,0.00035991548719783745,1.8099892867675963e-07,0.012424151736982322,0.002528437790543585,5.5185680042526364e-06,1
0.028911092683447725,0.9120503884659431,0.0010424744413089376,1.979829806846209e-07,0.0168226539384398,0.04115052465260609,2.266783527393251e-05,1
0.048045050631695764,0.9150584500838612,0.0010573701026523011,1.986359544816061e-07,0.015417216695473824,0.02039897125359952,2.2742596763112396e-05,1
0.05407086059682966,0.9083716290949014,0.000950516107780949,1.9718441543569275e-07,0.013940468916729622,0.02264375169488547,2.2576404457730053e-05,1
0.07058988285998377,0.905260591411846,0.0009472607315286059,1.965090881497196e-07,0.009613318712206546,0.013566250691715822,2.2499083631356512e-05,1
0.09095180370407185,0.317701017814271,0.00423847286990636,2.8637039364572703e-07,0.019797769883945885,0.567304633634171,6.015723240146346e-06,5
0.06048118067391813,0.8940723285380172,0.012959639420247382,2.655604755761336e-07,0.010828477776881656,0.02156319834614974,9.490968431025566e-05,1
0.03927325302379901,0.9338188997919659,0.009421926570876265,2.344051247070318e-07,0.009868568830249468,0.007545263283210164,7.185409477470641e-05,1
0.007296537758140027,0.9697995517863675,0.0011560358950921071,9.921179611879615e-08,0.01969820794976697,0.0020465773583411857,2.99004049619713e-06,1
0.00841148114401642,0.962180810644838,0.0005281062131917997,1.0928508198763906e-07,0.02666896470103239,0.002207234383122173,3.2936287171133754e-06,1
0.009036379591642078,0.9633089990478921,0.000229019496046064,1.1229930383764379e-07,0.024893115971355222,0.002529053103024786,3.3204907360039807e-06,1
0.010342822483006544,0.9591947007245782,0.0002437431956953824,1.1945642204495456e-07,0.029479726162866152,0.0007353540118208066,3.533965610978963e-06,1
0.0002253178397084713,0.767969591592058,0.22316235077179847,9.444232035855078e-05,2.509736384350436e-05,0.008517102022151724,6.098090081361125e-06,1
0.00025998292289115094,0.623794874090521,0.22947930241320438,8.516214949297087e-05,2.6351201005780307e-05,0.14634043843555594,1.3888787328702329e-05,1
0.00040463190230048137,0.32721098235623575,0.39124973445520456,0.00010293992080100725,4.101244986516064e-05,0.2809690827018244,2.1616213768827246e-05,1
0.00023174510742974584,0.5736679109556341,0.35193959828324656,8.137022255957582e-05,3.16836795694403e-05,0.07404252413431389,5.167617246649212e-06,1
0.0001928122941736379,0.4906780429102476,0.4523568646933046,0.00011881372233339491,2.857976810692632e-05,0.05662142278178949,3.46383004436918e-06,1
0.00040603638881588685,0.03756684288247805,0.46326875411841256,0.00027278484072194533,4.524699880364661e-05,0.49843128068255477,9.054088213052031e-06,5
0.00039401078737814747,0.029465891041743183,0.2946428996842442,8.573721724995774e-05,0.00011879023384002282,0.6752816526190987,1.1018416445996286e-05,5
0.00031958873599032586,0.022559458146930784,0.2246097427482467,7.927691238090792e-05,9.368533249355989e-05,0.7523312859925957,6.962131361999382e-06,5
0.0003082489469458044,0.04257544820949052,0.2699000996762372,0.0005106759643898315,9.933259803982693e-05,0.6866027729116354,3.4216932614979777e-06,5
0.00043877890488924347,0.004641146415485456,0.3826086571838363,0.00047686136737111544,4.8137083256364236e-05,0.6117738736606381,1.2545384523580882e-05,5
0.0005832186794858911,0.00452727446499751,0.4788639162211303,7.821697030363971e-08,6.121762538086755e-05,0.515949789472667,1.4505319368083038e-05,5
0.0004818558012008159,0.007534845757364601,0.9805303183570674,0.00013514961604205414,3.275664381072505e-05,0.011267301548822332,1.7772275691894015e-05,2
0.0005188999259487951,0.17360392108272757,0.8197331661119168,0.00019278389030671095,2.267492050846541e-05,0.005902787546090368,2.5766522501215668e-05,2
0.0002704100815379944,0.03932959151276862,0.9341077911648249,0.00012221421515886343,2.1567724122312987e-05,0.026131193343432977,1.7231958154323025e-05,2
0.0003699971288878477,0.09176736661089221,0.7296094868991422,0.000742122734783704,4.694876558493809e-05,0.17743792023149044,2.6157629218608078e-05,2
0.0003859320694353153,0.05606725930941309,0.7585105507291359,0.005186925073714177,6.521976055791024e-05,0.17978137979131464,2.7332664290009375e-06,2
0.00047933662409770035,0.06914275440919672,0.5262200197717715,0.00015711673354809982,7.880582571828112e-05,0.40391781502725266,4.1516084150703655e-06,2
0.0001649502019679965,0.021253828781801064,0.6592553871198399,6.333740738367311e-05,4.5381503113081555e-05,0.31921341017875554,3.7048071388896967e-06,2
0.00014199909729321986,0.026420161860202792,0.8214989579371742,1.3004676889138488e-05,5.472498329734309e-05,0.15186957523121525,1.5762139282882065e-06,2
0.00015445357519109048,0.0005660477425822971,0.9137686571396342,0.026893124636571987,2.0308138964765984e-05,0.05859245075034108,4.958016714801483e-06,2
0.00037341662940391815,0.00254298363559352,0.8636796595577185,0.009833014584793928,2.9733789716136107e-05,0.1235257659488981,1.5425853876105258e-05,2
0.0002880804468062472,0.0028091828763793223,0.8598532830240014,0.0005377964009286305,3.8187394557714346e-05,0.13645642922680262,1.7040630523825787e-05,2
0.00025617563190992947,0.0027853983029879708,0.7446843681701206,0.0008245880659468519,3.386289335851107e-05,0.25139944966462535,1.6157271050679586e-05,2
0.0003131877408009082,0.00301890208380983,0.9199224036982232,0.0005391308838932113,2.6046159919169806e-05,0.07616750315613297,1.2826277220877099e-05,2
0.0002532688586872425,0.008487189078448735,0.9333542644307092,0.00014923280350443772,1.2300953552925342e-05,0.057733495917435505,1.0247957661959526e-05,2
0.00019721925574592514,0.013476056476003466,0.9452013867470322,0.00025294583755250405,3.9614453281436634e-05,0.04082901935299511,3.75787738915895e-06,2
0.00015653665554151244,0.01935370437899557,0.9470521356821832,9.113666354068677e-05,3.144274124921348e-05,0.03331258224559805,2.461632891672487e-06,2
8.423300718779286e-05,0.006624135672865703,0.9521527371313022,0.01770805354883919,1.3903254394970154e-05,0.023407037718328715,9.899667081402325e-06,2
2.0512463218893157e-06,9.72470497776412e-06,0.999712501469142,1.2844453667695403e-22,4.796669159223223e-07,0.00027516821175443447,7.470088804123256e-08,2
0.000722857332310366,0.007238248642225973,0.9463243487673251,8.291360956412935e-05,6.891668241520207e-05,0.04553456008155056,2.8154884608596744e-05,2
0.000840573362555874,0.009487778992463343,0.6653484624352426,0.0001279119341071882,8.155312159031001e-05,0.32407619288923856,3.7527264802262645e-05,2
0.00011208985546506974,0.0009332563270824535,0.9789661142262501,9.67059401928969e-05,8.305251972413708e-06,0.019876952749129453,6.575649907420705e-06,2
0.0006331651960881054,0.0029044975227242643,0.4765253236725021,0.0035143933368092747,7.475633300273415e-05,0.5163273435875246,2.0520351348965872e-05,5
0.0005926574888061387,0.00752779411699943,0.5023663118607185,0.03064098269252931,5.6022652445142414e-05,0.45879096824777066,2.5262940730855617e-05,5
0.0003460068510417017,0.00506751865807866,0.37463742214225443,0.00022443056775048933,4.311302548230834e-05,0.6196577750785175,2.373367687495599e-05,5
0.0002327768888881137,0.002267035437355429,0.16434683671026246,0.00017751517198371966,4.776239281908688e-05,0.8329174935345204,1.0579864170856515e-05,5
0.0003149529985683587,0.0010475221926609921,0.2508208779206192,0.168912580938981,0.0001033676222118134,0.5787960337788914,4.664548067255504e-06,5
0.00038740021137411725,0.0011621815497118648,0.30988218893946323,0.11586617678211085,0.00012396772547315507,0.572575340533423,2.7442584439646992e-06,5
0.00035937939384421007,0.0043261485496301376,0.5865518447259443,0.03024836500825567,0.000188922327470101,0.37832170931708,3.6306777754475775e-06,5
0.00012549271556344164,0.001290391626410225,0.7350566382428634,0.16515300915924844,3.597527447128031e-05,0.09833354716529281,4.9458161501854135e-06,2
0.00016055805656075664,0.0014578183011655864,0.8461523923781705,0.07611269378051169,3.571040614571995e-05,0.07607509172274055,5.735354705296107e-06,2
0.0002467402217667199,0.0021305606969487193,0.9185964792043262,0.00048267308122996804,5.4240267339446434e-05,0.07848580804106875,3.4984873200458277e-06,2
0.0001391826185166738,0.0020906981280012235,0.957321762605766,0.00017850575668564947,2.3559863418817704e-05,0.04023961007118739,6.680956424519583e-06,2
0.00013252892091330522,0.0018920499856117485,0.9698002483327165,0.0006347155126564558,2.523943860560823e-05,0.027508856239674966,6.361569821337446e-06,2
0.0001259036688893748,0.0016613042557424322,0.9733115329997635,0.00047411305612201244,1.8902497396113547e-05,0.024403325784046442,4.917738039847298e-06,2
5.12260605052218e-05,0.0005657718381060501,0.9936724021683906,1.7957415417022935e-21,5.350335966225494e-06,0.005699249104505268,6.000492526963245e-06,2
0.00010911046592134219,0.0012299084851421268,0.9866358681201178,7.712601478595734e-09,1.3350207529552892e-05,0.011997003788256331,1.4751220431318157e-05,2
8.92073592012671e-05,0.0010644573073508234,0.9895910310849972,2.0613303804433814e-07,8.8129506076685e-06,0.009235134786150432,1.1150378654461193e-05,2
0.00013153646697613446,0.001489258763781734,0.9812667470735521,1.3971201308446203e-06,1.2330005005001327e-05,0.01709332703568286,5.403534871405365e-06,2
0.7616548819568514,0.026511506965977212,1.168694838125913e-05,4.318384777242675e-07,1.8775940250199066e-05,8.520220363019822e-06,0.21179419612969907,6
0.8696333553019606,0.011473565710475279,1.3290545302816434e-05,3.487934982590041e-07,1.168220049950343e-05,9.034548534300817e-06,0.11885872289972939,0
0.9325485676973048,0.056795357207506884,2.1368220808179127e-05,2.6905409164511687e-07,3.027322630088179e-05,1.4243170860367645e-05,0.010589921423127025,0
0.5263355233142204,0.4736284156980013,1.2823473428893574e-05,1.504933574990183e-07,1.0636867824648334e-05,8.63210263956035e-06,3.818050527781946e-06,1
0.4298167282205557,0.5701252917362818,1.4659416190753649e-05,1.720395627405558e-07,1.2569330695128404e-05,8.900368861244742e-06,2.1678887852631765e-05,1
0.30184188501879416,0.6980913905531131,1.4352328249610735e-05,1.6843564874905266e-07,2.2264986945825862e-05,8.713922422079169e-06,2.122475482643855e-05,1
0.0026810891353590566,0.029006125890980068,1.2716850137335578e-06,5.238767777131084e-09,0.9683097180250125,1.615378334534279e-06,1.7464653205854648e-07,4
0.0014341977895090878,0.03385012778319146,2.6594690586151262e-06,1.4947991761620437e-08,0.9647070059468542,5.487172199232352e-06,5.068911958187556e-07,4
0.01976430816742584,0.9574096555539866,2.861158639062682e-05,1.7050579309184854e-07,0.022754475513183766,3.8803243000780686e-05,3.975430219075977e-06,1
0.031015851917582136,0.9372680034500799,4.116058588986737e-05,2.475327078216466e-07,0.031614205638497525,5.6822630960219116e-05,3.7082442824388734e-06,1
0.041285087476393936,0.9223213474773616,4.987179296399478e-05,2.9992041389617713e-07,0.036270447452892735,6.845282461251663e-05,4.493055361469851e-06,1
0.07098405081434556,0.9062622557645394,4.1424735911114804e-05,3.5141323070676743e-07,0.0226285713151061,7.854017331116428e-05,4.805783555848539e-06,1
0.17504565170746733,0.803454485273951,0.0007336680204447708,1.6590684035330055e-07,0.017467072860876932,0.0032959564853161697,2.9997451032017743e-06,1
0.13308786025860977,0.7957654601368714,0.0014275112333298186,1.5723096824727004e-07,0.06567266887679613,0.00404361591095934,2.7263524653995485e-06,0
0.2655950752028606,0.6250514413455344,0.0028512724375426477,3.09768756693795e-07,0.09424545495209366,0.012250716278715894,5.7300144962421475e-06,4
0.04431971366292383,0.8787670803510559,0.0016440687964978317,2.7011227056841914e-07,0.040373566435212914,0.03488867067860789,6.629963431074731e-06,0
0.1422161540239304,0.7503700476790008,0.001856435249481459,3.610206490077148e-07,0.04878717276613498,0.056763151203357134,6.6780574462575925e-06,0
0.28203377113163197,0.6130833402999324,0.002643756355188795,3.742586977414351e-07,0.036226982448215914,0.06600485257522079,6.922931112523292e-06,0
0.0486807040663102,0.9059435406243477,0.0016439254055527388,2.97593661085927e-07,0.018635143807285152,0.025090883699808175,5.504803035051507e-06,1
0.12049259913749391,0.3811487498269989,0.0005480439924198953,1.4084362912772737e-07,0.4962308270391801,0.0015761687004276872,3.470459850484949e-06,4
0.07603086400699138,0.8114823222832824,0.00010761403136590464,1.0153377922587605e-07,0.11189660042670813,0.000477785071210287,4.712646662381028e-06,1
0.05408374164090174,0.9099582849952867,9.28211073847942e-05,1.072037574204794e-07,0.03550068568076618,0.00035455026840068083,9.809103502303525e-06,1
0.06787898835230452,0.915134699130362,2.293962240229454e-05,1.6888604538497425e-07,0.016945602134462463,1.2187402071153897e-05,5.414472351974273e-06,1
0.04467197873478515,0.9468915324033975,1.2183550944833133e-05,9.18118678907029e-08,0.008412883939124673,6.091798572500513e-06,5.237761307293728e-06,1
0.09645349851321977,0.9030969437109416,2.125692264135999e-05,1.5032983618101087e-07,0.00041112151522642155,1.3215104754345926e-05,3.8139033804066758e-06,1
0.11320502441273073,0.8867298124448452,2.171878439496183e-05,1.5351566515534633e-07,2.7118955929885935e-05,1.2275116115341106e-05,3.896770319006491e-06,1
0.2006724952105285,0.7992623193144993,1.969744889400792e-05,1.5103530603412585e-07,2.716048810702576e-05,1.3164700376695661e-05,5.01180228856611e-06,1
0.29981101966607243,0.7000973888567369,2.6596834871399302e-05,2.1089434084268203e-07,3.64354746035663e-05,1.8930402903751015e-05,9.417870471301529e-06,1
0.24717399686892677,0.7527528052118143,2.7431990539148597e-05,2.0215467468788296e-07,1.5999098422563672e-05,1.947447815363711e-05,1.0090197468966971e-05,1
0.18838625130423006,0.8115599331863491,2.260938999821704e-05,1.5190582856152985e-07,1.208185260099629e-05,1.4478421152245112e-05,4.493939840603039e-06,1
0.24084556753914355,0.7590794172350511,2.72387997684814e-05,1.8300946855174215e-07,2.4475001589711654e-05,1.7704313691441314e-05,5.414101287095342e-06,1
0.21898498965781768,0.7809510366163561,2.7972693019555194e-05,1.8425844846386139e-07,1.2436330559253212e-05,1.7929393036828568e-05,5.45105076191363e-06,0
0.5522085914251006,0.4476918826292863,2.3859512229852694e-05,3.2282263458074945e-07,1.746363477149936e-05,2.51598106308034e-05,3.272016534628258e-05,1
0.546754084175423,0.4531774522225003,1.8851551024921603e-05,2.48486213842172e-07,1.4196235290884469e-05,1.4427564638670984e-05,2.0739764908268268e-05,1
0.3306522404500134,0.669113299323721,2.1283974682000165e-05,2.4108486504109815e-07,0.0001935233106638944,1.553721561828302e-05,3.87464043637138e-06,1
0.2952625416508453,0.7033246865580542,2.261258441216826e-05,2.5613410759449905e-07,0.0013692794700728486,1.6507095359195705e-05,4.116507148843056e-06,1
0.30104645678862024,0.6940515623579782,1.7305695425994217e-05,1.9630892554485194e-07,0.00486705036505804,1.3775784768579545e-05,3.6526992232219764e-06,1
0.3227691380881712,0.6708302388734316,1.8717966241344545e-05,2.1232916394124374e-07,0.006361344204540413,1.63977523624568e-05,3.950786089032678e-06,1
0.2629020453900674,0.7340634793217888,2.436436578401673e-05,2.936668412699799e-07,0.0029771282416626815,2.674344130360593e-05,5.9455725521601424e-06,1
0.1931670256272867,0.8037652134839811,8.845506308088175e-05,2.143739390090067e-07,0.0027969461953739824,0.00017770859842147042,4.436657917079475e-06,1
0.2299032448615148,0.768505123922018,1.847587134019407e-05,2.1464194891402565e-07,0.0015469921798418626,1.6110809325956194e-05,9.837714010459684e-06,1
0.2203921906413887,0.7782312209748623,1.9266333429077017e-05,1.883605908620269e-07,0.0013323629908921838,1.978992017954121e-05,4.98077865731606e-06,1
0.10631645083041873,0.8907995514720033,2.205313885458501e-05,2.1560626884733393e-07,0.002829315472526129,2.3649691992503243e-05,8.763787936088313e-06,1
0.2528092250457159,0.7230006291571531,0.00020733376721242768,2.301466220925913e-07,0.023170012637520245,0.0007984143993142013,1.41548464620125e-05,1
0.32998427210239734,0.6627977870525885,0.0002755573646196082,2.4614227525142744e-07,0.004830557697816219,0.0021012773978740015,1.0302242428832052e-05,1
0.2842348488276136,0.7103482261954849,0.00021014680357956094,2.5979985759163954e-07,0.003223561568449611,0.00195989901876267,2.305778625202413e-05,1
0.3100322935425799,0.6805285875043243,0.00023963689307570453,2.611137657437443e-07,0.007030502468441258,0.0021615414375771,7.177040236115491e-06,1
0.2956057192308242,0.695749029305751,0.00026903151323808005,2.676684434708052e-07,0.006758659152382186,0.0016083785913475572,8.914538013628982e-06,1
0.19798268571796285,0.798480869168049,0.0001111947901211527,1.774981436263247e-07,0.0031980950523279508,0.000210084517809942,1.689325558553053e-05,1
0.11521216973418771,0.8835050998731643,1.3637723870928182e-05,1.0984105579099964e-07,0.0012496040709173684,8.924714911797611e-06,1.0454041892225603e-05,1
0.12582493518235943,0.8737521136266647,1.4647756305378813e-05,1.1797606644477235e-07,0.00038663259014668367,1.032458289496457e-05,1.1228285562370749e-05,1
0.19997932323807943,0.7999719433360972,1.6242164970749573e-05,1.4932109097084984e-07,1.585394756520444e-05,1.302832137297902e-05,3.459670823480898e-06,1
0.34424435727562036,0.6549813196653859,1.4902950617020415e-05,1.193664876250455e-07,0.0007411069959558888,1.2422676617804224e-05,5.771069315414679e-06,1
0.23190543348373718,0.7670564328861318,1.4992895003555354e-05,1.4982967833039315e-07,0.0009993504394949452,1.5645725294130253e-05,7.9947406598817e-06,1
0.24868126324010595,0.7501391225207663,1.5674059687465632e-05,1.4405904596108118e-07,0.0011456026030168048,1.1849548955851624e-05,6.343968421691772e-06,1
0.2725661903734431,0.7259229605693526,1.5424975810155003e-05,1.4176973569653324e-07,0.001473444462920064,1.5594695311822303e-05,6.243153426501035e-06,1
0.13223402055338943,0.8615372186392052,9.557883636850134e-05,1.9707151912786046e-305,0.005869595193600445,0.0002600387779925517,3.5479994437788116e-06,1
0.1500403708076955,0.8421958112444576,0.00021933181243837923,1.262123412508354e-07,0.006906693774700154,0.0006340388175985964,3.6273307683839827e-06,1
0.150880478544105,0.8410399579402913,0.0001938926127559517,1.6262807920196359e-07,0.006880504774690935,0.0010007462665689744,4.257233508838164e-06,1
0.24849927974259445,0.7373668024663808,0.00028164288846551115,2.4408297922576563e-07,0.011943343234029622,0.001901473038233192,7.214547317302554e-06,0
0.10379840816541545,0.8888415671354455,0.00011859982370637724,1.6027502850775572e-07,0.0049508766052295105,0.002284555548213844,5.832446960914899e-06,1
0.0949523899108204,0.8844056785252694,0.00034559927700193743,1.7363283093865856e-07,0.018253055939821693,0.002037808734935914,5.293979319718054e-06,1
0.06015508529058176,0.9281093036445862,0.000437186800316938,1.807822909991494e-07,0.007539816008032742,0.0037335630947181076,2.4864379473107045e-05,1
0.04779450235563305,0.9074045351843857,0.0010444797360243988,1.9697448390402826e-07,0.007919210653145778,0.03581452272774054,2.2552368586757107e-05,1
0.061769840164306686,0.9109832530895197,0.0009884840612352406,1.9775133269094626e-07,0.016949908872379054,0.009285674748225258,2.2641313001442238e-05,1
0.21765596464163633,0.6309196236564257,0.004499271634668886,4.32433413051557e-07,0.016029295772044403,0.1308606986500012,3.471321181034866e-05,1
0.16958675139153467,0.6634385288892717,0.03697342690051869,2.585079217135654e-07,0.10974856323272632,0.020232940872206156,1.9530205820606843e-05,1
0.05029309193503812,0.9132784261291351,0.011368742367772564,2.2411866030232822e-07,0.011014915329522012,0.013975899218053846,6.870090181804217e-05,1
0.03331111992282289,0.9218253757728492,0.004312316435287661,1.9703376635141884e-07,0.038369990725773816,0.0021092889528360184,7.171115666425341e-05,1
0.00020453840137445132,0.7783746820961118,0.21263277118132282,0.00012107576168749491,2.8253046102741286e-05,0.00863249880132501,6.180712075634227e-06,1
0.00025017941976469724,0.7085214542361448,0.20011829111465193,3.730962878667954e-05,2.61260956124011e-05,0.09103455518076886,1.2084324270725763e-05,1
0.00035458959629175517,0.41599927699910333,0.3428624500465206,0.00019918557021333808,3.32970664603379e-05,0.240532257863791,1.8942857619646485e-05,1
0.0003043524794001451,0.28423397016108787,0.43929770156475817,9.109709810243192e-05,3.116737807330822e-05,0.2760243375915721,1.7373727005981316e-05,1
0.0005376329214831925,0.0643167964535096,0.4350442111517085,0.00019143052853577453,5.463282819913167e-05,0.4998205136496894,3.478246687442941e-05,5
0.00042981356849412756,0.025814821127986373,0.3789303642717404,3.7225654878323246e-06,0.00012402408240307563,0.594692328048029,4.926335859238991e-06,5
0.0003995057722617722,0.029244580210042625,0.09248337670757839,0.0007635063583730147,8.238937188015262e-05,0.8770220718034715,4.569776392648378e-06,5
0.0003600772412601851,0.004276429803551333,0.48848280393412374,0.0005256297491885564,4.126893535522386e-05,0.5063022308097423,1.1559526778695977e-05,5
0.00036410031256365114,0.004797264773176286,0.893864076115282,9.529280655323728e-05,2.5139164958493355e-05,0.1008406446655627,1.3482161903877236e-05,2
0.0004703601479093116,0.007678990909927618,0.9712498519143353,0.00014822980505749752,3.093133899177944e-05,0.02040428760198498,1.7348281793624236e-05,2
0.00030689850078894195,0.08049039450004451,0.9146444273105317,8.069007647389333e-05,1.7477940546935934e-05,0.004450385148099138,9.726523514665725e-06,2
0.00034166678212257815,0.04413758799974955,0.8704250997577817,0.0010284026031880575,5.615369147675109e-05,0.08400591340237107,5.175763310230792e-06,2
0.0002849624113201107,0.055760142813521096,0.7535901932716003,0.00014858949307994606,0.00011996830714436071,0.19009313987415397,3.0038291804235744e-06,2
1.1490375388701781e-08,8.748114324401818e-08,3.4789299832784335e-05,0.9999639662971364,4.036841385633709e-09,1.1413125139504855e-06,8.215713329986118e-11,3
8.456596233762878e-05,0.0008285057129398763,0.9450121683680298,0.041003435877498016,1.6010064973676664e-05,0.013052585324332882,2.7286898883482627e-06,2
4.7079401365257844e-05,0.0004600561622818598,0.9950907419484023,0.00023257882650297884,3.205363912939213e-06,0.004164661664714435,1.6766328204360869e-06,2
0.00029294413287844014,0.0030412588987450083,0.9041331113185929,0.00035746551688961326,1.8904505342704366e-05,0.09213477404181641,2.154158573495126e-05,2
0.00035893911824350956,0.0032008403407252656,0.6902525012272933,0.0007457450791339684,6.469683036583965e-05,0.30535939049683836,1.7886907399944504e-05,2
9.470501691292392e-05,0.003794346334333446,0.9326014303262838,0.00018080930369201943,1.2249380929079578e-05,0.06331350912707084,2.9505107780155395e-06,2
0.00016402921999000096,0.011222447973724153,0.8675479924515419,2.681818196016436e-07,3.294773549118133e-05,0.12102973497946719,2.5794579660972053e-06,2
6.313967004184082e-05,0.00689405683428519,0.9735776634527916,0.008621863211808507,7.2381722150325025e-06,0.010829133396201058,6.905262656700498e-06,2
5.749219348975114e-05,0.0002539684351841554,0.9954222475900073,0.00010284926946456025,1.3440335391072084e-05,0.0041480389271463846,1.9632493166811893e-06,2
0.0004691156619317438,0.0015735072124115194,0.8362870408795824,0.0002545247863183088,5.569209245118439e-05,0.1613464762793531,1.3643087951760303e-05,2
0.0004058139826957169,0.001416055261334262,0.732183606681724,0.0010839174549771052,6.042473587453833e-05,0.26483853370928945,1.1648174104987518e-05,2
0.0009020672850543687,0.002848373217229994,0.7454870643651806,0.05601810971622359,0.00014399944087085264,0.19459412872184234,6.257253598164333e-06,2
0.0005339453429148464,0.008144378254431994,0.9538317684378764,0.00037690309537964845,3.699482007461498e-05,0.03704722062221272,2.878942710985158e-05,2
0.0006314249491469176,0.009906340862597117,0.95164477028868,0.00012008924130977884,6.888591794104565e-05,0.037593342219998695,3.514652032659292e-05,2
0.0008335746648673839,0.01134113625931538,0.7613797890045636,2.06776133991397e-05,8.475165511255316e-05,0.2263008497390526,3.922106368925453e-05,2
0.0002317172573911919,0.0021345505739458577,0.9903384532263749,0.00017163427971758443,1.4234461179495367e-05,0.007097306180168787,1.2104021222153781e-05,2
0.0005787486209258745,0.005843332144555473,0.8675042935590327,9.001165335607885e-05,7.368682068844479e-05,0.1258819721201917,2.7955081249614867e-05,2
0.0005488985721087177,0.004939812054976957,0.8240073082822065,0.0001691693299455124,6.059604669528141e-05,0.17025856774069487,1.564797337207402e-05,2
0.00046867538583427685,0.0015368151350843582,0.971847686808372,0.0001584465280991402,0.00010168925879993883,0.025873378491147084,1.3308392663499967e-05,2
0.00047521288555375595,0.0015959415336652375,0.9349592390779007,0.00018996616347957874,7.078369755477211e-05,0.06269503623097586,1.3820410869938151e-05,2
0.00023381520006266585,0.00300068782105156,0.9941366771508597,8.634980619869638e-05,1.2849769235134607e-05,0.002518009912501197,1.1610340091155523e-05,2
0.00014991588301484934,0.001719498496014475,0.9966395029725557,2.6448309513737213e-09,5.490417116395874e-06,0.0014788869860108877,6.7026004572635215e-06,2
0.00013191621530044887,0.0011625485038203283,0.9665401055792842,0.00013581212192195148,1.2476980590594905e-05,0.0320093194976295,7.821101452939569e-06,2
0.00041712592479445533,0.004533098144625229,0.3663483944277144,0.000753786015901672,3.8495544968467315e-05,0.6278955161444425,1.3583797553408196e-05,5
7.328151477401135e-05,0.0006592396145410363,0.09052358039915957,0.0023713955034396638,1.777537778937837e-05,0.906351561834354,3.1657559423694757e-06,5
8.706239597139821e-05,0.0008394618079429188,0.08948592928267232,4.017449113449946e-05,1.5729625016624622e-05,0.9095267291697464,4.913227515842005e-06,5
0.0004975796804306675,0.004159494366377876,0.3669158658132128,0.0013745467110104922,9.855261343460959e-05,0.6269473440054222,6.616810111466933e-06,5
3.0731962033112225e-05,0.0005722016341940338,0.15544431705634262,0.8394671892490748,6.137016643582115e-06,0.004477589654815026,1.833426897036859e-06,2
0.0001294587885936916,0.0017399847874698042,0.9831247213380223,3.569193574908217e-21,1.7884499982863244e-05,0.014969723937385264,1.822664854598642e-05,2
0.0001506856297541563,0.0015703831076428242,0.9819576492851028,3.897104003752612e-07,1.5555798197319102e-05,0.016286501679434587,1.883478946791785e-05,2
0.0001290539782611282,0.0014264080013432889,0.9817853000434056,1.1751814584739957e-08,1.2948058249001412e-05,0.016640965751705365,5.312415221156927e-06,2
0.304044522799857,0.010003522986659526,7.2656212810388745e-06,9.487530589321966e-08,8.895886785327035e-06,3.277606663205639e-06,0.685932420223448,6
0.31001145392550494,0.008162835284214007,7.897820503559416e-06,7.922556710646111e-08,4.7697721828187486e-06,2.7780159427621187e-06,0.6818101859560848,6
0.31106170620697593,0.010192092642832442,6.788966243627459e-06,7.833975998488312e-08,4.71644219955504e-06,2.74695543545582e-06,0.6787318704465531,6
0.8990002023697438,0.01965371076687024,1.9580153879890772e-05,2.1599885126161247e-07,1.3980096315580433e-05,8.98149718293732e-06,0.08130332911715628,0
0.9108506005269266,0.04968794122720727,1.9867940349094288e-05,2.4003404272355784e-07,2.0716686428211112e-05,1.2430688617471587e-05,0.03940820289642875,0
0.9078341573101395,0.05975430955465709,2.1680754980510532e-05,2.552296955160664e-07,2.7804801056784304e-05,1.3217628778373805e-05,0.032348574720692136,0
0.9097531846542695,0.07005505000159666,2.0090624437501685e-05,2.6386632080032505e-07,1.998588299880143e-05,1.3874006426458713e-05,0.02013755096395019,0
0.5152562050147486,0.48472059470881146,1.0734574615029057e-05,1.748904495340862e-07,2.0734480505008827e-06,6.957861026855222e-06,3.259502298073292e-06,1
0.007092085497941233,0.03852671946925754,4.955920910321192e-06,2.0888894705615055e-08,0.954362553734489,1.2998151378559234e-05,6.663371288478668e-07,4
0.0034912591605257303,0.017823330767993886,2.215654614056049e-06,9.33884474238457e-09,0.9786782050806807,4.682096514625634e-06,2.9790082625692126e-07,4
0.0011363038042315604,0.029568482036583455,2.2847213344745295e-06,1.3040633598968315e-08,0.9692875595472132,5.058004356157553e-06,2.988456475134168e-07,4
0.04325715843915072,0.9066169453514662,4.878007703892819e-05,3.1424675726945536e-07,0.04999995696506288,7.21372447136713e-05,4.707675810499533e-06,1
0.041120275246988455,0.7746049320751832,3.3345973597790746e-05,0.0,0.006663104795864265,5.473843198628395e-05,0.17752360347637997,1
0.07080921420876422,0.9132908675990321,0.0008028449961205871,1.4310972557224852e-07,0.010499655248348404,0.004591224750885075,6.050087124085478e-06,1
0.07648008909773628,0.9075781880536739,0.0007174528163044054,1.383242153130284e-07,0.010398964664590001,0.004819319267931302,5.847775548923733e-06,1
0.10299194270028354,0.8790412511494222,0.0006731193847162926,1.6031961714392396e-07,0.012774526734285245,0.004513233658971557,5.76605270409781e-06,1
0.16009907938174903,0.8057321390354979,0.0005403233842806086,1.7485907723817611e-07,0.02908560048292373,0.004539025489764647,3.6573667067742885e-06,1
0.1912885296182621,0.7774681307059865,0.00041181822479877616,1.7210879732285635e-07,0.028260688132817856,0.0025679689305867026,2.6922787508276095e-06,1
0.16360756555909495,0.8084357289151903,0.0007091571359170237,1.6104430582908344e-07,0.0240686342734103,0.0031759605971310332,2.79247495026034e-06,1
0.26479285914093775,0.6949488014505307,0.0020611320472587796,2.1954100644788952e-07,0.02952915339107174,0.00866330636125881,4.528067935740788e-06,1
0.19484377008980033,0.7722990719712532,0.005019067800849048,2.2652233813482925e-07,0.01803424844123302,0.009798396198806767,5.2189757193441995e-06,0
0.04171351589414124,0.8791444837935313,0.001728093775378694,2.778134639877477e-07,0.04152466054689979,0.035883384471038705,5.583705546443458e-06,0
0.06697163002139002,0.8590683325048397,0.0018994239442932709,3.285009819307894e-07,0.03954316993266804,0.0325110385779477,6.076517879283297e-06,0
0.0435748443753015,0.9229285362349194,0.0017663276384966944,2.461466066759914e-07,0.0078265494078482,0.023894461230753644,9.034966073781956e-06,1
0.10726082824817386,0.36276952394570694,0.00040056786149755217,1.4482451049675388e-07,0.52807981554673,0.001485550604423801,3.5689689573085097e-06,4
0.061399928623832416,0.5873160431668727,8.981074698205571e-05,9.96407755174527e-08,0.3506351888598639,0.0005546294870545019,4.299474618941511e-06,1
0.06467800883973611,0.8875312063725258,0.00010778426718656024,1.1544399622006462e-07,0.047170586841676465,0.0005006739901122017,1.162424476659509e-05,1
0.05807927745340374,0.9167829394951419,8.295807990479376e-05,1.0467753350350455e-07,0.024699837471770885,0.0003443426702160904,1.0540152029116181e-05,1
0.04917450084364128,0.9293784901799222,8.076105455267747e-05,1.1237278775750382e-07,0.020920919988430497,0.00043493349283077893,1.0282067834920595e-05,1
0.14038386196248356,0.8551737459914731,2.1786245975824027e-05,1.5399250627454329e-07,0.004403155045509729,1.338788781885935e-05,3.9088742324298435e-06,1
0.13427275064278052,0.8655781388551527,2.1200713803627436e-05,1.4985376815504403e-07,0.00011092804421037521,1.3028071857706615e-05,3.8038184269139333e-06,1
0.37037554305700726,0.629340653911631,2.2296932260678693e-05,1.9469539525600794e-07,0.00023946935953940684,1.663998902821228e-05,5.20205513808658e-06,1
0.30044427365700915,0.6994662930976245,2.657285942175427e-05,2.1070423225744084e-07,3.7690571029962966e-05,1.8913338282198355e-05,6.045772400197271e-06,1
0.26805778113729534,0.7318710736314578,2.4912937286719024e-05,1.7623678222080637e-07,2.005166052005894e-05,1.701639362678486e-05,8.988003031036786e-06,1
0.19102032787949397,0.8089203891657197,2.3801923022501636e-05,1.599181065201667e-07,1.3644429538577643e-05,1.694571127245698e-05,4.730972846336056e-06,1
0.18563551487231242,0.814310668809275,2.1336108945021086e-05,1.5371666521646708e-07,1.2802408362183943e-05,1.497657331091258e-05,4.547511129246191e-06,0
0.22356678936134383,0.7763711155843286,2.547805287768597e-05,1.7117952907285708e-07,1.4821807490250071e-05,1.6559886787509115e-05,5.064127643295686e-06,0
0.21618028325608957,0.7837483074515333,3.092090717759383e-05,2.2366646985960196e-07,1.7631863080243438e-05,1.668920353644827e-05,5.943652113056276e-06,1
0.40226463088281705,0.5976566291395916,2.1782347866081155e-05,3.210117965248547e-07,2.0134076263296443e-05,2.665191785550901e-05,9.850623809768161e-06,1
0.28217477959018766,0.717737140814412,2.172382874875626e-05,2.665169039838431e-50,3.8371624224219375e-05,2.0391067328942526e-05,7.593075098336239e-06,1
0.2880270546474912,0.7118782978414484,2.279547119745126e-05,3.8830053008804534e-07,3.795328527817211e-05,2.3973090634178564e-05,9.537363420523859e-06,1
0.3537429839982876,0.6460455453825276,1.9720263754003722e-05,2.4330095775890853e-07,0.00017186796572228448,1.5680036323269447e-05,3.959052427443047e-06,1
0.36824435720236925,0.6253497829199635,2.178871550960008e-05,2.471625222449742e-07,0.006361798114161929,1.7426958804767964e-05,4.598926668810741e-06,1
0.3047065725342912,0.6870031007411618,2.48827479365754e-05,2.8225999544030866e-07,0.0082400081202007,1.9901614808319812e-05,5.25198160618475e-06,1
0.25388857517508606,0.7449962756988272,2.2939580862913326e-05,1.982482372420543e-07,0.0010650310305470295,1.6665069746190327e-05,1.0315196693359285e-05,1
0.19733971540150294,0.8016311084310958,2.2861016578326125e-05,2.4205756611143703e-07,0.0009791338245812944,1.5839907740759057e-05,1.109936093469171e-05,1
0.3023295892104049,0.695871665263545,2.0043495504239152e-05,1.9595864828234388e-07,0.0017534690044433668,1.9855374995989863e-05,5.181692458143417e-06,1
0.16503108092915394,0.8162915736570051,0.00011327624384140317,1.804208457661765e-07,0.018251325078088333,0.00029536018713134725,1.7203483934222144e-05,1
0.2458253453878686,0.7167178330152115,0.00023288019164870448,2.5747354176171245e-07,0.03622803226148581,0.0009777438491439484,1.7907821099644894e-05,1
0.2563779984932802,0.7401532460658046,0.00014814970263565328,1.887912791586674e-07,0.0023405603426248627,0.0009631009794827686,1.675562489310177e-05,1
0.24260373144038158,0.7533025361900852,0.0001802757388462634,2.2410751708074755e-07,0.003055625779187162,0.0008377167283599434,1.9890015622880056e-05,1
0.18764295193277938,0.8123009052313191,2.235509308999873e-05,2.0450602488032804e-07,1.2594382897401631e-05,1.6933394339849523e-05,4.055459549377885e-06,1
0.4144404106959528,0.5852975870590892,2.243293295836125e-05,1.9363736378492925e-07,0.00021492080809529376,1.592760389702601e-05,8.527262643701682e-06,1
0.40398546411484326,0.5954643036156066,1.6591732013813308e-05,1.6814089578852734e-07,0.000512237532220943,1.3830396854531164e-05,7.404467565095189e-06,1
0.2539111880409553,0.7445262499597226,1.4402293437106938e-05,1.3237034269177555e-07,0.0015290068797721823,1.3681366510203079e-05,5.339089259693124e-06,1
0.2518590264581884,0.7464543795453457,1.3606076048580215e-05,1.3032985885697718e-07,0.001656322166752488,1.1351080830265297e-05,5.184342975716977e-06,1
0.1325627744291892,0.8643969617956984,1.5425702332008722e-05,1.5659595974145558e-07,0.0030032553359420656,1.5109923893791743e-05,6.316216984598693e-06,1
0.1345642107217681,0.85887101543209,9.540110502090868e-05,1.5551959463230328e-07,0.006326436625139796,0.00013697719889882939,5.803397487907308e-06,1
0.1609818675813212,0.8319898346273245,0.00014939089304150948,1.398079128840348e-07,0.00640616279193806,0.00046889353831270443,3.710760149046172e-06,1
0.19257903985926061,0.7985355179064966,0.00011699014324302184,1.8029323324460597e-07,0.007138848227275564,0.0016259995073454325,3.424063145409511e-06,1
0.17640249867146723,0.8151470684175992,0.00010921111502528172,1.7928591022705578e-07,0.005024509202222767,0.0033114236749148653,5.109632860361033e-06,1
0.15861374477201448,0.8337561257912454,0.0001130863723282433,1.5905313942503384e-07,0.004644827304846471,0.002863752689989627,8.304016436325995e-06,1
0.09820938574670542,0.891921792927211,0.00015604613408917676,1.7382774641118332e-07,0.008146301158396773,0.0015610002836553675,5.299922196275792e-06,1
0.07896442890412071,0.9071784426004916,0.0001860850578606047,1.6408108482647986e-07,0.012223625381089703,0.0014422512240576245,5.002751294973495e-06,1
0.09249470918930895,0.8910759389820478,0.0003349668497895192,1.7667626216817327e-07,0.014438087838267477,0.0016507336922883928,5.386772035835934e-06,1
0.04748283359065754,0.9420094740264608,0.0004660504654046125,1.720779119680135e-07,0.007835247678666472,0.0021953459688174594,1.0876192081450614e-05,1
0.04293938941825341,0.941969071341068,0.0004951974050940795,8.07527390277737e-08,0.005908688743567425,0.008678678743601039,8.893595676995286e-06,1
0.03587198732795787,0.931646929810528,0.000841232221019438,1.9774462461292722e-07,0.023416780514380904,0.008209682572023591,1.3189809465667762e-05,1
0.04847279678681851,0.9077255729870782,0.0008398964129820542,2.1919637384983462e-07,0.022396236829069334,0.020551685543634644,1.3592244043326817e-05,1
0.0846645439100659,0.874510602103583,0.010330738653022016,2.4007442746635614e-07,0.0106261027525317,0.019794180554463237,7.359195190681533e-05,1
0.059643993439535546,0.9132169940180248,0.008196808180253878,1.809623157386903e-07,0.008009700082050117,0.010876851478618556,5.5471839201423953e-05,1
0.012825248141399157,0.9450819013806905,0.0012072485478293539,1.1845906956980923e-07,0.0395317254753595,0.0013502535354395135,3.5044602123670585e-06,1
0.0139268378554168,0.9651238474850403,0.0002427719108983349,1.3480515684311294e-07,0.019820946447081305,0.0008820073624165055,3.454133989947407e-06,1
0.0005551410852117054,0.30959161653143596,0.637440540938698,0.0,9.620708501179319e-05,0.052310835791955314,5.658567687418133e-06,1
0.0004172475386807482,0.3352904169525179,0.44257353003196404,9.892691659362327e-05,4.474120975557286e-05,0.22155284718518142,2.229016530669468e-05,1
0.0003320750619887735,0.24457790125680198,0.4987225016070285,0.0001020738643073482,4.0530953700081317e-05,0.25620596100688003,1.895624929311653e-05,1
0.0002331779507055655,0.13793568416226992,0.7853889316427327,0.00022493691723765805,2.9905323510351035e-05,0.07617405321972043,1.3310783823273578e-05,1
0.00040499382151233703,0.02144226775638387,0.1003944214960629,0.0016676777687259664,8.972431306525171e-05,0.8759959382309035,4.9766133463016766e-06,5
0.0005661219387242147,0.03995741654919017,0.22758440451961603,0.0002570900314090618,5.738998906291806e-05,0.7315455149699047,3.206200209281434e-05,5
0.0003200378115369301,0.02723324027568557,0.7883236643865974,0.00022489393855119148,3.61619744146115e-05,0.18384373250109728,1.8269112116954454e-05,5
0.00039260406851506077,0.022946173716643186,0.6516346951804908,0.0002840392687817734,4.5759247059101496e-05,0.3246803684056382,1.636011287190032e-05,5
0.0004716629943196478,0.0062678625702571175,0.5634030292945786,0.0026317100225008243,8.457610560254094e-05,0.4270832748909395,5.788412180177231e-05,5
3.450298680238885e-07,3.0246069495212097e-05,0.00037256387564713273,0.9994304149494355,5.2932720345765306e-08,0.0001663739469322585,3.195901345696846e-09,2
0.0002774635937617721,0.025250862757055195,0.7639426973538614,0.0007722239245641224,0.00012038637458233897,0.20963350976722214,2.856228953007906e-06,2
0.0003088105338148973,0.02915517803610434,0.8095461892827785,0.0009171100389119246,0.0001404321825589305,0.159929015418569,3.264507262381841e-06,2
1.984452165921388e-15,5.6935720975806105e-15,7.004241475831599e-12,0.9999999999924702,4.599372422627613e-16,5.1728525907022e-13,1.4626592568089574e-17,3
9.15800140220577e-05,0.0008571646759644015,0.9722764628174567,0.0020087199427691995,6.585309481819576e-06,0.024756071045192105,3.416195113580064e-06,2
0.00021634738597949788,0.0024775392160276462,0.9675423966375996,0.0002284170540750207,1.2819241828189547e-05,0.02951307118682651,9.409277663748026e-06,2
0.0002443644831309689,0.0023374748900948186,0.726527483613202,0.12496285298336361,4.655015373959101e-05,0.1458795561427372,1.717733731847388e-06,2
0.00019493427532159472,0.001490156939345184,0.9787479436726243,0.00011294219362767889,7.804755412279964e-06,0.01943732468537842,8.893478290286887e-06,2
0.0004445232529414604,0.004383055849048189,0.5854894751343926,0.0009268140966703398,8.093218741760149e-05,0.4086616030510778,1.3596428452077041e-05,2
0.0005118523485064658,0.004886271998217456,0.7494800013823797,0.022905562556912052,0.00012212044002753777,0.22208004027019923,1.415100375745262e-05,2
0.00035181677828949846,0.00398748691034325,0.8588635498928999,0.0008475258036220852,3.5831348820750465e-05,0.13590279690929935,1.099235672517353e-05,2
0.0002452147736491985,0.009689193065406224,0.8943259378707665,0.0013971229463567434,3.480497550585568e-05,0.09430614931862989,1.5770496856317665e-06,2
0.00016244028338030625,0.011596239988685387,0.8259180601334729,0.00016239810343479194,3.349676128500902e-05,0.16212418718439098,3.1775453506504968e-06,2
0.0002446317674552155,0.037689227126189016,0.8365018391500397,0.0003669224578444506,7.717795647517742e-05,0.12511817752928797,2.0240127085534174e-06,2
3.4398055142077175e-05,0.0005951870167631046,0.9974643492818048,1.439048016253721e-22,5.096135557682501e-06,0.0018907383632462316,1.0231147485862052e-05,2
5.480710833563485e-05,0.0002613550850316656,0.9930737504953565,0.00011427145744081613,1.610944819252256e-05,0.006474281782452477,5.424623190041554e-06,2
0.000954592512664113,0.012733109448184564,0.9502769913830694,0.0001495205111206082,5.955562528096039e-05,0.03578122046306387,4.5010056616757456e-05,2
0.0011956466335458602,0.014549101832953822,0.6847396332383676,4.294018967481396e-05,0.00013275012662762313,0.29928240238661913,5.7525592211006825e-05,2
0.0004931018742735285,0.005350381831091037,0.8890911537129186,0.00048405443845854257,5.780724409945031e-05,0.1044996129050697,2.3887994089185704e-05,2
0.00028429804821032846,0.0026121467816140635,0.9426964608867217,0.00016259512626627865,2.511486814675762e-05,0.05420523048649895,1.4153802542159288e-05,2
0.0005064400121803384,0.001665387774132043,0.9833622195116349,0.00048766549435514897,8.44187372116422e-05,0.013879446674442259,1.4421796043754361e-05,2
0.00028138835001205236,0.0009074163037590739,0.9935274004722311,0.0003794592809548799,3.705051884668773e-05,0.004859154368583684,8.130705612645719e-06,2
7.03917698371904e-05,0.0009540596223100961,0.993273967646364,6.637869417269346e-05,2.718431980478767e-06,0.005620361276757337,1.2122558578100027e-05,2
0.0005017885592719297,0.03256974988886502,0.18692833808537146,0.0005528687737464139,4.0131438387519746e-05,0.7793911247139951,1.599854036252905e-05,5
0.00042519757456863924,0.0066792182472912,0.5435077036012362,0.0037177367243551073,6.689201849771989e-05,0.4455738170131302,2.9434820920733714e-05,5
0.00029190054962299186,0.0034037494285839268,0.8525032494432581,0.0014218322482333456,3.250570441208375e-05,0.14233642340718014,1.033921870978989e-05,5
0.00034066288763290987,0.0031766421199590977,0.2895548931182646,8.06914561486167e-09,5.834541778951925e-05,0.7068562813973015,1.3166989906742745e-05,5
0.00016822585194416564,0.0018972815515399834,0.18455195998053647,8.406600007289723e-05,2.6013900718135307e-05,0.8132636356568016,8.817058386681614e-06,5
0.00013788771999227563,0.0015905226112762098,0.1137989883023604,0.00011128949520270939,2.5680246337551247e-05,0.8843280878516897,7.543773141202231e-06,5
0.0002769265470083595,0.003654424003173799,0.8715043885503096,0.004019358212615628,8.844814999547491e-05,0.12045137520432872,5.079332568266169e-06,2
0.00019854279742865995,0.003754444011100086,0.9653936336480126,0.00010136134628219935,3.964798768689762e-05,0.030500525417262333,1.1844792227272645e-05,2
0.00014567566241065107,0.002303374418306672,0.9638686595990522,8.269530557515042e-05,2.1508174417425545e-05,0.0335716008577415,6.485982495970408e-06,2
0.00018806380451984108,0.0023247027919748764,0.97060959715573,0.00040214240213858206,2.433427124861832e-05,0.026443362381577712,7.79719281036505e-06,2
0.00021605877449049502,0.0025167950473847654,0.974186480503808,2.982613747822355e-06,2.689534384100858e-05,0.023045915847240493,4.871869487431981e-06,2
0.3127815225517437,0.012442536280462409,6.949225194589961e-06,8.173414466943832e-08,4.82777757110523e-06,2.8117995045863914e-06,0.674761270631379,6
0.3128906856965962,0.007517650128264654,6.797422731344108e-06,7.99487018114672e-08,4.722317105114374e-06,2.750489534123329e-06,0.6795773139970667,6
0.8060747979302733,0.007920325519118027,1.6671906423916482e-05,2.1727094346493124e-07,1.2606997219901347e-05,7.474505711982387e-06,0.18596790587030954,0
0.9024845874013366,0.004307150458411455,1.1697078834167958e-05,3.0697499259990643e-07,1.0281566112286645e-05,7.951353690088153e-06,0.0931780251666228,0
0.9618642919518239,0.002758943407595588,1.0925386187270359e-05,4.816291847065661e-07,1.2103485869780648e-05,7.42708176454336e-06,0.03534582705757408,0
0.9266657338408392,0.002281496336634989,1.1018300876051856e-05,2.6823829269138505e-07,1.1718889206704215e-05,7.216628807958049e-06,0.07102254776534242,0
0.8875881502546392,0.05945285367590676,2.074562147543667e-05,1.9247668366091125e-07,1.9515650445119785e-05,1.034034604968638e-05,0.052908201974800007,0
0.8866610671337299,0.07167086818918048,2.1160488878831125e-05,2.4095780123178117e-07,2.9262628886022758e-05,1.2478527475006847e-05,0.041604922074048534,0
0.9016016010362475,0.06502296414472836,2.1546849912951727e-05,2.5909039170473926e-07,3.307122310074856e-05,1.341756338607994e-05,0.03330714009223278,0
0.9091573132459772,0.06253594887596256,1.9772086324589827e-05,2.607364704175633e-07,1.648582803619786e-05,1.3502809177413504e-05,0.02825671641805153,0
0.7703665561334426,0.20831608424963421,1.9168826395349697e-05,4.3416858057375753e-07,1.7252365248988166e-05,1.0405245641525151e-05,0.021270099011056805,0
0.5664760514362397,0.43348191320843593,1.4044356261643399e-05,2.4932903860738327e-07,1.2371525859907342e-05,1.1050161312808605e-05,4.31998285124313e-06,1
0.44124624681585395,0.5587099496355378,1.353289344669313e-05,1.5881894891913325e-07,1.8549679258973384e-05,7.532884287929482e-06,4.029272665715003e-06,1
0.38603109617006015,0.6139087338214736,1.525119533423752e-05,1.9325286410024063e-07,2.2092545505690916e-05,1.206066009116351e-05,1.0572354671171868e-05,1
0.006758460450996335,0.04655028743926404,5.163240424787324e-06,2.0720625575148547e-08,0.9466747483560872,1.0518912561428045e-05,8.008800406417343e-07,4
0.021303035897723945,0.9711463308407962,5.1598784663280473e-05,2.8583837398602237e-07,0.0074215505601784824,6.791966671208083e-05,9.278411552331477e-06,1
0.07058392567760566,0.9109105009975941,0.0016431849098573548,2.4948979160079457e-07,0.011867921632426314,0.0049878864159474245,6.3308767774158125e-06,1
0.18640215066609622,0.7861584222237553,0.0002678614949512077,1.6771235595546606e-07,0.024724590048256712,0.0024441843488766128,2.6235057080965015e-06,1
0.14396479114603816,0.8162810352548105,0.0010140776695950185,1.5997145860234277e-07,0.03557822136277378,0.003159038612763244,2.675982560853675e-06,1
0.21931515293263823,0.7323511659058267,0.0008538073308887562,2.696350258341618e-07,0.04205052663848336,0.005426209953922411,2.8676032147601654e-06,4
0.36226746768395873,0.44380850797783716,0.0013952612570001716,2.4828246877216884e-07,0.18307959425799847,0.00944432788213406,4.592658602538186e-06,0
0.0424643947424904,0.8949698340037281,0.001734764238075922,2.8281434318537746e-07,0.03267872703537401,0.028145055427469486,6.941738519159661e-06,0
0.26768821465468623,0.6625228129936893,0.0028380055196463713,3.31091090695314e-07,0.012866916019741092,0.05407759529217064,6.124428975695904e-06,0
0.04818845731626013,0.9076709814722186,0.001855796457812156,2.9778944617105626e-07,0.008869882888176377,0.03340907565147485,5.508424611959108e-06,1
0.05253261091777474,0.9188417458743864,0.0017687679118333452,2.2564019303164725e-07,0.011287925240843592,0.015561198227165944,7.526187802745836e-06,1
0.06580884148922797,0.9215360130900543,0.0013686393818811106,1.8542688068918806e-07,0.008714872511722337,0.0025684735847538247,2.9745154796535e-06,1
0.12351873501990862,0.8552004369568873,0.000994857572589317,2.095402781581691e-07,0.01619324516342915,0.004088777791625508,3.73795528201183e-06,1
0.10205741374893859,0.8426683363840064,0.0006754133899956324,1.5517913960496135e-07,0.05245842843800421,0.0021359893985466536,4.263461368724714e-06,1
0.05873818617020655,0.9343689166492168,7.665630160704939e-05,1.188765344302512e-07,0.006489530933428903,0.0003056636390638439,2.0927429942120803e-05,1
0.04698852821617631,0.9352993722468224,7.348007252318262e-05,1.0430048368456752e-07,0.01733138106524048,0.0002952883219832809,1.1845776770695186e-05,1
0.041681002994927246,0.9349246287505103,4.941243650927464e-05,1.2044484317397104e-07,0.023290559969488873,5.123305017241366e-05,3.042353548972441e-06,1
0.1073410408902367,0.8822012468425351,1.4317530956887468e-05,3.530341290418325e-94,0.010428748967177928,8.644367319499699e-06,6.001401773815673e-06,1
0.14536331625410717,0.8541632319434486,1.878792424907634e-05,1.4741649936294987e-07,0.00043859264428092404,1.180810822145977e-05,4.115709193256961e-06,1
0.3705264717503556,0.6293610120879696,2.0730103675232034e-05,1.656864058289004e-07,7.055248977297428e-05,1.6305960832544025e-05,4.761920988327833e-06,1
0.3854303628656296,0.6143169108834409,2.043046526708994e-05,1.6584897263655746e-07,0.0002110413836601585,1.6321959779380163e-05,4.766593250300773e-06,1
0.1748311018509807,0.825114042160516,2.2543553457495214e-05,1.514634922460095e-07,1.2923070392638509e-05,1.4757047274963877e-05,4.480853885902774e-06,1
0.1860529727974661,0.8138907347491684,2.442181667065127e-05,1.7271209766734129e-07,1.246790575854702e-05,1.4024829673659402e-05,5.20518916510843e-06,0
0.48737051682834365,0.5125458501798706,2.3851329030898226e-05,3.227119147210838e-07,1.8217004981381334e-05,2.6210646847148146e-05,1.5031299011771378e-05,1
0.4628862454251644,0.5370083307955551,2.448188443335816e-05,3.8286908043842847e-07,1.9483963616793018e-05,2.7501395641909615e-05,3.357366650797648e-05,1
0.3224478514404946,0.6774700886816623,2.4065403096582664e-05,3.763558439814494e-07,1.7066613989260654e-05,3.055982992294839e-05,9.991674990365996e-06,1
0.32539042411125807,0.6745460070232754,2.4230786353718272e-05,2.7446357859399974e-07,1.725128029927124e-05,1.740124256971685e-05,4.411092665440521e-06,1
0.22356350523351046,0.7738347669775217,2.534467981929828e-05,2.8278224856877923e-07,0.002538002229898451,2.8766795091558214e-05,9.331301909941592e-06,1
0.17618795728065295,0.8222501700013323,1.997386541524405e-05,2.4894557495356486e-07,0.001511116730859542,2.3234005731686225e-05,7.299170433416755e-06,1
0.20097263260182932,0.7974495323567676,2.5920549464784398e-05,1.9729298489233466e-07,0.0015266701224762088,2.0460171287079586e-05,4.586905189890403e-06,1
0.2780424303089806,0.721090371101583,2.0564145720951126e-05,2.1783793838056222e-07,0.0008231473709253381,1.5029237855606543e-05,8.239996996210923e-06,1
0.2817241486168579,0.7171677349348881,2.20826973025862e-05,1.908428859249695e-07,0.0010616051717102528,1.604256385200888e-05,8.195172503295538e-06,1
0.27817381699331445,0.7208376508976506,2.18044077099069e-05,1.8843785413641252e-07,0.0009408941249183591,1.584039296234205e-05,9.804745590339654e-06,1
0.2089356258151348,0.7901862380773541,2.253463032891304e-05,2.386017153676834e-07,0.0008288082181596492,1.5613761713488462e-05,1.0940895593750106e-05,1
0.17477202135867773,0.8220400877795706,1.908609903179829e-05,1.8797644421855063e-07,0.0031477255508305605,1.598187800002775e-05,4.909357445236042e-06,1
0.21741491247399053,0.7547911919807444,0.00019614012409389337,2.0779495819248252e-07,0.026862222050517526,0.0007208730035543338,1.4452572141035891e-05,1
0.18509571033401304,0.8112953601565069,0.00015926088467590064,1.857772178877819e-07,0.002607450372332096,0.000815111799054485,2.692067619973947e-05,1
0.18908780554121804,0.8081539100468625,0.00018037996231884268,1.8505786228664743e-07,0.002084331216969506,0.0004665717392259266,2.6816435542942097e-05,1
0.33573738576308404,0.657693650645337,0.00023135922865947207,2.973356264023707e-07,0.004695957250142245,0.0016271728577974744,1.417691935336338e-05,1
0.20911469423987664,0.7893541092302852,1.8103658889556403e-05,1.6917142928380524e-07,0.0014842982863662476,1.2524646495510425e-05,1.6100766657465917e-05,1
0.1890790216129835,0.8108734983895743,1.7311543778435604e-05,1.5915234256276217e-07,1.3822742302624784e-05,1.2499104604300543e-05,3.687454414329957e-06,1
0.22357301644604596,0.7763800436435757,1.5953775852789977e-05,1.1257560074824022e-07,1.575368700110465e-05,1.1518782828945712e-05,3.6010890949033354e-06,1
0.4114394495554405,0.5885007366122333,1.7077100752444513e-05,1.7305963088099714e-07,2.0707610209300265e-05,1.4234986457983295e-05,7.621075275448384e-06,1
0.2957920020771752,0.7031372000028894,1.5076331342898725e-05,1.3856537190476374e-07,0.001035524592610188,1.4469468053721067e-05,5.588962556550619e-06,1
0.12621852153680657,0.8676134638410624,8.197411440084531e-05,1.6353347141104301e-07,0.0059410060271097515,0.0001413544082163891,3.516538932761048e-06,1
0.1561014340600894,0.8360326175368019,0.0001272753746515728,1.8379499854242003e-07,0.004666142176550149,0.003065997213700515,6.349843207990849e-06,1
0.16229114813810383,0.8296364432545958,0.00012435261562844906,1.7489882736719134e-07,0.004114275337185078,0.003826249192973426,7.356562686033016e-06,1
0.0767175783234964,0.9097347390080551,0.0002946369529185802,1.587599858667859e-07,0.011305176727723704,0.0019428697142066216,4.840513613893787e-06,1
0.08057878203593806,0.9113675257944577,0.0006398805491584441,8.666249606688987e-08,0.004661280684633576,0.0027338267889358086,1.861748438054473e-05,1
0.014321537094349922,0.9567256093493574,0.00043711647111814654,1.1530169533596711e-07,0.026855530283017303,0.0016566822343480694,3.409266114081595e-06,1
0.019364510198354275,0.9556499988202365,0.0002333778772344083,1.5000703713459065e-07,0.020312818846473974,0.004434706484141104,4.4377665224142554e-06,1
0.025927979588300766,0.8783758219720318,0.0002819838811886399,2.0034686237278512e-07,0.021409638627406354,0.07399905697982385,5.318604386020105e-06,1
0.025570415629520657,0.8859867980369471,0.0002925516952650941,1.8032972642706047e-07,0.020349897131261677,0.06779482235273881,5.334824540372148e-06,1
0.0005768509768001546,0.43385088613700484,0.3213171579856647,2.7201350999484194e-05,6.594323093890155e-05,0.24413757549222836,2.438482636349054e-05,1
0.0005409680214562053,0.5406691455617431,0.42671775832884784,0.00020707289102066888,5.754951415870692e-05,0.03178376840907569,2.373727369781332e-05,1
0.0004874710182019753,0.33288015042358665,0.6036974955276819,0.0003163416206283132,6.301891022612268e-05,0.06252948086114972,2.604163852541896e-05,1
0.00024676877689134457,0.15108339955820838,0.7711157504100122,0.00013077916698084674,3.6577514155986537e-05,0.07738229142747774,4.433146273539559e-06,1
0.00037624739791524754,0.11096169851094582,0.6364397621695925,0.00027979589606977735,4.4514789659827484e-05,0.25189484357367553,3.1376621411611402e-06,1
0.0002613524862451886,0.0260484022073413,0.6395682556074352,0.00014559897983861954,4.864851780818317e-05,0.3339058213338597,2.192086747157945e-05,5
0.0002148238344511928,0.021839657838418503,0.6279563331398252,0.00010793114741925059,6.801476913156923e-05,0.34979465323381126,1.8586036943075855e-05,5
0.0003221282769121227,0.028713005837311685,0.7015873010214221,0.00044763311763276915,5.028165106947292e-05,0.26886859990234024,1.1050193311594138e-05,5
0.00037170914508910275,0.02449746558479346,0.501250882575756,0.0020519746307536106,8.423393432621799e-05,0.4716923641634962,5.136996578527183e-05,5
0.0009184340909274631,0.012351602127113243,0.717355569982852,0.00016513404952538157,0.00011427120776965674,0.26905104961645815,4.3938925353998896e-05,2
0.00022736740411620954,0.0045662200295335945,0.9826615926764223,0.00023567775549240548,3.656577477308509e-05,0.012264754730658278,7.821629004275388e-06,2
0.00031913866135274937,0.007826873843051996,0.9716437576218433,0.0002661790888299846,4.8775186031636134e-05,0.019891270936967898,4.004661922677346e-06,2
0.0004374287598655992,0.00772863406820051,0.8013668438469548,0.0013751918792547968,7.84964676256415e-05,0.18900807730362681,5.3276744718712345e-06,2
0.0002944839977738086,0.0279940703323584,0.572782256090416,0.0018827938497165033,6.293081099392059e-05,0.39698137931018823,2.08560855326392e-06,2
0.0004705345643562784,0.04864727087001416,0.3368497258840755,0.0005759390192107876,8.861908340628473e-05,0.6133601021281114,7.808450825707583e-06,2
0.00018865897785961757,0.016522129488558968,0.7739614533728991,0.00040723110970367066,4.70437198174726e-05,0.2088696719212478,3.8114099133680603e-06,2
0.00034104892073513364,0.03788295696868166,0.7688238149956855,3.735631684259403e-06,0.00013157685730894993,0.192813241542458,3.6250834464468684e-06,2
0.0002691650861401358,0.026302511337103505,0.8437404576547869,0.0005163231260006732,0.00015206474736946583,0.12901646007319023,3.0179754092865887e-06,2
0.00021987092470675856,0.022332573626791898,0.8316975199624561,0.002623633917184934,9.775220378279466e-05,0.14302620179430497,2.4475707723385416e-06,2
0.00011967562242896058,0.0009266062664528539,0.9425024235197428,0.007554564028900792,1.4730113132714283e-05,0.04887635439111414,5.646058227977578e-06,2
0.0002990237616935375,0.010292502757121883,0.8740657505249553,0.00031515579044383903,3.874199281998196e-05,0.11498032748151556,8.497691449786864e-06,2
0.00026877364717667036,0.0029047620981883654,0.916864694385853,0.000277469268596349,2.3729353223403942e-05,0.07964323519464682,1.7336052315428158e-05,2
0.00025281931535191986,0.0027323361967904,0.9606499742967919,0.00029479771147921963,1.3286289638927598e-05,0.03604047920106198,1.6306988885746838e-05,2
0.00041873451013062967,0.0047013781183068,0.6331487573169675,0.0006425150265302367,7.800439711392931e-05,0.36098904454463593,2.1566086314825973e-05,2
0.00013401252414304958,0.005501099576766789,0.9699512151340722,0.00020475664707482154,1.29098198444661e-05,0.024190424058643988,5.582239454452423e-06,2
0.0001360984832760498,0.004758865995495712,0.9394270618291282,0.0003302515340811032,2.8158796312177023e-05,0.0553177754475223,1.7879141841777709e-06,2
0.0003025657716557032,0.03298588006052888,0.8328034795107806,0.0002863370631924663,7.127604799808852e-05,0.13354570351742714,4.758028417212661e-06,2
0.00044203561339339426,0.0017568236488034444,0.9579614137211995,0.0004122350714392024,7.53818062545447e-05,0.03933771574830173,1.4394390608235108e-05,2
0.0005399985354139008,0.0018723772814707171,0.9536259882969577,0.00046714124967009446,7.290034832453211e-05,0.04340625311833422,1.5341169828759655e-05,2
0.00042042759987614053,0.001453630816645429,0.7699867731576251,0.0003143856085737521,6.681075627654882e-05,0.22774601479824708,1.1957262755908991e-05,2
0.0005324163955027377,0.006978297463527599,0.9839227788185423,0.00014539634526834774,3.0427146971714226e-05,0.00836601636265313,2.4667467534156327e-05,2
0.000532222905377257,0.008204498821675394,0.9608728101456404,0.000111038376847837,3.5773695916679675e-05,0.03021465410824033,2.9001946302156402e-05,2
0.001030623973987364,0.014262970381146765,0.872671316127157,9.986933717594302e-05,6.671112997729887e-05,0.11181809111399511,5.041793656066315e-05,2
0.0008368534734268064,0.007833707784592475,0.7685716072223189,7.650215835005599e-05,9.432383185985402e-05,0.22254658330467633,4.04222247756597e-05,2
0.00016985124458148264,0.001711918945557965,0.9804444614432024,0.00018162822413399902,2.0479722608867022e-05,0.01746574842799642,5.9119919191466615e-06,2
0.00016188508100552823,0.0005232783120141866,0.995771775572947,3.997140454182656e-09,2.6513006022835834e-05,0.003511855309837574,4.688721032280637e-06,2
0.0002502157781909152,0.002197470569834819,0.9950883535937777,8.717399275225834e-05,9.676486403914757e-06,0.0023549716208474377,1.2137958192779411e-05,2
0.00015181441967196597,0.001736180751355219,0.996493553098307,6.917264503955638e-05,6.7858283331960454e-06,0.001535725629449936,6.7676278431753135e-06,2
0.0005234870106973679,0.007888684662382484,0.4612132928362109,0.11324644857455614,8.380757663588786e-05,0.4170216020789108,2.267726060654152e-05,5
0.00027978943736629516,0.012316928191034754,0.2036618874011824,0.10710590079497541,2.853167225349911e-05,0.6765944442934969,1.2518209690640753e-05,5
0.00018610998278762253,0.006452944344477528,0.19810913636141628,1.0387161242408492e-180,2.8751770033377018e-05,0.7952158641886956,7.193352589523337e-06,5
0.0001248363136051508,0.0038895947257590107,0.15667187777249614,0.029535328049760147,2.7015950833616308e-05,0.8097459542681604,5.392919385437699e-06,5
0.0001496646793766412,0.0016707939035126044,0.1829054584914195,5.97495885333196e-05,2.154494282572889e-05,0.8151841023566282,8.686037704098378e-06,5
0.00014472859445675585,0.0017575135099067855,0.1709564733195761,5.533399282813175e-05,2.025882443029878e-05,0.82705752423131,8.167527491980303e-06,5
0.00021716564281677706,0.002597750479790176,0.22303869697949225,0.0007136419916881349,4.147745240485173e-05,0.7733842344474136,7.033006394108697e-06,2
0.0003471327730438864,0.0062662796915781225,0.9168563166049704,0.002399638039665702,5.1280334328454295e-05,0.07406048209307407,1.8870463339338394e-05,2
8.81138282624831e-09,1.6406006382723415e-07,3.676622780879986e-05,0.9999618138962401,1.5861857925065754e-09,1.2448926434586552e-06,5.256750693732476e-10,2
0.00014120115597536384,0.002076745293368692,0.9809838842623321,0.00013482364197546506,1.9219255167375612e-05,0.016637956273775678,6.1701174055286925e-06,2
0.0002670382269424028,0.003280808032788733,0.9735357703148569,6.0474774088285514e-05,3.280700782181286e-05,0.02281203014280258,1.1071500699052736e-05,2
0.0001260596564139081,0.001468425985872221,0.9828417260006378,0.0002028814269249724,1.3928769437347764e-05,0.015344089076726285,2.889083987387474e-06,2
0.23402154841102044,0.00582429075646134,4.808044338210661e-06,6.193751214725672e-08,3.832048573883624e-06,2.130847344243326e-06,0.7601433279547497,6
0.2526123586818402,0.009880958795609743,5.180854612301161e-06,6.6740076195303e-08,4.177237545818165e-06,2.2960708169428327e-06,0.7374949616194988,6
0.6727241087872002,0.02061121917291471,7.80137863009094e-06,9.175685773613842e-08,5.597497317045532e-06,3.15672735415641e-06,0.306648024679726,0
0.8101588334069275,0.026657822903201785,9.608336129049721e-06,1.1300960677304506e-07,6.893991210243377e-06,3.8878894263009254e-06,0.16316284046349816,0
0.8416788029893767,0.012318830593143681,1.8268955150558278e-05,4.5080918808240394e-07,1.3814656880702773e-05,8.38038748739448e-06,0.14596145160877305,0
0.8391874527051798,0.01524242560420756,1.821487945512117e-05,2.11103560902643e-50,1.4142568780742192e-05,8.355240184385429e-06,0.1455294090021923,0
0.9550264123794475,0.005565481453742444,1.2927544942588912e-05,3.3926704523543807e-07,1.1363128340088629e-05,8.788150062401166e-06,0.03937468807641976,0
0.958221623845181,0.003917044781100336,1.2970796353533067e-05,3.4040212374094337e-07,1.1053329993996029e-05,8.817552388324288e-06,0.037828149292859096,0
0.9552901221909639,0.0021280749313659754,1.1165101821858046e-05,2.930139575361629e-07,9.514570384874453e-06,7.4183731101692e-06,0.042553411818395684,0
0.4937572996029157,0.5062055316789862,1.312945920811388e-05,3.7265159670090336e-07,9.350126902633593e-06,7.307380166408884e-06,7.009100224329309e-06,1
0.5077579150379613,0.4922012439697603,1.3898273255895496e-05,3.0884115248857125e-07,1.153429085271052e-05,7.735274144017957e-06,7.364312873244377e-06,1
0.34472906826498834,0.6552169946989647,1.3525648972541977e-05,1.713879040608914e-07,1.9683735993189016e-05,8.918115471762574e-06,1.1638147705494602e-05,1
0.002263805213658847,0.060653470818091526,4.049445390899202e-06,1.9734755459024732e-08,0.9370727321338594,5.24036430817495e-06,6.822899355167619e-07,4
0.0018318176960112585,0.05376946156732683,4.025750877973492e-06,2.1212235618825917e-08,0.9443879960982234,6.1218212137770114e-06,5.558541111429847e-07,4
0.026422033120822648,0.9154204952556728,3.3754324783617714e-05,2.0298210605987572e-07,0.05807228028416687,4.577000027787826e-05,5.464032170364667e-06,1
0.031784011698063504,0.933815569669988,4.547062940227203e-05,2.974501013062724e-07,0.034275630364483826,7.47742435187628e-05,4.245944442149983e-06,1
0.07704212436552002,0.9142714424673953,4.000475886187218e-05,3.557046906584646e-07,0.008560171721654165,7.833012662305685e-05,7.57085525470255e-06,1
0.025089326080725248,0.9461485635911049,4.474584098270537e-05,2.7000888849516525e-07,0.02863734038932637,6.8191246083976e-05,1.1562842888523957e-05,1
0.06861370197369591,0.9008268396731599,0.0009955648620220729,2.4423624838118374e-07,0.024676811398423988,0.0048828557584100684,3.982098039663903e-06,1
0.06282973997577074,0.8903062350422477,0.001078561843688536,2.2329246580641867e-07,0.04095270104945827,0.004828926404544195,3.6123918247702256e-06,1
0.05816944280935127,0.8927043504388309,0.0010796929515682042,1.6235308631532249e-07,0.04253202428634651,0.005510993493686583,3.3336671300948287e-06,1
0.11716387865037375,0.8403047640390611,0.0006389922762483001,1.542799606414396e-07,0.03746940147412748,0.004419582348001507,3.2269322272807763e-06,1
0.18402062618145285,0.7851114715206547,0.0002737953470269592,1.6746018144758932e-07,0.028268819928209496,0.0023225000015041986,2.619560970351438e-06,1
0.1945074338488356,0.7646311838478418,0.0006779207172317107,1.6588232357233798e-07,0.03740526927285506,0.0027754467567901136,2.5796741222321683e-06,0
0.35040133664395234,0.6131953343545788,0.007318603818045887,2.5730993377737475e-07,0.023928758438827,0.005152436956781278,3.272477880847407e-06,0
0.2839322827628531,0.6823923238161014,0.010589677795434632,2.96960598458256e-07,0.01713523035817934,0.005946411550235848,3.776756597274059e-06,0
0.11068111243972598,0.8778064301166377,0.0013570957260104564,1.614888529762611e-07,0.00782104765737572,0.002331203144179212,2.949427217885186e-06,1
0.11698826544715758,0.8659824464938446,0.001317674536684205,2.6976592434712215e-07,0.0124921274774512,0.003215785385277932,3.4308936599242057e-06,1
0.11003784822229705,0.8390200986516991,0.0006352044358610624,1.6882179807722948e-07,0.04792118199887187,0.0023808595835786007,4.638285894181488e-06,1
0.08871431695708618,0.5319273345213269,0.0002002038760752251,1.2575190694091655e-07,0.3781416892140124,0.0010132307245143827,3.09895507780459e-06,4
0.05915605431498346,0.9238124525314968,9.615007129167727e-05,1.0701693030246164e-07,0.016627732961737883,0.00028867334970579067,1.8829753853743663e-05,1
0.05575938995402945,0.9119256130368925,0.00010507638574233107,1.052315061239765e-07,0.03195954107827659,0.00024065071521507718,9.623598337966991e-06,1
0.04272890110810498,0.9239654645394337,9.952408599319448e-05,9.568932338707823e-08,0.03300716615150859,0.00019283869490153952,6.009730734150314e-06,1
0.13804877422161707,0.8442014709543018,1.4690030151059299e-05,1.2587005081292616e-07,0.017722314056936445,9.110711285082622e-06,3.5141556577803318e-06,1
0.21299415734921934,0.7869354275441964,2.0644691407541386e-05,1.4890717284443138e-07,3.170111776440106e-05,1.2979205762623774e-05,4.941184476939507e-06,1
0.24952680686052542,0.7503912414774666,2.5578706885404034e-05,1.6940122285020226e-07,3.581678567005941e-05,1.4765529999753017e-05,5.621238230051401e-06,1
0.13759328651050454,0.8623548664157397,2.0759194067324523e-05,1.4963866684792992e-07,1.3266384673873556e-05,1.3247307040123348e-05,4.424549307401677e-06,0
0.1533961427590259,0.846551945713735,2.098972808461274e-05,1.5130042707321755e-07,1.2902393718856418e-05,1.339442040590748e-05,4.473684602501145e-06,0
0.1945181696503516,0.8054305381499168,2.1362868164109904e-05,1.6617882915528262e-07,1.1409094056489844e-05,1.3437870355867498e-05,4.916188325869262e-06,0
0.17177466905922859,0.8281715813034338,2.324314199206014e-05,1.6437646158620188e-07,1.186616490483239e-05,1.352198382638378e-05,4.953970152660303e-06,0
0.58734151418653,0.412575601042568,2.362766684266554e-05,3.695100800586546e-07,1.7711641520925077e-05,2.0901583775674345e-05,2.0274368682726044e-05,1
0.525517940904288,0.47440121543203373,2.286037560331911e-05,3.575105098443312e-07,1.77869841162433e-05,2.0222820094675566e-05,1.961597335418499e-05,1
0.5141272331265595,0.48576651639225876,2.4981091223764406e-05,3.9067611201362165e-07,1.9168288770361142e-05,2.745216248009734e-05,3.42582625955546e-05,1
0.4230179872694554,0.5769070213135018,2.3646721230722965e-05,2.927356511517119e-07,1.4307082420837591e-05,2.6806769750349423e-05,9.93810798959668e-06,1
0.34718011218972894,0.6527566073173554,2.2690682615522034e-05,2.8055296899609706e-07,1.8004835362028756e-05,1.8080819676916443e-05,4.22360229231342e-06,1
0.21045593459593276,0.7884481814265367,2.0086687013659605e-05,3.369910249383865e-07,0.0010456911393051742,2.2428760674542736e-05,7.34039951243003e-06,1
0.1626683810207223,0.8363539139501346,1.9040420769851464e-05,3.692237853639073e-07,0.0009301454391488838,2.1191889327519092e-05,6.958056111514856e-06,1
0.21265325014419728,0.784732650444193,2.005167332663945e-05,2.165890870130929e-07,0.002568029511665379,2.11160316027229e-05,4.685605927923367e-06,1
0.25333403305932334,0.7458830812371372,2.3095456867974044e-05,1.9959534743627676e-07,0.0007346778130200042,1.769772289508466e-05,7.215115408981046e-06,1
0.24909975982154192,0.7501157674061457,2.3097217884503655e-05,1.9961056647732357e-07,0.0007347338318197222,1.769907233721663e-05,8.743039704329475e-06,1
0.2726969147314715,0.7263732173440752,2.0714802593245826e-05,2.1943386086180123e-07,0.000885328036724266,1.5139344932215708e-05,8.466306342767807e-06,1
0.2978306197243524,0.7011761772199191,2.120967353125655e-05,1.8329804782305256e-07,0.0009476862282586851,1.625267371834924e-05,7.871182172427477e-06,1
0.2996796009182094,0.6995954731039739,2.3674400267599526e-05,1.981250589469628e-07,0.0006754219460602067,1.696507761690505e-05,8.666428813055654e-06,1
0.17280906517262254,0.8056431519567764,2.0345959721693236e-05,1.868320728075771e-07,0.02149434369882962,1.5127796764090715e-05,1.7778583212695824e-05,1
0.16260186133792667,0.8151520513761183,0.00011303251902736034,1.80032652835403e-07,0.021822662025385554,0.00029308114549453124,1.7131563394541448e-05,1
0.206404603300406,0.7664476709685135,0.0001676037125594401,1.9884622088332972e-07,0.026378405672875995,0.0005863990126132546,1.5118486810776431e-05,1
0.29038692299150975,0.6790173967937907,0.000202911872820475,2.401384398751942e-07,0.029345158332062315,0.0010324790215802497,1.4890849796646243e-05,1
0.22901485371985802,0.7662076906431381,0.0001748740030545936,2.115546613279545e-07,0.00347908755749202,0.0011161488973587185,7.133624437178297e-06,1
0.1625102594871156,0.8347303073634196,0.0001547765738400907,1.7405228925657464e-07,0.0021673116218334687,0.00040899296365973415,2.81779378424213e-05,1
0.3094188051863384,0.6856585143226328,0.00012931712019991108,2.3577750943877347e-07,0.004042371290686033,0.0007430717521572306,7.684550476280982e-06,1
0.2611038974258905,0.7380981800211389,1.6243618302581654e-05,1.6816659882221946e-07,0.0007553215586404493,1.2192268147163614e-05,1.3996941281487055e-05,1
0.10308997262181994,0.8968652191810342,2.0348357124419327e-05,1.330955000465397e-07,8.73441491348802e-06,1.2903771729275961e-05,2.6885578786290243e-06,1
0.16766470637255762,0.8322888699036339,1.7158197322289e-05,1.446934928667156e-07,1.351595000664237e-05,1.2252430547720234e-05,3.3524524389943143e-06,1
0.20271466378416814,0.7972338833589788,1.882276875627082e-05,1.5873066998881992e-07,1.535259498291332e-05,1.344107790405338e-05,3.6776845399495535e-06,1
0.2570609989849204,0.742896535805965,1.669152619270732e-05,1.16559910075373e-07,9.755725598129972e-06,1.2143716977458914e-05,3.7576804360992047e-06,1
0.23425946882322346,0.7656966343306124,1.5247267083694182e-05,7.997251286740949e-08,1.2624583539942006e-05,1.2512481475404386e-05,3.432541552096622e-06,1
0.3979238153038726,0.6020260521592906,1.611867621260343e-05,1.9084933967953425e-07,1.2633694245220666e-05,1.3995962233945019e-05,7.193354805220421e-06,1
0.4639555447057616,0.5359975761123428,1.5390878823865626e-05,1.8223202835514078e-07,1.1651033643377978e-05,1.3364010538136811e-05,6.2910268619400544e-06,1
0.22031581944246403,0.7796334419528391,1.555946608041297e-05,1.4501836790653218e-07,1.6759353757894807e-05,1.242552568040234e-05,5.8492408103140665e-06,1
0.18283327389445642,0.8092155444376182,0.00013177547129031658,2.3352027291970506e-07,0.007402083865826421,0.0004120673117303382,5.0214988052633975e-06,1
0.19250446979829466,0.7971684295067709,0.00027977184459288587,2.4693623781346643e-07,0.009217434444113002,0.000824337481236501,5.309988754522076e-06,0
0.09618538066966256,0.8979762985267896,0.00015155400630232304,1.843562957469162e-07,0.003228917571732329,0.002452801858119609,4.863011097585854e-06,1
0.07146921594282259,0.918830623576986,0.0001778460678879338,1.7907204184997892e-07,0.008130084320737413,0.0013865912013482885,5.459818175909298e-06,1
0.07056833976222808,0.9214429585779682,0.00036668665571433674,1.8972074981793464e-07,0.0052059671004223,0.0023953894713987615,2.0468711518562738e-05,1
0.09070092706367094,0.9006743549019165,0.0006154685433012363,8.564567589918683e-08,0.004977090235574877,0.003013674566379475,1.8399043481087798e-05,1
0.04323988421282703,0.8721863352201973,0.003081696212481114,2.41756892584097e-07,0.06701636779955539,0.014458842587104299,1.6632210942576082e-05,1
0.09105635355255484,0.811407589233745,0.0024076334891944464,3.0133128696524007e-07,0.050670981353877695,0.044450811035729426,6.330003611415753e-06,5
0.4533168777084925,0.26828802550602826,0.003721255978428493,2.418303472968757e-07,0.019941674106891658,0.2547268447900527,5.080079759244292e-06,5
0.10730865034172966,0.8656292912483655,0.004438015852599683,2.640305966264336e-07,0.014811732741492462,0.007736803385142778,7.524240007316699e-05,1
0.04209307912715879,0.881414411594234,0.0035286645594089614,1.938735523567918e-07,0.07147577848854882,0.0014581172184599785,2.9755138637415586e-05,1
0.04149132920043454,0.8302185205450965,0.0008977362905394525,1.9754464179972775e-07,0.12670870046403304,0.0006531814949901484,3.0334460264442663e-05,1
0.015316644306292065,0.9586780268564457,0.000355073683564722,1.2498430607539935e-07,0.02500246375622173,0.0006439689121729764,3.697500996776137e-06,1
0.016813252295036458,0.9584589130378816,0.00015267881100701464,1.2495573987507183e-07,0.024287234260235623,0.00028409998419718556,3.6966559022398565e-06,1
4.879607916113598e-07,0.0001639171442340067,0.0005353537693618418,0.997288883816033,1.6027787928012572e-07,0.0020111925942569364,4.437443615246043e-09,1
0.000615528755608163,0.3631019824624883,0.3786401862775325,0.017690463235815662,0.00018054273769038478,0.23976573069485377,5.565836011208672e-06,1
0.00048459990635251284,0.653491920741938,0.2908706008932631,1.1239767977195782e-06,9.799831354929691e-05,0.05504344061303699,1.031555506264067e-05,1
0.0005371771117680446,0.41271170096251225,0.305661127032542,4.26725016677964e-05,5.542542081859634e-05,0.2809687002837934,2.3196686898027068e-05,1
0.00043466753626309314,0.5667753640651133,0.40174110928215456,7.812150277009473e-05,5.130488977260804e-05,0.030895653190730055,2.3779533196318888e-05,1
0.0008150920611404901,0.6013728630116887,0.3545924634594109,0.00029823478614250383,0.00011219101261175895,0.042786709366881094,2.2446302124445336e-05,1
0.00022624287546980956,0.3750684286919726,0.5781159621554117,0.00010666091740398553,5.416237101656461e-05,0.04641774673998285,1.0796248742538936e-05,1
0.0002952233370424273,0.3229044556755405,0.46465011043958826,1.199614190455172e-20,4.154857709893874e-05,0.21208956232944884,1.909964128109618e-05,1
0.00018229534357837025,0.03209229674049846,0.053775488031411176,6.111608220206372e-05,5.2286815693966575e-05,0.9138330405649179,3.4764216981639267e-06,5
0.000324619479867986,0.004403226391720757,0.39877048734929504,0.001235218753432212,4.881736244775926e-05,0.5951777922325383,3.983843069777107e-05,5
0.0006343341136671279,0.0052481887597866945,0.52531089385684,0.0005943097679132281,7.376215636179804e-05,0.4681227347264226,1.5776619008366598e-05,5
0.00028839084180929986,0.058368990179773206,0.9114239087894644,0.00019157549417526086,2.8255388154051435e-05,0.029692211511468985,6.66779515497215e-06,2
0.0003573388956494603,0.03347029314766485,0.8670262752868211,0.0003913845063983394,4.789013929454131e-05,0.09869879948026028,8.018543911507454e-06,2
0.00029404899213447125,0.033065489202674936,0.5448000332192346,0.000625060883702156,6.549666536408692e-05,0.4211439748466896,5.896190200173023e-06,2
0.0003996572268969199,0.034855600085210214,0.5762073180483417,0.0006711824460557253,6.730182438684625e-05,0.38779255614880176,6.384220306849198e-06,2
0.00028466592597982203,0.02706075037471467,0.5569794280675702,0.0008530383636336224,5.7047936303902626e-05,0.41476193159986596,3.1377319317047995e-06,2
5.306197071985707e-09,4.95899837221834e-07,4.1905921826285586e-06,0.9999934565878134,8.750791502597109e-10,1.8506623961526202e-06,7.649433978991831e-11,2
0.00039115262357116625,0.034502567974207275,0.3763605155348316,0.0016431918916931182,7.033572658239022e-05,0.5870255464305942,6.689818520380251e-06,2
0.0003450917057693131,0.029338166915978073,0.404500073331983,0.00025226163591282244,7.371263251287929e-05,0.5654859990563188,4.694721525196108e-06,2
0.0003581770771624545,0.03621786895210498,0.8102807967241126,3.527857178862488e-06,0.00018425580986689843,0.15295192694599324,3.4466335808893545e-06,2
0.0003226249168738064,0.03373982774056846,0.816877480459004,0.0005428547899803067,0.0001747155272022958,0.1483389101824764,3.586383894510921e-06,2
0.00011583717561978495,0.0010862873933351472,0.9406915213449878,0.0029901608405696494,1.787658696326644e-05,0.05509415299922823,4.1636592963777185e-06,2
0.00013242792850257136,0.0009719891872458386,0.9439879607957592,0.003976808926771266,1.5343483877239138e-05,0.05091159509920869,3.8745786352209196e-06,2
0.0002644162089973474,0.0028660528789400857,0.9641946861910979,0.00017205621828134178,1.4466811349162522e-05,0.032471216661397524,1.7105029936557227e-05,2
0.0002782255865204681,0.008905491685923325,0.9619632921845714,0.00019599943962807462,1.3790160336132051e-05,0.02862773523683088,1.546570618974526e-05,2
0.00041433036418138966,0.0161966897674095,0.7511135820717589,0.00015252253246556222,4.359873146530867e-05,0.23205345650208067,2.5820030638719765e-05,2
0.00013514468633176032,0.005129688218289347,0.9809079437144561,0.00017193719808502258,9.517422946687597e-06,0.013640955869114292,4.8128907768691326e-06,2
8.811997501484397e-05,0.0015179973446679206,0.9945755833051291,3.8230607161211813e-07,4.043503961010221e-05,0.0037748283657697192,2.6536637366587746e-06,2
4.0904425866604236e-05,0.0006214629745917328,0.9917869611644917,1.3221681408679398e-08,8.757713829273133e-06,0.007539993842808858,1.906656730412954e-06,2
7.764892172674083e-05,0.000262798722208124,0.9850792797243452,0.0006685377264598752,1.892184022791601e-05,0.01389013632009075,2.676744941556841e-06,2
0.0002085706355298914,0.0007115808451392446,0.9684876592549762,0.0005425538754911582,5.738924628035382e-05,0.029988751971051157,3.494171532140092e-06,2
0.00030709228885246356,0.0012205057218795774,0.878438568603665,0.05030665378631211,6.282353163609289e-05,0.06965431644312005,1.0039624534985529e-05,2
0.0005816241197838394,0.0069487726197416675,0.9838032426300579,0.00011346553610358757,2.5261419234036488e-05,0.008502980255465148,2.4653419613969882e-05,2
0.0011831437648716985,0.011322583633815877,0.9701415743224147,0.00010437886845898052,6.686277731699564e-05,0.017131721959679918,4.9734673441869316e-05,2
0.0006140399763716223,0.005545333760913785,0.650368617500925,9.066485291321003e-05,6.101643546561054e-05,0.3432918181732778,2.850930013302874e-05,2
0.00033582256030247537,0.0035764787793461056,0.9051871616604577,0.00012560673418682636,3.8848160125483366e-05,0.09072373098714953,1.2351118431954852e-05,2
7.545709653233862e-05,0.00025819237630952,0.987751783626685,0.0006281695685514162,1.730666452645835e-05,0.011267516969735799,1.5736976595150258e-06,2
0.00013324481621105846,0.0004382506184324453,0.9967227304370437,5.3401940179343154e-09,2.806697864584262e-05,0.002673909409717939,3.792399754852714e-06,2
0.00021595919641219691,0.0006972004317157361,0.9943480121725881,1.1584033331956519e-12,4.7660745648409324e-05,0.004684912568333151,6.25488414400407e-06,2
8.719042357264801e-05,0.003934334384178574,0.9891492458620219,9.202683663156928e-05,2.60328092240456e-06,0.006720288240025817,1.4310972647065642e-05,2
0.00013710907467042268,0.006791537237829401,0.9798953271532649,5.4183025555537646e-05,8.366391730159318e-06,0.013105070948674894,8.406168274685314e-06,2
0.0004765367144227553,0.03919531595668815,0.25664493140240363,0.00024744378728062976,4.83791638728478e-05,0.7033721995403301,1.519343500174918e-05,5
0.0004995534607395353,0.022617992611618166,0.39412249607914585,0.06848881071614178,5.085924096441226e-05,0.5141973002787402,2.2987612650018453e-05,5
0.00014472601059106055,0.0017574821327011666,0.1709534212028299,7.557360510821202e-05,2.025846274585302e-05,0.8270427586241893,5.779961834520921e-06,5
0.0002921963030470281,0.0028951816328476342,0.8847624083358933,0.0010514140381793794,5.306016897000737e-05,0.11093675010217749,8.989418885095553e-06,2
0.00030257038848429085,0.005152213979028697,0.9538580929485877,0.0005505113799178816,4.8829326513566174e-05,0.04007130336638671,1.6478611081068377e-05,2
0.0004421099810582006,0.0048405674035405955,0.9593586944801921,0.0007425995215561198,5.150554646928288e-05,0.03454775579570236,1.6767271481249703e-05,2
0.0001425590786398584,0.001661919466936878,0.9820100878244704,0.0007799030580716,1.746776982930899e-05,0.015382994521815154,5.068280236707093e-06,2
0.0001589069851585956,0.001856294650055125,0.9759055525118522,0.0005276061780289141,2.1153066705764873e-05,0.021528239977105464,2.2466310939665623e-06,2
0.44726178249322895,0.039959371523418365,6.522483589529823e-06,7.671497913232407e-08,4.7625760878501e-06,2.6392389525471692e-06,0.5127648449697436,6
0.8492167676827997,0.011588791086629089,1.7254019514553613e-05,2.2485713410144903e-07,1.3396528828536197e-05,7.914489774437528e-06,0.1391556513353197,0
0.942574423104734,0.005880395305784746,1.2080149357248001e-05,3.1702822126221496e-07,1.0294346899221078e-05,8.21209021505471e-06,0.051514277974788684,0
0.4825614710186845,0.02302760085053309,1.1697192784109812e-05,1.2620073529069165e-07,8.668946309158528e-06,4.958287101653852e-06,0.4943854775038523,1
0.8407047428314276,0.08753674230380906,1.7976535034764528e-05,1.8054068872369307e-07,8.534032892097498e-06,7.455163150205496e-06,0.07172436859299756,1
0.9674408882681642,0.007251880123277573,2.3293321541349002e-05,2.035870862700338e-07,1.4705882028053779e-05,1.2243600044438104e-05,0.02525678521785803,0
0.902751926766088,0.06673805622668315,1.8987815295184595e-05,2.453306312799933e-07,3.081845221498866e-05,1.2704984056288738e-05,0.030447260425031056,0
0.9312286700445899,0.05429042878360027,2.0304028200748784e-05,2.716174930959517e-07,2.4052654966769127e-05,1.4378872066860025e-05,0.014421893999082325,0
0.7386782309679389,0.24414414666728348,2.089203583599158e-05,2.5121657087344454e-07,2.5595588339291495e-05,1.359026508202301e-05,0.017117293258949163,0
0.7348491055512648,0.24796381641436796,2.110083302100391e-05,2.3499397163044037e-07,2.666853407138518e-05,1.226015684767788e-05,0.0171268135164554,0
0.7490500954433674,0.23711385299956575,1.9017340922886338e-05,4.3073747680138894e-07,2.328196896840503e-05,1.0323016113248647e-05,0.013782998493585608,0
0.4605485988236848,0.5394128811948352,1.2858246465497204e-05,1.7145428757844145e-07,1.1035050142116239e-05,9.756817611964758e-06,4.698412972727099e-06,1
0.44930695798636333,0.5506644593309942,1.2674850354576882e-05,1.5510281312165732e-07,2.943113583763166e-06,8.960958134283616e-06,3.848657756837121e-06,1
0.0020306954089116397,0.07028058846462333,3.481311305653635e-06,1.781925907599069e-08,0.9276794033759923,4.628322569783465e-06,1.1852973383315814e-06,4
0.0017920227324257772,0.06089505096541229,4.125168793110054e-06,2.1735849238720727e-08,0.9373034156252174,4.794197205298304e-06,5.695750969220912e-07,4
0.14865200044723792,0.8127349300567902,0.00040812531364726816,1.6334615016413812e-07,0.03430590728983296,0.003896271947234785,2.601599106725648e-06,0
0.23322350624385002,0.7093104220891102,0.0013764185943366523,3.337788950396222e-07,0.053067332525203244,0.0030184645153619595,3.5222532429949665e-06,1
0.20156826117455054,0.7201876548139087,0.0013975258908194026,3.388973743498218e-07,0.07356317302781522,0.003279469928747153,3.5762667849458823e-06,1
0.19395843961510967,0.7142075171429356,0.0016328351852060968,2.7613319128947886e-07,0.08694514677325187,0.003252238579347265,3.5465709583385374e-06,1
0.39681915021897796,0.39031440131626216,0.0008285310802283255,2.1919105585369805e-07,0.20584951385556707,0.006184129804001294,4.054533907465144e-06,0
0.3427237291565179,0.6330806209365316,0.004461136472985203,2.8643536960762427e-07,0.01399493230512053,0.005735651797153425,3.642896321850919e-06,0
0.24196550353257415,0.7260256783388518,0.007590390098633602,2.474822616475373e-07,0.01841100252313325,0.006002658016476754,4.5200080686332545e-06,0
0.20845787118278597,0.7417987053304271,0.001608067663233292,3.4747682863508637e-07,0.012746074712352212,0.035381084142246146,7.849492126618786e-06,0
0.3046193878267105,0.6460438143905284,0.0030688393960170684,3.7280216133427277e-07,0.009714538363697735,0.03654615123236934,6.895988515676464e-06,0
0.10603556306073907,0.8789107792203678,0.0006899210188882697,2.002282340804867e-07,0.011463077508927737,0.0028937803863322027,6.678576510925687e-06,1
0.12347650407424826,0.8600561991594365,0.0005459335121204612,1.7153185283711088e-07,0.013013699103533529,0.002900827483976391,6.665134831721183e-06,1
0.26370567300485764,0.6094454833854731,0.00038088348406850625,2.600900859585887e-07,0.12405719799751828,0.002399272016695599,1.1230021300989604e-05,4
0.12059677246125325,0.6514153250744993,0.0001279108665580855,1.6494530973770207e-07,0.22707886196164404,0.0007655243340793636,1.5440356656421408e-05,4
0.19582832617668783,0.791243751627897,2.2384945595188164e-05,1.8414553268102498e-07,0.012885593251637193,1.4980338659097262e-05,4.779513991159073e-06,1
0.20362227335570962,0.7831999239613622,2.19004856680338e-05,1.8773541288301998e-07,0.013136795305966363,1.4046466223756432e-05,4.872689657178301e-06,4
0.15986486484813736,0.840084028725597,2.0989697549695995e-05,1.3699124898271694e-07,1.437813401001946e-05,1.1144095586568854e-05,4.457507870331376e-06,0
0.1879964954086294,0.8119513272072129,2.3931175618354625e-05,1.56189084183856e-07,1.1193933525730585e-05,1.2623442989371642e-05,4.272642940122446e-06,0
0.19634647186466694,0.8035970597255726,2.441980613836162e-05,1.7260739432381946e-07,1.2615590936517224e-05,1.4055644644729797e-05,5.204760646582093e-06,0
0.5568905791529004,0.4430246335838237,2.2783041672216552e-05,8.145390846970873e-85,1.1907024927638936e-05,2.2472591070866484e-05,2.7624605605082936e-05,1
0.39407622519773805,0.6058326133976545,2.943763907741914e-05,4.6037157388718827e-07,1.5105970895329358e-05,3.607042169427276e-05,1.0087001366493887e-05,1
0.3453717679308969,0.6545601888775029,2.3438791096975933e-05,3.349697208474359e-07,1.8182964302088077e-05,2.1777385167483067e-05,4.3090813127895126e-06,1
0.4043183545591895,0.5954294107069882,1.9951015856920404e-05,2.677390009366551e-07,0.00021215968464456087,1.4024354931347115e-05,5.831939388573487e-06,1
0.4293954101734132,0.5680165246343258,2.2819167320342514e-05,3.0622907146032093e-07,0.0025422289672227885,1.6040491573629508e-05,6.6703370727758205e-06,1
0.21890060457135524,0.7795584287314895,2.1781846209938713e-05,2.0698196305286589e-07,0.0014918010661321842,2.2364636613579874e-05,4.812166236214621e-06,1
0.25288155582556926,0.746317092002468,2.3464687030400338e-05,2.033132824301374e-07,0.0007483629233460967,2.196454697818178e-05,7.356701325719907e-06,1
0.3059155598543822,0.6934089831697312,2.2736340325332142e-05,2.408482010387212e-07,0.000626570483200771,1.661677909465965e-05,9.292525064682505e-06,1
0.36714474104061556,0.6322731407095552,2.4226360256444896e-05,2.0274427227825126e-07,0.0005261937405472601,1.8157324501932235e-05,1.3338080251517132e-05,1
0.1837590081034636,0.8097277866910209,1.933934449718659e-05,1.9047062503668677e-07,0.006467468857926483,1.846443769949367e-05,7.742094767465557e-06,1
0.1523873364774219,0.8230799128535213,0.00010498101200769179,1.8178358253088613e-07,0.024245221352387037,0.00016506834255947277,1.7298178520215225e-05,1
0.3740332082422339,0.6235297572431185,8.050532498357937e-05,2.3155936264858716e-07,0.0021705096054869034,0.00017496013425662878,1.0827890557591814e-05,1
0.4192281320385708,0.5772121836270048,8.874631979809571e-05,2.6095089410915616e-07,0.0032600207855023504,0.0001982141776121745,1.2442100617862851e-05,1
0.2613703367394009,0.7379547306180532,1.65334982417564e-05,1.6143190290651324e-07,0.000631169554393101,1.170399509491081e-05,1.536416291315973e-05,1
0.21468676801219472,0.7848620774013252,1.8024570347070274e-05,1.7169315869543855e-07,0.00040774165826649815,1.546338448126736e-05,9.753280226434217e-06,1
0.13427109847415203,0.8656919762430346,1.5356099509029624e-05,1.13954772950443e-07,7.544776561342844e-06,9.813848504694211e-06,4.096603465362636e-06,1
0.18450345049503528,0.8154477518992599,1.7851410091074094e-05,1.5053929210373832e-07,1.4560316420550363e-05,1.2747444163940792e-05,3.4878957372501684e-06,1
0.21378351882155056,0.7861618620742618,2.052270853987904e-05,1.5492983649664476e-07,1.5206120315339509e-05,1.5255919833144549e-05,3.4794256628259717e-06,1
0.23497960036244897,0.7649728279234154,1.7028049973803104e-05,8.931278885336644e-08,1.2789793012761285e-05,1.3831117995787908e-05,3.833440364454843e-06,1
0.2891672371993947,0.7107751359856816,2.0317467762270956e-05,2.5158398751267356e-07,1.3090600224490185e-05,1.9139160661860786e-05,4.8280022875242724e-06,1
0.278900004623026,0.7210266217858291,1.776544625636097e-05,1.6557869067704542e-07,3.326550755466573e-05,1.788592856188967e-05,4.2911300810952874e-06,1
0.1342873093255152,0.862373809335892,0.00010518568123174996,1.271679778345652e-07,0.0024260960945154254,0.0008023941389170738,5.078255950688655e-06,1
0.1562879498568587,0.840010780248798,0.00013501388704461792,1.8522328216155267e-07,0.0026247890357513873,0.0009345414966395586,6.740251625546098e-06,1
0.09567459148848775,0.8993110110778024,0.00015283918288902385,1.5973493277044228e-07,0.002994847314169381,0.0018616809624549763,4.870239263806177e-06,1
0.07277625149278971,0.9194887397600155,0.00027897394569359636,1.637764232174267e-07,0.005208477114951966,0.0022297242964249547,1.766961370117171e-05,1
0.08319546889448227,0.9093163429773753,0.00042110988489198436,1.6610582157854333e-07,0.004738583585338954,0.002308129218284119,2.0199333806014908e-05,1
0.08807761185139236,0.9018472871827056,0.0004399291961170975,8.865581624118292e-08,0.005432315437160264,0.004191912153680812,1.0855523127746449e-05,1
0.10573605929738897,0.7901712821858047,0.002896572635996306,2.889940159129521e-07,0.0765078717663512,0.024667659671445852,2.0265448997084897e-05,1
0.0712217626588709,0.8849544229353782,0.0032865046888220116,1.8526315524428863e-07,0.038388342682510214,0.0020813545713684067,6.742719989497583e-05,1
0.06954215799929764,0.9025318709650269,0.0026909603033668426,1.7493144694701955e-07,0.023897557289080065,0.0012454386296041216,9.18398821774384e-05,1
0.015428402917909135,0.9611456414439666,0.0007950075125235342,1.2135989674772568e-07,0.02171292796041421,0.0009143085278118385,3.590277477899188e-06,1
0.015834334110573486,0.9599185630053053,0.0002611603337306021,1.2031873604845659e-07,0.023385955148806214,0.0005963076067794552,3.559476068952457e-06,1
0.018186333668500823,0.9609963767545283,0.00014870004466176645,1.2051697675566124e-07,0.020446095744341232,0.0002188097982786894,3.5634727124126443e-06,1
0.018106976493953892,0.958302744786099,0.00015423250769749396,1.2493537998360332e-07,0.023146963011084674,0.0002852622122040508,3.696053580865574e-06,1
0.0216221048462747,0.9657539083886122,0.00013816355046447452,1.4807853618308791e-07,0.01223194869740527,0.00024934572442132256,4.38071428590255e-06,1
0.02465558336297858,0.9665826259054955,0.00012174180409194968,1.4455663761362174e-07,0.008462166960896403,0.0001740334121661108,3.703997733816889e-06,1
0.0006163851068489116,0.30355231707507163,0.3898869156248028,0.0008582491798888659,7.057477730206598e-05,0.30499948458995085,1.6073646134730545e-05,1
0.00022474623137504315,0.21944500789638613,0.47192539383702486,0.00039146425246466897,0.0001019859981095215,0.3079065057648188,4.896019820907346e-06,1
0.0002078535495120408,0.1937360744963396,0.517392166782743,0.00016160526137070735,9.432038783430406e-05,0.28840345150367913,4.5280185212925544e-06,1
0.00023361163928575869,0.11667903030934894,0.5731133860994495,0.00028149167981033176,0.00010600896867899718,0.3095832013921141,3.269911312287567e-06,1
0.00019318315665280264,0.017008336574173836,0.893364194940696,0.0018230520338880151,7.720704167690056e-05,0.08753180575161032,2.2205013022414358e-06,5
0.0005172758926616689,0.005821948809763724,0.4901876026996349,0.0005506194860391789,7.075887275199994e-05,0.5028370477635595,1.4746475588904251e-05,5
0.0005706904041873062,0.005752827016128309,0.44858469440143917,0.00020555971125334373,5.497967390955628e-05,0.544816677396814,1.4571396268248499e-05,5
0.0006034574891491217,0.005709298431601903,0.5181570152784628,0.00016143649875456346,5.584680099987039e-05,0.4752957827368319,1.7162764199835875e-05,5
0.0007446457911179598,0.010616947782093216,0.6712617069577014,0.0005328591391007862,4.095942126167374e-05,0.3167674337109098,3.544719781512943e-05,2
0.0011986030144912224,0.017617688628142475,0.8159742229226399,0.00019651235736661027,5.896899901873283e-05,0.1649069568232878,4.7047255053341306e-05,2
0.0009098173377491094,0.012027318607608755,0.8674100165747163,0.0002074598439456158,5.827132617163564e-05,0.11934307688149713,4.4039428311692235e-05,2
0.00046518815529947077,0.0066198377677993275,0.9349295258418849,0.00024377112459627432,7.434019155227173e-05,0.057652178711206835,1.5158207660711316e-05,2
0.000427853543026113,0.03849068464001522,0.9138194555758578,0.0004122712538151158,5.080877657023262e-05,0.046791433340950324,7.4928697653963845e-06,2
0.0003267126838944433,0.022726449622862917,0.9263114861001801,0.0002574858030471993,3.472029183842374e-05,0.050332137217403365,1.1008280773535934e-05,2
0.00021156586764088653,0.021834702149768636,0.941912372896791,1.1549344559558696e-05,1.1499532474730735e-05,0.03601310078281793,5.209425947466309e-06,2
0.0003461361602232347,0.0350113129337196,0.8363316885690599,0.00036551552752848277,4.556852291842799e-05,0.12788765472778058,1.2123558769594885e-05,2
0.0005281232296096371,0.040072673323605056,0.6972874234242669,0.00036883727924111385,7.480567554456174e-05,0.26164993779278634,1.8199274946672725e-05,2
0.00028027102053419307,0.018985060700730944,0.5483803240016659,0.0006730699815087526,5.6109295698644804e-05,0.43162318005113076,1.9849487309225495e-06,2
0.0003748058627132686,0.027051625309190218,0.4166199085275351,0.00024822189214528535,7.238109773834935e-05,0.5556280049842921,5.052326385543736e-06,2
0.0003525818475249419,0.036980871735830485,0.8224746778084246,0.0007563230359371376,0.00019825260717194057,0.13923336207358958,3.930891521383981e-06,2
0.00023212830581806435,0.002368817065665222,0.9040823958460026,0.0038548455162777514,1.638781478810679e-05,0.08943882880271228,6.596648735980051e-06,2
0.00018167429603692308,0.005266081335613708,0.9142136467551332,0.00016780229015674587,2.0868293473516817e-05,0.08014022163958281,9.70539000288475e-06,2
0.00017819579822759508,0.005630815851561895,0.9451175246217672,0.00010222995623183972,2.0905215383774557e-05,0.04894060599524633,9.722561581344577e-06,2
0.0002497817012503554,0.008390737041714343,0.9129658364565876,0.00016851889307654605,1.3739151492817097e-05,0.07819539857618586,1.5988179692448604e-05,2
0.0002862923135371899,0.01076410799527678,0.9005851873433782,0.00022384839091744524,1.687143953070859e-05,0.08810517232673984,1.8520190620042465e-05,2
0.00041909234517486,0.016140213942843946,0.7552510687300221,0.0002616502463499546,4.287750281916063e-05,0.2278701075852111,1.4989647579026352e-05,2
0.00041621600154263577,0.018225146972291835,0.6284015845536671,4.294654109745127e-05,6.148706813812024e-05,0.35283016679336726,2.2452069895824783e-05,2
0.00047033950083015714,0.02017712212116843,0.6626333005472127,0.019801113811856303,9.192945598533819e-05,0.29680180769557757,2.4386867369705915e-05,2
0.0002459131042395754,0.024817391220266046,0.8757375038946695,0.0015865362153431436,6.39036399013623e-05,0.09754640258437663,2.3493412037495845e-06,2
8.36505236213278e-05,0.00636915104921555,0.9723400233648876,2.3269066710726376e-06,2.396635223331339e-05,0.021173765716847936,7.116086523118632e-06,2
5.8514942279321426e-05,0.00023781098823948634,0.9915215573244837,4.0570390743826367e-05,1.2520772410884113e-05,0.008123256762596663,5.768819246098645e-06,2
7.72731670572046e-05,0.0002864329465289614,0.9867999800187144,0.0002026286270825792,1.8623688729430046e-05,0.01260693717174982,8.12438013719888e-06,2
0.000551468790266385,0.0019526825933682671,0.8444527369095651,0.0014586171134989764,0.00010358366751166755,0.1514651448062654,1.576611952407326e-05,2
0.0007397610602990861,0.0082629438287161,0.9663440021158929,0.0001206862726438423,4.879481495303314e-05,0.02444751676265153,3.6295144843298126e-05,2
0.00027055293945611004,0.003027856054471006,0.9148136807535077,0.00013109659509658682,3.082137575939816e-05,0.08171012053841999,1.5871743289394942e-05,2
0.00016363713919912332,0.0014562220552327256,0.9757952965845772,9.605617284513701e-05,3.384146283711711e-05,0.022450148229692924,4.7983556157964245e-06,2
0.00012638528192580574,0.00046148370164250104,0.9870290365296431,0.0009854999523409424,3.899066920482806e-05,0.011357618576472722,9.852887702256187e-07,2
0.00027978071051398796,0.0009365404080655406,0.9918681947036952,0.0003144852499911051,5.591661056397676e-05,0.006537142521674705,7.939795495453175e-06,2
0.000362864140950608,0.0012188565483185257,0.9886892957662993,0.0001469313121222395,5.843054910455016e-05,0.009513288469978114,1.0333213226679893e-05,2
0.00034469872870394755,0.0011709320321083058,0.9835730062067912,0.0003070985380172738,4.9540610667351915e-05,0.014544931113194833,9.792770516963678e-06,2
0.0004153752357710787,0.0015292260576102812,0.2749693617663331,0.49769980873398506,7.680455817647075e-05,0.22530495211142873,4.471536695115435e-06,2
0.00026600233817602136,0.002879378420346055,0.9815209660781933,0.00017582964685582177,1.3999792159852235e-05,0.015133308695627557,1.0515028641148979e-05,2
0.00027984568548556553,0.0020585714525682293,0.9949261809307753,8.979161437904666e-05,1.0152044024306257e-05,0.0026276372040047393,7.821068762804461e-06,2
7.334530808353935e-05,0.0007161852405746579,0.9977863957797004,5.5640898766078274e-05,2.9799134651758018e-06,0.0013627076602186546,2.7451991915330142e-06,2
0.00040971274637152167,0.034497576287002577,0.34038690185221937,0.0004559318108324132,4.644583097803358e-05,0.6241881412330619,1.5290239534157453e-05,5
0.0003533466319398986,0.032841869987803904,0.7890481015443794,0.0003445246627077249,3.559602955844573e-05,0.17735427519367647,2.228594993416452e-05,5
0.0005510810257538284,0.022694948742831317,0.5196478376624583,7.184268681115772e-05,8.518230431078729e-05,0.45692612625418355,2.2981323651064586e-05,5
0.0004934463184044006,0.01970064430097548,0.44559605250069695,0.05396815748938718,8.063056799057099e-05,0.48014111958679506,1.9949235750454313e-05,5
0.00016642795348330256,0.005058098825029558,0.22037543198122803,0.0003589298765009143,2.494698609950677e-05,0.7740091513284516,7.013049206980958e-06,5
0.00016469921176496416,0.006943667556809534,0.19748002928616668,0.0001612638354306458,2.659933914253178e-05,0.7952183260080069,5.414762678921679e-06,2
0.0002671970744422762,0.0030407708607016444,0.8807822007710963,0.000623865188448149,6.331852562857481e-05,0.11521442661160873,8.220968074188166e-06,2
0.0003111740175971964,0.0030744437177485213,0.8680503789973965,2.1371312069074676e-06,7.236367948996576e-05,0.12847995643633753,9.546020223369662e-06,2
0.00026034383985620846,0.003248115294044589,0.9005263198872409,0.0032548158677250267,5.271722291498821e-05,0.0926477048723963,9.983015822018951e-06,2
0.0002598347710269222,0.0033243461579372828,0.9367759792693741,0.006179728627179958,5.30997868704736e-05,0.053396955925977416,1.0055461634020536e-05,2
0.00024746793619545245,0.003163635281615889,0.8876163817574274,0.057654773863134175,5.631912560885962e-05,0.05125619920460014,5.222831418249647e-06,2
0.2719940779292045,0.009260470619460597,5.603447211491738e-06,7.218394567000569e-08,4.517966982180342e-06,2.483357009485983e-06,0.718732774496186,6
0.83308090917651,0.033360788430455715,9.013346963057089e-06,1.0601156977892282e-07,6.467085862069529e-06,3.6471347257828514e-06,0.13353906881391348,0
0.931979096848223,0.025290497622995258,1.770345340493135e-05,2.3071422823960978e-07,1.374548253546159e-05,8.12064694996871e-06,0.0426906052316628,0
0.9593059152403557,0.0075548203399137094,1.298547367089339e-05,3.4078728035796184e-07,1.1065837570847012e-05,8.82716919791926e-06,0.03310604515201101,0
0.9618259029172991,0.007008935792252896,1.2326878682575756e-05,3.2350329052328777e-07,1.0504602351370002e-05,8.379474370443517e-06,0.031133626831753195,0
0.6911064844475951,0.10254545549437961,1.5887294584205417e-05,3.4466718926581154e-207,1.9411266360889444e-06,7.10381500331625e-06,0.20632312782180173,1
0.8747130551609094,0.0859394742421579,1.7044824131852024e-05,1.7118339446326437e-07,8.252208647637189e-06,7.272327320759128e-06,0.03931473005343792,0
0.9496078884694229,0.007349270321180149,2.2719826799392067e-05,2.731671849736757e-07,1.5249733653649607e-05,1.2609300211496219e-05,0.042991989181547396,0
0.955773021637208,0.008857398890784567,2.08116161420307e-05,1.899040430314351e-07,1.446060238093224e-05,1.2095935526498404e-05,0.0353220214139151,0
0.9332945206321593,0.023452678349793407,2.2705666644927514e-05,2.3748952625057833e-07,2.244791863407352e-05,1.1934712730829001e-05,0.04319547523051132,0
0.9407767238690954,0.028937082777103284,1.6973689930828886e-05,1.8269031902159314e-07,1.6841326500178914e-05,9.180853196556117e-06,0.03024301479385459,0
0.6548274297746253,0.33783214466285144,1.622164219900869e-05,1.868483935307757e-07,1.6586985656133813e-05,8.268998533206115e-06,0.0072991610877415165,0
0.6960834409417197,0.2960804682910162,1.778429858430443e-05,2.2211493908900624e-07,1.529947172841371e-05,1.1838363792416988e-05,0.007790946518219833,0
0.44003587875577865,0.5599254726809052,1.519020071551541e-05,1.698926731317599e-07,9.73295662687199e-06,8.998885510990517e-06,4.556627789639795e-06,1
0.4202036522499708,0.5797624850896731,1.3385783361579798e-05,2.8295260754629465e-07,8.728529555118418e-06,7.450040881181573e-06,4.0153539504697015e-06,1
0.4178358448947314,0.5821166341759194,1.3864579643833824e-05,5.840380149436862e-264,1.9004325014947467e-05,7.250483869048599e-06,7.4015408214050435e-06,1
0.4419234339032808,0.5580269974580252,1.4454199667578858e-05,2.1691553407468862e-07,1.9135501064343743e-05,8.045715722169265e-06,7.716306705908983e-06,1
0.0034456337886184896,0.06816112255174313,5.239713265261942e-06,2.7608474537594524e-08,0.9283793383442107,7.761390903876496e-06,8.766027840245936e-07,4
0.030957850929665246,0.9478396745874417,3.064643176212595e-05,2.0693207560541801e-07,0.021118672274038283,4.984883171799042e-05,3.100013299130949e-06,1
0.09407182607059415,0.8576139822995106,7.684617279942169e-05,3.870210911163779e-07,0.0481237369799638,0.00010134144638144216,1.1880009659678788e-05,1
0.061162962332832,0.9054998161846072,0.0006671411359566235,1.63204716163992e-07,0.028233143961848724,0.004433422026020281,3.351154019306181e-06,1
0.2517304875142629,0.7208527272481265,0.0004179067341051838,1.7106129240141114e-07,0.024747493949069218,0.002248553279687397,2.6602134562642295e-06,1
0.25185932013098283,0.5397974941441325,0.0008855538469068492,2.1412094161223725e-07,0.20263169961540176,0.004822388297681139,3.3298439532901723e-06,0
0.38182217468520613,0.538229331842003,0.0008876055659370474,2.651393207622318e-07,0.07127841965777011,0.007777298637899164,4.904471863807617e-06,0
0.453155889022521,0.5252822858314856,0.003412061677642935,1.9841103852410007e-07,0.013187337412431808,0.004958603872052461,3.6237728274525004e-06,0
0.17198017543548358,0.782652337034844,0.0016202437154603838,3.336407471397907e-07,0.012238542370820357,0.03150083086722325,7.536935421220061e-06,0
0.48068921661652475,0.47385526061773026,0.004048380113895802,3.7232506608590666e-07,0.009277838060493863,0.032122045102945966,6.887163343252996e-06,0
0.082115521824382,0.9045109287729195,0.000735332632144544,2.1069073610648487e-07,0.008700590944365191,0.003931400291409623,6.014844043098662e-06,1
0.13745086476729657,0.8478210046277402,0.0009360177734406298,2.7857613913587755e-07,0.01010219995054511,0.0036833290960580235,6.305208780374876e-06,1
0.09104877472098052,0.8975157061166358,0.0005371624532559677,1.5834190744128014e-07,0.009065082985156021,0.0018278339163977392,5.281465666362591e-06,1
0.18904887294438252,0.7845874542376262,0.0011177813646912026,2.5161295434925485e-07,0.014627858790379129,0.01060941313034712,8.367919619170697e-06,1
0.45882017946656306,0.4753840644072953,0.0003084762029939264,2.9720069981747974e-07,0.06382504778628884,0.0016491025739513803,1.2832362207572646e-05,4
0.08116990700179204,0.8851583343064132,7.697767456687918e-05,1.1075222272560779e-07,0.03333820677163695,0.0002369765104504784,1.9486982917414367e-05,1
0.07201247305225933,0.8907732070812555,7.818750056149327e-05,1.0524580557332788e-07,0.03695629083040808,0.00017410146958809247,5.634820121972748e-06,1
0.06140350659943943,0.9041917179772216,5.560256599067665e-05,9.734619513056473e-08,0.03423025299616251,0.00011282882149557207,5.993693495003709e-06,1
0.1758366283820847,0.7976717576894902,2.1520133700470007e-05,1.8447495853722064e-07,0.02645249857760548,1.1031889595035592e-05,6.378852565510826e-06,1
0.18132502772986028,0.7879687345734798,2.0823943845530033e-05,1.78507077648949e-07,0.03066800586819614,1.105760801989761e-05,6.171769520922688e-06,1
0.2620051573921461,0.6353745718893854,2.6547645678071758e-05,2.0181142290888337e-07,0.10257308138558466,1.541432882567891e-05,5.02554695717885e-06,4
0.2961754766705993,0.7037458220032392,2.518451950577353e-05,1.9539656700586235e-07,3.266630273941618e-05,1.4627341935736169e-05,6.027765413613821e-06,1
0.1689986751056901,0.830946686551379,2.169268388377181e-05,1.437967457674498e-07,1.5363762445309706e-05,1.2759150428568173e-05,4.678949427399658e-06,0
0.17395336928126245,0.8259900544581437,2.3267522608138838e-05,1.4801257111800174e-07,1.5211376273599646e-05,1.3133222522767397e-05,4.81612661805655e-06,0
0.1820116765519062,0.8179351062729542,2.4733812997378225e-05,1.5734013959927277e-07,1.1276428649329878e-05,1.2745462624922795e-05,4.304130728274023e-06,0
0.21736232949294645,0.7825846793329068,2.3486812831979857e-05,1.6257134454591542e-07,1.13764827486189e-05,1.343000662809428e-05,4.535300593630241e-06,0
0.19584755239467785,0.8040977151944078,2.3575846322468053e-05,1.670167703034933e-07,1.2206981409697148e-05,1.3746384058361303e-05,5.036182353602122e-06,0
0.5401047596413868,0.4598085019221757,2.4072422953234264e-05,8.606370317392841e-85,2.0904130340308535e-05,3.176729359085769e-05,9.994589553062505e-06,1
0.4756920319082893,0.5242186951338762,2.647342303276368e-05,9.464775632747452e-85,1.687229260997728e-05,3.4935785378587594e-05,1.0991456813096368e-05,1
0.3287523706221966,0.6711927657646536,2.2185705466766393e-05,6.640308605312793e-85,1.1429270421198104e-05,1.7159441606766423e-05,4.0891956548739104e-06,1
0.3544092934881669,0.6455324971240534,2.11337172672851e-05,6.325442517138729e-85,1.4834382006530967e-05,1.6178815846155434e-05,6.062472659693735e-06,1
0.31946431689936194,0.6804656789149175,2.4419010111072076e-05,7.960804545195834e-85,1.8902590409178683e-05,2.184063170784348e-05,4.841953492407352e-06,1
0.3125164291910557,0.6874137132481454,2.5164431224393394e-05,7.766464917889418e-85,1.822898641367656e-05,2.2093878374994193e-05,4.37026478566051e-06,1
0.28410079054691734,0.7157842685623936,3.063627508516476e-05,1.0685497244273169e-84,3.565979761184155e-05,4.2400571724369494e-05,6.2442462676390394e-06,1
0.26269481979518244,0.736420894328654,2.5303636376513946e-05,4.3028438160806586e-07,0.0008115143556399919,3.766506746860714e-05,9.372532296786179e-06,1
0.24851856336277206,0.7508544632817724,2.5653669749631046e-05,2.146890638791638e-07,0.0005760710909576897,1.7128549690984302e-05,7.905355993380902e-06,1
0.3107805251348607,0.6890689517727444,2.3222641751904682e-05,1.9702295909343426e-07,0.00010051772813458836,1.779518287802049e-05,8.790516671384173e-06,1
0.41184406798475504,0.5879901796604479,1.955524542804466e-05,1.7432810721063705e-07,0.0001237247081199349,1.7688352436583722e-05,4.609720705330894e-06,1
0.29273387509114396,0.7069780996323713,1.9307276643612464e-05,1.721175530656406e-07,0.00024546764258730555,1.858306694594737e-05,4.495172754817031e-06,1
0.22708417258149063,0.7653863893727432,2.400193300600418e-05,2.1247484870640163e-07,0.0074659750117666525,1.902992535327785e-05,2.0218700791390662e-05,1
0.16326436878901585,0.8131703113719245,2.062068990319804e-05,1.893548542332484e-07,0.023510730625535887,1.5760522491495255e-05,1.801864627483363e-05,1
0.27861980980610046,0.6942976847375087,0.00023810151262865687,2.539295981452489e-07,0.02549449984288598,0.0013425834996206097,7.066671657365435e-06,1
0.35385477658024345,0.6249288434314006,0.0003035185677617791,3.493918800036826e-07,0.018303793704998697,0.002603379916979063,5.338406736425972e-06,1
0.30774633424382014,0.6908576182119164,1.804859287527656e-05,2.454781333238004e-07,0.0013419338188968243,1.9181366196377185e-05,1.663828816183837e-05,1
0.3028680868036621,0.6962600610810669,1.6465283708590162e-05,1.8097293486913475e-07,0.0008304958870591848,1.5152669685501894e-05,9.557301883059837e-06,1
0.22876108888741487,0.7705312102254506,1.6496108536298844e-05,1.6855819788752509e-07,0.0006662799890387869,1.5181037154939335e-05,9.57519420663708e-06,1
0.3220622524633352,0.6778864106618501,2.222981429066165e-05,1.7367167511936318e-07,9.744106288623436e-06,1.5307426033322198e-05,3.88185652689669e-06,1
0.24881080471796949,0.7511328925910495,2.131271021815344e-05,1.7972811630478228e-07,1.5609794968851787e-05,1.4115032740667814e-05,5.085424937037439e-06,1
0.22903060204411496,0.77091036810045,2.5568645648165214e-05,2.2148742515154455e-07,1.3451082813739285e-05,1.5350964790831258e-05,4.437674757043676e-06,1
0.2085852485679408,0.7913593745551641,2.02038065071756e-05,1.7037683375566416e-07,1.647902401789209e-05,1.4576151091949598e-05,3.947518444374329e-06,1
0.16827720192451667,0.8316743763456101,1.7515739219625895e-05,1.742253736344964e-07,1.2951286862189081e-05,1.3915927956017397e-05,3.864550461617258e-06,1
0.1718829695050407,0.8280694621733502,1.6740747459681256e-05,1.649422237489169e-07,1.3387048436527352e-05,1.1977122445098793e-05,5.298461043877112e-06,1
0.12167004767928698,0.8750435262802123,9.373394270767179e-05,1.2241952654453666e-07,0.00250306351435979,0.0006866610640097999,2.845099897097268e-06,1
0.1615848891211819,0.8341930970917869,0.0001395608006493117,1.7585943296657478e-07,0.0028572019314677347,0.0012168112076658565,8.26398781545378e-06,1
0.0736278563246021,0.9186409765824557,0.00042802532773386035,1.6780916270713153e-07,0.0052343898132475855,0.00204817767383146,2.0406468966690765e-05,1
0.1054693244519214,0.8858462930963947,0.0002726404219652822,8.06656772297756e-08,0.006198753059113656,0.00219330866306079,1.9599641866805403e-05,1
0.024207473422660556,0.8458975888560788,0.0022432821511244212,2.140451218248869e-07,0.12232010156261536,0.005315500060365789,1.5839902033230342e-05,1
0.013540332165078838,0.904551342707047,0.0021503752919888866,1.9256005552389524e-07,0.07223126555215059,0.007513890759497111,1.260096418210866e-05,1
0.015333067583696047,0.9389870324707443,0.002722821715066982,2.0494126489236336e-07,0.035304722420349904,0.007636514725005368,1.563614387255527e-05,1
0.10910214350515987,0.8082214502384719,0.0018936186946900502,2.955956106191204e-07,0.05554321521631198,0.025231151932647647,8.124817107936718e-06,1
0.26843324333269775,0.6593180085876647,0.001038140111085957,2.210550070537419e-07,0.007579416063173559,0.0636201012567554,1.0869593615703542e-05,0
0.1883504741500872,0.7635429766090716,0.0008851285032078226,2.392012774342807e-07,0.004036475111101682,0.043168139386041485,1.656703921277651e-05,0
0.4288033023446112,0.5187030857953764,0.00042135247814842103,2.35914045308736e-07,0.015529221882630295,0.0365350885949537,7.712990234738303e-06,0
0.08759071045492602,0.8765141511291744,0.0026799720097046573,2.0360599729145972e-07,0.031653393950201156,0.0014621936630863108,9.93751869099394e-05,1
0.06253880236015043,0.8936075513017763,0.001654810378474921,5.156727864744374e-137,0.04147932510064838,0.0006717726102072506,4.773824874279342e-05,1
0.0006379940034532032,0.619398176004562,0.3516592475447983,0.0006952622780134938,0.00010593150966313324,0.027461760216616383,4.1628442893626296e-05,1
0.0004574407241646747,0.42198623271650837,0.33802304899869295,0.0002542049357292631,5.911919339234133e-05,0.2391963705387999,2.358289271242971e-05,1
0.0009110900281082816,0.5342445133434709,0.4224951052393827,0.00021617311076925906,0.00010355966891750555,0.04198481215203402,4.474645731726456e-05,1
0.000489664117536931,0.40239006271467104,0.5604751240498029,0.0003261616424205766,8.793414015743326e-05,0.036225721377484664,5.331957926442756e-06,1
0.0002841947669211991,0.381551854578358,0.5708016939769791,0.0003438375855460104,7.906402185238247e-05,0.046934591528991876,4.763541351463771e-06,1
0.0003123181176964733,0.034644414346269595,0.4359786774875562,0.00293798086514346,7.191060295862194e-05,0.5260115364165382,4.316216383738014e-05,5
0.0003919587391381488,0.004967808898418022,0.5381531687126969,0.0007393584814193031,5.799039199529951e-05,0.45567713176074004,1.2583015592305709e-05,5
0.00047198833578290523,0.005327821299381181,0.44525769678531923,0.00018093789278707421,4.35680573102413e-05,0.5487015945713558,1.639305806354639e-05,5
0.0005758381135694883,0.0060068592671341245,0.5964797544420221,9.29041247301171e-05,5.889446561256051e-05,0.3967677584765389,1.7991110392778246e-05,5
0.00048181983343597424,0.006289545531517543,0.8977465702920043,0.0002213626011364851,5.307706075659063e-05,0.0951947107408529,1.29139402962122e-05,2
0.0006573952483858417,0.05008568315940711,0.7678059991320542,0.00015449244945809438,8.269297202920173e-05,0.181175580472546,3.8156566119543956e-05,2
0.00045178694364418886,0.06797680251096329,0.8373163350282998,1.217617142847252e-05,3.571485638341945e-05,0.09419529742572577,1.1887063554803286e-05,2
0.0002597853760794017,0.028917281235400886,0.9342826445743951,9.083894208733479e-06,1.5088495021206174e-05,0.0365092811559265,6.835268968056736e-06,2
0.0002729925913663685,0.02450648832060601,0.9242074665843907,1.2638341509903778e-05,1.4838344222457947e-05,0.05097885387024474,6.7219476600259985e-06,2
0.00029108290160402084,0.031176735153963412,0.9106092001907259,0.00022892356257608572,3.843323267571039e-05,0.05764725208582197,8.37287263295113e-06,2
0.00039020316887609897,0.04922108543490194,0.7857667309158406,4.2180647860441874e-05,4.2907647365433965e-05,0.1645233501589362,1.354202621953308e-05,2
0.0003931180822766595,0.03078882182797195,0.5536867399392601,0.0002521784630730456,5.785406477706919e-05,0.4147988808058954,2.2406816745702156e-05,2
0.0003614749318354166,0.027964266908178822,0.3327840343932146,0.00020716579301254985,6.016834053372967e-05,0.6386029137477782,1.9975885446810715e-05,2
0.00036932526020985566,0.029829171583409975,0.35386378469700314,0.0004017691975998116,7.17464774408357e-05,0.615451587547937,1.2615236399332888e-05,2
0.00025399168251247136,0.027124171596555023,0.8641677817026399,0.0014006518571152739,0.00015572655519503428,0.10689458890789749,3.087698084795396e-06,2
0.0002337054765091982,0.008657319227374545,0.7998899133457549,0.0003788288352738186,2.353211083745918e-05,0.1908019072147153,1.479378953486541e-05,2
0.0002944776760086355,0.010700632392550176,0.7807205563445708,0.00017592085872323625,4.6984710881442575e-05,0.20804635088436763,1.5077132897886265e-05,2
0.00037326738187810324,0.014375388791422887,0.6778434773822002,0.00016911130636191815,3.715299485875555e-05,0.30717868554832156,2.2916594956638052e-05,2
0.0001579957945999631,0.008197582806835154,0.8739636219254339,0.0004494505750956592,3.1191415801468716e-05,0.11719904045564737,1.1170265866673298e-06,2
8.161210128565593e-05,0.0011003439197324256,0.9943621763641747,7.451560384275257e-07,3.7448813933427484e-05,0.004415215960597203,2.457684238083208e-06,2
6.347264962898548e-05,0.0002556644879269365,0.98795912863396,0.0005681684021885051,1.6301730031576947e-05,0.011135088061941138,2.176034322866892e-06,2
0.0004963270057504628,0.008084145388925287,0.9506445620693267,0.00018120502358800726,3.739763171709405e-05,0.04052756797111122,2.8794909580960978e-05,2
0.0005266603636845118,0.006489558194110615,0.8048539698739758,0.00018135508527178653,6.922082575819264e-05,0.18785042231322382,2.8813343975240025e-05,2
0.00046033239391758636,0.0055288094929479056,0.7534366966258425,4.975240192211714e-05,6.0414324477136235e-05,0.24043881018934832,2.518457154455336e-05,2
0.00045733428639044396,0.005010663063011624,0.9025465251066283,0.0001413777300035129,6.44952700680172e-05,0.09176340970650117,1.6194837397026634e-05,2
0.00027116140159509904,0.0032137185998217465,0.9224040327343456,0.005354665062032049,4.105655988229435e-05,0.06871321547060653,2.1501717165145955e-06,2
7.47109910328827e-05,0.00027260614117417635,0.9882842261401994,0.0003888706419865186,1.960966375254351e-05,0.010957400954444457,2.575467409962721e-06,2
0.0004444092624338698,0.001536547551271265,0.7825835592255056,0.0007993562807395711,4.7852231712599624e-05,0.2145756858718838,1.2589576453043456e-05,2
0.00027962189493995344,0.002139966371479672,0.9941305457488789,0.00010274684582543407,9.881553017089591e-06,0.003329422771547352,7.814814311381848e-06,2
3.44910540535626e-05,0.00026297094485575035,0.9988722171309743,3.736363683763238e-05,1.8363387022515426e-06,0.0007899250932571564,1.1958013192318527e-06,2
5.647836880109642e-05,0.0031187731408095954,0.9921935547832903,8.942301693491795e-05,2.1210490638002025e-06,0.004534818087380611,4.831553719849141e-06,2
0.00011946574239127571,0.007432155402192336,0.9640354451383419,0.00011121523702485806,1.4097043396570521e-05,0.02828317814185914,4.44329479387433e-06,2
0.00020979914905781027,0.020715643448566152,0.9331250718029696,0.00022369270518989172,3.53254104994229e-05,0.04568430290922293,6.164574494399081e-06,2
0.00027536297744646353,0.018540130250703966,0.93076763953545,0.0003742131123526254,5.1021431372407e-05,0.04998762464906823,4.00804360620242e-06,2
0.0003037242562303283,0.0036882793314951226,0.8672922678636509,0.00034176626366216954,6.403238827403662e-05,0.12829994445261847,9.985444069193025e-06,2
0.0003216326429250749,0.0032140929648434447,0.8996401090922724,0.0018960712911377771,5.9403257295575525e-05,0.0948586266907935,1.0064060732088596e-05,2
0.0001648247229113331,0.0021181402947230074,0.9552454281939864,0.01184378586346493,4.7281118303896454e-05,0.030577668871537768,2.870935072779912e-06,2
0.0007192480824305452,0.00618988056255514,0.9212085962842331,0.0015885540906127274,0.00013930065235522016,0.07014712929071334,7.29103709997104e-06,2
0.00030529252178458405,0.0032049550969620896,0.9629754266547498,0.007839078478665664,3.7214495245097095e-05,0.02562643064008707,1.1602112505872316e-05,2
0.00027594133583745564,0.002841899550251993,0.9691893643841887,0.0005123601419311048,3.535182899854973e-05,0.027140849955325737,4.232803466690461e-06,2
0.3235304696331517,0.031231597579338743,3.7097117490813194e-06,5.497256329424093e-08,3.412775684672808e-06,1.8912307871096433e-06,0.6452288640967254,6
0.8243851838483971,0.036953054584184894,1.1226545571271335e-05,1.3204237272603838e-07,8.05505817555072e-06,4.542677029008989e-06,0.1386378052442695,0
0.8995788298887614,0.045837191464583815,1.020933130966108e-05,1.2007828423407202e-07,7.3252058801805255e-06,4.131074383256404e-06,0.05456219295679772,0
0.8960534410220738,0.06394613674965954,9.308187978183373e-06,1.0947937801673518e-07,6.678634598437578e-06,3.7664383439903347e-06,0.039980559487968026,0
0.940019486924227,0.03194627356798574,1.663095185454586e-05,2.1673721698518143e-07,1.2518830059681054e-05,7.628686074044435e-06,0.027997244302581856,0
0.967866855838464,0.0042446792501619705,1.2335104820088803e-05,3.2371917506488946e-07,1.0511612423074884e-05,8.38506627332772e-06,0.027856909408682736,0
0.9630637275070806,0.0034847579491542988,1.670715759722734e-05,5.71638098495622e-07,1.2174521854452342e-05,7.83462514071061e-06,0.0334142266010741,0
0.9735894340059947,0.0026038645361718456,1.71947769098855e-05,3.112836934879051e-07,1.2529850517874719e-05,8.063288484778284e-06,0.02376860225822739,0
0.9696259257104765,0.002536388470353036,1.712477651902105e-05,3.100164493516142e-07,1.3909168851016675e-05,8.030462624428635e-06,0.0277983113947267,0
0.9548569800524659,0.0023201848385050864,1.5389716175603682e-05,3.8821733342275735e-07,1.4108423031049034e-05,7.216826474288789e-06,0.042785731926014814,0
0.5652877626832225,0.42854280442357773,1.4173217135229659e-05,1.8312396327897556e-07,1.2953231845772077e-05,8.700571125157575e-06,0.006133422749130462,0
0.668894475348854,0.3264799015722825,1.665353967191138e-05,2.1517079965447978e-07,1.4357928557848322e-05,1.1643748809400181e-05,0.0045827526910245334,0
0.41159182793207255,0.5883653030465769,1.6713134188847585e-05,1.7207775501271293e-07,1.1476014574924973e-05,9.792296794953421e-06,4.71549803675569e-06,1
0.3585841775441476,0.6413752209548685,1.4564542843738036e-05,1.6289509026285048e-07,1.2876877697508683e-05,8.628237113209714e-06,4.368948238938681e-06,1
0.4175010678590039,0.5824558215072453,1.464474847745749e-05,1.6379213894364286e-07,1.5233333445753171e-05,8.675752042649757e-06,4.393007645811326e-06,1
0.4140004064032148,0.5859444733001504,1.6344147143749318e-05,2.2843767490720686e-07,1.833094665303947e-05,9.788334495434916e-06,1.042843066756014e-05,1
0.5228564392850926,0.4770236620033557,1.5322552820648084e-05,1.6243690937896326e-07,7.843015150320442e-05,9.966803230706993e-06,1.6016767087639133e-05,1
0.004272801271489465,0.09477797731473182,3.956544966847183e-06,2.0847580145220058e-08,0.9009403266443143,4.255440787167133e-06,6.61936130175919e-07,4
0.004449116861275929,0.11058178773305394,4.633255568758548e-06,2.4413261472408167e-08,0.8849584760739704,4.999509845358936e-06,9.621530241123542e-07,4
0.004029721272759487,0.1075117399610874,4.623205639585347e-06,2.436004581181496e-08,0.8884471821667592,5.748977971273415e-06,9.600557374049734e-07,4
0.0032895948786142433,0.07327821410912878,5.736525162574789e-06,3.022621675411453e-08,0.92341851669668,6.716316322450965e-06,1.191247875271211e-06,4
0.051393593814849946,0.9287067798219043,5.232275842393829e-05,3.7135966019807314e-07,0.019766655633363148,7.543750433150154e-05,4.839107466912678e-06,1
0.03467222018997075,0.25515099958814885,2.983034260316948e-05,1.4621185305929141e-07,0.7101032839710149,3.7595333836626605e-05,5.924362572633028e-06,1
0.12242707287212737,0.8391284641026477,0.00010759956246252681,4.719414068630107e-50,0.038218433450223764,0.00010343025968441436,1.4999752854006426e-05,1
0.12685692018074538,0.8465758464937139,0.000283437673708262,1.3705945664232144e-07,0.02371021782745015,0.002570962606502329,2.4781584233342336e-06,0
0.21709336988061967,0.7589204287888085,0.0003504191188914662,1.6887248880202916e-07,0.021303640714188585,0.002329346450134484,2.6261748686535853e-06,1
0.2910797372553475,0.6855115246643017,0.00037679798455719657,1.7644660254112496e-07,0.020619477401965222,0.002409542285574479,2.7439616514211183e-06,1
0.2988676266423156,0.6691505307209216,0.0004916066100981495,2.302090767298431e-07,0.028027370494646292,0.0034590552887032496,3.5800342384519555e-06,1
0.2868609652400267,0.6746068725999527,0.0007522161486472297,2.1186215570067222e-07,0.03454863004431901,0.003227423704395693,3.6804005030234537e-06,1
0.3213423003481709,0.6307376250101889,0.0007807824345007327,2.3286544724051005e-07,0.042025898356352856,0.005109714208420156,3.4467769190616187e-06,1
0.4816176450498625,0.5011563566587585,0.0021045027140675168,2.239543843194778e-07,0.010071770403140766,0.005045908667399199,3.5925523873270783e-06,0
0.08608152351925175,0.8270213273742917,0.0017609747565723649,3.311952103297669e-07,0.055267301203232026,0.029855889924171958,1.2652027269835524e-05,0
0.08524132088175265,0.904272987373666,0.0008372080887558465,1.6862124668687924e-07,0.007566448835512111,0.002072738135346502,9.128063720522654e-06,1
0.1301984199790468,0.8432867010125217,0.001007133525499533,2.779128142764515e-07,0.009958628742641803,0.015539596250530589,9.242576945282577e-06,1
0.17568309377866193,0.8035894138005473,0.0013094277707786635,2.635358504518525e-07,0.014338263250049096,0.005068859609417545,1.0678254695327518e-05,1
0.2066397275543932,0.7544391248876227,0.0002952337270204233,2.2917979208527407e-07,0.036511802326350304,0.0020830474697940797,3.083485502736333e-05,1
0.3552157596699589,0.6104799745625669,0.0002218366223218852,2.3759412829719005e-07,0.03311113349874767,0.0009516077245477463,1.9450327728727808e-05,4
0.1521757986487311,0.46880553591889323,0.00049476071909315,1.110453966410464e-07,0.37807329060179473,0.0004375989960190661,1.2904070072151915e-05,4
0.10639915691322288,0.4770237888794005,0.0004105695439126912,8.898684710251514e-08,0.41601263615633366,0.00015156683835633605,2.192681926780346e-06,4
0.20423271734839657,0.6939915912565054,2.3939754043735186e-05,2.3751327802265175e-07,0.10173392672276978,1.111329996875448e-05,6.474105037836671e-06,1
0.44882156034105575,0.5451552026293466,3.643023553676117e-05,2.8264755884924576e-07,0.005958025226658726,2.1158931059750856e-05,7.339988783614825e-06,4
0.31101428069550124,0.6877041920307564,3.1970345276804225e-05,2.480450624300192e-07,0.0012230883746681186,1.8568596159246032e-05,7.651912575764407e-06,0
0.5427234193979872,0.4571842230104659,2.683803683278515e-05,3.8237808624449347e-07,1.8325817135615545e-05,3.138910565576189e-05,1.5422253836496208e-05,1
0.3209395215059588,0.6790001156962185,2.209245446489138e-05,3.1545538013275284e-07,1.5389824910994626e-05,1.850349767735414e-05,4.061565389377055e-06,1
0.31934336860928847,0.6805783205633452,2.730439799755973e-05,3.90075074174143e-07,2.3786225515918916e-05,2.2161087930947107e-05,4.6690408479242105e-06,1
0.29603325505721495,0.7038611621563152,2.514055471555451e-05,4.937125452359548e-07,3.109435481381363e-05,4.294462494124841e-05,5.909539453962129e-06,1
0.2963670687825733,0.7035154331770285,2.527967429937997e-05,1.135904776809531e-84,4.394109200899325e-05,3.891361740843142e-05,9.363656681499329e-06,1
0.26271259009286974,0.7370950990649746,2.199674947004038e-05,3.7405128663202205e-07,0.00012615443833357957,3.563795022361067e-05,8.147652841850983e-06,1
0.2720624253083342,0.7273358114004064,2.4887503107796723e-05,2.1564148466079356e-07,0.0005453086035414896,2.1897104635210863e-05,9.454438490267768e-06,1
0.3357750263546131,0.6641549425039318,2.2963168674892152e-05,2.0697582133336043e-07,2.1652054115100417e-05,1.7587606572142628e-05,7.621336271620938e-06,1
0.24398027285096058,0.7559344893352499,2.7521259765676407e-05,1.7796156977268975e-07,3.583292337262366e-05,1.705786886830439e-05,4.647800213273894e-06,1
0.30232408856215537,0.6813778157692767,0.0002974189235662972,2.7954126025303896e-07,0.013535475012865531,0.0024599853141936867,4.9368766821050245e-06,1
0.277617458694187,0.7172015000934149,0.00021725200587484952,2.569660246947653e-07,0.004079142960098736,0.0008737665713666906,1.0622709032978027e-05,1
0.18726927786351732,0.8109370922043606,2.0424573797448445e-05,2.0724176226321894e-07,0.0017360967107465694,1.4797553442739109e-05,2.210385237310808e-05,1
0.22755472241864722,0.7707555291740686,1.9412545481937377e-05,1.969730274711621e-07,0.0016341671742680726,1.4963097936736126e-05,2.1008616570133507e-05,1
0.2909693567943894,0.7079823487413729,1.791159484315296e-05,2.0239668140991076e-07,0.0010066263649956342,1.6329497262896857e-05,7.224610454423716e-06,1
0.2385896571179887,0.7613511398578764,2.0672738420695417e-05,1.8324613154620882e-07,1.066334751224599e-05,1.7776052703753387e-05,9.907639366626449e-06,1
0.2247997700018846,0.7751467679824319,2.5052632044965617e-05,1.6430140169963241e-07,9.51380264481525e-06,1.5412355752696247e-05,3.3189238393099483e-06,1
0.1789725729023988,0.8209830986741703,1.8389916532686503e-05,1.550804671761865e-07,9.88530279455497e-06,1.2305011879031321e-05,3.593111757306804e-06,1
0.23091828902234887,0.7690273299884749,2.2133805750951308e-05,1.4326397170340904e-07,1.1897790370887148e-05,1.6453557554684113e-05,3.7525715280814964e-06,1
0.24937420761096263,0.7505668637573926,2.4348166475557004e-05,4.464663308506946e-179,1.3789036686637706e-05,1.684400184690524e-05,3.947426635819021e-06,1
0.27882644462157247,0.7211237955359437,1.882734511376346e-05,1.3250225996249991e-07,1.050575895104407e-05,1.3697606070221409e-05,6.596630088825342e-06,1
0.34960857281271346,0.6503364531637936,1.9465009382529554e-05,1.2934286444143128e-07,1.4971540597715228e-05,1.4161530957444544e-05,6.246599690740604e-06,1
0.28683567496866885,0.7131028600618189,2.1646209275374407e-05,2.1531029044705973e-07,1.134535400646673e-05,2.0825138994509e-05,7.4329569454981975e-06,1
0.2241234922110697,0.7758318416723798,1.600588132423228e-05,1.592071347430883e-07,1.1972621994601235e-05,1.3636710968522971e-05,2.8916951282721444e-06,1
0.14998739950312473,0.8499646174827635,1.786357311602559e-05,1.6341727200196133e-07,1.248678558444902e-05,1.4501073866320772e-05,2.968164272827041e-06,1
0.19165942308934805,0.8082923280698529,1.6101502670650374e-05,1.6469874623381613e-07,1.4485639392262754e-05,1.2206360206799609e-05,5.290639783198675e-06,1
0.2699810567579962,0.7299722385382394,1.4521113095517745e-05,1.602743072621018e-07,1.3625666537609416e-05,1.5089596083934547e-05,3.3080537401854736e-06,1
0.27037402968955443,0.7295744260273175,1.4054246469412057e-05,1.2650752261851682e-07,2.2436858265549793e-05,1.1724973983179658e-05,3.201696887339709e-06,1
0.22714783787310633,0.7726787234939134,1.488459139225302e-05,1.3749084070074533e-07,0.00014145809452673078,1.3567598515630483e-05,3.3908577050800465e-06,1
0.20322591042408403,0.7952823573199862,1.5004749396177069e-05,1.4948336598344622e-07,0.0014538433316480847,1.4751021115964847e-05,7.983670403430245e-06,1
0.12174336819585348,0.8741344554940114,5.029245916244264e-05,1.1573787670100494e-07,0.003978894876568808,8.793605574940945e-05,4.937180777610492e-06,1
0.10449176057994498,0.892842205070351,8.50489669021396e-05,1.0652669026908797e-07,0.0021410190410567995,0.00043556311613917464,4.296698915486615e-06,1
0.0715795524524509,0.9169831080186139,0.00022037393470318752,1.652479399030536e-07,0.010471071848636507,0.0007395000922307297,6.228405424668467e-06,1
0.08289640416155836,0.9070949476430703,0.0005122820810452072,1.7772991982097143e-07,0.0066912695974315935,0.002797518074801198,7.400712173524165e-06,1
0.0818912779086692,0.9080596083131075,0.00027119452288663145,7.94125424191642e-08,0.007935007543908693,0.001820919892425779,2.191240646005379e-05,1
0.06676511805041327,0.9138585256730305,0.0002838476132102401,9.126458699772533e-08,0.016411180188019212,0.002674479889549786,6.757321190084842e-06,1
0.03100589838119116,0.9174681741538255,0.000902291862284967,2.0097272979084992e-07,0.04821067740275777,0.00240297724624085,9.779980969947748e-06,1
0.03165852128229997,0.869034473349195,0.0024337430588242787,2.1573881625295677e-07,0.09357681983552366,0.003279953582298624,1.6273153042044225e-05,1
0.014485242771529622,0.8970182771964156,0.0020689959117264466,1.8888403494552586e-07,0.08098029846600685,0.005434500746404005,1.2496023882758859e-05,1
0.013171074178560442,0.9440778140542596,0.004303930910482499,2.0605236779468047e-07,0.032212775075306954,0.006218478812740589,1.572091628208914e-05,1
0.0314638160049491,0.9135022763340263,0.001422827671053832,2.2627184168104404e-07,0.04218648169504934,0.011408805141155585,1.556688192414276e-05,1
0.42025642004449637,0.5516982523934203,0.0005186590668608027,2.509207484515257e-07,0.012501144020791987,0.01501706993324941,8.203620432887287e-06,0
0.42082113683699535,0.5524395932811713,0.0004337707042860655,2.512579215522293e-07,0.015632858288745447,0.010662436154237023,9.953476643172288e-06,0
0.2664121110115627,0.6209576213913569,0.00494479097000727,2.52959867321575e-07,0.09448088221411871,0.013181627043533747,2.2714409553367013e-05,0
0.10537548198029445,0.8521730530334516,0.002473619567234328,5.394093828553895e-180,0.038790472847529386,0.0011244138909497227,6.295868054074763e-05,1
0.0864718408970356,0.8863077520076984,0.0018428698624865319,5.0595366048931185e-180,0.024594406514603304,0.00071965247135351,6.34782468226424e-05,1
0.07409599419240447,0.8747953408504553,0.004212935047471438,2.4946992500507914e-07,0.04517005026082106,0.0016958941074332766,2.9536071489510143e-05,1
0.02992483115385428,0.9467581263374277,0.00028666811275665076,1.2654597497731708e-07,0.0226596587436794,0.0003668454053312207,3.743700975819839e-06,1
0.022948216701184423,0.9606882206512208,0.00016593809758363122,1.284394535042353e-07,0.015937117818633596,0.00025657857480527964,3.79971711865005e-06,1
0.019627736830647873,0.9633462754642647,0.00016653012372133986,1.2889769374378727e-07,0.016546566006902803,0.000308949403198958,3.813273570621582e-06,1
0.020257138661110306,0.966131491879678,0.00012847679027947395,1.3244728407769536e-07,0.013340471270826503,0.00013837066715646123,3.918283665167807e-06,1
0.0008265798925869904,0.4159162339692298,0.5318364206576834,0.00047112112276645636,0.00011541254713640161,0.0508036651243416,3.056668625533851e-05,1
0.0007364949902144725,0.4712870359613825,0.5124828721866403,0.0005396518092639717,0.00013073927464493445,0.01480476092758459,1.8444850269250886e-05,1
0.0007248006521840451,0.5235409648683719,0.3270777843743874,9.197745131861912e-05,0.00010303294197117436,0.14845235655015707,9.083161609742818e-06,1
0.000750858695192058,0.5114747637005832,0.4396112280890056,0.00026558032145990645,0.00014669382180692192,0.047699049626643744,5.182574530870691e-05,1
0.000594343027987094,0.4757510247903651,0.36131432419854836,7.244533701473332e-05,8.460610258251023e-05,0.1621556861050921,2.757043841014122e-05,1
0.0004913673387140676,0.39953781430660723,0.5563931109418797,0.00016585779286285918,8.731083944869693e-05,0.043316704826575056,7.83395391244404e-06,1
0.000513924901225367,0.2037203672933433,0.7352024965322511,0.0001456909048661493,9.229090447154962e-05,0.060318395295131916,6.834168710465431e-06,1
0.0002837580496904699,0.37992745761903396,0.5699245527903566,0.00021772300925820262,7.901799697041697e-05,0.049564434538553095,3.0559961371632096e-06,1
0.000161673443839326,0.035516338018196106,0.9482248828588334,2.218669903906821e-05,4.2912676788052973e-05,0.016030118425679345,1.8878776245289957e-06,1
0.0004335741475380579,0.06887621034855769,0.4351789610806985,0.00038540543590794094,4.493724606119194e-05,0.4950570195426394,2.3892198597145705e-05,5
0.001051135162124035,0.007942936040220748,0.7310231036207883,0.00029805295889751677,0.00014416065502981568,0.2595174097375602,2.3201825379421033e-05,2
0.0012141904813448767,0.05563251942274362,0.8239257409256304,0.0003371832699329905,8.330181455419241e-05,0.11875780045085692,4.926363493706713e-05,2
0.0006410093070980116,0.049862889297313556,0.8182208135927911,0.00015735153156768998,4.92972053788831e-05,0.13103197022693178,3.6668838919024454e-05,2
0.0003452832440574699,0.03880808568034056,0.8876386168243169,6.954048446551296e-05,2.6554215060071622e-05,0.07309216767683725,1.975187492222425e-05,2
0.0004521585980240537,0.04628956097257993,0.8745929542948929,9.2442376471156e-06,2.6261650513369457e-05,0.07861792340410943,1.1896842233218024e-05,2
0.00034490080733015773,0.03528216166913723,0.8391629721698264,0.0002543598655098018,4.512260232966814e-05,0.12489847796479081,1.2004921075893908e-05,2
0.00036088770608631025,0.02366581377034595,0.7798925081089637,0.00018750368809903838,5.909438108599605e-05,0.19582166771423204,1.2524631186887611e-05,2
0.0001421865504860545,0.009639070608885957,0.9424539154737589,6.140742611682983e-05,3.389812718886269e-05,0.04766842409750643,1.0977160568321183e-06,2
0.00036171043031295796,0.04871834630192858,0.743389416704548,0.0006992370664318052,6.470597654347283e-05,0.20675040143509593,1.618208513936813e-05,2
0.00030991738400190373,0.02375558412470073,0.502776969026306,0.0003059167169317299,5.5799514482762144e-05,0.47277995959645686,1.585363711991905e-05,2
0.00043736682272216206,0.04305737090800896,0.6874662589820114,0.0006135949880694653,0.00019613111587781556,0.2682187699688279,1.0507214482379241e-05,2
0.00014782836609650662,0.014245372154651912,0.9388427069394739,0.008808555133363762,8.591727399623001e-05,0.03786781789920682,1.802233210793578e-06,2
0.00019505635630201752,0.018152390634479546,0.925146387523202,0.008148559205414014,0.00010164424885502234,0.04825366550759204,2.2965241554657534e-06,2
2.1677271269589625e-05,5.583267943913081e-05,0.09013079214185475,0.90555728710804,6.117801901722581e-06,0.004227537830504747,7.5516699015567e-07,2
0.00026133658793911187,0.010427500498600728,0.6505500025670452,0.0004605547902410507,4.805325894977305e-05,0.3382444672245562,8.085072667971173e-06,2
0.00040932372885410355,0.0187802140908041,0.6935854215662902,0.0025012432264199472,7.133340382365719e-05,0.28463156808445617,2.0895899351941503e-05,2
0.00021886755255434947,0.009233332332767498,0.3255375419148939,0.0001297229060202356,2.58623636549589e-05,0.6648429744699005,1.1698460208571543e-05,2
0.0004515753220708004,0.024029379600285904,0.7640983373721182,0.0013449193091210011,4.5000953420568246e-05,0.21001779873967227,1.2988703310908481e-05,2
0.00027802875583563365,0.02085161413025222,0.8666902357509447,0.001053276632464283,6.651875990233954e-05,0.11104349235898238,1.6833611618214465e-05,2
0.0002938553206107278,0.03466159973025553,0.944407818742967,3.223866505917203e-05,7.247186338309525e-05,0.020521655020910114,1.0360656814548819e-05,2
0.00045619316748953426,0.004549769415931773,0.6177419572690247,0.001117971925328284,6.827089180119867e-05,0.37604925253385196,1.6584796572493763e-05,2
0.0002331386397886341,0.003357021957217099,0.983055045445343,0.0005423016406154194,1.2696344501185486e-05,0.012792219724228969,7.576248305738499e-06,2
0.0007860495307396725,0.00830824671846582,0.8699272144106153,0.0004555951375170373,0.00011586849153458657,0.12039634972702427,1.0675984103358903e-05,2
0.000416268231473855,0.004524234354959524,0.7585198265674811,7.617300443070351e-07,8.634605797880146e-05,0.23644945098995926,3.1120681031656884e-06,2
0.00043779565856945905,0.005405610840323367,0.779642830077452,0.00016337163266121497,3.705683581075671e-05,0.21428933428828426,2.4000666898999786e-05,2
0.0003168527167397374,0.0035692848403808554,0.9234508324493477,9.548876329463921e-05,4.228394401019398e-05,0.07251826627761325,6.991008613538042e-06,2
0.0002346991440583402,0.0009412507474828231,0.9564783426937683,0.0006620077058150727,6.154847741764439e-05,0.04161660669125531,5.544540202435087e-06,2
0.0004918639131257712,0.0052614967481276345,0.9594800151750851,0.0003779507972417347,3.0276833687724276e-05,0.03433403776399583,2.4358768736289804e-05,2
0.00024273177898206493,0.0017965883526278148,0.9947524436614359,0.00016373726171787747,8.522045370397886e-06,0.003029193082809618,6.783817056327312e-06,2
0.00012410960288268728,0.000852747722099745,0.9952355652005261,0.00012649644023276092,6.217015487702924e-06,0.0036508155742694002,4.048444501422733e-06,2
5.400544351659707e-05,0.0005396727349367258,0.9966661829420372,9.600099909030565e-05,1.4087354691523317e-06,0.002638109142513031,4.620002437280939e-06,2
0.00035429548708442766,0.02782515065795649,0.6325368059252958,0.0003809237610735958,7.123649611456502e-05,0.3388202470272788,1.1340645196162117e-05,5
0.0005885553117825753,0.05301821591874705,0.577770685391684,0.00035275490495839917,5.0779388037791856e-05,0.3681841946649914,3.481441979874238e-05,5
0.00037690525070033573,0.025363883670169868,0.4298804736761908,2.0523721008437495e-06,5.7509786916836476e-05,0.5443060387189124,1.3136525008882244e-05,5
0.0005660974249693587,0.02733749917111141,0.5560814090588918,0.0002071474778655588,8.153640464728419e-05,0.41570600349316866,2.030696934588351e-05,5
0.0004216611187298957,0.019740490010811625,0.5580107227794366,0.00014445470531681946,6.982403463860886e-05,0.42159125847950524,2.158887156110131e-05,5
0.0004402316814769534,0.01887688051144356,0.5309927792405077,0.0003402866436752959,8.671023408827998e-05,0.44923863278489085,2.4478903917383843e-05,5
0.000262561727471003,0.010390364955129622,0.33297352644756567,0.00044330872962942416,4.943106021207721e-05,0.6558670456868742,1.376139311803383e-05,5
0.00027301586991162644,0.011456176248205413,0.9151835822190965,0.0002490667427078965,5.3798202760383796e-05,0.07277389573570497,1.0464981613309986e-05,2
0.0002161833185092916,0.00250621717184543,0.9388423545529174,0.0007715044846497172,5.2253499445080754e-05,0.0576047026335091,6.784339124105515e-06,2
0.00013594214250677833,0.0013325000329027696,0.968276481724324,0.000818973467665837,2.1341795056094675e-05,0.029410027317228155,4.733520316419924e-06,2
0.0005046345102289936,0.005109903277889911,0.9372015388070061,0.012490163979834079,6.436581052193532e-05,0.04462278950938661,6.604105132279436e-06,2
0.8274346443909785,0.0434228734793017,8.831776162127087e-06,1.359234125042385e-07,8.899761090628633e-06,4.676197124756428e-06,0.1291199384719299,6
0.40336646720259844,0.03585712412748956,5.882351825880406e-06,6.918599201932733e-08,4.594410835962909e-06,2.3802178814787414e-06,0.5607634825033766,0
0.7829636739211819,0.04861792229919858,1.0662464025484767e-05,1.2540785944287578e-07,8.327917422623723e-06,4.314428698811159e-06,0.16839497356161331,0
0.9316632834221737,0.029457879009588905,1.624243697075221e-05,4.0080233176557255e-07,1.1907544763348612e-05,7.45047269759566e-06,0.03884283631147398,0
0.9771306319814506,0.005625622637567554,1.1904401512439836e-05,3.1241591323749304e-07,1.014457977070787e-05,8.092285966110837e-06,0.017213291697819665,0
0.9643107183915082,0.00372171082892662,1.2188290662654602e-05,6.213980021774328e-130,1.0386501729353393e-05,8.285266031829677e-06,0.03193671072114148,0
0.956020654174797,0.0036939046986559157,1.751696405979743e-05,6.348945102288234e-196,1.3673545937688746e-05,8.214038588074853e-06,0.040246036577961705,0
0.9452336937335649,0.003652225678768551,1.7319316867199256e-05,5.925832268950385e-07,1.3519264752991402e-05,8.12135804929633e-06,0.051074528064770225,0
0.9676183799924196,0.0016848050882225312,1.5820588584856236e-05,5.02484343146321e-07,1.4296978210078442e-05,7.312978428390141e-06,0.030658881889791274,0
0.5313490725444963,0.10607249846863562,1.2473769665590947e-05,1.5448821908348338e-07,6.585791784460581e-06,6.069671006866221e-06,0.36255314526619203,1
0.8989525190650501,0.08449943786877054,2.0318943901497326e-05,2.2977792709839146e-07,1.0091177431156665e-05,9.488342749463129e-06,0.016507914824169873,0
0.9726069712041783,0.007010857682570494,2.1094537344205825e-05,2.6025498408678704e-07,1.4634471502927204e-05,1.2013277605817513e-05,0.020334168571814176,0
0.9751015345871563,0.007633812446888107,2.2246347895546776e-05,2.9335544880440324e-07,1.560064240843353e-05,1.2888429596890341e-05,0.01721362419060583,0
0.6525161103748216,0.3366397114287927,1.6164385287330225e-05,1.8618888188365597e-07,1.9677597199037392e-05,7.884957131120787e-06,0.010800265067886285,0
0.5577151797845489,0.4360082934372346,1.442012361859379e-05,1.8631409953114135e-07,1.3178885407184761e-05,8.470569258435748e-06,0.006240270885832548,0
0.5659225771430838,0.4290240551897828,1.5916151519649093e-05,1.833296102918966e-07,1.4986828364240556e-05,8.71034180961939e-06,0.005013571015829647,0
0.3871512863762514,0.6121332007521835,1.3812794232182305e-05,1.6802026603398487e-07,4.146692046815829e-06,9.080819459974913e-06,0.0006883045455602136,0
0.4093981198300238,0.5905626603136004,1.6408048940928705e-05,1.4640888468659308e-07,1.0573795966380027e-05,8.458672410632929e-06,3.6329301730778754e-06,1
0.39731662432405757,0.6026381686016121,1.5081515094398006e-05,1.686770940193811e-07,1.5687654086634774e-05,9.745202858021152e-06,4.524025197298011e-06,1
0.3672764043933441,0.6326712443093084,1.4952599288436525e-05,1.5697039161613722e-07,2.041292268262317e-05,8.954951403958289e-06,7.873853580667581e-06,1
0.0064377856349502535,0.0803364322529681,4.077702757919017e-06,1.8871171495581463e-08,0.9132168073908287,4.3151260123062315e-06,5.630213113801279e-07,4
0.033399525942674334,0.9596581173150435,4.0286292130829333e-05,2.8165543124038614e-07,0.006844122763540787,5.3645547381825887e-05,4.02048379753319e-06,1
0.06389569758931685,0.9025893748053786,0.0017369108935935797,1.810034296621236e-07,0.02720225084668568,0.004570079306322213,5.505555273309245e-06,1
0.06958614912148091,0.9088913294637715,0.0007279024000423086,1.5765743525350138e-07,0.016414665882083734,0.004374757159290374,5.038315895852626e-06,1
0.10480297137706185,0.882321259992763,0.00034748120982383064,1.5386651322422113e-07,0.010336905549971999,0.0021862494750698267,4.978528796459416e-06,0
0.11032633774769239,0.8736679861463129,0.0003857759458771237,1.6906267590716868e-07,0.012911976643990887,0.0027050282065498375,2.7262469010556145e-06,0
0.27755234547475643,0.7004711582562654,0.0004943364993300129,1.5199685256689493e-07,0.01861274724412632,0.0028664624764966197,2.798052172743424e-06,1
0.22295407232230638,0.7446850372412432,0.0007153249787786676,1.5737090996276565e-07,0.02634417569106863,0.00529798659581757,3.245799875614079e-06,1
0.060952362038922306,0.8673165248480471,0.0037004413475159223,2.3921445523589534e-07,0.06523188714974971,0.002794120480246413,4.424921063189344e-06,1
0.09349324126054923,0.8953402890085447,0.0027387675005850426,1.81022454764335e-07,0.005735537841397983,0.002688249749745231,3.733616723042731e-06,1
0.18422139406916102,0.8069144661843038,0.0018652886240274732,1.7616067755982923e-07,0.004483467096944093,0.0025089068053919163,6.3010594940146735e-06,1
0.21293985144424576,0.7786658193078773,0.0013841914278774322,1.7363634347426522e-07,0.004751870945101542,0.002252449444530594,5.643794023843025e-06,1
0.24754189748811034,0.7277632112805245,0.00022209558884212535,2.1887040360075902e-07,0.023602104481046132,0.0008391463140348013,3.132597703846282e-05,1
0.31635318498997506,0.3637739949677193,0.0001303224976847468,1.7897820412090437e-07,0.3189775403619714,0.0007465895671905946,1.8188637254681342e-05,4
0.15339179843131942,0.40855616474966405,0.000552453095247299,1.1785333560675972e-07,0.4371680775799038,0.0003250917332953429,6.296557234658488e-06,4
0.0694931902465081,0.21043337052164604,6.889430342203134e-06,4.9847850063872004e-08,0.7200622229282408,2.9825417035078407e-06,1.2944837091314944e-06,4
0.39364191297593415,0.42037176757138284,3.149269660839095e-05,2.4160466755564957e-07,0.18592749238681616,2.0818606210942938e-05,6.274158379953715e-06,1
0.32856082111345386,0.6713598958560522,3.395646197952243e-05,2.6345454384955436e-07,1.7901023312831815e-05,2.032940037043093e-05,6.8326902873533295e-06,0
0.3080407263174683,0.6918969144776937,2.2085293406589866e-05,3.153531282814592e-07,1.538483644610437e-05,2.04628056083504e-05,4.11091624871072e-06,1
0.3020846064050034,0.6978235395024861,2.397742002505234e-05,4.7087079830565466e-07,2.479031031602499e-05,3.690902573531311e-05,5.706465635879564e-06,1
0.2790175367637361,0.7207559209999377,2.2082426356321934e-05,3.254341267457699e-07,0.00017420461034127236,2.503049700137007e-05,4.899268500486163e-06,1
0.2587541508483267,0.7398908602103459,2.674196120369096e-05,3.618225840690208e-07,0.0012925156707818647,2.6206177210432905e-05,9.16330954717332e-06,1
0.3027009239574339,0.6960167645342253,2.3898785678497014e-05,3.23354009993553e-07,0.0012264803263257818,2.341996564255005e-05,8.18907668385201e-06,1
0.1942724721947989,0.8048113395177237,2.2965137296329624e-05,1.9898485921104932e-07,0.0008652107797566263,2.1113637461980848e-05,6.6997481034415855e-06,1
0.19538490166448555,0.8039847462834753,2.3982790468784167e-05,2.0780246698903156e-07,0.0005784625886662593,2.070223667518455e-05,6.996633762087455e-06,1
0.2723314856652386,0.7275254729634568,2.4455132183976335e-05,2.1189514226827063e-07,8.659652977216357e-05,2.248762780215545e-05,9.290186404129026e-06,1
0.29607304525060996,0.703860664543823,2.5075614280725566e-05,2.11545965281919e-07,1.60044065515246e-05,1.9529376243059557e-05,5.469262526502386e-06,1
0.3851072826263575,0.6148271783587922,2.2041830736412564e-05,1.9649513711678632e-07,1.9345127122167717e-05,1.896782058812638e-05,4.9877412664758115e-06,1
0.17832550425217927,0.7966021685125837,8.074491423259924e-05,1.8134211905869498e-07,0.024863449464084607,0.00011958543687392719,8.366077926756588e-06,1
0.22280561109827077,0.7460631868800734,0.00013107042807207969,2.1170364730538136e-07,0.0302157969525022,0.0007766293553758482,7.49358205836117e-06,1
0.38888913512837414,0.6091807053791883,7.161655237023259e-05,1.835747042127112e-07,0.0016212319174399347,0.00022184805014954925,1.5279397773561726e-05,1
0.23130445157485868,0.7674454887316663,1.968278202164409e-05,2.2724673812222887e-07,0.00120468407760559,1.6693807440539154e-05,8.771779668889202e-06,1
0.28525966418507,0.7139016223735519,1.8309534975962e-05,2.1148920830188027e-07,0.0007956559533991221,1.6376681987843738e-05,8.159781806878121e-06,1
0.2747224317960109,0.7244949777199003,1.668607440049718e-05,2.0711728117139992e-07,0.0007415938203695615,1.6710358353837128e-05,7.393113683579601e-06,1
0.33501352397108836,0.66406742546707,1.8045549567496983e-05,2.1085777807477023e-07,0.0008770130565591588,1.7306076716761067e-05,6.4750212202055064e-06,1
0.2333429969795336,0.7666038710349337,2.4897977870013657e-05,1.632871410950899e-07,9.455072316758349e-06,1.5317212649220287e-05,3.2984355557964396e-06,1
0.2049140926594343,0.7950394838389726,1.599461658692246e-05,1.5589140152687625e-07,1.2919722453151459e-05,1.209775205118929e-05,5.255519100464387e-06,1
0.2462625991955418,0.7535728483163585,1.484905510439598e-05,1.4363453345708913e-07,0.00012935712062345147,1.454508116992337e-05,5.6575966684558605e-06,1
0.29380311806038123,0.7050074705069354,1.942841138601823e-05,2.1840227220199378e-07,0.0011297347393449686,2.2720065645520875e-05,1.7309814034668604e-05,1
0.11369651623882901,0.8842942783544803,1.2249524672239316e-05,1.2011447966963378e-07,0.0019643183289594916,1.050823992779554e-05,2.2009198651636223e-05,1
0.13114192997861573,0.8662084179419705,8.386045598688146e-05,1.4967379298969003e-07,0.0023155724649753895,0.0002441834590460777,5.886025612253693e-06,1
0.10749555971500166,0.8897997777394846,9.724199833146913e-05,1.6644841149884123e-07,0.0023096712673814405,0.00029062037416202445,6.962457227394704e-06,1
0.08299571905425879,0.9139066452978579,0.00012842763333334415,1.5549958940007338e-07,0.0025132231390932345,0.0004504612081376414,5.368167729714643e-06,1
0.08814692047267705,0.9047295760494645,0.00019809639276535681,1.5354548111849108e-07,0.005734609895719247,0.0011859621179550353,4.681525937710606e-06,1
0.07705255847230343,0.9126093207955436,0.0004436157147636864,2.257878534372339e-07,0.008335614478933455,0.0015527089045846722,5.9558460176674266e-06,1
0.09912670394901371,0.8918467731334909,0.0004278264943753622,1.8709480685701995e-07,0.007378364179815014,0.0012137154790355022,6.429669462656129e-06,1
0.023402121577370597,0.8920711489809423,0.002517980669739348,2.1557819330287864e-07,0.0801413601915946,0.0018529109696227765,1.4262032537009755e-05,1
0.13744644766315955,0.8291643154822729,0.0009730037643691839,2.2113039091034676e-07,0.0033787132622231297,0.02902082443908243,1.6474258501751565e-05,0
0.4785083173370755,0.48589143613138813,0.0003717644958578895,2.3734684443654729e-07,0.023004518081093543,0.012217803734348881,5.922873391706208e-06,0
0.27505438768805457,0.5879422206680373,0.007932583348037498,2.9899674278025446e-07,0.09627104018207104,0.032760740352296855,3.872876476009529e-05,0
0.23916468519769093,0.5860538615858585,0.005141046698936476,2.5853335495572296e-07,0.1641496405759835,0.005457019827697072,3.348758047868487e-05,0
0.09722540659905972,0.8608670923131932,0.002510754743688486,2.533567138635276e-223,0.038750648646372954,0.000596331682370571,4.9766015315069956e-05,1
0.10038857373753521,0.8458623416212452,0.0030050641042527154,2.0317639015666889e-07,0.049971207862331106,0.0007448361706977324,2.7773327547786176e-05,1
0.023554004976649907,0.9646363149863169,0.00021899787065354524,1.5141760655277986e-07,0.011260008789848614,0.0003260424625081339,4.479496416298934e-06,1
0.019603974841344088,0.9674677201799097,0.00013506934416712295,1.5186204824643622e-07,0.012544483698410878,0.00024410742946374137,4.49264465592121e-06,1
0.0007242954420234008,0.38440257130165123,0.5858793266971334,0.0005275743978666605,0.00013707199166449203,0.028300909498412564,2.8250671248365443e-05,1
0.0005069512061216002,0.40292933743579756,0.2839002588958275,0.00019257172609231659,6.584076093632727e-05,0.3123846247354301,2.041523979471521e-05,1
0.0006059802607784977,0.47838988143366523,0.47947054143477513,0.00023507346505275326,0.0001030846392170962,0.04118884024083002,6.5985256811922205e-06,1
0.00037707264315017905,0.46911444486342674,0.3126976835077737,4.26214652135857e-05,0.000120909907177388,0.21763874452413806,8.523089120498678e-06,1
0.0002911983463686122,0.3867154175533412,0.5623858776975418,0.00012510844291603888,0.00010828075510696662,0.05037102806623148,3.0891384938683184e-06,1
0.0007516992866954844,0.08308679787224109,0.4789485698921537,0.000309239012536694,8.349333695639617e-05,0.43679688561064717,2.3314988769528816e-05,5
0.0007634108661391962,0.007496082429591855,0.45883125223389243,0.00030150676690047124,7.163993744687338e-05,0.5325130432322146,2.306453381454483e-05,5
0.0007231096822473504,0.011120496015924243,0.8564966761435122,0.0001547579589713875,7.460314114782424e-05,0.13139095328965708,3.940376853987838e-05,2
0.0008637830431674101,0.008643183250188336,0.6932028883355099,4.4047206376863976e-05,8.088692486420525e-05,0.2971208443931899,4.436684670355029e-05,2
0.0008673341560794186,0.009025992881127914,0.6010512934076916,8.33862794952862e-05,9.061000474043515e-05,0.38883486834151937,4.651492934583252e-05,2
0.0007196104843843447,0.03160359474118785,0.8974821052034186,0.0004067192682802359,0.00010630523820379524,0.06967227054425218,9.394520272852163e-06,2
0.0006435948289225835,0.047600822326447564,0.8314076358280272,0.0002173431308273029,5.491186330686618e-05,0.12005251903909071,2.317298337769163e-05,2
0.00036994170520917327,0.02877705844368329,0.8965034634592469,0.00016728052530709777,2.6003235557402073e-05,0.07413500655873557,2.124607226060885e-05,2
0.0001978341495895615,0.022235555185212332,0.9446586175290885,8.53635949556185e-05,1.2374850651025677e-05,0.03279650041653405,1.3754273968823736e-05,2
0.0005211826793527078,0.06430448411624916,0.8217139417485911,9.591282238450942e-06,8.126312928605804e-05,0.11335674229362619,1.2794750656209855e-05,2
0.0002588412503294098,0.028822114953125255,0.7665212325202739,0.00011895091049807624,3.060996088052681e-05,0.20423853444926623,9.715955626596228e-06,2
0.00038786022063375965,0.049569539865227503,0.7939069571833047,6.155000186864225e-05,3.242446369105651e-05,0.1560281680610467,1.3500204227500941e-05,2
0.00018400457617023206,0.011635509773406844,0.950951402046402,0.0004893188775986175,3.6627920840688525e-05,0.03670182809181205,1.308713769569095e-06,2
0.00021108673151855757,0.013425884120405145,0.9098471448663471,0.0009651268057561592,4.636629468301318e-05,0.07550254605117104,1.845130119020643e-06,2
0.00035514493666680136,0.03999852243987761,0.5055543541145897,0.0004129375867056338,5.7720746230930445e-05,0.4535990744457515,2.2245730177907715e-05,2
0.00042144816292125656,0.032778030946441813,0.4841162743608225,0.00048336139654963186,6.656072298277659e-05,0.4821121316387416,2.2192771540487816e-05,2
0.0004202346061796839,0.004161639028136187,0.8230676183647266,0.0011260652020702254,5.979127182906187e-05,0.17114963690480897,1.5014622249514065e-05,2
0.00023480613498797184,0.009289255527979398,0.6582340566060858,0.0006405562128297266,5.327062292810967e-05,0.33154498949933486,3.065395854010924e-06,2
0.00040334722594851063,0.018506005692489245,0.6834584365051692,0.00012183446060182334,6.051216632734573e-05,0.29742927314946094,2.0590800002970293e-05,2
0.00022868204077208413,0.0108459798385607,0.8110266801327736,0.0003707127012413146,5.1777309451075105e-05,0.1774721229632898,4.0450139113772545e-06,2
0.0002331325252814338,0.013364296728164112,0.8018595460945128,0.00033329093449228876,4.3538087038051295e-05,0.1841581972885809,7.998341930482858e-06,2
0.00024150756290641442,0.018858119213280074,0.8769446330522103,0.0007449058656593932,5.960166534634828e-05,0.10313614950784324,1.5083132754011718e-05,2
0.0002333480142074406,0.035625692290410675,0.9480676536076528,6.76976556600898e-50,7.754913625932363e-05,0.015987529641892796,8.22730957715895e-06,2
8.176726914215884e-05,0.0008720298477934629,0.9960846534185289,9.342742863715362e-06,2.4932277658927742e-05,0.0029253826576248173,1.891786388307479e-06,2
0.00016045715060125559,0.0021978956135798,0.9873579523582475,0.0004026331097132492,2.6707342397579555e-05,0.00984985631106463,4.498114395921687e-06,2
0.0007467323958842674,0.007049393575551374,0.6514476878797719,0.00025870533781164793,5.61684534519501e-05,0.34040555420554264,3.575815198619587e-05,2
0.0008299412971275022,0.0073164720508320895,0.6720220853570354,0.00030785471782916366,6.398063959788367e-05,0.3194365805668149,2.3085370762872237e-05,2
0.0008326117341670552,0.006463204927994741,0.5484043648817356,1.5379551316238772e-05,5.716597088831663e-05,0.44420664641873225,2.062651516569088e-05,2
0.0006163857845730951,0.005672477055662877,0.7145011191971737,0.0014639516094754133,5.700595190633823e-05,0.2776715989380584,1.7461463149875034e-05,2
0.0006117561866946226,0.0063300643520654,0.9017588324141108,0.0008062554003852248,0.00010203745859434769,0.09038672908616295,4.325101986583355e-06,2
0.0005171014654869526,0.0060759180980349894,0.7568834531857747,8.044427084669821e-05,5.2012535216364896e-05,0.23638183301336876,9.237431271786473e-06,2
0.0005582980397028033,0.0018159535742087918,0.9401032582480755,4.032750035087136e-05,6.357340889989701e-05,0.0574061006193167,1.248860944510502e-05,2
0.00043717184191629827,0.0015517430646385902,0.7818055451752941,0.00015746414282548783,5.57527287318534e-05,0.2159795587330271,1.2764313566467922e-05,2
0.0004854892557025772,0.0016785818615319904,0.6629422676122578,9.860761083701262e-05,6.60978235331597e-05,0.3347052547345543,2.3701101583039925e-05,2
0.0001845890687945146,0.01093320923748191,0.9618034660222584,0.0002623064667614128,3.5953244903600844e-05,0.026778142787358957,2.3331724412084267e-06,2
0.0003823792752857961,0.030030754923988275,0.6745320409871732,0.00022073112426421477,7.616506470695476e-05,0.29474568904533377,1.2239579248009048e-05,5
0.0004277877786293758,0.022631125318843887,0.7314506617512656,0.00041850152505997775,3.3183052020432406e-05,0.24501204365142895,2.6696922751790623e-05,5
0.00039799298808632647,0.01714753867800384,0.7994445526114461,0.0003925831283016338,2.8308358826258316e-05,0.18256564324657695,2.338098875885995e-05,5
0.00038581900834880675,0.018490241649201312,0.5080478377957507,0.00011357793927920517,6.540178448878328e-05,0.4728769002655191,2.0221557412187105e-05,5
0.00020924133081188923,0.008449727463876457,0.22537596202325977,0.0001648206613833077,3.939272079690271e-05,0.765749889036979,1.096676289258868e-05,5
0.00028202643927927517,0.003162871366510056,0.9071823708323585,0.0016139123908648066,6.712191976300931e-05,0.08768209483938427,9.602211839978777e-06,2
0.0002053898500825201,0.0023081259991014325,0.9314394625297423,0.0009719222101834019,3.591354015624809e-05,0.06503126051411752,7.925356616397114e-06,2
0.0002557161837980442,0.002010589119222431,0.9681472747403003,0.004627276136007385,3.853885423624215e-05,0.024919162208540974,1.442757894432585e-06,2
0.00029394438708833006,0.002349222717204642,0.9587692807478696,0.005323684413870311,4.430020704714323e-05,0.03321754218655857,2.025340361264251e-06,2
0.00016738926424158003,0.001324622873051116,0.21873893670435515,0.7678058186177152,3.36858158716273e-05,0.011928576976448866,9.69748316441654e-07,2
0.34829395501442145,0.03630109488601262,4.031424171365614e-06,5.97398761456899e-08,3.9671258052665604e-06,2.0552414916530223e-06,0.6153948365682215,6
0.5427075099150555,0.04334237336728288,7.523501186167769e-06,8.84885685914744e-08,5.876230527733782e-06,3.044287826487297e-06,0.41393358420955256,0
0.6921911250436038,0.044542348167183145,9.426315952277776e-06,1.108687544625637e-07,7.36242398215838e-06,3.8142373068142344e-06,0.26324581294321747,0
0.894265396757018,0.052935834667080614,1.1829421020736791e-05,1.3913316519646712e-07,8.487621940354962e-06,4.786622812531966e-06,0.05277352577696258,0
0.9282996019432639,0.04337614811057337,1.0195003746733924e-05,1.1990976887088457e-07,7.314925838812551e-06,4.125276919506073e-06,0.028302494829888593,0
0.9282374606887233,0.05231501994864423,1.0024158383783723e-05,1.1790035048390443e-07,6.972926658990229e-06,4.056146544462427e-06,0.019426348230694893,0
0.9381134741448034,0.036642914994540594,9.951900056087092e-06,1.1705047542859827e-07,6.922662886188602e-06,4.02690814309504e-06,0.02522259233909519,0
0.9385026485520899,0.022403909353343777,1.812912994417575e-05,4.0374463242359293e-07,1.2578361198295781e-05,7.505473613033109e-06,0.03905482538517843,0
0.9466155516655191,0.011739728590267002,1.7430500815135274e-05,4.301192846324705e-07,1.277853003693667e-05,7.995442473468317e-06,0.04160608515160383,0
0.9322980542163382,0.053617940874787,1.654703318318781e-05,1.8253892085225469e-07,1.709639486918798e-05,7.590192234056167e-06,0.014042588749667725,0
0.7170447408218374,0.14746580196353884,1.1567384916577957e-05,2.0582127167610784e-07,9.084210638332712e-06,8.086489783494237e-06,0.1354605133080135,1
0.6890181437913462,0.1411326993285286,2.006771882766165e-05,2.1651014208282043e-07,9.137690349126115e-06,8.50644366210497e-06,0.16981122851714428,1
0.8708249280693384,0.12307813216232402,1.867413931315456e-05,1.815820370397251e-07,9.424334672914429e-06,8.471386915969938e-06,0.006060188325398632,0
0.9601704184409251,0.007474565221541527,2.2762511400481014e-05,2.592002590404061e-07,1.669210786725432e-05,1.114491102338267e-05,0.032304157606983054,0
0.810587668137375,0.17787056731595657,1.737453622951044e-05,1.1664186423735685e-07,1.1450444877376198e-05,8.506867144121038e-06,0.011504316056553077,0
0.6318324112060422,0.3576702099593366,1.5652000570362346e-05,1.802869972248377e-07,1.599729485091734e-05,7.635016817516666e-06,0.010457914235385129,0
0.6269002633644426,0.3627943363839598,1.57088973770361e-05,1.7887965865141177e-07,1.270686458232561e-05,7.575417102387756e-06,0.010269230192877205,0
0.5975912787153729,0.3977090941968325,1.6806810194550594e-05,1.935886297270414e-07,1.5618618174051727e-05,9.402149738461873e-06,0.004657605921057745,0
0.3668702642166981,0.6330575384149508,1.3956513035699879e-05,1.6746045201308424e-07,4.100697349120477e-06,9.050563764189186e-06,4.4922133750049774e-05,0
0.3655555640886585,0.634339977678523,1.3817298233068854e-05,1.6579005098125985e-07,4.17633476091754e-06,8.960285308180283e-06,7.73385244652709e-05,0
0.3918090900354602,0.608147149383847,1.5314167379010625e-05,1.7127916092312367e-07,1.3785784413259398e-05,9.895535480091344e-06,4.593814259683885e-06,1
0.21703087400763518,0.7829125433099142,1.2022896345404625e-05,1.523460360063588e-07,2.0390836148750854e-05,7.981292650811296e-06,1.6035311269896114e-05,1
0.3543565573666702,0.6456006574030313,9.779006286344252e-06,1.3029364287583473e-07,1.4102713990829987e-05,6.779788566586696e-06,1.199342781195209e-05,1
0.0657186041556382,0.9157343927529793,0.0009865302791109477,1.7474385789925285e-07,0.012130567015018925,0.005422964634025093,6.766419369485802e-06,1
0.10733450047101775,0.8802963918935632,0.00026841626567160754,1.5005195192024352e-07,0.010080639523742274,0.0020156265891254684,4.275204927894549e-06,0
0.21585867337270506,0.746278760292536,0.0006338084313120147,1.5815253056663112e-07,0.03381435708195284,0.0034109807480393215,3.2619209240302333e-06,1
0.18064715802323655,0.7882828507627672,0.0005851051381057143,1.6130870873336185e-07,0.02694446572495437,0.0035369320246305663,3.327017597255382e-06,1
0.22132719009659244,0.7383767322213151,0.0006751323249088262,1.7188545542004148e-07,0.03552631094394728,0.004090133064970732,4.329462810156961e-06,1
0.3032825157735297,0.663976546657409,0.0008095676119798202,2.2114125088052565e-07,0.027269887871840943,0.004656199312053411,5.061631936105223e-06,0
0.4794885911657691,0.5012138736169423,0.0009294039993269463,1.368896870276668e-07,0.014511724796472905,0.0038527273577459637,3.5421740558721714e-06,0
0.5969374418628186,0.38832910161785317,0.0012947110230400376,1.7848163327805123e-07,0.00895461087240153,0.004481093038592238,2.8631036613795464e-06,0
0.2055305170451745,0.7530940950892515,0.0023824975628138154,3.1139618889845e-07,0.023170124277399166,0.015815509088994248,6.945540177747649e-06,0
0.27029792677841474,0.668595107396075,0.001834237752061981,3.114694925931694e-07,0.04841941363801493,0.010842052301355378,1.0950664585395915e-05,0
0.20913052144099276,0.7804063516332524,0.0015852339586598133,1.7545714200114457e-07,0.004386319106418998,0.004485122508676684,6.2758948575428285e-06,1
0.2131325381687134,0.7793704246936691,0.001385443966143355,1.7379346492450418e-07,0.0036357010985666135,0.0024688736487490028,6.844630693704212e-06,1
0.17258557735802468,0.8133661987955396,0.001356390821620225,2.8915945032282924e-07,0.004393817279078006,0.008283183523653028,1.4543062634133409e-05,1
0.17355044547317755,0.7810778400526496,0.00020402180044838512,2.0487239489909126e-07,0.040905178487556995,0.004230448846494844,3.1860467277795135e-05,1
0.17982488918020187,0.7779103255374077,0.00019918389605691914,2.0404157337101987e-07,0.040022952852196224,0.002010713229428671,3.173126313527586e-05,1
0.2901631869172458,0.6576459105553639,0.00019287804044847414,2.239848915209404e-07,0.051206174833467594,0.0007732894429461574,1.833622563650434e-05,1
0.33768093195453913,0.5819004681507609,2.602022262877616e-05,2.31169505256158e-07,0.08036810629854473,1.855094473839223e-05,5.691259282773064e-06,4
0.3205075718779585,0.6389013145304477,2.5634049494455554e-05,2.442063177864609e-07,0.04054087498780009,1.8018628135075782e-05,6.341719846222134e-06,1
0.27596165726857325,0.7000345985536863,2.095967083842102e-05,1.9967520303704452e-07,0.023961698981815487,1.5700545058651644e-05,5.185304824937923e-06,1
0.41963517643338516,0.5416333275077047,3.662212245433519e-05,2.6497605439765324e-07,0.038664271262463454,2.3456615097158466e-05,6.8810828408486e-06,1
0.35455663645217883,0.4364848866153515,2.9512591185346934e-05,2.1353568398705612e-07,0.20890430263010545,1.8902932041081825e-05,5.5452434535353035e-06,1
0.4173846454488827,0.5812571400634344,3.336198248145891e-05,2.413876065168951e-07,0.0012975426935254027,2.0799902481684367e-05,6.268521587630782e-06,1
0.5799473401702113,0.41995078777241485,3.861513855113863e-05,3.0041048200263504e-07,3.031322797211041e-05,2.485213828911148e-05,7.791142079411923e-06,1
0.3432835059945825,0.6566591488221066,2.0768043482957135e-05,1.9247726283345353e-07,1.4158838572508857e-05,1.839792709298813e-05,3.8278968995579415e-06,1
0.32556554386480385,0.6743484572801336,2.488674435649612e-05,3.2162371869963315e-07,2.173434980066563e-05,3.313325844016703e-05,5.922878746373998e-06,1
0.26274026014552687,0.7371865552627503,2.084302052905941e-05,4.093171702945938e-07,1.886861743196758e-05,2.534332793040631e-05,7.720308660952236e-06,1
0.24861995498192702,0.7513075708391926,2.145833556378615e-05,3.917592884088378e-07,1.942564533366781e-05,2.6091498315972445e-05,5.106940378488478e-06,1
0.2880264650135057,0.7118768405212725,2.2795424531749843e-05,3.8796330442151764e-07,3.980118682078309e-05,2.5838682587684562e-05,7.871207976990364e-06,1
0.32549956240468725,0.6731420524606957,2.2300162273631754e-05,2.963131925297924e-07,0.0013009117147173921,2.1075247022006763e-05,1.3801697411443288e-05,1
0.2307972256985514,0.7683589279707425,2.1228771887714455e-05,2.8207710304302384e-07,0.0007892333529996272,2.59584071096915e-05,7.143721606001431e-06,1
0.13117202195221878,0.867989300341879,2.3042915112361665e-05,2.0278828303321046e-07,0.0007879525726846448,2.0651621816746923e-05,6.827808005286084e-06,1
0.29494893339313905,0.7049792363322697,2.6265007464764216e-05,2.256849547981599e-07,1.810155225061531e-05,2.199103398268781e-05,5.246995938597514e-06,1
0.2949479972090637,0.7049769986895466,2.626492409819142e-05,2.2568423846174772e-07,1.8101494795296652e-05,2.5165018973595092e-05,5.246979284344913e-06,1
0.22045528690040303,0.77947627791888,2.605702501092078e-05,1.8264851468151685e-07,2.0052122970218545e-05,1.750711918538048e-05,4.636265035892783e-06,1
0.3105147705635208,0.6894212350809399,2.3987673704571947e-05,1.790222755614687e-07,1.749057330950484e-05,1.7792867982856303e-05,4.5442182668655e-06,1
0.2123074967297226,0.7688672180534759,0.00010181532370811848,2.0560360441182028e-07,0.018342056689729592,0.00037238944115038325,8.818158608780773e-06,1
0.16677856388871168,0.8104613375013685,0.00031009888687783807,3.37553186510683e-07,0.017488864763295864,0.004949086272075144,1.1711134484467296e-05,1
0.2545931687038054,0.7024929093828858,0.0003181773877450071,3.1298860836285317e-07,0.038151321599158926,0.004438582359645806,5.527578150690094e-06,1
0.33653530810779514,0.6628139156101758,6.051157304756986e-05,1.5510931140928095e-07,0.00039278894035779205,0.00018441050985813946,1.2910149454249051e-05,1
0.3190032408556437,0.6804420356599381,1.9189922970065924e-05,1.9634661198905747e-07,0.0005003757961990938,1.4019613867781196e-05,2.094180476931952e-05,1
0.23571382485469186,0.763257613819763,2.0714070117458604e-05,2.3915343177866545e-07,0.000980417847433411,1.7958873606561284e-05,9.23138095602867e-06,1
0.2569571461038333,0.7421441174162401,2.108204124591255e-05,2.3686885526075068e-07,0.0008470913618522772,2.039417285965973e-05,9.93203511357546e-06,1
0.23296357334817303,0.7661110859063821,2.025185888148162e-05,2.445183511701097e-07,0.0008744475201796742,2.1935185735838513e-05,8.46166229687438e-06,1
0.3606265051227381,0.6384676283489429,2.1702165368905652e-05,2.5291805417714476e-07,0.0008543545661849607,2.0146275610398558e-05,9.410603100603205e-06,1
0.3090478070903143,0.6908977498721902,1.6666836850199698e-05,1.7030270974352916e-07,1.514377822939788e-05,1.5599029066554225e-05,6.8630906394059854e-06,1
0.16820105819024483,0.8317633372000287,1.5578917028132753e-05,1.1560826052935875e-07,6.3531010610586025e-06,9.400938057577653e-06,4.156045319094082e-06,1
0.31877461445989386,0.6811614668720392,2.8979419215690243e-05,1.998407412141526e-07,1.3094545382094463e-05,1.7553664443446362e-05,4.091198284566241e-06,1
0.3610476781155382,0.638900206742613,2.1352649829936272e-05,1.9028269197952177e-07,1.0127182981448275e-05,1.6951485584895834e-05,3.4935407605026613e-06,1
0.2271806983999778,0.7727613617702841,2.3320611110013142e-05,1.4144718368494178e-50,1.691075413510172e-05,1.4001284423767253e-05,3.70718006920278e-06,1
0.24931454632012293,0.750641013842457,1.6446634876056276e-05,1.3713302871105828e-07,1.280972021337167e-05,1.2136223907293418e-05,2.9101253946397126e-06,1
0.14845410644093593,0.8514978324561006,1.7952646597636538e-05,1.59547491817356e-07,1.2698693267313681e-05,1.4420279795295591e-05,2.829935811476507e-06,1
0.3494540634819794,0.6504930935209867,1.731075032035722e-05,1.599015755276537e-07,1.4825841035030039e-05,1.4408915239034452e-05,6.137588864111781e-06,1
0.4130594983607533,0.5868857990082272,1.8095380932754133e-05,1.6714930707063314e-07,1.3569905863719612e-05,1.5096353341606317e-05,7.77384157417025e-06,1
0.307494980285654,0.6919469964703695,1.696165813462245e-05,1.733291528813908e-07,0.0005124961923653133,1.7552092363129803e-05,1.0839971960666292e-05,1
0.0944817511203496,0.8995004732254016,0.00017155945989314302,1.634494030169503e-07,0.005209857980586855,0.0006300341480880219,6.160616277618015e-06,1
0.09208819186372938,0.9005936367517794,0.00021352339168207303,1.6041088729164536e-07,0.005991018784420577,0.0011074227067532972,6.046090748055997e-06,1
0.0472025521056453,0.9193496765772181,0.0004629774804931688,6.527667099206711e-08,0.03107355896216185,0.0019076062853046092,3.563312506100461e-06,1
0.030855043194593597,0.9272781966848813,0.0008385447296980966,1.017182313365901e-07,0.03879461315874746,0.0022238451216677274,9.65539218030943e-06,1
0.013033532003142624,0.9401157201667124,0.0038639793362900948,2.016877476765509e-07,0.035819907290461084,0.007153316434995685,1.334308065026711e-05,1
0.20360329211969574,0.7699693497949819,0.0007324194831089785,2.000510411566841e-07,0.0026260316486686488,0.023053803059788883,1.490384271466301e-05,0
0.40242458727949904,0.5761068498004343,0.00033446694115238433,2.1070296513210642e-07,0.010762428113912809,0.010366199173506127,5.25798853023381e-06,0
0.469033030698662,0.510566282324058,0.00025853372840307107,2.3221330344818316e-07,0.011926578553890628,0.00820954771327368,5.794768409323163e-06,0
0.27323221692179744,0.6032972877555841,0.003931297079550642,3.0680552888704616e-07,0.1040376567523452,0.015461494455768958,3.9740229424826104e-05,0
0.20980690034838556,0.6296787327231322,0.003629310346478165,2.8435801019353816e-07,0.1535868139531819,0.003261840869225615,3.6117401586514415e-05,0
0.15235970921750522,0.796394491180717,0.00016186532147557267,1.7255385115649104e-07,0.050230171798446376,0.0008493675463412323,4.222381663490789e-06,1
0.20067738534919297,0.7199709756011482,0.003365436312769858,2.5073722558058187e-07,0.07470581996483948,0.0012546351295309192,2.549690529301931e-05,1
0.02876679178095878,0.9535582112295764,0.00014544325862519847,1.3084080515535286e-07,0.017319739359189772,0.00020581277280559213,3.870758038925759e-06,1
0.026219605971440334,0.9615078826682616,0.00010631346178101489,1.3189919898226413e-07,0.012034610748974864,0.00012755318107517623,3.902069267934185e-06,1
0.02550121220634593,0.961997344556007,0.00011618023447089635,1.4759851967995766e-07,0.012211619749070047,0.00016912914197535797,4.366513610997635e-06,1
0.00025592840149960976,0.3478797120787576,0.5714500019930346,0.0003677998600341207,0.00012805257683578563,0.07991577464869287,2.7304411453498752e-06,1
0.0005705288592158033,0.060409747174698776,0.5782891827554398,0.0022255076562893604,8.911487721771058e-05,0.3584054739779388,1.0444699199685943e-05,5
0.0005317282633998575,0.08780130765109687,0.525758272994356,0.0002679182707149422,8.203219691470134e-05,0.38554949258918025,9.248034337480122e-06,5
0.0006001770350183771,0.001803310639167729,0.7185086646426467,0.0002919751039268207,8.278835019045772e-05,0.27869422503103414,1.8859198015895012e-05,2
0.0006957987992660353,0.0021844495773239965,0.8023857359698352,0.0002129897353421579,8.490288334632551e-05,0.19441681337589561,1.9309658990509592e-05,2
0.0004210023805369955,0.02995783985606572,0.8928171540693012,5.563180316015954e-05,2.8105055658418456e-05,0.07671230031635329,7.966518924383245e-06,2
0.0003475941289135434,0.03764565197922307,0.8975898231455035,0.00026885874947271264,3.0200748704784763e-05,0.06410718742074016,1.0683827442183238e-05,2
0.00030192617103452877,0.025345976562759193,0.6053436694253611,0.0001638961683550277,3.66465747610884e-05,0.3687962339362958,1.1651161433068216e-05,2
0.0003425605759724271,0.0499916894510808,0.5609708303266417,9.024829073149565e-05,8.17666478027323e-05,0.38852040396120435,2.500746566491918e-06,2
0.0004099727149622275,0.04229557017073862,0.5675291148980575,0.00015182637623827538,5.535359777581343e-05,0.38953657374902384,2.1588493203825373e-05,2
0.0004363546541326172,0.04315862044939498,0.5833521341318358,0.0002602010646666318,5.815498527877026e-05,0.37271185365049825,2.268106419286577e-05,2
0.00013616830799077786,0.009485452622963306,0.9259254756219124,0.0010710826344986302,3.937187786700865e-05,0.06334083354331232,1.6153914555604826e-06,2
0.0005136074277812269,0.0029963405447337313,0.955271012014826,2.949424230215355e-42,0.000151833223141004,0.04106487132010984,2.3354694084091875e-06,3
0.00019477016662789167,0.0018764526886282879,0.9253245454894063,0.00039530956010297224,1.2968071227613841e-05,0.07218901540897518,6.938615031579123e-06,2
0.00017810544070671178,0.001884225597601876,0.9618058761838164,0.0002911456700004738,1.3934168608310523e-05,0.035820224558672516,6.4883805935882184e-06,2
0.0005051540930404228,0.03177963692673575,0.5857267167035191,0.0008003435487076924,6.74076056303477e-05,0.3811069955081179,1.374561424894166e-05,2
0.0001167370160306487,0.0015168585521864951,0.9859360594478094,1.5818825825331018e-05,2.6941558600382972e-05,0.012384710231758099,2.8743677895290986e-06,2
0.00022517527972903996,0.014658898308276996,0.8238548184864284,0.00012522298549266144,2.3273632107802487e-05,0.16110322808122912,9.383226735938675e-06,2
0.0004271089660489715,0.005595851105750681,0.843918503923815,0.0002737270183206537,5.477718525794205e-05,0.1497056506142544,2.438118655240444e-05,2
0.0004097982364834342,0.004050379958775572,0.9557016285200168,0.000625910478752446,5.877349461719206e-05,0.03915065094122368,2.8583701307505117e-06,2
0.0007126499277396772,0.009313811855428783,0.8621527379826397,0.00048081042411471207,0.0001458241002816626,0.12718883785880625,5.327850989227546e-06,2
0.000327414005109783,0.003906290174660943,0.8073454747724892,9.614909567389454e-05,4.5464155957461345e-05,0.18827455536522156,4.65243088708715e-06,2
0.00044292894780363726,0.004948429965847711,0.608847147092862,4.558593129192607e-07,6.942578710407839e-05,0.3856861006041562,5.5117429134732596e-06,2
0.0005414471365973854,0.005869050212438881,0.790580163849694,5.996231333283137e-05,0.00010718155264072709,0.2028330579553871,9.136979909153798e-06,2
0.0005913008475783839,0.0020502616227866997,0.7806287325313249,0.0017447691513277368,0.00011281847119478633,0.21485525235293484,1.686502285263312e-05,2
0.0008345713319255273,0.002402362532871243,0.5471400150346757,0.0034390979542494606,8.848037220526804e-05,0.4460611243841564,3.434838991635008e-05,2
0.00019813257808672064,0.0012751503218435991,0.9915048699190302,0.00018850604536662415,7.235046776532275e-06,0.006817273676566764,8.832412329455457e-06,2
0.00018787308727588123,0.0012805343729809268,0.9921642425339551,0.00018024793893773794,7.0311080606825e-06,0.0061744739748833795,5.596983906307383e-06,2
0.00010176759451963741,0.0008072336421400138,0.9924124759500376,0.00011024329490093987,5.41820995557975e-06,0.006559333036344375,3.5282721018804248e-06,2
7.882456981851892e-05,0.0006509559022583179,0.9951025599961497,9.124328824682972e-05,3.98247119729496e-06,0.004069513584315403,2.9201880141046e-06,2
8.814290299120778e-05,0.0008606331699497522,0.9922732994772029,0.00011975973891832668,2.3114055722740972e-06,0.006646681030055136,9.172275310226845e-06,2
5.005225522545483e-05,0.00185054428977031,0.9939842131727753,8.695358886738113e-05,1.4330040943772023e-06,0.004022521870138167,4.2818191292502445e-06,2
6.945812271610809e-05,0.004097620558498018,0.9871616510654683,8.771791621746073e-05,6.872428043397793e-06,0.008574028099806143,2.6518092505571173e-06,2
0.00020046927795887615,0.011113458166230102,0.9505571578260215,0.00025478079395373785,3.904630481736137e-05,0.03783255373560581,2.533895412643748e-06,2
0.00020784416425616937,0.013286497925548648,0.9467880362973707,0.0003215284323297838,3.8583170020437073e-05,0.03935590122773086,1.6087827436137467e-06,2
0.00021785177679037548,0.015801571966352648,0.8429187149366251,0.0002880340685556758,3.777561577432508e-05,0.14073360254278902,2.4490931131038753e-06,2
0.0005005488519483513,0.048087676563627946,0.64636192023961,0.00032539807872886465,0.0001142838200085405,0.30460322723220207,6.9452138741222685e-06,5
0.00045564784085794224,0.026465922612164898,0.6822349196987627,0.0003028423346683233,5.269874570610727e-05,0.29045923057126166,2.8738196578303536e-05,5
0.00035146624066079694,0.020955793708847,0.46268596695502223,0.00020492021791906534,4.860384560500161e-05,0.5157424353179497,1.0813713996152147e-05,5
0.00023057368884692043,0.002714671640590738,0.9712750460046472,0.0005677601793105968,5.275942998955611e-05,0.025151613130316542,7.575926298373217e-06,2
0.00023347257963931038,0.0025702623659323008,0.8691603449163268,0.0005975083478349024,5.747552000586136e-05,0.1273729865526429,7.949717617746964e-06,2
0.0002606763969711285,0.002910410624334179,0.950449711759438,0.001120897728436517,4.7156509042722695e-05,0.045206191445324354,4.95553645282802e-06,2
0.00032255755468682567,0.0027478200921550854,0.9545747796086542,0.0017319753044760613,5.674235141055623e-05,0.040563804205098905,2.3208835185127694e-06,2
0.6509644862975487,0.04264249177746892,9.024257072800156e-06,1.0613989035340701e-07,6.6014549198692005e-06,3.6515493611307564e-06,0.306373638523738,0
0.9327538810762076,0.0428145798933593,1.0063014385577419e-05,1.1835736004565365e-07,6.999955367076805e-06,4.071869124989695e-06,0.02441028583419539,0
0.9680846620922574,0.004022068778698181,1.6947575043717134e-05,5.79864020299305e-07,1.2349714279582e-05,7.947041217198042e-06,0.02785544493448373,0
0.7149459520577259,0.15695605835398127,2.445281877146664e-05,2.424475136521453e-07,1.1036710155440002e-05,9.525494261190288e-06,0.12805273211759094,1
0.8455039180565148,0.11146892988291313,1.737967053016956e-05,2.152480301019246e-07,2.196567251500946e-06,9.012928014701339e-06,0.042998347646745455,0
0.9304592338338646,0.05505384752141034,1.9181075488066486e-05,2.0644873415105473e-07,1.2947193682296663e-05,1.0374799994911881e-05,0.014444209126825473,0
0.8921213977937841,0.09239099577836192,1.767831323578552e-05,2.1343335079039622e-07,1.0907695820798814e-05,1.0725802392539957e-05,0.015448081183053974,0
0.7796888716251479,0.2086212297205664,1.5251967527007129e-05,1.969063658272781e-07,8.252105784535006e-06,9.253687702566935e-06,0.01165694398690588,0
0.6923055559470715,0.2989212999713409,1.3081090421751391e-05,1.506740625239798e-07,1.3375702443087988e-05,6.380931620373428e-06,0.008740155683039746,0
0.6236963861081856,0.36522877398667947,1.774326617960936e-05,2.0204533274304853e-07,1.4352457411940472e-05,8.556465730415988e-06,0.011033985670480402,0
0.6042468262231586,0.3910013495313,1.69939925174664e-05,1.957446824808319e-07,1.579256725759061e-05,9.362911123378893e-06,0.004709479029960508,0
0.3081824436485416,0.6917413443255012,1.1654622593909979e-05,1.5306952721842736e-07,1.4822567511263723e-05,8.520072700488622e-06,4.1061693624389694e-05,0
0.3781843732068832,0.6217451823276581,1.2680433703700932e-05,1.6654232913250746e-07,5.375953433436697e-06,8.94002748665208e-06,4.328150850588861e-05,0
0.29043469459773275,0.7094974769839857,1.4778699168421055e-05,1.8726571126931276e-07,2.5064678641277298e-05,9.744312156405952e-06,1.8053462604310098e-05,1
0.07749847108319519,0.9122474437349484,5.7035900958065686e-05,3.602622056407227e-07,0.010121983662617427,7.001085714046316e-05,4.694498935163288e-06,1
0.0685161852097373,0.9287785080451445,6.103773229922769e-05,3.3763051738066715e-07,0.002529998067062012,8.88534246976907e-05,2.507989054191748e-05,1
0.05995618391130331,0.9343587619680872,5.5049152828525545e-05,3.12544247608548e-07,0.00552660832365478,7.986766914750204e-05,2.3216430731261784e-05,1
0.03632548077256803,0.9561977930281209,0.0021236283964415066,6.994977307203425e-08,0.002434291056836733,0.002903492332919147,1.5244463340379383e-05,1
0.060850607651982296,0.9297680178381182,0.000505045970872604,1.747307916806699e-07,0.006427711864593894,0.0024317608629954254,1.668108064593441e-05,1
0.08954024474403133,0.9038059438443025,0.0003062404489065881,1.3911928455676832e-07,0.0036478933177686848,0.0026896126228333865,9.925902872921908e-06,0
0.1559372393176799,0.8297257818397425,0.00024057537428524292,1.551849656325389e-07,0.01194356141429194,0.002149845970781719,2.840898253176649e-06,0
0.12657545271758697,0.8565554233309124,0.00024835451190510267,1.602029572194807e-07,0.014319389429266334,0.0022976823746382927,3.5374327336412512e-06,0
0.24944200102616618,0.7264903548552906,0.0005988848118308545,1.7428579485776964e-07,0.019800202904306057,0.0036643929443435776,3.9891722677203e-06,0
0.35705274555318217,0.6189838049332282,0.0007862734567767699,2.413032859250004e-07,0.018449377247526884,0.00472203439163991,5.523114359993299e-06,0
0.5929658964696009,0.3736520607915992,0.003303602111215595,3.0353378830401505e-07,0.010789078887202208,0.01928344352477228,5.614681821512895e-06,0
0.10800595798556602,0.8393838540552025,0.004578748532518108,2.2775440747692702e-07,0.04315638879288573,0.004870609943066313,4.2129363540554056e-06,1
0.1896253300055798,0.8016680728358662,0.0014318192385159416,2.876100981518092e-07,0.0034461342474261278,0.0038059345372199317,2.24215252939561e-05,1
0.18560350048590107,0.7375296750563398,0.00024761902124409863,2.48381785872845e-07,0.07288345405548917,0.0037015766718172163,3.3926327422749293e-05,1
0.22085654730292736,0.7605752706185959,0.00019364835292289017,1.9989006632724967e-07,0.017093728907965094,0.0012495192806713112,3.1085646851116525e-05,1
0.2719892426315981,0.5560787491498962,2.4809426564380354e-05,2.2041252092263668e-07,0.1718883640293186,1.3187921540943479e-05,5.426428560939926e-06,1
0.2718735349961016,0.7137768442330557,2.2255280054443404e-05,1.9772090934507507e-07,0.01430616646155481,1.586675395970049e-05,5.134554364409107e-06,1
0.1923228024292291,0.8073883134912009,1.4750840769648131e-05,1.5964998738130822e-07,0.00025478651283044473,1.4727484441759507e-05,4.459591540873271e-06,1
0.4731610984049439,0.526556258359374,3.9273180279125214e-05,2.841575434899036e-07,0.00021002541010917432,2.4294545549122944e-05,8.76594220109567e-06,1
0.43315954455480915,0.5664616532537576,3.595298290639658e-05,2.65146925763579e-07,0.00031171057937040683,2.2848622316591802e-05,8.024859913928848e-06,1
0.2885432182089267,0.7113957540964045,2.2238086430285488e-05,2.061015526218287e-07,1.730113837340582e-05,1.723403663582105e-05,4.048331676656951e-06,1
0.3260273551339718,0.6738892934392446,2.3962197768385407e-05,3.0967534540019e-07,2.147435831271358e-05,3.190235251671502e-05,5.702842840579669e-06,1
0.2777725759374203,0.7221505934331305,2.3650674280363693e-05,2.849332978718427e-07,1.7920387348802984e-05,2.6808110762046973e-05,8.166523759955148e-06,1
0.326769232329923,0.6731552181224498,2.3256320503580973e-05,2.8018229074135215e-07,1.762158096600665e-05,2.6361109564444747e-05,8.030354302385051e-06,1
0.34825796776510176,0.6516614777467192,2.4975145732875922e-05,3.9024478665444415e-07,2.0640567872795034e-05,2.599063122451229e-05,8.557898562223629e-06,1
0.3115380309866407,0.6883727280295073,2.5683130962430775e-05,3.4749645850683473e-07,3.08284064223229e-05,2.672740302198532e-05,5.654546986792418e-06,1
0.3565103589685847,0.6433625327547453,2.3692123865119743e-05,3.205578459136264e-07,6.376103824440476e-05,2.440359007633475e-05,1.4930966638345356e-05,1
0.1846997752505917,0.8152304279603216,2.4552404054883178e-05,2.1273796890970708e-07,1.6674902682990025e-05,2.119393405661191e-05,7.162810323277503e-06,1
0.29400863490087975,0.7028643182048643,1.7514732702237477e-05,1.7849925406108795e-07,0.003075742912997328,1.8467126613346107e-05,1.5143622689014155e-05,1
0.22072593299752968,0.7554126463125515,8.563764026021283e-05,2.0200570300466328e-07,0.023401044277441347,0.00036587291874719746,8.663847767014023e-06,1
0.3315502888743104,0.6676616030277644,1.780853200147224e-05,2.0570223869446896e-07,0.0007470531816068435,1.5104176010502015e-05,7.936506067663529e-06,1
0.24322523724575087,0.7558198609801262,2.0512216731331828e-05,1.6589623190189398e-50,0.0009082576922936108,1.778386891516305e-05,8.347996182978994e-06,1
0.2518911468079185,0.7471165735739532,1.9058671786427792e-05,2.3011196295520873e-07,0.0009467850640737871,2.147213398698534e-05,4.7336363180009424e-06,1
0.26251793774292265,0.7366261586850852,1.8069718247833428e-05,1.9271829431778884e-07,0.0008162195762847172,1.719950607237307e-05,4.222053093033851e-06,1
0.33279242861974784,0.6665259827250613,1.9670493138614125e-05,2.3177183935450525e-07,0.0006354506867221009,1.9022590815841595e-05,7.213112674898385e-06,1
0.16571031203575323,0.8342528150741948,1.5422720892696878e-05,1.2325373074789875e-07,6.247472747153285e-06,1.0045494638257656e-05,5.0339480432840975e-06,1
0.16170556968486885,0.8382577274456884,1.5378194506472897e-05,1.2263324369435282e-07,6.7391498416135935e-06,9.994923354681233e-06,4.467968496286563e-06,1
0.23254414346782015,0.7674058156859177,1.733608451724139e-05,1.5895773564419773e-07,1.4677565174077198e-05,1.4494967293734505e-05,3.373271541659632e-06,1
0.19061327109333087,0.8093467465655457,1.4534080895099562e-05,1.2355491381974554e-07,1.1950359373881045e-05,1.0934565604339024e-05,2.439780336168089e-06,1
0.16842602912708501,0.8315319803830858,1.505874303626348e-05,1.4676991751559655e-07,1.1077234247559007e-05,1.2528517700413081e-05,3.1792249273490236e-06,1
0.34524750118770764,0.6546456605803193,1.8047419249801344e-05,2.0563526318233036e-07,4.481119100021099e-05,1.8675648752880078e-05,2.5098337706969434e-05,1
0.13544364315367072,0.8630368526693027,1.4964960072665963e-05,1.6611794246833072e-50,0.0014830378297832926,1.387354957791324e-05,7.627837592758626e-06,1
0.08825722753748293,0.9108216303253137,1.3993160164628325e-05,1.4796143563088292e-07,0.0008902544463696571,1.1764045401508499e-05,4.982523831833744e-06,1
0.08508608640629059,0.9119539489467618,1.846020766737277e-05,1.6887532846860415e-07,0.0029210366678022715,1.2586433354275678e-05,7.712462795075396e-06,1
0.09346323474222248,0.9008338439858884,8.425061765855976e-05,1.6369169155518788e-07,0.005501071159730932,0.000106088509412204,1.1347293395854768e-05,1
0.09283220744586777,0.8793284275685604,0.0015734713345683128,1.6036201766921524e-07,0.025158061534756318,0.0011034395595581328,4.232194671306131e-06,1
0.017257344821308633,0.912490072581123,0.0013243231056954466,2.1871382813328502e-07,0.06686807161274544,0.0020453806841902408,1.4588481109064983e-05,1
0.012699768310459741,0.948763968668592,0.002131127850354096,1.9491979729143072e-07,0.03126080942745839,0.005131129433326426,1.3001390011956273e-05,1
0.14604826834519782,0.7736216199196647,0.0076175857112872275,3.3239234561199344e-07,0.04809016534228551,0.024616669486982882,5.3588022361359135e-06,1
0.3274921939392294,0.5858270399265202,0.003834225951393001,3.1872933169044774e-07,0.046541235087302624,0.036299847837980945,5.138528242099351e-06,1
0.21910002531599806,0.7697993917018268,0.0007922888840473294,2.1695495391248685e-07,0.0025351909854363208,0.0077521740494255345,2.0712108312100917e-05,0
0.40916153878658973,0.5804606622107988,0.00013151706522732018,2.122953106923277e-07,0.00629319051483174,0.003942764015831952,1.0115111409700466e-05,0
0.2355601258098694,0.5916926731781782,0.0001850551123455931,2.3785204624914597e-07,0.05642500205938261,0.11613201029762754,4.895690550417382e-06,0
0.28065037140944304,0.6827947221545854,0.00022420641029061413,2.9773325748885656e-07,0.033995801042932906,0.0023287684398562987,5.832809634298356e-06,0
0.0006485293891222215,0.4815422466575711,0.4491327764665666,0.0035620659075412783,0.00015162159247916065,0.06495763068649316,5.129300226370568e-06,1
0.0005326727229952599,0.5186725932495481,0.45402797708015846,0.0003116849069865635,0.00014009551592543632,0.026291403504395114,2.3573019990925662e-05,1
0.0006810507170245605,0.1735225670452112,0.4114458717948924,0.00016206909481647665,9.872884266407488e-05,0.41405937942644505,3.0333078946101937e-05,1
0.0006201371350580961,0.007687597171372541,0.9587636434901032,0.00023719374071017477,5.264367407151508e-05,0.03261726470624123,2.1520082443450928e-05,2
0.001078804654743605,0.020328472606668306,0.7802424607982169,4.0374027325549304e-05,0.00010390996924219361,0.19814719160756886,5.878633623483919e-05,2
0.0005780608049342093,0.0019199870747653878,0.7672968971332331,0.00028358938998157855,6.935256247601311e-05,0.22983497105019907,1.7141984410583235e-05,2
0.00036828157878948415,0.03155727130288201,0.9092180843785443,0.00016024807028649124,5.240082825676283e-05,0.05863545032196906,8.263519271673444e-06,2
0.00030249263756543465,0.032461374667307114,0.8120956266499135,0.0005713845065237894,1.985294800095594e-05,0.1545400560599651,9.212530723945906e-06,2
0.0004341290192506015,0.034549453969850014,0.47398498722902926,0.00018790249154692777,6.0246039834843254e-05,0.4907671346701174,1.6146580371033927e-05,2
0.0003016621986698701,0.03718802459854025,0.5988514932007628,0.00011497854471029932,8.619889890802423e-05,0.36345382960278205,3.812955626719094e-06,2
0.00022029123944451186,0.03234301396252267,0.8644154507531202,0.00015072247393226778,5.2319564053002925e-05,0.1028165500582816,1.6519486458494404e-06,2
0.0002247865455508334,0.013269054679792022,0.8179021727900894,0.00017335960863258153,4.553920343735405e-05,0.16838141569059922,3.6714818987606204e-06,2
0.0003665366473635722,0.034932633085753104,0.5200787332545005,0.0006622715099249398,5.326544575663495e-05,0.44388353494272986,2.3025113971386474e-05,2
0.00036991308483440825,0.03321277068912641,0.5890532893429603,0.0007000938221040607,5.49058084694043e-05,0.37659896707658636,1.006017591910868e-05,2
0.00028310213465711724,0.0009828993469170463,0.8662672291714357,4.368959542281243e-05,6.833511046355476e-05,0.1323442991739541,1.0445467149562852e-05,2
0.00022523702059483545,0.007263246822267907,0.9033292449028536,0.024346127673858138,5.4120122022508515e-05,0.064778589130948,3.434327454907827e-06,2
0.00021322768577914354,0.010339891525342253,0.5984189821453701,0.00027117309868655956,4.1587887327242485e-05,0.3907109180094134,4.219648081182245e-06,2
0.0002265241966033473,0.016383933073676422,0.3210210501924546,0.00013637116155900807,2.6767106776818317e-05,0.6621932465614633,1.210770746652748e-05,2
0.0004566792305852899,0.032216603849684965,0.6129439618326047,0.0006807864776877597,4.5768969886247026e-05,0.35364377306194694,1.2426577603967977e-05,2
0.00047950933913403306,0.029712531434533413,0.7361418504904351,0.0005273461668781747,4.518720229820272e-05,0.23308040712961253,1.3168237108470016e-05,2
0.00020877678249551474,0.00996120468667079,0.8398924331114128,0.00027391361974327637,2.5393043343568866e-05,0.14963274298169915,5.535774634842205e-06,2
0.00012912743480643878,0.00908788600406151,0.9835378313154237,0.001201940014645537,2.8510881277997087e-05,0.0060091172328015354,5.587116983248267e-06,2
9.018276692234258e-05,0.001226186289014446,0.9929934638105626,1.6594850523918391e-26,2.6676872071576644e-05,0.005660774478336486,2.7157830924606817e-06,2
0.0002940586990013358,0.01574873935929071,0.7894835087001478,8.391716699175639e-05,2.7257805691245183e-05,0.19434573215440132,1.6786114475730468e-05,2
0.00034716665735336216,0.019178869467017863,0.8352266135887778,0.00014035897632280118,3.716861450593325e-05,0.14505541292860932,1.4409767413036735e-05,2
0.000557550613093776,0.006998836253335065,0.6632650822154859,9.577627857055215e-05,4.1525762929930494e-05,0.32901156067189025,2.966820469462288e-05,2
0.0002587285883242429,0.0025157833556721334,0.9450647910552105,0.0003991234677359364,2.4369166931650476e-05,0.05172985178751979,7.352578605681618e-06,2
0.00033560678046868324,0.004512182953551696,0.92159291402537,0.00026552914950877225,6.72549083620865e-05,0.07322391447498512,2.597707753739628e-06,2
0.0003047482587694893,0.0012232420565133648,0.9050249892734601,0.0008180974424315853,8.540349990240256e-05,0.09253330011957957,1.0219349343760783e-05,2
0.0006116137239900731,0.0017708515662922285,0.6174443949587697,0.002023978717639863,8.20757558029616e-05,0.3780525186232781,1.4566654227057502e-05,2
0.0005870182551955935,0.001583703509699261,0.6033771268113695,0.000903227083524017,9.170215572323732e-05,0.39344324131451613,1.3980869972341533e-05,2
0.00025359164276241806,0.003497506255190802,0.9820672256740185,0.0006329018529591875,1.639018440973025e-05,0.013524143486210467,8.240904448829496e-06,2
5.9942338107969854e-05,0.003511594946478493,0.9866483068184373,7.050578502520331e-05,5.930903244877199e-06,0.009701717841488815,2.0013672173199608e-06,2
0.0001906405995564214,0.014817645762217271,0.8615366614791111,0.0004249955572726936,3.538958474878191e-05,0.12299319139564482,1.4756214488684906e-06,2
0.0006101018827698187,0.03381642203817472,0.6471574600317069,0.0002445766938819057,4.881812926814879e-05,0.31809012374824586,3.249747595267816e-05,5
0.000188648891592613,0.009320705440510071,0.24249545695594504,0.00017570418651676297,3.2554370428849135e-05,0.7477763160490906,1.0614105916108516e-05,5
0.00018250264524877048,0.008466530184319343,0.25806585483028577,0.0001267020678452207,3.102378808715275e-05,0.7331171181895512,1.0268294662571324e-05,5
0.0002881356738759746,0.0035222652834142497,0.9797507991419019,0.0007504206210680212,6.597555556914493e-05,0.01561132765940378,1.107606476694053e-05,2
0.00034234568793405215,0.004314390795328844,0.9102717580145484,0.0008721912985156246,7.715054081673178e-05,0.08410900374079161,1.3159922064605359e-05,2
0.00014544933450468979,0.0015784460360961307,0.9595438845956046,0.0010796317551156347,3.65218587359869e-05,0.03761101490472778,5.051515215464454e-06,2
0.00020088811877866575,0.0017761722660304033,0.9693493223988622,0.0013796147553362763,4.07462717293012e-05,0.02725076024181222,2.495947451099567e-06,2
0.00035492280619377816,0.003051443095482131,0.9455289687877981,0.003310142694386516,6.843419816761574e-05,0.047681752721569326,4.3356964026092404e-06,2
0.5352880769423946,0.05336774387615588,6.9814177848913335e-06,1.0345451534300989e-07,6.73646033580806e-06,3.559163931195203e-06,0.41132679868488237,6
0.5811681334289744,0.04450335369935414,8.091359173663357e-06,9.475958098711083e-08,5.893647525254175e-06,3.2600305715634812e-06,0.37431117307481987,0
0.9366413921176758,0.05301455979925648,9.776208966728442e-06,1.1498406344474603e-07,6.8004500246362746e-06,3.955817007289788e-06,0.01032340062300554,0
0.9491045546278691,0.026631239143302753,2.060694780987022e-05,1.5681343088475878e-07,2.311106993724776e-05,5.842737680696483e-06,0.024214488659969134,0
0.9626083322750023,0.015575874173039541,1.7875343438169512e-05,1.3602664298689143e-07,1.8429818420682132e-05,5.068239296047471e-06,0.0217742841241604,0
0.5624560708008178,0.14197601732601767,1.150316189410407e-05,1.826034391328275e-07,1.1149827750118705e-05,8.09329623021624e-06,0.295536982983851,1
0.6115795640024642,0.15982772143293222,1.2507819012122035e-05,2.135744743696958e-07,1.0588717926424302e-05,8.391104529387563e-06,0.22856101334866127,1
0.7533022363982518,0.13719068477621235,1.908418295561689e-05,2.3943352010883985e-07,1.0236936076205423e-05,9.407077793363719e-06,0.10946811119519052,1
0.8789471719579155,0.1103951279048215,2.195900037216851e-05,2.2053710813614896e-07,1.2237987278841404e-06,1.0219135462908922e-05,0.01062407766559185,0
0.9167012702227973,0.07532952997538322,1.924926939737627e-05,1.9332292612060326e-07,2.0114503189122677e-06,9.019137209793587e-06,0.007938726621967348,0
0.9357790355750414,0.055994440630500235,1.998814189961927e-05,2.007435191423384e-07,1.4300694007514477e-05,9.36533177649135e-06,0.00818266888325573,0
0.9721134143775687,0.016250814917034246,1.5657336327576902e-05,1.0816535445804564e-07,1.2036276183524145e-05,8.468854259644701e-06,0.011599500073271828,0
0.918400028298066,0.07004512541299215,1.7961720292143387e-05,2.2053390528027863e-07,9.183481307746588e-06,1.036407268356818e-05,0.011517116480753336,0
0.623615231078942,0.3651812506203531,1.7538714496813437e-05,2.0201904271595764e-07,1.4350590807022838e-05,8.55535236782156e-06,0.01116287162399047,0
0.6044338056809426,0.39363881768176423,1.6442972165855368e-05,2.124501781198435e-07,1.571454503890996e-05,1.1286332511697787e-05,0.0018837203373984692,0
0.21540930495400895,0.7845328215473931,1.2530472198714393e-05,1.5877769498459191e-07,2.1615243079738733e-05,8.261947224174037e-06,1.530705840045911e-05,1
0.23182922268173603,0.768100895147909,1.4612027799745236e-05,1.8515376406424346e-07,2.9840364420006126e-05,9.634417650441385e-06,1.5610206720612075e-05,1
0.019655214260034436,0.2749325166096113,2.0417251675448546e-05,9.879543079077801e-08,0.7053660159134614,2.4080913872350834e-05,1.6562559141465423e-06,1
0.05466868799449682,0.9363119660965818,0.0015465760364447012,1.480112870839123e-07,0.003024041264815853,0.0044344503552603415,1.4130241113240664e-05,1
0.10406542561461693,0.8831480212056315,0.000664072029496138,1.7790145956211806e-07,0.01135636594132303,0.0007590486196736734,6.888687798886337e-06,1
0.1312012797086473,0.865636351626042,0.0005201901402725566,1.9730418972111518e-07,0.0018784841514111745,0.0007487978677055735,1.4699201731444127e-05,1
0.20922251402088315,0.748609162128873,0.000479701458802362,1.5031628836266747e-07,0.038624580693006824,0.003061074107140724,2.817275005632389e-06,1
0.1788361719984985,0.7862056779197863,0.0005407111921055214,1.6283915836435788e-07,0.030765931325417085,0.0036476175511977633,3.7271738363767844e-06,1
0.24284940221807996,0.733032578381905,0.0005876746855314295,1.9021721607040297e-07,0.01955311968843982,0.00397268098731378,4.353821513739873e-06,0
0.3451989546843927,0.6282257341420204,0.0009289965976709957,2.608317878747108e-07,0.020091510030931698,0.005549655122048576,4.88859114775971e-06,0
0.6207542242333804,0.35981808859145126,0.0016167943954049089,2.3751498350801781e-07,0.013169788649314444,0.004637056531444848,3.8100840205496653e-06,0
0.06672840062598687,0.9067704068038385,0.0014461491134185203,3.3874695838253614e-07,0.003585847550794762,0.021442449103290115,2.6408055713035993e-05,1
0.07215057046755459,0.9044692970029745,0.0022982814393580505,3.4621636762822416e-07,0.00403370207873655,0.01702081243864141,2.6990356367322148e-05,1
0.10667655275059251,0.8541499040915163,0.0021740365147212767,3.318558580309356e-07,0.004376459347054752,0.032596844601359094,2.587083889822497e-05,1
0.08625007823084832,0.8886804601682176,0.001800269006587244,3.3996988243734703e-07,0.004483465738824879,0.01875888349313945,2.650339249990033e-05,1
0.2882699957509351,0.7034146645425288,0.0010059071187086335,2.650193865836437e-07,0.004722900591427528,0.002565606579767862,2.0660397245640027e-05,1
0.18557453539835866,0.8028079281246787,0.000247580378079456,2.4834302367195475e-07,0.009027909322847732,0.002307877400096141,3.3921032915688685e-05,1
0.1062969138901846,0.4790226342659282,0.00043564092149266624,8.614006396041987e-08,0.4140890333448067,0.00015320388016235733,2.487557361465239e-06,1
0.16839654755961986,0.4508685140550066,8.325827977154165e-05,1.3646388071515782e-07,0.3805832699997257,6.379828942480151e-05,4.475352570737301e-06,1
0.24597944306034467,0.6585906159473407,2.243694960104955e-05,1.9933490242300552e-07,0.09538743759997577,1.2971616539499882e-05,6.895491295772751e-06,1
0.2685129483264677,0.7236099750743995,1.872900083706646e-05,1.6631882519629827e-07,0.007836099267191251,1.5227058569881385e-05,6.854953709286685e-06,1
0.15494809939790147,0.8449772407836218,2.237826789186864e-05,1.6210535625189548e-07,3.263727777851092e-05,1.4953988730507033e-05,4.528178719767571e-06,1
0.4715920917010189,0.5283086945089196,3.0109243139716828e-05,2.714434960532096e-07,4.0969863867398094e-05,2.1588501450725118e-05,6.274738107627723e-06,1
0.37332089794973355,0.6265605827345713,3.098627291332619e-05,2.2851831307654775e-07,6.232171074484681e-05,1.916823168737599e-05,5.814582036631824e-06,1
0.19195661502784833,0.807984705165194,2.3468847322083675e-05,1.997018945404365e-07,1.3072080091595587e-05,1.67599115214903e-05,5.179266127866434e-06,1
0.1868202888297361,0.8131170515773062,2.4779238602730487e-05,2.1085231951628072e-07,1.3801964245549116e-05,1.8399085530145454e-05,5.468452259633514e-06,1
0.33177804334519967,0.6681601335208817,2.2803481081549487e-05,2.1134160400101973e-07,1.8158160896152336e-05,1.649889141049858e-05,4.15125892643179e-06,1
0.31781534158109037,0.6820966923401005,2.7593889469809396e-05,3.0547943122805823e-07,2.4629287827190366e-05,2.9437069137269453e-05,6.000352943856072e-06,1
0.3550679209568934,0.6448445702289196,2.4713885455080658e-05,3.343824272884248e-07,2.827342215632898e-05,2.571874814497326e-05,8.468376003291485e-06,1
0.3800498588542111,0.6198259381914678,2.412713765240401e-05,3.2058911036907405e-07,4.3294660460412566e-05,2.3966783899693313e-05,3.249378319806099e-05,1
0.25287879758982856,0.7465502640726267,3.0057147335179142e-05,2.8189055214144345e-50,0.0005102440626250198,2.1952474710538734e-05,8.68465287381698e-06,1
0.18684473028078066,0.8130848781604424,2.5674809602230788e-05,2.2633761988613865e-07,1.5577959470477214e-05,2.401595010409816e-05,4.8965019802057126e-06,1
0.25556643141329033,0.7443629659541307,2.6955520608154468e-05,2.335601309046565e-07,1.3578493501177687e-05,2.4782307302403428e-05,5.052751036469629e-06,1
0.2847709687952436,0.7151756097481069,2.263205151160317e-05,1.9955508029226254e-07,1.1493349257739752e-05,1.5009710823592454e-05,4.086789976538029e-06,1
0.29877402923981716,0.7011663350096442,2.32316205930112e-05,1.8905427338147829e-07,1.417320220941691e-05,1.724300762433641e-05,4.798865838537047e-06,1
0.34239355401877136,0.6553625468230528,1.9445134519713942e-05,1.9151253686137977e-07,0.0021951672941828834,1.9813451237459238e-05,9.281765698859022e-06,1
0.2840147775834761,0.7093404196508959,0.00023927852462490734,2.306124651555625e-07,0.004582610223305565,0.0018175525854830167,5.13081974950681e-06,1
0.2961071473262077,0.7034968441618922,1.9721477240450863e-05,2.017853456536585e-07,0.00034015541139756686,1.4407952353151438e-05,2.1521885563393767e-05,1
0.2882556002847251,0.7110478163620805,2.1132906849880203e-05,1.7091617456311942e-50,0.0006478787548770635,1.9694255274800025e-05,7.877436192525524e-06,1
0.2951889784855401,0.7041358842353383,2.465983942460741e-05,1.6925473777819705e-50,0.0006231737662948584,1.9502811953248733e-05,7.800861448826779e-06,1
0.34168917729733606,0.6582295430678046,2.6601920341563236e-05,2.923865560151865e-07,2.069009121241328e-05,2.3290152857697754e-05,1.0405083891837673e-05,1
0.19176072905138183,0.8081944428492686,1.823770181196862e-05,1.6817658408126393e-07,8.409524073904616e-06,1.2742678983309846e-05,5.270017896266621e-06,1
0.15229311804339202,0.8476683853255065,1.5538288723935574e-05,1.3320562551767485e-07,7.478549353164691e-06,1.0856599543104479e-05,4.489987855748324e-06,1
0.36766445266590875,0.6315016589013797,2.131344635706854e-05,2.428489132043914e-07,0.0007728025596790794,2.028220691898677e-05,1.9247370843292066e-05,1
0.15313148860283243,0.8457959048108274,1.3175827917476077e-05,1.4924527375876e-07,0.0010422399205367765,1.216389087539531e-05,4.877701736835325e-06,1
0.10463930922371713,0.8946644409943248,1.3062855587685886e-05,1.0896996098463703e-07,0.000665344394777163,1.2532811778730489e-05,5.200749853631361e-06,1
0.11409038849413328,0.8851689835271364,1.3899761270747963e-05,1.565881077146524e-07,0.00070636687721237,1.3335758832072674e-05,6.868993307431392e-06,1
0.1187704389634517,0.8804048777590553,1.4238155313106524e-05,1.6040029424956456e-07,0.0007896191493607467,1.3629351423544134e-05,7.036221101273246e-06,1
0.10068422808808858,0.8958254084404836,1.7973478682865754e-05,1.6442269615726291e-07,0.003454419962350987,1.2129395851057949e-05,5.676211846921304e-06,1
0.09366253212670057,0.8993273079385727,1.6429214111076757e-05,1.6341793692705045e-07,0.00697018371109491,1.205527516867603e-05,1.1328316415078067e-05,1
0.020089120475847756,0.9080253162931975,0.0012348832699105908,2.1471965969595127e-07,0.06845059342613356,0.0021855497500851383,1.4322065165949772e-05,1
0.01719564082736474,0.9092274454217651,0.0012533568159682823,2.1793181230951137e-07,0.07019078671665567,0.0021180159667413515,1.4536319692617371e-05,1
0.012061123051058928,0.8897481547181242,0.0015058691693446162,2.132628407040853e-07,0.09277992734165451,0.003890487563428195,1.422489354893975e-05,1
0.012698635426626604,0.9486793341039849,0.0025126877817491767,1.9490240945554968e-07,0.03125802080448942,0.004838126750518376,1.300023022193548e-05,1
0.036037248156774226,0.9288393646914023,0.00119292013471328,2.114451922378995e-07,0.022798925271763318,0.011123660898295699,7.669401858671235e-06,1
0.36930177494538735,0.23259878997328257,0.0016591727169834199,2.096606661962561e-07,0.021518162971488265,0.37491818699130464,3.702740887559726e-06,5
0.19706417205051185,0.7936475832604454,0.0006065084505380376,1.996795670992711e-07,0.0019269153838847542,0.006739745007230066,1.4876167822834158e-05,0
0.2847839794884754,0.7025099816134572,0.0004002105158022464,1.8672729030862365e-07,0.0020356762954748774,0.010256054138897451,1.3911220602522528e-05,0
0.253915619287175,0.7395148381956573,0.0001262253945416735,1.936188451097752e-07,0.004336547947781995,0.0020861621449211176,2.0413411077678332e-05,0
0.3389807241339048,0.6386901936872319,0.00016706142735627857,2.7928655811242686e-07,0.019828101089419282,0.002327891841577735,5.74853395197357e-06,0
0.2680907478502629,0.6935131611611299,0.0002021897609166929,2.769121298858455e-07,0.0371731697088366,0.0010137747500573524,6.679856666518182e-06,0
0.15271204024390023,0.8303258066379796,0.00011662792536748283,1.688201780470659e-07,0.01646994405106455,0.00037079172672174857,4.620594788160091e-06,0
0.1416569394428477,0.8425704520359103,0.00011518403051539388,1.5838382184106122e-07,0.015451782568247276,0.00020079795566307342,4.685582994534115e-06,0
0.0957563964493164,0.8928007470056839,0.00017631483541189703,1.8932879453244635e-07,0.011013111764607942,0.00024763956571357957,5.601050471727461e-06,1
0.046467340662336334,0.9389213573402638,2.1760507018284604e-05,1.9122813151413092e-07,0.014564123114957497,1.9569907363259034e-05,5.657239929456304e-06,1
0.02874799320989204,0.956657595024899,2.4649894384738258e-05,2.2213725599023707e-07,0.014331725059931282,0.0002319176000814987,5.897073555411138e-06,1
0.000719340245179801,0.40552995215653503,0.5433843514484349,0.003908360983675423,0.0001220492743210701,0.04633164028457869,4.305607275146174e-06,1
0.0005773326355145891,0.15379523835717027,0.3843390237721722,0.00014311832346509875,9.741306220111149e-05,0.46104107246760323,6.801381873391169e-06,1
0.0005792801212107375,0.41485565009291625,0.49165950010367904,0.0004510439276668877,0.0001937634197442686,0.09225444825564223,6.314079140554448e-06,1
0.0004398306103720349,0.15103033949356556,0.7944357891867099,0.00039922046495208735,0.0001535817735264413,0.05353660864619269,4.629824681249735e-06,1
0.0001443870048033554,0.001107133983290866,0.2286140563913157,0.7416146698489413,2.6803958193484688e-05,0.028491646939934823,1.3018735204591053e-06,3
0.0006698685818078501,0.012126497430104674,0.9714829827150474,0.00026129962600991946,4.779022314110837e-05,0.015375443246316983,3.611817757199228e-05,2
0.0005876508373642085,0.0054643680560909754,0.3395264041755482,0.0001916992358650498,9.405530374647774e-05,0.6541081814499273,2.7640941457701884e-05,2
0.00047669875961809294,0.04546705344357011,0.7858501612766973,0.0007114096497978374,3.6961584688786266e-05,0.1674441693469198,1.3545938708323873e-05,2
0.0003160990035542082,0.034272614013035656,0.39207955681083645,8.718672242533047e-05,8.174067700037838e-05,0.5731602356025303,2.5671706177658395e-06,2
0.00040080194410602074,0.050555541432750706,0.5367120861214858,0.00010472923644155914,0.000103120246446381,0.4121207249823903,2.9960363793580147e-06,2
0.0002918265771513204,0.04522049706031741,0.8287015815717356,0.0003941441780411976,8.478616148872654e-05,0.12530491783506725,2.2466161984403656e-06,2
0.00029059704074255145,0.043862860348224564,0.859882457959978,0.0001823572688147571,8.216211135200675e-05,0.0956973861039403,2.1791669480502902e-06,2
0.0006509537373753083,0.05532471049193771,0.7826026024283532,0.00043895182248846496,9.916130940391702e-05,0.1608745086073987,9.111603042744577e-06,2
0.0005809948788068008,0.04937889072868536,0.7939342548305921,0.008587274089950137,8.850431241358093e-05,0.14742194879253176,8.132367020273998e-06,2
0.00046427853884765003,0.031890633615549974,0.8058076413753907,0.009747417464167676,7.132699844358671e-05,0.1520032785434764,1.542346412390995e-05,2
0.0002973637265344062,0.017986846921870133,0.8978115250752774,0.008988057447434649,0.0001013675852722426,0.07481166769946333,3.171544147934015e-06,2
0.00010207571406957417,0.005202651908634627,0.9688802166407952,0.011773808913238653,3.184032619443752e-05,0.01400847821744741,9.282796202006353e-07,2
0.0004594061766513137,0.0035258683165762354,0.7505888534717442,0.0011367434881147484,5.4952748734745385e-05,0.24422020559642746,1.3970201751506508e-05,2
0.00031738425786046636,0.0012730823785996423,0.8393091505546937,0.0013008275584151152,5.540310901494754e-05,0.15773254888703525,1.1603254380984044e-05,2
0.00030334499991123095,0.0012302850212723491,0.8864196193086185,0.00045914495255170416,2.4651293104909492e-05,0.11155214787129664,1.0806553244674515e-05,2
0.0003597806507758917,0.003806216750167198,0.9107940660360414,0.0005645437062601581,3.0170137193888043e-05,0.0844302354309479,1.4987288613719392e-05,2
0.00012559505472281213,0.0048101356406989515,0.3517012450966912,0.581158743161413,3.627151792833262e-05,0.06216578566875547,2.2238597901089416e-06,2
0.00021413833278052062,0.010996278330106714,0.607370294649344,0.0002040058741274895,4.576294714938818e-05,0.38116606948983767,3.450376654282682e-06,2
0.00022467058537919559,0.01371945696948197,0.35736916085528003,0.00011775541180755813,3.5177603271128845e-05,0.6285223091836637,1.1469391116337637e-05,2
0.0002506203463927321,0.01564805110710336,0.3544669014393121,8.569438390391943e-05,2.271195665507078e-05,0.6295101954343887,1.5825332244064504e-05,2
0.000629337914293091,0.040956544914169536,0.5507333258671367,0.0018181931870863218,0.00010977193242856973,0.4057362568126347,1.656937225110024e-05,2
0.00020277413565909975,0.010636915897473327,0.824474403189913,0.00027866610125868796,2.1077390937123075e-05,0.16438040082618657,5.7624585720857515e-06,2
0.00021713929904389691,0.009616360469287056,0.8252598026858341,0.00041263080860180453,3.879214069958952e-05,0.1644493211435119,5.953453021959557e-06,2
0.0002421909082638794,0.02568645623801551,0.9396697766779132,0.00010261220886446587,6.041341430200882e-05,0.03423001146313634,8.539089504695272e-06,2
0.0002798602463304446,0.023400148280429384,0.8479638505054191,8.71637090860441e-05,2.3021762440105417e-05,0.1282299798895604,1.5975606734516722e-05,2
0.0002824914136958177,0.016327421723343255,0.7689739188635569,0.00015329258469560074,2.9902255033529674e-05,0.21422332079456047,9.652365114188464e-06,2
0.00035367963722528233,0.004449655676425028,0.9174395018886422,0.0002854794860401548,5.57564240462398e-05,0.07741337215769917,2.554729922019761e-06,2
0.0004794638914389529,0.006167758598336839,0.8762733959806173,0.00030903086991385884,9.810902641692291e-05,0.11666865710731344,3.584525962703883e-06,2
0.00029512603569252857,0.0035222922262265356,0.42311268485571035,9.16722975397311e-05,6.201522043963108e-05,0.5729127437288148,3.4656355763212845e-06,2
0.00028119286391220196,0.0033033903688377535,0.36167483687615853,8.493999003055565e-05,5.8465235019383346e-05,0.6345923400058225,4.834660219145795e-06,2
0.0002593843433436077,0.001208033580141579,0.9181301707291762,6.094284332196403e-05,6.219054540456134e-05,0.08027285035492455,6.427603687532498e-06,2
0.00046041991033627603,0.0013368938088193824,0.6853061777570681,0.003340600887814402,7.213066099639847e-05,0.30947277996639505,1.0997008570368353e-05,2
0.00036939123847899637,0.004353039804063012,0.9727125820169917,0.000749267677965124,3.629905426061024e-05,0.02176936783588981,1.0052372350660307e-05,2
6.828385961610063e-05,0.003984623530683752,0.9889443918152105,0.00012869352336253472,3.3236437638504324e-06,0.006864613249401788,6.07037796152366e-06,2
0.0001545484128038607,0.010507680179708268,0.8646204775888363,0.0002778811908679879,2.5561841659617396e-05,0.12441092109798482,2.9296881391179713e-06,2
0.0004004350147394474,0.029557235342802576,0.6619813321401973,0.0005071888903439784,6.917284841988149e-05,0.30746324375552636,2.139200797050221e-05,5
0.0004010557817583868,0.02389672292712602,0.5082335435630019,0.00027955995429993755,6.700519112712177e-05,0.4671017836366208,2.0328946065812292e-05,5
0.0005968972890989908,0.04297100482846806,0.5240506246518339,0.0011717931813041281,0.0001594590743701331,0.4310195974751462,3.062349977854014e-05,5
0.00019367967335161653,0.011958054419787648,0.21205055590765587,7.117943945234919e-05,2.4089457724389755e-05,0.775691543945149,1.0897156879091099e-05,5
0.00036596007627401876,0.020912728905377504,0.5599669274759886,0.0005629285663899119,5.387845651438771e-05,0.41811694402683736,2.0632492618128454e-05,5
0.00022944307036907848,0.013415675059382176,0.38959433604911087,0.0006767444240953743,3.8350074279540184e-05,0.59603254198081,1.2909341952952663e-05,2
0.0002201987703186917,0.009682136075616245,0.9282145140712006,0.021613874489759276,5.027626838290013e-05,0.040210559877347035,8.440447375474876e-06,2
0.6262491810195815,0.01912554509191144,1.1794460905740078e-05,1.7442686552292002e-07,2.0622840817290715e-05,6.000838207421552e-06,0.35458668132171123,6
0.5495603425732905,0.05744347096500448,6.81356496702291e-06,1.0096717932379664e-07,6.574496980417512e-06,3.4735916715891877e-06,0.39297922384090667,6
0.3448097496446702,0.04469861091299514,4.199526790429158e-06,6.223091385736298e-08,3.870501195015211e-06,2.1409411012373704e-06,0.6104813662423341,0
0.3444531241520547,0.045686648022823156,4.195183356660443e-06,6.216655045019956e-08,3.8664980617025255e-06,2.1387267955929496e-06,0.6098499652503577,0
0.7487876352927109,0.06928766623665357,1.1539411318120652e-05,1.3514043288328896e-07,8.405166733828314e-06,4.649260138811399e-06,0.18189996949201181,0
0.8712092871999202,0.06390477424357642,1.1864200080848818e-05,1.3954222331583424e-07,8.414170443493786e-06,4.800695711132736e-06,0.06486071994804464,0
0.9268622981227737,0.06211141566245625,9.423898468197202e-06,1.1084032093134077e-07,6.555378550962757e-06,3.8132591030265142e-06,0.01100638283832695,0
0.9291230276094958,0.06283625989189005,9.653057624237581e-06,1.1353560404433149e-07,6.714784450902511e-06,3.996373212994654e-06,0.008020234747721943,0
0.958156826090586,0.008859608399537682,2.5563100900100804e-05,1.7620797636516775e-50,2.0559722726475337e-05,7.247967736052891e-06,0.03293019471851358,0
0.9612883007330957,0.014816445096289113,2.461052534048276e-05,1.8727959861522562e-07,1.7560969202049913e-05,6.977881687054162e-06,0.023845917514786923,0
0.832159765611111,0.1224852173894401,1.7766705923418742e-05,1.5192582712264305e-93,9.14536160953388e-06,8.300943558819522e-06,0.04531980398835716,0
0.9329852091619011,0.062117032354420905,1.4065481167322056e-05,1.4126146402894494e-07,9.431960643714388e-07,6.590302309714491e-06,0.004876018242672819,0
0.9759498572138248,0.01576137757109481,1.401348849280093e-05,2.0796916498741888e-07,9.847138096779325e-06,8.502276568991717e-06,0.008256194342756826,0
0.9273394725136633,0.058961856546498326,1.5852933070587056e-05,1.9139521853601407e-07,9.781418028695894e-06,9.61830606740706e-06,0.013663226887453058,0
0.9119832905930091,0.07394544473357532,1.7836224163773413e-05,2.1899306449015168e-07,9.177732404230261e-06,1.029166029907616e-05,0.014033740063484134,0
0.854638810737143,0.1393672188507975,1.5362484147734344e-05,1.679763407490217e-07,2.7111235036550805e-05,8.207419459181896e-06,0.005943121297075206,0
0.8268464155670374,0.16691229991551532,1.59547009380315e-05,1.65908596989437e-07,2.677750299541043e-05,8.106388324122383e-06,0.006190280016592554,0
0.8155065535032283,0.17902715944023223,1.359511356775038e-05,1.486515727025098e-07,3.3291039188346656e-28,7.2632003114026474e-06,0.005445280091087672,0
0.7356095298732094,0.2517633340850412,1.4059593785030741e-05,1.354871033993486e-07,0.0,6.166449627081676e-06,0.012606774511233869,0
0.3585634192593951,0.6413906097660441,1.215136015923823e-05,1.595935809716703e-07,2.0057913137840743e-05,8.883211029126736e-06,4.718896653586401e-06,0
0.3314291942861764,0.668522742600002,1.3059028504721363e-05,1.6547520411325568e-07,1.685230941948343e-05,9.111023800218623e-06,8.875276893195935e-06,1
0.34209130171835256,0.6578271901407644,1.8527828297273378e-05,2.3477214772586047e-07,2.6708600452404377e-05,1.340359103575387e-05,2.2633348949861612e-05,1
0.21586031344595336,0.7840625527701985,1.6076708716713357e-05,2.0453986113745037e-07,3.296473083118741e-05,1.06431670904499e-05,1.7244637348301668e-05,1
0.29190302138864577,0.707961982639109,1.3346659376252049e-05,1.7782838249967943e-07,9.650900962297067e-05,9.969866824385796e-06,1.4992608039277524e-05,1
0.09811054198736362,0.8925746932184424,5.317476048044968e-05,3.865016456107212e-07,0.009174169935739777,8.151648772085538e-05,5.517108606975814e-06,1
0.01941591663854523,0.9673905305220207,0.005336280996459706,1.1206606484472053e-07,0.000518923504665337,0.0072259961847830735,0.00011224008746100745,1
0.05707163619829232,0.9375819082305634,0.0013436388454801669,1.4092976714117427e-07,0.0017231137001725817,0.002255979758622381,2.3582337101602267e-05,1
0.05557365307130449,0.8813275657711738,0.001019537256932597,1.8135393240252193e-07,0.06128298463806026,0.0007909108633458911,5.167045250517114e-06,0
0.13740116555841117,0.8332514277323773,0.0005266760221777536,1.7729969765168946e-07,0.028064583716010436,0.0007527239290639777,3.2457422617865997e-06,0
0.12870104102758456,0.841202587266446,0.0006646219075119896,1.7473894649910533e-07,0.028833451907630554,0.0005942647507624705,3.858401117659008e-06,1
0.07330265202097322,0.8820489819411397,0.0010307200821990492,2.0901958634765372e-07,0.04228323978369849,0.0013301023954805232,4.094756922569757e-06,1
0.1170758140518407,0.8320980739401246,0.0004107140284432961,1.5864540185039747e-07,0.04713267295511335,0.003279592997214001,2.973381862072607e-06,1
0.11557461643191648,0.8519741054353616,0.00036650604323471285,1.702368439195502e-07,0.028588614102812788,0.0034927971175269337,3.1906323036340037e-06,1
0.5004813923294646,0.47997032346699503,0.002031869345599384,3.168271609380942e-07,0.011661139462853267,0.005849876201815021,5.082366111549338e-06,0
0.25214983647550077,0.6900191646405535,0.0018621317009173929,2.6251955321870006e-07,0.04560312516593019,0.010355330127083055,1.0149370461794368e-05,0
0.14166437517886832,0.8206895144589528,0.001797845064903752,3.18855767229106e-07,0.004205016331886027,0.03161807273258254,2.4857377039235942e-05,1
0.21303864284919086,0.7793427688473139,0.0003356163905660542,2.446961313224182e-07,0.006119171440865742,0.0011301328699765186,3.342290595564969e-05,1
0.16633767644090316,0.8008971307199286,0.00014626352338334002,2.4536109681058986e-07,0.03205486919480711,0.0005470589901091386,1.6755769771798358e-05,1
0.2180377116815849,0.7707536332870453,0.0002084676582761183,2.527802665964505e-07,0.010237461619428255,0.000740288442692016,2.218453070701554e-05,1
0.20755428508875076,0.7815473805215009,0.00023961616400714367,2.251289292168037e-07,0.009682947704593865,0.0009570818974370718,1.8463494780791922e-05,1
0.242579451108112,0.7396685954651537,0.00021071249875185316,1.9828930679588633e-07,0.01706030451213216,0.0004574819993704486,2.3256127173182526e-05,1
0.25448259245121885,0.7247742482823306,0.00017846372315720167,2.2685222792717566e-07,0.02009789434487296,0.00044929182099651875,1.7282525195798087e-05,1
0.2471118154749611,0.7262705012022278,0.00020403753731960668,2.085983307037702e-07,0.02594915029106674,0.00045568098570650836,8.605910387581176e-06,1
0.2608413927003346,0.6232866878895066,0.0001703979091818463,1.9539898641712115e-07,0.1153415403529657,0.0003538337541308863,5.9519948940348955e-06,4
0.16329584698136287,0.5620926362632448,8.832290568323395e-05,1.4476501915059677e-07,0.2744491114128343,6.919008225757576e-05,4.747589598164598e-06,1
0.20346266250225245,0.7434306057983057,2.2802575227965395e-05,1.8833342112144252e-07,0.05306535943524279,1.3120533764174976e-05,5.260821785666127e-06,1
0.20950498528705747,0.7655086010092785,2.3479753625995258e-05,1.9392644397677733e-07,0.024941520480869762,1.608394616588768e-05,5.135596558400974e-06,1
0.19066332509344633,0.7986646614978258,2.247478635510228e-05,1.851713371246143e-07,0.010627982854349688,1.691451089605573e-05,4.456085789803217e-06,1
0.1742631369188165,0.8152130127634653,2.2455696660909056e-05,1.8459890433166932e-07,0.010479662027418445,1.6862221914057336e-05,4.685772820596844e-06,1
0.1822186079891494,0.8092191221433563,2.164476033841315e-05,1.7793253548656052e-07,0.008519067905385206,1.686271242407933e-05,4.516556811110891e-06,1
0.19068445006793855,0.8007425915105174,2.294854834923847e-05,1.8865043223737002e-07,0.008527194822109473,1.7837785730652927e-05,4.788614922564646e-06,1
0.34047496661532695,0.6594636888404389,2.2565782445355593e-05,2.0913862407605034e-07,1.5297504688047158e-05,1.9164131390143443e-05,4.107987086410007e-06,1
0.47572569205382204,0.524202087469932,2.595205248393454e-05,2.870499677865803e-07,1.308583255894923e-05,2.212055139966578e-05,1.0774989835479473e-05,1
0.48740985568557205,0.5124958217852603,2.3841055647248187e-05,2.6370069418506044e-07,1.2712489027312781e-05,2.4810429214634694e-05,3.2694854584321943e-05,1
0.3942104879274919,0.6056997060322469,2.5433961812075495e-05,2.565151253786272e-07,2.2332683135598164e-05,2.7167466341792862e-05,1.4615413846306775e-05,1
0.269990301172867,0.7299297494079898,3.01989076690572e-05,2.6622004177907454e-07,1.5477243882244916e-05,2.824774442398709e-05,5.759303126000212e-06,1
0.30624109684195966,0.693691302733746,2.4152193334216094e-05,1.9654570989089006e-07,1.7430057703192303e-05,2.125209590719151e-05,4.569531639663708e-06,1
0.30155751244164913,0.6983822307440304,2.137933871363395e-05,1.739807745955739e-07,1.780617922091417e-05,1.6801924768959784e-05,4.095390842368171e-06,1
0.4276417191016388,0.5722874358326132,1.698022907725291e-05,1.6723601185557188e-07,3.241998021571531e-05,1.385394110684899e-05,7.423679336214042e-06,1
0.3140003381531799,0.6852395292076194,2.5776439672922e-05,2.2846953527102486e-07,0.0007047312750955282,2.0257939762279635e-05,9.138515134708674e-06,1
0.35826887711785255,0.6410729029460447,2.190548026625678e-05,2.1293398154863058e-07,0.0006045703639897993,2.2078925769486418e-05,9.452232095593855e-06,1
0.33033617629614787,0.6692086184252426,2.0449347019812615e-05,2.088182840250191e-07,0.0004091719953487187,1.8297410901610352e-05,7.077707055529815e-06,1
0.3712812238087491,0.6286412292762815,1.906721692647131e-05,2.246636069201754e-07,3.586690315773215e-05,1.789565778277725e-05,4.492473495450791e-06,1
0.26371779890528424,0.7362247218562199,2.3826516035826522e-05,2.1971310413865303e-07,1.3466748530235499e-05,1.557277978766953e-05,4.393481038060722e-06,1
0.1816070151616663,0.8183508529294118,1.7140793449562518e-05,1.580615869537986e-07,7.903732424516656e-06,1.1976269307334325e-05,4.95305215354069e-06,1
0.18797627469846598,0.8119741335922149,1.8087224907656184e-05,1.5550942427034215e-07,1.4515675744878872e-05,1.3762528330178795e-05,3.070770912253005e-06,1
0.19212308790774257,0.8078270421167569,1.8191404576793846e-05,1.4903060009584113e-07,1.459928383313629e-05,1.384179840368404e-05,3.0884580864474646e-06,1
0.15756413222476132,0.8423900852554729,1.7281636008281427e-05,1.535841339396051e-07,1.222405808709119e-05,1.3399079371799174e-05,2.7241621648796887e-06,1
0.16203056748696268,0.8379241015878343,1.6122298777863726e-05,1.5713585497080128e-07,1.1055310217769772e-05,1.4592415905544832e-05,3.403764446828046e-06,1
0.33144483574049866,0.6684879913540185,2.0316329388812856e-05,1.8766448698584846e-07,1.735552959235681e-05,2.21101542684603e-05,7.203227746273195e-06,1
0.37982514605422263,0.6190045634273647,2.062021303620395e-05,2.3495009873071974e-07,0.0011173150979874767,2.444151158668592e-05,7.678745703538212e-06,1
0.14665680454350702,0.8522424286574641,1.3059244284577967e-05,1.2367480627626158e-07,0.001071837888676776,1.1239120884131554e-05,4.506870377135724e-06,1
0.1107686716007853,0.8885727670663927,1.4293961184277876e-05,1.1923980802750426e-07,0.0006247432750638226,1.3713963527539069e-05,5.690893238307238e-06,1
0.1543469487061889,0.8448347240338213,1.801074464973828e-05,1.2746508485530738e-50,0.0007793683391359415,1.4517591049142389e-05,6.430585155030958e-06,1
0.11093489248609954,0.8883097003731427,1.57046748566281e-05,1.6930473833204242e-07,0.0007176498388131422,1.480666979959002e-05,7.076652550129964e-06,1
0.10923800697963847,0.887477698277744,1.6515521133175177e-05,1.6427641472144065e-07,0.003251852471017502,1.2118604728650781e-05,3.643869323399581e-06,1
0.10103165639342127,0.894286780863732,1.65018359888768e-05,1.6414029146973367e-07,0.004646601546851243,1.21085629713808e-05,6.186656743778631e-06,1
0.1297394098132023,0.8637356987407011,1.8616574032332413e-05,1.851751459591925e-07,0.0064853089359806545,1.380127372434364e-05,6.979487213472348e-06,1
0.07292797102082707,0.8480492457096932,0.0020963279297954037,5.632275669928838e-08,0.07546824281924554,0.0014543554394646076,3.80075821745604e-06,1
0.03137397642202346,0.8808523337120415,0.000736630984752477,6.14370081490373e-08,0.08548507246288789,0.0015477791044284414,4.145876858000409e-06,1
0.012280722435267255,0.9059479850365323,0.0015332868435434836,2.171457617467509e-07,0.07605356983386656,0.004169734815874579,1.4483889154121136e-05,1
0.021929009952731476,0.9476381508597793,0.0017175534683961935,2.157246329101112e-07,0.019885525342662642,0.008815155553683085,1.4389098114323543e-05,1
0.5857744134859597,0.25485140945063295,0.001388277108793271,1.7702863826428442e-07,0.01944609355569593,0.13853650293178746,3.126438492552549e-06,5
0.22845860370805118,0.766181180077216,0.00014813416180402885,1.7679368726468744e-07,0.0033593665886785624,0.001821538209003846,3.100046155896053e-05,0
0.24645084255443947,0.7484888738128036,0.00012963811655048558,1.7271124809489944e-07,0.0032501570900299362,0.0016645515149078802,1.5764200020469145e-05,0
0.25875197834625563,0.7359192420075051,0.00012216733272313166,1.7297529227349373e-07,0.003467701459257995,0.001731284777933382,7.453101032371873e-06,0
0.3050907756818528,0.6901801402411303,0.00013868652872281526,1.9075498976136827e-07,0.0038548851657597225,0.0007276882727484436,7.633354796210497e-06,0
0.31076773381588846,0.6540712417799287,0.00019975934837504418,2.6116340799519247e-07,0.03384179199949988,0.001112566665914137,6.645226985575176e-06,0
0.20753101713307806,0.7749096293205843,0.00010500370206474062,1.8823818465029634e-07,0.017072591880906304,0.0003767800593020131,4.789665879903286e-06,0
0.02847926681239646,0.9588018788615861,2.243696368160961e-05,1.9527715538000427e-07,0.012662116441720729,2.8328618333225415e-05,5.777025126895456e-06,1
0.0005556209517415095,0.39725974663559765,0.5703979231979337,0.0021616043924953007,0.00011457982961850515,0.029507117588777637,3.40740383554718e-06,1
0.0004197097409472492,0.40867859447562344,0.5692744849105311,0.0006114762371582184,9.425526270593139e-05,0.020916414143803203,5.065229230877674e-06,1
0.0009753071048416937,0.3475971202786993,0.6144459313330067,0.00019648841600148183,8.726767207169093e-05,0.036643650185287556,5.423501009138287e-05,1
0.000649470466928161,0.31277336717527376,0.3848104360093524,8.504409086027718e-05,8.985523564131635e-05,0.3015577405438185,3.408647812552359e-05,1
0.0003223137621731974,0.17340292155310952,0.6081787529537086,0.0007065027474073075,0.00015204567244858435,0.217234044088955,3.4192221976850626e-06,1
0.0005484309646121172,0.035748125718647945,0.934398545901944,0.00018329925873277066,4.0589201642362205e-05,0.029055149848634765,2.5859105786072767e-05,2
0.0003610725958619432,0.004489834709102736,0.9479769766205175,0.0004027315426003669,6.210456718941989e-05,0.04669515626927591,1.2123695452038773e-05,2
0.00033477323258901864,0.00528168291851264,0.9467276929025039,0.00030249839417332636,8.530777852071808e-05,0.04726417429421688,3.870479483558254e-06,2
0.00036305081815506324,0.029625221850303765,0.6792884949768363,0.0005758264021145066,5.849221870931803e-05,0.290084716323197,4.197410683915906e-06,2
0.00042019739244737524,0.04427020832539424,0.848642466252058,0.00256505176364015,3.571814337259089e-05,0.10405138978662132,1.4968336466387297e-05,2
0.0005128558291377934,0.03376171131769403,0.6351619112793317,0.0007158348206230142,5.006974922455999e-05,0.32978304362092975,1.457338305908924e-05,2
0.0003539299969890585,0.021042818334179342,0.8560681222674187,0.0017444785457200942,0.0001001287307002032,0.12068798652048256,2.5356045100134894e-06,2
0.00043069046473141916,0.039189647451871375,0.8611516866631904,0.0012769123857413562,6.616687082675188e-05,0.0978705885048186,1.4307658820031997e-05,2
0.00018405129201589057,0.010140283357047614,0.9460834018652131,0.0038773132595200516,5.104674971117804e-05,0.03966222970849558,1.6737679966999403e-06,2
0.00016669561253741593,0.008552359691071782,0.9618245095876807,0.0065270154060664935,5.123933818785595e-05,0.02287666442953139,1.515934924441232e-06,2
0.000526687149810343,0.006105201958746784,0.7822408415741523,0.001053892705651223,7.753689636184245e-05,0.20997658455429483,1.9255160982595457e-05,2
0.00019207132399017799,0.007356094737331904,0.8178436814721478,0.017513380628521313,5.5469687775556526e-05,0.15703649535107245,2.8067991608482555e-06,2
0.00018683108413679273,0.010679918309964205,0.8138207811148056,0.00035781957097924446,3.84665814087307e-05,0.1749103626636729,5.820675032673039e-06,2
0.0005315131968728634,0.04560819343961604,0.9261473995834623,7.43064463700053e-14,0.0001797034483318608,0.027507585841134868,2.560449050776521e-05,2
0.00037193394896861925,0.028255918845063368,0.9547600863916367,2.8979480552346503e-49,0.00012794412233190343,0.01646735607972793,1.6760612271484854e-05,2
0.00022775253473916425,0.013611354388417722,0.7475883387175454,0.00016086966875466648,3.081439436500153e-05,0.23836794432718744,1.2925968990584027e-05,2
0.0007335211736886275,0.007389658174872627,0.5790842683458846,0.05930578154924713,8.430427399536547e-05,0.35331415746526745,8.83090170441507e-05,2
0.0004194540160932308,0.005105810738933001,0.35384385044290195,4.417173103943126e-05,7.773948380338328e-05,0.6405030133021169,5.960285112210027e-06,2
0.00047437053813809826,0.0023127030971020596,0.7561355507485459,0.0008778828096126208,0.00013145524004809563,0.24004650517130766,2.153239524575934e-05,2
0.0004626084281142709,0.0019728751229834817,0.5162816906713715,0.0012609534179569269,7.361693695912313e-05,0.47993202696490733,1.622845770740419e-05,2
0.0002814655315354887,0.0009988514293123496,0.36428187094183306,0.0045481862635107,4.587130826589208e-05,0.6298355381828111,8.216342731344487e-06,2
0.00010330862479722204,0.0003260743971041649,0.07928200706341956,0.8585762665721036,1.504999320105367e-05,0.06169480924965233,2.4840997220162488e-06,2
0.00035647678214678256,0.0035139174089614867,0.8213953423927668,0.0005534509156309728,4.43033441163876e-05,0.17412689695339226,9.612202985142221e-06,2
5.976030477334198e-05,0.004549071042592652,0.9836520459606842,7.029167253703883e-05,6.24495102277996e-06,0.011660590778939418,1.9952894505880817e-06,2
6.53939635323371e-05,0.005494779212478872,0.9818324791654841,5.773291621866663e-05,6.233399066409448e-06,0.012541389744670275,1.9915985494752217e-06,2
7.226230683297944e-05,0.0038956151141630604,0.983485215897037,8.665212913039034e-05,9.145509334654242e-06,0.012448908266890475,2.2007766114242108e-06,2
0.00015384850080423233,0.012511262652270658,0.8848799205471353,0.0001873169483566723,2.571364655416255e-05,0.10223958811425735,2.349590621586455e-06,2
0.00042903996933314016,0.029097159649324248,0.6197685037812921,0.00025897428992396795,8.761109861730831e-05,0.35033579107189655,2.2920139612692132e-05,5
0.00039696085336077074,0.028301644290897324,0.4740007133382526,0.00014669196812253587,6.374180926599476e-05,0.49706904132850704,2.120641159364236e-05,5
0.0003994517876460848,0.03095492269388276,0.5928905940734137,0.0003372115518937853,8.414036068365364e-05,0.3753112048518887,2.247468059134066e-05,5
0.0002083515209187238,0.00923291735474376,0.9420893214922156,0.00023103321843217066,4.921489503331573e-05,0.048181101472212606,8.060046443603652e-06,2
0.00017941815384591635,0.001963977433801439,0.9891488577012528,0.0013318958559491022,3.5257983834628896e-05,0.007333396592876547,7.196278439644703e-06,2
0.00017121579534021936,0.001904357526974319,0.9439284974843373,0.0017495354724866292,3.924726047349584e-05,0.0522012563595239,5.890100864152616e-06,2
0.0002690971076341473,0.002425613009012582,0.9191939700652588,0.000501090329182082,5.955010553015738e-05,0.07754859250776659,2.086875615671567e-06,2
0.0002455369326763651,0.0020198800341361136,0.9425856798543283,0.0008659489879299987,4.484274392858061e-05,0.05423620184773468,1.909599266112982e-06,2
0.000222404821178592,0.0017862458255102603,0.9777274789367617,0.0015251368772539742,3.956984575776457e-05,0.018697747338898698,1.4163546388580218e-06,2
0.8303957187750262,0.017372855377639138,1.81192027675637e-05,2.3341266523851956e-07,2.2862060142153484e-05,7.911470741392833e-06,0.15218229970101815,6
0.5969510420919008,0.05928264245041277,6.83918296399344e-06,1.0134680099124368e-07,6.599216117101797e-06,3.486651862744672e-06,0.3437492890599418,6
0.49765525759334583,0.06244202111864951,6.116414653193361e-06,9.063641986193672e-08,5.527572164965428e-06,3.1181807324281862e-06,0.43988786848403405,6
0.867082153312129,0.05848873319201442,1.1610898177714628e-05,1.3656298236468635e-07,8.234527031202315e-06,4.698200359426642e-06,0.07440443330730559,0
0.9207035324136389,0.06136227547577996,1.1816534519713554e-05,1.389815990570485e-07,8.21972532902933e-06,4.781408455915238e-06,0.017909235460677374,0
0.9444309229568534,0.04577981992612999,9.602527955012603e-06,1.129412932320544e-07,6.679635397573626e-06,3.885539223506006e-06,0.009768976473147277,0
0.9224849006985818,0.06970243072972422,9.379391156847843e-06,1.1031684280916002e-07,6.524418723120256e-06,3.795249792895795e-06,0.00779285919517842,0
0.9216702840821746,0.0677101886444467,1.0095553020880767e-05,2.2483292668095645e-07,6.782617687472229e-06,4.179566644429074e-06,0.010598244703099393,0
0.8968911905649144,0.06302832560277384,2.8088833139331907e-05,2.1374860240187531e-07,5.981844289879245e-07,7.964094697777769e-06,0.04004361897144346,0
0.9724506336599339,0.015200031198194389,1.805811197608755e-05,1.374174632943506e-07,2.7617533180399246e-15,5.120060101010546e-06,0.012326019552328418,0
0.9660078363301059,0.013241076657246355,1.770477363729551e-05,1.2083512816947178e-07,1.5899835187789394e-15,5.020082430667215e-06,0.020728241321450156,0
0.7468027702941693,0.15022905774135717,2.851041667178104e-05,2.2798329492679605e-07,1.3216895335527101e-05,1.0104608928209427e-05,0.10291611206024302,1
0.769250870091011,0.15951685966558127,2.6181254343145428e-05,2.2905625208045373e-07,1.187595010068142e-05,1.015216422140719e-05,0.07118383181849045,1
0.7251167433382399,0.2065016877321583,2.7716538686806394e-05,2.1617651237608072e-07,1.3223875668292572e-05,8.924907151159349e-06,0.0683314874315832,1
0.6231305023859091,0.16284639679571913,1.4295186381151628e-05,2.0230161726626372e-07,1.2352619992459015e-05,8.295554139790523e-06,0.21398795515624094,1
0.7079686665167494,0.18501765833174177,1.0360073086018888e-05,2.472352654035379e-07,1.1941220091481894e-05,9.713599724285805e-06,0.10698141302334147,1
0.921626221176205,0.06712798218350065,1.9026927958199055e-05,1.9108992201368046e-07,1.4843394096520466e-06,8.914960375547838e-06,0.011216179322628805,0
0.8769103001893542,0.10179173333037961,1.6179986193752582e-05,1.6249771412070124e-07,2.0332189574622017e-06,6.903336446073806e-06,0.021272687440954854,0
0.9710667098021617,0.019621262885518718,1.5542705922959676e-05,2.3552881987290514e-07,1.0429001010470836e-05,9.004672226371868e-06,0.009276815404339714,0
0.9624159616166845,0.02149001049107754,1.490064355212966e-05,1.7989806153149266e-07,1.0470533077048107e-05,9.040532098859817e-06,0.01605943628544814,0
0.8736836172118267,0.12112859717662929,1.4564969401230834e-05,1.592561619340089e-07,3.5665974005811894e-28,7.781346567161844e-06,0.005165280039413668,0
0.7852527549881814,0.20880187695043348,1.5152116077095091e-05,1.5756273524247584e-07,2.543048818132722e-05,7.698604776747722e-06,0.005896929289614474,0
0.7382873589236382,0.2564106772535073,1.230781095146848e-05,1.3457595961544496e-07,1.5410146123347014e-05,6.5754578577001954e-06,0.005267535831962427,0
0.6277177791424736,0.3708419613387926,1.4307400698935155e-05,1.848576717065117e-07,1.5111744323612273e-05,8.649597905481347e-06,0.0014020059181340334,0
0.3583374512151831,0.6416291405260175,1.1959981603013274e-05,1.5708005255107546e-07,4.593371730934405e-06,8.432090476494133e-06,8.265734936398353e-06,0
0.3784476618994777,0.6215086453257592,1.3236107747590975e-05,1.9553724666759725e-07,1.4814188887372415e-05,1.0378343814797834e-05,5.0685970667177e-06,1
0.3437884324272828,0.6561589750314377,1.445429074246942e-05,1.8315502642924225e-07,1.8321004053913526e-05,1.0456670836724814e-05,9.177420619924909e-06,1
0.20071860720028997,0.7148366608140795,4.133634741097492e-05,4.032885715811789e-07,0.08430447353915445,9.307085657556122e-05,5.447953917942255e-06,1
0.04113713935870442,0.21924769927641555,1.6288385426230568e-05,1.0361299593009249e-07,0.7395629792801398,3.034002470292602e-05,5.450061615061396e-06,1
0.4760598710876741,0.41018702139804936,4.2057907088338254e-05,2.371891294507778e-07,0.11366516152339988,4.209760571814673e-05,3.5532889406124133e-06,0
0.4302291032608969,0.446515231695591,4.793669197930346e-05,2.6666768610611816e-07,0.12315613716288092,4.7329618914072296e-05,3.994902051597639e-06,0
0.4548349162580608,0.4541496066039659,5.5700743526634594e-05,3.092379481045655e-07,0.09088167321536227,7.316130142157661e-05,4.6326397148215705e-06,0
0.019142383757124574,0.9696418846342544,0.005205391158366035,2.0271188764160248e-07,0.0004914541282313606,0.00538751793395756,0.00013116567617875102,1
0.09479005083315742,0.8992656457568611,0.0014717953184224327,1.7306877454963073e-07,0.003962058409840301,0.0004937542006219074,1.652241232233146e-05,1
0.07423143355304239,0.8973947200530917,0.0011506695526964114,1.804270764740881e-07,0.026548968182964094,0.0006703234428316303,3.70478829735685e-06,1
0.07152784105066548,0.885691879545584,0.0006530677968637328,1.759884042089896e-07,0.04148054163836309,0.0006428803330264351,3.61364709291628e-06,1
0.09753814591430898,0.8865907083101051,0.0004669557846860628,1.8898387506012427e-07,0.014597906828957268,0.0008026771793917056,3.4169986758139457e-06,0
0.08504638474835573,0.8641231801404293,0.0007117321648763717,1.7916588025902076e-07,0.049359337834818835,0.0007552297936394825,3.956151999813648e-06,1
0.13975544860881176,0.811368085234485,0.000588795205252413,1.5890050845109866e-07,0.044999667205924215,0.003284866681868235,2.978163149967325e-06,1
0.19328653752331082,0.7861819539956331,0.00048244396362906444,1.7194823008020509e-07,0.01767518415225493,0.002369772748452907,3.935668489100417e-06,1
0.2298396037078496,0.7518011290442204,0.0007806888543619798,1.8195531741816302e-07,0.015100424916682072,0.002473806804031774,4.164717536510245e-06,1
0.6645145358579422,0.3205968901744667,0.0007467033899132587,2.1162517254370013e-07,0.011888833952876751,0.002249430225638303,3.39477399002745e-06,0
0.2729319386283188,0.7196095283797291,0.00039425149808418596,2.4471159004232277e-07,0.005527214066332435,0.0015033976984918315,3.342501745344402e-05,1
0.1944031217326751,0.7987472093836144,0.00035122155730229934,2.495345102280426e-07,0.005336826715342884,0.0011272872991655472,3.408377738940116e-05,1
0.19553745326383334,0.7962718695223269,0.00013964162920971905,2.4761135986369243e-07,0.007681162388272917,0.0003527161442068889,1.6909440790284542e-05,1
0.20269362863550033,0.7772605944589219,0.00014003581228911485,2.0557811951659795e-07,0.01925648600403774,0.0006382164738210433,1.0833037310388948e-05,1
0.21749922399176205,0.7111276419187946,0.00020898068129837185,1.855548848480654e-07,0.07085512051869108,0.0003027675432572415,6.079791311662963e-06,1
0.16776299558080582,0.815676165390885,2.2551057268653803e-05,1.891154742252477e-07,0.016517649179515332,1.564925671843385e-05,4.800419332320613e-06,1
0.15733152294683075,0.8352261510676517,2.3006974616431616e-05,1.891307301800662e-07,0.007396445873428165,1.788320016033156e-05,4.8008065823896184e-06,1
0.06531063430556179,0.9305605161261443,2.1161150477981698e-05,1.5257003978922152e-07,0.004089438086302215,1.4426214911890444e-05,3.6715465622896815e-06,1
0.07670113930451433,0.923230359829618,2.099446111417369e-05,1.5136822408949906e-07,2.7769395901718077e-05,1.574337995517392e-05,3.8422606727189845e-06,1
0.16837051365932035,0.831573052555561,2.2980153066658463e-05,1.789856361883585e-07,1.2200134605004594e-05,1.608129689755332e-05,4.993214913265868e-06,1
0.3550890063903098,0.6448215909685715,2.7186871994594387e-05,3.012345211124219e-07,2.5541847987369287e-05,3.0460840531398057e-05,5.911846084093539e-06,1
0.48427895127442383,0.5156185073814947,2.6879179778774256e-05,2.7109092252208155e-07,1.3068757322070417e-05,2.871118614277966e-05,3.361112991522522e-05,1
0.31787003894608024,0.682055471271409,2.668555511539589e-05,2.478112911429402e-07,1.7174738854140293e-05,2.2596550822991753e-05,7.785126427362307e-06,1
0.29443341362558983,0.7054888806270393,3.10706221997037e-05,2.563253544015707e-07,1.4953297965953737e-05,2.33729014979206e-05,8.052600353079297e-06,1
0.31637471695696784,0.6835461558902609,2.5067230443879842e-05,2.7260378903729944e-07,1.7506198554567236e-05,2.771712375732592e-05,8.563996226504625e-06,1
0.20037417932242707,0.7995670237526473,2.5932509330415146e-05,1.804997065402199e-07,1.1801817780045946e-05,1.697723611103195e-05,3.904861997512167e-06,1
0.20433714937511846,0.7955955471814927,2.7568219484535335e-05,1.8377802796726886e-07,1.6459380603605906e-05,1.881937209634205e-05,4.272693176247043e-06,1
0.22366056831632214,0.7762701399340612,2.5273824375481663e-05,1.8552456363572334e-07,1.9894769952753525e-05,1.96243319813635e-05,4.313298743273839e-06,1
0.33307642320876685,0.664774654638378,1.874344894554291e-05,2.059181581597731e-07,0.002101097860320222,1.4417236402326967e-05,1.445768902848933e-05,1
0.3144925542142596,0.6815906703923571,0.00011009677259757748,3.100895560486221e-07,0.003200429602591799,0.0005954002242065092,1.0538704431349227e-05,1
0.3681999838458187,0.6312697912949341,2.520138433515912e-05,2.2507382803947987e-07,0.0004664929606113566,1.5988243062019662e-05,2.2317197410572627e-05,1
0.39824417902201653,0.6014973078714047,2.804499765979549e-05,2.1706992995672647e-07,0.00019159963259174126,1.5499307930351338e-05,2.315209846705667e-05,1
0.3767645109668761,0.62315209898159,2.2504267279011417e-05,1.9946662735784365e-07,3.414559770312788e-05,1.7686309541474954e-05,8.85441038297156e-06,1
0.38225961321715535,0.6176751318879653,1.962970129755088e-05,2.266338968382029e-07,2.0555657622668122e-05,1.7525796064976748e-05,7.317105997212546e-06,1
0.4159746610972811,0.5839680590703828,2.2086289088386156e-05,2.183328969020411e-07,1.543775969764411e-05,1.5474953745652748e-05,4.062496907384267e-06,1
0.15420034421160267,0.8449883732091028,1.4171084391041122e-05,1.3420425245098352e-07,0.0007798907145735392,1.2195999022564275e-05,4.89057705500588e-06,1
0.12129510565420919,0.8765660234303673,1.641116851404743e-05,1.6323844116923655e-07,0.002104075748152726,1.258543140244263e-05,5.6353289131785065e-06,1
0.13536940672152012,0.8606924328346283,1.6845559766986522e-05,1.67559239589327e-07,0.003903002055633583,1.2360777392540234e-05,5.784491819233865e-06,1
0.10611451230654163,0.8408802517037134,0.0006641182716630554,8.753240599063046e-08,0.05072395007989412,0.0016132161195739274,3.863986207892793e-06,1
0.01292254721664955,0.9204162601968329,0.0010996401954811458,2.284944044504539e-07,0.06115842626047595,0.004387656778587076,1.5240857568553565e-05,1
0.10942747206123964,0.844186036229345,0.0006166514285656308,1.9764624192881702e-07,0.03319161147668671,0.012562378211310678,1.5652946610430817e-05,1
0.21304162070358057,0.7721236373293763,0.0004142952395230093,1.8650432748143818e-07,0.01076040744576524,0.003645958167600388,1.3894609827150523e-05,0
0.15428312387276405,0.6960322111072236,0.00025562851695249566,1.5765863689795712e-07,0.010758172513141024,0.13865282656817324,1.787976310880283e-05,0
0.21863879332166114,0.7680343879107465,0.00013617836198470947,1.8591592549363924e-07,0.01204729346348283,0.0011384304495284472,4.730576670837669e-06,0
0.22494567053633355,0.7601513386571233,9.940643613904812e-05,1.9127887548310217e-07,0.013505446304792173,0.0012930797513622824,4.867035374091095e-06,0
0.24546664331043858,0.7459155603641261,0.00012723822554721836,2.0224021326505344e-07,0.0077635692167876795,0.0007216406994599684,5.145943427044547e-06,0
0.29343708792047063,0.6900544867926955,0.0002558874120588494,2.661167520703017e-07,0.015527327765351238,0.0007185245492146495,6.419443457105978e-06,0
0.07638029282600352,0.9170609544957237,2.1257527478783112e-05,1.8680802138306235e-07,0.006507426580352267,2.4355285801298185e-05,5.526476619016137e-06,1
0.000947027222501981,0.3918479227271753,0.48435839725449337,0.00018338320919923364,0.0001264063928694017,0.1224915621759029,4.5301017857753605e-05,1
0.0004500951521712836,0.21963691741439045,0.2911868339797083,0.00015329860208501513,5.7196086491108586e-05,0.4884942816454189,2.1377119734972126e-05,1
0.0005519274149340589,0.006665727336990734,0.974240070135804,0.0002290931818665741,2.608818483488229e-05,0.018268346222489785,1.8747523080022773e-05,2
0.0007412446185262379,0.009656585401347777,0.5914352424090406,0.000254315600744713,8.041817422834117e-05,0.39780782413669913,2.43696594132773e-05,2
0.00018931360832696867,0.0029220461746708344,0.970065140655537,0.00031491349271743337,2.619583056449794e-05,0.026475551754277436,6.838483905980972e-06,2
0.0003948673981304675,0.026596155381521432,0.9087062494617079,0.003554478034908278,2.9869737840035456e-05,0.06070198035275679,1.639963313518686e-05,2
0.0004717529282557486,0.007496810391146455,0.847156711949273,0.002365672829273106,0.00014348037327450788,0.1423591768744525,6.394654324689588e-06,2
0.00037425087381327783,0.021221038742160594,0.8978934009303893,0.00048271470366786554,7.463738079216956e-05,0.07994884818768479,5.109181491910889e-06,2
0.0005359617632353282,0.004241968575938552,0.5606397955265304,0.0002416436783934446,9.636123025244685e-05,0.4342364320439163,7.83718173367356e-06,2
0.0001702239969744255,0.006519369067165931,0.788545991382867,0.030284843479945738,4.9160237811249205e-05,0.17442837492453,2.0369107055654713e-06,2
0.00018423952688919636,0.007056146570986528,0.7465935353039707,0.00018353365312198314,5.3207885592450956e-05,0.24592664470881268,2.6923506264481216e-06,2
0.00029100916896859666,0.01699574577469335,0.8331805733842614,0.00629538785783824,5.5029540974143924e-05,0.1431730927060901,9.161567174063025e-06,2
0.0005397909818837263,0.03036472994863254,0.3576692820648541,0.12220117628157748,0.0001297360179788333,0.48909179722185153,3.4874832219515107e-06,2
0.00016543331897779737,0.009202041295678554,0.9073225766491938,0.02401640622555463,3.734960855942652e-05,0.05925496610053713,1.2268014986501397e-06,2
0.0006928601384985756,0.05022937203615435,0.5290166091248545,0.006106254680114689,0.0001225102924343421,0.4138071346838612,2.5259044082289563e-05,3
0.0005263007902222187,0.006516337364413695,0.7276976736119685,0.00034526287667428714,6.298340889864651e-05,0.26482340819189254,2.803375593019586e-05,2
0.00026386831066513256,0.003501107748485103,0.8901182439947964,0.0001405384556226231,3.8700257293309886e-05,0.10593285081320691,4.690419930485612e-06,2
0.0005708504950238954,0.0020104560970036073,0.41446864269517913,0.00020230680767248976,8.956507371070079e-05,0.5826297917593971,2.8387072013178855e-05,2
0.0002895034635465365,0.002106776020991119,0.9861187375025513,0.0001874021577837481,1.1473365816616335e-05,0.01127748280415871,8.62468515200808e-06,2
0.00017726280901017385,0.0023629284744779207,0.9677851852077655,6.272638807177867e-05,1.2831380962777471e-05,0.029588197742790718,1.0867996921172217e-05,2
0.00010842565193204687,0.006662760382234513,0.9289657796266771,0.00022512479830398124,1.4163563319544997e-05,0.06402056008277841,3.1858947542952614e-06,2
0.0001284312526168363,0.009995490310530881,0.893363349315786,0.00024651134740805646,2.4968350384675184e-05,0.09623928800756215,1.961415711493356e-06,2
0.0001495054192667964,0.008367592059982184,0.8790173052550738,0.000405400167192464,2.68091760452449e-05,0.11203110465981984,2.2832626197157736e-06,2
0.00018033679559703152,0.009764527233417362,0.8357782818998981,0.00019606779054804916,4.241957491702939e-05,0.15403516110924684,3.2055963754650185e-06,2
0.00031723710521769344,0.018563680325139005,0.5900057370544289,0.00037992635395954505,8.041431540715044e-05,0.39064738765937657,5.617186471085214e-06,5
0.0003695097524740504,0.020233343956337878,0.7267856713925377,0.0009516600091206551,7.730309005620544e-05,0.2515616791793749,2.0832620098534478e-05,5
0.0003282000024463482,0.018339275122301844,0.7762576268087616,0.0011702246409705291,6.085479618590562e-05,0.2038253150149594,1.850361437424581e-05,5
0.0003301482879458238,0.016920326252710404,0.6775413053395068,0.0015870976901729687,7.56162803619488e-05,0.30354240624272927,3.0999065728436205e-06,5
0.00030688189758587705,0.01732536701563661,0.7274403546231647,0.005814868460092466,7.507390621429732e-05,0.24903456442427604,2.8896730299851636e-06,2
7.46318157385293e-05,0.0009417167474683988,0.9934927941264078,0.0003561014907487009,1.8372717350817192e-05,0.005113824498011521,2.558604274032939e-06,2
9.430296791499448e-05,0.0007432659097265632,0.9926612449321874,0.00035592571159292157,1.6528510134329437e-05,0.006127772548049893,9.594203940819364e-07,2
0.00019252574134668034,0.0014994512964510364,0.9882467636992701,0.00034197165967521235,3.882059419023376e-05,0.009679219990715856,1.2470183509243454e-06,2
0.5443371457573906,0.06560078761733605,6.6523113110154176e-06,9.693898452392459e-08,5.9119417268541955e-06,3.3350089756865743e-06,0.3900460704242752,6
0.7249317646795865,0.10259179750579295,8.829130760201134e-06,1.3083494955328565e-07,7.889135914192778e-06,4.501137836718517e-06,0.17245508757515973,0
0.8108950464214983,0.08969108257929366,8.82784096560793e-06,1.3081583666266038e-07,7.887983437791247e-06,4.500480292572583e-06,0.09939252387867514,0
0.9175142705429229,0.06279355815861432,1.2286223088758584e-05,1.4450589793467559e-07,8.54644641813495e-06,4.971461884179845e-06,0.0196662226611737,0
0.9121621001871226,0.08007681382146624,9.317359663669868e-06,1.0958725190419643e-07,6.4812688609655034e-06,3.85739400148542e-06,0.007741320381632983,0
0.9363462305307719,0.054700952266271155,9.768065134559415e-06,0.0,6.562597533489391e-06,4.043986409914701e-06,0.008932442553878874,0
0.9483530064162152,0.03449278933679455,2.1487067183089623e-05,1.635109068902336e-07,2.1429254175505664e-06,6.799262001882309e-06,0.017123611481480658,0
0.9745341993272723,0.015303385396710674,1.8096803155699127e-05,1.3771189295350487e-07,2.7676706306478344e-15,5.131240050524903e-06,0.010139049520914973,0
0.7611737782363415,0.1365553931109097,1.7431554288257518e-05,2.318021434763568e-07,1.1195815485345527e-05,9.107249458468953e-06,0.10223286223137312,1
0.8709234225836168,0.11872432730651997,1.7033190799560936e-05,2.0913342515718637e-07,9.994976081918379e-06,9.828302891285503e-06,0.010315184506665503,0
0.8797655143443195,0.11501058676718685,1.466635924520992e-05,1.6036477788550087e-07,3.5914252422346414e-28,7.835514172507108e-06,0.005201236650298149,0
0.81229086910843,0.181954524203637,1.4704246298237166e-05,1.607790421716723e-07,2.5949597317282365e-05,7.855755360929277e-06,0.00570593630991446,0
0.7022336237396681,0.28969722984400287,1.7500667755963698e-05,1.705921726310002e-07,3.072857129039199e-28,8.335230491344914e-06,0.008043139925909059,0
0.642499914079873,0.3556959059351751,1.4644325882134558e-05,1.601238608783162e-07,1.6992334593580147e-05,8.052043840244437e-06,0.00176433115677508,0
0.5568316055047623,0.44301851174758716,1.5132455544425778e-05,1.9551774724035304e-07,1.180489891096932e-05,9.836830928848426e-06,0.0001129130445189508,0
0.3231029611045244,0.6768538114215424,1.4644592715070793e-05,1.7738683532293606e-07,5.009933807183448e-06,9.522162874853976e-06,1.3873397700792372e-05,0
0.37618975310860486,0.6237532861563665,1.5302482273785693e-05,2.058407513361662e-07,2.1362754371141417e-05,1.1185343880007088e-05,8.904313752451123e-06,1
0.27210326791698736,0.6163496808011799,4.1666976265349686e-05,2.612918311791648e-07,0.11144861603669387,5.227594235746741e-05,4.231034684783903e-06,1
0.1791095514352222,0.7109439329644409,4.444350366019156e-05,3.4362456658415595e-07,0.10982740714191921,6.971536481907886e-05,4.605965372122327e-06,1
0.2875255853210897,0.676099667955477,4.326117637745829e-05,1.656972101945223e-07,0.036276214521539334,5.129290821905355e-05,3.8124200871108163e-06,0
0.452119289320201,0.44115935873112117,3.52777094837814e-05,2.3621048339083712e-07,0.10663089429581138,5.1405104884352695e-05,3.5386280148372176e-06,0
0.08961180441524028,0.9016943338675858,4.585095526366873e-05,3.258405481404688e-07,0.00856132366817191,7.736727533801045e-05,8.993977852223075e-06,1
0.06564709855546408,0.4141429483939114,2.3155769194501802e-05,1.1369772896655533e-07,0.520160417495951,2.4360002271125603e-05,1.9060854790408564e-06,1
0.01863879919918881,0.9724070399560464,0.00522023552028115,2.0328996689311307e-07,0.00046958819701027935,0.003064471706506814,0.00019966213099941097,1
0.01934236284213465,0.9675197178327724,0.007854852703487219,1.7110193805723278e-07,0.0003912758933998406,0.004723571108710547,0.00016804851755718227,1
0.08578178782054835,0.9035687778437115,0.007285295393071062,2.0166792119447528e-07,0.0018706576964057273,0.0014335592243196306,5.972035402266433e-05,1
0.10398180703924273,0.870525333319521,0.0005337637304610113,1.80646102064548e-07,0.024274317048655594,0.0006813319717874052,3.266244230356325e-06,0
0.0743411585073268,0.8456642440503103,0.0008572400532628736,1.8233603501926332e-07,0.07844794875544729,0.0006859294978773822,3.2967997402729223e-06,1
0.6921617102430286,0.29429324208133184,0.0006798226307897072,1.5817704289150085e-07,0.011176536914716798,0.0016856062049222277,2.923748168094699e-06,0
0.42736823237340027,0.5227292599819423,0.0037494437049551592,3.5314557082444865e-07,0.03332637656112902,0.01281980184651608,6.532386486310652e-06,0
0.13035626182559942,0.8512192646542887,0.0029896698622074182,2.850584315848801e-07,0.002474677619771466,0.012934234617507114,2.56063621943715e-05,1
0.06975708645988621,0.9034349811020012,0.0024903077646862897,2.688081748798356e-07,0.0030123470898108743,0.02128086214891045,2.4146626530257385e-05,1
0.339982702687382,0.6507135597034855,0.0010161427501311539,2.9798457794788365e-08,0.0061031242191411424,0.0021638747875681423,2.0566053834231096e-05,1
0.3071233445844903,0.6870169643254728,0.0009460837954910573,2.73421169651515e-07,0.0035262699272915025,0.0013497175034166615,3.734644266813174e-05,1
0.2278053427744558,0.7656288240212437,0.00047044794779132804,2.831571604840178e-07,0.0044786016663887086,0.001577824156819715,3.867627614045193e-05,1
0.28029789021175694,0.713046087177376,0.0003413008204831815,2.424796155208159e-07,0.005185942773426186,0.0010954163840238332,3.312015331797701e-05,1
0.22981354168195417,0.7642846523088737,0.0003005708607752788,2.147563835831109e-07,0.004593022440661078,0.000970175000671147,3.782295068108817e-05,1
0.19550222868139092,0.794463822555666,0.00017375856668437392,2.1507410716294982e-07,0.009305615871648529,0.0005299218552066012,2.443739529614855e-05,1
0.18497406209758757,0.8087504825722526,2.697052294229346e-05,2.398047125963407e-07,0.006220532311732243,1.6613802736980435e-05,1.1098888035809296e-05,1
0.19109119856556955,0.7993036186853479,0.0001170017887320998,2.406986258372033e-07,0.00934367638573008,0.00013312361494783906,1.1140261046650672e-05,1
0.2035427464557436,0.7643352376792164,0.00013970455766923633,2.3510490897255404e-07,0.03150629372076593,0.0004649011147989275,1.0881366896854435e-05,1
0.09654657510062371,0.8524085919442556,0.0001645325148819044,1.4397392614389863e-07,0.05061679989583046,0.000258990427463378,4.366143018881493e-06,1
0.1901000365306377,0.7044322873396567,0.0002210648393516492,1.803034322742366e-07,0.10496093071563005,0.0002795925462435598,5.907725048044426e-06,1
0.06649750267541406,0.921821746125482,2.2023575106009916e-05,1.5878804575021026e-07,0.011640294436425253,1.4453218748116313e-05,3.8211807790854874e-06,1
0.0611832006327601,0.927962005971148,2.072570841879684e-05,1.4943054071685934e-07,0.010816523702569785,1.3601479144264947e-05,3.7930754182598186e-06,1
0.06899954657061264,0.927371125892984,2.0712511317911562e-05,1.4933539077644076e-07,0.003589867241351187,1.5004742518921598e-05,3.593705824491514e-06,1
0.10392789995019788,0.8960186292549576,1.9927160570970207e-05,1.4367308074117087e-07,1.6137095429780233e-05,1.3615935033999926e-05,3.646930729224802e-06,1
0.2253248090856449,0.7746176901485188,1.8904887060280272e-05,1.644945518140277e-07,1.9918081439918104e-05,1.4337849507460347e-05,4.175453277022493e-06,0
0.44292159741592113,0.5569678629418757,3.766350174275693e-05,2.7913885587677627e-07,4.532701357007994e-05,1.98556382507394e-05,7.41434978386405e-06,0
0.20039714388658622,0.7995488315475222,1.5389564084192314e-05,1.8008565112499916e-07,1.9208192822257716e-05,1.4463376335276519e-05,4.783346998760631e-06,1
0.18244508458872383,0.8175010794133403,1.8704073789829457e-05,1.5696468690821067e-07,1.5040188873555969e-05,1.544761638115863e-05,4.487154204298758e-06,1
0.169127647808356,0.8308168396524435,2.0984291432031374e-05,1.7580389629030516e-07,1.3960157965235063e-05,1.546158132242365e-05,4.930704584511011e-06,1
0.14218255672772961,0.8577645678905605,2.121407178350282e-05,1.6445549309365438e-07,1.1209721601143126e-05,1.532818259745868e-05,4.958950234555427e-06,1
0.5590998749370281,0.4408259890812276,2.453533123844734e-05,2.4745195480510487e-07,9.993914948577367e-06,2.185892532132795e-05,1.7500358281033437e-05,1
0.44719848983147653,0.5527198534696935,2.4009681862916068e-05,2.421504993548736e-07,1.8223762935712973e-05,2.538414026931605e-05,1.3796963262643533e-05,1
0.24928375763875052,0.7506432862776984,2.606197792928908e-05,2.1098159410185287e-07,1.7759606412305296e-05,2.4133365375712634e-05,4.79015223973273e-06,1
0.26977390373703647,0.7301645909388179,1.8564245347059713e-05,1.8178781941699294e-07,2.1185867320699372e-05,1.4995601117234127e-05,6.577822541251169e-06,1
0.3810237722915431,0.6161347387624727,7.924118116367409e-05,2.288130851112904e-07,0.002548969210940285,0.00020563155008739914,7.4181907076981625e-06,1
0.28289216601592954,0.715880502922247,2.5937135797015145e-05,2.635781633074742e-07,0.001151771359483127,1.7894272143903077e-05,3.146471623585632e-05,1
0.4369477568724367,0.5627861039437028,2.3983416461047157e-05,2.1122344353174902e-07,0.00020928201511573758,1.5081854930622591e-05,1.7580673909644148e-05,1
0.31536100381644716,0.6845690779329514,2.289861697962964e-05,2.0296194688132148e-07,1.6760304551947198e-05,2.2620733760579214e-05,7.43563336260651e-06,1
0.3740128464774478,0.6259218806569371,2.1128919161821212e-05,2.637948656783075e-07,1.6102109303388754e-05,1.999789804741952e-05,7.78014423682402e-06,1
0.4139069397990949,0.5860343470602994,2.356887808052339e-05,2.3298895561217603e-07,1.1650410441371139e-05,1.651374283264346e-05,6.747120295384195e-06,1
0.44638557156129804,0.5535568065366459,1.5228864835129365e-05,1.8033535602018286e-07,1.782122757515713e-05,1.8397715388625865e-05,5.993758901285845e-06,1
0.16912600154367705,0.8307395063682436,1.36681994599653e-05,1.4948622101099954e-07,0.00010588038650712438,1.176320334097618e-05,3.030812550522513e-06,1
0.12814546060452237,0.871374598862318,1.3879592682398534e-05,1.2334973497527362e-07,0.0004486931916955108,1.3085947189434875e-05,4.1584518571924385e-06,1
0.140285637018557,0.8577673400808947,1.5751319693504246e-05,1.5973765778957394e-07,0.0019136650427022514,1.2315526417048429e-05,5.131274077683156e-06,1
0.20909819285223466,0.7810353449161261,2.066538533089194e-05,1.6673124038645424e-07,0.009827215487247045,1.3863436749221422e-05,4.551191071420235e-06,1
0.1940589367137471,0.796952545874608,1.9869993945849277e-05,1.6031391062959655e-07,0.008950781237798052,1.3329846013754663e-05,4.376019976764701e-06,1
0.04054463252696029,0.92388413675436,0.0005257851613065314,9.955927301716115e-08,0.033160518366231594,0.0018772139465493252,7.6136853192514174e-06,1
0.6618160923655313,0.20119712053688052,0.0009892288380174588,1.7144421919807747e-07,0.010156981493615347,0.12583737750764093,3.027814095402361e-06,5
0.10663077634719709,0.8648887295661063,0.0006848975058941467,2.0921743982624003e-07,0.012224342946604655,0.01555447506849408,1.6569348263907862e-05,1
0.16382834790886544,0.8127689662074907,0.000365323079090439,1.8730735266730008e-07,0.02079461497156664,0.0022342670236187383,8.293502015290498e-06,0
0.16460716677133994,0.8169242401411353,0.00026375408576435937,1.8504195652765546e-07,0.012238147323460085,0.005957994933390625,8.511702953246585e-06,0
0.20414183479305872,0.7920369159031655,0.00021949321138328397,1.9593974597042095e-07,0.002653401255194074,0.0009401448924318128,8.014005020813209e-06,0
0.2043092073523411,0.7909704139247581,0.00016399640779096725,2.1096141065579253e-07,0.003617873976394324,0.0009299225006905809,8.374876614336408e-06,0
0.2411917547622106,0.754420279802026,0.00016063819618614787,2.0141578001080534e-07,0.003450694804141576,0.0007686358678854848,7.795151770195167e-06,0
0.23771443590295266,0.7578262268645547,0.00017422701509888015,1.8155662256679254e-07,0.0034662734996598523,0.0008112316643562345,7.423496755083656e-06,0
0.250919461217346,0.7449174116674766,0.00013578723852267658,1.7846398627968864e-07,0.0034072289820073444,0.0006126353857816446,7.297044879534342e-06,0
0.18896401604753332,0.8028134399926933,0.00010687181222381077,1.658019250042023e-07,0.007332588087333232,0.0007782113803951243,4.706877896093138e-06,0
0.17720846972858123,0.8101546706163558,9.566462820026912e-05,1.7896156311354295e-07,0.012396877625077988,0.00013958481527962433,4.553624941993115e-06,1
0.07584059538108028,0.9211274694389427,2.074091556496269e-05,2.1944626896968926e-07,0.0029794218164802618,2.6688282556987637e-05,4.864719105704676e-06,1
0.0005985265505739151,0.35613130058122283,0.6176136377956128,0.00051065768575808,0.00014730479269011042,0.024994391294670733,4.18129947148162e-06,1
0.00037728228297937235,0.1680095009840468,0.3852332431562213,0.00025414776555218385,6.883082812721096e-05,0.44603903937589573,1.795560717748933e-05,1
0.000422256176799048,0.06990977525419367,0.6717188504662723,0.0004979381201250888,8.926938566491243e-05,0.2573585877490081,3.3228479366329797e-06,1
0.00048588655751712084,0.0056843370617432765,0.6941293653690092,0.00032903979215613777,6.038653970553485e-05,0.29929498452561315,1.6000154255415583e-05,2
0.00030618938224834843,0.004121947154185015,0.8932913773962824,0.00015557733283542914,2.5971960989590895e-05,0.10208678533563204,1.2151437827165757e-05,2
0.00028189096648347607,0.0213953510341437,0.9648822456191147,6.802267788344556e-05,1.3081200610609095e-05,0.013345551123261192,1.3857378503039485e-05,2
0.00039190800148517765,0.0400770088488619,0.9348495010929754,0.00011409615299219105,1.8824769132380748e-05,0.024527325284869565,2.133584968330298e-05,2
0.000388268477478199,0.004682261023311646,0.5218523605139351,2.4528338315813264e-05,6.632004882041526e-05,0.4729807444478981,5.517150240705759e-06,2
0.00026683924357500614,0.000888657387206802,0.7089442127083796,0.0002400407530228223,4.8880165376186886e-05,0.28960592977705574,5.4399653837095e-06,2
0.00014534567375815204,0.0018753303726381,0.9744312089908241,0.00014960628780355396,2.4999488371740084e-05,0.023368628930655225,4.88025594883133e-06,2
0.00010334526318741196,0.0014588698415266197,0.9857320139170754,0.00014556635820248947,1.3377661536222487e-05,0.012543093867516206,3.733090955859236e-06,2
5.4284743881106504e-05,0.001090531413180065,0.9937818623306227,8.07956212766677e-06,1.276145012519969e-05,0.005050951531845923,1.5289682173463316e-06,2
6.950610731461601e-05,0.0014594452012788015,0.9942841028720395,1.1054496100160975e-05,1.15461390278205e-05,0.004162303046701041,2.0421375382926714e-06,2
7.913923633247238e-05,0.0016617155407005221,0.9885345404434763,1.5930294093747756e-05,1.3146364550588495e-05,0.009693533817553715,1.994303292389041e-06,2
0.00018301012782527415,0.0036165980197209176,0.9698111141222081,0.0007370561018920657,3.7176805876575905e-05,0.025610192657283856,4.852165193114927e-06,2
0.0005353026426119939,0.00844387724385111,0.900073349262038,0.003795079128799213,0.00014595832688709786,0.08698999199193158,1.644140388107952e-05,2
9.038621196162005e-05,0.0029033441379154334,0.9791445530141035,9.455213173372153e-05,6.169349610139168e-06,0.01775769453771366,3.3006169617994274e-06,2
0.00018895191566072387,0.006101927417587823,0.8187363461300063,2.7556295380936475e-08,3.2853285019640504e-05,0.17493437187201955,5.521823410355924e-06,2
0.000318445864308068,0.01671656116452674,0.8702249094801279,0.007282258161589987,6.14212009200922e-05,0.10539251426865316,3.889859873853951e-06,2
0.000492619132405648,0.04200559894191689,0.8781586592498197,0.00018005485661922834,4.9371183948313604e-05,0.07909260662936211,2.1090005928053973e-05,2
0.00038948650094721755,0.0044827147443985685,0.7649976709160521,0.006974200645842354,6.119374351733919e-05,0.22308405463800793,1.067881123447811e-05,2
0.000543110783083451,0.040384018607859805,0.42475855483064817,0.00023140925748656546,0.00012257257379514287,0.5339531116648222,7.222282304701229e-06,2
0.0005450085654224926,0.002438244186030151,0.493398399644868,0.0002343733832219461,0.00012791189534436313,0.5032391885349966,1.6873790116437486e-05,2
0.0004866962450920156,0.0020337038582902253,0.4040950107879261,5.385029493405742e-05,8.82159501451279e-05,0.5932166576740836,2.586518952871654e-05,2
0.000331619961861874,0.003392377979759169,0.26140663513149565,0.5648553077061471,4.225904984409749e-05,0.16996163967869257,1.0160492199610997e-05,2
0.00048137645694732757,0.0045863671573341,0.6480160521317906,0.0006997162135926225,4.743747326038096e-05,0.3461559136092588,1.3136957816151782e-05,2
6.332583495194133e-05,0.0006239346281781136,0.9943736039909749,4.436350880861276e-05,3.114427696193594e-06,0.004889859832120192,1.797777269969428e-06,2
0.00019525456766224247,0.013342407624799752,0.9137675952324908,8.664895827422157e-05,2.1206519936660153e-05,0.07257962498481499,7.26211202147254e-06,2
0.00014562410748719405,0.008206583565802443,0.885006249521957,0.00043847787634021155,2.831081739149223e-05,0.10617253012420728,2.223986814562423e-06,2
0.00016182695066353217,0.008730419939874294,0.8726467300622087,0.00044172272825718754,3.1460815989276826e-05,0.11798579981507111,2.039687936055697e-06,2
0.000240626358634702,0.01329082321071133,0.814061139617336,0.00028620358770331224,6.161411761970018e-05,0.17205602548465257,3.567623342488804e-06,5
0.0003436789932176469,0.016288610694297215,0.6830406587023929,0.0003275847741045721,8.378420249476824e-05,0.29991312357258,2.559060912913413e-06,5
0.0004284649658493372,0.02188330011193998,0.7730104934868642,0.004394090224654624,0.00012814470507329373,0.2001523161216602,3.190383957984426e-06,5
0.00039187321896981504,0.019070683744596695,0.7224946131000891,0.006393184400600443,0.00011720356689554327,0.2515295239834394,2.9179854089813998e-06,2
0.0003442809775453491,0.017704262284777103,0.7301984741686297,0.005726049675325269,7.474786950522934e-05,0.24594953046229773,2.6545619197383133e-06,5
0.00017886545863843187,0.01106451439730473,0.9491497539825874,0.0012056368741778637,5.012575376492972e-05,0.03834510550546655,5.998028060074134e-06,2
0.00016632847360032856,0.005982544386470489,0.987142274307634,4.420533017528204e-08,3.689931119974654e-05,0.006666124575055691,5.784740709450025e-06,2
0.00010045450786617226,0.0012115416633943841,0.9957297236436652,0.0003291874076271204,2.472969820413741e-05,0.0026003478419676035,4.015237275431351e-06,2
0.0002499495995759811,0.002932260983343777,0.8411527754098006,0.0002759704877151584,3.7157780217819487e-05,0.15534331154207365,8.574197273043549e-06,2
0.0001988000187150592,0.0021993352131150726,0.9357087721998789,0.0017293093456938234,3.528601011767972e-05,0.06012074454284947,7.752669630043645e-06,2
0.738536664484235,0.01654451052641624,1.2127279202199298e-05,2.0070772370416673e-07,1.3653997919021156e-05,6.904983204954225e-06,0.24488593802129877,6
0.5407532763937136,0.016761160787462353,7.562106472016676e-06,1.4396734211303536e-07,9.350314439193728e-06,4.9529338532963035e-06,0.4424635534967174,6
0.6132359002383936,0.058663128021397976,5.5452323181425866e-06,1.0381521875259816e-07,5.809196881534554e-06,3.571573274190133e-06,0.32808594192251594,6
0.761174722422488,0.0907258247479185,9.677894817539175e-06,1.4102847147097771e-07,7.891541977377824e-06,4.964102762302917e-06,0.14807677826156485,6
0.6714397530427171,0.08913112129552553,7.800359183886762e-06,1.1366859770313888e-07,6.854032653488677e-06,3.910560807454259e-06,0.23941044704051478,0
0.930261145183592,0.0560255770058688,2.1077155435942277e-05,1.4385164310629441e-07,1.6823164068840608e-06,6.669551541969121e-06,0.013683704935511328,0
0.9704200198438127,0.01892069492420904,1.90668245524805e-05,1.3013112936561386e-07,4.196296819895556e-05,5.406283802628885e-06,0.010592719024295101,0
0.6869476038214936,0.21912367455602577,3.150522281357468e-05,2.5193123577007766e-07,1.6947618304690764e-05,1.1166022559128984e-05,0.09386885082756764,1
0.7635149528015182,0.16158226507514217,1.4616672096912538e-05,2.1182826832485665e-07,1.281361641143086e-05,8.579912443153896e-06,0.07486656009411981,1
0.85357057860005,0.11153243026750163,1.8789212919779876e-05,2.35732774094649e-07,9.962762595618872e-06,9.261679581646545e-06,0.03485874174457714,0
0.8625980044807742,0.1070022358404518,1.599580074029444e-05,2.5333114236748436e-07,1.9054149178298594e-06,8.19291722214022e-06,0.03037341221475138,0
0.9435258877792239,0.052102567710698676,1.4618411915874593e-05,1.4681461973815862e-07,9.025472615378312e-06,6.849374910640786e-06,0.004340904436016035,0
0.8523934168977799,0.13643086904957474,1.4210045593560322e-05,1.5537535711859792e-07,2.108331698589191e-05,7.591728238668304e-06,0.011132673586469924,0
0.7097453598672125,0.2802037710453097,1.576860860549248e-05,1.724169832679566e-07,1.8729545682751023e-05,8.424391775989491e-06,0.010007774124430123,0
0.512204751889659,0.48767312525037204,1.3919676183947519e-05,1.798481232481219e-07,1.1082823590511086e-05,8.658785447377226e-06,8.82817266238671e-05,0
0.339408181799014,0.660551084951683,1.4654518513629291e-05,2.3424838553505384e-07,5.022259114036e-06,9.054777808971495e-06,1.176744548065013e-05,0
0.183185505678001,0.8115970874800361,1.5613596318440595e-05,2.0803262449715236e-07,0.005173387914140733,1.1876980501581189e-05,1.6320318377725116e-05,1
0.19193905433610872,0.793735018858975,1.2930313638366163e-05,1.8464239454223962e-07,0.014289637407976358,9.658859294890534e-06,1.3515581612209459e-05,1
0.2730179326174133,0.6633279808834242,3.33353817089781e-05,3.601153681289998e-07,0.06351872747334066,9.769498245380379e-05,3.968546290855124e-06,1
0.04168393624137912,0.1879909056000459,1.148750669343318e-05,6.082613647800207e-08,0.7702861815592627,2.5187441143597283e-05,2.2408253386857808e-06,1
0.24630235578335583,0.662352190190977,5.271331379669683e-05,3.294080318979468e-07,0.09118013694932513,0.00010733955029452876,4.934804218904042e-06,0
0.01855446177239605,0.9680070618958383,0.009587738410687585,2.0237011403578436e-07,0.00046689464013143525,0.0031848822173443122,0.00019875869348841608,1
0.05061210832904874,0.9432364595914922,0.0035165271798564784,1.6791480112250677e-07,0.0017333846967867977,0.0008732544381088726,2.8097849905994407e-05,1
0.13564621416574893,0.8541707233992741,0.0032127374315321943,1.9040774032325438e-07,0.006468360394507627,0.0004699125185292658,3.1861682667504034e-05,1
0.07913570339883669,0.902848096543147,0.0007525062925856126,1.6755852206674004e-07,0.016632353011937037,0.0006277326423460452,3.4405526255058474e-06,1
0.09090379205227986,0.880055890122044,0.0006118343898157187,1.8056801885886874e-07,0.027683979103003877,0.0007405469894427305,3.7767753948688676e-06,1
0.08959946150045754,0.8762780272554024,0.0007113145032138909,1.8129376715944324e-07,0.03260435572974839,0.0008029371329735063,3.722584437333619e-06,1
0.07493649026689306,0.8751615957106761,0.0008279085086087943,2.0712563668410325e-07,0.04840977888069164,0.0006606969125696807,3.3225949239940788e-06,1
0.10209499561143465,0.8430416076308402,0.001511683826032015,1.7806886942754552e-07,0.05176849414758577,0.0015797032926565487,3.337422581304475e-06,1
0.10717001486037603,0.8648509458075845,0.0005062700373536244,2.0130886023625026e-07,0.02392919677898565,0.0035401419214272293,3.2292854128729574e-06,1
0.17496703263954735,0.8040190258310242,0.0005599937447107919,1.8907928345488225e-07,0.017801111546077223,0.0026491033761437423,3.5437832131346035e-06,1
0.17940752540236676,0.8017709800568872,0.0005517786871985364,1.906165503616651e-07,0.015225995671900845,0.0030399569699447837,3.572595151485663e-06,1
0.3687845328508857,0.609396290437309,0.0014389513189545801,2.5942916462565816e-07,0.01629362373794126,0.004081479923001809,4.86230274305708e-06,0
0.44902410696741984,0.5291512787905741,0.0019690194006799005,2.769844648936678e-07,0.015270141757607257,0.004580732867639299,4.443231614464602e-06,0
0.4849181580683107,0.4848697502927573,0.003491750196763563,3.0935839019313383e-07,0.01342142924709718,0.013292880413027754,5.722423653244753e-06,0
0.15878652055471518,0.8274258847737408,0.002706688919216088,2.671405469256438e-07,0.003476356066124448,0.007576842808875817,2.7439736780634295e-05,1
0.06466172234177614,0.9222149174859393,0.0014378977633066612,2.375894050108948e-07,0.002374123282145327,0.009286697189939228,2.4404347488219682e-05,1
0.3104830228895419,0.680657553123359,0.0005212087828860779,2.99411027863914e-08,0.0064903111970417,0.0018116680238820769,3.62060421866142e-05,1
0.1860304556409048,0.8047963865492368,0.0001600112510283246,2.5717493183667174e-07,0.008837232346078796,0.00016375420345409296,1.1902834365381287e-05,1
0.206886341953202,0.7838244228606928,2.614430284494183e-05,2.324584897066083e-07,0.009235750772505196,1.6348769663443195e-05,1.0758882601985794e-05,1
0.06926357166795274,0.8659995804320604,9.43945416853682e-05,1.4163735072473908e-07,0.06446639466549339,0.00017169989630897998,4.217159148397098e-06,1
0.08625646051289122,0.9084024405552114,2.2884452311476793e-05,1.6624457464203822e-07,0.005297092550259141,1.4729291964905092e-05,6.226392787142072e-06,1
0.08233617109314442,0.9113298784512379,2.0313798195835535e-05,1.4788241492951627e-07,0.006295071282404069,1.4858752152164161e-05,3.558740450665594e-06,1
0.07085967380419625,0.9254130506987536,1.848081599968934e-05,1.5190315026891962e-07,0.00368769077469474,1.5262742781517328e-05,5.689260423776819e-06,1
0.07899625548332297,0.9207652687650999,1.8202117690175188e-05,1.4961238825978893e-07,0.00019948007192102492,1.7043577902168593e-05,3.600371675527241e-06,1
0.1788399921483064,0.8211033328096105,2.2733757817139618e-05,1.737935143856613e-07,1.1846225843232096e-05,1.6680738290892024e-05,5.240526617351655e-06,1
0.17424068973861212,0.8257001805458053,2.2919490410127806e-05,1.7940094394208628e-07,1.2228443080510689e-05,1.8392769487795994e-05,5.40961166030763e-06,1
0.4237272392894317,0.5762016964270682,2.8190827262038226e-05,2.025078009155813e-07,1.235578075476965e-05,2.315940783396874e-05,7.15575984848599e-06,1
0.23770280612928887,0.7622248600790269,2.545180132553638e-05,1.9565757553419976e-07,2.098138585254635e-05,2.1156063709198824e-05,4.5488832213114496e-06,1
0.2896220055022514,0.7057272698783332,2.018460254331798e-05,2.2896610279393016e-07,0.004605997838611519,1.768258953843315e-05,6.630622619243224e-06,1
0.34412777525593197,0.6548146998584151,2.662430590769585e-05,2.5127734804199565e-07,0.0009896613519692107,2.7016271026193764e-05,1.397167940182581e-05,1
0.31500357039470667,0.6849425591179494,2.287916666201851e-05,1.659609776516506e-07,1.0013949778005832e-05,1.695294901791422e-05,3.858460908405151e-06,1
0.37751297618285784,0.6224434910886001,1.843020465869379e-05,1.5789567742256284e-07,7.653979147849524e-06,1.2310809263692214e-05,4.9798397942927645e-06,1
0.34711422957229826,0.6528411551162064,1.8899255707490995e-05,1.6549677365561738e-07,8.532319447808455e-06,1.3541957627080438e-05,3.4762819392742454e-06,1
0.35699488386580464,0.6429572288561091,1.9437225620969868e-05,1.8308600298593305e-07,8.775193094588748e-06,1.3927431313755167e-05,5.564342054176179e-06,1
0.3992482030484953,0.6006958082817772,2.249322512745375e-05,2.1187152750880987e-07,1.1084305495744986e-05,1.5760077079718024e-05,6.439190497213465e-06,1
0.15484723562445785,0.845077358663601,1.5361724142813727e-05,1.4799099636181764e-07,4.529580395163551e-05,1.1357002087045319e-05,3.243190763285044e-06,1
0.22452624446050776,0.7740716507437952,1.7047004773854883e-05,1.6316873937039094e-07,0.0013672672181114253,1.2126546308753708e-05,5.500857763549855e-06,1
0.1474642479970225,0.8501260879825427,1.5324620250600613e-05,1.6417235622220558e-07,0.0023773681730330956,1.1533324308108686e-05,5.2737304866764565e-06,1
0.23778585086202528,0.7512321311967803,1.8366260942566552e-05,1.4818158089884697e-07,0.010947137587544595,1.232106214425848e-05,4.0448489819461455e-06,1
0.030309547023068182,0.9424841927014784,0.0005085733653515641,1.0156364561595812e-07,0.025326570082713207,0.0013624901571520044,8.525106591045164e-06,1
0.2725823942337718,0.5719170445743805,0.002598605847506648,2.9479294643506355e-07,0.037655767214155395,0.11523840424756708,7.489089672139011e-06,5
0.1266636987249728,0.857360199683483,0.00037399329381773596,1.5713366703439702e-07,0.010757236762462135,0.004831328339793831,1.3386061803222857e-05,1
0.15607114969672872,0.8304633050584934,2.4615558236027886e-05,1.619223434248568e-07,0.0134250386388857,1.1297323707135706e-05,4.431801605534233e-06,1
0.0005818992604710874,0.3578518211487587,0.612081546202436,0.0005371723276596221,0.0001432126107823121,0.028800283308474544,4.065141417586659e-06,1
0.0006419367805497494,0.3100638912590339,0.6595449613983605,0.0003686672569184815,0.00015610163141476681,0.029216085698459533,8.355975262988212e-06,1
0.0006160848964380499,0.3817884615088036,0.5871092915912361,0.0003213045940220398,0.00013128202901699872,0.030023592046509017,9.983333974113255e-06,1
0.0007240342515353595,0.33238389481947406,0.5110428790659671,0.00011443619644171901,0.00016793283107018433,0.1555538799778413,1.2942857670250585e-05,1
0.0004035401533872755,0.1801839226781605,0.40303340836337237,0.00013777763477463892,5.487781714653923e-05,0.4161652507668438,2.122258631484792e-05,1
0.000639455059867421,0.00849351112455844,0.6762102564461725,0.001122060544577932,7.405586379643763e-05,0.31345388573238037,6.775228646830763e-06,2
0.0005421802051881423,0.00872074973212009,0.7417438810260536,0.0006976159882677699,6.279037566277504e-05,0.24822703810191837,5.74457078922308e-06,2
0.0005236944078243156,0.0731844398786817,0.5136223972128401,0.00016709003271329125,5.613257560695805e-05,0.4124166920333375,2.9553858996257154e-05,2
9.579733818319853e-05,0.0024584663937879847,0.9864587224523471,9.931062443000943e-05,1.9277203679526982e-05,0.010865727787766254,2.698199805626547e-06,2
7.491959426453766e-05,0.0028920855527976375,0.9836358895583059,9.553061571001024e-05,5.48016387343131e-06,0.013293541876626075,2.5526384225614932e-06,2
0.0002143433912388679,0.01029816665734789,0.39982969975796073,0.07892637224655391,6.136628905921971e-05,0.5106675066335923,2.5450242471690256e-06,2
0.00014131197433081766,0.007098858956504509,0.49401587497103616,0.0384391781224451,3.710244828139437e-05,0.46026659544603893,1.0780813630484926e-06,2
0.0002562856817317471,0.012829000828536127,0.8386814743672211,0.0023715705283413927,7.55342925998271e-05,0.14578453235666544,1.601944904459006e-06,2
0.0002567281616918814,0.014925405460872723,0.8238506615749399,0.0006069002862604015,3.314124456539546e-05,0.16031991900004683,7.244271622853468e-06,2
0.00032811861835417214,0.029653933772276275,0.7973937465418995,0.0004670568153605531,4.608273617380096e-05,0.17209880553528462,1.2255980651116032e-05,2
0.0004440672054578842,0.04026109147393283,0.8568606823520353,0.0006588476044362355,6.0063644518314584e-05,0.10169641019485773,1.883752476176128e-05,2
0.00044100485297405044,0.005639328133888769,0.77095508017477,9.020327601728097e-07,6.117453880558154e-05,0.2228963912376369,6.119029164703127e-06,2
0.0003663277190042734,0.004500557175160029,0.8266508931357702,0.000318222322457443,5.0280519273531075e-05,0.16810960086633567,4.1182619989173016e-06,2
0.0002899909463245837,0.0010407064544648342,0.19578006572238174,0.15568039940101397,5.607710679243634e-05,0.6471441316771643,8.628691857973287e-06,2
0.0002803371520939675,0.0026453992132711417,0.2082162390451721,0.00011999288497425886,3.092582801619404e-05,0.7886937563582047,1.3349518267690623e-05,2
0.0002332366432417825,0.01546228504236694,0.9002544752324909,8.462872099403087e-05,2.9432453047653265e-05,0.083927981544466,7.96036339253796e-06,2
5.447221483521069e-05,0.003646127015089432,0.9727170152593863,0.00012735007924758937,7.149176166261762e-06,0.023445806586007686,2.079669267606722e-06,2
0.00018856286959836066,0.009695460014855042,0.880834579557645,0.00046450854141884707,5.1256857920536504e-05,0.10876336700832152,2.2651502405387094e-06,2
0.00015092781920559027,0.0075477733676477385,0.6207971388207076,0.3065422451674362,4.526812683272709e-05,0.06491551966989711,1.1270282730178573e-06,2
0.00026263878178577445,0.014213678441134636,0.8732398906772285,0.006890379950999226,6.44818859552262e-05,0.105326906466215,2.0237966816228717e-06,2
9.447795588154454e-05,0.004928122111888009,0.9727770640883505,0.0010513156421632854,2.6476765211025734e-05,0.021119375237152044,3.1681993535793304e-06,2
0.00020577232587453494,0.0027252535989517896,0.8896412586834748,0.0008982663589591004,5.4129078930667533e-05,0.1064678330986685,7.486855140478249e-06,2
0.00027710952589453093,0.003094976339642068,0.8758478222096872,0.00025221221608870095,3.3820179239443395e-05,0.12048455364608077,9.505883367246644e-06,2
0.00023128918140582098,0.0027133479855791774,0.8590269537191476,0.0002499769022228883,3.312329986570786e-05,0.13773737483598156,7.934075797114549e-06,2
0.00031753046364306795,0.0029533803539584847,0.9534675538033062,0.00014596201765793414,7.876094061164609e-05,0.04303241951075813,4.392910064406138e-06,2
0.00031998488858114366,0.002905706416469669,0.9531896742426753,0.00015244818316226738,6.271088282402854e-05,0.04336504852021179,4.426866075710055e-06,2
0.00045691685681891305,0.0034501232550693977,0.9401760451947042,0.0006821970544785475,5.499559304470653e-05,0.05516655929507632,1.3162750807967085e-05,2
0.6614153246517984,0.01711861143331128,9.970253937472052e-06,1.650087327237933e-07,1.0716899496338237e-05,5.676824524241863e-06,0.32143953492819943,6
0.5579751273656282,0.016354587257104175,8.447368937765533e-06,1.3980482864455966e-07,9.079969726174937e-06,4.809730168556274e-06,0.42564780850360656,6
0.5710676497481689,0.01618459840688411,7.267136400852695e-06,1.3835170349362214e-07,8.985592925982997e-06,4.7597380477911084e-06,0.4127266010258689,6
0.7461008432850457,0.08116563629920445,9.442535279454415e-06,1.3759875906678266e-07,7.464732150484914e-06,4.843379303826853e-06,0.17271163217025703,6
0.8684557112027637,0.09546574373108731,1.026303476909205e-05,1.392382696213373e-07,8.395842527171007e-06,4.790238738591516e-06,0.036054956711844575,0
0.903063760456961,0.07120919081947394,1.2092719623621823e-05,1.4222998354006854e-07,8.411843051049104e-06,4.893163200000464e-06,0.025701508767706504,0
0.8579682809200114,0.10737100641950796,2.9995357703154728e-05,5.977636061405741e-08,2.9568402010203595e-06,8.372477851328284e-06,0.03461932820836448,0
0.977299971492576,0.01669534121845868,1.8148162702119935e-05,1.2386125974136266e-07,1.9385012109743402e-05,5.145802742029245e-06,0.005961884450151567,0
0.9701336068039941,0.01778397080202797,1.8878976238703508e-05,1.2884906411379688e-07,4.154954472639176e-05,5.353020539345143e-06,0.012016512003409209,0
0.6017302240568323,0.309539615080968,2.7289883799771695e-05,2.1822331460344388e-07,1.9891293189932054e-06,9.672029934445191e-06,0.08869099159583184,1
0.7952032754291105,0.16356072467721527,2.2640819649423166e-05,2.137978133635498e-07,1.3683905541790738e-05,9.475884162647314e-06,0.04118998548650692,1
0.7833644367127708,0.17295274384455223,1.6493942670181856e-05,2.2607455745971305e-07,1.271727332709988e-05,9.333550682218472e-06,0.043644048601439896,1
0.7262965734931245,0.18844794753392347,2.0186826560667336e-05,2.2963981956736907e-07,1.375658496334113e-05,9.238404710788034e-06,0.08521206751689776,1
0.9256325644596737,0.064038805901137,1.1153098319504691e-05,1.5069635659584216e-07,6.460295883687211e-06,6.232146983613283e-06,0.010304633401645594,0
0.9517245139786964,0.04571162543804285,1.3683279680323928e-05,1.3305233275127448e-07,8.692369020995064e-07,6.165310788431609e-06,0.0025430097035570066,0
0.9426358368858669,0.053684284963945665,1.5059168645813344e-05,1.4643108702232442e-07,8.073996497637298e-07,6.831481874062209e-06,0.003657033668930775,0
0.937411634527132,0.058635974092363666,1.1734716220749288e-05,1.3590516933906345e-07,6.199387436064843e-06,6.340413909442747e-06,0.003927980957768971,0
0.9457548356765084,0.04996520522976761,1.1322625960591767e-05,1.3544013101047759e-07,1.0975583301490047e-05,5.871278048400654e-06,0.004251654166282314,0
0.9712789831049583,0.020720017117066628,1.3877527177323194e-05,1.5455007034852116e-07,1.136237008434177e-05,7.16367494073267e-06,0.007968441655702183,0
0.9717126380857811,0.0031711033657232193,1.4904265061191786e-05,1.8391490860839984e-07,1.4780384010245007e-05,1.0505980984042391e-05,0.025075884003531678,0
0.8395500159652365,0.14814009235355394,1.54296273361223e-05,1.6871049721637235e-07,2.114153577189871e-05,8.243290761350701e-06,0.012264908516842983,0
0.7493605816884794,0.23616455850180104,1.873860223189987e-05,2.0489146178420662e-07,2.556658513314186e-05,1.0011113249457515e-05,0.014420338617643488,0
0.6805938517327752,0.31087253421677763,1.6547186262494665e-05,1.8093010032340767e-07,1.8607245258331e-05,8.840347512777437e-06,0.008489438341313105,0
0.6171294983028824,0.3808634509317533,8.739428421757094e-06,1.3711564701590703e-07,2.3746538606648647e-05,7.663081313809477e-06,0.0019667646013749357,0
0.5777516810526662,0.4214969972581533,1.407986063008985e-05,1.3807602231243226e-07,2.6008000294791805e-05,7.716754502458712e-06,0.0007033789977306757,0
0.40714686422543683,0.5927875807496317,1.5387805676247882e-05,2.4419785592963886e-07,1.450277204533084e-05,1.0175886730584854e-05,2.5244362623323016e-05,0
0.4188251954691235,0.5777879566220677,1.7698595173329873e-05,2.690198208314236e-07,0.003335105942804289,1.3602937314828697e-05,2.0171413695492875e-05,1
0.17488864414252914,0.8194235257429041,1.528021711606101e-05,2.0835513189398762e-07,0.00564599119169624,1.1099027672670565e-05,1.5251322950058716e-05,1
0.19474077542646084,0.7904634254923303,1.6230401948958528e-05,2.31767021593871e-07,0.014750025696209028,1.2346173395871326e-05,1.6965042633554443e-05,1
0.16761523921756924,0.7599275770999424,1.5559567717070794e-05,2.2218763764535402e-07,0.07241330220094622,1.1835881921093428e-05,1.626384426645218e-05,1
0.3557866208677994,0.5754229320663796,3.092592250289385e-05,2.535444235984057e-07,0.06867012911032783,8.425989811214608e-05,4.878590454516672e-06,1
0.28846989117084626,0.6818910017135553,4.2644528214336935e-05,3.0687590496329756e-07,0.02948711261838972,0.00010342723410941376,5.61585898022964e-06,1
0.49314751964940645,0.4539548290651909,4.08063752289467e-05,2.732290094596072e-07,0.05279178793213484,6.069055293803912e-05,4.093196091302248e-06,0
0.46224275004972504,0.5030186611062683,5.896462389782002e-05,2.5798929291776246e-50,0.034602228152137406,7.262278515228306e-05,4.773282819153178e-06,0
0.35923674342368617,0.5828454631105298,4.7140703347469045e-05,3.253178283794282e-07,0.05779991704082947,6.638537572275568e-05,4.025028056098655e-06,0
0.24353102694158635,0.7329661026536791,4.3194885570823155e-05,4.779274378775543e-07,0.023375680997238905,8.013056055326207e-05,3.3860339336843573e-06,0
0.021765165922454022,0.9698365327984424,0.0039559365656490885,2.025815034343967e-07,0.002168704168352938,0.0022134984675025583,5.9959496095774676e-05,1
0.020423896551136092,0.9741918200960358,0.0025238484787736193,7.353045646969497e-08,0.0003053272172173768,0.0024813894875987184,7.364463878197083e-05,1
0.09056003873348609,0.9016803566015618,0.003628325438325206,1.4840358938599845e-07,0.003709445034038247,0.0003968528275676741,2.4832961431651304e-05,1
0.07758902505856456,0.8572014075366989,0.0010336681472491859,1.7262292575058744e-07,0.06337712288578536,0.0007954825708000705,3.1211779762544707e-06,0
0.07905959752959667,0.8627701665758037,0.001455928530341658,2.0546638013316496e-07,0.055487340487982637,0.0012234654318470403,3.2959780479665124e-06,1
0.17064262734049807,0.810775017142806,0.0005485546949239651,1.920370976903038e-07,0.015339465606366358,0.0026905439588130273,3.599219494907687e-06,1
0.23004294552470508,0.7524888258658183,0.0005554860917150202,1.9189730417859047e-07,0.01384857156081297,0.003060382460203407,3.5965994410812563e-06,1
0.5300359680352422,0.4534083950090249,0.001313827795774949,2.2552163210039483e-07,0.013207532520180417,0.0020304334248357095,3.617693309546464e-06,0
0.6374747981340613,0.349604932111607,0.0008558852562175732,1.530534173667511e-07,0.010509030712441499,0.0015523716893013307,2.8290429538098056e-06,0
0.30208196720267305,0.6890881712340008,0.0005273669944218172,3.045905994079064e-08,0.006857496676132962,0.001402850582562282,4.211685114920637e-05,1
0.31605873470717954,0.6774495282653645,0.0004157462830629141,2.5612636850790246e-07,0.005046945419118083,0.0009887857410365581,4.0003457869844696e-05,1
0.24344649258285142,0.7520127653953406,0.00017791974883263272,2.1743635869327065e-07,0.003873260028381239,0.00045104985963417507,3.829494860136832e-05,1
0.2505644538531376,0.7446757699345851,2.0033511930334074e-05,2.409187843568118e-07,0.004713729773959558,1.5200909804729095e-05,1.0571097798254196e-05,1
0.16138866900390472,0.7972988299556967,0.00014578826544649122,2.0607283954870283e-07,0.040949552059659125,0.00021151103961810727,5.443602835501653e-06,1
0.06585815171939083,0.8712705405268751,9.802197057152582e-05,1.4227082068872019e-07,0.06259472392769548,0.00017440365862852973,4.015926017953404e-06,1
0.07921693574880286,0.8712979135081074,0.00010504903052553554,1.608966384224635e-07,0.049295408973481884,7.97412506461214e-05,4.790591797980566e-06,1
0.14816280947378502,0.8337156578111914,9.566283756048734e-05,1.90732236316066e-07,0.017919321027560473,0.00010067919052478284,5.678927141455234e-06,1
0.07273218561330749,0.914480682268769,8.854560995074196e-05,1.6568882576218348e-07,0.012606691907990795,8.444990076443276e-05,7.2790103918169305e-06,1
0.07013656365267557,0.9148380683166635,2.281414158701231e-05,1.6573380093759131e-07,0.014982435716734474,1.2671452305677315e-05,7.280986232780624e-06,1
0.0756050728797173,0.921005444015063,1.9221437477742723e-05,1.5385385854427323e-07,0.003350946628944756,1.5458743711029264e-05,3.702441227737925e-06,1
0.07288242931435891,0.9238086936310936,1.96416240870606e-05,1.5015497683179853e-07,0.003270384754692409,1.5087091904882943e-05,3.6134288865566908e-06,1
0.056967760198927256,0.9407694350863883,2.2022837398472982e-05,1.4478261888923641e-07,0.002222308786185789,1.4844163577198445e-05,3.484144904179457e-06,1
0.05657703397369724,0.9432227265139639,2.149923549948139e-05,1.4134035335279666e-07,0.00015876780549823973,1.6429823043136436e-05,3.4013079447458493e-06,1
0.06688698897737758,0.9330544978538643,2.3879073979453734e-05,1.4247961400955172e-07,1.6082370628707093e-05,1.479260821165413e-05,3.616636324208943e-06,1
0.09022838808301438,0.9097059610074484,2.570311673862505e-05,1.7455885133301035e-07,1.8799325663281617e-05,1.654298750398293e-05,4.4309207800129975e-06,1
0.43448730147094144,0.5654082762984672,3.757811003864138e-05,2.4770340535327393e-07,3.565231415813618e-05,2.3474915812981832e-05,7.469187176236634e-06,0
0.12499736428936711,0.8749436029300833,2.246169953705762e-05,1.6194688448854496e-07,1.617807971373508e-05,1.5347748143071864e-05,4.883306271579798e-06,1
0.452361720069314,0.5475341239197716,3.431008643679019e-05,3.4634110396562327e-07,2.3674817151774107e-05,3.5104783451447856e-05,1.0719982770220794e-05,1
0.40637615001564953,0.5935486786527673,2.2523201179855494e-05,2.660172287900434e-07,1.9563058087922966e-05,2.4577995075729723e-05,8.24106001081891e-06,1
0.3836308228322115,0.616293541209713,2.7245135708560496e-05,2.422656159451607e-07,1.2968977053864839e-05,2.4806879283491764e-05,1.0372700413571734e-05,1
0.28172488934209966,0.7182186414532998,2.6269753832189622e-05,1.9292424076096462e-07,1.0917402423835719e-05,1.5194889365051184e-05,3.8942347386844775e-06,1
0.31795987565772327,0.6819750158729835,2.2477267392210673e-05,1.89144185465291e-07,1.7898400527270134e-05,2.045178382182687e-05,4.091873366615325e-06,1
0.31577383367768985,0.6841600813895388,2.331713940126436e-05,1.8975020830732735e-07,1.7955747463570385e-05,2.051731186397063e-05,4.1049838342767495e-06,1
0.4116985999982742,0.5882468113260981,1.5765965439221032e-05,1.6626296577202282e-07,2.1613775130557093e-05,1.3714962439626179e-05,3.3277096525509164e-06,1
0.4616527944044038,0.5367486529525786,1.840832645501645e-05,2.466580608918289e-07,0.001555027199357215,1.6882697735260243e-05,7.987761409236501e-06,1
0.19522547981107108,0.80472166920576,2.36492476770934e-05,1.6761340132777613e-07,9.705582571802517e-06,1.5431661072405698e-05,3.8968784463629975e-06,1
0.37220765347368334,0.6277440803027978,1.947009944707556e-05,1.4874125477431823e-07,7.493007226171265e-06,1.3386210157684441e-05,7.768165433118245e-06,1
0.4010641660591747,0.598886479344055,2.2014244759151687e-05,1.2052957364632353e-50,7.850559570453356e-06,1.2916574494500088e-05,6.573217946091223e-06,1
0.40346997773777576,0.5964865542114738,1.8348491627714563e-05,1.4821862457971157e-07,7.540417102485695e-06,1.2128153856215484e-05,5.302769539550219e-06,1
0.2979402510445121,0.701998844385638,2.6647970714227706e-05,2.2362677916026714e-07,1.1798840999308311e-05,1.786723150558829e-05,4.3668998514124755e-06,1
0.14300701361583706,0.8569481149933987,1.5928942567131497e-05,1.5747453817996278e-07,1.456265483377936e-05,1.1468585516212091e-05,2.7537333089581854e-06,1
0.17576050752260142,0.8241875308800256,1.52715063266306e-05,1.4712186055502907e-07,2.272791613109475e-05,1.1174974752329676e-05,2.640078302271224e-06,1
0.16053102588755275,0.8394182520833255,1.7547331314037308e-05,1.7712564667099555e-07,1.6133089738729424e-05,1.4144055949663677e-05,2.7204264725750042e-06,1
0.22406354320887922,0.7748221302045933,1.7473599299530107e-05,1.574994097535488e-07,0.0010786419229648404,1.2743835463647762e-05,5.30972938959008e-06,1
0.250774105476647,0.7443368916291898,1.794857218545694e-05,1.6322245259091036e-07,0.004854686409775497,1.2584198707776416e-05,3.620491041849083e-06,1
0.2583700589614452,0.7280612489699808,1.9293301777267685e-05,1.5566107696358073e-07,0.013532051121831154,1.294297031437194e-05,4.249013574194358e-06,1
0.1929447363681257,0.7746216830599436,0.0001598949807266275,1.6530541069232324e-07,0.03161863399617956,0.0006511453256025596,3.7409640113960652e-06,1
0.07617236323360663,0.8674810499964966,0.00280184162610792,3.0947345050242347e-07,0.0414682818345686,0.012059150666736528,1.7003169033323942e-05,1
0.14375513360722966,0.8285801779344455,0.00033095468687029106,1.909511387051174e-07,0.02616849530623804,0.0011547334574815078,1.0314056596325577e-05,0
0.1240409397169595,0.8285182880074762,0.00018716925995352555,1.8761178463831422e-07,0.046745269975073896,0.0005024882294336351,5.657199318405916e-06,0
0.12648416376063978,0.8663191516636718,1.899220827377769e-05,1.4528608310571927e-07,0.007159886612550968,1.320288065248057e-05,4.457588128483005e-06,1
0.11552305026841932,0.8796327483580169,2.131354921118048e-05,1.7749297764291234e-07,0.004803930140519266,1.4068288117738633e-05,4.711902738076501e-06,1
0.0006415043122915872,0.33303868514421064,0.6402722839505411,0.00032610642167065244,0.00015834533634610313,0.025556079493361906,6.995341577929252e-06,1
0.0007160480527134002,0.31438604750163046,0.49187801350244614,0.00014912143451967843,0.00016608050851111062,0.19269470013993104,9.988860248026527e-06,1
0.0005394030659559811,0.16992392858244024,0.4486438522745651,0.00024467607124572193,9.522964497644994e-05,0.3805326278466699,2.0282514146518546e-05,1
0.0004646869092258401,0.04412374222159708,0.6813262813788655,0.00010852838690167152,4.980781286943502e-05,0.2739084679999875,1.8485290552866472e-05,2
0.00045343237308688016,0.029700649862280975,0.6129106289909736,0.00017139833973693134,7.466585928712797e-05,0.35666363584155225,2.5588733082373234e-05,2
0.00012955611362821455,0.0013457749723752921,0.7769381292945665,6.712581622954971e-05,2.1717888385109236e-05,0.22149673482415697,9.610906582768265e-07,2
5.238841145397117e-05,0.0007575168396845666,0.9929274991341841,0.00028547539766809365,1.079187604582788e-05,0.005963853049789247,2.4752911741940677e-06,2
0.00020312119417625776,0.0032850073427370835,0.9627108041911593,0.004653354549785065,5.077270355079889e-05,0.02908970440401466,7.2356145767025056e-06,2
0.0002854758605976441,0.0045466279249216385,0.934675051078275,0.008504450751161132,8.689462932751714e-05,0.05189247867922558,9.02107649133482e-06,2
5.159775789574437e-08,4.11026441500056e-07,8.027785193336197e-05,0.9999088370770972,1.7880440052078544e-08,1.0404213207109266e-05,3.531228233154013e-10,2
0.00033914902281705566,0.0035861879482896627,0.5824715075998267,0.000158092506421997,3.0926637456143916e-05,0.4134037768773639,1.0359407824534213e-05,2
0.0001707513729899579,0.001847856205164631,0.9592894355132704,4.467097336553238e-05,1.2970294740965383e-05,0.03862865817212318,5.6574683452723206e-06,2
0.00019756392366277443,0.006776509919153549,0.9659233474510592,2.5229276548634658e-05,1.3035740401280225e-05,0.02705631970706505,7.993982109450315e-06,2
0.00018119177972051678,0.005500569019501604,0.8772954157614888,0.0002583443573087216,1.727970854520249e-05,0.11674190432782755,5.295045607377097e-06,2
0.00025894452158465307,0.013126524666415514,0.8506567828316618,0.0006559627259481029,4.597894357936657e-05,0.1352488906688942,6.915641916321308e-06,2
0.00042910071138126745,0.03516393787318401,0.742503680784056,1.468683441144922e-20,4.507562697145651e-05,0.22183222454530419,2.5980459103165944e-05,2
0.0002213373183321906,0.0026138359188193467,0.9379287477991135,0.0005438680719973855,1.9365183522346962e-05,0.05866365850590699,9.187202308516328e-06,2
0.0002655804580256478,0.003105546258427824,0.9187323523694443,0.008424624290245207,2.9057357594866316e-05,0.06943205220748763,1.0787058774397003e-05,2
0.0004332853808960926,0.004163900167895938,0.8458684835296748,0.0006001501701445954,5.6580728572616514e-05,0.14887219381342137,5.406209394466501e-06,2
0.0004480320326593738,0.005558247685109142,0.8006450381394377,0.0004546107830002446,6.538286904767413e-05,0.19282546169285925,3.2267978867143125e-06,2
0.0003336759274256694,0.02176213164085943,0.869441897475685,0.00011323151060770384,4.9459401277084534e-05,0.1082946568304057,4.947213739445834e-06,2
0.00032493370714141716,0.020773712743217668,0.8797174932742066,4.5032365501810884e-05,5.6761777589261244e-05,0.09907266005661859,9.406075724573762e-06,2
0.0005355063496361016,0.007579968835105264,0.4267827759444922,0.00036786450780222423,9.617527861283619e-05,0.5646095101950893,2.8198889262153626e-05,2
0.00060171965504778,0.005573400717203113,0.3418642448527009,0.0005458049538468301,6.278603561695836e-05,0.6513233901894874,2.8653596097017973e-05,2
0.0005325817365322621,0.005175963538753222,0.4272372753531793,0.24156439936601465,5.238954379690721e-05,0.3254218879624516,1.550249927182539e-05,2
0.0005427022694718497,0.007135279018372468,0.4256416778326599,0.017247985300278948,9.156125701286329e-05,0.5493330997667193,7.694555484621308e-06,2
0.0005085845350447258,0.0036621883752170057,0.7090949663541243,0.0012843680044613284,6.182611347937917e-05,0.2853751530551211,1.2913562552263908e-05,2
6.0555160920676556e-05,0.0006339018924102514,0.9926892400534338,2.641737610776318e-05,3.5064118124869115e-06,0.00658449994927056,1.8791560445014388e-06,2
5.358781293754157e-05,0.002228307830576401,0.992893332042326,4.721292990577496e-05,2.9154868698865974e-06,0.004772861737767004,1.782159617437768e-06,2
0.00018852182418974023,0.014487164874343742,0.9470640310232489,0.00020158587749668588,2.553332318609808e-05,0.03802986155181498,3.301525719754208e-06,2
0.00037906334106088587,0.02420555172196868,0.7970037972780337,0.010409190590376993,0.00010730636133544685,0.1678922681073507,2.822599873508085e-06,5
0.00016752145835160202,0.009184246725934946,0.939251871559558,0.0034592777018326057,4.0666630919871896e-05,0.04789431818718315,2.0977362197942057e-06,2
0.00025173452036547476,0.0034743854505449446,0.8428349536739038,0.00015167097724225765,3.321089556697081e-05,0.15324540905570744,8.635426668857095e-06,2
0.5281374903742881,0.014896734487678564,8.634783466691413e-06,1.4290655846067375e-07,9.83497213141968e-06,4.916439526279556e-06,0.45694224603635053,6
0.4561759284718763,0.044932196380463287,4.2874648540610895e-06,8.026789071797066e-08,4.491557076592123e-06,2.825373159626889e-06,0.49888019048467935,6
0.7786990083211168,0.10482825808812711,9.394838897014626e-06,1.3690371659763036e-07,8.255072754523885e-06,4.709922699316756e-06,0.11645023685268859,0
0.872730353771182,0.09424140867694743,9.275706617092638e-06,1.3745255793343202e-07,8.288166999664424e-06,4.728804584557412e-06,0.03300580742111124,0
0.8920826787427028,0.07704421589056659,1.2160428335587658e-05,1.430263477400297e-07,8.62425751287613e-06,4.920560657977036e-06,0.030847257093876434,0
0.9059968451565034,0.06998308451036044,1.2125710771505839e-05,1.4261801291365508e-07,6.443367634898131e-06,4.90651264295261e-06,0.023996452124074048,0
0.912628768868178,0.06774426269786202,1.2332375464401686e-05,1.4504872467939154e-07,6.553185246300377e-06,4.9901368483829586e-06,0.01960294768767626,0
0.9224584073123399,0.06237295637528771,9.875166801160418e-06,1.1614796797577701e-07,5.247472198111459e-06,3.9958590200764245e-06,0.015149401666384982,0
0.9577618065439185,0.028838424346411495,2.1521037928174093e-05,1.4688114232158113e-07,1.7123094680831758e-06,6.810011537603509e-06,0.013369578869594168,0
0.968396553584929,0.022195262449496326,1.8845172867479076e-05,1.2861835601336344e-07,4.0030728263980535e-05,5.343435796074344e-06,0.009343836010290912,0
0.6820755517972944,0.2630332251071278,2.9785214870204058e-05,2.3817720745319157e-07,2.0640555143365347e-06,1.055642053818145e-05,0.05484857922744766,1
0.87414777547102,0.09567101009384352,1.184837846533638e-05,1.678893381052709e-07,7.516588826110678e-06,6.596186129305118e-06,0.030155085392377746,0
0.96547142785546,0.025778192429436953,1.3794549467303078e-05,1.5362597120916412e-07,1.148191689730752e-05,7.120841276325813e-06,0.008717828781490584,0
0.8966305329543846,0.09654698332518931,1.6944485523336056e-05,1.6517064604894294e-07,3.12314312698072e-28,8.070331621839637e-06,0.006797303732634925,0
0.8279597738007012,0.14312694151015948,1.8278421466449296e-05,1.998597572551659e-07,2.5044927713976518e-05,9.765261306973508e-06,0.02885999621889451,0
0.7749560451142474,0.21403756797952986,1.8525696794782958e-05,2.0256351300271063e-07,2.527610108764075e-05,9.897368349169585e-06,0.010952485176477898,0
0.2949377015848139,0.5900214902794104,3.0366744331544188e-05,2.5516156270884213e-07,0.11492028406124842,8.517534497122396e-05,4.7268236619412945e-06,1
0.026284991786714687,0.1562931379288427,1.119250487569706e-05,6.661767323216412e-08,0.8173840692244888,2.2331476537699983e-05,4.210460867195041e-06,1
0.3501486221462778,0.622861123259491,6.048007623868049e-05,4.607498997557441e-07,0.026772449160315077,0.00013830040682262504,1.8564200955031848e-05,0
0.49442373316682886,0.47329134248105237,4.8568618538634204e-05,3.852686676775751e-07,0.03213820007134502,6.78522798589279e-05,2.9918113708515372e-05,0
0.6592838684271103,0.3358819715973275,2.8278785149876476e-05,2.5719139997374064e-07,0.0047384608437976185,6.245782847323938e-05,4.705326741394789e-06,0
0.47100995882469077,0.5237880522795824,3.338709561356905e-05,3.0386992072288424e-07,0.005088945111036727,7.379350704815372e-05,5.559312107748881e-06,0
0.10298785538351597,0.8891834140341802,5.660299015417896e-05,2.6763412334260365e-07,0.007715548282809026,5.2175908517833814e-05,4.1357666993934806e-06,1
0.021735994511424696,0.9732689382964314,0.002788703917306326,7.29209940362322e-08,0.0012396297472259464,0.000920646883954407,4.601372266311321e-05,1
0.06372116696063652,0.9284966522465451,0.0028254703993805036,1.3081209804508275e-07,0.004543832818049982,0.00039085745590197615,2.188930738796142e-05,1
0.05404974866466209,0.9376953640606762,0.0020238455664074247,1.4720036744414657e-07,0.005557573785207654,0.0006486891011490238,2.46316215301075e-05,1
0.08890167201887031,0.8966725875616326,0.0010151994322988261,2.018592325764774e-07,0.012695496406180192,0.0007078715947849351,6.971127000761897e-06,1
0.06902162061985503,0.9107614683958485,0.0012367214404078613,1.9879848213528882e-07,0.016967490196302205,0.002009311533788921,3.1890153156069123e-06,1
0.26565241876242884,0.7080859519294918,0.0014090547578626015,2.926884765680427e-07,0.018879117074707803,0.005968469640347105,4.69514668548597e-06,1
0.5025156875957456,0.47792936093174393,0.0016824117952387405,2.3771816025567923e-07,0.01552216762763807,0.002346320988203744,3.8133432695796777e-06,0
0.6146377768565725,0.37243315838040314,0.0007637705681737538,1.8017773383059887e-07,0.010996878546785245,0.0011653451587630608,2.8903115685063365e-06,0
0.7259272401859207,0.2579627794726973,0.002495211645145227,1.370410007091539e-07,0.012169674393487278,0.0014421697216956382,2.787540053088626e-06,0
0.11422081403359305,0.8690054693335101,0.001326772674609456,2.4963588707319404e-07,0.004619870078574357,0.010810281611786961,1.654263203880781e-05,1
0.2546980988634737,0.7360314605389062,0.0011943480176833518,3.2026118116023155e-08,0.005017137307763311,0.0030426173346032293,1.630591145210687e-05,1
0.30813447440675806,0.6848986711020019,0.001309531202254131,3.035775552811665e-08,0.002973567348667359,0.002656829196706812,2.6896385856368556e-05,1
0.3788866183253363,0.6163395790437319,0.0003275437559487085,2.0292941169397779e-07,0.003786343855777198,0.0006239721085084024,3.5739981285693325e-05,1
0.16741498899515325,0.8067814725626273,0.00017625764166577615,2.4811979772804846e-07,0.025339331093694517,0.00028034344710333776,7.358139957981606e-06,1
0.18162686749351134,0.7860920520397637,0.00017343159486049288,2.2793288453380425e-07,0.03186745191843486,0.00023394796459581474,6.021055949292364e-06,1
0.08271667693446215,0.9144651052926417,2.1372684762121925e-05,1.5526230817660506e-07,0.002778992457872207,1.3756261659681242e-05,3.941106293945944e-06,1
0.05767519439388698,0.9398953760124199,2.0123492197027937e-05,1.3986276658927332e-07,0.002391460743754974,1.4339744656774168e-05,3.3657503175105573e-06,1
0.06886059536406133,0.9289724369741377,2.376778084030256e-05,1.5283778876233027e-07,0.002123914395577633,1.5253084174885211e-05,3.879563419596017e-06,1
0.07866559999753345,0.921277631752324,2.2577518630779155e-05,1.533318219037616e-07,1.5317456987489912e-05,1.4827838975194725e-05,3.892103727324137e-06,1
0.0983758471763585,0.9015686912554969,2.107557209152574e-05,1.5067642949495697e-07,1.6227279488980684e-05,1.4183339654595032e-05,3.824700480147542e-06,1
0.15254841927108856,0.8473899901034827,2.3394140477613103e-05,1.7126813007193313e-07,1.8444927475039324e-05,1.523289870540171e-05,4.347390640432043e-06,0
0.417697029712061,0.5821894994543269,4.202576995671054e-05,2.609388986350952e-07,4.048933043593671e-05,2.4071242553371855e-05,6.623551767479482e-06,0
0.1407611552620778,0.8591814552924754,2.256173560552735e-05,1.642471739741236e-07,1.3772712137139905e-05,1.61954116500949e-05,4.695338880095751e-06,1
0.1739175739078618,0.8260311062392506,2.0357964224798006e-05,1.7736238901362514e-07,1.0819335708301516e-05,1.5252010539431299e-05,4.713180026041737e-06,1
0.2776621994477129,0.7222886645653277,2.2226801535619785e-05,1.588931714526241e-07,8.6576078388817e-06,1.4417927451402655e-05,3.6747569620506398e-06,1
0.33881055237667584,0.654997488610399,2.7388606917534403e-05,3.871140845356615e-07,0.0061331121038321786,2.5720062933802864e-05,5.351125157117094e-06,1
0.25960526854267957,0.7392806530260396,2.458689426417521e-05,4.124902574775864e-07,0.0010553992992408223,2.790669104041256e-05,5.773056478027885e-06,1
0.22113242610930225,0.7776629368728227,2.0082445430023444e-05,2.2139341088635966e-07,0.001155551012833286,2.0234801815047205e-05,8.547364385781944e-06,1
0.35719332145583654,0.6427533890835397,2.3748579867613782e-05,1.7622105969457088e-07,1.0769933189895793e-05,1.473485388372198e-05,3.859872622953336e-06,1
0.3018870083638324,0.6980593831111046,2.2258030994956658e-05,1.7848249540339183e-50,8.446491341628352e-06,1.5763192502058213e-05,7.140810224515163e-06,1
0.37035867350278007,0.6295762069483413,2.6005180554990022e-05,1.8857176226372425e-07,9.132715762957649e-06,1.5549723761765038e-05,1.4243357036645905e-05,1
0.41118237505085875,0.5887699546347475,1.9597394407710605e-05,1.8162489074560248e-07,8.221825227346176e-06,1.2857726334851552e-05,6.811743532936717e-06,1
0.3561222385521833,0.6438279782332259,2.070349074684684e-05,1.9766376657558074e-07,1.0429011492981701e-05,1.4593144702934364e-05,3.859903881502126e-06,1
0.30665303465047133,0.6932867489775437,2.674656112431967e-05,2.2750463050687077e-07,1.2003441502116337e-05,1.6796239650249244e-05,4.442625077760018e-06,1
0.1696638219193762,0.8302938289125172,1.824840346882715e-05,1.602265958952653e-07,1.0361920778905724e-05,1.1117713969965886e-05,2.4609032927685817e-06,1
0.14407585194017355,0.8558715833803441,1.8362078874363663e-05,1.6318616940539936e-07,1.676004984895933e-05,1.4384888597344076e-05,2.8944759925569383e-06,1
0.21264566165055365,0.7809999170264859,2.1191162215375038e-05,1.927102297779396e-07,0.0063153894454434775,1.33734359208837e-05,4.274569150926747e-06,1
0.17512149503639562,0.8126755669734775,2.0937205405530468e-05,1.6892432304524558e-07,0.012154690538256784,2.3318459897965464e-05,3.822862243377578e-06,1
0.21128348849642548,0.7635643233762414,2.0245183171517613e-05,1.6334099016252945e-07,0.025111586540082213,1.654211489423947e-05,3.6509481948417574e-06,1
0.17297875973004037,0.8031769780690758,0.00016578927525126845,1.7139915280173406e-07,0.023479463132482673,0.0001919826276468583,6.855766350191102e-06,1
0.038498385946350126,0.9067747168127982,0.0006098937194924614,2.220835793921522e-07,0.05269381020713654,0.0014081579829844963,1.4813247659044043e-05,1
0.08464451851282916,0.8004850149622026,0.0027349488055189806,2.9278811582631045e-07,0.034168649431521494,0.07795048906068028,1.6086439131566794e-05,1
0.0809422298695405,0.8887807706953654,0.000522306075435064,1.9479026847968493e-07,0.008055807843851933,0.021684178811444233,1.4511914094435618e-05,1
0.12608063971907374,0.8552549611819018,0.0004382207183037336,2.0250323769340757e-07,0.009699640609418974,0.008511248736215114,1.5086531848783253e-05,1
0.15375842849548868,0.8411028871339339,0.00027847541049153397,1.5747296201297458e-07,0.0025226162472515314,0.002325703472598778,1.1731767273409464e-05,1
0.05736709255884247,0.8487350721428151,0.0001700815086622396,1.4893476650551633e-07,0.0934780440975083,0.00024507216834063986,4.488589064650443e-06,0
0.11143216087400429,0.8657419974212837,0.00039597113569334226,1.711893228852643e-07,0.02223012864183626,0.00019450632047885824,5.064417380721728e-06,0
0.1360197402952973,0.8420740079752411,2.633996087612993e-05,1.9028085069287242e-07,0.021855947155297477,1.8145116600510934e-05,5.629215836745679e-06,0
0.13428500526390444,0.8548337307561619,2.5066061932548893e-05,1.6123537039094644e-07,0.010837288745386729,1.39779948292277e-05,4.769942414821614e-06,1
0.07577265907919718,0.9183117629253997,2.0488798553218428e-05,1.7795994961172962e-07,0.005876363729111016,1.3823208355198168e-05,4.724299434146932e-06,1
0.07366815391334483,0.92201564638384,2.217254746745343e-05,1.5975029343612672e-07,0.004273167371505635,1.5974025237895073e-05,4.726008310667588e-06,1
0.0006477009159862584,0.314654297057591,0.6603864861842775,0.00036524783506733735,0.00011638738422029891,0.023821400939809223,8.479683048322604e-06,1
0.0005721459691869741,0.2504904284328934,0.7302081930496013,0.0003487580794932062,8.466434415777358e-05,0.018279518636522385,1.6291488145082607e-05,1
0.0005278810930128,0.21697556116497035,0.7523130427495639,0.00032111804589356576,6.715637167558672e-05,0.02978024023182234,1.5000343061440182e-05,1
0.0007744691893289011,0.12379685383795638,0.8140285442341582,0.0001953893368367764,4.50209856176211e-05,0.061137348901130005,2.2373514971945143e-05,1
0.0006867792133688173,0.13153525734909244,0.49070980431776395,0.00018541646881614093,0.0002451425894164017,0.3766257039645585,1.1896096983758392e-05,1
0.0004736322953078365,0.1699256394826533,0.40149894439810196,0.0004479864261742367,8.801540543397313e-05,0.42754703600512833,1.8745987200389063e-05,1
0.00012601173639048582,0.01071839167450198,0.9659388192024534,0.0001369148646313976,7.70391431016039e-06,0.02306734766443961,4.810943273040117e-06,2
0.0003339633431403476,0.04966364807397772,0.7878078751992962,7.132589014105841e-05,4.2070836267027884e-05,0.1620620526168087,1.9064040369117136e-05,2
0.0004140259912855665,0.03906351177953035,0.731085906304691,0.0001321727106232353,4.774453612278022e-05,0.22923938589691129,1.725278083579625e-05,2
0.00018374591189069088,0.010662565045397419,0.811842255659505,2.312264680849996e-05,2.9034678869740242e-05,0.17725611242218872,3.1636353398190436e-06,2
6.552860344543507e-05,0.0009570217642498737,0.9856960191504118,0.0006333629192529899,1.3816693811191768e-05,0.012631154718950027,3.0961498786475056e-06,2
0.00012542367726537507,0.0022522028777631387,0.9768352813553427,0.003772596774618883,3.741639905405208e-05,0.01697286757872621,4.211337229872772e-06,2
0.0002584752731591124,0.005675361505453204,0.940789034169404,0.010052301755748458,7.867604989251818e-05,0.043140881794519685,5.269451823098086e-06,2
0.00018644191149998294,0.008426066437878826,0.6032233978971544,0.00060723720910439,4.1591343330387546e-05,0.38750929204687345,5.973154158627227e-06,2
0.00020832103406892392,0.01067659591294506,0.6670955312192857,0.17013182815536548,6.016256084888122e-05,0.1518256051002467,1.9560172393739828e-06,2
0.00033916603254613745,0.019472432597391235,0.7017647078964186,0.0007781299326097724,7.273430843067245e-05,0.277561636070646,1.1193161957438169e-05,2
0.00018529533392884777,0.00951277895322123,0.8919187290385571,0.02720519762064452,3.4134869180791274e-05,0.07114256794541125,1.2962390565884302e-06,2
0.00024253057623176074,0.014132701751760192,0.6217956095339283,0.1690477352565055,5.7088308409260234e-05,0.1947225216317853,1.8129413796077e-06,2
0.0,0.0,0.0,1.0,0.0,0.0,0.0,3
0.0001764330667979591,0.00213581608543022,0.9286135407396093,0.0004616523788218906,1.543643314962884e-05,0.06858979796594204,7.323330249045878e-06,2
0.0002996601872156971,0.0026415565933357713,0.9150392720546318,0.0002571354593290386,2.850608007941232e-05,0.08172444826395488,9.421361453457477e-06,2
0.0003253657993436852,0.021045468096025307,0.8524941579909233,0.00028320677075028574,4.8227625396091756e-05,0.12579962359930807,3.9501182532794376e-06,2
0.00045928672943594605,0.045693748660688496,0.2611648972792851,0.00010193455995483663,6.485699249242866e-05,0.6925008517304451,1.4424047698198916e-05,2
0.0009049842494085205,0.0034647459802389646,0.8839210340670157,0.05876040723400934,0.00015271217940643125,0.052762725848303604,3.3390441617554446e-05,2
0.00020430833279284552,0.0024285410110944073,0.14221477799212515,0.002956398270718631,3.9231062530682805e-05,0.8521439632928393,1.278003789893411e-05,2
0.0002015951484915106,0.0024989166129286383,0.2087490357589802,0.00013180463359257192,2.921338488744769e-05,0.788376824140225,1.2610320894620773e-05,2
0.0004001924707974224,0.0037128420384789943,0.5758462808749164,0.001021413708737516,6.788073576197863e-05,0.4189381372537413,1.3252917566266368e-05,2
0.00040542839351087454,0.003333959192973806,0.9180719528030598,0.00011350890159594356,2.008166790379966e-05,0.07804105399642275,1.4015044532902123e-05,2
0.0001680233370894507,0.0016606588325041715,0.9750371519534996,6.597061983068837e-05,8.346943352321022e-06,0.023055078245765567,4.770067958410161e-06,2
0.00016374884849489627,0.012894857968704227,0.9211883195250952,0.00018539165553421873,2.3888103456698614e-05,0.06554092621462985,2.867684084904251e-06,2
0.00011045396037250492,0.006540686388345574,0.9660659150702032,0.0015502437673222337,1.6015147095877266e-05,0.025712971631890267,3.7140347702637725e-06,2
7.5145533704056e-05,0.0030488365146157247,0.9833990571394615,0.0010744194871126266,1.2685671459045579e-05,0.012388277892388609,1.5777612581976442e-06,2
0.00021909135330960462,0.01211223451178638,0.7377863534607765,0.18269650276668506,6.0490471294852196e-05,0.06712365244117408,1.6749949737209721e-06,2
0.00016415287123410172,0.007802206091044589,0.8247547910036127,0.11514369058567799,5.2340663124110714e-05,0.052081593001166854,1.2257841394096011e-06,2
0.00015311426321282538,0.007881819703664937,0.9322530521447889,0.01407805031355169,3.210407703574973e-05,0.045600028427764276,1.8310699815562647e-06,2
0.00015477546713822478,0.009455928353095805,0.9352046714436436,0.0022394985065203226,3.459258741800239e-05,0.05290560438802814,4.929254155686517e-06,2
0.0002351033509810476,0.014433927451897744,0.9236173332438122,0.0028837085259371988,6.434795337673082e-05,0.05875809195551893,7.487518476065679e-06,2
0.00025269980562842557,0.014151472916477717,0.9388067179871394,0.0012817196622455101,5.204184540380474e-05,0.045447862787200956,7.484995904164445e-06,2
0.00029852841817705483,0.004104165081793411,0.7447588671754065,0.0002685240717626948,7.083807287552587e-05,0.2504888365492602,1.0240630724761815e-05,2
0.0001333529966374232,0.001197219295115143,0.9894224731274762,0.0004405882126251009,2.653764369733001e-05,0.008777541956506143,2.2867679423466756e-06,2
0.8178493466654139,0.10795276834173344,9.51403687689652e-06,1.4098426772065373e-07,8.501123389497628e-06,4.850306619035579e-06,0.07417487854169941,0
0.8717613774288475,0.09387420399962573,1.1877262103497926e-05,1.396958538740714e-07,6.434691235496634e-06,4.805981090314053e-06,0.034341160941243495,0
0.8833846022781751,0.09067967194455002,1.1937198307123707e-05,1.4040080077770235e-07,6.467162604807089e-06,4.830233502927384e-06,0.025912350782059158,0
0.8941879506269416,0.072320572370762,1.2117674294961477e-05,1.425234909233832e-07,6.439097207057624e-06,4.903260786256311e-06,0.033467874446517075,0
0.8812333756384971,0.09439349612680085,2.3296090601489027e-05,1.5999389900957833e-07,2.2964492672094605e-06,6.65301391714958e-06,0.024340722687017122,0
0.9485494714612931,0.0346084076885434,2.2630953190200586e-05,2.978913622461027e-07,1.7480339846411485e-06,7.161227671573875e-06,0.016810282743954966,0
0.977912456582035,0.014125073577455453,1.7922958830905416e-05,1.2232424270855837e-07,2.7860280604583503e-15,5.081947534368146e-06,0.007939342609898651,0
0.6722409949831214,0.3143163553309127,2.489211088963396e-05,1.9679579026821948e-07,1.4800292532971166e-06,8.768797770832432e-06,0.013407311952261884,1
0.5789955821799633,0.3811376628954066,2.425972797418352e-05,1.992232937060688e-07,1.7264789622622145e-06,8.876962110656416e-06,0.03983169253228922,1
0.6942859200551753,0.25000237622212784,3.097422247304326e-05,2.476850962402606e-07,1.9842515676413513e-06,1.0977826404594111e-05,0.05566751973715541,1
0.8709640530623147,0.09689662340728654,1.1132719921628257e-05,1.8736528080951086e-07,9.19711960369294e-06,7.361374345368586e-06,0.032111444951247604,1
0.8913700222552865,0.07926403672806288,1.0172049134044837e-05,1.7119705299562584e-07,7.869906389655615e-06,6.726142583512916e-06,0.02934100172149031,0
0.9143259431630506,0.07436534148057167,1.4729423372891418e-05,1.8479793950554344e-07,7.511755946220471e-06,7.642440383321107e-06,0.011278646938735641,0
0.9525476321213538,0.04378461914162885,1.0626920876780248e-05,1.184655939940439e-07,7.373853686566351e-07,5.489397965496712e-06,0.0036507765672123323,0
0.9517951127014033,0.044538565867676586,1.3671688471342353e-05,1.3293962312094927e-07,6.391970267409005e-06,6.2020616261420565e-06,0.003639922770932042,0
0.959541045626369,0.03214836602399073,1.310123969747727e-05,1.4590477763261772e-07,1.0904839321841935e-05,6.7629500064472635e-06,0.008279673415836738,0
0.9639738713116357,0.0033724591949048175,1.5850642490000122e-05,1.9559296972806832e-07,1.3817746951792136e-05,1.0174265473764192e-05,0.03261363124557435,0
0.8113628516297217,0.17453602063611143,1.7912020165218878e-05,1.958534553293512e-07,2.4549783205496238e-05,9.56951111835368e-06,0.01404890056622264,0
0.7910511405154712,0.2001076433587371,1.746360947160902e-05,1.9095044701761125e-07,2.3928479690895677e-05,9.3299473461768e-06,0.008790303138835978,0
0.6868976816595095,0.30627882986440264,1.930510791052007e-05,2.1108574325542274e-07,2.3496494472710007e-05,1.0313769361954153e-05,0.006770162018599331,0
0.19970339748810387,0.8002242498194768,1.7645897813265913e-05,2.1665625828235575e-07,1.9796615771143875e-05,1.3633665726004384e-05,2.1059856850404858e-05,0
0.18729939637851648,0.8126348721935143,1.6342449279778383e-05,2.0065252273330774e-07,1.6266563016479836e-05,1.015632612110515e-05,2.2765437029151735e-05,0
0.26922401911532456,0.7290130017779123,1.199154468497233e-05,2.1031824806158834e-07,0.0017262299482640755,9.886654009550975e-06,1.4660641556692166e-05,1
0.15856394328232995,0.7993964191271503,1.8704289496678046e-05,2.503900575002676e-07,0.04199054295155355,1.2695248285586663e-05,1.7444711126490435e-05,1
0.3211262214094141,0.6389319951249025,3.994449298531202e-05,2.640909889968963e-07,0.03978599512287731,0.00011068751909777309,4.892239734087306e-06,1
0.29064888282040113,0.6728851840511569,5.445977855395524e-05,2.9865968376164124e-07,0.036303445683686646,0.00010205521135308403,5.6737951643848075e-06,1
0.24775408446178868,0.6832148795976148,4.347806423577007e-05,3.0948172087913426e-07,0.06888301634856236,9.914956010527024e-05,5.082485972181075e-06,1
0.28123705645025276,0.6468380321554118,6.074828492056215e-05,3.6206899881545585e-07,0.0717641007446265,9.40397424968224e-05,5.6605532926922496e-06,0
0.255312532852696,0.702867891454311,9.307190128909929e-05,4.1558728508688296e-50,0.041566612839006326,0.0001515362914173531,8.354661280468314e-06,0
0.4271125217233527,0.4946201181504695,7.093045157961283e-05,4.4582903066861376e-07,0.07805920743699427,0.00010781257886111361,2.896382971227057e-05,0
0.734059037483995,0.2630532730321805,2.3534980586691136e-05,2.0089532272615145e-07,0.002810024128206385,4.755137569622734e-05,6.378104012363378e-06,0
0.06709562168720948,0.9204584467389668,4.413986865682536e-05,1.9102569598170746e-07,0.012356928858319127,4.131090304421483e-05,3.3609181074267327e-06,1
0.04804742152264053,0.6337757145354619,3.677569899585522e-05,1.499800078145869e-07,0.31810486507522157,3.243442998366194e-05,2.6387576887264293e-06,1
0.024050652303405792,0.9706125789060408,0.002717995036942836,1.7755069404884884e-07,0.001279535171616667,0.0012865100828362485,5.255094846342451e-05,1
0.02822235352972276,0.9663660137446802,0.0028577470649349436,9.468175345497246e-08,0.0016095545549472253,0.0008844914903890185,5.974493357248642e-05,1
0.08797119351891326,0.904567413789955,0.0009488004315246401,1.6787760814328166e-07,0.005816124847738151,0.0006682079080035994,2.8091626257210396e-05,1
0.10171109972954473,0.8573776615946499,0.00037603023341033437,1.7598721890585456e-07,0.03990572820552409,0.0006261222422253621,3.1820074266662603e-06,1
0.10390341450679089,0.8416079093776928,0.0007303632943704827,1.968932887672714e-07,0.05317212940894566,0.00058282806565398,3.1584532571618905e-06,1
0.08598871477445609,0.8820275692342736,0.0012141775613911628,1.83921481690975e-07,0.02942733914180037,0.001339064999895688,2.9503667014041084e-06,1
0.15415320140434688,0.8144630625312951,0.0008302208788998755,2.1342489737416658e-07,0.02854265782615694,0.0020072202902233376,3.42364418051678e-06,1
0.6708266480194911,0.31504271427827396,0.002490378366073416,2.0098402598765617e-07,0.00860238101807271,0.0030306111246653127,7.066209397554287e-06,0
0.06719063826676437,0.9215273313827754,0.0018559919694030214,2.386286606653207e-07,0.0019435628266017953,0.007457725829623036,2.451109617138821e-05,1
0.31724717141597186,0.674813665625031,0.0006228697984536355,2.9673395455066086e-08,0.0056836553817316456,0.0015915776211563948,4.103048425991951e-05,1
0.2559874168438883,0.7414271019735569,0.000140306429481121,2.183802970047199e-07,0.0020617748129106764,0.000339202198952596,4.397936091342426e-05,1
0.1943793718550096,0.8018831357672082,1.7613816148161795e-05,2.1043518879541893e-07,0.0036843636969917603,1.3277529741652373e-05,2.2026899711865552e-05,1
0.21791219233929854,0.7746509283920687,2.5434952382234132e-05,2.2615139717437744e-07,0.007384839097389542,1.5912096197086886e-05,1.0466971266762985e-05,1
0.14607382294251173,0.8313758424801292,2.77600491766442e-05,2.468246770264278e-07,0.022493793872606065,1.711003765891055e-05,1.1423793240470773e-05,1
0.13892671858821742,0.8345636220452892,0.00013150043488543108,2.5013537463878443e-07,0.026245095019287852,0.00012123675459739403,1.157702234811479e-05,1
0.03804972388815871,0.9514516907384978,1.5124569229600169e-05,1.141755706886853e-07,0.010468881551535898,8.729482400515046e-06,5.735594606616482e-06,1
0.09104834821349496,0.9050022122127974,2.6475424491931382e-05,1.612172279027901e-07,0.0039041353071823538,1.4575361595878184e-05,4.09226320954529e-06,1
0.06849510999089604,0.9244704028150182,2.7705065262011405e-05,1.6802307818395199e-07,0.006986160735716209,1.6188350278342554e-05,4.265019750999196e-06,1
0.060790272529189296,0.9350172156115509,2.7144638974964167e-05,1.64624257464551e-07,0.004144145378171857,1.6878472190423267e-05,4.178745664992509e-06,1
0.07319822817235876,0.9267404514599661,2.447514640549077e-05,1.6621927551414408e-07,1.6604880654047566e-05,1.6074110522499385e-05,4.000010817611069e-06,1
0.07296087639951261,0.9269832728612585,2.2775310862182778e-05,1.546750980934746e-07,1.4070834333711253e-05,1.4923718109056957e-05,3.926200826020905e-06,1
0.16465239565891165,0.8352858251095919,2.3266189365257626e-05,2.158334332016297e-07,1.6986936435508468e-05,1.6570388167214943e-05,4.739884095207525e-06,0
0.5392111672105322,0.46065625108344294,4.441915985043675e-05,3.259325637903946e-07,5.0574258357685845e-05,2.8989034486017272e-05,8.273320766912415e-06,0
0.40985063544334416,0.5900704988370525,2.5794365262319767e-05,2.801890668466818e-07,1.9314178727803958e-05,2.4796891182750355e-05,8.680095363602555e-06,1
0.3033836518040667,0.696546384743402,2.392642345398933e-05,2.7101604167004704e-07,1.905234754260992e-05,2.2357980561155554e-05,4.355684931864406e-06,1
0.29578241780698367,0.704157017535314,2.082493888791678e-05,2.0182657267296197e-07,1.7564732765010612e-05,1.7899228448628374e-05,4.073931028016793e-06,1
0.3372500107731405,0.6549782760893429,2.7387803549282998e-05,3.871027296257121e-07,0.007712867954533254,2.5719308507626776e-05,5.350968196813364e-06,1
0.3196499527547915,0.6795806289215,2.3381524684994225e-05,3.3248637654507353e-50,0.0007172103774484233,2.3337631672834123e-05,5.4887899023533735e-06,1
0.22076920469422587,0.7791740534605595,2.591923285555691e-05,1.6750459482453633e-07,1.1278840407578741e-05,1.575253666328657e-05,3.623730693397326e-06,1
0.3220656654750782,0.6778786752363359,2.3482976097875687e-05,2.7926725275444317e-49,1.1044992284070973e-05,1.7476868708451053e-05,3.654451495243806e-06,1
0.4136746649873335,0.5862806088402358,1.8396500744439137e-05,1.475058173207032e-07,7.718006321085822e-06,1.2069827609216536e-05,6.394331938601726e-06,1
0.12902956759060366,0.8709114380801767,1.9883390974373664e-05,1.7402831273948146e-07,2.2312315018836916e-05,1.3951712515340561e-05,2.6728823979727685e-06,1
0.18838560218154465,0.8115284328803023,3.396659285729154e-05,1.9552957808007443e-07,3.127614714795584e-05,1.7058509033619108e-05,3.4681595361281703e-06,1
0.2231199598920502,0.77679349606349,3.0485059280891004e-05,2.0883912545975105e-07,3.5519775614930466e-05,1.662613596120038e-05,3.704234477421562e-06,1
0.26967614572041043,0.7289364948873487,2.2272527993255945e-05,1.6043561418186226e-07,0.0013489136374936035,1.3167102468368557e-05,2.8456886713658155e-06,1
0.22988534735723726,0.7553662671893715,2.1339870773688127e-05,1.583477691065144e-07,0.01470517792058723,1.812580599587332e-05,3.583508265285317e-06,1
0.061434904706086556,0.5383087197125943,0.00010675413622450272,1.1733963774712804e-07,0.3999012747578165,0.0002425424143324989,5.686933307902241e-06,1
0.07685972955439266,0.8325369566416301,0.002871357038024788,3.404667320827214e-07,0.045054302262583404,0.04265860802684379,1.8706009793174786e-05,1
0.06692493368238339,0.8308204622147414,0.00041429957557690984,1.43921150347045e-07,0.10167020493303726,0.00016570018060002025,4.255492510739913e-06,0
0.1458295867277025,0.8325790899060803,2.6463357292104042e-05,1.9117227096165817e-07,0.02154243993160616,1.657331768156389e-05,5.655587366387116e-06,1
0.14603243271395086,0.8495837728631838,1.957838870839537e-05,1.882870643011914e-07,0.004343564933040292,1.6288837053870784e-05,4.173976998394843e-06,1
0.11430127295717574,0.8811966860574184,2.193951915787473e-05,1.6621094626983695e-07,0.004458398066919217,1.662004991302488e-05,4.9171384696657675e-06,1
0.08372179689558276,0.9129367710828201,2.286981532915603e-05,1.6477401683435492e-07,0.0032995938068244943,1.4398207883821143e-05,4.40541754260858e-06,1
0.0008009000850520105,0.13632387531047424,0.8069227983542366,0.000367547598924639,0.00026312404115985596,0.05530981635839649,1.1938251755850098e-05,1
0.0009138809415648108,0.1831836999742989,0.6974587485510259,0.0003902210894058303,0.00030052929434011056,0.11774416743489155,8.752714473047444e-06,1
0.0005812881201619412,0.009092124238748273,0.7060847378286425,7.0391825433526834e-102,0.00011880428480137543,0.2841166245511058,6.420976540194591e-06,2
0.00036523376013128324,0.004682815835113843,0.9418097840603502,0.0005246509232184107,1.880127384506773e-05,0.052577341679472235,2.1372467868766575e-05,2
0.00033094723853998003,0.004243213904062851,0.9509790824174229,0.00032200131149729766,2.1188071338446487e-05,0.04408765359015432,1.5913466984349063e-05,2
0.00026679779009459005,0.018662210825731718,0.950765235287428,0.00017395618087000388,1.473245594598132e-05,0.030101455192339345,1.5612267590501273e-05,2
0.00022447586139743645,0.026169702772054573,0.8653183659671771,9.483419914241113e-05,1.7870426348628165e-05,0.10816640183295043,8.348940929282865e-06,2
8.790956972817889e-05,0.007949711198048761,0.9850847864960741,7.612231320236544e-05,4.362668854917077e-06,0.0067944304340135184,2.677320078160657e-06,2
0.0001683266268396395,0.03030712604681326,0.9425259861712605,8.259838830211943e-05,2.4613148814054693e-05,0.02688885393958161,2.495678389029548e-06,2
0.0002207384751187837,0.020417259818277227,0.9192760129711276,0.0005481638090667342,4.3303119919321864e-05,0.059486883016403834,7.63879008651158e-06,2
0.00010156164675228397,0.004405360263526977,0.9407003040164454,9.72178129494267e-05,1.9478776201872852e-05,0.05467518102516528,8.964589586455059e-07,2
9.684771375104007e-05,0.004550543756269241,0.9099870678448438,9.239957471170369e-05,2.209698730922087e-05,0.08525018685231131,8.572708037968745e-07,2
6.825592391820976e-05,0.0024976989403241103,0.9511795736271418,8.579018099015616e-05,9.527985473992812e-06,0.046158078104658266,1.0752374932666566e-06,2
3.083767564617335e-05,0.00037300632995312147,0.9919903345077373,1.7497666673789323e-05,6.807231518557519e-06,0.0075802943586541285,1.222229816942903e-06,2
3.883170412780939e-05,0.000613828343639065,0.9972638969563606,2.1041052851864758e-05,6.170516767570786e-06,0.002054394646070302,1.836780182727761e-06,2
0.0002214271145508903,0.004511510220153683,0.9485575922571579,0.003002225997865591,6.71444607435634e-05,0.04363719798892497,2.901960603530547e-06,2
0.0002504162398873206,0.002789967863089604,0.6250315837555909,0.0001297813034944786,2.426507831067052e-05,0.37176464452132074,9.341238306188855e-06,2
0.00017932608685514195,0.0057601902919084316,0.9652755967954988,3.975790299982009e-05,1.3845217857826767e-05,0.02872573997139127,5.543733488530849e-06,2
0.00015201873944884885,0.0056979567655215235,0.904749070915466,0.00029132015640805277,2.346290390083848e-05,0.08908172800999853,4.442509256210394e-06,2
0.00017809709001876382,0.007232870750920559,0.5408193513450879,0.047355458944561585,5.386410547794319e-05,0.40435899904571804,1.3587182152937113e-06,2
0.0003139706764184376,0.014997464378672429,0.7955416899008243,0.0014420525106383607,8.68170308091721e-05,0.1876157567956767,2.248706960610693e-06,2
0.0002827763859333211,0.014269349330706518,0.7512962666917181,0.0006033371750515491,7.819337032594394e-05,0.23346805175767824,2.0252885861771944e-06,2
0.00025787545659859245,0.012504962657801164,0.5255954347853468,0.0004673629473385249,4.639174137686628e-05,0.46112379367444867,4.178737089377047e-06,2
0.0003595354022686997,0.02059969018178013,0.7059935749263853,0.0006215644652446359,6.265672432607879e-05,0.27234462408534865,1.835421464643298e-05,2
0.00017586389663469776,0.014646738383264357,0.8780019903034739,0.00022579701252462803,5.843897878440287e-05,0.10688856399633027,2.607428987808749e-06,2
2.6097052465442804e-06,0.00022239104177174926,0.9996722225182249,1.7652964666468427e-08,2.4760978341563386e-07,0.000102071104903016,4.403671058491768e-07,3
0.0003925368558433902,0.024471501553901702,0.8117812433725975,0.00014529710484255563,5.445124006793056e-05,0.16314952334658525,5.44652616162459e-06,2
0.00047245545597993473,0.00637355365193501,0.38269268239158627,0.001851228664056751,7.480476133048823e-05,0.6085162600862496,1.9014988861971004e-05,2
0.00020176998600525975,0.002493003403060768,0.2074433433177967,0.052318818252053874,3.258751820473413e-05,0.7374979460775611,1.2531445317480315e-05,2
0.000203452335528713,0.0024739486288016276,0.20874534008526568,0.00017227012761962695,2.951193564413775e-05,0.7883628667894975,1.2610097642660385e-05,2
0.00011027178673475424,0.0013706646249424218,0.09793101332364493,0.5662214051953631,1.9224635644038555e-05,0.3343453448282453,2.0756054253885825e-06,2
0.00041098756135236615,0.003879277889960729,0.9223326472999466,0.00010089771745321022,2.15002431347315e-05,0.07324048207162014,1.4207216531981162e-05,2
0.00026245510758624756,0.009944409979372045,0.9471302252569404,7.717444079706377e-05,1.3038057412128794e-05,0.04256204634395101,1.0650813941353788e-05,2
0.0003811632308922295,0.04052228267812889,0.6009067606362107,0.0001626506403956601,6.476611029103952e-05,0.3579567254244479,5.6512796334751056e-06,2
0.00012092582889201397,0.0059176993998021,0.9526627166895465,0.0038309574438891037,1.995743500750398e-05,0.03744467536714211,3.0678357206654347e-06,2
0.0001786566241454987,0.009396966761220803,0.9608235135406564,0.0020344895339097935,2.4726986104220456e-05,0.02753637020461468,5.276349348782974e-06,2
0.00025789213058455485,0.014288974436875386,0.9454475507932969,0.0003587840851697115,5.776982065561177e-05,0.03958143396333194,7.594770085893559e-06,2
0.00028881468425690475,0.016002293792319006,0.9232890238664478,0.0005812464130281263,7.44640107599585e-05,0.05975565181226108,8.50542092691719e-06,2
0.0001341776927151332,0.005157619846932377,0.9650420726688828,0.0005407269924074896,3.0189471278575655e-05,0.029090979256775396,4.234071008212452e-06,2
0.00036257830750420684,0.004784788737916851,0.7580030335224752,0.0015775698723433833,8.744843340954672e-05,0.23517040118116356,1.4179945187248265e-05,2
0.0002609370907387595,0.0033667912687846105,0.7800960428032964,0.0006416208600092345,6.293410094117261e-05,0.2155632731259132,8.40075031677565e-06,2
0.00023067662539444234,0.001803447526735793,0.9793853725728063,0.0010525897997061642,3.4617517404277115e-05,0.01748752550934414,5.770448608604207e-06,2
0.00022865394902033052,0.0018041345338578297,0.9802263769028435,0.0014080745735086547,3.154942614380486e-05,0.01629543796781669,5.772646809124426e-06,2
0.00017018194652360265,0.001329052227398593,0.9855626998581976,0.00014894685394783308,2.4089696313903566e-05,0.012762934319434835,2.0950981840013187e-06,2
0.00019282734492969628,0.001696539294744066,0.9869203481504518,1.8353686102721598e-10,2.612081057311916e-05,0.011163008706651106,1.1555091134353338e-06,2
0.4040399634698187,0.008676524208296362,4.7208052557489456e-06,9.641995805173616e-08,5.381482506068624e-06,3.317152816455401e-06,0.5872699964613486,6
0.4321265232173851,0.00846754056699441,6.302920614782874e-06,1.1776400683523262e-07,6.964762517831323e-06,4.051455889878713e-06,0.5593884993125913,6
0.44764277834417787,0.010001902830315827,6.887709349449106e-06,1.120974156058251e-07,6.256487694534831e-06,3.8565071527485365e-06,0.5423382060238939,6
0.9128111596185332,0.06939245347484987,1.2467631400768959e-05,1.1057287702357859e-07,6.763956815234556e-06,3.804058183115295e-06,0.017773240687340628,0
0.8458481039698696,0.11523765636370079,2.2360653386400146e-05,3.6943928138456227e-07,2.2348038383164087e-06,6.3858670847875794e-06,0.03888288890283873,0
0.8917557034825503,0.07987456085245119,2.3627578138552866e-05,1.4607116078481016e-50,1.753510485084684e-06,7.47659477513058e-06,0.028336877981599944,0
0.9256363210529062,0.024928285053810853,3.2353617084531294e-05,1.8848892548207002e-07,4.830715067325051e-15,1.006395121722507e-05,0.04939278783605071,0
0.6417721351318477,0.3482337005273605,2.1317411039614166e-05,1.9524040584038157e-07,1.3055226467567657e-06,8.829979280494484e-06,0.00996251618741907,1
0.6111773020374465,0.36084217791931045,2.6150282319283005e-05,2.0911050143707508e-07,1.592692755527065e-06,9.317514853137543e-06,0.027943250442813553,1
0.7009210589893874,0.23452767297978097,3.10127891349052e-05,2.479934942109685e-07,1.4863406172152705e-05,1.0991495129266494e-05,0.06449415234690123,1
0.952130034176671,0.044421886427563374,1.0788223235889027e-05,1.2229885983292058e-07,7.816283317804855e-07,5.667021872892101e-06,0.0034307202234653425,0
0.8647235747645611,0.12863361770918305,1.2622920071786326e-05,1.50994120463569e-07,1.6604733793211425e-06,6.4146330954831805e-06,0.006621958505588814,0
0.8628754996503333,0.13051190848882385,1.2802190142360906e-05,1.5313853130336765e-07,1.7699606700793971e-06,6.6384969543201605e-06,0.006591228074544539,0
0.9419636061253299,0.048669455890332884,1.2374478319932492e-05,2.8913184822015623e-07,7.650925222701675e-06,7.587002858347887e-06,0.00933903644608797,0
0.9449308187282377,0.007039928713686506,1.618704112176342e-05,3.78213044279402e-07,1.0555909910080354e-05,9.924549874655551e-06,0.047992206844125265,0
0.6907965673335066,0.3011816578277065,1.5156961042056269e-05,1.6572911179183064e-07,2.3043719048008435e-05,8.097618575377407e-06,0.007975310811009695,0
0.660009168625323,0.33645929204139824,1.5406895801490753e-05,1.5108976887922366e-07,2.910450126746324e-05,8.471681976214542e-06,0.0034784051644647374,0
0.6237105773896127,0.3759089247773544,1.4322808936537816e-05,1.4045852713000037e-07,5.927140850529043e-85,7.849907271999662e-06,0.0003581846582972831,0
0.5916341218780367,0.40800209860788866,1.491769970197744e-05,1.462924023905808e-07,1.8758179991195145e-05,8.312577215269852e-06,0.00032164476476385175,0
0.17813800984767356,0.8217985670754908,1.5079616548332678e-05,1.8514746782894213e-07,1.9672447858369686e-06,9.37151468694401e-06,3.681955334666848e-05,0
0.22766475982750717,0.7722830017537147,1.3187568507943547e-05,1.6257395283639143e-07,1.4528542961061478e-05,8.228922623605131e-06,1.613081073267704e-05,0
0.2907784504690562,0.6851360416703691,4.2772316117824554e-05,3.9542206029995886e-07,0.02392926313449171,0.00010777672565861907,5.300262246147725e-06,1
0.27449151327293714,0.6903547141956815,5.1279304813135495e-05,2.777003345114837e-07,0.03497420075979151,0.00012248118141405207,5.5335850280886515e-06,1
0.30005141738131597,0.6699504923705192,4.805469752771491e-05,3.0832136892372033e-07,0.02983150110148138,0.00011236878450566084,5.8573432812982475e-06,1
0.13381417438277704,0.6873597249256445,4.427360459623198e-05,3.000537828012925e-07,0.17868047027409337,9.61291041298338e-05,4.927654976375877e-06,1
0.24603817898571062,0.6938704302777818,9.122980584940881e-05,4.82627984188262e-07,0.05986056514603146,0.0001301414898842277,8.971666758166309e-06,0
0.24756651077251132,0.7098356514339671,8.954800519288359e-05,5.066800432549956e-07,0.04235706300732065,0.00014300088349164183,7.719217473116563e-06,0
0.22846938105515915,0.7363777233321158,9.271358794294748e-05,4.650098876083397e-07,0.034918287819967524,0.00013434481791764157,7.084377009480477e-06,0
0.17256947382477306,0.7682359784163826,9.782383288380586e-05,5.739970688967634e-07,0.058935817223952816,0.00015158791961953358,8.744785319116477e-06,0
0.029508877540814774,0.055657993405165564,1.0016157622200477e-05,6.295527327993986e-08,0.9148000332666782,1.6718250758281298e-05,6.2984236878948655e-06,0
0.05333881548145364,0.9395563603849308,0.003132933588222744,7.13732672949444e-08,0.0032861956763577667,0.0006601746010308159,2.5448894736807764e-05,1
0.05283063132041616,0.9414480602566421,0.0019448359071439398,6.75699814664307e-08,0.0030463698059215744,0.0007059423470203839,2.4092792874413452e-05,1
0.0650485166461256,0.9293871729613175,0.0013755028971091149,1.6803821382076203e-07,0.0038335172456372526,0.0003270037105546359,2.8118501042457003e-05,1
0.07344424954326707,0.9091950312015818,0.0023221173880589663,1.9254887541080175e-07,0.013809799379217978,0.0011904058386423496,3.820410035669817e-05,1
0.08563621742796879,0.8928292702335359,0.0005781572692124114,1.6249545307938147e-07,0.020423848509065357,0.0005081823138519938,2.4161750912464317e-05,1
0.13245569475487465,0.8471533973108137,0.0005606245300500217,2.0536313436448574e-07,0.01947106785101966,0.0003557158682710566,3.29432183643988e-06,1
0.07184143596290393,0.9102812021133628,0.000806457505096517,2.3778482009704212e-07,0.013172071694626312,0.003894780526600431,3.8144125898921816e-06,1
0.5671426220712833,0.41947393775400194,0.0008000565933746366,2.0215306185904158e-07,0.010953123372950761,0.0016268152276990686,3.2428276284654767e-06,0
0.5868397970074426,0.39701830493597,0.0005430377348584557,1.9102727683289928e-07,0.014271836850234608,0.0013230901620806888,3.742282136709166e-06,0
0.5713660968488972,0.411881265476897,0.0005483808270860744,1.9290684484924546e-07,0.015026382523980707,0.001173902312851392,3.7791034426970805e-06,0
0.6207938530762228,0.3607620869019111,0.0005548675511044316,1.9544881481514799e-07,0.01588438702447279,0.002000997317000292,3.612680473891789e-06,0
0.14861752009790347,0.833440636649776,0.0014467507361574695,2.8018843603925173e-07,0.00571292740470352,0.010763317663911462,1.8567259111937564e-05,1
0.34886192293062535,0.6438194860210669,0.0005115636200821343,2.8168917772781006e-08,0.005395487056385697,0.001372562014729331,3.8950188192828906e-05,1
0.4296337159111648,0.4429205964799472,0.00029820279959302836,2.1848497515549913e-08,0.0024492451923605026,0.0006038804526303219,0.1240943373158066,1
0.1591213762436027,0.837685041080078,2.176640587895442e-05,2.0344479811280199e-07,0.0031503942617214253,1.180252279571195e-05,9.416041124774258e-06,0
0.12560161593419136,0.866497555190196,2.3556866622990536e-05,2.2017975778529078e-07,0.007852835752806101,1.4025490707222135e-05,1.0190585718488682e-05,0
0.07072990743673545,0.8912672035879273,2.9327548285255446e-05,1.784084472594806e-07,0.03795452250494262,1.3548519250371815e-05,5.311994411515252e-06,1
0.03979325609163676,0.9533539660692784,1.6638027345620565e-05,1.1452628740625304e-07,0.006822771341735035,8.934988213299636e-06,4.31895550368108e-06,1
0.13984830135562398,0.8600947365376063,2.3682248650666952e-05,1.6740192918759462e-07,1.1587463852402205e-05,1.647719599842294e-05,5.0477963392630805e-06,1
0.41104453076858677,0.5888794363987375,2.6995447903427684e-05,2.93235723393388e-07,1.5814487082851786e-05,2.7092779660820545e-05,5.836882305391676e-06,1
0.35744688377763145,0.6424930094839766,2.1985073204212708e-05,1.762795129841828e-07,1.7506471714916594e-05,1.643664206734785e-05,4.002271892649247e-06,1
0.3382968629293606,0.6616375845988098,2.3195658626175267e-05,2.1239570775162298e-07,1.812558670060057e-05,2.0052382692936636e-05,3.966448102236024e-06,1
0.39006138347691505,0.6098770546982054,2.043511215646608e-05,2.7423548515214594e-07,2.0514384964759557e-05,1.4364645289215049e-05,5.973446983847329e-06,1
0.498758148369731,0.5011275346508408,2.304717401738297e-05,3.092888798284899e-07,6.659671384271894e-05,1.6200766462334475e-05,8.163036226041318e-06,1
0.29738370127421904,0.701993345949379,1.986177241677728e-05,3.1398912648616343e-07,0.0005714903833352535,2.237251998541361e-05,8.914111537896262e-06,1
0.2646234352802007,0.7340670787210245,1.998502967984269e-05,3.372202111832429e-07,0.0012593743428101743,2.2444014384746802e-05,7.345391688706259e-06,1
0.3387716182148058,0.6608057997474598,2.8523175021799057e-05,2.898579913672891e-07,0.0003477136368683625,2.0929362642739872e-05,2.512600520992265e-05,1
0.35766810395054977,0.6419712558879875,2.828688521197196e-05,2.371594174227667e-07,0.00029516840249597134,1.833261649055544e-05,1.8615097846852708e-05,1
0.33609912711713263,0.663812159943706,3.1069632361493224e-05,2.8281082487577066e-07,1.5914151276882074e-05,3.055803141222459e-05,1.0888313285800364e-05,1
0.18536113618052527,0.8145879141498806,2.387301904576424e-05,1.5428081551579772e-07,9.63615174221171e-06,1.3948565509213646e-05,3.3376524815489597e-06,1
0.4446593515108058,0.5552703734906239,2.180767988816571e-05,1.748571475879456e-07,9.263310309359679e-06,1.689266721148622e-05,2.2136484013563098e-05,1
0.10528162144397245,0.8943713045731653,3.5956233655863266e-05,2.7527745242810965e-07,0.00028950845046263524,1.7106064095474854e-05,4.227957195995698e-06,4
0.12465917953541146,0.8751503139096983,3.408227125061313e-05,1.9679719402123146e-07,0.0001380673865210958,1.4669456351305873e-05,3.490643573365091e-06,4
0.1438992874649486,0.8559173042440262,3.421036412379165e-05,1.9753682542168268e-07,0.00012977029213695165,1.5726335329046226e-05,3.5037626099828877e-06,4
0.18187916891220762,0.8172404256875355,3.2402335315524105e-05,1.7816413022433226e-07,0.0008287225551865128,1.4184033025409556e-05,4.918312599049168e-06,4
0.16083496410600592,0.6805271378201393,2.5290653159151395e-05,1.4802725035361536e-07,0.15859611513450877,1.331380163821362e-05,3.030457298328314e-06,1
0.061885459956053886,0.5380967935816793,9.908007447258876e-05,1.1729344244224055e-07,0.3997438380921934,0.00016902630773271682,5.684694425772748e-06,1
0.058045928690120714,0.9002318947838691,0.0005031140037054481,2.1536955486940579e-07,0.04030697336953275,0.000897508369244434,1.436541397266096e-05,1
0.05340795270633686,0.8424645250603122,0.0005067986607495649,1.8454307203569048e-07,0.10269411041807351,0.0009141193617700918,1.2309249685670767e-05,1
0.138892356772595,0.7620211843671483,0.0011132244197100303,3.0394945451258553e-07,0.09501856599583829,0.0029376648270134534,1.6699668240599615e-05,1
0.3877482276647298,0.2590472427930098,0.0013061273317615304,2.557942911297368e-07,0.025419953771087453,0.32647367515503606,4.517490084114525e-06,5
0.1764011441893841,0.810957434779153,0.0004503634139109802,1.9456910541986244e-07,0.009319606035761955,0.002854681862881699,1.657514980273404e-05,1
0.0515192807389554,0.6797448155329249,0.00028731584428861104,1.1051452193745561e-07,0.2682409214692525,0.00020276101642730283,4.794883629342421e-06,4
0.061031241925109454,0.7812900262546871,0.00038008682766514944,1.2954015216082985e-07,0.1570368005587412,0.0002578108185652478,3.904075079747879e-06,0
0.10817556907399921,0.8729050643533282,2.8223957625919796e-05,1.8290961335954644e-07,0.01886888117794733,1.694853157499897e-05,5.129995911204311e-06,0
0.12128514959908926,0.8753851631028715,1.706072713312683e-05,1.8167380178666682e-07,0.003293519026321133,1.410519721094542e-05,4.820673572292765e-06,1
0.10438150277356581,0.8927455893819257,2.6830360339464378e-05,1.6754887415699222e-07,0.0028269172278572842,1.403598808088538e-05,4.956719356672388e-06,1
0.10745639434934755,0.8906090159192604,2.6766148276613712e-05,1.6714788592195528e-07,0.0018884234331127553,1.4288145484537004e-05,4.944856632100792e-06,1
0.0003662383991786327,0.3438360759765176,0.628299517529038,9.317853263981064e-05,0.0005332284867643865,0.026868081248864327,3.679826997194559e-06,1
0.00046698569765545733,0.06710341345192405,0.9197283889698031,0.0004315037503796939,0.00015342133959566143,0.012108327174751672,7.959615890449573e-06,1
0.00032203848644412014,0.003550678738452688,0.7323465475751908,8.848116149891953e-08,5.6387511892259735e-05,0.2637189507395513,5.308467307432385e-06,2
0.0003870471476011399,0.005714335666086055,0.6608453222242957,0.0005446964505181577,2.4810539797358164e-05,0.3324576045814319,2.6183390269575157e-05,2
0.00041423467179306327,0.021662783295245285,0.6781734621823274,0.0005302126780460355,3.450416897446744e-05,0.2991590675226956,2.5735480918087763e-05,2
0.00013695852570175842,0.02008311690192491,0.9627600725302824,0.00015324096696987084,1.876511855297803e-05,0.01684678884541758,1.0571111505998698e-06,2
0.00019687958493002546,0.029884235621444495,0.8945413407377405,0.0008982701381756989,2.865544356944458e-05,0.07444386477498206,6.753699158104938e-06,2
7.673070329431355e-05,0.002400943141381552,0.9000226302454579,0.00024883857504154485,1.5870628393044474e-05,0.09723377796550013,1.20874093163882e-06,2
6.249066112502795e-05,0.000628163761868551,0.9709577127909969,0.0003223799842083917,1.2176928712502713e-05,0.028014123262431793,2.9526106568098414e-06,2
0.00028086046157729724,0.002930368515249709,0.8103308090976193,0.00016510937623116851,2.8338880105341577e-05,0.18625473829232977,9.775376887458043e-06,2
0.00029790738364262475,0.022310852678499866,0.7148671290972314,0.0010054748052272286,0.00016341589243944594,0.2613520518439638,3.1682989956168785e-06,2
0.0002613317817059272,0.01924186206869952,0.17561036766465218,0.0009200941824762263,5.789517426184449e-05,0.8038978851771189,1.0563951085472072e-05,2
0.0002813528554177339,0.015710520460771198,0.503609863283775,0.0006477610918035874,6.395030863007939e-05,0.47968459873478275,1.9532648197517243e-06,2
0.0003565345090292598,0.023512806373976607,0.7631033291108293,0.0003941537221599557,6.23160385916107e-05,0.21255260582881993,1.8254416593396195e-05,2
0.000329312543508293,0.016836591581439346,0.812360202338637,0.0024064664482117025,6.352720456422132e-05,0.16800149584981242,2.404033827136521e-06,2
0.00014237434810242293,0.011634826884769805,0.9814121313613797,2.0197907073904372e-09,1.753315063316609e-05,0.0067859687694981595,7.1634658257969175e-06,3
0.00033598375400906215,0.01697490858438778,0.8730348862264691,0.000301459173604136,6.120702147208413e-05,0.10928759214479805,3.963095259785747e-06,2
0.0003311099652648708,0.0159437095843756,0.8696404566928396,0.0002607472245091466,4.5446686468092024e-05,0.1137748075030873,3.722343455525508e-06,2
0.00047079894003727434,0.03313886397629033,0.4864514376891952,7.704801266364631e-05,7.466853111243024e-05,0.47977676231524485,1.0420535456260254e-05,2
0.00024370658613204202,0.003982539340221444,0.9313441287888489,0.04657705905785083,3.817108232524932e-05,0.017804036060835908,1.0359083785756936e-05,2
0.00016460394054293705,0.001993033770877172,0.16766816013772354,0.23212962764852677,2.5570547682068656e-05,0.598004768834111,1.4235120536499937e-05,2
0.0001329667586497657,0.007780725140200289,0.9807419862693135,9.527275800296094e-05,6.651509895656001e-06,0.011237979080309282,4.418483628528924e-06,2
0.00032079061368700816,0.024250220010480508,0.8382699793061947,0.0002198212937476341,8.429741989408544e-05,0.13685013518510983,4.756170886409401e-06,2
0.0003246194345856167,0.024539660365685455,0.8541609010931708,0.00036710238775815,0.00011424146226726249,0.12049038281809814,3.092438434681473e-06,2
0.000222082022014928,0.012634348295378451,0.9603569175751135,0.00486840681552776,7.922262897495782e-05,0.02183733112996481,1.6915330254714133e-06,2
0.00025418795273125496,0.017824295533159108,0.9221588764079072,0.015396135801947423,6.626823144776834e-05,0.044298244995275134,1.9910775321330906e-06,2
0.00023402252325549285,0.012567884056229687,0.928907703858125,0.01630792962202809,6.690547971103501e-05,0.04191370183262788,1.852628022752917e-06,2
0.00022366279583048177,0.012559085654101096,0.7915692022566412,0.10104424635387729,6.394370268460231e-05,0.09453808862112527,1.7706157400518034e-06,2
0.000121948626609484,0.006392131338991336,0.9611720900317133,0.0005927520297882597,1.682012364328684e-05,0.03170049838056749,3.759468686867001e-06,2
0.00017988767196796502,0.008154574957140755,0.961217960925633,0.0031359844015369405,2.8806814073394824e-05,0.027277472523190092,5.3127064578879844e-06,2
0.00013902054567418025,0.005351213879675653,0.9756592943668653,0.0017089540831439734,3.748061793637914e-05,0.01710044431748342,3.5921892212370352e-06,2
0.00015379665671620127,0.00751411055693842,0.9738433020435422,0.0012051746760037953,5.06866107397034e-05,0.01723171138472594,1.2180713335525172e-06,2
0.0001041335918236721,0.001207974158511775,0.9785156679660817,0.0008125442803029821,2.5323243019243145e-05,0.019331605902304913,2.7508579557834333e-06,2
0.00010722119786246209,0.0012034794424910895,0.9728574526698837,1.260487728092209e-06,2.2825083534963725e-05,0.02580431219681475,3.4489216851208173e-06,2
0.6312417824785896,0.009878662219829948,7.534799833607205e-06,1.4078048468925472e-07,7.857374457107477e-06,4.843295835477799e-06,0.35885917905096953,6
0.4591160968502582,0.007955259414347847,5.3643151147635e-06,1.0956330759713449e-07,6.1150516454759876e-06,3.856551178759003e-06,0.5329131982541474,6
0.6269533415744577,0.010307717014060374,7.975278389989373e-06,1.490104026740856e-07,8.316710475880506e-06,5.1264311549095955e-06,0.36271737398105863,6
0.21207815265306112,0.0034185664598728803,2.7249754977023975e-06,5.1015703429392334e-08,2.8473370149440445e-06,1.7200018799616613e-06,0.7844959375569699,6
0.2980034964889806,0.02489081273260468,2.8248061130342893e-06,5.288468502913157e-08,2.8689939595576367e-06,1.7830148671218624e-06,0.6770981610787901,6
0.8353025192025345,0.11119158615431045,9.998369075024118e-06,1.4816137047630626e-07,8.933891081179351e-06,5.097221750518298e-06,0.05348171699987802,0
0.749185672932697,0.18808699180580044,2.5997563818494593e-05,2.1092792184606124e-07,2.646290336866749e-06,7.256590483531623e-06,0.06269122388894159,0
0.7451805859868349,0.19050794138948235,2.333756129912487e-05,5.338762419737171e-295,4.040685525397771e-07,7.384823270931037e-06,0.06428034617056028,0
0.7697150184819056,0.21040326833324974,2.3990001174107516e-05,1.825575901799105e-07,4.2921857278660343e-07,7.5912781403965905e-06,0.019849520129367214,0
0.8243727882844668,0.1543337103272686,2.5693540705301384e-05,1.7535848511005802e-07,4.596975544655942e-07,8.130337822411573e-06,0.02125904245369713,0
0.9132148112008166,0.07931788172409572,2.403085371827198e-05,1.6330764048602953e-07,2.977552216227491e-16,6.784598396319297e-06,0.007436328315332297,0
0.5880218746475723,0.4042391600272704,1.895424380361818e-05,1.860150069475423e-07,1.21964472641574e-06,8.412749656701011e-06,0.007710192671963631,1
0.632250661168291,0.35458497307327824,2.4233313285065438e-05,1.9378147549807055e-07,1.3657786730345705e-06,8.763997422697967e-06,0.013129808887574389,1
0.8171463972925205,0.1314520890944581,1.3919837303610533e-05,1.970631404699589e-07,1.0221281020118645e-05,8.675064853636205e-06,0.0513685003667037,0
0.8632661974860373,0.1251745806519331,1.6899041073467515e-05,2.1201834524926887e-07,9.901950371309333e-06,8.32996593991304e-06,0.011523878886299738,0
0.9091228673209507,0.08672228362407272,1.1463070057137698e-05,2.5963534506903347e-07,8.024077220445914e-07,5.564166136435233e-06,0.004136759775716018,0
0.8628906355442076,0.13181314071642247,1.2181252903098683e-05,2.759019865624818e-07,1.5967047047838526e-06,6.033434480791875e-06,0.005276136445294751,0
0.8947040533594164,0.10000069885122458,1.3729673621412499e-05,3.2079622324152877e-07,1.0741506326790772e-06,8.41789611785497e-06,0.00527170527276363,0
0.9414212044917524,0.05151982666106546,1.3117037194695904e-05,1.618609630847893e-07,1.0087528456465154e-06,8.41960940903628e-06,0.007036261586769636,0
0.6784938098855329,0.3179962662710168,1.535866277799781e-05,1.5061676533160506e-07,1.8693225479189805e-05,8.205713308231194e-06,0.003467515625119672,0
0.6520989986083247,0.3474136095749192,1.5442452858626296e-05,1.5143846388007612e-07,3.3489697424447184e-05,8.491233486391775e-06,0.0004298169945226233,0
0.6481601101985641,0.35140058961435455,1.527851129527901e-05,1.4983074917654425e-07,4.2460642538763716e-85,8.373699422616957e-06,0.0004154981456144439,0
0.217244757545329,0.7826727217167423,1.5114309737272485e-05,1.409619125934345e-07,1.9348111367032043e-05,7.984076665768742e-06,3.993327824593971e-05,0
0.19944648501435264,0.8004832352673638,1.4887276701049199e-05,1.7590695288904806e-07,1.5720056488814588e-05,8.903792268216953e-06,3.0592685872590915e-05,0
0.26707043027775396,0.7000182205766962,1.9916654413172696e-05,3.543988522203076e-07,0.03286877788447475,1.45416320853328e-05,7.758575724549168e-06,1
0.22525732755389857,0.7034773256830461,4.890369377085618e-05,3.001360388137423e-07,0.07113919302369465,6.798020078077982e-05,8.969708770174435e-06,1
0.2986161359465609,0.6756484677248382,4.2589449456703316e-05,4.484023129159375e-07,0.02554505153203402,0.00014159563822072413,5.711306576483557e-06,1
0.2878518245256214,0.6866410546678863,3.6926163280261096e-05,3.21354069746453e-07,0.025339098546923962,0.00012214502471446405,8.629717503794825e-06,1
0.22423471838483544,0.6541520006121246,4.3722213098065336e-05,2.963168585924275e-07,0.12146863280787491,9.510330524320945e-05,5.526359965214846e-06,1
0.14135219330705814,0.7743800063157157,5.2397862541327594e-05,4.4594504778929725e-07,0.08410569149259835,0.00010425665929183602,5.008417746904075e-06,1
0.04877292983128314,0.28977090244139236,2.119471354913237e-05,8.858213089801431e-08,0.6613936058528622,3.375419060649429e-05,7.52438817595216e-06,1
0.4544208681439689,0.5270064517071454,6.4756834291555e-05,4.531276152501191e-07,0.01837831920716816,0.0001227008195028131,6.4501603076719375e-06,0
0.5757681159960217,0.3739514186621145,5.564999213937656e-05,4.397306150508177e-07,0.05008157097985399,0.000137013588188145,5.791051067215708e-06,0
0.5520638120375166,0.3857369601972184,9.27858896507665e-05,2.9679845680800434e-07,0.06191897094297634,0.00017013877783722927,1.7035356343879492e-05,0
0.732164719057673,0.23092564861323908,7.303662628286606e-05,2.1448743889314201e-07,0.03671063226767678,0.0001134380010888851,1.231094660035379e-05,0
0.7248528720986259,0.27266473010737224,3.799505899167139e-05,2.8803596825265284e-07,0.0022665844189919725,0.00016715960147350504,1.0370678576324833e-05,0
0.5048441926538103,0.4911429457856519,4.4479277611564134e-05,2.9515907296901816e-07,0.0038359014026254994,0.00012685666451111823,5.329056716566521e-06,0
0.14863377449938003,0.8096910465414568,6.68606993446252e-05,3.005415569282555e-07,0.041525333274933726,7.733298622562871e-05,5.351457102344185e-06,1
0.08553255542868443,0.8978322609001961,0.0004725990565298486,1.5977858222155627e-07,0.015601514294965054,0.0005371527667071874,2.3757774335371806e-05,1
0.08320007842969772,0.8954941810079937,0.0004125793851167818,1.6188477283486748e-07,0.02036390443362599,0.000505023911060732,2.4070947731972238e-05,1
0.07454044564768048,0.9010465098736192,0.0005826313984236927,1.888698274024577e-07,0.023297129282296325,0.0005196009186758204,1.3494009477161211e-05,1
0.08855899012958737,0.890400052702944,0.0005973444204336522,1.793401622641921e-07,0.01963492963949184,0.0007859567793363627,2.25469880445917e-05,1
0.07523394992447054,0.9036694863265018,0.000732846324981539,1.8191756396145413e-07,0.01958466780474234,0.0007592408652423286,1.962683649764223e-05,1
0.11511417901547431,0.8607215879197184,0.0005091758815242332,2.0767182389057648e-07,0.023147545845565023,0.000503972309337151,3.3313565571208668e-06,1
0.495943785950114,0.48844548144292627,0.0006929681014899514,2.4201222565846955e-07,0.013112785633927086,0.0018008546330248894,3.882226292169335e-06,0
0.5487101810907558,0.42201043398431326,0.001457131413197488,2.652288948194708e-305,0.021102217834510464,0.006716273442751555,3.762234471420875e-06,0
0.3865348863583392,0.6017640415930698,0.0005027516045812491,2.6461204457516323e-08,0.009773442005871543,0.001388263106117062,3.658887081651025e-05,1
0.3829832123633317,0.6113211950664466,0.00033886191356925495,2.478490555080583e-08,0.003803231169992853,0.0015192037104672033,3.427099128665137e-05,1
0.4783658740592097,0.5191712390286992,0.0002781988578886108,2.0281450332487086e-08,0.0018447036805156235,0.0003038039086073118,3.616018362905937e-05,0
0.14144666141152676,0.8548632704557511,1.7152209558651635e-05,1.817338806172702e-07,0.0036475631095176132,1.0537474844024346e-05,1.4633604921078058e-05,0
0.0941613704116051,0.8961519735731069,2.0918903950480785e-05,1.95625921212352e-07,0.009644037191788527,1.2454877707563887e-05,9.049415920033909e-06,0
0.09676790529922505,0.8890522027909806,1.767489311569176e-05,1.9367850066105663e-07,0.01414072195506631,1.2337355797526626e-05,8.964027314170832e-06,0
0.1105401855542815,0.8750185751948123,1.9697770994227017e-05,1.7356826011773986e-07,0.01440210599134033,1.1228655807506026e-05,8.03326450410389e-06,1
0.16280704480588326,0.7959784708449781,2.508339876961014e-05,2.2785430310432279e-07,0.04116283230942809,1.5794999729473384e-05,1.0545786908237864e-05,1
0.07984128686551166,0.8411244549572073,7.766152006161914e-05,1.623246314618038e-07,0.07888599070006778,6.615567867793315e-05,4.2879538421093125e-06,1
0.05011244239301829,0.9208176572529202,1.9377533789712624e-05,1.3841272562229432e-07,0.029036364891369064,9.898368124466156e-06,4.121148052585556e-06,1
0.08142052249285793,0.8890746020413848,2.8869233627773595e-05,1.7278275708919176e-07,0.029457208977639454,1.3479978553544306e-05,5.144493179345301e-06,1
0.08611685507885103,0.9051592662668588,2.3967317604672718e-05,1.5334683653672647e-07,0.008683030068817045,1.2835436180010542e-05,3.892484851791331e-06,1
0.30155286857170244,0.6983158387008109,4.7366587724524654e-05,3.1027077924397996e-07,4.814405276920047e-05,2.7596046908928894e-05,7.875769304647084e-06,0
0.30821516220308903,0.6917228083728286,2.2643581054858078e-05,2.5648520843591865e-07,1.7032729774342338e-05,1.7974478113243055e-05,4.1221499315916795e-06,1
0.3089680484009619,0.6909683289283735,2.4996095225757237e-05,2.129093257735823e-07,1.5333610766757635e-05,1.8782415561100987e-05,4.297639785166565e-06,1
0.3325877254085961,0.6673314218751512,2.5977599860374825e-05,2.4170477961959695e-07,2.3303008961912132e-05,2.7134115089275686e-05,4.19628756144511e-06,1
0.3756587443572256,0.6242559510397017,2.0367050903231178e-05,3.001542184779947e-07,2.619601443384901e-05,2.1386747772939386e-05,1.7054635744209304e-05,1
0.3360993510350304,0.6638126021924695,3.106965306088279e-05,2.8281101329162857e-07,1.647721181733493e-05,2.9328776068631916e-05,1.0888320539875202e-05,1
0.20508201757956507,0.7948632600511368,2.6029511208593876e-05,1.8203708545212358e-07,9.813961547893028e-06,1.5022385273376929e-05,3.674474182717473e-06,1
0.20744336055578735,0.792501896770413,2.550012616736998e-05,1.9174298811707513e-07,9.357060967535869e-06,1.5823352883337627e-05,3.8703907931914025e-06,1
0.03697827090673433,0.2830883827191268,9.151736255519336e-06,7.253779162392827e-08,0.679914973834245,5.704526360945192e-06,3.4437394856638406e-06,4
0.11226498299289253,0.6715923195312542,2.550789992449143e-05,1.402551007401924e-07,0.21610051883923556,1.116601292513895e-05,5.364468667243224e-06,4
0.11581922108102694,0.5758547950124673,2.2416524326436927e-05,1.2212436018078637e-07,0.30828890296531397,1.204212677394223e-05,2.5001657311707327e-06,4
0.04781545702571455,0.6501015174179069,0.00017166552003596288,9.285636288513357e-08,0.3013869014431605,0.0005209743202708518,3.3914165483823927e-06,1
0.11121732201832657,0.8868043138080002,2.834148728314896e-05,1.769854830925136e-07,0.0019294807279839662,1.5129083548550794e-05,5.235889374420277e-06,1
0.1172418579828158,0.8806537906114241,3.0146344843524147e-05,1.8825636609328347e-07,0.0020523549386669954,1.6092541836796135e-05,5.5693240466482694e-06,1
0.13663334138065203,0.8608388900233997,2.254437769377978e-05,2.1681123792576734e-07,0.002483133389168342,1.7067712521433793e-05,4.8063053266795145e-06,1
0.00039430040449479247,0.3344239001902901,0.6435276677480936,2.3555736968294273e-05,0.0005903739729650898,0.021036432931903007,3.7690152851528176e-06,1
0.0004726377607476304,0.06893157519580753,0.9100034123702173,0.0006525172426930536,9.075205242579331e-05,0.01984286558413843,6.2397939703986195e-06,1
0.0006145985348129592,0.12405141873024171,0.8476698405895615,0.0006306186570725566,0.0002019173841895775,0.026825719773368745,5.88633075284417e-06,2
0.0006358214618889886,0.008108456231342645,0.6172605506423741,6.234769321127995e-05,7.910601263291358e-05,0.3738161076357002,3.761032285004803e-05,2
0.00040940129095560286,0.005382472121323566,0.5209862719853882,6.075769281353975e-10,4.887921643784273e-05,0.473144740040658,2.823473765976735e-05,2
0.00029096408867796005,0.004233080387874666,0.8638881206033429,0.0011277634816937393,2.4726001117815693e-05,0.13041215219673769,2.319324055506079e-05,2
0.00039568400818326666,0.027434628750236653,0.7446469928556607,0.0001707365824978276,4.735225206775677e-05,0.22728352918377656,2.1076367577194322e-05,2
0.00031433724195549013,0.017453892126868206,0.8314017633062913,0.0001387869121703605,3.094758051943638e-05,0.15064283193060377,1.744090159144347e-05,2
0.00016642657483967346,0.015912462796916726,0.9563352819973171,0.0001761739129987011,3.248854551179359e-05,0.027375814553435247,1.3516189805721675e-06,2
0.00012091035082588576,0.008619929019014228,0.9793981748441294,2.0581129794712845e-05,8.943697907887811e-06,0.011824602634401157,6.858323926708901e-06,2
0.00012091205087248096,0.008607040320574867,0.979411945563684,1.9530927934618346e-05,8.9438236597616e-06,0.01182476889291675,6.858420357412813e-06,2
0.00010323993267581309,0.004457505113964,0.9326891938582904,5.474217648287193e-05,6.953532007746939e-06,0.06267887987382598,9.48551275328896e-06,2
0.00010238873706533396,0.004361795498556206,0.9249993307677511,6.547033203016368e-05,6.896201324077218e-06,0.07045471115695247,9.407306320860367e-06,2
9.331720248686178e-05,0.003577106315608335,0.8213097792657483,0.00016909991924564255,2.7456624476628346e-05,0.17482195509090662,1.285581527630311e-06,2
7.546948242922446e-05,0.0008347195676137338,0.9449675773632008,0.0006804395699061237,2.0257134338591472e-05,0.05341827505151382,3.261830997876523e-06,2
5.134268308020329e-07,4.026329787515599e-06,0.0007822246508435872,0.9990307068669916,2.769003578725371e-07,0.0001822444550818897,7.370106782950813e-09,2
0.0003731177562338404,0.0031317557638449465,0.5697799744620152,0.0009625297102569467,9.266856537256384e-05,0.4256475548241064,1.2398918170125873e-05,2
0.00035519505629235255,0.0037059413912733986,0.6133813132964198,0.00021075737498943046,4.027303702818505e-05,0.3822941572439914,1.2362600005426634e-05,2
0.000350155538513612,0.012634442535723807,0.6738168061325783,8.563057090119967e-05,3.310195727023046e-05,0.3130696847091769,1.0178555835875802e-05,2
0.00031776947025634095,0.023483601772064166,0.6955773927852241,0.0028017144239236166,0.00013936764688793273,0.2776768099522258,3.3439494179085143e-06,2
0.00028549673363836874,0.01897378171559841,0.17330733138372537,0.0010294275005003975,9.529304660328452e-05,0.8063033078022123,5.361817721825818e-06,2
0.00028593884521081433,0.01574128062100609,0.7383162008580456,0.016836502923332875,7.20420713257471e-05,0.22874585322871802,2.1814523606592857e-06,3
0.00013178268553095903,0.005274340327239742,0.5399071344184785,0.42065195413588535,2.645091490499006e-05,0.034006545207410956,1.7923105495204456e-06,3
0.0005476037198329961,0.04133525465333576,0.33914811385712373,0.00010917665561636651,9.366812715235119e-05,0.6187589222586599,7.260728278888038e-06,2
0.00042686653616426606,0.00698205503925666,0.7822046481129211,0.002204485436333128,7.590021032775699e-05,0.20809268140325796,1.3363261738883699e-05,2
0.0002478794865030956,0.004085003264215774,0.911529165817042,0.04216726493055201,3.8824672062509295e-05,0.04192282466910112,9.037160523318645e-06,2
0.00041372983340043774,0.004822115853742861,0.37990562815360696,0.0018906965279179406,5.9954066122060344e-05,0.6128819956469582,2.5879918251491138e-05,2
0.0005540936424293807,0.004808723686479815,0.7445751842541173,0.0018308265972768294,0.00011320314633353389,0.24810754994961406,1.0418723749082352e-05,2
0.00018458035768434213,0.0013812308599583717,0.9909396488104811,0.00016693622952545725,1.109191191352083e-05,0.0073107988918031585,5.712938633633177e-06,2
0.00018316366097221185,0.0018930749899578768,0.9748873031260434,0.00018972315133047534,1.3740416019445027e-05,0.022826397200220696,6.597455455711592e-06,2
0.0002545121071486194,0.010826859022018014,0.9495281523218907,0.00025747705546942326,1.7244415021491525e-05,0.03910835674997032,7.398328481438303e-06,2
0.00023340629181599506,0.014348666604504144,0.9264895235558205,0.00013730728651615084,1.1561073950239858e-05,0.058771801787160835,7.733400232243201e-06,2
0.0003121867038155784,0.02106603109459703,0.7693839090242748,0.0005069849376453423,5.214540442939234e-05,0.208673188877315,5.553957922950638e-06,2
0.00023643589283835312,0.011327745044450385,0.9027830586367905,0.0005383647965952052,4.7274961725755885e-05,0.08506529057539701,1.8300922026390787e-06,2
0.0002226722362962577,0.013572206425309293,0.9629092014690727,0.0029558351213531176,7.943317427980181e-05,0.020258955545175823,1.6960285129490395e-06,2
0.0002875817033726275,0.017533779488273674,0.9412748764697161,0.00940266604677899,9.340362079796974e-05,0.031403958177876834,3.7344931840439295e-06,2
0.0002178255657548732,0.011388357162568068,0.9284212104491983,0.010458845204812573,5.666959497365448e-05,0.04945552282865726,1.5691940352224105e-06,2
0.00020488287796717054,0.010431533401728466,0.9300136700027899,0.0011545242028012147,5.330241962737332e-05,0.05814061113890521,1.4759561804011658e-06,2
0.0001513317013234377,0.00855246091636992,0.9311934065825413,0.0008013398267117066,2.4993461495988833e-05,0.05926194554426461,1.4521967292965383e-05,2
0.00019019927216352493,0.009425710784887208,0.9324297552143926,0.008243567976285344,3.285026574640331e-05,0.04967258372816604,5.332758358842653e-06,2
0.0001716419558885414,0.006577650449524818,0.9397039026127536,0.005537372198918587,3.223836263237938e-05,0.04797265630519027,4.538115091772294e-06,2
0.0001450435823403244,0.0063641082366223695,0.9610709086910164,0.0013648749336791727,4.635063957297213e-05,0.031003717659872445,4.996256896083341e-06,2
0.00012518523885981348,0.004797885629574217,0.9764281090343198,0.0006144676224083724,3.2536476177052014e-05,0.017998590765630054,3.2252330307252324e-06,2
0.0001395132632478934,0.00587010054229528,0.9742745274722442,0.0010098018679498286,4.1114969541684045e-05,0.018660436015597172,4.505869124059674e-06,2
0.000171843409375662,0.007486464342220749,0.9768537716960125,0.0010727159209057491,5.36439474342692e-05,0.014356544195579858,5.016488471086816e-06,2
0.00012991621351559802,0.0058839147842424,0.9742200904312818,0.00045557627220191467,3.5356864678885816e-05,0.019273088677189198,2.0567568903606375e-06,2
0.00014329717008362296,0.0013794052633128797,0.9840276437953878,0.0006728166547693547,2.0158506268634016e-05,0.013752071511161793,4.607099015915135e-06,2
7.587798664335159e-05,0.0006957706571686699,0.9881456335307935,0.0005317802226346393,1.2535070062992481e-05,0.01053636278291576,2.0397497811526923e-06,2
0.00020214729673211508,0.001592608208142101,0.9819502031476594,0.00022960924833279357,2.44678726222679e-05,0.01599578877544602,5.1754510650864716e-06,2
0.384972230533463,0.0065609371369114485,5.22077209215501e-06,9.754510296444767e-08,5.768982350229663e-06,3.2887473699566646e-06,0.6084524562827103,6
0.22321284836707694,0.0036327782103913503,3.4628938019516934e-06,5.635856944911055e-08,3.231456687410753e-06,1.9001373868848817e-06,0.7731457225760859,6
0.27790076269198255,0.01654514969867043,2.6544017738308046e-06,4.969445552460319e-08,2.6959240211992604e-06,1.6754558141943234e-06,0.7055470121332823,6
0.8460086974314832,0.10928300556840319,1.0224268939309886e-05,1.5150887977825813e-07,6.133625691525964e-06,5.212386703225725e-06,0.04468657520989969,0
0.6925852307015674,0.27286503779697935,2.139905000114235e-05,1.9154888997264572e-07,3.7879492733081025e-07,6.5898902333138535e-06,0.03452117221740154,0
0.7417377621876473,0.2376561257941905,2.2807517986256264e-05,2.0415648138890852e-07,4.063130194575624e-07,7.186164202405637e-06,0.02057550786647258,0
0.9396641818043521,0.011377381098347251,9.016298786558281e-06,1.2434857488494084e-07,1.8307068177031308e-05,6.639318402250353e-06,0.048924350063359864,0
0.599528381374534,0.3917797306214313,2.2231050835075666e-05,1.8256359570989316e-07,1.3889733164899414e-06,8.256655483541877e-06,0.008659828760803814,1
0.6401588677929823,0.3496787730536616,1.77394863301729e-05,2.0036113389841972e-07,1.4121523374725787e-06,9.000244554353019e-06,0.01013400690900016,1
0.7399957418404511,0.24808220322171579,2.2043579532976996e-05,1.7627128890344043e-07,1.2423662604170407e-06,7.918126021618062e-06,0.011890674594729294,1
0.8267255299984283,0.1647024031062923,2.6061496153954083e-05,2.0840052365075824e-07,1.3242827895031891e-06,9.174156333298033e-06,0.008535298559479022,0
0.827689592450922,0.1629932725455645,2.5904050624388085e-05,2.0714151186516476e-07,1.0744026501642261e-05,9.118732427713922e-06,0.009271161052447659,0
0.9457845372505902,0.051499080044680644,1.280982575115653e-05,1.286507527213568e-07,7.528462301277209e-07,5.465427220819165e-06,0.0026972259547741154,0
0.9569412799366209,0.03974365034774713,1.222460527382923e-05,1.2277330704967688e-07,7.184522392407158e-07,5.215737647432374e-06,0.0032967881471645723,0
0.8649860426750491,0.12991337908656528,1.2626751482831643e-05,1.5103995142325439e-07,2.5069541137983373e-07,6.547524316513343e-06,0.005081002227223315,0
0.6439844103588321,0.355629190771442,1.5654231628296885e-05,1.535153004976094e-07,2.1417703832495502e-05,8.579620606615386e-06,0.00034059379835798723,0
0.6563719055007382,0.3435656563245079,1.4490533554244388e-05,1.4210334085829145e-07,1.3686461727851466e-05,8.074547783271723e-06,2.6044528347546137e-05,0
0.17641366950656126,0.82354290597376,1.3453470400837385e-05,1.7450206068562943e-07,2.4105660102440924e-06,7.106744599526777e-06,2.027923660753871e-05,0
0.17973925411492994,0.8202142797806898,1.4127213088577059e-05,1.7359084934674447e-07,2.370261197420108e-06,8.500229185265509e-06,2.1294810059606622e-05,0
0.2279982600226717,0.634069162547149,4.774739173776774e-05,2.7735852078918665e-07,0.13779977701880466,7.59409448530959e-05,8.834716263033987e-06,1
0.3191857612253966,0.6542493391021357,4.415120157073625e-05,2.9595141228709985e-07,0.026398993935760392,0.00011286820169469743,8.59038202985274e-06,1
0.2615143891185177,0.7078476849663501,5.949706781193582e-05,3.1493875627211016e-07,0.03047207213718918,0.00010005865351599322,5.9831178589647796e-06,1
0.47450448834010706,0.5038580663777911,6.432640839306094e-05,0.0,0.021425772755584112,0.00013962922770356979,7.71689042121397e-06,0
0.7631609843208144,0.2246844451382915,7.106267298451008e-05,2.2760092022071387e-07,0.011950559327651534,0.00011453938304250715,1.8181556295220908e-05,0
0.4775574021318882,0.48759877222337583,8.841528395467409e-05,5.573337961100946e-07,0.034617743486984424,0.00011103990539010786,2.6069634610702e-05,0
0.5612913733818461,0.42656778691822983,4.947391101189652e-05,4.110109938327946e-07,0.0119727787986101,0.00010337760904140955,1.4798370266858096e-05,0
0.5513133269849586,0.4366541935847456,5.0643746149833545e-05,4.207295524191252e-07,0.011863090990653972,0.00010582202382607206,1.2501940113511635e-05,0
0.5653094300912123,0.4295452113973276,4.075461466454993e-05,2.8014821634191773e-07,0.004996291947930743,0.00010297376289655733,5.058037752028496e-06,0
0.033905632953613395,0.9594797913215141,0.0014899461928396837,2.1682656073870903e-07,0.0019259564564280372,0.0031618235716235825,3.663267742019553e-05,1
0.05904500826424823,0.9356495444451602,0.0008488467167489601,9.14180831684832e-08,0.003641369811677176,0.0007965426354550024,1.8596708627152254e-05,1
0.06977725352341582,0.9255757079531556,0.0007929179977755932,7.853696093275866e-08,0.0031745774288101983,0.0006514613742707972,2.800318561103804e-05,1
0.04078992049510716,0.9529978753363403,0.0018310649328889892,6.34730841112474e-08,0.0036328564730930633,0.0007255872887752844,2.2632000711029545e-05,1
0.03581357800663047,0.9581946626754283,0.001466543709994769,5.274532774204226e-08,0.0033628976783529304,0.0011396623721616423,2.2602812103999216e-05,1
0.041426188377106904,0.9478589060408491,0.0024289055536807955,1.1328368121028751e-07,0.007178772038146053,0.001100808656674187,6.30604986205516e-06,1
0.06888809611559774,0.8809898625402965,0.00042982424604166933,1.3911251827492096e-07,0.049454696250877,0.0002311848562724336,6.19687839639917e-06,1
0.08716787054494164,0.8994649099166994,0.00019280698755772314,1.5520973449016392e-07,0.012936025041820311,0.00023232687605797945,5.90542318840334e-06,1
0.09098801851949229,0.8753344828896946,0.00035064412363321185,1.749661640059076e-07,0.03284465060526715,0.00047097015156872266,1.1058744180000117e-05,1
0.09080588446778434,0.8650825571695796,0.0004046879443394222,1.891257046927676e-07,0.043061996562316664,0.000621606857283975,2.307787299140335e-05,1
0.038228644393333296,0.920923049157519,0.0011176425703416965,1.8079931762915502e-07,0.03708238016869801,0.0026452026281183778,2.9002826720692884e-06,1
0.5455071348540013,0.4145577464444417,0.0020386541862918283,2.1578259284738187e-07,0.03111811342405885,0.006771923132379602,6.212176233962834e-06,0
0.0635090114625532,0.9168976524600555,0.0019718665512961976,2.559459973999255e-07,0.0021393827897797407,0.015461937841527705,1.9892948790415437e-05,1
0.32469218049175513,0.6673998409304643,0.0008115725074464873,2.5709295676156225e-07,0.0051599797337056885,0.0019152987381346371,2.087050553692155e-05,1
0.2911758330533648,0.6995018082295088,0.0005468581697777675,2.6745876991957003e-08,0.007501254746890972,0.001254997177755434,1.922187682524151e-05,1
0.24126078345908947,0.7515583030377755,0.0004237928899851209,2.2466322027585897e-07,0.006060948851704215,0.0006777092007667154,1.8237897458461054e-05,1
0.11944711286004295,0.8521321417197542,1.680950825176404e-05,1.8429231879770912e-07,0.028383310301434185,1.1916180868041505e-05,8.525137330127244e-06,0
0.10316094904688375,0.8415538475730382,2.2526078663700253e-05,2.1639076230542254e-07,0.055237220356807455,1.5225334306954965e-05,1.0015219537632873e-05,0
0.0906545065029456,0.8785035764761377,2.3567532527810016e-05,1.512513992479673e-07,0.03080284513055994,1.0849695297193241e-05,4.503411132604707e-06,1
0.06973531502839916,0.9242717588668903,2.4360738898057913e-05,1.5586401062195015e-07,0.005949759986472124,1.4693135700098973e-05,3.956379629260114e-06,1
0.0370249442916957,0.9604848665721382,2.1130535877885132e-05,1.1738231654674278e-07,0.002455050945070558,1.1065507033542068e-05,2.824765867441554e-06,1
0.0940052557240192,0.9047186208508475,2.5809032080429445e-05,1.6551459982244706e-07,0.0012294293133781045,1.651821937302499e-05,4.201345701741155e-06,1
0.046977121638401044,0.9498103498109147,2.620410125606765e-05,1.455664979931634e-07,0.003167751341694531,1.4924532545053225e-05,3.5030086904985133e-06,1
0.17310453553334984,0.8268300488120174,2.6980550508496962e-05,1.7737563471110066e-07,1.59148425471823e-05,1.6994344955417892e-05,5.3485409870384555e-06,1
0.15488914062621742,0.8450517583502822,2.4800114991543783e-05,1.7530375408594057e-07,1.204370049993724e-05,1.6795838243333304e-05,5.286066011476178e-06,1
0.15227547169473626,0.8476585018928532,2.7967301124939618e-05,1.823705399234844e-07,1.3713536234771683e-05,1.8664048388299074e-05,5.499156122529411e-06,1
0.2837130107457487,0.716204772250936,2.1838827678274313e-05,2.7953180352285734e-07,2.7355219815205156e-05,2.7890413531653482e-05,4.853010486583612e-06,1
0.33295282380404345,0.666154508383187,2.063723813781168e-05,3.5295797294335066e-07,0.0008291542819964894,2.3879083014986354e-05,1.8644251647372902e-05,1
0.19789592768391942,0.8020550098158924,2.206203338185363e-05,1.6758332769703609e-07,9.054194434136048e-06,1.439596837774372e-05,3.3827206667654197e-06,1
0.07185703445325511,0.5319580957369638,1.677887066194839e-05,1.3299140073308316e-07,0.3961477126158343,1.0458726882590094e-05,9.786605001572555e-06,4
0.04652015113544515,0.3357001676381666,1.149693567727282e-05,6.162282676588138e-08,0.6177609114067151,5.9497005803030734e-06,1.2615605888117183e-06,4
0.11630734142233518,0.7961051923893053,2.5288746981597334e-05,1.604509653261608e-07,0.08753798663801776,1.99575396382932e-05,4.072812756315302e-06,4
0.020379569217970874,0.5083390506564622,0.00033764988656559896,1.1135240387378223e-07,0.4703134314345852,0.0006227601098352819,7.427342176881898e-06,1
0.02300311234431715,0.6109502621922349,0.0009527168683719548,1.4764243174076212e-07,0.36325943366686525,0.0018245596876138494,9.767598165049998e-06,4
0.0250002261289435,0.879478069788381,0.0009231628991175839,2.2384795915642395e-07,0.08031424122962447,0.014269145172016816,1.4930933957528148e-05,4
0.5036010327541588,0.306152422299968,0.0013519256404787804,2.572455922968201e-07,0.03622944485113364,0.15266059308915084,4.32411951773559e-06,5
0.1086152791721143,0.8240880261456585,0.0003602701830136265,1.5994815263094483e-07,0.06498399779528316,0.001938640930728115,1.36258250497041e-05,1
0.08976792674801151,0.8798934593465075,0.0005849475403809667,1.8861594154577842e-07,0.029018445538039103,0.0007297421720058176,5.290039113558125e-06,0
0.1516746527725766,0.8456769711168323,2.2137669098126654e-05,2.1289988604476454e-07,0.002604714957248016,1.65909864906201e-05,4.719597868339101e-06,1
0.0003722641509649522,0.27654640184746304,0.7025702751578289,1.8071844453366253e-05,0.0003907190349884643,0.02009913977819181,3.1281861095724442e-06,1
0.00043992399780904643,0.05927240560039346,0.9089118514497329,0.00033903431865287703,5.809364940254434e-05,0.030963019943357203,1.5671040651849633e-05,2
0.0002490429468618713,0.002742038432786936,0.7493132100689909,0.001377924737619105,4.652400799946589e-05,0.24626616422686134,5.095578880590213e-06,2
0.00031578263226138525,0.003695267416262351,0.8224865891089759,0.0011989116557256123,5.266109887807783e-05,0.17223957959457173,1.1208493325247452e-05,2
0.000788821514864322,0.04193081872945057,0.8176796977866955,0.00020319844882040798,5.0561140211583154e-05,0.1393059451265968,4.0957253361047075e-05,2
0.0003787411886360488,0.02701312886032192,0.7825003101783579,0.00018011182850641066,4.532467287490046e-05,0.18986220937409407,2.0173897208955827e-05,2
0.00012646854910333542,0.013697330735553077,0.9678756117259327,4.7261876832905695e-05,7.4332690373659376e-06,0.018237151760173768,8.742083366972973e-06,2
0.0001223423534604141,0.015284377661190344,0.9630968557163134,7.892642403131648e-05,1.1977024000711446e-05,0.02139826733850936,7.253482494369554e-06,2
0.00012900604724283945,0.009260902888282555,0.9788255866053407,1.8945727990036582e-05,9.396656730841263e-06,0.011749997903463113,6.16417094975641e-06,2
0.00010578621203205053,0.004256303154165724,0.654207520731532,0.00010359101264757058,1.3070378417311853e-05,0.3413072193943733,6.509116832129265e-06,2
9.078208200287926e-05,0.0039685165085764735,0.8080413429814952,7.530976983969745e-05,2.8679240163166993e-05,0.1877937465947428,1.6228231798159609e-06,2
0.00011092515303227563,0.0016652606148097318,0.9533660500241788,0.0026231773496448547,2.386606931399031e-05,0.042206606228442904,4.114560577521901e-06,2
3.100488071242864e-05,0.0002324339486601159,0.05031757282168017,0.9387770267823702,0.00011609440292786088,0.010525422096761418,4.450668876932147e-07,2
0.0003496329689358105,0.0029617243673951657,0.5933805050516308,0.0006707638652311624,8.763734111197526e-05,0.4025380106579539,1.172574774116983e-05,2
8.057380412020701e-05,0.00407668414817702,0.9561469278236034,0.000194456973659933,6.255412772524637e-06,0.03949274719460175,2.3546430651238546e-06,2
2.496500723442873e-05,0.0009042705311302287,0.09675716430080349,0.8944308942010287,4.506856525102746e-06,0.007877396754005303,8.023492727860768e-07,3
9.698899906489455e-105,5.632845423229893e-103,9.171722137555221e-101,1.0,1.5649074035823278e-105,4.733656817243122e-102,4.980650944810155e-106,3
0.0002913229024518018,0.003256151317919843,0.9052808683582115,0.004265623300548803,2.449823585135265e-05,0.08687331543027041,8.220454746416856e-06,2
0.00023885196526918004,0.0032334477828183158,0.9196100782827415,0.0005800757207293696,2.2786466454180764e-05,0.07630779402770121,6.9657542860978194e-06,2
0.0002778021865175314,0.010282388003043829,0.8633407530288155,0.0002542925042041363,3.2477738819564976e-05,0.12580663521755253,5.651321046721691e-06,2
0.00039408081257133774,0.016116694293317996,0.5888203368844455,0.0002794466495704834,5.256299626555489e-05,0.394323679734275,1.3198629554127704e-05,2
0.000499060480968443,0.029403961205364176,0.33041895797481313,0.0002643212384716168,6.825251865925913e-05,0.6393199174433962,2.5529138327127085e-05,2
0.0005830017956945421,0.0030768748896359186,0.4607540434606326,0.21484652250831493,0.00011713080413177794,0.32059971290797057,2.2713633619646735e-05,2
0.0003731965286387566,0.005777486869688434,0.3423856042771973,0.00013443291994913513,5.649738992533013e-05,0.651246947029536,2.5834985065155815e-05,2
0.0004861596917724736,0.005219619405196603,0.48379339103170615,0.0018272625769589269,7.861413121383405e-05,0.5085785733206192,1.6379842532774088e-05,2
0.0004910669121682831,0.0063041336977891875,0.5690863087896919,0.17572931596109326,9.084004290315225e-05,0.24829149446255397,6.8401338001570905e-06,2
0.0004096397999027009,0.004044158581933612,0.8354207956572347,0.0018397420776009557,6.790034113158556e-05,0.1582006357537433,1.7127788453191198e-05,2
0.0002583491510034748,0.015882066618021606,0.8667930599517489,0.0003031039520009821,3.241420735830027e-05,0.11672239359320657,8.612526660045403e-06,2
0.00034155105564664836,0.018452277021092117,0.7762596021088591,0.0006858721970699934,8.104372435839665e-05,0.204177339588501,2.3143044726247526e-06,2
0.00021418858778814883,0.011489828181973525,0.7998143561466087,0.10289165410004572,6.344736443661139e-05,0.08552493669644018,1.5889227074488678e-06,2
0.0002181398266650562,0.013295949267515773,0.9530312665762365,0.0028968957882990875,7.171767797995713e-05,0.030484369356813264,1.6615064903801557e-06,2
0.00020819716255947518,0.010532325877090866,0.9268287024810835,0.006810078614283367,5.431927222015256e-05,0.05556487247970139,1.5041130610711518e-06,2
0.00014607511186537226,0.007495858230547148,0.9406654482094476,0.002131966936419246,3.3602973142676516e-05,0.04952602724820411,1.0212903737971514e-06,2
0.00010520109995340639,0.0053721558690988285,0.9493297964202028,0.0018057468718059608,1.8354767199514395e-05,0.04336608931317219,2.655658567355178e-06,2
0.0001275989445049923,0.006800557725222669,0.9643506173137694,0.0008712232183935389,2.0343653158945866e-05,0.027817269385099683,1.2389759850666089e-05,2
0.0001772000376088789,0.00673187958874672,0.961958343257722,0.0038502517511893363,4.799781462508631e-05,0.027229767866633087,4.559683475223001e-06,2
0.00015240976518199076,0.006687315814225625,0.9678856333970376,0.003427535423758954,4.8295772662674115e-05,0.021793559830352426,5.249996780514302e-06,2
8.760134478213018e-05,0.004459480380053315,0.9779917769333341,0.0003803744953471046,2.289153832932601e-05,0.017054972818095874,2.902490058303408e-06,2
8.217260029760772e-05,0.0009878503789964397,0.9828547527889631,0.0003564102693358639,1.687145662969093e-05,0.015699008090349836,2.93441542741034e-06,2
0.00010554508895825529,0.0009493069696274443,0.9906666124482334,0.0009941808972789286,1.5307924760057353e-05,0.007266274596509472,2.772074632531693e-06,2
0.00010464180904380591,0.00094118257533516,0.9875732456406969,0.0008293552418552674,1.6207319932179367e-05,0.010532608203715788,2.7592094209273635e-06,2
9.419358132074324e-05,0.0008616803253574937,0.9926876074982698,0.0008882038386753825,1.6673965329524508e-05,0.00544911465368121,2.526137365757642e-06,2
0.00011879832639284007,0.0008791654007731137,0.9912490898493402,9.34891360790321e-05,1.4014188623124263e-05,0.007642212229211761,3.2308695797606967e-06,2
0.41817381180515323,0.006447183566721441,5.133095354338709e-06,9.590694748343556e-08,5.435796887264902e-06,3.233516719047191e-06,0.5753651063122173,6
0.23056551901076458,0.0038621259338568396,3.606996427756398e-06,5.870383855312871e-08,3.365928438628655e-06,1.9792084767015778e-06,0.765563344218197,6
0.8036156620294137,0.09207004406819702,9.17530473121662e-06,1.3370461509654365e-07,5.307576123341696e-06,4.599863446347963e-06,0.10429507745347315,0
0.8992769151164591,0.07453439137717267,1.3531555052305133e-05,1.3776181967964374e-07,6.7421488044279335e-06,4.739444170937635e-06,0.026163542596520893,0
0.8999234714836938,0.0753946309070995,1.3687729649592288e-05,1.3935179929594455e-07,6.819963391909675e-06,4.7941445200032095e-06,0.02465645641984605,0
0.9066710460002924,0.013799008599298682,8.11334891200714e-06,1.3321677111209955e-07,1.2793640758079927e-05,7.112816216441007e-06,0.07950179237775143,0
0.7066167631791486,0.28980956811241765,2.06157432325926e-05,1.6485360854733687e-07,1.363911260574671e-06,7.455700276395655e-06,0.0035440685000555916,1
0.7461739830752577,0.24983396322876741,2.4117496174910033e-05,1.928553450003615e-07,1.225500827798661e-06,8.489830321685981e-06,0.0039580280133052126,0
0.7963535380800715,0.19838926523360323,2.113740469224295e-05,2.0198217757576768e-07,1.2834973581842674e-06,8.891609489069127e-06,0.005225682192608307,0
0.8259787114252356,0.16775733858766492,1.949431114629691e-05,2.382068415845137e-07,1.2450646598068037e-06,8.200429735581056e-06,0.006234771974716099,0
0.9380402715710836,0.05838676496056114,1.0479538416731549e-05,1.456808168945384e-07,8.300868687748694e-07,5.591086921170958e-06,0.0035559170753316103,0
0.8656518275567306,0.13001337418412376,1.2636470368255529e-05,1.511562077687054e-07,2.576060986306538e-07,6.552563984770758e-06,0.004315200462486261,0
0.8573981416300348,0.13854941850109279,1.2342048889466328e-05,1.23423e-319,1.9285936688204966e-06,6.1130775237728395e-06,0.004032056148790385,0
0.4985122886968176,0.5013837903486764,2.07741914559221e-05,2.0372486620077677e-07,1.974308249398131e-05,1.2727889442927056e-05,5.047206624689527e-05,0
0.48658337937609974,0.5133469522381849,1.8024936371210233e-05,1.767639312602708e-07,1.8513467414694027e-05,1.1043481419497458e-05,2.1909736578571357e-05,0
0.47170124080860876,0.5282384698321034,1.5033249216613654e-05,1.4742555404458256e-07,1.8710456949813002e-05,8.350177039526087e-06,1.8048050527981932e-05,0
0.16530604415983816,0.8346508761176966,1.3037166772043074e-05,1.6019669547308163e-07,3.03387336684593e-06,7.196768877764635e-06,1.9651716753005762e-05,0
0.2815267846473352,0.5818721714447417,4.8754816479429755e-05,2.934969587539956e-07,0.13645060465618172,8.2612923214945e-05,1.877801508803865e-05,1
0.2958337086360307,0.681943034306341,3.6798388644709855e-05,3.3203064388507716e-07,0.022060803737810605,0.00012078219157098367,4.540708958100343e-06,1
0.2727835445944529,0.6979779509590706,5.0484740458130425e-05,3.972913237837357e-07,0.02906329633135653,0.00011848825948308882,5.8378238550060724e-06,1
0.03636541576559217,0.1768385927146636,1.2176498200049206e-05,5.918933838661596e-08,0.7867601109638355,2.096445181359645e-05,2.6804165567120906e-06,1
0.3677828687552333,0.6147770223262947,5.7716116637296624e-05,2.1459185985565464e-07,0.017280659594614427,9.6810302268826e-05,4.708313091807268e-06,0
0.7031896370102728,0.2787356308998053,4.671881402697003e-05,2.448915913280621e-07,0.01790026915580283,0.00010033541212234577,2.7163816378265344e-05,0
0.7253373972299108,0.2686911851830259,3.982195121102156e-05,2.088227058591299e-07,0.005771109994767063,0.00015550478932079416,4.772029058560056e-06,0
0.04138166566620591,0.95299814537874,0.001038400558153679,2.1536181597763175e-07,0.001818268086933181,0.0027427449324505127,2.0560015700857084e-05,1
0.06663914453366636,0.9275803500556092,0.0007718759943070283,1.0216768528452115e-07,0.00406954851851728,0.0009181952855337452,2.0783444680689448e-05,1
0.08978940932735903,0.8519381531231554,0.0003267852362552013,2.0487226440424517e-07,0.05747831561499198,0.000460885371745881,6.2464542280201e-06,1
0.06661318182844908,0.8700289252599801,0.00045108467585201084,1.8644838707073663e-07,0.062401569851269885,0.000499367216760565,5.684719301132488e-06,1
0.02268030071324145,0.5820904542066909,0.001118910231008484,1.445028414889497e-07,0.3913972587015319,0.0027106136100121235,2.3180346736418964e-06,1
0.11702343467133754,0.8604883023163711,0.0006425109350321717,2.4484415271052066e-07,0.01848327652092506,0.0033583030576815505,3.927654499893416e-06,0
0.4859638219842348,0.49611232687181306,0.0008298060813117688,2.4080529464358725e-07,0.015389423437671934,0.0017005179543016094,3.862865372256879e-06,0
0.3339933082083688,0.5826311009409142,0.001884263322042501,3.0326691688392835e-07,0.07323602326359588,0.008242081785339226,1.2919212822540774e-05,0
0.585999974877781,0.36756755547887154,0.0022015011196035343,2.1721125720138661e-07,0.038767329426154504,0.005457168580206308,6.253306125995115e-06,0
0.09502848909473167,0.8909186219340535,0.0016430393557744288,2.3033676629236348e-07,0.0033433095883682352,0.009055555522543163,1.075416776262119e-05,1
0.1243284346644096,0.8590599564649312,0.0013507229197450127,2.541421908315188e-07,0.006710796948593115,0.008537332807329798,1.2502052800555215e-05,1
0.27387035465585985,0.7083167977452934,0.00041067486111768804,2.170818072384429e-07,0.01664039329411597,0.0007470983039886804,1.4464057817091022e-05,1
0.18629386180067317,0.8033667023131486,0.00010955855833445338,1.2385188144710031e-07,0.010078804053125627,0.0001376701100991838,1.327931273761003e-05,0
0.14533175086430758,0.8184647416144932,1.9213127090407636e-05,2.106445762608623e-07,0.036160719494103245,1.362009489039865e-05,9.744160539004706e-06,0
0.1372686415713492,0.726976428739815,0.00010788940817303476,2.0833342063014058e-07,0.13555362246333838,8.77061657482518e-05,5.503318155636734e-06,1
0.07195971382592652,0.7966331499596678,8.332039767883269e-05,1.486278104337757e-07,0.13126120713815098,5.8535968092758465e-05,3.92408267267896e-06,1
0.06784693891707136,0.8535738693019793,1.9462892299965827e-05,1.4915322433678089e-07,0.07854625541976741,8.885703128776054e-06,4.4386125288154165e-06,1
0.03434036745882318,0.9586073871386398,1.6258783572387353e-05,1.0408090209122981e-07,0.0070243582981040775,8.88368293791271e-06,2.6405570205208458e-06,1
0.047650822072180354,0.943578580913332,2.2560748776113088e-05,1.4442304825678112e-07,0.008731900764279092,1.2327031605812925e-05,3.6640467783916207e-06,1
0.058411838414686154,0.9337369442386938,2.180395304480852e-05,1.521661772253532e-07,0.007811559785598049,1.3840950014233282e-05,3.8604917855730575e-06,1
0.13510959929413935,0.8648314997266594,2.405162777651574e-05,1.4940771753956397e-07,1.7622864352909784e-05,1.3284583268905664e-05,3.792496085331279e-06,1
0.16611361895395288,0.8338163345672928,3.0264705782561555e-05,1.8498077422134306e-07,1.5513346143739677e-05,1.9631946096132253e-05,4.451499957792083e-06,1
0.11524159141018826,0.8847001566898305,2.3832876581893374e-05,1.567563096772688e-07,1.3144576412654235e-05,1.663649335865782e-05,4.481197318158833e-06,1
0.19983055774320713,0.800106476621059,2.6507934148368087e-05,1.7577614264384047e-07,1.32176638966253e-05,1.7763951247242e-05,5.300310299130741e-06,1
0.29104436701301245,0.7088838619688499,2.711538036608188e-05,2.053812429880899e-07,2.0637111805434227e-05,1.9150143548701153e-05,4.663001174517388e-06,1
0.2762247254514009,0.7237063327010773,2.5806821199154765e-05,2.1008939002753496e-07,2.0166005313784277e-05,1.8345975788651362e-05,4.4129558302182245e-06,1
0.35074934187580126,0.6491733562629142,2.592184002795565e-05,3.206673610731469e-07,1.9844432580027207e-05,2.67822973127024e-05,4.432624002722879e-06,1
0.27175800138008327,0.7281670628768572,2.1960238864598938e-05,2.787488332380622e-07,1.7310500020323546e-05,3.054683816673229e-05,4.839417174642334e-06,1
0.27069583077694825,0.7291988145897422,2.185339171658679e-05,2.9554192580705633e-07,3.581739660988351e-05,2.090323677132257e-05,2.64850662860938e-05,1
0.331562783944733,0.668332343431005,2.1105413785848612e-05,3.609651649236471e-07,4.957422975676359e-05,2.4305091342881655e-05,9.526924211580686e-06,1
0.2985248224023016,0.7004030258672443,2.487351093042456e-05,4.254108005809863e-07,0.0010121914835760392,2.878081981781891e-05,5.8805053291429165e-06,1
0.27404055684529965,0.7258864210813176,2.4211754377600937e-05,2.3683039381864806e-07,1.4299380316993315e-05,2.405274592385343e-05,1.022136237046523e-05,1
0.19219576524732265,0.8077527312698498,2.328422798308297e-05,1.7686712465365897e-07,8.649711286184636e-06,1.5822559488889776e-05,3.570116944562197e-06,1
0.024819757760333842,0.15951827120326903,5.8693825787744534e-06,3.417370887663822e-08,0.8156503589206352,2.8740550772758635e-06,2.8345043969507043e-06,4
0.060851789468615865,0.4728049199775826,1.8561709304305514e-05,1.0807311356939563e-07,0.46630971438601987,9.123292794396239e-06,5.783092569516742e-06,4
0.06953381015861697,0.42863705259874924,1.5654007677560898e-05,9.114340289559488e-08,0.5018024679796097,6.994860624933116e-06,3.92925131855815e-06,4
0.018105811503813202,0.14197720992761764,4.6915354039590985e-06,2.6341762117645874e-08,0.8399089046197726,2.8167953481851147e-06,5.392762823706563e-07,4
0.06312496599215925,0.4276569675156011,1.3642245815791898e-05,8.835682887092532e-08,0.5091925824377279,9.699225777111862e-06,2.0542260898504552e-06,4
0.028039323657704757,0.453514495329129,0.0004392269223563796,1.0063036465464805e-07,0.5176158182473913,0.000381651755586831,9.383457466944693e-06,1
0.02092342103922138,0.5593589231569202,0.0004729966561494525,1.3517485258856713e-07,0.4182447607774823,0.0009908204163469223,8.94277902726026e-06,4
0.047701498037381815,0.35984060172764953,0.00018027526911145646,9.26350575200306e-08,0.5919090630222044,0.00036445015968142417,4.019148913817529e-06,0
0.15694730628289735,0.6636495866905325,0.0010279625065252175,3.215261322006705e-07,0.1773813063936111,0.0009844988799464756,9.017720355094114e-06,0
0.21876114886612166,0.7216683231193581,0.0002682449595908508,3.7904882755685384e-07,0.05912512936471961,0.00015920804072224912,1.7566600659916026e-05,0
0.11126699411205403,0.8865739771629856,2.2592616208576264e-05,1.8223285000564455e-07,0.0021152851106044034,1.557763927782019e-05,5.391126019731946e-06,1
0.12491809620153695,0.8728660789812058,2.3580025869636973e-05,1.9019733163083568e-07,0.0021714568315786,1.4971017445377794e-05,5.626745032011647e-06,1
0.11239947345480412,0.8827132972865748,2.362552177323545e-05,1.6649700883851202e-07,0.004843514571860533,1.4997066713503e-05,4.9256012652441045e-06,1
0.0004960912330982234,0.12709986931561956,0.8514104530356885,0.00011850646914425596,0.0006973190224627226,0.020173592202125223,4.168721861710051e-06,2
0.0003516041538036451,0.034299027917932295,0.9481384627556919,0.0009694034368488791,0.00011837635298744943,0.01611929294248442,3.832440251227358e-06,2
0.0003198585145133411,0.043095588559375064,0.9337623243462146,0.0002641076053974876,3.4234737191046405e-05,0.022512492187862016,1.1394049446592221e-05,2
0.00038960957119813563,0.0030547790604157615,0.46150542830667785,6.808186805642587e-23,7.16054819118787e-05,0.5349745706497668,4.00693002947531e-06,2
0.0001941155769181233,0.0025121643767507607,0.8797607254983278,0.0003990197690862448,2.8275154905415626e-05,0.11709413349079541,1.1566133216243286e-05,2
0.0002919422656675775,0.020921831878014798,0.8797844323597014,0.00012431749153075797,2.067084751886468e-05,0.09883797471624965,1.883044131693075e-05,2
0.0003085191000923058,0.02315611468620296,0.7862970153851782,2.806878028911168e-09,3.0285913612551926e-05,0.19019099409722365,1.7068010812403768e-05,2
0.0005162805873844521,0.03849669449894115,0.7297800892048036,0.00025980517191543636,5.164503436506927e-05,0.23086683983890077,2.8645663689509276e-05,2
0.00015429649133387837,0.01656207793641201,0.9603708792979202,5.6597484714367744e-05,9.068873959083565e-06,0.022836414237908692,1.0665677751786675e-05,2
0.00019756621095345014,0.030936970503372782,0.9366713871266132,0.0003403241323163693,2.3578614237142093e-05,0.03181889549743502,1.1277915072275622e-05,2
0.00022562777852043678,0.026999323718593586,0.8458937475472045,0.00013411815502668075,2.7928649226622316e-05,0.12671590890307746,3.3452483507237685e-06,2
7.778859515840847e-05,0.00809258697217234,0.9672264395063888,0.0001192576849715574,9.298491415639289e-06,0.02447229280237335,2.3359475199557823e-06,2
9.05184393531216e-05,0.009245257566045141,0.9676604942664065,0.001704405691604562,8.215371831527733e-06,0.021286585323709035,4.523341049910535e-06,2
7.267134486485497e-05,0.007721204060659754,0.9673619635950881,2.5842664340845357e-05,8.99690895625734e-06,0.024805103432452284,4.217993637983435e-06,2
0.00016329272482848374,0.018478191860976004,0.9308409402994375,3.3279539099588874e-05,1.7350410866950852e-05,0.05045652936709346,1.0415797697889649e-05,2
0.00015864272077754986,0.007898289672087774,0.7215787830020545,7.794919009185341e-05,1.883794934097509e-05,0.2702581741586941,9.323306953137904e-06,2
0.00015575550010409707,0.0074153449057489116,0.8255167540314868,4.500411041030884e-05,1.8115622378591215e-05,0.16683782743984402,1.1198390027573095e-05,2
0.00010974157894050132,0.005306538199128993,0.6205351307227079,0.00011524702359739947,2.567006527489425e-05,0.37390018090658356,7.491503766721797e-06,2
0.00010415739273102518,0.006593601962858203,0.9414369526682423,0.00025353428014159317,8.050733308591776e-06,0.051600324202385056,3.3787603331208074e-06,2
9.316328403321813e-05,0.003799558016068769,0.8905662045690936,0.0006981802293624822,1.5287800518719402e-05,0.10481101408501016,1.659201591306651e-05,2
0.00029298371310751593,0.003341287758912611,0.9099787549530661,0.0011357415879773142,2.4637898510229447e-05,0.08521832676946572,8.267318960396476e-06,2
0.00022276215399964913,0.00805345153932306,0.9211143376594608,0.00020695588938056633,2.8641378781421558e-05,0.07036750232673508,6.349052319370551e-06,2
0.0004541392601826855,0.026173637019070394,0.3183257423021776,0.0001735441685020941,5.073674434693701e-05,0.6547990167819251,2.3183723795121106e-05,2
0.000509148105964622,0.03530706373687042,0.4059285664181676,0.0019002718057035957,6.86067664537625e-05,0.5562699024107239,1.6440756116032743e-05,2
0.00037804543214291545,0.005332388808457216,0.46848190916786014,0.0005100928085929736,4.961092508294209e-05,0.5252217822015369,2.617065632680779e-05,2
0.000490554127447405,0.005980620731740484,0.4323172439373848,0.00019033304226683946,5.597096287094838e-05,0.5609380313708733,2.7245827416136584e-05,2
0.00013234549643667396,0.001475620941616275,0.9828062212285134,0.0004383493152441812,1.0826404290884586e-05,0.015131362304859317,5.274309039053875e-06,2
0.00015668930094135357,0.006136583907598675,0.9805589588008287,0.00015278055670324582,9.140897268362575e-06,0.012980238131990557,5.608404669164374e-06,2
0.0002981646112160456,0.013351728812601646,0.9239781631290372,0.0005734618406780508,6.230836309414462e-05,0.06173404791259531,2.1253307776516885e-06,2
0.0004743689516909421,0.030264478946709195,0.7693838922322024,0.002306599587270958,0.0001504608943335944,0.1974169942025391,3.2051852539652673e-06,2
0.00027556135818338547,0.014275562261377708,0.6868171003406232,0.11716148364185847,9.4161281437405e-05,0.18137415695601208,1.9741605078386012e-06,2
0.0002708530844038865,0.012936470822353467,0.955306283075518,0.004190081373056891,9.256303456359809e-05,0.027201772237545857,1.9763725582960745e-06,2
0.0002517504191432325,0.013451141008241182,0.9452137955663718,0.00554698679994039,6.633871145270231e-05,0.035468150511450705,1.8369834001679174e-06,2
0.0001838051505055136,0.012363017161127256,0.9354664867337015,0.0011242383271462709,2.9304852365496797e-05,0.05081530043571933,1.7847339434612288e-05,2
0.00014613326410308294,0.006247106976607583,0.9741968829049531,0.003478251212032019,4.4212022360707554e-05,0.01588260754764659,4.806072296947261e-06,2
0.00014797054443075916,0.006331099531733622,0.9685511822202191,0.0013006104051209743,3.834071560434311e-05,0.023625930085596734,4.866497294217849e-06,2
0.00011641795996411801,0.001432724249027323,0.9799089721454268,0.0006316309778816523,2.8219315448991613e-05,0.01787818906182192,3.84629042914486e-06,2
0.00010070770096219078,0.000905797923543147,0.9895836784261863,0.0011729311164806024,1.4097267216452898e-05,0.00822013209128619,2.6554743251666022e-06,2
0.6556493618175421,0.00952523211731921,7.438361355219333e-06,1.389786245164624e-07,7.52016974093955e-06,4.7813061222710195e-06,0.3348055272492956,6
0.4094777424670878,0.006650164202686977,5.48692895435146e-06,1.0251798783077967e-07,5.810496254564465e-06,3.4564089083447888e-06,0.5838572369781202,6
0.3018920085771814,0.005148067368646831,4.55282010206735e-06,8.50650627523275e-08,4.821302475547535e-06,2.8679809944316694e-06,0.692947596885537,6
0.1416482135603806,0.002405717067012013,1.8330060728871991e-06,3.359098648328233e-08,1.9606494887825977e-06,1.1325250073436175e-06,0.855941109601052,6
0.8277283128972032,0.09202534155405241,9.541836692172957e-06,1.390458017051491e-07,5.519601373881306e-06,4.783617230937277e-06,0.08022636144764592,0
0.899603402582175,0.07269829741346841,1.3262321479143417e-05,1.350208112135629e-07,6.608002151926607e-06,4.645144773417566e-06,0.027673649515141178,0
0.8708168089360206,0.09766244880506883,1.6753894107744216e-05,1.2686727607755808e-07,8.223573454033304e-06,4.364637266600841e-06,0.03149127328680597,0
0.742835194611527,0.23789981944314836,2.488781075247534e-05,2.0105857133144858e-07,2.522469997343226e-06,6.9170534777328156e-06,0.019230457552525632,0
0.7452291469235196,0.24058707539401156,2.464274069849328e-05,1.990787493447014e-07,2.5390915205712476e-06,6.8489413128644705e-06,0.014149547830187549,0
0.8413129162338211,0.14894463786810405,2.4701890941155114e-05,1.678678407532393e-07,1.8253822983802855e-06,6.9740514269780355e-06,0.009708776705567888,0
0.8674485684979983,0.08964624704167475,1.8456113173644092e-05,1.773913127074776e-07,1.5274094590455324e-05,9.471418614550884e-06,0.04286180544263554,0
0.6255544900546586,0.373034356816076,2.0950911037522695e-05,1.6753377493708231e-07,1.2182180152638197e-06,7.5769139851454614e-06,0.0013812395524524267,0
0.6774016461396306,0.3211099935885604,2.2849699978690276e-05,1.8271742392269722e-07,1.3286255718216836e-06,8.263612547198701e-06,0.0014557356162873893,0
0.9169707869528052,0.07459643666823755,1.4758864714380712e-05,1.851673157605239e-07,8.150706473802475e-06,7.275018733199013e-06,0.008402406621720105,0
0.9242393055217233,0.07407833156126073,1.2459524588878827e-05,1.251326324064006e-07,7.57477651080045e-07,5.315968083357885e-06,0.0016637048140601906,0
0.9567608566353986,0.040050714473898553,1.2222300426409762e-05,1.2275015916607701e-07,7.183167810600602e-07,5.214754263577596e-06,0.003170150769072801,0
0.8945678647511972,0.10273553298496794,1.090453223693382e-05,1.304389352716111e-07,2.3363863249753625e-07,5.65447811961817e-06,0.0026796791759107763,0
0.8659723481979262,0.1306540126770602,1.1657948192012903e-05,1.3945122235205101e-07,2.540977606678041e-07,6.045157328996508e-06,0.0033555424705097067,0
0.6374224962553066,0.3624910687379848,1.8468404440249367e-05,1.811128597478611e-07,1.85426908811942e-05,1.0121985356371623e-05,3.912081317119951e-05,0
0.561452660859309,0.438467640039033,2.0572923291512257e-05,2.017511032289725e-07,1.7803523142924036e-05,1.260457687259551e-05,2.851632724770346e-05,0
0.2635770711147374,0.6704113783337653,4.6937828965173775e-05,3.3499609799879954e-07,0.06586456467725152,8.924725784220036e-05,1.0465791340395277e-05,1
0.21001640994087187,0.6299491731527741,4.1365829454521656e-05,2.9969788160196605e-07,0.15989956743971367,8.759945312170572e-05,5.584486182570891e-06,1
0.2424418533213764,0.6449039048057978,3.4811469117603395e-05,3.784199422278083e-07,0.11252193421964621,9.321625270284584e-05,3.9015114169353266e-06,1
0.21441203836454173,0.7016062712526103,5.844035378355904e-05,2.6887429807412684e-07,0.08381693043717307,9.675371922891696e-05,9.296998364499293e-06,1
0.4772273685337829,0.5078162252628984,3.701770099971904e-05,1.77776358640324e-07,0.014825601876722492,8.936164761274591e-05,4.247201625214637e-06,0
0.8373002734608643,0.15391952022526462,2.7503317036954534e-05,1.588087358707642e-07,0.00868938403975696,5.5427765091907326e-05,7.732383249506552e-06,0
0.5563549130470031,0.40685628621604136,7.397527931821249e-05,3.434886647099656e-49,0.03659970216663131,0.00010872574704496964,6.3975439611526775e-06,0
0.07044316474917912,0.9245818924019795,0.0005342370405652646,9.169951251912406e-08,0.0032756942233184883,0.0011503628242401861,1.4557061204853358e-05,1
0.03808390880819978,0.9356519737660662,0.00043220155217269364,9.311535347680645e-08,0.025336757889363213,0.0004911324865819955,3.932382262427705e-06,1
0.0902280379820049,0.8681517139531454,0.0003509432825627928,1.5270128740610666e-07,0.04060364455153506,0.0006614508716896941,4.056657775067134e-06,1
0.08470200749156816,0.8830143258235106,0.00011996484715363333,1.493050691962674e-07,0.03197038074616762,0.00018920535258588005,3.966433944994708e-06,1
0.011870114639425264,0.5240546892318898,0.0005547293811472408,1.009233441449933e-07,0.46229867105022765,0.0012200758174893327,1.6189564765470598e-06,1
0.407528422554004,0.5682335361721759,0.0029588423523157084,2.7297457543611827e-07,0.01929032985421971,0.001984217185524182,4.378907185240269e-06,0
0.5588461155971313,0.413091102960328,0.0012404869733945883,1.6951758843383798e-07,0.025523626081206577,0.0012931323273585133,5.366542992433825e-06,0
0.5162829263396252,0.4483366747210471,0.0016711263693313817,2.073559278836629e-07,0.03144390360877808,0.0022571449371840985,8.016668106193088e-06,0
0.22210867706917234,0.6644886569406524,0.0020527989517400425,3.3171443269213167e-07,0.10232018586144222,0.009015218381609236,1.4131080951036423e-05,0
0.5534996145620754,0.39259140047808816,0.0023157142617645696,2.2848010461500402e-07,0.0455787381035385,0.006004570830206583,9.733284222252885e-06,0
0.3017125214515351,0.6917983336454621,0.0007911440476843539,2.2292262542421721e-07,0.004874581530006303,0.000799112498168905,2.408390451792344e-05,0
0.07928107470717138,0.8641238194227124,1.6649360300742098e-05,1.5670094852962444e-07,0.056561831076759765,9.21613784397135e-06,7.252594263078533e-06,1
0.08221034044415955,0.8491571246774695,1.7059217367588e-05,1.6387481841013391e-07,0.06860081392257815,9.63805854268997e-06,4.859805063891827e-06,1
0.09465517343080859,0.8264201336790529,2.0584786094666735e-05,1.440983959116645e-07,0.0788902835703576,9.392248103444408e-06,4.288187186832372e-06,1
0.05926449196886843,0.9326625071658865,2.177886356363329e-05,1.519114464085284e-07,0.008033389017218154,1.3825023441005219e-05,3.856049575677347e-06,1
0.055268890213304944,0.9390149393337297,2.8505358051243618e-05,1.5835021796826343e-07,0.005668559748493264,1.4927507841379033e-05,4.019488361415923e-06,1
0.04430530066492637,0.9537473860439998,1.880056051353381e-05,1.120497033761444e-07,0.0019150006806141686,1.0557272854952022e-05,2.842727387564488e-06,1
0.08883830176306373,0.9108947935149608,2.723809625605897e-05,1.622516255586312e-07,0.00022008594714363679,1.5299907071160825e-05,4.11851987904708e-06,1
0.13018438908740412,0.8697591792651186,2.418867032653668e-05,1.5025902019544583e-07,1.491833615200333e-05,1.3360276822125954e-05,3.8141051564223303e-06,1
0.13312186916270852,0.8668227978495028,2.3356155269974773e-05,1.555786691506518e-07,1.4066140938389962e-05,1.3805976257329386e-05,3.949136653925884e-06,0
0.1602221503765085,0.839707422245209,3.139661062643295e-05,1.8879843639922353e-07,1.5833513010132268e-05,1.82160844181265e-05,4.792371791444552e-06,1
0.1688837498730348,0.831050432687611,2.8437481410034753e-05,1.7381260422377212e-07,1.4576731580989857e-05,1.8446672046395594e-05,4.182741712606482e-06,1
0.21440531555861325,0.7855262346448331,2.9450484876268752e-05,1.935427698823017e-07,1.2928986650945827e-05,2.004074147704982e-05,5.836040779481754e-06,1
0.3590668020671709,0.6408575603600581,2.6610381950558974e-05,2.3302190727966875e-07,1.8349329403868948e-05,2.5894475120273538e-05,4.550364388811249e-06,1
0.3199109112784656,0.6799965104027219,2.52045570307784e-05,8.524693662110692e-85,2.205423865658326e-05,3.9718582388519295e-05,5.600940736473073e-06,1
0.2520559020742532,0.7478872505008674,2.0508819907258983e-05,2.5409190267617686e-07,1.1625487200416215e-05,1.802404126574957e-05,6.4349846034151854e-06,1
0.3301034978770031,0.6697768536194015,2.1160511071102733e-05,3.345205174944001e-07,3.256376199435027e-05,2.4228736259071335e-05,4.136097375323986e-05,1
0.3229926063623614,0.6767618994562041,2.3120326349214744e-05,3.954261450836218e-07,0.00018969196280627142,2.6752232471210787e-05,5.534233662671753e-06,1
0.2977494642664564,0.7015473110257876,2.767092031629082e-05,3.3457744460295925e-07,0.000635919841278825,3.3490699267034325e-05,5.808669449305571e-06,1
0.37778019197717305,0.6221389711207894,3.095393745682735e-05,2.8085772693642843e-07,1.5002509181969054e-05,2.893039865074408e-05,5.669199021075521e-06,1
0.07481159407650438,0.31199569855295284,1.1218685263699705e-05,8.21641202242108e-08,0.6131699911907293,5.514127264572232e-06,5.901203164893003e-06,4
0.10147139121941681,0.5791177828632361,1.719033157330119e-05,1.2088392915748295e-07,0.3193741191782662,9.368925939995136e-06,1.0026597638391014e-05,4
0.10371691878406003,0.5341089208912333,2.043081997997432e-05,1.1895576489280953e-07,0.36213454536423434,9.198516762140663e-06,9.866667965378666e-06,4
0.003994138475101976,0.06712356278025763,1.702360172411113e-06,1.25635195920795e-08,0.9288792322464874,1.059482609828769e-06,2.920918513734662e-07,4
0.1309005367445876,0.7633591863131376,0.002758032088667609,3.1101117435776194e-07,0.05493974701424622,0.048031596529406,1.0590298780713316e-05,4
0.097042473371196,0.7833334957820943,0.00026978567991534194,1.3985341254507313e-07,0.11838550450904844,0.0009619933955283222,6.6074088048940846e-06,4
0.1173634290917942,0.6417273735904082,0.0003279034142496197,1.764680192059598e-07,0.23954278411785992,0.001030676915581798,7.65640208688597e-06,0
0.16275304651667413,0.679197998418484,0.0006144224696658614,3.060949960113495e-07,0.15646111089545792,0.0009598281266916468,1.3287478030342085e-05,0
0.15978253724123034,0.8352724327960687,2.4348221918692994e-05,1.8284203050061473e-07,0.0048962628373066825,1.5017361260510437e-05,9.218700184560275e-06,0
0.14372143800474232,0.8524118135595595,2.781339566607162e-05,1.7920334021234336e-07,0.0038181356643063125,1.5318670542231588e-05,5.301501843447633e-06,1
0.10935519400249694,0.8883771246316536,2.2404814443293674e-05,1.7730171834554541e-07,0.0022243047878487045,1.5448149707940298e-05,5.3463121312464595e-06,1
0.11761238869207184,0.8802945368652799,2.250695710156991e-05,1.993574414650353e-07,0.0020508223536444734,1.4248103875870877e-05,5.297670584960421e-06,1
0.0001780445285227929,0.03828476718003996,0.9543158230066592,2.1471620246936324e-07,0.00019642865097250383,0.0070231492648205945,1.5726527823564635e-06,2
0.00022469433374910645,0.02139668258832974,0.9658732937205049,0.0006920107813727484,9.935456269127396e-05,0.011711782006710327,2.1820066417715618e-06,2
0.00023137456284894528,0.03154411324360046,0.9550251725298913,0.0003006005495072393,3.055389749537592e-05,0.01285994315621409,8.24206044286679e-06,2
0.00037851308947273003,0.01417018910279353,0.7790150097811178,0.0009416935876227767,6.573892336585852e-05,0.20541669073807514,1.2164777552267963e-05,2
0.0003426080297954344,0.014123700153562714,0.893084739863592,0.00015093907321787894,2.8832462204201275e-05,0.09224708200585774,2.209841176994291e-05,2
0.00021375064556409696,0.030861600823877615,0.8722774906773078,0.00030998811116465954,3.146802422020822e-05,0.09630366545434782,2.0362635176916765e-06,2
4.061534940366505e-05,0.0025404017421886763,0.9911428769922683,2.465664204862588e-05,4.65550120962462e-06,0.006245840930165785,9.528427153380134e-07,2
9.162113308491168e-05,0.007778837039817574,0.9700024162755019,0.00015532904208576998,9.023559398457702e-06,0.021958194505815425,4.578444295814142e-06,2
8.025329040154742e-05,0.007360391096429959,0.9667306864628499,9.708742174604884e-09,6.55086690066186e-06,0.025818098198387204,4.010376288609661e-06,2
0.00010580444899281764,0.013907291535994048,0.9522833730420878,6.661063795546038e-05,1.330901670282991e-05,0.03361747021143084,6.141106835878549e-06,2
0.00014460060319433423,0.021022738054147512,0.9387223196901314,7.114990661394544e-05,1.411144788154397e-05,0.04001529496753265,9.785330498429372e-06,2
0.00021672848378173358,0.0097765620293204,0.6218649381474247,6.03798116835292e-05,1.9603474222876258e-05,0.3680499309388437,1.185711472332499e-05,2
0.00031542157829880855,0.010266698044069648,0.8710554049931607,0.00032098220544534925,3.519459692220902e-05,0.11799807682771188,8.221754391186617e-06,2
0.00011738864465474855,0.004710586329952921,0.9681981080539692,2.585915485100793e-05,8.413591680474602e-06,0.026936076742339537,3.5674825518117266e-06,2
0.0,0.0,0.0,1.0,0.0,0.0,0.0,3
0.0,0.0,0.0,1.0,0.0,0.0,0.0,3
4.06594818267667e-46,7.603586808834167e-45,3.134417681791873e-38,1.0,4.0498219248964007e-47,3.384367242481541e-44,2.5054015583609148e-47,3
0.00023379080563091769,0.003254960045126895,0.9131858889452186,0.0003769177888192182,2.314909607220162e-05,0.08291869628634944,6.59703278267063e-06,2
0.0002094424591399391,0.008794764200439925,0.8747748561956407,0.00013585467078825315,2.168008041592929e-05,0.11605597811212427,7.424281451424578e-06,2
0.0004525090019603432,0.031237415628388363,0.4774029978529219,0.0005439579643794916,8.095659388862849e-05,0.49025798905802725,2.4173900434152178e-05,2
0.0005076387461073922,0.03931646372932856,0.4275917932024502,0.0003230537738167025,8.423387578628714e-05,0.5321500852457101,2.673142680079964e-05,2
0.0006246675290840992,0.03713617672771212,0.5488979277048651,0.0008456589767413822,6.465874345434045e-05,0.4124085678768581,2.234244128492739e-05,2
0.000739179135088749,0.03823651477132868,0.777320683725115,9.458269662463769e-05,4.960702491000425e-05,0.18351597858427174,4.3454062661187465e-05,2
0.0006546828364760184,0.038999048347340026,0.6714347516901439,0.00012050579762547344,6.429622296893803e-05,0.288682232976866,4.448212857965768e-05,2
0.0004501838872495656,0.005243570031208095,0.3958593000092087,6.813971980812075e-05,4.372058116239183e-05,0.5983111064320702,2.3979339292902193e-05,2
0.00037906259762278844,0.0047422710298332124,0.38704323563365434,0.0014597065676247368,4.879146513269128e-05,0.6063119381783161,1.4994527816174066e-05,2
0.00042786760028832,0.00593589511320003,0.36534520805250037,0.0685212519138489,6.23984883293278e-05,0.5596775599057142,2.9818926118697046e-05,2
0.00033682995824801774,0.004638524048416058,0.3749344090076467,0.07616301632244944,4.5146245912927883e-05,0.5438667117185155,1.5362698811381435e-05,2
0.00020536794114155393,0.009860866356922996,0.9734879006397413,0.0004938520957098519,1.4525009980411765e-05,0.01592893343496907,8.554521534840467e-06,2
0.00014420552538501867,0.005647668993020356,0.9829185959246521,0.00018473006984187127,8.764004984989165e-06,0.011090873911178516,5.1615709370695835e-06,2
0.0002562330775510396,0.011306932370609868,0.8006196968289176,0.12724303526201983,6.592898924133138e-05,0.06050012193008856,8.051541571578578e-06,2
0.0002769339436848752,0.014963580740164604,0.6836861740028521,0.00030508415632970055,8.522900585793029e-05,0.3006790630230674,3.935128043317375e-06,2
0.0002862678226953067,0.013157963262986733,0.7794360034130703,0.08575016100148447,7.04027588618919e-05,0.12129723700297285,1.964737928708891e-06,2
0.0001434804838330591,0.007138758745053642,0.9419947581557709,0.002575721570657989,3.932102161319312e-05,0.04810698789533699,9.721277341259256e-07,2
0.0001916632293877167,0.010334950088048297,0.8809468987654016,0.004980370252502364,4.478777739277135e-05,0.1034990781177534,2.2517695138255277e-06,2
0.00015284747470823454,0.010280756266382102,0.938277849089848,0.00162682508954111,2.4369135840017982e-05,0.049633090988540934,4.261955139718955e-06,2
0.00013868074013700566,0.007391176959472522,0.9299125110095866,0.005931329560346414,2.484582386349972e-05,0.05659758897261722,3.866933976731894e-06,2
0.00021752689031967633,0.011528718972546677,0.8388459120976826,0.05215975167791598,3.755220699869973e-05,0.09720469363491233,5.8445196239947515e-06,2
0.00025356490447397663,0.00942681509285786,0.8684090514616598,0.09277990552559033,6.889240586672875e-05,0.029058257722671593,3.5128868798546704e-06,2
0.0001531229479059586,0.0018126172743664346,0.9670253669028713,0.0019959569814622757,3.6951812119634724e-05,0.028970862103090907,5.121978183606967e-06,2
9.387595483069124e-05,0.0011209663473565128,0.9800829848388176,0.0005446617272477479,2.0724644144468057e-05,0.018134109866476726,2.676621126165075e-06,2
0.00012013930721537358,0.0010089763529235816,0.6437781445314031,0.3461997176287231,1.7516601359343615e-05,0.008872547621936976,2.9579564384607254e-06,2
0.0002070705853658575,0.001668023737880081,0.9685769443604805,0.020354905138047323,3.50614205485277e-05,0.009152262905640519,5.7318520370242595e-06,2
0.6432673377220028,0.009047471272733431,7.29788692651504e-06,1.3635399498466914e-07,7.367558092747237e-06,4.597194823325541e-06,0.34766579201142606,6
0.2438620528215337,0.004228589302276803,3.502915417001488e-06,6.544860396043815e-08,3.7526560914685165e-06,2.206609225894983e-06,0.7518998302468511,6
0.11870787466573225,0.0020716918237810135,1.6707041726016293e-06,3.0616702317318685e-08,1.78704551521686e-06,1.0322465829937878e-06,0.8792159128975134,6
0.22770245524228783,0.014081365655505461,2.087171027828961e-06,3.9075029574365455e-08,2.119820204216722e-06,1.3174203198136033e-06,0.7582106156156253,6
0.24494080873959911,0.013694525030717813,2.141945071768639e-06,4.0100483338486066e-08,2.1754510669787266e-06,1.3519936429971642e-06,0.741358956739418,6
0.446396587042629,0.031789166508038855,3.834625039902776e-06,7.179003773191615e-08,3.8946092710172424e-06,2.476421963984856e-06,0.5218039690030195,0
0.926856107810701,0.050912442033578253,1.0417156731673676e-05,1.3839303986474647e-07,6.391826346901578e-06,4.761160150254828e-06,0.022209741619451998,0
0.8964653686734769,0.09179571922426397,1.822303175761876e-05,1.3799218176359883e-07,9.382954599095427e-06,4.747369358326591e-06,0.011706420754362195,0
0.7406067068919724,0.24668127922825417,2.349859096379351e-05,3.594515670518238e-07,2.4212028114708977e-06,6.6820801806029905e-06,0.01267905255425065,0
0.8393267607594703,0.11270044662554755,1.565878819917526e-05,1.4294197981806586e-07,1.2250333138173602e-05,8.391525328161829e-06,0.04793634902633687,0
0.8502144182504092,0.10327787361532721,8.596592251953978e-06,1.3405858105108817e-07,1.1304680518270808e-05,7.870018169466146e-06,0.04647980278474303,0
0.8097912683375275,0.18801084938126977,1.844018049118966e-05,1.909235612136594e-07,7.545678872291409e-06,7.862843997648808e-06,0.002163842654280368,1
0.7835572403849842,0.21467283023508324,2.517653079841325e-05,2.013239060069355e-07,8.169768397793606e-06,9.105112802125617e-06,0.0017272766440281733,0
0.8632949097267509,0.13282624734445722,2.4082267211386953e-05,1.925736369049201e-07,1.4382144406603741e-06,8.535192420269328e-06,0.0038445946810826835,0
0.8593239494373132,0.13607921001600326,2.2285713487130093e-05,1.7820751092772652e-07,1.3309226526003749e-06,7.898461185818389e-06,0.004565147241847084,0
0.8544624322260852,0.1422220548106459,1.906984996333349e-05,1.7996177218112225e-07,1.3440241544875224e-06,7.922232646467603e-06,0.0032869968947325527,0
0.8446233563177276,0.15026690230668882,1.3626597688265125e-05,1.918939933509978e-07,8.361596850936989e-07,6.996649311610274e-06,0.0050880900749055045,0
0.8769528294701437,0.10674492265086089,1.3497241430253752e-05,1.693387678644828e-07,7.240047847369466e-06,7.003116168135311e-06,0.01627433813478178,0
0.9410627065405359,0.055768856689920966,1.14684650281596e-05,1.594283342824769e-07,7.716126592765327e-07,6.1187031599096275e-06,0.0031499185603611605,0
0.9426784994431927,0.05451895002836396,1.2194359431124037e-05,1.452406182099749e-07,8.36817431643819e-07,5.87277360840046e-06,0.002783501337353851,0
0.8883109963797647,0.10780146907386007,1.3488584313299236e-05,1.7322893283383214e-07,8.200394075350875e-07,5.755025658297044e-06,0.0038672976680630424,0
0.8695568828805579,0.12910273956327306,1.1916649102842474e-05,1.4704847382071407e-07,4.100867042153445e-07,6.983616670277933e-06,0.0013209201552178275,0
0.8692977740738006,0.12906426978923535,1.1913098203769196e-05,1.4700465661296459e-07,4.180956105099563e-07,7.646820866513042e-06,0.0016178311176270554,0
0.5266235603168148,0.4733199500051958,1.4736979187590858e-05,1.445201426763455e-07,1.2152087290545414e-05,9.029022487847662e-06,2.0427068880838912e-05,0
0.3268689366677046,0.6618733892093803,3.488488916871848e-05,4.561421908846668e-07,0.011068501523601929,0.00014836074623687326,5.4708217166772035e-06,1
0.39841729571178713,0.5866681690874379,4.8025899284723655e-05,3.5168057287677317e-07,0.014694226165296543,0.00014813419615898314,2.3797259461668204e-05,1
0.31735461777016943,0.6609836230201399,5.219265054660738e-05,3.324106544133277e-07,0.021512294966048003,9.201654457532394e-05,4.922637866354129e-06,1
0.21531481744250516,0.6339416248922828,4.215090233578987e-05,3.345015774587593e-07,0.15060010930367032,9.624231883750794e-05,4.720638790796696e-06,1
0.8013267452755097,0.18161866859285017,3.7679454726899353e-05,1.8738774086321225e-07,0.01694378683369341,6.540247061799971e-05,7.529984861104277e-06,0
0.5839287549679841,0.40548319336357647,7.27425197507066e-05,2.791560161488904e-07,0.01035581198387811,0.00014709307974328847,1.2124929051130867e-05,0
0.047747127399151636,0.9294872343926662,0.002960096577600302,7.564686753676095e-08,0.016575829858752764,0.00320813047043257,2.15056545289646e-05,1
0.043972361244867565,0.9306196248937457,0.00025431529833755385,9.792041496539995e-08,0.02497102389129548,0.00017844144509150062,4.135306247163765e-06,1
0.07785119261857334,0.866264225832802,0.0004280698487826694,1.9746383590863436e-07,0.05513570913408527,0.00031671115291261693,3.8939490081914566e-06,1
0.09891444323128683,0.8833508586747754,0.0009588089332917341,2.348654945741035e-07,0.013478534244177422,0.003293352468590002,3.767582384229154e-06,1
0.5829817489577813,0.39608692708820464,0.0021795299146792927,1.6104935985185988e-07,0.017656003685837036,0.0010926879038081266,2.9414003295935653e-06,0
0.5501925982313652,0.4175059461499045,0.0013044373579236643,1.7132927976644572e-07,0.029705513706526986,0.0012859093279623153,5.423897037611583e-06,0
0.10836587425140944,0.8835901270793021,0.0010670049780299937,1.7228405406979958e-07,0.005332372501266256,0.0016397807281579235,4.6681777802385955e-06,1
0.22346830682903387,0.7688898763676906,0.0008273963589138159,2.1229732504668922e-07,0.005595392427959876,0.0012046778604296393,1.4137858647269424e-05,1
0.22423560510198245,0.7702612223600814,0.00042797383216950854,2.2314309787366272e-07,0.004221450087431486,0.0008386575565013231,1.4867918736203946e-05,1
0.37654621261915966,0.6161464095530391,0.00043335631803988265,2.704372033709658e-07,0.005925008301621429,0.0009307236683909029,1.8019102545767577e-05,0
0.2709685400957068,0.7230502407898934,0.0005680504192227026,3.0522078398970126e-08,0.004667296930317792,0.0007278369120823411,1.8004330698470113e-05,0
0.09200641053813147,0.7864563768996853,0.00011310416861298777,1.3540377053359836e-07,0.12132057986135587,9.505280924323981e-05,8.340319200468569e-06,0
0.04425973551136212,0.6891441865317243,9.461794841057152e-05,1.0508876695215191e-07,0.2664163567445122,7.852513939745044e-05,6.473035826567059e-06,1
0.06341453290676607,0.8712651170203836,1.991491229185735e-05,1.3940912005501186e-07,0.06528885066520691,8.330688566805942e-06,3.1143976647961083e-06,1
0.06494662238088543,0.8679730684345078,2.039605480133896e-05,1.4277723199469223e-07,0.06704548357018145,1.1097141156306364e-05,3.1896412353428058e-06,1
0.03043785629234735,0.9478163484786525,1.3603109154213857e-05,1.0290926388636963e-07,0.021720751860713934,8.78367936260934e-06,2.5536705055067034e-06,1
0.033282083092442113,0.957575438309214,1.3257469382879509e-05,1.0501156103201518e-07,0.009117547160800467,8.963118057969835e-06,2.6058385418126845e-06,1
0.08199138819590918,0.917904135681509,2.9001740935808563e-05,1.5930820676699537e-07,5.606370882631312e-05,1.5207559109117813e-05,4.043805503989357e-06,1
0.20121430861653464,0.798720326570269,2.8092492415503644e-05,1.8163530380826858e-07,1.253371771323249e-05,1.9079981768987713e-05,5.476985994688641e-06,1
0.2504507360725755,0.7494835341421999,2.364057064463825e-05,3.385409000476921e-07,1.3556690234117777e-05,2.0776359769681944e-05,7.417623676160507e-06,1
0.2606244160269968,0.7392824661344871,2.2283631324726455e-05,3.232708296315543e-07,2.075446273150737e-05,2.0786474440362076e-05,2.8969999189698137e-05,1
0.3772098524135435,0.6226935933334621,2.16194595520926e-05,3.6975687195546945e-07,2.362253502744332e-05,2.0137432799125478e-05,3.0805068743724404e-05,1
0.30589451671408996,0.6940341612774354,2.274769838365939e-05,2.5581311533802145e-07,1.3775686396863736e-05,2.4241314732736872e-05,1.0301495846013783e-05,1
0.011189133606771606,0.08288649890880354,2.25974999000487e-06,1.5890761416704486e-08,0.9059203025171451,1.2239429102592012e-06,5.653836180036282e-07,4
0.0052768155158939185,0.07417047645426426,2.331697198282961e-06,1.357600057129568e-08,0.9205483798391629,1.256453094741151e-06,7.26464385401479e-07,4
0.006072047260804805,0.0784340461517044,2.4025126722101392e-06,1.4680503160103954e-08,0.9154890247248934,1.304422557646575e-06,1.1602468644208507e-06,4
0.009691754054201373,0.12332829940864344,3.0071518169914177e-06,2.2192959739900057e-08,0.8669738013197815,1.8308115123611369e-06,1.28506108443296e-06,4
0.008527321884534486,0.13138000579662845,3.2034790477292897e-06,2.364186641065506e-08,0.8600870674769832,1.8280663245042996e-06,5.496546154284597e-07,4
0.20883557294751473,0.34379901359112763,0.0018477135469303276,2.052442325360652e-07,0.04958682047688395,0.39592736526256433,3.308930746414217e-06,5
0.15704441418837728,0.5514735630101741,0.00031084542854280684,1.5663192995996502e-07,0.2900950520775278,0.0010706760463071068,5.292617140824683e-06,0
0.22789681177337223,0.7433920418635263,0.00041073565453897653,4.122699754644808e-07,0.027858539813624048,0.0004014663772341738,3.9992247728842545e-05,0
0.22197255182233633,0.7548698687585907,4.963615670978152e-05,3.964875962327862e-07,0.02306014857974637,2.7407713255862294e-05,1.9990481764830093e-05,0
0.11412638594522795,0.8813237012943366,2.4870218340830636e-05,1.6502871462481145e-07,0.004507140057028602,1.3240212732931682e-05,4.497243618284644e-06,0
0.00020410553577140882,0.02372563875231318,0.9679563645895001,0.00013694018248444883,0.0001824470225999629,0.007792701069799471,1.8028475313925225e-06,2
0.00023938773328793038,0.027826912485536492,0.9630064292928164,0.0001704055669856469,0.0002666416025216984,0.008488108826550529,2.1144923011159835e-06,2
0.0001342404659223098,0.030615187766942213,0.963622246436197,0.00013810750899685643,0.00017460591583591873,0.005314480645414627,1.1312606911379936e-06,2
0.00028162360964343957,0.04377775727916834,0.9421542696858347,0.0005792792666532011,3.420570107950638e-05,0.013162832417865788,1.0032039755100213e-05,2
4.4075610483940134e-05,0.007903047355451177,0.9899713025879073,0.0013417944042993593,1.7778550602220282e-05,0.0007177171702402291,4.284321015730179e-06,2
0.0004215638158143424,0.015541502572709682,0.7023803582551024,0.0004028122687794311,6.115041827786739e-05,0.28117175449312937,2.0858176187008545e-05,2
7.219769298820771e-05,0.0030326031165675013,0.9810942012465953,4.2157127767109965e-05,5.436757270533432e-06,0.015748516750693633,4.887308117727417e-06,2
8.449464360856616e-05,0.003642979441351184,0.9659807042805477,3.99563458909095e-05,1.0053641985043595e-05,0.0302363616942968,5.449952319948663e-06,2
0.0003013476896196236,0.030264158658353277,0.8545310560090026,0.0001791047337517492,2.682595866645252e-05,0.1146807867701821,1.672018042395665e-05,2
0.0002087374345198605,0.08080963140150228,0.8634717895361175,0.0002284251212273261,2.2945935884965372e-05,0.055256482064834786,1.988505913362914e-06,2
0.0001557235764414513,0.011695274228262265,0.9502862065208958,0.00019331891803005952,2.8712102043512172e-05,0.03763970127199338,1.0633823335374719e-06,2
5.7707029296282544e-05,0.003417899045286888,0.9709994188190441,5.9263258627360276e-05,5.631408169839462e-06,0.02545799324947383,2.087190101783003e-06,2
0.0001342739878156044,0.007503578368123805,0.5007563773848223,0.0001438262682082167,2.385948674560374e-05,0.49143083712915375,7.24737513072622e-06,2
0.0004148761619886787,0.01721005181429115,0.825006636658153,0.00011209968970836266,3.922032204569166e-05,0.15720505545552413,1.2059898288918426e-05,2
0.00044567393007493786,0.014101878378329692,0.8964670753485413,0.0001582551316780444,8.047164158047928e-05,0.08873373560206527,1.290996773005445e-05,2
2.1309612132060153e-14,1.4080011785562487e-12,7.588339230181889e-11,0.9999999999064135,1.0406283120805847e-14,1.6262900539482227e-11,4.152832779468182e-16,3
0.00017805092360289812,0.002293422324866319,0.9343524389187495,0.0002890929365098635,1.6363654154063365e-05,0.0628655713706121,5.0598715050533715e-06,2
0.0001717586000006522,0.005617604380790586,0.9178033060189844,0.00010200040659667377,1.2796379617543735e-05,0.0762865558329994,5.978381010688828e-06,2
0.0002133284317914177,0.009368174352030162,0.8990193202208123,0.00021377969167497425,2.748531512142056e-05,0.09114997765449696,7.93433407260526e-06,2
0.00020398184351527867,0.008077392357272428,0.8100830025706501,0.00016590085013228038,3.855602065196489e-05,0.1814235796517884,7.586705989469619e-06,2
0.0005103993295443237,0.03154731798167273,0.5448654760597196,0.0004831509684517041,0.0001038690459309425,0.4224812056659986,8.580948682040301e-06,2
0.00048578075975387093,0.03844295183822777,0.5745280325814234,0.0005402175803114755,7.948957467413125e-05,0.38589787219845423,2.5655467155113185e-05,2
0.0005998073371685945,0.011058950872015416,0.7544328080595597,0.0011237215716505338,7.522801542401273e-05,0.23268709968594642,2.238445823537214e-05,2
0.0006941724331189825,0.06223756548648571,0.7200492612275993,0.0002112691325224695,7.244799081312483e-05,0.21670827334788237,2.7010381578018e-05,2
0.0005536990024264219,0.03308026920699427,0.6601639462888222,0.0016031085262976975,6.60439202780265e-05,0.30451407966040045,1.8853394781170757e-05,2
0.000492558632785382,0.004815688133938642,0.7390446776237423,0.03412522808646288,8.73301776199804e-05,0.221425434033534,9.0833119167855e-06,2
0.00034389571723347827,0.004136106188039095,0.8205391238051101,0.02847169455127283,5.1238500675143366e-05,0.14644516733893262,1.2773898736614424e-05,2
0.0003819253151608658,0.015297893418562025,0.8712148429081046,0.0004695681394286761,4.6522938172072594e-05,0.11257560211375438,1.364516681738039e-05,2
0.0002532121234695094,0.011783119381349311,0.9221364920636517,0.0005673159451925476,7.207186248869087e-05,0.06518457651450801,3.21210934034853e-06,2
0.00022193154483825367,0.011042903338885402,0.847256142717255,0.0011676048986910374,6.365587913816166e-05,0.1402462578425963,1.503778595745448e-06,2
0.00015252116999698936,0.0072278718452379615,0.9347197720722938,0.003937266494624746,2.6342692636834954e-05,0.053931949375805296,4.276349404232296e-06,2
9.22388006148011e-05,0.0009233231655300029,0.9757973592808321,0.010839701431609169,1.507361661904572e-05,0.012323582018221027,8.721686573676345e-06,2
0.0003573621814749068,0.002428716214157516,0.9840318469644146,0.0022695312349212534,5.6690723608497294e-05,0.010853967372051188,1.8853093720737587e-06,2
0.6276701254266496,0.008840165151202437,7.1950039801086084e-06,1.3366363871549173e-07,7.139104772210425e-06,4.506489069416721e-06,0.36347073516068756,6
0.150171578739548,0.008155873714562936,1.1640128713269511e-06,2.938061470973525e-08,1.5983876698086552e-06,8.840735037425068e-07,0.8416688716912294,6
0.9003121030653352,0.0753051604384204,1.0641946208060226e-05,1.246300333379708e-07,5.7561675896664e-06,4.287669010187207e-06,0.024361926083403186,0
0.9000595087957654,0.058477874023590906,1.4167244794113951e-05,1.3508926785877096e-07,8.756525334468788e-06,4.647499899452108e-06,0.04143491082134763,0
0.9054053649416755,0.07936210285469997,1.5909672589185016e-05,1.4855529088199382e-07,9.984999131896319e-06,5.035248777485962e-06,0.015201453727835178,0
0.8734256723156061,0.11331952548565603,1.4563989603961855e-05,1.3814099361366144e-07,8.427684501661487e-06,4.752488958641001e-06,0.013226919894679813,0
0.7554503847657723,0.23056255464413072,2.2207877075349847e-05,4.993517395963361e-81,2.4111427294676303e-06,6.782971459261724e-06,0.013955658598832724,0
0.7940922902149536,0.1844569721537501,1.8171772493887535e-05,2.3087699704192887e-07,1.0706920597489237e-06,5.550220481319674e-06,0.021425714069264135,0
0.7428054854479649,0.22706013560467797,2.6542970759107005e-05,1.4993926756994898e-07,1.633995604034635e-06,6.794566725716354e-06,0.030099257475000866,0
0.8070603408342107,0.1922744719766799,1.561794635504845e-05,1.919797279111292e-07,7.587420680814439e-06,7.74822111127789e-06,0.000634041621234246,1
0.8176705456325968,0.18042754334454802,2.1228191332760474e-05,2.0195208806192113e-07,7.981548188275408e-06,9.133523081780722e-06,0.0018633658081641552,0
0.8247906634081646,0.17323842788813654,2.6144972883524507e-05,2.0906804458095968e-07,9.0476095494228e-06,9.203541774668993e-06,0.0019263035114467795,0
0.8101403967654632,0.18258103425121122,1.8490023857119694e-05,1.7062692989041098e-07,1.2891386088305774e-06,7.511296526819539e-06,0.007251107897403019,0
0.8495861911572282,0.1375090863206108,1.0827271533745445e-05,1.71475320985787e-07,1.2897412911517302e-06,5.084297013684144e-06,0.012887349737001416,0
0.904547834636472,0.09319855715538412,1.1701106394934594e-05,1.6962285221142064e-07,8.029687706111568e-07,5.635224155347333e-06,0.0022352992859706517,0
0.9499352527524936,0.04827819225472197,9.079945207361344e-06,1.388891697678741e-07,6.574801947128528e-07,5.03287232060657e-06,0.001771645805891928,0
0.9542937851593778,0.044866793086559706,9.992879209762186e-06,1.1953383199733747e-07,7.23585882792541e-07,5.07811610416346e-06,0.0008235076390339972,0
0.9577576807660636,0.04133254374527132,9.169865720157896e-06,1.1315385287030603e-07,7.276857947036326e-07,5.3738955099575505e-06,0.0008943908877876693,0
0.8869778203221859,0.10893888236534134,1.553548106279287e-05,2.007249897126481e-07,1.6379085059431212e-05,1.0217461463303886e-05,0.0040409645598977395,0
0.19009746330669194,0.8096891950571681,1.2270531397812712e-05,1.461596645241462e-07,0.00018480648151841158,6.357197148917521e-06,9.761266410403204e-06,1
0.22024423581468228,0.6924569200522889,5.0363750229884597e-05,5.206443297991561e-07,0.0870511125343373,0.00019095655738954245,5.8906467423847075e-06,1
0.359002959583605,0.6329652175265505,4.091948909770274e-05,1.8455338988303593e-07,0.007840084252578266,0.00013819466912488998,1.2439925653828321e-05,1
0.3375998610385032,0.6502304242603256,3.6131076336931564e-05,3.7986024303950927e-07,0.012014609698615572,0.00011049422000064038,8.099845975169814e-06,1
0.33583760436305754,0.6383732758308259,4.719819121690006e-05,3.353500897436549e-07,0.02563602318590097,0.00010096853831297335,4.594540595933117e-06,1
0.7236791209156006,0.2518078472934318,6.504459497723214e-05,2.6271489139761416e-07,0.0243017170938104,9.577590818442614e-05,5.023147910404362e-05,0
0.7457268494008396,0.24926459006035606,5.763467648130789e-05,2.2647975643911937e-07,0.004815308815218212,0.00010400466379771794,3.1385903550578424e-05,0
0.07072580465632597,0.9220029764170987,0.0006509638529732938,1.0843314094423126e-07,0.005256971962337629,0.0013459611965466597,1.721348157691104e-05,1
0.06807449481626361,0.9236416026610261,0.0005746142882427295,1.0267011073549171e-07,0.006570669690366124,0.0011222172586017728,1.629861538875603e-05,1
0.072953318616315,0.9098773487452206,0.0003685401902352183,1.1279558005678225e-07,0.01650006354684942,0.00029433722657826135,6.278879221245763e-06,1
0.07770669800036491,0.9090560900293757,0.0001880467330658692,1.126660894281973e-07,0.012945683596508972,9.709730359974561e-05,6.2716709953847964e-06,1
0.05267022530297491,0.9269106975693264,1.982055209949815e-05,1.0749408547599803e-07,0.020382149083452886,1.221158804349308e-05,4.788410017209693e-06,1
0.02939220973662343,0.7675280272568888,0.0009761374536520397,1.862464198845851e-07,0.20067359439083804,0.0014241288148064345,5.716100771196162e-06,1
0.0694419361083193,0.9121097489573203,0.0006383001999424515,2.432395514358676e-07,0.014395093644109703,0.0034107759363829755,3.9019143735838575e-06,1
0.27956857211015373,0.703522333815969,0.0010110851641015734,2.0386360574003972e-07,0.014662077874757545,0.0012324569041849912,3.2702672274801644e-06,0
0.4637930564872628,0.5153853020265752,0.0018483643024034746,2.28203020617619e-07,0.017688721654318968,0.001280666619757704,3.660706661342084e-06,0
0.6425428852001822,0.34066059201625204,0.0020495648031300467,2.3183499092570166e-07,0.010561417916385948,0.004175140708111105,1.0167520947797906e-05,0
0.0763771762573673,0.9162903881596799,0.000655077576944646,1.6528243573547214e-07,0.004676395025805729,0.001988114791372825,1.2682906393451671e-05,1
0.0946058246329735,0.8973345388623007,0.000752397984678532,1.9966583970107496e-07,0.005649216962749778,0.0016425005831553216,1.5321308302544462e-05,1
0.4519750148040284,0.5421158731352222,0.0005226065492870093,2.513781246579259e-07,0.0045382383340619534,0.0008276092171250707,2.0406582150750587e-05,0
0.2281633430055024,0.75745297061599,0.0005885670310979812,1.8209514991194937e-07,0.013308972559017909,0.00047689150614070195,9.073187101268031e-06,0
0.0941059090069243,0.7799747381757828,0.00013504544170606377,1.4061209745380375e-07,0.12571849772411212,6.148460005160134e-05,4.184439325644267e-06,1
0.06286723278419248,0.9293998378945,2.0861438695122417e-05,1.4551224480007725e-07,0.007694986104628882,1.3242650523544874e-05,3.6936152151974725e-06,1
0.12846155431008444,0.871474591857839,2.6729000215248176e-05,1.5311334541047538e-07,1.63884886334249e-05,1.4806711369573851e-05,5.776518512924294e-06,1
0.11732098257797241,0.8826155219649445,2.9090613854877747e-05,1.6131334089645054e-07,1.4584622690754728e-05,1.5564204299479283e-05,4.094702897121069e-06,1
0.15661043490691776,0.843330685735291,2.2202814787503677e-05,1.431672897624711e-07,1.951558263919976e-05,1.2700762054391736e-05,4.317031020325736e-06,1
0.15662287866626382,0.8433145258624443,2.6756881659222594e-05,1.7253263905088708e-07,1.4037337956536663e-05,1.6426212542611832e-05,5.202506494584682e-06,1
0.2975531088139896,0.7023707711066703,3.063096555558396e-05,2.693343886091323e-07,2.2202886875758283e-05,1.8462666622259882e-05,4.554225897957527e-06,1
0.2495821802766099,0.7503401560376596,3.209682448911485e-05,2.6949176603604603e-07,2.2215860463069618e-05,1.8524621989899744e-05,4.556887022506479e-06,1
0.297817684400541,0.7020810314162538,4.095657690891491e-05,3.424903400876954e-07,2.8233581000466595e-05,2.596030129763147e-05,5.791233658213878e-06,1
0.39947444156325657,0.6004270023934014,3.512415842063215e-05,3.1911185557922697e-07,2.7010610844767526e-05,3.070623975997818e-05,5.395922461031479e-06,1
0.21343744469314477,0.7865056705722308,2.035649917772684e-05,2.761312795260864e-07,1.1621855236971717e-05,2.0479093965066144e-05,4.1511549651751945e-06,1
0.22343989272611453,0.7765090291232409,1.8835751926489164e-05,5.066526031072269e-85,9.3041232470443e-06,1.9357570728657e-05,3.5807047424620615e-06,1
0.18244076588992303,0.8175074360562846,1.937382312394376e-05,2.0883235214809353e-07,9.321210512140686e-06,1.7218227829927145e-05,5.6759599742345725e-06,1
0.1921524604440588,0.8077978670374515,1.9143719439886693e-05,2.0635204182048499e-07,9.70508356361107e-06,1.7013726238720624e-05,3.6036372059427166e-06,1
0.37134899772580454,0.6285402837563843,2.129539962591789e-05,3.6421448620157195e-07,2.2553455813942464e-05,2.464063321403938e-05,4.1864814671021043e-05,1
0.3121716367926217,0.6877550879612113,2.290322228302492e-05,2.610625381125425e-07,1.346858983437276e-05,2.6335538449465487e-05,1.0306833061937517e-05,1
0.2549089445375051,0.7450324867084506,2.5652186653163084e-05,1.9485415181986174e-07,1.022263392368161e-05,1.8565888732660113e-05,3.933190583001836e-06,1
0.011130948498776912,0.10928665173635378,1.891155788798205e-05,1.9490720104942385e-08,0.8795504912288271,1.1141564158398017e-05,1.8359232757247717e-06,4
0.01669322686406492,0.1417132834908189,2.2312197899081223e-05,2.455392101445767e-08,0.8415454225676724,2.3363189336492414e-05,2.367136287244536e-06,4
0.012948250337255943,0.125287733340075,2.2005571238961647e-05,2.1677563022625805e-08,0.8617148173357728,2.6275287499107324e-05,8.964505951551502e-07,4
0.18961482611992728,0.40923281615348894,0.002707214715360287,2.226501904295194e-07,0.043756594757212455,0.35468473605564327,3.5895481773294618e-06,5
0.3325032449050979,0.6530589559333831,0.0003882648270343467,2.786433784477496e-07,0.012501221379572186,0.0015198361000794353,2.8198211454422253e-05,0
0.2369730725763072,0.7373237254599041,5.001386655428737e-05,3.799506347032097e-07,0.025603710231898114,2.6770650254437257e-05,2.232726444704954e-05,0
0.1360846321828077,0.8602668435388482,3.0109011997372648e-05,1.687407681974541e-07,0.003599620328351392,1.3538029867904614e-05,5.088167359391873e-06,1
0.11410635996883003,0.883767112083549,2.4049400307002098e-05,1.5480951325275842e-07,0.0020852353213063066,1.2420328748291428e-05,4.668087745898466e-06,1
0.1367955435075364,0.8617133041212969,2.0280739624254883e-05,1.4942122711900855e-07,0.0014524982857276462,1.3718313888258731e-05,4.505610699469898e-06,1
0.15824310628140795,0.8398874710449129,1.7475739926241135e-05,1.4967762597919054e-07,0.0018335420602558724,1.3741853783576062e-05,4.513342087238838e-06,1
0.0002405068141228808,0.02318218450317035,0.9711308520483504,0.0003199700749090015,4.0182554905219054e-05,0.005084805812189043,1.498192352961212e-06,2
7.495008010157153e-05,0.01620255695505094,0.9811733466133143,3.853694480203815e-05,0.00010113652867139376,0.002408882929709757,5.89948349812947e-07,2
0.00011878624227420741,0.0136724507761286,0.9821147230630899,0.00015167849227611948,0.00015614258633884348,0.003785217264222756,1.0015756695716553e-06,2
0.00014712373480830693,0.01492065027262472,0.9820202212311244,5.32472572282747e-05,2.603287567848424e-05,0.002830208635984595,2.5159925514366424e-06,2
0.00012411564874566897,0.027967848810367985,0.9638595061013128,0.0006003731841739175,1.1257424495152832e-05,0.007429712356088096,7.186474816246738e-06,2
0.00051651078026862,0.016428898933440593,0.69276758138273,0.0006821427241932288,8.573114465901026e-05,0.28950348124641456,1.565378829387182e-05,2
0.0004828167798597289,0.013518451612680428,0.7470309489704081,0.0008854568201419759,5.645777740482332e-05,0.23801294002208176,1.2928017423165353e-05,2
0.0001454925576380497,0.005365192345390934,0.9464760458282333,9.783800930267053e-05,7.936943383424523e-06,0.04789810996376428,9.384352287561658e-06,2
0.00014152689337490034,0.006718278405126534,0.9258785141469051,9.639208718926119e-05,2.3242632444592165e-05,0.06713711972533933,4.926109620427005e-06,2
0.0002863722166023543,0.013631329792888315,0.8676046317050926,0.00023598461951011002,2.5492842687767164e-05,0.1182002995521379,1.58892710810017e-05,2
0.0001980833233037449,0.009888728917443766,0.9160364906887418,0.00012237276199533457,1.763336911647517e-05,0.07372570034939693,1.0990590001855052e-05,2
0.00011746716725596188,0.017188994661887308,0.9671560634467145,6.598517145578003e-05,6.6511198298085365e-06,0.015456718566088892,8.119866767781978e-06,2
0.00011177056862830108,0.00960544386519034,0.9681268425365974,0.0005784395825389565,1.9479586432358858e-05,0.02155706495784754,9.589027651775947e-07,2
5.626439891556448e-05,0.003254221812529885,0.964893043148539,7.221010638446751e-05,9.29269099282822e-06,0.03171458363255804,3.8421008033045767e-07,2
7.612942975607285e-05,0.007723331389930339,0.9740871506116138,0.00018834947363061515,9.353827302350854e-06,0.017911880966928535,3.804300838402049e-06,2
0.0002710861303297244,0.015289790107148935,0.29764123556736016,0.0002625916668218315,5.900371824623606e-05,0.6864614618137648,1.4830996328377772e-05,2
0.00024719883380819465,0.012775785125099456,0.46013709306504985,0.2652819383703794,4.395274233228837e-05,0.261511846538653,2.185324677805768e-06,2
0.0004377806308830506,0.007037163689857858,0.7525270593442129,0.0037304872929372294,0.00010529859155696828,0.23615841755624886,3.792894303084214e-06,2
0.00027864726521861907,0.009766130470357359,0.9028394507861185,8.361351821036218e-05,2.4028048312015332e-05,0.08700074150180556,7.388409977524771e-06,2
0.00019998398689477417,0.007830001704410883,0.9545019784917866,0.00015849821196734824,3.629383071259331e-05,0.037266017221964355,7.226552263459797e-06,2
6.96855463319947e-05,0.003276529712804371,0.9734987278045789,0.0001884034123326941,1.5260786178043828e-05,0.02294906858290869,2.32415486555046e-06,2
0.0002165335292031024,0.0023973050228916996,0.9479375474962589,0.002014478424590626,2.2457647659285867e-05,0.04740460671749158,7.0711619047448884e-06,2
0.00013318346779708223,0.0045560346542881675,0.9541948559405752,0.00017322105401877913,2.250296347120227e-05,0.04091629656166649,3.905358183130566e-06,2
0.0004334415604442927,0.03565874950185384,0.6181412243373102,0.0011789497716318993,7.630613447064878e-05,0.3444874438019329,2.3884892356232466e-05,2
0.0006562231184422894,0.033555527171877556,0.8753085369186135,0.00010985072780613017,5.898933110887837e-05,0.0902800445799915,3.082815216008163e-05,2
0.0007269349046572996,0.05568721339132457,0.8394060764515903,0.0001753294623345597,6.0668011457150444e-05,0.10391956632592175,2.4211452714132938e-05,2
0.0008337622768774843,0.07111369963581939,0.7615019701961243,0.0004309764983996254,0.00010869988987162162,0.1659796846987467,3.120680416085031e-05,2
0.0006244070487782848,0.00807661786346514,0.5830231591579919,0.00042968125429025634,6.324099723359331e-05,0.4077459585445562,3.6935133684583285e-05,2
0.0004006550739757309,0.01599776418617876,0.840951206827138,0.0007212545774052811,7.431319696949837e-05,0.14184049180748434,1.4314330848495951e-05,2
0.00035865435812857305,0.016450100211880245,0.9383197276313597,0.0003824505553496432,3.448088200237066e-05,0.0444406871523238,1.3899208955534813e-05,2
0.00025106621116558565,0.010970338559473793,0.919712307141076,0.00047452292524096534,5.9213037999695205e-05,0.06852532076532604,7.231359717784448e-06,2
0.0002351495210879744,0.010969498055823985,0.8330835282947842,0.00033395918815694786,6.628662170646983e-05,0.15530994581577307,1.6325026673024355e-06,2
0.00023264288353564826,0.01411192463271535,0.6759008250332968,0.08756052263223837,7.831390571350289e-05,0.22211399605967433,1.7748528259784306e-06,2
0.00033090259368227315,0.01700116663912957,0.8144110840991952,0.005221325840975695,8.232286200907381e-05,0.16295088281384643,2.315151161796284e-06,2
1.8318506690982912e-07,5.451877684102614e-06,0.0001332002079492991,0.9997815804965624,3.030245550549044e-08,7.954805412568029e-05,5.876155954269794e-09,2
0.0002655112812413861,0.0027424228400850428,0.8267859802666546,0.13307814488082748,7.111401943658275e-05,0.03705303905673473,3.7876550200092247e-06,2
0.08599378569277961,0.0014460118304777908,1.0632726253001105e-06,2.2369353667729797e-08,1.2906408651561131e-06,7.54186020688193e-07,0.9125570720078777,6
0.13301841153125107,0.007003909349860017,9.993062164295114e-07,2.5223287169057472e-08,1.3101236327575493e-06,7.589779888459303e-07,0.8599745854877637,6
0.3445747585771386,0.018046701623829868,3.068552214277313e-06,5.7447984340838925e-08,2.2804713943597144e-06,1.9816879152448682e-06,0.6373711516395233,6
0.3672905247545819,0.018195716502354263,3.2130941186462335e-06,6.015402956312489e-08,2.387891328967942e-06,2.0281018780627757e-06,0.6145060695017086,0
0.8530720778988183,0.06691559699782765,7.294961922485711e-06,1.3657282947315727e-07,5.421433570453358e-06,4.698539131235491e-06,0.0799947735959007,0
0.8486636839377262,0.10283009370761712,9.783174204066822e-06,1.4256262649532128e-07,5.77144910452044e-06,4.9046071742376076e-06,0.04848562056154753,0
0.860907736908166,0.09223417561239168,9.815782231425592e-06,1.2347233193792212e-07,5.702697947566566e-06,4.247840404809423e-06,0.046838197686526466,0
0.8922590671874837,0.06315731507913296,1.3627983906025367e-05,1.2994724062514654e-07,7.949124120736729e-06,4.470597829953639e-06,0.04455744008028619,0
0.9135158386235005,0.06023722866583286,1.4557472830791517e-05,1.3881021858269996e-07,9.46396432746764e-06,4.775512423240491e-06,0.02621799695086624,0
0.8117337803854191,0.1777679453497684,1.857547512364619e-05,3.0519792351413734e-07,7.846608413779343e-06,5.673523731170662e-06,0.010465873459620276,0
0.7554627298969278,0.22174482947736635,2.2692922764282153e-05,4.357672639356052e-306,2.8095821788635036e-06,6.931119391335683e-06,0.02276000700137145,0
0.7644729344586838,0.23488210579702296,1.9989838602759667e-05,1.9017115413021611e-07,7.515942247870566e-06,8.600716350130741e-06,0.0006086630759382104,0
0.7554417605088817,0.24390967119178253,2.394668758976062e-05,1.9148947565890463e-07,8.178464914355771e-06,8.660339007301748e-06,0.0006075913183484699,0
0.7897391068498105,0.2055459225405019,2.6826117570736523e-05,2.145148120519584e-07,9.176524995319988e-06,9.443318025777673e-06,0.004669310134283778,0
0.8684886315112874,0.12712880359474354,2.0354316663227678e-05,1.6276311329602706e-07,7.323482548857846e-06,7.165117536721789e-06,0.0043475592141069925,0
0.8030360924878104,0.19102558657988358,1.8257254484918637e-05,1.897071242781814e-07,8.209748135603542e-06,8.351240127328264e-06,0.005903312982433964,0
0.8719022546455665,0.11731277735005483,9.126115836775739e-06,9.886483873670397e-94,1.1380366358762066e-06,4.093407825345291e-06,0.010770610444080867,0
0.9029383896085191,0.09467578411605188,1.0526175843571844e-05,1.2420126894807925e-07,1.9255715547901002e-07,5.8726215229742245e-06,0.0023691107196380707,0
0.9458308076877446,0.053458924317458745,9.055674180078496e-06,1.1174475778434707e-07,7.747695610758833e-07,5.3069748566748265e-06,0.0006950188314408093,0
0.9534016916472343,0.045753341211583275,9.052777218890776e-06,1.1170901000678847e-07,3.1153250730569443e-07,5.3052771255199425e-06,0.0008301858453206893,0
0.7931541686964222,0.20579398550358224,1.1346104812403154e-05,1.4000809976655048e-07,1.8913122370499227e-06,6.649255678068009e-06,0.0010318191191682805,0
0.586549892438537,0.41341087797443066,7.72077029252785e-06,1.346199300365384e-07,9.56185762099366e-06,6.969095141637398e-06,1.4843244047357403e-05,0
0.03360146777140294,0.9608847118974617,0.000759237072065597,1.0800641152089029e-07,0.0029186922837387565,0.001818637229538103,1.7145739381093063e-05,1
0.0669006629571356,0.923345685176148,0.0006605512427178473,1.0708482935044908e-07,0.008153956322929307,0.0009220377756523761,1.6999440587436778e-05,1
0.049767194054908176,0.940332026982204,0.0015593562570147164,8.038860410855782e-08,0.0058963575740046,0.002382154163502193,6.28305797622491e-05,1
0.08498898613376947,0.9083146750494002,0.00034929060364590153,1.2999753105851697e-07,0.006013329759817207,0.0003194672559732641,1.4121199862742007e-05,1
0.0839057273933046,0.9105479938071566,0.00019632275298069713,1.2834059916458493e-07,0.005231722853189442,0.00010416363991312767,1.394121285650699e-05,1
0.10688842490686315,0.8880044406229329,2.6658483751078296e-05,1.49764398806328e-07,0.005058461068980617,1.3528367436372405e-05,8.336785637114815e-06,1
0.0702789081209476,0.9181759620361503,2.669805164769621e-05,1.256421778220101e-07,0.011500098238055992,1.3486394104566663e-05,4.721516916093049e-06,1
0.02790472762890675,0.7832932234764602,0.0008537094803856318,1.8501795482611985e-07,0.18680567286332092,0.00113680313510006,5.678397871605221e-06,1
0.005755886523699987,0.16904223367873675,0.0003910292415774656,3.853615475848813e-08,0.82440430737203,0.00040508099257513514,1.4236552260459876e-06,4
0.1664435550916974,0.8122177399056958,0.0006345834459850287,2.1023002333222702e-07,0.019136924839129245,0.0015636140936913525,3.3723937778892256e-06,1
0.5076416088954548,0.47637908630358133,0.0005489344123108436,1.8442280774185207e-07,0.014295182000766796,0.0011320455563816841,2.9584086966808715e-06,0
0.6112861474375083,0.3737288511859998,0.0006613029642191902,1.5075652982926563e-07,0.01326719124028131,0.0010536030030484412,2.7534124130395486e-06,0
0.6218713481957764,0.36107433869987776,0.0007058332156791615,1.4761151807008622e-07,0.015287645543380236,0.0010579907617491086,2.695972019401628e-06,0
0.5185383561173864,0.4499987213513816,0.0014429590119579378,2.589550604201489e-07,0.027929202561324588,0.0020830469322515523,7.455070637436625e-06,0
0.6784726440913911,0.296814220640643,0.0014782102657246324,1.981688848726559e-07,0.01767920936239891,0.005551484162183672,4.033308773550734e-06,1
0.09271948650821547,0.8988797588064488,0.000723286753937493,2.0091155278611443e-07,0.006028961796924167,0.0016330718660529158,1.5233356868551076e-05,1
0.22267925855785148,0.7718262174016445,0.000533833148627516,2.2713429969634854e-07,0.0038185236746239638,0.0011268062323329376,1.5133850619936595e-05,1
0.5075143188060817,0.4890707024180493,0.00037644027733708095,2.3285567865193823e-07,0.0018549444670803272,0.0011644582241251778,1.8902951647625536e-05,0
0.4512446294111188,0.5430133372506116,0.0004179602054707133,2.5853877269152625e-07,0.004425369088827787,0.0008812191894433272,1.722631575506692e-05,0
0.40439989249777364,0.5880210621117272,0.0006082728361559192,2.9554604014767946e-07,0.005846664225974748,0.001114330060069006,9.482722259267671e-06,0
0.22994982268543562,0.7561271132473403,0.0004419282499151845,2.0548284579628414e-07,0.012969077614520428,0.0005036444602189393,8.208259723692904e-06,0
0.15762723558795044,0.8296625673415706,0.0004210060102990741,1.4053489029706746e-07,0.011904839206389274,0.0003772089425700196,7.0023763300719906e-06,0
0.052743488292752,0.7252875183779284,0.00025933197833137334,1.349756686534612e-07,0.22147856713695463,0.00022739373242893626,3.56550593574008e-06,1
0.039539209297978745,0.7463209162735389,0.0001167892718224978,1.2371641923979035e-07,0.21388419833228434,0.0001359978361339454,2.765271822133321e-06,1
0.06761864761822059,0.9268203563133622,2.9687053717003067e-05,1.6085567459591502e-07,0.005511133037678805,1.3946507407968085e-05,6.068613939047654e-06,1
0.06306832279662113,0.9335454221817414,2.6485895784389954e-05,1.4556479519352926e-07,0.0033404196548512226,1.3715049791559532e-05,5.48885641519285e-06,1
0.1533809425702273,0.8465605815226545,2.5692285544769095e-05,1.6575480052704003e-07,1.2296123052964164e-05,1.532623325258e-05,4.995510467540368e-06,1
0.30664241347498716,0.6932695608860892,3.4881421167661585e-05,2.9461519755525685e-07,2.58702022701172e-05,2.162076815554547e-05,5.358632132826389e-06,1
0.31329049009132953,0.6866265557133174,3.119793914284763e-05,2.9330683003356205e-07,2.4603362907815925e-05,2.1524751687000966e-05,5.334834785298228e-06,1
0.26070076971395995,0.7392210746171122,3.20228230952112e-05,2.677837944523074e-07,2.2929837871774983e-05,1.8407217557016193e-05,4.528006609352381e-06,1
0.21204337525096903,0.7878927650432411,2.1578169306184807e-05,2.5456071882976553e-07,1.299158949799342e-05,2.4731014722108336e-05,4.304371544711856e-06,1
0.1974118139018873,0.8025372087884721,1.9019048937899694e-05,2.0500820617137908e-07,9.474269515710454e-06,1.8698813903008466e-05,3.5801690778783325e-06,1
0.2161448911515279,0.7837842720158039,2.2256936547916966e-05,3.187267957486938e-07,2.0406341246452127e-05,2.3423060242437113e-05,4.431767835609449e-06,1
0.22508475274403603,0.7748467955047935,2.4300675003543167e-05,3.479938158485955e-07,1.7195100266222134e-05,2.17088863589146e-05,4.899095725853411e-06,1
0.30208776708806195,0.6978308407650874,2.3840108002533653e-05,4.077365459047364e-07,2.3852694388785947e-05,2.758508257147565e-05,5.7065253420972175e-06,1
0.2983532603465069,0.7015572733434371,2.721496187755247e-05,3.3368119745267506e-07,1.6218782653689087e-05,3.345169633821373e-05,1.2247187989212497e-05,1
0.3955902855285014,0.604326885304468,2.7135657735345396e-05,2.8834207275007483e-07,1.4875980054210029e-05,3.0946232224922694e-05,9.58295494326517e-06,1
0.06752040293255598,0.46277787200148573,1.0519700641330014e-05,1.003667522127512e-07,0.4696821737374576,7.324617914616872e-06,1.6066431923176263e-06,4
0.15044883170658852,0.7342878536610818,0.00021035788560132843,1.615943194224194e-07,0.11478957491363,0.00025747081126158665,5.749427517541116e-06,4
0.008675990539390966,0.08856918395365361,3.431732437928475e-05,1.6256939449405184e-08,0.9026865081186647,3.29721663378208e-05,1.0116406340650108e-06,4
0.3380131893137695,0.6382845670633627,0.0004581111104747677,2.714956099818506e-07,0.018249287054679965,0.004980232689723358,1.4341272379692711e-05,0
0.18317481240341008,0.8104233465675835,2.5539145598801516e-05,1.7459014927339348e-07,0.006353652726010007,1.4007324256929558e-05,8.4672429915919e-06,0
0.19244088304653567,0.8011050096997017,3.0006769551292184e-05,1.7600131690550328e-07,0.006405007679940263,1.4120541885106807e-05,4.796261069247677e-06,0
0.19386432976903392,0.8052034281577523,1.7778306394292175e-05,1.8664256296997339e-07,0.0008962376371406292,1.308197863123306e-05,4.9575084846917085e-06,1
7.136020011148429e-05,0.008049147954404376,0.9894317341896698,5.7398773965407593e-05,9.629239775048888e-05,0.002293504792473497,5.616916251595722e-07,2
0.00013850089221100815,0.01905643468430301,0.9741604592135262,0.0006790844445095745,2.1199938752353377e-05,0.005940066879630483,4.253947067437885e-06,2
0.00015348786693477603,0.021292014205191504,0.9682306737638522,0.0006147181074292421,1.2878734461606436e-05,0.009692817178217123,3.410143913653233e-06,2
0.00020225534977870308,0.0077116072436818105,0.4873073482384532,0.00029229583719028143,2.9827238004540725e-05,0.5044453178226467,1.1348270244827984e-05,2
0.0004635702812713572,0.015814878774377008,0.6745520953900421,0.0006392764349226132,7.415589153230978e-05,0.30843374014959357,2.2283078260986508e-05,2
0.00043548503508557675,0.016598654467795505,0.6809113970021936,0.0004004193562744607,6.53099440550759e-05,0.30156645721991215,2.2276974683548354e-05,2
0.00014310439711373034,0.0052215583240467905,0.9605320634733756,8.034839869032054e-05,7.72445983727144e-06,0.034006067827441346,9.133119494774548e-06,2
0.0001718556489092921,0.009320709392345286,0.9257603449075946,6.956925466810178e-05,2.2736484037658984e-05,0.06464408031519855,1.0703997246477987e-05,2
0.00019038529001950093,0.014430996293086385,0.8896544415642669,3.876277799305794e-09,1.6979919033346595e-05,0.09569590541792283,1.1287639392916817e-05,2
0.00016660532394171512,0.008393839908833026,0.9625033940583961,0.0005092113835310362,3.07184639045678e-05,0.028394853604366666,1.3772570270812817e-06,2
5.5049001894350644e-05,0.002656784316439338,0.9537305072795103,5.695107411369184e-05,8.410927675462253e-06,0.04349158291823213,7.144821349114199e-07,2
4.5781445474953076e-05,0.0018828371130603881,0.9753241028395145,4.902882365339728e-05,6.9949392998434475e-06,0.02269066064066873,5.941983283375777e-07,2
3.0889140547421935e-05,9.811904387464555e-05,0.060665855516631506,0.9355627365259679,7.612034403553343e-06,0.003634146985183896,6.407533910763864e-07,3
0.00016949435865922402,0.006337592763571028,0.974549409079239,4.9305053014095375e-05,1.1852693130954451e-05,0.018876788850679088,5.557201706394815e-06,2
0.00015675863124879453,0.00527076076238978,0.9682089868331325,7.686324156550203e-05,1.304818057937162e-05,0.02626842763659937,5.154714484901281e-06,2
9.13305251957412e-05,0.003222637050332201,0.9802194464315721,5.5114323322416015e-05,1.9662435857544984e-05,0.01638850894541272,3.3002883072009717e-06,2
0.00011871098851914041,0.005234958143593484,0.9311133712900094,0.0002499930854600673,7.465332979416568e-06,0.06327236808199344,3.133077444941893e-06,2
0.0001249385600979464,0.007048354279362368,0.3934380583210019,0.4585608900569269,6.66482059444027e-05,0.14075826746803824,2.843108628230265e-06,3
4.048479320850689e-08,2.473173876342782e-06,0.0005249953223388034,0.9994591184559377,5.322247344505629e-09,1.3365450137283318e-05,1.7906690299679825e-09,3
1.78096463937245e-11,2.4656923681299706e-10,1.203779735030934e-07,0.999999874387812,2.229422407614658e-12,4.967157662401975e-09,4.485049801702759e-13,3
7.941199518127693e-05,0.0029175646748890874,0.9714476137614352,0.00012072051944394753,1.0929854365051679e-05,0.0254212778758801,2.481318805337688e-06,2
0.00017302302572397797,0.008476183790867831,0.9116139541507206,0.00024372190444066182,3.2704280136479244e-05,0.07945397759484,6.435253270362455e-06,2
0.00016850248346218685,0.008331960752172919,0.8505830371595476,0.0001943043449865039,3.1849821142482345e-05,0.14068407831815216,6.267120536281088e-06,2
0.0005457792662803137,0.037360641443825955,0.6296614872778065,0.0004604369390315012,0.00012098147393102287,0.33182151702194085,2.915657718394122e-05,2
0.0005328314697909622,0.026265034785532475,0.9019566324790694,0.00012600030008587471,3.0051907413248556e-05,0.07106518225294678,2.4266805161318197e-05,2
0.0005870138683372505,0.031972294302595045,0.6890333692969076,0.000491122161702792,5.399231297185261e-05,0.27784336320490105,1.884485258430206e-05,2
0.0005050611929520091,0.032441736191568,0.7196498529893248,0.003997848307012833,9.959587209717198e-05,0.24328656283614838,1.9342610896869683e-05,2
0.0005479964892987816,0.025848280224268157,0.7032792566905297,7.1811177659759035e-09,6.228382020148616e-05,0.27023290056908583,2.9275025498243355e-05,2
0.000650352639352221,0.031550320516245504,0.6135433180719593,0.0003200851221084543,8.315874299467539e-05,0.35383194776796284,2.081713937700703e-05,2
0.0002648029515717363,0.012262387058613532,0.9478093760272516,0.00031660666111701073,1.665498870522388e-05,0.03931642319285255,1.3749119888219754e-05,2
0.00023737575519186812,0.009565667817695266,0.9244559041198739,0.0003718553843562099,2.30781741394399e-05,0.06533863359167551,7.4851570678171066e-06,2
0.00028090532334191793,0.015283245243963964,0.5868494476150657,0.0003840271580772781,7.120481462993984e-05,0.3971270648863596,4.104958561509268e-06,2
0.0002870536410719015,0.014711696035697832,0.5675185635961206,0.0002449530866271394,6.741327119812064e-05,0.41716523762895347,5.082740330764136e-06,2
0.00026875267107414783,0.01408597649802496,0.8178292563853241,0.004285787311558215,5.9519871820011525e-05,0.16346889151531405,1.8157468843530978e-06,5
0.00017016406340690407,0.009597711356226802,0.9337798387846105,0.005884187284948601,3.110149307793612e-05,0.050532634968009714,4.362049719527578e-06,2
0.0003986239452309196,0.015321651873396649,0.6036499918316903,0.015386231873504493,7.723964364625492e-05,0.36515943741165413,6.823420877226908e-06,5
0.0005198827231178816,0.004914883863445305,0.9119061962823365,5.039400284438818e-09,0.00013898718225649527,0.08251658246067117,3.462448772239366e-06,2
0.00036881124394905673,0.003299685585207635,0.7898454546953975,0.14020562308092732,8.558455502432488e-05,0.06619272966523876,2.1111742554723717e-06,2
0.09870533411197609,0.0013419000258859566,9.69009726843809e-07,2.1928704573733117e-08,1.1762209638806284e-06,6.873247486177056e-07,0.8999499113779941,6
0.1146170576879592,0.005681033521838358,9.759261283919456e-07,2.3203761827830598e-08,1.1338726615103108e-06,6.64552479023162e-07,0.8796991112351717,6
0.11467741395462408,0.005157486942457111,9.764400419301103e-07,2.2096852714978186e-08,1.0831342105433133e-06,6.649024261204425e-07,0.8801623525293875,6
0.19751411241611408,0.010063747843207863,1.5078132878969389e-06,3.805841185881175e-08,1.953948712772034e-06,1.1451916119286056e-06,0.7924174947286535,6
0.2837785373772928,0.014389988828454338,2.1749511676936953e-06,4.584889305701619e-08,1.8200305942719566e-06,1.545802114860069e-06,0.7018258871614829,6
0.8384046552153416,0.06463470073763339,7.11342731922362e-06,1.3317422442514864e-07,5.286521585609348e-06,4.489988395254003e-06,0.09694362093550038,0
0.8571432365357796,0.11990024462318073,2.2496944290385014e-05,1.8297866973712225e-07,1.2298733001250256e-05,6.202021601719519e-06,0.022915338163476608,0
0.7444366783227553,0.25457124645564233,2.093517822211866e-05,1.9916453972131845e-07,8.082140838854395e-06,8.827312487509007e-06,0.0009540314255142992,0
0.8612384031053034,0.13429591114385617,1.1734649467260374e-05,1.4722497870219415e-07,1.4134675276181927e-06,5.7843063375098624e-06,0.004446606102529292,0
0.930159420148877,0.06772330620093646,1.0966899868261252e-05,1.3962218452447048e-07,8.564884969275731e-07,6.283531474435105e-06,0.0020990271081623396,0
0.9544248135827234,0.043572998787289347,1.0399826088596793e-05,1.5907840611245679e-07,1.928678814662515e-07,6.444167934534423e-06,0.001984991689676415,0
0.8055098754138944,0.19349304464442296,1.1981501891397765e-05,1.4784874103490922e-07,1.651860748335944e-06,7.021622909394322e-06,0.0009762771073925803,0
0.1721919794372082,0.8262533588072363,1.2521554991327966e-05,1.4914971630155944e-07,0.0015283835579757788,6.4872490937982985e-06,7.12024377840931e-06,1
0.03544354679836274,0.9596768112227866,0.0006032188910042068,8.58118105346501e-08,0.003523845217415339,0.0007388696549268963,1.362240369371283e-05,1
0.11445701493875549,0.8663609419980293,0.0012187180725556205,1.7223197810029402e-07,0.01692446047355203,0.001029104819131501,9.587465998078946e-06,1
0.14973173182087943,0.8429344833318076,2.2885684810830064e-05,1.6592982939892194e-07,0.007291738635500183,1.3713587979259808e-05,5.281009193234229e-06,1
0.12060952478542962,0.8699132442373941,2.047493444899844e-05,1.7457606828721727e-07,0.009439291776030033,1.248269133692932e-05,4.806999291966996e-06,1
0.48036671749874815,0.5062877016755477,0.0004442510232420705,1.967510877512538e-07,0.011690256438738935,0.0012077204404882522,3.1561721470995596e-06,0
0.6485450748991404,0.33699299625345747,0.00047166939674966765,1.5620136490978015e-07,0.012836026708065489,0.0011509370878092543,3.1394534126943656e-06,0
0.4505872166977272,0.4958697415801796,0.000995105695196559,2.6016577241509876e-07,0.047460690437138124,0.005080574804824676,6.410619161326732e-06,0
0.7626090126086486,0.22435780769965932,0.001940527545239691,2.2725280014697998e-07,0.007316689397712283,0.0037719352919254353,3.8002040145802654e-06,0
0.47851992369167945,0.48892736113295515,0.01972299812209984,2.3677681502442557e-07,0.00946260368332887,0.0033564989967748123,1.0377596346878602e-05,0
0.054672940892791434,0.8114777126235978,0.0003042394056036512,1.6215450561320197e-07,0.1332661160698078,0.0002713277845333955,7.501069160504915e-06,1
0.04537266741414752,0.668866857278497,0.0002724168539980796,1.1973709829530437e-07,0.28517387927132054,0.00030852055317623367,5.538891762487843e-06,1
0.0765296483351399,0.5923326031869082,0.0005324748608721895,1.1952087951386446e-07,0.3303068740461806,0.0002951227964968677,3.1572535228232093e-06,4
0.07944323931837158,0.6710133320822553,0.000545961076208577,1.2626232208235627e-07,0.24864686488054863,0.0003467170025313432,3.7593777625951185e-06,1
0.05100538729169596,0.7471612582029288,0.00023066808203766026,1.4699943258137648e-07,0.20132666223073195,0.0002715003815569598,4.376811616058107e-06,1
0.07996856268501515,0.9131754767119248,3.115803637029481e-05,1.7115285980655564e-07,0.006802035046869977,1.613927035237902e-05,6.457096607497052e-06,1
0.09550502396030269,0.9010697285861158,2.951929548432588e-05,1.8495635584944977e-07,0.003371286388802929,1.727895081416794e-05,6.977862124187277e-06,1
0.04796310541136856,0.9519883676222326,1.827202898222292e-05,1.2309299774822218e-07,1.3825578467125984e-05,1.1903616137361433e-05,4.402649814298007e-06,1
0.10461457968651083,0.8953156119779236,3.1827728263894074e-05,1.7433988003503598e-07,1.4711270128209047e-05,1.6859407499486976e-05,6.235589793913146e-06,1
0.17458731357595583,0.825336813649046,3.604398532527891e-05,1.805057183969715e-07,1.584712761050103e-05,1.699120374833821e-05,6.8099525956636055e-06,0
0.16438849344892642,0.8355587612412587,2.304968497101501e-05,1.4862804373057624e-07,1.0562002543385183e-05,1.4503301012959497e-05,4.4816932438950216e-06,1
0.34271758332832386,0.6571985319374151,3.150056161256371e-05,3.185595311580257e-07,2.4842017468054442e-05,2.183701254595239e-05,5.3865831033798295e-06,1
0.39145116010494163,0.6084741972772642,2.7983895326739806e-05,2.9440057623060177e-07,2.114941587223873e-05,2.0236831234209594e-05,4.9780747849053705e-06,1
0.22088105178777692,0.7790675339102259,1.8473775977292748e-05,2.1717600720862735e-07,1.0045295263311144e-05,1.9166162178731046e-05,3.511892570640981e-06,1
0.20388263897573,0.7960515189736199,2.3730115938126966e-05,2.3441750374943495e-07,1.622142230634667e-05,2.148800718841175e-05,4.168087713367031e-06,1
0.20093690908024542,0.7989984620743855,2.2963783011704625e-05,3.288490741675726e-07,1.6249118648780586e-05,2.051458059083473e-05,4.572514043704362e-06,1
0.24987446117484383,0.75005470155224,2.426825740994612e-05,3.475295850362901e-07,1.6126820131324826e-05,2.248009491311707e-05,7.614570876866773e-06,1
0.2457678167797301,0.7541575134414366,2.3802077741141673e-05,3.720644302393358e-07,1.83515987643609e-05,2.46019338723039e-05,7.542104025289804e-06,1
0.2863154519891345,0.7135985975835183,2.856649967064388e-05,3.257599818993994e-07,1.8744989302893016e-05,3.2657590768764335e-05,5.655587623101358e-06,1
0.17603185025252574,0.685685141213629,0.00019686850928835446,1.5450258937613208e-07,0.1378341671342516,0.00024673263793251925,5.0857497835017265e-06,4
0.01312940541420832,0.12106196459048352,6.23455177227514e-05,2.4389332910481026e-08,0.8656614377125965,8.431007444538468e-05,5.123012106814822e-07,4
0.010556075989737611,0.11548720827974815,4.983586896495827e-05,2.2714411921790715e-08,0.8738292405405731,7.684868071843763e-05,7.679258457637083e-07,4
0.46249333038786405,0.35177605643891974,0.0004487894415113546,2.5627476506444944e-07,0.028353840119869397,0.15691758829867652,1.0139038393705657e-05,1
0.3873123442828551,0.5924144760201213,0.0003015469300515819,2.6229347405554943e-07,0.019003982650315016,0.0009408441928056776,2.6543630377063947e-05,0
0.34481987454238694,0.6300775580658199,0.00047102971250336824,3.4296428323728894e-07,0.023621678164881338,0.0009748091781647712,3.470737196022381e-05,0
0.3026488463315463,0.6556101454180209,4.5879284927878857e-05,3.485406074164576e-07,0.04165331940730373,2.4557555241100075e-05,1.6903462352912525e-05,0
0.29866632651126435,0.6757896081852148,4.729143409679891e-05,3.592685716790165e-07,0.02545205981762806,2.6931037908344067e-05,1.742374531615095e-05,0
0.3237296637752698,0.6556673273267812,4.5883286490550014e-05,3.485710069112669e-07,0.020513742963249617,2.612914053964067e-05,1.6904936662376393e-05,0
0.15905407210692823,0.8356197136492504,2.7107793114457132e-05,1.5899769811578853e-07,0.005281396729994768,1.275634577828183e-05,4.794377235645439e-06,0
0.13162968263727678,0.8661298326303437,2.8370748685296326e-05,1.691383078736967e-07,0.0021925311656327546,1.4313525080957372e-05,5.100154672394703e-06,1
0.2162907769308936,0.7836140164909681,2.089316435549788e-05,1.8506312386981884e-07,5.525926524496516e-05,1.3951268148178049e-05,4.917817265717547e-06,1
0.26796395462214695,0.731907926707293,2.2254850452437413e-05,1.630981246856047e-07,8.67493002886516e-05,1.4691808230242274e-05,4.259613464112389e-06,1
0.2679213049286512,0.7317914347381205,2.2251308324721285e-05,1.6307216565302742e-07,0.00024589754739088763,1.468946985186298e-05,4.2589354952829206e-06,1
0.0001118776419607755,0.012466765656902003,0.9848180881949011,0.00045267470850892066,1.899341540760903e-05,0.0021300838705946407,1.5165117249949543e-06,2
0.0002513212018012696,0.0355768646322899,0.9491173906925139,0.0013785375486940186,3.957861812559186e-05,0.013628365522003133,7.941784571897207e-06,2
0.00019211648099605143,0.007504118651759332,0.39873311361161196,0.00036234951253545053,2.8651098654780645e-05,0.5931730268138221,6.623830620301737e-06,2
0.00016062769632489563,0.005983349095463836,0.940690823595304,0.00016519515352576546,1.152789371126651e-05,0.052978085593177876,1.039097249255671e-05,2
9.773804274530093e-05,0.007435428952304593,0.9699176060939797,8.183552679588142e-05,6.926017434694768e-06,0.02245467063448215,5.794732257757119e-06,2
0.00019744801554550303,0.013695503883380833,0.9404950529944156,8.340886436437031e-21,3.190152283117166e-05,0.0455768387469005,3.2548369265169557e-06,2
0.0001222579038827953,0.007190169750133619,0.9698068044377931,0.0005882103961264879,2.6666416387272923e-05,0.02226392818513435,1.9629105421646405e-06,2
9.341625821069782e-05,0.004069063621016463,0.9427026824925082,0.003692860115092996,1.6016111775042615e-05,0.04942534360805846,6.177933378544259e-07,2
0.0001611658695378837,0.0017733304340420033,0.9863303395183045,0.00010006515656145896,1.4767923302038054e-05,0.011613709150312049,6.621947940167981e-06,2
0.000122917219611426,0.00459601893354962,0.9856389626473085,2.193773486484129e-05,9.102326234980447e-06,0.009606362453642832,4.698684787608528e-06,2
0.00013108104325634318,0.004708307833287374,0.985008150620091,6.948249755574615e-05,9.1933526942371e-06,0.010069261797381367,4.5228557339774216e-06,2
9.129701651233716e-05,0.003983403770028234,0.9347403594500622,5.55266431831978e-05,1.2036486668697979e-05,0.06111391491141266,3.4617221330056255e-06,2
2.5846110398059775e-13,9.932199050382409e-12,2.204565491602652e-09,0.9999999977215965,7.755779718889293e-14,6.356566121533623e-11,4.1322314400625e-15,3
0.0,0.0,0.0,1.0,0.0,0.0,0.0,3
0.00014751252510415884,0.004961322322718083,0.9667843838589674,0.00023619466335808814,2.0092248299420253e-05,0.0278456873355919,4.807045961217337e-06,2
9.001568449944271e-05,0.00338659781581229,0.9701450517155735,0.000164925978221384,1.1696209620118595e-05,0.026198505820859974,3.2067754130897516e-06,2
0.00015318670148622363,0.005252849038394709,0.9534015954282534,0.00026637647202909195,1.9286274904728492e-05,0.040901699487387665,5.00659754388638e-06,2
0.00012224947431042357,0.00477599493490406,0.9570438867619643,0.00017612489495299574,1.5871766854449354e-05,0.03786214901180874,3.7231552051490484e-06,2
0.00019995268462503972,0.012300203910505257,0.9019887219194401,0.00022720592564656481,3.5088937951585846e-05,0.08524138977253189,7.436849299490193e-06,2
0.00028329069719764885,0.02085858803750466,0.8760587561948495,0.00021819297718767808,3.192476893945696e-05,0.10253092130764192,1.8326016679115815e-05,2
0.0003603298944126254,0.027900109547630073,0.845986732386533,0.00011752484108382175,4.7671606633822024e-05,0.1255651886430044,2.244308070229456e-05,2
0.0004939055152719772,0.03627436823448455,0.7418055869093548,0.00016724855543740413,6.534364703961653e-05,0.22116278432491618,3.0762813495190753e-05,2
0.00044059506468574163,0.024876103796601247,0.7091541730848875,0.0022878037037689426,7.720700576291779e-05,0.26314766011119023,1.645723310323393e-05,2
0.0003669479814677274,0.013930080183167657,0.953235346726488,0.0001556445763544201,1.7166908155874352e-05,0.03227351958137394,2.1294042992635615e-05,2
0.00029288532145401136,0.011118513299918606,0.962763504825271,0.00024035782660547015,1.2773462130058004e-05,0.025557999217030936,1.3966047590000515e-05,2
0.0004284767957430589,0.0196578066691243,0.9358932252111751,0.0006866710904158482,2.8216611363482123e-05,0.0432785293308644,2.7074291313839078e-05,2
0.0003141172923269378,0.010793261397379432,0.8550363584742171,0.00025665184772466476,2.6123465779348637e-05,0.13356062317653822,1.2864346033958532e-05,2
0.0004259863892436955,0.021322079116208356,0.7999732442083266,0.0004125079741983792,3.765485176052701e-05,0.17781638683575027,1.214062451196605e-05,2
0.0003397134209220631,0.018141352282076105,0.5897813740022725,0.0006365178475329821,8.469422793553386e-05,0.3910123259925216,4.022226739228904e-06,2
0.00032588399786044934,0.01670177846035421,0.5392046257542455,0.0003013822559775519,7.249726345615229e-05,0.4433913267070516,2.5055610545635502e-06,2
0.00017735423622133203,0.0022190938299549564,0.9087343748898551,0.04421981259661184,4.7426742038930704e-05,0.04459693657203698,5.001133281029032e-06,2
0.09333275261555206,0.001401645751585518,8.950742252540942e-07,2.0255543069820823e-08,1.0253239128825053e-06,6.348818281430119e-07,0.9052630260973531,6
0.18982333654131942,0.009947092177109172,1.6433511634692586e-06,3.7189061344093654e-08,1.9093155755438557e-06,1.119032535165913e-06,0.8002248623932359,6
0.1896941969728404,0.008753584420729502,1.6460675292658538e-06,3.725053274259215e-08,1.8259309094781742e-06,1.1208822321578724e-06,0.8015475884752264,6
0.15051022170413772,0.0070337234226037475,1.322656317607072e-06,2.993173219824879e-08,1.069652222893787e-06,9.006568316904597e-07,0.8424527319761541,6
0.22560285503861321,0.012433507166228484,1.920773789573561e-06,4.355435656282573e-08,1.6302454458615978e-06,1.3105666096560316e-06,0.7619587326549567,6
0.09189211111135864,0.004766314441766502,7.363177364370363e-07,1.669631552158538e-08,6.249453439283456e-07,5.233227904607582e-07,0.9033396731646886,6
0.882490728963204,0.07369160561652795,9.740209212685655e-06,1.4193653092645142e-07,5.634352576619909e-06,4.883067497996175e-06,0.043797265854449666,0
0.8881409347330556,0.0955079200900466,1.2780030205642105e-05,1.4042850128978785e-07,7.529669963947365e-06,4.831186488528473e-06,0.0163258638617384,0
0.8911859081769165,0.09478762652535405,1.4915015820308319e-05,2.6787278730259995e-07,8.47425850899002e-06,4.97966237186975e-06,0.013997828488241179,0
0.842941586326891,0.1396774740860603,1.9680740783700133e-05,1.7077347729792777e-07,2.14251484019482e-06,5.875150048195893e-06,0.017353070407899455,0
0.9085981340799539,0.07753342489183827,1.5036616099822514e-05,1.6407433024532832e-07,1.2658845992014559e-05,7.31079978563139e-06,0.013833270691999843,0
0.9138672325760122,0.07127327587569823,1.394979638234281e-05,1.554414950791996e-07,1.0505788275172306e-05,6.88943248888406e-06,0.014827991089648038,0
0.81188669101411,0.18763785517062234,1.631790125910998e-05,1.843048405272431e-07,7.47913097636795e-06,8.113422127547229e-06,0.0004433590560644063,1
0.8798057183180427,0.11987461806373198,1.2979834368647152e-05,2.0662574506776495e-07,6.2983156746365e-06,6.398089555880224e-06,0.0002937807528809716,0
0.8909974430936669,0.10875339250586497,8.147557800319294e-06,1.2183265294974828e-07,1.308880814863941e-07,4.346918923844865e-06,0.00023641720300950712,0
0.8823407493978304,0.11632297563703788,8.194764074006297e-06,1.2623713085070792e-07,1.0615951068171065e-07,4.30468541808563e-06,0.0013235431189983953,0
0.8717646185636398,0.12598283864470206,9.50774957038138e-06,1.461043299036437e-07,1.2069688331008408e-07,4.567690761520648e-06,0.002238200550112908,0
0.8838540486938599,0.11355769170904852,1.061623084708426e-05,1.7480846828552598e-07,6.377652245721242e-07,6.0826141816592446e-06,0.0025707481783699814,0
0.9201909167491042,0.0789951255808359,9.63609805836084e-06,1.615793131352394e-07,1.418058131480809e-07,6.159538146802155e-06,0.0007978586487282088,0
0.9576359282262014,0.04167815438697582,8.379296830550308e-06,1.2483965220918167e-07,7.169012487012565e-07,5.356171985648372e-06,0.0006713401771056791,0
0.899164215281932,0.10004504014720561,1.0629092782971003e-05,1.3116035039261435e-07,8.783096875444128e-07,6.794275241502292e-06,0.0007723117327998035,0
0.8765874683006315,0.12177197002126496,1.425768005435634e-05,1.7519397136351417e-07,1.1593744742781876e-05,8.087222053170006e-06,0.0016064478372819736,0
0.7201132138778513,0.24251858378792152,3.254236356087926e-05,2.4098387639864643e-07,0.0372488327316344,5.972334154759713e-05,2.6862913608035936e-05,1
0.13633235021700368,0.8537431132773469,2.076810781465555e-05,1.6217535601290984e-07,0.009885041413668517,1.3403292348381516e-05,5.16151646224603e-06,1
0.08781932220601035,0.9057863705844031,2.342694583262547e-05,1.32489509871103e-07,0.00635298702534394,1.4241036594632841e-05,3.519712305398351e-06,1
0.06855974211678903,0.9023443868730451,2.4625327552159098e-05,1.8987998466344654e-08,0.02905374988965635,1.37770453305624e-05,3.699759628465654e-06,1
0.007286664910781,0.20825695225735374,0.00030010125358648064,4.2863572670281664e-08,0.783890205313176,0.000262557282718977,3.476118811108764e-06,4
0.00762191417772343,0.2081873665392839,0.0002964875856915895,4.8296954907060006e-08,0.7836282809825192,0.0002624695534170045,3.4328644099546254e-06,4
0.00568478712614965,0.16695414508879783,0.00026057952461311173,3.8060138183812227e-08,0.8267288690113216,0.0003701520741655828,1.4291148140434119e-06,4
0.1167967714879651,0.5552199469771978,0.0004375143383220846,1.4494334848407906e-07,0.32658897192064923,0.0009543252314740363,2.3251010432590625e-06,1
0.290047283333875,0.6875541485686153,0.0005396047269068391,1.943199880976836e-07,0.020584879538563323,0.0012707723382605364,3.117173790845883e-06,0
0.34150296505392036,0.6449442247272091,0.0006376200856995154,1.9455785865151572e-07,0.011595281513210175,0.0013165930725234515,3.1209895787289434e-06,0
0.6012055920115001,0.38362388410105336,0.0004349339338517046,1.425258543274318e-07,0.01373676365093535,0.0009960806891846884,2.6030876203415776e-06,0
0.5258650031506045,0.41778403043547024,0.0013384230594947523,2.350505710443205e-07,0.04930744797660186,0.005698389810455804,6.470516801894707e-06,0
0.5660481220387633,0.40323380950563936,0.017999716184913462,2.189408082932671e-07,0.009172344940937369,0.0035403957690284776,5.392619909636479e-06,0
0.24692861493123364,0.7486267231689495,0.0006282678642661334,2.3547895507740355e-07,0.002255776375513833,0.0015185298813791554,4.1852299702600904e-05,1
0.04604748047282222,0.5969509011499107,0.0003375709450128241,1.1109228408644761e-07,0.356415137720232,0.000245864015284863,2.934604453356008e-06,4
0.049692022954306886,0.6984253961503751,0.00036124806072028063,1.3134769865867242e-07,0.2512365148576028,0.0002812169595115655,3.4696697848237447e-06,4
0.051607237838490215,0.7833721320372611,0.0001498124450774405,1.4280777188306783e-07,0.1647152849041097,0.00015113795961959144,4.252007670132837e-06,1
0.053846276203349516,0.8219418324068217,0.00012835774696060907,1.371346317153628e-07,0.12390865100158295,0.00017168031502189926,3.0651916314043957e-06,1
0.050796281433502705,0.9057276935410928,2.2855675086045175e-05,1.5111365402154934e-07,0.043435147064260216,1.4035373619941097e-05,3.835798784390583e-06,1
0.031229699740753628,0.9426461496396786,1.6074063130602775e-05,1.0455885362915386e-07,0.026095744440992483,9.711383034577654e-06,2.5161735562855318e-06,1
0.09785135214900671,0.8980981741825417,3.286366189879272e-05,1.8001432038890097e-07,0.0039942688009615285,1.6369777684345522e-05,6.791413586648921e-06,1
0.08658238042575317,0.9133566484583782,2.515606885536518e-05,1.7373158540005082e-07,1.4659940583350987e-05,1.6800582822488772e-05,4.180792021932445e-06,1
0.12716873619481067,0.872773473055008,2.1595748338561046e-05,1.4392775914553542e-07,1.9608965136098058e-05,1.2790627770671504e-05,3.6514811768873187e-06,1
0.35986392227722513,0.6400424388905361,3.874047379372661e-05,3.403660354913022e-07,2.593232045526377e-05,2.3147793852657103e-05,5.477878101686458e-06,1
0.21981436345288136,0.7801179942678874,2.2659024691076265e-05,2.8930612124754707e-07,1.8516940622467482e-05,2.1289314578969667e-05,4.887693217482343e-06,1
0.1964125845353139,0.8035357167093271,1.861925809042604e-05,3.422398068187441e-49,1.1364618392255304e-05,1.7949555161989425e-05,3.765323714368296e-06,1
0.18961019129957757,0.8103284982479938,2.1920852398897154e-05,3.187177920588973e-07,1.6534945068671265e-05,1.8384758549562304e-05,4.151178619345811e-06,1
0.12559084259637385,0.5886577847119744,0.00012709227354957804,1.673595495205349e-07,0.285480067259754,0.00014155389291304975,2.4919058855090175e-06,4
0.14230770392207645,0.6922232197935809,0.0003984513377989271,1.8142819635102146e-07,0.16431433716781443,0.0007525634887762049,3.5428617568180633e-06,4
0.019753655914300883,0.12788542591490556,4.944656697806606e-05,3.0135385963757084e-08,0.8522316338296139,7.924909316349517e-05,5.58545652260738e-07,4
0.014109573387643324,0.20493533397381275,0.00013767968451883973,4.3882402934577215e-08,0.7800515458984182,0.0007625131288123801,3.3100443916857666e-06,4
0.188966317137497,0.3873515988271486,0.002328757847680417,2.1074533575454115e-07,0.07581416016813593,0.34553555765511934,3.397619083006645e-06,5
0.31494358222350916,0.34154853471929136,0.0017957077141962405,2.0953977620763148e-07,0.048093527992536904,0.29361505962753964,3.3781831504977913e-06,5
0.5235305322994557,0.3691022207240705,0.0005938542561292221,3.0953412709773133e-07,0.10300754856934005,0.0037590407384419304,6.493878435645281e-06,1
0.3408046650897009,0.63627777411402,0.0005166417925570418,3.5100705322747517e-07,0.021683124299878363,0.0006819224108943994,3.552128589611545e-05,0
0.30698307645684914,0.6574031422927908,0.000762051629827183,3.626610093052291e-07,0.03404676365355632,0.0007832920420296857,2.131126393752894e-05,0
0.2945728977728272,0.6704502527695818,0.0005530690595277335,3.6985853841579497e-07,0.03383990372106787,0.0005617726018483656,2.1734216608584404e-05,0
0.3107835244303228,0.6465828141727947,0.00026066377749848964,3.518997891855814e-07,0.042160572797161074,0.0001913940264551932,2.067889597853878e-05,0
0.340423693873213,0.6307176463188355,4.285852019816096e-05,3.255921422123211e-07,0.0287752785561284,2.440662784278581e-05,1.5790511639620898e-05,0
0.16095933532699516,0.8308252941600169,2.8130506878604638e-05,1.6499631016230233e-07,0.008169740329342309,1.2838319901819098e-05,4.496360555221622e-06,0
0.14216884103743987,0.855244817915523,2.7464116213862833e-05,1.610876710011421e-07,0.0025402262147744834,1.363223061702647e-05,4.857397760743597e-06,1
0.1645266841588368,0.8352920057666076,2.76237278479672e-05,1.6202385500948028e-07,0.00013294820319081246,1.5690492440207725e-05,4.8856272216171955e-06,1
0.00017247013837224788,0.026289696665203303,0.9527744761805196,0.017144897892026598,2.82071329270313e-05,0.003589111387543432,1.1406034078659331e-06,2
8.536074864898112e-05,0.01563567553612376,0.9803565975270501,0.0009478356410401634,3.103996123386703e-05,0.002942658761230015,8.318246731711246e-07,2
0.00022140313059397884,0.02688624266839437,0.9574847303518323,0.00033836028986825435,1.4745964117246028e-05,0.015047303149615185,7.214445578724168e-06,2
0.0004318094868989734,0.01615341669271038,0.6575775419811123,0.001770662175844874,8.492040453076984e-05,0.3239773484715144,4.300787388314676e-06,2
0.00026449603731785104,0.009355452110645538,0.3505613636371291,0.0002956576171825413,4.3946957166324853e-05,0.6394705189244543,8.564716104352724e-06,2
0.00022461327879723101,0.0077904754852400485,0.3531829957966725,0.0001758703844308835,3.2641342312544367e-05,0.6385858573798459,7.5463327009802396e-06,2
0.00027124341010910727,0.010680914931639472,0.766837481382051,0.00041689764740491343,2.9069914221154332e-05,0.2217493428604955,1.504985407904786e-05,2
0.00013631879321497224,0.007788931007946665,0.9393172782804964,0.00018060321691874785,2.1570223833429563e-05,0.0525498690464839,5.429431105840581e-06,2
8.823919526797511e-05,0.006901646568336495,0.9704343792873591,0.00010463101722306473,1.185802077431757e-05,0.022456272773219224,2.9731378199401892e-06,2
7.97355333430489e-05,0.004655685711738175,0.9785232186860472,4.835341315770923e-05,9.085589468819795e-06,0.016680626645492337,3.2944207527769677e-06,2
9.905948748324198e-05,0.006013349375357748,0.96805837090628,0.00014728090894154173,1.4240372931202383e-05,0.025664335156623308,3.363792383114507e-06,2
0.0001691974719035341,0.012611772766803819,0.9507661329062329,0.0008387999262810729,2.9489647192934476e-05,0.03558282627866186,1.7810029236000207e-06,2
0.0006171082347432194,0.03848674118387982,0.7137703452579774,6.461177977673741e-06,0.0001540772548652001,0.24696094087979628,4.326010760186341e-06,2
0.00011515503321785374,0.0060979609484464745,0.9092979510050196,0.0002958161586993181,2.330991769008215e-05,0.08416890865663942,8.982802873558191e-07,2
0.00029834297316325267,0.003134595518279464,0.9418745871447048,0.0014742195996823991,4.6347418038467166e-05,0.05315958144572974,1.232590040192268e-05,2
2.838519936769945e-37,2.659270203434465e-36,3.261249444409478e-34,1.0,9.499069935036703e-38,1.3004002872384764e-35,2.2046470954774584e-39,3
0.0002588428386493313,0.0027279498689858376,0.9580241353422331,0.018322526890560253,3.6130841744504666e-05,0.02062084258868784,9.57162913906533e-06,2
8.747984007854696e-05,0.0050044769613247575,0.9680436415674214,0.0002506223412221181,2.3352872317227393e-05,0.026589171405632894,1.255012003105829e-06,2
7.918554824109238e-05,0.004049391308224894,0.9742249112037441,0.00017346931607823166,2.5076217563739673e-05,0.02144683038654159,1.1360196066414354e-06,2
4.378525264577871e-05,0.0023732157956931938,0.980052041809403,0.0001647515456226098,7.459860830700623e-06,0.017354214910710746,4.530825094184221e-06,2
3.5309219469393095e-05,0.002091228857475062,0.9833624202107337,0.00012015426797079016,5.5284730144564595e-06,0.014381688055140437,3.6709161962481605e-06,2
3.415627991643009e-05,0.0017275480668390445,0.4000237881263159,0.564692636341336,1.2888116875717777e-05,0.033507874227661744,1.1088410549530996e-06,3
9.986023439566654e-05,0.0012013672181322404,0.9671883013238208,2.6219162746755255e-05,1.359320702370561e-05,0.03146697436453854,3.6844893423037144e-06,2
0.00011906607214416426,0.00047199782767818525,0.9760265225231564,0.0003338895842622577,1.9272681363183358e-05,0.023025039544359638,4.211767036231507e-06,2
0.00012027194142306834,0.0012710392420769566,0.9756169871871777,0.00028925137945141563,1.8754203747405805e-05,0.022679776699275702,3.919346847715434e-06,2
0.00010629827314056384,0.0012566019727597983,0.9670111228303184,0.0003313107246514959,1.923861865744025e-05,0.03127164074387106,3.7868366013832833e-06,2
0.00026505029150085245,0.012334022351193082,0.8598458304541619,0.0006129955555592862,3.3948302697388606e-05,0.12690070924373797,7.443801149591782e-06,2
0.0002533672698471332,0.02026839099546012,0.8468554340320842,0.0002591754472722237,4.2116871539632775e-05,0.13231338155748118,8.133826315689653e-06,2
0.0004250600308559232,0.02062624594263592,0.7205963390366121,0.0002425157812119513,4.799008229312174e-05,0.25804256086757954,1.9288258811387112e-05,2
0.00023961026572104686,0.009876542450834809,0.9196142313919766,0.0001532183758192314,1.7616228927428015e-05,0.07008332628900996,1.5454997710855422e-05,2
0.00029968850146838916,0.011868124644390313,0.8373206297071658,0.00013920831320736503,2.1801192114629167e-05,0.1503341427422831,1.6404899370388924e-05,2
0.0004491416101042819,0.022241521185051367,0.5840049698047193,0.0007308592376707171,7.345569722930848e-05,0.39247428021071545,2.5772254509662616e-05,2
0.00040410788217949136,0.02302552811461882,0.7662098803766925,0.0002691618060432643,3.193143605600625e-05,0.21004408916528985,1.5301219120061442e-05,5
0.0003974885089297823,0.015576167202762274,0.32585611856169777,0.0004515530855690666,0.00010015278940836142,0.6576154637588691,3.0560927635283253e-06,2
0.00021314068476765941,0.011131137052350951,0.8923038140446388,0.004803909138667781,3.988922096825253e-05,0.09150574950724462,2.3603513618762733e-06,5
0.00024938505075436086,0.013409482440984772,0.8828567582649846,0.010103162723219322,4.667234416818858e-05,0.09333116647119102,3.372704697717929e-06,2
0.0003093661530749945,0.01796442895353125,0.7475481437798942,0.03753652367470089,5.918732808686309e-05,0.19657839309156563,3.957019146205245e-06,5
0.0003158538546161835,0.009263808568730672,0.8713655434798341,0.0011670348345134956,5.190770311768129e-05,0.11782656791333573,9.283645852152276e-06,5
0.0007410093001606438,0.006506636886545856,0.48564265050232225,0.0024725840964584553,0.00012906175106692472,0.5044693123449515,3.874511849434035e-05,5
0.0005136589703408116,0.006157292303855493,0.5828946454443951,1.113632149953653e-08,9.327071288967072e-05,0.41032503148649463,1.6089945702815894e-05,5
0.00022599174235490182,0.002041895855269847,0.41679241210723006,0.00486540770401715,2.8620967188976248e-05,0.5760386277133951,7.043910543928927e-06,5
0.5336826269163863,0.0062588212089813335,4.937675293541569e-06,9.546405942503742e-08,5.1518393907003255e-06,3.218584683578712e-06,0.460045148311205,6
0.9043538521648984,0.06839232268344834,1.1563190803941651e-05,1.4545291445391564e-07,5.888458381499376e-06,5.004042260457766e-06,0.02723122400729304,0
0.9265379531247219,0.06952647239206841,1.2985896679211886e-05,1.3053653754428345e-07,5.254371797912975e-06,4.490871515760416e-06,0.0039127128066792655,0
0.8824527536104297,0.10309074449341434,1.4224890620781168e-05,2.9596133621590466e-07,8.228924491455967e-06,5.501818771228085e-06,0.01442825030093618,0
0.8535129882630995,0.12957272716419124,1.944052777856923e-05,1.6868910402004974e-07,2.110687439923714e-06,5.8034409868255535e-06,0.016886761227399634,0
0.8940291554010308,0.09116122611193533,1.9910514209233567e-05,1.700772101313375e-07,1.3121986885973599e-05,7.538112371478286e-06,0.014768877796357197,0
0.8796611072721485,0.12023962099955485,1.388735863374294e-05,2.2228055348745245e-07,9.857445724468472e-06,9.785179575476007e-06,6.551946380950589e-05,0
0.8363226205838491,0.16358943914245963,1.2881054876493687e-05,2.061796437314405e-07,8.370215255894372e-06,8.638861316545172e-06,5.784396259863097e-05,0
0.8024889170824556,0.19740874818699608,1.5611230349864e-05,1.852854691206891e-07,7.759592198665231e-06,8.156591117065952e-06,7.062203141350093e-05,0
0.7836542631311157,0.2162357351132303,1.5705635027968188e-05,1.773895131025349e-07,7.010786372698847e-06,7.808997293200198e-06,7.92989474468992e-05,1
0.73420072632116,0.2656440166343805,2.225315932860215e-05,1.7794719188678754e-07,7.45227161359153e-06,7.833547290776362e-06,0.00011754011903439446,0
0.8539496235807933,0.14578762350600646,1.3662896630847874e-05,2.275734531710388e-07,5.555752214214408e-06,7.0152871974159495e-06,0.00023629140370488776,0
0.8435931552994087,0.15605920511671972,9.92130879393836e-06,1.528338760115614e-07,1.285261268506215e-07,4.778077993758289e-06,0.00033265883708074017,0
0.8420107830880774,0.15236593128271622,9.1283474459175e-06,1.4837835198167835e-07,5.084455306648104e-07,5.059700928172085e-06,0.005608440756949733,0
0.8578145801121235,0.1373835220118432,9.065491714232456e-06,1.473566522780589e-07,5.318633486742092e-07,5.127404133787981e-06,0.004787025760184211,0
0.8339641486479682,0.16117096815997664,9.184390551098381e-06,1.4928931463246945e-07,5.446620189891501e-07,5.194652817793926e-06,0.004849810197352638,0
0.8727349445872757,0.1257981930141995,9.049235289116484e-06,1.4709240931599896e-07,1.290917649433705e-07,5.607285293561103e-06,0.001451929693767968,0
0.8663109455739217,0.1332284706971693,9.51367181215206e-06,1.5012032137856054e-07,7.861395405371313e-07,6.081281457307542e-06,0.0004440525157777102,0
0.8705076770579849,0.12875957745087796,1.0290341531036912e-05,1.269802445447479e-07,8.503177871709224e-07,6.577740369614536e-06,0.0007149001112045213,0
0.10440064338210327,0.8938436299176371,1.2758974451627202e-05,1.525944338620877e-07,0.0017282888967301165,8.155566447943988e-06,6.370668196174666e-06,1
0.49685377670252645,0.49560377748584883,3.451244941445052e-05,3.2567301084103245e-07,0.007396765500833646,9.934137942870514e-05,1.1500808936942086e-05,1
0.04790791373650848,0.9335683796521191,0.0013701670949163392,2.2242854509444733e-07,0.004414912025894752,0.01272183409076714,1.657097124899522e-05,1
0.06464689038578028,0.9151952622061169,0.00041610690815641256,9.501100148498237e-08,0.018763389479466493,0.0009671293659328586,1.1126643545438486e-05,1
0.05878245066962208,0.9273599640473401,0.00035533535294932723,8.644977689747825e-08,0.012306283225817033,0.001128848035948399,6.703221854592564e-05,1
0.14818900938430654,0.8427912030697077,2.5975109610318443e-05,1.7790538510520554e-07,0.008971799182712603,1.617319592289623e-05,5.66215235482289e-06,1
0.1774562239250832,0.8148000925527255,2.4977123895209438e-05,1.8109355001020476e-07,0.007696298654704308,1.6463028721451275e-05,5.763621320552792e-06,1
0.06356921163864032,0.9049883754299575,2.5456175686540082e-05,1.962864550212425e-08,0.03139887066210544,1.4241877011925213e-05,3.824587953224293e-06,1
0.006019105122496417,0.16553941006411044,0.000273146277743414,3.9163498025230284e-08,0.8278375724508084,0.0003295421887851354,1.1847325581642808e-06,4
0.18299291428236295,0.7815227435016432,0.0013515256733343001,1.941040180909296e-07,0.03273682892236623,0.0013926798069556887,3.113709319428132e-06,1
0.6731916109131205,0.3086291978555881,0.0008048473956189646,2.1096891466520935e-07,0.013145015484971021,0.004223918389538597,5.198992248028877e-06,0
0.1306762079919608,0.8640919533509803,0.0013911611118236757,2.350985893207938e-07,0.0026106837314681707,0.0011879740188905361,4.1784696287098215e-05,1
0.062132502846962485,0.8904754078956187,0.00041172159743511227,1.8483129838824498e-07,0.04654418112719336,0.00042908531525964587,6.916386232129954e-06,1
0.06389497901347779,0.7016655750732864,0.0001947264135678436,1.194682978825646e-07,0.23395888369276135,0.0002821611121887129,3.5552264199161463e-06,4
0.04313961889947531,0.938082677717248,2.2204150644311535e-05,1.4443395663652563e-07,0.01873739252764731,1.4296026579187315e-05,3.6662444494400365e-06,1
0.11192801850968721,0.8850550698687406,3.186296266287746e-05,1.8327962683125135e-07,0.0029616433313228883,1.666671150837163e-05,6.555336451255376e-06,1
0.05919023651248638,0.9407533031693736,2.2244082662499844e-05,1.4630631339645778e-07,1.64328552647331e-05,1.4116261800490776e-05,3.5208120987197276e-06,1
0.04820151439061348,0.951756205306707,1.6870781471983298e-05,1.1462957910810264e-07,1.1451201881527763e-05,1.108516757777854e-05,2.7585221691788537e-06,1
0.04500513985096804,0.9549556986933807,1.668993728625548e-05,1.1340082198570418e-07,9.569067758090575e-06,1.0060097241502773e-05,2.7289525433541266e-06,1
0.16789826707227753,0.8320367532355631,2.7418587970924275e-05,1.8274813798389344e-07,1.6522580371352995e-05,1.6216981851372374e-05,4.638793827514079e-06,0
0.15562533819186145,0.8443012471388348,2.817949382804656e-05,1.7504985082047474e-07,2.3861594609595408e-05,1.675514693219551e-05,4.443384082878295e-06,1
0.19148121116037214,0.8084726906485856,1.826519337804202e-05,1.8010643490553764e-07,1.0910022244072572e-05,1.3205144128844826e-05,3.537724856132973e-06,1
0.19485498459899314,0.8050863571533466,2.2246400958742652e-05,2.397999557651771e-07,1.088409490295197e-05,2.1100262065798313e-05,4.187689777056158e-06,1
0.22817051805762018,0.7717539195637455,2.3881080624361666e-05,4.004401018577441e-07,2.0064764104466375e-05,2.3098787609749448e-05,8.117306193892246e-06,1
0.30088707343385307,0.699048407061263,2.7183403386774627e-05,2.566111002887935e-07,1.1444834830967293e-05,2.1153317265032597e-05,4.48133830080083e-06,1
0.14071524737125393,0.5663908858850331,0.00018800968672632554,1.7140746187617083e-07,0.2923849513542629,0.00031783593420975197,2.898361052262437e-06,4
0.15721687541927215,0.5523834369048063,0.00020804272779424192,1.6446266364252828e-07,0.2898441617268183,0.00034453782849430757,2.780930151087598e-06,4
0.18794442699721278,0.6041317932984132,0.0003152587148784765,1.8272670865051158e-07,0.20712991434269115,0.000475334159768329,3.0897603276066884e-06,4
0.03512515067389883,0.20320406548662365,8.138681029992369e-05,5.0170819798901496e-08,0.7610981948857063,0.0004871786051031194,3.973367548251115e-06,4
0.3310253711510815,0.6397142789690033,3.753547668424168e-05,3.112877817630379e-07,0.02918782504720762,2.6195077913696974e-05,8.48299032787431e-06,0
0.13211980916670293,0.867767317185839,2.4700535331241254e-05,1.444870137786732e-07,7.149585683800032e-05,1.2865177047793894e-05,3.667591227285299e-06,1
0.11053264725972738,0.8893649428988495,2.1034070032760185e-05,1.453078597933511e-07,6.473593338139204e-05,1.2806102948168866e-05,3.688427201146572e-06,1
0.11991477902881145,0.8800168458361408,2.4014877725281634e-05,1.5365113400384313e-07,2.5578718070869487e-05,1.4727679120000878e-05,3.900208997316214e-06,1
0.0002077867707705249,0.05324636549611592,0.907482585114191,0.0342433703999075,2.8076071007313843e-05,0.004790446646886283,1.3695011213962207e-06,2
0.00022432482319948018,0.0333894171652593,0.9562627025533741,0.005114406455339627,2.346633046843284e-05,0.004984140870279447,1.5418020795783836e-06,2
0.00027756466201374607,0.008908569548938768,0.3619474972346256,0.067562480991605,7.231292133957044e-05,0.5612297933347938,1.7813066835262054e-06,2
0.00048735513383192923,0.016275899425117618,0.6362057184915598,0.0016692849394376978,0.00011892760370336868,0.345236986707489,5.827698860765442e-06,2
8.693256471455439e-05,0.004205214206811035,0.97778931884575,4.776688492026859e-05,4.883661148999969e-06,0.01786020074537766,5.683091277366189e-06,2
5.944852690046379e-05,0.004033194477551591,0.9769248722632391,8.166829302814211e-05,8.895148426654348e-06,0.01889055319359191,1.368097262156812e-06,2
0.00010136256806170286,0.005198343819694987,0.9123853534537438,0.00017698804654124532,2.7039403430906052e-05,0.08211014694931401,7.657592135481913e-07,2
0.00010609809029389119,0.00544120341963863,0.9202955016551739,0.00023028948993571527,2.7828684018801536e-05,0.0738982771264895,8.015344494129064e-07,2
0.00016753627176209086,0.011260223650700682,0.930979805009585,0.0016676057247642885,4.5035958379461544e-05,0.055878527706105116,1.2656787032786994e-06,2
1.043120077733247e-07,9.71017912796741e-07,0.00011853822010956272,0.9998756358786838,3.3328070048322596e-08,4.716463825312903e-06,7.793905570376032e-10,3
0.0001124644409865807,0.004027800480471899,0.988045039239703,2.7607477973363785e-05,8.328271945384984e-06,0.007774249029934209,4.511058985444844e-06,2
0.00015701049999172767,0.010199647962076168,0.7316074358320129,0.0014055132685677995,6.016952804228778e-05,0.2565681582251758,2.064684133384402e-06,2
2.1514809491424721e-10,1.4245595766506806e-08,8.431658592304335e-07,0.9999990882442875,3.031347181725193e-11,5.4088285258474244e-08,1.0510756800736939e-11,3
0.00021631947222676054,0.00255721440730325,0.9290113462201601,0.0006807116631479172,3.493350371869898e-05,0.06749176843238273,7.706301060384905e-06,2
0.00025229676693637546,0.0034801261966377604,0.8622490059411635,0.0008454127686426539,4.026968629405287e-05,0.13312476347358526,8.125166740468481e-06,2
0.00030463776516873807,0.017943838183389803,0.9079240393936222,0.0017267123313543522,7.372461212550279e-05,0.07202273066877263,4.317045566570133e-06,2
0.00017060332677395885,0.013239255274706263,0.8947188768915042,0.00021816900292023067,3.991382413941276e-05,0.09160344292037181,9.738759584035003e-06,2
0.00023673054773474308,0.012274982134044786,0.9161102073013709,0.0001666315389091647,3.085293715234028e-05,0.07116909419995357,1.1501340834312078e-05,2
0.00034628494016208635,0.016290345515384965,0.7851075371583377,0.00015435079161405007,4.428988908044644e-05,0.19803869249848982,1.849920693082311e-05,2
0.0002154152782408463,0.008936001466428438,0.8495935900846888,0.00011302250060027539,3.521534009008804e-05,0.14109524743184187,1.1507898109496123e-05,2
0.00014417161244409973,0.005952489464785899,0.9184939759060153,8.89586623829538e-05,1.7204665485163317e-05,0.07529520037296325,7.9993159234798e-06,2
0.00020126519705758572,0.011922598930219866,0.7822482773704265,0.0005013446618148722,1.890652995729229e-05,0.20509550418909173,1.2103121432378847e-05,2
0.00042134922347316495,0.025208697990155703,0.47204113334964204,0.00043350635972771247,6.964249095679393e-05,0.5018120267654549,1.3643820589646205e-05,5
0.0005904453941195519,0.03430990616845559,0.6430502390064632,0.0002951116205559314,3.9426273165626856e-05,0.3216925801953843,2.229134185579059e-05,5
0.0004779100830575581,0.018571704844925076,0.25098001377568985,0.0004234126472563069,0.00011903434918511856,0.729424288576907,3.635722979075259e-06,5
0.00035163833715506806,0.01377946132122325,0.2939427636638839,0.0003425745308616554,8.860019733355175e-05,0.6914922583760974,2.7035734453107844e-06,2
0.00034378236754950385,0.01351067280936296,0.4670266378712407,0.030564294994359132,6.172597806274883e-05,0.4884899402133349,2.9457660899505937e-06,5
0.0002939646031884762,0.015094265488782826,0.7029571087304255,0.10082598744582688,5.710205953911598e-05,0.18076766284287227,3.908829364733721e-06,5
0.00032409828169814895,0.008328490405764912,0.5999555155769113,1.1906122088265212e-05,8.724047659373437e-05,0.3912862217107939,6.527426149908954e-06,5
0.0006226256004157231,0.018708221880236995,0.48854003242338306,0.0008539404634355759,0.00010679704684029523,0.4911525469912657,1.583559442276176e-05,5
0.0007317967023211559,0.006457286684652988,0.622453870511377,0.0029657447821026784,0.00011872606060193055,0.36725017453075004,2.2400728193984555e-05,5
0.0007927358033641817,0.0072018591677241,0.6944328856818994,0.01719351115546347,7.022339200513165e-05,0.2802714852716874,3.729952785626645e-05,2
0.12096458672209906,0.0017825211131008976,1.1511863715507784e-06,2.4218901596776813e-08,9.761645290471224e-07,8.165437988072997e-07,0.877249924051199,6
0.09511004354939515,0.001326891182449701,9.138729821946835e-07,2.068095921981785e-08,7.749313328572642e-07,6.482159057384977e-07,0.9035607075669752,6
0.9342456553684948,0.05578348711376606,9.615432886944562e-06,1.4011826209559578e-07,4.247387435110207e-06,4.7241076378559275e-06,0.009952130471517103,0
0.9416312756155182,0.0525784996410398,9.520295578498011e-06,1.387318997261924e-07,4.288770607437704e-06,4.677366228419473e-06,0.0057715995791278426,0
0.9381291036150705,0.05704108874651586,5.251061267409126e-06,1.2944897024664237e-07,7.144052334459085e-06,5.2432134736112386e-06,0.004812039862367734,0
0.9453799296858914,0.05452888322281613,8.600313064521478e-06,1.4689324263693603e-07,6.416482109720547e-06,6.154780018589204e-06,6.986862285715496e-05,0
0.8262938725653871,0.17364376685298963,9.005830816082207e-06,1.499770337758558e-07,8.99024599642708e-06,6.60225190494148e-06,3.761227587193882e-05,0
0.7872098082134763,0.2127067748097793,1.4932655955874477e-05,1.776669293476603e-07,7.574307920397086e-06,7.821209642562823e-06,5.291113629633566e-05,0
0.9033113514568827,0.09654793268827788,7.48770236228112e-06,1.2828561601896848e-07,5.132604441913983e-06,4.181277545430511e-06,0.0001237859848740116,0
0.8467493509409828,0.15309316348016597,1.0038922113712216e-05,1.3700435451894558e-07,1.1245901834157748e-07,4.2831962942987394e-06,0.0001429139970704569,0
0.8371339482427308,0.16130766584810904,8.643194665669667e-06,1.404923495678792e-07,5.114484592557379e-07,5.227112648668401e-06,0.0015438636610369952,0
0.8491602035040682,0.1492274092218499,9.255118749648483e-06,1.5043897875313025e-07,1.3202879315001794e-07,5.734859310982995e-06,0.001597114828249258,0
0.56855106882739,0.4296357828590262,2.7086659826502458e-05,2.4102954681105806e-07,0.00169437195485788,6.482649019932278e-05,2.662217915331328e-05,0
0.5860224857027299,0.41271944776596553,2.62508831401756e-05,2.3864536486758176e-07,0.0011536342358048678,5.158392534349563e-05,2.635884165103155e-05,0
0.04881279196228149,0.9437307007707779,0.0007807790638311683,1.1319575816548907e-07,0.004102943097513505,0.0025547023750552905,1.7969534782435766e-05,1
0.07558629303299708,0.9155055790066045,0.00077730494985625,1.0766900760930362e-07,0.005766769655601853,0.0023468535085528724,1.7092177379978796e-05,1
0.09271919117169035,0.8995600036468497,2.819015734003737e-05,1.5632012729616345e-07,0.007672485790474762,1.6004956034684732e-05,3.967957483000829e-06,1
0.10132394227751453,0.8913002081579917,2.876472028465575e-05,1.595061950984471e-07,0.00732785624259495,1.5020264271307195e-05,4.048831147807075e-06,1
0.13146031910138736,0.8581017056335443,2.608409682005341e-05,1.6990300617032038e-07,0.01039086809482835,1.5445707869138782e-05,5.40746254482332e-06,1
0.09633778262852216,0.8923588601830278,2.514470621476746e-05,1.6378413270855903e-07,0.011257925957058088,1.491002242910972e-05,5.212718615290849e-06,1
0.028810273504001224,0.41413052866199673,0.0004183064443510473,3.902972384973086e-08,0.5563191277676177,0.00031777974077831106,3.9448515310605965e-06,1
0.02074283580941674,0.28790453961931645,0.0002577598062187751,6.240858532606593e-08,0.6903579794687988,0.0007358217636499222,1.0011240140895251e-06,4
0.1940361851113295,0.7829230776306311,0.001143874275590496,1.9006727932172237e-07,0.020702661641429768,0.0011909623195512906,3.0489541883937536e-06,0
0.177056400610671,0.7975306219236848,0.0011652163392283951,1.6571276843547174e-07,0.023031306635174557,0.0012131829378103057,3.105840662463771e-06,0
0.23736159230998669,0.7377552937211432,0.00095544824005995,2.090347686010887e-07,0.022505253979453823,0.001418849494425337,3.353220162463642e-06,0
0.3358890910009443,0.6441365434273022,0.0014017892143898187,1.7788573119940668e-07,0.017593812174789402,0.000974145140915332,4.441155927922246e-06,0
0.5255120431782458,0.449989054092448,0.0012498941867962231,2.793334557379497e-07,0.017331760806514572,0.005906256119869529,1.0712282670165998e-05,1
0.813820802777403,0.1731202127598875,0.0005442203037250736,1.4203792779580754e-07,0.007731413936846725,0.004777075351622949,6.132832586895721e-06,0
0.08815759645590443,0.8885651056506759,0.0004893108706028656,1.7728293513230746e-07,0.022303336973524168,0.00047266667752931304,1.1806088828120564e-05,1
0.06520670071787969,0.8953501649764245,0.0010228367236058877,1.875819080059292e-07,0.03781150801288583,0.0006015826732660054,7.0193140298331025e-06,1
0.030920513715346223,0.582652555035789,0.0001985220958671033,1.0033552117454258e-07,0.38600752340694944,0.00021864250831291643,2.142902214095708e-06,4
0.047165772897492124,0.9358357216767703,2.2150965832781573e-05,1.440879991223071e-07,0.01695829112526544,1.4261783815686873e-05,3.6574628246352984e-06,1
0.05692028460702718,0.9385791880427297,2.8899889086387973e-05,1.2538237081161103e-07,0.004452565685000916,1.5178519692486927e-05,3.7578740925361326e-06,1
0.0789673016769296,0.9167482742066904,2.723737271832775e-05,1.706587206178429e-07,0.004234634390387852,1.59432403716085e-05,6.438454181757425e-06,1
0.04117110506574273,0.9587787231178992,1.6560800148521846e-05,1.1252339163250977e-07,2.078564093777153e-05,1.000501440259214e-05,2.7078374777660846e-06,1
0.13957122648364612,0.8603648221948756,2.351258511560445e-05,1.5662067058098967e-07,2.1349455205873485e-05,1.4957074152052177e-05,3.975586334106692e-06,1
0.3641147411489286,0.6357943813107382,3.546015016303485e-05,3.4410585392608507e-07,2.321297023033724e-05,2.6741257418291497e-05,5.119056667720291e-06,1
0.1725060171221063,0.827425904931544,2.200134374536244e-05,2.2556748372181427e-07,1.829825715485858e-05,2.3617045899497406e-05,3.935732066320794e-06,1
0.22831684142273326,0.7716087914908536,2.400620324748245e-05,3.744471710263702e-07,1.836472622413971e-05,2.6415172539246583e-05,5.2065372313348034e-06,1
0.28397075770583546,0.7159572297221293,2.550375969994947e-05,3.012928567308333e-07,1.4100348333610055e-05,2.687636243253641e-05,5.230808712354283e-06,1
0.05890832415698315,0.13703035420581797,0.0001091031353403429,5.990315858282342e-08,0.8036312806053951,0.00031991659140146643,9.614019034699913e-07,4
0.14726617202294945,0.36528827618414506,0.00025399751117304443,1.4460490453852125e-07,0.4865078455840132,0.0006808839067760511,2.6801860385232124e-06,4
0.11642789356516896,0.28943319291309283,0.00018195230533639683,1.1457651931423733e-07,0.5927985169499934,0.0011562060662928724,2.123623596230095e-06,4
0.025260043373350444,0.11209078112901226,0.00010807065312492887,4.1215634618455024e-08,0.8619312512025094,0.0006078641628043885,1.948263564130529e-06,4
0.12090764057947774,0.8778036737843012,2.497263369858065e-05,1.5772378730770972e-07,0.0012451383252518344,1.4413366146803309e-05,4.003587336575935e-06,1
0.09161372000416544,0.9083136688982618,2.3219955880236603e-05,1.485650934113061e-07,3.237830362796149e-05,1.3093165665196598e-05,3.7711073059532826e-06,1
0.000214549216861667,0.0185847376359498,0.9771450557926754,0.0004587727039729321,2.9725466689911204e-05,0.003559265736851148,7.893446998923284e-06,2
0.0005787982529355563,0.018657296301982453,0.6613762681375207,0.0010380777832849535,0.00013120169231112703,0.31820970594726894,8.651884696264481e-06,2
0.0003631062709856338,0.012949492960051157,0.6000903422487996,0.00032671307660407255,3.445754454741457e-05,0.38622409556446735,1.1792334544745456e-05,2
4.443104735530739e-05,0.001828790017521062,0.983214097665085,0.00717269145346292,8.901108783131976e-06,0.007730326253902087,7.624538905477623e-07,2
6.675415329073235e-05,0.0034365778916482462,0.9832301695631325,9.1823254787485e-05,5.9277970287089725e-06,0.013166867275603199,1.880064509312462e-06,2
0.00017340179939990863,0.008655866764130826,0.8954706124995226,0.0008389678197877634,4.081636038089906e-05,0.09481903856022271,1.2961965551515474e-06,2
0.00010620685724027053,0.0038036914323240603,0.9879833349260331,2.0905272283831855e-05,1.0808228983124644e-05,0.008070793221968978,4.2600611665935186e-06,2
0.00023341721045249346,0.008041692807077562,0.9540179394686151,0.00031836917932480553,4.030248468472711e-05,0.03734199380434805,6.28504549713997e-06,2
3.980482588825388e-69,3.6590912231947713e-68,1.3355039656008408e-65,1.0,9.901938100830334e-70,2.0562742587899332e-66,1.0379653827721392e-70,3
0.00014922145136349557,0.00143942943038249,0.8099731639660235,0.16489109640184882,4.773801489100529e-05,0.023495651269528437,3.69946596216861e-06,2
0.00022812913561375334,0.0027762648773605987,0.9536914066414827,0.0011098465501490644,3.332971868932106e-05,0.04215268290126513,8.340175439338028e-06,2
8.143704359261857e-05,0.0009786481884862972,0.9809381796838225,0.00013701028968758,9.185999537179634e-06,0.017852637630364734,2.9011645088267294e-06,2
9.032082147806515e-05,0.0009900645582475204,0.9709125263346557,0.0001770018570100771,6.807102946114448e-06,0.027820712578230388,2.5667474319264674e-06,2
0.00010499889949333744,0.0011718909039656602,0.9193624838842203,0.0002512081753234398,1.3552899317933968e-05,0.0790928726130597,2.9926246195329006e-06,2
0.00016116867382584172,0.0023510976179522826,0.864056243742221,0.000609892179943335,2.2806416922020814e-05,0.13279375546920277,5.035899932780994e-06,2
0.0002876963063962854,0.013417676952628478,0.8295421123772206,0.0017134603847036055,6.960182780878132e-05,0.1549673747709549,2.077380287475832e-06,2
0.00017739370764429998,0.01230432829466207,0.9402473174304454,0.0006473016380485486,4.795911459853997e-05,0.04657318595451328,2.513860087895142e-06,2
0.00016869833902671954,0.010084766257937345,0.935884931067355,0.00016963284258411328,2.198634397419466e-05,0.05366323809018869,6.747058933827712e-06,2
0.0002809621682967153,0.014123462470362828,0.8215751651158216,0.00017606338888976,4.57426212079658e-05,0.16378256572631936,1.6038509101737842e-05,2
0.0001613966896356699,0.005337852418195005,0.8696703077781497,2.1727702589291166e-05,3.3165314100606126e-05,0.12477283424329533,2.7158540346543745e-06,2
0.00016699684875432297,0.0063674959848142145,0.8718092325504531,4.3551407968440114e-05,3.199051307567531e-05,0.12157602463585765,4.708059076535388e-06,2
0.0004336670672618781,0.016828015419311202,0.33950740219390924,0.00017480733066554,3.343238473132892e-05,0.6430086329161753,1.4042687945610816e-05,5
0.0006042370449065193,0.023515599009898105,0.3507228500515426,0.0003897675218466519,4.970691591694546e-05,0.6247017709391782,1.6068516710957942e-05,5
0.0004195541499713238,0.020373423625595462,0.5790410825740198,0.0009460379076176162,0.00010479537405582465,0.3991119055535791,3.200815161034052e-06,2
0.0003979478652762159,0.019311187516387617,0.6006861643286244,0.01574696788861523,9.969423205375529e-05,0.3637550833844028,2.954784640004767e-06,5
0.0005435227874957764,0.0055191055980251934,0.624977412793681,0.0016028054005745745,2.8126451164250112e-05,0.3672993441869131,2.9682782146083053e-05,5
0.000636672065387798,0.00605489420316409,0.7943010372598062,0.002339473433175453,6.240630100322602e-05,0.1965707469014044,3.476983605871281e-05,5
0.2805966539847522,0.01279532117486403,2.427756004110047e-06,5.494015458919864e-08,2.080459991129136e-06,1.6531694603290146e-06,0.7066018085147736,6
0.2512306222254681,0.012879410283885227,1.9353923644090495e-06,4.885084930894546e-08,1.8498717064025288e-06,1.4699400246056252e-06,0.7358846634357019,6
0.07922079155389661,0.004788231301665168,6.620839055238248e-07,1.5013032066673e-08,5.667587745595506e-07,4.5174765715791355e-07,0.915989281541069,6
0.9421604845371923,0.033726994947321204,7.2780767946764356e-06,1.3625671409031742e-07,4.1303328111633e-06,4.593914983787488e-06,0.024096381934182967,0
0.9328186904046186,0.0532028469894224,7.530074140007245e-06,1.4097448929425242e-07,4.344278911880767e-06,4.7529754627091514e-06,0.01396169430295503,0
0.9426783284962456,0.0495436680487765,9.603791347023969e-06,1.399486189436993e-07,4.3982016368808695e-06,4.718388094253272e-06,0.007759143125280946,0
0.9525212745641117,0.04549445824526113,4.4269922792702736e-06,1.3813093397863135e-08,5.0938128816276225e-06,4.464494754495751e-06,0.001970268077618325,0
0.9435642631110129,0.05599466740069504,9.59324750249194e-06,1.5040226455763694e-07,6.3093261883984464e-06,5.909138379407411e-06,0.0004191073739571279,0
0.8846107122288528,0.11535038905174347,8.235722282197517e-06,1.9820186345785627e-07,8.538239557475435e-06,6.0896533125268904e-06,1.583690238781268e-05,0
0.8380000639793219,0.16195102671410386,1.0840494426953807e-05,1.5165540726481176e-07,8.451400405294527e-06,6.206534776407057e-06,2.325922155826251e-05,0
0.8465593790251675,0.15340311649221852,1.3493136537877173e-05,1.7471808285925314e-07,7.979300682826691e-06,7.691396251436799e-06,8.165931059057601e-06,0
0.8160207979711398,0.18394284715433015,1.358602379105445e-05,1.1875586494614555e-07,6.616146949558196e-06,5.227841328929421e-06,1.0806106595426231e-05,0
0.8826425520641226,0.11731862190393715,7.810655056269085e-06,1.3486457755420395e-07,5.266555276728202e-06,4.143646821060925e-06,2.147031020851252e-05,0
0.27967869708993465,0.7198998189757206,1.989444429181159e-05,2.369714244082226e-07,0.00037861391508805863,1.1425847793134767e-05,1.1312755747332236e-05,1
0.27498222479620843,0.7242099624934581,2.0040557666567213e-05,2.3871184470009186e-07,0.0007687083931552289,1.1431869836177805e-05,7.393177830715106e-06,1
0.7249300377529484,0.2637407307968734,4.173511520407294e-05,3.0636766654609274e-07,0.011160734821566569,0.00010226528106530208,2.4189864675746905e-05,0
0.7312399764010032,0.2564804984667244,3.495634467093365e-05,2.981970439354306e-07,0.012105778326821928,0.00010603614286065584,3.245612087484138e-05,0
0.04622800747521347,0.9295912009698964,0.0012570523439676287,2.2321502920730732e-07,0.0020101737763349105,0.020892032478626088,2.1309740932190936e-05,1
0.04192142124906721,0.9404096418765335,0.0010225355311543163,1.1304770717551259e-07,0.0021693077478572194,0.014453983836325067,2.2996711355630604e-05,1
0.10489866796112078,0.8786963738257595,0.00028816699563315656,1.9538246858663326e-07,0.015749563145015036,0.000357724475476028,9.30821452678643e-06,1
0.10795517663852722,0.8782155181230316,0.00023417605654078977,1.6194070458574352e-07,0.013403780788422658,0.00018194093210168092,9.245520671274506e-06,1
0.11246551392016013,0.8775253239326193,2.479981212856892e-05,1.7004459726440327e-07,0.00996386332052131,1.6012636921361835e-05,4.31633305211434e-06,1
0.11169309069948054,0.8701460496894268,2.6218665648897793e-05,1.707795421192248e-07,0.01811348795935378,1.5546846701943458e-05,5.435359845876019e-06,1
0.10101193023323175,0.8869789775262262,2.7545561545971403e-05,1.7942249431124972e-07,0.011959323165106233,1.6333654367043242e-05,5.710437028490563e-06,1
0.06546255961400423,0.9214616216223214,2.787391879249113e-05,1.8729792105452733e-08,0.013030686966680766,1.3589699584513749e-05,3.6494488244314996e-06,1
0.007405112098652361,0.20353304340270542,0.00019691903461059324,4.274690387345296e-08,0.7884116965572723,0.0004517171267643659,1.4690330911658036e-06,4
0.12304638155398741,0.8421202871762653,0.00040603594381207554,1.965326132353118e-07,0.03233015842374347,0.0020937877020788796,3.1526674997303976e-06,1
0.2500607911925412,0.7241816355354863,0.0003438203415310413,1.8340649827712102e-07,0.024039891399891176,0.0013702406619570577,3.4374620947268018e-06,0
0.40767652013166805,0.5748853876366847,0.0006842652916554784,1.6791344213538931e-07,0.015714737405176746,0.0010343077515082182,4.613869864492711e-06,1
0.4450646244617598,0.5366463105990855,0.000984199557545098,2.794789611580718e-07,0.015016420121127074,0.00227350607726446,1.4659704256961796e-05,1
0.3410316224978443,0.6431463900203386,0.0010038152877406765,3.1203006037529804e-07,0.011710172260999427,0.0030343964347534645,7.329146826323121e-05,1
0.4150792167957433,0.5640504717242903,0.0008219572493639917,3.2413479994022724e-07,0.017415780821608922,0.0026104701299639998,2.1779144229584838e-05,1
0.6567152480862166,0.3175765572266535,0.0056679427059824206,2.6487322319105326e-07,0.013769720259035537,0.006258830304018025,1.1436544870729534e-05,0
0.5479073207213606,0.42708255603481443,0.006011574994725593,2.2891115482686084e-07,0.015178344424391121,0.0038100962969458076,9.878616607452161e-06,0
0.08961245232888818,0.893997776004412,0.00048176901084861156,1.098608398758147e-220,0.01551132720119962,0.0003679477296559232,2.872772499573036e-05,1
0.059459913331322244,0.6650851836432943,0.00040254859162934916,1.4490450722733096e-07,0.27453232453405196,0.0005144626692818751,5.4223259128737845e-06,4
0.039781004038006954,0.7388933185021938,0.0001805332756591243,1.2565144814582477e-07,0.22085551534333805,0.00028595638392075215,3.5468054331842904e-06,1
0.057435196349391135,0.7959856489912126,0.00013555153195395208,1.502099316758017e-07,0.14626500198908243,0.0001750934816638334,3.3574467643020164e-06,1
0.05382560227965705,0.9375595003578517,2.2734057894052334e-05,1.5648773704954641e-07,0.008572751886346397,1.5489105888077857e-05,3.7658246258473064e-06,1
0.0574952826713555,0.9389617891194206,2.6660908787926588e-05,1.2543348150177094e-07,0.00349719775396502,1.5184707042527184e-05,3.759405946952031e-06,1
0.058554287227132094,0.9385782742016215,2.665001925401718e-05,1.2538224873393645e-07,0.0028217267943960993,1.5178504914026641e-05,3.7578704337081202e-06,1
0.08594245524955564,0.9137772658116385,2.4800569626900983e-05,1.6850902032569863e-07,0.0002352900939207893,1.5742411557467084e-05,4.2773546805505e-06,1
0.08013982737024763,0.9197844487585822,2.3546371584008085e-05,1.62614774559101e-07,3.21616069690987e-05,1.5725539957800425e-05,4.127737884551441e-06,1
0.0723281010135057,0.9276153335237427,2.147602585746361e-05,1.5154800855919702e-07,1.631259380788339e-05,1.4780486376829182e-05,3.844808700794892e-06,1
0.2823795478968208,0.7175280857072694,3.474551845935257e-05,3.493011026809747e-07,2.5710431973150046e-05,2.6364801103120605e-05,5.196343271466638e-06,1
0.30650761821092537,0.6934038333574533,3.196443553882149e-05,3.3927469658412587e-07,2.713773070104157e-05,2.405980425111524e-05,5.047186433831524e-06,1
0.20772224362120312,0.7922187430023702,2.4297719937273372e-05,2.0946894965453813e-07,1.2245475747720023e-05,1.81462363144965e-05,4.114475477622934e-06,1
0.174100755382383,0.8258314314541599,2.3732262032577388e-05,2.2810964282892396e-07,1.6327789229280316e-05,2.354491454902626e-05,3.980088003402046e-06,1
0.3270658414080218,0.6514066193685007,0.0005098270735580449,3.289680470529285e-07,0.02030926149479333,0.0006866441729586881,2.1477514120396623e-05,0
0.30180434558851205,0.6667567061168217,0.00021742823032271588,3.204333047302022e-07,0.03101583744235249,0.00018982186945832124,1.5540319227866713e-05,0
0.17353022773898685,0.8074462506999948,3.48668219131727e-05,2.4755356640350313e-07,0.018963513967214584,1.7432460455916887e-05,7.460757868330398e-06,0
0.08697330930048654,0.8991690799341997,2.4251150574946458e-05,1.5324729085007066e-07,0.013814952057259983,1.4366390294974843e-05,3.887919893077604e-06,1
0.11516912407872137,0.8835246584424297,2.7667202263668665e-05,1.5964043493789246e-07,0.0012602691527641584,1.4069244756701355e-05,4.052238629522048e-06,1
0.12082363675256533,0.8791037577505514,2.5996868074794213e-05,1.5214969542691024e-07,2.951891897366364e-05,1.3402053966602049e-05,3.535506173058101e-06,1
0.09896748418253258,0.9009177870988093,2.277005894509418e-05,1.5730044292554382e-07,7.3066778359081e-05,1.507747055601605e-05,3.657110355043694e-06,1
0.00040351411411225545,0.07696647096964615,0.8903911832765886,0.010971595336074095,7.187929457265518e-05,0.021192229687860845,3.127321145271424e-06,2
0.00025928046056197324,0.0362058280089778,0.9502998533183911,0.006417028473659408,3.1994359868883085e-05,0.0067823650491334155,3.6503294077223375e-06,2
0.00035501752160203045,0.03929817027025412,0.939683118220538,0.0016964482772661525,4.464483982583775e-05,0.01891746969601372,5.131174500060004e-06,2
0.0005574272881507259,0.019901182719568165,0.6779114135867009,0.005227122119910272,0.00014514011251443552,0.2962521622426778,5.551930477483889e-06,2
0.0003192490512774706,0.010217830971705776,0.3899807181352912,0.0003845428697356137,5.336578350115567e-05,0.5990345490438097,9.744144679116815e-06,2
0.00034892421434554367,0.01244371694543873,0.563451472277136,0.00032360288269571305,2.4327511018941243e-05,0.4233966244150135,1.1331754351573611e-05,2
0.0003606743887712617,0.01413504164072057,0.7846435632301272,0.0003273530017876301,3.347135271432276e-05,0.20048702444252617,1.28719433529563e-05,2
0.00012232108022394955,0.005993362224310156,0.9355749251259173,0.00045625563620133757,2.2931506843833096e-05,0.05782926809994982,9.363265533915076e-07,2
0.00015442184449622836,0.006149038789383749,0.9671438655892393,0.0017755829241603398,2.091528648411152e-05,0.024755134131998036,1.0414342382597886e-06,2
7.626563800346628e-11,2.56647272496825e-10,6.771076555587475e-08,0.9999999165715784,2.0319503602608425e-11,1.5363480580163307e-08,9.43006748028848e-13,3
1.1145963944923216e-08,1.101892388718801e-07,2.636065984191344e-05,0.9999726795630628,3.0508318900293317e-09,8.353091948317608e-07,8.186592277197932e-11,3
0.00019660327930833875,0.007568199664994521,0.963420649457851,0.000263444383452503,2.1674208295180847e-05,0.028523755609133228,5.673396965276441e-06,2
1.5270046363619503e-09,1.1864373689612136e-07,1.3452524298507009e-05,0.999985189470644,6.127748582423942e-10,1.2372041988532254e-06,1.7342312990414472e-11,3
1.6031374347830172e-08,1.454028846752779e-07,7.568673609992881e-05,0.9999184527780078,3.5870928976773963e-09,5.695052079357671e-06,4.1246077684932266e-10,3
6.477798640465641e-05,0.0007913065955187829,0.964288157706911,0.00012145529784542505,1.0659046779537815e-05,0.034719557749666535,4.0856168740720235e-06,2
0.00011030765343309295,0.0012084807239962718,0.9382778448674908,0.003820611391942567,1.2363846334888412e-05,0.05656386656175286,6.524955049683715e-06,2
6.192730659623204e-05,0.0006576504673236951,0.9877159821856298,9.194084516567244e-05,3.7363649708023927e-06,0.011466711006245611,2.0518240681833996e-06,2
0.00018555395501124942,0.0024909556281717013,0.8441656885331564,0.0006959710127157041,2.432649802143327e-05,0.15243087468916958,6.629683753855329e-06,2
0.00015912909260528294,0.007275146806917606,0.96234142178906,0.0014642234580891681,2.3960286016951487e-05,0.02873166616296239,4.452404348490952e-06,2
0.00011545696307136754,0.004888840622244451,0.49272086126684633,0.46595037477276663,1.9968677205325175e-05,0.03630078703159259,3.710666273336664e-06,2
8.721613737131705e-05,0.004092010238299084,0.9702942429654732,0.003003977189153705,2.2398037689347697e-05,0.02249950371515245,6.517168607595683e-07,2
8.446728521226284e-05,0.007395690935031219,0.9744138009518785,0.0001295579031044036,9.781326615945007e-06,0.017961879848201356,4.821749956190812e-06,2
0.000411789725367896,0.0207049493700177,0.657754541508208,0.11741126201925262,7.650574550844313e-05,0.20363633351180419,4.618119841099209e-06,2
0.0002734380082660853,0.014087697406953235,0.8896980429896862,0.0008250962888097508,3.898977745371761e-05,0.09506738123171178,9.354297118913507e-06,2
0.0002850866207157148,0.017899646512059508,0.5743458041159645,0.00028300338976866107,1.6940483406168017e-05,0.40715356903404765,1.5949844037984144e-05,5
0.0005803995743340808,0.021017416596009073,0.38167535775053957,0.000462148792203175,8.75605479873063e-05,0.5961616821336873,1.5434605239509757e-05,5
0.00036110736033237526,0.01693440858141971,0.6991094367547621,0.0007865113192979979,8.78632111881562e-05,0.2827180122524742,2.6605205254975514e-06,5
0.000374614941980171,0.019132979018526557,0.622755854601063,0.006026459731213387,0.00011203931495528195,0.3515952629798324,2.78941242942851e-06,5
0.0004059705785821958,0.020675883551160224,0.6296856766159511,0.0050036330239120385,0.00010170408890139013,0.3441241177877684,3.0143537245913024e-06,5
0.0004643380585605537,0.0042492411195277895,0.8345301825767205,0.0018099979969276277,6.039325811005599e-05,0.1588369234041315,4.892358602192322e-05,2
0.41755589915131736,0.02508831089765759,3.3276918205497247e-06,8.824758066128697e-08,3.3599651982992807e-06,2.5273983128854433e-06,0.5573464866481127,6
0.918490573245647,0.06433355239161274,9.494000603158476e-06,1.7774219237478888e-07,5.387876949733798e-06,5.9926039333411796e-06,0.0171548221390615,0
0.9503778807874428,0.043262380786099425,7.490148993414688e-06,1.4022702956859313e-07,4.173582006464968e-06,4.72777474906793e-06,0.006343206693679421,0
0.9544464042311736,0.03839445832828283,1.161037156016026e-05,1.0007854486179315e-07,4.281164827895685e-06,3.3741627329387536e-06,0.007139771662877746,0
0.9311788159045178,0.06549294107703883,1.2661647288839817e-05,1.4021692918956737e-07,6.268867096954775e-06,4.7274342133162924e-06,0.0033044448529151007,0
0.9291008852813971,0.06779343612068896,1.308307689081989e-05,1.6666354837730997e-07,6.586874913591399e-06,5.619085835536983e-06,0.0030802228967257996,0
0.925153509958086,0.0718041290456652,1.375774850585835e-05,1.7525809890163344e-07,7.15756903093036e-06,6.045588206917509e-06,0.003015224832406249,0
0.8940770485354823,0.10118310231308238,1.93948852546157e-05,1.6717913668704294e-07,1.1919975778941076e-06,7.4096648077687225e-06,0.004711685424658355,0
0.8213509839301386,0.17861381834549617,1.3141902146930508e-05,1.1487378356601647e-07,6.431143808193252e-06,5.0569453021057385e-06,1.0452859324440347e-05,0
0.8414117634614937,0.15855383205597182,1.2845726564365357e-05,1.1228490340325596e-07,6.286206816374546e-06,4.942978259579775e-06,1.0217285990742165e-05,0
0.9208754714868437,0.07908989335344761,6.8792697749064466e-06,1.3265123697288137e-07,4.871648809566433e-06,3.841517043155033e-06,1.8910072844240717e-05,0
0.9238392594735729,0.07613707087639576,5.931775648920443e-06,1.0496968893193593e-07,3.913324592057485e-06,3.4060648774958987e-06,1.0313515223911821e-05,0
0.8188551973906154,0.18096180148261312,9.362010679780524e-06,3.04670440396438e-196,9.726085941999956e-07,4.637049940122402e-06,0.0001680294575574794,0
0.8173263054131591,0.18225959863913657,8.52296504170388e-06,1.429141576780954e-07,5.609127262201623e-07,5.448006857162101e-06,0.00039942114892165556,0
0.2812852455939792,0.7183319044165893,1.9770886643560037e-05,2.3645530961469985e-07,0.0003415699071053708,1.1400962729084101e-05,9.871777643871607e-06,1
0.2642954761692361,0.7350341838587698,2.039566386441091e-05,2.429416698857013e-07,0.0006315500610689146,1.1634435448338461e-05,6.516869942808618e-06,1
0.26750078629644974,0.7307036231134851,2.0275499845859346e-05,2.4151034372141634e-07,0.001756656769865039,1.1565889480609968e-05,6.850920530004332e-06,1
0.4671028366428682,0.5188006670708186,3.319097764255506e-05,2.403785004594693e-07,0.013961417918401456,9.750304863910525e-05,4.14396312953586e-06,0
0.4627465060500269,0.525522277168882,4.199512852960627e-05,2.4657528854514774e-07,0.01160755963075899,7.716465493956883e-05,4.250791574257474e-06,0
0.4983053187571538,0.4986264548938756,2.8016696902320985e-05,2.143044193437137e-07,0.0029734739571826807,4.122151512763604e-05,2.5299875338609545e-05,0
0.5707706439736432,0.4252175266238493,2.640567754847374e-05,1.9496745053225999e-07,0.003917968880037712,4.354668136099517e-05,2.3713196109797097e-05,0
0.5085415743892192,0.4872207024667177,2.77570207082446e-05,2.4484606913744974e-07,0.004140371832603344,4.096885449039333e-05,2.8380590191964368e-05,0
0.41314535672336167,0.5810081554077691,1.8339735976694297e-05,2.608373348405672e-07,0.005784160712363291,1.306594060144964e-05,3.066064259293754e-05,0
0.5137936737953401,0.4836497022958303,3.4137251374930056e-05,3.392783768580935e-07,0.0024442432573964653,4.302995582690054e-05,3.4874165854390204e-05,1
0.45723393532749274,0.5380075202792203,3.759737033440114e-05,5.515990136142834e-07,0.0046773652071193045,2.3529787943391182e-05,1.950042887627735e-05,1
0.7140513958021688,0.2778378144758728,4.082044980315116e-05,2.8678895928186035e-07,0.007979903747872398,7.113802471114013e-05,1.864071061244673e-05,0
0.03499094279429146,0.9484108050724178,0.0011535519768229824,9.554500967589479e-08,0.0020255160523075357,0.013399652331173217,1.9436227977416535e-05,1
0.12037209655418914,0.8757118244065343,0.0004178645750089018,2.5078315766844176e-07,0.0028070476442663985,0.0006713464787831381,1.9569558060580645e-05,1
0.06549457202847545,0.9083545065486098,2.6227182768115348e-05,8.978439490286739e-08,0.026103352860965007,1.5118885354223816e-05,6.1327094324248074e-06,1
0.008042906953643309,0.20922610731431923,0.00012545214511358826,4.394258616516646e-08,0.782322546137835,0.00028111372774233194,1.8297787603587772e-06,4
0.09201487018272506,0.8504337188532808,0.000469123111338086,1.9250969095853801e-07,0.054878984119927,0.002200023089032774,3.0881340052271693e-06,1
0.2971148477072208,0.6846787065632353,0.00026518603978775604,1.679192793477149e-07,0.01660844208797608,0.0013284573524140642,4.192330086619242e-06,1
0.4147904366770384,0.5688193841302529,0.0007484758244119853,2.238213484459559e-07,0.01448522520349355,0.0011507386234854687,5.515719969268963e-06,1
0.44976164648269723,0.5318061341393451,0.0006937046892398902,2.1282424103061913e-07,0.016394207579569452,0.0013375299453875194,6.564339519875648e-06,1
0.49811386977418126,0.4493647653449055,0.0007415530933403705,3.3859835411008727e-07,0.04968267705495659,0.0020821763277628575,1.4619806499436221e-05,0
0.5791070522507447,0.39489322828349827,0.005967189453757425,2.569598463769383e-07,0.01697948910632796,0.0030416948933597947,1.108905246573732e-05,0
0.06545764087003905,0.8111948813499613,0.0003222882493707317,1.70448775210628e-07,0.12233322641637323,0.0006854144731915559,6.378192289024027e-06,4
0.026280275551693835,0.7116141016655748,0.00013484152777504266,8.765265011172166e-08,0.2615901707918749,0.00037842119308935146,2.1016173419244145e-06,4
0.05414859906975469,0.7438287224395956,0.00033557582204509254,1.4263578687820543e-07,0.20071215706528037,0.0009710351125614134,3.7678549759135214e-06,1
0.060720303368537794,0.9366668140284232,1.73164617146512e-05,1.28581493645626e-07,0.0025803309783453184,1.2012311196937051e-05,3.09427028806492e-06,1
0.07055589400466865,0.9293665986562053,2.4112331066491992e-05,1.665233756497341e-07,3.293464184503026e-05,1.6066890840200952e-05,4.226951998651152e-06,1
0.07580540406198089,0.9241264299765163,2.6171729109646824e-05,1.7213967684531444e-07,2.084380342470265e-05,1.660877571301835e-05,4.36951357879603e-06,1
0.12173468818677277,0.8782074866566789,2.49786921857875e-05,1.584722228921959e-07,1.3860825034271766e-05,1.4051138623671037e-05,4.776028481559488e-06,1
0.277340710329707,0.7225837303327565,2.6541993856159363e-05,3.6242755308555924e-07,1.5240692134972194e-05,2.797047395963769e-05,5.443750032914846e-06,1
0.31969103090123474,0.6417579609351527,0.0003620976784343039,3.32681786965664e-07,0.03713243395464376,0.0010224770470165887,3.3666801731130926e-05,0
0.06601515099078421,0.925926829436117,1.5812395602840566e-05,2.6166382248454453e-247,0.008025682481338493,9.366276744905224e-06,7.158419412603827e-06,1
0.06540764172827801,0.835983928556775,1.5546913276035465e-05,1.2865234233984863e-07,0.09857657829820055,1.0367169280975e-05,5.808681847295361e-06,1
0.06730477930702332,0.9308659331981737,1.614917741781644e-05,3.589024853997855e-94,0.001795755733523428,9.044190893458194e-06,8.338392968344277e-06,1
0.08336565943278515,0.8961590580577549,1.8438870987353498e-05,1.4020465047483513e-07,0.020441476782746836,1.1968712202467731e-05,3.257938872992059e-06,1
0.1208183327260425,0.8790651660496827,2.5995726840500284e-05,1.5214301622040998e-07,7.341653781924532e-05,1.3401465630978244e-05,3.5353509681742098e-06,1
0.11715490595434132,0.8827770753777632,2.4105741685496284e-05,1.4108165818036015e-07,2.737158312943678e-05,1.3121943500181407e-05,3.2783179223749912e-06,1
0.1288912168920606,0.8709960476219716,2.6318211447794486e-05,1.5394969093151335e-07,6.850415804495648e-05,1.4179958751769422e-05,3.5792080326684643e-06,1
0.00029555530106876977,0.028901465491781377,0.9574463285682221,0.006599620985896921,3.255940360633555e-05,0.006722491246103374,1.9790033214065814e-06,2
0.00025799158176381844,0.04041902788690288,0.947382028195242,0.0015269315980617384,3.0469462601376228e-05,0.010381730897517205,1.8203779106969253e-06,2
0.00021962410064059492,0.02431098404236103,0.9618251571958665,0.0008249717474188964,2.7618588374870068e-05,0.012787798114852672,3.84621048549281e-06,2
0.0002683835766591402,0.04859640970291027,0.9313759486814671,0.0007941978331795918,3.112995388731974e-05,0.018924887316275937,9.0429356205349e-06,2
0.00029896227567424016,0.046414526474409384,0.9280387943688196,0.0005178444733184255,3.972291283273869e-05,0.02468094828943369,9.201205511956166e-06,2
0.0001842002371384215,0.015471370577816184,0.979768940482059,0.0017518832890869335,3.1937544525204924e-05,0.002784363606543262,7.304262831032313e-06,2
0.0005037867833210407,0.018135530295087254,0.6483102918537635,0.002301503520247879,0.00011346185612513846,0.33062278216107716,1.2643530377937543e-05,2
0.0004085031477910583,0.014677165898266831,0.6255777982714762,0.0004616511291622352,6.965449093970326e-05,0.3587916522672301,1.3574795133914312e-05,2
0.0003562988025544774,0.017398339977310884,0.8204187728010128,0.00032397480598045543,3.306528897884968e-05,0.16145683253910553,1.2715785057075338e-05,2
0.00018481272795137953,0.00889600332453675,0.9558154589223763,0.000205274916843992,2.7121981547113455e-05,0.03486047851601202,1.0849610732227376e-05,2
0.00012698737633867028,0.006266980757990195,0.9050503894906179,0.0011153021151210174,2.244751403526411e-05,0.08741686180740446,1.0309384924117559e-06,2
1.9800493730517877e-15,2.084637492272607e-14,6.1185474352740805e-12,0.9999999999937135,4.896838464527174e-16,1.448188212534742e-13,9.309134678707675e-17,2
2.4559400825445553e-25,2.3603268433046644e-24,3.486727781775783e-22,1.0,6.995955003556311e-26,1.866736577522472e-23,2.84248722739117e-27,2
0.00032210984776934073,0.0033947221472557096,0.9183487362914654,0.0005155443790667916,9.669077322696053e-05,0.07730866975292174,1.352680829394062e-05,2
0.00021402730784574468,0.008750220285834616,0.9711267902121711,0.0003710772998190914,3.3225598294853555e-05,0.019487766173255188,1.689312277946931e-05,2
0.00020146460821632935,0.008236611110217718,0.9752406305504301,0.00023030048741449878,3.002141480893926e-05,0.016045070276925647,1.5901551986856894e-05,2
0.00026882496901974837,0.010502007846870286,0.9505664764847652,0.00033210972496198056,4.3469253743077995e-05,0.03827118196408,1.5929756559634195e-05,2
0.00032080944623276387,0.01177260658504316,0.9228607855176141,0.0006318775501435085,4.4225647527165714e-05,0.06435991405472051,9.781198718766436e-06,2
6.855083510338693e-184,3.208243916631979e-182,6.993480833482597e-180,1.0,6.19125931798031e-185,2.1716469596987933e-181,2.7856120649039776e-185,3
4.960646350981662e-05,0.0005374104133436839,0.992185234151863,9.511375706449369e-05,3.3131368155627783e-06,0.0071275554486355,1.766628767877671e-06,2
0.00015380445454521972,0.0019495199639495363,0.9028580297182955,0.0005647384969640901,1.9036056228914142e-05,0.09444939208330183,5.479226714788191e-06,2
0.0006379966235238361,0.008333053053346272,0.8451213424895475,0.0027309061027873485,0.00012111059758628461,0.14303557343349957,2.0017699709338462e-05,2
0.0001368998308247517,0.007464228332396671,0.9696066869790452,0.0009076513363201588,2.8804388616301e-05,0.021853533559646292,2.195573150774438e-06,2
9.552331103171582e-05,0.003892076459401147,0.9689432416893746,0.0058051343150104205,1.9143297886745825e-05,0.021243606231196466,1.2746960988025062e-06,2
0.00010683551090012051,0.008452940895022505,0.9377803838423647,3.248816590851137e-05,1.398301761850449e-05,0.0536071145165704,6.254051615553402e-06,2
0.00013761787814623957,0.004655221513597439,0.8949573440061372,3.376894775485841e-05,2.6005823428606526e-05,0.10018772610766752,2.3157232682264164e-06,2
0.00024107554643494356,0.014310515097860108,0.8822285710249909,0.00030407167041432995,2.182848365030883e-05,0.10288494537278789,8.992803861509973e-06,5
0.000922485322211632,0.036401279392440415,0.4462160850489424,0.003998390697990959,0.0002674599194844615,0.5121875030498102,6.7965691199294736e-06,5
0.0007491823856766062,0.028273851721385575,0.5301155947611154,0.005146504741648388,0.00021721349459723175,0.43549213316561997,5.519729956761913e-06,5
0.00016877173599509998,0.007527626028202643,0.26163920190130574,0.5059107140822531,4.252439945675713e-05,0.2247098642502912,1.297602495356295e-06,5
0.00033016497293994484,0.013110271351483165,0.30248875469611214,0.00018341156391650154,6.18624707098697e-05,0.6838063766982074,1.9158246631001868e-05,5
0.0007564126817661495,0.007304675989628388,0.7571558594222016,0.0013521646472016604,9.339501092911335e-05,0.23331223243643076,2.525981184246124e-05,5
0.0004326243776915063,0.004898976104169968,0.8537461274009125,0.0005393829575412622,9.278329607412661e-05,0.14025835307786552,3.175278574501102e-05,2
0.47263192281773425,0.032214971650275336,4.470093985108502e-06,1.0115829356588653e-07,3.819039994877162e-06,3.0438902626422363e-06,0.49514167134945425,6
0.4873037688166277,0.03682500592469921,4.0179158995958575e-06,1.2968474341719552e-07,4.05688336551107e-06,3.05162689743205e-06,0.47585996914776724,6
0.9247485160433774,0.06765928178768622,1.0233045801135491e-05,1.8752698546564231e-07,6.023510231306062e-06,6.322499659166012e-06,0.0075694355862592905,0
0.9286282475905435,0.06549285937940776,1.1117987046128307e-05,1.8094515191900574e-07,5.385476912187074e-06,6.100592181413049e-06,0.005856108028757027,0
0.9284436029407778,0.0654389813901241,1.1568441897195482e-05,1.8827630108484207e-07,5.937882760907927e-06,6.347762944528567e-06,0.0060933733051944244,0
0.9140306509725278,0.08167991469909663,1.6914591557253138e-05,1.8731465444818413e-07,7.649960704356634e-06,6.315340887951425e-06,0.004258367120571745,0
0.9300462038327034,0.06494142944738873,1.3190717559150184e-05,1.6488533686895912e-07,7.418971428287644e-06,5.559133175243549e-06,0.00498603301240838,0
0.9025208526796602,0.09380522722036409,1.6801303516518146e-05,1.860600861583405e-07,7.353464665005762e-06,6.273042935124844e-06,0.003643306228772795,0
0.8094997424641549,0.1904700817820958,1.2448675510270482e-05,1.315340285793566e-07,6.915593430840629e-06,5.790358489490861e-06,4.889592290177034e-06,1
0.8531152048267242,0.14683748543188424,9.335956838061603e-06,1.1007452802550758e-07,6.162460200888341e-06,4.845673661129153e-06,2.6855576163632496e-05,0
0.9182307997713836,0.08173167150275586,6.482306850984279e-06,8.752962615665394e-08,4.173093615013955e-06,3.619845283267059e-06,2.316595048535033e-05,0
0.7961135110243622,0.20385808094887745,8.734378270770924e-06,1.4920235423658546e-07,9.397831213182938e-07,4.529158128696569e-06,1.4055504885280017e-05,0
0.7957471630690276,0.20419429390909316,9.097815416934508e-06,1.4788206366991176e-07,9.553755927437328e-07,4.717616225402265e-06,4.362433258052645e-05,0
0.8114198199679883,0.1884989981469494,8.913754648576086e-06,1.49466967319132e-07,1.3117573300814207e-07,5.223804529388621e-06,6.676368318396892e-05,0
0.41057251280180235,0.5862592642556835,2.5691133531583108e-05,2.1311581253622905e-07,0.0030989349633332598,3.545528650070661e-05,7.928443336069335e-06,1
0.41745028134394624,0.5659492803503481,4.1856254997673686e-05,6.61935492676672e-85,0.01646341313098367,9.064835315660665e-05,4.52056656788966e-06,0
0.41602320936673265,0.5693938164195781,4.4908087019132884e-05,2.953494588512342e-07,0.014441711736414772,9.152828889136242e-05,4.530751905106757e-06,0
0.3733412925388294,0.6236376323193286,3.070329850775753e-05,2.587939065337171e-07,0.002917887198151704,4.0036753326863544e-05,3.2189097949335206e-05,0
0.4444386731005346,0.5516342695306636,2.7555918276950908e-05,2.437498751093538e-07,0.003827518926770185,4.197521091996938e-05,2.976356295946202e-05,0
0.4508945331794745,0.5451237915569987,2.8269175969236097e-05,2.472905550348587e-07,0.0038831169836817028,4.137787795312471e-05,2.8663935367685585e-05,0
0.7295104258390495,0.26368237996416977,4.3183306930981624e-05,3.033894950400409e-07,0.006664496994138508,7.525578895820439e-05,2.395471725785932e-05,0
0.19294943658087407,0.7956205841618758,0.0008881016478145132,2.1967574233904273e-07,0.002980229840262875,0.007541931407179211,1.9496686251345258e-05,1
0.06699309730502481,0.9205289267910767,0.0008323659743295778,8.910474661372628e-08,0.003912667682616954,0.007723727467549903,9.12567465547933e-06,1
0.11732070422747576,0.8736701997200872,2.4635811517485745e-05,1.7401647150263785e-07,0.008963459769684526,1.6409301501140082e-05,4.417153262395271e-06,1
0.08998825962880287,0.8879239254747103,3.301262287958617e-05,1.796136430557038e-07,0.022035225266257737,1.3680873032149121e-05,5.716520674091803e-06,1
0.0637623174461222,0.9083820698015401,0.0001844323880329352,8.740970300585507e-08,0.027496300414531844,0.00016886124371481376,5.931296355276054e-06,1
0.03683840504078824,0.2417977850743179,0.00010540283698222988,5.4675292848420935e-08,0.7207995389332855,0.0004579363685206376,8.770708126445817e-07,4
0.4604003775609258,0.5263646656706175,0.0006022200311340015,2.0941667599744635e-07,0.011454148618180282,0.0011725857224697692,5.79297999678618e-06,1
0.04107476926052796,0.7798187165429068,0.00015529845337101624,1.1167070411548989e-07,0.17871634883024043,0.0002314303203341767,3.3249219154332016e-06,1
0.04775151956853855,0.9320326227340664,2.2435000836888136e-05,1.3386324202915833e-07,0.02017745774847884,1.2433162496275238e-05,3.3979223411327544e-06,1
0.042366592573394,0.940077893710804,2.2628658930707457e-05,1.3501874456166622e-07,0.01751595867313037,1.336411191586751e-05,3.4272530805570155e-06,1
0.03874748183109793,0.9519901202872226,2.2327875576120526e-05,1.332240561956551e-07,0.009224430746650528,1.2124337851787627e-05,3.3816975449088364e-06,1
0.07478425117450854,0.9251387427693173,2.4396836571748617e-05,1.657658308497992e-07,3.27848162330399e-05,1.545091470488607e-05,4.207722833414386e-06,1
0.07519170409726093,0.9247402429711289,2.6398673117926026e-05,1.7074608076975618e-07,2.0675057652753303e-05,1.6474315575311175e-05,4.334139183496214e-06,1
0.09681195448622355,0.9031229743720088,2.5412256478451406e-05,1.670653503117755e-07,1.799230404861952e-05,1.7258806658640387e-05,4.2407092316642085e-06,1
0.09219324586438557,0.9077494293848443,2.3441042151594066e-05,1.5161618383862877e-07,1.3792564099837197e-05,1.6090973567121157e-05,3.848554767785694e-06,1
0.29281423734011613,0.7070942062292942,2.9260258881321996e-05,5.277616024241024e-07,2.3076279297564545e-05,3.238051012617428e-05,6.311620682082501e-06,1
0.27230203401588604,0.7055063729436482,0.00031158891832872655,3.015148376152417e-07,0.021141132218666186,0.0007216482186112478,1.6922170022047624e-05,0
0.07376804286980164,0.8412177337175842,1.6245314631462937e-05,1.3443168700291877e-07,0.08497345139683973,1.0242542900260127e-05,1.4149726555547884e-05,1
0.07475048379160865,0.9115429915662697,1.6952096030989987e-05,1.4028037741219456e-07,0.013663978767051702,1.0688163004886551e-05,1.4765335656678267e-05,1
0.06092615103134606,0.7765248604519627,1.5386191418253015e-05,1.1699282409506644e-07,0.16251866001816098,9.987211098957873e-06,4.8381031889718395e-06,1
0.0731125268433623,0.9212805663952767,2.127572533151643e-05,1.388020148946068e-07,0.005570295628721448,1.1971259497386804e-05,3.225345795900883e-06,1
0.00036572266182267687,0.04034641813318319,0.9389266621583292,0.004620081796734213,9.96139826148602e-05,0.01563821442042048,3.286846895271092e-06,2
0.00032772381880628556,0.047878889001918605,0.9371706192195751,0.003905491567269851,4.0440046171495954e-05,0.010672222423980042,4.613922278627361e-06,2
5.873586486457703e-05,0.007821158210503944,0.9871644903027732,0.001372149916037833,1.560517999891986e-05,0.0035658825456101385,1.9779802115556094e-06,2
0.0003048872520399599,0.03966543475014824,0.9460344947186275,0.0015186807659722614,3.244326308003104e-05,0.012441964005901142,2.0952442309515822e-06,2
0.0003259015739124075,0.06452531684138144,0.9097019206784814,0.0004059702852613262,4.643749781041619e-05,0.024983472171977737,1.0980951175204965e-05,2
0.0002625032042937842,0.02139055038794093,0.9717651980264197,0.0025017184060909872,6.534725537004294e-05,0.004007953463010237,6.729256874128454e-06,2
0.0002564644189583504,0.008714002998146397,0.552161589440369,0.0002886723907382756,4.752176731636479e-05,0.43852248758227047,9.261402201325818e-06,2
0.00021500438394799862,0.009969792829108435,0.844007786767545,0.0002056190845758711,2.453669840574357e-05,0.1455695870432627,7.673193154202733e-06,2
7.747212370158352e-05,0.0030478626360736557,0.9660153290807316,0.011194748321664793,1.0946044007305326e-05,0.01965274335431733,8.984395036566964e-07,2
0.00013304401540870567,0.00667303273966155,0.8997552421567242,0.00048636441878291046,2.1059140171217884e-05,0.09293026557559561,9.919536558045853e-07,2
7.408469785124923e-05,0.0032516003204873063,0.9351925210301101,0.019549396938110423,1.5233015154064245e-05,0.04191658891967605,5.750786105712209e-07,2
0.00041026269528645265,0.004231002014353287,0.9268843009694059,0.0017889258348220273,5.564271639652218e-05,0.06661061684417936,1.9248925556773374e-05,2
0.0002029961630865865,0.0022721449554398013,0.9826545110856572,0.000222299292239032,2.31896530070892e-05,0.0146088364133341,1.602243723616067e-05,2
0.00018741538121681096,0.008015766765713004,0.9790774770332994,0.0002204614988215026,1.8047949818543497e-05,0.012466038721176374,1.4792649954455714e-05,2
0.00034592763190753194,0.013890316685996187,0.945631897805228,0.0007917771168216518,4.4169657555055514e-05,0.03927022273163508,2.568837085621062e-05,2
0.00022939549578000632,0.008239670534126442,0.9482452254644773,0.00034987934526141726,3.191039498780897e-05,0.042896904179096355,7.014586270462432e-06,2
0.00016222444784560325,0.0062619809245515355,0.8230695545384611,0.0014301536025602116,3.6478253479937376e-05,0.16903833677348157,1.2714596202821584e-06,2
0.0,0.0,0.0,1.0,0.0,0.0,0.0,2
1.4675953412941107e-09,6.343997995415316e-08,7.396428282388107e-06,0.9999917985162095,3.022513116576247e-10,7.398328679060017e-07,1.2813720026695357e-11,2
0.0003748936963572508,0.013609762010506746,0.7918762618466494,0.07676586095316582,6.70548519366884e-05,0.11730040009781743,5.766543566670114e-06,2
0.00021215120317713836,0.002393064996881915,0.7085683577851651,0.2624790355434691,2.9609780630239856e-05,0.026309914934985835,7.865755690695902e-06,2
0.0001176667994037469,0.0012322410787127512,0.9683592607490762,0.0007763639340376506,9.284787236707344e-06,0.029501555308792265,3.627342740521483e-06,2
0.00041221709125727245,0.004817276165043997,0.9135337393675341,0.0016127719884794747,8.195545602821282e-05,0.07952790079917779,1.4139132479287199e-05,2
9.643830645056273e-05,0.0060756661744378725,0.9455347652825441,9.060305406411e-05,2.0176260685051593e-05,0.04817675714528039,5.593776537739526e-06,2
0.00011137190179042936,0.007307800135263801,0.9581427312514924,7.549886525869264e-05,1.610551078413441e-05,0.03434003235540735,6.459980003050936e-06,2
0.00011891326386245552,0.008585052658868525,0.9382136652831691,6.045224139483184e-05,1.7290557009467764e-05,0.052997445583747346,7.1804119481283564e-06,2
0.00017204030565329617,0.008437399339911208,0.8704377390968511,0.00021960868152051145,1.9691499885031574e-05,0.12070608253568839,7.438540490500947e-06,2
3.422287635186426e-10,1.6964485647632787e-08,5.07893783373735e-07,0.9999991337637909,8.242029742152186e-11,3.4095061794514923e-07,2.673217427118425e-12,2
0.0002118553032620785,0.008361427402334518,0.6823034268539893,0.00013961609283823015,2.5384235835612737e-05,0.30895093765973497,7.352452005414584e-06,5
0.00037376880730475155,0.018150101124667074,0.6092716442716878,0.001116369229539073,9.335920518144823e-05,0.37099190584682695,2.8515147930831713e-06,5
0.000311941278802075,0.015959362793233053,0.44446951849034577,0.0012773371460582082,7.32580222541245e-05,0.5379061839069306,2.3983623762094713e-06,5
0.000311046789291011,0.015913599428164373,0.5177024317700676,0.0002886491978804803,7.304795536987239e-05,0.4657066794338656,4.545425360899782e-06,5
0.00043244414341776603,0.02329846724681464,0.7353508139997255,0.00045506884907420633,9.599619381711455e-05,0.24035955245721022,7.657109940652778e-06,5
0.0004973700579227532,0.0049570420548568864,0.6985937181947309,0.0008720247402117674,4.705924647924805e-05,0.2950062648704686,2.6520835329811283e-05,5
0.00030818921806226903,0.00337282721024329,0.853052015277789,0.0012077452382076427,7.143551506911205e-05,0.14196911934981293,1.866819081604814e-05,2
0.0001198158660886634,0.004634354978934835,0.9865768205406464,0.0002136888814772045,1.3694451831842404e-05,0.008437050886988618,4.574394032445475e-06,2
0.6405083302095125,0.04449946556231158,6.11387331989386e-06,1.2051783666195604e-07,4.797585153527312e-06,3.626426035459989e-06,0.31497754582583043,0
0.9410314628203963,0.054393236654310284,9.247384429349509e-06,1.7312516092091419e-07,5.335036072624774e-06,5.836940044642719e-06,0.0045547080395861314,0
0.9097548652144557,0.08625845251704922,1.0843797163913826e-05,1.9871938743047522e-07,6.435048224170602e-06,6.699853123427134e-06,0.003962504850596203,0
0.9436030387563236,0.05411240041477907,8.881641281659111e-06,1.4219702904960028e-07,5.742325443454338e-06,5.586763764934535e-06,0.002264207901378359,0
0.953487543614131,0.04645160932450393,7.965301202548804e-06,9.712298027517992e-08,5.149876054398497e-06,5.01036404465959e-06,4.262439708302929e-05,0
0.9332552704673432,0.06672031253863854,8.878450069310034e-06,1.7661589465378398e-07,5.505987388406471e-06,5.468845668850323e-06,4.387094996759393e-06,0
0.917464526070533,0.08251328246551025,7.409689299900077e-06,1.190032317538384e-07,5.898984826383291e-06,4.675505160101094e-06,4.08828143866441e-06,0
0.9143421509323675,0.08563674138716837,6.743813521085255e-06,1.5328034478895283e-07,6.2720821145101686e-06,4.746269022741034e-06,3.192235461047105e-06,0
0.8139948780965895,0.18597187136540594,1.512795371167424e-05,1.3223392329682451e-07,7.403041413315613e-06,5.8211690817217155e-06,4.766139874642771e-06,0
0.9158776339204753,0.08409726605632563,8.024751583434736e-06,1.2580775605845382e-07,4.607343096509776e-06,4.082220149334004e-06,8.259900613954952e-06,0
0.8120607007091951,0.1879180346356621,8.832581790044807e-06,1.5087988591837829e-07,9.431948984777308e-07,4.5800809595836096e-06,6.7579176085719705e-06,0
0.7944783756268381,0.20547103531473285,8.727646453368974e-06,1.4634628152200975e-07,1.276194643098479e-07,5.1147379383270704e-06,3.647270829147676e-05,0
0.28091411477683276,0.7185098754900943,1.988282313071236e-05,2.368329996772491e-07,0.0005381951787972399,1.1341892266064037e-05,6.353005879098501e-06,1
0.4470412083061491,0.5513328575697456,2.6083301134197287e-05,2.1636896277885113e-07,0.0015615084551302552,3.115416430781899e-05,6.9718345704460574e-06,1
0.37701179986582295,0.6110678183657375,4.4175654610317066e-05,2.736265709701229e-07,0.011799301771396584,6.86883419428623e-05,7.942373918701611e-06,0
0.39945324299207435,0.5896517849917989,4.3201886710041264e-05,2.6723943849780584e-07,0.010787840400748596,5.538790668958862e-05,8.27458253999202e-06,0
0.3932484762782291,0.5985307531000689,4.3852420099541444e-05,2.7126352612390704e-07,0.00811068837456758,4.997063374412899e-05,1.5987929764512154e-05,1
0.40800855362364,0.5866036145616019,3.236135596588192e-05,2.658579598438868e-07,0.005288021647272947,4.289488188694503e-05,2.428807167246903e-05,1
0.5335974127836416,0.4645914617475575,2.093566177819139e-05,3.4271208818414007e-07,0.00172867283094561,1.6095024442928646e-05,4.5079239545982015e-05,1
0.4321971355803434,0.5576695743263321,3.7606695180034386e-05,5.2558889246517e-07,0.010050931481623592,2.276789876055837e-05,2.1458428867985135e-05,1
0.7355282953513934,0.25537284713498365,4.555367213237527e-05,2.938286553305085e-07,0.008948747604196448,9.22041607849804e-05,1.2058247853799319e-05,0
0.3005968566100185,0.6898213945320818,0.0004633501282017329,2.406496976184314e-07,0.007470738388360065,0.0016248643271568023,2.2555364483297402e-05,1
0.2852771293852531,0.6988802411934085,0.0007323667203633609,2.718552823505412e-07,0.01327235603052392,0.0018121546461062107,2.5480169062371375e-05,1
0.08483451989330858,0.9069748457625255,0.0008394270750386256,2.0768670919978845e-07,0.00370373734692598,0.0036274349416768443,1.9827293815401762e-05,1
0.11691067114847348,0.8786202949430068,0.00046921191155377683,1.8401392259142665e-07,0.0030396693443768214,0.0009509166568099583,9.051981856599804e-06,1
0.1755661283850827,0.8119828624556834,9.208332330169811e-05,1.8479418125643144e-07,0.012241444619602703,0.00010938228699253455,7.9141351558007e-06,1
0.08762890751691421,0.8994399907808932,2.5474824063935183e-05,1.616198305008312e-07,0.012887378832576053,1.3986092524474439e-05,4.100333197633962e-06,1
0.09483596909821684,0.8809309714621146,2.4667277132888008e-05,1.6945925024328455e-07,0.024190984373741498,1.293685466851476e-05,4.301474875289805e-06,1
0.09781180647538969,0.8786910212619793,2.334854374170638e-05,1.6865930713161497e-07,0.023455411394523114,1.2875785427597597e-05,5.367879631486929e-06,1
0.02870904462459051,0.37761369881614126,0.0009949134456972233,7.083649966552911e-08,0.5923377513521458,0.00034081479364663175,3.7061312787966825e-06,1
0.6434941061300383,0.3275997253084368,0.00486793244576136,2.6619724731755467e-07,0.0170212878615668,0.0070106936043437176,5.988452605773939e-06,0
0.31057605877001254,0.6753037095256496,0.000572072546261809,2.0849914228974504e-07,0.01219647597787278,0.001341438017972885,1.0036663088147975e-05,1
0.31205362831721783,0.6764485747467641,0.0002340202595494463,2.0490143892660274e-07,0.009766614749703213,0.0014787311943540882,1.8225830972529806e-05,1
0.4055690984498425,0.5376782901600909,0.0006917545136984241,2.7135987191356826e-07,0.05452918540355265,0.001522762892311387,8.63722063212185e-06,0
0.05520813863925349,0.9276776647474658,2.057529321742265e-05,1.316441071024232e-07,0.017078167531872197,1.1980551232899243e-05,3.341592851190334e-06,1
0.04158696499081042,0.950216133869277,1.9759770957933807e-05,1.1790090945008933e-07,0.008163456400038148,1.0729822376122214e-05,2.8372456307957505e-06,1
0.03543950916431805,0.9606681716108353,1.76912357632267e-05,8.94004657946148e-08,0.003861175729897987,1.082262778887736e-05,2.540230930786107e-06,1
0.08843972101274061,0.9115035851972043,2.0633986102041914e-05,1.5962292025019588e-07,1.6604601824092388e-05,1.5243785163815283e-05,4.0517940448271005e-06,1
0.3490998660505849,0.619196462390504,0.00030541522781100337,3.105242317790433e-07,0.03030091359690392,0.001087277606068979,9.75460389542989e-06,0
0.0644778904792016,0.9021821513010952,1.6415146123072827e-05,0.0,0.03330826780267122,1.011361857738229e-05,5.161652331405526e-06,1
0.1359446654425856,0.8638015382350437,2.6898998989151637e-05,1.5520788322211406e-07,0.00020908855918130953,1.429584800542469e-05,3.35770831169353e-06,1
0.0003804769799492987,0.059176806798206784,0.916780853389445,0.005531842159389069,0.00011804943430328593,0.018008051779797443,3.919458909287365e-06,2
0.0002947875958631126,0.03252088220044638,0.9535933863765853,1.0576395943588283e-19,7.529748336867093e-05,0.013511523033043078,4.123310693657638e-06,2
0.000368293808878817,0.040630066331771526,0.9376452378514065,0.0035868905446986,0.00010031430071074788,0.017665887208055803,3.309954478149996e-06,2
0.00032298201417837276,0.08493796700181981,0.9000883219482712,0.0035885138010879787,3.888855191743618e-05,0.011018779518847223,4.547163877930959e-06,2
0.00029113785161816847,0.044884133549607644,0.935197257352387,0.0025240699211073665,3.66117218498922e-05,0.01706258170091989,4.207902509949961e-06,2
0.00021523823400808995,0.026051779976636436,0.9492552353901199,0.00026811876423430065,2.4222260369049342e-05,0.02417815312202628,7.252252605921505e-06,2
0.00040957308598363063,0.081091456004748,0.8563003508064397,0.0002941755605547706,4.609211729769927e-05,0.06184455223982876,1.380018514753495e-05,2
0.0005758146159894544,0.10119408001851576,0.8250666231270986,0.0004127072703416052,9.398687130180389e-05,0.07264535487872188,1.1433218030932807e-05,2
7.732191324555359e-05,0.0025528771619520267,0.9757289482107884,0.009026820079728886,1.4771842207522272e-05,0.012598700876965052,5.599151128375713e-07,2
0.00011646957722903304,0.0047333578548190555,0.9003948219789469,0.0001605991283916994,2.546332933392557e-05,0.09456842889783182,8.592334478180863e-07,2
0.0004430984055927621,0.017792094672531535,0.927321151890639,0.0012622129710016833,6.445837244370923e-05,0.05308876162037581,2.822206741550097e-05,2
0.00024375952601412665,0.009285888795363833,0.9600168494700758,0.00021101714239085069,2.6265288219524128e-05,0.030201521660403113,1.4698117533037368e-05,2
0.0002322825583664968,0.010719183086869718,0.8915147325512107,0.0003371485050299398,5.9247376383978235e-05,0.09712809469246393,9.311229675075724e-06,2
1.2907327047340005e-09,9.326008763866717e-08,1.3704878114997819e-05,0.9999854163080717,2.0830341846780348e-09,7.821643005558407e-07,1.5658193902271285e-11,2
7.978845080984784e-05,0.004021904902307469,0.9555189193724559,0.00032406044886528314,0.0005846567652790122,0.03946970339256695,9.666677155363924e-07,2
0.00010825689583111617,0.005661793863542623,0.9312690855520106,0.0008873511694845947,1.8431374780543355e-05,0.06205206233335062,3.0188109998788026e-06,2
0.00018165223864056063,0.007278770774244643,0.8360709541898544,0.008286407249746861,3.221063720450301e-05,0.1481406730038235,9.331906485594235e-06,2
0.0002402661639129669,0.0015814309335694275,0.6198449951114374,0.3259173309956341,4.2103801727934055e-05,0.052369213021172895,4.659972545237019e-06,2
0.00024712528787970695,0.002558743813268982,0.959286205568653,0.002470463566982845,4.9476081261229007e-05,0.03537951236790099,8.47331405330928e-06,2
0.00024701637301041034,0.002969240801884277,0.9588634219167087,0.001410703680631174,4.94542757998369e-05,0.03645169337233328,8.469579632196236e-06,2
0.0004993677227009315,0.005313202584090473,0.924110333032862,0.002558953390509585,8.448259228132476e-05,0.06742022784711484,1.3432830440475288e-05,2
8.338933614125274e-05,0.0038847608058067565,0.8613309073959998,0.11842475818379582,1.5918014437229663e-05,0.016257540204868314,2.7260589507133504e-06,2
6.372593953041053e-05,0.002729662202204677,0.9264669383975086,0.03194250148164358,1.5740194211776467e-05,0.03878094744392745,4.843409736576918e-07,2
0.000336837647247506,0.01203811473002881,0.7228596756826344,0.0006581477571700252,4.036995079175676e-05,0.26405734945714143,9.504774986050942e-06,5
0.00037503482760892703,0.013817919543374475,0.6057817439045485,0.00044605071292134183,6.84377813534631e-05,0.37950545366409705,5.35956609630419e-06,5
0.0004727884695383154,0.017836834766594947,0.3335213284514296,0.0001115770180175974,0.00010705704553585197,0.6479470716454195,3.3426034641062445e-06,5
0.00036883496632854026,0.014984109759598081,0.25723573409186745,0.0005521027533813859,7.664996823686451e-05,0.7267796324488973,2.936011690352464e-06,5
0.00038154094115513585,0.016724364103938752,0.522553584536769,0.0009709066187608068,7.929047864337905e-05,0.45928727616654236,3.037154190478061e-06,5
0.000323075139468582,0.01601618834361494,0.49312721639679696,0.0008791808023944236,8.108870705685174e-05,0.4895708449676767,2.4056429914659216e-06,5
0.00034065088944630834,0.00326387806671864,0.6806235896438864,0.0002544319806194495,4.0455852219555584e-05,0.315463218914187,1.377465292255793e-05,5
0.00034556967407742495,0.0028417230024924004,0.7431561809732324,0.00024042925935433243,2.880454004478927e-05,0.2533752995329034,1.1993017895039036e-05,5
0.0004813521859218126,0.006297049407404201,0.7078261954059578,0.00019764721204666597,7.746167194764353e-05,0.2851160153302853,4.278786436782295e-06,2
0.0001320434296613632,0.0009111994403756721,0.9840822091132598,6.812762393630107e-05,8.182428584803086e-06,0.014793552478488882,4.685485693070607e-06,2
7.711262128120597e-05,0.005097335134088787,0.976728685846324,0.00022783469084126215,4.0629202417389186e-05,0.017827513641240265,8.888638070496126e-07,2
0.5291716888465018,0.050212236244056706,4.819252242922997e-06,1.0905975014881672e-07,4.117344539608747e-06,3.2816479976301836e-06,0.42060374760491115,6
0.9368748120318804,0.057373727192804674,7.725048760587115e-06,1.628473042270503e-07,5.025121113892827e-06,5.490420607546467e-06,0.005733057337529009,0
0.9017770223619198,0.08387512262535382,1.016688445452963e-05,1.863145372733389e-07,6.092162039453444e-06,6.281621791569728e-06,0.01432512802990354,0
0.9030296457342961,0.08166160172877032,1.0181006878117931e-05,1.8657333954730991e-07,6.100624424688028e-06,6.290347347973837e-06,0.015285993984943074,0
0.9123711792474103,0.06860583247822806,1.4393307821959372e-05,1.9656192234420305e-07,7.934318554134587e-06,5.914620545077358e-06,0.018994549465518366,0
0.9105320658755671,0.07320884519853252,1.5359006751605944e-05,2.0974997059308914e-07,8.90538801330582e-06,6.311453767870845e-06,0.016228303327397005,0
0.9542610878492052,0.045701727686715245,7.94727065975303e-06,1.0906298339166148e-07,4.311660541930382e-06,4.9990224040822396e-06,1.9817447490455966e-05,0
0.9462928004817424,0.05368205679616872,9.458152642803657e-06,1.4114027764105384e-07,5.58290576016054e-06,5.545245172617441e-06,4.415278235545546e-06,0
0.8682918100183493,0.13168428497263904,9.567876749754625e-06,1.0134348974472309e-07,5.450586425846183e-06,4.461318052339227e-06,4.323884293831551e-06,0
0.8311884984789131,0.16878179929465012,1.3467624788626084e-05,1.1772093550995542e-07,6.5584887847562945e-06,5.18228192113517e-06,4.376110006504002e-06,0
0.8787628219901338,0.1212031111186659,8.442781051084648e-06,9.613073013510581e-08,5.478584447551097e-06,4.231843237455022e-06,1.5817551734259355e-05,0
0.8801615765752884,0.11979998139369019,7.670144050381113e-06,1.314113605014612e-07,5.4873048837420745e-06,4.069104035766053e-06,2.1084066690857294e-05,0
0.8993487262728185,0.10062517287147066,8.344728669454302e-06,1.3082418538510646e-07,4.791055228030058e-06,4.244993650082691e-06,8.589253977954448e-06,0
0.7887387728753449,0.211239379893854,8.789709037064926e-06,1.5268560690275228e-07,9.882530173697293e-07,5.077787198263407e-06,6.838795941440477e-06,0
0.7165761986614603,0.28340251126973776,8.274472009719783e-06,1.3874739503374415e-07,1.1438725151003437e-07,4.84916020989857e-06,7.913301935822817e-06,0
0.8015629077739987,0.1983635003380248,8.805472727519181e-06,1.4765128234754145e-07,1.225076084094763e-07,5.628589999530014e-06,5.888766635855211e-05,0
0.1650786522308193,0.834226682786458,1.6117262804131513e-05,1.7937324149667167e-07,0.0006536405265130698,7.990456439612797e-06,1.6737363724303195e-05,1
0.35114083643955557,0.6360553101461252,2.5812353787359464e-05,2.541059893435913e-07,0.01272428237989518,4.9149938055205914e-05,4.354636592214655e-06,1
0.28160606563171947,0.7067471484287876,5.171228444866478e-05,3.203088940172742e-07,0.011507042351899043,7.841360402796997e-05,9.297390223293541e-06,0
0.4331759195456572,0.5652761128147841,1.9654648406508277e-05,2.7017946175472087e-07,0.0014817858437065157,1.326616781766259e-05,3.299080016628736e-05,1
0.37998334957020946,0.6159761266534391,2.3020659300809385e-05,2.893230753182111e-07,0.003953545874280836,1.6751108340272222e-05,4.6916811354306084e-05,1
0.4233918914275239,0.5729688130172809,2.4587455424566166e-05,2.3474983260268232e-07,0.003577442281720841,1.890246891837198e-05,1.8128599299016046e-05,1
0.46467536848254737,0.5332898486589609,2.2936469946200937e-05,2.1898697475573064e-07,0.001977400186316348,1.731590557188924e-05,1.6911309682463316e-05,1
0.4301510009801572,0.5620386736821312,3.124580769489908e-05,4.3668951451124766e-07,0.00773933155818267,2.0564734414832024e-05,1.8746547904669517e-05,1
0.49222885657443805,0.5012554334297427,2.970886191592783e-05,4.152092534598224e-07,0.00644632580147711,1.7662715773134273e-05,2.159740739968687e-05,1
0.19856083173794328,0.7882740810812431,0.0003855992723447632,1.7405025387467281e-07,0.01219858009541967,0.0005761458974536403,4.587865341438748e-06,1
0.38580343407153267,0.5916778958689638,0.001166139391468757,3.0967557007719295e-07,0.01319071303721936,0.008134356960974327,2.7150994271018944e-05,1
0.382305292123533,0.5953428176016052,0.0011929664455157184,3.0686769174774055e-07,0.01307111071509237,0.008060601434734214,2.690481182783275e-05,1
0.39498040884911795,0.5789809428774801,0.0014588960355235113,3.1704171730362173e-07,0.0163299996354472,0.00822163873499682,2.7796825716794265e-05,1
0.2043179275373355,0.7395719244132599,0.0016048529480054172,2.691608440777609e-07,0.04463128588633152,0.00986504789871495,8.692155508465235e-06,1
0.1160731703494719,0.8315979278114091,0.0012303522630971418,2.6672341479831256e-07,0.041107252118468066,0.009983249608380155,7.781125759250772e-06,1
0.1041024609471633,0.8415007251533583,0.0016203407323980084,2.849383004882275e-07,0.03814397080592585,0.014623904913990128,8.312508863920371e-06,1
0.07797208117315746,0.8559120211029669,0.0014694334211164783,1.3418438559156688e-07,0.04573513894550419,0.018905831685402417,5.359487466843479e-06,1
0.07369110995486965,0.849176864939349,0.002087170080406479,2.3468183705471603e-07,0.05936293655192901,0.015676489753210097,5.194038398735526e-06,1
0.04734603328196468,0.901522462207493,0.004847066382227514,1.5229083721357564e-07,0.0372326319208654,0.009047961683644858,3.6922329672040784e-06,1
0.0591155557495644,0.9256454319821451,0.000647747805120932,1.5371709042224845e-07,0.010413104867177798,0.004174279066972043,3.726811929490937e-06,1
0.12375832526365399,0.8671472961230838,0.0005570204660611005,2.0470867695083506e-07,0.005748881001225318,0.0027803642328242456,7.908204474523013e-06,1
0.10198726726836285,0.8769729700549844,2.493395427613295e-05,1.634133537950951e-07,0.020996541354595534,1.3978119120775295e-05,4.1458353063876355e-06,1
0.09760236407084182,0.8903416983546582,2.615017475462361e-05,1.659044553478466e-07,0.01201122125615312,1.4191203996874045e-05,4.209035139995752e-06,1
0.08414630125280864,0.9011926678379037,2.4492274251259688e-05,1.551393329154788e-07,0.014618322464388149,1.4123046568393435e-05,3.937984747053359e-06,1
0.048908354686900996,0.6206864358408773,0.0016368837952806918,1.2211495664385076e-07,0.3283037013646842,0.0004602541572880069,4.2480400123248495e-06,1
0.02738258705724133,0.3426253002629076,0.0008982107588594674,6.457024534354571e-08,0.6287179438888914,0.000373137810908805,2.755650946041958e-06,1
0.006711598816769681,0.1868180690315707,0.0001821841228189491,3.874351470112735e-08,0.805866361586125,0.00042065744359293713,1.0902556080277665e-06,4
0.007077385291879049,0.18541417497932963,0.0002070761172841309,3.872859725977429e-08,0.8068909137078704,0.00040971092711900963,7.002479206793608e-07,4
0.00619135807625674,0.1635808058133399,0.00015435031772390517,3.429880577717019e-08,0.8296610720178459,0.0004117593227268853,6.201533008321688e-07,4
0.02348978096667681,0.2846313125765126,0.00014909802604255433,6.350334277590884e-08,0.6911370204146552,0.0005917058272623292,1.018685507703183e-06,4
0.23716456255158436,0.7005962437705936,0.00031079833734881033,1.6565621036175907e-07,0.060807591159247304,0.0011160560670598423,4.582457955644257e-06,1
0.1397324448809639,0.839991029080307,0.00017929027706012435,2.4031425352238786e-07,0.018541796810264185,0.0015463361637216193,8.862473429841484e-06,1
0.32235197041509617,0.6445849890574163,0.0029762455132582074,2.431726959794868e-07,0.028810075766844568,0.0012687105812111438,7.76549347755852e-06,0
0.05394735014005057,0.7361418103325761,0.0001745298737837166,1.0835162708688069e-07,0.2094211039630838,0.0003118712403031411,3.226098575517475e-06,1
0.03715923664623962,0.7462066291269964,0.00011544010745269566,1.1352143976960854e-07,0.21633987512177352,0.00017532544974326823,3.380026354729014e-06,1
0.08426695750235504,0.915675569932873,2.220133153266477e-05,1.539812386828508e-07,1.864506038942831e-05,1.2563603389888186e-05,3.908588221117392e-06,1
0.08173785766453925,0.918205319121844,2.2262667449318035e-05,1.544066447179853e-07,1.6629009508606362e-05,1.3857743483751652e-05,3.9193865302642855e-06,1
0.08437466680381953,0.9155686730709159,2.219873972749923e-05,1.5404397385474172e-07,1.658125895506607e-05,1.3817950679386118e-05,3.908131928704184e-06,1
0.072504165889805,0.9245994054875335,1.6823026618843843e-05,3.7387824216907347e-94,0.0028641296677827627,1.0186020152124688e-05,5.289908107878455e-06,1
0.0884165032030294,0.9104186116347698,2.0671851174340753e-05,1.4619218656563084e-07,0.0011288061174153908,1.2099992339076016e-05,3.1610090855354008e-06,1
0.10360637192030006,0.8951728919676866,2.24590251710201e-05,1.465218175987841e-07,0.0011810847692397537,1.3877659323330525e-05,3.1681364615952975e-06,1
0.10711383138384993,0.8926394374975253,2.5394696289469375e-05,1.603894777238414e-07,0.00020293311491485067,1.4773112986330531e-05,3.469804956303889e-06,1
0.11383994174398693,0.8860476912690104,2.4698119594663633e-05,1.678470058247082e-07,6.968797532868386e-05,1.4425001983187135e-05,3.388043090326926e-06,1
0.15710098856450647,0.8428329175992536,2.491115734618929e-05,1.6975314881295875e-07,2.0521098414821278e-05,1.7065308161262475e-05,3.4265191688770673e-06,1
0.000309932487039015,0.03246970117714019,0.9511670189600508,1.0559750922584609e-19,7.51789809791159e-05,0.01597405157332039,4.116821470536011e-06,2
0.00010925239720198211,0.012223731521930523,0.9783806554702058,0.00474018106168161,2.9534821085536566e-05,0.004513544903290533,3.0998246038542153e-06,2
0.00029691084548393373,0.04820308859801007,0.9139833615527824,0.0009270136276525314,3.733769837434541e-05,0.03654708796781139,5.199709885326489e-06,2
0.0003476492532083829,0.01444628679289246,0.7077264539485741,0.0012950135198661389,4.351198377756609e-05,0.27612996949841084,1.1115003270547363e-05,2
0.00011062983657164845,0.0050807283905066674,0.9560696490009376,0.00013570304983886783,1.7726870703223188e-05,0.03858161463378682,3.948217655122105e-06,2
0.00011815064322814176,0.004886911885169907,0.970059573285285,0.0004463768517198404,2.2758741107440832e-05,0.024464427077927297,1.801515562503101e-06,2
0.00011574212481167635,0.004967027766440384,0.9763134484468493,0.0006435015903080536,2.3131847200465007e-05,0.017935317174837775,1.831049552536848e-06,2
0.0001559118064667446,0.0051838814947281825,0.9732740392425232,0.0010484840745087595,2.1599050554468914e-05,0.020314841595530944,1.2427356876703166e-06,2
7.551710351360233e-05,0.002132926158685019,0.9778656704642716,0.0015409978919320162,1.0752160581430683e-05,0.018373691866645916,4.4435437029405903e-07,2
0.00012428165163116581,0.005476044853733433,0.7333911215500408,0.0003036205645503713,1.5461466072718505e-05,0.26068854329101654,9.266229548638529e-07,2
7.869145557007803e-09,7.454824892301978e-08,8.288430464697635e-06,0.999991242131126,1.8265452112061017e-09,3.851390835016225e-07,5.538618155094346e-11,3
0.00035628598065014965,0.013429605418974462,0.9572513757437767,0.00029747031006556733,2.9025173582894848e-05,0.028614980396561615,2.1256976388620252e-05,2
0.0003128730125817699,0.01306040692446963,0.9606991888355174,0.00030357971901867603,3.7620536300271494e-05,0.025565658379510928,2.0672592601043328e-05,2
0.00014473680161080867,0.007697247917717484,0.9636494829573695,0.0003730384476200882,2.8767195699230063e-05,0.028096839347341005,9.887332642014667e-06,2
6.153250546469497e-05,0.003738667724665432,0.9772123120678691,0.00023315934963164594,1.3137227591391345e-05,0.018740042587127373,1.1485376503822536e-06,2
4.652470883416893e-05,0.0029712988926846166,0.9798912333709637,0.00035244195252663585,9.979750968587324e-06,0.016726242584561398,2.2787394609476074e-06,2
8.181032598591127e-05,0.00412800740628169,0.8437536772666258,0.1253995167112165,0.000887653648147463,0.025748641557037075,6.930847057318331e-07,2
0.00016845040427832555,0.008745539690161699,0.9318935330347607,0.0013348543204275524,2.5280135070013143e-05,0.05782286475329392,9.477662007590903e-06,2
0.0003745218458636805,0.014466776107091343,0.5794543970194238,0.13292089448364555,5.9192193700693226e-05,0.27271833437252924,5.8839777455971565e-06,3
0.0005842172908244621,0.005925978982129391,0.9233101364080917,0.007538062974361553,9.664702014555378e-05,0.06252840547690525,1.655184754196605e-05,2
0.0009126716666799227,0.00939576960149964,0.8464267366155145,0.00819494092076633,0.0001560531033807922,0.13489007372218767,2.375436997125566e-05,2
0.0010682975590301715,0.01052279985428018,0.8387325445524337,0.0062663990325470395,0.00015279588533187197,0.14323099516836135,2.616794801582116e-05,2
0.0011139896618578336,0.01577153475138927,0.8353340329955907,0.0042019619523709344,0.00017185153454510595,0.14337719767019497,2.9431434051041095e-05,2
0.0006930602065772309,0.009630211828023776,0.8695197481954117,0.0022657302345063563,0.00010744161434082241,0.11776540738258687,1.8400538553115637e-05,2
0.00022331237661702766,0.0023767662946258287,0.9601501598897453,0.004924765514625797,4.0349739929509614e-05,0.032278730389035185,5.9157954212516835e-06,2
8.895625901624063e-05,0.0047203215855763266,0.9588545218590125,5.201091290592631e-08,1.6424474062451015e-05,0.0363136917791449,6.032032274586795e-06,2
0.0001365119025612785,0.007552834011380096,0.9326578804139756,5.47410486146592e-05,1.6241983297410447e-05,0.059573799360141046,7.991280030043528e-06,2
0.00014022235683583574,0.00739167174760752,0.9358462676695606,4.835101814553499e-05,1.696093559196145e-05,0.05654850767321266,8.018599045878457e-06,2
0.00041621483808781647,0.014874421708335943,0.387909482844535,0.000545629306051242,7.711444092320301e-05,0.5961739827270335,3.1541350332523548e-06,5
0.00032391829692887485,0.012185046521699454,0.2057670330164477,0.0006943532043004273,7.043028295296686e-05,0.7809550199811337,4.198696536888233e-06,5
0.00035540495145903024,0.01617517859697287,0.5950694442635622,0.0007196253370059197,7.132816736929589e-05,0.3876062865189859,2.7321646448765257e-06,5
0.0003589779916947435,0.0038851944531844507,0.4852791737371138,0.0010913398467580768,0.00010074175067177968,0.5092800841961472,4.488024429950952e-06,5
0.00039922286329936615,0.0038363462955983752,0.8328828060550485,0.0002245870140268847,5.754767933171337e-05,0.16259378485903267,5.7052336622985e-06,5
0.0003092435279594805,0.0016560275591129036,0.8731630833697405,0.0013845565222299083,4.7307339084325146e-05,0.12343542066776568,4.361014107188227e-06,5
0.00014166292830503533,0.0011130317244063602,0.9788725607689955,8.58368290259964e-05,1.3421470735402265e-05,0.019768444703037402,5.041575494289054e-06,2
0.00013976081380354924,0.0012337023056683254,0.9783130391416281,0.00011128624056838096,1.60958063608105e-05,0.020180779829088037,5.335862882797034e-06,2
0.0001892140353337885,0.005953124476000857,0.9815108259198269,0.00033713404679752327,2.516861798664549e-05,0.011979149192272944,5.383711781399903e-06,2
0.10411479325812355,0.001584581651346039,1.007897990297817e-06,2.2808746555815166e-08,9.113714263940054e-07,7.149084406718243e-07,0.8942979681039266,6
0.8087773619384554,0.06313097340692769,6.165484818174415e-06,1.3980497110650182e-07,5.038970410536378e-06,4.206783005319181e-06,0.12807611361141188,0
0.8848507539338467,0.07446952404909725,9.278032444286471e-06,1.8289034465703615e-07,5.559547500583309e-06,5.5032377436284615e-06,0.04065919830902315,0
0.9071293933927946,0.08225364764777389,1.1292427152431845e-05,1.659740471784147e-07,8.28807904241288e-06,4.994220130143337e-06,0.010592218259059422,0
0.9037747700468723,0.0876560779494339,9.100100927925007e-06,1.7126447967164647e-07,9.073970891040943e-06,5.15341118985438e-06,0.008545653256205248,0
0.9339760612831715,0.06414531052454678,1.2272522181823688e-05,1.675994553795868e-07,7.1157968544818105e-06,6.584796958105433e-06,0.0018524874768317578,0
0.9091582134470327,0.08684994210390341,8.210770359151347e-06,1.4148008405825073e-07,7.013161380536492e-06,5.558595790358035e-06,0.003970920441449555,0
0.9471820891944637,0.052793559040147514,7.888315391613511e-06,1.2629366322303664e-07,5.22631123317429e-06,4.96193813718283e-06,6.148906963501619e-06,0
0.9436535124686727,0.05632370030798093,8.457782444337077e-06,1.3541486461198483e-07,5.098225678945416e-06,5.063834596103489e-06,4.031965762484921e-06,0
0.8500410169424945,0.1499319397150379,1.0823981179313554e-05,1.1464821865216553e-07,6.166158535758108e-06,5.04701553923027e-06,4.891538994705639e-06,0
0.8410000889583465,0.15897306604309525,1.1896897736690012e-05,1.1163763743141984e-07,5.898195838075969e-06,4.914484476978729e-06,4.023782869078498e-06,0
0.8986482243587761,0.10131785465082717,6.947542858069832e-06,1.1842078613075611e-07,4.364132684012898e-06,3.638419538303352e-06,1.885247453017359e-05,0
0.9226793775139513,0.07728625038707028,6.946412661772472e-06,1.174833273691558e-07,4.629602175050361e-06,3.829193123401137e-06,1.8849407690954986e-05,0
0.8684431993574974,0.1315265727942785,8.057251647247881e-06,1.504505715897628e-07,7.160866277919979e-06,4.981456550230357e-06,9.877823177028616e-06,0
0.8671336546817044,0.1328433909756616,8.045101939582506e-06,1.5022370385086963e-07,7.150068249545466e-06,4.9739449019062355e-06,2.6350038389385772e-06,0
0.720387021373801,0.27958835348840116,1.1066428563662477e-05,1.9223439073621267e-07,1.5552114016471983e-06,6.973136697933919e-06,4.838126743944426e-06,0
0.8441282786647835,0.15583026742108275,1.2778622948526507e-05,1.1917839203020795e-07,1.1029101010152371e-05,7.139026221385896e-06,1.038798556176173e-05,0
0.5992095563655438,0.400748320694757,7.722457538510754e-06,1.5423685541568275e-07,1.2651232145685843e-05,6.7571743573296605e-06,1.4837838802346477e-05,1
0.39659849961875177,0.588934444358361,3.9352990732003407e-05,2.869114080612213e-07,0.014367004034871208,5.549525995026133e-05,4.916825925648869e-06,1
0.41234673136329625,0.577170537378295,2.720601830912946e-05,4.10438749134717e-07,0.01039814340290337,5.215278563045848e-05,4.8186128165658585e-06,1
0.24270793256897108,0.7436405108684276,4.9378498893130516e-05,3.3702954460057154e-07,0.013530998393629359,6.0535752915084394e-05,1.0306887618948144e-05,1
0.24317670557084056,0.7464983447639495,4.607640144037826e-05,3.376804930457622e-07,0.010204365726376334,6.384306226536525e-05,1.0326794634750754e-05,1
0.2908235211022221,0.7063498031217936,2.421430353630497e-05,3.3285802731724155e-07,0.0027711492328386304,1.517411039636022e-05,1.5805271185637716e-05,1
0.42349392083640747,0.5736316397823723,2.2502153980777248e-05,2.1484032361109792e-07,0.0028213906440779503,1.6639055186462053e-05,1.3692687651521903e-05,1
0.4095741477622398,0.5864085067886425,2.3330621879732824e-05,2.448779937477963e-07,0.003964416998206432,1.5355277334306217e-05,1.3997673703456325e-05,1
0.46393179390599676,0.5248090427584204,3.590982281120595e-05,5.018735070871755e-07,0.011178912032699807,2.134935345463016e-05,2.2490253110130155e-05,1
0.45892348675578915,0.5202771861935537,6.545091643015089e-05,5.031040557787977e-07,0.020611937242132918,0.00010089535663102197,2.0540431407308663e-05,0
0.5171137606685029,0.46326799734325264,7.25709698025333e-05,5.437535342490226e-07,0.019400490746806155,0.0001254132522215064,1.9223265879939642e-05,0
0.6810565951233105,0.3039614407639343,5.422095562934192e-05,3.981892366824882e-07,0.014806570461014964,0.00010974741391287372,1.1027092961192598e-05,0
0.7008110283465825,0.27938246012968876,3.624775214856968e-05,2.69089037909166e-07,0.019683288287977645,8.258019986501168e-05,4.126194699527886e-06,0
0.25496247772317215,0.7288995610471733,0.00038130355402619416,1.8905461369060676e-07,0.01528323527470574,0.00047025662626296564,2.9767200458445067e-06,1
0.44923898743598395,0.528319796573652,0.0009349428428526653,2.723208741012874e-07,0.0174943781310857,0.004004058875036028,7.563820515509731e-06,1
0.38357065524051853,0.5748189272577592,0.0013863702462325444,2.5500587634919063e-07,0.036107580555150544,0.004109733378417627,6.47831604519805e-06,1
0.13246349080955463,0.7594827938304843,0.002352742300177102,2.622605402424448e-07,0.09591227600081956,0.009783518876340219,4.915922083928673e-06,1
0.11194247738634677,0.8619205295179321,0.003193310833522951,1.8174611197967028e-07,0.01782464262474841,0.005111836765329077,7.021126008889122e-06,1
0.11974450068756015,0.8407044539764931,0.0003437405121829441,1.7543894498340766e-07,0.03867841105118618,0.0005244964545780839,4.221879054599713e-06,1
0.11187574149558531,0.8702232981967094,2.9557709889517492e-05,1.8055911522805961e-07,0.0178491779760299,1.7460833979952973e-05,4.583228690927326e-06,1
0.08553182982592804,0.9015091160724946,2.392679106001659e-05,1.4965647478199384e-07,0.012917066626567756,1.411221705100645e-05,3.7988104235973947e-06,1
0.06463191969951179,0.8989741325346142,2.5245089810195593e-05,1.997336181062496e-08,0.03634980009416873,1.44919914311367e-05,4.3906171023090395e-06,1
0.006709100350002226,0.18123471063325433,0.00014315586736678452,3.8607875987261674e-08,0.8114632001086137,0.00044870799419813735,1.0864386887420856e-06,1
0.026587198023627513,0.26672319222087093,0.0002657096445002435,6.594148478051995e-08,0.7056721323212146,0.0007506440514686022,1.057796833457862e-06,4
0.24484680953404694,0.649783859784985,0.0006895018324789864,2.240499653107714e-07,0.10290708737704421,0.0017669960676124188,5.521353867086707e-06,1
0.20331277967154066,0.7814645956577637,0.00028995261507222357,1.7372510555896145e-07,0.013302438512327628,0.0016219105315739388,8.149286616581481e-06,1
0.1342799709196923,0.3077540076112159,0.000132767791963955,8.973355444711911e-08,0.5572365661848995,0.0005900465545460484,6.551204127904933e-06,1
0.40667553210926827,0.5580943614135836,0.00021350454708296345,1.6272668926476342e-07,0.033985638708863154,0.001011715286938182,1.908520757454584e-05,1
0.22081009000552795,0.6827442996965546,0.00039178699055419637,2.0486140728769394e-07,0.09512122773041003,0.0009200277409285829,1.2362974617138477e-05,1
0.2759247009911837,0.633359959485764,0.00044419113150194034,2.5134509504430097e-07,0.08923270171800514,0.0010304303917399997,7.764936710182553e-06,1
0.48542190839710614,0.46808577690181685,0.002201652717053537,3.024301282601187e-07,0.042118604091493796,0.002162967993584574,8.787468816752432e-06,0
0.28264462081782193,0.6874289924340704,0.003107401192616594,2.9483156872671596e-07,0.024862140489931635,0.0019083175995627056,4.8232634427940414e-05,0
0.0431792893908852,0.6894434338947191,0.00014781175788954073,9.978792856648478e-08,0.26703619118641064,0.00019077182084474665,2.4021613221278555e-06,1
0.040247347712269184,0.7103485586478716,0.00015108576481400878,1.0199924895460968e-07,0.24908777448456493,0.00016209602175577923,3.035369475603415e-06,1
0.07248932719920825,0.9274437084592329,2.2009081050151625e-05,1.577724737264572e-07,2.840475908671209e-05,1.2390004098769408e-05,4.0027248493500775e-06,1
0.06563109500651762,0.9343004908752975,2.2818299402873226e-05,1.5834329154603106e-07,2.850752696671319e-05,1.2912741891522585e-05,4.017206631988672e-06,1
0.07932822686303122,0.9206042396878469,2.2039405112517297e-05,1.5798985228587848e-07,2.8443895099890677e-05,1.2883919262561671e-05,4.008239794644147e-06,1
0.08017073606279636,0.9197739837814689,2.135438614535424e-05,1.481847411807816e-07,1.793378107405397e-05,1.2084321959249257e-05,3.7594818145984284e-06,1
0.036624888469682974,0.14236599196413116,4.792890106182222e-05,4.8601342181982834e-08,0.8208335955987475,0.00012601973445024205,1.5267305841330705e-06,1
0.1214092858098527,0.8670169201844589,0.00017054857490639085,2.5e-323,0.011051282048620346,0.0003450931228820495,6.870259279755988e-06,1
0.12240230711031914,0.8674130466591073,0.00017806475602802298,4.348589476456774e-137,0.009802777999546456,0.00019813083204064648,5.672642958175509e-06,1
0.10862842225243426,0.8827285465262182,1.5783697774271643e-05,4.425370453876137e-137,0.0086089942399963,9.571066542658359e-06,8.682217034565068e-06,1
0.07057112994103823,0.9230300254587797,1.4757408333341011e-05,3.8438732162931976e-94,0.006369797565558643,8.616599575019382e-06,5.673026715069146e-06,1
0.0710689992529003,0.9260324847989175,1.567925706255197e-05,3.744577333202133e-94,0.002868568914604316,9.337834518592602e-06,4.929941996575493e-06,1
0.05473455738723949,0.9431917565956799,1.3009638868750192e-05,2.8912876509715353e-94,0.00204899275204466,7.877086964869895e-06,3.806539202253671e-06,1
0.07227858805171795,0.9262877148260302,1.9733538726252758e-05,1.3955640212083943e-07,0.0013987701757148141,1.2036323144003189e-05,3.0175282647582698e-06,1
0.08977413107660148,0.9084525862530638,2.3816151173073504e-05,1.6193804613786074e-07,0.0017318185493544749,1.42189754932724e-05,3.2670562676175322e-06,1
0.12081840361644912,0.8790656818429871,2.3981084702937104e-05,1.630595125483918e-07,7.341658089655073e-05,1.506413390299235e-05,3.2896815490311966e-06,1
0.13688490963595568,0.8630498382407029,2.4308374420267623e-05,1.6519831994778282e-07,2.2174245434359673e-05,1.5269726610245315e-05,3.334578556719843e-06,1
0.14893852659364407,0.8510058444929864,2.3674383844906547e-05,1.5951087347317502e-07,1.1864108321691081e-05,1.6711134617125505e-05,3.2197757120982156e-06,1
0.00035154119579963733,0.036283346982929385,0.9472362836958775,0.004078720665487672,9.637128570049739e-05,0.011950707793947983,3.028380257459636e-06,2
0.0006521620048056475,0.05797479571332506,0.8133270829928326,0.10026208893964356,8.159807725912653e-05,0.02769829206214374,3.980209990245381e-06,3
9.328937805301415e-05,0.010641217317661105,0.9811591114734635,0.000995998970738997,2.4438875832600193e-05,0.0070833790041421605,2.5649801086328796e-06,2
0.0002549974727173312,0.032707993709786116,0.9319916254410561,0.00038668914412378795,3.6334419741573125e-05,0.034613767909307876,8.591903267279896e-06,2
0.0004201427256146434,0.014533371550468025,0.6308570622605104,0.02782854342322024,7.452050617929412e-05,0.32627263926977457,1.3720264232775399e-05,2
0.00029997623813562757,0.01519571708478991,0.8933144903464768,0.0001908337219734979,3.1830157395252985e-05,0.09094835503135228,1.8797419876574454e-05,2
7.530176042448644e-05,0.0023713560241873824,0.98644925483733,0.0005396601594970431,1.1430139710147672e-05,0.010552396866544212,6.00212306845857e-07,2
0.00014630009837134374,0.006446212214532483,0.6884724432971981,0.0010128424748228875,1.7271399283789623e-05,0.3039035984114071,1.3321043841464e-06,2
0.0002670962608051144,0.011677162258231134,0.6738815474376574,0.00038752541614157346,4.4526852884394084e-05,0.31372449380861117,1.7647965669276377e-05,2
0.00021792995398116252,0.010743108710966108,0.4099476055345074,0.00040628769810663757,2.722655759956948e-05,0.5786471376210583,1.0703923780880478e-05,2
0.00027514737125505735,0.010916528628842206,0.5983003786047403,0.0002919056428427189,3.0136520207697466e-05,0.39017222169218474,1.3681539927374254e-05,2
0.00030477202404091827,0.010816802749277859,0.5851114734804348,0.0007911450881006624,3.611657625516303e-05,0.40292613352707973,1.3556554810819242e-05,2
0.00029346355932356147,0.011212134587427293,0.8182930570764544,0.000332083716168908,3.171370592354101e-05,0.16981980028971008,1.7747064992262038e-05,2
0.0001598937539842004,0.011341514897277484,0.95927506712834,0.00046546767346967863,2.6961854132559827e-05,0.028719361438665048,1.1733254131087755e-05,2
0.00010441921900425956,0.005053654046735817,0.9581926528540997,0.0019503099942389736,3.1689256248674e-05,0.0346655338440124,1.7407856601436553e-06,2
0.00011216719210031,0.005654023548613886,0.9299910005046669,0.00017904731120926267,2.481173585997571e-05,0.0640373031038577,1.646603691824557e-06,2
0.0,0.0,0.0,1.0,0.0,0.0,0.0,3
0.00021873707802548073,0.0016682328332531056,0.9559112377472013,0.010734179290745126,2.8812230082972776e-05,0.031434541909987304,4.258910704651633e-06,2
0.0002528144610638752,0.002001661635423449,0.9116588032012327,0.00026683655306904754,2.4612207430990124e-05,0.08578447811143013,1.0793830349643314e-05,2
0.0003150076312588414,0.002167641145554228,0.6481452673443482,0.18893529336409998,6.461264919960271e-05,0.160367088473802,5.089391737268969e-06,2
0.00029822077413665796,0.008198259436437682,0.8146511257890897,0.0016779212711929541,2.9790945403224074e-05,0.1751408612633996,3.820520340355272e-06,2
3.727483867391029e-05,0.00099777462986026,0.07883485256579481,0.9130175744976807,5.14776443107214e-06,0.007105811210641763,1.5644929175526547e-06,2
0.0004263561197130353,0.01123265217435306,0.4725467613811179,0.3513250992478881,6.912528163505581e-05,0.16439642918471367,3.576610579268344e-06,2
0.0008418617967735118,0.006760804076517121,0.8715963869087603,0.006137392501045473,0.0001418933347604451,0.11451710260641614,4.5587757271249535e-06,2
0.0008932397761102373,0.009802381354158977,0.8493248567512802,0.011114375525613276,0.00015111751998392073,0.12869000121140017,2.4027861453037697e-05,2
0.001081818173414974,0.011171119918912278,0.8470432094211072,0.009219395965332411,0.00016220979034058371,0.1312944665498225,2.7780181070126207e-05,2
0.0006008866728147466,0.006534085572467641,0.9065245521007644,0.005106754838720722,9.32541668346976e-05,0.08112574792973677,1.4718718661016768e-05,2
0.00018544791217813564,0.009877477919473281,0.8843044288711474,0.00010556040271306877,2.9655126000790232e-05,0.10548752278465894,9.906983828596921e-06,2
0.00013130460397623646,0.0067546336510515516,0.9370674216404669,0.0002344644738097655,2.2238310598524134e-05,0.05578130566917079,8.631650926210847e-06,2
0.00017910187298400494,0.006178371511488176,0.935500331897322,0.0029920862266686033,3.00179616447242e-05,0.05511787907527291,2.211454619559783e-06,2
0.0003751840158171724,0.011201653596477854,0.7828301143012819,0.00035495477384727385,6.241967292937778e-05,0.20516886393383688,6.809705809369877e-06,5
0.000289830125401553,0.011407051531482785,0.19735998572029945,0.0005581966166688859,6.319685413342936e-05,0.7903193184503906,2.420701623200544e-06,5
0.0001705241497033844,0.00786586963215306,0.9269822137538216,0.0026761911015122856,4.696561933578505e-05,0.06225690711202903,1.3286314448607375e-06,5
0.0005625911100578624,0.005137680818144641,0.6580957620640192,0.0003483286874658761,5.1440350401579384e-05,0.3357769426157643,2.7254354146372188e-05,5
0.0006709766856599363,0.005910328697156426,0.6453231847596781,0.0002609170156793449,7.52738436136231e-05,0.34772681397655814,3.2505021654277744e-05,5
0.0005240933134532936,0.0047759902440107785,0.4952613988042256,0.0005614892662765577,3.9380073830389555e-05,0.49882234609721615,1.530220098733583e-05,5
0.0002908154461649701,0.002181436021961234,0.9644290015751623,0.000860243939483514,4.9975907529872725e-05,0.03217783697636239,1.0690133335787028e-05,2
0.6678530003067662,0.056327741848656354,5.3017035993941876e-06,1.199776315427553e-07,4.799421237055832e-06,3.610171064718576e-06,0.27580542657104457,6
0.8016012794652317,0.06160717051450641,6.266262007252035e-06,1.4180560270143323e-07,5.415908621944343e-06,4.266982745906737e-06,0.1367754590612842,0
0.7946504358770539,0.06240718173464679,6.548024493130001e-06,1.4818189196005954e-07,5.659434965854139e-06,4.45884763510123e-06,0.1429255678993135,0
0.782294213659276,0.07004485676787564,6.7641610109800885e-06,1.9574186715227474e-07,6.123325719429594e-06,4.606024818461797e-06,0.14764324031943246,0
0.8090449242906274,0.07414036916678683,5.949961836557349e-06,1.5018178970670343e-07,6.007667109852439e-06,4.519025293923882e-06,0.11679807970655562,0
0.8650289626805028,0.08513472214486316,6.049443827285769e-06,1.5269279462095082e-07,6.108113919452075e-06,4.594582355421229e-06,0.049819410341737376,0
0.906451536143848,0.06599094602527399,9.804876065429198e-06,1.9327558657440957e-07,5.87524074208798e-06,5.815733492945226e-06,0.027535828704990963,0
0.9049943160304741,0.06749246786649143,9.789113653384024e-06,1.9296487490263227e-07,5.865795649174678e-06,5.806384064451791e-06,0.027491561844792314,0
0.9085436172095672,0.08180366329124591,1.0203520292034571e-05,1.7216817178058882e-07,8.597388812067336e-06,5.180603617819217e-06,0.009628565818293121,0
0.9118578607126006,0.0833632655007159,1.0182242370700287e-05,1.8433654661949934e-07,8.761299644999532e-06,5.279372799096259e-06,0.004754466535322277,0
0.911857173014366,0.0833632026304233,9.322521977271502e-06,1.8433640759792245e-07,8.761293037467197e-06,6.893254154855753e-06,0.004754462949633779,0
0.8907098871871673,0.10749842052367026,9.7969901964977e-06,1.6530862318175762e-07,8.582714744292811e-06,6.494792698523377e-06,0.0017666524828999113,0
0.9388393517567901,0.059794656658031756,6.324016134609607e-06,7.89698981443131e-08,5.8205117015433805e-06,4.2812851810936026e-06,0.0013494868022624709,0
0.8557768190391738,0.1441985137146781,1.0176201250226435e-05,1.0752282401226193e-07,5.653169323830262e-06,4.733343177866788e-06,3.997009572250947e-06,0
0.9021278966699211,0.09782793517456541,7.571926987109729e-06,1.022426049403322e-07,5.4170393232238085e-06,4.016998697728911e-06,2.705994790040483e-05,0
0.9087273543328278,0.09124685133922236,8.235859597380069e-06,1.1472159629317846e-07,4.7769404772689805e-06,4.189611559429799e-06,8.477194719058142e-06,0
0.8822904586191551,0.11768182429592991,8.020646906237699e-06,1.477309598891472e-07,4.95803029593185e-06,4.891409517660383e-06,9.69926723533295e-06,0
0.8811345328144085,0.11884214221848455,8.174999437174871e-06,1.5264923970558337e-07,7.2655143905894875e-06,5.0542550086981765e-06,2.6775490307080378e-06,0
0.6556499451964346,0.3443235969630124,1.2085423505396539e-05,2.0993530216040394e-07,1.2636390873295503e-06,7.615221990613313e-06,5.283620667407304e-06,0
0.8823836106210933,0.11757368045600142,1.137712646995227e-05,1.0653806620000414e-07,1.0362458719745137e-05,5.8042730218370015e-06,1.5058526627479328e-05,0
0.797249506020068,0.2026970949027364,1.535167045959575e-05,1.4317563071717622e-07,1.383738604231534e-05,8.576509252569094e-06,1.5490335810396687e-05,0
0.26942124754307045,0.7301386467076686,1.824461440978398e-05,2.030490950176067e-07,0.00039386300977561445,8.848512218435888e-06,1.894656376192735e-05,1
0.31340873669018793,0.6863570589711894,2.0742776282754504e-05,2.585217707007048e-07,0.00018562914015869689,1.2380563839141262e-05,1.5193336571396545e-05,0
0.38037206553444225,0.612993573411827,2.7631991276434364e-05,2.893143946851331e-07,0.006538976880503333,5.826374192148801e-05,9.199125634768927e-06,1
0.37591639482758193,0.6119793201496047,2.663396097113783e-05,4.0105421695553644e-07,0.012018761811780876,5.354129305123003e-05,4.9469027932707485e-06,1
0.40884613784630675,0.570807288844242,2.7348712405707725e-05,4.259784966264201e-07,0.020250267357137836,6.327692390299924e-05,5.25433750785903e-06,1
0.5336533495775925,0.4489971166344629,2.326887084034205e-05,5.115062577157743e-07,0.01726310079376879,5.953619643542154e-05,3.1164206423680113e-06,1
0.5337160254639521,0.44352609814321037,2.3775002256819103e-05,4.000525150399365e-07,0.02264971436478333,7.993490501569074e-05,4.052068266590155e-06,1
0.2738594941467197,0.7108557036658162,5.392781783705188e-05,3.551881616691286e-07,0.015143596468076713,8.060759283995899e-05,6.3151205489360835e-06,0
0.18938577268776097,0.7870620542946921,4.71462622501082e-05,2.991906554035138e-07,0.023428835537157893,6.532545212559002e-05,1.056657535816826e-05,1
0.1910877944140052,0.7926231699149336,2.536140048835356e-05,3.486264109929497e-07,0.01623677115734792,1.5892948985280037e-05,1.0661537828560645e-05,1
0.1943776862813231,0.7982221546961988,2.5798038869503407e-05,3.546285902413689e-07,0.0073469946888722725,1.6166572341364675e-05,1.0845093804507968e-05,1
0.40234346721108555,0.5963607966716432,2.1514170607560798e-05,2.560855059434767e-07,0.0012136977170904208,1.4259966303411885e-05,4.600817776387112e-05,1
0.4483842975637895,0.5514409003375679,1.4651018260522229e-05,1.4558533443090293e-50,0.00011890545950977333,1.0039568168437601e-05,3.120605270377129e-05,1
0.4885501628762544,0.47984046913766837,7.51670488691707e-05,4.876856798257469e-07,0.031349189364263806,0.0001680913097046726,1.643257755970987e-05,0
0.6314015406549195,0.35115555096589884,5.619528213202301e-05,3.6246878488278554e-07,0.017286101915817864,9.290552741389384e-05,7.343185032967988e-06,0
0.32222886324748234,0.60739185215066,0.0010255130654796708,2.517361127403879e-07,0.06465612817995825,0.004693026077265564,4.3655430414798015e-06,1
0.1137131957630748,0.8530030361266353,0.003705586199894617,1.7789457773263564e-07,0.025055169807833812,0.004518972593101568,3.861614882313751e-06,1
0.125798734585186,0.8449162294823941,0.001988878109881496,2.230340137031427e-07,0.025546441215449935,0.0017452317930974589,4.261779977252357e-06,1
0.10735456190806467,0.8366426995588359,0.001790182031786616,2.023210977290666e-07,0.05331783994528676,0.000890678222102244,3.836012825924121e-06,1
0.11864247218292029,0.8605677158315017,2.9229751648274635e-05,1.7855571746511043e-07,0.02073864347995735,1.7227822881995924e-05,4.532375372916264e-06,1
0.10641630089604852,0.881037701076031,2.8119058403667224e-05,1.7830216637089934e-07,0.012496361296599676,1.68134314011888e-05,4.525939349743819e-06,1
0.1145453670337873,0.8600803215249377,3.0068907734125253e-05,1.7740880451148283e-07,0.02532581497640327,1.3746885665517488e-05,4.5032626673714755e-06,1
0.04357070369962893,0.5403940273848497,0.001317961242576552,1.0364266754325833e-07,0.4140537556363535,0.0006604954590413303,2.952934882557143e-06,1
0.005135444778428374,0.139114411218279,0.00012383631466242255,2.996119877724392e-08,0.8551891445688655,0.0004365914331062703,5.417254594608678e-07,4
0.01622567417794376,0.19645679923195922,0.00010075019044193346,3.8917402917551285e-08,0.7868106282586118,0.0004054055619431281,7.036616970261798e-07,4
0.03335863736866329,0.2797541843791679,0.0002301445684506749,6.201643522942956e-08,0.6861383096947848,0.0005171531656655152,1.5088068327400839e-06,4
0.0964068350061086,0.7950796358183454,0.0005343301187898555,1.7740029251006584e-07,0.10679914284868969,0.0011751292272037502,4.749580570243092e-06,1
0.18685826000295402,0.6640508245136378,0.000601618912381536,2.2684689276057963e-07,0.1459841747356079,0.0024993047088451006,5.590279680886945e-06,1
0.13612980830569466,0.7529739395206556,0.0004957102879389869,1.9086275508220364e-07,0.10845794246839482,0.0019371288216214401,5.2797329393968025e-06,1
0.11735643720923078,0.776843263702639,0.00030824062487156057,1.6556688851449354e-07,0.10397391048422157,0.001510834497053387,7.147915095229026e-06,1
0.05809221457692756,0.6344961195918747,0.0006886229599984752,1.6800068660219143e-07,0.30554710307235383,0.0011694819177601123,6.289880398645127e-06,1
0.059057097709236325,0.39899175663145303,0.0004986892617649663,1.083081028304964e-07,0.5406334738282054,0.0008142574313532016,4.616829884105085e-06,1
0.5408415229755711,0.42016357818681394,0.0019031767815410954,3.090065820046111e-07,0.032447739147681905,0.0046332360428952835,1.0437858914812556e-05,0
0.16721015287223376,0.5484404123698168,0.001331813160295142,2.0072082941470974e-07,0.28141115967440095,0.0015734283541880235,3.2832848235892746e-05,0
0.054127183455540136,0.9378847867900564,1.9663345532271525e-05,1.3645008330440105e-07,0.007953080335649022,1.1687852360629836e-05,3.4617707781229105e-06,1
0.05863869168183931,0.9382587665122316,1.6408471393499975e-05,1.2646802915292033e-07,0.003072844061851766,9.954280943342798e-06,3.208523711280542e-06,1
0.08831133547796852,0.9115824493528777,2.182342208369701e-05,1.5644157425181332e-07,6.750868718964346e-05,1.2757658690137072e-05,3.968959615952139e-06,1
0.09340974873360021,0.9065238218211968,2.1679115656968855e-05,1.5540711116506985e-07,2.797890816277067e-05,1.2673299228457302e-05,3.9427150435926884e-06,1
0.0924095836493005,0.9075228558066954,2.2132719416419765e-05,1.585756484572118e-07,2.856432585825147e-05,1.2679712496493698e-05,4.025210584209559e-06,1
0.0738734055622745,0.926065445492514,1.9021017116516554e-05,1.4713346717477971e-07,2.6489352610001226e-05,1.1758631272442038e-05,3.7328107452546393e-06,1
0.10689400704359775,0.8930551300942121,2.0070340140470385e-05,1.4193827565348116e-07,1.4822134633656045e-05,1.2227441628534806e-05,3.6010075117229872e-06,1
0.30242680304199476,0.6782058944281356,0.0003066717799373087,2.577205141785168e-07,0.017718076650262066,0.001337744870746249,4.551508409872402e-06,1
0.12247081782176232,0.8678985529076796,1.5518528897394904e-05,4.351023458020029e-137,0.00959875875153583,9.952644181137868e-06,6.399345943687219e-06,1
0.08205135791166003,0.9081567828154031,1.4619671111504771e-05,3.74121673771278e-137,0.009762932358790112,9.331744681073563e-06,4.975498354273989e-06,1
0.05614117871907217,0.9416364377677683,1.3943573872434689e-05,1.0602351426481457e-07,0.002196085693880808,8.168419131879449e-06,4.079802760123943e-06,1
0.0911642614915771,0.9061480125420174,1.6876718736998864e-05,1.3753396673970887e-07,0.0026580502901944886,9.886712938580257e-06,2.774710568415426e-06,1
0.07947490504286715,0.9181164687719434,2.0713285096945383e-05,1.5699565678525702e-07,0.0023716739112110085,1.2914648325060828e-05,3.16734489961891e-06,1
0.07423949309402979,0.9225437978024507,2.004309286835674e-05,1.5191595703665633e-07,0.0031801458321672467,1.3303399195318626e-05,3.064863331531118e-06,1
0.1008698948793695,0.8689356612989403,2.1636193256756404e-05,1.6399080854529207e-07,0.030153725648561395,1.560951886974173e-05,3.3084701938014926e-06,1
0.11196598595886723,0.8878342088523664,2.5478208669198513e-05,1.7323921489243136e-07,0.0001542984729882362,1.636021360451398e-05,3.4950542896486946e-06,1
0.12798488274927736,0.8718317185597214,2.338612999910105e-05,1.5901411488612517e-07,0.0001416286441019712,1.5016836039606126e-05,3.208066745699174e-06,1
0.16600622302700982,0.8339279831012651,2.73045483115448e-05,1.961626155457268e-07,1.726920487029517e-05,1.7598262178425945e-05,3.4256937491831634e-06,1
0.00032964812655527417,0.03453518624366236,0.9454209814794569,0.0014433313290690183,8.526624174470987e-05,0.018182773148358818,2.813431152869355e-06,2
0.00040209062459053415,0.07648029262911314,0.8535989336834745,0.00022124700972934005,4.4851721915240845e-05,0.06923821797783679,1.436635334053532e-05,2
0.0005542916735910407,0.09656560525438125,0.813069406502011,0.00027110908585115904,7.391355046692375e-05,0.08945439799580832,1.1275937890395076e-05,2
0.00025976904272611407,0.011033440680961789,0.9150682792262741,0.0004234097921536543,1.603806935719359e-05,0.07319043106667843,8.632121848643607e-06,2
0.0002188911432818464,0.012184993661240394,0.8982679159874457,0.0002002879618921123,2.5523656694402337e-05,0.08908731449741793,1.5073092027555394e-05,2
0.00010754058450634979,0.006056903131862269,0.9680188872964366,5.613781541813892e-05,1.2539698584885941e-05,0.02574058610674939,7.405366442232577e-06,2
6.341761669172742e-05,0.0019126938634584844,0.9901787146550222,0.0007064301829011751,9.253570192293647e-06,0.0071289264893601425,5.636223741580214e-07,2
0.00015049314248778182,0.005406797741887886,0.7617700825648958,0.00041930596075305716,1.8175698877966588e-05,0.2322330122410196,2.132650077761129e-06,2
0.00012865712853768954,0.00571303320546506,0.91447525634295,0.0007798388666039118,2.7444537634312653e-05,0.07887481067303906,9.592457699523905e-07,2
9.257514718247322e-19,8.697469457104034e-18,5.374032022020119e-16,0.9999999999999996,3.3669743607743443e-19,3.540351613214884e-17,8.1886281262987e-21,3
0.000271377491554771,0.002892498511717463,0.9727018491225277,0.0002972316302780706,5.890588968933797e-05,0.02376148223581065,1.6655118422137814e-05,2
0.0005320777676608792,0.005590373281469208,0.9397527207448364,0.0008342805563850788,0.00010332723000053374,0.05316225610907878,2.4964310569273972e-05,2
0.0004956210982984147,0.017590314188268927,0.9175926845140739,0.00014694680918633034,5.873287499629258e-05,0.06409365480869858,2.204570647724153e-05,2
0.00038442858308026064,0.01589628195180814,0.9239771107799545,0.00030914574092546224,4.0154659176543775e-05,0.059377814637696806,1.506364735863431e-05,2
0.00024030686828004416,0.012268711806254672,0.5103948600365967,0.00022505145814455418,4.5648715314326544e-05,0.47681600480746333,9.416307946260608e-06,2
0.00021875106462021583,0.009604886900543229,0.3672405188125242,0.0001918401060272768,3.260933710900343e-05,0.6227034142394611,7.979539715035655e-06,2
0.00028781933257568626,0.014180063728930669,0.6156828520488375,0.000166888387155056,3.13240718679072e-05,0.36963665862241507,1.4393808218205031e-05,2
0.0002307507059267053,0.01320823155419754,0.7100891092958449,0.00031546827618422974,3.074414243054442e-05,0.27610876317715866,1.6932848257684054e-05,2
0.0002538215671499769,0.01389537883807099,0.9339363476850641,0.00028227923448905575,3.3817995836951256e-05,0.05157972885519578,1.8625824193332247e-05,2
0.00019859879552863553,0.013308769820312765,0.9579911684911996,0.0004234177338164713,3.332163069111134e-05,0.0280303034964028,1.442003204858139e-05,2
0.0001235992070302309,0.007269124186509295,0.9821218183534433,0.0004383690390553325,1.512346849170252e-05,0.010023522374740513,8.44337072946532e-06,2
7.497633929995044e-05,0.004460839632429641,0.9883174501824176,0.0001046424068558134,1.0475136781910297e-05,0.007027569489681434,4.046812533649973e-06,2
5.412035870764918e-05,0.002191219252985121,0.9790080189632008,7.841661584441129e-08,6.155018191032936e-06,0.018738453063241685,1.95492705813022e-06,3
0.0003495732833934716,0.009505243827916704,0.774311678897791,0.00031580917789334064,3.771270497511138e-05,0.21547641981137616,3.5622966540928735e-06,2
0.0008198257616988152,0.006056706094589247,0.8487820382514029,0.00624506137973258,0.000138179225730162,0.1379537498387124,4.439448134157069e-06,2
0.0011695715419307486,0.009881610869595775,0.7862098593415573,0.011577741333049897,0.00019712785039242787,0.19095775570284731,6.333360626321926e-06,2
0.0010919179686550316,0.008358218780017395,0.7696213353870333,0.015372388788482858,0.0001678570366347709,0.20537553178381404,1.275025536248702e-05,2
0.0006589851094958713,0.0061641289853810585,0.8797281286957631,0.031345415931103654,0.00011072399142580852,0.08198547300281588,7.144284014613334e-06,2
5.718566460088812e-05,0.0028554482357420153,0.9300400312800099,0.00012780605438039014,9.130968232354241e-06,0.06690861619216003,1.781604874301826e-06,2
0.00020129346581093487,0.006993870296021178,0.7825276790989086,9.609648076109572e-05,3.312503062424312e-05,0.21014585072483932,2.0849030346356435e-06,2
0.00040737588158035773,0.01725340448533762,0.6331722486595371,0.000914276558598108,7.679469715445856e-05,0.3481729581623841,2.9415554081616494e-06,5
0.0004782637386931133,0.00713692670779988,0.5333588327152072,0.00015085662248917798,5.7167559429830914e-05,0.4587906513390092,2.730131737152579e-05,5
0.00045189837582123823,0.003865359825322011,0.7015544247831046,0.0007569255799847211,6.391979078350097e-05,0.2933019793370521,5.492307932006275e-06,2
0.0002237134244651812,0.0015582913038577754,0.9676906174989839,0.0001385006985380615,3.590197770001318e-05,0.03034530167918802,7.673417267247775e-06,2
0.00022620601558261054,0.0014596277357457484,0.9616394284751381,0.00017879034667297783,3.1758865873025674e-05,0.036455873416452386,8.315144535216589e-06,2
0.00038788228232353427,0.0021862252576561117,0.9617421557171032,0.0007102727148639074,7.186109027520059e-05,0.03488934580426375,1.2257133514366951e-05,2
0.00025155952788942406,0.003775860741836872,0.9593535892505208,0.0005145298418714668,9.65747529765728e-05,0.03600516706463069,2.718820274381332e-06,2
0.7697413387217433,0.06402869352605718,6.342770244329761e-06,1.5080662951465797e-07,5.741857431615104e-06,4.319080683585146e-06,0.16621341323721042,0
0.7903715731569567,0.06044318881051797,6.834002458394499e-06,1.5465357758008766e-07,5.906604734046022e-06,4.653583035900127e-06,0.1491676891887193,0
0.898373662670669,0.06445688563291328,6.512156975968774e-06,1.6437204411849804e-07,6.277777139894289e-06,4.946015268802657e-06,0.037151551374988996,0
0.9137995047511933,0.06606021681694707,6.965872330033086e-06,1.758241820922459e-07,6.715162769306309e-06,5.290614312894104e-06,0.020121130958265284,0
0.9136613048186499,0.07395562288597234,9.19964836743358e-06,1.7313796883018571e-07,7.789985116114707e-06,5.209785167763854e-06,0.012360699738757443,0
0.9219096307461945,0.06764140209887962,9.282700695197923e-06,1.7470101893399621e-07,8.329107967913663e-06,5.2568179203271606e-06,0.010425923827323562,0
0.9174537821709745,0.0721477534716156,9.237834791548113e-06,1.7385663976672745e-07,8.288851046156982e-06,5.231410240594473e-06,0.010375532404691683,0
0.9221611967236295,0.07251794038591441,1.0141507742405581e-05,1.7474869045311404e-07,7.86245620696551e-06,5.25825237387252e-06,0.0052974259254421445,0
0.9245752726396582,0.07205508593495662,7.4718776163407416e-06,1.2874819620970533e-07,6.138244833648715e-06,5.058374019433041e-06,0.0033508441807195057,0
0.9280688007062896,0.06719610055080982,6.830650851762152e-06,8.963879168771666e-08,6.511138868539042e-06,4.816868428083314e-06,0.004716850445960463,0
0.964619050880343,0.03531131379475438,4.195634165904978e-06,8.270682593850521e-08,3.6542713914977216e-06,4.463873794755779e-06,5.7238838724487326e-05,0
0.9583649626123024,0.041612667897914735,5.4800826102930764e-06,7.825744383759788e-08,3.6613553651346685e-06,3.44502984653513e-06,9.704764517018664e-06,0
0.9484674005415883,0.051509295131431015,7.803176460115691e-06,1.1891171557381171e-07,4.920829905471291e-06,4.671909590756954e-06,5.789499308785304e-06,0
0.8876454553154894,0.11233427817984677,7.999454557031944e-06,8.58984744102831e-08,4.619902667659643e-06,3.781401405460764e-06,3.779847559039988e-06,0
0.8773213767459527,0.12264612257789435,1.283239739230295e-05,1.1216839268741801e-07,6.279684029838846e-06,4.937849253649862e-06,8.338577084691611e-06,0
0.8882382668512623,0.111729287859462,7.3427701431411445e-06,1.1070643857476808e-07,4.933942109022578e-06,3.811143142531076e-06,1.6246727442645993e-05,0
0.63564357513722,0.3643278359475581,1.1884196034414516e-05,1.3235090875236585e-07,2.4614688269418874e-06,6.8845689250111765e-06,7.22633052681466e-06,0
0.5781685094973489,0.4217589417454591,1.4239742247422993e-05,1.1985781172656458e-07,1.2209017429197706e-05,6.5299426568800466e-06,3.9450197046707005e-05,0
0.7039784267154161,0.29597382129483,1.6612496854663294e-05,1.3982960405584035e-07,1.2564771219095576e-05,8.376075502240606e-06,1.0058816573949962e-05,0
0.18766908073902813,0.8117555927142341,1.717984877074817e-05,1.896393531307635e-07,0.0005375323549636386,8.5172547541143e-06,1.1907448896083799e-05,1
0.3850794918155299,0.6146915291946494,2.155667257374629e-05,2.669150376243587e-07,0.0001831423474538578,1.2869613292871527e-05,1.11434414626885e-05,1
0.37169438035201563,0.6280560812577278,2.2149851814183497e-05,2.7673645374417183e-07,0.00019870802300271247,1.3252861926912143e-05,1.5150917058987585e-05,0
0.44826703083066677,0.551534740550926,1.4520959871568232e-05,2.0777032451090502e-07,0.0001675921552876123,9.950085671757096e-06,5.957647251926894e-06,1
0.39667520880993407,0.5961402812167138,2.7804153321672314e-05,2.919737626153789e-07,0.007097797726334768,4.977995688312638e-05,8.836163050151278e-06,1
0.522223900228415,0.47220340908262487,2.4396184129445677e-05,2.3004350703041288e-07,0.0054969814535790725,4.322472411782219e-05,7.858283626546743e-06,1
0.174620057578007,0.8089165602867759,4.515994966972754e-05,3.232457726458992e-07,0.016353905956372608,5.384336618915419e-05,1.0149617212945669e-05,1
0.17706923294960428,0.8008246180867447,2.390213704791e-05,2.845097294567903e-07,0.022057205280630952,1.4708950040416356e-05,1.004808620236717e-05,1
0.23388414690052575,0.7643417974532933,2.4639509862832437e-05,2.932867580405469e-07,0.0017030171285555987,1.5162716156563852e-05,3.0943004847828687e-05,1
0.2995165254659472,0.6993011112196615,2.1893136653384912e-05,2.605963798856105e-07,0.0011117084567682297,1.3472646927643846e-05,3.5028477661936335e-05,1
0.40258761940311205,0.597339232444007,1.555274155005412e-05,1.405463281069728e-07,1.409836712949856e-05,1.0096870486191407e-05,3.325962738712148e-05,1
0.4469139632075443,0.5530152440753616,1.4071671721546946e-05,1.6350497341040074e-07,1.421679637959853e-05,1.0438146686315085e-05,3.190259733322892e-05,1
0.3338369532995643,0.6660807259045928,1.6146846773146014e-05,1.5416274322026835e-07,1.931228503886636e-05,1.1939669187902481e-05,3.476783209963556e-05,1
0.3730115220352654,0.6246887948769685,1.8956152264206058e-05,5.85549669169992e-08,0.0022606032175211312,1.2653672701972677e-05,7.411490311821444e-06,1
0.5621781291924121,0.41958330271927347,6.572404142924973e-05,4.93106655249723e-07,0.01801152523258667,0.00014717005744905754,1.3655650194174575e-05,0
0.4453203791487587,0.46801109905394195,0.0008051165308890745,2.6257553184525926e-07,0.08280382934246802,0.0030555857480400123,3.7276003702110386e-06,1
0.3200226401144861,0.5901034933990479,0.001717200400935233,2.445708796007233e-07,0.0841302917912545,0.0040218884379888626,4.2412854078295126e-06,1
0.1314809703302259,0.8168351899647763,0.00022662865998196902,1.7335493260014396e-07,0.05131821321497384,0.00013465274711015862,4.171727999306604e-06,1
0.12039280355025114,0.8617702330071875,2.945488202447019e-05,1.799309708825359e-07,0.017787082743652777,1.5678601746409203e-05,4.567284166704266e-06,1
0.11990693846065717,0.866272829622,3.056554364215348e-05,1.807456398068066e-07,0.013767853820114133,1.7043844602730015e-05,4.587963344172589e-06,1
0.05406924128585606,0.6970926802200188,0.0002545026531625343,4.654077455789577e-08,0.248307964605156,0.0002719980361899587,3.5666588420430467e-06,1
0.005373997016271302,0.14174578934346604,0.00012958877258252948,3.135295963246549e-08,0.8522931545992611,0.0004568720257100575,5.668897492598184e-07,4
0.12612905146480569,0.8298561570070812,0.00018146586128957009,2.0012171802926984e-07,0.04296593047770337,0.0008597025880733948,7.4924793287069365e-06,1
0.2016354632408612,0.7164541516747046,0.00029178667721257377,1.9706830826455164e-07,0.08051924825601206,0.0010907526878152292,8.400395086134158e-06,1
0.1699449706790786,0.7559995970865317,0.000297166345843888,2.1325883676310925e-07,0.07278467153191243,0.0009666797591392828,6.701338657292747e-06,1
0.14125181916365917,0.7473009669754435,0.00022269049092599476,2.0712008844608637e-07,0.11010355847083428,0.001110628325778488,1.0129453270076345e-05,1
0.1419715601316252,0.8261083917691583,0.00022998901895760913,1.9361353249682829e-07,0.029937690649803592,0.0017317468615053139,2.042795541731776e-05,1
0.22066790353887364,0.6810405178801618,0.0011101904327671223,2.4844379490248927e-07,0.09535559520145354,0.0018023001263095036,2.3244376639616366e-05,0
0.04492971330000986,0.9491884007560154,2.3480391587028895e-05,1.4010079004703243e-07,0.005841502044694465,1.3207153541333447e-05,3.5562533619756984e-06,1
0.05966065963880646,0.9377823119492696,1.763318774617835e-05,1.2640380777635624e-07,0.0025261353294007294,9.926596569465363e-06,3.20689439981853e-06,1
0.08297416165785262,0.9167705311041658,2.165109447882959e-05,1.5520624087059062e-07,0.0002171312493652561,1.243206897983426e-05,3.937618916871608e-06,1
0.08968386169534372,0.907084323080328,2.0196086696695024e-05,1.53075568679698e-07,0.0031962936099276485,1.2084193952800026e-05,3.0882581826902847e-06,1
0.1154129130607322,0.8832000180191357,2.1974034374150343e-05,1.6655146407946168e-07,0.0013461163579854278,1.5451845582186727e-05,3.360130726404167e-06,1
0.15762588505290634,0.842314117793052,2.3665048924490145e-05,1.8429860597327879e-07,1.6224755033001946e-05,1.670454533848828e-05,3.2185061394568325e-06,1
9.631990554441578e-05,0.010644822364980851,0.9821775296847786,0.0008355037225942063,2.2397824706317058e-05,0.006218727220868102,4.69927652757839e-06,2
0.0006351994211073974,0.09611076195090877,0.7464715779146393,0.00033057880819259834,8.563219713571461e-05,0.15635840177505775,7.84793295850958e-06,2
0.00038976719917109163,0.012941892423547352,0.7046892419202458,0.001119278022365925,2.7649600696221333e-05,0.28082026527888965,1.190555508401935e-05,2
0.00013633500334526806,0.006068148172344893,0.982818251319405,6.0233955726122785e-05,6.830163730248487e-06,0.010905447244352127,4.754141096246841e-06,2
6.533697913151202e-05,0.002988098122630906,0.9804780808035525,6.2453117379165e-05,1.6565327720799457e-05,0.016386783713733123,2.6819358520187374e-06,2
5.371871730340237e-05,0.0019011226007977348,0.9921812294322617,0.00047518559185951613,9.818217667638167e-06,0.005378484402542165,4.4103756790352883e-07,2
0.00011323717458709562,0.004132842211629944,0.8601690417539885,0.00022979981933172105,1.1908597385790888e-05,0.13533945373741896,3.7167056580735922e-06,2
0.0002887178995360243,0.011150709169047724,0.9346167607256722,0.03835125351553023,7.370583910624654e-05,0.015499247179293855,1.960567181376081e-05,2
0.00046485705312377176,0.005414686206930693,0.9174114036524921,0.012175991382890968,8.000297980428183e-05,0.06443616624974795,1.6892475010174607e-05,2
4.378763482594841e-12,4.1017494552242836e-11,5.282927854285349e-09,0.9999999944109539,1.2587639760431594e-12,2.594302143187753e-10,3.278196392617027e-14,3
0.00044785889832241036,0.01755160611583828,0.8483452032271382,0.00015862715683999918,5.356044574333717e-05,0.13342114696195193,2.199719416563799e-05,2
0.0003402059752844006,0.015459113892763056,0.8524053069837041,0.0002545548576003838,4.388138979619525e-05,0.13148228752303745,1.4649377814480625e-05,2
0.0004023128698438012,0.020015907395163998,0.7360767858246474,0.00035339539329882255,8.398255346283033e-05,0.24305029224307811,1.7323720505035036e-05,2
0.00031894819443471106,0.022747488079170555,0.9205787818817183,0.00048188078452878006,4.249516238004664e-05,0.05580700097964728,2.3404918120340352e-05,2
5.751051133854163e-05,0.0030093937156239156,0.9606389435612206,1.177307342367095e-06,1.5640700845365066e-05,0.03627612788242542,1.2063212037813046e-06,2
0.00011939547280966553,0.005599198385173513,0.925224823318402,0.00023146867714412324,3.160377212939419e-05,0.06879250075626182,1.0096180795714172e-06,2
0.00021461482281962454,0.011612607958811309,0.8942521744089279,0.04135256376827937,4.948293056244321e-05,0.0525169070380759,1.6490725236982844e-06,3
5.061810324213001e-64,3.750680990840432e-63,5.4881179390745826e-61,1.0,1.8239605645840652e-64,1.8759072744619348e-61,9.94997423578201e-66,2
0.00036882476096245295,0.0028613625881077523,0.9384902006090999,0.00028889206540826546,8.245133021228247e-05,0.05790116307763789,7.105568571339277e-06,2
0.000588841642118483,0.018683332580962567,0.6917219409967238,0.0015738372579156674,8.957391428761174e-05,0.28733536738926835,7.106218723519893e-06,2
0.0007023203160288846,0.01968493955601467,0.7068516810401148,0.0018452980420050463,8.711102668104038e-05,0.27082462003185176,4.02998730375797e-06,2
0.0004554922984597655,0.012322368232560504,0.840700059326868,0.0017163161806216928,4.635771765758212e-05,0.14474058984122914,1.881640260356852e-05,2
0.000550687277887329,0.014525323052130027,0.8067378464934645,0.0011581543975403006,5.604618438609727e-05,0.17694919368409542,2.274891049624737e-05,2
0.00043255003957443707,0.01383589245751111,0.7897542522661986,0.002452584572107056,5.132845799246843e-05,0.19345404959728127,1.934260933508005e-05,2
0.0008240257470399008,0.005450225877797117,0.7844800158873758,0.025933505337685903,0.00011955051095453556,0.18318853954526762,4.137093879173341e-06,2
0.0008481289193565644,0.007211835261751896,0.8491938317989608,0.005555674106508141,0.000132716633818047,0.1370532205667083,4.59271289640859e-06,2
0.000385312012720522,0.004601642574062813,0.7972754440282559,0.0022041917627846712,9.640647467950444e-05,0.19542994506283107,7.058084665614665e-06,2
0.0003662725382780553,0.004628746014156805,0.7944578915857934,0.001101995821149334,6.326644769474167e-05,0.19936997591904132,1.185167388632608e-05,2
0.0001281897858393789,0.005398761475979816,0.9610289900458232,1.4623285161081873e-05,1.6391166640288333e-05,0.033411614001219773,1.430239336549901e-06,2
0.00012218143839611633,0.0042568764552870664,0.949620104768031,0.0007257617538223539,1.8094718731024064e-05,0.04525610753440765,8.733313245784805e-07,2
0.00013337752049330924,0.004645945057071981,0.9460886819652299,0.009934978684228643,2.5041044741770764e-05,0.039171254026203625,7.217020310024149e-07,2
0.0001061242974037497,0.003557455904305872,0.9708430579797246,0.004837301963853358,2.102677967152148e-05,0.02063448045913198,5.526159090992674e-07,2
0.00029605621613503234,0.009496659713088721,0.18034212821522314,0.00034871056622203276,5.74742431419077e-05,0.8094558242968852,3.146749303895471e-06,5
0.00019519162703927155,0.0059509799882510855,0.12081772392887077,0.00029593322874263477,3.5890512200262716e-05,0.8727014909765477,2.7897383482949766e-06,5
0.00027279715005526387,0.011883693405640827,0.39098385052094836,0.0007551763747634818,4.3584342383644116e-05,0.5960559555117273,4.942694481181858e-06,5
0.00032589943280717957,0.013158341578131241,0.4023501390935468,0.000967870542235791,5.7043962312933484e-05,0.5831359482104634,4.757180502440716e-06,5
0.00039860642811143484,0.004240953755899989,0.48740977809651204,0.0028584250859790515,0.00011269519550199718,0.5049735030955125,6.038342482881555e-06,5
0.00020325575847896296,0.0019010879359902283,0.2469736819452686,0.0004355259619071532,3.8827328077239345e-05,0.750440903741398,6.717328879815242e-06,5
0.0006157831917493625,0.007016373352514299,0.6495511346062562,0.00018312454609323428,7.888335247152805e-05,0.34253470261438307,1.9998336532246003e-05,5
0.0004488095228622692,0.006721608150874473,0.8109684957233452,3.160487122835407e-08,6.299306017316582e-05,0.18177244199173992,2.5619946133713276e-05,5
0.0004777186009603944,0.005869801967993567,0.4867671144493022,0.00022817101101181076,4.440466849634186e-05,0.5065872686565798,2.5520645655953445e-05,5
0.00073882726690509,0.007357624332623929,0.5831813672166144,0.02043670928264513,9.427231402202191e-05,0.3881690817783194,2.2117808869971537e-05,2
0.00041550194014007357,0.0016176329422333325,0.794389376392229,0.026586903479026727,8.091234220853508e-05,0.17689636659425817,1.3306309904419244e-05,2
0.00037327272344658455,0.0023903493694918364,0.9380208437767541,0.00043557416991840507,5.916663559807366e-05,0.05870707213069053,1.3721194100511301e-05,2
0.000421902175298012,0.0024446740093520838,0.9408077350945406,0.00038440187711894224,7.660630924583298e-05,0.055850514370790735,1.4166163653753199e-05,2
0.0003262312923553038,0.0024898215310261984,0.9600222308377651,0.00028256598525848865,5.923499979630446e-05,0.03680896152102162,1.0953832777032414e-05,2
0.0002810664558148247,0.003486249038345326,0.9463640869222307,6.746662497949458e-05,8.29500722696204e-05,0.04971258296959047,5.597916769666689e-06,2
0.861804550018352,0.054585207560956125,7.216573322866538e-06,1.6331116195011252e-07,6.237259411587577e-06,4.91409293412966e-06,0.08359171118386134,0
0.9093404910494828,0.07412818357131247,7.614629475987696e-06,1.8104653992523973e-07,6.505241984535569e-06,5.185147469561516e-06,0.016511839313734577,0
0.9087394403114601,0.07206305794655941,7.609596401235872e-06,2.2020714844534987e-07,6.888664726124697e-06,5.181720220094443e-06,0.019177601553484486,0
0.9022540854793905,0.08601643162514766,1.0152659935890898e-05,1.8416979195855084e-07,8.76462062172836e-06,5.27459696903283e-06,0.011705106848143104,0
0.9033247341385026,0.08362470364302388,1.0214175219226988e-05,1.84914650224465e-07,8.29410755735996e-06,5.295929605128951e-06,0.01302657309144162,0
0.9246029260777694,0.07326919248567519,8.987753412009989e-06,1.5486830743095253e-07,6.967979455900048e-06,6.084604257028387e-06,0.0021056862311231196,0
0.9277565436976957,0.07036991302751307,7.311728503460251e-06,1.2598866099423892e-07,5.66859944456754e-06,4.949954937453128e-06,0.001855487003244588,0
0.9688786813810198,0.03076813411738097,6.887593256133061e-06,7.565627745300975e-08,3.3427539643379626e-06,4.083339802960973e-06,0.0003387951582983064,0
0.9678735543161049,0.03207120181597717,3.220869786212639e-06,6.61241844146199e-08,2.869997176677381e-06,3.3243718681555283e-06,4.576250490268888e-05,0
0.9484670437804872,0.051509275756476396,7.803173524991274e-06,1.1891167084578568e-07,4.9208280545266045e-06,4.8664893242898646e-06,5.9710604616040335e-06,0
0.9296961560668463,0.07028295436243408,7.845647766683089e-06,1.2300706847663358e-07,4.631085346474346e-06,4.59984545051282e-06,3.6899850871186757e-06,0
0.663988894116507,0.3359707189966878,1.4142544197131076e-05,1.568370363990003e-07,1.2316562819771005e-05,8.95918082154981e-06,4.811761930421148e-06,0
0.647048978835573,0.3529232376512363,1.178453340445233e-05,1.3124099440848016e-07,2.527184085828978e-06,6.174825258525767e-06,7.165729447600481e-06,0
0.6906752486649482,0.30927624640113277,1.7359138886283104e-05,1.4611418972446241e-07,1.173623991017324e-05,8.75253486802452e-06,1.0510906064661092e-05,0
0.5000839263025907,0.49985033037561427,1.968184209124011e-05,2.3443902664114932e-07,2.2367769544281486e-05,1.065895180859783e-05,1.28003193243157e-05,0
0.41554304215308113,0.584418362971672,1.56519011231768e-05,1.864366377593409e-07,1.945930248009577e-06,8.476486042895997e-06,1.2334121194891006e-05,1
0.3433573495197846,0.6565787527693115,1.6746357345737858e-05,1.848542683186864e-07,2.1410696078087223e-05,8.165140953457997e-06,1.7390662258167154e-05,1
0.26731900679879766,0.7321172224998493,1.8294054817536186e-05,2.0193849014802506e-07,0.0005174043112134602,8.872490475375384e-06,1.8997906356341983e-05,1
0.17363691189507313,0.8258164965367824,1.7407228588363374e-05,1.94364997263045e-07,0.0005017621204210376,9.167813646088358e-06,1.8060040491813536e-05,1
0.3980333568968981,0.5980005983769804,2.7501071967012817e-05,2.822381647132704e-07,0.003888032540782443,4.221799180434914e-05,8.010883403004009e-06,1
0.4420467159859043,0.5550329451289105,2.7400137846585734e-05,2.1928253277249928e-07,0.00284547242872061,3.975634721884256e-05,7.490688866284834e-06,1
0.4131097333964877,0.5707136409423424,2.839122590158105e-05,4.4681247524695896e-07,0.01608255744441999,5.965008386583081e-05,5.580094507285226e-06,1
0.4032269287868315,0.5817089816439872,2.7584352287954493e-05,4.34114143805911e-07,0.014972761575039035,5.795483904305372e-05,5.354688667517204e-06,1
0.4113798432363488,0.5675480371940104,2.8434567307270424e-05,4.42891572154815e-07,0.020968381926741286,6.939722798366866e-05,5.462956036319723e-06,1
0.41985773226665957,0.563176112028121,2.6947232040077065e-05,4.2028354967820643e-07,0.01687143676693765,6.243096870214372e-05,4.920453989784292e-06,1
0.5094757173211707,0.48112469425192256,2.3825051920188858e-05,4.3434890866794406e-07,0.009290067625085746,8.086583077863941e-05,4.3955702133713335e-06,1
0.5647067400529184,0.4310082005900365,3.1103160148818737e-05,2.89277659217095e-07,0.004128401140939158,0.00010787785686313575,1.738792143467534e-05,0
0.38198137842220187,0.6100691575887003,4.031585938422881e-05,3.112646459385614e-07,0.007851397449927487,4.89838318911009e-05,8.455583249102496e-06,0
0.25221594973326733,0.7341086015344543,4.505578993671424e-05,3.745510670302188e-07,0.013562049034829562,6.143179836109968e-05,6.537558083925675e-06,1
0.1795572626440528,0.8011122787324029,4.771690561218573e-05,3.4318608275571524e-07,0.019207619696969047,6.785515109910403e-05,6.9236837809975985e-06,1
0.17250901504160995,0.8110449069660189,2.4207181048736638e-05,3.24096267122791e-07,0.01639693484605507,1.4435547049948753e-05,1.0176321950061078e-05,1
0.23294889533439653,0.7645359582677349,2.464576887852195e-05,2.9336125978308645e-07,0.002444401382263532,1.4855020366914204e-05,3.095086509967222e-05,1
0.2389662388761801,0.759271782506277,2.4476071616084784e-05,2.913413348647086e-07,0.0016917207133581432,1.4752736834915714e-05,3.073775439887142e-05,1
0.3744449542821941,0.6249481662549462,1.803091713854542e-05,1.816758340813422e-07,0.0005489498713369569,1.0867976675731043e-05,2.884902187435585e-05,1
0.31967586879819765,0.6802651910344857,1.367199759701118e-05,1.374403140453466e-07,1.8809945426397254e-05,1.0210178243352187e-05,1.611060573595171e-05,1
0.13773800133435615,0.8463133955583724,0.00021678315110441583,1.8827242656049837e-07,0.01525518590242443,0.00047342561916313924,3.0201621529449743e-06,0
0.17062653913373,0.7924937728373116,0.002292609381927575,1.9859390044691456e-07,0.03176187641869278,0.002821681580497845,3.322053939689911e-06,0
0.17139266063550032,0.7911078000488954,0.0022549969479838485,1.9824658447876577e-07,0.03291494306320252,0.002326084813751605,3.316244081594021e-06,1
0.2191013568288794,0.738534078712494,0.002753879216403067,2.1609066527877752e-07,0.037382882745546624,0.002224225930432946,3.3604755785356814e-06,1
0.10604352517026783,0.8062975253725613,0.00359693478560583,1.6887577517190884e-07,0.07921080162125328,0.004847576574175553,3.467600361267321e-06,1
0.06713324345218571,0.8655156818552504,0.00396526758628707,1.7834147275525445e-07,0.05582147899437434,0.0075604878067484,3.6619636814430166e-06,1
0.13617739962657863,0.8377590422093283,0.0016595039316865024,2.327652633908745e-07,0.02256015244765352,0.001839221292784522,4.447726705216542e-06,1
0.13609085788133485,0.8213546082316389,0.0016584493046567545,2.3261733934340996e-07,0.0394367326442868,0.0014546744206014605,4.444900141979969e-06,1
0.11361364343263428,0.8703176767670299,2.4593520820412012e-05,1.6211296551578647e-07,0.016025683167855895,1.4125998497005177e-05,4.115000196942698e-06,1
0.11818131261250608,0.8535185844082889,2.63389329892739e-05,1.7629285024906958e-07,0.028253965238055005,1.5147579507977025e-05,4.474935802860676e-06,1
0.11226974981391401,0.8622903907640811,2.9520493923583472e-05,1.7786467558746425e-07,0.025390892392122243,1.4753836996460656e-05,4.514834286960788e-06,1
0.12050333455911819,0.8358572544877362,2.2355928220362425e-05,1.7883396840182554e-07,0.043598684213378015,1.365253921333138e-05,4.539438365414979e-06,1
0.05205047647149911,0.6573376629439309,0.000266571379468007,1.3484116268085722e-07,0.29005770154510935,0.000284030073405654,3.4227454246013213e-06,1
0.04767339710939688,0.5637737010191559,0.0013448659499031084,1.1340184178179878e-07,0.38672507076659424,0.0004783717174520701,4.480035656137285e-06,1
0.006184293726439703,0.14593719911967928,0.00012748053327430188,3.1972984694061443e-08,0.8473772039807536,0.00037321256650791137,5.781003608200426e-07,4
0.037309359743343165,0.3018970017823411,0.0002598202533504597,6.490888528815524e-08,0.6601639001496417,0.00036827398476926794,1.5791776690485471e-06,4
0.0952442274486387,0.832902062196393,0.0005566341717653379,2.9634393905942033e-07,0.004603930296692187,0.06668174029862715,1.1109243944520717e-05,1
0.10648352810506224,0.8339234553605186,0.00017318211859966118,1.737012615510567e-07,0.058458688729535226,0.0009499157589479404,1.1056226074758468e-05,1
0.12376273997434152,0.8463524248985925,0.0002414864541571735,1.9763139583455605e-07,0.02858220250378249,0.0010267281811169014,3.4220356613624875e-05,1
0.37374975180007053,0.5686682213390577,0.0016236713061968083,3.519946267509826e-07,0.050294879136208094,0.005641533981519997,2.159044232026994e-05,0
0.45797552490955323,0.46792700903675105,0.0015934212956928429,3.623735413272565e-07,0.0668649121334531,0.005626413038642236,1.2357212366026766e-05,0
0.03091201191097716,0.9603498894258399,5.7845173257006255e-05,9.403771062463257e-08,0.008572478605712528,9.735138103200685e-05,1.032946547095518e-05,1
0.057021050373883775,0.9344712433396574,2.0703812119897994e-05,1.3246639215971818e-07,0.008471269813028183,1.2237729565706247e-05,3.362465353040795e-06,1
0.07204585494321299,0.9169115301055089,2.1677600100522354e-05,1.5539624687277652e-07,0.01100352879890249,1.3310716614171655e-05,3.942439413936221e-06,1
0.25586997046322796,0.730432690066433,0.00012970493309220156,2.89855455836059e-07,0.013434735132756758,0.00012757730744668416,5.032241587676243e-06,1
0.2267498899002702,0.7575019653800341,2.969203484635401e-05,3.0434618277003883e-07,0.015691446244418424,2.1421044547765952e-05,5.281049700470695e-06,1
0.15639723730894853,0.8328766027127207,1.915061044346024e-05,2.1105411335075406e-07,0.010685864807167917,1.4415998105330365e-05,6.517508500570593e-06,1
0.14536273507247088,0.850711773823939,2.3302744771202773e-05,1.7652983941331934e-07,0.003880808900048969,1.763962019139363e-05,3.563308738944306e-06,1
0.1441412208528277,0.8557350205005395,2.335265622394547e-05,1.7738690595004772e-07,8.168101270709717e-05,1.496698190699399e-05,3.5806088888245228e-06,1
0.16807410513019852,0.8318687849996168,2.351375077660975e-05,1.831203266538627e-07,1.3617321977136285e-05,1.6597747893067325e-05,3.1979292110340237e-06,1
0.1800854148162944,0.8198483943226366,2.781266088672392e-05,1.9981302171987574e-07,1.4858635858198322e-05,1.983030853780309e-05,3.489442764651642e-06,1
0.0004145988427226329,0.04343494501077402,0.9352619830890713,0.00227166151398076,9.769778795091947e-05,0.018515575299777275,3.5384557232235727e-06,2
0.0005850185893870832,0.05873864103133556,0.884995413848113,0.011854669309155316,7.819719356233169e-05,0.04374467115266892,3.388875777838309e-06,2
0.00022063364471945713,0.02763209466447645,0.9430400223259061,0.00023733737713727666,2.3187216703750722e-05,0.028838864779199818,7.859991857209241e-06,2
0.00036955675730195844,0.012929087627962691,0.7165632482196596,0.0007438889500900838,2.190980992999634e-05,0.2693610204139327,1.1288221122985549e-05,2
9.993364719431182e-05,0.004537382664287639,0.9583672626757718,0.0002019944424652383,2.5117666603197344e-05,0.03676616737034215,2.1415333356453337e-06,2
7.177056832619035e-05,0.002504076589577302,0.983953977496508,0.00021723335937223387,9.331205848790795e-06,0.013242531979071584,1.0788012955709899e-06,2
2.759271722639249e-05,0.0007940242539487178,0.031983973685385574,0.9655161826102651,7.998659087297184e-06,0.0016697199101858265,5.081639011281784e-07,3
9.413605373018317e-11,9.497584031631481e-10,6.577175846357871e-08,0.9999999055885609,2.2958390888795983e-11,2.757136487539402e-08,1.4629422651050485e-12,3
0.0001748706033604403,0.008786529817893048,0.9736733362009576,0.0003389451377340663,3.732488132270057e-05,0.016977028922200724,1.1964436531497847e-05,2
0.00027568487703559763,0.013126991287272802,0.9596809631998433,0.0005442504078352186,2.680890994134061e-05,0.026326580666418853,1.872065165292089e-05,2
0.00019923168813857422,0.009486601740602613,0.9807558501625743,0.00023328400369908804,1.7914204306988772e-05,0.009291344663098895,1.5773537579723805e-05,2
0.0005896525290829097,0.006195293139999782,0.9095063879452681,1.7003310592613734e-05,7.238693310668694e-05,0.08359161050779129,2.7665634158511958e-05,2
0.00030483147290230063,0.021622174756257863,0.9161340716169067,0.000329037210922189,4.0614316574172416e-05,0.06154319051434662,2.6080112090100623e-05,2
0.00028286848376524084,0.019157693861381917,0.9323143426068013,0.00038247362130961225,3.0546537116674754e-05,0.047807873839473936,2.4201050151139475e-05,2
0.0002458174211747116,0.016648354874938463,0.9411738308813259,0.00033237594378209424,3.275156094605827e-05,0.041545838202387705,2.1031115445191186e-05,2
8.631445952421782e-05,0.004460923100171782,0.973723538771047,0.0001760212346391649,1.4928897165004114e-05,0.021535205109401285,3.068428051501451e-06,2
9.142167958317208e-05,0.004524848448601185,0.9652862734171404,1.9918800082642148e-05,2.5127862046446215e-05,0.030051597793229332,8.119993166795485e-07,2
8.289680282476909e-10,3.89864467114851e-08,4.880816775218657e-06,0.9999942689089786,2.358643632355683e-10,8.102159370772951e-07,7.0298315491715045e-12,3
0.0003177892449777565,0.002659425522675437,0.9534685708042147,0.00036873253314288924,7.676842053991914e-05,0.04310209132810686,6.622146342495647e-06,2
0.000556009342898833,0.017562332010128703,0.7067117701779301,0.0011289881255685788,5.754865493412231e-05,0.27396751758078264,1.5834107757029087e-05,2
0.00038967910449615867,0.01599783530687475,0.7781510580223049,0.005221542548807496,5.315034953762642e-05,0.2001650022745274,2.1732393451613298e-05,2
0.00035010242406232977,0.016587518890288245,0.7310205841235682,0.0005378311808671611,6.227488201212192e-05,0.2514229755413926,1.871295780949788e-05,2
0.0003709987005852093,0.017577564539038866,0.7473108188421226,0.0005699322698788332,6.599183186883961e-05,0.2340848639537161,1.9829862789506326e-05,2
0.00044305245702759024,0.016860254639401745,0.7500924481275512,0.0011602219899905478,5.065966040762734e-05,0.23137427254588008,1.909057974148258e-05,2
0.00044865825368809126,0.015942638960419316,0.7505397592239071,0.0013464009084042162,5.130064038783204e-05,0.23165190988664094,1.9332126552620495e-05,2
0.0005120140686068625,0.01786042153637329,0.7117689998791574,0.004836262470687027,5.8009447210777883e-05,0.2649424323255343,2.1860272430289408e-05,2
1.976070775878621e-05,0.00020996457937235528,0.024597229716937563,0.9572581748726535,1.0449666833701609e-05,0.017904284309019212,1.3614742486324067e-07,2
9.44632695842338e-05,0.0037548576447735517,0.9738002444230557,0.0026001020356128,1.310004601031911e-05,0.019736668595844956,5.639851184930485e-07,2
0.00012304876161896674,0.00414236157738597,0.9680259124440878,0.0032199952970167105,1.888155157337759e-05,0.02446915689304412,6.434752729146414e-07,2
0.0003696988971577409,0.015948040938153944,0.4731698465548552,0.0009724081237970474,5.7347175805829155e-05,0.5094785804897447,4.077820485561223e-06,5
0.0003465771644340041,0.020228865105678367,0.8067122348493964,0.0006961678939339247,4.6888645782313105e-05,0.17195692288182635,1.2343458948899565e-05,5
0.0003005439346235748,0.008449706923520187,0.32016404367530543,0.00032009764618185134,5.7825582949046155e-05,0.6707046192759377,3.1629614821754433e-06,5
0.00015175461711023418,0.0017349402668109621,0.11107888816577767,0.00029565282407794405,2.535475988162521e-05,0.8867070545941507,6.354772190888e-06,5
0.0006904870566468869,0.006462764548185927,0.3965439657011842,0.00020397150303474727,0.00010462238306486725,0.5959718299639706,2.235884391267426e-05,5
0.0005180129716676179,0.006688822262902904,0.4929990203352279,0.0002875129189308341,7.744582740782135e-05,0.49940064046532223,2.8545218540489587e-05,5
0.0002083287933558116,0.0007972504474122787,0.9677276402419946,0.002441887417280105,2.542473364596309e-05,0.028792682737413235,6.785628898081011e-06,2
0.00029373028140815814,0.0011240721673610936,0.9644944443016926,0.011407803287610438,3.618134617698666e-05,0.02263420131276934,9.567302981304693e-06,2
0.000673537852851302,0.007222955259571317,0.6943358766046037,0.0005734564432953969,0.00010034016507503489,0.2970889311241793,4.902550423873458e-06,5
0.0006162097752197755,0.006349870769162488,0.828156598246338,0.0005762077755920593,8.49065492309985e-05,0.16421174322037047,4.463664086400958e-06,5
0.0006015997364684667,0.005563067641613618,0.8950034980985416,0.0005331750843749779,7.767651864541224e-05,0.09821205530916306,8.927611192729724e-06,5
0.47331693732158187,0.012412328043034633,5.393469480022886e-06,1.1346894806088464e-07,4.788307363099449e-06,3.825622129313802e-06,0.514256613767463,6
0.8726718232194698,0.06329737369586722,7.513407059741344e-06,1.700285138436235e-07,6.418766823266281e-06,5.116220523461543e-06,0.06401158466174278,0
0.9083333294998003,0.06657173210058973,7.79818145914905e-06,1.7647296275035818e-07,6.662051987040796e-06,5.310136361538908e-06,0.02507499155683925,0
0.8985904131001543,0.07503878715426135,7.672466288400712e-06,1.82421676404395e-07,6.5546524596673295e-06,5.224531185141709e-06,0.026351165673974677,0
0.9102053907120942,0.07810544741466707,1.017766542562518e-05,1.753717248137765e-07,8.768613170634038e-06,5.276999706956752e-06,0.01166476322321072,0
0.9147345813757171,0.07489041538321184,8.740724875237813e-06,1.5061174968806537e-07,7.493987631589504e-06,4.531962947916048e-06,0.010354085953866502,0
0.9434443740720486,0.05653190600730311,7.76185130557346e-06,1.0996196659142171e-07,5.067948549218154e-06,4.8407185095042245e-06,5.939440317599647e-06,0
0.9377293868515971,0.06225160276489287,6.963661435858604e-06,1.0611844192497766e-07,4.451634200313005e-06,4.1692760397334145e-06,3.319693391938408e-06,0
0.9204091106231824,0.07957407949669842,5.267647298796964e-06,9.436125353756716e-08,4.498800713915756e-06,3.707349130997633e-06,3.241721722017849e-06,0
0.8833339073476776,0.11664012983087753,7.5130059361318435e-06,1.3838080538546593e-07,4.644227763709212e-06,4.581823532669693e-06,9.08538340698101e-06,0
0.8078071857187907,0.1921390381950229,1.9406051216593822e-05,1.6334332410374274e-07,1.267179156820809e-05,9.784594791053917e-06,1.1750305286444681e-05,0
0.5042115768851888,0.49572719934707604,1.810585511832615e-05,2.1566675673794133e-07,2.132143231918309e-05,9.805456027186985e-06,1.1775357513792952e-05,0
0.34555016404749717,0.654387900010134,1.5534659682537072e-05,1.945684216224819e-07,1.905311245219327e-05,9.074659500755803e-06,1.8078942311689465e-05,1
0.32630638762140846,0.6714460671548853,1.7522734661798145e-05,3.752651395026419e-85,0.002196777966691338,2.644569145090858e-05,6.798830902231189e-06,1
0.41399286650910105,0.5719336947764471,2.8451919779440636e-05,4.477676570306828e-07,0.013981725758005995,5.722124555011534e-05,5.5920234594074115e-06,1
0.4988862610571817,0.49466426217797044,2.3437828127832502e-05,4.2691260976230757e-07,0.006346029937125122,7.276821518363466e-05,6.81387180154651e-06,1
0.6112036721196084,0.3858397764287137,2.9346211684015758e-05,2.554503980111904e-07,0.002839072750946871,6.820104593802023e-05,1.9675992711082984e-05,0
0.4318049248045039,0.564864337232352,3.229812640613717e-05,2.807724103448414e-07,0.0032129957580351058,6.237815033949528e-05,2.2785155953227555e-05,0
0.18580807888561066,0.7951973878907714,4.7496658387263505e-05,3.406522204348443e-07,0.018883858717438407,5.2141032055313e-05,1.069616351623932e-05,1
0.13864661957122223,0.852569283541116,2.1309319313445635e-05,2.852984339858011e-07,0.008744038997617729,1.2707455731103404e-05,5.755816565375011e-06,1
0.2920498101363699,0.7055426931952699,2.2174894762199803e-05,2.639501772113685e-07,0.002343844230340404,1.3365722731163273e-05,2.7847870349153208e-05,1
0.3400285926609503,0.659327191398975,1.7754440375203934e-05,1.788901107485675e-07,0.0005871746109651448,1.070133273897014e-05,2.840666588480173e-05,1
0.382708153626388,0.6167512990939575,1.606062603638179e-05,1.4513595620733856e-07,0.0004889645118170625,9.680401047814753e-06,2.5696604797153767e-05,1
0.3653086740080246,0.6346297029212578,1.5773087209739572e-05,1.5007892595532166e-07,9.749284986138547e-06,1.2552615297402865e-05,2.3398004298539323e-05,1
0.33101522846102016,0.6689383504488489,1.3390018514767251e-05,1.3900364629153977e-07,1.625821594708969e-05,9.288925257691667e-06,7.34492676509644e-06,1
0.3519609332777484,0.6479975140730215,1.1491573623595381e-05,1.192956255845182e-07,1.347631831886667e-05,8.862244017197628e-06,7.6032176449269365e-06,1
0.3368357894925372,0.6608849512721179,1.583144889802053e-05,6.095959592344741e-08,0.002245827215228175,1.0809390556699085e-05,6.73022106611816e-06,1
0.23869149471211706,0.7585385101298252,1.5977391713861952e-05,1.9918729498968892e-07,0.002732639660667954,1.0756014260645636e-05,1.042290412022247e-05,1
0.35964081156442257,0.6343850131450302,2.5833927101605872e-05,3.6105339935766603e-07,0.0059202988643664595,1.5515745038092272e-05,1.2165700641982476e-05,0
0.33946678095908717,0.6374963677788802,3.605179676611493e-05,5.038577264758317e-07,0.022961665559157393,2.1652553426667702e-05,1.697749495603722e-05,0
0.46216232365354776,0.512443111829952,7.178808127963382e-05,4.657628541886702e-07,0.02521010425908156,9.651252572051313e-05,1.569388756426449e-05,0
0.16116685118926416,0.8196852950990782,0.0012876755626207448,1.8952614436662187e-07,0.0159578961671733,0.0018986309563129714,3.461499406265049e-06,0
0.4386958222906458,0.469414205070622,0.0010774932274363296,2.633627381942321e-07,0.08766992185844233,0.0031380482775696388,4.245912545764728e-06,1
0.4510670386508861,0.4562360971554153,0.0009362717542390861,2.482231382792489e-07,0.08929106707920804,0.002464517077970457,4.760059142720364e-06,1
0.19975341877587985,0.7341717387480114,0.0035565847713625357,1.5744213478696793e-07,0.05954731138132894,0.002967231284380158,3.5575969022686556e-06,1
0.12312221154845837,0.8390628051171436,0.003453357041052927,1.7675818267857024e-07,0.03051002078268292,0.0038475918056903972,3.836946788946891e-06,1
0.12614939642915812,0.8407444558912058,0.0022612384704252127,1.7311887820841212e-07,0.028075820877362937,0.0027651572657347986,3.757947234928133e-06,1
0.13276434229296,0.8417615248370592,0.0018610271101050172,1.7566437525390383e-07,0.022034580674339898,0.001574536218001675,3.813203158964952e-06,1
0.13463711733350503,0.8217728560863348,0.0014624927492448395,2.4420588956706474e-07,0.04103706007302155,0.0010855994025285574,4.630149475562514e-06,1
0.1134919280251466,0.8052015478959049,2.582991101955225e-05,1.6929762438345176e-07,0.08126168096811659,1.4546529948530911e-05,4.297372239557204e-06,1
0.1104283037863703,0.8442431337661531,2.965171615538911e-05,1.7494734299481326e-07,0.04528093917537146,1.3355826534800766e-05,4.440782071858121e-06,1
0.06924268167671846,0.8996690444925756,2.2656489221535994e-05,2.05697545055735e-08,0.03104615033974521,1.492471366922226e-05,4.521718315562992e-06,1
0.049222876435780924,0.5983239955843698,0.0002426394558885024,1.227355555181906e-07,0.35192823940575774,0.00027901092033066476,3.115462316800588e-06,1
0.006246526457218758,0.1321400486702745,0.00013499316169288591,3.1320381448929094e-08,0.8611451932187016,0.0003326408710244824,5.663007063588351e-07,4
0.009157042014456928,0.19027807188047702,0.000342626107041353,4.5272986440625097e-08,0.7995609978115966,0.0006601265007096878,1.0904127319514667e-06,4
0.09267163752123422,0.787562309345747,0.0005172232087460782,1.6518047146734745e-07,0.11815044167076932,0.00109424465448004,3.978418551953939e-06,4
0.11472985035508709,0.7738348415121603,0.0002962595902957749,1.9069290470898968e-07,0.11015879439676161,0.00097536468101296,4.698771777349895e-06,1
0.14398365650250752,0.7246013346567077,0.0003747891202597342,2.0289002316371587e-07,0.1298550256051254,0.0011772105058296507,7.780719546623843e-06,1
0.16368112294239293,0.8277060535211754,0.000294506881202356,2.7526232454154337e-07,0.005175161471207415,0.0031326551944329604,1.0224727264429486e-05,1
0.1053261936365708,0.8838647465913751,0.00020260715807566288,1.8342926076714767e-07,0.00958203858195989,0.0010143585723890976,9.872030368797544e-06,1
0.16388240180305452,0.822645194704589,0.0002590357778474549,1.9012697605098012e-07,0.011980364771422268,0.0012132024157657036,1.961040034503864e-05,0
0.3999613614288967,0.48813109133582,0.0017800749983002263,4.172921555373235e-07,0.10178341427890955,0.008329410687190147,1.4229978727930707e-05,0
0.3845146043180791,0.43973648974889035,0.0012796527266335763,3.2151095942117565e-07,0.1684936863950211,0.005962572782363933,1.2672518052531456e-05,0
0.06399544022448037,0.9271951230209766,2.347642440914933e-05,1.502847626639541e-07,0.008767837522504164,1.4159763012124662e-05,3.8127598546539852e-06,1
0.06672248017482117,0.9298953801103017,1.5382839169091962e-05,9.566579551589819e-51,0.003351222990830369,9.757482664239454e-06,5.776402213496133e-06,1
0.07436666576692445,0.922070182366357,1.724904646561271e-05,1.434584473411177e-07,0.0035315846629728124,1.053512420710478e-05,3.6395746257807357e-06,1
0.11476385393173485,0.8851468529305107,2.1020811727159703e-05,1.4866005002940605e-07,5.244440844195119e-05,1.1907717023132844e-05,3.77154051213019e-06,1
0.26657044636914845,0.7201106788191218,0.0001267625338494074,2.857594024749174e-07,0.013020669190021414,0.0001661961993135382,4.961129142993e-06,1
0.1097616637718489,0.8866868563164096,1.8719736848965936e-05,1.6613792956402363e-07,0.0035165972880093566,1.2895781367166864e-05,3.1009675864562496e-06,1
0.19972898755222768,0.8001961143318067,2.720384513132996e-05,2.1408236320201137e-07,2.458616555228422e-05,1.9152145513552988e-05,3.741877405142897e-06,1
0.00036875498832495004,0.055435199213649484,0.9091919113785275,0.00794125729575763,4.628857439193386e-05,0.02701405997515102,2.528574197800793e-06,2
0.0004464838646193669,0.011781123974107464,0.7746010097857452,0.019820208274880884,6.18348773176567e-05,0.19328561879496978,3.7204283597388826e-06,2
0.0002532083947744169,0.01217070978563266,0.9398132872502788,0.00026419050757043656,1.617710143037636e-05,0.04747176560081452,1.0661359498957989e-05,2
7.971167643595592e-05,0.003532486981331738,0.986445440644624,0.0005438678046096808,2.484947706103733e-05,0.009371976168718684,1.6672472189300706e-06,2
0.00010695681513050389,0.004144073152200171,0.9757295557085833,0.0016255338762920747,1.8805459570538326e-05,0.018374376899491233,6.980887319950327e-07,2
0.0002458269477002151,0.010556601267063426,0.9670175510679441,0.0012298213773968667,4.941094607330053e-05,0.02088886795975455,1.1920434067546754e-05,2
0.00018686460666735239,0.00883872698634943,0.9870820630733741,0.00018271894576925667,1.6802200357082226e-05,0.003678029774389807,1.4794413093250839e-05,2
0.00030092164539873435,0.003348021841464948,0.9342999639600095,0.01941910847931711,5.5664828294723324e-05,0.0425613683553267,1.4950890188334173e-05,2
5.426301445745816e-33,5.083635863394932e-32,5.9004052344066146e-30,1.0,1.4543446745420757e-33,3.487133442155925e-30,4.0238269988541266e-35,3
0.0003393746272856734,0.02096028004269647,0.7700450293075674,0.0008133322917236841,0.00010349013035872475,0.2077339303443272,4.56325604101273e-06,2
0.00014466748450406267,0.00814053925188402,0.9645979080876007,0.00023656835492591734,2.23491027631236e-05,0.02685104161707209,6.9261012503227294e-06,2
1.4191867934325235e-12,7.141860704984124e-11,4.718961155050684e-09,0.9999999943229698,3.969758163431631e-13,8.848214564654851e-10,1.2758856580248095e-14,3
2.3367239838477948e-07,1.2643795603616087e-05,0.0008475929872027777,0.9990672922041269,5.53836775337818e-08,7.217811174258066e-05,3.8452482964588e-09,3
0.00038860120567652505,0.009451855531860636,0.9293396435253439,0.000424148417580164,8.687238418189627e-05,0.060297227158430056,1.1651776926712488e-05,2
1.8406708384101394e-06,4.277842226332502e-05,0.002081036495028798,0.9973305689620441,6.620224644867604e-07,0.0005430773475511625,3.6079809697631435e-08,2
0.000640431939408659,0.017209551202703715,0.5755369570526058,0.006841066389906282,0.00010522149392620496,0.3996603057648942,6.4661565550699345e-06,2
0.0003640953439876791,0.015450877953416445,0.7541272775091398,0.0010614430180465944,3.8633573249101346e-05,0.2289373670143621,2.0305587798123048e-05,2
0.00039092279541238145,0.01593271572544679,0.6858874989659377,0.0003733000633475634,6.118700159690716e-05,0.2973344258898096,1.9949558448937038e-05,2
0.00045831236460285333,0.016308079438523103,0.7557281352350363,0.0005159671542043829,5.438553878550297e-05,0.2269146256295904,2.0494639257625554e-05,2
0.00048655956432256975,0.013395389819752503,0.5597135955412951,0.006370725875725061,6.158302251147264e-05,0.41996809180815,4.0543682431863665e-06,2
0.00038503011246099697,0.0032231805145114933,0.5497811098804356,0.003332762044453896,5.4670350765810064e-05,0.44322003874638066,3.2083509915292163e-06,2
2.5487390480470016e-05,0.00027529731962901594,0.04563538930332731,0.9228736676521394,9.648011197779432e-06,0.03118019781050627,3.125127196791045e-07,2
0.00033015299231508406,0.00345509860035236,0.6831421415770631,0.003749567970871396,9.792539188585127e-05,0.30922024119422153,4.872273290748323e-06,2
0.00010349442159964737,0.004047225071505774,0.9643835946850712,0.004076211181102536,1.680587485349505e-05,0.027372049111385143,6.196544824380486e-07,2
9.960056968919862e-05,0.00329140748205989,0.8355429468770139,0.13836366271956424,1.9826690735723694e-05,0.022682004397486022,5.512634509395229e-07,2
0.00033623053174960347,0.012815089297030652,0.4049404046082019,1.4895308314805818e-10,6.957688146373196e-05,0.5818356377601713,3.0607724296849085e-06,5
0.00043958863701493855,0.017236550321037488,0.6537688960980912,0.0005270113354756572,5.396817970428467e-05,0.327959778278958,1.4207149718492256e-05,5
0.00028473423907078056,0.00608171079488036,0.24643328956362717,0.00020446956846286406,4.3284931874939316e-05,0.7469509896493581,1.52125272579407e-06,5
0.0002624601935601676,0.0021738353326464085,0.26810449934202807,1.5062177312148705e-05,5.640713883658516e-05,0.7293860561996819,1.6796159348393999e-06,3
0.0006013637964565271,0.03312543508377965,0.7340393801084625,0.00022225312341519847,0.00010301558754217664,0.23188792585681656,2.0626443527391943e-05,5
0.00043029276901173963,0.05674298854377427,0.6187636933637739,0.0003240516938854559,8.63282393616815e-05,0.32364854627056155,4.099119631441741e-06,5
0.0005484671877716315,0.035994767461347166,0.8185681697323643,0.0006982031313898638,9.957876534888754e-05,0.14408280342813365,8.010293644612023e-06,2
0.000492572139984313,0.005481667417228696,0.37858511511781323,7.08144859513617e-05,6.57513154995647e-05,0.6152972449880978,6.834535425082035e-06,5
0.0006622770023376799,0.006746414196688978,0.6850110860637417,0.0002311484533968,0.00011893205293363979,0.3072255086275367,4.633603364454914e-06,5
0.0006713490377044834,0.005383425680569027,0.847776301276624,0.0002932563652557979,8.565002027883263e-05,0.14576814163667706,2.1875982890819874e-05,5
0.6961376131544126,0.0570046125310992,5.448823770747447e-06,1.2330696321515307e-07,4.932603272142217e-06,3.710351879375335e-06,0.24684355922860288,6
0.9085806933013953,0.07347851945974244,7.73568601807434e-06,1.6274499341312004e-07,6.60866160627397e-06,5.486971183536387e-06,0.017920793175061185,0
0.9145911962968574,0.08019170410594155,1.0312133820500075e-05,1.6519005829146386e-07,8.884465017695674e-06,5.569406902436161e-06,0.005192168401402127,0
0.911801304717896,0.07994708535070577,1.0260090505418815e-05,1.9035321053639767e-07,8.857363626126624e-06,5.552417846036068e-06,0.008226749706210115,0
0.9690921918302238,0.030858252313605197,3.3370773460138943e-06,6.620744055005085e-08,2.8736105682991256e-06,3.328557543289796e-06,3.9950403272971666e-05,0
0.9377291263921468,0.06225158547417076,6.963659501663669e-06,1.0611841245000177e-07,4.451632963847332e-06,4.3429220834703685e-06,3.4238007209805057e-06,0
0.9184497785806564,0.08153199378898983,5.9896748815627935e-06,1.0106915176790379e-07,5.052617286652386e-06,3.7794777463141937e-06,3.3047912875723194e-06,0
0.9032987679540133,0.09668146524604172,7.681267454488239e-06,1.2457241119118785e-07,5.161393888894295e-06,3.827425147398682e-06,2.9721410428399254e-06,0
0.8636775800138001,0.13628945428718342,1.0299972381198951e-05,1.0162536790804926e-07,5.76356280877679e-06,4.4737268231618515e-06,1.2326811635447871e-05,0
0.9172042139405863,0.08275921884407855,7.342788043444206e-06,1.258028219971852e-07,4.814055371123835e-06,4.1003545922938495e-06,2.0184214505999374e-05,0
0.8977451040859876,0.10222706137442004,8.521047024282387e-06,1.353263953536605e-07,4.812590555811301e-06,4.391081719896323e-06,9.974493896738113e-06,0
0.8926998156119123,0.10727211959571044,8.941573426644721e-06,1.4200495516216364e-07,5.050099090468016e-06,4.6077881637036215e-06,9.323326741346668e-06,0
0.8872869247671838,0.11268467865904606,9.305583036135326e-06,1.4390457979304675e-07,4.829612336321676e-06,4.669427335940024e-06,9.448046481579736e-06,0
0.886454204706745,0.11352251931232574,8.185132363200267e-06,1.0557093158166372e-07,7.002823673161772e-06,5.025733861076243e-06,2.956720100426885e-06,0
0.8864522903669323,0.11352227415507204,8.18511468701951e-06,1.0557070359624009e-07,7.641484469888469e-06,6.546594420174289e-06,2.956713715249881e-06,0
0.8369345332324312,0.16302891954890858,1.326597731389838e-05,1.580168560694893e-07,9.248688674293111e-06,9.026577005559822e-06,4.847958810351845e-06,0
0.8590210920354766,0.1409459677121106,1.1924532316057027e-05,1.4264007525697933e-07,8.348689382539019e-06,8.148191625960207e-06,4.3761990128902705e-06,0
0.7427044165965576,0.2572504507652463,1.628691023253276e-05,1.3708909798642238e-07,1.0635050348640454e-05,8.211913657495436e-06,9.861674859516847e-06,0
0.6906790959445288,0.30927796916764255,1.7359235582177014e-05,1.6291520141182524e-07,1.1544665754803728e-05,8.752583622411971e-06,5.1154876679171264e-06,0
0.6256891160388369,0.37425942044919924,1.9557406783061055e-05,1.9714481774065332e-07,1.3970280283140854e-05,1.0591562285451575e-05,7.147117794498444e-06,0
0.30543511585001915,0.6944756729110426,1.77590111682753e-05,1.982929183467881e-07,4.3580549303562135e-05,9.248369804323655e-06,1.8425015743633408e-05,1
0.33497809871763046,0.6647762340891327,2.4729189834400207e-05,3.0972802316942494e-07,0.00017691502298500106,1.4933890273225587e-05,2.8779362121045423e-05,1
0.4955815867075433,0.5042025903384139,1.9744356150698955e-05,2.533516366032907e-07,0.00017642762448081878,1.2132966992359407e-05,7.2646547823125464e-06,0
0.5289115770957988,0.47069221649666626,1.7771431106370762e-05,2.418266442668048e-07,0.00035967792784432213,1.1581037060188753e-05,6.934184879627575e-06,0
0.5982219816763843,0.40154187501867494,1.666972368121227e-05,2.4399795430187085e-07,0.00020229652812104313,1.042874243606061e-05,6.504312748138466e-06,0
0.31701729644388854,0.6817272178094775,1.689655083291353e-05,5.835314577771747e-84,0.0012025017558506001,2.9398676957927684e-05,6.688762992356806e-06,0
0.43024453097430887,0.5626995474194476,2.4916535201151128e-05,5.001083255337765e-07,0.006970882075043012,5.121307027930328e-05,8.409817394546153e-06,1
0.46706887755351467,0.5260560387507127,2.6098341009232445e-05,4.747413732136361e-07,0.006789882104844631,5.0645261607770935e-05,7.983246937753924e-06,1
0.5062719082673088,0.4874541255011898,2.381645336053311e-05,4.332327395621894e-07,0.00619621417378003,4.621713351767369e-05,7.2852381035014655e-06,1
0.5062628393000768,0.4874453936213064,2.3738000739387777e-05,4.3322505062869026e-07,0.0061961031795447425,6.352770024103869e-05,7.964973041170326e-06,1
0.5531166970005884,0.4413028804793848,2.2849085685578354e-05,5.593679933120538e-50,0.005488380424405557,6.086741564241782e-05,8.325594293183926e-06,1
0.1754803103418677,0.8106675563796953,2.4439851120608044e-05,3.2721135522879124e-07,0.013802313254146858,1.4778828989164027e-05,1.0274132825054754e-05,1
0.16820479720167367,0.8275321539015321,1.8696950306260585e-05,2.5032290164804746e-07,0.004225092103613453,1.114961321986165e-05,7.859906753195895e-06,1
0.13095009566617144,0.8656895455296877,1.4730570454761698e-05,1.7533957764646394e-07,0.0033287790730927476,8.784329015599907e-06,7.889492000359026e-06,1
0.29607024692565026,0.7038056541380326,1.4460214266192046e-05,1.3067342578879827e-07,7.76562961805434e-05,8.715766933180319e-06,2.3135985511322696e-05,1
0.3194347537500873,0.6804965458375839,1.9898100135236262e-05,1.59742665923656e-07,1.0377051705439808e-05,1.3360891405353888e-05,2.4904626416733098e-05,1
0.3294554838282751,0.6684711083574482,1.6013174715801045e-05,1.9057986392768502e-07,0.0020392327253274524,1.0933469240291385e-05,7.037865129090436e-06,1
0.2579284237784729,0.7384013404907965,1.5807512417489333e-05,1.8813218609221965e-07,0.003636499563323502,1.0793047215778037e-05,6.947475587769293e-06,1
0.36787996433939263,0.6026778803145902,6.770539512672225e-05,5.218847309379543e-07,0.02924628258369769,0.00011006056727328763,1.7584915188468303e-05,0
0.49540420261791196,0.4866007017867208,7.38528803282889e-05,5.598534954145734e-07,0.01779480583187304,0.00011591525622060878,9.961773449657065e-06,1
0.5926224308585731,0.3710928384073505,5.2866218825872975e-05,3.4837201426286115e-07,0.03614176316521974,8.3973887212943e-05,5.779090803367882e-06,1
0.18662518196589722,0.7852243681691182,0.002007368528514305,1.8692336189411847e-07,0.024158853207949586,0.0019809143745290842,3.1268306297575764e-06,0
0.21248002985476486,0.7245181308061744,0.003393748249012169,2.119531964783759e-07,0.057528435861241595,0.0020761471427595815,3.2961328507146278e-06,0
0.44170314358475415,0.46615725858070894,0.000668083618302065,3.022968760737436e-07,0.08903561287236383,0.002431382593953602,4.216453041103327e-06,1
0.450999792239497,0.45616808012545973,0.0009361321720702229,2.481861324378934e-07,0.0892777553022089,0.002613232625132608,4.7593494989913395e-06,1
0.38382529873276044,0.5203869351151788,0.0008900211327549293,2.310674249643685e-07,0.09182430569487078,0.003068777184965799,4.431072044335859e-06,1
0.12912364698507114,0.8403498022861072,0.0020599033332530685,1.7875865048538778e-07,0.02536148906974111,0.003101099195589392,3.880371587796053e-06,1
0.13508774787104447,0.832931357124575,0.0017088228739927604,3.304125854770561e-07,0.028734537479986274,0.0015333581213965888,3.846116419588573e-06,1
0.15369022001758106,0.8225114328447847,0.0014346389824367004,2.285288259058675e-07,0.020553366251870757,0.001805746598517573,4.366775983177728e-06,1
0.14915662478182456,0.8040136174000777,2.4892937838057344e-05,1.6408663089744627e-07,0.046786237717524055,1.4297977302810211e-05,4.165098802001146e-06,1
0.11474546260161149,0.8102793333998448,2.193900601642841e-05,1.5515355802286944e-07,0.07493569179608425,1.3481760544297469e-05,3.936282340606259e-06,1
0.09763608249230074,0.8095706894812409,2.1919818876200455e-05,1.549366444120706e-07,0.09275483169349222,1.2388737649378893e-05,3.932839796254456e-06,1
0.10078337244097368,0.8034326526147181,2.2626402178856417e-05,1.599310125922738e-07,0.0957447749811369,1.235401546231734e-05,4.059614517694853e-06,1
0.03550514636132603,0.32150544064465914,0.00016244904473747564,6.76672231523275e-08,0.64239165668375,0.00043270307195956547,2.536526344569446e-06,4
0.04629227887726031,0.33227540264878574,0.00016751899359031912,6.797279570507738e-08,0.6208512090301094,0.00041097449663438844,2.547980824214378e-06,4
0.07521026171536546,0.8814274297947305,0.00019913820197178174,1.5038159434257224e-07,0.0418221167196772,0.0013299242331611988,1.0978953499480076e-05,1
0.09363881468800829,0.8968985077268167,0.0004962446165792887,3.017884335499433e-07,0.0056764843458948595,0.00327843162782782,1.1215206439546508e-05,1
0.09184948131121322,0.9015225009455543,0.0004347167078803423,2.486058108247907e-07,0.005404999240717611,0.0007773743639393362,1.0678824884645056e-05,1
0.11440965596346776,0.8796581191148113,0.00035312496245972353,2.947942287238312e-07,0.004547146380390472,0.0010210242605115227,1.0634524130708909e-05,1
0.10705363834061615,0.887442081557871,0.0003953854963390046,2.563586602704083e-07,0.004238854753774695,0.0008593416540392002,1.0441838699440386e-05,1
0.15023274343475987,0.8459761128354409,0.0002902452827055324,2.146418891203884e-07,0.0027613416051931877,0.000731172257649747,8.169942361610416e-06,1
0.3143012336759818,0.5192234928021161,0.0017806953081654607,3.5885776378070853e-07,0.16157316104415784,0.003106913750466559,1.4144561348668507e-05,0
0.18132658708590044,0.7096645081345893,0.00032075104822530746,0.0,0.10751918076449775,0.0011594085275806211,9.564439206504636e-06,0
0.2364315746093167,0.6463759640659046,0.000518429349227452,2.5803234146400545e-07,0.11489650890544904,0.0017709095741412898,6.355463619395549e-06,0
0.16328280346807822,0.6858472155855351,0.00029237584252957263,2.657559581660788e-220,0.14983378897657174,0.000728721847384756,1.5094279900681752e-05,0
0.03724442227851485,0.9553651779078781,1.1864699378746351e-05,8.956677060043886e-08,0.007365809542353106,7.988197510183986e-06,4.6478075943362975e-06,1
0.09818470479215295,0.8912060739309606,1.9305783446378002e-05,1.4933622306267437e-07,0.010574421610933608,1.155585110195613e-05,3.7886951813750675e-06,1
0.14592682775166377,0.8481795414284717,2.264971994647344e-05,1.8739223300151022e-07,0.005851430623568438,1.586540455581773e-05,3.497679560689398e-06,1
0.14321509642973315,0.8440955633776142,2.1177448319499807e-05,1.5535639829802332e-07,0.012649700414058352,1.4779742970823675e-05,3.527230905767201e-06,1
0.14005988490881044,0.854654182145319,2.281051248895838e-05,1.536302263148205e-07,0.005244865238895277,1.4615524576765427e-05,3.488039683297287e-06,1
0.15794152367548492,0.8399785931838265,2.2418824584912034e-05,1.743737585842549e-07,0.002039497241207478,1.4364555897706498e-05,3.4281452397400664e-06,1
0.1614419278351931,0.8385003332774522,2.197883566447387e-05,1.7249680414817853e-07,1.6876173589261603e-05,1.569636462632363e-05,3.0150166704408117e-06,1
0.0004548409342252549,0.04765085892904866,0.9259087623224911,0.0018305373238342287,0.00010885493467604911,0.024042263647863455,3.881907861335787e-06,2
0.0004913765538833889,0.051478468819043645,0.9177861586786434,0.0030097201084008578,0.00011759883213991624,0.02711279710528415,3.8799026046165405e-06,2
0.0005019694274405374,0.047585787770416735,0.9210935213027632,0.004297494486383282,0.00011667885690028133,0.026400787357396028,3.760798699887132e-06,2
0.00023450826479456244,0.03203845648105751,0.22136235246854127,0.7293303091452464,3.302726722383606e-05,0.016999953722654025,1.3926504822973962e-06,2
0.0006794197457971305,0.09615517152865313,0.808666151521569,0.04010788656781625,0.00010819269866396557,0.05427940507626855,3.7728612321060696e-06,2
0.00028674257902269767,0.039285922482806754,0.937745919455716,0.0006120183562883242,3.993369170633685e-05,0.022018540462966828,1.092297149308117e-05,2
0.00011688305391547739,0.004575636951500244,0.8031413944685931,5.569929048020308e-07,2.7581656571822256e-05,0.19213638582240591,1.5610541087978025e-06,2
0.00015809146580054973,0.006993107001389101,0.9085064901955217,0.0002401848831955111,1.9688843137707836e-05,0.08407574667989805,6.690931057410022e-06,2
0.0004422228508134416,0.012035781908723519,0.7542476117194689,0.0006052711786091859,4.918527003989696e-05,0.23261315892311885,6.768149226430493e-06,2
0.0003401020585414199,0.016801831497117455,0.915923268125798,0.0004702949232406735,2.8099013356801918e-05,0.06641362995465118,2.2774427294428477e-05,2
0.00010982696175978313,0.005002040132818092,0.8162110113377622,0.005787680226473789,2.7774739079319997e-05,0.1728594793741989,2.1872279078034846e-06,2
7.467036559161314e-05,0.0033184470113822658,0.9856795853023227,0.0023078104768407054,2.3321504866891277e-05,0.008594599113393152,1.5662256025662932e-06,2
5.44064823921448e-05,0.002411066977178944,0.9904152022019077,0.0015596245245828183,5.603944525723516e-05,0.0055025224042008075,1.1379644804353244e-06,2
7.35412077688968e-05,0.0024595348630084986,0.9837591427003204,0.00013843099911397898,1.528056960657471e-05,0.013553604804005954,4.6485617589562896e-07,2
6.370894945130209e-05,0.00037789435753762774,0.09310248908345986,0.8962654185668026,9.828418868580955e-06,0.010180337363558162,3.2326032180319163e-07,3
2.3326855332855283e-10,4.060403254473865e-09,2.6393008537009453e-07,0.9999996521158683,9.530179858889662e-11,7.956379499504939e-08,1.2779366424876206e-12,3
0.0007481670407413152,0.02773470035232099,0.7989186969585194,0.0021423839387458054,0.0001614016348964349,0.17028989253087992,4.757543896340013e-06,2
1.5334758522828212e-14,4.833732573799689e-13,3.008051280558614e-11,0.9999999999683402,5.049324590617644e-15,1.0750390636613457e-12,1.356443831013268e-16,2
0.00036582364576950843,0.011499857272578207,0.9705279802067351,2.3726997447443984e-38,0.00011756429622019297,0.017485578549985593,3.1960287114357748e-06,2
0.00013414452528578259,0.00700745227885496,0.9901476130667602,0.0001959041379846185,2.2521830148355843e-05,0.002481776166571115,1.0587994394993772e-05,2
0.00013429527525179652,0.005743816741008621,0.9912603287642557,9.2724509003369e-05,2.080772105045014e-05,0.002737427096377196,1.0599893052742198e-05,2
0.00019519234813671294,0.009837693947195672,0.9706201978732532,0.000635614156930112,3.633639420252482e-05,0.018661569495223792,1.3395785058150218e-05,2
0.0002597315559008638,0.011328295109188771,0.9766233445938847,0.0001674523325681963,2.7557355810505405e-05,0.01158487251020221,8.746542444871812e-06,2
0.00025982667353318826,0.011332443702552104,0.9769809988646119,0.0004569213736835417,2.756744773186909e-05,0.010933492192326222,8.749745561279813e-06,2
0.0004703535172681604,0.005194674837173243,0.8678146253241676,2.402619001924436e-07,6.684123457366184e-05,0.12642466206076777,2.860276414935529e-05,2
0.0001270125592803327,0.007277339216736777,0.9814803903334325,0.0003885684520219427,1.9677480612361305e-05,0.010696584175192281,1.0427782723844154e-05,2
0.00012139857650162528,0.006208081543109799,0.9616743926964834,0.000150131032969673,2.369741943405009e-05,0.03181617233781062,6.126393690955993e-06,2
0.0001600708777472783,0.00792258976364643,0.8386140120775305,6.677476989735219e-05,3.577732120492291e-05,0.1531985624618954,2.2127280781979465e-06,2
0.0,0.0,0.0,1.0,0.0,0.0,0.0,3
6.928307416521154e-19,1.6101850154265813e-17,6.839024774189414e-16,0.9999999999999989,3.051653178974733e-19,3.7710543467434364e-16,1.3580484239685246e-20,2
0.0005762032436891523,0.01568093434044568,0.4872626428996849,0.003875055329558566,0.000120250581645413,0.4924818198806909,3.0937242853465652e-06,2
0.0005177450850826569,0.01720370665700725,0.5580748517664592,0.0015108688738189563,0.00010118881582894252,0.4225853329126485,6.305889154565855e-06,2
0.000436195827273306,0.013840039712638854,0.4069538952634439,0.0009942253094329023,6.153492821737159e-05,0.5777025088727666,1.1600086226997247e-05,2
0.0005797596724327634,0.015744973272322767,0.5714434614544548,0.0017135282481985747,0.00010341727598044838,0.41040763543681047,7.224639800237746e-06,2
0.0005162976969781914,0.018269522675376532,0.6235771470661973,0.0031930787929466057,7.290595568184247e-05,0.35435634461857834,1.4703194241371066e-05,2
0.0003943195163943391,0.016053432818695416,0.7551917766567496,0.0005834449061960568,3.564772940931688e-05,0.22772666913255923,1.4709239996088494e-05,2
0.0002751862189812228,0.015839481727204934,0.7506333508837584,0.0002917203798507968,3.6161783798279605e-05,0.2329088750499007,1.5223956505742312e-05,2
0.00028705696608873754,0.01652275170559938,0.7830135286113918,0.00016733940460846852,3.356880369180676e-05,0.1999598738341347,1.588067448502383e-05,2
0.0003580357732145153,0.019580191769232532,0.6821298002182391,0.0002142539243887413,6.893778113562142e-05,0.29763050287492404,1.8277658865342033e-05,2
0.0004166579489763709,0.0046938590526758635,0.7831198143843386,0.0018702274747337902,0.00010340365030744206,0.20978988860816583,6.148880802019626e-06,2
3.3407811850607337e-12,1.1422187261788246e-10,3.5589136574595226e-09,0.9999999933866306,1.114149933743089e-12,2.9357588630674034e-09,1.9881173390027987e-14,5
0.0002276841600417403,0.005016302812906075,0.19349114196842931,0.00016904715132185709,3.559980124810455e-05,0.8010588704557298,1.353650323074531e-06,5
0.0002089498110067409,0.0017377787975674363,0.2027961752453642,0.00041204036290701414,3.5609423162476736e-05,0.7948042023492908,5.244010701337703e-06,5
0.00017662768949156993,0.0015380351357491457,0.10028271663184174,5.349559803370741e-05,1.6536406563496586e-05,0.8979268691104152,5.719427905247343e-06,5
0.0005965829424763391,0.028341096014967242,0.606242411951523,0.00019569335998655298,8.166293869089574e-05,0.3645218497811505,2.0703011205591964e-05,5
0.0008775972814342261,0.006759175396748249,0.5084346850690133,0.0015332749802605304,9.405857434938855e-05,0.4822778591173159,2.334958087839922e-05,5
0.0006298264282660407,0.006201373872839273,0.5420208997323117,0.0005568145546069016,7.459719520733049e-05,0.45049463004982987,2.1858166938777058e-05,5
0.0004647908745816303,0.005350999492043197,0.30175871772102164,6.25942944423688e-05,5.460316466169823e-05,0.6922930639601084,1.5230493141083107e-05,5
0.6573973454442663,0.0539751251368527,5.269400714302378e-06,1.192466167712475e-07,4.770178720981278e-06,3.588174561353374e-06,0.28861378241826774,6
0.9140287469356242,0.07517350055933943,1.022041713951651e-05,2.0935769948984983e-07,8.805446100959183e-06,5.519872293495872e-06,0.010772997411803022,0
0.9015472135527564,0.08886336966031246,1.1911880796189431e-05,1.9081640301949445e-07,1.0081479150054554e-05,6.433402851639584e-06,0.009560799207730187,0
0.9452944485456503,0.0492377928343871,7.3967442749795065e-06,1.1848843694424278e-07,6.341706311768423e-06,5.216068679540742e-06,0.005448685612259485,0
0.9642903339242844,0.03403928412482078,8.63615554487907e-06,1.2655886960483003e-07,5.7376262101728675e-06,5.571343271027174e-06,0.0016503102669992093,0
0.950119628611128,0.04940107205488695,8.280755719137739e-06,1.5479671727006937e-07,5.368336391362708e-06,5.3289804559263195e-06,0.0004601664647015508,0
0.8690158559148458,0.1309516266473791,1.0148876751386888e-05,1.0771100701835973e-07,5.706767358900925e-06,4.4080994071906555e-06,1.214598325079779e-05,0
0.8881792271595823,0.11178788890348686,1.0473663009158291e-05,1.1115799487201575e-07,5.397160148382954e-06,4.367274492894913e-06,1.2534681285429227e-05,0
0.9009910006985588,0.09897397115392022,7.01204006049267e-06,1.1168574427198204e-07,4.550640621668152e-06,4.078742802964638e-06,1.9275038291757315e-05,0
0.8892734924520227,0.11069836839907364,8.907254252851045e-06,1.4145991767231304e-07,5.212789651863135e-06,4.590102743560076e-06,9.287542337919636e-06,0
0.8567960004126574,0.14318049553483211,8.875004410737347e-06,1.1446882492033218e-07,5.859335721621557e-06,5.449320573577678e-06,3.20592297939878e-06,0
0.6242789571977765,0.3756836768335613,1.5489271109548917e-05,1.7249960378674967e-07,3.3127521518027954e-06,8.97300534618179e-06,9.418440450907294e-06,0
0.6083419069464109,0.391608399275061,1.6148496507892162e-05,1.7908251155482947e-07,1.433542697207134e-05,9.252906768469736e-06,9.777865768104672e-06,0
0.530046676734904,0.46990136661894893,1.7574904443194985e-05,2.0934237109887492e-07,1.3224438946084588e-05,9.517912938855612e-06,1.1430047448015884e-05,0
0.5186622451609408,0.4812903375157594,1.528332882804981e-05,1.8204641200120805e-07,1.3243755134664256e-05,8.276881030645068e-06,1.0431311894405836e-05,0
0.5493946453773224,0.45051820564070044,2.2273291678066365e-05,2.6530691572941487e-07,1.9715963012533588e-05,1.2348578241414909e-05,3.25458421294596e-05,1
0.43420268822460445,0.5616679537491187,2.3928315176619445e-05,3.348137926628955e-07,0.0040561133383836675,4.326528036037234e-05,5.7162785635079005e-06,0
0.2545342477612894,0.744690991083767,1.0762063548775259e-05,1.608697907122425e-07,0.0007525891049654902,5.878686457507313e-06,5.370430180974159e-06,0
0.28521634435652354,0.713654946027263,1.7532618517966093e-05,1.8458130486268614e-07,0.0010956914301889136,8.434098197890875e-06,6.866888003689382e-06,0
0.2930693813749337,0.706404749887558,1.2366256695558964e-05,4.36477102588779e-84,0.000501936668777708,7.615865598468903e-06,3.949946436606453e-06,1
0.5021074989931507,0.4904022068189518,2.5034779464220563e-05,3.3538736184294316e-93,0.007395874227068983,3.9463385902201e-05,2.9921795462155903e-05,0
0.44777254956907636,0.5431741216902327,2.80022520855844e-05,3.600260194341656e-07,0.008951453031961305,4.480865458956861e-05,2.8704776034889884e-05,0
0.17656882727253675,0.8147093737797816,2.156883313873493e-05,2.8877291793639747e-07,0.008677718273066836,1.3042718422469953e-05,9.180350135807667e-06,1
0.17192969829211568,0.8238246955689457,1.861318538681898e-05,2.4920142047879405e-07,0.0042061631074993625,1.1099661412862727e-05,9.480983219286675e-06,1
0.13537351821080537,0.861283495312748,1.4655597118785767e-05,1.9621550766655206e-07,0.0033118367779791215,8.739619922178695e-06,7.558265919014667e-06,1
0.3141857140301992,0.6845883022736491,1.4817717959704186e-05,1.9177633917765354e-07,0.001181146750688461,9.71103487380285e-06,2.0116416290628588e-05,1
0.19938381974149313,0.7996239385368057,1.7671787793572565e-05,1.9360347241438642e-07,0.0009388037551684529,1.158149642289808e-05,2.3991078843712274e-05,1
0.18410899762233005,0.8148864294426934,1.345333407189502e-05,1.4738815462785155e-07,0.0009743208235490168,8.816863480353407e-06,7.834525720699992e-06,1
0.17330165294192074,0.8260037663477398,1.3636875289381837e-05,1.339925730678366e-07,0.0006622502855672782,8.937150232243393e-06,9.622406677359155e-06,1
0.3439397000851313,0.656006514110242,1.4325936899806698e-05,1.560786881519668e-07,2.1869650114273444e-05,1.1114882837151976e-05,6.319256087279344e-06,1
0.3229780803921433,0.6769768543876311,1.4196759780016323e-05,1.4957785988427342e-07,1.619199449996224e-05,9.524255422202683e-06,5.002632663544997e-06,1
0.39954291566493233,0.600149931740097,1.709985517077129e-05,1.9681106508920416e-07,0.0002712970034350105,1.1290950061326018e-05,7.267975238643478e-06,1
0.27869449959748566,0.7186866783704722,1.6869944930637996e-05,1.9276635421512427e-08,0.0025861865925588465,1.1139141463299428e-05,4.607076453809332e-06,1
0.2596156164398411,0.7370114067627785,1.6619969080315537e-05,1.9780159162838557e-07,0.0033375066965584655,1.1347776061852187e-05,7.304554088296705e-06,1
0.36339338828328566,0.6145519800508387,6.843263454968717e-05,5.274904164209376e-07,0.021860775255800116,0.00010712248624978468,1.7773798859416688e-05,1
0.18016340882092327,0.8023399098563364,0.0014122284448568768,1.7664844171207635e-07,0.014102517444179454,0.00197896986460883,2.788920653397484e-06,0
0.4364965125702653,0.47503785767092793,0.0008169566373225199,2.5845256122371534e-07,0.08465224391156166,0.0029912145333544676,4.956224006919212e-06,0
0.1663335123485687,0.7786558307584732,0.0003146935734498001,1.6702955155467317e-07,0.05428367015614247,0.0004074604048192592,4.66572899507969e-06,1
0.11595046172590956,0.6503819556500795,1.6250975882514706e-05,1.275107321102713e-07,0.23363653912521035,1.1105050481142363e-05,3.5599617047823224e-06,1
0.10031051606177999,0.8097937006534629,2.1235371672930913e-05,1.5017742684085635e-07,0.08985855843955226,1.2029259385621214e-05,3.8100367195202703e-06,1
0.10208397129854076,0.8366534558915626,2.6487625568258682e-05,1.736084991105906e-07,0.06121658784587036,1.4916932478106038e-05,4.4067974807446166e-06,1
0.1259201877840837,0.8220771939551558,3.151957485532578e-05,1.705838741125073e-07,0.05195233293832096,1.4265141905058086e-05,4.330021805071848e-06,1
0.06809756694597269,0.8785810341388816,0.00029943752923495794,1.9295824817581502e-08,0.05281907742217963,0.0001986229894520845,4.2416784540579815e-06,1
0.007146536573600802,0.12915261461570415,8.246515056507129e-05,3.188719124719836e-08,0.8632809481541873,0.0003362083177343208,1.195301017019212e-06,4
0.06860204209929784,0.8811698915237384,0.00018282308285348642,1.500402879563338e-07,0.04856279099562209,0.0014723482025310243,9.954055669321244e-06,1
0.11958808872509909,0.8713375940692519,0.000505852284372437,2.394016708720996e-07,0.007454946493628718,0.0011043159204833705,8.963105493651414e-06,1
0.11034061612444024,0.8829395797340952,0.0004674804009274681,2.4934891014580694e-07,0.005284871463796432,0.0009568058890128648,1.0397038817646092e-05,1
0.10570385193469858,0.8908425314539404,0.0003659289573188807,2.8045643138182745e-07,0.002502669342469731,0.0005765551936353647,8.182661505472785e-06,1
0.12803568902178464,0.8680206340995816,0.00038673258388139667,2.507483152638035e-07,0.0026396098002965714,0.0009087009106893657,8.382835450888883e-06,1
0.40369793663781683,0.5132030747441644,0.0008207672220374494,3.1661618410733645e-07,0.07707347444450041,0.005185007639863877,1.9422695432810515e-05,1
0.2980572925214561,0.6305624370191553,0.00040728739032608335,2.4832187491138295e-07,0.06468634416821711,0.006276866457355343,9.524121615345128e-06,0
0.35141253340475503,0.5663862136490987,0.0004505303890974124,2.724031954991904e-07,0.07308651914110119,0.008653483277677539,1.0447735074764443e-05,0
0.0958197403807554,0.8906581706380381,1.869239188039889e-05,1.4459144904320793e-07,0.013488394985046781,1.1188693683903759e-05,3.6683191460395436e-06,1
0.06748704007154169,0.926176830193513,1.668482155639792e-05,1.387658500089404e-07,0.006304705728769814,1.1079896443926247e-05,3.5205223253010846e-06,1
0.0896237619331539,0.9036002255282264,1.8174427771500475e-05,1.4058483600314376e-07,0.006743806760095423,1.0324095488130047e-05,3.5666704287544226e-06,1
0.24038858706542415,0.7510315004172421,2.8587849965035714e-05,2.898363006191029e-07,0.008505238935631975,4.013608088749426e-05,5.659814548419623e-06,1
0.1782100475770087,0.817382782703243,2.0363629096100366e-05,1.8546154245528341e-07,0.0043679462066884365,1.5301140292212537e-05,3.3732821288624476e-06,1
0.16855848197367382,0.8307310023218122,2.2873126516627577e-05,1.7838899014248006e-07,0.0006692729473088579,1.4684157992878695e-05,3.507083705393043e-06,1
0.1795036415922592,0.8204346862585292,2.343224276697372e-05,1.6350114919834072e-07,1.812768572978496e-05,1.6734327154438847e-05,3.2143924112612036e-06,1
0.000501898751772091,0.0513214279434886,0.920908170093971,0.005835529275019913,0.00014466743654692647,0.021284022969370653,4.283529830966821e-06,2
0.000492021659689359,0.05154605254654379,0.918991078154193,0.0028416239716359004,0.00011775322226860513,0.02600758544931797,3.884996351310507e-06,2
0.00022060961529258715,0.032081598121458055,0.2793062982064036,0.6576674793139786,2.9894401369403265e-05,0.030692810229517566,1.3101119800865473e-06,2
0.0009160818899649429,0.1339257772613874,0.49823584217655276,0.2881831990958522,0.00014067299270845377,0.07859294974097542,5.476842558810297e-06,3
0.0002817240952251806,0.04645884248637692,0.9219701067925868,0.004555362592816657,4.174477640928206e-05,0.02668715489389416,5.064362690785128e-06,2
0.00012441534512582373,0.004797722296877186,0.9395026534678178,0.000819821300446029,1.6536062215650098e-05,0.05473375664750822,5.09488000913349e-06,2
0.00043727715944408616,0.009682658905549603,0.7501696672049425,0.0005856352491766398,6.609068818605756e-05,0.23905506040635066,3.610386350588153e-06,2
0.00034033669351363156,0.015620517447713252,0.7992655401253611,0.0003687299195110325,3.5384173851518656e-05,0.18435979153868792,9.700101361576124e-06,2
5.353994242030835e-05,0.0023793838493567842,0.9914104506979531,0.00023208814240532972,0.0005023000371763225,0.005421114319866789,1.1230108211500522e-06,2
3.392302846105198e-05,0.0016066569505590767,0.9877664517038648,0.007521217499141183,8.82707438577666e-06,0.003062210891057974,7.128525300375797e-07,2
6.090835541985254e-15,1.0716600800345901e-13,7.644195962465892e-12,0.9999999999886904,1.9957831329608652e-15,3.550198566897704e-12,3.3179064709571644e-17,3
0.00020118387795690527,0.009494491299304969,0.9632590360843407,0.00018460395098580647,3.0239470817950744e-05,0.026822655937875924,7.789378717365068e-06,2
0.00014173071214341446,0.006799604393604223,0.9781517350216553,0.00020382954031061438,2.1503714076914614e-05,0.014670290797815486,1.1305820394117047e-05,2
0.00011852807888681344,0.005069452834533449,0.9920577280360963,6.294618834667858e-05,1.7628436640856577e-05,0.0026643610333751365,9.355392120769387e-06,2
0.0001865626320994876,0.0073802591261517055,0.9823025711642913,4.601426809719957e-05,2.481496637511836e-05,0.010050528262524018,9.249580461139869e-06,2
0.00025743404812915384,0.010183872095426903,0.9784121163163961,7.764811224314724e-05,3.7839149592970655e-05,0.01102242110506901,8.669173142659069e-06,2
0.00021583581143999364,0.010209069792394243,0.9785780152097868,0.00021149989409054176,1.862907892981227e-05,0.01074986209693162,1.7088116426694847e-05,2
0.00023537584594127974,0.011133316675423124,0.9803986313020371,6.10441286041397e-08,2.0315605565902606e-05,0.00819366439016431,1.863513673955173e-05,2
0.00030399131459630906,0.014251156705991705,0.9294178804095491,0.00018220250188089526,4.2386465177648e-05,0.05579294505208582,9.437550718281053e-06,2
0.000190904572959929,0.009142059357914338,0.874519717395351,0.0004117877491597856,3.95805173837857e-05,0.11569338349039096,2.5669168399058057e-06,2
0.00016801610094587143,0.008592008945124427,0.9457168375175132,0.0002077615989767463,3.555799818678837e-05,0.045275602089226076,4.215750026963961e-06,2
0.00012670322630762288,0.006479350774613787,0.9623800966815318,0.0003101727500198207,2.6814769929449417e-05,0.030670991019060297,5.870778537442309e-06,2
4.785588933320323e-05,0.0025004031483421125,0.9812435117774295,0.003934588595079181,1.0074762219071389e-05,0.012262513748390987,1.0520792057776289e-06,2
0.00023320596472285174,0.012184684822074923,0.8309589970574274,0.004452720967290873,5.121815715679819e-05,0.1521171272455852,2.0457857419276762e-06,2
1.792315568757555e-05,0.0004163282321134549,0.02125550902146983,0.9731199832298866,6.639068187357682e-06,0.005183199408451609,4.1788420342949656e-07,2
0.0005348630747424811,0.014507200904347475,0.539327307560492,0.006074514756022157,0.00010057220017546993,0.43945267785023107,2.8636539894170164e-06,2
0.0003231514419272492,0.010895125760563548,0.6650854491413253,0.0005315053639166281,4.701589887583774e-05,0.3231083281730835,9.42422030786565e-06,2
0.00048067784942927615,0.013670965894297105,0.5005862391205149,0.002379896818467969,8.205536454124548e-05,0.4827872406012076,1.2924351541831425e-05,2
0.0003592813608146527,0.012759953002580742,0.6934796558697662,0.0009236761859670569,4.043058695207944e-05,0.2924265250994787,1.0477894440555624e-05,2
0.0002669041402453373,0.014176773605468191,0.7526077152368071,0.00011478415874770974,5.1390896052725204e-05,0.2327688065565322,1.3625406146856783e-05,2
0.0003245087068569837,0.012432976452735769,0.7258095383107167,0.0006628525813524447,4.111379097336081e-05,0.26071550946768285,1.350068968182841e-05,2
0.00020104608095722888,0.006807846193020283,0.9192322882052407,0.002087536975778189,2.9475120533252573e-05,0.07163968450204454,2.122922425706376e-06,2
1.615688003356827e-05,0.00043472635359186295,0.045993268123640844,0.9459510963668744,4.843770060827999e-06,0.007599819992071846,8.851372689782196e-08,3
1.5699663650206556e-05,0.0001277128176060277,0.011768529331277705,0.9242530160642841,4.292027109259228e-06,0.06383051333947663,2.3675659607517838e-07,5
0.0004834951322105941,0.003959372517280589,0.33607856149166143,0.0011421729589259034,7.51714671477767e-05,0.6582524624972084,8.763935565192202e-06,5
0.0007088973949997795,0.02516917511290093,0.6648488353409041,0.00038971195476031724,7.914813360483756e-05,0.30878538030633185,1.8851756498429827e-05,5
0.00046594467060928987,0.023023994022022803,0.656692089124922,0.00014910375386508945,8.160070859161593e-05,0.31957741483006574,9.852889923404196e-06,5
0.00015675928481781296,0.0006359800857786886,0.9536465733215667,1.284892783448964e-06,2.2178636251592777e-05,0.04553229159955988,4.93217924181352e-06,2
0.00084221436589866,0.006439684016434296,0.454942838591731,0.0013234008961568499,9.026632628526363e-05,0.5363391876296429,2.2408173850951396e-05,5
0.0008169064980840723,0.009007325480454947,0.4394294446339526,7.89075030816941e-08,0.00012693127338677225,0.550577487938219,4.182526839962989e-05,5
0.0003474174569119952,0.0036357184791735594,0.4519126514750713,0.0003363994971855636,3.87375320828934e-05,0.5437166998012221,1.237575835268093e-05,5
0.0005273826922824322,0.0473821408469459,0.7662577147954007,0.0003537753292443644,0.00014395642988989814,0.18532957100362915,5.458902607614682e-06,2
0.607651804553275,0.049182981180703,4.8015606357189585e-06,1.0865938881387374e-07,4.102013622234813e-06,3.2696009777960954e-06,0.34315293243139744,6
0.8915961582040588,0.09615935010300304,1.3165350554234143e-05,1.8683766001456026e-07,9.871268633490253e-06,6.299258951068993e-06,0.012214968977139185,0
0.9665603895631703,0.032211839226970934,7.949038943770063e-06,1.1648949326356748e-07,4.9686020176199275e-06,5.128071674990477e-06,0.0012096090077292235,0
0.9553712655390836,0.04316768509227828,9.571233302487118e-06,1.4026200213648834e-07,5.982565871704471e-06,6.174579183773779e-06,0.0014391807282780537,0
0.9545084279789078,0.04546986315934106,3.6126777277459115e-06,8.417134034971757e-08,3.868491470865675e-06,3.7053699368127102e-06,1.04381512750534e-05,0
0.927596486479797,0.07237368659679808,9.842373219419886e-06,1.2778167785290365e-07,5.685692514416772e-06,5.625173433432492e-06,8.545902559906194e-06,0
0.9089104800400495,0.09106931942511681,6.7241193176690885e-06,1.0799264275653598e-07,5.415492004109041e-06,4.242911314421945e-06,3.7100195548229057e-06,0
0.8965948253280617,0.1033736370550105,8.847738669482936e-06,1.1221122938758577e-07,5.448298848400716e-06,4.59227211253571e-06,1.2537096067680775e-05,0
0.8850028656641613,0.11495491854317692,1.0596520020899771e-05,1.1246188817746286e-07,5.146519106514072e-06,4.4185030165912265e-06,2.1941788629656372e-05,0
0.8724802005987454,0.12747701584076715,8.6577398786188e-06,1.098015743670826e-07,4.797402305341153e-06,4.313982233713243e-06,2.4904634495229805e-05,0
0.8795745319104534,0.12038651876146744,7.925309562682123e-06,1.3684428750947448e-07,4.897223690262567e-06,4.204472421166946e-06,2.17854781171908e-05,0
0.9143058751043202,0.08565754486120872,7.227825613762548e-06,1.151227140999032e-07,5.164625672492183e-06,4.204260307826329e-06,1.9868200162796697e-05,0
0.8945030675720139,0.10546840045101082,8.680237024152121e-06,1.3785455988524104e-07,5.079932429315836e-06,4.473115805194326e-06,1.0160837156855976e-05,0
0.8894217808298189,0.11054952485586958,9.082988048282131e-06,1.442508213030214e-07,5.315634286618293e-06,4.68066220819939e-06,9.470778946973105e-06,0
0.870952351213659,0.12902066740262474,9.04229623730671e-06,1.1773514751219912e-07,6.348304111948857e-06,5.604814778328972e-06,5.868233441207798e-06,0
0.8512395688609294,0.1487275786209227,1.3099348792046238e-05,1.560320708907153e-07,6.672335749418637e-06,8.137735955515698e-06,4.787065580139356e-06,0
0.7738273300768853,0.22613489388782315,1.3127151113406483e-05,1.563632364964467e-07,8.845947020999996e-06,7.109175576825538e-06,8.537398343671096e-06,0
0.7161222841602737,0.28382544670618093,1.6849031114456552e-05,2.0069617650665484e-07,1.4643009526022576e-05,9.076447950839271e-06,1.1499948777577385e-05,0
0.4802862969155864,0.517205175301321,3.090161486277863e-05,3.0830925134970774e-07,0.0024381360010660167,3.310447300702955e-05,6.077384905383191e-06,0
0.21159892075707884,0.7879945244631646,1.3131409312755812e-05,1.3824590223934646e-07,0.0003810183722882011,6.6515098426138385e-06,5.6152424107728485e-06,0
0.1887091912138727,0.8109287378344464,1.0038633907919157e-05,1.3621485436835015e-07,0.00034090852149555443,6.553788791313794e-06,4.433792631767599e-06,0
0.2661223353035398,0.7334462751716402,1.3164750118560065e-05,1.3859691024389617e-07,0.00040575788219269983,6.332927117352902e-06,5.995368481220123e-06,0
0.3120437025454933,0.6865858414262093,1.5468983097784245e-05,2.585885153539595e-07,0.0013398408030327266,1.0033249914155089e-05,4.85440373720398e-06,1
0.3651209480149146,0.6312116336987446,1.628985212785319e-05,3.834722652688811e-07,0.0036296953842904797,1.1156414417019924e-05,9.893163240356623e-06,1
0.5158019172235305,0.48014382623441004,1.5059701835647237e-05,2.613860359616072e-07,0.00399846217405081,9.735401301938537e-06,3.073787883490839e-05,0
0.47979122241818173,0.5144912428225616,1.914611559942936e-05,3.042964383982098e-07,0.005640230245274413,1.2543542648268847e-05,4.53105592960477e-05,0
0.2723482616490408,0.7182536056662562,2.321350557376015e-05,3.107925077332543e-07,0.009344862084201969,1.4594276666859002e-05,1.5152025752568023e-05,0
0.30076378752919414,0.692793706635499,2.1118866512154357e-05,2.803977401614893e-07,0.00640278517950466,1.2664445119568624e-05,5.656946430331757e-06,1
0.28133472211198657,0.7137458148602203,2.215017517369112e-05,2.965561779149774e-07,0.004874310450564456,1.3394257164520052e-05,9.311588712618596e-06,1
0.15972751127878948,0.8401297708267436,1.7285139398754893e-05,4.0826148695935146e-08,0.0001121700222729405,8.416565327456774e-06,4.805341318757144e-06,1
0.3349086519566869,0.664803214389637,1.5921815532960674e-05,1.832523984502545e-07,0.00025424284216612206,1.05130962966042e-05,7.272647282069873e-06,1
0.2826232031923446,0.7152344182076271,1.5257731281328223e-05,1.7560910980438613e-07,0.002109855270898142,1.007460473940601e-05,7.0153839996573525e-06,1
0.28524020922649623,0.711179530920895,1.575469954821153e-05,2.028648541661761e-07,0.003543418560635341,1.060609741862493e-05,1.0277630152326617e-05,1
0.2501918734793732,0.7435205440344426,2.4916015245638502e-05,3.78628155633532e-07,0.0062297628035105496,1.6270994643740833e-05,1.6254044628447e-05,1
0.2476345477147417,0.745346324308841,3.0352581174931453e-05,4.242058348073329e-07,0.006955827937184481,1.82296291580447e-05,1.4293623065257278e-05,1
0.2990040636563418,0.6832083225837547,3.657317973643615e-05,5.111445432676145e-07,0.017715392197100305,2.4070996510309767e-05,1.1066242013123077e-05,1
0.359482381973258,0.6192831399652369,6.749456440293066e-05,5.256666990906466e-07,0.021058078412785255,9.066706894598112e-05,1.771234867189488e-05,1
0.44861454936843914,0.5389078055488171,6.948181907983195e-05,5.260181128536876e-07,0.012313611394166016,8.416463539044432e-05,9.861215994735367e-06,1
0.4354379056971559,0.47388577895635486,0.0007731804701537322,2.980090147153008e-07,0.0869139325298859,0.002983960133438858,4.944203996112025e-06,0
0.46406431399848774,0.4137648815544731,0.0009565031978098668,2.5537556618777107e-07,0.11702452002305172,0.004184628632700649,4.897217910813561e-06,0
0.1906069415311257,0.7363944923047336,0.0026093376281064104,2.194822484500406e-07,0.06688693878313083,0.003498162813126601,3.907457528412218e-06,1
0.15531137382347787,0.7744940792360063,0.002542208447637369,1.6009678554125815e-07,0.06483873848352575,0.002810152575050508,3.287337516677458e-06,1
0.14626753169464624,0.7845353645209185,0.00395045039062925,1.8378969309822173e-07,0.06179781223870683,0.0034448835310267765,3.7738343793587228e-06,1
0.1188977482868401,0.8313647217588944,0.0023345684663631343,2.9924939486117264e-07,0.04578377361038825,0.0016154052619834819,3.4833661359047176e-06,1
0.16115453022603843,0.7788282546354605,0.0011665662450344103,2.150263281308171e-07,0.05809515632172792,0.0007505451946125834,4.732350798144195e-06,1
0.16914169624345496,0.7721364995933836,0.00026490587529459306,1.613845082053209e-07,0.058154700000227856,0.0002975288602591114,4.508042871945165e-06,1
0.00762788739610173,0.12700526836556936,7.941095558434172e-05,3.135702125601584e-08,0.865010542588053,0.00027552447236251046,1.3348653078886282e-06,4
0.015671165352778158,0.22814126027566664,0.0002879045580788032,5.4281799688906264e-08,0.7554751544578673,0.0004224263041154984,2.034769693912238e-06,4
0.06812276905131574,0.7512999000412622,0.0007749309211678078,1.8446778394294523e-07,0.17759338159227037,0.002203944629585229,4.889296614745917e-06,4
0.06599086801034144,0.8794073377225279,0.00017030968309380632,1.4916966109510607e-07,0.05342276507410315,0.0010022117121444363,6.358628127976017e-06,1
0.09778606658990144,0.8943688180651184,0.00042897796179002743,2.903195095365874e-07,0.006635884507308165,0.0007691735635851527,1.078899278736566e-05,1
0.18642856212283682,0.8094475600997263,0.00031598317483771043,2.3382809580321302e-07,0.0028273957952926507,0.0009740004327921241,6.264546418423557e-06,1
0.2662996227141291,0.7296401029483005,0.00031934907135678097,1.8827433197801605e-07,0.0030118845186867557,0.0007181481343894148,1.0704338805322449e-05,0
0.5064906641789042,0.46048254941148864,0.0007632607946801368,2.9388227106055133e-07,0.03041835898133798,0.001810225912658212,3.4646838659772644e-05,0
0.4120776068744822,0.5275327154602515,0.000928917770181242,3.5766603739128403e-07,0.05525379635041809,0.004167128698090109,3.9477180539402006e-05,1
0.4779257550853321,0.4931935598840886,0.0009046305326637689,2.7275259100175826e-07,0.026377685587340834,0.0015797433284569203,1.8352829526706914e-05,0
0.07881943299005277,0.9107621892894623,1.4946385786303347e-05,1.375797181516665e-07,0.010388818136526598,1.0985188573462512e-05,3.4904298804811626e-06,1
0.18919980829098784,0.8041549795202247,2.3232011539852994e-05,2.0645370408840704e-07,0.0065979886958842,1.9755589499845707e-05,4.029438159376654e-06,1
0.22306764998066575,0.774807281880625,2.0117465004175113e-05,1.7126391359474134e-07,0.0020863200440400013,1.534431833308238e-05,3.1150474184559185e-06,1
0.00032923366458375203,0.033648027151718905,0.9482128262301643,0.002727134349121727,9.489840353679586e-05,0.0149850703070095,2.8098938652938248e-06,2
0.00040039174400096283,0.04016826039592816,0.9318802763964422,0.003981092360888852,8.149369748382649e-05,0.02348377359840457,4.7118068512766265e-06,2
2.902779546381449e-05,0.003625357523027532,0.014110882571552217,0.9791004617020278,4.761288702550786e-06,0.00312933557506239,1.7354416382005287e-07,3
0.0005435719446756073,0.11160167924491822,0.7835829225279125,5.98838780495785e-06,7.409529954929852e-05,0.10418878926430998,2.9533308294882413e-06,2
0.0003900339196484778,0.14891240034759912,0.5538567467208767,0.0015070776753212248,9.359114891105638e-05,0.29523675637302776,3.3938146155012154e-06,2
9.712252167275062e-05,0.0038823304929262244,0.9600493462617394,5.528847768563884e-05,1.7655928412512192e-05,0.03589291137891099,5.3449386524224165e-06,2
0.0003064730063006378,0.008167524435724457,0.8234849172904694,0.0002723732383908449,3.6176492325979335e-05,0.16772939026542888,3.145271359799568e-06,2
0.000423006197307407,0.009433190665717139,0.7558527554274853,0.00042609640729649123,6.0381942166864623e-05,0.23380030745553507,4.2619044919934495e-06,2
0.00011212088790195859,0.004234728346277585,0.8299043838411301,0.00856300452552043,2.4021021439986535e-05,0.15715775235238935,3.989025340790249e-06,2
6.533791640564031e-05,0.0022154158358797843,0.986601262381783,0.001820285034326442,1.3636325820271194e-05,0.009283647669791293,4.1483599350580927e-07,2
0.0005150522685198189,0.01228370302966451,0.655605556468304,0.007490179216408378,8.050802861369374e-05,0.32402224340144886,2.757587040786456e-06,5
0.00025847658220877576,0.0069462576533515326,0.6836775051322846,3.154595970576352e-08,2.2076071249978353e-05,0.3090812842019055,1.4368813039724769e-05,2
0.00027519767348233357,0.008533281951596243,0.8769809333753839,0.00012213643121273345,2.806069615576021e-05,0.11404808368652324,1.230618564577811e-05,2
0.00036062839681180134,0.012356446556518309,0.39273678182809496,0.5278271993216632,6.977713011273056e-05,0.06663939672790334,9.770038895657706e-06,3
0.00033592018313169706,0.012694755413203978,0.9229883721983643,0.0001381056878415255,5.223709791992969e-05,0.06377685796469712,1.3751454841617128e-05,2
0.00020532483277280265,0.008394561991380842,0.9612847383354116,0.0003764668529071757,3.4563096543162016e-05,0.029693824098252216,1.0520792732082656e-05,2
0.00014642764727724428,0.006329367149365867,0.9783906955013076,0.0001663266072101521,2.8548801247980645e-05,0.01492695379995784,1.1680493633408787e-05,2
0.00015244749166445863,0.007509585421012852,0.9774034108057209,6.921320535468869e-05,2.391639104138614e-05,0.01483070944232603,1.0717242879668533e-05,2
0.0001576348667437229,0.007699315725061366,0.9783088238260621,6.185914751311906e-05,2.442142267166836e-05,0.01373978359118524,8.161420763084446e-06,2
0.00017735001616943285,0.00747164004453012,0.9856927094570055,0.00016685077565447749,1.233771688919411e-05,0.006466605830269918,1.2506159481288402e-05,2
0.0002240954564790627,0.012103139061582986,0.9702239778532392,0.00010984705937867709,2.424963272938257e-05,0.01730354792286176,1.1143013728884049e-05,2
0.00026087714068073574,0.011378260244976651,0.9280408073404497,0.008294466577333971,3.211116326449653e-05,0.05198432427918074,9.153254113578441e-06,2
9.97256986317772e-05,0.00477567531393054,0.9547121864516843,0.0002728807513305101,2.065652306624552e-05,0.04011719059231946,1.6846690374103758e-06,2
2.6336866158164626e-09,1.2712718251737783e-07,7.412682979000771e-06,0.9999878654169586,4.498904461186009e-10,4.591605051005623e-06,8.425169855069968e-11,3
0.0,0.0,0.0,1.0,0.0,0.0,0.0,3
0.00035862828591230907,0.010464538204343541,0.9311159670324545,0.0004678936777750297,0.00012880796701471615,0.05744564058390879,1.8524248590935954e-05,2
0.0005045343112400409,0.01462624072243853,0.574000789435529,0.0004738502499015898,0.0001142824172279386,0.4102650120438061,1.5290819856729057e-05,2
0.0004215571397065767,0.01386300618234971,0.49450271231006954,0.0003837022511624124,0.0001051836782941839,0.49071767446754466,6.163970873068951e-06,2
0.00032123142045809304,0.010546437596198416,0.3856670111578127,0.00045015973893201307,8.347125575170332e-05,0.6029231702010261,8.518629820853494e-06,2
0.0004923021379598971,0.018563095963210867,0.6300864436187821,0.0012116841537900258,8.197338316969413e-05,0.3495434820650596,2.1018678027928356e-05,2
0.0004490476498866397,0.012179611530796079,0.43277348915532193,0.0034152556873336395,7.925746111927345e-05,0.551098804681069,4.533834473549657e-06,2
0.00035938199219245497,0.014539766602434338,0.7846090237428034,0.0007226510271962905,3.1837261852875964e-05,0.1997270969762662,1.0242397254328434e-05,2
0.0002510546648789273,0.012473498195741279,0.8303043669178461,5.901378477635139e-05,3.3466439753879295e-05,0.15686574610397389,1.2853893029578538e-05,2
7.599826400770307e-05,0.0024893321802520667,0.3779829616047821,0.5536789942278213,1.008810248988513e-05,0.06576219209182999,4.3352881688885915e-07,2
0.00013263834704514284,0.004317137374412108,0.9257000742855879,0.005266315171336328,2.1178467055119487e-05,0.06456196076717535,6.9558738814433e-07,2
0.00010591273817067957,0.0034092076233264443,0.9214849932966859,0.043187877027555846,1.4805260899407496e-05,0.03179666194206268,5.421112991572887e-07,2
0.0003237545089288007,0.012368506155686371,0.2797575362516991,5.958427539251145e-06,6.805177437146562e-05,0.7074725553676982,3.637514076890478e-06,5
0.00026640418199203123,0.005625633039770952,0.1997377773204944,0.00015868993998399708,3.962096708633526e-05,0.7941703361055821,1.538445090166338e-06,5
0.0002393705904968459,0.005064461784545785,0.15763998628977893,0.0001464544205693957,3.560039567170104e-05,0.8368727441888743,1.3823300630134447e-06,5
0.00021784945791719778,0.005642817588739647,0.178102066331957,0.0006284504055311935,3.652228544317977e-05,0.8153707537398199,1.5401905917857437e-06,5
0.0004583649534052112,0.004454821424675903,0.32851513253367365,0.0005232302873481755,8.287963455181961e-05,0.6659588775539252,6.693612420038986e-06,5
0.0002673797871563931,0.0010649579469376477,0.9043582790451465,0.0006846052160389451,4.2473360060876444e-05,0.09355400597599926,2.8298668660600877e-05,2
8.711370225578339e-06,3.4620943136836984e-05,0.009057857843137946,0.9881698218903864,1.7132808506864734e-06,0.002727067076313077,2.0759594950316995e-07,3
0.0004442858834365146,0.005961578448587045,0.2673408932748722,7.335631579008844e-05,4.963591845330375e-05,0.7261075694480948,2.2680710765944523e-05,5
0.00027876151106319235,0.003647883440156498,0.1622689420770482,0.0001638564991660948,4.331408019578551e-05,0.8335829699204937,1.4272471876584944e-05,5
0.7557454467799617,0.06644892470341789,5.95477404589364e-06,1.347566254892534e-07,5.087213534673717e-06,4.054876428753746e-06,0.1777903968959856,0
0.9063406908471124,0.08458501525258033,1.1134743497410889e-05,1.5802005509450801e-07,8.348736615494218e-06,5.3276691991589004e-06,0.009049324730940082,0
0.9515918503499895,0.04838490918860611,7.13905688992595e-06,9.268503107382025e-08,4.234479041086249e-06,4.080157525193056e-06,7.694082917230453e-06,0
0.9092297226079548,0.0907480792008618,9.463978408024081e-06,1.0761170677286983e-07,4.7017235693537596e-06,4.227944761572494e-06,3.696932737865168e-06,0
0.8817775659997263,0.1181845684563428,7.578065996048129e-06,1.2070124152305088e-07,5.1481224846291715e-06,4.1876961719938665e-06,2.083095803663006e-05,0
0.8610872194138534,0.13888292508898498,1.0968968048777795e-05,1.1064686445919543e-07,5.8536143157873465e-06,5.127097684425027e-06,7.795170248176814e-06,0
0.8948270785691842,0.10514090647144582,7.673210291315785e-06,9.896821733979777e-08,5.921949287286016e-06,4.679524518248293e-06,1.3641307055990435e-05,0
0.8872777777486279,0.11269962210743695,7.505036263323493e-06,9.813326177992917e-08,5.110552710228692e-06,4.995198469814841e-06,4.891223229767566e-06,0
0.890355709211552,0.10960788936180023,1.208502917727828e-05,1.4455992282469325e-07,8.739482882264404e-06,7.539414653549164e-06,7.892940011591561e-06,0
0.7501892499709855,0.24975924097942712,1.5897303754132897e-05,1.8935973579405844e-07,1.3110966498219906e-05,9.7839144972458e-06,1.2527505101928064e-05,0
0.7589786243055711,0.24098079402320705,1.4215861413730332e-05,1.6933134090044019e-07,9.25224399254313e-06,7.698780481228303e-06,9.245453993706993e-06,0
0.6292518462463371,0.37063389517726053,1.5526443838386644e-05,1.9446551986207566e-07,7.963300826998008e-05,9.159850952398872e-06,9.74480782168701e-06,0
0.42716361676569115,0.5726760628703487,2.0668115978631405e-05,2.461869661424275e-07,0.00012003846694238059,1.17898521367451e-05,7.577741936161144e-06,0
0.20154274574658884,0.7980631106020895,1.3499236345824375e-05,1.3196618363464357e-07,0.0003698103067873904,6.349369891762273e-06,4.352772113133652e-06,0
0.4849246415629571,0.5071180959042808,1.5214176422907911e-05,3.103908592503095e-07,0.007904430190920082,1.0118057614321207e-05,2.7189716945585453e-05,0
0.4884965496398745,0.5032438644314846,1.561365767693421e-05,3.681868179398983e-07,0.008206387117904862,9.313324208963252e-06,2.790364203230182e-05,0
0.4490085722713908,0.5406828530105207,2.9741912324910163e-05,3.876412837428389e-07,0.010189488395531106,4.9840122293193723e-05,3.911664665544402e-05,0
0.3198010449902777,0.6739460285716983,2.2258668418961916e-05,2.980087326643102e-07,0.00620715364515263,1.374215074771931e-05,9.47396497198272e-06,0
0.14232112423217674,0.8556914189632594,1.594639587606793e-05,1.498008270001949e-07,0.0019402468362274693,8.447891685901015e-06,2.2665879947381925e-05,1
0.1549351326163132,0.8437834107875711,1.49183928237682e-05,1.2569179014149147e-07,0.001249421917682332,7.903288472353732e-06,9.087305346903823e-06,1
0.14433536107460546,0.8556269884025439,1.424127352079364e-05,1.2594828421617354e-07,8.561391894935923e-06,9.319277721258463e-06,5.402631429572273e-06,1
0.3722653337023823,0.6276763457071375,1.612483053684767e-05,1.8558900298550136e-07,1.7707989989009364e-05,1.0176484761716568e-05,1.4125696189721558e-05,1
0.40978840143600825,0.5901540367089237,1.553843598666862e-05,1.7883988523972585e-07,2.1644000282416893e-05,1.0901589878862672e-05,9.298989034775299e-06,1
0.3487615184147953,0.6511736490031161,1.4120326916637272e-05,1.6251813551154134e-07,3.3927973964726045e-05,8.755068429031259e-06,7.866694642585532e-06,1
0.3424234701836131,0.6572823945973656,1.574169440418556e-05,1.8117929134816078e-07,0.0002612140691653644,9.760369750020242e-06,7.237906410487358e-06,1
0.30829605178237984,0.6271606869382749,0.0023562381368264426,2.695775581145358e-07,0.059884605967167916,0.002297955335256168,4.192262536636983e-06,0
0.4097457784222407,0.4766688233390161,0.0008679960606076832,2.6743290929489306e-07,0.11003696635017023,0.00267565250549714,4.515889558860684e-06,0
0.3724015800564467,0.5366978404197477,0.0006731872916033699,2.8636191718571234e-07,0.08632379934826963,0.0038997534275192814,3.5530944961373695e-06,1
0.19306547504290025,0.7234407226062238,0.0024393467542072693,1.6861914038697488e-07,0.07761384949880143,0.00343662732376232,3.810154964651557e-06,1
0.1699673799413789,0.7498606091884338,0.0028962140881231085,1.7566658873733048e-07,0.07436392392786018,0.0029080901485008257,3.6070391146870125e-06,1
0.15146986867870585,0.8214018656632568,0.0015094672614726224,3.25838992406769e-07,0.024268595911853565,0.0013460837674992851,3.792878219298018e-06,1
0.11528928529633303,0.4448852130027158,0.00010552668903870686,1.1255632059230552e-07,0.4396458413134045,7.10997326847016e-05,2.921409502755448e-06,4
0.011957316000718414,0.18221487844222523,0.0002491674124443465,4.498802207187942e-08,0.8052222912736756,0.00035438674724360303,1.915135670699543e-06,4
0.012215003473730255,0.18902401907260064,0.00024906286551828013,4.706415682749236e-08,0.7981357256231303,0.00037437768669739503,1.7642141662758087e-06,4
0.06392337808583566,0.9041093314384379,0.00018538785889456874,1.5302391129287753e-07,0.030451766831593428,0.001323459838774018,6.522922553128471e-06,1
0.1313200884407248,0.8633490964267255,0.0004711558277999725,2.399791969490346e-07,0.0035317925391838497,0.0013186420585234676,8.984727845467282e-06,1
0.13076937708814207,0.8647608205703546,0.00045951556644822857,2.4083021349838047e-07,0.002765062103033479,0.0012359672522337852,9.016589574254905e-06,1
0.11201344785611515,0.8788312537041043,0.00031726045158290587,2.468070479052667e-07,0.008048842849785298,0.0007783467720682376,1.0601559296351436e-05,1
0.10136112216850335,0.895157899976237,0.00034153003071533137,2.4701745638503114e-07,0.0024792409034071123,0.0006517017955928005,8.25810808816131e-06,1
0.3179485124781073,0.6784896602863026,0.00031903145874752386,1.8866575621128974e-07,0.0025622948216357227,0.0006666763749878433,1.363591446276333e-05,0
0.5265204438907388,0.4347435358241062,0.0006069007224676557,2.999017348857053e-07,0.03669222971505586,0.001401229308218301,3.536063767832542e-05,1
0.48097237978033486,0.47782865719751816,0.0009490951295366266,2.861589857308957e-07,0.03876856590901082,0.0014472795118587267,3.373631275504792e-05,1
0.46143672136706493,0.5116852496217759,0.000556826025727483,2.806731566662442e-07,0.024934083108956447,0.001365391704717357,2.1447498601241057e-05,0
0.42421649230820974,0.5167206392677887,0.0003936482068568941,2.7875398940694215e-07,0.0576179157757289,0.0010297248410295154,2.1300846396953585e-05,0
0.06165795109680661,0.8794916149707095,8.661930503096337e-05,1.400053333284422e-07,0.058672431773371496,8.492157683474114e-05,6.321271913426829e-06,1
0.07573967046518533,0.8871759074411837,1.4961708489398562e-05,1.5023835769897455e-07,0.0370548218411036,8.827918197897556e-06,5.660387482286248e-06,1
0.08867876824692734,0.884146836505405,1.6120600508850492e-05,1.4086362586484592e-07,0.02714252325428833,9.511704007196478e-06,6.0988252372308266e-06,1
0.10066240933225314,0.8869252035528172,1.652988149675786e-05,1.4408510915068923e-07,0.012381109303718683,1.0581144222810002e-05,4.022700382288185e-06,1
0.23705777143387066,0.7589211443977294,2.640932048591088e-05,3.092111692170795e-07,0.003966443396330099,2.2693730523969727e-05,5.228509890839846e-06,1
0.16028161138890992,0.8378779400115487,2.0347490525068813e-05,1.7275444850634925e-07,0.001805863502225164,1.0922694210254802e-05,3.142158132155416e-06,1
0.15630203603761586,0.8428329683692586,2.136865907461484e-05,1.8152384039361672e-07,0.0008266113292492262,1.326536687054201e-05,3.5687140909108246e-06,1
0.0002520936613065959,0.025331509338649666,0.9608361571936963,0.002190232037733284,6.291526159048105e-05,0.011325135411195557,1.9570958281493696e-06,2
0.000259447072049778,0.02602835274503454,0.8544337281346965,0.10403242151176335,5.2806536397109905e-05,0.015190190828983341,3.0531710754377234e-06,2
1.341314483307038e-05,0.003209111132671443,0.0175145909665838,0.9703063512184628,4.494160973143173e-06,0.008951911673422701,1.2770305309288634e-07,2
8.992296420186826e-05,0.003528929737458858,0.9448275283487838,0.00010136312047458254,1.3388238185302315e-05,0.05143574931879482,3.118272100647539e-06,2
0.00010835095598866638,0.003997435245794375,0.9013125538922516,4.8659679886821175e-05,1.79243770413137e-05,0.09451145014051844,3.6257085188934284e-06,2
0.0001279449542333861,0.00580848426285366,0.8296709476194071,0.08341790362141041,1.655538061062646e-05,0.08095074343207802,7.4207294066075286e-06,2
0.00015704890911037868,0.006629597332363541,0.908840643410073,0.00017983101074799937,1.7742033883242705e-05,0.08416650840411459,8.628899707013046e-06,2
0.0002513054092671154,0.009854895998025743,0.7898049283506815,0.00018916652128460568,1.3779603636178262e-05,0.1998787615396071,7.162577497703019e-06,2
0.0005780603175150978,0.023844605163210394,0.5779810894252057,0.0007449625024001938,0.00012458952167860123,0.39671972916034276,6.9639096473366756e-06,2
0.0002612664582007757,0.010842704423498427,0.6871292960863352,0.015157333208047189,5.673751169808978e-05,0.28654867502593806,3.98728628214137e-06,2
4.27192133715449e-05,0.0018731588806033925,0.7968991006986934,0.19020657015875211,1.0242677070317341e-05,0.010967692490300765,5.158812086624106e-07,2
6.92023794794675e-05,0.002950873484129544,0.9736834098220174,0.0008040621076196373,2.2047984380838233e-05,0.02246988503579404,5.191865789112159e-07,2
0.00012566142672517421,0.005848162074693584,0.9903841785814376,4.904742371217701e-05,1.4905030419557038e-05,0.0035693043363469335,8.741126664899238e-06,2
0.00023085241242962423,0.012431603477362087,0.9594452663284454,0.00011040036730518438,2.8392023346022657e-05,0.027745711362973904,7.774028137680156e-06,2
0.0002968798574660006,0.020124457528409617,0.9291992568545527,0.00025785024127436367,3.17328671446904e-05,0.05007524099632125,1.4581654831485023e-05,2
0.00026505635501015724,0.0111766402995887,0.9490072118833035,0.0006765749647756394,3.477556907763467e-05,0.03883208518708815,7.655741156034122e-06,2
0.0001043293205285739,0.004996628553377331,0.9562505011916818,0.00025623691434287156,2.1671276656202866e-05,0.03836809375275098,2.5389906619744526e-06,2
5.353221042085509e-05,0.003429854927564115,0.979270080863937,0.0002005402467732618,1.1269757987283252e-05,0.0170335451240502,1.176869267457501e-06,2
0.00020539109901750917,0.011961659944347862,0.8379842085678386,0.001876598907732312,5.3697079854352695e-05,0.14791669445108158,1.7499501276054179e-06,2
1.257823940304925e-10,7.614240180679248e-09,2.207341478917482e-06,0.9999977620238153,1.5264005038456353e-11,2.2874889286352096e-08,4.530201377404663e-12,3
7.002693272402174e-19,3.616624759405486e-17,1.4295221138073938e-14,0.9999999999999856,9.462424209784226e-20,5.3251468434422496e-17,2.6205521373867175e-20,3
1.0355471941853082e-15,3.3193246817774025e-14,1.3946231928618815e-12,0.9999999999983238,4.2606863393295754e-16,2.4687352628346983e-13,2.885891439432892e-17,2
0.0004536977053759223,0.014919956281424038,0.4793722969705834,0.00015521368337274359,0.00014500994392890274,0.5049471914879592,6.633927355760018e-06,2
0.00043254959169824987,0.014185735991168302,0.45850070433557727,0.003550989729044625,0.0001302675823458769,0.5231964251543357,3.3276158299869944e-06,2
0.0002721655889999271,0.013468974659687218,0.5741107680869421,0.00010932418148600858,2.4938710864722373e-05,0.4120050157061353,8.813065884828648e-06,2
0.0002669396218403421,0.014220254668504033,0.7814452948945576,0.00017845062219454038,5.5749793736846e-05,0.2038196432030359,1.3667196130956702e-05,2
0.0007680288132341517,0.022878829371440142,0.5227282272493787,0.0003517618396356767,8.346210077845713e-05,0.45317007857492536,1.961205060760549e-05,2
0.0006267462601970465,0.019439186046976326,0.6216016724721124,0.0004823298073526693,7.091426220124782e-05,0.3577624876106297,1.6663540530612402e-05,2
0.00011906916549033293,0.003845181215274214,0.95241406312929,0.0057147786320131885,1.2662145822373977e-05,0.03789363626001632,6.09452093378207e-07,2
0.00010855358561670277,0.003041913255630837,0.6387057128976518,0.321218939233274,1.2273065710428995e-05,0.036912017237155835,5.907249603911823e-07,2
0.0002045065409959608,0.007230274583733513,0.5285791787332667,0.005376879942878717,3.5435452648802096e-05,0.4585722318162733,1.4929302029838732e-06,5
0.00024152237957477475,0.006807280407902676,0.554612467964509,0.0003331367780327804,3.6164829781422936e-05,0.43796802205118573,1.405589013728784e-06,5
0.0001912229820842333,0.0018546849697631906,0.10368013128673129,0.0001822450187599614,3.777409024280969e-05,0.8940478605846113,6.081067807179795e-06,5
0.0001926881753869613,0.00097818036721145,0.9175082027538857,0.0025260358670057275,3.686878046537819e-05,0.07873620822466419,2.1815831380767924e-05,2
0.000577858955057235,0.006570137705847006,0.6770112415870814,0.0032136310764200567,0.00013154872978073958,0.3124915111505119,4.07079530159624e-06,5
0.0006568871404948767,0.00774719791317426,0.4468538110915156,0.0001389222181456235,4.639465287476397e-05,0.5445215849920343,3.520199176056191e-05,5
0.0005014003873357016,0.007027937469315541,0.36367975209919495,0.00010693572673990674,6.580411479554495e-05,0.6285907388202213,2.7431382397093403e-05,5
0.586089526988271,0.04119504511995877,4.400925926315692e-06,9.959301936358677e-08,3.7597480214868155e-06,2.9967905861372937e-06,0.37270417083421686,6
0.8904744036090698,0.08678942516763127,1.0681565600750658e-05,1.5158872632483187e-07,8.008947656722092e-06,5.110836011906969e-06,0.022712218285302902,0
0.9379809330853929,0.05688330841165893,9.608166532154467e-06,1.3635545400047128e-07,7.169086905720646e-06,4.597244014256055e-06,0.0051142476500420884,0
0.9464009696127798,0.05183936022954282,1.3563327365414423e-05,1.7609012474767856e-07,7.809045011277192e-06,5.936904232397403e-06,0.001732184790943748,0
0.9460463810469724,0.05221510225166245,1.367150271552732e-05,1.7749454494508352e-07,7.871326644344334e-06,5.984254464138027e-06,0.001710812122996103,0
0.957463730395454,0.041308459498650196,1.1159637565768763e-05,1.4187643891668997e-07,6.291775300447432e-06,6.245649520605641e-06,0.0012039711670698355,0
0.9485161309148838,0.051253090606929,7.9032268454227e-06,1.0651074863928636e-07,4.739234735518498e-06,4.720738254074176e-06,0.0002133087676035467,0
0.9435053779267077,0.056449934343720344,9.395371767430958e-06,1.219783421873622e-07,5.427470970400107e-06,5.369700425411153e-06,2.4373208066343016e-05,0
0.9092297226079548,0.0907480792008618,9.463978408024081e-06,1.0761170677286983e-07,4.7017235693537596e-06,4.227944761572494e-06,3.696932737865168e-06,0
0.9035778076776825,0.09639940759018058,9.608585817787904e-06,1.0925598886078064e-07,5.020922528591171e-06,4.292546783495658e-06,3.7534210184006023e-06,0
0.9031346036363828,0.09683880578255609,8.61049551684855e-06,1.1473311693966161e-07,5.446549967453551e-06,4.290441293447377e-06,8.128361166210283e-06,0
0.8564512173368064,0.1435090627646376,7.982338299475465e-06,1.378289880807679e-07,5.422762918781162e-06,4.234726854658179e-06,2.194224149502938e-05,0
0.8791973493360845,0.12076615110512909,7.30469013773239e-06,1.1634698998732309e-07,4.962405917409516e-06,4.036626619949669e-06,2.0079489121504145e-05,0
0.860816469738056,0.13914771355668482,8.302084482518589e-06,1.4846181539463356e-07,5.470809171391388e-06,4.817300881903408e-06,1.70780489080318e-05,0
0.8715927517568635,0.1283773791990233,1.0529788995586547e-05,1.0621674988910292e-07,5.9104248157699675e-06,4.921817306485033e-06,8.40079624558242e-06,0
0.8614586809520515,0.1385129386135456,1.0427027106200622e-05,1.0518016369467764e-07,5.564406320497899e-06,4.8737845067927756e-06,7.410036305488632e-06,0
0.7605435344948229,0.23940632272620127,1.6047303223165825e-05,1.9114644505398184e-07,1.1382389664037874e-05,9.876230905257371e-06,1.2645708738384841e-05,0
0.7605460172301071,0.2394071042495431,1.604735560834053e-05,1.9114706903670215e-07,1.1382426820964669e-05,8.821002896701017e-06,1.043658795479467e-05,0
0.6377959424588868,0.36205427221124387,1.8516951827782736e-05,2.0675590448285767e-07,0.00010207962643245486,9.770614748916041e-06,1.9211380955741138e-05,0
0.7355584823606676,0.2643294935665902,1.3617900975916675e-05,1.6861705065643632e-07,8.205409369698115e-05,8.075042014301175e-06,8.108419004326435e-06,0
0.4351371407326097,0.5626234723746785,2.786733506377273e-05,3.0049095395406665e-07,0.0021614313180177377,4.1258788752589905e-05,8.52895992371896e-06,0
0.423335368824342,0.5755607754663696,1.2948707098274929e-05,1.9515823475879632e-07,0.00106474112819788,8.38025640118251e-06,1.7590459356243506e-05,0
0.5708710249705935,0.4258543831017394,1.7594244416616505e-05,3.288372452312039e-07,0.0032184463875836494,9.416869105670502e-06,2.880558931599268e-05,0
0.6457294615509246,0.3532929400425597,1.566437765183015e-05,2.496232663503361e-07,0.0009150633429728341,1.013110387773078e-05,3.648995874704306e-05,0
0.5990373145116042,0.3996180666536647,1.6510286654301203e-05,3.390318375377693e-07,0.0012897719093654166,1.0966691217995235e-05,2.703091565580139e-05,0
0.21730176316436958,0.781310513738494,1.8014629452891943e-05,1.5177848253614316e-07,0.0013490397839648843,9.543575837601708e-06,1.0973329398387992e-05,1
0.17275929692401257,0.8259559129382047,1.5345430969903295e-05,1.2928971048589393e-07,0.0012536552162876339,8.129519655395625e-06,7.530681159517332e-06,1
0.15819021276969175,0.8417204927401938,1.6488182850708813e-05,1.2632579295550722e-07,5.9997912291943705e-05,7.943153503520923e-06,4.738915675190382e-06,1
0.11869635810784607,0.8812657359884566,1.5583299258718852e-05,3.8627846294504876e-08,1.1818307914491479e-05,7.587896932885811e-06,2.87777174511204e-06,1
0.13476842188678942,0.8651942839968343,1.460039521787206e-05,1.291243177012257e-07,8.77728421539263e-06,8.248443227602523e-06,5.5388693976756395e-06,1
0.3434231885679956,0.6564946712132244,1.5010025427690786e-05,1.5814647251007674e-07,2.6150440299838017e-05,1.1262136643196971e-05,2.9559469936548957e-05,1
0.3080948669447943,0.6918444818086061,1.6448683476035458e-05,1.8931639372988408e-07,1.8063639283551947e-05,1.154020915984149e-05,1.4409398286228016e-05,1
0.4130959498130934,0.5655968813552147,6.760811233042177e-05,6.001607080955221e-07,0.02113346227510552,9.424712274276165e-05,1.1251160805045225e-05,1
0.4298570057332478,0.5168474742925205,6.341000305716061e-05,4.172970812375603e-07,0.05314152431266072,8.287497690064921e-05,7.29338453197879e-06,1
0.12905260623736306,0.8328820126036907,0.0030708057985289255,2.297363529668999e-07,0.03403591197009201,0.0009554890225922446,2.944631380120111e-06,1
0.1395340459734623,0.8310959836182775,0.002362707164100177,2.2893482613536794e-07,0.02600356428049569,0.0010005356709781928,2.9343578599320487e-06,1
0.16238667568463863,0.8226800441622086,0.0035472746178041577,2.44889054561108e-07,0.00972926094006393,0.0016533608560421597,3.1388501880348074e-06,1
0.1582637599641145,0.8279200714650485,0.003809298004040078,1.8139366302546225e-07,0.00788607188740888,0.0021175218075577995,3.095478167174121e-06,1
0.4575458556436825,0.474604399770818,0.0005912269430281827,2.598971960697347e-07,0.06455043789532716,0.0027034312089344935,4.388641013564651e-06,0
0.29409047442140657,0.5989037641705762,0.0013487941008626697,2.424873082981189e-07,0.10138951854423252,0.004262660991322002,4.54528429184644e-06,1
0.13448894676328385,0.34809903092487643,0.00012414028338435059,1.3240985443884677e-07,0.5171938949906624,9.041791816533743e-05,3.4367097732098065e-06,4
0.031458384874260795,0.23565869024837482,5.326508476457973e-05,4.659112845135696e-08,0.7328010808124066,2.7349741507178415e-05,1.1826475577886234e-06,4
0.027881546069795444,0.21869013879299645,5.920110358422174e-05,4.4233734909856625e-08,0.7533428624507628,2.5084540550613476e-05,1.1228085754056851e-06,4
0.07612721696562084,0.6879407846391707,0.00011091482946246521,1.2506486426473538e-07,0.2346659966705104,0.0011495624836832077,5.399346688105548e-06,1
0.09475514810007943,0.9008134479100489,0.0006917038155889354,2.4966981265459446e-07,0.0028762972440819234,0.0008527428409792453,1.0410419408877044e-05,1
0.12949412666737872,0.8650697126890502,0.0005350790566411766,2.414163787766911e-07,0.004350321168680055,0.0005453332659565225,5.18573591449167e-06,1
0.38684438366624535,0.5608315983850356,0.0005636216192356247,2.7576156165824373e-07,0.0502913040694189,0.0014506222017963135,1.819429670645092e-05,0
0.519847388649408,0.41787853254363366,0.000583357226516794,2.8826764875011937e-07,0.060398488950582044,0.0012725037181323582,1.9440644078436957e-05,1
0.34134317871318953,0.630879758777896,0.0005422190904856058,2.945929826510936e-07,0.025214217536824575,0.0019961168612203212,2.4214427401163156e-05,0
0.06653205049552376,0.8621955340244871,0.00010158435783758092,1.3377848495675048e-07,0.07098020301894122,0.00018317565379404776,7.318670931678199e-06,1
0.07575531355304416,0.9014381397558977,6.421581803653624e-05,1.604250987832253e-07,0.022674580142999827,6.435856084451209e-05,3.231744078428107e-06,1
0.00037365848433117957,0.041829407032764124,0.9348049614881427,0.0030524138116694867,0.00010884130161048807,0.0198277674791577,2.9504023241158996e-06,2
0.0002898641042977944,0.02840576065893668,0.9538664112953014,0.0031360043400228865,6.734937077966311e-05,0.014232455309817572,2.1549208440205153e-06,2
0.0002510488131031885,0.02502225161900019,0.8699672994594726,0.09209904419530959,5.889295733647025e-05,0.012599564715057479,1.8982407204485696e-06,2
0.0005581603326980959,0.13185303355164268,0.7343700672141714,0.0007835369529339433,6.523770652790758e-05,0.13236273239478605,7.231847239995881e-06,2
9.6239210911673e-05,0.004076927923226844,0.9510193517785159,0.0002888557246066476,1.6358303344518766e-05,0.04449883946845353,3.427590940974791e-06,2
8.807814568366638e-05,0.003738172148835512,0.9494918456799376,0.000118850415367365,1.556876699907185e-05,0.04654442808543253,3.056757744053073e-06,2
0.00013462042058038894,0.005997040782876499,0.8771523331834747,3.560584993819381e-05,2.414527663205043e-05,0.11665174973246743,4.504754030655601e-06,2
0.00027807268322869,0.009705388797878684,0.7945966040671932,0.00046042647716214123,4.100308969967662e-05,0.19490364970774998,1.4855177087542238e-05,2
0.00033660750328422365,0.014102959238855078,0.7902847855127088,0.0004359944180705109,1.7369271646626982e-05,0.19481269024153486,9.59381390003795e-06,2
0.0007007085329208194,0.02855608765886928,0.4724758468385389,0.0009423162113233154,0.00011262828537698068,0.4972069732594593,5.439213511224557e-06,2
0.00022958084580030616,0.008856297696830532,0.823768939729867,0.000562242287051778,5.303462437541346e-05,0.16652692051496348,2.9843011115008386e-06,2
3.183291031699423e-05,0.0016109393408451098,0.9877465139179282,3.780437581754661e-05,3.291027754879563e-05,0.010539608842910983,3.903346323527517e-07,2
8.157263885020142e-05,0.00346845605127103,0.9748647056277734,0.0003641636171690593,2.5915196044606308e-05,0.021194576617099666,6.102517919010375e-07,2
9.194213668361441e-05,0.004074489653114225,0.9750008081067117,0.0003504825401160443,2.910131135274871e-05,0.020452491628014977,6.846240067607833e-07,2
0.00038835587541727475,0.013226999323036396,0.325502165554999,0.0016806710024410163,5.393036685135854e-05,0.6591431911472483,4.6867300066456595e-06,5
0.00020671807149961658,0.010916192387807224,0.925431130736286,0.00018286137496995627,5.107357603174727e-05,0.06319802938120864,1.3994472196823585e-05,2
0.00013188446141790432,0.006944800019513772,0.9854567782458341,2.263468469301405e-05,1.5655087374252773e-05,0.007422220292794214,6.027208372825425e-06,2
0.00011290845958602113,0.005802240710964935,0.990706590246453,7.744275708270953e-05,1.3724745064702459e-05,0.003278420591894605,8.672488954136397e-06,2
0.000198334073825715,0.013074414683014537,0.9344066378240027,0.0002220428610010416,3.9167012349555135e-05,0.05204707435047152,1.2329195335012705e-05,2
0.00023232847116265229,0.014826749401825122,0.9318110906279226,0.00024650202673187854,2.58621213053807e-05,0.052850737217313426,6.730133739275244e-06,2
0.00021894325395575463,0.015405222237800453,0.9463155670270544,0.0001343382988395725,2.437211833944501e-05,0.037894162450172304,7.394613837757987e-06,2
0.00029518246880534503,0.012912271158241104,0.9552496200052137,0.0006170624666688443,3.2338756019167545e-05,0.030883555619482545,9.969525569089584e-06,2
0.00027710895289418205,0.01604702501141404,0.8134776826069409,0.001572687670966266,6.0511822460481194e-05,0.16856263631019555,2.3476251287080262e-06,2
0.0001786648971741546,0.006057323043131081,0.9812317205237137,0.0013754038547685093,4.7668928424065876e-05,0.011099818398917953,9.400353870519557e-06,2
0.0002971033067022841,0.009915711428471212,0.7023388673830556,0.00038806107228889436,3.218964399528684e-05,0.28701952155523097,8.545610255559516e-06,2
0.00038084067359751454,0.02028792627090932,0.6885955691589241,0.0004108468141675945,8.630145936935356e-05,0.2902190167410572,1.9498881974951028e-05,2
0.00013479050104970113,0.0036296563705824534,0.8111295144591618,0.09431466507618097,1.4655766635769688e-05,0.09077601296453564,7.048618535643514e-07,2
0.00012709229016211442,0.0034052895212580902,0.909622200966622,0.046865799499361906,1.351534718753708e-05,0.03996545185718233,6.505182258778805e-07,2
9.577553760063821e-05,0.0026450759578402964,0.3544307103589598,0.6121408153205469,1.1269173922248506e-05,0.030675832461522723,5.211896072724095e-07,2
0.00025161388912232566,0.007108221883902751,0.4905025125632952,0.000277407620882913,3.781951952426227e-05,0.5018209560267061,1.4684965664207092e-06,5
0.00016530804374089456,0.0056601410728163125,0.8218949728269893,0.004150571709513324,3.048706426715325e-05,0.16809735055865516,1.1687240177251416e-06,5
0.0001615469393410346,0.0014928114296999147,0.14870468614255952,0.00034527815417443583,2.7054779453248035e-05,0.8492629294555905,5.693099181307695e-06,5
0.00016172826504467098,0.001786782759839169,0.057521355792780934,0.00020237464843720122,3.2327879209843693e-05,0.9402867674262315,8.663228456442811e-06,5
0.00039513272875678574,0.03871991421660963,0.5262941604885549,0.0003996216642763947,9.303484198364228e-05,0.4340952832256525,2.852834166140873e-06,2
0.000642071175657209,0.007936033404473243,0.5989393238894978,0.014035003721868156,0.00012574070347225538,0.37830819451002795,1.3632595003410943e-05,5
0.0005323122598168004,0.007031580705555388,0.26987384619542554,0.00010682488475864507,6.437953930587429e-05,0.7223638022517892,2.725416334852052e-05,5
0.0003770035862186325,0.005053561817479201,0.22434754513991934,5.522980288553377e-05,5.6443865908824185e-05,0.7700893997145647,2.081607302362643e-05,5
0.00044087483590697505,0.005115146700254323,0.2298172782531738,3.4210811966593414e-05,7.073960011867498e-05,0.7645146460529703,7.103745609307902e-06,5
0.0002158574073339471,0.003681525528596375,0.2646738402563922,0.00026866239067921947,8.031044657005576e-05,0.7310775696449925,2.2343254358017137e-06,2
0.0002260139057412195,0.003831970724951329,0.6764391414098531,3.181457193732926e-05,9.466696454651017e-05,0.3193739904104449,2.4020125254984955e-06,2
0.607540748088575,0.03819913693525107,4.5620024014006096e-06,1.0323818239762594e-07,3.8728353893622395e-06,3.1783613419974535e-06,0.3542483985388588,6
0.8637743002984416,0.08350901280705936,6.097724863200564e-06,1.3521772908486596e-07,5.666898077731341e-06,4.837458026962864e-06,0.052699949595801966,0
0.9153083256059044,0.06376913210176897,8.01416142714563e-06,1.1373393832990433e-07,5.979727719685776e-06,3.834556314873279e-06,0.020904600112926674,0
0.9540496055580264,0.044616891327037264,1.1427109801365263e-05,1.4527690851723685e-07,6.442575467170015e-06,6.395344152728179e-06,0.0013090928086066235,0
0.9463092983151796,0.05320311129556847,1.325969756973999e-05,1.3121347313037186e-07,5.912814904558389e-06,5.815605185109062e-06,0.0004624710581191853,0
0.9252215282756404,0.07429664844884298,1.418614281397754e-05,1.403812612735149e-07,6.225468859174023e-06,6.221937210237836e-06,0.0004550493453719246,0
0.9278867796533669,0.07161854012344773,1.4321452533474717e-05,1.417202403980493e-07,6.284848385809216e-06,6.281283051435545e-06,0.000467650918974217,0
0.951622008421137,0.048323519649168895,8.335186598252474e-06,1.0759586675969953e-07,4.7048578906995315e-06,4.768832542084232e-06,3.655545679652789e-05,0
0.9362545000758631,0.0637190080237418,8.22311206894961e-06,1.2021067415274492e-07,4.817131177834241e-06,5.2918845801778215e-06,8.039561893627523e-06,0
0.8575513495256433,0.14240882682910283,8.070405197416648e-06,1.3826897119851213e-07,5.14919959159765e-06,4.281447407424337e-06,2.2184324086601637e-05,0
0.8421827440558791,0.15778947341646848,1.010469397492572e-05,1.0192870465784906e-07,5.671816790459385e-06,4.723120064739161e-06,7.180968117511208e-06,0
0.8524923337364088,0.1474816362345033,8.532274842851686e-06,1.0251071706924435e-07,5.4231830598276525e-06,4.750089057501463e-06,7.221971410786195e-06,0
0.8679897428594184,0.1319840647011875,8.687382576677384e-06,1.0437425350124045e-07,5.210982696725403e-06,4.836440653382903e-06,7.353259213853102e-06,0
0.8777178762352995,0.1222565624507119,7.92285603535219e-06,1.0359652879513282e-07,5.4359907651712705e-06,4.800402844636185e-06,7.2984678149286615e-06,0
0.8373612608570598,0.16260937224513036,1.0066841755553547e-05,1.3107523442796274e-07,7.586259271733771e-06,7.91170364114922e-06,3.6710179070602833e-06,0
0.8828266322469496,0.11714324618215922,1.0000159241257515e-05,1.196209150134964e-07,7.23177571413784e-06,6.238739353903828e-06,6.531275666757211e-06,0
0.7125897099259054,0.2873605567576252,1.5987206741825937e-05,1.9043060958875617e-07,1.4370269770284876e-05,8.787939921173588e-06,1.0397469426416418e-05,0
0.6321962860052379,0.3676328496538853,2.2124652943474523e-05,2.470386418478438e-07,0.00011411773497139512,1.1420534994316166e-05,2.295437932570053e-05,0
0.6550228443842812,0.3448523695017466,1.9375854758127908e-05,2.3173081807005995e-07,8.285347142710569e-05,1.071285810687326e-05,1.1612198862074133e-05,0
0.6122697352215354,0.3875867447605354,1.9986223321620827e-05,2.4285803380008594e-07,9.607285116382808e-05,1.1151284066404651e-05,1.6066801343573995e-05,0
0.6238722240293413,0.3758581382522373,1.9623641629294497e-05,2.4893218233897927e-07,0.00023068368772883116,1.1921320075718032e-05,7.1601368051306056e-06,0
0.4333011071903657,0.5646961812248878,3.0302715250745105e-05,3.038195029313672e-07,0.0019215311999251266,4.195041455180659e-05,8.623435515938858e-06,0
0.7315872430095053,0.26821855012758133,1.6262478457317742e-05,1.680574037301785e-07,0.00015022601185061377,2.1536042701536417e-05,6.0142725000483376e-06,0
0.6581428180928975,0.3409488222366102,1.3834118921818907e-05,1.6667787946036454e-07,0.000859024661029156,7.171835372221667e-06,2.816237728953177e-05,0
0.64537965811572,0.35268961838585927,1.5319825197722918e-05,2.215337097841624e-50,0.0018720052844677097,7.14300084549263e-06,3.625538790997369e-05,0
0.7313197513166912,0.2677066936239864,1.2150990249059037e-05,1.7571048707692553e-50,0.0009256082375332746,7.039702845087909e-06,2.875612869495556e-05,0
0.8077548075792579,0.1912801747708285,1.07734886588925e-05,1.458164763869951e-07,0.0009220337776046805,6.967869081989487e-06,2.5096698091851278e-05,0
0.8580058920171293,0.14147351106463465,9.528892511024688e-06,1.514462836038976e-07,0.00048293398357326846,5.5205847709072135e-06,2.246201109706249e-05,0
0.8318412501298039,0.1675514645327638,1.1101694765703557e-05,2.398295927552555e-07,0.0005656560451109838,7.37412142145862e-06,2.2913646541568515e-05,0
0.6024536710762781,0.39583928308058103,1.7248092093311196e-05,3.0642478996702106e-07,0.0016422942323286052,1.1456766563020944e-05,3.5740327365932465e-05,0
0.23440265024829768,0.763899880583529,1.3518440995597797e-05,1.8099076696175695e-07,0.0016667712881561023,8.174629488867099e-06,8.823818765719073e-06,1
0.14379159151855317,0.8561593363648274,1.3082390932657685e-05,1.1022294124315851e-07,1.917171722068089e-05,6.453102577570255e-06,1.0254682947319564e-05,1
0.12094774660159585,0.8790140982150308,1.4486494558096141e-05,1.1098966628202237e-07,8.931730560793862e-06,6.567815894102551e-06,8.058152694190831e-06,1
0.1363950141794827,0.8635595218828486,1.794362881894014e-05,1.3747683171493086e-07,8.619638176242967e-06,8.78200064634695e-06,9.981193195568043e-06,1
0.31732998029800485,0.682555042942278,1.9951353687783674e-05,1.5285920819568708e-07,1.4376255966928679e-05,9.764624689330929e-06,7.073166616474482e-05,1
0.34867649390385974,0.6512518479065607,1.502216674935961e-05,1.785790855494902e-07,2.569632387988394e-05,1.127124636951438e-05,1.9489873495263987e-05,1
0.2974539758914568,0.7024791518967023,1.5942954825638363e-05,1.8349570148794568e-07,2.8383061786508333e-05,1.1108736287973863e-05,1.1253963239527063e-05,1
0.278785056886565,0.7211566757935587,1.4703967138147508e-05,1.6923555226608027e-07,2.3709055373398862e-05,9.116944616985266e-06,1.0568117195492656e-05,1
0.262226910101871,0.7336366064813556,1.5705510175767768e-05,1.9858336168929404e-07,0.004102953275945427,1.0723402164618817e-05,6.902645125800194e-06,1
0.3710031004602697,0.6227352628350195,2.6690319528325284e-05,3.730222880068868e-07,0.006209210679615501,1.693755600989148e-05,8.42512726945588e-06,1
0.296962348370343,0.6206429258239132,7.346149395131981e-05,5.786923264750907e-07,0.08221578191157197,9.602029404011493e-05,8.88341385407183e-06,1
0.15692123757960616,0.8113845227323713,0.002494409042189827,2.4910817554899676e-07,0.02811615498197928,0.001080258388081312,3.1681675963884825e-06,1
0.2386876468098844,0.7494299866404492,0.002806247813567614,1.4754072262564882e-07,0.007081492856598505,0.0019885365073579265,5.941831419582482e-06,1
0.22482842870259084,0.7683840836012246,0.00166116809807588,1.5628803783009833e-07,0.003525653010505345,0.0015940364539012237,6.47384566437823e-06,1
0.2831748259707322,0.6996778713762011,0.00034648353481410405,2.937891492008317e-07,0.016518516990205064,0.00027636038797235435,5.647950926051886e-06,0
0.47254569999451335,0.5065923050605413,0.0005233098841545575,3.082144106319656e-07,0.019119921563798718,0.0012133070062974867,5.148276283908766e-06,1
0.4084636757559297,0.4769245692832428,0.0008192291058685817,2.2477841824236597e-07,0.10893122541462735,0.00485676519121251,4.310470700910652e-06,4
0.3976463854752993,0.4407453549476663,0.0005807940041835325,2.1900235892819283e-07,0.15905220648159837,0.0019708403829833874,4.199705910255262e-06,4
0.3247890180518111,0.5485624565647439,0.0009444853825346199,2.288898556474965e-07,0.12243266127010319,0.0032668594330421,4.2904079093430876e-06,4
0.11340797350911427,0.2343402985181683,0.00030244641318870303,1.6972118308791844e-07,0.651174504233585,0.0007732307170425296,1.3768877181148274e-06,1
0.11181922885376225,0.1658654516128852,0.0001779293025502073,9.493826310335005e-08,0.7213996583507265,0.0007364497693197779,1.187172492938006e-06,4
0.17370165716690156,0.22064413497159882,0.0001159938905947892,1.2379140410519872e-07,0.6052575947182331,0.0002775608471558151,2.93461411173937e-06,4
0.044234666395934354,0.6736003611687399,0.0003945013852787941,1.6602264643886523e-07,0.28071816373714964,0.0010443637178494062,7.777572401530808e-06,4
0.06672114769340108,0.5812908633284285,0.000114383661745263,1.2734041115703023e-07,0.3510295410971575,0.0008384386472553654,5.498231601176495e-06,1
0.062497954276155496,0.8912374093160527,0.0001651403430838196,1.4270445697263265e-07,0.045358273857678794,0.0007350574382779636,6.022064294396682e-06,1
0.1165563338730035,0.8796698514433733,0.0007326836853330384,2.432757448251028e-07,0.0024618315417933123,0.0005689123731817457,1.014380757012061e-05,1
0.2135903823409829,0.3923538387549871,0.00033380623461022656,2.0789429758965911e-07,0.39316625658217647,0.0005504739804526333,5.03421249316347e-06,0
0.07716916695756329,0.855828487271329,0.00017414325875866204,1.5602033573183157e-180,0.06655539894084891,0.0002653326002670819,7.470971232882386e-06,0
0.07492743191604853,0.8172895747075566,0.00022530031947984522,1.268108645436554e-07,0.10718710390154958,0.0003628279166507539,7.634427849975983e-06,0
0.0690157667590807,0.8306137197132053,0.00024444697870525394,1.278259030711271e-07,0.09979096772012082,0.00032919963505443684,5.771367930651437e-06,0
0.08565760946943222,0.884583896857555,7.021843482819752e-05,1.780253713511804e-07,0.029591621293490956,9.252934186233013e-05,3.9465774599176316e-06,0
0.10963241885541576,0.8522130208504246,1.7633091055215995e-05,1.7370425637438722e-07,0.03812009928191434,1.2330866456063741e-05,4.32335047781261e-06,0
0.10262052597920832,0.8958530497383536,1.7768967648956775e-05,1.931615801800748e-07,0.0014892813173000212,1.5672439330742584e-05,3.508396578148224e-06,1
0.11843503026446432,0.8814012885415029,2.137593073286991e-05,1.6649614875975382e-07,0.00012787483073103544,1.0995263929854563e-05,3.268672490359686e-06,1
0.1580994814224851,0.8417294962637449,2.2793699267753466e-05,1.773824754872443e-07,0.00013177736555097385,1.2788397764094245e-05,3.4854687115668108e-06,1
0.00033289864171477906,0.03515288033803027,0.9454069155529937,0.001336730398063716,0.00010284165128470706,0.017664892244753146,2.841173159803199e-06,2
3.0416158329866465e-06,0.0002975433148179578,0.0015979109836879088,0.9978764840480288,7.588280914415439e-07,0.00022423844529747105,2.276424353923085e-08,3
0.0004621539904218744,0.07090761124394138,0.8495600169097101,0.0013095862500796401,5.760014794545169e-05,0.07770043139368786,2.6000642135915826e-06,2
0.0007250681951359027,0.14284706867764674,0.6793132127263293,0.0009471744341187297,7.745141185487106e-05,0.17607847043819766,1.155411671669566e-05,2
0.0005496934490075026,0.09150276873255642,0.45246426785350013,0.0006072607999795067,7.987231268740392e-05,0.45478867443332305,7.462418945858232e-06,2
0.0004232406972662905,0.02692123577861015,0.819268396840013,0.025268192391758034,8.076698872214339e-05,0.1280354003847161,2.7669189142778335e-06,2
0.0001071214384170456,0.004713715511085424,0.9476373862394841,0.0001706427953886135,1.898800538776847e-05,0.04734833084520802,3.815165029142192e-06,2
0.00015973107160734666,0.007720911842825761,0.923291908905596,0.00012871974483667705,1.5984057384758835e-05,0.06867421123696238,8.53314078736235e-06,2
0.0001222005851592623,0.006271989090637292,0.15638353181876882,0.004817852795669663,3.080881675450256e-05,0.8323675409394977,6.075953512752168e-06,5
0.0003715010264964959,0.012325115442584966,0.8780513599642389,0.03291736688644697,5.236378026911887e-05,0.07623929739647868,4.299550348468493e-05,2
0.00031432437708313815,0.014723251832816565,0.9093167345641894,0.034599187995326956,4.589789831098952e-05,0.040989127719908716,1.147561236424576e-05,2
8.689412124192402e-05,0.004526153285065375,0.9919482107291856,4.2789232369260416e-05,7.989986296122698e-06,0.003382403608917165,5.559036924583411e-06,2
0.00011386706506227999,0.00772695560107919,0.9862485450378135,0.00012084529803379435,1.0929162951847768e-05,0.0057699927072225815,8.865127836792476e-06,2
0.00024078628291711402,0.018617909517728307,0.9335980428030098,0.00020017416562156197,2.9454809998504836e-05,0.04730469569464443,8.936726080595422e-06,2
0.0002187841980416708,0.016669766896185868,0.9507927912234646,0.00013457833148505387,2.084660691286982e-05,0.03214547422738046,1.77585165294934e-05,2
1.3070409482283732e-06,1.2382235562326878e-05,0.0031814473262819997,0.9966034398204291,3.811627923910955e-07,0.00020103321451128372,9.199474927570232e-09,3
4.0730515948127475e-05,0.002573776765893565,0.9843455566112014,0.00020546268245229135,9.914936283767844e-06,0.01282367248440117,8.860038196936202e-07,2
6.157819380867255e-10,4.112663878762028e-08,7.152701446025542e-06,0.9999924973290393,8.715037991885745e-11,3.0811287183572147e-07,2.707168724132502e-11,3
0.0004745073868897381,0.015814432072173683,0.8922402406998673,0.00028338004054416055,0.00011575146989588392,0.0910573075307274,1.438079990196393e-05,2
0.00034982686847864444,0.011858738455097944,0.74621966352807,0.000827845244995404,6.956897016253682e-05,0.24065708355279258,1.7273380402722365e-05,2
0.00045494740101204815,0.013870594190939734,0.6417472086825706,0.020991196053200305,0.00015391598124462328,0.3227737185057157,8.419185316838338e-06,2
0.00035763432670071624,0.017698665365692284,0.7771049131842013,0.0002278537754755324,3.55985748001021e-05,0.20456585199918056,9.482773949451148e-06,2
0.0003373308018250368,0.01790712494358697,0.803234681688013,0.0005522501843849031,6.294688899813664e-05,0.17788839429831346,1.727119487834273e-05,2
0.00020427353058976121,0.00994413067172615,0.8794038444637563,8.291197687167319e-05,2.6232511657038846e-05,0.11032769416085947,1.0912684539792634e-05,2
0.0003865964252900076,0.01494083206412447,0.789846056665898,0.00011224358552368453,5.654784788624453e-05,0.19464006653313246,1.7656878145118452e-05,2
0.0001394967826362638,0.003676765720227477,0.908208394775837,0.0409814247833615,1.4834475375875383e-05,0.0469783694522987,7.14010263254074e-07,2
0.0003334449274705855,0.012604574115748652,0.16491988810875277,0.0016158738227303915,4.9459565518641886e-05,0.8204722678536644,4.491606114470235e-06,5
0.00030648581641648894,0.009180763862900189,0.1543454841964049,0.00019409653079272463,3.8845654050418105e-05,0.8359305396156688,3.7843237664205035e-06,5
0.0002903309703582832,0.00875862322252249,0.1709098230166974,0.00024138450287009746,3.7059492297255064e-05,0.8197597991863912,2.9796088632841722e-06,5
0.0003280261189141265,0.002753302874141673,0.4295008647180402,0.0007562098020954748,8.26026281072859e-05,0.5665741079512281,4.885907473119461e-06,5
0.0001391834117427189,0.0015219291239115345,0.1889609604681326,0.00012745369974883673,1.8437187464856572e-05,0.8092269469711797,5.089137819868635e-06,5
0.00017356811520799319,0.006475627952196507,0.07802527673604022,9.992020232256366e-05,2.1326069654038802e-05,0.9151982920834343,5.988841144397418e-06,5
0.0005344917251760372,0.007488922737214193,0.7071293499964536,0.00136757830905683,0.00012702171122822378,0.2833361436423511,1.649187852006339e-05,5
0.0007924459056614274,0.01131705148091247,0.5337858581137488,0.017545133502469234,0.00013499426373139213,0.43639470236877376,2.9814364702877157e-05,5
0.0006181503431173213,0.008198153192878659,0.5212242811976263,0.024917918113259222,0.00010814760944492807,0.444909296343784,2.405319988951106e-05,5
0.00018464257740912648,0.002164993423919486,0.1219258485573906,0.0004905822368959438,3.084959326629329e-05,0.8751953516452746,7.731965844051221e-06,5
0.0007483373355884399,0.035424756477567904,0.4307802560262209,0.00030210582408737266,5.300865964043717e-05,0.5326513153005308,4.022037636402073e-05,5
0.0007585193151564162,0.03576513262386713,0.5035397429185793,0.00022524296365728728,0.00012795919104015174,0.4595419047481386,4.149823956100386e-05,5
0.00041887170068973233,0.0054313796847061425,0.21696047914249017,0.0001197402592871811,4.824003738090573e-05,0.7769998431209129,2.1446054533103335e-05,5
0.0002990490048054591,0.001219834888531627,0.9317431766582153,0.001264177623683454,7.39534166473566e-05,0.06539097345075265,8.834957364229995e-06,2
0.9042481570709107,0.07846471563160337,8.075716917966432e-06,1.3503438780416624e-07,7.3630681042522085e-06,4.7216362716739195e-06,0.01726683184180426,0
0.9560874395792432,0.04260027278448218,1.441166740338847e-05,1.4261297617479899e-07,6.324438418889183e-06,6.32085062546843e-06,0.001285088066850393,0
0.9332560766188319,0.06621758245139665,1.1211856501363963e-05,1.4254031680543004e-07,6.3183479443447005e-06,6.274874588905987e-06,0.0005023933104198309,0
0.9520965272024119,0.04788072731981323,7.059515038364422e-06,1.0345393139004792e-07,4.220182801330022e-06,4.554223392725787e-06,6.808102610746331e-06,0
0.9074680651542653,0.09250630733784923,9.521782775528535e-06,1.451013610862879e-07,5.5782067925875735e-06,5.7008717536341095e-06,4.68154520250248e-06,0
0.901592808704996,0.09838106137271788,9.587477471815686e-06,1.3940395168889272e-07,5.3746999277533475e-06,4.283116825297209e-06,6.745224109450034e-06,0
0.8877939459140666,0.1121767886621597,9.44074129017429e-06,1.0734748534246397e-07,5.1117610265057886e-06,4.217563794240218e-06,1.0388010177445598e-05,0
0.8909482248008932,0.10902070983496091,8.184755500050583e-06,1.3273782402354426e-07,5.1772490578720625e-06,4.078303380505112e-06,1.3492318383415226e-05,0
0.8788182011152819,0.12113685928606556,7.705319007046868e-06,1.0404377756387223e-07,5.505817445673032e-06,4.087764775015065e-06,2.7536653647300388e-05,0
0.8551033744811347,0.14484881762483803,8.900795543115858e-06,1.090138245660093e-07,5.484620417271244e-06,4.461417535193049e-06,2.8852046706963517e-05,0
0.8806921743001124,0.11926436754975146,8.04443589404571e-06,9.159511437529458e-08,5.213796089998791e-06,4.032177481729706e-06,2.6076145555965775e-05,0
0.8842295000994848,0.11573880015304734,7.806634767895501e-06,8.88874762468802e-08,5.059671351104789e-06,4.118822307954609e-06,1.462573156457621e-05,0
0.8636582985675566,0.13631605717807482,7.882634519729948e-06,8.975282044919092e-08,5.084082833274784e-06,4.1589201840000166e-06,8.42886401078997e-06,0
0.8224243786087475,0.17754772545143238,9.562603908925674e-06,1.2450980948545403e-07,7.206271274303546e-06,7.515414466843866e-06,3.4871403604238455e-06,0
0.8856563343057766,0.11431477564027877,1.0709696631778132e-05,1.2810833104785268e-07,7.618424491673569e-06,6.503459542569819e-06,3.930364947330618e-06,0
0.8902782525406658,0.10969655242629334,9.339932733004563e-06,1.1172335087196256e-07,6.644032481048124e-06,5.671670893009576e-06,3.4276735827700223e-06,0
0.7934689983147705,0.2064934937710238,1.3856188207494297e-05,1.6504711608103642e-07,9.815122725798204e-06,8.607908894752388e-06,5.063647261633625e-06,0
0.8526829541918183,0.14724974759774004,8.716348784332503e-06,1.1902858384758085e-07,4.94012227292882e-05,5.624905560944631e-06,3.4367047834394366e-06,0
0.43518348698295234,0.5632189856512843,2.6623986583610047e-05,2.669360254667239e-07,0.001529227624570978,3.3832262173105915e-05,7.576556410248972e-06,0
0.4726654144051049,0.525512657511296,2.6384038246289e-05,2.827378680743008e-07,0.001751401206304051,3.583503448899298e-05,8.025066691665096e-06,0
0.4612934772406933,0.5367253447779243,2.5964823743139053e-05,2.866590513597322e-07,0.001910483352427637,3.633201686785908e-05,8.111129292478004e-06,0
0.3021064062184728,0.6975566914918823,1.5594150622777665e-05,1.5244570077834994e-07,0.0002957722643847232,6.443479623739673e-06,1.8939949313003484e-05,0
0.5948900658780965,0.4045533553851468,1.2987775601232491e-05,4.606935061477754e-42,0.0005279607458255413,7.232343778497622e-06,8.397871551618129e-06,0
0.7422610663397271,0.2567358431186495,1.689144738283281e-05,2.0078474069726388e-07,0.0009560583878974583,7.589625678649944e-06,2.2350295923802093e-05,0
0.673201617527894,0.3256306833231073,1.5230474954955102e-05,3.127514908043406e-07,0.0011108658889862856,9.730475681623604e-06,3.15595578852357e-05,0
0.5228544863086639,0.47592216691577216,1.3741965044968824e-05,2.821855567279521e-07,0.0011728675221930386,8.779493553763895e-06,2.767560921543188e-05,0
0.5110824933968481,0.48766995356872106,1.40811752872376e-05,2.501622299172368e-07,0.0012018188894138365,8.996208857988872e-06,2.2406598641867426e-05,0
0.15384772524885051,0.8461078268823877,1.1884608565223381e-05,1.2153472731561128e-07,1.2248838362347082e-05,7.115361405340368e-06,1.3077525701345864e-05,1
0.13882841845037458,0.861125021329344,1.4682405734816348e-05,1.2370353041331346e-07,7.587105951483985e-06,7.320159078059662e-06,1.684684598665828e-05,1
0.3360800409410054,0.6638076039928829,1.8015809626609915e-05,1.51788425842305e-07,1.4255055618303382e-05,9.696223263416508e-06,7.02361891774667e-05,1
0.25480082222036093,0.745143799355311,1.226980854415974e-05,3.6915563787381076e-08,2.4518983530135418e-05,7.543970689629248e-06,1.1008746000330927e-05,1
0.308424484948401,0.6914915379959747,1.3318493381782839e-05,1.5328941921874573e-07,4.282761497560382e-05,9.280063347694187e-06,1.839759449982711e-05,1
0.17112882652418213,0.8288040557059136,1.4019587349975003e-05,1.613586718077016e-07,2.380219651036868e-05,9.768571788627065e-06,1.9366055583474662e-05,1
0.3029500915902141,0.6948722800756645,1.604530897835119e-05,5.974850043807909e-08,0.002146546764700412,1.0594638409732082e-05,4.381873532616305e-06,1
0.2984373714146123,0.6990645881062273,1.5565016158144315e-05,5.993368652827753e-08,0.0024673925987739437,1.0627475713593758e-05,4.3954548279006995e-06,1
0.1884591032356584,0.7454838394516936,3.33276446930571e-05,5.02151790075684e-07,0.06599561691860988,1.990214530030046e-05,7.70845225471866e-06,1
0.570547196370902,0.31678608417938786,2.870823493630349e-05,2.4844457395642745e-07,0.11257839257462725,5.059662981375716e-05,8.773565758838894e-06,1
0.1581342830721019,0.8246904745076191,0.00191831820994138,1.93598663604598e-07,0.013965629191442935,0.0012874729333779518,3.6284868528760678e-06,1
0.16418127617918593,0.8148106459576975,0.002622735097604685,2.570306401464854e-07,0.017267202628290523,0.0011146141807679736,3.2689258134401e-06,1
0.16621531247995391,0.8225737365572591,0.002064940220291443,2.4913002686358587e-07,0.008010429538152935,0.001132163628813475,3.1684455022687976e-06,1
0.15768590281842887,0.8293886867786744,0.0024816317320176147,0.0,0.008781075256094518,0.0016591212750262164,3.582139758410567e-06,1
0.1448417195207183,0.8415465948381955,0.0018234348769971876,3.663140134289048e-179,0.009717156568796256,0.0020677497135638,3.3444817289536953e-06,1
0.2036274787161995,0.7914658022078905,0.0004603631486842162,1.6640546816511946e-07,0.003911092362804258,0.000529408392018771,5.68876693428109e-06,1
0.48915037665950095,0.48723834448355097,0.000482208402636062,2.6868101732783926e-07,0.021454398334199817,0.0016665092176881434,7.89422140687943e-06,0
0.45580097398353314,0.5163308253813557,0.0005320438868679693,2.723977723036791e-07,0.025022453037128776,0.0023061110360780945,7.320277264077917e-06,0
0.43736473268783405,0.44273402058148,0.0006592090171710435,2.4087710002983074e-07,0.11443708436378025,0.004800093285035052,4.619187599582518e-06,4
0.3607158621457326,0.5289719627492719,0.0006206559216106247,2.2071564458397046e-07,0.10612309672644761,0.003563648934281691,4.552807010705971e-06,4
0.34777214822763586,0.5402338863465694,0.0007845145962375203,2.2395722130104287e-07,0.10768169108952742,0.003522916110246519,4.6196725617685e-06,4
0.11089520738061233,0.1644948175947911,0.000165536184480548,9.415373798517213e-08,0.7239909034790654,0.00045226384505443024,1.1773622582668084e-06,4
0.06434290385741755,0.35959256747213986,0.0001804269449673866,8.701014730292948e-08,0.5756550755416018,0.0002267305485731051,2.208625153135587e-06,4
0.04697304479771785,0.3258730723474711,0.0001984902708970152,9.763080826626182e-08,0.626754996550138,0.00019834587127535018,1.9525316925408912e-06,4
0.049030527923633,0.767907764177027,0.0005379782751394786,2.2314815651223655e-07,0.1801149113035648,0.0023967546718335346,1.1840500645748743e-05,4
0.07643970427553932,0.7494589056442671,0.0005495270141283446,2.3091652815581487e-07,0.17058194401775714,0.002959631426743676,1.0056705036266568e-05,4
0.06472119625668095,0.9039886033208527,0.00016918181813317532,1.4331131145696585e-07,0.030182059669642873,0.0009327679500964944,6.0476732823675225e-06,1
0.13994032623919503,0.8519439042092267,0.00045323665248025107,1.9361285334015713e-07,0.006608332145019036,0.0010458367653610314,8.17037586471194e-06,1
0.09697064160929637,0.9001429376011758,0.0004108763747485676,2.4356512304690926e-07,0.0021332646068879793,0.0003368417075376962,5.194535230534489e-06,1
0.11736786742966436,0.8795309701894539,0.00041702443039763127,2.1445500889520268e-07,0.002176940519909147,0.0005017907161905688,5.1922593755682345e-06,1
0.2560009075095266,0.7358552487369224,0.0004038148331226931,1.6755812076245248e-07,0.007108433591846264,0.0006273709511407319,4.056819320581047e-06,1
0.23395643463844507,0.7563616053870762,0.00048007720895356824,1.698386283854102e-07,0.00856169126771578,0.0006359096255421183,4.112033638714056e-06,0
0.10491787296470996,0.8882799140642611,0.0007118045345474926,2.1856552490037473e-07,0.005537054002670039,0.000547844087498884,5.291780787430933e-06,0
0.16789543171080157,0.3671132025723525,0.0005076522094127509,2.069519500025913e-07,0.46377079022553175,0.0007066980041475011,6.018325803972881e-06,0
0.2578763215738589,0.3681638539315655,0.0003033070303326893,1.9688935581335174e-07,0.37313772097129155,0.0005112438755987642,7.35572799670566e-06,0
0.4519981297317522,0.4203318210861443,0.0005195201835929939,2.7602735183058446e-07,0.12595476656709143,0.0011846066455503698,1.0879758516981823e-05,0
0.34821000622357406,0.5747451169445685,0.0005181695554349104,2.5737652178985984e-07,0.07519606082412385,0.001319382404068582,1.1006671708071815e-05,0
0.2245355801033892,0.6867319734360616,0.00029528650338847334,2.5954189041771105e-07,0.08729714492004935,0.0011293455492124625,1.0409946008548994e-05,0
0.1518402589387671,0.7838903815603074,0.0001882203873106921,1.6054365398059937e-07,0.0636559297124855,0.0004177803253889628,7.268532086221773e-06,0
0.5856370342134763,0.3722154280423546,3.3443700451779855e-05,3.094299827090675e-07,0.04208675383134695,2.069979209646143e-05,6.330990291205772e-06,0
0.20496843497923156,0.7900880211897837,2.1240819004590644e-05,2.4891580069181743e-07,0.004897417801441145,2.0431043326859537e-05,4.205251411685864e-06,1
0.00042037176345159974,0.04225717376652703,0.9266394120660736,0.008842487981382414,0.00014400288950199532,0.021693399858251212,3.151674812122046e-06,2
0.0006186675528240332,0.11029452326126893,0.740581476446591,0.0011130103701997222,6.608574994251144e-05,0.14730971939512377,1.6517224050088457e-05,2
0.000714889441005748,0.14953798316067715,0.6430207102246452,0.006551453814302395,8.957281439157406e-05,0.2000729337284191,1.2456816558725908e-05,2
0.0004432677756140513,0.15303892526958351,0.4807498902948651,0.0003744215725686371,6.813969828372101e-05,0.36531885102994976,6.504359135332535e-06,2
0.0004740198080882341,0.11706195647214665,0.4342973047797854,0.0022513693535074777,8.604744739579628e-05,0.44580493592269615,2.4366216380368508e-05,2
0.0003215369657022871,0.016599724168851113,0.7560880536506966,0.016220075482736653,4.781252947204636e-05,0.21071998661593772,2.810586603562244e-06,2
0.00039788543173195753,0.026186367554115107,0.7930688819515487,0.006610845115430187,6.842628093672519e-05,0.17366036723065367,7.226435583779234e-06,2
0.00013014575459752934,0.006180263408734143,0.9499411100767235,0.0005559386183545208,2.6505965458702515e-05,0.043161829970453904,4.206205677537599e-06,2
8.070839622262498e-05,0.004136063725168791,0.951222517628244,6.931646812211321e-05,1.1978165752087238e-05,0.04447661462637803,2.8009901122312456e-06,2
0.0001361368167393348,0.006082384777284169,0.7477277371329959,5.920190703886644e-05,1.841021828326625e-05,0.2459715602863929,4.5688612656602325e-06,2
0.0001744802711557797,0.008592311388268267,0.9106582492289057,5.916081319934957e-05,1.617325021921052e-05,0.08049030397688199,9.321071369566569e-06,2
0.00022722664593190632,0.009519217106222165,0.8463779731312361,0.00020353195752443354,2.9682910415810965e-05,0.14363429054171545,8.077706954366291e-06,2
3.239946821863648e-05,0.001431535159004236,0.9892041202096092,0.0001214316535071699,3.055391888604223e-05,0.009179488582212122,4.710085625708578e-07,2
0.0003454975822085113,0.011569655753753795,0.8396623918090519,0.00013567004804236529,5.220394440197725e-05,0.14820028471313126,3.429614941027977e-05,2
4.1727323562686644e-07,1.094113079248122e-05,0.0008791890486160826,0.998651548030426,8.755128653735097e-08,0.00045780587375967907,1.1091883585455932e-08,2
7.578949320736453e-05,0.005224179810665111,0.9839600857925296,4.625821826748485e-05,9.067235484924549e-06,0.010678798065468193,5.821384377135209e-06,2
0.00011977759377710682,0.008128040786979002,0.9828630816643239,8.73121553144028e-05,1.0243403042461512e-05,0.008782219104124796,9.325292438482294e-06,2
0.0002621716491833821,0.01694100992514214,0.9334251686083429,0.00017123765619009705,3.5696544659272875e-05,0.049150565025431775,1.4150591050311462e-05,2
0.00024468234952999726,0.015810886206827607,0.9322569020513587,0.00011711913607335113,2.9844442339510558e-05,0.05152385095106826,1.6714862802744967e-05,2
0.00020225715976629984,0.014880711482196106,0.9363488718922536,0.0002548899154773533,2.116422374621068e-05,0.04827679454443833,1.5310782122449973e-05,2
0.0002742122328948188,0.022243314587920903,0.8890288941314518,0.00035374658790150433,1.8869301036743068e-05,0.08806020540782986,2.075775096423864e-05,2
0.00031232300259345555,0.02385749212515077,0.9306175019224946,0.0004699518194662626,3.8095054376484496e-05,0.044683300511058156,2.1335564859985796e-05,2
8.337628493336105e-15,4.503057700685328e-13,1.8537693353402652e-11,0.999999999980528,7.916176610359784e-16,4.745085811836875e-13,2.815959931031627e-16,2
0.0,0.0,0.0,1.0,0.0,0.0,0.0,3
0.0002542243237802809,0.009009351265541785,0.9793944426166362,6.500301239599483e-06,8.649510348943709e-05,0.011235691058878021,1.3295330434921308e-05,2
0.00027228521947483104,0.009708522962689094,0.9235954904196867,0.0009103946343194571,6.99220696617889e-05,0.06543846576867461,4.9189254932988685e-06,2
0.0003080877438668652,0.010766861483547387,0.9368378806493024,0.00017440013744080135,7.465145502332487e-05,0.051828327722027695,9.79080879164163e-06,2
0.00037527151974335333,0.01361868550457899,0.8928449693956457,0.00013709205101851074,6.366935196117311e-05,0.09294116133395704,1.9150843095358556e-05,2
0.00031839324884376855,0.01299998487636839,0.8623770416907334,0.00017345289162255182,3.2125946296112936e-05,0.1240860811404775,1.2920205658441232e-05,2
0.00033632245010159175,0.01967997764631952,0.6516961157518063,0.00031101644838950576,3.8133206660407444e-05,0.32792884929709026,9.58519963249811e-06,2
0.0005648362611249551,0.03278559391145093,0.6385889318552496,0.0007465689791393268,5.607171782026768e-05,0.32724302048416665,1.497679104831405e-05,2
0.00025948309737571906,0.017538222011544202,0.139422161312795,0.00023405007883716572,7.406482500210111e-05,0.8424692310908242,2.7875836217352153e-06,2
0.00020319346640215,0.011665799515041233,0.8992858432202698,0.00015709842333868658,3.440357968920343e-05,0.08864135725901849,1.2304536240475094e-05,2
0.0005922896976970493,0.026440134749968713,0.6599552163913688,0.00027756574290200864,0.0001006859725778117,0.312613847351033,2.026009445275576e-05,2
0.00019874288767451299,0.0054404007109737805,0.7855252018994113,0.024466766722547908,2.8416898296866424e-05,0.18433934752977005,1.1233513255527907e-06,2
0.00012727469173567734,0.0034443113677085956,0.9337052587549357,0.002019591482269444,1.9333158458534068e-05,0.06068343494581157,7.955990803967171e-07,2
0.00031506408576945365,0.012036502895878362,0.15820410790992498,0.0005037862783042465,5.062418591113011e-05,0.8288848128001091,5.101844102744573e-06,5
0.0007157191237788517,0.02117019533039302,0.4034153010766225,0.00035838821948785786,8.352326871335989e-05,0.5742387255952509,1.8147385753523235e-05,5
0.0004438266248480766,0.004120882764120379,0.6019335950452652,0.000434167604418669,7.970046842976396e-05,0.3929797083401381,8.119152779612308e-06,5
0.00043703984603060664,0.028869723418835303,0.3904836851813692,0.00028622288580691343,7.950579896724308e-05,0.579834482851716,9.340017274678294e-06,5
0.0006801195846407251,0.011409163590708295,0.5150757613398854,0.0012083460823914852,0.0001637556480099498,0.47144192822064096,2.0925533723122512e-05,5
0.0001996766098127469,0.0022482091133688644,0.13344215497756504,0.0015276809922390644,4.0945632346296875e-05,0.8625336663157632,7.666358904737274e-06,5
0.000414161066173874,0.020819702607862603,0.21380516012564796,6.794952500053637e-05,5.430084457265886e-05,0.7648158581252027,2.286770553959322e-05,5
0.00048624378469566085,0.030087517661755183,0.22550983167833455,0.0001285152537162349,5.9838034796471265e-05,0.7437014514149982,2.6602171703681286e-05,5
0.0004421005395609959,0.00839085162676483,0.7061099504590491,0.0009572114902747431,0.00010095301961550847,0.28398212022170666,1.6812643028177615e-05,2
0.6752045085201402,0.03348815721749956,4.7439298727264124e-06,9.980379685593181e-08,3.839704650868803e-06,3.3648995638588393e-06,0.29129528592447573,6
0.9658623600485813,0.03105918213524523,9.953325582714334e-06,1.0766542466738403e-07,6.360205551026141e-06,3.6299554918628835e-06,0.0030584066641232066,0
0.9619995421573769,0.035419402527208946,1.0549135586447685e-05,1.141103195459793e-07,6.606833471734832e-06,3.847246062455162e-06,0.0025599379899741512,0
0.9446217344641693,0.05488490281143734,1.2032961045157283e-05,1.332547660126964e-07,5.909431135059008e-06,5.8661083673965054e-06,0.0004694209690798158,0
0.9313406103801876,0.06811934007730278,1.0602704537014449e-05,1.3479595136778225e-07,5.977777874127039e-06,5.933954048100464e-06,0.000517400310099318,0
0.9461596300324328,0.05381763805958714,7.697607382396686e-06,1.0766663331042418e-07,4.371498916823261e-06,4.7396739152392775e-06,5.815461132304241e-06,0
0.9486423682663301,0.05133516697677041,6.77403004228583e-06,1.1087779288636117e-07,4.258745015436664e-06,4.537700896340762e-06,6.783403152446897e-06,0
0.8581343696864091,0.14181688500343745,8.357844219599035e-06,1.1285472854559104e-07,5.9720777907314986e-06,4.43393727952014e-06,2.986859613504777e-05,0
0.8475891322388264,0.1523794567188413,7.985281788159881e-06,9.59388881840871e-08,7.189927482311128e-06,4.445567019536681e-06,1.1694327153901666e-05,0
0.8316087411632477,0.16836659455661696,7.964816246444606e-06,1.0370582770931472e-07,7.4315881053868066e-06,6.259685731457615e-06,2.9044842242615547e-06,0
0.824492314502484,0.1754704272756999,1.3507882798052897e-05,1.6157995700026136e-07,1.0428827160813923e-05,8.202657115631704e-06,4.957274784477497e-06,0
0.8041246701353543,0.1958375505671925,1.4042266043599913e-05,1.6726357054570808e-07,9.94693219392738e-06,8.491187537081093e-06,5.131648107980191e-06,0
0.7724812193768263,0.22748094296405963,1.4063958611320015e-05,1.6752196020446425e-07,9.962298268003605e-06,8.504304769022172e-06,5.139575505435307e-06,0
0.7229622529281872,0.27699493867131536,1.455693120337972e-05,1.7339397229090807e-07,1.0649091706637671e-05,7.96171084053934e-06,9.467272774649884e-06,0
0.656141449013896,0.3437947950334331,1.9302644706052872e-05,2.2992224078970045e-07,1.8614188523554676e-05,1.039819137361021e-05,1.5211005826879077e-05,0
0.7080173298556608,0.29193268498518354,1.70893939294904e-05,2.0355924309036358e-07,1.0019371983141708e-05,9.205929614511914e-06,1.3466904385273013e-05,0
0.6307728688544283,0.36916434045458063,2.0854112731419374e-05,2.484024547882506e-07,1.664187264535911e-05,1.1483583727482415e-05,1.3562719431950604e-05,0
0.8635219141447608,0.13642632770601892,7.223104047948102e-06,1.061002908346392e-07,3.486718154011076e-05,4.52911076219779e-06,5.0326525793991e-06,0
0.5946672044306998,0.4048914848236705,1.3406453629492698e-05,2.095276912847467e-07,0.0004121035379341508,1.0473021098010184e-05,5.118205276867602e-06,0
0.5175244167576041,0.4811550988013576,2.541823544523916e-05,2.5697959956849896e-07,0.0012502445277174736,3.61433144578689e-05,8.421383818031009e-06,0
0.4894281149935607,0.5100455197487701,2.024390988148873e-05,2.2868871157133235e-07,0.0004664771901937554,1.1003040171692436e-05,2.841242871069696e-05,0
0.5397545985524592,0.46003333587439277,1.3055877243960846e-05,1.27631982265489e-07,0.00016953544883731934,5.27740054647011e-06,2.4069214537933347e-05,0
0.5393038447364528,0.4603671114181089,1.2673339206492937e-05,1.7755777501806532e-07,0.00028551568877041117,7.454110377338139e-06,2.322314930907763e-05,0
0.5562115308841218,0.4433739420387336,1.429902509005342e-05,2.1489948169995065e-07,0.00036208657337331716,9.81943069847502e-06,2.8107148501120743e-05,0
0.5806216457272423,0.4188453900889579,1.636931975023694e-05,2.646278869910492e-07,0.0004961488141858695,1.0696286204077484e-05,9.485135772751215e-06,0
0.6642662524321411,0.33475096287783057,1.8456611977806383e-05,2.2420704366289472e-07,0.0009306201209960662,9.062471590794719e-06,2.4421278420107897e-05,0
0.745849539220238,0.2540862249173046,1.2155950900404634e-05,2.8280683201052324e-07,1.7816227128773363e-05,6.85437068217372e-06,2.712650691381519e-05,0
0.8458048472144547,0.1541558053224882,7.125763878722528e-06,9.824270435595098e-08,1.1193428363783006e-05,4.395983007147367e-06,1.653404510317546e-05,0
0.8214243599777273,0.1785298621158086,8.378017153675585e-06,1.1550748471687981e-07,7.3489583576975984e-06,5.16851549784297e-06,2.476690797021523e-05,0
0.8138455113760135,0.18611523001623817,7.3502351151993195e-06,1.0133748292242206e-07,5.422242507559523e-06,4.656191075395339e-06,2.1728601567462842e-05,0
0.8155926004082306,0.18436807229751756,7.366013926994042e-06,8.596474354072272e-08,5.433882481341478e-06,4.666186560098544e-06,2.1775246539946313e-05,0
0.7927879721551667,0.20717118538644946,7.939248167657315e-06,8.309988393840011e-08,4.99553239448643e-06,4.354749085427466e-06,2.3469828852618577e-05,0
0.6793369907289951,0.32059686614953375,1.2516763956175635e-05,2.2236933485676852e-07,2.6232424946785763e-05,7.996734681512032e-06,1.9174828552112932e-05,0
0.5058768769564455,0.49344380023523415,1.9533604966717967e-05,3.60114615984199e-07,0.0006032277745892959,1.1204060145067866e-05,4.499725400332951e-05,0
0.21699258216403303,0.7829295968151971,1.4343587498829458e-05,1.4668080869730215e-07,1.7259409417635447e-05,8.587561663742135e-06,3.74837813809647e-05,1
0.17737611579371457,0.8225540383289701,1.5777397571235734e-05,1.3292915449599585e-07,1.4870516571405544e-05,7.86608558196763e-06,3.119894843615956e-05,1
0.2731623653959156,0.7267553540211081,1.4234627297115553e-05,1.1993086709185271e-07,1.8522997154060725e-05,7.6611668975727e-06,4.1741860760592894e-05,1
0.24412365423068688,0.7558201825289339,1.4488589929355609e-05,5.395168911419791e-08,2.5773660424861407e-05,1.0095363530164229e-05,5.751674805592993e-06,1
0.2743763740021305,0.7255764224566976,1.2931431067883315e-05,1.4883451913370476e-07,1.78463918620749e-05,9.072544892535942e-06,7.204338830344022e-06,1
0.34802324735268153,0.6279087688892148,5.1480420937021366e-05,4.33380653395162e-07,0.023945251464378755,6.046442577544559e-05,1.0354066359383997e-05,1
0.25475251129376547,0.6461784397218956,5.099878127641017e-05,4.305230969062446e-07,0.09894194558471321,6.538829989058806e-05,1.0285795361866807e-05,1
0.15101620461874823,0.8260342212031722,0.002563330461844128,1.7231076137324353e-07,0.019578315351037934,0.0008039046166399246,3.851437796241349e-06,1
0.1630353590411288,0.8167987456486159,0.002004966659181549,1.7610792077675548e-07,0.017180881588270455,0.0009765702850158754,3.3006698668689615e-06,1
0.1534057947019289,0.8299502369367145,0.0019760902188764615,1.8558486454069267e-07,0.013261244039177136,0.0014029702287200966,3.4782897182286963e-06,1
0.13986701267369253,0.8518086550891658,0.0007398237886172498,1.8541757420066757e-07,0.006294632611152284,0.0012853944173547625,4.296002443137007e-06,1
0.19408704571927687,0.7994432188018226,0.0003928930640490291,1.9204398628697082e-07,0.0057845824634639685,0.00028825957648030313,3.8083309210271036e-06,1
0.24308982046135152,0.7540599054681723,3.226311398034336e-05,2.2097848690923928e-07,0.0027874582705865614,2.52117821740745e-05,5.1199252483769856e-06,0
0.36266273415637107,0.5966276778816227,3.441650057052534e-05,3.1683729272451555e-07,0.04064393261109425,2.4830972975527158e-05,6.0910400731918316e-06,0
0.4896795969574839,0.4921986691149023,0.0002313678159062967,2.7331997399718327e-07,0.0176903338684385,0.00019496228589832245,4.796637396731743e-06,0
0.3800012254804464,0.6060083303496002,0.00016051069335203168,2.6958161312847254e-07,0.013549815953082155,0.00027501020719051915,4.837734715501937e-06,1
0.38623994338430756,0.6026170580002314,0.0001535684626030379,2.3131785596686737e-07,0.010710850799710177,0.0002711444389691393,7.203596322676059e-06,1
0.22372511647876034,0.7569788474383489,0.00015339787521175753,1.8397212356979607e-07,0.01825143175399769,0.0008845543777268913,6.468103830981834e-06,0
0.18109561724711792,0.7835147370049419,0.00015461637807753965,1.6717463743970255e-07,0.034035277165348155,0.0011962587059856755,3.326323891433921e-06,0
0.3806779788170565,0.3698336607853421,0.000557077131046076,2.6383940567046064e-07,0.2448473411847826,0.004079300983425169,4.377258941878763e-06,4
0.15731425534831242,0.28169695441797404,0.0004145319901267012,1.1402693032537193e-07,0.5587810991404292,0.001790907707393933,2.1373688334161862e-06,4
0.16926560475578645,0.3400618873780221,0.0004314403567250931,2.462901439226155e-07,0.4888546599617807,0.0013841631930217718,1.9980645202320786e-06,4
0.17184176217583275,0.17630558069093724,0.00019438645571802718,1.0881575382101243e-07,0.6513311077246124,0.0003244745376247055,2.5795995210728017e-06,4
0.16522454236031037,0.1695164697823707,0.0001869010930776562,1.0462551651601653e-07,0.664639640241784,0.00042986163169602955,2.480265244871137e-06,4
0.1884772744476735,0.19133700511938256,0.00011829771743977245,1.1809314466578747e-07,0.6194821592726586,0.0005823458192220323,2.7995304790419194e-06,4
0.06255293592327286,0.23620910752214527,6.229611514345062e-05,5.43532180815903e-08,0.7011287591134704,4.5328694198594635e-05,1.5182785514224197e-06,4
0.017475009534819525,0.3903134761699816,0.0002789132956808092,9.161987760476233e-08,0.5915090819607302,0.00041752912601943066,5.898292890800809e-06,4
0.047050757285594755,0.6173931423579243,0.00042270735163266323,1.621663787490261e-07,0.334106189370683,0.0010177856751047425,9.255792681719104e-06,4
0.1472253583396933,0.8439233806164402,0.000482908301439039,2.0018046959862382e-07,0.00747498217808001,0.0008847228575427035,8.447526335050765e-06,1
0.11872709001485615,0.8725086299714734,0.00044925754432710753,1.9295666728708195e-07,0.007424377278002105,0.000882309549567387,8.142685106591732e-06,1
0.11131996508603421,0.8853145033060877,0.0006784794196299058,2.110146518382546e-07,0.0023405974332356442,0.00034113477689993186,5.108963460605623e-06,1
0.1088120054418408,0.8881347799324715,0.0006051968770431679,2.1168686458093706e-07,0.0021048062624645435,0.00033787456063273235,5.1252386827771654e-06,1
0.11371214021892,0.8829738177754717,0.0004181470635276866,2.258053403274925e-07,0.002519709299191816,0.0003704927705801264,5.467066968539462e-06,1
0.30348049991593207,0.4337058698785761,0.000487757329269161,2.441151754021356e-07,0.26173901031432834,0.0005818758742863343,4.742572432580894e-06,0
0.40208234160621836,0.5598989755418428,0.0004254373896691554,2.974479236599222e-07,0.03683092922073308,0.0007468258691117315,1.5192924501126068e-05,0
0.0005625335343095745,0.10071725615278827,0.44812651432757117,0.0012179591134394094,8.591373521375481e-05,0.4492570407663503,3.278237032749238e-05,2
0.00038557191519016424,0.024202107590666502,0.7016334781852668,0.0016478233562756245,6.266655138812605e-05,0.2720628311267119,5.521274500807642e-06,2
3.366608575961209e-11,1.5686514509402593e-09,2.2445158124330317e-07,0.9999997389078354,7.669343535179397e-12,3.503030138580128e-08,2.9511858940547693e-13,2
0.0001304190807945727,0.0064384905234528885,0.9475837587379645,5.056740537083955e-05,1.1890123848639741e-05,0.04577775831799941,7.115810569158645e-06,2
0.00013177175021532564,0.006505268706475065,0.9470375097025416,5.134722672614689e-05,1.436086035729321e-05,0.046252552139962655,7.189613722057232e-06,2
0.00013351809614221092,0.005359959250507211,0.9489435686714259,9.092217916541393e-05,1.3645878284802662e-05,0.04545110102816989,7.2848963043927815e-06,2
0.0002110394812443634,0.009083629828930906,0.9282829387071401,0.0001627597428280201,3.505501822138942e-05,0.06221306267206174,1.151454957356895e-05,2
0.00016085585507703224,0.008087033315174205,0.945124122114586,0.0001378346468685825,2.3164512580555885e-05,0.04646514264967279,1.8469060407323052e-06,2
9.986417326864091e-05,0.007970118485990413,0.17066801152598565,0.005003324207106281,2.5074872809618634e-05,0.8162280615731669,5.5451616725977585e-06,5
9.363899394910163e-05,0.005729693159838206,0.10237907829946133,0.003883950089626155,3.556908117823618e-05,0.8878754974650742,2.572910872732035e-06,5
0.00017069197076424522,0.011224442665468131,0.5383429726975181,0.001785770238087518,9.104809258665595e-05,0.44838302998774976,2.044347825433718e-06,2
0.00014345060872299935,0.010468125368910097,0.49361951476546173,0.0004075292002169607,6.292990943303872e-05,0.49529161695476853,6.833192486708178e-06,2
0.00036734610511853855,0.011744805672441684,0.8248134145007056,0.00012988871586474876,6.220989241513013e-05,0.16284004282023545,4.229229321891905e-05,2
0.00019621797347148536,0.005912374383798699,0.7575695201067137,0.050163479224148044,5.324316689553725e-05,0.18609911575006025,6.049394912420362e-06,2
9.997384498131409e-05,0.007130166862903531,0.9864346997115773,8.139731534805994e-05,1.054479019261562e-05,0.0062346641289193535,8.553346077970998e-06,2
0.0002548225841326478,0.01563640298749334,0.9508333110353209,0.00011345312556555264,2.8466325589404343e-05,0.03311979001316607,1.3753928732097428e-05,2
0.00026022913770374603,0.016574781493986293,0.94331096904578,0.0003647887866983093,2.8341542337112026e-05,0.03944667036303069,1.4219630463942202e-05,2
0.00026145800666324645,0.015085551531650865,0.8955365481227854,0.00024184934982732039,3.252432655820525e-05,0.08883147637532808,1.059228718686422e-05,2
0.00021651960289390652,0.014923597922760561,0.9336682876764725,0.0002320240264246694,2.2327308124925848e-05,0.0509255569199293,1.1686543394264584e-05,2
0.0001746826752375398,0.013305614756716001,0.959337756101674,0.00022511713393154158,1.8236122959654566e-05,0.026931838225221345,6.754984259829043e-06,2
6.549300639060171e-06,0.00029505089348752793,0.01221634244202805,0.9865378653681284,1.692152396015177e-06,0.0009422339720034179,2.658713177636423e-07,2
0.00020809279610562386,0.012932815230768753,0.8551417513916468,0.0004694785560267061,5.2939688974246276e-05,0.13119315558894504,1.7667475328957894e-06,2
0.00019487713618860855,0.006997840290476109,0.9520733995652364,0.00022274857647094917,4.560776480807942e-05,0.04046053265502906,4.994011790916611e-06,2
0.0004764112319422031,0.026747389811964367,0.6638687300307073,0.012834964789170832,0.0001029866385574978,0.29594561691782206,2.390057983569361e-05,2
0.0003713118672028151,0.033106375265171,0.3418880116621656,0.00039800727749646724,5.9999452675164916e-05,0.6241639523449003,1.2342130388642649e-05,2
0.0002667614184077292,0.015370445474544494,0.6237222352857326,0.00022085014531725278,5.884396727192364e-05,0.3603468535573406,1.4010151385430052e-05,2
0.00020963818750616316,0.014048322596490689,0.9290152810897266,0.00022614864725518303,3.198394425850571e-05,0.05645683049103141,1.179504373159308e-05,2
0.0003472815997887713,0.014776792848678468,0.36440392864232934,9.76760196705816e-07,6.170967313722204e-05,0.620406721203053,2.5892728165628953e-06,2
0.00024700468725614565,0.007321098803053234,0.12364141159428967,8.939789224769882e-05,3.0625032326812545e-05,0.8686660064849667,4.455505859731413e-06,5
0.0002708574568300677,0.010510876093518402,0.15648182794226295,5.4996541769450855e-05,3.815570407742787e-05,0.8326401926702007,3.0935913410093476e-06,5
0.00014441911957786916,0.00404695855988802,0.9552725713842682,0.01005139772786358,1.6161544009807423e-05,0.030467190446671504,1.3012177212756528e-06,2
0.00023722899228853433,0.008898184095333475,0.2263658238965715,0.00027705661061095803,4.399123710857227e-05,0.7641713461706311,6.368997455954641e-06,5
0.00016484610594257916,0.006852852983086663,0.1352367830068825,0.00011260240950426489,2.2113735315341073e-05,0.857600743314011,1.005844525756868e-05,5
0.0005996642009530883,0.007988037485086714,0.33663671283075347,0.0035203176015234055,7.396362712632735e-05,0.6511563141486845,2.4990105872484495e-05,5
0.0009223939929607852,0.04228274817927725,0.6769523609338746,0.00031936697054046946,7.72818326855301e-05,0.2793882171625327,5.7630928128451144e-05,5
0.0005529581682143967,0.026811234518224165,0.3276564986227799,0.0003994759193698017,9.782804110238438e-05,0.6444499186223586,3.208610795066183e-05,2
0.5057913602529621,0.022855078759969148,4.0014039826432594e-06,7.476238314938076e-08,2.8762980901728192e-06,2.5206246493361425e-06,0.47134408789796345,6
0.8919550351366247,0.05168299926004648,5.93191460208542e-06,1.1083211648066552e-07,4.39962296520169e-06,3.7367209680978988e-06,0.05634778651267714,0
0.9633916458143139,0.03434320783578555,9.392087685375429e-06,1.136934940847878e-07,6.6623337532995605e-06,3.833192731251809e-06,0.0022451450422366144,0
0.9540481709725924,0.04282562703461101,7.814587843935603e-06,1.0797942387202225e-07,6.355642771229661e-06,3.6405420208329558e-06,0.0031082832407367204,0
0.9344635755333316,0.06497123202617731,9.36253899154212e-06,1.3435604239639195e-07,5.9582692903073954e-06,5.914588484112159e-06,0.0005438226876828132,0
0.9368759233658436,0.06230852216687586,9.106809964335445e-06,1.3068623231043054e-07,5.899722523180007e-06,5.7530370117245735e-06,0.0007946642115489905,0
0.9559683091225442,0.043975131492886614,7.294775964472037e-06,1.0419476596276382e-07,4.380211679083888e-06,4.5868362291436025e-06,4.0193365930604726e-05,0
0.9043034083938002,0.09567758836041075,6.611709766643836e-06,1.0843790215569941e-07,4.9259970686579e-06,4.260405063017601e-06,3.0966959885829766e-06,0
0.8921989395731013,0.1077795633796428,8.905569533360269e-06,1.0340845410248499e-07,5.472197222731744e-06,4.062803619941615e-06,2.953068425696221e-06,0
0.872001279315187,0.12795676618591142,8.1397368573476e-06,1.0680873892038825e-07,5.0275943351446125e-06,4.196397044066479e-06,2.4483961926120354e-05,0
0.869807124913328,0.13015421744962669,7.275435199163448e-06,1.0321458686238152e-07,4.899748387483265e-06,3.859706224083159e-06,2.251953264767497e-05,0
0.8669885646573235,0.132980663612958,6.5922367403264635e-06,8.90139931171755e-08,5.314069969676668e-06,3.6812322556170265e-06,1.5095176759451824e-05,0
0.866253947515759,0.13371444531125648,7.0020445998379415e-06,9.495824552830842e-08,7.24438186448224e-06,4.4001265028598945e-06,1.2865661771722614e-05,0
0.8391932524174653,0.1607818687947889,7.653382380234582e-06,9.871247913651934e-08,8.40377002338308e-06,5.95828711670537e-06,2.764635746347903e-06,0
0.5846388417676674,0.41529131896840155,2.215813399252566e-05,2.639352221865413e-07,2.106996734936239e-05,1.1936422249129923e-05,1.4410805117755714e-05,0
0.6703504054614857,0.3295114435441054,1.9780802399802608e-05,2.403619083254843e-07,9.389425147494809e-05,1.1111871263535154e-05,1.3123707362416016e-05,0
0.8983704791703024,0.10157692159756104,6.5839716783857235e-06,9.671206524045521e-08,3.935931588649889e-05,3.9632869424676936e-06,2.595945564019875e-06,0
0.7277600336732332,0.27181128802239496,1.1511863176362657e-05,1.851408283711974e-07,0.0004031603941770982,9.284337599520853e-06,4.536568590521096e-06,0
0.660061470159138,0.3394620304698673,1.3661133455002895e-05,2.1350804860598206e-07,0.00044672109420087824,1.0671975068949833e-05,5.2316602213066215e-06,0
0.5682125977836225,0.4306823638940328,1.566382983103681e-05,2.405402042582626e-07,0.001070283450573242,1.202314891492271e-05,6.827352820995396e-06,0
0.4879639926778971,0.5107089744037421,1.789305795315632e-05,2.7477314687938383e-07,0.0012871265153331524,1.3963758923039831e-05,7.774813004745769e-06,0
0.4780351259545902,0.5200669210336684,2.7300360104243228e-05,2.777619720730205e-07,0.0018241630317406348,3.835247494899224e-05,7.859382975459097e-06,0
0.49633922836213,0.5034877449967597,1.6107885712078807e-05,1.5746788554476791e-07,0.00013068630619941793,6.511072620472449e-06,1.95639086928406e-05,0
0.6449808693360555,0.35469201959561614,1.5072969573920117e-05,2.436709741080793e-07,0.0002846462990825449,9.849205646170345e-06,1.729892305165076e-05,0
0.5744356383920446,0.425245278452541,1.6270531830885922e-05,2.630308726522143e-07,0.00028178589490266494,1.0631734721486491e-05,1.0131963086609027e-05,0
0.5397668115551159,0.45979284664654935,1.584957869151655e-05,2.5622570655531814e-07,0.0004057337165119832,1.0356669213212422e-05,8.145608211603e-06,0
0.6620598927573494,0.3374588842364795,1.8360200635174145e-05,2.2303585893337136e-07,0.00044194272098393013,9.01513218447867e-06,1.1681916508350236e-05,0
0.734380086126791,0.2655531497480799,1.4417166809981758e-05,2.0857663450261567e-50,1.1643727223262227e-05,6.5840444528445095e-06,3.411918664296371e-05,0
0.8403160527239897,0.1596530883277636,6.801527764450272e-06,9.039567909411392e-08,4.131676046730137e-06,4.621941867127861e-06,1.5213406889320022e-05,0
0.7879555198122736,0.21199482865431685,9.782972598269207e-06,1.0239809492296122e-07,4.7602070506574235e-06,6.0857496583809916e-06,2.89202060072379e-05,0
0.7034233571079584,0.29652061018272163,1.3438834738165514e-05,1.9068834610140637e-07,1.3267263694761348e-05,8.58582906940367e-06,2.0550093471711174e-05,0
0.6979199885437107,0.3020288626211057,1.179896471760863e-05,1.5913983204856634e-07,9.695544415020971e-06,7.538145697529505e-06,2.195704052142889e-05,0
0.49389743815315096,0.5060156021696165,2.1419706759812254e-05,2.0136169145963816e-50,1.5524755570923708e-05,9.00395038561196e-06,4.101126451627014e-05,0
0.5105914397476986,0.4893263179393162,2.0257736498695953e-05,1.5936523517920548e-50,1.468257297305741e-05,8.515506603539406e-06,3.878649690982979e-05,0
0.4396305167600012,0.5603050313149801,1.4746120689350589e-05,1.326531150732892e-07,1.8550524744201762e-05,8.458061038472676e-06,2.256456543163111e-05,1
0.3994141958597419,0.6005230279178371,1.6740449055193596e-05,1.316951477208798e-50,1.7707480552848987e-05,7.036985819461747e-06,2.1291306993577362e-05,1
0.24323576774343855,0.7567111983901773,1.806913235850686e-05,1.257017340622121e-07,1.1685414021932715e-05,8.0148358276596e-06,1.5138782442222216e-05,1
0.12018996091133012,0.879767862343467,1.4061255955433531e-05,1.1847016321090067e-07,1.0039105280868721e-05,6.935943706082911e-06,1.1021970097539881e-05,1
0.1210796820766982,0.87886851897092,1.1749654773780682e-05,3.978674373866261e-08,2.3198326024596965e-05,7.444839046152928e-06,9.366345793681478e-06,1
0.20509722886062792,0.7948507548524554,1.350024421971364e-05,4.571459906870739e-08,2.1746434226834233e-05,8.554050926143453e-06,8.169842944856988e-06,1
0.31015112550721086,0.6881448403688061,1.360502328786371e-05,1.5658723989807387e-07,0.0016755066216755038,8.983329799717707e-06,5.7825619801960755e-06,1
0.28402258124327034,0.7120726564458766,1.4813212049732281e-05,1.8730097993192957e-07,0.0038698467115381146,1.011415919516867e-05,9.800927090029877e-06,1
0.26103943054484374,0.6688802478981434,5.626703026246026e-05,4.411477770408107e-07,0.06994847534614677,6.836604347250995e-05,6.771989354218633e-06,1
0.2840376219996644,0.6346491292839505,6.203670502659913e-05,4.183523050405511e-07,0.08117289286781232,7.147873155158782e-05,6.422059689502526e-06,1
0.4255782622779656,0.511663688949304,4.976819401025741e-05,3.153321328848056e-07,0.0626334499101939,6.96757839478606e-05,4.839552445321453e-06,1
0.167800291425052,0.8101489601533421,0.000975037893333163,1.883982749626791e-07,0.020510543250487945,0.0005612024356008302,3.7764439088381937e-06,1
0.1197803318345047,0.8736118080207435,0.0003709262141712321,1.9612641656409244e-07,0.005969760807612766,0.0002630877089405631,3.889287610991179e-06,1
0.19325177978028854,0.8006074432387613,2.715217326128903e-05,1.7234227421956538e-07,0.006095447036625898,1.4587792940950984e-05,3.417635847913203e-06,1
0.13954004832720074,0.8584985214103957,2.273499537507013e-05,1.1841853326957691e-07,0.0019252645021086466,1.090642122768999e-05,2.4059251587656946e-06,1
0.17224319336018806,0.8257696267422429,2.610740827347831e-05,1.3591298809914641e-07,0.0019464770379085702,1.1696728494790048e-05,2.762809904250326e-06,1
0.1978543140510838,0.7995430420937688,2.0129554840350385e-05,2.148364613042679e-50,0.002568378432718362,1.1434902045926658e-05,2.7009655426891708e-06,1
0.15773830447877102,0.8404565393860004,2.663337622472933e-05,1.6827962074967034e-07,0.001758877572302843,1.5577979672751217e-05,3.8989274074331515e-06,1
0.25920601720331543,0.7389285714191791,3.0519338849522094e-05,2.0903491598940765e-07,0.0018059906816884515,2.3849121434456517e-05,4.8432006171084995e-06,0
0.17151539074971953,0.8082831328430123,0.00015084028964046722,1.646918330343499e-07,0.01923498622360102,0.0008092568514430306,6.228350750639065e-06,1
0.1501321780841893,0.8243518457216852,0.00015473813152955585,1.6058381785304897e-07,0.02422146464070201,0.0011366731055719532,2.939732504161526e-06,0
0.24115257086771436,0.6987800852959863,0.0012050856554878173,1.8493888706184966e-07,0.05568177297839445,0.0031764152908316723,3.884972698264021e-06,4
0.1181519389686091,0.5260608159527206,0.0012954226635398063,1.2593196393860443e-07,0.3531157792452232,0.001373331421693566,2.5858162498681845e-06,4
0.11717991607747553,0.7275688044313668,0.001519909827806018,2.9492584579037573e-07,0.1519651851958676,0.0017624565031041236,3.433038533982171e-06,4
0.19723918385919811,0.3163105076487077,0.000295712945755462,1.6746266025500798e-07,0.48496866588400317,0.0011831735042556032,2.588695419578116e-06,4
0.14379672553167067,0.22006621055409836,0.0001828222225116032,1.2576733843934776e-07,0.6354046323561989,0.0005476901822624421,1.7933859194795974e-06,4
0.04143610343711908,0.2271511900907287,0.00010000773896919407,4.944195661720604e-08,0.7311942801843948,0.00011711409517607071,1.2550116554201422e-06,4
0.07393647237912132,0.8586696449588337,0.00020542791281328549,1.7666276268764243e-07,0.06562265543257727,0.0015579948099437894,7.627843947845727e-06,1
0.15391399941684833,0.8262900645790672,0.0003847261739420136,2.0410160926701276e-07,0.018896301349747888,0.0005060913821090303,8.612996676281074e-06,1
0.09871228536082742,0.8965751484553007,0.0006880053104389442,2.179316999975449e-07,0.0036802314646692223,0.00033758872279685166,6.52275426676772e-06,1
0.2795541962242479,0.7132421880405795,0.0003538761068290344,2.015919843856666e-07,0.0062868133737133715,0.000557843835304034,4.880827341633137e-06,1
0.291314887280078,0.6998598689021698,0.00025660825227976833,1.7100196883634347e-07,0.008167670757815396,0.00039665360593025515,4.140199758006181e-06,0
0.2987275828072102,0.6957797531043542,0.0003948605098570345,1.9949607432363727e-07,0.0046604454248206015,0.0004312285640535929,5.930093629988141e-06,0
0.3054165948457922,0.3854448262871923,0.00032817520243168296,2.028539890111727e-07,0.30823273954462416,0.0005700225833624099,7.438682608340526e-06,0
0.027438807073929438,0.029196767970547235,3.7053790544795566e-05,1.7431800615670883e-08,0.9432843104792379,4.259796280851363e-05,4.4529113165150456e-07,1
0.0003021641968149412,0.03403202307401673,0.9403148475008641,0.009194897754273483,7.640918769091325e-05,0.016077488896571058,2.1693897684316853e-06,2
0.0003973759500719471,0.08720681988247526,0.8358112959341327,0.0012261247538955303,6.810238572879173e-05,0.07528539418379987,4.8869098957439666e-06,2
0.00043379727912788816,0.0749570560250683,0.8407514429592033,0.00065574728041279,5.9926124972632715e-05,0.08313810560505124,3.924726163998712e-06,2
0.00041251302097927,0.0739832539211825,0.8290123302012348,0.00022773127073799057,5.400913486005514e-05,0.09630754289555916,2.6195554463650943e-06,2
0.0004864111843225286,0.0755530720293327,0.3893584434505713,0.000299220519083411,7.893494226600285e-05,0.5342104239213143,1.3493953109686604e-05,2
0.000567586429366334,0.08786258493344261,0.45084099492069935,0.0006524741790744458,7.65650267386102e-05,0.4599786429946926,2.1151515986206386e-05,2
0.00012590948669436965,0.005800722242998624,0.8925661210615373,1.8856308097680308e-09,2.7723821769105287e-05,0.10147740453514005,2.1169662297479953e-06,2
0.00010818909522695588,0.004775089137606374,0.9417047232749582,0.00014495793289708567,1.8988711776614585e-05,0.05324432362090156,3.7282266332471143e-06,2
0.00018623602371506986,0.007628202682757867,0.9278843072301944,4.0858484876910086e-14,2.724928060219792e-05,0.06426433515506241,9.669627627063353e-06,2
0.00012515315391450768,0.005615269029492838,0.9630811590231114,2.673963806006037e-09,1.2070383546225905e-05,0.03115925357426477,7.092161706529947e-06,2
0.0001222475890480021,0.005484904528896901,0.9715424974005419,2.109894097385225e-09,1.1790156630161781e-05,0.022831630705432617,6.927509556443931e-06,2
0.00011899031186712927,0.005043849362478129,0.9632301760408992,9.023502636038674e-05,1.379990214374113e-05,0.031496277432556126,6.671923695172384e-06,2
0.00012689117626650008,0.0060687141127846985,0.923742019668625,9.50214328801229e-05,1.6272224389173627e-05,0.06994657051559731,4.510869457109306e-06,2
9.950478265332118e-05,0.004445623721838354,0.952066300477827,7.24025475254614e-05,2.5564821091663697e-05,0.04328991805869313,6.855903711092415e-07,2
0.00013705615002754273,0.005225569343654273,0.13801824894496176,0.004810566590215267,4.271626759950388e-05,0.8517607858165124,5.056887029453777e-06,5
7.925897696746952e-05,0.005097216633458654,0.057777104223698854,0.004052929729071184,2.61816504886999e-05,0.9329646756723954,2.6331139198268118e-06,5
0.0001333053177608215,0.007240030860605589,0.10643996457607796,0.0007445146611621164,6.451529127862522e-05,0.8853763549214961,1.3143716187652956e-06,5
0.00017216957252482219,0.011458757865010905,0.3762077424934941,0.0007675966591323375,8.773854911118235e-05,0.6113037065151332,2.2883455935597586e-06,2
0.0002922207496169124,0.01132258177334976,0.8850761141226327,0.0005684775525659294,6.449438216714604e-05,0.10264488573418826,3.122568547920581e-05,2
7.667522376094904e-05,0.004748067474439832,0.989166988685432,3.341593417659698e-05,6.914465028459524e-06,0.005964445527873211,3.4926892889628483e-06,2
0.00013932870755479113,0.009388223405288736,0.9740929156652537,0.00024001734721472383,1.4545320188872942e-05,0.016117356253575334,7.613300923677781e-06,2
2.0827257873676456e-08,9.288893529883866e-07,3.950051841720083e-05,0.9999553051568656,6.1934744180008715e-09,4.238248160892447e-06,1.664711397699988e-10,3
0.00015679085868268458,0.008102702283717237,0.9040691756547792,0.00038093011487160314,3.954218810175713e-05,0.08724889567600348,1.9632238441251993e-06,2
0.00021199386605609086,0.013073441923032038,0.8644402493419102,0.000471773324710231,5.346422233054845e-05,0.12174642288524097,2.6544367200124532e-06,2
0.00024799392400674754,0.015420708003917061,0.8469510429687378,0.0004943549844260446,6.819911564046819e-05,0.13681536001546477,2.3409878071350696e-06,2
0.0,0.0,0.0,1.0,0.0,0.0,0.0,3
0.0003462929867889875,0.0111861707156077,0.9159488156152159,0.00033698074122273967,0.0001414414559597617,0.072035327540685,4.970944519660097e-06,2
0.0002681129231906999,0.009526283953908896,0.9337577019979627,0.00026479331149417554,9.26827143642249e-05,0.05608550363847842,4.921460600939208e-06,2
0.0001940978495367387,0.006969856897262611,0.949195653102291,0.00010693851819065961,4.758510069806377e-05,0.04348328324392146,2.5852880994070537e-06,2
0.00018164176347457609,0.006440693830429223,0.9639531398053489,0.00012966642243486995,3.525482668087046e-05,0.029253785943795192,5.817407836265893e-06,2
0.00014415405517102364,0.005656535671566809,0.9726462047465589,0.00011054153398913569,2.373719719259168e-05,0.021414100424875935,4.7263706457085095e-06,2
0.0003945925052575266,0.019343727200339656,0.8136374848825999,0.00034145322485009115,6.477621064877467e-05,0.1661984822057262,1.9483770577766712e-05,2
0.0003499667895718461,0.021038233313312175,0.6756230555378244,0.00022847189122389013,4.969515650558232e-05,0.3027010544579308,9.522853631535744e-06,2
0.00039193262939376356,0.026925676625212336,0.7444808364849731,0.0004121939245714348,6.795426686287737e-05,0.22770187500565953,1.9531063327087714e-05,2
0.0003269544378812739,0.018996450192183607,0.30311513531328754,0.00871714002125225,0.0001527329113120934,0.6686857223356936,5.864788389711178e-06,2
0.0004181776138267273,0.023858821046475444,0.6108865081101514,0.0004568887211497433,5.902010913818204e-05,0.3643092054789518,1.1378920306491742e-05,2
0.00024138815806200775,0.015722883920181764,0.5646886608777363,0.0002614062510867999,6.197149986047375e-05,0.419016615807069,7.0734860035782205e-06,2
0.00012986115728235798,0.007724869422395883,0.765997490016227,0.0004673935562901255,2.4717576217453035e-05,0.2256507398501437,4.928421443782719e-06,2
0.00034049229887035746,0.011364370902806,0.5138042126073514,0.00010343737859821847,5.2759719523020254e-05,0.4743300284183409,4.698674510269052e-06,2
0.0002772634050685725,0.008736062110488671,0.6190711527873065,0.0002461816880689457,4.081224047691932e-05,0.371626955999301,1.5717692893096782e-06,2
0.00026386580076780825,0.008289608614181656,0.7805518573043186,9.639808494386188e-05,3.983188152541938e-05,0.21075694686971067,1.4914445519479999e-06,2
0.00022596140837557996,0.006418625130302945,0.8963703622927258,0.0019063332732173262,3.157213568495022e-05,0.09504568727857847,1.4584811148599404e-06,2
0.00023087119073257265,0.00653680056061788,0.891779592146095,0.0029154664890669547,2.617606303408565e-05,0.09850960337886132,1.4901715919959478e-06,2
0.00028268843237869715,0.011011700906777817,0.12140095335576997,0.0002474336302887901,4.60243176111905e-05,0.8670075244103045,3.6749468689878686e-06,5
0.00021449349875175835,0.01049146121868427,0.1986950853527306,9.149020691720352e-05,3.0756892940401106e-05,0.7904695142553237,7.198574651993416e-06,5
0.00020491703237972498,0.00966035720395851,0.2247169767779466,5.268781184141852e-05,3.0430361339104767e-05,0.7653311857011539,3.44511138072275e-06,5
6.762751639977172e-05,0.002010998913567801,0.9764774460724946,8.45548376954728e-07,5.782205973055211e-06,0.021436226928679917,1.072814507854163e-06,2
1.6117366200649235e-14,1.1961089175408254e-13,1.700517455211663e-11,0.9999999999679712,7.690206979275091e-15,1.488000064445283e-11,8.760029667965962e-17,5
0.0005435480741639829,0.005026793824109017,0.6167176242202047,0.0014381521748471125,0.00013301574981099059,0.37613740957121516,3.4563856489106452e-06,5
0.00018785650045601154,0.006316377373772318,0.14327616556573627,0.00012426515452881764,3.7294250597649645e-05,0.8500515593034594,6.481851449647265e-06,5
0.00019488413881861382,0.007323041552279788,0.11045491418604535,0.00012672127673384203,4.2058145030666556e-05,0.8818516563661092,6.724334982544211e-06,5
0.00018289651111473023,0.008544203254934445,0.13476999799788614,0.0002118225649189857,3.550681231032389e-05,0.8562442021566974,1.1370702137966974e-05,5
0.0001310984203966415,0.00591972056304812,0.10711536884716025,0.0001108163938319825,2.5721783894404497e-05,0.8866890368471858,8.237144482705093e-06,5
0.00016550571239852573,0.007060548988971243,0.10746283695354682,0.00012229602888151264,3.21306307627407e-05,0.8851463921717335,1.0289513705568419e-05,5
0.00022785620597043244,0.003165203520386141,0.12791286198852822,0.0009210102984580444,2.585454107101136e-05,0.8677377178800648,9.495565521259453e-06,5
0.0005358436310900329,0.038231611042689705,0.2792490980786135,0.0003946451425564213,6.603201471175686e-05,0.6815000247294082,2.2745360930364016e-05,5
0.0005624991701617544,0.002513399853045491,0.49745336227054093,0.00439459951450447,9.841204640413186e-05,0.4949631348574542,1.4592287888824301e-05,5
0.0005999719845275953,0.0032300946325327503,0.3643466678833145,0.0020689432634220773,0.00011315029156971862,0.6296224186727539,1.875327187950264e-05,5
0.9412306180202362,0.04484070652992854,8.516664594525706e-06,1.2086527262718996e-07,6.354668023363033e-06,4.074990290559664e-06,0.013909608261653742,6
0.9641300351200254,0.022905433632709915,7.411650377392633e-06,1.045823559634285e-07,5.427509523119152e-06,3.5260093809522784e-06,0.012948061495627413,6
0.9619937052765165,0.024177812094629724,7.441274719368773e-06,1.056037475314492e-07,5.807380037105834e-06,3.5604457466019935e-06,0.013811567924603401,6
0.9406611278420163,0.05850775556281037,6.709790333370016e-06,9.168236317813857e-08,5.4061758492732596e-06,4.03601832695966e-06,0.0008148729283005676,0
0.9380879300871098,0.06188722661903802,8.564929012647738e-06,1.30519975790315e-07,4.6651845579111275e-06,5.127985276620055e-06,6.3546750290693934e-06,0
0.904851489488838,0.09512487788703103,8.809558681377182e-06,1.7166917465647771e-07,5.145795572906706e-06,5.274449694202102e-06,4.231151007952581e-06,0
0.8873168510833187,0.11266207086538495,8.969278740037411e-06,1.0414822381063222e-07,4.938561713129017e-06,4.0918683523589956e-06,2.9741942667734995e-06,0
0.8790486023405389,0.12091158312018964,6.781530741586896e-06,9.157000188765018e-08,4.9192079210611216e-06,3.7869376801464567e-06,2.423529292671927e-05,0
0.8892591766053297,0.11070918686816462,5.945450345989371e-06,9.561837082605849e-08,9.43256724935931e-06,4.119056824688686e-06,1.2043833714895757e-05,0
0.8736715033607151,0.12629394527022067,6.494617253059623e-06,9.710332655308112e-08,1.0303830733303319e-05,4.499524167753255e-06,1.3156293583463894e-05,0
0.8272573842399648,0.17271469215067145,7.825802162383629e-06,1.0232748587666968e-07,1.0953109653721197e-05,6.176488992243842e-06,2.8658810695788824e-06,0
0.7724707254858381,0.22749515641487927,1.2570551777920907e-05,1.497333384495344e-07,9.92870549311574e-06,6.875288270827124e-06,4.593820402429685e-06,0
0.7543207032414837,0.2456392784677367,1.3106240842297914e-05,1.5611416511467405e-07,1.1063860724996604e-05,7.16827594600543e-06,8.523799100972831e-06,0
0.6223366804270806,0.3775822519870606,2.014614260060047e-05,2.3996951301426576e-07,3.648546015491023e-05,1.1093730925854146e-05,1.3102282664672965e-05,0
0.852763202858677,0.14708847388754495,1.1241360156111451e-05,1.5887396736743618e-07,0.00012566799370527105,6.82217987705081e-06,4.432846072015913e-06,0
0.5373370051823717,0.4626080234406896,1.4979218703567861e-05,2.4215538915382176e-07,1.642051138438194e-05,9.479436590087554e-06,1.3850054871560901e-05,0
0.6834093347167907,0.3165475972018005,1.7415298216782237e-05,1.8334617080343485e-07,9.004217439797178e-06,8.303607178097136e-06,8.16161240345913e-06,0
0.5878574798324174,0.41206991828727013,1.5849410478560644e-05,1.9192012252769206e-07,9.904453693194725e-06,9.090884584193519e-06,3.756521143429748e-05,0
0.5428352871409339,0.4570910735078355,1.754084163884461e-05,2.1240162093849826e-07,1.2976835116814964e-05,1.0061053505053372e-05,3.284821934897047e-05,0
0.4941688809828306,0.5057782710371143,1.546838071965508e-05,1.391504200208888e-07,9.666344420429392e-06,8.872334022578677e-06,1.8701770472493378e-05,0
0.3416745743458714,0.6582686065807363,1.6624041417766784e-05,1.436712326052351e-07,1.0341087810517148e-05,6.9880529090512356e-06,2.272222002233379e-05,1
0.31494356776464477,0.6850025022197792,1.968764052229018e-05,1.36961227807944e-07,8.877854237078712e-06,8.732749502819709e-06,1.6494810085737743e-05,1
0.21570995078621072,0.7842243174461332,1.8787402015400412e-05,1.3069852857366977e-07,1.1464541715732714e-05,7.759249388948816e-06,2.758987600734733e-05,1
0.11523489161391723,0.8847261206589692,1.2831329721815543e-05,1.0810767766224764e-07,1.0462213060055061e-05,6.329262542889056e-06,9.25681411136461e-06,1
0.2086347006285333,0.7912694998929913,1.5064037375664362e-05,1.1541456592412736e-07,1.1525367009419484e-05,6.829659425782158e-06,6.22650000985324e-05,1
0.2200362458505662,0.7798593923916344,1.3116308213433534e-05,1.1599921259291959e-07,2.05430028644327e-05,7.410013361954132e-06,6.317643414702983e-05,1
0.18866377577646568,0.8112805857172593,1.3274496382821035e-05,1.5490885895049293e-07,2.5764860093227325e-05,8.411012143894888e-06,8.033228796065472e-06,1
0.3283131751600087,0.6716369616130613,1.3535934433201748e-05,1.5579206058596742e-07,1.6699609858537708e-05,8.433085806080183e-06,1.1038804771750886e-05,1
0.25826793423209166,0.7379450397528853,1.6487927079507055e-05,2.541180036180043e-07,0.0037484546423412917,1.0920351839202947e-05,1.090897575957528e-05,1
0.2633281745571177,0.6652013304041638,5.9531134438897274e-05,4.429654515304979e-07,0.07133507331249854,6.864773414318363e-05,6.799892186181579e-06,1
0.3918768618834933,0.5462997604325134,5.2625113266163374e-05,3.1629177227120794e-07,0.06169269228803006,7.221594478404935e-05,5.5280461407343085e-06,1
0.1782951070025839,0.7889233797583068,0.0006040854582700719,1.6463725977939232e-07,0.03154829137090118,0.0006251572363631674,3.81453631508628e-06,1
0.11291009353150412,0.8811539865195409,0.00028185798103760434,1.828385258555204e-07,0.005436063179635671,0.00021419016784497862,3.625781910869618e-06,1
0.24853107263524934,0.7493018234556958,2.309498432035743e-05,1.5908266829156725e-07,0.0021252854199052314,1.4878582053335936e-05,3.6858401075924892e-06,1
0.16144901271729037,0.8353042691123141,2.4600846121945093e-05,1.7223830774807632e-07,0.00320184544411486,1.6108994286295382e-05,3.990647564435968e-06,1
0.13607806899184055,0.8613110291352928,2.3616907540952625e-05,1.445814132562337e-07,0.002570406338880755,1.3384189402908816e-05,3.3498556286189667e-06,1
0.2240920601611239,0.77268175038191,3.5038594596541924e-05,2.025789376195515e-07,0.0031686361922077344,1.7618471351910922e-05,4.69361987229881e-06,0
0.32224309756840186,0.6750594548674247,3.3698692902206953e-05,2.5789554757019144e-07,0.002639751971671167,1.87810898451614e-05,4.957914207130951e-06,0
0.4263939468334699,0.568080897574566,3.477717421163575e-05,3.201576436640989e-07,0.005460588097975657,2.331528995720283e-05,6.1548721759602615e-06,0
0.5266761572132104,0.4691302829372657,2.9347746560203616e-05,3.174849458184856e-07,0.0041352022537461414,2.3120652326424152e-05,5.571711945311371e-06,0
0.48606551019613586,0.5077317779955979,2.781973033065372e-05,2.6941659042704215e-07,0.006146758530932583,2.258251454887038e-05,5.281615863782659e-06,0
0.11947681397045258,0.8760564521284384,1.9851652347937804e-05,1.2860429979879358e-07,0.004430552456459309,1.2922174549451005e-05,3.2790134523045502e-06,1
0.1704005946966923,0.8224925070235458,2.005468769635315e-05,1.6775173650643541e-07,0.0070659557314229566,1.5973556827372996e-05,4.74655207877712e-06,1
0.15615226223048423,0.8330192609609067,1.9961626435687805e-05,1.6659863565106144e-07,0.010785148275974725,1.5863756938414458e-05,7.336550624893038e-06,1
0.1622605958633272,0.8147294695054774,0.00018285011088494993,1.6434136863795466e-07,0.022102377683884407,0.000716781571652458,7.760923404870846e-06,1
0.09512755530998736,0.8781306680221468,0.0003245734678086039,1.6984811813978043e-07,0.024906307837926148,0.001504857179819294,5.8683341935252765e-06,1
0.45636641308539977,0.4579024324532752,0.0004946088273448865,2.718739820175626e-07,0.08053679184019617,0.004694268319479392,5.21360032244294e-06,4
0.09934936636957528,0.5941829074414235,0.001146178596613863,1.2984495579088618e-07,0.30360353310649124,0.0017152184775126283,2.6661634278266334e-06,4
0.1396566044915282,0.6712307893501478,0.0013029386206662656,1.9425609307918118e-07,0.18577289111057801,0.002032666854224163,3.9153167625042235e-06,4
0.061025033103367335,0.27206769345668685,6.852230240636085e-05,6.505568823616872e-08,0.666776165692644,6.086904584287457e-05,1.6513433645010256e-06,4
0.019230186696036006,0.10641102209642517,0.0001468816082301152,3.580286846292958e-08,0.8741314380470723,7.947437470946392e-05,9.613746583199877e-07,4
0.038669170902724564,0.20239065302395853,0.0005398868930731297,6.505004550122765e-08,0.7582071532499387,0.00019132416364289713,1.7467166166362904e-06,4
0.2325495683425614,0.6698505935344868,0.00024868856229439974,1.896986740575864e-07,0.09623587799616783,0.0011057801578481,9.301707967407842e-06,1
0.15581925978933697,0.8396331718496628,0.0003128025370012866,1.9949614821204857e-07,0.0035560654853740797,0.0006625373582565028,1.5963484220118598e-05,1
0.11091176273732616,0.8845256362046251,0.0004466567142274145,2.0665003474749875e-07,0.0036171459405457285,0.000488879629802155,9.712123438848679e-06,1
0.09927180872308472,0.8957284560326422,0.000611823967728888,2.0926732814406248e-07,0.003993103513107328,0.00038953183782863284,5.066658280232079e-06,1
0.32303412721849606,0.6689423039806741,0.00021134407942314731,1.9009597803198522e-07,0.007418458457197107,0.00038897367547887523,4.602492752578781e-06,0
0.2860456205415892,0.7019846379490243,0.0002726894211629313,1.6790890690937394e-07,0.011307356477251092,0.0003854623897157337,4.0653123498162014e-06,0
0.4256864463275306,0.5448993301992593,0.000671235175036483,2.8613765333102307e-07,0.027737214154240037,0.000994463881992498,1.1024124287613206e-05,0
0.3251936934930398,0.38342220185739073,0.00040044667834676786,1.9082038146796544e-07,0.2904054229228217,0.0005699538663994596,8.090361620018005e-06,0
0.28587244911534754,0.3202617328934128,0.0002444196279953984,1.593868736454725e-07,0.39318204040703747,0.00043244091883827546,6.757650494962817e-06,0
0.0005340313037152108,0.05361648465860984,0.9258888826096228,1.0606438507196113e-06,0.00015638864298685257,0.019799114201524023,4.0379396905962685e-06,2
0.0004493713228391964,0.07345295406052225,0.839602329378857,0.0008899841758023299,5.7442687698963256e-05,0.08554338637594291,4.531998337165749e-06,2
0.0003846476233717195,0.08075295363261654,0.6043927176099069,0.00023662480007821148,8.171011042496686e-05,0.3141482886880126,3.057535589159448e-06,2
0.0005352626506948805,0.08285885228243284,0.44557974655034627,0.00048156224494728245,8.546377367578384e-05,0.4704391655507472,1.994694715592775e-05,2
0.00010756451894591474,0.004352102182258006,0.9515570467712675,0.00015057607439742372,1.951188241477284e-05,0.04380936762522952,3.830945486946111e-06,2
0.00011104822731974567,0.005690889253883373,0.932886128283823,9.537385537675322e-05,1.6480987549824385e-05,0.06119622545613401,3.853935913252853e-06,2
0.0001228585733872488,0.005268741301028799,0.9783144452085761,0.0001048175808863677,1.2814800353989232e-05,0.01616936040303439,6.962132732916627e-06,2
8.2321830514858e-05,0.0034586087614290584,0.9872329683494684,1.5378099578519073e-05,1.1296983887180651e-05,0.009198198623021204,1.2273521008396894e-06,2
0.00019334797379913656,0.005973731204441804,0.12651190756644815,0.05979369415856055,0.00048555242578697094,0.8070383726900261,3.393980937159728e-06,5
0.0002690977107936235,0.020325453650904202,0.3202815677714204,6.595101249653569e-49,8.882516379166619e-05,0.6590227122526794,1.2343450410739711e-05,2
4.16004503612691e-21,1.2404197872661847e-19,9.167306924350965e-18,1.0,6.893894976964919e-22,5.703670226215041e-19,5.544254707841318e-23,3
7.85674451116272e-05,0.004865242152372379,0.9889497519080358,3.473504086749296e-05,8.291066342744521e-06,0.006059833504019953,3.578883249928188e-06,2
0.0003764256950753905,0.03084775406683566,0.7111879497206213,0.00036016619118361026,4.156417309767566e-05,0.25717355805245246,1.2582100733746583e-05,2
0.00015749616043172438,0.009519393892471844,0.9324970050761431,9.513068884188892e-05,3.6442064435141624e-05,0.057688360707106215,6.1714105701320075e-06,2
0.00013335384994722508,0.009458997853882456,0.9750308910529757,0.0001341406926954367,2.248660101286779e-05,0.015210344235086812,9.785714399727872e-06,2
0.0001521873639755794,0.013486424826454062,0.9687539961677052,0.0002120660938657894,2.566237520906425e-05,0.017358495425629672,1.1167747160669382e-05,2
0.00015458600022985074,0.010334938657749083,0.9636064630506577,0.0005371095483057989,2.2367945953506228e-05,0.025326283017849616,1.825177925434064e-05,2
0.0003375373720679938,0.00600374658578937,0.8125354028008728,0.0011602997033469903,6.433620596826667e-05,0.17989568486546684,2.992466487599496e-06,2
0.00042196550996388194,0.00827087764462479,0.7671867223485267,2.3939861454455996e-08,7.596941030199213e-05,0.22403101661717778,1.3424529543287186e-05,2
0.0002199454357702478,0.010125322278627964,0.9455971578649354,0.0003186534156834463,3.695598991368271e-05,0.04369184356021133,1.0121454857960301e-05,2
8.23038971658921e-05,0.0060990091889150675,0.9873759704600833,0.0005017236152013667,8.452529061207143e-06,0.005929298454376344,3.2418551969651033e-06,2
0.0002294156041727833,0.008238081642324877,0.9187203019899297,0.00011632243698601175,5.40543660723293e-05,0.07263930207642076,2.521884093214945e-06,2
0.00011964728899424763,0.005969027385634515,0.9425048206669677,6.676225481276159e-06,2.6033932558098953e-05,0.051370211966023115,3.582534340903112e-06,2
0.0002904593301796648,0.016381247011479395,0.41607191078125116,0.026449524438020927,7.914423310536114e-05,0.5407187519674564,8.962238506939494e-06,2
0.00037253798992717576,0.027231530129284528,0.6550291198689272,0.00033242766929888085,6.314869098289887e-05,0.31696123395032355,1.0001701255834706e-05,2
0.00021759894736311414,0.011723414515486256,0.8481273443059191,7.794146696954114e-05,7.6878479918143e-05,0.1397736424419283,3.179842415682441e-06,2
0.0002140133852295202,0.011360314498822717,0.8804654104750548,5.176503971110178e-05,7.235786329086265e-05,0.10783017084128295,5.967896608268322e-06,2
0.0002486844457031333,0.016303519965014064,0.6683320025850452,0.0003000469706851364,4.604271744942592e-05,0.31475601479708964,1.3688519013243536e-05,2
0.0002311157180557134,0.009772018081189526,0.6966311790967931,0.00023996005801923693,4.5763678415531315e-05,0.2930766543103679,3.309057159133984e-06,2
0.0002187534193225524,0.005962906215054186,0.8933923931590685,0.007730269220512146,2.93025170206685e-05,0.09266502053927805,1.3549297439539104e-06,2
0.00020064970442271128,0.00788372102606047,0.09230921208473647,0.00012099089981633709,3.541772585593299e-05,0.8994462309084139,3.7776506942227162e-06,5
0.00024356497637394577,0.009446506495659705,0.09250914968972594,4.408796947843696e-05,2.8635066902484274e-05,0.8977240350560193,4.020745840229504e-06,5
0.0005749533562282661,0.027049479415192947,0.36496298062334726,0.00014137144151340418,7.872601427302463e-05,0.6071739295138702,1.8559635574980957e-05,5
0.0001588719596000682,0.009747663964058823,0.7673087990788702,0.0007232619194869565,1.8256296283036096e-05,0.2220401133709697,3.03341073119009e-06,2
0.00018723177881889652,0.007817952667679177,0.9304530920349248,1.6432619521306609e-43,1.9221335764408167e-05,0.06151689952941478,5.6026533978337e-06,2
5.090172783659302e-05,0.00259586668879842,0.990260957091713,1.0233265519904963e-15,7.023186287861541e-06,0.007083356050601196,1.895254761882502e-06,2
0.0001307531835033094,0.006689937662637685,0.9506107847927582,1.353308279888263e-21,1.3301440635539534e-05,0.04255004082977064,5.182090694585811e-06,2
7.236319439734644e-05,0.0026221793083688223,0.9706424490836432,0.003196323069923997,6.4089900572856125e-06,0.02345845563792016,1.8207156891928714e-06,2
0.0005147818954313894,0.004781040648512107,0.5930759482411273,0.0006847784256865994,0.00010001231441777487,0.40083586759304024,7.570881784551783e-06,5
0.0002426326275227945,0.00815813791326732,0.21355210325726232,0.0002073595939492304,1.934511230228568e-05,0.7778138883137591,6.533181936821024e-06,5
0.0001898102759954154,0.01086008054572793,0.16307387048780791,0.00017602080338275427,4.081433351420079e-05,0.8256471642803869,1.2239273184918501e-05,5
0.0002274354475412845,0.012893807652751279,0.127022611766707,0.00020984242688403633,4.399561964808505e-05,0.8595877758098731,1.4531276595171694e-05,5
0.00034704686905488496,0.034736230166955255,0.19193146687764015,0.00045094434949273174,5.0180093965114536e-05,0.7724738406281993,1.0291014692332093e-05,5
0.0002242153019513838,0.00293911965650437,0.11044325980858422,0.004877361696013847,2.016145053667262e-05,0.8814884888707527,7.393215656745397e-06,5
0.00034465864599975637,0.020957638071125682,0.2850881584240295,0.000188187632747244,2.8223938869791625e-05,0.6933712653571981,2.1867930029802153e-05,5
0.00022257965720384596,0.017339755839385098,0.1676670814430593,9.227379500295126e-05,1.641824684392175e-05,0.8146489479294405,1.294308906446336e-05,5
0.0005616467818061284,0.010376571623227759,0.3584458860956713,0.00016115537638309557,8.016078262218111e-05,0.6303679817627612,6.597577528345053e-06,5
0.9577763274723359,0.03988189670357275,7.317702653506273e-06,1.145081106150374e-07,6.6328747123878575e-06,3.860657646352242e-06,0.0023238500809687266,0
0.9529894320615596,0.043260607990792094,6.897214867324532e-06,1.0819334645006536e-07,6.3797685438573975e-06,3.6477544517447436e-06,0.003732927016438808,0
0.9407934355564822,0.05805124636658067,5.799053441929585e-06,9.096700772619412e-08,5.45056102268296e-06,4.004527126097741e-06,0.0011399729683386785,0
0.9548353746528253,0.04510453988508531,7.772935968755297e-06,1.244464133033877e-07,4.448096792195928e-06,4.889361733970685e-06,4.2850621181104274e-05,0
0.9581519623790883,0.04182681928072965,7.775970299848978e-06,1.244949936111249e-07,4.532039131696592e-06,4.891270400451057e-06,3.894565356627127e-06,0
0.9584104507058385,0.041568462016116414,7.727939432311589e-06,1.2372600886496144e-07,4.504045484239758e-06,4.861057841550442e-06,3.8705092780225705e-06,0
0.887819737341772,0.11215939626093287,8.97436207303294e-06,1.042072497499376e-07,4.7177606666641986e-06,4.09418741613344e-06,2.9758798894740093e-06,0
0.8712500223242559,0.12872345845961394,8.921370235811965e-06,1.03591926502329e-07,4.68990322083564e-06,4.070012047305851e-06,8.7343386998404e-06,0
0.880462559487655,0.11951160243132868,5.944441673381683e-06,9.975934780579413e-08,4.46443337368572e-06,3.919434275525595e-06,1.1410012346166208e-05,0
0.8866170979628476,0.11335346028123766,6.707220368559711e-06,9.056659996297218e-08,9.018200285414488e-06,3.7454413333236543e-06,9.880327327228495e-06,0
0.8884389204504561,0.11152429580849592,5.834320623190673e-06,8.574742115565455e-08,2.2584141538745875e-05,5.1757159705801705e-06,3.103815494190107e-06,0
0.8718131395485297,0.12816067073040552,8.57471912792221e-06,1.1577731724035958e-07,7.673564378629632e-06,5.877471765194546e-06,3.948188475983831e-06,0
0.7958430884671256,0.2041267418723117,1.088561546917363e-05,1.2966332537129443e-07,8.593910262389308e-06,6.5823993163434044e-06,3.978072189569771e-06,0
0.8157734490359767,0.18419562576229673,1.1158224786837455e-05,1.3291049414696811e-07,8.809128227724245e-06,6.747242856086355e-06,4.077695361845797e-06,0
0.7750538098432536,0.22490775948036806,1.2032885154705969e-05,1.4332895621642798e-07,1.527590938216918e-05,6.58121899737664e-06,4.397333887989761e-06,0
0.7814179195565547,0.2184790242943394,1.239444470005266e-05,1.6664589300115147e-07,7.272963043298494e-05,7.651860069349114e-06,1.0113568010512712e-05,0
0.8554567893407252,0.14448033023201357,7.557762520013149e-06,1.1101609448092121e-07,4.714265165653215e-05,4.549469981496632e-06,3.519527008848695e-06,0
0.9090677799863114,0.09088004405293967,5.8605666432959775e-06,8.948689982615147e-08,3.935358761216117e-05,3.667197683361463e-06,3.2051219103910083e-06,0
0.8077179836452125,0.19202448549815163,8.08126405884961e-06,1.26301007537758e-07,0.00024008400141077474,6.154091828627474e-06,3.0851983300620043e-06,0
0.636361758765849,0.36320319977117993,1.3001420876920571e-05,2.598383706452507e-07,0.0004080495041177073,9.90091864299178e-06,3.829780962944671e-06,0
0.5453473818449114,0.45332268058436803,2.382756267839169e-05,2.4089782034548285e-07,0.001267442633502241,3.053210296590004e-05,7.894373753647454e-06,0
0.844442226190166,0.15543241089059504,1.2955865388349932e-05,1.8310504301444032e-07,9.494166222346648e-05,8.190157234157355e-06,9.092129350177283e-06,0
0.610264066947914,0.3895076162045846,1.623332770831162e-05,1.5869418465430797e-07,0.00018997698984271039,6.561778340746861e-06,1.5386057424991538e-05,0
0.5929887778326971,0.40697932200824366,1.2924458376832654e-05,1.263472543069434e-07,1.375185782798144e-06,5.2242788765708605e-06,1.2249888768711527e-05,0
0.3849896615270107,0.6149709531860946,1.7737772722392298e-05,1.7340137711396195e-07,9.450710513216399e-06,7.1698997860611655e-06,4.853502495886404e-06,0
0.846322310956275,0.15363997268284943,1.0582417109953117e-05,1.0888822990820839e-07,3.914738798414684e-06,4.784651576788255e-06,1.8325665160684285e-05,0
0.6787014451853876,0.32122712299075873,1.3786088517587572e-05,2.0596530112690625e-07,1.2416433567545962e-05,8.634710824178497e-06,3.6388625643286315e-05,0
0.6747532148527315,0.32517095896709086,1.6500723677825196e-05,1.9980685807384015e-07,1.0552275298821134e-05,9.464463975722634e-06,3.9108910367038067e-05,0
0.6641134810258589,0.3358302286321323,1.6240534761317178e-05,1.4609656138923388e-07,1.0385883501085359e-05,9.315225149883632e-06,2.020260203514112e-05,0
0.42843886342825827,0.5714963165987715,1.8929656691048187e-05,1.6467964255521119e-07,1.1439779655231431e-05,1.0500096192662308e-05,2.3785760788554574e-05,1
0.10593777260090466,0.8940132022066853,1.1721131923171043e-05,9.875393893374006e-08,1.2045043269259905e-05,5.781639381884018e-06,1.9378623896635272e-05,1
0.1092963672060715,0.8906564549287136,1.2698889677238797e-05,3.461564824778819e-08,1.6144987477794938e-05,6.2639343320573305e-06,1.2035438079626752e-05,1
0.10428164494341098,0.8956778814263991,9.1610657613684e-06,3.030981985127349e-08,1.4136718123841562e-05,5.484765728083582e-06,1.1660770756649261e-05,1
0.18288276074030146,0.8170590539141919,1.2603602036800925e-05,3.124177968681838e-08,2.8718332477613476e-05,5.969784021058395e-06,1.086238519141613e-05,1
0.16988420405367566,0.8300391471835018,1.5373606448365226e-05,1.1216518094302424e-07,3.22183583325805e-05,6.93430214113464e-06,2.2010330719580835e-05,1
0.2947608831886557,0.705143713952772,1.2920035172798706e-05,1.4123704509784214e-07,3.7077964958039916e-05,7.119863664493031e-06,3.8143757731881754e-05,1
0.2067008724715589,0.7932406255114948,1.2544824330047436e-05,1.6141169780411723e-07,2.684642982660183e-05,8.136550189263157e-06,1.0812800902632963e-05,1
0.26432839079849185,0.7356241739318171,1.538749105351003e-05,1.508641267735968e-07,1.4868185009217955e-05,8.166334801374949e-06,8.862394700169474e-06,1
0.2517011859961655,0.7452834072709879,1.3127488050454608e-05,1.5623603256506394e-07,0.00298447423303849,8.963181214797498e-06,8.685594510210862e-06,1
0.33181581775637786,0.6368543940468578,2.781009429801953e-05,3.942017326062424e-07,0.031272808228681656,1.7899235889870546e-05,1.0876436162301484e-05,1
0.3305693366449073,0.6433185781029981,4.9698099230638054e-05,3.438239637736094e-07,0.026005297469278363,5.065056115161395e-05,6.095298470225043e-06,1
0.4230296289856867,0.5085995213738119,4.87762235042282e-05,3.1344372352927646e-07,0.06824501448723824,6.92585210414221e-05,7.486964993995748e-06,1
0.2086937327569893,0.7745978799743197,0.0002965449572121166,1.74772732054172e-07,0.01602615463003571,0.0003816064416940553,3.906467017041011e-06,1
0.17088227528006983,0.8265467760870635,3.243802131814092e-05,1.6184542409826036e-07,0.0025194619394823528,1.5136975311411506e-05,3.7498513306198144e-06,1
0.24364165097932308,0.7390088111915853,3.9779790083467895e-05,2.410202216947005e-07,0.017280409702354203,2.427601650508698e-05,4.8312999270646024e-06,1
0.21027601298843882,0.7880244415825765,2.6296906609324154e-05,1.670169142499946e-07,0.001656003891144477,1.349751731607021e-05,3.5800970007401805e-06,0
0.09460283249027462,0.9003498285012019,2.0721680837127307e-05,1.356321817348505e-07,0.005009831242439171,1.3280511331426253e-05,3.3699417340775498e-06,1
0.177641361737065,0.815817501558642,1.9888036866115978e-05,1.7071477205043877e-07,0.006500507908249728,1.6715645473357105e-05,3.854398932037254e-06,1
0.15533153145791223,0.8375718039930116,2.0070718947227624e-05,1.6750911574850426e-07,0.007055736179776169,1.595045413678377e-05,4.739687100286311e-06,1
0.1502582056642348,0.8286300428647053,0.00020448245571240355,1.6270606302700938e-07,0.02033958616126632,0.000560607871922165,6.912276096143823e-06,1
0.13444280819810622,0.8449836399238702,0.00018028853207711028,1.6460289332348084e-07,0.019517386248891287,0.0008699149618396141,5.7975323224623285e-06,1
0.12569487170330454,0.8520935421582171,0.0002749881086892209,1.6598790295411232e-07,0.021149334238264955,0.0007823685595721101,4.729244049137667e-06,1
0.1921169217489717,0.5444115072579001,0.001131333522050033,1.482647009862671e-07,0.2610956004156716,0.0012413742249990456,3.1145657065368377e-06,4
0.07824239196546673,0.31545366518921303,0.0006932340613718431,8.207600553624911e-08,0.6050661453075751,0.0005423980211767245,2.083379190994109e-06,4
0.06025680418602455,0.26022258932811176,8.382083305748634e-06,6.62975816418229e-08,0.6795047209607857,5.754277181005218e-06,1.6828670097109527e-06,4
0.009257572416060946,0.1860499236038507,0.00011184264864406561,4.5934877223625775e-08,0.8041909961821138,0.0003872367782771955,2.382436176137269e-06,4
0.0925809303305896,0.9030964222183037,0.00013344095679386126,1.6046573897878866e-07,0.003370449618678049,0.0007905409386820066,2.8055471213805238e-05,1
0.08933412868406386,0.9087106536696287,0.0002975466136994507,1.996333964383193e-07,0.0011271392871735984,0.0005039928638699711,2.6339248167793976e-05,1
0.1044983111850107,0.8934714367650168,0.00038835372453323064,2.1127193435634222e-07,0.0010518429184357436,0.0005748281267270682,1.5016008342311293e-05,1
0.11163207314119027,0.8835648670188003,0.0006420158742351824,1.7857713160307184e-07,0.003872463967480424,0.0002820905387061556,6.3108824561692676e-06,1
0.29388944155601066,0.6986426845443555,0.0002142650636598685,1.7202221556270743e-07,0.006880102409589934,0.0003691695027927166,4.16490137564452e-06,0
0.29285073153527136,0.6992020068668504,0.00023478719560834395,1.714142277488249e-07,0.007302691700339575,0.0004054611065726584,4.150181129924332e-06,0
0.25033703993219236,0.40985256119280655,0.0006282340757332452,2.035707011094978e-07,0.33865694339972685,0.0005192361233158535,5.781705524156716e-06,0
0.000653565998138195,0.07097792516373651,0.423150218772073,0.47688725910688473,0.00016466397900215872,0.028161475522345755,4.891457819631777e-06,3
0.0004907281678776591,0.03907827506988723,0.396743796466748,0.0006292159602535295,6.856694253542499e-05,0.5629632784357709,2.6138956927170705e-05,2
0.00013590446296203834,0.006256354953162559,0.6235327959921295,0.2682869504382636,2.3661957346811407e-05,0.10175958999354462,4.742202590867452e-06,2
0.00012515443244275908,0.004813178954082556,0.9480189879419089,0.00020429633581816277,1.8022717670790178e-05,0.04681616192328586,4.197694790967246e-06,2
0.00010756583471666983,0.004345652420680175,0.9515686865847135,0.00014484852810878955,1.951212109165728e-05,0.0438099035183408,3.8309923485514574e-06,2
0.0002154058107150001,0.010130707994455548,0.8979455036068075,0.00024680001637261717,2.9297775056788064e-05,0.09142601449183947,6.270304752982553e-06,2
0.0004135508700260132,0.014289192701474064,0.7617547932153809,0.0003069648108288112,6.827755744334569e-05,0.22316247255887595,4.748285970910865e-06,2
0.00029399210487433114,0.010266248791412965,0.8498428442115451,8.460264517911409e-05,4.600286630807438e-05,0.13946214319559733,4.166185082966844e-06,2
0.00016247579722472312,0.0051705575696349496,0.9593171744783959,4.13494728320915e-18,1.792880741940058e-05,0.035322998486538915,8.8648607863235e-06,2
0.00012465079430657098,0.004998199752037922,0.9573853366160143,9.748687394679423e-07,1.272023591005262e-05,0.0374714665739245,6.651159067080528e-06,2
9.471056974410115e-05,0.004845042897096871,0.9861137060115914,6.239514054433844e-05,1.0167001477586063e-05,0.008868611334010474,5.367045535277433e-06,2
0.0001371894618238898,0.005724518393198756,0.9732370705741491,5.838183689912845e-05,1.5951966614855937e-05,0.020822962050980613,3.925716333661574e-06,2
0.00020235164249330137,0.013019961035813984,0.44444821222390357,0.0030510828043924113,7.303925480070384e-05,0.5392033146878132,2.038350782721769e-06,2
0.00017036253272376356,0.008649821993869947,0.9724290975982391,0.0001237428610352857,2.2463620913980725e-05,0.018595777153601268,8.734239616862281e-06,2
8.480145891084454e-05,0.005100311809031057,0.9882207381518823,4.145755416078918e-05,8.17101918502385e-06,0.006540657153450679,3.86285337946647e-06,2
0.00012886811707875514,0.008877519054223815,0.9753639411487462,5.6162190425309895e-05,1.2306282821590585e-05,0.015555333040696064,5.870166008423351e-06,2
0.00013272689521818504,0.008828016664726395,0.9588955577942253,6.351241063207986e-05,1.2004241051618965e-05,0.032062118316917576,6.063677228903211e-06,2
0.0001237515481121457,0.009092759770496768,0.9782856914793528,0.00010191870810502048,2.3576770517243995e-05,0.012362902510703546,9.399212712175947e-06,2
9.841645807190983e-05,0.0071545126187176995,0.9744932279759024,0.008775916862710243,1.0538440485106858e-05,0.009452466672218994,1.4920971893444836e-05,2
0.0002919368730863689,0.004967753246578203,0.7098532936460611,0.021084829004514784,4.593527103143479e-05,0.2637468937581306,9.358200597437125e-06,2
0.00022790280633477818,0.008661791752321197,0.9689263678895691,0.0001158488733682737,2.4491463092667542e-05,0.022029045776024946,1.455143928922709e-05,2
9.834788516986591e-05,0.007761397090117248,0.9738228715456231,6.537041206674157e-05,1.8328552706083393e-05,0.018228794224028004,4.890290289115779e-06,2
0.0001612828997141798,0.01345628577412637,0.9699037232918319,0.00028095293235933747,1.6482847648749788e-05,0.016175646646446305,5.6256078733007975e-06,2
6.141225906608664e-05,0.008304611907073378,0.9872118545521608,8.428482179381508e-05,6.306978434134186e-06,0.0043294140344746455,2.1154469969064997e-06,2
6.576995494909547e-05,0.0034878479065179506,0.9774104216355224,0.001766776415100015,1.2092256672887675e-05,0.017255626242848505,1.4655883891501803e-06,2
7.746595742165187e-05,0.004003317510882921,0.9558250818828974,0.0009232810131051844,1.5746523047007576e-05,0.039154137138911325,9.699737344124253e-07,2
4.328476600811499e-139,2.908301017858642e-137,3.2004063618848864e-135,1.0,4.565129107649472e-140,3.331762952057046e-136,1.914394608459852e-140,3
0.0002096000577335892,0.00859742765274257,0.9076022228866444,4.025053463268371e-06,3.953699568456028e-05,0.08354112076689324,6.066586838471703e-06,2
0.00017910056515400678,0.011388105750363845,0.9016674733599634,3.374581801386981e-05,3.2333677928483306e-05,0.08669437544005709,4.865388519161145e-06,2
0.0002460762926811001,0.012496599342308802,0.8841026467222867,0.001005180982305585,5.681398583533948e-05,0.10208042002713948,1.2262647442963847e-05,2
0.00018386800333660544,0.011315098737484909,0.8213655798233633,9.422955372076626e-05,2.0884955675964307e-05,0.16701408412118135,6.254805237058957e-06,2
0.00027329448667241693,0.01681183061013559,0.8185211275185784,0.00015311229956184992,5.395906131231754e-05,0.16417771553325639,8.960490482976915e-06,2
0.000247842526911743,0.017925835008448025,0.8485885088745773,0.0001062264063472194,4.017653187267528e-05,0.13307816348064214,1.3247171201171404e-05,2
0.00038359525173047444,0.02317348533633555,0.7473136972323156,0.02300495273880636,9.49513208282119e-05,0.20601007392857118,1.9244191412534657e-05,2
0.00019693059601035557,0.010257370255733873,0.3761114327955448,7.608222120577743e-05,5.640802136947055e-05,0.6133004089386366,1.3671714991079536e-06,2
0.00020450810870366052,0.008737476796467462,0.7767403839946999,0.1688753886018811,5.7867729630213215e-05,0.0453815828738834,2.791894734374764e-06,2
0.00026311888519580333,0.009248229589915315,0.8392611931721436,0.0002861683161260065,6.233220394775227e-05,0.1508774704583336,1.4873743378380984e-06,2
0.00020438233744839884,0.006448063297446234,0.8449608947583974,0.05945701308255562,2.983715958549912e-05,0.08889865072193624,1.1586426305055494e-06,2
0.00016516069113832067,0.008382177615577812,0.067959049480652,6.82685415508271e-05,3.0117710872920146e-05,0.9233928723380731,2.353622135023744e-06,5
0.00021117256986663303,0.009955260589609265,0.16876207336030394,5.6505830787704834e-05,2.9184960775826594e-05,0.8209813959161965,4.406772460214083e-06,5
0.00014535755728820436,0.007278673507172257,0.6334641146023015,6.900633536697763e-05,1.9552830339328008e-05,0.35901534804902757,7.947118504124115e-06,5
0.0001449011917303015,0.009464681413933508,0.7926268892430194,0.00014144187056138347,1.542398726576453e-05,0.19760057508730225,6.0872061873594186e-06,2
0.0001084276165452354,0.00411908328043507,0.974225985030438,0.0002728347383200094,1.0317526494826731e-05,0.021260344445241358,3.007362525788543e-06,2
0.00017327969990651882,0.005664027851506453,0.6688270955689242,0.12809387899863234,1.381509474843658e-05,0.19722514928529283,2.7535009893419697e-06,2
2.691643243634366e-10,3.308046252727838e-09,5.839997509303617e-07,0.9999993624493514,3.492071616611848e-11,4.993664769314285e-08,2.118716462103585e-12,3
0.00022676738246172687,0.00837886516851777,0.23901377960448175,0.00030730338067747016,1.986851526340147e-05,0.7520467060043494,6.709944248551634e-06,5
0.000236949778700847,0.018298291158695065,0.16295458494093906,0.0002610023874513535,6.243075639818092e-05,0.8181716018127878,1.5139165027657869e-05,5
0.00024128952195007802,0.010495731834891503,0.19691868268666574,4.784733117459862e-05,2.966830413476941e-05,0.7922578577879918,8.922533191568661e-06,5
0.0002886632120876072,0.028709252156522216,0.14661631290841268,7.635934592698745e-05,3.552341412481105e-05,0.8242573177551473,1.6571207778408083e-05,5
0.0003109479496302573,0.004649722075569963,0.20276846297073417,0.009884194647813632,4.585382384264175e-05,0.7823306172556732,1.0201276736169229e-05,5
0.0006322187042047962,0.011680406401740607,0.403485252610545,1.6417626411282664e-06,0.00010218921153587426,0.5840908647343908,7.426574941723423e-06,5
0.0005905752415655701,0.010881301612173488,0.5237540608515311,0.0001175653928802061,8.434521364779917e-05,0.46456850171555064,3.6499726512063328e-06,5
0.6091153439010246,0.003367919643899989,5.913036313836173e-06,7.676783683596881e-08,4.543148222405644e-06,2.6481328506626572e-06,0.3875035553698516,6
0.9646322069262696,0.024765131136132202,6.3799676646830215e-06,9.369083380842073e-08,6.493449402238594e-06,3.1588001233521064e-06,0.010586536029574399,0
0.9459574514972382,0.05218572081586535,5.6278234485652455e-06,9.914071069939637e-08,5.3885659692745065e-06,2.7788060854481142e-06,0.0018429333506825196,0
0.9130436459922509,0.08512750477243172,1.1609503138813297e-05,1.5854494898974187e-07,5.527653213477863e-06,6.229055431392459e-06,0.0018053244785850714,0
0.9623656070297288,0.03758177126969482,7.436163902948657e-06,1.1905461850939047e-07,4.315688553955413e-06,4.677524088807512e-06,3.6073269412333193e-05,0
0.9676673689146762,0.032294254318065145,6.712571496324754e-06,1.0746974503817242e-07,3.84129855954149e-06,4.222367242262023e-06,2.3493060215296e-05,0
0.8956091965512172,0.10437007243122323,8.916137035609486e-06,1.0353116035582705e-07,4.687152163337054e-06,4.067624612718217e-06,2.9565725875708472e-06,0
0.8844796815727317,0.11549519561049687,5.734413859589251e-06,9.623467065758829e-08,4.5043385343939555e-06,3.7809536145279632e-06,1.100687609215252e-05,0
0.8937556054423434,0.10621504213661209,6.957517670405771e-06,9.129578774055243e-08,8.568132433695722e-06,3.775597373663251e-06,9.959877778812774e-06,0
0.9007339621923015,0.09920252038820461,5.471196671783391e-06,8.568018291611747e-08,5.0269432311803607e-05,4.807881064451093e-06,2.8832292627514036e-06,0
0.8884449926987985,0.1115250580479755,5.889819892484911e-06,8.574800721691773e-08,1.5694097273174967e-05,5.175751345249154e-06,3.1038367079596258e-06,0
0.8470080707447735,0.1529430147157244,1.026823518858154e-05,1.3805856284467084e-07,2.6791645606268195e-05,7.0085861756349796e-06,4.708013968769051e-06,0
0.84782097470925,0.15213037065269025,1.0213676172732743e-05,1.3732500550205362e-07,2.6649291463574503e-05,6.9713469074246715e-06,4.6829985105115255e-06,0
0.8241631790280294,0.17575847457308533,1.1653397863229723e-05,1.562984989333986e-07,5.4564722947400154e-05,7.1767399805011335e-06,4.795239595298114e-06,0
0.7866153000833392,0.2132943924348448,1.2476882847313115e-05,1.6775429107787373e-07,6.423940545097671e-05,7.702754254807112e-06,5.720684971957648e-06,0
0.6187944434492612,0.3808167796146811,1.2347606341023293e-05,2.5004764194354024e-07,0.00036286268707173754,9.60231652513162e-06,3.714278478002501e-06,0
0.6516547334257364,0.3474064510037153,1.247754319489979e-05,1.950098729153613e-07,0.0009112075607076701,9.400410313069521e-06,5.535046459597873e-06,0
0.42898906718415997,0.5709646132751104,1.560839759426309e-05,2.5232675136828643e-07,1.5577924295109983e-05,9.790293095729815e-06,5.0905989931622755e-06,0
0.8498205471785288,0.15014142527551316,1.062615906780273e-05,1.0387948050901041e-07,3.930920199859487e-06,4.892468874274531e-06,1.8474118335634707e-05,0
0.8493450261793194,0.15061608062545093,1.08932699664019e-05,1.0649071013654828e-07,4.02973216194347e-06,4.92519816404741e-06,1.8938504226902863e-05,0
0.6762927955256159,0.3236295936601709,1.6049289361821523e-05,2.044517122539584e-07,1.5026054483816601e-05,8.571256435730094e-06,3.775976221956346e-05,0
0.5733993724571816,0.4265469520515957,1.6854749230366396e-05,1.5162191035110095e-07,1.0402195648612096e-05,9.001418976036118e-06,1.7265505457210116e-05,0
0.2624801764263894,0.7374774756543557,1.7319982391007445e-05,1.462453450301109e-07,1.0230021669385784e-05,8.682225549478003e-06,5.969444300160593e-06,0
0.16223180879035312,0.8377226815444485,1.227981713076488e-05,1.049005811936562e-07,1.5354660697460652e-05,6.05974776841451e-06,1.1710539020657525e-05,1
0.15490719811914977,0.8450202977430517,1.0028478867928256e-05,9.888837686787475e-08,1.7028640523634753e-05,5.483062433538946e-06,3.986506759692309e-05,1
0.17863783512709308,0.8212903489303903,1.1836213467419549e-05,1.5229414626174544e-07,4.797574518191959e-05,7.676946475672768e-06,4.174743245262033e-06,1
0.30191582664053623,0.6978361815434723,1.1497508078286558e-05,1.323307588374879e-07,0.00022372951662625717,8.24964104956735e-06,4.38281947852355e-06,1
0.27613659547196406,0.7187183451387458,1.6062276537201507e-05,2.0199780311325331e-07,0.005109236950670094,9.784178385575427e-06,9.773985894157155e-06,1
0.2936958381417923,0.6776732831988197,2.461518865763032e-05,3.4891467512781556e-07,0.028579163768931423,1.4994101008225381e-05,1.1756686115547704e-05,1
0.3660556039293959,0.6064445395057602,4.7169078898030675e-05,3.27237440064341e-07,0.0273891614606439,5.739753466853885e-05,5.801253193444903e-06,1
0.4507695245090854,0.5266806925587222,4.6771122854267046e-05,3.4801943132788324e-07,0.02244338774497047,5.3933654003744844e-05,5.34239093263213e-06,1
0.47053267801933535,0.37198216135371015,3.4990020786618726e-05,2.555371810130763e-07,0.15738035053497096,6.05325329493996e-05,9.032001066323312e-06,1
0.25279221279554176,0.7320799481811396,0.00034596607026143606,3.4941079703986776e-07,0.014451401891232373,0.0003237963580960791,6.325292931730069e-06,1
0.1521089728745922,0.8433570984391094,3.12547947543685e-05,1.4381624324657405e-07,0.00448651909133342,1.2977064838399931e-05,3.033919129047035e-06,1
0.13531663964151808,0.8613556095115268,3.423006897355478e-05,1.5243508539662584e-07,0.0032770156604092163,1.3254014953142202e-05,3.0986675341272047e-06,1
0.2594269176138104,0.7381724905203061,3.8770861227811725e-05,2.0282561178419772e-07,0.0023405274369551095,1.6391406939191677e-05,4.699335149389169e-06,0
0.4370813958443121,0.5589514617229633,3.2286396709652455e-05,2.597674178574326e-07,0.00390810884108088,2.099317447233735e-05,5.494253043876234e-06,0
0.49987863983976577,0.49487965501844217,2.2325258557403275e-05,2.415154256883321e-07,0.005196591941496967,1.750487996680877e-05,5.041546345233304e-06,1
0.2269338992847668,0.7682252004938686,2.0890441786917777e-05,1.886561528653072e-07,0.004799301613475801,1.5709359245867956e-05,4.8101507031506665e-06,1
0.19849823255251617,0.7958920235263364,2.0247845934482464e-05,1.8003338678253102e-07,0.005566086546951247,1.8639198142526453e-05,4.590296732282394e-06,1
0.09411596661299133,0.902545147873625,2.0979973518925257e-05,1.3349018363494118e-07,0.003301266061791686,1.3413108708400743e-05,3.092879180966279e-06,1
0.1622761871948987,0.8277382415987795,2.0019777880527332e-05,1.7146000661572132e-07,0.009946067747319235,1.544099627371119e-05,3.871224841582408e-06,1
0.11689752656624937,0.8690960658300261,2.015352877385549e-05,1.9651978223961945e-07,0.013961411714327927,1.723875982936396e-05,7.40708101095845e-06,1
0.12483371507750789,0.8577071838421205,0.00011638404158889795,1.6708144088738525e-07,0.017008934480668893,0.0003265173204735539,7.098156199400039e-06,1
0.18655165065409796,0.7909564379118476,0.00016525005284094817,1.5988481371097152e-07,0.021631994694243383,0.0006888138411274053,5.692961029206428e-06,0
0.2685800858688221,0.6554618452710318,0.00019161349077893007,2.6932045982872264e-07,0.07475787517604947,0.0010034161740643708,4.894698793579195e-06,4
0.1494436950010939,0.5685108159849912,0.0010759247314617356,1.4144264760435996e-07,0.28003712961894023,0.0009290971518737568,3.1960689916127805e-06,1
0.10357502280618927,0.5915019308545106,0.0010403747044617439,1.2925909025681506e-07,0.3022336620553911,0.0016457697439350796,3.110576422033734e-06,4
0.013778860905166957,0.28704029307554985,0.00016925760819003213,6.769801747080837e-08,0.6986739812957106,0.0003346575194259804,2.881897939118924e-06,4
0.013396723106854386,0.26647297945794535,0.00019095918295326732,6.647280771410982e-08,0.7194154730305584,0.0005171655473931049,6.633201487748317e-06,4
0.014421903543239682,0.22335917633471986,0.0001766301824308971,5.8778753608681936e-08,0.7617295548967233,0.00030889221296809716,3.7840511644844285e-06,4
0.05295494502565159,0.6831161360541271,0.0008495220858101007,1.8251299052580068e-07,0.26209987185471867,0.000966412289019288,1.2930177682650685e-05,4
0.33582714501175337,0.4784762170657077,0.002238501031147353,3.4685310666775536e-07,0.17748755820055986,0.005954706024790347,1.5525812934714948e-05,1
0.07445256849680425,0.8700525910075646,0.00013863262162001268,1.6025703215553787e-07,0.0545092505443845,0.0008389399303251957,7.85714226936056e-06,1
0.07528506172744795,0.8825530666946325,0.0001351642337874425,1.4570440584402194e-07,0.04134750973756462,0.0006713677449298555,7.684157231504202e-06,1
0.07234493536571196,0.9147886047528379,0.0001636658880614833,1.6592469830110644e-07,0.011951655981476413,0.0007358940145358193,1.5078072678181477e-05,1
0.11941725804454235,0.8787419121555288,0.00026887840137655955,2.0511759418222183e-07,0.001147269086007739,0.0004011979900062304,2.327920494421966e-05,1
0.1061086060146845,0.8923692096614582,0.00030046042382498114,1.915648349324143e-07,0.0008284461993541912,0.000371981832473037,2.1104303370194474e-05,1
0.18345446904240698,0.8125755188719496,0.000314361080864917,2.0312557549997497e-07,0.0033483204332474944,0.00029994902607995643,7.178419875571721e-06,1
0.30803132074468365,0.6848969285996228,0.00019088844833641493,1.7313158984723275e-07,0.006525696854488248,0.000349810346332066,5.1818749470638665e-06,0
0.40898883063309727,0.574973637258811,0.0006172049876538848,2.827827980695769e-07,0.014536569219887293,0.0008756798183337177,7.795299418704253e-06,0
0.42360030101974744,0.5612682540573934,0.000652309917330888,2.899453378546674e-07,0.013612831913227064,0.0008577792402559416,8.233906707351494e-06,0
0.2920210703615353,0.4864689797457166,0.00042526719716797905,2.6376285407001294e-07,0.22057076816329824,0.0005070527307593388,6.598038668336071e-06,0
0.00048680677393587134,0.04883762352979686,0.7509788008496875,0.1756426966547686,9.908217280352335e-05,0.023948048651584175,6.941367423407687e-06,2
0.0007881697447365875,0.10083768768964321,0.7906003144245178,0.0010888653491740675,0.00017643698198368344,0.10650139044209393,7.135367850796787e-06,2
0.0006721762083647671,0.11729359271870052,0.6508540297289583,6.368716741468144e-05,9.457448750176585e-05,0.23101815804627243,3.781642787507976e-06,2
0.0006311423982967874,0.16788992883257017,0.7416903921549537,0.0022169419489091007,7.866186654226814e-05,0.08748938201090085,3.550787827221519e-06,2
0.0006649850234689303,0.12473252852570756,0.7038082814329796,0.0005469996201489906,0.00013607079573515297,0.1701061630991544,4.97150280551862e-06,2
0.000559601033042683,0.044485040417436145,0.6546647296959969,0.002544903939434619,9.776669375364054e-05,0.2976398092252929,8.14899504300993e-06,2
0.00012459834038243804,0.0038673327643372435,0.9714958347052177,4.826052726682954e-05,1.4277246428191015e-05,0.02444289819189009,6.798224477517379e-06,2
7.716356624564439e-05,0.004257926705777744,0.9817265746646252,0.00015162041762885136,1.1156226814618492e-05,0.013774835998911881,7.224199959005856e-07,2
4.0892099083002295e-05,0.0020926833555535806,0.9837228179074303,8.510999428976383e-05,8.15549737879762e-06,0.014048242639466179,2.098506798236573e-06,2
0.00020338905822898462,0.013543957768809373,0.506423536530113,0.0020485979173159507,8.31752707006075e-05,0.4776952219595174,2.121495314674425e-06,2
0.00020872363266036945,0.014281348815551598,0.4083596074307306,0.12372788716783355,6.22158492574786e-05,0.4533505901111835,9.62699278275203e-06,2
0.00013252960023280472,0.006847684528831522,0.9832948777268021,1.1828643761713109e-11,2.2456077890888028e-05,0.009691894971562556,1.0557082851440627e-05,2
0.0001373934246693644,0.0094814962267803,0.9714189735760593,6.819503000716428e-05,1.3008880896655565e-05,0.018874420330522706,6.512531064421273e-06,2
0.00015259058530029358,0.013826757541192888,0.9347019917243998,9.070278575098247e-05,1.9618967316785365e-05,0.051201521107115296,6.817288923824652e-06,2
0.00012109973889768151,0.009558516291650233,0.9587041924775616,4.9432193640637945e-05,2.3006111425978033e-05,0.03153853859343889,5.214593385269198e-06,2
0.0001361202676131846,0.00869843699911177,0.9516648515976573,0.00014197802441444149,1.7377953420898573e-05,0.03933500326727857,6.23189050353356e-06,2
0.0002515820065778006,0.00448344875390797,0.8751097439642759,0.0012410821662756076,4.795271022563607e-05,0.11886398746703611,2.2029317009668554e-06,2
0.00034145264733514345,0.006354162760650367,0.8048628381838251,0.0017487228772608758,6.1004210252167064e-05,0.18662710795116322,4.711369513239803e-06,2
0.00030480732088016324,0.005672222320213357,0.6649325440791667,0.00549731292948623,5.217728247594738e-05,0.32353673033111036,4.2057366671917415e-06,2
0.0003374870507470363,0.005742859318530441,0.750437631509289,0.01160329866808981,5.757227420673864e-05,0.23181552828301005,5.622896126946429e-06,2
0.00022672687265368216,0.019414050290960917,0.9380639738949942,0.00015477842765509726,2.256323809104055e-05,0.042108356816077115,9.550459567900863e-06,2
0.0001163278285778633,0.010363977547643255,0.9786886291731657,0.0001512235090384554,1.3289883786996705e-05,0.010662143638261382,4.408419526422882e-06,2
7.797222654616569e-05,0.01103854863450905,0.9843334503163498,8.282291985435866e-05,5.402401102528337e-06,0.0044591176191288665,2.685882509413934e-06,2
3.198951765900438e-05,0.0044438702515734564,0.9900562405063345,5.3323914835306045e-05,3.0970458799516286e-06,0.005406618743071396,4.860020646429737e-06,2
0.0,0.0,0.0,1.0,0.0,0.0,0.0,3
2.414711640001916e-05,0.0008380153722057866,0.05244287612865786,0.9449474215164299,5.6085270263907636e-06,0.001741313269762921,6.180695171078449e-07,3
0.00033085311559703356,0.011755497231183496,0.9206007924537791,0.0008167332316628306,0.0001408951052690854,0.06635033804185188,4.890820656754272e-06,2
0.0001222775574160684,0.007680114599567898,0.8240946954576585,7.100606477445588e-05,1.3207632792338064e-05,0.16801173675164485,6.9619361458360185e-06,2
0.00034988917818678763,0.023377600837446,0.7357985084659454,0.09330558657572338,6.084489790733199e-05,0.1470925295041897,1.5040540601472823e-05,2
0.0003198378391775919,0.019258440365902983,0.32698626162528577,0.0986057939989563,9.309471272797012e-05,0.5547326681364534,3.903321496020705e-06,2
0.000259549925874005,0.019271162335801367,0.1312654811664347,0.0002563176996631242,5.574665590662303e-05,0.8488864876380082,5.2545783119296655e-06,2
0.0001908831038114828,0.006747453979852483,0.9338401091398613,0.0004037937921127406,4.189821788459891e-05,0.058774776586898295,1.085179579269942e-06,2
0.0002692045873476344,0.007213022593268025,0.7007508049693855,0.13661783695496477,3.62536411661272e-05,0.1551112382646733,1.6389891946911353e-06,2
0.00012843938081018863,0.006805350194116698,0.038842870398017315,5.3737904774155896e-05,1.768842255137083e-05,0.9541502264025229,1.6872972073595323e-06,5
0.00014745107684880116,0.008020564809306404,0.03942892092847204,5.2921796517914556e-05,2.084700058056026e-05,0.9523273057945623,1.988593712030916e-06,5
0.00023951872587564885,0.011532363893989263,0.19109306739446297,5.585357982647723e-05,3.632722817375085e-05,0.7970387564645228,4.112713149109883e-06,5
0.0001651387338572083,0.007869124012717357,0.5943307487737013,1.003057156219772e-06,1.9323421009571218e-05,0.39761101023902745,3.651762530903929e-06,5
7.171510449323591e-05,0.0020096527256583574,0.8966717707770553,0.0741878656332202,5.4833657378552665e-06,0.027051047126181147,2.465267654066674e-06,2
0.00019225449443271595,0.007338767433608085,0.33698788281819125,0.0002736144695150302,2.7079232337472875e-05,0.655170098806266,1.0302745649508185e-05,5
0.00019402694973759152,0.006228212115335774,0.218722916986096,0.00023220322496861812,2.9979402972003407e-05,0.7745867218411596,5.939479730298239e-06,5
0.0002399640620996904,0.008415047772529577,0.21740176508291786,0.0002586268822428359,2.8738553548002945e-05,0.7736487572186338,7.100428028341599e-06,5
0.00022235105806253338,0.007857493854452465,0.2692850174414639,0.0002468573691769501,1.4609822508617197e-05,0.7223670911871278,6.579267207698512e-06,5
0.00019482746276201944,0.006884858586553698,0.2200959668165116,0.00026372948573551174,1.4593250457520252e-05,0.7725402595415041,5.7648564755143254e-06,5
2.3895906385152482e-20,9.141887500172924e-19,1.1290456915779092e-17,1.0,4.5473283613980774e-21,6.970610594425295e-17,1.1324936594366627e-21,3
0.0006380929305025012,0.06405465938420937,0.32435701516908566,0.00024315786256529697,7.503437624859707e-05,0.6106122681207043,1.9772156684214248e-05,5
0.0003799198805404963,0.027292424720186895,0.20012814771363863,0.00033693018597087747,4.59664508700495e-05,0.7718068591382486,9.75191054445614e-06,5
0.0003572062559542721,0.006876501788156475,0.30058744064275755,0.07773672872456944,6.386961022986315e-05,0.6143676673744524,1.0585603880132058e-05,5
0.0006477786063709878,0.006189191670353242,0.8379432879531309,0.000407014781517768,0.00011606085277098231,0.1546886861972215,7.979938634576471e-06,5
0.22558978707097802,0.0014703571899717675,1.7487942118799168e-06,2.4884673512861343e-08,1.2832381471645868e-06,1.1016267830495354e-06,0.7729356971952347,6
0.39709037470840974,0.00257633004059706,3.968310099809813e-06,6.13242256207698e-08,2.953923551473389e-06,1.92863998193748e-06,0.6003243830531345,6
0.9388729026332229,0.0589792315332694,5.8135938191100315e-06,1.2710422638264102e-07,5.198620944755951e-06,3.014279954867425e-06,0.0021337122345625897,0
0.9771834267478514,0.022804123995960584,3.914298737854414e-06,5.610147819786071e-08,2.299231252036499e-06,2.4621870733433833e-06,3.7174376463730775e-06,0
0.9306599186137137,0.06932293267343285,6.6324100100257506e-06,1.010705392492674e-07,3.282502449098391e-06,3.9709495349810826e-06,3.161780319981039e-06,0
0.8995778478414359,0.10040236131947251,8.534076732256596e-06,9.909480564592869e-08,4.434460221780948e-06,3.893325150153422e-06,2.829882181716746e-06,0
0.8693894938389443,0.1305857824475575,8.246261110887586e-06,9.575278823077947e-08,4.546295751160521e-06,3.7620209877420887e-06,8.073382860033162e-06,0
0.8703429987922844,0.1296321781931725,5.42492533342741e-06,9.104084839139776e-08,5.129163425041995e-06,3.765054189131592e-06,1.0412830747184988e-05,0
0.8573367940140989,0.14262968818127827,8.06102481514756e-06,1.0801778025693362e-07,9.134005908274766e-06,4.467146377070571e-06,1.1747609742001447e-05,0
0.8942344321756373,0.10573785644061622,5.723309929444027e-06,9.134469916951702e-08,8.184801171610336e-06,3.777620137991279e-06,9.934307808321481e-06,0
0.9115106972235149,0.08844580085455762,5.171490336461604e-06,8.73833950768634e-08,3.176644886478462e-05,3.677804307983325e-06,2.7987950232197128e-06,0
0.902934497667942,0.09696206693484312,5.5141056843268185e-06,8.635214780131949e-08,9.027725567120723e-05,4.651842115979411e-06,2.9058415956691768e-06,0
0.9141216639852019,0.08583617662004096,4.81721286780861e-06,7.54386479631303e-08,3.066422720127764e-05,4.063925318625048e-06,2.5385907212948164e-06,0
0.8646201080552147,0.13529011185319365,9.682339670027882e-06,1.322199475686686e-07,6.801056709852326e-05,6.712187042795389e-06,5.242777833025416e-06,0
0.8549507868920471,0.14497159686006966,1.037521681428344e-05,1.4168172879171206e-07,5.4975810049309525e-05,6.505583447473028e-06,5.617955843373253e-06,0
0.8560277642871058,0.14389874938665226,9.919858781093006e-06,1.3337456941604934e-07,5.2020387481065104e-05,6.124144577473912e-06,5.288560832779145e-06,0
0.77299036209745,0.22669189559734015,9.49228017284729e-06,1.897068510565014e-07,0.00029803559482201184,7.228617134814652e-06,2.796106229084564e-06,0
0.7027187733125349,0.2969129917840996,9.659276556903158e-06,1.9560708846942308e-07,0.0003479717348011778,7.511693225513131e-06,2.8965916933874835e-06,0
0.5303974157479266,0.46922043210949854,1.224780884064439e-05,2.4996513307768e-07,0.000356060132099024,9.92140436595139e-06,3.6728321361348933e-06,0
0.6148418296331672,0.38475544735486145,1.2268734722288052e-05,1.9581044818708175e-07,0.0003759194761623321,9.540980730401179e-06,4.798009908221674e-06,0
0.6680289210457915,0.33113450525576427,1.3309732695256928e-05,2.1242489819051814e-07,0.0008074958917279923,1.0350529703893896e-05,5.205119418843797e-06,0
0.7826408461276669,0.21717601590193106,1.15258061477655e-05,1.5143600790742198e-07,0.0001583269679666013,7.286133482484378e-06,5.84762679733922e-06,0
0.38145381366651404,0.6180833266165786,2.001932520876994e-05,2.404039389468761e-07,0.00041729231548816087,1.1566702088137364e-05,1.3740970183285198e-05,0
0.3323169684778594,0.6676376804102829,1.865366132859965e-05,1.8235494462691415e-07,1.103115641180518e-05,7.540117040756956e-06,7.943822131885392e-06,0
0.5696747640612773,0.43028668184090585,1.3993828215383985e-05,1.9034948228975e-07,8.592772691088275e-06,8.045572976221228e-06,7.731574451816549e-06,0
0.78840624188148,0.21138704644437745,8.532575960153811e-06,1.0627569684281861e-07,5.74311642675365e-06,5.0472048559460105e-06,0.00018728250120275433,6
0.6920957950086594,0.30765056128850665,1.487792824398636e-05,1.3641768582049942e-07,1.2032808671330157e-05,7.94568129072136e-06,0.00021865086694214557,0
0.695963334099767,0.3039659798492101,1.4961068424136699e-05,1.3718000909487015e-07,1.154221536070245e-05,7.990082995252685e-06,3.605550423370226e-05,0
0.6023111160842628,0.3976310202368015,1.5587575373399135e-05,1.4022267098453714e-07,1.0337774185804158e-05,8.324674240997776e-06,2.347343246446975e-05,0
0.49013922250145836,0.5097963901539161,2.1280862876897826e-05,1.8513409667335824e-07,1.4801606365377696e-05,1.2091557932510547e-05,1.6028183354140616e-05,0
0.2852403649241427,0.7146768958615454,1.908443454305951e-05,1.6501074463847651e-07,1.0284964880056172e-05,7.483057080989479e-06,4.5721747063290764e-05,1
0.17707205716638505,0.8228806645566766,1.05542798518793e-05,1.0304204704816431e-07,2.7011173890849e-05,5.952143296534013e-06,3.6576378520266447e-06,1
0.13083743788232083,0.8691129683723261,1.0548779651093e-05,3.2463697054110276e-08,2.37276733183658e-05,5.639829084784305e-06,9.644999602010328e-06,1
0.21765033002536513,0.7822945139617411,1.6477379269251535e-05,1.440204355661611e-07,1.738923070463402e-05,8.121600051215548e-06,1.3023782433347709e-05,1
0.24687760534563308,0.7505529401510335,1.2677693787454323e-05,1.5088283240585617e-07,0.002542657195126789,9.406197159490053e-06,4.562534427343295e-06,1
0.20615092585862382,0.7909292360918976,1.2092330918364602e-05,1.6534949791056337e-07,0.00289132327284187,8.25639702843585e-06,8.000699192147691e-06,1
0.26522265807102935,0.7292849206705321,1.629842364460561e-05,2.049675687499424e-07,0.005456072159401403,9.928025082444833e-06,9.917682741323743e-06,1
0.4196132051341571,0.5610181674489391,3.8635951750369974e-05,3.239650000463073e-07,0.019274488501017473,5.020586395177188e-05,4.973135184244791e-06,1
0.4278798183258802,0.4715481343127979,4.394526939782496e-05,2.823992486904481e-07,0.10045806348292648,6.542209396421529e-05,4.334115784692533e-06,1
0.2614964988162866,0.7234522482287824,0.0007670827995488488,3.032536465506669e-07,0.013117216820671938,0.0011602360654633015,6.414015600455322e-06,1
0.1539742799881517,0.8406308959309614,3.428551283633629e-05,1.471234150849661e-07,0.005343446077613255,1.3841680447764681e-05,3.103686574483226e-06,1
0.1434140894467074,0.8535239630680138,3.481136243449746e-05,1.4937990134701597e-07,0.0030097814785558794,1.405397542308202e-05,3.1512889640347834e-06,1
0.17987667985222253,0.8183009787112882,2.942770252572661e-05,1.5394787681173107e-07,0.001776497683745257,1.2695231953126853e-05,3.5668703883656487e-06,0
0.1559192084253764,0.837534374753143,2.1040396408861985e-05,2.0516774838304433e-07,0.0065044196384577225,1.668303699931038e-05,4.068581866432891e-06,1
0.16240266094039374,0.8304815649878264,2.0863216919002488e-05,2.0344004723674757e-07,0.007074092831852773,1.658026229589982e-05,4.034320665002173e-06,1
0.11160362112551449,0.8704848388860349,0.00012836228424561693,1.695705293037091e-07,0.017508016968193766,0.00026901866642831557,5.972499053484498e-06,1
0.15179334010099432,0.820609143735383,0.00017342008828109484,1.6753584571871092e-07,0.026931357509148164,0.0004883183782791436,4.252652068475811e-06,1
0.16960220649356536,0.7998007812945991,0.00020645694938275702,1.6163855002512376e-07,0.029952978676136013,0.0004333119899119766,4.1029578545470835e-06,1
0.20038836939577553,0.19287133916791463,0.00025418087209695006,1.1904013520034647e-07,0.6060401061879487,0.000443602559076646,2.2827770522891963e-06,4
0.08503788402671128,0.5099726713371164,0.0009757373265602513,1.114235722703717e-07,0.4031538298331155,0.0008569377287344972,2.8283241897267577e-06,1
0.12257957928206765,0.5309034921868704,1.5970172633042523e-05,1.2631511586707864e-07,0.3464867985420479,1.0827177051734674e-05,3.2063242135882828e-06,1
0.12096437299831549,0.6380607316862107,2.4777145258101632e-05,1.633233616340326e-07,0.24093284201590387,1.1590376662687185e-05,5.522454287250411e-06,4
0.019436274211230776,0.40489514222444595,0.00027458045958552336,9.549390477016205e-08,0.5750660746165109,0.00032460405806636014,3.2289362558306217e-06,4
0.05274688238105411,0.6074174572820413,0.0004366560656206495,1.6228803679926392e-07,0.33845536314565633,0.0009342161011657499,9.262736424927467e-06,4
0.36405702848089444,0.5091387972263478,0.002052332887492464,3.6908077610635264e-07,0.11888097216649171,0.005853979391778515,1.6520766219100288e-05,1
0.3474653673629489,0.47967051282029294,0.0012478226469152733,3.397809622315822e-07,0.166514906528803,0.005085841609945879,1.5209250132039848e-05,1
0.07332455653001288,0.9017606128894275,0.00016508898587608233,1.4352956829101917e-07,0.024027084120711098,0.0007149444837296825,7.569460674365473e-06,1
0.048426546227875254,0.9454729340564584,9.541388857957136e-05,1.1192822948474891e-07,0.00541485663694121,0.000577512234153505,1.2625027762347697e-05,1
0.13546490810295228,0.8566375956898935,0.00023974220819316394,2.0109717974953927e-07,0.007088727860164113,0.0005577680670033005,1.1056974613979748e-05,1
0.12220029687887508,0.8717249625393423,0.0003853486454713717,2.0394936606951525e-07,0.005085360161295176,0.0005926140285891302,1.1213797060587863e-05,1
0.18124609043566442,0.8134511281861467,0.00022292124402596464,2.053793576510366e-07,0.0048356007587399726,0.00023679592794954212,7.258068115575805e-06,1
0.08756446499497875,0.9033813913260772,0.00021377691314008231,1.6604448123171857e-07,0.008576362799170333,0.0002579699412181186,5.867980934300965e-06,1
0.3070968471841496,0.6847962376089078,0.00024176457923457052,1.991235316350794e-07,0.007506419159338506,0.0003525725240977425,5.959820740173199e-06,0
0.2966201431135704,0.6956923752828756,0.0002009547603048177,1.7994728397499192e-07,0.007090607061882289,0.000391383055581224,4.356778501656588e-06,0
0.4237146300263644,0.561497981241181,0.0006119957360403707,2.9379131003736996e-07,0.013433025171095158,0.0007325992268144835,9.474807194786253e-06,0
0.4184137209870432,0.5670392640071789,0.0005606808227511946,3.351987147719958e-07,0.013259712892059055,0.0007169335285891715,9.352563663828721e-06,0
0.43493401759703837,0.5507390732687797,0.00047148374311242557,2.8724380576597063e-07,0.01312204559917476,0.000722323258474821,1.0769289614048956e-05,0
0.0004365538677362778,0.13823692090246378,0.7060513520878995,0.000547797322758752,4.324618973836344e-05,0.15466003490013422,2.4094729269231246e-05,2
0.0008202161765470756,0.09018086949086401,0.707386653704042,0.002062227963071032,0.0001515244934169345,0.19939263202747073,5.876144588284439e-06,2
0.0003843375899491126,0.04497290536556565,0.4106727101805321,0.0010162918098723156,0.00013079927910575846,0.5428201730238404,2.782751134500327e-06,2
0.0003587021152090081,0.05112920244338556,0.37215766116947024,0.0010019175113456244,9.168339914014986e-05,0.5752580996411659,2.7337202835544976e-06,2
0.0001457611170873115,0.00715549632695505,0.9416944647362958,0.00012652002492463885,2.1696292591738463e-05,0.05085190709376907,4.15440837638289e-06,2
0.00013437507055853146,0.006380890665546438,0.7201768595682766,0.00013503198065661513,2.3885121026455482e-05,0.2731451837391736,3.7738547618117075e-06,2
0.0004118832913737378,0.016994337485815636,0.8089235548529706,0.0002710511319736475,6.377141247241455e-05,0.17333067268613722,4.729139256700124e-06,2
0.00019232164594746697,0.009023292436921392,0.9681889458665071,0.00010063606087699252,1.7202511315508443e-05,0.022471537961834265,6.06351659734402e-06,2
0.00015046598368061409,0.006610211830403556,0.9778593027268759,6.743936863103458e-05,1.1361581126065453e-05,0.015296261781785466,4.956727497438365e-06,2
0.00019128951603983264,0.012738232574648229,0.5405004737853004,0.0009534040108990675,7.822720365265895e-05,0.4455345805236447,3.7923858151172347e-06,2
2.9807856779677557e-14,1.115232413175654e-12,4.275214075695907e-11,0.9999999999467684,6.0078243905755236e-15,9.328402121065192e-12,1.9216205863181286e-16,2
0.00013682147992607327,0.006970232560223244,0.9814510339010267,8.584500274346312e-05,2.318330248464714e-05,0.011321984786897851,1.089896669799762e-05,2
0.00013444843339403167,0.006786696668736405,0.9827155646536669,5.725595025383151e-05,2.8073901790280457e-05,0.010267348410371368,1.0611981787247626e-05,2
0.0001094616215785999,0.007213488846811603,0.9818803465145151,4.547694791388798e-05,1.792569602762969e-05,0.010725262270944214,8.038102209219685e-06,2
0.00011627591964905516,0.007495296839284405,0.9805319146497508,4.638779464649222e-05,1.4944713926387776e-05,0.011787091820750327,8.088261992702807e-06,2
0.00015611003087528363,0.011157327886583992,0.9229127231463996,0.00012957127061426167,4.445421005330246e-05,0.06559584718539871,3.966270074732373e-06,2
0.00013941921530285888,0.008662958321279043,0.9297391534096864,0.00012752277889094925,3.3484194182734664e-05,0.06129508180364006,2.380277017973074e-06,2
0.00014623883829394013,0.008122681491527456,0.9205660962177831,0.0002507271193567871,2.8560716382146235e-05,0.07088011353627846,5.582080378366662e-06,2
9.406709568719568e-05,0.008197234057924406,0.9762638269015175,0.0008272829958373268,1.7264457451322867e-05,0.014597412731159973,2.911760422187101e-06,2
9.104000545815024e-05,0.006545502199503975,0.9114893917277549,4.9419170452516436e-05,1.8203568127559976e-05,0.0818056703816906,7.729470123336908e-07,2
8.125774318336095e-05,0.009246342927734949,0.9870059061423128,7.233550054246912e-05,5.736085359258724e-06,0.0035853422154260815,3.0793854411441406e-06,2
3.666319083183288e-05,0.0050931203402963,0.9910951137648867,5.989771702912048e-05,3.886106808192853e-06,0.003705129118106648,6.189762041089547e-06,2
6.418079475531279e-05,0.011504484872127567,0.972185680746927,0.00010578353484993021,9.516053751309925e-06,0.01612955037123182,8.036263571560548e-07,2
1.1194595045645158e-290,8.702387698133981e-289,1.3729347761428473e-286,1.0,1.5455762459505666e-291,2.5031631201848477e-288,3.3215224539872808e-292,3
0.0005480006361890852,0.019470936369400005,0.8630639541239582,0.0019262548931000716,0.0001645167814496489,0.11482015187508547,6.1853208175645054e-06,2
0.0004271234609732297,0.015176065831460264,0.892829816280872,0.000870490350017872,0.00015426888062429204,0.09053592126353234,6.313932520002472e-06,2
0.00015290423031833237,0.009139096493732764,0.8998555345236378,7.503335789119174e-05,2.27694757105095e-05,0.09074920400298107,5.457915728198002e-06,2
0.00016067142429115368,0.009603342218362938,0.8406266972820668,8.377202175614983e-05,2.0961204254560837e-05,0.14949882068359077,5.735165677790425e-06,2
0.00020348770925272992,0.019060211289477227,0.8573399340137267,0.00014323210789791955,3.9401397707390306e-05,0.12320147400330192,1.2259478636209345e-05,2
0.00025549980484859734,0.020247935242243286,0.8284965001040174,0.0003699977216997012,4.3008734247285563e-05,0.15057573631169616,1.1322081247760392e-05,2
0.000329033857059435,0.020555998513732684,0.43646466581614146,0.019943428556988427,8.256147351526812e-05,0.5226192635675648,5.04821499785413e-06,2
0.0002920523347039005,0.02168441363901904,0.14770333727353088,0.00027922519151229904,6.800761331301301e-05,0.8299690326706529,3.931277267828113e-06,2
0.0002594050670158888,0.019397220298799155,0.11083706660516869,0.00021214018772100181,5.505071935345365e-05,0.8692356005015485,3.5166203932998235e-06,2
0.0003063793588792514,0.017171216328907744,0.6086286148497876,0.00011822865708258112,8.615966219838586e-05,0.37368727413425973,2.1270088846562648e-06,2
0.0001566375676064371,0.00820057051095564,0.8365854433054284,0.00023114659951330494,4.704833310553226e-05,0.1547779840185254,1.1696648652209633e-06,2
0.00022428430808205162,0.010725277409881547,0.8104757590150562,0.09916411014267439,6.270351407497611e-05,0.07934625466586119,1.6109443694757314e-06,2
0.00024129835827271041,0.011143502391527492,0.7334699252516946,0.20079643580976414,6.911586700576982e-05,0.05427804855967325,1.6737620620732105e-06,2
0.00014805358579844178,0.004428741132076901,0.04310245264044508,0.0001554359169629575,1.8796175114436045e-05,0.9521455776830569,9.428665452207527e-07,5
0.00016851450238374128,0.00892872726631599,0.05129211872351909,5.4383935538246655e-05,2.320749061070801e-05,0.9395308343209657,2.2137606665347053e-06,5
0.0001954713726893932,0.023626184638438182,0.22285547671850078,2.619783529003432e-05,2.9646672222239838e-05,0.7532636663752459,3.3563876135162658e-06,5
0.00011287862490253044,0.012505965678883882,0.7632230556681372,3.0736676287534535e-09,1.5986899993077973e-05,0.22413832123365734,3.7888207583384673e-06,2
7.076204989113799e-05,0.00403834120886273,0.987914121937943,1.8575218706937095e-13,7.3927888722351855e-06,0.007967203757631961,2.178256613262762e-06,2
0.0001690731289692669,0.008197438924988216,0.9493805209923402,0.0013415312517291759,1.695969043791507e-05,0.040888860988450466,5.615023084736157e-06,2
3.581796044706523e-05,0.001613021667391674,0.9882903210815845,3.734483881548949e-35,3.265127226470054e-06,0.01005601617414897,1.557989201267179e-06,2
6.093275784138093e-05,0.0026456108519678037,0.9729203978863479,0.0010579152228776204,4.64708035805442e-06,0.023308443808657296,2.0523919499498957e-06,2
0.00021890433885533603,0.00795447346289333,0.3281533096422727,0.00026712500601182434,3.437531127545823e-05,0.6633606044288037,1.120780988759584e-05,5
0.0002797979363051206,0.015132499597665943,0.19233863760288034,0.0002088463445359323,7.772245228130625e-05,0.7919515323200605,1.0963746270900985e-05,5
6.531830942874342e-05,0.004655302672833516,0.03714358903332888,5.1133805324710245e-05,2.839664503655658e-05,0.9580551850985027,1.0744355449917142e-06,5
0.0001171800023676451,0.008092623066925118,0.08146207882169651,0.0007331327478075129,4.435856608094978e-05,0.9095494421199577,1.1846751646651205e-06,5
0.00047482830518639905,0.022501782135860727,0.4667921370117627,0.009496995755993663,5.5529644236901066e-05,0.5006308221855592,4.7904961400389557e-05,5
0.000271824610725836,0.010523193464544557,0.46036619950837404,0.009557173753175236,2.932227537246398e-05,0.5192278265007871,2.4459887020807663e-05,5
0.00019365335097328408,0.00639441119890301,0.21108743721183795,0.0002721318803035579,3.0155005263957397e-05,0.7820168758861578,5.335466560358807e-06,5
0.07907989905839925,0.0007208282552837271,9.489348135537752e-07,1.3608512815600937e-08,7.420369405454856e-07,5.977673066833879e-07,0.9201969703387435,6
0.9640265054264996,0.03061698146624947,7.52281759912551e-06,1.204419632311324e-07,4.762007216586379e-06,3.6241429760178396e-06,0.0053404836974960705,0
0.9704462631398472,0.029147595510932236,4.229334686183862e-06,8.972446540795154e-08,2.6234208822282503e-06,3.363738594319208e-06,0.00039583513059257807,0
0.9667493844718231,0.032744500615074244,5.536016633808847e-06,8.863284308975535e-08,2.912060427834965e-06,3.4822862296528845e-06,0.0004940959169683445,0
0.9688798604043484,0.030874357328834187,5.5738960566284495e-06,8.923930097476198e-08,2.8982552797412516e-06,3.5061132882036794e-06,0.00023371476289185534,0
0.9706230169567315,0.029336311066501416,5.5839243107293855e-06,8.939985552706666e-08,3.024710097238271e-06,3.512421298723352e-06,2.8461521204893464e-05,0
0.976062548160593,0.023919420179632864,4.140556918536427e-06,6.629122633476414e-08,2.2556143045010097e-06,2.7129847134230693e-06,8.8562126115145e-06,0
0.7361733553334975,0.26379069251918846,1.2259392785461416e-05,1.29190260418673e-07,5.842547145834064e-06,5.413030709564094e-06,1.2307986412783948e-05,0
0.8566513402166738,0.14332139854770126,6.3506465264548815e-06,1.0657625903895257e-07,9.439242815307053e-06,4.407531318595408e-06,6.957238705668957e-06,0
0.911522920478549,0.08844698690271245,5.211251574357213e-06,8.317218763698387e-08,1.2313058407285788e-05,3.439640546138117e-06,9.045496023189071e-06,0
0.9115165534358323,0.08844636909516079,5.171523561903171e-06,8.317160667422404e-08,2.4543456380390644e-05,4.480504453357887e-06,2.798813004728804e-06,0
0.9028163021560401,0.09706430602026628,5.675420605039305e-06,9.127558728542338e-08,0.0001056365361708309,4.917070760903522e-06,3.0715205696257512e-06,0
0.9036943053402047,0.0961494809892373,5.123745151213244e-06,8.240320503516049e-08,0.0001437954565341606,4.439110195107268e-06,2.772955472498006e-06,0
0.8802989179541557,0.11940213114693633,6.637870832703456e-06,1.0493868310926345e-07,0.00028302368117242595,5.653109947030532e-06,3.5312982726873783e-06,0
0.820806496506463,0.1789721045923359,7.551835392468366e-06,1.109898566976645e-07,0.00020419688980719122,6.059516794865492e-06,3.4796693500476023e-06,0
0.7096919374960925,0.2899870828187295,8.854285885787584e-06,1.7930546582777382e-07,0.00030211017707987547,7.172462583928836e-06,2.6634541623179604e-06,0
0.6014612269889277,0.3981490452954247,1.2695817694704542e-05,2.026267426245205e-07,0.00036200652905228083,9.873108737269377e-06,4.949633420653324e-06,0
0.6418671852142775,0.3576915861351175,1.2788489228407824e-05,2.0410579119467654e-07,0.00041330511667444104,9.94517625990588e-06,4.985762650876303e-06,0
0.672569755341815,0.3262998294227358,1.256118648509565e-05,2.062661805379261e-07,0.00110263370769271,9.975539863523874e-06,5.038535227469445e-06,0
0.6529690297054925,0.34692518573034153,1.4137458332029895e-05,1.8243776621445242e-07,7.682666751139493e-05,8.777740084758474e-06,5.8602604713675444e-06,0
0.6456219665712636,0.3542395125755753,1.3721832190580333e-05,1.341422418480743e-07,9.968743539595781e-05,5.546590500813456e-06,1.9430852832007934e-05,0
0.8386053404290854,0.1613576712138832,9.88767272976054e-06,9.666016667516557e-08,3.977589250232394e-06,4.5524568906504715e-06,1.8473977994288294e-05,1
0.8313176320690205,0.16858209005207025,1.0055986418877496e-05,9.830557198826709e-08,5.011587639477378e-06,4.546635307919426e-06,8.056536397102747e-05,1
0.015316384873453924,0.0049510272342915655,2.0507173161563027e-07,1.939151564046494e-09,1.352125551699691e-07,1.2130440378863147e-07,0.9797321243644125,6
0.006322921303452133,0.0028874551545387565,1.4103277919275427e-07,1.250563622826352e-09,8.721017728864085e-08,7.822950896635764e-08,0.99078931581898,6
0.6024208936141003,0.39752358131633675,1.65201157073658e-05,1.4371770149145219e-07,1.1076419195207272e-05,9.386552475945e-06,1.839826448281128e-05,0
0.3298407483367931,0.6700716249662331,1.0448364384825175e-05,9.089614990182545e-08,8.115194401967801e-06,5.39628030460952e-06,6.357596173263194e-05,1
0.22389115784230024,0.7760555498426039,1.0632717806903701e-05,1.120461147352471e-07,1.412786152761392e-05,5.083506200167267e-06,2.3336183446407287e-05,1
0.16691893302042485,0.8330187060017842,1.019624912443204e-05,9.467163218119842e-08,3.1924477752147354e-05,5.4686328251598194e-06,1.4676946457156344e-05,1
0.12380027549295357,0.876150879249805,1.0019190883942677e-05,3.2290598513407195e-08,2.3590446771260964e-05,5.6097571498853395e-06,9.593571837840187e-06,1
0.23325554637839246,0.7666940812502855,1.470377749565177e-05,1.4416076957840113e-07,2.101171293870492e-05,8.727419548969794e-06,5.785300569222678e-06,1
0.22527885001233147,0.7746719376817862,1.4200948858399688e-05,1.3923086885501524e-07,2.183180787194469e-05,8.428965870666148e-06,4.611352412623275e-06,1
0.29573586392263645,0.7042082061431942,1.1396442209731856e-05,1.3116753955663598e-07,3.0340796823159386e-05,9.717234158331519e-06,4.344293438419957e-06,1
0.2705882853756878,0.7253963798190359,1.4634191782200964e-05,1.8403833251756787e-07,0.003982697312349312,8.914274548452191e-06,8.904988263671327e-06,1
0.4104202109488627,0.5699591679779238,3.913869491031331e-05,2.9116307559934374e-07,0.019525294209594337,5.085915844944288e-05,5.037847183925987e-06,1
0.5083402092947296,0.4733313326502522,3.971480412732061e-05,2.654315199868126e-07,0.018226718077867195,5.7356538050940625e-05,4.403203452853465e-06,1
0.5217285886634927,0.4566554968644407,4.086192048185111e-05,2.579277154676962e-07,0.021514263263411076,5.625263648676384e-05,4.278723971404719e-06,1
0.28001766879304835,0.7051980115393043,0.0007639368564798442,2.9643928004334226e-07,0.012473444944550355,0.0015403715401042914,6.26988723272637e-06,1
0.23766491294076872,0.74935852659588,0.0003234857487660928,2.615045159615998e-07,0.012376326368899185,0.000272642057717177,3.844783452999141e-06,1
0.32961459311637387,0.6667443970727929,4.702938313748392e-05,2.448177255443715e-07,0.003567103198171899,2.3032966730528422e-05,3.59944506775594e-06,1
0.4086498965391512,0.588934059284347,3.0672181930034325e-05,2.5890510350042823e-07,0.0023587135886414465,2.0923486303220894e-05,5.4760145237422355e-06,0
0.20519605684222103,0.7924727909345017,2.2471273873942305e-05,2.0187041408583338e-07,0.002289911613054306,1.411441896433024e-05,4.453046970640608e-06,1
0.20544835993814958,0.7908799716398704,1.987631307387203e-05,2.0427403126707394e-07,0.003631552782129344,1.552898453201681e-05,4.506068213282692e-06,1
0.1546876001707531,0.8415004825828203,2.0268560790899235e-05,1.976414749810587e-07,0.0037700580604931853,1.7473651669784023e-05,3.919331997842602e-06,1
0.18223371024790444,0.7983923301673239,0.00010957896602281247,1.6743341692024996e-07,0.018993729384136952,0.0002662337491313191,4.250052063445377e-06,1
0.17698972418433023,0.7895780154316844,0.0006096059553949664,1.7425947794823156e-07,0.03229630011931105,0.0005217567281762045,4.42332162510639e-06,1
0.2046401204159021,0.7607660263678674,0.0012409065137571607,1.9701671279304967e-07,0.03264493039706677,0.0007027030213962004,5.116267297595685e-06,0
0.2059305799460095,0.20031496245515198,0.0002639906585943827,1.2363433735768074e-07,0.5930734474255486,0.00041452500243785114,2.3708779204601667e-06,0
0.11870663156808128,0.5057272251034513,0.001201816413137658,1.213043122306621e-07,0.3738389556359799,0.0005218615144837586,3.3884605540447865e-06,1
0.1189608786653723,0.7289870616833125,1.625144708839376e-05,1.5668318696342916e-07,0.15201515132794133,1.3389736583412643e-05,7.110456515142147e-06,1
0.125418871815245,0.810175567220922,1.824348509825522e-05,1.758887913775914e-07,0.06436547757546542,1.5076414826431248e-05,6.587599651481445e-06,1
0.1666090111351157,0.756580533372655,2.329940988926873e-05,1.8428527527049317e-07,0.07676649786070387,1.5796124554728137e-05,4.67781180622393e-06,1
0.08344814691903317,0.4310970402831044,1.3996520449444247e-05,9.985947082051767e-08,0.4854296221161994,8.559515331514397e-06,2.534786411349736e-06,4
0.11974513635884931,0.6171069070619268,2.396346729510172e-05,1.579598454250285e-07,0.26310697787766646,1.1516176750922683e-05,5.341097665718689e-06,4
0.03170216579230675,0.9590016499636501,0.00011099998609738758,1.0253374558293726e-07,0.008579602868511307,0.0005948244861571617,1.0654369531852648e-05,1
0.10295952326292963,0.8938298277828199,0.0004112651856118115,2.1135668016966264e-07,0.002509325555758591,0.00027924687399226406,1.0599982207611142e-05,1
0.16150437467411136,0.834520845433314,0.00023541126706656668,1.413870901299263e-07,0.003394048232454643,0.00033306571407812964,1.211329188523058e-05,1
0.1711799127331122,0.8251063317264439,0.00018153817153322035,2.0020911647749464e-07,0.0032932278063690984,0.0002311717669742418,7.617586450922059e-06,1
0.08845300861778205,0.9033323901340695,0.00012469871907658665,1.677293857750009e-07,0.007953951878289865,0.00012352559298215972,1.2257328413752278e-05,1
0.3082096764584295,0.6844269473626398,0.00018999253089076832,1.7703337657987606e-07,0.006895536304090198,0.0002716529312823016,6.017379290849037e-06,0
0.40402865650715075,0.5806925067174756,0.0006809222805651534,3.0001979382544134e-07,0.01371781024350687,0.0008704119447126129,9.392286795018594e-06,0
0.0005973790020698382,0.08096253793200885,0.8893863815538923,0.0008180896381647988,5.952541591253611e-05,0.028160170204585635,1.5916253366026095e-05,2
0.000892992977631716,0.1418685703099783,0.8149857676618294,0.000902708904729686,7.904276210402575e-05,0.04123613581187631,3.4781571850630594e-05,2
0.000384477385835989,0.14772782979055585,0.7289800786640124,0.00022647738038996326,3.462903491811878e-05,0.12262528727367342,2.1220470614307398e-05,2
0.0004333911143745726,0.10008703205599609,0.6201777953683127,0.0002011946037561908,9.595621298241423e-05,0.2790013902553243,3.2403892536622335e-06,2
9.902725281286592e-05,0.009265171492864035,0.9746893937190279,0.001712622079613223,2.899478336787552e-05,0.01420190211332206,2.888558991956859e-06,2
9.375190534404758e-05,0.00658356508257159,0.9778002258655821,0.0011154933647859085,2.098576516817886e-05,0.01438034354296446,5.634473583617443e-06,2
0.00011817744693187847,0.008445050235883749,0.9686943199074358,0.0008547715385754231,1.6581722230598734e-05,0.021853435171236675,1.7663977705890935e-05,2
0.00015975566073406786,0.007699700728764299,0.7233047329956825,0.0001603599642235699,2.8396511908304378e-05,0.2686441595944352,2.894544251975783e-06,2
0.0002546256523857274,0.009643671926035885,0.8950338054796412,0.00013553186239073428,3.337838232733789e-05,0.09489134650300007,7.640194219045507e-06,2
0.00016973864798593098,0.007480366962975222,0.9725946510452446,7.247869996096016e-05,1.8720511816642464e-05,0.019655936946539575,8.107185477137777e-06,2
0.00014163820612774397,0.007402386665017556,0.9773933177998436,7.337902634515066e-05,1.2599866416969656e-05,0.01497152704894344,5.1513873055862615e-06,2
0.00011503032730541967,0.00601178865644679,0.9806129583784549,5.959418470905297e-05,9.589586290273026e-06,0.01318468855698484,6.350309808858864e-06,2
4.164632721585119e-05,0.004538591230922274,0.9876944780610667,5.5139736095558356e-05,6.4341590533414e-06,0.007661314976757618,2.3955088887432153e-06,2
4.612781952971309e-05,0.004923717825963393,0.9797486315838351,3.111430628588841e-05,7.791305012171624e-06,0.015241589277701762,1.0278816719145754e-06,2
3.739575340795554e-10,3.1814211301880614e-09,1.457297145718578e-07,0.9999995623373844,1.6262492326144212e-10,2.882068631798609e-07,8.034004891260178e-12,3
0.00021264076938878535,0.007590749597005196,0.10509368133435387,0.00021971684777381334,8.932203497821452e-05,0.8867913932968008,2.4961196993810006e-06,5
0.00010303007885476524,0.00699414931514444,0.07860371847142517,7.626697098684664e-05,4.435461594530036e-05,0.914177385572805,1.094974838387165e-06,5
0.00020437861177755978,0.008861857883873952,0.9377348013792957,0.0008788815459411934,3.862391564114866e-05,0.05225858270101247,2.2873962458053033e-05,2
0.00016180960846609186,0.007871285098777632,0.9666149302073594,5.5544521423796375e-05,3.210633170322786e-05,0.025256707639673328,7.616592596513351e-06,2
0.0002576913494745771,0.019785051740452024,0.8823020807645745,0.00029037277890167054,2.3894765808948087e-05,0.09733081276080026,1.0095839987816692e-05,2
0.00021895154711580296,0.017175765479542672,0.810977398084633,0.00032789416428383346,3.730361186594523e-05,0.17125462113650375,8.065976054801115e-06,2
8.016444118248093e-05,0.004452649038162947,0.9634277033023448,0.00041807452482428586,1.5236228338565732e-05,0.03160307432470027,3.098140446517877e-06,2
9.147692357213923e-05,0.005095492002137629,0.9584181810227403,0.0005204305562344227,1.743593060591524e-05,0.03585495115372479,2.0324109846049495e-06,2
5.049427281450348e-08,9.414605327348236e-07,0.0002174206970164637,0.9997479557841237,9.624445186938703e-09,3.362140822492226e-05,5.313842897450475e-10,2
0.0001639904028659514,0.0030412105786729775,0.9352105330973679,3.5795768089805474e-08,2.5819973097175594e-05,0.06155315334766644,5.25680456137542e-06,2
0.0002137808312413534,0.0049887943295152445,0.938176186928666,4.83457240203299e-08,3.309119538747966e-05,0.05658129708590846,6.801283557591448e-06,2
0.00039722117634535977,0.04724254775915932,0.8809883928986738,0.0003016519812630543,3.361720826760244e-05,0.07102442090678616,1.2148069504710321e-05,2
0.0001734785906368636,0.017245047297660753,0.9174006184655092,0.00010725759096520641,2.356124465961924e-05,0.0650479141596431,2.1226509254134975e-06,2
7.437494115002784e-05,0.006089177184417864,0.9626490181066237,2.9873307259206564e-20,1.034678556030515e-05,0.031172955528393526,4.127453854580189e-06,2
2.9536009050064354e-05,0.00470033983868037,0.9938409017522075,0.00022740532373399753,2.6416023460931568e-06,0.0011980120847896961,1.1633891921735174e-06,2
5.954086787944672e-05,0.010307063373375404,0.9737758914225844,0.0006053823482955294,9.352199390399568e-06,0.01524204980597399,7.199825010670361e-07,2
0.00033403035574684244,0.016150263747368988,0.6839028536723615,0.00042443698882442185,8.052385302293656e-05,0.2991009176587091,6.973723966160207e-06,2
0.0003493900117311184,0.015978636829367787,0.8127724454707815,1.0364217206008767e-06,8.789658542553814e-05,0.170804999375724,5.5953052494156665e-06,2
0.0003319769181571969,0.01908993302526431,0.7543307472184699,0.00016884604227859033,8.132444424914608e-05,0.22598789263063818,9.279720942810507e-06,2
0.0003115274507273412,0.034311923004945885,0.8397218620317448,0.0002999790389939933,4.852616081290519e-05,0.1252946889751394,1.1493337635614432e-05,2
0.0002311978582813244,0.01728800382075306,0.12883097255857978,0.00014504523460879808,4.545491562300299e-05,0.8534566906312575,2.6349808966464923e-06,2
0.00019416066878078184,0.010881852022917048,0.46162774103892423,8.99106151750834e-05,5.0584591800714135e-05,0.5271533521938562,2.398868546061423e-06,2
0.0002901832108624551,0.01343902023820606,0.892337897035741,0.0005478983514587167,8.809819386479632e-05,0.09329488441937582,2.0185504912033393e-06,2
0.00024152871767098703,0.010028853980218832,0.9012688841546715,0.0007500164146176945,6.416156285345778e-05,0.08764518206765017,1.3731023175454213e-06,2
0.0001520392593283577,0.005823139044223816,0.9269460984423177,0.0003925816141664981,3.791644602397622e-05,0.06664736337183311,8.618221062948025e-07,2
0.000187337643825925,0.005615278418098823,0.8950516220414872,0.002236769376384139,3.573214025022183e-05,0.09687211981850533,1.1405614481341987e-06,2
0.0001478927055214801,0.004600878023944238,0.04664309942657601,5.468408726576728e-05,2.2273121337605377e-05,0.9485297067928778,1.4658424770083185e-06,5
0.0002234383897367643,0.008332620089149357,0.0758377769530387,4.069466709809603e-05,2.8480007315913244e-05,0.9155340182846726,2.9716089885997506e-06,5
0.00013169568661979567,0.006725393127465252,0.04840088099533026,4.2991989344404925e-05,1.9138135429406864e-05,0.9446781187459746,1.781319836265362e-06,5
0.00012752558625680346,0.014080992565182901,0.0904535588609902,2.058836243800613e-05,2.1837435388864225e-05,0.8952931866083781,2.3105813652132774e-06,5
0.00017159587280885975,0.01900712467455703,0.20802503813684187,1.622368258364296e-11,2.575148416226791e-05,0.7727675744135756,2.915401830734252e-06,5
8.168074824145576e-05,0.0052139108916990605,0.9851599415181547,0.00011371829211642523,8.159883165656129e-06,0.009419875998502478,2.71266812029997e-06,2
1.0867310457859614e-06,5.023447581492442e-05,0.999637907579574,8.634217999480728e-12,9.906524774602992e-08,0.000310535669039934,1.3647064333578036e-07,2
0.0001237139553407389,0.004780249887789051,0.9497280364434505,1.54800193352283e-09,8.883348957835241e-06,0.045354706099347865,4.4087171120217764e-06,2
5.241537582050486e-05,0.0017111007713943413,0.9799899699159371,0.00048766536503300033,4.420973552580854e-06,0.01775272999249409,1.697605768158273e-06,2
0.0003276733083227222,0.010081335418355094,0.7094792720072439,0.0007242032717331863,4.000061774526366e-05,0.2793388270274117,8.688349188285448e-06,5
0.0003655746861628251,0.012960592582058523,0.4192667564623168,0.0005362271332130532,9.12594198434057e-05,0.5667743450723965,5.244644008882977e-06,5
0.0003459125680540212,0.014667466123818135,0.3273232838066336,0.012552336354423979,3.908231343193192e-05,0.6450300502521203,4.186858151796564e-05,5
0.0002389218744392542,0.009671905226079457,0.12146958441818934,0.0011874831889078336,3.6467943619238325e-05,0.8673879692806002,7.668068164670975e-06,5
0.0006075266241324145,0.08156422652803254,0.3479341221807564,0.00047455265917971737,6.204306468590122e-05,0.5693370702916412,2.0458651571748355e-05,5
0.0006900633207866268,0.013320415092689627,0.3768223516453807,0.12772146491954392,0.00011262463498291465,0.48131281778369883,2.0262602917353128e-05,5
0.12758668075592616,0.0016140706573970277,1.7032058218722162e-06,3.5832403178481455e-08,1.4860698050325698e-06,1.2080946980537662e-06,0.8707948153839487,6
0.1503731630242183,0.0008273921603816568,9.26741833738634e-07,1.9496990089186828e-08,8.271549798808268e-07,6.573438638047742e-07,0.8487970140777326,6
0.17866977796224445,0.0009902710123168381,1.5213642418425927e-06,2.37909111294208e-08,1.2178725352207402e-06,7.634480737372596e-07,0.8203364245496767,6
0.4346478109524153,0.0032997621322123443,5.674550768480987e-06,7.73204247991585e-08,5.376820070176216e-06,2.4282756807846303e-06,0.5620388699484282,0
0.9713667121785582,0.02814221989588166,5.5882027357784356e-06,8.946835405247351e-08,2.677190088884079e-06,3.5964552104658695e-06,0.00047911660917080784,0
0.973960701809204,0.025404804398248344,4.605689373436605e-06,7.858815373559208e-08,2.5405890493711756e-06,3.2167216875474086e-06,0.0006240522042835997,0
0.9673158668851949,0.032671080570641886,4.020385113377751e-06,6.12661899346658e-08,2.0528288554350334e-06,2.4070807402255676e-06,4.510983264369873e-06,0
0.9191941864924116,0.08078026296034725,1.0100280606239421e-05,1.0130657666801486e-07,4.425196133802052e-06,4.459693074001696e-06,6.464070850525215e-06,0
0.8615588459261678,0.13841467519181622,1.1063376552779904e-05,1.0925536421981079e-07,4.77480459987517e-06,4.809612634580881e-06,5.72183286432015e-06,0
0.8176391578423531,0.18232147825489126,1.3336834507835782e-05,1.3170669051545612e-07,6.279683827795674e-06,5.797959370557942e-06,1.3817718358961815e-05,0
0.7900544369811875,0.20990840246867815,1.283135498416038e-05,1.267148736680999e-07,5.906006277596573e-06,5.707295365899056e-06,1.2589178632936193e-05,0
0.8060086354274201,0.19395156715283499,1.3090468754261545e-05,1.2927372802795245e-07,5.955954293545196e-06,5.690856097387607e-06,1.4930866871841768e-05,0
0.7578906120920479,0.2420778508996889,9.251905804974716e-06,1.3204880083540034e-07,6.0542217595275984e-06,5.813019666489167e-06,1.028581223139896e-05,0
0.8512504177425221,0.14872702128419793,5.741323262762032e-06,9.635062394506547e-08,6.44894098859265e-06,3.984643450929092e-06,6.289714954068365e-06,0
0.9073732953051138,0.09259649731357689,4.75957230945181e-06,7.987492442756513e-08,1.2546270805623067e-05,3.3032800565486434e-06,9.518383213440253e-06,0
0.9155223361202526,0.08444761290062902,4.669734411960742e-06,7.836726894797893e-08,1.2723225675158126e-05,3.2409299721691733e-06,9.338721790141436e-06,0
0.9124680360521582,0.0874646256445721,5.179401423800719e-06,8.266385549055956e-08,5.521376738936276e-05,4.453151591839677e-06,2.4093190091751823e-06,0
0.9213581453260417,0.0785216744886338,4.591219446229128e-06,7.75784767353777e-08,0.0001093815426651163,3.9777405882305635e-06,2.152104148071993e-06,0
0.9021492204874183,0.09760363858967742,5.706955772835857e-06,9.178275515210396e-08,0.00023330920487009242,4.944392198785136e-06,3.0885873076341564e-06,0
0.7624658058985815,0.23721128363621313,8.858789439297182e-06,1.7704629636922695e-07,0.0003040245094325927,6.746197538268649e-06,3.1039224989309596e-06,0
0.7225660152114718,0.27705171795537153,9.533327344274984e-06,1.5215302492484834e-07,0.00036197116433861503,7.413746775622778e-06,3.1964416733316734e-06,0
0.7372859043885893,0.26198082206344137,1.0162997055656484e-05,1.619782082187745e-07,0.0007105466250686674,7.83366458279599e-06,4.5682830537552105e-06,0
0.6978891855015502,0.30132674412556953,1.099874589712147e-05,1.752984029526763e-07,0.0007594745131514251,8.47786196508817e-06,4.9439534636502e-06,0
0.6170225633057924,0.3825998790273015,1.0673837241759104e-05,1.7888001094732428e-07,0.0003526971126333895,8.982009959251775e-06,5.025827060714009e-06,0
0.7176544036644471,0.2822472201580283,1.706764575064497e-05,1.6685033254028203e-07,6.584447190337361e-05,8.027772332909073e-06,7.269437205130424e-06,0
0.4920189614942406,0.507938865879232,1.9809779327093716e-05,1.9365695284308838e-07,1.295940162625493e-06,8.185371074873686e-06,1.2687879009979442e-05,0
0.7978212229203092,0.20214658058785087,9.535080792529318e-06,1.158301576773971e-07,4.485158064163676e-06,4.68186679668711e-06,1.3378556028653905e-05,0
0.8468605265681705,0.15310493474163647,1.1221926220397957e-05,1.0970359644036751e-07,5.124030471143379e-06,4.269808420869242e-06,1.3813221484187727e-05,0
0.6916549173661426,0.3078399546898759,1.537475517820412e-05,1.3633078526691146e-07,2.5228579801384485e-33,7.940619746841298e-06,0.0004816762382712824,0
0.6867146189226374,0.3129248511961911,1.5264937583954375e-05,1.353570124369275e-07,1.805231456279657e-05,7.883902111513593e-06,0.00031919336990078443,0
0.6593346098092888,0.34031268536633347,1.5489019379722643e-05,1.347476193897219e-07,1.3021191773253867e-05,7.99963392719204e-06,0.0003160602316781812,0
0.5065311679084741,0.49336507797930285,1.8523688284197213e-05,1.385010804938755e-07,1.4009545530757179e-05,7.263186995053706e-06,6.381919033243202e-05,0
0.3551925781640485,0.6447718511755303,1.549038115148588e-05,1.6134072447601022e-07,0.0,7.319844557968764e-06,1.259909398732051e-05,1
0.2410684067208878,0.7588462174373667,1.428003974404171e-05,1.669868620741959e-07,6.0673657672726676e-05,8.20009121150191e-06,2.0550662548743635e-06,1
0.18842747771514087,0.811519295080141,1.2868807634273116e-05,1.261701091887328e-07,2.4218111035824115e-05,7.09163362600694e-06,8.922482312916843e-06,1
0.295737350263223,0.7042117454272848,1.139649948717658e-05,1.311681987923306e-07,2.5315043537474794e-05,9.717282996234799e-06,4.34431527242944e-06,1
0.26451870427814494,0.732314089747291,1.267599096937055e-05,1.437493648358043e-07,0.0031369144905777566,1.0518487744235364e-05,6.953255907926494e-06,1
0.2398182815815627,0.7566680213397485,1.5295382077706725e-05,1.7786800355025216e-07,0.0034811904216871603,9.31703213907495e-06,7.716374781307853e-06,1
0.35866318903063815,0.6352515877282456,2.0860539084988675e-05,2.623403386914932e-07,0.006041429975204248,1.2706993006506786e-05,9.963393481743747e-06,1
0.32706209471299,0.6453379511752962,3.998034916380524e-05,2.773041922896747e-07,0.02749933236011543,5.482305181471281e-05,5.541046427362075e-06,1
0.47602887718805237,0.5035136980128425,4.23034608315722e-05,2.852158150410412e-07,0.020357917137825143,5.198403988578146e-05,4.934944747571222e-06,1
0.26071194307733286,0.7240595541796921,0.00035525797794141864,2.82791583098262e-07,0.013885687235221664,0.0009812935088313135,5.981229397571843e-06,1
0.37870173838126797,0.618516456426439,4.34619685118156e-05,3.1428836678992735e-07,0.0027098549400946543,2.2422918360959344e-05,5.751076958735478e-06,0
0.0999235555159396,0.8980423955251,2.6384358348211775e-05,1.744015020501202e-07,0.0019892492808673366,1.4714448917886546e-05,3.526469324919869e-06,1
0.17128698387194985,0.8255151243061614,2.090219519316259e-05,1.8498018543523842e-07,0.0031533674284816415,1.9151349593470234e-05,4.285868435004365e-06,1
0.15078555701816074,0.8452599430223047,2.4179053373945404e-05,2.1498474306918648e-07,0.0039072283845948096,1.767111672092489e-05,5.206420101811252e-06,1
0.1527653477251965,0.8435016407741514,2.30700600383217e-05,2.0512428064176106e-07,0.0036851316014617583,1.6873319351316105e-05,7.731395520149253e-06,1
0.15047823419972883,0.7651512753864425,0.00028813032654671035,1.7247560770625186e-07,0.08379966433506401,0.00027770541991184276,4.8178566985833155e-06,1
0.44596218240379104,0.49722261461845,0.0006054847581019144,2.789645218731917e-07,0.05540834958147807,0.0007957401013648886,5.349572292262453e-06,0
0.2249121661237406,0.2187789308639639,0.0003140786237621816,1.350302933623537e-07,0.5552165372145693,0.000775562730826543,2.5894128441023654e-06,0
0.08850773347882876,0.6305147312836327,0.0002734105690043097,1.348136967243166e-07,0.2803200427924035,0.00038070281628028687,3.24424615371108e-06,1
0.13209694556839954,0.7952368409874555,1.83704538173617e-05,1.7711292012416164e-07,0.07262581647975438,1.5215950451864264e-05,6.633447201180976e-06,1
0.04878705155345706,0.8418286898460822,0.00017452168325080838,1.9081786231852373e-07,0.10908399459749173,0.00011909937577129369,6.452126084730962e-06,1
0.02400608205881098,0.39392799511455145,7.069984359869396e-05,9.23926970357851e-08,0.5819309558512513,5.9312562628109565e-05,4.862176462488552e-06,1
0.0256638941825651,0.5140142423068348,0.0005287360807626069,1.3256924998381948e-07,0.45920113924834305,0.0005786267660973539,1.3228846147199724e-05,4
0.01703913913992367,0.3010717300843536,0.0002441487925624913,7.79090997801386e-08,0.681049831972951,0.0005874447964846935,7.627304624792677e-06,4
0.049137241317275836,0.6420124421167478,0.000623590400244171,1.653027275952792e-07,0.3068070738398423,0.0014107934622850375,8.693560877365837e-06,4
0.08701601867221095,0.695177819476824,0.0005528586493782338,2.0979240166592997e-07,0.21444019956419233,0.0028026080639274383,1.0285781065259081e-05,4
0.3533239741429177,0.5186682258659946,0.0022645151565606485,3.7598877238817467e-07,0.12110603878298996,0.004620040081330507,1.6829981434312445e-05,4
0.11610807046243023,0.8797838600601959,0.0003999512117581787,2.055422226447137e-07,0.00340446724781172,0.0002968220760413272,6.6233995398469145e-06,1
0.17375357199380298,0.822158304782764,0.0001842675653556355,2.0321922460566247e-07,0.003640890441403607,0.00025502988195327895,7.732115495834554e-06,1
0.2016047484163786,0.7928273936753863,2.810763263783838e-05,1.882813696396731e-07,0.005512878758615084,1.7341499461192147e-05,9.341736151471842e-06,1
0.30791179366935356,0.6837654528555827,0.00027873241952346904,1.7686227489163217e-07,0.007774441957921916,0.00026339067181328877,6.011563530141318e-06,0
0.3068371025350119,0.6843431498608499,0.00023539633241030685,1.7624498018992396e-07,0.008252328527103794,0.0003258559180122362,5.990581631551513e-06,0
0.3914316248376717,0.5829517158823677,0.0007751045760531108,3.135860106408735e-07,0.023967858455009754,0.0008608806903223224,1.250197256492335e-05,0
0.3795422222963949,0.5970432474312053,0.0006398324613479777,2.952121402662132e-07,0.021949200749862646,0.0008122868599874944,1.291498906150182e-05,0
0.4381734641360949,0.5418428704578703,0.000604034241085034,2.758822707795327e-07,0.018589292708636223,0.0007779932312773431,1.2069342765398908e-05,0
0.0001442253030607635,0.012884254263001643,0.055685155926789326,0.9267671193385715,2.8388641386690564e-05,0.004489777107531723,1.0794196583895186e-06,3
0.0007411601215889709,0.12737793883691773,0.775574633967979,0.0008747246301792343,7.416623680714939e-05,0.09532695217393036,3.04240325978245e-05,2
0.0007054862797705522,0.10715893105522638,0.7649408369488625,0.0002736818702290064,7.991994498426803e-05,0.12680835961637818,3.2784284549048654e-05,2
0.0002212537797028431,0.05567475949234917,0.862548403440234,0.0013248779255264416,7.152436017760514e-05,0.08015184859616233,7.332405847634951e-06,2
7.816781898570633e-05,0.007775523905693438,0.9785443346020973,0.0011163188651912557,2.6502631400043823e-05,0.012456728038070316,2.4241385615220233e-06,2
0.00020569204076099286,0.012233028695948904,0.9330103406340076,0.007692062645497012,2.4631877120032037e-05,0.04680841765678339,2.5826449881968213e-05,2
0.00028446697184976623,0.014038204497912522,0.8452398681919592,0.01008115358363085,5.0386322425013976e-05,0.13030394852720045,1.9719050221281666e-06,2
0.00020793194345355344,0.011129252362906869,0.8970877468621441,0.000382410626968736,2.4315929653366146e-05,0.09116240436936329,5.937905510201592e-06,2
0.00014948109350067967,0.007204500167787955,0.9352788136097558,0.00016360760708938215,2.0984948240716268e-05,0.05717841447397675,4.198099648719002e-06,2
0.00018814709492979617,0.008844448491274812,0.9349838717024962,7.485715355035194e-05,3.119667150625056e-05,0.05587103908052758,6.439805714986362e-06,2
0.0004531798654432501,0.017153889221854474,0.7947132231078934,0.0001297610141018302,5.24396383914315e-05,0.18748440127399657,1.310587831910109e-05,2
0.0003564843933701664,0.01662111583474461,0.8761071213477927,0.00014657628777757712,3.586372836774322e-05,0.10672216375078228,1.0674657165006027e-05,2
0.00012661918247012878,0.0065927658819169115,0.9812917162708402,0.0027363171842063484,1.4320289138162477e-05,0.009230837556443867,7.423634984283522e-06,2
3.706454680879587e-05,0.0039133799944851555,0.9922226874003497,3.1305558467116945e-05,4.088903578852944e-06,0.00378607084881754,5.402747492632381e-06,2
3.585499116922645e-05,0.0036608162561653874,0.9900023581833608,4.7472007328109225e-05,4.361009989303663e-06,0.006244458051376773,4.679500610462601e-06,2
5.095360493500357e-10,4.423205332881465e-09,2.8712683547001674e-07,0.999999315106351,1.2670133926612757e-10,3.9269642426562727e-07,1.0946737903883766e-11,3
0.0001363919711167569,0.00801651656648366,0.10986156077779671,8.839414946709703e-05,5.185791490234339e-05,0.8818440229309714,1.2556892620391023e-06,5
0.0004688178372993213,0.016701207456211686,0.8609014744220151,0.008005450555031003,9.58909035621294e-05,0.11382104447806662,6.1143478141759635e-06,2
0.00036258884660069006,0.01337445437194566,0.8689579362435558,0.05803609533451085,7.294584391025408e-05,0.059179458629601105,1.6520729875711282e-05,2
0.00014921752620072038,0.01177175679979581,0.9412010163396923,0.0001032021473780061,2.1927510376065265e-05,0.04674024767640998,1.2632000146808544e-05,2
0.00022940382631202625,0.015803175074302324,0.7937104079461924,0.0003133699615382309,3.719284852603778e-05,0.18989874165269943,7.708690429370771e-06,2
0.00019598458322182385,0.010885756241860117,0.7922601907814283,0.0003191717305666936,3.530444085221761e-05,0.19629220060943153,1.1391612639318577e-05,2
0.00023088766875792557,0.004095089033388335,0.8853417740077865,0.00040431176431643623,4.3883013339381696e-05,0.10987832113120755,5.733381203842795e-06,2
0.0005652669779141507,0.049183776141026425,0.8012386416290783,0.0044844612365647,0.00011291182236215404,0.14440443705617942,1.050513687493529e-05,2
0.00048359378399293225,0.04326746360284224,0.9000001257543222,0.0005146582983953234,2.744255098213983e-05,0.055686345495695413,2.0370513769522842e-05,2
0.00043927069471991583,0.04394821401059948,0.8943704523476628,0.00046730215547728876,2.749117139785884e-05,0.06073180397215984,1.5465647983036272e-05,2
0.00010242519543938668,0.012393114996670663,0.9581197645670589,0.0005345508542383921,1.4036712161285658e-05,0.028831626177771397,4.481496660133749e-06,2
9.930552657319133e-05,0.009187156969783275,0.9742584541100182,4.615282129811878e-05,1.6229529671272513e-05,0.016390932375415713,1.7686672401879757e-06,2
3.448626963012312e-05,0.004104200778629298,0.9941894342796435,4.714363404123226e-05,3.367667284387613e-06,0.001619753723203762,1.6136475675288401e-06,2
5.619058193025275e-05,0.010739907387895523,0.9860618262338443,0.00022783354114663554,7.329946289597498e-06,0.0029027136291020477,4.198679791492638e-06,2
5.170311388861177e-05,0.0045135011360251465,0.9255677605078069,0.057444844879370335,1.2596142016061467e-05,0.012409089200303189,5.050205899660056e-07,2
0.000595293085253615,0.02289534043153216,0.7099086585583851,0.006313709088839638,0.00012208234402859609,0.26016059016834003,4.326323620682217e-06,2
0.0005769798198943334,0.022195318334419897,0.811873877623327,0.002285086691302238,0.0001737071713383195,0.16288797126416596,7.0590955523804294e-06,2
0.0004290010874962256,0.01979718681280688,0.6761679338785461,0.0005752855259761442,7.195491642239317e-05,0.30294144093158193,1.7196847170212507e-05,2
0.00041036334913667976,0.022983434335286396,0.8529866054789563,3.137281788684372e-05,5.5166807328235155e-05,0.12351832571040328,1.4731501002293305e-05,2
0.00030893388975022874,0.019134798861638325,0.8612710241443281,4.608891960582881e-05,5.091467902576566e-05,0.11917714106114793,1.1098444503643707e-05,2
0.00029817523173413863,0.02104671238590486,0.7690601125236805,0.0005136021006503795,4.243887867429983e-05,0.2090250968843716,1.3861994984316509e-05,2
0.00035860115830739606,0.022104788830638225,0.20977198394780625,0.0007954232541801005,0.00010068228824066565,0.766864180602871,4.339917956266832e-06,2
0.0003929756418344702,0.029265762821838834,0.7376239405228591,5.535779581556684e-05,9.008643571380917e-05,0.2325635459397635,8.330842174981152e-06,2
0.0002618275083105831,0.01911254084475452,0.3053044726817989,0.0001307673121117012,7.114259730738064e-05,0.6751127380726296,6.510983087434286e-06,2
0.00022840925024753363,0.01679155377300212,0.2801796540418244,9.78841152369743e-05,5.2128020429984506e-05,0.7026469565344671,3.414264792056842e-06,2
0.00024256229333042187,0.016394560551658985,0.18194667191525368,0.00010108754688948361,5.9652929161771914e-05,0.8012528589574588,2.6058062470225798e-06,2
0.0002637776611515805,0.04111011742720927,0.44875211444007335,2.8159080446452592e-05,7.085539608015554e-05,0.5097731886727314,1.7873223077171605e-06,2
0.0001799218471660797,0.010064261903951389,0.8472426133177405,0.00036537186151161803,5.0419275974490256e-05,0.14209606825732327,1.343536332513701e-06,2
0.0002183171360561867,0.008117427320635523,0.9072769361987469,0.0004703287426575228,5.323592591251959e-05,0.08386254938717795,1.2052888132599109e-06,2
0.0002123646603398894,0.007647912307331602,0.04026060531061231,4.928947165971196e-05,2.8547638823257327e-05,0.9518001836454629,1.0969657703438759e-06,5
0.0002799703449110228,0.030951624934866712,0.3893639229567003,2.2979271773986327e-11,4.4597554935881786e-05,0.5793576104102468,2.2737753599695053e-06,2
5.274170019134296e-05,0.00269871132376555,0.9863169258322526,3.295939804861994e-11,3.3782946192168023e-06,0.010925725678056096,2.5171381557499067e-06,2
0.00016334970188738916,0.0051599002961855295,0.9359684649047307,1.7439110717844271e-09,1.0968527653909839e-05,0.05869229788162571,5.016944005763519e-06,2
0.00010107037681543596,0.0031501826793917977,0.9492967967613742,0.013627370886890651,8.582065367469242e-06,0.03381287189214595,3.1253380143882507e-06,2
6.270623634485075e-06,4.782390039425481e-05,0.004615060417209862,0.9824258625488744,1.2228198001924692e-06,0.012903681549092808,7.814099399482842e-08,5
0.00039267202734914356,0.014069415982935164,0.528726935354155,0.0002808487812568784,7.831554283969863e-05,0.45644485942996527,6.9528814987944555e-06,5
0.00015264020079261664,0.0054004362255206705,0.17918662615315026,0.00015742009735689676,2.0469419228487035e-05,0.8150772731687694,5.1347351815471254e-06,5
0.0004630945667969392,0.026768054318667422,0.38470947624701224,0.0002845725662692141,3.5884979449508136e-05,0.5877198464829235,1.907083888116592e-05,5
0.0004789255844696157,0.016896617399310962,0.45143474532679273,0.0004448552378672339,0.00015210279876407494,0.5305844195565288,8.334096266536513e-06,5
0.0007332877491061598,0.11831001953318288,0.3995483187788696,0.0020443559760080386,9.359949038816617e-05,0.4792481247761301,2.2293696315021987e-05,5
0.0006171925443546486,0.05770404442916095,0.310364217064911,0.00011722507524342818,7.345291706810623e-05,0.6310926180745835,3.12498946783619e-05,5
0.08079789985923055,0.0009369824113727611,9.504314260190126e-07,2.5370760980782225e-08,8.482989096277035e-07,6.741470419441734e-07,0.9182626194812581,6
0.23870777628458048,0.0017893421848380296,2.6818186908394233e-06,5.662066934964255e-08,2.493206017242793e-06,1.411119817694159e-06,0.7594962387653864,6
0.9665655609944929,0.026390195206555913,7.258044075509079e-06,1.2131810646401597e-07,4.8148948863370045e-06,3.650506448168713e-06,0.007028399035434617,0
0.9657853621885665,0.02508759262912117,7.536542904943906e-06,1.206617083940229e-07,4.772861142706564e-06,3.630755188798489e-06,0.00911098436136743,0
0.9744636248084424,0.024146970051752835,4.934687808344137e-06,7.900543642568063e-08,2.5621617881589822e-06,2.432315439028838e-06,0.0013793969693328373,0
0.9785805707338865,0.021046958033738055,4.908434758773573e-06,7.010951582677189e-08,2.4456965923394638e-06,3.157764382353598e-06,0.00036188922712601125,0
0.9210764869542626,0.07889080000283429,1.0433142970104063e-05,1.0303155006232304e-07,4.759260572372107e-06,4.64058773204719e-06,1.2777020078157468e-05,0
0.7578468542968452,0.24211900188051613,1.1239417431112576e-05,1.4211623255832176e-07,6.5157970545236096e-06,6.256205657017983e-06,9.990286263689039e-06,0
0.776927306860945,0.22303767481342626,1.1417237346920037e-05,1.4436466728932834e-07,6.6188841131505615e-06,6.689495947215628e-06,1.0148343553863535e-05,0
0.9151051326570274,0.08486344206831577,4.692728688615174e-06,7.875315784526337e-08,2.088312841580916e-05,3.4824452192712904e-06,2.288219175429307e-06,0
0.9032375428128572,0.096621551870863,5.72164803361094e-06,9.131817511668834e-08,0.00012751142744966572,4.919364992977082e-06,2.661557628617402e-06,0
0.8575498748427871,0.14224441212784247,7.678032057237346e-06,1.2348281017240863e-07,0.00018766039387105746,6.652093220438982e-06,3.599027411547863e-06,0
0.7941764810807745,0.20560110767331263,8.430463186879101e-06,1.7205704953702112e-07,0.00020424554176924867,6.556086559459764e-06,3.0070973475495645e-06,0
0.7284638633149585,0.2712018017428167,8.280707754395516e-06,1.6769010854605772e-07,0.00031621584242700544,6.707832489595318e-06,2.9628694455222293e-06,0
0.6897739279224273,0.30987394942955904,1.3408465762061546e-05,1.6173319009173333e-07,0.0003255686948399348,8.764054712785142e-06,4.2196995086788596e-06,0
0.7212616229802977,0.27864472914279514,1.356879035637953e-05,1.713324884910504e-07,6.250664898104442e-05,8.243425049841328e-06,9.157680031102713e-06,0
0.6367385201983862,0.3631295593507909,2.2840049287465092e-05,2.2328034425638187e-07,8.300975530626243e-05,1.0742824079604711e-05,1.5104541805351552e-05,0
0.7491292593061378,0.25083274147025597,1.5879615427916417e-05,1.552363549998994e-07,1.0633437991029262e-06,5.850221482891942e-06,1.5050806541385045e-05,0
0.6924550559882667,0.307501494728205,1.782250915343957e-05,1.742297457070926e-07,1.1960162953336181e-06,7.3642340228753235e-06,1.6892294310787323e-05,0
0.6524572194660976,0.34750611941017573,1.3554919098785089e-05,1.3251052853047683e-07,9.096308485243285e-07,5.600872219798023e-06,1.6463191031248564e-05,0
0.667221261595816,0.3327452104116051,1.4985378093352572e-05,2.0997516527504297e-07,1.2280490573088317e-06,7.034943070990142e-06,1.0069647192075308e-05,0
0.8632852101918136,0.13667368979658448,1.3267783744754822e-05,1.22754716690359e-07,5.150357757762752e-06,4.777775205490401e-06,1.778134017729207e-05,0
0.9058478555014108,0.09411485314374186,1.2860458574817094e-05,1.1092155626191792e-07,3.93548560154715e-06,4.3172130208192835e-06,1.6067276093861973e-05,0
0.14115804043940613,0.06051751646768567,3.080647267697014e-06,2.7952757543783387e-08,2.4060446792919336e-34,1.5859780027158961e-06,0.7983197485148803,6
0.4869953871036683,0.5128636331792976,1.1908639069437504e-05,9.918635845998308e-08,1.9002459528686965e-05,5.888449546230973e-06,0.00010408098253145678,1
0.5073187513420678,0.4925210399177525,1.657055178614353e-05,1.1527654192567173e-07,1.571404736371695e-05,6.843684066364436e-06,0.0001209651804213907,1
0.5009037339563788,0.4987966484759779,1.3171909495115802e-05,7.974338986063243e-51,1.3656066116135124e-05,5.164740427346048e-06,0.00026762485160467317,1
0.45650707016737463,0.5431883909458132,1.1570812480391658e-05,1.0066095198891658e-07,1.3356336851200344e-05,5.975992528261379e-06,0.00027353508400042157,1
0.269725422002464,0.7302191025665822,1.1991529298951244e-05,2.2770726338762626e-08,3.2004264852887045e-05,7.299976474505951e-06,4.156889601409066e-06,1
0.21981730313602926,0.7801358135648508,8.773021748383763e-06,1.2432129141886053e-07,2.46794715765351e-05,4.9862654786371606e-06,8.320219024907706e-06,1
0.2600787594218561,0.739861693522286,1.1509385098870117e-05,1.890824955752618e-08,3.1825839517939135e-05,7.601396854809653e-06,8.591526136695214e-06,1
0.37937326444065445,0.6205679804142554,1.07676247630795e-05,1.6823357383334676e-08,2.7254885378908162e-05,6.763239268233458e-06,1.3952572322622387e-05,0
0.3570337645031879,0.6428933063775799,1.179031149316322e-05,1.2321009048770348e-07,4.021418384470558e-05,6.050380057609915e-06,1.4751033746089986e-05,0
0.1488519156130197,0.8510974530989712,1.0383266932299037e-05,3.346397006027175e-08,2.4458771538011555e-05,5.8136037717360445e-06,9.942181796947909e-06,1
0.3148215524879318,0.6838639782673964,1.2270918116999708e-05,1.460416155141278e-07,0.0012873986753074143,1.0182359875141689e-05,4.471249756865362e-06,1
0.3403101839465789,0.639948881530732,4.085225861547738e-05,3.2722960456867774e-07,0.019641075806837258,5.301733956964119e-05,5.66188806214562e-06,1
0.2327410206317424,0.7638780615856515,2.697077892578144e-05,1.4284700876159653e-07,0.0033219988166524727,2.664257730892807e-05,5.162762710343351e-06,1
0.34577487006003405,0.6501103601576681,2.8482259135428196e-05,1.2723875378286017e-07,0.004062705799380406,2.0337795817904423e-05,3.1166892103463558e-06,1
0.40123506593009695,0.5966610964356484,2.8600648267866536e-05,1.2883882547931456e-07,0.0020494378602018836,2.1013806648125086e-05,4.656480311317972e-06,1
0.284133116993677,0.7139573715640948,2.343959376667786e-05,1.5332782590298635e-49,0.0018598395380927852,2.1840192910662306e-05,4.392117457944285e-06,0
0.3100564171917602,0.6861855148334632,3.4354849465907904e-05,3.2222349344212335e-07,0.003695269779608365,2.228799397474354e-05,5.833128234083399e-06,0
0.09449250845298222,0.9034768630849459,2.4818826811214307e-05,1.6834995225700137e-07,0.001987748831978804,1.3841358372099183e-05,4.0510949574086615e-06,1
0.15790947563949612,0.8385590530320809,2.1839555867793058e-05,1.9418342126007319e-07,0.0034885751210272315,1.61598066365231e-05,4.7026614700819344e-06,1
0.14064733453097666,0.8322547253159627,2.322265748151245e-05,1.836782067370727e-07,0.027055496936456078,1.4931361434270703e-05,4.105519481981951e-06,1
0.15736382942836458,0.7669842718060297,0.0005848819156918036,1.772964781886627e-07,0.07469079912885522,0.0003710879038360308,4.952520744447951e-06,1
0.19722847452315556,0.6942159272276837,0.0016011754769619968,1.9614655486002208e-07,0.1065134776485466,0.00043565530666740074,5.0936704299828905e-06,1
0.4325608567170248,0.5094890735108644,0.0005409488255682235,2.8584656371802084e-07,0.05659662137372374,0.0008067321802619942,5.4815459931477e-06,0
0.18657102777853285,0.6706609926393343,0.001169106314265819,1.6294155089378558e-07,0.1410318705691464,0.0005626083774231789,4.231379746616133e-06,0
0.13992399485391707,0.6225583325658689,0.0012677973767757584,1.3350679103466243e-07,0.2359333350100378,0.00031267736745505377,3.7293191544406204e-06,1
0.09069741333519482,0.8361459753934102,3.24536772248615e-05,1.799453925071418e-07,0.07310268127258931,1.6966050993611294e-05,4.330325194725015e-06,1
0.11786769867021005,0.7959018731037988,2.8213220971104586e-05,1.8883791312762533e-07,0.08618204478616587,1.3596202895874345e-05,6.385178045035848e-06,1
0.017403727961306382,0.3560084677921455,0.0002639139934838753,9.175168168568521e-08,0.6258467401618439,0.0004679026048496362,9.155734688963822e-06,4
0.018099657661133077,0.32619974937407703,0.00026452591520816126,8.441154144602265e-08,0.6547802794372592,0.0006474393068035918,8.263893977392095e-06,4
0.015099172602751731,0.20054344796136483,0.00029192175895615525,5.3580617534825486e-08,0.7834404298784512,0.0006201051871862017,4.8690306723707105e-06,4
0.05390313749679359,0.6528360244891351,0.0004718184923478532,1.6744911823360474e-07,0.29117264152451516,0.0016024664680434687,1.3744080046579598e-05,4
0.3297729936801695,0.45524646727631685,0.0010713554022193424,3.22479866010916e-07,0.210543450127593,0.003350976214084211,1.443481975121334e-05,1
0.3306930228187307,0.5124273052973707,0.0010700222611250356,3.199743658835346e-07,0.1529681280971928,0.0028268788824737517,1.432266874106572e-05,1
0.07651698560727313,0.8817637342159144,0.00018901194678740376,1.428437169501944e-07,0.040941125789979126,0.0005821540105550262,6.845585773874777e-06,1
0.14815826960774747,0.8439381604328166,0.000276670322452794,2.3272155163696883e-07,0.00680228623799487,0.0008087907890610769,1.5589888375547912e-05,1
0.16839569738689517,0.8265629342183842,0.0001405133088739281,2.0418463843883502e-07,0.004751954330291762,0.00014092772321034426,7.768847705958135e-06,1
0.08755029769382505,0.9062389243078708,2.139441775458342e-05,1.6996548282646244e-07,0.006166801714953136,1.5590608690600414e-05,6.821291422828546e-06,1
0.08542213739886727,0.9076676470422869,2.1428146929324964e-05,1.70233440362678e-07,0.0068605616708326735,1.561518792294431e-05,1.2440319720286329e-05,1
0.23561318285738833,0.7595688069110692,2.4648574010854265e-05,1.9495236894403174e-07,0.004769305356402719,1.5669250980519904e-05,8.192097779499611e-06,0
0.23368399425081968,0.7609444415542578,2.4446752756316576e-05,1.9335610898765243e-07,0.005323258112791956,1.554095196049701e-05,8.125021304794586e-06,0
0.0009756194410331388,0.10808792168814454,0.7610699100942154,0.08700436213645645,0.00010655776472065662,0.04275008749746702,5.541377962830166e-06,3
0.0005748505262461183,0.059067094016896755,0.9134530960630022,0.006571651778183585,6.458394922334618e-05,0.02026374326684858,4.980399599312392e-06,2
0.0004125095043896356,0.07275059023673679,0.8644320044889321,0.00016375232745095638,4.673051459913513e-05,0.06217524341409796,1.9169513793372765e-05,2
0.00048590888537984036,0.10031804545387175,0.7787421580096816,0.00012023082435445134,5.814963341104254e-05,0.12024962493860973,2.5882254691847277e-05,2
0.0002154829749758312,0.05924858264796871,0.906154108259583,0.0008559053100357161,5.7600527344177146e-05,0.03346154843661498,6.771843477846358e-06,2
0.0001775590323001031,0.021781518516154248,0.9514893442982155,0.001678869964564823,5.4255991556289876e-05,0.024812567846268462,5.884350940744401e-06,2
9.269810493805817e-05,0.008863524817636739,0.9804005217135641,0.002303098633770661,3.427442335301695e-05,0.00830299299761183,2.889309126091952e-06,2
0.00010756045445826644,0.010753454526151741,0.9783579016323127,0.0029103176046384885,3.9769664704676844e-05,0.007827643563732096,3.352554001837797e-06,2
8.790550487850671e-05,0.006008008909183336,0.9828741540801715,0.0009795759906876937,2.735809496519987e-05,0.010018286041200884,4.711378912893138e-06,2
7.354887209351411e-05,0.004958029170274112,0.9845028368975406,0.0006174456056323714,1.8215690580836606e-05,0.009821789696548766,8.134067329898584e-06,2
0.00013250330721889346,0.00788129131153071,0.9709630001145293,0.0013887597157008131,1.7894225811387904e-05,0.01960305280845438,1.3498516754563057e-05,2
0.00024013293850312696,0.011339338677516386,0.8875474198822351,0.053151499377717064,3.6234001435213946e-05,0.04767347886248821,1.1896260105068568e-05,2
0.00018121118184857604,0.0069960211260698,0.9146475171429934,0.0004135150860767063,4.108951131441891e-05,0.07771833518029965,2.310771397365632e-06,2
0.00013235086263905995,0.006209074584134238,0.7758280078450449,0.00012069633389629525,3.0502753537920237e-05,0.21767572822305215,3.6393976954021823e-06,2
0.000265235888929466,0.013782930069319568,0.9024653076352587,0.00011707515109125374,3.3253165922878134e-05,0.08332752798515403,8.67010432418654e-06,2
0.00036551560736620807,0.019600297536784272,0.9258689832453817,0.00032152824016303753,3.8641860180050965e-05,0.05378389928416803,2.113422595652948e-05,2
0.00023593499106806668,0.010759545197234136,0.9398860603112746,0.00020838551140324568,2.7878846882923943e-05,0.04887092623693597,1.1268905201213832e-05,2
5.5365580029839855e-05,0.005898320642482672,0.9884436543879642,6.18014201217093e-07,7.181119763582725e-06,0.005590388017322808,4.472238235663032e-06,2
0.00018014619844042534,0.005139144035190406,0.0958325777981139,0.0008560356368829537,5.508530615283794e-05,0.8979341480333293,2.8629918900811974e-06,5
0.00034855920395030453,0.012891130806320752,0.11877678991739526,0.0001557068661206041,7.069568843445059e-05,0.8677467861858289,1.033133194986438e-05,5
0.0005269177611140415,0.021990085322982838,0.37601963863139626,0.0012467704486369545,0.000146912304562854,0.6000634439464029,6.231584904284616e-06,5
0.0004013100835633834,0.01967060562545002,0.8723606209940146,0.002196327394034882,7.166272975819238e-05,0.10528791472285641,1.1558450322834657e-05,2
0.0003081649481852179,0.01017836495892453,0.9429306103989266,0.0001414841432156523,4.3728308644512385e-05,0.046383620157543395,1.4027084560164145e-05,2
8.5581469206224e-05,0.005100351766120716,0.9867288730251506,4.059656712036938e-05,8.852315998954784e-06,0.008030061455531744,5.6834008715731795e-06,2
9.056166014832297e-05,0.005241991846919141,0.9861135484045231,4.295897872335301e-05,7.5749880604028995e-06,0.008497349990027117,6.014131598720672e-06,2
0.0003740859514303957,0.026941899806195022,0.7395126257099868,0.0004050442086139095,5.286290661433371e-05,0.23268631946285756,2.7161954301845574e-05,2
0.00021627542676931396,0.011886295157757609,0.8583403718079197,0.0002563988000250661,3.555696155587917e-05,0.12925458519414437,1.0516651828002499e-05,2
0.00014242977267567817,0.02143975933154637,0.8784845413632258,7.312680951469798e-05,2.7523888286090155e-05,0.09982723939837128,5.379436379760524e-06,2
0.00011582022670969987,0.016439218622590374,0.8819715276398585,5.240636118919816e-05,2.3990237395081616e-05,0.10139452928386769,2.5076283892953086e-06,2
8.106136412039371e-05,0.012338365795005624,0.9453650798568973,4.5543631890413984e-05,1.7487353468105317e-05,0.04215068825829972,1.7737403181846576e-06,2
9.265009808913026e-05,0.014414253156038958,0.9288454476971758,0.0001676691663801039,1.769206401314304e-05,0.05645869030729933,3.59751100360981e-06,2
0.0001817402507242421,0.028686286345469353,0.869526437096489,8.150388254104823e-05,3.682681920564936e-05,0.10147837555423274,8.83005133796845e-06,2
0.00011286901510722475,0.0020931617750160484,0.926472172035308,2.5254596490931754e-08,1.9266863845000152e-05,0.07130014245872837,2.362597399179222e-06,2
0.000809852127126303,0.0724580186800618,0.7671824131291695,0.0010266298838928103,6.144115439630113e-05,0.15842753146878383,3.411355656950463e-05,2
0.0005912035071891202,0.07031337095553308,0.8406580857723267,0.0003529106177071375,3.814358111578406e-05,0.08802820500616677,1.808055996117799e-05,2
0.0007077555411787353,0.08588644877898316,0.7946992368552799,0.00047954200513279047,8.324916001897431e-05,0.11812212263135015,2.1645028056378927e-05,2
9.842510803609108e-05,0.0080306951635257,0.9723828846488838,5.162962648573816e-05,1.527495873108109e-05,0.0194201054784771,9.850158605030351e-07,2
5.151950911039763e-05,0.005524261335094302,0.9908966924733351,6.105878308249547e-05,4.705347137533779e-06,0.0034596278264058876,2.1347258342007963e-06,2
2.5648856038899633e-05,0.0032136089267773013,0.9955889121080103,0.0001159351337038789,2.4279492706884115e-06,0.001051544350642939,1.9226755560038363e-06,2
6.22621305140526e-05,0.011509657450360273,0.9809375384450456,0.00025245158863025126,9.61860624771533e-06,0.0072270922103514655,1.3795688503462812e-06,2
0.0003991156058084056,0.02345174515523546,0.7237681145763909,0.0004935749542843254,8.331512664675153e-05,0.2517869485363383,1.7186045295809205e-05,2
0.0003559514485234706,0.02164212092991903,0.7288464663484978,0.0006622880452597436,6.194404522328007e-05,0.24841642488105345,1.4804301523418405e-05,2
0.0004000075636835461,0.023043330379805025,0.7079873884024562,0.00033269403898766663,4.8768888386372893e-05,0.26817218247369734,1.5628252983994515e-05,2
0.0004821869583435391,0.029433847243776016,0.6584345940552638,0.00030594225759834415,7.803852510080892e-05,0.31124297436562437,2.2416594293186206e-05,2
0.0003166066518727826,0.02145117137628619,0.37727029216526486,0.0015732537333306344,0.00012064725635587515,0.599264447708613,3.581108276782722e-06,2
0.0001397825103966058,0.008005096582149637,0.6165436015469501,0.2422264535537441,3.5430171811697856e-05,0.1330486857837457,9.498512021663531e-07,2
0.00022886420324158893,0.00931364906890513,0.9087320829480419,0.0009166595507779331,5.632291820501962e-05,0.08075114613091773,1.2751799105404194e-06,2
0.0002713799659286941,0.011476071598108225,0.12140912807981394,0.014165830500260015,5.773290138407789e-05,0.8526179688944878,1.8880600171157507e-06,5
0.00026233941427682974,0.009636293953628389,0.06616655975095827,0.000499402831978055,4.312003761433218e-05,0.9233896838274749,2.600184069150095e-06,5
0.00018050536162529117,0.00957814426227305,0.04679061303068907,0.0001130114473063778,3.433390438868971e-05,0.9433011324049201,2.259588797260805e-06,5
0.00017465783279279587,0.009360118772876925,0.04302142536550755,6.743961135624386e-05,3.355236820566225e-05,0.9473405978950568,2.2081542041009144e-06,5
0.00013068269847055748,0.006551020754172198,0.04738398790582137,3.7656401655754765e-05,1.5944363859692496e-05,0.9458798030633397,9.048126808055843e-07,5
0.000218684173456985,0.028313786750793834,0.1778186860643409,2.3064333689552777e-11,3.3421226590329566e-05,0.7936125664518883,2.85530986522231e-06,5
0.00025528124364138425,0.03004672752014811,0.8277592981426402,1.2196670405693236e-10,3.205817272048997e-05,0.1419045556178314,2.079181051855688e-06,2
2.081898224023563e-05,0.0009436170642857614,0.9982962637993704,4.0308296258905324e-09,1.8227514752344358e-06,0.0007365113876257789,9.61984172834957e-07,2
1.9642075324009318e-05,0.0008478008579018273,0.9979541534020696,6.698204671116806e-12,1.5775009101810038e-06,0.0011758956055403454,9.30551555945564e-07,2
0.00019439136619362458,0.005353733755175329,0.6672022353866492,0.2528345281608047,1.655501249349778e-05,0.0743922188228961,6.337495787531178e-06,2
0.0005583487003610251,0.004472070279670474,0.35195268348638786,0.14570135380759375,8.351621859667785e-05,0.49720896210326654,2.3065404123622756e-05,5
0.000248721223752824,0.009214974675241131,0.3655964282720961,2.4265092974551034e-05,2.4766097163458756e-05,0.6248839076618455,6.936976926263408e-06,5
8.404414427652815e-05,0.00578769173464917,0.06364605776149472,0.00012790477757124825,3.4714963030341805e-05,0.9303187393615928,8.472573851609877e-07,5
0.000346178667902386,0.011349464472374645,0.3086234660605962,0.00028498427247404876,3.3801056523554883e-05,0.6793515507860862,1.055468404285807e-05,5
0.0004523923354032372,0.050257258487015316,0.3030364654536756,0.00022934913209393567,6.26424494019341e-05,0.6459335937802599,2.8298362150029457e-05,5
0.000565968982379044,0.0529149284181261,0.2846057064457365,0.00010749604341737889,6.735673187575057e-05,0.6617098870519229,2.865632654240529e-05,5
0.0005872818341613442,0.059931942694884215,0.31720222729991626,5.3261666562678057e-05,7.268996078373594e-05,0.6221216712420247,3.0925301667186334e-05,5
0.0005950222978601426,0.09426127558339334,0.3175979526014619,7.425211018270247e-05,6.946114015843764e-05,0.5873716604905793,3.0375776364233714e-05,5
0.0005278156395966576,0.10456070216767034,0.3265996032946295,7.840812108285026e-05,6.398238042298345e-05,0.568142543507494,2.694488910346937e-05,5
0.0006000846943683045,0.09803207562694852,0.4000986184929141,0.0005777907079969608,7.601835127488672e-05,0.5005759052817226,3.950684477454767e-05,5
0.039874612297779194,0.0004637513944721883,4.6369925264561835e-07,1.0493521004630303e-08,4.138705430459854e-07,3.1575390688082367e-07,0.9596604324905251,6
0.04361655171043113,0.0005072710557465983,5.072140207926812e-07,1.1478260856932364e-08,4.5270925287955247e-07,3.4538509125529814e-07,0.9558748604471966,6
0.10119171723251488,0.0009438770579326036,9.813455489387678e-07,2.2207864411762322e-08,8.86084835854099e-07,6.682428089103163e-07,0.8978618478284943,6
0.21896280320621878,0.001740330030668639,2.617012650845979e-06,5.3162698712728674e-08,2.174378672316801e-06,1.2607547493662212e-06,0.7792907614543414,6
0.7484867745630779,0.0057102636669073325,8.778711747824774e-06,9.960906073094512e-08,6.991000743331923e-06,3.7796500601551524e-06,0.24578331279840274,6
0.9786081786758712,0.01948025755235065,5.353482560431042e-06,9.906877510029421e-08,2.9878292241992706e-06,2.6387400358519236e-06,0.001900484651182809,0
0.9842847660951481,0.014490545032705275,4.253103448202737e-06,4.58758800374217e-08,2.0739902557699914e-06,2.8512149341609008e-06,0.001215464687628341,0
0.9843699519848268,0.014338524901828749,3.7468024428142185e-06,4.8927707345688984e-08,1.4964440613764287e-06,2.4113669108263577e-06,0.001283819572222141,0
0.9486629278702481,0.05131008722495562,6.722281526923258e-06,9.37658620319547e-08,4.317625334496851e-06,4.223256941850445e-06,1.1627975130951007e-05,0
0.9344109540289375,0.06555272395632016,1.2592730475923531e-05,1.1017209521244865e-07,4.994386590945446e-06,4.9622011233215825e-06,1.3662524457126386e-05,0
0.8818396753944665,0.11812120897611875,9.244005418652875e-06,1.1688534854227e-07,5.270082942657367e-06,5.145497918209827e-06,1.9339157786743438e-05,0
0.850366438427325,0.14958204078182447,8.914082892841526e-06,1.127136602237418e-07,5.265920838164321e-06,4.961852886337895e-06,3.226622057298463e-05,0
0.8149952786899672,0.1849780223482815,8.333128256341142e-06,1.1864406483640339e-07,5.340967822968528e-06,5.497667855900486e-06,7.408553751314799e-06,0
0.9152181789696644,0.08475461085043148,4.565837427702308e-06,7.662367451840938e-08,1.69530930213523e-05,3.388279991691573e-06,2.2263457888174535e-06,0
0.9010015712643479,0.09890401170587994,5.08378620213728e-06,8.531586712008225e-08,8.217300810914018e-05,4.596017052681083e-06,2.4789025412305064e-06,0
0.9171109396796658,0.08276369983046947,4.637591036975954e-06,8.176954711735378e-08,0.00011418716320273866,4.192632546258851e-06,2.2613335316725967e-06,0
0.9262320342162701,0.0736568637520416,4.127297496945277e-06,7.27721018203169e-08,0.0001016226720106085,3.7312996501453224e-06,1.5479904287236546e-06,0
0.8696374284482199,0.13017730598947053,7.080606899679212e-06,1.1300731834587773e-07,0.00016870068202100573,6.087772177998045e-06,3.283493892536453e-06,0
0.8507111367211336,0.14908154417538805,8.108846640200614e-06,1.2941814545989947e-07,0.00018900284389175353,6.305976230734249e-06,3.7720185701276007e-06,0
0.7284638690540921,0.2712018038794545,8.280707819634289e-06,1.690006971078239e-07,0.00031621584491828205,6.707832542442341e-06,2.9536804761819195e-06,0
0.7121153047161054,0.28743276203044005,1.0126444454879909e-05,1.6161924372278141e-07,0.00042982226674774684,7.874993925491665e-06,3.947929082753702e-06,0
0.6097582566069996,0.3901172824091959,2.5094169273070245e-05,2.4531622868231114e-07,7.663036090965313e-05,1.180305009553398e-05,1.0688087297488232e-05,0
0.7406952751822541,0.25927048208653214,1.1674590315833688e-05,1.1412876180622609e-07,1.1067996830510136e-06,4.8153642895053365e-06,1.6531848163591e-05,0
0.7308779097132175,0.26908125456156,1.711858886865051e-05,1.6734834359019741e-07,8.778618078304496e-07,6.44681228251474e-06,1.622511391998947e-05,0
0.6921489892003528,0.3078113450346802,1.463776797068796e-05,1.757756947151144e-07,9.295373215234965e-06,6.6590802951496035e-06,8.897767791011085e-06,0
0.7250058534611847,0.27495206980366943,1.0409685575753126e-05,1.6833393978576194e-07,7.1075093605861224e-06,6.804075028832305e-06,1.7587131240857333e-05,0
0.8902571354963608,0.10970382824097394,1.320777567264128e-05,1.139171689597785e-07,4.7795652233413955e-06,4.433806211361952e-06,1.6501198389120365e-05,0
0.876242030073742,0.12367650849573539,1.2020431468370957e-05,1.175096446854467e-07,4.533815280833955e-06,4.573630096840169e-06,6.0216044031840424e-05,1
0.45497576451606697,0.2922788663202457,1.1681066944848704e-05,1.1972127882681008e-07,1.1171590603447193e-05,6.032935794511638e-06,0.25271636384906565,6
0.0858777587596669,0.03884654324682548,2.0602765772017794e-06,1.8268851788620925e-08,1.4300148193319013e-34,1.064073715858284e-06,0.8752725553743629,6
0.5919433884080635,0.4076916785163247,1.390587188711842e-05,1.209749362687685e-07,1.2893972595318636e-05,7.181983688458042e-06,0.0003308302725047772,0
0.44671355711000066,0.553135647118634,1.2126721378013799e-05,1.0100275325590416e-07,1.8780132361171607e-05,5.2967231829309985e-06,0.00011449119168990776,0
0.3127525775748613,0.6871918349026634,1.0724864583737343e-05,1.7619396195187497e-08,2.965647740183463e-05,7.18266385454839e-06,8.00589723883181e-06,1
0.0990050052884965,0.9009412457341732,9.952449887221137e-06,3.050471682504334e-08,1.811773242451397e-05,5.299500820446631e-06,2.0348789481354943e-05,1
0.34880851099064747,0.6276635460687799,0.0003511455653334043,2.316677626931383e-07,0.022123785117771463,0.0010481352523878155,4.6453373171239116e-06,1
0.3761037107760155,0.6219962721763453,3.122851526926914e-05,2.0616483318822837e-07,0.001846700198919924,1.900851148773562e-05,2.873657129145606e-06,1
0.26996858255609646,0.7277898726393961,2.2728498720944902e-05,1.4867626673101755e-49,0.0021971270245611193,1.743040895052353e-05,4.25887227478495e-06,0
0.3924981853151501,0.6051828508802977,2.5785585567096576e-05,2.3304796649777574e-07,0.0022693530960317273,2.016567540035028e-05,3.426399586450434e-06,0
0.1927443117225247,0.8033754035115879,2.5045688971931e-05,1.6845913185317008e-07,0.003837553460699095,1.3614070523628965e-05,3.90308656086038e-06,0
0.09129205657184859,0.9068506961892411,2.3289793011735827e-05,1.7274841717236084e-07,0.001815264163749081,1.5272835160057666e-05,3.2476985724714778e-06,1
0.17031742571230923,0.8260408832926375,2.0692018582062576e-05,2.3321750303183932e-07,0.003600631761205469,1.6132781723739726e-05,4.001216039228877e-06,1
0.10109549060510213,0.8948894502358847,1.9904750956707145e-05,1.664440668742061e-07,0.003979035634277389,1.2651658346530192e-05,3.3006713657325656e-06,1
0.0876646585060016,0.9078802184524586,2.4815962514162525e-05,1.7084648861486843e-07,0.004413471775065676,1.3276483820415294e-05,3.3879736508315284e-06,1
0.1165272428631964,0.8786656611504076,2.407650645727549e-05,1.8992638265325993e-07,0.004762188525468862,1.6395851275188305e-05,4.245176812083593e-06,1
0.428557926943976,0.5056087391729154,0.000561394808096012,2.836695195099156e-07,0.06445576969869318,0.0008091610026007457,6.724704199305264e-06,0
0.1677447633149009,0.7049284890794685,0.0011868756538487338,1.5117095951158191e-07,0.12575465958240623,0.00038083845625813407,4.222742158152385e-06,0
0.10995069960622446,0.7965371453606547,0.0002550898009975891,1.7003859457968917e-07,0.09311395909290128,0.00013884417918439272,4.091921443083555e-06,1
0.11106832098807165,0.8470103393771563,2.438138596823494e-05,1.5460168953219208e-07,0.04188139180656633,1.1487503090898326e-05,3.924337457207845e-06,1
0.05181698661867734,0.6028456777192659,0.0005915213115804354,1.5680178238262911e-07,0.34324971644310776,0.0014830709497368978,1.2870155849412596e-05,4
0.3706800934844346,0.5063296951966095,0.001359593645528924,3.5866534723759934e-07,0.11647155583005528,0.005142648626456785,1.6054551567587908e-05,1
0.10162605257315456,0.894947149049389,2.2202022631573426e-05,2.062792690371983e-07,0.003375814480632425,1.5419757003050206e-05,1.3155837920295354e-05,1
0.2920142191411455,0.7019332438664531,2.2947913626365435e-05,1.9682404379867754e-07,0.006007116279948227,1.5585909056635012e-05,6.690065726453284e-06,0
0.28820344110830415,0.7050068191043778,8.646769485305129e-05,1.758500468842411e-07,0.006568457517804366,0.00012866156679814183,5.9771578154282845e-06,0
0.29425068438081103,0.6983651178404947,0.00012474873890220363,1.7419340549156823e-07,0.0070016408988634584,0.00025171309908732367,5.920848435800453e-06,0
0.00048615153872708127,0.09251519171363239,0.815767036495585,0.00010102307653622895,6.743711768859598e-05,0.09105498676847847,8.173289352155667e-06,2
0.00021095501521206186,0.03288180179155376,0.8772829509955715,0.00020247855148170933,4.8796594497358715e-05,0.08936638750545596,6.629546227691578e-06,2
0.00016345702344799267,0.019077729189439754,0.95628378084231,0.0008033373564875828,4.369352497462924e-05,0.02362286520564494,5.13685769499246e-06,2
0.00017715165873552168,0.023626894395958817,0.9496664313477888,0.0019165482345445016,5.4030274787090884e-05,0.02455308981429213,5.854273893034136e-06,2
8.45545532518249e-05,0.00840358610152815,0.9821656683499375,0.0008576730816980833,3.110588715942407e-05,0.0084547898226108,2.6222038141744373e-06,2
8.750382389663389e-05,0.00585560359870369,0.9870562615475937,0.0008871358596752929,3.0224674346288015e-05,0.0060806352349751765,2.6352608090885586e-06,2
0.00013416528886562155,0.0077507670635098,0.973035091341424,0.0011045050981823143,2.7657493681013048e-05,0.01793546348721976,1.2350227117618973e-05,2
0.0001653469910318526,0.009945945614662615,0.939716938810414,0.02362973524677632,6.282075686892524e-05,0.02647102123912866,8.1913411178273e-06,2
0.000409169626838567,0.02119476371316806,0.7644557567672023,0.008735641258837646,8.861971760068548e-05,0.20511311194417473,2.9369721778045714e-06,2
0.00022752642488065605,0.013098869339900832,0.873018228896046,0.000738642891842735,4.817738007219582e-05,0.11286607009295416,2.48497430335995e-06,2
0.00023367675165188872,0.01165851560607359,0.8833413151089113,0.0004175955219013128,6.067126618211308e-05,0.10428524594266271,2.9798026172452757e-06,2
0.00019816829245244443,0.011480264919885822,0.9167641404329705,0.00026902311246115645,2.691570897497414e-05,0.07125585596406189,5.631569193213024e-06,2
0.00012095104182746687,0.006631092234890012,0.78991417559134,0.0001333177825059262,2.8469878934212814e-05,0.20316859662268508,3.396847817451758e-06,2
0.00017736998762275775,0.011110167868543895,0.9362825787439727,0.00015148422810137128,2.6964210830387346e-05,0.052246271851016844,5.163109912104091e-06,2
0.00010773302856920613,0.006523001094185348,0.9652753235335436,4.526801491231232e-05,1.3420193112323032e-05,0.028031424321482153,3.82981419507114e-06,2
0.0001357963902220275,0.019575630525389676,0.9568582679462506,4.078352327756386e-05,1.2518154012873175e-05,0.023361733701388342,1.526975945892915e-05,2
0.00011372599008423854,0.01483036835941895,0.9678375073751816,6.125672783525308e-05,1.5342828849976473e-05,0.017134007159005517,7.791559624474218e-06,2
2.7037417961264915e-05,0.0035485129934218515,0.9909937761292934,2.699848690104591e-05,2.801174146105876e-06,0.005398597272542454,2.276525733775722e-06,2
2.1928580578418265e-05,0.0030479521792501924,0.9913703717753958,8.996071106799332e-06,3.2885120848275916e-06,0.005547038269507433,4.24612076606053e-07,2
0.0001449917112535803,0.004672086842316505,0.06912221432502236,0.4683418934141079,0.0005302492879850621,0.45718703229422475,1.532125089869205e-06,5
0.0004716151056012867,0.01868336270374844,0.3574355703456345,0.0009134524410667544,0.00011872665126834553,0.6223743382363404,2.934516340355469e-06,5
0.00033796678662124257,0.013388790946834773,0.12038457185195678,4.728898949595401e-05,8.508138170066726e-05,0.8657541971229241,2.102920466410861e-06,5
0.0002944794510409044,0.021405240773046348,0.19494157273179985,0.0002666982077453504,0.00010109424142577867,0.7829866951276767,4.219467265051168e-06,5
0.0003017615891448052,0.022231272475291417,0.7022340160533407,0.0071312525278231925,8.053361086873867e-05,0.26801772507610394,3.438667427278753e-06,5
8.592082701760779e-05,0.005280279272243688,0.9830533337299232,3.265161990673139e-05,7.630315653075036e-06,0.011534849758153639,5.334477102127255e-06,2
0.00018180699683210185,0.015221258770675448,0.9702476967841628,0.00010750540569520351,2.0626663147691134e-05,0.014207552822068103,1.3552557418788609e-05,2
0.0001201502672060155,0.018278528431417817,0.872503983662097,4.479564429540214e-05,2.517602951091528e-05,0.10902505092148368,2.3150439893397264e-06,2
9.954804251096365e-05,0.016296207379272138,0.9233002862733087,0.00014185248167578133,1.900926579476206e-05,0.060140880751382506,2.2158060549657456e-06,2
0.00011209142033583692,0.002229982080502979,0.9488257510680653,0.001579366553991699,1.849468185717291e-05,0.04722429725646332,1.0016938783450109e-05,2
0.00016433673894287692,0.022244166651328237,0.8740736644674231,8.255260106916862e-06,2.640901022632378e-05,0.10348040385876912,2.7640132034140414e-06,2
7.25338575125311e-05,0.010213981973733204,0.9662606207376069,3.8051350832306476e-05,8.8610130906873e-06,0.02340214423708618,3.806830138335155e-06,2
5.7657236965860935e-05,0.006645602208713253,0.9812624431716406,1.669774913565888e-05,9.74789213602619e-06,0.012007270226933094,5.815144754089466e-07,2
4.390721095165214e-05,0.004480042481673831,0.9926931129257898,1.7186616392906986e-05,4.922395018627331e-06,0.0027592385758187336,1.5897943541845592e-06,2
4.327237539846514e-05,0.00498766997373467,0.9923167549106457,2.0631614299905214e-05,4.889878592943919e-06,0.0026248492884875466,1.931958841075282e-06,2
4.349191711621933e-05,0.006119491393682292,0.991712306987388,0.0001847517012577113,4.923208846925431e-06,0.0019317745743407922,3.2602173678341916e-06,2
0.00048731136843199914,0.017365390662404532,0.7529731513743504,0.0016714697399699144,9.379666113366578e-05,0.22740291754481218,5.962648897303739e-06,2
0.0006170114589678564,0.034798573457278784,0.7310196905915697,0.008943106737422843,9.208666733120958e-05,0.2245106103357067,1.8920751723157485e-05,2
0.0002401090950866958,0.014347880705728509,0.32447778844606295,0.0009872236129013325,4.7300563832492113e-05,0.6598962358571047,3.461719283291281e-06,2
0.00025914770501885264,0.016189944362602553,0.33666939666865314,0.08444642659798834,4.734967911540084e-05,0.5623839389283212,3.7960583004798843e-06,2
0.0003520647069966946,0.02807994777746883,0.20612293368206308,0.0005420181641053159,6.050932716376613e-05,0.7648318158311047,1.0710511097708571e-05,2
0.00026351714494095296,0.015048549257616943,0.7648627800912204,0.00012852591319984457,6.80037065515275e-05,0.21962683828870042,1.7855977696859535e-06,2
0.00025823485345635185,0.012982259277386572,0.8785441776436674,0.0005018937347780908,8.924122721307855e-05,0.10762242230701044,1.7709564879336057e-06,2
0.00032752894027383736,0.01641772061119343,0.8181149061710822,0.007563501575491703,0.00011285689987230794,0.1574612462020127,2.2396000736265798e-06,2
0.0003422789683987361,0.015096959886478587,0.851891956704816,0.014425414590967965,7.39411557721769e-05,0.11816759134514757,1.8573484191844874e-06,2
0.0001749011523664328,0.006022365841460867,0.4517139301345965,0.46212020098637324,4.294407946966567e-05,0.07992456449178334,1.0933139502081662e-06,2
3.423079090380774e-05,0.004294017766189603,0.9851276637582912,5.230390198383986e-05,3.768590615331733e-06,0.010487537394360945,4.777976552650229e-07,2
3.804284638469861e-06,0.0006467302203056335,0.9988422459223275,7.984548034131156e-29,3.3820641921382403e-07,0.0005065166093944087,3.647569148160183e-07,2
7.607757043531781e-07,4.208466685137339e-05,0.9998946677464472,1.2074025381714348e-29,6.100385346050871e-08,6.232431822127589e-05,1.014889223343239e-07,2
2.342673644508464e-05,0.0010889208066304432,0.9973693529060916,4.789305294545404e-27,1.8517490309496332e-06,0.0015153379503381572,1.1098514637632709e-06,2
9.916681516291706e-05,0.0019220402475462718,0.05083846763651627,2.1126560586419003e-47,2.161270016186923e-05,0.9471180700505019,6.425501107678108e-07,5
5.9146183131575706e-05,0.0012394295344862684,0.04715747967683309,3.114318022205526e-11,9.311039605211381e-06,0.9515340057017799,6.278330208402432e-07,5
0.0007241297926971424,0.01944550401098083,0.4082827997394766,0.0017294961194775787,8.646389817100734e-05,0.5697006899556198,3.09164835769443e-05,5
0.00023171005092588684,0.009861465262132715,0.38685176166679835,0.0001583785444076638,2.0958309089910437e-05,0.6028671561962049,8.569970440518257e-06,5
0.00027964160876200686,0.015124044830220146,0.2755842392850925,0.0003552021278619753,3.295410079379666e-05,0.7086142692176429,9.648829626527331e-06,5
0.0002136315686389141,0.012756601996148843,0.2614694639005683,0.00556963764089562,2.999732738485191e-05,0.7199372982547972,2.336931156621699e-05,5
0.00019720622090018864,0.008281570909268843,0.19310717294754598,0.0003068681240771484,4.3043491884180205e-05,0.7980515765742778,1.2561732045869273e-05,5
0.000570831125733504,0.015177046699489915,0.267296592898561,0.0029180919767164753,9.049679593168237e-05,0.7139323807869996,1.4559716567881955e-05,5
0.000405901038709929,0.0467709004218145,0.22103313957083595,0.0008402140808948067,4.589013489651421e-05,0.730892070043245,1.188470960333349e-05,5
0.0005373140553602468,0.05472403442136567,0.29493424450061995,0.00011482998013363797,6.447373606018994e-05,0.6495976735250192,2.7429781441263936e-05,5
0.0005806112724684367,0.052638539054271835,0.3313730906307832,0.00014285406224161693,7.403683173488123e-05,0.6151617291934868,2.913895501328276e-05,5
0.9345175217752252,0.0221343170675692,6.466817832664742e-06,1.1142997435497247e-07,4.908245924294389e-06,3.3529689158374288e-06,0.04333332169455832,0
0.9571935733354091,0.03073587202819687,6.31198757967289e-06,8.347974025898214e-08,5.196837570833722e-06,3.27269125239519e-06,0.012055689640250772,0
0.9540523827031138,0.037064928236185964,5.809195211063539e-06,1.0516809017701084e-07,4.322916515215695e-06,3.0119993283777867e-06,0.008869439781555268,0
0.9603631812508313,0.036475240626128703,5.034066002072721e-06,9.413402946404679e-08,4.313328212135915e-06,3.018777315450689e-06,0.0031491178174807236,0
0.9812335765457264,0.016510293055670533,5.223925913387369e-06,6.369668146165937e-08,2.8626382414119185e-06,3.3620139530733347e-06,0.0022446181238140674,0
0.9239703092521185,0.07598470915426929,1.3452775827177908e-05,1.1769651563156129e-07,6.120177784541514e-06,5.301104430770397e-06,1.998983905386229e-05,0
0.8799101163686149,0.12004890317537305,8.502447241050041e-06,1.0750875450884624e-07,7.823105688107549e-07,5.015629690833449e-06,2.6572559756836188e-05,0
0.9091118839511707,0.09086673727550525,5.190223823504224e-06,8.097530281022911e-08,9.016194830663895e-06,4.887670816556462e-06,2.2037085504371877e-06,0
0.876067980014625,0.12375453209810572,6.2857049281192765e-06,1.0548641211111816e-07,0.00016234910993919008,5.682616437648839e-06,3.064969552257974e-06,0
0.7322472513198761,0.2674803240290884,8.134071204005371e-06,1.666816391960108e-07,0.0002545949621902599,6.615786459823265e-06,2.9131495423190414e-06,0
0.7323765004956055,0.26732589184180394,8.3251840924454e-06,1.32870916625189e-07,0.0002785451044049104,6.743860789861182e-06,3.860642386886999e-06,0
0.7670454967402254,0.23260719120891846,8.978003658238783e-06,1.4328999362512427e-07,0.00032770867274779667,6.981890295917377e-06,3.500194160483386e-06,0
0.7649376139245643,0.23476030719116567,9.09626319215962e-06,1.3981991973680518e-07,0.0002820866410291006,6.812808878617884e-06,3.943351250362988e-06,0
0.7129848793169615,0.2867071414640315,8.945250746994438e-06,1.4256972427826985e-07,0.0002876343707663829,7.236123583716387e-06,4.0209041855760105e-06,0
0.9146703348970759,0.08528031705183682,6.097742492209025e-06,8.265413762198144e-08,3.701012552332319e-05,3.795220415253534e-06,2.3623085190458722e-06,0
0.8094216110300932,0.19050718542150222,1.0657217787395299e-05,1.44103341702802e-07,4.978934644118509e-05,6.616776365606699e-06,3.9961044685089095e-06,0
0.5297930398368321,0.47005703741300725,2.87108850324666e-05,2.806726120977659e-07,0.00010037514731899896,1.1863294587908671e-05,8.692750609242409e-06,0
0.5883020225094431,0.41165779350503084,1.8070670123091442e-05,2.170033321151957e-07,1.4693424804849295e-06,8.972778477328622e-06,1.1454191113136952e-05,0
0.6414348759650839,0.3585284166903597,1.4338907866434184e-05,1.8105672668492592e-07,9.09340925331159e-06,7.4864375792702984e-06,5.607533130626942e-06,0
0.6433421052077463,0.35661393648271983,1.5088673339006648e-05,2.4441727495141147e-07,1.1474070952879638e-05,9.619138353169765e-06,7.532009614139332e-06,0
0.7282820639230052,0.2716748104592074,1.2332799035555069e-05,1.9943240697650296e-07,1.0332725404116233e-05,7.806998896652298e-06,1.245366204399896e-05,0
0.7240520038624939,0.27590741519235007,1.584822880923844e-05,1.9257819073158508e-07,8.30519487495467e-06,7.784030126795099e-06,8.45091315421854e-06,0
0.8719646486900244,0.1279988342418529,1.3887308961824286e-05,1.2848661916683402e-07,5.043095106109021e-06,5.000868397106574e-06,1.2457309038452282e-05,0
0.7228530073607432,0.2734186497840243,2.238399055315604e-05,1.661281115828662e-07,1.0401544410917996e-05,8.516840110996015e-06,0.0036868743520459433,1
0.5862621483812885,0.38925822764577434,1.7775721327873756e-05,1.3890673631416374e-07,8.38258418976554e-06,7.879139422168755e-06,0.02444544762126114,1
0.3802760589787208,0.3581878172415947,1.117893598236808e-05,1.1797502050392191e-07,1.2083939246177522e-05,5.20492593163544e-06,0.26150753800350374,6
0.08879258162686245,0.036452830166049624,1.1870123635692977e-06,1.8888924642407188e-08,2.4823974802146608e-34,1.2103599209560204e-06,0.8747521719458787,6
0.4567287079612842,0.5428622330164522,1.0877446507741799e-05,1.6134496298721865e-08,1.923804415290155e-05,6.577334551783762e-06,0.0003723500625548596,1
0.4151096021233822,0.5847637590673727,1.0021297438472513e-05,1.6463537472165916e-08,2.6668031474722334e-05,6.711470371023726e-06,8.322154642340793e-05,1
0.3120562807002472,0.6878974639665871,8.969847279753416e-06,1.6626628294508063e-08,2.45657549577946e-05,6.007292430973775e-06,6.695811868675007e-06,1
0.38071955380596134,0.6192159057322922,1.147980879565401e-05,1.261426928308068e-07,2.696936974698961e-05,6.916435636352112e-06,1.904870487439904e-05,0
0.4563352538298588,0.5395965017224592,1.9183566376464302e-05,2.4125087467820426e-07,0.0040237499850141285,1.3343145982201187e-05,1.1726499434582115e-05,1
0.38971697903448216,0.6020520509406377,2.0239554077975938e-05,2.5453088485147756e-07,0.008186687453529235,1.4077639130147111e-05,9.710847257759475e-06,1
0.33494744883889854,0.593365665842285,4.00554680261794e-05,2.7434400573493235e-07,0.07158324486429876,5.592287158219094e-05,7.387770903491425e-06,1
0.316761606060446,0.5611491054637949,4.2684013913828545e-05,2.594486035672149e-07,0.12198155683653099,5.675314064415603e-05,8.035036066422732e-06,1
0.23189196767358128,0.7666334034861186,2.3303332307837853e-05,9.181469689070255e-08,0.0014266644180209718,1.7165119589585443e-05,7.4041556848127865e-06,1
0.35510550757000714,0.6412665870555533,2.9417051656382656e-05,1.1092149027315634e-07,0.0035713990885558973,2.1306522805343964e-05,5.671789931681748e-06,1
0.34061088271191237,0.6578564515461329,2.2351892841823207e-05,1.608129995977485e-07,0.0014845922888481891,2.1315586010966405e-05,4.245161254072596e-06,0
0.2942615307511973,0.7041355966299787,2.3373578326350684e-05,1.6591132479047742e-07,0.0015528448489415382,2.2108532764495727e-05,4.37974746677289e-06,0
0.2643887783307405,0.7338447825534896,2.3213932116051654e-05,1.2376422186106927e-07,0.0017165768268749598,2.217475964054464e-05,4.3498329164471155e-06,0
0.3727017443329134,0.6235318373464619,2.5793666068684903e-05,2.8579956822305887e-07,0.0037150389860486333,2.012611356555565e-05,5.1737553735826716e-06,0
0.3525837646215818,0.6420658061115971,2.713354697358141e-05,3.0064574724507285e-07,0.0052932870505689195,2.4265511633924106e-05,5.442511897498653e-06,0
0.13565568948311055,0.8613772978612632,2.5816115898587783e-05,1.7748471783711457e-07,0.0029222356856696318,1.5263756193102496e-05,3.5196131470569868e-06,1
0.07624638827891604,0.922556899937879,2.0929473704534412e-05,1.5524111583503488e-07,0.0011603242787468033,1.2384231201397319e-05,2.918558436244755e-06,1
0.08868089831944354,0.9098432700902204,2.1820429285771547e-05,1.6184964027971495e-07,0.0014364375978599931,1.4202152024279137e-05,3.209561525729323e-06,1
0.1806576040429148,0.8171279778717773,2.1829085000192798e-05,2.1285835740553329e-07,0.002168909640595516,1.9245410760243184e-05,4.22109059481405e-06,1
0.14399294989586356,0.7592800963201812,0.0002341968629793919,1.65006348325773e-07,0.09638302894897456,0.0001055042817939309,4.058683859115497e-06,1
0.21244787252229533,0.7498467303096933,0.0002896752484755493,2.027176445370212e-07,0.03713595973170032,0.00027429515712493825,5.264313066068863e-06,1
0.352449623520365,0.6044303525073326,0.0015533042206298396,2.6630266288677125e-07,0.04088665777760448,0.0006728801382706268,6.91553313459964e-06,0
0.17042073413609451,0.7161739552897224,0.001312464637160268,1.5358253450605984e-07,0.11176792662958719,0.0003204756188828197,4.290106018444268e-06,0
0.14329791952442625,0.7343195175019501,0.0006583091986598964,1.5747382574055317e-07,0.12132887138138042,0.00039122767732929965,3.997242428290501e-06,1
0.10473126305457908,0.80109666628809,0.0002495172110916977,1.6632399935847286e-07,0.09378430418851813,0.00013408040275993596,4.002530961612907e-06,1
0.09931924210638894,0.8818335801427085,2.5635361564859112e-05,1.6591067880385434e-07,0.018802358773860352,1.340776553275801e-05,5.609939265847504e-06,1
0.013087723004463432,0.16881192203270345,0.00021133795023383755,4.3908435011608204e-08,0.8173660469946876,0.0005196511443132405,3.274965163380541e-06,4
0.22761866311863732,0.7679410769752236,0.00030326329131681514,2.690990446882333e-07,0.003753593417006087,0.0003650435597721889,1.8090538999432734e-05,1
0.17035221665893754,0.8254960914803134,0.0001711766880041675,1.0661751170689216e-07,0.003728096190905975,0.00024499157876263104,7.320785564410176e-06,1
0.16961950942037465,0.8281351281275158,2.5203235015147025e-05,2.0663543217539207e-07,0.0021946730412325008,1.7417444556331708e-05,7.862095873124891e-06,1
0.08856347131669783,0.9071875309392871,2.432813455986262e-05,1.6842510401954458e-07,0.004196743701549397,1.544931268852645e-05,1.2308170113120632e-05,1
0.10432138393630896,0.8916569381359126,2.200409161406103e-05,1.7480896644361233e-07,0.003971751317805428,1.4973019367447838e-05,1.2774690025051732e-05,1
0.28783292476769184,0.7098397673303123,2.497963839568209e-05,2.075711265029928e-07,0.0022772066358640246,1.619170574166783e-05,8.722350868183471e-06,0
0.25125303898857754,0.7466424498475751,2.3061804079918935e-05,1.9163466565182739e-07,0.0020582564677066153,1.4948572898420679e-05,8.05268449655095e-06,0
0.3177592749209551,0.6764080580018348,2.211343290382307e-05,1.8966671032788548e-07,0.005788672772825739,1.5244417407568963e-05,6.446787362582657e-06,0
0.3238378372722251,0.6686827284592938,0.00015900453576361682,1.6678971885637877e-07,0.00708068345834725,0.00023391028814412674,5.6691965072477385e-06,0
0.24497468780253717,0.7460175622121992,0.00031141292951023517,1.8756438324222046e-07,0.008309751078887328,0.0003768755650116057,9.522847471239916e-06,0
0.35264667290252294,0.6276709895876625,0.0006901806997896042,3.103562380387473e-07,0.01800847323070285,0.0009665886331963771,1.6784589887647816e-05,0
0.38516246760490996,0.5917525711770169,0.0009133330193297537,2.993956804016919e-07,0.021234386454794075,0.0009238443370083732,1.30980112605189e-05,0
0.3973961593125367,0.5798047247070404,0.0006422807308296062,2.9335069843211884e-07,0.021102165286060008,0.0010415430584356522,1.2833554399281387e-05,0
0.0008462977776054546,0.09747770736891376,0.6601875141326133,0.20561233182981561,9.43647649368236e-05,0.035776977276581544,4.806849533306623e-06,3
0.00026619850594781163,0.04106477063794358,0.9225508108577729,8.655903574278976e-05,2.571182424161301e-05,0.03599714419777276,8.804940578497108e-06,2
0.00031143121394921076,0.04490062867152218,0.901911453577815,9.867717868183032e-05,3.667101517858262e-05,0.052731220222663674,9.918120189376066e-06,2
0.00017852713337651512,0.027232969450369734,0.9247074221383453,0.0004020714135667759,3.5550154386561075e-05,0.047436608050312676,6.85165964234815e-06,2
0.00014784678822914215,0.020151630421169516,0.9509267005565093,0.0013702560275175714,4.818373824774585e-05,0.027350161676798254,5.220791528529571e-06,2
0.0001797694220759198,0.024090944965116642,0.9181375570738406,0.003615854471582205,5.7068924742252773e-05,0.053912621625761735,6.183516880834448e-06,2
8.716183213262996e-05,0.006232919084011633,0.9852531066198502,0.001156437147760966,2.533159357369577e-05,0.007240647949707893,4.395772962920344e-06,2
0.0001437124212983633,0.008396106591213584,0.9680248852315317,0.0026097937674636005,2.8011751804877924e-05,0.020789505026044743,7.985210643250025e-06,2
0.0002291159866568171,0.010956984828004435,0.8419668800403902,0.1147245743844752,6.718873954872157e-05,0.03204922005493014,6.035965994371474e-06,2
0.00014008628877583133,0.008573771558117475,0.9442045923058173,0.0001989148238712432,1.9280748851168577e-05,0.04685834911155249,5.00516301459976e-06,2
0.00010892160806987537,0.0054425816847453986,0.9671542836498379,0.00025572988254252886,2.031599255394671e-05,0.02701499655433417,3.170627916285281e-06,2
0.00012986077301987698,0.009080627252621914,0.9488404302561757,3.297630618113358e-06,2.271458510378132e-05,0.041919289350849945,3.7801516105332283e-06,2
0.00011301826888988224,0.019084745169701215,0.9526139545041274,6.017889742969747e-05,1.5319966846710776e-05,0.028102044078032004,1.0739114972880463e-05,2
1.4954551627682014e-05,0.0033161669376929447,0.993000626008339,0.00011229344444675818,1.8887033761773674e-06,0.0035537371172283654,3.3323728904838247e-07,2
2.4945698095151038e-05,0.004335721609314756,0.9907692369661358,3.924470009306252e-05,3.2128535077009627e-06,0.00482663916242992,9.990104234683488e-07,2
0.00010625508480035804,0.005393402011922936,0.05820584691209559,4.8538939917513126e-05,3.890015013315388e-05,0.9362051412857566,1.915615373815846e-06,5
0.00020737307414892374,0.01374075219609868,0.08822375492031578,0.00010767355682104436,8.354118139765676e-05,0.8976349904903136,1.914580904403433e-06,5
0.00011555206776316007,0.023607909107755735,0.9262434541257487,6.246509322631536e-05,1.128951192199256e-05,0.049943576006473415,1.5754087110821207e-05,2
0.00020450684505983236,0.04004332061457757,0.8125343710077473,5.483986031471064e-05,3.9940566186810517e-05,0.14712001896511556,3.002140998392541e-06,2
0.00017191528871006987,0.03366175358262916,0.7912766793657334,4.9696858380683813e-05,3.3575374776527916e-05,0.17480376277079931,2.6167589706468737e-06,2
0.00016049188149539617,0.03213698115932229,0.7804566446254457,0.000139276852873145,3.1491717875777344e-05,0.1870723264815147,2.78728147269028e-06,2
0.00010581174324869787,0.02071839482172514,0.9026957102585634,0.00013085991523405582,1.6147897331682876e-05,0.076330731156812,2.3442070848556327e-06,2
8.845378455828406e-05,0.00986348702285924,0.9763540011829529,2.5429733483304323e-05,1.3834387779935368e-05,0.0136540428988625,7.509895035689815e-07,2
5.4316438319302965e-05,0.004828966323079754,0.9924664526149386,1.3144078129243889e-05,6.846943584160587e-06,0.0026275636499844364,2.7099519645201775e-06,2
5.258137913935033e-05,0.006656428939697722,0.9916489867830625,6.52059773771543e-05,5.960590536532176e-06,0.001567427428784741,3.4089014019382495e-06,2
4.5338679252171896e-05,0.006015324362512823,0.9923797487667401,3.1831722943254314e-05,5.197034276715982e-06,0.0015208637251361162,1.6957091389328298e-06,2
7.088568923990188e-05,0.009404782416944115,0.9881146154049334,3.361022547732796e-05,7.693362745827627e-06,0.002365381333456699,3.0315672026118248e-06,2
7.900690962880608e-05,0.005426867464383409,0.9882977241182405,0.00010366884806486395,1.4641092244519693e-05,0.006077300884444196,7.906829936642523e-07,2
0.0,0.0,0.0,1.0,0.0,0.0,0.0,3
0.0004987901159183533,0.01971162078671416,0.7584374974633137,0.00538551020912565,6.96603327662981e-05,0.21588604791365862,1.0873178503274788e-05,2
0.0005704719531826233,0.022870786834718205,0.833050587683262,0.0006496651970898887,6.916944827796313e-05,0.14275462779659168,3.4691086877536534e-05,2
0.0006010461700818879,0.02348067449816247,0.8423695433701324,0.0009245446290527599,8.991473701255569e-05,0.13249866041300845,3.5616182549626185e-05,2
0.0004976674052320017,0.01761127377605126,0.8331841160493157,0.0002443677578539869,8.317560330222657e-05,0.14835732743339544,2.2071974849437027e-05,2
0.00043738617841785124,0.02900661321889141,0.6078371284415088,0.0004694730342971452,8.98875994479284e-05,0.3621424228959493,1.708863148753985e-05,2
0.0005225071563455733,0.03737240685883519,0.5624509312888819,0.0017103923597219593,0.00010760766800037805,0.3978156972547902,2.0457413425054754e-05,2
0.00030166060683783067,0.019181568477359776,0.7119464946854216,0.0002851823111231314,7.041655192293463e-05,0.2682124788254303,2.198541904469556e-06,2
0.0004899243920849588,0.10438357292927344,0.16172512866614536,7.955374677761703e-05,0.00011146073696014102,0.7332072441324977,3.115396260870292e-06,2
0.00027415181384012884,0.014971010286339112,0.9157539259138067,0.0007326258126082453,6.421186993317243e-05,0.06820221692728005,1.8573761924856637e-06,2
0.00024229007794630893,0.013750394238883348,0.920499701559852,0.000584533993142496,4.846469539452034e-05,0.06487297855645643,1.6368783251007368e-06,2
0.0003288247732649287,0.016437436543096928,0.6966725808107341,0.00021935841210998376,0.00011310045316119895,0.2862264567180382,2.2422895945161334e-06,2
0.00029353363085412085,0.01519391622722565,0.7363271701297815,0.005666872150692498,0.00010454420956010887,0.2424118909953518,2.072656534182371e-06,2
0.00027836698762947126,0.01472955453002383,0.8529562363636944,0.007926698767049427,7.831426558617672e-05,0.12402902357762122,1.8055083952663791e-06,2
0.00028425006104645836,0.013450197196865948,0.11171533029619445,0.0006196287045796507,6.93072866876173e-05,0.8738593032544099,1.983200215907275e-06,5
0.0002560946770888917,0.011869470358348752,0.08658771481421204,0.00010222745698875516,4.196370710910881e-05,0.9011394815343274,3.047451925069976e-06,5
0.00021414989811447218,0.010603384942804677,0.10464882146636678,6.848781825323067e-05,2.8234930201058718e-05,0.8844329523398203,3.968604439425803e-06,5
0.00012170884182193105,0.01042759225904934,0.12626620265330774,1.698618769145766e-11,1.6994467672972594e-05,0.8631667261422837,7.756188780711345e-07,5
9.062318417857855e-05,0.010039340658398002,0.9426547679835875,4.9042003622235096e-05,1.1758055060812338e-05,0.04715350872117405,9.593939786527808e-07,2
7.815235697666331e-07,3.7758571204234506e-05,0.999945061378108,6.992906908736744e-21,6.84242497200232e-08,1.6293990953689045e-05,3.611191441241496e-08,2
1.431638520316873e-09,5.5254714320615876e-08,0.9999997688729291,5.7618633116586615e-39,9.389243198881032e-11,1.7421060848651368e-07,1.3621702106609556e-10,2
0.00042511725424553297,0.010860335537872785,0.4361023309189656,5.81303402780977e-09,3.829371877818107e-05,0.5525561930492507,1.772370785319709e-05,5
0.000624519241452073,0.016925398546846066,0.3205112058382553,0.003494151143369652,7.525831861348593e-05,0.6583425571535106,2.690975795285696e-05,5
0.0003811764648643004,0.011572260474840007,0.42413811398879425,0.0007049791082646638,5.8678897292372995e-05,0.5631386143004145,6.176765529902591e-06,5
0.00016996607321525256,0.007991339520096227,0.29473788987919597,0.0002092817107814165,2.7911302274313372e-05,0.6968545112457265,9.100268710266556e-06,5
0.00016920228735388957,0.00880770076343912,0.3258467383099112,0.0002184271861158198,2.4596222384761447e-05,0.6649233417284223,9.993502372909981e-06,5
8.260336710876435e-05,0.00528480657867381,0.04264076985244787,0.0001865951222615239,2.6091616899427417e-05,0.9517777166765448,1.4167860639784519e-06,5
0.00043208259856864585,0.023059871098790236,0.6071597542280887,0.00015170685760790685,5.897013201827515e-05,0.3691031479734514,3.4467111474733856e-05,5
0.00016901607805408533,0.012912502968467786,0.15799982774818294,1.390400179690249e-07,3.971222218717375e-05,0.8288727475474174,6.05439567263087e-06,5
0.00018654531409775804,0.0250956307658091,0.09635369781772805,0.00020953908440546478,2.8214717461895315e-05,0.8781216277864052,4.744514092492176e-06,5
0.0003543718293940759,0.054771497198762245,0.20471959097557846,0.0005056017098388646,4.404604709005764e-05,0.7395945162957385,1.0375943597819653e-05,5
0.00044705111500999953,0.04495412402049312,0.23340470691296406,7.69933202454656e-06,4.2390349388775757e-05,0.7211260075852549,1.8020684864497643e-05,5
0.0702964243952257,0.0007818399006863341,8.128761050743191e-07,1.9327060715915113e-08,7.255251612262717e-07,5.535243037871403e-07,0.9289196244514571,6
0.18542461886707828,0.0016797150257060254,1.534155993003192e-06,4.020943857636621e-08,1.250616110123282e-06,1.0467727274017316e-06,0.8128917943529466,6
0.21654156669106728,0.0013030710808833096,2.133112723021648e-06,2.4749606902187554e-08,1.719299401722344e-06,1.0276343125867957e-06,0.7821504574320052,6
0.9449528466295448,0.019096563852825158,4.855975167008115e-06,6.063802750775525e-08,3.734616020165293e-06,2.517765957286519e-06,0.035939420522458285,0
0.9653218859975756,0.027574228666116033,5.905019795411413e-06,7.749171357750993e-08,4.655589561984318e-06,3.0616832472704065e-06,0.007090185551990224,0
0.9656803100347408,0.030698829245725402,5.061937517518428e-06,9.465521016670216e-08,4.0231327060235055e-06,3.0354910213377573e-06,0.0036086455030785686,0
0.9646433751512052,0.03328639999559933,5.974936393871915e-06,1.0386877106572206e-07,4.718888465629399e-06,3.582988868174304e-06,0.0020558441706967235,0
0.983228885640852,0.015667374917530112,5.098722151255574e-06,0.0,3.096740679923208e-06,3.0712361122698148e-06,0.0010924727426745327,0
0.9817358230960276,0.014404972952410059,4.862943323617462e-06,7.785679145620918e-08,2.5616874250130197e-06,3.058907097207289e-06,0.0038486425569250493,0
0.9452619247341499,0.05470536387445419,1.1230556392761512e-05,9.825461845290181e-08,5.2234715765862055e-06,4.425432566371236e-06,1.1733676241725168e-05,0
0.935366240863664,0.06458928840067726,1.3259643924804817e-05,1.1600683074729484e-07,6.167225445883812e-06,5.22500025743505e-06,1.9702859199726542e-05,0
0.881393583661064,0.11856973257881877,6.731500059510409e-06,9.58406621065823e-08,7.345842260706108e-07,4.441015469910891e-06,2.4680819699558427e-05,0
0.8578186262855124,0.14215981535181657,6.902930705871817e-06,9.852280613039899e-08,1.1479610290057817e-06,5.001541105473949e-06,8.407407024744695e-06,0
0.8149719159545901,0.18498031970098727,7.836418890511004e-06,1.135978279706608e-07,2.8776771655757315e-05,5.766829309914595e-06,5.270726738351532e-06,0
0.6377528658877503,0.36210545712434633,8.686933043098388e-06,1.354549548741163e-07,0.00012299225975829828,5.5509811791359584e-06,4.311358968065898e-06,0
0.7119615466472319,0.28771678999027955,8.998393340789833e-06,1.3351345099059728e-07,0.0003010694279855283,7.289197613992404e-06,4.172830097157731e-06,0
0.8232913117162299,0.17645942686637076,7.272085625965092e-06,1.1606334132306517e-07,0.00023338289366627628,5.655255443832827e-06,2.8351193217860015e-06,0
0.8090269743856615,0.19067056882406533,7.818251708287031e-06,1.2478021619116057e-07,0.00028537623597198967,6.079990364343075e-06,3.0575320120978556e-06,0
0.9155429178291027,0.08439486413300477,5.868892819111814e-06,8.382008554918461e-08,5.00896258190566e-05,3.578034033297974e-06,2.597665135741647e-06,0
0.8648685692911053,0.13507025566732372,8.428675297685168e-06,1.1424964057042115e-07,4.411064229269451e-05,5.24598744604078e-06,3.275486893802481e-06,0
0.7305083740912707,0.26945941638338333,1.1194100497203485e-05,1.3573028543718315e-07,8.716429155076911e-07,6.663742888713958e-06,1.3344308758911706e-05,0
0.7026660823364987,0.2972938890143538,1.3799908483157725e-05,2.0634039146153517e-07,1.1061517402082033e-05,7.440104025467705e-06,7.520778845255742e-06,0
0.7043862626890889,0.2955744186544872,1.2208014177628356e-05,1.974145240531861e-07,1.2238749053399035e-05,8.137378512396597e-06,6.537100156399378e-06,0
0.7393743165909789,0.26058236140221813,1.2639699509490053e-05,2.0439526253286358e-07,1.0228326026703755e-05,8.001275285530847e-06,1.224831071884704e-05,0
0.7044659259533133,0.2954907850581632,1.697310516050643e-05,2.062470148715835e-07,1.0395560668721355e-05,8.336525393779456e-06,7.377550285527864e-06,0
0.6277053965193002,0.36529420704715115,2.0070348763158628e-05,1.5683789096117923e-07,1.071383560602221e-05,8.896239609050753e-06,0.006960559171679522,1
0.5570612688918426,0.4007118547622879,1.7846870285776355e-05,1.3946272328943808e-07,1.9073133498817214e-05,7.910676401665476e-06,0.04218190620295981,1
0.04610925757164552,0.019112465437477338,6.16405760590999e-07,9.808863258962471e-09,1.3286029250309764e-06,6.285299551744742e-07,0.9347756936433731,6
0.5608882261068356,0.4266542813260525,1.2467950335072578e-05,1.0846565461204808e-07,1.7673469498339835e-05,7.0841555931387415e-06,0.012420158526030785,0
0.5295155248622574,0.4639368182513547,1.2653500871125836e-05,1.1007986222562981e-07,2.133446898277856e-05,7.189583416675538e-06,0.006506369253255092,0
0.4889212906474804,0.5109874958814984,1.6172736591882334e-05,1.3008845322996388e-07,2.5689056572792685e-05,6.926331168911801e-06,4.229525823432468e-05,0
0.22900503511691,0.7709641702111673,1.361734804431212e-05,1.3689922329245295e-07,8.056030131925349e-213,6.2620435015974255e-06,1.0778381153384632e-05,1
0.3029894667117418,0.6969644227350402,1.3001421011461311e-05,4.841386414228915e-08,1.946658339799749e-05,1.029236660648806e-05,3.3017683380461303e-06,1
0.2876746005130112,0.7122702442896643,1.2586809904591242e-05,4.8465990111938927e-08,2.8911150027909727e-05,1.0303448134452376e-05,3.3053232675942747e-06,1
0.3484280469634667,0.6513531371479095,1.2616090207533277e-05,1.4906814433146877e-08,0.00019311096281544196,9.719573749838609e-06,3.354355036470877e-06,1
0.41872669853746414,0.5761372249926948,1.8852475717588543e-05,2.3708710713446143e-07,0.00509234994055276,1.3112855591560246e-05,1.1524110872001525e-05,1
0.4165236597736818,0.5781077675178894,2.0187687295674585e-05,2.538786126747932e-07,0.0053151966782466736,1.4298871847765579e-05,1.863559242607775e-05,1
0.4699355021711765,0.47356771908110346,0.0006867836529728162,2.662088093785232e-07,0.05482620324896844,0.0009797464575102602,3.7791794590274925e-06,1
0.26340318717526817,0.7333598989021105,2.4125375755334352e-05,2.6136431191833727e-07,0.003171798325357717,2.4572239583221366e-05,1.6156617613068214e-05,1
0.25870698335941084,0.7397113259648518,1.7599317250210577e-05,9.168612534619873e-08,0.001537754285810788,1.7141082632410135e-05,9.10430391857852e-06,1
0.2737993595564602,0.7242281244711186,2.3333230982050244e-05,2.1157747102994962e-179,0.0019260708472655294,1.7044245417572195e-05,6.067648756006725e-06,1
0.26425733115862177,0.733834792909851,2.1263235518481653e-05,1.1490310770369071e-07,0.0018564215973455973,2.2400529208899835e-05,7.675666346375837e-06,1
0.11884681634112963,0.8791016325173492,3.413855842583097e-05,1.825454496520189e-07,0.001999047655811456,1.4562411775343883e-05,3.6199700591704764e-06,1
0.1564971299766385,0.8396749204453474,2.4816712028259606e-05,1.928769090519457e-07,0.003783231261207918,1.588387966133091e-05,3.824848207415552e-06,1
0.1687015486045735,0.8276354061599018,2.2591505825906915e-05,2.0086928137402583e-07,0.0036197274485199053,1.6542070840339703e-05,3.983341057074777e-06,1
0.17109471178278923,0.8253886305057798,2.6499813583836394e-05,2.059580708630069e-07,0.003468906540454132,1.6961144954820935e-05,4.0842543672813515e-06,1
0.10811965827123489,0.8778596893563985,2.9924458151906746e-05,2.0221944092057793e-07,0.01397018307220974,1.6332507149465156e-05,4.0101154146001975e-06,1
0.12928192887912163,0.8549431621924075,2.632344128388563e-05,1.7821631540679296e-07,0.01573092133395962,1.3502499966012093e-05,3.983436946098798e-06,1
0.16898359290879317,0.7238836457143041,0.0002864939432019374,1.827705283490269e-07,0.10659577212698038,0.0002461331288503149,4.179407341855279e-06,1
0.4095940928853038,0.5385732541965961,0.0004376336991630408,2.6761215246089865e-07,0.050844905156821926,0.0005435024036635551,6.344046299186616e-06,0
0.11722841147533687,0.7551435667240382,0.0003014722557516123,1.4141085105471392e-07,0.12713110867408464,0.000191709952595807,3.5895073419239668e-06,1
0.06052737385250216,0.6552697421265699,0.0006744649819543762,1.7167808146594437e-07,0.2818613548877709,0.001657838516491986,9.05395662914629e-06,4
0.05255854198096048,0.6623719212593407,0.0003668131007244739,1.7420253573588208e-07,0.28290878295965183,0.0017845794055182493,9.187091268566249e-06,4
0.1956180127526801,0.8016894388530738,2.6136203849030272e-05,1.9760265998767806e-07,0.0026416280567426154,1.6656065894825367e-05,7.930465099659602e-06,1
0.2940827785069709,0.7004487789275736,2.0369980329362282e-05,1.7471313365578537e-07,0.005428330758941842,1.3628599010943707e-05,5.938514039612851e-06,0
0.2931002358905093,0.7003316691047775,9.10912291533547e-05,1.7468392292012828e-07,0.0063547683961898025,0.0001161231742826493,5.937521164262399e-06,0
0.2697657730962948,0.7219630051859297,0.00011063951365269874,1.8007943309245787e-07,0.008017591480877231,0.00013517640708821156,7.634236724321823e-06,0
0.23616963483515785,0.7559651485260483,0.0001518745624596943,1.83480016403342e-07,0.007432938096379138,0.00027090502020830237,9.315479730355968e-06,0
0.3530845211446291,0.6257587169546093,0.0006418958977764111,3.166010017620545e-07,0.0195204923401144,0.0009769347446049498,1.7122317264108302e-05,0
0.0003992754674931109,0.04780793826161032,0.9111523491179971,0.00021270745937582972,3.414359389844483e-05,0.04038175764402662,1.1828455598740398e-05,2
0.00034095998047264155,0.05331044477910471,0.8848439026485156,6.471545426760614e-05,4.7296689403554666e-05,0.06138694815211861,5.732296117389642e-06,2
0.00016749085389221446,0.02719196746005199,0.9270173274865892,0.00021737777186017705,3.880459389151425e-05,0.04536016305872898,6.868774985940405e-06,2
0.00015604759010149586,0.02169864347022106,0.9460744512750209,0.000648183287945996,3.615339716122553e-05,0.03138012149110817,6.399488441292494e-06,2
0.00015131272763830897,0.01862452726798959,0.925500679971907,0.0017161817737881863,4.028371087151009e-05,0.05396193335058325,5.081197222475671e-06,2
0.00015610110310932245,0.022237758786327902,0.920569586478941,0.0017046211226749096,5.267892083315686e-05,0.05527354573576344,5.70785235059448e-06,2
0.00020486661695626692,0.02211975492687437,0.8950646852889619,0.0026071901667157806,6.357041974363128e-05,0.07993397363099372,5.958949754285952e-06,2
0.00011794672997573666,0.011399687707983646,0.9669409954361037,0.0014764902391611462,3.427852024204175e-05,0.02002725895887391,3.3424076597240475e-06,2
0.00017389101705370637,0.00888384758574582,0.9343744160119167,0.00025299481838263275,2.189295758589212e-05,0.05628798742347834,4.97018583669644e-06,2
7.598675221729834e-05,0.010449205127780234,0.9576416648499896,6.515044661494109e-07,1.1511695855071686e-05,0.03181810626434734,2.8738053441681164e-06,2
4.2759699033477385e-05,0.006299824967264983,0.9837391096380071,5.810446786240291e-07,4.683210331875634e-06,0.009909254647642675,3.7867930411429787e-06,2
2.9111643537423718e-05,0.005022610801684668,0.9901713824717587,1.3094297761428873e-05,1.3484665101194017e-06,0.004761465626469175,9.866922785829098e-07,2
9.23167626583966e-05,0.012844940740696994,0.9336565365348211,1.7093164025803736e-05,9.095661291249946e-06,0.05337941061768728,6.065188192966851e-07,2
0.00019724491053641684,0.02564932112309599,0.8880567579359571,4.2385890439698614e-05,3.273519317444942e-05,0.08601989679514577,1.6581516506158684e-06,2
0.00045742106212959645,0.01679169454563372,0.19008821976970394,0.0006720685446661662,0.00012641710551955369,0.7918610644895449,3.1144828021490207e-06,5
9.669823343436899e-05,0.007217300689657843,0.12089818394263635,0.318407024957376,3.9417077523623784e-05,0.5533404728992147,9.022001570635384e-07,5
0.00011606097255235466,0.008181081131288593,0.05429443997497739,6.735100240913809e-05,4.80672991250615e-05,0.9372918994283714,1.1001912760848363e-06,5
0.00011393138538704106,0.007576980253389728,0.0501160104655674,0.00011653846574738624,4.667310449292737e-05,0.9420274859767219,2.380348693772233e-06,5
0.00020251486883337823,0.010306203446244562,0.9706408152659901,9.877964522342662e-05,1.1753910711068628e-05,0.01873116072656482,8.772136432834528e-06,2
0.0001443493566129546,0.007531926360151067,0.9801246661981191,3.298201520562361e-05,8.299936800098533e-06,0.01215152349468739,6.252638423515207e-06,2
7.061805240813277e-05,0.004727770899243584,0.984579820214814,2.2178519831756098e-05,8.584075717807557e-06,0.01058625194031061,4.776297674005789e-06,2
8.814678084512613e-05,0.005981591442580994,0.9587645712955819,3.605132496771835e-05,1.4213498316793085e-05,0.035110242564272795,5.183093434884136e-06,2
0.0001303568074383626,0.008590470384001708,0.9279981622956444,0.00010785551440650786,1.2095179606418517e-05,0.06315361611247808,7.4437064245019195e-06,2
0.00019304706017425591,0.03779944540241555,0.7580478866311907,9.518682809062823e-05,3.7702448941517085e-05,0.20382494781226695,1.7838169204290871e-06,2
0.00012392345237283135,0.024264745434700762,0.8462449788766969,2.915069393227918e-05,2.420248011819383e-05,0.12930878179406208,4.217268117061453e-06,2
0.00013433624372098869,0.026303614805185484,0.8357755697083296,7.557321526121379e-05,2.553223914851541e-05,0.13768203796319337,3.335825160729037e-06,2
0.00013809106722505627,0.027997703649102774,0.9006108080486364,0.003095434274628228,1.8483210599277626e-05,0.06813412766734511,5.352082462845352e-06,2
0.0009049756190508926,0.07469930255096092,0.744393838663229,0.0038363070016917415,0.00018262785813148957,0.17595540268367063,2.754562326539908e-05,2
0.0006061518398267703,0.09610953212340433,0.764623938150053,0.00030979806688541297,6.768961105796818e-05,0.13826429810466806,1.859210410432976e-05,2
0.0007698337768146133,0.101167013001575,0.7427605258525953,0.00032436710523109716,0.00010304976574011579,0.15484514211318426,3.006838485939583e-05,2
6.586337892186204e-05,0.008833402457760603,0.9498506903107458,0.00013867080982356622,1.3562315696933713e-05,0.04109566477239144,2.1459546596940358e-06,2
6.337568166994268e-05,0.011166881717393528,0.9830356183206038,3.4502634228771616e-05,8.624103375929718e-06,0.005689065848032098,1.93169469565785e-06,2
6.715639018526416e-05,0.008501521763629186,0.9894990196821092,5.74188290151571e-05,4.969196585533797e-06,0.0018643350004535534,5.579138022152731e-06,2
7.827452840388688e-05,0.009908999053219996,0.986816148482771,0.00011039562253451732,5.791876516975314e-06,0.003073887639181914,6.502797371619646e-06,2
0.00020034935245969937,0.03096551969539269,0.9540043633935803,8.21016300000384e-05,3.092022049859712e-05,0.01471296458708293,3.781120985570173e-06,2
0.0006457675732199076,0.03253108360627616,0.8641759861382466,0.0009217367348986692,8.618977052896951e-05,0.10160298771783018,3.624845899933751e-05,2
0.0005487543813910413,0.024046656885653328,0.8605337583434203,0.00024773395676220937,9.198287990970569e-05,0.11450022030592921,3.0893246934323125e-05,2
0.0005576887248089932,0.024438163719959556,0.8719901815740358,0.00031534782541327067,9.348046546993828e-05,0.1025737414662961,3.1396224016177464e-05,2
0.0005049735947338446,0.03703025343611354,0.6550339996770462,0.004200911095272764,7.820906472569464e-05,0.30313219492878085,1.9458203326994312e-05,2
0.0003515656694981207,0.02116887263288723,0.2261818664508352,0.0394654720977039,6.32048998546499e-05,0.7127649218790744,4.096370146533539e-06,2
0.0006460175179750347,0.07476775042695512,0.6120880805818847,0.0008936074145672146,0.00013182718534149012,0.3114476550604773,2.5061812799276593e-05,2
0.0003003534623381226,0.01916977311189339,0.7280487367325092,0.00021129695057548988,6.568916296547972e-05,0.25219840853277603,5.74204694218023e-06,2
0.00032339503509050665,0.020494797689478615,0.7243950290372263,0.0003159689969586931,7.022963169728024e-05,0.2543969217185032,3.6578910455058872e-06,2
0.0005012145188753196,0.03242347070121757,0.8376317787744582,0.00035382867098749635,0.00012100012857017031,0.12896543478987932,3.2724160117966764e-06,2
0.0003110872038530544,0.01833348728872473,0.8249469151220693,0.0003982469645378877,7.019976233102534e-05,0.15593740563429073,2.6580241931377265e-06,2
0.00016957397110439447,0.009723311081706583,0.07564946549466281,3.0831273561672504e-05,2.9323710601912613e-05,0.9143962565514635,1.237916899228496e-06,5
0.00017000041581501538,0.009171033193532034,0.3125242376097021,0.0002516189474711337,2.655251272674798e-05,0.6778553332578927,1.2240628602946646e-06,5
7.635032196058483e-05,0.0065497640968122,0.5819244357537042,2.03443307024063e-05,1.0005374872920935e-05,0.4114185111044938,5.89017453967081e-07,2
4.657451247187345e-05,0.001271613758150334,0.9918316926571737,4.2268610529029774e-69,3.0545379875008463e-06,0.0068455295894702655,1.5349447463518806e-06,2
0.0004512612722274776,0.011148242935067014,0.49387454459476965,0.0008797277589975186,3.2397850658352543e-05,0.49359566044013903,1.8165148140962144e-05,5
0.0004937901370267411,0.011955216918016015,0.5156432739011984,0.00012359082557600472,4.0594566201622694e-05,0.4717236565396704,1.9877112310925628e-05,5
0.000598985117541965,0.015026773244364636,0.230324307818108,0.000606025030831128,6.681613348287938e-05,0.7533532015295806,2.389112609071593e-05,5
0.0004275000128762274,0.011593091353298592,0.22876100569349586,1.80092837501498e-08,4.0065943808989916e-05,0.7591579357503007,2.0383236935982574e-05,5
0.0006082206313867635,0.015412975648122865,0.31104465600645714,5.690712335936971e-09,6.0075510115755175e-05,0.6728468683326801,2.719818052501953e-05,5
0.0006897020280438078,0.016260644098665483,0.38481407974499166,5.9445557239854e-08,8.024829687677488e-05,0.5981265723851902,2.8694000674844393e-05,5
0.00011706558527519043,0.008320649467601651,0.0696166101891483,0.00019844618957716323,3.583186460106453e-05,0.921710174680613,1.2220231837168684e-06,5
2.4837977226145734e-09,1.122456843657952e-07,2.4072008148304817e-06,0.9999949789981123,6.52402246203898e-10,2.498400822866033e-06,1.8365964069484354e-11,3
0.0002930809309758858,0.015641473440971356,0.41183548379347057,0.0002447498566813193,3.69609595060774e-05,0.5719248720321719,2.3378986222838508e-05,5
0.000288132576998477,0.012589162208435882,0.32876795939525205,0.00016201250188498798,3.2965838028008045e-05,0.6581469885533026,1.2778926097941125e-05,5
0.00030885600314953243,0.014153299486656787,0.3220745024323781,3.6906518547193075e-05,3.1700839149218196e-05,0.6633773470415948,1.73876785243329e-05,5
0.00023066123494597327,0.0161243356484414,0.3827235143190207,0.00029649070361215124,2.781929922319911e-05,0.6005894278514403,7.750943316160609e-06,5
0.0001808928364780278,0.011676369345246242,0.17891202154704952,1.4005814681507476e-07,3.1422928167414216e-05,0.8091932426356825,5.910649229368408e-06,5
0.00015442015848740473,0.010118792724136912,0.08953441190224382,0.00015339448174734468,3.125311608444895e-05,0.9000026819592821,5.045658017935885e-06,5
0.00014913648137869094,0.019446877263848774,0.08524047542226909,8.041921139642645e-05,2.2556683911962963e-05,0.8950567418634261,3.793073768848953e-06,5
0.0005288845225569038,0.05409160382145245,0.26763306370683454,0.00014061317745310735,6.546191788596067e-05,0.6775125226591476,2.785019466936996e-05,5
0.0005194988872388938,0.05976434025724461,0.28588569006127806,9.675009671490915e-05,6.29114289243157e-05,0.6536440441569275,2.6765111671837964e-05,5
0.022357606365508445,0.0002811953933842172,2.844010593557496e-07,6.436000215789583e-09,2.567938136250673e-07,1.936616138591298e-07,0.9773604569486204,6
0.052923920320871495,0.0006344366119434154,7.084445026488315e-07,1.3964993120887064e-08,5.571975948606242e-07,4.202117797770836e-07,0.9464399432483147,6
0.0790048882285991,0.0009549252253267262,8.73924310873777e-07,1.9776920191889157e-08,7.533842238533491e-07,5.950948031555645e-07,0.9200379443658162,6
0.098987663545875,0.0010172255822349587,9.309400803122574e-07,2.106718790481791e-08,7.573657919966849e-07,6.339194332391828e-07,0.8999927675793965,6
0.22859198336472605,0.0022962192665414,2.1003148718108256e-06,5.195763374924799e-08,1.9564066353487366e-06,1.563424311188672e-06,0.7691061252652803,6
0.9701053848927638,0.02153640899756253,5.263861682749248e-06,8.432179346654213e-08,3.961009617730967e-06,2.9087091744249757e-06,0.008345988207405222,0
0.9734392883474741,0.023557695058689047,4.647178482265221e-06,9.885113394798097e-08,4.11685863841162e-06,3.0598803650556686e-06,0.0029910938252171344,0
0.9875385643727229,0.010780304352342037,4.661750050689711e-06,6.155692235061396e-08,2.605507302999178e-06,2.3934849820073658e-06,0.0016714089756772264,0
0.9862633594220384,0.011653243204948401,4.655730349831477e-06,9.531693366312907e-08,2.6021428209103804e-06,3.0505377700199136e-06,0.0020729936451388577,0
0.9580953273578193,0.0418689989645386,1.0712389778799875e-05,9.372124885220711e-08,4.150399378786072e-06,4.2726541536311715e-06,1.644451308217512e-05,0
0.9571646780780572,0.04279974024871101,7.0169659215041865e-06,8.872566277268299e-08,4.239361599940162e-06,4.139337959727982e-06,2.009728208779638e-05,0
0.951621879841705,0.04833944394524196,7.3679095056756116e-06,9.316315077672257e-08,4.694193674842524e-06,4.346361068566505e-06,2.2174585653207226e-05,0
0.8426398208184913,0.15732506554643758,7.347151892538428e-06,1.0460609013642759e-07,7.413862710237292e-06,5.31036092301096e-06,1.4937653455202442e-05,0
0.717929478769794,0.28182659605573684,8.382533474992977e-06,1.307801377236474e-07,0.0002241844860002071,7.139971746516717e-06,4.087403109984041e-06,0
0.8094224357176896,0.1902628162262678,7.822073356183306e-06,1.248412101407667e-07,0.00029766863979029026,6.082962330871171e-06,3.0495393548944477e-06,0
0.6059649392671459,0.3939084839994212,1.9634297829422056e-05,2.357803016547922e-07,8.85854405832223e-05,1.0818830116306329e-05,7.3023846022537105e-06,0
0.5874667558996518,0.41240293170362985,1.9949424522627238e-05,2.395645300203238e-07,9.171135094617779e-05,1.0992470252995675e-05,7.419586466675483e-06,0
0.6548926341004558,0.345065835740688,1.6880322655782047e-05,2.0270893323449537e-07,1.0391581163650227e-05,8.381725458128847e-06,5.673820645296803e-06,0
0.7418058140781175,0.25815267548122434,1.2347855549919262e-05,1.8563060467124833e-07,1.3873076604038724e-05,8.57338924082985e-06,6.530488658737348e-06,0
0.7514050517264127,0.24855447815128687,1.256553177928929e-05,2.0319590390297924e-07,1.259716674076703e-05,8.375685579150383e-06,6.728542297252727e-06,0
0.7508357666939458,0.24912172165987284,1.3165652100373942e-05,2.129003870267519e-07,1.2601543224770835e-05,8.334217652051549e-06,8.19733281723703e-06,0
0.8646467276861112,0.13529846176705665,1.0620999033859095e-05,1.1184984768297538e-07,4.780865445181926e-06,4.3533433452139464e-06,3.494348916010105e-05,0
0.1576605088104074,0.1634386904323136,4.777107568519137e-06,4.235949246489352e-08,5.258373879205012e-06,2.7143012597148962e-06,0.6788880086150791,6
0.05412380535342507,0.02215262757404613,7.739090194340019e-07,1.2312121001503207e-08,1.2685739155445115e-06,7.891311736405571e-07,0.923720723146299,6
0.6400750870266905,0.34086423907679203,1.4209579612175988e-05,1.2599895896793895e-07,2.361388746079041e-05,8.073730659848733e-06,0.01901465069982561,6
0.48631442061709346,0.5098043609764127,1.3047052955220835e-05,1.818415728797337e-08,2.1369160221396292e-05,7.412892464125619e-06,0.003839371116695786,0
0.4307413155599419,0.5672027730120417,1.1097715535180317e-05,2.107346253651951e-08,2.5332019613190206e-05,7.4323698560697795e-06,0.002012028249549217,0
0.4116275820251126,0.5876572495967147,1.1218076465756554e-05,1.0952273193405667e-07,2.1658960315356164e-05,5.831345465828775e-06,0.0006763504731938417,0
0.4424418403387416,0.5562800926584534,1.0911922291021616e-05,1.7926704863774604e-08,1.9856061174518882e-05,7.307940273876122e-06,0.0012399731523606713,1
0.41621118382608385,0.5837497433182006,9.921529468927849e-06,1.0901997293583523e-07,1.6465098211221916e-05,6.0614810447130134e-06,6.515727017627874e-06,0
0.3611802295701175,0.6387511898125608,8.53028835556121e-06,1.5516567790021732e-07,0.0,7.860268502138706e-06,5.203489478600993e-05,1
0.11855337523748223,0.8814007299761215,1.090723598638459e-05,1.0892426016311263e-07,1.933319745085936e-05,5.348857133958384e-06,1.0196571564885955e-05,1
0.08066664893357545,0.9192988276747718,9.10192421688914e-06,2.705885986909736e-08,1.4582283044595571e-05,4.579399547264434e-06,6.232725984093657e-06,1
0.17232627386481736,0.827633202408845,1.320523362369453e-05,4.0638890759648365e-08,1.5943932889979933e-05,6.877662948341767e-06,4.456257984796272e-06,1
0.2266039300994455,0.7733462633076569,1.413027060559461e-05,4.784799778094694e-08,2.321512322102001e-05,9.150174152376e-06,3.2631769207208323e-06,1
0.3314242064612842,0.6671382060232848,1.2921831964970513e-05,1.4653727207347028e-07,0.0014076820437730825,8.886756410368829e-06,7.950346010381273e-06,1
0.3918097004683665,0.6057086463415703,1.9253594801300112e-05,2.0080870319849393e-07,0.0024391259078644627,1.2178048664044617e-05,1.0894830030161454e-05,1
0.35316717082064225,0.6367359470351149,2.1836409658519335e-05,3.171373866218041e-07,0.010039104385110662,1.5466656420291306e-05,2.0157555666726804e-05,1
0.33491548204779925,0.5786875311965084,4.5130270910916255e-05,2.743178228290734e-07,0.0862761079706429,6.492915148707834e-05,1.0545044828656468e-05,1
0.407640820305381,0.4861972453274399,4.110668339675755e-05,2.3067772287993125e-07,0.10605284089405906,5.385193418305417e-05,1.3904177817436026e-05,1
0.41427794100669735,0.515697089183926,0.000759533655581419,2.875948567214218e-07,0.0679634120161517,0.0012976537606369872,4.082782149775232e-06,1
0.3183509475067283,0.6797534416332381,2.2748971887111672e-05,8.88853207551568e-08,0.0018481332389134214,1.661746117113662e-05,8.022302741043896e-06,1
0.38384752873878814,0.6145675314430217,2.3138464239912308e-05,1.4369393942046197e-07,0.0015351213837728683,1.938246795872726e-05,7.1538082794296025e-06,0
0.3304466372358728,0.6683053704510765,2.3215148955047228e-05,1.4048659824183254e-07,0.0012042644016790737,1.66636933960581e-05,3.708582422220055e-06,0
0.29822347499364155,0.6956977784157992,3.249033999379522e-05,2.62876366307389e-07,0.00601983589420067,2.1398697396900087e-05,4.758782601481229e-06,0
0.0999762701780956,0.8945041985809193,2.597688358111672e-05,1.6021226925913303e-07,0.005475871685659955,1.4345367857409102e-05,3.1770916171035096e-06,1
0.16331024977027625,0.8300453930208096,3.041981138558799e-05,2.0556687175674293e-07,0.006592726405205901,1.6928928762856537e-05,4.076496688004496e-06,1
0.16339779368363927,0.82988066499529,3.0413774371819396e-05,2.05526075644649e-07,0.006669920763838537,1.6925569104417717e-05,4.07568768014047e-06,1
0.13371263325757432,0.8528399680553203,2.6822191397955263e-05,1.7340090733971743e-07,0.013403359678481825,1.316761191058785e-05,3.875804407735816e-06,1
0.43946582554081604,0.5012253048772093,0.0002894122665776107,2.812102133228819e-07,0.058427098549471666,0.0005862073951657652,5.870160546390083e-06,0
0.21742344928810364,0.7321721473677635,0.0008905089444681503,1.747525682522784e-07,0.049109353459186184,0.00039948472761152493,4.881460298912513e-06,1
0.10182474433429586,0.7452236555799939,0.00023022243377312927,1.459885244272841e-07,0.1526423869184405,7.513904009623938e-05,3.7057048759690234e-06,1
0.05911780671359395,0.9066329835102366,2.3750048956041093e-05,1.5059839911726078e-07,0.0342094140900675,1.0802853730884306e-05,5.092185015893434e-06,1
0.05921772404502279,0.9086002900428436,2.5651070777992962e-05,1.5004721829854138e-07,0.03214034793024857,1.0763315954926549e-05,5.073547933941816e-06,1
0.064776756040582,0.9115635018049928,2.6637493290392382e-05,1.5903578238582856e-07,0.023616160055665386,1.1408091355294758e-05,5.377478331794468e-06,1
0.062068424259687754,0.8798516877086417,2.6595216959355323e-05,1.5878337690196472e-07,0.05803637510200314,1.1389985588307613e-05,5.368943742911754e-06,1
0.1354940266065284,0.8386444787578079,0.00014834718162155393,1.6631717926847636e-07,0.024414032102124766,0.0012907947732884,8.154261449712029e-06,1
0.1504185380112934,0.8470888800817415,0.0004550807023024457,2.2590439882579293e-07,0.0014938651321187001,0.000520749523058733,2.2660645086384117e-05,1
0.13676738569863361,0.8606493243855589,0.0004898086265615744,2.2952074191598778e-07,0.0017123691379887292,0.00035785922725459034,2.302340326065366e-05,1
0.17639522795530588,0.8183868153456121,2.7752213848972738e-05,1.9431358248205992e-07,0.00516518725804656,1.742964131365933e-05,7.393272290434657e-06,1
0.1970322829720871,0.8008637305791327,2.9702155193297318e-05,1.9177644436010754e-07,0.0020495937144912315,1.7202063771914797e-05,7.296738879159777e-06,1
0.0899654928731943,0.905165236681676,2.36111860962915e-05,1.6346162770957544e-07,0.004818018918958179,1.553142926690191e-05,1.1945449180684958e-05,1
0.22531158772524346,0.771841477045689,2.3427272292921214e-05,1.4367679686938498e-07,0.0028039529029859787,1.228273367476771e-05,7.128643317238726e-06,1
0.2936674405121778,0.7028220963410171,2.3945070903362702e-05,1.893881688688236e-07,0.0034630675727398315,1.5302830587247946e-05,7.958284405865304e-06,0
0.3092745045318274,0.6870169243343345,2.1584397487491904e-05,1.8512917843499123e-07,0.0036655503527325845,1.495869816614202e-05,6.292556273669603e-06,0
0.2922354703159359,0.702252797733015,2.1250697550017878e-05,1.7692902954944365e-07,0.005469994377347786,1.4296114595398168e-05,6.013832526548905e-06,0
0.2893463387078235,0.7045564522148386,2.2337260962111048e-05,1.7573771174577934e-07,0.006053046049210436,1.4199854440215642e-05,7.450175013429123e-06,0
0.28889903830044694,0.7034672786330926,9.840048731673202e-05,1.754660388764893e-07,0.007396650550246134,0.00013101790506835897,7.4386577903897165e-06,0
0.37546471967423123,0.6215126464318783,0.00019810001545073774,2.0235390578919848e-07,0.0024196473873221705,0.00039269600589801504,1.1988131313665697e-05,0
0.0005586766161514836,0.0603476537711273,0.9142074680123078,1.5935059715389002e-06,3.281005322629823e-05,0.024837022527786575,1.4775513429139895e-05,2
0.0005948926877308613,0.06581653651620581,0.9050521858057884,2.1997783989226707e-06,3.5762372875468546e-05,0.028473977236516394,2.4445602484005313e-05,2
0.00041762148198071957,0.057700718270737875,0.9020614956149009,0.0001978261134218335,3.1951340461153396e-05,0.039578015225901285,1.2371952596297056e-05,2
0.00014181884260749698,0.017399288428958968,0.9260826931950205,0.000872705399637408,3.505340729689096e-05,0.05546262475685412,5.815969624611694e-06,2
0.00024737401453698606,0.027576125909146314,0.9178289920510937,0.0015845628342160626,6.57604683630188e-05,0.05268975585422965,7.428868414397295e-06,2
0.00021948084605108724,0.021810672196632273,0.9410741476771606,0.0010718742036225342,5.468940392524815e-05,0.035763037693559784,6.097979048714582e-06,2
0.00011553882975442887,0.014346643333490026,0.9184542078074562,0.00026442205413350627,1.1383653750103554e-05,0.06680687730103992,9.270203757760114e-07,2
0.00012114855068882383,0.016833041465668396,0.8743533472516927,2.7366440702763506e-05,2.3758684657083837e-05,0.10864070243585816,6.351707321365847e-07,2
0.0003120858753663021,0.013677197035301073,0.4132704967567984,0.47075940909235603,5.6532366046702925e-05,0.1019215261068022,2.7527673293482408e-06,2
0.00016873809839136416,0.011630925834813339,0.07017360222559349,0.00030603063935518733,7.432786457263699e-05,0.9176446659661934,1.7093710806576353e-06,5
8.70358647024349e-05,0.006122694815004311,0.09417970619419015,0.0001724376508546269,4.508069745013897e-05,0.8993922110136034,8.33764194843928e-07,5
6.435154908040596e-05,0.004714196886973379,0.027666615199336216,7.450425197539133e-05,2.3411415467707326e-05,0.9674542647630745,2.6559340924389857e-06,5
0.0001249586710982254,0.010131005792927096,0.24767598669671706,8.140204381844972e-15,1.7336640356855803e-05,0.742047772207518,2.9399913746204966e-06,2
0.00017687659871545882,0.010592689057875975,0.20350705327693805,0.007887924331362836,2.348705743370794e-05,0.7778052591626705,6.71051500348691e-06,2
0.00018198908480166222,0.011849421200586612,0.9646547382487085,0.00010438400588493774,1.558030659150615e-05,0.023182758759834023,1.1128393592755848e-05,2
0.00018844760930808536,0.010522350119926175,0.9647479815911904,9.461385561341102e-06,2.0352017465497274e-05,0.024500484812245267,1.0922464303301596e-05,2
0.0001559984471822843,0.009591153422552904,0.9295608374802704,5.185676437973838e-09,1.9996503692026645e-05,0.06066346978289517,8.53917773073633e-06,2
0.00011859100603020108,0.008397760416603109,0.941972327283774,7.123747315856403e-05,2.148828075784572e-05,0.04941162230413773,6.973235538475433e-06,2
0.0001450270300256257,0.007843594211217568,0.9180716298532027,4.0397042689104035e-05,2.841237537364228e-05,0.07386593543566174,5.004051829602564e-06,2
0.0001343835985769751,0.009699201626112175,0.9168295056826536,9.612371786684613e-05,2.5304081184689292e-05,0.07321019454566648,5.286747939078015e-06,2
0.00019443451337240243,0.012886811666517445,0.7826947088765625,0.0002747204959648099,1.9812919633382947e-05,0.2039237582986688,5.7532292808613314e-06,2
0.0002780416794086606,0.02277164197336102,0.5044285257122085,0.00044790304992833933,3.628497569569304e-05,0.47202728917460224,1.0313434795712974e-05,2
0.0001205764274835,0.0293576708393426,0.8840102535858873,5.08018737519238e-05,2.5046124186113585e-05,0.08643334584887945,2.30530046914303e-06,2
0.00010902591945121347,0.03293312620924525,0.8765601085062198,3.830298665764645e-05,2.2845057521611557e-05,0.09033449061979615,2.1007011085126585e-06,2
0.0006755941906861056,0.10081270828569673,0.803380470718317,0.000415893195394675,7.628794177595687e-05,0.09461508557183526,2.3960096294359342e-05,2
0.00038539886543157174,0.04774639409533682,0.6719622324640369,0.00012718931998406682,5.6213066263735654e-05,0.2797163246472741,6.247541672871654e-06,2
0.00019518351176743413,0.024615791404867415,0.8367277171230492,0.0001906784683380302,3.711412923304005e-05,0.13822416203147347,9.35333127148655e-06,2
9.755304838309991e-05,0.015193359155640523,0.9720355897291,0.00011575755141052363,1.6380667647593663e-05,0.01254054032522737,8.195225911312423e-07,2
0.0,0.0,0.0,1.0,0.0,0.0,0.0,3
0.0005349793474619788,0.025765683893325734,0.9005465340047578,0.0003790786347255784,9.2122375721736e-05,0.0726485049943474,3.309674965982582e-05,2
0.0003766320754799276,0.017416112500369903,0.5871319180898846,0.0004453071453896761,9.079374184978068e-05,0.3945331002566402,6.136190385767955e-06,2
0.000752090453092999,0.044717952925325766,0.7260373258947541,9.770008152187466e-05,0.00016304087973940034,0.22820516954462403,2.672022094180619e-05,2
0.0002737514962514092,0.022603733277598386,0.4438541197197664,0.001067657855375463,4.965974244234886e-05,0.5321398784831507,1.1199425415353985e-05,2
0.0003004776985511552,0.01930002060586148,0.636090983080778,0.14502665262551687,5.540659524489385e-05,0.19922297176025391,3.4876337936245724e-06,2
0.00022113328699089127,0.01911171220254316,0.13470162647642692,0.00013921016152019047,4.5124749713749514e-05,0.8457726144064575,8.578716347547386e-06,2
0.00024806310269846364,0.018199126260037536,0.17273560919032277,0.00011910505498225066,4.3738663004180786e-05,0.8086453354220363,9.022306918587563e-06,2
0.00029336340544809956,0.018843061556497176,0.7839110835239066,0.002958966068843539,5.4094754930903266e-05,0.19393602563192322,3.4050584505505135e-06,2
0.0002916078373356197,0.017185498191080947,0.8450955075095354,0.0003255701590330421,6.580405950896786e-05,0.13703352065697672,2.491586529263916e-06,2
0.0002778979169573252,0.01470550995748402,0.8780117428509915,0.0006030709080597387,6.49708057631173e-05,0.10633493002674704,1.877533997584958e-06,2
0.00020698670359545147,0.01219142822596254,0.10532615437304836,8.444957546929775e-05,4.93170476866152e-05,0.882136136071889,5.528002348711271e-06,5
0.00022551292239889425,0.010319348622031354,0.08477251044146066,5.602196649817343e-05,4.215382662003679e-05,0.9045814038654811,3.0483555097491263e-06,5
0.00020377116855274804,0.011663195725685362,0.08729877557567733,4.999661895576242e-05,3.701467292192284e-05,0.9007430386958687,4.207542338228379e-06,5
6.87219126531598e-05,0.005785011137023211,0.32001255465492384,1.3096877594060488e-05,9.466079613512086e-06,0.6741107467142435,4.026239488037634e-07,5
8.769862241770518e-05,0.007850577989074748,0.6372733567213924,5.271986317099785e-05,1.4412406050484093e-05,0.3547205506320137,6.837658799874412e-07,2
3.875734386992297e-05,0.004872047030777111,0.9864971330651583,5.2633771479013305e-05,4.463087280855488e-06,0.008533826673052821,1.139028381843718e-06,2
0.00045712022449564277,0.011189701588331382,0.4928561892183905,1.4968827886480671e-05,3.251833343440782e-05,0.49543126910584323,1.8232701618461562e-05,5
0.0005833093074780029,0.01760730195825288,0.44391087022982373,0.0001620051104778137,8.008410029431821e-05,0.5376253589417729,3.107035190037524e-05,5
0.0004572330820789049,0.010514997484405294,0.34353051923198874,0.0008425680827210554,6.494179703101232e-05,0.6445841981132054,5.542208569539886e-06,5
0.0002902543814856076,0.00847542624299941,0.613610535548096,0.0005305813719739989,3.991376299244662e-05,0.37704559251654896,7.696175903632191e-06,5
0.00029688393254819986,0.011469499997002324,0.477118286248887,0.0005315360837443147,3.57221139143591e-05,0.5105401765693526,7.895054551155e-06,5
7.0967970897341e-05,0.004994467396879312,0.04514913746499808,9.619614354472713e-05,1.3085215121376475e-05,0.9496731509395616,2.994868997541489e-06,5
0.000533248927962596,0.03579898194531256,0.43253459972700037,0.0013355940051550717,0.00012566204923085284,0.5296646719347773,7.241410561333624e-06,5
0.0006154350561033254,0.048928921524259525,0.6200055694220062,0.0011148621965092087,0.00011352303002785086,0.329196086690914,2.560208017989412e-05,5
0.0002645319022433797,0.015792508965341664,0.28606327607181753,0.00020365383907633962,3.786400597551623e-05,0.6976232728526686,1.489236287698526e-05,5
0.0002961592353631754,0.0176806553008437,0.27400865870431357,7.017821130650753e-05,4.239101205713355e-05,0.7078852846480257,1.6672888090227574e-05,5
0.000198189321248886,0.012230303042428855,0.23954067070412735,0.00013031625361761172,4.1969359862851246e-05,0.7478506067433565,7.944575358017545e-06,5
0.0001660813584021425,0.021656430155802403,0.08473020457591583,8.955643680792882e-05,2.4173402620154532e-05,0.8933293300278952,4.224042556363944e-06,5
0.0001677243338281872,0.021870668423746232,0.07775349950591469,9.957816893480061e-05,1.9591556954312886e-05,0.900084672181328,4.2658292938126326e-06,5
0.0005507786358618322,0.06341580880227086,0.24932436505700634,0.0002127264032559677,6.736915977110508e-05,0.6864060504155512,2.290152628264105e-05,5
0.00046649029975391295,0.04789014534169299,0.3269018774654527,4.9397347271915226e-05,6.716067534626313e-05,0.6246020982165623,2.2830653919808242e-05,5
0.0004739548538618465,0.010070960918167454,0.7344647003294864,0.019782001092072718,7.817881803064844e-05,0.23511447461663762,1.5729371743357568e-05,5
0.029719730267576388,0.000372204901380098,3.4063286141713377e-07,7.70852673527981e-09,2.9364948511514574e-07,2.319524049064061e-07,0.9699071908877653,6
0.05882017328937723,0.0007308449008800005,6.506480872254074e-07,1.4724175919990824e-08,5.609044148295571e-07,4.4305586945374745e-07,0.9404473124771953,6
0.20474261526150964,0.001863635382042784,1.920043302298535e-06,4.345060857337095e-08,1.6360841090865493e-06,1.3074447944915178e-06,0.7933888423336333,6
0.9515267673808576,0.003988133380343096,5.882495417761262e-06,6.345123211614722e-08,4.3493392264891495e-06,2.9519425210223524e-06,0.044471852010401984,0
0.9789077942173681,0.018265469915680694,5.066407886634591e-06,1.2114705039679646e-07,4.3410396412385445e-06,3.0381717666585396e-06,0.002814169100606306,0
0.9692228715699608,0.024813225645019796,5.556039878544478e-06,9.573632615012163e-08,4.33071645274734e-06,3.7613742108274973e-06,0.005950158918151065,0
0.977937709520684,0.00636678120369745,7.03514241281748e-06,1.1263417631032826e-07,4.7147953482145736e-06,4.5276765685242e-06,0.015679119027112925,0
0.8267593281195248,0.17320443437578123,8.410204124699608e-06,1.0634239119370908e-07,7.1000734855377756e-06,5.43528904335044e-06,1.5185595649139205e-05,0
0.7621665420738062,0.23777559663744913,9.748380495993885e-06,1.3913478819585922e-07,3.4454958440695006e-05,7.0632210926063615e-06,6.455593927096867e-06,0
0.4890756814695853,0.5107342765757357,1.0947245114827726e-05,1.5586291476976512e-07,0.0001675887281933809,7.156739313166807e-06,4.193379142872756e-06,0
0.8299950734561378,0.16991188680003413,1.1197012538558521e-05,1.309365715986104e-07,7.206861632392271e-05,6.012199315502815e-06,3.6309790784419375e-06,0
0.7413291892555222,0.25862802720898637,1.3584107023795177e-05,2.1447355453562802e-07,1.3887298789228877e-05,8.569857584656787e-06,6.527798539353183e-06,0
0.7478924895627747,0.25206589251308004,1.3745578939853897e-05,2.1574192015628703e-07,1.0711953612466256e-05,8.79808058430183e-06,8.146569088433248e-06,0
0.8707993312709171,0.12916701666619643,1.0647670099200256e-05,1.2028318494192184e-07,6.436548811297799e-06,4.7856086230759204e-06,1.1661952167993618e-05,0
0.37862825561839136,0.6206319129719455,1.2367611624183644e-05,1.1483261779461948e-07,1.3959103649193904e-05,6.114061010723186e-06,0.0007072758007610813,1
0.2469660436615527,0.752866689001563,8.879863046764789e-06,1.001375363252963e-07,1.939963796540379e-05,5.5676199686573885e-06,0.0001333200783670852,1
0.38017479091587697,0.619788755700703,9.256383011284256e-06,1.0171119569158367e-07,1.53612662078754e-05,5.65511500431659e-06,6.078908001132411e-06,1
0.35016631503341866,0.6498059527177567,8.67792066809178e-06,1.5785110503924816e-07,0.0,7.996304890090985e-06,1.0900172161345786e-05,0
0.07604299915308155,0.9239229633678259,8.973815734961169e-06,2.6678009690835064e-08,1.437703917534639e-05,4.514945052790277e-06,6.145001120090324e-06,1
0.2514470392699675,0.7485065552379498,1.4144442742804563e-05,4.204962434139343e-08,2.1238398388152304e-05,7.116413315386305e-06,3.8641880119928726e-06,1
0.3207220021518075,0.6792155057085957,1.3161217635379861e-05,3.9126621494125635e-08,3.91410573481209e-05,7.482348630435468e-06,2.668389361451011e-06,1
0.34639751439217703,0.6535025566336725,1.3275949673962785e-05,4.0691396588467224e-08,7.518659076202306e-05,8.65063714368286e-06,2.775105174249509e-06,1
0.3540324331187928,0.6435358613689223,1.986427668707234e-05,1.9069140675410794e-07,0.002389740140777308,1.1564484976386571e-05,1.0345918437333795e-05,1
0.4078641189426161,0.5873237050816155,2.3132798655580524e-05,2.593495729555256e-07,0.004758608719791572,1.2405224966509894e-05,1.7769882781698306e-05,1
0.33727634378296195,0.5974913467631318,4.2980870121636586e-05,2.7625152397430094e-07,0.06511638069643963,5.980709790045853e-05,1.2864537920562019e-05,1
0.3052911643878202,0.692634155517447,1.9309723503224753e-05,1.6014799024759697e-07,0.002025824580783764,1.72705102254865e-05,1.2115132230142312e-05,1
0.4716793289607499,0.5268106578665543,1.799413034271039e-05,1.237694104781876e-07,0.0014663081342353136,1.6885147253954854e-05,8.701991453324477e-06,1
0.28722290018238583,0.709785380450001,1.7304996715237958e-05,1.9574441352556568e-07,0.002956037894989942,1.4970016736125771e-05,3.2107147582691553e-06,1
0.21080916745023515,0.788993008992701,2.024078655559765e-05,1.4923278522751674e-07,0.00015923199879592194,1.4594260831824278e-05,3.6072780952412206e-06,1
0.36366211293909445,0.6362206865250266,2.259690078802896e-05,1.7242151421554116e-07,7.517202348682132e-05,1.5264297752990668e-05,3.994892336999844e-06,0
0.13795494191690952,0.8574642626545635,3.282568500124612e-05,1.7552526248894027e-07,0.004529992758605192,1.4320703517180733e-05,3.480756140726816e-06,1
0.10856303112228453,0.8873631571287113,3.177439114894618e-05,1.642425833133969e-07,0.004026319586849895,1.2296513606365161e-05,3.2570148155907953e-06,1
0.10627688854035379,0.8828220075266527,2.740466935817031e-05,1.8708426894794403e-07,0.010852639410322903,1.509871970569414e-05,5.7740493378996945e-06,1
0.20551164089062626,0.6865204292599262,0.00021993263626687485,1.9397223797228394e-07,0.10762454690540213,0.00011882077909278684,4.435556447860863e-06,1
0.43511804006260363,0.5048132006808743,0.00027421900305220993,2.764397790229137e-07,0.059200551160969325,0.0005879420732496645,5.770579471841179e-06,0
0.22895013366533107,0.7213769414331398,0.0002693232647895183,2.17407354749861e-07,0.049140066204274885,0.0002584335119699749,4.884513139873774e-06,1
0.2199431783080788,0.7387688154942001,0.0005259967294659452,1.770014156075694e-07,0.04035226259098718,0.0004046255972545469,4.94427859791067e-06,1
0.10233898387239761,0.7991103564742147,2.637099214838301e-05,1.559416676504414e-07,0.09850767372090985,1.1186141659223053e-05,5.272857002581495e-06,1
0.07273067284973575,0.8974515015848671,2.784974783984903e-05,1.6069372738501815e-07,0.02977184475569988,1.2536829689093098e-05,5.433538440876206e-06,1
0.0842663680651124,0.6088503381480824,0.0004459482773102914,1.5773627343137375e-07,0.30501886360360614,0.0014100054758933354,8.318693721971238e-06,4
0.1157082256153955,0.6834136642774195,0.0006531502143905648,2.005558894588284e-07,0.19867792477013002,0.0015370016369170621,9.832929857996943e-06,4
0.13655797918539903,0.839559337956582,0.00015780947189822416,1.6762316740850736e-07,0.022415556867675435,0.0013009306033484286,8.218291929250435e-06,1
0.09046351474568268,0.8523550695881784,0.00024217265072474774,1.3857556193484078e-07,0.05616906157116411,0.0007646554365472551,5.387432140876466e-06,1
0.1991430558656827,0.7991173036102033,0.0003622081770145251,2.2099636142904258e-07,0.0010648313717906625,0.0002902116628908409,2.2168316056508844e-05,1
0.1621831323844258,0.8354093269484213,2.4503555015735623e-05,1.0771281441819128e-07,0.0023580973494670967,1.743605641829431e-05,7.395993437386822e-06,1
0.08808394518950498,0.907646023062293,2.5444760199382904e-05,1.5805108309259537e-07,0.004219422478692156,1.3456400837810273e-05,1.1550057389549758e-05,1
0.11541051675406473,0.8805562002232035,2.8678351663425053e-05,2.0708378960561602e-07,0.003971633293399602,1.7631024257602757e-05,1.5133269621373251e-05,1
0.2907913952320953,0.705463244265719,3.1742344048299794e-05,1.889708723777238e-07,0.0036878983783652027,1.615486249887772e-05,9.375946401094062e-06,0
0.29200103565019647,0.7042317834810283,2.4467360005504653e-05,1.878515536287474e-07,0.0037194532730399107,1.5178669913235851e-05,7.893714263094751e-06,0
0.31072745857641615,0.685485581496712,2.270161797691827e-05,1.890091009203119e-07,0.003742372663266608,1.5272201363512496e-05,6.424435163765417e-06,0
0.3117328709313087,0.6844856930181806,2.266850409841833e-05,1.8873340143450336e-07,0.0037369138244385167,1.5249924457043003e-05,6.415064115161745e-06,0
0.2923205228279304,0.7024571821098936,2.1256882374900056e-05,1.769805231562658e-07,0.005180545341128241,1.4300275351300883e-05,6.015582798555736e-06,0
0.00017117940820348193,0.0274991165094459,0.9195568608797285,0.0003967653847071659,4.3839102229739375e-05,0.05232668735032122,5.551365363984412e-06,2
0.00016835899122556145,0.027442503324060768,0.8842415278152337,0.00023176665818483685,3.9005725570526834e-05,0.08786993310855586,6.904377168752682e-06,2
0.00016639391101023156,0.02300296773644459,0.9164081991624685,0.000594970057570285,4.152285277626632e-05,0.05977912249020863,6.8237895216378685e-06,2
0.00010969662079137148,0.011040269958918318,0.9664746469068752,0.0011591191520780616,1.8223377038459195e-05,0.02119193641068274,6.107573615706055e-06,2
0.00036226449692495057,0.022159780948107357,0.7509261000648263,0.00035286991324054597,5.246959325509957e-05,0.22613924794614565,7.267037499881019e-06,2
0.0002844712886498423,0.013788589179208725,0.6138033234019891,0.00042073800790368187,5.537554978017522e-05,0.37164315809677695,4.344475691529752e-06,2
4.511051770628366e-05,0.007630667672476851,0.9779608958826167,4.484177540309338e-05,6.417788149450554e-06,0.014307561857602714,4.504506044872033e-06,2
7.455199807802595e-05,0.017148480449313,0.9428212250435304,2.867763615290419e-05,1.0403856516009441e-05,0.03991603250146702,6.285149425980165e-07,2
0.00016978739419240568,0.022313059813439923,0.9036830690590474,4.686871424905019e-05,2.4108026458721668e-05,0.07376218989696548,9.170956471382819e-07,2
0.00017525130937596389,0.012702172909155013,0.091715705517135,9.032527147983473e-05,6.772527498852641e-05,0.8952455818438885,3.2378739771440535e-06,5
0.000274639939416995,0.019981657625169527,0.3218907398492006,0.0014772316846025195,0.00011042276713740322,0.656262493632344,2.814502128964841e-06,5
7.827496084990271e-05,0.0052467416647207716,0.044463608007629205,0.00014065383419583258,3.659434107727954e-05,0.9500334127111435,7.144803835265024e-07,5
5.417949946347212e-05,0.004034970532134769,0.04066653006213262,5.5980685137518865e-05,1.8695723451891346e-05,0.9551672675066752,2.3759910045132357e-06,5
0.00024841340927870176,0.020299366190039542,0.23925985881580997,0.0008917113208809567,7.191115590268316e-05,0.739211014775623,1.7724332465088105e-05,2
0.00014744512436247592,0.013262897351110402,0.8798641709994606,7.335895346980402e-05,3.661542863615331e-05,0.10660410367857048,1.1408464389894996e-05,2
0.00024022870725679677,0.016221387138058874,0.8046225029615544,0.00012195641238886128,5.1257187249786376e-05,0.17873355880697592,9.108786515294352e-06,2
0.00011933307933149967,0.010307745684485043,0.7461300384830498,0.00014651803169747824,3.039993466179039e-05,0.2432598249323721,6.139854402144385e-06,2
8.837049533011721e-05,0.013500447577168711,0.9085858555975648,3.2903593115550956e-05,1.8654642368256814e-05,0.07777049958696804,3.2685074844643013e-06,2
0.00011683997195912883,0.03184707258944195,0.897132328471018,0.0003688803077589962,2.3893576138465047e-05,0.07050872739618087,2.257687502608309e-06,2
0.0004005620558164931,0.06449699144412453,0.882865526422693,0.0001986104087236841,4.044202091722008e-05,0.05198366162647517,1.42060212499502e-05,2
0.00011751135336100752,0.018506206171211837,0.969320907610914,0.00014400749439034567,1.8379062456846977e-05,0.011891990613860544,9.976938054714048e-07,2
7.144550655764932e-05,0.009431761120270221,0.9876278097753138,0.00010003755229946283,8.505921892811146e-06,0.0027582562940770537,2.183829588958192e-06,2
5.7894750607371524e-05,0.007411018802713965,0.9908702676214424,4.801382770112965e-05,6.266831642079715e-06,0.0016027428226820081,3.795343211086639e-06,2
0.0001852014889479355,0.02434269265176739,0.9665512252024122,0.0,1.9276661817455442e-05,0.00889565012465467,5.953870400165678e-06,2
0.00019581538716948067,0.028384571938267735,0.9599122487925146,4.9132888822665606e-09,3.5948167395128875e-05,0.01146836945831813,3.041343045995535e-06,2
0.0,0.0,0.0,1.0,0.0,0.0,0.0,3
0.000575809873173978,0.04182431933785645,0.7928640311619379,0.00038162804114646727,6.0043618167633565e-05,0.16427068622985613,2.3481737861382404e-05,2
0.0006780885050572568,0.04574469743206119,0.8302348390362617,0.00029497674327631985,9.355381295748378e-05,0.12291189420519254,4.195026519351862e-05,2
0.0008204325472919748,0.058254710457312155,0.7822281767975586,0.0003951589387243493,0.0001439655351145749,0.15813247183118434,2.5083892813716394e-05,2
0.00035249769498825847,0.023028096367671627,0.7334162431279004,0.0013314426741452671,6.610917370298014e-05,0.24180056879491768,5.042166673809643e-06,2
0.00034884781206430046,0.029657968925650938,0.12858446102590043,0.4178272960245002,9.451167738797911e-05,0.4234843350465113,2.579487984773137e-06,2
0.0003070079918800386,0.026876506896868713,0.2775537735795631,0.00014274948936501868,6.474831676660139e-05,0.6950429043510549,1.2309374501695509e-05,2
0.0003044095081234729,0.05487083029617745,0.796392525861191,0.00014639676535911663,6.661201001736251e-05,0.1482150816631782,4.143895953151395e-06,2
0.00024113100476943046,0.014217029826759,0.9216996458210116,0.0004496547738548727,5.440918097005792e-05,0.06333644245947519,1.6869331598439802e-06,2
0.00025889692742315476,0.015264504632039261,0.904052410480357,0.00034783454282769305,5.8417911832730815e-05,0.08001612428339105,1.8112221291055162e-06,2
0.00023695075229875656,0.012573551279115663,0.5818771393041434,0.2934621591902188,6.088837746786215e-05,0.11178776986532547,1.5412314300803858e-06,3
0.00022908655548648123,0.014733379000683573,0.09310335931848752,0.0003002490367454616,6.06395412433942e-05,0.8915703445272553,2.9420200982789845e-06,5
0.00015781337969363087,0.02358767565615408,0.07047448467241389,2.5167392337486123e-05,3.089057127654905e-05,0.9057228283966136,1.139931510791441e-06,5
6.582245160882967e-05,0.007099747640825919,0.9713020850668885,0.00014118867795845315,8.205179067196945e-06,0.021382125999945226,8.249837058921395e-07,2
5.237079929377595e-05,0.005114944433723267,0.9833257851895948,4.7378865542337766e-05,6.743588538353836e-06,0.01144833364242602,4.4434808811760595e-06,2
2.4712025931983577e-05,0.0012854532006181553,0.9978346490838966,1.2115279898217195e-05,2.1635967216736e-06,0.0008397649426175085,1.1418703157982125e-06,2
1.9928818111964194e-05,0.0009263306796719737,0.9978490826010634,8.891282849277024e-06,1.760687295433462e-06,0.0011930617948922608,9.441361157787821e-07,2
2.7496883676561347e-05,0.0012063321061443319,0.9970842906511376,5.967441331211528e-21,1.92378234053752e-06,0.0016787270571203712,1.229519580888396e-06,2
3.538458607078827e-05,0.0015478372346237083,0.9968404108448384,3.0995377402649164e-45,2.4683931753361203e-06,0.0015699924689308773,3.906472360623315e-06,2
4.8434134737458045e-05,0.0017455837788451795,0.9897182736233512,3.9659456705254055e-42,3.849364444128811e-06,0.008478647641955396,5.211456666467642e-06,2
0.0006928833593542554,0.01598051131603008,0.18638908909081398,1.6628922553876547e-88,7.729037946161712e-05,0.7968325895020839,2.7636352256000073e-05,5
0.00028958542909278087,0.008909507637031315,0.5348561782420019,0.0004491018754607915,5.0882478959258286e-05,0.45543536719512207,9.377142331838776e-06,5
0.00011960059863682478,0.008524056904961611,0.07000492275723463,0.00012677638999911736,3.131694139241691e-05,0.9211920623424085,1.2640653669258888e-06,5
0.000585793900566451,0.04077830673386033,0.35101077236520517,0.000959057184794343,0.00012866011019980095,0.6065282876617376,9.122043636392903e-06,5
0.00020786107283554204,0.011709846664778669,0.2542416134888802,0.00022670630247434613,2.719164857242856e-05,0.7335841859443861,2.5948780726401197e-06,5
0.0005138044877162286,0.029146143704069954,0.6524720193686259,0.0003966583932621337,7.250458479620632e-05,0.31737601494027984,2.28545212497417e-05,5
0.00018448756794832202,0.011596939370796462,0.162466765143829,0.0001213068824422602,3.094348224189265e-05,0.825592162222979,7.3953297632127855e-06,5
0.00020350670387985097,0.014148558921081697,0.33000617301125024,0.00026095816386012484,5.363569154524017e-05,0.6553184044447993,8.763063583534494e-06,5
0.0005000703034108041,0.08492845318136286,0.39473935541274285,0.0006411612381245306,8.219951363475801e-05,0.51908531868839,2.3441662334042258e-05,5
0.0006864145935063722,0.10862190993330571,0.4787081169430853,0.0052332404931932485,0.00014827480260819225,0.40658865808391037,1.3385150390752882e-05,5
0.025165531443216052,0.00035253275442522386,3.150490629770988e-07,7.129564994934064e-09,2.715944514112595e-07,2.1453123317881977e-07,0.9744811274980462,6
0.03646918122454524,0.00044828252813205663,4.102572526980012e-07,9.284127748591656e-09,3.5367060746377584e-07,2.793628189532323e-07,0.9630814836725159,6
0.2519976586141229,0.0025563822302960538,2.3245082053775717e-06,5.750373317977803e-08,2.1652388115513345e-06,1.802374546087572e-06,0.7454396095302848,6
0.19439935953091259,0.0018325344581689455,1.8880010255985715e-06,3.9720163636048267e-08,1.7047298789595525e-06,1.3391711087732717e-06,0.8037631343887415,6
0.4800352815272875,0.0025692913262112724,4.5081836430476815e-06,5.0708093270908076e-08,3.364714608975991e-06,2.2274028582205628e-06,0.5173852761372977,0
0.9730173459335545,0.007728494102759567,9.021811101306385e-06,1.3188656380616382e-07,6.595156987193786e-06,4.446574729725079e-06,0.019233964534304118,0
0.9772925284316922,0.01717143483211006,5.300832671508395e-06,9.133884144109021e-08,3.944618190212843e-06,3.588601907541886e-06,0.005523111344586777,0
0.9621436621402402,0.028531515197732102,7.685637580682449e-06,1.3114216326231126e-07,5.5059512802422495e-06,5.633488827450977e-06,0.009305866442176201,0
0.9679027167219255,0.03205990769341455,6.7810857277332355e-06,8.574308785905261e-08,5.294435024649022e-06,4.02150413890815e-06,2.1192816680643945e-05,0
0.8051207544450671,0.19484070318288382,8.850687139436908e-06,1.1191205589778085e-07,7.878872822507844e-06,5.719961385220517e-06,1.5980938645924478e-05,0
0.6062784912387447,0.3935735199473862,1.278979924367018e-05,1.6171995522260388e-07,0.0001224765719152167,8.20976416922915e-06,4.350958585745207e-06,0
0.5808326136514818,0.4190565450551344,2.6426213599037455e-05,2.5833806203842155e-07,6.482903204577531e-05,1.2095802259564567e-05,7.2319074173426065e-06,0
0.5243652001056914,0.4752630588770259,2.3127133777367816e-05,2.2608683223411695e-07,0.0003158044565919258,1.0355636912617141e-05,2.2227703168373594e-05,0
0.6985754548558234,0.30138078279448205,1.408406342088501e-05,1.6612213052703486e-07,6.103291112668672e-06,8.303507576164377e-06,1.510536545431591e-05,0
0.7776712080789583,0.22227733188272125,1.481776542450291e-05,1.7794052183541137e-07,8.939093705922662e-06,7.5210787895627635e-06,2.0004159878460094e-05,0
0.6990893569589642,0.3008653312832183,1.813585389877407e-05,2.1778609758136974e-07,1.1657040836588682e-05,9.205246687406944e-06,6.095830297159898e-06,0
0.7489556624006558,0.25100132276973225,1.3768295185696876e-05,2.1609845999490354e-07,1.0729656422423125e-05,8.812620485631111e-06,9.488159058087527e-06,0
0.5552228191156995,0.43426034862638646,1.6451711625263347e-05,1.285603844983583e-07,1.1436856205447133e-05,7.292268326996189e-06,0.010481522861372035,1
0.12761334414137404,0.14499797391518532,4.1377312473232944e-06,3.668081543800847e-08,1.0745523933164841e-05,2.4377863809359027e-06,0.7273713242210637,6
0.3101707102126433,0.6887140123921156,1.0629503026138848e-05,1.2064008547021466e-07,1.585248188985118e-05,6.423269425268756e-06,0.0010822515008145457,1
0.2556934649911558,0.7433724692408721,9.970320088322709e-06,1.0761711163914947e-07,1.5954395483968453e-05,6.303658418623315e-06,0.0009017297768695614,1
0.20533604696246438,0.7935701904693048,8.07711687548119e-06,1.0088294462991528e-07,1.0787039399572238e-05,5.609064469030535e-06,0.0010691884645421524,1
0.23515657321120723,0.7647944528678627,1.4264650324787385e-05,1.3107370108349924e-07,2.0465945547096927e-05,7.176892674848388e-06,6.935358682338851e-06,0
0.28656124960295504,0.71338846691698,1.4038868152452935e-05,1.2899905471694066e-07,2.0249560308913516e-05,7.775083140413929e-06,8.0909694085033e-06,0
0.3523298151285373,0.64544923285678,1.5366504267049875e-05,1.414687128390189e-07,0.0021875646374352378,8.579373512961598e-06,9.300030754608225e-06,1
0.12453167562008931,0.8683905992932625,1.7697222488912236e-05,1.846030089918563e-07,0.007036011511375081,1.6631130568236775e-05,7.200619206944238e-06,1
0.41209412425788294,0.5875972738701981,2.1060749698889186e-05,1.5189036460722944e-07,0.00026927922101689953,1.4854159530288382e-05,3.255851308315572e-06,1
0.27644619462824366,0.7232389426821023,2.666246022314623e-05,1.7850888537654456e-07,0.0002678532931735707,1.608647087250879e-05,4.081956499597245e-06,1
0.21463679395965443,0.785283518369912,2.5647008913630796e-05,1.5125255926600564e-07,3.738945579138146e-05,1.2995531504103703e-05,3.5044216651991213e-06,1
0.34895561288077875,0.6484857382032734,2.3586332789621795e-05,2.0650149661264533e-07,0.002514831134703007,1.5929916179538434e-05,4.095030779110971e-06,0
0.15437749924446073,0.8422420017921398,3.512303640921137e-05,2.142300184832498e-07,0.0033287667680348795,1.2721200398041229e-05,3.673728538788465e-06,1
0.1515988116685535,0.8451622401627664,2.6826228566446196e-05,1.819218612694906e-07,0.0031949542492927673,1.3378164978502088e-05,3.6076039811427737e-06,1
0.11175332451939272,0.8846912015164335,2.3256074408651006e-05,1.6911487918825953e-07,0.0035162587744678596,1.2436365472033632e-05,3.353634946194131e-06,1
0.09224728678458258,0.8962091969938535,2.9780735493684503e-05,1.884697977912894e-07,0.011494599023914295,1.5210539431465139e-05,3.737452926725616e-06,1
0.20954285363151984,0.7274288388713199,0.00025784629622576234,2.0717174451180192e-07,0.06264419597017093,0.00012132066991235894,4.737389106760773e-06,1
0.19699054986778664,0.6622186954405253,0.00026963339084565263,1.6692395414364716e-07,0.1403111237000708,0.00020601363253927907,3.81704427831615e-06,1
0.21885931202369516,0.7571648825415744,0.0002579636776389576,2.065554935979511e-07,0.023441361067822682,0.0002712823031915493,4.991830583622849e-06,1
0.017700293147352338,0.30606399387786004,0.00018455700576004697,7.381972402068783e-08,0.6755554720924041,0.0004879393860000998,7.670670899461124e-06,4
0.015780748884741052,0.25207050598969,0.00016426144142640196,6.08790362430966e-08,0.7316935765590916,0.00028565403143382997,5.1922145808901655e-06,4
0.014331562642307592,0.2124532284271186,0.0001272433230926599,5.124169782628108e-08,0.7728197627766028,0.00026378131811475675,4.370271065737416e-06,4
0.15979752191174298,0.8380891563018896,0.00041456027173652555,2.168019016219984e-07,0.0014351229803785306,0.00023538012595333724,2.8041606397473577e-05,1
0.28788832052280783,0.7102578920542805,1.9985854194689976e-05,1.9429759699330064e-07,0.001813927255639778,1.3418963138023902e-05,6.261052342239458e-06,1
0.28898429044849505,0.7088870500824654,2.4700167409252667e-05,1.8963896479531788e-07,0.0020804777443073504,1.5323095251075875e-05,7.968823107003792e-06,0
0.0006257078551653281,0.06361459457652188,0.9128720537075543,0.0007667543139762103,5.898121890855701e-05,0.022056487309697937,5.421018175806298e-06,2
0.0005605859794683445,0.06014147894189305,0.9144036341105474,1.5900164708844318e-06,3.5580335002899195e-05,0.024842351932731998,1.4778683885431598e-05,2
0.0005889214542865028,0.09086233857447591,0.8199200415399868,0.00019137479037719803,8.619548626855576e-05,0.08834687420526059,4.253949344634677e-06,2
0.00016525458580293815,0.0250268475956141,0.9322692606101907,0.00024203000263059633,3.5163121623291816e-05,0.04225466701817385,6.777065964483253e-06,2
0.000178055324326567,0.024615088712797606,0.9502069686671967,0.0005610460088963656,4.080811884995479e-05,0.02439073114558697,7.302022345858252e-06,2
0.00015581241842076192,0.023394974313268226,0.9530229310331534,0.00033572149263387275,4.148165532285076e-05,0.023043846786917774,5.232300283418779e-06,2
0.00012384651304375848,0.011741004934612758,0.967813980999437,0.0005637763989217703,3.3469078228644016e-05,0.01972013931739037,3.7827583654353598e-06,2
0.0001057961158918512,0.010774397714158217,0.9686789757708076,0.0007703022630953327,1.621087267922528e-05,0.01964206757832764,1.2249685040228313e-05,2
0.00028876460753772044,0.01631256076247008,0.40741648063137686,0.00019720726789389118,3.6450438314401604e-05,0.5757393211930789,9.215099328055643e-06,2
0.0001392719242085095,0.00936232666600385,0.9587819765100105,0.0003802363677253299,8.828227159537114e-06,0.031323118724366335,4.241580525993506e-06,2
3.848870872570728e-05,0.01234756310444085,0.9791233008947986,1.5075758025511173e-05,4.223580570081578e-06,0.008470244149197462,1.1038042418567115e-06,2
0.0001198227272066325,0.04336704419866107,0.9339450796634516,8.288757193789194e-05,2.1469767926166142e-05,0.022463218285549022,4.777852676342059e-07,2
0.00023876557946005285,0.03119993207692904,0.8810382782540535,3.952754301110782e-05,4.490584228901485e-05,0.0874373010273962,1.2896768611757057e-06,2
2.6416049940969328e-05,0.0008820764238814999,0.030108318536469413,0.9599382898670467,6.613821867446168e-06,0.00903793588850558,3.4941228862136706e-07,3
0.0004173150188191594,0.0320748115648749,0.5068501668130534,0.004246027739902786,0.00013838790800409074,0.4562656800329867,7.610922359009282e-06,5
0.00022408095435245807,0.017270184742105593,0.7737051969682613,0.00014322430264174495,8.469365477533604e-05,0.2085673876478643,5.23172999929232e-06,2
0.00020282322785872706,0.014646115928610292,0.8772941369351721,0.00034426951515008423,7.747489240097213e-05,0.10743317434186894,2.0051589390783557e-06,2
0.00012487333890173275,0.009330066131856354,0.8708403899010447,9.200056708400844e-05,2.182286536801772e-05,0.1195863348159095,4.51237983549612e-06,2
0.00018214986838549044,0.012378140696651172,0.7583880202325121,0.0001469064664116982,3.318849540509362e-05,0.22886509357726442,6.5006633700665245e-06,2
0.0001531995857201351,0.018125452977350107,0.672739178144967,9.911436367021021e-05,3.359382626142817e-05,0.30884694309693317,2.518005098007964e-06,2
0.0005111457006710968,0.08256175253820394,0.8703998101922151,0.0001975229430196444,5.160689790287533e-05,0.046260033833495,1.8127894492534958e-05,2
9.610242345454557e-05,0.011599822021772694,0.982820440577318,0.00016573083415080624,1.7642668716485863e-05,0.005298739001123209,1.5224734644607865e-06,2
7.463186554456249e-05,0.009447863821104642,0.9884353217667446,6.687770378599059e-05,8.460219164463654e-06,0.0019645208804253095,2.323743230204862e-06,2
9.820051920742625e-05,0.012720129827722765,0.9838943406659768,0.0001049375335615884,1.1163466736638672e-05,0.003167585526198996,3.6424605957097494e-06,2
7.293499876078353e-05,0.009827761891043865,0.9881164029409232,5.871828138486496e-05,8.800404098613857e-06,0.0019125100527260651,2.871431062746666e-06,2
0.0001928206780637329,0.025722338098929605,0.9697863644277745,0.00011037196043264196,1.7940512813580314e-05,0.004163965509361779,6.198812623943184e-06,2
0.0,0.0,0.0,1.0,0.0,0.0,0.0,3
0.0,0.0,0.0,1.0,0.0,0.0,0.0,3
0.0006644787419821446,0.03185593812972055,0.8483364750486754,0.004648341892208336,0.00010121256538167368,0.11437337544519297,2.017817683881717e-05,2
0.0008182616419851747,0.05884403234546631,0.6589589270229088,0.0003435726781505038,0.00016862957138875985,0.28083654102954747,3.00357105529553e-05,2
0.00037269437190504617,0.024347512150977704,0.6997468676875856,0.016356614250520485,6.98969591027098e-05,0.2591020690602292,4.345519679031914e-06,2
6.973491992955752e-05,0.0041248583331609965,0.1293906780931244,0.8381623509541777,1.943533617632795e-05,0.028232425250151686,5.171132794243697e-07,2
0.000296345524483009,0.05242699926821446,0.8044278654246266,3.9500285735557256e-05,8.207209008732319e-05,0.1427251286913522,2.0887155008599874e-06,2
0.0006732963475767757,0.06525912169257177,0.26295328969867976,0.0011050681979870496,0.00014924356837273022,0.6698550734230873,4.907071724713514e-06,2
0.000352855064868309,0.06560207226543135,0.6131455767121867,5.580600916373481e-05,8.203955173111668e-05,0.32075939705702644,2.2533395923384538e-06,2
0.0002727394708560151,0.05021419246957867,0.47818179522897747,2.7196651326222884e-05,5.990849224077928e-05,0.4712422356602073,1.932026813419258e-06,2
0.0003197369372411603,0.058866918146721695,0.6185831284283877,4.866484432375714e-05,6.299091985176936e-05,0.32211629577687845,2.2649465955611185e-06,2
0.00035366225460127,0.06665485606644334,0.711173048399957,0.00012792064662594732,7.73896774495863e-05,0.22160913153230524,3.991422617761654e-06,2
0.0003352879839338457,0.061561823799844116,0.746933809996273,0.00018680308417364506,7.167170241434655e-05,0.19090773863030286,2.8648030581981277e-06,2
0.0002607283746464481,0.014025945392938175,0.786317819577069,0.07538513836389199,6.348302669848463e-05,0.12394516040300944,1.7248617465030746e-06,2
0.00038735601524379776,0.025559171444732,0.34772695384409863,7.292820175825673e-09,0.00012855154207964985,0.6261953167304208,2.6431306048374337e-06,5
0.00026900644857256393,0.017455486197479476,0.10381495424496262,0.00040594590015938004,8.31480057565263e-05,0.877968804425175,2.6547778943820945e-06,5
0.00021791561846555308,0.012641909154745857,0.09671217465488585,0.00025314551573998986,7.59680640355923e-05,0.890096050423835,2.8365682922195787e-06,5
0.0004561356860567431,0.0287749445096821,0.23786300381736217,0.0002949264746073847,9.319970573379522e-05,0.732505695241584,1.2094564973830426e-05,5
6.703749937237589e-05,0.006644269604832879,0.36135700178869906,1.748881641956893e-05,1.0352633424510069e-05,0.6319034093252113,4.4033204030359796e-07,5
6.506209473691351e-05,0.007113195272316045,0.8302770385992756,6.337760199916903e-05,1.4084662255971014e-05,0.16246677063195217,4.7113746397322215e-07,2
6.602260618136906e-05,0.008352288292567801,0.960349766298774,0.00011354374856897182,1.2658370664566594e-05,0.031104842692046,8.779911973043014e-07,2
2.959771187396417e-05,0.001294700477957732,0.9971601790055117,4.0954546963089173e-13,2.064706645122289e-06,0.001512138511079123,1.3195865225891091e-06,2
3.836201155376434e-05,0.0013455220083237558,0.9893554494974967,7.452265555295919e-41,2.6162535727013238e-06,0.009256873987012113,1.1762420411044267e-06,2
0.00015572483120468328,0.004741930394483803,0.05951282337422058,7.321047353830584e-18,2.3939752365890982e-05,0.9355616260578213,3.955589903660958e-06,5
0.0006336698655938828,0.021596124029228947,0.2698900259353891,0.004459289844998704,8.602812498564249e-05,0.7033147322880264,2.0129911777341125e-05,5
0.0005248381259474389,0.013794542499649958,0.6452790040977292,2.664850331647564e-05,4.434763652050939e-05,0.3403100934585072,2.052567832918674e-05,5
0.0002879690546068505,0.010971043929606149,0.5707250796186136,0.00022152594215024872,2.469012217164582e-05,0.41776033917426375,9.352158587733147e-06,5
7.933867394459835e-05,0.005455528580921232,0.03331269708417478,0.0003524563613703695,2.7673355313673853e-05,0.9607715702587781,7.356854972347884e-07,5
8.646720657247925e-05,0.006100905513153473,0.03495476720413618,0.00036167358389327945,3.0548499724111415e-05,0.9584648515578578,7.864346627863754e-07,5
0.0001965926789809411,0.01674291138762218,0.24551009872652763,0.02322376616268043,2.97816804299677e-05,0.7142904250891692,6.424274589761582e-06,5
0.00019565868801098795,0.011060548560573253,0.2264045750943403,0.0010006073874637574,3.0568199104089325e-05,0.7613064874659323,1.554604575262409e-06,5
0.00018915063778924575,0.011394969198097486,0.19690746229297182,0.00014003841713029403,4.205789003338156e-05,0.7913214198886764,4.9016753014504175e-06,5
0.00015483554729105482,0.008951972722247053,0.214029571982126,7.521809231679308e-05,3.0369326689127773e-05,0.7767548283224093,3.20400692084365e-06,5
0.0004443397365685407,0.025419433467891044,0.5215414556439834,0.00040108243358710115,0.00012650440558440527,0.45204933611248027,1.78481999053451e-05,5
0.000445239859422244,0.026915270195145807,0.5675698738175875,4.143109160444912e-14,0.00013772222044969337,0.4049281137360168,3.780171336550456e-06,5
0.00019622263265450638,0.012797628208134413,0.1521432515027289,0.00017450228407489397,2.4268069776663036e-05,0.8346576302579749,6.497044655781984e-06,5
0.0003752373943212646,0.00960435813448821,0.6848811506419161,0.16122465918103354,7.677136518735749e-05,0.14382213425926446,1.5689023789197403e-05,5
0.03443097361030829,0.0004339824573702872,3.6321036469511397e-07,9.167719744820755e-09,3.452002419191099e-07,2.8734942585501726e-07,0.9651340390045693,6
0.22199759793654297,0.0023350889992978063,2.469809281686395e-06,5.1960368394033376e-08,2.067374701922165e-06,1.7518513969905703e-06,0.7756609720684101,6
0.2352248538177332,0.0025277377893011864,2.748372031990123e-06,5.782083026611507e-08,2.4097102082694757e-06,1.949437723549321e-06,0.7622402430521715,0
0.4619203474905754,0.002911410093189931,5.08344368481844e-06,5.026310079032182e-08,3.515443525317346e-06,2.225111693794932e-06,0.5351573681542299,0
0.8547668489261467,0.006327237905238509,9.803170141395744e-06,1.4330896644118978e-07,7.412451924249478e-06,4.831682700119238e-06,0.13888372255488243,0
0.9763231700445795,0.017061522391146423,5.393328436379555e-06,9.293263934513463e-08,3.8318376446194615e-06,2.796377301482004e-06,0.006603193088252401,0
0.9771454027011015,0.016947132554502097,5.3245653890266565e-06,9.174778076377794e-08,3.911072659348972e-06,3.604668680563225e-06,0.005894532689887027,0
0.9833125318324138,0.007860720823661469,8.237309450479638e-06,1.244317502713637e-07,4.799600862675275e-06,5.21024237670395e-06,0.008808375759484439,0
0.6032901475089555,0.39650243175997196,1.1645677436969893e-05,1.6621415877806326e-07,0.0001802647772260541,7.632036179286625e-06,7.712026071399971e-06,0
0.601724930762877,0.39808060347579155,9.782789352031264e-06,1.4181268732723308e-07,0.0001714497191988864,6.511596655303399e-06,6.579843437906051e-06,0
0.7960942337798925,0.20356974269143827,8.689829312515358e-06,1.3357256835418897e-07,0.00031621080514709953,6.508402961010068e-06,4.480918680209226e-06,0
0.7803675888721402,0.21953564608334103,1.6511704494675377e-05,1.7661842815402404e-07,6.434426746199555e-05,8.109767805040618e-06,7.622686328966155e-06,0
0.7696565940325593,0.2303112449561974,1.348227472252507e-05,1.2945654268107857e-07,6.685318170932116e-07,6.10935815149366e-06,1.1771390009543007e-05,0
0.6800557405634273,0.31989946574550193,1.576340619268235e-05,1.8593005035807322e-07,5.9784602299080465e-06,9.293593676452603e-06,1.3572300921277778e-05,0
0.7895269459859088,0.21042779687543792,1.3666319237722672e-05,1.6119482001668196e-07,6.773273918229477e-06,7.896082491075697e-06,1.6760268186055478e-05,0
0.8309800916736948,0.16896904787892109,1.4311213491244308e-05,1.71857545572896e-07,8.788380171389843e-06,8.2686874430932e-06,1.9320308732936336e-05,0
0.7298625968662724,0.27009519875156457,1.515662209820027e-05,1.9606999525601607e-07,1.1284797633533652e-05,9.055534731218e-06,6.5113577046611955e-06,0
0.7351209970899462,0.264835842989201,1.5185942423292779e-05,1.922520752628331e-07,1.1093669510806978e-05,8.879203278492986e-06,7.808853565192352e-06,0
0.747089363146883,0.25286999613260186,1.3763158177161444e-05,2.290181745419927e-07,1.1684433803147999e-05,7.345884599505536e-06,7.618225760964922e-06,0
0.7903408865827372,0.2096047684937646,1.8140997241282752e-05,2.0029450544195862e-07,9.78209195327515e-06,8.168126056329993e-06,1.8053413741983353e-05,0
0.4107010400334931,0.3665819768339016,1.2296875806237802e-05,3.3768972896773164e-08,5.281181273615533e-05,6.513258589322349e-06,0.2226453274165007,6
0.15606463032640214,0.10012974113127467,2.0541895013695047e-06,3.478012780361484e-08,3.843339748695674e-271,2.3114677488605437e-06,0.7438012281049452,6
0.3833098044078212,0.1716903310546671,8.852654922984437e-06,8.352143352359426e-08,0.0,5.353209804595709e-06,0.44498557515135057,6
0.5752135676993916,0.3347840965299981,1.393925313887359e-05,1.315445724317674e-07,1.438780235457604e-05,8.42908113113298e-06,0.08996544808941306,6
0.4357828528984229,0.2239955702653953,9.992662320044492e-06,9.430064001632061e-08,1.259482474974654e-05,6.0425734845702754e-06,0.3401928524749876,6
0.5412561091297652,0.3440493430929934,1.2411203174291917e-05,1.1712438239413125e-07,1.2011626007586843e-05,7.505067699741591e-06,0.11466250275597742,0
0.5308795352640266,0.4472730872453808,1.2864898611293072e-05,1.9082480330250916e-08,1.72373701204602e-05,7.071027186183397e-06,0.02181018511219425,0
0.5342961022681749,0.46071645277336337,1.2622756430472112e-05,1.872331128102238e-08,2.0604069267781075e-06,6.937936829606179e-06,0.0049658051349636655,0
0.3301350568195997,0.6681478998555452,1.267477806353195e-05,1.4071444935279386e-08,8.355530315270737e-06,8.856574008822514e-06,0.001687142371022638,1
0.25991044087419796,0.7391225279300789,1.156604467906369e-05,1.0782588967897217e-07,1.399458859801182e-05,6.315887565348278e-06,0.000935046848991103,1
0.16958371178898102,0.8293000631594157,7.442727173294858e-06,9.295943650367692e-08,1.2826432364824274e-05,5.168519557658278e-06,0.0010906944130708038,1
0.2299766096605773,0.7698130744665834,8.442972110699475e-06,9.521075065866687e-08,1.4189516128873498e-28,5.293692016508523e-06,0.00019648399796147716,1
0.09143793967293588,0.9085285592730094,9.845482191849419e-06,3.0176855917054093e-08,1.79230052864954e-05,5.70238972041623e-06,5.5421425507063284e-17,0
0.43727105543194544,0.5600427178032711,1.7285572307575694e-05,1.6094645299641212e-07,0.002645886663826725,9.760601536071154e-06,1.3132980660102027e-05,1
0.32830324816950995,0.6604140555720098,2.665685590845126e-05,3.176732229218683e-07,0.011227711989542661,1.3398598416296321e-05,1.4611141389818935e-05,1
0.10523022590110219,0.3515285139304506,2.5288320326855514e-05,1.625300319741809e-07,0.543179228590161,2.4848900421813367e-05,1.173182750575168e-05,1
0.4086554298706425,0.5610011384052755,0.00045978362009829895,2.2810140564352682e-07,0.028724455153495834,0.0011548826217341848,4.082227347945243e-06,1
0.15448300171770585,0.8401499809985072,0.00017142406652407324,1.306727558865337e-07,0.004908827156896846,0.000281320264200123,5.315123409873742e-06,1
0.12082168962593069,0.868592989934026,1.6204115361535685e-05,1.3150295426626412e-07,0.010549678936823364,1.3524350713918659e-05,5.781534190175448e-06,1
0.16440718973454874,0.8309748865964645,2.5229515494212605e-05,1.784267623181344e-07,0.0045685903617613535,1.779881503172225e-05,6.126549937237487e-06,1
0.3435178848191803,0.6563417004432981,2.6096291718009946e-05,1.883440010761817e-07,9.421287724278748e-05,1.5610368810148533e-05,4.3068557496807355e-06,1
0.2920862056120864,0.7075177162204191,2.566032596174751e-05,1.7179945689534856e-07,0.00035201059995993946,1.4306909884947702e-05,3.9285322308857466e-06,1
0.2415760358156076,0.7581089358330297,2.1692673807499856e-05,1.5573737302843997e-07,0.000276714735667728,1.2903963398810079e-05,3.5612411153801963e-06,1
0.1741456693107001,0.8222075345448251,2.948029488893378e-05,2.1394724263898838e-07,0.0035971259719759768,1.573324661888788e-05,4.242683748466985e-06,1
0.11706391091440255,0.8792585745427073,2.651055551627205e-05,1.790795923869269e-07,0.0036341045171671307,1.3169150285276886e-05,3.5512403288325895e-06,1
0.11614631669024829,0.8756633181099308,2.600286317166773e-05,1.8871048940509486e-07,0.008146585577383134,1.3845822811624414e-05,3.7422259650956774e-06,1
0.15905825802513468,0.8154939764107649,2.8221658139643406e-05,1.7569254900771564e-07,0.025400202132223392,1.5095401140621963e-05,4.070680047627314e-06,1
0.1756320225283936,0.7680375785237921,2.7657272182411375e-05,1.9546714481910503e-07,0.05628330446088667,1.4772007169710713e-05,4.469740430953929e-06,1
0.2199371836489582,0.2660972361214751,0.00011503958819070503,1.5283010821285196e-07,0.5136904795803482,0.0001571481596154309,2.7600713040648532e-06,1
0.20373928689491647,0.6849057727291394,0.00030137454205527803,1.7264263390163678e-07,0.1108363738850386,0.00021307149308611491,3.947813130286743e-06,1
0.14166140031907615,0.784131772872027,0.0002977200787883081,1.8337078332948387e-07,0.07380852516580765,9.419787558139765e-05,6.2003179362881864e-06,1
0.06550443507555281,0.8538425203821767,2.541017114821881e-05,1.5491255045497087e-07,0.0806101555990479,1.2085800070489115e-05,5.238059453649431e-06,1
0.02609977380334157,0.2733510242066524,0.00018137336403025266,6.460581300137831e-08,0.7002477045962754,0.00011787490695461569,2.184516932673853e-06,4
0.015037214707685731,0.28636842278450114,0.0001755189269700498,7.255777144147746e-08,0.6981845164499746,0.00023180117652259218,2.453396574509561e-06,4
0.06073105326212476,0.6076909150997624,0.0005178923340953906,1.532492771768974e-07,0.3303425244360727,0.0007093795601009985,8.08205856659044e-06,4
0.0887195469172942,0.7012444787604746,0.0005689063486996316,1.7712605591997125e-07,0.20844670128753046,0.0010108482881036039,9.341271841445192e-06,4
0.11117539517508689,0.6905012823304589,0.0006567456181054876,1.9759819723269262e-07,0.19656313959391253,0.0010935517652320528,9.687919007008664e-06,4
0.19883989827616924,0.7595504512258917,0.00022643642244124984,2.6731454193141573e-07,0.03959079857756919,0.001779040649468324,1.310753391841111e-05,1
0.22823039866095626,0.7654796535188285,0.0003074967283113662,1.9838854757083069e-07,0.005213796203914858,0.0007578679387037733,1.0588560737687209e-05,1
0.2131305652589384,0.7846881116010692,0.00045621382359673364,2.2194339871303523e-07,0.0013842653743932351,0.000318358684504187,2.2263314099431767e-05,1
0.23862032840326283,0.7594304699731578,1.8741172775762995e-05,1.9757850964969467e-07,0.0019102505397246383,1.364555598670821e-05,6.366776582733834e-06,1
0.24867850063977742,0.7490795155693446,2.3871695374806035e-05,2.073874140535872e-07,0.0021939210934763483,1.526898352947389e-05,8.714631083309894e-06,0
0.3503434930662966,0.646973761881888,2.2196215211814338e-05,1.8480121924720565e-07,0.002639229271769142,1.4853354701844463e-05,6.281408913420649e-06,0
0.2384592804571127,0.758533589734833,2.6645452102248118e-05,2.2893405740489826e-07,0.002953348628356956,1.6908591432764865e-05,9.998202104957608e-06,0
0.0006233758336429032,0.06337750213398959,0.9094697673867221,0.0006886816653118311,6.567838286448366e-05,0.025768450567595778,6.544029873129392e-06,2
0.00043168530245624675,0.05484742557961461,0.9286241617861145,0.0005292311858460994,2.9338310060560542e-05,0.015519462513898982,1.869532200908279e-05,2
0.00037783059353604546,0.05845324908618447,0.8835817451307696,0.00010530714024667942,5.5299890163507156e-05,0.0574238389798618,2.729179237837166e-06,2
0.0004651680818157197,0.08564052408615863,0.8193895926488108,0.00014375492670004177,7.94775415018486e-05,0.09427785411705664,3.6285979563887217e-06,2
0.0003595391715262043,0.07991272701252408,0.7119412218694272,6.977970016109712e-05,7.557236399595186e-05,0.2076384513573151,2.7085250504331976e-06,2
0.00016521177782273421,0.02617706771950185,0.9320277631421535,0.0003141193305999734,3.5154012876281587e-05,0.04127390870663001,6.775310415587356e-06,2
7.53917783003634e-05,0.007355067363712572,0.9822039291247171,0.000208470970198481,1.8712241440426825e-05,0.010134844603693988,3.5839179372189494e-06,2
4.3191669582516155e-07,4.6367559358215926e-05,0.0008268117980780225,0.9989925410745609,1.3741089926163743e-07,0.0001336972473788838,1.2993028726297844e-08,3
0.0002884752721783861,0.03234972101252655,0.8834741890619932,7.278616999635913e-05,8.045671422618547e-05,0.0837262333016461,8.138467433341173e-06,2
0.0005865319965925103,0.0841939391628889,0.6777101825517542,0.0027755847794587144,0.0001064542459639687,0.23462351380243304,3.7934609087277824e-06,2
0.0005854200693607636,0.08426393350353197,0.6218033767641316,0.0047754940146803315,0.00011233386488852981,0.2884535489961338,5.8927872731465024e-06,2
0.000458090190684976,0.026818836309279767,0.7766877392733028,0.000351193212565105,5.7807031697628054e-05,0.19561069937062786,1.5634611841970476e-05,2
0.00010658106824565026,0.006862524728902386,0.9717711732233966,0.00012981936064887612,9.632786063833565e-06,0.021117022864927597,3.2459678149741064e-06,2
7.905434644283742e-05,0.009373819249892033,0.9655978465047704,4.2417445145680175e-05,8.348044753503783e-06,0.024895837518802626,2.676890192833381e-06,2
0.00011319925728467144,0.030346172214504325,0.8934553609081585,7.766457226860152e-05,4.6231469840198545e-05,0.07596080517290063,5.664050428191331e-07,2
0.0001590383743916874,0.06899704030622053,0.8563863918936342,0.00012184475029203302,5.5519002124583585e-05,0.07427936143860515,8.042347317778597e-07,2
0.0003182836556831567,0.07450425551786397,0.6899953204416971,5.607158243896879e-05,0.0001238835268715372,0.235000836396368,1.3488790772864277e-06,2
0.00011640170215711815,0.008770989775694467,0.061280313518971834,6.054436625329376e-05,5.588741531511015e-05,0.9297146547885116,1.208433096467564e-06,5
9.397724995384943e-05,0.006481286211979653,0.03432999315089359,0.00011473567584184971,3.7549513104712245e-05,0.9589416227307493,8.354674770082735e-07,5
0.00026535356174068285,0.021896476752511166,0.5215030679680094,0.0012461835590625735,7.843604619949598e-05,0.45499843555068414,1.2046561792504863e-05,2
0.000220528253860264,0.017000335861447453,0.8894257747530081,0.0006768493388782481,8.41483391531563e-05,0.09258941519831412,2.948255338706407e-06,2
0.00015531094106146438,0.01197278858733175,0.8907398794429962,4.166883928754808e-05,6.711119257409704e-05,0.09701932539770759,3.9155990412489104e-06,2
0.00011188158777324431,0.010075466990998715,0.888001591414599,0.00024678466320070594,2.9983240926130307e-05,0.101528606863381,5.685239121281519e-06,2
8.985669746105832e-05,0.0059272254285438015,0.950947816464356,5.9176442295188956e-05,1.380147103402098e-05,0.04295809455160266,4.028944707551155e-06,2
0.00012100876156595355,0.0073182463923758155,0.9259249148685721,8.68896298110387e-05,2.8208560708984666e-05,0.06651812319785236,2.6085891137344433e-06,2
0.0005368240064023152,0.06361969686144864,0.6795047309040757,0.11343174422438837,8.75981507460664e-05,0.14280975862007236,9.647232866702393e-06,2
0.00017997157685311138,0.028783648617962114,0.9669943892042442,8.819262674775532e-05,1.0733966008820716e-05,0.003937520360006824,5.5436481774178485e-06,2
0.00017352166204667174,0.026954246460477626,0.9691152870270349,8.207291727032294e-05,1.034927656228319e-05,0.003659177684572366,5.344972035960239e-06,2
5.967480931291196e-05,0.009261481908580413,0.982765085057961,2.6942085660978605e-20,1.2921811394816762e-05,0.007899160058128763,1.6763546219430837e-06,2
6.916144260305266e-05,0.00921622966791178,0.9895714996346653,3.9802567515697865e-06,8.614670759994004e-06,0.0011270637294219588,3.4505978862127495e-06,2
7.613798690917013e-05,0.006247510028858351,0.9756617303109476,9.734218203006123e-11,2.2429898359853296e-05,0.017991547547425414,6.441301574419493e-07,2
9.503664700373277e-05,0.0083038296757208,0.9829326172483694,3.4411366448379786e-45,2.3948310457595997e-05,0.008643276824824762,1.2912936235937086e-06,3
0.0,0.0,0.0,1.0,0.0,0.0,0.0,3
0.0007059743243542453,0.042893507509665606,0.8268261505653344,0.0010145702510908781,0.00010753312024451031,0.12843082595918937,2.1438270121314443e-05,2
0.0005595147431128348,0.04355696370089734,0.829106732127,0.0020877170689162306,4.9168504778153054e-05,0.12462279242118018,1.711143411532336e-05,2
0.0005545275508075992,0.04117739632631906,0.8049188072287248,0.0002762583787694674,5.8020270612075456e-05,0.1529782383350946,3.675190967251163e-05,2
0.0004621331241114019,0.027948083298556706,0.8749970370155441,0.0003027838395157497,6.420208201377933e-05,0.09619419117159414,3.156946866401987e-05,2
0.0004849843860777833,0.03084539741963874,0.8702245879463214,0.00029724086320712605,6.0882372334385096e-05,0.09805120894748683,3.5698064933629894e-05,2
0.0006178366540293244,0.033859625927448,0.8539676081628177,1.4202606055859122e-05,0.00011455644116518334,0.11140195852557341,2.4211682910457217e-05,2
0.0007195087472128916,0.054160902983853114,0.8233775825892904,1.5273361663766133e-05,0.00016207360987644293,0.12154448734042908,2.0171367674294097e-05,2
0.0007002087907022449,0.05855021478028222,0.7934090441041809,0.00036211824928247143,0.00016241289205470638,0.14678839158568857,2.7609597808922752e-05,2
0.00036850255787621353,0.06113579942635931,0.7008167406692037,0.00012001422522560594,8.60194500449783e-05,0.23746814406588093,4.7796054093071845e-06,2
0.00032095904023288766,0.05983507179520913,0.5737405591107732,4.5293213367040976e-05,7.462365828469206e-05,0.3659811655114973,2.327670635798473e-06,2
0.00023378815989873276,0.0644005992256931,0.10480442053490782,1.8208801851834645e-05,4.1913711570541615e-05,0.8304984920764812,2.57748959658892e-06,2
0.00023585736533479428,0.014459586498137382,0.9328116758096419,0.00043662070554167785,5.7664282303352816e-05,0.051997053648664485,1.5416903765993089e-06,2
0.0002361012185953399,0.014466964414376457,0.9176593776535855,0.0009308840393044044,4.9389465162949504e-05,0.06665573992464272,1.54328433244017e-06,2
0.00027214201072376303,0.017784386611392596,0.10033743267279212,0.00021423754328865412,6.688161550309981e-05,0.8813222147464503,2.70479984956749e-06,5
0.00017402003018913108,0.029274739086775563,0.4188172027439657,4.3451416844219984e-05,3.450110641542048e-05,0.5516544516656878,1.6339501220683412e-06,5
2.8732592699134715e-05,0.0015123136386693504,0.9922562868423023,4.9516471715009466e-06,2.540998445420652e-06,0.006193955308594718,1.2189721175154882e-06,2
0.0003724836023356068,0.012391270574185898,0.09059239156889425,0.01010680593297705,3.486376073669378e-05,0.8864928095828639,9.374978006498058e-06,5
0.0003266110326764808,0.008887054425682286,0.3334078514346562,1.861403060926226e-06,3.472031919283277e-05,0.6573378710636201,4.030321111178877e-06,5
0.00030409002942735137,0.008582865574229806,0.46416131957686513,4.906498054402476e-09,3.6421012287204446e-05,0.5269105814892845,4.717411407971899e-06,5
0.00022110947831249645,0.0071265324730849155,0.0817485463978168,1.558756513561507e-05,4.4686874283758385e-05,0.9108374788163812,6.058394985109049e-06,5
0.0002539762444730328,0.008558678944410283,0.08925111849000748,0.00024292925143973174,7.017958620252373e-05,0.901594876714338,2.824076912889509e-05,5
0.00029917699197292227,0.009893598751789304,0.5621726634925885,0.00019580576183533742,4.6169978088667646e-05,0.4273821721381373,1.0412885587978836e-05,5
0.0002386489336500749,0.013397431959693859,0.6210457097058896,0.00037728860181341983,2.1233511089646006e-05,0.36491117025518555,8.517032677735712e-06,5
0.00024887731067424354,0.013267611174453747,0.5993822658412551,0.0006633469004278679,3.5837221667040635e-05,0.3863947885024206,7.27304910131228e-06,5
0.00017421573162702952,0.012031594298511602,0.22740994662235817,0.005729804680363143,7.216630919860476e-05,0.7545805110586893,1.7612992522817384e-06,5
0.00021015559137719026,0.01202241355718533,0.24101840695349902,0.0002538479164737316,4.0967547649840905e-05,0.7464498209071755,4.387526639406442e-06,5
0.00020635904662103248,0.01804468324436354,0.16400593040246633,0.00022221365307896734,3.76478427725269e-05,0.8174733447770954,9.821033602182305e-06,5
0.00021193513117968887,0.013525286262673599,0.13354020308835796,0.00025034844821776386,3.325099723634275e-05,0.8524324089808967,6.5670914380360496e-06,5
0.0006690826948461008,0.018082577551674618,0.5315269356616568,0.001602271972109377,0.00010607312279810015,0.44799247466867387,2.0584328241045938e-05,5
0.0008019052636131718,0.022240660341788836,0.5758292910796269,0.0035975874834547443,0.00014233098567827465,0.39736290715805467,2.5317687783432006e-05,5
0.0007080641498820173,0.01935813856180436,0.7056878671346412,0.00360683293623311,0.00011422107133256761,0.27050324619863864,2.1629947468207466e-05,5
0.00041387035493514404,0.0409100203848431,0.3527642022465699,0.00032516040141706247,4.3782275511908584e-05,0.605519773481544,2.3190855178966202e-05,5
0.07287764999208106,0.0007494207200910415,7.791700007569661e-07,2.254768781074734e-08,6.639369304792993e-07,5.305722846428038e-07,0.9263709330609242,6
0.3372960559132746,0.003359231491044956,3.4846543136913623e-06,7.717838013267275e-08,2.9227119942542006e-06,2.4766468726616385e-06,0.6593357514041197,6
0.8796952318859663,0.12027457689085674,8.290222464029845e-06,1.048252892891854e-07,7.20734134801154e-06,5.868299158543227e-06,8.720534917119872e-06,0
0.6421686498920098,0.35779831829841025,1.1566702392411326e-05,1.4625457032874927e-07,9.90872994548802e-06,7.4752490960989735e-06,3.934873575746603e-06,0
0.5079279900066431,0.4918658319387656,1.1347581135547636e-05,1.6156275417431256e-07,0.00018217397147850622,8.201783808785376e-06,4.293155414228805e-06,0
0.8242282684378481,0.17569105567817822,1.2735767305399697e-05,1.5339361758838055e-07,5.412304096266851e-05,7.0433568819450405e-06,6.620325205940127e-06,0
0.678069907551265,0.32184344872244075,2.2385050418070963e-05,2.1883235454690514e-07,4.722744866257697e-05,1.0098615914322565e-05,6.713778944881498e-06,0
0.6661960941074262,0.33376119805432813,1.6812137861079904e-05,1.64352531908406e-07,2.0450748070805485e-06,7.5279711308014175e-06,1.615830191493756e-05,0
0.7593199294657711,0.24064564042653544,1.440048304881637e-05,8.299587212440104e-08,8.267715342192404e-07,6.546778452759595e-06,1.2573078785453091e-05,0
0.8304045221367496,0.16954894776993654,1.4645497864178987e-05,1.727442738023166e-07,5.288896692265262e-06,8.461829205571856e-06,1.7961125278297386e-05,0
0.7291695839589984,0.2707868816053555,1.4961118182560866e-05,1.9657210804620405e-07,1.1313696707148059e-05,9.078724917990836e-06,7.984323730370307e-06,0
0.7928593806184137,0.207095621973667,1.4563300271874837e-05,2.423324937953707e-07,1.3045675243796067e-05,7.772948752609923e-06,9.373151157483264e-06,0
0.8774533034376706,0.12047579561113425,1.1858947786414202e-05,1.1593100833290257e-07,5.04902463295843e-06,4.512187491398812e-06,0.002049364860275954,0
0.7413029208420365,0.2529259536772003,1.7227708296894162e-05,1.4256073329282952e-07,8.616457084589298e-06,6.5549365156803726e-06,0.005738583818132818,0
0.4400600646254742,0.48039123725515986,1.2588282866203898e-05,9.836997646908143e-08,9.721635041245174e-06,5.579792457310233e-06,0.07952071003902489,1
0.5707423796358574,0.28866178289795363,1.74350450660335e-05,1.362445530587515e-07,2.115983254621951e-05,7.728133692761107e-06,0.14054937821033087,1
0.4721665839272873,0.2580995205118198,1.5589097823995723e-05,1.2181956843674793e-07,2.0553430951883924e-05,6.9099122874121915e-06,0.2696907213002613,1
0.3813536524860822,0.17220875056003518,1.5146921305043883e-05,1.0466148674682964e-07,1.765851470972346e-05,5.93666274286838e-06,0.4463987501936382,1
0.27331926492368125,0.07295253982167477,7.4246890603861724e-06,2.902066770551917e-08,1.3222128681241496e-286,4.842668744489691e-06,0.6537158988761713,6
0.4154260164670974,0.2134204590246619,1.0067092866340372e-05,9.500304023036434e-08,1.2719338058294894e-05,6.087581714718051e-06,0.37112455549256096,6
0.4003677515263967,0.18865412529492423,9.18058092058821e-06,8.663703713839052e-08,1.1571271408194692e-05,5.551507002535346e-06,0.4109517331823106,6
0.5817900362627485,0.41192674511058947,1.2081799443201403e-05,1.1523752110646395e-08,8.825468514279015e-07,7.702366560257801e-06,0.006262540390054978,0
0.5668632567844436,0.4066813380705752,1.318077608982638e-05,1.2571968025058244e-08,7.796930389467958e-06,8.066191617955534e-06,0.02642634867491596,0
0.14010027628430038,0.8583376796473418,6.870768672893143e-06,8.581569219290784e-08,1.1799853600602718e-05,4.771329303781689e-06,0.001538516301088387,1
0.19647084630657982,0.802846551294576,8.539561797123703e-06,9.629998516397592e-08,1.1496196612012439e-05,5.354253160759257e-06,0.0006571160872890602,1
0.17529418952303738,0.8246141361612294,1.3583209164053228e-05,1.1507907871595691e-07,1.7617318788370024e-05,6.645570725658333e-06,5.3713137976180786e-05,0
0.1559098011161215,0.8440570781200011,9.146821909687216e-06,2.803543000627128e-08,1.8648172793952888e-05,5.29773374385441e-06,5.148858118028656e-17,0
0.3036778975949453,0.6871503751152584,1.4959463787208855e-05,1.374581388375723e-07,0.009141192155437855,8.898018877184104e-06,6.5401935553407886e-06,0
0.312193985565647,0.6840331069543071,1.5427947796283267e-05,1.4176290141987795e-07,0.0037414160799837527,9.176677231233354e-06,6.7450121330994735e-06,0
0.3524593984879397,0.6450354051214771,1.4994005237438766e-05,1.3960960714721347e-07,0.002463938219846964,8.466628003300946e-06,1.7657927888570467e-05,0
0.3738257192282597,0.6189037623431083,2.1832372090491198e-05,2.4511360359285456e-07,0.007222490789178545,1.2586581882180912e-05,1.3363571877051823e-05,1
0.12333657600153913,0.3479723117116665,2.496289138526012e-05,1.6088581354688136e-07,0.5286318115292639,2.6777158125275407e-05,7.399822206379952e-06,1
0.12503101756365728,0.8691486015710078,0.00013192869109896618,1.351830573241568e-07,0.0055333631406113215,0.0001475767149879013,7.377135579329578e-06,1
0.0998483197756254,0.8881997655915043,2.243988478904273e-05,1.4671639110019517e-07,0.011911974276112907,1.4074395370838629e-05,3.27936020657131e-06,1
0.1533088203783062,0.8437931332547655,2.058084559095159e-05,1.4555070014742468e-07,0.0028589724703170813,1.3349799183464634e-05,4.997701136688992e-06,1
0.155604471435569,0.8388025016958767,2.1327022961664682e-05,1.6083523401137147e-07,0.005557745546524887,1.1396179988495747e-05,2.3972838454198036e-06,1
0.2883554222939846,0.7114952597465434,2.995417875121677e-05,1.9704900279246935e-07,9.856726736622517e-05,1.6093551629318904e-05,4.505912722446274e-06,1
0.15117455909856345,0.8487600236970779,2.2995352551229322e-05,1.354230899696398e-07,2.845774916611029e-05,1.06926601839966e-05,3.136019367447377e-06,1
0.15073769032362294,0.8492054933804524,2.1802937259493214e-05,1.3757057444873892e-07,2.082045467391549e-05,1.0867914282090179e-05,3.18741913480074e-06,1
0.17635446596920762,0.8235825134341147,2.5092841690217665e-05,1.4507662964203395e-07,2.1956449653642348e-05,1.2464899239863466e-05,3.3613294644322698e-06,1
0.20247239350099594,0.7974041466438918,2.6602200666748006e-05,1.9715191659612363e-07,7.683964500775294e-05,1.5911233717643757e-05,3.909623803532313e-06,1
0.23316975522685301,0.7661227846764697,2.7439310689645363e-05,2.1382726504437522e-07,0.0006583096290099635,1.725702518172986e-05,4.2403045311208465e-06,1
0.1321664489152629,0.8647615116276568,2.7584990940910375e-05,2.0019245981981756e-07,0.0030255626065750227,1.4721747767049817e-05,3.9699193379012465e-06,1
0.13844955783136637,0.8580292126002035,2.8517853671047017e-05,1.9263895122931298e-07,0.003474532668372337,1.4166278053926065e-05,3.8201293815290795e-06,1
0.163530616404744,0.8211762728552806,2.852064386511993e-05,1.7715545836262158e-07,0.015245087272505595,1.5221093457509593e-05,4.104574688897739e-06,1
0.2363132301564724,0.6613493815173531,3.586084519686838e-05,2.627721454799779e-07,0.10227489854290359,2.0357364378520604e-05,6.008801550088261e-06,1
0.20487440524637243,0.7458657912061584,0.0002107641661936615,1.7005797247971116e-07,0.048942209222094524,0.00010247716185473991,4.182939353670335e-06,1
0.1813262656179786,0.7677291336005623,0.0002228085694801987,1.8196974835894725e-07,0.0506111536492244,0.00010430364827764284,6.152944728302396e-06,1
0.1378148792636445,0.7901366746306042,0.00039251230786778267,1.8499353663745381e-07,0.07154812387978537,0.00010136973645314961,6.255188108400057e-06,1
0.12142977348651138,0.8018925927380139,3.499594377887889e-05,1.7652085177085103e-07,0.07662397259921298,1.2520010491536199e-05,5.968701139249022e-06,1
0.015683350150697394,0.2956028260681298,0.0001775941753348432,7.34156583892633e-08,0.6882075905802937,0.00032360598470138383,4.959625184479743e-06,4
0.017109728026074425,0.24734334306072858,0.00013250076918728529,6.116419162708836e-08,0.7351208049724137,0.0002906307988848597,2.9312085194404276e-06,4
0.06333525555698043,0.6439240155168978,0.00029354585762042735,1.592324717172185e-07,0.29175854125535966,0.0006735377642409165,1.4944816429076662e-05,4
0.06987556929658238,0.7193736851275536,0.000509396898262519,1.7789001063927313e-07,0.2093457437256656,0.0008860455006488933,9.381561276393026e-06,4
0.3205028362678559,0.3080738432776744,0.0004964919250781882,1.9237017939719673e-07,0.37007504209568154,0.00084421462931689,7.379434213576418e-06,1
0.2507263593499188,0.7439134999202567,0.0002399327064616834,1.9915360259013915e-07,0.004560314779117062,0.0005513658517940699,8.32823884915936e-06,1
0.22387804522132643,0.77224300387863,1.8921960116451824e-05,2.0091190415251055e-07,0.003839478062582969,1.3875773439985926e-05,6.47419200002375e-06,1
0.1534117355711115,0.8444087231348214,2.205498650801878e-05,2.0920891491566407e-07,0.002136375476725001,1.3295843121777507e-05,7.605778797373869e-06,1
0.24987129609667183,0.7478355945754644,2.383205405179687e-05,2.0704302663830497e-07,0.002245126443348601,1.5243627864590857e-05,8.700159572164366e-06,0
0.3265703050002213,0.6714613357141349,2.685594725944729e-05,2.0619026391584008e-07,0.0019159723589952534,1.666046351411478e-05,8.664325611064101e-06,0
0.3653714748331771,0.6310085343379613,1.9217897503461608e-05,1.6844126291648096e-07,0.0035791383998733145,1.1487058828378614e-05,9.979031393572685e-06,0
0.38644546287260395,0.609058565800865,2.1685788434237223e-05,1.8458181173655754e-07,0.004450577920685144,1.2587783381307597e-05,1.0935252218542988e-05,0
0.3955162034851143,0.5988467664391732,2.1482939531344304e-05,1.8829393096545698e-07,0.005591619541982253,1.2584129523144446e-05,1.1155170744921171e-05,0
0.3489551965515179,0.6435810186263738,9.128379329181196e-05,2.0710090742078305e-07,0.007250081485394299,0.00010994308273311837,1.2269359781600012e-05,0
0.00036672793222296713,0.06106255547121389,0.895968785781383,6.532425067428539e-05,3.690699183105235e-05,0.042487452979263075,1.2246593412074639e-05,2
0.00045708389375688475,0.07636624915097534,0.8041542515685898,0.00013244929179612218,6.775165320743744e-05,0.11881666519391788,5.549247756375017e-06,2
0.00013418295998780103,0.020848384806127725,0.9416123734995101,0.00012868901363770002,3.108775881481108e-05,0.037239779138706915,5.502823215032235e-06,2
0.00013283897321591184,0.02009534308564319,0.9485229186572367,0.0001611450453040051,2.8265678370186946e-05,0.031054040853712335,5.4477065175788456e-06,2
0.00017477208338064008,0.024396220425252964,0.8942273191931429,0.00019525925960245345,2.2517700738741075e-05,0.08097741103183077,6.500306051389665e-06,2
0.0001864732319286236,0.011610515924490885,0.9102255064094279,0.0002515195901964136,1.4845053434369769e-05,0.07770420428311997,6.935507401876582e-06,2
0.0001754592853178714,0.022722615805562115,0.9307612759883522,8.087104180871512e-05,1.2756959949552743e-05,0.04624167723835048,5.343680658815436e-06,2
4.100251593275893e-05,0.015724446506940493,0.9728976717693772,2.4551338161205444e-05,1.0044130785535113e-05,0.011300910822832098,1.3729159704041604e-06,2
0.0003773801105131716,0.0061137683016325595,0.7584364538593874,0.0021504057319920327,9.985753371505849e-05,0.23281797388718048,4.1605755793133735e-06,2
0.00029107368399575894,0.017894046308308716,0.8196833602936665,9.86937545375076e-05,5.0166620056638e-05,0.16197065911043435,1.2000229000355805e-05,2
0.00022440621641865266,0.01815682424719617,0.8816639354941007,0.00011144833037892019,3.372996535145908e-05,0.09980250330934069,7.152437213603016e-06,2
8.586065278493796e-05,0.006065220817927123,0.04143414594829773,4.577416027332299e-05,2.5825342671493775e-05,0.9523398910022257,3.282075819843895e-06,5
0.00011497856049308753,0.009990706391739856,0.9057395132431091,0.00012974785761888416,4.5969945076813953e-05,0.08397329744544334,5.786556518982959e-06,2
9.970992628841446e-05,0.01531795710541254,0.9537127174747531,5.749846393368025e-05,1.8277665779192066e-05,0.030784417690467032,9.421673365930877e-06,2
7.767787690637824e-05,0.01676424949027213,0.9499292957376388,3.740023923231147e-05,1.7023416490479257e-05,0.033171222998477905,3.130240982147063e-06,2
7.805394856842749e-05,0.01636653883961862,0.9569286837823853,3.758130970809298e-05,1.5777758900867832e-05,0.026569460150398995,3.904210419520301e-06,2
0.0001151281311376275,0.02531587246148677,0.9308244809505202,1.3463287933274448e-05,5.0909272622251864e-05,0.043678698760150875,1.4471361489393031e-06,2
0.0007543730873276937,0.1290987696062255,0.7422807569014325,0.00044777188058424714,0.00010895425168262876,0.12730342672947415,5.947543273454006e-06,2
8.691519056537342e-05,0.011123255317982297,0.987710156396957,2.8195940127719854e-05,1.0826057447358403e-05,0.001036314730275043,4.336366645299247e-06,2
0.00017118200589092805,0.022835732537586115,0.9746382284349688,0.00018658559103564075,9.229017506632423e-06,0.0021535392419322033,5.503171079804338e-06,2
3.2141024138011376e-07,2.730610505234768e-05,0.0032969774249982597,0.9966550766255861,6.228501563315335e-08,2.0253422202450888e-05,2.72690389388917e-09,3
7.621096556969006e-10,2.6956658857353165e-08,2.1559983875173897e-06,0.9999975643001832,2.0432166087308596e-09,2.4991910919938213e-07,2.0334982014340435e-11,3
0.0003851004114095367,0.01788273704380566,0.9085434096284816,0.02139252229844701,5.936706771851669e-05,0.051725027873546596,1.183567659123052e-05,2
0.0003956942593200621,0.022705550962575906,0.9123675621154719,0.0006503197392273217,6.229184697523519e-05,0.0638061623031365,1.24187732930483e-05,2
0.0007604275702532206,0.059935157113862055,0.7215715870106251,0.0002961635323127276,8.243690943089251e-05,0.2173231625185627,3.106534495343218e-05,2
0.000696412342539395,0.047114901287652354,0.8303752124335232,0.00034993215602275066,0.00010857857852028553,0.12131737467417879,3.7588527563372545e-05,2
0.0007305265437258382,0.045418439666272375,0.8357065710118472,2.7458612114692738e-05,0.00011473566549500663,0.11797364074445583,2.8627756088946442e-05,2
0.0008047816112709849,0.07069518259584831,0.7737667055033376,0.0007588084400771019,0.00016742989465108648,0.15378225243411725,2.4839520697735933e-05,2
0.0006742634434717263,0.04612908388231841,0.28236267097957884,0.00019253595235890961,0.00016452071340593248,0.6704721726557419,4.752373124242582e-06,2
0.00023594738704393975,0.015273080360110401,0.7815605726913091,0.0003500621461973881,4.384603513834444e-05,0.2025337314395623,2.7599406386378377e-06,2
0.0008536824202484271,0.08832810793838607,0.7371984834702838,0.00048246483282703384,0.00018004254360232537,0.17292299070647768,3.422808817451817e-05,2
0.00027209212914143326,0.05139907827653555,0.7951469930171108,0.00011856632046936132,6.03867180116978e-05,0.15300094802131395,1.9355174171506464e-06,2
0.0004103467445560157,0.076837639367659,0.6043528708168882,0.000567556168881538,7.572795027652597e-05,0.31775294384792,2.91510381873166e-06,2
0.0002693303908401058,0.0397362265674874,0.8843874628423356,0.0005035071338704117,5.0405109120288085e-05,0.07505115155525705,1.9164010890275248e-06,2
0.0001598611077553733,0.010421454225224884,0.9571433906970637,0.0002075734142599083,2.9917962675379796e-05,0.032036665112768356,1.137480252562441e-06,2
0.0002959921465029883,0.018304154162539648,0.852709963518268,0.061380247815647035,6.606605734422097e-05,0.06724053732243106,3.0389772669985662e-06,2
0.0003938111875265992,0.02945657355491514,0.24884315583921943,0.10019952981623702,0.00010238406830920709,0.6210018791234313,2.666410361407171e-06,5
0.00020268772066836958,0.028416931226477517,0.33275818979517435,3.6380675187017415e-05,5.853715122409396e-05,0.6385257150655237,1.5583657451090747e-06,5
0.00020424333144115786,0.027074488458124858,0.3044758670576927,5.72234060988217e-05,6.316443805239169e-05,0.6681234429825222,1.5703260677820096e-06,5
0.00029104494883120145,0.048221549212557,0.7425881737969028,0.0001988119636112288,6.368457743179961e-05,0.20863446083092027,2.2746697456223823e-06,5
3.1587861355402187e-05,0.0016647159846463868,0.990641275602926,1.2720302232396723e-05,3.139100327955731e-06,0.0076452210424291555,1.3401060825722088e-06,2
2.899693993243903e-05,0.0015648180844818878,0.9890904759099617,3.568190018002391e-06,2.9544849185795374e-06,0.009307925098343486,1.261292343859145e-06,2
3.1889373156776555e-05,0.0013835302003831552,0.991064443004958,6.534890436991839e-05,2.3638479296051752e-06,0.007448683649865055,3.741019337594722e-06,2
4.9890536410621256e-05,0.0017569742076604291,0.9860476971358738,5.3906926905612526e-67,3.4024882648643393e-06,0.012137619245292148,4.41638649826006e-06,2
4.745608388557764e-05,0.0016268476088693478,0.986201919743717,1.8165421284373913e-76,3.3213483996871066e-06,0.012118766560324942,1.6886548034970301e-06,2
0.0002524558248864378,0.009006456510637587,0.14361072713716969,2.0218453092308703e-05,5.212344874021083e-05,0.8470546530720263,3.365553447473947e-06,5
0.0001982068643061547,0.011127068275023676,0.6853384291336985,0.00023143020624312867,2.541808869018879e-05,0.30307237371788226,7.073714155883534e-06,5
8.385767623316759e-05,0.005750554453424025,0.04185254931217268,0.00028608915628939967,3.35262808078755e-05,0.9519926455321219,7.775889508769898e-07,5
6.673268511370009e-05,0.004595539800996857,0.03277538359165009,0.00043051668462089625,3.262668257685211e-05,0.9620985278161995,6.72738841961122e-07,5
0.00025085958295591735,0.01453977353706637,0.21955374504024197,8.940048780501989e-05,4.79580459449907e-05,0.7655162701031314,1.993202854297928e-06,5
0.00016517570020801173,0.009808428902022156,0.2145665433830159,7.23553747787299e-05,3.2082012905314033e-05,0.7753539544157563,1.4602113136119865e-06,5
0.00022403224146355592,0.01295264911432572,0.27798115789530214,0.00026543991795643197,4.413741610690693e-05,0.7085288485457563,3.7348690889336193e-06,5
0.00016383949442081997,0.00993161966802022,0.13740848282271664,0.00025252458853232456,4.388885754385034e-05,0.8521969676936897,2.6768750763588734e-06,5
0.0003028817180837822,0.013785002487023952,0.5202675521061513,0.0012517148016454017,8.498975077935754e-05,0.4643033180838724,4.5410524438689906e-06,5
0.00037105081605356657,0.03809652682009744,0.3615795684894921,7.0417168884275265e-06,3.759148836113928e-05,0.5998956233836237,1.2597285483764146e-05,5
0.028828268977228472,0.000364036239715617,3.554430691187784e-07,8.043681956500144e-09,3.2093966686472616e-07,2.4203734879369865e-07,0.9708067683192892,6
0.197370246477176,0.001902995670096767,1.9968613967130514e-06,5.280083807056361e-08,1.7544566147682983e-06,1.4030138403970812e-06,0.8007215507200374,6
0.2899283240035856,0.0027645523076246076,3.2291085657521544e-06,7.730522953832505e-08,2.4053091338829193e-06,2.038210181477597e-06,0.7072993737556792,6
0.22312714276058104,0.002311372682191538,2.499073366196884e-06,6.659673646905947e-08,2.072120340014104e-06,1.755872754470301e-06,0.7745550908940303,0
0.6536679104748594,0.007627665116478167,1.0249484319887988e-05,1.6681027686567036e-07,6.998602110971356e-06,5.624032807917225e-06,0.33868138547914667,0
0.8003867578205899,0.007299877953799133,1.1672263010443134e-05,1.710516218304911e-07,9.239085317105236e-06,5.7670303718566165e-06,0.1922865147952899,0
0.9728555272959962,0.008093178673234763,1.216992055935281e-05,1.9484310302907808e-07,9.829825396106847e-06,6.107086096174106e-06,0.019022992355614173,0
0.9727213789403,0.010344753947799972,1.073127971325144e-05,1.718101468785676e-07,8.669454531942679e-06,5.169830516824428e-06,0.016909124736991313,0
0.9793914516845532,0.017268848278135532,5.162480557762266e-06,9.653530500630525e-08,3.960999373709201e-06,2.90478283640189e-06,0.0033275752392383146,0
0.9599484041050647,0.040022140755751175,7.04166523456138e-06,8.90379719595229e-08,5.144642786379161e-06,4.465252692244376e-06,1.2714540499035681e-05,0
0.9506955819352456,0.0492795825297508,6.787688377958651e-06,8.582657472842886e-08,4.927523393551963e-06,4.83031799607787e-06,8.204178661443688e-06,0
0.7302959465100473,0.2696688544651505,1.075449571286007e-05,1.3598466496541563e-07,1.050591569281824e-05,6.903304100356678e-06,6.8993246313136955e-06,0
0.5642365465334316,0.4355777978839518,1.0012791684976654e-05,1.4290862476192793e-07,0.00016403719792711005,7.254801087653919e-06,4.2078832920818004e-06,0
0.7732264282841701,0.22652131404056122,8.466979721928881e-06,1.301471164723615e-07,0.00023330006967463545,6.6056143660641125e-06,3.754864389536746e-06,0
0.8402659085902181,0.1596591996968629,1.2404290379950977e-05,1.3168450850846008e-07,5.2269113673529374e-05,6.0465422475235384e-06,4.040082109529499e-06,0
0.7601568907387019,0.23972843572197308,2.0629044343094072e-05,2.2065979847034366e-07,7.416835418460314e-05,1.0132010278910258e-05,9.523470720085178e-06,0
0.6800707731003037,0.31982273879465084,2.3849464845208903e-05,2.1745840484213453e-07,6.613267876400649e-05,1.0258202185811082e-05,6.030300845463157e-06,0
0.7772110744399473,0.2227427757284069,2.1889316685233545e-05,2.1018079797671268e-07,8.805089978759095e-07,9.752350237484284e-06,1.341747492716394e-05,0
0.8454836893463908,0.154481939738349,1.271694784414118e-05,1.5145298130997328e-07,7.265239774412667e-07,7.004480155763776e-06,1.3771510301335275e-05,0
0.7840068688253126,0.21593456194194305,2.010183495115091e-05,2.3710200315032128e-07,7.2452452489664006e-06,1.1614374304834832e-05,1.9370676236473003e-05,0
0.5757930098678276,0.4193571329251511,1.602261338203871e-05,1.1891563738196583e-07,9.507838445800221e-06,7.377090513700396e-06,0.00481683074904226,1
0.21377844997682968,0.12437133627289389,5.237355383978668e-06,2.1557619212006068e-08,7.053961068706022e-06,3.234076435415987e-06,0.6618346667997691,6
0.32419371828728427,0.10825745432365778,6.446687059681198e-06,8.013419145791656e-08,5.475294087223796e-06,3.972199452351163e-06,0.5675328530742673,6
0.276130271573612,0.7204605301823077,1.1774333351248046e-05,1.3903984005682223e-08,7.569954575689682e-06,8.934902108837993e-06,0.003380905150060857,1
0.2953437645262118,0.7046014072633171,1.1371897472089104e-05,1.2495693920165516e-07,2.8915562505087824e-05,6.947572063900423e-06,7.468221490712577e-06,1
0.2726525806981248,0.7273021476041469,1.2208018458817332e-05,1.2736345205437642e-07,1.9256202015821172e-05,7.786630620734067e-06,5.893483180923251e-06,0
0.3142291609856373,0.6824398314767971,1.3666922721601083e-05,1.260909536228557e-07,0.003303413919402802,8.162191741182248e-06,5.6384127463813795e-06,0
0.3598309176344053,0.6325613593770434,2.2007271059828498e-05,2.4707720683583945e-07,0.007562208063414241,1.2687412895391414e-05,1.0573163975071157e-05,1
0.16829295325541796,0.737385840282441,2.385282983701078e-05,2.7610045378044906e-07,0.09427082481650857,1.4437560844913447e-05,1.1815154496836385e-05,1
0.1211291217601681,0.8654223545070338,0.00020873587558651677,1.2458085036994085e-07,0.012970793698207712,0.000262606540580962,6.263037572433713e-06,1
0.36382986191157246,0.6357615752370743,3.418621101061889e-05,2.486248079035784e-07,0.0003481368265673154,2.0305894095489685e-05,5.685294871694266e-06,1
0.21464692728490847,0.7850930409104349,2.3844881722283172e-05,1.711886359678886e-07,0.00021899341437566546,1.3107755312693009e-05,3.914564609892115e-06,1
0.15492912348562052,0.8450021179497845,2.3302492150495312e-05,1.450334319350089e-07,3.0493239126188625e-05,1.1457471284270602e-05,3.360328602158466e-06,1
0.13898062448736542,0.8609385696444267,2.7771609620635397e-05,2.0154680692192486e-07,3.2570009734073636e-05,1.6265925309511393e-05,3.996776736804909e-06,1
0.14240229604008262,0.8544540337971983,2.6323393622345908e-05,1.5219118163724524e-07,0.0031005922316012947,1.3076177389734297e-05,3.5261689241491516e-06,1
0.12968167656625176,0.8644186260321483,2.91201993660766e-05,1.683611776892313e-07,0.005852042530027524,1.446549400119904e-05,3.900817027730036e-06,1
0.13815621461232935,0.8552537104752629,2.81304870047808e-05,1.626390623758497e-07,0.006544039693739114,1.3973853197327514e-05,3.768239404103081e-06,1
0.1837585744286165,0.8033389383562021,2.8142775054660465e-05,1.785133498569601e-07,0.012854692127939793,1.5337762701186962e-05,4.136036135863278e-06,1
0.15747846122939033,0.8081821536622519,2.464010580494699e-05,1.948894286395701e-07,0.03429517014032699,1.357726798313397e-05,5.802704814145417e-06,1
0.16360292708042223,0.7871406534482677,0.00022927139941113366,1.8254812120960877e-07,0.04891689510618228,0.00010463516710938697,5.435250486137063e-06,1
0.05083129814535366,0.6652906756963954,0.0003582385373833173,1.2554397655689906e-07,0.2833251661742011,0.00019075791319383582,3.7379894960899126e-06,4
0.0687175217027947,0.6786714159871717,0.00028771121170852095,1.6258657761003294e-07,0.25207130527493454,0.0002470423281849847,4.840908628030174e-06,4
0.022720833189734547,0.348763085194927,0.00018179923087368113,8.661849367960694e-08,0.6279632759433454,0.00036353235669942387,7.387465926072319e-06,4
0.13533055977653327,0.688886614849627,0.000559532166965861,2.146338893142379e-07,0.17428194948854905,0.0009306047000758174,1.052438435971312e-05,4
0.1560587307180633,0.8224665639774951,0.00013424151499260832,1.9160151585921464e-07,0.019977655394961366,0.0013556910088248757,6.925784146791521e-06,1
0.23150558190043996,0.7325119008356351,0.0001398861465823826,2.7701360762655294e-07,0.03437015404467996,0.0014621487047090697,1.005135434587749e-05,1
0.2090759931567482,0.7892998700053192,0.00024093530919341998,2.2324780146764587e-07,0.0010820163922164276,0.0002720865563048467,2.8875332416465465e-05,1
0.19826155278432925,0.7999874666880891,2.3535880624865815e-05,2.0728910057425164e-07,0.0017065275405431098,1.3173833262318851e-05,7.535984050726981e-06,1
0.28216967391217695,0.7143723009523663,3.0208509942125282e-05,1.879278642175703e-07,0.0034065423259758533,1.311941077358586e-05,7.966960901062654e-06,0
0.4253554651706623,0.573664835328506,2.4674389902273114e-05,1.584052984337939e-07,0.0009379370735938281,1.0011621645116286e-05,6.918010392119622e-06,0
0.00032467318835105517,0.04728209791100253,0.9387838978353267,0.00018450978492187686,2.9904520128310268e-05,0.013378800159784293,1.611660048525078e-05,2
0.00034553704291115513,0.04788590951113427,0.9386823186396106,4.809777369346271e-05,3.0286412999980953e-05,0.012991528203629105,1.6322416021312662e-05,2
0.0003449509566227944,0.09996637737863369,0.8334056022661841,5.648154096433801e-05,5.113065217544503e-05,0.06616926023809187,6.1969673277571025e-06,2
0.00031529706842411357,0.10584806584963279,0.7271808114137733,4.895452004796941e-05,6.862447392322758e-05,0.16653578716258802,2.4595116106705103e-06,2
0.00015171583759347724,0.020916661031935443,0.9599717666768357,0.0003904676267524024,3.514980864874242e-05,0.018528017174318515,6.221843915750158e-06,2
0.00023497175251703694,0.03610114200021654,0.9211128234065619,0.0003451279499362346,5.385267325963757e-05,0.04214244606091518,9.636156593542958e-06,2
0.00029429969239332424,0.03484659402067952,0.9177886964977875,0.00036534190154090046,6.134285260474047e-05,0.046627980667738836,1.5744367255173274e-05,2
0.00032578729724211294,0.04011173118715073,0.8942356505731519,0.00039732903716444354,8.517767667112675e-05,0.06482140753955597,2.291668906358106e-05,2
0.00017256724043281964,0.01941087977299888,0.9435887494251557,0.0004373231914303597,2.891784459918672e-05,0.036336986445138705,2.4576080244282563e-05,2
0.0005746935737724296,0.1019917228519026,0.7412124166571353,0.004974652223839837,0.00013093001419867383,0.1511083232669201,7.261412231079127e-06,2
0.0005159832769118945,0.07582302369648929,0.7003639978444564,0.0009347661289981395,0.00011808917514462592,0.22222650698070084,1.763289729886706e-05,2
0.00018281598716066735,0.023930470203245034,0.8959968269698274,3.369152519691015e-05,1.9807558470281276e-05,0.07982933298979139,7.054766308121965e-06,2
0.0001705830460159765,0.023892898343137826,0.9017874694301578,8.263522056614099e-05,1.7875927548270075e-05,0.0740421935295801,6.344502994034588e-06,2
6.120793420822728e-05,0.014318908925901727,0.9681387567547809,4.110307060254512e-05,1.1034988710291588e-05,0.017427121035083683,1.8672907127121915e-06,2
0.00013520611141938207,0.04415574499825096,0.8575724747373727,6.303590434485411e-05,5.7126954400230235e-05,0.09801573477543268,6.76518779052746e-07,2
0.00014174511676567296,0.0026201148901631526,0.9750007323079241,0.0007411444311385403,3.0331583732540818e-05,0.02146114205942145,4.789610854489454e-06,2
0.00020073788161716923,0.012040566646672284,0.8675013236306007,0.00013564811150655346,4.272781447174921e-05,0.12007131768572606,7.678229405278624e-06,2
2.8079131023635055e-12,1.0258871821402389e-10,4.22804143279668e-09,0.9999999940788977,7.527642743445014e-13,1.5868811110043155e-09,3.036113828201666e-14,2
0.00022351865481312194,0.012184985294328264,0.12942555410690712,0.008713711518869238,0.00010312197015809633,0.8493450863646788,4.022090245380069e-06,5
0.0001663043707994038,0.012635402388793291,0.0879545404831581,8.051508415578451e-05,6.99265750621564e-05,0.899091626381392,1.6847166392270625e-06,5
0.00017590306613900943,0.012027292662986393,0.6109814690055423,9.443691942573604e-11,4.414337099621509e-05,0.37676732576131033,3.866038588924777e-06,2
0.0001029321896918879,0.005773429585626061,0.9458646915998936,0.00010307655904633638,2.2382950024342862e-05,0.04812610352079778,7.383594919877163e-06,2
5.6367192682344314e-05,0.013097087001604323,0.9699545900336368,4.331185243471978e-05,8.091003798770388e-06,0.01683709352795547,3.4593878876018504e-06,2
0.00012506463650709785,0.024392126915731793,0.9405283689394441,6.526673386616905e-05,9.488089132228858e-06,0.0348684140508172,1.1270634501236959e-05,2
0.0004526123329621717,0.08096479586578784,0.7498062574167926,0.00018703129149949774,0.00018309776511510928,0.16839728271830662,8.922609536280853e-06,2
6.82872093111024e-05,0.007660166396150422,0.991810937635183,1.2382494373956691e-06,1.1610493565083907e-05,0.0004450982883519439,2.661728001040264e-06,2
7.644352249636875e-05,0.008970238827832074,0.989983867893788,1.1736187730517366e-05,6.547280528517896e-06,0.0009481900081804178,2.9762794438968388e-06,2
4.2467848340675765e-10,3.614401767379223e-08,4.006696412811167e-06,0.99999592714518,8.229702284679698e-11,2.9503810897708063e-08,3.603050746237004e-12,2
3.284601956509238e-12,2.870205918699223e-10,4.550764579182563e-08,0.9999999540000261,6.208558483816983e-13,2.0137324282337038e-10,2.8756457099117876e-14,3
2.73010827605575e-29,2.512012697170158e-27,3.495373317702721e-25,1.0,7.336025314034173e-30,1.0800045924499064e-27,4.494690866366705e-31,3
0.0005680664957857604,0.034354537502298776,0.9168815716405528,0.0002888022122840329,6.302878594057536e-05,0.047798749256156195,4.524410698195796e-05,2
0.0006648921755193609,0.03723884430728171,0.8824831211609804,9.748235080002197e-16,0.00010792453883572942,0.07947008738747828,3.51304299037268e-05,2
0.000834823921246901,0.07451700849511646,0.7937567441835861,2.9112095246382347e-05,9.610029134586245e-05,0.13073349606860107,3.271494485714852e-05,2
0.0009036890422634869,0.07472773636115734,0.7749196539640588,3.405831990550624e-05,8.225395441753715e-05,0.1492980139640267,3.4594394170512075e-05,2
0.0010748513659044573,0.0850168509233117,0.6831499185156121,0.0003776293041753768,0.00018338105988554025,0.2301552457061706,4.212312494005242e-05,2
0.0005910496044091188,0.04345113520661587,0.3301503768779077,0.00022558803902392578,0.00012379716360734312,0.6254513818909575,6.671217478484009e-06,2
0.0003000289058789273,0.019421133021454026,0.7523945615910134,0.0006736024133213801,5.575428537056294e-05,0.22715066738675288,4.252396208740578e-06,2
0.0003858779117973539,0.0935528756149969,0.6920103189198945,0.00012859563659209646,9.034327637149059e-05,0.21382925152470791,2.7371156395942416e-06,2
0.00026891862832071684,0.08009519814626291,0.7519041907191852,0.00010326361610282858,6.952765433188846e-05,0.1675568260105051,2.07522529109755e-06,2
0.00026081043981152844,0.04967115071821994,0.8119506627399435,0.0003524543784637324,4.895380002200331e-05,0.13771410670118883,1.8612223505026038e-06,2
0.00022602353846242794,0.03334685887438603,0.9108475860231993,0.00035925814995262925,4.230024352029354e-05,0.0551754701524966,2.5030179827349186e-06,2
0.00020060583183879825,0.013105250029094956,0.9434983581874868,0.0005024218699832486,3.7622617031023945e-05,0.042653681826937184,2.0596376281871713e-06,2
0.0005673464139196922,0.0407109638952526,0.37170800821428013,0.2794768129441858,0.00018398448019803744,0.3073488254472849,4.0586048788382404e-06,5
0.0004816396309342269,0.036383594810863576,0.21586923069521866,0.0016465857256222466,0.00011895360619711624,0.7454969045472924,3.0909838716851656e-06,5
0.0002590604534519913,0.016367011366528093,0.08794203377715465,0.00010764844426462949,3.417546824600614e-05,0.8952835635219439,6.506968410729561e-06,5
0.0004810484350933258,0.08273839723537005,0.1876410114063079,8.274154370174449e-05,5.8045324809969235e-05,0.7289859272784885,1.2828776228441736e-05,5
6.158142600228791e-05,0.0017238447764123207,0.9831448422225194,2.195873469830213e-07,4.423294034321992e-06,0.015059100223245633,5.988470439080752e-06,2
0.0002258552962391306,0.006394248942394098,0.06451224594072713,0.00012343595518440754,2.5337402988491723e-05,0.9287150837018154,3.7927606511599626e-06,5
0.00026115146422497004,0.008579740144893756,0.3379115262139501,0.0007118850577475633,3.045077840041454e-05,0.6525035128922038,1.7334485793320093e-06,5
0.000543671853544142,0.014160023387959754,0.3156014932345901,0.003450193637240351,4.9609992551236824e-05,0.6661920204232892,2.9874708250802934e-06,5
0.0004393883759083041,0.01213902173213108,0.23080719426618898,0.05593890876339634,4.325628278375016e-05,0.700629364041012,2.866538579622648e-06,5
1.8221363588373205e-05,0.0005637596977284592,0.017433004227804097,1.6102194723773277e-17,5.2005862740745836e-06,0.9819792197891132,5.943354917540621e-07,5
0.0003598301805650828,0.011899362320004317,0.6115736398685133,0.00022234891858394148,5.602999212625781e-05,0.3758762647942306,1.2523925976450417e-05,5
0.0002150743510185977,0.012624391326958478,0.7441902388621694,0.0002094725368929397,4.827548416842914e-05,0.2427048717486151,7.67569017699493e-06,5
5.675871622024289e-05,0.003867525030028556,0.02344559644442436,0.00028680266307590593,2.149496679725245e-05,0.9723213236377641,4.985416896312877e-07,5
6.649258437887255e-05,0.004589935870854192,0.05610358126809262,0.0013290924700762729,1.910037582190648e-05,0.937891142703536,6.547272402513265e-07,5
0.0006163278066181056,0.04093692113270387,0.45687028582614697,0.011440531130544152,0.00014285619155137208,0.48998855105007816,4.52686235736506e-06,5
0.00020712368229841612,0.012299375205860347,0.2539743807401607,0.00035388751484044246,4.022955337937567e-05,0.7331221535416423,2.8497618184706903e-06,5
0.00017717437385644872,0.00999078393268776,0.22679753026391558,0.0002489771533904518,3.4412510686470985e-05,0.7627486840685267,2.437696936558472e-06,5
0.0002058868587216703,0.011903555581335185,0.19259369235199386,0.0003656079105799454,4.0562527495938886e-05,0.794887896939003,2.797830870443304e-06,5
0.00023200553979912255,0.011864301469028135,0.3008373022670057,0.00024947195495109793,5.592898868583793e-05,0.6867561460812515,4.843699278652664e-06,5
0.0004455936461336634,0.023029269954122945,0.5033501159448244,0.0005951147954610282,8.097229156386146e-05,0.4724897127131345,9.220654759675414e-06,5
0.0004903416545084006,0.025075096124630165,0.33198496772647995,0.0004842306163961627,0.00011768077188516893,0.6418349763259104,1.2706780189946634e-05,5
0.0005004664764821276,0.009480452430677891,0.6588103876863364,0.0015990870133771587,0.00011297905769422318,0.3294866737812807,9.953554151215554e-06,5
0.00027493141036488814,0.021846134364773236,0.13080835466611443,0.0006148144200750549,3.9037448724559896e-05,0.8464078499582751,8.877731672756365e-06,5
0.00039144707561047866,0.053771492604979064,0.40339801224652294,8.739762032011535e-05,4.9283407289376733e-05,0.5422770353415861,2.5331703691935118e-05,5
0.0004536924489991144,0.052092374578561675,0.35837353264807764,0.0005012039378831179,4.3868110682537965e-05,0.5885103602429935,2.4968032802302228e-05,5
0.024996753109610546,0.000305171102546787,2.6530082836208415e-07,6.003761703474162e-09,2.1583534347605944e-07,1.8065539803245675e-07,0.9746974079925111,6
0.1060700351502402,0.0009553149260657808,9.932374588941038e-07,2.6720639197866935e-08,8.463455074689166e-07,7.04509632710959e-07,0.8929720791104558,6
0.19275596025938993,0.002131518099537749,2.633461910300521e-06,6.243119971456322e-08,2.0744525145747747e-06,1.6589099808428769e-06,0.8051060923854668,6
0.7391431435798207,0.005895140525924575,7.901412172628426e-06,1.2859542109727621e-07,5.395280209728288e-06,4.335613373397933e-06,0.25494395499307787,0
0.7050412250294341,0.005714294762621728,7.659019831131995e-06,1.2465048764177708e-07,5.2297687069116515e-06,4.202609366716482e-06,0.2892272641595518,0
0.9469986179908716,0.009323874886108311,1.4150481190807596e-05,1.764491275091934e-07,9.366548342383086e-06,5.949008062849758e-06,0.04364786463629642,0
0.9567196826218437,0.00865234385779705,1.1912931552648597e-05,1.9072865254713735e-07,9.581616646901586e-06,5.9781243677833034e-06,0.03460031011913915,0
0.9784086620775682,0.007232988460240807,8.973231485358353e-06,1.436634083417897e-07,6.835493173595215e-06,4.322884800985195e-06,0.014338074189322753,0
0.9631526787613934,0.036822261269891694,7.078433235137564e-06,8.950288304166893e-08,5.138589666122196e-06,4.197845255910995e-06,8.555597674864736e-06,0
0.742683917013005,0.25708178785721353,1.0921484575277166e-05,1.8328385375188358e-07,0.00020893432656489123,8.93061495456889e-06,5.325419833013912e-06,0
0.7879914098884412,0.21171590244292038,9.371808367343977e-06,1.5778832150312818e-07,0.00027147672880696176,7.3177134676080274e-06,4.363629675107183e-06,0
0.7666631248942694,0.23300622699959142,8.637048074451382e-06,1.2342278175702707e-07,0.0003116872501034406,6.738295202623333e-06,3.462089976729671e-06,0
0.8137269035572218,0.18619949385147813,1.2909346385931576e-05,1.509604058700463e-07,4.9424396614502274e-05,6.9316313827293745e-06,4.186256511034683e-06,0
0.7278456119613085,0.27210574131553583,2.0750000410113535e-05,1.8919762011194098e-07,1.081089236698501e-05,8.731040258513838e-06,8.16559250002229e-06,0
0.8444361017172982,0.15553190542413292,1.2163750466909623e-05,7.010466766166807e-08,5.784720742815099e-07,5.571432354084519e-06,1.3609099006025922e-05,0
0.8032830999778827,0.19666885037122875,2.2042712914487715e-05,2.116537056208791e-07,8.846059019719964e-07,9.788676116458134e-06,1.5122002249748128e-05,0
0.7388966977447199,0.2610142024688044,1.9733532526512828e-05,2.1700918140588493e-07,1.2598172265438881e-05,8.513867990462066e-06,4.8037204511869375e-05,0
0.7616572040558629,0.23825521015213877,1.5373908318623343e-05,2.1291061966691895e-07,1.2912184942746147e-05,8.776123792552683e-06,5.031066432487325e-05,0
0.868435426555803,0.13037782063476638,9.808321417745712e-06,1.2487072551793282e-07,7.5512300442984994e-06,5.012436501843137e-06,0.0011642559507412575,0
0.7921368754793655,0.2035729735614152,1.3561540355775774e-05,1.3257525678573072e-07,7.242263079185265e-06,5.1600035567687065e-06,0.004264054576970869,0
0.5788129662041731,0.07814421841863288,1.3651774452767843e-05,1.8794947782636838e-07,1.673757856992321e-05,9.604646895097808e-06,0.34300263342779824,6
0.4130885055075216,0.25110707836448387,9.697728337088346e-06,1.3351253226192795e-07,8.898594129999676e-06,6.822794845063762e-06,0.3357788634981503,6
0.5334892048949185,0.45898237900083827,1.3072801407278604e-05,1.2468980594936114e-08,7.434642250979629e-06,8.82440951465186e-06,0.007499071782089819,1
0.28730264645236075,0.7097218058410688,1.3285732792392945e-05,1.5688753727158465e-08,8.36562983723612e-06,1.0081821059671902e-05,0.002943798834127318,1
0.20143115403204284,0.7968517708323395,8.345488412876106e-06,1.543588342221292e-08,5.262460159970147e-06,6.239352142900424e-06,0.0016972123990185522,1
0.1698912314356919,0.828392599149746,6.875358480901586e-06,8.587301875563029e-08,1.157723079924769e-05,4.7745166451829234e-06,0.001692856435618053,1
0.32063485771723965,0.6791875074708674,6.447523609094082e-06,1.3048177015591293e-07,1.8445979375742936e-05,7.254751172486217e-06,0.00014535607596537648,1
0.19246215502234815,0.8074685644480121,1.4806572245380698e-05,1.5689079482386254e-07,3.206837302078594e-05,8.723085809923252e-06,1.3525607768686498e-05,0
0.18840235187963247,0.8114976642784363,1.480056272110582e-05,1.2539268900681115e-07,1.9289713248085218e-05,7.241159666667521e-06,5.852701360645553e-05,0
0.2820104905052992,0.717944202187822,1.2088050837619877e-05,1.2560217622040678e-07,1.960271877536927e-05,7.678951344464987e-06,5.811983744962338e-06,0
0.33892679026541045,0.6609482455429053,1.550716605926883e-05,1.377120197006716e-07,9.317879586739763e-05,8.419311915215448e-06,7.721205822560783e-06,0
0.29825888885968777,0.6871106204050702,1.5303513071434607e-05,1.5678783667384216e-07,0.014600405984849062,9.102662377062757e-06,5.521787107824502e-06,0
0.21276701536790094,0.7300939515128871,5.098877235850638e-05,3.2862259407573647e-07,0.057016821434367704,5.8717213187518725e-05,1.2177076704128863e-05,1
0.09750920590110043,0.8866546700963626,0.0001531668186503872,1.2935758375885585e-07,0.015568006777155035,0.00010743576440610783,7.38528474164681e-06,1
0.0982316377236531,0.8914122532409358,1.838129612710731e-05,1.3027693763221637e-07,0.010322495730583265,1.2341117683058554e-05,2.7606140798932625e-06,1
0.2104039260903028,0.78927967916415,1.902306432637199e-05,1.402792369044028e-07,0.0002820767268416677,1.2255349561669536e-05,2.899325580786057e-06,1
0.260966545363607,0.738739987742761,2.6885010675035255e-05,1.9301451603093648e-07,0.00024691421630119276,1.5764043638543046e-05,3.710608501109673e-06,1
0.3148932029688312,0.6829282837288059,3.2686067999740155e-05,2.497541911213276e-07,0.002121064562495238,1.9796126785469745e-05,4.716790891202154e-06,1
0.1590319882899816,0.8407672286058753,2.072032346312933e-05,1.223247917988534e-07,0.00016716473256708482,9.658452122725204e-06,3.1172711982110524e-06,1
0.1257962572181258,0.8740819104011569,2.8210817681846616e-05,1.9056491397421374e-07,7.427237124307759e-05,1.5379626721244914e-05,3.779000157111952e-06,1
0.13537140144837317,0.8645099861350922,2.5980749018742323e-05,1.8855000043917671e-07,7.3487061906873e-05,1.521701222207931e-05,3.739043386441657e-06,1
0.15627500897675317,0.8408704353660326,2.460900161503442e-05,1.429494597050995e-07,0.0028152262715169765,1.0932663785821835e-05,3.6447708366364092e-06,1
0.15774231924120474,0.8368014737597473,2.6752085803059523e-05,1.553982673232667e-07,0.005413452598962368,1.1884738935350678e-05,3.9621770797323704e-06,1
0.18399424267927575,0.8095433521916647,2.9738057359977776e-05,1.7274326276166298e-07,0.0064148786366769244,1.3211270731174144e-05,4.4044210285089255e-06,1
0.16121148172306005,0.8292104401500712,2.6478448231598955e-05,1.6924537446683555e-07,0.009532967666309669,1.4541463671629376e-05,3.921303281706644e-06,1
0.16171920563938108,0.8286508017912966,2.9126193907937767e-05,1.8607268240257045e-07,0.009580899927164252,1.5579225662940284e-05,4.201149904718696e-06,1
0.16679382670254866,0.8103606787915315,2.4958583881166605e-05,1.9740841174784105e-07,0.022800708050977742,1.3752756766413406e-05,5.877705882757238e-06,1
0.020598991286052873,0.306659347902359,0.00016006755010029966,7.62644044754326e-08,0.6723027345671208,0.00027305492962031763,5.727500342271371e-06,4
0.08493099986802498,0.7516766409239747,0.00035909434077632736,2.1058797062387487e-07,0.16220262872594,0.0008201007667927647,1.0324786520455539e-05,4
0.19441302430446464,0.7831576848573809,9.77554716092345e-05,2.33730408938985e-07,0.02129267553017294,0.0010295394478743018,9.086658089000705e-06,1
0.28454131069407407,0.7113112886735888,0.00025337894272443846,2.0550816553752516e-07,0.0034938172609829034,0.000389528354508725,1.047056595547308e-05,1
0.2579115637093155,0.7381330859686234,0.000226906096112317,2.2696112121466116e-07,0.0034133938666936433,0.00030299029640176457,1.1833101732051089e-05,1
0.20398856807439542,0.794023666761583,0.00024360571405243644,2.245838934657464e-07,0.0014953937921970536,0.00023045665420854989,1.8084419670247747e-05,1
0.2913668721628606,0.7063122057428237,2.770328536434563e-05,2.358370209379256e-07,0.0022667764890382316,1.6296370252926518e-05,9.910112639380316e-06,0
0.35791581687078083,0.6399763553414933,0.0001132259834691324,2.921113738305238e-07,0.0019600797418904497,2.195513253367039e-05,1.227481845891606e-05,0
0.25648713320279487,0.7417941867266908,3.9463824128685215e-05,2.841392202695858e-07,0.0016495039132588022,1.9098327906778027e-05,1.0329865999734944e-05,0
0.2924340888035878,0.7061982646600357,3.140419587039412e-05,1.9562150137861962e-07,0.0013126285940269012,1.519790956967893e-05,8.220215408237696e-06,0
0.2404307305926306,0.7578932604303353,2.2817688037097885e-05,2.117108439151108e-07,0.0016270564410989382,1.3380669007938776e-05,1.2542468046182918e-05,0
0.17969079895604964,0.8136435705643619,2.36474467541053e-05,2.1940964836619934e-07,0.0066140232576268575,1.474179424011154e-05,1.2998571319099382e-05,0
0.00010074606557430422,0.014091073300614555,0.9724514490567415,0.00023865903319571487,2.5314744284352874e-05,0.01308931687690153,3.440922688104396e-06,2
0.0002554982467027368,0.03673639746703367,0.9290849385737989,0.0005755257669179568,5.480029439280545e-05,0.033277578449662434,1.5261201491617172e-05,2
0.00032299408836038016,0.04201150319552471,0.8912119993140175,0.00044369536562586837,8.228556673876196e-05,0.06589772999365524,2.9792476077501188e-05,2
0.0002960345337294411,0.034260823666969725,0.8827995855984284,0.0020229936621633414,7.672313355738698e-05,0.08052707378294716,1.67656222044871e-05,2
0.0005742616415428583,0.08788846892398834,0.7475645893856164,0.0014624561487637483,0.0001296350352238149,0.1623759693644017,4.619500463039657e-06,2
0.000554039425804158,0.10042437001594601,0.747277648729744,0.003377335413315931,0.00013344901103978386,0.1482286594381372,4.497966013094199e-06,2
0.0005199519963347248,0.06375130702676116,0.766664253717057,0.00036856388150891136,8.799045621063154e-05,0.16859367705136857,1.4255870758922762e-05,2
0.00014668296423603051,0.01864346387219059,0.9268830557988166,9.246396820076418e-05,1.5892654881139693e-05,0.05421278032843581,5.660413239233622e-06,2
0.00013884610117048598,0.04116964040244502,0.8766031891742175,9.468397862525614e-06,5.635915685276257e-05,0.08202176217325749,7.345941944163486e-07,2
0.0001891446064697224,0.012047192526805754,0.9288620353914877,0.00024129941526324176,2.6072216191796094e-05,0.058626761480449006,7.494363332718366e-06,2
0.00032834056097870077,0.022589421857658356,0.20506057692340243,0.000281317798944954,0.00010483086544239204,0.7716284020834226,7.109910150635964e-06,5
6.790007083555062e-05,0.005066036429837773,0.025541368360988023,3.3409224389792905e-05,2.4625831238793237e-05,0.9692654032153354,1.256867374713263e-06,5
0.00017309192693991458,0.01456799102393681,0.215508150495006,0.002157013473287107,5.8422191661255914e-05,0.7675323883698909,2.942519278071293e-06,5
0.0002406703526383744,0.022011677126945167,0.19574653239904777,0.0001946619995527701,8.037597680603862e-05,0.7817211769780922,4.905166917715658e-06,5
0.0002504088908848283,0.013172595140470044,0.7048782910799175,0.00018363466248450937,7.126916540654316e-05,0.28143934195730635,4.459103530213016e-06,2
9.03976413531285e-05,0.004755308515566454,0.975399121490693,7.94235499393272e-05,2.107274978323719e-05,0.01964766734450553,7.008708159364411e-06,2
9.816878350443014e-05,0.02441506231068095,0.9529387527106801,2.8066495811266005e-05,6.2857947703281206e-06,0.022505994166823907,7.669737729245562e-06,2
0.0005495610904011805,0.20029156846874943,0.3476983622508407,0.18830523821229742,0.00011892032151982573,0.2630091233789788,2.7226277212454563e-05,2
0.0007558025786149939,0.10968849540678124,0.6449112985114662,0.0033461000915442443,0.00017286122471675712,0.24109206311121528,3.337907566123989e-05,2
0.0009367639378289249,0.14080286524960398,0.6570213909934061,0.0005856568583180626,9.971340901723168e-05,0.20051896829132607,3.4641260499714765e-05,2
0.0006396470677168253,0.07860908289577966,0.9079592443801507,0.00016896629941003775,2.7668548960131286e-05,0.0125792547709989,1.6136036983642422e-05,2
0.00020293470752134334,0.020769027668716,0.9641748184676769,9.86092092225281e-18,2.8231613563041995e-05,0.014814041403630334,1.0946138892219113e-05,2
0.00012813746981782528,0.020645227894269258,0.97839261472767,2.115666250066577e-05,1.657337639551677e-05,0.0007920901535450704,4.199715801618483e-06,2
0.00021393857632953674,0.009954923778300394,0.9352855157802817,0.006821288570569561,2.5957789793553636e-05,0.04769178684561537,6.588659109715344e-06,2
0.0006577950456395205,0.06220976357017264,0.8972284298973361,0.0006675698821219548,8.485695504970469e-05,0.039102650133018814,4.893451666125667e-05,2
0.0006123111740715603,0.060648636251067096,0.9050298522945474,7.559659549401702e-08,6.63847916496979e-05,0.03358963193925135,5.310795281735194e-05,2
0.0005219821100865403,0.04572616975914606,0.9373162293108737,0.00037632618435304803,5.7763378467773616e-05,0.015956255869214273,4.527338785873274e-05,2
0.0005791137859355716,0.04182862513597262,0.8828726214114275,5.776100667778894e-06,0.00011118016842244444,0.07455715071798186,4.553267959203489e-05,2
0.0005724601560143983,0.13449944383643841,0.37086436060411954,6.153998238389923e-05,8.6906860651212e-05,0.49390170426012586,1.35843002668347e-05,2
0.00028088089511150424,0.01804129587514777,0.621938563667632,0.03892804312623039,5.179304202111074e-05,0.3207554731228769,3.950270980354042e-06,2
0.00046418712873533806,0.10658838006485702,0.18278461529637918,0.00016028592205401715,0.00014004463239803441,0.7098591038991517,3.3830564246947633e-06,2
0.0006374072268408566,0.2065581851785711,0.13876987524919301,0.00010914415388246508,0.00014014361031049376,0.6537802339069775,5.010674224643308e-06,2
0.0004280521216351336,0.08336035841633058,0.5890135869583394,9.486860608557039e-05,9.712995764475843e-05,0.3270027543127943,3.24962717025085e-06,2
0.0005110921111304804,0.04126206822894117,0.3532257974999492,0.08525242424455455,0.00013733234293636083,0.519607712412726,3.5731597621564075e-06,5
0.00044862042687182445,0.03128529180582018,0.22847124655398712,0.0006671506298059969,9.313709383678457e-05,0.739031682539964,2.870949714115912e-06,5
0.0004362957456164518,0.029575337422035525,0.2122199051347376,0.00020021046554231388,0.00010084798098694026,0.7574617074068487,5.695844232535865e-06,5
0.00017478764445021678,0.03022794268361769,0.06361125523804387,4.5061831097257144e-05,2.9254556484795623e-05,0.9059090814183609,2.616627945306068e-06,5
0.00020953479042576552,0.03379472183586684,0.25966134934613183,9.77738068240957e-07,5.855054846021115e-05,0.7062733055284572,1.5602125898178024e-06,5
2.8246341164623503e-05,0.004886882752227956,0.9860702833696491,2.8515205625725093e-05,3.83115240341352e-06,0.008981057481494805,1.1836974344457197e-06,2
2.2289330215030033e-05,0.0015194463836170624,0.9920878080856865,6.286943018451204e-06,2.6546546823659956e-06,0.006360427629859547,1.0869729207904367e-06,2
9.404760303225091e-05,0.004964308719365589,0.9605042083196151,0.00031624963572500763,1.1327894737768723e-05,0.03410610229232513,3.7555351990897882e-06,2
4.48918718375468e-05,0.0017710161600288492,0.9860117610208865,4.481611662037225e-05,3.2832050397683693e-06,0.012122572916363898,1.6587092230262171e-06,2
0.0005998514366921077,0.016846585809863243,0.18883159155688495,0.07805485113591974,5.649992344933308e-05,0.715604529507664,6.09062952667369e-06,5
0.0002911795151788933,0.016678743534835245,0.5929941454728694,0.0003815137319941341,6.477498753194386e-05,0.3895811334929032,8.509264687307477e-06,5
0.0002585978270768262,0.014822696238903641,0.17320477713182875,0.00026273738620797573,3.8346016124049106e-05,0.8114090114747925,3.833925066407659e-06,5
0.000288096997658466,0.013724115740177362,0.3370642183716328,0.0003804759503931482,6.47477700633559e-05,0.6484713904879814,6.9546820935424296e-06,5
0.00040940673086993593,0.02115904974868183,0.4916748488471205,0.0005914421965006643,7.439648538045744e-05,0.48608238415134186,8.471840104530242e-06,5
0.00015265557815224127,0.009752931399680042,0.10937833924753369,0.00013405215438968548,3.663695732222296e-05,0.8805414287255496,3.95593737247244e-06,5
0.00015849426051144932,0.010125955885277881,0.1019005900190744,0.00015900479659400105,5.7225018677132596e-05,0.8875961477890334,2.5822308318017647e-06,5
0.0002059934750348798,0.013629065156007624,0.1069674348113442,0.00013310830933429055,2.540095838495157e-05,0.8790313207950824,7.67649481175723e-06,5
0.0005091280533820128,0.08149502846813912,0.35531139521159233,0.0002956283178008865,5.9613819222298695e-05,0.5623001870144715,2.9019115391894893e-05,5
0.000517762641943591,0.08018971471953262,0.35542975335778165,0.00022777425407729282,6.31817821093524e-05,0.5635433192401781,2.849400437757671e-05,5
0.00044809620122858034,0.06276974642850426,0.7046622157946592,8.310836671423845e-07,5.5914365533803394e-05,0.23203788042493947,2.5315701467460612e-05,5
0.03676176032845959,0.00038131942989936293,3.8714149692828573e-07,8.761017850692395e-09,3.298863365915202e-07,2.636222497089503e-07,0.9628559308305401,6
0.02648382421089026,0.00033073302892834956,2.955672332613156e-07,6.688690897844588e-09,2.547997439325379e-07,2.0126516942985204e-07,0.9731846844393438,6
0.02743429295355229,0.0002945985947989393,2.990965894749479e-07,6.768560281608446e-09,2.5486257343057576e-07,2.0366846856581205e-07,0.972270344055457,6
0.025669872730975853,0.0002691137010348054,2.7322258687427005e-07,6.183031216778201e-09,2.328151308324029e-07,1.8604968362881666e-07,0.9740603152975569,6
0.030914257428815036,0.0003360380019733625,3.2744870948297804e-07,8.582262058691963e-09,2.795814979391815e-07,2.234221163121063e-07,0.9687488655346258,6
0.0565294554167563,0.0005275947217405775,5.485383159516024e-07,1.1540264742881843e-08,4.895928760056095e-07,3.8908170854654985e-07,0.9429415111083379,6
0.5412912704940782,0.0054312960823052914,4.936526986811478e-06,1.469108874153713e-07,3.386253220457405e-06,3.4684508886750095e-06,0.45326549528163307,0
0.9510570400259614,0.009494849124910092,1.018130491813942e-05,1.6570065763730133e-07,6.952047524407773e-06,5.586621833833963e-06,0.03942522517419447,0
0.9429471097395471,0.008760131549299882,9.280006196316971e-06,1.7006193668210685e-07,7.263307731215031e-06,5.733662992768195e-06,0.04827031167229594,0
0.9475836160790636,0.00934491131544875,1.5084071309418734e-05,1.915055289730987e-07,1.0348566734692887e-05,6.456636833650047e-06,0.043039391825080535,0
0.980971857662727,0.014720528918753627,5.127975145492675e-06,9.417214503635873e-08,3.953779849497962e-06,2.9521374597364804e-06,0.004295485353919669,0
0.9805723233619636,0.01421117034550943,5.495168987032985e-06,9.552845618021832e-08,4.346217044094726e-06,3.2952868468139093e-06,0.005203274091192474,0
0.9770569955905635,0.015169886061960574,5.370933645020073e-06,9.336873908079516e-08,4.247957325019735e-06,4.205370344064131e-06,0.007759200717423036,0
0.9762195529033064,0.014471833990195538,5.440291650482252e-06,9.854939026623855e-08,3.994546070426176e-06,4.233397369742118e-06,0.009294846322017077,0
0.9643590579347072,0.03561816703766852,6.393179311698503e-06,8.08382252387307e-08,4.782211394335555e-06,3.7914573115671007e-06,7.72734138151379e-06,0
0.9219706058215777,0.07800479863050865,9.204042675913342e-06,1.1638004170802803e-07,5.59413769696292e-06,6.549866537553615e-06,3.131120961429468e-06,0
0.9146434256811572,0.08533354912906416,4.153615448689006e-06,9.425240378323229e-08,5.659946440177016e-06,5.2764109268132465e-06,7.840964559102379e-06,0
0.7760514672660319,0.2239096963354113,9.411367474877554e-06,1.1900154940851995e-07,1.2069487924502221e-05,6.0411509208745206e-06,1.1195390686864439e-05,0
0.745779749239527,0.25404516975096975,9.712735446456938e-06,1.5145024545219736e-07,0.00015182227528872565,6.861822907221645e-06,6.532725615544148e-06,0
0.8414365036685475,0.15837568007884778,8.488801003251866e-06,1.424586695045873e-07,0.00016731978574237465,7.674334170732764e-06,4.190873018942431e-06,0
0.742683917013005,0.25708178785721353,1.0921484575277166e-05,1.8328385375188358e-07,0.00020893432656489123,8.93061495456889e-06,5.325419833013912e-06,0
0.7722097852526593,0.22748979361566,9.305008720942047e-06,1.4441697088360543e-07,0.0002790901904721676,7.036802934166874e-06,4.844712582419135e-06,0
0.8317829019830052,0.1681401790665122,1.044604601128853e-05,1.3622392375857484e-07,5.590235108117684e-05,6.2549780491205655e-06,4.179351417266907e-06,0
0.7678455406525824,0.232060106045871,1.7734485258225516e-05,2.0539126612184625e-07,6.122256871314536e-05,9.4951871688001e-06,5.695669140240715e-06,0
0.6864278199709943,0.31349683802117934,2.253528636564897e-05,2.1246518581177253e-07,3.6271036588693676e-05,9.804785545175735e-06,6.518434140951792e-06,0
0.811843496752265,0.188119829907986,1.3893244938036603e-05,8.007245148384422e-08,7.923203761054825e-07,6.3636026208834275e-06,1.5544099362369253e-05,0
0.8625769062056954,0.13738347048295305,1.507438446447735e-05,8.687984153911113e-08,6.918534082160084e-07,6.904606728966875e-06,1.6865586908417755e-05,0
0.7853415551879813,0.214562132519262,2.0973923920659374e-05,2.195312488017789e-07,1.4194697667061428e-05,9.049024510060386e-06,5.187511541023717e-05,0
0.8469350542327837,0.15105517901668475,9.9559756115454e-06,1.255319726769845e-07,7.101522497445227e-06,5.038979627808198e-06,0.0019875447408222923,0
0.32174942435400017,0.5704270120631584,8.008191335797566e-06,7.687218109710233e-08,1.284268117976537e-05,4.360383438715315e-06,0.10779827545470613,1
0.5374177912592835,0.17709038101467672,1.3132727668633197e-05,4.0786040557463185e-08,2.4534675372009426e-05,7.150644362790248e-06,0.28544696889259585,1
0.5799197439925763,0.0651660627902084,1.2574404322395467e-05,1.7311688927681465e-07,1.0513798389465805e-05,9.607442595257334e-06,0.35488132445501885,6
0.46612985876733615,0.5337723918568115,1.3620653471153484e-05,1.5359906730079924e-07,2.3501886222696015e-05,8.540066648864095e-06,5.193317044234128e-05,1
0.23489494762392435,0.7650391884648144,8.063146665163215e-06,1.2259275693735827e-07,5.32717720943081e-85,7.079469576668494e-06,5.0598702262416946e-05,0
0.30083220228254837,0.692949727736114,1.4888850481194158e-05,1.5790717923703476e-07,0.006190599170716164,9.299169853384233e-06,3.124883107760251e-06,0
0.21745959603194376,0.7243715249272965,5.1720023194584436e-05,3.2604687260171523e-07,0.05804530832387961,5.944301320529892e-05,1.2081633607631365e-05,1
0.40662551063586017,0.46189111922658044,3.492122917392435e-05,2.1236842032846953e-07,0.13136682139016667,6.795788112489139e-05,1.3457268673454227e-05,1
0.0953557145296496,0.8794820250562743,1.881110647136752e-05,1.395937403004462e-07,0.02512482173046544,1.3223697211317473e-05,5.264286187950956e-06,1
0.10241554333651609,0.8845368227009965,2.9878510989370474e-05,1.781271564802552e-07,0.012994902641672447,1.8693238576045332e-05,3.981444092856184e-06,1
0.2025300781759909,0.7938077109170094,2.1458313338478946e-05,1.8031635863541896e-07,0.0036257163706189593,1.2325657480931311e-05,2.5302492025427706e-06,1
0.26141387629716706,0.7382976705772666,2.749016054863572e-05,1.9735904508435566e-07,0.00024222115928181407,1.475031677003561e-05,3.794129921003042e-06,1
0.14480410512474906,0.8543096280246479,2.021175282368713e-05,1.3462076368774008e-07,0.0008529634323749697,1.0122227412462184e-05,2.834817228086727e-06,1
0.10181023005065988,0.8980945366227283,2.3218306777189667e-05,1.6884023832155182e-07,5.596922926793034e-05,1.252876165158172e-05,3.348188676695758e-06,1
0.12763702312989042,0.8721421208985977,2.6869401935437474e-05,1.594166489990553e-07,0.00017858226936874358,1.1645573702469804e-05,3.599309856263474e-06,1
0.16725982861085495,0.8297188442246505,2.6366310974203946e-05,1.5555609025555868e-07,0.0029789422872409815,1.1896809110781912e-05,3.9662010782991146e-06,1
0.20587588144581193,0.7904425064102939,2.7805494294722868e-05,1.6404699103875764e-07,0.00363691372310233,1.2546186615901465e-05,4.182692890266928e-06,1
0.20152734996459717,0.7349318429732773,2.5943877308813553e-05,1.9654327719087174e-07,0.06349630044282827,1.2690411469734946e-05,5.6757872416638135e-06,1
0.20776376491388998,0.7773585777289806,2.9621103458175312e-05,1.899770857366709e-07,0.014829336256109115,1.2853577447733868e-05,5.656443028627521e-06,1
0.17213096358586677,0.8055274682550063,2.6376687639595773e-05,2.0488327998308187e-07,0.022294536769385913,1.4349553643256213e-05,6.10026517802795e-06,1
0.06604525904808332,0.719495096738642,0.0003577650918547842,1.7792003385701762e-07,0.2135439341622632,0.000543062812838122,1.4704226284980576e-05,4
0.13811776845657175,0.6520869709875462,0.00026455385623017075,1.612510446307719e-07,0.20896791012586402,0.000549308707423457,1.3326615320036659e-05,4
0.10897055590778625,0.8525114626565601,0.000126217390506236,1.4272438263404348e-07,0.03776192701635306,0.0006243080936989008,5.3862107128581385e-06,1
0.22446131040158895,0.7461113344110869,0.00010518562687748633,2.7309378862620415e-07,0.028699347046544515,0.0006119324452203944,1.0616974893172508e-05,1
0.25939308189830695,0.7367537847761393,0.00014055034069782038,1.909436947241544e-07,0.003383956653633031,0.00032045047198704326,7.984915541178696e-06,1
0.29380233962926533,0.7020132291942186,0.00017236757183904062,2.3153672640043348e-07,0.003675385961677092,0.0003208807437742271,1.5565362499152648e-05,1
0.2678865500499528,0.7282244913223078,1.8337688703875126e-05,1.9826387732345042e-07,0.003850476742094942,1.3557071169564244e-05,6.388861893851765e-06,1
0.07861585038257869,0.9170661979404751,1.8788542594964737e-05,1.7337323196098147e-07,0.004279932407119865,1.3164383330494926e-05,5.892970668832435e-06,1
0.09908168384245797,0.8970159228830057,2.7514958091644206e-05,1.8224020889533353e-07,0.003848600922622707,1.4815981263763539e-05,1.1279172349325068e-05,1
0.18924554668590626,0.808923559628502,2.64662036440542e-05,2.0799671842678733e-07,0.001779685388950583,1.579386160300415e-05,8.740234675765678e-06,0
0.23230441904372007,0.7651528937388388,3.711381997635257e-05,2.792189619095226e-07,0.00247383997068006,1.9721141688407202e-05,1.1733066134271319e-05,0
0.19713974423248948,0.8013378877013497,3.761161839911957e-05,2.141992722067703e-07,0.0014589001524447783,1.6641223720028826e-05,9.00087232445623e-06,0
0.2509390440632771,0.7467364558608266,3.0298169598134392e-05,1.7500517469698929e-07,0.00226889169018787,1.324001366048971e-05,1.1895197274958102e-05,0
0.000492490351709637,0.0682212585056692,0.9036952191428881,0.0002944138321203091,5.6825763441934154e-05,0.027223574788197084,1.6217615973828226e-05,2
0.0005142871855530901,0.07898378845283008,0.8932332973445156,0.00021284259967912676,5.934078067926981e-05,0.026979508255071564,1.69353816711487e-05,2
0.0002213291549808522,0.05392983497854931,0.919567706857994,2.766649983226381e-05,2.144065965424787e-05,0.026224679556492242,7.342292497235494e-06,2
0.0003408980791663743,0.10917344719514219,0.8321342510897828,4.744532900380897e-05,4.660683293786218e-05,0.058249749886115934,7.601587851358572e-06,2
0.0006349545007384309,0.26172235728026433,0.6227212728878395,5.4054205952551476e-05,9.411667688166888e-05,0.1147618376317307,1.1406816592745679e-05,2
0.00012111132313765082,0.01740822405916714,0.9648413985226284,0.0004336129159930796,3.0431979231070122e-05,0.01716108471374546,4.1364860969516115e-06,2
0.00017775983535773282,0.02764836549006949,0.9292747065928346,0.00014883056729159342,4.732467601294622e-05,0.042697043527088946,5.969311344690653e-06,2
0.0004743807386160936,0.09173729285467072,0.7016855315857694,0.08976338062153259,0.0001136215741104149,0.11622190447981558,3.888145485237693e-06,2
0.0004071073268451134,0.06450657004757263,0.7876592971957296,0.00011449315283397009,5.995034195312019e-05,0.14723851073225658,1.4071202809057252e-05,2
0.0001387734757421389,0.02283937851990359,0.915298388233211,3.179750748845492e-05,1.7879626635969804e-05,0.06166862122881953,5.161408199125048e-06,2
7.587987525489366e-05,0.017791698073975844,0.9551654914786216,7.178910083773508e-05,8.223099033166366e-06,0.026880205514166658,6.7128581101259525e-06,2
0.0001730912320457249,0.050058196963033555,0.8969522426341784,4.013467395203312e-05,4.939197097035862e-05,0.052726169972959855,7.725528600992096e-07,2
0.00025039634390936453,0.05357667274621669,0.8692895717245291,0.00014815677791846818,3.714590928571999e-05,0.07668975526765694,8.301230483892824e-06,2
0.00015482088163980344,0.009242779946704464,0.9505489121525317,0.0001053979347773607,2.3277100990795287e-05,0.03991609602610926,8.715957246598752e-06,2
0.0001768357376896877,0.009372590441866106,0.9402065308694276,0.00022363084003025738,2.9861258444482765e-05,0.049981074385032034,9.476467509577135e-06,2
0.00022895407352541546,0.01612267787355126,0.9286458229017265,7.375361591089893e-05,3.441354295052306e-05,0.05488609076659717,8.287225738180038e-06,2
0.00018827612033319087,0.013083251730507105,0.13552582644056085,0.0005397428901205241,7.398038702444768e-05,0.8505869008641889,2.0215672649005422e-06,5
0.00014036075321158375,0.012061028771008488,0.05745441761236747,5.55267341286112e-05,4.607011045828218e-05,0.9302381667713088,4.429247516926223e-06,5
0.00022260497099134863,0.01750351525986857,0.2092184614392056,0.0005835417711926957,7.658139994049366e-05,0.7723864732234951,8.821935306173005e-06,5
0.00017315734361215507,0.011222602231783193,0.10900892082298438,0.0001398281936793922,3.717215167049309e-05,0.8794117002112006,6.6190450697056805e-06,5
0.00043027853113302106,0.028792545299309004,0.7287463287531747,0.0003082762477619954,0.00011602436636220643,0.24160139806317393,5.148739085074554e-06,2
0.0002799426372692202,0.014726198459937835,0.7735557644945107,0.00019624221393972792,8.638133632551616e-05,0.2111514547170451,4.016140971891545e-06,2
4.510052446088823e-05,0.010853984513631744,0.9784168060330369,3.932280719407378e-05,2.9982607813204166e-06,0.010639019935074578,2.767925820321324e-06,2
0.00017254859354439597,0.047137458910579355,0.8908397492716604,0.0006272740573054543,4.5474950719322426e-05,0.06116972910251535,7.765113675567475e-06,5
0.0001927879617692681,0.06036252575594029,0.8731139522797572,0.0004870212566521542,0.00014656995204336486,0.0656886749787102,8.467815127513361e-06,5
9.182639366518892e-05,0.023986428508762224,0.9634492307985042,0.0011838786695842454,2.8974692852128894e-05,0.011251119071547981,8.541865083715376e-06,2
7.238119480557239e-07,0.0001870057232365552,0.0007008746166594077,0.9973785431469638,2.2941653645553223e-07,0.0017326160938032104,7.190852557872353e-09,3
0.000623395771382498,0.16796571980956634,0.5333600051812764,0.02000302600824582,0.00014210458739562126,0.2778562935624739,4.9455079659518646e-05,2
0.0008949138437720026,0.13388293672951468,0.5669737969943005,0.004646687230079469,0.00010936215033672622,0.2934378879872111,5.4415064785435487e-05,2
0.0009330052681499606,0.13830497659118052,0.5316225742459882,0.00461455671687656,0.00011297428941852369,0.3243557005401572,5.62123482289744e-05,2
0.0010738861502102431,0.16141339434127808,0.631913888094781,0.000586463496296185,0.0001143093202136157,0.2048583465968179,3.971200040288331e-05,2
0.00017636258124503786,0.018370398347154013,0.9778514354095422,4.919579587651512e-07,2.9691236755121924e-05,0.003569260972018453,2.359495326460534e-06,2
0.0001111142774521995,0.007857891932514747,0.9910204341029375,8.141797668894853e-05,2.532953774232726e-05,0.0009013501657473823,2.4620069171451055e-06,2
2.8257646428199236e-26,2.5209778532629227e-24,3.8441433993501526e-22,1.0,5.2589195888599435e-27,1.1651935211982314e-23,3.933666515956011e-28,3
8.324654030413564e-14,5.414769713766757e-12,3.6259266877061123e-10,0.9999999995912017,2.1713740011121817e-14,4.068185081892779e-11,4.0429784717165065e-15,3
7.155741697787993e-07,3.799336647050595e-05,0.0037867417860324502,0.9959276476656522,1.5262952108648515e-07,0.0002467292771675118,1.970098660647706e-08,3
2.8432694815157864e-10,1.4549815734210402e-08,1.841462505901766e-06,0.9999980903803223,4.982184009419017e-11,5.326422052219591e-08,8.98681135257294e-12,2
0.00036125619737288617,0.022517460268750202,0.9337602901905943,0.0003440938868591554,3.065861902744192e-05,0.0429743656824718,1.1875154924243765e-05,2
0.0004185890112531778,0.03162381396942188,0.9490678042879143,0.0001449517654315708,3.099408550662746e-05,0.018694720945998115,1.91259344742181e-05,2
0.000513642260172548,0.03727718002396969,0.9478618519055592,0.00018798905491240566,3.6020199644281064e-05,0.014099778649493314,2.3537906248411582e-05,2
0.0003823858143033528,0.0247521676064747,0.6216562073487206,0.001451915148140071,7.243637477162127e-05,0.35168041483691387,4.472870675774457e-06,2
0.0006918971503088639,0.125578949611801,0.30291697051307254,0.0014215813464349095,0.00012847811701586348,0.5692570806245622,5.042636804595662e-06,2
0.0010606835929623554,0.19075277436996835,0.38346336247869445,0.0005574605223217166,0.0001930219661881546,0.4239561799944736,1.6517075391280978e-05,2
0.00047808341907704463,0.10849694045829919,0.5735463623078412,0.00011539235159597308,0.00011608292295367058,0.3172437806903349,3.357849898052556e-06,2
0.00033541249277276833,0.048105623505412476,0.585735769536162,0.21614152099345782,9.05603722575163e-05,0.14958862587754884,2.4872223883362174e-06,2
0.0004663371619206607,0.12690967091092809,0.2432236759188035,0.0003729790696572868,9.318106916003271e-05,0.6289307306725469,3.42519698360317e-06,2
0.0006181997867083177,0.17392963341659815,0.1383877899119531,0.00013229810352986357,0.0001475941064803409,0.686779624990675,4.859684055186819e-06,2
0.00028449389828793875,0.062424673436242036,0.6028224110750879,0.00013757375612475796,7.133445173553437e-05,0.3342573179640168,2.1954185047603217e-06,2
0.0002912470700313647,0.05237491726245295,0.8253574402909679,0.0006071643796336934,7.151716215963611e-05,0.12129535348437559,2.3603503787843276e-06,2
0.00020720654595870233,0.013536463858319176,0.9405305249946874,0.002105828970972288,3.8860547838857995e-05,0.04357898767448612,2.1274077376084443e-06,2
0.0006065753909397876,0.05204860715531147,0.37694079754286225,0.0028082574492039967,0.00015468480613762577,0.567436824943017,4.252712527974404e-06,5
0.00035948476567958254,0.024368523759114368,0.18878845547590042,0.0001547014184309844,6.460765870928814e-05,0.7862584016592915,5.825262873890294e-06,5
0.00026526842172262355,0.044518877346555144,0.246791018226554,6.161738786237835e-05,6.625820166841552e-05,0.7082949366597384,2.0237558990928422e-06,5
2.8634400885184316e-05,0.0061361491366289525,0.9850026500777725,2.7062156985779474e-05,4.021692946004821e-06,0.008800282575230339,1.199959551119962e-06,2
2.7553783644418164e-05,0.002053065220497637,0.9936587169000353,1.5509126254480533e-50,3.443869309578778e-06,0.0042558101023612354,1.4101241517849851e-06,2
2.5689514014073493e-05,0.0020014150244887534,0.9915342470447975,1.1681709883399644e-50,3.210859533223639e-06,0.0064339047247847555,1.5328323816156985e-06,2
0.00031857725249658284,0.008852758025008527,0.14439281519113178,8.157880801429464e-08,4.1125451459671835e-05,0.8463907453228027,3.897178292637531e-06,5
0.0002532374882392039,0.006543085885015843,0.16665282016767033,0.000572108012938789,2.54830827144771e-05,0.8259519215080879,1.3438553335030775e-06,5
0.00023772007619611902,0.00862274284551604,0.2446945632600087,0.000568522001872512,0.00010095116627631222,0.7457732156130745,2.285037055699956e-06,3
0.00038606577534026595,0.01647376710150885,0.4975136080536378,0.00039153466421480476,6.23835036340942e-05,0.4851614184830003,1.1222418663724254e-05,5
0.0002802786313447501,0.015095235257743143,0.2899191859598275,0.0007102530893528835,4.6654325565346327e-05,0.6939440400568762,4.352679290290549e-06,5
0.00014280755818217244,0.009220851912407811,0.12222559316332407,0.0001267388248221524,2.8135042427467797e-05,0.868253492736446,2.380762390432312e-06,5
0.00024032250253026258,0.014932689289368386,0.22068526523697743,0.00045688700824792595,6.749988466987944e-05,0.7636140702956272,3.265782578917886e-06,5
0.0003727475974832193,0.02316106064963496,0.41810632883646787,0.00036028632514497575,0.00012080413910192101,0.557875870817161,2.901635006179237e-06,5
0.00024812238565170136,0.020275023607697115,0.21102586614661006,0.000288513246368326,3.9339143739338734e-05,0.7681111989127101,1.193655722342854e-05,5
0.00019316440231394101,0.016378533608385565,0.14309324697065953,0.00012354557349629117,2.733650573057977e-05,0.8401742830034289,9.889935985309301e-06,5
0.03230421842387953,0.000337407772134696,3.4255938653306633e-07,7.752124027392412e-09,2.918975671299959e-07,2.3326426346254716e-07,0.9673574983306447,6
0.027435647573741662,0.0002844308334853097,2.88773584595792e-07,6.534950527199136e-09,2.4606625919089625e-07,1.9663906512652212e-07,0.9722791835789135,6
0.03605936336470613,0.00041980574823992996,3.7496755844930906e-07,9.609931432515333e-09,3.492757344322693e-07,2.9074192183712367e-07,0.9635198062919078,6
0.197326798768846,0.001813588770668868,1.941429347862892e-06,4.084419994448487e-08,1.622756799684188e-06,1.3770681568132332e-06,0.8008546303619808,6
0.9584147004979103,0.008141778408910217,8.261580697139301e-06,1.5139865035527947e-07,6.352000211761144e-06,5.104427572877637e-06,0.03342365168604739,0
0.9576666690287947,0.00783903749188197,1.2308995571356916e-05,1.68097553499195e-07,8.584730966484122e-06,5.058117216428926e-06,0.0344681735380156,0
0.9507312496571909,0.006941059990442898,1.1171277741154535e-05,1.5256033255206373e-07,7.343287661166914e-06,4.590596523044646e-06,0.042304432630108135,0
0.924494261459791,0.006418208320950893,7.88367802269296e-06,1.3697537993391245e-07,5.793554916653159e-06,5.506145989675129e-06,0.06906820986494919,0
0.9216372884810696,0.07833446961422788,1.0357939223427448e-05,1.3097042693927806e-07,6.858317172918044e-06,7.371013141332404e-06,3.523664737513599e-06,0
0.7761478793241494,0.22381290232336254,9.407299031073349e-06,1.1895010618120214e-07,1.375796947852212e-05,6.038539389330364e-06,9.895594482802984e-06,0
0.8175414984517443,0.1822423819948307,9.768035814226917e-06,1.6392672949158037e-07,0.00019253433540663683,8.830831468583888e-06,4.822424006196525e-06,0
0.8021825899613222,0.19753458872585095,8.807637305016584e-06,1.3593278378833365e-07,0.0002626942407584089,6.623405863997425e-06,4.560096115804633e-06,0
0.7422369422049461,0.2573666556498848,1.083184638043082e-05,1.5440706857824083e-07,0.00037307723045766384,8.429889479400384e-06,3.908771782898423e-06,0
0.673790730231868,0.32615960348462836,1.8902793166282195e-05,2.210470803982208e-07,1.355989601973267e-05,1.0200820479887225e-05,6.781726757352074e-06,0
0.9371983226470573,0.06277308396640978,1.0008463452481693e-05,5.550052727874014e-08,3.344561979793058e-06,4.410796651113675e-06,1.0774063922080415e-05,0
0.7979054077163754,0.2020596868543711,1.3279502457480771e-05,7.65352026109522e-08,6.094755680585909e-07,6.082486634284797e-06,1.4857429391227507e-05,0
0.663662187813612,0.33629155542980277,1.951473246885074e-05,1.1247138273321742e-07,6.137108939966498e-06,8.694401408858244e-06,1.1798042384763698e-05,0
0.7651259674391087,0.23480441545715053,1.3322669791591717e-05,2.0728532592005826e-07,1.2033667087818985e-05,7.998708281663426e-06,3.605477325390219e-05,0
0.8557465920693678,0.1428626665655344,8.735272796129795e-06,1.1272490562106394e-07,5.197573677489392e-06,4.4265298193845315e-06,0.0013722692638992776,0
0.8241792666632541,0.1739255830034915,8.868011988118587e-06,1.0752608471832071e-07,5.622908924002401e-06,4.185056797503906e-06,0.0018763668294600319,0
0.7884736964205709,0.20498779262574204,1.127565930975031e-05,1.354048093039368e-07,7.508278593526271e-06,5.270133466466747e-06,0.006514321477508138,0
0.5322354328607474,0.43688477935356296,1.3590644813856547e-05,1.3815008667412745e-07,2.4400507748264684e-05,7.686533235018343e-06,0.030833971949805812,1
0.41708259427291744,0.05977950644176097,9.126414152640761e-06,1.2564701975926935e-07,8.524546545251131e-06,6.6431006146094e-06,0.5231134795769893,6
0.7426686632489761,0.04076389219993444,1.1946009432768196e-05,1.484923648660656e-07,8.723569101279302e-06,8.11907867623228e-06,0.2165385074015141,6
0.7978011992051134,0.052556226850409,1.349883868620623e-05,1.67794483232365e-07,1.0141870841626297e-05,9.112365909804775e-06,0.1496096530745568,0
0.5099323019031872,0.4835309179244253,1.5507060375910288e-05,1.6259380713151502e-07,1.2025885353316416e-05,1.2021960847066344e-05,0.006497062672004245,0
0.3050793961549756,0.6907379222455295,1.1865177464145322e-05,1.3172632333059885e-08,7.694395468410512e-06,9.04700463806286e-06,0.004154061849291927,1
0.24917147378839816,0.749752531715202,9.598711868679605e-06,1.0824393950266478e-07,1.5481033275484168e-05,6.018333795465439e-06,0.001044788173520907,1
0.3511630522178988,0.6485425591375291,1.2383347337053487e-05,1.3964606067260677e-07,1.9265646960335974e-05,7.764283249584392e-06,0.00025483572096463,1
0.37971124913468535,0.6200594371994996,8.221552143785428e-06,1.6638367568552317e-07,2.4639181728813407e-05,9.250887421436594e-06,0.00018703566084534053,1
0.31214072067291265,0.6877943114580887,1.259899658901828e-05,1.4207792079121695e-07,4.177305304493915e-05,7.89949401523946e-06,2.5542474289485474e-06,1
0.28688600914607076,0.7087625902765154,1.474459514176187e-05,1.4687722221138825e-07,0.004320618110915426,9.779485142461063e-06,6.111508991816872e-06,0
0.4073768233046198,0.5845453402126957,1.7813310453270164e-05,2.0619201717729025e-07,0.008042164392354875,1.037046374060116e-05,7.282124118542818e-06,0
0.20660786066134676,0.7207736949093505,4.616956125708138e-05,3.2115103713268394e-07,0.07250358198654117,5.8550432300859044e-05,9.8212981664801e-06,1
0.21135700300780175,0.7848235571321239,2.6455218013667656e-05,1.789651801395799e-07,0.0037738781670730182,1.5276220319598957e-05,3.6512894879144857e-06,1
0.213551073422614,0.7841557221466539,2.433093695826467e-05,2.2627536533030233e-07,0.002250470053735169,1.4666068085747482e-05,3.5110965876981277e-06,1
0.14076057278700482,0.8574754965605356,3.0381422229125574e-05,1.69669494184653e-07,0.0017165189118572603,1.2645009919658199e-05,4.215638959273433e-06,1
0.21031897633827928,0.7867017429875054,3.116137347213943e-05,1.9204919542807957e-07,0.00293036290889196,1.3172760355098347e-05,4.391582300603381e-06,1
0.1666492449145206,0.7971394180560288,2.2616868598757168e-05,1.5900636584965493e-07,0.036172578399773024,1.1043533662827505e-05,4.939221050148531e-06,1
0.16367193450978443,0.81819155585658,3.112117148324147e-05,2.124680118664956e-07,0.018087771347436925,1.182962088572026e-05,5.575025817897392e-06,1
0.1400657146219314,0.8354071373504967,2.6392406329126457e-05,1.999954286262598e-07,0.024480554428795653,1.4046464406257439e-05,5.954732612218478e-06,1
0.14177129462772603,0.8015323667168578,2.5870011176926373e-05,1.960368414071309e-07,0.056650593943997594,1.384179512425181e-05,5.836868276148533e-06,1
0.12331102231606646,0.8600393046532384,8.892051113465375e-05,1.5573544556661632e-07,0.01605134255043224,0.0005050697370539515,4.184496628568963e-06,1
0.2010708536369636,0.7829976420377371,0.0001028064768843268,2.4463548352177216e-07,0.015315294056121262,0.0005036485458232194,9.510610986780072e-06,1
0.08388285029702815,0.9122764344293801,2.5279450284774683e-05,1.8156879052901767e-07,0.0037939178074805724,1.5164908645544871e-05,6.171538390676628e-06,1
0.18564475671620523,0.8131353044296644,3.405484804475083e-05,2.241702744175604e-07,0.0011624426034369754,1.5067534160602638e-05,8.149698213643883e-06,0
0.25504026409367164,0.7409561247733605,4.067162032884211e-05,1.9805910228314714e-07,0.0039393795412860635,1.5039266361196625e-05,8.322645889413428e-06,0
0.25133936581315913,0.7411884498783802,3.6068227731777474e-05,1.9046990300931726e-07,0.007408569270093212,1.4409997430772513e-05,1.2946343301910047e-05,0
0.00047429342899337666,0.07558758356465531,0.897372053511655,0.00027802834689143646,5.472612022647681e-05,0.026217696632896224,1.5618394682500825e-05,2
0.0005218697235817976,0.06667720120663481,0.9064029341464487,0.0002739830385534072,6.021568819941315e-05,0.026046611123339367,1.71850732426275e-05,2
0.0005395156661988912,0.20123633933389246,0.7090151638159464,9.535305631820079e-05,7.997017356233696e-05,0.089023965674956,9.692279125648635e-06,2
0.0006406518203482266,0.27667094924062313,0.37773552397254245,2.0590459179670296e-21,9.763991163171138e-05,0.34484573649284467,9.498562009792457e-06,2
0.00014792054734538988,0.04372196974725693,0.9349657556021238,0.00033928242742957903,3.922662442767536e-05,0.02078087776620494,4.967285211559326e-06,2
0.0001738957526046036,0.02498174268956014,0.9451072916015637,0.00018010431302579983,4.453475891614643e-05,0.029506791427644584,5.639456685150303e-06,2
0.00022988477704018198,0.033053606629223395,0.9395042470741033,0.0001885190085495117,4.9306614118896326e-05,0.02696561319186959,8.822705094998263e-06,2
0.00022403114336803966,0.02682704223178493,0.9341515223621827,0.00047605083235247964,3.950063441433251e-05,0.03825176119493044,3.00916009670081e-05,2
0.00019720272643934745,0.02283836412759633,0.9453708924687588,0.00032518524424919126,3.266087718724215e-05,0.031207557500086754,2.8137055682233684e-05,2
0.0003163240126825569,0.027638226961102602,0.9330925183157389,0.00044333109847255665,4.006610632021685e-05,0.0384354829788318,3.405052685113672e-05,2
0.0006558803591591208,0.09578456439920333,0.7310597061639003,0.0007924480517868543,0.0001709314030063341,0.1715242497781632,1.2219844780908232e-05,2
0.0006807410053914309,0.08357022136098895,0.6552879973071162,0.000790350426560939,0.00018125671807218347,0.25946818387340453,2.1249308465911494e-05,2
0.0003088741070688918,0.04877921295237013,0.820072536119701,5.2080483852545814e-05,3.315750039024931e-05,0.13074359696763538,1.054186898181868e-05,2
0.00010263348430893279,0.02663584146285566,0.9519970682584367,7.120473082756543e-05,1.909132754020829e-05,0.021170209216830514,3.9515192003651995e-06,2
0.0002578375433418526,0.018704627618307237,0.9084612868316339,4.327361242876025e-07,3.474057979004144e-05,0.0725328788728333,8.195817969454856e-06,2
0.00013857745692194212,0.009135188435181234,0.9439244256667446,0.00014671160952565187,2.959666687089025e-05,0.04661688566648814,8.61449826781306e-06,2
0.00024414026378893192,0.016414330855531824,0.8895170936651638,0.0003748427570512464,4.040336587291209e-05,0.09340195252698023,7.236565610688782e-06,2
0.0001710101973662677,0.01565786658919784,0.7417541595556192,0.0004153446458524407,5.3370798759931237e-05,0.2419408766766629,7.371536541531469e-06,2
9.714138607785995e-05,0.0016487076728958147,0.03888863658467542,0.00010987919037495424,2.748342878980533e-05,0.9592252338607954,2.9178763907935654e-06,5
9.966294648470814e-05,0.0018244859716019407,0.03989809352416806,0.00010803589271040269,2.819683353600963e-05,0.958038531213945,2.9936175540214142e-06,5
0.00016113135942576745,0.015269901411749082,0.14108951380416818,5.860431542993171e-07,5.2589053644468534e-05,0.8434191850810744,7.0932467838551815e-06,5
0.0002190783542053634,0.0267749323009858,0.6435553812114225,6.590838182998577e-05,6.268544745578208e-05,0.32931887134037435,3.142963726288607e-06,2
8.927857784383358e-05,0.022245819255840644,0.9462197743518704,1.9213855754098054e-05,1.9565756362587457e-05,0.0314050685495091,1.2796528191499442e-06,2
0.00020668705476570794,0.039431695789417576,0.5984360881817908,0.002313458450571018,0.00012969928698927438,0.3594635664556136,1.8804780851887766e-05,5
0.00023635502120986966,0.078418110898391,0.20082429350003808,0.20740123106883618,7.902859728192511e-05,0.5130386394820187,2.3414322242493074e-06,3
0.0007904791192084448,0.1484766697712634,0.6188325624643037,0.0026982054378194573,0.00016380031802059326,0.2290246249301302,1.3657959254321678e-05,2
0.0008893776575103823,0.15406442002548365,0.5817055977249851,0.0010539536574756354,0.00012193676112016413,0.2621040423894884,6.0671783936673906e-05,2
0.0007727261645638804,0.2191969432372301,0.7464465711396729,0.0005032204568872052,0.0002961224217650958,0.032769571931789816,1.4844648090855202e-05,2
0.00023327024153167302,0.032370087764984,0.9596802835840419,2.1037605529930924e-05,9.102477406763916e-05,0.00760138603822538,2.909991619479829e-06,2
0.00010438103000826336,0.017231633958869477,0.9809864625709472,6.352238315466012e-05,1.5051919853030994e-05,0.0015970519068304399,1.8962303369917204e-06,2
6.113608936636514e-90,7.115351962242415e-88,5.3353613439860674e-86,1.0,1.0466040045348685e-90,2.026697743171008e-87,1.617752181123237e-91,3
6.137901698205759e-05,0.0035234090400781378,0.8191015518156322,0.17011324283911922,1.5138123426849809e-05,0.00718199628356746,3.2828811941558156e-06,2
0.0001841998545306437,0.010499581585941853,0.9685544873157763,0.00017372101795441194,1.6567403585478993e-05,0.020565661752155094,5.781070056359448e-06,2
0.0001549118511522726,0.012049790419341877,0.9711415229105499,0.00011520038122526045,1.2231305767615485e-05,0.016521605519652913,4.737612310137682e-06,2
0.00029561225214585,0.027035821382471258,0.946603553324035,0.00015028446456827189,2.6512265760977006e-05,0.025875311923408743,1.2904387609794549e-05,2
0.00044496826258227885,0.03888953443699643,0.9283050064726374,0.00031572733085019297,5.2937703551692794e-05,0.03195506078844484,3.676500493706042e-05,2
0.0004131671936852713,0.04092368047780176,0.9361961179837553,0.0005907174456541921,5.3189528011305484e-05,0.02173679154231827,8.63358287737737e-05,2
0.0005397812103708083,0.03364376047781899,0.8866318484373228,2.8594937051138426e-05,8.075011139487088e-05,0.07903587715298804,3.938767305328193e-05,2
0.0009045882694483223,0.0781474844167347,0.7843371521915325,4.1972542429762847e-22,0.00017328263305715184,0.1363808775765024,5.661491272482409e-05,2
0.0010589433921360544,0.1023517817541122,0.6567165416888331,0.00013973049020820798,0.00019760446116883393,0.23946473847653738,7.06597370041386e-05,2
0.0013102938221603042,0.11565934115091107,0.6394020102797173,0.0004954489389017498,0.00019434779869286417,0.24288658194483967,5.197606477693368e-05,2
0.000605998614603441,0.13054533559496426,0.2743822336889979,9.780491049158743e-05,0.00015384956254680407,0.5942073635005919,7.414127804121964e-06,2
0.00030906499702770205,0.0550750939676971,0.68188503278686,7.676576733556075e-05,9.71375956488778e-05,0.262554533598716,2.371286714778695e-06,2
0.00021826306532829004,0.04302568956197215,0.6146233100817233,0.00017111438507599197,5.6157687184983e-05,0.34190384501511767,1.6202035975055815e-06,2
0.0002489792614251345,0.016265406858449637,0.6962506571582959,0.0018466949429157206,5.568357507480014e-05,0.2853307129291012,1.8652747374893594e-06,2
0.00034066713297319627,0.022255225151660847,0.6066308818719951,0.011922606844154507,7.052204700823064e-05,0.35877607529456823,4.021657640100298e-06,2
0.00033310410014847916,0.047638569718052956,0.5800489061381016,0.22577686555813295,9.020918006344192e-05,0.1461098822313626,2.4630741380521914e-06,2
0.0006924884211412778,0.05467847129599434,0.44563771727449814,0.021455674305853444,0.00020891999010365334,0.47732177488382105,4.953828588014682e-06,5
0.0005453603046809735,0.03795145580127424,0.2597502703067266,0.00020386121217264797,0.00012696117283745182,0.7014162324875454,5.858714762726824e-06,5
0.0002971553917548932,0.04576617233672008,0.39265362156691974,6.671770661358246e-05,8.303447427419906e-05,0.5611310858812135,2.212642503930536e-06,5
0.0002598035048512452,0.03878514639181479,0.8510221854950017,0.00023873216189272423,6.667919990359741e-05,0.10962551320727107,1.9400392647138973e-06,2
3.657526949553815e-05,0.0029185925357555374,0.9890542082893249,1.2755468429099403e-05,4.571439252437242e-06,0.007971114638145725,2.1823595969300287e-06,2
3.0468311516496135e-05,0.001952626502246415,0.9883485543657816,1.658037671870306e-05,3.0446142074388143e-06,0.009647239996207022,1.4858333220935715e-06,2
0.00012250926297970472,0.005598221285483572,0.956892038991838,0.0004437351108095901,1.4106098862550996e-05,0.036925421474765505,3.967775261201246e-06,2
0.00021161674887276155,0.007868230831564885,0.11244030905612735,1.5629081598119367e-05,4.6456036284119844e-05,0.8794145953907871,3.1628547657614593e-06,5
0.00020588496480499312,0.007650397578775471,0.09394268842726272,3.878460063946234e-05,4.756745762751338e-05,0.8981109554595746,3.7215113150656446e-06,5
0.00022414322826744504,0.008071515056970355,0.1469397400954649,0.00025356026520542376,6.704647729835639e-05,0.8444406511231006,3.343753692873354e-06,5
0.0004364141808783632,0.011836951359106047,0.3077063029552215,0.0006684087171360243,7.170033902094789e-05,0.6792690319503409,1.1190498296280899e-05,5
0.0003533900519782965,0.01026561944019559,0.40287000429831354,0.0005393163126116728,9.34934653491901e-05,0.5858740281025514,4.148329000331498e-06,5
0.0003267195198152183,0.01809705934898887,0.2185036424092829,0.0006875197167611029,7.048007841909514e-05,0.7623092040426668,5.374884066017549e-06,5
9.285243604982515e-05,0.006066215222158739,0.0743606637402182,0.0001714346441357222,3.9789773225788954e-05,0.9192681831893503,8.609948615032002e-07,5
0.00017563196503068838,0.011006348385765335,0.46861198690269407,0.0124011725563411,4.398582940246294e-05,0.5077509222572959,9.952103470463735e-06,5
0.0005438698488260137,0.04066481728018011,0.2934368481175476,0.005744538868349716,0.00012055475610592994,0.6594818962109052,7.4749180853735395e-06,5
0.00031844098606417077,0.02028320340651211,0.19326621231386498,0.0005028101325887277,5.200512386987548e-05,0.7855747978667361,2.530170364111976e-06,5
0.0002387509335548622,0.015253431972514872,0.18944875458828445,0.0005043391470755355,5.755508369793514e-05,0.7944932784808839,3.889793988485041e-06,5
0.0001917987120397327,0.01238413108676558,0.18841097477437965,0.00012621342232066771,3.778696988774098e-05,0.798846456125138,2.6389094686680577e-06,5
0.00016907890852768792,0.010917150302763063,0.16860015509992446,0.00019352137740526532,3.331085781151817e-05,0.8200844571400703,2.326313497732692e-06,5
0.0002792313455658642,0.015346293567756306,0.2276247767359835,0.0005247529718970447,6.594494559632732e-05,0.7561565880272891,2.41240591183587e-06,5
0.0004891250574279487,0.0369993839696946,0.3395697226893748,0.00017960705773426214,5.157236474913049e-05,0.622692361264417,1.8227596602321135e-05,5
0.032606029604067555,0.0004274635210610984,3.9453724720371577e-07,8.9283837897519e-09,3.2097556117726404e-07,2.6865835237777746e-07,0.9669655137753268,6
0.03108714771305176,0.0003379173194956835,3.29940692838071e-07,7.466562800834587e-09,2.811450782631576e-07,2.2467162111690102e-07,0.9685740917434975,6
0.032858454493089474,0.0003397910833360064,3.449790866421446e-07,7.806881876956866e-09,2.939594127625812e-07,2.446958554038302e-07,0.9668008629823378,6
0.03111950324538191,0.0003875464655503555,3.3673291949059134e-07,8.63002730358274e-09,3.1213543557986827e-07,2.6109559067829373e-07,0.9684920316950947,6
0.15282458136439803,0.001596744119825436,1.8972212595210497e-06,3.544775367314089e-08,1.4944949069223617e-06,1.1951261838936575e-06,0.8455740522256725,6
0.2350261195001353,0.0026710103928698605,3.173644191849831e-06,5.9296487952748115e-08,2.4712089341615975e-06,1.9991897376267394e-06,0.7622951667676433,6
0.5855881978989398,0.0073891817671151395,9.408796249363338e-06,1.7478988838635654e-07,7.279767258939283e-06,5.893066573881851e-06,0.40699986391397425,6
0.9016819247143774,0.012962736546990613,1.430597247222394e-05,2.6729333002422177e-07,1.1264302982940944e-05,9.01183359706444e-06,0.0853204893362497,0
0.9630710408976559,0.008245206421787514,8.688752768292859e-06,1.5922684660645354e-07,6.833777560175631e-06,5.36835635095209e-06,0.028662702567030643,0
0.9200140520769573,0.006916556948684413,7.510083626029881e-06,1.4804020044288598e-07,5.9067443081004004e-06,4.640114203399086e-06,0.07305118599202035,0
0.9490310006788848,0.008572691413892506,8.538928303982632e-06,1.489084741803161e-07,6.429003423398064e-06,4.6093767277826434e-06,0.04237658169029327,0
0.9557478311328069,0.0059037380420712765,9.551235720434397e-06,1.3456888722297796e-07,6.014291707617072e-06,4.64199990021497e-06,0.03832808872890631,0
0.9699685238809329,0.029943112728327996,6.217499132575787e-06,6.653122933493406e-08,5.427238106224567e-06,3.6872706671516352e-06,7.296485160381913e-05,0
0.9672805144501281,0.032686315661021245,5.866935174926016e-06,7.418415846148072e-08,4.645547678426312e-06,3.4793696814916528e-06,1.9103852157397885e-05,0
0.9401248131992557,0.0598470746210419,7.619909328859225e-06,9.63495495109738e-08,5.909027108786442e-06,5.422550817033777e-06,9.064342898391811e-06,0
0.8435073650610876,0.15623805655198844,7.885111467494123e-06,1.2237967178388573e-07,0.00023650243942322812,5.963022408116353e-06,4.105433953476046e-06,0
0.809623761100477,0.1901129151005639,8.203842105270568e-06,1.1837028766795899e-07,0.00024486564695649996,6.462453123900197e-06,3.6734864857758543e-06,0
0.7166250788335597,0.28332576329003434,2.191016722331134e-05,1.997759717096063e-07,1.1699597144639225e-05,9.21920714778699e-06,6.1291289185014405e-06,0
0.7064130392118699,0.2935379081244493,2.212849152959853e-05,2.017666434371111e-07,1.1816178018003133e-05,9.311072124651108e-06,5.595155364946028e-06,0
0.8606724385554422,0.13929166600449153,1.417782586497437e-05,7.621372239769333e-08,7.89440954922189e-07,6.056937618490397e-06,1.4795021905440191e-05,0
0.9059392440595397,0.0940307945404677,1.139456350963464e-05,6.567152870866615e-08,5.335337267653913e-07,5.2191172427411956e-06,1.2748513984639945e-05,0
0.7957455497720594,0.2041784358960005,1.4003284216116114e-05,2.0737222386475343e-07,1.3332044387230262e-05,8.40733780706822e-06,4.00642933058159e-05,0
0.8175780611261204,0.1823343918728494,1.4062972578876396e-05,1.987517716324476e-07,1.1018932861868214e-05,8.057845225004972e-06,5.4208498593064086e-05,0
0.6016310632080066,0.3788834253741607,7.610837751315089e-06,9.228264304578612e-08,5.074268911452327e-06,4.434981633411121e-06,0.01946829904689343,1
0.612048428272951,0.110540859959788,1.537716162547123e-05,1.846580834286358e-07,1.7709231219759003e-05,8.87442298396864e-06,0.2773685662933483,6
0.6815681607035772,0.12132289658624736,2.374286316738556e-05,1.9284568471446819e-07,1.2209673291068636e-05,9.267908260569828e-06,0.19706352941977157,6
0.7449587365165912,0.05574530541171664,1.2301468613131998e-05,1.5291082565857e-07,9.448633662034397e-06,8.669243452951852e-06,0.19926538581513845,0
0.4962725309919801,0.4955394564531977,1.4889852983076708e-05,2.0499460365119555e-07,1.0916399203166771e-05,1.1543466346413467e-05,0.008150457841686025,0
0.47453326767522674,0.5215760697834343,1.243415772187567e-05,1.5239700953006003e-08,7.829418404273629e-06,9.143376577047383e-06,0.0038612403489347216,1
0.20029685510052395,0.799655280283835,1.3863799458366723e-05,1.3175237231658277e-07,1.9604494092469376e-05,8.167998230792846e-06,6.096571487109262e-06,1
0.41743447613000856,0.5718343600780439,1.9894534462165876e-05,2.2335736188499516e-07,0.010691923746372586,1.123379776935317e-05,7.88835598149414e-06,0
0.43662650901311345,0.5476932053255821,4.149818246543875e-05,2.6160762845381696e-07,0.015576248525973757,5.258350124827962e-05,9.693843988503104e-06,0
0.4961058472506219,0.4832088477681215,4.2577161392658605e-05,2.331611545084818e-07,0.02057032548007949,6.494825602720718e-05,7.220922602803916e-06,1
0.0804365226418223,0.9024964561140594,2.6287373021878025e-05,1.5465848729614032e-07,0.017023376737932524,1.3745595148469486e-05,3.456879528212457e-06,1
0.07813770254278489,0.9064762525197471,2.5249127798558914e-05,1.480959066808427e-07,0.015342840367465015,1.4669142003152888e-05,3.1382042945457658e-06,1
0.14400699952109078,0.8530610770135776,2.2954817926224144e-05,1.4347004785264315e-07,0.00289179782403479,1.4107546189043082e-05,2.919807133853345e-06,1
0.16721852530382175,0.8296771539341429,2.4534553723099916e-05,1.8521709431848908e-07,0.0030639253877027457,1.298292338637869e-05,2.692680128972776e-06,1
0.2635225152603784,0.7321861067895336,2.4594875241318493e-05,1.7657303539598186e-07,0.004247864374074713,1.4704438251285243e-05,4.037689485136118e-06,1
0.3442999699423242,0.6515215299617527,2.880962409807027e-05,2.0361136588671687e-07,0.004127874782377678,1.695610402928604e-05,4.655974052047745e-06,1
0.15231160245363679,0.8460219716297911,2.1419465281338356e-05,1.736381030390763e-07,0.001630290622211317,1.1537984972217253e-05,3.0042060045768254e-06,1
0.10402926859981527,0.8943387572990408,2.6081094685503436e-05,1.55087607552241e-07,0.0015909070179794262,1.1329332133308347e-05,3.5015687379704648e-06,1
0.130355287570265,0.8679336280987496,2.986098384293097e-05,1.667630299291626e-07,0.0016647031525551259,1.2210007135218074e-05,4.14342442237002e-06,1
0.34948717596614637,0.6446020417580411,2.9958329627304967e-05,2.1787684942291992e-07,0.005860304130261517,1.5319756704233263e-05,4.982182370012811e-06,1
0.17591222880973137,0.6247855073820582,0.00018178364681463061,1.4134499233094427e-07,0.19904173686277804,7.429597813182846e-05,4.3059754936402085e-06,1
0.02797346647356381,0.3407113891769651,0.00016128655321167126,8.540950876782396e-08,0.6308537667706764,0.00029359131317539767,6.414302898785819e-06,4
0.05686771979650036,0.2803304555926747,0.00011261665646677353,6.987489914214559e-08,0.6624661104161135,0.00021599184548352817,7.035817862031668e-06,0
0.09550634290959453,0.7048513476458595,0.0002299251652682452,1.4335341926182584e-07,0.19899582051375403,0.00040976323683282337,6.657175271650769e-06,0
0.39445000155364834,0.34357157464804566,0.00046686160755947647,2.1306330059234905e-07,0.2607894764211429,0.0007148421609034858,7.030545399490868e-06,1
0.1202170028503144,0.8640534800420129,0.00010910319985851429,1.4752215461647584e-07,0.015105841446813076,0.0005088576671938099,5.567271652640854e-06,1
0.06842486643897773,0.9267405051977446,1.5282030049515634e-05,1.4325276404573007e-07,0.004803684792225072,1.0902106321618383e-05,4.6161819175340605e-06,1
0.0710495630887392,0.9250739919706318,1.6917150754056808e-05,1.5858028007043187e-07,0.003842190521898465,1.2068591383604796e-05,5.110096312731038e-06,1
0.07744404987423427,0.9192636919821544,2.3339013895152242e-05,1.6763167226128232e-07,0.003249052824684706,1.4000858784902202e-05,5.697814573967155e-06,1
0.13624401968227173,0.8621210675656183,2.5171398097936726e-05,1.6855811651282513e-07,0.001592115294137755,1.1329580539626091e-05,6.127921217962072e-06,0
0.23117781270262133,0.7672657327688087,4.401066565037111e-05,2.14319293382438e-07,0.001486573079678069,1.665054821126005e-05,9.005915736916442e-06,0
0.2582909568558709,0.7380715688087559,4.1193085960198286e-05,2.005984900425445e-07,0.0035724192071018694,1.5232090263091029e-05,8.429353558254425e-06,0
0.2714425186175223,0.7248618700304923,3.760912987616529e-05,1.9860713348737077e-07,0.0036338788831002133,1.5250992884636313e-05,8.673738991053853e-06,0
0.2420598287335606,0.7539234979320355,3.488356089316698e-05,1.842138878946712e-07,0.003953112658841032,1.3936698708482966e-05,1.455620207312208e-05,0
0.0002712178914286052,0.03662767972101373,0.9370225377849649,5.1418170159199144e-05,3.270195162070189e-05,0.025985004232162316,9.440248650546063e-06,2
0.0002718902981368058,0.0612329068216837,0.8888709008041565,4.307968805124005e-05,3.2783026698474914e-05,0.04953897570824267,9.463653030272905e-06,2
0.0006795482661943406,0.21090418157725635,0.6965282110172979,0.00011724708494255966,9.966597610244501e-05,0.09165906669389738,1.2079384308977791e-05,2
0.00023842320873074892,0.11185397023690119,0.8285207891831148,0.0002743730149470117,0.00010000827879926603,0.059009789479376434,2.6465981304460497e-06,2
0.00019563094327206825,0.06915391865963208,0.8776798283893658,0.0002442502894606482,8.497032403184031e-05,0.052639152757390645,2.2486368471298403e-06,2
0.00020623700748704615,0.07299594216768364,0.8752670274954268,0.0002574922347849308,8.957696088578553e-05,0.05118135358781226,2.3705459193754146e-06,2
0.00020716378887134396,0.030436693534781328,0.9530221132279671,0.00018282707696178958,5.537673445869948e-05,0.0160893152351396,6.510401820244496e-06,2
0.00048303864630428063,0.10103754761804778,0.7646234741070375,0.0033566989896800653,0.00011030337088255514,0.13038504602822862,3.8912398192201894e-06,2
0.0005331481618359585,0.07777451145935609,0.775851743585135,0.0007119690830907039,0.00014269880114565103,0.1449793243323609,6.604577075718799e-06,2
0.00010256927857707054,0.02752139646930628,0.951133524187199,6.230497119426964e-05,2.0058075257409913e-05,0.021156965500263806,3.1815182022179718e-06,2
0.00015778023093854855,0.06960545981270044,0.9207056625523463,4.218941254510493e-05,9.48910171598166e-05,0.009393027654538057,9.89319771642249e-07,2
0.0002767317939877541,0.02303765500938612,0.8849901646495498,3.627920827373375e-07,3.9247192694269163e-05,0.09164816225745623,7.676304842960385e-06,2
0.00032224166230620605,0.02014490019444648,0.8132451968273178,0.00030595944338372954,4.387550646845815e-05,0.16592251094576363,1.5315420313660797e-05,2
0.00019600925280144414,0.01773956401725339,0.9008324974448211,0.00018604716152846422,4.25365692045791e-05,0.08098995567246875,1.3389881922165515e-05,2
0.0001748537275989677,0.014400530482957622,0.9335022499890404,0.00014227917403624485,2.9494294172885896e-05,0.051739722763888975,1.0869568304824785e-05,2
0.0001651780327286814,0.013603663634096819,0.9368111532539758,0.0001293227668442128,3.527788225911453e-05,0.049245136339538385,1.0268090556918652e-05,2
0.0001411772052566078,0.01254265313192818,0.9249723529840875,0.0001532768739689631,4.1893965859205346e-05,0.06214256612318153,6.0797157181378504e-06,2
0.00028078200781907295,0.013278795531825895,0.8829819778931501,0.0002331932767165254,4.683479824080054e-05,0.10316627215719579,1.2144335051948503e-05,2
0.0005044220660141364,0.006589860797279078,0.2804611427283185,0.00030195864373488404,6.147146547580864e-05,0.712066161710504,1.498258867360823e-05,5
0.00031803435661436935,0.04758465233271768,0.33760723959617184,8.689845440020191e-05,6.331511455794799e-05,0.6143355421518558,4.3179936820648215e-06,5
0.00016897395790812126,0.055984007709932865,0.809761430472071,4.000955593054559e-05,2.0745989636138695e-05,0.13402152884173887,3.3034727821513423e-06,2
0.0004467889669223745,0.07458481794922195,0.48804539177193834,8.160004476786191e-05,7.97786461761441e-05,0.4367584618569352,3.160764038273052e-06,2
0.0009828466560801142,0.17274810942429628,0.6710686775059072,0.0007011684366987491,0.000183859372811135,0.15424461965316622,7.07189510403429e-05,2
0.0009298746306088816,0.11768216864445943,0.817068402586039,0.00025563713759503494,6.993271438983995e-05,0.06394222324218642,5.176104472125648e-05,2
0.0008829789588937181,0.10513022695201024,0.8873734661415993,0.00020957517721832168,7.6320105519379e-05,0.006284106678052377,4.3325986706609426e-05,2
0.00034241382544519534,0.04753519154006765,0.8670932169746004,3.10821268368309e-07,0.00017575250676053118,0.08484897739142143,4.136940436327571e-06,2
0.0001400358155700686,0.007778175897662093,0.9759724224221932,4.5757339068748545e-05,1.2346379050797842e-05,0.016044742852702455,6.519293752792503e-06,2
0.00012715075867917902,0.00920087262825144,0.975488802159779,7.678419465859347e-05,6.912242330835905e-06,0.015095589411297045,3.888605003949615e-06,2
0.00011659981565111612,0.008834796026878047,0.9884166625118672,5.80949736454848e-05,8.176797284609489e-06,0.002561500147407574,4.169727265783908e-06,2
0.00043170094912125075,0.09513736577458552,0.86677270558272,8.81896559504491e-05,6.877198624939923e-05,0.037471523988088465,2.9742063285121512e-05,2
0.0006388716297961963,0.15054317348894686,0.2740493753572316,7.97169284067395e-05,0.0001193693678536463,0.5745459253547167,2.356787304824982e-05,2
0.00027597719391681024,0.01802913751537466,0.47772043178117507,0.002854419395007025,6.581642771537506e-05,0.5010509998643337,3.217822477434811e-06,2
0.0003868522051546647,0.023834300411607577,0.5227323057719,0.19848251140863538,9.61068976170356e-05,0.25446505470131314,2.868603772308382e-06,2
0.0003956915204601498,0.08441986153084419,0.5141957012319224,0.0001475883396211163,0.00010457042981056616,0.4007335552634305,3.031683910999422e-06,2
0.00038182634522859033,0.09085590308236266,0.6609838488290704,0.00044059845455746057,0.00010789747951882165,0.24722720201075296,2.7237985091178562e-06,2
0.0004290144391410366,0.03402885615471665,0.21250195056334387,0.0007091914584279082,8.437072557862041e-05,0.7522438711777402,2.745481051747695e-06,5
0.00025658419791748326,0.04356523112969813,0.11280558567187066,3.464319570966338e-05,5.9908652081889234e-05,0.8432746974440932,3.349708628955808e-06,5
0.0003927677465541573,0.06650791825916441,0.44243807457055323,0.00021788097684508965,0.0001172487398456905,0.4903231933850619,2.9163219754979073e-06,5
0.00030210196026460247,0.04922828000115481,0.6046761863474257,5.5908070227579246e-05,7.990801792093326e-05,0.34565529289028907,2.3227127171504463e-06,5
0.00036969214019903475,0.053290684933728995,0.7215309902693183,0.002193136483345997,9.461232471442616e-05,0.22251813109183424,2.7527568587688617e-06,5
3.5176287767585724e-05,0.0027079354286310476,0.962747027211856,0.02667475070075079,4.352650580918993e-06,0.007825097033132238,5.660687281414429e-06,2
3.435903648667367e-05,0.0020722322797828772,0.9871791225708108,2.968331715446427e-50,3.630838358780155e-06,0.010709078428313402,1.5768462472864507e-06,2
0.00036495221038200634,0.010893843055780374,0.17233427434316348,0.0002279001358209766,4.65177073370578e-05,0.816129232454097,3.2800934191607466e-06,5
0.0004082045360624304,0.011435747919728376,0.4454333739419771,0.0013720696635784449,4.6274639934963985e-05,0.5413019603764041,2.3689223146434563e-06,5
0.00022416262214792538,0.009455075191141344,0.3225696725377385,1.9170335170004667e-05,6.843417035549729e-05,0.66766152896228,1.9561811667956952e-06,5
0.000240372412695804,0.015177147715344045,0.6703167702667072,0.0026294460562005144,4.9402107479845606e-05,0.31156115059151973,2.5710850052676716e-05,5
0.0001746469712903857,0.012700984116370422,0.27028359627605814,0.004158567475581641,2.689315058321243e-05,0.712643983302144,1.1328707972315845e-05,5
0.0002938204931344464,0.021767854877551358,0.15617191982256473,0.00082691362439748,8.173972654724993e-05,0.8208544491507371,3.3023050677646954e-06,5
0.0002477600727370892,0.017406279580389823,0.12923925634422195,0.008224496847879346,5.067417234868492e-05,0.8448234355254362,8.097456987030178e-06,5
0.00022814211752964072,0.016488710574993338,0.0892575094660373,0.00037661743589792414,5.220459737577212e-05,0.893593862962451,2.952845714936862e-06,5
0.0001885167216811253,0.015984453785531375,0.18488656599803785,7.411549159638703e-05,2.7824920111559115e-05,0.7988288711063459,9.651976695771036e-06,5
0.0002492743536047998,0.02431751087975018,0.23842732968746572,0.00010899852131336922,4.078941363436047e-05,0.7368429322547972,1.3164889434403027e-05,5
0.025010139250150883,0.00024860810338907756,2.649113549083038e-07,6.943190198355005e-09,2.261859988494224e-07,1.807521417390026e-07,0.9747405738537743,6
0.07992077006121334,0.0008494940365305577,8.753448642983018e-07,1.8415689809744622e-08,7.327148056841674e-07,6.208876672139e-07,0.9192274885392291,6
0.13401766567746273,0.0016796816212903806,2.1904757986063732e-06,3.5649976430918824e-08,1.5030207188637797e-06,1.2019441536591918e-06,0.8642977216105994,6
0.9596759392558479,0.00789686487653614,8.545485376880505e-06,1.566013817596038e-07,6.721096544770126e-06,5.279838420809171e-06,0.0324064928458917,0
0.9484082319525655,0.012220365118759428,7.69897186697057e-06,1.5176360146511216e-07,6.055306507617921e-06,4.7568190303075565e-06,0.03935274006766875,0
0.9529697229310462,0.009874476534893933,7.681827743724893e-06,1.229877505956223e-07,7.306376717900122e-06,3.7007466542370778e-06,0.037136988595193536,0
0.9436084307321706,0.05636777597292332,8.47257756446874e-06,1.0713106892776625e-07,5.7030843515296854e-06,5.024638695154949e-06,4.485863225809485e-06,0
0.9320056792542537,0.06796799494631567,8.987210410170357e-06,1.1363831733544837e-07,6.767652082625895e-06,5.6989595703607095e-06,4.758339050286793e-06,0
0.6868315077380949,0.3131125282784563,9.773971358727275e-06,1.5240509426847135e-07,3.4960672257132425e-05,6.905084662664032e-06,4.171850075940388e-06,0
0.8443495498969762,0.15548568054086634,8.043020163043333e-06,1.3497759586857942e-07,0.00014539838697486758,7.271324236425224e-06,3.92185318748342e-06,0
0.7818236382892878,0.21812423469755352,1.9429231399743063e-05,1.771549045196125e-07,9.60977630564879e-06,8.17529629832955e-06,1.4735554250417397e-05,0
0.8896064497759654,0.11035629297114297,1.471570881232765e-05,7.910514327014936e-08,8.193910214301968e-07,6.286727678630514e-06,1.5356320235977198e-05,0
0.8217487909797586,0.17818535454953965,1.2785544505365393e-05,2.0530853979949626e-07,8.490504876290728e-06,8.874026377529323e-06,3.549908640292518e-05,0
0.6633519028210482,0.3279624757254545,1.0060299812260366e-05,9.834773897080372e-08,5.407765294754043e-06,4.726462112779097e-06,0.008665328578538668,1
0.5144973473524611,0.13728596586635702,1.2655734866705726e-05,1.465243079276488e-07,1.1764841909784292e-05,7.097790921500904e-06,0.34818502188917605,6
0.4002089454414248,0.0746785949848094,8.541836797666929e-06,1.1759890784557043e-07,7.605886795730495e-06,6.125706634035044e-06,0.5250900685446306,6
0.6598860523804385,0.08704756343304261,1.637283674664891e-05,2.035191133707765e-07,1.5759537360776752e-05,1.1538468473643252e-05,0.2530225098248244,0
0.6077235615995299,0.38089807910582174,1.4631025048403965e-05,1.8186788835882414e-07,1.170090514833116e-05,1.0241176164498144e-05,0.011341604320398832,0
0.3428569025446469,0.6568153773945077,1.5011061871061454e-05,1.5091064018163432e-07,6.9714485270464555e-65,7.81576080497679e-06,0.0003047423275291813,1
0.24360745701448716,0.7563481757235595,7.800697428645876e-06,1.1860245677330762e-07,1.1667989452051125e-05,7.352768227689303e-06,1.742720438821165e-05,1
0.232079419276857,0.7678692229900986,1.4851960857656792e-05,1.4114320409968173e-07,2.1001831407753266e-05,8.750183553465561e-06,6.612614021349082e-06,1
0.30997276640022997,0.6817494926402307,1.6428310630082555e-05,2.011271803611887e-07,0.00824572266516634,1.0219206139750992e-05,5.169650423052097e-06,1
0.31287857678804715,0.6635013522317829,2.2508017171780266e-05,2.4129928805073514e-07,0.02357666345908616,1.2136190099015306e-05,8.522014524891133e-06,1
0.07744268518176836,0.8987357746782866,2.6723938474093377e-05,1.5722696579679493e-07,0.023776682983023604,1.4461702102011276e-05,3.514289379445292e-06,1
0.2034978300722863,0.7940048715351357,2.4392028609611228e-05,1.5909709037625523e-07,0.002453987888630913,1.4702892574654598e-05,4.056485672582058e-06,1
0.1020391281379997,0.8968526250695664,2.149156223588782e-05,1.3726562889643912e-07,0.001074278029213971,9.24075133551431e-06,3.0991840194563704e-06,1
0.11021585461418867,0.8887594199572949,2.347028862557653e-05,1.3956281189088352e-07,0.0009885691290678336,9.395398183341368e-06,3.151049827986781e-06,1
0.40535400464647037,0.5908820682178151,4.311006140176447e-05,3.1352496863123774e-07,0.003691726953722725,2.1607231022037876e-05,7.169364599362759e-06,0
0.40896239893018743,0.5877899163497637,4.1349963284287535e-05,3.007243673533358e-07,0.003178012295345556,2.114508335828235e-05,6.876653693264915e-06,0
0.6148668070988539,0.3799431832080725,3.35428689301178e-05,2.785758240802285e-07,0.0051307853453317195,1.9587734354953627e-05,5.815168632642261e-06,0
0.5910548776458318,0.40448751726369836,3.087450902644382e-05,2.776576487809515e-07,0.0044011337478069715,1.9523173929034047e-05,5.796002058452806e-06,0
0.393550713479767,0.5938273559947037,3.553266355013194e-05,2.584171040981972e-07,0.01256205993244834,1.8170297456946976e-05,5.9092149696394714e-06,0
0.34571915192717845,0.6199318138147147,3.83510084627567e-05,2.789139781825964e-07,0.03428441490811989,1.9611511266500384e-05,6.377916279458043e-06,1
0.12191990061341147,0.8638666348814643,2.0757942167447695e-05,1.6538244251942218e-07,0.01417612161378084,1.149541306261925e-05,4.924153670527666e-06,1
0.12509483234677576,0.8484154179567556,2.7509345617151235e-05,2.1139318559739386e-07,0.026440887890679735,1.4846973641422958e-05,6.294093344652945e-06,1
0.028090702798592708,0.33041010616327215,0.00017664435303119783,8.438515013563458e-08,0.6409981112115983,0.0003207900727404769,3.561015614996271e-06,4
0.19451218680434987,0.6127378105844672,0.00026065453211494046,1.5273043603003927e-07,0.1920680298423568,0.0004140728726484999,7.092633626761161e-06,0
0.13528353781920066,0.8527563058899361,0.00010090929985010608,1.7898752979580627e-07,0.011303774926014426,0.0005493403078712378,5.952769597696263e-06,1
0.10875530673883858,0.8780377346378646,9.819119646518883e-05,1.589437983403296e-07,0.012667434859967129,0.00043437196730509753,6.8016557611290035e-06,1
0.4450571210645863,0.5434069825602917,0.0001421291631120713,2.596087743642377e-07,0.011000504235852852,0.0003807067855594464,1.2296581823171851e-05,1
0.2958842477721595,0.6887457117628436,7.585403139690359e-05,1.7850149350691738e-07,0.015071907393848994,0.00021647951084171284,5.6210274155652455e-06,1
0.23422801941972415,0.7478260371959967,1.8262027098964825e-05,2.0614287148004042e-07,0.017900278870733304,1.5374543345292457e-05,1.1821800230188321e-05,1
0.06782763184208761,0.9287390498917277,1.5843330720576024e-05,1.4851436033428553e-07,0.0034012638621778624,1.1276827151516622e-05,4.785731774434836e-06,1
0.10345752699412372,0.8951336598689138,2.6691232989646963e-05,1.7678441884250784e-07,0.0013566311858506234,1.4372429954797923e-05,1.0941503748742544e-05,1
0.1162873189577162,0.8834429342254939,2.8731290591612408e-05,1.9029636104872182e-07,0.0002135765079240672,1.5470939903715394e-05,1.17777820094064e-05,1
0.2766932771078821,0.7196586959016827,3.8127452848520966e-05,2.0134430502255842e-07,0.0035857012799578565,1.5461179612948517e-05,8.535733710617994e-06,0
0.3630456577000039,0.6362052710319733,2.2881010025872026e-05,1.9711482126505735e-07,0.0006941148109104867,1.3703582798091292e-05,1.8174749467004475e-05,0
0.43035014284148987,0.5690394298882955,2.133122161989816e-05,2.0153322059181156e-07,0.0005317355708232803,1.3600504497667482e-05,4.355844005315415e-05,1
0.473165484638041,0.5262563704049148,1.8916716522976365e-05,1.787214474552894e-07,0.0005083604600930336,1.2061048013858153e-05,3.8628010966795746e-05,1
0.0005819446647485467,0.24489782498727464,0.72491672804685,0.00453798457598189,7.69835230769669e-05,0.024985294674390902,3.239527677066647e-06,2
0.000486482278139052,0.06126889589440089,0.9165044380853988,0.00010747716249977122,5.4225339792444964e-05,0.021564964743620896,1.3516496148008114e-05,2
0.0005419679935468301,0.1905522348413096,0.7314218834534146,0.00012227721340389897,9.125509772356068e-05,0.07726010761536042,1.027378524094457e-05,2
0.0004163373376432,0.23103657665317942,0.6477119648997357,0.00019937224584171327,9.061590998343936e-05,0.12054188526558389,3.247688032772037e-06,2
0.00018270406293625086,0.059355403313551,0.9119102814667736,0.0001588979155687601,7.291328906232326e-05,0.028317868545387828,1.931406720340599e-06,2
0.00022361120078253033,0.01862277989904101,0.9547735154209662,0.00033431516602341817,2.6030365739328193e-05,0.025995726653439005,2.4021294008361435e-05,2
0.0005196658339485945,0.10557371617999717,0.7562318923922197,0.0006175367718354179,0.00013909021320725472,0.13691029838045404,7.8002283378473e-06,2
0.000531641640631147,0.09079237400420007,0.7736594128463851,0.0005675176779882954,0.0001453805698258278,0.13429569327475546,7.97998621406563e-06,2
0.000762620086070538,0.16522819338921113,0.6045261576363127,0.05735354251028556,0.0001690127519517021,0.17195087503251683,9.598593651482973e-06,2
0.00041583376201234174,0.130402216959265,0.8041044521384862,0.00021636955995382634,3.1293552466757726e-05,0.06480543951657898,2.4394511236843956e-05,2
0.00047692806670389994,0.16458583047380884,0.7632330275154275,0.00025649596974749566,4.419095482132519e-05,0.07137554846617152,2.7978553319172885e-05,2
0.00021787070194444666,0.05947686919996767,0.9125086907251031,8.49167717062186e-05,2.396293092210339e-05,0.027674099761544738,1.3589908811902029e-05,2
5.2160223284913435e-05,0.04383284384956867,0.9480399114210476,2.129554239625032e-05,4.4726324136081215e-05,0.00800867605337961,3.865861866505796e-07,2
0.00025994228166504555,0.02372797492871069,0.5494417667251857,0.0006253138333286156,3.673822420592426e-05,0.4258995672147151,8.69679218891615e-06,2
0.0002567031070462873,0.018578450862279394,0.8416046438866225,0.00015778810696087583,5.6455173573536905e-05,0.13934112503628643,4.8338272309694174e-06,2
0.00016629482230256373,0.01601586254362072,0.8277318950833549,8.615138941135454e-05,5.7832341013545376e-05,0.15593806119185863,3.902628438439807e-06,2
0.00012129310768404367,0.012438920746349816,0.9017376484082036,0.00012363200458161128,3.620204764549758e-05,0.0855370499896012,5.25369593413045e-06,2
0.00023134829764743703,0.016291276333854066,0.9383568806513022,8.082215169690831e-05,3.4380140268184186e-05,0.0449969185381139,8.373887117300625e-06,2
2.0060505157501384e-10,6.70189397675269e-09,6.047626136252642e-08,0.9999993901963234,4.745368688542096e-11,5.423760725860671e-07,1.389699768662053e-12,3
0.00021024321891240438,0.004139740167491661,0.13842357357811788,0.0007552716905688894,6.142892103304556e-05,0.8564068115940981,2.930829777894353e-06,5
0.00016158339221832016,0.039446948537084615,0.8213943234961423,4.661623353010114e-05,1.7959310922119247e-05,0.13892767247984242,4.896550260125471e-06,5
6.734596261812295e-05,0.011868271400972952,0.1611210132290728,3.6572236145709515e-05,1.8795108332358735e-05,0.8268871602964107,8.417664474599417e-07,5
0.00018209541907846842,0.05194080232429155,0.8449667833649922,0.0012353471698041659,5.012440677254936e-05,0.10161894709666526,5.900218395651633e-06,2
0.0008528957321922069,0.11595733759928684,0.5599898730600457,0.014410073270088376,0.0001600281510056413,0.30859749502664774,3.2297160733702247e-05,2
0.0008366987425290788,0.14670712017343698,0.5990607540133844,0.0012555617169227934,9.015903369765322e-05,0.2520053173441823,4.4388975846613615e-05,2
0.0007778668384148913,0.09585840016793652,0.8891057643096728,0.00016594564722016898,7.601151102333799e-05,0.013969517860073456,4.649366565891513e-05,2
2.3589837087101392e-17,3.015709845002304e-15,1.5887244665599871e-13,0.9999999999998328,4.419747546650256e-18,5.398357383999231e-15,3.3059666799365736e-19,3
0.00018549097813249963,0.022770219770456426,0.9566999367418515,0.001175113405638899,3.146799627314089e-05,0.019133992224951782,3.7788826955945523e-06,2
0.00023805979982813294,0.023381343185730704,0.9467454661903641,0.0006925111241829147,2.785885196849549e-05,0.028904547768659545,1.021307926600449e-05,2
0.00015176083837382145,0.010981705169037525,0.9717534582646709,2.283657367026969e-05,9.791386178058497e-06,0.0170733826220462,7.065146023546828e-06,2
0.0003527455508461846,0.09528032461384038,0.6569734267539242,5.674974994346692e-05,5.5546298399375196e-05,0.24727404602384465,7.1610092017022136e-06,2
0.00022647156273022123,0.041486318369148505,0.6487996952107506,0.00045687815458677304,6.699720613021822e-05,0.308962038713622,1.6007830314595526e-06,2
0.0002722649248780669,0.052356330074320626,0.5338531210311143,0.00024208263868389157,7.018327683547437e-05,0.41320399126291846,2.026791249234087e-06,2
0.0005800883770238039,0.09281185256629512,0.2182516424090065,0.0003910012609508449,0.00012213301507465205,0.6878390546117883,4.227759860829891e-06,2
0.0009319715923980488,0.2938893169480844,0.539524070212083,0.00018416441979975353,0.00014996304388745877,0.16529221267129326,2.830111245404929e-05,2
9.907903989582311e-05,0.008270421517627044,0.10398803059903074,0.8216208719273095,2.9935020652158993e-05,0.06599107525500643,5.866404782647256e-07,5
0.0004187145171378693,0.030781885245179857,0.2102516571392565,0.0002084731517276025,7.705919500891284e-05,0.758258049178252,4.161573437170693e-06,5
0.00040100800255865143,0.06576731731331772,0.4333376451281094,9.493372231388914e-05,9.673081110561487e-05,0.5002994105272315,2.9544953631353945e-06,5
3.3003792301457395e-05,0.002443953868922691,0.958122071509944,0.031109384952391305,3.6768084503997844e-06,0.008283543234052589,4.3658339376785695e-06,2
4.239410314415307e-05,0.002709740627551099,0.9263482854333072,0.056363332585668335,4.63843199479531e-06,0.014526033013826434,5.5758045079534995e-06,2
3.9103996023304125e-05,0.002380471820935548,0.9851230592924579,3.049368443521919e-50,4.132254663138395e-06,0.012451438028280264,1.7946076400357455e-06,2
0.00011748214492367623,0.0050937665349660936,0.9559126104759827,0.004588506461933524,1.2496451771794428e-05,0.03427162291803814,3.515012384079783e-06,2
0.00043096160338849926,0.012880614080817723,0.1611596910166459,0.00023402352440659335,5.493142710096534e-05,0.8252346136020648,5.1647455755842856e-06,5
0.0004023253442450606,0.013718127288942806,0.492686213372801,0.0017089641074625715,4.835461555622356e-05,0.49143362138046165,2.3938905306969262e-06,5
0.00023655560389112133,0.009820896715551407,0.18611152306707912,2.6320143163864463e-05,7.075930889672393e-05,0.8037304162407353,3.528920682524617e-06,5
1.3093367547891677e-05,0.0003089798330288153,0.008646427215365762,9.794800111585404e-19,2.685443350554363e-06,0.9910287325265124,8.161419469654794e-08,5
0.00043644313883834117,0.011837736791795306,0.30772672059331935,0.000600853248142512,7.774079289167815e-05,0.6793141043753521,6.401059660671062e-06,5
0.00039375452204695337,0.011771903512838041,0.3232011849272661,0.0002960202878186454,6.409993916146836e-05,0.6642630325309758,1.0004279892854515e-05,5
0.00030152220688288054,0.018570817087357836,0.29806460071018953,0.00014742017088404183,4.8891974478689294e-05,0.6828625992832105,4.148566996592177e-06,5
0.00031485681026177897,0.01725708439054602,0.2278568656372784,0.0003060916297391831,7.43584685353623e-05,0.7541880228732217,2.7201904174405733e-06,5
0.00040335176236703385,0.024994390373687034,0.49169901691322315,0.0004235823167564284,0.00011225239307091866,0.4823642663693004,3.1398715951239995e-06,5
0.00024545184065235284,0.02223877485611237,0.26033367940922947,0.0001689783507094358,4.1606345255606e-05,0.716958080641799,1.3428556241814674e-05,5
0.0005666632092093411,0.05694672599987468,0.47656693492035634,0.0003350080038161485,9.385350629655287e-05,0.46547337958814866,1.7434772298502127e-05,5
0.0004610833754061591,0.035353126548650055,0.3395057907915441,0.00027912320324213947,7.666476078337999e-05,0.624300174582965,2.403673740905852e-05,5
0.0005298598272355468,0.03891618611742265,0.32033654204713485,0.00018782381770096282,8.086447769801727e-05,0.6399215951129739,2.7128599833989206e-05,5
0.0005019088164799863,0.03280235389791546,0.6121847027923584,0.00035747337641933914,6.933356893283787e-05,0.35405557646945846,2.8651078435782582e-05,5
0.0005210286196908498,0.09422931984741965,0.6608694941699065,0.00020146245498038514,5.138277473773857e-05,0.24409447141178198,3.284072148294387e-05,5
0.0006368825233046762,0.11355006110544288,0.7533954047340538,7.158501463962995e-15,6.199715251969919e-05,0.1323094558064067,4.619867826515964e-05,5
0.09646531111452507,0.0010275369324756363,1.116995744464462e-06,2.5277630360078286e-08,1.0085672594672123e-06,7.606131954529056e-07,0.9025042404991694,6
0.1222927751360516,0.0013713639273192405,1.3389925233430599e-06,2.817000701457233e-08,1.1409661370682245e-06,9.497558940975395e-07,0.8763324030520675,6
0.8081210955021673,0.011454430159154518,1.2038549556842203e-05,2.3955828852621143e-07,1.1730471913216335e-05,8.076742628782154e-06,0.1803923890162909,0
0.963961289689366,0.010697820946853304,7.668836280690478e-06,1.332426007473772e-07,7.87704045307929e-06,4.102097901061104e-06,0.02532110814654506,0
0.9602414741300908,0.012988021311401412,7.610866123646794e-06,1.3223539519395013e-07,7.855754805241466e-06,4.071089381537504e-06,0.02675083461280219,0
0.925183251765835,0.006642747373425662,8.738933110880637e-06,1.3863777491811145e-07,6.679861060909516e-06,4.782357576231856e-06,0.06815366107121619,0
0.9538397249225479,0.04549869925558617,8.162999842500645e-06,1.376585958337617e-09,5.623217451707493e-06,5.123065744882335e-06,0.0006426651622407683,0
0.9616306505543261,0.03749873781920899,7.897413813747709e-06,7.24182491821811e-08,6.6407882295402465e-06,4.475012859843882e-06,0.000851525993312556,0
0.9524908947260682,0.04748863119921304,4.207468613335114e-06,1.079865147348341e-08,5.220013581128e-06,3.955000820154651e-06,7.080793052730285e-06,0
0.9074333220339438,0.09254302455710789,4.748706134689373e-06,1.2187761148348855e-08,5.891485726863175e-06,5.009381971974047e-06,7.991647353327051e-06,0
0.7534259312962543,0.24654370438346007,9.04741749697671e-06,1.2913021990459605e-07,8.641035847095995e-06,6.55533605038531e-06,5.991400671464867e-06,0
0.7071317171293738,0.2927136110147829,1.0474168530218682e-05,1.6332323716157275e-07,0.00013216388922058231,7.399757766590094e-06,4.470717088728529e-06,0
0.8446327418410048,0.1551783242550124,7.831459952051762e-06,1.3142720210078778e-07,0.00017007226002405858,7.080062389698214e-06,3.81869441490762e-06,0
0.8561911169963624,0.14360210226793346,6.822003372948168e-06,1.102616294597255e-07,0.00018996230602588975,6.187251034862266e-06,3.698913641057476e-06,0
0.7602190220810298,0.23941899524046098,1.2753981243617263e-05,1.6303010548797757e-07,0.00033603793944214514,8.900666165954969e-06,4.127061552052297e-06,0
0.8349047728357609,0.1650577790356718,1.58066094501332e-05,1.4412399185045387e-07,8.614321993340558e-06,6.662816311394861e-06,6.220256820519403e-06,0
0.8413192022580495,0.1586499916742562,1.339925877818595e-05,1.2217387093935702e-07,6.373678402547147e-06,5.638046530811917e-06,5.272910111928735e-06,0
0.8123960958906132,0.18755739293719795,1.843769274155354e-05,1.6811409725837425e-07,8.881547154509831e-06,7.758083586453828e-06,1.1265734609043704e-05,0
0.9400331866241809,0.059938280098045686,1.0088681821411004e-05,6.666366558158669e-08,3.540058906419386e-06,4.3100061340184186e-06,1.0527867246101336e-05,0
0.8553825840647065,0.14455706021621623,1.3539909403660771e-05,1.234563173529061e-07,6.15232721967115e-06,5.6687293520943055e-06,3.487129678469754e-05,0
0.8531731913639597,0.14675753316467563,1.1506353686779269e-05,1.3817252172473032e-07,5.554587869612301e-06,6.580576193507751e-06,4.5495781092992556e-05,0
0.8076807527311947,0.19224360692060205,1.1978174249959428e-05,1.9216767097524845e-07,1.0282220822645926e-05,7.816393411265924e-06,4.537139204831186e-05,0
0.7884082779753835,0.21151832840842255,1.3874165175024176e-05,2.0546012222621752e-07,1.3209114597296186e-05,8.357062025556567e-06,3.7747814273871816e-05,0
0.48521212397325386,0.4458791880492131,1.0599973588903957e-05,1.2729077413603497e-07,7.708718891243216e-06,6.619391408864306e-06,0.06888363260286987,1
0.5230358682156989,0.08725659642099703,1.0587458828149283e-05,1.457618103158294e-07,1.1288709134545944e-05,7.706592432919445e-06,0.38967780684109815,6
0.6288057607865835,0.1069904761286757,1.2237712642849351e-05,1.6848151930508577e-07,1.1282938120176317e-05,8.631925272182536e-06,0.2641714420271863,6
0.5774429750387472,0.08514873964586397,1.1238098689357611e-05,1.788331257966594e-07,1.0481900263994625e-05,8.04574001296463e-06,0.33737834074329676,6
0.495103356816356,0.500543964201064,1.2592299868397942e-05,1.3203210281833026e-07,8.637893929117928e-06,9.63322170223438e-06,0.0043216835349775395,0
0.5442401984115269,0.45188624023840385,1.232166882757674e-05,1.051024369534392e-07,8.452250142917516e-06,9.425801235140046e-06,0.003843256527426732,1
0.27802105802950505,0.7192470466397215,1.43518944240128e-05,1.363909037547191e-07,0.002702014557881954,9.081277523865727e-06,6.311210039801512e-06,1
0.3205881935371135,0.6732954036582204,1.5352933203272193e-05,1.976403732336981e-07,0.006082903851341008,1.0042042611970264e-05,7.906337136709327e-06,1
0.4817831938376564,0.49860746545119283,3.8113719263455625e-05,2.4059139816689784e-07,0.01950724347244243,5.675944380736449e-05,6.9834842394504515e-06,0
0.21263076020434143,0.7848725291942772,2.5260928774968127e-05,2.110570598661815e-07,0.0024526197594084954,1.5392677692650926e-05,3.226178445531559e-06,1
0.14134787120477585,0.8552140904477732,2.3035307328305365e-05,1.8442018756628903e-07,0.00339860556930439,1.3290916822799272e-05,2.9221338077159295e-06,1
0.10794299184549605,0.8907401870044102,2.0068175813366034e-05,1.6066539485959174e-07,0.0012846376179665162,9.40895127853142e-06,2.5457396407889865e-06,1
0.09468385668407094,0.9042751975099963,2.2232704457969592e-05,1.4199927050420827e-07,0.0010058273638135437,9.537678188769681e-06,3.2060602021000252e-06,1
0.1740292645075444,0.8246467418261757,2.5960356777652576e-05,1.707762532119285e-07,0.0012824495931297488,1.1507805451716966e-05,3.90513466769365e-06,1
0.19650544116822297,0.800796370633788,3.0011174599635264e-05,1.8496045884706186e-07,0.002651239629645377,1.252294887836368e-05,4.229484406709859e-06,1
0.2028648021096572,0.794543525035724,2.8174330722487213e-05,1.853405436123273e-07,0.0025465263246304535,1.2548682930466131e-05,4.238175791873687e-06,1
0.6201263826604103,0.37522163113764495,3.124158088231193e-05,2.9518833868978694e-07,0.004596808799035455,1.9755287990521746e-05,3.885345697664438e-06,0
0.6080575427984823,0.38707687448944045,3.222866828164881e-05,2.898357428375452e-07,0.0048066345303089415,2.0379462417519307e-05,6.050215326230397e-06,0
0.648779952106151,0.3465047330770195,3.534487061820542e-05,2.935415715331018e-07,0.004652908798049504,2.064003344263677e-05,6.127573147425033e-06,0
0.593819836218097,0.39531193776159057,3.713323901867079e-05,3.0839409359842094e-07,0.010806188070969254,1.8158702107480124e-05,6.437614123575916e-06,0
0.20094366144530212,0.7049663891778905,0.0002785199698985223,1.9597402416163743e-07,0.09369326167949305,0.00011200154297617336,5.970210415762434e-06,1
0.02626697586658859,0.29831768308126266,0.0001591291813946217,7.618889981073245e-08,0.6749987452875695,0.00025417525676964503,3.2151375150642125e-06,0
0.21891192705862292,0.553904918826164,0.00019675173963940436,1.5641976323836458e-07,0.2264759837597154,0.0005035091840836523,6.753012011491545e-06,0
0.17139097017638652,0.8187815795612109,0.00011963004657018715,1.6823274468263814e-07,0.009143279281366485,0.0005556718187809638,8.70088294031569e-06,1
0.19070693889997373,0.7972053136619714,0.00013311249687414953,1.871927775900241e-07,0.011424871417176533,0.0005245465992738257,5.029731952594268e-06,1
0.09915515394990562,0.889311783798798,0.00010626599832349517,1.6098464479330513e-07,0.01098079761840561,0.0004389486605556009,6.88898936696582e-06,1
0.10917046683195877,0.881389536389945,9.301444589150654e-05,1.5955054686689398e-07,0.008890721913412338,0.00044927324799462926,6.827620250806208e-06,1
0.11893182089738881,0.8756810885152863,9.191636371187898e-05,1.588313624207644e-07,0.0049511245122197305,0.00033579848014146744,8.092399889193664e-06,1
0.12459308970183829,0.8716446380682732,6.860577105460395e-05,1.5809922953328821e-07,0.003349259382661164,0.0003342506176341573,9.998359309052668e-06,1
0.21851896903480533,0.7639239719272138,8.846692912965681e-05,1.8241556557592067e-07,0.017363990521892313,9.86748895109735e-05,5.744281882371782e-06,1
0.07873284616624125,0.9194730065718624,2.2826285502315035e-05,1.6394901804575896e-07,0.001751891108767401,1.3693277759612412e-05,5.572640848876679e-06,1
0.09019854805291916,0.9095587646922729,2.5009976585867198e-05,1.796333048662032e-07,0.0001963886399826176,1.500325386348775e-05,6.10575107096237e-06,1
0.14717174568401403,0.8527668392592678,3.3514353297395914e-05,1.8380949490839235e-07,9.09443694455144e-07,1.5220400164849443e-05,1.1587050066329811e-05,1
0.2915704223842381,0.7080237424752123,4.067778181163215e-05,1.980891069335707e-07,0.0003393661645645737,1.521121375310497e-05,1.0381891313214537e-05,0
0.27703178777451726,0.7205391370437509,3.817409854087662e-05,2.015906326371242e-07,0.0023664153606149534,1.5480095049826677e-05,8.804036893503757e-06,0
0.2816787926920957,0.7146021618647062,3.8632820898973253e-05,2.040130639166598e-07,0.0036547452392666027,1.510540511275698e-05,1.0357964855778401e-05,0
0.3537947680944799,0.6455703364268498,2.2360016649153237e-05,1.9262657899707697e-07,0.0005878250517830745,1.3105932157829335e-05,1.1411851501027079e-05,1
0.0002543600765941249,0.040160323240428786,0.9483504753334626,5.1306190253490364e-05,3.5100033842846276e-05,0.0111396075425045,8.827582913694451e-06,2
0.0005188390120483857,0.20609972438316607,0.7221054859176379,0.00017881185351245856,8.114400050307983e-05,0.07101199018645393,4.00464667819892e-06,2
0.00017640006777814497,0.10335270671153901,0.854839181040681,0.00010959482493429002,6.592206602225088e-05,0.04145423717392681,1.958115118396127e-06,2
0.00012721728148078708,0.019519747796598524,0.9720658241725022,0.00028944513309283476,6.640429067275261e-05,0.007930016482476062,1.3448431767014747e-06,2
8.279863042883246e-05,0.009586584035499487,0.987342321296392,0.00013046908002359176,2.3882026806261305e-05,0.002831298691807518,2.646239042482335e-06,2
0.0006091100167381552,0.1593607764864832,0.4719817501894401,0.1118370317541354,0.00010116746638629906,0.2561063742361835,3.7898506334491543e-06,3
0.0006970351141717851,0.10879663631698662,0.7342861084191983,0.001256943280941916,0.00011331183683368554,0.1548419266806913,8.038351176493077e-06,2
0.0005208152351210766,0.11077014653295507,0.7232719509112024,0.0017915794530883782,0.00011239908880884376,0.1635288805432194,4.228235604850863e-06,2
0.0003000339595416845,0.10751350820606217,0.8316650014083594,7.356593053118175e-05,3.3169470563892635e-05,0.060404480870072164,1.0240154869567181e-05,2
0.00028476146467731303,0.10086990554206605,0.8639209306511955,8.737903957158938e-05,4.347194221828372e-05,0.03477381188928779,1.9739470983625773e-05,2
0.00019038162366443872,0.05496675724578854,0.9159148783878809,9.303049660755886e-05,2.800801553320384e-05,0.028793554397276204,1.338983324932586e-05,2
0.00031046548583649886,0.028542929024270244,0.832888763702015,0.00018975241943377887,4.4031437703483287e-05,0.13801544588194758,8.612048793367877e-06,2
0.00036085649780896896,0.02744832902014353,0.7488231407946078,0.00028439590265203293,8.742623190295786e-05,0.2229908866205409,4.9649323437647045e-06,2
0.00010734096856324836,0.009591807616137156,0.9138937184923809,0.0004406267750917796,3.15319340809718e-05,0.07593032484148639,4.6493722592660575e-06,2
0.00017415593455427867,0.014572229955765233,0.8301733214284586,2.3030129882736817e-05,6.609843301628857e-05,0.1549870889597223,4.075158600858903e-06,2
0.00016107566484640745,0.01391406508944413,0.9225570015752346,4.660276162627874e-05,5.350181233413309e-05,0.06325650891573761,1.1244180776888682e-05,2
0.0002075949332905689,0.014618592218468045,0.9449294673179529,4.917781257133954e-05,2.9958799043526102e-05,0.04015769480875715,7.514109916416909e-06,2
0.00022201087375018982,0.015633745872194012,0.9004839589542841,5.285730054969076e-05,3.3369927084687575e-05,0.08356602116258223,8.035909554997176e-06,2
0.0002554594220209306,0.017726758377856224,0.8439959973964166,0.00015334203210566394,3.865770467113077e-05,0.13781810969306488,1.1675373864404564e-05,2
0.0001907174614577835,0.002875266577036515,0.10257000060203397,0.0003753958637839786,6.715877579493022e-05,0.8939156791824364,5.781537456484101e-06,5
0.0005126579067664569,0.006531295425254139,0.2898820124087715,0.0003203176133599715,7.835076496097612e-05,0.7026582941106941,1.7071770192965956e-05,5
0.00013952436939723557,0.0021878343998571765,0.059207824798885526,0.00014413399026978624,2.7412702321489727e-05,0.9382901506546154,3.1190846534443607e-06,5
0.0001465016191131554,0.00463115873441259,0.11690447925693812,0.00014155213435902415,1.9877859772604826e-05,0.878151168686534,5.261708870607002e-06,5
0.00013966297265854963,0.006187113760505953,0.08773319766972741,0.00017076646654716737,2.5131345104033377e-05,0.9057410056023103,3.1221831466119017e-06,5
4.0163511057946126e-05,0.01024020417077705,0.09061188870744329,0.0015979972616643099,1.2737014980269895e-05,0.897496136590359,8.727437181574433e-07,5
0.0012809281359458411,0.27765059305039547,0.549158311203449,0.0009353531491877415,0.00020027984152292828,0.17070116340947364,7.337121002542705e-05,2
0.001048996478294537,0.2433170798251534,0.6313709201564068,0.00045389852143487005,0.00019533708683935072,0.12357561486484593,3.815306702502764e-05,2
0.0012470454957164041,0.14479950560875635,0.8039438866818072,0.00034557187571630294,0.00015466922557163038,0.049446372747188716,6.294836524334355e-05,2
0.0001283970267906846,0.010720432909317299,0.9833625467452575,8.648596378227503e-05,7.829194201320207e-06,0.005689934222458097,4.373938192837528e-06,2
0.0008457300556904406,0.5169200409531812,0.3463258396840016,0.00022626408131577432,0.00013897626303518255,0.1355166059195515,2.6543043224292218e-05,2
0.0003997527219024205,0.1197793933620193,0.10062362726086142,6.751040571096426e-05,7.373310747788829e-05,0.7790500000743789,5.983067649222219e-06,2
0.00040777772050237294,0.09634639983397567,0.45141638174953674,6.098041596710805e-05,0.00011092822901660544,0.45165430153379654,3.2305172049715883e-06,2
0.00038520508490472356,0.0988475558515467,0.4578769773160387,0.18738062811660117,0.0001318635249113002,0.2553749467782951,2.823327702281125e-06,2
0.0003514024055706991,0.12376931538991656,0.25423018215824394,1.6597565023313027e-16,8.658706948087094e-05,0.6215597290789434,2.78389784431085e-06,2
0.00036665678226230743,0.10665606169694376,0.6813616499958765,1.7168339208585824e-05,0.0001195330313724545,0.2114761167106537,2.8134436828109954e-06,2
0.0003533936788767853,0.10163306549892717,0.6585742148575413,7.0365677707810816e-06,0.00011542502304206931,0.23931414502287088,2.71935097090418e-06,2
0.0004887358209445849,0.09905117528363826,0.5238664838859621,0.0025070689365583754,0.00012075413701854605,0.37396012115226096,5.660783617039509e-06,2
0.0002112092581745237,0.042290213035897396,0.10192016881919021,2.6118019509811463e-05,3.831282935079926e-05,0.855511702395451,2.2756424262949494e-06,5
0.0003664592893897877,0.07432825750910013,0.39888357065558216,0.00013759651918666241,0.00010411785175139684,0.526177261701474,2.736473515791885e-06,5
0.00028293323613783083,0.04953314956812691,0.2229933262125496,5.3066598842050895e-05,7.785703666721245e-05,0.7270575606044658,2.106743210533956e-06,5
3.173904603509062e-05,0.006750435802986132,0.9860096320708323,3.044436559803045e-06,3.973346312593411e-06,0.007196976767509242,4.19852976481803e-06,2
4.513825692115483e-05,0.002619430140591839,0.9571559615994187,0.025621175564028566,5.001956694894809e-06,0.014547922255187928,5.370227157258651e-06,2
0.00013655505821360091,0.006590620044041831,0.9533673020289767,1.8125303998659553e-66,1.4554975270006828e-05,0.039886873857906194,4.094035591728807e-06,2
0.0004332709803965223,0.013572793357228415,0.23111149587156923,0.0034497040990909686,7.197348816905242e-05,0.7513579735904616,2.788613084209675e-06,5
1.0678552233884523e-05,0.00024361891040781513,0.014426878213400362,2.786045227229943e-61,2.640253649719716e-06,0.985316126475856,5.7594452187657335e-08,5
0.0003107356713761336,0.01122403183066709,0.3354066275305922,0.0002537334021022542,8.793345388876167e-05,0.6527115022586342,5.435852739444585e-06,5
0.0003128927938303988,0.010865265790449346,0.39354704853151157,0.0004029499318921905,8.732440907254731e-05,0.594780433725473,4.084817771080526e-06,5
8.59903571975061e-05,0.0060863932938313835,0.07612724753307301,0.000252481689439027,3.264533115345099e-05,0.9174143097071374,9.320881682474462e-07,5
0.00032360146499046553,0.02534306581579757,0.7928492730316794,0.0012604506828534233,5.636989779149924e-05,0.18015714280785367,1.009629903407361e-05,5
2.2909694052882702e-07,1.4520086092444298e-05,0.00032886995197538364,0.9989913778484317,4.607653687308885e-08,0.0006649541302536195,2.8097692411725432e-09,3
0.00014799388629588617,0.009555724688852227,0.08556030698735455,0.00011806198433856524,3.109118905822728e-05,0.9045855290711942,1.2921929063885888e-06,5
0.0003813939873317886,0.02119521292104376,0.4654200027360514,0.00030305380118938406,9.372085300025535e-05,0.5126036833514448,2.932349938558341e-06,5
0.0004063672035923155,0.022583049786716908,0.46505250019521016,0.000474948076386108,9.307325683233595e-05,0.5113869371246019,3.124356660215053e-06,5
0.0001763827904213752,0.013749003340070447,0.2315075325961606,8.739836451481562e-05,3.247278105738759e-05,0.7544372861594789,9.923968296374317e-06,5
0.0006439562770049849,0.11187095212403798,0.6165289356485084,0.0003544577743001031,6.1002668192804435e-05,0.27049523789374885,4.5457614206719924e-05,5
0.1311401912270488,0.0010310678683512278,1.441790895448361e-06,3.262774947199405e-08,1.3018340484764455e-06,9.817809831385395e-07,0.8678249828709234,6
0.10083257783136299,0.0007901458641422082,1.0079120055459254e-06,2.280906372108889e-08,8.199862595745262e-07,6.863331172682227e-07,0.8983747392640488,6
0.1118834975304144,0.0012640495596660342,1.4666315452158291e-06,2.740259918718879e-08,1.1420161677128804e-06,9.238826272979599e-07,0.8868488929769802,6
0.302784992983217,0.003906154060811258,4.2229757415762035e-06,7.738868035013075e-08,3.7257607973244093e-06,2.6091706424121734e-06,0.6932982176601101,0
0.8965453889486223,0.008477479367969384,7.645883390564035e-06,1.907130851468455e-07,7.584718351656267e-06,5.977636429270737e-06,0.09495573273215148,0
0.922070671105185,0.00863595761112415,1.0236290695452635e-05,2.017797140226448e-07,7.680632804932382e-06,6.071625815951763e-06,0.06926918095466053,0
0.959682183114724,0.010070130072526797,5.362236719500222e-06,1.3265112545165837e-07,4.768810395618628e-06,4.0838883377871345e-06,0.030233339226170823,0
0.9699952111164529,0.012667824244773283,8.312524407651404e-06,1.4442639408541406e-07,8.29528223726855e-06,4.4464098172240375e-06,0.01731576599591751,0
0.9620654942977409,0.03584478954143544,8.088376821556498e-06,7.4169354925178e-08,6.801365467157787e-06,4.583220677726134e-06,0.0020701690285025716,0
0.9544405979132632,0.045539306727142195,4.216081099828018e-06,1.0820755795227414e-08,4.810074125256659e-06,3.963096517181374e-06,7.095287096567573e-06,0
0.7307504794979429,0.269219008284232,8.737052194151764e-06,1.362364605344665e-07,1.1480063695243343e-05,6.429606352016039e-06,3.729259123224348e-06,0
0.8057862133837022,0.19394588861637638,1.1456574770848805e-05,1.3327420458571826e-07,0.00024412770492420472,8.044433521662648e-06,4.136012500210257e-06,0
0.8298678935885322,0.1700984145079968,1.5154477154622487e-05,1.3817787735068608e-07,6.059025303064494e-06,6.376595061137795e-06,5.9636280746881905e-06,0
0.8516479998491128,0.1483007173267427,1.9018839104272285e-05,1.4616089289929e-07,6.958845347638989e-06,6.744993089072627e-06,1.841398571085219e-05,0
0.9009780351456929,0.09897061531971378,1.891679243900187e-05,1.453766582974016e-07,7.263378630756762e-06,6.7088024441947685e-06,1.831518442094026e-05,0
0.9663723177010638,0.03360796899874806,7.856079361658464e-06,3.5594182377959e-08,2.08311201853489e-06,2.8287785383251834e-06,6.909736087160021e-06,0
0.8856620856053239,0.11429975549827716,1.506974471653443e-05,8.10082837360434e-08,8.443991223929096e-07,6.4379760722071254e-06,1.5725768204088567e-05,0
0.8729541522958738,0.12694953401956927,1.3144101690943326e-05,1.1984735948360447e-07,5.852448599416308e-06,5.615318226599039e-06,7.158196868045501e-05,0
0.8691177313663576,0.1305895077176513,1.029436297192548e-05,1.2998644529730429e-07,5.000675826648837e-06,5.968572476731862e-06,0.00027136731827037013,0
0.8074363447329519,0.19247135825477424,1.3728531342497375e-05,2.0412844119183771e-07,1.3123500283435312e-05,8.302896083854673e-06,5.6937956123023406e-05,0
0.8044150395269261,0.19550847149080108,1.3480144888806151e-05,1.9962514367834078e-07,1.0450385431475978e-05,8.119725080975624e-06,4.423910172800154e-05,0
0.7113261741161984,0.2765188021473337,9.58976804046425e-06,9.374790231248877e-08,5.605610893277636e-06,4.777593489779718e-06,0.012134957016142221,1
0.48747619580495455,0.43975904106648533,1.043792156583143e-05,1.2534475726210564e-07,7.59086826820666e-06,6.5181943860303774e-06,0.07274009079958266,1
0.5879002292189544,0.39083136240232924,1.3103400919760291e-05,1.8039979851257972e-07,1.4213806622164208e-05,9.828668680424418e-06,0.021231082102695687,0
0.5158374137537304,0.4803846133494414,1.2497080175363533e-05,1.3103372234860856e-07,1.013619567277561e-05,9.56037778785769e-06,0.0037456482094699105,0
0.4273622113936909,0.5703427811204804,1.413603967819456e-05,1.5368739491306887e-07,1.3967025688926845e-05,7.448900552606414e-06,0.002259301832514076,1
0.4908062679548141,0.5091340858563395,1.4333841453496185e-05,1.5711958752372516e-07,1.4179811419219126e-05,7.55313100094221e-06,2.3422285385121873e-05,1
0.314660407825633,0.6852857005256624,1.0385979626183981e-05,1.579093037424434e-07,1.6243182487762057e-05,9.118924638335343e-06,1.7985652648492414e-05,1
0.2497962560105247,0.74729664410743,1.3814120147269553e-05,1.3128025303126265e-07,0.00287950810963008,8.740996491409797e-06,4.905375523473954e-06,1
0.24659553181415764,0.7461451466930634,1.564187290809206e-05,1.7138555546477394e-07,0.007226797969284935,1.0234554917001551e-05,6.475710113567762e-06,1
0.22253985604886325,0.7668369657290846,1.772976661816351e-05,2.2823766933431067e-07,0.010584493195774375,1.1596681202386739e-05,9.130340787811103e-06,1
0.3734865584229292,0.5941925607111254,2.0265949356168433e-05,2.1638492324253057e-07,0.03228460515973462,1.0883117742477673e-05,4.9102541890230105e-06,1
0.3281422995265483,0.6106335907600706,4.5324491080255665e-05,2.2237219279183537e-07,0.06113164642204882,4.1870309435114986e-05,5.0461186242375306e-06,1
0.47235261678920837,0.5132766584545401,3.869082398486249e-05,2.4423434969446295e-07,0.014269615810003525,5.76188756245334e-05,4.555012288849419e-06,0
0.18462896528578104,0.8131227332300555,2.5745034576632727e-05,1.804064937306184e-07,0.002197785357043889,1.8897605749174954e-05,5.693080300120075e-06,1
0.33232715583449945,0.6660304424446044,2.282164328506051e-05,1.3578836992645572e-07,0.0015967749593685794,1.7566989824595183e-05,5.102340047886895e-06,1
0.5225464185059049,0.4761865934786971,2.003310405211155e-05,0.0,0.001227359363887466,1.701265908283764e-05,2.5828883756689457e-06,1
0.5346038992905447,0.46421479588894826,1.8807020027495214e-05,1.3146012228082317e-07,0.0011425757505491819,1.739074777848494e-05,2.399842029498384e-06,1
0.12382921198394967,0.8730039122188293,2.109872879059816e-05,1.7111357735798906e-07,0.00313143556545181,1.1459098538741689e-05,2.7112908622179224e-06,1
0.11387321493051462,0.8839332348746138,2.079429542937369e-05,1.6864458114389258e-07,0.0021586213298769403,1.1293755312646189e-05,2.672169671617568e-06,1
0.42807095545687573,0.568119702146875,4.22885662594491e-05,3.1401037684319354e-07,0.0037402120103311285,2.0597493243552416e-05,5.930316038289904e-06,0
0.48294732936030954,0.514355315561471,3.8236285400812424e-05,3.074419289922567e-07,0.0026319533450477896,2.0166636271275162e-05,6.691369570864566e-06,0
0.6220103027103621,0.37591754539700295,2.8301879848577058e-05,2.6741236065392026e-07,0.002020373153562963,1.7896398686992707e-05,5.313048175760118e-06,0
0.6165369337826259,0.3780026120146349,3.694392647049075e-05,3.0682183991827635e-07,0.005398732535050353,1.8066125476449343e-05,6.404793901959342e-06,0
0.0808212655595251,0.7731604812326006,2.6815195283605425e-05,2.1177826180783944e-07,0.14597043071809024,1.4515106111341126e-05,6.2804101273213194e-06,1
0.3807884363230918,0.4729505175507609,0.0002668423115582165,2.077066008145461e-07,0.14532870996098704,0.0006563179099271876,8.968237074114712e-06,0
0.2613452663762115,0.3407377643002553,0.00044024869291337714,2.2701326334022002e-07,0.39662193114296035,0.0008456146311155839,8.947843280435121e-06,0
0.1584006466764991,0.8287855996081284,7.270415880093735e-05,1.7799531105415e-07,0.012114960197165387,0.0006170948822334205,8.816481861662369e-06,1
0.11190586037906544,0.8832302483089782,7.548624659110992e-05,1.6020063183960855e-07,0.004300683511603047,0.00047503135513897557,1.2529997991364773e-05,1
0.10401606093022897,0.8843586830216865,0.00011146653613159511,1.6325914889339416e-07,0.011063454232698416,0.00044568312624789126,4.488893857508058e-06,1
0.245525085337518,0.7346233208596846,6.394191752918532e-05,1.9905782949469646e-07,0.01968416690412777,9.713911873853754e-05,6.14680457240186e-06,1
0.21202468582233758,0.7729688151215395,1.5525650548178452e-05,1.76994258901973e-07,0.014972156660903095,1.3066185945053547e-05,5.573564467947092e-06,1
0.06905288000895579,0.9279522973945906,1.4535769658547065e-05,1.4465514689617e-07,0.0029646921321466947,1.0788667151607764e-05,4.661372349975518e-06,1
0.1384974603605952,0.8614036166429261,3.656874289472783e-05,1.749881764275437e-07,3.712253741093498e-05,1.422639690245122e-05,1.0830331094242436e-05,1
0.19736985115176728,0.8024941769309614,7.80696719920345e-05,2.1284080199627998e-07,3.4919651370972936e-05,1.5031937250165916e-05,7.737815855944437e-06,0
0.227588706251232,0.7723009561160941,4.360319786435159e-05,2.123350423677053e-07,4.026612084817707e-05,1.7333443437540564e-05,8.922535481422198e-06,0
0.29414693074329334,0.7054577979643633,3.7375090555679614e-05,1.9737121341375988e-07,0.00033424624035443266,1.4832827377229623e-05,8.619762842543626e-06,0
0.32196554769605185,0.6771775044153783,2.397763552531729e-05,2.0970389429332676e-07,0.0008046063184967913,1.5730661105981106e-05,1.2423569547475792e-05,1
0.3180949264715255,0.6803127359659166,2.6805243093340174e-05,2.0123410833167926e-07,0.001538311788524487,1.509750611530201e-05,1.1921790716418049e-05,1
0.1966073628766893,0.8020343499562412,2.8903429431420214e-05,2.504333950295172e-07,0.001297207563943282,1.7089217064528205e-05,1.4836523235032233e-05,1
0.00040379312396758587,0.17234830267010626,0.8075687793528042,0.00020442395175504093,7.12737773161884e-05,0.019400889942819185,2.5371812316334903e-06,2
0.00036743206017509386,0.04908131720433845,0.9379619766839564,0.0003339755922639587,6.525306828314054e-05,0.012183695993442791,6.34939754000569e-06,2
0.0005707869231152306,0.22907341384704155,0.6756660192503603,0.00020130286194259566,7.730716080718283e-05,0.09440653436028534,4.6355964477917146e-06,2
0.00021738392641446457,0.08816632905152912,0.8573711167982841,3.08782973916855e-05,0.00013101832247684766,0.054081651174839034,1.6224290648166667e-06,2
0.00019951141714929341,0.07875977293511102,0.8762168231679819,0.00023747796882126016,8.665576866156004e-05,0.04449746550217444,2.2932401005758864e-06,2
0.00011708650125109122,0.03903489709723976,0.9469998711299247,6.0290982839562774e-05,4.7429524387099115e-05,0.013739146717784855,1.2780465730545247e-06,2
0.00010020556539125638,0.01133575629104509,0.9859565037150825,0.0002018534952441369,2.5570745040735727e-05,0.0023772418367414925,2.868351454694739e-06,2
0.00010204583737814789,0.011457703286427036,0.9852295774029705,0.00020097266235134258,2.4348668926118887e-05,0.0029776120135712784,7.740128375736572e-06,2
0.0006850478495162742,0.08906153270050653,0.7283902620063731,0.0003725890702134016,0.00010177762159370934,0.18137692491291574,1.1865838881025014e-05,2
0.00015804128438201011,0.169696629059171,0.8236722773362859,0.00012969883136491344,0.00010384704893638199,0.00623851830374242,9.881361173705692e-07,2
0.0002981264607814229,0.02456853074334717,0.5034953256503131,0.00030092211028004813,4.1241610006812844e-05,0.47128923986931126,6.6135559602128585e-06,2
0.0005028473055199347,0.036321424812585754,0.6175595715797286,0.0005709371121904987,9.137629988208721e-05,0.34494343748723044,1.040540286259271e-05,2
0.0001356993736896322,0.011604235629361059,0.747005520962482,0.0008221930759680103,3.804469524498258e-05,0.24038878515951248,5.521103742004919e-06,2
0.00019988430874801497,0.016167093935692604,0.7965632155793484,0.00029617159113022297,6.312984312351032e-05,0.18670677340554287,3.7313364145140168e-06,2
0.00017226403105900852,0.01389234707479039,0.8350521357224581,0.003052643561477413,7.07230318625189e-05,0.14775600155060878,3.885027743852683e-06,2
0.00022106589274986524,0.015567201416224006,0.8873923452135255,5.845314263335578e-05,3.322788923516886e-05,0.09672084335292273,6.863092709341061e-06,2
0.00027595858787903937,0.019190441029721027,0.8477871690378291,0.0004904068663401684,4.663689640488216e-05,0.13219558269621642,1.380488560931867e-05,2
0.0002966266554055143,0.02325639684380595,0.8784671120992528,0.000616345111334522,4.946690117254826e-05,0.09729546798886184,1.858440016673114e-05,2
0.00033893245919992506,0.0257077855513406,0.9239400116890812,0.000555083219284592,5.226698204677031e-05,0.04938468513470227,2.123496434484148e-05,2
0.0001646760415390649,0.024672513636482627,0.5892321879546898,0.00037598408359767376,5.132723359172663e-05,0.3854960317992819,7.279250817222161e-06,5
8.915909264285464e-05,0.01772945921013175,0.09656403359761467,0.0001856727491101733,2.1409389661540235e-05,0.8854094128259126,8.53134926526793e-07,5
0.0004321042239893862,0.04696084636337136,0.6503260808183898,0.1776217547369077,9.589657774735048e-05,0.12455014613632281,1.3171143271607915e-05,2
0.0009285689177104691,0.42551118716719927,0.5111096668342506,0.00021624547599950758,0.00015193324943012113,0.06206026814918699,2.2130206223045957e-05,2
0.0006187686634887613,0.073705007922996,0.8994652066473069,0.0004994858204149591,9.019491701490433e-05,0.02561645760262018,4.87842615832619e-06,2
0.00014661810548833736,0.014532283719111,0.9732977744730728,0.00015941360801264545,1.9870708765386894e-05,0.011839944152936353,4.095232613450544e-06,2
0.00017692274151642848,0.023356095010088375,0.9615127373617207,0.00021671809673447803,1.903448173782229e-05,0.014710255763010022,8.236545192382246e-06,2
0.00014301828578419825,0.021342533400470324,0.9713119594789712,0.00010996982499089728,8.988899808849907e-06,0.007071992147557902,1.153796241676262e-05,2
0.00013628612623562019,0.04531603458287325,0.9423350056345573,6.470708448850573e-05,1.7049988581872178e-05,0.012125704141264173,5.212441999432361e-06,2
2.5410973387162553e-10,6.493049010400739e-08,1.639287986236402e-06,0.9999981856610689,6.83919722221433e-11,1.0979589939943852e-07,2.0533546797961485e-12,2
9.849397561538868e-05,0.019405731169509298,0.8873605358043681,0.04801345999376919,2.417471196351578e-05,0.04509687320735848,7.311374161480527e-07,2
0.0011460126475650292,0.3566216871921748,0.41550318056532864,0.0001953175212809286,0.00019058516828269505,0.22629712701716512,4.608988820283921e-05,2
0.0011632963848456632,0.4659233394893717,0.3031686357863748,0.00015539587906538872,0.0002075231879178553,0.22933502427363897,4.67849987853308e-05,2
0.0005367362448324902,0.1539093243055865,0.40788616381647724,0.00013880373348352859,0.0001777723748326913,0.43734708144108686,4.118083700683232e-06,2
0.0003093146270804878,0.11819963912422704,0.17871581421512792,6.382995004134566e-05,6.389407739315025e-05,0.7026450269590989,2.481047031161956e-06,2
0.0003908930682962218,0.12856590302540954,0.6462668416265471,0.0001518355451089252,0.00011239358423230722,0.22450902755831612,3.105592089807277e-06,2
0.00019437659607233652,0.05298025024366107,0.07270174400330118,4.1472630187172044e-05,3.448102897095404e-05,0.8740455812163703,2.0942814369221576e-06,5
0.0002682916064347626,0.04697792349672348,0.26319270057144345,5.0320433349255723e-05,7.600963925833611e-05,0.6894327565323107,1.9977204799804315e-06,5
0.00033189243729264044,0.07467136265322671,0.3122476516237521,1.5830358000360836e-06,9.402837743012931e-05,0.6126510105752112,2.4712972870858366e-06,2
3.482763062966814e-05,0.00954245636898589,0.9656338627478315,0.01889517274440612,3.879994318135115e-06,0.005884429083241613,5.3714305871707415e-06,2
5.802812542888434e-05,0.0032723547273772464,0.977935093388462,0.0012529773798108806,7.889798600729202e-06,0.017466287939841115,7.368640479209129e-06,2
0.00010408399161994162,0.005060087645314611,0.9696396206093799,1.0005176810343218e-67,1.0499897038244972e-05,0.025182593710921075,3.1141457262823597e-06,2
1.2907034428855568e-121,3.6211646290642046e-120,6.761166446586477e-119,1.0,5.295328461537569e-122,1.3731050505533143e-116,8.386776859540953e-124,5
0.0004470086689634651,0.01169393192597154,0.24990499384053494,0.0019581354238842777,7.637946582356299e-05,0.7359167643593533,2.7863154689874576e-06,5
0.0003786306204266376,0.011448287118440731,0.20512935702174567,0.000445825440444507,7.863304964253329e-05,0.7825168486450976,2.418104202288185e-06,5
0.0003361714572567407,0.017492879997135845,0.16092059233673325,0.0002823038795473365,8.962172846859094e-05,0.8208741412412236,4.289359634605796e-06,5
0.00024442336086146865,0.0102547008742588,0.3859270691144109,0.004689162732389562,0.00011355021412897668,0.5987687442329013,2.3494710492453406e-06,5
0.0004569780003160774,0.012533169428417751,0.42060929619519,0.0015438515028724992,8.684163474743845e-05,0.5647669220425569,2.9411958994141216e-06,5
6.567493100602009e-05,0.004414232997633957,0.06632111383568967,0.00036801019058873825,2.4932794106753073e-05,0.9288050596448987,9.75606076292325e-07,5
0.0002743990229239982,0.020652212204309753,0.3386619614771117,0.0004030081961531249,8.08507439809294e-05,0.6399251976982299,2.3706572905071604e-06,5
0.00023049793502161588,0.016681896097517013,0.357852423859708,0.0002803193593101598,5.08172894433246e-05,0.6249022140394601,1.831419539892948e-06,5
7.634316124174525e-05,0.006244458071510449,0.08491772964667618,3.688472988995295e-05,2.791087643656395e-05,0.9086954177284359,1.2557858091022375e-06,5
0.00020487118466251363,0.015225915814899267,0.09469842220973507,0.0005503953639832852,4.576396486757002e-05,0.8892721467209871,2.4847408651837947e-06,5
0.00018839829714905584,0.013608295221236603,0.17999225722817425,0.0001465010541630317,3.7117041639978734e-05,0.8060248390336079,2.5921240290945737e-06,5
0.0002235550780081273,0.03641170514598969,0.15393649809355606,5.8100219503074086e-05,5.2796105061748195e-05,0.8093154139644314,1.9313934498106924e-06,5
0.0002695159153844007,0.04100160937325587,0.17390313768046983,5.4825882898187405e-05,5.995742795452039e-05,0.7847086004704352,2.3532496019616386e-06,5
0.08104977371838205,0.0006371956664985897,8.520498550741974e-07,1.92819009308312e-08,7.693400727087188e-07,5.80199491506469e-07,0.9183108097437991,6
0.039072029659135456,0.0003529957331180148,4.047858873620834e-07,1.001360184832218e-08,3.7705098723980025e-07,3.211254662928844e-07,0.9605738616318039,6
0.07923725582836569,0.0007106506132416111,8.208972810585016e-07,1.8878945677608294e-08,7.646514859069375e-07,6.512357035873405e-07,0.9200498378949764,6
0.10231417256107848,0.0009080284705485201,1.2419683641604216e-06,2.445897652750957e-08,1.0043640115088862e-06,8.750278024565667e-07,0.8967746531492182,6
0.168244235558901,0.0014530255944414394,2.1451515940438926e-06,4.008009340798234e-08,1.586932597182836e-06,1.3513061935170819e-06,0.8302976153761794,6
0.13701797589714862,0.0012556224650312727,1.807183341928611e-06,3.376548182000715e-08,1.4003488053857988e-06,1.138408143065279e-06,0.8617220219320478,6
0.13939429471332251,0.0019930937376801626,2.269112156654799e-06,4.2153942979119665e-08,1.7829157697048386e-06,1.4212263342057408e-06,0.8586070961407937,6
0.1204909351678007,0.0017500366460702528,2.7796236697400436e-06,4.042419323018706e-08,1.6757434431671112e-06,1.3629075691975253e-06,0.8777531694872538,6
0.2613168578913935,0.0036787503376866696,4.084093301203047e-06,7.484357248259819e-08,3.212230056651045e-06,2.5233619595441717e-06,0.73499449724203,0
0.8632867158653572,0.008397588736180532,9.583705516333852e-06,1.889158305383177e-07,7.190976220933743e-06,5.6845468301619885e-06,0.1282930472540644,0
0.8886824208549644,0.00883364996360636,8.536926852883176e-06,1.931907820308379e-07,7.619556280041812e-06,5.813181693035341e-06,0.10246176632582113,0
0.9166306785267374,0.006363616188238551,7.816620866652804e-06,1.2625734290658356e-07,5.744275974139913e-06,4.355290329499673e-06,0.07698766284051099,0
0.9259274760040178,0.005742523054574873,7.97668387117206e-06,1.268559531124579e-07,5.771510684964006e-06,4.375939593778214e-06,0.06831174995130422,0
0.9674039392483154,0.03256452363136135,3.3207434726379437e-06,7.535316124230807e-08,5.201932758414918e-06,3.5341980022213625e-06,1.9404892928900416e-05,0
0.9494102112573968,0.05056684367776042,4.1735555636238914e-06,9.470487796808236e-08,5.072820643586401e-06,4.418287608051373e-06,9.185696149641045e-06,0
0.7180745791371446,0.28189222411454434,1.0719777630885805e-05,1.5299915619757953e-07,1.0051926776806512e-05,7.767050075819072e-06,4.504994671517704e-06,0
0.6885821840371399,0.31135486029445264,1.1229831734120837e-05,1.751062593947093e-07,3.804370450439167e-05,7.933616339312962e-06,5.573409570048245e-06,0
0.9134083637659528,0.08646563097925732,4.845025488919103e-06,8.130899577017069e-08,0.00011433627527601292,4.380164484176196e-06,2.362480544866119e-06,0
0.9098221407531694,0.09002981056449093,5.105265033219187e-06,9.239368579313996e-08,0.0001355188831497895,4.601680822592833e-06,2.7304596481812364e-06,0
0.8716646032809228,0.1281369513725333,7.063392218550967e-06,1.0134494099716114e-07,0.00018150640209160763,6.117182564643497e-06,3.6570247280588135e-06,0
0.7641210609057124,0.23553960243417676,1.1625269602416175e-05,1.471735117121705e-07,0.00031455893943306963,8.883395963970847e-06,4.121881599511868e-06,0
0.8242615775814162,0.17567935507123353,1.631635587756455e-05,2.0656169490878723e-07,2.1884406895036774e-05,1.1354124307759792e-05,9.305898575075652e-06,0
0.8301214811703272,0.16984525041198023,1.5636419983396138e-05,1.4742190639597404e-07,6.593258802829477e-06,6.803185996570954e-06,4.088131003374221e-06,0
0.9029308677324246,0.09549010134969221,9.268923179718968e-06,1.322916831102217e-07,6.636012602447469e-06,6.074421813030204e-06,0.0015569192686048874,0
0.8921297071828689,0.10586390285245945,8.965970139751114e-06,1.2343602638641843e-07,6.982951830399372e-06,5.625557415849729e-06,0.0019846920492594526,0
0.8718241434650807,0.1267729927481032,7.340185261449221e-06,9.94952941266098e-08,4.4904698285041725e-06,4.534466201657354e-06,0.0013863991702303203,0
0.8454756609812366,0.15247476638314483,8.426025043862123e-06,9.648832301417822e-08,4.354757751123154e-06,4.427387561943376e-06,0.002032267976938603,0
0.7873142425755973,0.206665709761131,7.706446514443064e-06,9.344191481692113e-08,6.4541281311502105e-06,4.777575243150775e-06,0.0060010160714680585,1
0.6000291978531893,0.35258359673863177,1.2277607351649116e-05,1.4743679606576147e-07,9.828102152406728e-06,7.692104747810398e-06,0.047357260157131015,1
0.48672185235488824,0.3244926081675221,1.0840803803810819e-05,1.3018280629382565e-07,8.660300826957715e-06,6.79192582243425e-06,0.1887591162643301,6
0.6312549237106572,0.34356674635108336,1.0442975539485738e-05,1.4377265068292585e-07,9.75428350810778e-06,7.500938154069402e-06,0.02515048796840719,0
0.6246804337701011,0.35502802566113073,1.0818757062549954e-05,1.4894618627575843e-07,9.633319324333139e-06,7.93858866881057e-06,0.020263000957526034,0
0.725517105203968,0.2593015577678678,1.4784324926872685e-05,1.8377345034716972e-07,1.3875130141415033e-05,9.94471320976322e-06,0.015142549086435978,0
0.5667908415983692,0.4268109540064562,1.3198549504760865e-05,1.5810295571396547e-07,1.037023620456919e-05,9.535420759434607e-06,0.006364942085750098,0
0.5251541905719636,0.4687701062004114,1.3871408493746424e-05,1.4136236603014513e-07,1.0582684989383265e-05,1.002153429557968e-05,0.0060410862374805155,0
0.5651154950130046,0.4305570633261893,1.3163682818637182e-05,1.3414998055433388e-07,1.0436248426934758e-05,9.510230982136994e-06,0.004294197348597944,0
0.27965061773905514,0.7202844699668188,1.522773875595512e-05,1.5308895692516216e-07,3.4775098208457566e-05,8.511704649779256e-06,6.244663554928786e-06,1
0.2219668989497428,0.773060953730685,1.5582832331506578e-05,1.9789178753791114e-07,0.00493815548867548,1.0195924375317316e-05,8.015182402355817e-06,1
0.267932005972806,0.6991688519900896,2.368332677592956e-05,3.083467234127889e-07,0.032853262558215746,1.5666995994342145e-05,6.220809394932626e-06,1
0.31651379852591305,0.646314790243378,4.9908082185009785e-05,2.1449190649493256e-07,0.037075954767183235,4.046659199690912e-05,4.867297437344126e-06,0
0.40578331296986736,0.5795311218141777,5.207279093790074e-05,2.5675339607260624e-07,0.014578288052975006,4.990255660313582e-05,5.045062042727587e-06,0
0.47913118360747314,0.508313986427949,3.66097464409197e-05,2.2067228828638435e-07,0.012463502101948071,5.038186807670474e-05,4.11557582383667e-06,0
0.2606910714535021,0.7375194615657145,2.3412194182234097e-05,9.177854345839328e-08,0.0017331828359546321,2.1212945961247298e-05,1.1567226141922165e-05,1
0.13822320539118174,0.860512823380724,2.3007618364028586e-05,1.302632777928742e-07,0.00122772465964623,9.787374525788808e-06,3.3213122803233526e-06,1
0.19766833990576393,0.8001336385328542,2.828294340185555e-05,1.8605503558147465e-07,0.0021527009905038257,1.2597058385735911e-05,4.254514054987139e-06,1
0.3864050450507911,0.6115288121965129,2.7718835911030436e-05,1.9025084782424636e-07,0.002018537729896521,1.4845125528780275e-05,4.850810511810756e-06,1
0.4249136533555377,0.5694884302905345,3.6648613137546166e-05,2.6653302989397363e-07,0.005537261967802429,1.5619499201261146e-05,8.119740756587554e-06,0
0.22516953105453374,0.756756540866432,0.00010612163651028115,1.115645059032609e-07,0.017906877034369717,5.702821767106381e-05,3.7896259775978915e-06,0
0.10905676187422614,0.863018009816889,2.2757661926032963e-05,1.749160282709069e-07,0.02788420172770166,1.2695480407978167e-05,5.398522820891046e-06,1
0.08026652577175117,0.770231712568815,2.6480646024325798e-05,2.168319980075009e-07,0.14945377241474414,1.4861484991640809e-05,6.430281675695646e-06,1
0.04780757258306134,0.3821101297524431,0.00011185118461715889,1.0903470869273119e-07,0.5698918438851305,7.3447103651134e-05,5.046456388180975e-06,1
0.14841092146851875,0.8369961658065607,7.684910487656933e-05,1.7595869752712674e-07,0.013916118223725973,0.0005941694348392687,5.600002781239193e-06,1
0.16894149258935615,0.8219204854007474,0.00017162012523045067,1.9642985760665972e-07,0.008483033006521356,0.00047777150881609087,5.400939470886797e-06,1
0.2787913133689473,0.7115264233962237,0.00011039350728242471,1.8851825760673182e-07,0.009360504995077299,0.00020193696846026977,9.239245751275572e-06,1
0.2884895929894745,0.699993801937173,9.990234252717361e-05,2.1455626668385786e-07,0.011202720542468599,0.0002039919230159311,9.775709074017484e-06,1
0.33613017447146576,0.6502753383560077,9.562729152543785e-05,2.5673918643631765e-07,0.01331797640493661,0.00017311068147292911,7.51605540505777e-06,1
0.34597831714061655,0.6322503465064487,7.672571838250132e-05,2.564060788006297e-07,0.021571279282629263,0.00011515725648939335,7.917689354717566e-06,1
0.3041252993088009,0.6734036448811649,7.239996834293588e-05,2.2538862002772297e-07,0.02228793123173758,0.00010390095567991161,6.598265653607467e-06,1
0.21807411468791427,0.7734960155980076,1.486779873331184e-05,1.7297146907171593e-07,0.00839661284448323,1.2769212923069139e-05,5.446886469468296e-06,1
0.07141428203542839,0.9255906754159211,1.483952681003007e-05,1.4767803707678725e-07,0.002964282441453633,1.1014120284070115e-05,4.758782065476729e-06,1
0.07445646365050566,0.9230504174812776,2.2595621092602445e-05,1.570158254361175e-07,0.002451915043550532,1.3114206696568807e-05,5.336981051641209e-06,1
0.11556023034724845,0.8843449906482039,3.546085730786055e-05,1.7827563112887457e-07,3.3612409760456464e-05,1.4493664304939569e-05,1.1033797543231233e-05,1
0.1253258283679197,0.8745894028333748,3.824436014167562e-05,1.7702866004604506e-07,2.086044880455134e-05,1.4327363777077248e-05,1.1159597321950688e-05,1
0.1258145179255852,0.8741081692797203,3.564644283854163e-05,1.8819500458197703e-07,1.8680783610976265e-05,1.2537251104735467e-05,1.0260122135640516e-05,1
0.12442937963555942,0.8755046158387462,3.0432597796783733e-05,1.6059469602774485e-07,1.59484293211695e-05,1.0703483712971418e-05,8.759420167507522e-06,0
0.2003518979142404,0.7995577588040991,4.402818813216348e-05,2.1596083922072756e-07,2.2995597354201554e-05,1.5252290694318495e-05,7.851244640651276e-06,0
0.23970950973193852,0.7601957933723447,4.29197547038636e-05,2.0900687059256174e-07,2.5723695433430542e-05,1.706175640665016e-05,8.782682302121903e-06,0
0.3287925864886247,0.6710925376277825,2.7181919606977776e-05,1.8756857484315292e-07,6.250636447676564e-05,1.3887832744797741e-05,1.1112198189440026e-05,1
0.3307291647710097,0.6690273555797025,2.905217644088374e-05,2.004742641395173e-07,0.00018750683605435944,1.4843387557506161e-05,1.1876774970771639e-05,1
0.00039293352620163103,0.0559582473327783,0.9315512164371191,0.00022978344355590715,6.053708700620228e-05,0.011801650345679237,5.631827659433367e-06,2
0.0003567089060237631,0.07734789467030323,0.8878195775921802,0.00010318415023866203,6.943741801256009e-05,0.034297749566995925,5.447696245648053e-06,2
0.0005895135505419672,0.16128556565733826,0.7685097464909374,0.00021254635178676086,7.984348800605019e-05,0.06931799677826277,4.787683126836e-06,2
0.000492142635694103,0.11522716649745258,0.7508886377124793,0.00035553422512448504,9.356996463694608e-05,0.13293401621802767,8.932746584866298e-06,2
0.0008406650855308566,0.17955005564044152,0.6029910050035912,0.0007722684546679261,0.00021315208211510888,0.21562396898234265,8.884751310743668e-06,2
8.000180455129066e-05,0.09379005507398708,0.9052025128069917,5.92394470522437e-05,3.670760322022466e-05,0.000829046463961164,2.4368002362073436e-06,2
0.00010762646950021658,0.0077457484238497,0.9464157560074791,0.0006355871485827681,1.4491953564759222e-05,0.04507629535459636,4.494642427247958e-06,2
0.00023311587267077513,0.0038785737425114904,0.2165555823537122,0.00016805639269773146,3.41575828758733e-05,0.7791221854508437,8.32860468814994e-06,5
0.00014387088824250173,0.0026688909467314503,0.11590674665905745,0.000239811099610693,2.3519209022000754e-05,0.8810120358502408,5.125347095241989e-06,5
0.00010409172961860462,0.0013170716490576667,0.04344185797951528,7.276488004477719e-05,2.1536556241874865e-05,0.9550394016553599,3.275550161839382e-06,5
0.00010295039412459559,0.004169505155778527,0.09587565891549929,0.0019030766192764607,2.391829883187728e-05,0.8979212735144521,3.6171020370689275e-06,5
0.000851641812187712,0.09449912939155325,0.8520773275551896,8.484950138865367e-06,0.0002770253812121275,0.05227938829705666,7.002612661733479e-06,2
5.88460085706324e-05,0.005008328314080865,0.9313659982798466,0.00017886145517512664,1.5361004024626455e-05,0.06337044878940805,2.1561488941860013e-06,2
6.984782677064046e-05,0.006422960721939732,0.9812719324168968,0.002282298606332757,1.4524418778394785e-05,0.009934689592258314,3.7464170231291906e-06,2
0.00019932732382924352,0.032647697326330376,0.9517824828139232,7.077223392142592e-05,1.3962809935606238e-05,0.015275032974126867,1.072451793351057e-05,2
0.0001776481836606304,0.033371561691037846,0.9587357342212681,8.377225698540595e-05,8.726407873902905e-06,0.0076133450044187844,9.212234755392977e-06,2
0.00021976959841991806,0.01349555749459631,0.8586749054645815,0.0010168373285152816,4.5699234192853414e-05,0.12654568405370273,1.5468259913712798e-06,2
0.0005029183185779471,0.14767914019149275,0.46856177642473607,0.00013675442667610967,0.00011591546365507546,0.38299954172132417,3.9534535378411036e-06,2
0.0004745817607888935,0.12074880825025537,0.5618720360940833,1.0803342581907343e-15,0.0002963664239658551,0.316605712268639,2.4952022663266686e-06,2
0.00040419420442392595,0.11757524772511771,0.6100213833196442,2.0902431999153864e-05,0.00013177052997591902,0.27184340031169185,3.10147714723512e-06,2
0.0004410456196850831,0.07013671371969156,0.5925436065609738,0.00400349774564906,9.77365843409808e-05,0.3327722407393158,5.15903034363921e-06,2
0.00033809980089350664,0.07696353136976308,0.14857500948080127,1.5664054685194074e-05,7.581471085591054e-05,0.7740286162719665,3.2643110344893308e-06,5
0.0004318540578206087,0.10049470390171428,0.5696175011808342,5.870965965528071e-05,0.00012480595119384306,0.3292694021192624,3.023129519278601e-06,5
3.8297960882999974e-05,0.0033180942958054714,0.9580817235880029,0.030718026791662675,3.7894954855985663e-06,0.007838021950669382,2.045917491023867e-06,2
4.486843153736196e-05,0.00314938363078544,0.9103377377826251,0.07249189430931573,4.674223726279576e-06,0.013964866856234357,6.574765775638172e-06,2
0.0001612360923508145,0.006808618707449944,0.3343681069500444,0.2994939273913518,9.373733333229646e-05,0.3590728280515957,1.545473875189269e-06,5
0.00035378192343086005,0.012805887032459237,0.3315396728624572,0.0005155670449313108,9.971647267308275e-05,0.6546811834021082,4.191261940029865e-06,5
0.0003222284969474934,0.012077156819348983,0.22647228809270217,0.0004926402553326846,6.687822811349053e-05,0.7605665776112585,2.23049629661539e-06,5
0.00037897419142206436,0.022837040835951172,0.5135779963361007,0.0007195719769975953,9.29476646810618e-05,0.46238675865527523,6.710339572307222e-06,5
0.0003884786750136067,0.03258177692057867,0.7417730360862389,0.00020196006392458071,4.917810381066879e-05,0.2249863097834374,1.926036699599734e-05,5
0.0005856577740400149,0.05809984954377112,0.2767130385104677,0.00043261497446342434,7.380337214062233e-05,0.6640742653435839,2.0770481533134828e-05,5
0.0002769053975716721,0.047125373393961084,0.27653215593505914,6.500819683472088e-05,6.160131731531245e-05,0.6759351458886506,3.809870607607637e-06,5
0.00022372202249976232,0.03913243353905919,0.16852785536153989,7.271509207670565e-05,5.3648842994814916e-05,0.7919876625534183,1.9625884111890726e-06,5
0.0002886625536654525,0.04391439833598202,0.3678821261964817,1.3979600386562511e-06,6.421685428068043e-05,0.5878466462209994,2.551878552036413e-06,5
0.00039828771440878467,0.060591736339816425,0.3743735238255846,6.503258236282678e-05,8.860444069796645e-05,0.564479714646362,3.1004507673900583e-06,5
0.00026166131231605713,0.03980668414469982,0.1993287334541052,4.699933347839312e-07,5.8210066219277905e-05,0.7605410709020639,3.1701272609443745e-06,5
0.0005299676838591554,0.10224874936412202,0.5911750185766932,0.0002521858475257534,0.00011967057740210264,0.3056445288596609,2.9879090736890206e-05,5
0.00024093182904833102,0.05143858084923993,0.312100218431481,5.985387611691121e-05,3.844139011893916e-05,0.6361084178806746,1.35557433202585e-05,5
0.0004963513708689129,0.03996123278608975,0.5378143433886531,0.00012775938868094447,0.00011404731665257474,0.4214591105960043,2.715515305039173e-05,5
0.05504087887360371,0.00042322552238711913,5.355174354345377e-07,1.5045083736892975e-08,4.988251419301635e-07,3.9862641019245056e-07,0.9445344475899378,6
0.13228896064326903,0.001981439749445213,2.46372850396183e-06,4.576938630708603e-08,1.8973229364193628e-06,1.5431215331929257e-06,0.8657236496649259,6
0.11358317766178434,0.0016497068680594832,2.051250781235086e-06,3.8106670141652654e-08,1.6058952092357346e-06,1.2847719403386447e-06,0.8847621354455553,6
0.19055231473046294,0.002959674128093346,3.144631588915104e-06,5.95949673633761e-08,2.8171578616514346e-06,2.0092530144787523e-06,0.8064799805040114,6
0.8519606359785488,0.008714462679654825,8.238327171531894e-06,1.8643346678748064e-07,7.35304385508291e-06,5.609851591806791e-06,0.13930351368571095,0
0.9556024170948024,0.012879009260478188,5.622278830137492e-06,1.3908405268805117e-07,5.2370545753353305e-06,4.28193683853741e-06,0.03150329329042261,0
0.9280704325130776,0.005554666644680501,5.375873173185141e-06,1.3298846433151344e-07,4.983179301485424e-06,4.094273883425224e-06,0.06636031452741942,0
0.9057415497477722,0.006288019508139418,8.048524345733194e-06,1.2475746678590923e-07,5.676036756001525e-06,4.303551588501032e-06,0.08795227787393145,0
0.9240647024794993,0.07183568659135244,1.0338727452192583e-05,2.988745030417118e-08,7.202424994427044e-06,5.19176295836559e-06,0.004076848126292932,0
0.9216232850872023,0.060693941536834446,1.1084738717297096e-05,9.483885257410449e-08,8.696768328281853e-06,5.860471492679814e-06,0.017657036558572245,0
0.9594487122959954,0.04042034968902217,7.479396733317239e-06,7.178101395031907e-08,6.582353452740394e-06,4.435635549710992e-06,0.00011236884823254373,0
0.7492065158371427,0.2507663305705564,8.5595232302346e-06,1.2408004995706142e-07,8.517542463604907e-06,6.2989625915458125e-06,3.653483965469447e-06,0
0.7714603994770632,0.22851089917275466,8.288351058999207e-06,1.2923988398523866e-07,1.0890492121534844e-05,5.85552828791214e-06,3.537738829573264e-06,0
0.7948748099045362,0.20486010498130014,9.734584560540852e-06,1.3876569266488553e-07,0.0002429494598559281,8.375899846486602e-06,3.886404208099162e-06,0
0.9182458260287882,0.0817231127497845,1.176129344718024e-05,1.362129724755615e-07,6.9989712254804095e-06,6.285919165961561e-06,5.87882461626159e-06,0
0.849904405582608,0.15004894257816592,2.226324901872717e-05,1.680517745611503e-07,9.232702888002377e-07,8.01644155033964e-06,1.5280826593897855e-05,0
0.9151325152698612,0.08477838635097149,1.1371121066458155e-05,1.072081938996748e-07,7.297109382059162e-07,5.023123812151778e-06,7.186721515661957e-05,0
0.8772104472135684,0.12229835699150815,1.217388196094188e-05,1.1100093730173045e-07,5.745369999490016e-06,5.2008286964825e-06,0.0004679647133293825,0
0.8727347486101609,0.12628473708695737,1.2074252523980772e-05,1.2915295950263237e-07,6.111812415220005e-06,5.970709208026621e-06,0.0009562283757750999,0
0.8974141269027367,0.09977595638759251,1.1062967987555461e-05,1.4305216027454786e-07,9.589804787038837e-06,6.568509390335704e-06,0.0027825523753458167,0
0.8795016814421619,0.11741796026562736,1.125231443116483e-05,1.683770783100877e-07,8.499914511221041e-06,7.187524477856267e-06,0.0030532501617123167,0
0.8929430279233911,0.10079640549833319,1.0856850858026743e-05,1.0613468327543385e-07,6.359943330138535e-06,4.484482732545162e-06,0.006238759166671799,1
0.8586056940180611,0.13346639259850832,8.814263275165404e-06,1.058469048365469e-07,7.310953413564127e-06,4.918231710056812e-06,0.007906764088126973,1
0.6144428912971767,0.2720981300583065,1.0015699851452303e-05,1.3789017417911104e-07,1.0679080243632366e-05,7.1940363042510255e-06,0.11343095193794356,0
0.5738247494301967,0.4158492289346564,1.42126260977303e-05,1.9018010011042199e-07,1.0093908029514087e-05,1.0268050280032271e-05,0.010291256870639465,0
0.594664145419692,0.3986230267396068,1.3847619943707116e-05,1.4222286615006312e-07,1.088021752962677e-05,1.0004348025694504e-05,0.006677953432335954,0
0.47614321651091707,0.5185803970188714,1.1204197794109252e-05,1.5425269005576212e-07,8.386785276405665e-06,8.441778073276738e-06,0.005248199456377769,0
0.39389448889645523,0.6014231163909043,1.1761899649413544e-05,1.619307954418529e-07,8.09331566903215e-06,8.833086080255993e-06,0.0046535444804463545,1
0.45008046056753614,0.5357484021030369,3.9377599749274765e-05,2.3735605647859062e-07,0.014072232437284294,5.240036217848408e-05,6.889574158451391e-06,0
0.483732196848056,0.5005480562168105,3.913524980242795e-05,2.2279136580622115e-07,0.015620592016858968,5.3330062400241976e-05,6.466814705960885e-06,0
0.41634049123869843,0.3671323044735827,1.6724540853702246e-05,1.363476763398746e-07,0.001052518132802606,1.5607732124129796e-05,0.21544221753426201,1
0.12840222388533312,0.8698846300515233,2.2669308928789928e-05,1.4335882451383303e-07,0.0016763594726567773,1.065239367659579e-05,3.321529056842007e-06,1
0.11814097399342187,0.8807706994801765,1.8327001453380794e-05,1.1618307653242399e-07,0.0010582879536550555,8.633077691440028e-06,2.9623105252000382e-06,1
0.32990217590397425,0.6641991114270095,3.480928680031907e-05,2.2354260936716498e-07,0.005840537335976217,1.7442855761422425e-05,5.699647868889306e-06,0
0.41276672901179423,0.5756523618625455,2.4444548227458298e-05,2.0301391411274652e-07,0.01153610016037668,1.3265421337462338e-05,6.895981804487195e-06,0
0.22756526010322306,0.7529891206363696,2.5938851635870926e-05,1.821602119337468e-07,0.01940050413741957,1.3372007374643056e-05,5.622103765468622e-06,0
0.24925296878341355,0.7314511145223128,2.7545379058874968e-05,2.0852825398975468e-07,0.019246419241594488,1.5307631236104512e-05,6.435914130297548e-06,0
0.12856154494077332,0.7931347448894471,1.994896532750133e-05,1.5022537422197985e-07,0.07826883501571484,1.0139480823000705e-05,4.636482539828772e-06,1
0.1082938569110687,0.8331903382375334,1.907132827877171e-05,1.4361634202847937e-07,0.05848246399882662,9.693403350858268e-06,4.4325045998234284e-06,1
0.08360064339877399,0.6876798724688026,0.00019484156120523903,1.9692468552800148e-07,0.22837924345118454,0.00013608792477114192,9.114270576664203e-06,1
0.07932625756149121,0.2460315324003135,0.0002137738437860859,6.54465416458235e-08,0.6742179016092449,0.0002076793607447647,2.789777877973205e-06,1
0.24325751173376853,0.6116914102848225,0.00033161955010845484,1.5500144981228428e-07,0.1442803471021542,0.00043149491892099137,7.461408775382242e-06,0
0.12509116446338592,0.8713240450074993,7.867668906521678e-05,1.5898787436414167e-07,0.003157945419222731,0.00033396610749394603,1.4043325458812311e-05,1
0.3956855318578987,0.5847280213441656,1.891183569291945e-05,2.366669008507419e-07,0.019544050095180374,1.6319762146259803e-05,6.928438015358084e-06,1
0.12339323745818827,0.8765465771905685,2.8852911126096893e-05,1.5225859201217363e-07,1.2727552549169702e-05,1.0147890310653278e-05,8.304738665325033e-06,0
0.140752233573796,0.8591784867450537,3.169838632497319e-05,1.8270821784367826e-07,1.526586610562108e-05,1.2171730121598957e-05,9.960990380298753e-06,0
0.25138028049994915,0.7485313817325343,2.650667714722045e-05,1.8290907074331173e-07,3.124042029894262e-05,1.354283671512483e-05,1.6864924284572778e-05,1
0.2025946312241956,0.7962297588108771,2.7123733811414917e-05,2.036251030874631e-07,0.0011211702193469676,1.5048945314962353e-05,1.2063441350690869e-05,1
0.16646664663659802,0.8321371685657728,2.3751186449097684e-05,2.2569139597215711e-07,0.0013398858021904567,1.6728922565741412e-05,1.5593195027641373e-05,1
0.00033010733542142686,0.05130611079704222,0.935730398874208,0.00023370560577567313,5.091860629203043e-05,0.01234398764113759,4.771140123320304e-06,2
0.0003712304270484713,0.07789716825011568,0.8921788965445184,0.00012493527289763763,5.0279305916336856e-05,0.02937212469502839,5.3655044751644895e-06,2
0.0006395447824458938,0.15703814006007985,0.7802958304589956,0.000319206014162884,6.744905956679903e-05,0.06163543454916952,4.395075579215475e-06,2
0.0003233182188613049,0.1100560302979802,0.7759703953079555,0.00013810155785107305,7.532123487120025e-05,0.11343297525355928,3.85812892153e-06,2
0.00014123153516824513,0.057201880129792285,0.9150366464024302,0.00014536149967296657,5.147904963049047e-05,0.027421829214643426,1.5721686624610536e-06,2
6.976709259149287e-05,0.017808870045657815,0.9788191032843956,0.0001494711614482759,1.8628354239253042e-05,0.0031306894177798136,3.470643887801331e-06,2
0.0001425183656199684,0.011543449879452203,0.9838251041097158,0.00025883227070685897,1.991499619073236e-05,0.00420333568401128,6.844694303145846e-06,2
0.0006433249580930589,0.1795337528539624,0.5318988074316894,0.2503600976079332,0.00015494689980378,0.03740485701641964,4.213232098576161e-06,3
0.0006778457514208687,0.28904848923483717,0.6331464333325615,0.0001886234549185248,0.00013253836789176701,0.07680188052180432,4.1893365659282925e-06,2
0.0009762985508862559,0.2807279054113585,0.544830363300891,0.003965678373826705,0.00022825170840881323,0.16926378098701883,7.721667609919796e-06,2
0.000676033011466126,0.1302119745935553,0.7872847745779634,0.0001476143845738285,7.547883726222222e-05,0.08158614680346069,1.7977791718452554e-05,2
0.0006200528239164176,0.2047215518742262,0.7410817337845985,0.00010169186471676507,0.00010068543228693009,0.053352766741883606,2.1517478371600688e-05,2
0.00026918174360821733,0.058337878960309855,0.6668011957664959,2.164442695402789e-05,8.625851209452857e-05,0.27448049409323644,3.346497301255966e-06,2
0.0002823894918562087,0.025054820773411438,0.6948070901599456,0.003048520758152774,8.461252202323151e-05,0.27671701842156426,5.5478730467728495e-06,2
0.00021921413573397876,0.021874012605303875,0.7452375266803236,0.004682790450287307,6.385205077906368e-05,0.2279113110563815,1.1293021190584184e-05,2
0.0001803891677372141,0.017269236078831206,0.8311821666380367,0.0016241125200954687,5.682557700163028e-05,0.14967131855985988,1.595145843786035e-05,2
0.00020562031134736835,0.013489141083523481,0.892696137645904,0.00010051189915478046,2.7314070504226406e-05,0.09347121751723382,1.0057472332207669e-05,2
0.0001664480481663139,0.013013361676601477,0.8782216206773527,6.183256732186926e-14,2.0704435812694882e-05,0.10857006466835653,7.800493648619386e-06,2
9.623590029043356e-05,0.006082685796504374,0.968289942076089,5.809257451322613e-05,1.2407314837747227e-05,0.02545678824072082,3.8480970442502545e-06,2
0.0005152344238918664,0.0708991984414417,0.824088920600596,0.0009314851844835146,2.938712636192457e-05,0.1035227691397092,1.300508351562076e-05,2
0.0,0.0,0.0,1.0,0.0,0.0,0.0,2
6.204890151357115e-05,0.006273083046176175,0.909749273289447,0.007615560430432478,1.387440778457395e-05,0.07628114208479786,5.017839848318541e-06,2
0.0001717664280407604,0.025470827533125767,0.9613098125178048,0.00018363647240381142,2.166150527713568e-05,0.012834299047617558,7.996495730089202e-06,2
0.0002580465953234873,0.03837736424330999,0.9430067311643135,0.00026346350280955037,3.0441563563774334e-05,0.01805190446351045,1.2048467169140514e-05,2
0.00028949748082096355,0.04345227511043157,0.9386023087129397,0.0002628066271022303,3.415180096802374e-05,0.017345443325617806,1.3516942119882287e-05,2
0.00016695140266502319,0.05323559122334215,0.9272676420299841,3.2340225961422e-05,2.187712117250164e-05,0.019269019277508143,6.57871936651175e-06,2
8.608862753216952e-05,0.022976179780236843,0.9609161041047874,3.475493609143131e-06,2.126466714865214e-05,0.015995596615001557,1.2907116841437995e-06,2
7.922116875258498e-05,0.022067086716290936,0.9513031145354947,1.8090891943400152e-24,3.310907313282948e-05,0.02651704957187774,4.1893445133689455e-07,2
8.753286825042334e-05,0.018408532047437615,0.7570292610587402,0.18110213115416973,1.9256471143894843e-05,0.04335263063139222,6.557688656996581e-07,2
0.0002311332712774395,0.014613042551991124,0.7975245406136425,0.0043900101794495825,5.78483048000178e-05,0.18318171116906937,1.7139097698237435e-06,2
0.00016678042703149607,0.01088256947568617,0.8959900319159404,0.0001378628050820804,3.262643844517597e-05,0.09278891342027826,1.2155175364716772e-06,2
0.0006882715050016461,0.24839999750376604,0.6727598981138931,0.00017367279965897078,8.408182555178284e-05,0.07787279372210577,2.128453002261152e-05,2
0.0004997084794107102,0.14724410116068457,0.4348350125799104,0.00013043160537436197,0.00011551353663648078,0.4171712928927099,3.939745273701777e-06,2
0.0004855851177189549,0.11782582908599495,0.5208240865117933,0.00013624747960038313,0.0003095187662943762,0.36041626335701904,2.4696815788553247e-06,2
0.000415374973155282,0.12206029498346747,0.5871022427700877,0.00010118428449433655,0.00013541554963514163,0.29018230016934593,3.187269814050437e-06,2
0.00045593376993676593,0.12328413187364161,0.48430914172318706,0.002681558374289957,9.231106277726497e-05,0.38917359556736875,3.32762879857374e-06,2
0.0005091599874486639,0.042501095292584286,0.4192581286770663,1.449384820633854e-13,0.0001417124655913816,0.5375859580575263,3.945519638218984e-06,5
0.00047318903025919955,0.04044810832854839,0.2568035851117251,0.0007973211747316476,0.0001430188021995288,0.7013288866362967,5.8909162395573374e-06,5
0.0002496128375280733,0.05220783017667649,0.796785408662993,0.000577772566951988,4.9718231973974874e-05,0.1501266639898853,2.9935339912320413e-06,2
4.910006423690386e-05,0.0031702804445710845,0.9804694794577552,5.70720695656375e-05,5.567734207420561e-06,0.016242265309645183,6.234920018417932e-06,2
8.899260204749156e-05,0.005150149242425944,0.969134074687066,0.0005055922192346768,1.241724802830474e-05,0.0250971769705139,1.1597030683811052e-05,2
0.00022347814559732135,0.008017020190157358,0.40808012878029615,9.71120109749467e-05,3.4572832008325375e-05,0.5835452017469925,2.4862939734072986e-06,5
0.0002396176092744592,0.010118484722333778,0.4348083708187125,0.014873467315908585,0.0001123036271446677,0.5398454591333058,2.29677332022687e-06,5
0.00037209271027655857,0.013440299292345928,0.4114826923620742,0.0008425819333907318,0.00010934780906213903,0.5737489885629456,3.997329904815062e-06,5
0.00036230765696466716,0.018269592063936402,0.3628651088158517,0.00045155508392925517,8.001035988858806e-05,0.6179656496861994,5.77633323007338e-06,5
0.0003891043935049102,0.023447488312003006,0.5589951098689907,0.0004467900390994277,8.802297481914283e-05,0.416624932584526,8.551827056961992e-06,5
0.00019601410248037493,0.010580394445534989,0.5437572899182856,0.0003340668979130667,3.17300479137875e-05,0.44509470461926437,5.799968607897947e-06,5
0.00024085681989039127,0.018565456457757964,0.1442753749039013,0.002007678618195154,6.593929898442864e-05,0.8348429385053077,1.7553959632222477e-06,5
0.000570012257212424,0.045642784829616805,0.25989292415993304,0.0006825847638262177,8.646170601818423e-05,0.6931050758073243,2.01564760691518e-05,5
0.00031032583463271566,0.04723475486610487,0.3902480457034733,5.1321078334143377e-05,7.406834488581858e-05,0.5620787745954899,2.7095770792841205e-06,5
0.00025490962871354867,0.04163204263393297,0.25559613958874444,8.713763362461072e-05,6.020098339400047e-05,0.702367367251993,2.202279597393557e-06,5
0.00046049901584926494,0.09375453255921391,0.36380770605750573,0.001420020062728102,0.00010127144441700232,0.5404492414421491,6.729418137000286e-06,5
0.0005334588775622836,0.11374840425960046,0.5193379807514638,0.00016819547694972488,8.091283162743334e-05,0.3661018625152832,2.9185287513026387e-05,5
0.0005005323914719116,0.12412023498224072,0.3999225759053817,0.0001037107743332582,8.413786397019267e-05,0.47524023557632855,2.8572506273723546e-05,5
0.0006135523982367348,0.05772668122981344,0.5223343449908747,0.00044182152101141734,7.030111944444044e-05,0.4187782745742584,3.50241663607918e-05,5
0.0003556777764811051,0.0588833770549055,0.6532933115169,8.127650518982941e-08,5.09202464909726e-05,0.28739897951733645,1.7652611380749422e-05,5
0.06865538862857457,0.0005069075863969811,7.364997712189817e-07,1.6937976886079083e-08,6.706428395073318e-07,5.842813196838052e-07,0.9308356954231212,6
0.11110031379480818,0.0011779560055098135,1.7281903378699054e-06,3.210508424891236e-08,1.331487482229132e-06,1.0824275968454375e-06,0.8877175559891809,6
0.11021723308227221,0.001600819154186366,1.9904636418853014e-06,3.697741013636837e-08,1.5656248799606485e-06,1.2466987745977718e-06,0.8881771079988349,6
0.1777961440860276,0.0029623995566150276,3.129543663867103e-06,5.964984564279857e-08,2.832995885087749e-06,2.0111032436715376e-06,0.8192334230647191,6
0.8630352135846461,0.01495944495177915,5.413804572517727e-06,1.225144782368136e-07,4.6670803240179825e-06,3.686505714875865e-06,0.12199145155848501,0
0.8617711293847665,0.008322958057160856,1.0281132907178324e-05,1.635044004601281e-07,7.438889316118268e-06,5.640140349551945e-06,0.12988238889109927,0
0.8811241042276176,0.009264598376737683,1.2107336013172125e-05,1.920754059740084e-07,9.254599086591018e-06,6.625706980007274e-06,0.10958311767815897,0
0.923020149014155,0.07308167465128325,1.057735479026005e-05,2.8591872363439922e-08,6.890210240489065e-06,4.9667075088739745e-06,0.003875713470149602,0
0.956750413279231,0.04309553830463566,7.947461798329178e-06,7.627311219824534e-08,6.99428101944697e-06,4.713220242163042e-06,0.00013431717996107968,0
0.7492061083863633,0.25076619419302276,8.55951857519712e-06,1.2407998247698484e-07,9.061380911728727e-06,6.298959165898594e-06,3.6534819785474733e-06,0
0.7714603994770632,0.22851089917275466,8.288351058999207e-06,1.2923988398523866e-07,1.0890492121534844e-05,5.85552828791214e-06,3.537738829573264e-06,0
0.6753466506777571,0.3245877179820959,1.17071095419998e-05,1.8254843071201036e-07,3.9660595684896303e-05,8.270802069663218e-06,5.810284419554841e-06,0
0.8928864139300166,0.10701162473478437,6.336918010338115e-06,1.011379562616941e-07,8.712715196033905e-05,5.448362506798517e-06,2.947764765197244e-06,0
0.7885569705185688,0.21137372925356046,1.043254112703814e-05,1.3207381559811176e-07,4.706464978585646e-05,7.971978019557395e-06,3.698985122783899e-06,0
0.858140946392138,0.14178932070255185,1.3049802939737078e-05,1.6520780949404743e-07,4.236375851977583e-05,9.971946520825744e-06,4.182189520278166e-06,0
0.8459575480549741,0.15400058901046937,1.9612375854760273e-05,1.8816685751344766e-07,8.410032231887294e-07,7.302144631016483e-06,1.3919243989921884e-05,0
0.8975402083938269,0.09962001118413581,1.195492292381771e-05,1.620717778440463e-07,8.610293862424058e-06,6.641745880152516e-06,0.002812411387593072,0
0.8757393959943474,0.12135916644265562,1.0372806833104393e-05,1.6174270879322205e-07,8.677948470776724e-06,6.628260540251434e-06,0.002875596804443882,0
0.5090064029393558,0.22014704515558786,1.0056020755911817e-05,1.207586656713932e-07,8.973577238952094e-06,6.347553735745798e-06,0.2708210539946601,6
0.5999959413031035,0.24832048106058055,1.0962078741494295e-05,1.4668430859576634e-07,9.978630074493127e-06,7.596368184003961e-06,0.1516548938750075,0
0.5960356365743406,0.39212386772492414,1.4425511887192964e-05,1.930287390933726e-07,1.1178233323741686e-05,1.0149389124575898e-05,0.011804549537660837,0
0.32398094273922845,0.6722525989553407,1.0627461305691566e-05,1.4631252723227864e-07,9.375278745672553e-06,8.114836651654746e-06,0.0037381944162008453,1
0.5090007983938245,0.48395336258425337,1.2329241037780142e-05,1.5035886019549242e-07,9.527900343151074e-06,8.499939691783158e-06,0.007015331581989259,1
0.5237352931370135,0.46769654684392126,7.576202660374402e-06,1.6580992745022594e-07,1.296908668564196e-05,8.686301368171776e-06,0.008538762618423469,1
0.46919143219295467,0.5306655812594173,7.94266129021011e-06,1.7383010346061336e-07,1.7098292619970153e-05,9.044825635138967e-06,0.00010872693797928031,1
0.3463720138259103,0.6534749477938395,1.5380515598933948e-05,1.734448978975149e-07,3.9399075408754124e-05,9.643489468913579e-06,8.844185487559086e-05,1
0.262467815601323,0.7374395057266027,1.3560047306286525e-05,1.2886571294495707e-07,4.9392414998105336e-05,7.989039565944785e-06,2.1608304490945865e-05,1
0.2404154616374421,0.7536421421929282,1.840872298786087e-05,1.612724343414217e-07,0.005900751906325647,1.0002312040379206e-05,1.3071955841396754e-05,0
0.27042403025658684,0.7198619539396056,2.0518357279268635e-05,2.322960223657889e-07,0.00966796608966871,1.1148574086239712e-05,1.4150486751032606e-05,0
0.531745941636451,0.4513258225790878,3.764977297813915e-05,2.203766163733023e-07,0.016827509252367184,5.6943557517120035e-05,5.912824982339064e-06,0
0.4517677610389292,0.548140046599516,1.500875436268439e-05,1.354253242056881e-07,4.0728746642063145e-05,1.4308046920957175e-05,2.2011388305066866e-05,1
0.4741191130481321,0.5258147810153068,1.463646775198191e-05,1.399105379588082e-07,1.3807242924093745e-05,1.4781921723964438e-05,2.2740393623165315e-05,1
0.529373352416399,0.4705684726307716,1.6146548152398795e-05,1.7582785293843413e-07,1.4574707041545552e-05,1.5089283938461756e-05,1.2188585843912274e-05,1
0.46475450208785013,0.5351795274893005,1.7115824116444247e-05,1.5952403931562984e-07,2.4187961575883016e-05,1.5995092418278242e-05,8.51202069948331e-06,1
0.45572702528796155,0.5429398444264342,2.385421556085439e-05,2.4926186486920465e-07,0.001279917069849765,2.1928560557229968e-05,7.181177771682615e-06,1
0.31671417918007944,0.6768779837528047,3.1505419446497904e-05,2.335653405890693e-07,0.0063495731751055965,2.158484547845777e-05,4.940061744694152e-06,1
0.19734537689372048,0.800509121379742,2.8727010021698635e-05,1.8897626020726907e-07,0.002099469583584559,1.279484307376639e-05,4.321313597334244e-06,1
0.36596841213764725,0.6310464599802705,3.2760062732083015e-05,2.35771490033607e-07,0.002930491982453772,1.6248686909393015e-05,5.391378497111305e-06,1
0.32333121545431215,0.6540305644486752,2.816223418638346e-05,2.254927584062036e-07,0.02259190814659669,1.19031985431989e-05,6.021024928077583e-06,0
0.09576905756103334,0.8028946560836767,0.0002400393466872577,2.2121479407444232e-07,0.10094463034988202,0.00014115695359557783,1.0238490331212576e-05,1
0.24225477780106663,0.6398907646520487,0.00048741536727638253,1.6675999317666947e-07,0.11692766329903251,0.0004311846829167046,8.027437665763517e-06,0
0.31573923147983923,0.3737132489642708,0.0004892270054239449,2.3324532584873033e-07,0.30927257537883623,0.0007762904431088359,9.193483195123517e-06,0
0.16904063243758688,0.8051556527876099,8.994864865283794e-05,1.8502881595367005e-07,0.025100419455608102,0.0006072729763830988,5.888665343128076e-06,1
0.16697017917636203,0.8075421566021059,8.884693440662084e-05,1.827625352974302e-07,0.024792983044784427,0.0005998349403542739,5.81653945133432e-06,1
0.1714755998968144,0.8250154118429375,0.0001139246233564133,2.172227731991207e-07,0.0030710353773533666,0.00030181732961080654,2.1993707154163644e-05,1
0.1771406089899008,0.818443164287352,0.00021193239752703588,1.9682569150382415e-07,0.0036390493718703024,0.0005435560614481756,2.1492066210234625e-05,1
0.12608743777039141,0.8695439399241044,0.00018453095974241764,1.8114227382185344e-07,0.0036464455082363045,0.0005214644819285003,1.6000213323207534e-05,1
0.2376093015104291,0.7582490997730964,0.0001966664930934498,1.9745896269164027e-07,0.0036632041599023225,0.0002559908538495798,2.5539750666516124e-05,1
0.33583922998337923,0.6533564553049519,1.9363479431577264e-05,2.5651696047494186e-07,0.010759646621628104,1.712698032410201e-05,7.921113324447305e-06,1
0.0765144676052605,0.9206725040020821,2.1813285115492972e-05,1.540688104655117e-07,0.0027729561595567598,1.2868067408665427e-05,5.236811766071805e-06,1
0.06587174105205541,0.9316838189786447,2.3395258652321694e-05,1.6257246629916272e-07,0.002401777980431478,1.3578306010215527e-05,5.525851739767566e-06,1
0.06539475499173318,0.9345336381377696,2.6881667589482805e-05,1.6306974028822202e-07,2.5399539933871947e-05,1.3619839109565466e-05,5.542754124286529e-06,1
0.05848816067238786,0.941431126285254,3.228684773042887e-05,1.6906809265030246e-07,2.8389657055043958e-05,1.4120830856713776e-05,5.746638623244343e-06,1
0.13540868772296324,0.8645037450720944,4.3463935216474386e-05,1.7627240795045511e-07,1.8686378954450773e-05,1.4330803884297459e-05,1.0909814479227325e-05,1
0.2125813906156214,0.7873272661996679,4.639958306351178e-05,1.9690428351937765e-07,2.039878634768209e-05,1.6073791791192734e-05,8.274119224763785e-06,0
0.20919482741253848,0.7907206363868446,3.1004691400117744e-05,2.0621246287844173e-07,2.438861284282961e-05,1.6719958595854482e-05,1.2216725315282407e-05,1
0.22075138344385017,0.7786683021837116,2.9578539493753938e-05,2.30383317746325e-07,0.0005134607240402405,1.580249197590132e-05,2.124223361056312e-05,1
0.00025055779649038785,0.01451468520402903,0.48800842000639694,0.00019865193871803285,6.0732765695699466e-05,0.4969638538851457,3.0984035243396e-06,2
0.00015197026045444065,0.010491288650575135,0.6480818004447363,0.00011926590893033084,2.725630859675828e-05,0.3411261129502357,2.305476471392765e-06,2
0.0002469215307561336,0.013710544738414456,0.8506272447297728,5.76829054391572e-05,2.8955471817476486e-05,0.13531941737162986,9.233252170115152e-06,2
0.000359984477560694,0.02758547569012935,0.5410056219029166,2.493229293762408e-13,9.579100909480133e-05,0.4309461217111917,7.0052088577559825e-06,2
0.00014081946930539086,0.00200036553475099,0.09726487452301323,0.00012072661586744866,4.009630160634337e-05,0.9004280604286111,5.057126845412058e-06,5
0.0002982204057690633,0.004706987557694638,0.20857085427977654,0.0024472361929572177,6.013073320108247e-05,0.7839124964893425,4.074341259117329e-06,5
0.000473605154148582,0.05694472501911503,0.3994400527343752,0.00026109699936943063,5.718261905456591e-05,0.542816794871807,6.542602130157289e-06,5
0.00018422176399391358,0.02885954102436165,0.1461613500515431,0.0002476434141948824,1.922262990420798e-05,0.8245267961208893,1.2249951129977965e-06,5
0.0005497735466926098,0.07431787188273525,0.8202419226682445,0.0005340389128500101,3.343745877073347e-05,0.10430907864174543,1.3876888961357475e-05,2
0.0008522877294546753,0.1679535526689328,0.7407821424353278,0.000729165120452887,7.978331817145506e-05,0.0895842560841637,1.8812643496647853e-05,2
0.000835686503179434,0.15543618604557222,0.771295758270107,0.00046420073485997415,0.00013071763745154083,0.07182497690492994,1.2473903899858986e-05,2
0.0009190063101044469,0.41665223284795294,0.520322741133568,0.00038945702507800305,0.00019565605986967058,0.06151454517435988,6.361449066958734e-06,2
7.026392443043062e-05,0.011808392600168137,0.9738786719671582,1.1723343500985488e-24,3.305421805810403e-05,0.014208772115010116,8.451751750486464e-07,2
0.0001155522894521498,0.009102993897491645,0.9744509226242885,1.1018887063788036e-20,3.129455123304593e-05,0.01629778999835013,1.4466391845814651e-06,2
7.211909422170042e-05,0.0068735973823089895,0.9753468733797178,0.006288869569933497,1.6288366158342254e-05,0.011399570594534808,2.6816131248639347e-06,2
5.25210801967361e-05,0.004634071009030306,0.9762955700841363,0.01528328058480108,1.1467618145016489e-05,0.0037168657144258754,6.223909264563436e-06,2
4.36417549315601e-05,0.004053456569458396,0.9938126264927569,0.0001302182747085773,6.0505711935655175e-06,0.0019424518521085228,1.1554484842538997e-05,2
5.431220235178855e-05,0.004482382515561821,0.9907856433115393,7.329185852317592e-05,1.0165181275156503e-05,0.004588599427430542,5.605503318261543e-06,2
0.00021185582197461578,0.060040665476942194,0.8612121192682477,5.832372414866583e-37,9.28766567629343e-05,0.07844134292904266,1.1398470297810375e-06,2
0.00013343722647652086,0.04389798039289163,0.8930289146078533,6.350845266189715e-22,3.567765795419521e-05,0.0629027751311906,1.2149836339489772e-06,2
9.661135233061118e-05,0.024693914894502997,0.9235106724893803,7.202149365396602e-13,2.5831373102994494e-05,0.05167160080362966,1.369086333261565e-06,2
0.0007909921301713326,0.3921751000845004,0.5234850280883611,0.00018103232631970994,9.583255946458036e-05,0.08324427514966937,2.7739661513657853e-05,2
0.0002332302171221152,0.07077740823305406,0.764991737774411,4.494831121195703e-09,7.502017305380834e-05,0.16392068137539192,1.9177321359113703e-06,2
0.0005620663121863889,0.13975983682749538,0.3357928826719272,0.00011083798885579152,0.0002295086731486872,0.523541938602479,2.9289239076542267e-06,2
0.0005134881913947467,0.14349820359491625,0.5411514640675951,0.00017746961313533583,0.0002388375880842439,0.31441782153563325,2.7154092412062964e-06,2
0.0005002757152482014,0.1352741589209186,0.356759611976643,0.0015085883329382151,0.00011321596121152101,0.505840452271297,3.6968217433386295e-06,2
0.0006546497734800248,0.11998702162138068,0.2553896981172903,0.009117291794180806,0.00017917144835845187,0.6146668638851513,5.303360158310978e-06,5
0.0004343012514752492,0.17539557769674877,0.17992483939252793,0.00041090515740324065,0.00013888630612580432,0.6436920420472176,3.4481485013579842e-06,5
0.0004063621601247674,0.15135358401509807,0.14182802076048684,6.984405233095831e-05,0.00010720240587369642,0.7062299299738447,5.056632240935111e-06,5
0.00035762626911508167,0.1052859098480551,0.6859302273983743,6.847835398523821e-05,0.00010240883124489529,0.2082525322107144,2.8170885111288973e-06,5
0.0004890944426657227,0.11771025740419569,0.49018084646446164,2.4155401498736762e-05,0.00014365503041945848,0.39144813856903893,3.8526877197805235e-06,5
0.0004170012982604714,0.09560108457077214,0.5750733652215446,0.00010862683475231352,0.00011975213996445782,0.32867726922183244,2.900712873547609e-06,2
0.00023510748428664854,0.010409332053466776,0.3433361447550822,0.00178796275769911,3.1113177585599565e-05,0.6441985236793141,1.816092565455404e-06,5
0.0003398828002922768,0.012276850457117447,0.4432851247116085,0.00047015039884300855,8.120265895515872e-05,0.5435413860141508,5.4029590327204585e-06,5
0.0002835901523360778,0.013772620382420882,0.3208555198710569,0.0007489310498079885,3.396329728411944e-05,0.6642969839427937,8.391304300275671e-06,5
0.00016286897480147816,0.011640395842747779,0.129607327554412,0.00013497347204616624,4.9665856190859604e-05,0.8584025783516633,2.1899481381405256e-06,5
0.00031615823182174667,0.023239614901159365,0.46270873130801216,0.0021732886176545458,4.878138015307977e-05,0.5115038135969787,9.61196422048495e-06,5
0.0005982173184869613,0.06376517501202011,0.3150089212873341,0.00048175251819987695,8.795719720768227e-05,0.6200346622579253,2.3314408826049983e-05,5
0.00037255691638798846,0.05361656670906133,0.3257246611367787,6.337866424833766e-05,8.892161429383463e-05,0.6201306620180668,3.252941162853619e-06,5
0.0003212771224316714,0.04560123049429889,0.2675117732260934,8.816129482350906e-05,7.587472787901512e-05,0.686398907476075,2.7756583986698756e-06,5
0.00020111808902837999,0.04540147918437553,0.23880807244045268,5.9314527975143445e-05,4.1169851275484936e-05,0.7154870816101714,1.7642967214280842e-06,5
0.00022767330994277128,0.04203509105931793,0.11226957557135919,7.470933413932711e-05,4.976906709376969e-05,0.8453414311905502,1.7504675967565086e-06,5
0.00045960262894725174,0.10148463821203678,0.47228735922784226,0.00012458552578622624,0.00014003602357876542,0.4254972475998833,6.5307819254209345e-06,5
0.07510967887617563,0.0004651609139357963,9.59359271808254e-07,1.7924704870578906e-08,7.086925018383493e-07,6.1831883979793e-07,0.9244228559145703,6
0.14794379608856228,0.002000880117626034,2.690238198811978e-06,4.9977321438422815e-08,2.071758568701675e-06,1.6849926797247584e-06,0.850048826827043,6
0.10622017492041431,0.001626636052027652,1.6457970170172683e-06,3.322020971861858e-08,1.6780998572649122e-06,1.0432926045068064e-06,0.8921487886178696,6
0.08639801989058861,0.0012243118199086478,1.138377982808141e-06,2.689552683153984e-08,1.0466426777117029e-06,8.430028849297343e-07,0.9123746133704305,6
0.860620314418944,0.005887600963133845,5.0634524232936026e-06,1.252597932087238e-07,4.693580093308485e-06,3.85633372454994e-06,0.1334783459918877,0
0.9024960405019046,0.0061540331658674705,5.309827907533832e-06,1.22115098851979e-07,4.921958474625829e-06,4.212402200713414e-06,0.0913353600285463,0
0.9165685623017203,0.07595747363011479,1.97423231048236e-05,8.775553662305576e-08,6.952470859209002e-06,5.422765108871245e-06,0.007441758753555151,0
0.9654348431047118,0.03449246071798134,6.154995708852308e-06,8.215302121781432e-08,5.416794789784803e-06,3.650203184554873e-06,5.7392030602135106e-05,0
0.9669781631611107,0.032989695790401084,3.4544391802665928e-06,7.838693795446786e-08,4.76507025702126e-06,3.65700314522384e-06,2.018614896778577e-05,0
0.7917396829182582,0.20822989733907235,8.506225911032453e-06,1.326371967196582e-07,1.1890403596512181e-05,6.259741035525244e-06,3.630734929586264e-06,0
0.8936665921611732,0.1062092115105563,6.246774009921739e-06,9.602002737058554e-08,0.00010945972272305661,5.1726566005942704e-06,3.221154909428417e-06,0
0.8789400662501551,0.1210256640398124,1.438641656089807e-05,1.666157359164767e-07,6.406566926571042e-06,8.689719089044677e-06,4.620391719942928e-06,0
0.8325343222227352,0.16743107863858897,1.4887704109608383e-05,1.6052697775295275e-07,7.691406890653684e-06,7.407955261325865e-06,4.451545436314691e-06,0
0.8637417464643363,0.1361306255249536,6.526862302069134e-05,1.5912553177501247e-07,1.1162980756866785e-06,7.455654448655012e-06,5.362830963299712e-05,0
0.9229224448630928,0.07552890524917388,1.0271330931017175e-05,1.1895702829602099e-07,5.4764747308259025e-06,5.573602723087833e-06,0.0015272095223200109,0
0.8486395777218269,0.14863944670272025,1.7008016299263148e-05,1.977456308570727e-07,1.2713146817997924e-05,8.103670154879883e-06,0.0026829529965500007,0
0.8440163231974083,0.15253148186953144,1.3455067062546126e-05,1.9216654776519056e-07,1.0653843589567958e-05,7.875037800539988e-06,0.0034200188180598923,0
0.949673796492875,0.02905766650208529,1.1515035813324063e-05,1.382793844332349e-07,1.0032224087217383e-05,5.8865554725612025e-06,0.021240964910282087,1
0.6196978370936079,0.36802876375739163,1.4704912879318667e-05,1.9676742245055334e-07,1.1306958776945896e-05,1.0345967895093838e-05,0.01223684454202656,0
0.5335234172154555,0.46128460317813014,1.242778352835303e-05,1.2764034545143177e-07,1.0329009253146139e-05,8.978573365752896e-06,0.0051601165999218225,0
0.512789941086039,0.48254474558149474,1.2329883021292706e-05,1.6975046603134638e-07,9.849573719706966e-06,9.290302873454318e-06,0.004633673822385876,0
0.3911827710371885,0.6033993739519885,1.1467696120797165e-05,1.5788039168331775e-07,7.879547070274925e-06,8.305936032856345e-06,0.005390043951207376,0
0.5261063142220433,0.4650585927898261,1.3409022969209317e-05,1.6352714551906738e-07,1.2790534110058554e-05,8.56706245172671e-06,0.008800162841453886,1
0.48979641658650847,0.5100490299811109,7.634086003704414e-06,1.6707674057394615e-07,1.4804017153822641e-05,8.693786231543271e-06,0.00012325446625090455,1
0.4751542226624013,0.5247897884727215,8.499134426885386e-06,1.427700772218527e-07,1.6481518781318607e-05,9.678913471060828e-06,2.1186528120778355e-05,1
0.4757032015757329,0.5242320317095582,1.7478547965146624e-05,1.8124739729008384e-07,1.2508514165741731e-05,1.7987209280449882e-05,1.6611195900257524e-05,1
0.32010150363735,0.6798309686092111,2.166520699269362e-05,2.190500958324704e-07,1.675644136287455e-05,2.063077774762186e-05,8.256277239870721e-06,1
0.3584775350058926,0.6414441195990842,1.89468824070297e-05,1.91565970654518e-07,3.2511588622225805e-05,1.7946623469418847e-05,8.748734553905838e-06,1
0.32168858861589056,0.6741501069255129,3.254008684272237e-05,2.4177836891758327e-07,0.004103869436054787,1.953938459329665e-05,5.113772736879265e-06,1
0.4016027777544774,0.5949190026987412,3.153739286771495e-05,2.386190790121161e-07,0.0034216055029485325,1.9284065720971536e-05,5.553966164929199e-06,1
0.43073971050721954,0.5659391846866734,3.0126270120951566e-05,2.2794220373526289e-07,0.0032685077064403107,1.693743024144654e-05,5.305457100690455e-06,1
0.36532780831628386,0.6320289166082173,3.5450743986412036e-05,2.551361027856264e-07,0.0025841517671570447,1.7583239826220875e-05,5.834188426256017e-06,1
0.41079744919560685,0.5861998891933999,2.982360729239647e-05,4.349033918575957e-50,0.0029540193354753446,1.3347475406212092e-05,5.47119281921873e-06,0
0.4680245162897827,0.5287590177772667,3.450208149314707e-05,4.940783016495127e-50,0.003160584630669067,1.5163592888623063e-05,6.215627899728411e-06,0
0.4432175112884579,0.5518096134384973,3.057329043732882e-05,5.484558061055029e-179,0.004923450881519618,1.3100369529991191e-05,5.750731557761723e-06,0
0.4715108451643548,0.5247355816122863,2.866902642924554e-05,2.489845706730613e-07,0.0037018552560678583,1.548499487470268e-05,7.31496141642346e-06,0
0.3699085150443176,0.6242364393107025,2.813054517707264e-05,2.2581464150701588e-07,0.005804964576270378,1.475527614375718e-05,6.969432747345993e-06,0
0.14406222214400274,0.7710369818423306,0.0003181055333805848,2.0205553815827886e-07,0.08444727217823143,0.00012428869010610736,1.0927556410332045e-05,1
0.1099545100495231,0.36026990819571525,0.00030130339880449014,9.410025533285789e-08,0.5292378604575343,0.00023136514021624202,4.958657951220691e-06,1
0.5515021232037666,0.4272534678329526,0.0005469102924064379,2.9519319285454044e-07,0.019549818456011205,0.0011357498317776638,1.1635189892650298e-05,0
0.24762411003097676,0.7484878538678308,0.0001494793015094422,2.0022397526145482e-07,0.003170759277495654,0.0005445622390826127,2.303505912961093e-05,1
0.16468225696687197,0.832769539629125,2.208495624677528e-05,1.9758039572864053e-07,0.0024895443326064257,1.5923022012917534e-05,2.045351274109138e-05,1
0.22470015809086377,0.770175734236676,8.628719635828206e-05,2.0091276357466663e-07,0.004857504635071738,0.00016334988069065495,1.6765047576137325e-05,1
0.23270577830851952,0.7584506719823625,1.6256554096010717e-05,2.002097130225248e-07,0.008806477547317296,1.4310776872477783e-05,6.30462111914179e-06,1
0.2872310687280747,0.7064758969754455,1.6560879119754052e-05,2.1938961897852488e-07,0.006255263082995978,1.421630485011263e-05,6.774639894838342e-06,1
0.4158619304900362,0.5741118467394806,2.086582195624185e-05,2.764191861767314e-07,0.009977991078213726,1.855376719143273e-05,8.53568393568766e-06,1
0.0734266116191231,0.923852982267673,2.1640345809153102e-05,1.5037766592128012e-07,0.002680944263017218,1.2559777257876396e-05,5.111349453997742e-06,1
0.13533410873865398,0.864585583118417,3.841678274133067e-05,1.839179250351802e-07,2.0094944569024747e-05,1.5361112024320797e-05,6.251385669206185e-06,1
0.133183313032467,0.8667342034378985,3.912076479068078e-05,1.8106595180186036e-07,1.749473584655518e-05,1.4271633298018457e-05,1.1415329747274372e-05,1
0.14659516142445062,0.8533216391684324,4.283499575776866e-05,1.8177736937191905e-07,1.740495496327931e-05,1.483894375181238e-05,7.938735274645474e-06,1
0.16982339997521856,0.830098908782849,3.842532825481326e-05,1.768303873133855e-07,1.6931287640276294e-05,1.4435109166894327e-05,7.722686483166014e-06,1
0.18802051329126585,0.8118897408527119,2.942531974470115e-05,1.9005520091210776e-07,2.2739304395335364e-05,1.5514683955536657e-05,2.187649272576051e-05,1
0.24217239981550856,0.7572069331018353,2.8595722737266976e-05,2.5009281719231416e-07,0.0005573877494646752,1.715440933645962e-05,1.7279108300491515e-05,1
0.00016569125370272187,0.029156156965154802,0.7559591245779503,0.00014540394541517028,6.050328648515174e-05,0.21451117635889932,1.9436123923138566e-06,2
0.00020526444585947603,0.018211952110390513,0.8205873793080589,0.0020222624477778295,6.150350118096809e-05,0.15890907903234505,2.559154386982124e-06,2
0.00023300001347219623,0.020672771990824935,0.8296218391611155,0.00077629112339675,8.692407160903815e-05,0.14860623243877627,2.941200805271828e-06,2
0.00014835589085619168,0.00946778328545586,0.9254417827571882,3.9900844165085755e-05,1.980802621245431e-05,0.06487777219186344,4.59700425880727e-06,2
0.00023960338705736464,0.018842241593784136,0.7199020263976145,0.0005850451195015538,7.427943064963773e-05,0.2603545683299942,2.235741398707611e-06,2
0.00020682993699778807,0.0255010603871158,0.1190172149164838,0.00018899703278263722,2.774626727159144e-05,0.855054596831169,3.5546281792629958e-06,5
0.00040015885463371597,0.09722694540670285,0.8266499624269678,0.0003696759081956216,2.8942834091014906e-05,0.07531218142639443,1.2133143014615e-05,2
5.478209629520696e-05,0.0048335663186017536,0.9663295313987403,0.022184884937444492,1.1459491609642312e-05,0.006582061561171068,3.714196137623442e-06,2
5.4657486497852124e-05,0.0052681661321996275,0.9910024976838375,7.705783154555337e-05,1.088456726432427e-05,0.003573417045451962,1.3319253203384904e-05,2
3.628039806173787e-05,0.0036201982094488812,0.9953184733576749,2.4658859094291887e-05,8.061426177350755e-06,0.0009822142437980865,1.0113505744605916e-05,2
9.682470190820011e-05,0.030508597782189572,0.92294409022856,8.48434486039781e-16,2.4277743793830175e-05,0.04642530245704713,9.070865005000805e-07,2
8.00557405787116e-05,0.014143499936146995,0.9410641296743567,5.087377761270852e-27,2.4076621435680165e-05,0.04468754162848308,6.963989988269383e-07,2
0.00011622846065480008,0.02180382324552054,0.9162067187547247,3.088765316036322e-27,3.365826760831623e-05,0.061838517291360584,1.0539801310055176e-06,2
0.00061197184848976,0.1669331845908793,0.548956208176187,0.00022101894030221407,6.828149446871273e-05,0.2831920036015831,1.7331348089889616e-05,2
0.0006502892063776043,0.24604527289322345,0.44121077556871463,0.00019520560286761835,8.386319918369147e-05,0.31179190270248186,2.2690827151087876e-05,2
0.00015105083297650547,0.03977603751092801,0.8949998855590511,2.4874868371213572e-05,8.103922741994824e-05,0.06496629005310836,8.219481449213574e-07,2
0.0003915664063376275,0.07956095267387912,0.08843173446440139,0.0002951057913645653,7.020290566555181e-05,0.8312475617446361,2.8760137157933725e-06,5
0.0004794031426994615,0.24404219243332959,0.06925823374121688,0.00042499685404137144,0.00013350843367039832,0.6856562275569011,5.437838141168085e-06,5
0.000631335650150705,0.2989465126083497,0.09222413240064972,0.00015016887086530893,0.00017581994414405386,0.6078638418844754,8.188641365041544e-06,5
0.0003471367458705827,0.09830176986691629,0.7096125778335899,0.0004729749551892788,8.073385686312715e-05,0.19118213183503355,2.674906537357e-06,2
0.0001379362655366967,0.031177579432849104,0.891520330870114,0.0003955837206631153,2.369753232146198e-05,0.07674102666569102,3.845512824405578e-06,2
5.010284134657121e-05,0.016144242063814266,0.963072248180152,2.6098131107416038e-05,5.101802346547197e-06,0.020700169593362336,2.03738787089623e-06,2
5.073235367625109e-05,0.004552414518166623,0.9817711369640013,0.00011811268503161812,5.023980024779244e-06,0.013495592942342104,6.986556757321604e-06,2
0.0004787392414139486,0.026707246384829374,0.3759704647838225,0.0024446124900357534,0.00013858860609415336,0.5942531771789867,7.171314817544669e-06,5
0.00040063884350423297,0.02117197958926392,0.531674836148669,0.00039944945086753706,7.027996337366556e-05,0.44626984281202065,1.2973192301049153e-05,5
0.00024161332629764416,0.013258216306432525,0.26555552759484763,0.0017999197011347786,3.401046600217114e-05,0.7191085585800527,2.15402523258184e-06,5
0.0002641547778629844,0.014662697664181754,0.4000720507616404,0.007132741224181704,7.932556525866459e-05,0.5777846486240735,4.381382800866129e-06,5
0.000388202580542858,0.015596060740028894,0.38264156139656197,0.0011227634940053448,0.00012183886865627654,0.6001248880208345,4.684899370286115e-06,5
0.00039119345783613757,0.01413023423817563,0.47169082206460994,0.0005169813193651738,8.620524798358266e-05,0.5131774224473759,7.141224653687429e-06,5
0.0003556655533332043,0.018150842734996824,0.4775137633787373,0.0005970429558171618,5.7206020655063706e-05,0.5033129251108623,1.255424559820546e-05,5
0.0004775274142308836,0.027202536316711635,0.3156550958426631,0.0009069332026232902,0.0001174961831820148,0.6556254730750642,1.4937965524964921e-05,5
0.0001961803186663479,0.015137418542795824,0.161046054545427,0.00021741518375845162,5.982393826839153e-05,0.8233414125805638,1.6948905201794776e-06,5
0.0002707865637334135,0.016915601673289187,0.4426282658579551,0.0007640690679153804,5.3474046399156425e-05,0.5393656451168796,2.157673828258021e-06,5
0.0002209099693161715,0.017177921244256617,0.10804604319189158,0.06309984474545938,3.538395322915589e-05,0.8114169933878816,2.903507965407998e-06,5
0.00016237319557266624,0.04499609133909911,0.41839282913198317,1.0425569724992317e-05,3.301197064865376e-05,0.5364038931918218,1.3756011495614798e-06,5
0.00032391234013082486,0.06846983905490282,0.2587279935670132,5.682732791602829e-05,7.324187781106147e-05,0.6723456837224275,2.50210979847093e-06,5
0.00019308555807815355,0.033975055242053874,0.7198608629020598,6.682576265317454e-05,5.1950521044338056e-05,0.24585078228380344,1.4377303072840342e-06,2
0.0003809225839227145,0.09119377611110678,0.6946370541822166,0.00025406933774232976,0.00010787013995566637,0.21342345982498814,2.8478200678539936e-06,2
0.0004526442737129048,0.10867343290843279,0.5400147705509605,0.00023367431062424764,0.00014035463485304725,0.3504817296426339,3.3936787824440855e-06,5
0.0005229664294275925,0.12554063215081904,0.5087484762912621,0.00040606264429408087,0.00017808555659944552,0.364599979642583,3.797285014851586e-06,2
0.0002696013740609511,0.05611320939733127,0.8672563781175233,0.00021794663796574827,4.244560932406979e-05,0.07609752935014368,2.8895136509366586e-06,2
0.00024288401702560528,0.054966214223449786,0.8738144686015495,0.00014588604338197612,3.9522001192024275e-05,0.07078833719608758,2.687917313504952e-06,2
0.07107136620326635,0.00047969167415996345,6.779074700774604e-07,1.677008934179297e-08,6.314589733245838e-07,5.162954483304039e-07,0.9284470996905926,6
0.02538361122064843,0.0001287703751525332,2.504812288330928e-07,3.817180521710705e-09,1.4344030650385066e-07,1.5778690737835198e-07,0.9744870628785759,6
0.7842206923043359,0.005488351940880289,4.720090425446639e-06,1.1676569683918218e-07,4.396681826962556e-06,3.594828660152634e-06,0.2102781273881744,0
0.8729265193527755,0.006025759524032178,5.6598366999891564e-06,1.301645797455312e-07,5.238868151152334e-06,4.4900718038122156e-06,0.12103220218195754,0
0.9505307631672905,0.010084192892727615,1.118076436909649e-05,1.5662752932735457e-07,6.523071339121658e-06,5.402920322167524e-06,0.03936178055642252,0
0.916574322809683,0.0759579510124402,1.3457584053455418e-05,8.775608815459227e-08,6.952514554536762e-06,5.4227991902077355e-06,0.007441805523990358,0
0.9341876877654756,0.06575174366946028,8.879209496710008e-06,2.6997938208750368e-08,6.5031439876846746e-06,5.156499975473552e-06,4.0002713665953164e-05,0
0.8568874747242516,0.14308262920851328,8.126777547055696e-06,1.0389436972038873e-07,7.87469182773267e-06,5.14761283024171e-06,8.643090660492773e-06,0
0.8935690040931353,0.10632865121175551,6.283865688756139e-06,1.1615465717277111e-07,8.760213356336136e-05,5.413589767432786e-06,2.9289514326108406e-06,0
0.889926369242893,0.11002464523171468,6.471181590647842e-06,9.946942733435313e-08,3.3709144523759915e-05,5.3584778503821765e-06,3.347252000153953e-06,0
0.9147385840631386,0.08522873166708678,1.389673176492694e-05,1.498417979322575e-07,7.567601128707939e-06,6.914858492303336e-06,4.1552365907060795e-06,0
0.8968369865113383,0.1031403788755233,9.739474332105597e-06,1.0501608360326928e-07,5.0316865137691255e-06,4.846253632519821e-06,2.91218257670821e-06,0
0.8344048796415661,0.16556453402241303,1.3170411217875556e-05,1.202094445366952e-07,6.8042050572816825e-06,6.553449501479437e-06,3.938060799682561e-06,0
0.8061225251849576,0.19381662540525346,2.6095755291117403e-05,1.9649341498791965e-07,1.3826481377800135e-05,1.0712217142834294e-05,1.0018462562332406e-05,0
0.8896656361145753,0.11030389952810288,1.251855936844181e-05,1.577784652360988e-07,9.871387560054187e-07,5.781076027862024e-06,1.1019804704265151e-05,0
0.9131884977284125,0.08005259757628683,1.1086073997108181e-05,1.417266147540154e-07,8.09912363484248e-06,6.551986164258157e-06,0.006733025784889512,0
0.8387709986751298,0.15664765190975202,1.2475113537145673e-05,1.9452388234603387e-07,1.141780017675511e-05,7.971642017811688e-06,0.004549290335503715,0
0.9716564524334393,0.023265973735255352,9.253387469586502e-06,1.2286173169026262e-07,7.496640215218812e-06,5.6414278314396115e-06,0.0050550595140575584,0
0.9192944200744296,0.043253122772416164,1.7466793584715284e-05,2.0229100519225198e-07,1.6087819299821864e-05,8.611531129857661e-06,0.037410088718134824,1
0.6892956904616963,0.274914158537484,1.4850724789614312e-05,1.8898700606163419e-07,1.3533373532812258e-05,9.933905526898487e-06,0.03575164400996427,0
0.7020331316534028,0.263524917987082,1.4472184047556415e-05,1.7484534294631646e-07,2.0341222913916025e-05,9.054749025261415e-06,0.034397907358185556,0
0.6004528445862439,0.38332198475108803,1.566593193567438e-05,2.096268827001226e-07,1.530012209746328e-05,1.102211418614825e-05,0.016182972867565933,0
0.36852237680554756,0.6313660015954742,1.7674291569491757e-05,1.6695628029014265e-07,7.859621124840043e-42,8.647128468123765e-06,8.513322266022581e-05,1
0.26818469321549665,0.7317154422329682,1.5541800235870355e-05,1.3167256950328103e-07,4.894166761982153e-05,8.163050849380275e-06,2.7086360260495485e-05,1
0.15069303833378714,0.8492388768038491,1.2425004970179659e-05,1.180790219724772e-07,2.8421876891568165e-05,7.32031784784458e-06,1.9799583632181556e-05,0
0.23268381563774024,0.7672656670538701,8.990220991879282e-06,1.3668807261467358e-07,1.7347828391180032e-05,8.473987341984397e-06,1.556858359181432e-05,0
0.2367202785889644,0.7594510267616238,1.6581332596868354e-05,1.404796507279197e-07,0.0037910231802273184,8.712718373987123e-06,1.2236938562865206e-05,0
0.2629634219859601,0.7284784255910466,2.0636692414871472e-05,2.9191005768775573e-07,0.008516502761892149,1.4831854393924687e-05,5.889204234897341e-06,0
0.27471910195357396,0.6975996219194258,3.7857884685758394e-05,2.6258275263098495e-07,0.027587657539984177,4.953953410076301e-05,5.958585476985139e-06,0
0.519423649765324,0.4638900288951551,3.4223779546738394e-05,2.3104847798958878e-07,0.016596549560372327,5.100785759192965e-05,4.3090935320077595e-06,1
0.4680111545895163,0.5288495232990589,2.980455035324767e-05,2.4802550017874646e-07,0.0030861153678930255,1.797672590461958e-05,5.177441773696327e-06,1
0.4790772223544329,0.5183025553410149,3.102769535857718e-05,2.5820418592110435e-07,0.002564742920635504,1.880356624947613e-05,5.389918122804911e-06,1
0.4621988879683415,0.5345358009939002,3.4359402917434965e-05,2.9364181046151826e-07,0.003203144037254947,2.1384290176908286e-05,6.129665598463171e-06,1
0.27078680367446706,0.7075181748566823,2.8246861043271453e-05,2.065057222026459e-07,0.02164786424853854,1.3981694348907515e-05,4.72215919768369e-06,1
0.2973528370508973,0.7005445967231689,2.6647001480342637e-05,2.1818148117069862e-07,0.002056640794699743,1.4311602149778236e-05,4.748646122593587e-06,1
0.32851327708717654,0.66928757234524,2.8919444315138808e-05,2.5846910830393755e-07,0.002150042247859688,1.5458493548747068e-05,4.47191275171649e-06,1
0.4570841624471005,0.5373174819708548,2.690271360372722e-05,2.176689383790569e-07,0.005546123326209575,1.4654997981146441e-05,1.0456875311992148e-05,0
0.3733570742011471,0.6205575524812951,2.925829546550819e-05,2.3672787089684537e-07,0.006031737814876231,1.5938178850456318e-05,8.202300494737822e-06,0
0.2728326381698173,0.7191905347438059,2.7420392487936952e-05,2.2185746057822927e-07,0.007920901658318649,1.6286100940916063e-05,1.1997077168546776e-05,0
0.023554169654241407,0.2697121394528526,6.457511610435322e-05,8.539928200718911e-08,0.7065620509581872,0.0001030268820403519,3.952537292007992e-06,1
0.030172249323114773,0.313912386158833,0.00013454895619330727,9.939445975813783e-08,0.6556154140270418,0.00016070186387291016,4.600276484525427e-06,1
0.15851369277614036,0.7681457847677381,0.0006010350223255159,2.0092022599806188e-07,0.07219338085034721,0.0005362338315126544,9.671831710150306e-06,1
0.17178633226804338,0.7704770898560985,0.00041586246252273303,2.01530014340994e-07,0.056816604615188504,0.0004942080826317539,9.701185500702522e-06,0
0.3764620094944504,0.368689591191666,0.0005484238093580371,2.5270173589344154e-07,0.253479976494776,0.0008097859405170421,9.960367496588536e-06,0
0.10639946000311475,0.8904370329005633,0.00010695795586784641,1.6594037473107977e-07,0.0027128645120623966,0.0003339667706126197,9.551917404412646e-06,1
0.15912041758474915,0.8382323972779708,2.152436839103592e-05,1.9256516413207238e-07,0.002588839830971698,1.560152800667367e-05,2.1026844746183904e-05,1
0.24484413267323973,0.7497596479077998,1.579469647618936e-05,1.940450758292151e-07,0.005360173780476298,1.3461288559712893e-05,6.5956083725213194e-06,1
0.3322409191549446,0.6624233214135177,2.1471080780904743e-05,2.752001988129889e-07,0.005290614247695733,1.6046728845462782e-05,7.352174016926472e-06,1
0.06539475499173318,0.9345336381377696,2.6881667589482805e-05,1.6306974028822202e-07,2.5399539933871947e-05,1.3619839109565466e-05,5.542754124286529e-06,1
0.15982556559815997,0.8400922343190612,3.9321824739849905e-05,1.882507565364051e-07,2.0568351436938162e-05,1.572299687083639e-05,6.3986589746692686e-06,1
0.12527025484426496,0.8746113180170721,7.715767172828262e-05,1.6547391196315048e-07,1.5224102035877098e-05,1.3820639278538724e-05,1.2059251708089445e-05,1
0.13143696259829138,0.8684658044223841,6.14801025115633e-05,1.5047320316875805e-07,1.2252530110728372e-05,1.2179475867448555e-05,1.1170397631773257e-05,1
0.1818802048695302,0.8180319929522656,4.3376303233968737e-05,1.8407449692625426e-07,1.7624902043415063e-05,1.5026464050336316e-05,1.1590434379366748e-05,1
0.00018350788696712948,0.032291292613169584,0.7727504882540014,0.00022857222819601698,8.44735950760245e-05,0.19445951281528426,2.1526073056129224e-06,2
0.00017936751716266178,0.03156272505625175,0.7765131657655714,0.00013969616310999483,6.549726696192307e-05,0.19153744419152355,2.1040394187698205e-06,2
0.00016265938217442563,0.012575111909532926,0.8749091447636146,0.00042037236076384677,6.150363739287539e-05,0.11186923219877677,1.975747744521397e-06,2
0.0001916169120037372,0.018666080060027162,0.8362551736321043,0.00015348701926987728,7.311645839715389e-05,0.14465840207198896,2.1238462088676622e-06,2
0.0003315024228374797,0.02435088952228496,0.7400291267310843,0.0013426676642261817,8.900597833049824e-05,0.23385094562559924,5.862055636945868e-06,2
0.00024691900814251174,0.018437004569582242,0.6143238986255631,0.0005897787432721552,6.916853409805879e-05,0.3663231472254535,1.0083293888439883e-05,2
0.00016695586783736256,0.0022907635943912896,0.12471934641157802,0.026476162574916456,4.294086676739483e-05,0.8462982985081448,5.532176364646311e-06,5
0.00030451962600158575,0.0414618589859172,0.2915597172204613,0.00023666748005828994,3.456768011049369e-05,0.666398240474827,4.42853262421782e-06,5
0.00021716867395360506,0.029589318916814177,0.17396075397142544,0.00019028668477380752,2.3606553724617543e-05,0.796017487397304,1.377802004344637e-06,5
8.061489820405378e-05,0.013555044176840001,0.9751398742412327,1.9944850661527626e-21,4.0687960846630266e-05,0.011182820991612248,9.577312642685917e-07,2
7.247124204054488e-06,0.0007175020764717842,0.054270126106472034,0.9395774711973619,1.6056574415959445e-06,0.005425812035440326,2.3580260814617477e-07,2
3.642532674596954e-05,0.00412870325067242,0.9947705206769878,2.7391367969641996e-05,9.466296341891329e-06,0.0010186998699522692,8.793211330219985e-06,2
0.00023639896156780904,0.036832030128385033,0.9550174557166353,8.458573081763703e-05,1.286799922471197e-05,0.007809061693044092,7.599770325303163e-06,2
0.00011409196196757705,0.03642584998758133,0.955721224144769,1.9540930270938663e-26,1.4908267130464694e-05,0.007719442539293795,4.483099257849178e-06,2
9.83250331700795e-05,0.024448877817376466,0.9615378139479278,2.9621754594392317e-06,4.312210733156146e-05,0.01386829025995636,6.086587783887344e-07,2
8.379690534755407e-05,0.02616217021021806,0.9312990415097945,3.913716857210989e-37,2.0818998958550828e-05,0.04243339451785943,7.778578219457914e-07,2
0.00010695767205216618,0.020007564720961695,0.8470661716622111,1.180359309665237e-26,3.26747056817347e-05,0.1327856640887248,9.671503684581053e-07,2
0.0003679767722793613,0.16272481014596393,0.4215807082652863,7.834444830703114e-05,6.088756821441265e-05,0.4151810351494851,6.2376504637942755e-06,2
0.0005407808243935423,0.11672196083485084,0.41771401330070274,0.00012190107198273729,0.0002886072109660065,0.46460982874534446,2.908011759546574e-06,2
0.0006083945562015279,0.13631534728373662,0.35992502805527155,0.00013094923204744292,0.00018079881851469369,0.5028360943733295,3.387680898549752e-06,2
0.000946492202553197,0.4395724415516776,0.2992365078870068,1.6397138953836714e-05,0.0011259711702860777,0.25909704618788476,5.143861637735878e-06,2
0.000472314779729195,0.2293531543648173,0.3852169847362221,0.0001583399266310595,0.0005685695339762822,0.3842280697892195,2.566869404556061e-06,2
0.00044584000105080005,0.12459339925182916,0.3758268234849441,9.465239064890187e-05,0.00023896357441849868,0.49879796362252254,2.3576745857862985e-06,2
0.0004005451158512372,0.10294939729744677,0.2719812780370681,0.00017642151791933566,0.000212569325045603,0.6242777491220394,2.0395846296012684e-06,2
0.00046454087495360636,0.16271379492967822,0.06345800542345037,0.00014242678025868,8.328630519452985e-05,0.7731325691240923,5.376562372354955e-06,5
0.0007257823893097188,0.29043091197845844,0.16158923418929072,0.0002188861634781762,0.00015876178189748076,0.5468711822788718,5.241218693617252e-06,5
0.001122659394319077,0.3197748088524082,0.25060681323259815,0.0003333373733194016,0.0003842639208774678,0.4277724840415769,5.633184900554858e-06,5
0.0002956230894421555,0.08804890190515588,0.7550935399232167,0.0001646344920642995,9.683167009675025e-05,0.15629818761836914,2.2813016549790794e-06,2
0.0003952307372350212,0.11774005149773771,0.6514962800327216,8.210741114724161e-05,0.00012764845343574683,0.23015556849089652,3.1133768261315155e-06,2
0.00035133271899097894,0.09093712012396032,0.6027322386941734,0.0001629557482882037,0.0001018250811286624,0.3057117266028959,2.8010305625533756e-06,2
0.0003555643512707431,0.09789233748549762,0.6827902050786596,0.00033754212532098685,8.477917035226482e-05,0.21853655652484855,3.015264050179892e-06,2
4.7867372025063676e-05,0.004186694329326637,0.9797122016888746,2.2321358958308324e-05,4.618797757701022e-06,0.016024528057682307,1.7683953754255395e-06,2
5.3843820467034474e-05,0.0036769459095506345,0.9823157240034135,0.00010383440215047374,5.785532681043789e-06,0.013836451282356454,7.415049381004184e-06,2
5.423156691218435e-05,0.0036925916760937164,0.9864955740385842,0.0002429568604308068,5.999589511342212e-06,0.009501199667322198,7.4466011455322605e-06,2
0.00042479185729781585,0.022508823214497917,0.49418256377508907,0.0004706712006737948,7.008285431419285e-05,0.482329408820292,1.3658277835074272e-05,5
0.0005349240922357236,0.029736038594985918,0.5841305293085384,0.015781465452038065,8.706657384775067e-05,0.36972603657934794,3.9393990062713385e-06,5
0.00030302982542451646,0.020737254210352832,0.2386410617794793,0.006301664008758371,8.950318718714468e-05,0.7339191434393253,8.343549472479794e-06,5
0.00027641763590142884,0.015038949712292023,0.3775193978991791,0.060976528048877515,0.00013250330190611644,0.5460535334195573,2.6699822865116843e-06,5
0.0003036262777557174,0.015953236859136005,0.35680127034649173,0.009681296538200995,0.00015721289661120897,0.6171005247789747,2.8323028297384166e-06,5
1.0162853777262315e-07,3.5893560114412767e-06,9.995371045610407e-05,0.9969264875323157,3.437398469018534e-08,0.00296983282834431,5.703500696243927e-10,5
0.00041726180480403135,0.01676351672654403,0.4215879708275095,0.003064851260202035,0.00011039573492238772,0.5580509680546425,5.035591375609207e-06,5
0.0004263882793405238,0.015292869891610168,0.42441041829775,0.0008895180274497003,0.00010310024293026248,0.558869976456311,7.72880460824554e-06,5
0.0001975821823024441,0.011267325568870688,0.19361954885977586,0.00019502479692814942,3.596412286929601e-05,0.794680257688539,4.296780714459806e-06,5
0.00029476395500861605,0.017628310858292254,0.5100127142453555,0.00039156820440813534,4.7715313833693624e-05,0.4716142759346534,1.0651488448296041e-05,5
0.0002489404077730101,0.01436918388858118,0.5196044029895517,0.0007420602944808753,4.13464843806026e-05,0.4649793690856453,1.469684958716326e-05,5
0.00019988121197107153,0.013288647084136717,0.8328853575466494,0.00046204749460062835,5.864473828195521e-05,0.15310372688763715,1.6950367229133146e-06,5
0.0002183392214712028,0.013827258344779703,0.5355754350702001,0.0005033164350372949,4.027594878782503e-05,0.4498336054956083,1.7694841154883702e-06,5
0.0001893614838564152,0.009149827841369468,0.5183440979087147,0.0006614512037450656,3.268751502226341e-05,0.4716169530153599,5.62103193227097e-06,5
0.00022989730599137597,0.011437301846078711,0.41213289328586394,0.000964166722160064,4.302521805582296e-05,0.5751894340754555,3.28154639459189e-06,5
0.0006399484363553096,0.0640600284450301,0.22350908210660525,0.001241524408899708,8.278415678742117e-05,0.7104470037210288,1.962872529351925e-05,5
0.0004227776212360576,0.04460516256775341,0.15273756316916853,0.00026023842886147616,6.132459832257748e-05,0.8018965927136553,1.6340901002480628e-05,5
0.00013353780252249044,0.012139183035027805,0.05732812834764748,7.337221438773073e-05,2.3657536298417063e-05,0.9302973210742678,4.799989848384698e-06,5
0.0003664631228932785,0.06788008799738425,0.21308240009675503,0.00010420274536864781,8.74671520871564e-05,0.7184761791516597,3.199733851903501e-06,5
0.0002929165909445485,0.051280936479212585,0.14763983047906418,7.06192842049742e-05,6.764401236481436e-05,0.8006455762270771,2.4769271318644194e-06,5
0.00025958360625970517,0.07111940934179721,0.5109477681290561,6.298217086643392e-05,6.486696110817543e-05,0.41754262460851693,2.76518239532471e-06,5
0.00011600765537724804,0.023419089855749267,0.7300899433097018,5.2615507618332266e-05,2.815692719031599e-05,0.24629331888130787,8.678630551379896e-07,2
0.0002696083348117732,0.05832619207698204,0.7948645362502059,0.0007707892195169793,6.687763742692192e-05,0.1457000444136053,1.9520674510852315e-06,2
0.00013521492716425925,0.030162137282278456,0.9241075950813742,0.00013721753109813674,2.2964385117178354e-05,0.045432058588452534,2.8122045151682367e-06,2
0.00018934392296664698,0.026516657030835014,0.9053743182987145,0.0001851646314855173,2.3957033291944008e-05,0.06770749935842545,3.0597242806384054e-06,2
0.0849353313182575,0.0005524600081151984,8.061678169708014e-07,2.2638452103225582e-08,7.509312472593568e-07,6.139787402621834e-07,0.9145100149573706,6
0.1026533497648574,0.0005111730935302994,9.736815703965217e-07,1.718736973595066e-08,8.292308241646277e-07,7.724428100792019e-07,0.8968328845990379,6
0.24632052201132346,0.0017137117224980917,1.4738257277359507e-06,3.5806337218718037e-08,1.3728429350235073e-06,1.1224681072999086e-06,0.751961761323071,6
0.8403938130918772,0.005229309886770491,5.36928677365359e-06,1.129601871856905e-07,4.546425211468768e-06,3.89660038412433e-06,0.15436295174879616,0
0.866271547241926,0.008338788538512078,9.245659067907922e-06,1.8883771119402102e-07,7.330686261710706e-06,6.514021588563674e-06,0.12536638501493236,0
0.9494064274478314,0.005776811149663038,8.92858377595161e-06,1.0796873545259683e-07,4.704777875400096e-06,3.7244185453271065e-06,0.04479929565357325,0
0.9213991569217409,0.0785090229411823,1.1962052704304942e-05,2.710695881484694e-08,6.3428368106063765e-06,5.17732248230043e-06,6.831081812076242e-05,0
0.9346046465403736,0.06533690498470049,9.118465309040601e-06,9.554830716069113e-08,6.6783752397519695e-06,5.295445068600563e-06,3.72606410012411e-05,0
0.9639670800685933,0.03600252275158997,4.046905407223447e-06,8.186664903851046e-08,5.697990987474627e-06,3.819342875680026e-06,1.6751073897222847e-05,0
0.8527198981129039,0.14725035122302563,8.087251974527478e-06,1.0338906679781217e-07,7.836392304807106e-06,5.122576788207729e-06,8.601053936244913e-06,0
0.9161352062710751,0.0837908247502416,4.718860617265459e-06,7.919170267458407e-08,6.260386037862574e-05,4.266104632224576e-06,2.3009613525710625e-06,0
0.8923910867612892,0.10757077348634936,1.4328321709306265e-05,1.6594291260360004e-07,5.9766511446020716e-06,9.479346168516138e-06,8.189490426330467e-06,0
0.9401173604880565,0.05984979377728563,1.0862303265905175e-05,1.2977513038905195e-07,6.607579815114834e-06,6.705273295143925e-06,8.540803151193515e-06,0
0.8654906496676052,0.12941124922898198,1.828607993415553e-05,1.6673169813686838e-07,7.970838666029539e-06,7.6942890081919e-06,0.0050639831641059035,0
0.888097175486298,0.10525074111104336,1.701772613210252e-05,1.8203111866354277e-07,9.264419664226535e-06,8.232324116687438e-06,0.006617386901627034,0
0.9005950115038194,0.08958864410590099,1.1716068425005846e-05,1.5149722027640493e-07,1.0974339193306452e-05,6.851434135268771e-06,0.009786651051305835,0
0.9038966620023927,0.08873460194308891,1.2039588671656703e-05,1.6321958351056573e-07,1.085276313207048e-05,6.688783270981639e-06,0.0073389916998601945,0
0.9015745816719526,0.09296228545310184,1.1617746606359858e-05,1.738453224083349e-07,1.1172035438307502e-05,7.124228963542263e-06,0.005433045018615122,0
0.947183984710293,0.027772897435597195,1.1529100712975326e-05,1.3352384116059867e-07,1.060051016217693e-05,5.734804412386116e-06,0.025015119914981298,0
0.768562037701538,0.214370314154892,1.4552427359312508e-05,1.685383836606747e-07,1.1404988233482669e-05,7.1746815242251985e-06,0.01703434750806932,1
0.6880945716341342,0.2663105408816363,1.7208092276289205e-05,1.8865769042208163e-07,1.5248676824596133e-05,9.916595392619846e-06,0.04555232546204554,0
0.6847556725593921,0.2790277566673301,1.4053417963051794e-05,1.8804972541517918e-07,2.1578495361145748e-05,9.738566891235825e-06,0.036171012243336895,0
0.7039241424164774,0.2685843795155638,1.4513683210217377e-05,1.9420856546214827e-07,2.195444732784099e-05,1.0281002468725977e-05,0.027444534726386593,0
0.7471130302196447,0.2393259741937195,1.3248803390062227e-05,1.77283124015182e-07,1.9956464728260567e-05,9.385004370565613e-06,0.01351822803102269,0
0.41228311776817494,0.5815332476058692,1.0631147005969294e-05,1.4636328305747668e-07,8.492559578992515e-06,8.010341655886755e-06,0.0061563542144318275,1
0.4010474620963102,0.5916429256093502,1.2222073431976561e-05,1.6826620798952553e-07,1.0782005408337037e-05,9.332438537499347e-06,0.007277107510753855,1
0.1804080446169732,0.8195081677278301,1.590458042123843e-05,1.2824674711225381e-07,3.374768264413157e-05,7.950666732594253e-06,2.605647865141467e-05,0
0.2564489233775594,0.7434959584150758,8.946792023111155e-06,1.3714653335975758e-07,2.0115170974230985e-05,7.855313138485951e-06,1.8063784695841362e-05,0
0.31789956167629896,0.6590908840720563,4.281611121020074e-05,2.8265482062533856e-07,0.022911072187483304,4.9829287439687185e-05,5.554010690972961e-06,1
0.2055797332476184,0.7943624631463679,2.6187919404831336e-05,1.8225848090371098e-07,1.2230831762823552e-05,1.558831704349915e-05,3.614279321445857e-06,1
0.3167467083849302,0.6832014794072471,1.695982251678943e-05,1.8719114624936433e-07,1.1661095769828151e-05,1.594862555661548e-05,7.05547283332822e-06,1
0.27877445109903476,0.7209560266456951,1.898839617940767e-05,2.0958118180432745e-07,0.00022463677434311603,1.7849931282547482e-05,7.837572283149568e-06,1
0.30527144623259794,0.6929694141490548,3.082509233653664e-05,2.1015810403618324e-07,0.001708815203146484,1.4483486673765512e-05,4.805678086578044e-06,1
0.31024004496163615,0.6883059956482844,2.257579135786259e-05,1.577890036623735e-07,0.0014151350956309579,1.2067580595962207e-05,4.023133491214019e-06,1
0.39854116888726093,0.5996942162669809,2.8174633632380375e-05,2.6005726487499217e-07,0.001716222809467977,1.5868698706906383e-05,4.088646686129362e-06,0
0.4310210160655775,0.5669233386084344,2.8203436199793768e-05,2.674620092361485e-07,0.0020072415081451235,1.5849277035165543e-05,4.083642598820821e-06,0
0.5204458888090565,0.475917757097084,2.334749138283058e-05,1.9236352751573294e-07,0.0035957878041098655,1.2569499256290187e-05,4.45693558305147e-06,0
0.36660998260552674,0.6303946650071252,4.198746642352222e-05,2.416738231754674e-07,0.0029084687964883284,1.6271175010578292e-05,2.8383275602467743e-05,0
0.359614986218982,0.63648522291042,2.535158911509383e-05,2.0511884303522438e-07,0.0038220604311450857,1.381003763312116e-05,3.836369386164502e-05,0
0.27103688797653436,0.7222723658802964,2.903734944963775e-05,2.3072671867832707e-07,0.006598152138454804,1.7807728789102537e-05,4.5518199757063355e-05,0
0.19303231863481599,0.7739394893843096,2.8640084976074005e-05,2.14613692075959e-07,0.03297189362673188,1.5838289495158148e-05,1.1605365979361044e-05,4
0.2116987300171878,0.7100625082983619,0.0005025455062095867,2.2376404756484326e-07,0.07718463881153467,0.0005416931782358578,9.660424422473067e-06,0
0.5308544255459215,0.3479519839678469,0.00027466108048802916,2.487501691001385e-07,0.1204037710348209,0.0005086565316130065,6.253089140552015e-06,1
0.09939391638380785,0.8976553398111118,9.090320410089002e-05,1.6728556648457023e-07,0.0024756035432434583,0.0003691439074023714,1.4925864767040672e-05,1
0.27198082345787766,0.7263166981885949,8.77740027043769e-05,2.1422443098209934e-07,0.0012902944926855495,0.0003025489856249684,2.1646648081488068e-05,1
0.3209770584471497,0.6780145882267224,2.1056501555801384e-05,2.1773920427855257e-07,0.0009501325994048381,1.5491328657309576e-05,2.145515730576943e-05,1
0.21435930613121656,0.7820976522157632,2.041917050487807e-05,1.8267764462487804e-07,0.0034885065818098717,1.5022442373080595e-05,1.891078068787313e-05,1
0.20494288612687891,0.7899724340628822,1.6629178514628782e-05,2.389555946370352e-07,0.005039437819158712,1.4309824790255921e-05,1.4064032180630828e-05,1
0.22288575594284799,0.7720047867467187,1.6592131263846597e-05,2.033845280334629e-07,0.00506914224265062,1.4537709265252434e-05,8.981842725671941e-06,1
0.4189965596546786,0.5717632187240649,2.258421580569855e-05,2.826238790177386e-07,0.009189657262221181,1.897023765449529e-05,8.727281696108674e-06,1
0.37661749567490005,0.6170182298692167,1.9569755156918902e-05,2.4490025075301656e-07,0.006320402824072457,1.6887506565057062e-05,7.16946983793914e-06,1
0.06959942011327327,0.9283007717011248,1.9596048540919046e-05,1.517920367230983e-07,0.00206274463156251,1.2424361732456404e-05,4.891351729333129e-06,1
0.07920425230980739,0.9183408116063172,2.1163656600408112e-05,1.4948043727762753e-07,0.002416057254938957,1.248483932181638e-05,5.080852577285707e-06,1
0.10700884985415896,0.8928640259709233,8.682807458768161e-05,1.6157110459056446e-07,1.4865031914419796e-05,1.349467071811607e-05,1.177482659288045e-05,1
0.18327662460507643,0.81502871310405,2.8801203679725186e-05,2.495476613100231e-07,0.0016256127111307017,2.275738534762646e-05,1.7241443054298083e-05,1
0.0001621065273697257,0.012858175732920361,0.8162274112231789,0.001123587968756766,5.018263884640392e-05,0.16957650910731864,2.0268016092926e-06,2
0.00028927651198253155,0.02288961106170621,0.6753445676776766,0.00015662952534238188,0.00011268207934129871,0.30120363682626017,3.596317691125651e-06,2
0.0003052090178518503,0.026239349092895915,0.8211950782364434,0.00014077967001955555,0.00012682891624423394,0.15198950999575686,3.245070788022351e-06,2
0.00023886793784888238,0.018668653198475296,0.8104445974151682,0.000602052558036724,7.422793949762873e-05,0.16996937859187214,2.2223591010208254e-06,2
0.00010183315129162774,0.005903835526724156,0.9355327129176731,0.0002802172086455168,1.3128946320261822e-05,0.05816420034013774,4.071909207576195e-06,2
0.00018925570813021743,0.0022810892490742795,0.1328060809792758,0.00030925817128901143,2.8783438453136525e-05,0.8643800394545588,5.492999218748009e-06,5
0.00014507103539476273,0.01744819509153855,0.09996504266554468,0.00011901242464613518,1.8307894166725515e-05,0.8823020254288363,2.3454598728902998e-06,5
6.661344662207916e-05,0.015083381369712259,0.05517446828798522,3.08897847299799e-05,1.8116484431290604e-05,0.9296227655365236,3.7650899956247876e-06,5
0.00010142860273051463,0.011148155503758746,0.9342197296029258,2.7718475360191486e-17,5.154874256204794e-05,0.05447797395197047,1.1635960524340792e-06,2
1.3509307537507466e-11,1.409930047570068e-09,5.6017312371651486e-08,0.9999999159029915,2.975870729779141e-12,2.6652586386279136e-08,6.946228949924337e-13,3
6.724259630626185e-05,0.006485682491401221,0.9610660190723315,0.00029748798097580046,1.308257560164401e-05,0.032068284884732574,2.20039865102069e-06,2
0.0001478224683859266,0.014505175181632066,0.9528749057866739,0.012992593742195914,3.499380146293506e-05,0.019437102140827604,7.406878821706341e-06,2
0.0006243977189667508,0.2926611107352967,0.24438612254441797,0.0001613503574797235,0.0007496556703796571,0.46141393826317695,3.4247102822333896e-06,2
0.0008508558380964448,0.3866629157273329,0.29165783609929163,0.0001310838136885487,0.000947260810207228,0.3197457202661776,4.3274452056508566e-06,2
0.0005044955959114573,0.22103048578565476,0.4005622278214731,9.044858167643117e-05,0.000503671703303844,0.37730610465187797,2.5658601023215216e-06,2
0.0006426016797197329,0.20324743964897474,0.1421760079594663,0.0006508277191041832,0.00017379808451414242,0.653103019420945,6.305487276130177e-06,5
0.0006636677840017584,0.22893575427752452,0.09222064477906948,0.0001864430131496169,0.00011898724221343926,0.6778668216612752,7.681242765912494e-06,5
0.00044082291408637604,0.11393159452301892,0.05828873063343706,0.000547045717858759,0.00010312245171086859,0.8266854800563124,3.2037035755880635e-06,5
0.00037196815326308937,0.015275227937880305,0.7668514243306432,0.00992951079433667,7.852937577577473e-05,0.20749088558207,2.4538260309402022e-06,2
0.000242199721452763,0.012867358997720983,0.15565379393838394,0.00045186770735588323,4.01657421966869e-05,0.8307404916153496,4.1222775402017e-06,5
0.00022869706684230403,0.015229252950645327,0.30716099012463577,0.01138046240879674,6.288435690166865e-05,0.6659332145645342,4.498527643883021e-06,5
0.00041320395496522843,0.02241994418355497,0.3744017619477343,0.0006883327944624351,6.844211020341968e-05,0.6020001379505079,8.177058571614845e-06,5
0.00022765653710786954,0.01401798974542109,0.36776180896246413,0.00045215598577084303,3.174136897858929e-05,0.6174943618024282,1.4285597829259356e-05,5
0.00031285124895428287,0.018399426947755308,0.4224054690033997,0.0006286501464266287,4.3603949146417016e-05,0.5581911797085808,1.8818995736845474e-05,5
0.0002939740766186126,0.021600017924820667,0.4308712239662495,0.0006626721785374193,4.097292476884458e-05,0.5465134554551078,1.7683473897325563e-05,5
0.0001607892849956753,0.011344816783784416,0.13760860673482336,0.00014725841147728477,3.356466008318929e-05,0.8506980404869358,6.923637900400664e-06,5
0.0002392076527583077,0.014471751279117649,0.5163385635064346,0.0005067819294505059,4.9059701180405146e-05,0.46839278998318207,1.845947876233007e-06,5
0.00020108837626434453,0.05510266462769832,0.1806130973212138,4.235747914032645e-05,5.72381341666179e-05,0.7639810148776143,2.5391839021868445e-06,5
0.00012110441683745671,0.02521805583437957,0.9277484708399495,0.0001404738570641044,2.2232360830512554e-05,0.04674725705815094,2.4056327878796284e-06,2
0.07233975150166311,0.00037387723443328404,7.460912980939492e-07,1.56964260325695e-08,6.205926131146943e-07,5.292072924577968e-07,0.9272844596762739,6
0.01165992512069802,4.146833376396179e-05,1.58084728534003e-07,2.9536610389730515e-09,1.1330707403799638e-07,1.0188755016947619e-07,0.9882982303125242,6
0.08892281614403222,0.0008499437728373187,8.250748886788379e-07,1.8671457038903656e-08,7.395361468546629e-07,5.618310102576473e-07,0.9102250949696276,6
0.8565982879814683,0.008245673090234941,9.142417010053865e-06,1.8672904660224602e-07,7.382742207356705e-06,6.4412824805380044e-06,0.13513288575755195,0
0.8076606446852852,0.00487742274229189,7.83554982226062e-06,1.3735695945463418e-07,5.03560407729589e-06,4.738175407705756e-06,0.18744418588615608,0
0.9458734560996113,0.054093166938251856,8.111169513885194e-06,8.115906533192968e-08,5.6726352198226855e-06,4.497969509406534e-06,1.5014028828441157e-05,0
0.907989561598071,0.091931559612923,5.65251616161593e-06,8.688560778555194e-08,6.55350142192697e-05,4.6805799260400544e-06,2.923793091390797e-06,0
0.8410760757642999,0.1588943045162366,8.248125205955495e-06,1.0067277281150267e-07,1.1731751218888482e-05,6.614696539123461e-06,2.924473726599163e-06,0
0.9672060752000906,0.03277529146082071,5.657969403800553e-06,6.552755733275456e-08,3.0499664674275048e-06,3.41754074236032e-06,6.44233491773105e-06,0
0.9191788557155363,0.08079405656913849,1.3300602417117319e-05,9.538857959940876e-08,4.646267114874234e-06,4.9285752480629715e-06,4.11688196555466e-06,0
0.8569391066647577,0.14302020494108506,1.606566064692908e-05,1.9118139146217838e-07,7.177058571583119e-06,7.419128903271589e-06,9.835364644107682e-06,0
0.8845481788909334,0.09890746219776535,1.3023831977465056e-05,1.6467917002409202e-07,9.26245340373823e-06,7.447585406598515e-06,0.016514460361343245,0
0.9047129448833219,0.09038050686007441,1.143848031701722e-05,1.7835970733088647e-07,1.0630203447016808e-05,7.309229695067718e-06,0.004876991983437149,0
0.9789579957664639,0.013544717658212769,9.723723108264501e-06,1.1516455875609898e-07,7.026982695599803e-06,5.324028919285805e-06,0.00747509667604116,0
0.7176053356375963,0.2280176699961901,1.6708103998477964e-05,1.9674877674799515e-07,1.590643808570231e-05,1.0341894934882514e-05,0.054333841180417626,0
0.7617248723044493,0.2134811453311414,1.5237118668528927e-05,2.0388890370077193e-07,1.8725321539562392e-05,1.0793459687554411e-05,0.024749022575609854,0
0.6090364865447513,0.3776633732277683,1.4950207282960511e-05,2.0004972326676791e-07,1.2425835179722271e-05,1.0518550218141392e-05,0.013262045585076423,0
0.540620051848143,0.45918067826043674,9.451827408828074e-06,1.844134446610945e-07,1.600986624507724e-05,9.595895364055742e-06,0.0001640278889575696,1
0.28875855787907756,0.7111763349466608,8.752276480052577e-06,1.3416477941419107e-07,3.086515194332529e-05,7.684527845044376e-06,1.76710532139059e-05,0
0.1169119589856173,0.8579899911677422,1.7795561113602588e-05,1.854379147061178e-07,0.025059873042975016,8.899714723670722e-06,1.1296089913481386e-05,1
0.4052983297085134,0.5791770547277716,4.1713440283209446e-05,2.5143578457851857e-07,0.015417994612260625,5.735781845723811e-05,7.298256929451319e-06,1
0.16464694468524793,0.8352832314187242,3.0097475536792307e-05,2.1936357151462766e-07,1.7860261876575074e-05,1.7296702710010286e-05,4.35009233300202e-06,1
0.23392088804973266,0.7660172945581,2.328083344076036e-05,2.1354137546365268e-07,1.3039273213939772e-05,1.8693139568696588e-05,6.590604568432069e-06,1
0.4723861307508182,0.5244727734258827,3.065573090856745e-05,2.545979450484028e-07,0.0030863299113813103,1.8540943903058673e-05,5.314639161057512e-06,1
0.4938650519046735,0.5034097697202061,2.2323394150570766e-05,2.19871309336423e-07,0.002682444063273552,1.5405621725952062e-05,4.785424660918472e-06,1
0.3049781653551379,0.6923036634529358,3.0795478003981746e-05,2.0995620060264003e-07,0.0026681493838152004,1.421531273890488e-05,4.801061167755744e-06,1
0.30633435859693126,0.6922139231184021,2.2652622794392242e-05,2.0445845174189468e-07,0.001412683332360166,1.213294586143016e-05,4.044925198886906e-06,1
0.28079766747911256,0.7176962741276872,2.2002768214544495e-05,1.5141257637773133e-07,0.0014684637417862324,1.1579916383718618e-05,3.860554239379551e-06,1
0.2856337851804584,0.7129704880024483,2.4524555973306853e-05,1.7687932985715757e-07,0.001354249262417841,1.2875495309500727e-05,3.900624062656644e-06,1
0.26258989466820626,0.7361871137166865,2.7282998434390988e-05,1.850152834906892e-07,0.0011755100902359735,1.0347208294195574e-05,9.666302859053954e-06,0
0.2998829902308987,0.6954617426055594,2.225403046731818e-05,2.0659949461037147e-07,0.004584506229301123,1.341546033104047e-05,3.48848439478969e-05,0
0.3501088904020578,0.6447993060235637,2.4637049660902308e-05,2.2872270333718268e-07,0.005031978733435724,1.4885880493664005e-05,2.0073188085032997e-05,0
0.19500840455738822,0.7883743185647424,2.9357169052556703e-05,2.3864348323702794e-07,0.016553445524752602,1.704535407516255e-05,1.719018650589745e-05,1
0.155694554394436,0.8061071842626589,0.00028986452913073996,2.697295987489584e-07,0.037750616433668595,0.00014502674815145748,1.2483902355570883e-05,4
0.5595582697962174,0.3204956015298727,0.00026481913430165873,2.0900954948687718e-07,0.11924642507656795,0.0004286024312391361,6.073022251737104e-06,1
0.17041849603959264,0.8159122338322315,7.875999394445759e-05,1.5331073384042381e-07,0.013128426677862088,0.00045664910823161247,5.281037403736038e-06,1
0.42769689013086815,0.5717916667843489,1.7730838096255696e-05,2.1359645866765196e-07,0.00045386671940530435,1.8048737201774727e-05,2.1583193620979333e-05,1
0.4167025434484084,0.582467559321874,1.8358894493549457e-05,9.208429163567418e-08,0.0007733921114777114,1.5706432461328282e-05,2.234770699333642e-05,1
0.4801312895091119,0.51887052900518,1.8720670846650363e-05,7.859944451626267e-08,0.0009484751427785019,1.3569321301867858e-05,1.7337751336485015e-05,1
0.2780137150909019,0.7199692377042558,1.877216176402208e-05,1.764435036772464e-07,0.001964536774144501,1.4295359581903227e-05,1.9266465848151126e-05,1
0.2724399687467803,0.7222495775123405,1.5781667884013255e-05,1.9085898813937296e-07,0.00527216338585839,1.388913678818969e-05,8.428691360272428e-06,1
0.2622856005283155,0.7332666238010055,1.5582826618550526e-05,1.910125822200393e-07,0.004411886976658882,1.362232115839047e-05,6.492533660870811e-06,1
0.26094258470036713,0.73290191372255,1.6011074610258292e-05,1.8288427640903407e-07,0.006120198337885112,1.292207595641497e-05,6.187204354728112e-06,1
0.2603972874023627,0.7360829316590121,1.847466066217766e-05,1.935260139558767e-07,0.0034825449917508236,1.2591775277385174e-05,5.9759849209768615e-06,1
0.35923212772990176,0.6367553523418819,1.9398173789573982e-05,2.427530435166265e-07,0.003968643468519658,1.6739442297300785e-05,7.496090566446288e-06,1
0.06954212723073977,0.9284030757570242,1.4055126447600998e-05,1.4274110135161348e-07,0.0020252338033660776,1.0513559336051755e-05,4.851781984956047e-06,1
0.07012113980424498,0.927279672297579,1.7482304973868726e-05,1.3541886636260747e-07,0.002565883077789015,1.1084197942197991e-05,4.6028986046760865e-06,1
0.0662801113816353,0.9335109076805506,1.986246542110656e-05,1.380232652384325e-07,0.0001736896523560962,1.0599374431307211e-05,4.691422340500721e-06,1
0.07343052298534522,0.9265029252320778,2.7236612697435608e-05,1.5071541593711538e-07,2.1453638192381828e-05,1.2587986666113627e-05,5.122829605311774e-06,1
0.11471036749027727,0.8851721028132411,7.871003415588436e-05,1.6880313999616422e-07,1.4104629456658213e-05,1.409870159769468e-05,1.0447528131497533e-05,1
0.14357889907605492,0.8563367994333528,4.34549398483744e-05,1.8440820436920138e-07,1.609998306437283e-05,1.6659295533847022e-05,7.902863941265506e-06,1
0.22235819318183678,0.7775596161024543,2.9803563504876237e-05,1.9822375116016253e-07,2.058611306464368e-05,1.7907381418852e-05,1.3695433969190336e-05,1
0.26533834352787944,0.7345611220653397,3.11487249223118e-05,2.426132836168334e-07,3.396442861833944e-05,1.841629847948651e-05,1.676234147712244e-05,1
0.00017310121210919964,0.013382364329988393,0.7992713062365504,0.00030850853707278797,6.545182970395748e-05,0.18679716527478635,2.1025797886772244e-06,2
0.00015826433019916096,0.012162751813259109,0.8663941309585179,0.0005909616174744228,5.0787512928078944e-05,0.12064119280812975,1.9109594916609213e-06,2
0.00013837797789924947,0.012918072794449724,0.3861926650762586,0.4448863107957903,5.1295068289640824e-05,0.15581182657120962,1.4517161028688093e-06,2
7.885960508442423e-05,0.005046899667169169,0.9658623217529889,0.00022317074065019395,9.645646021751915e-06,0.028776379615703743,2.722972381664195e-06,2
0.00011221157592147823,0.007087736796649608,0.9535689748751008,0.0003027446256859714,1.5423032516507713e-05,0.03890903449924482,3.874594880485269e-06,2
0.00012328953933633637,0.006006052993885789,0.9389358791758028,0.0014877972966898143,1.4247178000101217e-05,0.05343161270589436,1.1211103910603662e-06,2
0.00021619085219366,0.006977665774568075,0.374700767229989,0.3120175490641499,4.177781233625683e-05,0.3060446538502741,1.3954164890220517e-06,3
0.00023167322392312579,0.0026850046910336842,0.10041046959575126,6.665733255273422e-05,6.207967846372647e-05,0.8965390676621363,5.0478161392114884e-06,5
8.041234332470452e-05,0.0041257177253339996,0.02849715587375602,0.0001137189495422613,1.0425010448569143e-05,0.9671714592440401,1.1108535541023647e-06,5
0.00039592750744880446,0.022157473124711467,0.26567702318520425,0.0010677184863484542,5.170191811788334e-05,0.7106419296829264,8.226095242647474e-06,5
6.888297099405896e-05,0.013583205558358511,0.03246404195408982,9.471481367926188e-05,1.3570325696754799e-05,0.9537746341412469,9.50235934816094e-07,5
7.785434364798858e-05,0.007334901071276274,0.983423091218472,0.00017893312004344636,0.00021653701669964442,0.008766135579975735,2.5476498848867665e-06,2
0.0002462026942815558,0.05187200557293408,0.9429383435344724,7.442541954311827e-05,1.3401649728602149e-05,0.0048477061876313786,7.91494140922421e-06,2
8.00299653711249e-05,0.03751263374669588,0.9567013535974894,3.1665080832134676e-05,1.0361782079434515e-05,0.005660839912238394,3.1159152934268517e-06,2
6.15618533326605e-05,0.010467925095010605,0.9221104149904755,1.164713699118374e-05,1.7917356897238208e-05,0.06732998258636932,5.509809234356644e-07,2
9.483499972384034e-05,0.027759119085953674,0.8568385379850062,1.2774866760475329e-05,2.760138696961644e-05,0.11526628289874008,8.487768462640005e-07,2
0.00017598773403550133,0.04314188519086755,0.3106786277334948,0.3555604389986083,4.439921803467895e-05,0.29039704882223605,1.6123027230112834e-06,2
0.0005444561245410282,0.19108837448427327,0.14370166856566768,0.00019883129062786504,9.623468333297388e-05,0.6643627994884145,7.63536314269542e-06,5
0.0006282798286932333,0.15247653248706158,0.5400679978717471,8.001218662040207e-05,0.0004247137652948336,0.30631926843497626,3.1954256064909194e-06,2
0.0003137750885091646,0.08990178133030143,0.5049285164970861,0.000416989112008596,6.740785509183467e-05,0.40436894707165943,2.5830453435103623e-06,2
0.00010521569109226248,0.01578559881785853,0.941756239312532,0.00010188705095966832,1.5936277428085348e-05,0.04223227362299253,2.8492271368082574e-06,2
0.0003956161674144784,0.01825846982933872,0.5755875422350175,0.001453802459474074,7.058391882794011e-05,0.4042215802002141,1.2405189713259968e-05,2
0.00045822391608951084,0.02955565723105559,0.6115867236576266,0.0068369337698049055,7.690149689608271e-05,0.3514765378285571,9.022099970184004e-06,5
0.00017424806232737642,0.011603418679493794,0.5539919112708993,0.003193844238334499,4.493169590161201e-05,0.4309874602830783,4.185769965118366e-06,5
0.0004867011326012129,0.019618874340042013,0.36826233336392766,0.003948344590709244,0.0001202036774898229,0.6075604194285247,3.123466705352352e-06,5
0.00013024726022565678,0.007412297338049205,0.12582474012188477,0.0001241587114572429,2.094925243365919e-05,0.8664832258673801,4.3814485693021515e-06,5
0.0003347612484495215,0.024596893203021955,0.4853699232815239,0.0009017124985091052,5.410568323949578e-05,0.4887224671334989,2.0136951757393256e-05,5
0.000164795960614969,0.010528561866368798,0.11481150109629698,0.00011558209961194289,3.664259592511883e-05,0.8743362968713644,6.619509817789251e-06,5
0.0003254905532768282,0.020637611582698858,0.579613153400845,0.000313784003541056,7.322139667531832e-05,0.39903398662497314,2.752437989807882e-06,5
0.00021760260835272972,0.013127503252330436,0.5023158474026514,0.0006284067595867718,4.454520312639875e-05,0.4836644202919712,1.6744819808953165e-06,5
0.00025022664650801275,0.012335603004650352,0.5254217342730739,0.05367167826610162,5.340225672144188e-05,0.40825999526020734,7.360292737052765e-06,5
0.00042839612662192155,0.02552597999186053,0.21916622886150208,0.08195377699668033,0.0001057113166533859,0.6728167634947743,3.1432119075480213e-06,5
0.00019003697463462445,0.017626775498894322,0.05820538173199461,6.160624944742564e-05,2.4458037637089627e-05,0.9238863207832323,5.420724159674841e-06,5
0.0003912646296299091,0.07019436636600765,0.26457300384172566,0.00011954498932395154,9.257653395390296e-05,0.6646258537557506,3.3898836084369404e-06,2
0.00028416577042771437,0.072533926285536,0.5492823591686133,0.000925352780179384,8.92842869085876e-05,0.37688132348924824,3.5882190866867877e-06,2
0.0001417537804724351,0.028581083932465376,0.8583732754672895,0.0003279640796877852,4.415562650963764e-05,0.11253045309472101,1.3140188542319422e-06,2
0.00014453156593437322,0.03476165694075971,0.9205088428438817,8.415763860640862e-07,2.861161475667548e-05,0.04455255749699942,2.957961281969922e-06,2
0.00011068641215666762,0.023048673159628847,0.934004580580714,8.725058802330144e-05,2.0319822499989547e-05,0.04272582534191945,2.6640950577959075e-06,2
0.000115573984710966,0.02747733577879604,0.9267282812801023,0.00012278440646232367,2.1654178179348774e-05,0.04553153133173945,2.8390400097375226e-06,2
0.00012684102192188,0.017601390328447424,0.953487897266158,0.00023767696521581256,2.0084253151571228e-05,0.028522142582641612,3.9675824635624396e-06,2
0.00016966012414297492,0.028010555684014796,0.9302710319732606,8.572671734372026e-05,3.223417492647273e-05,0.04142638323987379,4.4080864377731505e-06,2
0.014596522657601287,0.0001278352329067516,1.733848024679098e-07,4.876429891505686e-223,1.512188619940778e-07,1.3597844193581427e-07,0.9852751815273856,6
0.06864099033084395,0.00018398827131178668,8.457436913078758e-07,1.3562502857549285e-08,5.895332498472352e-07,4.5726176145461417e-07,0.9311731152966388,6
0.10396423644640594,0.0005038128624813838,5.36016240870155e-07,1.8491540310882466e-08,8.648889038381171e-07,6.234449779198797e-07,0.8955299078494499,6
0.8020530764839814,0.007720617193023375,8.560259566584402e-06,1.6856521275321878e-07,6.912634759347882e-06,6.031123926469538e-06,0.19020463373952995,0
0.8340844850596486,0.005449576029019614,6.2501243700730166e-06,1.269261237252155e-07,4.653202201648575e-06,4.378360153122508e-06,0.16045053029848313,0
0.7752346867282296,0.0035965397216740874,6.610811616053873e-06,1.1588733448274588e-07,4.833947120075138e-06,3.997573333676413e-06,0.2211532153306919,0
0.8805347719766503,0.00688418409695006,9.4809043989558e-06,1.1464766245004187e-07,4.2457081908534705e-06,4.035516884808222e-06,0.11256316714926257,0
0.9241586331845638,0.07574118532963386,1.3968237547396347e-05,1.2889964378139385e-07,7.406609340806084e-06,6.136303760204139e-06,7.2541435510171e-05,0
0.9374560755082273,0.06250385301405137,4.373432968974157e-06,9.92404268528892e-08,5.412594034154422e-06,4.629885572838435e-06,2.5556324718828826e-05,0
0.7832017499165881,0.2167614378662257,9.729734317062898e-06,1.4559353518446388e-07,9.931017336153645e-06,6.021116446543775e-06,1.0984755551367563e-05,0
0.9151857225865807,0.08476663121578427,4.773815258349947e-06,8.011394894340334e-08,3.6921891602751605e-05,3.542619066057924e-06,2.327757758639334e-06,0
0.8511866611226785,0.14878242888943755,7.710755050598515e-06,1.2112109342686364e-07,1.2271009972374321e-05,6.885098680688263e-06,3.922003086987501e-06,0
0.8337508316360434,0.1662179479194459,8.628291933374402e-06,1.0923239351357317e-07,1.233245816071456e-05,6.593269348434715e-06,3.5571926745537485e-06,0
0.9057089453721779,0.09426288360001792,9.387226904434644e-06,1.188403534725315e-07,8.48334422093738e-06,7.173205994156172e-06,3.0084103312130772e-06,0
0.9729194569833153,0.027063699455716277,5.080167745178601e-06,5.9406894956032876e-08,2.765081515701782e-06,3.0983221739577638e-06,5.8405826389308345e-06,0
0.8655394994098861,0.1343980248025028,1.646121028994929e-05,1.6803531184785631e-07,7.2490888033584465e-06,7.4935885957965455e-06,3.110386461029789e-05,0
0.9166522256898132,0.08326358183156188,1.4450326602076227e-05,1.1105160663414942e-07,8.884648927394695e-07,5.203202753175011e-06,6.35394327701484e-05,0
0.9624664034336381,0.03648216112440762,9.697445392256609e-06,9.121390899846582e-08,4.3339992519899065e-06,4.2093146368903915e-06,0.0010331034687640274,0
0.9395179164206293,0.059278551086737,1.0306521451132375e-05,9.397442369381819e-08,5.596871117215432e-06,4.3367061174231975e-06,0.0011831984195243563,0
0.9229645912225697,0.07498607959710565,1.2613945689147457e-05,1.1501341963563452e-07,5.827625065962691e-06,5.307607973683453e-06,0.002025464988176441,0
0.9245002690417862,0.0714418731597074,1.1307862340623261e-05,1.209552213720276e-07,6.128690740261247e-06,5.470177809436481e-06,0.004034830112394725,0
0.9213460309822992,0.07401263333037965,1.1234240072233405e-05,1.6810661770682088e-07,9.311045081384692e-06,6.889055271887146e-06,0.004613733240277975,0
0.976222365731101,0.012333943948738291,9.720365304809634e-06,1.1484273940602989e-07,8.272137275770281e-06,5.309151290742268e-06,0.011420273823549845,0
0.8048851895206672,0.16746887980006084,1.514679569800512e-05,1.7542203795620562e-07,1.2818425730644993e-05,7.534317980644455e-06,0.027610255717825074,0
0.77076713014116,0.19757277948951016,1.448815888878677e-05,1.7422346194737879e-07,1.3020741016985172e-05,9.157875176825735e-06,0.03162324937078525,0
0.7404862006464022,0.20301112014008804,1.6627590141409012e-05,1.9995061763993188e-07,1.5413709583631033e-05,1.0510196373142703e-05,0.05645992776679399,0
0.7634847652879383,0.21591683535209968,1.536093263923349e-05,2.0554566672132464e-07,1.8789230600315176e-05,1.0881165318167889e-05,0.020553162485737703,0
0.4238607561836556,0.5663021469866671,1.2917317217097054e-05,1.7783790922349453e-07,1.2008367024618248e-05,9.863307536882076e-06,0.009802129999989454,1
0.12680787541086397,0.8731376510119595,1.1558484720574087e-05,1.2058701577952023e-07,2.627481227752479e-05,7.475801112537089e-06,9.04389204998488e-06,0
0.13113695060004824,0.8455802452932427,1.614254314875253e-05,1.7052076742922635e-07,0.02324046392591576,8.77099154599591e-06,1.7256125331120636e-05,1
0.05418970871817206,0.3847997607309407,6.141908352366322e-06,8.687849706768662e-08,0.5609955618730087,4.476217012157019e-06,4.263674017022856e-06,1
0.35893243851495404,0.6185470662596362,4.5523803981847884e-05,2.7403888059670337e-07,0.022403802784850203,6.251406254618442e-05,8.38053515124318e-06,1
0.18085348856997308,0.8190821088317184,2.826461407638878e-05,1.9591651753382665e-07,1.61368808715162e-05,1.5920061637449607e-05,3.885125205374061e-06,1
0.26760887156460206,0.7188962241072374,1.9994612140359817e-05,1.8977466747606695e-07,0.013448121254875907,1.8927405591954977e-05,7.671280884748527e-06,1
0.3672746968398247,0.6268046044345762,3.090154891836532e-05,2.3016765455826583e-07,0.0058664620449134595,1.860106155685103e-05,4.503902555816568e-06,1
0.45070274220741896,0.545226818365516,3.1201597324977914e-05,2.5913140302738714e-07,0.004015649389234937,1.878167447357505e-05,4.547634628567394e-06,1
0.49829179760398323,0.4983830003170819,2.999207877495524e-05,2.6972186238086173e-07,0.0032696675986967046,1.9642334186481056e-05,5.630345414336191e-06,1
0.31064465179429873,0.6873106659008492,3.0017464802126286e-05,2.0559744967167677e-07,0.001993971752342365,1.5723933459558814e-05,4.763556798215739e-06,1
0.38447205884153834,0.6137280186620161,3.191372767006549e-05,0.0,0.0017504015547388674,1.3799541555724211e-05,3.8076724807491186e-06,0
0.4452940011655108,0.5521990078334185,2.026060494345757e-05,1.616613421427385e-07,0.0024676971002639755,1.1106289320091098e-05,7.765345201023934e-06,1
0.24683281649804095,0.7514308377362126,2.462578697587893e-05,2.1059928703267043e-07,0.0016885724383455306,1.3189768608175917e-05,9.747172530055365e-06,0
0.06893337824051891,0.5509394773739619,9.320776595702763e-05,1.8227050844731695e-07,0.3799367142456139,8.860407253971087e-05,8.436030900243756e-06,4
0.08288500422849442,0.5685580537799344,0.00013976280406013998,1.8946361118783154e-07,0.3482156864704591,0.0001925343039707838,8.768949470036129e-06,4
0.24057876312490167,0.6888437260518737,0.00047595631117642386,2.0966184419403892e-07,0.06962615223778039,0.00046509879700785836,1.0093815415739824e-05,0
0.4051997309261255,0.5352689585311107,0.000355221872040853,1.900705764207542e-07,0.0588046143314493,0.00036425114544048643,7.033123256928937e-06,0
0.6439835002190688,0.2811514135029154,0.00021928992308935615,1.8305728649294504e-07,0.07430555435774047,0.0003347406148196409,5.3183250798069314e-06,1
0.15122862308840745,0.8426753334373142,9.152887264244433e-05,1.83517114626046e-07,0.005707162687688539,0.000290183160842646,6.985235990086289e-06,1
0.5668972603538386,0.43265263210304217,1.6180710812136287e-05,8.115898774955015e-08,0.00039964875333455213,1.4500647733783526e-05,1.969627225106522e-05,1
0.29391444975118786,0.7046872505392763,2.049210803201739e-05,9.039174770741828e-08,0.001341433325355009,1.525218307038629e-05,2.103170133085915e-05,1
0.27792926261547013,0.7193011653187458,1.5638666772180165e-05,1.9169706470819476e-07,0.0027346311315775283,1.3671135954633617e-05,5.439434414914647e-06,1
0.2182750045309188,0.7785495991029652,1.69638416257074e-05,1.6520038440851077e-07,0.0031412727802130535,1.1507262496423097e-05,5.487281396437708e-06,1
0.08117198081116647,0.9162550897223894,1.3485721918048128e-05,1.400591113116631e-07,0.0025443354762828482,1.0316018045164137e-05,4.65219108692639e-06,1
0.07421918541888455,0.9245039991411401,2.3414132584476445e-05,1.3646673509399532e-07,0.0012381464828280606,1.04798420772073e-05,4.638515750581545e-06,1
0.0637009865480261,0.9362379334856903,2.538397756035374e-05,1.404637492424791e-07,1.9994361138550893e-05,1.0786789239294981e-05,4.774374596110965e-06,1
0.16371669726498603,0.8362151126483203,3.34078708764472e-05,1.5735384340496016e-07,1.7192542599318894e-05,1.2083849063947813e-05,5.348470310700394e-06,1
0.10549287005913911,0.8943909537138843,7.589147242638018e-05,1.6275839518928175e-07,1.49742662523687e-05,1.3286377064944458e-05,1.1861352837475238e-05,1
0.15332176703217087,0.8465911782710134,4.3896248193465706e-05,1.8628096911759111e-07,1.816056620484992e-05,1.6828479662695934e-05,7.983121785818295e-06,1
0.1748145868655248,0.825106090316058,3.734813783257161e-05,1.718732403421973e-07,1.4361156839836855e-05,1.5526896512088105e-05,1.1914753992079186e-05,1
0.1851217574443309,0.8130218272442205,2.9472101907467198e-05,2.553606504326935e-07,0.0017777901697981664,2.1438766395370588e-05,2.7458912697075656e-05,1
0.18478319588832828,0.8129068211313836,2.7235608652468425e-05,2.588014939843345e-07,0.002231183459927295,2.347620385337217e-05,2.7828906361051328e-05,1
0.00021486162225230486,0.01661083983455175,0.7479033975825395,0.0011523920277099072,8.124198633977387e-05,0.23403465712256893,2.6098240376566795e-06,2
0.0001869421553145026,0.017468178740718043,0.9043031033490443,0.00048681784702696036,6.905797436014769e-05,0.07748384178667943,2.0581468568726455e-06,2
0.0001453034714305622,0.011552435778208915,0.9296262325864458,4.487287891552059e-09,2.126101792333598e-05,0.05865143001208337,3.3326466198010487e-06,2
0.000132089631187865,0.00992076564455165,0.9274099538193042,3.465767112821563e-09,1.8256614880303757e-05,0.06251311389716617,5.8169271425379275e-06,2
9.802898419474842e-05,0.006413022822904648,0.9688124896370415,0.0007125399083350324,9.891270186046783e-06,0.023950123846684768,3.903530653417538e-06,2
9.053016717060768e-05,0.006028365187565371,0.9786875629125169,0.00017754540880240066,1.0501619905727106e-05,0.015001043861472456,4.450842566198425e-06,2
0.00014952998424065761,0.004236246985867981,0.05119518748745919,0.000737911187386774,0.0002937823583432131,0.9433834819653061,3.860031395908499e-06,5
0.00034166437384315607,0.015444060642110386,0.16787289099097535,0.0005639421268250924,6.0308960645277836e-05,0.8157107003585768,6.432547023945065e-06,5
0.00015036953369777632,0.006015243304139554,0.08475238272672823,0.00011976040762996707,2.0789876108502227e-05,0.9089368815254889,4.572626207053159e-06,5
0.00027797384696768483,0.002980146572173256,0.15018734003517845,0.0004405186363277498,4.587183297761085e-05,0.8460625108044455,5.638271929760869e-06,5
0.00014400596330557723,0.007234250316361763,0.04904825879112602,0.00014574632324299483,1.7581027738671074e-05,0.9434072280694924,2.9295087323975456e-06,5
0.0006042240701179424,0.07547905441499764,0.49372068030876576,0.00039464735552719555,6.817429467607593e-05,0.42971305060185994,2.0168954055292786e-05,5
0.0001841098623767341,0.03099548699705863,0.07633226879814752,0.00045998128510290915,2.5214165616875004e-05,0.892001594449079,1.3444426182613423e-06,5
0.0001482388228586148,0.027153104256274447,0.9501389092157734,0.00013205214296323109,1.0693062435334523e-05,0.02241031451697524,6.687982719488383e-06,2
0.0002543751808920404,0.036854838939098904,0.9495037374920565,6.352190757243867e-05,1.4605075546569883e-05,0.013297125707405072,1.179569742839543e-05,2
7.227496244813235e-05,0.028589416932727527,0.949807134677275,6.737692321701177e-15,2.05348582401381e-05,0.021509967665709725,6.709035928945432e-07,2
0.0001895389456193593,0.038383825327195815,0.8667841036693388,3.499230542000076e-05,5.5164631191936204e-05,0.09455041653147599,1.9585897582383564e-06,2
9.282200623285027e-05,0.03839294366308666,0.9008792207866995,1.9781300735637777e-05,0.00010160003144973107,0.060513115124029,5.170877666640293e-07,2
0.0007090213671512479,0.19637317008339414,0.19013765538805064,0.0018305137842843707,0.00019906241272221197,0.6107438391072024,6.73785719481373e-06,5
0.00036488702194553327,0.1300371217299289,0.09674434082889698,0.00037172496474336276,6.449516393785042e-05,0.7724132071146373,4.223175910083135e-06,5
0.0004549117417575883,0.11682842066947198,0.6955736391388105,0.00020963620746878604,0.00032953753472913773,0.18660137536105165,2.479346710230556e-06,2
8.293897041885976e-05,0.012000167074321413,0.95028928628161,8.746661513935503e-06,1.2070109296144378e-05,0.037604376496098414,2.4144067413933417e-06,2
0.0002469217511241309,0.011906710465576105,0.8698974854370584,3.7789325576427305e-06,3.9059171605694844e-05,0.1178996032420726,6.441000005359835e-06,2
0.0002032300260173441,0.009799870066868055,0.9148762785507617,8.631086566054379e-07,3.488157962096257e-05,0.07507957537488144,5.301293193927401e-06,2
0.0006056639974962217,0.029092898182152556,0.6086688144445064,0.0040917230505147575,0.0001068536230926598,0.3574193212825103,1.4725419727064882e-05,2
0.00020402885466808953,0.014418631107293163,0.6931353394665313,0.0024299282801342223,5.5533559046623534e-05,0.28974607531272467,1.0463419601860005e-05,5
0.0004711308012953732,0.025349460312601785,0.5106354344745043,0.0034746263891556246,6.750387630866206e-05,0.45999610559885856,5.738547275526945e-06,5
0.0002372981474087536,0.012837846100322022,0.17016665072758816,0.0003582074407736927,4.6490563066153745e-05,0.8163475641035691,5.9429172720516405e-06,5
0.0004114604922617881,0.022324576849156726,0.42508968598825836,0.0008470320897771217,0.00011573074933054946,0.5512041868352485,7.326995966894758e-06,5
0.0001215151308471916,0.00851586059007524,0.0899869188794532,0.00013850065983723382,1.808329601936851e-05,0.9012141985761153,4.922867652474035e-06,5
0.00015436261995883924,0.010102206796960847,0.12094022263713473,9.70468431473895e-05,2.5286965122563876e-05,0.8686746863902279,6.18774744772438e-06,5
0.00016415485152630003,0.010599211945746034,0.10943697009155236,0.00011961079239825826,2.9829856450472782e-05,0.8796435585334419,6.663928884704655e-06,5
0.00032537696340617374,0.020228218623217158,0.5296879206511426,0.00022503030838309047,7.995565627659226e-05,0.44945065680316215,2.840994412263132e-06,5
0.00019045480985868354,0.01250418216435129,0.47808876589404703,0.00028395468050618124,4.436432378269784e-05,0.5088866104448406,1.6676826135002704e-06,5
0.00021722859971206536,0.013104940105298843,0.524601628916426,0.0004882151965216973,4.446864020743595e-05,0.46154184693790085,1.6716039329976747e-06,5
0.00026670906045104376,0.01324154438257118,0.5801046642137335,0.08948094337279151,4.577686432496566e-05,0.316852461264725,7.900841402699066e-06,5
6.213341391032891e-09,3.951212136742013e-07,2.692598021744462e-06,0.9999833626554956,1.5934469515663868e-09,1.3541769984272347e-05,4.8496381610035516e-11,5
0.00030094012712485386,0.057492411445280486,0.7597719784550899,0.0001854412399788877,7.21109750907989e-05,0.18217452029338008,2.5974640550036777e-06,2
0.0003096730727386575,0.08251357941869936,0.5360228521896541,0.000306755168693136,7.420355486619401e-05,0.3807702637557944,2.6728395542528895e-06,2
0.00028714739840314166,0.07393956344045227,0.5987255231097438,0.0005514008049712634,8.161725100171589e-05,0.3264110145432997,3.733452128297296e-06,2
8.866838159312767e-05,0.022029725248985565,0.9342667194558304,0.00015241928906253093,1.710472224988123e-05,0.043444177884814916,1.1850174634758523e-06,2
0.00010177701618488295,0.021761296145866284,0.9463678420969462,1.950434043749892e-06,1.951170558985363e-05,0.03174553964826937,2.0829530997125423e-06,2
0.0001454230962616862,0.02724101875775626,0.9218071218925551,0.00028255452325534576,2.4015814795189137e-05,0.05049726730554182,2.598609834528299e-06,2
0.021527466187153284,6.259448589181278e-05,2.0432898949885607e-07,5.737877331113884e-09,1.814554966875961e-07,1.5561729571759418e-07,0.9784093921872957,6
0.009618970375851047,8.211457080384251e-05,1.0583687166511038e-07,2.346944436009052e-09,9.810575719052308e-08,8.396269688631027e-08,0.990298624801075,6
0.016787789084268912,0.00015669209714759322,2.2045177931303816e-07,4.502611347483243e-09,1.791477828214061e-07,1.5531912210205964e-07,0.9830549593972878,6
0.2867670012408153,0.002807297779554926,2.7643009924849426e-06,6.12920878786642e-08,2.513506851282212e-06,2.1929802221379538e-06,0.7104181688994761,6
0.7976465045831309,0.005100959869364042,6.818579868993177e-06,1.3847019048550247e-07,5.0764159206875175e-06,4.776576693774535e-06,0.19723572550483104,0
0.8640899092764025,0.008981529936112448,7.846791544491308e-06,1.3755402651689114e-07,5.7377183909175545e-06,4.841804749609786e-06,0.12690999691877358,0
0.9357941291791412,0.06418039954233286,9.430224986500363e-06,9.323432485300975e-08,5.342899790577238e-06,4.3728565491019835e-06,6.232062874854039e-06,0
0.9360184194112536,0.06395953956274666,7.815014923228022e-06,9.67656299984251e-08,5.7083731651793484e-06,4.538481074794136e-06,3.882391206300317e-06,0
0.9329698257124619,0.06699285230052393,4.6875310050223805e-06,1.0636783074640114e-07,5.801324161748675e-06,4.962401922322503e-06,2.176436209428945e-05,0
0.8026300857253035,0.1973372887909268,8.857845794371338e-06,1.3254679329318647e-07,8.15312766194608e-06,5.481559851013258e-06,1.000040366901309e-05,0
0.910541723580619,0.0894083742379917,5.397833714649707e-06,8.297084866513821e-08,3.755045464874968e-05,4.4696894987150165e-06,2.4012326784005464e-06,0
0.8500836152556972,0.14988919666868028,7.768114076844677e-06,1.2202209312549833e-07,8.963520659784777e-06,6.936315786320785e-06,3.398103006485227e-06,0
0.8188585441127041,0.18111189348504994,9.401429323098997e-06,1.1902015315900114e-07,9.524502248299698e-06,7.184058706648562e-06,3.3333918146671645e-06,0
0.9493995309591828,0.0505757888435602,9.162744225404085e-06,9.87974792888417e-08,4.899155260647682e-06,5.643721036721253e-06,4.875779254967704e-06,0
0.8863377969749112,0.11362305263747448,1.4172747328262343e-05,1.669157623855971e-07,7.926771064400805e-06,8.646451678409069e-06,8.237501780662633e-06,0
0.8849130198616624,0.11462129757647072,1.4868588317173909e-05,1.1426597242215027e-07,7.144937417945694e-07,5.353808380817453e-06,0.0004446314054545677,0
0.916621882922668,0.08244375870477653,1.3124236057167393e-05,1.0086052309605683e-07,6.779529803769144e-07,4.654483957702053e-06,0.0009158008390372088,0
0.9569941774400231,0.04109373045867763,1.3361401536329847e-05,1.218286902202431e-07,7.255798447495215e-06,5.622117224971478e-06,0.0018857309554002066,0
0.9118682232260202,0.08500539674843775,1.9240385429658007e-05,1.754330150062798e-07,9.37298284365718e-06,8.095835009901473e-06,0.003089495389243774,0
0.918458876317061,0.07132272507216414,1.2119694945499303e-05,1.643055768123098e-07,1.1777859950614617e-05,6.779166751134454e-06,0.010187557583550753,0
0.8805938346884805,0.10919986401872726,1.749214599449418e-05,2.0337441967733333e-07,2.0909960510272334e-05,8.334339463593137e-06,0.010159361472404255,0
0.8277852775741461,0.1405163991983619,1.5227435860502585e-05,1.763559689293611e-07,1.2886669863231868e-05,7.975666505804595e-06,0.0316620570992938,0
0.7608119677839535,0.19111656753743742,1.787158800579018e-05,2.1044955663453322e-07,1.838334396819647e-05,1.1062062188039134e-05,0.04802393723489037,0
0.5844105313442289,0.40219388117029925,1.5919959710907263e-05,2.130260453455349e-07,1.6377411208849855e-05,1.1277161194660266e-05,0.013351799927311975,1
0.4530073351715585,0.535432168970953,1.2730069383935455e-05,1.7525999288092662e-07,1.183429522105575e-05,9.720330250418646e-06,0.011526035902640201,1
0.48144336286957945,0.5079475178309609,1.4751731357903814e-05,1.8336830282381875e-07,1.216880081571625e-05,1.0170036136639998e-05,0.010571845362846416,1
0.29042521753482975,0.7094972986215968,2.0137464047337178e-05,1.7060775419523577e-07,2.530270495009529e-05,1.0576840552652677e-05,2.129622626941638e-05,1
0.23199098616705316,0.7576087735142889,1.4488194065270777e-05,1.3768620531585068e-07,0.010365286744844394,9.167522226627478e-06,1.1160171316369929e-05,1
0.12691346827536915,0.8500575422578361,1.3927475395933908e-05,1.6502886416372694e-07,0.022997104031637905,9.11281613349077e-06,8.680114763146416e-06,1
0.400097827780913,0.597405734129398,3.2009200173510266e-05,2.5445489660125467e-07,0.002442243096120329,1.819694174261953e-05,3.7343967559373995e-06,1
0.20306371772912288,0.7958536289992305,2.1735667786384655e-05,1.3085383111234845e-07,0.001047618634513481,9.831745945064259e-06,3.3363695706463724e-06,1
0.4887838942444598,0.5091754814101019,2.0054371354695453e-05,1.479158126736084e-07,0.002004871974009085,1.1124509345193967e-05,4.425574916539184e-06,1
0.48930504898823,0.5094750231046753,2.6753026911989055e-05,6.210211759119486e-50,0.0011739896719704997,1.3607450416168459e-05,5.5777577960672705e-06,0
0.1424162597423472,0.8559023181288823,2.439344638309929e-05,7.960578316215876e-301,0.0016366610880138666,7.292987725833826e-06,1.3074606647897192e-05,0
0.08897742631197567,0.9055806748191535,2.4463786485517675e-05,1.9708063958099435e-07,0.005396767618033194,1.1348895110448094e-05,9.121488602340837e-06,1
0.1377443159955815,0.7827251372528585,2.9565570377472845e-05,2.3534940214211365e-07,0.0794755539779075,1.4299171092185285e-05,1.0892682780871403e-05,1
0.14097349639291434,0.751315593914673,2.9012804436232615e-05,2.5008227479343484e-07,0.10765300243775133,1.706980322388116e-05,1.1574564726528154e-05,1
0.19118428081710617,0.7982304217008268,3.156568519804763e-05,2.5659643996802674e-07,0.01051867247720488,1.6319332854723345e-05,1.8483390369468493e-05,1
0.06130042617857889,0.3860090629117864,0.00020201083666408694,1.2737320398815013e-07,0.5522823487612984,0.00019684887488502715,9.175063583174719e-06,4
0.36781640760796763,0.5827915165040201,0.0003931137871455264,1.9829963430808202e-07,0.048628131193671695,0.00036329498699799495,7.337620562613228e-06,0
0.1966494533461111,0.8018846540688892,8.752597988740376e-05,2.339276867734716e-07,0.0012341237864015061,0.00012037129614791106,2.363759487602532e-05,1
0.2923030758670114,0.7056075789295291,1.6298168105383575e-05,2.1487398618351506e-07,0.0020484894045572884,1.41540614551372e-05,1.0188695355460449e-05,1
0.27849087272622647,0.7186766946573474,1.567026773889865e-05,1.8857039594552343e-07,0.0027935557204752932,1.4070345397616496e-05,8.947712418448281e-06,1
0.21389713138155406,0.7841354437146459,1.651815214947548e-05,1.504417335953905e-07,0.0019352800224127574,1.0479228151299178e-05,4.997059352867312e-06,1
0.3220852626477972,0.6751320026904867,2.332452687783501e-05,2.1923809718381055e-07,0.002738156203101477,1.4264732660744415e-05,6.769960978852304e-06,1
0.12862272404029587,0.8683085639739062,1.4236475290090602e-05,1.5870216084848885e-07,0.0030384725932589398,1.0943573046482828e-05,4.9006420417114895e-06,1
0.06916883178445628,0.9274372775655324,1.4642888865001208e-05,1.487103009248491e-07,0.0033619961826437893,1.2048192623432979e-05,5.0546755781804114e-06,1
0.06522348173159699,0.9321425376201897,1.7573986153944728e-05,1.3612903367127962e-07,0.0026005011697796477,1.1142325995052331e-05,4.627037250951715e-06,1
0.07044504117241807,0.9267662909751693,1.949773108223249e-05,1.3548874480863305e-07,0.0027531131274681256,1.1316231338744813e-05,4.605273778906587e-06,1
0.1375061133947717,0.862432572072808,3.1287839258421786e-05,1.4736831860243457e-07,1.3553243827183398e-05,1.1317019529142674e-05,5.009061486693322e-06,1
0.12348762517858627,0.8764518295747876,3.176718827276222e-05,1.4241746668189587e-07,1.1899930272326412e-05,1.1894928998911398e-05,4.840781615438264e-06,1
0.1699155665850314,0.8299490809314968,9.416560541399523e-05,1.9355281070423504e-07,1.6898364067148793e-05,1.5800202637815362e-05,8.294758542210253e-06,1
0.16428889401206426,0.8356118555612636,4.640717045570263e-05,1.8788428719980276e-07,1.973941833532596e-05,1.69733221866915e-05,1.5942631407157676e-05,1
0.24887622214177288,0.7510411852453439,2.90812528209779e-05,1.9329222062019738e-07,1.4892237913539188e-05,1.617673683280776e-05,2.2249093095323178e-05,1
0.2047006953979336,0.7952040364438014,2.953470564639918e-05,2.1712304568537577e-07,3.261250273887156e-05,1.7902625827807605e-05,1.5001201006285719e-05,1
0.2722758461933671,0.7264891926757854,3.228844891059352e-05,2.4940655307141684e-07,0.001148809557891775,2.0938891014385265e-05,3.2674826477764494e-05,1
0.18706741597594517,0.810947618769923,2.9396911695490933e-05,2.5961699739548683e-07,0.0019048148831393562,2.3104983698604623e-05,2.7388858600736915e-05,1
0.00030215724266349694,0.024867907485679984,0.5409877679244596,0.0006929692462268735,0.00012188935788294836,0.4330236706528822,3.638090204897388e-06,2
0.00018898955996322274,0.01760962926412789,0.8964301674503622,0.0005007009838001383,6.961717900098967e-05,0.08519853931707702,2.3562456685987e-06,2
9.95700710255287e-05,0.009268972246848573,0.9168374276702967,0.0006389281547865682,3.2129937500931375e-05,0.07312135076356796,1.6211559737017828e-06,2
5.716441901994516e-05,0.004892221662509977,0.9813354677816547,0.0001400052167606089,7.212101772995836e-06,0.013567041257694631,8.875605872245044e-07,2
0.0001038649248182447,0.007778093045434989,0.8174341930770381,0.13528596803644663,1.5134272720004899e-05,0.03937818604790111,4.560595640924549e-06,2
8.51154278744465e-05,0.007364145615588957,0.9556189266641083,0.000368692327705509,1.2870425613286699e-05,0.036546676516325045,3.573022784405924e-06,2
0.00010216759474676287,0.006286668595764706,0.9634714699296804,0.0002954436236074755,1.182251375318117e-05,0.029829145635679843,3.282106767740482e-06,2
8.446843079978715e-05,0.00522878801374564,0.9657130140197768,0.00041746857828425994,1.1609848129707448e-05,0.02854173446767086,2.9166415929181797e-06,2
7.111037281016895e-05,0.0042884252736056306,0.9668982729997948,0.00013659963493025418,9.331684335498736e-06,0.028593915716289615,2.3443182340391643e-06,2
0.00016317850175741206,0.039896469055216564,0.054662403601002746,7.645238717495558e-05,4.92345285835432e-05,0.9051505652872158,1.6966390490682764e-06,5
0.0007611785544025797,0.13207977804541934,0.6454480499906168,0.11191768312810492,0.0001517674390982767,0.10963640890894352,5.1339334144035845e-06,3
0.00022812810083553607,0.021846583011746343,0.8019075519363609,0.07214280024076648,4.8297208376294635e-05,0.10381919578810204,7.443713812290467e-06,2
7.471424618094827e-05,0.016733519713527153,0.978859935018248,1.9144399828519223e-05,2.4416722002729516e-05,0.0042872042092189765,1.065690993769941e-06,2
6.985674651640853e-05,0.024134462533259855,0.9598407207045618,3.561114396977248e-78,1.7161817199346445e-05,0.015937264163012894,5.34035449584238e-07,2
9.199331290917412e-05,0.02892883780141551,0.8971860488862549,6.622116208751705e-27,2.6985914144259574e-05,0.07376528393548167,8.501497947516646e-07,2
0.00018956334442045495,0.04906720635539219,0.919670176970826,4.841684422763902e-27,4.145880948279001e-05,0.031029928795322532,1.6657245561052683e-06,2
0.0003328178364208008,0.22202934436491215,0.4779004630780106,6.598561404875784e-05,0.0002652987423065295,0.29940439564848315,1.6947158179133204e-06,2
0.0003803762962610792,0.23676619140490215,0.26299907457798705,0.0001938343301376831,0.0002839929691902491,0.4993742773381556,2.253083366090261e-06,2
0.0003787303428152636,0.10161657409184263,0.3264015455163807,0.07008155127353585,0.0001526303535793836,0.5013667250879581,2.2433338880955e-06,2
0.00036351192949528023,0.09604309831587124,0.296571233924559,0.12315259713116837,0.00014320308702028882,0.4837230145020195,3.3411098664232036e-06,2
0.0006401255769832064,0.35911936546616857,0.1604467858448545,0.0008813082512933576,0.0001836166570090466,0.47872258315386546,6.215049825817758e-06,5
0.0008787350790431141,0.4268597855952443,0.16663025207604437,0.00046625043781271883,0.00020157418115144754,0.40495124805130656,1.2154579397494098e-05,5
0.001408186206728311,0.477925113351994,0.14881988912302724,3.3051102046857624e-19,0.0004464143698543993,0.37138960323854187,1.0793709854221593e-05,5
0.00117707439991781,0.4850809187926843,0.09643716851515789,0.0001629419287749436,0.00043154979232962784,0.4166993912508415,1.0955320293895613e-05,5
0.00011911190607186653,0.00574364539431622,0.9431068782316393,1.4839422578847492e-06,1.8841646628383107e-05,0.051006510373989816,3.528505096360413e-06,2
0.0003941294012563272,0.017121158835783294,0.8296448124223529,2.296513194648566e-05,6.81781701336806e-05,0.15273843227937473,1.032375915260505e-05,2
0.0001820838912139959,0.013846261160844201,0.8321913165016874,0.002085280023934313,4.956047290772208e-05,0.151636159955727,9.337993685309123e-06,5
0.0004900178250385543,0.02724030404088207,0.53193715019086,0.0020142038420861755,6.76659112142045e-05,0.438242490138807,8.168051112018808e-06,5
0.00048653141515965346,0.028540866461463633,0.5746933032974013,0.0005828028940123124,6.324985074259011e-05,0.3956083578597089,2.4888221511751148e-05,5
0.0002729848117146785,0.015457382345765368,0.32464892703377046,0.000272946002228032,3.2019838176944436e-05,0.6593022608135917,1.3479154752806053e-05,5
0.0005116892677594493,0.029972874799430935,0.3320872762343287,0.0010533629301912506,0.00015603638211589217,0.6362114195385873,7.340847586391791e-06,5
0.00045396383313159327,0.0236420140398608,0.49240748724768546,0.0005263503338650803,8.252751840855875e-05,0.48287355053025544,1.4106496793167475e-05,5
0.0004195233126202756,0.028504607108329923,0.2317878988948775,0.0020709002204027343,7.82548273969452e-05,0.7371340570111837,4.758625188875465e-06,5
0.0003441724486463424,0.026454210353989645,0.17892065750040664,0.0003473860899908888,6.401815559237028e-05,0.7938648385198256,4.716931548407964e-06,5
0.00018672911040286614,0.031536764809680026,0.6072450390459107,0.00021355639060780153,5.639998673124646e-05,0.3607599271526641,1.5835040034458123e-06,2
0.00021437996726476964,0.04426401435943273,0.806097918654604,0.0004294998547006484,5.633250741134006e-05,0.1489359846160995,1.8700404870789633e-06,2
0.0001527887073502865,0.02883108592696327,0.8312241406584022,0.00039589941928867053,4.3797568503583186e-05,0.13935028426895488,2.003450536952189e-06,2
0.0001505948558551973,0.02840224274368346,0.8192888192896778,0.0005657051420277404,4.739317993833152e-05,0.1515432701052819,1.974683535568028e-06,2
0.00010616089622088498,0.021999628012158948,0.9483952288977943,0.0003536791062195487,2.0209493587589044e-05,0.029122568625690314,2.524968328356664e-06,2
0.0001450288873192519,0.02909395336239023,0.9367644522294366,2.986714891925804e-06,2.6481052083681663e-05,0.033962633712011796,4.464041866328846e-06,2
0.00017791813108281127,0.028637877930141255,0.9511053103027293,5.0157202302178076e-05,3.0397420204384882e-05,0.01998966800403728,8.671009502709799e-06,2
0.013589472086012565,3.9563704971078164e-05,1.4710579261532172e-07,3.5771873351239075e-09,1.2662902405461612e-07,1.0675765928995591e-07,0.9863705801393531,6
0.02682739235082235,7.711509022037723e-05,2.7153768757889126e-07,6.1449019205891995e-09,2.3104724071243125e-07,1.8918115624646786e-07,0.9730947946479708,6
0.09808274938006203,0.00055597424444014,5.999425395505752e-07,2.069687596835344e-08,9.406443053480465e-07,6.977981911818797e-07,0.9013590172935858,6
0.08217656637632731,0.0007846525041337986,4.863132033919531e-07,1.8149962548116494e-08,7.102484077367946e-07,5.461390492075657e-07,0.9170370202689161,6
0.8159564205688858,0.007227384270151745,7.3040940187911146e-06,1.2804055474724508e-07,5.3408879722349694e-06,4.506937250882697e-06,0.17679891520116608,0
0.814170412402008,0.0054498334460370956,7.451300952454739e-06,1.3062108799345468e-07,5.448528391349367e-06,4.597770201719577e-06,0.1803621259313213,0
0.9080187893002232,0.09193451884104234,5.652698113111597e-06,8.688840458715965e-08,3.4186201186019275e-05,3.842183824033957e-06,2.923887206738863e-06,0
0.8955867681851408,0.10437847723957278,6.261394344383366e-06,9.624475855390414e-08,1.9973434712157994e-05,5.184763004545448e-06,3.2387384667552933e-06,0
0.8914574632025398,0.10851215570680814,6.272001428644767e-06,9.640780151327554e-08,1.5812720638077488e-05,5.409853569229994e-06,2.7901072144113115e-06,0
0.8261563261942378,0.1738159009565264,9.61567722745767e-06,1.217324873705781e-07,7.606040377341303e-06,7.347775251207106e-06,3.0816238924647773e-06,0
0.9476412651434136,0.05233249393430014,7.6158813165249205e-06,8.820303964047963e-08,4.02084581672559e-06,4.6001635623411995e-06,9.91582855065659e-06,0
0.90401085518242,0.09521828307780036,1.398115241586221e-05,1.0744597552247268e-07,6.728148905293208e-07,5.034264812555962e-06,0.0007510660616852225,0
0.9079437999336073,0.0884010581216498,1.845270700067903e-05,1.682509966337067e-07,9.704416903594967e-06,7.764401181551937e-06,0.0036190521686603806,0
0.9831685738085235,0.011975139988217936,1.899970610506584e-05,1.7323851117384653e-07,1.0169276890394853e-05,7.994563644558181e-06,0.004818949418107216,0
0.9051953789788142,0.0842642453496506,1.2865573063316477e-05,1.7441737706229388e-07,1.0426487717447384e-05,7.445367146055396e-06,0.01050946382623148,0
0.9270937119772756,0.055984244279290524,8.581693970502362e-06,1.225645696615893e-07,8.490289359931595e-06,5.022729659853787e-06,0.016899826465874002,0
0.9776393194835096,0.013997314544342648,1.0199083080768886e-05,1.3978666350059862e-07,8.266901811986402e-06,5.967083380186053e-06,0.00833879311721146,0
0.811015733481754,0.14293037329672903,1.6205776980724614e-05,1.7849194274251695e-07,1.3836221689454042e-05,7.951484990163856e-06,0.04601572124591377,0
0.8051627721304203,0.15815345826075497,1.5697075187823756e-05,1.887609600822073e-07,1.4107213505436113e-05,9.723592708703705e-06,0.036644052966462615,0
0.7804393823087057,0.18295403485493122,1.6540747708732102e-05,1.9890631729914714e-07,1.4865435546084537e-05,1.0455303811250482e-05,0.03656452244297962,0
0.7123172213937259,0.25031738453125535,2.1890671290169802e-05,2.6213431233658665e-07,1.9522780049199405e-05,1.3575199482699659e-05,0.03731014328988448,0
0.3600068070085762,0.6328897343364689,1.0405084053983303e-05,1.4325098333932247e-07,8.96213908255329e-06,7.814448593415007e-06,0.007076133732241684,1
0.5291034661997571,0.4442675502715859,1.57244398510522e-05,1.9545935174570473e-07,1.345804706190234e-05,1.0840634067535445e-05,0.026588764948324784,1
0.6026858219578433,0.38994687463574984,9.393607715843368e-06,2.055849909667585e-07,1.988314438588886e-05,1.0697550091116285e-05,0.007327123519223061,1
0.5419645659214581,0.45796756455674265,1.0278657415573749e-05,1.1505366563240756e-07,1.8407514866405104e-05,1.0998680818677387e-05,2.8069615032904954e-05,0
0.40295605712729876,0.5969606813959641,1.3398229065797375e-05,1.4997244335306113e-07,2.3994194060645175e-05,1.4336779510420693e-05,3.138230165680319e-05,0
0.3276432340625015,0.6722870538651394,1.869469703748599e-05,1.1660474828179963e-07,2.2452163574555815e-05,1.1146958258516265e-05,1.730164874019987e-05,0
0.19258683101092966,0.8073632045576425,1.4068870392779028e-05,4.325708508131786e-08,2.1412565564999073e-05,8.288817854193836e-06,6.150920530691213e-06,0
0.31909884937531274,0.6808441406978325,1.972484071594985e-05,1.8745182846140766e-07,4.978693725080856e-174,1.1621090203617927e-05,2.547654410652046e-05,1
0.5282713177120432,0.46886614271243116,3.1659584112356624e-05,2.8471791012095706e-07,0.002803917478623734,2.0734412442901536e-05,5.943382436553501e-06,1
0.38507160879942615,0.6125903574741426,3.255477916320692e-05,2.413407192081284e-07,0.002284436572349286,1.7259101971357216e-05,3.541932228165223e-06,1
0.3850221737715722,0.6125117138642457,3.255059981999403e-05,2.413097361782095e-07,0.0024107177241748175,1.725688626870038e-05,5.345844182443366e-06,1
0.4254032871309929,0.5718662418576668,2.1318780776120486e-05,1.7564867270686378e-07,0.002691728912599456,1.182589929035925e-05,5.421770001667743e-06,1
0.1482006776406819,0.8499185917533519,2.4028438535395363e-05,1.7577667287656102e-07,0.0018422463418770068,7.78228470207563e-06,6.497764178806153e-06,0
0.6940993420275618,0.29686229131910435,0.0003609241547830497,2.2617575087918734e-07,0.008229655662299233,0.0004409888537517417,6.571806748853326e-06,0
0.6687568639708061,0.254080236657415,0.0002402572921929726,1.9723702244601836e-07,0.07655536562799858,0.000361348257155862,5.7309574089878915e-06,0
0.7050986351951318,0.2316607033134001,0.0002599421742980926,1.882402113604207e-07,0.06264027137988144,0.0003347692891338806,5.4904079434697896e-06,0
0.21734735545371608,0.780937646106213,9.320004386343582e-05,2.4909256310191e-07,0.0014919431809729412,0.00010443616876633904,2.516995390518024e-05,1
0.3327319609338207,0.6663358125586715,1.9518458370540886e-05,1.8345810272512953e-07,0.0008750038902207486,1.4863678696081508e-05,2.2657022117596014e-05,1
0.28347015396850206,0.7146472301505867,1.8774877073506664e-05,1.7646902544320234e-07,0.0018391373458682774,1.4511878400873434e-05,1.0015310543268248e-05,1
0.31151759901358844,0.6863926059213721,1.7325896509126082e-05,1.6284975182126192e-07,0.0020543081057327597,1.312407627024623e-05,4.8741367756327655e-06,1
0.20356227625007053,0.7947818052424988,1.8215926347361297e-05,1.6512666754204685e-07,0.001620073314586677,1.1851470575126089e-05,5.612669253846089e-06,1
0.16630037328990194,0.830816952880913,1.7670037176488855e-05,1.969780458323028e-07,0.002845502701178581,1.3221530873979395e-05,6.08258191028372e-06,1
0.0729312710339681,0.9245061882592651,1.4567529060164208e-05,1.4794496156058373e-07,0.0025318997227861822,1.0896848329659546e-05,5.02866162911627e-06,1
0.07403651418094105,0.925777153316732,2.1335031083969642e-05,1.5069086765006664e-07,0.00014713884881375295,1.2585936354882195e-05,5.121995206979851e-06,1
0.11560001327584579,0.8842765034640088,8.647698965659503e-05,1.6091779999536144e-07,1.3445756648642817e-05,1.3440105699121878e-05,9.959490340928699e-06,1
0.18183931170005738,0.8180750271040211,4.370677532278417e-05,1.8547690974066006e-07,1.706443853107064e-05,1.6755841556203465e-05,7.948663601713521e-06,1
0.16100828588540333,0.8388861907731038,4.820028461273244e-05,1.9477578171910193e-07,2.0874004176498178e-05,1.7403862631684237e-05,1.8850414290534e-05,1
0.1408766024978562,0.8590278138668213,2.487886548646628e-05,2.1121305043234695e-07,3.11250749408529e-05,1.708610268246592e-05,2.2282379162214397e-05,1
0.00019418643647408325,0.016694545041988973,0.6314969955604467,0.031914765427866504,7.339544901372306e-05,0.319623767383964,2.3447002458797116e-06,2
0.00021677984882770624,0.020322238225232873,0.8617401531881603,0.0006097097408823996,8.01960729536487e-05,0.11702821254729383,2.710376649202445e-06,2
0.0001587053540314603,0.015504177921961801,0.8743339030032194,0.0006545307495223278,5.014082039156099e-05,0.10929546262692293,3.0795239502702977e-06,2
5.6712091775926704e-05,0.004853510779417504,0.9801455219636958,0.0001398401019341791,7.155034279361013e-06,0.014796379491347194,8.805375501465188e-07,2
9.847202558879741e-05,0.005512805813756358,0.9584678053173248,0.0010078521592828788,1.2564310214474118e-05,0.03489793793882232,2.5624350103057014e-06,2
7.827089877408698e-05,0.004381876611450667,0.9690944653584047,0.00019803320825506195,9.986794189345981e-06,0.026235585922836365,1.7812060899470198e-06,2
0.0006055554585459156,0.07392157280348177,0.4176922957782152,0.00019543888068983666,0.00010622459768557049,0.5074687763071085,1.0136174273106989e-05,5
0.0001342936337764767,0.021203980129081916,0.0182133115279097,0.0001601431185535457,2.038421677384147e-05,0.9602661421303903,1.7452435143046239e-06,5
0.0006443180235900961,0.13026448136798938,0.3849370064710398,0.0001441523514740092,8.124714821607456e-05,0.4838983931437974,3.040149389336706e-05,2
0.00022165411415364569,0.040666632612384485,0.913787390983944,0.0002296612245356851,2.842663884615033e-05,0.04505800326349806,8.231162637854901e-06,2
0.00019601252638413213,0.03912514586027642,0.9509994933621126,2.7446893806095578e-05,1.0655745166767541e-05,0.009633594167284756,7.651444969079156e-06,2
5.4044429309102875e-05,0.012967521221269129,0.975320381073743,3.1014208577316915e-05,3.653085137186651e-05,0.01159022542753078,2.82788198655153e-07,2
9.115401308506923e-05,0.028286181219585687,0.9493210483792975,5.690082707740126e-13,2.4372221949424083e-05,0.022276390203940434,8.53961572887336e-07,2
0.0001410964672519821,0.03204699807834385,0.9401793456650857,0.0002065956219638571,3.715218006018042e-05,0.027387318140370508,1.4938469239668759e-06,2
0.00016146459205667669,0.05061040115383144,0.9193216815379734,1.3677126585069703e-05,4.736506905541436e-05,0.029843687713461537,1.7228070366410355e-06,2
0.00019102398703245516,0.07914890896591602,0.8876978972989766,5.122490695210606e-06,0.0001028276734304855,0.032852968601767424,1.250982182018446e-06,2
0.00018001464787993887,0.07458729764215419,0.8630148139150464,6.520283523815338e-17,0.00021722999931050453,0.06199965140691427,9.923886947609804e-07,2
0.0002974004029500366,0.20738780195354448,0.7414056985945996,5.2432523671232756e-05,0.00016698788891942213,0.05068812692422974,1.5517120855254647e-06,2
0.00027239875754765224,0.18803283316625208,0.6122987971121231,6.669892317506469e-05,0.00022062607028424156,0.19910726285802896,1.3831125888045217e-06,2
0.00041959312244484637,0.2578889007740982,0.2490002656928415,0.00047090956190896834,0.0002739675720501381,0.4919439158751504,2.447401506018342e-06,2
0.0013792387622885323,0.37479825090676055,0.17753210319249255,6.67300796821354e-05,0.0003323702146825313,0.44588101995324747,1.0286890846155735e-05,5
0.0004348909253789034,0.20102022236315326,0.08916274863656772,2.8976594844789885e-18,0.00013809824316225467,0.7092412770843199,2.7627474178083004e-06,5
0.0004805729585958174,0.13429978996689224,0.6951437462364448,0.0001794792678742923,0.0002400799404512028,0.16965379028161579,2.541348125845691e-06,2
0.00010179406358206548,0.01899527922865734,0.8740126744779977,0.0001391607318480722,1.7931486353150436e-05,0.10673124434227069,1.9156692910727574e-06,2
0.00012911285540172875,0.006256954551493877,0.8327304700279484,0.00010152086580089375,2.0600956849316746e-05,0.1607588609029048,2.479839601021747e-06,2
0.000244581722973853,0.01544017469277664,0.301424295836915,0.00034733905940992484,3.371920177702013e-05,0.682501660070708,8.229415439548626e-06,5
0.00022334583080448463,0.013083267135046036,0.213572840029065,0.0001786998467075159,3.710970402118561e-05,0.7728975052339667,7.232220389118487e-06,5
0.0002552933261437784,0.018062965074794084,0.366120967608113,0.0021333840933865237,3.264652438892007e-05,0.6133852967864535,9.446586720173657e-06,5
0.00027410095171366105,0.04830237855118937,0.45057021073758124,0.00021938401828833242,5.123113001372519e-05,0.5005789125615575,3.7820496561745173e-06,5
0.0002287568447927687,0.01501101982639738,0.34007320483898384,0.0003060274318582779,4.275604146515554e-05,0.6443362069530983,2.0280634042308765e-06,5
0.00024038654498013647,0.014967809493965228,0.3736482348917984,0.0002393740796668318,4.7493390392507046e-05,0.6108547622553667,1.9393438301624234e-06,5
0.00028191282556943995,0.015773267520638748,0.3299594880916964,0.0002711408090528011,5.5262323553655724e-05,0.6536506060638833,8.322365605759826e-06,5
0.00046365984868972196,0.03563839934945142,0.22271857355824395,0.0009349659484221381,8.624353417043597e-05,0.7401518032379436,6.35452307881255e-06,5
0.0003745043337426123,0.05313118672324844,0.4004606449020889,0.0004299886173336389,9.08593351040889e-05,0.5455068872848098,5.928803672575915e-06,5
7.281063119798382e-05,0.020389588632800836,0.87878416578911,6.104997445217204e-07,2.4390226743407743e-05,0.10072706074530911,1.373475094213766e-06,2
9.18879979581771e-05,0.007295943776700935,0.9660088447773572,9.658007461848834e-12,2.1806853494961955e-05,0.026579331088166243,2.1854966645887767e-06,2
0.00011074374246416959,0.014377961990444462,0.9725997456142157,0.0001458673127256301,2.041692049147929e-05,0.01274011835966584,5.146059992569741e-06,2
0.00012480649451048756,0.016170613263653027,0.9700117102946139,0.00011289221532353205,2.2962512039041655e-05,0.013551227546612098,5.787673247898888e-06,2
0.011179452883566162,3.386820645762206e-05,1.2592878647361115e-07,2.649316360214906e-09,1.0662976924283604e-07,9.138907613449854e-08,0.9887863523130281,6
0.052299289213523815,0.00021209877331986623,4.7456473266461053e-07,1.3657235567885423e-08,7.701472959698061e-07,4.6045568859701827e-07,0.9474868931882036,6
0.09663875202710222,0.0007107782360585446,5.911100440861373e-07,2.1935094812056907e-08,8.403583023546517e-07,6.600350713218274e-07,0.9026483562983267,6
0.8192980003085623,0.003225747450637957,7.1665509787418e-06,1.2562942927374637e-07,5.523632908750288e-06,4.422067334202666e-06,0.17745901436014883,0
0.8644485751916923,0.13551639303919705,4.795126954599044e-06,1.1286991584337616e-07,5.86397085649919e-06,5.230108299862703e-06,1.9029693083883722e-05,0
0.9089062074544162,0.09105535225316427,5.598641558782944e-06,8.605749381338222e-08,2.605422603682677e-05,3.805441154521355e-06,2.8959261756561455e-06,0
0.9062848398621467,0.09367508258336564,5.655426835579646e-06,8.693034815765758e-08,2.756586009294723e-05,3.844038558378021e-06,2.9252986524866136e-06,0
0.9279532135149291,0.0720223897250097,1.0290911734385114e-05,1.1918380262506775e-07,4.6311963560788475e-06,6.050403062484881e-06,3.3050651054725418e-06,0
0.9242665480477429,0.07570009626426417,1.2212215285311663e-05,1.438261176575113e-07,6.3019062797401604e-06,7.501143593893086e-06,7.196596716309211e-06,0
0.8546188635254577,0.14534214512825233,1.109444042478923e-05,1.306618215123664e-07,6.103762672186208e-06,6.814569574476051e-06,1.4847911797159597e-05,0
0.90782102942964,0.0920911232846554,1.063046386545835e-05,1.2700527691637788e-07,9.822722991910602e-07,6.579037078736557e-06,6.952850718425532e-05,0
0.9844900114637077,0.01252065633710547,2.037725643650708e-05,1.788658057319081e-07,1.1020576281154577e-05,8.254250501633242e-06,0.002949501250161597,0
0.9713416068994473,0.01891373664603996,1.7887269282611624e-05,1.686431638866749e-07,1.0758350181213072e-05,7.782498809163271e-06,0.009708059693075926,0
0.8830717070144667,0.10510330390347022,1.383244168736299e-05,1.7490359369063048e-07,9.168952183214014e-06,7.90998310072493e-06,0.0117939028014982,0
0.8896935750982664,0.10291581568053451,1.3346736516200027e-05,2.0811506011951186e-07,1.3198347261293893e-05,8.528612208329862e-06,0.0073553274101530374,0
0.9779300542224283,0.014081794648749849,1.0202116129560607e-05,1.3982823388172715e-07,9.531732562005881e-06,5.7301993515898116e-06,0.007962547252544718,0
0.8432795935362639,0.11406458499928424,1.6621391434206526e-05,1.9250001235841207e-07,1.4386654809111594e-05,8.26781128120486e-06,0.04261635310691511,0
0.5925206407018704,0.393718462844173,1.7408769937936656e-05,2.1374708684617338e-07,1.5390832970511428e-05,1.1315331650378722e-05,0.01371656777231097,1
0.5243603447178475,0.45807471685878703,1.4411477741264319e-05,4.1661058074450004e-08,1.265809825558094e-05,8.785928492945096e-06,0.01752904125781757,1
0.6269437582839066,0.3728343261013179,9.457828561929512e-06,2.0699050442462085e-07,1.7370890055224714e-05,1.0770685540102692e-05,0.00018410922011368884,1
0.29518099407112536,0.6741057155962804,3.973571443880925e-05,3.099990041446868e-07,0.030598757781751088,6.463169094074777e-05,9.855146459498425e-06,1
0.176910106614006,0.8230303995756979,2.2088183654592303e-05,1.928295867140952e-07,1.2966592805184126e-05,1.8294835095050526e-05,5.951369154419912e-06,1
0.14891425289786517,0.8498936462929945,1.9449635501565308e-05,1.249695339944666e-07,0.0011602411154030066,9.38962733197897e-06,2.8954613696806134e-06,1
0.19374456762128656,0.8049785803772108,1.9621430355122487e-05,1.5749408042177568e-07,0.00124368107791269,1.0278218607703973e-05,3.1137805465916492e-06,1
0.5142689476941967,0.484154039073552,3.0470376547485858e-05,3.316581070157337e-07,0.0015230070457660312,1.6457957713790988e-05,6.7461941170381e-06,1
0.18512729053690075,0.8131024496192356,2.1913920354688974e-05,1.759034396466406e-07,0.001731004027192101,9.024649195288878e-06,8.141343681757126e-06,1
0.2847874029510467,0.6803617038564389,2.386288357497539e-05,2.2558122517681178e-07,0.034802017356277554,1.4346789456219282e-05,1.0440581980690919e-05,1
0.1590851795886812,0.7689135037873,2.5739780399229023e-05,2.6325031542976923e-07,0.07194090844918177,1.544245568608118e-05,1.896268843628711e-05,1
0.279177837219845,0.6002283559803973,0.0004521457262841161,2.1270410034316983e-07,0.11967223518653239,0.0004616651715479175,7.548011293097565e-06,4
0.711689076896342,0.26781616366196936,0.00037977124743146637,2.3025134429995532e-07,0.019659106904604155,0.00044893529037899415,6.715747929748005e-06,0
0.7480854518957291,0.24760811804460423,0.00028141353253147123,2.1831020192712967e-07,0.003638255568783819,0.00038017518788092714,6.3674602686577e-06,0
0.3571340671001023,0.640893256606185,8.171865347627134e-05,2.1431474914821008e-07,0.0017441947733653862,0.00012189239936819377,2.465615275358649e-05,1
0.2859719101918415,0.7131592427583384,2.0474219552823686e-05,2.466449000733163e-07,0.0008071687014523838,1.6034858010508145e-05,2.492262590454494e-05,1
0.3324942656942845,0.6667803669046753,2.0283100352762452e-05,2.4434256196076565e-07,0.000664264797040343,1.588517859400305e-05,2.4689982491006612e-05,1
0.332045290937733,0.667376495079589,1.743665006622542e-05,2.100524907482703e-07,0.000524000663038833,1.5341529331935334e-05,2.1225087750368577e-05,1
0.24963559022075676,0.7503040748977445,2.3177938694887196e-05,9.312161303175512e-08,1.4133908525179649e-05,1.4737729442709323e-05,8.192183222630006e-06,1
0.43058336707071126,0.5693530371530616,1.9627355126149828e-05,9.333487916030094e-08,1.991305866108094e-05,1.39581306977689e-05,1.0003896862944419e-05,1
0.3644494207216157,0.6340622286747538,2.056201800929994e-05,1.9326673964576933e-07,0.0014407334385713234,1.5893233487456232e-05,1.0968646822727236e-05,1
0.3401033883506604,0.6585990282599821,1.9621263668242822e-05,1.8442439137910212e-07,0.0012521448069024706,1.5166085578627613e-05,1.0466808816878979e-05,1
0.3229234567595492,0.6751773780214608,1.7085697336134955e-05,1.7531032290505418e-07,0.0018628483971801768,1.3808729138551571e-05,5.247085012186163e-06,1
0.18392631359509912,0.8133703254286595,1.6032065662543567e-05,2.1570559458377516e-07,0.0026700586083872407,1.1291922720703168e-05,5.762673876128116e-06,1
0.1345632724540238,0.8631568322147647,1.3973789682902499e-05,1.448166599638581e-07,0.002250275757274976,1.0690750190249637e-05,4.810217403301547e-06,1
0.08292429005217673,0.915606262190446,2.2157663854111017e-05,1.5650118240433584e-07,0.0014290042930486901,1.2809811000136115e-05,5.31948829190601e-06,1
0.17336425802328098,0.8264866062872737,3.2190709438074484e-05,1.9175993081530683e-07,9.421919539307374e-05,1.601608858117818e-05,6.5179361021905635e-06,1
0.15638152960820786,0.8435341736394458,3.144973511717104e-05,1.8734594967004183e-07,3.064434077610984e-05,1.5647425989792995e-05,6.3679045135328636e-06,1
0.1454340996640032,0.8544939199252127,3.472575078740845e-05,1.6356116711926903e-07,1.7870757221070254e-05,1.3660883845156226e-05,5.55945776341514e-06,1
0.14495073122031557,0.8549850518353737,3.2768894289208776e-05,1.5434421066842333e-07,1.419480618589852e-05,1.1852726983042348e-05,5.246172642024754e-06,1
0.13756320385701562,0.8593898114030396,2.6326302008613727e-05,2.340556754340217e-07,0.0029847346489721626,1.9824343916268438e-05,1.5865389372207587e-05,1
0.00019716919560374674,0.014720735310783528,0.899959777587265,0.001955581460901544,7.19976707344115e-05,0.08309270216637749,2.0366083343872335e-06,2
0.0002035395523048442,0.015642192120930716,0.8839072926782697,0.0005632411736600976,6.531647169674419e-05,0.0996159603688817,2.457634256031613e-06,2
0.000132881480430598,0.01045528834567472,0.431077592247254,0.4963616717032579,4.948387761304354e-05,0.061921439655627804,1.642690141916593e-06,2
9.907637407869414e-05,0.005546639340067176,0.9498200564923039,0.0009241162242466684,1.3705498094950625e-05,0.043594691852916576,1.7142182921018277e-06,2
0.0002523245946503859,0.014413940294468335,0.8426634985592456,0.02880782576937673,3.490473166229574e-05,0.11382505292256416,2.4531280322967626e-06,2
0.00025990626396750103,0.01229698779356351,0.08196477259310947,0.000693606967992227,6.205899692388231e-05,0.9047191186436069,3.548740836382824e-06,5
0.00012231030912581803,0.005213524079873139,0.038792110739314364,9.066681837284161e-05,2.145586687456143e-05,0.9557587309919799,1.2011944591596422e-06,5
0.0006006673452128213,0.027477080878335843,0.4226117253369222,0.00018000321155753956,0.00010067978888711345,0.549008450475328,2.139296375653391e-05,5
0.0006285864281664734,0.022447530422562326,0.4708600241896025,0.00016989529110468396,5.0973797311510835e-05,0.5058133344117469,2.96554595055569e-05,5
0.0003142891005077415,0.011998273877294857,0.8052651578714353,0.0003597579993356768,2.932331648448738e-05,0.18201689058763978,1.6307247302211585e-05,5
0.00014775846066243325,0.005737379742884193,0.08842742382915256,0.0001939606119956971,1.913383700368389e-05,0.9054719218828483,2.4216354532422247e-06,5
0.00011167517188989329,0.020529329182964406,0.014185257083656812,9.388315456382576e-05,1.872206598125472e-05,0.9650603178449213,8.154960226042028e-07,5
0.00018767551459046022,0.035423084775357536,0.02564717359689914,0.0001619941359726482,2.447276114827459e-05,0.9385530950169215,2.504199110551483e-06,5
0.0002706941927045334,0.06840865607538618,0.10830551242642251,0.00027598147081747963,7.435630655228379e-05,0.8226593327057449,5.466822372140369e-06,5
0.00048295176004459195,0.1234830886340726,0.40605757987014135,0.00036641641434258324,5.469837018652708e-05,0.4695264105759837,2.8854375228739785e-05,2
0.0006447655596734815,0.12795082026995563,0.3888485342430718,9.133611506397675e-05,7.269081110273348e-05,0.482361430390702,3.0422610430555158e-05,2
0.0005927456875808545,0.13804193667951975,0.3561392213520038,0.00019594331647653328,5.962124027531239e-05,0.5049425636187339,2.79681054099664e-05,2
0.00023326793299931192,0.04278941769576732,0.9038174335166753,0.0003735909621142391,4.4094813037378865e-05,0.05273771199219836,4.4830872082162565e-06,2
0.00023253368948153316,0.04049328781832251,0.9353957293765479,0.0002669584825593706,1.743811201293451e-05,0.0235858655779698,8.186943105801963e-06,2
0.0001658632502006601,0.03215539793723206,0.9576105176027092,7.648463066444198e-05,1.0202928906692786e-05,0.009976461115357693,5.072534929414054e-06,2
8.442767931109187e-05,0.03826067114495914,0.9517739707135008,3.30420925778299e-05,1.0906261675843237e-05,0.009833916490706172,3.0656172689039035e-06,2
8.297796713964643e-05,0.03480988422480363,0.9459713007638582,1.1858223782461647e-43,2.0615537104836354e-05,0.019114441639258763,7.798678349859221e-07,2
0.00012029219207424786,0.028274812595776296,0.9433454120645312,7.96929191387143e-12,3.0058290375314193e-05,0.028228296092194554,1.1287570791845614e-06,2
0.00016700000475451977,0.037182940189865094,0.9364489121049775,0.0,4.3890614774802255e-05,0.02615451306286062,2.7440227674017664e-06,2
0.0002405428846271255,0.08883022131578969,0.8889390467008893,5.586028373603304e-05,6.576195162640911e-05,0.021866090535156642,2.4763281749527527e-06,2
0.00023369554464500815,0.16035536372477885,0.7198286708664055,0.00021047256730836108,0.0001714358840297579,0.11919917142992684,1.1899829057990095e-06,2
0.00022106028500919216,0.08702678557371894,0.0873531400098855,9.823484382902038e-05,6.331714466611157e-05,0.8252352767397167,2.1854031745686888e-06,5
0.0009711959292122513,0.4366290776731754,0.09941581988852921,0.0002602350997488453,0.000247846362766332,0.46246253921789143,1.3285828676716606e-05,5
0.0009974509839633591,0.44843279306717776,0.1516745305961195,0.00015958954818799092,0.00026121046579986965,0.3984634323585591,1.0992980192387056e-05,5
0.0007241557231263367,0.5724274334039364,0.07721403075762812,0.00010432490600100568,0.00043031177413735264,0.3490955609553249,4.182479845962082e-06,5
0.000763652565748962,0.36777285137505966,0.23691821496107954,6.523900762628924e-05,0.0005357653926309003,0.393940689387587,3.5873102678308254e-06,5
0.0007005086197516643,0.3218140166054392,0.22188840132335436,4.278806099925957e-05,0.0004587516072236239,0.45509185072829794,3.6830549338436006e-06,5
0.0005695506040789963,0.2635314297866974,0.5082406763204438,0.00011651672283590206,0.0004664740659810705,0.22707245210615934,2.900393803505807e-06,2
9.589670250182987e-05,0.01789480228050032,0.8805010878098002,4.106379778534623e-05,2.085892220118913e-05,0.10144349315337377,2.7973338375881133e-06,2
0.0006051908071168876,0.034038460564135196,0.7323809108799146,0.0009565996422755126,0.00011057371037436767,0.23188996741154552,1.8296984637890593e-05,2
0.00019246047758179864,0.011384048208499276,0.15248752376984145,1.3499376377606486e-07,3.5601400391815386e-05,0.8358922797353039,7.95141461797268e-06,5
0.00021649707960949438,0.015335030096160985,0.3197405504751081,0.00027786999981395323,3.062304771553322e-05,0.6643871297634302,1.2299538161729498e-05,5
0.0002005794902301598,0.012512316756116013,0.19071134074078652,0.0003594507270597324,1.5659349409763954e-05,0.796190051268833,1.0601667564741132e-05,5
0.0006040570416112628,0.04991856450221012,0.6513484963712569,0.009401086825996838,8.033443153544115e-05,0.2886390056520639,8.455175325559537e-06,5
0.00023165198386409442,0.016939622253887978,0.29593375170759434,0.0014880512653288442,3.091319400685653e-05,0.6853687167144142,7.292880903710925e-06,5
0.00018835274818235998,0.011890501466910942,0.28601496200797605,0.00021298080904928537,2.5967207377536615e-05,0.7016608982754491,6.337485054592704e-06,5
0.00024167637591546677,0.013852767244056529,0.1295268642379114,0.00031316500616574447,5.200549694890242e-05,0.856010366552101,3.1550869008665693e-06,5
0.00041567952818399216,0.024227049965831384,0.23922754866366888,0.0004620499496964871,9.084721752185709e-05,0.7355628279183766,1.3996756721001295e-05,5
0.00013717210180840743,0.023002309603153293,0.05091930939639768,4.2001119232740956e-05,3.618172272635939e-05,0.925858726261519,4.299795162527548e-06,5
0.00025764534632656284,0.04540255322870404,0.4816835440607593,0.00011218098091184757,4.815547758066961e-05,0.472492365910788,3.554994929412999e-06,5
0.00022823224532631442,0.04572914600752127,0.33247868962555244,0.0002509118325138766,4.265799064372266e-05,0.6212672131459875,3.149152454844629e-06,5
0.000245163145050671,0.015306936363179388,0.29433598839272745,0.000498482441692411,4.169805545146544e-05,0.6895686533150008,3.0782868978511843e-06,5
0.000298465822687825,0.01858041714246168,0.2959574243432353,0.0002796532482968751,5.0615436422759106e-05,0.6848288964665186,4.5275403769700765e-06,5
0.0008632357645107642,0.08006080142460736,0.4610575095426557,0.0008365054383674442,0.00010515927593985135,0.45704863517629857,2.8153377620438513e-05,5
0.0002411711157652086,0.020079709544955058,0.11182056025631903,9.360222313369714e-05,4.096565675056413e-05,0.8677219017169582,2.089486118216789e-06,5
0.00030837046815637736,0.05690047346061097,0.6775288372975785,0.00030775473700277243,8.375117834321486e-05,0.26486803261468805,2.780243620237904e-06,2
0.0002568816637254431,0.046329487857177304,0.7184186137103226,0.00043278832796112807,6.956861752953633e-05,0.23449035039064223,2.3094326418027526e-06,2
0.00018965935702690493,0.039262590761973,0.8444694427208296,0.0004169097104954883,5.1752261831818436e-05,0.11560792719534888,1.7179924943999499e-06,2
8.416586108526882e-05,0.013158431942790854,0.8129978140092196,0.0002058028991752533,5.573102857343506e-05,0.17349712644096954,9.27818186059804e-07,2
7.576113722267696e-05,0.014858674339954405,0.9327800733977353,0.00024913515445650503,4.855170962396049e-05,0.05198699596515643,8.08295850740456e-07,2
0.00010215451485245061,0.011608041366116147,0.9730442458386346,0.0003035723648043809,1.969593453783802e-05,0.014920253751632575,2.0362294218835096e-06,2
0.00010683339283734399,0.01069425250625046,0.9682331515672127,3.735055277612394e-07,1.615312877176425e-05,0.020945362803343037,3.873096056911564e-06,2
0.0001017996880869176,0.010468978887655056,0.977948354098005,1.6991650016575478e-07,1.539203639349938e-05,0.011461614767266143,3.690606092839969e-06,2
0.0001302869358482199,0.018329729530605663,0.9664395569539641,0.00042911099124608556,2.620499382322083e-05,0.014638505657672366,6.604936840278762e-06,2
0.00014491585330776618,0.020497561664406347,0.9577884461213712,0.0003427110550839085,2.6795134848854695e-05,0.021193145401354058,6.424769627845779e-06,2
0.01677575081655711,0.00010931522158499916,1.8159720296470126e-07,3.1297993693011676e-09,1.5451826610219407e-07,1.2880804848464688e-07,0.983114465908541,6
0.11458516410531493,0.0009026429322571726,1.1985786212400077e-06,3.3400912387896974e-222,1.082650144251813e-06,9.399950349394513e-07,0.8845089717386275,6
0.46754868900784247,0.002050769378898499,4.466318681621493e-06,1.239591922196529e-07,2.624724146627859e-06,3.210957262543313e-06,0.5303901156539761,6
0.5211671368754214,0.002538903137424159,5.144794230526918e-06,1.0507970929072368e-07,3.907274093685661e-06,3.698731679577301e-06,0.47628110410744146,6
0.7523353236766441,0.0022087615125706674,6.090166998590579e-06,1.0676044955017754e-07,4.694007892078917e-06,3.757892551688048e-06,0.24544126598289334,6
0.9224241443556108,0.07753423449480375,1.004193392333885e-05,1.2697471426179205e-07,7.616187473329883e-06,5.92377941448605e-06,1.7912274060119214e-05,0
0.8773938182336163,0.12258063464757579,6.780449702121231e-06,9.689212756321995e-08,9.314143794048921e-06,5.84841066114535e-06,3.5072225233439074e-06,0
0.8234803038143897,0.1764875856878456,9.427490624644987e-06,1.1935008385303992e-07,1.1473004781670062e-05,7.203973329611058e-06,3.8866789450755254e-06,0
0.9328706825121892,0.0671037517770651,9.832219669127443e-06,1.1387147792708301e-07,4.101230285840281e-06,5.898689359073415e-06,5.619699953944983e-06,0
0.924264633125909,0.07569993942664252,1.203835947679458e-05,1.4382581967445264e-07,7.024217694637334e-06,7.5011280528095346e-06,8.719916404566298e-06,0
0.8828090278963265,0.09861531059342495,1.4190969097966369e-05,1.8304990654500312e-07,1.0139570977594441e-05,8.462351670031896e-06,0.018542685568596486,0
0.8804867248511663,0.09943732172446482,1.293216758326401e-05,1.8457572499865248e-07,1.1128950359939134e-05,8.475142077930436e-06,0.02004323258862273,0
0.9726061669727308,0.015703969472457106,1.1199534776283205e-05,1.292849765017476e-07,9.479841458715535e-06,5.976812321073886e-06,0.011663078081279348,0
0.8934087168556352,0.029006094242026725,1.8651149627991033e-05,2.2428438854312375e-07,1.676208763579116e-05,1.0816015995579826e-05,0.0775387353646902,0
0.5241147839286935,0.45786019798813543,1.4404728768191374e-05,1.2870784526961976e-07,1.227722178150001e-05,8.781813995050828e-06,0.017989425610781103,1
0.4467472347723904,0.5443357859740396,1.3756758802503379e-05,1.6662271319312482e-07,1.2312500320688643e-05,8.880718707845805e-06,0.008881862653025617,1
0.594321913165458,0.40561679520324223,1.0289239070421255e-05,1.6319221940046788e-07,1.889791504190116e-05,1.1717505529814427e-05,2.0223779438230266e-05,0
0.56646476365774,0.43347673647160045,9.862917694150959e-06,1.1040010272386908e-07,2.2349386753001748e-05,1.0553818390180943e-05,1.5623347719663887e-05,0
0.24584742444730331,0.7464746970247514,1.6394108740529164e-05,2.9125316007915384e-07,0.007639852628810285,1.1948010981836918e-05,9.39252625260796e-06,1
0.45585814457994234,0.5062029768639551,4.058273847969912e-05,2.584934881215184e-07,0.03781764366667811,7.345201274433133e-05,6.941644712386186e-06,0
0.29738743899507697,0.6805507121985476,2.1646330475378e-05,1.891029837470353e-07,0.02201143278931875,1.699324920668557e-05,1.1587334390978648e-05,1
0.3046803583256419,0.6925168370767198,2.9822519275187062e-05,2.6343211622333387e-07,0.0027466940623339453,2.096023191484717e-05,5.0643519981001895e-06,1
0.522214319799177,0.47539689109402333,3.0177302295808143e-05,2.853621975062492e-07,0.002331588278317308,2.0781332288487402e-05,5.956831700522218e-06,1
0.1502392987054162,0.8485083352524724,1.957032969677595e-05,1.273809719848798e-07,0.001220146187126896,9.570811524161033e-06,2.951332791485954e-06,1
0.1491002449476276,0.8498316837652573,1.8949588718716986e-05,1.2175658877382443e-07,0.001037767566208837,8.411356042647396e-06,2.8210195559687906e-06,1
0.16488923308306203,0.8336331634920752,2.0457003001059878e-05,1.225785701756179e-07,0.0014449737974971772,9.209981473459337e-06,2.840064320876007e-06,1
0.2704934931802351,0.7281038820848283,2.2254195295476897e-05,1.6027362281262938e-07,0.0013647909921602301,1.0472667083844744e-05,4.946606774084727e-06,1
0.3370714094989323,0.656063150870869,2.4076373432460042e-05,2.2203728983089033e-07,0.006817236643536411,1.3628018015481382e-05,1.0276557924680227e-05,1
0.29165246289190927,0.7001693539409207,2.376026785855003e-05,2.2461117564524955e-07,0.008130228180624026,1.3574422360011185e-05,1.0395685151836175e-05,1
0.7545497381266945,0.24116947582689893,0.0002966272142214633,2.220807081351078e-07,0.0036936402054268255,0.0002858373221302727,4.459223920016677e-06,0
0.42756568104693343,0.57172666475405,1.9117020570521615e-05,2.2080901176216876e-07,0.0006468958279878478,1.6017246782721543e-05,2.540329466364205e-05,1
0.37989582422066925,0.619058597777002,2.1147712999694627e-05,2.5475821171750087e-07,0.000981870762782136,1.6562319961559355e-05,2.5742448373588063e-05,1
0.36573802308267744,0.6340626999445532,2.121804433546063e-05,2.8871807883391913e-08,0.00013353343029565186,1.866856582557085e-05,2.5828060504792414e-05,1
0.22841761875618022,0.7715266495728063,2.0776519404463015e-05,1.6368832253719074e-07,1.4539578856845048e-05,1.4467169703308786e-05,5.784714726384169e-06,1
0.24193640100007552,0.7580031062376528,2.4800064683124098e-05,1.5936911457286256e-07,1.571627551061114e-05,1.4184978239239188e-05,5.632074724151339e-06,1
0.07956436492411402,0.9184440306499806,1.57637379353226e-05,1.600934237550187e-07,0.0019584473654627684,1.1791640207496838e-05,5.441588876151364e-06,1
0.19995673243786843,0.7998990862796038,3.1192139485086095e-05,1.8581145349244256e-07,9.129647454731987e-05,1.5519262475113904e-05,5.987594566822608e-06,1
0.15890448002220242,0.8410168882610063,3.7614835437264e-05,1.8007865288309502e-07,1.9675464189030272e-05,1.5040450024633955e-05,6.120888487340215e-06,1
0.14388939181183366,0.8560473088735453,3.383431700770797e-05,1.5168474067569614e-07,1.1756472474099277e-05,1.2668946180497208e-05,4.887894217869806e-06,1
0.1281314404269291,0.8717620875552301,7.57264733047975e-05,1.5215420411171417e-07,1.271349969744186e-05,1.270815649907065e-05,5.171734135819009e-06,1
0.12932545458742353,0.8705726274363564,6.502884023235398e-05,1.8146518154478566e-07,1.2958645611004235e-05,1.2094481718128821e-05,1.165454347694469e-05,1
0.21044153888756764,0.7894326270263183,8.695953897100649e-05,1.7874109247622642e-07,1.6444722902714693e-05,1.4591084833918552e-05,7.659998313983315e-06,1
0.1727393028510869,0.8271694221511167,4.549712364252014e-05,1.8037682792670212e-07,1.679814577375513e-05,1.629510408263955e-05,1.25042474694684e-05,1
0.15382579046273484,0.842804697438602,2.9065020484042885e-05,2.7061236604303506e-07,0.00328870695815455,2.2920668778845807e-05,2.8548838880040108e-05,1
0.00043340174109042707,0.10786509065987797,0.695211097253259,0.0001618149944592495,0.00023228266821287457,0.19609184871352958,4.463969570963577e-06,2
6.833852210991668e-05,0.004917271081028026,0.9801222377529828,0.00041421862643998566,9.748134100502044e-06,0.014465736944036967,2.4489393016362184e-06,2
7.17934787311956e-05,0.004814518156643457,0.9759037150027076,0.0011042087213059583,1.1134425986558015e-05,0.01809315451131426,1.475703311348269e-06,2
0.0001225294537091021,0.007690568354068555,0.9127279733180671,0.033036651874897335,1.9003050940120724e-05,0.04640075537526942,2.5185730483017813e-06,2
0.00016223823664441285,0.009082659657288994,0.6631084681411946,0.23912930259984327,2.4412995977905668e-05,0.0884901113249343,2.807044116423756e-06,2
0.00010105894854281541,0.004228987914265783,0.0282130690336927,0.00011237057569617608,1.9760690736001058e-05,0.9673241074294978,6.454075686611185e-07,5
0.0002803353838373602,0.011837784695657825,0.7865578859568635,0.00011113213462274285,2.3908921255681603e-05,0.20117355015249921,1.5402755263708642e-05,5
0.00020812229483413718,0.030375599952226065,0.962696229081595,5.373455149826511e-05,1.8324520118879104e-05,0.006641895028629337,6.094571098127822e-06,2
0.00011745803971586695,0.03402747610735018,0.926429696823763,0.0002787475959456665,5.430600083059811e-05,0.03909167821964991,6.372127444325789e-07,2
0.00012554805918155837,0.02952565532487486,0.8510773786431243,0.03668013641127078,3.909807445536688e-05,0.0825510199316644,1.1635554287200314e-06,2
0.0001868654660894574,0.04142431393631257,0.9198696384983751,0.0,4.8023330187401466e-05,0.038469227805523636,1.930963511774786e-06,2
0.00017865799894383456,0.06919765186901922,0.8932672167553777,0.0,4.6612278866105386e-05,0.03730798687105084,1.8742267422914583e-06,2
0.00014073693603381364,0.08506835872073415,0.8966629536466209,3.3920782279859875e-05,0.00011631496410487151,0.017976802994095018,9.119561314897156e-07,2
0.00013042541695297468,0.08911518233052383,0.8880143315248996,3.040669839949382e-05,0.00010137081838693743,0.022607429077933644,8.541329035435577e-07,2
0.0003560823808914309,0.2172780958489674,0.6068992931544008,0.0002195238847180357,0.00022603653234801025,0.17501913628151758,1.8319171567040766e-06,2
0.00035955064617868465,0.14154752847886426,0.11617293357353134,3.732003614767263e-91,9.860738789566391e-05,0.74181785184615,3.5280673800804266e-06,5
0.0009161437464551893,0.6021710892939719,0.10953361005905288,0.00011928735807195333,0.0002655611537320137,0.2869859931065199,8.315282196100898e-06,5
0.00035872359003341647,0.20266284483919267,0.05716874202649068,7.709085123330193e-09,0.00033812723344483955,0.7394695537287442,2.000873008997436e-06,5
0.0001322159854269159,0.006577694017263117,0.8766352085884352,1.873603478392449e-05,2.788079257491863e-05,0.11660640059546447,1.8639860514632182e-06,2
0.000468240968070442,0.026335829194279063,0.8702219929307815,0.0005490782983357569,8.721049440690355e-05,0.10232349159076412,1.4156523362327266e-05,2
0.00022209575031076128,0.01325142984236007,0.2130131934526433,0.0001579306474975498,2.358276662570191e-05,0.7733203963317536,1.1371208809026722e-05,5
0.0002166122465389318,0.01525600306755595,0.26626563718747465,0.000812298689267791,2.6640739203383816e-05,0.7174159886709196,6.819399039640844e-06,5
0.00045504636715005246,0.03252258354844676,0.3216841177320974,0.0007012615061677469,0.000120027040971178,0.6445044036211607,1.2560184006244e-05,5
0.00015004790798428834,0.01030301482577369,0.08323226885829274,0.00017037696917928717,2.749811247995505e-05,0.9061117512444259,5.042081864198411e-06,5
0.00017108464396408735,0.030010393359862816,0.21258036213320322,8.168658733551063e-05,3.0017250337338835e-05,0.7571197930382981,6.66298699874466e-06,5
0.0001725043024406348,0.039125838050489914,0.1984224588256372,0.00047374298171121593,3.6329153150563816e-05,0.761766746469232,2.3802173383760306e-06,5
0.00016602338735525137,0.037655896544903686,0.22882384675072767,0.00017031134412701982,3.496428193656196e-05,0.7331474857963867,1.4718945631841311e-06,5
0.0011987744461526232,0.11823232120865466,0.6897673272322234,0.0006534995429780634,0.00014678253533057268,0.1899645295467245,3.6765487936022964e-05,5
7.913185475565323e-05,0.012405221237963403,0.7845114357371331,0.00018763777757580362,5.239772517729404e-05,0.20276330334252335,8.723248712985416e-07,2
6.817234330341645e-05,0.011287005525652323,0.8193924413969481,0.0001470599290175307,4.368841252638566e-05,0.1690609050615717,7.273309805982133e-07,2
9.097989809697428e-05,0.010675630638192638,0.954373688327308,0.0002196238205469226,1.546056091425507e-05,0.0346236261546603,9.906002809616533e-07,2
0.00011575606261253164,0.01260876899940023,0.9530411034674653,9.240796638445812e-05,2.0087141315081137e-05,0.03412070638509112,1.169977731217294e-06,2
9.577607555498798e-05,0.00984103786695986,0.9783841825822513,3.169939394198686e-07,1.3580304136323728e-05,0.01166163394875913,3.472228399066823e-06,2
0.000151398053939399,0.014872894730196555,0.9639027570560652,3.817676124042526e-48,2.5095675449804184e-05,0.021041837200452985,6.017283896112527e-06,2
0.00018171363386093267,0.026075900875505712,0.956374445114866,0.0009223127389514734,2.7374012725590173e-05,0.01641169265523505,6.5609688554100255e-06,2
0.01146642962346771,9.095643853434527e-05,1.1934501022588261e-07,2.952359388747488e-09,1.061373742342814e-07,8.883757997929897e-08,0.9884422966656742,6
0.010307049169032516,6.216058340093768e-05,2.0749094441236682e-07,3.876768642574539e-09,1.6070746536553906e-07,1.3070582007427252e-07,0.9896302874665681,6
0.26321074149164436,0.002386675789812776,2.791874208868745e-06,7.034222735627835e-08,1.9918007325309324e-06,2.189550062053556e-06,0.7343955391513121,6
0.4730244390423579,0.002687512425572515,3.458608678218041e-06,7.064025851628748e-08,2.626812858698776e-06,2.4864872941820004e-06,0.52427940598298,6
0.893046467822679,0.1069154698932718,1.3643718081118686e-05,1.6893671843367664e-07,8.758914109825404e-06,7.881442071568208e-06,7.609273068178381e-06,0
0.901406481483666,0.09856406708860059,5.522950702231773e-06,9.268590563943745e-08,8.957686632893756e-06,3.833086614054362e-06,1.104501787868325e-05,0
0.8977115784226295,0.10226038735079492,6.014520971036345e-06,9.245003378425497e-08,1.5163571145328393e-05,4.088117695623458e-06,2.675566729923819e-06,0
0.9121965707032711,0.08778017394266975,8.098040554614288e-06,1.1188431031970124e-07,5.932975324170502e-06,5.679842049778232e-06,3.4326118203238114e-06,0
0.9403885729196958,0.0595870078906213,9.800785999348157e-06,9.240290026343129e-08,6.548299887103878e-07,4.786589358930143e-06,9.084581435620834e-06,0
0.929977025953809,0.06957508541760492,1.5056875816982378e-05,1.1571297289062784e-07,7.789047309253685e-07,6.6100040610868984e-06,0.0004253271310044155,0
0.9812138596645621,0.015095843109126776,1.6203854326387917e-05,1.5970803066108417e-07,1.1014551220072657e-05,8.251858347600138e-06,0.0036546672543862437,0
0.9562836130908764,0.033205113130684326,2.1131763012169036e-05,1.99232611561337e-07,1.2502225517211333e-05,9.194132311609853e-06,0.010468246424986817,0
0.9355854517361835,0.043513863134839265,2.1043904772415414e-05,1.9840427430697657e-07,1.3386203545368154e-05,9.15590642953391e-06,0.020856900709955578,0
0.8847652420914744,0.1022368692831596,1.3759109230458874e-05,1.599972289073498e-07,8.51989715145241e-06,7.235845474155926e-06,0.012968213776280964,0
0.8783553564693691,0.10479369125709066,1.5105158123474674e-05,1.7493981397132372e-07,9.170850955073022e-06,7.911621156308246e-06,0.01681858970349139,0
0.9036514412773291,0.08551552279727807,1.2452997165701616e-05,1.8634382213469503e-07,9.713282196723368e-06,7.954472166477619e-06,0.010802728830041656,0
0.9066589582126845,0.03364311592867336,1.7070406903794365e-05,2.0419451772928068e-07,1.9912593683458096e-05,9.234659794104689e-06,0.05965150400374309,0
0.5368265641802038,0.44576789437544495,1.5043024775410674e-05,1.4496407717640794e-07,1.5176864671380354e-05,8.263262132377398e-06,0.017366913328694996,1
0.48313886690539515,0.5069842681362464,1.5657122337472634e-05,1.8826928185666693e-07,1.6355359299318398e-05,1.0034445493390186e-05,0.009834629761946358,1
0.6156357633299785,0.3798728612409862,1.0272269163278155e-05,2.0428276960683268e-07,1.9292050065555547e-05,9.78056585470471e-06,0.004451826261182277,1
0.5882003768255327,0.40648720398085914,9.95337440998949e-06,1.9419906665174053e-07,1.8693144310771265e-05,9.412798863177094e-06,0.005274165676957468,1
0.6269112376602772,0.37289154189814616,1.0608429569424549e-05,2.0697976748019756e-07,1.7731920658943207e-05,1.0770126846589835e-05,0.00015790298473403972,1
0.6131856205132269,0.38675303385370086,1.0615818303587811e-05,1.783265519373893e-07,2.05654977926819e-05,1.2089417771755853e-05,1.789657265205107e-05,0
0.5109128655178705,0.48902394032791385,9.914494536241007e-06,1.1097742566637836e-07,2.857906265916667e-05,1.0609008207376744e-05,1.3980611387288859e-05,1
0.23940981693119853,0.7556200045818414,1.6019122966605638e-05,2.3626094070059958e-07,0.004933458005117407,1.0481391498783382e-05,9.983706436536668e-06,0
0.5229327950804814,0.4531415148571368,3.406944082568838e-05,2.2569499407218557e-07,0.02381961585836371,6.514622145771567e-05,6.632846740536896e-06,0
0.12670387975397576,0.8732343507629572,2.573636570631998e-05,1.8677643826699607e-07,1.4245548089682961e-05,1.789692009556654e-05,3.703872737304087e-06,1
0.13850743160488002,0.8614312612430148,2.6148640740258676e-05,1.6419423992306047e-07,1.3374246266442496e-05,1.791289253168048e-05,3.707178326777295e-06,1
0.2679823280801712,0.7212506237058108,2.0142749083366714e-05,1.9118067820049155e-07,0.010722942942137093,1.739329697941022e-05,6.378045140124422e-06,1
0.5481707967934636,0.449128458226362,3.133641063469858e-05,2.8295514115004267e-07,0.0026350691524206723,2.9090731915213486e-05,4.965730062786376e-06,1
0.5560309214338243,0.4419706847050298,3.2254130301424266e-05,2.6682725763587104e-07,0.001940062778656546,2.1127431661427295e-05,4.6826932687209544e-06,1
0.3403380408375695,0.6577840888015543,1.87200071891687e-05,1.5455975477708402e-07,0.0018425642077516612,1.2490788587727273e-05,3.940797593018778e-06,1
0.38995904682230254,0.6074472981846922,3.1934102469890784e-05,2.563564261697083e-07,0.0025367810008036593,1.9261424996576554e-05,5.4221083091073755e-06,1
0.24163271137681264,0.7568416568605267,2.412242975886612e-05,1.5329899690811314e-07,0.001486132451626257,1.0016928117878086e-05,5.206654160883356e-06,1
0.4138388946377958,0.5843572208370761,2.5667772276001876e-05,2.229192984996113e-07,0.001758447016200744,1.3863928135817914e-05,5.68288921720349e-06,1
0.3580218290507639,0.6402520941435236,3.289954266060855e-05,1.8936503992199376e-07,0.0016747691723449757,1.237357080734647e-05,5.845154859365815e-06,1
0.216693048860586,0.574655256620707,0.00026172029071570174,1.9714080344876433e-07,0.20807587154920631,0.0003004443383867531,1.3461199594714863e-05,4
0.7657844162352941,0.22980695437256907,0.00030166635014001455,2.2585343976432863e-07,0.0037639676373247563,0.0003382345735231013,4.534977709105777e-06,0
0.7644052490256285,0.2315251258799297,0.0002733213530995824,2.1064676867617658e-07,0.00350347124006928,0.0002883922160210855,4.229638483427247e-06,1
0.5333832963203189,0.46600743439712394,1.9249024804672966e-05,2.3188545903829474e-07,0.0005512818191237084,1.5075318440702774e-05,2.3431234728945167e-05,1
0.5409779327452078,0.4583621657101382,1.8481168023814566e-05,2.2263538928609656e-07,0.000604227240845914,1.4473953664785237e-05,2.2496546730302367e-05,1
0.4912554208110626,0.5086699285710067,1.745769956291014e-05,2.5745769989992634e-08,1.9317408975099698e-05,1.4818185284013693e-05,2.303157833862247e-05,1
0.25172256229733575,0.7482156036435033,2.517959897729014e-05,8.966120151829536e-08,1.3263072272173794e-05,1.4402061774003263e-05,8.899664936114886e-06,1
0.3426657187993434,0.6571065148961911,1.910882246068858e-05,1.79607848498955e-07,0.00018588873809131243,1.422260989326041e-05,8.366526171785806e-06,0
0.3125721850793665,0.6857008831980406,1.8645406348655667e-05,1.752521028211032e-07,0.0016887798749658466,1.4085846706259343e-05,5.2453424694491166e-06,1
0.12450946984434517,0.873342884929249,1.6543888916406385e-05,1.6839434239608723e-07,0.002116262374728074,8.946830623020813e-06,5.723737795698473e-06,1
0.09277920060941068,0.9053213207300186,1.587817753111692e-05,1.612556497942375e-07,0.0018663705685820855,1.1587565771450224e-05,5.481093036523775e-06,1
0.21479844535142778,0.7851208393549801,4.1974544558854114e-05,1.7812590279314077e-07,1.6388123585060317e-05,1.4540865353157305e-05,7.633634192169286e-06,1
0.18249767361661098,0.8174251780536755,3.850679674215998e-05,1.7720529898820123e-07,1.6312933984834902e-05,1.6008590594471457e-05,6.1428030929702666e-06,1
0.1703100793808214,0.8296034372557984,4.268385567066223e-05,1.7281005755945983e-07,1.5908322589555784e-05,1.5738678169880805e-05,1.1979696892189779e-05,1
0.0003468480482943732,0.030507332913167932,0.8141328312639257,0.0013709724277028805,0.00012196274997444283,0.15351565945346762,4.393143466845696e-06,2
4.632308376848024e-05,0.0039528065037053835,0.9836876250404359,5.214157360996773e-12,5.827218135299476e-06,0.012306549221339216,8.689274015632006e-07,2
3.9442176517855894e-05,0.0029266346317456974,0.986869926899476,9.122340097490981e-05,4.331348874462051e-06,0.01006702098587144,1.4205565394606203e-06,2
4.032053937147276e-05,0.0030803665190842827,0.9884804970281978,5.100966808473846e-05,5.309083653583943e-06,0.008341044969793666,1.4521918143334421e-06,2
7.776876998811342e-05,0.005584380073157474,0.9773150370839465,0.00047041422067349554,1.072107099541264e-05,0.01653889760289595,2.78117834284018e-06,2
0.00010647210332082181,0.007667142847569046,0.9628830563023654,0.004217790474398782,1.5199555894767275e-05,0.025106520263666644,3.81845278433285e-06,2
0.0001264072143277512,0.005269184438101307,0.035082175335002075,0.000395200907824405,2.0122091929100388e-05,0.9591061303822839,7.79630531500166e-07,5
0.00046744936765471607,0.06042601406118886,0.1207140754356651,0.0001801509337548024,6.158343247431952e-05,0.818147098217879,3.628551383215738e-06,5
0.00030497402606504076,0.06023769740074907,0.10457965503428301,0.00011212840848558656,4.7730084248173405e-05,0.8347137017207258,4.1133254433447654e-06,5
0.0003115082640645231,0.06152832354500097,0.09670595325011334,7.201248681722538e-05,5.449156402072299e-05,0.8413235094342563,4.201455726972293e-06,5
0.00038314550243379974,0.013125181065222662,0.7991656326336062,0.0015423219346196932,7.356386529618551e-05,0.1856978558869174,1.229911190412749e-05,2
0.0006152567858328215,0.1012653047220943,0.4567666272447396,0.00018928917582968467,0.00011259880908668919,0.4410433063105243,7.61695189262069e-06,2
0.0006883937207950171,0.16691912685263888,0.4469020805249242,0.0004263797884932722,0.00012234709386962523,0.3849335855651407,8.086454138250148e-06,2
0.0003847633584028329,0.06203822107088997,0.7689923401374683,0.0013943956667709708,8.170028948304041e-05,0.1671051599469276,3.419530057490279e-06,2
0.00044181430930772544,0.06835685754280992,0.7708283499195282,0.0006774081599570418,9.381443471651801e-05,0.15959564450049668,6.111133183936877e-06,2
0.0002134472188351407,0.03012062929104959,0.9637704003862052,7.720532078800865e-05,1.879336309923186e-05,0.005794058177391378,5.46624263155518e-06,2
9.527962412838078e-05,0.026809465739452296,0.9713964845106251,0.000687349035068213,8.964182357047217e-06,0.0009998495838842675,2.6073244846277182e-06,2
8.889339696175145e-05,0.021998826390247656,0.9759020984289684,0.0012808964460667568,1.0223608133561819e-05,0.0007161720226475242,2.8897069743804827e-06,2
0.0002019936272602608,0.07123252350373706,0.8857601700899239,1.5513982023234302e-05,5.522298098870572e-05,0.042733239700267045,1.3361158000563643e-06,2
8.337364733291248e-05,0.02023385769452854,0.9419778832443509,2.562269411599766e-17,5.6360134557836115e-05,0.03764802155406091,5.03725168837413e-07,2
0.00013710587498066658,0.04147566629561215,0.913495379076789,2.7692653980720457e-05,3.657913846950769e-05,0.04482642084718042,1.156112987604288e-06,2
0.0013184375530955969,0.1782077952600722,0.7358653206597382,1.0614390291892815e-11,0.00039133123476399516,0.08421568945889431,1.4258228211618473e-06,2
0.00021676554505076665,0.12116167334661782,0.7898937257927284,6.026684821411161e-08,0.00015402749487273437,0.08857169588314326,2.051670738896077e-06,2
3.1735103587046865e-112,9.642788699786106e-110,1.6180382561272615e-109,1.0,1.942139403610274e-112,7.19139873647814e-109,2.0082397276722475e-114,5
0.000760634930148249,0.6070759890646541,0.10708292367824453,0.00017216238330352738,0.00032977519494540225,0.28457013173554846,8.38301315572673e-06,5
0.0007539787733081558,0.3765324079135615,0.15284311420794613,0.08309826423188257,0.0005108477511092218,0.3862578007901404,3.5863320519075376e-06,5
0.00031600716639754503,0.09050605544448505,0.6722836897663613,0.00015432687214275863,0.00013542369448761026,0.23660126566879308,3.231387332792945e-06,2
0.0005624126964831394,0.02812649205874708,0.6578266183651248,2.974653119179852e-05,9.427573333132939e-05,0.31334335703035765,1.7097584764148673e-05,2
8.85534500548609e-05,0.0047894438040644045,0.06090145082086458,5.054672264029139e-173,2.140230513876188e-05,0.9341984948284395,6.54791437776363e-07,5
0.0002446178537089946,0.01686459416344869,0.2017921515007997,0.00036310133911033167,4.278439856054862e-05,0.7806837900936203,8.96065075140271e-06,5
0.00024077666952170059,0.014027363367700498,0.2524537846106766,0.00010808506441097795,3.4037466020176495e-05,0.7331250610812996,1.0891740370412194e-05,5
0.0002341415784737943,0.013563702077224968,0.1494877412892434,3.213076896082244e-05,4.025408904400546e-05,0.8366389023968385,3.1278002145377042e-06,5
0.00013810180935654263,0.008805074399164786,0.08533230565402675,0.00011253504174070504,2.8644486533708848e-05,0.9055778026891562,5.535920021310393e-06,5
0.00013364016589475323,0.009186221999727929,0.08327479514501465,0.00013009859793278948,2.757794335411819e-05,0.9072419115599039,5.75458817190233e-06,5
0.00017230461319549722,0.035938719746075716,0.15024420951737108,1.3307571220252089e-05,4.982057752335085e-05,0.8135766930375669,4.9449370471417324e-06,5
0.00011537994223663284,0.03109761381802071,0.04408400393823844,4.475433048157263e-05,2.844170272935052e-05,0.9246261799962937,3.6262719997035444e-06,5
0.00032520832689717015,0.08864203764964997,0.3316350667871305,0.00018247638425267457,0.00010539739610711142,0.5791069658288905,2.847627071925033e-06,5
0.0001490907966103786,0.03029968757920112,0.2947525052748863,0.00017436262764036037,3.9432722149128796e-05,0.674583593212185,1.3277873277880681e-06,5
0.00020571622818232484,0.03988759588745551,0.4079322273628661,0.00017871538163190893,4.5745579767545106e-05,0.5517473724474745,2.627112622083733e-06,5
0.00027297700812725433,0.01749666789096469,0.6206904593598891,0.0005099090596542206,5.6596684495834354e-05,0.360971358485765,2.0315111037368413e-06,5
0.0004916612106008483,0.024287432375133963,0.43387641228634644,0.005371654356522443,9.136526149429745e-05,0.5358745060537734,6.9684561286489504e-06,5
0.00017018014504911093,0.024743123138859822,0.45437155932537676,0.00010721818154195375,4.4667294746209174e-05,0.5205617575437803,1.4943706458081232e-06,2
5.252844156278301e-05,0.006163715852115325,0.9621659423341868,0.00012366652008390715,2.3141727990063262e-05,0.03147032715764058,6.779664206538017e-07,2
9.872464107904532e-05,0.011995433788441034,0.9529619631171301,7.235959965625456e-05,1.7612329969387812e-05,0.03485279345785626,1.1130658678444408e-06,2
0.00010146523925233113,0.011735768227292739,0.9773633124765106,0.0001417190273488676,1.9339890870355996e-05,0.010636372648522067,2.022490202831107e-06,2
0.00011984816709237258,0.013187827417978392,0.9718825552873259,7.643006084951311e-08,1.999482648230916e-05,0.01478629839243286,3.399478627415546e-06,2
0.014213750253495059,6.0198403388218894e-05,2.0354060516509464e-07,3.810591015477662e-09,1.5087667175419303e-07,1.2847463172703046e-07,0.985725564640617,6
0.12362281479995123,0.0008699479654647343,1.484393270044094e-06,2.289285262443088e-08,1.092320534597195e-06,1.0458280730411803e-06,0.8755035917998538,6
0.4245394942120241,0.0025252303381065027,2.3532964128704315e-06,4.806483833154236e-08,1.5983331633506735e-06,1.6580130767460976e-06,0.572929617742378,6
0.8881020531918498,0.11185800582493523,1.2858221558735257e-05,1.2712608740038019e-07,6.402813702820801e-06,5.664465435423099e-06,1.4888356430758455e-05,0
0.9039392803894858,0.09603468574560439,5.408399998534332e-06,9.07635209783647e-08,5.965181462319094e-06,3.7535851314871294e-06,1.0815934796365909e-05,0
0.8969953634868385,0.10297410547755712,6.157067507469739e-06,9.555982864942747e-08,7.17881578493628e-06,3.951939591143129e-06,1.3147652891972873e-05,0
0.9731622828187649,0.02071800123806951,2.0885006554074846e-05,1.9042860038341706e-07,1.173300233687188e-05,9.839141019967568e-06,0.006077068364654329,0
0.8750570807703588,0.10696690030118414,1.4925038569461312e-05,1.925186994954398e-07,1.1402858041371755e-05,8.839858713241727e-06,0.017940658654433488,0
0.887763393271532,0.0919717023529186,1.3054041015991478e-05,1.863151764138088e-07,1.0987932234057483e-05,8.555012266067118e-06,0.020232121074856984,0
0.8981139263921637,0.09459175600508166,1.6433470533675984e-05,1.910656093382072e-07,9.514516005459636e-06,8.156031437163924e-06,0.007260022519169228,0
0.9257335656626653,0.06300505675634997,1.4310705226910901e-05,1.823432153167205e-07,1.2281303709781016e-05,8.372632190756124e-06,0.011226230596642094,0
0.9646221817506266,0.01297021792673977,1.1481415954952864e-05,1.359820911831145e-07,1.0658465441895109e-05,6.286418267768688e-06,0.022379038040877697,0
0.9355676216874673,0.022342235346203713,1.7796329916381124e-05,2.0610751767674047e-07,1.5868874892650695e-05,9.32117486756201e-06,0.04204695047913496,0
0.8297095591683913,0.034862567129995255,1.7859115149030298e-05,2.1272772908153449e-07,1.589839070204355e-05,9.620572720002777e-06,0.13538428289531332,0
0.7426588142545097,0.23901614263379686,1.9826122502328593e-05,2.603924042629967e-07,1.8670967940541706e-05,1.3784638925141198e-05,0.01827250098992111,0
0.5892498576905087,0.3946752709295309,1.3840455985739403e-05,1.9389812743127253e-07,1.70989599939279e-05,1.0041439198625889e-05,0.016033696626654884,1
0.4860308320650222,0.5093317713823887,1.4664278664635421e-05,1.8939622121314e-07,1.5891027521693076e-05,1.0094509522080191e-05,0.004596557340659568,0
0.4661569280116109,0.5291245144000687,1.3567936994006265e-05,1.8425991598872972e-07,1.4200865694469905e-05,1.021948709390692e-05,0.004680385038622144,0
0.46615721247373104,0.5291925900017297,1.5615978248287357e-05,2.0168787967080995e-07,1.548042676332627e-05,1.1186082834311963e-05,0.004607713348813585,1
0.49775564865394384,0.49509579253907976,1.7768594319121772e-05,1.9613820690078562e-07,1.591226688754497e-05,9.186492185124178e-06,0.007105495315377779,1
0.6038110079746704,0.39226356888613495,9.824716782360913e-06,2.1268099572279027e-07,1.842838186814642e-05,1.0099588729131356e-05,0.003886857770819244,1
0.25726818009942914,0.7341966827083161,1.612445847291301e-05,2.864626286875181e-07,0.00849578128372039,1.1751490121220185e-05,1.1193497311472548e-05,0
0.29003221090085274,0.6789065495765694,2.2071574751544907e-05,3.9211743657759977e-07,0.031010886432837854,1.5863122654463294e-05,1.2026274897365416e-05,0
0.15748199148108463,0.8424709493080628,2.003400653369998e-05,1.5276101225510779e-07,1.044613136063121e-05,1.3396982583633409e-05,3.029329362228496e-06,1
0.2689325282912101,0.7292837823668679,2.1471111208597234e-05,2.2722648567900828e-07,0.0017396288567999739,1.7993830749980403e-05,4.3683166778122694e-06,1
0.5563423917452776,0.4416556588874516,3.379685070528336e-05,2.669767255266598e-07,0.0019411495382855768,2.2050685194183128e-05,4.685316360125813e-06,1
0.5420388929377767,0.4565179638407564,3.136900769735906e-05,2.4343590659335054e-07,0.001387983291682781,1.9275300155081228e-05,4.27218602503231e-06,1
0.54810597475878,0.4501150847925915,2.179033765710734e-05,2.724679625571048e-07,0.0017333802965488236,1.85765973052766e-05,4.920749154780091e-06,1
0.39307071002503186,0.6048043169995191,3.247016154222347e-05,2.249354884877796e-07,0.0020693421211310918,1.817822263389479e-05,4.7575346534723615e-06,1
0.38071318545750393,0.615696566876218,3.2367774646035276e-05,2.598378031493953e-07,0.0035326013126803853,1.9522999409127684e-05,5.495741739447833e-06,1
0.1902011446191247,0.8089614848241395,2.2131937588067486e-05,1.5541102967028945e-07,0.0008016627818832121,1.0347829222450138e-05,3.072597012009456e-06,1
0.18904801412801553,0.810109281324898,2.2163339528697717e-05,1.556315348975236e-07,0.0008069461081916549,1.0362511259104276e-05,3.076956571969708e-06,1
0.22286594586175337,0.7761030260264132,2.0387224153443572e-05,1.4029517123316698e-07,0.0009959763748717794,1.0947122979247291e-05,3.577094657695422e-06,1
0.22252659144190576,0.7759408334354777,2.09209620590558e-05,1.4692118741545525e-07,0.0014973720177406456,9.60018658319102e-06,4.535035046167998e-06,1
0.24958305945375,0.7472007898713376,2.2929768222283696e-05,1.88886830089528e-07,0.0031698789598490194,1.319957817845745e-05,9.95348183266044e-06,1
0.5521564073146679,0.4448044398218862,0.00010987292535814972,1.6867682629779225e-07,0.0027128204337898893,0.00020777707295632574,8.51375451535115e-06,1
0.5276337857420231,0.471606996243429,1.9091730809980593e-05,2.5106922491143554e-07,0.0006985094679847008,1.599605768925548e-05,2.536968883910331e-05,1
0.7027594346413168,0.2967835235918854,1.8079119349871912e-05,2.1779206645499412e-07,0.00040257862994559515,1.4159079958202636e-05,2.2007145477656856e-05,1
0.6990443381535233,0.3008879242267643,1.3714123926719299e-05,1.735709061654678e-07,2.502699930794615e-05,1.1284177513061065e-05,1.7538748058398737e-05,1
0.4301005463114855,0.5698304496898569,1.8615588726783192e-05,2.3940002791003884e-08,1.5169428291410094e-05,1.37788614282964e-05,2.1416180208328047e-05,1
0.4332588971851278,0.5666920777435273,1.665909533938133e-05,2.1423914912053598e-08,1.095981225408502e-05,1.2330706784032997e-05,9.054033052577944e-06,1
0.27833099180081466,0.721611847537212,1.9573634715938246e-05,1.839767168210657e-07,1.676730683962174e-05,1.5129271193026101e-05,5.5064725078730725e-06,0
0.28340033604269177,0.7165328057927014,2.4344070794743067e-05,1.8396677210203262e-07,1.9192772624794884e-05,1.4567780054137086e-05,8.569574360997736e-06,0
0.08146763970096219,0.9171368847942951,1.6444480251213306e-05,1.6700690890004013e-07,0.0013596568938399822,1.3530544927675452e-05,5.6765788150145265e-06,1
0.13623319523846397,0.8637023200329528,3.383417572439999e-05,1.5168410727967023e-07,1.2674219968256256e-05,1.266889327827298e-05,5.155755505142218e-06,1
0.21179839930560745,0.7881221710769843,3.896994177823062e-05,1.8606364632405255e-07,1.7128404154912054e-05,1.669533105503106e-05,6.449876773746006e-06,1
0.19223770991373376,0.8066514616317053,3.2431333987594574e-05,2.4301139447006123e-07,0.0010420232260643777,1.96584331812141e-05,1.6472449933124904e-05,1
0.00022908790229213304,0.017651420745208177,0.9163130946514524,0.00047463658787370904,5.721784863164314e-05,0.06527069209234801,3.850172193671554e-06,2
0.00010624473470291084,0.004280305866264493,0.02516094035589615,6.881014889542694e-05,1.4434884211369661e-05,0.9703671648537718,2.099156257716411e-06,5
0.0002962737983679409,0.012198489403363764,0.26573661589827907,0.000585239557416267,5.209293934854994e-05,0.7211290965074286,2.1918957957183507e-06,5
0.00023477231193738644,0.02963004941417754,0.05331827256933781,0.0001156280482127821,3.325987691445435e-05,0.9166648512968952,3.1664825249051705e-06,5
0.0003012667778043439,0.05950545111145464,0.11550571064980433,6.939250200576515e-05,4.714987984816257e-05,0.8245669657550077,4.0633240750568705e-06,5
0.0003657014968135551,0.10427854185925758,0.15204576646913426,4.990437917613523e-05,5.723426180848444e-05,0.7431985380237084,4.313510101465867e-06,5
0.00027528905197348727,0.0806958342079852,0.28954053387413486,3.827925496383029e-05,9.723105578151079e-05,0.6293474177313472,5.414823813987518e-06,5
0.00021302195759523266,0.06546411933751681,0.14808812872937802,4.4356539163936696e-05,7.006578938439914e-05,0.7861179532246126,2.354422349040421e-06,5
0.0006003157851750792,0.09272729053260924,0.7679367356511164,0.0003648219313585853,7.570596709056569e-05,0.13827677089523435,1.8359237415734026e-05,2
0.0003068244811712247,0.0595312414613954,0.9262321022141458,9.11340171071521e-05,1.6679768087265002e-05,0.013809993692339205,1.202436575420522e-05,2
0.00014844245132483982,0.05676746381359906,0.9060373768926537,8.638002777283277e-06,4.058264004966067e-05,0.03699574876898532,1.7474306100369472e-06,2
0.000140443238889589,0.03748117052297643,0.9170757837898226,0.002005352670816006,6.508173753318658e-05,0.04323140613194902,7.619080133324085e-07,2
0.00010113565296603598,0.03458400964597746,0.933573894868856,1.2440081575593432e-83,2.67755845796852e-05,0.03171341939008048,7.64857540449793e-07,2
0.0001477369188192138,0.03905298425983104,0.9265277435685509,3.0028481167765128e-05,2.8936380672216045e-05,0.03421123805062273,1.3323403361380707e-06,2
0.00022488893049700426,0.055755879099553894,0.912694983330265,2.340901026350165e-05,9.156033752509174e-05,0.03120789124024307,1.388051652685876e-06,2
0.0006477712368918637,0.12033100071941455,0.863256917747989,4.2420026048030985e-05,0.00018514894795027402,0.01553566810318436,1.0732185218000985e-06,2
0.0010088817462742053,0.17621602990421967,0.761754198336425,5.213744415394074e-58,0.0003717984923875273,0.06064748229140416,1.6092292893795881e-06,2
0.0001815222738389594,0.10146235391265901,0.8068429813045551,0.013221765119305902,0.00012189878083747734,0.07816837468757974,1.1039212237437971e-06,2
0.00022472815473379806,0.07440894070980797,0.3396716920225138,0.4801685366179269,0.00014673316513146457,0.10537805853617895,1.3107937068547037e-06,2
0.00037500080598009,0.1685452435253588,0.28504841175101764,0.0002912096654990715,0.00018985702580698804,0.5455478951658534,2.382060484018061e-06,5
0.0003109881164498593,0.18639928510122178,0.06405099277329117,0.0002540785118272202,0.00028062401962771746,0.7487021723983387,1.8590792435755702e-06,5
0.00035090964110304657,0.14139314693364666,0.06580661453291127,0.0016334250742575946,0.00031014745835883525,0.7905037934841646,1.9628755580159716e-06,5
0.00037481980559148483,0.16954292860883097,0.5555360423812575,0.00017710869968337812,0.0003495249450866453,0.2740176693801855,1.9061793644291649e-06,2
0.00020961705339299036,0.07234924607403077,0.737609292643399,7.265568118220214e-05,6.779726706384475e-05,0.1896846751158603,6.716165070779151e-06,2
8.326739057262432e-05,0.012584264537958592,0.9384157767064487,2.0450667376635694e-05,1.7156851826312435e-05,0.04887664758065538,2.4362651616910713e-06,2
0.00023584743757024552,0.011626740797317308,0.8520487775098259,0.00011100056561781,3.4448287440404174e-05,0.1359363335700158,6.8518322125204795e-06,2
9.31736320479941e-05,0.005199828834424765,0.07187300039679678,2.391597669969532e-11,2.569188024932373e-05,0.9228072268477099,1.0783848551861488e-06,5
0.00015424683526163606,0.012732992038181443,0.08332980547023902,7.379795670107096e-05,2.0158549328859384e-05,0.9036808093227202,8.189827567823903e-06,5
0.0002107073084990962,0.015249583155874057,0.09970229411476214,0.00010824480614169669,3.4842897802400847e-05,0.8846889121925555,5.415524365188081e-06,5
0.0006131101034362964,0.03713057317084276,0.31185008788408003,0.0019237027633417626,0.00010452810859436599,0.64837435234976,3.645619944604615e-06,5
0.00020704401213579286,0.015582842929598925,0.1295242479399746,0.00015353504545677243,5.4611753705672977e-05,0.8544735313273374,4.186991790724441e-06,5
0.00017690684486659796,0.034005875684528966,0.13044061137552737,1.246550335890368e-05,5.1852973588825544e-05,0.8353072106025181,5.07701561119117e-06,5
0.0002372774587666916,0.060063305107928344,0.14375336843353875,7.201306041989099e-05,6.844576605153449e-05,0.7958024878588152,3.1023144794991227e-06,5
0.0002425034105301914,0.015354473591925724,0.3467955483095893,0.00031435454393293703,6.314418352949595e-05,0.6372269261716286,3.0497888638874033e-06,5
0.0002503577349811112,0.01586007880410438,0.5201111561403073,0.0007890327390331703,6.70876015033802e-05,0.46292026394372754,2.0230363430561724e-06,5
0.00034522757898907406,0.01721121116452398,0.5023776394792009,0.0011639608937905974,6.600102942002757e-05,0.47883102167995856,4.938174116902179e-06,5
0.0009180380741702402,0.08514344166222979,0.393509313599214,0.00027552111134951244,0.00014353703696606742,0.5199945866625771,1.5561853493245553e-05,5
0.0006961905382564037,0.06475761784348055,0.25396554513281205,1.0878852920101351e-07,0.00010663627516060292,0.6804641332130417,9.768208719642542e-06,5
0.0002546133035068811,0.040123938898413765,0.6484981130160581,0.00015825367369715648,6.504236174379867e-05,0.31089787956966064,2.1591769197842274e-06,2
0.00010947477254093918,0.01663994768105595,0.5660978168312045,0.0002321483229834299,3.371208811025251e-05,0.4168857308088841,1.1694952208398264e-06,2
0.00018152775466721567,0.029220207018378273,0.4378497286966213,0.00019663179352588469,3.772745613978532e-05,0.5325123004530293,1.8768276381028616e-06,2
0.0001764040375796086,0.011543473691435654,0.20985267357747855,0.0006568782715749375,3.46549008473131e-05,0.7777340916679006,1.8238531832737904e-06,2
0.00018838874609050288,0.012292917562574682,0.2684920945703775,0.0011811388574276647,3.690482177572644e-05,0.7178066131774558,1.9422642982119292e-06,2
0.0001017342936510521,0.009164172952617186,0.9087446770680099,0.00017034559641876577,1.1946977185311071e-05,0.08180555621386557,1.5668982523617057e-06,2
0.00011009173113540687,0.012918223503263097,0.9187694835188944,6.292798276228609e-05,4.2758542592689325e-05,0.06809531602909077,1.1986922614273136e-06,2
8.06138774594755e-05,0.009112452527490827,0.9690590849096401,0.00038235425143657957,1.3175227616722291e-05,0.021350918803379502,1.4004029765041391e-06,2
0.015686940473065066,0.00011492754095043883,1.770378122822408e-07,3.7320321683285136e-09,1.5115801441971328e-07,1.2582600874036207e-07,0.9841976742321169,6
0.009134946095885102,5.72401452084878e-05,1.920426045874482e-07,3.5881312777840274e-09,1.495370531501036e-07,1.2097436923278853e-07,0.990807347616748,6
0.0366426121648868,0.00018683374927257226,7.271123550394616e-07,1.2065608640919665e-08,6.803858971087549e-07,4.0679375467176e-07,0.9631687277282251,6
0.30479933303855955,0.0009650421034793138,1.7966126949176033e-06,3.6694866933605275e-08,1.0847556284939853e-06,1.2658020153050039e-06,0.6942314409927554,6
0.843261192727733,0.15669259979243397,1.5423386731393746e-05,1.8235739408124676e-07,9.275073267897602e-06,8.507559819434587e-06,1.2819102620275105e-05,0
0.8404339730340978,0.15951429613664234,1.6518690095752356e-05,1.633162433280518e-07,8.302831928521136e-06,7.619228803958987e-06,1.9126762188019963e-05,0
0.8391375074807608,0.16082322271261837,1.1283039818059388e-05,1.5004013821745618e-07,7.461191068574998e-06,5.779910417215987e-06,1.4595625178793928e-05,0
0.8863352914614444,0.11363500378548669,6.399599785591074e-06,1.2413620183372062e-07,5.941334988784355e-06,4.441506288213271e-06,1.2798175804775568e-05,0
0.9094842041579698,0.0904838822710348,7.867853257451854e-06,1.1236942869027404e-07,4.40174503302789e-06,4.647111661369531e-06,1.488449161476574e-05,0
0.9516899811751437,0.04827570454774117,9.804463691947336e-06,1.1399270931221923e-07,4.799054308172208e-06,4.714243499591375e-06,1.4882522905984687e-05,0
0.9415815967965635,0.0583984212022773,7.375881198195567e-06,9.045040602463606e-08,3.7158469790262376e-06,4.191244546791807e-06,4.608578029046714e-06,0
0.9437694213627303,0.056201222367615086,9.115738038229958e-06,7.066317536619229e-08,4.060403049349749e-06,4.949975091254083e-06,1.1159490300346367e-05,0
0.9686605723221742,0.03131470451119086,9.217720683233897e-06,8.404678465810829e-08,4.790874757819888e-07,4.353731797918512e-06,1.0588579893281373e-05,0
0.9738189772098903,0.026158377920051372,8.442854031852312e-06,7.698158352808562e-08,4.388140805647446e-07,3.987745270966919e-06,9.698475091156387e-06,0
0.9846788371208682,0.011958773821766508,1.4301968487949555e-05,1.1365018226917822e-07,7.632422189562413e-06,6.492168920874558e-06,0.0033338488475845875,0
0.961060064607756,0.03289532913332092,2.0625281212147637e-05,1.880604357759871e-07,1.1556009681487458e-05,1.0742790658261014e-05,0.006001494116935603,0
0.9352771954740378,0.0446427317309062,2.1063584073806764e-05,1.9858981294886098e-07,1.2428460736478256e-05,1.0260817812023256e-05,0.020036121342620523,0
0.9078941680753558,0.08190382039439313,1.4242723565370638e-05,1.719651834449359e-07,9.060886859176747e-06,7.896105309427027e-06,0.010170639849333508,0
0.8604032323411003,0.03836460482763267,1.819466770557253e-05,2.16724642296163e-07,1.619710346583171e-05,9.801332390605642e-06,0.10118775300306297,0
0.8240134234750158,0.046716793705549875,1.9586662354447655e-05,2.3330529918077532e-07,1.8429738319506924e-05,1.0607406012075189e-05,0.129220925707449,0
0.739591448448796,0.23667131447146986,2.177041391350077e-05,2.593169188024145e-07,1.8565264850379898e-05,1.3727704934361685e-05,0.023682914379117077,0
0.660950591044043,0.31981862153079327,1.594035496631644e-05,1.694979063412756e-07,1.767631048692717e-05,1.1564944490535845e-05,0.0191854363173135,0
0.6131130993396519,0.3787550686962546,1.6341323901251396e-05,2.119125127414916e-07,1.8329632046758024e-05,1.0974353596457302e-05,0.008085974742036378,0
0.5210012977248134,0.4744748906819541,1.4091438471091373e-05,1.8199771423591708e-07,1.4726020759927293e-05,9.425150237392661e-06,0.004485386986049897,0
0.46764585477340365,0.5277381506075175,1.4641030420645079e-05,1.8909595894574116e-07,1.8158702207895235e-06,1.007850603321455e-05,0.004589270116445191,0
0.43532126126090287,0.5606415927425473,1.3629013844167931e-05,1.7602527747730522e-07,1.6903537297112096e-06,9.602310922569614e-06,0.004012048292775886,0
0.47921508365705234,0.5164211386088003,1.4890856174291928e-05,1.9310300486270326e-07,1.3742616530674088e-05,1.0533913761409715e-05,0.004324417244676075,0
0.48054874646352586,0.5154236134203694,1.650646252852562e-05,2.1405401251640775e-07,1.5524394995379093e-05,1.1871937564783341e-05,0.0039835232670036675,1
0.4579345482649266,0.5385111831009992,1.5050128866697529e-05,1.9437966239672354e-07,1.4486611621643853e-05,1.078075196399635e-05,0.003513756761959455,1
0.6235868965488389,0.37635197031232376,1.0175728863322102e-05,1.5661841609542327e-07,2.389969115120359e-05,1.038962858373584e-05,1.6511471822998265e-05,1
0.3020934976187426,0.6689957122737958,3.943450110074402e-05,3.8639321412028955e-07,0.028789040306782865,7.007819385269924e-05,1.1850712511142221e-05,0
0.36978517001482497,0.5875543809168664,4.334719513612118e-05,2.5340167471354634e-07,0.04253966994280728,6.67577485271556e-05,1.0420780163237664e-05,1
0.28422880869081635,0.7139835881007485,2.74308707584146e-05,2.5375328573202044e-07,0.0017348501767405057,2.01901263761951e-05,4.878281274299753e-06,1
0.3935379652114017,0.604063396840952,3.6356347324460204e-05,2.969597671604034e-07,0.002336354304456097,2.166998969922174e-05,3.9603463994000565e-06,1
0.3416051669609412,0.6562921299087913,3.348410580385965e-05,2.668813036768233e-07,0.0020446609191625055,1.8983905480828173e-05,5.307318516699135e-06,1
0.20938238669807074,0.7888636204163653,2.013155542728094e-05,1.5160036613851833e-07,0.0017191243264525749,9.905935465212225e-06,4.67946785310121e-06,1
0.1741635584949711,0.8242166810043461,1.8517156705960605e-05,1.4232338613711096e-07,0.0015841050417887742,9.299755100700185e-06,7.696223701135041e-06,1
0.2164719862844891,0.7795783849348152,2.651303054686709e-05,2.0264501989827703e-07,0.0038982878537617894,1.2874020205422802e-05,1.1751231161808528e-05,1
0.41384490271983887,0.5211174723456468,0.00015841897965112014,2.0921026338430383e-07,0.06459562856368019,0.00027254923085082014,1.0818950068784934e-05,0
0.7405722075298731,0.2498112945758292,0.0003138398377211158,2.473986992535379e-07,0.008858590137136177,0.0004388529294238415,4.9675913173927195e-06,0
0.49329410723677636,0.5042943981752773,0.00010482758514209902,1.6613443756375598e-07,0.002113066585308395,0.0001832177995719174,1.0216483486386239e-05,1
0.40374523405073226,0.5957907802711182,1.5149890519894549e-05,1.7498711902634567e-07,0.0004158357760318978,1.2693376266097908e-05,2.0131648212601025e-05,1
0.41839333962306247,0.5810640241904731,1.6932041610034144e-05,2.2266784533632175e-07,0.0004887950943851135,1.4186556320466774e-05,2.249982630347765e-05,1
0.6512532985965979,0.34833120144853175,1.7307488246261284e-05,2.2760522355998052e-07,0.0003604650045795913,1.4501125288157574e-05,2.299873153274011e-05,1
0.7388237033271982,0.26110900453403624,1.5120402641952732e-05,1.9136927755459582e-07,2.020187029128699e-05,1.244128377375457e-05,1.9337212781202805e-05,1
0.17355140278144673,0.825324096817988,2.1671190763658992e-05,1.964485057873197e-07,0.0010812792770603906,1.54737277368398e-05,5.879756498659067e-06,1
0.22506943435533805,0.7734571289397831,2.0309278565099937e-05,1.84102824401454e-07,0.0014365888412800642,1.0096811795416936e-05,6.257670414145256e-06,1
0.1750402528345651,0.8232148183438787,2.1615805762345764e-05,1.959464428933297e-07,0.0017057104780904132,1.0746355262650371e-05,6.6602359982094235e-06,1
0.15906099907306415,0.839275661929467,2.0608829686239627e-05,1.8681824372458087e-07,0.0016262496583974162,9.94372339723645e-06,6.349967744268103e-06,1
0.08128087480118372,0.9168254435468096,1.6438896036328266e-05,1.669501967113703e-07,0.001859104480543347,1.2296674067035728e-05,5.674651162973802e-06,1
0.13091031812213372,0.8690247675000647,3.299518622033234e-05,1.5796237354525276e-07,1.3198811035154012e-05,1.3193263871327899e-05,5.369154301113931e-06,1
0.21907205452033146,0.7808479883597944,4.2330110508123997e-05,1.7999524375619298e-07,1.5039804456242127e-05,1.469346435654004e-05,7.713745309466748e-06,1
0.00032350906334879673,0.06764698750860508,0.7837450540616662,0.0002799350266581568,0.00018304010901188742,0.14781814206246183,3.3321682480262924e-06,2
0.00016538878223732814,0.012743348525169779,0.9349267376294369,0.00017890161165565446,4.130811890433117e-05,0.05194094734795659,3.3679846392546796e-06,2
0.00020191854414329185,0.019615376910307767,0.9033293370786738,7.256752304204472e-05,3.2421741545551526e-05,0.07674575768628264,2.620516004724713e-06,2
0.0001554817002660984,0.006219745672162793,0.048553600411167484,0.00011293560412665673,2.0098211042908155e-05,0.9449334103178259,4.728083408058473e-06,5
0.0002783048192042765,0.017141543371084797,0.06388463081638952,0.00029710522753139947,4.355620915880835e-05,0.9183503113833704,4.548173260644184e-06,5
0.0003106718401391966,0.04571195862768436,0.23745914523715392,1.283549380241125e-05,5.275220736916035e-05,0.716448505886315,4.1307075359014845e-06,5
0.00027948100729043224,0.015638622364581942,0.8745902752966577,3.7416733523017096e-05,5.951047397257254e-05,0.10939073876813117,3.95535584310865e-06,2
0.0001195134362097099,0.004685206809505033,0.9605199687162568,0.0002689510732141354,2.5666076663771442e-05,0.03437655527893692,4.1386092135014e-06,2
0.00025496369107435424,0.03772731804387955,0.8818050127965772,0.0021046170818195967,9.50653989119655e-05,0.07801051826140819,2.5047263290616077e-06,2
0.0005503305612081647,0.11771797183886076,0.8267112150828969,0.00025576402792463164,4.274581570179454e-05,0.054684598471552395,3.7374201855200264e-05,2
0.0003661086845841798,0.06879613767918287,0.9236390358897948,1.3930040707296714e-05,2.108197739641968e-05,0.007149372569823385,1.4333158510914145e-05,2
0.00016089160660617488,0.04609717190245863,0.9505419934057762,0.00032021039222839264,1.700182612888624e-05,0.002857457631552343,5.273235249395736e-06,2
0.0001225574482251285,0.030076626009542837,0.9376702289073271,3.671293301398666e-05,6.540720698636427e-05,0.03202768459932577,7.828955789074498e-07,2
0.0008045913713359809,0.6152595393003898,0.2378775250620917,0.00013472396245798178,0.00033005809229084065,0.14558938175536906,4.180456064553093e-06,5
0.0001695968258267514,0.14062469795046456,0.11700669705521857,0.00011027784365171826,0.00019469392796181393,0.7418930585283476,9.77868529112138e-07,5
0.000625395203149312,0.37695918366167325,0.06517736840447531,2.9017753659437538e-05,0.0007213534430088959,0.5564840858674228,3.595666611047056e-06,5
0.00048326881077613885,0.24840059360114164,0.33281516330808847,0.00031455649793868113,0.000483360649086861,0.417500762353234,2.2947797339897335e-06,2
0.00038997448277617886,0.18296797432415984,0.34022047628334606,0.00023563293194929017,0.00041973703999413875,0.4757642216879553,1.9832498193333904e-06,2
0.0003767708461360372,0.10362847187371592,0.6408545381585449,8.618240525406485e-05,0.00015505869133642752,0.2548952319501726,3.7460748401249956e-06,2
0.00012158205588596186,0.031146287682446573,0.8959877143081146,7.672371658931694e-05,3.5910394437737646e-05,0.07262792196130327,3.85988122252616e-06,2
0.00036245472938204593,0.024557533678236973,0.1682139297926448,0.0016391823457442378,8.077893712970606e-05,0.805132882763799,1.3237753063285067e-05,5
0.0001862694392355455,0.012859137359883168,0.15885311835551402,4.395624101032085e-05,2.968149154505692e-05,0.8280257835120564,2.053600755487506e-06,5
0.00016888090181333996,0.012811900023138997,0.1582695801262677,3.814292921782771e-05,2.957245821164238e-05,0.8286806089164275,1.3146449229596078e-06,5
0.00032226134113953666,0.024801865956122496,0.3399183343239246,0.00026462468621023824,4.704593195003159e-05,0.6346311676988748,1.4700061778308238e-05,5
0.0005846157046703912,0.04058223742744616,0.41334017384305577,0.002460515826593273,0.00010059013453057792,0.5429283587882208,3.5082754830876358e-06,5
0.0001447647622959678,0.010325317580154229,0.07846770496357418,7.390643262442391e-05,3.0364648348533948e-05,0.9109521386032544,5.803009748449188e-06,5
0.0004752907915437764,0.09880705365019661,0.17720191251833434,9.714015561100663e-05,0.0002148029832055569,0.7232011119129037,2.6879882049444556e-06,5
0.000289544097373913,0.0767020214870797,0.32760315246362015,0.0001607454322604634,7.734543191470009e-05,0.5951622184398182,4.972647932812115e-06,5
0.00021444046019673701,0.0408808399712505,0.2514711315890976,0.0002151305243341343,5.074504621756311e-05,0.7071650198783485,2.6925305549345934e-06,5
0.00037376548205563713,0.02419416597399341,0.3650044644843073,0.0005960900136466442,6.061621966668005e-05,0.6097656003403624,5.297485967878264e-06,5
0.0008336299682696132,0.15087616633193826,0.37689687303670694,0.0006439218989190602,0.00010432423365660119,0.47062132507254395,2.3759457965616222e-05,5
0.0006242327058757979,0.05715553126691811,0.2962212873214289,0.0003086837868028864,0.00010365176067620893,0.6455781122039899,8.500954308138107e-06,5
0.0005066634128282521,0.04699049848397562,0.2975230890274808,0.0001767073785038332,7.808707585703071e-05,0.6547178664514631,7.0881698913162104e-06,5
0.00036907053764897166,0.02281195246111425,0.7550212210506022,0.00021777319955808134,8.015596976747644e-05,0.22149691699697227,2.909784336819369e-06,5
0.0002594990374720484,0.04943326200212299,0.7207524784023085,9.892564234952759e-05,7.047805289899866e-05,0.2293830172401607,2.339622687292079e-06,2
0.00010947485367182416,0.0166399600127891,0.5660982363618032,0.000228631643520964,3.648787253707166e-05,0.4168860397595902,1.1694960875434518e-06,2
0.00012406428144911435,0.02357561767089235,0.3861945963350723,0.0006662734132290485,2.4372658536071983e-05,0.5894137929318891,1.2827089320414697e-06,2
0.00028755531827834156,0.03358654976549978,0.5135549156240741,1.8440648552574278e-131,3.18596304963101e-05,0.45253470327749035,4.416384161205822e-06,2
0.00033913474322016195,0.0396110424893918,0.6826066223751451,4.004279779158357e-132,5.437268184337903e-05,0.2773851455957899,3.682114609572462e-06,2
0.00023451495450475156,0.027468978716114263,0.7798129348731621,8.297424613453373e-05,4.040354677828352e-05,0.19235764023573934,2.5534275667631485e-06,2
0.00019119362618250037,0.02237090869472138,0.5959278245534538,0.00011582639821180028,3.474904139210144e-05,0.38135743550407597,2.062181962294104e-06,2
0.00023508556851396852,0.02753581532407129,0.3542720334671566,0.00011173188039869064,4.2848267421344726e-05,0.6177999426618838,2.5428305545123873e-06,2
0.014566270183648857,0.00011155048226371905,2.3385616155992168e-07,3.806007194026296e-09,1.6046315429832342e-07,1.283200875184093e-07,0.9853216528886768,6
0.8339226357409953,0.16601620462598254,1.9354344434291548e-05,1.826465405074481e-07,9.45680091080075e-06,8.46338176396606e-06,2.3702459372487374e-05,0
0.8935774951079358,0.10639285659091237,8.083127105296346e-06,1.3565066873588691e-07,6.964400772555049e-06,5.609922662263007e-06,8.85519994311545e-06,0
0.9352937947307143,0.0646883112850336,5.550397411833185e-06,8.654709633690461e-08,3.489508591657638e-06,3.579212116077198e-06,5.188319036110431e-06,0
0.9318756844839476,0.06809784862909672,6.1187368312195804e-06,9.540918725256211e-08,3.852351427763588e-06,3.945709717055325e-06,1.2454679792424718e-05,0
0.9143071529630054,0.08566900169653785,7.47344734014277e-06,1.0673648585950767e-07,4.18109090658396e-06,4.414157604187e-06,7.669908120111577e-06,0
0.9596462405105487,0.04031929950673938,9.222116785826592e-06,1.0722198694799497e-07,4.465749821624182e-06,4.43423582115592e-06,1.6230658296236233e-05,0
0.9497750100470901,0.050204429268259874,7.524696861066623e-06,6.97332715927167e-08,3.6664432504500626e-06,4.209872775726583e-06,5.08993849112757e-06,0
0.9741450064764556,0.025832710332817505,8.308006457397806e-06,7.575204908661973e-08,4.3180542991445517e-07,3.924053801790311e-06,9.54357298850059e-06,0
0.9677504350451409,0.03173356722101121,1.2962421547624094e-05,9.961696910891591e-08,8.270206845972374e-07,5.690533687916638e-06,0.0004964181409586192,0
0.9304016837712256,0.06810654544976072,2.17940297755922e-05,1.674883958168988e-07,1.3904896827280326e-06,9.56763056793177e-06,0.001458851140591653,0
0.9598238861080358,0.03922554193265029,1.4484663911716328e-05,1.1510196621264957e-07,9.569510478044629e-07,6.5751008300844e-06,0.0009284401415581409,0
0.9294921431599121,0.06996780697103347,1.5912375101969054e-05,1.264472322252746e-07,9.255919160194659e-07,7.223189393917646e-06,0.0005158622654104183,0
0.9560931308079622,0.03525344683870106,2.2918975355622524e-05,1.9455825988324284e-07,1.2411566779415544e-05,1.1113973272139458e-05,0.00860678327966952,0
0.9618181296934513,0.025987275187352228,1.4490498103811718e-05,1.8322435402271341e-07,1.2362024487545991e-05,1.0466533647224732e-05,0.012157092838603804,0
0.9312715744016968,0.04400713476580552,2.146998489226468e-05,1.9576240796004779e-07,1.0168793602295417e-05,1.1182759195437393e-05,0.02467827353239988,0
0.884124609900461,0.09786737321633349,1.5252556590507882e-05,1.9286016315447142e-07,1.1236557899563827e-05,8.855537660323008e-06,0.01797247937089186,0
0.8957108933013969,0.08875107538572227,1.4131337454808499e-05,1.7868296576728254e-07,9.97058249120112e-06,8.204564938291619e-06,0.015505546145030852,0
0.8281561388876847,0.04644811073108083,1.9295984379080938e-05,2.2984290672304276e-07,1.8067616467141605e-05,1.0606727878212206e-05,0.12534755020960325,0
0.7419330988375554,0.23742064908952515,2.1839342101233235e-05,2.601379525839694e-07,1.80836827367122e-05,1.3677970022733412e-05,0.02059239094010622,0
0.7561570086061425,0.22947743754072394,2.129600137024368e-05,2.627405811885472e-07,1.9734201928743845e-05,1.3814815399119744e-05,0.014310446093854295,0
0.5165440994062942,0.47885725278524466,1.4476804492006837e-05,1.8697490198681194e-07,1.4398320406039242e-05,9.682904805953263e-06,0.004559902803855096,0
0.5222466880237512,0.47288395919111714,1.4657161977461495e-05,1.8930430577091998e-07,1.4577700107176848e-05,1.0089610579003222e-05,0.0048298390081621435,0
0.47043634984290583,0.5255967844328643,1.4952526922672108e-05,1.9311908628491988e-07,1.854503923859588e-06,1.0534791015054272e-05,0.003939330783281928,0
0.4809324657741977,0.5148987026102034,1.6046349904924613e-05,2.072463368815903e-07,1.4655282950914766e-05,1.1305443131922977e-05,0.0041266172932741966,0
0.460954326954158,0.5347767810811204,1.6429270680685102e-05,2.1219194311368816e-07,1.5389347300749128e-05,1.1768662828512327e-05,0.004225092491968594,0
0.5832268251830007,0.4150753132299283,1.718530125447817e-05,1.896995402430781e-07,1.3607986517420853e-05,1.0018159938850297e-05,0.0016568604398198737,1
0.6318319723696313,0.3680410991301944,1.0635950562435712e-05,1.9602582157186053e-07,1.9224730348325994e-05,1.0527000417391847e-05,8.634479302471737e-05,1
0.6625979983643261,0.32078324112835516,1.6688845544202536e-05,1.0409361702377512e-07,0.016579043809116015,1.0721599837218495e-05,1.2202159204416299e-05,0
0.3648872368082214,0.607092625012823,4.575748473595055e-05,3.0237301573821744e-07,0.02788705722941239,7.813478981506359e-05,8.886301976303844e-06,1
0.4046072987660693,0.5566807040659267,4.533762672331304e-05,2.842700330516184e-07,0.03858063258625038,8.0776526489221e-05,4.9661585078074066e-06,1
0.4006438616731265,0.5536871490536945,3.883866654576862e-05,2.8274136863761293e-07,0.04554464714141242,8.0342150061268e-05,4.878573790849121e-06,1
0.16259139329603922,0.8373460055815736,2.6013049241289885e-05,1.8878441273310767e-07,1.4566272602282396e-05,1.808932422805442e-05,3.7436919026722688e-06,1
0.25650848399947873,0.7434301628172639,1.7161854550978442e-05,1.4341945842797239e-07,2.0972096760598206e-05,1.4512038991511357e-05,8.563773495933266e-06,1
0.2084272681605226,0.7901834573441809,1.8217738541118746e-05,1.47399101307132e-07,0.0013555821196273826,1.191209843146929e-05,3.4151395953780006e-06,1
0.2952794081924644,0.7029360939521327,1.9501088428076658e-05,1.5778264147998318e-07,0.001748432017933649,1.2751247052520848e-05,3.655719347018497e-06,1
0.2304921718332868,0.7679065471351044,2.4524457406749708e-05,1.7104911416263628e-07,0.0015595083290660815,1.3114101285381827e-05,3.963094736337353e-06,1
0.2155599706747084,0.7827647636417441,2.475849912655617e-05,1.6489141620432922e-07,0.0016338798690359259,1.2641999017531164e-05,3.82042495119413e-06,1
0.33996786278755875,0.6578235131995576,3.5540314311687634e-05,2.4171903427914427e-07,0.0021491971945081976,1.8532267259375344e-05,5.112517769953314e-06,1
0.2191878113652801,0.7800488296042449,2.467630850370032e-05,1.4786069168779572e-07,0.0007228138219290783,1.22952050116939e-05,3.42583433891355e-06,1
0.19362566629835284,0.8052310646434493,2.1947823735779208e-05,1.3947928946810963e-07,0.001106742002626208,1.0883460360355267e-05,3.5562921861816496e-06,1
0.3349191843011079,0.6623887650241975,3.0630783433675284e-05,2.2855937958263177e-07,0.0026407705159819414,1.34579156146742e-05,6.96290028457528e-06,1
0.3307259705806876,0.6668733608177949,3.047555993838353e-05,2.2569779872575548e-07,0.0023498021980530785,1.3289421485197944e-05,6.8757242421872414e-06,1
0.3056512071687808,0.6921283412204466,2.9195629462004507e-05,2.0960305201068924e-07,0.0021733670932537674,1.1293875868957342e-05,6.385409135945951e-06,1
0.2573872025096357,0.740433211781331,2.1475572166145314e-05,1.7239262870058638e-07,0.002141351926652661,1.1264552310025124e-05,5.321265275698043e-06,1
0.2706620267237372,0.7263352562179137,2.782950464089562e-05,2.149059077865439e-07,0.0029524359339573748,1.4042473035198435e-05,8.194240807969104e-06,1
0.5070174975566364,0.46790340361890065,0.00017363789430766075,2.987560679352079e-07,0.024602364842443464,0.00029104335928909706,1.1753972354849194e-05,0
0.3687609955671371,0.6302594090238999,8.39816981581221e-05,1.5278617114515825e-07,0.0007499106014964163,0.0001275124485034214,1.8037874633848505e-05,1
0.3016333869032686,0.6979865616342691,1.3433971326649795e-05,1.5628765770106988e-07,0.00033747810064371444,1.1002761410803625e-05,1.7980341423505805e-05,1
0.2047709604961731,0.7948906397544793,1.551828386355333e-05,1.7697274404502507e-07,0.00028988539931338686,1.2459006089060473e-05,2.0360087337609843e-05,1
0.27944135546881554,0.7199053363725804,1.4586673532301503e-05,1.684817440920396e-07,0.000616617219779085,1.1861233699378006e-05,1.0074549849125929e-05,1
0.37038772350414595,0.6295602119367949,1.9743562205605462e-05,1.9440431822033983e-07,1.461158643947969e-05,1.2352744617737334e-05,5.162261478306119e-06,1
0.36125955464307413,0.6386833250585403,2.181331841856039e-05,2.14784102844392e-07,1.614334760290616e-05,1.3245416823067276e-05,5.703431438233031e-06,1
0.21276392387376544,0.7871758801070741,2.3521951691588932e-05,2.378501014037264e-07,1.675638327970349e-05,1.4256455735513853e-05,5.423378352302792e-06,1
0.22808386893806068,0.7718615301848777,2.103672163726756e-05,1.9534426274585134e-07,1.3978257475137337e-05,1.420333268346307e-05,5.187221003177851e-06,1
0.26984027700761143,0.7300812191635325,1.974167034901929e-05,1.8555611914116863e-07,3.810882834073233e-05,1.4914029603964118e-05,5.5537444431744086e-06,1
0.32460441418708663,0.6753277705822764,1.885962553335621e-05,1.772655940736604e-07,3.263464331178278e-05,1.0838089394598972e-05,5.305606802994282e-06,1
0.19939412314497365,0.8003912100635524,2.163495416453626e-05,1.7882782975779877e-07,0.00017678570103761283,1.0714943505749236e-05,5.352364936274227e-06,1
0.21264526657791857,0.7871080081700406,2.0667720550534685e-05,1.8735208713085502e-07,0.00020827636929218212,1.122569698469303e-05,6.368113126339719e-06,1
0.16504906642098754,0.833184217033813,2.1877580187255333e-05,1.9831941792675775e-07,0.0017263671857039762,1.1532566272206378e-05,6.74089361825662e-06,1
0.24484698418914766,0.755082134736787,2.464307974018276e-05,1.9321661124869122e-07,2.038110508012517e-05,1.5973453049221173e-05,9.690219584292192e-06,1
0.27244841500844014,0.7274785882837782,2.682098277830567e-05,2.102926849006453e-07,1.8033658815040867e-05,1.738515289729197e-05,1.0546620606210552e-05,1
0.09923272851367267,0.9006488198936367,8.716742479781804e-05,1.3604648454739007e-07,1.251668941526612e-05,1.0211271831498055e-05,8.42016016131276e-06,1
0.16708156451879425,0.832835807899014,4.5896942058890724e-05,1.8196193863080398e-07,1.526599547984422e-05,1.4974991207433427e-05,6.3076915070050555e-06,1
0.00024460719208568366,0.1003261321949917,0.6115599979216545,4.176803024911551e-05,0.00011112608738417782,0.28771308718553185,3.281388103028616e-06,2
1.285804781136058e-05,0.0009945831654303953,0.02261181768877443,0.9741771191521148,1.8985765750120981e-06,0.002201504398077416,2.1897121660643326e-07,3
0.0001004232337231866,0.005054028841625887,0.056525658439358785,0.00011814925884083072,4.090651073158304e-05,0.9381601001660872,7.335496324067608e-07,5
0.00018829465893068856,0.007727779261652357,0.06024180899652438,0.00012529287543318934,1.9400785305913787e-05,0.9316916446690263,5.778753127287184e-06,5
0.00015863050111593265,0.008268103447558173,0.05353471445615556,8.317203991573605e-05,2.1401326730178866e-05,0.9379308440477107,3.1341808138853364e-06,5
0.00038681449656128496,0.025339169070157604,0.12144876778090231,0.0002596436701148312,5.583842363445107e-05,0.8525019200414925,7.846517137020076e-06,5
0.00032072039768265637,0.04308920653484265,0.12011577990500535,5.7631741124377774e-05,4.6297441262459115e-05,0.8363638581791909,6.505800891591324e-06,5
0.00043834440737258495,0.09874558812070237,0.23866663945353442,4.170671987313821e-05,0.00017812736533567885,0.6619266465932035,2.947339978267218e-06,5
0.00021969813638987522,0.067884433953059,0.8560085043869492,7.92645795673242e-05,9.456275163883973e-05,0.07571191769503956,1.6184973559887186e-06,2
0.00010271971159397856,0.0375690720260381,0.8947212555463602,4.766704034314609e-05,3.0383367559207907e-05,0.0675271572781146,1.7450299905613151e-06,2
8.37060430146378e-05,0.0025035139379992665,0.9783897597748905,0.0001318675656427146,1.4941547571315172e-05,0.018873296477280307,2.9146536012344498e-06,2
0.0002682438375305311,0.08030419288458321,0.913745187495202,8.918605081688993e-05,2.708086114476658e-05,0.005554842843240769,1.1266027481925608e-05,2
6.462523655146566e-05,0.015554468360124397,0.9661350014485186,0.00011238191884940145,4.381100788283432e-05,0.018089372883609785,3.3914446379409513e-07,2
5.5119138652589334e-05,0.015805434173675966,0.9767894108947123,0.0,1.3403393524529974e-05,0.007336130026858254,5.023725764190444e-07,2
0.00014971353405416002,0.08311573441023587,0.9096228745685682,1.778971793377361e-05,4.691972815238041e-05,0.007045977739425635,9.9030163003263e-07,2
0.00019155907163587058,0.14545916794390928,0.8474791609723288,0.0,6.089741722821769e-05,0.006807929276036872,1.2853188609708846e-06,2
0.0001545570487231828,0.08690577382713179,0.9078449283995385,0.0,8.232155354536844e-05,0.005011417662486234,1.0015085749358387e-06,2
0.0002479574829121616,0.08867130413447413,0.5827158875744479,0.05092875494882888,0.00025934290811399657,0.27717554338256867,1.209568654217407e-06,2
0.0004681166845836211,0.3884270434089666,0.2083913903352694,0.00011352950759761652,0.00017803154584956262,0.4024176306521416,4.2578655915276835e-06,5
0.0002738022044131119,0.13479362321263055,0.13438500791476188,0.00011586939299046687,0.00027385423659761143,0.7301565429014243,1.3001371820371276e-06,2
0.00011805740872387884,0.017111710613041137,0.9190064899712187,2.111449749713532e-05,3.54072246912519e-05,0.06370371275751859,3.5075273093335444e-06,2
0.00023147926893065765,0.019057865685761337,0.10933925764851335,0.00018008327476632015,5.294148611382728e-05,0.8711237931880292,1.4579447885312067e-05,5
0.00015745212503882942,0.038393587855858585,0.0831649789131376,1.770560545789793e-05,3.446733075240167e-05,0.8782217492885094,1.0058881245346848e-05,5
0.0003665496004396431,0.02057659690413021,0.15130185433421678,0.00039666116209168705,6.892270841280391e-05,0.8272817028597084,7.712431000487812e-06,5
0.00022959619596726175,0.02019056239926484,0.12134901272235074,0.0002098295881465189,4.043302581390281e-05,0.857972869257408,7.696811048699198e-06,5
0.0002148369025247196,0.04151729566168846,0.128990140573179,7.914104435982536e-05,4.666356835141019e-05,0.8291426713043454,9.250945551283716e-06,5
0.0001952268835528976,0.033150260465553597,0.14655043568275467,6.509978920822042e-05,4.316094316288429e-05,0.8199882065989448,7.6096368229253334e-06,5
0.00032625627297408623,0.07101555921237349,0.14386316527876677,6.500783138742272e-05,0.00010410277725721839,0.7846130479955433,1.2860631697699965e-05,5
0.00019066743755041075,0.04205078635771902,0.1886258773568371,0.0003221726258241442,4.821254920038177e-05,0.768759725516526,2.5581563429217283e-06,5
0.00021224542889242042,0.04046238011809908,0.21451285990716368,0.00012676784938786559,5.022561548660705e-05,0.7446328561113936,2.6649695767008766e-06,5
0.00026700437434041977,0.017406196567719995,0.35672065137708864,0.0007564954415017969,6.709689952337711e-05,0.6247794099318178,3.1454080079901886e-06,5
0.0003163156363998919,0.018826049672633627,0.6954127112205164,0.00024173099782677835,6.87794595603122e-05,0.2851320116515594,2.40136150357982e-06,2
0.00026620328253577284,0.016073401870666762,0.6949798713088903,0.00043407685878996344,8.040450452765286e-05,0.2881637847120936,2.257462495892353e-06,2
0.00020684515192124082,0.028140144862031015,0.668829287417311,0.002211314420057973,5.741405094848637e-05,0.300553244997868,1.7490998623062967e-06,2
0.00010826215386488387,0.016455632054192364,0.6740253297491924,0.00011753904032767337,3.673922577042547e-05,0.3092551268262917,1.3709503603585533e-06,2
0.0002747066819477003,0.031994500433487554,0.26519359138257653,4.6352752506378e-132,4.9833989838015395e-05,0.7024843934066971,2.974105453136381e-06,5
0.00028329706247851255,0.03310792604751679,0.8588505015582509,8.713894038390309e-05,3.904743842299457e-05,0.10761899206815302,1.309688479385458e-05,5
0.00010464825071967247,0.012615742119062499,0.9492439807440796,5.832269110002033e-05,1.852017710061989e-05,0.0379570290602537,1.7569576839536077e-06,5
0.06468476878462301,0.0004658412021962323,1.0611032770674236e-06,1.701604915920442e-08,8.188726530340262e-07,5.736985785927497e-07,0.9348469193226229,6
0.06517042482733539,0.0004794803351749713,9.402546530770425e-07,1.781908111618271e-08,7.56492711366537e-07,6.0077291811614e-07,0.9343477794981261,6
0.2813049082392346,0.0009028540422111538,1.9015926969215972e-06,3.861711793770542e-08,1.415731079900264e-06,1.3321107227139902e-06,0.7177875496669368,6
0.84572327495959,0.15421623978689955,1.3487738366080733e-05,1.628513375998923e-07,8.202146366884633e-06,7.256305859880096e-06,3.13762115798467e-05,0
0.8755287640827608,0.1244443187434042,7.969268260444102e-06,1.7101961599677226e-07,6.530648842645562e-06,5.5309013496305275e-06,6.715335766323926e-06,0
0.9385081246138955,0.061461936511159686,6.281147563713874e-06,9.794165047426994e-08,3.6988697208342924e-06,4.050441399922797e-06,1.5810474609766492e-05,0
0.9613584266107578,0.03860316548917606,8.765166148205264e-06,1.1095464433872702e-07,4.0955953954139e-06,4.588602323598318e-06,2.0847581554686727e-05,0
0.9458722367650624,0.054106242379922224,8.769138170725816e-06,1.1096747416289035e-07,4.341076937550686e-06,4.8940856786766965e-06,3.405586754180429e-06,0
0.9884184262757758,0.011569384859538285,3.961159771899898e-06,4.237078084855024e-08,1.868689305597572e-06,2.150965958121093e-06,4.165678869517387e-06,0
0.9456402422965038,0.05377431545094363,2.0468910357966847e-05,1.5730477544888159e-07,1.305879536918622e-06,8.985900012510068e-06,0.0005545242578695796,0
0.9844299142558235,0.012193011637925593,1.7167087697522794e-05,1.3193007483757015e-07,7.1632059196273595e-06,7.53639206279929e-06,0.0033450754904961228,0
0.9805539886067748,0.013016073037799223,1.626756963116759e-05,1.603360198816958e-07,9.920743670857088e-06,9.159057243808479e-06,0.00639443064886021,0
0.9431821932332755,0.04286088769229197,1.6172105374428523e-05,1.8911473269920414e-07,9.82348298639617e-06,1.0803016463284996e-05,0.013919931354875946,0
0.9365453933763351,0.030599232406600344,1.548540896208148e-05,1.9580445292688486e-07,1.3040066500679621e-05,1.10198708928743e-05,0.032815633066256004,0
0.8920859216175685,0.09604651682042606,1.283146489704684e-05,1.622467944223457e-07,9.136423610435052e-06,7.449867172014035e-06,0.011837981559531696,0
0.8885260492743919,0.10208576620641609,1.702594421552005e-05,1.8211902388108777e-07,8.828928304026159e-06,8.362338018704753e-06,0.009353785189629777,0
0.9062082016484064,0.030977568551936802,1.7798836644307465e-05,2.1290792218425455e-07,1.56024045566169e-05,9.842680309787515e-06,0.06277077297022372,0
0.741695116950983,0.23766472171088215,2.1832336930763153e-05,2.6005451093562937e-07,1.8609623280041634e-05,1.367358268765483e-05,0.020585785740725518,0
0.45546134950160533,0.5405649448802514,1.4058641814758583e-05,1.815741296246374e-07,1.4843601082755841e-05,9.544255382466431e-06,0.003935077545733719,0
0.5644077868792096,0.43107303867556734,1.546496504934079e-05,2.0054798637301275e-07,1.5345243122822445e-05,1.0688880406954656e-05,0.004477474808657673,0
0.5210906052023,0.47497050331073654,1.5646282436104563e-05,2.0207927285084775e-07,1.6519887053801688e-05,1.0770495477374387e-05,0.003895752742723483,0
0.509675421795588,0.4894565029087829,1.455210815729911e-05,1.8794748509001297e-07,1.2853972973714584e-05,1.0815465520000085e-05,0.0008296658014928799,1
0.6131369734983091,0.3868017619763092,1.1376831245688456e-05,1.6835856340672845e-07,2.056389090851407e-05,1.126029183465217e-05,1.7895152829394343e-05,1
0.6094694724662718,0.3904730055745138,9.078232045136597e-06,1.0090455087862201e-07,2.5985081784329678e-05,9.646080741241071e-06,1.2711660092781534e-05,1
0.2773090832420413,0.6848274941122381,4.370842786044911e-05,3.9775144764632095e-07,0.03774233566420786,6.691286064560269e-05,1.006794155895159e-05,1
0.1691601974500452,0.8307799363069818,2.6490852067389012e-05,1.6885705270114626e-07,1.2533779874682875e-05,1.686029864266799e-05,3.8124553357688393e-06,1
0.2580763971780744,0.7418733787781566,1.6455751637164843e-05,1.428124975834243e-07,1.3505568482148681e-05,1.4449959688757304e-05,5.669951463528626e-06,1
0.4837580950633236,0.5143927648146884,3.139501382507849e-05,2.470012149636066e-07,0.0017927625242705992,2.0400827161989298e-05,4.3347555153243985e-06,1
0.16797123927547986,0.8312684372853353,2.0556487711281104e-05,1.3235778683910558e-07,0.0007261009031285602,1.0696530514888346e-05,2.8371600434313817e-06,1
0.20079606422309992,0.7980453448099899,1.8213182170451202e-05,1.4736223586743418e-07,0.0011249070179152464,1.190911914094102e-05,3.4142854475460494e-06,1
0.282224055912803,0.7158000494241438,2.0561254604626517e-05,1.6406025510091384e-07,0.0019378390367018976,1.3529143992952766e-05,3.801167498677528e-06,1
0.38339981421437286,0.6144572730582245,3.6681128165053e-05,2.4544701806613877e-07,0.0020798055961107455,2.046044294258398e-05,5.720113166319074e-06,1
0.4095350567213557,0.5882724473603781,3.790129229101506e-05,2.577766670876891e-07,0.0021268411537015133,2.1488241456068215e-05,6.0074541503731515e-06,1
0.39383531145401723,0.6051756651464195,2.892034577417728e-05,2.347778429036676e-07,0.0009387829141571743,1.6659052256980726e-05,4.426309532071336e-06,1
0.27208670333948903,0.7271803061464066,2.0863692511462505e-05,1.7608857990176392e-07,0.0006969776108055384,1.1491713934285988e-05,3.4814082732931196e-06,1
0.248447673087903,0.7497670892504261,2.0929510558352004e-05,1.6838702561011187e-07,0.0017479393237804482,1.1002816492861992e-05,5.197623813796614e-06,1
0.38513850909000724,0.6109709245251719,3.104105031064638e-05,2.618262626697671e-07,0.0038299461979631137,1.5343670922386064e-05,1.3973639361995615e-05,0
0.531434766586093,0.44625478459197826,0.0001820000577427499,3.131437514374755e-07,0.021800692620522973,0.00031311889435112043,1.4324105560340636e-05,0
0.732129230442658,0.2636035433243405,0.00027465752960102236,2.1592748760857344e-07,0.0036942824400960604,0.0002937346642233284,4.33567159353379e-06,0
0.3322298184549454,0.6677129065589444,2.3335466208069257e-05,2.1532749519983567e-07,1.4727404567377373e-05,1.3278927023082096e-05,5.717860816395986e-06,1
0.3537658130503297,0.6461763091598733,2.1304454503423512e-05,2.1431537069412065e-07,1.7451524509697e-05,1.321651080708892e-05,5.690984606058001e-06,1
0.2072705150664475,0.7926776456021859,2.0821140532500004e-05,1.9334240462846528e-07,1.1840746721238493e-05,1.3850038552185662e-05,5.134063155970447e-06,1
0.2604992408211564,0.7394421884891588,2.1054917942471457e-05,2.6437236111691396e-07,1.645729810107462e-05,1.472055097804792e-05,6.0735503022066245e-06,1
0.2352110585793987,0.7647341603033352,2.1620323196948282e-05,1.7811818547420262e-07,1.3335343363345622e-05,1.4316207428037606e-05,5.331125092420551e-06,0
0.30171447276723734,0.6982247280254174,2.4307902946375594e-05,1.8369345370864886e-07,1.3204631566852182e-05,1.454613678565947e-05,8.556842592811733e-06,0
0.26572084373305666,0.7342190189692998,1.9853558009722692e-05,1.8660777483862779e-07,2.3102637011538753e-05,1.1409274066956464e-05,5.58522078042984e-06,1
0.26936374061329593,0.7305633711998559,1.806746120156582e-05,1.8542770292720815e-07,3.808245469443796e-05,1.1002942337839317e-05,5.5499009114278e-06,1
0.13380856936520025,0.8661224957764967,3.59316524020712e-05,1.6486824544660726e-07,1.3775842743485776e-05,1.3458609446793616e-05,5.603885465187488e-06,1
0.12008501566673646,0.8798547942095999,3.108415970244583e-05,1.488134545890914e-07,1.2074190866117499e-05,1.1824777860609735e-05,5.0581817798638374e-06,1
0.0002882383224493198,0.10266557939511375,0.556771938697493,0.00013820066211546816,0.0001313216712422355,0.3400008435179249,3.877733661173253e-06,2
0.00028480596074894157,0.06716609554874332,0.7195590174634007,0.0003243066052879917,0.00015198390382678445,0.21251065306138112,3.1374566112466482e-06,2
0.0002178470513089531,0.017362458006434035,0.8538723243929457,0.0003686876948099656,6.532333189714963e-05,0.12810785162666705,5.507895937129926e-06,2
6.853063964333554e-05,0.0051103834754277835,0.9740024601216902,0.00017910504845229755,7.76609766277837e-06,0.020630290470135045,1.4641469883917503e-06,2
0.00011748589896075403,0.008453650965104283,0.9544729380701503,0.012318824421375801,1.8169400458717543e-05,0.024616523158930412,2.4080850197856343e-06,2
0.00011021104005444413,0.005142503491373912,0.039572195214574384,5.818826294856118e-05,2.275347405104538e-05,0.955093399694937,7.488220605124523e-07,5
0.00020560009763012906,0.006435016580513773,0.04526515577085694,0.0002683924962742433,3.177763257101825e-05,0.9477929143344815,1.1430876722372362e-06,5
0.00012637826133810447,0.005430067408547601,0.039639066412976806,0.0007235346982434934,1.7874739845701625e-05,0.9540612476150084,1.8308640398768432e-06,5
0.0006347858918827701,0.02756783321336696,0.2141245503516594,0.000523943927871925,6.846059052219014e-05,0.7570624631242361,1.7962900460653e-05,5
0.0001998318662152144,0.011055189513024718,0.049875159671831225,0.0001308338039185351,3.156344397861507e-05,0.9387050428945242,2.3788065074445542e-06,5
0.00042223735749998616,0.029764246387328275,0.10935167329294851,0.00016537252567271955,5.1802243174361334e-05,0.8602321743559324,1.2493837443707383e-05,5
0.00010936274146601799,0.03226393418495139,0.9142748350524429,2.5216183107569797e-05,3.931059015124357e-05,0.05328609816421319,1.2430836677562744e-06,2
7.596681374949518e-05,0.027784372181889064,0.922149657958625,2.5617554713735316e-05,2.2470152891162357e-05,0.04994000567540642,1.909662725340385e-06,2
0.00041383271247154047,0.03002715884091742,0.8364856580909432,0.00034228741452230205,8.969932327165402e-05,0.13263505476413628,6.30885373768707e-06,2
9.891784789133566e-05,0.005431923014353125,0.9746744874086976,7.969591178371262e-05,1.9230271062679847e-05,0.019694276634911977,1.4689112996945865e-06,2
0.00016431232165842188,0.007170402881137368,0.9494684467852301,0.00023447612742315225,3.927134523641735e-05,0.04291882548247229,4.2650568420865075e-06,2
0.00021689127450612744,0.043085457647838325,0.8419237511733982,0.00018229628541677708,6.729340684421052e-05,0.1145183445520032,5.965659992983412e-06,2
0.0003259543314190227,0.12011886148742779,0.8751492327144421,9.777031712872159e-05,4.6602250360618635e-05,0.004247889076971026,1.3689822250628325e-05,2
0.00012563772709829095,0.03231243898406883,0.9123942439913973,5.0129574776519396e-08,9.101182285816951e-05,0.05507591281531134,7.045296913666926e-07,2
6.335022830280472e-05,0.01564088552028345,0.8921633915485268,5.255390341912034e-05,4.058557824179484e-05,0.09203890034726211,3.3287396411471486e-07,2
8.26707168781054e-05,0.019851998383033215,0.9703646950705738,0.0,3.8196853752169545e-05,0.009661944757043585,4.942187193476978e-07,2
0.0001586243476896851,0.09990328229734943,0.895236630690823,3.090737554535796e-05,4.9712347777831985e-05,0.004619793697330394,1.049243484046878e-06,2
0.0001342113226458342,0.11812918462301926,0.8782844992965169,2.0003981892022884e-05,4.266633181147582e-05,0.003388533915923018,9.005281915358653e-07,2
0.0001079694213817968,0.0652609001015426,0.7802133230362263,1.6292321642743143e-07,7.049668161297884e-05,0.15434656038086575,5.874551542747794e-07,2
0.00010551932943301119,0.048598309356031905,0.19041955178689515,0.22579151386880897,8.897336921558248e-05,0.5349955598446668,5.724449485224255e-07,2
0.00044087066010883505,0.36651718723445115,0.1970851978035154,0.00015219359315481851,0.00020789375023880924,0.4355940804014251,2.5765571060318295e-06,5
0.0008739165886238896,0.513228481900133,0.11636308133009582,0.0004867635986630206,0.0006471738769800245,0.36839543469063196,5.148014872197401e-06,5
0.00019825616342607842,0.03294669901690766,0.8645747841802572,0.00022778585282146196,0.00010400909475076806,0.1019447985885876,3.6671032493452738e-06,2
0.00012832329801989954,0.025580444365974207,0.884366101392998,2.1177242032704748e-05,3.790148319064588e-05,0.0898619783214779,4.073896306739689e-06,2
0.0003085736664835517,0.01380833948187588,0.6720690600874986,0.014142352883571928,6.522482447809812e-05,0.2996028511672016,3.5978888902484894e-06,2
0.0002585318987854852,0.05474928107960879,0.07858175826594666,5.202637783787411e-05,7.049950285791277e-05,0.8662784529005876,9.449974375771068e-06,5
0.0001780641975613141,0.03810993908764667,0.06421023926982898,1.754806185390318e-05,4.302345023989272e-05,0.8974389565090412,2.2294238280728828e-06,5
0.00012876670979079623,0.00908470240440766,0.12987690829246093,2.8871021017921732e-05,2.9577681347282656e-05,0.8608494511647155,1.7227262597894842e-06,5
0.0004662820420669361,0.03771932964005321,0.4334626329275994,0.01986063413683036,7.322798168497528e-05,0.508403687246235,1.4206025530232402e-05,5
0.0003842866854056855,0.09070075428329903,0.28141719601439485,0.00017362677851649166,0.00012928827671960236,0.6271916105091654,3.2374524990860887e-06,5
0.0003495460054367944,0.0715916575976299,0.29599343603175654,0.0004284506819205115,0.0002568525078545513,0.6313781246901664,1.9324852353680634e-06,5
0.00020181950389077364,0.04828873643181558,0.2501174633137954,0.0007023944689426441,6.153694188488565e-05,0.7006263851449432,1.6641947275439344e-06,5
0.00019938224515108632,0.03865946061713488,0.1691311929667164,0.00020129377358641786,4.7987666524029125e-05,0.791758136506812,2.546224075193388e-06,5
0.00023141447604040164,0.015086066917538827,0.3296589683103039,0.00031307197867980684,5.815333132835212e-05,0.6546495988399627,2.7261461461088187e-06,5
0.0006336372344577126,0.11395298392365402,0.32857213454993417,0.000722686816740192,0.00012559871131717992,0.5559883829690481,4.575794848605084e-06,2
0.00033834666004036265,0.023902667843949163,0.8241614653131902,0.0003574925505005715,9.189249423359697e-05,0.15114508463150345,3.050506582650421e-06,2
0.0002807317314236952,0.015109188080201976,0.6714737744868385,0.00035557329375435524,8.157802788933713e-05,0.31269678048894883,2.3738909431397216e-06,2
8.689844437343111e-05,0.012783414213899322,0.5416150540717467,0.0001561968967178598,2.8540547052500556e-05,0.4453288308153819,1.0650108282345208e-06,5
0.00033493700499236557,0.027162881456505607,0.17302316701438258,0.00047358422457498717,0.00010025727563427166,0.7989017296940708,3.4433298393567144e-06,5
0.00020492925947459073,0.02536673246574268,0.8839509481486287,6.330957363632816e-05,3.401104352648558e-05,0.09037497834653613,5.091162454773141e-06,2
0.014621031798312764,0.0001060331081154325,1.583548457753419e-07,3.641835099421733e-09,1.4489962226636675e-07,1.2278500141011083e-07,0.9852725054122673,6
0.015321266639887204,0.00010703666877840883,1.9511321457298954e-07,3.645502670734373e-09,1.4504554586898153e-07,1.2290865411170254e-07,0.9845712299784172,6
0.06733848812446944,0.0004732204980745312,9.174304191972255e-07,1.738653140894313e-08,7.34313715436488e-07,5.861894416644479e-07,0.9321860360573484,6
0.8357733703848688,0.16416448873528217,1.500948881011979e-05,1.8701584522085307e-07,1.1088799871100784e-05,8.232765305979745e-06,2.76228100166625e-05,0
0.7882340426789255,0.21171281211365622,1.572611438905791e-05,2.14228839441351e-07,1.1086989192199884e-05,9.430729010209024e-06,1.668714598772427e-05,0
0.876689748618077,0.12327972020316191,8.420520901898996e-06,1.4131279597207755e-07,6.900440954587069e-06,5.844083659734884e-06,9.224820448838481e-06,0
0.9332434493792777,0.06673208699330305,6.846432328814734e-06,1.0675611030351848e-07,3.7087195015827786e-06,4.414969185981741e-06,9.386750292383828e-06,0
0.9578998834366023,0.041623399424094966,1.2841849665119598e-05,1.1709143838338174e-07,8.50525571500534e-07,6.688747716854726e-06,0.0004562189249108558,0
0.9654286265125414,0.03323663866402524,1.6051319838343164e-05,9.365049771656112e-08,8.884664721219617e-07,7.0465673362056635e-06,0.0013106548192887574,0
0.968514662118395,0.02287425212211185,1.7841840420090905e-05,1.9238001367445268e-07,1.2072211959244102e-05,1.0989542830794223e-05,0.00856998978426954,0
0.8557341934943383,0.03489289579811627,1.8046750558384175e-05,2.1293861636461018e-07,1.560465389996932e-05,9.844099294114225e-06,0.10932920226517663,0
0.8596705657428682,0.03737707225269629,1.9467777199110033e-05,2.31889206115389e-07,1.6993398690885304e-05,1.0720180346830667e-05,0.10290494875899246,0
0.7543787084000604,0.22569136124120748,2.1473544116002108e-05,2.5578077284401775e-07,1.6615919100839736e-05,1.2065989746323e-05,0.01987951912499592,0
0.7461999459168721,0.23711500926012372,2.1448661112890146e-05,2.5980306798251e-07,1.8394049699556845e-05,1.3660361897912182e-05,0.016631281947225778,0
0.6286508829869627,0.3652050453661552,1.7199996879619264e-05,2.1297061494795333e-07,1.284963923411973e-05,1.102914973664119e-05,0.006102779890416791,0
0.5821580646003517,0.4133046940330937,1.5013667632114686e-05,2.038937192734789e-07,1.4932064245319138e-05,1.0867202510773658e-05,0.004496224538447265,0
0.5060949742517177,0.49083762101767464,1.4754076050122034e-05,1.9055599769276997e-07,1.4499087088245835e-05,1.0102497892238091e-05,0.003027858513579418,0
0.4982994809104697,0.5008023667830633,1.5056308561304079e-05,1.9445947612868393e-07,1.3299336511173252e-05,1.119019899680912e-05,0.0008584120029215715,1
0.4905804804033756,0.5092261395516141,1.5642827832026362e-05,9.688543098399262e-08,0.00015457590533582346,9.261868585547931e-06,1.38025578259477e-05,1
0.6010209985775313,0.374969591304006,1.4674179199944526e-05,9.152750474749882e-08,0.023972177863015448,9.42729542943698e-06,1.30392533130268e-05,1
0.41978032448532887,0.5752666983866552,1.5208508364690068e-05,1.8020802691793552e-07,0.004914979916069833,9.951002349825631e-06,1.265749320466021e-05,1
0.40409637716717356,0.5916469880756529,1.3174805143260046e-05,1.7388387314190437e-07,0.004221470986775158,9.601785557642436e-06,1.2213295824474737e-05,1
0.2631904535312454,0.7037098486750148,4.148075435021925e-05,4.064431284820539e-07,0.03298005258314464,6.747006648844813e-05,1.0287946627999208e-05,1
0.18258370439475766,0.8173605357207282,2.0813092407114413e-05,1.5007247805399727e-07,1.5036114074982392e-05,1.6372268434044366e-05,3.388337120402256e-06,1
0.3478076971033472,0.6489306965077217,2.479933857909916e-05,2.6244876186176235e-07,0.0032065844706006433,2.4914683492030327e-05,5.045447497398979e-06,1
0.4749216004710028,0.5232813841969959,2.7613293670682215e-05,2.404321988072678e-07,0.001745083868162989,1.9858265607182666e-05,4.219472361684284e-06,1
0.2215617494643156,0.7765855090752575,1.78381306520683e-05,1.4233218359366327e-07,0.001819725905298796,1.1737349826047746e-05,3.2977424663837554e-06,1
0.41377072155790273,0.5853205099005182,2.7336320362931316e-05,2.27166168822038e-07,0.0008608032965311399,1.611895326501153e-05,4.282805251063176e-06,1
0.2055758493712582,0.7938300009990469,2.1097255981913107e-05,1.5707993963785236e-07,0.0005586438327860184,1.1145868326356797e-05,3.105592660970315e-06,1
0.30858055974035425,0.6890489253884512,2.7594412663604172e-05,2.055273642876581e-07,0.002322304734075531,1.3429656265529405e-05,6.980540825620301e-06,0
0.30079693214825165,0.6991662604426863,1.4674192533304555e-05,1.605118254424988e-07,8.006846999457519e-06,9.92504430342311e-06,4.040813400550276e-06,1
0.29253683654417834,0.7074226628439918,1.6528319368929585e-05,1.7058116970784753e-07,8.509138333415307e-06,1.0762917395738814e-05,4.529655562018722e-06,1
0.25730201358330457,0.7426467012067931,2.2704109859074977e-05,1.998674723610765e-07,1.0748370752969052e-05,1.2325530361589596e-05,5.307331456323833e-06,1
0.3301250545928268,0.669823582032748,1.9355808328227924e-05,1.9471267083050233e-07,1.4634762472082636e-05,1.200764140235826e-05,5.170449551573981e-06,1
0.23444694683140496,0.7655033045616131,1.944992600126647e-05,1.7015504631927005e-07,1.3855585587127613e-05,1.1788435446673783e-05,4.484504900453446e-06,1
0.22734370149228472,0.772598837652502,2.3480888879910058e-05,2.054193797302145e-07,1.5422473071455296e-05,1.2938163246030292e-05,5.413910636066323e-06,1
0.1186972623982029,0.8811344379097505,0.00012567184219180585,1.802237762616799e-07,1.6581134310222303e-05,1.4712120039621485e-05,1.115437172852e-05,1
0.12475020817107461,0.8751584879605966,5.2042662364927474e-05,1.894689850130983e-07,1.589581145675361e-05,1.559280147267107e-05,7.583124049421723e-06,1
0.12162925674512484,0.8782759281531212,5.068385825235241e-05,1.8755247549715123e-07,1.5735022745511703e-05,1.5206984006155419e-05,1.300168427443897e-05,1
0.0002417782962765706,0.053792235631302636,0.6996486980504476,0.0001264549481622391,9.983629577335834e-05,0.24608453893118604,6.457846851533637e-06,2
0.00031641819649785705,0.025095822380469684,0.7610444924134786,0.00050854498121536,8.204887127877612e-05,0.21294422169435417,8.451462705669038e-06,2
0.00015868462489308208,0.013996269595972655,0.8874580904807479,0.0008552133507208034,1.91367088895577e-05,0.09750917526651161,3.4299722646093334e-06,2
2.1130211666236493e-30,1.5776523476384422e-28,1.131914103244476e-26,1.0,2.6861018616160524e-31,1.0318582383155455e-27,2.352913368335921e-32,2
8.084827228865433e-05,0.006162963201490366,0.9759539247560762,0.001596371069233677,1.214281666582247e-05,0.016192352771588796,1.3971126563864688e-06,2
0.0002316434154088598,0.009731920985282186,0.04212360799736658,0.0001187181062672545,2.4799803745475168e-05,0.9477679681974055,1.3414945242827178e-06,5
0.0001974976079953835,0.010952906617057605,0.039562220866199725,8.27210871086086e-05,4.351366771394586e-05,0.9491596295626871,1.5105912376051772e-06,5
0.00026913416397220916,0.03755738372350331,0.05095449495728872,0.0001305992642094068,3.7290308244954596e-05,0.9110466586824199,4.438900361685539e-06,5
0.00023173948105623604,0.0610229141568526,0.03006671610731678,7.61837301405033e-05,2.7751916295855146e-05,0.9085729221127973,1.772495540801199e-06,5
0.0008348193922613863,0.22305298664139725,0.36308380525724226,0.0002452083824751512,0.00032102496736650737,0.41245566563413705,6.48972512041467e-06,5
8.54053543212578e-05,0.03114508606921264,0.927100196827669,2.3575116749079676e-05,2.518807483581718e-05,0.041619101912237784,1.4466449746675032e-06,2
0.0004356283604610262,0.03160862247222959,0.8287618676639807,0.000262660923668737,9.022983909086503e-05,0.1388328803944618,8.110346107210194e-06,2
0.00016656175263117182,0.009575168842421574,0.9586824969427327,1.533481978805793e-05,2.8344067652999974e-05,0.03152632298496578,5.770589807789313e-06,2
0.00019204643972277094,0.00821258440133014,0.917255661489263,0.0008841153825964881,4.4671984031860167e-05,0.0734058893386585,5.030964397374656e-06,2
0.0001959994404407089,0.03392593560614499,0.8616058762337093,0.0010528902372264853,6.664745725257206e-05,0.10314823660526207,4.414419964054204e-06,2
0.0002495091451485129,0.041079942521176964,0.8617070434549992,0.00948381909179107,8.1751675053535e-05,0.08739329623480549,4.637877025625152e-06,2
0.0003411742525716814,0.1384169809224017,0.6447885420191781,0.0001704655852203538,0.00011406119592522501,0.21616629786330815,2.4781613949614766e-06,2
0.0001831091142631759,0.05105242836619374,0.947321518098183,1.613967606322329e-05,6.283020503409671e-05,0.0013620216707396792,1.9528695230166222e-06,2
0.00017483079714306017,0.07243942010886614,0.9183197051894296,1.6347418228901863e-15,0.00015936282683487563,0.008905717266676017,9.63811048846089e-07,2
9.377562731399764e-05,0.038304101557510274,0.9437249433218381,1.778098989608093e-05,9.164562628593326e-05,0.017767243238670644,5.09638484705824e-07,2
7.509322803859043e-05,0.01947029597681908,0.8557949190197268,9.176555504316755e-06,5.488863822861691e-05,0.12459520668530785,4.19896374771473e-07,2
6.086479362777464e-05,0.014999193314925488,0.9326634298162121,1.5388232584791456e-05,3.8882289475255837e-05,0.052221922649209426,3.1890396520593924e-07,2
0.00015522510981180583,0.05232576983463071,0.9384849473584651,1.4073394053761471e-05,4.2436949147224525e-05,0.008976520595153276,1.0267587378774721e-06,2
0.00016006273682402656,0.12458989280365208,0.8716319074023553,1.9077628009794105e-05,5.088460276938348e-05,0.003547100840945415,1.073985443871904e-06,2
0.00031629316237722315,0.055713483963880504,0.8108680037286313,0.00020890390515278492,0.00010809872522497919,0.13278473321192938,4.833028034839387e-07,2
0.00011667476620465325,0.05389373937989379,0.7428179811802111,1.151741801922164e-17,7.621701230492821e-05,0.20309475284097145,6.348204139981077e-07,2
0.00019869966270703347,0.09000078448293587,0.13251608482535193,0.000349018778292597,0.00012832090523138051,0.7768058503188575,1.2410266237932224e-06,5
0.0002907280555570259,0.203325784783207,0.12097711366622367,7.400404133031396e-05,0.00011655981836345048,0.675214395462876,1.4141724425303243e-06,5
0.0005610557302721281,0.4144016160772092,0.2738408704730418,0.00014062600294717606,0.0002636710766567924,0.3107893454221104,2.8152177625126235e-06,5
0.0002935359886325772,0.2096246561455104,0.17623754913676773,0.00040823384465321085,0.00031893937870347333,0.6131153930235528,1.6924821797009083e-06,5
0.0002957887837996009,0.21472379443623982,0.24689586451995527,0.0013576808303269413,0.00030378767004051404,0.5364213782881967,1.7054714410601907e-06,5
0.00023562772545353912,0.09520333901328548,0.22796079290137788,0.0001608618671351267,0.0002465184271182244,0.6761914438042258,1.4162614039203188e-06,5
0.00030856838817561275,0.019763282667293127,0.2582791893715362,8.87418520149797e-11,7.074607099859199e-05,0.7215759187290076,2.294684247029062e-06,3
0.00027744723919530907,0.07325920964604082,0.12336609004218617,7.384556680367371e-05,6.304947325229198e-05,0.8029415184617725,1.8839570749053193e-05,5
0.00017759626314837142,0.038009790083981185,0.06666182241748546,2.507812718479389e-05,4.29103890338418e-05,0.8950805791540349,2.2235651313529514e-06,5
0.00016915457787099457,0.03691995374188389,0.15095146440773305,4.531241178030283e-16,3.790482324674468e-05,0.8119200862946323,1.4361546325703467e-06,5
0.00030448342670929776,0.026216250778085714,0.3308048661385265,0.00013952034619410257,5.477909039616459e-05,0.6424625723186733,1.7527901414948378e-05,5
0.0006522060268423278,0.05857518381744618,0.614106177871365,0.0045954477937667155,0.00011632047213193333,0.3219467184642582,7.945554189492873e-06,5
0.0002532306694715963,0.0205267602022087,0.23588922729089884,0.013833426439458198,3.1623645951102156e-05,0.7294550654208459,1.066633116567562e-05,5
0.0003323904298535095,0.02084722618879266,0.22004393960256524,0.03581432549857513,7.54784694648384e-05,0.7228827668665109,3.872944237670069e-06,5
0.0002577981393849742,0.02062099255481419,0.16444202004498762,0.00022780946817899456,5.170711928164069e-05,0.8143917895748509,7.883098501702182e-06,5
0.0002752499172884548,0.024205836851490768,0.21727153457503742,0.0001610037475153032,3.442150189593649e-05,0.7580429596525519,8.993754220346564e-06,5
0.00029812660440087875,0.065848464724419,0.18528228098957122,0.00010562444372246177,7.469429703949677e-05,0.7483783261456203,1.2482795226720638e-05,5
0.0002447093067762542,0.05348149737052933,0.2964897911944217,8.835531262953552e-05,5.410056386182558e-05,0.6496320078679385,9.538383842779307e-06,5
0.00034085735675740337,0.07464738062908506,0.7891488711894222,0.00012332288691851683,8.078337152564368e-05,0.13564838693719827,1.0397629092820984e-05,5
0.00028545891685195665,0.08023251784592766,0.11069949458449906,9.458636345191885e-05,9.087525765004037e-05,0.8085946689514458,2.398080173582368e-06,5
0.0003589016284438009,0.0822319139884,0.3587501403294906,0.0004968124581058988,0.00026372718298891173,0.5578965202042345,1.984208336326171e-06,5
0.00016857341044514438,0.050808560939177794,0.199347759808004,0.000292689400434459,4.335396938604507e-05,0.7493376026481221,1.4598244306441905e-06,5
0.0001887177693486123,0.055731995892991576,0.16395268367841664,0.00015882244136740603,4.75550418887153e-05,0.7799177019069613,2.5232690256619374e-06,5
0.00019568806988043606,0.03794317405270044,0.1845928079959635,0.0001303740557056588,4.709854597653532e-05,0.7770883582324065,2.499047366931396e-06,5
0.00014652479598720443,0.008956179168571273,0.3326955838818622,0.0005309633064592602,3.0452686555466015e-05,0.6576387812308653,1.514929699209433e-06,5
0.00032630136719092174,0.026537474009676647,0.2509446575879459,0.0006179779977888211,8.536815483089576e-05,0.7214848568331281,3.3640494387530376e-06,2
0.00036038804452865095,0.03930582624979479,0.48718589315321903,9.78519094954094e-132,6.208966607778709e-05,0.4730819047069341,3.898179445472735e-06,2
9.892038431092145e-05,0.011880107575736777,0.9500272115632625,2.5239000239100288e-05,1.5826738288878573e-05,0.0379510388046945,1.6559334672611014e-06,2
0.018246614927288313,0.00012345486023418749,2.8606239177718693e-07,5.34480053287361e-09,2.2533944600692572e-07,1.8020072931634183e-07,0.9816292332651099,6
0.845819178903165,0.1541108170149645,2.092510945189879e-05,1.830709515520248e-07,9.491736050725508e-06,8.157248433442778e-06,3.124691698270859e-05,0
0.8501140324068626,0.14984372511861127,1.833843832547971e-05,1.6044051582817637e-07,8.318408874662644e-06,7.110997624648201e-06,8.314189185548934e-06,0
0.9285954528500818,0.07137878977251111,6.482436926455179e-06,1.1044754796852948e-07,4.359613365830481e-06,4.5676310195448074e-06,1.0237248547196762e-05,0
0.9421487559958879,0.05782829066187438,7.760018403666227e-06,1.0236120647972471e-07,3.810055523767407e-06,4.409525308694889e-06,6.871381795151624e-06,0
0.9443628468446805,0.05561393178080987,6.420517144275034e-06,1.0497852750916614e-07,3.7685345405147025e-06,4.341456079890819e-06,8.5858882174728e-06,0
0.94947969674565,0.05049119674167928,5.870072157367961e-06,1.0579739359997288e-07,3.2001929159338916e-06,3.7853565842161135e-06,1.6145093619689633e-05,0
0.9433348826340873,0.05663940882049692,5.911612332901712e-06,9.891736354284194e-08,3.4707975757933117e-06,4.165418680294228e-06,1.2061799463268796e-05,0
0.936564772007923,0.06340123246693799,8.269246773675896e-06,1.5102290629717343e-07,4.3241798463212855e-06,4.884192911998622e-06,1.6366882701093617e-05,0
0.9157730334855076,0.08417184752788162,1.440075639714602e-05,1.667818121842714e-07,1.0769278101756853e-06,7.728250115659949e-06,3.17462704755188e-05,0
0.977793142648169,0.022174185680952918,7.384414517396996e-06,6.962108122759255e-08,4.504247267193344e-07,3.449487897630745e-06,2.1317722655110637e-05,0
0.9839277482271945,0.015915175651080908,6.276448012090742e-06,5.7228385695120766e-08,3.9800616964637415e-07,3.2691223153668922e-06,0.00014707531684159467,0
0.9646585818393953,0.03321012847378056,1.6038516993058652e-05,9.357580025584399e-08,8.877578139619091e-07,7.04094685687431e-06,0.002107228889359957,0
0.9429528993979486,0.0440962146755215,1.5127862368021906e-05,2.2135965711236762e-07,1.339576367993096e-05,1.190308252766687e-05,0.012910237858297232,0
0.9586597773874322,0.0290118629366053,1.3997105069610208e-05,2.1648712375864164e-07,1.2636749129892814e-05,1.0699134279567887e-05,0.012290810200359515,0
0.9280000933735383,0.024931684354264825,1.5152717646393547e-05,1.9159775478792622e-07,1.0505658791340314e-05,9.792794441046624e-06,0.047032579503563245,0
0.805396024945415,0.03375229752727355,1.8654344204550578e-05,2.2432280406520163e-07,1.7290750098455648e-05,1.037038746119598e-05,0.16080513772274319,0
0.866296258995135,0.03826489239272337,2.0711191541941337e-05,2.467000580109418e-07,1.879682223622951e-05,1.1637623646530211e-05,0.09538745627465889,0
0.7292182197494591,0.2575621127396429,2.0719424707261495e-05,1.9966544808354423e-07,1.7521020059741314e-05,1.2218428031431192e-05,0.013169008972651351,0
0.6738129790637291,0.3173299829998443,1.915173208837487e-05,2.1140594035711812e-07,1.803105658265072e-05,1.0198076166625913e-05,0.00880944566564869,0
0.6627499206405209,0.32844707727819755,1.9425671115062277e-05,2.1442980980506836e-07,1.485948623199145e-05,1.11047173381997e-05,0.008757397776786578,0
0.6013220039388693,0.3974805683788136,1.6391557476830082e-05,2.117048589233688e-07,1.1686675657824141e-05,1.1187132992461983e-05,0.001157950611331123,0
0.5167153530784506,0.4822109016450603,1.6108691686597554e-05,2.080515110154551e-07,1.163305551630906e-05,1.1732919035298317e-05,0.0010340625587399923,0
0.6404939586944661,0.35945523177624183,1.5024525035876336e-05,1.0438212884272702e-07,1.4925100229434006e-05,9.978523604656308e-06,1.0776998293190251e-05,1
0.5703331280769568,0.42960187191584837,1.3257773181379696e-05,9.210770956698724e-08,3.124152945290345e-05,8.805137088838456e-06,1.1603459762172553e-05,1
0.4551403759275935,0.5416137507417298,1.4804110294648947e-05,1.9538778816553525e-07,0.0032063609181820895,1.07892216146836e-05,1.3723692797019962e-05,1
0.41132854466528246,0.5842995369499598,1.3531622069370167e-05,1.7859321862671082e-07,0.004335802264147774,9.861833396725599e-06,1.2544071925250092e-05,1
0.22678895417140996,0.7516288154204098,2.129250795780306e-05,3.7827675336747227e-07,0.021535466668448865,1.5517959709621236e-05,9.574995310639647e-06,1
0.4300168076614023,0.5470304931740303,4.4758589516583004e-05,2.793421349779866e-07,0.022829595359357427,6.985641558123925e-05,8.209457977126207e-06,1
0.5129872526299398,0.45286998861764444,3.6882992976358355e-05,2.3125889884837424e-07,0.034033643532933845,6.57131895619183e-05,6.287778044774438e-06,1
0.16638516501136685,0.8335640697904609,2.1680151069893624e-05,1.4294963558740974e-07,1.1441124895159965e-05,1.4273455021922975e-05,3.227517549450464e-06,1
0.40878208352296713,0.5910842852754666,2.2310701856761245e-05,4.7248294851088507e-07,7.342179002117307e-05,1.8017874030322917e-05,1.9408352709495994e-05,1
0.4881160085557333,0.5095915247115949,2.868248024247512e-05,2.497417321594701e-07,0.0022387351865220655,2.041647386803283e-05,4.382850307211803e-06,1
0.15346974334594174,0.8454482097089617,2.4129536356006076e-05,1.4206226217072205e-07,0.0010430030575865152,1.1480800326242937e-05,3.29148856570897e-06,1
0.18255887455342973,0.8159745364364556,2.172743196238725e-05,1.5154088543351146e-07,0.0014287021946198025,1.2496740655367389e-05,3.5111019916210643e-06,1
0.3771686771208031,0.6210970115903102,3.4749162646178496e-05,2.976868872778528e-07,0.0016804188867516432,1.869918585586957e-05,1.4636674592177622e-07,1
0.31649107156020173,0.6821760294027371,2.6762974589840707e-05,2.2026351407671117e-07,0.0012864086024824929,1.5354528233824367e-05,4.152668241037174e-06,1
0.15454091739640063,0.8453263700495254,2.2178400059085052e-05,1.5573729032564926e-07,9.627390546378403e-05,1.1025463821683676e-05,3.0790474390925374e-06,1
0.3129911804985582,0.6860072040310679,1.718434246783601e-05,1.4225133154576107e-07,0.0009695621452099645,1.1099760645396899e-05,3.626970719303748e-06,1
0.45499471106873,0.5424381234850605,2.7509791027320842e-05,2.5126410641686394e-07,0.0025169559004540837,1.4794803640653706e-05,7.65368698103121e-06,0
0.6319931029665145,0.35492929091568315,2.3956805805590618e-05,2.1360212714479623e-07,0.013029267127206052,1.3117326237011169e-05,1.105125642648028e-05,0
0.7609712150708002,0.21632484722856857,0.00021665344515716333,2.1423565300136137e-07,0.022078703823722637,0.0004006416248020841,7.724571296396557e-06,0
0.4544647389567331,0.5436611359772814,1.9299256426137766e-05,2.402676454065329e-07,0.001821993172201755,1.4252553621716594e-05,1.833981609051026e-05,1
0.31371365503507864,0.6859767538312718,1.4618218641377582e-05,1.819906889389193e-07,0.00026196112174001375,1.0795594422904207e-05,2.2034208156287494e-05,1
0.27443559694125425,0.7255266468017294,1.1631804389828322e-05,1.3936504538334806e-07,9.064786744329628e-06,9.8113975595675e-06,7.108903277045982e-06,1
0.3444942530713806,0.6554643941370629,1.6148853264069527e-05,1.8278094096228257e-07,9.117702229522977e-06,1.1302026700343636e-05,4.601428421672071e-06,1
0.2621316672711152,0.7378169506437915,2.0934529919991053e-05,1.9317290902458714e-07,1.3212133360033853e-05,1.1912686577222244e-05,5.129562326798274e-06,1
0.2560495146005323,0.7439079924467492,1.643457012742469e-05,1.6532603491403865e-07,1.1307535990421267e-05,1.0195411183330933e-05,4.390109382398175e-06,1
0.15410294432117347,0.8458402102819266,1.7406810154598768e-05,2.1588836547445313e-07,2.15205945461463e-05,1.1238229815542373e-05,6.463874018128152e-06,1
0.11018495090915358,0.8897477537185925,3.781897341369898e-05,1.49405944540933e-07,1.2052289389638054e-05,1.219638294299021e-05,5.078320562929069e-06,1
0.17239088499178465,0.8275044748054832,4.5489709986307855e-05,1.9371045266521672e-07,2.513830818612056e-05,1.7381472415268117e-05,1.6437001691743715e-05,1
0.19910174647923057,0.799582330068457,3.227621543432886e-05,2.559785106931236e-07,0.0012374237774171295,1.896247240090605e-05,2.7005008549270988e-05,1
0.133814521428322,0.8658482145714153,5.886164099339769e-05,2.879570145515439e-07,0.00025434876229431296,1.9849769135572163e-05,3.915870824950934e-06,1
0.00035896837133293373,0.031273016695115514,0.7542629085897871,0.0005769313069757404,0.00011371276377564664,0.21340487430419067,9.58796882231643e-06,2
0.00042715887842338266,0.024483451779016445,0.2217215638402322,0.002141497712788904,0.00012445032357567688,0.7510986167172429,3.260748720626044e-06,5
0.00016519783279053305,0.00832264190952752,0.08574777133165436,0.0002959713979940373,4.174442073525431e-05,0.9054244288759191,2.2442313790732786e-06,5
0.00019192805667143136,0.006588186067632303,0.05485748832496429,9.189620798422322e-05,3.454654033426493e-05,0.9382349464578363,1.0083445771906351e-06,5
0.000236324437549669,0.009015551870162689,0.05551780399114003,0.0012561747182890728,3.55334699568189e-05,0.9339372154355237,1.396077378147607e-06,5
0.00022042946926399202,0.0546018004316256,0.03205376960655474,4.4574617948055136e-05,2.9291334077016865e-05,0.913047461332742,2.6732077886281194e-06,5
0.0005158758837492386,0.1728057238498577,0.24086356313585486,0.000153610037753943,0.00011637651707779077,0.5855399032608816,4.947314824912907e-06,5
0.00027908713214101804,0.1020653487869861,0.8235843674070223,7.854275169438802e-05,0.0001052327012641706,0.07388419956714426,3.2216537475995736e-06,2
0.000398594952941483,0.029701798300928544,0.863078498446152,0.0003211390955649774,8.4003641075599e-05,0.10641108053988557,4.885023451650957e-06,2
0.0002584196158887142,0.009742162112236614,0.9059542575998878,0.0007066643709160704,5.535859075053371e-05,0.08327636799415669,6.769716163424403e-06,2
0.00010582207780970538,0.043484696938165694,0.948431840171462,0.00026628873810620923,0.00010396707712001816,0.007606799953880503,5.850434556895651e-07,2
0.0001554313634129148,0.038543457600022736,0.9227379141537474,1.4383873616712604e-16,0.00011227382540604492,0.03844991959721503,1.003460195799319e-06,2
6.291869194702127e-05,0.017353935394642528,0.8990180493313956,3.609690659113409e-21,3.6207349958863694e-05,0.08352852446769869,3.647643573491452e-07,2
0.0001700904533735959,0.053934410937606606,0.9344825467880813,0.0,5.384402925978953e-05,0.011357354538317004,1.7532533616894716e-06,2
0.00020171440646524018,0.1174462169814378,0.879657805729076,0.0,0.00010998710198563146,0.0025829223221312714,1.3534589040614857e-06,2
0.000657945750559832,0.12928516307563545,0.8471022975059141,0.0,0.00018443483498632024,0.022769089753748452,1.0690791558028442e-06,2
8.1948768520124e-05,0.03819848636396736,0.4372112500542124,0.14491608983427276,7.04425243680567e-05,0.37952135308021046,4.2937444895706536e-07,5
0.0002021140628629279,0.09255709142740359,0.43792532947860896,1.414220056116161e-14,0.0001617731420582691,0.469152472792228,1.2190968240606417e-06,5
3.099830063051223e-05,0.008776906280666515,0.10250910550734298,0.8750268686545829,2.1585552156106655e-05,0.013634240762547005,2.949420740976038e-07,2
0.0010545225859318274,0.14017425715550827,0.3746673260542262,0.0005867767210263602,0.00013512284602104632,0.4833360479782889,4.5946658997490614e-05,5
0.0002192125920397951,0.03987176880813676,0.252518855887058,4.856452856923687e-10,6.042422715205492e-05,0.707327836224627,1.901775341038334e-06,5
0.00028292023333882546,0.06134326582754967,0.2684401394835839,3.5453134190734866e-05,8.524258221450399e-05,0.669809158707354,3.820031768480729e-06,5
0.0003185773471047052,0.0650381822342272,0.304432721682906,2.5875690291740596e-05,8.142796157423635e-05,0.6301006522428522,2.5628410439277456e-06,5
0.00032581266389733644,0.08343221845784,0.2965265409105359,5.425326030505846e-05,6.261773331726942e-05,0.6195933964380308,5.160536073513265e-06,5
0.0003103260274812481,0.07351559220752142,0.20041283366129045,3.9987997863344356e-08,3.6393484978283914e-05,0.7257146747693028,1.0139861427889077e-05,5
0.0005225652815386294,0.11444121331470074,0.6792898560178939,1.2028099046592258e-07,0.00016985164141264066,0.20556637163430863,1.0021829155022654e-05,5
0.00028662902111029683,0.08434436306191279,0.1293018921487212,8.552848430035348e-05,0.00010476818721884279,0.7858730715289436,3.7475677928153865e-06,5
0.00029541413283305275,0.07557247948121076,0.1666324148213081,0.00012841436790531638,7.617546874618355e-05,0.7572926982672425,2.403460753975341e-06,5
0.0001899387296682086,0.04844237902984641,0.19791386972916356,0.00012712983450908097,4.884873509716073e-05,0.753275242029369,2.5919123465787457e-06,5
0.00018512720896959368,0.03589546320384138,0.23052586389095064,8.448614592806328e-05,4.455673955233671e-05,0.7332629837640099,1.5190467479533335e-06,5
0.0002120550828501544,0.040996403135313504,0.17934676128358976,0.0001185928010397804,5.0888493810752154e-05,0.7792725990615165,2.700141879713713e-06,5
7.955321319601762e-05,0.005172269620555026,0.061105790389582644,5.5628245709681696e-05,2.7405909764513703e-05,0.9335585399763336,8.126448583826327e-07,5
0.000213371765411526,0.031388590192535745,0.28926440332709397,8.647710707181637e-05,6.417126158675924e-05,0.6789807802812978,2.2060650022873714e-06,5
0.00011158278032083861,0.00699889820542809,0.7417251392053675,0.0006594785320425409,4.66033271968736e-05,0.2504571442877898,1.1536618542240595e-06,5
8.410042599736957e-05,0.008719072859132822,0.9712332501939862,2.242419448359368e-05,1.130478390189203e-05,0.019926345244483952,3.5022980140529257e-06,2
6.74995995473879e-05,0.007967318296528766,0.9481554525471333,7.359452040314721e-05,1.1945775770177716e-05,0.04372281611504796,1.373145569010423e-06,2
6.983718187267538e-05,0.008219122199609233,0.9781215257969512,6.25977576845214e-05,1.1914875473756205e-05,0.013513585645124037,1.4165432846414299e-06,2
0.019369977210660014,0.00012233772214314016,3.0464221677294525e-07,5.69194668487592e-09,2.3721454652838327e-07,1.9190481245011315e-07,0.9805069456136745,6
0.8589982172723855,0.14096416741428755,9.705869072700094e-06,1.988905833603825e-07,7.594944886673685e-06,6.432269126118867e-06,1.3683339657983808e-05,0
0.8763810009503071,0.12357866587138304,7.877687575804504e-06,1.434688524959962e-07,7.433089493397276e-06,5.9332487959436916e-06,1.894568359253242e-05,0
0.9499437417004764,0.05003202181389665,7.155677606328464e-06,8.639691745734377e-08,3.425483762019659e-06,4.00341607149984e-06,9.565511269423795e-06,0
0.9337148656205323,0.06625615909002779,8.146906399464385e-06,1.2274392863058343e-07,4.346292203151723e-06,4.831459476112495e-06,1.1527887432350356e-05,0
0.9835059797953323,0.01645375564221379,5.333050785565877e-06,5.70452945857875e-08,3.690636624908361e-07,2.8456589070701244e-06,3.165974380427703e-05,0
0.9493155930070548,0.05002979366946353,1.4932777556074806e-05,1.4078788734513304e-07,7.435556538472807e-06,8.042386984411743e-06,0.000624061814515249,0
0.980530591694298,0.0191745038816037,3.1630722268160625e-05,7.4579143214416e-08,6.096607660652607e-07,4.260269416685258e-06,0.00025832919250429924,0
0.9686813457912479,0.030547014165431152,1.4956016399636991e-05,1.149378623586084e-07,9.54214833720048e-07,6.565726538554638e-06,0.0007490491476866868,0
0.9751828775820485,0.014813591334993036,1.3632071534725205e-05,1.6286636614581985e-07,1.1533126722850324e-05,9.303601098002123e-06,0.009968899417236662,0
0.975240209622786,0.018933027741763322,1.3750807001754906e-05,1.6428493367596333e-07,1.1330205558041871e-05,9.384635548167337e-06,0.0057921327024085725,0
0.9191556778275838,0.04101060124450449,1.7598751355081833e-05,2.2999912581556316e-07,1.1541193844545623e-05,1.2373338056017056e-05,0.03979197764553016,0
0.9284263988940443,0.04549616908932428,1.7757087113069023e-05,2.2988323548380555e-07,1.0036240978904539e-05,1.2367103466006439e-05,0.026037041701838022,0
0.9204903643457463,0.030547711899454082,1.570605731746906e-05,1.9859442964765953e-07,1.0977515552214011e-05,1.1117656171476604e-05,0.04892392393132882,0
0.8905337447800984,0.02563806245029759,1.5619721675546827e-05,1.9750276308747572e-07,1.0845010672326675e-05,1.105654280847063e-05,0.08379047399168472,0
0.8604603802785603,0.02932333275181255,1.6782151310706016e-05,2.1220104450423912e-07,1.1652103273654276e-05,1.1067186763608411e-05,0.11017657332723449,0
0.735676887987792,0.24399553625145406,2.150364135219161e-05,2.561392741836864e-07,1.8134653204558466e-05,1.1823780135654199e-05,0.0202758575467875,0
0.7578797338866187,0.22924214633533566,2.1541154696624755e-05,2.3778152513851988e-07,1.8130953091659652e-05,1.147041611168923e-05,0.012826739472620747,0
0.6631336155923658,0.33551529189465623,1.8497420387548173e-05,2.2903533195141755e-07,1.2326034414624976e-05,1.0034548843005717e-05,0.0013100054740007787,0
0.5946497000836211,0.4043615289583623,1.652487292546549e-05,2.046112201940744e-07,1.7479989109761316e-05,1.1460814714793878e-05,0.0009431006700466103,1
0.5701520719278742,0.42979784396434456,1.3667138208084476e-05,9.49517524142101e-08,1.371792054868736e-05,9.07701647085821e-06,1.3527080801124134e-05,1
0.29565089969890174,0.6751788404784285,3.990993927854617e-05,3.899644160524897e-07,0.029055120229029542,6.496885484475864e-05,9.870835100965509e-06,1
0.5011351593111215,0.49591811737768493,2.9447506440694077e-05,2.564029053312254e-07,0.002890304962024029,2.2214689050298862e-05,4.499750773264376e-06,1
0.15342525059485856,0.8456525566175901,1.9661112335527352e-05,1.26923395094441e-07,0.0008881695091324841,1.1514571742144814e-05,2.720670946064877e-06,1
0.15384067730758189,0.8450794618857941,2.240481555168293e-05,1.420003007763656e-07,0.0010425481449110544,1.1475792899318488e-05,3.290052961221731e-06,1
0.15143791291144412,0.8476751604684789,2.7948184542320987e-05,1.4583524438727976e-07,0.0008461938300144135,9.715502425056526e-06,2.9232678508833004e-06,1
0.3928176405314187,0.6052868297311662,3.10348593840239e-05,2.2917885796477513e-07,0.001840202451308592,1.8722262208119486e-05,5.340985656354697e-06,1
0.43086808791800096,0.5679130903024994,3.170120683929864e-05,2.2263534811026328e-07,0.0011635217427863878,1.8187704577692617e-05,5.188489948044051e-06,1
0.2631422113500203,0.7347286649633431,2.152930086395254e-05,1.6625426883733582e-07,0.0020909180068981723,1.086345699464805e-05,5.646667610782796e-06,0
0.641384352392517,0.35367851922985316,1.9924027833005256e-05,1.9844070347730077e-07,0.004889611758724097,1.0909216160187406e-05,1.648493420912939e-05,0
0.5603185091292213,0.4305142973391054,0.0001486852602558289,1.6292546717733962e-07,0.008785712104858604,0.000223510080693915,9.123160397811405e-06,0
0.7713608630638109,0.22466449800826319,0.00025630069852732615,2.172025513239451e-07,0.0034881867653038814,0.00022454283371837918,5.391427824997652e-06,0
0.7306690186751335,0.26614499027236027,0.0001419787861955441,2.1996416861119197e-07,0.002860460571499967,0.00017762823168624128,5.7034989560611724e-06,1
0.4122319021359223,0.5869544082064386,2.073191055449483e-05,2.5810358822742354e-07,0.0007461396249817844,1.531057261140826e-05,3.1249445903226965e-05,1
0.22039804177048009,0.7795495435132999,2.13552533528201e-05,1.9705512513954216e-07,1.3477658983177676e-05,1.2152097082743046e-05,5.232651676274436e-06,1
0.2126932691510486,0.7872624608882572,1.6652042103231318e-05,1.94009970460359e-07,1.261573060870808e-05,1.0351050757885245e-05,4.4571272538931926e-06,1
0.18410833778350263,0.8158461940056352,1.9238837557355042e-05,1.6999074795585448e-07,1.2596230555991051e-05,8.949174647605628e-06,4.5139773533545864e-06,0
0.1832673157082106,0.8166863927759047,1.824633117329634e-05,1.6413747037213677e-07,1.3294524951067474e-05,9.673843752653886e-06,4.9126785374425865e-06,0
0.18207998764366537,0.8178740207478051,1.8128119254311653e-05,1.630740782213695e-07,1.3208394139808518e-05,9.611170132236819e-06,4.8808509249899575e-06,0
0.15720214783006356,0.8427435815668938,1.7737606912318158e-05,1.7308287711343224e-07,1.9949850040348174e-05,1.0417974236645233e-05,5.992088976205871e-06,1
0.14958202487243363,0.8503680240233966,1.5521417709667652e-05,1.6311799802526266e-07,1.880127979010384e-05,9.81818149375132e-06,5.647107178299234e-06,1
0.16067146959676903,0.8392711642881997,2.3621685442635945e-05,1.7176272395292755e-07,1.3855767665697137e-05,1.3878669832202872e-05,5.838229366810002e-06,1
0.13001905825530505,0.869911481392885,3.6739479936575306e-05,1.6585108631953713e-07,1.3378887259477579e-05,1.3538841218662582e-05,5.637292308739953e-06,1
0.07377316678357874,0.9261039647628919,9.074357549974092e-05,1.3970250822897506e-07,1.2853054688279232e-05,1.04856828297628e-05,8.646438003440863e-06,1
0.14972488053306743,0.8501885742426059,4.8041157600560115e-05,1.9046284521198397e-07,1.6165162261454197e-05,1.5674593565301652e-05,6.4738480539440685e-06,1
0.17512402294630802,0.8247675282967472,4.7028213546645344e-05,2.0026191718740703e-07,2.598850874041837e-05,1.8238856631428658e-05,1.699291610912803e-05,1
0.13319335879259991,0.8666919374498108,5.4869491051389796e-05,2.6842701913276756e-07,3.741204721669227e-05,1.850350604527991e-05,3.6502862570913364e-06,1
0.09393047929072562,0.9022644730107242,6.077699813856186e-05,2.120037512844907e-07,0.0037265779865036336,1.3859797011803928e-05,3.6209131449235782e-06,1
4.995649027232191e-05,0.004630577644774735,0.975191492050987,0.00010679674681326906,5.545446884643507e-06,0.02001355833386604,2.073286402023258e-06,2
0.00010157253158970767,0.008213534354516223,0.9640020683313901,2.569728562845272e-15,1.4732185190279389e-05,0.027665871838730816,2.2207585803982775e-06,2
0.00010250736013946832,0.008289128083341025,0.8975990413367119,0.0005518022716188593,1.4867773691429144e-05,0.0934404119770398,2.2411974578249832e-06,2
0.00020956498639226743,0.007201905855534022,0.05994228490416336,6.621130109157533e-05,3.3578633328011335e-05,0.9325452537894912,1.2005299995161885e-06,5
0.0001902341680413889,0.00642051963152655,0.053106061118490755,9.538620779965655e-05,3.054562850493225e-05,0.9401561611540374,1.0920915993223894e-06,5
0.00021538908388443997,0.007995903551980646,0.0685787015766372,0.00026980111912992854,3.599851944681326e-05,0.922901571278868,2.634870053047896e-06,5
0.0006965257722978564,0.10938912037958701,0.32501755851358544,0.00017806509471112936,9.852777820368398e-05,0.5646156809658093,4.521495805685321e-06,5
0.00029412126913899586,0.10017270176866835,0.6796800020019114,0.0020443970623701883,0.00012113401447887503,0.21768475447873445,2.889404697763879e-06,2
0.00014992920925935833,0.061230358006275645,0.928012036052659,7.036632233424282e-16,0.00014479921156278043,0.010461909581788094,9.679384544788216e-07,2
7.497823182566671e-05,0.01818843662213843,0.9685597201264878,1.8492531477692695e-21,4.017241311317023e-05,0.01313625792819076,4.346782442663183e-07,2
0.00014120553851995645,0.10714899618847834,0.8911906599365327,0.0,5.735323975987358e-05,0.0014603105139876441,1.4745827216140787e-06,2
0.00022515976402766132,0.1512875947511775,0.8447355669438014,0.0,9.145280040647941e-05,0.0036587149685365704,1.5107720504441778e-06,2
0.0004805499699757527,0.1102255593427212,0.8830854024006108,0.0,0.0001959388690527999,0.006011637945316277,9.114723230930457e-07,2
0.00024784467284799953,0.05964959783020877,0.9383357610705557,4.645841398401038e-05,0.00014930705243592008,0.0015705724597425599,4.5850022524595254e-07,2
0.00038162330411038823,0.06637679186652516,0.863473699016896,0.0004432017782551106,0.00013933020017029105,0.06918483151552543,5.223185175996623e-07,2
0.0005062605443308897,0.07631585213535255,0.6227699390915565,0.0006180931498952821,0.00015836535514250787,0.2996308276996901,6.620240319415962e-07,5
0.00021964158552313908,0.15988965534264457,0.18872720918421673,0.0003656997352138708,0.0002587954441242261,0.6505377322895628,1.266418714621317e-06,5
0.0003145269817176731,0.09250925224681392,0.40984305173805174,0.001084294397219811,8.472719125767273e-05,0.49615419662777105,9.950817168283433e-06,2
0.0007311879565305345,0.12668426535372845,0.5640922512779004,0.0007464995646963903,0.00014855599601981285,0.30756043995235405,3.6799898770589506e-05,2
0.0012686074221177077,0.3211233344938703,0.3819105055486958,0.00022277809543326792,0.000200418415224162,0.295224791667556,4.956435710279095e-05,5
0.0003742289038489555,0.11381188333135137,0.1874697126581753,9.983795380443126e-05,8.893579740015018e-05,0.6981523566653273,3.0446900924421168e-06,5
0.00031383714808828173,0.0668797430083617,0.26656932006263345,2.034238311218652e-15,0.00010433425334951825,0.6661301009903129,2.6645372520948953e-06,5
0.0003828833576660423,0.09784478029882325,0.6243207135151386,3.7796649219804634e-05,0.00012991754551530896,0.2772805869351828,3.3216984541246265e-06,5
0.0003672056117141589,0.09747939161890887,0.23508435354807422,0.00011107826312418304,6.998599684179737e-05,0.6668852599735366,2.724987800192992e-06,5
0.00021770282087638334,0.016004468379973207,0.13754619135005258,0.0001149962315267341,6.417452684775074e-05,0.8460500094640323,2.457226691146733e-06,5
0.00028357589587181623,0.09104411341004609,0.0929091497724253,9.892752728862082e-05,9.450839740818494e-05,0.8155674178509547,2.3071460053892542e-06,5
0.0005533018527626144,0.1303149558483757,0.34647227526087243,0.0002453699755616938,0.0004044304129781648,0.5220066596429819,3.007006467497899e-06,5
0.00025961000304945285,0.01325781946859552,0.8352625265900271,7.92761874835736e-05,6.770065023877654e-05,0.15107000234192727,3.064758678356096e-06,5
0.0004803326709621996,0.03066452423044357,0.17878732270072736,0.000330539059902742,0.00019289351104242628,0.7895404764058167,3.911421104960711e-06,5
0.00020091580298738524,0.015544228482745415,0.12600156077424224,0.00013352975083272674,8.840217966528337e-05,0.8580292887909171,2.0742186098865954e-06,5
0.00023697975619416375,0.04620657531881774,0.13460671914797434,5.5479230706043335e-05,3.852271497832269e-05,0.8188536546677473,2.069163582200678e-06,5
0.0002480086753003105,0.014319187913876453,0.20546759262724945,0.0006528988342601804,5.1544384696609495e-05,0.7792582033862786,2.5641783381622233e-06,5
0.00010833326854989464,0.010864281677570455,0.9674829923164756,5.2203218144400514e-05,1.768743423947374e-05,0.021473424056139022,1.0780288814544568e-06,2
0.01632090747231635,7.995092036810713e-05,1.8805696391530068e-07,4.245374094479718e-09,1.5282248224321216e-07,1.294986722824943e-07,0.9835986669838229,6
0.020064198677829687,9.833885969440649e-05,2.5285482036555375e-07,4.96362070216223e-09,1.9918090171648534e-07,1.5928211589769383e-07,0.9798368461810172,6
0.08601016243225534,0.0005681539651868041,1.1437934347587675e-06,2.322790050569582e-08,9.196862916808237e-07,8.012543913734011e-07,0.9134187956405394,6
0.17089046187108392,0.00014569030874107814,1.385583187838034e-06,2.4289232800511106e-08,1.0679408988864794e-06,8.378654127491238e-07,0.8289605321414428,6
0.7716402900439706,0.22830118966635443,1.6121436755808122e-05,1.996158675934012e-07,1.1572504430414507e-05,8.787440376002724e-06,2.1839292245023542e-05,0
0.8512900867468144,0.14864272270321832,1.0761077859799965e-05,1.6441207782561711e-07,8.107535175589771e-06,6.74114312782637e-06,4.1416381726370556e-05,0
0.9654723794087167,0.034491558017641394,1.110536979733318e-05,1.1818465594365335e-07,4.410549381168883e-06,5.476380002134944e-06,1.495208980539036e-05,0
0.9288552425699899,0.07107261325155476,1.1158581186489404e-05,1.4587327598458082e-07,8.469838413867373e-07,6.759401083578392e-06,5.3233339067936986e-05,0
0.9771002529281508,0.02287016702760497,6.570618746267685e-06,7.028301380632116e-08,5.319620139411992e-07,3.2567382645867075e-06,1.9150442205576035e-05,0
0.9196557747464488,0.07942121296611626,1.4612091069950168e-05,1.3776441949314893e-07,6.902680225219293e-06,7.869673983605253e-06,0.0008934900777367192,0
0.9553962119273482,0.04378723564641352,2.1011363909076856e-05,1.2258958812149293e-07,1.319994997753511e-06,9.22403840319428e-06,0.0007848744393401948,0
0.9723342589804533,0.01590725640671176,2.2008579294436642e-05,1.748905439419682e-07,1.082130052988243e-05,9.990471913592489e-06,0.01171548937055325,0
0.9279116272354737,0.04100284491426117,2.2997707434920404e-05,2.0969211704674968e-07,1.0362975577592679e-05,1.1978481847208587e-05,0.03103997899328821,0
0.8091564772887507,0.03121092680663249,1.7510331796312468e-05,2.2140848500292645e-07,1.2640566502323963e-05,1.2460865331955567e-05,0.15958976273250108,0
0.7227288791106987,0.2599608879952648,2.1125174468612384e-05,2.516311896562877e-07,1.781548095039418e-05,1.1615680068006308e-05,0.01725942492735978,0
0.6950715265768816,0.2946583312651863,2.3225194181430787e-05,2.71879421080961e-07,1.8596998895012884e-05,1.2420775492932185e-05,0.01021562730994172,0
0.5839949751357818,0.41193855420442166,1.7507318907874657e-05,2.0699662849605927e-07,1.5702772302709218e-05,1.0662961804675916e-05,0.004022390610152562,0
0.5809675032810269,0.4189693903820872,1.22390110891963e-05,8.502991138618299e-08,3.504153001075055e-05,8.758045979597184e-06,6.982719895139842e-06,1
0.17589195784297412,0.8240269412285658,3.075850970758892e-05,1.813585128807596e-07,2.5990069226531707e-05,1.820400735506424e-05,5.966983658208078e-06,1
0.15235801817894826,0.846831965158354,2.0776188411860985e-05,1.205900533568635e-07,0.0007765803745946314,9.745517935349762e-06,2.79399170263356e-06,1
0.18994288232640363,0.8088251465233693,2.1162757941825437e-05,1.4234225436936864e-07,0.0011958646462595435,1.1503427971871334e-05,3.297975799589742e-06,1
0.38715884237207404,0.6111867454567496,3.340517282268246e-05,2.6748212331475065e-07,0.0015996091420834523,1.6235841450982445e-05,4.894532695886985e-06,1
0.4349026406247452,0.5637971957617618,3.1471455445304243e-05,2.210218202139893e-07,0.0012452643583837613,1.8055890968782848e-05,5.150886874939236e-06,1
0.10204281553386067,0.8973985564002335,1.757413705385639e-05,1.234060381852492e-07,0.0005298880776279693,8.602611764742392e-06,2.4398334210664475e-06,1
0.3420406807091757,0.6570470762953813,1.8223819922673273e-05,1.5296410312587605e-07,0.0008782486630041156,1.1771182957107434e-05,3.8463654560606384e-06,1
0.24488782038940857,0.7531189536418513,2.5066230292604516e-05,1.807615805085375e-07,0.001952685999792989,9.786203024006987e-06,5.506774049971284e-06,0
0.53252436725986,0.464045237837982,3.4535432276407805e-05,3.147743423668e-07,0.0033712689512035857,1.4966291157421754e-05,9.309453178187712e-06,0
0.6051984407954577,0.38634758171104167,1.886664535172931e-05,1.682175667290095e-07,0.008408841298186457,1.0491265496823753e-05,1.561006689897412e-05,0
0.5115406803451219,0.47858706929717254,2.3867187106772527e-05,1.6590331933511055e-07,0.009818540365655819,1.280577409422929e-05,1.687112752944728e-05,0
0.48614547051625046,0.49440276864935684,0.00012258485408369097,1.748451944953021e-07,0.019214345089820353,0.0001032316431779788,1.1424402116274953e-05,0
0.5528285775372186,0.435574675271611,0.00015265432908215698,1.5709201305950278e-07,0.011219631830483655,0.00021550742878693733,8.796510804519947e-06,0
0.2771539797027827,0.72279356624815,1.2381260993438591e-05,1.4989707291800531e-07,1.1789976628500639e-05,1.0680007120053946e-05,1.745290725249102e-05,1
0.28134305325687065,0.7186149774238243,1.771452866630258e-05,1.7415510449238528e-07,8.687417715180137e-06,1.0768659087821638e-05,4.624558731007421e-06,1
0.3000877260642425,0.6998505390120036,2.6590929492924358e-05,2.0929158814363723e-07,1.647041926649883e-05,1.2906701593891175e-05,5.557581812472146e-06,1
0.2795753447125513,0.7203752620671887,1.768291648876054e-05,1.7788396326378152e-07,1.448494494223921e-05,1.2323899074958536e-05,4.723575790761233e-06,1
0.14799038675957962,0.8519620219244762,2.1005656465315643e-05,1.7115298964282377e-07,1.2682352091585747e-05,9.187314584130325e-06,4.544839813324856e-06,0
0.16634096508048193,0.8336161475848013,1.8491385024472076e-05,1.63386398043991e-07,1.1292471329176937e-05,8.601488191102044e-06,4.338603773943529e-06,0
0.18119462525286048,0.8187600961287955,1.928918222174742e-05,1.7043558393568606e-07,1.2247539268297075e-05,9.045671629370204e-06,4.525789640570585e-06,0
0.14785689447212022,0.8520958827796835,1.5707248588251235e-05,1.681289599903205e-07,1.5696923105226024e-05,9.935730117672476e-06,5.7147174255091495e-06,1
0.2522518999656624,0.7476887532199695,2.4054020486648e-05,1.8786626332569608e-07,1.4057382058530418e-05,1.4993736731361916e-05,6.053808828442077e-06,1
0.2580010887127962,0.7419312247924141,2.692855017399112e-05,2.1031686161464717e-07,1.6474431767415717e-05,1.6924508253054175e-05,7.148687733611248e-06,1
0.1835075652259519,0.8164313788692686,2.577133299156281e-05,1.7960221102148176e-07,1.448816396764384e-05,1.4512111420542525e-05,6.104694188577171e-06,1
0.16297805168381999,0.8369645403496568,2.396079578154477e-05,1.7422853087737542e-07,1.3647579285086218e-05,1.370332057505567e-05,5.9220423506046705e-06,1
0.15041360577504181,0.8495312155938098,2.30303212693946e-05,1.6746267849297203e-07,1.3117600030928796e-05,1.317117670791695e-05,5.692070461634449e-06,1
0.27326242623251,0.7253594025037292,3.216022277749194e-05,2.550585878598886e-07,0.0012940780421097562,1.889432601123862e-05,3.278361427435957e-05,1
0.3049680235686551,0.6949610691472529,2.1776057533210397e-05,3.2157362984096535e-07,2.6239475115384356e-05,1.8197168319183067e-05,4.373009494327992e-06,1
0.2696809881459854,0.7302233690823269,2.1208169539548014e-05,2.7095759192479643e-07,5.43143385102932e-05,1.5537191129389774e-05,4.312114916833842e-06,1
0.14749246797962462,0.8494230774564541,5.285548977698833e-05,2.0112474028174013e-07,0.0030160063727759775,1.195647129880962e-05,3.4351053292365413e-06,1
0.1277046090628477,0.8698917430515642,5.213339080301588e-05,1.9892536302829057e-07,0.002337263835295309,1.0654193010062187e-05,3.3975411165308205e-06,1
4.746955271545835e-05,0.004648306740169456,0.9789252082991535,1.811176506457037e-05,5.566678740443429e-06,0.01635282663578725,2.5103283695639984e-06,2
7.66460239951954e-05,0.0074435734361551886,0.9611302343981997,0.00017015320670653173,8.525563458110201e-06,0.03116767990343162,3.1874680535187463e-06,2
0.0001147476688930524,0.008815082666643657,0.9102914360448471,8.874761420235161e-07,1.5802879728167357e-05,0.0807607047124334,1.3385513125518432e-06,2
0.0001613883169250886,0.013097849344513836,0.9127205781821257,0.001053337475813202,3.3494527659845154e-05,0.07293162904774728,1.7231052149735165e-06,2
0.00015046545430047077,0.006565488282821924,0.07892991249089742,7.23197224943847e-05,2.4661899516461323e-05,0.9142561855620052,9.665879642007567e-07,5
0.0002146834817756504,0.008265986178445444,0.0886546221663915,8.775644022614588e-05,3.308733934633144e-05,0.902739950691245,3.913702569878042e-06,5
0.00011804165470273113,0.00676185073909038,0.027089442578611622,0.00018976892545033376,1.6293149913046598e-05,0.9658230038814277,1.599070804263208e-06,5
0.00016469089977060597,0.021873308702628907,0.02358945456788342,2.5739211252331694e-05,2.2474339478082088e-05,0.9543232075489059,1.1247300807425648e-06,5
0.0007309975688086959,0.20875040549043947,0.25024130542747824,0.0007122850568183857,0.0002320323274952611,0.5393255143469659,7.459781994105468e-06,5
0.0002866628323346209,0.09444581719119678,0.8089852515224483,9.479391099630762e-05,7.410838863656853e-05,0.09610861039529602,4.755759091339552e-06,2
0.0002463553965220423,0.013788361367274234,0.9423185512007403,0.0006431735092085559,3.4977885581596445e-05,0.04295998440200553,8.596238667948195e-06,2
0.0002932423072128098,0.09958764121568033,0.6776488233472748,0.0011073561205213187,0.00011019654761817279,0.22124922237795655,3.518083735915133e-06,2
0.0003316852868859283,0.10356960275864906,0.7827195882065129,0.0014156559813400045,0.00012464290660503953,0.11183484556853196,3.979291475117534e-06,2
0.00012171891732800665,0.02380931068254394,0.9570377869390442,0.003145664528367413,8.918661265263612e-05,0.015795661305349533,6.710147141771652e-07,2
0.00013222844127990148,0.05447572488317883,0.94125949601522,1.0098548985092729e-05,8.402710838577422e-05,0.004037527203251543,8.977996990921656e-07,2
8.410674841188251e-05,0.034650458274749975,0.9567207068748889,3.7303706522294506e-21,5.097604086169561e-05,0.00849325744837072,4.946127169508521e-07,2
0.00027705616081001393,0.06798959693793154,0.9295637146919775,1.797562625402927e-08,0.00015479578118130885,0.0020142958463428722,5.226061305418531e-07,2
0.0004554160518726615,0.08098251810782416,0.8902145624874905,0.00010929035841967978,0.00016627184185226572,0.028071317835687302,6.23316853407916e-07,2
0.00037239989792656615,0.06468526545238677,0.8183660583378756,0.0003004139360699359,0.0001359627458874884,0.11613938993518734,5.096946662958646e-07,5
0.0005135406194549785,0.08682916272401112,0.5833708065307348,0.0002886608553820967,0.0001883711803769436,0.32880876023888383,6.978511562359601e-07,5
0.000993214387413823,0.16347292090808158,0.5020516347256688,7.461780902524098e-17,0.00035897453248931785,0.3331217017221015,1.5537242448553134e-06,5
0.00048424088931968076,0.04689726284480034,0.28343578186959095,0.000147270703252331,0.00012660345918823172,0.6689084594630528,3.8077079572278985e-07,5
0.00016238844965270758,0.07404294679212134,0.11402428888292793,0.00010988059077088651,0.00017854337632060852,0.8114810156020367,9.363061698389765e-07,5
0.00022640275039704456,0.10293720677332557,0.15852072763765654,2.9725118364801238e-05,0.00019925981276055265,0.73808536646088,1.3114466156458506e-06,5
0.00046091290351355006,0.3374340901536112,0.12092418970252625,0.0004082073397372208,0.00040375181289598,0.5403661981007484,2.6499869673108927e-06,5
0.00033776826944621833,0.035022240242190104,0.24258851169443182,0.0006182962555424426,6.944793779625271e-05,0.721347855540463,1.5880060130130032e-05,5
0.00041736305300303444,0.030466120420584986,0.21072723357319423,0.0006301227639452165,0.00012356816730739245,0.7576309144430231,4.6775789420677575e-06,5
0.0003053758159764311,0.022400993124684784,0.11513213956683473,0.00011036927444199566,6.135097321004109e-05,0.8619786318318585,1.1139412993604973e-05,5
0.0008549577741128647,0.23797487943029727,0.49509684097234186,1.703816301875888e-07,0.00012704073351669853,0.2659181750772209,2.793563088009038e-05,5
0.00024413128452239403,0.0840468498839364,0.08860392736372377,9.885334218011857e-05,5.726238758583247e-05,0.8269469190354198,2.0567026316505006e-06,5
0.00026434154662961686,0.07205837404500336,0.5170300923308286,0.000166780218420632,8.191524655956061e-05,0.4103963843296157,2.112282942415132e-06,5
0.0002063504970773419,0.046884700197781945,0.27374885788394876,0.00016076973694194167,6.615589419031472e-05,0.6789315168981596,1.648891900243266e-06,5
0.00030490728335941914,0.028762397552446254,0.3417534843471882,0.0002761598461984987,7.067996177281866e-05,0.628828823361744,3.547647290875013e-06,5
0.00033288796268347853,0.02401462562556082,0.368152866738239,0.003632719174167568,6.867623201189303e-05,0.6037957303748595,2.4938924778459895e-06,5
0.00022111070791052024,0.014912289870224497,0.07376453605532851,0.0001076690897144092,9.394376701773068e-05,0.9108974885498706,2.961959933630505e-06,5
0.0001559570701892465,0.012683983017372174,0.08965140840401527,0.00046419563720963194,4.425245458353098e-05,0.8969985955188348,1.6078977952153548e-06,2
0.00016374846501783822,0.01652465472554133,0.6379291390301761,1.1347188201108509e-241,2.6188283598424625e-05,0.3453544022942778,1.867201388547892e-06,2
9.026032356097912e-05,0.010714274878373118,0.958551511124804,0.00012040383974584803,1.2959501403356886e-05,0.030506877837658646,3.7124944540793886e-06,2
6.852056378904994e-05,0.008302476938155135,0.9624967644819976,0.007682598568053033,1.0157897660396329e-05,0.021436766219599005,2.715330745607009e-06,2
0.07100347305371937,0.0004062850590276349,8.932036425056722e-07,1.8138979215090988e-08,7.324398210639122e-07,6.257103067734682e-07,0.9285879723945034,6
0.05796131579071768,0.0003676621502833039,8.036177691358277e-07,1.63196893939447e-08,6.461623432741779e-07,5.629532806695822e-07,0.9416689930059166,6
0.8050449526326799,0.19489345435351843,2.391097218998561e-05,2.048520747579662e-07,1.1876067625770926e-05,9.079393752187931e-06,1.6521728159000723e-05,0
0.8413447731282236,0.15858921754899313,1.074854208930033e-05,1.5630428796303668e-07,7.59531901589708e-06,6.141022341551102e-06,4.136813504857385e-05,0
0.8544393432735559,0.14549602127545036,1.0394784530152154e-05,1.5115997881535798e-07,7.831565045701804e-06,6.251320385559826e-06,4.000662105349322e-05,0
0.9021360325783795,0.09781693123189739,1.157920169205948e-05,1.4320582308400922e-07,5.346916062842182e-06,6.635798018487677e-06,2.3331068126573997e-05,0
0.9086077767135882,0.09019942505274002,1.7803518289704278e-05,1.6233172161238687e-07,7.368054426438235e-06,7.727847219033868e-06,0.0011597364820148258,0
0.9540311128790449,0.04493999149660275,1.5263672498107382e-05,1.173022175020432e-07,9.589083046696324e-07,6.700788292734332e-06,0.0010058549530394065,0
0.9743658397784559,0.012482346180061187,2.4086258629643183e-05,1.851043088703063e-07,1.2431077594395451e-05,1.0573924451097643e-05,0.01310453767649859,0
0.9537468355782508,0.03923292708306925,2.9385017818107078e-05,2.0380925051004346e-07,1.275511180599893e-05,1.1642428155672933e-05,0.006966250971649654,0
0.9598285732564078,0.03314532913346691,1.6313112635787746e-05,2.2857152752065595e-07,1.3838558581995715e-05,1.2296537084498385e-05,0.006983420830295248,0
0.8779086596818375,0.027759684646741306,1.813675364514483e-05,2.2932924368049262e-07,1.3620714722950327e-05,1.290664547993303e-05,0.09428676222832938,0
0.7411866039693267,0.2410684836329426,2.167058377850413e-05,2.7401257608025577e-07,1.8332179655878028e-05,1.264883905173302e-05,0.017691986782668652,0
0.7370588378692576,0.2473302757421918,2.2537813020429793e-05,2.698836430993298e-07,1.9107754126293576e-05,1.2458241198604453e-05,0.01555651269656201,0
0.5782130410303123,0.4150924215043724,1.7122738617549362e-05,2.165075830950894e-07,1.5023631057818404e-05,1.1212319378697336e-05,0.006650962268678175,0
0.6761542075081258,0.32247803705039013,1.7774179383744186e-05,2.2008015117936615e-07,1.1729524488173118e-05,9.856460332681723e-06,0.0013281751971282736,0
0.6777391722653471,0.32214634161386246,1.5126074986194243e-05,1.9536054310537834e-07,1.6409020504213627e-05,1.0942659864833188e-05,7.181300489237162e-05,0
0.6746061701554429,0.32527832299009135,1.532664339791974e-05,1.9795098073577745e-07,1.6747423722520467e-05,1.1087757116509194e-05,7.214707924811192e-05,0
0.6075766346223515,0.39236734954936797,1.6572401076692325e-05,2.0132059386722887e-07,1.7838253258549665e-05,1.1493777832719465e-05,9.91007551891061e-06,0
0.5928002827915515,0.4071453403479423,1.6168852133183072e-05,1.0014341551676873e-07,1.2297295846214511e-05,9.784146055953683e-06,1.6026423055303434e-05,1
0.5532946278393841,0.44665674518111553,1.4656667296716025e-05,1.0182645577930984e-07,1.4826145983836703e-05,1.0680275085613806e-05,8.362064678539733e-06,1
0.40145019388503295,0.5797367178209054,1.9489365799837502e-05,3.462426330690569e-07,0.01876794793982311,1.4685455006419418e-05,1.0619290799255362e-05,1
0.43528946585649003,0.5336304392451815,3.9368922319052234e-05,2.657838994516973e-07,0.030972018264087166,6.0630926815616536e-05,7.811001207237832e-06,1
0.47239208586639825,0.48285377185689593,3.33410701486129e-05,2.4678786552131827e-07,0.04464268047913221,6.975077324832942e-05,8.123166311119736e-06,0
0.4723561320182792,0.5259933853371426,2.7756404597574855e-05,2.416782824956717e-07,0.0015980539522223523,1.9757284040511266e-05,4.673325435185593e-06,1
0.1640308759694069,0.8348542164574538,2.3381300226005666e-05,1.4822505267298827e-07,0.0010750525061442215,1.2891265374582e-05,3.434276341724335e-06,1
0.13004690130163768,0.8689015376262436,1.799635664095146e-05,1.1563179694739928e-07,0.0010214251564007362,9.344815096090706e-06,2.679112184116586e-06,1
0.150593995055709,0.8481649126739957,2.1885545324398198e-05,1.3594166498468667e-07,0.0012049349423240302,1.098616260123057e-05,3.149678380897638e-06,1
0.4256828746093042,0.5725650084661803,2.6882446536981983e-05,2.2174435737744532e-07,0.0017051452706492284,1.5457757542438204e-05,4.409705429601694e-06,1
0.11730781327907233,0.8821117174815785,1.5947783281759757e-05,1.2064901483755002e-07,0.000554042870859345,7.732982596256337e-06,2.6249535971179455e-06,1
0.3717421796810122,0.6254259657577985,2.8033318208892457e-05,2.364565265483055e-07,0.0027824583938042768,1.392291135300177e-05,7.203481296630149e-06,0
0.5157780982004075,0.48055067946915186,3.527759577918523e-05,2.818843537857301e-07,0.0036104776730289333,1.6597769267980625e-05,8.58740801089017e-06,0
0.757721326840925,0.23231883709874074,0.00021494691256143154,2.1883961753152557e-07,0.009443114437694418,0.0002936962018984331,7.85966856227308e-06,0
0.37072332768651867,0.6290707421492779,1.417443362763305e-05,1.7646575171000645e-07,0.00016100461607541257,1.1890101794392991e-05,1.8684546954357737e-05,1
0.460345034489845,0.5396098814469279,1.5124804100861033e-05,1.8528128393826755e-07,1.1198281621580956e-05,1.320109454542754e-05,5.374601675349388e-06,1
0.44543079934054197,0.5545263193961586,1.4292428985764556e-05,1.7508455484247986e-07,1.0581997873937864e-05,1.2474588435439365e-05,5.357163449447182e-06,1
0.20463303117829512,0.7953217629727467,1.7035402318146234e-05,1.7137019688301824e-07,1.2880323173011135e-05,1.0568145680740482e-05,4.5506075893656866e-06,1
0.2556006161407897,0.7443570051506266,1.5922279693495585e-05,1.6017257209090347e-07,1.2165388511777377e-05,9.877604780200345e-06,4.253263026024543e-06,1
0.148549723669744,0.8514036573158122,2.0591231379065762e-05,1.6777627572713294e-07,1.2432139256386559e-05,9.006056090961125e-06,4.42181144170361e-06,0
0.14223713239439134,0.8577137932565657,2.3893840339098278e-05,1.659844565672782e-07,1.192768025779057e-05,8.679250711866584e-06,4.4075932776537765e-06,0
0.1715265227141551,0.8284217552308043,2.5195941371739253e-05,1.58578425273414e-07,1.221148533925686e-05,9.40975507847222e-06,4.7462948257693574e-06,1
0.16722658081751618,0.8327191300150866,2.3447203484746107e-05,1.865694846146148e-07,1.624633976432965e-05,9.577931429543042e-06,4.831123233974198e-06,1
0.22119893280123118,0.7787504686079693,1.9205701118149015e-05,1.6352764457716374e-07,1.2809362986828973e-05,1.2861680720374076e-05,5.558318329402538e-06,1
0.11920123616390585,0.8807326768605092,3.4686855676476424e-05,1.591566391505755e-07,1.2838859117813753e-05,1.2992356662675566e-05,5.4097474890205065e-06,1
0.10458395762475733,0.8953386523626833,4.9049615085156084e-05,1.4363070154002138e-07,1.158981186834449e-05,1.1724935334634546e-05,4.882019569835676e-06,1
0.19377168516658588,0.8061447150632338,4.339575616103682e-05,1.8871034830993334e-07,1.8068778994809956e-05,1.5404900255909482e-05,6.541624420333718e-06,1
0.19377041784469556,0.8061394426476934,4.339547234045859e-05,1.887091140906245e-07,1.8068660819860238e-05,1.5404799503483783e-05,1.3081865833078025e-05,1
0.19501355758762798,0.8049367154256133,1.777259529296105e-05,2.4666762524167077e-07,1.4016881312915048e-05,1.4161939771857312e-05,3.5289027556325275e-06,1
0.3029181569610415,0.6970100896130975,2.199412514370815e-05,3.2114083983991184e-07,2.6898358146719877e-05,1.8172677652768892e-05,4.367124077714094e-06,1
0.2464190949957963,0.7535032285321789,2.188429581401903e-05,2.795958455386279e-07,3.255490982623774e-05,1.6032523983763136e-05,6.925146555314092e-06,1
0.13305350070167293,0.864399962687346,5.3592965773461974e-05,2.0310678319006914e-07,0.002477197280977723,1.2074299861885688e-05,3.468957585043759e-06,1
0.00020465879217562323,0.016132061863456972,0.8905437929759281,0.0006037680812951939,2.790971873943894e-05,0.09248562347447226,2.1850939324913173e-06,2
0.0004145466263434091,0.023559757452076054,0.2935500549455408,0.00027108670511720055,7.97514785563858e-05,0.6821111207590634,1.3682033302616894e-05,5
0.0002877456711323253,0.012107455365754867,0.12464282201840624,0.00011735544922277845,5.209836579932703e-05,0.8627890734250182,3.449704666431895e-06,5
0.0001584086134080568,0.020209875355159227,0.026775891830370813,0.0012661865169141502,2.338298066062778e-05,0.9515651705924892,1.0841109979459866e-06,5
0.00016750803610580798,0.02289414365735786,0.021987184463258563,2.7364103098765623e-05,2.2858776495801652e-05,0.9548997969944218,1.143969261426911e-06,5
0.0006383532608720121,0.18417369271767697,0.21574215711380365,0.0004985717742577865,0.00019008041237402175,0.5987504561719299,6.6885490856681706e-06,5
0.0005840059873445757,0.1682307967427821,0.39602842200508126,0.0003419994786739293,0.00016931613203073,0.4346394478570544,6.011797033147793e-06,2
0.0003550683449848573,0.11766631618440636,0.7789607275181253,0.00043752097994557255,0.00014302318395199206,0.10243367825802983,3.665530556305209e-06,2
0.00037763709557670443,0.1401024958260276,0.787248576256681,0.0002612571194662359,0.00012622012605466675,0.07187978813157986,4.025444614074794e-06,2
0.00019871230678707177,0.030278220812956766,0.6714264908992544,0.00015931926298418095,5.2111240843381516e-05,0.2978808794418353,4.266035339007949e-06,2
0.00013585323969241502,0.04978778077411556,0.9438513230020954,6.648511362223831e-05,9.775419643517616e-05,0.0060599233635930255,8.803104459405962e-07,2
0.0001391094634377331,0.08743257667133932,0.9106221143434928,0.0,5.8688346404114294e-05,0.0017465766009063983,9.345744196443707e-07,2
0.0008094432384694104,0.14938384445816094,0.818620101665222,0.0,0.0002653807178471172,0.03091999464201707,1.2352782834831797e-06,2
0.0005077670721876801,0.11216335830893813,0.8648392865889893,0.0006328051900930933,0.00015109663570241847,0.0217048523661091,8.338379801576068e-07,2
0.0004232207073102407,0.07910821929135874,0.8997916184407765,0.0002536071837319726,0.00016220471724154341,0.020260521589490415,6.0807009071778e-07,2
0.0003641614406074447,0.03555257476533518,0.2603147640499387,0.01329053219663109,6.084212092440208e-05,0.690412910648479,4.2147780843356414e-06,5
0.0003656609186786934,0.03703926540023046,0.24969608498723558,0.0002017326599831306,5.704861948591609e-05,0.7126269900602015,1.3217354184701925e-05,5
0.0008430695447304471,0.20150343573998133,0.40014438418779313,0.00014689341152482105,0.00023063087205348,0.3970962862595028,3.5299984414016817e-05,5
0.0001552279114070678,0.04231446416581539,0.23811807719059777,0.00010884463310153066,4.8102664140238255e-05,0.7192540430500132,1.2403849248536565e-06,5
0.00030664301347698927,0.028926131783833738,0.3532070916205921,0.00033520618265713914,7.108231798092922e-05,0.6171502772386577,3.567842801396909e-06,5
0.0002006411281505766,0.015106554481345104,0.06869769461500205,0.011468783922164294,4.6424692001556577e-05,0.904478156030793,1.7451305434407453e-06,5
0.0002842020371422897,0.018670780375545586,0.059277486823208506,0.00017919245638961932,0.00010647840771552967,0.9214774955965273,4.364303471213411e-06,5
0.0001471754019339998,0.0114255687111293,0.06432486669615722,0.00012106037868365424,6.936120576180495e-05,0.9239104429808257,1.5246255081407965e-06,5
0.000218773230322509,0.05490254293770472,0.08370436968244434,3.896548807946645e-05,3.335052253756697e-05,0.861100087943677,1.9101952344522074e-06,5
6.479041933792507e-05,0.01341329505285084,0.05536909680507862,3.64808549039244e-05,9.934430508404745e-06,0.9311057013293312,7.011079890848342e-07,5
0.0002023453779380699,0.03216241104668019,0.16079300530156518,0.00011198263360794352,4.197539515455319e-05,0.8066861940896354,2.0861554186921008e-06,5
0.00021186466899653447,0.03367548416460942,0.12129654219919592,0.00011725083045864534,6.0116105228491534e-05,0.8446365577333977,2.1842981132576325e-06,5
0.00017885437007485888,0.020949397002188935,0.48843834457580126,1.835272041072706e-307,3.0814030274020595e-05,0.4904003930086379,2.1970130229485205e-06,2
0.0001128730792720118,0.013244588403682877,0.7755489608529114,6.599831977121644e-160,2.057300206001558e-05,0.21107161815066228,1.386511411474701e-06,2
0.00013546425692853944,0.013669004735196815,0.8385437287595771,7.724257713707687e-135,1.862456832753312e-05,0.14763027294864686,2.904731323141417e-06,2
0.00023988327042596358,0.022838249067638487,0.9310744686656711,3.20450681465939e-08,3.3557565281938355e-05,0.04581154440295992,2.2649829545168753e-06,2
0.01802373030694998,8.318760618213142e-05,2.1391594674213e-07,3.996813628783623e-09,1.5824997631163567e-07,1.3475315428863618e-07,0.981892571170977,6
0.09669080903766798,0.0005278346266800144,1.3376818432720922e-06,2.3449523629793516e-08,1.0773532915613558e-06,8.254066984573459e-07,0.902778092444295,6
0.82736106157037,0.17256890491323487,1.1457311794370633e-05,1.6661115034124384e-07,7.767634309890944e-06,6.5459675478581145e-06,4.409599159266027e-05,0
0.9609485006371569,0.03902719147824343,5.674160062923687e-06,8.847692176958539e-08,2.8889847334021774e-06,3.6590213166502166e-06,1.1997241565095884e-05,0
0.9678408742388707,0.032142096123922714,5.868571960855053e-06,7.741142803764488e-08,2.6857193962088923e-06,3.2014005423891994e-06,5.196533878876499e-06,0
0.951069173585223,0.048891786755817734,1.2525812073091704e-05,1.3538890874248664e-07,5.671922468417282e-06,6.273581848913805e-06,1.4432953659983971e-05,0
0.9764861575875976,0.023487670155914707,6.1549510451141645e-06,7.431424760227113e-08,4.1055458984710865e-07,3.4435355096926854e-06,1.608890109547613e-05,0
0.9245882671763216,0.07440837731219076,1.5803376196868312e-05,1.4409451118487094e-07,1.0733979796205456e-06,6.859659692373275e-06,0.0009794749831076735,0
0.9774148951555156,0.008970955630681881,1.7662504326923245e-05,1.3573738066277485e-07,8.963045293761374e-06,7.7538811337109e-06,0.01357963404566745,0
0.9710600749671896,0.01503880922178323,1.589941188073796e-05,2.3237213695033542e-07,1.2481941701694572e-05,1.1484196625170114e-05,0.013861017888682712,0
0.9394642803661821,0.02342130163108706,1.66119675012288e-05,2.1004916412489007e-07,1.2475599258179849e-05,1.182156296862558e-05,0.03707329882383853,0
0.7187561544896569,0.2723887138282052,2.4293535729459956e-05,2.663376200754869e-07,1.9230693388717558e-05,1.22908759732812e-05,0.00879905023942639,0
0.7372685498540059,0.2529411030210938,2.0118083242688753e-05,2.491024033176674e-07,1.8515283891464073e-05,1.2900313532076514e-05,0.009738564341830633,0
0.688171303212273,0.3098211767706642,2.022720542722225e-05,2.2327752729655997e-07,1.2739397896756197e-05,9.112113029747229e-06,0.001965218023181995,0
0.6835157803091871,0.31640858455076304,1.5288802198102443e-05,1.9746224341596293e-07,1.615237158438301e-05,1.1060381648725527e-05,3.293612237502598e-05,0
0.6455450388732991,0.3544007013328131,1.6180818764844322e-05,2.0983109957267644e-07,1.775252803317309e-05,1.175319394177365e-05,8.363422048304241e-06,0
0.6448933182267497,0.35504722160503843,1.7742680110449424e-05,2.1553707758470896e-07,1.858664011686961e-05,1.2305424084463354e-05,1.0609886822599221e-05,0
0.5822189450821603,0.41768733947578696,1.3493410071951542e-05,9.693700735742443e-08,6.255029758432756e-05,1.0167435335246424e-05,7.407362053914175e-06,0
0.44438292231930127,0.5524806415512769,1.3550198228487013e-05,1.9167020891912655e-07,0.0031052547452047464,1.0056335800778358e-05,7.383179978953354e-06,0
0.4835532038274793,0.5117479915527822,1.8247874479428452e-05,3.2418664478675e-07,0.004656746991129388,1.3542735709193831e-05,9.942831775828077e-06,0
0.4506545743185835,0.541827038344246,1.9320431049012708e-05,3.4324138543774974e-07,0.007473539065487705,1.4657356967388797e-05,1.0527242280923218e-05,1
0.406023835835205,0.5715096399871572,3.5465521991831155e-05,3.481995933036556e-07,0.022363946300976354,5.608484414126318e-05,1.067931093493183e-05,1
0.43968896924423645,0.5390238822513069,3.981973606657763e-05,3.7926203347658096e-07,0.02118485767638076,5.377913923025786e-05,8.312690745700488e-06,0
0.48736755590629266,0.51093683294058,3.0767062566363635e-05,3.109372460985405e-07,0.0016360242706157534,2.3307030123363513e-05,5.201852575600674e-06,1
0.21145962355257114,0.7873337794437546,2.524928975656441e-05,1.6046023684247483e-07,0.0011637923322892767,1.39553702825675e-05,3.439551109164512e-06,1
0.14419132076211308,0.8547224152544283,1.997345098389509e-05,1.302972137936894e-07,0.001052611330333065,1.0530004744211598e-05,3.018900183570728e-06,1
0.14654597272245876,0.8525741886424945,2.1172808911291327e-05,1.2686768647456362e-07,0.0008453466715811922,1.0252846561857996e-05,2.9394403060198316e-06,1
0.4472437127053176,0.5496216421111553,3.238903327066061e-05,2.811278366634195e-07,0.0030768574367528957,1.655322441660894e-05,8.564361250368498e-06,0
0.5109083041792069,0.4861193432337209,3.494451722155121e-05,2.792229016117714e-07,0.002912181459189048,1.6441059012488012e-05,8.506328747666406e-06,0
0.6552989902204635,0.33268556216336004,0.00015721340694637622,1.8035824600960175e-07,0.011684356939928314,0.00016660106911297738,7.095841942951611e-06,0
0.5824257030648216,0.4149634327036268,0.00012151637963697395,1.98442899918944e-07,0.002408208550003943,7.579538972967051e-05,5.145469281072086e-06,1
0.32017438484677563,0.6789040301527567,1.8993069864491877e-05,2.0610393616656623e-07,0.0008757849317087459,1.1632498192877253e-05,1.4968396765439923e-05,1
0.23849656719027457,0.7614506175746112,1.22683965058756e-05,1.6333097871081046e-07,1.002584080374235e-05,1.058265083854007e-05,1.9775015987175203e-05,1
0.4304895770988604,0.5694659102930129,1.4898240331969756e-05,1.8250584131341538e-07,1.1891663876840888e-05,1.1955961230183504e-05,5.5842368464452275e-06,1
0.24826749762657932,0.7516851552002843,2.2130492255751565e-05,1.8248503945338385e-07,9.813587162255693e-06,1.0374854746082224e-05,4.845753932634681e-06,1
0.25587570291351347,0.7440817901451734,1.6183933138934728e-05,1.6280471435691046e-07,1.3257054095988763e-05,8.579991765784928e-06,4.323157598067067e-06,1
0.1443783996448737,0.855577567959495,1.968057586522917e-05,1.603563022554535e-07,1.1523239827275075e-05,8.441968589378551e-06,4.226255047022575e-06,0
0.14149731699671642,0.858452630457443,1.7628244661776798e-05,1.6417348804267545e-07,1.3925701024949808e-05,1.2754156062846957e-05,5.580270602864073e-06,1
0.1564928030391439,0.8434507476197541,2.2318865903732596e-05,1.7012959173770654e-07,1.4430916089327568e-05,1.3746710450762238e-05,5.782719066091902e-06,1
0.1385129158485778,0.8614295155395495,2.3885689366973542e-05,1.6789868354338313e-07,1.4241683583527467e-05,1.3566449928907357e-05,5.70689030979944e-06,1
0.09489003588015484,0.9050352258744869,4.0600582944220684e-05,1.6853467674752707e-07,1.3129218928982533e-05,1.3757909453346787e-05,7.08199935517823e-06,1
0.14698162416348148,0.8529308908937243,5.053730966474824e-05,1.872526477950884e-07,1.510974280933755e-05,1.5285904497408212e-05,6.3647331749921395e-06,1
0.21044860865749077,0.7894010045625257,4.4671267208201596e-05,2.2722356204785257e-07,7.329888043549146e-05,1.8735452046389202e-05,1.3453956731556144e-05,1
0.274663034934833,0.724198354423404,3.1481644935719005e-05,2.4410853196509843e-07,0.0010498561827163586,1.8083163651823758e-05,3.89455419272939e-05,1
0.26071470876861275,0.7370778369414684,2.469503637010477e-05,2.391816806836366e-07,0.0021356692627750914,1.6107911836183992e-05,3.0742897256738565e-05,1
0.20372225908147792,0.7962228005419915,1.9431627961108684e-05,2.6969350535116767e-07,1.53253263441753e-05,1.605541065618503e-05,3.8583180637405854e-06,1
0.21112752657200767,0.7887973158152529,2.3113975782082035e-05,2.351250626097437e-07,2.7851625181765557e-05,1.9315200062757113e-05,4.641686650237755e-06,1
0.22239117451180812,0.7775335519786217,2.3417309047844156e-05,2.3821069589829392e-07,3.0132698544182678e-05,1.6782690058731452e-05,4.7026012234611344e-06,1
0.21986348351339566,0.7800556402858436,2.2655468134706732e-05,2.3046093038461018e-07,3.48944947130733e-05,1.5926597839583424e-05,7.169179143136401e-06,1
0.10865328633128436,0.8858745001937955,5.4097633072281596e-05,6.525168922196e-311,0.005404786081905508,1.0106783541759508e-05,3.22297640061286e-06,1
0.00011235977058803197,0.009731301365744086,0.9519125724501137,6.867691855243002e-05,1.7410659780365448e-05,0.0381564325159769,1.2463192444403652e-06,2
0.0001333738417700201,0.01230653715155156,0.9054413009719671,0.0003353058583025271,1.6581392987725664e-05,0.08176464023546771,2.260547953680104e-06,2
0.00017390909097744054,0.014121389414857105,0.9089582143425743,4.511059247121694e-06,2.6037075144496475e-05,0.07671424234974952,1.6966674502909578e-06,2
0.00034586084340505546,0.02434011890086582,0.29487488602956796,0.000842434401229787,6.847076238916162e-05,0.6795163224817419,1.1906580800344497e-05,5
0.00036521393741814395,0.02496511014202307,0.6565401139067049,0.0003005046755391745,3.801817887333183e-05,0.3177779910453147,1.3048114126721087e-05,5
0.0002795091018862827,0.011422774580506995,0.10587004920786293,9.378416521808659e-05,4.052788094531751e-05,0.8822900041049047,3.35095867573931e-06,5
0.0007965637802248235,0.03376725315030168,0.2511887851798334,0.0006190429302222875,0.00011914775614671824,0.7134763011259593,3.290607731198491e-05,5
0.0006858925471258786,0.03517204863450599,0.23643052097880293,0.0007066650436328398,7.812776472175553e-05,0.7269083406208987,1.8404410311862962e-05,5
0.0007135000249936123,0.16937112586190833,0.17863585000000753,0.0004904117632144019,0.0002065328256866683,0.6505753120476244,7.267476565069917e-06,5
0.00021016453950192075,0.031093878340095464,0.6861339201288164,0.0003959130776409303,5.566211407905522e-05,0.2821067381137169,3.723686149236696e-06,2
0.0001776370259901445,0.03930604814053304,0.8880369279434328,0.0004167964632760141,6.98640921331331e-05,0.07199013541105868,2.5909235762733032e-06,2
0.0001588263001134139,0.02837656198126663,0.9155195201671504,0.00034684808532030044,6.599018004720033e-05,0.05553035637959021,1.8969065116245456e-06,2
0.00016552982827603202,0.09406616574979233,0.8989504335806486,1.1169202645863523e-15,0.00012037575883184924,0.006696411056988146,1.0840254618426898e-06,2
0.00015192801009406866,0.08266380263041748,0.8952418925827568,1.72100951024941e-05,0.00011459300141096387,0.02180954356606062,1.030114157483144e-06,2
0.0005691995777561123,0.10882204858022766,0.8754202445071881,0.0,0.00019235622947723393,0.01499517460282835,9.765025224005993e-07,2
0.0008129844068800266,0.1631011887753145,0.806205148045857,0.0,0.0003082785474178766,0.029571065168925676,1.3350556049485395e-06,2
0.000358948971296636,0.07976431202746546,0.8964655851993651,3.7880536481907695e-07,0.00015095063968609826,0.023259260903668522,5.634531534131116e-07,2
0.0003790048506572978,0.03957879811999212,0.231961445087418,0.00011859533713751872,6.0810775219398564e-05,0.7278836900145605,1.7655815015081637e-05,5
0.00042448948136054117,0.03178189472582617,0.16504127615482436,0.0001728108408513211,7.796230790435481e-05,0.802485344083107,1.622240612616614e-05,5
0.0002576074413429054,0.07672625428426776,0.30349039676256234,0.00021119537563367473,8.437960249199354e-05,0.6192281785960089,1.9879376924835465e-06,5
0.00025004942326775376,0.07843501415801919,0.2308489408888218,0.00015662047578067837,8.153519421459864e-05,0.6902258076491161,2.0322107798657164e-06,5
0.00021567061032984867,0.06632032124266489,0.22922158556902986,0.00018940247133039764,6.894166248253796e-05,0.7039823601188303,1.7183253321274638e-06,5
0.0002197382141031973,0.04328718063988503,0.20320858172125159,0.00017657158687897452,6.304734434307613e-05,0.7530431741439699,1.7063495682356584e-06,5
0.00030729307692679326,0.06448883402903804,0.33834628761926855,0.00018943819226267214,7.12330079194437e-05,0.596593338668186,3.5754063984720085e-06,5
0.00023138013763909134,0.026502928973597663,0.3757491854662124,1.9998244386189435e-09,6.944840399304819e-05,0.5974449546285932,2.1003901402306035e-06,5
0.00021606146039022074,0.02497671952372377,0.30686979228114136,0.0015338668167852586,5.450925282566231e-05,0.6663459699556349,3.0807094989808133e-06,5
0.0002140560012116723,0.03159687191897812,0.057379379291047666,0.009307251960239184,4.952864858235273e-05,0.9014510503699066,1.8618100344857189e-06,5
0.00021309763236281555,0.019151350970854807,0.052954659355064604,0.0002674155407457973,5.815840749960391e-05,0.9273537239854662,1.5941080061658219e-06,5
0.00022654422213899355,0.020493709584827872,0.04825216356058089,0.00016568170236400028,6.679400380406654e-05,0.9307934001910615,1.7067352227025033e-06,5
0.00017888310058264363,0.04489185946603387,0.07262116267525877,1.5920947007490614e-05,2.7269537816745832e-05,0.8822633423744989,1.5618988015730883e-06,5
0.00017648450275336194,0.04839594026956303,0.07684461977717985,2.8117029873418885e-05,2.703036776069958e-05,0.8745253684322458,2.4396206237196496e-06,5
0.0001400575797005662,0.03109196932442631,0.27760435799541416,3.874030215798259e-179,2.2825849557591088e-05,0.6911385695494471,2.219701454350933e-06,5
0.00017221048017090424,0.019661935738851118,0.43904118910209095,1.999356697058369e-191,2.8065960592960982e-05,0.541094421975175,2.1767431189102404e-06,2
0.00011480050999565114,0.0129814005176137,0.8630956506334359,2.735686284031545e-309,2.0480241210282488e-05,0.12378620787471473,1.4602230299635072e-06,2
9.950408931868338e-05,0.01001992046939015,0.9067793858234137,1.955069270194308e-237,1.2791807323471084e-05,0.08308424999176665,4.147818787343656e-06,2
0.00012170876231894464,0.014747166929848378,0.8747614750057641,0.0023462634648582638,1.956156925973641e-05,0.1080017553791471,2.068888803426625e-06,5
0.00015755057183400198,0.01903419411677344,0.8019779280078406,0.0032873786802417046,2.4411331531599307e-05,0.17551586697338606,2.6703183925270966e-06,5
0.96073751968739,0.039222237858423846,9.351109172881677e-06,1.0245704169359397e-07,3.756077821827229e-06,4.747601875460175e-06,2.2285208274304857e-05,0
0.9609414148151065,0.03901841964937807,9.302516169823363e-06,1.019246240682281e-07,3.868760466485414e-06,4.722930980469138e-06,2.2169403274725924e-05,0
0.9503965238713218,0.04957168163268835,8.121020080453528e-06,8.913458526058816e-08,3.387877984710686e-06,4.130272718756344e-06,1.606619062057102e-05,0
0.9314912669194365,0.06739867686007983,1.588252475789657e-05,1.4481618439382823e-07,9.311418635940806e-07,6.894015148260132e-06,0.001086203722529451,0
0.9038477843487364,0.09492411152943996,1.8570878429045107e-05,1.6932847868528264e-07,7.959324590183334e-06,8.060929805425336e-06,0.0011933436605201593,0
0.9718873426774274,0.027867653948237262,7.228833137880672e-06,7.124864746212896e-08,5.804521119417005e-07,3.3918118817519205e-06,0.00023373102855621063,0
0.9690055112727567,0.02183476198212218,2.7833143799749942e-05,1.9961231601264994e-07,1.0575570919816058e-05,1.1402681881950381e-05,0.009109715736203852,0
0.9691872341911267,0.0225484958804003,1.8114160504762865e-05,2.5399694251113096e-07,1.5531863974811135e-05,1.3783926698593742e-05,0.008216585980352353,0
0.9743895297177015,0.013637964314179634,1.4371325311331545e-05,1.8171747981018935e-07,1.163509810248489e-05,1.0380454753773899e-05,0.011935937372471433,0
0.9659103460111602,0.01581998261406459,1.585454350176484e-05,2.004719555273072e-07,1.114474132870796e-05,1.1282557850601536e-05,0.01823118906013864,0
0.8795689912033082,0.03513338471834223,1.8983615874729895e-05,2.4003734935431636e-07,1.3697900069316758e-05,1.11559907770479e-05,0.0852535465342793,0
0.7547174518519326,0.23305193552225636,1.914473328294136e-05,2.4616659953850203e-07,1.7941230906632492e-05,1.136342624129393e-05,0.01218191706878051,0
0.7176557183330087,0.27484951575927946,1.875254899726884e-05,2.321943381584134e-07,1.5548108333335576e-05,1.2024692346290522e-05,0.007448208363696882,1
0.5290347525458525,0.46608920725626873,1.590481837864562e-05,2.0110765360849522e-07,1.2363654891306034e-05,1.0359604620788322e-05,0.004837211012334418,0
0.7166312602909144,0.2806336138024982,2.120886706853975e-05,2.3603903967991324e-07,1.2909657159226673e-05,9.76664536095965e-06,0.0026910046979590546,0
0.6872162983577633,0.3113911610916166,2.026373246702902e-05,2.2368073015900495e-07,1.2130870408444666e-05,1.0017715056005563e-05,0.0013499045519584608,0
0.6585266391465211,0.34135574618701314,1.64226192588953e-05,2.4962884270494267e-07,1.2440223449291235e-05,1.0043093371589598e-05,7.845910154326333e-05,0
0.7368208296828862,0.26309488164616496,1.5338875578168408e-05,2.0022764212327552e-07,1.7013554758095497e-05,1.1215278932300585e-05,4.0520734038191685e-05,0
0.6337846091289892,0.3661579960094925,1.7839268078921102e-05,2.4468422852783867e-07,1.8068436710302653e-05,1.2372412606270767e-05,8.870059894456419e-06,0
0.6463685998079479,0.35357500747232673,1.621812381838108e-05,1.416428274715015e-07,1.4143730874931777e-05,9.813961491238104e-06,1.6075260713358977e-05,0
0.5466622795126237,0.4532786665726982,1.8480692988227216e-05,1.3493013308134943e-07,1.8376881789738952e-05,1.3466832595106093e-05,8.594577171837346e-06,0
0.533893506897069,0.4660499561671838,1.8270915166413933e-05,1.7760509415804261e-07,1.9314891606338224e-05,1.3313968045582701e-05,5.459555834583515e-06,0
0.623425267866284,0.3765119054005704,1.769733414797351e-05,1.2713810677665052e-07,2.079397199126831e-05,1.3335139123193114e-05,1.0873149776403854e-05,0
0.6563438115470244,0.3414848175162584,1.761653352654017e-05,2.2215046886363206e-07,0.0021252343065285523,1.1833901949046942e-05,1.6464044244174693e-05,0
0.51954609406663,0.47243356149089755,1.68460032521028e-05,2.3829001674637187e-07,0.007981032987998229,1.3048175640855309e-05,9.178985564567358e-06,0
0.4714228997665398,0.5097687532500167,3.1202458249816e-05,6.534341842518066e-85,0.018714824164777884,5.445883491188519e-05,7.861525504009179e-06,0
0.5193029211244445,0.46177901203126764,3.353599237732367e-05,2.2999704941162777e-07,0.01881668784539924,6.0853731588667544e-05,6.75927787319508e-06,0
0.17191614433071767,0.8278670720881155,2.1333000715362232e-05,1.414687433817114e-07,0.00017882318104104025,1.3208193538611918e-05,3.277737128291943e-06,1
0.13051442801237642,0.8679372748037697,2.44761726798529e-05,1.5766632843029237e-07,0.0015042000692049107,1.6083613454588392e-05,3.3796621861071436e-06,1
0.45686533938919743,0.541388170942888,2.6846140755094907e-05,2.456783930876061e-07,0.001695405300725631,1.9472483059536927e-05,4.52006498126632e-06,1
0.4625398006722485,0.5354921617774958,3.095227456849425e-05,2.5757655426880665e-07,0.0019107899759976303,2.1056973313090795e-05,4.9807498222081026e-06,1
0.17619644677514296,0.8227991330099721,2.263275413370635e-05,1.4608472045239714e-07,0.0009652570723559688,1.3252899458202165e-05,3.1314042167175985e-06,1
0.4153400743818963,0.5832198143547035,3.0871478444520354e-05,2.4835870120032894e-07,0.0013889152027588272,1.5075072852310114e-05,5.001150643272728e-06,1
0.1454301806597546,0.8538268310807153,1.9342202838979054e-05,1.2682026460269274e-07,0.0007115245385181343,8.761171857217225e-06,3.2335260508992185e-06,1
0.23354375803775612,0.7639384508689764,2.823095868397282e-05,2.3835829153869519e-07,0.0024536691569778933,1.5103812488756554e-05,2.0548806825540223e-05,1
0.4598238689585349,0.5355234934439518,3.1119329540341865e-05,2.4865787772590234e-07,0.004599053078215554,1.464134502583093e-05,7.575186854029849e-06,0
0.40225077504034323,0.5944484029807977,3.0585566971840495e-05,2.4439286721785074e-07,0.0032481565478280103,1.4390214874804659e-05,7.445256317228175e-06,0
0.44633131066534526,0.5521990762979119,1.8566542234734287e-05,1.509288674198359e-07,0.0014320520294918806,9.862058110944076e-06,8.981478037847926e-06,0
0.2629811003504969,0.7369488148396907,1.7930816748673515e-05,1.8733190103355586e-07,1.668199945535088e-05,1.2615646612492781e-05,2.2669015094966654e-05,1
0.20630353366366969,0.7936399276218445,2.161368516838016e-05,1.9610818423462183e-07,1.72226478941721e-05,1.1636702655799874e-05,5.869570583255489e-06,1
0.19019592804806676,0.8097494514913068,2.269369352345616e-05,1.7927258609076498e-07,1.5744108994579177e-05,1.0637708909581651e-05,5.365676612678165e-06,1
0.14605732965731488,0.8538953650522291,1.53204034545156e-05,1.7877735444564693e-07,1.5164445963372667e-05,1.0565006439257611e-05,6.076657244509114e-06,1
0.15698654496307865,0.8429551557731582,2.4188842830628463e-05,1.7002962758595512e-07,1.4422436822016508e-05,1.3738633206612369e-05,5.779321276205063e-06,1
0.17183846517252646,0.828099054722141,2.5330218665635955e-05,1.7805265330573863e-07,1.510297458009926e-05,1.4386904976281456e-05,7.481954457289551e-06,1
0.14953164143764439,0.8504080130696612,2.4464819918270012e-05,1.7196954185810594e-07,1.4586986326873122e-05,1.3895381010014334e-05,7.226335897471451e-06,1
0.10781291905332709,0.8921165856579109,3.804402487372122e-05,1.5280434453803755e-07,1.4630824200324278e-05,1.2473802880232322e-05,5.193832463338266e-06,1
0.09764478539643748,0.9022828718825492,3.952165250267061e-05,1.545456558508368e-07,1.4797552572954149e-05,1.2615950501326754e-05,5.253019780639597e-06,1
0.16716768188162598,0.8325855174229421,3.734144664120087e-05,2.258065081773664e-07,0.0001684388524252899,1.851993683244232e-05,2.2274653024805113e-05,1
0.23708674448922856,0.7618388868723256,2.863363271079794e-05,2.392693463412508e-07,0.001000143004172737,1.9624116310673695e-05,2.572861590514497e-05,1
0.25961775361516803,0.7384477822479827,2.775225619581163e-05,2.396262277917363e-07,0.0018595343676284558,1.613785027295655e-05,3.080003652439078e-05,1
0.3198089187930773,0.6801107997988053,2.476899128672773e-05,2.1585357354136897e-07,2.9742854998585197e-05,2.1292466859712983e-05,4.261241398906344e-06,1
0.22421906159885588,0.7757057876768031,2.2201025952883254e-05,2.2329808017942245e-07,2.9974564537267914e-05,1.834362974505121e-05,4.408206025713539e-06,1
0.23646027837105327,0.7593670362912259,2.381414332771356e-05,2.2725038700423895e-07,0.004128542624029999,1.5615090069857296e-05,4.486229906378458e-06,1
0.00010102830028510524,0.00926554011016533,0.9593610498834502,0.00010269394152628042,1.7077274414803695e-05,0.03115061051373467,1.99997642354771e-06,2
9.953285007274614e-05,0.008216813761748954,0.9542743990964644,1.0655245460251912e-05,1.4353476746609466e-05,0.03738325511395775,9.904555495108895e-07,2
0.00013818019193778276,0.010820577829072552,0.9570888227390644,2.5549387968208152e-45,2.452654352443357e-05,0.03192641627145235,1.4764249484900156e-06,2
0.0002530894375331426,0.01730056012775724,0.8845933321605006,0.0002293222329797905,2.6346200189149537e-05,0.09758813026484373,9.219576196520251e-06,5
0.0002774503752689647,0.016631740155775503,0.16293702285406014,0.0002079373313263949,4.244873013971574e-05,0.8198941783092448,9.222244184501057e-06,5
0.0002626282164859823,0.010619881560325771,0.07479041053203306,4.9984903145735716e-05,3.7450184571513274e-05,0.9142375392089431,2.105394494635939e-06,5
0.0002296246137379504,0.010718234875452483,0.08378648822265806,2.9774525036118955e-05,3.789359217058575e-05,0.9051946234968854,3.360674059428359e-06,5
0.00023277869801322805,0.011528343994354434,0.06374268849760255,0.00022361534097873785,3.1915466080606376e-05,0.9242372076398584,3.4503631119081465e-06,5
0.00048628509576783776,0.022604821727900716,0.8096439088740518,0.0006321449776132101,0.00011621574647140986,0.16650119583896972,1.5427739225403495e-05,2
0.0002592088687952633,0.032911287395290686,0.9000899429884744,3.456386354119022e-06,7.592133586578865e-05,0.06665804737925941,2.1356459600733067e-06,2
0.00014664750101873306,0.05374368434881146,0.939604965989369,6.4733469732595e-05,9.761728269753508e-05,0.0063415514796927785,7.999286778475715e-07,2
0.00018495902500629448,0.10400047961107865,0.8911314256683676,8.322339675820146e-05,0.00013308862492981445,0.004465625164628786,1.198509230642366e-06,2
0.0006921902207270077,0.10783293953510316,0.8719655720410835,6.455362912377124e-05,0.00016389825996574727,0.01927989235356492,9.539604319422331e-07,2
0.0006608298284412102,0.10745106771901249,0.8705999685609731,0.0,0.0002048946320848976,0.021082275059309954,9.642001784674883e-07,2
0.0006270866466532914,0.09854428870195361,0.8839247568341713,0.0,0.00018867936653974376,0.016714300556855795,8.878938264003592e-07,2
0.0004440965833008323,0.12734590615681288,0.2626288698217744,0.000256990024095114,7.849575408714277e-05,0.609240501718305,5.139941624523605e-06,5
0.0005086479346349307,0.19736961020131377,0.2894771209639435,1.722523687756262e-05,8.990545006510461e-05,0.5125303570181882,7.133194976902201e-06,5
0.0003137629429460352,0.09169817264656699,0.24990666323071342,5.794234244242668e-05,6.354762821685558e-05,0.6579549869804127,4.924228701733178e-06,5
0.00042321315700725716,0.08962381895011161,0.12225900428062413,7.484554068843805e-05,8.473055967778166e-05,0.787518918034012,1.546947787872856e-05,5
0.0011163290822705939,0.272422646102083,0.3499058437575902,1.4189418527368955e-05,0.00021436213972184667,0.37628424970483715,4.237979496984382e-05,5
0.00031345909459669607,0.07877081808150249,0.3703991492013981,0.0001271439006713567,0.0002125014869908514,0.5501753294340753,1.5988007652085005e-06,5
0.00024259169089038246,0.07225393670879912,0.30276855059482244,0.00014984295949029713,7.510980683260239e-05,0.6245080961769154,1.8720622497949072e-06,5
0.00024117521092990952,0.07102023613327156,0.2662749915352604,0.00016880129130692777,7.709450984376214e-05,0.6622157797897279,1.921529659457232e-06,5
0.00023143442679327483,0.02675383548602097,0.4169995656105785,0.0005920889315290861,6.226128217141093e-05,0.555357514358168,3.299904738797609e-06,5
9.787555337663786e-05,0.006248392956643531,0.03558652404201897,0.00011292561702990046,2.4971124582157397e-05,0.957928513691013,7.970153359966161e-07,5
0.00022042694802406842,0.05175213158094373,0.11803455682427882,5.613892006817738e-05,4.476339101803857e-05,0.8298900779675474,1.904368119788226e-06,5
0.000239311223513256,0.06557126905629236,0.14174977986735562,5.688075953397553e-05,6.534970888872824e-05,0.7923148300548493,2.5793295668922585e-06,5
0.00011958729566399167,0.023667241853755926,0.07568324668445153,0.00011389753892484084,1.4813155946457513e-05,0.9003998734815234,1.3399897337289096e-06,5
0.00013261645436836463,0.015141332868460432,0.5328213306031376,2.9122289533835014e-142,2.1613133989214558e-05,0.4518804980590588,2.6088809855174775e-06,5
0.0001336212099763091,0.013811447509424523,0.8997320969129752,1.7987310255437962e-183,1.9565497415272362e-05,0.08629776753294585,5.501337263109752e-06,2
0.00012210021429548266,0.014149161446292744,0.8265737578612111,2.7812239774874315e-167,2.2036233725797556e-05,0.15913049275913446,2.4514853404705843e-06,2
0.00024561408505408623,0.029760485963390516,0.7979570733412745,3.7356003683939844e-05,3.947617940080256e-05,0.1719558193109528,4.175116243484942e-06,5
0.0002582760038009382,0.03918230736546537,0.6727348306827905,0.005803928533095708,3.765299311728588e-05,0.2819802389982838,2.7654234464380668e-06,5
0.8122207899670407,0.18770901700432163,1.3405067876606831e-05,1.7962798892563523e-07,8.374496706479303e-06,7.057384717565038e-06,4.117645134822677e-05,0
0.9334497594512992,0.06650176984568962,1.181570903588684e-05,1.48419502828274e-07,5.641212831849528e-06,6.684881704728387e-06,2.4180479935982207e-05,0
0.9372005698611603,0.06276310721414056,8.923610240025323e-06,1.1036278521515498e-07,4.194731475652025e-06,5.11393416604218e-06,1.798028603196341e-05,0
0.958795079304899,0.041190262740754074,4.7251508454981295e-06,8.050696529523737e-08,2.6811588764890876e-06,3.3294185225073714e-06,3.841719136954308e-06,0
0.974250866586805,0.025558446809950636,7.924078790459062e-06,8.476037958351524e-08,4.84658926020284e-07,3.954344726507005e-06,0.0001782387604221416,0
0.8804942707962037,0.11801107959905922,1.4700524084792203e-05,1.66918962925059e-07,7.914755121766376e-06,8.649865155492717e-06,0.001463217541412173,0
0.8924376283181655,0.10628718789293172,1.6877775100983405e-05,1.538908346398998e-07,7.3779008690406235e-06,7.3260164230033295e-06,0.0012434482056751267,0
0.9742806981313168,0.025291694564558615,9.331579361745811e-06,7.171373416619173e-08,5.068648471125189e-07,3.4139524649780514e-06,0.0004142831937164037,0
0.9821782041272236,0.008033248080935989,9.722879207025871e-06,1.1616209619273943e-07,7.644330948099542e-06,5.91290572256443e-06,0.009765151513866175,0
0.9666086644777983,0.013401398044833542,1.5495256851453457e-05,1.6707792776887667e-07,9.621197355113063e-06,9.544182933698595e-06,0.019955109762300218,0
0.9726792948633646,0.02197904315286315,1.8885360200476914e-05,2.2893018553457367e-07,1.4879072594296034e-05,1.423545200992602e-05,0.005293433168782165,0
0.9643981830918512,0.014671546749138332,1.540320240233865e-05,2.061112812477117e-07,1.3959750333095616e-05,1.1599938995068807e-05,0.020889101155998603,0
0.8854512944619646,0.03536834664342511,1.8058548863397483e-05,2.416426497871732e-07,1.3602973867552664e-05,1.2416453848386606e-05,0.0791360392753814,0
0.7532742733559246,0.23431506894414228,1.9903962189066686e-05,2.663362488875479e-07,1.9420056734012962e-05,1.2294488063329609e-05,0.012358772856697772,0
0.7616200333571672,0.23235235338114488,1.9753359643649258e-05,2.6432102615760185e-07,1.8713921007692263e-05,1.2201462303968054e-05,0.005976680197706418,0
0.7114197482564285,0.2797036308852703,2.18772927928161e-05,2.784055407544496e-07,2.0102047883627884e-05,1.284778309094068e-05,0.008821515328993269,0
0.7072714974853062,0.28710202219757813,1.8097631786743547e-05,2.288345693647866e-07,1.5387602676457836e-05,1.185069936085232e-05,0.005580915548722295,1
0.5800424276697942,0.4198702944330454,1.7198357860526935e-05,2.3834913851195083e-07,1.1878100743107863e-05,9.589287147971334e-06,4.8373802270207264e-05,0
0.6595207629893338,0.34041874578990505,1.627222443405911e-05,2.473427953040486e-07,1.3001371607465504e-05,9.951120876543436e-06,2.1019161047754823e-05,0
0.7387667482113631,0.26118500432760966,1.5142230191158544e-05,2.1594617465795882e-07,1.6152579917918815e-05,1.1244898099128148e-05,5.491806644477659e-06,0
0.7074882065328494,0.2924618214224318,1.4211029122741707e-05,1.9772095784788843e-07,1.6151346613158106e-05,1.1074872927187819e-05,8.337075097964622e-06,0
0.64892161600585,0.3510284449526729,1.5564356877899816e-05,1.3497681766683482e-07,9.77013653131568e-06,9.275807054346922e-06,1.5193764195892488e-05,0
0.3856193487221216,0.6143219932936382,1.961104722970949e-05,2.886421616091355e-07,2.0444904606879238e-05,1.2987646541325428e-05,5.325743700859117e-06,0
0.48202267379867075,0.5008792456718648,1.7350474158487557e-05,2.4542585656140195e-07,0.017057956993470985,1.3073776243485375e-05,9.453859734906362e-06,0
0.5128530932924756,0.4735081826600582,2.892506372213426e-05,2.6549806221893663e-07,0.013552781281248427,4.9449880329417924e-05,7.302324104030329e-06,0
0.490580452863529,0.4918703172800017,2.9963202128131924e-05,6.304915267568426e-85,0.017459227909317608,5.2546736605628396e-05,7.492008417751612e-06,0
0.5186893925931133,0.4632342740388117,3.3686438229474684e-05,2.595124388861404e-07,0.017979365081547675,5.5966502322104606e-05,7.055833536940571e-06,0
0.5249213118261324,0.45724681161685093,3.6048344731143694e-05,2.6263041388658714e-07,0.017721477422799933,6.731068820645877e-05,6.777470865213991e-06,0
0.3926366809062475,0.480885026629844,3.578845065818271e-05,2.2815732498714528e-07,0.12636197611170305,7.278981300263585e-05,7.509931219898966e-06,0
0.40666429656461606,0.5917304642064787,3.190207503253846e-05,2.2404603131714954e-07,0.001548687806517476,1.9686579279087237e-05,4.738722044841768e-06,1
0.18110414839219544,0.817710760895205,2.4781176570781304e-05,1.6600489116825297e-07,0.0011460132774691557,1.0334225571220848e-05,3.79602809708777e-06,1
0.26275845934291675,0.7354072690862369,2.308480006956743e-05,1.6543177648780225e-07,0.0017945928932070576,1.0809713350469341e-05,5.618732442905862e-06,0
0.38008604642852833,0.6182039162923995,1.9632980911946203e-05,1.5884977906940772e-07,0.0016709606698538482,1.0694880072937923e-05,8.58989845432901e-06,0
0.2973592937043383,0.6940939420094788,3.2412487311621645e-05,2.8372445125208786e-07,0.008472607809173065,1.7578945923409104e-05,2.38813193234691e-05,0
0.41037438188881004,0.5689177810006347,2.541069415577021e-05,2.2757470283981273e-07,0.020654014252934293,1.4642068829256371e-05,1.3542519933180907e-05,0
0.7378495960098967,0.21534853302120005,0.0001247292825406827,2.0819600431196327e-07,0.04650247028942148,0.0001662232535218264,8.239947415097326e-06,0
0.2671510818279609,0.7314285283143934,1.3581800115948364e-05,1.4143638347879542e-07,0.001395214938369483,7.982664018092985e-06,3.469018758768977e-06,1
0.29466971852871754,0.7052878211281358,1.5519060201409377e-05,1.6275036673704366e-07,1.1145181079289685e-05,1.0656193482380062e-05,4.97715801695042e-06,1
0.17370438142512384,0.8262524996456776,1.8750389016158738e-05,1.7800372382393056e-07,9.57259326126003e-06,9.89118725421716e-06,4.7267559429920965e-06,1
0.17330565943158707,0.8266438891236318,2.1286901764272733e-05,1.8503290602230753e-07,1.2655394810305303e-05,1.141070467410009e-05,4.913410626482969e-06,1
0.2021505562242864,0.7978032180199957,2.050435344821694e-05,1.7190488291803122e-07,1.2920510609638545e-05,8.064180999494736e-06,4.5648057776919726e-06,1
0.22879938977163078,0.7711565135751516,1.588508826932593e-05,1.7448521622476687e-07,1.4208187763967203e-05,9.195567366542646e-06,4.63332460151488e-06,1
0.24168541497048668,0.7582537300467529,2.3886755864430492e-05,2.1673251383721527e-07,1.706209582147218e-05,1.3251112670560401e-05,6.438285890141782e-06,1
0.174794884726731,0.8251546911549662,1.8355922029690482e-05,1.9752418665611686e-07,1.3931324408915691e-05,1.2027395761637861e-05,5.911951915740227e-06,1
0.18676371967635733,0.813183887262178,1.8584716731963307e-05,1.855313750624956e-07,1.6030609903432965e-05,1.1168459254236324e-05,6.423744200011007e-06,1
0.17533321253121492,0.8246153162820177,1.809534553682219e-05,2.1321343888594296e-07,1.5930889577336366e-05,1.0847953683423407e-05,6.3837845309625405e-06,1
0.16890443370363947,0.8310409784622352,2.1342159642241158e-05,1.941014535991345e-07,1.4244254428955366e-05,1.3099398108124303e-05,5.70792049227572e-06,1
0.16250348603359796,0.837433473348309,2.555745757178429e-05,1.7964997430434871e-07,1.5238464268067247e-05,1.4515970761019646e-05,7.549075518073472e-06,1
0.15247167227240968,0.8474686892308145,2.4380260474692695e-05,1.71375151675781e-07,1.4038148688009587e-05,1.3847353446744835e-05,7.201359014558176e-06,1
0.12180662273954415,0.8781259523252947,3.485340870164432e-05,1.6160089838781644e-07,1.2561710633878921e-05,1.3057580024909954e-05,6.790634902354191e-06,1
0.14469464977765434,0.8552384860390969,3.225889820094333e-05,1.6470802431653688e-07,1.4073847321416219e-05,1.3445530193060432e-05,6.921199509284429e-06,1
0.10136912591545819,0.8985643946660976,3.656906831808825e-05,1.3707456090750643e-07,1.3924358675534305e-05,1.1189741088997665e-05,4.659175800868814e-06,1
0.13049723846436953,0.8694234171628015,4.1813774448494443e-05,1.6794559509598424e-07,1.7944346711014837e-05,1.3709821236850574e-05,5.708484837399698e-06,1
0.48898827785104815,0.510946305567238,3.625924319501357e-05,1.456357445945862e-07,1.2172919582123307e-05,1.1888612040978418e-05,4.950171151118741e-06,1
8.280479639694258e-05,0.006294284109808843,0.9761274157537587,1.4574347224478872e-05,1.176149305462628e-05,0.017468402853501274,7.56646255194961e-07,2
0.00024325755360375776,0.0849962769988606,0.07095404312880402,7.989162387961145e-05,7.411153067001399e-05,0.8436492674952141,3.151668967871248e-06,5
0.000523273811414412,0.1563736519464471,0.6479289234860728,0.0004181044495141733,8.72137750871784e-05,0.19463991529047886,2.8917240985578543e-05,2
0.00028501718455128824,0.01128945695509968,0.9198974085461924,3.952505737346966e-05,4.8432964680268684e-05,0.06843563279997802,4.526492125088944e-06,2
0.00022687179882200888,0.031957367964530185,0.9105560294212725,0.00013935159251319423,0.00013936156858270095,0.056978958214184465,2.0594400948421054e-06,2
0.00015533930707055347,0.08646139368945135,0.9081370057745478,7.053921509101943e-05,0.00010340306481191485,0.005071312371525078,1.0065775022295404e-06,2
0.0006606038218986791,0.12064834307218256,0.8524192811009955,6.0876129531030925e-05,0.00018075456378157826,0.02602915375138592,9.875602247642855e-07,2
0.0004963298844156668,0.09098908325684475,0.8910083304565477,9.043257364052758e-06,0.00023101404642021563,0.017265513408200032,6.85690207392684e-07,2
0.00046909679840981304,0.1324536346570075,0.2537622643585662,6.649520292801548e-05,7.934854752907186e-05,0.6131606882802332,8.472155326295514e-06,5
0.00032367003004116804,0.06588457538058502,0.24568936772308692,2.616782020329523e-05,6.257293850121164e-05,0.688008750209881,4.895897701398844e-06,5
0.0006014315793090532,0.17249569420747143,0.2133691853706406,1.937053623599723e-05,0.00011542402194747748,0.6133897969098677,9.09737452773539e-06,5
0.0005542840209123593,0.11862985689165391,0.16449626846987264,9.830504685584353e-05,9.069243089899142e-05,0.7161101170881446,2.0476051661709367e-05,5
0.0006187503654468959,0.1848816592188952,0.09889587781381043,7.008263597041127e-05,0.00022590404469471982,0.7153028126553443,4.913265838027793e-06,5
0.0005982760015195029,0.1750326953128767,0.10731300134047746,9.90397994980012e-05,0.00017433733621252976,0.7167795286531138,3.1215563019718793e-06,5
0.00034763437778434643,0.0871033701251902,0.31553663538120236,0.00013846359383982222,0.0002349803661346507,0.5966371482303884,1.7679254602167886e-06,5
0.0002017009200437094,0.0592136074689036,0.2425230221771668,0.00018299088417835343,7.15432560520045e-05,0.6978052821885619,1.8531050936257772e-06,5
0.0002449578110938355,0.05652814506044363,0.36038003221866644,0.0003467242649047314,6.529667967414747e-05,0.5824326203215785,2.223643638748696e-06,5
0.0001889594416980075,0.05893544687747497,0.09944948712863776,4.2684333601269784e-05,4.8728568542126604e-05,0.8413330565214491,1.6371285967692958e-06,5
0.00023993505285892347,0.06455646053309658,0.13263225010850493,0.00011844557008356881,7.261140361266326e-05,0.8023761387067735,4.158625069851795e-06,5
0.00024956052214445155,0.06729045143618603,0.1664240167994337,0.00015090766789578735,6.834304959217567e-05,0.7658140230490973,2.6974756506541678e-06,5
0.00017211885005295806,0.021014767503555822,0.7705347662727177,0.0,3.382264154124725e-05,0.20824230432784227,2.220404290152726e-06,5
0.0002466556590086255,0.037529197069933455,0.6545969584562662,1.234545505662996e-13,3.8977744209797435e-05,0.30758352949764767,4.68157281080253e-06,5
0.6741315620439595,0.32578117119167627,2.2129485057305917e-05,1.9470144213505737e-07,1.1485777414186937e-05,8.675478115892715e-06,4.4781322334755076e-05,0
0.8122238959328133,0.18770973481133818,1.5469679695706972e-05,1.7962867583046738e-07,8.374528730899825e-06,7.057411705295033e-06,3.528800704098981e-05,0
0.9328022831514929,0.06716497278036933,1.0023071496123407e-05,1.0981951287172544e-07,4.100362015606476e-06,5.08876029068996e-06,1.3422054822610782e-05,0
0.9371988471709745,0.06276299184781205,8.923593837329597e-06,1.103625823547502e-07,4.120638753517622e-06,5.113924766000735e-06,1.9892461274219737e-05,0
0.9500353246073024,0.049928277462605655,7.538451534234318e-06,9.039470118702872e-08,3.2454736633582085e-06,3.738332346336962e-06,2.178527784657006e-05,0
0.961256933755244,0.03847083768248626,7.571777828892862e-06,8.099197141650642e-08,4.85317113298677e-07,3.7529644525961724e-06,0.0002603375109036457,0
0.9391466611814042,0.06007046076488809,1.0759053590107903e-05,1.2460556971170688e-07,5.991254360832306e-06,5.931883157575454e-06,0.0007600712570294563,0
0.8949057068591245,0.10398163250187616,1.5957703637581303e-05,1.5045100441483882e-07,6.862903530812183e-06,7.16226233862197e-06,0.0010825273184877273,0
0.9490211337779552,0.019775542501907137,1.557518747653437e-05,1.6793978138845948e-07,1.0094306703445432e-05,8.548503573578834e-06,0.031168937782602702,0
0.9848950807869792,0.011680181403622765,3.35554036945603e-05,2.3273430425950394e-07,1.2089352445478171e-05,1.3294746975031315e-05,0.003365565571978782,0
0.9735537537111838,0.00801810686286094,1.7016846128368055e-05,2.2770355583853026e-07,1.3560534056070406e-05,1.281515179905525e-05,0.018384519190415834,0
0.9342462111319403,0.017824015510349185,1.8237343580440867e-05,2.2033402714294463e-07,1.7252931081782634e-05,1.2400394863997133e-05,0.04788166235415757,0
0.8827429274803753,0.039490537418980495,2.057080176832578e-05,2.485256460285901e-07,1.706452962470688e-05,1.3987018639590919e-05,0.07771466422496535,0
0.8904501330673619,0.03556801957599184,1.8160498876662368e-05,2.430068497313391e-07,1.5887813696575067e-05,1.2486551265633213e-05,0.07393506948595782,0
0.771429968430833,0.2153030800240782,2.0113083396901027e-05,2.691345137520193e-07,1.348568442812945e-05,1.2423660243676729e-05,0.013220659982506348,0
0.7607206381750515,0.22771512507726843,1.7990039874512677e-05,2.4072592642619924e-07,1.7627105265519133e-05,1.1112276460086614e-05,0.011517266600153368,0
0.6485769408662293,0.346795165757704,1.6595758068722988e-05,2.098442047937011e-07,1.4176901868902458e-05,1.086724173943777e-05,0.004586043630184947,1
0.6963579009862383,0.3028091641431343,1.5724152054603318e-05,2.2505754949173167e-07,1.2051140187120977e-05,9.978525338807796e-06,0.000794955995497244,0
0.6341730455942394,0.36577890835062415,1.715381792287941e-05,3.0399913702394167e-07,1.3428163882461027e-05,1.1884362810491682e-05,5.275711383651369e-06,0
0.650770971491266,0.3491705182624343,1.610770414721811e-05,1.9800045438580133e-07,1.2401653213788949e-05,1.0717051376048907e-05,1.908583710835441e-05,0
0.623134371105034,0.37660988085289454,1.98125930844736e-05,2.1456649127830765e-07,0.00020726714456537366,1.1410776829081909e-05,1.704296110134902e-05,0
0.5416636442371203,0.45591126303493085,2.1909668765435526e-05,2.7628836181395375e-07,0.002368720938658886,1.3709513403097232e-05,2.0476318759641212e-05,0
0.46017425086087277,0.5377274259355105,1.4776675072818045e-05,1.3503946490617e-07,0.002061619893781052,9.246192954025922e-06,1.2545402343987431e-05,0
0.49172803909308166,0.5023687524832261,2.08974704256141e-05,2.635241970913335e-07,0.005858070127539885,1.3826289607161272e-05,1.0151011922543678e-05,0
0.4221337993010466,0.5013084904338578,3.15308540264915e-05,2.3784729787141724e-07,0.07645431145988911,6.38977131728359e-05,7.73239070924776e-06,0
0.16411338319717841,0.8358277601645223,1.7198409746271774e-05,1.1429717281124337e-07,2.822441484706297e-05,1.0671326706661324e-05,2.6481898264365617e-06,1
0.1988353345134127,0.8010652807429584,2.087333092070379e-05,1.4586308697605836e-07,6.0106439004151476e-05,1.4879559456812922e-05,3.3795511602071018e-06,1
0.22630746466682075,0.7726912594707261,1.9651709034115765e-05,1.6882531972697177e-07,0.0009603218100054855,1.7221947202483447e-05,3.911570891470792e-06,1
0.4628761662805011,0.5347381680754774,3.3410370932183474e-05,2.7803217506716385e-07,0.002323871713927684,2.2729227460897274e-05,5.376299525649851e-06,1
0.472194017128994,0.5253722929858058,3.40829327874211e-05,2.836290550257398e-07,0.0023706520227852546,2.318677435315562e-05,5.484526219409817e-06,1
0.28538714534712817,0.7132087965106765,3.119535494373026e-05,2.2496089752343798e-07,0.0013499224325094039,1.8390631977693364e-05,4.324761867309182e-06,1
0.22682460762817191,0.7721940093936518,2.3159800694594394e-05,1.5789797969437956e-07,0.0009435854268103704,1.1444342214060304e-05,3.03551047770987e-06,1
0.4308652547090418,0.5674596895994575,2.9814261787709077e-05,2.4046643616039387e-07,0.001619970638654269,1.9433360390974372e-05,5.596964231716447e-06,1
0.17835257661098222,0.8205962005720244,2.4777663661739066e-05,1.6598135878747294e-07,0.0010112989818360334,1.118470015364205e-05,3.7954899829514715e-06,1
0.2842729652277545,0.7143936942181625,2.3008791936727496e-05,1.6234447277884622e-07,0.0012940475611140745,1.0607981441230513e-05,5.513875118159102e-06,0
0.28807054111730207,0.697550353297896,3.0288204341386618e-05,2.6512942600026213e-07,0.01430493626710723,1.642683886353558e-05,2.7189145063752758e-05,1
0.1851738565352831,0.785280576048054,3.660442412327632e-05,3.7436707101301355e-07,0.029447999885602007,1.9807292778559682e-05,4.078144708800804e-05,1
0.3246620280356285,0.6466684579619985,2.724067205771934e-05,2.4396373474451296e-07,0.028612628085549804,1.488348226182979e-05,1.4517798769032746e-05,1
0.5938294925987422,0.3952150009825385,0.0001309728117123078,2.0369841051273692e-07,0.010728052999813971,8.540427280189766e-05,1.0872635980721806e-05,1
0.6864355462844999,0.3100262589598501,1.7284388870421323e-05,2.1309218384133902e-07,0.003500296315193376,1.2640519165319109e-05,7.76044023699935e-06,0
0.28253396087437727,0.716927480236275,1.4124947277029606e-05,2.0884509262839427e-07,0.0005119403752313594,8.909193254170774e-06,3.3755284927288347e-06,1
0.4295730129570076,0.5697107638878027,1.6482293529256757e-05,1.9444723735219374e-07,0.0006851619724490386,1.044556345334657e-05,3.938878520559427e-06,1
0.37280065942308355,0.6262661570923128,1.6318375366988413e-05,1.7707939890578742e-07,0.0008963327361527816,9.994354431458508e-06,1.036093925366167e-05,1
0.28922530139704167,0.7107274788501078,1.74766802220272e-05,1.8182738892463335e-07,1.2303341497680988e-05,1.1763540362992481e-05,5.494363378649067e-06,1
0.18539338140258244,0.8145634235818919,1.8379855145944116e-05,1.7448612167475617e-07,1.0311602031119952e-05,9.695723581908058e-06,4.633348645063105e-06,1
0.14900029335622153,0.8509550226550548,1.8735968023597424e-05,1.6285933241660276e-07,1.1417260126310668e-05,1.004329330158663e-05,4.32460793985037e-06,1
0.27067323008890093,0.7292742549872813,2.092758908070829e-05,1.9567244687695053e-07,1.5933446544154777e-05,1.0301189458151663e-05,5.157026287994521e-06,1
0.19915237891488774,0.8007773546715351,3.318816395200262e-05,1.7634347280383053e-07,1.5096412095398095e-05,1.4395361111103925e-05,7.410132945859418e-06,1
0.21477050374124984,0.7851530947531803,3.361964501649348e-05,1.891028764198195e-07,1.92095182389208e-05,1.543694331255469e-05,7.946296125596366e-06,1
0.1033641927460961,0.8965594349009883,3.757700659715207e-05,1.5928588186116115e-07,2.0219012906861836e-05,1.3002907070129135e-05,5.414140459573267e-06,1
0.1982680946647469,0.8016676789723746,2.7044952483441224e-05,3.1429250878214804e-07,1.593910998672182e-05,1.6156777946060577e-05,4.771229953576206e-06,1
0.2061245025069966,0.7938113560172159,2.0748859791999955e-05,1.801205923983013e-07,2.6121360565504607e-05,1.3350306261354718e-05,3.7408285762606144e-06,1
0.19592069686712205,0.803999888827501,2.369435226335217e-05,2.383179670493724e-07,3.19907689218467e-05,1.8786147323759433e-05,4.704718901025534e-06,1
0.3046206101260351,0.6929531164336156,2.0645010627616893e-05,1.9179593210284102e-07,0.002390297329364681,1.126432090824487e-05,3.8749835166371815e-06,1
0.21936330376667834,0.7779245506172954,8.854051489131619e-05,1.5340921317977e-310,0.002600267935940331,1.723291434678433e-05,6.1042508477075455e-06,1
9.687392176690353e-05,0.009512128527080409,0.964034538611875,0.0003387735649047314,1.5079620023668627e-05,0.025998682589094428,3.923165254982942e-06,2
0.00010555838584119742,0.009844231509454418,0.9627210643005885,1.0878443500184099e-14,1.2897216847380664e-05,0.02731319211712636,3.0564701313615556e-06,2
9.670018834164361e-05,0.007970824824577357,0.9603323603702847,0.00243179788608764,1.276523420202304e-05,0.029153485301753396,2.0661947532727405e-06,2
0.00010169872969032978,0.008382845712561765,0.949570981405569,0.003010488968187786,1.2382777094945082e-05,0.038917650442138345,3.951964757824104e-06,2
8.025256844402487e-05,0.004932374146468447,0.020349062048614593,2.7142377840221742e-05,1.2902158860252995e-05,0.9745973013183481,9.653814244166401e-07,5
0.00015397003316405296,0.00851642838998192,0.028667175971418577,2.2440549253982325e-05,3.0360134070442686e-05,0.9626086081858279,1.0167362831249913e-06,5
0.00017159566731780762,0.011087021663517703,0.0381473215847529,2.9649984968242293e-05,2.837501537281914e-05,0.9505347694116558,1.2666724145953259e-06,5
0.00020798993905396418,0.009466880603808847,0.044051791610109685,3.6626073951209676e-05,3.6725445555417964e-05,0.946198781815129,1.2045123918342875e-06,5
0.00024960485257087854,0.02472281694057231,0.06456084640403251,4.587339805593306e-05,3.1927039394329386e-05,0.9103859058578001,3.025507574008688e-06,5
0.00020984025619428105,0.060712032039445155,0.05751989958328909,7.283998570893394e-05,2.8770457245764655e-05,0.8814535073201435,3.1103579732409976e-06,5
0.0002867406469671512,0.05087904964518132,0.031732351765641216,4.9347972388765625e-05,5.827242740191588e-05,0.9169927120681864,1.5254742332308115e-06,5
0.0003801108773793822,0.15262963931685206,0.7394331445713953,0.000141216149502338,8.139076086039557e-05,0.10732117985871406,1.3318465296521148e-05,2
0.0008809001383909569,0.21512685130103357,0.3957285298889188,0.00015541148106487036,0.0004474364332277361,0.3876563623793332,4.508378030890872e-06,5
0.0004593965852533488,0.12089087757935481,0.2526202679914102,0.00016198526728068499,0.0002458057319662465,0.6256193063988393,2.3604458952985614e-06,5
0.00026447435502191226,0.08600004416640214,0.20682226941056892,0.00020070336507986038,7.654971633490407e-05,0.706633976204747,1.9827818453315223e-06,5
0.0002913397458836621,0.06775277007987658,0.5008744464946048,6.886930766635954e-09,8.864094342997782e-05,0.43099023527472147,2.5605745526358063e-06,5
0.00024036344852708527,0.05750454641639292,0.11226224206567217,7.808139378329822e-05,3.45867730522095e-05,0.8298781549423624,2.024960209853395e-06,5
0.0001943509125927554,0.04689127033779406,0.07475692507729192,9.123798551553082e-05,3.925530540813307e-05,0.878025323057307,1.637324090499881e-06,5
0.00018282969099214937,0.047355273529074864,0.08298721681252541,9.158592345847241e-05,4.140949777475177e-05,0.8693401442834944,1.5402626801519527e-06,5
0.00045122793610005105,0.11178915915444217,0.18497323289145126,0.0001495599813618967,0.0001358665319853703,0.7024968061268578,4.147377801412819e-06,5
0.00010051293487311533,0.027101885765702063,0.057463299065770794,0.00023079714169143084,2.3696162691108603e-05,0.9150781180490113,1.6908802602011593e-06,5
0.00010466035536388317,0.0267619061970283,0.06317841298179945,0.00010422490838428809,2.170849477926894e-05,0.9098266713335302,2.4157291144880836e-06,5
0.00013469287010101948,0.020678986293647846,0.08850792956038125,0.0005694473507561327,2.9584892123190032e-05,0.8900780603922998,1.298640690778036e-06,5
0.01948065799756491,4.121698332478096e-05,2.3499415766319176e-07,4.365553414144181e-09,1.7260172445332243e-07,1.5366440220259913e-07,0.9804775593932726,6
0.013725846663492932,3.12879383007056e-05,1.622516781115724e-07,3.69298653970306e-09,1.3319744941298593e-07,1.166471184279783e-07,0.9862424496089738,6
0.790440891175562,0.2094887213600754,1.4139283163396e-05,1.7817143570374695e-07,8.65791278874178e-06,7.0001583548475325e-06,4.041193861991119e-05,0
0.9708688585198232,0.029100963643243466,5.610444226039669e-06,7.400650488062004e-08,2.658431069505542e-06,3.060587704827391e-06,1.877436742821077e-05,0
0.9625414871590083,0.03597494880453777,8.648101129935974e-06,8.153525913438875e-08,5.32673532258514e-07,3.778139040361911e-06,0.0014705235874922465,0
0.954969025846554,0.042511318170919465,1.0580454841932986e-05,1.0288134359432863e-07,6.869338289990625e-07,4.7672629594266e-06,0.0025035184495524635,0
0.9168757735737313,0.08146413429242766,1.4951640526016903e-05,1.5016127818269126e-07,9.113636921967899e-07,6.958096331276525e-06,0.0016371208720135264,0
0.9472026571846063,0.052029688973063794,1.283987845753918e-05,1.2485133834361423e-07,7.207252147005595e-07,5.943583042353033e-06,0.0007480248042768276,0
0.9730789942695327,0.0073392449791617985,1.778280853365464e-05,2.379529499980998e-07,1.41709209164912e-05,1.3391987507744731e-05,0.019536177081397512,0
0.6472235806855903,0.3460715218249615,1.6561128348295787e-05,2.0940633108433618e-07,1.3890703524561152e-05,1.0844565490381043e-05,0.006663391685754003,1
0.6618391056936126,0.3380328452230826,1.6005063422546827e-05,2.450531539840305e-07,1.2198847779261419e-05,9.859003790572043e-06,8.974111515868307e-05,0
0.6885258777544904,0.3113509170453882,1.6281531333985533e-05,2.492861477488658e-07,1.3552303044450862e-05,1.0029306032736606e-05,8.309277356253728e-05,0
0.4444449358638349,0.5554877782707548,1.9334263770229096e-05,3.209384728588181e-07,2.466329418612866e-05,1.4440840602654249e-05,8.526528378429005e-06,0
0.5037303745646569,0.4929845039724798,2.4040312258634694e-05,2.6353221660366923e-07,0.003235337872696008,1.2879457855085537e-05,1.2600287837019493e-05,0
0.39226581123864473,0.5498597043884806,3.662628041790319e-05,2.9343207691631824e-07,0.057769422018075396,5.920695155064891e-05,8.935690753736597e-06,0
0.43820067994349143,0.5058642568642229,3.727504620474605e-05,2.741114899599978e-07,0.05583273214443558,5.643455631226092e-05,8.34733384321522e-06,0
0.4591774210783652,0.48085923186752194,3.491233284445658e-05,2.804158582472187e-07,0.05983417751250424,7.830739101795713e-05,1.5669401888064567e-05,0
0.16564072924264894,0.8342695800873322,2.267277279878278e-05,1.4341084218948696e-07,5.01622350018022e-05,1.3389517103881694e-05,3.3227342719499e-06,1
0.21995284109083452,0.7791368390983218,1.5129346557540146e-05,1.7643542427475984e-07,0.0008807115415320449,1.1510440118546767e-05,2.792047211102698e-06,1
0.2356512485098425,0.7634882287901401,1.8721689754165733e-05,1.6738463646076238e-07,0.0008250346947355985,1.3537248947581861e-05,3.061681943587326e-06,1
0.4994386328836,0.4989239860469015,3.2479683647907075e-05,2.5553488739852705e-07,0.0015815521573252548,1.8609176172375493e-05,4.4845174655184224e-06,1
0.1474943678525788,0.851774779649531,2.1687923642756497e-05,1.4582994115711776e-07,0.0006965747272875261,9.520855471076241e-06,2.9231615476209893e-06,1
0.16549861643784328,0.8334451458102451,2.3335008127782274e-05,1.6142589438123676e-07,0.0010163839205744902,1.2712722706905464e-05,3.6446746080202392e-06,1
0.3474085859072655,0.6500353911047788,3.20692223656421e-05,2.312626690501406e-07,0.002502496275425797,1.5937952051330214e-05,5.288275443836628e-06,1
0.28428351968930266,0.7144202181641516,2.3009646205122557e-05,1.623505002900945e-07,0.001256967694710218,1.0608375293428645e-05,5.514079836827545e-06,1
0.4207982763415984,0.5640439564407645,2.5584309279258665e-05,2.3271816153290785e-07,0.015103128596238413,1.4972996982803148e-05,1.3848596975169897e-05,1
0.2283395242918072,0.7710959907789446,1.3578336849937693e-05,1.8551264719387638e-07,0.0005370771307659438,8.149155357952915e-06,5.494793627212787e-06,1
0.36030988415646303,0.6388731798555876,1.3748265294542385e-05,1.4918976304956526e-07,0.0007881061855479668,8.420264461457552e-06,6.512082882495056e-06,1
0.3633707702498168,0.635694760352062,1.750767899254738e-05,1.8076278000803168e-07,0.0008949421433771258,1.0722755494256742e-05,1.1116057477225988e-05,1
0.22449552711914122,0.7754232822174517,1.773284441778351e-05,1.8516662227304267e-07,3.075466632139348e-05,1.0099257249498561e-05,2.2418728796231075e-05,1
0.1702237319322701,0.8297353078638581,1.7508118568993168e-05,1.6964354190806814e-07,9.35104973096583e-06,9.426634473900558e-06,4.5047575560685455e-06,1
0.153224992998679,0.8467336161679433,1.8357651273594083e-05,1.595708760491515e-07,8.795826712684509e-06,9.840499078389773e-06,4.237285437016128e-06,1
0.20524147574003201,0.7947031755596458,1.8127523052517332e-05,2.3778292011559334e-221,1.712499746989929e-05,1.196450521994361e-05,8.13167457981937e-06,1
0.14478693114985108,0.8550411161625499,5.0493606051208404e-05,2.1755346308807825e-07,8.825600740614012e-05,1.7904080498399064e-05,1.5081440180324197e-05,1
0.1292216944965511,0.8704539909571237,4.2142618290670037e-05,2.1334458645015366e-07,0.0002448137852788179,1.904177233788472e-05,1.8103025831373816e-05,1
0.22017571368734282,0.779763586822971,2.5612526986149395e-05,1.9334856990037433e-283,1.537167242455471e-05,1.519676667970179e-05,4.518523595776924e-06,1
0.2554993288859236,0.7444310328182208,2.211237244969916e-05,2.0194449424877643e-07,2.9684796397050536e-05,1.3652525147549499e-05,3.986657367102456e-06,1
0.29013008541888563,0.7080343340991424,2.1114606611258347e-05,1.8969888777909976e-07,0.0017979543579899452,1.2202985493831425e-05,4.118832989249421e-06,1
0.3134960233373092,0.6846946589548566,1.9663932953526287e-05,1.8951015184973787e-07,0.0017742194543680474,1.113007529618008e-05,4.1147350644739335e-06,1
0.36424844032209985,0.6342113652175062,2.508601890587119e-05,2.732288099288132e-07,0.0014946160571466735,1.4930475596843987e-05,5.288679934495141e-06,1
0.24765673900253665,0.7491055272325313,2.6526417933926158e-05,2.347316114907644e-07,0.003192758062486315,1.3476445059873412e-05,4.7381078401467485e-06,1
9.68552072418154e-05,0.007392175273838994,0.9616621970331068,9.197703597472829e-05,1.2909131839943054e-05,0.030742841600680675,1.0447173168200334e-06,2
0.0002780953236286225,0.018149923585771565,0.22008176712950117,0.00037065560629286564,5.6403901270288125e-05,0.7610536683237731,9.486129762342914e-06,5
0.00027260310153408936,0.027227178490596957,0.05972842743595018,3.075000864568223e-05,3.511643815611504e-05,0.912703199613286,2.7249118308734704e-06,5
8.865631656724225e-05,0.002257255049661914,0.9798109293912921,2.0960194612557426e-05,1.9847035326878035e-05,0.017799909433577524,2.442578961744928e-06,2
0.00046484683501086307,0.12635825164066095,0.30374522650134794,7.454961717183752e-20,9.125268335448373e-05,0.5693331269843956,7.295355230219177e-06,5
0.0005972819067123655,0.16453062770844534,0.12790189903894947,2.7460057452476493e-19,0.00010603827010308278,0.7068467196837417,1.7433392048048177e-05,5
0.0003073423463994295,0.08652202519996796,0.08620823404835963,7.332845156874525e-05,4.447327667170476e-05,0.8268367697665905,7.82691044212503e-06,5
0.000603208649080229,0.1940120595539737,0.10133314732466664,0.0005982008524284447,0.0001947515069933926,0.7032554597826636,3.172330194061688e-06,5
0.0007550949146551783,0.18246187152108628,0.31244677362411194,0.00014386275789724377,0.00037949743837049346,0.5038090759204553,3.82382342355673e-06,5
0.00025058306237029076,0.06588058867572545,0.19671736440475696,0.0001273175815584596,0.00015218220392760194,0.7368706779464924,1.2861251687883358e-06,5
0.0005007041851262644,0.1313558731489237,0.19563445575532734,0.00023196638993711096,0.0002679078658271921,0.6720067124835128,2.3801713455478882e-06,5
0.00023320754556489627,0.09293055037695663,0.14694298808129932,0.0002341662807664005,7.346272461822897e-05,0.7595834824220326,2.142568762029565e-06,5
0.00023499408317020535,0.07340970285137009,0.22745155686542795,0.00038433300663330414,6.876859760546268e-05,0.6984484917093873,2.1528864057675252e-06,5
0.00019502802839458606,0.033727050025255244,0.19570309853555426,0.006298074669135998,5.87642337291854e-05,0.7640162831696591,1.701338271698879e-06,5
0.00019171437730710456,0.0331383179526854,0.21868179004140842,0.0008241008003473589,5.77589380614006e-05,0.7471046329194205,1.6849707698413995e-06,5
0.00031148613703081674,0.04916392255349983,0.09560094271607977,0.0018190786328399827,8.196984457241682e-05,0.8530196937516782,2.906364298907949e-06,5
0.00018423664929951262,0.028907183865948337,0.05029972210673192,0.000581776932854955,4.803979254137983e-05,0.9199773373294239,1.7033232001051491e-06,5
0.0002401543879628822,0.08557915664731251,0.14667638183356177,5.8370311583376245e-05,5.136483387625792e-05,0.7673909713931112,3.6005925919340014e-06,5
0.00048403664454353977,0.11676975245851666,0.24109401273830722,0.00015617778044515657,0.00022042498899288616,0.6412721340460618,3.4613431327499685e-06,5
0.00010656119231533167,0.021170356059864243,0.05585433991044187,0.00015949753666787573,2.340585197125243e-05,0.9226838777841492,1.961664590316852e-06,5
0.00026831005655093517,0.05378979815687468,0.13452309279669994,0.00045910999780112376,5.374503826189555e-05,0.8109006353656988,5.308588112611325e-06,5
0.00019438321538351326,0.027661458777629495,0.09523426837980538,0.0007710048335245653,3.957453534159073e-05,0.8760965729099673,2.737348348063293e-06,5
0.0002493564678444379,0.035387668824307564,0.2972581463721542,0.0012620785910306476,5.508359686960964e-05,0.6657854377294912,2.2284183025384527e-06,5
0.00030544714398471356,0.05654283929658687,0.32671919596985477,0.0005504415230369726,6.552807046023908e-05,0.6158137842501042,2.763745972321024e-06,5
0.0003436686263569206,0.06354067653959376,0.2688928728362119,0.00018874367287783223,6.366553870340353e-05,0.6669529900335697,1.7382752686648324e-05,5
0.0003434521072401184,0.1464669693826486,0.22857819417963207,0.0005730118110599393,6.068138620217984e-05,0.6239529856367075,2.470549650944425e-05,5
0.0003914057910410674,0.21467327644035455,0.2889010313704912,0.0006733551348295004,6.141790399502139e-05,0.4952865748378458,1.2938521442824812e-05,5
0.01065274479660019,2.428283151491733e-05,1.2664850646807305e-07,2.571949460486112e-09,9.984316404061968e-08,9.053080763149318e-08,0.9893226527774573,6
0.6715991111948684,0.32833030013936915,1.9678037003182772e-05,2.2106947492779625e-07,1.347639067279351e-05,9.798176620033697e-06,2.74149919914006e-05,0
0.6724332156414505,0.32749589788244504,1.7963474659786025e-05,2.2901617701175618e-07,1.4211823239699207e-05,1.0081693529144174e-05,2.8400468498552767e-05,0
0.6436503623956199,0.35629619279334446,2.2560626892799574e-05,2.2247394799462969e-07,1.0385546633250022e-05,9.104800942983758e-06,1.117136261864884e-05,0
0.8065731430514032,0.19336348208540385,1.5855533163407053e-05,1.8410907547874154e-07,8.990224811599519e-06,7.233441644701661e-06,3.111155449774437e-05,0
0.8981177688385008,0.1018222375051,1.6964173513417954e-05,2.0929047185730672e-07,7.814337166423579e-06,9.426537750309423e-06,2.557931749706471e-05,0
0.9466971161506953,0.05322844397295668,1.0089110665953567e-05,1.1054308243460905e-07,4.1876752663113325e-06,4.978910556023142e-06,5.507363677717233e-05,0
0.9509561677754941,0.04825114993529431,8.865208768627564e-06,8.903444927913558e-08,5.944787754454525e-07,4.153743844876292e-06,0.0007789798233732673,0
0.9091040548635901,0.08846658850060368,1.4018338211879315e-05,1.2781861085261238e-07,7.238346767845783e-07,6.084840883882801e-06,0.002408401803422682,0
0.9742753364039947,0.018765510812959466,3.7953179686947505e-05,2.228255846967801e-07,1.4157569124010599e-05,1.5037158409083988e-05,0.0068917820502412625,0
0.9663088372194961,0.01802213144154234,1.8341054579476602e-05,2.0769448949959645e-07,1.63884850352723e-05,1.3812394894898846e-05,0.015620281709962472,0
0.9715276971701695,0.011327214899373784,1.7511816957070433e-05,2.1156859472009584e-07,1.4662302536928111e-05,1.1907076493673466e-05,0.01710079516587428,0
0.7169486713369649,0.27218479531300377,2.045642858189196e-05,2.613803090120904e-07,1.8151805372992102e-05,1.2062107332095952e-05,0.01081560162843541,0
0.7155297385593261,0.2766865404964608,1.920372118652308e-05,2.1751794290280795e-07,1.784526871596173e-05,1.1858409794449163e-05,0.0077345960265732885,0
0.7359229407786151,0.2545486414141546,2.0045170280554673e-05,2.2704892256104378e-07,1.8627194523358592e-05,1.2378009515840517e-05,0.009477140383987896,0
0.7291221090386226,0.258620897373048,1.892956758659652e-05,2.3935393856965425e-07,1.75500411499303e-05,1.137216418840025e-05,0.012208902461465826,0
0.766290722271323,0.2252087432025586,1.5017660301147456e-05,1.89890029169286e-07,1.3155617991828847e-05,9.83387105171781e-06,0.008462337486744468,1
0.6542138527480206,0.33921387278211335,1.6232958017009133e-05,2.0525679829887584e-07,1.3854659141167762e-05,1.0629672846909419e-05,0.006531351923062856,1
0.760546989849997,0.237057489158492,1.4628748923299881e-05,1.9031295344681473e-07,1.0190247239589688e-05,8.33803505576082e-06,0.002362173647338985,1
0.6303956575413835,0.3695569271182491,1.498521755628783e-05,2.0631331842861883e-07,1.0189547407679004e-05,1.0999208973649418e-05,1.1035053111330704e-05,0
0.5679183784893955,0.43202997257538606,1.4909468738683387e-05,1.6030853502984692e-07,8.933355679875722e-06,1.0940356407315495e-05,1.670544585757956e-05,0
0.5318784860595248,0.46807127776262086,1.592001947714625e-05,2.901541462394022e-07,1.2762963561757184e-05,1.35141842165754e-05,7.748856452612578e-06,0
0.5053035791213449,0.4946390724562673,1.7618654398965934e-05,3.1617551212220694e-07,1.6721745813699608e-05,1.4116202391718565e-05,8.575644271149529e-06,0
0.5732978320272721,0.4246289881123432,1.8631273243898958e-05,2.498185909551182e-07,0.002030988133012378,1.2396075240216963e-05,1.0914560297544593e-05,0
0.47294452105683543,0.524309538408442,1.5589814382676163e-05,1.5449772356532997e-07,0.00270665635282613,9.987987350925331e-06,1.3551882439296991e-05,0
0.41444496274629666,0.5396871353755948,2.1895525930943743e-05,2.640062530650856e-07,0.04581381601065996,1.2803389402324531e-05,1.9122945862293045e-05,0
0.42876361747890773,0.5061029387380452,3.2795753726256444e-05,2.996774988391097e-07,0.06502148483518475,6.122027513942874e-05,1.764324149766193e-05,0
0.4684206215265363,0.4699865043101833,3.226867663448248e-05,6.258842897174603e-85,0.061457265276884616,8.804145735942359e-05,1.5298752401816542e-05,0
0.44466797493326804,0.4925370208390937,3.082538173930186e-05,6.207915288657532e-85,0.06262374899394764,0.00012525558404045934,1.5174267910686453e-05,0
0.15778573530752915,0.8421267558229675,2.096556407369895e-05,1.412799186395548e-07,4.896035945651294e-05,1.4213414471657312e-05,3.2282515828249233e-06,1
0.27751913984011706,0.721600337736133,1.5619139921910996e-05,1.5975704345358987e-07,0.0008485354940180056,1.3285869384912221e-05,2.92216338156824e-06,1
0.4572275502728941,0.541119805114405,2.9438539754135147e-05,2.9257888107596886e-07,0.001588910558208312,2.8619981589556665e-05,5.382954267931858e-06,1
0.5287470965613373,0.46985996247983997,3.4385682835360694e-05,2.7053039329776715e-07,0.0013309375536092356,2.211595417999933e-05,5.231237804794726e-06,1
0.48324740470237204,0.5142619299987243,3.197848114780124e-05,2.5159166166342477e-07,0.0024348613288975997,1.8322013103805837e-05,5.251884092849858e-06,1
0.2087627732423268,0.7541055058969515,3.5263742066302386e-05,3.6065541656548793e-07,0.037014209487836076,2.0989401816930157e-05,6.08975735859288e-05,1
0.129854893581692,0.8701054814933596,1.6937364043798986e-05,1.6411326069410176e-07,9.046210925572048e-06,9.119331649663424e-06,4.357905068755475e-06,1
0.1612299544765545,0.8387308104583574,1.645123781224656e-05,1.4299968937579438e-07,1.0024999042785134e-05,8.818578592493797e-06,3.797249951195625e-06,1
0.15100254063489058,0.848960226513884,1.560667497875396e-05,1.3565846531556724e-07,1.019620042574846e-05,7.69200812642204e-06,3.6023092291136622e-06,1
0.3395378517865177,0.6603993826018205,2.5435382214323887e-05,2.1099502968128603e-07,1.936550365544345e-05,1.1485883366314763e-05,6.267847396018211e-06,1
0.2418421241481631,0.7580935271307272,2.1197851691626127e-05,2.387149796761325e-07,2.245343006586015e-05,1.3181559794945907e-05,7.27716457769162e-06,1
0.26995874449625,0.729981670736445,2.2416270779877135e-05,2.1679333197524868e-07,1.8661496496661973e-05,1.1801524090040291e-05,6.4886826063591225e-06,1
0.20669171897164407,0.7932599251856255,1.9205873924271007e-05,2.0869995582129448e-07,1.4467843971641368e-05,8.884430297678348e-06,5.58899458081794e-06,1
0.2546383297662553,0.7453017500076772,2.2446936226203454e-05,2.422635140382088e-07,1.6794592539960283e-05,1.3948605547100545e-05,6.48782824012129e-06,1
0.2560844566254166,0.743853905458866,2.377266720423872e-05,1.8522859364578427e-07,1.6486856284905227e-05,1.4897228229573349e-05,6.295935405007312e-06,1
0.6668420957427602,0.3330867869373047,3.139928759200708e-05,1.4494160934494322e-07,2.388988576865128e-05,1.0756627529148411e-05,4.926577435871688e-06,0
0.18655050941478482,0.8104385704162239,4.0635675001080515e-05,2.1501192451215025e-07,0.0029381479907973594,1.9190588261996516e-05,1.273090300620267e-05,1
0.17198891121435902,0.8278998255645842,3.302068354085966e-05,2.1951954760159247e-07,2.855264054178604e-05,1.4166932174344091e-05,3.53034452523061e-05,1
0.10500561968945839,0.8949106531490475,2.6267929874118244e-05,1.5046611538243e-07,1.3915037923742109e-05,1.2707937560617203e-05,3.068579002031013e-05,1
0.19746235632720208,0.8024773431315662,2.4185157691180158e-05,2.05939691417137e-07,1.5596707633069218e-05,1.616583265894173e-05,4.146903557376118e-06,1
0.2797500011353012,0.7199588226029525,2.2578281347655486e-05,1.9477252270781205e-07,0.00024931305862742277,1.478365949560049e-05,4.306489753055736e-06,1
0.20546897344582923,0.791207732762709,2.4516216655926188e-05,1.93153631373753e-07,0.0032820684074030527,1.1982952785837836e-05,4.533060985760999e-06,1
0.2836080903560774,0.7148183889116992,2.1316916925458863e-05,1.9151649405974983e-07,0.0015355340922674533,1.2319908810230085e-05,4.158297726222082e-06,1
0.30329599458588175,0.695144022481588,2.391603227911329e-05,2.219475244915066e-07,0.0015103291985877603,1.6905819774937686e-05,8.609934364195939e-06,1
0.31066037931563395,0.6856294293741835,2.9585712347453714e-05,2.750710271336908e-07,0.0036584760219233224,1.579241739613748e-05,6.0620874883699055e-06,1
0.2526578584305699,0.725309893750684,3.5236891874352975e-05,3.9951642085610224e-07,0.02197247356647511,1.7200853757022735e-05,6.936990218809814e-06,1
9.484547129893154e-05,0.0072387883701607895,0.9625307662844462,0.00044610954497854827,1.4163461044093861e-05,0.029674303828535368,1.0230395361249344e-06,2
2.3174942563715342e-06,0.00011388691562407923,0.0020745968201737307,0.9921860837617179,6.285882504086768e-07,0.005622469398227988,1.7021749465018985e-08,5
0.0002514645634576392,0.03655548919864187,0.06881326906022352,2.5711371211193923e-05,7.024714703337009e-05,0.8942819569708844,1.8616885481691564e-06,5
0.00025764127600797333,0.025512019427921,0.07170731548447008,2.0734717885310674e-05,4.732539964440786e-05,0.9024534758534782,1.4878405929472728e-06,5
0.00032156455157784583,0.0919370280481022,0.05994928879431704,6.801414793984142e-05,3.719665796897357e-05,0.8476787376798859,8.170120208096059e-06,5
0.0003320294218327832,0.09593922930587429,0.06645185361038011,0.00111445154645875,4.208318742407791e-05,0.8361162532054168,4.099722613216042e-06,5
0.0009444710470167506,0.13852963603182805,0.7665198470206409,8.044173223873712e-05,0.00025348512067961237,0.09366763837755639,4.48067003962255e-06,2
0.0004127312926904778,0.028397783821164774,0.904374829482401,0.00023356932973263403,9.403167142315248e-05,0.06647950041610293,7.5539864850737435e-06,2
0.00018007255557008677,0.025683126503385428,0.9362305112648184,6.649205507859969e-07,7.742371416358422e-05,0.03782647973544376,1.7213060681503654e-06,2
0.00047314319004960494,0.17049678601257678,0.13877351927275533,9.368792423300405e-06,7.897246613032565e-05,0.6901604115041446,7.798761919983787e-06,5
0.0005061533859903809,0.16889303629748756,0.12907444331335474,2.3875028703544855e-05,7.822962473713327e-05,0.7014179651251823,6.29722454435119e-06,5
0.00018634049735179696,0.05696996440464133,0.16013499466259795,0.062262101822914286,5.8699132607480445e-05,0.7203861874969933,1.7119828938635772e-06,5
2.690770185985671e-08,5.115769854839943e-06,1.9069311790614214e-05,0.9999244026506817,7.792124448879075e-09,5.1377323842818955e-05,2.4400377473413567e-10,3
0.00022748475523797103,0.05847922579021129,0.13149142925250462,7.137673418930031e-05,5.4704476935078965e-05,0.8096723683519097,3.4106390119940403e-06,5
0.00012705148751017225,0.023818946800977583,0.06393945122039478,0.00041863233463196363,2.586644928551505e-05,0.9116682625394534,1.789167746653358e-06,5
0.0003256896075100664,0.11359702021722246,0.3054569136193654,0.00010929511346796184,6.229052091422137e-05,0.5804288819532152,1.9908968304746874e-05,5
0.0003169209076303035,0.058595307618967016,0.27284592104007116,0.0001180256271602181,5.871045176436878e-05,0.6680490845008328,1.6029853574251782e-05,5
0.0003427525026951696,0.10128840672488859,0.20498276603982532,0.0005371264503120721,5.571524148871682e-05,0.6927810960668236,1.2136973966612666e-05,5
0.0004179905752833199,0.13741261764766516,0.29002685908311043,0.00195724348408249,7.365900834844061e-05,0.5700974219293117,1.420827219860599e-05,5
0.9026297953400472,0.09474905116965068,2.9957016883937887e-05,2.558952421788636e-07,1.7238184913580904e-05,1.140214242452223e-05,0.0025623002508377677,0
0.7993521048973284,0.20060652533221093,1.6765276506232983e-05,1.9063230510175068e-07,1.0375076180053688e-05,7.489732111047922e-06,6.5490533582266365e-06,0
0.8636828345977766,0.13626220255061935,1.3590402002417717e-05,1.5912150639214033e-07,6.280884083147938e-06,6.6627819173262495e-06,2.826966209465702e-05,0
0.9283386845524906,0.07160970513928501,1.4385425669390265e-05,1.5416796254309323e-07,6.172570779942396e-06,6.9437949367880945e-06,2.395434887542771e-05,0
0.9404083977851235,0.05954979949277241,1.5328654657201766e-05,1.4553655189884876e-07,5.335373789995461e-06,6.555032287660584e-06,1.4438124817321556e-05,0
0.9650364358753791,0.034927839252088866,7.65300837219964e-06,8.130238391309443e-08,3.0663040106215e-06,3.661896236105105e-06,2.1262361528937965e-05,0
0.9084661829436507,0.09149882641506132,1.075755155311539e-05,1.1786697039051631e-07,4.400832198631231e-06,5.308781790402443e-06,1.4405608775595508e-05,0
0.9704010218849065,0.029545283629190938,6.1568903547919096e-06,1.0004494564425732e-07,3.255473012481132e-06,4.137424555623362e-06,4.0044653033771486e-05,0
0.9083404611558948,0.08889132640849301,1.579802624171215e-05,1.6812445961177405e-07,7.427518220268311e-06,7.79046502387442e-06,0.0027370283016665362,0
0.8944839897251582,0.09867946103448365,1.550949748277766e-05,1.414149375844575e-07,7.836094705311839e-07,6.732097838223805e-06,0.006813382620629016,0
0.937208496621157,0.007760179455598867,1.1201906624168679e-05,1.3383247154592615e-07,7.174650628129489e-06,6.371132411951803e-06,0.05500644240110847,0
0.97880910255785,0.014805911117600691,2.104730313809446e-05,5.574305424888199e-08,1.7303662061117233e-05,1.2963922659477537e-05,0.006333615693636351,0
0.9694779424879889,0.01214211337752801,2.1056420307931972e-05,2.2678918754844994e-07,1.5717151568549106e-05,1.1889264918207855e-05,0.01833105450850127,0
0.9582291842263974,0.013751902362871151,1.8329316704744922e-05,1.49839809782495e-07,1.5458448941017137e-05,1.0349437315817333e-05,0.02797462636796,0
0.8341589138584753,0.15080841985018978,1.901821894372952e-05,1.9444633650173424e-07,1.4071720941343678e-05,1.2931347346283618e-05,0.014986450557766975,0
0.6314234529836261,0.3637245271418417,1.6473996322897722e-05,2.0830459469447034e-07,1.4007098436816578e-05,1.0787509658443356e-05,0.0048105429655192974,1
0.5765582223467555,0.41866878297284293,1.6513603615693503e-05,2.0880540706027758e-07,1.2603981289852348e-05,1.0756136929717837e-05,0.004732912153159282,1
0.7128326094666426,0.28574893150149255,1.7192917310939482e-05,2.3201853469959427e-07,1.2794116375870962e-05,1.028715914130226e-05,0.0013779528205020125,0
0.6665740115033791,0.33337692337734137,1.5850328045715333e-05,1.8627076674441378e-07,1.2981921912407991e-05,9.763687912937458e-06,1.0282910641746567e-05,0
0.6591739679378743,0.3407822619570432,1.5871917436900796e-05,2.4301455889312273e-07,1.2525375704441636e-05,9.776986822408429e-06,5.352810559666485e-06,0
0.6714395292521677,0.32851328979677663,1.5506524041898055e-05,2.7267477586909474e-07,1.5889572718967554e-05,1.0743098619330257e-05,4.769080899453378e-06,0
0.6766728323704515,0.3232746526687132,1.627024403090155e-05,2.631044193473906e-07,1.3809266284215e-05,1.3152752365821505e-05,9.019593735189861e-06,0
0.5830007952245897,0.415381104995004,1.7941898527094298e-05,2.7084135483033946e-07,0.001576817349462546,1.5230516661008459e-05,7.839174400756749e-06,0
0.5274336410949467,0.4706631260204123,1.7880961333628176e-05,2.684575692410964e-07,0.0018622130436283964,1.4085797770586963e-05,8.784624339142939e-06,0
0.5516366667806143,0.44689234860000426,1.7520673049418504e-05,1.593651499372568e-07,0.0014275353734190491,1.1299207691819568e-05,1.4470000071191942e-05,0
0.35846747756692926,0.5876415269877088,2.548458683954425e-05,3.0728151055332386e-07,0.05382804395517466,1.4902089590956734e-05,2.2257532246200994e-05,0
0.41359608358773137,0.5450220076570051,3.231502618049445e-05,2.3789332834754834e-07,0.04128235997649345,4.976436877100541e-05,1.7231490489997405e-05,0
0.16867844002797644,0.8312046816990564,2.41591461875771e-05,1.549478734295539e-07,7.475631183627997e-05,1.4267302193894355e-05,3.540564876247507e-06,1
0.15719299203256448,0.8427360172016273,1.8107592691198598e-05,1.225161552892591e-07,3.868010613493995e-05,1.1281051959326528e-05,2.7994988675159187e-06,1
0.30503106266761476,0.6939259811137543,1.7362706832350446e-05,2.059518620581691e-305,0.0010065541903073031,1.5331443786647614e-05,3.707877704811975e-06,1
0.5192566227415312,0.4788702734685523,2.2140476102920527e-05,2.517363994839897e-07,0.0018207073690297585,2.5372686379027078e-05,4.631522005323037e-06,1
0.49990059196234865,0.49834441469285584,3.2378913412461574e-05,2.767161809551537e-07,0.00169579484952028,2.1686626445084614e-05,4.856239236521934e-06,1
0.17796463382930142,0.820299125590664,2.3493020920890597e-05,1.660363933324682e-07,0.0016966932726851884,1.209150157931642e-05,3.796748455985864e-06,0
0.2926789783970578,0.7052433061447998,2.7859070999629867e-05,1.9728842097285048e-07,0.0020315511657683282,1.3596545463488544e-05,4.511387489685267e-06,1
0.368606742975954,0.6249536820600512,2.4468903700970962e-05,1.8726012123725145e-07,0.006397469752316049,1.3166977149515042e-05,4.282070706941988e-06,1
0.22855368570479312,0.7699193816691047,2.47594204484463e-05,1.7473264198930386e-07,0.0014850892549693618,1.1126055520863062e-05,5.783162521504873e-06,1
0.1891853935770063,0.7714361951259041,3.739740865148635e-05,3.8247721896083636e-07,0.03925378978571562,2.2259385734563758e-05,6.458223976896678e-05,1
0.7453094713906872,0.24912411156822867,1.9110098100281047e-05,2.2940572773941016e-07,0.005521152881054193,1.3608230230927131e-05,1.2316425971000616e-05,0
0.15793007498552253,0.8420367950183179,1.409710178337559e-05,1.3382850939270263e-07,7.908860120393162e-06,7.43648963021313e-06,3.5537161162955865e-06,1
0.20833184955627887,0.7916249600667011,1.673506112321152e-05,1.621530624094281e-07,1.2187555860442868e-05,9.799753506438596e-06,4.305853467291851e-06,1
0.13444050415269118,0.8655205813798377,1.567008833665324e-05,1.5614653130500232e-07,1.1235225561903524e-05,7.706652521271557e-06,4.146354519827728e-06,1
0.26933571655289845,0.7306128644515305,1.8773557621336853e-05,1.8203591669839083e-07,1.6817093284924725e-05,9.9986189592151e-06,5.647689788884841e-06,1
0.36355396419732267,0.6363917729231378,1.9173489519715146e-05,2.3002458681978657e-07,1.8058279897619465e-05,1.0736567651498228e-05,6.064517883957634e-06,1
0.22474935239651103,0.7752036466612242,1.8440784861991648e-05,1.6658332361859018e-07,1.4339436004727066e-05,9.068254492754514e-06,4.9858835814970834e-06,1
0.19970803530566286,0.8002457037173367,1.8578734463774566e-05,1.6587314337004488e-07,1.3515552837914562e-05,8.594322341868901e-06,5.406494213484891e-06,1
0.1957345746307484,0.8042184162977559,1.8670966101869778e-05,2.0288739871799475e-07,1.4064896261777905e-05,8.636987703681054e-06,5.433334029653978e-06,1
0.18975841022036413,0.8101937015392395,1.8518985256789106e-05,1.488837668815291e-07,1.3198171191905801e-05,1.0961628480177181e-05,5.060571700570206e-06,1
0.19103299177593933,0.808917446518553,1.9516678038234246e-05,1.5230951021568997e-07,1.350185471584406e-05,1.1213850240037647e-05,5.177013003295079e-06,1
0.2896527707306754,0.7102899317915393,2.1228639219755402e-05,1.8284646740893196e-07,1.6208879109154923e-05,1.3462146254295202e-05,6.214966734789604e-06,1
0.7072497254363478,0.2926581446145371,2.7060197574151638e-05,1.2903786791759253e-07,5.097835089844205e-05,9.576354841222258e-06,4.386007933324921e-06,0
0.2040712677369847,0.7932930215856373,4.040811384235534e-05,2.088994323329269e-07,0.002565808947786723,1.8645026331269642e-05,1.063968998543158e-05,1
0.30052648209407573,0.6982959566977303,2.423093682405976e-05,2.112289988078711e-07,0.0011219104486726655,1.545211438185027e-05,1.575647931673223e-05,1
0.07816088444220141,0.9216681702597345,2.157500044298329e-05,1.6279143171754971e-07,2.117408351054834e-05,1.1783713488314414e-05,0.00011624970919075639,1
0.1277686460863365,0.8720037613560866,3.129998157508976e-05,2.2159739270205872e-07,2.880780161275394e-05,1.6031998752804733e-05,0.00015123117824339982,1
0.20396122661855137,0.7958207717139293,3.0789174645400144e-05,1.9135364586423927e-07,2.0853966196592408e-05,1.4406602932312744e-05,0.00015176057009909865,1
0.13625064585344843,0.8636561530826286,2.8830475624300544e-05,1.5596288379970252e-07,2.4641190941720568e-05,1.0607215444324197e-05,2.8966219028906218e-05,1
0.11587745201825206,0.8840369571495874,2.540163547243258e-05,1.6886856749494755e-07,2.196452916913078e-05,1.0898116218886624e-05,2.715768273271528e-05,1
0.09431272534754863,0.9056048076935456,2.478366848916434e-05,1.799050164729993e-07,1.6977296560546774e-05,1.1608667895005818e-05,2.8917420944731754e-05,1
0.12633970852477827,0.8735489812059853,3.081662006501686e-05,1.889204215557125e-07,2.8362926510958253e-05,1.5784418698865987e-05,3.615738353965603e-05,1
0.11083955231175024,0.8890468409428578,3.114202172329774e-05,1.935465781388411e-07,2.9057458833694824e-05,1.617093695810607e-05,3.7042781298740306e-05,1
0.09895475460233413,0.9009492833159287,2.4189179283639568e-05,1.2292988467949622e-07,1.281385128896992e-05,1.1229256681180744e-05,4.7606864598751715e-05,1
0.21665349190212932,0.7832766777884488,2.7539023148419554e-05,2.7688109438474187e-07,2.1476665819508657e-05,1.5679346200289915e-05,4.858393159256498e-06,1
0.1904142083375731,0.809482692181251,2.053197872868749e-05,1.888087932215725e-07,6.28593898502944e-05,1.539612687939557e-05,4.1231769240579204e-06,1
0.2541579813612186,0.7456087615978352,3.527033941713572e-05,2.519935955766384e-07,0.0001679261422906534,2.3894608298856854e-05,5.9139573439328e-06,1
0.21679754598157547,0.7803251433101958,2.437890335188123e-05,1.9102088733445028e-07,0.0028364071350518816,1.1850640641636987e-05,4.483008295949178e-06,1
0.2804673168402319,0.6892829145010622,3.445883352185e-05,2.96909160272013e-07,0.03019212308652071,1.634646750540895e-05,6.543361997890813e-06,1
0.2967750487356085,0.6595492453894796,0.00029471640988241896,2.9107276936533596e-07,0.043167294996865814,0.0002069886573110361,6.414738083328531e-06,1
4.86671496408552e-05,0.004604904346190708,0.9825584099734126,0.00019355901096343285,7.045338702482889e-06,0.012586188896514026,1.2252845762181564e-06,2
0.0003427960566507479,0.019387661455598153,0.17864812123642493,0.01722591460581012,0.0001236844537297132,0.784269187828346,2.6343634403939183e-06,5
0.0002288302702108659,0.029843802989030617,0.06878209811097548,2.2511724207484087e-05,4.696576095904752e-05,0.9010731544917208,2.6366528957323167e-06,5
0.00031542172642583634,0.04384026175490715,0.06425814326636194,3.1279043266728596e-05,6.893288736771723e-05,0.8914841344636071,1.8268580636271397e-06,5
0.00035645693281558454,0.052095680440143094,0.04754198457900717,2.6805310489833115e-05,5.600521234398165e-05,0.8999194160944125,3.6514307879379004e-06,5
0.0005202580917651717,0.15448505243129979,0.22068836208918827,0.1595078734394336,0.00017527677988623966,0.4646206028573199,2.574311107165126e-06,5
0.0001543307241008105,0.003944400622769587,0.9593702373715518,7.686051965287925e-06,3.664027135892488e-05,0.03648424676876527,2.4581894883710076e-06,2
0.00024561481176994495,0.03207622441000206,0.9071576402113884,0.0007483716173666339,0.00010715162269893027,0.05966242787018363,2.56945659026723e-06,2
0.0009510987101414745,0.4018812695003475,0.2564978627189545,4.2168506444848076e-19,0.00011973516392797366,0.3405136543552222,3.637955140653541e-05,5
0.0008864315117280241,0.3835686173620228,0.21386552002176992,0.00019494259769612437,0.00012783092986851547,0.40132797282578786,2.8684751126753906e-05,5
0.0005960507075605815,0.20483506842123453,0.09486043636538484,9.145339402388468e-05,0.0001638826610926876,0.6994499697992502,3.1386514531174505e-06,5
0.0007993834126989788,0.19521944549846754,0.19495812337502602,0.0009665990539823059,0.0004840936780444797,0.6075682637999782,4.091181802574729e-06,5
6.794226919022462e-05,0.01625434706954712,0.03149259805697613,0.01347153279323724,2.5238626706472743e-05,0.9386875573234961,7.83860846753861e-07,5
6.824580211575966e-05,0.016318422659540616,0.031633291627191897,0.009074884194994562,2.3212790789121523e-05,0.9428811555626131,7.873627547540402e-07,5
0.0002473305365402451,0.05579006918199773,0.09589262503521091,0.00029746679969951795,6.598536098347247e-05,0.8477023335793236,4.189506244615214e-06,5
0.0003745590382962648,0.07383174622698306,0.09567462532773952,8.417006741756513e-05,0.00012764335140504676,0.8299039977877324,3.258200426001991e-06,5
0.00012711408507064853,0.02438171497450611,0.07396827226144365,3.8556108568212134e-05,3.112509987724565e-05,0.9014521832826575,1.0341878765747521e-06,5
0.0003264267543348948,0.07946802635532867,0.27569325801771044,0.0002765087139010668,0.00016831519921531752,0.6440656002953071,1.8646642025985686e-06,5
0.00018792984802967882,0.04559940089329505,0.10794183082524808,0.21954290378707628,8.972944563357643e-05,0.6266370864935579,1.1187071595723181e-06,5
0.00010525459462808355,0.02495150536853139,0.052375550285185854,0.0002326389107687561,2.142881352567229e-05,0.922312139808383,1.4822189774091625e-06,5
0.0003986980118062936,0.09145321106938709,0.3266443509842943,0.00012349610116777136,7.89677162875385e-05,0.581296284283438,4.9918336189966765e-06,5
0.0002803960481179447,0.058452084437217694,0.282559700905188,4.8679443908271644e-08,7.662362783797077e-05,0.6586285699224886,2.5763797059263516e-06,5
0.8473843493800647,0.06536588644977126,1.8760694034540474e-05,2.3556791505999282e-07,1.674136466199245e-05,7.437511727032741e-06,0.08720658903182549,0
0.6608174440393025,0.33911439999518717,1.9805549829997928e-05,2.1777954584075514e-07,1.2815681384574156e-05,8.82096355694109e-06,2.649599119298304e-05,0
0.7969121807971546,0.20305082542332725,1.18334146730729e-05,1.9005042340951545e-07,1.0974380620430316e-05,7.4668706238889715e-06,6.529063177398735e-06,0
0.8960383542243144,0.10393305260453982,1.0878749766795007e-05,1.184130393289837e-07,4.663601570213857e-06,5.333376982993168e-06,7.599029786415825e-06,0
0.9290015661429276,0.07096181704967845,9.327900194207878e-06,8.856292095300152e-08,3.3353386102245804e-06,4.016093721513504e-06,1.984891194705354e-05,0
0.9503461346739951,0.04955603296694937,7.2804073401356665e-06,9.837005191404021e-08,3.260106340528e-06,3.954286289345982e-06,8.32391890335936e-05,0
0.8757552516097009,0.11286660718136872,1.3944585037415726e-05,1.8841384691323768e-07,7.338105944152131e-06,7.791978613394737e-06,0.011348878125488343,0
0.829805403669275,0.16632543770798713,1.6475139503206517e-05,1.989191444983361e-07,1.1845190805992413e-06,9.217413345873339e-06,0.003842082631663576,0
0.9466822266834286,0.05094177061431143,1.1793945556746678e-05,1.261546393734493e-07,6.037792521810188e-07,5.845689008653446e-06,0.0023576331338031843,0
0.9800784493195224,0.0033701857024633908,1.3700506682288598e-05,1.63683980972144e-07,8.971405998748763e-06,7.79222190581052e-06,0.01652073715944628,0
0.9905479891963423,0.0024872863532624124,2.5011398503707126e-05,1.7937546753468648e-07,8.820444175650603e-06,8.539219532586124e-06,0.006922174012715657,0
0.9789002475661279,0.01574354515751423,2.228974470804719e-05,5.9273170344903014e-08,2.0944966052287175e-05,1.1487864008433852e-05,0.005301425428418582,0
0.9737140758992868,0.01701270500022994,2.351440032349723e-05,6.403537683186495e-08,1.9882741138403043e-05,1.3347824875285018e-05,0.00921641009876928,0
0.9636786220566413,0.015379490578768569,1.979708934853158e-05,1.711038458302999e-07,1.802427890902638e-05,1.1818144520381247e-05,0.02089207674796641,0
0.7999807474455575,0.1852436297868258,2.096383187384955e-05,1.9108139461270122e-07,1.5524539797803477e-05,1.1836985926571595e-05,0.014727106328623816,0
0.7623220146792643,0.22567974584395203,2.17212529100576e-05,2.5039929699769497e-07,1.8611679407295907e-05,1.1384597854053439e-05,0.011946271547315463,0
0.6807200202664841,0.30721175558092495,2.2006522624113385e-05,2.440464559773937e-07,1.6948039382206207e-05,1.1262189401883327e-05,0.012017763354726749,0
0.6625981627867066,0.3307449577019275,1.644099725721764e-05,2.0788733971474016e-07,1.4407941684696498e-05,1.0765901195459259e-05,0.006615056783888875,1
0.6505433704026241,0.34472358321285973,1.6972839765861896e-05,2.1461219481565144e-07,1.4499023352884111e-05,1.1114162545426679e-05,0.004690245746657253,1
0.7520168979127768,0.24608175727810744,1.728771096107366e-05,2.021499824742899e-07,1.0812229590029924e-05,8.364409511358524e-06,0.0018646783090705442,1
0.67180918574528,0.32810210139511875,1.729374355123191e-05,2.333791854901982e-07,1.271629321592796e-05,1.052040363033343e-05,4.79490400181284e-05,0
0.6588869692192318,0.3410635177875214,1.617019051005199e-05,2.3016643791047367e-07,1.2324705462641208e-05,1.0375577512999592e-05,1.0412353323373798e-05,0
0.6591716679306658,0.34078107289057946,1.587186205618752e-05,2.430137109603092e-07,1.2525332000570107e-05,1.018415552601187e-05,8.434815460977002e-06,0
0.624258016040865,0.37569725642947815,1.3689147122103842e-05,2.2136577042615888e-07,1.4874846195043854e-05,1.1066211536493666e-05,4.875959032590223e-06,0
0.45795344795149706,0.48361827560838755,3.8428054575457494e-05,3.1012958773579097e-07,0.05827922543077067,9.298277024861763e-05,1.7330054933058456e-05,0
0.24901402216836102,0.750895534982451,1.7615567442345207e-05,2.0572913612708365e-305,5.550324454041136e-05,1.4291138678417419e-05,3.0328985267621155e-06,1
0.34428107034787814,0.6544049073709927,1.918071464572258e-05,1.7981110347420504e-07,0.0012727185240480837,1.8486451899359745e-05,3.4567794322700354e-06,1
0.4794636889038769,0.5186579036030151,3.4607657213190895e-05,2.8799567141870867e-07,0.0018174845377579704,2.097311345966613e-05,5.0541890057331905e-06,1
0.1706250066559033,0.8282175790692946,2.24984053232097e-05,1.4800233283575406e-07,0.0011215204318572025,9.863071069619237e-06,3.384364219182126e-06,0
0.18733736570174297,0.8111478167811301,2.349071954654565e-05,1.660201284214025e-07,0.001475274083828227,1.2090317096843083e-05,3.7963765268278285e-06,0
0.4836148524854235,0.5132674424397532,3.334582228184996e-05,3.1532431331091395e-07,0.0030544983427487314,2.296330554929131e-05,6.582279930174419e-06,0
0.36951055191332316,0.6160661851305367,3.0846986994773145e-05,2.2145857919771579e-07,0.014371868142276338,1.5262282629124416e-05,5.064085660726822e-06,1
0.3407314825313368,0.6573232652091257,2.781382510152482e-05,1.862174336268159e-07,0.0018999003276112942,1.3093661785571145e-05,4.258227605465617e-06,1
0.27745217707862796,0.6910736541063187,2.326728484111978e-05,1.759558784343573e-07,0.03143215665933599,9.526028400403286e-06,9.04288659735761e-06,1
0.1927659453439721,0.8054753819084698,1.8681456908501946e-05,1.4028715375759462e-07,0.0017282408015716765,7.558982015523356e-06,4.051219908648527e-06,1
0.18885102719959557,0.7700727583346658,3.7331312449137315e-05,3.8180122849599105e-07,0.04095181321049816,2.222004448294422e-05,6.446809707989162e-05,1
0.3557424464922446,0.6439863198893101,2.4357379015698784e-05,2.1826141941656986e-07,0.0002288188904535104,1.1904295683907104e-05,5.93479187283861e-06,1
0.44808283658096704,0.5516757828688056,1.9674297008805986e-05,2.1019194048113245e-07,0.00020431651374268553,1.1464174550638169e-05,5.715372984552755e-06,1
0.17251780727650945,0.8274425006476658,1.5214345802254443e-05,1.61477202791595e-07,1.0926347134967445e-05,8.510473412539547e-06,4.879432272288608e-06,1
0.11756208598746465,0.8824025308143995,1.5063235331808566e-05,1.2566463696239215e-07,8.450887496629203e-06,7.946143474295858e-06,3.7972671961075377e-06,1
0.22051612577067597,0.779445502063273,1.5054755729526035e-05,1.4291983909271878e-07,1.0741971176035837e-05,8.637389719795244e-06,3.7951295865652165e-06,1
0.2386945108763596,0.7612632752380669,1.487024972446493e-05,1.5120631013918662e-07,1.396895002370947e-05,8.53228258394166e-06,4.6911969312240005e-06,1
0.17934237864753655,0.8206128371859838,1.776884213462788e-05,1.6033286475451016e-07,1.3328185974458784e-05,8.727999835537159e-06,4.798805670273551e-06,1
0.20136748565668602,0.7985782398406225,2.3637376900839966e-05,2.0065226226385813e-07,1.3909948430828353e-05,1.1153048126751224e-05,5.373476970842452e-06,1
0.24740827715822242,0.7525381736309944,2.0556140558724085e-05,1.6725424436796446e-07,1.4826667782376637e-05,1.2314162429496176e-05,5.684985768275731e-06,1
0.6826870872256412,0.31726253487791317,2.0044772973090117e-05,1.3786972344152697e-07,1.527725234845864e-05,1.0231797958568388e-05,4.686203441969673e-06,0
0.22298481747985074,0.7742368274619329,4.139983059690435e-05,2.0958426638048709e-07,0.0027068495808971176,1.5367070219905832e-05,1.452899223615098e-05,1
0.24602354582729133,0.7514982671750936,4.677728938573964e-05,2.0150326494925974e-07,0.0024029603256616626,1.7984891767575978e-05,1.026298753505266e-05,1
0.404591663534753,0.5942511572383691,2.7823369224411903e-05,2.0602319103288126e-07,0.0010992246066183768,1.4557072114667095e-05,1.5368155729552232e-05,1
0.22541890318637797,0.774321211669781,3.557925349001847e-05,2.501980495386247e-07,2.7622393592007094e-05,2.1476239685028084e-05,0.0001749570590246993,1
0.1686428481173558,0.8310881806602782,4.189979003563451e-05,2.4734647648387464e-07,3.262958917608977e-05,2.1231469326042023e-05,0.00017296302735189816,1
0.09535149574883163,0.9044404470404704,2.6320180198849117e-05,1.76442798254428e-07,2.583108607649463e-05,1.3911970632901942e-05,0.00014181753099150486,1
0.10359553748915044,0.8962641232918004,2.8727286995418846e-05,2.1687173311025396e-07,2.8193462868285237e-05,1.5690109492474597e-05,6.751148795990963e-05,1
0.16190322730296963,0.8378885211460589,3.061960523423097e-05,1.9029977789187642e-07,1.1492708016961118e-05,1.5024179481875087e-05,0.00015092475846053473,1
0.20400681306784105,0.7957932405175145,2.8277092676008263e-05,1.7574114409733108e-07,1.9152495693530573e-05,1.2962626478361989e-05,0.0001393784586524206,1
0.15263759528504114,0.8472647123227678,2.90952438802842e-05,1.6800119666028219e-07,2.4929488441314126e-05,1.2297623028032718e-05,3.120203564477411e-05,1
0.1221107290872689,0.8777996322255018,2.1938667364636595e-05,1.433389802477391e-07,1.953100777075887e-05,9.748649217144056e-06,3.827702389622938e-05,1
0.12441821170706259,0.8755038060526414,2.9174895549400254e-05,1.6854943099680633e-07,2.3766212657394606e-05,1.3653757246137771e-05,1.1218825411895524e-05,1
0.09547473024910086,0.9044327765450535,2.7508317148787113e-05,1.7148755669767974e-07,1.8688934273281943e-05,1.4327891999560534e-05,3.1796574867307354e-05,1
0.10224775116318525,0.8976364313928645,2.3670954747628886e-05,1.3045187991383917e-07,1.3848802704345891e-05,1.1916367186988806e-05,6.625086743143892e-05,1
0.1123305056982041,0.8876034807947368,2.4033936240980313e-05,1.745997468833588e-07,1.991300255307974e-05,1.8152174203388197e-05,3.7397943146470837e-06,1
0.20201872614952016,0.7979106844803721,2.3430207392177322e-05,2.0656764850135567e-07,2.5269716700827488e-05,1.713052960450262e-05,4.552348761877149e-06,1
0.2762924079902807,0.7222196258059114,2.2412450338370176e-05,1.8697505009555182e-07,0.0014494935823336742,1.1485138253788393e-05,4.388057831844769e-06,1
0.20329421743747994,0.7957033182113737,2.238816276198453e-05,1.8677243187474837e-07,0.0009586489309257637,1.3699281272782662e-05,7.541203753862858e-06,1
0.2662668053817144,0.7326261504231557,1.9989955103632618e-05,1.7964813296788628e-07,0.0010669871057019254,1.3176732127725046e-05,6.710754063668156e-06,1
0.2970152132934487,0.69399138938006,2.8217528144841277e-05,2.7571951007901336e-07,0.008939777618946248,1.5066578879002655e-05,1.0059881011029134e-05,1
0.26675899398474784,0.7226863620543077,0.00020590515302921025,3.329844108381865e-07,0.01021320751835039,0.00012937135374616212,5.826951407775991e-06,1
0.2671519540675915,0.6868624119513407,0.00032317213229262536,3.108511275248125e-07,0.04546250314715691,0.0001931274663208624,6.5203841696776915e-06,1
5.0482070452844136e-05,0.004285274628317926,0.9831680224399086,8.958497419527987e-05,5.011839106542798e-06,0.012399653982120578,1.9700658979696823e-06,2
8.482101690205291e-05,0.006604779294107299,0.9778309662684295,0.0010264290991711226,1.0642687564956852e-05,0.01443907226797043,3.289365854646137e-06,2
8.224631243603734e-05,0.006774883892065889,0.9771627013257915,0.0006623508910663605,1.0299597826442898e-05,0.015304230862963333,3.2871178506863533e-06,2
0.00035655347515896834,0.0267285533068469,0.7177629301201112,0.0007903813979668922,5.389582040796545e-05,0.25429218432324757,1.5501556260256023e-05,5
0.00011781737920115168,0.01788798002933719,0.03410374484400069,1.0746551894859193e-05,1.9870218443103756e-05,0.9478574512328025,2.389744320317553e-06,5
0.00014304926036225472,0.01983372015553804,0.04056609316384883,1.547547893564969e-05,2.4177171407071387e-05,0.9394155498812905,1.934888617742096e-06,5
0.00022387715185336155,0.04279316571965569,0.06385603371335184,2.439857967725363e-05,6.236396063906684e-05,0.8930375885768368,2.572297985997147e-06,5
0.0003132836082327254,0.04033222758673708,0.07380840392811223,3.367653008462923e-05,6.84656187928645e-05,0.8854411187577294,2.8239703111577264e-06,5
0.00050806194886297,0.1357942244514056,0.7531482656972619,3.3848389814817285e-05,0.0001477349674862313,0.11036539716779152,2.4673773768627615e-06,2
0.00035565241634846425,0.19888171698418947,0.7496459394360767,0.0002783311072068939,0.0001794529871323336,0.05065707427557565,1.8327934704130165e-06,2
0.00021478152166780847,0.015033140715559033,0.9469779157371949,9.808528020546333e-05,4.871507980195123e-05,0.03761979177533631,7.569890234510764e-06,2
6.098690695573376e-05,0.0015573269442393743,0.9875490436235778,2.1737321106427187e-06,1.4479144274214244e-05,0.010814609740705437,1.3799081367884504e-06,2
0.00023503682905159868,0.032150529072812635,0.9116253905917513,0.0007993925822690037,0.00010933955299497654,0.05507785257425475,2.458796865751733e-06,2
0.00021751861624602636,0.029748214639949314,0.9088371401534365,0.000488333065073555,0.00010497839445900392,0.06060154625398814,2.2688768473516965e-06,2
0.000423735273068921,0.2086061098827956,0.1798231579675338,9.08083073161394e-05,0.00042886337589468775,0.610625313105924,2.0120874667113436e-06,5
0.00027673655297301273,0.08834516722508175,0.10641042468950769,0.00019724861993977654,0.0001725776701816365,0.8045962496230309,1.5956192852555022e-06,5
0.0002917289855389207,0.09700534451384003,0.10432502563520236,0.001614497125650911,0.00018192720877631595,0.7965797944677062,1.6820632850743069e-06,5
6.069472790442261e-05,0.02465180866334879,0.015454020007025808,2.9577938406109436e-05,2.254637060092565e-05,0.9597806606784864,6.916142274775475e-07,5
6.0533959137145484e-05,0.024383724030155214,0.015457080146047268,0.00010470693366160155,2.2550835136912844e-05,0.9599707123446839,6.917511779722627e-07,5
8.082041015030592e-05,0.025490941454901533,0.03746187346992146,4.0492320546560525e-05,2.420928324503313e-05,0.9369002118546943,1.4512065408919314e-06,5
0.0002595544677680902,0.06806584876130996,0.08455244443072277,0.00018969201180526847,6.366309788998667e-05,0.8468641731954435,4.624035060546872e-06,5
0.00011426764604764948,0.02750997368760481,0.06417047914921839,1.9477754947732946e-05,3.795936728262778e-05,0.9081460326809202,1.8097139785003272e-06,5
0.00011173602084060018,0.027062896876355623,0.07077517802589603,3.412114658252733e-05,3.4545358947979435e-05,0.901979742267865,1.7803035121738679e-06,5
0.0002760773282792911,0.057525939407919995,0.06746357625812031,4.3037835563498315e-07,7.343094993657327e-05,0.8746567613954456,3.7842819427988968e-06,5
0.00015399390282940445,0.0460705512478541,0.1098745322951504,0.0001227516909529976,2.4600865972549638e-05,0.843750772478283,2.7975189575515294e-06,5
0.0004549825850599495,0.09371199967748155,0.2686882409484116,0.00022073943362944367,0.0001909121647816044,0.6367304865860726,2.638604563327288e-06,5
0.00023659483029121972,0.05189731795606683,0.17228326325191423,0.00021292862377030898,0.00010183392595292183,0.7752667363308265,1.3250811779352851e-06,5
0.0002389486599681534,0.05817163622696903,0.24999410133848454,0.00028505771036367713,0.00012320893055080552,0.6911856821750427,1.3649586211441351e-06,5
0.00011607781658519124,0.03302321440534769,0.06263171806507607,0.0005323942532114359,2.9351668617808872e-05,0.9036662431219655,1.0006691963740918e-06,5
9.834447964819468e-05,0.02596180557888827,0.05203117253978337,0.00028978370357196073,2.4781852102938697e-05,0.9215932669728788,8.4487312634291e-07,5
0.00027481406974371944,0.008221029529933912,0.25217179600170314,0.0010806401412916035,7.735314618080058e-05,0.7381704360655013,3.931045645497643e-06,5
0.0002706293402700627,0.008095843855816864,0.22536619686143297,0.0012704962127813124,5.367216201815742e-05,0.7649384709497781,4.69061790260683e-06,5
0.0001633720373293075,0.04134666662736808,0.1815124018503871,0.00525876988590436,3.901238264470703e-05,0.7716781108336281,1.6663827382278784e-06,5
0.9222790503222164,0.07243431216339358,1.8314711368341214e-05,2.1717216637911503e-07,1.6888641363449903e-05,8.843228970642752e-06,0.005242373760521506,0
0.6641763673678465,0.3357183060521572,1.7900716574193277e-05,1.95326399458777e-07,1.3139765113834611e-05,8.703324872063814e-06,6.538744703682949e-05,0
0.6014448417547784,0.3984289484800237,2.8640736693785365e-05,2.1310708220184248e-07,1.2780243974294587e-05,9.445269778089808e-06,7.513040766965703e-05,0
0.6108461482515773,0.38905483598114193,2.524973334775948e-05,2.156852484681478e-07,1.4764235412256745e-05,9.559538509407503e-06,4.922657476275186e-05,0
0.7983600082386321,0.20160274060167055,1.1956549826283976e-05,1.9202803415424938e-07,1.0961010322239561e-05,7.54456875952281e-06,6.597002755017291e-06,0
0.9308279790217292,0.06912287827451209,1.0899257499062675e-05,1.1941959604633218e-07,4.8068913837333995e-06,5.378712753942083e-06,2.793842252570199e-05,0
0.9247799103995823,0.07022120043902559,1.5043206609495784e-05,1.6303058397237992e-07,8.993815596083723e-07,7.554427625768863e-06,0.004975229115013129,0
0.949757148015208,0.046483316337181675,1.0307615574376239e-05,1.102560224081857e-07,5.738338717325168e-07,5.1089870458226384e-06,0.0037434349550963405,0
0.9134804999061769,0.04467428991734185,2.4124755359473034e-05,2.1996849202809813e-07,1.0890100526215462e-05,1.0471661869350253e-05,0.04179950369023415,0
0.9023466370931547,0.05046741893154092,2.170523564694935e-05,2.0463937533303217e-07,1.075921368051639e-05,9.675984876862649e-06,0.047143598901724613,0
0.9767602961485855,0.002476338425355052,2.247361496201632e-05,1.7858593653261968e-07,9.991706739640324e-06,8.50163368739173e-06,0.020722219884733908,0
0.9777220538207113,0.006545289516696386,1.9143350139438246e-05,1.6749787796813114e-07,1.5233775223880769e-05,1.129592201871491e-05,0.015686816117332476,0
0.8331520922298234,0.15257192956827145,2.0650849987263154e-05,1.7848279564123975e-07,1.4230540699632638e-05,1.3234488732254618e-05,0.014227683839690218,0
0.6849077114608036,0.30355070015799523,2.0244252597896777e-05,2.4113814408869906e-07,1.7613820625090076e-05,1.112797741671415e-05,0.011492361192417472,0
0.7288828978860642,0.2613216250527386,2.114586757285704e-05,2.5001676825780325e-07,1.8591682808367748e-05,1.136720588880633e-05,0.009744122288158897,1
0.6572595903464719,0.34217702470847816,1.6444129552202e-05,2.1393017805897691e-07,1.1455303640632568e-05,9.485163716205784e-06,0.0005257864179628169,1
0.6142434812724407,0.38571491400684144,1.4488747447506501e-05,2.0623278295354577e-07,1.2726722369406391e-05,9.296682195205337e-06,4.886335922655692e-06,0
0.5891483285465895,0.4108058208620708,1.436153913790595e-05,2.3223895158775902e-07,1.4531585262855497e-05,1.1609768575945805e-05,5.115459411514338e-06,0
0.62859265660628,0.37136038686043493,1.4245236031542825e-05,1.669878981200505e-07,9.793953658672308e-06,1.2234355801039729e-05,1.0515999895610842e-05,0
0.49824132372084395,0.5017148382257977,1.3715324018156634e-05,2.1753167290148032e-07,1.3199319631979196e-05,1.2232695300532835e-05,4.473182734875025e-06,0
0.47782945726342857,0.5180132446280147,1.7759515510064958e-05,2.7894823076121186e-07,0.004106406851971058,1.3633523886271683e-05,1.9219268958629555e-05,0
0.40556451510030433,0.5500599615493671,4.0386675968522384e-05,3.0517397644180354e-07,0.044247174938318624,6.663036406255407e-05,2.1026198002418262e-05,0
0.4874286366388933,0.5097175250127858,3.311519219342624e-05,3.131434321904436e-07,0.002791068773683509,2.2804484178968807e-05,6.5367548329225174e-06,0
0.18657580876161606,0.8120664267994555,2.1253268781037037e-05,1.5388542550302133e-07,0.001322254745461027,9.009361390746218e-06,5.093177870162236e-06,1
0.18273154931219002,0.7830125846712824,3.481467923900855e-05,3.5606268387315975e-07,0.03416118569045277,2.072211424134061e-05,3.878746991046827e-05,1
0.21320411975770853,0.7446337720260868,3.432968394335571e-05,3.083772100480248e-07,0.04207064663330585,1.857639116439687e-05,3.82471305809657e-05,1
0.7197353376624014,0.2751049047704105,1.865075706671985e-05,2.238916030325815e-07,0.005116992906955531,1.298074963973059e-05,1.0909261923283797e-05,0
0.669318987621298,0.3282459961295994,1.8300164190277708e-05,2.256152636460724e-07,0.0023936870702520527,1.3383381842996748e-05,9.420017553615492e-06,1
0.6800912867554142,0.31809714942892636,1.8502500525219192e-05,2.281097858305922e-07,0.001770274815632178,1.3531355620886293e-05,9.027034095294185e-06,1
0.20264138339827248,0.7965411909382649,1.658769627425569e-05,1.546546961348866e-07,0.0007868273758517881,9.231656700816388e-06,4.62427993975556e-06,1
0.19411213787593662,0.8050113683631027,2.2154259433783485e-05,1.6552688488279124e-07,0.0008393517390733478,9.875463049233017e-06,4.9467725192085e-06,1
0.1322552408237887,0.8672290527807329,1.3387088093744399e-05,1.298914776856499e-07,0.0004936282217486443,5.967416523298446e-06,2.593777635305661e-06,1
0.2566534781709534,0.7432887964098898,2.041242139777967e-05,5.686079657703447e-137,1.7271526926229362e-05,9.955314388855541e-06,1.0086156443980425e-05,1
0.19341842771469317,0.8065352563886393,1.647936055684188e-05,0.0,1.3656651445930192e-05,8.037126613921046e-06,8.142758050798774e-06,1
0.09615286857221687,0.9038147162166086,1.4223375322120348e-05,1.106909165302682e-07,8.90250605141545e-06,5.8338396123710615e-06,3.3447992721552667e-06,1
0.21956459170671863,0.7803937709460183,1.48172775306424e-05,1.5045142214339847e-07,1.2251135663067574e-05,1.0423357497548756e-05,3.995125149467889e-06,1
0.2182534864562428,0.7817025340302123,1.5650772700325912e-05,1.5891455130927976e-07,1.2940281315984387e-05,1.1009687753435825e-05,4.219857223728917e-06,1
0.15041441027395452,0.8495444252846773,1.615665397703562e-05,1.609949747448644e-07,1.1929648199259108e-05,8.642042902855034e-06,4.275101314284104e-06,1
0.17115372549519134,0.8288010434747448,1.7946142486654654e-05,1.6193269175207443e-07,1.3461176748266417e-05,8.815089215453175e-06,4.846688921652631e-06,1
0.21095739413043615,0.7889953014455177,1.9193982458722612e-05,1.6843892981145888e-07,1.3724616351845646e-05,8.727262462794416e-06,5.490123843132628e-06,1
0.2068178700591533,0.7931336603552098,1.968509745775965e-05,2.0608328781893362e-07,1.4286446978840085e-05,8.77303782331172e-06,5.518920089295204e-06,1
0.20752695680032654,0.7924250251158879,1.9259313469444497e-05,2.0589916011476027e-07,1.4273682573192016e-05,8.765199442382687e-06,5.513989140763118e-06,1
0.23748637329461827,0.7624611528316418,2.0348184205563545e-05,1.6223434568766246e-07,1.438166639951018e-05,1.2067429797220778e-05,5.514358991875855e-06,1
0.278729412798634,0.7212097783149403,2.3804005496417128e-05,1.8978731553849718e-07,1.624731258999152e-05,1.4116894280037587e-05,6.450886743788188e-06,1
0.31326433784015467,0.6866707604261557,2.5808165724542915e-05,1.9591522872728112e-07,1.8653827458272283e-05,1.3584650252076426e-05,6.659175026092242e-06,0
0.30274260784815055,0.6971864769694152,2.551854696135761e-05,1.9371667161792402e-07,2.4306612499522005e-05,1.4311860416035961e-05,6.584445885886155e-06,0
0.2086459122214721,0.7910417548849896,3.991658807467101e-05,2.5836171774851754e-07,2.8523679820513107e-05,2.217698413730502e-05,0.00022145727978792305,1
0.10317818701853819,0.89661711241089,2.60925128296152e-05,1.7476228836576076e-07,2.4050841063853866e-05,1.3791633244216784e-05,0.00014059082114574565,1
0.11369350348901826,0.8861829540943899,3.217101300272225e-05,1.7403403357082212e-07,2.4097579037594514e-05,1.443886300982031e-05,5.266092750812368e-05,1
0.23941616743952746,0.7601775499875834,2.1726785115012653e-05,1.5339074200443585e-07,6.637728028575496e-05,1.2588923151327496e-05,0.00030543619359517897,1
0.13083327393269703,0.8690572414229539,3.418390108056364e-05,2.574469445925683e-07,3.199287087259373e-05,2.3249400822354508e-05,1.980102462885725e-05,1
0.22378765162195327,0.7760585928851246,4.569259267721938e-05,2.881099693977876e-07,3.2998508145843964e-05,2.2937059865767777e-05,5.183922226425597e-05,1
0.11036425921657884,0.8895566744600045,3.0158312711420843e-05,1.880076972005599e-07,2.0643662830548734e-05,1.5073217582165412e-05,1.3003122595370725e-05,1
0.10731173291866052,0.8926040417578759,2.7338680612020558e-05,1.7043003816394289e-07,1.0292721765816362e-05,1.3804972595346635e-05,3.261851845251487e-05,1
0.195912153894481,0.80398881720443,3.6047394280293434e-05,2.5534873657757905e-07,3.258524769055094e-05,2.4343441044840647e-05,5.7974693367778995e-06,1
0.09096772997451544,0.908970153328972,1.9685753228353505e-05,1.5685431685679878e-07,2.2224580548856543e-05,1.5318535023987104e-05,4.7309733945004185e-06,1
0.20127408378340267,0.798653119083444,2.5346820210176156e-05,2.0290576614638132e-07,2.6157090080520544e-05,1.5806604624535085e-05,5.283712471978931e-06,1
0.28689375163917485,0.6727489631419911,0.0009613204619126456,2.9689807873824785e-07,0.03905624017133615,0.00033288456972625536,6.543117780141348e-06,1
0.0003009756779900341,0.036416464956835065,0.8934791816966652,0.00013977140144859663,4.580501750460273e-05,0.06959885480241175,1.8946447144895232e-05,2
0.0003917278463249246,0.035533413845975026,0.9046817618083742,0.00033250186670630196,4.43862537286782e-05,0.05899823837166697,1.7970007223981425e-05,2
6.42316833949963e-05,0.00511937105450159,0.9819244790698073,0.0004337019047529739,8.036540906795526e-06,0.012447695869975711,2.4838766605648474e-06,2
8.50010415567424e-05,0.007006484928050936,0.38744447797362114,0.5893820908602092,1.2205873295395014e-05,0.01606824039059142,1.498932675102489e-06,2
0.00032767690919292906,0.016074551128346635,0.10352091197823939,0.022359585433657698,0.00015320644445146136,0.8575601599942899,3.908111822058393e-06,5
0.0001395015889197023,0.03233708351311938,0.025901207040050375,1.2761777739208203e-05,2.3577569141772293e-05,0.9415835821986791,2.2863123505553895e-06,5
0.00036734473899755914,0.09726890492692676,0.14380156905302083,4.7710582887093344e-05,9.212648381680366e-05,0.7584195743307041,2.7698836468905612e-06,5
0.000436536472847014,0.217451830787612,0.5242910624817889,5.1326375805328855e-05,0.00012413604205864195,0.25764246992777007,2.637912118019859e-06,2
0.00042660732999602575,0.21143343622002214,0.6057232313122222,3.828958222994958e-05,0.00012131253343743105,0.18225501210828723,2.1109138048784613e-06,2
0.0002167002253668375,0.03165473233996917,0.9451445941773254,0.00013838873153148784,0.00010716717492564859,0.022735144020081952,3.2733307993945603e-06,2
6.822057104231167e-05,0.0030659040504357883,0.979957386156153,1.1278453835223936e-06,1.6110497685654793e-05,0.01688924070214752,2.010177152039564e-06,2
0.0004263009593598587,0.2060258708572393,0.36876440192826443,6.570120326306155e-05,0.0002757398461024729,0.424439688213522,2.296992248791041e-06,5
0.0004134159965829839,0.199318555806516,0.28639096111588347,5.184694098770575e-05,0.0003704016151334579,0.5134526248499156,2.19367498082814e-06,5
6.1029638611338196e-05,0.02592615288269402,0.01811032887359201,5.887473299755099e-05,2.3613649928199254e-05,0.9558192758689521,7.243532248310632e-07,5
0.00020821338612762868,0.08832532669826712,0.046865800835858853,7.024918974976393e-05,6.557721625019825e-05,0.8644609851146104,3.847559136103678e-06,5
0.00021760925473020694,0.09231110868554057,0.051298044558980314,7.231636869110906e-05,8.032807730540917e-05,0.8560157206868555,4.872367896823561e-06,5
8.019409550108498e-05,0.02580915625787839,0.04162419658228394,1.4293000624513159e-05,2.559667098131465e-05,0.9324449650353898,1.5983573408990053e-06,5
0.0002323421537724878,0.04251823975305089,0.1966539824509688,5.1287776985537804e-05,5.855530736009298e-05,0.7604835953124449,1.9972454172332704e-06,5
0.00015765893345481735,0.03964606345715427,0.11581891921345397,0.00012824650167132248,2.3261193735423733e-05,0.84422342374021,2.426960320169983e-06,5
0.0003609364973374637,0.09502164252772581,0.3054433141630504,0.00035829542177815674,0.00010398840794429235,0.5987050907211424,6.732261021397282e-06,5
0.0002666809361258348,0.07629274659070787,0.2528675240543579,0.0003408271385988858,7.683270099141799e-05,0.6701512833627491,4.1052164691236605e-06,5
0.00015064451157785236,0.02587288435032595,0.166477617789317,0.0005048863327616627,3.308862318130736e-05,0.8069586178800618,2.2605127744172605e-06,5
0.0002749252358500002,0.008224355050506107,0.18670229840498317,0.0008333416155091795,5.4524139129543025e-05,0.8039057904785433,4.765075478769396e-06,5
0.8545353120347193,0.10723690256338618,2.4876052690084003e-05,2.1291960714041438e-07,3.0380014744934933e-06,7.3251107838631285e-06,0.038192333317338775,0
0.8864521238486832,0.01966285616126274,1.0494155405924745e-05,2.186801042953372e-07,1.563838450004979e-05,6.77367783285137e-06,0.0938518950922112,0
0.91860976754402,0.021936790250981414,9.387330318013873e-06,2.2232524816202036e-07,1.3966041456650431e-05,7.019405168141751e-06,0.059422847102807895,0
0.9413399294439471,0.025266704547065755,1.064513564026194e-05,2.3528756322529524e-07,1.4780291244690126e-05,1.0412956853900297e-05,0.03335729233768499,0
0.6739960446270337,0.32588113256023316,1.7319350715289436e-05,1.973017161924109e-07,1.3932611568924042e-05,8.18905579123181e-06,8.318449294169694e-05,0
0.6455187634998806,0.35441548822244046,1.6019512223125366e-05,2.2426479330158285e-07,1.319731899354805e-05,9.022167526540111e-06,2.7285014142512262e-05,0
0.557085759774984,0.4428599628525243,2.026723874793902e-05,2.449137941399998e-07,1.2758490817533823e-05,1.0781534500301411e-05,1.022519463182316e-05,0
0.7949426397065865,0.20502207068946032,1.0952480150221704e-05,1.961957013629733e-07,9.692435963939203e-06,7.70831178778174e-06,6.740180349783802e-06,0
0.8010684317523512,0.19889056095584867,1.6149797039067644e-05,1.8919154295868568e-07,9.226713342133589e-06,8.521272879327568e-06,6.920316996748917e-06,0
0.9726584457191031,0.027318125756559813,6.602502212373403e-06,6.268687157368317e-08,2.2416869304025794e-06,2.82344511957051e-06,1.1698203203038838e-05,0
0.9152564497850458,0.08470272237601563,1.1226524491662082e-05,1.0658924092577456e-07,4.112067286033929e-06,4.83353955195384e-06,2.0549118368225235e-05,0
0.8998057352684761,0.10016118933590498,1.2802704834294066e-05,1.1719253281462366e-07,4.449780740042115e-06,5.4748538234408745e-06,1.0230863688414965e-05,0
0.9399092215630317,0.05999985641904002,9.774067369208954e-06,1.2669185432092512e-07,4.502303507443246e-06,5.431187965452033e-06,7.108776723190148e-05,0
0.9415243946352243,0.0556314704541187,1.0973279869918264e-05,1.165755699432875e-07,5.130675774560114e-07,5.401818999915501e-06,0.0028271301686396684,0
0.9411904525918272,0.054669667715866316,1.0783564758303496e-05,1.1456011535491284e-07,5.041972420707068e-07,5.308427898381573e-06,0.004123168942292444,0
0.9276941369525676,0.06826392380155732,1.1776583159596242e-05,1.2596892146076013e-07,7.47025031265494e-07,5.876855940591027e-06,0.004023412812822284,0
0.9915637241240377,0.0023484991800917306,2.128122748511806e-05,1.6911066365678065e-07,1.0546062467829444e-05,8.050560659792222e-06,0.006047729734594174,0
0.9681076283124318,0.01569028397481698,1.9352538854034107e-05,6.784469412476242e-08,1.564390045048045e-05,1.2156803452696916e-05,0.0161548666252998,0
0.7610999775791177,0.22531797087633681,2.019040524831097e-05,2.499978954575459e-07,1.7049521857484877e-05,1.1366347822334553e-05,0.013533195271721947,0
0.7096206738976129,0.2779659240264977,2.1776177483192845e-05,2.5938557120102254e-07,1.73842861797594e-05,1.1970054714714673e-05,0.012362012171940618,0
0.6785094517000959,0.30955177276808254,2.064447315319015e-05,2.459053461112434e-07,1.6480827711953273e-05,1.134797295764472e-05,0.011890056352652736,0
0.5808237536297868,0.4191302930978528,1.374158558756025e-05,2.222137473820775e-07,1.5523568385195487e-05,1.1571267467435881e-05,4.894637172799884e-06,0
0.6201188144818058,0.3798303462283949,1.3562735567463715e-05,2.0713767296943804e-07,9.092629249882639e-06,1.1648198190633729e-05,1.632858911832112e-05,0
0.4861843395855532,0.5120518550086851,1.7564365323007295e-05,1.8654701369321195e-07,0.0017143115656052543,1.4475406027582481e-05,1.7267521792031643e-05,0
0.567486327988756,0.42803321922567494,3.1021804140109766e-05,1.6919057680614658e-07,0.0043601568747606055,8.131206230241092e-05,7.79285378902735e-06,0
0.5903672861579315,0.4057404155507414,2.7002919027624493e-05,2.218629960932295e-07,0.003784943061259453,7.344915035590608e-05,6.681297687978913e-06,0
0.22101801638630775,0.7778180838851801,2.2428105051189244e-05,1.543395420048184e-07,0.0011204000927540127,1.7608840427394606e-05,3.3083507374588037e-06,1
0.2501470102548789,0.7480912532780722,2.461540792026447e-05,1.92609951346376e-07,0.0017134233116327567,1.9802306599011558e-05,3.702830945365947e-06,1
0.5267499214284536,0.4710760900033301,3.233016520740409e-05,2.9074851517473664e-07,0.0021134787946561645,2.2786359714466508e-05,5.102500122972135e-06,1
0.38913736265043236,0.6031873571853326,3.238603269879773e-05,2.1682900041654573e-07,0.007621471679632625,1.6247401660094276e-05,4.958221243074266e-06,1
0.13760283579082377,0.8609024102624406,1.851506035604341e-05,1.0948290882086316e-07,0.0014654931333000836,7.2009647711727816e-06,3.4353053996953515e-06,1
0.24474337206416968,0.7534318773731958,2.5477595974575134e-05,2.38952760867456e-07,0.0017793581294711636,1.336372835000466e-05,6.3121560777135415e-06,1
0.2926058823201081,0.7059671092379801,1.9158349504149358e-05,1.92772592615149e-07,0.0013895684443760558,1.0508589104337449e-05,7.580286334759738e-06,1
0.31154845375071033,0.6868408228154201,2.632323489759677e-05,2.3078564395352875e-07,0.0015664962022057056,1.1703503143187383e-05,5.9697079789180665e-06,1
0.3021571332898573,0.6977664554565627,2.5254684723407062e-05,2.669766166660635e-07,3.059281868130825e-05,1.3041160135650795e-05,7.255613423061663e-06,1
0.20369680388697986,0.7962589538813425,1.6835745819853624e-05,1.719995198851756e-07,1.3963878721485353e-05,8.596183163630026e-06,4.674424452685316e-06,1
0.17319389851753234,0.8267695203975695,1.4611793254612378e-05,1.2461914208980608e-07,1.151273757191503e-05,6.465608607662535e-06,3.866326321998897e-06,1
0.17456649990098827,0.8253901037469374,1.7356531719904832e-05,1.545433599759035e-07,1.2846914735979798e-05,8.412838019942526e-06,4.625524238533451e-06,1
0.24684007780048212,0.7531108792243324,1.893067084137624e-05,1.9428027817035224e-07,1.4859456283529456e-05,9.147062079986243e-06,5.911505702263032e-06,1
0.21705611962710256,0.7828894515352143,2.3664126742902183e-05,2.3265313621328854e-07,1.3953631952279823e-05,1.118807373590549e-05,5.390352115828937e-06,1
0.2212973068624054,0.7786472664306947,2.2579754922387103e-05,1.665135161842257e-07,1.4761004093309496e-05,1.2259626012766462e-05,5.659808355298091e-06,1
0.32295637647192715,0.6769852843181794,2.3117143544299144e-05,1.8436959590248858e-07,1.5986876098431865e-05,1.2784082655148933e-05,6.266737999799027e-06,1
0.31326432813875615,0.6866707391608348,2.5808164925296812e-05,1.9591522266003542e-07,1.865382688058695e-05,1.3615618560644338e-05,6.659174819866053e-06,0
0.3549611101764024,0.6430220045328088,4.4005092667610154e-05,1.8956142956033255e-07,0.0019477439641495662,1.5291907944619417e-05,9.65476459745871e-06,1
0.13079254202101814,0.8690366349562407,3.067002448961494e-05,1.894938211809729e-07,2.5608499866911968e-05,1.5625360199543935e-05,9.87296443638437e-05,1
0.11250133845907086,0.8874214793381686,2.8710720737673134e-05,1.6578089053849685e-07,2.5089581236295178e-05,1.2089609993482088e-05,1.112650990242346e-05,1
0.08612249044845369,0.9137903686391035,2.0775297475439108e-05,1.309869912465217e-07,6.788172547277423e-06,1.1356656717514697e-05,4.8089798711494024e-05,1
0.17316209187253684,0.8266259936800704,3.233832461736778e-05,2.0098155887394308e-07,1.2137809084802462e-05,1.6279670780545707e-05,0.00015095766135110375,1
0.2879831614217168,0.711796864147563,3.25768895797546e-05,2.124828422721282e-07,1.8713989777136748e-05,1.639976850030652e-05,0.00015207130002064964,1
0.16686331494461726,0.8330428700240541,2.9260260432284754e-05,2.992819416621236e-82,1.604328249188193e-05,1.7380251063413572e-05,3.113123734100129e-05,1
0.13356620360923704,0.8662969458602319,2.8082437005218555e-05,1.547637912771426e-07,1.4796901631928761e-05,1.5218592441890346e-05,7.859783566063526e-05,1
0.09611802691265514,0.9038162376216198,2.405381996441182e-05,1.9213720176175143e-07,2.098314033219136e-05,1.6630052164966677e-05,3.876316061784719e-06,1
0.12122472366091666,0.8786953140197117,2.3747025955432304e-05,2.391490112900991e-07,2.5350076847083272e-05,2.3355509614337284e-05,7.27055794346467e-06,1
0.1303605377892826,0.8695633748483644,2.270649565847432e-05,2.108682775484266e-07,2.1031317036505758e-05,2.0593587475328673e-05,1.1545093904956567e-05,1
0.14003392042807689,0.8598883592747789,2.2453856569166308e-05,2.0852209562739992e-07,2.116270419165745e-05,2.247857446259087e-05,1.1416639824943778e-05,1
0.1161407213889836,0.8837890777684819,2.0224988995808343e-05,1.8782328445254003e-07,1.9229153575401923e-05,1.8342992522375178e-05,1.2215884156637614e-05,1
0.11043736249595523,0.8894953747950104,1.803027691890656e-05,1.6744166492252288e-07,2.3724694633063003e-05,1.635250505047992e-05,8.987790766875402e-06,1
0.09427543328498539,0.9056696582141963,1.8446727302430367e-05,1.4698186936016864e-07,1.8132482154068395e-05,1.3749104673090084e-05,4.433204819295695e-06,1
0.17855386629347678,0.8213740254851014,2.2611394387166602e-05,1.8958684710641952e-07,2.5698546293894094e-05,1.5529508804016456e-05,8.079185089700338e-06,1
0.17396876457043356,0.8238670317056468,2.3760663338958502e-05,2.130120355354023e-07,0.002118045072451504,1.4557220898289896e-05,7.627755195493268e-06,1
0.20480983976645015,0.7899784464962653,0.00017674652387983657,2.042744653707753e-07,0.004941843845972668,8.45586741900432e-05,8.360418776681863e-06,1
0.2295265465082159,0.7594509201808872,0.00031717743561877546,3.0731648753218926e-07,0.010392533990251656,0.0003026049050426047,9.909663496341312e-06,1
0.2502365250178466,0.7113806692602975,0.0011058827242709575,3.918439018933135e-07,0.036807894679086746,0.0004618327059079844,6.803768688429544e-06,1
0.00032735024600182933,0.0758870862552052,0.6432109468844331,0.06856098890185228,6.0144671711910316e-05,0.21194903550880118,4.447531994325474e-06,2
0.00021554075664895287,0.015788474853929396,0.2913589807459619,0.000488351281346323,2.8731361631934698e-05,0.6921119506189259,7.970381555706355e-06,5
0.00030820687218811567,0.01800805461777998,0.2051302503183938,0.0004449889123479798,5.194883166713299e-05,0.7760506884035189,5.862044104123161e-06,5
0.00026395505897115377,0.015586615928117371,0.27372304073174036,0.0024551515136689,3.720171085190369e-05,0.7079313695557754,2.665500874839124e-06,5
0.0003281219664387433,0.019614825187610194,0.1719481642648687,0.14481156295866313,0.0001414914313101612,0.6631537142597076,2.1199314014389076e-06,5
0.0005306847256255782,0.033882314767935386,0.6136889834653718,0.00010464043650828151,9.295342602624736e-05,0.3516739777228457,2.644545568697234e-05,5
0.00014245589322863317,0.012856039176998273,0.9605835658598071,9.059432584909732e-05,3.232333990160123e-05,0.026289656404160824,5.365000054464768e-06,2
5.636873796169447e-05,0.00163906391617984,0.9838983446407303,1.643553854466938e-05,1.4663946262389748e-05,0.014373763393444686,1.3598268762129413e-06,2
0.00035977761333081185,0.12086909544287484,0.12253891014621389,0.0007851850200604721,0.00022502311014839076,0.7552199128089551,2.095858416497817e-06,5
0.0002869337879191139,0.06999394985288195,0.06815534636418115,7.152575744988136e-08,0.0001893032690611636,0.8613727407852666,1.6544149324567144e-06,5
0.0001641597263493226,0.0944338113956132,0.031782937842016405,0.000412939860252562,5.107240068581351e-05,0.8731531359292465,1.9428458363348458e-06,5
8.652213468301414e-05,0.030058915358311632,0.021591493686907076,3.659073203053035e-11,2.8515652976850495e-05,0.9482337098182283,8.4331230248676e-07,5
0.0002992069738791871,0.10342855163233657,0.07135311730927307,0.0001102118274278682,8.650194863707957e-05,0.8247195511036283,2.859204817966485e-06,5
0.00038250820553278767,0.10473043851020397,0.2850137051712823,4.830749809946682e-05,7.57610987707761e-05,0.6097444903843282,4.789131782398622e-06,5
0.0002678945514228271,0.06327059163913419,0.16964173238262864,2.7783966839525606e-13,5.411660991895198e-05,0.7667633903407747,2.2744758427978693e-06,5
0.00013226600574091143,0.0312382181441392,0.08505756995459718,1.5512736821204853e-05,2.671867643519702e-05,0.8835279449401097,1.7695421568006983e-06,5
0.000134784320790184,0.023189967318434316,0.08640303682078472,1.7446881922988267e-05,3.195426052729674e-05,0.8902216660529467,1.144344593785081e-06,5
0.0001478772293844377,0.031230140208655454,0.11837950148124583,8.382904179195758e-05,2.564290238462846e-05,0.850131763333537,1.245803000754945e-06,5
0.00010596369272862186,0.025202462816402843,0.11019269745288164,6.541591526134247e-05,1.6619183939937918e-05,0.8644159243684733,9.165703123129484e-07,5
0.00021059484378832291,0.051720736087300025,0.235500936393157,0.0002394894283721299,0.0001245238599125027,0.7122018184555231,1.9009319469150604e-06,5
0.00013279841689461982,0.0314502211392743,0.11765454526327554,0.00015026397173125688,3.0061131030619415e-05,0.8505808260770364,1.2840007572890572e-06,5
0.00023574699682046957,0.006945610453578382,0.20412512534887206,0.00018956558268575077,7.57037641324206e-05,0.7884262005340203,2.0473198905476917e-06,5
0.0002616723641182377,0.0071913962735429835,0.24272843271794506,0.00026651306296716676,7.949025689142006e-05,0.7494703686513671,2.126673168066474e-06,5
0.0002779518697193369,0.007830207441382976,0.33387214089352746,0.00023228663950785146,6.87060977497363e-05,0.6577152114597824,3.4955983304044287e-06,5
0.9125640044209788,0.020242057381475238,9.325548288837119e-06,2.251216803413231e-07,1.414929895438315e-05,6.973207465471229e-06,0.067163265021157,0
0.9440433719574322,0.03026299602083251,1.0660395884872066e-05,2.58824137123922e-07,1.357213414974885e-05,8.017150558312479e-06,0.025661123517005027,0
0.7739238431432003,0.2198150178159288,1.7251161225084276e-05,1.6631350651303044e-07,1.3877755399439936e-05,8.156813962490923e-06,0.006221686996777389,0
0.7034781300017048,0.2952400403138957,1.7610480618919004e-05,2.0448748123775052e-07,1.3963223891290942e-05,8.32670985589682e-06,0.0012417247825521204,0
0.6645676378794837,0.3352200669935904,1.8528897698089606e-05,2.15151857713857e-07,1.4691430212262542e-05,8.714531425691611e-06,0.0001701451157322104,0
0.5732647509505368,0.42668710755787326,1.6019858634085345e-05,2.3349165760391552e-07,1.2222910940192267e-05,1.0278712029385172e-05,9.386518328953934e-06,0
0.5912483406251626,0.40869900135683,1.8540158765948388e-05,2.53193309882637e-07,1.2465356237964691e-05,1.0361998370399127e-05,1.103731132297027e-05,0
0.8983317680928504,0.1016373011138524,1.3210417099223467e-05,1.2542513330504794e-07,4.760771027317343e-06,5.649204875144672e-06,7.184975162048875e-06,0
0.9774921393500785,0.02248540097885191,6.279265258131499e-06,5.961792698469725e-08,2.2917755548408397e-06,2.7035149662684988e-06,1.1125497363369942e-05,0
0.9235909329467522,0.07635473845877452,1.1926912515289509e-05,1.091875116458821e-07,4.558109836011099e-06,5.100336486026475e-06,3.263404812454021e-05,0
0.941439247941253,0.0543560013038032,1.0893292236518456e-05,1.1572581453173005e-07,6.872676811576853e-07,5.398982008609072e-06,0.004187655487202913,0
0.8899606358202126,0.05142533102828646,1.5807501138164806e-05,2.252142984162756e-07,1.1604443987131492e-05,1.0092351990065337e-05,0.05857630364008721,0
0.8657963179322478,0.06368705299026758,1.6326511847639525e-05,2.326088025686538e-07,1.0024839476436234e-05,1.0353171822389742e-05,0.07047969194553555,0
0.8863091172861387,0.06208394834603578,2.2305880207346786e-05,2.0338406584681938e-07,9.610120833153815e-06,9.61662994780948e-06,0.05156519835277136,0
0.9917315960832077,0.006368097173979373,1.3224485155184451e-05,1.0163094328827719e-07,4.346676757150166e-06,4.805426466330315e-06,0.0018778285234909628,0
0.973280477488432,0.013208978643661252,1.8002949566754584e-05,5.443516963816048e-08,1.4508290525064061e-05,1.0742661768931335e-05,0.013467235530876214,0
0.9688153996235072,0.015882829613305928,1.971250881373177e-05,6.477353819790324e-08,1.5730717705471483e-05,1.3228281338815105e-05,0.015253034481790651,0
0.9743998955794599,0.012454802888254499,2.065360849160602e-05,1.8825376668297594e-07,1.7418692512748973e-05,1.1661821871077966e-05,0.013095379155643745,0
0.7978654576378345,0.18734917403160029,2.0400906793749807e-05,2.2519492571058461e-07,1.408237566795689e-05,1.1805686853731917e-05,0.01473885416632403,0
0.7585169759988687,0.23065383112066656,2.1039451928294283e-05,2.60510803966839e-07,1.7766488146688577e-05,1.1844325344994528e-05,0.010778282104240908,0
0.6664910234623306,0.32675785946694264,1.678925408399345e-05,2.1229085515381352e-07,1.380817785021427e-05,1.1162185002424896e-05,0.006709145162935096,1
0.5392335054696603,0.4589332192796754,1.7407968053352866e-05,2.0690176942851997e-07,0.001789096851067908,1.605486499627659e-05,1.0508664777216388e-05,0
0.44484002590822486,0.5469822731918933,1.994154733186532e-05,2.858800732385366e-07,0.00812380429020962,1.3972315925685543e-05,1.969686634143784e-05,0
0.47669134526738843,0.513573506022465,3.436864415841728e-05,2.3693447044489797e-07,0.00956255921242119,0.00012995913600495837,8.024783091509989e-06,0
0.4866504381683124,0.5039479624079256,4.1461523222009286e-05,4.064370776256643e-07,0.00923263856683026,0.00011762271316723212,9.470183464808442e-06,0
0.531934708460768,0.4660412299126771,3.2648390259750293e-05,2.9361034594075675e-07,0.001955780704230978,3.0186197807116097e-05,5.152723911137544e-06,1
0.47425008707267274,0.5238346664589876,2.8546305211851e-05,2.567198713902565e-07,0.0018624776214186836,1.8606888239015405e-05,5.358933598827427e-06,0
0.21079529505641315,0.7865986724112056,1.977751850068333e-05,1.4956496491973188e-07,0.0025677549764816883,9.893648258766256e-06,8.456824175438749e-06,1
0.2962038363127133,0.701449598026192,2.409395741640517e-05,1.9494338784666396e-07,0.0023035220492451615,1.2738073584957134e-05,6.016637460130762e-06,1
0.12487682198165741,0.8642108282905706,3.631547163395101e-05,3.7141184634600813e-07,0.010838777734258715,2.1615403857684025e-05,1.5269706175328465e-05,1
0.42535290561654393,0.5625153833861637,2.5583364731817382e-05,2.22939449143819e-07,0.012078070603843171,1.4567404104095506e-05,1.3266685164245579e-05,1
0.5997586861992571,0.3982410009632928,2.7757817382480824e-05,2.672974938818361e-07,0.001948121553569339,1.4571156063824346e-05,9.595012940604779e-06,1
0.2786784926670607,0.7200767317185197,2.2556790546148575e-05,2.2696793341807298e-07,0.0012044801652799475,1.1343391709667782e-05,6.168298950213143e-06,1
0.2661657461562497,0.7329210699630412,2.6849609039379764e-05,2.865073932520166e-07,0.0008688265853408986,1.1937532944114785e-05,5.283645991577039e-06,1
0.29405529078911274,0.7058721992993919,2.3842057764418608e-05,2.520432143982276e-07,2.8969438788997744e-05,1.2596602813563864e-05,6.849768913907454e-06,1
0.1166881277400724,0.8832725462976609,1.5255715850211672e-05,1.5201746546720892e-07,1.23786572839397e-05,7.502861406711542e-06,4.0367102603227934e-06,1
0.252566060696513,0.7473856448570262,1.9163027389349072e-05,1.7998830033197944e-07,1.4746493010602672e-05,9.077525076040478e-06,5.127412684633838e-06,1
0.22637580821914935,0.7735745575622676,2.099285581859365e-05,1.6083938175327456e-07,1.4258006357866847e-05,8.755572974011803e-06,5.466944050962271e-06,1
0.2863538784457823,0.7135843694292828,2.4706491212854104e-05,1.9957787678416996e-07,1.6839228638231177e-05,1.3501755837090156e-05,6.5050713699085525e-06,1
0.2573282176233743,0.7426211081165657,1.8868435516659428e-05,1.6502256767840669e-07,1.420510430695428e-05,1.1826566777654538e-05,5.609130890765916e-06,1
0.23403672133357134,0.7659091290596133,2.1516395435292294e-05,1.6542998494936209e-07,1.466495177659933e-05,1.2179850580615464e-05,5.622979037913893e-06,1
0.7965440086960714,0.20342143466157148,1.346392090020217e-05,9.655032927514931e-08,1.0532742501306748e-05,7.181674851202723e-06,3.2817537750730606e-06,0
0.32723174532901494,0.6704460603366438,4.066038729169278e-05,2.019287780252072e-07,0.0022523127116112446,1.5861940392205915e-05,1.315736626831296e-05,1
0.3224920481359195,0.6749438033570804,2.6666253710368898e-05,1.9814110109177435e-07,0.002499010669286359,1.5270178690259666e-05,2.3003264212150954e-05,1
0.3787909418019343,0.620046161848973,2.4821994117762155e-05,2.363987448496473e-07,0.0011059159274068927,1.552841228289882e-05,1.63936165402268e-05,1
0.15534761639669423,0.8444985591671068,3.9003036759670746e-05,2.409790861352114e-07,2.7361751462293017e-05,2.1640071809332135e-05,6.557859708161213e-05,1
0.10585503225226381,0.8940339204537563,2.7861433140572267e-05,1.7214102424903273e-07,2.1955059040384468e-05,1.4213239242169977e-05,4.6845421532179384e-05,1
0.11740782746677429,0.8825206515175592,2.6686791346257327e-05,1.4927970073714757e-07,2.090945661829849e-05,1.248860148150232e-05,1.128688651992843e-05,1
0.11711049353725572,0.8828116426281087,2.7392826277638444e-05,1.726196180257191e-07,2.6124566681760035e-05,1.2588325785776759e-05,1.1585496272079161e-05,1
0.12552537179492368,0.874396389752217,2.9277545881646324e-05,1.8449643478175458e-07,2.2939347318289802e-05,1.3454445409565239e-05,1.238261781495452e-05,1
0.08550512912431205,0.9144349108710941,1.822884467577404e-05,1.300480227849711e-07,6.7395121431197215e-06,1.1275247545619651e-05,2.35863522067383e-05,1
0.20262862692592795,0.7971661879468636,3.107028211615849e-05,2.0309819573643332e-07,1.1693437736035175e-05,1.678728438036524e-05,0.00014543102477998344,1
0.3929930257429525,0.606520806110485,3.715540620432648e-05,2.585882363343281e-07,2.7896132706633804e-05,2.022193179101152e-05,0.00040063608762427383,1
0.4024566076900451,0.5973285889346355,3.12205357561076e-05,2.6622232217254857e-07,2.7978484466041237e-05,2.0818927096349495e-05,0.00013451920567866045,1
0.4263801750067207,0.5735277350997516,3.2362622772255064e-05,2.3581821040769826e-07,2.5631367568767025e-05,1.8779219266719725e-05,1.5080865709349828e-05,1
0.20682458146042726,0.7930883192186,3.235143233102683e-05,2.754647560069642e-07,2.6220597849966845e-05,2.0318217218921738e-05,7.933608816924587e-06,1
0.23322998487316002,0.7666830622266568,2.86314097599357e-05,1.6050691426006312e-07,9.3804263800042e-06,1.706832350255061e-05,3.171223362624732e-05,1
0.1022205730704084,0.8976494314451431,2.6355925900644398e-05,1.5243630102776945e-07,1.5419657625974963e-05,1.4301831950435849e-05,7.376563267061824e-05,1
0.14511467570649983,0.8548010369085672,2.5416706990761794e-05,2.0498579779680788e-07,2.9997501077695874e-05,1.910562591456319e-05,9.562565152199545e-06,1
0.12811461777867608,0.8718079036649994,2.2733503783825817e-05,1.9747704338733524e-07,2.888353296007431e-05,1.8065092509456598e-05,7.598950027825448e-06,1
0.1463641078681829,0.8535557881381565,2.1115112588279337e-05,1.9238318966505547e-07,2.2685559064364776e-05,2.1289602972736715e-05,1.4821335845450875e-05,1
0.09342580724912973,0.9065145089659989,1.7456505876557912e-05,1.541747106296e-07,1.939582421108426e-05,1.5164535337135421e-05,7.5127447359593184e-06,1
0.09113293236828696,0.9088098472231709,1.6552208995953563e-05,1.585294709684232e-07,2.1196325424831866e-05,1.559286704454167e-05,3.7204776054650026e-06,1
0.08899268929124439,0.9109398663278397,1.9337010986309726e-05,1.5890102372266273e-07,2.80134378928442e-05,1.5629412758480524e-05,4.305618254563265e-06,1
0.11981977468208783,0.8800970910042092,2.5471762210487913e-05,1.9084052784138516e-07,3.1333825363519446e-05,2.1659110104529898e-05,4.478775496515844e-06,1
0.15462111812126453,0.8452972525972203,2.2211788347964682e-05,1.8039667994372816e-07,3.50648750857712e-05,1.993854924102571e-05,4.233672160330138e-06,1
0.17732618600712857,0.8225244603879397,3.475175442487189e-05,2.2473996399147238e-07,8.426941712832011e-05,2.4833342860286455e-05,5.274350554351065e-06,1
0.1123337850393122,0.8746032444946966,2.8375744399263353e-05,2.0126885208943585e-07,0.013009576713457368,1.9659595450555395e-05,5.157143831885501e-06,1
0.2086775223514984,0.7701441014296302,0.0008278259118555316,2.3604083989833174e-07,0.020054368758609806,0.00029074357758744623,5.2019299786034926e-06,1
0.0003410780419843904,0.03396490608338885,0.8125013267847512,0.11564000253815009,4.4490977750436065e-05,0.03749721146447755,1.098410949766325e-05,2
0.0002572763094707766,0.01764824559688953,0.27224654213665384,0.0025001923921293503,3.8167292362935926e-05,0.7073078191662754,1.7571062181486962e-06,5
0.00038286675931319006,0.17075546717076778,0.04654616778956367,5.451073820635646e-05,0.00010499242096285081,0.7821530776824914,2.9174386946657223e-06,5
0.0005312616517454412,0.07686156946357603,0.038402724384228176,3.483542179046174e-05,7.538856659410729e-05,0.8840927529000001,1.4676120658846365e-06,5
0.00037297586870960593,0.053961189456974555,0.031664006817074014,1.2835145772844096e-05,5.2927057738551384e-05,0.9139352571688766,8.084848536308905e-07,5
0.000509628844194054,0.08461246174517141,0.060028187701136874,2.9682194898226177e-05,7.231876784739348e-05,0.8547468161655608,9.045811913443258e-07,5
0.0012303975715221207,0.2284015031349876,0.5457087564846803,0.00010542291422374549,0.00019010511598462252,0.2243585963632228,5.218415378905446e-06,2
0.00015949714792685716,0.0461887687741338,0.04392942676977448,3.3577697776248986e-47,5.9095813902374726e-05,0.9096615887461332,1.6227481292416915e-06,5
0.0008226799794849587,0.22479113189135075,0.2815821904373313,0.00014054599415622122,0.00018367148390358186,0.4924732025785482,6.577635225136873e-06,5
0.0004143430015890405,0.1524355194715455,0.22058873268577608,4.950663227815561e-05,8.594699291820167e-05,0.6264207635017237,5.187714169322367e-06,5
0.00017303522065675474,0.03653134232702785,0.10940551862364434,1.6264463210988147e-05,3.4954348600176324e-05,0.8538365700371653,2.3149796945045937e-06,5
0.0001479072687081847,0.05052941503683304,0.20739093577439985,0.00029063375009828914,4.747921600098003e-05,0.7415923495779018,1.279376057801333e-06,5
0.00013786984049347537,0.03804690508827915,0.19693754283746373,0.00022300697731079066,4.659567337423132e-05,0.7646068708978465,1.2086852321077542e-06,5
0.0001662348649281081,0.030879883757008595,0.1668303526338878,0.00019849909911741302,4.466867442156898e-05,0.801878165705895,2.195264741572435e-06,5
0.00015381443963282675,0.008929326904979254,0.07701920405810836,0.00020824139771567502,4.144823484557109e-05,0.9136459279701189,2.0369945993508226e-06,5
0.000268080817656014,0.008093628683271945,0.2631277355242735,0.0006995517315731018,7.212001975718448e-05,0.7277342516854339,4.631538034319879e-06,5
0.00019760780311817367,0.0059281518158918215,0.1835731154461615,0.0007344633244405021,5.746124358956579e-05,0.8095074014711617,1.7988956368167347e-06,5
0.7912057641077088,0.13699184873692893,2.8151501572862113e-05,2.0946683124582424e-07,1.7330173865805212e-06,7.0622047587969636e-06,0.07176523096481258,0
0.7028266125520998,0.2969728474258139,1.759417089310119e-05,2.042980977209497e-07,1.2904833758318327e-05,8.27490969269733e-06,0.00016156180964438244,0
0.6468694026589569,0.3530604877278701,1.7586880500499335e-05,2.3657317304529133e-07,1.3921472791895596e-05,9.582182430981587e-06,2.8782504276538248e-05,0
0.6809343965891878,0.31891146655002567,2.575617086387692e-05,2.604570426462407e-07,1.0086527769963789e-05,1.0149292104484549e-05,0.00010788441300564954,0
0.9139109598068964,0.08276854330367699,1.1440602502937978e-05,1.2787485480218925e-07,7.407360727664435e-07,5.925399469356625e-06,0.0033022622765268538,0
0.9168790951606729,0.08048937476733305,1.2308972543574548e-05,1.3486538225429384e-07,9.680005708602077e-07,6.2919044927134665e-06,0.0026118263290047412,0
0.9629520547562183,0.01743400005361109,1.5613135860395482e-05,1.7106801794757831e-07,8.205932299420073e-06,7.980874058952125e-06,0.019581974179934042,0
0.9079768052575599,0.04940006547272301,1.8401500337350973e-05,2.4956653808685716e-07,1.0565845206355296e-05,1.1107942697781626e-05,0.04258280441493755,0
0.9852280452295874,0.008281294900942617,1.2352785975784993e-05,1.1263217649053982e-07,5.8994997763491335e-06,5.325598920525399e-06,0.006466969352620694,0
0.7803521060965425,0.2040861832596904,2.031344017829799e-05,2.4196226760974566e-07,1.233194529369728e-05,1.2317056205419626e-05,0.015516506239822116,0
0.7194822310260292,0.2733292374635822,2.2422096109623386e-05,2.6707939037545645e-07,1.7551816764730067e-05,1.2598981345989102e-05,0.007135691536777727,0
0.7136311819905363,0.28238123205632953,1.394149480210517e-05,1.7628251016124814e-07,1.1164903244613774e-05,9.129175877125213e-06,0.003953174096699939,0
0.6289592196944807,0.3709953120984812,1.5977701628843044e-05,2.0786217619976636e-07,1.1524178479334761e-05,9.370132938410112e-06,8.388331815335432e-06,0
0.621056449370478,0.3788856223793346,1.4821551915831301e-05,1.961774731502897e-07,1.2898834732404435e-05,1.1200147232134505e-05,1.881153883398675e-05,0
0.44369795408103935,0.5486115633067937,3.381744636800373e-05,2.0664488447411993e-07,0.0075814376152731665,6.550292064849826e-05,9.517984992759722e-06,0
0.4097944408185799,0.5762679189137319,3.649346940649435e-05,2.436508607562271e-07,0.01381322924618432,8.311066156767447e-05,4.563239669040237e-06,0
0.438477941008367,0.5570384505170456,4.609416337696666e-05,2.5698679691029365e-07,0.004302483737333301,0.0001260696475534178,8.703939526885518e-06,0
0.5925129625891341,0.3621705675936404,3.11036823847428e-05,3.309668522553841e-07,0.0452492290853266,2.3361028815783712e-05,1.2445053846007465e-05,0
0.5651193430052706,0.4332513826627852,3.293264182233548e-05,2.684287898945151e-07,0.0015719097614432524,1.6448498818622755e-05,7.71500107012264e-06,1
0.35961504697958135,0.6364890520414562,3.4361589376471135e-05,2.300556275761625e-07,0.0038388101623728086,1.723849751746469e-05,5.260674068254706e-06,1
0.37613999572753465,0.6210381205281388,2.7045911549642886e-05,2.0698192030389715e-07,0.0027756332091454293,1.4264593307882863e-05,4.733048403172806e-06,1
0.27318988710090825,0.724503457341756,2.4674091325281767e-05,1.9963723152068525e-07,0.0022625755421109093,1.3044780710427825e-05,6.161505957560015e-06,1
0.18708673090464345,0.8128734620944501,1.6143724357070447e-05,1.533381243138397e-07,1.1518979439660297e-05,7.921313017866526e-06,4.069645967400925e-06,1
0.12040307474748918,0.8795557891709583,1.6649889099604696e-05,1.4187191125131304e-07,1.1546460221148389e-05,9.032531547061113e-06,3.7653287732257523e-06,1
0.11985622314994362,0.8801045919346889,1.5200999543460696e-05,1.5147223806826687e-07,1.2334259864915679e-05,7.475951567129416e-06,4.022232153950252e-06,1
0.18950789976176588,0.8104440525053508,1.8642363683740548e-05,1.6599246716289372e-07,1.5235087454309854e-05,9.036090188473913e-06,4.9681990892112675e-06,1
0.19850134382263435,0.801448746713691,2.0669926783936668e-05,1.7336630790375291e-07,1.5144838922137255e-05,8.982562837315958e-06,4.9387688232750055e-06,1
0.19713684066441645,0.802810850694561,2.1475181492273765e-05,1.583678827898842e-07,1.3632253644243146e-05,1.1659900408862673e-05,5.38293759428742e-06,1
0.22628313499782943,0.773660177554051,2.3531758961085712e-05,1.7004592589329694e-07,1.4557291696781043e-05,1.2648476278699713e-05,5.779875257036073e-06,1
0.3190665904867289,0.6808688996356811,2.5017648999784965e-05,2.096323208399068e-07,1.775952933987861e-05,1.4741128176848452e-05,6.781938752603775e-06,1
0.8108022151508676,0.1891684224434173,1.2132099109327424e-05,8.699978056070723e-08,7.714897815792392e-06,6.471279184687384e-06,2.9571298247153217e-06,0
0.8032359714611796,0.19672989792739384,1.3206614176971534e-05,9.643465926042745e-08,1.0520123979036196e-05,7.029616469722011e-06,3.2778221415889906e-06,0
0.35658275218117524,0.6431047319933416,4.547039721872696e-05,1.9631405244700922e-07,0.00024088479888101927,1.596562536557237e-05,9.998689965280046e-06,1
0.15456198489082382,0.8448453778275429,4.028733437141146e-05,2.565599954280774e-07,2.8349773274402395e-05,2.2776033358184528e-05,0.0005009675806337216,1
0.20821415863727213,0.7915245053122265,4.651154454642762e-05,2.8737017500967323e-07,0.00011263785795647633,2.3696089229441284e-05,7.820318859395859e-05,1
0.22579811333571295,0.7740907063272446,3.243403058408844e-05,2.6486649112558104e-07,2.5913558567692842e-05,1.9187279736218077e-05,3.33806016633182e-05,1
0.27415845913410486,0.7257008711336375,4.620432738641396e-05,2.7037707253049846e-07,3.5453659098248216e-05,2.246115249984364e-05,3.628021620059738e-05,1
0.16808111729815894,0.8318457629620832,2.8554099473809487e-05,1.7835143204655416e-07,2.5859060786479092e-05,1.4962569746216995e-05,3.5656583193153276e-06,1
0.10785860532990658,0.89203842629,3.39600687094932e-05,2.557612107175145e-07,2.808314913592577e-05,2.099803130919562e-05,1.9671369728386536e-05,1
0.08993265525000496,0.9099674652552013,2.724036161604551e-05,2.0515352683474246e-07,1.0711810894622318e-05,2.003526097837429e-05,4.16869077777013e-05,1
0.3644974470219077,0.6344714784529039,4.159642473667229e-05,2.755325479923939e-07,2.972406105069366e-05,2.154699869835545e-05,0.0009379315081547841,1
0.3151948242922495,0.6847001897114426,3.7750952606842315e-05,2.739698584311263e-07,2.7758665015178752e-05,2.1817399237554072e-05,1.7385009589852936e-05,1
0.17574532979943416,0.8241217038907716,4.864087095881592e-05,4.216590406600096e-07,3.895440164418844e-05,3.782294094000497e-05,7.126437210610689e-06,1
0.1755033108343224,0.8243400193315364,6.146181695981516e-05,4.3557833869422386e-07,4.5948893928307064e-05,4.044190664463112e-05,8.381638269718899e-06,1
0.16457116291711726,0.8353274228362731,3.9614135064071917e-05,2.67507215106561e-07,3.216380423550282e-05,2.3966562300936465e-05,5.402237794107626e-06,1
0.13251234745795964,0.8674051738055839,3.2728980667339424e-05,2.2101299087903138e-07,2.5264401573171946e-05,1.980104205080446e-05,4.463299174341349e-06,1
0.18972917301483502,0.8101888351457572,3.3797443208566556e-05,2.543271246368718e-07,2.50650850603448e-05,1.8759110377463687e-05,4.115873636694085e-06,1
0.16225854471476978,0.8376750717156659,2.572648958463636e-05,1.717563667410981e-07,1.0108187149714683e-05,1.6784627069415833e-05,1.3592509393649708e-05,1
0.24898779773346277,0.7509192479785924,2.9392791331644837e-05,1.7046105825224388e-07,1.1062106679299072e-05,1.727216361454418e-05,3.505676526113555e-05,1
0.12665120222750223,0.8731360166173033,3.3823158877354785e-05,1.9296542366295096e-07,1.9247977889038527e-05,1.9822094861709963e-05,0.00013969495814280286,1
0.19924391446021406,0.8005302823122852,3.817729433462404e-05,2.6417574362499246e-07,0.00010794269038080281,2.5952285938271163e-05,5.346678110346809e-05,1
0.21900136383809896,0.7808229562409733,3.778223968648039e-05,2.6820561086573014e-07,9.410851437901253e-05,2.6830999707412836e-05,1.668996154414097e-05,1
0.15970257803949986,0.8402139257431008,2.4450785125916908e-05,2.1538145305395803e-07,2.872376275183514e-05,2.0064031112799338e-05,1.0042256955615107e-05,1
0.14294590412521435,0.8569723980341075,2.1487586395684166e-05,2.0431162065921595e-07,3.319138450466367e-05,1.8952612439787216e-05,7.861945717144463e-06,1
0.09732969467824297,0.9026126442893511,1.8851520599222283e-05,1.6375577591072777e-07,1.8511838833570807e-05,1.3832567244978562e-05,6.301349952220359e-06,1
0.1691644125807507,0.8307493732737091,2.2465135231692695e-05,2.110933426530029e-07,2.660333801656488e-05,2.438849971117099e-05,1.2546079237967555e-05,1
0.08992560120446359,0.9100139214005247,1.7523893119810616e-05,1.547698703254796e-07,1.947069779308524e-05,1.5223074900482407e-05,8.104959328164602e-06,1
0.06956295419634374,0.9303705107696117,1.7716145979371126e-05,1.5646783492389664e-07,1.9684308849873034e-05,1.5390085715996512e-05,1.3588025664288172e-05,1
0.07846456251751292,0.9214638420038601,1.5949015407894943e-05,1.527523592590523e-07,3.0791343200767444e-05,1.7336360391270373e-05,7.366007267626542e-06,1
0.09034977988882101,0.9095688870713099,1.7633830455454636e-05,1.6888874554045866e-07,3.621845520157244e-05,1.9167731175618076e-05,8.144134290990502e-06,1
0.09934967559715505,0.9005246081167905,2.66171317625399e-05,1.8574453739712471e-07,7.419709738796565e-05,1.995695052085232e-05,4.759361845609126e-06,1
0.10497392792436912,0.8848687445362524,3.067739253849121e-05,1.9839102251247547e-07,0.010101989857065856,1.9378494005044374e-05,5.083404746587574e-06,1
0.14828544673551752,0.847865610502307,2.6384860622712256e-05,1.932378507328179e-07,0.0038003692806756104,1.7044018820602867e-05,4.951364205876891e-06,1
0.12524179693887785,0.8722650325475428,2.7781422914428413e-05,1.9703568419091938e-07,0.002445832437239862,1.4071395508585675e-05,5.2882222323786235e-06,1
0.109161702604314,0.8844113330933674,2.8168279545977396e-05,1.997794083448561e-07,0.006379730949452683,1.3503433124175876e-05,5.361860787394391e-06,1
0.20307865775276882,0.7755094949133541,0.0009142240972522171,2.3768527498772903e-07,0.020194082325535663,0.00029906592592220924,4.237299892130301e-06,1
0.00022819625381353224,0.024814312813222848,0.9431286196458251,0.00035603539728213594,3.439360061954206e-05,0.03143306768899384,5.374600243049597e-06,2
0.00026882000577898365,0.01763409933078814,0.19415240022503333,0.0001926467625933704,4.94161932729826e-05,0.7877008013221046,1.8161604286680895e-06,5
0.0005480190095688765,0.04066780068765287,0.5028812653122557,0.1609817009323957,8.697538669364161e-05,0.29482665842995587,7.580241477309437e-06,5
0.0006302401468364934,0.04542480131420448,0.5626335891540698,0.02834716040629943,9.356830912721223e-05,0.362863879780123,6.7608893395997725e-06,5
0.0003213175071331664,0.029423133122228766,0.23651425589779632,0.00027996415052464993,9.124744851805693e-05,0.7333661681078129,3.913765986151524e-06,5
0.00023716693896126318,0.05606438623960546,0.027202567233327937,3.4120597698557353e-05,5.4250578969113236e-05,0.9164053881295184,2.120281919324837e-06,5
0.00042339237129631447,0.07678292978085657,0.03184923096658486,2.7151526698441647e-05,6.418179624374566e-05,0.890852370898101,7.426602191283973e-07,5
0.0010709131333910228,0.2226327696406509,0.6282265253564915,0.00023328417679882414,0.000172357325144454,0.14766035773426653,3.7926332568871872e-06,2
0.0001953540598671692,0.013835100971517205,0.9670618450889474,0.0002031507099932361,7.333337400803961e-05,0.018626668390729895,4.5474049372439585e-06,2
6.84765166627958e-05,0.0036557265661875424,0.9766695602865899,5.9202862041375375e-05,1.539062277105629e-05,0.01952923396579373,2.4091799534764863e-06,2
0.0004531877084284956,0.275813883506808,0.1442848112702095,0.0023727195626000717,0.00033263998654645247,0.5767400488205314,2.7091448760191863e-06,5
0.00029260843230055687,0.10487955602344472,0.034558188773741574,0.009459726206281936,0.00021084407453848085,0.8505966780336851,2.3984560074624764e-06,5
0.0007899836476845731,0.27235027251360394,0.26956633307411715,0.0002010810880625951,0.00019924294449583224,0.45688707184846916,6.014883566838514e-06,5
0.0005019327516424148,0.20047166230143937,0.2891705412709435,7.216281787411041e-05,9.941480005769142e-05,0.5096780016906521,6.284367390679239e-06,5
0.00047056012267741957,0.18794145171287133,0.2710963270077483,7.689198953067847e-05,9.32010122033753e-05,0.5403156765834772,5.891571491662172e-06,5
0.00018731329846294459,0.04145795496985263,0.04734036772457979,1.6948078342213126e-05,3.550609241383592e-05,0.9109594038350801,2.5060012684502443e-06,5
0.00013638140272943545,0.03641802521091492,0.18001967971838462,0.00011926531521476589,4.377933644007039e-05,0.7832611156814516,1.7533348644809206e-06,5
0.00015333410472283607,0.0377365638910749,0.19240935250339447,0.00014692777122310611,4.442373814829796e-05,0.76950809768444,1.3003069964267526e-06,5
0.00016661721239314586,0.04228476927313296,0.13632962020697872,0.00015328607892452784,4.6173726543378885e-05,0.821017264270733,2.2692312941962288e-06,5
0.00016576476883266018,0.030136161418667245,0.1676297735321418,0.00014677886364119675,4.466847900690581e-05,0.8018746576825725,2.195255137819344e-06,5
0.00022381170061167312,0.006159114126068894,0.11313453255958934,0.00019069944110039843,6.250225504832005e-05,0.8802265089497581,2.830967823279108e-06,5
0.00025577697384048925,0.00703877218393267,0.12804344307359053,0.0009122466021667998,7.14289628771622e-05,0.8636750969107952,3.2352927970217173e-06,5
0.0004635368386400247,0.12146550217041799,0.3128501582955247,0.0026700189496642974,0.00010465822035742399,0.5624421047294347,4.020795960864158e-06,5
0.8037914076117813,0.13801894370498163,1.9640579448416625e-05,2.3621790095489943e-07,1.468544013953785e-05,7.964120974737745e-06,0.05814712232477345,0
0.8793229858425028,0.01885643336966227,8.273190104889698e-06,1.9593845969514495e-07,1.255259599488128e-05,6.186303391054926e-06,0.10179337275988455,0
0.7635033231359648,0.22969448284625296,1.7269175714560967e-05,2.364540141273384e-07,1.166363989464405e-05,8.01455659032768e-06,0.006765010191568632,0
0.757461185383109,0.2365130981951592,1.8268608384489392e-05,2.0356568099415668e-07,1.3758346466792652e-05,9.070449562394987e-06,0.005984415451637143,0
0.6677157355184933,0.33213672757626833,1.69908622401096e-05,2.2855572327360895e-07,1.2688643009453606e-05,9.257442878501626e-06,0.00010837140138708188,0
0.5940260754053952,0.40590720961946153,2.479862273532602e-05,2.453987657590094e-07,1.4226716233545892e-05,1.0876492333599542e-05,1.6567745075258637e-05,0
0.7616092181074454,0.23835187157667517,1.1893694507533944e-05,2.0494068462328562e-07,1.0604306739374396e-05,8.051892493582774e-06,8.155481454169064e-06,0
0.7663348459959137,0.23362707010504571,1.1786437562931841e-05,2.0309253629196327e-07,1.0033152556803912e-05,7.979280792771117e-06,8.081935591529057e-06,0
0.8113754728611868,0.18858822717335855,1.05933170325075e-05,1.7528291998083627e-07,8.702093238297809e-06,7.894822193866317e-06,8.934450069888753e-06,0
0.7972116962440025,0.20273749169346902,1.6665706943072797e-05,2.443969121907914e-07,8.76108939893761e-06,1.100774774112165e-05,1.4133121533092636e-05,0
0.6963706432726158,0.30352659286346867,2.111505190323712e-05,2.00474987263059e-07,1.042766761031988e-05,9.27653100915645e-06,6.174413840555989e-05,0
0.6612557098692844,0.33862687466028607,2.265841591666886e-05,2.1512831998290694e-07,9.622347564775643e-06,9.887211819900672e-06,7.503236680828689e-05,0
0.712149478117552,0.2876396460616268,2.207483029699893e-05,2.0958751808450867e-07,9.082710740223884e-06,9.439916847071245e-06,0.0001700687754186683,0
0.763259328354547,0.2285705515315739,1.9772174225119445e-05,2.1189750553018777e-07,1.214606297690059e-06,9.543959729034265e-06,0.008139377476121805,0
0.9112990318707828,0.08425726705854211,1.1379956767785777e-05,1.275093926069937e-07,8.666810042232097e-07,5.743080859162813e-06,0.004425583842651459,0
0.8978574022254474,0.039330491873088236,1.9746535604391222e-05,2.0977899677906168e-07,9.582275056373602e-06,9.919002132479502e-06,0.06277264830967412,0
0.9442866939669311,0.03401787276755482,1.9250468505703024e-05,2.267169534669652e-07,1.0701367598312317e-05,1.071988130096988e-05,0.021654534831155835,0
0.9372551187630409,0.023301708525663732,1.733973072438477e-05,2.1925132857009736e-07,1.4849715107828696e-05,1.2339460608875104e-05,0.03939842455352596,0
0.9192290764957074,0.03178911647917274,1.9276214326282223e-05,2.1688381095655393e-07,1.666125677238081e-05,1.1154844848917637e-05,0.04893449782536122,0
0.7671899669428389,0.22434951525543098,2.364723780782775e-05,2.8167258881150894e-07,1.8510846754280605e-05,1.3021653751815845e-05,0.008405056390827365,0
0.6365054901746877,0.3591322339582604,1.536215866932877e-05,1.9424602097299744e-07,1.0180347711165915e-05,1.0213393414966208e-05,0.0043263257212355286,0
0.5959342359425882,0.40335889883795245,1.5750515810013154e-05,2.0490659849524473e-07,1.0197175790918383e-05,1.1163865390360039e-05,0.0006695487558692613,1
0.5805965850048758,0.41928203664972047,1.5047901127506964e-05,1.9576592104812062e-07,1.0585052258811024e-05,1.0751456603763357e-05,8.479816949259174e-05,1
0.6136018349241803,0.38635308686943376,1.4795700096857848e-05,1.924849075276331e-07,1.4378948029596475e-05,1.0781587923067005e-05,4.92948542898831e-06,0
0.6240425211001677,0.3759046095778989,1.3509374509567593e-05,1.788095450583091e-07,1.1756878775355697e-05,1.0278138059408905e-05,1.714612104405586e-05,0
0.5778947814848806,0.4203496443959809,1.636318301085932e-05,2.595279972702909e-07,0.0017165319021186585,1.4594320313082927e-05,7.82518569880072e-06,0
0.4365226514099522,0.5533861237048021,3.830719784505905e-05,2.1707515828284965e-07,0.00997458955640954,7.404554188234774e-05,4.065513950433158e-06,0
0.30934921267611504,0.6797605212839957,3.765503154044817e-05,2.9949112837884613e-07,0.010766506540694554,8.133901040423139e-05,4.465966121745203e-06,0
0.3620118789544765,0.6282965936870231,3.841768226088549e-05,3.1930343153590225e-07,0.00955119648662435,9.644735824742766e-05,5.146527936163281e-06,0
0.4462891790427843,0.5485179908262966,4.830368503794144e-05,0.0,0.005061564135223919,7.723555023333025e-05,5.726760423872688e-06,0
0.5234866378940615,0.4749370933994367,2.1778517704475193e-05,2.1129903778696263e-07,0.0015315776861979968,1.8566520614237198e-05,4.134682947335556e-06,0
0.4792220538834247,0.5189949092272753,2.8695238541482796e-05,2.2581424210059235e-07,0.0017335391521365352,1.602950710498588e-05,4.547177274979345e-06,0
0.5050536189388682,0.4931615024892107,3.088282319156743e-05,2.5183682753741524e-07,0.0017330961915655765,1.6101704973623376e-05,4.546015362807074e-06,0
0.36763336960175463,0.6310622295127114,1.788637861375759e-05,1.646614758236626e-07,0.0012714887777076063,1.1095759472013934e-05,3.765308264929601e-06,0
0.5249854258539951,0.4598479413379164,4.180459676591689e-05,2.8260449982718545e-07,0.015096907216927653,2.117608258499333e-05,6.4623073100908184e-06,1
0.3752450466369402,0.6188246357553437,3.1443987457323514e-05,2.125654362295894e-07,0.005877872403515362,1.5927924838654358e-05,4.860726468471392e-06,1
0.3919455794802563,0.6055131914240629,2.6980930870240186e-05,2.0648462422346238e-07,0.0024950896823303045,1.4230321105119495e-05,4.721676750924387e-06,1
0.2938335022050318,0.6927043412339582,2.9232199373461456e-05,2.6258744768025663e-07,0.013395272081134073,1.5854113480027236e-05,2.1535579574835074e-05,1
0.6277993756340547,0.3583807613423707,1.7448579857068082e-05,1.534565403295975e-07,0.013783620191013679,9.507831320645092e-06,9.132964842696981e-06,0
0.7281121533166816,0.26913445530985325,1.8245990010454847e-05,2.1903260750989258e-07,0.0027112609445428667,1.2992902053695605e-05,1.0672504250717745e-05,1
0.11827536827072686,0.8811794089009777,1.540809870921376e-05,2.0187282671258576e-07,0.0005181162691248974,6.621365718294473e-06,4.875221916329296e-06,1
0.23449832147541233,0.7645980721268242,1.7845800316102983e-05,1.85451801669828e-07,0.0008733455428064889,8.524410579103554e-06,3.705192259986638e-06,1
0.3143404546671613,0.685497271413895,2.0906949760058397e-05,2.3525556663476505e-07,0.00012698372955086793,9.807227862319089e-06,4.340756203631773e-06,1
0.33258852205642797,0.6673566293548665,1.6695430693431388e-05,1.89523210492958e-07,2.247339765830066e-05,1.0336871915808026e-05,5.153365227599623e-06,1
0.26486947010758066,0.7350875661530719,1.6879707361758545e-05,1.3779865320749466e-07,1.3427959771582604e-05,8.340425263286242e-06,4.177848297872072e-06,1
0.23310596937844055,0.7668514525708068,1.6807727302930263e-05,1.3687487807243844e-07,1.3102373637016227e-05,8.284512688709646e-06,4.246562245874644e-06,1
0.19075104641521015,0.8092045153542357,1.789672449334116e-05,1.6642444669006452e-07,1.3551805925155228e-05,8.403998802533635e-06,4.4192768867550956e-06,1
0.24578899664166678,0.7541667156651016,1.6545459470222274e-05,1.9734018946698548e-07,1.468217177739946e-05,8.708150100294765e-06,4.15457169405207e-06,1
0.22039353248384244,0.7795582831011603,1.9524620154349526e-05,1.617837212687005e-07,1.4848801179595483e-05,8.806979746715259e-06,4.842230195106375e-06,1
0.25859517264555826,0.7413604749525041,1.6349628592669817e-05,1.5807485372765148e-07,1.4508394640009064e-05,8.605081057149218e-06,4.73122279426232e-06,1
0.2753208984952469,0.7246324079279339,1.7407109298081278e-05,1.6829900694802954e-07,1.4919283355420061e-05,9.16165071467139e-06,5.037234443981288e-06,1
0.2523677019239511,0.747587966526085,1.725649564073398e-05,1.542681062414541e-07,1.3279346269285875e-05,8.397854101625567e-06,5.2435858461807515e-06,1
0.28380187925243966,0.716148876252513,1.902487511178548e-05,1.9694557671169804e-07,1.4933382511851189e-05,9.192580398742794e-06,5.896711448503937e-06,1
0.2754362596644157,0.724507323152599,2.517654765250638e-05,2.035996797950041e-07,1.5437929342886444e-05,9.50316557966491e-06,6.095940730450666e-06,1
0.23046325663225287,0.7694830710843343,2.206653209812214e-05,1.6272877461603317e-07,1.3930885007099798e-05,1.1980972860492168e-05,5.531164672543829e-06,1
0.22502474404241152,0.7749201701259418,2.2636029343449933e-05,1.6357317677017327e-07,1.4559347476515396e-05,1.2167015677325605e-05,5.5598659724548005e-06,1
0.31851400811031955,0.6814229049042513,2.626093638562249e-05,1.9935230630083574e-07,1.599620786901903e-05,1.3854487287529204e-05,6.77600158056299e-06,1
0.3756582337945359,0.6220309705123275,3.783975295598163e-05,2.0530530014986146e-07,0.002245321447655779,1.4992781800571475e-05,1.2436405424140038e-05,1
0.8764176562222623,0.12285785576822075,1.7380127904735766e-05,1.2106059727409173e-07,0.000690331144872238,8.259465953186928e-06,8.396210189482441e-06,0
0.17057772798197096,0.8286342422678153,4.6338531550145075e-05,2.950955586449867e-07,3.0843476467597144e-05,2.6197015931248223e-05,0.0006843556307061915,1
0.20743301422834076,0.7924203758001934,4.313013129620434e-05,2.8629206578323244e-07,2.7091300171299948e-05,2.3607190051132447e-05,5.249505788128919e-05,1
0.3147261511667017,0.6851456992586157,4.569630465716823e-05,3.088125578530212e-07,2.8551047331293038e-05,2.2214189138608117e-05,3.137922099779256e-05,1
0.19422172489016448,0.805698360415646,3.381997285352806e-05,2.4408194602201366e-07,2.390548329151846e-05,1.7721928268136252e-05,4.2232278302038326e-06,1
0.2527231396152536,0.7471787446851793,4.200597005796609e-05,2.623730060622157e-07,2.8755996525994104e-05,2.1845915737433235e-05,5.24544423946825e-06,1
0.22346165345418176,0.7764597983472016,3.291764584448599e-05,2.0560652880509566e-07,2.406529348506121e-05,1.724910191200932e-05,4.110550846309284e-06,1
0.087060057325627,0.9127568783692883,2.747583910925943e-05,2.165024148508651e-07,1.0690841582380908e-05,2.0146666818407708e-05,0.00012453445515973817,1
0.11896108004651096,0.8807975307572125,2.922881178733746e-05,2.303153803607549e-07,1.3253527258400053e-05,2.1432034531712895e-05,0.0001772445073187815,1
0.2850100133991923,0.7137204786216549,4.4669314549827634e-05,2.9588720984803443e-07,3.1096099068161255e-05,2.172785269477735e-05,0.001171718825630232,1
0.3363241568968039,0.6625322623813643,3.704228995244172e-05,2.948659769785626e-07,3.098877317699798e-05,2.1652860614631868e-05,0.0010536019321105666,1
0.15972500441028434,0.8401002030651853,5.1646217942328525e-05,4.4952862840694965e-07,4.152909591151147e-05,4.0322851222314665e-05,4.084483082599454e-05,1
0.1557193239454067,0.8441313263202224,5.4391063762945825e-05,4.141293714788406e-07,4.368625542703108e-05,4.229426718349257e-05,8.564018625930435e-06,1
0.15959424788183177,0.8402713964753907,5.4460879491175725e-05,3.859628723326306e-07,3.6246604022215794e-05,3.583528624945581e-05,7.426910142344748e-06,1
0.21054425349984904,0.7893129286783395,5.5431648493348835e-05,4.2215305570383834e-07,3.96453020322592e-05,3.9195416649277904e-05,8.123301581004418e-06,1
0.32798739315677095,0.6719376053727083,2.7411449305790096e-05,2.2993345817661404e-07,2.653380690706375e-05,1.710517929572675e-05,3.7211015539701656e-06,1
0.1163738866397021,0.8835489893042777,2.5289692306654097e-05,1.4838701232523985e-07,8.263217181273788e-06,1.3824415961205032e-05,2.959834355894281e-05,1
0.24548782146977485,0.7540221761446075,3.5746264918645885e-05,2.0730750196008864e-07,1.8886039247856167e-05,2.1295364171430955e-05,0.00041386740977779964,1
0.20632278959039588,0.7935315259661568,3.6616344316623705e-05,2.7221394964302994e-07,2.8590909303682652e-05,2.51113345793978e-05,5.509364129787365e-05,1
0.16876877150644845,0.8311544563848948,1.9468937797736887e-05,1.829396135497027e-07,2.2461093718377474e-05,2.1135781243242295e-05,1.3523356283878364e-05,1
0.1022488163143361,0.89768963641878,1.555789530051686e-05,1.4618955504876765e-07,2.3356419611985137e-05,1.5301392854499855e-05,7.185369561800782e-06,1
0.0710020343397195,0.9289423069281897,1.5855652940545852e-05,1.373888235887668e-07,2.024846727189056e-05,1.2664418650931353e-05,6.752804403960488e-06,1
0.08162673226403874,0.918308754358776,1.6284881992018112e-05,1.4110808224389893e-07,2.3632378809172503e-05,1.4146741058911916e-05,1.0308267242931659e-05,1
0.07804677443908475,0.9218880009167565,1.6216721012248694e-05,1.4051746911303056e-07,2.23418877535428e-05,1.4087529347608616e-05,1.2437988576162006e-05,1
0.06640998556480678,0.9335339769568128,1.5672909558521503e-05,1.3842210537412577e-07,1.9362165856631416e-05,1.3615118198143746e-05,7.248862661814262e-06,1
0.08114233626459826,0.9174121106978185,1.7786234970605793e-05,1.703484061311399e-07,0.001405790370156147,1.6766544117438394e-05,5.039539933030776e-06,1
0.11108652733108,0.8190697173696687,2.4682433547424278e-05,1.8085487238970506e-07,0.06979659234464151,1.7665593009212794e-05,4.634073180864343e-06,1
0.1411251364946002,0.8563507839848272,2.3981282297669808e-05,1.8699819779899156e-07,0.0024786260882798,1.6493667211770238e-05,4.791484585624028e-06,1
0.12005277127619646,0.8774844655304628,2.637368624928609e-05,1.8705151751121683e-07,0.002418399115723594,1.2783081730227278e-05,5.020258120069823e-06,1
0.11595059324592351,0.8774800636974577,0.00033503135474311407,2.0354128610966624e-07,0.006081829890858718,0.00014681544425908043,5.462825471598922e-06,1
0.14453352772437603,0.8484762216151012,0.0016727224502517775,2.0372269274338412e-07,0.005072901642959305,0.00023806522853607334,6.3576160829606205e-06,1
0.00023115107268672152,0.016476362704122526,0.9454823789929643,0.0006447403285614915,2.8964370057863925e-05,0.037124421924759204,1.1980606847958554e-05,2
0.0002582024375444581,0.018679446541566665,0.26007328178822814,0.0003957158127211904,3.6890050689058895e-05,0.7205474766071905,8.986762060001708e-06,5
0.0002526981049049288,0.01878322382465264,0.25169027096933294,0.0003937135542884682,3.360796708238617e-05,0.7288326342846624,1.385129507618557e-05,5
0.0002190998845356546,0.017138204396958602,0.0987817851396701,0.0005815753696687938,4.831708153765693e-05,0.8832246032526414,6.414874987765524e-06,5
0.00021692116022441825,0.07039259230218191,0.12467739859494359,4.087244920664626e-05,5.682746014533733e-05,0.8046084134606863,6.9745726116854665e-06,5
0.00013814701999120477,0.04049128606779925,0.02321731412330146,2.2474778217614447e-05,2.354218203464685e-05,0.9361053228934129,1.9129352430974164e-06,5
0.000938212507533004,0.24139883674873844,0.6918362110245674,5.957533243797162e-05,0.0001719911032799479,0.06559298857008733,2.1847133559024525e-06,2
0.00025844083596690266,0.04060914867625105,0.860484149686464,0.047980271959611485,6.557564752769415e-05,0.050597203520096015,5.209674082504782e-06,2
0.00025769904663333073,0.007139888618652387,0.9463788325178661,0.0008872828708843723,6.36436934023265e-05,0.04526977311385234,2.8801387091008387e-06,2
0.00025840243961952944,0.0733413629345191,0.1623965343732284,2.1190384122313214e-05,7.45447553583038e-05,0.7639057712271494,2.1938860029557663e-06,5
6.227351755123339e-05,0.01918084711937852,0.025264848095120168,2.1169556204664496e-05,1.4895391947059534e-05,0.9554554557224625,5.10597335865339e-07,5
0.00020335247510855763,0.03850260112006946,0.1448859080125051,0.00024438057316293886,6.559648768580319e-05,0.8160960588565808,2.102474887435457e-06,5
0.00016721150497024225,0.030431983773563098,0.46694867639444776,0.0007555286745035542,5.1024012114106096e-05,0.5016435321608368,2.043479564561792e-06,5
0.00015679214193895893,0.036366428864839984,0.20486610689459653,0.00025494467404513297,4.2018628030584436e-05,0.7583124331508778,1.275645670936754e-06,5
0.00011440225399807766,0.005954277003118478,0.25956286821641084,0.00017606208510116003,3.137411978335352e-05,0.734159148043833,1.86827775501287e-06,5
0.00017977559880756307,0.0034940676348163414,0.1312589952096962,0.00029756870664639207,5.773006533464659e-05,0.8647103015425017,1.5612421970920643e-06,5
0.0002877922809008038,0.007896640475110968,0.15569589353066207,0.00035516243069253596,7.133995104184019e-05,0.8356895417292431,3.6296023485622478e-06,5
0.00020476805691610795,0.0058794767932469055,0.17181370772013946,0.002251530532302837,6.450399938561081e-05,0.8197841316139316,1.8812840774393238e-06,5
0.0002704942582061095,0.044772945774214486,0.1979585356598774,0.0002952081899982137,6.393664741473766e-05,0.756636533157914,2.3463123751350564e-06,5
0.0002781311845447146,0.04002622896893034,0.19501549796209433,0.0011462632973825812,5.773153039051426e-05,0.7634740897015666,2.0573550909565453e-06,5
0.8872254650847485,0.019629533095686668,1.6092119101665136e-05,2.1646611386229496e-07,1.450728383255175e-05,6.705098855505588e-06,0.09310748085166115,0
0.8424539168129933,0.14264594375404402,1.8215472205681713e-05,2.4643682888202325e-07,1.3415267625284753e-05,7.633450196008254e-06,0.01486062880610651,0
0.6706442134538719,0.3275251733441577,1.8944775293221763e-05,2.067188054312495e-07,1.2430476337275965e-05,9.210946015583608e-06,0.0017898202855188216,0
0.7803973815777293,0.21956764148910923,9.636451107273139e-06,1.8019588382182515e-07,9.335908857477087e-06,7.545214368106192e-06,8.279162944838977e-06,0
0.7849636172846923,0.21499986160413287,1.0657853367295939e-05,1.7635077409790506e-07,8.755107907911077e-06,7.942918827492503e-06,8.98888029784205e-06,0
0.7209218895294772,0.278980402616663,1.8639547249071873e-05,1.7697152791625355e-07,1.1612323403372974e-06,8.188961071232005e-06,6.95411416711547e-05,0
0.6865351056293651,0.3133619860174335,2.0899862101697495e-05,2.1812444740450845e-07,1.0208458725558225e-05,9.505408129083834e-06,6.207649979761336e-05,0
0.673695731496197,0.3244322310184979,2.252373277401604e-05,2.0617622029026777e-07,9.267412108001588e-06,9.631882175840361e-06,0.001830408282027009,0
0.7050703554321504,0.29105851942911776,2.1855395421690234e-05,2.075041131260848e-07,1.2138174141876553e-06,9.346079343072714e-06,0.0038385023424397507,0
0.8101044270785197,0.1558552163066114,1.884094712497938e-05,2.2059685120778932e-07,9.047157779116256e-06,8.867567793560903e-06,0.03400338034532017,0
0.8243917583210171,0.14521094426699707,1.6151361057684122e-05,2.1159663374248277e-07,8.288685980235322e-06,8.505776416696595e-06,0.030364139991897177,0
0.8945981937527702,0.09716346780204156,1.0710930556262567e-05,1.345421576614967e-07,9.459774491708641e-07,6.059839786060014e-06,0.008220487155238865,0
0.9806034665499431,0.006824186305251365,1.0049981742981743e-05,1.10114359636251e-07,5.810919895694645e-06,5.137189562857861e-06,0.012551238939244534,0
0.9707625650120792,0.013514707245110075,1.9991562036599988e-05,1.8846156976652438e-07,1.4314076163899634e-05,1.0598855771315408e-05,0.015677634787268902,0
0.9354184728049749,0.0183315479786096,1.9778154418190294e-05,2.2294793803379585e-07,1.745760951950991e-05,1.2547505719302425e-05,0.04619997299882033,0
0.9236926669826322,0.029752864142994995,1.957504548482042e-05,2.2024607075504344e-07,1.5651747465976172e-05,1.132777378367071e-05,0.0465076940615677,0
0.7381797359559298,0.23065183391764935,2.1707646348101425e-05,2.5856926688707844e-07,1.2835707782952498e-05,1.1756051858859262e-05,0.031121872151164034,0
0.7801621669681467,0.20623618871107555,2.3124530040775814e-05,2.7544638805462115e-07,1.82483206795075e-05,1.2457012624460965e-05,0.01354753901104502,0
0.8073995524103763,0.18204423161058603,2.3852859200952595e-05,2.841218351288666e-07,1.867180534608179e-05,1.313488180014001e-05,0.010500272310855598,0
0.5911327789148929,0.4079541799299273,1.5738555449953113e-05,1.5715549890322735e-07,1.0949374713366868e-05,1.102117146604993e-05,0.0008751748980516691,1
0.6082212973954134,0.3917303416681618,1.4267661356011716e-05,2.1790369334413775e-07,1.3066361866602977e-05,1.2253615530952146e-05,8.555393977853766e-06,0
0.36827094001133404,0.6241054723950035,6.612719548709007e-06,1.2765714737184428e-07,0.0075958267444456665,9.947162578911201e-06,1.1073309941788632e-05,0
0.33575785518168233,0.6588719808193234,5.092116480769718e-05,2.5638743370233086e-07,0.005205249178205688,0.00010770651263695811,6.030755910319024e-06,0
0.34420624864650035,0.6250991256186763,4.452719633877954e-05,4.3150764671240004e-07,0.03055173484739901,9.216932940283406e-05,5.7628540361023115e-06,0
0.48944511372570854,0.5091728822708356,2.7498879908774013e-05,2.2206727295436749e-07,0.0013345642526870446,1.5361206711685655e-05,4.357596875446703e-06,0
0.5251229774364021,0.4735121975284673,2.7147890866137332e-05,2.1923286006941492e-07,0.0013175301978112918,1.562573602863598e-05,4.301977564384452e-06,1
0.24699766672272577,0.7514555491808262,1.9797555227957222e-05,1.6093586788859595e-07,0.0015106302667749236,1.209196974271687e-05,4.103368834406301e-06,1
0.3102932647064746,0.6881341947959633,1.7849755885461446e-05,1.47374617146728e-07,0.0015397127276643868,1.1073040676154921e-05,3.757598718770733e-06,0
0.590221868605148,0.4070316954337539,1.985533787698185e-05,2.1479573762673152e-07,0.0027068973662757725,1.4984678596668955e-05,4.483782611058521e-06,0
0.2754918974274526,0.7221664319077157,2.3015773916421395e-05,1.761393426787329e-07,0.0023023694845532286,1.2081494770335557e-05,4.02777224879089e-06,0
0.2981711003655655,0.6993849559714354,2.3801620136687232e-05,1.6336466744598814e-07,0.002403319379417309,1.2494003036836025e-05,4.165295740692486e-06,0
0.4197789885285887,0.5777729570214818,2.6627927033105886e-05,1.7585001955351337e-07,0.002403547525942329,1.389092105059651e-05,3.812225883862038e-06,0
0.23982544655517204,0.75762551041807,2.963561593206612e-05,1.7979323206703786e-07,0.0025004155602988062,1.286140337321229e-05,5.950653921743885e-06,0
0.3968920371873812,0.5800857320385028,2.1980868558239494e-05,2.922836288805587e-07,0.02297254377013373,1.3929125668238909e-05,1.348472612691632e-05,1
0.38364934796857053,0.6149572567586937,2.2498191962040258e-05,2.4309068545167596e-07,0.0013507855404392118,1.325852001400809e-05,6.609929635012021e-06,1
0.2608200987605257,0.7381796504979249,1.865807734724601e-05,1.877388207509002e-07,0.0009660685708381866,1.0234183705474707e-05,5.102170837582379e-06,1
0.15158361340109072,0.8476466585778984,1.262784872118487e-05,1.1395605122577304e-07,0.0007468804994900371,6.893709945027478e-06,3.212006803088569e-06,1
0.17810967446501239,0.8211389652442931,1.7015468092820753e-05,2.8250914930080484e-07,0.000720674607501301,9.266211935240425e-06,4.121494015764933e-06,1
0.12742047427306633,0.8725359494486066,1.977167605871338e-05,1.4362946820711837e-07,1.1695629560367484e-05,8.151369981990876e-06,3.813973257707323e-06,1
0.1509629799330296,0.8489959592661834,1.8559491069762148e-05,1.3482366515760964e-07,1.097858025471877e-05,7.80776406312189e-06,3.580141734394621e-06,1
0.2596135083679755,0.7403364882305882,2.0444180470172317e-05,1.694033260880901e-07,1.5097764369679191e-05,9.221766257966814e-06,5.070287012206949e-06,1
0.2255705441547972,0.7743818573198241,2.0624994537118808e-05,1.5464894772159482e-07,1.3312128974744e-05,8.250222239316142e-06,5.256530679974063e-06,1
0.2344296171390463,0.765521592333803,2.086098837544762e-05,1.5913678338780348e-07,1.3698440346959586e-05,8.662889054987652e-06,5.4090725899815985e-06,1
0.23140586539520763,0.7685415908586424,2.0941767719311366e-05,1.63952296151705e-07,1.4035628239250178e-05,1.1829645623593968e-05,5.5727522719722215e-06,1
0.2308592393730298,0.7690894499539597,2.065313012288067e-05,1.5844247526919312e-07,1.3563943490777752e-05,1.154968392274802e-05,5.385472998903872e-06,1
0.21673227159559044,0.7832108029695682,2.3567600304215154e-05,1.6677027161313807e-07,1.5016671669302137e-05,1.2505857102338193e-05,5.6685354938219006e-06,1
0.2778438158531165,0.7220896337034253,2.60065021338566e-05,1.8989940481543958e-07,2.0056604540984105e-05,1.384274071084745e-05,6.454696667695362e-06,0
0.3332639043214597,0.6666751964635574,2.3827220228342274e-05,1.7398629452278457e-07,1.8301447184740616e-05,1.2682752558707486e-05,5.913808716632559e-06,0
0.335703757696022,0.6642350987090813,2.392283548423724e-05,1.7468447685012233e-07,1.8374888297008328e-05,1.2733646646214634e-05,5.937539992389271e-06,0
0.326409462153882,0.6735128828710022,3.5538069315532485e-05,1.8372256956080223e-07,2.2171980100055448e-05,1.3392479537429524e-05,6.3687235934275535e-06,1
0.4227532117282101,0.573954386628331,2.580864436767237e-05,2.4302013205170857e-07,0.003238785123455915,1.75156978947214e-05,1.0049157608601075e-05,1
0.405876636292779,0.5930761422146749,4.90360786620859e-05,3.578366486166579e-07,2.774618784685895e-05,2.8975669894073582e-05,0.0009411057194945526,1
0.19280427220132934,0.8064582856558901,3.795949545679014e-05,2.761592663185806e-07,2.8864249503169332e-05,2.4515952502061096e-05,0.000645826286052037,1
0.20091799323015064,0.7984542970031373,3.91608503770542e-05,2.7204679580592456e-07,3.29183781556133e-05,2.415086921842398e-05,0.0005312076221651484,1
0.10183022665868482,0.8980886451519067,2.771961530415325e-05,2.166774387995183e-07,1.215062355176465e-05,2.3142857924296793e-05,1.7898415189729653e-05,1
0.09513372478073268,0.9047532042580816,3.045363149383375e-05,2.407025904375953e-07,1.1163245298698042e-05,2.239861802564326e-05,4.881476377720249e-05,1
0.11753559792255655,0.8823617862940556,2.8722947162167803e-05,2.2632929962628336e-07,1.049664436688216e-05,2.106110915185517e-05,4.210875340730584e-05,1
0.30844026401017965,0.6914433723009135,3.262829956374647e-05,2.848446761602705e-07,2.5635849341394146e-05,2.2683407788242924e-05,3.513128753709708e-05,1
0.34257979325640836,0.6573528444651774,2.9577523114009803e-05,2.3088908623197722e-07,1.3579230884999033e-05,1.9959489467934205e-05,4.01514586092616e-06,1
0.12065559671443901,0.8788356007757606,3.083281427194902e-05,1.7832954059782099e-07,1.6246101423917645e-05,1.8318644880905956e-05,0.0004432266196829907,1
0.20635968750426145,0.7933866006150454,4.2139014952804664e-05,2.740192944367698e-07,0.00012962107192177332,2.794962521012573e-05,5.3728149313791154e-05,1
0.2946135208756721,0.7053005558717999,2.4361575546192383e-05,2.5273570063479676e-07,2.670087747435165e-05,2.4150991688130896e-05,1.0457072118658e-05,1
0.21321936338027994,0.7867167225131887,2.0467402679831905e-05,1.9408696549796592e-07,1.8789238910833695e-05,1.6437135562750443e-05,8.02624241253079e-06,1
0.13848346794477506,0.861440353810907,2.3934953435645747e-05,2.0791356594348184e-07,2.498334923933121e-05,1.8454002563991164e-05,8.598025513122776e-06,1
0.12802921128454978,0.8718950064176659,2.1006723788170757e-05,1.9973940780820846e-07,3.220600487924037e-05,1.7728480232140008e-05,4.64134947708867e-06,1
0.12644620995066622,0.8734888912556303,1.8970114770461408e-05,1.529391810480716e-07,2.652004541653714e-05,1.5031769939600175e-05,4.223924395796514e-06,1
0.0754465888619748,0.9244931313991419,1.5736879490033423e-05,1.363596547049202e-07,1.9499436054118067e-05,1.2837106559684143e-05,1.2069957124725317e-05,1
0.08648398587661163,0.8975075032751418,1.903275284324096e-05,1.883079206959784e-07,0.01596084139803195,1.8534209575061348e-05,9.914179875855803e-06,1
0.08797694447653993,0.8064019697847392,2.12767200464851e-05,1.6762169101667835e-07,0.10557830952482954,1.637299860318952e-05,4.958873550424596e-06,1
0.09391557832376057,0.8961790997048592,2.465595785351825e-05,1.8066087781321392e-07,0.009858209606269376,1.764664395249674e-05,4.629102426953917e-06,1
0.1405251178240262,0.8574833727655727,2.387932160179151e-05,1.86203141632315e-07,0.0019462492314767225,1.6423541445949093e-05,4.771112734920787e-06,1
0.11153393104131652,0.8831415721256338,0.0002541428972234342,2.048545361246421e-07,0.004992165980006464,7.248502961815307e-05,5.498071665476868e-06,1
0.17597057897414614,0.8141720828827964,0.002030957493612932,3.2177409423315146e-07,0.007333525744098766,0.00048462151772432567,7.911613527240159e-06,1
0.16645847149642604,0.825305692956298,0.0017378936797661864,2.1532204538389363e-07,0.006152091392953353,0.00033891555303839954,6.719599472764551e-06,1
0.24802909010834542,0.7103240803615799,0.0014711646452338321,3.8838729255919397e-07,0.03962329847581761,0.0005425597417770726,9.418279953603395e-06,1
0.23760443815428792,0.6621159437882351,0.0012587682037276317,2.6530804560546353e-07,0.09849022773286449,0.0005209288459450538,9.427966894249986e-06,1
0.0005863047203963428,0.15701614359189128,0.4806466340463238,0.008656927924242835,0.00012251098311029184,0.352950884486513,2.059424752226081e-05,5
0.00024425983082546776,0.022711688089879854,0.9427179060124848,0.0012603512076543582,2.7089508759199033e-05,0.03302750024724721,1.1205103149142274e-05,2
0.00013288842118275833,0.011219351754806447,0.9667946072242266,0.0007768117862740206,1.784154438234552e-05,0.021053345845470497,5.153423657030221e-06,2
0.00015063595730943226,0.013017324881490575,0.9597501031092537,0.0030053354342516733,1.3818183191230544e-05,0.02405695725417439,5.8251803288700514e-06,2
0.00039165602785217943,0.02527595131383691,0.26491566089234764,0.0008653530721785757,8.164719794449548e-05,0.7084577520929063,1.1979402933997057e-05,5
0.00024501530170219546,0.016895663513894803,0.14796301961567881,0.0001676168472732113,3.74807134183744e-05,0.8346837783785819,7.425629450774729e-06,5
0.00029505006791898564,0.019224782151714172,0.2677110900992002,0.00019492874118624533,4.396652695923022e-05,0.712527668789329,2.513623692186896e-06,5
0.0002722303408516456,0.015516562579044959,0.2556057932038559,0.22201429033050316,5.1310794625088835e-05,0.5065364437646798,3.368986439391771e-06,5
0.00043111589234897215,0.025941593243629657,0.21207831989580483,0.0029417079570368105,8.620496801588019e-05,0.758518470919172,2.5871239917341684e-06,5
0.0004267024201680673,0.03194103975901433,0.1889951325799249,0.0005213530995264726,9.98223249638656e-05,0.7780133294197439,2.6203966585293934e-06,5
0.00018520136671314552,0.050773981553484726,0.035741811013785874,2.3395658470575238e-05,3.970173572512226e-05,0.9132304862882464,5.422383574258866e-06,5
0.0015841117885511242,0.3648434346104912,0.17823207799246255,5.343471248348978e-05,0.0004280600799405992,0.4548559276037929,2.9532122781370463e-06,5
0.0011139965184628752,0.3065486819076883,0.33732099941852756,3.52213706115959e-05,0.00040578359643274087,0.3545730522834508,2.264904826187644e-06,2
0.00013056517555729268,0.011732109647614236,0.9559321489093716,0.00011807590541316105,3.044031241449869e-05,0.03205209166680972,4.568382819452979e-06,2
0.0001469099255659222,0.012917040365808086,0.9530240953623091,0.00012433357546368524,3.205355798444189e-05,0.03375075671941495,4.810493453697876e-06,2
0.00018844852278938852,0.0036679376770859056,0.9679840864998988,0.0001669050294970466,4.791873028172146e-05,0.027938744732548496,5.9588078986080605e-06,2
0.00019557524472802953,0.005369108931380596,0.960059434510582,0.0002835404030613667,4.785927917415822e-05,0.03404231580198427,2.1658290895813713e-06,2
0.0001099088997459678,0.02824235993914871,0.056142089452326495,0.00013174354557219227,3.545389740104103e-05,0.915337537961866,9.063039396152058e-07,5
9.144493906202186e-05,0.024762198365635937,0.32248404306419265,0.00013394212932381,3.633150175858124e-05,0.6524908927503745,1.1472496525706663e-06,5
8.250709944545106e-05,0.022828568751158053,0.4384000926355771,0.00010060479208937284,3.268789934460016e-05,0.5385535923111965,1.946511189009316e-06,5
0.8566923964709532,0.10019075705020208,1.849934176539689e-05,2.441387391941525e-07,1.4643927564714297e-05,7.667264693158203e-06,0.04307579180608214,0
0.8319087347368553,0.1520415628911646,1.7987465109770277e-05,2.433521245688687e-07,1.2184700890042694e-05,7.537900610945424e-06,0.016011748953244545,0
0.7892312515852041,0.19988524880151465,1.7857203785701694e-05,2.3701856901582584e-07,1.2351446345249382e-05,7.483312768340199e-06,0.010845570631812976,0
0.6664022681577316,0.3334528401588666,1.6686229309446603e-05,2.2445789711171595e-07,1.2461145519833472e-05,9.091464135653254e-06,0.00010642838653956758,0
0.5448249400248341,0.4551181533333859,1.7272813003145288e-05,2.4726424844509364e-07,1.2779334159114812e-05,1.0885005618662614e-05,1.5722224750656436e-05,0
0.7620486424306645,0.2379147505150968,1.1524623851118837e-05,1.985812146577366e-07,9.179402733497724e-06,7.802035962787565e-06,7.902410476789848e-06,0
0.7864086124019821,0.2135568352799968,9.710678588425542e-06,1.6881121148477346e-07,8.726559181024151e-06,7.603333508759201e-06,8.342935531303085e-06,0
0.8961708854796397,0.10379101398310724,9.355466007876913e-06,1.371947204064691e-07,4.42678621476332e-06,6.179312414835942e-06,1.800177789516445e-05,0
0.6717876791664346,0.32713854360387457,1.9411689236923676e-05,2.2295715581318748e-07,1.0203625428550597e-05,9.711540335294663e-06,0.0010342274175342756,0
0.6656976855655303,0.33318934591951593,2.15291551585771e-05,2.0440665388743263e-07,8.563273262197371e-06,9.394448320624404e-06,0.0010732772315582863,0
0.7458496447163693,0.25023289917133573,2.211678271773227e-05,2.0998583162172907e-07,1.2612240737726358e-06,9.457857069393585e-06,0.0038844102626023665,0
0.9144613607115288,0.0723683612203631,1.1051450444503798e-05,1.4478344603140024e-07,8.210419199787734e-07,6.0624144907783695e-06,0.01315219837780683,0
0.9762913383715851,0.008366036747484965,8.028197968185256e-06,1.0578480000573601e-07,5.705409427235899e-06,4.764595357895129e-06,0.015324020893376696,0
0.9778762454039035,0.009477937474843117,2.531491240575998e-05,2.3082029329395244e-07,1.075251274475617e-05,1.0988264917730919e-05,0.012598530610891738,0
0.9842867056928264,0.008588350399673749,2.257201764907386e-05,2.0581069570716874e-07,1.0924281025439945e-05,9.797675997460177e-06,0.007081444122132174,0
0.9898264279793103,0.005205717605435026,2.385495602377173e-05,2.1595726855547174e-07,1.3175087840443229e-05,1.0280706448869492e-05,0.004920327707673207,0
0.9240861513038159,0.03516553266693516,2.1752889353397192e-05,2.4474979694786144e-07,1.7393100367440502e-05,1.2588058093023785e-05,0.04069633723163787,0
0.7907473047184199,0.19919112625061938,2.302298551568027e-05,2.7423684681789247e-07,1.7814854535506e-05,1.2677901248111963e-05,0.01000777905281454,0
0.7778507365800434,0.21199097792686877,2.3134397349112126e-05,2.7556392187849847e-07,1.7901063407277682e-05,1.2653036521942675e-05,0.010104321431887608,0
0.6283799739347917,0.3636913363886721,1.954422096267123e-05,2.3279976120667538e-07,1.4817759817070871e-05,1.0061944457783566e-05,0.007884032951537433,0
0.5664136405524544,0.4290540778806217,1.709494258821705e-05,2.161561176394285e-07,1.1280744143270467e-05,9.342581962389465e-06,0.00449434714211231,0
0.7195367587044166,0.2783520463947377,8.324984425775194e-06,1.9436177516007407e-07,1.0304317744921281e-05,9.507746657934646e-06,0.0020828634902418245,0
0.5388090653570736,0.46020161204299037,1.561261475243074e-05,2.0311257238340497e-07,1.1390593387476218e-05,1.0932979508003862e-05,0.0009511832997157073,1
0.44306666724623434,0.5568828666891972,1.5804112962788347e-05,2.0560387154945249e-07,1.7848050648159694e-05,1.1342838604341375e-05,5.2654584817311405e-06,1
0.46606227839795916,0.5338834897117765,1.707553520671297e-05,2.2214446046706515e-07,1.8717471157458718e-05,1.252768103475339e-05,5.689058404985133e-06,0
0.5772901376946645,0.4226585988347248,1.455004980256254e-05,2.0621517611139712e-07,8.336458294684101e-06,9.787604004074178e-06,1.8383143333165117e-05,0
0.6039253934422775,0.39602563771723015,1.3641741988960743e-05,2.1636462632749654e-07,1.4448699665769746e-05,1.2167067500449026e-05,8.494966710726677e-06,0
0.6254577116893482,0.37330332396498256,1.4409429691959166e-05,2.285405246203891e-07,0.001204526590865291,1.2394315261917384e-05,7.405469325576622e-06,0
0.3844115388600012,0.6131117727535467,6.7310787984916876e-06,9.208706398998304e-08,0.0024502546937394767,9.102970644731452e-06,1.0507556205222761e-05,0
0.3827232432570601,0.6121845163777246,3.397247187924717e-05,1.917462843733485e-07,0.00495412554931203,8.337873386105447e-05,2.0571863878571983e-05,0
0.38348889215531495,0.6134092091779434,3.511187634991556e-05,1.877577845782129e-07,0.0029775766079063984,5.3639808054864956e-05,3.53826166459985e-05,0
0.38932973561133044,0.5931522062353854,4.2307761420299e-05,4.0945460034291283e-07,0.017404732564689735,6.164169328277396e-05,8.966679290979613e-06,0
0.6008766944075665,0.3989160716231577,2.1138295371584494e-05,2.0947216269807902e-07,0.0001605342429833062,1.8480993578915197e-05,6.870965179364735e-06,0
0.4710066359996621,0.5275858422291161,2.8493307916015168e-05,2.3009777879497188e-07,0.0013584026834294687,1.58805036627881e-05,4.515178434826077e-06,0
0.2561860064539423,0.7419870476463665,1.8857857786090428e-05,1.5569790361649391e-07,0.0017922641135573098,1.1698413562092585e-05,3.9698168821171105e-06,0
0.25873280185249875,0.7374012508412419,2.4471513496389486e-05,1.6796254377976555e-07,0.003824179657744788,1.2845645052060672e-05,4.282527422479771e-06,0
0.34400103037313,0.6537393480725021,2.5830155458572913e-05,1.5062733138456987e-07,0.0022165961358991673,1.3204102767678145e-05,3.840532911166112e-06,0
0.39467462428436545,0.6036691537378716,2.5119221784658155e-05,1.4753877098838604e-07,0.0016138672635072344,1.3326169564111413e-05,3.7617841360226155e-06,0
0.3698991022426951,0.6278345683617901,2.5812646471717714e-05,1.5288272706734364e-07,0.002220803488146025,1.3808852620058512e-05,5.751525549893294e-06,0
0.6091811531001396,0.3903363057277715,1.9490280849413185e-05,1.3897696384030752e-07,0.00044927579375155153,9.03637110420935e-06,4.59974941993382e-06,1
0.2666037876168044,0.7309258817355881,2.025974932232672e-05,1.7929466986038638e-07,0.0024326423921270626,1.1715548412796712e-05,5.533663075211807e-06,0
0.25176830969904274,0.7448163946477235,2.7618679303833564e-05,2.855721666573022e-07,0.003363429133529754,1.641861784475247e-05,7.543650388670671e-06,0
0.17829811913671065,0.8208687548164298,1.4304900876363837e-05,1.2475457313228473e-07,0.0008047712088488796,7.546960711948407e-06,6.37822184905718e-06,1
0.20958914721894456,0.7903521525897911,1.6657917894156983e-05,1.2862233777377937e-07,3.0235118999851684e-05,7.780939050854439e-06,3.897592981565795e-06,1
0.2692953549083918,0.7306543636509499,2.0081212266282303e-05,1.526639457366373e-07,1.618612473570946e-05,9.235323176359499e-06,4.6261165341885086e-06,1
0.214070490374501,0.7858867718691307,1.6925539311307054e-05,1.3759709681891732e-07,1.30840252304905e-05,8.323862265709573e-06,4.266732464010318e-06,1
0.18810594586993248,0.8118440631735755,1.932302494998823e-05,1.8353611201265583e-07,1.49373642591197e-05,1.0675920339952923e-05,4.871110830832918e-06,1
0.2233297145476251,0.7766231400575172,1.9113447909715795e-05,1.65542503430372e-07,1.347999001030583e-05,9.990556892046682e-06,4.395857542178593e-06,1
0.22575742464039547,0.7741993144488155,1.564134935304866e-05,1.58818868684973e-07,1.1995990894767017e-05,1.1466557700816763e-05,3.998193971523764e-06,1
0.3197966133161435,0.6801522127825973,1.850736477383692e-05,2.085609899056536e-07,1.57531391366002e-05,1.1454406737637065e-05,5.250429621116618e-06,1
0.2505867567909189,0.7493621092344785,2.0795815864734126e-05,1.7231702593025187e-07,1.5815566843390003e-05,9.192780038192681e-06,5.157494830425938e-06,1
0.24753802288663893,0.752421682719005,1.5772327221628673e-05,1.439443281076156e-07,1.2390678948563396e-05,7.679151487760428e-06,4.3082923702772e-06,1
0.22756942675859637,0.772385497012897,1.9303630768253853e-05,1.4776356657588376e-07,1.2719437700717455e-05,7.882900472880473e-06,5.022495998400273e-06,1
0.20269375830173963,0.7972492845266241,2.8123249246666487e-05,1.6531524116652614e-07,1.4230279897290269e-05,8.819248363883535e-06,5.619078887129168e-06,1
0.23629991820738852,0.7636464867474103,2.157261594009852e-05,1.654963992016974e-07,1.4167815813815965e-05,1.2063880584325753e-05,5.625236463910846e-06,1
0.22198796353246106,0.7779584350701267,2.15533385529107e-05,1.6191672834095525e-07,1.4579638947306031e-05,1.1802940032123451e-05,5.503563151670954e-06,1
0.29525852118554524,0.7046738586682982,2.6763895598897182e-05,2.0688063283223348e-07,1.8414064451397985e-05,1.5203415443662477e-05,7.031890029622439e-06,1
0.3402972790276923,0.6596409805836383,2.4156334990808385e-05,1.763894895847966e-07,1.8554236909486907e-05,1.2857933761372933e-05,5.9954935179812865e-06,0
0.42460403402677527,0.5738373814727107,4.6280497662966423e-05,2.1883215181234383e-07,0.0014841250070768408,1.6545109276082434e-05,1.1415054346491119e-05,1
0.40489984539744556,0.5917680448328059,2.6622249391956268e-05,2.163482526791006e-07,0.0032738408120369066,1.676526270341517e-05,1.4665097363632452e-05,1
0.3632891484835549,0.6334607655972069,2.8561996640441507e-05,2.3159096030006435e-07,0.0031968295066419124,1.5503050451041667e-05,8.95977454461644e-06,0
0.20898300047389304,0.7897982218514858,4.0241083224521075e-05,3.359472552747662e-07,3.511330807552679e-05,2.9823612523697604e-05,0.001113263723542021,1
0.2448005117737018,0.7547959267268389,4.055996622696403e-05,2.3785380308242428e-07,2.9569358001308273e-05,2.2242593749475342e-05,0.0003109517276785448,1
0.2523218519114478,0.7474121787743836,3.1708146422714104e-05,2.3182376389946973e-07,2.7784706934311756e-05,2.1678702358622124e-05,0.00018456593468915456,1
0.3602985913469613,0.6395964716463947,3.176184687599818e-05,2.7576398167484234e-07,2.8755984941000936e-05,2.3140609268756217e-05,2.1002801576675447e-05,1
0.37301632234182325,0.6268797226034726,4.575165809133867e-05,2.8033337816522664e-07,2.835307888010453e-05,2.419519082428743e-05,5.374793530126999e-06,1
0.16246107769807125,0.8374768040853791,2.7956136647315213e-05,2.2554224883096613e-07,1.287698391237638e-05,1.7249673314333782e-05,3.8098804266793358e-06,1
0.13538407460583177,0.8645217962997853,3.2140439229501986e-05,2.8317494314066316e-07,1.411879728023643e-05,2.6833764125197374e-05,2.075291880489082e-05,1
0.1308016501371592,0.8690855825569662,2.6122692127852726e-05,2.072749322585582e-07,1.0835102035302334e-05,2.174021131524465e-05,5.386202546380373e-05,1
0.28186411486847934,0.7172539104299652,4.653468046035766e-05,3.033544011801069e-07,2.9942673401609728e-05,2.7372736185133018e-05,0.0007778212571072094,1
0.2788945832438917,0.720947584651119,4.04798560544401e-05,2.8940054979288114e-07,2.4279531756431855e-05,2.304621161815219e-05,6.973710501052866e-05,1
0.3884563046481134,0.6114348444795541,3.2965560900275824e-05,3.0046946865945694e-07,2.1668973645529598e-05,2.6243379690414474e-05,2.7672488627564024e-05,1
0.34405667935870127,0.6558218598805187,3.932736346376038e-05,3.000034546396545e-07,2.1635366086137298e-05,2.8604344373255992e-05,3.159368340203369e-05,1
0.2005913908028324,0.799342101147928,1.9450899486551613e-05,1.8444773460536378e-07,1.7527910927056215e-05,1.7872948084889745e-05,1.1471843006546796e-05,1
0.19883749285315386,0.8010962804464082,1.9493585046547925e-05,1.8485251047946278e-07,2.1054139189804202e-05,1.7849761505941748e-05,7.644362185097924e-06,1
0.12459385945597158,0.8753381496904594,2.6064664413283255e-05,1.9426102683737305e-07,2.135497764467442e-05,1.586290227902919e-05,4.514048205230016e-06,1
0.22061594835435838,0.7792924250409208,2.460896252693408e-05,2.33868176980249e-07,3.412140385559932e-05,2.298595172584216e-05,9.67641843553949e-06,1
0.19335525944897278,0.806566510682129,2.3813728689598977e-05,1.9198893668051587e-07,3.0051926370889382e-05,1.8869811564002577e-05,5.302413337187726e-06,1
0.10160801474969126,0.898332488433287,1.6361384223372544e-05,1.537395279628407e-07,2.095196021776279e-05,1.4473274423914442e-05,7.556458628670871e-06,1
0.08459810335206736,0.9153422659038926,1.5321157194057743e-05,1.353154516492641e-07,2.197805043935378e-05,1.2497987777205302e-05,9.698233177539901e-06,1
0.10735967076810647,0.8925723858225829,1.7364942130361608e-05,7.566191796347792e-08,2.583801260253683e-05,1.489458177790829e-05,9.77021088183704e-06,1
0.06993897040367648,0.8571818153442757,1.7608605029432016e-05,1.5685403669096766e-07,0.07284137010609872,1.543836062752959e-05,4.640326255548726e-06,1
0.13761297715898627,0.8596869708849536,2.7545936929755454e-05,2.017413593667309e-07,0.0026493409791485813,1.7794047661474044e-05,5.1692509610578795e-06,1
0.11388014174990678,0.8815136733232322,0.00038271336351745845,2.0919386811661458e-07,0.004064606380670972,0.00015212763262321998,6.52835618106723e-06,1
0.14164446224362742,0.8517859379062825,0.0008666280281047332,2.7337397303679594e-07,0.005420058004041585,0.0002745204549507244,8.11998901997226e-06,1
0.12371630520140146,0.8691612613988529,0.002071004364677556,2.2048590254108083e-07,0.004811703550412326,0.00023262424972533667,6.88074902792971e-06,1
0.16354875123082646,0.8280063700993965,0.0019122319185186528,2.160266513636373e-07,0.0061722231002092265,0.0003547541685867059,5.453455811242565e-06,1
0.16307486302948626,0.8287380314113835,0.0019004368066208553,2.7648773755068307e-07,0.0058876206374269035,0.00039327242833419684,5.499199010614029e-06,1
0.18722275456685877,0.8040771725777078,0.0018067711019042942,2.2040832893818714e-07,0.006469325513965211,0.00041767905049647463,6.076780738664137e-06,1
0.26245094076681674,0.6921182705929223,0.0015676359064782028,3.031152506622422e-07,0.043286047580388,0.0005664729294036264,1.0329108740402808e-05,1
0.0002478127374437956,0.018121382307965114,0.3274010584110273,0.0007302256031202091,3.1812042229712355e-05,0.653454317217786,1.339168042784947e-05,5
0.0002693238477130687,0.021261224435151705,0.11379365396214611,0.0004543975234627869,7.039135633013299e-05,0.8641430507429625,7.958132233650303e-06,5
0.0004544434047346922,0.03511024031108448,0.12913787726085293,0.00029553163051542614,0.00010349346459301764,0.8348955241531709,2.889775048477507e-06,5
0.0004440931998726659,0.15056329509937308,0.09882768495258758,7.268290229130029e-05,0.0001025888178362128,0.7499757412288864,1.3913799152661883e-05,5
0.0002374005777781505,0.17573503532798498,0.02513898562807356,4.3591411791020394e-05,5.9906196350265445e-05,0.7987815731133507,3.507744671192257e-06,5
0.001291838698776825,0.39415676366199753,0.5141322231313019,0.0001163429750805574,0.0007911578861189936,0.08950910304185919,2.570604864987838e-06,2
0.0005207676305056377,0.1595580678922407,0.7957074254433893,0.0004234708691191666,0.0001126223786127741,0.043672035115631745,5.610670500780879e-06,2
0.00019099582251680216,0.017673925071507463,0.9344857285429269,0.00014735536651737645,4.933029507036425e-05,0.04744626009691414,6.404804547134469e-06,2
0.00032900672015593333,0.04557955622898832,0.8225641463379006,0.01519605464522092,0.000162612823885225,0.116165184582548,3.4386613010193965e-06,2
0.0001844026224376798,0.05248853517476967,0.08175401574047586,9.386576085477126e-05,5.416429036102746e-05,0.8654234463287965,1.570082304414662e-06,5
0.00010624694926448662,0.025634587225725997,0.3897765971768436,0.00023802017713721722,3.9779985713834374e-05,0.5842024044029869,2.3640823278920683e-06,5
0.00014992130775664153,0.014697755911604595,0.3506049640112758,0.00028987647404505164,6.479331193413633e-05,0.6341908081010735,1.8808823101745536e-06,5
0.0003381969679140262,0.00927967858286725,0.16877599763439757,0.00109204806901472,8.383461522305911e-05,0.8204259788302593,4.265300324161518e-06,5
0.8669508064228411,0.09618397252282396,1.6846054226741086e-05,2.4645355814710016e-07,1.4782608301008374e-05,7.739962412854687e-06,0.036825605975836305,0
0.7099948581799153,0.2873855220858512,1.6758405132010013e-05,1.9091143470374752e-07,1.3504286323590071e-05,6.02758671134036e-06,0.002583138544631774,0
0.6181151071016686,0.3784349578069888,2.8120190462235937e-05,2.092338547167152e-07,1.4800320872899795e-05,7.091935298406219e-06,0.0033997134108544247,0
0.6316811635713339,0.36826677271325153,1.606738466978851e-05,2.1326230959571507e-07,1.263996314138649e-05,8.745006881974374e-06,1.4398098411841637e-05,0
0.8187537353262226,0.1812115736426749,1.1155088733060805e-05,1.7186564821838752e-07,5.684427024160871e-06,7.740906724203883e-06,9.938742972898078e-06,0
0.9069348451904071,0.09302073934964943,1.090795832725062e-05,1.5996149113818196e-07,5.153720043302065e-06,7.204738091650567e-06,2.0989081990308774e-05,0
0.7193913141993914,0.2786847813634756,2.0947141746215535e-05,1.9888077917185942e-07,1.154754803777447e-06,9.140481321730687e-06,0.0018924631784820129,0
0.9028034243310595,0.06310343082238422,1.3984183598519141e-05,1.47830396085425e-07,6.705987323283065e-06,6.65834806991383e-06,0.034065648497168616,0
0.8902174568548046,0.05145044241618044,1.0569937683989552e-05,1.1883544556326994e-07,5.127933041295252e-06,5.352402351315622e-06,0.05831093162049318,0
0.9602566622508194,0.005900561901977894,2.0685743257259524e-05,2.2833908625639855e-07,1.5759028616860352e-05,1.0666692051172283e-05,0.03379543604419129,0
0.9637217361091194,0.006792553982104186,1.879866944206933e-05,2.075086667109135e-07,1.4729874950303856e-05,1.0878497066016816e-05,0.02944109535865125,0
0.783400557915505,0.19494099250018598,2.510183051632193e-05,2.989988785539952e-07,1.4554025386570048e-05,1.3522169708423232e-05,0.021604972559818848,0
0.7798051234281406,0.21209912402101655,1.9493943902104408e-05,2.322008891556233e-07,1.4748739902962575e-05,1.0661941196384581e-05,0.008050615724952432,0
0.7119241064254969,0.28253267747534977,1.8652054684206945e-05,2.2217277858199944e-07,1.353564150656572e-05,9.688269731744618e-06,0.005501117960452263,0
0.6803491461508867,0.3149919875465834,1.9851521075636897e-05,2.3646014721304678e-07,1.2326211178623749e-05,1.0220151667701876e-05,0.004616231958460781,0
0.5477511433216063,0.45219572279081666,1.5648978850597986e-05,2.0358565172586434e-07,1.6453054525486983e-05,1.0996143838610837e-05,9.832124710538637e-06,1
0.5107753303893792,0.48917812380796755,1.5247879511176131e-05,1.9836754317050062e-07,1.721206627367535e-05,8.807351218791621e-06,5.080138106426927e-06,1
0.5703879220403227,0.4295704968134143,1.3220057507900493e-05,1.8915661655724073e-07,1.0601574708935305e-05,1.0595161557531392e-05,6.9751958719506264e-06,0
0.5688335236640335,0.43112404758408945,1.3655445661554622e-05,1.9726524275234273e-07,9.092545069423098e-06,9.18581698675082e-06,1.0297678916526437e-05,0
0.4590022561992253,0.5409379049176678,1.490518945316124e-05,2.3640351422739803e-07,2.701529433746066e-05,1.2820744545092987e-05,4.861251256890337e-06,0
0.73826722996357,0.26167338152082065,1.242540231408509e-05,1.9707289075188264e-07,2.380081113527834e-06,1.068774801148909e-05,3.369821127952009e-05,0
0.7388504214799414,0.26097139462450625,1.2036723069114223e-05,1.909082499261415e-07,0.00013252406461611023,9.771987774856636e-06,2.3660211842400186e-05,0
0.6010318481354443,0.3980906466667659,1.5307741492426576e-05,2.090609206428271e-07,0.0008349480943539058,1.1991461649206915e-05,1.5048839373565146e-05,0
0.4244795558415533,0.5740003374710924,6.981164701995014e-06,1.226205934704292e-07,0.0014902178648022269,9.48437063482644e-06,1.3300666621938937e-05,0
0.5201057585415866,0.479109136747374,1.5458779670433843e-05,1.5297053377434995e-07,0.0007414081548445478,1.170279442603022e-05,1.638201156466901e-05,0
0.3458177074251728,0.6541101883525913,2.1289152555366596e-05,2.326170317804481e-07,2.258546576018564e-05,2.0411574037509006e-05,7.585412851010063e-06,0
0.25560834636929414,0.7427835648923028,2.0872441546324436e-05,1.7330124758327652e-07,0.001570441478762095,1.2688720458202494e-05,3.912796388869899e-06,1
0.2823694054481224,0.7151270617265707,1.8648188011016808e-05,1.5159257229218855e-07,0.0024694779430096837,1.1389958133177938e-05,3.8651435806829785e-06,0
0.21679437582661368,0.7806165594595591,2.270612463569878e-05,1.530513096476911e-07,0.00255220600646759,1.0623416260722018e-05,3.3761151536822562e-06,0
0.5947335511827418,0.40483351327245315,1.8827675962017132e-05,1.3425220814347906e-07,0.00039831127864683644,1.074060549466386e-05,4.921732493206276e-06,0
0.3933901744915642,0.6061494182857942,2.4217530949360946e-05,1.896271440594713e-07,0.0004163518068080519,1.3945068616730138e-05,5.70318912341516e-06,1
0.23730236558274714,0.7592295725147621,2.9614237313290954e-05,2.792072514555333e-07,0.0034131355109301826,1.7657431672857152e-05,7.375515322856294e-06,0
0.37126005569033343,0.6267636400320805,2.4563605526044266e-05,2.2307632983574142e-07,0.0019251267403832804,1.463574147655191e-05,1.1755113870375233e-05,1
0.4054169808716728,0.5926668923075225,2.38156562721243e-05,2.1628376942391835e-07,0.001866507613494746,1.4190090616935806e-05,1.1397176651436866e-05,1
0.3460526128465207,0.6520603116702296,2.4575101526187466e-05,2.820089942479548e-07,0.0018329681915215423,1.635026995609214e-05,1.2899911251717123e-05,1
0.6045900729000754,0.3935084946054835,2.5983589049006036e-05,2.665921716001885e-07,0.0018492361014057258,1.54564360100211e-05,1.0489775804881038e-05,1
0.17806997021563079,0.8214306440423469,1.689922391693661e-05,1.642851339417225e-07,0.0004711721801405351,7.77193090900319e-06,3.3781219219754953e-06,1
0.1963825350026808,0.803492359063234,1.7068756495973865e-05,1.297622713678753e-07,9.612538064952982e-05,7.849898719689582e-06,3.932135948617245e-06,1
0.2282148619502976,0.7717397225023832,1.7503401304203818e-05,1.4222030230884496e-07,1.4749470165348844e-05,8.608050766234798e-06,4.412404780824659e-06,1
0.215197845195195,0.7847555020974373,1.931359321857364e-05,1.6727597170018276e-07,1.2634777278315672e-05,1.0095172401726866e-05,4.441888497432207e-06,1
0.2516189350062132,0.7483297324705086,2.0070214799110494e-05,1.7736912309967177e-07,1.3397138534823167e-05,9.741313941790918e-06,7.946486879352136e-06,1
0.3283075372060569,0.6716472786339575,1.6811752473947375e-05,1.6215181859726338e-07,1.3895355090217955e-05,9.54550613461727e-06,4.769394468134973e-06,1
0.3266621910771402,0.6732813373051936,2.365050229231198e-05,1.92659671565483e-07,1.658407919288673e-05,1.027802083613492e-05,5.766355673598559e-06,1
0.24554543202825346,0.7544070356920508,2.0638522770237487e-05,1.5552193054435993e-07,1.3786627692281996e-05,8.296794184389339e-06,4.654813118264139e-06,1
0.20306317786193345,0.7968891257278587,1.9986969572321093e-05,1.5886818308360704e-07,1.3675319323863098e-05,8.47531028504438e-06,5.399942843155253e-06,1
0.3637792065499217,0.6361483802910702,3.1532850587601956e-05,1.9185947311746353e-07,2.0181509260728543e-05,1.398562013328081e-05,6.521319553374363e-06,0
0.8913268597774507,0.10824670626532847,1.9317195146097993e-05,9.133919456925398e-08,0.0003956899363409762,6.576144261406746e-06,4.7593422775860115e-06,0
0.9130092366581388,0.08660743780269223,1.2558636827776912e-05,8.747669083061268e-08,0.0003584334453286869,6.178996518549257e-06,6.066983803419428e-06,0
0.4086913433189513,0.5886944222303149,1.822872802845989e-05,2.130578510605015e-07,0.0025656148765916286,1.3719451998577974e-05,1.6458336264101037e-05,1
0.18654398712302223,0.8126923564117537,4.352359124641257e-05,2.4097790517396416e-07,2.90873754563875e-05,2.4705465320347712e-05,0.000666099055295809,1
0.2150806270713618,0.7841954943198539,4.912670526837287e-05,2.5561074882425227e-07,3.1776854702414064e-05,2.293691970273146e-05,0.0006197825183618788,1
0.21314624794664241,0.7863564401941482,5.1926382786309015e-05,2.533118523438388e-07,0.0001304396006959138,2.273063102270263e-05,0.000291961932852258,1
0.3473584648230181,0.6525461283653551,3.232878749733222e-05,2.4535158059756636e-07,2.355758100831944e-05,2.0588566445833242e-05,1.8686525094819843e-05,1
0.18209412647273937,0.8178400194530476,2.7108895469000652e-05,2.132683417159139e-07,1.8733293027294976e-05,1.6131420785705676e-05,3.6671965894371842e-06,1
0.20224544778246414,0.7976785703393773,3.1325347432620944e-05,2.4643958320874407e-07,2.0952037133631824e-05,1.922047054144141e-05,4.2375834677294285e-06,1
0.16079832059203317,0.8391478611354344,2.519203145697271e-05,1.7850991725982176e-07,1.0763516130968619e-05,1.4251028647937924e-05,3.4331863793285546e-06,1
0.08907565014596193,0.9105754617745895,2.3179187822617718e-05,1.735475076102471e-07,2.4826469122916433e-05,1.2685421394079937e-05,0.0002880234536016502,1
0.2477027525041182,0.7520798103311939,4.3103440543792666e-05,2.8098653016653953e-07,2.7734846998422204e-05,2.5354404392696136e-05,0.00012096348622275436,1
0.23276675480409603,0.7670587371099828,5.4955086448997935e-05,5.03332729455842e-07,4.995839622502536e-05,5.140444123966138e-05,1.7686829278037844e-05,1
0.5019203893473198,0.49796686375104,4.307615237450773e-05,3.5692673697675427e-07,3.1421864749345233e-05,3.2154749583825055e-05,5.737208195542522e-06,1
0.44903570327314135,0.5508875472757027,3.267869846959091e-05,2.7546603041915263e-07,1.5219452848408843e-05,2.3812997931832288e-05,4.762835875771675e-06,1
0.6113400016585098,0.3885949144015402,2.7920628429421386e-05,2.3485092771962235e-07,1.3572130551930279e-05,1.8967294151042072e-05,4.389035889868903e-06,1
0.43926512714811833,0.5606621681211045,3.173346576433276e-05,2.4838955735721587e-07,1.4608482383561038e-05,2.1472339099800916e-05,4.642053972258518e-06,1
0.16273381699547504,0.8372120491310813,3.0157976199209494e-05,1.5134614511914025e-07,8.491488848850587e-06,1.2234659564703611e-05,3.098402685684642e-06,1
0.07819713574413548,0.9217554877792665,2.0425115231247797e-05,1.1990698089474184e-07,6.724025326091693e-06,9.67881815989163e-06,1.0428610900053824e-05,1
0.11010735962110638,0.8898072029863783,2.6185669888480818e-05,1.5364415167140259e-07,9.248742188042878e-06,1.1872802413231542e-05,3.7976533873750326e-05,1
0.10197062649008506,0.8979318058368835,2.6450462872139183e-05,1.529830800064082e-07,1.547496692297866e-05,1.396797979291402e-05,4.1521280363375254e-05,1
0.19139000203226264,0.8083508518759503,4.094435017041582e-05,2.8332296308651444e-07,0.0001232598175269633,3.205247018372139e-05,6.26061309427165e-05,1
0.24742286686937334,0.7525096409599084,1.8212228116442658e-05,1.8903921712070788e-07,2.0389441591259376e-05,1.8359620773654874e-05,1.0341841019770917e-05,1
0.17639068633145738,0.8235564178167397,1.942907475037523e-05,3.195692787398026e-07,1.1707977011641767e-05,1.381910302355718e-05,7.620127738637053e-06,1
0.15274341729573926,0.8471757248202203,2.1826243320853718e-05,2.074229553638699e-07,3.0354153282532654e-05,1.909996250099805e-05,9.370101980533805e-06,1
0.21570150492135975,0.7842145522143493,2.5492499701928632e-05,2.0786125754581e-07,3.253641233256073e-05,2.0429837412314297e-05,5.276253586604532e-06,1
0.07441896027304105,0.9243657677267388,1.7230427561317158e-05,7.13992441583802e-08,0.0011772235028770282,1.4055444398213227e-05,6.691226139385338e-06,1
0.05925728573719572,0.8452415195525449,1.5359382777739887e-05,1.303344478537847e-07,0.09546658705013725,1.338717199784095e-05,5.730770898775741e-06,4
0.0893360729921903,0.9043550408681037,0.00023975269810926303,2.0028137115420014e-07,0.005984423371538947,7.913445576661166e-05,5.375332920115428e-06,1
0.14582244691593774,0.8479461629164645,0.0019477080260118284,2.8942199021641435e-07,0.003832422980011964,0.000443853582708974,7.116156875008744e-06,1
0.1908220696381767,0.7999888813388055,0.0017213021355277744,1.9809532014978814e-07,0.006850597367278256,0.0006112132154765043,5.7382094150067825e-06,1
0.24795370148204157,0.5781676632365824,0.0012106078674709018,2.5515738828020095e-07,0.1720745591516759,0.0005853597425181607,7.853362322732119e-06,1
0.25143309169591604,0.5457978763547301,0.0011141120491943125,2.348191585090263e-07,0.2011111502598669,0.0005387015562811373,4.833264853081874e-06,1
0.00048349331196989847,0.128391444442567,0.6034245083780331,0.0008152903979967216,8.982018904576826e-05,0.2667873866066852,8.056673702287786e-06,5
0.0006835786189725488,0.16808588610731534,0.5165151529583507,0.0013883593930887302,0.00013179244826233842,0.31318246136652295,1.2769107487437114e-05,5
0.0008818758422895954,0.212786806842611,0.36831398999650433,0.0034445526519708766,0.00018820478655214232,0.41436403760515866,2.05322749131327e-05,5
0.0006589111937519983,0.1575991506667414,0.47451380088951695,0.014845563842717423,0.0001280705993631026,0.35223902010421915,1.5482703689988697e-05,5
0.0003556303439175605,0.022940017509329252,0.14342280246627606,0.0001963757493049401,6.790185006799363e-05,0.8330134516036546,3.820477449678452e-06,5
0.0002866779320656819,0.018672933460973748,0.14469970751248237,6.0832893563663285e-05,5.187728601496617e-05,0.8362255286160478,2.4422988516827052e-06,5
0.000227560195946409,0.022404930272060582,0.25267885290525505,0.0003318130534303753,2.6837934928067565e-05,0.7243183927944038,1.1612843975740875e-05,5
0.00030694762254156193,0.0187837935097146,0.29917973670330067,0.04514816708403804,4.705014442350635e-05,0.6365189059997978,1.539893618381558e-05,5
0.0003858669911803829,0.02199361502875628,0.23390096172052607,0.09176995597301847,8.321404370146838e-05,0.6518616109460718,4.775296745501451e-06,5
0.00040660762513460187,0.023008715545230454,0.126676112835813,0.06324392176119811,0.00019366010199604384,0.7864683551188434,2.6270117844983272e-06,5
0.00037129912473434954,0.1376280514768484,0.14479578807187402,0.0001340044228277048,9.928072754081576e-05,0.7169691747577981,2.4014183766740834e-06,5
0.00020611030813152454,0.09419493800477785,0.05884635572691677,0.00015521082546350218,6.131063570646748e-05,0.8465345550528767,1.519446127177836e-06,5
0.00017370549634496734,0.05055507145755274,0.050027417363246514,7.373526550445868e-05,3.710702631968321e-05,0.8991307567812853,2.206609746253481e-06,5
0.00017920056300301069,0.031469648190325904,0.06104891280338835,4.214977315266872e-05,3.9292024762495246e-05,0.9072159742394557,4.822405911953321e-06,5
0.000488088323336396,0.17693888466965604,0.08331774554215284,7.988340268384144e-05,0.00011275201715562686,0.7390473538430594,1.5292201955826667e-05,5
0.0003004659724550872,0.048209870412280253,0.7756657601050864,0.032445925174413685,0.00012950439209608245,0.1432456602542069,2.8136894617592766e-06,2
2.58831630658801e-06,0.000521309161570312,0.002661937278452912,0.9945920255366163,9.924401009531916e-07,0.0022211240903691424,2.317658367886699e-08,2
0.0005596353954453037,0.11355043057722604,0.27306937627011063,5.879260416158153e-05,0.0003045643504105512,0.6124544806919915,2.720110654552097e-06,5
0.00010545284950881771,0.024911434816484952,0.031758150629218204,2.7266740970991988e-05,5.360921415561108e-05,0.943143483018506,6.02731155370434e-07,5
0.00018447189073710285,0.052508251768398864,0.08136818831583986,0.00013438727468555075,5.420068773844139e-05,0.8657485306991574,1.969363442863784e-06,5
9.767696680895492e-05,0.020424122999256465,0.3119570545153481,0.00010236720073277103,4.206989814893977e-05,0.6673754871744116,1.2212452930268746e-06,5
0.00018883303494547196,0.005680294034011446,0.09689451827817552,0.0016384604908493835,5.080050982443365e-05,0.8955444011788418,2.6924733519214033e-06,5
0.00018308272627161614,0.00553350546101754,0.15288503646356202,0.0012247215587971065,5.767290192033506e-05,0.8401142988359522,1.6820524791622382e-06,5
0.0005771419260396449,0.01659255208432901,0.34198836246846276,0.001289693089555057,0.000183974240670351,0.6393632414600122,5.034730931015803e-06,5
0.0005816751814629959,0.07650186465260833,0.3866011172247321,0.003255572839712533,0.00012344628938193927,0.5329312639777752,5.059834326929769e-06,5
0.000284670336383822,0.05004889942694972,0.24731684509959773,0.0027152387606596377,7.234814269209576e-05,0.6995597939537548,2.204279962164692e-06,5
0.7897284867276132,0.19605343212998255,1.774712666455872e-05,2.3555751598379514e-07,1.219717870240944e-05,7.4371834002690935e-06,0.014180464096121373,0
0.672014638489729,0.3277754899626059,1.8657376224735106e-05,2.1254447752120614e-07,1.3001697232949136e-05,6.675035570361188e-06,0.00017132489415947516,0
0.6393384998050251,0.36059348860359625,1.6933215786566105e-05,2.2475448131368126e-07,1.376539530379182e-05,9.216253399715664e-06,2.7871972407128704e-05,0
0.5402484507696408,0.45970191108539166,1.6685748666461572e-05,2.4319709702088e-07,1.2226553337920544e-05,1.0705962484109568e-05,9.776683382013053e-06,0
0.5720552266033864,0.4278991212458404,1.5592265993477958e-05,2.4963560563994165e-07,1.095641674615613e-05,9.807906433405427e-06,9.045925994497957e-06,0
0.8127286955799182,0.18723861824237742,9.818062267655323e-06,1.7067797793362683e-07,8.473476353913663e-06,7.687413516057025e-06,6.5365475886546805e-06,0
0.9375679272171649,0.06240267528762017,6.946350160040767e-06,1.0702191632676803e-07,3.4482594974353877e-06,4.853160234545207e-06,1.4042703406672114e-05,0
0.9537375428974267,0.04620171143342774,8.74226648989019e-06,9.321327418425605e-08,3.1868887824216383e-06,4.313235482592248e-06,4.441006511637888e-05,0
0.9492630729928482,0.0506655200686898,8.849833317056966e-06,9.43601914242447e-08,3.2261009838862025e-06,4.366306508992798e-06,5.487033746049096e-05,0
0.7209481325924452,0.27689851065996274,1.4101309615520247e-05,1.891038926099245e-07,1.1050208819834214e-06,8.75035907320595e-06,0.0021292109541290174,0
0.7714585800706022,0.2230127302468083,1.895068873514682e-05,2.1405675262325054e-07,1.2508319015207702e-06,9.904996780587476e-06,0.005498369108419628,0
0.9593482792140056,0.01977396289255464,1.5845744318060635e-05,1.5044601381490725e-07,6.704105638061734e-06,6.776156678440232e-06,0.020848281440791355,0
0.9418884591657766,0.04371926733546437,1.0446963900719812e-05,1.1168534801095227e-07,4.9768707877517745e-06,5.0303587155151786e-06,0.014371707620006963,0
0.8565243631161148,0.024859513574543385,1.2357567856639981e-05,1.494454210569384e-07,6.519448483544774e-06,6.00741758281662e-06,0.11859108942999784,0
0.9435723476113749,0.03969986946347123,1.329595351630601e-05,1.4939248604316759e-07,7.315261005039251e-07,6.00528969739715e-06,0.0167076007633536,0
0.9433387369202653,0.03951304994641366,1.0692426363267744e-05,1.40079923724474e-07,7.565173148685249e-07,5.6309426600725305e-06,0.017130993167059315,0
0.9261319700128101,0.03879232067534585,1.0497393464790019e-05,1.2785127613087934e-07,7.437860216818564e-07,5.7584794480976875e-06,0.03505858180163337,0
0.9838892025831265,0.002623931528801395,9.615084267892306e-06,1.26694654310724e-07,6.077699666901996e-06,5.745266757818912e-06,0.013465301142725115,0
0.9424770110185235,0.011234704674402756,2.130990229326074e-05,2.3421928912782538e-07,1.5018121373451648e-05,1.1150075069446197e-05,0.04624057198904847,0
0.9181107062168303,0.03328187710772319,1.2391442776286992e-05,2.502035856488796e-07,1.9341648418386807e-49,1.2800359328603225e-05,0.048581974669755834,0
0.9047390380101258,0.03865954584368047,2.1823063470488645e-05,2.455393518722718e-07,1.886282140035284e-05,1.2561738174640338e-05,0.056547922983796205,0
0.781033327971126,0.19469587195121102,2.193497640611946e-05,2.7159920125424555e-07,1.360918400239663e-05,1.3787818502541264e-05,0.024221196499550898,0
0.8095994835530917,0.17393933092938602,2.163970893368822e-05,2.679431950573886e-07,1.3182458425449258e-05,1.4999918786342672e-05,0.016411095488181718,0
0.7534852895159684,0.2405296194240381,1.6712661618690012e-05,2.2415470190246428e-07,1.4730909222212647e-05,1.0292485352954176e-05,0.005943130849097648,0
0.7520683384091214,0.24208176344147694,1.8389126481875493e-05,2.1904092580392403e-07,1.3685676516738354e-05,1.0057676691142501e-05,0.005807546628786101,0
0.6893435424216171,0.30473905636846255,1.8685294888391773e-05,2.225687171876604e-07,1.3616567273186724e-05,9.70553539333168e-06,0.005875171243648178,0
0.5503307662444541,0.4496184762582553,1.6627583130148384e-05,2.1631682044530925e-07,1.8769499234132183e-05,9.604283955649875e-06,5.5398141502452615e-06,1
0.5416655501998139,0.4582804421388108,1.4882819484530882e-05,2.1499576588121723e-07,1.0094814351489417e-05,1.001145326341446e-05,1.8803578509921587e-05,0
0.45574657756333214,0.5442109781802512,1.2975945800297928e-05,2.0977030024680879e-07,1.4151444488168633e-05,1.0486546823097539e-05,4.620549004882291e-06,0
0.7441453456163132,0.2558095034930267,1.2696767637464775e-05,2.0137687603754478e-07,1.403838901738465e-05,1.0307843540229558e-05,7.906513589054615e-06,0
0.7045059682342547,0.29540983268427357,1.5114245430173219e-05,2.077526422859947e-07,3.1666899025520646e-05,1.143880908665019e-05,2.5771375287371022e-05,0
0.2793513610747447,0.7205750200193696,2.050657713377924e-05,1.9385330274467827e-07,3.30612589027687e-05,1.5162549762906687e-05,4.694666783342797e-06,0
0.2090297974808729,0.7887101705186929,2.1997288412600774e-05,1.826407091327643e-07,0.002218471311553329,1.5257096963279294e-05,4.1236627959756225e-06,1
0.3289361763636411,0.6695240591719867,2.639223800648359e-05,1.53183528320181e-07,0.0014951095521858113,1.4744736295512248e-05,3.364754356250574e-06,0
0.2603819452305791,0.7368670893337653,2.561681473135509e-05,2.648732477470913e-07,0.0027013359476573484,1.675093053522246e-05,6.996869483830405e-06,0
0.4029539912026342,0.595143735088928,2.2964290416963063e-05,2.0855202295390325e-07,0.001854861825836553,1.3249291587516478e-05,1.0989748574066116e-05,1
0.4806169402284673,0.5174941735154015,2.4128277154686242e-05,2.1401057257761893e-07,0.0018392005025783973,1.3769357906514497e-05,1.1574107918870575e-05,1
0.3012552811293358,0.698699942781478,1.497390785356919e-05,1.450590131984817e-07,1.6376779060533343e-05,8.779867075523689e-06,4.5004761834125364e-06,0
0.23326018966489653,0.766694208864286,1.88690872933853e-05,1.634260842286551e-07,1.2343985539042357e-05,9.88531428994825e-06,4.339657610937418e-06,1
0.21101565452017423,0.7889431863313807,1.6384684838057314e-05,1.4245889789002393e-07,1.0760280916980023e-05,1.0285384766786726e-05,3.586339025393807e-06,1
0.2609456260692633,0.7390152963398394,1.4998132704150819e-05,1.4232182967370273e-07,1.2196054151680008e-05,7.554950023970257e-06,4.186132187801819e-06,1
0.33556748603109504,0.66438851375282,1.651088291709083e-05,1.5667677521204435e-07,1.3426179519878402e-05,9.045557997217114e-06,4.860918875622586e-06,1
0.37324299436725855,0.6267141408886675,1.5872808275803682e-05,1.5598512239520762e-07,1.3901891287977397e-05,8.2653828129455e-06,4.6686765746657686e-06,1
0.18291958344976372,0.8170318558670381,1.9149684100361637e-05,1.5221294597168846e-07,1.3102438770218102e-05,1.0982616605150874e-05,5.173730776557291e-06,1
0.23781414096049427,0.7621367154221116,1.9586616786117157e-05,1.5334287147909566e-07,1.3127376607328617e-05,1.1064144089958521e-05,5.212137039149286e-06,1
0.2560978541213562,0.7438503074350069,2.08655638093464e-05,1.6007218073823971e-07,1.370345931727063e-05,1.1668481505420738e-05,5.4408668242326205e-06,1
0.31917151222159074,0.6807680528017641,2.3576298013962682e-05,1.9146535389480713e-07,1.6202399105528186e-05,1.395689076357217e-05,6.507923408001357e-06,1
0.372845228442899,0.6270910810819099,2.5282362629117353e-05,1.9542861990618922e-07,1.7324255258615232e-05,1.4245793531945758e-05,6.642635151525371e-06,1
0.349692295371227,0.6502385539659026,3.1332403298056305e-05,2.2035191514847897e-07,1.6899744215349274e-05,1.4218298460757307e-05,6.479864981257471e-06,1
0.3688250851730049,0.6311199325474324,2.2081081810399886e-05,1.962721947185659e-07,1.488234186185959e-05,1.1946033854192721e-05,5.876549841554362e-06,1
0.44537966847605814,0.5545629805631579,2.5205458312152854e-05,1.7637173054001393e-07,1.4015206119505785e-05,1.1959034735070531e-05,5.9948898865623705e-06,1
0.46431934465141794,0.5356075257653194,3.457435317788189e-05,1.8758838000157384e-07,2.0081313234080177e-05,1.237869245092797e-05,5.9076360198749455e-06,1
0.9162885094315856,0.08334296500042339,1.2181400359142683e-05,8.484906504691606e-08,0.00034438118313400335,5.993391754407563e-06,5.8847436784242585e-06,1
0.567541599499478,0.4304322106630935,3.134873161709584e-05,2.183583569783011e-07,0.0019640544655807504,1.542394339284823e-05,1.5144338480909011e-05,1
0.2595812394035282,0.7401402156316912,3.978214668191127e-05,2.2276812102374238e-07,2.84276104061e-05,1.9989826436301823e-05,0.00019012261313543425,1
0.38042978260366334,0.6194845665143416,3.390937029667881e-05,2.83900371050716e-07,2.460026687476115e-05,2.1975614402504695e-05,4.8817300499479114e-06,1
0.12899890739481934,0.8709548494084992,2.055371074068971e-05,1.5284414479162472e-07,1.0195645128496151e-05,1.255017158911268e-05,2.790825078032721e-06,1
0.13996289419952304,0.8599741483197235,2.4037207440412118e-05,2.1047432559988633e-07,1.3681602434846412e-05,2.067795783817098e-05,4.3502387143927505e-06,1
0.5210292719922169,0.4788614569033713,4.2273400496905727e-05,3.4323259180134183e-07,3.0216307605589614e-05,3.092107397686538e-05,5.517089740430985e-06,1
0.5157147934759772,0.4841770404860455,4.855354316993622e-05,3.293992100114298e-07,2.5693145332933408e-05,2.8295217055851024e-05,5.2947332085292555e-06,1
0.14562714958318052,0.8542327235074332,3.7490528718059536e-05,2.0094679325041698e-07,2.521895920852413e-05,2.2988378178977897e-05,5.422809648739886e-05,1
0.24069785208513822,0.7590431408015975,4.526381384487328e-05,2.955334655160334e-07,0.0001315363118465269,3.268971160655032e-05,4.922174250064038e-05,1
0.39727628390378583,0.6026479639918383,2.4600414733057807e-05,2.5089605002951647e-07,2.0958829052663517e-05,2.0193729313147422e-05,9.74823522709741e-06,1
0.3973691582839038,0.6025496759789961,2.0385019998275753e-05,2.4498295692425577e-07,2.910030925020325e-05,2.1916935104026325e-05,9.51848979067851e-06,1
0.3697511297409665,0.6301611775955529,2.1715997061920462e-05,2.609783641731878e-07,3.019203655470709e-05,2.3237305661383517e-05,1.2286345838344147e-05,1
0.19213573551036642,0.8077973347947177,1.786117364193006e-05,1.820098501648546e-07,2.4654322925867187e-05,1.6014403314672454e-05,8.217785183333363e-06,1
0.1755861723676358,0.8243368419501067,1.9897728223075784e-05,1.8696873704479283e-07,2.926611718610824e-05,1.7601523016228108e-05,1.0033345095130501e-05,1
0.07996238525457865,0.919929780729016,1.714773956561695e-05,7.105660260912343e-08,6.551374567960939e-05,1.5440143517563567e-05,9.661331039607633e-06,1
0.04527219736338401,0.4744262393629201,7.792787873515487e-06,7.375114720636824e-08,0.48028425594358515,7.2589576353026026e-06,2.1818334547092766e-06,4
0.06281689824230495,0.6173870652574336,1.1013661252239025e-05,1.0423357667100495e-07,0.3197715757970941,1.0259191156901185e-05,3.0836171815530185e-06,4
0.07188689758007476,0.6404011821078708,1.4211321198161062e-05,1.3019594256241904e-07,0.28768091257694905,1.2814537361763025e-05,3.851680603085789e-06,4
0.08485353876365646,0.6748111547679059,2.0522770581270886e-05,1.504470368508957e-07,0.24029548705955675,1.4695407910952424e-05,4.4507833518123225e-06,1
0.1105615794627347,0.8876689144584304,2.5499760443870885e-05,1.8675554033943605e-07,0.001720565288324093,1.824196011011036e-05,5.012314416539597e-06,1
0.13213516923097193,0.8657233502501303,2.516383088838425e-05,1.9621932503182616e-07,0.0020920459878276845,1.5878218690653642e-05,8.196262166000527e-06,1
0.15032423625382957,0.8452466630231971,0.0016309136760322609,2.0944828019597142e-07,0.002511391305832366,0.0002800499971571167,6.536295671291109e-06,1
0.18193912762160738,0.8124812828693122,0.0012006350607584478,1.9485084412827768e-07,0.0039996636998728425,0.00037486554393694247,4.230353667968687e-06,1
0.19013372836663298,0.8034762569870524,0.0011757906495112789,1.998338060400316e-07,0.004868729667514943,0.0003402498177819287,5.044677700425477e-06,1
0.1682844697788429,0.8018722461867901,0.0010587318444231395,1.783989181622171e-07,0.028470428295893867,0.00030803919190238463,5.906303229616281e-06,1
0.1970804435915559,0.7547449122101434,0.001016167799738463,2.06712454140333e-07,0.046714031927876945,0.0004378754584367623,6.3622997943624496e-06,1
0.0005010805367049839,0.14643389353895686,0.5488657750879761,0.0006383861163491995,9.660722099268645e-05,0.3034541403326247,1.0117166395540084e-05,5
0.0003612678571263454,0.02647473373260939,0.1517838767860152,0.00025928261256567944,9.538823265282333e-05,0.8210164031526103,9.04762642017172e-06,5
0.00035983920250292934,0.026447400591083182,0.14554594495566325,0.0002233422314090148,7.437561368434197e-05,0.8273466063106351,2.4910950222865175e-06,5
0.0005377227940660935,0.052921785783317576,0.3713709711523016,0.0029440425719628256,9.918728099162104e-05,0.5721094075463248,1.688287103548033e-05,5
0.0005968591116373549,0.20930998396624131,0.06603214405756759,8.935708364114381e-05,0.00012308138227392178,0.7238314686354472,1.7105763191287683e-05,1
0.0008475659911699395,0.38500143574418316,0.5824648739058209,0.0002450202263983952,0.0006248013348333139,0.030814198201631747,2.1045959625293563e-06,2
0.0004441100393180694,0.04596157627295802,0.9249005540533045,0.018521514468118172,0.00010979727809364573,0.010057991329891965,4.456558315757552e-06,2
0.00020116712491789307,0.03433140495419601,0.9464333295538437,0.00012355506884386246,7.723380303691441e-05,0.01882866768879469,4.641806367007364e-06,2
0.0002662872627966781,0.02646479539672555,0.9500531906486045,0.00014883023867475148,9.069707842778375e-05,0.02297060801250663,5.591362264195792e-06,2
0.00046828182208539566,0.10743926898424497,0.4663463012265271,0.04931778261473926,0.00017989008939102538,0.37624427024991036,4.205013101882366e-06,2
0.00010867547653078374,0.02272389665834757,0.2866763195620068,0.00011389383479234304,5.024282602831845e-05,0.6903256128837403,1.3587585540023613e-06,5
0.00016967449819079849,0.005103985327966523,0.08525814387678123,0.04661129802870648,4.564641464766225e-05,0.8628096973893753,1.5544643321756269e-06,5
0.0005745208218465963,0.12581054937638203,0.3009932973602085,0.007826509066999826,0.00011361133814979149,0.5646765144359164,4.997600496902475e-06,5
0.631680794626317,0.3682665576202608,1.606737528533659e-05,2.1326218503593564e-07,1.2580850760509851e-05,9.388175188941217e-06,1.43980900023671e-05,0
0.6032359244069292,0.39671142388404274,1.6146582284308316e-05,2.311419994391968e-07,1.1401612511999669e-05,1.0175275958518747e-05,1.4697096273932702e-05,0
0.5525745905715109,0.44737771789090147,1.550898987679284e-05,2.431488604734942e-07,1.1454492733512834e-05,9.553049400944984e-06,1.0931856715842493e-05,0
0.7859241539116518,0.2140415839783216,9.70469643027666e-06,1.8147203062716138e-07,8.743320114694683e-06,7.294825494611104e-06,8.337795956419649e-06,0
0.8947219783715267,0.10524285236111819,1.067950276418222e-05,1.6453832946899552e-07,5.160586622151283e-06,7.4108809653304165e-06,1.1753758674105038e-05,0
0.9628432474933785,0.03709544360499396,6.561098445782226e-06,8.258075843367747e-08,2.823371402831893e-06,3.8212396310790335e-06,4.8020611389252875e-05,0
0.7605716615642744,0.23723049289687573,1.9980930123268477e-05,1.649139615822045e-07,1.4724134327719857e-06,9.014961491211751e-06,0.0021672123198411175,0
0.7620801391462037,0.23227426812740853,1.8779308072047782e-05,2.1212092914379248e-07,1.239519995990367e-06,9.815420884957754e-06,0.005615546356505515,0
0.7638048764523462,0.22887502669874912,1.8821809341339083e-05,2.1260100054457428e-07,1.2423252736363496e-06,9.837635113758866e-06,0.007289982478175281,0
0.9718764902455531,0.009196650428041448,1.3829183160683727e-05,1.3129995278730747e-07,5.850927727746855e-06,5.913809408424764e-06,0.018901134106155768,0
0.9191313997379447,0.02549351369826552,1.1923600444214e-05,1.2864522608801397e-07,5.366420833534719e-06,5.794239314165021e-06,0.05535187365797162,0
0.8675484991665955,0.03195626484006818,1.5962883766984854e-05,1.8958752965514952e-07,7.972643016153704e-06,8.144133080983403e-06,0.1004629667459426,0
0.8960156436572873,0.03405190137627268,1.6175836745760635e-05,1.9397297245453314e-07,1.0838869352984184e-06,8.736630631847612e-06,0.06990626463915452,0
0.9627192200905517,0.009430318914045919,1.5344989770362282e-05,1.9402892971775693e-07,1.257701122838005e-05,9.236801717114734e-06,0.027813108163756765,0
0.9132962358164096,0.011332324756539931,2.1495067321847787e-05,2.3625445666497114e-07,1.5933590706427194e-05,1.1246959791889748e-05,0.07532252755477335,0
0.9156175459110746,0.005802186141958881,2.011131981191143e-05,2.2199832668088727e-07,1.583242775184391e-05,9.69879585158677e-06,0.07853440340522429,0
0.9028692562756248,0.0358775746147121,2.1756351147994233e-05,2.4015696606226254e-07,1.6510256571388057e-05,1.2523337391481266e-05,0.061202139007586184,0
0.8031275684599039,0.18238467643996847,2.2692982973543473e-05,2.672246139486853e-07,1.3007385961225971e-05,1.2270121490525115e-05,0.01443951738508844,0
0.721860802410459,0.27387278814118526,1.534100818936455e-05,2.062630534180988e-07,1.3119016267398926e-05,9.470956612300478e-06,0.004228272204233139,0
0.7090369368775005,0.28704481133248655,1.6078840220869915e-05,2.1618335890580997e-07,1.3853227083101014e-05,9.926466124536928e-06,0.0038781770732256864,0
0.5723199272488498,0.4275817997458914,1.7889647452462287e-05,2.683794842921747e-07,1.1752511864731917e-05,9.378171917852603e-06,5.898429453946318e-05,0
0.5677902972371613,0.4321605244608809,1.6989630828869335e-05,2.210268860287347e-07,1.3126512788604874e-05,1.0031469132309574e-05,8.809662321959541e-06,1
0.6672973174640473,0.33265387595530443,1.4046327327122566e-05,2.0711100463098692e-07,1.5930802297509845e-05,1.140348067610542e-05,7.218859342924617e-06,0
0.6798271636173459,0.32009668751853343,1.641530989451926e-05,2.0951817360854738e-07,3.447935673259366e-05,1.153601880448078e-05,1.3508660515500476e-05,0
0.4600953445293895,0.5378294569712749,1.4884349592756568e-05,2.644312004528823e-07,0.0020255487604700154,1.0816312397035177e-05,2.3684645675308954e-05,0
0.3701967952055771,0.6136441250926236,2.143990896072321e-05,4.402595717320771e-07,0.016101078902025515,1.624542642889427e-05,1.98752048125036e-05,0
0.43949667978457624,0.5386694697824086,3.960360686131079e-05,3.793412719536595e-07,0.021711097489512443,6.56449038142839e-05,1.7125091555085632e-05,0
0.3974384420341613,0.6024633473676136,2.6921118926092852e-05,2.655025546634572e-07,4.317031402016451e-05,2.304733891675789e-05,4.806323807382015e-06,0
0.3957937307919847,0.6041072481857798,2.831338451033256e-05,2.633356090532832e-07,4.281797193978639e-05,2.2859234022794954e-05,4.767096153664398e-06,1
0.46402474235506347,0.5358804414677351,2.2235989958472287e-05,2.508790617011322e-07,4.600978452163876e-05,2.1777925148303806e-05,4.541598511382521e-06,1
0.42009187657747693,0.5795112980604505,2.4046422312409167e-05,2.7130538726960546e-07,0.0003461855874412233,2.1410675952420495e-05,4.911370979302963e-06,1
0.20329359699852564,0.7937485269649737,2.758382076070579e-05,2.2793032039884288e-07,0.0029088209003512344,1.6723409703339772e-05,4.519975365005323e-06,1
0.19673873221588759,0.8003189220349072,2.7438638633521453e-05,2.2673065306296568e-07,0.002893510881859787,1.667331271345434e-05,4.4961853453410755e-06,1
0.22008179788618576,0.7779684239681719,2.3614770171854475e-05,1.4733518744113468e-07,0.0019088386129631773,1.376376856641765e-05,3.413658753415428e-06,0
0.3004635552123062,0.698126608181309,2.69381261337783e-05,1.6044688744102975e-07,0.0013645093680446036,1.4606094734353073e-05,3.6225705846866518e-06,0
0.3011426520514763,0.697068129983352,2.627820894620771e-05,1.7820146453117334e-07,0.0017447303071213712,1.468103088245179e-05,3.3502167570819024e-06,0
0.4602159503325549,0.5397285300313109,2.163562465855805e-05,1.7379778721694991e-07,1.711333741769452e-05,1.31503768521774e-05,3.446499418499649e-06,1
0.3750955150890895,0.6236352360906646,1.853864350424448e-05,2.388191060888918e-07,0.0012309520355529694,1.3025541854570734e-05,6.493780227781915e-06,1
0.22607879730236594,0.7727397355334666,1.4149075679954634e-05,1.6775214209372866e-07,0.0011522998911077387,9.894258024240485e-06,4.9561872135274035e-06,1
0.2752492707852037,0.7233005011556105,1.6848623489506354e-05,1.9882157872554522e-07,0.0014144445031926275,1.272507668118765e-05,6.0110342436254995e-06,1
0.2988609280652292,0.7010909544496169,1.54205131762568e-05,1.4938548081346787e-07,1.6865225815277456e-05,1.1047655234919358e-05,4.634705446594611e-06,0
0.18767213122680348,0.812283332446083,1.822804433661713e-05,1.5531920200423096e-07,1.1725505437417118e-05,1.030523369442888e-05,4.122224443040209e-06,1
0.16105273873283196,0.8388968511466476,2.6418154746659524e-05,1.799529835185079e-07,1.2412526294629885e-05,7.61294987924802e-06,3.78653661649336e-06,1
0.11470213774642435,0.8852509943083394,1.890979830187514e-05,2.486876721612287e-07,1.3752427488470116e-05,6.841234726106998e-06,7.115797047690669e-06,1
0.10713332542945045,0.8928150563122739,1.9289480902859002e-05,6.192611920568196e-182,1.4372990190177611e-05,6.978597259185517e-06,1.0977189923314036e-05,1
0.12281010260435925,0.8771313941134387,1.949036757521847e-05,1.3813609189283445e-07,1.4713149295012979e-05,6.9139889476070745e-06,1.7247640292100623e-05,1
0.26779527533730085,0.7321537965129897,2.177398022205512e-05,1.7604189515650252e-07,1.4344115553211404e-05,8.938776943471837e-06,5.695235095715339e-06,1
0.3422539062544946,0.6576824693658746,2.5256125551775512e-05,1.9522581149423396e-07,1.730627680336649e-05,1.4231009787555387e-05,6.635741676624265e-06,1
0.45854389497480885,0.5413757359921219,3.603299820072579e-05,1.955024790860851e-07,2.0213359177306046e-05,1.4344883036135155e-05,9.582290175988051e-06,1
0.8811610013879417,0.11870951696521996,2.3772298020100363e-05,1.1240464973274538e-07,9.119455284558296e-05,8.53896963238086e-06,5.863421690419122e-06,0
0.9038530756205184,0.09576779222950557,1.4706295862510783e-05,8.506024006985678e-08,0.0003539835928011828,6.0083082963933606e-06,4.348892775996794e-06,1
0.5225325353330675,0.47545156311243697,2.9457709455496113e-05,2.0518651649492772e-07,0.0019575143204229053,1.4493538324745586e-05,1.4230799775740197e-05,1
0.41901475774420294,0.5789348149120598,2.3212050972270137e-05,2.1232709683279803e-07,0.001996313907728004,1.4287171127352781e-05,1.640188681271451e-05,1
0.3795497685750456,0.6185066480893014,1.905215011249299e-05,2.216380187190094e-07,0.0018944794202410905,1.4271955451253947e-05,1.5558171829364748e-05,1
0.4406405751098979,0.5576033925448588,2.441914287932711e-05,1.9799920924017113e-07,0.001702650531555365,1.5343358297899503e-05,1.3421313301458621e-05,1
0.4045126271346432,0.5936179588087687,2.5996329910635672e-05,2.1078760998651024e-07,0.0018126215633188579,1.6297204778015257e-05,1.4288170970738654e-05,0
0.2105157300674118,0.7886267685540553,3.745655609666026e-05,2.4969186330782505e-07,2.8117417392585188e-05,2.5598835151592814e-05,0.0007660788780284334,1
0.24719832857533303,0.751740711733612,3.97150650269048e-05,2.8709792267054575e-07,3.375995387364485e-05,2.576238295691937e-05,0.0009614351912745041,1
0.3048729402820193,0.6949861236140396,3.615205541551212e-05,2.8559532231423894e-07,2.7689924303778503e-05,2.3153511611306275e-05,5.3655017288364425e-05,1
0.34179188423316753,0.6580656677770972,3.651899406239645e-05,2.8849407758339344e-07,2.8052376146039743e-05,2.3388516734075258e-05,5.419960871521591e-05,1
0.39329825590818146,0.6066081054220281,3.1734141280252774e-05,2.6077978380397963e-07,2.0720598843813403e-05,2.254785476769961e-05,1.8375295114821895e-05,1
0.3425505074642967,0.6573546945738883,3.882141991652991e-05,2.99161232707361e-07,2.5922636648716856e-05,2.46106000551968e-05,5.144143961777683e-06,1
0.1671504367135991,0.8327846314168685,2.6736403571899138e-05,2.1778626743524481e-07,1.8228153159485907e-05,1.618121523854775e-05,3.5683112948059043e-06,1
0.11196685801398461,0.8879872670355327,2.002888629821528e-05,1.5977016062689528e-07,9.650131794468248e-06,1.3118873041694065e-05,2.917289187667256e-06,1
0.15896884184839233,0.8409715180689002,2.1874021725896314e-05,2.0582352790500135e-07,1.1480834919427725e-05,1.8508557267254917e-05,7.570845266823765e-06,1
0.11579743640990416,0.8840260504652165,2.8346761057302864e-05,2.535180073359276e-07,2.7027142077257237e-05,2.087319906147999e-05,0.00010001250467605953,1
0.0928552795744093,0.9070304096999929,2.363678996266869e-05,1.7697367212863758e-07,1.667038501952181e-05,1.293585622474795e-05,6.089072071868897e-05,1
0.2665205815299475,0.7333571619769402,4.263999235427172e-05,4.066382964518182e-07,3.446371547687208e-05,3.6928727079166327e-05,7.817419905604553e-06,1
0.2276983626730601,0.7721908775847454,3.9052369838306415e-05,2.8687863452941667e-07,3.082584885865322e-05,2.926126181140148e-05,1.1333383051650269e-05,1
0.35198573377865955,0.6479246962172738,2.064897223660885e-05,2.4822885838295665e-07,2.8717073118206808e-05,2.8269605561851423e-05,1.1686124291615472e-05,1
0.0026004351464549032,0.03427627959705319,6.470357354004906e-07,5.006507373218643e-09,0.9631220841263878,4.00976737945059e-07,1.4811112358119212e-07,4
0.09686416628187691,0.8958265872672768,2.2333484087357955e-05,1.873063489248274e-07,0.007263490650158321,1.8435629860292218e-05,4.799380390967951e-06,1
0.1521693280527247,0.8433190503342545,0.0016664623802552434,2.269938439248275e-07,0.002534338501105058,0.00030350989411969233,7.083843696722403e-06,1
0.15130718377765082,0.8434815639901444,0.0018481171109219956,2.4670144115375574e-07,0.002959794462975477,0.0003953950941186849,7.698862747432514e-06,1
0.09920533993036737,0.7426385273751274,0.0008009268765110806,1.665355032098249e-07,0.1571843376890851,0.00016649751024311725,4.204083163003176e-06,1
0.1221416081568035,0.8655036076927639,0.001030739627885842,1.880635536212999e-07,0.011060981919623791,0.0002587915427190891,4.082996650244609e-06,1
0.1314985685100287,0.8549895635609428,0.0008955164751386338,1.8091631637068892e-07,0.012414240535912766,0.0001980021767339978,3.927824926692518e-06,1
0.15033287229506062,0.8316948200096442,0.0010425114023019913,1.8047381252831116e-07,0.01667877332794704,0.0002462865442913631,4.555946942180331e-06,1
0.16008789431379133,0.8161611583239826,0.001176636695401907,1.815778864818119e-07,0.022324861899981247,0.0002447436841587202,4.523504797777077e-06,1
0.22802145036028126,0.7113353188045897,0.000774984001000064,1.9275389895945366e-07,0.05950033244595009,0.00036178895791162967,5.932676368303101e-06,0
0.2578959373965177,0.6030469309892506,0.0012803349949011336,2.3730162523404874e-07,0.13718464506449557,0.0005846104645351271,7.30378867450096e-06,0
0.24590432923696043,0.5957473315984085,0.001337016952699503,2.566186340005434e-07,0.15634767709863953,0.0006588136630441753,4.574831613886328e-06,1
0.0005043500757337355,0.03392103079231858,0.4751905014726011,0.00034026039758697175,0.000108044897997833,0.4899190525199493,1.675984381241894e-05,5
0.00024815412291123983,0.016629228157547686,0.22716671557343476,5.516425986156421e-05,4.0122919649040026e-05,0.755856628195098,3.986771497681451e-06,5
0.0009838573833091955,0.08854056643605947,0.4596241788061166,0.0019289315457786745,0.00016600788177503447,0.448728201404077,2.8256542883940254e-05,5
0.0011284159331382507,0.41577750277943676,0.12526612762899342,0.0001302854425734556,0.00028700639704007906,0.4573858710715019,2.479074731610195e-05,1
0.0010422996702121987,0.6036464830161209,0.07735141083503654,0.00012749174043523562,0.0002697988570366418,0.3175427140854354,1.980179572309864e-05,1
0.001612775827298069,0.5324797600612807,0.42738415904177396,0.00012700976386436456,0.0016015511963950264,0.03679170408157763,3.040027810325396e-06,1
0.000901923497213905,0.10971132886080827,0.8728428186683974,0.00020191055256897037,0.0005408910971080516,0.015797941781231117,3.1855426720964457e-06,2
0.00027209214700327987,0.057498908772325955,0.9274092962499665,0.00014091959462020194,0.00012453728450333845,0.014548501141268634,5.74481031222302e-06,2
0.00023264284953848047,0.09756434221935899,0.16891224641831173,3.840069168382731e-05,0.00015913936983969932,0.7330920575685205,1.1708827468617073e-06,5
0.0002518741222428337,0.05539266841820148,0.08750793074941267,0.0001877297958131306,0.00013619465249587565,0.8565223679772164,1.2342846177404042e-06,5
0.00024389272924564456,0.05965871117903055,0.13949924063418268,0.0002523687826564675,6.528327482703556e-05,0.8002787505595544,1.7528405031594222e-06,5
0.00040752881966903885,0.013940312387683972,0.22236205880713278,0.002939798162309435,8.082254797102914e-05,0.7602625029369746,6.976338259169346e-06,5
0.00016056998835718475,0.004837323148633223,0.08500477400750239,0.17313895588634462,4.7122204415116684e-05,0.7368097795455801,1.4752191672881306e-06,5
0.6504298202652704,0.34540628173154203,1.6405122297841894e-05,1.6084288532342628e-07,1.0280009019820833e-05,6.874797568022418e-06,0.004130177231416704,0
0.6386348187177918,0.3612108956662207,1.6499263332069606e-05,2.1774338777060614e-07,1.3273648396513249e-05,6.838309211937682e-06,0.00011745665165915908,0
0.7692287310381307,0.2307330259103778,1.1716883090246248e-05,2.0189404063178232e-07,1.0357838899762068e-05,7.932193225812215e-06,8.034242235046549e-06,0
0.7913671276788251,0.20859832995974062,1.0057916721514863e-05,1.8807703924028364e-07,8.680482684465797e-06,7.560334096992493e-06,8.055550891909015e-06,0
0.9781436637564136,0.007053313048089687,1.0162924749623399e-05,9.649098752268857e-08,3.4303548196780197e-06,4.375610526420599e-06,0.014784957814413715,0
0.9300167658900581,0.026710933644346978,1.4115014082653247e-05,1.3671209210317574e-07,6.092100975089426e-06,6.199531009618682e-06,0.04324575710743544,0
0.8523365692734023,0.07519940828486676,1.3224531990287887e-05,1.548377635371863e-07,7.488116794560721e-07,6.224179346404332e-06,0.07244367008095139,0
0.9360949053388926,0.009839547015749985,1.70767599527864e-05,1.6604957295574236e-07,1.2289654759356016e-05,7.904836576869515e-06,0.054028110344495464,0
0.9349232321825944,0.0077755406047174775,1.6275738208895396e-05,2.0579773022317365e-07,1.3186402100709317e-05,9.652281537036075e-06,0.057261906993111296,0
0.9092805171679124,0.009530578964966056,1.571377017805708e-05,1.9869195451456074e-07,1.3390805812195013e-05,9.319007950373162e-06,0.08115028159122645,0
0.8988491548759887,0.04542962862902747,2.180873140941542e-05,2.407351643354421e-07,1.5739290663635284e-05,1.2220996003332817e-05,0.05567120674174314,0
0.8962083766497843,0.040168669687183564,2.129335135217249e-05,2.400278952939015e-07,1.569304933843076e-05,1.2268117866683697e-05,0.06357345911657959,0
0.8205401612585193,0.16219160029204818,1.849566290391368e-05,2.633345559147435e-07,1.3414098304270756e-05,1.3368261193820543e-05,0.017222697092474835,0
0.8001524828215759,0.1843622249459871,1.871760251097008e-05,2.5498035712112433e-07,1.3222061741431217e-05,1.1707903375152647e-05,0.015441389684452298,0
0.64022676915538,0.35410346601237047,1.5124434980450708e-05,2.2600686617599779e-07,1.405614149415112e-05,9.647571386242827e-06,0.0056307106775226245,0
0.6833078489078246,0.31346762613750423,1.5742048303840585e-05,2.149700250447067e-07,1.4381309441519072e-05,9.870753614883292e-06,0.003184315873285897,0
0.6626418723826895,0.33609004344197646,1.5296902532566377e-05,2.125053834110898e-07,1.230363494930604e-05,9.184791916363335e-06,0.0012310863405526418,0
0.666555706327129,0.3321199744722998,1.5911882882019985e-05,2.210487231279181e-07,1.1925762673046364e-05,9.554047491494216e-06,0.0012867064588015032,0
0.5715087658089129,0.42844692433488357,1.7155387881480506e-05,1.382779649273626e-07,1.1196885554958542e-05,1.006078776494852e-05,5.758517037367055e-06,0
0.5483178429279717,0.4516388100675427,1.6741281302482513e-05,1.3494013220667608e-07,1.1033333688839914e-05,9.81793470722983e-06,5.619514654738329e-06,0
0.5757363144329181,0.42421491527182525,1.7152984897447274e-05,2.2315204351223662e-07,1.237187074858587e-05,1.0127920980680067e-05,8.894366586436232e-06,0
0.5843734109927621,0.4155745649052798,1.657326673481115e-05,2.3169707259099602e-07,1.88408636224193e-05,1.0444576359729898e-05,5.9336981685828795e-06,0
0.5480971812423786,0.45185362744156804,1.4415954816872418e-05,2.151192974921053e-07,1.5845064340878512e-06,1.0804198143775464e-05,2.2171537361287796e-05,0
0.643077173256057,0.356882006509823,1.3484145624353173e-05,1.853461289464055e-07,1.2794755200149076e-05,1.0205112005502066e-05,4.15087516112144e-06,0
0.6781462150942328,0.3217320846854447,1.5955844242670797e-05,2.1058861713669528e-07,8.499369923343776e-05,1.1594957160314867e-05,8.945131068855813e-06,0
0.17403686112835526,0.8259185035920271,1.9049761829631467e-05,1.6031475370828913e-07,8.162153993953303e-06,1.408392510403385e-05,3.1791239363871895e-06,1
0.2954232124305327,0.7045067456357008,2.3141479695080327e-05,1.9947309461074847e-07,1.972646263196363e-05,2.2143753544016876e-05,4.830764800912756e-06,1
0.3562192605292864,0.6436894202428384,2.9614600435834778e-05,2.783075924740889e-07,3.7561552165718186e-05,1.950802263056193e-05,4.3567450507333195e-06,0
0.24944946594768747,0.7501664085139026,2.671811526834583e-05,2.171906998849801e-07,0.00033574313580534044,1.7140093464106773e-05,4.307003172156109e-06,1
0.20321645683382525,0.7937932588422681,2.6038769161248406e-05,1.6583759459617156e-07,0.0029459887006559773,1.4248669216559167e-05,3.842347278139249e-06,0
0.23420579049633775,0.7632798313633056,2.6114855775966896e-05,1.7709371117430222e-07,0.0024704146214578086,1.4159710127700722e-05,3.5118592840326547e-06,0
0.5748825481477972,0.4246508517728487,2.0361923001670266e-05,1.6493753570098027e-07,0.0004288962164504922,1.235096820594448e-05,4.826034160239682e-06,0
0.5553351832398619,0.44460238468427765,2.147516629247513e-05,1.7395513217288242e-07,2.124029955001044e-05,1.4452767937662398e-05,5.089886948094799e-06,1
0.2355983705743034,0.7642969225466956,2.909729904563294e-05,2.2674752822613318e-07,5.3758114036742224e-05,1.5634974713660353e-05,5.989743676546235e-06,1
0.36787451460611426,0.6300772912487279,2.1014440315367774e-05,1.8597353198701627e-07,0.002004785137957332,1.2151961456463075e-05,1.0056631896625868e-05,1
0.3753040739863867,0.6225621751209048,2.0379773450926992e-05,1.8076247041069594e-07,0.0020916040581566517,1.1811458059306959e-05,9.774840571248646e-06,1
0.48414643784945377,0.5140677113599166,1.9797620668605975e-05,1.9934967106460505e-07,0.0017433608331801308,1.1852470078317078e-05,1.0640517031558053e-05,1
0.5543951838937375,0.443673373085799,2.3347842168536783e-05,2.401882619360181e-07,0.001881109071852405,1.3925594583999503e-05,1.2820323596532397e-05,1
0.3662687386823581,0.6325498279628674,1.621504367429715e-05,2.0888595406677807e-07,0.0011479366193614246,1.1392944149602576e-05,5.679861635003822e-06,1
0.3070303258782488,0.6929208222405249,1.5655869705745397e-05,1.516654858897177e-07,1.7122632360154105e-05,1.1216270751495072e-05,4.705442923139291e-06,0
0.19133214857245603,0.8086221509297189,2.089377877207552e-05,1.5186044413252445e-07,1.1464393587059433e-05,9.160037188882316e-06,4.030427832850839e-06,1
0.12358759785161219,0.8763602746566765,1.7336438119382212e-05,1.7196434139325528e-07,1.4750875231837183e-05,6.7309283436215835e-06,1.3137285675158645e-05,1
0.12632974182497206,0.8736266524041834,1.8613587006027793e-05,1.368210209157832e-07,1.1538119026253889e-05,6.384349049979944e-06,6.932894741392565e-06,1
0.19922047236753612,0.8007347417902128,1.8422164566714355e-05,1.5518421623838362e-07,1.3285010450271225e-05,8.278777779371718e-06,4.644705238454638e-06,1
0.29368330228451006,0.7062577408938955,2.533885358777677e-05,2.4531598829780575e-07,1.671837573351961e-05,1.0234333913683254e-05,6.4199423709423406e-06,1
0.2646385104261183,0.7353196974534897,1.7708938391609413e-05,1.4557975471476464e-07,1.2504018364753727e-05,6.796610580404335e-06,4.636973300594493e-06,1
0.2931794072158349,0.7067651869127699,2.1881418813426928e-05,1.6865612908697953e-07,1.5459519858988135e-05,1.22942094869402e-05,5.602067106851728e-06,1
0.4022683601766229,0.5976663207118788,2.7954132552232317e-05,2.1422535351484612e-07,1.6267822671707746e-05,1.4136428740038978e-05,6.746502180914035e-06,1
0.87120434802314,0.12868080536709012,2.1985920679378656e-05,1.1928793640385923e-07,7.783695021363167e-05,8.681972819020393e-06,6.222478121489734e-06,0
0.3780725437560899,0.6216543484075867,1.952842758296555e-05,2.271786634385164e-07,0.0002227763907647137,1.4628734649448644e-05,1.594710466268356e-05,1
0.4432264286185224,0.5565156122418601,2.4854271494856408e-05,2.0152738884165538e-07,0.00020362610684718344,1.561676405528942e-05,1.3660469831411712e-05,1
0.35441104333008994,0.6441269838366099,2.6802293186149087e-05,2.1732265063133862e-07,0.0014090570608362451,1.6457255844206465e-05,9.438900782937175e-06,0
0.38627813646173637,0.6114784763753028,2.33650654214313e-05,2.07953443551539e-07,0.0021956151979181633,1.2260665070831342e-05,1.1938281106787553e-05,0
0.3080713835533168,0.6909451270811948,5.7984761661955666e-05,3.1521265935607e-07,4.8063949248004166e-05,3.5413480271855e-05,0.0008417119616471854,0
0.2703011634147867,0.7281237851299706,4.325854658148842e-05,3.1711304286468187e-07,2.8179824500986957e-05,2.932001216867476e-05,0.001473975958948786,1
0.320748101505468,0.6788303230637404,3.8569632877218496e-05,2.788176594879923e-07,3.139722858562962e-05,2.5019363609691932e-05,0.00032631038805955233,1
0.14559968902130402,0.8543439248864082,2.048164132304004e-05,1.4273763248358683e-93,1.1286906449566923e-05,1.7582262589348827e-05,7.035281925871511e-06,1
0.16551285768436189,0.8344326546377567,2.073829007033368e-05,1.471059950181736e-50,1.0512786018616678e-05,1.6595970168631296e-05,6.640631623850562e-06,1
0.16263360906584828,0.8372836412107165,2.879067051444588e-05,2.870241818044403e-07,2.5080646121791175e-05,2.290252784648592e-05,5.688854770495336e-06,1
0.09122061554956887,0.9087018131545407,2.7409449272870667e-05,1.8081184859776425e-07,2.1249934576860257e-05,1.3216406989009338e-05,1.551469320325916e-05,1
0.2862282684547403,0.7136082744636161,5.060138457146789e-05,4.918748257381758e-07,5.004178498261562e-05,4.5211078883031154e-05,1.711095838067681e-05,1
0.28647804206145927,0.7134064788747976,3.8114154629553575e-05,3.789307980343178e-07,3.432030251943394e-05,3.4829735747156845e-05,7.835940048822994e-06,1
0.5685121276160546,0.43142156553578637,2.5866067726660186e-05,2.991027953292243e-07,1.8948540077124328e-05,1.8473761725922014e-05,2.7193758338927266e-06,1
0.29421562021115233,0.7057290917330648,2.6675699503114748e-05,1.884044677917425e-07,1.0409315840588024e-05,1.4118605028063576e-05,3.896030943393506e-06,1
0.23901545849387912,0.7609290222924345,2.7663492923941078e-05,1.8142407772379107e-07,1.002365043806621e-05,1.3595510371836196e-05,4.055135875002513e-06,1
0.19098950169169604,0.8089447230068809,2.473137984983246e-05,1.572455698982514e-07,1.0281353322655713e-05,1.3190572075810804e-05,1.7414750604837945e-05,1
0.1802850016082322,0.8195258349704962,4.913206468607222e-05,2.676695939464272e-07,4.043474923509342e-05,2.709482875438541e-05,7.223410900208335e-05,1
0.40275509428732204,0.5971467384560799,2.4830394259071175e-05,2.984952640500136e-07,2.7446519413715104e-05,3.399420773130361e-05,1.1597639930129489e-05,1
0.1668945718140931,0.8330516824905116,1.3836830979368284e-05,1.4134708069910092e-07,2.0027725641413954e-05,1.2585716443594865e-05,7.154075250406849e-06,1
0.14993197472366193,0.8500014807809383,1.5612056004861026e-05,1.6196505456950786e-07,1.6441392382136e-05,1.7272369520010168e-05,1.705671243822325e-05,1
0.14381692272132032,0.856116996848272,1.6519929195698953e-05,1.5699506716759747e-07,2.3806070253303807e-05,1.5389244182608555e-05,1.0208191708913573e-05,1
0.12303451831996046,0.8768956251416902,1.6975939822038622e-05,1.6132870674094222e-07,2.8874120070683215e-05,1.5187731327503739e-05,8.657418422285163e-06,1
0.134852227764537,0.8650722225169146,1.8359447890762078e-05,1.744767014813012e-07,3.122730808347407e-05,1.6425503672215205e-05,9.362982200615538e-06,1
0.08636479011294258,0.9135376641369358,1.570292050290751e-05,1.5039537505801787e-07,5.988350549579749e-05,1.3890797660678958e-05,7.918131087163718e-06,1
0.1323073785723179,0.8668241332377139,1.8302617142019215e-05,8.647994941438194e-08,0.0008224011658805497,1.8791537750472942e-05,8.906389245671395e-06,1
0.09713645317069143,0.8808980978528336,1.8209134278555317e-05,8.182482488445293e-08,0.021921868345175455,1.610779343834236e-05,9.181878757819028e-06,1
0.10560210353135858,0.8357969947446929,1.7476734936497903e-05,1.6738415666547474e-07,0.058558985122108796,1.545991325163121e-05,8.812569494775295e-06,1
0.0048075777626042145,0.06852983266206247,1.62666961503076e-06,1.1504781163568849e-08,0.9266596902770913,9.20947923512263e-07,3.401759224492885e-07,4
0.013604194299026017,0.18226924310393341,4.252293240200811e-06,3.2902568274650216e-08,0.8041183874661297,2.916554660999251e-06,9.733804412101296e-07,4
0.10661503539553087,0.8902091444702648,2.4628494049995774e-05,2.0518832401812535e-07,0.003128318285311821,1.409726099349817e-05,8.570905525141516e-06,1
0.13387326801299143,0.8621673368169324,0.0013300043318932332,2.029545081233902e-07,0.0023627440831739044,0.0002601101573138747,6.33364318711387e-06,1
0.11386983667337248,0.7817975585461479,0.0008998943587525054,1.9915065651570617e-07,0.10327443127715913,0.0001530525618874903,5.0274320239320295e-06,0
0.10593976413237204,0.7297053736574409,0.0009688719028593726,1.7774841482493926e-07,0.16318416521211196,0.00019716020079521232,4.487146005584864e-06,0
0.13950706593108253,0.8465910625727725,0.000979125380546657,1.8370622617696545e-07,0.012687805263687919,0.00023011959850927676,4.637547174768858e-06,0
0.00038649800022425127,0.03945482996855951,0.7159416574802631,0.03320815293057348,0.00013732689632518292,0.21086861652503644,2.9181990179186547e-06,2
0.0005179402700568908,0.0292040434266243,0.3599639377913708,0.0005546349771689464,6.639732630601963e-05,0.6096750192447752,1.8026963697787962e-05,5
0.00033758109362146534,0.02473890048752864,0.17466899973825264,0.00019906256454512526,0.00010304803411553575,0.7999480138497427,4.394232193920631e-06,5
0.00025999158457762117,0.01742247651686223,0.2002188101065751,0.0001295680177540392,3.874232971077858e-05,0.7819269641920966,3.44725242368943e-06,5
0.0002556838117004009,0.01777708494827392,0.26718255282007886,6.284201595364818e-05,3.646174525058137e-05,0.7146800845120789,5.2901466636259115e-06,5
0.0004286917541635824,0.04049898685611675,0.1756311865012965,0.0009659684227527125,0.00011994033950229114,0.782352474942061,2.751184107241808e-06,5
0.0003620246398024794,0.22591298424842016,0.055990125175624794,0.00023020667063926574,9.429072287343168e-05,0.7174076050009212,2.7635417187817536e-06,1
0.0008534003891529882,0.3001849793625942,0.196656314080843,7.766783033377369e-05,0.0001792357688508561,0.5020320062209458,1.6396347279406858e-05,1
0.0007680795151376352,0.6126393682732232,0.1179426824163539,8.482323807480116e-05,0.00021092758559231004,0.26833863801292124,1.5480958696937982e-05,1
0.00027160107689109316,0.028090436433312715,0.9393777757348153,8.53701191563245e-05,4.520404097308473e-05,0.03212097055654408,8.642038307385799e-06,2
0.0003259416422084135,0.04548292571514426,0.8149010103868604,0.005905557093677675,0.00013793803894085582,0.1332436711097626,2.95601340581523e-06,2
0.000293350647445867,0.11541858360372001,0.20569142130426982,3.042000849899097e-09,0.00020300148527882192,0.6783922046592165,1.4352580681129055e-06,5
0.00017273403862116854,0.016133772204806707,0.4283570409082336,0.0003151778914626715,8.913122478067814e-05,0.5549300857847214,2.0579473736578685e-06,5
0.0003994346668953753,0.011173143586136667,0.24508639434352153,0.0007521888033784076,9.803866642712605e-05,0.7424852084069299,5.591526710981258e-06,5
0.6402975444016789,0.35965098322534295,1.644494165100901e-05,2.1827362136012867e-07,1.2713600808951706e-05,7.359126971660231e-06,1.4736429925240461e-05,0
0.5979351335999723,0.402013268424806,1.6528512879212053e-05,2.366094228108192e-07,1.1810790942205488e-05,7.977321191199725e-06,1.5044740786215388e-05,0
0.7747606345129804,0.22520074405894971,1.163797516614023e-05,2.0053437530842582e-07,1.2270599947176295e-05,7.878773481308858e-06,6.633545100027538e-06,0
0.7846085760288533,0.21535400191016554,9.977187393754944e-06,1.8656744899755818e-07,1.1767761210681862e-05,7.499651481875486e-06,7.99089344581498e-06,0
0.8646214171949134,0.13533417241287266,1.4449631364237873e-05,1.7328359211917953e-07,7.775066960780107e-06,7.857951599410964e-06,1.4154458697326338e-05,0
0.7990552898111334,0.18351912182187358,2.498744726718799e-05,2.2105693929572923e-07,9.887525276439778e-06,1.0228914739748748e-05,0.017380263422770076,0
0.8385783770095807,0.15324234130086845,2.0812252690326166e-05,2.3508397441003158e-07,9.848448052699537e-06,1.0877984371730363e-05,0.008137507920461725,0
0.8501651038453298,0.1417373655013902,2.0391399092596337e-05,2.3033023929681746e-07,1.3373587502559572e-06,1.065801592684311e-05,0.008064913549270842,0
0.8529242548702848,0.033956023760811506,1.7801234192951383e-05,1.704889526928823e-07,7.733451961596324e-06,7.73122210886263e-06,0.1130862849716877,0
0.8459459845393634,0.019469024600190673,1.6152902593476356e-05,1.7970930709263474e-07,9.082632664350442e-06,7.002775709370869e-06,0.13455257284017177,0
0.8272770484109292,0.01903936835335384,1.5796428879648595e-05,1.8904053997002404e-07,8.882190683198276e-06,6.848233487019423e-06,0.15365186734212713,0
0.8922525340531622,0.03066462736573968,1.9555392062746372e-05,2.0707244561528e-07,8.843615306802022e-06,9.326636842656555e-06,0.0770449058644403,0
0.8688926633569523,0.00925972827942895,2.1014307985068894e-05,2.1216680528395104e-07,1.2978653962860217e-05,1.0100260379791172e-05,0.1218033029744857,0
0.8760569948238154,0.009431284076754023,2.137623795670759e-05,2.158209596759802e-07,1.3989576900274728e-05,1.0274217426361475e-05,0.11446586524618763,0
0.8636842781341493,0.010575847247305715,1.734679049923805e-05,2.1934059552819439e-07,1.4782416976194263e-05,1.0287466136013244e-05,0.12569723860433796,0
0.8226345949535726,0.14832526332581822,1.7206367099540955e-05,2.45579688133701e-07,1.2305408659630487e-05,1.2466929771006557e-05,0.028997917435390878,0
0.825485544933568,0.1620182536143447,1.8430630036960443e-05,2.630531099563208e-07,1.3417940512134355e-05,1.3353973501606847e-05,0.01245073585492664,0
0.6851704317566468,0.3083679739121297,1.748429272990324e-05,2.612706003428801e-07,1.513886867325173e-05,1.0706940816692234e-05,0.006418002958403222,0
0.6202558439610512,0.37424857824163577,1.4544221184202115e-05,2.1733663803380802e-07,1.2850994438022555e-05,8.906514998905264e-06,0.005459058730053892,0
0.6374213751264162,0.3608656020472366,1.5950843594654108e-05,2.504279186812378e-07,1.209409767742138e-05,9.19449689178868e-06,0.001675532960264827,0
0.6280763431020648,0.3718759197545942,1.575174709484365e-05,2.2021208905080638e-07,1.295161887456358e-05,9.926849544132604e-06,8.886715738658924e-06,0
0.5723698495470363,0.42759208139467864,1.4545309618835613e-05,2.0990689027439571e-07,1.2991104717051665e-06,1.203998536354892e-05,9.974745940736837e-06,0
0.5163853542015888,0.4816047653603779,1.6622019216847668e-05,2.9530215398870427e-07,0.0019736266893465317,1.186169693796858e-05,7.4747303779380654e-06,0
0.4535051554973989,0.5399991445207509,1.979551201093555e-05,4.0649256748792166e-07,0.006437118877434884,1.4999435612580075e-05,2.3379664224258506e-05,0
0.4021624669159776,0.581148388782301,2.0304551186378312e-05,4.169454742509977e-07,0.016634214954305934,1.5385144268770256e-05,1.88227064860456e-05,0
0.4366133653686881,0.5446359866193113,3.433716175716347e-05,3.90749615964632e-07,0.01863817114023668,6.0108847270348886e-05,1.7640113120426096e-05,0
0.23403785332382837,0.7658898522566486,2.3510002344932883e-05,2.0264965697274254e-07,2.240237043710121e-05,2.216075026403157e-05,4.018646819961323e-06,1
0.24645892857240995,0.7534621857281619,2.6360269901410993e-05,2.2721816760606103e-07,2.5804776921043164e-05,2.198758142903771e-05,4.50585300921755e-06,0
0.2823190142809505,0.7154266485273035,2.697029192273442e-05,1.8289471437352808e-07,0.0022091220191700484,1.4623535314977171e-05,3.438450623781007e-06,0
0.40742752199883703,0.5925179900042581,2.1020804389759034e-05,1.797263252716731e-07,1.5231297607895195e-05,1.4492103207612503e-05,3.5640653742310103e-06,1
0.19454372520520904,0.8053693325399793,3.275363663939104e-05,2.167442419494385e-07,3.18267655004563e-05,1.784695874803344e-05,4.298149681902473e-06,1
0.2518195105286348,0.748074155550493,3.153433382952219e-05,2.2407154911307549e-07,5.312368334880885e-05,1.5532776907896648e-05,5.919055236868859e-06,1
0.36464655716248634,0.6333671499021456,2.3545747928517147e-05,2.0614617072825794e-07,0.0019441040539945544,1.2991447328650111e-05,5.445539945786693e-06,0
0.42247724454793445,0.5755293698746577,2.1696826091731584e-05,1.8995861288187595e-07,0.0019544822727797805,1.1998589147134992e-05,5.017930776206699e-06,0
0.27594502113862535,0.7217267121985664,2.2085350846750946e-05,2.2835854760868035e-07,0.002285573005663532,1.4347647520924729e-05,6.032300229355852e-06,1
0.3476909900972535,0.6499608351541174,2.1853090895338588e-05,1.9339541941868267e-07,0.002302649552721164,1.3020734617670457e-05,1.0457974975294042e-05,1
0.2778853932178846,0.7220616473909449,2.064217547388001e-05,1.5301932748431946e-07,1.5869422078364897e-05,1.154732824279102e-05,4.747446048062537e-06,0
0.2879306532080515,0.7120117426030369,2.2643821035809052e-05,1.6785741749745421e-07,1.7204149254760386e-05,1.2380561336348287e-05,5.2077998670980525e-06,0
0.24899193498421257,0.7509601295295932,1.8768274873729874e-05,1.391282039459951e-07,1.425961641683153e-05,1.0451994703106298e-05,4.316471996422397e-06,0
0.131203831266956,0.8687598483536265,1.5487030364514735e-05,1.626791036798868e-07,1.1051935394535256e-05,6.288917322075283e-06,3.3298172327628236e-06,1
0.13032937308204803,0.8696335035478704,1.5523585991743946e-05,1.6306309186433113e-07,1.1795282356508254e-05,6.303761699072687e-06,3.3376769421220285e-06,1
0.13529262086431512,0.8646710760359227,1.5347102849115215e-05,1.6120927491029232e-07,1.1262959713979809e-05,6.232096062303796e-06,3.299731861897755e-06,1
0.13700428060513586,0.8629599428465019,1.5124468509178186e-05,1.5895395950774227e-07,1.1099572420214209e-05,6.14168951411707e-06,3.2518639592541526e-06,1
0.20203649182266237,0.7979106757167019,2.289610407929677e-05,1.5289991322782172e-07,1.3554192456818414e-05,1.1032183335143786e-05,5.197080851104858e-06,1
0.14815869500795698,0.8517924755668372,1.7696337358814422e-05,1.4535791746841225e-07,1.2662409789131129e-05,9.73730793360233e-06,8.588012206856738e-06,1
0.22334117415506796,0.7765814557459761,2.5835144229916905e-05,1.8983401360894765e-07,1.4157265388411632e-05,1.2163543822895567e-05,2.502431150120827e-05,1
0.8134890016549168,0.18643638617703553,3.3986843769925657e-05,1.844007588910017e-07,1.2697355700604698e-05,1.3224070134027445e-05,1.451949768397108e-05,0
0.45037937021354785,0.5495193363239805,3.7391831042374634e-05,2.344939857623415e-07,1.4491637065893595e-05,1.3901025803635895e-05,3.5274474573867645e-05,1
0.44329044972429366,0.5566093085801235,3.680328783916059e-05,2.0352934570927006e-07,1.4263540332975866e-05,1.4252079742493457e-05,3.4719258322653054e-05,1
0.39098784395772435,0.6067822263714702,2.9001630988519863e-05,2.3515567400457461e-07,0.002168725933591827,1.7807702414209497e-05,1.4159248136907829e-05,0
0.42601747779699395,0.5722059463404898,2.3018095451257404e-05,1.875181625998654e-07,0.001729492264902861,1.1452819306171677e-05,1.2425164693213928e-05,0
0.3111674971426898,0.6878820961000632,5.58949460042685e-05,3.0385215131666674e-07,5.144445570306835e-05,3.1387491847690014e-05,0.0008113760115407108,0
0.2663022297050406,0.7327439570779612,5.64731957065947e-05,3.1141254807272904e-07,4.351686344473536e-05,3.063603613693409e-05,0.0008228757091620041,0
0.24967566353911658,0.7494162890914904,5.606939436080181e-05,3.091858491151938e-07,4.3205704003449894e-05,3.0214815789638878e-05,0.0007782482693900654,0
0.30953871501082225,0.6895754673128317,3.966877976038076e-05,2.8676332913883925e-07,3.145858133449685e-05,2.573235861324405e-05,0.0007886711933088629,1
0.3154886314965901,0.6841657419318873,3.0820793952077896e-05,2.665526452101663e-07,2.321704773125258e-05,2.0844758781620244e-05,0.00027047741841249,1
0.5651624547280353,0.4347684655005699,2.4105593695987975e-05,2.1655787143244116e-07,2.1337516603297286e-05,1.9268068764694682e-05,4.1520344594396905e-06,0
0.4581233005664927,0.5418180687263625,2.089360099743168e-05,2.3561583552921038e-07,1.512476602940449e-05,1.766223861743992e-05,4.714485665145564e-06,1
0.11809280085780768,0.881833447274707,2.4719678470700427e-05,2.4643904989852876e-07,2.0429000969853586e-05,1.9664117383001885e-05,8.692631612053922e-06,1
0.2939172126490689,0.7059625493848162,4.098260935907296e-05,3.306831597056533e-07,4.270467918244404e-05,2.9662377450329782e-05,6.557616963272876e-06,1
0.17509256290780564,0.8247707263175532,4.9915590019917004e-05,3.8390145908671324e-07,3.901627713211644e-05,3.881415723224504e-05,8.58084879769072e-06,1
0.3557478176844979,0.6440890929308696,5.628464516142298e-05,4.642266769453341e-07,4.4103211663224214e-05,4.2669776562533205e-05,1.9567524568368002e-05,1
0.6004895175877956,0.39944232386039985,3.2337009830664324e-05,2.165647415265069e-07,1.41938228954346e-05,1.7610544660073247e-05,3.800609676738416e-06,1
0.5786358260638312,0.4212905757829598,3.554783987518837e-05,2.830153691326962e-07,1.5603166345492813e-05,1.9396330888668257e-05,2.767800730339427e-06,1
0.6298162251744034,0.3701170261008328,2.1685732950800134e-05,1.8931254678915923e-07,1.4602552445814042e-05,1.261834143262294e-05,1.7652785387904302e-05,1
0.44680375241402714,0.5531327019376088,1.9408932894142213e-05,2.04741419780888e-07,2.0118376317477498e-05,1.6330390255268606e-05,7.483207477407198e-06,1
0.33381695770848324,0.6660854155544542,2.5566003763611644e-05,3.6872701700803297e-07,3.8609517444053584e-05,2.673998346996295e-05,6.342505367974629e-06,1
0.16098110950095695,0.8389534102138926,1.367820377735853e-05,1.5294471324104733e-07,2.0696707740835694e-05,1.485409735191621e-05,1.6098331566950552e-05,1
0.12308415097042032,0.8768479634786532,1.50411421739653e-05,1.56123991144201e-07,2.1126932389952946e-05,1.5128383086386497e-05,1.643296928501135e-05,1
0.13848028754838024,0.8614553965149773,1.491161392065342e-05,1.5477951426610922e-07,2.4284524198606085e-05,1.6497436705137298e-05,8.467582304021932e-06,1
0.11653681406302649,0.8834063861815988,1.5437981546504558e-05,1.4639429529215052e-07,1.706563019562695e-05,1.420879651434284e-05,9.940952822619868e-06,1
0.13552305305616752,0.8644081850618197,1.680212696644425e-05,1.596768981517302e-07,2.368622765443685e-05,1.77312797724078e-05,1.0382570721648451e-05,1
0.05197227926645124,0.6935431391429353,1.1743736983275872e-05,1.1734885498981167e-07,0.25445552943960753,9.705008373725405e-06,7.486056794035977e-06,4
0.004864432060125076,0.06189813316611265,1.1918995372048578e-06,1.0748873254574086e-08,0.9332347134071032,9.528033231154053e-07,5.659149254835299e-07,4
0.01113449401538243,0.1490462194224473,3.388057451820382e-06,2.6215452540543322e-08,0.839812997113879,2.0996247203572235e-06,7.755506666662648e-07,4
0.06641026355088282,0.9271876768110882,2.5735368064287134e-05,1.8364983325653214e-07,0.006353463709199876,1.7747950296005723e-05,4.9289606356724e-06,1
0.12685208781332485,0.8681589372528374,0.0002073225541651628,1.992843084897273e-07,0.004703566868085085,7.25376544301178e-05,5.348572848857316e-06,0
0.15607878977288286,0.8405432735577176,0.0008399175136616006,2.2195868365270628e-07,0.0022402859978778345,0.00029058448876460895,6.926710411788625e-06,0
0.17238400653233296,0.824525492127872,0.0013116071803939134,2.3007064448083297e-07,0.001320729687028545,0.00045293940055622515,4.995001171925458e-06,0
0.1868337232508771,0.8090643181662232,0.001175108197659982,2.1221147988068256e-07,0.0026307822825650693,0.00029124862548713694,4.60726570785241e-06,0
0.09279175670316486,0.8986195421016994,0.0016115404881083453,2.164868714387777e-07,0.006722199082313143,0.0002493519733966101,5.39316444630581e-06,0
0.21176255802199886,0.6255070802192246,0.0021194419809208187,3.445428665215968e-07,0.1594425351958102,0.0011596849739255945,8.35506525338451e-06,1
0.0007635962914104634,0.2245095206729264,0.41156088954007064,0.0007499094229449234,0.00011344615772063092,0.3622768578851531,2.578002977379242e-05,5
0.0004997361491961048,0.03527701041181439,0.40794959852011764,0.00025900252802930245,7.571986517235204e-05,0.5559227504373169,1.618208835319371e-05,5
0.00029161863358113385,0.05638493492825252,0.1194850603394082,1.5375021050115485e-05,5.2926173393836535e-05,0.8237653860999843,4.6988043298789125e-06,5
0.00039197856345313687,0.08451839894278575,0.3676320037009999,3.8644296338538436e-05,5.0538902200928525e-05,0.5473484251623003,2.001043192136757e-05,5
0.0006263874230973598,0.48343852437531626,0.31315127437096735,0.002501881698176784,0.00013409684635275592,0.20014357100754804,4.2642785414784135e-06,1
0.0003932132721389204,0.19836777024198152,0.05879950815374413,7.453163001661023e-05,9.598356935844005e-05,0.742262579749176,6.413383584303297e-06,1
0.0020580307503868496,0.7490579749388385,0.18772891945474093,7.80903574906325e-05,0.0007942187099011556,0.06027852769226914,4.238096372838784e-06,1
0.0018570297471321151,0.643257706352384,0.3218846008282873,6.510540850535817e-05,0.0016289522885893346,0.03130281348132923,3.7918937727838595e-06,1
0.00147305561393458,0.4696925286045328,0.5034989053040542,0.00010870077424806352,0.0015901365662363953,0.023633904380154048,2.7687568399887427e-06,1
0.0013666018817836694,0.4451652174111249,0.5296600174973469,0.00016912796721255612,0.0015527969127901034,0.022083651188011144,2.587141730592584e-06,1
0.0003197883851256598,0.04386689832259972,0.9393793432251539,5.698940274968624e-05,0.00016331930316751048,0.01621014486016369,3.5165010396282653e-06,2
0.0005374800779543014,0.03567629142594101,0.8910223143809052,0.00022933031543160998,9.590064903339337e-05,0.0724217364875219,1.694666321269414e-05,2
0.0005534609288261644,0.01085072496354983,0.8087419052122236,0.06280929835863534,9.562923471895536e-05,0.11694204174369618,6.939558350151845e-06,2
0.0009671024524353994,0.018492693807374665,0.6387334953921414,0.09256254645470754,0.0001837590235301753,0.2490526909261841,7.711943626856932e-06,3
0.0003257287077181991,0.05055416768713264,0.8465635407935765,0.002209034608008637,0.00015379191264568206,0.10019079054961863,2.9457412995344443e-06,2
0.00024051062947923958,0.056192737999330826,0.29032085422146114,0.00029555080455782087,7.659117539938166e-05,0.6528725332086174,1.2219611541764556e-06,5
8.146185547823892e-05,0.020148131044292927,0.2812569377873485,0.00012023969267202535,3.227379159120168e-05,0.6983599367103754,1.019118241689498e-06,5
0.7121290420728528,0.013281832652256766,7.8889693046477e-06,1.4739780046356747e-07,7.000476827464949e-06,4.969538335395825e-06,0.27456911889262253,0
0.7910033451835946,0.014075776133935926,8.499870443701846e-06,1.5790451475167913e-07,7.39455236518895e-06,5.323773739652944e-06,0.194899502581406,0
0.6598600150920271,0.3355638498041484,1.607680722827813e-05,1.6725566619609562e-07,1.5380050707261146e-05,6.84354375548676e-06,0.004537667446467258,0
0.8090373576698876,0.19092919927291063,8.845604832920868e-06,1.5377270028695778e-07,1.0433097157523722e-05,6.925992145549352e-06,7.084590365407024e-06,0
0.8612434125345998,0.1373563956127517,1.3237380789336027e-05,1.5874598012947655e-07,7.656781981115075e-06,7.3456146692140336e-06,0.0013717933292288016,0
0.8554713861361631,0.1386365960438682,1.8551788209052022e-05,2.0955098755956736e-07,1.6505768796351352e-06,9.69650259433578e-06,0.005861909401297945,0
0.8448027479465993,0.04723254498953374,2.008153103670096e-05,2.0442103973656522e-07,8.116281207008891e-06,8.559577130455655e-06,0.10792774525345294,0
0.8933862308204573,0.018271557243760478,1.4971985403045831e-05,2.0125290753763703e-07,8.006546734746986e-06,9.126285918541066e-06,0.08830990586481823,0
0.9556430896047261,0.0030203992391289536,1.6741546370048425e-05,1.8343164246500798e-07,8.78236824217199e-06,8.318138784306466e-06,0.04130248567110567,0
0.8734389123104095,0.00870770203845626,1.9623431861637097e-05,2.8064501800685415e-08,1.5450090193255628e-05,9.612868672015823e-06,0.11780867119590567,0
0.8081760717598939,0.018026010688949448,1.0679713577209071e-05,2.7409950104296556e-08,1.4796281266689247e-05,1.0038880818506645e-05,0.17376237526554417,0
0.8964390478664741,0.040476334334733174,1.969147087289636e-05,2.219708035006077e-07,1.7043089071457068e-05,1.0567951067356521e-05,0.0630370933169778,0
0.9030619868433327,0.04111042693282114,2.0592862351482203e-05,2.4020444942170884e-07,1.3760520187902978e-05,1.219405409454459e-05,0.055780798582762595,0
0.9102478329241042,0.038141191148338575,1.5614211351773376e-05,2.2285547739618434e-07,1.271122449263118e-05,1.1313328096865104e-05,0.05157111430813889,0
0.8282685019110091,0.14428234013574867,1.7135369261026464e-05,2.609771390089778e-07,1.2732259864911305e-05,1.26099371500358e-05,0.027406419409827135,0
0.657555803653012,0.33790843402558607,1.679394987253212e-05,2.4668659815916484e-07,1.4546609323777467e-05,1.0109284409707959e-05,0.004494065791197668,0
0.6588539160320747,0.34062473511890845,1.6965834702633104e-05,2.4637046287190584e-07,1.3033685680102246e-05,9.50365099052145e-06,0.00048159930718082714,0
0.6212700662008904,0.37864446046081196,1.4639552831415193e-05,2.3467546058901321e-07,1.077501071490112e-05,9.236894383427212e-06,5.058720490737506e-05,0
0.6242276947871936,0.37567952058864224,1.484389820749828e-05,2.787388182416875e-07,1.1760090306020282e-05,9.66463114162985e-06,5.623726569084833e-05,0
0.5983641000953642,0.4015862906162155,1.740934493322801e-05,2.3780554559467028e-07,1.2473063390132332e-05,1.0719937683957107e-05,8.769136867369157e-06,0
0.5751718062798765,0.42478422272726,1.5119723819480512e-05,2.2215671422716306e-07,1.1703178249883349e-05,9.310085920241458e-06,7.615848159616088e-06,0
0.5213274032957071,0.4786269696262122,1.4000733524322646e-05,2.2640440164008656e-07,1.2320379406860039e-05,1.1318095821766682e-05,7.76146492604548e-06,0
0.5928677681932334,0.40707986187044654,1.675556271984047e-05,2.1386101885390275e-07,1.556832289919212e-05,1.177513478927822e-05,8.057054893074987e-06,0
0.5972649825902056,0.4026850496195462,1.6736925594843603e-05,2.1362314235837818e-07,1.608409460094344e-05,1.1762037368284843e-05,5.1711095418008765e-06,0
0.4362543564529594,0.561294917788672,1.7630256156859625e-05,3.1321421005315244e-07,0.002412272976690489,1.2581188406969222e-05,7.92812290416184e-06,0
0.477872547963153,0.5187553453261132,1.61780725335445e-05,2.4619640447488336e-07,0.0033318279610636214,1.1790563998022178e-05,1.2063916734030558e-05,0
0.46280693687062285,0.5324434485347903,1.8866721747579276e-05,3.099397168573802e-07,0.004694116802407186,1.4038422431374157e-05,2.228270828394059e-05,0
0.43248835795936147,0.5448336011941939,4.0809451190841147e-05,3.9089139473272935e-07,0.02255783916676452,6.135482347282668e-05,1.764651362193686e-05,0
0.4660248392259897,0.5086005819994661,2.2760433782947214e-05,8.257669476851544e-85,0.025246157478916426,9.018346123589369e-05,1.5477400608817906e-05,0
0.16069737147073973,0.8392493711803987,2.3086505426053432e-05,1.5967890409569215e-07,1.1466195280259878e-05,1.537845453945115e-05,3.166514711867356e-06,1
0.24091602181801222,0.7590013366624652,2.817304485183543e-05,2.2901777568533962e-07,2.753618976994556e-05,2.2161726963263187e-05,4.5415401620753625e-06,0
0.31904180469427085,0.680554342692401,2.6068842633416546e-05,2.1191278351325438e-07,0.0003560462059034346,1.7323312629044e-05,4.202339378690571e-06,1
0.5059196815734514,0.4940241492845885,2.1663393665474014e-05,1.8368045605686757e-07,1.5566399005416116e-05,1.511319101371185e-05,3.6424778193493862e-06,1
0.20220363085830284,0.797691023569957,3.2286163900551485e-05,2.1817905541670286e-07,5.1726669892615974e-05,1.5351159273640178e-05,5.763399617894537e-06,0
0.28108256748674587,0.7176959348606116,1.0966550893603297e-05,1.2670157063060496e-07,0.0011984220166388216,8.340572880813966e-06,3.641810658625742e-06,1
0.17625685400932894,0.8224954038618149,1.2312759013713009e-05,1.6542687474336322e-07,0.0012218000717663607,9.299323633415292e-06,4.164547567952247e-06,1
0.24004476687210136,0.7598863490711524,1.6600961229229588e-05,2.146567761095395e-07,3.115270851552903e-05,1.5215679853413631e-05,5.70005037188376e-06,1
0.21734112134710454,0.7825962513305963,2.1011222631230053e-05,2.133433972133387e-07,2.0614999078481938e-05,1.5122582616172807e-05,5.665174576200081e-06,1
0.2977399556245715,0.7021997619975391,2.348398447788708e-05,1.740855035364654e-07,1.7842482212481855e-05,1.338079858756276e-05,5.401027107989743e-06,0
0.1694554964930868,0.8305073251523221,1.5484251743701487e-05,1.6264991644820158e-07,1.1363610793843466e-05,6.838622326822164e-06,3.3292198103229177e-06,1
0.14518010424457312,0.8547827711473298,1.640826218248636e-05,1.5936569935264787e-07,1.11341574645622e-05,6.1608263417511235e-06,3.2619964089546137e-06,1
0.16534192308892778,0.8346183122966856,1.746965132090723e-05,1.7047371104149414e-07,1.212435783179164e-05,6.5902445371037515e-06,3.409886985709827e-06,1
0.3830052504446754,0.616942361717399,1.99462291462252e-05,2.5551159150344975e-07,1.6277568476376355e-05,9.69211591765309e-06,6.216412793895682e-06,1
0.2306805409716241,0.7692635090763738,2.4431396231819633e-05,1.6351949613735234e-07,1.3998577095435913e-05,1.1798417815775157e-05,5.558041363251176e-06,1
0.2496804332676093,0.7502594407425814,2.5585431133599876e-05,1.8754455642745987e-07,1.5981675159964278e-05,1.2580058405646455e-05,5.791280553514241e-06,1
0.31408299534859024,0.6858402414780143,3.344867041410675e-05,2.402548452316215e-07,1.9296280724018053e-05,1.6359019938669877e-05,7.418947473506834e-06,1
0.21448698884239045,0.785451776115457,2.634619089860639e-05,1.7592805156187024e-07,1.5940566067447934e-05,1.2928746492467459e-05,5.843610642332444e-06,1
0.23376042696638197,0.7661596637299386,2.653215262338254e-05,1.8959053872347793e-07,1.6972710957539212e-05,1.1222633420501834e-05,2.4992216139260824e-05,1
0.7092608187828681,0.2906868013819163,1.638686575808142e-05,1.740500223336777e-07,1.2866533842438574e-05,9.80094560976722e-06,1.3151439982983872e-05,1
0.4077992997485782,0.5921076422115161,3.064665785453808e-05,2.2626765430536553e-07,1.2329721666076873e-05,1.2895802223239187e-05,3.6959590507251004e-05,1
0.521451498392327,0.4770350853217636,2.1351422285207046e-05,3.0043292581862846e-07,0.0014585167998974542,2.0628969874093604e-05,1.2618660926914003e-05,0
0.3341922507731551,0.6646588222094997,6.210369095743268e-05,3.4385070077890063e-07,4.043353462726773e-05,3.085502448457787e-05,0.001015190916575092,0
0.31807301005648586,0.6809445070821563,5.621992304050676e-05,3.508482126107806e-07,3.757249718549406e-05,2.7931787550677146e-05,0.0008604078053685713,0
0.32046639125062115,0.6791182431185081,4.4160060046315966e-05,2.878745150692452e-07,3.025400943957564e-05,2.2512156355691094e-05,0.00031815153051421776,0
0.13779872599688314,0.8621493108537536,2.0744763405726163e-05,1.5708449817395046e-93,1.1041261652800256e-05,1.3051462022705716e-05,7.125662281792351e-06,1
0.18805752076462515,0.8118721576743142,2.368229679230395e-05,2.0736666097228907e-07,1.9265162952452048e-05,1.8838896491915356e-05,8.327838162896278e-06,1
0.29170368172645955,0.7081728415704838,4.20865193403204e-05,3.395904607862444e-07,4.3854974937954136e-05,3.046136499765873e-05,6.73425332030736e-06,1
0.34394712592574583,0.6558982226680585,5.378998713444554e-05,4.436511398222452e-07,3.8067612740655734e-05,3.913854289126912e-05,2.3211612289323042e-05,1
0.5990094378143043,0.40092925642488253,2.4376323994320845e-05,2.60230321294198e-07,1.614095133999712e-05,1.7964738544577094e-05,2.56351661298408e-06,1
0.1414212770905247,0.8585275410027599,2.4718745893882896e-05,1.5682304661009476e-07,1.0248354612062707e-05,1.2079345503214726e-05,3.978637659604301e-06,1
0.33753051827949426,0.6623589582145522,3.798516736431134e-05,2.7903896718595597e-07,2.9264163783663267e-05,3.1971465474495864e-05,1.1023670363751085e-05,1
0.49448255690722,0.5054343750814408,2.745586109827999e-05,2.3968472730883677e-07,1.9762597557927942e-05,2.1190983359907756e-05,1.4418884595733084e-05,1
0.2971312391062736,0.7028027653674206,1.927402477569578e-05,2.635281040140249e-07,1.955161551069497e-05,1.94343311600568e-05,7.472026755488509e-06,1
0.3801321535757021,0.6197707446123324,2.7239967328019926e-05,2.8574618636586557e-07,3.6839123958366274e-05,2.6498516870418257e-05,6.238457622162367e-06,1
0.11013381270410302,0.8897021325595407,1.493918463684032e-05,1.5223404754059509e-07,0.00011818833951422461,1.4751448339916721e-05,1.6023529817764828e-05,1
0.07945186274413348,0.8746638722329325,1.5673405579304246e-05,1.5661592226916728e-07,0.04584247692871816,1.5967044773927673e-05,9.991027940230878e-06,1
0.09247064704895366,0.883370413959508,1.6672692286653055e-05,1.666012575232621e-07,0.024114486620764167,1.6985052986469407e-05,1.062802424348525e-05,1
0.0613397585306354,0.7805261734519613,1.3992859941454899e-05,1.3554167922637732e-07,0.15809783572505887,1.3457255792912918e-05,8.646634930828783e-06,1
0.017674774482138673,0.2618049159668629,5.540698453900181e-06,4.604836255495506e-08,0.7205095363376013,3.824184612674345e-06,1.3622819679787646e-06,4
0.07376023562694982,0.9202713974513096,2.6337241946920142e-05,1.8580232856930263e-07,0.005919127067027662,1.7955967799457917e-05,4.760842638012127e-06,1
0.22237977344670803,0.775638979415849,0.0007367539627016454,2.2702047966291384e-07,0.0009469023535431378,0.0002912708193749764,6.09298134339672e-06,0
0.2748624077075853,0.7227168001595715,0.001068713190765148,2.0548610784932778e-07,0.000942872307328198,0.00040453989565652777,4.4612529853077465e-06,0
0.18443879984983205,0.8131805224907239,0.0007937003706469603,1.9106408327272153e-07,0.0013575767856343695,0.00022506129874612813,4.1481403332167174e-06,0
0.08017141078020558,0.9082049763392257,0.0020442089626759225,2.0668360703713107e-07,0.009319323927752171,0.00025472436297988466,5.148943553476066e-06,1
0.07487689195175277,0.9074466291624874,0.002151412469449881,2.1172887238867464e-07,0.015231440661457759,0.0002881393937619735,5.2746322178060795e-06,1
0.1755292671553224,0.7261371388922869,0.0014397278629543213,2.3348955597124181e-07,0.09610290364377096,0.000783888920978666,6.840035130712226e-06,1
0.03499816541819855,0.9385394116013381,0.005679143445691947,2.3993680092622947e-07,0.02024699095609774,0.0005321096729152787,3.938968957312123e-06,1
0.03629247836158469,0.2478250391153442,0.005323962958551517,5.984767720795534e-08,0.7088336158775969,0.001723901609425009,9.422298204166203e-07,4
0.0005769420096456476,0.1480841490225673,0.4132846019631841,0.0011137793581861598,6.658605912235317e-05,0.43685549740675605,1.844418053832341e-05,5
0.0005942065166044659,0.11359539809376372,0.5908301115986825,0.002286517587902497,0.00011350945989667046,0.2925562745572739,2.3982185876220345e-05,5
0.00017371070067558604,0.029603814543436052,0.2524648607425727,5.2261009865463786e-05,3.8847707279804774e-05,0.7176638566222225,2.6486739478524258e-06,5
0.0001984507660095525,0.038453156619466376,0.10235505347487266,3.2660419713796584e-05,3.554378133642581e-05,0.8589214685308499,3.6664077510785513e-06,5
0.0005435305165096971,0.11169406228846239,0.3086360242360908,0.00010033311411129336,8.122299854504316e-05,0.5789183447027767,2.6482143504057102e-05,5
0.00036278956988573113,0.07952477308494883,0.39050997840646606,5.2126397202768366e-05,3.94470791952329e-05,0.5294923651230102,1.852033929107598e-05,5
0.0005394448712431385,0.2177579637499509,0.1954333084474921,9.562201233001375e-05,7.331758357738664e-05,0.5860823160042467,1.8027331159866014e-05,5
0.0006807461469002482,0.4996933440023051,0.29285446026137063,0.0037045756911624566,0.00013296477301117464,0.2029294335854194,4.475539831076021e-06,1
0.0003897119086368231,0.19660140648996585,0.08279139306132861,7.965988994198262e-05,9.512888466093591e-05,0.7200363434897891,6.3562756767169625e-06,1
0.0007517858091457878,0.3456323933256776,0.12261647697139166,7.534435353830444e-05,0.00022904564733436728,0.5306805098624628,1.444403044943356e-05,1
0.0004755250968184007,0.3775137529594606,0.05131501190550672,6.821619593815494e-05,0.00016541819211665887,0.5704562353965178,5.840253641672783e-06,1
0.0017352409280461801,0.5849190242338854,0.39073963236724285,0.0001394493211035372,0.0014595672598372985,0.021003772376518404,3.3135133663592687e-06,1
0.0013902696918530945,0.45287491396258117,0.5215824502026948,0.0001720570489435062,0.001511565148684739,0.02246611199750097,2.6319477417056577e-06,1
0.0009443485210293768,0.37015293659508713,0.5879102643076515,0.00022454017482085052,0.0003665323774494861,0.04039923765955493,2.140364406866818e-06,2
0.0006485741324068503,0.3784461590619046,0.5195003071376086,0.00025850552445469817,0.00010752557194893613,0.10101794141873377,2.0987152942406157e-05,2
0.00035976051895253956,0.049834502594799136,0.8520867776487528,0.0017362293743252313,0.00015160260410638878,0.09582822345193656,2.903807127114873e-06,2
0.0005501003092676325,0.4897706162500061,0.2261853499035614,0.001325671734317049,0.0004286030216314884,0.28173697074090404,2.6880403125687518e-06,5
0.7430702811383056,0.01559738037404472,9.227720448614501e-06,1.7142599164935355e-07,7.139665416924499e-06,5.779652304888189e-06,0.24131002002348745,0
0.8082690768235558,0.05242920109116337,7.432322447164051e-06,1.380723714873858e-07,6.482525042179255e-06,4.6551301376791934e-06,0.1392830140352825,0
0.6573083963926889,0.3426256726752131,1.6242369664036474e-05,2.188962795107557e-07,1.544965757184004e-05,6.874516190655847e-06,2.7145492391904226e-05,0
0.7868872575606427,0.21307521069953708,1.0091190275364594e-05,1.8613384421886183e-07,1.138943852158459e-05,7.312992565739051e-06,8.55198461337208e-06,0
0.7913748537520395,0.20858705398206823,1.001076661365626e-05,1.8719536036667192e-07,1.1938849214534459e-05,7.354698359384076e-06,8.600756344279025e-06,0
0.805307557873616,0.1946576896024327,9.018342958906399e-06,1.6863763038884176e-07,1.0636836040873829e-05,6.778907368038249e-06,8.149799953029998e-06,0
0.9169465735998061,0.08302453534503153,7.84461728881484e-06,9.407461189427712e-08,4.342484654867586e-06,4.266034296485371e-06,1.234384431031445e-05,0
0.8594414203111951,0.1389535720695814,1.2987904529868235e-05,1.5575419845011636e-07,7.3697386077689584e-06,7.0630400596976025e-06,0.0015774311818274507,0
0.7752859555585941,0.21123283646723123,1.7690776199261785e-05,1.9400664685717308e-07,1.2055909413945485e-05,8.977223044745683e-06,0.013442290058869785,0
0.8144204319332266,0.17163316948074206,1.4972790426320464e-05,2.1095403833266142e-07,1.2894994934884146e-05,9.6953634994416e-06,0.013908624483132466,0
0.8749875090952506,0.013009165891855577,1.7873665583911722e-05,1.8438517843676537e-07,9.1543679488438e-06,7.2339384330491706e-06,0.11196887865574973,0
0.8587361604715911,0.012767543596663988,1.749871741988145e-05,1.5655999493815283e-07,9.145871305195983e-06,7.099580794596558e-06,0.12846239520223043,0
0.7370178629358318,0.020095442965717032,1.3209731851533362e-05,1.6406709004900919e-07,7.381879942888198e-06,7.02019249429531e-06,0.24285891822707237,0
0.7944643007201476,0.04147836336275443,1.8860905103641997e-05,2.1191992729229816e-07,8.401935769138184e-06,8.873572727526423e-06,0.1640209875835703,0
0.9142678762294659,0.014927319531182467,1.6756374845811305e-05,2.20792981053752e-07,9.263049167194343e-06,1.0012376459836862e-05,0.07076855164589782,0
0.801180823725696,0.011798682839344744,1.6861324060703663e-05,2.132021402478495e-07,1.874190430949746e-05,9.999561607114204e-06,0.18697467744284182,0
0.8505835847951084,0.01255188374955392,1.6457089149370732e-05,2.0809081281301678e-07,1.398027478425576e-05,9.70810669236013e-06,0.13682417789389903,0
0.8580942144182959,0.007673860917756954,1.8839266069198995e-05,2.3821212570208416e-07,1.3762434618348375e-05,1.111336296142852e-05,0.13418797138817237,0
0.8230275105125158,0.007610502829212816,1.951795147487715e-05,2.791364875290901e-08,1.536704246233112e-05,9.561197327648223e-06,0.16931751255335775,0
0.8860888034485636,0.046572808013522746,1.720147851799983e-05,2.0513972673960898e-07,1.3204749127521162e-05,1.1633055486875723e-05,0.06729614411505459,0
0.7372277093808597,0.25866203228156026,1.6567427031771034e-05,2.5833514196954575e-07,1.098326892136188e-05,1.0586644927939701e-05,0.004071862661557277,0
0.7005594928925821,0.29427006512115994,1.7886428737414265e-05,2.5973892852310955e-07,1.4536320941430812e-05,1.0644172485684605e-05,0.005127115325165086,0
0.6960417496264254,0.2948789955877213,1.7417760867273425e-05,2.602764040113641e-07,1.4566400822948196e-05,1.0666198378516086e-05,0.009036344149380694,0
0.6890729300173032,0.3042160137386476,1.7243373003982174e-05,2.5767049810264563e-07,1.4420560979657505e-05,1.0559407640094311e-05,0.006668575231927384,0
0.6256744653230336,0.3742382879803323,1.525615379840898e-05,2.2154322135271415e-07,1.0687228903960095e-05,8.482259021271709e-06,5.259951168922805e-05,0
0.6248467711752559,0.37506289980778146,1.4501078743255686e-05,2.2125014557935846e-07,1.0673090949944022e-05,8.823850424096849e-06,5.610974670000805e-05,0
0.5684675422588448,0.43148616561374614,1.4598866200954591e-05,2.2352290101487837e-07,1.263300749472458e-05,1.1174047826452388e-05,7.662682985964278e-06,0
0.6085266628833284,0.39143208319562134,1.301390382919997e-05,1.6610404429353063e-07,1.2095934755572481e-05,9.145647584970672e-06,6.832330836315561e-06,0
0.5851659587713968,0.41478329188244323,1.526030060574492e-05,1.947761164533727e-07,1.8126532389250543e-05,1.0531340182573962e-05,6.636396865874295e-06,0
0.5877674826202169,0.4121807411926689,1.4583528508783367e-05,1.9247650296216455e-07,1.9651030500958894e-05,1.0791106989682808e-05,6.558044611790672e-06,0
0.43049915846736075,0.5609672825477147,2.023593128175469e-05,3.324328887511785e-07,0.00847403356636681,1.505722909503239e-05,2.3899825292280183e-05,0
0.4304887640307875,0.549358416127727,3.463489240644319e-05,3.9413772758811765e-07,0.0200393677053041,6.063003904070606e-05,1.7793067006651608e-05,0
0.4240812710305765,0.5453225713503413,2.44564470516741e-05,3.8695723571763807e-07,0.030458024425298706,9.669488930015223e-05,1.6594900195825533e-05,0
0.349135666384697,0.6507812508018886,2.677164810410741e-05,2.545435721224106e-07,3.1965411444291746e-05,2.0057973003075078e-05,4.033237290620988e-06,0
0.35737995910895615,0.6425343058970451,3.396704973059883e-05,2.7395697107451055e-07,2.2268070852725218e-05,2.426654453185679e-05,4.9593719124199285e-06,1
0.27637079547682114,0.7233221822175406,2.5396288374510966e-05,1.817805488406019e-07,0.00026277998310729006,1.5246749478490679e-05,3.4175041290460027e-06,0
0.5855758521306127,0.41435281742043323,1.8646371733179795e-05,1.5942510139558075e-07,3.210620599669923e-05,1.3515869314630143e-05,6.902576808273411e-06,0
0.5498940812431178,0.45005511626997957,2.0120014132131856e-05,1.720246350869374e-07,1.089300438248312e-05,1.4584042703305664e-05,5.033401049700487e-06,0
0.2730570198471205,0.7268892201047464,2.3500127714127392e-05,1.8969331925888797e-07,1.2229916870126511e-05,1.4078594243799897e-05,3.7617159860782443e-06,1
0.13616923369861678,0.8637540355104918,2.9971208711899615e-05,2.0230758694799432e-07,2.6205784822690483e-05,1.6339626374087778e-05,4.01186339561364e-06,1
0.15507762719321705,0.844827424651721,2.9340940398906905e-05,1.9805323528813902e-07,4.516145591230983e-05,1.632020809911909e-05,3.927497416296072e-06,1
0.1838163152054109,0.8160883281054407,3.072625673545552e-05,2.033282379417015e-07,4.63642981654525e-05,1.4030702580555115e-05,4.032103429233354e-06,1
0.4077375219820152,0.5895235306933713,1.896594285008264e-05,1.6436542804790013e-07,0.0026981553989216113,1.1880556259420587e-05,9.781061154373125e-06,1
0.3978701459775508,0.5996901137663803,1.594544595131481e-05,2.0541293365989117e-07,0.002405876716636369,1.2127254536482899e-05,5.585426011245433e-06,1
0.2505987557942351,0.7478387311599821,1.1427139415338151e-05,1.320229601617723e-07,0.0015384682469878931,8.6908719101867e-06,3.7947645092911387e-06,1
0.19416588389898284,0.8041995136317769,1.2298761498383708e-05,1.454574858874091e-07,0.0016075064644988707,1.0482617411034057e-05,4.169168346242501e-06,1
0.17904668341300609,0.8208648742255326,1.469646888106073e-05,1.9745297654646652e-07,5.5835499814046504e-05,1.2469723466578807e-05,5.243216323247595e-06,1
0.20781584297263353,0.7921238409492729,1.3900745223606136e-05,1.9621528996288784e-07,2.8476332521571882e-05,1.253243457804736e-05,5.210350480394337e-06,1
0.21944054046311026,0.7804998251448997,2.054825862013378e-05,2.0864256106266246e-07,2.0160765508659385e-05,1.317637791698685e-05,5.5403473830666435e-06,1
0.2790353923272242,0.7209091448405318,2.1955845538172124e-05,1.9328366784218112e-07,1.5738930230469433e-05,1.2442269363195137e-05,5.132503444478594e-06,0
0.25581721015104547,0.7441389867032051,1.9058420753446027e-05,1.8552172825234814e-07,1.296156038501419e-05,7.800268580778421e-06,3.7973743020013193e-06,0
0.5112885212653836,0.48864556590587666,2.5146354107118593e-05,2.6466498832322754e-07,1.982131513985292e-05,1.2843418321086266e-05,7.83707618344025e-06,1
0.43040882560026394,0.5695319623366922,2.42743074017546e-05,2.0667645904272536e-07,1.7162327413716432e-05,1.081605018869684e-05,6.7527015805942105e-06,1
0.3037378675972361,0.6961905986342631,2.685491796340985e-05,2.595027370641318e-07,1.983749285434061e-05,1.695482465981912e-05,7.627030286164614e-06,0
0.7989803589032649,0.20097996591087686,1.3357213845259122e-05,1.228541734629308e-07,1.4622812915222284e-05,7.3206183654537245e-06,4.251686558758061e-06,0
0.26720059078254166,0.7327312598537802,2.6239528357282737e-05,1.765907540082908e-07,1.4814846522726165e-05,1.2458575428929671e-05,1.4459822615148713e-05,1
0.404554629147558,0.5951868928655893,2.6703237856273213e-05,2.1651947432480858e-07,0.0002019542141377143,1.656689443702899e-05,1.3037120947284346e-05,0
0.3945973731046452,0.603640921967885,2.4469658942019258e-05,2.0240373778205887e-07,0.0016891999319826499,1.3690074096569457e-05,3.414285871089925e-05,0
0.25673323171436857,0.7423830606586305,5.642027969228311e-05,2.8490945823702424e-07,4.3443286094394605e-05,3.071513842157778e-05,0.0007528440133343627,0
0.23012216350901518,0.7690511326156468,5.475066732449869e-05,2.7647829912605017e-07,4.8556984750515676e-05,2.719928665535201e-05,0.0006959204583085296,0
0.2230548189313803,0.7760991418237498,5.352418514662195e-05,2.702848457305325e-07,4.746924866768456e-05,2.6413261951831296e-05,0.0007183622642579214,0
0.2873617238457428,0.7117505701436373,6.126895922972531e-05,3.7199638751987533e-07,0.0001820246803746921,2.909059469048625e-05,0.0006149497799375049,0
0.43389606254865243,0.5660202828619079,3.136382404501887e-05,2.2761657230114904e-07,2.1028049972351363e-05,1.6478738023864987e-05,1.4556360826254855e-05,0
0.5225336192918019,0.4774194556007927,1.7351015746823062e-05,1.6045349111587265e-07,1.2466084330034164e-05,1.4016251671332921e-05,2.9313021661117823e-06,0
0.5394389256964641,0.46047936620151997,3.0456116941055964e-05,3.46696342009108e-07,2.359347746880832e-05,2.4424763084426077e-05,2.8870481794820808e-06,1
0.45758851846847637,0.54234026623063,2.9195433010501286e-05,2.641481906384735e-07,1.666042788252771e-05,2.0851622234221966e-05,4.243669575642844e-06,1
0.19685083020835023,0.8030982040332065,1.974682312969779e-05,1.495278466758589e-93,1.1330614775462815e-05,1.2482759337358586e-05,7.405561200736456e-06,1
0.28845211292161776,0.7114784250129879,2.607833397573697e-05,2.2976446239739099e-07,2.0077197456062603e-05,1.8522809447874752e-05,4.553960052363342e-06,1
0.2979634719725978,0.7019191083482814,4.083666146215411e-05,4.801030677630298e-07,3.5743684463828246e-05,3.40961695530069e-05,6.263060573986442e-06,1
0.47618261278031093,0.5237250967359444,2.9178749372782754e-05,3.6616080024405897e-07,2.83162500965017e-05,2.965266732413933e-05,4.776656151007591e-06,1
0.5219312123942849,0.47799742534894357,2.39752539207794e-05,2.0929965290806806e-07,1.9098787082815087e-05,1.8060111076476552e-05,1.0018805038637506e-05,1
0.5864716281327711,0.4134643584236343,1.9900903925993158e-05,1.7373131054337425e-07,1.4899412776691233e-05,1.2839510300626007e-05,1.6199885280700057e-05,1
0.5648371310642568,0.43510104026634866,1.9662954123213836e-05,1.7165405157895132e-07,1.330188194953011e-05,1.2685991698899249e-05,1.6006187571192735e-05,1
0.3463354009282941,0.6534668579872037,2.6443188652317483e-05,2.89829053879646e-07,0.00013780333197607863,2.687713936428094e-05,6.327595455585663e-06,1
0.20524704906856184,0.7703206123218855,1.6832053814858674e-05,2.0234428400728186e-07,0.024377127907254173,1.836610194846981e-05,1.9810202251327907e-05,1
0.1395298940753196,0.8460144953980333,1.567143800229507e-05,1.6008810220232152e-07,0.014407380916952997,1.5547868276094143e-05,1.6850215313524042e-05,1
0.09665354512854131,0.8913490608947565,1.496683857357154e-05,1.5251584810878965e-07,0.011951290155690696,1.4931275603067345e-05,1.605319098673509e-05,1
0.11543824273491506,0.8833555983949956,1.739713419282332e-05,1.653314744131653e-07,0.001160598627765365,1.912555681895675e-05,8.872219837889872e-06,1
0.09286486865976369,0.8846342613750308,1.658207049816098e-05,1.57585619211637e-07,0.022461774801040238,1.3898955767702054e-05,8.456552280188895e-06,1
0.07222553483544497,0.7981253305015357,1.430836831011503e-05,1.385978474633991e-07,0.12961166077209177,1.5729918966455593e-05,7.297005803473404e-06,1
0.008682055189269329,0.17236359385664765,3.4007967420853974e-06,2.583466102292885e-08,0.8189482772672507,1.8831704390189077e-06,7.638849900482005e-07,4
0.06990913265079787,0.9231535486930252,2.353881781290818e-05,1.7908835548664993e-07,0.006893599685005423,1.519452944090327e-05,4.806535561989713e-06,1
0.11965923932390865,0.8771544726725836,0.0004502409305720443,2.3191205465543807e-07,0.00235056579282976,0.00037902510218575965,6.224265865451869e-06,0
0.16050686026400607,0.8374822378842677,0.0003487554778866222,1.9694546671440642e-07,0.0014765517949314963,0.00018011183254724149,5.285800893995153e-06,0
0.17908543291703377,0.8186448199017643,0.001285744825127711,2.313383707215063e-07,0.0006897992531643083,0.00028877054957008523,5.201214968937167e-06,0
0.07048058190220842,0.9212695824087638,0.001506978161324254,2.071477590960091e-07,0.006572441986619065,0.0001657110646818892,4.49732864347454e-06,0
0.07222469315573195,0.9146585612721702,0.0022728774466582637,2.0815227352433519e-07,0.010493002968608297,0.0003461378671748786,4.519137382951179e-06,1
0.07869657848576905,0.89402337330814,0.001394093742657499,2.0375787406258653e-07,0.025450098060090305,0.00042977864712845625,5.873998340563446e-06,1
0.27339683477889204,0.5423593022943257,0.0016572297628951853,2.4545381681725417e-07,0.1819050199464302,0.0006741772376099542,7.190526030227273e-06,1
0.037350568221062544,0.9295040111373271,0.0030091184410193195,7.285673247796104e-46,0.029798512262549513,0.00033161810307620664,6.171834965527288e-06,1
0.03964844923723915,0.9053422651481281,0.003717936826787722,2.521886564573651e-07,0.05085367538983963,0.0004323651886525268,5.056020696533444e-06,1
0.022045890199560023,0.2644207370651276,0.004643848913420915,5.392443607754561e-08,0.7074040909846797,0.0014844612683215166,9.176444541404086e-07,4
0.005108711969077592,0.18244892964458032,0.003832080959940342,5.128997266511069e-08,0.8081146207674261,0.0004947978699655987,8.074990373560661e-07,4
0.0005924360482827554,0.15511268670489708,0.3870859232652004,0.00047636627174595884,6.64855436269817e-05,0.4566471388791887,1.896328705815572e-05,5
0.0004382550109359546,0.12472043484153086,0.3107936078853469,0.0006859460540988576,4.242631998636168e-05,0.5633029851745944,1.6344713506697252e-05,5
0.0006282817869611476,0.1434241728617511,0.3342494938489194,0.00031916735483087635,5.666502659040227e-05,0.5213018570367798,2.0362084167375613e-05,5
0.0006329048712633731,0.10626023103881009,0.6200326315420231,0.0005802605568977589,0.00011532235410083705,0.27235286980479023,2.577983211471173e-05,5
0.00044877300529249997,0.033959977217263605,0.41154308665884226,0.0002754385557546945,7.635376100214261e-05,0.5536910197106353,5.3510912094854745e-06,5
0.00021915898109741778,0.0546568045825221,0.09439493185760847,3.107843650478589e-05,4.591484128026864e-05,0.8506480623058473,4.048995139557036e-06,5
0.00034704946806552074,0.1026210051899578,0.44515828714046096,5.452949771245279e-05,3.878800217045706e-05,0.45176262389157834,1.7716810054339112e-05,5
0.00046224241209329354,0.2129761986810837,0.4349662228404351,0.00014197605627157882,6.63196039867505e-05,0.35137221954620496,1.4820859924571973e-05,5
0.0010470430023125624,0.12512233578141083,0.5100959544178965,0.0015194855267171281,0.00022555133190418583,0.3619759908343406,1.363910541820358e-05,5
0.0005723810283673938,0.059815582265358734,0.15520154893003002,0.0017956713203112812,0.0003226959424639252,0.7822884224723751,3.6980410936628447e-06,5
0.00042861588501834705,0.2935036293117639,0.08540571201172015,8.71724835770441e-05,0.00010462536603610134,0.6204632541349213,6.990806963344641e-06,1
0.000691978130946929,0.33371296205856377,0.14598286698974197,0.000108737612292875,0.00012177461020914002,0.5193607891451655,2.089145307966502e-05,1
0.0005148062080686422,0.41126726305024736,0.5439817538266906,0.00012638415317384397,0.00015853563907228924,0.043940202182283075,1.10549404641036e-05,2
0.6548126703214401,0.015251670076480687,5.140541588445282e-06,1.7137891243833101e-07,6.937764836200042e-06,5.778065022423723e-06,0.32991763185171946,0
0.6668951557887606,0.32926251968771175,1.7428696525755167e-05,2.4422666454521857e-07,1.7407218014794766e-05,8.23413760698085e-06,0.003799010244715683,0
0.6192449730556621,0.3804734821589942,1.693198587981837e-05,2.2907256313652462e-07,1.4673419500105541e-05,7.057982441791379e-06,0.00024265232495887613,0
0.5339730342536793,0.4659698308374523,1.7286796795389756e-05,2.7676541622601873e-07,1.820616429473107e-05,8.674827073984297e-06,1.2690355288202039e-05,0
0.5817272092775099,0.41822015312787986,1.658724261423982e-05,2.655654000280931e-07,1.598728106308407e-05,7.990960570264131e-06,1.1806544962602903e-05,0
0.7796787802563887,0.22028278459424208,1.1684570837653688e-05,2.0133726702675617e-07,1.2319728497138765e-05,6.0583124230993645e-06,8.17120034416515e-06,0
0.7898730997739446,0.21009005796261485,9.94991046227396e-06,1.86057386660143e-07,1.0508909075523331e-05,7.479147960038218e-06,8.718238556019299e-06,0
0.813105371268604,0.18686177946242968,8.689569694961345e-06,1.624897665939587e-07,9.61274405320324e-06,6.531775105323617e-06,7.852690346169156e-06,0
0.9409955654231796,0.05895136016137905,5.85174960917932e-06,9.015748452207488e-08,3.6676908606515724e-06,4.060733982671291e-06,3.9404083504247466e-05,0
0.9582138799528522,0.014512667023836167,1.0509198987826e-05,1.1870624015017663e-07,6.4898909316159155e-06,5.492865383193855e-06,0.027250842361768952,0
0.9429313947208571,0.017173251918258466,9.836838924299392e-06,1.1111162373261384e-07,7.083279273767452e-06,5.038617625276039e-06,0.03987328351343722,0
0.8671930140781331,0.009609250966780227,1.5044479288148693e-05,1.809955349848259e-07,9.164305669998774e-06,7.100953383766983e-06,0.12316624422120989,0
0.5678750390575427,0.006344629475555752,1.1489271452878999e-05,1.0254199518881002e-07,5.884468289396244e-06,4.618537958566977e-06,0.42575823664720563,0
0.944622885170607,0.003180516494570489,1.5294936025392903e-05,1.6758160653273788e-07,9.996167409327553e-06,7.599381666673299e-06,0.05216354026811453,0
0.853734449435674,0.01253647308302121,1.6477362016195333e-05,2.083471520293442e-07,1.422985266995399e-05,9.72006574248782e-06,0.1336884418537245,0
0.8084250180672794,0.018144630083130792,1.506606969207277e-05,2.150320677790575e-07,1.455785903239447e-05,1.0654107955916091e-05,0.17338985878084154,0
0.8785646520228231,0.03655370742104803,1.913129826471347e-05,2.272077846367868e-07,1.3478022831057713e-05,1.0744074062418791e-05,0.08483805995318604,0
0.8847396235347756,0.046501895146938726,1.7175287137165746e-05,1.8890547550151994e-07,1.318464326203666e-05,1.1150915377285129e-05,0.0687167815670336,0
0.7769048795109972,0.20262679179421902,1.7049839949436616e-05,2.3799715796208424e-07,1.1996400953216761e-05,1.2045317508589633e-05,0.020426999139214554,0
0.6820958155128467,0.3134903445144982,1.5618168537384913e-05,2.558675084955816e-07,1.3572065146668093e-05,9.980065366392525e-06,0.004374413806096056,0
0.6791917286918268,0.3166575430430468,1.5995950140438707e-05,3.189505924966452e-07,1.3740440189614598e-05,1.0221469157347434e-05,0.004110451455046558,0
0.6647439146596756,0.33285546813034494,1.6619747314639145e-05,3.1271613909422493e-07,1.4280692606424448e-05,1.0099997156889165e-05,0.0023593040567620968,0
0.6514629311484875,0.34768117988539476,1.628769976192279e-05,3.0646835284842067e-07,1.424288443424284e-05,9.89820832852153e-06,0.0008151537052399271,0
0.6030620480565405,0.39684664203980735,1.450491800669588e-05,2.3102257492789964e-07,1.078294053146021e-05,9.553650122829955e-06,5.6237372416044465e-05,0
0.6565630386891717,0.3433901765272668,1.6875516682470063e-05,2.3599500859089214e-07,1.1693009727843656e-05,9.89001756878111e-06,8.090244574006998e-06,0
0.5953886854078909,0.40456687259708995,1.2790738962603e-05,2.0683770577676045e-07,1.3925299064163353e-05,1.033994461493396e-05,7.1791746716866455e-06,0
0.48954892277808004,0.5103940853364535,1.5742989838071293e-05,2.0777931955053628e-07,2.2312622913394073e-05,1.1649052393445017e-05,7.079441002145496e-06,0
0.3031914796477257,0.6943619784085863,1.4623371654759176e-05,2.1545744668896132e-07,0.0024126675810160533,1.0657499464463462e-05,8.378034106203893e-06,0
0.5176214283617939,0.47796932928359687,1.7515854793892987e-05,2.580746382957834e-07,0.00435801563178759,1.2765538447132391e-05,2.0687254942224287e-05,0
0.36828415581734825,0.6118612818203237,2.2016189160427353e-05,4.5209324483135255e-07,0.019795002567479177,1.668208488690698e-05,2.0409427556615665e-05,0
0.3954165300909759,0.5845544571838233,3.6956621668248546e-05,9.587645646950572e-85,0.01991468022333716,5.8442855196908136e-05,1.893302499854734e-05,0
0.41843513490905215,0.5485225721588352,4.46732057429166e-05,2.8010406787637545e-07,0.03289235962248408,8.801029155439549e-05,1.696970826331784e-05,0
0.26709909704479035,0.7328280073518403,3.670853527507233e-05,1.8110340151881345e-07,1.3430949542770777e-05,1.8378969232045492e-05,4.1960459181891484e-06,1
0.343527774229161,0.6564005892952519,2.5906028580225208e-05,1.4784494071126175e-07,2.1680839796635226e-05,1.9998933421650795e-05,3.902828847717705e-06,1
0.5057406156673803,0.49419454944576463,2.718136171641662e-05,1.925940824258283e-07,1.5572176492403496e-05,1.9057130266536233e-05,2.831624297322316e-06,0
0.5067907844469007,0.4931437909709464,2.716027781415584e-05,2.224380319444327e-07,1.6170090302118985e-05,1.9042348127359298e-05,2.8294278771963907e-06,1
0.2883425973245852,0.7115719567716275,2.410154195863852e-05,1.959206595873033e-07,3.8786619076199766e-05,1.7617088834805574e-05,4.744733258151179e-06,1
0.30334178478539,0.6965681168489583,2.545671632877702e-05,2.0693682846599947e-07,4.144429018023489e-05,1.888675868097426e-05,4.103663633438205e-06,0
0.27971221386436795,0.7202376959694234,2.189591237346865e-05,1.767440733451032e-07,1.1395052460166574e-05,1.3117531515309432e-05,3.504925786234344e-06,1
0.14229948590630648,0.8576247584203139,2.995783736891665e-05,1.7588223714041765e-07,2.5679318951660025e-05,1.6011368484100905e-05,3.931266337699993e-06,1
0.2627096486392672,0.7351803034935437,3.033016963615173e-05,2.0579281478507586e-07,0.0020595960402250944,1.447965878806615e-05,5.436205724845885e-06,0
0.2851734545433994,0.7147627280038681,2.4861594238452358e-05,2.153274787963002e-07,1.8889152025765554e-05,1.413351860849707e-05,5.7178603808123535e-06,0
0.29610891629296104,0.7038303662020284,2.166795064226151e-05,2.2362493628220867e-07,1.820959478486652e-05,1.4678141479836406e-05,5.938193167344594e-06,0
0.34182951544759305,0.658110563442016,2.4218398617743442e-05,2.1320157795622606e-07,1.6103654490738967e-05,1.372444703271871e-05,5.661408671746021e-06,0
0.32660350952983724,0.6733371172610423,2.5598776575186214e-05,3.5532647521886216e-07,1.4073669920373665e-05,1.4152891851978954e-05,5.192544297656399e-06,0
0.3546065860213819,0.6453425272054145,2.0375376506810975e-05,2.5495456581303525e-07,1.414420591733018e-05,1.0893667340322671e-05,5.218568873395939e-06,0
0.3566349239479776,0.6433158187183894,1.84102988356139e-05,2.3400740163455088e-07,1.5472300343652845e-05,9.403000067316342e-06,5.73772698499314e-06,0
0.34898417956776784,0.6509572140832666,2.4236983883109346e-05,2.642729528010054e-07,1.687430732109106e-05,1.0750963904986197e-05,6.479820903520788e-06,0
0.303200577940954,0.6967485242019393,2.1074095906280342e-05,2.136225319498967e-07,1.467223696445766e-05,9.303687156677095e-06,5.634214547276354e-06,0
0.3274462734231198,0.6724751823563913,3.0173291465970117e-05,2.775135464376289e-07,2.0474061916631006e-05,1.9049876335953765e-05,8.569477224163755e-06,0
0.2685131807337629,0.7314137000756084,2.996702465555995e-05,2.1524690762109652e-07,2.151461186415577e-05,1.477559212699522e-05,6.646715074304415e-06,1
0.8497231489068083,0.1502374762966855,1.397487182302172e-05,1.2853142803435787e-07,1.2479387242971898e-05,8.823020860671246e-06,3.968985151422951e-06,0
0.8785248020842865,0.12143473675386018,1.2887997248788258e-05,1.1282435433405743e-07,1.6294139551510813e-05,7.682241997404997e-06,3.483958701143926e-06,0
0.8900945995993323,0.10986882281635628,1.188680108624377e-05,1.0405966355858116e-07,1.428796231647934e-05,7.085451739068843e-06,3.213309506027382e-06,0
0.8690431228414234,0.13091742274244628,1.1786834933482096e-05,1.1204232622940933e-07,1.585264827825491e-05,7.628993483960015e-06,4.073897108429488e-06,0
0.2716831318599239,0.7282591660878229,2.564592417451017e-05,1.7259582663036827e-07,1.3431158172002796e-05,1.2176731091436175e-05,6.275642988675223e-06,1
0.23064924105569867,0.7692877643521241,2.7272428472513413e-05,1.436245626514288e-07,1.2715850194216028e-05,1.0451562181896506e-05,1.2411126765782608e-05,1
0.3783979988380657,0.6215138353106899,2.538399359181834e-05,2.0582256647478604e-07,3.443457370772728e-05,1.574842513441049e-05,1.2393036243875658e-05,0
0.40691923646044753,0.5928649835605946,2.2713335021501058e-05,1.8416790448740841e-07,0.0001299314467932333,1.5499360435858486e-05,4.745166880278401e-05,0
0.279305721018031,0.720138463338212,6.51533794446496e-05,3.717441462833775e-07,0.00018190125409424637,2.90708691022242e-05,0.000279318396969742,0
0.26555601180205207,0.7335153957458665,5.533436490007742e-05,3.35964313860072e-07,0.00015012414248749241,2.6272840309365865e-05,0.0006965251400706784,0
0.4363851195921928,0.5635444208102317,2.2113732350127763e-05,1.8518186940189627e-07,2.0127642193134322e-05,1.340659637298309e-05,1.4626444789873656e-05,0
0.5116566149878243,0.48829347472927254,1.8052309134955155e-05,1.7131093828084857e-07,1.2330969470352545e-05,1.312617843457433e-05,6.229514924909082e-06,0
0.18093093335118532,0.8189347264560369,5.327995561491199e-05,3.4612622285248466e-07,3.525460755577742e-05,3.297827355658135e-05,1.2481229827608255e-05,1
0.3342768914387532,0.665606729325295,4.070319582890169e-05,4.545839553840964e-07,3.61673195780571e-05,3.2675288329283376e-05,6.378848260378613e-06,1
0.6145765670234014,0.38535448022783764,2.70174886940519e-05,2.4451572656348653e-07,1.732372476113669e-05,2.0078131554001613e-05,4.2888880252372054e-06,1
0.1387183825010085,0.8612464126797361,1.658672011077469e-05,1.1755792880175323e-07,6.495056220298623e-06,9.308679855781914e-06,2.6968051397551475e-06,1
0.1605233221731061,0.8394351438946486,1.933067776946627e-05,1.366357251730753e-07,7.5491013302640005e-06,1.1049219655250691e-05,3.4682977651276205e-06,1
0.18710052464482446,0.8128480950513078,2.313143049670039e-05,1.6358643327023615e-07,1.0713369139583059e-05,1.3221691424700834e-05,4.150226373471123e-06,1
0.1615047162153181,0.8384421442719912,2.3232028931245265e-05,1.6429786956044367e-07,1.0759961509402001e-05,1.4814948700646266e-05,4.168275679856977e-06,1
0.3142844187910592,0.6778772503369282,2.9493384828869638e-05,3.0065567933597497e-07,0.007774091726809665,2.7881140575820837e-05,6.56396411883653e-06,1
0.1824473035008888,0.797926779797771,1.6743021023895944e-05,1.8397553180940912e-07,0.01958679659160328,1.5048731706673462e-05,7.1443814742858085e-06,1
0.14147367113520043,0.8440661641454185,1.5635347423942837e-05,1.5971942689665096e-07,0.014418823400355243,1.551206227295988e-05,1.0034189902361691e-05,1
0.09655551650240839,0.8686547107378044,1.6668991012856582e-05,1.5841165737930853e-07,0.03475047266513463,1.3971811831677543e-05,8.500880150874636e-06,1
0.08226875757988628,0.9005600073484831,1.803287337180214e-05,1.7467522352950474e-07,0.017128928943957324,1.613332980117372e-05,7.965249276884054e-06,1
0.06382969855340824,0.9318632566952503,2.408085136310499e-05,1.8457593429042123e-07,0.00425921388319751,1.8104997671964094e-05,5.4604431744254794e-06,1
0.06040519623031657,0.926431501954051,2.3246853484570057e-05,1.7818347186018267e-07,0.01311832026298494,1.60350755240744e-05,5.521440167042151e-06,1
0.06564719811785957,0.9085547118228655,0.0001502928486224132,1.640089294712271e-07,0.025509387040085218,0.00013316395349888808,5.082208139072501e-06,1
0.20119022492107824,0.795976885918046,0.0014294828030263925,2.5709048731015853e-07,0.0009713573419560838,0.00042600906297998953,5.782862426054241e-06,0
0.05577103204860665,0.9322197290599009,0.0022116733730642275,2.0653138211418663e-07,0.009570017282624292,0.00022285775777161943,4.483946650506692e-06,1
0.24922842788989083,0.5446883134789983,0.0016256748015134124,2.271710014151895e-07,0.20379876401255526,0.0006516006627971792,6.991983243582246e-06,1
0.020035171982264635,0.8261857717680292,0.0010914750315966868,1.5651231677093932e-07,0.15248104948250485,0.0002038662551316869,2.5089681561756993e-06,1
0.03231088601568245,0.9307567596389201,0.0014175007212242508,2.0130125088232465e-07,0.03518162441079973,0.0003282636010197718,4.764311102847984e-06,1
0.035390157332532785,0.9399767185538819,0.003268846744784358,7.381403177844964e-46,0.02105537207872885,0.00030265200910879487,6.253280963323602e-06,1
0.003562493752492129,0.17713925658294472,0.0027861690874538526,3.903505465737853e-08,0.816128165123702,0.0003832121499052152,6.642684472749985e-07,4
0.005386101909899953,0.1881613077848149,0.005040568388718662,4.688709398207272e-08,0.800824469857077,0.000586707284000257,7.978883951894554e-07,4
0.004955669985732799,0.1833954643380696,0.003498202305024995,4.9015383375635473e-08,0.8076315648703912,0.0005183050297801679,7.444556175926121e-07,4
0.0009231328837762338,0.18207462324153031,0.4727833165502142,0.04692076922123497,0.00019787029283796026,0.29706279646170725,3.749134869906902e-05,5
0.0007495536784735473,0.11293246784647874,0.6840243053116095,0.002856359158533236,0.00016764221067825847,0.19925464194827683,1.5029845949950713e-05,5
0.0004965024955960454,0.12850926295106663,0.6840545004090886,0.0015613444964793454,7.02619571056335e-05,0.18528866990121717,1.9457789446552838e-05,5
0.0008155813361901704,0.11643615549102435,0.47447569299385706,0.0009004683543360311,8.33380279067375e-05,0.40726568482384307,2.3078972842477662e-05,5
0.0002402106482564876,0.047130901874820406,0.1470680622437163,6.880533757597267e-05,5.1685364454623955e-05,0.8054360646406037,4.269890572524812e-06,5
0.0004169880016575698,0.30808987885119443,0.09258653512082012,0.00029824786656158553,0.00012356834117090666,0.5984821057448153,2.676073780120033e-06,1
0.000592402636049171,0.4056986169389664,0.055575267312180446,6.393357367414798e-05,0.00022726991632720692,0.5378366651533031,5.84446949950984e-06,1
0.0023272518051346675,0.6490531174495355,0.33095228543252414,0.00018449550129171817,0.0009126956796250531,0.016566880321076782,3.2738108120748e-06,1
0.0009926098297558536,0.25910765467109065,0.7181766159284954,7.403683597717183e-05,0.00020371173458423074,0.0214433374007102,2.0335993866961073e-06,2
0.0005150824655508275,0.4565597116660838,0.4868293681162587,0.00011810919022687469,0.0001653059986663651,0.055806315705751126,6.106857462339012e-06,2
0.0008719552454719975,0.12237446618712235,0.7033694483422807,0.007347114476625121,0.00015858631553953463,0.16585108785510683,2.7341577853717517e-05,2
0.0008516525783381753,0.09904910238703903,0.6576021131480947,0.05309615879627062,0.0001228339764268627,0.1892516518910562,2.64872227742506e-05,2
0.00032131789874782475,0.04704413038008502,0.8105868331366043,0.0001695516547965446,0.00013092868487494478,0.1417436866049735,3.5516399178074865e-06,2
0.9160063599415025,0.0123225815400032,1.1648114726918623e-05,1.8679133039064813e-07,1.0150055545853828e-05,6.477761399563795e-06,0.0716425957954914,0
0.5603638331371602,0.43958309290230463,1.6307887547213084e-05,2.61092864004466e-07,1.6676868467088596e-05,7.856380316171883e-06,1.197173134061322e-05,0
0.8373236195993624,0.15200957620206834,1.4955772644545798e-05,2.1071427208424595e-07,1.670371415332973e-06,9.49066635811959e-06,0.010640476673879039,0
0.8497570171555243,0.14162344613934058,1.4643695601013945e-05,2.0631736871957764e-07,1.635516340621247e-06,9.29262783690221e-06,0.008593758547987924,0
0.9093922077155249,0.0870403471243685,9.689786898057826e-06,1.3652095691761745e-07,1.0774296568632367e-06,6.1489658017958085e-06,0.003550392456792713,0
0.9699184272862228,0.0120557754255616,8.741951413637838e-06,1.2316675122714692e-07,6.26412601773887e-06,5.6606947827630104e-06,0.018005007349250274,0
0.9523947144923747,0.013468542523838865,8.474142947922004e-06,1.19393554933481e-07,6.0722253884075095e-06,5.4872801853892036e-06,0.03411658994170967,0
0.9363706613721885,0.026314414499814164,9.726855342450957e-06,1.3704322015758735e-07,8.033864277700893e-06,6.298451762589917e-06,0.03729072791339419,0
0.9450772070733537,0.02718444101264888,1.1210849621600744e-05,1.2663170704169452e-07,6.568085685070802e-06,5.859598612036693e-06,0.02771458674837167,0
0.921761830810449,0.011631328116804528,1.9429825205244957e-05,1.894487143645671e-07,1.2371585967988848e-05,8.590997046180402e-06,0.06656625921581283,0
0.8256255977086068,0.00397549923511116,1.4778626990157962e-05,1.538231431619046e-07,1.0387036890806804e-05,6.975471820806766e-06,0.17036660809743723,0
0.9460046695501095,0.003611602796132315,1.6628676232064676e-05,1.8219496131632675e-07,1.1048251904063772e-05,8.262058572144446e-06,0.050347606472088545,0
0.8440726289428466,0.01284118294518897,1.6205098015583373e-05,2.0065176254538045e-07,1.537238348011354e-05,9.361051035689034e-06,0.14304504892767084,0
0.7518089421447541,0.017124500094660097,1.5333225325720807e-05,1.9015878877825416e-07,1.2873916292564766e-05,9.421721538256442e-06,0.23102873873864035,0
0.8949129246613106,0.03471874385272069,1.7171413006577826e-05,2.4606113548052503e-07,1.3181669278001089e-05,1.1148400129534014e-05,0.07032658394241913,0
0.758387102083424,0.23734521089964683,1.629122442649421e-05,1.9346599967527403e-07,1.0395767233479695e-05,1.0843725513146237e-05,0.004229962833756377,0
0.6830699144782492,0.31327409620958135,1.586892569440508e-05,2.474434421414246e-07,1.4610188100474613e-05,1.014030008355297e-05,0.0036151224548488787,0
0.6701657272677348,0.32976721695383165,1.6997362567848435e-05,2.539943245603584e-07,1.4244472408875769e-05,9.797738682050982e-06,2.576221045007825e-05,0
0.6736016600648584,0.32630439630025826,1.4786772656276945e-05,2.355117272879171e-07,1.1115590626256149e-05,9.349877942390543e-06,5.845588193108398e-05,0
0.6825325900864212,0.317402356578261,1.9869494855161804e-05,2.0856301939191286e-07,1.3692553850710798e-05,9.543518464175983e-06,2.1739205128238464e-05,0
0.5989872780038115,0.40095959731546527,1.8064205657952635e-05,2.6324002286029314e-07,1.3272088662308578e-05,1.0590699776828945e-05,1.0934446603336187e-05,0
0.6738793381849665,0.3260732997494685,1.5119927043241821e-05,1.708047830094981e-07,1.238507375858618e-06,9.611933178706143e-06,2.1220893184269364e-05,0
0.6185075873452571,0.38144425160638407,1.504517075473555e-05,1.9203028870100046e-07,1.4451956265686324e-05,1.0573140187941393e-05,7.898750861718331e-06,0
0.5441218758799011,0.4558373730845092,1.342422020253541e-05,1.7134115146332143e-07,1.3128829852997633e-05,9.498282671732434e-06,4.5283617108977685e-06,0
0.5634684240589602,0.43648673973501106,1.3995563960238148e-05,1.7863354505112019e-07,1.4096603719538918e-05,9.835518796908406e-06,6.7298860069710835e-06,0
0.4843464988776773,0.5110819404854943,1.739265023898304e-05,2.5625937028180885e-07,0.004529162112103372,1.2675747083760672e-05,1.2073868032001439e-05,0
0.4248199126533609,0.5492996510283233,4.494425431263363e-05,2.805008846409942e-07,0.02573845756003832,7.976025423499465e-05,1.699374884502244e-05,0
0.5169129948787475,0.48302555580173384,2.5605133516985004e-05,1.821618934539452e-07,1.5306082157541623e-05,1.7677697442649935e-05,2.678244508104657e-06,1
0.5369011694904049,0.4630526132085088,1.8980229436362078e-05,1.8429861305047022e-07,9.719825073379262e-06,1.3678211773454894e-05,3.654736190144031e-06,1
0.23393848119079563,0.7657114209506649,3.081333774554719e-05,1.9394595954591334e-07,0.0003003212049844489,1.3646109658793403e-05,5.123260191058344e-06,1
0.2670619603512624,0.7325719730774176,2.6482871110153668e-05,2.0402792022969395e-07,0.0003196346077186654,1.4355480152453749e-05,5.389584418384157e-06,1
0.3918649285909195,0.6072677325591396,2.5421771703642604e-05,2.266355572671514e-07,0.0008200764028646931,1.5627253954249924e-05,5.9867858610905845e-06,1
0.3775003668477837,0.6202170635480725,2.4278851625783508e-05,1.9100278262540589e-07,0.002233391448212735,1.3632194878862951e-05,1.107610664356077e-05,1
0.47055985417939966,0.5254712334698474,2.34983675502102e-05,2.3661388002639394e-07,0.003917137630589282,1.5411681510206845e-05,1.262805722320349e-05,1
0.2553234843503235,0.7227397275340205,1.3133983830104035e-05,1.3779427548327982e-07,0.021908890947526696,9.182827101132188e-06,5.442562922571641e-06,1
0.18178881177404685,0.8181590778118613,1.3261915416878546e-05,1.7817917317164028e-07,2.3400772996946037e-05,1.0538131635552964e-05,4.731414869385127e-06,1
0.2615992263719929,0.7383448382801041,1.8443318205149926e-05,2.0875086304144068e-07,1.831223218486543e-05,1.3427823388948032e-05,5.543223261227113e-06,1
0.24436842722453642,0.7555852416761087,1.9236810081137367e-05,2.0313741100927523e-07,1.4192288116628416e-05,8.540920675992392e-06,4.1579430701101086e-06,0
0.2264513653400065,0.7735036061063192,1.9916865992824533e-05,1.944672630778301e-07,1.2760359382281162e-05,8.176383954943942e-06,3.980477081303469e-06,0
0.2808703204635832,0.7190871202127197,1.744859544471214e-05,1.7541240277306276e-07,1.2698997689070213e-05,8.156817685761585e-06,4.079500474885797e-06,0
0.41330810951760205,0.5866392162372531,1.9687395206474767e-05,2.502401638537037e-07,1.654559191779744e-05,1.0055272872250079e-05,6.135744984318075e-06,0
0.3305507957271078,0.6693955974489363,2.1236542689060927e-05,2.2788239231241515e-07,1.6207353327856725e-05,9.924732504748749e-06,6.010313041958903e-06,0
0.8637903557764555,0.13617493669877012,1.3423761449374521e-05,1.1069231497686967e-07,1.0217877761715572e-05,7.537070838335808e-06,3.4181224097377066e-06,0
0.42036807763424355,0.5795408884030646,2.479091618661224e-05,2.356554524248163e-07,4.145855165949732e-05,1.5980326952310677e-05,8.568512441034162e-06,0
0.37720729122558755,0.6227026913421939,4.5597832852372846e-05,2.314104111103722e-07,1.6748619928338406e-05,1.580934981687042e-05,1.1630219209743899e-05,1
0.3994442735380301,0.6004789225723297,2.6311476062117715e-05,1.9453216675186782e-07,1.496540560948442e-05,1.480988266693289e-05,2.0522593134938183e-05,0
0.39526335257670425,0.6046660839037451,2.380897219175279e-05,1.9305172544689165e-07,2.01661505131195e-05,1.4771269726838161e-05,1.1624075393594656e-05,0
0.4218465447500962,0.5779702299000666,2.4377331986316344e-05,1.9766019145422067e-07,0.0001172119425787703,1.49682710547055e-05,2.6470144025864357e-05,0
0.3816066360904504,0.6178919320710463,2.6025905433892547e-05,2.1102741898581314e-07,0.00042569009832430285,1.5538695889592853e-05,3.3966111436345245e-05,0
0.39556616745564577,0.6039183192108101,2.5077911990692875e-05,2.0429856971850273e-07,0.00043117852892138135,1.4348532185931354e-05,4.470406187650157e-05,0
0.5831126616768149,0.416147561247314,2.15640928859603e-05,2.2553248336824788e-07,0.0006929465933730976,1.7027386282412878e-05,8.013470846257092e-06,0
0.6191581183963537,0.37959362815423875,2.3183705185998847e-05,2.424715304245362e-07,0.0011979224056184203,1.8289529223919107e-05,8.61533784883564e-06,0
0.3548465606517292,0.6443634733790213,4.9774756447874196e-05,3.259970892286424e-07,3.85108516224996e-05,2.549339055751456e-05,0.0006758609735324029,0
0.2567903741152282,0.7423058923866688,4.745250128902691e-05,3.09531555592051e-07,3.6565736945971566e-05,2.420576470561282e-05,0.0007951999636068937,0
0.36975539057332407,0.6293144884638332,3.9150520250062956e-05,2.7241563217014206e-07,2.938781258616363e-05,2.458102207547113e-05,0.0008367291922986928,0
0.45383485969372356,0.5461212704835201,1.7865039283977675e-05,1.489984095311624e-07,1.1682747997496606e-05,1.146676403526927e-05,2.706273030142985e-06,0
0.5349861076398489,0.4649632277136995,1.9267503658831e-05,1.697814779431897e-07,1.396021181654159e-05,1.2979399250199023e-05,4.2877502480329655e-06,0
0.3693650315170869,0.6305689557772517,2.1398434236197934e-05,2.0580252167543134e-07,1.6308501232608286e-05,1.8794591192358224e-05,9.305376478724956e-06,0
0.5384983874619262,0.46143691377182283,2.47048813416799e-05,2.324662555174902e-07,1.7333203826641883e-05,1.8350678573789968e-05,4.077536253284009e-06,1
0.2876867316336771,0.7122556688551525,2.311014125169411e-05,1.9217871493164821e-07,1.8452095153232484e-05,1.183288332734801e-05,4.012212723311972e-06,1
0.15806142455589117,0.8418179388223552,4.527977943643874e-05,2.929653064825066e-07,3.507072636882679e-05,2.7913198659569415e-05,1.207995198220176e-05,1
0.4338379489594914,0.5660553301277396,3.349480128179503e-05,3.2125350920923743e-07,3.1578960969477124e-05,3.060844688508092e-05,1.0717450123339007e-05,1
0.13426831854531812,0.8656571647747247,3.002656181493336e-05,1.904974031959072e-07,2.246472723516225e-05,1.7001929479860045e-05,4.832964024072673e-06,1
0.4312834731625773,0.5686629919054311,1.99709741594402e-05,1.7434301107376752e-07,1.1963286683632912e-05,1.3080835856202032e-05,8.345492281175993e-06,1
0.3786018081104408,0.6213441534775084,1.740971247024045e-05,1.526167222368769e-07,1.559547593395242e-05,1.40950657744744e-05,6.785541149901667e-06,1
0.26018687853417755,0.7397464218131791,1.8346661044819947e-05,1.8237568360462321e-07,2.543532238036254e-05,1.8105953915781272e-05,4.629339618597643e-06,1
0.3946805198557063,0.595731043289835,2.6834657083346234e-05,2.7466264776067563e-07,0.009529860363780722,2.547069095802791e-05,5.996479988894685e-06,1
0.3745729595450217,0.6156162680993299,2.784291260064801e-05,2.8383075904010565e-07,0.009750128081829143,2.6320890761208452e-05,6.19663969852861e-06,1
0.23043169409808337,0.7482905815709401,1.8138247633472062e-05,2.0290533340955342e-07,0.02123827947936883,1.6676157131202727e-05,4.42754150965041e-06,1
0.06743961863182418,0.8672743000949071,1.8859008592031533e-05,1.567359191802943e-07,0.06524464022933844,1.778846751923789e-05,4.6368318999198846e-06,1
0.07855948027828012,0.8919966037060251,1.8588405773923755e-05,1.800563818461939e-07,0.02940177155364081,1.6195570014135366e-05,7.180429883944211e-06,1
0.07054567103894566,0.8584327283262851,1.9641413933569283e-05,1.7695214100224542e-07,0.0709772732954016,1.927407030144773e-05,5.234902991282487e-06,1
0.058169213659909014,0.8282233839541691,9.470833938491339e-05,1.49678542713032e-07,0.11330729827913266,0.00020081804042702692,4.42804843468558e-06,1
0.06111664896204029,0.9246530184531154,2.367759817140585e-05,1.8148506206621487e-07,0.014182161976285643,1.868777750521627e-05,5.623747819869813e-06,1
0.26828680635613283,0.7299896016553021,0.0006021565683772993,1.96613885961106e-07,0.0007534146125593732,0.0003625472921130463,5.2769016292826084e-06,0
0.27955309827742325,0.7185916157895221,0.0006825080913675963,1.9744571974720153e-07,0.0008032000120797388,0.0003640811567491216,5.299227138183888e-06,0
0.314877477894126,0.6827129404901353,0.001030188536441972,2.403896779903182e-07,0.0010757765018978304,0.0002969243917186439,6.451796002347301e-06,0
0.30968255797890787,0.6882079880505039,0.0009773403231637787,2.777502313675551e-07,0.0007900978356000654,0.00033528870880928844,6.4493527836740535e-06,0
0.08283652153133507,0.9106613165542141,0.0016683287504137669,2.2328283417715173e-07,0.004656820400327871,0.00017194184800613238,4.847632869036559e-06,1
0.07495000095407284,0.9183120342952878,0.001555209770908912,2.081434161596857e-07,0.005017744348805582,0.00016028354242588722,4.518945083116908e-06,1
0.06838597930368753,0.9177379950489708,0.0015087150135827065,2.0489366288831614e-07,0.012039968789997548,0.00032268855952460065,4.448390573933048e-06,1
0.08395943788246131,0.8903159861581211,0.0014342181004570556,2.3139287527889564e-07,0.023792041204332183,0.0004919602434667335,6.125018286230431e-06,1
0.0186182674054129,0.934568916687965,0.0029540343799189417,9.6249613135401e-124,0.04356006823407722,0.0002956440918843283,3.069200741645076e-06,1
0.03903938112659858,0.9386032329185281,0.0016505897155504373,2.4098793794888397e-07,0.020308286310578013,0.0003926405204488653,5.628420358096712e-06,1
0.03543278410854762,0.9411089027559599,0.00336879615444339,3.7353336152816e-49,0.01972253534734498,0.0003607208207819502,6.260812922124372e-06,1
0.038866739792793585,0.9050725220463394,0.0036825128110381756,2.472165009676216e-07,0.051967349843353286,0.00040651916713857294,4.10912283582857e-06,1
0.00530410680253387,0.08777811926008329,0.0016185436329611265,1.8757255050537363e-08,0.9047631725739788,0.0005357197766913234,3.191964965061566e-07,4
0.005505007072723932,0.1895632733704493,0.004426942152741528,5.120342645847444e-08,0.8000103831146962,0.0004935017528543483,8.413331083130325e-07,4
0.0004023488545672306,0.10127019360420511,0.2504089907708359,0.00017365250138046655,5.780663476532531e-05,0.6476695377291685,1.7469905077442258e-05,5
0.0004697156664592272,0.1527754494399187,0.3100604239283856,0.0002686603009656498,5.379400709812933e-05,0.5363516419631844,2.031469398831529e-05,5
0.0006472882973391613,0.10253210986975032,0.36204228776214603,0.0002417997861963676,7.747402163297621e-05,0.5344549971159428,4.0431469924279275e-06,5
0.00033807678562903967,0.06340225145215396,0.22783839745114406,0.00013998446364367424,6.774391430878396e-05,0.7082109484680922,2.5974650283323417e-06,5
0.0003052433397605767,0.05907841294200929,0.2382888154356504,0.00011683645895580636,5.6630939296799024e-05,0.7021517048708081,2.356013519084686e-06,5
0.00023179496480362475,0.061109888890782366,0.12471044292267802,6.54416867220857e-05,4.6304331401215534e-05,0.813832006906939,4.1202966735967155e-06,5
0.0007642734658870578,0.06410481767324298,0.22626209886890644,0.0015821888513507672,0.0001452904205056982,0.7071326018366346,8.728883472463535e-06,5
0.00048496763235214384,0.28084603859740637,0.09270481316177157,0.00019524302531442474,0.00012089703023543996,0.6256450028706961,3.037682223809229e-06,1
0.00040256081083727194,0.3775341103590814,0.06608899917057805,0.00042840131875644953,0.00011643142523580784,0.555426975403275,2.5215122360881103e-06,1
0.0034608541140057534,0.7986346413911425,0.16635745094333607,7.667155409487687e-05,0.0012194773281072092,0.030246736213114855,4.168456198880873e-06,1
0.001133999544597843,0.2783722283826795,0.673627842231207,0.00019849756383618416,0.0001764837877814245,0.046487548165767834,3.4003241302327947e-06,2
0.0010201214054724758,0.14958240609661708,0.749410999130746,0.008002023976870947,0.0002918656998331116,0.09167118125935345,2.1402431106810968e-05,2
0.00042316666538876687,0.44017772768354607,0.4445434893962895,0.02435726037786504,6.328117517135674e-05,0.09042116284782507,1.3911853914165043e-05,2
0.8274969557517105,0.009278897286282964,8.372066861846923e-06,1.342560185838364e-07,7.5708520341516656e-06,4.550578100792055e-06,0.16320351920899123,0
0.7679106990335984,0.01563601134620916,5.144934844187847e-06,1.7152537782106746e-07,7.657908877178379e-06,5.783003124159488e-06,0.21643453224796905,0
0.8502934353200046,0.12434698554281826,8.150710893437199e-06,2.0573045390600026e-07,1.0562919118045161e-05,6.190505032249983e-06,0.02533446927167949,0
0.6638219150933603,0.3358693635573064,1.5047809207371134e-05,2.5084099495540827e-07,1.7993177189536774e-05,8.457140721227025e-06,0.00026697238122030454,0
0.5661606161272011,0.43379137190309625,1.4904151547754292e-05,2.1388031804634408e-07,1.5133991818644462e-05,7.211006109827762e-06,1.0548939908387113e-05,0
0.7891122456784673,0.21085087398347063,9.889799211715111e-06,1.8493334215439007e-07,1.2575324907251683e-05,5.56471228980344e-06,8.665568310969383e-06,0
0.8095939089089408,0.19037451051450183,8.652043074201332e-06,1.6178804118494446e-07,1.0204797490870485e-05,4.980917367560555e-06,7.5810305835257555e-06,0
0.7878757515070544,0.21208697393206785,9.860185775490755e-06,1.8437958857290593e-07,1.0907725641672246e-05,7.411703714116199e-06,8.91056615789939e-06,0
0.8088239142867787,0.1911419981876233,9.049781827894296e-06,1.6922551847342475e-07,1.0673917142829983e-05,6.802539334752752e-06,7.392061773987228e-06,0
0.8787017611336218,0.12126215206820272,8.407155600418466e-06,1.4813317412501406e-07,6.646592062465705e-06,6.671985330104523e-06,1.4212932008373232e-05,0
0.9433753638363357,0.05656479504490689,5.507696339935587e-06,9.554855107608136e-08,4.4041898410322025e-06,4.303550064716459e-06,4.553013396063272e-05,0
0.9504467064420019,0.04822200548671263,7.1577942440787234e-06,1.1027962009181512e-07,5.083199870760209e-06,4.967044092642882e-06,0.0013139697534576707,0
0.8614147343073434,0.13231802029996573,1.4930792571292106e-05,2.1036232383808277e-07,1.6569675577155526e-06,9.47481444952972e-06,0.006240972455788323,0
0.8709079642375264,0.11919633838478273,1.4637741531534048e-05,2.062334808826725e-07,1.6275222534823328e-06,9.288849490691032e-06,0.009869937030934571,0
0.9576724193439301,0.010946182346436868,8.29854039481891e-06,1.1691946248552262e-07,5.94639575728437e-06,5.373571882842497e-06,0.03136166288213578,0
0.9429660257086275,0.021221155160666756,8.596893797143215e-06,1.2043096436751145e-07,6.124986895567614e-06,5.5726731332916545e-06,0.03579240414591541,0
0.932067852422568,0.02381775737750822,9.613370959512803e-06,1.354443205412266e-07,6.888549740932501e-06,6.224966973664996e-06,0.04409152786792928,0
0.9631468305612115,0.020758115643708837,1.1212341386628717e-05,1.2905287141931614e-07,6.6936657270789535e-06,5.97163257065618e-06,0.016071047102523682,0
0.9669029219129948,0.013850859751290308,1.2664913330344073e-05,1.2348806654856895e-07,7.382802919413926e-06,5.714133689383509e-06,0.01922033299770916,0
0.8393877714268818,0.0037080700033588288,1.8973971927196222e-05,1.660007133256843e-07,1.1300146381242023e-05,7.527692350028013e-06,0.15686619075838762,0
0.7821359232820503,0.006132910649403254,1.995073927670944e-05,1.8942052431203162e-07,1.2875128437682512e-05,8.589718702018097e-06,0.2116895610616055,0
0.8980601688534295,0.010790109671838407,1.9410120232623078e-05,2.1267033259742033e-07,1.300945570281016e-05,1.0124230939029081e-05,0.0911069649975249,0
0.9010682208387403,0.027111118957678287,1.5722232122202735e-05,2.4515605589078706e-07,1.216437415971147e-05,1.1107393290336235e-05,0.07178142104795346,0
0.8065460452852127,0.1612896054374554,1.5592836409231445e-05,2.431383943784361e-07,1.0474785596509447e-05,1.1015978212446252e-05,0.0321270225387193,0
0.7935316913361249,0.19079992843298837,1.5341231812957963e-05,2.3921513526440136e-07,1.0305765404679514e-05,1.0838225385573835e-05,0.015631655793148246,0
0.7148758606516404,0.26834176420987665,1.4298786620382446e-05,2.2296033442519836e-07,9.764932359528594e-06,1.0101761972010245e-05,0.016747986697196595,0
0.8505897167046889,0.13894892884634247,1.6393353867701574e-05,1.9620035357871362e-07,1.1534492203336679e-05,1.1581525278403346e-05,0.01042164887726575,0
0.8206856883837542,0.1686458278794541,1.5111582113528799e-05,1.8085974216963615e-07,1.0892568757825496e-05,9.656354835819804e-06,0.0106326423713423,0
0.7085214865637948,0.2913646240694119,1.6014695821549697e-05,2.497164291549547e-07,1.3415314299855095e-05,9.632720422828688e-06,7.457691981996938e-05,0
0.6292656977612632,0.37067998920849926,1.897733957845794e-05,2.765466358749929e-07,1.4452679179908374e-05,1.1126052805421875e-05,9.480412037976876e-06,0
0.7071961526440481,0.29275594518677267,1.6023191399105273e-05,1.687403898326032e-07,1.2500649730920126e-06,9.495760733641843e-06,2.096441168342764e-05,0
0.537463001552378,0.4624959810051343,1.3424951809877407e-05,1.7135048939450142e-07,1.3393731366787684e-05,9.49880031918116e-06,4.528608502340767e-06,0
0.6143080327503935,0.3856465138388623,1.413800914176333e-05,1.8045165597709536e-07,1.4410521489064953e-05,1.011693945051075e-05,6.607489006841255e-06,0
0.5362394003552801,0.4637117812937681,1.5184653488977216e-05,1.9381058818459397e-07,1.547734007050017e-05,1.0865901866704345e-05,7.09664493742129e-06,0
0.49610559993832115,0.5038229392098088,1.7559101346685166e-05,2.0806057584745148e-07,3.49398451033955e-05,1.1664820898923998e-05,7.089023945071675e-06,0
0.3141526781427267,0.6831744772318421,1.4723161344718283e-05,2.169277253847418e-07,0.002638739104567485,1.0730226096351535e-05,8.43520569738429e-06,0
0.4983212095642515,0.49717547073516377,1.82196907185136e-05,2.6844479743465535e-07,0.004455853797501766,1.3278493404908706e-05,1.5699274162050237e-05,0
0.4070750533697494,0.5820284741746102,2.0324599484735427e-05,3.610811615905668e-07,0.010836595026526652,1.5187200811149871e-05,2.4004547656213628e-05,0
0.6202463524589785,0.37970502996801,2.1241258804597553e-05,1.597865382318365e-07,9.49845763067915e-06,1.4146569873099374e-05,3.571500165004896e-06,1
0.22077700865624936,0.7791622050226938,2.527880452922189e-05,1.8231206805208435e-07,1.597561397946539e-05,1.5274606515058097e-05,4.074983965080168e-06,1
0.18823783109184206,0.8116993742390493,2.4866343043388646e-05,1.7933737411878668e-07,1.8715115705884946e-05,1.502537847536041e-05,4.008494509890914e-06,1
0.2015761545264778,0.7981150264405732,3.0614602521377296e-05,1.9191629876238921e-07,0.00026005202985736385,1.2890839429393704e-05,5.0696448421336884e-06,0
0.2977483591211512,0.7021526876911327,2.6189538122603507e-05,2.334802088610951e-07,5.026336098426331e-05,1.6099214797361734e-05,6.167593603180279e-06,1
0.34499454811925917,0.6523684581754069,2.4213163177880977e-05,1.904860087462656e-07,0.002587917611949731,1.362630487962688e-05,1.1046139317863793e-05,1
0.47961169199431347,0.5161321881914004,2.5372446246151427e-05,2.4093898191459933e-07,0.004201954147582543,1.5693394031859337e-05,1.2858887443875035e-05,1
0.3232197893909308,0.6750068918034057,1.3745949646365591e-05,1.5881323370501202e-07,0.0017431043642853878,1.1744875359784424e-05,4.564803138265346e-06,1
0.2712583011518905,0.7269233144575062,1.282150769190616e-05,1.4813273363500771e-07,0.0017902019294051986,1.095500955845347e-05,4.2578112138495385e-06,1
0.23358088892088769,0.7645733896645001,1.3139827488237581e-05,1.5578644554263772e-07,0.0018173089210291153,1.051421538671893e-05,4.602664262897476e-06,1
0.20416519020006033,0.7957920443256482,1.2083409154282027e-05,1.4980718773096747e-07,1.5006691344547289e-05,1.0996399594427376e-05,4.5291670107656205e-06,1
0.23404746580013333,0.7659030687974011,1.9529645913757896e-05,1.5289684870478832e-07,1.3553920794564945e-05,1.1031962220695613e-05,5.196976687710398e-06,0
0.8131596260047209,0.18680373915314571,1.4636472385369049e-05,1.3047192772080286e-07,8.882764850610525e-06,8.956226174542443e-06,4.0289067951767434e-06,0
0.38502493732393095,0.6149116483465428,2.181530711896601e-05,1.982729005108014e-07,2.1120725251013732e-05,1.3445331917182957e-05,6.834692338615236e-06,1
0.35389119638564276,0.6460430990356969,2.3600729741056557e-05,2.0584491742451512e-07,1.9007600988703068e-05,1.5794694641377878e-05,7.095708371843664e-06,1
0.4306906045393878,0.569224457851749,3.527786015778058e-05,2.3594038405922976e-07,1.7076482425284932e-05,1.851068296429847e-05,1.3836642931925697e-05,1
0.4302534432762325,0.5696621553499713,3.5242052286084634e-05,2.0391920619437947e-07,1.7059149387255757e-05,1.8073654508265403e-05,1.3822598408459899e-05,0
0.42568054342133904,0.5742555213495992,2.4240087038827807e-05,1.792174883227554e-07,1.351911012832781e-05,1.3848614071958312e-05,1.2148200334287978e-05,0
0.36514461612419613,0.6347860133903355,2.6274694032512036e-05,1.9426022123654091e-07,1.4944484776655069e-05,1.4789179246819714e-05,1.3167867191144887e-05,0
0.39995978890489325,0.5995562433017798,2.2120270208701153e-05,1.8020398058265903e-07,0.00043755859331424425,1.2219957932603296e-05,1.1888767890764044e-05,0
0.575309365799888,0.4210558252195419,4.376372182165031e-05,3.4603654058911066e-07,3.2591760812564696e-05,3.40422633185346e-05,0.0035240651980767727,0
0.39965997831225625,0.599191529129086,4.914264330662199e-05,3.541446011181385e-07,3.613731326925058e-05,2.76945620941043e-05,0.0010351638953866517,0
0.33833363079290146,0.6608637643965352,4.287405279241156e-05,2.950318912650744e-07,3.485285532855133e-05,2.3071872355484443e-05,0.0007015109981955354,0
0.3415071787792022,0.6576165494531618,4.344661703368496e-05,2.834012663260471e-07,3.347890051084534e-05,2.5572294542282784e-05,0.0007734905542827423,0
0.5794685268719725,0.42046674121109695,2.4145464752353928e-05,1.859807860566689e-07,1.8108741893955527e-05,1.8445726230696968e-05,3.846003267449669e-06,0
0.5135301464326744,0.4864103467617761,2.1828202920557068e-05,1.923458595528758e-07,1.581555876366792e-05,1.769306773548001e-05,3.977630270340755e-06,0
0.6363593542982995,0.3635738758517293,2.4678088201732047e-05,2.1975076203275644e-07,1.7815153223594784e-05,2.0200334941118236e-05,3.8565228428474835e-06,1
0.34191719454858704,0.6580286121662717,2.1103985042991525e-05,1.5980461358425722e-93,1.1991471317544059e-05,1.318329732476256e-05,7.914531455961463e-06,1
0.23241683211498762,0.7675336825222603,1.9766618297819255e-05,1.4855597789561307e-50,1.0981413047454172e-05,1.1786434723978602e-05,6.950896682684828e-06,1
0.2264382026514846,0.77344403049447,4.911761577491484e-05,3.177965427015269e-07,3.0689232784633025e-05,3.0279073437938764e-05,7.3631355050989455e-06,1
0.517923152707358,0.48201389166069764,2.5987314999556164e-05,2.351923704126363e-07,1.4901829605810642e-05,1.7705941743853277e-05,4.125353224787382e-06,1
0.37765725341642575,0.6222893653197518,1.777129901308213e-05,1.7402300149557314e-07,1.5026747623056384e-05,1.3534268350901206e-05,6.8749258339941e-06,1
0.28405949053677954,0.7072669423239529,2.5508242079902897e-05,2.1121941681159834e-07,0.008623648983298328,1.9587317510427663e-05,4.611376961895343e-06,1
0.38162833005137275,0.6112781192449604,2.68754906511878e-05,3.517587455373073e-07,0.0070347633725942535,2.5509449015713387e-05,6.050632660187708e-06,1
0.0777439660329661,0.8894527130725535,1.802264723359183e-05,1.745761681576347e-07,0.03276014584300427,1.981321520393093e-05,5.16461287056956e-06,1
0.039350288544054104,0.6481367639870065,8.185510649302091e-05,1.1151881035212739e-07,0.3123124551015049,0.00011265749052094591,5.86825161020055e-06,4
0.04870315013921033,0.8386605257809909,1.7849961605585454e-05,1.5804329506550076e-07,0.11260017860447159,1.346441120693086e-05,4.673059219594443e-06,1
0.06703425223786728,0.905160500184827,0.0002269335616464319,1.7004688068108257e-07,0.02734682613868099,0.00022604852162872886,5.269308468798351e-06,1
0.07032649903954503,0.9182677628547361,0.00014430667318373277,1.6676405433705332e-07,0.011125107057854508,0.00013099002836753387,5.167582259020766e-06,1
0.2810246179112038,0.7166823355233797,0.0004499850361035224,2.318370746915448e-07,0.0014118808071090254,0.00042472663164390184,6.2222534852392625e-06,0
0.30335209563304993,0.6946967835479078,0.0007255569352348099,2.3690610717238199e-07,0.000842851093588403,0.00037611758333973755,6.358300772165413e-06,0
0.3059081799107641,0.6920199250025496,0.0009654286032886367,2.743650410987284e-07,0.0007592613132120786,0.0003405600563864951,6.3707487581219294e-06,0
0.0830851084768288,0.9122155782863205,0.0016254872186349644,2.404254087156991e-07,0.0028228209368670004,0.00024554484529878083,5.21981064122947e-06,1
0.12205672362419796,0.868630338810284,0.0018644640806296082,1.8977397977842364e-07,0.007240366572592412,0.00020379700706906856,4.120131247222871e-06,1
0.18019640676188864,0.6536717104743802,0.002040196562898078,2.5722269908684107e-07,0.16335341263720204,0.0007300994114352714,7.91692949663573e-06,1
0.022478084560061756,0.9381540367337551,0.003417059358186167,6.018828063725516e-284,0.035673634681078606,0.00027458008553118404,2.604581387320941e-06,1
0.035872907557583975,0.9538538100213065,0.0017738620277842978,2.398407821580874e-07,0.008048407278329684,0.0004462978561485445,4.475418064663438e-06,1
0.039265149000866334,0.9293225938229146,0.0018884386197770106,2.4195796604358933e-07,0.028987604042078383,0.0005319968996549065,3.975656742769814e-06,1
0.03953460743944031,0.9188423568495967,0.00275187415242699,2.3033857709483048e-07,0.038419064018668535,0.0004480386158059859,3.828585484415504e-06,1
0.04229687781229081,0.9022013740997985,0.003254645847376431,2.464322597805183e-07,0.051802494601198144,0.00044026511954874044,4.096087527270645e-06,1
0.038865974445623196,0.9050546997464131,0.0036445621576707892,2.472116328863136e-07,0.051966326524588526,0.0004604762370468365,7.713677024585215e-06,1
0.019560531412868423,0.9248861064266407,0.00679609335804085,2.439709079665204e-07,0.04795897671374175,0.0007937085665904023,4.339551210056737e-06,1
0.0040387671610345845,0.08784131928611623,0.0022203560420234842,1.877076022719748e-08,0.9054145997923142,0.0004846195214341635,3.194263171842351e-07,4
0.028619213373635863,0.8851102758122766,0.020874548505166245,2.5747119276236213e-07,0.0625851108785955,0.0028066799817311706,3.9139774017882554e-06,4
0.000652133416760188,0.06208510155679158,0.8340836536229965,0.0003520423307143439,0.00013292175808103822,0.10268938712234353,4.7601923127866275e-06,5
0.00039855250344455594,0.10188580956786226,0.26007678137037826,0.0001868285704846662,5.1300130103347434e-05,0.6373736661153342,2.7061742392641842e-05,5
0.0004459429933481163,0.07913623080714133,0.29648417703732416,0.0001765339280421387,6.307741820133387e-05,0.6236907459863938,3.291829548994132e-06,5
0.00035664673510393607,0.07602835574868344,0.11786403787935953,0.00012082312130200923,6.497124968984817e-05,0.8055609584404763,4.206825384986771e-06,5
0.0006045803396420747,0.30114277681346885,0.5431934500689808,0.00048799647886020017,9.691406342408212e-05,0.15445332592717223,2.0956308451783216e-05,1
0.00047664061274266283,0.2760238395172261,0.09164084423001093,0.00020418448077406067,9.68540368605904e-05,0.6315546515979508,2.985524434798961e-06,1
0.0025658467858587514,0.8324940414171661,0.12010062462617582,5.793899976207621e-05,0.0017554243502355574,0.04302166895304248,4.454867759274521e-06,1
0.0015973434449914079,0.5330007279498122,0.42618346952918296,0.00011202740408697318,0.001387644477371057,0.037715976344739756,2.8108498156642303e-06,1
0.0008076906016456911,0.14021501914263856,0.7846094640696938,0.0008567874433781254,0.00030810073906799214,0.0731890175188494,1.3920484726300421e-05,2
0.0011430430721189923,0.1466244053277496,0.5720768678715608,0.031527141862755445,0.00035236371432698836,0.2482531559309478,2.30222205403746e-05,2
0.00024710933067643786,0.2664754262344743,0.2678629506782869,0.0012277481189904341,3.527347761853583e-05,0.46414519401298787,6.298146965623339e-06,2
0.0003106430444977174,0.16542757534223085,0.3350486562198949,0.0006368074228816303,4.2934003310257646e-05,0.49852376616691774,9.617800266896368e-06,2
0.0007421174794790454,0.07122495567277992,0.7614422914472694,0.00020657175336327659,0.00013861925057459144,0.1662363741874827,9.070209051114716e-06,2
0.932534848739359,0.006636717930632778,5.199224034876765e-06,1.4962558851735497e-07,6.503907161194926e-06,5.071526279471935e-06,0.06081150904694416,0
0.7752388657430325,0.007544708464922036,4.550124444119034e-06,1.3094551094770245e-07,6.031395679048958e-06,4.438369175557998e-06,0.21720127495723568,0
0.746317269782022,0.011897334201150953,4.940821309104201e-06,1.4218915960818506e-07,8.01821102404974e-06,4.81947016385702e-06,0.24176747532517032,0
0.8401286604706107,0.1339582624467456,8.166585999874989e-06,2.061311542738519e-07,1.0583492472625529e-05,6.202562253709007e-06,0.025887918310763137,0
0.6846031472680247,0.31285700848439024,1.5132031135374611e-05,2.780102579616575e-07,1.738311804960532e-05,8.293793395497602e-06,0.0024987572947465274,0
0.695427417769698,0.30425500465225286,1.776675585036549e-05,2.4844949546874173e-07,1.8227277278317924e-05,7.802645540516e-06,0.0002735324498844752,0
0.7974361647435891,0.202529785131134,9.202208868939908e-06,1.599719333058002e-07,1.0853699775979514e-05,5.518286683996012e-06,8.315958014636541e-06,0
0.8125753647767773,0.18739293834626541,8.683905572558211e-06,1.623838508858681e-07,1.0242378249599564e-05,4.999260372799731e-06,7.608948911305619e-06,0
0.808477501895399,0.19149078574671483,9.079829006772369e-06,1.697873827836375e-07,1.0044464266114806e-05,5.227190572960409e-06,7.191086657651766e-06,0
0.8128286028400228,0.1871376452509988,9.570160591750428e-06,1.7895629074957855e-07,1.0107824374720756e-05,5.509470849021813e-06,8.385496872021776e-06,0
0.9433920354984695,0.055196383243348246,6.3916361972083725e-06,1.0045826450192724e-07,4.017238908315637e-06,4.524685783610964e-06,0.001396547239028823,0
0.8741310881419444,0.11353027357178083,1.5047276452747904e-05,2.1200348386865182e-07,1.680591238089549e-06,9.548733041452079e-06,0.012312149682058371,0
0.8837281533136127,0.10591657606690087,1.5317548238998232e-05,2.158113862791913e-07,1.6998883598827352e-06,9.720242692626826e-06,0.01032831712880855,0
0.9619621549126032,0.008014938323580892,7.989636336756775e-06,1.1256726382046935e-07,6.333386509977411e-06,5.0700806034598694e-06,0.030003401093101994,0
0.9628818856050584,0.0077358735987674695,8.002058036729462e-06,1.1209811229823088e-07,5.701187169350229e-06,5.083352266953249e-06,0.029363342100589003,0
0.952832283355536,0.0225703911958639,8.224660091965352e-06,1.1521646885989467e-07,6.2990986445250115e-06,5.331384033170446e-06,0.024577355089361503,0
0.9464826281103019,0.015220715864221053,8.579651902254077e-06,1.208800874610105e-07,6.147828804013881e-06,5.555600627709509e-06,0.03827625206405563,0
0.8734927532050748,0.0071093943554337334,1.88301228415455e-05,1.7460685747643095e-07,1.2471838291121724e-05,8.212644748371612e-06,0.1193581632267529,0
0.8861905358643793,0.004121598982201457,1.879478699095819e-05,1.6886662989595453e-07,1.1495237571584937e-05,7.65765407012927e-06,0.10964974860815671,0
0.749226040256963,0.004036176004911804,1.9001655999800965e-05,1.9215259726477814e-07,1.1470802175562455e-05,7.538675668774554e-06,0.24669958045168378,0
0.7795103796925206,0.006727889723880106,1.905628439522707e-05,1.7206464425389167e-07,1.2113288986747519e-05,8.493605290219303e-06,0.21372189534028282,0
0.9160489919163777,0.01028074820949876,1.8715269570796874e-05,2.0505708138696423e-07,1.2543738396747153e-05,9.76179997599764e-06,0.0736290340090986,0
0.832066268034454,0.010867870421589328,1.5681671069952118e-05,1.9828607900185567e-07,1.7422772855249484e-05,9.299971663076066e-06,0.1570232588422891,0
0.8809228281659457,0.02732943823343415,1.5550976678773198e-05,2.4248567749065367e-07,1.1882537017604844e-05,1.0986405281222913e-05,0.09170907119596493,0
0.8135561336922891,0.1520635979312546,1.6667106491130053e-05,2.598894392805029e-07,1.1149366209448318e-05,1.1774925174108196e-05,0.03434041708914221,0
0.830576520185568,0.1516159791081284,1.800633248286324e-05,2.1383371949729812e-07,1.278002246946519e-05,1.2721057356816164e-05,0.017763779460274968,0
0.840437021480298,0.14857372870488475,1.7164438096792107e-05,2.2274348899099818e-07,1.2279410849893463e-05,1.1424951890436712e-05,0.010948158270490964,0
0.6283896029128541,0.3714704937451586,1.5539171517567386e-05,2.217844634526074e-07,1.466649765658684e-05,9.671336506448167e-06,9.980455184320229e-05,0
0.7140417809390603,0.28576722956664613,1.735871011870379e-05,2.487450462375655e-07,1.2141306614411362e-05,9.595249680121107e-06,0.0001516454828339918,0
0.6936157174375731,0.3063353489622879,1.6714355176244592e-05,1.8563759937779002e-07,1.3221493366945934e-05,8.690463697223432e-06,1.0121650299309675e-05,0
0.6655616114129749,0.3343895030727979,1.6622423166724475e-05,2.53813190314991e-07,1.3264600379770163e-05,1.004360030229375e-05,8.701077188106721e-06,0
0.644520187151277,0.35542461469735565,1.9573226302885323e-05,2.852301749096226e-07,1.7581603467566215e-05,1.1475409844358715e-05,6.2826815773750505e-06,0
0.5362394003552801,0.4637117812937681,1.5184653488977216e-05,1.9381058818459397e-07,1.547734007050017e-05,1.0865901866704345e-05,7.09664493742129e-06,0
0.4120439078805134,0.5672731872324478,1.9454233363737724e-05,9.132606870914237e-85,0.020625937224631265,1.4536834978910904e-05,2.297659406502309e-05,0
0.4407695299728142,0.5364496152973949,3.957690881090288e-05,2.671880390008917e-07,0.022663872183261272,6.095124073388527e-05,1.618720894583458e-05,0
0.5246142339459404,0.47532685905032085,2.448659612470778e-05,1.76668694330193e-07,1.4844518240403574e-05,1.680174021093692e-05,2.597480468457505e-06,0
0.5560221942411587,0.4439189479998364,2.574052011355487e-05,1.6010276692863071e-07,1.447576858304836e-05,1.5948410556690438e-05,2.5329569846219983e-06,1
0.5275753080724171,0.47236314672011914,2.604852862001884e-05,1.686169877581764e-07,1.5403306459186066e-05,1.722949866758076e-05,2.6952567290801754e-06,1
0.7228052548248374,0.277156609321223,1.6356018792552252e-05,1.336259546417475e-07,7.904163987226087e-06,1.0755278458121781e-05,2.9867667472681356e-06,1
0.33461416559158796,0.6653246309710258,2.4210338358035916e-05,1.880559682121874e-07,1.7002470631861222e-05,1.559920255132294e-05,4.2033698766631275e-06,1
0.3370750512073478,0.6628665388734825,2.211935630166185e-05,1.9679554101594636e-07,1.760755374830578e-05,1.4299539752952213e-05,4.186673825605202e-06,1
0.17948918089772875,0.8204472853499885,2.2046252132867738e-05,1.7333790777114252e-07,2.29170392985142e-05,1.4522726683080718e-05,3.874396260516092e-06,1
0.30233259824250025,0.6974087952524819,5.0353541442431245e-05,3.1565542281537506e-07,0.0001783966995995439,2.120228139439198e-05,8.338327158699368e-06,1
0.25906544546933813,0.7408406711279858,2.6674993305315315e-05,2.429568000676036e-07,4.379486974867223e-05,1.6752656380802905e-05,6.417926441198205e-06,1
0.3321691211508065,0.6641489282085926,2.8668302197216036e-05,2.2447739540662778e-07,0.003625207582140947,1.602133517648391e-05,1.1828943690588602e-05,1
0.3422193965564276,0.6544859097752124,1.3398903636643854e-05,1.726077848329009e-07,0.0032656561768449823,1.07725657404866e-05,4.693414353087481e-06,1
0.3178844191415701,0.6820655194376812,1.7479961798648672e-05,1.7553073839572534e-07,1.4943892299652746e-05,1.2481323553371744e-05,4.980712358629414e-06,0
0.28662799828167607,0.7133208153487459,2.092646785122083e-05,2.162968926103253e-07,1.5111681316628618e-05,9.09421161306463e-06,5.837711904499011e-06,0
0.2773743624473095,0.722569978892745,2.4109184618152376e-05,2.0257085490659003e-07,1.547760237954027e-05,9.614017081850128e-06,6.255285011074416e-06,0
0.3856376316374375,0.6143072381364676,2.3263831622151314e-05,1.9650287953142022e-07,1.54589572879896e-05,1.0143025288698982e-05,6.067909016490343e-06,0
0.36564854216102466,0.6342951424810835,2.2720473362746525e-05,2.407882770055721e-07,1.6500289806596375e-05,1.0405485122221526e-05,6.448321323369047e-06,0
0.3203207089461562,0.6796226759875569,2.0765478386252024e-05,1.7545588194455378e-07,1.468679870196504e-05,1.4481550232236163e-05,6.505783084337521e-06,1
0.3245324802327213,0.6753914046325474,3.548002917323612e-05,1.8475522668185182e-07,1.560304176009572e-05,1.4529611325579842e-05,1.0317697245859226e-05,1
0.3517168622556895,0.648202439196036,3.750019031130689e-05,2.1465406583877764e-07,1.5647154215204996e-05,1.4417525821255226e-05,1.2919023860916148e-05,1
0.4619096821864241,0.5380153257899069,2.744208133271458e-05,2.0479555881320697e-07,1.7132461904107365e-05,1.6330683181936493e-05,1.3882001691457716e-05,0
0.4172652843076428,0.5826676160926701,2.527040961995133e-05,1.8683511052251905e-07,1.4540548440438158e-05,1.443724808852551e-05,1.2664558427572883e-05,0
0.39063897349889687,0.6092944417775464,2.5219561703813345e-05,1.8645916980076752e-07,1.4344348044174663e-05,1.419527923341022e-05,1.2639075405550897e-05,0
0.3267116341147053,0.6732222186006833,2.4770428141947264e-05,2.0084755672559413e-07,1.8195991376054695e-05,1.5209641595638738e-05,7.770375941128151e-06,0
0.3490870240599019,0.6508452023990797,2.2343403086538834e-05,1.8116836306381426e-07,1.873476147236103e-05,1.3719389548929647e-05,1.2794818547496533e-05,0
0.5203524944007881,0.4789269877205903,2.1825593531170893e-05,2.1221102052444803e-07,0.0006756337913512981,1.4735635153434576e-05,8.110647565340735e-06,0
0.3818288123501151,0.6162283411285223,5.0623397877101525e-05,3.648156029493664e-07,4.3096579751674e-05,2.8529048125765337e-05,0.0018202326800052734,0
0.347244723753317,0.6517459271219815,4.6250778793338486e-05,3.333044888320645e-07,3.937409301689231e-05,2.4475511596363345e-05,0.0008989154368061912,0
0.45214310091994975,0.5472269110360476,3.6487815513661814e-05,2.7463458592252584e-07,2.9627190174347308e-05,2.0167211116967636e-05,0.0005434311926117331,0
0.5117390245901868,0.48819070049789043,2.607084124731462e-05,2.0081102592409259e-07,1.955274582403245e-05,1.9916601530937424e-05,4.533912294563723e-06,0
0.3745389234459593,0.62539420791173,2.4075424739838812e-05,2.1214793918393198e-07,1.606170488867642e-05,2.1729487567082785e-05,4.789877175847772e-06,0
0.31895516909681226,0.6809746893183368,2.2006150371930564e-05,2.531466890780658e-07,1.7152640144949755e-05,2.147980663199061e-05,9.249841012990525e-06,1
0.2719711839105972,0.7279818426321123,1.8052753403656654e-05,1.3669993017556928e-93,1.0792664275751746e-05,1.1357797668979901e-05,6.770241941931483e-06,1
0.3103915565401961,0.6895546704806864,1.9909218005691626e-05,2.0095595745380494e-07,1.3823023503972002e-05,1.2373318238349774e-05,7.466463411940733e-06,1
0.22616130367853515,0.7737684480000878,2.3028143779675134e-05,2.0163877371610526e-07,1.3622079681292517e-05,1.4518549810404396e-05,1.8877909332041922e-05,1
0.16330438247626244,0.8366512511014061,1.753721545579379e-05,1.1144628213345003e-93,9.817036580348238e-06,1.1492648137611514e-05,5.519522157788626e-06,1
0.4053770081412691,0.5894902057618365,2.2847244743687583e-05,3.3342460806279856e-07,0.005083733504926909,2.0136657042739042e-05,5.735265572924006e-06,1
0.08357216102037938,0.898266880924984,1.6208354040092878e-05,1.5369953386699866e-07,0.018123428535269336,1.2923774911649197e-05,8.243690881550776e-06,1
0.08253231575177848,0.8844092058494846,1.9725108696689506e-05,1.7770615838484776e-07,0.03301512348168441,1.819489256568617e-05,5.25720963210247e-06,1
0.0707892206450857,0.8868791514409707,9.233726474387403e-05,1.8576809859837344e-07,0.04208877896223795,0.00014556595330535494,4.759965558018822e-06,1
0.060141046519554715,0.8564261441352616,0.00014172351674825726,1.3433780105068827e-07,0.08315687964028218,0.00012700283648056816,7.069013871626761e-06,1
0.050160326717290836,0.7788587249818212,8.861624655803311e-05,1.4877254889952846e-07,0.1707743107031465,0.00011004399126982579,7.82858736455884e-06,1
0.06472232844957475,0.910888918051919,0.00046692927361132076,1.718633547683226e-07,0.02362986832502661,0.0002864584402596631,5.325596253983882e-06,1
0.30125145186753827,0.6970278735986171,0.0003811584651209916,2.3375651583805388e-07,0.0008316456564125543,0.0005013628866091481,6.27376918599363e-06,0
0.15226477768230456,0.8448709325324412,0.0005768634357553344,2.231602125351459e-07,0.002119041489138547,0.00016217232415145744,5.989375996315517e-06,0
0.07528543979156561,0.9194704616478261,0.0013228254386554088,2.3476320225427965e-07,0.003744133260952184,0.0001706043102500593,6.3007875482216635e-06,0
0.05594856181793757,0.9314204944064639,0.0021620967049853367,2.0427032626094174e-07,0.010135514140487759,0.0003286938023172379,4.434857481993982e-06,1
0.05981771495578279,0.9160226533115285,0.00253091906774937,2.0560524477407398e-07,0.021202472643056233,0.00042126283015089973,4.771586487089544e-06,1
0.05935610367985079,0.9163875679133543,0.002216825552330915,2.056871514340881e-07,0.021515432326930196,0.0005180083072069846,5.85653317535623e-06,1
0.20119212364069247,0.6369858514002923,0.001988117771990559,2.5065673999935845e-07,0.15918359470128798,0.0006423469898884607,7.714839108198258e-06,1
0.14864878234954848,0.5394750192940979,0.0014311741147572667,2.05797813914851e-07,0.3096870241749377,0.0007504810530992535,7.31321574538137e-06,1
0.023235362912574792,0.965683799004526,0.004220447641401445,8.473932025106907e-08,0.006161123732038958,0.0006971613230524836,2.020647086024321e-06,1
0.01680477271175254,0.9702664248312071,0.0031732444810552572,1.0099555808009358e-07,0.00954127811148559,0.0002117705884704876,2.4082804709512336e-06,1
0.019513281058640523,0.9743563617347848,0.0015018256192015085,7.258815290176953e-284,0.0045189353974397556,0.00010645099726191953,3.1451926715302746e-06,1
0.031764406230876126,0.9548615856923182,0.0017478144922125837,3.642635007507893e-49,0.011398152758778183,0.00022192999515260154,6.110830662340366e-06,1
0.0347649104021277,0.9555798477129367,0.0013984163667235267,2.3581203322316606e-07,0.007906357203549506,0.0003447201061860128,5.512396443426383e-06,1
0.04282812588450618,0.9135330081477684,0.003261625883615718,2.4952744480862067e-07,0.03992474067013616,0.00044579484202759387,6.455044500821199e-06,1
0.04743299837645696,0.9109671403148001,0.003129964899129093,2.3930702958961086e-07,0.03803193562867551,0.000428673860019573,9.047613889286017e-06,1
0.020819160476771327,0.9191487511657176,0.0033523001944543423,2.3977331403172666e-07,0.05621460778129041,0.0004606757205450804,4.264887906997831e-06,1
0.01597862599886862,0.9288936931053822,0.006278059306948529,2.450280484662784e-07,0.04816678582112107,0.0006782323848868252,4.3583547443517124e-06,1
0.01892687810614661,0.9177052515803982,0.006896579142953387,2.3768647585617088e-07,0.05542081989686728,0.0010467716941179933,3.4618930408133126e-06,1
0.0034918143079505867,0.09496331544454306,0.0026821945484776775,2.1759561350496814e-08,0.8983304261324517,0.0005319108799638375,3.169270516510943e-07,4
0.005134790407332667,0.2029185167453565,0.0037229968553156353,6.762785545582124e-08,0.7873783153390563,0.0008443572862170776,9.557388663934197e-07,1
0.020849735676906,0.9030876823512405,0.016555126305841477,2.8580391449399463e-07,0.056047069064826795,0.00345551385337818,4.5869438926796275e-06,1
0.0007275162127706352,0.12257641858209531,0.7563759656178413,0.0002033296857868495,0.0001721211324937829,0.11993973363573147,4.915133280425665e-06,5
0.00042001428901699867,0.17852354103853363,0.36545787273080843,0.0005151155457616721,7.24442479032041e-05,0.4549802225623076,3.078958566855425e-05,5
0.0003945201953830744,0.07664834342964306,0.37821678700144123,0.001419259815531823,5.511389804959492e-05,0.5432586673453051,7.308314646098275e-06,5
0.000315543982532186,0.10157202139626186,0.27736455410481736,8.541874466987896e-05,6.371476061883167e-05,0.6205947875475659,3.959463534073246e-06,5
0.0004022358028189688,0.10637266500911083,0.0889628787778493,5.1427754930706165e-05,8.947003263244903e-05,0.804115370023514,5.952599143774659e-06,5
0.0002867466406439665,0.14176713498257534,0.05745464004777365,2.2826097492907124e-05,9.032401198809076e-05,0.8003755067180303,2.8215014957338334e-06,5
0.0007189927265977732,0.4941508439237579,0.3356439324762317,0.00038412009791824426,0.0001827615593771749,0.16891569335795426,3.655858163100223e-06,5
0.0010590903933376575,0.45526530696676937,0.3783222018888688,0.0008144151076643703,0.00015669745321235514,0.16434143642784355,4.0851762303953115e-05,1
0.0005592571793262283,0.06352585326498095,0.3358626249052265,0.0007876850616980932,0.00010769854881683295,0.5991532396478116,3.6413921398320794e-06,1
0.00048553861548429145,0.2746310653713529,0.06820186150267689,0.00013479321514345304,0.00014760869803855404,0.6563960165912008,3.116006103217113e-06,1
0.0008682775422975347,0.645813381720029,0.06859260107855585,0.00012094926782776734,0.0006545879171985466,0.28394622996190944,3.972512181968868e-06,1
0.0008939204320463171,0.570089843903461,0.10319379799083563,0.00012601926848208032,0.0005968487438477533,0.32509537046512016,4.199196207105315e-06,1
0.0008696027811922906,0.8201404262984408,0.08555549639844597,0.00012639761490087592,0.0009824115901202984,0.09232168674153252,3.9785753672949636e-06,1
0.000778815814560955,0.7027714942784451,0.09775615466315514,0.00010124223201988557,0.0007156543233380839,0.19787307547837793,3.5632101029203204e-06,1
0.0033492863424320644,0.6307789432754155,0.10562829369969176,9.136489873159505e-05,0.0011216847551965468,0.25902699232342796,3.4347051045573576e-06,1
0.0009786290406206448,0.3011801826785046,0.6489760817092894,6.361092747730184e-05,0.00044053018572815785,0.048359323707231394,1.6417511484131502e-06,2
0.0021482128340559545,0.1720877080590638,0.7531666365316861,0.00017195364007273204,0.0004818256299666857,0.07193731441840778,6.348886746892703e-06,2
0.00046775407446747946,0.2873988220578643,0.27394575739167715,0.0003962485776297291,8.669675768050761e-05,0.4376954087002613,9.312440419635039e-06,2
0.0005264683957266951,0.1446315402774611,0.7114807994380073,4.9593538525011034e-05,6.665899566449345e-05,0.1432315157261479,1.34236284673222e-05,2
0.0004233243644720727,0.04089615372106112,0.5089840168164277,7.016301988991472e-05,8.353347313600984e-05,0.4495361858247784,6.622780234919841e-06,2
0.0007473910934049795,0.0719415324794594,0.7523883949845794,0.0001909722513379468,0.00014911437303106673,0.17457343335598788,9.161462199345834e-06,2
0.0007951973513635061,0.07654321356716969,0.7554005195966372,0.00011228175536622227,0.0001586523515343569,0.1669803879103182,9.747467610761546e-06,2
0.8424398924679073,0.0041946956330918515,5.155071959520054e-06,1.1260176694900876e-07,8.365907655763323e-06,5.0284586199591455e-06,0.1533467498589989,0
0.7956604918425731,0.013933481850222727,9.868765750671325e-06,1.5825735984738284e-07,9.229420355844745e-06,5.364098262462339e-06,0.1903814057654754,0
0.7268105446045474,0.26344390310950594,1.1268803120295407e-05,2.844335925081587e-07,1.4566196997584446e-05,8.558711422311906e-06,0.009710874140813985,0
0.5573885729455712,0.44256165500936245,1.5593133752073708e-05,2.2376747817860342e-07,1.537419927163128e-05,7.544353155380213e-06,1.1036591409247537e-05,0
0.5601833392406348,0.4397675975514289,1.52557556139737e-05,2.2235475029273488e-07,1.545493477907647e-05,7.496722828711658e-06,1.0633439964174928e-05,0
0.7968509226608067,0.20311305429522147,1.0578745369733853e-05,1.8228274798510763e-07,1.2379181354614056e-05,5.4849549362767104e-06,7.3978795633167205e-06,0
0.8059144261542289,0.19405251723107117,9.023958124626086e-06,1.6874263063617362e-07,1.0761980528166103e-05,5.1950261182949965e-06,7.906907298142536e-06,0
0.8819728892588541,0.10379659069876693,1.474143110245524e-05,2.1239663153249822e-07,1.7055184674305813e-06,9.566440590495309e-06,0.014204294255587018,0
0.8946537769584599,0.08477112696892883,1.5400553640077138e-05,2.1698086264681856e-07,1.709100011310226e-06,9.772916438496388e-06,0.02054799652165852,0
0.9443606591872924,0.04425773253221275,9.930781014433209e-06,1.3991636155604942e-07,1.1042263460829377e-06,6.301896366277391e-06,0.011364131460406464,0
0.9756794056959367,0.006425427034504393,8.503160288639925e-06,1.1911788349330634e-07,6.058205041004167e-06,5.401680284137381e-06,0.017875085106061808,0
0.9741159344440001,0.008281148288940679,8.408376364783207e-06,1.1779008770729876e-07,6.1094919036257715e-06,5.450472480909646e-06,0.017582831136221926,0
0.9467075231266153,0.00789172346561249,1.563354953801584e-05,1.5243347943924708e-07,9.910249364975541e-06,7.053517838593481e-06,0.04536800365755106,0
0.9556428897387798,0.013191372746598741,1.9236584196967233e-05,2.043614847253683e-07,1.3638721647302644e-05,9.456369974198068e-06,0.031123201477317956,0
0.9503566826512319,0.01286035073940666,1.825847877176857e-05,1.9397049873404816e-07,1.3184395373165874e-05,8.975550371313107e-06,0.03674235421434634,0
0.7531819258012936,0.016054518739561686,1.3347672616849297e-05,1.9050606438845783e-07,1.2759540462766593e-05,8.827572352537766e-06,0.23072843016764805,0
0.8130689973923133,0.1500366606432145,1.6233127358658232e-05,1.9428271683514746e-07,1.1712742148931998e-05,1.1468328956300407e-05,0.03685473348329126,0
0.8334769760909646,0.1500982740490815,1.6239793584500327e-05,1.9436250013500238e-07,1.1317146509185164e-05,1.1473038490647364e-05,0.01638552551886932,0
0.8481097754773067,0.14272481465086717,1.6882279339679357e-05,1.8494299707693302e-07,1.1925497212278777e-05,1.2232110920608718e-05,0.009124185041356373,0
0.73457903412351,0.2588568263866194,1.7966014913013794e-05,2.271703466103404e-07,1.4010172626406321e-05,1.0430954359948435e-05,0.006521505177624442,0
0.7961255012570694,0.20166364411310597,1.5486851099056653e-05,1.9582268795329974e-07,1.358335750055799e-05,8.991567566637317e-06,0.002172597030970576,0
0.7028281474474929,0.2954939357480873,1.7374308005042474e-05,1.6862072460670401e-07,1.4492356436076254e-05,1.0087413080404899e-05,0.001635794106173637,0
0.7133856575914962,0.2865660693649804,1.580670653826675e-05,2.413577475804862e-07,1.4368925846882229e-05,9.581966496169594e-06,8.274086894535013e-06,0
0.7379791424200598,0.2619892140615879,1.248818571509149e-05,2.043913843422748e-07,1.176158786114311e-06,9.117183109557713e-06,8.65759935740989e-06,0
0.6741265997222983,0.325830969347016,1.431959187333016e-05,1.8232874264457104e-07,9.612652060818157e-06,9.013701247526052e-06,9.302656761487264e-06,0
0.6465522846096258,0.3534066174498729,1.4441571690802634e-05,1.789058334505235e-07,9.78401603610647e-06,9.01490331684924e-06,7.678543624075724e-06,0
0.580590300590861,0.41936170115496807,1.5137189728840687e-05,1.9320478053306005e-07,1.4657353161432655e-05,1.0063445455443174e-05,7.947061044623939e-06,0
0.6380215449368368,0.361929060443486,1.4425962110973052e-05,1.8412696765757257e-07,1.4704024796993869e-05,1.1911315120510882e-05,8.16919068110262e-06,0
0.3710772747697282,0.6039562129096231,2.1090322343959924e-05,3.746847801845216e-07,0.024909736808378373,1.575937379972287e-05,1.955113134649173e-05,0
0.39583828198412657,0.5756597532915343,4.332406299187811e-05,2.921046249086811e-07,0.028388208424877458,5.1495195747359796e-05,1.8644936097542817e-05,0
0.27609559270437595,0.7238453600550787,2.575733413383004e-05,1.687814557491185e-07,1.2982812576230251e-05,1.6227757787500456e-05,3.910554592142987e-06,1
0.40141860241958555,0.598526748696248,2.207734175846068e-05,1.684571141660451e-07,1.1237514908456372e-05,1.7262530572796532e-05,3.903039812385453e-06,1
0.3679018834115219,0.6320414621487185,2.3408435261721238e-05,1.3603086621600375e-07,1.3271344360117357e-05,1.6247669809040083e-05,3.5909594626216838e-06,0
0.5551902961147644,0.44475361499086624,2.002429422797701e-05,2.3138308947215663e-07,1.5491060745008505e-05,1.7786985799728068e-05,2.5551705070280236e-06,0
0.5660636504441359,0.4338784595480563,2.4165373412570948e-05,1.7505859947792204e-07,1.305904343266162e-05,1.7916724396129686e-05,2.5738079669597507e-06,0
0.5968370002695553,0.40310467084874735,2.5373453517440208e-05,1.5781965930587196e-07,1.3207734960235728e-05,1.7093037209458507e-05,2.4968363509149717e-06,0
0.3942514245333358,0.60569060427502,2.2432753306722368e-05,1.74248417365079e-07,1.5754105690255093e-05,1.5715336535345406e-05,3.8947476943788395e-06,1
0.3547284610218726,0.645211465100927,2.4001651799986837e-05,1.6689773214906633e-07,1.707309501851146e-05,1.466509468287534e-05,4.167137967022061e-06,1
0.23129969331575784,0.7686400082643579,2.2296186879637004e-05,1.753030112192568e-07,1.8185802190443452e-05,1.5722808147029348e-05,3.918319655858751e-06,1
0.1695492107195306,0.8303754007840873,2.9231858387581943e-05,2.1870163690110274e-07,2.5470746571794537e-05,1.4689985699068633e-05,5.7772040865304325e-06,1
0.21541975968461255,0.7845087190567159,2.5271477782281528e-05,2.2352517841789598e-07,2.500571028459838e-05,1.511592307154059e-05,5.904622354437446e-06,1
0.284301631733577,0.7124446744815571,2.8200669328402203e-05,2.2081575518546207e-07,0.0031978763103151335,1.5759997658856697e-05,1.163599180822689e-05,1
0.3193429395686712,0.6760073311030649,1.9599474904682396e-05,1.5946164540403973e-07,0.004608775392772419,1.1705752181991747e-05,9.489246759478754e-06,1
0.36373121961954485,0.6302763580148392,2.064222938607247e-05,2.002644377409275e-07,0.005947605670271533,1.328611010654077e-05,1.0688091414092042e-05,1
0.8687139857206547,0.13074554071439193,1.0064095356986759e-05,1.138458517373084e-07,0.0005208554100215703,5.906446473901786e-06,3.5337672489976605e-06,0
0.3673674246301976,0.6289566500734468,2.2500403093283488e-05,2.2640055910028984e-07,0.003632923208277824,1.4122404985428671e-05,6.152879439817755e-06,1
0.3039687529967374,0.694681014994456,1.297927745933708e-05,1.6720206307483603e-07,0.0013221533564327548,1.0385746608440456e-05,4.546426242947139e-06,1
0.21572197493678458,0.784241103922662,1.074612761615576e-05,1.3352751552251251e-07,1.3375901662670185e-05,8.838357627089097e-06,3.827226131900658e-06,1
0.3683417651914723,0.6315955782679187,2.2817811152014777e-05,2.0892954276013701e-07,1.862048991226913e-05,1.4755992717153747e-05,6.25331728476337e-06,0
0.30102482455759927,0.6989279608481508,1.7640575710970603e-05,1.739666509408652e-07,1.497499031676686e-05,9.218193021442238e-06,5.206868549699758e-06,0
0.33544541451099236,0.664499971047777,2.2350984765180897e-05,2.2110920835982885e-07,1.614037119334166e-05,9.713277303177586e-06,6.188698760614344e-06,0
0.42735613629314345,0.5725880047832445,1.9604186087319972e-05,2.3608476078041133e-07,1.7901130230634098e-05,1.1048951941579081e-05,7.068570591707411e-06,0
0.327226344966242,0.672717323168964,2.3666561503087404e-05,2.6835190604397114e-07,1.651212270705989e-05,9.761495370422474e-06,6.123333307363133e-06,1
0.4057303818436135,0.5942218736021058,1.907724409936665e-05,2.4248472889560217e-07,1.3562873143808639e-05,8.916366131939639e-06,5.945586176824663e-06,0
0.21319660913381822,0.786755859539136,1.9073488983327884e-05,1.7706542965946798e-07,1.4416820932056348e-05,8.399126041675051e-06,5.464825658964203e-06,0
0.24411072244777107,0.7558401261161508,2.0887691422053274e-05,1.7912818611954181e-07,1.4092083459032835e-05,8.461145693817e-06,5.53138731734733e-06,0
0.2610135859656378,0.7389327192716263,2.059307713616422e-05,1.6761444261931107e-07,1.4919053113493042e-05,1.2317789106754255e-05,5.697228936994119e-06,1
0.6416748126402069,0.35826389725505037,2.4378896343690995e-05,2.3449246736159805e-07,1.731846626091003e-05,1.3093675873218598e-05,6.264573797545571e-06,0
0.3635067183468449,0.6364093969606867,4.0103642118706106e-05,2.2554319747437863e-07,1.643335567412243e-05,1.545094792322165e-05,1.167120355488393e-05,1
0.3553846819629197,0.6445540041656772,2.5414465253296813e-05,1.8790017636760313e-07,1.4137053193892339e-05,1.4304984165676442e-05,7.269468613827075e-06,0
0.35221988026289536,0.6477169569992561,2.33690825239244e-05,1.8948494151785054e-07,1.6493653965358448e-05,1.4349181514787223e-05,8.761334902729109e-06,0
0.34940340164975503,0.6504371869497921,2.3387895201549413e-05,1.8963748148667135e-07,0.00010120265643026653,1.27980140375865e-05,2.1833197302025025e-05,0
0.6105616686177753,0.3848777634110798,4.2235409094092204e-05,3.672400627983155e-07,3.142109926238009e-05,3.697808825913747e-05,0.00444956613446633,0
0.5921977254122232,0.40558171694161,3.685075036013136e-05,3.100966070264655e-07,2.8039258421396756e-05,2.816316573477524e-05,0.0021271943750436556,0
0.5771689033688369,0.415757988157249,3.574398317712388e-05,3.233108250817518e-07,2.5899389311584876e-05,2.5283321255364133e-05,0.006985858469344887,0
0.5023746500365476,0.495419817894266,3.527945105449117e-05,2.780845573435439e-07,2.647255339284474e-05,2.0420552486050708e-05,0.00212308142769589,0
0.49692560470561237,0.5009771605234405,2.8137561737608498e-05,2.5450936052916226e-07,1.9266234840401006e-05,1.9043614139280213e-05,0.0020305328508692395,0
0.5787624923894751,0.4206544082453057,3.020465503000935e-05,2.407915591558789e-07,1.9093385557666284e-05,1.9152525307021774e-05,0.0005144080077653599,0
0.4487314639305832,0.5511930187969447,2.5697057996712035e-05,2.3507856401537006e-07,1.9400099465202873e-05,2.5523307737402468e-05,4.661728708716779e-06,0
0.4668386505338312,0.5330975627542813,2.4506497232978748e-05,1.9453110417858932e-07,1.6588059546422332e-05,1.8639972257152394e-05,3.857651746708865e-06,0
0.4762254046968364,0.5237009684008049,2.4756202173875807e-05,2.5853122241568185e-07,1.8902876062156812e-05,2.4308975661155943e-05,5.4003172390686556e-06,1
0.26424533603926315,0.7356959034903776,1.9819437770900467e-05,1.817312627777236e-07,1.5941490891679233e-05,1.2396658398471669e-05,1.0421152035519083e-05,1
0.3984507932743525,0.6014417238699444,4.090431762023408e-05,2.7158708118412846e-07,2.0538954784279995e-05,2.032802805300908e-05,2.5439968164275728e-05,1
0.3642699069495198,0.6356538742359814,3.162862769402054e-05,2.3909577272683043e-07,1.2679977061908624e-05,2.144696168899061e-05,1.022415228098184e-05,1
0.4346151372337605,0.5653026876422588,3.363367425614805e-05,2.5276648267737585e-07,1.544647901441132e-05,2.2922199334460422e-05,9.92000489316227e-06,1
0.3921862193054747,0.6077411851554917,2.8301265234439025e-05,2.439625758500863e-07,1.6949115080963723e-05,2.2123814576008386e-05,4.977381566353958e-06,1
0.5327714126367278,0.4671677614343068,2.295830322774703e-05,3.0064241375564756e-07,1.568988435930888e-05,1.7015190323708025e-05,4.861908640902465e-06,1
0.24635044938200676,0.7535486616692691,2.7485850368619368e-05,2.0295355201717361e-07,3.796649461333083e-05,1.6423102888577383e-05,1.881054730142013e-05,1
0.2505933111749156,0.7046532229518144,2.2394754774520285e-05,2.6551416411429054e-07,0.04469837772010049,2.0769861306406927e-05,1.1658022924478084e-05,1
0.17301970631442215,0.7930571307400699,1.6535489208348575e-05,1.8169513234755524e-07,0.03388495057374371,1.3113390835737607e-05,8.38179658795842e-06,1
0.10002667824139069,0.8855001031895484,1.52237680316687e-05,1.5513402388540385e-07,0.014436444906449212,1.3074130649339782e-05,8.320629906587999e-06,1
0.0804693290911153,0.8970483569841275,1.590887665978249e-05,1.682245151262142e-07,0.02244403602560897,1.722409064185307e-05,4.9767073314478294e-06,1
0.06926498942412285,0.9001856523019258,1.5555204747806772e-05,1.644846982190731e-07,0.030513287848295986,1.548466658258202e-05,4.866069626794155e-06,1
0.08758230255563512,0.8906687026058476,1.7201810392669647e-05,1.6917672969722549e-07,0.021710692597386613,1.5926376625040812e-05,5.004877382840802e-06,1
0.08351220541350676,0.8913808460040146,1.7668564921592254e-05,1.737671770380554e-07,0.025066173980437492,1.779159004046969e-05,5.140679901983705e-06,1
0.09335898118360607,0.8863251009734819,1.9080118264877536e-05,1.876495517973977e-07,0.020271885730932495,1.9212971941910664e-05,5.551372221060326e-06,1
0.07142905221007596,0.8448651000323856,0.0002467914945006673,1.5072231337544967e-07,0.08333106620479248,0.00012338274512356837,4.456590808397394e-06,1
0.25765141146261494,0.7410907075566755,0.0002540116447008281,2.3774242970879212e-07,0.0006296446416937686,0.0003673761525316247,6.610799353396143e-06,0
0.1260586224542208,0.8703892859693,0.0003653299592964626,2.2308152304131785e-07,0.0030460663982886387,0.00013448487331469726,5.987264056377202e-06,0
0.07423273134898674,0.9205275641279171,0.0014558788690764745,2.4016593498650977e-07,0.003504526843486553,0.00027384446732019315,5.214177277684506e-06,1
0.05648277725742329,0.9157278988406655,0.0023324432001750758,2.0406038617592304e-07,0.024964788743487013,0.0004871521637023786,4.735734160367524e-06,1
0.19427655133490163,0.6555719245919501,0.0021434327453858054,2.9669009162122524e-07,0.14684731182384353,0.0011517913302140131,8.691483613397086e-06,1
0.021014844731469053,0.9559732803213777,0.006632170279221189,8.163634288101951e-08,0.016009956634766415,0.0003677197416230949,1.9466551993510114e-06,1
0.03431157288616444,0.9583949115609608,0.004669037178635244,6.084317075916824e-284,0.0023233999085479637,0.00029844321583844885,2.635249853068981e-06,1
0.04576560357123694,0.9388773606525311,0.001794689689445006,0.0,0.013205883942913525,0.00035176963261689223,4.692511256442704e-06,1
0.03579162204728608,0.9340717143829569,0.005145993107575238,2.45376498778448e-07,0.02436420237498663,0.0006185662948602021,7.656415836510846e-06,1
0.018268929616698324,0.9330654420128235,0.00290475140388125,2.2150055145619615e-07,0.045331147280022355,0.0004255683187901133,3.939867232989417e-06,1
0.01805716879817441,0.9254758962694384,0.00774950518808201,2.2676454043333491e-07,0.048031823870198484,0.0006813456108838253,4.0334986824350316e-06,1
0.00907063004547478,0.20189016566379053,0.0017059315153016565,5.144337427475569e-08,0.7867259778171264,0.0006064942444543228,7.492704780792754e-07,4
0.007813263129770891,0.1930736426372304,0.00244061226556528,4.860809771174321e-08,0.7960035970012223,0.0006681283833137103,7.079747999515313e-07,4
0.00247210027746165,0.16616390333430886,0.002796578101079576,4.03695646711899e-08,0.8283544769989023,0.00021231293775349712,5.879809294678761e-07,4
0.00252641823286627,0.13599529704242702,0.0030154760884949002,3.448513536165592e-08,0.8581686371525129,0.0002935703668334799,5.66631730162576e-07,4
0.005079048806089673,0.1981450871833601,0.006094294990620874,5.0570517617786555e-08,0.7900194382680207,0.0006612492477265539,8.309336643881909e-07,4
0.08318530454765234,0.7668655740845178,0.028297824571644727,1.9986662778517437e-07,0.11233132683607402,0.009316731798378667,3.038295104512182e-06,1
0.0005371551032466183,0.09408558686406161,0.7796175805456189,0.0001713802771672799,0.00010573457570542485,0.12547877606891736,3.78656528272717e-06,2
0.00032257007723625173,0.10217312975365049,0.6367760515189973,0.00032856611576612577,6.679997097829669e-05,0.260327692119728,5.19044364350868e-06,5
0.00047898403788816885,0.07228994258884697,0.27513503630970426,0.00015269083275583435,6.775098369142971e-05,0.651868541478752,7.05376836126183e-06,5
0.00036561286159670427,0.09234772581316851,0.17999104865380877,7.723280276668984e-05,6.30023275728856e-05,0.727151794958361,3.582582725347201e-06,5
0.0008784206763948892,0.3329327950852346,0.4302492542127166,0.00043604352114408996,0.00019416002818634372,0.2353041381233446,5.1883529787890566e-06,1
0.0009053255993250573,0.39506171624744396,0.40319846107723933,0.000572683297806297,0.00024123647780130582,0.20000988186395002,1.0695436433931023e-05,1
0.0010808984500672776,0.45102964963181874,0.40505147872291675,0.000964290814043895,0.00014388355247129048,0.1416881911169454,4.160771173667376e-05,1
0.0006849867917420408,0.406408963277174,0.4100646227864538,0.004209503739112843,0.0001295972639990874,0.17849675841864265,5.5677228753916165e-06,1
0.0005453157193447047,0.1568493940961582,0.222317204039084,8.03471361579996e-05,9.298260989607226e-05,0.6200966352435897,1.812115576938896e-05,1
0.0004062918806976311,0.40007783712107414,0.1402855528813682,0.0005134189929794905,6.449958747500333e-05,0.4586491904630195,3.209073386065681e-06,1
0.00036431738285627627,0.3911120651913912,0.15131360653853512,0.0002183021843141029,8.426816033167815e-05,0.4569050684273744,2.372115197403997e-06,1
0.004311789867220479,0.8471092289066435,0.10191212933287437,8.971005208967919e-05,0.0011648327600386609,0.04540778261412799,4.526467005272614e-06,1
0.0005322398229100128,0.20644780782995384,0.7683580886651656,2.790495492712264e-05,0.00034518975132676933,0.02428766984570634,1.0991300100831551e-06,2
0.0005677065333239668,0.5845245116402588,0.34468661818992036,0.00011694483157716974,0.00020575368956113156,0.0698954548524628,3.0102628958633845e-06,2
0.0005915088265555094,0.5205996819515503,0.4038101949334162,0.00016969319525308568,0.00018325203342679734,0.07464149638202204,4.17267777602534e-06,2
0.00038227128783752335,0.3956494472996322,0.4032756860647539,7.722244393636088e-05,0.00012157574239543744,0.20047943878829047,1.435837315409985e-05,2
0.0003083399630481084,0.14268863713016205,0.40502988263502043,0.00013793378668998263,5.157197895862709e-05,0.45177358608650486,1.0048419615855073e-05,2
0.000290864031518728,0.08064956556712607,0.5679735667480861,1.3212217705059658e-05,5.376347110578416e-05,0.3510100004760181,9.027488440268144e-06,2
0.8795712096808407,0.004579783048391999,1.5257001621132698e-05,5.5936097502809484e-08,1.0986370399448903e-05,7.720758938947092e-06,0.1158149872037102,0
0.8264399391846332,0.014472486708824318,5.711893212592708e-06,1.643794108023519e-07,9.586452608612005e-06,5.57160382758692e-06,0.159066539777483,0
0.7081864187116492,0.291598147883389,1.04280646317419e-05,3.365826761683607e-07,1.4476887152447736e-05,7.920166403080838e-06,0.00018227170409840037,0
0.690666438857163,0.3092742530752369,1.4914702860313926e-05,2.756374587589645e-07,1.6037457984504998e-05,7.3458077182606535e-06,2.073446157830536e-05,0
0.5673220789162997,0.43262996568612233,1.4696655870817647e-05,2.1874582967209696e-07,1.520409402689378e-05,7.375047543753158e-06,1.0460854306776088e-05,0
0.5685236758887242,0.43142923226226365,1.4655866357093017e-05,2.3464364164652634e-07,1.44149394285225e-05,7.354578628535306e-06,1.0431820956327647e-05,0
0.9548437100790843,0.037959996683540984,5.881763307690821e-06,1.0697924098271814e-07,4.590810140506716e-06,4.30035907912562e-06,0.007181413325606854,0
0.9172545677506928,0.05742489992397749,8.8510100228243e-06,1.6098477355150755e-07,6.864038820091967e-06,6.4712772887876856e-06,0.025298185014424594,0
0.8953925124868404,0.07173616193461196,1.3654990994729498e-05,2.1716002857261478e-07,1.7437679517138567e-06,9.780986153032838e-06,0.03284592867341958,0
0.9786168840225018,0.0059150417508039,8.396122196801172e-06,1.1761842323145189e-07,7.0739044334571535e-06,5.3336837357117875e-06,0.015447152897905327,0
0.9699865343296101,0.007403703362649128,1.3129131371397582e-05,1.5111492277080344e-07,9.824525248238208e-06,6.992504582081349e-06,0.022579665031616195,0
0.9497125186591565,0.006865003309665226,1.801061010889741e-05,1.7561078877493035e-07,1.1417089699334909e-05,8.125995915268213e-06,0.04338474872466598,0
0.8488570473113679,0.00373356813225683,1.884962772742768e-05,1.6491284274493871e-07,1.1711862333927398e-05,7.47836030268655e-06,0.14737117979316833,0
0.9098447332240446,0.01121184703525713,1.69233835542422e-05,2.1398684830502691e-07,1.727554886225199e-05,1.0036365818142397e-05,0.07889897045561516,0
0.877232377468829,0.01250840519935913,1.6392304752017324e-05,2.0727164985044705e-07,1.6499571783684713e-05,9.721411003089846e-06,0.1102163967726235,0
0.7019539796829773,0.011530625386751356,1.4171066192731159e-05,1.7918531373971715e-07,1.059634053125336e-05,8.359572054016135e-06,0.2864820887661796,0
0.7924990948697801,0.01577896698874719,1.4479958474885654e-05,1.8723631333365604e-07,1.07976926354162e-05,8.676060304332343e-06,0.19168779719374462,0
0.7914882219738482,0.014763835885976778,1.1468722138970542e-05,1.5954386312996293e-07,8.841955754439669e-06,7.392861742770115e-06,0.19372007905667576,0
0.8400569601446215,0.14327743261907133,1.550181669837203e-05,1.7247991606243147e-07,1.0623369222925071e-05,1.140780401636568e-05,0.01662790176645349,0
0.8371572405693216,0.1409575457011545,1.7626373108727843e-05,1.930944397219232e-07,1.168300837631048e-05,1.2771246503855605e-05,0.021842940007095406,0
0.723033925036647,0.27559056717161473,1.6204039467686327e-05,1.834198017602833e-07,1.3516205399478497e-05,9.40796258672847e-06,0.001336196164482543,0
0.6259908562166536,0.3728787816341216,1.7892299377515563e-05,2.2623825433329512e-07,1.3952688126778633e-05,1.038815558737009e-05,0.0010879027678787029,0
0.7573091326172604,0.2426446724602059,1.3003889481801582e-05,1.7645059360002983e-07,1.1626025648394595e-06,9.929647666436879e-06,2.192233222695488e-05,0
0.668525288822579,0.33143149085843565,1.4687840803500515e-05,1.854626867487099e-07,9.777878419614838e-06,9.106582286598791e-06,9.462554789015064e-06,0
0.6015712123806696,0.3983843894660035,1.5642882263066403e-05,1.9965922926776385e-07,1.221074089866245e-05,1.1068092991142391e-05,5.276777944596956e-06,0
0.6140994902316207,0.3858547585520572,1.46481567294652e-05,1.8696296715750685e-07,1.36991405837402e-05,9.526638498987348e-06,7.690317542792297e-06,0
0.4542865048277663,0.5410517414532026,1.710463198995609e-05,2.520157746186311e-07,0.004618898281709057,1.2465839655622412e-05,1.3032949901876597e-05,0
0.342760875177991,0.6449383214748035,2.2944597255297003e-05,4.07627310707531e-07,0.012233515779198888,1.6836424287082213e-05,2.7098919153661983e-05,0
0.32206978359479965,0.6778710735149416,2.4064437303434873e-05,1.8361928290632265e-07,1.4429849336890303e-05,1.6210647111081265e-05,4.254337224361052e-06,1
0.3760659109357478,0.6238711170919446,2.5200984663724932e-05,2.4398548414317264e-07,1.5639135317718067e-05,1.8021922222743632e-05,3.86594461927024e-06,0
0.731984873687118,0.2679765998709376,1.598855999638956e-05,1.1355117022905508e-07,7.1526518131546425e-06,1.1088408140413013e-05,4.183270824179137e-06,1
0.1531689118102421,0.8467506798383786,2.589492430744327e-05,1.6925232006857214e-07,3.515328164790845e-05,1.54078166588441e-05,3.7830764452466677e-06,1
0.13992656848283033,0.8600000580851984,2.8674903769103674e-05,1.833872039308812e-07,2.4791369147069883e-05,1.4263538227404506e-05,5.460233623396902e-06,1
0.157506911769798,0.8424159109570019,2.8136203703375057e-05,2.266656890798546e-07,2.7185714284255002e-05,1.56411077029442e-05,5.987581820526234e-06,1
0.2584853841282033,0.7354328996594275,1.9936615437567008e-05,1.6496127174379188e-07,0.006039688648560566,1.2109468466641734e-05,9.816518632853735e-06,1
0.7861618296830958,0.21269481251305672,1.6418435879021862e-05,1.7225287512026608e-07,0.00110829717767175,1.169219135752819e-05,6.777746064005147e-06,0
0.3509993260868379,0.6465359483650508,1.4592517986907734e-05,1.879842017794606e-07,0.002433366893334921,1.173221806769944e-05,4.845934520023652e-06,1
0.27682284693087905,0.7231332463197931,1.533093327112042e-05,1.539505674196266e-07,1.3106654253357573e-05,1.0946839629065925e-05,4.368371607007485e-06,1
0.3202831571246192,0.6796707038502464,1.6110377706318096e-05,1.6177761297182367e-07,1.3773013472406794e-05,1.1503391084935207e-05,4.590465257781602e-06,0
0.39058756789481486,0.6093466657674301,2.4195880578233593e-05,2.215477300697554e-07,1.9070753472307843e-05,1.564717295707883e-05,6.6309830172548555e-06,0
0.6982729837921403,0.3016867363876319,1.6478929804754306e-05,1.2900447601711117e-07,9.983087341687674e-06,9.403797309313198e-06,4.285001296095167e-06,0
0.5998416412223,0.4001014650299934,2.3905462793542484e-05,2.0700104649345312e-07,1.4117043909352634e-05,1.2604836750957414e-05,6.059403206461591e-06,0
0.3596538768566721,0.6402804082019721,2.884344800026284e-05,1.8524742498893454e-07,1.6716964212007625e-05,1.381611959049455e-05,6.1531621280380145e-06,1
0.24563584744254494,0.7543071793113503,2.062385566602354e-05,1.7860298006975097e-07,1.4686188141609532e-05,1.4707772244207683e-05,6.776827072942396e-06,1
0.2822067849068713,0.7177331077434771,2.107704000842665e-05,1.8252756504478498e-07,1.5008899404873861e-05,1.6533575326639867e-05,7.305307346623562e-06,1
0.2985877135733718,0.701346021322627,2.9040869515914887e-05,1.8148637492752497e-07,1.4217084381879435e-05,1.5699340633701997e-05,7.126323094694085e-06,1
0.31910406174290595,0.6808182870316759,3.754790979829417e-05,1.955233055852876e-07,1.5316694353722753e-05,1.6913594628999843e-05,7.677503331585037e-06,1
0.336029830281442,0.6638875295533017,3.9960289796416854e-05,2.0808529676121735e-07,1.6300762103293148e-05,1.8000260107811883e-05,8.170767951962853e-06,1
0.43302950992925504,0.5668748771464606,4.6373530030516274e-05,2.575393914918831e-07,1.8099806712847755e-05,1.9748240270956158e-05,1.113380787843766e-05,1
0.2980648830161101,0.7018524007926419,3.660899345475656e-05,2.293127765352624e-07,1.671567648693886e-05,1.536094546003386e-05,1.3801263069934391e-05,1
0.46414501135989217,0.5357690656978275,3.232255365504574e-05,2.5943427862004913e-07,1.8232978926091682e-05,1.9893541096886485e-05,1.5214434323656088e-05,0
0.4727205582827462,0.527197082858859,2.9614847883688307e-05,2.2101054391518766e-07,1.7953386160183893e-05,1.9588484517732585e-05,1.4981129289326999e-05,0
0.3013295496172465,0.6985999711724257,2.8987779970808855e-05,2.143192435777765e-07,1.6536365221492445e-05,1.6449178291207076e-05,8.291567600659406e-06,0
0.2704905028913081,0.7294456949951736,2.4860054405553744e-05,2.0157427876530412e-07,1.5552993922882805e-05,1.5388999599523796e-05,7.798491311537985e-06,0
0.31288236352326243,0.6870118390391649,2.470301701079094e-05,2.0030096298440937e-07,4.431556494698575e-05,1.3517657563896391e-05,2.306089708817184e-05,0
0.5995276075122891,0.3997419816813855,2.3807315067103816e-05,2.4899368212747896e-07,0.0006803620124268898,1.8781492482306386e-05,7.2109926669555315e-06,0
0.635373801872432,0.36124126823806363,3.957460903940588e-05,3.3301769618226344e-07,3.086516673767602e-05,2.9353352427532146e-05,0.003284803743603662,0
0.535530042026559,0.46263189411240946,3.3343717648181904e-05,2.5096975416347824e-07,1.921939451066104e-05,1.996209744545647e-05,0.001765287681673122,0
0.5861184911000974,0.411484687672461,3.0078151461394715e-05,2.3708615595902877e-07,1.8156181327828624e-05,1.8857798080082525e-05,0.0023294920104163295,0
0.5492976164186942,0.44827905310563015,2.8908991761105906e-05,2.644615687602246e-07,2.3000053021541073e-05,1.8011330853020366e-05,0.0023531456384711996,0
0.5992567312650922,0.3996070631882215,2.6631047625493846e-05,2.436227693779984e-07,2.319192705873386e-05,1.7889923828939804e-05,0.0010682490254036506,0
0.32517993036106296,0.6747369989087839,3.067108895554588e-05,2.4717401239759796e-07,2.4067058153187993e-05,2.2504713009103087e-05,5.58069602278578e-06,0
0.4405856053677584,0.5593302669790094,3.07933701619e-05,2.666748737720967e-07,2.276639313031601e-05,2.4280228502849476e-05,6.0209865632755425e-06,1
0.616327215683284,0.3836117979575928,1.7446568826686663e-05,1.9635300291650698e-07,2.111931144036002e-05,1.6740111513136428e-05,5.484014340064691e-06,1
0.6344617851408105,0.3654737908745155,2.3359578439973242e-05,2.194383266565739e-07,1.6822313478917635e-05,2.017161468009179e-05,3.851039748481777e-06,1
0.607973144494451,0.39196086998047447,2.5388259939809293e-05,2.2965036882950662e-07,1.8572452105953472e-05,1.776490635941273e-05,4.0302563006690515e-06,1
0.5121677978856787,0.48777503011085993,2.2070447716316275e-05,2.728822330047497e-07,1.3797617162077701e-05,1.635716998322009e-05,4.673886366778957e-06,1
0.2119975945155368,0.7879392806024956,2.031102530012134e-05,4.900943362062577e-252,2.2756378399493285e-05,1.230642755258214e-05,7.751050715265101e-06,1
0.1882322691578423,0.811681429757968,2.228948318496715e-05,1.9349376872115276e-07,3.0101107890822085e-05,1.5783222612090658e-05,1.7933776733068976e-05,1
0.22235742399045344,0.7775474067251211,2.722084944881154e-05,2.008914922385777e-07,3.1268327288508184e-05,1.785002811262141e-05,1.8629188083127358e-05,1
0.14425674321740953,0.8522080159778883,2.44475353444393e-05,1.9530392280643637e-07,0.003488052655962795,1.7587805436274123e-05,4.957504035874946e-06,1
0.13021369368669022,0.8640336023337514,2.4349096578201972e-05,2.156429541886222e-07,0.005703246052691032,1.94194067762364e-05,5.473780558712154e-06,1
0.3379091905911783,0.6482852705914831,2.409925469943583e-05,3.5169599848511276e-07,0.013750160461515396,2.1240129053295712e-05,9.687276072120977e-06,1
0.2574281095522766,0.7022708686592073,2.668720304294466e-05,3.0099565172042583e-07,0.04023935968567979,2.791266772961918e-05,6.7612364121923765e-06,1
0.13980330701245108,0.8230125918428862,1.4122527513030614e-05,0.0,0.03715007434592248,1.1230288494207514e-05,8.673982732860485e-06,1
0.10778081149666882,0.8652859472104624,0.0001093879245424205,1.8127632772509343e-07,0.026701640493966578,0.00011738672583414321,4.644872198003605e-06,1
0.10632266834557506,0.8695358825420365,0.00012884958050630058,1.857431796665541e-07,0.02380993525851677,0.0001977192031294429,4.759327056262613e-06,1
0.10698572825039442,0.8678501759245654,0.00027531374288921885,1.8202750042574262e-07,0.024608292146059745,0.0002749228575761308,5.385051014795591e-06,1
0.11272138298430044,0.809299850773276,0.000263122041046171,1.6069582465469317e-07,0.07752886503904828,0.000181866976701183,4.75148980310566e-06,1
0.08153822018551787,0.7606192798691054,0.0002593998374945886,1.452885682328227e-07,0.1574560189677653,0.0001226399269221235,4.2959246262277816e-06,1
0.10276367286100695,0.8941045485737514,0.00031812615750500736,2.1662553016034976e-07,0.0023930673112524305,0.0004136558118566103,6.712659097655824e-06,1
0.24940363053843206,0.7483919979407281,0.00031220776064571276,2.9259925763052086e-07,0.0014973933835401665,0.00038768363062859323,6.794146767795625e-06,0
0.15935775119561377,0.8380569634673847,0.00038123059381346447,2.3223115879887076e-07,0.0016067579926111783,0.0005896004567607548,7.4640626573141745e-06,0
0.31316740151968075,0.6844083477916509,0.00019380342224952163,1.726548939765679e-07,0.0021744839145580426,5.115682847445368e-05,4.633868492425794e-06,0
0.1672998631194272,0.8289435396568806,0.0003084544890331076,2.116494743170816e-07,0.003303247767007552,0.0001390028778035314,5.68044037378698e-06,0
0.1019607349394295,0.8922145855014246,0.0005072958457661868,2.1966181910511208e-07,0.005137363872254171,0.00017390469636302967,5.895482943438932e-06,1
0.04910951376696272,0.9417202986499333,0.0017118278289870547,2.3185004734415818e-07,0.0071638810414645536,0.0002880242609480657,6.222601657045018e-06,1
0.06163342270885119,0.931854507106166,0.0018577393615581068,2.2942110507776626e-07,0.0043808358414452915,0.00026828466167565603,4.980899198651765e-06,1
0.06887806746004213,0.9243070281256422,0.0025924947618228057,1.766547271288108e-07,0.004043119808748087,0.0001752778862956091,3.83530272202151e-06,1
0.04398556207017066,0.9499828088786196,0.0021577582976894357,1.8475020137855633e-07,0.003553006742271587,0.0003166681996862463,4.0110613610952585e-06,1
0.05854989591700131,0.9314952782066838,0.0025149994078295323,1.9227823240421415e-07,0.007013994719252922,0.00042146497060549206,4.1745003947029755e-06,1
0.049236056241751015,0.9343894532586076,0.003002360372833545,2.0308757245729462e-07,0.012838139209167806,0.0005287284716501921,5.05935841736704e-06,1
0.05449916207944195,0.9218127681438347,0.0026875041509831503,2.0541633566856897e-07,0.02055195447820454,0.000443638528823285,4.767202376479397e-06,1
0.0283420488504001,0.9592293851436753,0.0066591146024661835,9.873165255763613e-08,0.005068906907249663,0.0006980914640324617,2.354300523627765e-06,1
0.03698803569918538,0.9566955840806732,0.003861650321428374,5.032194881505537e-284,0.002184794110224682,0.0002677562356056675,2.1795528827042785e-06,1
0.03631607337097544,0.9538776836486738,0.0011375593968526115,1.2959672283580886e-283,0.008317096668833736,0.0003438555293770162,7.73138528762079e-06,1
0.037740590261515584,0.937952017836881,0.0020609402489934147,2.3492164501077394e-07,0.021721472373821566,0.0005208361464977632,3.908210645491958e-06,1
0.03536077181957868,0.93290353045817,0.003037747739990553,2.2471797719841893e-07,0.02827862505737921,0.0004145909562877087,4.509250616472175e-06,1
0.034074952034393466,0.9227622268709087,0.0036167671368700378,2.3105847713289305e-07,0.03906184172393642,0.00048018461021897776,3.796565195220815e-06,1
0.030364649926551864,0.9239590808349123,0.003734085147548282,2.668853570759138e-07,0.04142394716430667,0.0005132187158316819,4.7513254924866495e-06,1
0.032062657463586164,0.9192654478582197,0.004317616283515819,2.604957272454057e-07,0.043886735578923954,0.0004626447482879452,4.637571739062812e-06,1
0.007864023288349222,0.17503403363483,0.0015562184505717256,4.460019770399185e-08,0.8149881794254525,0.0005568510006857424,6.49599913054283e-07,4
0.0023720100975108418,0.1493080250697196,0.0032456160776248924,3.830179999981277e-08,0.8448898769931765,0.00018387559613999136,5.578640282007978e-07,4
0.002622581235416421,0.14918319379934197,0.004848266653332233,3.4718387239802394e-08,0.8430497970998724,0.0002955560293142546,5.704643355414373e-07,4
0.06568935406160838,0.7585652573866761,0.06076965051451662,1.9770333298617774e-07,0.1076199203919292,0.007352206871247538,3.4130706890732013e-06,1
0.0634233813355985,0.7802509618925815,0.04186518298074095,2.3038852637645682e-07,0.10409970855645434,0.010356837278674019,3.6975674244243177e-06,1
0.059175033997099315,0.8014596814289282,0.04003399734158638,2.663190873700279e-07,0.07992248440606602,0.019404266050877212,4.270456355403061e-06,1
0.00030540376099220116,0.14368523841548905,0.12516964202123695,9.721223614554977e-05,9.409046510613433e-05,0.7306452731622112,3.139938818844724e-06,5
0.0003169202048490774,0.1358276836320618,0.13041653709166418,7.427610594017335e-05,8.45921296201308e-05,0.7332768853847976,3.1054510671405653e-06,5
0.00028654579422177724,0.16233036326475567,0.19056618789455088,1.1125097686954595e-21,6.491911073289538e-05,0.6467491238588423,2.8600768966008064e-06,5
0.00021471061147949712,0.1321021599689813,0.027305402723215574,3.101613215532731e-05,6.763295919244613e-05,0.840276964916541,2.1126884349153198e-06,5
0.00035979403534027685,0.3339039565568814,0.20455841631246513,0.00012704570495943545,9.7592673132198e-05,0.4609513599074675,1.8348097542085893e-06,5
0.0007437457194488843,0.3638415821900674,0.40377808608611837,0.06773994479396811,0.00015894381592173774,0.16372758056679623,1.0116827678992346e-05,1
0.0009819968997202475,0.4916480854803313,0.3843674347686043,0.0004304387578423586,0.0002706328742396591,0.12228830365060224,1.3107568659856081e-05,1
0.0008745453141962131,0.6895933594088307,0.1869010113365166,0.0034500070199528225,0.00014311983830197434,0.11901763685538633,2.032022681525338e-05,1
0.0009188748815742927,0.8472168089578598,0.06947856646732903,0.00010860600834611732,0.0007055734413082047,0.08156464844189361,6.921801688894252e-06,1
0.004257958402619743,0.8089416913767271,0.11698840936576135,0.00012893326591467054,0.0009939702276549332,0.06868482126446152,4.216096860573126e-06,1
0.004041144607590317,0.7884361716899265,0.18519629456054096,0.00010995061926427396,0.0009964120180906465,0.02121591727977704,4.1092248102170534e-06,1
0.0033616662904019483,0.7176656087974544,0.2548110495301209,0.0022364190785595507,0.0017553302443883523,0.02016648167611163,3.444382963058245e-06,1
0.0009965302221365021,0.3389194947678827,0.6371701959036611,6.212596434651748e-05,0.0009324542633748565,0.02191743769566682,1.7611829315071377e-06,1
0.000679865341495712,0.3255187584754041,0.5249390598102316,0.00023366159510567825,0.00014790531218786488,0.14846855885745278,1.2190608122404137e-05,2
0.00026546742065764275,0.08009700836812192,0.5515724865969579,2.398706604714621e-05,4.3474030109961126e-05,0.36799080776227117,6.768755834180149e-06,2
0.8161238294177824,0.0072831769536057895,5.738949186328143e-06,1.253553439962628e-07,8.676529713839573e-06,5.597995281560727e-06,0.17657285479908622,0
0.7544852472007691,0.009883073070343949,5.305509212503209e-06,1.5268431077020463e-07,8.02122598314666e-06,5.17520099474387e-06,0.23561302510838578,0
0.7980146820356132,0.0133566780599521,5.447954686468208e-06,1.5678367016127415e-07,9.143476159629878e-06,5.314147876001402e-06,0.18860857754204227,0
0.6994114244680488,0.30053645470547075,9.900818426903551e-06,3.195649509344828e-07,1.3155371136718938e-05,7.519720315989888e-06,2.1225351649745175e-05,0
0.6657216602339856,0.3342237680110132,1.2119418302789439e-05,2.7426261698423644e-07,1.4948426571121962e-05,8.252663027588097e-06,1.8976984482755736e-05,0
0.8092762418923042,0.1906907344105935,1.0736521270171549e-05,1.8500139029026137e-07,1.1320144221816322e-05,5.56675988324208e-06,5.215270336594285e-06,0
0.7690944010783198,0.23087276531076786,9.449712341818606e-06,1.7670398036999535e-07,1.2015734640766969e-05,5.440129680140372e-06,5.751330269255081e-06,0
0.8254581762625459,0.17450979889290893,9.677353973498715e-06,1.809607430058043e-07,1.0705469905308854e-05,5.571181288077489e-06,5.889878635540321e-06,0
0.8488430133596158,0.15112512756906782,9.953804971017453e-06,1.8613021164905992e-07,1.0513022382716836e-05,5.730332087837884e-06,5.475781663162044e-06,0
0.9322465632059894,0.06764678807405626,6.491390705300023e-06,1.2303170136996796e-07,5.590831832536017e-06,3.7877381642421643e-06,9.06557275509875e-05,0
0.9294534903991892,0.07046676318974711,5.443058121481253e-06,1.0316259361721924e-07,4.385526092962199e-06,4.146937218965902e-06,6.566772703677674e-05,0
0.9250005288299403,0.0735227355157111,5.5628549187800715e-06,1.054331092061689e-07,4.072744552874871e-06,4.238207564853039e-06,0.0014627564142027942,0
0.7595011423299305,0.07967061388511502,1.1950845818926113e-05,2.0764060148918223e-07,1.2211202453733284e-05,8.346751552979876e-06,0.16079552734452754,0
0.8351630331029072,0.0825777762817938,1.3032529543154267e-05,2.2643437245090785e-07,1.6903440811476716e-06,9.102224884477155e-06,0.08223513908241775,0
0.8606023377365166,0.00448843641340317,1.948835835465123e-05,1.7050101058606923e-07,1.1532621026520996e-05,7.889552374525235e-06,0.13487014481731413,0
0.8712996738673207,0.008120295218135187,2.020847162891463e-05,1.8246807245461588e-07,1.3033350040411989e-05,8.757539888463772e-06,0.1205378490849141,0
0.8968575341286797,0.009018165511944112,2.0984575566466643e-05,1.9652754934805855e-07,1.27763211490272e-05,9.093872161161753e-06,0.09408124906295007,0
0.9324327516634118,0.007978342507144931,1.583487007889975e-05,2.5021950299276573e-07,1.5455501519165773e-05,1.0899030296330577e-05,0.05954646620804588,0
0.9705248575821845,0.006351934185836818,1.4729085925657002e-05,1.8624116539952791e-07,1.4852477843597227e-05,8.42297794134603e-06,0.02308501744910276,0
0.7954448688661625,0.012420868216265065,1.3796086070099808e-05,1.7795629377985793e-07,1.026751454778077e-05,8.246047515463449e-06,0.19210177531314543,0
0.8243740962404845,0.014550207427887997,1.2096993276797559e-05,1.7265561167474327e-07,9.745381636540113e-06,8.0004272253645e-06,0.16104568087387713,0
0.9014287284821588,0.020528333251442127,1.2169798955419003e-05,1.579278893001251e-07,1.0028844574799619e-05,8.95576848206259e-06,0.0780116259264971,0
0.8991233531902791,0.020475832692311915,1.2138675081803163e-05,1.3401276718040682e-07,9.551923746135887e-06,8.932864389119926e-06,0.08037005664142458,0
0.8969347636354802,0.020077414641777487,1.2088895634356437e-05,1.3243215237608988e-07,9.36606274136132e-06,8.759049020090374e-06,0.0829574752831941,0
0.9133618497301969,0.022101360665875532,1.3307542192762416e-05,1.7002945138652828e-07,1.0675008746499309e-05,9.642023384837683e-06,0.06450299500015204,0
0.8366308010025749,0.14848418020878484,1.6356840747631156e-05,2.0847808989096442e-07,1.0814983141366952e-05,1.182236725204325e-05,0.014845816119409157,0
0.8248033861199379,0.15669485522635815,1.859618119960318e-05,1.8047921953982814e-07,1.0919735631281334e-05,1.1936877130620576e-05,0.018460125380522812,0
0.8612350771859422,0.13288404948315452,1.798031059672098e-05,2.2735110764379814e-07,1.0558094491395314e-05,1.043925434327894e-05,0.0058416683203640915,0
0.8451548343136037,0.14830311517568107,1.6062990651293978e-05,1.5589415832767615e-07,1.330934452298773e-05,9.326070538133545e-06,0.006503196210844776,0
0.6861889075602432,0.3137176155906779,1.5648602359284027e-05,2.2334632667600097e-07,1.4583477613227047e-05,9.653353260396152e-06,5.336806951930411e-05,0
0.6951038229826826,0.3048514528846689,1.526161561349603e-05,2.3797368345950545e-07,1.4737606874583413e-05,9.179748278931632e-06,5.307188197961366e-06,0
0.613198122005778,0.38675811286424444,1.5107127679777105e-05,2.42365946659885e-07,1.3797610710073057e-05,9.27950187305373e-06,5.338523767850319e-06,0
0.7764300872357561,0.22353603199886243,1.376866330303715e-05,1.9502956036259642e-07,1.1911775177457492e-06,7.642506934386955e-06,1.1083388065763232e-05,0
0.7167107942424088,0.2832541230970063,1.426908297783849e-05,2.022108465321605e-07,1.2584841677529635e-06,7.866670714139573e-06,1.1486211878757689e-05,0
0.593517281649239,0.40643473101957134,1.580378349375759e-05,2.0171290551283067e-07,1.340659350028313e-05,1.0278216914380913e-05,8.297024375774313e-06,0
0.6410361821438495,0.35891514705062794,1.5617884172621945e-05,1.993401640605104e-07,1.4496839772629483e-05,1.0157314628695777e-05,8.199426784696736e-06,0
0.6712565464032699,0.3286997250778021,1.3538097903284866e-05,1.5513245676699472e-07,1.2606233779939523e-05,1.003563791593626e-05,7.393416871840643e-06,0
0.24864263616597154,0.7513022634287079,2.481830728584952e-05,1.5702070684312927e-07,1.1390009364436402e-05,1.5097002137841351e-05,3.6380658259024636e-06,1
0.26461944249992186,0.7353125834487545,2.922588779725306e-05,2.005576429361012e-07,1.5760962166518353e-05,1.813985590424476e-05,4.646787812631129e-06,1
0.5723449987740724,0.4276060026113006,2.145924085706434e-05,1.7456520004907461e-07,9.828023317430904e-06,1.4481715487232066e-05,3.055069765328733e-06,1
0.6600222289727565,0.3399281954513293,2.1538522915495406e-05,1.6638992070668115e-07,9.842198864832403e-06,1.4502603333924507e-05,3.5258608791675885e-06,1
0.27512306235062395,0.7248045747050681,3.227092789216426e-05,1.9683621053298934e-07,1.728080805357954e-05,1.8214748965914704e-05,4.3996231858876405e-06,1
0.34844457007755286,0.651496844854792,2.3576470911032593e-05,1.6394119704427716e-07,1.67706510959988e-05,1.3980685879561434e-05,4.093318571591352e-06,1
0.27464671179664496,0.7252923582362026,2.5682589664260558e-05,3.378566765401523e-07,1.6709458565266226e-05,1.4512961335846937e-05,3.6871009104390154e-06,1
0.18751290603736495,0.8123886624485909,2.707699531748874e-05,2.080708271374144e-07,4.896236836711939e-05,1.598890723025059e-05,6.195172302272068e-06,1
0.2684147556277411,0.7314167105441627,2.6535346366563563e-05,2.3165326552851243e-07,0.00011644978397715385,1.5793176753535632e-05,9.523867733288171e-06,1
0.33215974671897797,0.6564557456875446,2.1211767398410904e-05,1.9569809391715555e-07,0.011339922640129535,1.2733101718197264e-05,1.0444386137372933e-05,0
0.9139633124928807,0.08552234821611503,9.575246119009615e-06,8.493060952801304e-08,0.000494511308484555,5.634537226547208e-06,4.533268564514247e-06,0
0.2674777680743264,0.7283253582831134,2.3795663017288822e-05,2.730646295730662e-07,0.004143484380379169,1.8535097888564694e-05,1.0785436645809454e-05,0
0.29131396641097224,0.7043573248901637,2.4562816303742903e-05,2.8186801646920535e-07,0.004277067027665339,1.9132654731155267e-05,7.664332147322148e-06,1
0.394447959269814,0.6037979570253313,1.673697747900328e-05,2.156096264136223e-07,0.0017180712701125296,1.3197161221632398e-05,5.862686415060446e-06,1
0.30890170344992346,0.6908855284533199,1.681622566443243e-05,1.8169761509609922e-07,0.00017970814082455343,1.1121454825070046e-05,4.940577827583865e-06,1
0.2547031623094222,0.745260957627146,1.2528252868956503e-05,1.2580653792197106e-07,1.0710599012348816e-05,8.945624676822371e-06,3.569780335633801e-06,1
0.30631664937229264,0.6936413256526606,1.4673873562099864e-05,1.4735248801745225e-07,1.2544923647813375e-05,1.0477675284393055e-05,4.1811500643763605e-06,1
0.3736108713455012,0.6263287551020662,2.1035860058605614e-05,2.11238450713413e-07,1.8183334201435316e-05,1.462069620234155e-05,6.322423519441365e-06,0
0.4246962314156389,0.5752378874805492,2.5143201083432623e-05,2.2818261218474444e-07,2.0007910491657387e-05,1.2601330629749236e-05,7.900478994840457e-06,1
0.4554851955356078,0.5444589314265839,1.959038950327298e-05,2.3640568933557848e-07,1.788850996465947e-05,1.1041176163823544e-05,7.116556487257623e-06,1
0.4683257224221479,0.5316121070962958,2.379725452403099e-05,2.790303834950104e-07,1.87830923463144e-05,1.2008853054060915e-05,7.302251248317558e-06,0
0.3290981128789299,0.6708489776116701,2.2409739675972604e-05,2.2051765170419362e-07,1.4844273817321876e-05,9.529505225630715e-06,5.9054730294470055e-06,1
0.35527700204993196,0.644667904445999,2.257060004053603e-05,2.3439192235113137e-07,1.577822840511626e-05,1.0233257054506014e-05,6.2770266464728524e-06,1
0.3432530996217248,0.6566867667545577,2.460675409098458e-05,2.555370430493202e-07,1.7271612138861377e-05,1.1156426476824961e-05,6.843293968034307e-06,1
0.3092428901193658,0.6907043643242352,2.1466891530422492e-05,1.7433466362953172e-07,1.3224430517984564e-05,1.1954249875493938e-05,5.9256498117356956e-06,1
0.3652639460429938,0.6346798728758303,2.2753459232171934e-05,1.701600887682752e-07,1.4918690483871904e-05,1.2582042236557956e-05,5.7567291344024375e-06,1
0.2673586013390311,0.732586390067828,1.9908231489990815e-05,1.7240566117268525e-07,1.4176594229680879e-05,1.3851163738500816e-05,6.900198021352474e-06,1
0.5040989618412814,0.49578971528363514,5.96761537015812e-05,2.3891839042433413e-07,1.829353815421532e-05,2.117568288336785e-05,1.1938581953799738e-05,1
0.3543579904888515,0.6455729016978985,2.3293463759597946e-05,1.8887179732952478e-07,2.0143933000751317e-05,1.1509787774427169e-05,1.3971756917907918e-05,0
0.6389592044060096,0.36021352938045526,2.1024128913082904e-05,2.0441835159767706e-07,0.0007854143588002581,1.281049359482423e-05,7.812813875543556e-06,0
0.6189459182403787,0.37739351503177243,4.056031948205069e-05,3.413123838287166e-07,2.8900188013469733e-05,3.0998201899961394e-05,0.0035597667060696474,0
0.5087873994191379,0.48747009056076845,3.8481423251191697e-05,2.7767847346098037e-07,2.995556045104858e-05,2.0390732573298836e-05,0.003653404625344739,0
0.4440949213834936,0.5557145633330463,4.056480148242265e-05,3.2456825083888735e-07,0.0001146396161404087,2.8549942407861042e-05,6.436355178580649e-06,0
0.43194013311311313,0.567972110986054,3.12691382672586e-05,2.707950918181966e-07,2.54465882668645e-05,2.4655366341018526e-05,6.114012865838017e-06,1
0.5486107705003734,0.4513266638168077,2.5200980831485417e-05,2.396270691029797e-07,1.5490686515193803e-05,1.7633861702144544e-05,4.000526700921159e-06,1
0.3005827114187741,0.6993654564174608,2.3883669020783507e-05,1.660596806634579e-07,1.0785891609967802e-05,1.066172859825527e-05,6.334814855487562e-06,1
0.3232320214797774,0.6767140307069739,2.1608618079904105e-05,2.2671105014118924e-07,1.1922835320240065e-05,1.6892003084789175e-05,3.2976457133555396e-06,1
0.142055501406503,0.8578721488446275,2.2398797409782154e-05,1.6530446062906327e-07,2.110344545013951e-05,1.335309102412714e-05,1.532911052490743e-05,1
0.15310279228274096,0.8468232945997574,2.108659062265537e-05,1.6983577310598678e-07,2.2083251135900004e-05,1.2687853778109794e-05,1.7885586191982903e-05,1
0.24494055392065212,0.6994125908951885,0.00013064235518564873,2.7756820437379703e-07,0.05519509852491372,0.0003136380079597641,7.198727895867928e-06,1
0.07681034443426392,0.8811661356938763,1.522654757104998e-05,1.6100939349548882e-07,0.04198684961409562,1.280575472705666e-05,8.47694607277778e-06,1
0.10290217676527058,0.872885004745186,0.00011825111467963324,1.8671016363310426e-07,0.023861012962055023,0.00022858359840451344,4.784104240346767e-06,1
0.12091221009034096,0.7969268457562977,0.0002442835475599128,1.4793007092490563e-07,0.08178729650477129,0.00012594267384872566,3.2734971105465395e-06,1
0.08311550134498441,0.7748607036373168,0.00021723784363065156,1.3253353049011084e-07,0.14167817819684492,0.00012432766285293495,3.918780839804248e-06,1
0.08629678679571466,0.8253945696658055,0.0002473388554101511,1.5081864097252428e-07,0.08785043386405052,0.00020240283443847583,8.317165939590724e-06,1
0.10226184379311272,0.8853330835000981,0.0002973837520387395,1.8031429496672203e-07,0.011835021553395964,0.0002644433090693752,8.043777990071243e-06,1
0.060046182346630214,0.9364012260970697,0.000500593113393527,2.4108329939624793e-07,0.00290665582345647,0.0001376309946971787,7.470541453665257e-06,1
0.44072670241527406,0.5576072758058053,0.0002137841142846989,1.49475443065491e-07,0.0014058283320218922,4.224809978556517e-05,4.0117573852645514e-06,0
0.20610337001419424,0.7898480598368879,0.0005902604091203229,1.9442587359835e-07,0.003325206027839115,0.00012769110831405982,5.218177770866009e-06,1
0.06470926493812822,0.9282437844854529,0.0027959742154788146,1.7737659100399486e-07,0.0040596412015260425,0.00018730680791104128,3.8509749122335716e-06,1
0.048595198260792685,0.9439650327637503,0.002144089727875184,1.8357987983306904e-07,0.004878817722449393,0.0004126922924242164,3.985652828405528e-06,1
0.051809200644957504,0.9103952126884325,0.0033294617787028064,2.2141105075588386e-07,0.03382353553138708,0.0006360637054858968,6.304239983399451e-06,1
0.1524125180470114,0.7137695648911411,0.0017169752461727045,2.1019903355788547e-07,0.13146290251453596,0.0006313594906174174,6.469611487813987e-06,1
0.02190706465398891,0.956744393150452,0.005526963224393743,8.376455734562076e-08,0.015373755733235536,0.0004456776875989903,2.061785773543275e-06,1
0.020213907991305603,0.9752307555383515,0.0027940917141917737,4.3831351805837955e-284,0.001552778801779877,0.00020656752333998778,1.8984310312055977e-06,1
0.032006579625641615,0.9644217500633536,0.0018621740500418176,4.2655670409353747e-284,0.0015665773245058454,0.00014127159863154274,1.647337825511964e-06,1
0.06984703452113727,0.9233470348470485,0.0004847428651156754,0.0,0.006076721778075544,0.00023975907926266745,4.706909360250011e-06,1
0.0439581449037823,0.944699401565985,0.0010168838991185772,1.1113946682117327e-283,0.01008829356952981,0.00022961906826132866,7.656993322826834e-06,1
0.03801046691866635,0.9444317555667708,0.0009498622253024797,1.1110797952098002e-283,0.016305644078167845,0.00029616608184361755,6.105129248796561e-06,1
0.03432750108196199,0.9435568185517111,0.0011726111437729862,2.32643323413e-07,0.020596372075111898,0.00034206921804800844,4.395286070667957e-06,1
0.03787612740682019,0.9413204690998158,0.0029742451509491875,2.35765315152507e-07,0.017329703210297812,0.0004952971206651358,3.922246136470466e-06,1
0.039592611522821446,0.920190456960682,0.002907481664753657,2.304730431423985e-07,0.036908566855453885,0.0003934547867210836,7.197736524668683e-06,1
0.0015529951366499803,0.08515969515765918,0.0017011629340258332,2.3576448023037764e-08,0.9114932336595025,9.254357055898183e-05,3.4596515552527353e-07,4
0.0020362500712270233,0.1386381713591886,0.0026939085426117247,3.988696652208437e-08,0.8564657917172284,0.00016525311405940097,5.853087183769208e-07,4
0.002361037698228147,0.14709749008331885,0.003233206379421463,4.236233825145564e-08,0.8471320931771652,0.00017550866674743773,6.216327806147077e-07,4
0.0024049494316062976,0.1353109085711801,0.0030133526164404004,3.452126460960129e-08,0.8590677198194493,0.0002024678146827071,5.672253766151145e-07,4
0.0027964887798838625,0.14040879057476163,0.0049624248148085704,3.70206188699258e-08,0.8515567511657649,0.00027489935142670837,6.082927354630538e-07,4
0.0027135596497874677,0.1489980072888168,0.004872427903771425,3.9285278490314094e-08,0.842911977934675,0.0005033424338883153,6.455037826424377e-07,4
0.020972082289378587,0.7468739323639192,0.025117277526919158,1.816380351143507e-07,0.20148574560871094,0.005546866363810565,3.9142092264694925e-06,4
0.11117327948650627,0.7036103694397079,0.041648222452781276,2.241786625172858e-07,0.1316602536908777,0.011903467587838137,4.183163625945165e-06,1
0.09178639134219302,0.7573755371849051,0.034270087542923704,1.9252870014498198e-07,0.1082071808634113,0.008357017961096107,3.5925767704805162e-06,1
0.0005242852999209925,0.23125228074353107,0.34633391857103946,0.000655767664577524,0.00011036950897189112,0.4211114255297343,1.1952682224726815e-05,5
0.0006500959214009349,0.13597409808166824,0.6504466289235724,0.002085678319744,9.081745561785183e-05,0.21074274237367582,9.938924320720453e-06,5
0.0009295340521429114,0.2519050255852205,0.2714793376102831,0.0003030443417019573,9.88097935183578e-05,0.4752717124891463,1.253612798708455e-05,5
0.000375938974086531,0.18081728291659788,0.13450601290179928,0.00010787587110731194,7.982962769665417e-05,0.6841094683940652,3.591314647263739e-06,5
0.0003327550860859332,0.22863132185277177,0.06918821228884252,9.774083783797334e-05,7.167590404219966e-05,0.7016754741129698,2.819917449737466e-06,5
0.0002215825507452098,0.14567237376874084,0.05548448534656317,3.7382288594111e-05,5.6190710339073805e-05,0.7985268217118076,1.16362321011882e-06,5
0.00042807532638820887,0.32758352935635937,0.11003985440172497,1.7531061279713475e-15,0.00013161323691073565,0.5618147115483278,2.2161302872216487e-06,5
0.000518664680090092,0.4538863539304603,0.4626509571077,0.0005043809300585514,7.827305251944027e-05,0.08234234931601009,1.9020983161763242e-05,1
0.000462905489638675,0.3474521963370069,0.26636694860173993,0.0003017131807932926,9.434472758270456e-05,0.38531855607240895,3.335590829538996e-06,1
0.0005330703110162326,0.16172347463534617,0.08146862293810439,5.374167961217149e-05,0.0001363949535739153,0.7560794072058364,5.2882765106590174e-06,1
0.0008866481350809666,0.25536012144397124,0.11271353296549835,9.325113111094376e-05,0.0003195710359759133,0.6306231043358322,3.7709525302770013e-06,1
0.004274169154980277,0.8160248676828454,0.1364141763829803,0.00019501432291474768,0.0008963758545029634,0.04219130947065988,4.087131116464732e-06,1
0.00384657410618168,0.8086428268289598,0.16523090487433645,7.03323146768724e-05,0.001039092494573119,0.021166219223745574,4.050157526477698e-06,1
0.0038702457382512457,0.7550934276478668,0.22094119543599453,7.670947057329955e-05,0.0018142269099122902,0.018200259350553614,3.935446848248772e-06,1
0.0037115299850776586,0.7439272964903858,0.22878173051900855,9.743781513167262e-05,0.0019176080637925384,0.021560634315266135,3.7628113375620904e-06,1
0.0008354358281235842,0.22975345277839723,0.7464818409390348,3.884825705428734e-05,0.00018866407358305288,0.022700339104512943,1.419019294115765e-06,2
0.001494650468315325,0.29821490350561797,0.4524560121041229,3.329170501315715e-05,0.0002069371314872488,0.24758994163417478,4.263451268624842e-06,2
0.0002670744131894349,0.20339343293435333,0.5213408085797646,7.49317197376814e-05,0.00010441467892905968,0.2748145925839682,4.745090057641587e-06,2
0.0002402766244735389,0.08340856913985151,0.47625140375330893,1.0480201341095546e-05,5.6099974332772516e-05,0.4400266046522206,6.565654471602362e-06,2
0.00033987522932820287,0.03760151058430621,0.5829802070949474,2.747421129898518e-05,6.732644412290594e-05,0.3789723015726097,1.1304863386666703e-05,2
0.8773999332918838,0.008784570675697939,1.438798513350831e-05,1.6732633443494201e-07,1.3693935173612745e-05,7.472294365652118e-06,0.11377977449141129,0
0.7660819616039102,0.23388294155558537,1.0243828329322652e-05,1.9155347533783996e-07,1.2662895131287723e-05,5.7639145323894435e-06,6.2346490361152846e-06,0
0.8273932647812392,0.17257486973289088,9.702278351058026e-06,2.3199916600874906e-07,1.1803608821972356e-05,5.585530068359339e-06,4.542069462638118e-06,0
0.918231964474016,0.08168988443623557,5.885383492848942e-06,1.1154601181973743e-07,4.741912046302763e-06,3.4341318646655805e-06,6.397811633280137e-05,0
0.823133546157513,0.10184064709754202,1.284481213015723e-05,2.2317286635039649e-07,1.2489822349889211e-05,8.971118632066713e-06,0.07499127781896653,0
0.932802692071043,0.008581703624898834,8.663769845297077e-06,1.4445521648989545e-07,8.715070149580139e-06,6.048670768113497e-06,0.05859203233807849,0
0.9480266400317577,0.0077731346595397875,8.801164928122386e-06,1.2680843340805705e-07,7.1394029810372986e-06,5.711509339009196e-06,0.04417844642302085,0
0.9662289589559824,0.006848504634214555,8.090720251478292e-06,1.1399145125740114e-07,6.413515751771267e-06,5.1342266513836705e-06,0.02690278395569691,0
0.9733670621878733,0.004329921825514527,7.910359360927125e-06,1.1145031783232092e-07,6.270543633517388e-06,5.0197728497007e-06,0.022283703860450303,0
0.8838858707708471,0.0032858964839524167,1.2527592701079865e-05,1.7650325661634345e-07,1.125194482218726e-05,8.112019306461984e-06,0.11279616468511419,0
0.8835421468587243,0.0028814076459299028,1.3860331813947129e-05,1.85872289194884e-07,1.1901974460167955e-05,8.542616308562596e-06,0.11354195470047403,0
0.9365818048617828,0.004326900951707035,2.350149697384667e-05,2.056114174116651e-07,1.3996561025903607e-05,9.3736104394351e-06,0.05904421690665378,0
0.9369567278983265,0.007026112623339563,2.299665675498711e-05,2.5143351771182406e-07,1.5530488505033292e-05,1.0951910199954999e-05,0.05596742898935591,0
0.9219574964713684,0.0315458349996098,2.337271157268543e-05,2.2191013672663123e-07,1.4491417072372334e-05,1.0268394539861216e-05,0.04644831409570014,0
0.9002775725739687,0.022110725591052822,1.30232351287091e-05,1.8587549614035406e-07,1.0210532566381015e-05,9.436027768188987e-06,0.07757884616401896,0
0.8479380022296459,0.14686705778585557,1.5441120969461245e-05,1.7478403164982683e-07,1.3457047395464344e-05,8.965016943308006e-06,0.005156902015158662,0
0.7765927132634957,0.21729477644279852,1.5240996834737216e-05,1.927139964203421e-07,1.309175676581327e-05,8.715455313367472e-06,0.006075269370795545,0
0.6478360028349878,0.351772453581287,1.5738579931739296e-05,2.2408020618586665e-07,1.499156956913663e-05,9.685072600779919e-06,0.0003509042814175802,0
0.7805687266457997,0.21937707267694767,1.255361648066157e-05,1.6199592296398773e-07,1.0471162385222214e-06,8.30657404664548e-06,3.213137456418516e-05,0
0.6895655843809476,0.3103667012583753,1.4513215550243637e-05,1.8524063418927426e-07,1.3365791481979305e-05,9.155735992991007e-06,3.0494377017597737e-05,0
0.6992996385591953,0.30065121522787985,1.3847933190650645e-05,1.586828454305675e-07,1.2332251396870772e-05,8.2570117575793e-06,1.455033373432331e-05,0
0.443224026125371,0.55015751863361,2.016129199042623e-05,2.9705191092466836e-07,0.006559695047181905,1.4490178037441293e-05,2.3811671898307248e-05,0
0.444710915828298,0.5412465778416146,3.993080774897305e-05,2.695772494296106e-07,0.013924477719066386,6.14962701466887e-05,1.633195587601101e-05,1
0.27145571580216454,0.7284758950164493,3.170150046106661e-05,1.9730839858946282e-07,1.4312408552975946e-05,1.7606459001379396e-05,4.571504972200908e-06,1
0.2761370468992561,0.7237895377856233,3.3242701644412457e-05,2.0695080915906808e-07,1.6452650217344042e-05,1.8718099208058685e-05,4.794913241580614e-06,1
0.5918332427993445,0.4081196107882747,2.11731789281256e-05,1.5461101033670316e-07,9.14545967666531e-06,1.3475949411162098e-05,3.197213354446415e-06,1
0.1951375431858909,0.8048012817090068,2.6950681519012836e-05,1.7627204206305543e-07,1.5937065156122363e-05,1.4171107246263169e-05,3.939979138921712e-06,1
0.19794616994759104,0.801984542310898,3.103632759825148e-05,3.3233516593093856e-07,1.8780810550507636e-05,1.5511424691561223e-05,3.626843504835218e-06,1
0.3385157751825529,0.6613342161716353,5.479853872974655e-05,2.7883268162180646e-07,6.887717351408874e-05,1.9821717486312207e-05,6.232383400009239e-06,0
0.224311165933826,0.7755858216778241,4.1188964128710725e-05,1.9540253050149812e-07,4.191922259925542e-05,1.3890817006037392e-05,5.817982085289062e-06,1
0.17862170675821465,0.8212811874671662,2.8522404580642496e-05,1.9985270530459302e-07,4.7028513852287636e-05,1.5404520362023714e-05,5.950483118998104e-06,1
0.3517739097241291,0.6435805909776122,2.1513721039690047e-05,2.026907084191639e-07,0.004599775961415459,1.3188076367914115e-05,1.0818848727238323e-05,0
0.9180619584411883,0.08147296374407591,8.91240281759281e-06,8.873261512160685e-08,0.0004469841884876137,4.994911375605223e-06,4.097579440024267e-06,0
0.7875583745958564,0.21147388324302568,1.4446807089249476e-05,1.515676691596836e-07,0.0009363891539935337,9.821486541740126e-06,6.933145823960614e-06,0
0.7378574534127457,0.26121060277347075,1.3087270302566719e-05,1.3730418376658996e-07,0.00090442005315806,8.89722195019992e-06,5.401964188883476e-06,0
0.21159654753629573,0.786342623222062,1.6413981855021448e-05,1.843652565223763e-07,0.00202727103140187,1.194674890587177e-05,5.013114223153163e-06,1
0.3629786942360065,0.6369627905025884,1.4806245332902444e-05,1.907374870295665e-07,2.6926596099067835e-05,1.1674772639832236e-05,4.9169098461982055e-06,1
0.27042634580202635,0.7295303805707426,1.4122363423441097e-05,1.6031426232160156e-07,1.5045692218753865e-05,9.812609952426378e-06,4.132647373994693e-06,1
0.3528922523703807,0.6470713523509384,1.1085452805829439e-05,1.3948021012031674e-07,1.2162882276490208e-05,9.13983429078606e-06,3.8676290977264096e-06,1
0.34256536294347134,0.6573884003587636,1.6698453965548094e-05,1.6768297256040225e-07,1.3388856570435605e-05,1.0962907887400935e-05,5.018796369435837e-06,1
0.40393491767422096,0.5960054381490065,2.3031751740059226e-05,2.0637345518131278e-07,1.8093654628389146e-05,1.1167795897707613e-05,7.144601051223759e-06,1
0.527026327523047,0.4729179349596018,1.9445514387607332e-05,2.3203584454402866e-07,1.775622061177125e-05,1.1292387273646303e-05,7.011359233616373e-06,1
0.5264414494483111,0.4735026819601899,1.946955810718847e-05,2.344634940600218e-07,1.777817557684445e-05,1.1366365779142404e-05,7.0200285417115685e-06,1
0.37385994528059174,0.6260794271894549,2.4814011019931315e-05,1.5347373430230379e-07,1.7417086884397645e-05,1.1342024883523223e-05,6.90093343102281e-06,1
0.32578054915525106,0.6741616848129328,2.2251418549889765e-05,1.8070588201731168e-07,1.6019121602065664e-05,1.317257772409436e-05,6.1422080581226746e-06,1
0.2836066181534437,0.7163296716668693,2.8089727299864538e-05,2.075461692481731e-07,1.59176160134859e-05,1.3392002410185293e-05,6.103287793977935e-06,1
0.3419419619410768,0.6580019719886212,2.0879875902508416e-05,1.72887608325929e-07,1.421622384036311e-05,1.4237117242447434e-05,6.559965708421287e-06,1
0.2932697096176483,0.7066647427641491,2.5071943916120834e-05,1.911457812982028e-07,1.5717559166840552e-05,1.731422414301012e-05,7.252745195374125e-06,1
0.45864133034756377,0.541277293068113,4.030790977918953e-05,2.103822506661912e-07,1.445504848477529e-05,1.5860407361777662e-05,1.0542836446892752e-05,1
0.3764103630353411,0.623497817239099,3.687243436283258e-05,2.3620386555610712e-07,1.8874043946732022e-05,1.982603962977389e-05,1.601100375506421e-05,0
0.3606574967758844,0.6392831122618926,2.3297123927647018e-05,1.8890147529090868e-07,1.4291732827571843e-05,1.430499719738938e-05,7.308206795114295e-06,0
0.39367316098325994,0.6062569275195591,2.2041727722227254e-05,1.787222705094559e-07,1.937786216969343e-05,1.1963940098710503e-05,1.6349244919721032e-05,0
0.5396120046506737,0.4586773941620029,3.015117051501687e-05,2.758251107562444e-07,2.6257462986559887e-05,2.0254634795165136e-05,0.0016336620939158897,0
0.5570949270356061,0.4355686195708643,2.79061448531826e-05,2.5528745197720505e-07,2.2202185968780108e-05,2.3735120442912895e-05,0.007262354654812822,0
0.5503449515054691,0.44950994119482895,3.28189382337455e-05,2.490130221814146e-07,2.2729175685771512e-05,2.6097018157861917e-05,6.32131546023567e-05,0
0.4860446747097977,0.5138553207479483,3.634571109805034e-05,2.9081034407875535e-07,2.5351961919061997e-05,2.5580501338623108e-05,1.2435557554348467e-05,0
0.37922170717356757,0.6206825258307724,3.4881787780455785e-05,2.8186510771608754e-07,2.6486836577016283e-05,2.8228780193590236e-05,5.887726001015499e-06,1
0.3995548239405658,0.6003691525132115,2.262092211387503e-05,2.566790325090207e-07,2.3805903142170465e-05,2.1660155302261854e-05,7.679886631713422e-06,1
0.32077328160364765,0.6791630270145865,2.737610562729123e-05,2.543669684032141e-07,1.3463068690886077e-05,1.77077614592691e-05,4.890079019793413e-06,1
0.2877495416381087,0.7122043322088873,1.9918632585141165e-05,1.4782354013649154e-07,9.941122036568964e-06,1.2949898094443248e-05,3.1686767478490047e-06,1
0.19840299823945018,0.8015196391601326,2.202241748311628e-05,1.913789661475623e-07,3.2917884001553236e-05,1.4301467420287464e-05,7.929452546236372e-06,1
0.21321214056324497,0.7307704901352731,0.0001652910027628775,3.361251302104815e-07,0.05550830138182057,0.00033651886230348356,6.921929464721929e-06,1
0.11604534406572001,0.8369917692897594,1.707861661472609e-05,1.4946110124852316e-07,0.046922522354903635,1.4319725437294314e-05,8.816486463858111e-06,1
0.09865381450392813,0.8388828084052697,1.4772544457265939e-05,1.569444594190072e-07,0.0624241744676006,1.5010362518538275e-05,9.26277176633066e-06,1
0.10229435080867302,0.8536902439672351,1.503330018851411e-05,1.597147450254941e-07,0.04397267278324895,1.583910160967446e-05,1.1700324299601011e-05,1
0.09776495929347846,0.8313246074481442,8.222571135634439e-05,1.5553041474970313e-07,0.07072849757361081,9.03751273327501e-05,9.179315662893512e-06,1
0.09136323985565062,0.8478774506334962,7.911810625819202e-05,1.49028822296706e-07,0.06060254398878341,6.965631421577089e-05,7.842072773620235e-06,1
0.10856444384994177,0.8542698900567539,0.00014496191409115104,1.781434432956892e-07,0.03674525535370302,0.0002647567584594735,1.0513923607273238e-05,1
0.11116523976464127,0.8637908956292221,0.00021252752126763196,1.8550351803504108e-07,0.02453818912735981,0.0002820141430042522,1.0948310987026103e-05,1
0.11848279504644253,0.8551404880258487,0.00018434973406111337,1.836457987062284e-07,0.025839327804632366,0.00034201707375635266,1.0838669460256736e-05,1
0.1318056000659396,0.8439772408808517,0.0001500070677234669,1.8124843421839931e-07,0.023740123240900433,0.000320293102325457,6.554393825188489e-06,1
0.08445635223688573,0.6589789416836288,0.00018376003346756348,1.2328670075818531e-07,0.2562108933970414,0.00016118976819794054,8.739594077715871e-06,1
0.09070158021097731,0.7385375248607726,0.0002273676821800797,1.381711145329956e-07,0.17036712046470015,0.00015919591588819634,7.07269436704436e-06,1
0.15837053361951556,0.838907335982652,0.00034164854356154235,2.467799514295584e-07,0.0022982484532036345,7.625639738600385e-05,5.730223729682505e-06,1
0.2451866894735105,0.7523932075148229,5.093663665029312e-05,1.854560172376989e-07,0.0023520939183546592,1.1956351942433034e-05,4.930648702149948e-06,1
0.17278861172878668,0.8238204505606552,0.0004053439527727178,2.0306198694242704e-07,0.002915442101159078,6.449863303317493e-05,5.449961606240914e-06,1
0.09751996937903208,0.8977523898709401,0.0006380409197342017,2.2128533462047554e-07,0.003936593052615519,0.0001468464360194425,5.939056323957344e-06,1
0.12738688127052808,0.8677308517658799,0.0010471997696861331,2.138853809357467e-07,0.003658016007804868,0.00017109685105823203,5.740449661642119e-06,1
0.11374389644885897,0.8782672352346608,0.0025895753480726755,2.16190788008734e-07,0.005234646122131807,0.00015862833122218378,5.802324265666848e-06,1
0.05924505322739333,0.9343833257894791,0.0017194560535446352,1.999745492103217e-07,0.0044137734541602166,0.00023384990783845863,4.341593035108125e-06,1
0.06760666673049347,0.9264232338092728,0.0018566760186244909,1.726159866402433e-07,0.003950684627776035,0.00015881857912031447,3.747618726007938e-06,1
0.0706879418886418,0.9227393756143352,0.002452247984285495,1.7192959105585447e-07,0.003934975002401243,0.0001815548641669268,3.7327165782082334e-06,1
0.06918268366238184,0.8880164344925101,0.0021297259680579644,2.137873787516922e-07,0.04001493974681152,0.0006499151717971259,6.087171062471298e-06,1
0.14751191530236102,0.6687284121456865,0.002186448690973304,3.18646181141303e-07,0.18015584633171375,0.0014081929725446966,8.865910540014385e-06,1
0.028831514939517047,0.9275013028865576,0.011567163930977438,1.1474117625489131e-07,0.03164219178612487,0.0004543567212880511,3.354994358821285e-06,1
0.02920115978453039,0.9331890819936243,0.009385990455287926,1.1512258584149114e-07,0.02772526555158566,0.000495020945735833,3.3661466500318974e-06,1
0.020122110327356117,0.9659229705830302,0.005577433230517188,8.23999317109685e-08,0.00801740334268669,0.0003579719196804896,2.028196797383237e-06,1
0.02951684776965821,0.9614291023100244,0.0055522293292354944,9.895806525344874e-08,0.0029730789708189375,0.0005262069025210813,2.4357596766742076e-06,1
0.03171702458624207,0.9618851379883788,0.004185176510123762,5.803184482045602e-284,0.0019366561055473353,0.0002734913244864915,2.513485221566604e-06,1
0.023442074859898528,0.9720505291499374,0.002564292529013709,5.455246555846414e-284,0.0017069783868369813,0.00023240176256421533,3.723311749232154e-06,1
0.027823213511576964,0.9685040056079836,0.0019375277710107967,4.271746310761051e-284,0.0015908613093075826,0.0001414762502800364,2.915549841015053e-06,1
0.03955128999271971,0.9587164755051746,0.00036286306576600283,4.312793253562091e-284,0.001277952692026916,8.975316799144609e-05,1.6655763212779576e-06,1
0.03756583128699146,0.9607288507245771,0.00024868889788189297,5.1383830033237705e-284,0.001336839821658188,0.00011780487458089032,1.9843943102011952e-06,1
0.03999246389146614,0.9572198344779357,0.00024187242710915026,0.0,0.002436992464131779,0.00010669779687862029,2.1389424785521275e-06,1
0.040808209175108794,0.953598972062502,0.0002839316348175969,0.0,0.0051974600853701616,0.00010800377979310262,3.4232624084249093e-06,1
0.035867351753201535,0.9420915653370131,0.001113082938144716,1.279954249604841e-283,0.020564387885288016,0.00035922362573960937,4.388460613082426e-06,1
0.03586896100054504,0.9421338338144657,0.0011131328784295088,1.2800116768436893e-283,0.020565310540152613,0.00031437310889866445,4.388657508538558e-06,1
0.037399420519741156,0.9207498868321684,0.002359013986397082,2.3595933450972497e-07,0.03910359188924897,0.0003831159904319301,4.7348226780310635e-06,1
0.01777049311443103,0.8601276453317163,0.009679477669860829,2.3934879178032163e-07,0.11137400706244482,0.0010441786893250998,3.958783430163816e-06,4
0.009667428511160715,0.49321550247073365,0.009767239659462041,1.2020573357557744e-07,0.48681589495653854,0.0005318260164323918,1.9881799392012072e-06,4
0.002757153900919375,0.1644809107439762,0.0027052187793993733,4.051762163447697e-08,0.8298729260804966,0.00018308422494268722,6.657526440897785e-07,4
0.003214848608839973,0.19762686584054262,0.0055086514407836525,5.1128842378584397e-08,0.7933617921287471,0.00028695074464095833,8.401076033008721e-07,1
0.002841323953351579,0.1548937140582118,0.006730412854415314,4.1246474392197255e-08,0.8352737106195184,0.00026011953946800305,6.777285605189775e-07,1
0.0027092406402448596,0.15021707945150314,0.004562694336940971,3.396341742004359e-08,0.8415703656813517,0.0009399414501688087,6.444763731299029e-07,4
0.012873172918014666,0.7274361186122085,0.030988410567420577,1.7691080318967412e-07,0.22274127435782554,0.005957034293995576,3.8123397319906446e-06,4
0.041690140069203754,0.7810527380429956,0.05988919440964462,2.5167531876012043e-07,0.08647041511080984,0.030893225050139698,4.035641887747788e-06,1
0.08038638622408696,0.7762552995637643,0.03142435387790877,3.446689050136872e-07,0.0787209446923522,0.03320714416853742,5.526804445227173e-06,1
0.0005637293011131679,0.2213567230623998,0.34785475945645783,0.00019834271560218523,8.26624124648721e-05,0.4299394124403295,4.3706116328192934e-06,5
0.00040467933559594445,0.16777642248785216,0.2770401973342996,0.21176119404970106,8.594608893911364e-05,0.3429242866487893,7.274054822832029e-06,5
0.0006972671453060326,0.15637963895279677,0.6469463415360582,0.002198531227724811,8.36431945100039e-05,0.19368950932590837,5.0686176957772285e-06,5
0.0005784953604429784,0.11210810723611286,0.6401926473422046,0.0005805519729893255,7.598465622415748e-05,0.24645601897433708,8.194457689211614e-06,5
0.0006844214524852519,0.17683636422451723,0.5566352581165981,0.0002741815155708397,9.840481516888269e-05,0.26546072462485454,1.064525080527196e-05,5
0.0010278148132669594,0.29547114153681636,0.39286743868384205,0.00038267975420655054,0.0001189110726451922,0.31011516696037933,1.684717884358605e-05,5
0.0012279041628267997,0.42822900095037514,0.2754045058582716,0.0005859509749501304,0.00014198511218939158,0.294382576134367,2.8076807019970128e-05,5
0.000325699571147701,0.20730942287286744,0.06115109868632681,0.00012027035377241094,4.259830566601893e-05,0.7310494095464145,1.5006638051822285e-06,5
0.0013275038944439823,0.34122957304846285,0.09383813494155606,0.00020498286419052641,0.0002599766203087727,0.563137373848143,2.4547828950026297e-06,5
0.0019160508752120076,0.5551859502018518,0.22916432231879513,0.00030085980976853494,0.00042761757714367485,0.21300085380386002,4.345413368919452e-06,5
0.0006143329574209122,0.5691035573439793,0.2524597177593152,0.00020676783375267232,0.00014866953703755595,0.17746100003490892,5.954533585495007e-06,1
0.00048682123202560096,0.45097970341598553,0.41757004626438315,0.00031786237929301234,0.00012131039809796565,0.13051953770714916,4.718603065670106e-06,1
0.00095479624859065,0.49186270531045884,0.37534152364499895,0.0005532183859060038,0.00021017628209657593,0.13105509553540792,2.2484592540987583e-05,1
0.0005488715919521773,0.5902690329169338,0.29551921204651105,0.0023183396326204274,8.864757162325189e-05,0.1112362405086731,1.9655731686029674e-05,1
0.0006749954022963228,0.4397587004173304,0.11497155391986373,0.0006177480104391495,0.00010505682245032007,0.4438673259191007,4.619508519447728e-06,1
0.0005291640317315393,0.17745774673311143,0.06830692447678077,6.028129640758577e-05,0.00017719714807246003,0.753464913587628,3.7727262682859095e-06,1
0.0008817696947829325,0.30518041961808196,0.26350313977448714,0.066797526811582,0.0004210651929878797,0.36320906193657704,7.016971501039468e-06,1
0.0008964706285852295,0.3279420359343571,0.3186767571254834,0.007307582985639991,0.0004592893432066758,0.34471411059218215,3.753390545555039e-06,1
0.0009596291739255988,0.6342990991053273,0.13997888508110137,0.00012960521711216427,0.0008070262082564469,0.22382222314679287,3.532067484143609e-06,1
0.0013780905082291933,0.6732251158133997,0.2032111694855613,0.0001899035803887376,0.0009515200650340571,0.12103447295306746,9.727594319591587e-06,1
0.0002734606686353723,0.27948953719243963,0.5290375516278493,7.397241605719716e-05,8.729228235571942e-05,0.1910322717441507,5.914068512011276e-06,2
0.00025864919795161935,0.08615431976600774,0.5752440577921996,1.071792240639212e-05,4.839903269361259e-05,0.33827714170636974,6.714582371416486e-06,2
0.8049401231093244,0.004269077902350013,1.1636492835965334e-05,2.328194405344567e-07,1.4394325630557318e-05,7.891363521056401e-06,0.19075664398689743,0
0.8770218099896652,0.012085824046890285,1.3225364033893034e-05,1.6367296141744524e-07,1.3446992291955416e-05,6.6795787059121746e-06,0.11085885035545133,0
0.8891888864739528,0.008251047056979089,5.9891007488361585e-06,1.3657802250562189e-07,1.1437346975731613e-05,5.681319484129528e-06,0.10253682212383693,0
0.6891907913178181,0.31061828151377063,1.120200263118538e-05,3.0136264789563656e-07,1.3344718718043879e-05,7.945651554574548e-06,0.00015813343285955606,0
0.6622642662450723,0.33769708745973215,1.0700294468717631e-05,2.42147823449331e-07,1.2939766782516955e-05,7.286317077278097e-06,7.4777690435730214e-06,0
0.7722370399669336,0.2277317114689734,8.792655971348493e-06,1.9897793579656164e-07,1.0660335622504146e-05,5.987319278545584e-06,5.609275284733882e-06,0
0.7696589224710514,0.23030401284245694,1.1678081802319542e-05,2.0122545422182142e-07,1.345779748572242e-05,6.054947934670565e-06,5.6726338149363625e-06,0
0.7682496816292859,0.23171582788390935,9.788221296963496e-06,1.7015922011783699e-07,1.2837808119861652e-05,5.736942917989192e-06,5.95735524966883e-06,0
0.8807436700521095,0.0687524048385987,1.3131197158003675e-05,2.2814867813313734e-07,1.5320862698240963e-06,9.17113666527922e-06,0.05047986254052045,0
0.9359484462895044,0.008497629870843492,7.750717821453513e-06,1.346652558993642e-07,6.818864071674119e-06,5.413283460696439e-06,0.05553380630904233,0
0.9371194615853637,0.007036788836739971,9.928469056987569e-06,1.2534948473163273e-07,6.693969622535963e-06,5.64579762909698e-06,0.0558213559921028,0
0.9783802799738512,0.0019636008206060564,8.801807839140345e-06,1.2401007797656268e-07,6.977195041452099e-06,5.585470141526042e-06,0.01963463072244282,0
0.9446563062135439,0.0022643056901354994,7.90386098482962e-06,1.1072250316109414e-07,6.123656629084434e-06,5.020972038755454e-06,0.05306022888416462,0
0.8702859398349296,0.0051997393180445595,1.4500552157778452e-05,2.2382895412435318e-07,1.2861243397248467e-05,8.785912494721264e-06,0.124477949310022,0
0.9441476355383105,0.021927672423900316,1.8055018817211e-05,1.3371145068077294e-07,1.075285429605419e-05,7.201273734075045e-06,0.03388854917949082,0
0.9525003542533002,0.010114735423155184,1.4377495503493308e-05,1.6285193976930775e-07,1.5166032682772804e-05,8.572317175323198e-06,0.03734663162624348,0
0.8411608698163355,0.008151988367014478,1.401251894409832e-05,1.7718057125228057e-07,1.3334932599726422e-05,8.266044359565588e-06,0.15065135114017544,0
0.8474798230240753,0.022748839614951687,1.3716704893430681e-05,1.7344016578408187e-07,9.562405603500847e-06,8.804744328548376e-06,0.12973908006598178,0
0.8101768779831315,0.17677148426880193,1.99305511932297e-05,2.6477428731719054e-07,1.1619858519069272e-05,1.2793408398505114e-05,0.013007029155668403,0
0.6768260532206604,0.32223496813168173,1.5602116021610678e-05,2.2268284552148092e-07,1.5159053609575655e-05,9.624676639376597e-06,0.0008983701185417489,0
0.6786362590349481,0.3212848023768705,1.6533999867155704e-05,2.578139137003655e-07,1.6487431965461135e-05,9.945077943789864e-06,3.5714264491469366e-05,0
0.7058909893961743,0.29406589653970683,1.4544606700145397e-05,2.0302683594547617e-07,1.1746136797464435e-05,8.74847275050798e-06,7.871821034589884e-06,0
0.7344927823365593,0.2654667643226134,1.3167429253556607e-05,2.3588367806087887e-07,1.02949934122902e-05,7.625629890389432e-06,9.129404593040859e-06,0
0.7214891800025937,0.27839687583326417,1.228785063456043e-05,1.8477371625722195e-07,1.2374982975079475e-06,7.731083681319738e-06,9.250295781257585e-05,0
0.6935372865794209,0.3064175092454082,1.3526046293103764e-05,1.549943579063757e-07,1.204559561313353e-05,7.778009569035682e-06,1.1699529337676188e-05,0
0.655653355193103,0.34429235861409224,1.624357825757789e-05,1.861344348214213e-07,1.4465688698761161e-05,9.340697524245236e-06,1.405009388961387e-05,0
0.42010465600640523,0.5751656126704241,1.7953293029026586e-05,2.6451975420004467e-07,0.004674628260560296,1.290326098508378e-05,2.3981988842096584e-05,0
0.35545876734633736,0.6296825295957718,2.2000269466693746e-05,3.1951717671318974e-07,0.014801521076107434,1.4467525443419974e-05,2.0394669696678502e-05,1
0.3894881001974238,0.5964546146332751,3.778448037133059e-05,3.0265647456904976e-07,0.013947588751239845,5.229082424271751e-05,1.931845697277702e-05,1
0.45557478686117214,0.530663127876484,3.754389166345077e-05,2.760757854171567e-07,0.013646591237487226,6.0948396932409155e-05,1.67256604754601e-05,1
0.281754750399238,0.7181717606262205,3.5412179414289434e-05,2.1222835361216386e-07,1.4851400844228521e-05,1.8269502237105417e-05,4.7436636923994565e-06,1
0.6853306451273511,0.3146034662557087,2.64161015025657e-05,2.078294726063675e-07,1.7161938075191917e-05,1.8455438087160385e-05,3.6473098027479364e-06,1
0.187203878105016,0.8127362035057848,2.6541957433351637e-05,1.7190448130786005e-07,1.554218631138774e-05,1.3819984225606813e-05,3.84235674763355e-06,1
0.20817874911032114,0.791756658632217,2.779395398437007e-05,1.9954890387582677e-07,1.7853900714774928e-05,1.4499604355360923e-05,4.24524950348055e-06,1
0.18158820143493967,0.8183418827828601,3.437796295744249e-05,2.360704699546246e-07,1.7489530205538865e-05,1.4203689848660873e-05,3.608528718617626e-06,1
0.21234341796679015,0.7875870659498926,3.41814288851521e-05,2.3472088764036343e-07,1.7389544973778753e-05,1.41224893129874e-05,3.5878992576770607e-06,1
0.226436165496811,0.7735067110942774,2.3641224727892578e-05,3.209367697046736e-07,1.5872646680739218e-05,1.378615032170896e-05,3.502450411486325e-06,1
0.3451263103537407,0.654713603068151,6.090711499176739e-05,2.842777254982508e-07,7.022220677808167e-05,2.020879593347158e-05,8.464182679470798e-06,1
0.18875398559474815,0.811147317667175,3.39772435231195e-05,2.1054698080409634e-07,4.315073629098715e-05,1.5089313129705207e-05,6.2688981523734216e-06,1
0.3214213390994507,0.6765254579341005,2.059095295016889e-05,1.7813739655993013e-07,0.0020139674861501147,1.251128896990139e-05,5.955100982230431e-06,0
0.5024291914061676,0.4975171585557382,2.0267914384338657e-05,2.268842372358722e-07,1.542127872526134e-05,1.0940861346385574e-05,6.793099401020387e-06,1
0.4116675244003491,0.5882724864222192,2.4517199300994185e-05,1.9971988360562135e-07,1.7191819851016268e-05,1.1291942832051106e-05,6.788495563925528e-06,1
0.37722705981770066,0.622718203780325,2.2466068997670903e-05,1.8301114373650106e-07,1.5753537189412897e-05,1.0113220546598787e-05,6.220564096950068e-06,1
0.365735538791166,0.6342082508643269,2.3069099314991217e-05,1.8734634512014516e-07,1.6126709854347233e-05,1.0459271037644388e-05,6.367917954914982e-06,1
0.3302563706906122,0.669686581604396,2.2379861246470063e-05,1.817489773472649e-07,1.6111589377583158e-05,1.2196842434676749e-05,6.17766295571375e-06,1
0.29225692075539567,0.7076691871874963,2.7828391071917646e-05,2.2564262201564074e-07,1.839641025433098e-05,1.871196750216268e-05,8.7296456575714e-06,0
0.3789214149985989,0.6209659686888573,2.2864015518143404e-05,1.862629420707721e-07,4.434546664236222e-05,1.1767800215822527e-05,3.345276722546303e-05,0
0.6334704451805782,0.3445220564331644,4.323443490869902e-05,3.638148868306072e-07,2.8706567686165226e-05,3.850743388399114e-05,0.021896686134891628,0
0.5941600446497826,0.40275099716615137,2.909249513642287e-05,2.6614027104462636e-07,1.935939082555884e-05,1.8125659987456884e-05,0.0030221144978456868,0
0.6088476996621621,0.38732257500521283,2.7888210440889898e-05,2.551233866632392e-07,1.9644074079924737e-05,1.7375347756863774e-05,0.0037645625769607235,0
0.4639603351120208,0.5359251048171189,3.184419900856367e-05,3.514749112441974e-07,3.830378792675373e-05,3.091672844738897e-05,1.3143880566347186e-05,1
0.33215836337045423,0.6677525526413834,3.331984905378768e-05,2.692437354914418e-07,2.530080746471973e-05,2.4570002845497408e-05,5.624085062916866e-06,1
0.32148028051462246,0.6784289120140482,3.385258334485707e-05,2.735485380228206e-07,2.600449346834701e-05,2.496284025080315e-05,5.714005727445397e-06,1
0.5875249654074894,0.41241431458864036,2.5458877852065175e-05,2.3040986843678306e-07,1.317492984354914e-05,1.7814319773388215e-05,4.041466532740257e-06,1
0.42919288215732965,0.5707489356118285,2.636538177443447e-05,2.419563282274085e-07,1.2799491769490908e-05,1.412634750331675e-05,4.649053466419366e-06,1
0.26373583995928973,0.7362207080691083,1.6726539031581335e-05,1.426602515881443e-07,1.1150367545437787e-05,1.237440588052723e-05,3.057998892681443e-06,1
0.5807184267293871,0.4192049342311276,2.739769215266393e-05,2.4458566957216256e-07,2.5399272519553258e-05,1.9307374294314584e-05,4.290114849117107e-06,1
0.13549747367741244,0.8644152621584053,1.8567823817838468e-05,1.4761736511170847e-07,4.1906771121638746e-05,1.1096209900937359e-05,1.5545741976816794e-05,1
0.17969786871704674,0.7881374890350943,0.00010288875217893675,2.1011022145689648e-07,0.03186793220486781,0.00018391348355090593,9.697697039868711e-06,1
0.10927341525936764,0.834666917606609,0.0001293373429109894,1.5615571908992213e-07,0.05576164721673706,0.00015931019789059683,9.216220765560952e-06,1
0.170457396502341,0.777386066679122,0.00022122197843238046,1.924679324604969e-07,0.05171237381499194,0.0002187870043867162,3.96155279327814e-06,1
0.18400332055090368,0.798111798443363,0.0002641619170364603,2.1257979210840307e-07,0.01719256614416315,0.00042169533368724405,6.245031054382779e-06,1
0.1446685638331957,0.8482828330086188,0.000166873550800987,1.9636919057459968e-07,0.006681681682540144,0.00019376658758622566,6.084968067402646e-06,1
0.11134062662585756,0.8845675236557057,0.00016116034524024685,2.1124211208344213e-07,0.003798071742622314,0.00012586054742260396,6.545841039305594e-06,1
0.06864008236597437,0.922074217172095,0.002640351049245542,2.2297162575021468e-07,0.006422603346064892,0.00021653878046079525,5.984314533297277e-06,1
0.07095075603057344,0.9205744729718608,0.0025379857563815156,1.7787273644551595e-07,0.005625733231213464,0.00030701239064349553,3.86174659093876e-06,1
0.16748071598015576,0.6655717300366881,0.0020089295077419917,2.8971923360223915e-07,0.1638011588315292,0.0011291148683484303,8.061056302758343e-06,1
0.03843065852773649,0.9247760623820603,0.01075250756587555,1.4866182920822455e-07,0.025400043274252798,0.0006362327651204041,4.346823125271779e-06,1
0.028721655664575334,0.9623051485729667,0.00555587708259275,9.708477734966107e-08,0.0028981283076347807,0.0005167015272183492,2.3917602350798015e-06,1
0.029858450812614977,0.9564413785384148,0.005490246563860309,9.552311575354585e-08,0.007742308382771546,0.0004651668917552714,2.3532874671731746e-06,1
0.025792902175358446,0.9701064320092596,0.002364150807233594,5.029467349274487e-284,0.0015903823771025258,0.00014269992187648296,3.432709169462492e-06,1
0.044442818703481865,0.9543104454078791,0.00022841762612557938,4.8018196727761154e-284,0.0009447044812209878,7.033644608480532e-05,3.2773352079165353e-06,1
0.05373771825013015,0.9400069950900525,2.6561280987573265e-05,8.12863908829823e-212,0.006219113342598868,6.000022774839577e-06,3.612013456078161e-06,1
0.09811517185962644,0.8960313384089735,0.0003485493285307627,1.51697059227134e-211,0.00519537094071485,0.0003038802499535808,5.68921220087592e-06,1
0.09200234124380531,0.8993521286883916,0.0013597263345242686,0.0,0.006887061620683857,0.0003934073531241765,5.334759470862123e-06,1
0.038097809099859686,0.9390204941343052,0.0018765150601874638,2.3782210814411487e-07,0.020503762332721515,0.0004972250873993469,3.956463418854158e-06,1
0.046533070555487374,0.9036807581666821,0.0017523106162505493,2.4079743390641916e-07,0.04766040111478975,0.00036926216153483475,3.956587821453496e-06,1
0.025031317040608722,0.9100295558425985,0.0037831974660907388,2.3754658551829576e-07,0.06068298806099409,0.0004688008706009157,3.903172521576008e-06,1
0.010729438120528014,0.6359709915456172,0.006832997990138771,1.3341086294487463e-07,0.3459139706496109,0.0005502616929782387,2.2065902639473764e-06,4
0.01409282594354815,0.9198766042426927,0.011369892736106592,2.2674712867945367e-07,0.053612693682318247,0.0010440062938830666,3.7503543225625123e-06,1
0.014731555898675454,0.8947157922370687,0.028111791322373327,2.4427113833675055e-07,0.059927849727175825,0.0025087528786577654,4.0136649107787885e-06,1
0.0024833319722501706,0.15724909080516541,0.005708756439423014,3.6258891245626296e-08,0.8339646018957617,0.0005934945941321072,6.880343763611415e-07,4
0.009979917645391625,0.7207487289099737,0.027905577451811315,1.5931111115656456e-07,0.23599777546720566,0.005364408139375791,3.433075130853279e-06,4
0.014460280949962986,0.7219291639261335,0.040499540520622324,1.7490259711891626e-07,0.2159754671552682,0.007131603481525103,3.7690638909705415e-06,1
0.04875709462811736,0.8241699932107984,0.03940927704652769,2.5355673779034074e-07,0.05791130456393806,0.029748011183228302,4.065810652345638e-06,1
0.0007347046335053234,0.14833463112739623,0.6123045655185703,0.0002253213564661581,8.254434557760523e-05,0.2383074133754717,1.0819643012618067e-05,5
0.00038454440243092063,0.44665591113610303,0.20977857686333765,5.54752670921862e-07,6.123359127001971e-05,0.34311561734234397,3.5619118433076636e-06,1
0.000535433643370059,0.3399377355925172,0.06100932070823891,5.8501276537837444e-05,0.00016770709070018563,0.5982866820539563,4.61963467938113e-06,1
0.0007151554242697815,0.34470286451305465,0.08857818351835918,5.649023109228722e-05,0.0004143975543500996,0.5655296326663118,3.276092562201504e-06,1
0.8293129833565221,0.009088904171277513,1.1049157060196451e-05,1.4763336223347497e-07,1.1220232117703379e-05,6.024994318651282e-06,0.16156967045534143,0
0.6594653509523656,0.34048646655664383,1.1876358727779697e-05,2.0628692278858374e-07,1.4661805140945574e-05,8.423976613374723e-06,1.3014063585632313e-05,0
0.6656657425208031,0.3342943787637694,1.086904130856425e-05,2.4596656695235054e-07,1.3766787382973246e-05,7.4012244739395346e-06,7.5956956949277906e-06,0
0.7608241377257422,0.23913993743110606,1.1366642380927297e-05,1.9585903017264338e-07,1.29475195123331e-05,5.893470261088982e-06,5.521351967198067e-06,0
0.7907497715872022,0.20921669680256402,1.0190663174492867e-05,2.2598197303930328e-07,1.2148968162694813e-05,6.096061112512396e-06,4.869935811126551e-06,0
0.8814544233894116,0.07683146705622348,1.3141793932661472e-05,2.283327923537648e-07,1.2546807608672181e-05,9.178537701713937e-06,0.04167901408232953,0
0.9422014847885285,0.00660324342788183,9.316763593527706e-06,1.2652646637691918e-07,6.281545736553486e-06,5.297952937686398e-06,0.05117424899485547,0
0.9335175348432722,0.005268409985484053,9.399491184195977e-06,1.1867100253983956e-07,7.494154303341022e-06,5.3449957629774855e-06,0.06119169785899103,0
0.9587427963484182,0.003790421857914155,9.121872574409625e-06,1.1339010097061473e-07,6.055309226189699e-06,5.107141561798626e-06,0.037446384080204204,0
0.9103189510785402,0.0023707585141697664,1.4474329745042685e-05,2.067408268750084e-07,9.38897854451176e-06,8.099042206673032e-06,0.08727812131596689,0
0.9604513750421837,0.019875040978148763,2.346769661203095e-05,1.6007704230677332e-07,1.5643272649418704e-05,9.612504736832703e-06,0.019624700428626865,0
0.9444571130624222,0.025039246232507688,2.3180746135011948e-05,1.9600027394616364e-07,1.9017409276948962e-05,1.0011655996696852e-05,0.030451234893387275,0
0.9575951755132796,0.012475744831384273,2.219123108127577e-05,1.549550056851878e-07,1.5598419384092607e-05,9.616788193438821e-06,0.029881518261671756,0
0.9606272857762337,0.008830604930029136,2.2817932083343907e-05,5.667677036133092e-08,1.5920298865934743e-05,9.23747741979179e-06,0.030494076908597973,0
0.8657001107782909,0.00798505860276609,1.638864036475387e-05,2.0722531569516649e-07,1.797844745517674e-05,9.719237848356488e-06,0.1262705370679591,0
0.9064209018896723,0.006811305903070175,1.4601030240878491e-05,1.8462197191463957e-07,1.3353797465697633e-05,8.61320966972128e-06,0.08673103954790919,0
0.9139511110315962,0.009354937553265401,1.4903615730263223e-05,1.884479984895701e-07,1.3630535837897567e-05,8.791706133333088e-06,0.07665643710943836,0
0.8446292261179299,0.025737056658429996,1.457792255826827e-05,1.843297880166888e-07,1.0220563772585108e-05,9.357559411255014e-06,0.12959937684810988,0
0.8600153890081872,0.024314179915872456,1.4660546923571499e-05,1.8537452753156022e-07,1.0312187402053201e-05,9.410595939886023e-06,0.1156358623711472,0
0.8483585412555638,0.025625041607962626,1.579494357241007e-05,1.521039410781478e-07,1.1598103077510804e-05,1.0138764442291383e-05,0.12597873322144026,0
0.7378107970108063,0.24515877851614465,2.3802182261980116e-05,3.5563586361809614e-07,1.2766677481566414e-05,1.422881448111082e-05,0.016979271162960663,0
0.7582076615966085,0.2336953286644391,1.9957463774058605e-05,3.226934751660616e-07,1.2598464168052463e-05,1.287893852782344e-05,0.00805125217900749,0
0.732504769632632,0.25998152699596994,1.940206165393706e-05,2.4532836537319264e-07,1.7088686118243326e-05,1.1094930545926107e-05,0.00746587236471463,0
0.7586093014354118,0.23392692711272917,1.95855789271254e-05,2.476488400450121e-07,1.695356803807741e-05,1.1199873589419076e-05,0.007415784782464215,0
0.7119477989064751,0.28646189210135126,1.826824057346877e-05,2.3099182334697408e-07,1.523800854536838e-05,1.0606424662398624e-05,0.0015459653265692162,0
0.8007859395433391,0.19890083162853678,1.2735799145977585e-05,1.8039930628258154e-07,9.917110281485638e-07,7.482984763070451e-06,0.0002918379338806709,0
0.739795394081858,0.25989292765368166,1.2918973270967064e-05,1.2818860207448938e-50,1.2076332013718305e-06,7.158150496338366e-06,0.00029039350749147745,0
0.690128137932633,0.309543527044186,1.3295436733267627e-05,1.9614549076394652e-07,1.338971380053066e-06,7.6240438654155725e-06,0.0003058804257115745,0
0.7146425384162765,0.2850987243907904,1.3328356229727198e-05,1.7011758367040742e-07,1.2356682910491378e-06,7.642920995221106e-06,0.0002363601298334626,0
0.7138996471853005,0.2859952180412196,1.39707556708808e-05,1.7831690238583368e-07,1.2581778654167506e-05,8.813522413578376e-06,6.95903998386175e-05,0
0.5409454186180113,0.45897768043589215,2.045856551695422e-05,2.3443378480839218e-07,1.784301373620354e-05,1.2198687969605982e-05,2.6166245088941797e-05,0
0.4942768490831563,0.5056606026028853,1.5494985415698684e-05,1.5727177038146546e-07,2.246136362841969e-05,9.439892095229032e-06,1.4994801048675289e-05,0
0.3765072965191967,0.6151658566884028,2.2608012159408067e-05,2.8431640922014687e-07,0.008262385890344006,1.486718113323814e-05,2.670139235463673e-05,1
0.3848109907360827,0.6021531606843784,3.825183276750657e-05,3.055480639971184e-07,0.012929294857143416,4.849331544880598e-05,1.9503026115164013e-05,1
0.22850010861968914,0.771438775522825,2.9890429245086185e-05,1.7913601174419e-07,1.2535651673155664e-05,1.4506646836751494e-05,4.003993719260766e-06,1
0.2048213968593475,0.7951237688479972,2.27876112434941e-05,1.6182920433807466e-07,1.4894318454169798e-05,1.3009998542094053e-05,3.980535211188944e-06,1
0.19270843403587687,0.8072337895850222,2.5372418171301555e-05,1.6432971819113282e-07,1.4857338663850468e-05,1.321102333064094e-05,4.17126921692269e-06,0
0.19295768449186398,0.8069690492051084,3.4961912860638486e-05,1.947071386353328e-07,1.8302999029011232e-05,1.4864328455551374e-05,4.942355543749038e-06,0
0.20345234619013688,0.7964669237580609,3.08227990226575e-05,3.300487145337371e-07,2.94231457611909e-05,1.5404706768529342e-05,4.749351535449311e-06,0
0.18741744815809958,0.812498565975114,3.4078040015057567e-05,3.295139351029059e-07,2.825331253115593e-05,1.5379746452203213e-05,5.945253852876252e-06,0
0.36007291710380945,0.6398196197505751,3.423555830872688e-05,2.0627352943010136e-07,5.095363138669273e-05,1.745711911936549e-05,4.6105632711489895e-06,0
0.46625398407860863,0.5300878299811397,1.8048482971252917e-05,1.7138998226693522e-07,0.0036196664368985817,1.1151493783116514e-05,9.148136616482007e-06,0
0.15538883437527298,0.8430799451791976,1.4302896437127848e-05,1.433262631622886e-07,0.0015010810065250915,9.942824770833138e-06,5.750391533196799e-06,1
0.14546980900337098,0.8532253538219063,1.4609196950011728e-05,1.50198748574941e-07,0.0012702692658683463,1.0704409235620927e-05,9.104103920171699e-06,1
0.2374782473911652,0.7623144845165455,1.700053142814298e-05,2.2527561576331816e-07,0.0001696432892052761,1.2151075888363066e-05,8.247920151705035e-06,1
0.6918524857788029,0.30807627920203673,2.1354625173970476e-05,2.1929268510800266e-07,2.97980601479186e-05,1.4210023598246375e-05,5.653017555168066e-06,0
0.7286785557658906,0.2712424956073162,2.30858070368521e-05,2.42203134687782e-07,3.291119159714088e-05,1.6123628967909688e-05,6.585796056689431e-06,0
0.4558689061195434,0.5440725705020487,1.6387740929964725e-05,2.2179629253424746e-07,2.230709350712024e-05,1.357583833163152e-05,6.030909346583564e-06,0
0.2939717509076468,0.7059861962250604,1.5792543412450696e-05,1.4696334546831983e-07,1.2084520317775194e-05,9.630187847016541e-06,4.398652370089991e-06,1
0.2954056960093829,0.7045487486223497,1.6671338362176633e-05,1.547931762067902e-07,1.3324544113838314e-05,1.0143259596856833e-05,5.261433018260389e-06,1
0.2913686312786325,0.7085800050457937,2.1690437538598916e-05,1.6907202412492931e-07,1.4553662500335291e-05,9.203731256319408e-06,5.746772254396045e-06,1
0.3419975731242394,0.6579437302588774,2.4091503958238988e-05,1.9625212110702814e-07,1.689331603113798e-05,1.084491874631861e-05,6.670626026283836e-06,1
0.34403587394541846,0.6559056112628067,2.4016875460993665e-05,1.9564418891214264e-07,1.6840985433966484e-05,1.0811324331034769e-05,6.649962360084746e-06,1
0.3789494800219035,0.6209919889029094,2.432812628609606e-05,1.9334812049969513e-07,1.664334064367433e-05,1.07943413341133e-05,6.571918802523155e-06,1
0.31342942071703567,0.6865178847626083,1.91851956320966e-05,1.9537690461580138e-07,1.4821270868815502e-05,1.1601484328033257e-05,6.891192622468681e-06,1
0.3056265332031398,0.6942987208419392,3.59671419160681e-05,1.8906890728373925e-07,1.4476655660654435e-05,1.6689026322040934e-05,7.424062114870853e-06,1
0.30562664856600735,0.6942989829143795,3.596715549235215e-05,1.8906897865035485e-07,1.4476661125063862e-05,1.631156909987104e-05,7.424064917183485e-06,1
0.4828638479731907,0.5170441614477866,4.6486480263168015e-05,2.0604575425758176e-07,1.7069720005249854e-05,1.8262133542226057e-05,9.966199457798906e-06,1
0.48488821493217266,0.5150175785049069,4.666086988037789e-05,2.0681871534238066e-07,1.867364808998693e-05,1.8330642202374882e-05,1.0334584032268402e-05,1
0.4446981719204007,0.5552028129439194,4.570338153690405e-05,2.0257476297586384e-07,1.829046191231531e-05,1.7954494559132072e-05,1.686422290873016e-05,0
0.33030503593038874,0.6695745196138508,5.126786222899818e-05,2.3907887601361287e-07,2.287385077636412e-05,1.9064482659181586e-05,2.6999181219827854e-05,0
0.33456160008789626,0.665370441359096,2.6165034715478608e-05,2.1215552933236892e-07,1.7624508468053597e-05,1.5748996316547356e-05,8.207857978346392e-06,0
0.29084373617800574,0.7090875083962633,2.5930092556090814e-05,2.102505336490297e-07,1.7141509164573812e-05,1.6953472891549092e-05,8.520100585070138e-06,0
0.3280092952471295,0.671889916872596,2.473903927182278e-05,2.0153792474106301e-07,3.3892656198883087e-05,1.319468946570409e-05,2.875995741357187e-05,0
0.34460127572152266,0.6552352417234625,2.375378540184519e-05,1.9654224228996084e-07,0.00010399588575030777,1.2855861485106076e-05,2.268048013545927e-05,0
0.5730579649581594,0.41089714237947467,5.04344668205441e-05,3.975415138684033e-07,3.784438464431675e-05,2.9192621938027423e-05,0.015927023647449263,0
0.5635118951077751,0.41647742806109966,3.67268107124822e-05,3.359795477077304e-07,2.443959100191115e-05,2.2882110326958844e-05,0.019926292339536224,0
0.5763931216490781,0.4216981054024049,3.850739137138629e-05,3.06980986809134e-07,2.9223379541545176e-05,2.2542500789107908e-05,0.001818192695828083,0
0.34349335484336274,0.6564228091433226,3.1143394078712665e-05,2.510401672071601e-07,2.386476796994151e-05,2.2908825014463997e-05,5.667986084390197e-06,1
0.6044576966585697,0.3954717634649583,2.4762300718286106e-05,2.2690232039881564e-07,2.0710910411780465e-05,2.0857733682351357e-05,3.982029339141468e-06,0
0.6310368379420811,0.36890772684686524,1.7939222190431465e-05,2.018975869736451e-07,1.5191680837270478e-05,1.8559202448013573e-05,3.5432079910766638e-06,0
0.597784965864165,0.4021429594850704,3.2520705055104076e-05,2.2069407678459576e-07,1.838809345095303e-05,1.707208060730816e-05,3.8730775744662124e-06,1
0.5610327388728122,0.4388955927810237,2.987450919190704e-05,2.3093852966546134e-07,1.9113203955614006e-05,1.839683156733571e-05,4.052862919381848e-06,1
0.543000194766748,0.456931916804598,2.9988607662766644e-05,2.3240023270176601e-07,1.5087470037628172e-05,1.8503572529982664e-05,4.076378190906052e-06,1
0.5404441318378262,0.45947877861938907,2.9807774517944274e-05,2.3042265148370902e-07,2.2070363193814366e-05,2.0937172922277273e-05,4.0438094991631826e-06,1
0.5117966971192173,0.4881285418747983,2.8276913589568907e-05,2.1858865716934941e-07,2.729846482282684e-05,1.5130910467465307e-05,3.836128447351165e-06,1
0.47196690566882404,0.5279502782608881,2.6433794473042335e-05,2.888795131016558e-07,3.645949119891831e-05,1.700747706824701e-05,2.6264280344510194e-06,1
0.4902596132410367,0.5094384658491898,2.7458327478453145e-05,3.0007603640297316e-07,0.00025265857541953516,1.8775706514571486e-05,2.728224324437896e-06,1
0.26685680856818766,0.6653609810760891,0.00028577666752375677,2.743433822796646e-07,0.0667837668891445,0.0007054118680733633,6.980587599287095e-06,1
0.16132214470113881,0.776485654684736,0.00018034073452270397,1.874656888294578e-07,0.06168381935924382,0.0003175671918108121,1.0285862858887795e-05,1
0.12510006926267964,0.8351344257352644,0.00017763879651020513,1.793493943846383e-07,0.039292343161747054,0.00027753696328143275,1.780673112308534e-05,1
0.17727743498012424,0.790850471325363,0.00024684082311048446,2.1532383486721227e-07,0.031211076640625758,0.00040607349429265337,7.887412648946349e-06,1
0.53267474672602,0.2669878159011036,0.0003068853935374727,1.5723087173117448e-07,0.19948661561605524,0.0005380227097874023,5.756422624582227e-06,4
0.14139214846614567,0.8532024391326026,0.00030526416177598104,1.9004311802085806e-07,0.004872676048408959,0.00022139629383882212,5.885854109705744e-06,1
0.03990133525852257,0.9478080386127823,0.0028818490238546645,1.7325254529942407e-07,0.009157682666788805,0.00024715974662850457,3.7614388778825164e-06,1
0.05695686785156394,0.9315030177536382,0.0026791076649139664,1.799843419948494e-07,0.008533005312586547,0.00032391384187083113,3.907591084560995e-06,1
0.033817059063730844,0.9543706925548394,0.0026931829909767643,1.5609175075152417e-07,0.008829254375596512,0.00028626605756963404,3.3888655360232813e-06,1
0.04329054502568896,0.9275130360794094,0.006211963680744481,2.0397240146205816e-07,0.022490139676791157,0.0004896831756467507,4.4283893177354464e-06,1
0.028032100390434616,0.9619977625558906,0.0033077006029702226,9.607805108526851e-08,0.006481803662184583,0.00017816975173109206,2.366958737743995e-06,1
0.052702802899310626,0.944280163310182,2.2643599354473617e-05,9.184532228942257e-212,0.0029847344596643324,6.027298217230346e-06,3.628433271241042e-06,1
0.06304415703512657,0.9344624483216185,2.4354054558304293e-05,9.076851231725463e-212,0.0024569370755583467,8.699351381086558e-06,3.404161757397578e-06,1
0.11971413865879015,0.8760118049220692,3.979238577164223e-05,1.4830777558616785e-211,0.004213592057604025,1.5109874491279585e-05,5.5621012737382844e-06,1
0.0358675005804282,0.9420954744317215,0.0011130875567473908,1.2799595606197869e-283,0.020564473214721823,0.0003550757375587501,4.388478822467577e-06,1
0.04152627772424328,0.9198504998616688,0.001421550149219481,2.3211498292608889e-07,0.0366606856258295,0.0005368930056878622,3.861518368000195e-06,1
0.042576327533282624,0.8877610168653389,0.004060612144632583,2.2670370667825698e-07,0.06510131967909781,0.0004967720627967019,3.7250111447206977e-06,1
0.0024071962722904973,0.13774585202805692,0.0012987762446196416,3.272111472116998e-08,0.8584543843866598,9.321714625303583e-05,5.412010054913801e-07,4
0.010886704508375544,0.5069128257225446,0.003336546159905435,1.2635145433012884e-07,0.4784257919194569,0.0004359155092731463,2.0898289899800475e-06,4
0.009889327611551887,0.7245367190709864,0.0041271809358909145,1.0626026777191967e-07,0.26099011073741607,0.00045479785929617925,1.7575245908336811e-06,4
0.010389038569904058,0.7481510133282666,0.007369331913338329,1.8811805574798616e-07,0.23337204036498943,0.0007145879242704384,3.799781175333335e-06,1
0.014621895781968588,0.918687733984429,0.01297382127048228,2.3546234869738058e-07,0.052004337187263106,0.0017081073874728751,3.868926035270582e-06,1
0.012370833200241897,0.9247396294407652,0.010565971535990698,2.3966673854167725e-07,0.050347237841610666,0.0019721503054993743,3.938009153743729e-06,1
0.013212303468126428,0.9226960126307485,0.011246042813418398,2.4292198176779227e-07,0.05065832500694715,0.002183081662111603,3.991496666028935e-06,1
0.012409836612698039,0.9154069571290536,0.01862758704210782,2.0868715480651835e-07,0.05062794080878918,0.0029235097553028926,3.959964893554311e-06,1
0.016050816884100483,0.8640067556012774,0.03476904240837136,2.1012447029209303e-07,0.07652720082850316,0.008641446075555231,4.528077722303792e-06,1
0.014444816051845612,0.742557893008916,0.03325753359290984,1.8058838419744467e-07,0.20230892148974625,0.007426763678426233,3.891589771788984e-06,1
0.0490032378112667,0.8326492763123414,0.03894766827580626,2.561653978722883e-07,0.06570203993298218,0.013693413861396966,4.1076408085543095e-06,1
0.00030124092871787754,0.04590463737712955,0.8974416142924033,0.0001498534081495733,3.553705414213876e-05,0.056157942530012335,9.174409445000537e-06,2
0.0006826776718923618,0.15310758375802644,0.6334097702040341,0.00128021129758978,7.874285660379121e-05,0.2114360516488652,4.962562988317655e-06,5
0.0006334421586425342,0.10252884293698532,0.694563957011464,0.0006820361368755906,8.762224774312346e-05,0.20149441519329975,9.684314989601635e-06,5
0.0015654330683805193,0.5532178238009595,0.1905261810112693,0.00031664860453300595,0.0002417227812141594,0.25411523330414176,1.6957429501637337e-05,5
0.0005914030278371163,0.5354986162295571,0.07486032721568163,0.0004570618571826414,9.011418855969333e-05,0.38849682785583634,5.649625345359102e-06,5
0.0018221290748183224,0.5848276348467051,0.30147396684297834,0.0001423698390507544,0.0005441380743152862,0.11118534244877244,4.418873359874707e-06,1
0.0003927728220909868,0.34214194078315446,0.29770169307890987,0.00012650677714420844,8.639751397180596e-05,0.3595399985336517,1.0690491076839257e-05,1
0.00039483112878558707,0.6105842720876096,0.32336979318965675,0.0012113555744515398,6.754101072351467e-05,0.0643577273718504,1.4479636922772786e-05,1
0.000530436700961465,0.6177960943785445,0.291307635212867,1.3840927203182869e-05,8.280293864016257e-05,0.09026154304602933,7.646795754083291e-06,1
0.0008068427505215034,0.5122507727852191,0.10204978887113932,8.815533251463098e-05,0.0003099825685675259,0.3844845772829269,9.88040911116627e-06,1
0.0009164512755516437,0.639648298105398,0.19999278347377228,4.8683037566777334e-05,0.0004831187019068562,0.1589067400124482,3.925393356202846e-06,1
0.0008128568800634311,0.6054718688049677,0.26735020506259316,0.00013209674516493337,0.00048666895473469223,0.12574281452701594,3.4890254601571017e-06,1
0.004114221310779254,0.7813170766591707,0.1748555496683096,4.631047977888664e-05,0.0018951492750246348,0.03776695576663532,4.7368403016046025e-06,1
0.0023588794160203847,0.7597509552427674,0.19411729557424967,6.315443371147827e-05,0.0015316839979635307,0.04217330205041909,4.7292848684169955e-06,1
0.0002793092755262507,0.20858597654578662,0.6296862345756524,6.52918454594372e-05,0.00014826572812986564,0.1612288277914163,6.094238029112167e-06,2
0.00032325857931828094,0.12124536725436068,0.5543407600637255,1.5675101421077108e-05,6.0488888706481684e-05,0.3240060582582683,8.391854199778624e-06,2
0.0005832866254476955,0.21306274911116244,0.5896082362809819,0.0004633894176384946,0.00011925844227139143,0.1961428951316863,2.018499081171509e-05,2
0.8531970216959237,0.009878331580230403,5.123799383526679e-06,1.3698737429864454e-07,9.372995107202338e-06,5.014017854135092e-06,0.13690499892412702,0
0.9474015079289075,0.025783854513712907,5.490635070883162e-06,1.9479422339217382e-07,1.0049710065486028e-05,6.0338059432103545e-06,0.02679286861207637,0
0.5950844515566838,0.4048028844335518,1.2820821051241619e-05,2.0865876198795937e-07,1.1977197742275995e-05,7.0349605859396704e-06,8.062237162296304e-05,0
0.6700382433735272,0.3299229344898255,1.0547635833746905e-05,2.219033864968629e-07,1.3200006958114027e-05,7.481505032518356e-06,7.37108543611198e-06,0
0.8002771144781049,0.1996905633685483,9.448785569870074e-06,1.642584423513734e-07,1.1292191838787087e-05,5.666151283105395e-06,5.7507662127666435e-06,0
0.8367590253472512,0.16320781658652947,9.751391402905006e-06,1.5018097556528663e-07,1.0495798945140227e-05,5.1805442400151544e-06,7.5801506557775704e-06,0
0.9059032280310504,0.06444033219553652,1.087829408108747e-05,1.890054947070001e-07,1.458163124182595e-06,5.818852519972764e-06,0.02963809545819316,0
0.9394063678950795,0.008157837937333847,9.952698068829699e-06,1.351627853303289e-07,6.0089006536585435e-06,5.4332831838756955e-06,0.05241426412289488,0
0.9180160549600553,0.006893342196268692,7.602217222291828e-06,1.3208512440083844e-07,6.6882174111231615e-06,5.309567152624898e-06,0.07507087075676533,0
0.9314942917078081,0.004693811624789195,9.773483288371734e-06,1.2737328991034983e-07,6.995526343369276e-06,5.333411378557385e-06,0.06378966687310267,0
0.9224953915475841,0.001846243274370783,8.913981635703009e-06,1.1860999420176163e-07,6.8833607004496315e-06,5.342247919767654e-06,0.0756371069777948,0
0.9558673691501457,0.0015593333890100097,8.928688870230246e-06,1.250789688173906e-07,8.224595039563715e-06,5.6719997032108065e-06,0.0425503470982627,0
0.978303925560881,0.001276599846811864,8.327614815515878e-06,1.1665872660274368e-07,6.119833290550517e-06,5.290164037359042e-06,0.02039962032143713,0
0.9663619695637028,0.0022113068471322542,1.3447642898054673e-05,1.661769744581487e-07,1.2089051301248433e-05,7.524564475872417e-06,0.03139349615351547,0
0.9634116620540983,0.0219268212207783,2.6630628714364872e-05,1.6900726973831497e-07,1.6515964826384375e-05,1.0148758107395231e-05,0.014608052366205323,0
0.9612785610649488,0.021878272790364636,2.6571665528958573e-05,1.6863306877267206e-07,1.6671187385584043e-05,1.0278174606831625e-05,0.01678947648409651,0
0.9540831355711448,0.006904427698594861,2.1361238313691603e-05,4.8578375293790066e-08,1.652059680860978e-05,8.812380322092365e-06,0.03896569393644063,0
0.8877071232965018,0.00818804723871733,1.5880139049641485e-05,2.1249320241461465e-07,1.908773382190984e-05,9.966311155074628e-06,0.10405968278755165,0
0.8789391229919243,0.006621543085638483,1.531568570662091e-05,1.936583959989857e-07,1.6801409060672912e-05,9.08292505542195e-06,0.11439794024421854,0
0.881055605618386,0.0068513379972095926,1.5308776005643414e-05,1.9357102664225124e-07,1.5408952703516492e-05,9.078827276364832e-06,0.11205306625739225,0
0.924530575266026,0.00716460966199624,1.5175902634319107e-05,1.918909161689396e-07,1.4041097093669002e-05,8.95232933294722e-06,0.06826645385200061,0
0.9167562936776451,0.006898387425068703,1.4835867427023294e-05,1.8759135857227108e-07,1.3568574653982078e-05,8.75174112189577e-06,0.07630797512272477,0
0.9178637826781654,0.008942398616180304,1.542122713645025e-05,1.9499290915129948e-07,1.3829639832977812e-05,9.097047297304263e-06,0.07315527579847851,0
0.8591104557082894,0.020949788110636164,1.4927025246638169e-05,1.8874399890895217e-07,1.4149278957764368e-05,9.581648209504073e-06,0.11990090948466178,0
0.8507394791499104,0.026197899523885362,1.4817051629319347e-05,1.8735344319109997e-07,1.0601620404556044e-05,9.511056213036935e-06,0.1230275042445141,0
0.7197404896188392,0.2787898367319245,1.8467906548486478e-05,2.3351648944408432e-07,1.609491268214966e-05,1.072234946167816e-05,0.0014241549640546197,0
0.6224157652088663,0.3774793228353593,1.5567769262865232e-05,2.3770933654278414e-07,1.5050559179010238e-05,9.551456188569083e-06,6.450446180748573e-05,0
0.6810318748252207,0.31890537628027427,1.604899255643943e-05,2.3799605140504333e-07,1.3061765258874358e-05,9.180611114294641e-06,2.4219529524228295e-05,0
0.7647425014322798,0.23518802148327989,1.2417684135818043e-05,2.0778165191694321e-07,1.2536936647130434e-05,8.16131662534802e-06,3.615336538019494e-05,0
0.7616510016323149,0.23636878382816587,1.311447562419252e-05,1.8576316081518707e-07,1.1761367103767946e-06,7.121152014284588e-06,0.0019586170120096135,0
0.7330948873213503,0.2630274086077958,1.2801962988889863e-05,1.8141991165636545e-07,1.1936089372812222e-06,7.093317386836552e-06,0.003856433761629039,0
0.6763603260045643,0.323588564139368,1.4284358011720622e-05,1.6368381788403558e-07,1.2184803621296506e-05,8.090265018957833e-06,1.6386745597931084e-05,0
0.4769520354228541,0.5226641343985867,1.365641480582274e-05,2.118561865442711e-07,0.0003470305867856269,9.622284026644098e-06,1.3309036754617246e-05,0
0.4580689034916274,0.5378221651343772,1.8091714666532384e-05,2.6655922726327613e-07,0.004053403461406623,1.3002746383769818e-05,2.4166892311382226e-05,1
0.4515246886614437,0.5423457631231654,1.987501928039392e-05,2.072899574821979e-07,0.006073421234679366,1.2571104486893967e-05,2.3473566986778485e-05,1
0.2312155529531462,0.7687215303911584,3.037653313782335e-05,1.820492757834669e-07,1.3399656536965662e-05,1.4889306632693831e-05,4.0691101121191165e-06,0
0.6611796766475032,0.33876052625165015,2.2404272343117897e-05,2.0426450042791477e-07,1.7585516673300906e-05,1.533910045078403e-05,4.26394687899644e-06,0
0.6004766168569123,0.3994629148168545,2.2988192470972856e-05,1.9091260106714588e-07,1.7367369505143664e-05,1.5498035605723847e-05,4.423816050204655e-06,0
0.3616899731153534,0.6382523226809197,2.0594657598483086e-05,1.8603695344799898e-07,1.821101371213101e-05,1.4252474613436058e-05,4.460020849321774e-06,0
0.2078142194407493,0.7921028238720565,3.324176823913674e-05,3.282402708752405e-07,2.814410551545643e-05,1.532029939761774e-05,5.922273771155477e-06,0
0.37942255806728953,0.6204636171648936,3.600307242582354e-05,2.1735828072671598e-07,5.369178365054033e-05,1.839523184923525e-05,5.517321610592976e-06,0
0.2851124268127582,0.7147396655448038,2.316573875357633e-05,2.0041250159409064e-07,0.00010418824375801773,1.4386096738693937e-05,5.967150686072848e-06,1
0.413518261836278,0.5862111853913166,2.3022672830338015e-05,1.8209644021737526e-07,0.00022885487584282477,1.3071325311056346e-05,5.421801981072489e-06,1
0.4511165181200581,0.5465728499200907,1.8147117537002318e-05,1.7232662478152344e-07,0.0022719030258823106,1.1212436453395603e-05,9.19705335367413e-06,0
0.1585094119690962,0.8412960163007793,1.777973103507628e-05,1.8193834703254463e-07,0.00015023688770924803,1.3004759107952204e-05,1.3368413925060815e-05,1
0.2419949320010636,0.7579467010746259,1.752828883194183e-05,1.9420475614121596e-07,1.8184922744273132e-05,1.2966554067689233e-05,9.492953910516966e-06,1
0.22543239387745953,0.7745062091016764,1.826215302810669e-05,2.0512429935748706e-07,1.9207405683085663e-05,1.3695623995334528e-05,1.0026713858190874e-05,1
0.672324873297429,0.32760720660709713,2.2826236679320607e-05,2.3440480418361262e-07,1.9289014567848804e-05,1.565060829387105e-05,9.9198311284431e-06,1
0.26911360975484433,0.7308378299112859,2.0536728220746072e-05,1.607812574546862e-07,1.383999611695664e-05,8.557859873397906e-06,5.464968401187197e-06,1
0.46838774164744196,0.5315553345576718,2.180669587770914e-05,1.9814719068871376e-07,1.705644297806638e-05,1.1127469239749596e-05,6.7350396000169665e-06,1
0.5194021989515084,0.4805378191948659,2.2978194669001858e-05,2.0879204929964892e-07,1.797274879737132e-05,1.1725258874530482e-05,7.096859235370058e-06,1
0.34513873571968917,0.6548048904331534,2.3138143798657665e-05,1.884859412196664e-07,1.6224805900129924e-05,1.0415758595729466e-05,6.406652921742538e-06,1
0.3314768350675175,0.6684649333966048,2.476911776124074e-05,1.8977168336303557e-07,1.6335482147805444e-05,1.0486808880408688e-05,6.450355404835552e-06,1
0.3802966126751737,0.6196459252125034,2.5805189293491463e-05,1.899968111181804e-07,1.4074582757997204e-05,1.0934335944407012e-05,6.458007516080195e-06,1
0.3335167395349656,0.6664212311788813,2.5888475754292014e-05,1.9061002738958415e-07,1.5146638376401193e-05,1.4324711206551288e-05,6.478850788482514e-06,1
0.2858295930830189,0.7141178489931418,1.9038918863030822e-05,1.7322285841791288e-07,1.4910983429675498e-05,1.2546939228587799e-05,5.887859459514544e-06,1
0.23439594762080365,0.7655444493794235,2.5049250603969573e-05,2.0253344677290497e-07,1.553316858266833e-05,1.2743924776629458e-05,6.074122362732634e-06,1
0.25187952469265806,0.7480420589250127,3.7461213285250124e-05,1.956902246504882e-07,1.5329751238642876e-05,1.7745669932333828e-05,7.684057648347157e-06,1
0.30283846444810675,0.6970874036641839,3.563903275770074e-05,1.8734413192663508e-07,1.4344592809625692e-05,1.660458167616299e-05,7.356336333993919e-06,1
0.4780775966765378,0.5218316616855949,4.366097144244439e-05,2.0479589895183544e-07,1.8491008132257928e-05,1.815135705675931e-05,1.0233505336680662e-05,0
0.31295386552824367,0.6869250807554687,5.152719741024131e-05,2.402882411196797e-07,2.298955667824706e-05,1.9160919117632724e-05,2.713575484023326e-05,0
0.3355534201098204,0.6643752680034415,2.657741566716597e-05,2.1549926267892021e-07,2.1242832871474693e-05,1.4543341154043984e-05,8.732797782562607e-06,0
0.33389675046402323,0.6660255237968802,2.558223504608844e-05,2.0789647675374675e-07,2.3013626450001392e-05,1.3876651392795232e-05,1.5045329731055508e-05,0
0.09656442965645258,0.03691190388779981,1.487637072021061e-05,1.1622092275207054e-08,8.85219451766711e-06,1.0568923628532385e-05,0.8664893573447888,6
0.5115883358904195,0.32201548703483174,4.236391176890126e-05,3.1350076712438893e-07,3.512649727780829e-05,3.292022256581407e-05,0.16628545294236902,0
0.5500322732088287,0.3257578281691995,3.79680068939187e-05,3.089768831120477e-07,2.6162220994111934e-05,2.6350398230236808e-05,0.12411910901897029,0
0.5367147579145243,0.36954663972636326,3.41811202897285e-05,3.399924136259666e-07,2.4668422358025285e-05,2.3155409226534272e-05,0.09365625741482471,0
0.646357423958127,0.34785693574596466,3.3275837872330296e-05,2.6527503378323383e-07,2.861749494515375e-05,1.947991216181486e-05,0.0057040017758953135,0
0.49056057467501923,0.5077886893890476,3.748889517129294e-05,3.6887944355093685e-07,2.9313296605019864e-05,3.302310047122742e-05,0.001550541764241912,1
0.4541822566517164,0.545664714957624,4.383983527695333e-05,3.7887777751598923e-07,4.029344839444013e-05,3.747917808219164e-05,3.103705112851001e-05,1
0.4736534753326248,0.5262215980263415,3.7429650861338265e-05,3.2347892828416744e-07,3.063188669454093e-05,3.0042757020411555e-05,2.649886752919314e-05,1
0.4758024527050977,0.5241074271935063,3.154443843996225e-05,2.440359841435498e-07,2.4816123418141257e-05,2.2852911299340372e-05,1.0662592254376288e-05,1
0.596516921275649,0.4034009655927835,3.110059038896178e-05,2.4150102931985014e-07,2.1028757550099585e-05,2.2199703135312018e-05,7.542579463675143e-06,1
0.686584469795029,0.3133488845217841,3.002076029505262e-05,2.0372879267106905e-07,1.5705532381301383e-05,1.7140316925519775e-05,3.575344792499975e-06,0
0.6253141217301474,0.37462255289279744,2.3685532233684304e-05,2.77674488233063e-07,1.8568502684108415e-05,1.8269113198891877e-05,2.5245544501126305e-06,1
0.5776795397537231,0.42223693965393155,2.673871450570654e-05,2.285139982128501e-07,3.27446497934782e-05,1.9798400518829076e-05,4.010313529137623e-06,1
0.5211349657881537,0.4787617725512964,2.9467750062851955e-05,2.5183684068888754e-07,4.6239498791907255e-05,2.2882956374955252e-05,4.419618479604937e-06,1
0.5525374956769976,0.4439599282106924,2.9746227928989833e-05,3.250791652140912e-07,0.0034496689723502337,1.9880285676217555e-05,2.955547189093244e-06,1
0.5800289859566674,0.4148118272345291,2.9011631614456623e-05,2.414270424110949e-07,0.005104555102934423,2.1141715811870095e-05,4.236931400495935e-06,1
0.18488736380326284,0.7919723729905092,0.0001166048475224619,2.115530109421686e-07,0.022610778326189778,0.0004024212478177964,1.0247231687207478e-05,1
0.3663433870474162,0.5697203157400658,0.0004762235954829876,2.981832932971963e-07,0.06224235538195343,0.0012048564230503977,1.2563628737989937e-05,1
0.4301995609136119,0.5040630046228378,0.0004694195925578207,2.813475950933818e-07,0.06392128629267939,0.0013399121485065146,6.535082211477783e-06,0
0.7632586344056097,0.22151999110630563,0.0002336031975317659,1.4610964408973423e-07,0.014137792979774086,0.0008468248374597765,3.0073636749195177e-06,0
0.7160631653083008,0.23988740185955124,0.00025647263440321485,1.400691355117738e-07,0.04317900001133849,0.0006088426309320048,4.977486338559889e-06,0
0.159456724051681,0.6477114742774838,0.00017079650097183172,2.1941136525694966e-220,0.19242752659364332,0.00022257482819221537,1.0903748027774625e-05,4
0.04954385213825827,0.9398997881600883,0.000518122203241623,2.1268819209113411e-07,0.009971625583167778,5.98120289330953e-05,6.58719811873477e-06,1
0.07351289310436347,0.9145922914108949,0.0006199125310685914,1.9447149784933748e-07,0.011139592323976008,0.00012908999467009595,6.026163528863919e-06,1
0.08792484196836993,0.9019508709046075,0.00336734409932855,2.177070396851227e-07,0.006538263277949168,0.00021177928451545934,6.682758189855122e-06,1
0.05097957652177547,0.9366672172714869,0.002747174876285557,2.305651094476308e-07,0.009319062897045169,0.0002817321319311591,5.005736366301102e-06,1
0.05523717035357268,0.9318002907455537,0.0036115776637653816,2.337994309243689e-07,0.008942748476541484,0.00040290300529558827,5.075955839989915e-06,1
0.03692827680276366,0.9477157987924983,0.0026468181675162188,1.6183499287838022e-07,0.012357162023763949,0.0003482688229616531,3.513555503398443e-06,1
0.15212009000991067,0.6109432786058046,0.0020596004766182886,2.5120203555902644e-07,0.23360075106044073,0.0012679589352755135,8.069709914731835e-06,1
0.030232970150797747,0.9293675244932877,0.00601610621499631,2.1466371725820156e-07,0.03348032587298469,0.0008988464744150139,4.012129801147018e-06,1
0.029890448214952122,0.9433435450980778,0.005103774335901827,1.8357997099199322e-07,0.020636870632898634,0.0010217469730164114,3.4311651820728927e-06,1
0.03390901186990917,0.9568232781217185,0.0032901385982121727,1.5900061588288964e-07,0.005285747468356692,0.0006885369156562852,3.1280255313614763e-06,1
0.02815590982387008,0.965946472082925,0.0033212777123897124,9.647242239300557e-08,0.002349856368410525,0.00022401086559563748,2.376674386658806e-06,1
0.011555305218173766,0.9764036875793395,3.929718580033419e-05,4.595658108231234e-284,0.011987168692515674,7.159617498113022e-06,7.381706672706072e-06,1
0.05107556345579759,0.9474906469690147,2.5752899268350107e-05,4.621852878291395e-08,0.001399123441782467,6.7460584120143945e-06,2.120957196212786e-06,1
0.044196080923109136,0.9523683307626454,2.2837551563173476e-05,9.26320171446848e-212,0.0034026463501074552,6.0786761460539285e-06,4.025736428640108e-06,1
0.06041550525480618,0.9375728695193958,2.648613523606452e-05,4.331959388945018e-08,0.0019752934266908193,6.770547457780183e-06,3.031796819562165e-06,1
0.1024654592966517,0.8923269437835634,3.518489611820922e-05,1.3113548173431535e-211,0.005154925783278184,1.2568164939704494e-05,4.918075448869075e-06,1
0.11531299173744543,0.8799872399911638,4.933971305849706e-05,1.4898081210094076e-211,0.0046284800716129984,1.517844471442583e-05,6.770042004836545e-06,1
0.04369835147659401,0.9391162111075898,0.00027033981468144164,1.1048263057286137e-283,0.016715593350978775,0.00019189250980135314,7.6117403545396345e-06,1
0.04368237607537624,0.9387728856100458,0.00037345572151188184,1.1044223993359568e-283,0.016902501535704505,0.00026389210378817955,4.888953573408389e-06,1
0.03567371447175709,0.9370054900995984,0.0009794692591522706,1.1023431411680396e-283,0.026008582100501356,0.00032885220939337084,3.891859597511186e-06,1
0.03476619837225364,0.9363917089093499,0.001166289689144609,2.0460527372634196e-07,0.027279239293130992,0.0003924281727358513,3.930958111280387e-06,1
0.04283652839309631,0.8953271542444234,0.004344262205015825,1.9950771624323823e-07,0.05685372081718151,0.0006343490530680136,3.785779498737703e-06,1
0.013667894366255696,0.963061271475937,0.004702158867213489,1.4686075457143565e-07,0.017591376055872923,0.0009747233250566735,2.429048909811769e-06,1
0.014949772664175633,0.9487616097019095,0.0067382636697619755,2.339266164665241e-07,0.02829878791446193,0.0012474147393179706,3.917383756466103e-06,1
0.012959045442467787,0.9332261993555064,0.00839572648103931,2.3465409398411292e-07,0.04405883070549979,0.0013560337951466046,3.929566246229959e-06,1
0.011051988470682861,0.9289627010574701,0.010906207292266023,2.0847784582245487e-07,0.04712460474575486,0.001950333962851196,3.95599312907477e-06,1
0.008935713760867279,0.7558418911446646,0.03378502152384933,1.6714488307048432e-07,0.19582371638685037,0.005609888149869861,3.6018890154794713e-06,1
0.011597121277679964,0.8263217949128621,0.09161549424319414,2.162701448734137e-07,0.060510733995994,0.009950603709078082,4.035591047130085e-06,1
0.011858473833997862,0.8438053005908825,0.0748126755813094,2.2114400571047276e-07,0.061874403016595005,0.0076447992961410135,4.126537068230251e-06,1
0.010128962860989833,0.8980080658807084,0.041876168801956534,2.4097081067451504e-07,0.046106076249772844,0.003876325212769533,4.160022992090355e-06,1
0.06367493259337388,0.8206676701712818,0.05731262248106231,3.528122072258255e-07,0.046258696161549366,0.012080744121784755,4.981658740571245e-06,1
0.06429784404786883,0.8286959989226903,0.052200262816186116,3.5626365595479487e-07,0.04313850693103122,0.011662000625856624,5.03039271115435e-06,1
0.00028763190005086294,0.0435209683045822,0.9392215135756811,0.00010663189549006611,2.9348860535165814e-05,0.01682450479669445,9.40066696630014e-06,2
0.0006257422127235779,0.13672027853685403,0.747700151525822,0.0021131921956319354,8.348748046430137e-05,0.11275271663513184,4.431413371997015e-06,5
0.001107636222713262,0.27150678635735137,0.39667508963590037,0.0004256611544229667,0.00015321616061018814,0.3301146764870618,1.6933981940253343e-05,5
0.0009521568329033383,0.730461551052385,0.08777223120479831,0.00016016036655863028,0.00014508353244732373,0.18049972113360785,9.09587729978467e-06,5
0.0018989268977226087,0.5691310129298845,0.2623350821052511,0.00025488096169880016,0.0003626953403392903,0.16601064613586639,6.7556292374912954e-06,1
0.0007394781374605845,0.5736179392123274,0.2594345906054703,0.0003289197320863385,0.0002148340462398174,0.16565742937701547,6.8088894002508215e-06,1
0.0005410642276198823,0.5425165092978466,0.3337204331426841,0.0005092894359591933,0.00013386390270571317,0.12256488550777898,1.395448540547029e-05,1
0.0007697730045884651,0.5935498550398959,0.32651282825885697,0.0005686257711604343,0.00016450122735882247,0.07841568163713429,1.8735061005250628e-05,1
0.0009682982277856306,0.6542851684748062,0.1786839962835532,9.382682113142652e-05,0.0005230672572249191,0.1654415247216236,4.118213874997345e-06,1
0.000784833683641985,0.7000120579255588,0.1482644103683794,0.027868454146335174,0.0006788405088321827,0.12238811738416039,3.285983092010354e-06,1
0.003575268618697929,0.7422465382421376,0.23577127741749296,6.784741099278943e-05,0.001615770640935011,0.016719022551694024,4.2751180497888194e-06,1
0.001250720254325445,0.38886035082897613,0.5729895518949676,0.00019442462121615882,0.0009559200695330551,0.03574492391527822,4.10841570340321e-06,2
0.00033442087019556577,0.21965192152661162,0.5813236096671757,0.00014568363904474528,0.00015312431496769015,0.19838394326627243,7.296715732174305e-06,2
0.00041224693113043275,0.23722899400122816,0.6267054405243146,0.0006212195285544072,7.959516162811356e-05,0.13493823779567948,1.4266057464696145e-05,2
0.6024206356664271,0.024794771807985706,9.45347953695774e-06,1.1975594982912088e-07,7.116265103252018e-06,4.059101472547014e-06,0.3727638439235245,0
0.7719016240285661,0.03638905205184804,9.016421125970553e-06,1.4452984242402233e-07,8.588405632356156e-06,4.898807090983293e-06,0.19168667575589396,0
0.9281170094121276,0.01605483016563373,6.322181414029071e-06,1.4695433973784015e-07,1.0286566895252106e-05,5.9972830573445976e-06,0.05580540743653202,0
0.8983037214403984,0.08882329773793657,1.4795803898888263e-05,2.524902608293712e-07,1.3363754503144946e-05,7.77950795702641e-06,0.012836789265045131,0
0.7890204500080054,0.21094565369961896,9.424032435748542e-06,2.1326599460452906e-07,1.1829679792078963e-05,6.417252223680773e-06,6.012061929481762e-06,0
0.780418946802766,0.21955281868468235,7.268847354170007e-06,1.7981689968301688e-07,9.522442620871758e-06,5.410756653849197e-06,5.852649022987973e-06,0
0.7348831888061838,0.2650854417301034,8.861610627398482e-06,2.005383806916079e-07,1.0619776154436336e-05,6.034273639418897e-06,5.65326491075916e-06,0
0.7374533663700333,0.26251515445481527,8.892603189428797e-06,2.012397428326872e-07,1.06569177176412e-05,6.0553778842273245e-06,5.673036617143864e-06,0
0.7966824725562104,0.20328615110150777,9.717434453943124e-06,1.4965800530272528e-07,1.0985026977904164e-05,5.162504201513516e-06,5.361718643020482e-06,0
0.9584626235123688,0.03962049624070169,5.055828047905057e-06,7.153905349383572e-08,3.4826657133557006e-06,3.0255677216082806e-06,0.0019052446463933362,0
0.93760281499291,0.058590238487571056,9.388801345257668e-06,1.4931334405022422e-07,1.2490041490819334e-06,5.1506149934451835e-06,0.003791008785686923,0
0.900747874420638,0.008391926506596583,7.6105405965657745e-06,1.5964956753077654e-07,8.240358226291547e-06,4.240465851925253e-06,0.09083994805852305,0
0.9541782559168868,0.008685674321541506,9.420915932930773e-06,1.0537478431326771e-07,6.8158228714900735e-06,4.22664788077623e-06,0.037115501000102066,0
0.9425178634176571,0.007127405302326945,1.0056323223924683e-05,1.365700685108356e-07,6.359223144482884e-06,4.204539601026195e-06,0.05033397462397806,0
0.7801427071787544,0.0019507842031649264,9.87091448956105e-06,1.514958094561445e-07,8.9390872625456e-06,5.9871533420664095e-06,0.21788155996717712,0
0.9524556052597958,0.03029651720197632,2.632778135206443e-05,1.6708529461715538e-07,1.703795154756876e-05,9.12530337684818e-06,0.01719521941665703,0
0.9793702908844631,0.008782880972078749,2.063120867243504e-05,1.3093285504179097e-07,1.4026389052921138e-05,6.989116788364577e-06,0.01180505049608898,0
0.9223651275417448,0.006182519240257941,1.8142734312087522e-05,2.427691409049737e-07,2.18073457838252e-05,1.08172715416983e-05,0.07140134309721878,0
0.8836001970158591,0.006851240066494282,1.6152827339524852e-05,2.0424359009069164e-07,1.7719758998479383e-05,9.579389585844702e-06,0.10950490669813256,0
0.8794591149082087,0.0058152623868717905,1.547503356615376e-05,1.9567326176955077e-07,1.4997249910242839e-05,9.177425862868858e-06,0.11468577732231869,0
0.8475637468011514,0.009449723790743363,1.4875745788862926e-05,1.8809559845658733e-07,1.410067132557535e-05,8.775265536690016e-06,0.14294858962985582,0
0.8189673879281691,0.01340944099845948,1.438037200148565e-05,1.8183187021607153e-07,1.4324708739393083e-05,8.48304243837612e-06,0.16758580111832191,0
0.8586974114227159,0.021761209505475734,1.5437232999947913e-05,1.951952944646907e-07,1.463290323713106e-05,9.909150248604356e-06,0.1195012045900283,0
0.7358618910506531,0.24719716117767826,2.1531239356019672e-05,3.88787585256585e-07,1.0754593316513659e-05,1.3894526440502601e-05,0.016894378624970074,0
0.6979506257218331,0.2989229329662944,1.6215140140282344e-05,2.2557230594886404e-07,1.5148031826179014e-05,9.836512636662314e-06,0.0030850160549632955,0
0.7566951495412771,0.24319374132879795,1.2803645568732399e-05,2.0934573155891104e-07,1.2583393982619845e-05,8.411771335237362e-06,7.71009733068192e-05,0
0.7335445618673135,0.26256253741352464,1.267488708797584e-05,1.7961908636594066e-07,1.2814708168608844e-06,7.0229071147412795e-06,0.0038717418350558224,0
0.7129238897682342,0.2828880774602922,1.2366306129719464e-05,1.859534598781741e-07,1.2829695242027693e-06,7.939221936755864e-06,0.0041662583204230726,0
0.7163417583517798,0.2817508901003096,1.4671782875066792e-05,1.7892688965814202e-07,1.2624961654867038e-05,8.843671751215784e-06,0.0018710322047396461,0
0.7111476110305706,0.2886526239764811,1.4628406961122465e-05,1.7839790709111357e-07,1.25876369987598e-05,8.817526166313184e-06,0.00016355302491507202,0
0.6777860962939667,0.3221577204841549,1.570227970319025e-05,1.79931718960857e-07,1.3394315266605154e-05,8.89333662012505e-06,1.801335856974515e-05,0
0.6299103826339997,0.37003901908550246,1.4813893765478899e-05,1.6975174433968279e-07,1.2731695312783502e-05,8.893164437203723e-06,1.3989775238035494e-05,0
0.42307804569446866,0.5723439408663884,2.0280564829850754e-05,2.115196650622519e-07,0.004520472171659279,1.3096642850569688e-05,2.395254013830421e-05,1
0.38213445543699837,0.6092004175225859,3.7985773888935915e-05,3.0342283837066e-07,0.008559314447577564,4.8156022404446494e-05,1.9367373706337674e-05,1
0.4822506629538146,0.506872037433533,3.5831083205516305e-05,2.6369854713747534e-07,0.010764167816887587,6.02052279290146e-05,1.6831786083257567e-05,1
0.6185890436909023,0.381351856656456,2.2120448448446775e-05,1.8836101553786749e-07,1.7135251098798297e-05,1.529090122505561e-05,4.364690853885521e-06,0
0.5540192347760701,0.4459150295270881,2.520897281775184e-05,2.6848435606012463e-07,1.9100005201478174e-05,1.74160359393432e-05,3.7421985272727435e-06,0
0.5358351562504121,0.4640964413787813,2.6166154387630853e-05,2.798095242263447e-07,1.990567885061242e-05,1.815067664130583e-05,3.900051402779777e-06,0
0.3123395151322152,0.6875955150766316,2.542668564947297e-05,2.5255790440371665e-07,1.785668872641905e-05,1.6382919304524856e-05,5.05093956822623e-06,0
0.3517168201775455,0.6482286080993291,2.0720561152678762e-05,1.3363190896834273e-07,1.4455114580078935e-05,1.4775128705033813e-05,4.4872867785576055e-06,1
0.23390944764006413,0.7660003010500721,3.225668083311008e-05,1.7458581431353333e-07,3.8655629819192454e-05,1.4650224753947812e-05,4.514188643284431e-06,1
0.28764718693040686,0.7122919723638313,2.1555133414133293e-05,1.9996048234863315e-07,2.1636591582667365e-05,1.229811854892724e-05,5.150901733808874e-06,1
0.9040246355134325,0.09548853727968379,8.098031310194904e-06,9.717026006167019e-08,0.0004691774841867671,4.96940860707188e-06,4.485112519467423e-06,0
0.6076086392452036,0.39136948646280273,2.0597053250288533e-05,2.115131066816322e-07,0.0009778137064703682,1.4080572732391531e-05,9.171446434094146e-06,0
0.16533285228287317,0.8345989522491862,1.678567685457548e-05,1.7176628233121095e-07,1.9397325224637444e-05,1.2277670766055343e-05,1.956302881294326e-05,1
0.25135188660738644,0.7485904268400242,1.8012956608720744e-05,2.1458166419704086e-07,1.6933084136103956e-05,1.2587413572755564e-05,9.938516607539073e-06,1
0.21096295543612928,0.7889828960426235,1.6719674826513155e-05,2.0220171590775827e-07,1.5963496295690697e-05,1.1893710935556378e-05,9.369437473639943e-06,1
0.30542836509074234,0.6945140507476684,2.440406630163839e-05,1.8697479609919944e-07,1.6094727040625324e-05,1.054310447844082e-05,6.355288972587657e-06,1
0.39899774716187036,0.6009479022822057,2.3575424756648135e-05,1.9062216011908663e-07,1.4041087832141955e-05,1.0064157994127422e-05,6.479263180974032e-06,1
0.32905358766039056,0.6708782607695133,2.8646287438261232e-05,2.109150683508906e-07,1.627467255965048e-05,1.5850674199114206e-05,7.169020830656898e-06,1
0.3541279395414545,0.6457989140503037,3.507352572304658e-05,2.0326761583487323e-07,1.568457823122346e-05,1.5275953392145008e-05,6.909083279407224e-06,1
0.331879114240794,0.6680521944219427,3.272798453966745e-05,1.8967409894829742e-07,1.507226574322705e-05,1.425437437897176e-05,6.44703850240902e-06,1
0.2085303638588345,0.7914103062793243,2.4274784274622975e-05,1.6980649126331585e-07,1.5052918045614954e-05,1.3946028829959927e-05,5.886324199640196e-06,1
0.26821685263638995,0.7317100363247432,3.673674384635063e-05,1.770331333859821e-07,1.3555098769939233e-05,1.5690702945773314e-05,6.951460171477831e-06,1
0.3028378967726277,0.6970860969628486,3.622426689553746e-05,1.8734378074710427e-07,1.563378075241281e-05,1.660455055061269e-05,7.356322544425409e-06,1
0.30283768594434696,0.6970856116686867,3.5638941140801786e-05,1.8734365032298096e-07,1.691524576116557e-05,1.6604538990933793e-05,7.35631742313494e-06,1
0.3898362868401804,0.6100619434732446,4.641956844158034e-05,2.3602736412920595e-07,2.2581897640854774e-05,1.882115085013774e-05,1.3711042278107833e-05,0
0.31295609887400827,0.6869299828876635,4.4391223285943455e-05,2.402899558987085e-07,2.298972073958227e-05,1.9161055856501517e-05,2.713594849025589e-05,0
0.3275938579814481,0.6722857144771375,4.9174539332134434e-05,2.515289331962836e-07,2.2539039211867317e-05,2.0057267564408148e-05,2.8405166372832374e-05,0
0.35352064544680756,0.6463677121104162,4.558054431109048e-05,2.3314556355350585e-07,1.993028317206411e-05,1.9569337578938966e-05,2.6329132150602806e-05,0
0.3798040380570703,0.6200966663362344,3.9113698267657674e-05,2.505613444478369e-07,2.2058005757449498e-05,2.0889120439369337e-05,1.6984220886407627e-05,0
0.25979120753861445,0.7401375269703461,2.6689596638019726e-05,2.1640886641196697e-07,1.764359168328266e-05,1.7946235685915307e-05,8.769658166047057e-06,0
0.3435546841499559,0.6563629105021148,2.514932518805385e-05,2.0488034120271906e-07,2.3938111606502177e-05,1.2955859519352966e-05,2.0157171274218956e-05,0
0.4681734873361189,0.2942833323738828,3.8654188981707276e-05,2.8604813371441475e-07,3.205054036201065e-05,2.5727615031402962e-05,0.23744646189748939,0
0.6362567638138453,0.3558355176594226,3.0089754921582233e-05,2.752632764203989e-07,2.6518134641307285e-05,2.0213377676635447e-05,0.0078306219962163,0
0.4716659066960253,0.5249953465417684,3.6371640993600884e-05,3.2783952548038285e-07,2.860611497669506e-05,2.2771360543049794e-05,0.0032506698061676017,1
0.5046375498540298,0.4952609040274364,3.2334797172095654e-05,2.926331749498077e-07,2.5980495724879056e-05,2.7067699986884313e-05,1.58704924750001e-05,1
0.6391362627818034,0.360794481193318,2.4924539990164224e-05,2.219453391762365e-07,1.9812433996616896e-05,2.0402068909830535e-05,3.895036642781249e-06,0
0.70049401792086,0.2994533766511096,1.68436402987511e-05,1.8956732326910893e-07,1.629653291165347e-05,1.594886985268235e-05,3.3268176441444933e-06,0
0.7456820672962269,0.25427095627530144,1.5307906081317903e-05,1.5422910951188972e-07,1.45763603203965e-05,1.493495108224819e-05,2.0029818782654676e-06,0
0.735370736223304,0.26458193734311847,1.5605565265638683e-05,1.7563336565242696e-07,1.4688842842463219e-05,1.3704590983734373e-05,3.15180112010188e-06,0
0.634194688407584,0.3657487090816613,2.135028670459404e-05,2.1003848688837324e-07,1.3684938091717287e-05,1.7671170503797873e-05,3.6860769676939294e-06,0
0.5945048018768426,0.40534985818872854,2.529838543681954e-05,2.2751099336754857e-07,9.543180967244904e-05,2.0389517062032368e-05,3.992711264364519e-06,1
0.5692954975371729,0.42824592375577086,2.5661734863304557e-05,2.875032683545232e-07,0.0024105361732492444,1.9479380151023725e-05,2.613915524486828e-06,1
0.601598547992605,0.3964869331693607,2.6445427843896675e-05,2.307616643138864e-07,0.0018637997517150391,1.9993137795533945e-05,4.049759015385578e-06,1
0.4205834678860711,0.5137215622461389,0.0005625243459245688,2.9377473625719694e-07,0.06344457184398429,0.0016827989804096236,4.7809227351887836e-06,0
0.646662375958473,0.3140005780220545,0.0003144905982658769,1.7984453114876818e-07,0.03834260168849284,0.0006760721618969022,3.7017262856212673e-06,1
0.6260998610796384,0.31997035938591284,0.00030449921452841994,1.7412585014132228e-07,0.05314279281816741,0.0004759350646780301,6.3783112248588885e-06,1
0.6806902658349374,0.2983556336939537,0.00030266979502173555,1.8930809378722243e-07,0.01972221049720416,0.0009251343567144994,3.89651407455554e-06,0
0.8245719310692932,0.16365633907382865,0.00019521504116502204,1.2109212907298502e-07,0.010633575133069869,0.0009403261604452598,2.492430068949484e-06,0
0.8310697085644534,0.16034254418006572,0.0002148281727700144,1.5179031082706226e-07,0.006929324647407482,0.0014386908755168143,4.7517694755777e-06,0
0.05137935003984286,0.638233941233881,0.0002947421886806947,1.295180833895004e-07,0.31000799419359637,7.982939896578597e-05,4.013426949870237e-06,1
0.039829906331758674,0.5174124753028079,0.0011400807286901047,1.0774497062043603e-07,0.4415547208107033,5.94017301180004e-05,3.3073509514016087e-06,4
0.05938983349865445,0.9037650950329772,0.0026875120030827944,2.0977113323157895e-07,0.033929786984241754,0.0002161032436945926,1.1459466215878823e-05,4
0.05390846746259109,0.9286522786426931,0.00404102454583723,2.155476483210027e-07,0.0131764151567725,0.0002162463975814257,5.352246876161568e-06,1
0.05324233554219892,0.9318800132270454,0.004070438988751301,2.2938671630639322e-07,0.010406750874887944,0.0003952986412726948,4.933339127546454e-06,1
0.0533854518125297,0.9343849219717631,0.0031671870369786048,2.3000331155840233e-07,0.008660854425594328,0.0003963612104975353,4.993539325164394e-06,1
0.05280796145865927,0.934850008823094,0.0030618854262145965,1.708839099305839e-07,0.009032482710714955,0.0002437806833275523,3.7100140797735753e-06,1
0.04273813634605271,0.9403395292927424,0.003308088342167105,1.7587328094461873e-07,0.01331620347524671,0.0002940483335534556,3.818336956507861e-06,1
0.040753242241872004,0.9408463523527631,0.0057968810085849976,1.6066194414682016e-07,0.01226759206747797,0.00033228357959640977,3.488087761513814e-06,1
0.03969303186462085,0.940526038400337,0.006013875002271521,1.7376318398330662e-07,0.013267957566263009,0.0004951508781079576,3.772525215429749e-06,1
0.03397582717727419,0.9324531095166244,0.007314886055202522,2.011713116415354e-07,0.02575576878918697,0.0004951956702573782,5.0116201428346544e-06,1
0.050933538869060234,0.8807260949597253,0.007606239913385204,2.890281967394325e-07,0.05806042102980918,0.002665374370711623,8.041829111697863e-06,1
0.11281269303883051,0.7165030689641502,0.0037924203442597526,3.414105974185993e-07,0.16503725476588418,0.001844722175821328,9.499300456966368e-06,1
0.027632038866435553,0.9653635545025026,4.8703484163739744e-05,8.619050155429433e-08,0.006935917142792716,8.383292145778505e-06,1.1316521458081173e-05,1
0.10381207869175176,0.8929797244675465,3.9113110357079706e-05,6.328711898074157e-08,0.003153387815134601,1.1203369439120517e-05,4.42925865220986e-06,1
0.040099000803486655,0.9261914540256531,0.0013339238938618217,2.1662266309519982e-07,0.03186688402402835,0.0004992975348027767,9.223095504093643e-06,1
0.042260602770746676,0.9007864685051302,0.00488363465444995,1.9682538856750953e-07,0.05124577615719967,0.0008195615161440021,3.759570940976733e-06,1
0.006017138005681647,0.259642836418502,0.0010124357053510678,5.6833442720993424e-08,0.7331336452844265,0.000192802174351853,1.0855782441716132e-06,4
0.003770551674542734,0.2617380510582264,0.0010285577662090702,5.049694009310248e-08,0.7332041099738169,0.0002577144858534939,9.645444114906704e-07,4
0.011182634980671567,0.9754846839017626,0.005228408781938212,1.2185810125052093e-07,0.0072318996598472254,0.000869923200395137,2.3276172841235e-06,1
0.009027292346537577,0.9791335763320652,0.0044501732612982165,1.223139229672142e-07,0.006763432258885072,0.0006230671633351241,2.336323956026034e-06,1
0.012162368404466006,0.931582894962494,0.012300849347018583,2.3007822601403764e-07,0.041231235696630376,0.0027180556377665328,4.365873398540315e-06,1
0.012962382599722603,0.8789897592955119,0.032122671762240804,1.9289886220759998e-07,0.07160966897433797,0.004311167594880313,4.1568744440178165e-06,1
0.008553647619827773,0.7595200840909068,0.03435722281534698,1.6795826896125475e-07,0.19191521924105315,0.0056500388575198126,3.6194170764735767e-06,1
0.016494179419200432,0.8657050770473156,0.03845932588474402,2.1972173134426512e-07,0.07043510450407588,0.008901358529012974,4.734893919889275e-06,1
0.014055173089456391,0.8489610132904992,0.05033589934032726,2.1122819168363237e-07,0.07743881635746094,0.0092043348316957,4.551862368793143e-06,1
0.012084155334599432,0.8377563894215083,0.0841348109314586,2.0764623534126712e-07,0.05688247811523743,0.009137483877967763,4.474672992926628e-06,1
0.012494458579145742,0.8596451043071998,0.05700343948432664,1.899794481771475e-07,0.06138597158482494,0.009466742102529424,4.093962525119952e-06,1
0.014948008779834378,0.8652769853704032,0.04978052750879788,1.912240800039628e-07,0.0617881357909406,0.008202030542222401,4.120783721335883e-06,1
0.012292545960030085,0.8758724168290294,0.03976662051863535,2.2923884574316058e-07,0.0641392774043419,0.007924632462703462,4.2775864143292514e-06,1
0.012191185370065218,0.9034557350006364,0.027633591065057944,2.42432634119083e-07,0.05363900407570121,0.003076056796581994,4.18525932309143e-06,1
0.05203868366512915,0.838579168554774,0.03639853090713142,3.7234163033152996e-07,0.05521959263682686,0.01775839448306021,5.25741144787645e-06,1
0.0004939914313882253,0.11323639580858827,0.8131925798849189,0.0002008277994489519,0.000139056626266598,0.07273418322646004,2.9652229288450904e-06,2
0.0006829608460467448,0.1718103217042335,0.30140966917748846,0.0006960760064859197,6.924095133497723e-05,0.5253244283358363,7.302978574150847e-06,5
0.0010378149907437635,0.24960632863036156,0.3574863557952506,7.093774027403183e-05,0.00010137525433060353,0.39169130959306403,5.877995975392839e-06,1
0.0009448156119745473,0.20739094937655123,0.5933366349928143,0.005389566828159902,0.00017583979676101343,0.19275550234996428,6.6910437746431984e-06,1
0.0012233899014258227,0.280412337299568,0.5137731788993817,0.0010567658043716614,0.00015824172310824306,0.20335859694759145,1.7489424553113153e-05,1
0.0017943620206174004,0.6887808418879162,0.08694669005444841,0.0001200203795780012,0.0002964077660661763,0.22205782301855598,3.854872817852374e-06,1
0.0021000904730252216,0.7603358375804156,0.1578203262795879,0.000422327869327859,0.0007801013284457535,0.07853726517299867,4.051296199072574e-06,1
0.002034756538585837,0.6805982055939599,0.21413053252483477,0.0003707083687617566,0.0005689811015538202,0.10229300729162699,3.8085806769151827e-06,1
0.0007349931153206083,0.7097834752344119,0.10049274786155166,0.0003442703833197329,0.0001959896962245483,0.18843927408987543,9.249619296117779e-06,1
0.0009227991311010717,0.695442125602658,0.2304671433754481,0.0006992389943908689,0.0002066744359211544,0.07223520379057866,2.681466990229817e-05,1
0.0006559939445884531,0.8482041448629551,0.10036022256061546,0.002421841211131761,0.00017141881112232483,0.048168433906687076,1.794470289989928e-05,1
0.0004265456099729264,0.4864592600734597,0.17139548543040517,1.154225125482827e-05,0.00011491526820926358,0.34158900698060857,3.244386089555019e-06,1
0.0008198510223339338,0.6513189574939475,0.0841341710861701,9.002458486170055e-05,0.00021516248618397933,0.2634052380710611,1.6595255441781035e-05,1
0.0008750215169795796,0.6348882621363592,0.10063427414313646,5.022487815638234e-05,0.0006457865988396614,0.2629023796371778,4.051089351073967e-06,1
0.0007873796728024301,0.7476943333991498,0.15121031115132902,0.0009644953453724507,0.000732615510821598,0.09860769348790945,3.1714326152617955e-06,1
0.0036282861167493906,0.7627534166772971,0.2158804839507142,0.00010518800791262864,0.0009842468810519272,0.01664403985269114,4.338513583676561e-06,1
0.0018007003510817161,0.6395111056085203,0.3419721666381849,0.0001256839362646919,0.0016901096094888762,0.014896645591267426,3.588265192306586e-06,1
0.0014510198224987302,0.5205685950122217,0.43669712049498566,0.014277595851145877,0.0018754552024276717,0.025127301364652428,2.9122520680575324e-06,1
0.0014396362476175224,0.4482319026521219,0.5061037736265029,4.79592977866062e-05,0.001015396548101407,0.043158737376309875,2.5942515598366784e-06,2
0.00037331119260986044,0.2568094986863884,0.5728108982597296,0.00024161888266899985,0.00017338979074996627,0.169583020776921,8.262410932128233e-06,2
0.0005378637317442451,0.2644011147004694,0.5372973608669012,0.0003280423773511221,0.00010997130399289125,0.19730703391577792,1.8613103763315976e-05,2
0.6249695031721698,0.036442000767475335,9.855959307849352e-06,1.2485453253210338e-07,7.294450427979279e-06,4.2319168072933e-06,0.3385669888792791,0
0.6301838944545378,0.03909784052520443,9.44587821740251e-06,1.1965965689912253e-07,6.990947126851213e-06,4.055837644950063e-06,0.3306976526976114,0
0.7109516402308745,0.035201143061331944,1.1226889266733883e-05,1.4222136754069236e-07,8.451228988712014e-06,4.820561844616544e-06,0.2538225758063259,0
0.6209071022111049,0.3766617088100321,1.3122377817050926e-05,2.5941779733741587e-07,1.3887038425472566e-05,7.992953122039503e-06,0.0023959271917011887,0
0.642500531103178,0.3574399164069821,1.144780741000312e-05,2.2761351191882965e-07,1.3171607904650634e-05,7.013027438297452e-06,2.7692433575075638e-05,0
0.5844766974080087,0.41548619806035236,1.0990628170895134e-05,2.0534931187379097e-07,1.200498894162327e-05,6.923381992773994e-06,6.980183221937859e-06,0
0.621260409805972,0.37869873771820844,1.1867801675472432e-05,2.174849126599719e-07,1.3093679225783682e-05,7.332535542829121e-06,8.340974462721931e-06,0
0.7864190234476504,0.2135497457013139,9.67237497463777e-06,1.48964045201962e-07,1.093408970653633e-05,5.138565809921122e-06,5.336856499480292e-06,0
0.8528353035394558,0.14711059144692198,1.038264218885278e-05,2.2834930539878096e-07,1.1384927042308219e-05,5.515903830049923e-06,2.659319125553879e-05,0
0.9499298011690981,0.007132981113469739,1.0064190344806564e-05,1.366769080797215e-07,7.88383940893042e-06,4.383081782498094e-06,0.04291474992898763,0
0.9768617060354647,0.0014091553687799836,9.434068531530216e-06,1.3215866078733295e-07,9.355061378380766e-06,5.993044968709939e-06,0.021704224262215997,0
0.9817480657414811,0.002503207811138716,1.554814458271896e-05,1.6183265682545024e-07,1.2673540433605342e-05,7.3777823262770615e-06,0.01571296514738086,0
0.9717988612658268,0.010102222915032062,2.0789897137957206e-05,1.3190682961332542e-07,1.504568791417168e-05,7.0428747739537885e-06,0.018055905452485473,0
0.9491940662223404,0.006497544134376043,1.8670454074926567e-05,1.8962201388344962e-07,2.24416585145982e-05,1.1131914741248838e-05,0.04425595599393905,0
0.9092425393322702,0.009933176449676171,1.9208466689500043e-05,1.9639147012871818e-07,2.0733619810490468e-05,1.0340390533428627e-05,0.08077380534955024,0
0.8870323243137602,0.0068576109647492094,1.8225526491844712e-05,2.3045172735046837e-07,2.0362882812900964e-05,1.0808598086435661e-05,0.1060604372623723,0
0.7892480903437903,0.008365420852319358,1.624136557540777e-05,2.0536310723632317e-07,1.657933850452273e-05,9.631896941797834e-06,0.20234383083976146,0
0.7756866949369227,0.01446980029079479,1.633970791436851e-05,2.0660659185638775e-07,1.599543691910078e-05,9.69021859396971e-06,0.2098012728022633,0
0.8268378806700868,0.01901982871816506,1.7961225832809582e-05,2.2710979133332415e-07,1.7907613440090672e-05,1.0579767048580324e-05,0.1540956148956353,0
0.8991858801630223,0.024567399419147484,1.248667798487003e-05,1.2118541291706631e-07,1.2393370759698796e-05,8.057895532442376e-06,0.07621366128814047,0
0.8931350931451173,0.036752588349860935,1.8909056315111345e-05,2.0494239894187046e-07,1.0981314816794692e-05,1.220238085653035e-05,0.07007002081063428,0
0.7618730961419111,0.23045449464786066,2.0130238193300924e-05,2.545357559738196e-07,1.7124178767577843e-05,1.2888438676868993e-05,0.007622011818834257,0
0.7490858324711968,0.24882898907916987,1.729172357948246e-05,2.2624802861676746e-07,1.5369844507478774e-05,1.0388604392006447e-05,0.0020419020291258957,0
0.6443196851518617,0.3556139131132733,1.5469552656762554e-05,2.412160363903481e-07,1.3238485367325115e-05,9.304820863865825e-06,2.8147659940830285e-05,0
0.7193038132910287,0.28062857523989015,1.4309105812185699e-05,2.0436401043208273e-07,1.9003730431016508e-05,7.883267367077194e-06,2.6211001460427066e-05,0
0.693163916596283,0.3020276044853051,1.3855466131667189e-05,1.8025291805371164e-07,1.4172638556865105e-06,8.895269088652707e-06,0.004784130666417972,0
0.6653243228864347,0.3346244873727634,1.4959928430883545e-05,1.7142514902172986e-07,1.3145092313808933e-05,8.785609126084689e-06,1.4127685781901656e-05,0
0.4293847813807658,0.5705534933778961,1.4867402177005505e-05,1.5090189494350526e-07,2.4815395285533617e-05,8.735154848057447e-06,1.315638713262885e-05,0
0.4459200354862527,0.5495340326992119,2.0138443476047036e-05,2.1003738577629684e-07,0.004488793782508958,1.3004864705936008e-05,2.3784686458682667e-05,1
0.7146418753150864,0.28530937162522485,1.91719215932284e-05,1.8820082650615341e-07,1.1300024362954828e-05,1.4710288490920331e-05,3.382624415250196e-06,1
0.28500803742540864,0.714930625727623,2.48722078963325e-05,1.858365798852534e-07,1.746914245175666e-05,1.4092470638633337e-05,4.717189401809491e-06,1
0.3516055204967428,0.6483320256663918,2.6193109132348206e-05,1.989449682696963e-07,1.8812941281556248e-05,1.1323297997034841e-05,5.9255434861746445e-06,1
0.40040875168685247,0.5995363601774075,2.079362024173548e-05,1.6151630470286973e-07,1.6989741221294523e-05,1.1481905717192024e-05,5.461352255079609e-06,1
0.4280753100772717,0.570011601317227,2.0176602068461873e-05,1.915987884537773e-07,0.001869646722670373,1.2846877179776507e-05,1.0226804794213093e-05,0
0.6913062190757183,0.3077157176211267,2.089780784553205e-05,2.169779530153863e-07,0.0009319100729365998,1.4060030461706058e-05,1.0978413958156386e-05,0
0.15920675513401372,0.8405555382399588,1.7359418136820647e-05,1.7395501275976427e-07,0.00019656609200010677,1.2744959788094095e-05,1.0862201089714801e-05,1
0.14406932456302826,0.8558140411810986,1.6924973749283933e-05,1.7711279705011434e-07,7.308153045282399e-05,1.2976317500421518e-05,1.3474321373414686e-05,1
0.12768178950455752,0.8722518168215068,1.669112990909657e-05,1.7079879216257604e-07,1.6314216917672975e-05,1.3764690152355016e-05,1.94528381644157e-05,1
0.16366752821228717,0.8362834258268165,1.7830553380954155e-05,2.0518653953513833e-07,1.3652049421473737e-05,1.2069281302297835e-05,5.2888902519483175e-06,1
0.4994060916054663,0.5005502894589601,1.4236564748243039e-05,1.7815952467211156e-07,1.3083687007053807e-05,1.0904893298951058e-05,5.21563099486759e-06,1
0.49347177215544336,0.506484509110335,1.3902004053237902e-05,1.7397275802930592e-07,1.3621939875154615e-05,1.0648627216116422e-05,5.3721903189765865e-06,1
0.3287118289533655,0.6712436961117405,1.628419232653859e-05,1.5119852992162808e-07,1.301511818064148e-05,9.885175166751983e-06,5.139250690090748e-06,1
0.3680670725396988,0.6318812849661343,1.9966787889355993e-05,1.784973391784623e-07,1.536499042379524e-05,1.0065079012487682e-05,6.0671395021351605e-06,1
0.20248546109572643,0.7974546750019705,2.449328667139256e-05,1.7133495491136797e-07,1.5188412500854313e-05,1.4071559944481491e-05,5.939308231598362e-06,1
0.2276148039714355,0.7723228861928858,2.192020762108015e-05,1.818531184630338e-07,1.6120821225371693e-05,1.68086397671705e-05,7.278313946654835e-06,1
0.23548698951105132,0.7644457510823824,3.2379713678198234e-05,1.6914544106076705e-07,1.4284738514032625e-05,1.3784070325781559e-05,6.6417386069611104e-06,1
0.21758384953705362,0.7823478169688018,3.598187182790597e-05,1.5765241570424684e-07,1.31560454923003e-05,1.2847475944184537e-05,6.190448464333148e-06,1
0.29421019049221164,0.7057165536235381,3.4607256634428155e-05,1.8200644638118034e-07,1.518838184487281e-05,1.6131494877608312e-05,7.146744447054864e-06,1
0.36145241736290906,0.6384396546135116,4.20569793198182e-05,2.2765467941479435e-07,2.1780841755247836e-05,1.8153501306145382e-05,2.570904651865551e-05,0
0.3266060165615758,0.673283162025123,4.533957118257501e-05,2.319129802946148e-07,2.041630909124876e-05,1.8643683543296567e-05,2.618993650383462e-05,0
0.28773174910526056,0.7122006436060905,2.5497089625955356e-05,2.067395898706517e-07,1.6855265539366978e-05,1.6670369257339794e-05,8.377824636366762e-06,0
0.055693659457051986,0.022332866949222124,1.1679088274336332e-05,6.232754426462139e-08,6.8025978750364045e-06,5.7060025184606564e-06,0.9219492235775137,6
0.026758495675276304,0.01235668642466408,5.856648249059873e-06,3.125505128578538e-08,3.411261392846551e-06,2.8613577424795024e-06,0.960872657377624,6
0.5749917392646752,0.3607656416479893,3.9056738271630624e-05,3.8848916012035235e-07,3.378665309651578e-05,2.6458312368568464e-05,0.06414292889443868,0
0.48695656815316146,0.5106612406210994,3.497839210383205e-05,3.536555245003696e-07,3.2906007306262996e-05,2.3840428341491104e-05,0.002290112742463215,1
0.4982695388076554,0.4599512886883053,3.6217354889808156e-05,3.5636786994111015e-07,2.8319054516900513e-05,2.6514040591493092e-05,0.04168776568617122,1
0.4740941102728168,0.5232892615113918,4.082278893495818e-05,4.6237813574348703e-07,3.226110761857587e-05,3.595985035982426e-05,0.002507122090742357,1
0.6346549547521148,0.36526040496707995,2.987113003671629e-05,2.737156290675564e-07,2.4530861179546715e-05,2.5160993002423964e-05,4.803580957712682e-06,1
0.6678718863169385,0.33206641555485206,2.06861659192886e-05,2.035050418444405e-07,1.8166320700792767e-05,1.87069658800601e-05,3.935170667464358e-06,0
0.7545005950689995,0.24544975841746852,2.0139735662000892e-05,2.0047092283463718e-07,1.141703253780148e-05,1.4035320179541234e-05,3.853954229930967e-06,0
0.6552361706212614,0.34470895338755403,1.6604531169243415e-05,1.7962839728748246e-07,1.5839769977074913e-05,1.9028568304925453e-05,3.2234933360736937e-06,0
0.6344816256916457,0.36527478467379076,2.2016360903438168e-05,1.9169904629552374e-07,0.0002006599900946009,1.735735613547822e-05,3.364228383793111e-06,1
0.5971983856582387,0.4014464661735723,2.5324943504981473e-05,2.2584304345860028e-07,0.0013053939065906395,2.024003552435487e-05,3.963439525485972e-06,1
0.47286183395695236,0.5139976234732397,2.979327776720593e-05,2.93285599283314e-07,0.013074287061967603,3.0323764593607422e-05,5.845179880345267e-06,1
0.42519197827425775,0.5614067107038352,3.20214231847709e-05,3.107227337069515e-07,0.013332506713707488,3.057798006876377e-05,5.894182212363422e-06,1
0.46642398657561895,0.5174520324615154,0.0004286059477915845,2.869533274131869e-07,0.014304493460871388,0.0013848216352561151,5.772965619106185e-06,0
0.4305450211328134,0.5485816149543246,0.0005283033717443453,3.0619608395051407e-07,0.018559583924571996,0.0017801873513325127,4.98306912920911e-06,0
0.31145749319758037,0.6196563771741175,0.0002825802255051365,2.554983402996851e-07,0.06779286346734996,0.0008051715342299371,5.258902876716303e-06,0
0.21634437885759414,0.771539271021363,0.00013104357155499933,1.967030918076583e-07,0.011327846717330007,0.0006537564331221417,3.506695943790871e-06,1
0.6559100206877078,0.3369687049408206,0.0003844891011404385,2.2212387889717657e-07,0.00594766717947349,0.0007820593266085306,6.83664037035277e-06,1
0.7342776572618724,0.24589678905525433,0.0004366222668854617,2.0025661763769456e-07,0.01842119982566779,0.0009613677348881748,6.163598814182077e-06,0
0.006748079830632605,0.10154820694737811,0.0010191939705550567,3.2593067567427845e-08,0.8906263497555085,5.0660861824628134e-05,7.47604103345383e-06,4
0.0153420705497467,0.18615382282132564,0.0004679882995127804,4.032610955452415e-08,0.7979927525895173,4.154338562253748e-05,1.782028165367992e-06,4
0.05282377062143514,0.9336045132000921,0.003817974760566394,2.2758339134408085e-07,0.009416874012123488,0.00033098871691752973,5.651105474245731e-06,1
0.06239834748301861,0.9233671246183035,0.0031525753928889665,1.9164034195291625e-07,0.010741659724701265,0.00033594048941711384,4.160651328652055e-06,1
0.04200448576200777,0.9391018289327328,0.0034889469105438783,1.7055288646256307e-07,0.015070628155697808,0.0003296645140394894,4.275172091745406e-06,1
0.037439747035076736,0.9464297574394451,0.002554311601064399,1.5030812572901204e-07,0.01328173283152871,0.0002905330789316066,3.76770582783589e-06,1
0.04433173912141657,0.9381278682052477,0.005503276248746997,1.53435161535556e-07,0.011715779866361345,0.00031733703324538637,3.846089820551017e-06,1
0.045865653096841506,0.9302730155339527,0.004640390862854436,2.0177512741625632e-07,0.018865304912213717,0.0003470743125516575,8.359506458848483e-06,1
0.02809839566777275,0.9672440481624904,0.0024571774353677636,4.894431085998636e-284,0.0019487129792390232,0.0002497146266672321,1.9511284629577426e-06,1
0.028085207095003374,0.9687504117766625,0.00025139074179598205,4.0027531251855553e-284,0.002831386195113204,8.005835084465161e-05,1.545840580167851e-06,1
0.028739885928986825,0.9442813300133364,5.4009335467638874e-05,6.209423084995672e-08,0.02689014730963908,1.0899386313841754e-05,2.366593202518188e-05,1
0.0257960867909716,0.9627555117083186,5.174114438443554e-05,5.948650425023526e-08,0.011366331867229127,1.0441652652884989e-05,1.982734993914912e-05,1
0.017294326817066618,0.977440425710672,4.309011408446919e-05,7.625652679151123e-08,0.005197670408522031,7.417067200994524e-06,1.6993625927139104e-05,1
0.04730965225217996,0.9510048497410638,2.1052652829051506e-05,4.5758317302503646e-08,0.0016551748395653536,6.586569226029394e-06,2.638186818368108e-06,1
0.054089403952123916,0.9303367056311079,4.3092793814834897e-05,9.35897907344576e-08,0.015508389603513875,1.7449940749469127e-05,4.864488899169552e-06,1
0.047910112180741746,0.841531835885066,0.0014240933886190618,1.8427891925058551e-07,0.10883876420794839,0.0002902113562386688,4.798702466988952e-06,1
0.043669168876406865,0.91918058954273,0.0017896175240954047,7.40217128519508e-08,0.03493336200088206,0.0004218039912788313,5.384042894237934e-06,1
0.04533835843276438,0.9138227774468003,0.002125872753345132,2.137298101674075e-07,0.03816711834313291,0.0005398123538046569,5.846940342480317e-06,1
0.04852560841265884,0.9132186398385064,0.0026582631840188597,2.1358851119837064e-07,0.03474166138930492,0.0008465196759139011,9.093911085812884e-06,1
0.03626454197597755,0.913142055489407,0.007083918329171862,2.2200997306312068e-07,0.042566347927011326,0.0009386736455935659,4.240622865829392e-06,1
0.006441190483581229,0.45047197087191465,0.000918213904838596,5.977279032190654e-08,0.541923838405066,0.00024358483894926805,1.1417228599970861e-06,1
0.014243149443438902,0.9697354418894102,0.0018895531694557734,1.3217320421999227e-07,0.013590569169601049,0.0005386295083422943,2.524646547774134e-06,1
0.01263043655124019,0.8761421559075137,0.03381794967134832,2.0178830152125617e-07,0.07260679744032347,0.004798315233572397,4.143407700378214e-06,1
0.01183781809303529,0.7307077921169831,0.044243022992423164,1.779046685058178e-07,0.20435098889962855,0.008856366236226609,3.8337570347481235e-06,1
0.011922120030877488,0.8711356204392905,0.04615095191733526,1.9251882390686156e-07,0.06220649216156684,0.00858047424729804,4.148684807842632e-06,1
0.009199900564440745,0.9340576769626324,0.017258488415363843,2.5064433626628427e-07,0.03586966141669855,0.0036102117983559706,3.8101981721034732e-06,1
0.02658959661645323,0.8833667572243684,0.04048542407332881,2.543670307630423e-07,0.041356791212309556,0.008197584879813105,3.5916266959061974e-06,1
0.001010866148350566,0.1547836222936304,0.8026785784127302,0.0012694393396660221,0.0001334511889534265,0.0401180557946672,5.986822002134613e-06,2
0.0007716771663986993,0.10697488694385222,0.8623697683055851,0.00031471079175284547,0.00011735222136789844,0.029438377207765664,1.3227363277663714e-05,2
0.0005094471747266416,0.07287916230356681,0.9080977851732298,0.00027679738913250954,7.159002102633407e-05,0.018149615982318054,1.5601955999911526e-05,2
0.00028432012497130714,0.04301987069251704,0.9472813554538805,0.0001702878462613424,3.32994673959127e-05,0.009201573986678653,9.29242829532974e-06,2
0.00022242154117274896,0.057426211518599266,0.9267088354740125,0.00020058364097852354,2.5286369120863298e-05,0.015408169727901757,8.491728214650997e-06,2
0.0006541486748635228,0.3983634422203756,0.2356132355517919,0.0007306506314409179,6.386666130342745e-05,0.36456766137349783,6.994886726655052e-06,1
0.0007213809297479414,0.8118117661280227,0.08229360545989445,0.00018060142460681847,0.00010281703130500452,0.10488275345700301,7.075569420187991e-06,1
0.0009139522485680965,0.7302572388028677,0.11519038659983596,0.0004386702904339263,0.0003812008523353293,0.1528064379334445,1.2113272514266552e-05,1
0.0046221568369300215,0.7751881803110418,0.11079713530786137,0.00014453867381253465,0.0011735987471120023,0.10807003953210585,4.350591136201078e-06,1
0.0009082340897077835,0.7031310576538241,0.17793741884070738,0.0003003348622992297,0.0006580228512862438,0.11706116687061692,3.7648315583109253e-06,1
0.0009854269929135077,0.7838627130874316,0.0667073322627474,0.00019477600307493356,0.0007349421797570861,0.14751006257814903,4.74689592648082e-06,1
0.0030137224638843636,0.7448079155080684,0.23393667106274427,9.071664796521953e-05,0.002200106093898867,0.015946689143053028,4.179080386147432e-06,1
0.0018741763839562845,0.7098499758053708,0.26698994471296394,8.82535718872464e-05,0.0017333323377294806,0.019460334254977348,3.982933115005702e-06,1
0.001545271691523774,0.5751646579518869,0.4082534779929292,0.00011553916972560776,0.001520053845691832,0.013397772127786579,3.2272204561793337e-06,1
0.0019294237800932406,0.6694766418350304,0.29107145153611946,8.170737720148195e-05,0.0020544884160944798,0.035382362497226184,3.924558234730959e-06,1
0.0018119490152729884,0.5738689083923493,0.376861344271348,7.670604233631922e-05,0.001679082068661064,0.045698624844952844,3.3853650795108365e-06,2
0.0014000275746404453,0.44317582913316195,0.5228983532226769,3.605450940152598e-05,0.001070957187942484,0.03141612998119098,2.6483909856606604e-06,2
0.001048446270441806,0.45616488669336536,0.5125049707874182,9.463967635026686e-05,0.00032744071305821227,0.029848968252558727,1.0647606807426372e-05,2
0.5718813090010493,0.0467064317594826,9.093841841030853e-06,1.1520008722829686e-07,6.599510491084709e-06,3.9046815158090495e-06,0.3813925460055329,0
0.7909378795596553,0.060147329535861445,7.013423522909707e-06,1.4360854700890605e-07,7.571354694951415e-06,4.8675799863468615e-06,0.14889519493773215,0
0.6327517522373587,0.3655993454187063,1.2850826055430222e-05,2.540494593086782e-07,1.470141134501595e-05,7.82754860990747e-06,0.0016132685084653629,0
0.7823555883367412,0.2176097329674153,1.0589890911368826e-05,2.0874994890251303e-07,1.1713939615428434e-05,6.281362747361555e-06,5.884752620338326e-06,0
0.7722812458572499,0.22768409062121123,9.598356100273653e-06,2.172109417332155e-07,1.218872564352805e-05,6.535957133860245e-06,6.123271719350861e-06,0
0.7811815289165679,0.21878504074322597,9.223203627169593e-06,2.412513455246858e-07,1.1801443295933913e-05,6.280498755649011e-06,5.8839431817341806e-06,0
0.7967134870212383,0.20325487330641212,9.798989297127034e-06,1.5091402974122588e-07,1.107722025760161e-05,5.205831195133716e-06,5.406717569969799e-06,0
0.9271532910638988,0.06896355787645114,1.1934644091573709e-05,1.4312323593044913e-07,6.9383269217292164e-06,4.9370850916432656e-06,0.0038591978803091936,0
0.9240870968058728,0.0726382830034019,1.032330207760847e-05,1.9764321518539275e-07,9.193544729754233e-07,5.0172321798763055e-06,0.00325816265877978,0
0.9668908358292546,0.011195314320295002,8.057363992622045e-06,1.0425884873165319e-07,6.526505024577614e-06,4.409370714440763e-06,0.021894752351870078,0
0.9673280771344742,0.006903159221860632,9.739926025896509e-06,1.3227323098392083e-07,8.155949688318719e-06,4.241860583351931e-06,0.025746493634136575,0
0.9069753300407701,0.0017667184716258684,8.064729923017432e-06,1.401210757326648e-07,1.014560359227141e-05,5.632596891402103e-06,0.09123396843612155,0
0.9790968983527804,0.0016637985002150232,1.2282140963285746e-05,1.3469261934440327e-07,1.0547552453654915e-05,6.107953272796094e-06,0.01921023080769557,0
0.9607347801611793,0.0024817408886115646,1.938014864825421e-05,1.7412596326245893e-07,1.2511768958713876e-05,7.938221367083856e-06,0.03674347468527155,0
0.9793972578137461,0.0018010160197034276,1.9313153196661936e-05,1.614451465202027e-07,1.3234393585125067e-05,7.3601161349323244e-06,0.018761657058487053,0
0.9624797023679212,0.009417997423442756,2.596714349326005e-05,1.6475519573671092e-07,1.9766263585465964e-05,8.79674096734321e-06,0.028047605305394453,0
0.9586221675599226,0.00576734188103211,2.725182036502481e-05,1.9150548073848873e-07,2.257890153695241e-05,1.1242485196750648e-05,0.03554922584646577,0
0.8789311627968152,0.00701314681396276,2.368959991419502e-05,2.3917736124458157e-07,1.8571602194187676e-05,1.1386105485674594e-05,0.11400180390426662,0
0.8328579969445604,0.019245023653107134,1.5415215411301336e-05,1.9491689420349846e-07,1.530429821729862e-05,9.708924211703857e-06,0.14785635604759786,0
0.889378717808843,0.02101267905946249,1.1598798291022427e-05,1.4666040525917523e-07,1.098469440787728e-05,7.48492954204286e-06,0.08957838804904839,0
0.91876744899463,0.019663894603705608,1.0854282144551056e-05,1.3724640934133902e-07,1.0308037558747884e-05,7.004478829871689e-06,0.0615403523567217,0
0.7665857496294525,0.2256333328503867,2.0409701512601915e-05,2.5806941546468956e-07,1.7976181559299234e-05,1.444716770052759e-05,0.007727826399972784,0
0.7454896982839485,0.2536041682436011,1.890147946642041e-05,1.8477757158490253e-07,9.505918184855577e-06,8.040772851998206e-06,0.0008695005243755712,0
0.718928616126621,0.2781683295236177,1.9092126592484047e-05,1.8664130468824304e-07,1.4077831699323858e-06,9.966298282967832e-06,0.002872401500411326,0
0.3586102915281385,0.6413201161343433,1.4220077765538572e-05,1.9378806848308353e-07,2.657057118262504e-05,1.0346805694733434e-05,1.826109480688447e-05,1
0.4472768760241971,0.5473035078600461,1.7003275165303178e-05,2.637770664192286e-07,0.005369224226621022,1.1980475501811195e-05,2.114436140242676e-05,1
0.4094864749745924,0.5864724309970281,1.8998646395086782e-05,1.9814967461902236e-07,0.003987441921444737,1.2016791811507298e-05,2.243851905356985e-05,1
0.3952077025949263,0.6004848896715358,2.160684016425331e-05,3.138032730656769e-07,0.004251248333193064,1.4208803683131493e-05,2.0029953224254627e-05,1
0.4734039761835883,0.5265430706824762,2.1223389130471904e-05,1.762429555291833e-07,1.0845988295445236e-05,1.7017491668356547e-05,3.6900218857943605e-06,1
0.7373873540268218,0.26255857095659907,2.0529471568108875e-05,1.7587198141729413e-07,1.404471305165306e-05,1.4153171891090085e-05,5.171788086932662e-06,1
0.6942543580224375,0.30568065663726834,2.4910272161741606e-05,2.3173672646525825e-07,1.8251723267723262e-05,1.6383948997581645e-05,5.207659140607158e-06,1
0.2696211003238318,0.7303192618952834,2.3369209435550302e-05,1.8483735056602154e-07,1.7375212186087693e-05,1.4016696483452306e-05,4.69182542902454e-06,1
0.2560275345854537,0.7439118017123376,2.5336890318583888e-05,1.8003781381039292e-07,1.692404271590971e-05,1.3652735142528463e-05,4.569996217944429e-06,0
0.2623344014312104,0.7376047075347705,2.5300052293948206e-05,1.7977605171815867e-07,1.62538688280347e-05,1.4593985074901101e-05,4.563351770613095e-06,0
0.2710914863466777,0.7288429190940511,2.9662402028874477e-05,2.1502438037732473e-07,1.6628715614646375e-05,1.428056374832126e-05,4.807853499005202e-06,0
0.30672344048659067,0.6932155131514067,2.544084320968383e-05,1.782547972429583e-07,1.611632953702428e-05,1.4786197504779342e-05,4.524736953808451e-06,1
0.26603593715445295,0.7339003578053812,2.37196752448721e-05,3.3721426036223256e-07,1.9056536256258595e-05,1.573915173820714e-05,4.852462665971284e-06,0
0.304682352227042,0.6952535665835787,2.754275313856994e-05,2.0037695550764968e-07,1.8957070982362656e-05,1.1410048044676482e-05,5.970940258375011e-06,1
0.3421960159566645,0.6577421932022713,2.3243964389470124e-05,1.8384673243865936e-07,1.9338656950203855e-05,1.2807961784112877e-05,6.216411207772329e-06,1
0.46805318950822417,0.5316838888382068,2.0979828863596018e-05,1.6933147573959545e-07,0.00021989648800406142,1.2155025118290594e-05,9.720980107310808e-06,1
0.6405926492885896,0.35920858815874895,2.0039561869686705e-05,1.9748453995065045e-07,0.0001488062246913472,1.3481788664369212e-05,1.6237492896128057e-05,1
0.13791525447342362,0.8620254504020115,1.6495441454095336e-05,1.687963302599726e-07,1.3558373112560685e-05,1.3603311565994782e-05,1.5469202101895014e-05,1
0.28181044575007663,0.7181282845081103,2.366634256613596e-05,2.0419872401485433e-07,1.6326687274772994e-05,1.4960790638114919e-05,6.11172261011785e-06,1
0.2611009157239746,0.7388404514310819,2.174304223645147e-05,2.0112974468057027e-07,1.6370433368865188e-05,1.4435483295013116e-05,5.882756298384834e-06,1
0.2592808545229872,0.7406601138440084,2.1591477591585065e-05,2.148396290320956e-07,1.6256319672498377e-05,1.4334857592533651e-05,6.634138518539353e-06,1
0.25768580750359754,0.7422733767291092,1.7562829562829e-05,1.3677458863201434e-07,1.1773510205932572e-05,6.693673217737046e-06,4.648979718111726e-06,1
0.32360021237844055,0.6763562883949652,1.652827005126788e-05,1.4775797898605016e-07,1.2718956722879463e-05,9.08193576541285e-06,5.022306075754046e-06,1
0.3031638651798599,0.6967787009449213,2.433775129207851e-05,1.858940375524805e-07,1.6001695711434647e-05,1.058998027849378e-05,6.318553899105621e-06,1
0.378601128561786,0.6213371895051131,2.48898742217837e-05,1.860450059783213e-07,1.5095006885453755e-05,1.5187321659218497e-05,6.3236853285387395e-06,1
0.37860217708273375,0.6213389102740429,2.4889943153312267e-05,1.860455212226544e-07,1.35312719430436e-05,1.3981679764096522e-05,6.323702841736757e-06,1
0.3386834323352403,0.6612438777489564,2.8843052816763222e-05,2.1559393534545534e-07,1.8558252841513244e-05,1.7599475065994087e-05,7.473541143675807e-06,1
0.26618748958726735,0.7337403006617043,3.384820579640198e-05,1.7980545646569048e-07,1.5185002403262632e-05,1.5936417954491906e-05,7.060319417780861e-06,1
0.3554017042224391,0.6444911827752932,5.7882652431743646e-05,2.3012259735848769e-07,2.0777754051475724e-05,2.039609900814047e-05,7.82637417906118e-06,0
0.33508185789280504,0.6648047735011925,5.7034249335232585e-05,2.3047354571216798e-07,2.2050536544347377e-05,1.837828163195623e-05,1.5675064945349772e-05,0
0.3303073812363726,0.6695792738772034,4.416780170944362e-05,2.3908057357513183e-07,2.287401319041557e-05,1.9064618025102163e-05,2.699937292547683e-05,0
0.034064384999864306,0.014835050368723613,6.633912694954205e-06,3.734817892900111e-08,4.295573809100478e-06,3.1061594743542666e-06,0.9510864916372547,6
0.37854295241303676,0.2505696102440991,3.2910047500429413e-05,2.641005393669265e-07,2.9591400883109164e-05,3.172446966113519e-05,0.3707929473242802,6
0.5449813166560492,0.3304665425115383,4.025031553983708e-05,3.682128273003511e-07,3.8697118952117266e-05,2.786015890775024e-05,0.12444496502618546,0
0.6042347378769036,0.34947291901895855,3.6971903977762155e-05,3.382216788053534e-07,3.5545216153590204e-05,2.4836595062819126e-05,0.04619465116726476,0
0.46902926838203846,0.528499624748918,4.2461532523599895e-05,3.669660474504969e-07,3.659855881034317e-05,3.7403381675618744e-05,0.0023542764299865704,1
0.6964886814716433,0.30343657733700075,2.6740369966036995e-05,3.2121797739184923e-07,2.1668143575135033e-05,2.3091017705823603e-05,2.9204421315080466e-06,1
0.7264834453657655,0.273456834293149,2.1366317369990533e-05,2.5666231464327975e-07,1.7313463988451686e-05,1.8450380953043218e-05,2.333516459261626e-06,0
0.8322907794955959,0.16767522657972106,1.2814948482586413e-05,1.606323527997751e-49,8.233075713896809e-06,1.0134383903119814e-05,2.8115165834012503e-06,0
0.6854245339281964,0.3145253923585391,1.850920491664585e-05,1.8652115006543136e-07,1.1708031512346879e-05,1.5671774944657015e-05,3.998180740690349e-06,0
0.7716691665540898,0.22829504489062147,1.4169312899593701e-05,1.331721627987001e-07,8.456574464380448e-06,1.0174879133906065e-05,2.854616628254014e-06,0
0.722484860232297,0.2774813979168413,1.1371115132675288e-05,1.2473620774505277e-07,7.545615599532787e-06,1.0142591384674869e-05,4.557792536837358e-06,0
0.7064970467711469,0.2934696321939449,1.1469887857075703e-05,1.2581970174951955e-07,9.810827648717182e-06,8.960561430442391e-06,2.9539382702323554e-06,0
0.672947231863932,0.32699566259661494,1.748577982486594e-05,2.0619526826424476e-07,1.963980337934789e-05,1.664306348158862e-05,3.1306974989372013e-06,1
0.6592373865468999,0.340673059094107,1.7417851804602306e-05,1.7769907760957128e-07,5.274725869049438e-05,1.6093013923015698e-05,3.1185354972834513e-06,1
0.5949158759562139,0.40336116917676706,2.6859777047509055e-05,2.2941964149403095e-07,0.0016720088822158234,1.9830580970239824e-05,4.026207144108681e-06,1
0.6429382825195168,0.356811521581692,1.9897178008764175e-05,2.02993470082034e-07,0.00020869142321352832,1.7841863872883666e-05,3.562440225820689e-06,1
0.49344899822955,0.4973013835146678,3.0441249946965454e-05,2.7900871480976747e-07,0.009183315068835294,3.0022286609270783e-05,5.560641675664532e-06,1
0.4057700305357481,0.5262044043496948,3.119956416387518e-05,2.881537746301347e-07,0.06795831480042301,3.001969354354044e-05,5.742902651986547e-06,1
0.39621641016895204,0.5471831620159769,3.338534275112277e-05,3.1481772209253804e-07,0.05653213905464314,2.999513906561226e-05,4.593460889074862e-06,1
0.4100164734296579,0.5189763293857175,0.00028367093807766863,2.911693461522992e-07,0.06937552487407206,0.0013419072001580833,5.803002970693539e-06,1
0.4477806505199185,0.5293111022257029,0.0003692314931464842,2.843599941645017e-07,0.02129968037814622,0.0012332200001254714,5.831022966229783e-06,0
0.42109241056962715,0.5594361892493361,0.00021695749369890846,2.725644035711417e-07,0.018315521211333997,0.0009330969964801722,5.551915120040338e-06,1
0.3248736931145244,0.6471131770327007,0.00023962226380259507,3.359994879370929e-07,0.02692278062810938,0.0008454584758443673,4.932485530635169e-06,1
0.3069726884931215,0.6644148939810484,0.00022641873473073143,2.6143521586878147e-07,0.027552286491946097,0.0008287901654065047,4.6606985311018565e-06,1
0.2722130082470029,0.707704796647794,0.0001655047420074373,2.442257835243085e-07,0.018400608501526135,0.0015108107551868389,5.026880699255415e-06,1
0.1743085455818746,0.5129188698463548,7.342011673500769e-05,1.5047061719637817e-07,0.007901473810461104,0.3047952193856908,2.3207882665156528e-06,1
0.22957359105279793,0.7629635225499996,0.00010389470847516484,1.8430030946077707e-07,0.006864376012583079,0.0004895529077133406,4.878468121564259e-06,1
0.6033707343080981,0.38250476863899774,0.00042119448837652743,2.52140455956237e-07,0.01275743424977713,0.0009363852882170352,9.230886077357163e-06,0
0.5581124619629247,0.43339374765822375,0.00030071894501092965,0.0,0.007851031975339672,0.0003305240107233719,1.1515447777434544e-05,0
0.07084723547927288,0.912877878728073,0.003258516344480446,2.2118000782535631e-07,0.012647085793611578,0.00036430563420877777,4.75684034544702e-06,1
0.04013648202876123,0.9383003640338377,0.006148506551497314,1.704073302005118e-07,0.015057766313564225,0.000352439141510377,4.271523498735887e-06,1
0.034743357760724236,0.9434617749810678,0.0035665666066899636,2.2636765677651587e-07,0.01743538933649732,0.0007808245095633362,1.186043780074576e-05,1
0.036725083199345525,0.9327295400106159,0.004529703569904864,2.5354280381645377e-07,0.024860210263216494,0.001145017035647617,1.0192378465710075e-05,1
0.10312811225124068,0.7355774057613184,0.004019070983114828,3.3717572927579655e-07,0.15470213055402252,0.002563561803748876,9.381470825466087e-06,1
0.08845081735848637,0.8647932099421325,0.01018996868118051,2.347708740652571e-07,0.031029780913008193,0.00553160039567502,4.387938643331975e-06,1
0.08615682657789815,0.8773011793207699,0.0108505285199393,2.3453519614918264e-07,0.02222400612867107,0.0034628352136549865,4.389703870187302e-06,1
0.04523920939162123,0.9480304150485745,0.00308558504857259,1.7258534979936736e-07,0.0032338913914592843,0.0004049778758554101,5.748658566973371e-06,1
0.0440564581132992,0.9447247744524391,0.007091293681131188,1.4743963206564467e-07,0.0037375356165742436,0.00038547580426487706,4.314892659464058e-06,1
0.036284990942275705,0.9481089007673099,0.011527931027429182,7.358703053777412e-284,0.003717572112355386,0.00035669693748668,3.908213143294408e-06,1
0.030775405760778026,0.9630343194185182,5.611000991070998e-05,5.5885427020495856e-08,0.006084579086702372,9.80955638024173e-06,3.972028228332046e-05,1
0.02708809528859057,0.9699075777546577,5.865658018303685e-05,1.038044844684766e-07,0.0029035759778812897,9.484338074232044e-06,3.250625612864321e-05,1
0.03815827549038007,0.9596574516655357,4.5544843926003925e-05,9.214810766278659e-51,0.002109757096891584,9.444682129512729e-06,1.9526221137163135e-05,1
0.031035028202526287,0.9609970076335478,2.4800190444380226e-05,6.077133482061182e-08,0.007929581896078996,9.164213030539412e-06,4.357093037486043e-06,1
0.04468176912759697,0.9250835132330495,0.004700923784979986,6.976760509127413e-08,0.02503313026670811,0.0004949025753900118,5.691244670517713e-06,1
0.04703123606640584,0.9140046224871999,0.0029330973480605396,2.1377234106828206e-07,0.03516095930484073,0.0008607692831821376,9.101737969770787e-06,1
0.03632276094290565,0.9260659039942454,0.003490108748377715,1.906392689289065e-07,0.03301829274078335,0.0010946261281760416,8.116806242886868e-06,1
0.03664687241937115,0.9251153927785989,0.004634606518122049,2.059036321534887e-07,0.03252140888716668,0.001075950076334697,5.5634167742614994e-06,1
0.0249383430205109,0.8607507193467171,0.003481891624117627,1.7042045807710785e-07,0.10998205798839254,0.0008435623906734637,3.2552091302737637e-06,1
0.015812471040483483,0.9697755057672931,0.005537564428481732,8.749796424175987e-51,0.00832487841752975,0.0005470879667412313,2.492379470518351e-06,1
0.019674815293209677,0.9719320902031006,0.0019414686500890438,1.3247260345160045e-07,0.0058501124519077415,0.0005988505637029648,2.5303653864823768e-06,1
0.01370440285068994,0.9699254877689923,0.001556380862294527,1.271737577345777e-07,0.014189243943071764,0.0006218979362008115,2.459464992927438e-06,1
0.016654220387501025,0.9498870062450235,0.006458481221239479,2.2565382302447744e-07,0.025177027073962834,0.001816866276574475,6.173141875919417e-06,1
0.01359420603825303,0.9238277579465349,0.015226488338533305,1.9769354740364322e-07,0.044025057680777094,0.0033220321048313753,4.2601975229123566e-06,1
0.009556962977044434,0.863838103333771,0.04989636040362955,1.9694524318991162e-07,0.07149644569737072,0.005207886679881591,4.043963059473894e-06,1
0.011328508426854513,0.8426816298380068,0.07519716416095228,1.9239165927741724e-07,0.06233044843408011,0.00845791080397356,4.145944473388241e-06,1
0.011654884707453258,0.8802347976756837,0.0374061523306722,1.9452971963764012e-07,0.06285625080322009,0.007843527934641346,4.192018609697107e-06,1
0.010728022564280477,0.9031360937977473,0.027479300318474776,2.277396460780319e-07,0.05581015332092401,0.0028419526475103743,4.249611416901867e-06,1
0.011143829546282335,0.9004501764811375,0.03197818887908822,2.2981256896639552e-07,0.053132862387226705,0.003290424601632987,4.288292063528186e-06,1
0.011441061950129432,0.8951091891611209,0.039629681096125996,2.284494441107521e-07,0.05054517807915762,0.003270907568338074,3.7536956840565693e-06,1
0.011667036073884935,0.8902938662412632,0.043191387469566044,2.3296158320941128e-07,0.05154350344233551,0.0033001459758788274,3.827835488276398e-06,1
0.03264264642179932,0.8763150140493383,0.03265772430917852,2.756541010831883e-07,0.04317936215741976,0.015201085211028224,3.8921971346541785e-06,1
0.055341736915228354,0.8440564359288099,0.0316902890483545,3.1669663094461657e-07,0.0484186362836368,0.020488113415456113,4.47171188338415e-06,1
0.0003779255332391342,0.0647213316299168,0.8774555148973965,0.00032937828994063776,0.00010638453684217419,0.057007196584537796,2.2685281269099337e-06,2
0.0007716887848135871,0.10697649756377621,0.8623827521933961,0.00031471553005625456,0.00010229793189710427,0.02943882043363124,1.3227562429590352e-05,2
0.001214389068235125,0.626854406632172,0.20515225026253445,0.00034785440963132195,0.00010236333157705952,0.16629162134326644,3.7114952583661695e-05,1
0.0015329628076747948,0.8269537204713912,0.0752358766138552,0.00018266335437373905,0.00016974162302294698,0.0959194431781197,5.591951562457131e-06,1
0.001674418615550184,0.592517878246937,0.3215225909937814,0.00027201325611194143,0.0005705430806333708,0.0834393453017345,3.2105052515583625e-06,1
0.0007543460941064181,0.5458540152399786,0.10048256612551003,0.00045604849043144976,0.00010756718771846364,0.3523410883919835,4.368470271568382e-06,1
0.0007858545942075662,0.6463181106960322,0.08832690102334359,0.00012719672519090588,0.00019823492213181238,0.26423726609897863,6.43594011545499e-06,1
0.0008087385419252139,0.7256360650430657,0.1700495485771695,0.000200175699879863,0.0003207382246007388,0.10298093485955495,3.7990538039478214e-06,1
0.004565766861995405,0.7938901035425777,0.09337652574071441,0.00012433594756368704,0.0013494962987172648,0.10668951934695556,4.252261476060843e-06,1
0.0010057394916290748,0.8197264333520888,0.0825265557082603,0.0001707082458789917,0.0007835564548379943,0.0957822947774768,4.711969827964848e-06,1
0.0018483218705527128,0.6462357853300001,0.31791697280905634,3.948691084684815e-05,0.0019049661349057737,0.03205070735232235,3.7595923157744157e-06,1
0.002352882551605563,0.8139847853675676,0.14288459513681612,8.346986165447316e-05,0.0025212351551910884,0.03816829642502526,4.735502139768502e-06,1
0.0007602719298406583,0.5609931333390465,0.40908365215057474,0.0005399670485006499,0.0002324755896448199,0.028379576670163834,1.0923272228770019e-05,2
0.0005790014236972814,0.34199065905587256,0.5884248022747084,0.00011212506945866683,0.00017208981524687107,0.06870587570619226,1.5446654823994125e-05,2
0.7345379293876161,0.057615909573322736,9.146957940664294e-06,1.4886666869670646e-07,8.674074346284251e-06,5.019061442058693e-06,0.2078231720786632,0
0.9521770678964968,0.02547037235439386,7.020155022089696e-06,2.1499038186530853e-07,1.2811898787705106e-05,6.659387641184434e-06,0.02232585331727638,0
0.6115497281071111,0.3884109612915098,1.0680347439975534e-05,2.246954012491498e-07,1.3366091012707152e-05,7.5756382170085135e-06,7.4638293081316285e-06,0
0.7840067950666203,0.21595954367920106,9.104090662768796e-06,2.0602570750924782e-07,1.2343793426192828e-05,6.199389321775389e-06,5.807955060570115e-06,0
0.7805107775612423,0.21945799146086703,7.803307977264298e-06,1.7946000164412946e-07,1.0914709752929466e-05,6.050520123338848e-06,6.282980035756298e-06,0
0.9676443882901635,0.0032412058253435136,7.596604580007105e-06,1.1815611378648157e-07,6.882067000785498e-06,4.063460812340172e-06,0.029095745595985968,0
0.9545165938202647,0.0020752526351082126,1.0085820410742116e-05,1.3697065555789368e-07,6.698486173837979e-06,5.505956078874503e-06,0.04338572631130793,0
0.9697610173951502,0.0014282995406306048,1.0533217146342544e-05,1.591134403031836e-07,1.1520764332401702e-05,6.6624441717074286e-06,0.02878180752512866,0
0.9810243672496511,0.001638634483013951,1.703100069321204e-05,1.5301943524031187e-07,1.2918866425201123e-05,6.818217405974515e-06,0.017300077163375095,0
0.9624167712190365,0.0022225403370299645,2.5609397504219466e-05,2.140775713971673e-07,1.934459405879641e-05,9.474281104318094e-06,0.035306046093695066,0
0.9630586395888494,0.005602601195989697,2.94045047084344e-05,1.865644147588502e-07,2.2651839539065692e-05,1.0952415894723145e-05,0.03127556389060382,0
0.8198988019230272,0.006542117191727814,2.2098516254536798e-05,2.2311329968951933e-07,1.888127718691043e-05,1.0621371321694632e-05,0.17350725660718183,0
0.8163823066930727,0.017908348673062516,1.8102012609740082e-05,2.2888996245464983e-07,1.7971763087375177e-05,1.0662695202666795e-05,0.16566237927300254,0
0.8286283872730857,0.020835163210340697,1.533693034418221e-05,1.9392702272014666e-07,1.5226576435203125e-05,9.897218671892585e-06,0.15049579486409967,0
0.7608517042079724,0.22875374701882453,2.160907830157071e-05,2.7323487325739564e-07,1.4183061645700036e-05,1.537765347885991e-05,0.010343105744903679,0
0.7816564314809437,0.21072035382645632,2.0642254692858875e-05,2.6100992212796986e-07,1.7884132981420807e-05,1.46117822977763e-05,0.007569815512705743,0
0.7744662084981794,0.21601583308564987,2.061951210896481e-05,2.607223547018576e-07,1.8160975705894445e-05,1.4595683780938216e-05,0.009464321522220126,0
0.7897743179020766,0.19951703546695482,2.0264912850928244e-05,2.5623864271865173e-07,1.76610165310693e-05,1.1845848747285694e-05,0.010658618614196666,0
0.8080398369984871,0.18794276570035023,8.552105585881915e-06,2.0081023188865316e-07,1.3641763238818414e-05,9.220580040906883e-06,0.00398578204206514,0
0.6667027086024302,0.33319011189196296,1.6111277416605142e-05,2.512224216076419e-07,1.4441129639281846e-05,9.690813533901586e-06,6.668506259531266e-05,0
0.7591337088860692,0.23994979381353423,2.0086111497138562e-05,1.893740927996691e-07,1.2471403998862806e-05,8.185023874667028e-06,0.0008755653869330193,0
0.7522794970857235,0.24673821953529498,1.9660460865687967e-05,1.921972415680866e-07,1.1638681348031215e-05,8.181839460748024e-06,0.0009426102000654091,0
0.6904230801052287,0.29570412848367283,1.4254576771879947e-05,1.3197729009933514e-07,1.0584168087564052e-05,8.614828806706934e-06,0.013839205860142173,0
0.6695510776682138,0.3084746980125159,1.5518407615317577e-05,1.436785824302233e-07,1.2658062350849754e-05,9.353989506255638e-06,0.02193655018121531,0
0.732882546509706,0.26184635126110783,1.3638081824816935e-05,1.663205884790347e-07,1.2629546856409427e-05,8.523998306759282e-06,0.005236144281610027,0
0.4119707595245222,0.5879693244138382,1.675430180247547e-05,1.7005364221324634e-07,2.5617916e-317,9.84377895164926e-06,3.3147927243143615e-05,1
0.39779136597716186,0.5982537420122626,1.98133006413155e-05,2.877551064484372e-07,0.0038983609211771285,1.3029360007627201e-05,2.340067364321483e-05,1
0.378441268816026,0.6214837197590024,3.0943284046294994e-05,2.2091120047472215e-07,1.9743112056243086e-05,1.7933282724780944e-05,6.17083494387156e-06,1
0.31745834021234715,0.6824731566271474,2.6843129994153995e-05,2.123141154048155e-07,1.9958102591080553e-05,1.6100330943225655e-05,5.38928286164411e-06,1
0.2992651262801452,0.7006753401623949,2.247177565454595e-05,2.414501333773297e-07,1.7426429405360897e-05,1.452736892110469e-05,4.866533345421508e-06,1
0.33914309839946416,0.6608017732677182,2.075530998875677e-05,3.1235989385484636e-07,1.4687383766421336e-05,1.4878467111616184e-05,4.494812057026377e-06,1
0.33603257683998194,0.6639011012800717,2.5840654413064994e-05,1.9307247905518162e-07,2.030910416218221e-05,1.3450687431324209e-05,6.528361460606721e-06,1
0.41873141321804536,0.581205683961408,2.3662259577737778e-05,1.8715521296587353e-07,1.968667276257938e-05,1.3038452103924133e-05,6.328280889421052e-06,1
0.44037088331459173,0.5595807031922247,1.6013954668372747e-05,1.8571253311972463e-07,1.51208755993465e-05,1.1361246468871071e-05,5.7317039138342205e-06,1
0.2516544196278926,0.748295385410893,2.1600598495084126e-05,1.6534617306586705e-07,1.4232942504695795e-05,8.575943776626914e-06,5.6201302649773255e-06,1
0.3098629263695732,0.6900703342647969,2.8642247622392556e-05,1.9264424887698344e-07,1.563044516002746e-05,1.572603445122418e-05,6.5479941471403846e-06,1
0.3863040151730128,0.6136344757702914,2.600019337112845e-05,1.943443381057974e-07,1.397224104159692e-05,1.4605351859605449e-05,6.736926085359552e-06,1
0.338381207529969,0.6615479488379344,2.8817314663701344e-05,2.1540154968703053e-07,1.6429647610055458e-05,1.7914396158057786e-05,7.466872115016039e-06,1
0.3147770992635939,0.6851540703725975,2.8658573194069726e-05,1.8506115892349817e-07,1.593000180150077e-05,1.665001818794283e-05,7.406709466193738e-06,1
0.25264210419429156,0.7472850355087102,3.0135664484130827e-05,1.9834900863632178e-07,1.675104989598593e-05,1.79867749906894e-05,7.788458619106615e-06,1
0.2737466482340481,0.726185894507972,2.7627071603767703e-05,1.8491154906639265e-07,1.5616224180048583e-05,1.6768233171940248e-05,7.2608174752166405e-06,1
0.297957536766705,0.7019709824538192,3.341926694946827e-05,1.7752688531681794e-07,1.481456385492937e-05,1.6098573735985906e-05,6.970848049984801e-06,1
0.38777370207233053,0.6121283313622765,5.142514362151476e-05,2.1221175386112607e-07,2.0303341189095787e-05,1.880863501510023e-05,7.217233813525555e-06,0
0.33381151535728965,0.6661104235329133,2.6387538687553914e-05,2.0952442087755803e-07,2.451393540175954e-05,1.3705027993804164e-05,1.324508329317748e-05,0
0.6958358977382058,0.3039959835609661,2.1417567674660116e-05,2.2400001942666925e-07,0.00011552024252868922,1.3076628577447305e-05,1.7880262027783197e-05,0
0.019289842671826336,0.009271023989758284,3.6677548680324177e-06,2.3450164575938882e-08,3.041839516574096e-06,2.1006280663426064e-06,0.9714302996657999,6
0.6397863082209029,0.2966021004010257,4.641761812556953e-05,4.041500431819763e-07,4.2473920341615857e-05,2.9677905338848232e-05,0.06349261778422231,0
0.6132382057580997,0.3188567408381171,3.544245020168132e-05,3.085911849404875e-07,3.0571567352644746e-05,2.7845269630416317e-05,0.06781088552541364,1
0.42228466509262563,0.5687480357116048,5.381541096335669e-05,4.4558851917260105e-07,4.1459946336750056e-05,3.691007228739632e-05,0.008834668177662833,1
0.47180364495291427,0.48650571158243944,3.601930644856104e-05,3.544191328959249e-07,3.021315062742685e-05,2.636905307304277e-05,0.041597687535364164,1
0.7676812698542371,0.23226577021955774,1.9722498584028086e-05,1.8042269573206247e-07,1.4388672071206738e-05,1.5179504795854671e-05,3.4888280582865333e-06,0
0.8409438549188094,0.15902473086488916,1.1684078634261797e-05,1.1958698529725102e-07,7.473757267358056e-06,9.573382341287269e-06,2.5634110731408287e-06,0
0.7273071111939766,0.2726575281914813,1.4690392689627816e-05,1.57080449232586e-07,8.629699058131638e-06,8.970385464640457e-06,2.913056880410899e-06,0
0.7171105829011758,0.2828583241853366,1.128652993283116e-05,1.1103777280359417e-07,6.721484561185427e-06,1.0067144684047873e-05,2.90671653656543e-06,0
0.6773328385407402,0.32262704473494,1.2837958396463539e-05,1.3280904344195138e-07,1.3232889731810805e-05,1.135987904737756e-05,2.553188100841918e-06,0
0.6289145469374964,0.3710354937140528,1.284099835484994e-05,1.3284049189761177e-07,2.3616479067105456e-05,1.0815237855289083e-05,2.553792681830539e-06,1
0.6610288835980969,0.3386231442161143,1.1922829889063506e-05,1.2334201309795689e-07,0.00032331360647622827,1.0241218280386898e-05,2.37118913000255e-06,1
0.625316810342542,0.3742793863507416,1.2477042915907482e-05,1.2907536256717567e-07,0.00037839375558006036,9.950272937534439e-06,2.853159920523154e-06,1
0.6095691062262797,0.39003865680770294,1.2258970215154546e-05,9.733952548364736e-08,0.000367279982596135,9.776362908744643e-06,2.8243107719432567e-06,1
0.6046530711364039,0.3948310569077039,1.2899968862525203e-05,1.194657432435078e-07,0.0004895929819224666,1.028755065867189e-05,2.9719887051461624e-06,1
0.5511602117132872,0.445292020149094,2.4904851593970943e-05,2.5408237513437415e-07,0.003490349575395101,2.719576834900106e-05,5.0638599055493335e-06,1
0.44028620077934605,0.5256865335702852,3.2178786733045365e-05,2.9493407616856334e-07,0.03396036256204409,2.8551333502522292e-05,5.878034012789615e-06,1
0.4613657817746628,0.5085309454378422,0.00022593384198777325,2.784756460281617e-07,0.028503515088465388,0.001367995363777064,5.55001761868834e-06,1
0.2666206504718035,0.7254471567373653,8.380826607199923e-05,2.3152046342660559e-07,0.007455097193569996,0.0003735008653227358,1.9554945403039006e-05,1
0.20627741239858988,0.7819993204864103,0.0001155911499595572,2.0868712589535633e-07,0.011258698593322151,0.0003415215181494002,7.2471664430721945e-06,1
0.21621825124924732,0.7678153541459776,0.00017484975235296536,2.0490194208274095e-07,0.015378072096161821,0.0004062933349997989,6.974519318455675e-06,1
0.13792067511946218,0.5389565035493973,7.395446309602725e-05,1.2345271555318368e-07,0.005301452260684277,0.31774509031919806,2.2008354464688833e-06,1
0.17984446920584246,0.8109174077103524,0.0001131531755816203,1.6069933273294665e-07,0.008631994415886657,0.0004897331875414062,3.081605462656433e-06,1
0.17606630615060653,0.8169457570331596,0.0001514591079694043,1.679938308798925e-07,0.006332620872850624,0.0004989055508574532,4.783290725471251e-06,1
0.16147198455988662,0.8292926488212723,0.00011309682876168039,1.6687062935196582e-07,0.007721549018384764,0.0013947012926864345,5.852608378930739e-06,1
0.6392186487857113,0.3461293339900946,0.0004572117373977234,2.819338224422621e-07,0.012801020383168523,0.001385090318675783,8.41285112972401e-06,0
0.5914798008106716,0.3969726969808593,0.0006871455861209251,2.6183433458780164e-07,0.00920215920231611,0.0016488867694671267,9.0488162303377e-06,0
0.39243354673471376,0.6008117611791475,0.0006032018075882806,0.0,0.005537942904760165,0.0005881906775105586,2.5356696279820278e-05,0
0.0203730955953754,0.14877161440213185,0.0009074580651843589,3.73342933080799e-08,0.8298676144618471,6.094998481775417e-05,1.9230156350123987e-05,0
0.04432538374063533,0.4609200878258996,0.0014188893937005617,9.984814534476907e-08,0.49318534269855113,0.00014771717154371606,2.4793215243814556e-06,1
0.04864076461379904,0.9312723492381777,0.005010398628692725,1.6913095295091825e-07,0.014663456910617687,0.00040862194863247657,4.239529127317267e-06,1
0.04092534708881453,0.9449200121680332,0.005332407189049795,1.486712135541988e-07,0.008489038821601225,0.0003293193871972767,3.726674090457843e-06,1
0.03544057904221676,0.9503162110183915,0.005749696505883948,1.5611025471327454e-07,0.008207562381103928,0.00027780398019684423,7.990961952360675e-06,1
0.04159511372121164,0.9435553078070735,0.0036098414868182484,1.587018301379185e-07,0.01095945445514553,0.000272532546624382,7.591281296502609e-06,1
0.05984384385826332,0.8853655306654694,0.014663710939207354,2.501109698387283e-07,0.03052889164873867,0.0095930981276787,4.674649672989417e-06,1
0.03127307290293531,0.9568679551287104,0.007075715213053527,1.339771995220054e-07,0.004480429680117241,0.000298772189971124,3.920908012681867e-06,1
0.028023718762953963,0.9596388994771661,6.336861548229922e-05,6.311497969010237e-08,0.01223775784595211,1.0413125984433977e-05,2.577905748145308e-05,1
0.036983643450334946,0.9584514729532689,5.6718294407048465e-05,5.561948184438368e-08,0.004467506652516583,9.17093150455846e-06,3.1432098486172844e-05,1
0.03881721602239148,0.9579808703271501,6.25142694123847e-05,1.1063143279111112e-07,0.003094536544309012,1.0108098080735791e-05,3.464410722331296e-05,1
0.04515800748179567,0.9524709445540426,2.465207778151388e-05,1.2577575844255653e-07,0.002332034097942597,1.1438853592338327e-05,2.7971590866556684e-06,1
0.045167698758863735,0.9526753525945584,2.384537911575333e-05,1.2580275094713067e-07,0.002118915062660206,1.1264642671021639e-05,2.797759379831207e-06,1
0.044546355619028484,0.9503467887944708,2.4734006499400587e-05,6.158470289823922e-08,0.005066990014900045,1.0238536380304773e-05,4.831444018296153e-06,1
0.04316543367372547,0.9502883062713877,2.473248441596421e-05,5.867736015302516e-08,0.006506885788881968,1.0237906320365329e-05,4.345197908468027e-06,1
0.037184152544367396,0.9274297331054975,0.0015978864568706914,5.539829609993395e-08,0.033458019543940766,0.00032612350087061494,4.029450156959956e-06,1
0.03134447054959721,0.9292387463424502,0.006032197147261668,5.765283221530336e-08,0.03286430259275092,0.0005160322790244493,4.193436083306127e-06,1
0.0322512627958607,0.9405258724849469,0.00582148823626391,1.7275127444050358e-07,0.020884380826541368,0.0005121552490447036,4.667656067771146e-06,1
0.03529270416850057,0.9355395581006818,0.007224432641958851,1.765090845471453e-07,0.021079390524456603,0.0008589688650340716,4.769190283380298e-06,1
0.020380439542889445,0.9018572082464396,0.0018382893550246125,1.196667612958807e-07,0.07531985490246168,0.0006008549482829104,3.2333381405276447e-06,1
0.019119890785448596,0.9725337359138991,0.0019058922540760642,1.5030920977938026e-07,0.005742759479429721,0.0006940575952025579,3.5136627341572327e-06,1
0.013911668223090198,0.9282854132117763,0.009597536148199071,1.986474586440317e-07,0.04499925315197499,0.003200563259032834,5.36735846777484e-06,1
0.009878896072722536,0.871701142894376,0.04861722929431091,2.0076547153081175e-07,0.06415122204379614,0.005647186523839464,4.122405483566657e-06,1
0.019110384193600366,0.8629973834889971,0.05314888485406247,1.945403635918633e-07,0.056927485864814414,0.007811474810180364,4.192247981611421e-06,1
0.010119182178252665,0.9184593029743703,0.02202615892713242,2.3702971138359301e-07,0.04674706511574293,0.0026444505408754183,3.603233915042451e-06,1
0.009861274642786145,0.921636049037528,0.017274260039981247,2.3193647391374636e-07,0.04828857352560935,0.002936085009130542,3.5258084906870346e-06,1
0.007628471169372231,0.915211025825996,0.02927218651731219,2.278562658164503e-07,0.04487881962428577,0.0030056785162619554,3.5904905062179384e-06,1
0.0003800547527574828,0.04087787126192792,0.9383438612267384,2.8862273332829807e-07,7.818315283181015e-05,0.02027427601170704,4.54649713040104e-05,2
0.0002815762635380994,0.04049300819812988,0.9515572866785573,2.0063270730231897e-07,3.501132938378347e-05,0.007624056278506919,8.860619176775612e-06,2
0.0005142591018363836,0.0866537262473489,0.8793047714737737,0.00029585319499480806,8.280530147723547e-05,0.033140155326419805,8.429354148964955e-06,2
0.0009418443711422086,0.4020000842111411,0.1316567502770626,0.0003211950021707313,9.59058797664007e-05,0.46497371633144585,1.0503927271209494e-05,1
0.001059777094032966,0.4523363881546886,0.0850367498128761,0.0006573943720089444,0.00010791470191221727,0.4607899566915261,1.1819172955204966e-05,1
0.0012444838616873762,0.4929252417200621,0.33147505488518236,0.0011923275380140942,0.0001192412396521688,0.17303670343616753,6.947319234332715e-06,1
0.0020910912915687507,0.6530882774535521,0.22111854287043803,0.0011453592712348773,0.00044387152742454076,0.1221061932201821,6.664365599532882e-06,1
0.0007449421934274736,0.7342955032185853,0.12139403414501176,0.0005760743461068085,0.00032411861345895445,0.14265806424619135,7.263237218352117e-06,1
0.001113284498967183,0.6605322750122341,0.15923337892924283,0.00020383363824106883,0.0002832285171615952,0.1786246512514941,9.348152659008496e-06,1
0.004816882467492671,0.7054483497940124,0.1892807965009464,0.00034821903235454264,0.0012733813609461992,0.09882849821947316,3.872624774585082e-06,1
0.0008124747579723941,0.6709828389287578,0.18542149755470697,0.00016301426898502594,0.0006195669240678162,0.1419972300643497,3.377501160545092e-06,1
0.0009406967760806684,0.804842599409883,0.12568832960172577,0.0002474381535760333,0.0007558336041283946,0.06752033873775815,4.763716848078888e-06,1
0.003650713120106975,0.7493620987821223,0.1949826074520782,7.758082918466918e-05,0.001176195796897806,0.05074626091067769,4.5431089323990164e-06,1
0.8130763366451731,0.06403253082682694,7.22140795081146e-06,1.5526348343289817e-07,8.443412165157554e-06,5.2626214825612246e-06,0.12287004982291781,0
0.868319963099066,0.060642853920438805,8.500379693197988e-06,1.2016417105828442e-07,9.805616009463056e-06,5.235152232148005e-06,0.07101352166838909,0
0.9386636450620616,0.05156170356812054,7.238600635061389e-06,2.2168022070815587e-07,1.3210565636970556e-05,6.8302160853637855e-06,0.0097471503072398,0
0.7814141147354329,0.21855181995660486,9.213371863545395e-06,2.084987427130308e-07,1.2491962487521401e-05,6.273803860718392e-06,5.877671007674118e-06,0
0.7805107775612423,0.21945799146086703,7.803307977264298e-06,1.7946000164412946e-07,1.0914709752929466e-05,6.050520123338848e-06,6.282980035756298e-06,0
0.799925157014266,0.2000429240730806,7.999252290140997e-06,1.9788567244712352e-07,1.1188782660088535e-05,6.09224374968821e-06,6.440748280904544e-06,0
0.8048823821042584,0.19508576723856877,7.982146669512192e-06,1.9746251324199025e-07,1.116485653992884e-05,6.079216080778603e-06,6.426975369054448e-06,0
0.8423667889741672,0.15760788034022225,6.300825322311941e-06,1.4490599704586993e-07,8.81314434818107e-06,4.9985820475196866e-06,5.073227895684377e-06,0
0.8444698436546564,0.15548932465473608,7.102497442233684e-06,1.4506476508616102e-07,8.666976900615436e-06,5.004058805501399e-06,1.9913092694014767e-05,0
0.8268382326440368,0.1731152364363069,1.1777143600723178e-05,1.4117991837670688e-07,1.036272806769924e-05,4.870049686381944e-06,1.9379818383182286e-05,0
0.9776917743088054,0.008456899391775081,9.173933068133493e-06,1.0542350286774663e-07,6.589936988558937e-06,4.458626886963447e-06,0.013830998378972755,0
0.9790837161298516,0.008329030159760924,9.244927655967674e-06,1.0033439676647809e-07,6.271821126126214e-06,4.24339570343703e-06,0.012567393231504999,0
0.9406949197818002,0.0016945395001973335,8.26264757566628e-06,1.4355980643541155e-07,9.949929126554095e-06,5.770827230880899e-06,0.05758641375426279,0
0.9603402173552477,0.0017026697370853064,1.8611691603679123e-05,1.6722156198354963e-07,1.2865293862355707e-05,7.623456901565603e-06,0.03791784524373718,0
0.9720591018794292,0.0018056575842937158,1.751493012838393e-05,1.5036090975472512e-07,1.3451524346384654e-05,6.699759219852031e-06,0.026097423961672542,0
0.9114124349935828,0.005857045696845615,1.881675399277848e-05,2.2151416758755735e-07,2.0094682123565566e-05,1.0389410552189531e-05,0.0826809969487355,0
0.8822738908414133,0.0069410635664819776,2.5221480677688216e-05,2.3707722725984554e-07,2.1102623182387884e-05,1.1286128017239352e-05,0.11072719828299996,0
0.8909115351329457,0.007575024788729119,2.0906363696102466e-05,2.5242403135741073e-07,2.2210179927564214e-05,1.1839138433320752e-05,0.10145823197223663,0
0.88918645992937,0.00902937759560903,2.1406311244596195e-05,2.5309610680454616e-07,2.226931422046615e-05,1.1870659973538157e-05,0.10172836309347595,0
0.8098246196343983,0.024415781864497985,1.85117852608253e-05,2.2260849979106762e-07,1.8321744251504968e-05,1.052562085832251e-05,0.1657120167422335,0
0.8574919882952584,0.023990124410843874,1.8955659716447836e-05,2.2887117588780248e-07,1.958536386159576e-05,1.1571201639033116e-05,0.11846754619750469,0
0.928319191216046,0.035953266096873396,1.7717230489825058e-05,2.2402460483506775e-07,1.748147876402185e-05,1.260810050643472e-05,0.035679511852715284,0
0.7056841475126951,0.2904907569984369,1.712026517467699e-05,2.4532820257686324e-07,1.5584961382431236e-05,9.547843819378053e-06,0.0037825970902890696,0
0.7751536029975895,0.22475360271519218,1.5449814814986253e-05,1.8946102648220712e-07,1.2402404912138933e-05,8.188781274935285e-06,5.656382518992929e-05,0
0.7612954761982376,0.23762391288576137,1.977071277576896e-05,1.9015361903604662e-07,1.3055767860297549e-05,8.218716132997363e-06,0.0010393755656129926,0
0.7403047571048348,0.2572376085339531,1.8834335735749826e-05,1.8412118616689847e-07,1.1149628359566876e-05,8.619525568560743e-06,0.002418846750361946,0
0.8336042540514844,0.16440770321955692,1.1746782688804396e-05,1.1483450187213879e-07,8.820813800778208e-07,6.152005017398392e-06,0.00196914702537046,0
0.6125448903074,0.3715526043658081,1.5188217413413957e-05,1.406214865401119e-07,9.90095164197424e-06,1.00982464769201e-05,0.015867177289772997,0
0.33081445515358404,0.6691134168706218,1.4390432742181879e-05,2.2324323380837726e-07,2.571141440055326e-05,1.0139471675432221e-05,2.166341374220829e-05,1
0.4108767466340077,0.58556492853089,2.0335265930678883e-05,2.1905919973942335e-07,0.003509233984712385,1.3372607899016856e-05,1.5163917360576327e-05,1
0.4720318825237368,0.5173322914668704,1.954304235000326e-05,2.58338716921485e-07,0.010536077581076303,6.34719228349659e-05,1.6475124414453766e-05,1
0.4727615727362967,0.5271842526629121,2.365144419240294e-05,2.0931678155889462e-07,1.02249374869046e-05,1.5406515482230128e-05,4.682386848006888e-06,1
0.5215333078210154,0.4784105766574263,2.477701605448712e-05,2.0419380004100555e-07,9.63383516418454e-06,1.4841281501934655e-05,6.6591950376255595e-06,1
0.2843114468030528,0.7156282482399332,2.4997249115556737e-05,1.7834518783897215e-07,1.612450190968936e-05,1.4477829414024754e-05,4.527031386701067e-06,0
0.25350816672757825,0.7464267761932977,2.760350323873691e-05,1.847569248457435e-07,1.670419832237563e-05,1.5874836698120755e-05,4.689783939907798e-06,1
0.3651091804345503,0.6348342074409055,2.172795388416834e-05,2.0265579899457515e-07,1.4925366728750371e-05,1.518850563062958e-05,4.5676425015395075e-06,1
0.30108065993747085,0.6988541982506596,2.3995747867141475e-05,1.7182420087817512e-07,2.184911358268162e-05,1.4763620535487428e-05,4.361505683420242e-06,0
0.4135319954924332,0.5864060961883973,2.3331780603651014e-05,1.845413094807579e-07,1.8530481743853434e-05,1.2856350548456506e-05,7.005164964019635e-06,1
0.13592473344111736,0.8640162847645938,1.6793479757988843e-05,1.7184612872181615e-07,1.3732029365664834e-05,1.3440868676494301e-05,1.4843570359850432e-05,1
0.18391511114385042,0.8160290905540107,1.9192963925279848e-05,2.198290989510238e-07,1.727974219888445e-05,1.252087657614314e-05,6.584890339499901e-06,1
0.2503549727470855,0.7495795116452912,2.4205902177539326e-05,2.2045915631943673e-07,1.7943700643658272e-05,1.582279375602144e-05,7.322751889938551e-06,1
0.24593126111985317,0.7540051434492682,2.270644068340716e-05,2.1004147292699803e-07,1.907149881376507e-05,1.4630730871239986e-05,6.976719037303362e-06,1
0.22932770577741524,0.7706096072282229,2.3177457756756686e-05,2.1785572598165994e-07,1.838961817853015e-05,1.417478864148002e-05,6.7272740589370925e-06,1
0.3997587529748807,0.6001877471839934,1.8105891079169887e-05,2.0997254996252234e-07,1.5858139234856164e-05,1.284538987082607e-05,6.480448390858314e-06,1
0.4317397078004007,0.568208459348004,1.7168714542137223e-05,1.8509912328619677e-07,1.6211235898217262e-05,1.2122787238361805e-05,6.1450147933177545e-06,1
0.17886463373361097,0.8210935172151854,1.8229633567909034e-05,1.3668821310733857e-07,1.1766075030060494e-05,7.070610585715515e-06,4.64604380679681e-06,1
0.24486793684572114,0.7550826882760654,2.1194219960831214e-05,1.5891707553297799e-07,1.3679527969324356e-05,8.9406085060299e-06,5.401604701602554e-06,1
0.268212687441242,0.7317292988977118,2.489983965228832e-05,1.8612890265306902e-07,1.6021912819644973e-05,1.0579242687882904e-05,6.326536983537087e-06,1
0.26861412653609373,0.7313283782343984,2.4373972410608272e-05,1.8617069786868464e-07,1.6025510537631414e-05,1.0581618255153152e-05,6.327957606414877e-06,1
0.40275412063719307,0.5971828744410341,2.5091568618033505e-05,1.9847873492101572e-07,1.5918570148202897e-05,1.4916059754685074e-05,6.88024451708309e-06,1
0.36336173253535214,0.6365665540112891,2.6782533927832183e-05,2.1185456887517316e-07,1.823636944385933e-05,1.9138779021030947e-05,7.343916397403811e-06,1
0.31184797031500266,0.6880777309073536,3.534721560659531e-05,1.7606115101246554e-07,1.589654964678683e-05,1.596565735132749e-05,6.913293887982485e-06,1
0.36408319596974775,0.6358175831339017,5.101487717002056e-05,2.2066145653794732e-07,2.1111765761592308e-05,1.759585197095338e-05,9.277739991397693e-06,0
0.32694140086701107,0.6729367459605656,5.946085878929547e-05,2.4027939555599254e-07,2.2988710379706652e-05,1.9160213760060626e-05,2.0003110098734276e-05,0
0.1990680491905427,0.8008365934045686,3.775529910225541e-05,2.0499836271280007e-07,1.7156071931381366e-05,1.709056717434998e-05,2.3150468317977812e-05,0
0.28181431242935917,0.7181104347302669,2.7567404495252647e-05,2.235264488126199e-07,2.219731114056805e-05,1.6206510329796597e-05,9.058087959415945e-06,0
0.5906302902889944,0.32526840043331395,5.4922742678769205e-05,4.167251860351132e-07,4.379549787164244e-05,3.060133441058496e-05,0.08397157297754446,1
0.6224570642136156,0.3156553185188283,4.516035109687697e-05,3.932032401262317e-07,4.033213664856396e-05,2.8874049963024056e-05,0.0617728575266078,1
0.45241607621521546,0.5365274675273689,4.1999655373833425e-05,4.2464530976655625e-07,3.705304458849723e-05,3.62435971540757e-05,0.010940735314989366,1
0.45486342696471954,0.5449703592379465,3.958110295819675e-05,3.6759481341701344e-07,2.6220875767960046e-05,3.354509101264938e-05,6.649913278187623e-05,1
0.711479547638656,0.2884520946950744,2.337761205090438e-05,2.3790362596350257e-07,1.7363916406565788e-05,2.227864255763723e-05,5.099591628799218e-06,0
0.7286859845273463,0.27126274706305076,1.769094413720126e-05,2.091872178352768e-07,1.65184720180614e-05,1.675116308653405e-05,9.864314333156187e-08,0
0.7380430299180968,0.26189891292166523,2.130269051323396e-05,1.9609255187748195e-07,1.626868460498289e-05,1.649785698843572e-05,3.7918355794170255e-06,0
0.8245082128292557,0.17545164976834599,1.7089899504056792e-05,1.5951710221058008e-07,8.767357220802212e-06,1.1053991265088414e-05,3.0666373063883345e-06,0
0.8546997225341039,0.1452664307827371,1.3589110832141014e-05,1.2743246916373325e-07,8.092097792929245e-06,9.085516117541082e-06,2.952525947027562e-06,0
0.8491199829250254,0.15084841083653322,1.229566963309503e-05,1.1530316889173299e-07,7.123133565935482e-06,8.809617434862239e-06,3.2625146385393686e-06,0
0.8433040798256585,0.15666390874085226,1.2453301312536993e-05,1.1678136672070387e-07,7.214452830391451e-06,8.92255758639012e-06,3.3043403932174814e-06,0
0.6805994134813634,0.31936607749343604,1.3031613766034474e-05,1.1602815791618375e-07,7.955485764018405e-06,1.091877181019328e-05,2.4871257023427546e-06,0
0.6580126778025787,0.34191061008106716,1.1093380961207467e-05,1.0668898295883437e-07,5.379467881473762e-05,9.483606359850311e-06,2.2337612355011367e-06,0
0.6316051339142406,0.3680641906928083,1.1320481084311445e-05,1.0887308546541161e-07,0.00030697960135889695,9.677751695643165e-06,2.5886857269376256e-06,0
0.30169588710672657,0.649542873762097,2.8159217164721203e-05,2.815115113817602e-07,0.0487037323605464,2.292003645080912e-05,6.146005503140392e-06,1
0.48946380527614036,0.45543928562542463,0.00021491664455474898,2.810969964241266e-07,0.05404869786862406,0.0008274112271464227,5.60226111319087e-06,1
0.26207043686473186,0.724829115093806,7.357854794244738e-05,2.3488581101299744e-07,0.012627862285145213,0.00039428040232902264,4.491920234336405e-06,1
0.2546732151092988,0.7381638304307948,7.570231799540066e-05,2.038115788426157e-07,0.006913301216089154,0.00016187079781044558,1.1876316432490266e-05,1
0.18490913465452405,0.8015641270945382,0.00011076166748137814,1.651779312491903e-07,0.01297412248400007,0.00041534982911687707,2.6339092408367826e-05,1
0.1473513808785302,0.616486323948825,8.058152328082414e-05,1.2703903803977874e-07,0.007286812291256912,0.22879012294314618,4.651375923035484e-06,1
0.14705732680439818,0.595370149845121,7.58384747768293e-05,1.2242980810286258e-07,0.005381755788973628,0.2521124589162128,2.3477407094697282e-06,1
0.15153450645108943,0.8288222134788041,0.00016370799199549936,1.8886781780467663e-07,0.0190599754128251,0.0004134611972776986,5.946600190470487e-06,1
0.14496118290276352,0.8295519604196899,0.00017218080778799323,2.0802738489764902e-07,0.02479987773942114,0.0005080402539575221,6.54984899510395e-06,1
0.5443602645326001,0.44743470917490397,0.00047154503775514246,2.837293956564298e-07,0.006850518062473794,0.0008713471245812648,1.1332338290065949e-05,0
0.5338879744017957,0.45376017747856806,0.0008879277405233226,4.13083785122325e-07,0.00971635148722213,0.0017374441525834308,9.71165552225813e-06,0
0.01975048082846415,0.0827958723253609,0.001050176129802957,3.194994879347794e-08,0.8963175372839478,6.943606850406577e-05,1.6465413971200187e-05,4
0.011412295491339654,0.05033385307635746,0.0005632820806371863,1.751346813459737e-08,0.9376614255660815,2.0100702004202386e-05,9.025570111913076e-06,4
0.009658440424228752,0.05951462474342,0.0006461509154832479,2.070788187832956e-08,0.9301430996140241,3.09879750015012e-05,6.675619960552833e-06,4
0.05677813619661672,0.9258733090557335,0.0059167337953228046,1.6496264490719235e-07,0.011061711523410383,0.0003658094222375181,4.135044034230048e-06,1
0.04171359050762763,0.9415642973533939,0.003754553130635708,2.0970895063052483e-07,0.011780142731756442,0.0011766159141017281,1.0590653533968314e-05,1
0.1544878418669293,0.8070372641953133,0.0076345676645349705,3.363938441099781e-07,0.02611696429758127,0.004707301605805101,1.5723975991813072e-05,0
0.0885718970157169,0.8642512290377964,0.005372586178894487,2.6488165701239347e-07,0.031639809378324654,0.010159633260310337,4.580247300140981e-06,1
0.07780887192066617,0.8675100548848926,0.009837019701665882,2.6085079077248305e-07,0.032536039292556364,0.01230324043802079,4.512911407270708e-06,1
0.1321215455042092,0.8288081404868429,0.010138697064126713,2.373123894240887e-07,0.011245418476007138,0.017681519472910162,4.441683514467894e-06,1
0.03392964717849473,0.9584685177516981,0.005099598310595849,5.3527517733128347e-08,0.0022296711273250805,0.00026953579521664384,2.9763091518017925e-06,1
0.04529736122648966,0.9477829541482725,0.003632319960372752,5.3269693764473974e-08,0.003009741904390379,0.00027229820544042577,5.271285340564723e-06,1
0.04070588464209366,0.9559714383170772,2.9198802591137963e-05,1.1805396466108196e-07,0.003279762638724873,1.0776047660804555e-05,2.821497887531658e-06,1
0.040705887010800065,0.9559714939457827,2.9198804290238506e-05,1.18053971530732e-07,0.0032797628295767574,1.0626912121761675e-05,2.9124434568652953e-06,1
0.042225489749393455,0.9552080682864484,2.558464166198277e-05,1.3053373180292233e-07,0.0025256100905799166,1.212015373333623e-05,2.99654445108566e-06,1
0.031048069948197757,0.9364237454216024,0.007165008384435613,5.5084991990769734e-08,0.024806305110199815,0.0005523225300238254,4.4935205484384385e-06,1
0.022090772150112646,0.9553119281021575,0.002907771747286981,1.1409096253142803e-07,0.019088653717776974,0.0005976775089545747,3.082682748723102e-06,1
0.019840160964815085,0.9710636206020222,0.0026077821487923837,1.3465059890370014e-07,0.005760666315598361,0.000724487694735886,3.1476234370090285e-06,1
0.01672900687767077,0.9697435553236058,0.005865835415277822,8.072590989267202e-51,0.007097300796808208,0.0005611504165961317,3.15117004143657e-06,1
0.01930366993075459,0.9728287271823925,0.0020459388702969102,1.1449368778044441e-07,0.005143213350528534,0.000675339209319844,2.9969630195111273e-06,1
0.011315419120445494,0.9729486269060187,0.0016754443865255367,1.1228361586146809e-07,0.01328462532662131,0.0007727002686062934,3.0717081668006604e-06,1
0.014152817874095999,0.9443766324559388,0.00925784135626392,2.020908821470224e-07,0.029495269993179522,0.0027117758315302605,5.460398109072397e-06,1
0.01272828897281181,0.9213551899954929,0.017281303842838953,2.0692079145372674e-07,0.04466330596970673,0.003966377010532194,5.327287825993677e-06,1
0.012199505616809263,0.8775610287328727,0.037130948075999745,1.9490359718193987e-07,0.0681071891214132,0.004997131508261337,4.002041046517234e-06,1
0.012192630097668059,0.8663769075526813,0.04416424325289584,1.9752406161940113e-07,0.07248664886600888,0.004775316858492142,4.055848192158928e-06,1
0.013783914865389896,0.8590344636437247,0.0548113921115044,2.180286851036629e-07,0.06288417567620197,0.009481137264877676,4.69840961630367e-06,1
0.013578751345506582,0.8748666570516085,0.041298106185395686,2.1717408309560995e-07,0.0608076139802098,0.009443974269828024,4.6799933685019676e-06,1
0.011102147697595453,0.8934157504686305,0.0339847035095002,2.280172452990098e-07,0.059040692892443285,0.0024527308204411098,3.746594144279983e-06,1
0.009786958734705252,0.9091168096527935,0.029628377145688785,2.2924777549670456e-07,0.04886463095617459,0.0025992274496452897,3.7668132168637137e-06,1
0.009233373626375368,0.9144962220482351,0.028761402516467055,2.244681228582973e-07,0.04456888782644455,0.0029362012365078045,3.688277847474147e-06,1
0.027905467110482876,0.8990008209780876,0.018633096097859618,2.416414363102688e-07,0.04147450265968024,0.0129824595693614,3.4119430921752e-06,1
0.030509633254953622,0.8893473684836718,0.020430104712485943,2.649457621410209e-07,0.045474376764088956,0.014234510842142646,3.740996894992112e-06,1
0.02805643229475935,0.9002871009473776,0.021668985406748262,2.446961241163035e-07,0.036837205452189395,0.013146576127946754,3.4550748543336126e-06,1
0.03066192395444672,0.8986645514811213,0.018580276494749356,2.6626825510929127e-07,0.03629876653030051,0.015790455600817273,3.75967030968638e-06,1
0.04868396401691776,0.8685064512612997,0.027833898433242195,3.0661498342137373e-07,0.03678792037044742,0.018183129942671027,4.3293604384088495e-06,1
0.09367621472413089,0.79363166224943,0.0594716580943207,4.1439571249123227e-07,0.030825946312846773,0.0223882530143863,5.851209172776279e-06,1
0.0009251494791172125,0.1213810632847214,0.8342453866010311,0.0008343222714041998,0.00012802880168565515,0.042480427875703726,5.621686336740523e-06,2
0.0006535834688126407,0.09626617125671466,0.8757939252261955,0.00037154459570401944,8.105755869125089e-05,0.026825774334307276,7.943559574570914e-06,2
0.0007048782164375809,0.12614947547920632,0.847025265837043,0.00026727317691318316,9.604041453827692e-05,0.02575253300924807,4.533866613612607e-06,2
0.0009740648629935857,0.5248653402286985,0.08980168526643413,0.0005899024234964562,9.491847763119188e-05,0.3836467557123832,2.733302836280628e-05,1
0.0007515423076571291,0.4511852497630942,0.15126582489331766,0.00036042797508980965,7.723422856943625e-05,0.39635126188562814,8.458946643493943e-06,1
0.0012951233129989545,0.508515426139217,0.3385683241406609,0.0010291959059196055,9.406346776954991e-05,0.15049069998516384,7.167048270127355e-06,1
0.0014306100784925633,0.7172403849166932,0.14689430688905133,0.0006791974901382538,0.00010668215476390778,0.1336343525357475,1.4465935113184214e-05,1
0.0012231854600187218,0.63730407036934,0.23705581683927301,0.000416739486695805,0.00010607873621507245,0.12385564702243394,3.846208602338525e-05,1
0.0008293037830303089,0.8684215458483329,0.06746878656876251,0.00020221321161868652,0.00010299664124445134,0.0629672316749714,7.922272039670075e-06,1
0.000782976103725852,0.5730913875689113,0.3209034647395799,0.003756557420824417,0.00016400720388033883,0.10129524276158385,6.364201494327683e-06,1
0.007205287403534123,0.8257280794340981,0.09005849827354946,0.00015862823514463262,0.0015561164377530512,0.07528837951337139,5.010702549176999e-06,1
0.7406036644106936,0.06591235303649257,9.283346058076596e-06,1.510863842371837e-07,8.429632442634357e-06,5.093899475173048e-06,0.19346102458845385,0
0.8297296575020019,0.06702771957534667,1.0589511816859708e-05,1.7234422171026458e-07,1.035804414932721e-05,5.810610565283248e-06,0.10321569241189828,0
0.909810928175915,0.05653784610613239,1.6969327785686062e-05,2.8958142646300606e-07,1.5809201008987308e-05,8.969866259935601e-06,0.033609187741471355,0
0.9177975194685078,0.06667332669040187,7.603201964030831e-06,2.3284603951088742e-07,1.3875969080330527e-05,7.174247478643017e-06,0.01550026757652777,0
0.6006551236318398,0.39930523366599613,1.0603600649650712e-05,2.3995964088141105e-07,1.4168472255941015e-05,7.220473858926092e-06,7.41019575864733e-06,0
0.7833654635675221,0.2166003826454339,9.393169646001033e-06,2.1256756921214552e-07,1.2159440470795537e-05,6.396236346720832e-06,5.992373011330892e-06,0
0.7964661791362339,0.203501771897935,8.021238330211274e-06,1.844719506293701e-07,1.1021381615077986e-05,6.363423181133197e-06,6.458450754167084e-06,0
0.8239270637295525,0.17604419443364683,7.203039976602039e-06,1.7818895538401417e-07,1.0075097755006407e-05,5.485847137274701e-06,5.799662976471586e-06,0
0.8661952901723917,0.13373544879270238,7.088597771661668e-06,1.4395365348445134e-07,5.799574379172788e-06,4.96573062986807e-06,5.1263178471965885e-05,0
0.9304801837263439,0.06750826372488213,1.0506527206964827e-05,1.2073719013505636e-07,9.343285402806346e-07,5.106281498423583e-06,0.001994884674338064,0
0.9627629625918325,0.0028229318969126564,1.9232205627928647e-05,1.8206130419444207e-07,1.3874448216055975e-05,8.255997575936771e-06,0.03437256079853068,0
0.74533861048579,0.0017206938875050138,1.72637276276585e-05,1.6342674511470697e-07,1.3188629788712356e-05,7.410969714186234e-06,0.25290266887282936,0
0.7510407249774911,0.0021052137621902197,1.897350689054006e-05,1.7095904679453525e-07,1.3796490749550961e-05,7.731825973784212e-06,0.2468133884776579,0
0.921800260121791,0.002496537612074168,5.4733838122694706e-05,2.036740910654834e-07,1.721653901621561e-05,9.211402713186707e-06,0.07562183681219178,0
0.9203034070118106,0.002191995460047529,2.5468602779318295e-05,2.2882925577029697e-07,2.0431498687929457e-05,1.0196140197740107e-05,0.07744827245722118,0
0.9287204861496025,0.002698898068864022,2.8787591407212977e-05,2.406451637065933e-07,2.363099091531052e-05,1.0722631679244571e-05,0.06851723392236791,0
0.9750029157517566,0.0025480409576946247,2.757037607424519e-05,2.0546237791308586e-07,1.8503968327760744e-05,8.47005292036202e-06,0.022394293430848256,0
0.9461947655667676,0.007079068892968455,3.2405883481219036e-05,1.8329753291161415e-07,2.2180707818389273e-05,1.0023432107938536e-05,0.046661372219323524,0
0.8929112110411045,0.007188042586069697,2.6632202779417527e-05,2.451420316521779e-07,2.2248181554540568e-05,1.1497599626107968e-05,0.09984012324683404,0
0.9254673196439086,0.009856185161608747,2.190938368313355e-05,2.63423012081535e-07,2.3177953635911017e-05,1.2355010296701127e-05,0.06461878942385492,0
0.927054611099975,0.008914777852084518,2.1690588222141085e-05,2.607923694218434e-07,2.2946489751578427e-05,1.2231628452075604e-05,0.06397348154914492,0
0.8793258492203009,0.0220956555273998,1.9857546175079762e-05,2.3778824058420064e-07,2.0515514046920843e-05,1.1077215902947632e-05,0.09852680718793393,0
0.8531906401982886,0.026100822446722387,1.9534264306633162e-05,2.366143868343623e-07,2.048362975151127e-05,1.118786267272122e-05,0.12065709498387152,0
0.8467671404381469,0.02779989362255713,2.0298727983094672e-05,2.4587417267649717e-07,2.104037398924669e-05,1.2430834153029842e-05,0.12537895012899794,0
0.8983897553183827,0.03225186392000702,2.1072259582351224e-05,2.879476844255346e-08,1.9721094285176698e-05,1.0789528445955217e-05,0.06930676908452839,0
0.9164824472459984,0.03469504622764973,1.696152888789101e-05,2.1446917500399293e-07,1.8223755359372746e-05,1.2070321096976222e-05,0.04877503645183251,0
0.7829214254893648,0.20703601005962965,2.177687032552643e-05,2.5401525331394845e-07,1.7255997203443145e-05,1.2093575934533342e-05,0.009991183992288528,0
0.724198704381345,0.27571176804185227,1.1872787619214753e-05,2.0228816646743062e-07,1.2337569986932721e-05,7.803192441207971e-06,5.731173858880651e-05,0
0.7762037077946483,0.22316252876755682,1.5713044729085372e-05,1.897176903640433e-07,1.2176430603708411e-05,8.199874661414586e-06,0.000597484370110272,0
0.7672831520484397,0.23160537117431332,1.7997277351093796e-05,1.92508946476558e-07,1.6266798001990341e-06,8.195108743384096e-06,0.0010834652024057762,0
0.77163685826472,0.22203897834369987,1.856585966160883e-05,1.3779094474558344e-07,1.6019891870263748e-06,9.691581206053562e-06,0.006294166170580826,0
0.6630315866500681,0.3316453113694647,1.5174765047116372e-05,1.8506091143072897e-07,1.527200394833561e-05,9.484447536582084e-06,0.005282985703023634,0
0.36611184400118046,0.6338273911443126,1.7302148249725367e-05,1.6442816306743404e-07,1.0232924e-316,1.0193736335920824e-05,3.310454175822499e-05,1
0.4683693764381326,0.5221999070385993,2.3722849203827267e-05,2.7167282199792013e-07,0.009337753332576696,5.1627887405552374e-05,1.734078126004984e-05,1
0.5519468012986246,0.44799203602706505,2.417781348195099e-05,1.9556251645244268e-07,1.4633109601661128e-05,1.7563590624083764e-05,4.592598086206142e-06,1
0.22534034781979986,0.7745918484001069,2.8665486634907617e-05,1.9946245962997029e-07,1.8750012097753912e-05,1.5125756498427664e-05,5.063062402495345e-06,1
0.26558572636146444,0.7343533129380114,2.511326940672701e-05,1.7844881770286864e-07,1.6133871267834354e-05,1.5005449152888425e-05,4.529661879018485e-06,1
0.23904755711028747,0.7608861255623418,2.813822239655431e-05,1.8833592952496877e-07,1.7027782426237524e-05,1.618235488652938e-05,4.780631731834944e-06,1
0.28719103610844754,0.7127497042945516,2.1921916332148573e-05,1.7022634905516162e-07,1.8220179169366333e-05,1.4626328594850765e-05,4.320946555126796e-06,0
0.2125998926272082,0.7873219580410312,3.648721770740792e-05,1.8404289334660875e-07,2.1230691987880146e-05,1.557571987593856e-05,4.6716592960817194e-06,1
0.23838756156793842,0.7615483531480471,2.606224043855781e-05,1.813483457494134e-07,1.9075854111821057e-05,1.2633907881640201e-05,6.131933236310097e-06,1
0.4534677661352642,0.5464413695504793,2.4002367269153856e-05,2.0838471768974888e-07,4.0417350929859495e-05,1.3606197884133059e-05,1.2630013455824389e-05,1
0.18562486126872266,0.8143180319097909,1.9643020242754384e-05,2.2508736594740832e-07,1.7684935329617948e-05,1.2814478941330204e-05,6.7392996068077785e-06,1
0.2641151948410927,0.7358119269279847,2.6446070086351863e-05,2.397326021015274e-07,2.1382970929201868e-05,1.666092608942869e-05,8.148531215390397e-06,1
0.2658327816032057,0.7341025440776023,2.308588345349627e-05,2.2970927376273315e-07,1.939019880028186e-05,1.4875222076515867e-05,7.09330558798994e-06,1
0.8907034868497192,0.10927326334744776,8.68916118175331e-06,8.855748496984912e-08,5.975478924119656e-06,5.76199512963148e-06,2.7346101126234813e-06,0
0.511386575405977,0.48855883409661033,1.821725954579972e-05,2.1126408103500208e-07,1.6717263220910728e-05,1.2924401247119064e-05,6.520309317736083e-06,0
0.41379718779795976,0.5861540920116661,1.6371247296922956e-05,1.765014797307437e-07,1.4338842421378892e-05,1.1974013324222713e-05,5.85958585179736e-06,1
0.3255833192288529,0.6743388685370758,3.776005118647917e-05,2.0184160846840742e-07,1.6376685058435252e-05,1.647683804197862e-05,6.996818175693384e-06,1
0.3962070267893862,0.6037277461796684,2.4790463642487553e-05,1.960969414375333e-07,1.572754340339602e-05,1.771524706216902e-05,6.797679895930725e-06,1
0.36796321648752395,0.6319259618958908,5.5253097224323543e-05,2.232759679893324e-07,2.2210356458291424e-05,1.7949346710685122e-05,1.5185540223950502e-05,0
0.7436727041366952,0.2561653161345586,1.7819879532566112e-05,1.8637286092007455e-07,0.00012172909588345279,1.0423920922346003e-05,1.1820459547087199e-05,0
0.7335687560359354,0.26606088609789336,2.0732850460297527e-05,2.168387641595522e-07,0.00031209021273777147,1.255630364033121e-05,2.47616605686363e-05,0
0.013151408464770531,0.005330262688571939,1.6075419367828424e-06,1.296987483182238e-08,1.2713893585087946e-06,1.11143524067711e-06,0.9815143255102469,6
0.5116710318249337,0.2744774131972589,3.57339659409651e-05,2.867622624551096e-07,3.396864604257966e-05,2.9165298756419004e-05,0.21375240030480494,6
0.5096507093784087,0.3082415740651029,3.7640926836633895e-05,3.055015465990719e-07,3.618842246897478e-05,2.5286024171029546e-05,0.18200829568146493,6
0.517711996349921,0.3131171167443627,3.823630384194384e-05,3.1033374950207507e-07,3.5878945508210156e-05,2.5685980245769198e-05,0.16907077534237072,6
0.6165033454673265,0.3057311284599255,4.2570965601167256e-05,3.8944230361119887e-07,3.994636514423408e-05,2.8597873528648904e-05,0.07765402142617027,1
0.6601398231250024,0.2742282721153434,4.558416415552851e-05,4.1700726413481464e-07,4.277379289939152e-05,3.0622048220424465e-05,0.06551250774711484,1
0.7491250562900038,0.25081639007962514,2.017333405788074e-05,1.98459937313124e-07,1.6455757050209824e-05,1.8243200474184712e-05,3.48287885128724e-06,0
0.7574199387012118,0.2425323976428711,1.5912641628148185e-05,1.7908936703025605e-07,1.4454729310687624e-05,1.3974261186468519e-05,3.1429344247749555e-06,0
0.7919168207958237,0.20804974284255107,1.3481607469736167e-05,1.7124728753120002e-07,7.747674401630846e-06,9.10666393185587e-06,2.9291685345512213e-06,0
0.8534812280514725,0.14648500274080323,1.2197174873114277e-05,1.377287108444721e-07,7.411236775448639e-06,1.068760495725907e-05,3.33546240770416e-06,0
0.6498703917420872,0.3500900432747274,1.4855036041834293e-05,1.3925319191026736e-07,8.892010520912287e-06,1.2769899703171123e-05,2.908783727712485e-06,0
0.6913116465113195,0.30865059486656293,1.3805569483760849e-05,1.2941534516231942e-07,9.252608789444665e-06,1.1867742168804396e-05,2.7032863301763482e-06,0
0.7036232627270955,0.2963428605752412,1.2233214597020893e-05,1.1467586986400106e-07,8.10448162510154e-06,1.0498988481977547e-05,2.9253370893863063e-06,0
0.6951337921478992,0.30483103363912845,1.2826779972611194e-05,1.1717124080223887e-07,8.59661582627626e-06,1.1122017636503124e-05,2.511628296168898e-06,0
0.6129657084105014,0.3869924371443652,1.6267853906163655e-05,1.435764653451389e-07,1.2497959136283728e-05,1.032852639792762e-05,2.6165292279324843e-06,0
0.6464294565756942,0.3534886874293011,1.1648660687965748e-05,1.1030177899522793e-07,5.766962806146289e-05,9.804748567015264e-06,2.622655909127223e-06,0
0.5462512240969062,0.4532854315853299,1.3008632230248526e-05,1.2317942085594822e-07,0.00043704900410010134,1.02707514859385e-05,2.892750526763549e-06,0
0.5520592986664565,0.44737959168027575,1.239561961895966e-05,1.1921307443744673e-07,0.000535820244077006,9.940035867302729e-06,2.834540629957743e-06,0
0.5811568432840178,0.41824879754151706,1.1807267706922183e-05,1.1355468522890271e-07,0.0005635396708002983,8.708223241371099e-06,1.0190458031361876e-05,0
0.27460115837392685,0.716774288104033,1.8575964247362445e-05,1.9658745339351437e-07,0.0085851525356122,1.5459608533878086e-05,5.168826193438799e-06,1
0.32472034284652973,0.6272591091793884,0.0001292867130345192,2.492318652799634e-07,0.04765883678953212,0.0002257030128840338,6.4722267658078315e-06,1
0.22020605232745286,0.774251531441525,1.5818120617902812e-05,1.909428053167348e-07,0.005492005125960392,1.6384441929798587e-05,1.8017599708750643e-05,1
0.20354491919826534,0.7915548133629108,1.434212994636539e-05,2.132456704709363e-07,0.004858522149910833,1.590194558630169e-05,1.1287967709726193e-05,1
0.2091586096380719,0.7866049319684357,1.5921112597866536e-05,1.9398935137576277e-07,0.004186909463848325,1.897076708633145e-05,1.4463060608571981e-05,1
0.23904060291497156,0.7560699516181314,1.4614397107569646e-05,2.1188936028230206e-07,0.0048449399145003074,1.5777642521515212e-05,1.3901623407329354e-05,1
0.22344827167920683,0.7716887726230433,1.8190448433991428e-05,1.8674160714450178e-07,0.004816118203237941,1.840653013303561e-05,1.0053774337877991e-05,1
0.14460753343502383,0.6091350766960637,9.075078852106769e-05,1.2798983676095702e-07,0.005387203797122729,0.2407763879054356,2.919387996257586e-06,1
0.13459325583526152,0.8512696172300426,0.00019383463006940132,1.9118095131112632e-07,0.013469831637368401,0.00046725005592062853,6.019430386265214e-06,1
0.6168192227274515,0.37088790670179855,0.0007353480499633199,3.0210050107177445e-07,0.009822158984404231,0.001726046814933518,9.014620947979212e-06,0
0.6472083470847387,0.3473479933448024,0.0005943152378812211,2.932433854208659e-07,0.0030584640907180957,0.001781836672156642,8.750326317543014e-06,0
0.7947024012422474,0.200654663232775,0.00045748150124673507,1.8628159734613228e-07,0.0028820376885816848,0.0012976714464534803,5.558607098306358e-06,0
0.10266962790690001,0.38261829301091976,0.0027457092980659992,1.1507470806631147e-07,0.5116215680269949,0.00029719419394217756,4.749248846911936e-05,0
0.019004646201320034,0.0566383375101361,0.0004322294247372451,1.9509157490528284e-08,0.9238916095547348,2.310375080196981e-05,1.0054049112481244e-05,4
0.012711292250878466,0.04850542358820323,0.0006487563669915101,1.7502198511768122e-08,0.9381030317388958,2.5836352127292268e-05,5.642200705277651e-06,4
0.06444266212059878,0.3570502872228036,0.0010959605178128533,8.170012870101922e-08,0.5773263676265733,8.055289053174128e-05,4.087921550965461e-06,1
0.11404632707996892,0.8563744076916853,0.0032896155628222086,2.0111156631071656e-07,0.026009340105034896,0.0002693400448993941,1.0768404022968089e-05,1
0.3948493302273321,0.5724325583937984,0.0012290974887820521,4.5700566167695124e-07,0.019628235192399212,0.011849925354262571,1.0396337764095164e-05,0
0.164194552734774,0.8068681236836264,0.007637352570469827,2.2582099756531012e-07,0.009899338344429917,0.011396180242091113,4.22660361113333e-06,1
0.03530576253101283,0.9551745291481211,0.004528595837240836,6.718251178256433e-08,0.0047561438453045685,0.00022744561506227387,7.455840746451925e-06,1
0.042773030284977205,0.9529622265227657,0.0005674672758624105,5.0300191877615567e-08,0.003456238821044301,0.00023495565117406713,6.031143984582736e-06,1
0.030938000405976693,0.943924930000246,6.681061351443632e-05,6.46323829737521e-08,0.024996478296352268,9.011583653352606e-06,6.47044678743445e-05,1
0.04169295708666936,0.7454334156593402,2.490646663551246e-05,6.675115889061327e-08,0.2128392267739154,7.194346889028219e-06,2.2329153914907924e-06,1
0.07366179648577054,0.9139182738686873,3.312876755287627e-05,1.7477977906782426e-07,0.012363019134026683,1.622843201157256e-05,7.378532171705188e-06,1
0.06794024445274015,0.9142195595637065,3.286011270941129e-05,1.73362417733408e-07,0.017786590889540255,1.586916558066683e-05,4.7024533056402584e-06,1
0.07042084667201702,0.9063105025571045,3.487440399623623e-05,1.6731199031790716e-07,0.023213674098776203,1.5396620574295086e-05,4.538335541406545e-06,1
0.03619107316811902,0.9243022445012629,0.005783908703756498,1.8705611366858387e-07,0.03232942506923406,0.0013883456405745075,4.815860939460895e-06,1
0.018607401602820376,0.9704796827967038,0.0014529694873938808,1.1642438324383929e-07,0.008794637765948259,0.0006621444222468135,3.047500503436251e-06,1
0.010535839832624825,0.8779608769740196,0.05622460484022714,2.2365016087987296e-07,0.04568371030699874,0.00958992484634827,4.8195496205751525e-06,1
0.010187190097141627,0.8843042211815225,0.0392240518267929,1.954626937600407e-07,0.06066044588656607,0.005620186522530878,3.7090227522961167e-06,1
0.010201881716461785,0.8944734568667078,0.03530486951801123,2.2828719274408024e-07,0.05594433576964902,0.004071476812276024,3.7510297014047875e-06,1
0.010035483582020721,0.9031487774977165,0.030032489086006243,2.16642381500136e-07,0.05309064423148317,0.0036888292687692593,3.5596916227406264e-06,1
0.009037593642339047,0.9137594288899826,0.02462171564019486,2.216031771589303e-07,0.04986424401107064,0.0027131550098485916,3.641203387089132e-06,1
0.03058130313194849,0.8538923985792619,0.0478780813776607,1.7808944585383134e-07,0.05806825725530534,0.009576748301921753,3.0332644559434792e-06,1
0.03395057090414927,0.8955542837744173,0.03316795271220685,2.1183128541869076e-07,0.023946703303613388,0.013376939500642986,3.3379736848160043e-06,1
0.0002519826360329989,0.022531819385447634,0.9397637444075597,1.3915120261776602e-08,5.613857890462797e-05,0.03739328191818674,3.0191587478664908e-06,2
0.00043148553185039067,0.0503643346245505,0.7996243797799967,3.698200470502792e-05,0.00011599118093883102,0.14942424422356473,2.5826543940843965e-06,2
0.0006296063715594044,0.095214346016373,0.8788662566174766,0.0004294976816481156,8.017190607788812e-05,0.0247722646403594,7.856766505420895e-06,2
0.0005383497894902568,0.07808461789345754,0.9068918706693143,0.0003142209023335053,6.855160733707957e-05,0.01409359071945223,8.798418615206392e-06,2
0.00030858623738534344,0.045352103071411735,0.9455793490343517,0.00037694069410637994,3.806519406506678e-05,0.008334579499585987,1.0376269093555585e-05,2
0.001524408841396579,0.6014811360191638,0.2126921893383092,0.0040545086660391284,0.00016019798587190947,0.18007890072647292,8.658422746386756e-06,1
0.0014383789850545804,0.45485880822373465,0.37907797805610777,0.0016875833240391736,0.0001017746624640101,0.16282772215549526,7.75459310454645e-06,1
0.0007732468060091998,0.6580679261377972,0.07337640426277997,0.00020906196986485295,0.00012132702972781244,0.2674485215663879,3.512227432894982e-06,1
0.0006813470945131693,0.7451027797408203,0.1825495074079523,0.0012207182337304339,0.0004182121441990268,0.07002377920766967,3.656171115206742e-06,1
0.0008739848324753803,0.7437479235220916,0.1878417563692744,0.0011316355724563945,0.00043860028627616573,0.06595925992823866,6.839489187393755e-06,1
0.001027096833668444,0.7560753746614104,0.1603160239048393,0.0007635686172826972,0.0004635570067298034,0.08134433533265026,1.0043643419149398e-05,1
0.006747370854925719,0.7797080658468568,0.07896619333197233,0.00012594761120467534,0.0011615769165877737,0.13328646571017924,4.3797282734482305e-06,1
0.005585852014492685,0.5964058447737952,0.2850138343222789,8.509554755785902e-05,0.0011812524883488666,0.11172444233131734,3.6785222090643283e-06,1
0.0020313499693402344,0.6528691497450418,0.3324939338676326,0.00010559377440168137,0.001578681060543022,0.010917359822987183,3.931760053448185e-06,1
0.0017953662695486248,0.627720717717742,0.31530763616284413,9.038480510667238e-05,0.001591139769201786,0.053491103397959865,3.6518775969345363e-06,2
0.712517980952691,0.03925474044224024,7.2193322380906155e-06,1.3229879334008627e-07,7.579050464393086e-06,4.460473108570402e-06,0.24820788745046435,0
0.9180527843730903,0.060530466267219904,3.985613467050241e-06,1.220583532062204e-07,6.680774331438453e-06,3.7807918744666006e-06,0.0214021801216634,0
0.9139078676499044,0.06398404506795198,1.730513825618842e-05,2.9531202913020857e-07,1.612205342695831e-05,9.14737329186606e-06,0.022065217405139306,0
0.6630022695948248,0.33372607681581073,6.834915250843086e-06,2.424859767679205e-07,1.604439167664119e-05,7.471264751111218e-06,0.0032410605317092977,0
0.5828553185475159,0.4169039411724835,1.2524406185031255e-05,2.475964273226585e-07,1.5048240440391701e-05,7.628723461098615e-06,0.00020529131348651788,0
0.5711837284466506,0.4287157743254654,1.2740474488730382e-05,2.380435065699517e-07,1.4411641227481824e-05,8.025671534249376e-06,6.508139712677462e-05,0
0.5955045797464165,0.40445233041904566,1.1515872949354843e-05,2.422733630747357e-07,1.5115680439572737e-05,8.168281763083443e-06,8.047726023069508e-06,0
0.533995478679132,0.4659624824678689,1.124269721712794e-05,2.544224057371801e-07,1.5029249076922849e-05,7.655663773302084e-06,7.85682052604102e-06,0
0.7805109557872733,0.2194580415730857,7.803309759113631e-06,1.930384419677035e-07,1.0914712245253023e-05,5.808597724500096e-06,6.282981470445769e-06,0
0.7964661791362339,0.203501771897935,8.021238330211274e-06,1.844719506293701e-07,1.1021381615077986e-05,6.363423181133197e-06,6.458450754167084e-06,0
0.8127684868067814,0.1872014188519766,7.485750297882342e-06,1.7215682947278437e-07,1.0470532756408689e-05,5.938608854733352e-06,6.027292503549295e-06,0
0.8511893827775366,0.14878007725692302,7.361709585902533e-06,1.8211412753692261e-07,1.1462032859553282e-05,5.606690173656714e-06,5.927418793673838e-06,0
0.836800285447525,0.16316832240745044,7.237262126981965e-06,1.790355436643794e-07,1.0108432471809153e-05,5.5119107834994805e-06,8.355504098464413e-06,0
0.8723297703252727,0.12761915008510535,6.212385258068732e-06,1.536821179910378e-07,8.380461566622277e-06,4.731362868223438e-06,3.1601697810893756e-05,0
0.8794608775539023,0.12040756816715009,7.730012664937677e-06,1.569793632595987e-07,6.058935446454833e-06,5.415056954282667e-06,0.000112193294518852,0
0.8573821494899265,0.14187826564418798,7.6114320397780925e-06,1.1932206955493094e-07,6.000272710473363e-06,5.362628262932344e-06,0.0007204912108028947,0
0.9074261642463772,0.09141632056846387,7.831796843809954e-06,1.20663929573852e-07,5.450353986184424e-06,4.24728524573954e-06,0.0011398650851537392,0
0.9106303543576015,0.08618750491771214,1.0060072169218344e-05,1.1560669118737192e-07,9.563161153138564e-07,4.989076445142102e-06,0.0031660196532653697,0
0.9505149753188366,0.0013014854356848168,1.0404587807059207e-05,1.4129968160296703e-07,5.940938469164381e-06,5.6799745733570886e-06,0.04816137244494748,0
0.9750954342422143,0.000958307758048933,9.1476277723433e-06,1.525228132578031e-07,8.648254927784009e-06,6.131122811695153e-06,0.023922178471411544,0
0.9751576389448423,0.002334275106189163,2.081741099550694e-05,1.8063657781556618e-07,1.855982963153081e-05,8.191390011015616e-06,0.02246033668175257,0
0.9603057686819074,0.0022799778611336695,2.889778343204736e-05,2.266627763372695e-07,2.2400542895866272e-05,9.407693744595988e-06,0.03735332077411013,0
0.9496429955603615,0.005896982703266936,3.0124346615232472e-05,2.0511775013573654e-07,2.2261288767761716e-05,1.0059960633027809e-05,0.044397371022605485,0
0.9269987399154002,0.01147946257317168,2.2946682530499566e-05,2.6452586311933617e-07,2.4394830610311983e-05,1.178670435829413e-05,0.061462404768066255,0
0.9117016422715939,0.0057346866277156825,2.597948188458473e-05,2.3913391705548364e-07,2.170290735799888e-05,1.0655293774061908e-05,0.08250509428375681,0
0.8983589991048258,0.006421907123923586,2.5411257463954217e-05,2.3390356904178506e-07,2.1228220371773263e-05,1.0970495634040953e-05,0.09516124989421189,0
0.9252510820303729,0.011621584605740469,2.06717824217155e-05,2.602850135295895e-07,2.2891456993054074e-05,1.2207832553519296e-05,0.06307130200690454,0
0.8628961061096235,0.03951206511907966,2.089640909837888e-05,2.5676864792374947e-07,2.2530715223337826e-05,1.2789796147842635e-05,0.0975353550821792,0
0.7960055594789059,0.1950958352545087,2.2554678872575073e-05,2.582603403706343e-07,1.780038157298971e-05,1.229568302061956e-05,0.008845696262778967,0
0.7280491299971376,0.26510558513240556,1.68602181673106e-05,2.3454612528158887e-07,1.5750657668401444e-05,1.0769627130566871e-05,0.006801669821365275,0
0.7203832347691934,0.27584860107681525,1.6682690771609445e-05,2.49635996901615e-07,1.613621068107604e-05,1.0230151578607932e-05,0.0037248654649630537,0
0.760398187836919,0.23803436679780784,1.818222666920665e-05,1.9448726784633446e-07,1.2262090598091021e-05,8.406022741056744e-06,0.0015284005379970764,0
0.7372698785273482,0.25372327281220347,1.907936523739234e-05,1.416020485516543e-07,1.646297955641275e-06,9.959636716446014e-06,0.00897602175849038,0
0.6326271167844383,0.34539724496651547,8.86906353130225e-06,1.6097851161027726e-07,1.3011398136153394e-05,9.947961437675905e-06,0.021943648847429418,0
0.3358776828528231,0.6640443441480643,1.3419584109269585e-05,2.1498410796557394e-07,3.292318090776163e-05,9.764350910881677e-06,2.165089907655945e-05,1
0.461950080960461,0.537984854656422,1.4234845243582784e-05,1.563197722473706e-07,2.4144698228440646e-05,8.826829497789416e-06,1.7701690375047415e-05,1
0.47025857571225216,0.5271048476561385,1.8038343943351016e-05,1.8813403379965847e-07,0.002594179372147035,1.1648676958645813e-05,1.2522104526642112e-05,1
0.38902653457608166,0.6109097667497091,2.7519630122181272e-05,1.9504463190721016e-07,1.2830395556815991e-05,1.8202681582157314e-05,4.950922316158779e-06,1
0.3840616719862863,0.6158664206564817,2.9029218141277678e-05,2.1689633017716392e-07,1.8989943956069056e-05,1.8165703132016274e-05,5.505595672471146e-06,1
0.22390675146014385,0.776025410800429,2.8679843663867755e-05,1.9956235984606776e-07,1.875940298897159e-05,1.5133332191345689e-05,5.065598223165874e-06,1
0.21891576801323898,0.7810150637073451,2.9979161488959902e-05,1.9331828121798724e-07,1.7478245600278177e-05,1.6610452613125068e-05,4.907101432347654e-06,1
0.300366997021466,0.6995707780369559,2.5708827380586625e-05,1.8013246551263332e-07,1.6286092825661338e-05,1.5477490093702442e-05,4.572398812777735e-06,1
0.3217721440676246,0.6781663306147842,2.3901394695920238e-05,1.8559723952810737e-07,1.6780172649828467e-05,1.594703890850446e-05,4.711114097384217e-06,1
0.303013188209617,0.6969241319839474,2.3711885858959864e-05,2.473130972579543e-07,1.8322452128594277e-05,1.541345139665587e-05,4.9847039541056306e-06,1
0.2648071841624986,0.7351289519988125,3.0408386069461628e-05,1.6805814322128945e-07,1.5657889639651216e-05,1.1946953337144511e-05,5.682551499395304e-06,1
0.1013937106163627,0.8985650382107088,1.2448718504206708e-05,1.2738658773074648e-07,9.680365837738305e-06,9.963485413205697e-06,9.031216585922412e-06,1
0.3576863990049258,0.6422351390027148,3.0354463579582898e-05,2.388128060909018e-07,2.055692536121079e-05,1.9194523340595347e-05,8.117267271985655e-06,1
0.1885798029597278,0.8113642032121424,1.913964265605803e-05,2.2486249449069395e-07,1.7207289965634362e-05,1.2627428799910253e-05,6.794604213583822e-06,1
0.2562307191870123,0.7437008478454263,2.565659110212528e-05,2.3257600565543451e-07,1.794607832844121e-05,1.6692444221972058e-05,7.905277903050998e-06,1
0.16656169255747746,0.833396310737573,1.7958468841922587e-05,1.3985572082948332e-07,1.2038733020605602e-05,7.105939706652929e-06,4.753707659450251e-06,1
0.2426485515331873,0.7572886777334079,2.517504692986367e-05,1.9251872853603254e-07,1.6571946864708765e-05,1.4287493181609179e-05,6.54372770024314e-06,1
0.28783033177323225,0.7121045713462792,2.5445109565019212e-05,2.0287169899430567e-07,1.7463127050818764e-05,1.509014614063232e-05,6.895626032850926e-06,1
0.30911091144007113,0.690806725374976,4.318100252469496e-05,1.9813105290035605e-07,1.6075624239554034e-05,1.617393606054641e-05,6.734491075239663e-06,1
0.3282380228445421,0.6716800521208164,4.288168072466193e-05,1.9675764932171854e-07,1.596419132918365e-05,1.6061821672917427e-05,6.820583265399339e-06,1
0.3297960572008989,0.67012106814605,4.337873554601573e-05,1.9903832807732877e-07,1.6149237207402257e-05,1.6247999214639966e-05,6.899642755121297e-06,1
0.38356140900328967,0.616371351955738,2.5483644387247615e-05,2.0158012343328557e-07,1.6355469125307396e-05,1.821059351188676e-05,6.987753824391909e-06,1
0.3328773495209251,0.6670595530615782,2.3913966142149264e-05,1.8916369156077806e-07,1.534804555259345e-05,1.7088902593917348e-05,6.557339516549048e-06,1
0.2943103135282889,0.7056090969374229,3.756350376081632e-05,1.6974683524577934e-07,1.5326430495041028e-05,1.539305969784595e-05,1.2136793499253543e-05,1
0.3063515661755258,0.6935257505573993,6.003442876706135e-05,2.425971731726095e-07,2.286514091570846e-05,1.9345036576348743e-05,2.01960636424299e-05,0
0.270396661714789,0.7294708437665353,6.314598322059804e-05,2.551708634717134e-07,2.4050229747369863e-05,2.034768015852594e-05,2.4695454685695944e-05,0
0.24554263936650694,0.754331099469839,5.187313722097056e-05,2.5982539431432624e-07,2.4207197582574553e-05,2.0578917599257765e-05,2.9342085857080466e-05,0
0.691080879125496,0.3088408663432526,2.1902349670644597e-05,2.0544392473562123e-07,3.26321816977125e-05,1.2492879298097441e-05,1.1021676660156053e-05,0
0.02921966484351204,0.013676769601130517,4.34775778548647e-06,3.226157052441588e-08,3.7298912306895537e-06,3.494022546782802e-06,0.9570919616222241,6
0.07076150501707591,0.02815921222786673,9.800573582845414e-06,7.272297846907703e-08,8.407798977304958e-06,7.3963267528595626e-06,0.9010536053327659,6
0.3378227120901177,0.36413431624959147,3.3984007451889595e-05,4.38248866359656e-07,2.4177844731502818e-05,2.261797164645121e-05,0.2979617535875945,1
0.651005601526234,0.34889235369186905,2.4219226789435027e-05,2.458645306163947e-07,1.7686337246598133e-05,2.2224318144061364e-05,3.766903518615959e-05,1
0.6679193857276133,0.332007118743431,2.4133061798479573e-05,2.455915041689414e-07,1.7925033009822508e-05,2.2998579001951438e-05,8.193263641307325e-06,0
0.8889392403242095,0.11102713659030118,1.2215921750960475e-05,1.1661113700482864e-07,6.518367484946657e-06,9.015568902226645e-06,5.756616214096268e-06,0
0.836862533216629,0.16310025315133433,1.5065730114083336e-05,1.4294444422846473e-07,8.773294520761505e-06,9.965376901168065e-06,3.266286056646786e-06,0
0.862253000336872,0.1377086766365999,1.3271352853754515e-05,1.4985817115230187e-07,8.349243727741429e-06,1.2923362634394103e-05,3.629209140933891e-06,0
0.7133279653621472,0.2866359990767032,1.2977641787106408e-05,1.21381255878394e-07,8.578371012706002e-06,1.1011328353023296e-05,3.3468387410144607e-06,0
0.6334486747091385,0.3665149990170485,1.3371486228768909e-05,1.2633119339349496e-07,8.65924066029111e-06,1.134549927084502e-05,2.8237164597401317e-06,0
0.6230284997185459,0.37659273902111157,1.3471040936103195e-05,1.2727176684735837e-07,0.00035031207356320325,9.760151734791081e-06,5.09072234149724e-06,0
0.605471745455975,0.3941416781717767,1.3718141939191074e-05,1.2960632892032065e-07,0.00035673789211589384,1.0806629760843996e-05,5.1841021035358624e-06,0
0.5405360072335903,0.4589884465285459,1.4145199801152419e-05,1.3394163879474516e-07,0.0004451423891556194,1.1168109706319802e-05,4.956597561901058e-06,0
0.29439216320731415,0.6682632166792971,2.713822858158236e-05,2.87200985931154e-07,0.037286353187750164,2.338326071974929e-05,7.45823535133431e-06,1
0.4577869109162481,0.5087365610549144,0.00013696902642411335,2.785882427979578e-07,0.03300639493886805,0.0003262812284681507,6.604246834334332e-06,1
0.2317101536468337,0.7589970074011064,1.9410733215254007e-05,2.007230479348615e-07,0.009249428346875888,1.6012146704137897e-05,7.787002216647906e-06,1
0.23830702149033692,0.7572083407661294,1.9424835501934892e-05,1.8673968203320814e-07,0.004431417846805462,1.5987333756632206e-05,1.7620987787586648e-05,1
0.22236529022810875,0.7731225926788637,1.601775193243874e-05,1.9112702150157917e-07,0.004467160794381376,1.8120899997437425e-05,1.0626519694754725e-05,1
0.17363602014187568,0.8194195039393124,1.9035527453008482e-05,1.9109077495412785e-07,0.006897065333884155,1.883521386113251e-05,9.348752838735145e-06,1
0.16333719790553597,0.8246231768795966,1.8965212298226608e-05,1.9038490654825062e-07,0.01199653325138464,1.4622146708914457e-05,9.31421956906369e-06,1
0.1424664953779094,0.8485756330342193,1.8997755320848897e-05,1.6848772659254018e-07,0.008919877571906796,1.2024840259884904e-05,6.802932657168383e-06,1
0.15577631799358357,0.8305745590004249,0.00014607325654623492,1.7143132400418827e-07,0.01312770724239114,0.000370337183785374,4.833891944802725e-06,1
0.16135617253129844,0.8254699558682557,0.00017008802381709965,1.9289951014279764e-07,0.012548847545876362,0.000450652678114552,4.09045312786308e-06,1
0.15067172364005965,0.8342325186383318,0.0001916262107581175,2.0168903627673996e-07,0.014445177682280454,0.00045240185669837224,6.3502828352654e-06,1
0.24577780731624563,0.7277107529985174,0.00021995465964764105,2.610242194094934e-07,0.025697396971709363,0.0005856085481274855,8.218481533276173e-06,0
0.7775198451117558,0.21833301721539067,0.00040780476917970176,1.6416177951684146e-07,0.002442138537522118,0.0012913568851063515,5.673319265907761e-06,0
0.18089300743886602,0.3283704194162542,0.002683062259260289,1.4311665134615828e-07,0.4874118819454143,0.0006014799344183532,4.00058891354648e-05,0
0.13202748654933572,0.19814595938103544,0.002911537122878407,8.262728688432068e-08,0.6666260037793832,0.00024934378143576604,3.9586758644630166e-05,4
0.042883144642418755,0.06623557092518888,0.0009165600881182911,2.6708083871471145e-08,0.8898735193235594,7.838246140613148e-05,1.2795851224797946e-05,4
0.1206199232453144,0.1672503615391307,0.002140260324591425,6.744014765972559e-08,0.7098398620953067,0.00011721475995374019,3.2310595555454325e-05,4
0.13075746507695765,0.8449001796385218,0.0036334263035948163,1.6786197955056424e-07,0.02035512606796107,0.00034523596257858953,8.399088406624685e-06,1
0.0532375846896942,0.9333548312036924,0.0033270895686872293,1.503591624252087e-07,0.009462171911790723,0.0006109800455822427,7.192221390795207e-06,1
0.060268674814370114,0.9239083827212605,0.0039058460882532083,1.9708993089324933e-07,0.010803736778760478,0.0011039931594156681,9.169348008784987e-06,1
0.047423244355471766,0.9367446068073862,0.008694290518713236,2.073167395504075e-07,0.006444858204527008,0.0006889125305374456,3.880266624801884e-06,1
0.05169436393163984,0.9439163997367083,0.0008145154270456713,6.079149425300428e-08,0.0033651966098736446,0.00020217442060914908,7.289082629542905e-06,1
0.0387133633731817,0.9421913250151276,8.278823601893562e-05,9.244800159207246e-08,0.018883237621332215,1.2889868230149727e-05,0.00011630343810788734,1
0.03269968456758081,0.9601836832834816,6.0754610702637326e-05,1.0091290316159017e-07,0.006975863817643763,9.88209959676615e-06,7.003070809122905e-05,1
0.0066401857464214635,0.15101962070409547,4.6389093060401335e-06,1.4388092948319914e-08,0.8423337271242157,1.3583331194355572e-06,4.54794748962624e-07,4
0.0671172753527045,0.922739484153989,3.597098155341135e-05,1.8352519925100154e-07,0.010082998899488545,1.7040450756602856e-05,7.0466363087887965e-06,1
0.07907970467129839,0.8695508193483388,0.00968571925397814,1.8074645563866234e-07,0.04126435974637536,0.0004143134883167435,4.902745236904927e-06,1
0.031696624457021906,0.9545192268714364,0.0021365062393566355,1.1564286403800528e-07,0.010893603140218346,0.0007502207846636327,3.7028644391128832e-06,1
0.025662681927438983,0.9590083467473007,0.0051917738896710966,0.0,0.009641276447779932,0.0004922484087193316,3.672579089872742e-06,1
0.01608574597564633,0.9684708961637611,0.002235738741661193,1.2193254241802346e-07,0.01233987230999083,0.0008645836838868608,3.0411925112302242e-06,1
0.010477417226475357,0.9141404242842567,0.030949615338605425,2.085498270156447e-07,0.03915366667546496,0.005274332242659991,4.335682710908284e-06,1
0.008259805691876058,0.8854637026988075,0.041376036421646376,2.1640744164765754e-07,0.056759320424357475,0.008136811893868674,4.106462002527909e-06,1
0.009799757874218655,0.8866477284813948,0.03912015888900561,2.098888593693815e-07,0.059400571577526234,0.005027590521031315,3.982767963948242e-06,1
0.007982022229445706,0.9121154022579884,0.030280873976201616,1.9582729674070854e-07,0.04567616397424796,0.003942006354803929,3.3353800156951217e-06,1
0.007710650544547458,0.9245700875498012,0.022801278015848667,1.891695874612786e-07,0.042378630472481624,0.0025359422635051468,3.221984228435079e-06,1
0.007711148172421743,0.9246297572034363,0.022738211829673446,1.8918179603682537e-07,0.0423813654930451,0.0025361059274593887,3.22219216797965e-06,1
0.0075378200826470235,0.9236788583101256,0.03285971378064047,1.937289681560219e-07,0.0334676195143656,0.002452494942500198,3.299640752863993e-06,1
0.007729977271779295,0.9602079660513627,0.01603832356966107,2.2685722500931964e-07,0.01244167811785784,0.0035786221119676314,3.2060201466125458e-06,1
0.008289712105633302,0.9576610707312792,0.016684089649058223,2.432841673772816e-07,0.013342591586205089,0.00401885447261402,3.43817104318093e-06,1
0.037799268429194205,0.9018895113008145,0.01982108535450526,2.80065486723322e-07,0.018290136714158738,0.022195763650561372,3.954485279401213e-06,1
0.056173110131755376,0.8645523204574621,0.03027190440962577,3.3347177331097397e-07,0.024892542394175435,0.024105080560674137,4.708574534058256e-06,1
6.427514031239036e-07,0.0001193405712812949,0.0008450217073043316,0.9989362323595329,1.737768815668125e-07,9.858482301613532e-05,4.010580739949554e-09,2
0.0009671029668913067,0.2021874976050872,0.7554799142872031,0.0014166738189120961,0.0001579325119485781,0.039785151173979426,5.727635978276544e-06,2
0.00035018068199808817,0.04946892716149976,0.9369465972643272,0.00019906828450343597,4.342948152463015e-05,0.012987196832350386,4.60029379680534e-06,2
0.00034158550007405816,0.04922981027381557,0.9411415674155871,0.0002834292757223057,4.362392737587979e-05,0.008954384591011215,5.5990164140869595e-06,2
0.0012481001937360292,0.6559626217737884,0.10613733374527186,0.0011774448823871136,0.00011112160715759973,0.23535628876825065,7.0890294084842515e-06,1
0.0007008502531881399,0.836490772305464,0.10265674158256571,0.00016453423096078645,8.167982575647008e-05,0.0598902821477084,1.513965435636657e-05,1
0.0006090152144747381,0.8709135833821037,0.04755526712059303,9.473706242446012e-05,6.975336700073944e-05,0.08075458448192102,3.0593714822740808e-06,1
0.0023535186932127938,0.7338660115799907,0.08686165449410373,0.00014266778176248599,0.0005148043832375562,0.17625741672742765,3.9263402649527684e-06,1
0.0008362333595293755,0.2408820757286843,0.09001910373943672,0.0001887347104364353,0.0003250561435111257,0.6677427350474774,6.061270924691295e-06,1
0.004751844541341731,0.6220631927543355,0.2449323837740244,5.336260338760757e-05,0.0011417070212044055,0.12705356817906685,3.9411266393727055e-06,1
0.005213810428212896,0.6445068034444795,0.22622170986083967,0.00023448345588966484,0.0013434602268816746,0.12247580546742717,3.927116269407594e-06,1
0.00237124295224799,0.6251475427716592,0.35906103257281785,0.00018421549312612386,0.0007770559096005477,0.012455356215036581,3.5540855115596127e-06,1
0.0019237003041970178,0.6271442636637564,0.36050195631837717,0.00015796330622141436,0.0009085986946759865,0.00936018746132151,3.3302514505492513e-06,1
0.7829525224283209,0.048665368994214975,9.424844161345096e-06,1.533892647573662e-07,8.9904940040989e-06,5.171541427704842e-06,0.16835836830860607,0
0.9037005746782516,0.07292766167639782,9.020399297906827e-06,1.2997466085337427e-07,1.0405484808882446e-05,5.555418137038189e-06,0.02334665236844602,0
0.9102574412367351,0.07831199635645716,8.755867438090423e-06,1.49418799298696e-07,8.840878511595124e-06,4.628289399633443e-06,0.011408187952659025,0
0.8400735570878619,0.15261120134708214,1.1380387210229681e-05,1.9420620567065225e-07,1.1164081356999563e-05,6.015591928641315e-06,0.007286487298354217,0
0.5437559778940743,0.45504957440336374,1.3178806967811485e-05,2.5560365867895167e-07,1.616829244855345e-05,8.027324602805707e-06,0.0011568176748841105,0
0.5639054270836874,0.4359953562730712,1.257812915531498e-05,2.3501024022844662e-07,1.4228001073246735e-05,7.923404517250698e-06,6.425209825528971e-05,0
0.8580109357587885,0.14194312699236733,6.754325397446122e-06,1.6708864462840337e-07,9.447467856549949e-06,5.14410537303183e-06,2.4424261572433925e-05,0
0.8636484870493211,0.1363036201632665,6.879516873648997e-06,1.701856340162224e-07,1.0726668037093132e-05,5.239451407979524e-06,2.487696545942382e-05,0
0.8525931458315894,0.1473645764349271,6.791453955005814e-06,1.680071316710919e-07,9.4994006305081e-06,5.1723825437627435e-06,2.06464892226037e-05,0
0.8531236641985178,0.14679757596910875,6.84395199956892e-06,1.5739679129332177e-07,9.069381887913666e-06,5.42945627741654e-06,5.725964541720751e-05,0
0.8889409968578059,0.11064316147351706,6.929312454553393e-06,1.41527553033834e-07,5.701832156769105e-06,4.88204146306225e-06,0.00039818695504981633,0
0.959238813941322,0.03864538918546641,5.836148993633637e-06,8.99171269626213e-08,3.5236253913417828e-06,3.165019472152094e-06,0.002103182162227493,0
0.9225618275116868,0.07243562136855111,1.0621161954637588e-05,1.2205453097025404e-07,9.445228237340222e-07,5.26733685768768e-06,0.0049855960435949,0
0.9888164191437955,0.001290716010378025,9.361038652109675e-06,1.3377600218246837e-07,9.545238100160584e-06,6.0663871140756524e-06,0.009867758405958212,0
0.8328394800537161,0.0015630341683616328,2.0514427489424912e-05,1.7800753313344738e-07,1.4365307541621691e-05,7.889597828500188e-06,0.16555453843752954,0
0.9702009230670753,0.002300756787072738,3.3733715352929884e-05,2.513933561729952e-07,2.3858510886412576e-05,1.0434142484792298e-05,0.027430042383771676,0
0.9373910155752786,0.013120938380721026,2.1402433696089024e-05,2.467239976317857e-07,2.2676952057052187e-05,1.0993491463896663e-05,0.04943272644278561,0
0.8998810950270654,0.02310781830702221,2.0433670122734124e-05,2.4987323438158827e-07,2.1558163840695926e-05,1.1640187751978341e-05,0.07695720477096277,0
0.8994175478709597,0.027524807992858627,2.1410138771975736e-05,2.5742044258138e-07,2.22093098160287e-05,1.1991769707789929e-05,0.07300177549744354,0
0.8977353317842774,0.0402930819966017,2.08632918084553e-05,2.581281976191687e-07,2.1678486935561132e-05,1.2152912365335569e-05,0.061916633399814056,0
0.9281800784606679,0.032518935568083766,1.9074698323033125e-05,1.838158270095241e-07,1.9437295017280184e-05,1.1386903271262954e-05,0.03925090325880969,0
0.7780247464651197,0.21291975910358824,2.2000074794042988e-05,2.47994388566917e-07,1.7071744222482235e-05,1.3883150446032889e-05,0.009002291467441132,0
0.714239896012212,0.2822032998593801,1.654042285664221e-05,2.3009738385628992e-07,1.5663795606402624e-05,1.1680965746104164e-05,0.003512688846814827,0
0.6735490337602383,0.32491308555845677,1.6069364406808438e-05,2.505688739375397e-07,1.394410351023662e-05,9.665603170248744e-06,0.001497951041343747,0
0.7823392767641416,0.21667578705896778,1.7531136535019648e-05,1.8752284354212143e-07,1.182299552144425e-05,8.16023598832812e-06,0.0009472342860020168,0
0.8036696434798096,0.19057630981362886,1.4420578796415509e-05,1.4097306698050867e-07,1.0182538033724422e-06,7.552320959669227e-06,0.005730914579934984,0
0.7211100687402286,0.2671053966003176,2.202423337715288e-05,1.634580881062273e-07,1.9922475651016654e-06,1.1534493982742464e-05,0.011748820226440524,0
0.6186144436546255,0.347915810647837,1.3987135528329057e-05,1.4611459455579104e-07,9.106014585139586e-06,9.642913792283229e-06,0.03343686351903725,1
0.6645912676040788,0.3248632957111063,8.890248105680841e-06,1.9456865048941895e-07,2.0889627653806115e-05,1.0193303225590025e-05,0.010505268937179395,0
0.5225677285080192,0.4754195966610662,1.3958251161934079e-05,1.5523374106514158e-08,1.604816282521882e-05,9.776061256678386e-06,0.0019728768322964984,0
0.5944285818516961,0.4054859231580568,1.3673577236420178e-05,1.5668490836991418e-07,1.3009432731858918e-05,8.124499266177782e-06,5.05307961041395e-05,0
0.3203075871075131,0.6796302486223377,1.5031303173089263e-05,1.7889417709009426e-07,1.11331932e-316,1.0937069109951827e-05,3.601700368904291e-05,1
0.4408376162176944,0.5514659702685556,3.493451910315151e-05,2.798280746120162e-07,0.007591221165473889,5.2116672914759044e-05,1.7861328183593678e-05,1
0.22930782117775356,0.7706174785611316,3.319909990290772e-05,2.1502084249166503e-07,1.8825739213606007e-05,1.700241199150485e-05,5.457989164437463e-06,1
0.20345128911423727,0.7964818215764676,2.9455600938456852e-05,1.9077529657153593e-07,1.7933395212837438e-05,1.446698635527502e-05,4.842551491584585e-06,1
0.19040746705761336,0.8095314200726088,2.6212869496703992e-05,1.6977307516736942e-07,1.614486521643557e-05,1.427592112823796e-05,4.309440861355793e-06,1
0.18512003238973557,0.8148196117970952,2.7236008214980743e-05,1.634742294051546e-07,1.477999241901835e-05,1.4026784418703164e-05,4.149553887050201e-06,1
0.20884090111924405,0.791094232838437,2.966376033084187e-05,1.783552577561005e-07,1.5950127085471468e-05,1.4462146159801575e-05,4.611653485126513e-06,1
0.2794626760898849,0.720476202069609,2.441827940010051e-05,1.810571332783655e-07,1.6369693663648845e-05,1.5556940159204836e-05,4.5958701497308805e-06,1
0.32027668212802934,0.6796615369313873,2.3408333133439915e-05,1.4769002275554052e-07,1.8087893379664488e-05,1.5216132836295296e-05,4.920891211408613e-06,1
0.23952708189345057,0.7604025393926169,2.8698642103282686e-05,2.607445825500336e-07,1.7172773953864563e-05,1.7657122596992085e-05,6.589430695727312e-06,1
0.22028892873229217,0.7796454777301994,3.021917033916583e-05,1.8763147074023232e-07,1.697516589980941e-05,1.3448819721431908e-05,4.76275007734355e-06,1
0.3054552253661286,0.6944834876023005,2.4267210296891063e-05,2.03930149981574e-07,1.855875017804864e-05,1.2291430767576614e-05,5.965710178640514e-06,1
0.07086982079067544,0.9290932445895831,1.0864734630257285e-05,1.119803601312533e-07,8.94822365297123e-06,8.758494160244864e-06,8.251186937615382e-06,1
0.07200511884781571,0.9279562314609557,1.1572709710217924e-05,1.1692307372418746e-07,9.199585137452353e-06,9.14508630987481e-06,8.615386997220387e-06,1
0.08513597826589919,0.9148233494122819,1.3551416176835364e-05,1.369146269444817e-07,1.0772533829460277e-05,1.0708716770867613e-05,5.502740414712206e-06,1
0.8977170364685885,0.10225918330757308,8.757581103752404e-06,8.925480155626449e-08,6.022530853913989e-06,6.154714185100588e-06,2.7561428942913524e-06,0
0.4514362223183921,0.548512918427898,1.7813094344122484e-05,1.869703713776232e-07,1.523127028136609e-05,1.185436870192978e-05,5.773550011094985e-06,1
0.2956622372110387,0.7042877154160772,1.8722797884685057e-05,1.822480233847835e-07,1.568784804832928e-05,9.259853355644307e-06,6.194625572308198e-06,1
0.2667299256948144,0.7332210867289716,2.1109755709326565e-05,1.6109264419034345e-07,1.3866800181563378e-05,8.374375216379204e-06,5.475552462400894e-06,1
0.27120847789960784,0.7287288257250681,2.5959920505559692e-05,2.1726453798903476e-07,1.618028946028323e-05,1.3949826005812638e-05,6.389074814419411e-06,1
0.26861288447712267,0.7313249966066908,2.5763061994366296e-05,1.861698370242145e-07,1.6025436436431357e-05,1.3816319572289922e-05,6.327928346239268e-06,1
0.24289680852328635,0.7570388884165454,2.6668909041694813e-05,1.9271569703133996e-07,1.6588901845988135e-05,1.4302110907661582e-05,6.5504226758884675e-06,1
0.2888391572914507,0.71109560907811,2.5498562471828058e-05,2.0329787448365803e-07,1.7499812092415985e-05,1.5121846227178459e-05,6.9101117734126155e-06,1
0.3137971564915215,0.6861193709790108,4.3691679516239676e-05,2.004742354137513e-07,1.6265741442580154e-05,1.6365215941186346e-05,6.949418332249959e-06,1
0.36322131346068637,0.6367164775128411,2.3575903429185737e-05,1.900829064549745e-07,1.513107602577571e-05,1.684732322819738e-05,6.464640882888264e-06,1
0.3751567874154337,0.6247369487264592,5.345994444410784e-05,2.1602989595232134e-07,2.066864160330713e-05,1.7226524877142767e-05,1.4692717286602712e-05,0
0.20686991168210708,0.7930309753799527,3.6986353316386417e-05,2.055687752849625e-07,1.7404030705602003e-05,1.6442046475513656e-05,2.807493866745592e-05,0
0.6974728900059137,0.30246387025400084,1.9342133409425456e-05,1.8806424961924023e-07,2.0975267226154285e-05,1.188160399837833e-05,1.085267120198882e-05,0
0.02535525047828483,0.0092711956709426,2.906567838618064e-06,2.3450598827002306e-08,2.1734780199116815e-06,1.9503306938805658e-06,0.9653665000236213,6
0.03624562704681592,0.016965392752541338,5.393190100796914e-06,4.001896871285196e-08,3.828803720444533e-06,4.019746898441365e-06,0.9467756984409544,6
0.8419040643127946,0.158060589831158,1.2804534346932105e-05,1.441090678025976e-07,8.566361395707664e-06,1.1244764478238272e-05,2.586086758799116e-06,0
0.9348324949141313,0.06513580614227901,8.390984295616614e-06,8.009892656889207e-08,5.21168397922352e-06,6.183033099033314e-06,1.1833143289143388e-05,0
0.8753227348818936,0.12464247849385947,9.55647189838394e-06,1.303043472630255e-305,5.898458177761174e-06,7.832102505541948e-06,1.1499591665073214e-05,0
0.8038962008350116,0.19607267444226323,1.2130629180277898e-05,1.3330985105251367e-07,6.860994269720515e-06,8.781066373089373e-06,3.2187230509858305e-06,0
0.8703788994188087,0.12958572191177137,1.3167819368648734e-05,1.272622023063764e-07,7.936994498867416e-06,1.119801237340442e-05,2.9485809766635415e-06,0
0.874688588661463,0.1252734027088529,1.4140449020069165e-05,1.5463211477083081e-07,8.402951207006448e-06,1.224416305568976e-05,3.0664342864951247e-06,0
0.6732104256270729,0.3267519502840728,1.2610443739522794e-05,1.191410124184913e-07,9.99843306247675e-06,1.0699766488482592e-05,4.196304551400958e-06,0
0.5838696805597166,0.4157106944119347,1.4870323300856615e-05,1.623881877504284e-07,0.0003872585296975004,1.1714274356450129e-05,5.619512806176352e-06,0
0.6021549759490831,0.397459066694866,1.359605029867264e-05,1.2845283091821538e-07,0.00035724416482528715,9.850724568229465e-06,5.137963527827768e-06,0
0.4992811274873816,0.5002044399555552,1.357855111055264e-05,1.282875020025814e-07,0.0004814501823550348,9.838045909460852e-06,9.437490185996338e-06,0
0.46943302765322503,0.5041279440895817,2.059840862450554e-05,3.1717622070014334e-07,0.026384864863592566,2.6745704891743806e-05,6.502103863861475e-06,1
0.2522188992249783,0.7428610782455077,1.8345886409635326e-05,1.7636725903863658e-07,0.004875079900286075,1.5133741798979561e-05,1.1286633760200049e-05,1
0.20839718813832767,0.7883731676966778,1.5267730719643558e-05,1.8190979676382262e-07,0.0031871347831265366,1.7130720853240987e-05,9.929020498264337e-06,1
0.19890692653436537,0.7983800600580085,2.186604358464554e-05,1.7729776021893838e-07,0.002666715619092133,1.7095796838610965e-05,7.158650350556915e-06,1
0.11498011888815987,0.877777814820677,1.9849646638972578e-05,1.7604299978510847e-07,0.007202768139284734,1.2164474634087423e-05,7.10798760553177e-06,1
0.5761850042628505,0.4152721210661801,0.00018780322521716995,1.8794809512989842e-07,0.00737113649704473,0.0009768662029711465,6.8807976412222535e-06,0
0.8282984030183543,0.16757858967739309,0.00041643969285243233,1.5557479135136237e-07,0.0026180074569153743,0.001083762257790263,4.642321903200969e-06,0
0.7589386227144537,0.23496882374119857,0.0004517571437813347,1.721404219519435e-07,0.004616468476197104,0.0010182067282343314,5.949055713064208e-06,0
0.5356691099470899,0.4214779607017438,0.0040851731748284,2.100033603651475e-07,0.038278780380321786,0.00038820583374795596,0.00010055995890776496,0
0.4995561529256735,0.4539370467104906,0.005234614913442692,1.9630177396777014e-07,0.04083231633481391,0.00034562457331943234,9.404824048566786e-05,0
0.10778629053751432,0.8761553007318248,0.001770296397898703,1.488762480657244e-07,0.013924141201810167,0.0003576744626030338,6.14779210075163e-06,1
0.5297508731522022,0.45183758129971674,0.0007288578763998386,4.046805005607548e-07,0.012601632721249425,0.00507229048294187,8.35978698927966e-06,0
0.20281064609333524,0.7632568975955921,0.00032972626623534016,3.740118399599169e-07,0.03205935480703357,0.0015362478445625498,6.753381401323742e-06,1
0.11138177028869017,0.86550244827916,0.008417712454294955,2.422311906105907e-07,0.01061871366826649,0.004074579331598266,4.533746799465576e-06,1
0.05018818671790429,0.9337767496111832,0.008380079419529285,2.1940403647441415e-07,0.006777891546994498,0.0008727668005013496,4.106499851023781e-06,1
0.037295089043454965,0.9494775558336502,0.006051123470214469,1.9210339546128097e-07,0.006325304827867937,0.0008471410808943243,3.593640522758763e-06,1
0.03500178808908403,0.9543224674018906,0.0052584798642185205,1.6615490011507157e-07,0.004858872496629672,0.0005551177661650056,3.108227112148069e-06,1
0.040543921749009934,0.9506306851762253,0.004673288154684482,6.9327822522461e-08,0.003652465149883514,0.0004932979424968888,6.272499877430004e-06,1
0.03553799893784809,0.9175407412461475,8.226687511812627e-05,7.413459374966569e-08,0.04676233176246557,1.164342021771765e-05,6.494362360952447e-05,1
0.02014176264765334,0.968137839638054,5.310606628798561e-05,7.390008229015365e-08,0.011609279294212934,6.6539048681786064e-06,5.128454884140346e-05,1
0.00044874990701674776,0.016716344537475086,1.0805493481339696e-06,2.0600307677361757e-09,0.9828333536948637,1.8959299267775552e-07,2.79658272728734e-07,4
0.0005521276829787002,0.012556848068369925,1.2475170858289284e-06,2.378349109665598e-09,0.9868891624631109,3.616170986512408e-07,2.502730068331305e-07,4
0.07401350323434523,0.9011983168065587,5.211490313658704e-05,2.0192228524631747e-07,0.024708363713264292,1.6399291381896313e-05,1.1100129028048847e-05,1
0.04689182316037059,0.9295741737363097,0.0028511958924416925,2.015783239656497e-07,0.019549669285306232,0.0011274860747293445,5.450272518495303e-06,1
0.02489593748401374,0.9528649280902951,0.008073141713788206,1.2259459072872244e-07,0.013658295549835971,0.0005039868235365308,3.587743939715391e-06,1
0.03192105978669397,0.9608408029604605,0.0018264533193534497,1.2864163007228577e-07,0.004810753663987175,0.0005971906334177734,3.6109944568743185e-06,1
0.017217570867890483,0.9617562230496313,0.001615964016300813,1.0255206807976435e-07,0.018661267233507178,0.0007458521735091136,3.020107093309108e-06,1
0.012330532967061039,0.9529572739353442,0.013199552406955802,1.7890456781399765e-07,0.01879682978704775,0.0027109685263663227,4.66347265693163e-06,1
0.012546309101564613,0.9388409304067593,0.01614046137782429,1.76254419263616e-07,0.029251007600897834,0.0032165208668153786,4.594391719242207e-06,1
0.01091274299428349,0.9151430743522748,0.03062557565251292,1.893666815870602e-07,0.0387031218379338,0.004610359609649639,4.936186663681366e-06,1
0.00982349501656033,0.9097473052748678,0.03177657165900589,2.0397745894780008e-07,0.04175882601375303,0.006889727462785802,3.870595568081768e-06,1
0.00817306725585573,0.8639690013241915,0.057839210629689504,2.1665691790126748e-07,0.062488528425927226,0.007525864511452825,4.111195965224303e-06,1
0.010019173759587458,0.8922394259116916,0.03083326088820589,1.9169178420104079e-07,0.06096663659435792,0.005937673686908863,3.637467464265798e-06,1
0.007106752745887196,0.9259284992146485,0.03447455244945883,1.8941491595399403e-07,0.029995692758366194,0.0024910872539980673,3.226162725332614e-06,1
0.007112245142481407,0.9264846086103032,0.03353032090033209,1.8956130374550416e-07,0.030376394658830814,0.002493012470709408,3.2286560391988164e-06,1
0.009302538895809032,0.9366259876110885,0.03402198778030294,1.923409077657817e-07,0.017474014205488123,0.0025720031674462077,3.275998957449152e-06,1
0.007532222233527706,0.9587202947043209,0.015628017150961904,1.982523519746087e-07,0.014522669120300693,0.00359347453760131,3.1240009356320236e-06,1
0.010082396734450817,0.9519034963459957,0.019834676479600466,2.653743880854434e-07,0.01048048232519438,0.007694501050577699,4.181689792905354e-06,1
0.0004883281358410949,0.05330470935940621,0.902579097059746,1.001942801136038e-06,9.2050961983219e-05,0.04350973079520347,2.508174501891873e-05,2
6.602604270618092e-06,0.0012259149677001744,0.009141796996727446,0.988538785766429,1.6638267592347448e-06,0.0010851946397942166,4.11983192763953e-08,2
0.0009342688749718027,0.20225336841038902,0.7557260426133009,0.0011330466243308036,0.00014943116899994983,0.03979811280601864,5.729501988780822e-06,2
0.00037941215068256905,0.06256226216575295,0.9211465714308373,0.00022967329141606552,7.867694996000702e-05,0.015599045095528728,4.358915822539595e-06,2
0.0016394996420803075,0.3846288967608082,0.5385760720160121,0.001646820576059987,0.00022844845665725259,0.07327028578715027,9.976761231897164e-06,1
0.0006966158828519424,0.8600845196317446,0.05439561049069,0.00010836402902763992,8.096664517692363e-05,0.08462769554665628,6.227773852437017e-06,1
0.0006718731112839181,0.8663362491193225,0.04388453031992652,0.00016333041030547807,0.00010701120258058277,0.0888333993196464,3.6065169346503586e-06,1
0.0016056781256124555,0.7738029590504363,0.06988311798866584,0.00021458064711907764,0.00040163471394721715,0.15408914980470512,2.8796695140055374e-06,1
0.0009640057494511335,0.6166591402018642,0.11292403248732452,0.003690197307022864,0.000303027694895381,0.26545494753844806,4.649020994002916e-06,1
0.001132693832677931,0.3335325116073915,0.11410299977116146,0.0003567883231885041,0.0004152640477794947,0.5504518311767088,7.911241092247326e-06,1
0.004238184758128782,0.6311599247756976,0.24440208879359918,0.00016883157114806535,0.0013023201997178098,0.11872529773893162,3.352162777029382e-06,1
0.003104879626189807,0.4998169241426488,0.3716383055709539,0.0002393953524177113,0.0009135123338053777,0.12428412430725246,2.858666731970237e-06,1
0.8846030046486333,0.05695775020366336,1.1297182208723389e-05,1.838615517838724e-07,1.0576268941484847e-05,6.198919028111012e-06,0.0584109889159734,0
0.7397755220690632,0.2601894535302349,9.512902176745463e-06,2.1527711816900878e-07,1.2749697350914006e-05,6.477767671491318e-06,6.068756384872614e-06,0
0.8259539315469534,0.1740186559732999,6.860815242107363e-06,1.5778461111825906e-07,9.426931336650266e-06,5.4428342552375e-06,5.52411430136651e-06,0
0.8911912325440439,0.10795816735851185,5.937533925878947e-06,1.3655104363494226e-07,5.501339597470202e-06,4.710375065206137e-06,0.0008343142978121322,0
0.9209202239929953,0.07314785370299352,1.0777955622723184e-05,1.2385634678843175e-07,9.986650921406194e-07,5.345095305443832e-06,0.005914676731644153,0
0.973047116911981,0.0017635204386338935,9.49887736640154e-06,9.698723624610278e-08,7.119753543307566e-06,4.616553195588473e-06,0.025168030478043613,0
0.9616156410880015,0.0010034766445636385,9.021170273012738e-06,1.5041432633250885e-07,7.957700777710383e-06,6.0463657054648735e-06,0.03735770661635234,0
0.9707977026996042,0.001777375906499942,2.0003472122517816e-05,1.8936248361207827e-07,1.3135610824902827e-05,8.587086710117125e-06,0.027383005861754593,0
0.9588119236601931,0.0025977415778649744,2.652551924184704e-05,2.333789890001884e-07,2.1831926534292518e-05,1.039886653934416e-05,0.03853134507063752,0
0.9701112526827645,0.004420374291567524,1.6625605975431367e-05,1.6113525585363273e-07,2.048632777193637e-05,9.840302849976431e-06,0.025421259653814674,0
0.8832049261796023,0.036175504140479445,1.9222587955816774e-05,2.471676696394368e-07,2.085548064110157e-05,1.1514150717032523e-05,0.08056773029293453,0
0.9108396840910762,0.039401349927468465,1.9082486606630913e-05,2.4536622000782614e-07,2.1335766207047443e-05,1.2522458706632199e-05,0.04970577990371529,0
0.7954741479078712,0.20203885382391962,1.7948585986481715e-05,1.9198811640203517e-07,1.234586557498819e-05,8.35454660990841e-06,0.0024481572819212436,0
0.7965503342079362,0.20053541753796178,1.8683763941087616e-05,1.9985199107335438e-07,1.3515611472363774e-05,1.0294922013399747e-05,0.002871554104684003,0
0.7846739238177061,0.211514105071946,1.2396851425138619e-05,1.2118946062954722e-07,1.1143800949046393e-06,6.541207383252963e-06,0.0037917974819840516,0
0.48967559480411754,0.4952251184233497,2.53344407036266e-05,1.5847711593887675e-07,1.8424913668598904e-06,1.1146551330050434e-05,0.015060804812016259,0
0.5377558944518189,0.4467076694590822,2.19573226096739e-05,1.3735188400754746e-07,9.517633781294973e-06,8.656541535692846e-06,0.015496167239288223,1
0.6615684234490223,0.3043708376844213,1.516000046266279e-05,1.403602373459336e-07,1.0098141678286218e-05,9.167268330283317e-06,0.03402617309584788,1
0.6640512728783319,0.29918781150579654,7.998028623829136e-06,1.451687361508124e-07,9.270118142734144e-06,9.895294396325056e-06,0.03673360700597245,0
0.48264682205106796,0.517226841705643,1.4305070785891352e-05,1.3594592289492522e-07,1.4091790440197665e-05,8.499717015751688e-06,8.930371912438166e-05,0
0.47005219904204504,0.5298905802099856,1.3004221451649832e-05,1.4280569270626164e-07,1.9838631415240716e-05,8.063736805073829e-06,1.6171352604583462e-05,1
0.5570228258208292,0.4427468389830366,1.4482724869040876e-05,1.5105008855469908e-07,0.00019406172431233823,9.160436275060664e-06,1.247926058929089e-05,1
0.4780830865171997,0.5142834619863047,3.714206095029593e-05,2.609607096922902e-07,0.007531788789461712,4.959218974568514e-05,1.4667495628109358e-05,1
0.5452059769809922,0.44464536016116823,3.6202007145341844e-05,2.3152955124121108e-07,0.010046043663313534,5.384505129731406e-05,1.2340606532331396e-05,1
0.20858607643492508,0.7913317633780452,3.657755169752907e-05,2.0537352544523254e-07,2.3342540244093152e-05,1.6821615411826842e-05,5.213106150794901e-06,1
0.18533160133418702,0.8146088704682544,2.6407475522478022e-05,1.7062822411803778e-07,1.5426797655579853e-05,1.3192148591546568e-05,4.331147565006667e-06,1
0.20251850350749592,0.7974157926990809,2.9487050719819198e-05,1.8308572446745166e-07,1.607363392729732e-05,1.5312660085606266e-05,4.647362965965821e-06,1
0.2794626760898849,0.720476202069609,2.441827940010051e-05,1.810571332783655e-07,1.6369693663648845e-05,1.5556940159204836e-05,4.5958701497308805e-06,1
0.3330838155663087,0.6668561161788998,2.296729956216935e-05,1.6900910243017304e-07,1.7289081329196612e-05,1.4850618144963986e-05,4.792246652586644e-06,1
0.2276543565005117,0.7722759002937714,2.7922715589294103e-05,1.9994368664995335e-07,1.807726015085109e-05,1.7179726156615347e-05,6.363560133536833e-06,1
0.2237628767775891,0.7761752876143896,2.360314591821541e-05,1.7430575018869363e-07,1.8656817915184605e-05,1.4976842259629603e-05,4.424496178159618e-06,1
0.2088432503245124,0.7910931574631204,2.7933005953798976e-05,1.7636838632912419e-07,1.5956185844556227e-05,1.5049799007031471e-05,4.476853175621775e-06,1
0.2056372570833789,0.7942940896337616,3.172385864307737e-05,1.911568430719877e-07,1.780998346949572e-05,1.4076047413100808e-05,4.85223649068078e-06,1
0.24504654550569963,0.7548928762088538,2.578367621932516e-05,1.7257638236351709e-07,1.60788516263691e-05,1.2707854458631502e-05,5.83532675991026e-06,1
0.33031499038790024,0.6696229030919658,2.4577574953442405e-05,1.7917106636180082e-07,1.820062144122507e-05,1.2482224406932903e-05,6.666928266101654e-06,1
0.2936703232650594,0.7062521470654709,2.456965151433031e-05,2.2040166828464704e-07,2.492192581991838e-05,1.445934026302424e-05,1.335835020428743e-05,1
0.0630369939825664,0.9369322360914658,1.1308136266576548e-05,1.008388410144318e-07,7.934067019676554e-06,7.251782490950893e-06,4.175101349514115e-06,1
0.06584498202977301,0.9341227420512749,1.1908925680542649e-05,1.0619630282510558e-07,8.355595675040229e-06,7.637062085239598e-06,4.268139208279655e-06,1
0.2560677194542541,0.7438758635083093,2.2048274212398366e-05,1.7638029932474025e-07,1.4438554551631127e-05,1.3758647232915173e-05,5.995181140272581e-06,1
0.31215287850678103,0.687768649544473,2.8554952644605723e-05,2.588495408968168e-07,2.2281680698371332e-05,1.857814829662428e-05,8.7983175654762e-06,1
0.31685878405049983,0.6830609977052732,2.992431687533875e-05,2.7254054004622505e-07,2.1407925636490356e-05,1.9560778637189785e-05,9.052682537787676e-06,1
0.3214512675970029,0.6784691097014214,2.8646961033400578e-05,2.8504313589503e-07,2.2677644245687068e-05,1.921106604207783e-05,8.801987118512297e-06,1
0.28379594519597595,0.7161496343280501,2.2237737875907284e-05,1.697004950966312e-07,1.4607761068449962e-05,1.1637142499119135e-05,5.768134035338593e-06,1
0.35588714020755413,0.6440671699922371,1.677285384021169e-05,1.5260539250834412e-07,1.3136220435005484e-05,1.0441050473763397e-05,5.187070067193098e-06,1
0.34683977298653945,0.6530892981860347,2.8455896627533943e-05,2.0404077499709986e-07,1.655511733463803e-05,1.6969549573836075e-05,8.744223115171546e-06,1
0.3057746011423064,0.6940847879577344,8.528640901745162e-05,2.3574764036411844e-07,2.6377857437376212e-05,1.879884528739715e-05,9.912040576545761e-06,0
0.36901249206628645,0.6308816226534429,5.1712043860016295e-05,2.4256021245220077e-07,2.259864938912913e-05,1.9211465600139257e-05,1.2120561208990679e-05,0
0.36288539503207085,0.6370012180816893,5.799395322165836e-05,2.3931870014961624e-07,2.2296646850146774e-05,1.8954728514267018e-05,1.3902238953517873e-05,0
0.3156008932471529,0.6843151498348725,3.076515657396242e-05,2.295951009018155e-07,1.9214544028738084e-05,1.8184591522012044e-05,1.556303074900405e-05,0
0.23959419124898299,0.7603203989573817,3.6203686037135356e-05,2.094834562435009e-07,1.7531424135240077e-05,1.6591691492739622e-05,1.4873508514070605e-05,0
0.2770956862312457,0.7228294536625154,2.7536618004386207e-05,2.002480642409219e-07,1.6758525037832524e-05,1.6146927523906988e-05,1.4217787608733483e-05,0
0.06151366359729719,0.01324426264330983,6.834852199376637e-06,5.529033051198012e-08,4.285527188378797e-06,4.82783659030312e-06,0.9252260702530845,6
0.024067148897624725,0.011265045379259474,3.581086044432981e-06,2.657265323338368e-08,2.54233122027925e-06,3.2797824075169583e-06,0.9646583759507903,6
0.04820005279295213,0.0168826428084546,6.53112072468692e-06,5.082989227412294e-08,3.966061179576195e-06,3.7081059270060924e-06,0.9349030482808697,6
0.4894126730667851,0.48729450449424927,4.6430918955494736e-05,5.124763550096113e-07,2.8647347046438745e-05,3.097242944587433e-05,0.023186259267162782,6
0.9432168551810556,0.05674949847635599,9.797888774712433e-06,9.775786235737168e-08,5.424617936889977e-06,6.009467569212469e-06,1.231661044529413e-05,0
0.9485804424133835,0.05138924485645324,8.716873541054649e-06,8.852417836643066e-08,4.9122375861646165e-06,5.4418454552482395e-06,1.1153249402520742e-05,0
0.821093934873546,0.17887323278787878,1.1885969427643463e-05,1.3462014118412093e-07,7.038989100057245e-06,1.0522400325734122e-05,3.250359580595501e-06,0
0.8206992375054455,0.17925560517817074,1.690672004422693e-05,1.8290235837794793e-07,1.0046805684920317e-05,1.435457289544974e-05,3.6663154007494356e-06,0
0.8006336501610954,0.19930984699322482,2.8678478820343772e-05,2.392628602217212e-07,1.0361958164324616e-05,1.3120141017609053e-05,4.10300481740106e-06,0
0.7603544018460396,0.23960818082968885,1.417668626253326e-05,1.5096704887410634e-07,8.08494280623934e-06,1.1348664627140807e-05,3.656063526872318e-06,0
0.6654447989198893,0.3345208514553673,1.2984736739361678e-05,1.226772596642719e-07,7.319984244631536e-06,1.1145963995759251e-05,2.776262504044243e-06,0
0.7023172098064672,0.2976512124768377,1.1907376960508757e-05,1.124985746439178e-07,6.790759131947002e-06,1.022116948150681e-05,2.545912546441499e-06,0
0.7326535484310858,0.2673125591176047,1.0794339470201736e-05,7.827634515170862e-08,6.957833987296325e-06,8.503369529519075e-06,7.558631977461304e-06,0
0.6741594470673767,0.3258023957861101,1.200459127449195e-05,6.173494703206042e-08,1.0853357851867165e-05,1.066689965326182e-05,4.570562786449181e-06,0
0.6532322677658889,0.34672777421947915,1.2402745874324217e-05,1.1717872350558312e-07,1.2980666824928551e-05,9.770410838128472e-06,4.687012371042457e-06,0
0.5992909751596776,0.40029343018973457,1.3531727072981594e-05,1.281326333567033e-07,0.00038698346546045,9.826169422474192e-06,5.1251559985503795e-06,0
0.5338227036262936,0.46567862654564574,1.4602556502847358e-05,1.382723733902218e-07,0.0004659505634601407,1.060376058609156e-05,7.374675138123446e-06,1
0.2767664724980535,0.7181484911018909,1.7604012208490904e-05,1.7319687600362846e-07,0.005046495039207397,1.3140527635656375e-05,7.623624128012131e-06,1
0.32557368502642065,0.6661038669317371,1.845615594529133e-05,1.9531953487871072e-07,0.008284376012979114,1.4348359584360474e-05,5.072193798762846e-06,1
0.2996850483593149,0.6937372757682853,2.1731055285675403e-05,1.8346457113848532e-07,0.006532608195921233,1.4635397670099639e-05,8.51775895163362e-06,1
0.22935612004912162,0.767932516640584,2.187340327097659e-05,1.7400464847696277e-07,0.0026676131838671508,1.7101550952372992e-05,4.601167555492946e-06,1
0.2363171584110515,0.7609253675144684,2.210314345749019e-05,1.7922025142045916e-07,0.0027132610448087615,1.7281171538012865e-05,4.64949442439779e-06,1
0.22917564768516666,0.7679877465890608,2.2739379584857826e-05,1.8437908319155578e-07,0.002791361913266981,1.7595679242375934e-05,4.724374595168393e-06,1
0.11911954093209617,0.8770039492553559,2.0000880141849415e-05,1.7738426293193825e-07,0.0038326838153795537,1.6485589742478158e-05,7.1621430211692004e-06,1
0.10612818332730778,0.8832492576334013,2.0215296177011297e-05,1.792858807651654e-07,0.010585124704263203,1.2388555929404024e-05,4.651197040423993e-06,1
0.12081032348716694,0.8654348753986236,8.141645922894766e-05,1.7600190893293276e-07,0.013590574439283559,7.812448886236098e-05,4.509724925793371e-06,1
0.537511144196138,0.45617861331634013,0.00011090187966439429,1.9304003769978002e-07,0.003380787853843846,0.002812177813649646,6.181900326083663e-06,0
0.5515384210504745,0.444420106575272,0.00014266007679795688,1.7155606909555282e-07,0.003268743578923982,0.0006247140803920577,5.183082070568168e-06,0
0.751006932299327,0.24200469792951398,0.0006853527774547438,2.6115119134474793e-07,0.003582565237120911,0.0027136402566719326,6.5503487198914505e-06,0
0.781558966946181,0.2111146853919968,0.0004743144561464293,1.8441287882123752e-07,0.005406334731645612,0.0014408885081968778,4.625552954585378e-06,0
0.2156192406860027,0.7642907332045173,0.004690421652606731,2.008754077891211e-07,0.014712285281585332,0.0006794066999350756,7.711599945255223e-06,0
0.18581386665285415,0.7900057666303393,0.003471988501841535,2.0247208985693274e-07,0.02005291075701492,0.0006474920893455379,7.772896514517959e-06,0
0.479260662763115,0.5048840045010067,0.000996721222207187,3.6052930531836817e-07,0.008039156594221704,0.0068100217803712185,9.07260977281911e-06,0
0.22205751412495556,0.7611180374776069,0.0002933715551272795,3.67867998370319e-07,0.015404642817878874,0.0011203535032772844,5.7126531557976365e-06,1
0.21889227500642233,0.7502689536466057,0.0003134260954312148,3.6262435604870394e-07,0.029414051038540157,0.0011043838264611983,6.547762183327593e-06,1
0.4531263386922064,0.5084587094991423,0.0008631547249527631,5.704615357531247e-07,0.0212443526320413,0.01629594036721453,1.0933622906980068e-05,1
0.07826699439691198,0.9018081107488259,0.005397177424429244,2.450795730839516e-07,0.009436217581918392,0.005086667709477153,4.587058864231895e-06,1
0.04913052145784143,0.9296762673004019,0.007235078197776423,2.71324250545579e-07,0.013335897564368579,0.0006168858850960532,5.0782702649797925e-06,1
0.037852468552702655,0.9396927324043007,0.008681031997949415,2.6129374864444064e-07,0.012842886911602356,0.0009257283064264671,4.890533269687449e-06,1
0.042499085577779434,0.9484311788738256,0.004843195980999225,1.675110651692708e-07,0.003603965748929874,0.000616826569967609,5.579737432961493e-06,1
0.034460347958230025,0.9617860406673147,0.0004895823675048965,5.034948808598405e-08,0.003206796530053271,5.071190845787937e-05,6.470218951105593e-06,1
0.029888421304125355,0.9261484855662385,9.75004519817219e-05,8.76250573024111e-08,0.04378595254865551,1.1996322646953271e-05,6.755618129460573e-05,1
0.02179841532425795,0.9594179392019672,5.917390201823769e-05,9.597269599966015e-08,0.018631479655192948,7.868818175568303e-06,8.50271256921611e-05,1
0.013112463790713557,0.9473596885495666,4.4835460963628264e-05,6.239106916263322e-08,0.039430564953241855,5.853791292217096e-06,4.6531063152811545e-05,1
0.000313093020308475,0.012952549874179113,6.7919409989911e-07,1.509175351807732e-09,0.9867332605444811,2.1098053852252297e-07,2.0487721772968263e-07,4
0.00024814117719012787,0.011112373014892634,5.827005694561358e-07,1.2947658659551915e-09,0.9886386090965475,1.1694585106579995e-07,1.7577018330608e-07,4
0.0581588158509539,0.9282237116125214,4.833931976343895e-05,1.902945195358933e-07,0.013542489964597101,1.5992033445108813e-05,1.0460924199635861e-05,1
0.06284545451925717,0.9119819556364572,5.4753034497076666e-05,1.9571254809472491e-07,0.025091000640655937,1.5881690985194667e-05,1.075876559939677e-05,1
0.057903042892973586,0.8908606456962823,4.013312813157467e-05,1.8620047824358846e-07,0.051171223556482674,1.6320825087695218e-05,8.447700563872393e-06,1
0.06364405563833798,0.8904862665496537,0.002894361093253069,1.99857518094933e-07,0.042188138152488945,0.0007811527291852008,5.825979562893136e-06,1
0.06286585526419004,0.9026043491078735,0.0027018362637293183,2.1020998819170233e-07,0.031081102691730884,0.000741234492511199,5.411969977151185e-06,1
0.0650507904065945,0.8990258415756799,0.003970962687466032,2.0937657981423347e-07,0.030957877094378982,0.0009889283458735694,5.390513427172911e-06,1
0.04783328800244536,0.9242393873744909,0.0025436657138155952,2.1594805825334035e-07,0.024142310431970578,0.001235572829521123,5.559699698119794e-06,1
0.02217353330743312,0.9574041924802259,0.007190332832465418,1.0392525830368635e-07,0.012748359419734689,0.0004803063954365876,3.171639445918454e-06,1
0.028165131462758893,0.9564086237977885,0.0014477696305105596,1.2679232717654428e-07,0.013354300243253686,0.0006208856700500561,3.162403311240736e-06,1
0.018806750520954884,0.962269666495765,0.001534623196523595,1.0260681655550183e-07,0.016639585106172465,0.0007462503543589952,3.021719408526331e-06,1
0.015693306817556204,0.9614925980401541,0.0033170968985017247,1.2051123745121998e-07,0.018137116594729292,0.001356619793429883,3.141344391447047e-06,1
0.01433957642146771,0.9628149519005882,0.003321658947027224,1.206769781968005e-07,0.018162060818111843,0.0013584855711016406,3.1456647251567918e-06,1
0.008972570459690424,0.8955671869349321,0.03154261831163166,1.85390630385983e-07,0.057413750717916295,0.006500041598555056,3.6465866442616203e-06,1
0.007060468669813572,0.9317927157007198,0.024397515823197928,2.4214701012400265e-07,0.03265263588777234,0.004092891797161102,3.5299743250599454e-06,1
0.008220258874892401,0.9354963538456087,0.024294463182105142,2.0577257807630221e-07,0.027921544711401892,0.004063668842852673,3.504770561187492e-06,1
0.007374203276878478,0.9502595295701395,0.02711549771594768,1.7327032753896461e-07,0.012968883026409363,0.0022787619562823725,2.951184014716945e-06,1
0.008580797339480913,0.9414636124329138,0.032515722779205426,1.990987488670921e-07,0.014052209339773265,0.003384067909662529,3.3911002152089356e-06,1
0.009513885459117737,0.9468723370825731,0.02965536940371866,2.0931426504905673e-07,0.010396933302592013,0.00355770034426463,3.565093468909669e-06,1
0.008990296603301109,0.9563431406196463,0.021133889638385122,1.9779482674868253e-07,0.009824746635504394,0.0037046119169456744,3.1167913907281034e-06,1
0.0005906018635305617,0.06545303490699157,0.837210258151269,0.00021802050877512726,0.00012293331790393203,0.09636070316735369,4.444808417602187e-05,2
0.000662587051068377,0.05830964930598724,0.8807266186120106,1.704392600795055e-07,0.00011309113677393418,0.06016481061929616,2.3072835603559994e-05,2
0.00032913658044983083,0.02919547467835285,0.9531072170839613,7.385879607519272e-10,5.555302394732826e-05,0.017303735367336755,8.882527364137455e-06,2
0.00032616302353842,0.02870139139888225,0.9583553170371012,2.6167878529159684e-06,6.207509509964728e-05,0.012538374534322841,1.4062123202775776e-05,2
0.0009760362859670726,0.1494504807372509,0.8051867359970291,0.00535643873467891,0.00015706255718120373,0.03886746514462176,5.780543270980091e-06,2
0.0006889472723259109,0.10178327744670683,0.8692346106504313,0.0005120936366428765,0.00011019332768213512,0.02766665262471296,4.2250414979045095e-06,2
0.0007247573920526178,0.10513726698294969,0.8672709824375201,0.00047683367040210614,0.00012985294689637567,0.026255665149551258,4.6414206278596085e-06,2
0.0005811445462085511,0.12693073007636163,0.8523651192380088,0.00027590190704259056,9.512891810189736e-05,0.019742697709966988,9.277604309667715e-06,2
0.0015322655378863933,0.803114791589077,0.10719788004484125,0.0015738323543030678,0.00015352530004730653,0.08641045883615174,1.7246337693284998e-05,1
0.001696379962344199,0.6804195068090716,0.2447491094607924,0.005320753247398069,0.00018915150272883844,0.06761546382371045,9.635193954280288e-06,1
0.0006218793141033674,0.8893097068914593,0.06117757706706603,9.673817336649634e-05,6.631191276180778e-05,0.048714825833194635,1.296080804831835e-05,1
0.0007857630437928516,0.824891769297348,0.09224019872969678,0.0002612693721430294,0.000286519411611114,0.0815204086315628,1.4071513845558096e-05,1
0.0013633316706056992,0.6612403429170794,0.1890346268467447,0.0008963258144573359,0.0002985866587214844,0.14715720435644772,9.58173594355182e-06,1
0.0006833692643096101,0.5771550172811719,0.0772814429667026,0.00011897228922184791,0.00024452116109837643,0.3445114879403971,5.189097098539586e-06,1
0.0006762407352626557,0.5604012203754487,0.08831265671528789,0.00010234501293307915,0.00039813013883480743,0.35010630403322224,3.1029890106096964e-06,1
0.0038883834239195215,0.7790012630017504,0.17713349792084096,7.402718612316415e-05,0.001617846536041038,0.03828025913095657,4.722800368533665e-06,1
0.002369778557536256,0.6451387408808215,0.31961319527270404,8.34882619399216e-05,0.0005786572860899591,0.03221268035548598,3.4593854224179796e-06,1
0.8578653532652861,0.04918198128273187,7.792750115035557e-06,1.6239765055202325e-07,9.518496003466882e-06,5.475260468326813e-06,0.09292971654774444,0
0.6182990272784884,0.3781322601759869,1.2094298045110588e-05,2.390935700028418e-07,1.3709060992100753e-05,7.366740896069398e-06,0.0035353033520215777,0
0.6679802993570588,0.3282287612976811,1.2844599897075372e-05,2.5392637366758417e-07,1.539179208960115e-05,7.823756203336455e-06,0.003754625270696417,0
0.8541754936131307,0.14579724810203637,6.780301724036875e-06,1.5593296613290117e-07,9.483801686511752e-06,5.378961126651525e-06,5.459287329508002e-06,0
0.8604621284163155,0.13949383878894658,6.830203976107021e-06,1.6896573051318664e-07,9.553601391835457e-06,5.2018946238036596e-06,2.227812901579383e-05,0
0.8925723416376575,0.10643859545056855,5.716306116960907e-06,1.4141010169945222e-07,5.491635626354033e-06,4.534870222982693e-06,0.0009731786897059564,0
0.9769443942892978,0.0014494068319117687,1.0950652609525441e-05,1.5290486302674317e-07,9.45388738036243e-06,6.933830250658357e-06,0.021578707603686697,0
0.9541513467234907,0.002117444951013832,1.9486265623065748e-05,2.1799970791165443e-07,1.5121344411795558e-05,9.885708926655526e-06,0.043686497006825885,0
0.9564604964605804,0.0017001215225988767,2.1746494419361546e-05,1.8869840885817224e-07,1.5228067195505537e-05,8.556972680215232e-06,0.041793661784116976,0
0.9710579681209083,0.0023919393983933947,2.816077381522494e-05,2.326885375771795e-07,2.1869573792508668e-05,1.036810150676548e-05,0.026489461343046278,0
0.9754950643658056,0.0024713695814114955,3.104841664806152e-05,2.595441626711152e-07,2.499117711124083e-05,1.1486464182504015e-05,0.02196578045067851,0
0.9351371189910068,0.005692121439982924,1.781073871588724e-05,2.3832668563404578e-07,2.162964602823165e-05,1.117794771124967e-05,0.059119902909869265,0
0.9212051496838731,0.00816616133882356,2.0061373224384974e-05,2.579529291807858e-07,2.3410851098282804e-05,1.2098453627530374e-05,0.070572860346424,0
0.8285493397301493,0.014252643502148329,1.551551822859497e-05,2.0761418682860382e-07,1.8475849541327726e-05,9.737476599860177e-06,0.1571540803091456,0
0.9328374095407599,0.023271844689057873,1.571491656617648e-05,2.102823493161232e-07,1.8116358999559803e-05,9.79587122656274e-06,0.04384690834104045,0
0.9195181653353887,0.039776766021341614,1.851153365338631e-05,2.4770406954986787e-07,2.0900740921154392e-05,1.1617763784722557e-05,0.04065379090084092,0
0.9012062738364109,0.03596549143850178,1.9111364477418885e-05,2.416526599556019e-07,2.0669740155580073e-05,1.1657078062917e-05,0.06277655488973134,0
0.8201570545908169,0.16951857584129829,1.7344789053554865e-05,2.1931528835174085e-07,1.4898709473393565e-05,1.113360929141921e-05,0.010280773144778143,0
0.6874035214033778,0.30656857501289647,1.688076351589583e-05,2.525999124747021e-07,1.474306663151101e-05,1.0351613651206492e-05,0.005985675540014511,0
0.7277284533277596,0.2705017868359353,1.314934308512803e-05,2.5336220792124833e-07,1.3191360485503545e-05,8.190674495590553e-06,0.001734975096031234,0
0.7851957281118516,0.21121831429571777,1.712252329703358e-05,2.0022881013220134e-07,1.2875786379170844e-05,8.713148283579102e-06,0.0035470459056608913,0
0.6530604844217569,0.32638193322453024,1.611346345226097e-05,1.4918796079160019e-07,1.0448253191159484e-05,9.743828409563513e-06,0.020521127620698878,1
0.5713430491250752,0.18765091707534154,6.7930964036574416e-06,4.97361200528904e-46,1.0503062733302569e-33,8.105376698469778e-06,0.2409911353264813,0
0.6761054849586382,0.2892637423589862,8.06964000931145e-06,1.7660912810114516e-07,1.6046872568526624e-05,9.05129017795748e-06,0.03459742827049182,0
0.5077147698046038,0.49222683906268555,1.6071694099736602e-05,1.8416482196474556e-07,1.8795330748716266e-05,9.438522584292066e-06,1.3901420455872099e-05,1
0.5364507171499882,0.4634789994896857,1.526397905128002e-05,2.1904642791628456e-07,2.748665925756814e-05,1.192824176468548e-05,1.5385433824865428e-05,1
0.2914158204424947,0.70851714183138,1.4133181449129385e-05,1.5520335257980008e-07,2.6410285399482282e-05,8.763789193214062e-06,1.757526673074557e-05,1
0.5042227122341566,0.48885236829113926,1.7079851077876716e-05,2.480563160077073e-07,0.006879660617593016,1.2097601778971836e-05,1.5833347938265187e-05,1
0.20523936514453012,0.7946911924153792,3.444585774739791e-05,1.707153271028158e-07,1.6810952771138494e-05,1.3681555698247132e-05,4.333358546703137e-06,1
0.20564461849765325,0.7942829807894004,3.290025992735613e-05,1.974718393532998e-07,1.8778927266632966e-05,1.551152049092589e-05,5.012533422259402e-06,1
0.2532702371018393,0.7466669630337154,2.533281498296476e-05,1.8783824951515402e-07,1.765730482499706e-05,1.4853907534095427e-05,4.767998853694159e-06,1
0.29880477932531196,0.7011354159180699,2.282907176557873e-05,1.8765726012192845e-07,1.7185027667565998e-05,1.4839595221674694e-05,4.763404703026455e-06,1
0.23326160945915278,0.7666767866994292,2.580854709226713e-05,1.7274284913272557e-07,1.609436124852114e-05,1.514336600427201e-05,4.38482422389829e-06,1
0.19104707044823988,0.8088879033144072,2.7260152507176873e-05,1.8225359561108962e-07,1.6980472542472772e-05,1.597711811394717e-05,4.626240593693394e-06,1
0.19240670491768072,0.8075348190609032,2.5811884844512146e-05,1.690785426858196e-07,1.5752959726097037e-05,1.2450287131428085e-05,4.291811171532604e-06,1
0.2905946500882869,0.7093501828197974,2.308191946438665e-05,1.6401453638008998e-07,1.4539475823633576e-05,1.1835857106024094e-05,5.545824985118832e-06,1
0.2987740089209081,0.7011625228647845,2.5253237247166432e-05,1.8323354993191697e-07,1.8613298147750747e-05,1.3222767700283943e-05,6.1956776621892165e-06,1
0.06181876707961576,0.9381526720692145,9.488328526527186e-06,8.972814382086354e-08,7.557226371492802e-06,5.8796897784645355e-06,5.545878349349233e-06,1
0.07211739135584992,0.9278470866477523,1.3884139864460343e-05,1.1262800235488758e-07,8.857003022782362e-06,8.095351259779336e-06,4.572874248458129e-06,1
0.21378696713696474,0.7861566549667015,2.4887902578038727e-05,1.6699111200892987e-07,1.3669952311053141e-05,1.1977008455250996e-05,5.676041877363203e-06,1
0.4883167589166977,0.5116212247419903,2.2557250670384407e-05,2.0544379693864086e-07,1.7684532369607642e-05,1.4745111437802717e-05,6.824003037228118e-06,1
0.34087638544691257,0.6590448023271895,3.0236883346958392e-05,2.684143344629757e-07,2.01266687341174e-05,1.9264632625254137e-05,8.915626857100804e-06,1
0.33288186613747095,0.667036856984874,3.092650531140406e-05,2.9069263494731105e-07,2.1491413328179647e-05,1.9591825603458726e-05,8.976440777001858e-06,0
0.7363553328652003,0.26360456310050917,1.6913359938768222e-05,1.4457955941737186e-07,9.414861660553408e-06,9.166689842181119e-06,4.464543289548055e-06,0
0.4795021839726627,0.5204495494942908,1.6779144481846917e-05,1.9458637730877764e-07,1.584339169353036e-05,9.443830355152346e-06,6.005580138635701e-06,1
0.4223795244111747,0.5775652652854277,1.9573027699555083e-05,1.8715307550994596e-07,1.6399716465105028e-05,1.283394610968863e-05,6.216460047649387e-06,1
0.2793147191658995,0.7206401550747231,1.8504743353887272e-05,1.415308690674417e-07,1.2182929212846507e-05,9.485909853246867e-06,4.810646088298694e-06,1
0.22594933637764358,0.7740050651054686,1.8723392130436917e-05,1.4288184041713725e-07,1.2299220368481833e-05,9.576456830891896e-06,4.85656571757561e-06,1
0.21405524275072657,0.7858729577848578,3.314301390662567e-05,2.0098831623474193e-07,1.6707801370427517e-05,1.4916051127199926e-05,6.831609695180115e-06,1
0.44615578127667443,0.5537754936484572,2.548274625414585e-05,2.0785223443220574e-07,1.5760378956176523e-05,1.3930991476513612e-05,1.3343105946998273e-05,1
0.37359588707264335,0.6263109991457952,4.3974244157018946e-05,2.198317176065153e-07,1.963932890518285e-05,1.9859428509959413e-05,9.420948271589718e-06,1
0.36012660648793743,0.639799966592249,2.9545992948862418e-05,2.1593936952788517e-07,1.696616452367344e-05,1.7619623750277268e-05,9.079199221371646e-06,1
0.2542674927149119,0.7456413242647438,4.7909809162723436e-05,1.784236384572993e-07,1.6109858481477178e-05,1.4227749511268355e-05,1.2757179550394938e-05,0
0.333931157059557,0.6659811390104659,3.4431186002231754e-05,2.2830892063294353e-07,1.9485865274762855e-05,1.8082722350060027e-05,1.547584742934874e-05,0
0.7139846562106382,0.28595261170215236,1.8381598031640423e-05,1.7872493005029088e-07,2.4565013922276776e-05,1.1200337708185871e-05,8.406412617211061e-06,0
0.03748854295250588,0.008590734624718002,3.4714235318710512e-06,3.8521647003242974e-08,1.812924632933542e-06,1.8826160050783318e-06,0.9539135169369592,6
0.816819938553171,0.18307219677835526,1.8793850595975864e-05,1.8969859499674853e-07,1.4102179707791022e-05,1.608247076955188e-05,5.869646880531476e-05,0
0.8679099742691824,0.1320439012962609,1.347001351508444e-05,1.413903898695822e-07,9.354194198033765e-06,1.2136096107402119e-05,1.1022740346281126e-05,0
0.9448254330825536,0.055133629082499476,9.855524264636005e-06,9.908345094943358e-08,4.727547003628444e-06,6.321758009769101e-06,1.9933922218040683e-05,0
0.8391607392815212,0.16081082913534236,1.0473953558740989e-05,1.371163309977443e-07,6.202779283868702e-06,9.272372187152002e-06,2.3453617754881374e-06,0
0.8706228352683454,0.12935092814489613,9.136924726630713e-06,1.0021823337866038e-07,5.2401895152862374e-06,7.99327989287789e-06,3.7659743902711133e-06,0
0.8115820027336917,0.18837768616807743,1.4747433399112628e-05,1.5184302507980565e-07,8.274150208120323e-06,1.141451449473759e-05,5.723157103561903e-06,0
0.8040740201367792,0.19588570088995153,1.8113326178733695e-05,1.5410530360743353e-07,6.217752364309392e-06,1.1029714658045867e-05,4.764074764658845e-06,0
0.8040824762878355,0.19588656098230925,1.0894361779606875e-05,5.602546825906813e-08,4.988309246156968e-06,1.0426572684519024e-05,4.597460676635406e-06,0
0.7543404415429253,0.24562955889415947,1.1620050540860182e-05,8.426408019940404e-08,6.626897307924019e-06,9.068018153140387e-06,2.60033283321824e-06,0
0.7292533287388844,0.2707123597780292,1.3502546689942788e-05,9.715588417160037e-08,7.700482024157911e-06,1.0537074521963572e-05,2.4742239662201416e-06,0
0.4395397211951824,0.5582529912516756,1.7000241632422086e-05,1.6725668598560555e-07,0.002168130785648558,1.3068732891622425e-05,8.920536283426464e-06,1
0.33840758949706096,0.6563599093575716,1.8801962396649967e-05,1.9897916776421731e-07,0.005190740593572587,1.4617199711491675e-05,8.142410518889611e-06,1
0.19907157921073804,0.7984333766421022,2.0024300745832623e-05,1.916000915211959e-07,0.0024467192598418967,1.765104925000059e-05,1.0457937230578104e-05,1
0.21902971578206412,0.7793805611885032,1.848465325745097e-05,1.7659864329310049e-07,0.0015468375185553583,1.626904938041204e-05,7.955209596201886e-06,1
0.1594440057398569,0.8349840931949545,2.4299271668409535e-05,1.7965506598672835e-07,0.00552419549707342,1.8623311030042075e-05,4.603330350434632e-06,1
0.10167254294431072,0.8912732278591697,2.06435466605046e-05,1.830839584410452e-07,0.007014594532895376,1.4116843597701448e-05,4.6911894075485515e-06,1
0.13114614060976254,0.8494568349294114,0.00011242386991077036,1.6866378892001755e-07,0.018997287662565032,0.00028238840949614235,4.755855065439855e-06,1
0.45981417693838694,0.5057283337120293,0.0005632338173979363,3.60961280764045e-07,0.024794449850011273,0.009091066778951551,8.377941942377702e-06,0
0.4643119005131672,0.533823752604401,0.00012166769619208498,1.585736803379017e-07,0.0011968496382834207,0.0005416015117755806,4.069462500383609e-06,0
0.4542268534515622,0.544431491682499,0.000161493450054034,1.6097536242052185e-07,0.0006006101638875071,0.0005752076284985398,4.182648136123515e-06,0
0.4486992150750268,0.5494155940025227,0.00013982759224756403,1.659092992094327e-07,0.0010284738564564448,0.0007113982802446192,5.3252842025294055e-06,0
0.4687677800888764,0.5292176349452,0.00019616848972023378,1.4663538087974382e-07,0.001039851681227217,0.000772039697473047,6.378462122320976e-06,0
0.5911945170632519,0.4069430182342581,0.00019552316649380777,1.4888072754439497e-07,0.0008718756180171984,0.0007910486459138327,3.868391337685162e-06,0
0.6538239283133566,0.344524303419012,0.00015498589538778955,1.3045917786969992e-07,0.0007512277415891055,0.0007415312946575534,3.892876819164672e-06,0
0.8718429991193815,0.12397364713628856,0.0002705185464177617,1.2468072555250473e-07,0.003188989347885718,0.0007210209279603842,2.700241340571326e-06,0
0.6952844141543517,0.29622729673364717,0.0007521336415947738,2.3220862158115615e-07,0.005502407886580523,0.002227690981146135,5.8243940580532774e-06,0
0.4992800239393327,0.4705690314091705,0.0007627500948631924,3.220519132417307e-07,0.026961439737222665,0.0024183548708326735,8.077896665065276e-06,0
0.4634077692385203,0.5063956991039849,0.0008208219023109086,3.4657126344554403e-07,0.02676419450172685,0.002602475776677242,8.692905516424854e-06,0
0.4268219629871742,0.5500249974061292,0.0008127519305552129,3.430619278207496e-07,0.01909344473749268,0.003236532420754136,9.96745596668396e-06,0
0.10356685483850414,0.8828092357381654,0.000285008706653231,2.408452011661606e-07,0.012640932719014338,0.0006939870470309967,3.7401054307408163e-06,1
0.1869723732248648,0.7654875279744346,0.0003772439437631805,4.4779270613523065e-07,0.04474600527259731,0.0024078192733001987,8.582518333887393e-06,1
0.38446943568363284,0.44934802015773684,0.0008666483227184334,5.652096956962546e-07,0.06621012747312174,0.09909481508563679,1.0388067457505762e-05,1
0.06427319675133852,0.9203949852537724,0.002928494472924666,1.9483622661707288e-07,0.005519488020886431,0.006880266878152422,3.373786699012239e-06,1
0.05732864162341243,0.9291043080814654,0.005086983599514115,2.2653087528436154e-07,0.007036455009043442,0.0014391452655734974,4.2398901157682145e-06,1
0.04060441260370215,0.9487893286981068,0.006332918235969089,1.6810961547698034e-07,0.003720676357351898,0.0005468963203115129,5.59967494308396e-06,1
0.0260063063321945,0.9715909608436558,0.0004743509259921724,7.741891262494621e-08,0.0018805741620847782,4.221747974206493e-05,5.512837417815359e-06,1
0.04344512709654734,0.8216587756627982,3.3431392277532776e-05,1.6445329666809603e-07,0.13483973846131442,1.4616935877012834e-05,8.145997888634535e-06,4
0.05737049998067666,0.9066745288514042,3.97640177728276e-05,1.8448796470370084e-07,0.03589025499938512,1.6397656993140432e-05,8.370005803187503e-06,1
0.07040173606853864,0.8943090056837758,0.0009256992881886399,1.8727456624687244e-07,0.033667417578430364,0.0006916001215862543,4.353984913964511e-06,1
0.07270218023847967,0.8930690304369221,0.002838933438385689,1.921014392259338e-07,0.030925988169586253,0.0004592094093102539,4.466205876766005e-06,1
0.027004447408072,0.9564426668430419,0.0024412723191063043,1.215672199333899e-07,0.013621320612799036,0.0004871391689763802,3.0320807845129817e-06,1
0.028309254901947106,0.9525096188027856,0.00256345450827972,1.2780490077039656e-07,0.015964401162796932,0.0006499551607743406,3.187658515221768e-06,1
0.019025716254873863,0.9291815388534316,0.003367798053717818,1.0027868682459607e-07,0.0477550189390872,0.0006668744630498417,2.9531571528243396e-06,1
0.017972041188262153,0.9462229516519246,0.0029993413648930142,4.124964967296131e-08,0.0320351411110834,0.0007674761154220823,3.007318764948276e-06,1
0.011507597708624251,0.9542181793591634,0.013962246251060094,1.3596470743884098e-07,0.01808231240310973,0.0022240123235839973,5.5159897510320034e-06,1
0.014246053542404208,0.9476436770419312,0.01401801672017232,1.7191489470203946e-07,0.020153984185314992,0.003933615321156798,4.481274125967364e-06,1
0.014138074632353824,0.935269214741338,0.022380666733941724,1.9743278670083343e-07,0.024128093068396153,0.004078606946832598,5.146444350813906e-06,1
0.008910346495973947,0.9280772848587568,0.021105542499740615,1.9901538662974066e-07,0.036147563768617094,0.005754925896711994,4.137464812908067e-06,1
0.00918547038960662,0.9218700753149466,0.024275600454830733,1.9768432268990809e-07,0.03995109785537411,0.004713939386904637,3.61891401477627e-06,1
0.009250556313010931,0.9284022138517565,0.030869436296587987,1.896981614480079e-07,0.025958400705190492,0.005515558578567287,3.6445567255337975e-06,1
0.008176095445161066,0.8811739519823882,0.04626270608490277,2.344921068649913e-07,0.05750828776767213,0.00687477649881748,3.94772895134499e-06,1
0.008091663567684872,0.9500259778709947,0.025239331105893676,2.2018641377986948e-07,0.011476526994569882,0.005162573385149625,3.706889293600319e-06,1
0.007461502558307405,0.9479585201875813,0.03138044945984427,1.8439810734542398e-07,0.009514757973421746,0.003681444707564917,3.1407151730552233e-06,1
0.006311776589363859,0.9487132263221467,0.030564639396626445,2.1561637386259211e-07,0.010813379446807839,0.0035936194130644574,3.1432156168589864e-06,1
0.006551380242734581,0.9509853849579893,0.03063784140059311,2.1613277290954143e-07,0.008168840580088854,0.0036531859422345935,3.1507435866500776e-06,1
0.009510779118024794,0.9514926088109008,0.01757205179638111,2.5541889807945483e-07,0.01061168735616692,0.010808592685452676,4.024814175624573e-06,1
0.010708884730832645,0.9455948691034414,0.019554934643096756,2.8424112997345947e-07,0.01210828170482274,0.012028266590439362,4.478986237176737e-06,1
0.010897708688635177,0.9436563379953439,0.019733306678520354,2.868338601374733e-07,0.013569856492692841,0.012137983469248343,4.519841699306428e-06,1
0.00013149181785496655,0.034137822381499844,0.9531347815030353,7.4089732109653e-05,3.7444564933170085e-05,0.012472046359605683,1.2323640961460291e-05,2
0.0004970330527283469,0.05508333745457886,0.8860553252818677,0.0008591503862251548,9.542476964394755e-05,0.057361162533471746,4.856652148412149e-05,2
0.0005822204969830765,0.08328977802038236,0.8889806672111282,0.0003167248530475424,8.870329708689116e-05,0.026734257540286736,7.648581084946298e-06,2
0.000649739019258452,0.08785177479485409,0.8903672459910389,0.0003923840022254221,9.928038683164065e-05,0.020631015198533754,8.560607257730196e-06,2
0.00031869634396737757,0.05499190004434964,0.932846107970568,6.056993001361093e-05,5.3636531312953546e-05,0.011725129103942931,3.960075845493462e-06,2
0.0003365956753043465,0.06279330995924276,0.9221871716181845,9.558951144756588e-05,5.149466906644943e-05,0.014531055999438358,4.782567316163287e-06,2
0.0005325954527591549,0.12256761301060029,0.84679399347668,9.308360085698831e-05,9.679345685634063e-05,0.02990847503119734,7.445971049719434e-06,2
0.0019882154318223567,0.5196835554844305,0.4370572695545705,4.754656296500993e-05,0.0007408655877314907,0.04047446557726722,8.081801213000975e-06,1
0.0013717765424874578,0.5929862451967729,0.3508414557050503,0.0007516843999566912,0.00022415343003692135,0.053814814445113685,9.870280581810251e-06,1
0.001074447893031582,0.8170701390992816,0.0793830772755205,0.000497850751463255,0.00010484208865201811,0.10186328019337175,6.362698679218973e-06,1
0.0013413115634321074,0.7518964378716743,0.16139901778810936,0.0012093173804895235,0.00016039127515921192,0.0839860362621839,7.4878589516057935e-06,1
0.0014639571774322645,0.7230018997784584,0.1365010282662512,0.00032204582831244096,0.00020900757023312652,0.13848781194464077,1.4249434671697958e-05,1
0.0012980094318511654,0.7160695118218507,0.1646281080221324,0.0002855401299176394,0.0001893381723866299,0.11751822199562034,1.1270426241096482e-05,1
0.0036550327038821725,0.8527016753291093,0.06313151117881942,0.00028978829008471815,0.0003253120040330381,0.07989212947114918,4.551022922122008e-06,1
0.0025545144110611763,0.7496321313950687,0.1829741839614177,0.0015272734651417723,0.000627294064754956,0.06268124631995155,3.3563826041446467e-06,1
0.0009900372108836745,0.8490964688493294,0.08423291967895573,0.0073059504472789815,0.0002941682985275069,0.05807568095451949,4.7745605053319355e-06,1
0.0008758320678531374,0.6328797839894191,0.06391520570867582,0.0006621435494999226,0.00016726679450494752,0.301495656496665,4.1113933819543255e-06,1
0.0007940092312916354,0.67230330614472,0.10179127034379486,0.00014500498671111205,0.00039049573362225906,0.2245722701799355,3.643379924552526e-06,1
0.0019582614627157643,0.581825218916068,0.10380673563204341,0.00013618798597448835,0.0006387295569141703,0.31163164314461683,3.223301667335465e-06,1
0.0028271231661687736,0.6833635196942958,0.28231605814985306,7.720915822645451e-05,0.0018772307938025464,0.02953538322644822,3.4758112051594905e-06,1
0.0038272353896608847,0.5811618740078909,0.23043416241258274,0.00014854049203390113,0.001034824254716429,0.1833892641028305,4.09934028463807e-06,1
0.9182854893327873,0.0592875483045019,9.120729787010703e-06,2.294865229346078e-07,1.1483142105781257e-05,6.408311636832547e-06,0.022399720692658255,0
0.6028134520483042,0.39586324314825755,1.2546723644114244e-05,2.4474272812069256e-07,1.5161683744563077e-05,7.686233182087101e-06,0.0012876654201394743,0
0.5479134321773867,0.45204572797454706,1.0922040289998178e-05,2.471659346928156e-07,1.4600594570535187e-05,7.437313890415814e-06,7.632733380560288e-06,0
0.761688403011163,0.23827665462377978,9.447653864000992e-06,2.2462879485896927e-07,1.2809614049244708e-05,6.433337128312949e-06,6.0271312207309975e-06,0
0.7605861347069601,0.23937994819440903,9.366611350078203e-06,2.1196655457922694e-07,1.198493898555736e-05,6.378151595343973e-06,5.975430145215121e-06,0
0.800597937287228,0.19936783925511642,8.279532563599292e-06,2.0481925178369687e-07,1.2909598005670014e-05,6.163086625220691e-06,6.666421209319726e-06,0
0.7796843542917224,0.22028931621064418,7.1606268168845705e-06,1.4625202691158514e-07,8.737910533671139e-06,5.045013809209022e-06,5.239694446583002e-06,0
0.883291225760783,0.11647194150019914,5.46185073980236e-06,1.3511537919409194e-07,5.455124701576126e-06,4.159754540096439e-06,0.00022162089365712073,0
0.9475341193376247,0.04965087362277713,6.543091851427557e-06,1.3363920087044839e-07,5.605441858244235e-06,4.609930050751752e-06,0.0027981149366369754,0
0.9560217807951475,0.039663380314243005,5.405269480047775e-06,1.1039977891268738e-07,4.188219122318364e-06,3.8082782229393596e-06,0.00430132672400522,0
0.9417316054907309,0.05385612729038357,6.625759443645124e-06,1.3532764285058514e-07,7.323792228854389e-06,4.668173435720276e-06,0.004393514166134462,0
0.9881695832746793,0.0023734762732071125,9.64314870980398e-06,1.846214419754787e-07,7.211857056761592e-06,4.686670569013275e-06,0.009435214154336161,0
0.970833318429786,0.0023032445638780114,1.0851679289055008e-05,2.077591809990347e-07,9.354598062822863e-06,5.274029000162419e-06,0.026837748940802937,0
0.9605541076166707,0.002050450633880308,2.3076790870983395e-05,2.1845599635709235e-07,1.4597549060925295e-05,9.906400398224026e-06,0.037347642553122735,0
0.8422684185469717,0.0015927459486596437,2.128089992768857e-05,1.8465835816965306e-07,1.3773075209585992e-05,8.184373750843012e-06,0.15609541249712244,0
0.693483392279165,0.001626828278751256,2.403854895742326e-05,1.7886359151488537e-07,1.5295273160972593e-05,8.089318398582263e-06,0.30484217743797526,0
0.9701850661272765,0.002464434403817308,2.4739878994600435e-05,2.397408720991454e-07,2.253239780542951e-05,1.0682338387295773e-05,0.027292305112846856,0
0.9747166143855496,0.002240798857803436,2.3485537369891155e-05,2.3356523606149242e-07,2.1525050710522876e-05,1.0407165308407058e-05,0.022986935438022292,0
0.9826731707645767,0.0026575265430654584,2.5574607410831826e-05,2.137867492995416e-07,1.9253640432664373e-05,9.461410394480204e-06,0.014614799247370731,0
0.9558743594457652,0.00425326759160945,1.4009561298183347e-05,1.874628764501929e-07,1.636518969082229e-05,8.352943174698323e-06,0.039833457805585164,0
0.9554920441973321,0.004899301041264771,1.59329128703066e-05,2.1319937243754263e-07,1.9604524674918228e-05,9.499706163557618e-06,0.03956340441832189,0
0.9256939871496251,0.02952418133233663,1.6027564796126843e-05,2.0265971433756593e-07,1.5106600182087586e-05,9.776098101612065e-06,0.04474071859524416,0
0.8195726574487765,0.17163042676607676,1.5948394437197704e-05,2.016586488276976e-07,1.3302965315218597e-05,1.0237264456831817e-05,0.008757225502288836,0
0.7425420970574891,0.2540708735063422,1.4692316635835816e-05,1.9206889510891323e-07,1.2351060079081088e-05,8.301497152044015e-06,0.003351492493406639,0
0.8326532219678416,0.16291471017907977,1.9127942776577518e-05,2.215295413417925e-07,1.635032242104572e-05,9.430515902745655e-06,0.004386937542436799,0
0.7007503012646381,0.29570297005875035,1.7567760651784493e-05,2.0346035143715272e-07,1.4412610406712775e-05,1.0694681881923045e-05,0.0035038501633197386,0
0.6884267327595462,0.3061317267374764,1.627341056489077e-05,1.9542077263351612e-07,1.4607847902987169e-05,1.027208977902823e-05,0.005400191733957904,0
0.48936196647236996,0.5010821745816727,1.6319171601795803e-05,1.5347886456384437e-07,1.8733089130982433e-06,1.0911626330761767e-05,0.009526601360247206,0
0.5360631236823845,0.4637792767492339,1.5085414895138723e-05,1.4336179672701278e-07,1.4352695488329273e-05,8.963378063137283e-06,0.00011905471813818259,0
0.5518043578208539,0.4481146908095157,1.4575890666894743e-05,1.5444650132711594e-07,1.4315959130460639e-05,8.660631448488268e-06,4.3244441883205334e-05,0
0.525175518268072,0.47475912309207396,1.776702756859504e-05,2.0359157215832382e-07,2.0777968862584115e-05,1.1242230701936284e-05,1.536782114874613e-05,1
0.6461372901124961,0.3538149987700653,6.742134591901749e-06,1.7363293094695064e-07,1.9144444248598152e-05,9.455235578813984e-06,1.219567008836457e-05,1
0.22713857580273938,0.764801586205954,1.5566541447064836e-05,1.6235394135642754e-07,0.008025344741497993,9.845958701718508e-06,8.918395718726157e-06,1
0.49603006523807575,0.49479803497906283,3.076660143857892e-05,2.464427467139847e-07,0.009079607433318681,4.742780290612442e-05,1.385150245134172e-05,1
0.5845367225862347,0.40450059049139486,3.2933511916005704e-05,2.1044013114023676e-07,0.010869591750293943,4.872478414006084e-05,1.1226435889358371e-05,1
0.17775735745364107,0.8221827133951745,2.7043473830794454e-05,1.6231861181830358e-07,1.467551100176321e-05,1.3927627512931509e-05,4.120220227139952e-06,1
0.17342502714828054,0.8265189374860923,2.3032278920831722e-05,1.6289812620450667e-07,1.472790591603172e-05,1.397735231293446e-05,4.134930351069703e-06,1
0.17934362428412257,0.8206011239715146,2.3536544676274698e-05,1.5417412163801346e-07,1.3939153329000497e-05,1.3708387963749073e-05,3.9134842724354025e-06,1
0.19535377706813944,0.8045770694798803,2.94382027394789e-05,1.9303882123507205e-07,1.7452979132016268e-05,1.71692235376714e-05,4.900007749981936e-06,1
0.30699435722862667,0.6929449320923413,2.3584923387861477e-05,1.831398012943636e-07,1.655799133967883e-05,1.573588887616347e-05,4.648735627015384e-06,1
0.2094136460732351,0.7905229736363655,2.8145823372209103e-05,1.7475801536741257e-07,1.628211323663357e-05,1.2868501438919065e-05,5.909094336177555e-06,1
0.25060373162948735,0.7493382587735127,2.4271224014541975e-05,1.7246544683012525e-07,1.5288627763991076e-05,1.2445704078798665e-05,5.831575695727776e-06,1
0.2877738170096092,0.7121636837735036,2.4867684856773743e-05,1.804360419338358e-07,1.8329120657010923e-05,1.3020889832327679e-05,6.101085499236813e-06,1
0.3056150968326604,0.6943206105655144,2.554665804926781e-05,1.8577943439147046e-07,1.887191512326097e-05,1.3406487542053899e-05,6.281761676183548e-06,1
0.11395516212213735,0.8859987319963234,1.4090157228108722e-05,1.3533307044171543e-07,1.3525136846951048e-05,9.990646441734793e-06,8.364607951904929e-06,1
0.1326746972917242,0.8672656808331033,2.5989672536131255e-05,1.7447510714262494e-07,1.4275111493818743e-05,1.3255299772899501e-05,5.927316262649176e-06,1
0.46001224203328417,0.539926776285832,2.2174601982829075e-05,2.0101190901149208e-07,1.730303695979712e-05,1.4470618416544026e-05,6.8324116156369945e-06,1
0.3261786548264273,0.6737414425460223,3.0403592099357642e-05,2.85777529993552e-07,2.1128031049396542e-05,1.9260562036722005e-05,8.824664834903556e-06,0
0.7401368796048277,0.25982307559980694,1.704724902097822e-05,1.4279496127930516e-07,9.298650595467258e-06,9.146664981222161e-06,4.409435806346744e-06,0
0.26447217032459186,0.7354804368899547,1.9359257460021658e-05,1.484301446333708e-07,1.3006531045397913e-05,9.948324212053114e-06,4.930242591344077e-06,1
0.2546822085883812,0.7452625574707185,2.122965331718173e-05,1.7939907765567224e-07,1.5434520634513825e-05,1.2295773129625194e-05,6.094594741377562e-06,1
0.3792731272739757,0.6206783071819818,1.781926444186227e-05,1.6212600850554188e-07,1.3955751831377282e-05,1.1117725158775008e-05,5.510676601985794e-06,1
0.21627951662350683,0.7836479034779292,3.348740696586764e-05,2.0307681009637404e-07,1.6881414151793138e-05,1.5105402859635617e-05,6.902597776381742e-06,1
0.3487327445274875,0.651210940906442,2.044473905726896e-05,1.781765369420745e-07,1.5337375876078637e-05,1.3223108608917304e-05,7.131165991281988e-06,1
0.30233107555962496,0.6975714367471034,4.818648982618004e-05,2.2525232063723353e-07,1.9640748317398995e-05,1.9964439330455723e-05,9.470763476863967e-06,1
0.36851507709788695,0.63136693418894,6.2892844863206e-05,2.53480815559474e-07,2.1718381523433862e-05,2.246637170864758e-05,1.0657634262301744e-05,1
0.3416166767877348,0.6582736344475841,5.846863038678132e-05,2.3564963784548513e-07,2.019059599950849e-05,2.0885968609339126e-05,9.907920047747268e-06,0
0.3053086208677305,0.6945915484375275,5.164257557205509e-05,2.2562392303794625e-07,2.0484541735067916e-05,1.799156596339583e-05,9.486387548725376e-06,0
0.35709714501317813,0.6427861424623641,6.628290532846188e-05,2.3102990396736342e-07,2.206226008227315e-05,1.8422646414346547e-05,9.713682728628992e-06,0
0.26339833436448484,0.7364754836696878,6.085350253685189e-05,2.5069765262964204e-07,2.405354264762814e-05,2.015379947572029e-05,2.0870423514430657e-05,0
0.26911952013257684,0.7307972631965182,3.1655407304899986e-05,2.229407344675017e-07,1.4651415097605671e-05,1.3871520435034831e-05,2.2815387332958226e-05,0
0.7139898552070955,0.2859546939130266,1.8381731880263377e-05,1.7872623146520235e-07,1.728352867095809e-05,1.1200419265283154e-05,8.40647382988424e-06,0
0.06059376490538088,0.008630615027445703,6.833674673209405e-06,5.097721815770939e-08,4.349564164914359e-06,4.818615087996772e-06,0.9307595672360293,6
0.01731847431054998,0.007580183700836283,2.410399266437742e-06,1.7885832137606274e-08,1.652747115245046e-06,2.4689757633706945e-06,0.9750947919806365,6
0.020857451515631297,0.009493525684962395,3.0188169904664257e-06,2.2400460661205052e-08,2.0699230795152487e-06,3.092178995942197e-06,0.9696408194798797,6
0.8223254018643108,0.17506216264252558,1.7876998973825173e-05,1.80444213428997e-07,1.3414209657432251e-05,1.5297892891912906e-05,0.0025656659474270916,0
0.9496293970874887,0.050313223210169004,9.971146065356923e-06,1.0763577796084075e-07,4.668407755388363e-06,6.01988491156176e-06,3.661262783190818e-05,0
0.9399055180692694,0.060037888109600986,1.0404087959731315e-05,1.1650865254949466e-07,5.490676020162684e-06,8.99749564733496e-06,3.158505284957988e-05,0
0.8810804939697294,0.11889324987132065,9.248808245430103e-06,1.2586786712710924e-305,5.346914468255759e-06,7.848346716527145e-06,3.81208951971547e-06,0
0.8922179167895921,0.10775960061029131,9.205288277227507e-06,9.281469452584212e-08,4.5905710060326e-06,5.886370256616094e-06,2.7075558822192307e-06,0
0.912084490730802,0.08788690517101021,1.0551922967765108e-05,1.0014174097529857e-07,5.926395515796345e-06,9.231166526260272e-06,2.794471436824879e-06,0
0.8969472149261934,0.10302190044783757,1.1586964134499294e-05,6.528597343948531e-08,6.191435823578333e-06,8.838532367083835e-06,4.202407670232059e-06,0
0.8811778135081398,0.1187909365677302,1.4526787642860044e-05,6.796788708441214e-08,6.2345113578367015e-06,8.238415378029949e-06,2.1822418641029156e-06,0
0.8479398744459745,0.1520299944224952,1.2031268287984106e-05,6.215703901710485e-08,6.228615658121699e-06,7.445540822224165e-06,4.363549722701286e-06,0
0.852116384509289,0.14785286175168533,1.1170341506245215e-05,9.114173101313041e-08,5.937837695288571e-06,9.663996868182674e-06,3.89042122496467e-06,0
0.8312150167331288,0.16875373500963595,1.1072250605794763e-05,8.02916484531506e-08,6.0285511631744856e-06,9.394633403157867e-06,4.6725304145196904e-06,0
0.826781956969983,0.173188527887915,1.1013199761356307e-05,7.540525957141526e-08,5.996399521236435e-06,8.594445868283427e-06,3.8356916914672395e-06,0
0.8088537502360715,0.19111855994805535,1.0603214282691212e-05,1.0017710007862443e-07,5.977430505500359e-06,8.274502701944683e-06,2.734491282988426e-06,0
0.7303179295289917,0.26964859812778486,1.3194514935570366e-05,9.493948024897793e-08,7.438244100178698e-06,1.0296693679335496e-05,2.447951028089612e-06,0
0.6521847498609964,0.3477809708617609,1.2725404298463576e-05,9.761245034009257e-08,9.09683255813382e-06,8.968267377414618e-06,3.3911605584104617e-06,0
0.6372059335066015,0.362759234104671,1.286864971253356e-05,1.2185391905399914e-07,9.093401457686146e-06,9.344670612394086e-06,3.4038130259138012e-06,0
0.3603226814992496,0.6396053597297364,1.7225455776905284e-05,1.6947245281161958e-07,3.651772144080504e-05,1.3312153434352364e-05,4.733967909215316e-06,1
0.4573963647276059,0.5368232467678116,2.1847232113407196e-05,2.3120693320033429e-07,0.005731864183078153,1.6984682141577228e-05,9.461200316011958e-06,1
0.20525521780445974,0.7922818082168811,1.9870022555805993e-05,1.9012389938325175e-07,0.002415892118364068,1.8393680767239494e-05,8.628033072683204e-06,1
0.22232331779383677,0.7757010693962418,2.5214958850588e-05,2.114068392295899e-07,0.0019274337460878429,1.7975897137399807e-05,4.776801006458702e-06,1
0.18888540727352168,0.8090784801472622,2.4621187943026177e-05,1.785939182785419e-07,0.0019877784498845115,1.8870032289412667e-05,4.664315180657678e-06,1
0.09352912146625537,0.898681032381374,2.900209392463051e-05,1.7668842459408493e-07,0.007738681314270753,1.7458740125022313e-05,4.527315625847796e-06,1
0.08777261189936716,0.9058693421079999,2.5825933878755767e-05,1.7279313223415877e-07,0.006311237999596185,1.6381760095921765e-05,4.427505929718275e-06,1
0.12103314136545715,0.8567761061476007,0.00011344120597748039,1.7652675813283475e-07,0.021799003778740687,0.00027038410031641536,7.746875149800501e-06,1
0.26531619061362177,0.7133073188045713,0.00020804846666532285,2.4954000186334664e-07,0.02074965122471398,0.00041324983008759325,5.2915203381971714e-06,0
0.3931703881561406,0.5851036797976906,0.0007150339535630473,3.2825181725478197e-07,0.01980542709398807,0.001198788592012036,6.354154788452759e-06,0
0.4173409056808227,0.5807768970755018,0.00017398587365279598,1.694451668147069e-07,0.0007349696748679988,0.0009683364086664133,4.7358413213649305e-06,0
0.5274764587446422,0.47108283815690777,0.0001356479019930674,1.3477162330685803e-07,0.000794625985312358,0.0005044320365372452,5.862402983980347e-06,0
0.6355508849840092,0.36246318371438047,0.00017768436837580293,1.554093889472782e-07,0.0009133656095681696,0.0008906878877044793,4.0380265727767025e-06,0
0.8060044489759003,0.19211380924705884,0.0003142018609885216,1.6961747709662416e-07,0.0008968580916922173,0.0006668387591893674,3.673447693780393e-06,0
0.8292859538605704,0.1678247525302396,0.0003465738800268084,1.5739857105409147e-07,0.001553598352182118,0.0009855551585897235,3.4088198205754896e-06,0
0.7555773411876886,0.23597872946581452,0.0006116909615687422,2.2839899306719569e-07,0.004915207885208533,0.002911840218492371,4.9618822344052515e-06,0
0.2307576112396331,0.7518744666028289,0.00030235485892100844,2.7001223720665135e-07,0.016192544746703497,0.0008659788374562536,6.773702220017459e-06,0
0.10332734756944867,0.8906666639311988,0.00018629222326880282,1.7850736450920216e-07,0.0044196622581704845,0.0013954089024541601,4.446608094704918e-06,1
0.09036942788609334,0.8951906690004656,0.00029064501693830885,2.3671193866696165e-07,0.013364026305052212,0.0007810410305130459,3.954048998687042e-06,1
0.11495685021230048,0.8573769042593342,0.00035846054001466304,2.777733137225631e-07,0.026456247633471076,0.0008459673212257395,5.292260340199599e-06,1
0.14192013096507078,0.8319249867893813,0.005212122103334735,3.365568840884265e-07,0.009512484985780093,0.011424520707433767,5.417892115197471e-06,1
0.09117548122031671,0.8951746515311857,0.0032364668079725724,2.0896630039307863e-07,0.005383772817802233,0.005026056479824767,3.362176597678765e-06,1
0.06807198392455788,0.9217000480473994,0.0029669611504866754,1.829677942457161e-07,0.005183268871923174,0.002071916610943034,5.638426895829482e-06,1
0.029522077109532283,0.9599370037476502,0.006475839383214734,1.4589810677082414e-07,0.0035302618245007245,0.0005281615837286608,6.510453266553033e-06,1
0.014263621595130773,0.6923505893348525,4.95703160468857e-05,6.123333320771699e-51,0.2932290219837072,5.810548157472559e-06,0.00010138622210492211,1
0.0002597698422712864,0.011539260359525764,7.251581303500162e-07,1.2562839046708938e-09,0.9881978577183731,1.2113706118706941e-07,2.2645283541920294e-06,4
0.016352814895096584,0.48697806702006285,3.9221454344335066e-05,8.719610786649162e-08,0.49660101894974584,7.735310080569443e-06,2.1055174561934817e-05,4
0.021636414173736834,0.5502441836119724,4.739238474583675e-05,1.0536150587554944e-07,0.42803711611691825,9.346792402144707e-06,2.5441558718591838e-05,4
0.04944935473039559,0.8931773359029525,0.0006288638566256226,1.8514868063978425e-07,0.05639697015399094,0.00034259047926777655,4.699728086969089e-06,1
0.050348140018162756,0.8878707260336208,0.0007245354138793095,1.8404866189044648e-07,0.06078741313439174,0.0002643295455612363,4.671805722118359e-06,1
0.06253763227168099,0.9024255884653715,0.0020678398953612944,2.012963371238949e-07,0.032406254557796194,0.0005583502074731455,4.133305979629432e-06,1
0.0707871263272228,0.9021487011942252,0.002504082268505495,2.052913562956612e-07,0.023555085476603666,0.0009995141049512738,5.285337135491172e-06,1
0.07090425876377582,0.9036414991221356,0.002508225808053681,2.056310547410399e-07,0.02193934857736555,0.0010011680147588404,5.29408285591811e-06,1
0.10546007213007667,0.8672402029083909,0.009994453220800639,2.0917929504020416e-07,0.016615759007343963,0.0006836776473888151,5.625906703752104e-06,1
0.05625486388937068,0.9264478105470073,0.007504298797925457,9.870096922452879e-08,0.009433076208467497,0.00035678352138512876,3.068334874750516e-06,1
0.2766101946262076,0.706810753211868,0.002507705802360553,9.36931321290759e-08,0.013673811836124008,0.0003953539060778733,2.086924229861391e-06,0
0.020876888670905026,0.9519722887180347,0.005098405014513339,3.9116119352567716e-08,0.021325985451347004,0.0007234475502957111,2.9454787849955866e-06,1
0.020341883697812885,0.9544773347451404,0.0052642538938116375,4.02857515107936e-08,0.01916837407910255,0.0007450797452480979,3.033553132996485e-06,1
0.01112498806070618,0.957471440529481,0.011884247428237541,1.4355781658368955e-07,0.01682961776011666,0.0026858205682863123,3.7420953556808056e-06,1
0.011985692208727559,0.9342960277513807,0.0276155144309248,1.9722734957494515e-07,0.022304839252536696,0.003792588039822055,5.141089258817066e-06,1
0.008935316048086806,0.9286635571304782,0.030896839947620016,1.982329216053316e-07,0.0266414050525235,0.004856269533173842,6.414055195884361e-06,1
0.009193824686873232,0.9484658355024267,0.01910341891842929,2.0338747433770295e-07,0.017607889830377327,0.005624599315332381,4.2283590867477895e-06,1
0.006918809994728441,0.9401608493890036,0.028988245375202885,2.0160656659512305e-07,0.01807237749298064,0.005853772068375533,5.744073142490659e-06,1
0.007640522907884387,0.9233290610465693,0.024314019919393647,1.9799718522215978e-07,0.04001432594281771,0.004698247544707538,3.6246414421577524e-06,1
0.008449379218427963,0.9159521502719957,0.03045547084192863,1.8715427030281884e-07,0.041379772928486595,0.003759443902416439,3.595682474400026e-06,1
0.008986575826827027,0.9220885851784572,0.029040092298894815,1.9377179861783248e-07,0.03596728249002306,0.003912780046819912,4.490387179285107e-06,1
0.006576268453449698,0.8988707604508159,0.035395512593835346,2.0507591489937324e-07,0.05314144042822553,0.006012360497214632,3.452500543815467e-06,1
0.006372598727990044,0.9033854493287324,0.06689083290656375,2.155109962271496e-07,0.018171407715936064,0.005175867632225658,3.6281775557970265e-06,1
0.005530782269417904,0.9578472857819816,0.025135970741565865,1.8758518434059984e-07,0.007814242044638094,0.003668373537169861,3.1580400422225544e-06,1
0.0065455380607480395,0.9551475749947242,0.021577214619520987,1.9230706459447369e-07,0.012715106476369949,0.0040111360075821235,3.237533990365271e-06,1
0.008775433357381042,0.9436807749781236,0.03243465959634727,2.101797867817861e-07,0.009908818889484234,0.005196523163623495,3.5798352538321136e-06,1
0.01212243666046354,0.9350354735822314,0.0314650417004738,2.683660381262174e-07,0.011706324742929472,0.009666226116548762,4.22883131447307e-06,1
0.0001333218785879958,0.03418028028740613,0.9529345792033954,8.059468682917605e-05,3.71444666046879e-05,0.012613499931309677,2.057954586674285e-05,2
0.00012971661939705512,0.03504751065626225,0.9501970038137447,7.039245367430884e-05,3.305881970725539e-05,0.01450400170596943,1.831593124505876e-05,2
0.0010054012882551625,0.15546302530245795,0.7983392045601578,0.0022210880400581235,0.00016178793718736752,0.04280353841533798,5.954456545331916e-06,2
0.0006287181375668088,0.08888580123693367,0.8854284629795689,0.0003494517917919362,9.578737270413652e-05,0.02460302644148569,8.752039949025476e-06,2
0.0008055961129271618,0.2206643637512978,0.7400715690042762,0.00020998807872098167,0.00010078230969350025,0.03813840561890298,9.295124181553902e-06,2
0.0013698780346012985,0.7465171510905935,0.21686452064534592,0.0013227050363378472,0.00019189798508999095,0.033724888459845115,8.958748186426376e-06,1
0.0012415786696538533,0.6895771258110208,0.14338340140220526,0.00038650141864373424,0.00012622437277592862,0.16527085024624766,1.4318079452927789e-05,1
0.0014932506892974735,0.7374690338287021,0.14046569678141424,0.00032848990566541257,0.0002178176440701536,0.12001371571782445,1.1995433026125151e-05,1
0.0013158461582782055,0.7452245963553504,0.16963223459177806,0.0002971660216614096,0.00020243146237987873,0.08331599610395868,1.1729306593301017e-05,1
0.0006077195283089409,0.8376472014946676,0.09670058014378291,0.0003017755425935692,0.0002751239896362342,0.06446167399414096,5.925306869817723e-06,1
0.0007495862133849822,0.523931772410968,0.06142162356829732,0.00012792517074962617,0.00020221550211304038,0.41356036858692036,6.508547566753697e-06,1
0.0020555407722378286,0.6040892411942229,0.10910132116662229,0.00013422471672044664,0.0006554214462331484,0.2839589782271217,5.2724768415894e-06,1
0.0041162223001488555,0.6471763349281223,0.23211062889735665,4.344936085440608e-05,0.0012461152306305462,0.11530336877249994,3.8805103871865895e-06,1
0.5926127631436124,0.4054109167118231,1.2405289194790867e-05,2.406012405298604e-07,1.5219309615820754e-05,7.5561682784706065e-06,0.0019408987762347223,0
0.6120270288271031,0.38780374559882785,1.231037732793094e-05,2.484834474243687e-07,1.5717882311013017e-05,8.377655662452931e-06,0.00013257117532013206,0
0.7957110621302373,0.20425491546480748,8.230892756487845e-06,2.0361599920597653e-07,1.2833757932325443e-05,6.126880312562435e-06,6.627257954721205e-06,0
0.766377563743171,0.23359093041499646,7.927464928363678e-06,2.060420676501403e-07,1.1088371626715139e-05,5.901015872164744e-06,6.382947337742918e-06,0
0.7907425609671797,0.20923047247124896,7.238682593882247e-06,1.4784627499768154e-07,9.183214024785502e-06,5.100007943509285e-06,5.296810734265257e-06,0
0.9230660326620036,0.07582203477706694,5.911597035578624e-06,1.4624121257729183e-07,5.904317153807115e-06,4.502282061420571e-06,0.0010954681234660413,0
0.890238747566619,0.10846317648429411,5.701361067197986e-06,1.311195546137896e-07,5.694340082131499e-06,4.523013989295388e-06,0.0012820261143937303,0
0.9219052326083194,0.06505691714720728,1.3420332891282721e-05,1.8908121589734044e-07,1.5703672144821482e-06,6.522421366787579e-06,0.013016148041784985,0
0.984088958409663,0.0014442156668996095,9.039856374723658e-06,1.5377482198021358e-07,7.792731491473233e-06,4.39346421946713e-06,0.014445446096529872,0
0.9816148939923326,0.0014581188812305234,9.584603806811936e-06,1.3503901552721183e-07,8.694694211664747e-06,4.6582171372478185e-06,0.016903914572265297,0
0.9771291515223457,0.001533945139833838,1.7263781246231743e-05,1.6342725269389795e-07,1.033421121877662e-05,7.410992731557162e-06,0.021301730925371163,0
0.9712980874033404,0.0023727367440760753,2.18075490864082e-05,2.308204979630911e-07,2.0050495313212052e-05,1.02848656734099e-05,0.02627680212201242,0
0.9688180799447969,0.0022968064663527886,2.261841746478901e-05,2.3940307834105e-07,2.250064976319144e-05,1.0667287022889295e-05,0.028829087831521095,0
0.9572951052552101,0.003911193377692377,1.409532249888728e-05,1.8861045281105053e-07,1.6465371151737456e-05,8.40407671277469e-06,0.03875454798628118,0
0.9499293024720484,0.005131430792120038,1.6687817103345548e-05,2.2330079645488554e-07,2.0533390525392648e-05,9.9498039237017e-06,0.04489187242348278,0
0.926061289371021,0.01779656098241892,1.925892381613058e-05,2.460792918054392e-07,2.2187895646211133e-05,1.1714673829316299e-05,0.056088742073976496,0
0.9369961035894853,0.022845285506537544,1.2616746139285391e-05,1.5242891455367037e-07,1.3507603695852155e-05,7.1491886526704215e-06,0.040125184936575034,0
0.9208050902555932,0.02909544238565248,1.5869467528419665e-05,2.0066066161067697e-07,1.4957587387972415e-05,9.679665835178447e-06,0.050058759977340946,0
0.9203521774982949,0.030214531658680845,1.6378559456421377e-05,2.0709784817100335e-07,1.5846329597277883e-05,9.990189155108263e-06,0.049390868666967416,0
0.8119385975477268,0.18002255234384287,1.7606924212625542e-05,2.2262984281655473e-07,1.3962856976354447e-05,1.1301873686773086e-05,0.007995755823711703,0
0.6977342673467397,0.2976554201433229,1.620960462213148e-05,2.527556332856172e-07,1.3429309225860171e-05,9.836909436953008e-06,0.004570583931019096,0
0.8118295852223701,0.18462896007565058,1.8507993382875427e-05,2.143496210311715e-07,1.527979190357247e-05,1.104173453697412e-05,0.0034964108325349587,0
0.7068683777815586,0.28846042251508264,1.7325595424892393e-05,2.0065572407764237e-07,1.4213937784832849e-05,1.0547259560102443e-05,0.0046289122548648825,0
0.5644557875448487,0.4264428065217311,1.392240998589415e-05,1.309377539967914e-07,1.6052962984928254e-06,9.309059252310696e-06,0.00907643823012951,0
0.42082575258334176,0.5701574720543506,1.543920976236992e-05,1.452029822292451e-07,1.4810064007951516e-06,9.181285728567152e-06,0.008990528657433798,1
0.63446402698677,0.3638114325202786,1.329814245923161e-05,1.5238281809422632e-07,1.3541666766849732e-05,7.929191824378003e-06,0.0016896191090829554,0
0.6181487142977323,0.3817006750400304,1.4393407775827552e-05,1.3678541916882555e-07,1.3934895047699087e-05,8.552204656513418e-06,0.0001135933693379082,0
0.5341311868603638,0.4658064687930581,1.565018150682299e-05,1.9975239377275525e-07,2.0386153385609384e-05,1.103023308013451e-05,1.5078026211941636e-05,1
0.583980611496901,0.41596421691103025,7.93392449463437e-06,1.81730131576225e-07,2.3442124966020683e-05,9.896171172431885e-06,1.3717641304079613e-05,1
0.24343373561847026,0.750827159454071,2.0684215935201283e-05,2.157296142092343e-07,0.0056932716362436695,1.308292767330281e-05,1.185041799226953e-05,1
0.23193311963564534,0.7498820907369705,2.4089217697009005e-05,3.029439221920225e-07,0.01813171565697718,1.5556168350054354e-05,1.3125640437886392e-05,1
0.15274292971297912,0.8471884343649587,3.257933426425898e-05,1.6952104599315723e-07,1.7191322936587748e-05,1.4392700345690968e-05,4.3030434698934946e-06,1
0.18938130425303554,0.810535672292312,3.0272563832543094e-05,1.985696441480422e-07,2.7231174780625964e-05,1.635098293066827e-05,8.970163464508982e-06,1
0.2022074056213343,0.7977007470984806,3.384588688487022e-05,2.0314762109650436e-07,3.566278265733167e-05,1.6978858192795032e-05,5.156604828989767e-06,1
0.15030348298620355,0.8496414920294584,2.2190237114636925e-05,1.5959564702934528e-07,1.4429322969040856e-05,1.41947268531512e-05,4.051101754060508e-06,1
0.3085299809551054,0.6914097449618779,2.3097249818269176e-05,1.794099534413015e-07,1.6715531883152432e-05,1.572783245970167e-05,4.554058902047187e-06,1
0.2612537604978036,0.7386875770360093,2.4544384579556783e-05,1.744064597297393e-07,1.546069367199022e-05,1.2585774293474893e-05,5.897207182257554e-06,1
0.29451177518094945,0.7054263168709473,2.4632426136461747e-05,1.7872904135987796e-07,1.8155719494214785e-05,1.2897706757710162e-05,6.043366673566818e-06,1
0.12434144050629263,0.875602916034282,2.4255485128422694e-05,1.627477615363825e-07,1.3322590119730614e-05,1.2370826376029753e-05,5.531810039556052e-06,1
0.12178543082233122,0.878158763297378,2.432628584658535e-05,1.63222815254547e-07,1.3361478187450948e-05,1.2406936286305764e-05,5.547957155207061e-06,1
0.21666216366325977,0.7832824998248242,2.0482526977488557e-05,1.7762022091282716e-07,1.5289488380940976e-05,1.3349550157678287e-05,6.037326178855532e-06,1
0.22373706022075054,0.7762057963062516,2.1151364383852584e-05,1.8342024002197813e-07,1.5788752058932493e-05,1.3785467001015103e-05,6.234469313942201e-06,1
0.34087597360724653,0.6590440060831465,2.901677804672728e-05,2.6841401017043276e-07,2.2452632593374017e-05,1.9366868871332647e-05,8.915616085428301e-06,1
0.8919470015208925,0.10803078924188031,8.514463020480969e-06,8.50327562471164e-08,5.537239426571152e-06,5.446733742243168e-06,2.625768281662254e-06,0
0.4641121632019531,0.5358346329062776,1.8836042848006075e-05,1.9373347319281585e-07,1.5782216567286154e-05,1.2409507723996166e-05,5.982391156739814e-06,1
0.18744917332557848,0.8124890485338976,2.7223925017156195e-05,1.7814677323281482e-07,1.5334813826079144e-05,1.2986031171254604e-05,6.0552237362938855e-06,1
0.22255047828238292,0.777373874420411,3.4616796790934e-05,2.0992573940474207e-07,1.80703364571565e-05,1.5614844761500074e-05,7.1353934569525625e-06,1
0.18287193084196962,0.817081375501838,1.941692438391939e-05,1.396382687386944e-07,1.2020014818373657e-05,9.52833123422825e-06,5.588747487187964e-06,1
0.22351821892375165,0.7764330608316005,2.0259653739576616e-05,1.4569882013769494e-07,1.2541705027522715e-05,9.941877905304534e-06,5.831309155332965e-06,1
0.3971623047448403,0.6027834804032535,2.076608971727435e-05,1.6155206396197114e-07,1.3906346879704934e-05,1.2915059137899561e-05,6.465804107089341e-06,1
0.3769686146046465,0.6229395797638981,3.68016455998156e-05,2.5600968814583944e-07,2.1293505776726914e-05,2.2690509347638897e-05,1.0763961043135065e-05,1
0.4480599582343939,0.5518189242190764,6.323347951126014e-05,2.8005425208796065e-07,2.639552577753428e-05,2.251380170376683e-05,8.69468528510914e-06,0
0.24057773501456547,0.7593440109990535,3.098901566531642e-05,2.0121952147846917e-07,1.6839825151770367e-05,1.5937164120524825e-05,1.4286761921802479e-05,0
0.22955019659988904,0.770371441607952,2.60521584634802e-05,1.878835533060744e-07,1.4271907336738059e-05,1.2190210264471204e-05,2.5659632540884146e-05,0
0.7449965180835549,0.25494734343745595,1.7301516596413832e-05,1.6822325992198035e-07,2.0214058774337187e-05,1.0542218821783462e-05,7.912461536947232e-06,0
0.01300632060676156,0.006310469113732833,2.0611824554748423e-06,1.529454639192831e-08,1.4132983712338573e-06,1.718173361893068e-06,0.9806780023307706,6
0.017632848500745823,0.008425702617947282,2.7520791399434216e-06,2.042119171367873e-08,1.7434751949124179e-06,2.294095341008052e-06,0.9739346388104393,6
0.01794952593007329,0.00828490430502521,2.8452260606012456e-06,2.1112367740081613e-08,1.816062687226856e-06,2.605835845099417e-06,0.9737582815279409,6
0.046695047986252916,0.009179055913920025,5.219169681724323e-06,3.748445039177504e-08,2.4120784789377796e-06,2.6753652029201433e-06,0.944115552002013,6
0.8440897644188469,0.15584673982024524,1.284488324098933e-05,1.8342629049616925e-07,9.848040484770512e-06,1.2295516471295854e-05,2.832389442008505e-05,0
0.8504626158100845,0.14947492916986685,1.367990037777182e-05,1.435935046111256e-07,9.499949246534285e-06,1.2452397616081437e-05,2.66791793034897e-05,0
0.884173324445394,0.11577685660811773,1.1180107651691199e-05,1.3351249545081455e-07,6.406736239473419e-06,9.728103291192576e-06,2.2370486810523873e-05,0
0.9514106342774025,0.048536462134809034,8.488528827778415e-06,9.015436158761735e-08,4.368941842225756e-06,6.24140612063962e-06,3.3714556636317276e-05,0
0.9573604519468366,0.04254536424476909,9.85813311519575e-06,9.906411151524744e-08,4.7247731706646845e-06,6.323431438952522e-06,7.317840655757776e-05,0
0.9143029018075672,0.08554712503392585,1.428016327372864e-05,1.3994114899021016e-07,9.02066482414103e-06,1.39057208785269e-05,0.00011262666838149715,0
0.9238112193786777,0.0759784464389687,1.2416521016747696e-05,1.1094950325143177e-07,8.087979988012525e-06,1.0912251458290246e-05,0.00017880648038724457,0
0.9071337729530324,0.09283936430217864,1.1690042698393905e-05,7.282067487933953e-08,5.197415428161959e-06,6.5646972236980405e-06,3.3377687637468306e-06,0
0.8538048575068244,0.14616574753753464,1.1250476917905066e-05,6.219773787606111e-08,6.050996083672951e-06,7.876400904314958e-06,4.154883997281601e-06,0
0.8625080097171647,0.13746361494811438,1.1438178468735495e-05,6.323543716140462e-08,6.151950146088445e-06,8.007809792621658e-06,2.7141608765175034e-06,0
0.8427416225136697,0.15722033880270989,1.8042185954252052e-05,1.3144031652606527e-07,7.156960063021664e-06,1.0074587170425519e-05,2.6335101160097757e-06,0
0.8547114658929799,0.14525790021544413,1.1491139887863934e-05,1.0473477181492768e-07,6.3244816443033565e-06,9.750054480738271e-06,2.9634807915047782e-06,0
0.7618804752477755,0.2380901079777691,1.1620520305737115e-05,1.1003531624001776e-07,6.1358536369330965e-06,8.438331684169476e-06,3.112033512266251e-06,0
0.7432017074167598,0.2567559449855605,1.0275569426320692e-05,9.882379909701771e-08,2.1599707938078528e-05,7.578548629345301e-06,2.7949478868088974e-06,0
0.5939911595246697,0.4059731028410691,1.370651620574556e-05,1.3182043229322275e-07,8.406086894381377e-06,9.810997567367852e-06,3.682213161502205e-06,1
0.4251676813142077,0.5747756942705202,1.724332281211636e-05,1.8248425085968605e-07,2.120413136282583e-05,1.3255598647832996e-05,4.738878198523044e-06,1
0.24693148755333852,0.7482316799578338,1.4638297209971946e-05,1.7683465278751132e-07,0.004797970319827192,1.675866579663813e-05,7.288371341160442e-06,1
0.20946728232038128,0.7867630824961825,1.87954406193774e-05,1.810164477042315e-07,0.0037267631229489467,1.711595658476524e-05,6.779646835191835e-06,1
0.18382846265656003,0.8147850023241208,2.254836550513072e-05,1.73000706357632e-07,0.001339732043745513,1.760217776232401e-05,6.479431599828341e-06,1
0.22632514581158825,0.7717186177920045,2.4963380526823327e-05,1.8107606960639857e-07,0.001908203076155699,1.815972243640549e-05,4.7291412185810675e-06,1
0.16853031920832273,0.8291343710125839,2.5237832477073782e-05,1.8659425356050013e-07,0.0022872022649420075,1.790195316272099e-05,4.781134258107696e-06,1
0.1357846346061785,0.8613522858639537,2.4518753995265883e-05,1.8127779412658286e-07,0.002814842942149388,1.889164615681461e-05,4.644909771842367e-06,1
0.11929647935966839,0.8754345907270412,2.8078879546760048e-05,1.798725797208127e-07,0.005217317053988136,1.874520343636904e-05,4.608903739463477e-06,1
0.10021602753256625,0.8759939671694505,1.953382992475566e-05,1.6964646502335376e-07,0.023754132035035385,1.1822908183107119e-05,4.346878374939017e-06,1
0.4168369540425326,0.5566940535199684,0.0006668152248889671,3.1834881143342116e-07,0.02455111066833624,0.0012445857387194392,6.162456742769027e-06,0
0.1618023171339598,0.8347406307717747,0.00022817427146691046,1.9998343191319014e-07,0.0029565364720359824,0.00026655200873006976,5.5893586004640995e-06,0
0.20938470116539992,0.7873017933669015,0.0010982532264586647,1.9978799815687898e-07,0.0018013698811324274,0.000408098675707986,5.583896401239852e-06,0
0.4901001897221649,0.5085169539471419,0.00014221314596037505,1.3742731547892996e-07,0.0006700732958094533,0.0005657308941081826,4.7015674996559296e-06,0
0.47319246266500314,0.5249832020220865,0.00020973584574173596,1.6032802154194335e-07,0.0009551483526766748,0.0006552468203673293,4.0439661030490425e-06,0
0.6073700164764646,0.3905903511260115,0.000208129972264921,1.7557829526672403e-07,0.001039008129754649,0.0007887571100007781,3.5616072081462722e-06,0
0.6858108865398829,0.3122154363985651,0.00022027098074716735,1.7063800300412355e-07,0.00104582896552762,0.0007042282207905267,3.1782564836718643e-06,0
0.5057628827347137,0.4903838457196023,0.0002895653779519048,2.243185083447844e-07,0.001930709304213614,0.0016279144235403758,4.8581214698883546e-06,0
0.6877564792845156,0.29985038638482275,0.0004197829002686065,2.2883590895445007e-07,0.009333608839943504,0.0026347820259122437,4.731728628382572e-06,0
0.6217894398448813,0.36404667712907074,0.0005058664597289537,2.6443565966008757e-07,0.010453133243345783,0.0031988741220488354,5.744765264462433e-06,0
0.278682059606312,0.7083258217842232,0.000298178639418584,2.7816350895814733e-07,0.011650260482485329,0.0010364231337385084,6.9781903133360445e-06,0
0.08769157376963774,0.9061945767727195,0.00016979353487168173,1.4821279031538855e-07,0.004693680939987175,0.0012462554540729695,3.971315920662946e-06,1
0.08942969934216159,0.8948757250392511,0.0003985973793237496,2.3662865920682856e-07,0.01451102270629013,0.000780766246420071,3.952657894090438e-06,1
0.10164923216865154,0.8534295139949961,0.000434349037772922,2.336070148438887e-07,0.043535379898722894,0.0009447914851623758,6.499807679186602e-06,1
0.06129416006401143,0.9260434620699997,0.004285382585161796,2.0357915071747101e-07,0.006831963944696205,0.0015410194417556683,3.8083152244676056e-06,1
0.034845446700166836,0.9554200881138094,0.0053665577326429,1.5303271106997353e-07,0.0037878053777437443,0.0005743102337974769,5.638809128335259e-06,1
0.012904534875166749,0.7808529062244955,0.0033413852038551056,7.03914019287898e-51,0.2026299116105699,0.00021737289245082162,5.3889193461715586e-05,1
0.015827086702275638,0.7835890116751234,0.0013640533265698006,6.930270268983953e-51,0.19899655412368927,0.00016921615136261076,5.407802097940193e-05,1
0.013617288730336154,0.6783952203932883,4.732411762065314e-05,5.845864408622622e-51,0.3078546639354308,5.547252597393447e-06,7.99555707267288e-05,1
0.011481190003171422,0.5944761981387915,4.1470017296243926e-05,5.95709962413577e-136,0.39391126683421784,5.0563343903814086e-06,8.481867213263609e-05,4
0.009085524005143954,0.5228687746800226,2.237400583249618e-05,4.974130252407713e-08,0.46800455198673807,4.172164581073965e-06,1.4553416379236951e-05,4
0.0009124357831439623,0.02876993011851476,2.291613100914268e-06,5.091984762961313e-09,0.9703136385551725,4.6863602476203634e-07,1.2302020584082618e-06,4
0.04068006509850453,0.8707961351533781,4.961945305780571e-05,1.733643752686241e-07,0.08845419735967502,1.540897025478405e-05,4.400600754563128e-06,1
0.061504009874210536,0.901399770998197,0.00354737386814954,2.042498704411305e-07,0.03288173739017554,0.0006617190355828129,5.184583814234926e-06,1
0.06753679276234242,0.8815487965656752,0.002710345153390953,1.9975180078721563e-07,0.047559756127733416,0.0006400080477196397,4.1015913375879155e-06,1
0.06834065113690584,0.9031414881476696,0.002663117382510897,2.055172731316722e-07,0.025163671513678283,0.0006866463256524314,4.219976309998341e-06,1
0.3542842464722317,0.6277681048015569,0.0027841163480178672,8.745244497902868e-08,0.014752203842113981,0.0004089895730821586,2.251510552502145e-06,0
0.6192414602172032,0.3668757607160001,0.00354726229310169,5.062455956532073e-08,0.01011550923029965,0.00021865356213606987,1.303356699797543e-06,0
0.6040762495707316,0.38118500051167437,0.003763766532795386,5.3744887740806654e-08,0.010738995315545792,0.0002345938409563642,1.340483408882731e-06,1
0.05494317129391724,0.9158392371682427,0.005866316811262576,1.3735219875847256e-07,0.02262910235372345,0.0007186092372677661,3.4257833879426065e-06,1
0.022233195047937835,0.9539730960383029,0.0030495723576670596,4.727807864831101e-08,0.019785095347548163,0.0009555471071780224,3.446823287397849e-06,1
0.022199453266365767,0.949444956557605,0.0054370199453940594,1.5023428281270944e-07,0.021508615710229634,0.0014060104435488772,3.793842573824829e-06,1
0.011293529163607768,0.9558178876977107,0.012827982318139005,1.4614866300038086e-07,0.017730243406487364,0.0023264016349165743,3.8096304754945762e-06,1
0.011304988574617087,0.9540644766817762,0.011211649409559564,1.4588055892012953e-07,0.020894050966864645,0.002520885844768022,3.80264185545686e-06,1
0.012068359851448454,0.953479114098867,0.012336460381006052,1.4295922988835027e-07,0.019641792335755165,0.0024704038815877584,3.726492105743554e-06,1
0.014539922644798172,0.9442724151172796,0.01718111822825673,1.7130330391867817e-07,0.02008228597093333,0.003919621403527508,4.465331900845409e-06,1
0.006375388143044506,0.8539202838534393,0.11709197795247338,1.761393850784663e-07,0.01917895335712267,0.0034302552071752306,2.965347359630799e-06,1
0.00599274883286777,0.8323685395665998,0.1482316908591678,1.6556781652621928e-07,0.009465078885711926,0.00393898891528253,2.787372553600923e-06,1
0.005807621895210627,0.8385306333752294,0.14365254366681568,1.8546044022919468e-07,0.008045375216311868,0.003960939120459009,2.7012655333754856e-06,1
0.007233832559485575,0.9030917060466273,0.07685186619887403,1.9985650915677643e-07,0.008376292942314425,0.0044419934070214625,4.108989167898643e-06,1
0.004944860339540351,0.9374349380147698,0.04759769181795894,1.8697528381169665e-07,0.006021205145849262,0.003997273551513373,3.844155084507971e-06,1
0.004686972264078529,0.940669878399962,0.04511534119599992,1.7722400818606204e-07,0.005707182726528875,0.0038174645821817672,2.9836072409564363e-06,1
0.006040048923415492,0.952036061446967,0.021500764405134848,1.9162570156521053e-07,0.00702221235919214,0.01339678147332722,3.9397662620273504e-06,1
0.006530618835943981,0.9415536999296723,0.030955285530073574,1.931780571829937e-07,0.007636748390998692,0.013320201937901935,3.2521973524036655e-06,1
0.006875663248739569,0.937183617868318,0.03555617148185157,2.5082883078933107e-07,0.00878793350094492,0.011592706535014112,3.656536300893098e-06,1
0.00741502079949249,0.9416272621047042,0.0338179775840736,2.4534510381783687e-07,0.00950840972320494,0.007627507847877278,3.5765955433958217e-06,1
0.009223464877883187,0.9397823726894731,0.03534027962122829,2.1165468050361437e-07,0.0096476313429537,0.006002434857764757,3.6049560164986884e-06,1
0.011271956327173283,0.9144783308187107,0.051166517003057244,2.537580290339981e-07,0.011566783728143204,0.011511836293995697,4.322070890775027e-06,1
0.011441484790295248,0.9051555857761918,0.06135419181091776,2.575745101680925e-07,0.012457509787236955,0.009586583186685838,4.387074162110539e-06,1
0.03824752717370029,0.8826095843142306,0.037314989780596004,2.7533118626493013e-07,0.013478707766558629,0.028345024563782597,3.8910699455123554e-06,1
0.05552258393676454,0.8271510200744846,0.07108602547605357,3.2484060104166926e-07,0.01765534890369299,0.02858010601529252,4.590753110616317e-06,1
9.889170356313607e-05,0.021952326560824163,0.9519840320473464,0.00010536173815334278,2.3484612268497703e-05,0.025822286941327797,1.3616396516738636e-05,2
0.00012770956864130493,0.01613928303407064,0.9316786989742656,0.0001985882871462904,2.792531628601129e-05,0.05181021049185637,1.758432773373609e-05,2
0.0001304414356556235,0.016526612573194786,0.9253949666133208,0.0002296982017915242,3.616367278208009e-05,0.05766156449518576,2.055300806953896e-05,2
0.00015760146888262988,0.018877355850199312,0.9658771006260245,0.00015426339589061724,4.1445617229703655e-05,0.014868756576441872,2.347646533143745e-05,2
0.0003034272491759609,0.06744135599567676,0.9211098047209768,1.6281347466981747e-05,7.46972611733297e-05,0.011050957878809655,3.475546720437536e-06,2
0.0007868110295021926,0.23933049771276904,0.7228144026139386,0.0001608460165865909,0.00010208497714975008,0.0368002564437981,5.101206255815483e-06,2
0.0009029544397048595,0.9226432724878605,0.05095938135986612,0.0029975150310469815,0.00010312194479119298,0.022388407593273582,5.347143456808054e-06,1
0.0018001491170256745,0.7016654165748754,0.1693347284858252,0.0003413626311855105,0.0001884220372227614,0.12666179553779547,8.125616069977631e-06,1
0.0007687070853800696,0.5372965224230979,0.06298840131982018,0.00013118835885417716,0.00020737373029584708,0.39860113251124735,6.674571304484741e-06,1
0.002334801157772428,0.6437279204602194,0.06634668578334303,0.00013787601284858138,0.000410791287015068,0.2870359440836067,5.981215194749225e-06,1
0.0035766580261055625,0.7208520737231306,0.23619377407546438,0.00013089705670015379,0.0028798225543971655,0.036363063166645025,3.711397556941319e-06,1
0.004456833791601844,0.7174960406523474,0.2252250619818176,4.8345382455356886e-05,0.0028824614658443425,0.04988754192745556,3.7147984781137275e-06,1
0.0035843672510852257,0.6710857337168072,0.2831195746107859,5.4939472806597093e-05,0.0011665923224087598,0.04098485863516781,3.933990938428816e-06,2
0.9338353347732848,0.04644111473285167,7.184834198597341e-06,2.3190216092723826e-07,1.0176453417860013e-05,5.456916929554117e-06,0.0197005003871566,0
0.9166460408570589,0.06974118143744797,8.25356217073698e-06,1.7364018110002592e-07,1.0490408216735393e-05,5.8543040250789855e-06,0.013588005790899303,0
0.8516832063714598,0.14095140152547025,9.892592476139973e-06,1.9296990509012352e-07,1.2237895000378098e-05,6.060289100465016e-06,0.007337008356587782,0
0.6125055128794115,0.38732905484515234,1.1820288058367744e-05,2.486777123199616e-07,1.5326140064483346e-05,8.384205331734523e-06,0.00012965296426918993,0
0.7647860935704197,0.2351797941715353,9.420506950195928e-06,2.1318621281388176e-07,1.20539004759896e-05,6.4148515602539115e-06,6.009812845809955e-06,0
0.7957106603375161,0.20425481232669343,8.230888600314889e-06,1.9996799301727104e-07,1.3342347369972048e-05,6.1268772188063846e-06,6.6272546083004576e-06,0
0.7820922635482809,0.2178751191216512,8.090018919318613e-06,2.27284872574565e-07,1.1764178350876253e-05,6.022017187134521e-06,6.513830737818641e-06,0
0.7663772345879716,0.2335908300889001,7.927461523558498e-06,1.9610971094404883e-07,1.1527793959807728e-05,5.901013337708951e-06,6.382944596300053e-06,0
0.8076047840510259,0.19236767433782334,7.3930441860822445e-06,1.5099902912296514e-07,9.379041859477034e-06,5.208763277947912e-06,5.4097627981137584e-06,0
0.9081083079196396,0.083103538449495,9.021994765880717e-06,1.8078603278110228e-07,9.972474207239125e-06,6.356439086192007e-06,0.008762621936773256,0
0.9712626767345284,0.008428737172284094,8.692557535613823e-06,1.2247083298202412e-07,7.885472494517609e-06,4.310886971732633e-06,0.020287574705352713,0
0.9844873250467913,0.0014813753390173242,8.76746278806485e-06,1.4914120021005682e-07,7.953422957367868e-06,4.261078103251387e-06,0.014010168509142272,0
0.9949561988778453,0.0010076337101832626,1.2100101004987893e-05,1.3269627042756718e-07,7.856802405827849e-06,6.017424140913571e-06,0.004010060388149434,0
0.9818683252005637,0.0016128399791128275,1.8151702992192375e-05,1.7183274680204354e-07,1.086572692426582e-05,7.792159609870226e-06,0.016481853398050188,0
0.9433415995956614,0.00198928025880527,3.0710465203044905e-05,2.2850730770141832e-07,1.7043627843913458e-05,1.0334514434961174e-05,0.054610803030743865,0
0.9297407041853292,0.0020528209244535123,3.169140461202522e-05,2.3580618194126826e-07,1.9602730793853268e-05,1.0664614692801756e-05,0.06814428033393664,0
0.9715307024221725,0.0020632440074327364,2.2681747442715467e-05,2.4007339012084033e-07,2.2800529720265958e-05,1.0697154676218552e-05,0.0263496340651656,0
0.9749220868125051,0.0024593431148432912,3.0282825485884203e-05,2.53144328522145e-07,2.2527400060529043e-05,1.1203231206005665e-05,0.022554303471570506,0
0.977848585023455,0.0031784460331535733,2.3406082849448438e-05,1.5958693111392143e-07,1.8971796887666882e-05,8.659157577998316e-06,0.018921772319145224,0
0.9827394564196915,0.006283892574875072,1.9810524317465396e-05,1.6560282402723725e-07,1.50293430158424e-05,7.378906856920149e-06,0.010934266628419361,0
0.9539561452747677,0.004776956279636055,1.5980927117445464e-05,2.138418542888772e-07,1.9746995283046683e-05,9.52833377504313e-06,0.041221428347566216,0
0.8506777924927738,0.022483190673617044,1.3844718221881569e-05,1.8525710022432084e-07,1.596198773414064e-05,8.688889261125098e-06,0.1268003359812919,0
0.696149108388316,0.29697918682951735,1.617277856788451e-05,2.521814062838127e-07,1.3398799630988522e-05,9.81456129404685e-06,0.006832066461267422,0
0.7629767400203208,0.23059446130756933,1.3728085065614442e-05,2.2970822589712905e-07,1.303512346735099e-05,9.022555869094843e-06,0.006392783199481956,0
0.719935213635941,0.27270254433198926,1.6531509485110633e-05,2.5777508128553504e-07,1.5242097079581755e-05,9.943579997512677e-06,0.007320267070426145,0
0.7734625646351233,0.22080985173084083,1.5168602458493889e-05,1.9829525777052707e-07,1.2751448592089047e-05,8.570609607101719e-06,0.005690894678120446,0
0.7784612695125416,0.21672926689083494,1.8185081031171718e-05,2.1060982391853486e-07,1.3543341242148886e-05,9.164888032691541e-06,0.0047683596764934765,0
0.7155175300037846,0.2811860444424901,1.697783853671917e-05,1.9662819091135764e-07,1.368173245125044e-05,1.0335556465725284e-05,0.0032552337980805146,0
0.5783522340633142,0.4143485977838236,1.5806152049705384e-05,1.7671573284360478e-07,1.2066495351160189e-05,9.538240787678837e-06,0.007261580548940696,0
0.7353934896380488,0.2254857414032808,1.3837335288353266e-05,1.6875054554613076e-07,1.2731854038475818e-05,8.34069398680043e-06,0.039085690324811274,0
0.5814960618561604,0.41835591181052295,1.4163122711343058e-05,1.6715893076951647e-07,1.549429997199784e-05,9.373484541756834e-06,0.00010882826716089457,0
0.5507697073493257,0.44915081904177173,1.3349450941644388e-05,1.7038682778106315e-07,1.4604152033905027e-05,8.83497761000328e-06,4.251464148930214e-05,0
0.5563024570686329,0.44363512344482076,1.490526789527646e-05,1.902446269142395e-07,2.321351303339902e-05,9.750115079056752e-06,1.4360345911835598e-05,1
0.5859259520544485,0.4140191343403426,7.896824817248014e-06,1.808803466737574e-07,2.3332507679635086e-05,9.849895869697951e-06,1.3653496495639945e-05,1
0.43879365405923854,0.5583556066722409,1.749283255550511e-05,1.5942517109407632e-07,0.0028073662534237424,1.098947291948619e-05,1.4731284450681646e-05,1
0.11188794241477415,0.3853537415434352,1.4012141706089668e-05,1.5709482548018437e-07,0.5027228367093419,8.214640976630749e-06,1.3095454940505189e-05,1
0.3926823505867543,0.5979338905299024,4.253104397393311e-05,2.9781134911298405e-07,0.009268613680510168,5.3387173274807984e-05,1.892917423541401e-05,1
0.14719108586625312,0.8527471866674098,2.6016589644521245e-05,1.6789567565751832e-07,1.7026492274012402e-05,1.4254702918559884e-05,4.26178582446101e-06,1
0.15597257528054947,0.8439589766130332,2.7047223690020385e-05,1.7454677796527832e-07,1.8752948129384377e-05,1.4588430694317084e-05,7.884957125594656e-06,1
0.13461136556740552,0.865321614519071,2.6425838118853414e-05,2.1834221144119774e-07,2.2538354515564898e-05,1.3470723364215137e-05,4.366655313307756e-06,1
0.1387122492392246,0.8612337890453994,2.3644869150788175e-05,1.628133127224309e-07,1.4003306817980927e-05,1.2219230421833433e-05,3.931495672713525e-06,1
0.14931757637445478,0.850626771743615,2.3959753430181175e-05,1.5959932226676697e-07,1.4429655253716114e-05,1.305167887937838e-05,4.051195044579659e-06,1
0.27810426592377235,0.721835290842161,2.368937677894756e-05,1.7494255237266583e-07,1.6299306453262666e-05,1.5838947813161313e-05,4.440660468931314e-06,1
0.30699368247607467,0.6929434090468836,2.4958838521931575e-05,1.8313939876563498e-07,1.7063002360846784e-05,1.6054771350792378e-05,4.648725409413157e-06,1
0.11289456101356256,0.8870576776293484,1.4371701983796238e-05,1.4848149648899603e-07,1.487236563810182e-05,9.369475776952403e-06,8.99933219377927e-06,1
0.10446442380385315,0.8954883040831939,1.986517553508272e-05,1.4456343856229122e-07,1.1368387839247326e-05,1.0982837298262153e-05,4.911148841847681e-06,1
0.8671857965638345,0.13278649871165601,1.1037507992082545e-05,9.839016581620576e-08,6.8311740092801375e-06,6.699414044302072e-06,3.0382382981551817e-06,0
0.3082726066447473,0.6916748140833221,2.1485334970308193e-05,1.640447134118283e-07,1.4113514669219455e-05,1.1243405515705273e-05,5.5729720619269116e-06,1
0.18287174499532483,0.8170805451292846,1.9416904651146666e-05,1.3963812682897863e-07,1.2020002602833447e-05,1.0544588202346392e-05,5.588741807530269e-06,1
0.3633294577678866,0.6366135484667136,2.1391802386471304e-05,1.6373090131376838e-07,1.4093900460052151e-05,1.4791323858607896e-05,6.553007793334083e-06,1
0.35912160930752074,0.6408107195057414,2.716462302274508e-05,1.6183467515792604e-07,1.3930673955612564e-05,1.4620020244231053e-05,1.1794034840131926e-05,1
0.3312202303129515,0.6687010618216271,3.6262266731798425e-05,1.9639013097738885e-07,1.6585617975602187e-05,1.7406341670116555e-05,8.257248912754326e-06,1
0.4993926772607098,0.5004747572649427,7.125443511793304e-05,2.823010559492408e-07,2.6648273605078328e-05,2.2511079504600455e-05,1.1869385063828118e-05,0
0.41811607585519567,0.5817605099407869,6.267557904854505e-05,2.8465706630722955e-07,2.6829347797618274e-05,2.2698951052951594e-05,1.0925669051911683e-05,0
0.20852728695019426,0.791363634498277,4.287882396888775e-05,2.3281735061522146e-07,1.9710971733364347e-05,1.8716386649616538e-05,2.7539551826366816e-05,0
0.7388819871960559,0.26105917627638814,1.9263820181969265e-05,1.8730280732923759e-07,1.883763108290435e-05,1.173789630348952e-05,8.809877180136529e-06,0
0.022761317310204986,0.006221908138635982,2.434695209895177e-06,1.9813061769378584e-08,1.1636243767196698e-06,1.6493807640528709e-06,0.9710115070377465,6
0.03056269035312621,0.007247375246527062,3.156906453531255e-06,2.569027215799121e-08,1.4491334184441493e-06,2.1386417310908494e-06,0.9621831640284715,6
0.04813476596267662,0.010126397546123135,5.205972361950258e-06,3.7389666296115617e-08,2.4963897259487174e-06,2.8583530581078915e-06,0.941728238386388,6
0.8216156951408654,0.1743803100211694,1.724748967696783e-05,1.7409016540986467e-07,1.114444751805938e-05,1.3688489045583613e-05,0.003961740321559332,0
0.9373258342398091,0.06261387811446258,9.35900559448041e-06,8.362866057524352e-08,5.650867203102097e-06,6.303362665285383e-06,3.889078160518245e-05,0
0.9309872952842447,0.06897622759989416,1.0277815792771172e-05,2.3647384087777895e-30,5.372501335991614e-06,7.098526691527138e-06,1.3728272040661341e-05,0
0.925001690080068,0.07497669111632116,1.0153228032031784e-05,1.0781257070375803e-179,4.2612967739366704e-06,5.630967826952638e-06,1.5733109780219712e-06,0
0.924913655641734,0.07506094210523886,1.1625742791449767e-05,6.370452522272627e-08,4.546770306440376e-06,5.628034946023098e-06,3.538000458095425e-06,0
0.8672356141640893,0.13273466208263207,1.1515299218293286e-05,6.36617956349878e-08,6.193429041334339e-06,9.218902394474188e-06,2.7324608288910044e-06,0
0.8689695965962716,0.13099974180290064,1.1538323326413071e-05,6.378908334484351e-08,6.278036983292734e-06,1.0043527224177724e-05,2.737924210464062e-06,0
0.7905260627153347,0.20943189232284853,1.7696957758013477e-05,1.4099186122824917e-07,8.99431154154055e-06,1.1946012571632412e-05,3.2666880845041904e-06,1
0.7455152221754959,0.2544485255018826,1.3914879334627088e-05,1.3176072221752868e-07,8.402279229089868e-06,1.0562466717229966e-05,3.2409366182316493e-06,1
0.5026971041653765,0.4910763507990929,2.6593424322232208e-05,2.7130940287894477e-07,0.006167800136769361,2.5368210903890938e-05,6.511954132293868e-06,1
0.294481500748007,0.6942712169600476,1.5152523453627942e-05,1.952593812845349e-07,0.011210118476276216,1.6745401146050794e-05,5.0706316883086046e-06,1
0.1387406719733352,0.8580488069775699,2.457113408510295e-05,1.7414280938293814e-07,0.0031634729841918206,1.8112100020120508e-05,4.190687988419619e-06,1
0.14795154816846934,0.8509118707715361,2.8686109376703393e-05,1.761289366302871e-07,0.001084964243685447,1.7443629634106597e-05,5.310948361678417e-06,1
0.12945804820297185,0.8690843278315556,3.086686300340786e-05,1.687159561229842e-07,0.0014033725915387398,1.803412872450596e-05,5.181666249680729e-06,1
0.12355876493288005,0.8739138019122978,2.5108045738377882e-05,1.8563468384899607e-07,0.002479311261310154,1.8071666038943707e-05,4.7565470506606725e-06,1
0.16428693292105265,0.8330965932499241,0.0009533336937855961,1.7933763968376457e-07,0.0013018167145503522,0.00035500870875707937,6.135374290502427e-06,0
0.7043869796618345,0.2942110323290531,0.0001335095563442524,1.2505448436986507e-07,0.000758208350916263,0.0005054489500650322,4.696097302602454e-06,0
0.6830092973056656,0.3155093067510182,0.00016593296278415837,1.3410732207184436e-07,0.0006807174701432037,0.000630377538745986,4.233864320572632e-06,0
0.6870342762713532,0.31138722108234695,0.00015633696382164552,1.3235522836637275e-07,0.0007084799870246917,0.0007093747907593734,4.17854946593761e-06,0
0.6830539793373784,0.31523925046846335,0.00018710312095311895,1.33992534570851e-07,0.0007801442534830616,0.0007366707874876893,2.7180396998408316e-06,0
0.6516172651275993,0.3467608456600225,0.00019850839324857947,1.5284832849347604e-07,0.0009045005003772178,0.0005156269407844278,3.1005296394322988e-06,0
0.6073145457656345,0.3905546787618305,0.00019409721402917284,1.7556225981456046e-07,0.0012321208667496204,0.00070082054756738,3.561281928863176e-06,0
0.3022687490947664,0.6871071027927789,0.00026449892260326034,3.008475750369588e-07,0.009694546551993125,0.0006572545327664765,7.547257516906782e-06,1
0.207358910487193,0.7850204899248172,0.0002528978609444322,2.552613017913467e-07,0.006019163688085598,0.001340889316846797,7.393460811228761e-06,1
0.16345889126087054,0.8313646071051158,0.00016095215030637457,1.6245631837253467e-07,0.003750478774120406,0.0012608614758018426,4.046777466562355e-06,1
0.07905318811862509,0.8851079213595201,0.0013246007998937736,2.0542835884627835e-07,0.03339664883213803,0.001112408619475262,5.026841988904759e-06,1
0.0416832198911718,0.9469828659668331,0.00529235355722721,1.7020455394588058e-07,0.005261787144242488,0.0007760792115617162,3.524024409569358e-06,1
0.03339252783129061,0.9552196803409241,0.006283697163226309,1.443886133973671e-07,0.004549539591134488,0.0005514227365679561,2.9879482431633495e-06,1
0.027347460650784906,0.9616693277227021,0.006404611791823665,4.113826586402735e-134,0.004121860557896412,0.00045192163720281025,4.817639590011687e-06,1
0.013052322135916377,0.7789449725652359,0.0027863098854321385,7.119754895942801e-51,0.2049505004479478,0.00021138861405653442,5.450635141144062e-05,1
0.001316873577645586,0.04966794397904947,4.297500719853532e-06,4.125487092220292e-09,0.9489980854855663,6.830388784050963e-07,1.2112292653182321e-05,4
0.0010611002626924931,0.03356936939239612,2.839725953458334e-06,5.941436657793506e-09,0.9653653507503424,5.273509183910233e-07,8.065762605437494e-07,4
0.0009104112687399621,0.030189254702923107,2.697791688835253e-06,5.098097704453186e-09,0.9688967134702936,4.5226062871252444e-07,4.6540762796872056e-07,4
0.04636526178799772,0.8527068745361509,4.871740699417725e-05,1.7244992334500988e-07,0.10085897820210192,1.561822810018468e-05,4.377388731799897e-06,1
0.059586473014783654,0.905608674016434,0.0024464242644883197,1.9788188474548116e-07,0.031856569379559455,0.0004966385010261853,5.02294182398232e-06,1
0.06978382635671106,0.8967391447559954,0.003625249064853347,2.072900895695544e-07,0.02918315530533888,0.000664160848684227,4.2563783274825135e-06,1
0.0683987274364013,0.9039089832575328,0.002062589830745555,2.056919229558592e-07,0.02490683962779883,0.0007184305931272258,4.223562471440558e-06,1
0.0683987274364013,0.9039089832575328,0.002062589830745555,2.056919229558592e-07,0.02490683962779883,0.0007184305931272258,4.223562471440558e-06,1
0.06051622035616767,0.8835631907855719,0.010606557658618685,2.110611795472454e-07,0.04472926870257412,0.0005788775255343948,5.673910353849125e-06,1
0.20352683146984712,0.7694523496450617,0.005869758167797091,1.1561815688227158e-07,0.020607256056074972,0.0005407123910047993,2.976652057512026e-06,0
0.045866619212225616,0.9199587332350843,0.006050270657563897,1.4650536073718856e-07,0.02733735457600406,0.0007832217358829488,3.654077878582488e-06,1
0.08901920079584905,0.8839060988519726,0.004861525006186615,1.445924756658495e-07,0.02095214976722678,0.001257274618822094,3.6063674672481914e-06,1
0.0481900119363775,0.9239391273552127,0.005501437768437319,1.5453748423253748e-07,0.02034240015220914,0.00202301383840161,3.85441187752091e-06,1
0.008953212405067294,0.9382622360275248,0.027341842820492904,1.9806460535141331e-07,0.0201743452245831,0.0052645395820556575,3.625875670787083e-06,1
0.008953854920402623,0.938329569164273,0.01832361588936049,1.9807881919339164e-07,0.028771362886178126,0.005617772925089839,3.6261358769138977e-06,1
0.007912308496306433,0.9447875731833532,0.030516386030340382,2.0064878516893897e-07,0.012231083948727137,0.0045485169220925055,3.930770395407719e-06,1
0.007764637378278214,0.9455202095861,0.030232476750332665,1.8761991894173534e-07,0.012002809502369455,0.004475821754413823,3.85740858712218e-06,1
0.0057717154574112705,0.954396530504797,0.023912007263720694,2.110868627281619e-07,0.010247357204843655,0.0056663348343386,5.843648026099242e-06,1
0.016594566798130133,0.9197046414311013,0.019543498001413213,2.1468114317244096e-07,0.0052903038691436725,0.03886083205699097,5.9431620775898006e-06,1
0.02294425439038294,0.9194851563207099,0.030623655848979782,3.947728249501353e-211,0.005634893927181826,0.02130827662791255,3.762884832773629e-06,1
0.0046932314362503275,0.9413734942613571,0.0445529800397119,1.7746068028858638e-07,0.005714804328981068,0.00366232488134917,2.9875916706398157e-06,1
0.010758642736366529,0.902173106628355,0.062231333115144116,2.503434599489433e-07,0.013530305554892047,0.011302097708695112,4.2639130870466636e-06,1
0.04152595229112877,0.8057454612858983,0.11146006571606033,2.704068732218586e-07,0.014688398054370366,0.02657603076771838,3.821477950707404e-06,1
0.00015432336805742698,0.018002146229193817,0.9167774028739863,0.0004624597560225461,3.183223054033682e-05,0.06454940746955735,2.242807264198965e-05,2
0.000164454558207505,0.019698212449925652,0.9684069606260082,0.000263505771421608,3.91593914796471e-05,0.011403209894894734,2.4497308062722463e-05,2
0.0001434255677989754,0.01717937973899528,0.9715048001771608,0.00014563918327645638,3.418642102015114e-05,0.010971204102181737,2.1364809566476615e-05,2
0.0007064559099816774,0.076927107664737,0.7330649572553322,0.1230995568954956,0.00018483883500933383,0.06601267546165486,4.407977789361606e-06,2
0.0006104760884074363,0.08219519269415453,0.896706260500433,0.00023689826074855034,8.903648419363794e-05,0.02015302367931783,9.112292744927968e-06,2
0.0005573102896871055,0.08208772964377332,0.9002104095802698,0.0002537882382128839,7.528308216322584e-05,0.016807940970076835,7.538195816849256e-06,2
0.0008022868690910938,0.20020472374794215,0.7755156439110847,6.301544133994708e-05,0.0001681180558045849,0.02323838970457242,7.822270165195586e-06,2
0.0007739977552408298,0.28749022985288375,0.6850133080411762,0.00011491177761811005,0.00016545606305921063,0.026434308555345294,7.787954676379676e-06,2
0.0020096535900454835,0.6576611644423016,0.18709560247452275,0.0005680391770094219,0.00018311095774265236,0.15247131309322107,1.1116265157007123e-05,1
0.0016595000651361276,0.7225453881901537,0.18340207948928058,0.0003918052631384394,0.00017370026743167562,0.09181943009330228,8.096631557141425e-06,1
0.0010378111347439814,0.857364313397386,0.11388292214635518,0.00021859018044695594,0.00011713478005886834,0.027374698897003204,4.529464005753882e-06,1
0.0008833004745700956,0.8946221169754771,0.0813123569470746,0.00042301381527795113,0.00023133253523520802,0.02252383137223685,4.047880128370918e-06,1
0.0006225629890015415,0.7156468076677207,0.24083017673026333,0.000522525854454568,0.00034124618456697105,0.042033476356356576,3.2042176360523447e-06,1
0.0008824806698915866,0.8076116293002512,0.12739648697979739,0.001389148557452245,0.0003177175287218031,0.062397194781890285,5.342181995522398e-06,1
0.0004391237227365268,0.6356073841704619,0.061058271528442135,0.269334951483783,0.00015349733771720527,0.03340411011612119,2.6616407378321196e-06,1
0.0008919462749438108,0.36488112251504473,0.099416227017448,0.0004133988225073596,0.00026849028131037823,0.5341236073619949,5.2077267507803265e-06,1
0.0007424809266661681,0.6245977250620803,0.09486434798508313,0.0001136264750579721,0.00017949433805022636,0.27949587835966183,6.446853400346891e-06,1
0.002792323131254924,0.6585843315634774,0.06620531928475769,0.0001310911796043966,0.0004398642508984488,0.2718390966175694,7.973972437691208e-06,1
0.0024072748675068065,0.7365480662824553,0.19638405082434515,8.71483561809912e-05,0.0016185731034693046,0.06294689196188188,7.994604160596988e-06,1
0.003331224610651778,0.7475457871743829,0.2187660106522491,0.00016287576455871472,0.00216678409484256,0.02802321006147219,4.107641842766185e-06,1
0.003282412158531879,0.6670250866750094,0.26432959940789386,7.015055781437481e-05,0.0021581933851451286,0.06313094642039056,3.611395214947433e-06,1
0.7589076403344955,0.037644070262410005,5.69517488297538e-06,1.4375076346923117e-07,7.701514132401073e-06,4.325513348901908e-06,0.20343042344996673,0
0.9379238503584794,0.045931224363018865,7.297065736945172e-06,1.935120293397254e-07,1.0908206696887465e-05,5.542157335207423e-06,0.016120984336703375,0
0.8933962203081294,0.09258082004656844,8.823268783414054e-06,1.937969957836702e-07,1.2452828577158932e-05,6.086264180428164e-06,0.013995403486765434,0
0.870954250059833,0.12151491017950643,8.510009751286543e-06,1.973362368948522e-07,1.245628299508055e-05,6.653220001434916e-06,0.007503022911675879,0
0.7663783217873176,0.23359116146591166,7.927472769627138e-06,2.5077524610783776e-07,1.1527810313385952e-05,5.901021709014298e-06,4.909666732547709e-06,0
0.8063756475504172,0.19359736713394526,6.621110334982197e-06,1.522718922620863e-07,9.628150890421043e-06,5.252671128318981e-06,5.331111391532848e-06,0
0.8839103258281489,0.11602434709500235,5.741119435547099e-06,1.6883809799473927e-07,5.734049489731211e-06,4.5545551693952085e-06,4.912851465644662e-05,0
0.887090466796475,0.11266281697805422,5.7731390298771635e-06,1.4011622363228804e-07,5.76602965328484e-06,4.396832215705785e-06,0.00023064010834826238,0
0.9121731321125093,0.08695102373817838,5.506375607269279e-06,1.3364177650991593e-07,5.499594738551528e-06,4.6282447594470905e-06,0.0008600762924304114,0
0.9078476274378191,0.09123757935226705,5.505515974580081e-06,1.4038834292940917e-07,5.498736164463645e-06,4.627522216930461e-06,0.0008990210472147052,0
0.9285246201381216,0.06883050147216412,5.630908727920276e-06,1.3666424149689447e-07,5.62397450193046e-06,4.467122613117685e-06,0.0026290197196297076,0
0.9439920072983035,0.04914208778472736,6.081490238100902e-06,1.372177785913852e-07,7.558306503890494e-06,4.824578745056091e-06,0.006847303323703627,0
0.9874472202560256,0.006193885172519904,8.803847793804735e-06,1.2099866500252695e-07,6.8730113590443705e-06,4.3411330081995755e-06,0.006338755580628637,0
0.9903088237789504,0.0034638781752980925,1.0397261458591094e-05,1.2335190272041533e-07,7.006680846763434e-06,4.425561360636787e-06,0.006205345190183016,0
0.9859030368986482,0.0014656174437884693,8.947103224522116e-06,1.2605716789264837e-07,7.326250771117451e-06,4.3483852237661845e-06,0.012610597861176083,0
0.9829054409140597,0.0010199723762864836,8.919899940126225e-06,1.2567389646923106e-07,8.431079466941727e-06,4.3351641446150255e-06,0.016052774892205482,0
0.9499735516546987,0.0016802897144303967,1.9700801084584343e-05,1.8649725406045412e-07,1.3414268276764423e-05,8.457156144490464e-06,0.04830439990811088,0
0.9510581053266101,0.0019393519655218716,2.993967330143114e-05,2.2277207767245884e-07,1.7274334446649182e-05,1.0075131844013355e-05,0.046945030796198196,0
0.9556801586290258,0.0022531495925819335,2.83754177535004e-05,2.4238509548831707e-07,2.0948161797529398e-05,1.0962153873068048e-05,0.04200616365987273,0
0.9689924183632435,0.0020361178753523865,2.2487818588418526e-05,2.2205433918162456e-07,1.9878102574193736e-05,9.89426446452774e-06,0.028918981521437657,0
0.9775926157000987,0.0024735035855394903,2.7499137087878523e-05,2.546018896181596e-07,2.2265919340172306e-05,1.1267737466330996e-05,0.019872593318577717,0
0.983500186630027,0.002893250776834448,2.208639208509915e-05,1.3379928447029815e-07,1.5834407142144005e-05,8.170933625437248e-06,0.013560337061001373,0
0.9716804020943065,0.007790803264186602,1.5831897279884214e-05,3.0439708129004256e-08,1.796351685295584e-05,9.43947747626345e-06,0.020485529310189658,0
0.9457806595526344,0.03457711381657229,1.6397248050129982e-05,2.1941267252553297e-07,1.97834829811763e-05,1.029084667607023e-05,0.019595535640413227,0
0.933315218450792,0.01026676302565415,2.1677241216421585e-05,2.3160994866665687e-07,2.0085506460393783e-05,1.1025856683624464e-05,0.0563649983092446,0
0.9322064802296128,0.019373134197587044,2.3866674000326208e-05,2.5500288919938006e-07,2.2552777037967424e-05,1.2139484190591254e-05,0.04836157163468218,0
0.938774056142874,0.026480863709749468,2.0653467524815517e-05,2.206714639308996e-07,1.8417995278709403e-05,1.0505127044302904e-05,0.0346952828860649,0
0.9105647513044687,0.021428501218569374,1.937026544415505e-05,2.0696112297637023e-07,1.7048701119519372e-05,9.852442410855503e-06,0.0679602691068646,0
0.8343703248434964,0.020253720988952752,1.4500160999872778e-05,1.9402762386139365e-07,1.760922748812522e-05,9.100242502389972e-06,0.14533455050893643,0
0.9221038833766121,0.025046783112218897,1.4321270221679648e-05,1.7302208119438898e-07,1.594480937837564e-05,8.11504499102635e-06,0.05281077936449674,0
0.9081805601118915,0.026341543269649517,1.2107779162499006e-05,1.5309618757101186e-07,1.399363975761366e-05,7.180484950343206e-06,0.06544446161840108,0
0.7860114491166854,0.194849683994295,1.9057076873284997e-05,2.409662231521454e-07,1.539206892680272e-05,1.223272577651847e-05,0.019091944051219945,0
0.7912801268230415,0.20171389432783468,1.607148543101501e-05,2.3702993281567152e-07,1.3450604250863289e-05,9.310140301353145e-06,0.0069669095892077,0
0.7528073888617791,0.23906444726704643,1.7286336678237715e-05,2.6954506764038743e-07,1.593804982160531e-05,1.0397602939937697e-05,0.008084272336667054,0
0.7833502379546531,0.21078618833393575,1.434081579826259e-05,1.892936443845576e-07,1.2172596572995976e-05,8.181546777094535e-06,0.005828689458618426,0
0.7835536473804465,0.20883325097767547,1.734516284068284e-05,2.0088234335896993e-07,1.2917812070748428e-05,8.6824272110525e-06,0.007573955357412287,0
0.7446753775164966,0.25163584300507075,1.731208472902181e-05,2.004992504675747e-07,1.4039121289921316e-05,1.0539034687439199e-05,0.0036466887384758273,0
0.7064806755069223,0.28830220810704443,1.7316092704206628e-05,2.0054566867965181e-07,1.6920466087998994e-05,1.0541474612506591e-05,0.005172137806959834,0
0.770180343766151,0.20125566602434286,7.715764387181752e-06,1.7673307557211753e-07,1.3334118207872718e-05,8.73523991239568e-06,0.02853402835392313,0
0.5242186319935823,0.4756200542821492,1.4427442399199025e-05,1.527190167084743e-07,1.5071412117874393e-05,9.437550849604777e-06,0.00012222459988509116,0
0.6423268900418841,0.3576201254179982,8.041828668118416e-06,1.9047421174404342e-07,2.1001332567746763e-05,1.0372332793708779e-05,1.3378571876330155e-05,1
0.5854985563957255,0.41443923329327526,8.834316898305327e-06,2.0924464036057373e-07,2.7312473333722104e-05,1.1157302530239033e-05,1.4696973596418273e-05,1
0.5196256546095109,0.48027728891394056,1.692674077787999e-05,2.128692307768592e-07,5.2313218074228304e-05,1.191223669772613e-05,1.569141176787782e-05,1
0.13579527553387138,0.46769308990339675,1.700614563760935e-05,2.201861083890211e-07,0.39646487231800126,9.286855265976214e-06,2.0249057718781095e-05,1
0.11865000959962017,0.8812947055139,2.4195634519002937e-05,2.0267059496073914e-07,1.4329489060168235e-05,1.2503855762733566e-05,4.053236543199963e-06,1
0.0985398602407525,0.9014033339824672,2.4065782301950142e-05,1.9000633968886643e-07,1.353907834440138e-05,1.3318956083700923e-05,5.69195371039529e-06,1
0.12086507978722057,0.8790798177685625,2.3245620348294288e-05,1.5484238033038402e-07,1.3999571771975387e-05,1.3771962675632445e-05,3.930447040601195e-06,1
0.1728809161986973,0.8270543162996129,2.720842981191319e-05,1.787752465709189e-07,1.6656396574743765e-05,1.6185952258715642e-05,4.5379477977421405e-06,1
0.2681474696117106,0.731791522112511,2.597908669408398e-05,1.73884311943572e-07,1.6200710743864937e-05,1.2775042233949262e-05,5.879551794495213e-06,1
0.2820542508462768,0.7178854787575268,2.5170071921336723e-05,1.7957820814521491e-07,1.59191561516723e-05,1.2929510357222404e-05,6.072079557672048e-06,1
0.22077163602802968,0.7791692923505971,2.2189876852941375e-05,1.9197008036172557e-07,1.6345462396030008e-05,1.3853226000211791e-05,6.491086043728044e-06,1
0.6006820131262333,0.3992584036767887,1.8670937030805242e-05,1.7635886966811367e-07,1.788582500181532e-05,1.2161120946870357e-05,1.0688955129034537e-05,1
0.08068980937501824,0.9192634722611134,1.4339282888879755e-05,1.3496634611207819e-07,1.4284676905556849e-05,9.963573878413578e-06,7.995863849560617e-06,1
0.2246288012471683,0.7753124751352491,2.2940947428703372e-05,1.865354304821405e-07,1.416409901572994e-05,1.5421111681684737e-05,6.010924025844337e-06,1
0.2237374649663996,0.7762072004809489,2.080964456640682e-05,1.8342057183354312e-07,1.464544485852296e-05,1.3785491939251902e-05,5.910550715317919e-06,1
0.25883875777614934,0.7411071211806437,2.1268280054380067e-05,1.665085486979981e-07,1.3841559600285994e-05,1.3185055493669869e-05,5.659639510025345e-06,1
0.32614052152066164,0.673809122155683,2.0277049188814476e-05,1.6984913226833234e-07,1.383651335542079e-05,1.082805712692059e-05,5.244854851957933e-06,1
0.2198928560319568,0.7800527615134197,2.163398823515234e-05,1.506078728410426e-07,1.2964274619450527e-05,1.3605799546530486e-05,6.027784349476539e-06,1
0.2044652947651315,0.7954667533396771,3.0190229195978718e-05,1.5376321188729086e-07,1.2985672336853831e-05,1.3628256109839158e-05,1.0993974336876002e-05,1
0.6550864829730536,0.3448045062647547,5.518118274772531e-05,2.5468883312062524e-07,2.2857345019200626e-05,2.0009120072053528e-05,1.0708425519702312e-05,0
0.624933341307122,0.3749462407529323,5.969532614578741e-05,2.8028669518314097e-07,2.6458124699492878e-05,2.2199511404817683e-05,1.1784691000216091e-05,0
0.5427106668390734,0.45718506377388485,4.5509064020223856e-05,2.4481766357537136e-07,2.363448088022331e-05,1.968110210868802e-05,1.5199922369030861e-05,0
0.28550883694271467,0.7143950601949753,3.768926714124384e-05,2.0897711923110962e-07,1.6820958310914806e-05,1.666412663543042e-05,2.4719533103447798e-05,0
0.3342521675735427,0.6656689784454461,2.9461323905304428e-05,2.198648207259312e-07,1.6701250816228655e-05,1.6860947001762975e-05,1.5610594467233497e-05,0
0.6551520168056816,0.34477938605374947,2.4393370384795423e-05,1.980895916871372e-07,1.5140124491942548e-05,1.4041882288231452e-05,1.4823673812376585e-05,0
0.7148563598237074,0.28509050322088286,1.8028008603895876e-05,1.7446516087993927e-07,1.216382630274436e-05,1.1462734327168388e-05,1.1307921014994643e-05,0
0.7266739371914879,0.2732770174165037,1.8017307307916368e-05,1.7436159961781046e-07,1.2156605943115683e-05,1.1455930130683648e-05,7.241187026918588e-06,0
0.7420381551383566,0.2579037194989748,1.9030975840624556e-05,1.850388535343713e-07,1.8609938145545075e-05,1.1596018799041222e-05,8.703391029935817e-06,0
0.7583055302601538,0.241625885090422,1.9437022778342035e-05,2.0328608486651237e-07,2.0945998660149426e-05,1.1771519807961536e-05,1.6226822092778157e-05,0
0.7640194368825994,0.23588973705678548,2.1906595329263243e-05,2.046532862074565e-07,3.553548582045617e-05,1.1850689209433177e-05,2.1328636969590632e-05,0
0.054959716204348356,0.005659536489249374,7.518374374669976e-06,5.144850054044885e-08,4.148769994903439e-06,4.625779182244533e-06,0.93936440293435,6
0.03579110865326401,0.007117587203014166,3.870955196851442e-06,2.8082964363476997e-08,1.9659134099089645e-06,1.9797523825425597e-06,0.9570834594397681,6
0.08710834979200799,0.03275923317979818,6.695207843239116e-06,5.662190660405045e-08,3.9473846116747675e-06,4.452108747583994e-06,0.8801172657050848,0
0.7810751031795401,0.21537464955318583,2.140573567465721e-05,2.156655217252969e-07,1.558879690601182e-05,1.868787143655192e-05,0.003494349197735249,0
0.0009742033098187064,0.00020946351502900936,2.1907112231011456e-08,1.7512957635451103e-10,1.4146572152843833e-08,1.8957496147896977e-08,0.9988162779888422,0
0.887944308836879,0.11141860882331743,1.449907894779395e-05,1.5219215800212108e-07,9.10040535202214e-06,1.3726591231562354e-05,0.0005996040721142929,0
0.960098034191349,0.039213027783674304,8.474510783331835e-06,8.155840336646753e-08,4.446407889096372e-06,5.788790688177383e-06,0.0006701467572129052,0
0.9623557779156564,0.036882465350691125,1.1358005861952717e-05,8.013556433033618e-08,4.374771744864886e-06,6.256400673814917e-06,0.0007396874198076221,0
0.9304597622820268,0.06951751313309894,8.754067538626662e-06,6.686887045784573e-08,4.76311490040603e-06,5.907591939851558e-06,3.2329416248546963e-06,0
0.9318006511242128,0.06817683006927548,1.055950363120283e-05,6.553715722785057e-08,4.129769462680083e-06,5.111867389047604e-06,2.6521288714617594e-06,0
0.9066389704306898,0.09333786610151455,9.484401384928375e-06,7.035566131185135e-08,5.471473733675198e-06,5.886687135750841e-06,2.2505498796441542e-06,0
0.9099379090477662,0.09003734221441137,9.51891176779194e-06,7.00640727570764e-08,5.555292378009941e-06,7.345730768979676e-06,2.2587388348399447e-06,0
0.5818714455666397,0.41807067046347446,2.2439820559325477e-05,1.716080120494691e-07,1.543741299683406e-05,1.5859084287125007e-05,3.976044030370827e-06,1
0.5024801249594079,0.4974508128846209,2.869598540600512e-05,1.9229689923032427e-07,1.749985580734186e-05,1.7771039339161967e-05,4.902978519374521e-06,1
0.368619571605888,0.6313075454013845,3.129844702927212e-05,2.696270457896979e-07,1.9592589895923075e-05,1.722199221200802e-05,4.500336544612687e-06,1
0.3083676158598296,0.6915553637579871,3.285937900179436e-05,2.3223291695752464e-07,2.0900283273069e-05,1.771802492232775e-05,5.310462069132128e-06,1
0.4356985920918816,0.564226529877585,2.6434343345894323e-05,2.5862275172015784e-07,2.314965027104468e-05,1.8319318315256297e-05,6.716095849340204e-06,1
0.5196455496976763,0.4800119822766319,2.132621317818848e-05,2.2569304523842184e-07,0.0002984725226054452,1.658264257998188e-05,5.8609542829041495e-06,0
0.1566033228771325,0.8371729923697526,2.2450995319445515e-05,1.86351804089583e-07,0.006178942473034946,1.7620439627130192e-05,4.484493329272401e-06,1
0.15878254248199325,0.8410869260004268,2.8934413959495434e-05,1.7294375530758742e-07,8.0393216775383e-05,1.651419251379361e-05,4.516750576147966e-06,1
0.0822342563824357,0.8909504692315428,1.9598658723271203e-05,1.7188557790560528e-07,0.026780209315920966,1.0890274278599455e-05,4.4042515207075815e-06,1
0.12607642249558534,0.8444115780027932,0.00011483437538231852,1.899503979366078e-07,0.029152217698443488,0.00023700786142478937,7.749615972915567e-06,1
0.16098787958536367,0.806758997063316,0.00012753979706683747,2.1038757919579037e-07,0.03177751187309684,0.0003392778793706898,8.583414206812333e-06,1
0.4503187087447583,0.5248733757646319,0.0006281272985673216,2.9106883768488203e-07,0.021363216598822458,0.0028097752367341974,6.505287648286601e-06,0
0.16735151261475,0.8244085442907456,0.00031557195232011464,1.9713200507343356e-07,0.0065269118059725515,0.0013906170130766847,6.645191130021097e-06,0
0.16014814559862048,0.8369050122881396,0.0011651386664837645,2.0209575275500908e-07,0.0013586771166145398,0.0004142771650936327,8.547069295391673e-06,0
0.18618571871467782,0.8108400933061022,0.00126689664970826,2.0843469861201036e-07,0.0012299800249749083,0.0004699720472548424,7.1308225834117654e-06,0
0.247473556968652,0.7501687646468028,0.001070385572031553,2.022465090600985e-07,0.0008798133753776986,0.0004003580740700048,6.9191165570109235e-06,0
0.6623973917464124,0.3361884494226652,0.0001351784533213594,1.4289699764431398e-07,0.0007413035637888791,0.0005326911781022781,4.842738712367515e-06,0
0.6799727437438647,0.3186822200707603,0.000132969850038549,1.3545596979592733e-07,0.0007027019097779853,0.0005049525274924507,4.276442096280937e-06,0
0.6524201519219075,0.34575179947680607,0.00022945167654417583,1.4696190235030583e-07,0.0008556557569922358,0.0007398130824125181,2.9811234352093502e-06,0
0.640075962956375,0.35795893934246836,0.00024854339905269757,1.577843237856127e-07,0.0009186671025016539,0.0007942936575355647,3.4357577428091384e-06,0
0.6027985868938314,0.3956517405446697,0.00021053114787404213,1.5488008263627598e-07,0.0008790013525696474,0.0004547363389093636,5.248842063318315e-06,0
0.1684984435629117,0.8262227270195799,0.00014952821410770602,1.6446472340980112e-07,0.00419251814194366,0.0009324470542785474,4.171542455117885e-06,1
0.07384071682168859,0.9075865559292181,0.0005651805015717956,2.4898365893182087e-07,0.01720339419615425,0.0008000127713244943,3.890796383806847e-06,1
0.08592425025871657,0.904290958864542,0.003100708801819066,2.0020092445140161e-07,0.005655538681013875,0.0010251220474607056,3.221145523263768e-06,1
0.06553615758714108,0.923898017350842,0.003426631387179087,1.8967184048822286e-07,0.005888460457223499,0.0012472609064891303,3.2826392847149355e-06,1
0.0495215915108574,0.9196792643225522,0.004767567967302722,2.021800609063651e-07,0.024619210806206132,0.001408381070294695,3.782142725912355e-06,1
0.042697607207710826,0.9391140656916818,0.0047664192604390514,1.9204917766922655e-07,0.011469759254760663,0.0019483638464626264,3.5926897674782456e-06,1
0.021666501931943267,0.9645630473770218,0.005791898420017869,1.5734440708304044e-07,0.006941502649669359,0.0010336362241699997,3.2560527707368543e-06,1
0.01260323439618466,0.688124095020833,0.004684773934336321,9.373430829430102e-94,0.29419784283662337,0.00033075362971940085,5.930018230325112e-05,1
0.002397926916952488,0.10313052744346363,9.110376458459991e-05,1.3831875988116736e-08,0.8943522183302833,1.7604583065670906e-05,1.0605129774153162e-05,4
0.0006037291995448341,0.02380635611773782,1.726183096397615e-05,3.7335923179565365e-09,0.9755679233211976,3.1267509342187306e-06,1.599046029204557e-06,4
0.001899678857510168,0.066768456512799,4.766685785924029e-06,1.1056264569568948e-08,0.9313228712027652,9.808194066342607e-07,3.2348654682304576e-06,4
0.0019363725346354017,0.07015317207554758,6.3595661926316115e-06,1.1472056255107113e-08,0.927902019357432,1.017704970626234e-06,1.047289165319323e-06,4
0.07128332494781836,0.879166707332511,0.0032188918423859663,1.9784690060707393e-07,0.045708092222879755,0.0006177637537011791,5.022053802867059e-06,1
0.09247036398541605,0.8553303733558614,0.003086248995809428,1.8685552619111971e-07,0.04837602718949287,0.0007319889211876075,4.810696706233126e-06,1
0.1813703513990002,0.7871755901867451,0.003429453849679705,1.6251515493437978e-07,0.027414404406870728,0.0006058536018817924,4.184040667633958e-06,1
0.13435545716003605,0.8134332002256687,0.01761326015470007,1.2043326000455835e-07,0.0316951632835912,0.0028997949447326986,3.0037980113073286e-06,0
0.10048930847310195,0.8565506749866214,0.010203796893054302,1.3640749426586517e-07,0.03168196586034991,0.0010707151584302395,3.4022209478321274e-06,1
0.04464163778445637,0.92496071371812,0.014537586943352419,1.3144161003985712e-07,0.013257536582462696,0.0025979515622840074,4.441967714426978e-06,1
0.010377961426775214,0.9519941271885087,0.013575734514194374,1.4837690329181868e-07,0.021251595158626853,0.002796613291268631,3.820043723068364e-06,1
0.011848764244893914,0.9521584005254832,0.0180701204880166,1.801670473761659e-07,0.01408050335930736,0.0038373348337709797,4.696381480837277e-06,1
0.014784583478296372,0.9332463567406648,0.012402733499897836,2.2862166393104984e-07,0.005795821113919536,0.03376424587646384,6.0306690937206354e-06,1
0.013583131711326878,0.9409421683644992,0.015339291782622543,2.2159673757715263e-07,0.003917768353327683,0.026211283580370063,6.134611115929703e-06,1
0.012771441475594543,0.9427584143749002,0.016524677655225133,1.8852368968022925e-07,0.0035892486774162713,0.024352675931832282,3.353361342005755e-06,1
0.0048498785914357695,0.9305805168533023,0.04586396299078536,1.9565138195664742e-07,0.007281750548331395,0.011420401528415112,3.2938363480422405e-06,1
0.0067727544434589265,0.9319261645437815,0.04378370466214946,2.4850965534922995e-07,0.009019415103247184,0.008494090009916959,3.6227277902917303e-06,1
0.011441599283323015,0.9157351788632301,0.0363957513505018,2.568712152245075e-07,0.012845436419721253,0.023577729512656204,4.04769935239443e-06,1
0.011704140881095925,0.8451365368537591,0.08863534436012183,3.4031255915134417e-07,0.01396474911475142,0.04055407906985365,4.8094078587960394e-06,1
9.651457144765755e-05,0.01219701861088253,0.9320494436682761,0.00014128479961572195,2.2898769232045567e-05,0.05547955049129875,1.328908924736427e-05,2
0.00015527636239710254,0.01859885678018371,0.9576203990815236,0.0007460159515901711,3.269695882244276e-05,0.022823624750234556,2.31301152486217e-05,2
0.0001533263945306914,0.01836529146146127,0.9656214362449369,0.00035053825388740796,3.2338297960447915e-05,0.015454229701050778,2.2839646172808003e-05,2
0.00015112826051094457,0.018102001034085297,0.9700259349347007,0.00020860171600691906,3.216090802130202e-05,0.011457749533383872,2.2423613291103698e-05,2
0.0001688641718657476,0.02022639183035096,0.9675375258111014,0.0002489192042908181,4.0209394528509025e-05,0.011752935419537681,2.5154168324918802e-05,2
0.00015880225649409947,0.02006259319750354,0.9667042132335728,0.00027641493066066583,3.988376829192499e-05,0.01273314215021287,2.4950463263897827e-05,2
0.0006801151440468891,0.0915714741014347,0.8884672564671322,0.0002931973671269882,9.919317467577818e-05,0.018880385455438572,8.37829014506242e-06,2
0.00030722192745042906,0.04524409620378768,0.9412453459604427,0.0002599565950522941,4.4345461859404674e-05,0.0128936535666604,5.380284746922438e-06,2
0.0003031424337961129,0.05639966437202799,0.9312365049115504,0.00011353971977161531,4.9905201094918824e-05,0.011892861953429678,4.3814083292610235e-06,2
0.0010663184521053901,0.8779977883406349,0.08454489805337918,0.0012380829319981854,0.0003509286046833453,0.03479738737221841,4.596244980458912e-06,1
0.0005873926593264489,0.8405748134025848,0.10174463080820961,0.000651882988676507,0.00025786236061062066,0.05617973795769418,3.679822898003596e-06,1
0.0024925034127159583,0.7760221871877712,0.07045155148473557,8.806625979604577e-05,0.00044477368238003717,0.15048284049110872,1.8077481492514062e-05,1
0.0030912430842285612,0.6280506769387199,0.3307298466951889,0.00010895581190638871,0.0022394034780977247,0.035776570388920174,3.3036029384240614e-06,1
0.004247368573896409,0.5914303371545087,0.334260833895628,5.6830112011139956e-05,0.0013886510595171532,0.06861252371996458,3.4554844740168166e-06,1
0.9454461661547412,0.0437473539845445,7.667738158453322e-06,1.9353983626644444e-07,1.107100263004223e-05,5.823684863378015e-06,0.010781723895225817,0
0.6142121833390043,0.38565159486388534,1.1356337603378388e-05,2.569940893732647e-07,1.5245545834303853e-05,7.73304667985908e-06,0.00010162987290340034,0
0.8232990457792284,0.1766692350823136,8.865820241511755e-06,2.0063364432178843e-07,1.095959398103007e-05,6.0371401570920285e-06,5.6559504342779675e-06,0
0.8010395202800366,0.19892909753012117,8.763000878776084e-06,2.2921382182337255e-07,1.0832492546726787e-05,5.967125777509672e-06,5.590356817051882e-06,0
0.8049488931975511,0.19502119003140186,7.3947666717425385e-06,1.8293189442604227e-07,1.0753170648557875e-05,5.63186650480455e-06,5.954035327453894e-06,0
0.8339038730574866,0.16605224125289764,7.57055385017819e-06,1.5170152854725232e-07,9.604236045811235e-06,5.3338275676439545e-06,2.122537062346593e-05,0
0.9755572041839717,0.007146824740282983,8.546888246410488e-06,1.1814206943774923e-07,7.1196116575232095e-06,4.153876581865112e-06,0.01727603255718985,0
0.9891137399476908,0.003544726884832099,1.0210363637162583e-05,1.211345686676626e-07,6.880731009787572e-06,4.346008895769437e-06,0.007319974929365771,0
0.9864285319810963,0.0014578415846892873,8.899634211162215e-06,1.2301801224407835e-07,6.701369331657533e-06,4.413582195677243e-06,0.012093488830463685,0
0.9751192001048024,0.0021781739268659944,2.730190144938288e-05,2.3553186554378404e-07,2.2379361418303963e-05,1.0494794094555725e-05,0.02264221437950369,0
0.9850481917375348,0.0023011514005446014,2.558301439039067e-05,2.3686138896311566e-07,2.071444398689862e-05,1.048260855702831e-05,0.012593639933597611,0
0.9895556479657829,0.003733715142683241,1.797938910994113e-05,2.1595512705399086e-08,1.2968157070507032e-05,6.696582709217473e-06,0.006672971167131558,0
0.9637480332531468,0.016634463288661954,1.826763801717193e-05,2.444404857341259e-07,2.257259288565987e-05,1.0891743077863718e-05,0.01956552704372467,0
0.7962142071932061,0.02474548036530172,2.348331291220808e-05,2.2073877355767995e-07,2.0572663488563667e-05,1.050833133799832e-05,0.1789855273949798,0
0.79583290827255,0.021713075752484823,2.0649873531161205e-05,2.206330639944191e-07,2.0562811448355965e-05,1.0503299004537204e-05,0.18240207935791689,0
0.9174609102783525,0.030248250082677296,1.5290994607853096e-05,1.9334619067730294e-07,1.497033664868379e-05,9.989632129461587e-06,0.05225039532939369,0
0.9122027221853607,0.03167103525151225,1.601023622630451e-05,2.024406041324447e-07,1.565359674943298e-05,1.0459513871283546e-05,0.056083916775676215,0
0.8976193046159606,0.029188812643580857,1.57176415963982e-05,1.987409064635981e-07,1.4931053297921549e-05,8.58987119213996e-06,0.07315244543346558,0
0.9043856876162869,0.03035503735957296,1.682529376336695e-05,2.1274655701617102e-07,1.5983273087966804e-05,9.27722127808706e-06,0.06521697648945361,0
0.9255766511230228,0.025831904935479613,1.5498957054246562e-05,1.9597576107774366e-07,1.4175974208430883e-05,8.545898585430708e-06,0.048553027135888514,0
0.7519957105368996,0.23880668753598247,1.7267698517924874e-05,2.692544436478245e-07,1.5920865386685502e-05,1.0818977746029162e-05,0.009153325131023616,0
0.797290727319211,0.19564529980097822,1.858726830856979e-05,1.973232822479735e-07,1.268894535299014e-05,8.528599410563862e-06,0.007023970743456365,0
0.8309169202709547,0.16373293896425775,1.811955136262804e-05,2.1188794119479272e-07,1.36255310379418e-05,9.220506529073185e-06,0.005308963287916793,0
0.5024209823923251,0.48929810774590154,1.2392309648921576e-05,1.1654743639258995e-07,1.2461211676464672e-06,8.285975266614992e-06,0.008258868908253881,1
0.5316857790140171,0.40978119866058965,1.9199881239100556e-05,6.194682691998903e-08,1.3605790911572305e-05,1.145429483473014e-05,0.058488700411580795,1
0.6072408268199643,0.23150345737195036,7.681872070009064e-06,1.394303161597768e-07,1.3390953561983842e-05,9.504140235403909e-06,0.16122499941190183,0
0.5190500762578106,0.25541149668456725,7.837702360914972e-06,1.422587239398422e-07,1.2271120458401698e-05,9.696936070090569e-06,0.22550847904000876,0
0.6959485481103795,0.2759722378608959,8.90070070262618e-06,2.038745781993223e-07,2.0563853635635465e-05,1.0448655667072425e-05,0.02803909694414106,0
0.5588986275359468,0.44091830108790125,1.6132556112664637e-05,2.0590922218845486e-07,1.9510210086819738e-05,1.0552932005178376e-05,0.00013666976872516844,0
0.5937450615876082,0.40618545184828886,1.5434415958223467e-05,1.9410188267375404e-07,2.8688038758929297e-05,1.0862009325846544e-05,1.4307998177279471e-05,0
0.10697645537371842,0.33517048861406146,2.2609832916859185e-05,1.5787862187123504e-07,0.5577947544683053,2.4137755379477562e-05,1.139607699660922e-05,1
0.5967645708224256,0.38365658688600923,2.8760421276854156e-05,2.0590226855488205e-07,0.019479928740753015,5.7905882767088285e-05,1.2041344499558829e-05,1
0.20665754573972175,0.7932668969495472,3.281366816259054e-05,2.2978372767156724e-07,1.8953133664320704e-05,1.800916863778829e-05,5.5515565386567606e-06,1
0.11363707921140118,0.8863092229351711,2.3268409880484606e-05,1.9398784319557841e-07,1.3822784077558247e-05,1.2502761557855863e-05,3.909910068437842e-06,1
0.112754542052306,0.8871924910070235,2.2773820644164098e-05,1.92481279658211e-07,1.3715432492360422e-05,1.2405661634638128e-05,3.8795446195186764e-06,1
0.11318709663909411,0.8867599622429578,2.2762717830968406e-05,1.9238744016921598e-07,1.370874587234878e-05,1.2399613561025426e-05,3.877653243457194e-06,1
0.10141164353688585,0.8985313162888854,2.416508484281062e-05,1.907903620852285e-07,1.3594944588998762e-05,1.3373914038698022e-05,5.71544039613069e-06,1
0.09931563214359855,0.9006323862536418,2.3748911190651625e-05,1.8509644542671392e-07,1.2387195337735987e-05,1.1929699739192898e-05,3.7307000463751726e-06,1
0.28101112802467626,0.7189296228710027,2.430534493604113e-05,1.8160117488046847e-07,1.5546513457029173e-05,1.3075162603260112e-05,6.140482149979077e-06,1
0.08820065383073634,0.9117530626774637,1.5496523277160215e-05,1.4979747116647389e-07,1.2393655084807324e-05,1.1033294451188029e-05,7.2102215156165225e-06,1
0.19262256118236173,0.8073033856521854,2.5248704737015435e-05,2.3558700620977118e-07,1.7277424361709056e-05,1.9476265308549376e-05,1.1815184039432087e-05,1
0.3391296598620893,0.6608081325603852,2.12099070679847e-05,1.9790237004944413e-07,1.4513717392748169e-05,1.6360830447676133e-05,9.925220247045161e-06,1
0.32826981158062896,0.671673363113238,2.1776828738745648e-05,1.754870509304526e-07,1.5105865832266798e-05,1.3802304958673014e-05,5.964819552569679e-06,1
0.30811716707937065,0.691828114290732,2.2194824442645214e-05,1.7026973160654286e-07,1.4154220048072512e-05,1.2411833243109388e-05,5.787482431965892e-06,1
0.8587414210675239,0.14122979302891708,1.1879476060639998e-05,9.299788291582753e-08,6.9453279085577376e-06,6.7790922310299e-06,3.0890094757298986e-06,0
0.22323964137159188,0.7767072978667728,2.041516096187282e-05,1.729399861779322e-07,1.5146321940326335e-05,1.1584989168638854e-05,5.741349578281933e-06,1
0.16323621584016018,0.836709276153834,2.297136936422808e-05,1.6245421354704626e-07,1.3984003610047852e-05,1.0888267945652714e-05,6.501910872607118e-06,1
0.179226260495954,0.8207150169956997,2.366872879291733e-05,1.6738596035547757e-07,1.4408526702845153e-05,1.3778572536209068e-05,6.699294353740396e-06,1
0.2055163181653233,0.7944357701478783,1.7680571368186857e-05,1.4907705535072698e-07,1.2832502369020725e-05,1.1283019620327329e-05,5.966516385618047e-06,1
0.19581679559701703,0.8041331781917861,2.0753107889772792e-05,1.444755077124747e-07,1.2436402708814052e-05,1.0909876612845057e-05,5.782348477832093e-06,1
0.16519091012852552,0.8347607565188123,2.0631368441084255e-05,1.3934249812458572e-07,1.1767808444134734e-05,1.0323350018097723e-05,5.471483260680855e-06,1
0.5814091206885732,0.418462100969971,6.709665529206006e-05,2.9022211768200125e-07,2.6046320895893795e-05,2.314271600283261e-05,1.2202427147232125e-05,0
0.4383224659349168,0.5615585249742128,6.049913172344402e-05,2.7477217780774536e-07,2.5599747153042807e-05,2.208917121862788e-05,1.054626859731749e-05,0
0.5191533308114776,0.4807373340996936,4.7853501454883724e-05,2.5742964994575696e-07,2.4852030898385076e-05,2.038916776329666e-05,1.598295906233758e-05,0
0.6542522082409942,0.3456767742802959,2.4516304374475047e-05,2.03189615938901e-07,1.6925671410335103e-05,1.620262305973189e-05,1.316969024942092e-05,0
0.6745062434376262,0.325432198488212,2.0866872553000884e-05,1.858612139797468e-07,1.4205501126587772e-05,1.4253285579061417e-05,1.2046553689193642e-05,0
0.06128152415383492,0.0058890834308816895,7.823314513677925e-06,5.3535216647512046e-08,4.486620020596609e-06,5.227328808723746e-06,0.9328118016167237,6
0.05951278302314028,0.013931721640530952,8.457824166495276e-06,6.275940479972396e-08,5.054131580093163e-06,6.005568608190043e-06,0.9265359150525692,6
0.06425667200061458,0.01885268722362476,9.132015101596597e-06,6.776208882050815e-08,5.457007027611493e-06,6.484285100288572e-06,0.9168694997064423,6
0.009835294414922664,0.004228959356739073,1.3813009261161862e-06,1.0249636580974405e-08,7.972164322110674e-07,9.808075123160957e-07,0.985932576653831,6
0.02967670010477187,0.006788484112147993,2.9267999726187317e-06,2.123331714015479e-08,1.2929736855852067e-06,2.176879286684245e-06,0.9635283978968181,6
0.7057901260968363,0.15096548075382318,2.3165269645919223e-05,2.0619460247313097e-07,1.2662224825171785e-05,1.5640672750074306e-05,0.1431927187875166,6
0.0009147386107092381,0.00018757554523792425,2.228398842834425e-08,1.795346729770655e-10,1.4308600634885012e-08,2.189937471014825e-08,0.9988976271725544,0
0.9177759343951586,0.08188254899598794,1.0703947340831929e-05,9.912352128553627e-08,5.303600810682764e-06,7.562611561541055e-06,0.0003178473256189496,0
0.9192224647600282,0.08048248506622721,1.004819746775415e-05,8.876776490699104e-08,5.349692688060928e-06,8.169330352204984e-06,0.0002713941854716748,0
0.9345405516755111,0.06406315558451528,1.8070980213222742e-05,1.537450308553602e-07,6.198355459844261e-06,8.164928943434862e-06,0.0013637047303262663,0
0.9285472341661497,0.07005485631398148,1.465078974900967e-05,1.7435826818817573e-07,8.30907681454161e-06,1.0118786343538507e-05,0.0013646565086934239,0
0.9273302074719529,0.06912562143103862,1.3749200303886077e-05,1.2285783930643773e-07,6.956076882657268e-06,8.604775214172197e-06,0.003514738186768363,0
0.938732821305929,0.06121187941735292,9.023517074757651e-06,5.01368195609667e-08,4.754756410238492e-06,6.787612700345154e-06,3.4683253713048475e-05,0
0.9393267686896976,0.0606353658203389,9.014387371186648e-06,5.008609274382963e-08,4.749945701041827e-06,6.780745212713056e-06,1.7270325585788425e-05,0
0.9416361814234926,0.05832758859741605,8.658006292289908e-06,7.423524196050245e-08,4.526802438355918e-06,5.842766001270768e-06,1.7128169117300075e-05,0
0.9212124931308708,0.07876492738842923,9.102101461964215e-06,8.796851211549718e-08,5.2509280289975766e-06,5.649404892288657e-06,2.489077804763739e-06,1
0.4439408103321505,0.5559806459436534,3.109467568734679e-05,2.2449029032839788e-49,2.169360403347855e-05,2.0481456360310472e-05,5.273988114934383e-06,1
0.5714850238304262,0.4284564576643846,2.2935395512560382e-05,1.7582868260127003e-07,1.5817093605295066e-05,1.5107097659427252e-05,4.4830897291348585e-06,1
0.4983429284258651,0.5015906917362428,2.5536370528017876e-05,2.0890479022760176e-07,1.91517413455604e-05,1.7083745765135307e-05,4.399075463133638e-06,1
0.4306685392834526,0.5692558538103534,3.435567803400422e-05,2.260035954611068e-07,1.8777474720253396e-05,1.707973345403652e-05,5.1680163902139816e-06,1
0.3238583950921994,0.6760633092506256,3.382393782894969e-05,2.584486525902889e-07,2.1883703801768825e-05,1.7448574725470427e-05,4.880992166370276e-06,1
0.5202531578665806,0.47785796659449464,2.0329181365578325e-05,1.6513071862681866e-07,0.001845849720667876,1.6832429503860152e-05,5.69907666892308e-06,1
0.33106375920744063,0.6649995707933177,1.8552591499725493e-05,1.8252946268544893e-07,0.003893809806164803,1.6090654589528083e-05,8.034417524786796e-06,1
0.17413986664275752,0.8202635685809063,2.2325145185659255e-05,1.945939035554507e-07,0.0055509624316728646,1.8399768900322035e-05,4.68283667375709e-06,1
0.10563954316505536,0.8914783851193607,2.6183560583022612e-05,1.8346230012973766e-07,0.0028310070048923964,1.999680409129969e-05,4.700883716856375e-06,1
0.07991706916328059,0.9156285185527072,2.1956427905888136e-05,1.755852159434537e-07,0.00440874442338427,1.903679957129143e-05,4.499047935001338e-06,1
0.08756455554729528,0.9023427435914498,1.984925996876386e-05,1.740834191208423e-07,0.01005434882777596,1.3868122935021345e-05,4.460567155983261e-06,1
0.09060989648594893,0.8876426724896632,1.9556592152311377e-05,1.7190237288771755e-07,0.021712406509631577,1.0891338369978937e-05,4.404681861207404e-06,1
0.36447844470430524,0.5915686426761262,0.00047972363034827676,3.280547369805569e-07,0.04266118104205502,0.0008038295718846907,7.850320543565548e-06,0
0.22117320048394631,0.7724729384328968,0.0002290707270590014,1.850656163041305e-07,0.004137323699363676,0.001974082013191823,1.3199577926256012e-05,1
0.1484835448762541,0.8468116869385001,0.0005285306989230406,2.2157389987460443e-07,0.0029867517823500625,0.0011831057546744024,6.158375398530915e-06,0
0.15422588433120923,0.843615051996437,0.000592508325538891,1.9423448629085058e-07,0.0011080839875158206,0.0004529990307290652,5.278094083594078e-06,0
0.1766395302193911,0.8206246013102468,0.001125276761024893,2.0783218487756852e-07,0.0012885180461309016,0.0003162182354459461,5.6475955754845635e-06,0
0.5316558844452565,0.46520214763310735,0.001435727276637004,1.810943577353954e-07,0.0010385607735942097,0.0006635554427104189,3.943334336646989e-06,0
0.7080132529277579,0.2908783996474907,0.00010200747434099987,1.0980032835155412e-07,0.0005696087115475869,0.00043290033655543397,3.7211019790792212e-06,0
0.708059824143058,0.2908975328494754,0.00010234365736493925,1.0980755072304299e-07,0.0005271278001137605,0.0004093403956938279,3.721346743200097e-06,0
0.6330218496304714,0.3655847874755011,0.00015741215252027636,1.3800038006874903e-07,0.0007166983717343531,0.0005144375756610529,4.676793731830752e-06,0
0.6010004566697087,0.3973806469325164,0.00017891873896358265,1.555568726937429e-07,0.0008565502088130418,0.0005798846381880804,3.387254937511327e-06,0
0.565312173212264,0.4330113572063987,0.0002304106584989675,1.695047131455782e-07,0.0009727021668992129,0.0004674427845836375,5.744466642483761e-06,0
0.5618689014001542,0.4350630346142813,0.0002653649288279774,1.711006328568762e-07,0.002016198814302342,0.000782858364013185,3.470777788198133e-06,0
0.43882333058203055,0.5545583767107973,0.0004241428482053469,2.2509102062139412e-07,0.0040789294768526305,0.0021094470685515663,5.548222542012583e-06,0
0.34120050456090606,0.6475846759647307,0.00022051959047355218,2.846272404074218e-07,0.01026446082521604,0.0007233901888223653,6.164242610837245e-06,1
0.1844278680053258,0.8105948957918312,0.00016574210745571975,1.7824716561579733e-07,0.004135137524234091,0.0006717381974323404,4.440126555364351e-06,1
0.1233195967734721,0.8696239878774316,0.00015076756700656388,1.5619720121816566e-07,0.006579452332267776,0.00032241430397003494,3.6249486508613926e-06,1
0.11423039953406672,0.8792930144095245,0.00015021171720243213,1.5954515797601635e-07,0.005872766881209472,0.00044947329180155854,3.974621037561765e-06,1
0.09711843088689022,0.8966387333890953,0.00022069685250796395,1.610483980242979e-07,0.005594600024084745,0.0004238813210669707,3.496477956513495e-06,1
0.07836389054222843,0.8968682380500622,0.00044964338655453,2.4084408401540273e-07,0.023468714148671313,0.0008449544445638926,4.318583835646518e-06,1
0.0814559136086585,0.8830087893138027,0.0004114172541518118,2.493115946705519e-07,0.03424377143957432,0.0008746610524372363,5.198019780846445e-06,1
0.08779019112195403,0.8624989133519658,0.0005237519197701999,2.3296962186908543e-07,0.04745868103501269,0.001721747528616833,6.4820730586956254e-06,1
0.04917110763303989,0.9379878115049011,0.00529321436663675,1.9510167567966515e-07,0.006164672923305241,0.0013793467638777675,3.651706563627964e-06,1
0.03869476379359401,0.9481730929838313,0.00614734679451927,1.8034193724200192e-07,0.006113026202754752,0.0008678559680586553,3.733915304709869e-06,1
0.033813472481039115,0.9403595042965361,0.012040681764907139,1.7150663448390328e-07,0.01250330050471147,0.0012793203231824869,3.5491229892673942e-06,1
0.008775538145848373,0.6693921743861074,0.005154851289645942,4.0708521293363126e-134,0.3162898310639335,0.00035038931481353304,3.721579965113713e-05,1
0.012905837331128154,0.7104930011537802,0.0038444963537006137,8.344496657034721e-94,0.27232359562277925,0.0003718416804414399,6.12278581704476e-05,1
0.0014837342142634336,0.06676795737717144,0.000601996758332199,9.067865476787461e-09,0.9311106727235019,2.718189631706737e-05,8.447962548563377e-06,4
0.0010792450095692884,0.043407211974775685,0.00012592160526985697,6.807628700982959e-09,0.9553102114239006,7.288386533709492e-05,4.519313518819217e-06,4
0.0021028011885337603,0.08075665310435264,5.5980257485503936e-05,1.3467622783568986e-08,0.9170714457084785,1.1876808197197e-05,1.2294653295097334e-06,4
0.002886288055811192,0.08405216766887577,6.330092698642007e-05,1.6782945893585985e-08,0.9129805064651837,1.6187977532510415e-05,1.5321226644672646e-06,4
0.026001396647946127,0.6125729175093519,3.301949465641271e-05,1.1091435896588754e-07,0.36138005243533416,9.68759979660955e-06,2.815398555792598e-06,4
0.0298898630308434,0.5831782474386578,0.000559191956864006,1.1794093265869415e-07,0.3860915954178295,0.00027799045703497056,2.993757837776838e-06,1
0.03125569682984001,0.6041011174390766,0.000579321180186531,1.2219336771464876e-07,0.36377262707875396,0.0002880135791018219,3.1016996735027122e-06,4
0.07503893556136779,0.8900204120972316,0.0032815308938237324,2.057369883106504e-07,0.03104890845380763,0.0006047849246577352,5.222332123301279e-06,1
0.07505070316536991,0.8901599850760461,0.002503605058340924,2.0576925198002308e-07,0.030583993931376466,0.0016972818493126598,4.2251503022105675e-06,1
0.10082188082495555,0.8502421263099159,0.00340390816802672,1.8574394742719688e-07,0.043545557098316055,0.0019825278928975788,3.8139619406401683e-06,1
0.35018528275286387,0.617341869185213,0.011810668095789206,9.276198729443809e-08,0.020032606091814054,0.0006270929047380369,2.3882075945913362e-06,0
0.33857570237631324,0.6176753387132499,0.01313035605946156,9.483391768063594e-08,0.028156328334761522,0.0024598143728015863,2.365309494426998e-06,0
0.08575586066809543,0.8786614890019541,0.007434685724698867,1.3992868784388343e-07,0.026563465953595912,0.0015807561831263114,3.602539841554254e-06,1
0.06603236750006962,0.902225612745199,0.005724297038215003,1.4368132404890073e-07,0.0243869744738706,0.0016269054078289814,3.6991534927486166e-06,1
0.027232814787124773,0.9399230521072426,0.01490510076599954,1.5391001383274408e-07,0.014891571298837938,0.0030420409546618003,5.266176119741567e-06,1
0.011355970779305256,0.9518272472321315,0.01731857905172448,1.7267384877533834e-07,0.015815790215688956,0.0036777389896581235,4.501057643023094e-06,1
0.009414539003434459,0.9266755654744017,0.03136641925927886,2.0886464028519224e-07,0.027575096294330623,0.004963559175219063,4.611928695128985e-06,1
0.019516370734977067,0.9352785722827416,0.011707095222911603,2.2911950514450904e-07,0.0054719465738189066,0.028019742264707697,6.043801338355572e-06,1
0.01398459772480805,0.943118465560367,0.015054422524804179,1.9002078402006983e-07,0.0033227769568782376,0.02451616722148111,3.3799908774931647e-06,1
0.013009444863492158,0.9403484534715483,0.01769228914479798,1.8946267823794027e-07,0.0036963930237493333,0.025249859970151833,3.370063582108072e-06,1
0.004734015074542808,0.9066195853664636,0.07675603098712887,1.8004243955559744e-07,0.0084899226296205,0.003396564281893532,3.7016179108565818e-06,1
0.004534748600967541,0.9407224116040844,0.04484180328753217,1.809951267792228e-07,0.005213914921128644,0.004683893496264081,3.0470948962477403e-06,1
0.004883084447937378,0.94853842426636,0.03533089262853512,1.8969946615405825e-07,0.005953598144933551,0.0052906171783012055,3.193634466435295e-06,1
0.009643636504895471,0.8482104892846917,0.08228302949655862,3.159230501652775e-07,0.013969789261538433,0.04588827480188661,4.464727378938697e-06,1
8.67324246966489e-05,0.009487077094726721,0.9460060311887385,9.027747260199712e-05,2.0443188599866082e-05,0.04429851460175623,1.0924028879845246e-05,2
0.00014822940733603835,0.017026686995064804,0.909051511083625,0.0002507303762074265,3.1251255152590404e-05,0.07347254890124193,1.904198137223904e-05,2
0.0006638465620717056,0.24759241349192446,0.41031283422854414,0.007241473713899365,0.0002102053823034559,0.33397305966265034,6.166958606728502e-06,1
0.0007034562962334339,0.2647797394750232,0.41863874383269983,0.025525124129325585,0.0002221137090404377,0.2901192257633286,1.15967943488727e-05,2
0.00016426441229718469,0.01973159824080791,0.9510025090945584,0.0018234725618410598,4.0666358163616786e-05,0.02721295050466388,2.4538827667927207e-05,2
0.00016463770058758098,0.02084037157251801,0.9711066691017647,0.0002835546396300714,4.0913953229934466e-05,0.007538258106544953,2.5594925724483085e-05,2
0.00016127902033480953,0.02088838057132689,0.9714432972532666,0.00028442974315577015,3.689249945417263e-05,0.007163642856232609,2.2078056229087458e-05,2
0.0008000026889617028,0.11090155434538224,0.8522380550630622,0.000324843569810431,0.00013190038158491396,0.03559452625513355,9.117696064964772e-06,2
0.0002896987637815485,0.05389846891992678,0.9355774687643328,0.00010850449422749922,5.136927384667887e-05,0.010069416377006125,5.073406878575246e-06,2
0.0005624156751848874,0.1332551626662049,0.8441838866989188,0.00035528711450886726,8.743365164001456e-05,0.02154596477783268,9.849415709806647e-06,2
0.0025849592445100038,0.7520651813798489,0.19705391560148325,0.0004509978582925868,0.00045218092707724326,0.04738330240887439,9.46257991348148e-06,1
0.0023211098240301844,0.6365205451381605,0.2337555444285124,0.0003696098333736074,0.0004531025512505272,0.1265704091373285,9.679087344418073e-06,1
0.0005713795112913949,0.8190020025518105,0.12783091044382053,0.0006381388564691076,0.00023069979807607417,0.051722489312614965,4.37952591728745e-06,1
0.0007935455221083938,0.8332605168299256,0.10039741470917138,0.0028774457044756113,0.0003131166329424917,0.062353156796890255,4.803804486001583e-06,1
0.0008400789801685817,0.7753104139843219,0.12057256062632192,0.0011028538744909879,0.00023436832091317357,0.10193477404618617,4.950167597301107e-06,1
0.0021510885624788575,0.31011264538328104,0.663074931746084,7.88820320128683e-05,0.0015258528593919732,0.023054987927573784,1.611489177592499e-06,2
0.003574617474570534,0.4227532422524381,0.524711984780608,0.0001645633336712033,0.001873675820015152,0.046919311577324214,2.6047613727499842e-06,2
0.9435781996172191,0.05149609986661062,7.259794810941277e-06,2.3432163610321123e-07,1.0978794912252755e-05,5.513849883501645e-06,0.004901713754927912,0
0.7726917330969812,0.22727771465152496,8.320847744037131e-06,1.883009085742795e-07,1.1068774034898237e-05,5.6660436020761805e-06,5.308285204237666e-06,0
0.8143251566515504,0.18564343376119274,7.4809029234736095e-06,2.1007544453746337e-07,1.2126613576352594e-05,5.568605763438355e-06,6.023389548965849e-06,0
0.8207318998833741,0.17921851963270344,6.944259186530427e-06,1.5668459246529723e-07,1.009806088215372e-05,5.509032154914286e-06,2.6872447106406944e-05,0
0.8271017315074769,0.17283972871850484,6.782872243597734e-06,1.5304318929997796e-07,9.689176696614002e-06,5.381000375840709e-06,3.653368151296965e-05,0
0.907477212609056,0.09150113480903797,5.596598369645374e-06,1.2627707451368325e-07,5.398698118375833e-06,4.439903458142928e-06,0.0010060911048852769,0
0.8928966295128068,0.10591735452481368,6.193656624358558e-06,1.5032234148338032e-07,6.1860293981306394e-06,4.913562783813249e-06,0.0011685723912316323,0
0.9465953173545202,0.04952214549623897,5.515008710059402e-06,1.3385130511383879e-07,6.14022823849204e-06,4.635501095664594e-06,0.003866112559891415,0
0.9304948406816314,0.04506279124514043,6.443246839082751e-06,1.5637998848646488e-07,7.2898912536833496e-06,5.41570817970364e-06,0.02442306284696753,0
0.939432007208204,0.0399689596735206,7.001578436817747e-06,1.5797789721249117e-07,8.616329403555363e-06,5.554504765375156e-06,0.02057770272777285,0
0.8949097665544781,0.009709654366620085,1.2755593446270475e-05,1.7631822988698626e-07,1.256029909547448e-05,6.199351082718047e-06,0.09534888751704741,0
0.979042437925399,0.0027421548837216316,9.039839162066777e-06,1.0724760220452911e-07,6.624635832722693e-06,3.7708269829598364e-06,0.018195864641299547,0
0.9737157502188734,0.002274113461402188,1.6453677667252347e-05,1.952045214104875e-07,1.310712340118202e-05,6.863393319756113e-06,0.023973516920814633,0
0.9651903157978515,0.002292447286702634,2.1187372179254625e-05,1.9677825361608728e-07,1.4426473993210865e-05,6.91872576302614e-06,0.032474507565256515,0
0.8307646066440535,0.001799496821094828,2.0904147481251243e-05,1.9788870954992278e-07,1.5344812454491014e-05,9.156856800758985e-06,0.16739029282940537,0
0.9556767546213908,0.0020244363884561285,1.8018261667149533e-05,2.1247255573256986e-07,1.8151713327322933e-05,9.467320772113611e-06,0.04225295922183065,0
0.9819539292300737,0.002018600965485609,1.6583708089096035e-05,2.1686885187320833e-07,1.8731741469439064e-05,9.597812848902138e-06,0.01598233967318146,0
0.9903275403387961,0.0036234490103853696,1.7448411886861684e-05,2.095774212836933e-08,1.2134241049008417e-05,6.498815539859306e-06,0.006012908224600404,0
0.985019972410138,0.005416266669360705,1.1848358353781434e-05,2.0568136835178446e-08,1.190866500591221e-05,6.3780022901164715e-06,0.009533605326714623,0
0.9834764216443306,0.007902141064381744,1.3635680930351515e-05,1.647391357060573e-07,1.4692820744505381e-05,7.340122707659603e-06,0.008585603927769619,0
0.9600552742828167,0.02182596186195347,1.6889468771014797e-05,1.9125668374901315e-07,2.015649838594265e-05,1.0070035020541458e-05,0.01807145659636851,0
0.7816451263434174,0.02104230732001675,2.0011949938158698e-05,2.138171851123484e-07,1.9927577409678987e-05,1.0178827175242796e-05,0.19726223416485764,0
0.7839617272288931,0.1798971754351176,1.6529754126591442e-05,2.3592265815619975e-07,1.4811543640918597e-05,1.0287859577737798e-05,0.036099232255985894,0
0.8106545094517794,0.1742661316689433,1.690625605091469e-05,2.450754602750078e-07,1.620054086397128e-05,1.068698505248883e-05,0.015035320021849761,0
0.831508563207535,0.15732233548871458,1.7429569632566538e-05,2.71778492632711e-07,1.5741726161233138e-05,1.2313587745395419e-05,0.011123344641718828,0
0.7969418355159104,0.19366814426020315,1.7079556337765885e-05,2.66320751124017e-07,1.3987258819103307e-05,1.2066311449512018e-05,0.009346620776528869,0
0.8040261135100336,0.18825337155413088,2.135765150404878e-05,2.0136231338190624e-07,1.2977007527297685e-05,8.70317221391313e-06,0.007677275742277028,0
0.8354436734799618,0.15990879992860674,1.904912625186873e-05,2.2061673076028703e-07,1.418683902214165e-05,1.1364570479534141e-05,0.004602705438947006,0
0.7729518254803965,0.22135479424697924,1.8945324238770553e-05,2.1941455169583727e-07,1.9167453366253123e-05,1.1533297834573804e-05,0.005643514782632985,0
0.4794057424649071,0.5126925104814473,1.1824634353063673e-05,1.1120855265662704e-07,1.3637455588331639e-06,7.906405711446858e-06,0.007880541059469635,1
0.4591012733006184,0.534283113764335,1.1807273300153771e-05,1.1104527508633963e-07,1.3709550779899398e-06,7.835960105338887e-06,0.006594487701287876,1
0.5152851215983418,0.3566775238587365,1.5232498480103008e-05,1.4113315328887958e-07,1.3008544103910746e-05,8.150137821588045e-06,0.12800082222936263,0
0.5494338153657342,0.24860230533256583,1.5307085127690888e-05,1.7417383851113137e-07,1.5237623511048251e-05,8.314937356288916e-06,0.2019248454818664,0
0.6834593644238854,0.28094983057440864,1.0610199422126295e-05,2.1666074718907874e-07,2.433162797212947e-05,1.0343232691221908e-05,0.035545303280873464,0
0.6126835512715815,0.3851298478674831,1.614842076392385e-05,2.0611171198475597e-07,2.189533097857466e-05,1.0563309690205792e-05,0.002137787687790607,0
0.5375758749812395,0.46235346655889736,1.8502123182802503e-05,2.1052903204443329e-07,2.153524722085376e-05,1.0789699153190703e-05,1.962086127423833e-05,0
0.5129806491441845,0.4869450237215285,1.948621014827134e-05,2.2172660511433199e-07,2.336967288272009e-05,1.058507320908848e-05,2.066445144172772e-05,0
0.6597633971442851,0.3401635566753721,1.8269492882458515e-05,2.0788201518740856e-07,2.6085712383388792e-05,1.0737970561783802e-05,1.7745122500082042e-05,0
0.6110639122514042,0.38886456828381816,1.5840590300165896e-05,1.9920989613394544e-07,2.944299737194494e-05,1.1352137664808227e-05,1.4684529544575784e-05,0
0.09415671373144147,0.33166754436878615,1.2286619462668753e-05,1.590803102825917e-07,0.5741451038043373,6.7095777661452155e-06,1.1482817896038419e-05,1
0.5594410070058873,0.4254983161204978,3.64413719487629e-05,2.1728150356843912e-07,0.014956058217342874,5.4851723808886864e-05,1.3108279010778342e-05,1
0.6034303242802959,0.37765327477655003,2.7788259613832848e-05,1.9301960763571005e-07,0.018821466900509093,5.531844124733848e-05,1.163432217603242e-05,1
0.25921144327757323,0.7407204178149992,2.8444641197622928e-05,2.5916422777345493e-07,1.7563395239281358e-05,1.6688646443294236e-05,5.183060319653464e-06,1
0.128132782887904,0.8718043629292609,2.4073226505760072e-05,2.0611074643948041e-07,2.0124657979193495e-05,1.4295935102928424e-05,4.154252500784193e-06,1
0.11239269981752323,0.8875578953663121,2.2306632102453807e-05,1.9098547475917036e-07,1.0748547452699041e-05,1.2309255119251867e-05,3.849396015674046e-06,1
0.11239269981752323,0.8875578953663121,2.2306632102453807e-05,1.9098547475917036e-07,1.0748547452699041e-05,1.2309255119251867e-05,3.849396015674046e-06,1
0.11193581885536179,0.8880141489720287,2.2920058589229545e-05,1.9108365180424346e-07,1.0754072797645115e-05,1.2315582753833413e-05,3.851374817080863e-06,1
0.1123654369645811,0.8875828337975777,2.259747631599557e-05,1.9099084103235647e-07,1.2781665526488974e-05,1.2309600982337899e-05,3.849504175263919e-06,1
0.11010187780379459,0.8898474350242643,2.214225871610447e-05,1.8714340289191288e-07,1.2524183716475522e-05,1.20616287337364e-05,3.7719573719426127e-06,1
0.10419005142176442,0.8957599945695468,2.1821982603096897e-05,1.8443647211209869e-07,1.2343027993803558e-05,1.188716362532486e-05,3.717397994735201e-06,1
0.1041899681568657,0.8957592787107463,2.1821965163762273e-05,1.8443632471717987e-07,1.3142181750294882e-05,1.1887154125536139e-05,3.7173950239259604e-06,1
0.10213711224880175,0.897806308656315,2.3969748456533435e-05,1.8924812459222289e-07,1.3485051022933188e-05,1.3265807154087675e-05,5.66924012494501e-06,1
0.09657247760940414,0.9033763724849149,2.3579619456964276e-05,2.5391149244687223e-07,1.0202246546415086e-05,1.1683630377218549e-05,5.430497808077142e-06,1
0.10949019147434057,0.8904621897109566,2.165276691857164e-05,1.8300628382684896e-07,1.029948339440693e-05,1.1794986183590595e-05,3.6885719225229227e-06,1
0.265089089389748,0.7348486538420663,2.694929070550539e-05,1.746107309184462e-07,1.6268390821263814e-05,1.2960361722180495e-05,5.9041142057877446e-06,1
0.20189879614142373,0.7980370899139856,2.3642347564646106e-05,2.045357615999272e-07,1.8317812628524165e-05,1.5033279100177794e-05,6.91596953578855e-06,1
0.09954620903464338,0.9004064571480693,1.5716932714772476e-05,1.4793326814462116e-07,1.22394182403467e-05,1.0920826477810345e-05,8.30870658602259e-06,1
0.11469872214927887,0.8852505841155951,1.7058133676578672e-05,1.5714835873365992e-07,1.0630285193345397e-05,1.2283661748375827e-05,1.0564506149257358e-05,1
0.2776706069416968,0.7222744010894876,1.9458111663875723e-05,1.7440703275654544e-07,1.5012898234116686e-05,1.4418442240480649e-05,5.928109644421499e-06,1
0.30655452215557544,0.6933825114524984,2.6846808386180634e-05,1.8779826350266098e-07,1.5611335738785098e-05,1.3937170838992535e-05,6.383278698570445e-06,1
0.2938253414885976,0.7061159406587973,2.3829272592697003e-05,1.8280855787900517e-07,1.519655038201053e-05,1.3295542885954867e-05,6.213678186693678e-06,1
0.44886237440690013,0.5510708822715965,2.6438242183902114e-05,2.069704537951109e-07,1.8136259581336976e-05,1.5087136947462483e-05,6.87471233670854e-06,1
0.3725366966333172,0.6273992296421175,2.5404650944566552e-05,2.23577668659888e-07,1.733545097272855e-05,1.4489618026402054e-05,6.620426952973466e-06,0
0.2348402220741803,0.7651100862184151,1.9118915256152137e-05,1.6195928831083225e-07,1.4184617312609804e-05,1.084940875912289e-05,5.37680678825504e-06,1
0.23294571937413747,0.7669962244509454,2.0991079997495827e-05,1.769902300945341e-07,1.5235258984947184e-05,1.4569159315266716e-05,7.0836863893568746e-06,1
0.2353615571668149,0.76458780493281,1.859546352859662e-05,1.567911402859436e-07,1.3496528184214767e-05,1.2113860035443504e-05,6.27525748637118e-06,1
0.19401344746620247,0.8059270330134991,2.4403915903534324e-05,1.5199064258047173e-07,1.2835974604020378e-05,1.1260402418154669e-05,1.0867236730199394e-05,1
0.28989666464519354,0.7100304342178801,3.578593675406845e-05,1.470316947102073e-07,1.447352569501909e-05,1.1981967750914633e-05,1.0512675031374092e-05,1
0.6318995873151926,0.3679909049556265,5.637919543881238e-05,2.463179868881534e-07,2.0694223735311143e-05,2.183151983214535e-05,1.0356472187791406e-05,0
0.7169501977298285,0.28294910444053695,5.563320294311841e-05,2.2041171066315968e-07,1.8885001667086916e-05,1.9534610525019957e-05,6.424602788844201e-06,0
0.6720801992842529,0.3278107480813336,5.389433407290034e-05,2.715757846122738e-07,2.5635843934508507e-05,2.1334937598509787e-05,7.915943022959317e-06,0
0.552929096349612,0.4469716124328099,4.899213063952777e-05,2.4687337819704047e-07,2.3304019554172713e-05,1.9552281460189064e-05,7.195912546044204e-06,0
0.5610856059464283,0.4388016412566003,5.889903056490238e-05,2.6432013085359975e-07,2.4950934535587855e-05,2.093405790363807e-05,7.70445383650632e-06,0
0.48040652158549774,0.5194712206529467,6.311439559675061e-05,2.729971183597301e-07,2.577001307694756e-05,2.1622155980501638e-05,1.1478199782964048e-05,0
0.7044578799601499,0.2954886838614108,1.7755234056155867e-05,1.687598392380612e-07,1.2898431227723952e-05,1.1675621468305824e-05,1.093813184811396e-05,0
0.7269216356739231,0.27302403793776125,2.0978867566991522e-05,2.030219524281327e-07,1.2186517248026386e-05,1.344761782047399e-05,7.510363727889594e-06,0
0.015818656346425878,0.0011762642007950956,1.6839620325954462e-06,1.3223405485065784e-08,1.165638106730582e-06,1.2720899962271298e-06,0.983000944539238,6
0.07016090173957062,0.013543063176185852,8.221873073222803e-06,6.100858214319672e-08,5.23908971925786e-06,5.665942840059924e-06,0.9162768471700289,6
0.018017441320489474,0.005648808546319003,2.031120165363354e-06,1.5071475848349556e-08,1.0413969877309194e-06,1.5533883683471524e-06,0.9763291091561943,6
0.8923214182870488,0.10722580159983294,1.1795169315214853e-05,1.0651910994035852e-07,7.101910029090438e-06,1.265127245315856e-05,0.00042112524221069795,0
0.9516213676413614,0.047331215504734646,1.5895698040832086e-05,1.3530028261568908e-07,5.709341209982584e-06,7.1820810757528195e-06,0.0010184944332949002,0
0.9483165413431106,0.05088144933794488,1.4514624682823487e-05,1.1659518465353939e-07,5.689513596166804e-06,7.664716606187514e-06,0.0007740238688746996,0
0.9500839676996071,0.04886989764878459,1.6718484933140184e-05,1.502550664980746e-07,6.525283148947528e-06,8.13584693333283e-06,0.0010146047815265372,0
0.9385006326958756,0.06046310952988074,1.4807836309250702e-05,1.5246494757647144e-07,8.398144499960442e-06,1.0227252891505592e-05,0.0010026720755954603,0
0.9203546966567002,0.07744230125233188,1.5406497993586683e-05,1.3766684701189812e-07,7.659968879311666e-06,9.64197547074348e-06,0.0021701559817773873,0
0.9155419706172737,0.08442227591826122,1.081030929259181e-05,1.0447772176035683e-07,6.019514092123609e-06,6.709638917993618e-06,1.2109524440456562e-05,1
0.5221060122259363,0.4778163680072571,3.0391890108370383e-05,2.464527597488617e-07,2.0749205778303076e-05,2.052207087459602e-05,5.710147285462414e-06,1
0.5098976338050114,0.4900201196330827,2.9514361254859966e-05,2.3992454063321997e-07,2.513466882009757e-05,2.1240270642193904e-05,6.117336648192678e-06,1
0.5798465716575132,0.4200943279078952,2.3047831496763757e-05,2.2948147557991956e-07,1.6433817912146228e-05,1.5418921545502503e-05,3.97038216157658e-06,1
0.5195987438559962,0.4803369403656669,2.4726165521242156e-05,2.442830248358294e-07,1.8544104613879138e-05,1.6541721347914e-05,4.259503828961719e-06,1
0.4612517485044297,0.5386817389308421,2.7476733811929504e-05,1.8701023267276187e-07,1.8012825967212614e-05,1.6067809907365024e-05,4.768184808843713e-06,1
0.4474049623573051,0.5525219346793186,3.145836492454518e-05,2.2233128169410824e-07,1.9206042206105488e-05,1.7132183245552475e-05,5.0840417184874716e-06,1
0.35190091545428737,0.648011411702368,3.9290522490264736e-05,2.5846671812316877e-07,2.2587447805765358e-05,1.9626056838832707e-05,5.910349491830212e-06,1
0.35934950831531426,0.6405606318900244,3.898182273492258e-05,2.894564164679503e-07,2.336891671838389e-05,2.0919677815786294e-05,6.299920975625696e-06,1
0.3012046642736881,0.6986668328078297,2.20017971316359e-05,2.089310013610529e-07,8.452000227802412e-05,1.6346522225348417e-05,5.425665846127064e-06,0
0.2725406613121143,0.724633159531864,1.865059987589137e-05,1.830441655111174e-07,0.0027838879311256654,1.6136027568017357e-05,7.321553286564631e-06,1
0.16848111510179772,0.8285948762813392,2.801499484979097e-05,1.958032709893296e-07,0.00287257175876944,1.8514120279745422e-05,4.7119396932656215e-06,1
0.07136150638543824,0.9247239529044069,2.627201465775731e-05,1.681930107781102e-07,0.0038650220886564464,1.8685737858359605e-05,4.392675971358194e-06,1
0.08468860913680518,0.9113834006672462,2.1878021536444414e-05,1.749582014140809e-07,0.0038823843498455965,1.9069884523247808e-05,4.482981841916947e-06,1
0.08761699654342359,0.8915923500632075,2.0959413229730748e-05,1.7440803112348366e-07,0.020754000596262905,1.1050091104026874e-05,4.468884740993553e-06,1
0.1094614870645171,0.8657929393832128,9.103908542291856e-05,1.7190740196787806e-07,0.02450347914527137,0.00014603609813953176,4.847316034286639e-06,1
0.16160287829094563,0.8312065091198307,0.0002377393524579781,1.983643879818356e-07,0.005634700368389808,0.0013109213011540972,7.053202833850656e-06,1
0.1534018582651903,0.8436054273529486,0.00027615972841207485,2.20734960767671e-07,0.0021435336243260366,0.0005666652360495476,6.135058112695678e-06,0
0.16711181477070597,0.8311947015622325,0.00033150299904470424,2.1179488791635993e-07,0.0010421996183613193,0.00031381397739039396,5.7552773773287845e-06,0
0.28546454096666307,0.7106477114421517,0.001641178631939883,2.3192854849539922e-07,0.0012190863067164082,0.0010221525509630425,5.098173017486106e-06,0
0.4680901390937567,0.5287837235632993,0.0012300914695607887,2.0584545726377362e-07,0.000984158254934964,0.000907199482820435,4.482290170834993e-06,0
0.667415559784616,0.3312281526870064,0.00014221326659474967,1.2966110951262859e-07,0.0006999174917543521,0.0005112037348964217,2.823374022596394e-06,0
0.5595300157382624,0.43877411004091,0.00018324507218238557,1.7176057491429656e-07,0.0010164162571244017,0.0004902202137880176,5.820917157870478e-06,0
0.3409172077165956,0.6470469900801196,0.00028212126530412386,2.8439091602356436e-07,0.01104307491687017,0.0007041858711794176,6.135759014889405e-06,1
0.1690826676541822,0.8256423237022488,0.00016881885075450942,1.8155604578363988e-07,0.004467757089964587,0.0006337285962357366,4.522550568397039e-06,1
0.12086434859058733,0.8707420912729988,0.0023403328470024526,2.0481252996328566e-07,0.0054278129748394415,0.0006202849401374549,4.924561904301159e-06,1
0.08260157164130716,0.9106053538455051,0.0002705392653762739,1.6553802163708353e-07,0.006083077694408887,0.00043569806442752185,3.593950953374842e-06,1
0.04662705532021475,0.9373220732971561,0.00848806502750383,1.8744959557006735e-07,0.006516132357729849,0.0010426054709720212,3.881076828078661e-06,1
0.012023316689197245,0.8026249179253858,0.018251949315324135,1.6755052796574212e-07,0.16597771783298293,0.001101128988685438,2.080169789661965e-05,1
0.0027940570943728897,0.20103667384343415,0.002213866986970953,0.0,0.7937560076083844,0.00019022828121670603,9.166185620998883e-06,1
0.0013447410961596592,0.07368739412553987,0.00046778521329858536,1.0593221725739168e-08,0.9244596471315324,3.385173181271283e-05,6.5701084350661204e-06,4
0.0012934614046971478,0.06553933764570848,0.0006157561936597123,5.6621965026482265e-09,0.9324965991615521,4.850232653148571e-05,6.337605654761408e-06,4
0.004126942293951125,0.23239750079131052,0.0003944293972359154,3.382633733517057e-08,0.7629747518489401,0.00010084623471877118,5.495607506092658e-06,4
0.05095681651902606,0.6163462150142813,0.0011170254283976607,1.2688565330724823e-07,0.3311679025173239,0.00040869282884676975,3.220806470890722e-06,4
0.06474142344040511,0.6860617448136394,0.0012985223661380707,1.4123781501241504e-07,0.2475626031588419,0.0003319798680853126,3.5851150754209605e-06,4
0.059794814127404276,0.7895097049098705,0.002477972695535116,1.7599122012557182e-07,0.14775501572972055,0.0004578492668854175,4.467279363946935e-06,4
0.06693509439992218,0.8786656494520366,0.0025637517284443387,1.967158469085149e-07,0.05014837625546347,0.0016819381046249597,4.993343661284523e-06,1
0.07857396078148446,0.8629601080113348,0.003797120097642359,1.8328371590075955e-07,0.05274306880650542,0.0019217955743893944,3.7634449276393933e-06,1
0.09791961005812372,0.8448185517575754,0.003467295497424799,1.809120227887708e-07,0.05206057297004353,0.0017300740588969586,3.7147459127358305e-06,1
0.08266716148335128,0.8557903281494401,0.0038514293788582945,1.8326155246766913e-07,0.05682781135812211,0.0008583682007693148,4.71816790654428e-06,1
0.6231545709536149,0.35391257177795077,0.005693606706676466,5.31790165632824e-08,0.016718066363386765,0.0005197618967758839,1.3691225784782686e-06,0
0.566417820368402,0.4044633280562338,0.00828201021078495,6.077478941730775e-08,0.019632804757133013,0.0012024600122631324,1.5158203936555488e-06,0
0.13382352679579565,0.810175038444295,0.016839914837640097,1.2438908936009975e-07,0.03783808425996957,0.0013201088087466026,3.2024644637157574e-06,0
0.03076656349506887,0.9425434264326544,0.0060461545055267955,1.8775571234715647e-07,0.017676522155481975,0.002961745924278215,5.3997312773394984e-06,1
0.027468738400355297,0.9448693869285562,0.013065046732031441,1.5403946848512637e-07,0.01123439183687956,0.0033569702645958608,5.311798113200182e-06,1
0.026329476615060816,0.9445058806456361,0.014346147211342909,1.1794489704254367e-07,0.00963109494580469,0.005181867703785463,5.414933472789927e-06,1
0.0073348968261650535,0.9499875798020497,0.026265896535679126,1.828936024836607e-07,0.011328661274710062,0.00507984878976201,2.9338780315736793e-06,1
0.020809751035462752,0.8514428666659407,0.041929978033896365,2.4675739226604795e-07,0.017167090732140993,0.06864661223044255,3.4545447245751885e-06,1
0.01272424191572596,0.9499976782122425,0.011923386015775684,1.9498732053152892e-07,0.003512456189919711,0.021836899229408062,5.143449607433231e-06,1
0.004516329580464389,0.9413648025455509,0.04517175664453936,1.5742153965162468e-07,0.005519055303183843,0.003424661965647112,3.2365390747170485e-06,1
0.005205923644479712,0.9100462230619236,0.07196630960082517,1.9680601533702686e-07,0.0069388472601782936,0.005839186351709457,3.3132748685317067e-06,1
0.00789116761955744,0.8495884374052097,0.09696188803026613,2.230326558844372e-07,0.012393086434922243,0.03316113876828743,4.058709101176176e-06,1
0.0004792240669656525,0.16779226043598977,0.24986944410152526,0.25780801568223083,0.00016023524950801183,0.32388607306866574,4.74739511471116e-06,1
0.0004532363642797487,0.03451714854201901,0.910760242288264,0.0023625916896238526,9.91595763171982e-05,0.05179754986946563,1.0071670030454099e-05,2
0.0008054480637734617,0.10594492440577545,0.8283989841190903,0.0007038709302127423,0.00012764874902925334,0.06401041354202221,8.710190096607519e-06,2
0.0006371991822857129,0.14862782155276935,0.8219849256331885,0.0002095559149664974,9.868570804038375e-05,0.028433955860191037,7.856148558557954e-06,2
0.0006962426055394674,0.22169053828098892,0.7501863714354318,0.00021935511392214186,0.00010651587406700815,0.02709108402839861,9.892661652181453e-06,2
0.0010593207799729188,0.8809613644460295,0.05699752067619872,9.96460483305823e-05,0.00016614606496060232,0.06071000218364078,5.999800867077847e-06,1
0.0019317699960013385,0.8278158833239063,0.14581749722070625,0.0006595490518631384,0.0004304972023952497,0.023336453138279617,8.350066848260161e-06,1
0.0015843107751804788,0.8224065819770962,0.11682949446722256,0.0001652283017685214,0.00040469008949590247,0.05860301746485104,6.6769243855506276e-06,1
0.0011235209235834517,0.837339689967312,0.08113525194949765,0.000258460539704656,0.00045128441178097947,0.07968694939836297,4.842809758440359e-06,1
0.00044241425053294457,0.8922273713760887,0.07972542199617771,0.0009886147361991334,0.00016503217167800012,0.026448356203021738,2.789266301712462e-06,1
0.0008943884793213692,0.7816383605746366,0.15538747864715532,0.0012620073449930247,0.0002986057082135423,0.060513853603473174,5.305642207018745e-06,1
0.0008483273671282485,0.7335472834063473,0.1447420347656632,0.0002589692076138486,0.0004426733012684483,0.12015299348091933,7.718471059532164e-06,1
0.002161627628136903,0.7702322932400328,0.14519586887204142,0.00011304487782416076,0.0007512803120470772,0.08154210620688891,3.778863028471934e-06,1
0.0021651622702240025,0.33643142770384316,0.629820076971973,0.00010025995984884769,0.001600485036898797,0.029880839803431456,1.7482537807404246e-06,2
0.9430027681308714,0.05282155974509557,9.934761718656512e-06,1.8562146319886275e-07,2.2141888749258812e-05,6.258254698088373e-06,0.004137151597403953,0
0.9436083266680633,0.04928968454805811,8.782610865955184e-06,2.3627479417233175e-07,1.1770922102563479e-05,6.229561621957567e-06,0.007074969414493777,0
0.9140328267332116,0.0817688000147624,7.88336460682496e-06,1.9898242007019025e-07,1.0572148408012902e-05,5.987454211988527e-06,0.004173731302379251,0
0.8739232238876428,0.12268831815227328,7.815480783001768e-06,1.9726897812989702e-07,1.1278821926566812e-05,5.9358961137465435e-06,0.0033632304922824965,0
0.7940894955270976,0.2058305044513097,9.2182380059885e-06,2.0860886358910924e-07,1.2825947240190064e-05,6.277117438385561e-06,5.147011004475319e-05,0
0.8287636438360905,0.1711602064537399,8.924666591829577e-06,2.0196533810732453e-07,1.1032337629015293e-05,6.07721131293823e-06,4.99135292981249e-05,0
0.806116092608842,0.1938298778299605,8.680783012563222e-06,1.9644624907037974e-07,1.1530998479151901e-05,5.9111398937196974e-06,2.7710193563112703e-05,0
0.785293387598279,0.2146593571962633,8.456550565663022e-06,1.7791069374984024e-07,1.1249292164141918e-05,5.9982849817710146e-06,2.1373167052278264e-05,0
0.7810193595046612,0.21893387122043198,8.410525047985757e-06,1.8673227980297684e-07,1.1188066905528823e-05,5.727108956222778e-06,2.1256841717220488e-05,0
0.8251510574031992,0.17481653092095512,7.580356454929349e-06,2.1265399390769636e-07,1.2287828680612679e-05,6.227370287774503e-06,6.103466428469065e-06,0
0.8360300325010193,0.16391982224898238,6.864601014878623e-06,1.666064104760751e-07,9.982225190326258e-06,5.7698667760449285e-06,2.7361950606807532e-05,0
0.8353370153038269,0.16459108677466391,6.8020902645309794e-06,1.5347680902773174e-07,9.891324585114973e-06,5.396246450681985e-06,4.965478339997804e-05,0
0.8770174978383973,0.12153902981021886,7.115737269228419e-06,1.425877474548569e-07,5.538108303153002e-06,5.013386914859435e-06,0.0014256625311490838,0
0.887835481417685,0.11132220505768367,6.065859769315569e-06,1.368651054601139e-07,5.851366054879273e-06,4.812178753520377e-06,0.0008254472549482197,0
0.9206595762189752,0.07837508398064696,5.454956885853798e-06,1.3239382508670384e-07,5.4482393371171875e-06,4.327536182135848e-06,0.000949976674147562,0
0.8509633916990017,0.13962512073779962,8.91075179539823e-06,2.1626724817025514e-07,1.2482638078063016e-05,7.489707067084366e-06,0.00938238819900994,0
0.9287755899063924,0.04364287202798911,6.363605732154305e-06,1.5444706930836107e-07,6.871505673876806e-06,5.348767861413049e-06,0.027562799739281864,0
0.892245413457731,0.08074146015123743,8.996886508395408e-06,2.0299839884415128e-07,1.2603300001208137e-05,7.137426144030294e-06,0.026984185779978954,0
0.9782963555988465,0.0058056180876170215,8.51836100280376e-06,1.1774774257891017e-07,6.35612426101743e-06,4.140012044767307e-06,0.01587889406848514,0
0.9864982468443899,0.002456426270630115,1.023598829853178e-05,1.2143857667487157e-07,6.178900604233402e-06,4.269781815956567e-06,0.011024520775684523,0
0.9866733026833655,0.002205509491548729,9.179989807594336e-06,1.0891033319020018e-07,6.195259490457165e-06,3.829288624407198e-06,0.011101874376830306,0
0.9932540438181378,0.0012990832404896186,8.896365953915848e-06,1.2227021968226738e-07,6.9552237762781036e-06,4.29902239409553e-06,0.00542660005902858,0
0.9495763791472628,0.001901519794981752,2.1429294853614975e-05,1.9902511655727708e-07,1.4591199053992349e-05,6.997725491052629e-06,0.048478883813240295,0
0.9826236089101531,0.001921662890291595,1.9067602562187496e-05,1.7709083982140565e-07,1.2539471695577901e-05,6.2265160573013994e-06,0.01541671751840045,0
0.956989520426954,0.0020676030876304982,2.5626791506348543e-05,2.320965886841496e-07,1.943822564029473e-05,1.0699101050990765e-05,0.04088688027062893,0
0.9830676527248163,0.0017363650175970318,1.5256772658148874e-05,1.9951622109405195e-07,1.6383945302578042e-05,8.829849624972624e-06,0.015155312173779762,0
0.9867121245494453,0.0025720104663552847,1.8940290140912277e-05,1.8555471420137862e-08,1.3780276976402676e-05,7.006736409787802e-06,0.010676119125200733,0
0.9862593008387145,0.006426201952348491,1.2743828321639811e-05,1.3029561349286032e-07,1.3386666814947e-05,6.860036115832798e-06,0.00728137638207111,0
0.9514846715065972,0.013080528525729142,1.5455514479231356e-05,2.0681127264634754e-07,1.808022813874882e-05,9.845308743790098e-06,0.03539121210503938,0
0.8987487518500423,0.030525584511095563,1.5869295177092204e-05,2.1234809983098046e-07,1.9271925936000076e-05,9.959505584442387e-06,0.07068035056406483,0
0.9042352031388802,0.026544558418341253,1.5583896468560226e-05,1.9704977311012477e-07,1.700246862110842e-05,9.241986706099417e-06,0.06917821304120976,0
0.8996958708035789,0.03374987331665508,1.6754670577160476e-05,2.1185356578985128e-07,1.7863739385191343e-05,1.0945854066954428e-05,0.06650847976217084,0
0.8957105254095963,0.033078969726026454,1.676665128261408e-05,2.120050552004807e-07,1.7528851590218114e-05,1.014543213107173e-05,0.07116585192431799,0
0.8979066201188134,0.029175983997731133,1.6171764039760212e-05,2.044830342176698e-07,1.5646254105880833e-05,8.838054309817962e-06,0.07287653532796602,0
0.9222505718892735,0.025703944148521198,1.365197537258081e-05,1.9437188549413244e-07,1.4059957315414277e-05,8.401035747886101e-06,0.05200917662188383,0
0.824172603276459,0.16493277427624323,1.6000789633633765e-05,2.4949959059440886e-07,1.480892500988144e-05,9.710188632910331e-06,0.01085385304443079,0
0.8318258621454069,0.15488813378382027,1.7159887085689972e-05,2.675733448508336e-07,1.496856481008786e-05,1.2123063264620999e-05,0.013241484982267357,0
0.7816584238904084,0.20974713197278488,1.6238361981815845e-05,2.2435278247920045e-07,1.4458652655032397e-05,9.69685374484045e-06,0.008553825915642703,0
0.7885163262943792,0.2057945058837899,1.889054740470242e-05,2.1878015587664195e-07,1.614739987381943e-05,1.1499951477774593e-05,0.005642411142918687,0
0.4765947974845305,0.33775048920497475,1.3604927394035141e-05,1.2865848228759721e-07,1.1896593840906222e-05,7.845093268268985e-06,0.18562123803750935,0
0.5988863368940258,0.40104558807419116,1.7612778823147e-05,2.0040950114829916e-07,2.0853580994808655e-05,1.0730520102735584e-05,1.867774236115887e-05,0
0.15373285139597462,0.8461871601241886,3.1917706041271346e-05,2.6992521054954314e-07,2.420239942319745e-05,1.8157988145907204e-05,5.440461015842246e-06,1
0.12640064085974972,0.8735310022137182,2.4286942984951393e-05,1.5618336174024764e-07,2.4036321567221566e-05,1.568634563451794e-05,4.19113298366948e-06,1
0.12050398652064223,0.8794363391255944,2.327703465050548e-05,1.496888894297148e-07,1.938603136602338e-05,1.2844743061917431e-05,4.0168557955687965e-06,1
0.10482682511551099,0.8951236579786677,2.1674636484497634e-05,1.3759416053965298e-07,1.2205478482500946e-05,1.1806899267443033e-05,3.6922974263874295e-06,1
0.09025651154473785,0.9096925914144374,2.3160122242397898e-05,1.8285589052586627e-07,1.0291019350038013e-05,1.1785293145351136e-05,5.477750196391613e-06,1
0.2555693879409364,0.7443696392160788,2.6011555614326895e-05,1.8099566659082202e-07,1.5494677103109507e-05,1.3165606507858435e-05,6.120008092767246e-06,1
0.26620584608033726,0.7337271676546193,2.3141236119523515e-05,2.011435546220726e-07,2.1375410604521762e-05,1.4783953535470888e-05,7.48452122926004e-06,1
0.27517996217856266,0.7247540649513275,2.263988910737879e-05,1.9986787174841265e-07,2.16217159241679e-05,1.4074343943692045e-05,7.437053262575e-06,1
0.12630187724856295,0.8736488385802624,1.502764292778047e-05,1.443374283191901e-07,1.4425029032314686e-05,1.0764971071319802e-05,8.92219071497854e-06,1
0.056896333267869435,0.9430632370179615,1.5522760395592688e-05,1.0880346122601563e-07,9.001971528410195e-06,8.01389112691326e-06,7.782287657193309e-06,1
0.3229301868376797,0.6769865940998829,4.0584670734137444e-05,2.1033012597545054e-07,1.8105145916025997e-05,1.716977707095956e-05,7.149138590345423e-06,1
0.2953860016094752,0.7045577854151681,2.2593456563908633e-05,1.733278762867438e-07,1.4920004811163747e-05,1.2634757079576501e-05,5.891429025668005e-06,1
0.40024837783803585,0.5996871007311483,2.5798346225618168e-05,1.9884675890342854e-07,1.7424402228688058e-05,1.4494959198886137e-05,6.604876403765226e-06,1
0.2832773759200164,0.7166732891312668,1.9967618756055996e-05,1.554922746287114e-07,1.3625366345046219e-05,1.0421653662717264e-05,5.164817678329534e-06,1
0.2499316599538729,0.7500186281814352,2.040547336255445e-05,1.5645162882776001e-07,1.3467303153030724e-05,1.0485953044961377e-05,5.196683502781953e-06,1
0.5155711104171743,0.4843265071312415,5.314273346988663e-05,2.2310546427965582e-07,1.986195368839773e-05,1.9774160342959343e-05,9.380498618664503e-06,0
0.5399046297003324,0.45998687391970106,5.667559272566402e-05,2.543420484475621e-07,2.4009036996040854e-05,2.014379741844272e-05,7.413610778030562e-06,0
0.5519519473094617,0.4479272190589063,6.237920219689564e-05,2.698170882303149e-07,2.5469828889977018e-05,2.1370288459356946e-05,1.134449499750483e-05,0
0.5195819465708209,0.4803127502359039,4.268957268624178e-05,2.5906633680132737e-07,2.2008210374186624e-05,2.0658310629021794e-05,1.9688033248977863e-05,0
0.736633937826269,0.2633099958291646,1.843725449044755e-05,2.0067107770320043e-07,1.3532524253250663e-05,1.264322100513072e-05,1.1252673739875039e-05,0
0.7459935076705071,0.2539506530497847,1.776343938332218e-05,1.7271455157337667e-07,1.7370444424089833e-05,1.082367918227956e-05,9.709002167114032e-06,0
0.019701932582021915,0.00080049613920282,1.8306344600076489e-06,1.4375158875943084e-08,1.1100732553605868e-06,1.50751431012445e-06,0.9794931086815909,6
0.03735352500760149,0.0019348581294355808,5.1682668842864766e-06,2.9590569312683534e-08,2.6083973020165587e-06,2.889306238418224e-06,0.9607009213019689,6
0.013518675094521568,0.004091589867791227,1.4451341041870554e-06,1.0723296494368251e-08,7.028361021721014e-07,1.026132943873548e-06,0.9823865502112406,6
0.03781255445514371,0.007530598920521751,3.246756764878346e-06,2.355453625480319e-08,1.3566853184274469e-06,2.212443921651786e-06,0.9546500071837933,6
0.8582190191380589,0.12065625865138292,1.5254245388066646e-05,1.490379047495745e-07,9.31433179688015e-06,1.251609699834755e-05,0.021087488498470298,0
0.9134132209892063,0.08546524621222296,1.3898162920039716e-05,1.5417543549428063e-07,7.145459501057259e-06,1.1620068809743382e-05,0.00108871493190434,0
0.9279169067938785,0.07181123974045166,1.351006877809705e-05,9.973941784467497e-08,6.248493856009908e-06,7.4153872653401736e-06,0.00024457977635248125,0
0.9502135116910351,0.046666713738114804,1.2666988921685454e-05,1.3042228192987382e-07,7.183980233307664e-06,8.74864472907806e-06,0.0030910445346839194,0
0.9397893075483648,0.05704554717527241,9.787801025264195e-06,7.240532200639562e-08,6.3753855983319535e-06,5.914597436714907e-06,0.003142995086980473,0
0.9440342219752863,0.05550372096650885,9.572083016327434e-06,7.080954662647844e-08,5.4100009227206264e-06,6.383396403842502e-06,0.0004406207683151832,0
0.9440343424924089,0.05550372805221463,9.572084238316928e-06,7.08095556661537e-08,5.410001613371165e-06,6.255735403539467e-06,0.00044062082456563037,0
0.938486190922864,0.06145540284760573,9.367467305888383e-06,7.155438943458561e-08,5.466908507518428e-06,6.321538428725763e-06,3.717876089876383e-05,0
0.9480364033792749,0.051884136845155714,9.303377507138755e-06,8.991377215159823e-08,5.424883610643787e-06,6.278288090885737e-06,5.8363312588869086e-05,0
0.9432986060446952,0.05664428218386727,1.0568949070742842e-05,1.021450626828193e-07,6.1681002669796234e-06,7.132345971461073e-06,3.314023106593459e-05,0
0.42835442885842495,0.571483397769119,3.73193461155138e-05,2.6518133895873137e-07,2.3159652038184103e-05,2.1430701977505112e-05,7.999849098579213e-05,1
0.5653937662218039,0.4345468358702689,2.2908245964410462e-05,2.0895859523020963e-07,1.6334289103017862e-05,1.5398501134225795e-05,4.547913130382571e-06,1
0.5850193520962149,0.4149210423518582,2.3703422309227627e-05,2.63152677357584e-07,1.5929534045716747e-05,1.5626124031399516e-05,4.08331886312551e-06,1
0.48451065299416224,0.5154059472430267,3.546448579290131e-05,2.6913681378496165e-07,2.107553277434457e-05,2.0436265230283464e-05,6.15434219979041e-06,1
0.33995656059934687,0.6599602831977669,3.0264020608241622e-05,2.873898024357123e-07,2.3319391200780965e-05,2.182226260487577e-05,7.463138669909789e-06,0
0.3536416316427513,0.6462766242550486,2.8547376310221004e-05,2.7108839714502907e-07,2.4588330396149037e-05,2.1209645672963066e-05,7.127661423517852e-06,0
0.3851108838972348,0.6147551064916486,2.8861965229217026e-05,2.740757611985055e-07,7.622398905018868e-05,2.1443373614614823e-05,7.206207461438377e-06,0
0.30394236692740134,0.6959975597557254,2.0896081307564944e-05,1.9843102661072987e-07,1.8236489494603172e-05,1.552501622813575e-05,5.217298816539476e-06,0
0.3280329749911601,0.6719039123018004,2.115483662875715e-05,2.0088818990701595e-07,2.0757815936295276e-05,1.5717261869866248e-05,5.281904414649426e-06,0
0.2778690888234146,0.7220548422762824,2.1140554037816646e-05,2.0075256116681008e-07,3.388208278516678e-05,1.5632228507221336e-05,5.2132824116562044e-06,1
0.12763392562268958,0.8703200669428457,1.6460641682562735e-05,1.735841472479883e-07,0.0020100721010640867,1.4894928226285011e-05,4.4061793443785076e-06,1
0.08167041255791122,0.9115859756653645,2.4203751798699827e-05,1.719008252836964e-07,0.006696094841592732,1.8736640301031687e-05,4.404642206703247e-06,1
0.08574073030639578,0.9083565907139053,2.2074360848545674e-05,1.8006028141908162e-07,0.005856288862959882,1.952198235886376e-05,4.613713249953614e-06,1
0.09802342112749457,0.8944965340736442,2.2157602601387438e-05,1.8073928334105544e-07,0.007435184593608044,1.789075194409091e-05,4.631111424273154e-06,1
0.0971790098950407,0.8813708185484743,2.119058683980216e-05,1.7676474496036234e-07,0.021412620518085852,1.1199407064053921e-05,4.98427975022889e-06,1
0.13951226981322992,0.8259641541741114,0.00017046280630273,2.036456102894194e-07,0.034097068100423386,0.00025050312592658254,5.338334395704885e-06,1
0.4492611277821286,0.5091839401704905,0.0005556090356508918,2.8236825199473184e-07,0.03855853314401387,0.00243270601793747,7.80148152669853e-06,0
0.35964585396658216,0.6251475732446672,0.0003376960311582224,2.6804941780991525e-07,0.012249618496229868,0.0026119691345846893,7.021077360012445e-06,0
0.15601051026279075,0.8403452945195526,0.000135238882581313,2.009279496795524e-07,0.0029324220448325214,0.000570107130193934,6.22623209919627e-06,1
0.1768881779982151,0.8218041621426074,0.00025224529485516845,2.0805401464534595e-07,0.000940064550208131,0.00010955801793058861,5.583942169160909e-06,0
0.19829903266367424,0.800533972421769,0.000352141122411937,2.0285195478585148e-07,0.0005378878149716505,0.00027131880064527045,5.444324572906175e-06,0
0.204209487001991,0.7946586886892111,0.0003487108635262919,2.008759438172696e-07,0.0005716376438850859,0.00020581635754958602,5.458567893091237e-06,0
0.26335984637347515,0.7344225343720385,0.001120126712423161,1.9747006078939584e-07,0.0007423231939704133,0.00034967199760687153,5.299880425130463e-06,0
0.2528714708072146,0.7450837832931653,0.0010895244399126204,1.920751063204704e-07,0.0006068359690322946,0.0003429740001001859,5.21941546856776e-06,0
0.4648414787091674,0.5316377652348947,0.0015020761056921351,2.2252186096215521e-07,0.0010586257364350788,0.0009549862726558138,4.845419293895253e-06,0
0.49684438576422113,0.49939377362745985,0.001432422563658318,1.9713849595461658e-07,0.0016526194814911951,0.0006723616366366031,4.239788036982604e-06,0
0.4248797787011107,0.572384861319751,0.0004358223441065709,2.1137584147605484e-07,0.001643895306901564,0.0006508849666877189,4.545985600923023e-06,0
0.15241571106348445,0.8437665510434494,0.00012856735317557367,1.383087251647228e-07,0.003193005622695699,0.0004925813461490834,3.445262320558602e-06,1
0.0727446779628549,0.913992139792817,0.00027181209032497376,1.624941050895153e-07,0.012346313409079017,0.0006413663855099687,3.5278653093038396e-06,1
0.09366754013951158,0.8907407315631242,0.0004294241527953401,1.7216779775762355e-07,0.014452908793149472,0.000705485295402896,3.737888219106541e-06,1
0.07252266523862137,0.8982883036393645,0.0005534277201532949,2.4732038940674803e-07,0.02778534019925945,0.0008449472983200136,5.068583892114042e-06,1
0.05580490514310371,0.9337634895963101,0.00354760123657228,7.719815005145e-311,0.00607625555764214,0.0008013558689606366,6.392597411369269e-06,1
0.0502155971488566,0.940479870322047,0.0029263089331326535,5.536801130865e-311,0.005474965387853234,0.0009001926970095324,3.0655111009286308e-06,1
0.02142453566418661,0.8348360150879358,0.019712009535199068,1.992405666649526e-07,0.12296624489457463,0.001036259504623391,2.4736072913855907e-05,1
0.014713319331913038,0.8280356056404314,0.03087316308367706,1.8499480474405714e-07,0.12520422676011944,0.0011326261170031978,4.0874072051102174e-05,1
0.0031057456871880873,0.15734057686769254,0.0005831097826480284,2.3832413030473093e-08,0.8389011900735065,6.717808486794743e-05,2.1756716838899848e-06,4
0.027232305494844997,0.6972740343665567,3.7278690987773684e-05,1.2522124148236507e-07,0.2754430214255309,1.0056243023731124e-05,3.1785578144344305e-06,1
0.028466591906648377,0.7499570150804914,0.0006028379146552336,1.3822636856098878e-07,0.22069015268865966,0.00027975550925890937,3.5086739178536175e-06,1
0.06885505527105208,0.8242552919287531,0.001599397294781901,1.6991631866952257e-07,0.10485005478610676,0.0004357177260995654,4.313076887861726e-06,4
0.05979616704211522,0.6999356476221524,0.0010483403619670768,1.5305711580757692e-07,0.23883243581134442,0.0003833709745895939,3.8851307154104705e-06,4
0.06774796714896726,0.8783078945752738,0.0029594505978656404,1.8880287153718867e-07,0.05017401201332387,0.0008056260295312939,4.860832166677847e-06,1
0.07540976562356251,0.8736680434528215,0.006986996325479646,1.803718245496766e-07,0.04168456262423553,0.0022458078317800475,4.643770296474253e-06,1
0.6288504930136343,0.348268613871843,0.0049926015819727505,5.3665097461492606e-08,0.017366300950904738,0.0005205552795532816,1.3816369944211556e-06,0
0.5314091289148568,0.42060265556463566,0.0072166819230128215,6.094491003691519e-08,0.039564126654163326,0.0012058259349475326,1.5200634738382143e-06,0
0.5443445491116993,0.42748721114642213,0.007606196873312109,6.423436547603109e-08,0.01907127670090444,0.001489048184773591,1.6537485228371233e-06,0
0.04043014356359203,0.9278374224449493,0.004871079869967705,2.0763724639637268e-07,0.024959005708235463,0.0018967950426626262,5.345733346460789e-06,1
0.03501465288920532,0.9332013998010124,0.0048992403660740496,2.0883763071048082e-07,0.025103297734198414,0.0017758237339884342,5.376637890649584e-06,1
0.02963674637726493,0.9294630112100369,0.018835753529820354,1.8465344851869994e-07,0.018864496023940493,0.0031939414856404134,5.86671984840705e-06,1
0.018982231237598308,0.9269574607843851,0.015736840670947442,2.2284878099300355e-07,0.01414859609972377,0.02417153511516459,3.1132433999040727e-06,1
0.01807531351975943,0.8605322311329767,0.04996238190152437,2.1630802385719166e-07,0.01738215764537298,0.054044119088700514,3.580403641892128e-06,1
0.03357317944038697,0.9336884292361377,0.00919597714671915,2.3647147933636734e-07,0.004410968198863506,0.019127201599430405,4.007906982701554e-06,1
0.017429556897419443,0.9364683190008682,0.013645672226751806,1.8076214945563255e-07,0.0044519341168527665,0.02800127329507134,3.063700887077561e-06,1
0.009632329377950333,0.941083765698419,0.026106839882121938,1.6650838705604722e-07,0.002888627211314232,0.020285309557218235,2.9617645889520087e-06,1
0.006208688873747137,0.9427415891438888,0.02798698818335745,1.6495510336593558e-07,0.002961925476942818,0.020096076804194882,4.566562765328065e-06,1
0.0049909676293504925,0.9365506545508718,0.0431737733467375,2.0804658055926875e-07,0.006618689094264242,0.008662204819806767,3.502512388508764e-06,1
0.007321902087247445,0.9195629280101124,0.0383699409687494,2.1685851762523127e-07,0.010494754531178733,0.02424641191072235,3.845633471916681e-06,1
0.0006749539190372846,0.35642755482236865,0.31711275835275304,0.015184201376616649,0.0001805439372041601,0.3104133716221518,6.61596986824838e-06,1
0.0008423574132899581,0.3141144638070934,0.39311203554719804,0.004874323070768986,0.00018468457258721805,0.28686456958650436,7.566002558166341e-06,1
0.0006687177561848206,0.33631756601935464,0.4765942822092168,2.1389220112324667e-18,0.00013336875407430194,0.1862476970216148,3.836823955477012e-05,1
1.9525000404860726e-05,0.009142828635915827,0.01299929515166109,0.9643763010938268,4.910526826558387e-06,0.013456835660326459,3.039310386002645e-07,1
6.50704582609011e-06,0.0030918511497940457,0.003978334222367806,0.9797619026117997,1.5469011207769645e-06,0.013159756778789071,1.0129030243967312e-07,1
6.0988658205475176e-05,0.022021658084316307,0.04851823764809943,0.8066205091609384,1.863722631791203e-05,0.12275936674875412,6.02473368262687e-07,1
1.934961747427032e-06,0.0007171905674510242,0.0015503411507569896,0.9965280698932465,6.488281777385486e-07,0.001201795375361293,1.922325911895504e-08,1
0.00013836209681451265,0.01748024570700175,0.9702998802517995,0.0012023870046378282,4.203293468940501e-05,0.010817949557934449,1.914244712232657e-05,2
0.0004572282521502456,0.05284056895419638,0.725622198116342,2.0895129597475507e-41,0.00010779942628753453,0.22096929532801143,2.909923012122495e-06,2
0.0006733945444931526,0.19220189919107594,0.7384599706440134,0.0006203783359594303,0.00010770575438985641,0.06792930216235127,7.349367717024595e-06,2
0.0008099154570137923,0.10519145877500545,0.8329936739425563,0.0005612965058941945,0.0001283567489415982,0.06030654006968691,8.758500901623649e-06,2
0.000862691813258939,0.11479041477956023,0.8563834892589279,0.00033827349247233395,0.0001545663079030976,0.027459936908714417,1.0627439163088373e-05,2
0.0007094043451322931,0.09525474157336006,0.8834143073246191,0.0003089873572387705,0.00012710218035255847,0.02018054665496302,4.910564334346519e-06,2
0.0008811425304233478,0.1186618630947948,0.8525184243445934,0.0006371100298406355,0.00012888956224925714,0.02716645319182661,6.117246271794753e-06,2
0.0006814323272490558,0.2148736360246607,0.7594105914118425,0.0003678887088446033,8.486266396099128e-05,0.02456985715267081,1.173171077132896e-05,2
0.0011016702419058531,0.3026009297347709,0.6722050284420111,0.0013371274490404721,0.00014675664792226223,0.022598805226515736,9.682257833655962e-06,2
0.0017812096358034658,0.5916570524075994,0.32270064040178675,0.00024954954559105476,0.0006589619893506749,0.08294588747496494,6.698544903695314e-06,2
0.0019465313374406026,0.8265125384175602,0.1483024042401223,0.000623701098750478,0.00042981941117712865,0.02217666857476485,8.336920184474693e-06,1
0.001806801715135383,0.878727120173285,0.08649923571702219,0.00035242416457937026,0.0005283242619981826,0.032079132178769655,6.961789210223333e-06,1
0.0009760644005227253,0.8564775995503677,0.08405999342562157,0.0004184824195509145,0.00032571752900240996,0.057736600577788344,5.542097146554877e-06,1
0.0008230376936526845,0.7852688573898194,0.08526679935195222,0.0001463181257041878,0.00031250160177183773,0.12817622827542857,6.257561671135513e-06,1
0.0033706968473368585,0.8300976843573389,0.153353873677619,0.00023503085341466286,0.001983068509677937,0.010955461414710118,4.184339902548679e-06,1
0.9050407950229418,0.0911376842221318,9.947522309175326e-06,1.8585988255409856e-07,2.4893358651453158e-05,6.266293041415197e-06,0.0037802277210418483,0
0.9443369223651888,0.05270940735193691,9.913667920828778e-06,1.8522734588351212e-07,2.3590774769327558e-05,6.2449669753332275e-06,0.002913735645863101,0
0.9102599288701823,0.08643825448948071,8.75655943468436e-06,1.9816107063338017e-07,1.0901012451120904e-05,5.962739505316409e-06,0.0032759981678752124,0
0.6663973077758637,0.332335258453425,1.2008151995684382e-05,2.717446587946276e-07,1.5090782769230014e-05,8.176896739477487e-06,0.0012318861945481646,0
0.8341900681629987,0.16573810094953678,6.849493159214238e-06,1.6623973722051686e-07,9.960255957583092e-06,5.43385220012645e-06,4.9421046410484884e-05,0
0.8507299443739167,0.14918518471081502,6.98530126013111e-06,1.576106322923427e-07,1.0157742605836129e-05,5.541591726367075e-06,6.202866904355744e-05,0
0.8913037245731134,0.10756865776420166,7.342016393752828e-06,1.4712201136051273e-07,6.2898774695449726e-06,5.1728116882982e-06,0.0011086658351219995,0
0.8905778757640727,0.10849287522323293,6.0187995526094656e-06,1.3580327716743918e-07,6.011387655471398e-06,4.774844857983467e-06,0.0009123081773508101,0
0.8387284107969688,0.1528018126143452,8.886748842375108e-06,2.156846876055056e-07,1.2449013510543686e-05,7.050051533251086e-06,0.008441175090112338,0
0.8469230485889377,0.13914260832072428,9.018988193042703e-06,2.1889418565071783e-07,1.2634261174485365e-05,7.5806824338061986e-06,0.013904890264350992,0
0.8661523779443022,0.09333579965388634,9.315395174680994e-06,2.260880929358999e-07,1.3511179643386904e-05,7.390106010529179e-06,0.04048137963288995,0
0.8509786934958223,0.09170069709253809,9.152203488676536e-06,2.0650284432992645e-07,1.3274484136157505e-05,7.260642489444445e-06,0.057290715578681185,0
0.9878996313480795,0.0039043591828025,8.921865629744218e-06,1.226206831166081e-07,6.086891848351407e-06,4.311344692660607e-06,0.008176566746264208,0
0.9741974508305437,0.0020469786247214712,2.2856093140934834e-05,2.1227654164510047e-07,1.677764965084482e-05,1.0011887454585765e-05,0.023705712637946873,0
0.9667297240607434,0.0019630134896372977,2.3726018400779204e-05,2.2035599444181434e-07,1.7416223406302136e-05,1.0157887563495832e-05,0.03125574196425401,0
0.9593246095407227,0.0018807768135700998,1.780410991782248e-05,2.0597839502096528e-07,1.793597547013461e-05,9.354799190273959e-06,0.038749312782734024,0
0.9773693678933182,0.0019846795787783313,1.7664410786029984e-05,2.0436219499269895e-07,1.6918552141631976e-05,9.28139718753378e-06,0.020601883805593114,0
0.9905401047895617,0.0017481580346107558,2.1525733584854898e-05,2.585511945273713e-08,1.4271515533656368e-05,7.963190644614395e-06,0.007667950880945062,0
0.9887293178502609,0.002479116851494458,1.8924991654816446e-05,1.647333345706621e-08,1.2178794916452921e-05,7.001076915728058e-06,0.008753443961424053,0
0.9872891449475694,0.007427929514339942,1.2035751872138345e-05,1.7685972785975115e-08,1.161260935745783e-05,6.478876711158262e-06,0.005252780614177113,0
0.9746966284853267,0.015569215214320899,1.4543939823624871e-05,1.6469588179300974e-07,1.6502147753448008e-05,8.671556538941997e-06,0.009694273960354636,0
0.9507802812017401,0.034826841353835215,1.4196699342658107e-05,1.899669831358927e-07,1.660763627619139e-05,8.909791191480052e-06,0.014352973350631302,0
0.9178710228164999,0.01661459599255481,1.9610156197651174e-05,2.095242298103133e-07,1.8428390472992567e-05,9.97445983186253e-06,0.0654661586602127,0
0.8077188868111291,0.17405094788169118,1.5745966252839435e-05,2.455261411186138e-07,1.4330203929314592e-05,9.471081586001702e-06,0.01819037252927056,0
0.8268252991468623,0.16401835382801389,1.7719999940932997e-05,2.763071593230925e-07,1.4248522188364895e-05,1.2518770039702361e-05,0.009111583425795423,0
0.8270960851651041,0.16315765975010535,1.7725803256617946e-05,2.763976501626471e-07,1.5456908326306134e-05,1.2522869947985082e-05,0.009700273105609248,0
0.8224656480815645,0.16879345925048456,1.7626566640453103e-05,2.7485025808563004e-07,1.622841137086976e-05,1.0696802529644565e-05,0.008696066037151935,0
0.7758596366201489,0.21686816630219966,1.757964741340322e-05,2.0359801751448236e-07,1.4256099489686621e-05,1.0701918156177825e-05,0.0072294558145744965,0
0.7780970872226194,0.2162231499440096,1.864093287797349e-05,2.158892547345588e-07,1.593403254829646e-05,1.1347994264252246e-05,0.005633623984425732,0
0.5796250819392736,0.4144876121824356,1.4148694889450225e-05,1.6386257142524185e-07,1.4800891008894001e-05,8.613265736386853e-06,0.005849579164084509,0
0.5020018793003984,0.48593225765495535,1.4601102914535471e-05,1.3326770454951293e-07,1.1095647656325242e-05,8.497653695938747e-06,0.012031535372674767,1
0.492895799562788,0.4991600211248608,1.3635878669177042e-05,1.152902038326929e-07,1.150851577642705e-05,7.463859651048898e-06,0.007911455768050718,1
0.5103286822326465,0.341707778151858,1.3312152205764038e-05,1.3411649602796742e-07,1.1138261960956342e-05,8.991669138599836e-06,0.14792996341569417,0
0.6264716708477848,0.25619649730292665,8.151238735079186e-06,1.3917739372505006e-07,1.338722643397985e-05,8.764876469710334e-06,0.11730138933025604,0
0.6187446605927552,0.2145549006745504,7.96533608876897e-06,1.516407724693652e-07,1.202993182255326e-05,8.564978787498054e-06,0.16667172684522294,0
0.5048535978613864,0.29972888497300143,1.6642286982163423e-05,1.8171502010513357e-07,1.2561661229373992e-05,9.490718298125048e-06,0.19537864078408237,0
0.6079063794391728,0.34667702667835154,1.9249057589574482e-05,2.101780176392377e-07,1.4529261554262174e-05,1.0977300372408839e-05,0.04537162808494175,0
0.6504220971670469,0.32446070002646826,1.0366998718605826e-05,2.1343565685940283e-07,2.1992254514517354e-05,1.0106151240902005e-05,0.025074523966354092,0
0.685306766670892,0.31058713661819454,9.026704489327786e-06,1.8584169384507188e-07,1.9789929189406854e-05,9.869346127970196e-06,0.004067224889413083,0
0.10897092366180074,0.3850055838755861,1.248043666980913e-05,1.8125750209206238e-07,0.5059895399256739,8.207219249691783e-06,1.3083623517685071e-05,1
0.11505606244402186,0.8848809129317526,2.528178302280953e-05,1.6767509944556303e-07,1.6166408618881377e-05,1.5082866599517028e-05,6.325890884998263e-06,1
0.14129549925180826,0.8586350419062121,2.9383299668505376e-05,2.5570628850303173e-07,1.7464488638361657e-05,1.7201474979010018e-05,5.153872405153188e-06,1
0.09576222475059241,0.9041871699241375,2.3165035966261036e-05,1.3567834606022589e-07,1.2029227536446418e-05,1.1636403930546502e-05,3.638979490884245e-06,1
0.09236725975261367,0.9075806712971864,2.3586103328074444e-05,2.5398131246213667e-07,1.1110031369407057e-05,1.1686843115812698e-05,5.4319910742393e-06,1
0.10196443483150248,0.8979885717760968,2.052072502219178e-05,2.4293007564547164e-07,1.1555684815421056e-05,1.1178325108483666e-05,3.4957273789221273e-06,1
0.21356999548693723,0.7863680445637679,2.8485090708608616e-05,1.7686453346795282e-07,1.600107266423048e-05,1.2807474244599496e-05,4.489447144077639e-06,1
0.1922936652185627,0.8076455373862643,2.3950071130205146e-05,1.9007617550308607e-07,1.6372559427106898e-05,1.385764101846926e-05,6.427047421808945e-06,1
0.6040321072505215,0.39589361785764915,2.513478125685503e-05,2.3741398755191808e-07,1.8799587478158847e-05,1.6461301493362587e-05,1.3641807613421792e-05,1
0.06805333183452816,0.9318941765489008,2.0882121548764154e-05,1.3346320457906622e-07,1.0292387297503265e-05,1.0924124660689936e-05,1.0259519859571128e-05,1
0.2770474228412494,0.7228790463522293,3.923261592127767e-05,1.7800774516888187e-07,1.3516570667684844e-05,1.4867484581575734e-05,5.736127605658554e-06,1
0.36763151853046083,0.6322934459988596,3.930337381699413e-05,1.7832879063509944e-07,1.4598058749014322e-05,1.489429879976858e-05,6.061410523035693e-06,1
0.38775194095441723,0.612175906379291,3.4987097850319924e-05,1.8533655865186988e-07,1.5953708116724418e-05,1.4726918621435446e-05,6.2996051446027874e-06,1
0.2718190686685299,0.7281131619429909,3.246270948327507e-05,1.7675361206431248e-07,1.4693213502157114e-05,1.4428841810256576e-05,6.007870071543677e-06,1
0.4107976032368585,0.5891392817023894,2.559085217414625e-05,1.9724745020099857e-07,1.639682982831974e-05,1.437837739229303e-05,6.551753906977908e-06,0
0.39972129540273105,0.6002137373191956,2.567689455251685e-05,2.2716997139710036e-07,1.761398589239835e-05,1.4722427925572202e-05,6.726799731646902e-06,0
0.5629700501402357,0.436970465842715,2.5066811101966062e-05,2.09970202013011e-07,1.4578113318702537e-05,1.3145349338744732e-05,6.483773087840814e-06,1
0.3223122790780631,0.6776223393878401,2.4301609858789445e-05,1.9823484128689224e-07,1.7063987911833186e-05,1.588374125226767e-05,7.933960232552096e-06,1
0.2153119331365961,0.7846365242260832,2.1592503354243323e-05,1.5065081449529143e-07,1.2722822906105674e-05,1.116113970596311e-05,5.915520539770533e-06,1
0.5215167991111779,0.4783754335820224,4.571420930974957e-05,2.7493312222314494e-07,2.4674192248091803e-05,2.1599572258207415e-05,1.550439986137448e-05,0
0.7304737983347472,0.2694634518467008,2.338644324122953e-05,1.7382190291879527e-07,1.4766522946638162e-05,1.3275587773454104e-05,1.1147442687883482e-05,0
0.7443136716746807,0.2556385989297788,1.9611475885016393e-05,1.8978908711154265e-07,9.571006848458519e-06,1.1336281595602084e-05,7.020842124431727e-06,0
0.03160757067168399,0.002668839493708438,3.7867035459238763e-06,2.3381455199773825e-08,2.0610662814848027e-06,2.2830309095487967e-06,0.9657154356524155,6
0.03471021593953682,0.002930816673537427,4.175286316581077e-06,2.567661296702609e-08,2.2633835557670874e-06,2.5071365556755023e-06,0.9623499959038848,6
0.022261408928620503,0.005660857637096533,2.385296375593623e-06,1.5779030810425644e-08,1.109443631438187e-06,1.3833652228422716e-06,0.9720728395500222,6
0.8880171117404376,0.10408456900601006,1.6538943609149768e-05,1.6158973712376192e-07,1.1058908053176168e-05,1.5128668416235835e-05,0.007855431143736819,0
0.9453318460286451,0.049966062533545325,1.0708815554450043e-05,1.0164067964505649e-07,6.032660622923809e-06,6.5622199373836825e-06,0.004678686101015415,0
0.9416623993346679,0.05701459214274899,9.714224845427118e-06,5.397455717264422e-08,5.130374910854674e-06,5.928211702758844e-06,0.0013021817365666038,0
0.9439307868070496,0.055352027438343304,9.24324932735565e-06,7.997113955440541e-08,5.394414171381224e-06,6.237711210632384e-06,0.0006962304087582399,0
0.9505353997344892,0.04849425015484755,1.0151949688317254e-05,9.811491476825786e-08,5.656449275822935e-06,6.850938251030469e-06,0.0009475926585333681,0
0.9456689451056636,0.05397203464262651,1.0055603625285004e-05,9.718376498394157e-08,5.868508873550881e-06,6.7859201068484284e-06,0.000336213035339472,1
0.41620351729279587,0.5836387768608853,3.878527189004559e-05,2.6316497378898845e-07,1.807136453134762e-05,2.1267748878315478e-05,7.931829604538713e-05,1
0.5699693652982988,0.4299496291152197,3.527301993599705e-05,2.5030286890346084e-07,2.0379182217428286e-05,1.9379414424893147e-05,5.723667034462197e-06,1
0.6161231323582039,0.38381476931964525,2.2968036510725535e-05,1.994048233036687e-07,1.745473945812912e-05,1.5907595583190973e-05,5.568545775408472e-06,0
0.6210513923763501,0.37888670797021823,2.2185559260621193e-05,2.1067602270596527e-07,1.713706404528626e-05,1.6483050696530264e-05,5.883303406520851e-06,0
0.46138873109020023,0.5385206800737136,3.27789029787494e-05,3.112713466946554e-07,2.6027317038167637e-05,2.4353513617949924e-05,7.117831104588745e-06,0
0.31396151820494655,0.6859469776830257,3.8037465118953994e-05,3.42942579134605e-07,2.407463746271533e-05,2.226449518123612e-05,6.784571685759505e-06,0
0.3148031306296034,0.6851220564152528,2.5589721194446653e-05,2.430022439402599e-07,2.365756287028787e-05,1.9012217217657324e-05,6.310451617472021e-06,0
0.316901951380446,0.6830289282007794,2.473271313068941e-05,2.3486401996409943e-07,2.0219887109041266e-05,1.783384196883555e-05,6.099112545778771e-06,0
0.31111191005929395,0.6887816109535186,2.2163600075374693e-05,2.1046749635081466e-07,6.210441298861431e-05,1.6466735833360916e-05,5.5337707937441825e-06,0
0.30714177211031046,0.6927927573346051,2.3957991288199676e-05,2.2750719318493965e-07,1.76614293272832e-05,1.77155619347162e-05,5.908065341048335e-06,0
0.3038696049912198,0.6960598811499773,1.9821060760691057e-05,1.7228460040740351e-07,3.1277461750606764e-05,1.4430530505208824e-05,4.812521185889822e-06,1
0.21151482103376476,0.7881996664650405,2.7917927428235334e-05,1.951248443557e-07,0.00023448744193242598,1.7959048598153522e-05,4.9529583916835405e-06,1
0.08619928749337002,0.9020027027760488,2.1539215324722535e-05,1.677691008828866e-07,0.011759853528320935,1.2150443459665452e-05,4.298774374758646e-06,1
0.11781648528990109,0.8488759737377026,7.998038476455669e-05,1.9022712682402238e-07,0.032804739384760785,0.0004148700697576043,7.760905986673743e-06,1
0.19537710324199303,0.7978046008191959,0.00019174085479050463,1.9113446283361426e-07,0.005563163509936336,0.0010540191682396262,9.181271381722118e-06,1
0.14881917713072282,0.8495916591150509,2.4617026377791148e-05,1.9960371994765906e-07,0.001541896292412964,1.7093686212765566e-05,5.357145502993784e-06,1
0.15959962885597187,0.8393417602589974,0.00021645464064280883,2.0000852360987435e-07,0.0006439898076169738,0.00019259841825686465,5.368009990485303e-06,0
0.17093332098084688,0.8267992374647481,0.0009524765034889062,2.015433531245927e-07,0.0006788238424280466,0.0006304629611778075,5.47670395730716e-06,0
0.5366260879515582,0.4594547966926097,0.001370275744548865,2.4330966154001364e-07,0.001398570728593153,0.0011447927980331569,5.2327749954890465e-06,0
0.5085676488501603,0.486826999696495,0.0018199667642905689,2.3253280329579958e-07,0.0015917178770295446,0.0011884332783115253,5.001000909769153e-06,0
0.23090283502553183,0.7644950228264303,0.0002048472806255987,2.0597290512531343e-07,0.004028919834575827,0.00036373927337501915,4.429786556218303e-06,1
0.21011598959131736,0.7847246254186456,0.0003042892145368351,2.1142323493916123e-07,0.004443004270855508,0.00040733307653445814,4.547004875402807e-06,1
0.2491787957130768,0.7457863302271004,0.0002527579401472916,2.0093234416582718e-07,0.00438400356795585,0.0003935902383844035,4.321380991124455e-06,1
0.18571517291388473,0.8057021964235339,0.00026556905449459374,2.3564299883251192e-07,0.007851031377461928,0.00046107348153477326,4.721106091285253e-06,1
0.41670766660389824,0.5638386023542528,0.00027081606450125466,2.797899861395788e-07,0.01840766853032134,0.0007679258275566727,7.040829483598538e-06,0
0.170848064576545,0.8242003821772151,0.0001441156118651493,1.5503505408704126e-07,0.004323181311117752,0.00047961080888329866,4.490479319486602e-06,1
0.1260266904377594,0.8668463546629367,0.0018177670652716772,1.9908446232191574e-07,0.00463166470667463,0.000672364860487625,4.959182407541352e-06,1
0.04836070519643994,0.9388245191387576,0.0027779143319494885,1.753533376343643e-07,0.009396086922175991,0.0006367920087306787,3.8070486087487795e-06,1
0.08160909950441711,0.9016822954044562,0.000319740470333015,1.7361863325246689e-07,0.015737502107460305,0.0006468636724180944,4.325222281842675e-06,1
0.07614321432427311,0.8931917339277722,0.0006485384056024424,1.700267831185029e-07,0.02925248752273205,0.0007590146178335662,4.841175003348238e-06,1
0.06712092902610779,0.8932765436539348,0.0005297654507975354,1.9978875926544987e-07,0.03810242116490562,0.0009648524648352067,5.288450659551397e-06,1
0.09692351166783661,0.7472492853924896,0.005328297526882429,2.4342829492435494e-07,0.14490970639420506,0.005582182518422158,6.773071869173005e-06,1
0.044803310093484074,0.9474556960065044,0.0026491487048144117,4.940039192539e-311,0.00441476492106764,0.0006711823958211909,5.897878308550248e-06,1
0.01067434487379392,0.8543951971246184,0.03480985641071295,1.6259935095993642e-07,0.09905328654384336,0.0010236219896715478,4.353045800857639e-05,1
0.002948878795846689,0.194559193672886,0.0021601202083624924,2.582882684437827e-08,0.8001653776353358,0.00015606895070680396,1.0334908035281779e-05,4
0.002122503006398943,0.17682115383457114,0.0013733129269914491,7.041399449437612e-305,0.8195422852017943,0.00012498896725504402,1.575606298918703e-05,4
0.027176369828692152,0.8439205364085202,0.0003861166873556226,1.537263213788828e-07,0.12842759972983503,8.532150175708284e-05,3.902117518711227e-06,4
0.0698073349217704,0.8122066248993953,0.0015434407814055025,1.755223908769607e-07,0.11600005131232545,0.00043791718389232586,4.455378820124119e-06,1
0.05991157640554465,0.8848038652579551,0.0031380508670358453,1.901992587561658e-07,0.050323523293159964,0.0018188885322435132,3.905444802277157e-06,1
0.06438073105162426,0.8937638615457015,0.007380180854496776,1.7330798310073204e-07,0.033139394650003304,0.001331196682317754,4.461907873218795e-06,1
0.5224141009039504,0.4422487732582316,0.007998077032104428,6.645244253415937e-08,0.02612546879061035,0.001211802708542844,1.7108541178131848e-06,0
0.04173304109109387,0.8980046840661444,0.006991139225671619,1.9303693391885293e-07,0.05145914059483891,0.001806832144921541,4.969840395487865e-06,1
0.023181670043599896,0.8795883967934098,0.038866853068615724,2.643221840512889e-07,0.053402346690944985,0.004955065573368437,5.403507877246239e-06,1
0.02196823361943183,0.8677501896254907,0.05959144994384266,1.8813933809536026e-07,0.044807456029300634,0.00587936487558958,3.1177670065591027e-06,1
0.018106344374733102,0.8456676896352155,0.06313014131279317,2.1657974847845576e-07,0.01719080128217559,0.05590122026502219,3.586550311826088e-06,1
0.017956852107477238,0.8386855635001901,0.06712709159505113,2.1478941576696478e-07,0.0170488680566481,0.05917785301271074,3.556938506889344e-06,1
0.018142572125663947,0.8473597285027145,0.06145584636331554,2.170130881422861e-07,0.017024973060546452,0.05601306920827535,3.5937263960045766e-06,1
0.03194613671627292,0.9212989564217733,0.013695811656964057,2.4164473076313125e-07,0.007478940452240295,0.025576559451394004,3.353656624663625e-06,1
0.03738812357061822,0.9112657865221099,0.016452115069738087,2.456466743072002e-07,0.007956387623294574,0.026933178152069918,4.163415495163394e-06,1
0.009417042519546719,0.934740613791395,0.017775366744932235,2.6687646118745283e-07,0.009094404174764507,0.028967950267073054,4.355625827121157e-06,1
0.0001526883667564628,0.03550617821901482,0.8691114730324893,0.00013887539005423308,2.4635391966630537e-05,0.0950535976386307,1.255196108790198e-05,2
0.00017011385155849476,0.039558303355178695,0.8639704904137836,0.00018231736807574098,2.9757205541110543e-05,0.09607859443683901,1.042336902314357e-05,2
0.000652038769852108,0.2566014549420761,0.32190778840343537,0.013849440739106468,0.00017441434651830468,0.406808471445865,6.391353146633089e-06,2
0.0008472316830004958,0.4230111349557906,0.3400075723067423,0.003983277519251565,0.0001822560497246684,0.23195432807827007,1.4199407220162612e-05,1
0.000868111657794991,0.3588732304544138,0.48040942568573713,0.00034419329615997845,0.00014498734544030298,0.15930726064449044,5.279091596344868e-05,1
0.0009294191272571343,0.4793120948088041,0.32917985804243116,0.00742616980824635,0.00012414278667815975,0.18296491208380802,6.340334277499956e-05,1
9.387235921025842e-05,0.0095182123167936,0.2661475856977238,0.6233855190947141,3.0021306830191232e-05,0.10082346040079478,1.3288239332879867e-06,2
0.0006171866811495497,0.08905600084615847,0.8910445894658927,0.00022935225531780368,0.0001020506261906904,0.01894624162770377,4.578497587292015e-06,2
0.0004997356622059993,0.07522434303490497,0.910534590198058,2.640112942048577e-07,7.213355157312528e-05,0.01366018182237398,8.751719589722164e-06,2
0.0006842612661697349,0.15312375293234093,0.8220643882378461,0.00021670060023006607,0.0001012446503884521,0.023799430157384952,1.022215563986071e-05,2
0.0019280095969375747,0.6703012673841356,0.2631456842743219,0.001105815267029689,0.0004799228642278779,0.0630321474145916,7.153198755761173e-06,1
0.0014029449089598051,0.8370552753497239,0.12096244376374789,0.00039962768407748037,0.00025332355951644984,0.039919651241719645,6.733492254909899e-06,1
0.002004025523674452,0.6359943395227752,0.32380400724337705,0.0006891555245749547,0.0003172368745624243,0.03718265214542381,8.583165612166178e-06,1
0.0010562371848191448,0.831637128707159,0.11454471235080024,0.0004907893075753444,0.0003234589368258325,0.051943120722001385,4.55279081902188e-06,1
0.0007456737006693074,0.633403199171231,0.3188560089166568,0.0007484116954423978,0.0003689199508259772,0.04587473794255253,3.0486226217936408e-06,1
0.001176404556707669,0.5862780590578814,0.34194867579776367,0.000891131882143382,0.0005370400813995214,0.06916442998779201,4.2586363121145e-06,1
0.003348879352094945,0.8096458666707346,0.16835666165536958,8.649293852029706e-06,0.0034150469138932403,0.015220694616398594,4.201497656856086e-06,1
0.9417306247333027,0.055473475431845706,1.003404975148709e-05,1.8747656455449356e-07,2.387723793069823e-05,6.320799710794522e-06,0.0027554802708939616,0
0.9283799001837426,0.06792471178666049,8.431493388656692e-06,1.3614975278270173e-07,1.129520824796665e-05,5.980511767106761e-06,0.0036695446664403012,0
0.9278151946826568,0.06720646558238487,8.315253781870302e-06,1.9770468550770952e-07,1.1144545286511062e-05,5.898062276352832e-06,0.004952784168928356,0
0.7752760190493816,0.1997914687345475,1.211723325667674e-05,2.742131693581105e-07,1.5045849956642571e-05,8.251175130329554e-06,0.024896823744557945,0
0.705542580323628,0.29295982737541676,1.164909435184569e-05,2.6361917895829513e-07,1.4471132753196427e-05,7.932398062391766e-06,0.0014632760566088195,0
0.7916647492963369,0.20827060814057624,8.525161537336346e-06,1.8927746371039197e-07,1.134056163152414e-05,5.805170154676367e-06,3.878239229971436e-05,0
0.789308672129162,0.21064382115094946,8.499789764167907e-06,1.8871415416439388e-07,1.1306810932952904e-05,6.028954819667897e-06,2.1482450217521076e-05,0
0.8830634119758778,0.11567457287930197,6.569302175111049e-06,1.4822436871094678e-07,6.561212357271927e-06,5.211570585993213e-06,0.0012435248353333205,0
0.8756783575817835,0.12322717586547298,6.333363942597614e-06,1.429008511383228e-07,6.109411063931258e-06,5.024395644134573e-06,0.0010768564812419033,0
0.8661730346501666,0.13273114134968036,7.135005099719512e-06,1.4297384329343538e-07,6.112531682713251e-06,5.026962049185923e-06,0.0010774065274780649,0
0.8551510775253033,0.12909568998801746,9.10660948986859e-06,2.2102078699488606e-07,1.275700558049305e-05,7.224471776520695e-06,0.01572392337904546,0
0.8683987257609227,0.11185854483502619,9.093323614363838e-06,2.2069833387298127e-07,1.2738394044756901e-05,7.643163192241319e-06,0.0197130338248659,0
0.9312957403001734,0.04118939390924314,6.157060029586488e-06,1.494341285665033e-07,7.733165285872539e-06,5.175161094698149e-06,0.027495650970044864,0
0.8960905589845284,0.06852299270940679,9.637377766084538e-06,2.3390272974774933e-07,1.0467933504820219e-05,8.100454150241458e-06,0.035358008637913926,0
0.8590566409750847,0.09906785513977014,9.033209890818111e-06,2.192393515259232e-07,1.3101894155063851e-05,7.592636122201987e-06,0.04184555690562569,0
0.9717683857505975,0.0017149312370899087,1.0330301255001365e-05,1.4279386052506296e-07,8.884832819255414e-06,5.020633852885998e-06,0.02649230445052489,0
0.9742052878711649,0.00179150774873139,1.8691631415561053e-05,1.8433966970881052e-07,1.1556683883498711e-05,6.481385003295958e-06,0.023966290340131577,0
0.9810712442341283,0.002276929239496234,2.2099724469396616e-05,2.0525174852701186e-07,1.4533265526176265e-05,7.2166539459719195e-06,0.0166077716306854,0
0.9869102242549718,0.001738058756120719,1.9157233122808594e-05,2.0702494808526965e-07,1.7328122622634425e-05,9.402329873079486e-06,0.0113056222783409,0
0.9863648789982694,0.002029198682723714,1.5971956340899338e-05,3.0011688472341277e-08,1.618658323370519e-05,9.243761827403443e-06,0.01156449000591639,0
0.9912061232277951,0.0017692032388396503,1.9669089095158494e-05,2.6166376363424034e-08,1.3630393241882657e-05,8.059055532176937e-06,0.006983288829119491,0
0.9887643133601105,0.005930079464187747,1.1967656439877237e-05,1.7585909742584607e-08,1.1547038934200415e-05,5.859184458953124e-06,0.005276215709958859,0
0.9858897801554408,0.008043073806546284,1.2018692627131087e-05,1.1023750591212236e-07,1.2079866259265518e-05,6.469958142661591e-06,0.006036467283478047,0
0.8498124586770092,0.016611984008617017,1.5226950603021805e-05,2.037528441363553e-07,1.971546907522247e-05,9.556372723077172e-06,0.13353085476912807,0
0.8462948484347868,0.02927589150719097,1.6508659583018542e-05,2.08742892494757e-07,1.9230845014908416e-05,9.937264049416712e-06,0.12438337454648242,0
0.5685676136163089,0.4200395186653657,1.5063944778306517e-05,1.624272964115572e-07,1.4703349436723324e-05,8.537821997220937e-06,0.011354400174816669,1
0.5972475834622062,0.3931474270174397,1.3409829104041281e-05,1.210233050548026e-281,2.5387366943990388e-06,7.710653852763945e-06,0.009581330300703057,0
0.5326788316031189,0.37511717704730235,1.3286843729450533e-05,1.3962881077864402e-07,1.2006328504070392e-05,9.361235238921842e-06,0.09216919731329554,0
0.6133041199928999,0.22812773532247346,7.960716214490777e-06,1.2936815446053486e-07,1.1443038446698423e-05,8.147126933566856e-06,0.15854046443487746,0
0.6259936930469628,0.3549387918838567,1.9311886627367616e-05,2.1086403993160666e-07,2.0036975611455046e-05,1.0954763674093916e-05,0.019017000579227616,0
0.6213161066549951,0.37861551414480515,1.924018818697691e-05,2.1008117375756055e-07,1.8428415142932377e-05,1.1081108495746639e-05,1.9419407200356284e-05,0
0.7238536918587303,0.2760882623095139,1.626612770838659e-05,1.8660868118887152e-07,1.7395944988922995e-05,9.495782111582465e-06,1.4701368265842568e-05,0
0.41071519482708135,0.5789536349604306,2.2016884506532623e-05,1.507121260055724e-07,0.010282831128254646,1.408506660197577e-05,1.208642099880342e-05,1
0.43177721051425205,0.5570752461944813,3.72968347953419e-05,2.774609923508417e-07,0.01104167364574426,5.05851115842896e-05,1.7710238150318705e-05,1
0.5833636003855236,0.40368878756341675,3.2867416780348334e-05,2.1001779327809371e-07,0.012849469326961759,5.386138426602224e-05,1.1203905258402634e-05,1
0.11809182098327034,0.8818372176157735,2.588454437295157e-05,1.534985269032623e-07,2.4847239550807353e-05,1.3953997623058167e-05,6.122120882543435e-06,1
0.2518246977980956,0.7481086435387905,3.064524885705305e-05,1.9027700131121508e-07,1.721450911957036e-05,1.377872513979509e-05,4.8299029962108066e-06,1
0.4308953601257752,0.5690178643220646,2.6784799041857277e-05,2.543508083266159e-07,2.699728228512136e-05,1.7321336156681425e-05,1.5417783868326377e-05,1
0.3261242393452465,0.6738087884090165,3.1647270188203744e-05,1.8333676312322088e-07,1.3921216250386021e-05,1.531257247477897e-05,5.907850060599677e-06,1
0.3397242788639085,0.6601971295449617,3.764673177560544e-05,2.0497968067584934e-07,1.703959639975213e-05,1.6733006767140895e-05,6.967276506682828e-06,1
0.322629662560712,0.6772949885379491,3.609342726764469e-05,1.965222171188011e-07,1.633654249166448e-05,1.6042602750185033e-05,6.679806612335925e-06,1
0.3032509567538979,0.6966871095816284,2.6406487205682977e-05,1.8471813748203999e-07,1.5355290339169347e-05,1.370858383422285e-05,6.27858495726722e-06,1
0.30653082611304516,0.6934115143314822,2.3174874729583385e-05,1.7778828169686247e-07,1.5303954996237356e-05,1.2959898886195337e-05,6.043038578974632e-06,1
0.40161185236853647,0.5983240485977553,2.598981727318719e-05,2.0032256657342315e-07,1.66524587847881e-05,1.4602538382373681e-05,6.65389670115301e-06,0
0.5381212329571311,0.46181462301614556,2.6544801312771994e-05,2.223504725577487e-07,1.543766855647955e-05,1.3854467536017517e-05,8.084738845534393e-06,1
0.393097618852722,0.6068226461414824,3.2384649823472654e-05,2.3670637926272792e-07,1.9990421918358083e-05,1.9072941800873142e-05,8.050285873468343e-06,1
0.3387784413962583,0.6611335814634652,3.798888543704461e-05,2.4353760783732486e-07,2.1793991544909045e-05,1.9668112560055872e-05,8.282613126598569e-06,1
0.2731952627178758,0.726740929320994,2.6219301608792287e-05,1.8293196847349446e-07,1.5449043847196186e-05,1.4773597304826028e-05,7.183086400899838e-06,1
0.549266773242397,0.45062274076471315,4.833676029254538e-05,2.9070559517578665e-07,2.1774534102325164e-05,2.1025601759483442e-05,1.9058391140268425e-05,0
0.5776403017582898,0.422253124241248,4.623360518322124e-05,2.7805685839444797e-07,2.0555849824890416e-05,2.0412414925864077e-05,1.9094073669756307e-05,0
0.6456874839596366,0.35424435421507666,1.9396244655059716e-05,2.0835607192264883e-07,1.6418515350224844e-05,1.654676204723862e-05,1.5591947162411047e-05,0
0.7047809399087085,0.29515661057375475,1.776295482197479e-05,1.9081113680841776e-07,1.5643613038783053e-05,1.457313464135827e-05,1.427900389781265e-05,0
0.3669961199840316,0.6328921175776978,4.27722568036045e-05,2.5307806562876887e-07,2.0370725785728778e-05,1.8430221714556302e-05,2.9936155901107785e-05,0
0.7710624459466446,0.2288916404640133,1.7615868752947564e-05,1.7047669787326017e-07,9.986572371778961e-06,1.1060823343501161e-05,7.079848176075552e-06,0
0.7673896184397194,0.2325576377877642,1.880846356381115e-05,1.8201797512209244e-07,1.515491379744607e-05,1.0872105729833829e-05,7.726271450083913e-06,0
0.6938785387952214,0.3060598711015842,2.085631293493822e-05,2.0278667088615226e-07,1.8181092018519433e-05,1.281174345733936e-05,9.538168112640437e-06,0
0.8152913033492915,0.18464557160410922,1.6744050724882588e-05,1.6447913510766854e-07,1.7832075317526753e-05,9.601930232184071e-06,1.878251118956833e-05,0
0.02726794792327308,0.0019374586981839958,2.7423493605189406e-06,1.7732938143759706e-08,1.56315167586799e-06,1.6778677129865755e-06,0.9707885922768554,6
0.14733227529769366,0.025097977761227953,1.4963138953362284e-05,1.056751874232315e-07,7.786292917535516e-06,9.946054607948366e-06,0.8275369457794121,6
0.9415053046667675,0.05637358866309945,1.0505525198273665e-05,8.024756497197447e-08,6.150292215464719e-06,6.520468454367394e-06,0.002097850136700117,0
0.9503947528365674,0.04854604988542534,9.855176321377037e-06,9.524670772460642e-08,5.7515383310239085e-06,6.650663813717449e-06,0.001036844652833718,1
0.5345774635067608,0.4636906156179896,3.1967596484683234e-05,2.5923041798635404e-07,1.6418569797213245e-05,2.1586063861440204e-05,0.0016616894146883737,1
0.5834816361399087,0.416443839073705,3.134911376891447e-05,3.0678986340076574e-07,1.9533361229154513e-05,1.857508796634604e-05,4.760433558263936e-06,0
0.692514171980765,0.3074386779483357,1.8001948511653683e-05,1.7094808694430798e-07,1.0828524080727841e-05,1.3374782509116107e-05,4.773867710903925e-06,0
0.3469329340797318,0.6530040911233179,2.2642978227256998e-05,1.998951428985806e-07,1.829849151303352e-05,1.624965030198914e-05,5.5837817650622294e-06,0
0.27852422476329153,0.7214188727609924,1.9975763274210493e-05,1.7362927418876713e-07,1.7299316676355076e-05,1.4543160165524587e-05,4.9106063257661405e-06,1
0.29437378373817025,0.7055669190367602,2.046519477759101e-05,1.7704943168946628e-07,1.9331208336139412e-05,1.482963200937916e-05,4.494140514626512e-06,1
0.28061687084605735,0.719311414704714,1.941720978846436e-05,1.6798305588603957e-07,3.322333432200784e-05,1.464191821878896e-05,4.264003843583848e-06,1
0.2623206558933984,0.7375470387702393,2.17483910938498e-05,1.881506785140703e-07,8.919307513904178e-05,1.6399790044786404e-05,4.775929406244232e-06,1
0.2660687385635852,0.7338782640058332,2.837582005835372e-05,1.9246445381345624e-07,1.8295282420676525e-06,1.7714189553186766e-05,4.885428274209922e-06,1
0.1913743077835638,0.8085378952471424,2.8922748024401723e-05,2.04597484518826e-07,3.6364476816184754e-05,1.772833012909392e-05,4.576816839583852e-06,1
0.20346922897696285,0.7964487987556609,2.6030316597980047e-05,1.6865648364850428e-07,3.502952792044261e-05,1.6462668553456745e-05,4.281097821023296e-06,1
0.1286548218044392,0.8710550874085309,2.2953453034537722e-05,1.8211202831225042e-07,0.0002442800185318295,1.7919006211751253e-05,4.75619722342611e-06,1
0.09412782680894216,0.900998917186004,2.3024546383303502e-05,1.748809925434645e-07,0.004826514105168096,1.9061469003226886e-05,4.481003506736262e-06,1
0.0990272564466117,0.8918654011160205,1.95747624878424e-05,1.7206209007001705e-07,0.009070725481247583,1.2461357222191938e-05,4.408774319990723e-06,1
0.10779436628254857,0.8645679505873749,1.94816469522229e-05,1.7166417448038864e-07,0.0275980354572208,1.2460881018152435e-05,7.5334807111363375e-06,1
0.3451397775545322,0.5834835751239689,0.0005977238698123624,3.174369388217509e-07,0.07013554488362896,0.0006354648935363968,7.5962375823478675e-06,0
0.36110046990822736,0.6136598411165523,0.000279335947615,2.67110454292455e-07,0.023275495757576977,0.0016775936766919833,6.99648288206811e-06,0
0.1458413170289962,0.8531319540326064,2.0728821172906666e-05,1.946328322356095e-07,0.000982724024625923,1.682650516101524e-05,6.254954605371466e-06,1
0.18199679805564817,0.8167701280681875,0.0003211389364576161,2.0353483957712786e-07,0.0006175235494592708,0.00028874520295425635,5.462652453717256e-06,0
0.24926432867723555,0.7491885295949248,0.0005199924337909691,1.93601587725755e-07,0.0007013865535052072,0.0003203730841160539,5.196054839706652e-06,0
0.1738430697693637,0.8237963583113249,0.0009691266665203311,2.0506651582218437e-07,0.0007451895817152654,0.0006404781627936224,5.57244176651295e-06,0
0.36727521458584694,0.6297812300221608,0.00019314546125219587,1.8468730289952416e-07,0.0022692675640768717,0.0004769856747365275,3.972004623573106e-06,1
0.13400184561473957,0.8626204173171367,0.00022455944231774592,1.9830324519339738e-07,0.0026228546439686085,0.0005258598407046741,4.264837887671352e-06,1
0.14803267461200098,0.8473777615295199,0.00023219650025676684,1.947991916753376e-07,0.0038621496305423545,0.0004908334510428591,4.189477445689301e-06,1
0.15707674347373288,0.8379616845556637,0.00023817584616015288,1.8575645954121576e-07,0.004394026342477213,0.00032518902690857463,3.99499859802317e-06,1
0.14385888600110205,0.846279212569262,0.00207497272292986,2.2725399572325982e-07,0.006973837454977029,0.0008072031138828307,5.66088385045308e-06,1
0.04662793311014994,0.9372962736058408,0.0051022489263033545,1.7530409572403002e-07,0.010325481610693604,0.00064408146338541,3.805979531029705e-06,1
0.03946921749172156,0.941722502600085,0.007652087987705491,1.7613194076423103e-07,0.010601489398466904,0.0005507024374306041,3.823952649483421e-06,1
0.06303756324817102,0.8956112434675872,0.000483550853752317,2.0884859105660352e-07,0.040106942369014055,0.0007540631659941343,6.428046889861066e-06,1
0.13026688608399647,0.6865027031085312,0.00585145032338398,3.782056724584097e-07,0.1708393415961681,0.0065300693036483715,9.171378599394422e-06,1
0.13852445163776614,0.6627630837511272,0.004324389852531134,3.650642813192065e-07,0.1841254729314653,0.0102533840591788,8.85270365018775e-06,4
0.023415930244295693,0.8344002715444756,0.02486786232170588,1.9146632571494493e-07,0.11576709975787525,0.0015063185525558563,4.2326112765779856e-05,1
0.01849771208174883,0.8299422010786335,0.025726648257202122,1.980841169734385e-07,0.12387410351289581,0.0019153479241103377,4.378906129221897e-05,1
0.0033147004031195276,0.26178324013247223,0.0030290562531152276,1.6296543688302472e-134,0.7316660559756745,0.0001949445171111728,1.2002718507229331e-05,1
0.0018030778816425118,0.11552481186391195,0.0012822463225225476,2.5109318545299286e-08,0.8812403967538217,0.0001427199008890113,6.722167893704761e-06,4
0.0023438345227726268,0.1459559815220065,0.0016200114723166662,3.170691195703729e-08,0.8499036398836141,0.00016595911367164672,1.0541778706418493e-05,4
0.0013171172509156537,0.10972620125398762,0.0009594680015753993,1.0050137526824169e-283,0.8879190474835608,7.44570641023248e-05,3.708945858249963e-06,4
0.019471823911785296,0.8069785617051305,0.006597603001079921,9.861492625665737e-94,0.16647278804898716,0.0004519459848547681,2.727734816231034e-05,4
0.021703673711450076,0.7373256796230337,0.0031549630426157805,1.46818413634132e-07,0.237380314144509,0.0004096146372342671,2.5608022743445374e-05,4
0.03549868955736507,0.8653735344785416,0.0028246758759595944,1.559989650638615e-07,0.09606823559120216,0.00023074869271638127,3.959805250112064e-06,1
0.04014832275746904,0.854458789227819,0.003201139250574958,1.529853027731452e-07,0.10196154209084282,0.00022617241479771925,3.881273193808877e-06,1
0.014081567972583508,0.29019748604681483,0.00027358104075257786,6.094660204173048e-08,0.6953509198738287,9.483707918880997e-05,1.5470402296742044e-06,4
0.026735247661363,0.586753035863185,0.0005308039714698524,1.1934781826393406e-07,0.3857920503225599,0.00018571336403559478,3.029469568323611e-06,4
0.07351536613209113,0.8781802478163785,0.002612468791943761,1.8492109955995694e-07,0.04516222537599681,0.0005257098964457794,3.7970660444774133e-06,1
0.0540962944300101,0.9100594308415165,0.005479512083328727,1.387101214693259e-07,0.02887499076430974,0.0014860620035229686,3.5711671903733933e-06,1
0.3650876585261951,0.6055689826514699,0.004797377436091577,7.941234446428972e-08,0.024050652022036646,0.0004932054380513988,2.044513810942161e-06,0
0.4099836006176193,0.556696724446236,0.005335621643668611,8.991078278919254e-08,0.027230186496561462,0.0007514620833412345,2.314801790643357e-06,0
0.49236788646444946,0.47155047436065295,0.004939747478053385,9.527771113556267e-08,0.03011714353237875,0.001022199910486949,2.452976267174836e-06,0
0.5217145495558908,0.44281390965044465,0.003656719673772052,9.032643179365908e-08,0.030975397513310517,0.0008370077772507876,2.3255028993421226e-06,0
0.025509489300256528,0.8846252484482352,0.01086479467151212,1.9426590754882667e-07,0.07706902108162286,0.0019262507514785485,5.001480987095067e-06,1
0.020537713553640608,0.8511467197083901,0.029620403536737134,2.0081531360917316e-07,0.09481134675483609,0.003878445532090001,5.170098992698315e-06,1
0.019595368746089938,0.8027144098643381,0.12952600740694659,1.6713187707683054e-07,0.04269307758600313,0.005468199624661797,2.7696400836188774e-06,1
0.021904308566518427,0.9051175845386092,0.04145229423780256,2.0351521478064308e-07,0.027552009096654707,0.003970227475548358,3.3725696518304394e-06,1
0.022208333605199138,0.9083860855780159,0.03641903060802796,2.0712305513590036e-07,0.029364895461157756,0.00361801526725952,3.4323572844352284e-06,1
0.024157492997134884,0.9287641157565036,0.02126885578610834,2.1995046476640944e-07,0.006111384580696452,0.019694878355460667,3.0525736312651962e-06,1
0.03324048090075127,0.9123647662248557,0.020289384024523138,2.0086515448175798e-07,0.005346106920786852,0.02875627336500436,2.787698924220072e-06,1
0.008897678344261412,0.9357238425282596,0.01411106426908249,1.9250089155148921e-07,0.0024099187027434212,0.03885387954902144,3.4241057403731867e-06,1
0.007068413610597994,0.9278369523113167,0.03714223068213269,2.1621711628037834e-07,0.008394758678694944,0.019552745986230403,4.68251391086881e-06,1
0.0083574175038242,0.9352160594961524,0.017910899719353144,2.2675792786400142e-07,0.008483333431575226,0.03002702368283069,5.039408336414198e-06,1
7.586844047162201e-05,0.02091848381225267,0.9488769270720488,3.779127382206046e-05,1.0389643862485063e-05,0.030070991516898373,9.548240643731515e-06,2
0.00014023873031544464,0.033193537023055095,0.8796786293670696,0.00017335205611366186,2.378189333363128e-05,0.08678171463777358,8.746292338884822e-06,2
0.0006847711479730183,0.4675098767008093,0.37894954061493386,0.00025694526804050403,0.0001155094988285384,0.15244171501077444,4.16417586404246e-05,1
0.0006114046142798766,0.3015161301104895,0.37956100154264594,0.00032885596784048573,9.263915569604635e-05,0.31785701386509807,3.2954743950095216e-05,1
0.0004218472271706411,0.22085584202668346,0.3287545001670889,0.0005133131548619943,6.291287595918111e-05,0.44938407846663986,7.50608159580049e-06,1
0.0004704885983491943,0.17802697793427952,0.3533937725844051,0.0030602422323804334,9.155275680361392e-05,0.4649503068110281,6.659082754264238e-06,1
0.0004296723421034442,0.03864923589186116,0.6574154380034143,0.028593839037122402,8.557795086055468e-05,0.2748235558059975,2.680968640695623e-06,2
0.000638543378143317,0.10705190369641902,0.7542725361645735,0.0019907101825968414,0.0001313082402105275,0.13591109346053307,3.904877523574547e-06,2
0.0006768114089992662,0.13701762497842043,0.7567292187765676,0.0007955111051968103,0.0001469240901414661,0.10462746803798181,6.441602692399578e-06,2
0.001066182345739825,0.16757699778554458,0.7620725447840261,0.0004949190821133311,0.00020201822041130972,0.06857995681445507,7.380967709599733e-06,2
0.0007509620100565914,0.1738208765262401,0.811689383016628,0.00016279043910078013,0.00015198367515904793,0.013417464710002564,6.539622812979919e-06,2
0.0011756648803017602,0.6945868816681792,0.24036202421195405,0.00019433928603797295,0.0006058258335140717,0.06307048521642761,4.778903585411045e-06,1
0.0012752177681747,0.757940233420355,0.17232858696471004,0.0005919528466321092,0.0006641951017036321,0.0671949984500858,4.815448338687232e-06,1
0.0025398636730339093,0.6852106783537437,0.26658706073074007,0.0008948658617886573,0.0002667315781323465,0.04449174945619861,9.050346362518905e-06,1
0.0012728851418730813,0.80965665041202,0.14292527338179614,0.0004083113482594542,0.00047847774367721626,0.045253267346347166,5.134626026925858e-06,1
0.001233131474059622,0.8357476434441966,0.12077996940070888,0.0003849089137608072,0.0004809323584716468,0.041368253441887014,5.160966915663335e-06,1
0.0008493048726147259,0.8454346610183109,0.12470568366304252,0.0001449261041189038,0.00017935175888121388,0.028678500999067068,7.571583964666871e-06,1
0.002289691656129376,0.8113223080499458,0.10492259078521679,6.629760843982355e-05,0.0007957893577586718,0.08059931980353953,4.002738970081292e-06,1
0.004797117213164544,0.5845109723509161,0.3571315749508696,1.2981634004137327e-08,0.0011382405954573202,0.05241877005391445,3.3118540439023754e-06,2
0.005126850094170028,0.5323578654487447,0.23930544282973648,0.001347842445338687,0.001050865099991144,0.22080759458559598,3.5394964230314008e-06,2
0.9213104651201469,0.07279278684201501,8.862863880688102e-06,1.864587989370102e-07,1.1873091585463863e-05,6.286485594595878e-06,0.0058695391379783735,0
0.914918268297632,0.08066054414375347,8.801371937981113e-06,1.9917517825147878e-07,1.1790714209780702e-05,6.242868969403934e-06,0.004394153428319284,0
0.7711242609398512,0.19800932884273512,1.2142583770365608e-05,2.747868518610573e-07,1.6224852948562514e-05,8.268437447861935e-06,0.030829499556395176,0
0.7853937607492988,0.20777275903787787,1.2367279847994203e-05,2.7987172744970895e-07,1.6532592281889807e-05,8.421443224703778e-06,0.0067958790257411795,0
0.8249331106248766,0.17409110021845378,8.399285696980542e-06,1.900759606194915e-07,1.1173115804342676e-05,5.71945557103733e-06,0.0009503072236365442,0
0.8582081656285937,0.14171184900392436,7.046704562905739e-06,1.710261310695948e-07,1.1422773974642123e-05,5.9229293079071886e-06,5.542193350550856e-05,0
0.8576586078493841,0.14226639350640077,7.042192171314242e-06,1.7091661365349264e-07,1.0240471068201528e-05,5.919136531274161e-06,5.1625927830892033e-05,0
0.8726552607033801,0.10522955463131171,9.385333125805946e-06,2.277855129269124e-07,1.5174526005072387e-05,7.888604402110196e-06,0.02208250841626235,0
0.9590084493506741,0.0019371806848877942,1.0026342962168229e-05,1.4339463521686023e-07,8.92221385706076e-06,5.041757098272765e-06,0.03903023625588529,0
0.9598043050273232,0.00182391059331956,2.009705084037673e-05,2.026874261449279e-07,1.532362272007726e-05,7.1264923401867445e-06,0.038329034526030606,0
0.9403718375144822,0.0018744034842371577,1.9690160304968663e-05,1.4697558736970678e-50,1.3557519986572627e-05,6.982207374849725e-06,0.057713529113614395,0
0.9900683670809287,0.0017111599126817048,1.8860748661233033e-05,2.03820953026469e-07,1.6008736790729976e-05,9.2568159206154e-06,0.008176142884064118,0
0.9857279725397738,0.008992697237354401,1.233868708873266e-05,1.2618504808614492e-07,1.1910267024854962e-05,6.642219039639027e-06,0.00524831286467057,0
0.9656563934018269,0.013239104475529869,1.5865429106387926e-05,2.1229636768039e-07,1.867220971605096e-05,1.0106428234077862e-05,0.021059645759219075,0
0.8606128781737539,0.016345027530798327,1.4384696591115056e-05,1.924825868875271e-07,1.7707375032783713e-05,9.02777750561514e-06,0.12300078196373118,0
0.8585349521901395,0.020493637517973354,1.403726378774224e-05,1.8783356531524785e-07,1.7377919797282227e-05,8.809730080899954e-06,0.12093099754465596,0
0.9153653429798458,0.028748735327841776,1.6018052411218474e-05,2.025394354784428e-07,1.8659339470400448e-05,9.499461687309445e-06,0.0558415422993079,0
0.9124182182006552,0.0380931091186449,1.62837352361547e-05,2.0589884822085676e-07,1.7078136442782377e-05,9.657024151937805e-06,0.04944544788602085,0
0.8859826246065129,0.031126011310019092,1.56303991605555e-05,1.97637773994574e-07,1.5535903148339497e-05,8.600396866536003e-06,0.08285139974651878,0
0.9212955616884169,0.02731945152127126,1.3255811115275215e-05,1.8919496142421505e-07,1.4116124540613311e-05,8.177281555941603e-06,0.05134924837813866,0
0.9327092550138326,0.024341420277229815,1.3231665729690971e-05,1.8406855101894796e-07,1.416359470679892e-05,7.95571063809256e-06,0.042913789669311815,0
0.9551740976948238,0.02444228754787861,1.3030165979222114e-05,2.0317879002417755e-07,1.2871388826857467e-05,7.907445349473275e-06,0.02034960257835228,0
0.821715600468545,0.16382578167927228,1.7375747143595143e-05,2.47997182666641e-07,1.5743983758896015e-05,1.0718799129107507e-05,0.014414531324968753,0
0.8089131957127099,0.18339913282510809,2.159418356173891e-05,2.7304653748974525e-07,1.705994700481302e-05,1.1801468697267527e-05,0.007636942816380663,0
0.8085504411943043,0.18317262341372453,2.2106360803810356e-05,3.2308756693069087e-07,1.8014138743607207e-05,1.2081379427510122e-05,0.008224410425429032,0
0.8386599251785684,0.15474042402782967,1.852707808234214e-05,2.16653511594079e-07,1.396246498936217e-05,1.1331199764802814e-05,0.006555613397254002,0
0.8164468263108016,0.1768286469406712,1.9559680581788077e-05,2.2652969630280193e-07,1.6719366410720935e-05,1.1907298014844171e-05,0.006676113873823459,0
0.5630033505324246,0.42243710395149825,1.562651159062392e-05,1.6849318471109306e-07,1.5252449725176203e-05,8.85666911036403e-06,0.01451964139246638,1
0.6344265999275481,0.3456288982756478,1.0206154923549689e-05,2.1755783778340459e-07,1.844789988961281e-05,1.1456190603026226e-05,0.019904173993550146,0
0.6769221967445107,0.3036315749254723,1.5804824215833042e-05,2.105805090818613e-07,1.8367760957246602e-05,1.184124003774899e-05,0.019400003924297127,0
0.6682144546669043,0.3317240402008541,1.812912393505767e-05,1.9794960415465767e-07,1.5977412467514052e-05,1.044120708721488e-05,1.6759439147541787e-05,0
0.5145629868084844,0.4780465201663456,1.8906668749683775e-05,1.3601056522076908e-07,0.007350894724553006,1.2095339305694029e-05,8.460281996329249e-06,1
0.1019510337121056,0.8979776145509111,2.6626738939483074e-05,1.578998318285767e-07,2.2410696021993842e-05,1.5858740073828456e-05,6.297662116308434e-06,1
0.10802281625319107,0.8918976040570482,2.6718475502508943e-05,1.584438409131003e-07,3.0470033224474453e-05,1.59133778690012e-05,6.3193593237269406e-06,1
0.09687862171249273,0.903052684200646,2.518064804146098e-05,1.4540256406226182e-07,2.509187878162528e-05,1.2476935215694053e-05,5.799222258217084e-06,1
0.06869138281029764,0.9312613682448426,1.9669785543996778e-05,1.2594546089037235e-07,1.1622687817032813e-05,1.0807329061728385e-05,5.023196976114557e-06,1
0.06844481177226515,0.9315088380987647,1.9251228074425674e-05,2.2986970495695595e-07,1.1375366218562368e-05,1.0577357652290226e-05,4.916307319855879e-06,1
0.06446830382284226,0.935485148194471,1.9333405343621877e-05,2.308509444161359e-07,1.1423923979570353e-05,1.0622508972705542e-05,4.937293446481835e-06,1
0.3058786678316794,0.6940607338198488,2.5505781781153964e-05,1.7870979835260115e-07,1.584217380935446e-05,1.3028967073325652e-05,6.042716009589711e-06,1
0.35004999584977586,0.6498924429858011,2.275948965087949e-05,1.8001480875530905e-07,1.5410707825106365e-05,1.3124109800383524e-05,6.086842338004928e-06,1
0.24101280212356627,0.7589231189505161,2.5466564846280016e-05,1.991810833008219e-07,1.715682733234123e-05,1.452144090519013e-05,6.734911750583258e-06,1
0.6026511442853397,0.3972787414284386,2.4158745468276886e-05,2.3584052061010905e-07,1.5738250624873042e-05,1.6430053404158988e-05,1.3551396203683165e-05,1
0.36786397483933586,0.6320489466188793,4.86250178742749e-05,1.9844673382849445e-07,1.4935275279501891e-05,1.657458080074021e-05,6.7452210964152965e-06,1
0.2978823001427438,0.7020406762907457,3.552791011405249e-05,2.0471235283558966e-07,1.762156990926706e-05,1.6711184123328776e-05,6.958190011012222e-06,1
0.2692220826131961,0.7307192203343641,2.5026501781116367e-05,1.7506489071003287e-07,1.4552833098530317e-05,1.2992182378197087e-05,5.950470291335158e-06,1
0.2810582251503642,0.7188821705431218,2.410649836274747e-05,1.8161863852608294e-07,1.5633670813131687e-05,1.3509285971416803e-05,6.173232728270057e-06,1
0.45517004275133843,0.5447575138620308,2.911281674780177e-05,2.4515233783130625e-07,1.882274640395724e-05,1.669249158628844e-05,7.5701795550655676e-06,0
0.4463862561556489,0.5535351896533314,2.9067609020869727e-05,2.698747579144766e-07,2.0154960835561963e-05,1.8506551869384547e-05,1.0555194536101061e-05,1
0.3245394324622974,0.6753818335023297,3.536820970206647e-05,2.117159177559129e-07,1.7386712561408464e-05,1.7454067693556438e-05,8.313329498265777e-06,1
0.6559434358818482,0.3439586993446976,4.638909858877752e-05,2.5176261593418156e-07,2.3303356004639532e-05,1.7483754751614592e-05,1.0436801493258215e-05,0
0.5181211257512246,0.4817577757627645,6.240748358140017e-05,2.699394174770733e-07,2.5481376360908566e-05,2.1379103353536436e-05,1.1560583297754113e-05,0
0.6597408979763277,0.34013640303772247,5.0639191054364916e-05,2.614233125119484e-07,2.2398899213428735e-05,2.0846259155936772e-05,2.8553213213687194e-05,0
0.4563459268685211,0.5435719668209421,3.0640316440486456e-05,2.4401022686632285e-07,1.8355438666384575e-05,1.554160579297386e-05,1.732493941000245e-05,0
0.5034672760360221,0.4964445233374893,3.434005068477716e-05,2.709308370688493e-07,1.4622982196208202e-05,1.9730336503416053e-05,1.923632626713846e-05,0
0.7787136815309766,0.22124268677128267,1.7027192975731042e-05,1.6477981717862762e-07,9.652847516358343e-06,1.0691199859714663e-05,6.0956775719351015e-06,0
0.7365759825857654,0.263370542903294,1.8834060260530323e-05,1.969798778426786e-07,1.2579795308211814e-05,1.1569501717332155e-05,1.0294173776770368e-05,0
0.055204951777458565,0.003352726683008747,5.941015088365422e-06,3.841656886969027e-08,3.386405767782299e-06,3.920422201465242e-06,0.9414290352799062,6
0.884611868704381,0.09777577670141388,2.1680875636595143e-05,1.98375587268127e-07,1.54140920770425e-05,2.0328406176643137e-05,0.017554732844727434,0
0.9145436460267464,0.08298667508812384,1.6405791784738038e-05,1.3756679660859683e-07,1.2223950871838722e-05,1.3681530057594095e-05,0.002427230045618831,0
0.9458911806753123,0.04853564911826304,1.575314421374986e-05,1.4152983536251214e-07,5.749734084333576e-06,7.440104581470954e-06,0.005544085693709801,0
0.9335578066502258,0.05882153097470024,1.2994872206492265e-05,1.2559073065852916e-07,7.840425215023288e-06,8.065532440481151e-06,0.0075916359544813,0
0.9545802011532974,0.04462912702768423,1.0001340348467384e-05,7.639629568946734e-08,5.836840508987324e-06,6.74930109570381e-06,0.0007680079407693319,0
0.9510456571839104,0.0480288802659024,9.930039307495887e-06,9.597023135581598e-08,5.795228805978018e-06,6.701184325632337e-06,0.0009029401275166483,0
0.8646507628755074,0.13531242230206436,1.4264959303458277e-05,1.2555693683480774e-07,9.832097289457323e-06,9.721102772419031e-06,2.8711061261811404e-06,0
0.7603420816828002,0.23961339272024837,1.7014591138871557e-05,1.6157205446103558e-07,1.1013558717086505e-05,1.2641212467451759e-05,3.6946625736265118e-06,0
0.6595179097842768,0.3404350706876262,1.7647412172256065e-05,1.6758137867197704e-07,1.2261081853512604e-05,1.3111375110303049e-05,3.8320775822368485e-06,0
0.3645695004188082,0.6353677811613655,2.2892549341100987e-05,1.989819698933633e-07,1.789319724464377e-05,1.6175417672897563e-05,5.558273597625332e-06,0
0.27244814313669147,0.7274955509034793,1.956622792206373e-05,1.692722483981032e-07,1.8020255005828916e-05,1.4253476545839083e-05,4.296728107335115e-06,1
0.2937738085190591,0.7061680141604026,2.0163659768250578e-05,1.7444077818685418e-07,1.926804739865846e-05,1.4143248927125664e-05,4.42792366612923e-06,1
0.2608847596925724,0.739026814289604,2.7663332936185277e-05,1.8871455193706e-07,3.806022148221568e-05,1.7723506346011635e-05,4.790242507230762e-06,1
0.15930503521463008,0.8406105264667485,2.6813411865539265e-05,1.7373034026838768e-07,3.6083355192810894e-05,1.6957930982827593e-05,4.4098902400852124e-06,1
0.11967932473610082,0.8802444316637977,2.3134418563244342e-05,1.6395139662608868e-07,3.371384836712189e-05,1.4949483512730346e-05,4.281898261397711e-06,1
0.3658909178538918,0.6235954681037352,0.00020622272071926407,2.4004267105057885e-07,0.00960240124630698,0.0006942240505015129,1.0525982174324511e-05,0
0.14834157447442844,0.8498231846845866,2.5415682125011193e-05,1.8482448157160813e-07,0.001788851827361417,1.5828020105289597e-05,4.960486911537192e-06,1
0.09574246651000473,0.9031350762234317,2.519601145169596e-05,1.7756412794284796e-07,0.0010768014903363213,1.551657368544684e-05,4.765626962019937e-06,1
0.1634686317932159,0.8349105355119872,0.000501527290780175,2.0389307953067136e-07,0.0005765639171047367,0.0005369970388190789,5.540555013207798e-06,0
0.27080886377446123,0.7265793588166684,0.00019492223135200362,1.989004773871206e-07,0.0018976244441820853,0.0005136935616171017,5.33827124192445e-06,0
0.112722098598799,0.8840752813484147,0.0002692590619140892,1.933458127120054e-07,0.0025171826148203775,0.0004118268101018791,4.158220137409153e-06,1
0.12125054605723527,0.8754391815367482,0.0002678395034459895,2.012500830992563e-07,0.002620088862039004,0.0004178145759583365,4.328214490194806e-06,1
0.1437454524108916,0.8521735100572407,0.00023189081496389433,1.9616597335274676e-07,0.0033939309212693697,0.00045080075732428196,4.218872336712413e-06,1
0.16621094717069562,0.8280007328438136,0.0004173316891944317,1.9924849341126494e-07,0.004983614805252109,0.00038318230016099505,3.991942389902852e-06,1
0.29064939216086105,0.6971507131253436,0.00023427832155345087,2.8450655666831513e-07,0.011099477189261856,0.0008576141677473354,8.240528675922197e-06,1
0.03960740827474849,0.9415870177490024,0.007650987088025784,1.7610660080506104e-07,0.010599964170803299,0.0005506232083185036,3.823402500523582e-06,1
0.04099776261482313,0.8963876438555821,0.010480892023724356,2.4762712176881786e-07,0.05029204340986771,0.0018337888768850885,7.621591995800862e-06,1
0.02508293136003416,0.8423401178224253,0.033103473140982456,2.0104315482849935e-07,0.09723969928873148,0.0021891341497114903,4.444319496018303e-05,1
0.012778765823370213,0.8611217976207066,0.0185627268946629,5.5101186075711554e-257,0.10638204841545734,0.0011151789530019851,3.948229280090794e-05,1
0.0021821679003830702,0.1364102329681575,0.0032952615776666305,2.9648764946449675e-08,0.8579043190848066,0.0002000513696108866,7.937450610276923e-06,4
0.0024028013230635915,0.14204854853965565,0.0031639613126295007,3.0874252869428905e-08,0.8520792556262415,0.00029713679074508295,8.265533411692344e-06,4
0.03238947255961545,0.7424692595330247,0.004052757214039434,1.8538828692016466e-07,0.22048898889990984,0.0005718277391996021,2.7508665924136216e-05,4
0.029323276680116677,0.8457962800435683,0.0009099517907572679,1.6095964662683595e-07,0.12371479726878794,0.00025144753223723315,4.08572488611195e-06,1
0.031153998654164124,0.8884707875178368,0.0010403414330492932,1.7784747933069938e-07,0.07901462280066424,0.00031555734902106053,4.514397785168665e-06,1
0.036438825465527125,0.9074141529612098,0.003946719795286211,1.7539721276112665e-07,0.05175680710817498,0.0004388670712322545,4.452201356991105e-06,1
0.044017363541847716,0.8978837912602884,0.0007531290671263327,1.6067603757671864e-07,0.057160076758511355,0.00018140017030302517,4.078525885752082e-06,1
0.05900109953963184,0.9042625356679265,0.0022440499033040467,1.8825172463072094e-07,0.03388477944783962,0.0006025005469820416,4.846642591118369e-06,1
0.042277745291702334,0.9329257168020011,0.003914401290293015,1.3318849506002603e-07,0.019833999309724386,0.0010445751078556435,3.4290099284409854e-06,1
0.09880793367590317,0.874002679749898,0.0027986322092322788,1.2147251335809173e-07,0.0237128725460144,0.0006746329708036815,3.1273756351842014e-06,0
0.6099920885689641,0.34634261639399366,0.01693557795730144,6.99792144276027e-08,0.026157464419222884,0.000570745767400463,1.436913903035176e-06,0
0.48507778667123563,0.45314986543691477,0.026807779996003162,9.155983150850598e-08,0.03422406288072176,0.0007385334171143813,1.8800381789115413e-06,0
0.06894101131028228,0.822953058110234,0.034647791111937984,1.6627930203031794e-07,0.07234151749846016,0.0011130414039441255,3.4142858394264223e-06,1
0.02280721246300841,0.8778035405521778,0.02021983546061651,1.927678435066967e-07,0.07647471026969867,0.002690550299975269,3.95818667955245e-06,1
0.019749459875291888,0.8348632983282771,0.08414760893740944,2.499261333976754e-07,0.057020482677099985,0.004214825388226844,4.0748675614701915e-06,1
0.02697284215658618,0.9285817209831798,0.02344481449096549,1.3489215972410584e-07,0.015410836484203098,0.005586149707186535,3.5012857190681644e-06,1
0.024456995354286026,0.9377079346404905,0.01916756137728042,1.1797864720374148e-07,0.012276512179513503,0.00638750208452965,3.3763852526177816e-06,1
0.021745701272259277,0.9373384448651056,0.02388479976073441,1.0489957500638877e-07,0.012671563192630601,0.004355719777960142,3.666231734926927e-06,1
0.042616569765730646,0.8949695910255809,0.022002473623709964,2.0961999574934122e-07,0.005241474039469278,0.03516634189826449,3.3400272490860592e-06,1
0.011649851078405205,0.928550345489555,0.02032977759098036,3.5572329783191333e-211,0.0022362341380916767,0.03722993125609624,3.86044687154016e-06,1
0.008329476686950244,0.9185209071878968,0.039259570758405964,2.227099240852452e-07,0.008063235214023386,0.02581888433646914,7.703106330298235e-06,1
0.00010691327572267821,0.02592201869526864,0.9152550179567656,0.00011656838341638976,1.7469291056267607e-05,0.05856834478746555,1.3667610304981626e-05,2
0.0001377563480820255,0.01616333748585402,0.914130606975798,0.0001448290304561265,1.9439659701576117e-05,0.06938641996418664,1.7610535921715777e-05,2
0.00016046737381136876,0.018550039332125588,0.833842824109858,0.001255759397766334,6.2086499700619e-05,0.14612059023156726,8.23305517087993e-06,2
0.00044187375960701484,0.11823389490518932,0.5147815031796676,0.010333561595617718,0.00015387898833226123,0.3560510764423576,4.211129228564395e-06,2
0.00158592088099511,0.44493595068708025,0.3623900725902391,0.0003429711237916492,0.00018980558305129749,0.19045426778961064,0.00010101134523203499,1
0.001459141504469303,0.4427000805418198,0.38615372970608974,0.00035464564405977866,0.00015280019322084785,0.16907946351580966,0.00010013889453087801,1
0.0004428856119183184,0.09420318420927686,0.36098476589441736,0.0003492100300729053,8.458670575825768e-05,0.5439291564762079,6.211072348462927e-06,1
0.0006698092387849727,0.14721907594696435,0.7885375415006526,0.00014670839654403977,0.00016369598333025527,0.0632538251042789,9.343829445114157e-06,2
0.0007694590512942635,0.17893314361945262,0.8051052552417824,0.00023940658641238654,0.00022023043966020264,0.014728739889091236,3.7651723065935555e-06,2
0.0016153824371434018,0.6504260449181786,0.3185595972665065,0.0005061424122191039,0.000792303345864374,0.028093963329770107,6.566290317946031e-06,1
0.0014641475997958081,0.7117525521588898,0.209490695881162,0.0005476182956652388,0.0002738026597602899,0.07646548180514136,5.701599585511337e-06,1
0.00245794710565751,0.6027213141979338,0.3413238020454147,0.0004967238197160787,0.0006191583381511186,0.05237220283383312,8.851659293641974e-06,1
0.0014971889781618315,0.6647159814346344,0.3110493269844056,0.0005644543366104806,0.0003529312398507417,0.021814077592580017,6.039433756909065e-06,1
0.0009333252986696937,0.7778898694517721,0.1789178793267,0.00012987215068143817,0.0003002430764286055,0.041824144469099565,4.6662266485938595e-06,1
0.005191018026847797,0.855532969587848,0.11003534379327612,4.455969254199345e-05,0.0009171813007842254,0.028274169051088493,4.7585476131493515e-06,1
0.004230075268090625,0.7905482603524085,0.11804560013562161,0.00031104924563182834,0.0006982692579597918,0.08616310847364071,3.637266646935281e-06,1
0.000995325526886429,0.853863718159302,0.10422588569103905,0.0001481379197205638,0.00019935341520333456,0.0405627231361437,4.856151704914833e-06,1
0.0028624331892742687,0.7888204563880318,0.18071826887036144,8.949495416097759e-05,0.0028762637431368502,0.024629030866193693,4.051988840946651e-06,1
0.0056747985357628395,0.6390841129186392,0.2371791711110338,2.390255683015307e-08,0.001416459737241442,0.116641290786283,4.143008482966994e-06,2
0.9377062159679764,0.05773441314458363,9.667542371983397e-06,2.2918739253966313e-07,1.8186218992523763e-05,6.089923863479964e-06,0.004525198014819466,0
0.9142385229964427,0.08372269372793438,9.926141520516727e-06,1.8546040309122413e-07,2.6521596605043633e-05,6.2528245330744055e-06,0.0019958972525611286,0
0.7781938611007103,0.21496440095177954,1.3001029186870709e-05,2.735183931247197e-07,1.7379789042805815e-05,9.221712507203462e-06,0.006801861898380129,0
0.7782644249823193,0.22140156457619636,8.869655642432772e-06,1.6258817126806177e-07,1.0278692713556259e-05,5.587307040333064e-06,0.00030911219791677455,0
0.789295246640884,0.21064023827361444,8.499645189767709e-06,1.7543694282321341e-07,1.1290386548621085e-05,6.028852272128362e-06,3.8520764548348524e-05,0
0.7916652515457138,0.20827074027199077,8.52516694588469e-06,2.187773161692089e-07,1.1340568826223686e-05,6.555008532094663e-06,3.736866067515014e-05,0
0.8521228395801942,0.14610139682325385,6.9967382533908236e-06,1.6981343022143576e-07,1.0174373818920655e-05,5.880931390101504e-06,0.0017525417396596023,0
0.9003291904384019,0.08347975157308275,8.294837507795224e-06,1.6621498953527664e-07,8.918283208212888e-06,5.844121030479675e-06,0.016167834531779255,0
0.851906327123614,0.13514046434463411,9.136497770679064e-06,2.0614847333689353e-07,1.1322812844592314e-05,7.248182801068771e-06,0.01292529488986222,0
0.9001313472227956,0.07026197259297781,9.122337138439863e-06,2.2140250285397383e-07,1.1292390325184795e-05,7.667549776146106e-06,0.029578376504483857,0
0.8580516561671411,0.110310679654227,8.971270485781142e-06,2.17736059212522e-07,1.3012056374404412e-05,7.54057452175701e-06,0.03160792254119097,0
0.8421735004678026,0.11814085781754609,9.333397016417214e-06,2.265250043058585e-07,1.5090553935891954e-05,7.844950818837172e-06,0.039653146287875814,0
0.9062138622280499,0.008879352220768487,7.987950113741743e-06,1.9387050938983074e-07,1.1189930159086462e-05,6.714069451390792e-06,0.08488069973094806,0
0.9719312202175582,0.0024573370283885666,1.231154452789759e-05,1.463446820251475e-07,7.395160827423543e-06,5.14548077952085e-06,0.02558644422323639,0
0.9021904703910105,0.0023017815691367227,1.8153927353684726e-05,1.3550850244736362e-50,1.5094485227702526e-05,6.437453199372792e-06,0.09546806217407199,0
0.9712433188735586,0.0020017726794411997,2.4578220127579258e-05,2.0923814475591801e-07,1.3176036368594889e-05,7.356815685309099e-06,0.02670958813667391,0
0.9684655308810817,0.002085496774235439,2.3286177950944775e-05,2.1627096516796795e-07,1.7093355936166765e-05,1.0200281887842362e-05,0.029398176257942776,0
0.982077930729718,0.0019098439083766155,2.4078149459689934e-05,2.0606620435508967e-07,1.628680472536276e-05,9.499162206944504e-06,0.015962155179309212,0
0.9905884147959514,0.0019704871417517036,1.5509833939039108e-05,2.859241995658644e-08,1.5629402319598753e-05,8.975941798090313e-06,0.007400954291820229,0
0.9757011986375772,0.018537601878083763,1.3491697870953002e-05,1.7210422192744242e-07,1.3043541275462389e-05,7.644973772115389e-06,0.005726847167198841,0
0.9539630977826771,0.03160601597997908,1.5745854453273285e-05,2.1069633125196086e-07,1.829199053971462e-05,9.88203468453772e-06,0.014386755661335019,0
0.9645434352012225,0.011914391312993978,1.584714355518078e-05,2.1205168749706308e-07,1.862391383971444e-05,1.0094780165200783e-05,0.023497395596535707,0
0.8143921834237904,0.17450671948654023,1.991805024750217e-05,2.518527564646339e-07,1.579023481974899e-05,1.0885442639423861e-05,0.011054251509206107,0
0.7992710619239886,0.19075254715959664,1.9017892911995652e-05,2.2025500302315012e-07,1.4194566918465026e-05,1.1754643015935395e-05,0.009931203558565546,0
0.6959196106234604,0.2900240064793931,1.8589434996628624e-05,2.0044096767196302e-07,1.532990410760196e-05,1.0535971112871212e-05,0.014011727145961555,0
0.48551915887770647,0.4940286446776871,1.5233421122355156e-05,4.498108723778162e-08,1.2837077841188056e-05,9.886852041275503e-06,0.02041419411251416,1
0.5201240299166632,0.34061749771804106,1.2973683757314703e-05,1.3896488384369355e-07,1.3016918497663498e-05,9.14059862828121e-06,0.13922320219952874,0
0.6561831753566443,0.32913568754061084,1.590652376768406e-05,2.1193553480753377e-07,1.5712399380858427e-05,1.1917435051926563e-05,0.014637388809009602,0
0.6900577068086988,0.30677822669917504,2.0594154349641646e-05,2.2486495850625436e-07,1.8300322753930825e-05,1.1860905751483101e-05,0.0031130862443127963,0
0.7479120917104369,0.25203092552766065,1.2789733044281642e-05,1.6877759114243188e-07,2.2139220371305587e-05,8.588428044160358e-06,1.3296602851479079e-05,0
0.5389295948265265,0.4552329831437866,1.712648387074103e-05,1.1661145565217717e-07,0.005803097949079663,1.0370187939110156e-05,6.710797341717256e-06,1
0.40392774784159025,0.5877024224253795,3.6543407445047976e-05,2.9271538889418117e-07,0.008267060948729905,5.230143089006826e-05,1.3631230576348102e-05,1
0.06828164316194171,0.931668200346133,1.884015067972566e-05,1.2012443563696853e-07,1.1331561164064963e-05,1.1338280465122691e-05,8.526375180799054e-06,1
0.0992612362549653,0.9006667034620963,2.659458032465407e-05,1.5770912729337694e-07,2.4454188555348378e-05,1.4563748856511831e-05,6.29005607447275e-06,1
0.0986656207589375,0.901269159656692,2.4470891999493933e-05,1.4511539472397625e-07,2.2363514822071847e-05,1.2452293330918292e-05,5.7877688232023485e-06,1
0.09184169363857485,0.9080948192298175,2.401355075283127e-05,1.4057443156096263e-07,2.1663713831310674e-05,1.206263511844335e-05,5.606657473354239e-06,1
0.07128677397977977,0.9286587921766976,1.9788041765149296e-05,1.2670265441660035e-07,1.8593398759272763e-05,1.0872303531975308e-05,5.053396811856099e-06,1
0.05896675776515958,0.9409893922155701,1.8212823584306738e-05,2.174706136965539e-07,1.076178295455261e-05,1.0006818690450008e-05,4.651123427378659e-06,1
0.07042559393595074,0.9295291326436975,1.911796026459725e-05,2.308569419850345e-07,1.1049226546788133e-05,1.1553379803086269e-05,3.3219967950327578e-06,1
0.09482118576491771,0.90511628672889,2.582872241069139e-05,3.1189205273924435e-07,1.4927712024714006e-05,1.6971099810516332e-05,4.48807989349146e-06,1
0.0908566227038712,0.9090821149231116,2.5595306612308722e-05,2.169930457587633e-07,1.555755562722766e-05,1.5518927715039812e-05,4.373590016864108e-06,1
0.36996772393062577,0.6299803258250622,2.149567220409979e-05,1.7001872099264347e-07,1.312440358723306e-05,1.1411305266566382e-05,5.748844533108159e-06,1
0.2930113906420282,0.7069236563767256,2.3886709867403545e-05,2.0762321019239551e-07,1.799609966561592e-05,1.513692027069269e-05,7.725628232492115e-06,1
0.6470769153155712,0.3528499281111421,2.611402422905367e-05,2.466635599446941e-07,1.5438546761349873e-05,1.718405069776454e-05,1.4173288038774049e-05,1
0.35509277412990947,0.6448345990526823,3.6787184924856175e-05,1.866584613568932e-07,1.404807955177932e-05,1.5590005893346895e-05,6.014888576916808e-06,1
0.3150568239482412,0.6848646590230819,4.326492588970056e-05,1.7657131261817515e-07,1.4326346282337394e-05,1.4747511494001123e-05,6.001673698107703e-06,1
0.32320241247591364,0.676721832939127,4.192083304268258e-05,1.7108584758158383e-07,1.3881275843268955e-05,1.3966167943601296e-05,5.81522228228122e-06,1
0.43677961535241067,0.5631000341112345,8.639759274837167e-05,1.7359526184304264e-07,1.4084880478373165e-05,1.3793950383158652e-05,5.900517483111614e-06,1
0.2978823001427438,0.7020406762907457,3.552791011405249e-05,2.0471235283558966e-07,1.762156990926706e-05,1.6711184123328776e-05,6.958190011012222e-06,1
0.3225798865269011,0.6773467458840629,3.410911515058365e-05,1.9653723490068725e-07,1.6337790893170992e-05,1.6043828689483505e-05,6.680317067999496e-06,1
0.26708141683363396,0.7328591960079249,2.509979409848748e-05,1.755775836801762e-07,1.5113658860661203e-05,1.3030231129977676e-05,5.967896768312015e-06,1
0.29686691705602536,0.7030642358568837,2.784466910702756e-05,2.0978206031127852e-07,1.8057968609516152e-05,1.5604157521591963e-05,7.130509792537195e-06,1
0.4111573751738346,0.5887750587673036,2.7015714896158786e-05,2.0822991131213596e-07,1.824662242802158e-05,1.5178945259665723e-05,6.916546366499207e-06,0
0.41913207582442324,0.5808016685262076,2.6238909987613164e-05,2.2095182961278661e-07,1.799952051866905e-05,1.4973386868220034e-05,6.822880164985518e-06,0
0.5759006109576222,0.4240428976800203,2.1627302579094472e-05,1.8817507990632438e-07,1.3035742692810932e-05,1.4280340775666468e-05,7.359801230047054e-06,1
0.5078408313922771,0.4920550346091794,3.564481102119842e-05,1.9046956686249852e-07,1.7391736434814097e-05,1.6812661905035296e-05,3.409431961574121e-05,1
0.5688857830195201,0.4309784900122783,4.0354423164048826e-05,2.1563558007001982e-07,2.122676416846816e-05,1.9034054427343875e-05,5.489609086158415e-05,1
0.7321840394138919,0.2677255420994528,4.2641761630536085e-05,2.1487360538490055e-07,1.8052447248471527e-05,1.6660581011704432e-05,1.2848823159033994e-05,0
0.7421600497342459,0.25775216418869684,4.283910045077507e-05,2.1586800388453448e-07,1.8996553153490795e-05,1.6489666119560414e-05,9.244889329432684e-06,0
0.6898649725614727,0.31004967494629554,4.3984728664269145e-05,2.216408719662287e-07,1.7483987432831097e-05,1.4170013710063097e-05,9.492121552681591e-06,0
0.5861745006140197,0.4136859723403932,7.0722326281444e-05,3.0590471628512e-07,2.8876380037754724e-05,2.4392271158880607e-05,1.5230163392638691e-05,0
0.45894291063801423,0.5409964496775966,1.655473848482797e-05,2.0284791923387627e-07,1.485878662364562e-05,1.3971093572259845e-05,1.5052217789188677e-05,0
0.49979670408232235,0.5001367128115721,2.3241984684336e-05,1.9587492769005323e-07,1.4648929875697913e-05,1.458902552685557e-05,1.3907291090827396e-05,0
0.47241445419319383,0.527505235384433,3.176070839039657e-05,2.575272677375594e-07,1.3087433133329301e-05,1.6920092453923478e-05,1.8284661127834356e-05,0
0.8234481464172263,0.1764921488595381,1.550118439721524e-05,1.6212231280682521e-07,1.6140156849165137e-05,9.387883178385009e-06,1.8513376498360012e-05,0
0.8192217874519715,0.08231841203162098,1.55201067291281e-05,1.3814483000921473e-07,8.113268589560296e-06,1.1659407133177824e-05,0.09842436958912545,0
0.8872808771194897,0.10212825899851152,2.103518919794825e-05,1.8238985661018585e-07,1.215252932447765e-05,1.5310508628371345e-05,0.010542183264991518,0
0.4033828487318802,0.029049838983382023,2.22914828222692e-05,1.799180397161589e-07,1.1241998699102761e-05,1.676125978485512e-05,0.567516837625392,0
0.5123608284052107,0.039347740415412356,3.0193608992704844e-05,2.621360891375639e-07,1.4706849409788555e-05,2.270297261981543e-05,0.4482235656122655,0
0.9312018400938624,0.06483314911676641,1.664793648110873e-05,1.5809026957129432e-07,1.005143235877448e-05,1.4464932884122924e-05,0.003923688397377555,0
0.9154857353376232,0.07670819449495302,2.081572105026889e-05,1.6535802878672424e-07,1.3177835523767055e-05,1.4225496859716216e-05,0.007757685755961016,0
0.927414150620077,0.06869920500773337,1.84898882647254e-05,1.3764723487011805e-07,1.2231098478538077e-05,1.3689529942158641e-05,0.0038420962082694604,0
0.9112393030003448,0.0865574698999335,1.6433436377466636e-05,1.3746100317430292e-07,1.1998823265780644e-05,1.3671008506704847e-05,0.002160986370568847,0
0.9525165775161246,0.04220623544484137,1.3686013050975354e-05,1.1086071124098459e-07,5.6146910353797846e-06,7.287744660703183e-06,0.005250487729575716,0
0.9436626185519342,0.050300955688491814,1.371607715143258e-05,1.6323430336721928e-07,7.585302530320651e-06,9.193973542813226e-06,0.00600576717204614,0
0.7340604876066331,0.2611851683038536,3.431079630306718e-05,3.4591995755516325e-07,1.77989294112971e-05,2.2482192013688945e-05,0.004679406251827859,1
0.9436039897886539,0.05066414260470556,1.5592576029431743e-05,1.6084529314124268e-07,7.406426238182465e-06,7.839796730195414e-06,0.005700867962349413,0
0.9587756153042596,0.04033152020658332,1.0247696564988793e-05,7.601781488272796e-08,5.980615432560778e-06,6.360441855198137e-06,0.0008701997174894793,0
0.9497105500490748,0.049453782906589534,1.0619234697105332e-05,1.35445417976896e-07,6.056750630542817e-06,6.4111478683396804e-06,0.0008124444657216862,0
0.5691458913979782,0.4294099357181763,3.257289128835321e-05,2.647875694130801e-07,1.6543349019646108e-05,1.9894901736925916e-05,0.0013748969542311405,1
0.5627091249066799,0.43571887002838333,3.3051455509481546e-05,2.686778552277123e-07,1.7540987431964074e-05,2.0187199650238916e-05,0.0015009567444897393,1
0.4126909289253111,0.5835471141950321,5.314008752643806e-05,3.755663651759511e-07,2.312972004920713e-05,2.530764426181621e-05,0.0036600038614538113,1
0.8453113869438772,0.15464806317113,1.4988027499674083e-05,1.4232762783869332e-07,1.114537451426389e-05,1.1019554414543345e-05,3.2546009365467133e-06,0
0.8450635387196019,0.15489333759024115,1.7310357734592256e-05,1.5096457071434638e-07,1.1251848564633502e-05,1.1124826479675224e-05,3.2856928073140324e-06,0
0.8362268855784843,0.16372702812000858,1.901615518182705e-05,1.507257331642187e-07,1.1803012321375352e-05,1.1669768150407595e-05,3.4466401201734516e-06,0
0.6698994583059044,0.33005589737099433,1.6392107468452118e-05,1.4471164667158147e-07,1.2784275875243148e-05,1.1763735821391521e-05,3.559492289426259e-06,0
0.27464381930123305,0.7252978078570527,2.127499519312174e-05,1.840552141855411e-07,1.674355121789154e-05,1.5498268046650444e-05,4.671972042532763e-06,1
0.30102254604406375,0.6989239647707141,1.9405589652696585e-05,1.6788252723453164e-07,1.630325693681068e-05,1.3297825866247512e-05,4.314630239497855e-06,1
0.28185145636777137,0.7180918931835855,2.0323068286865256e-05,1.7581986047431385e-07,1.7272771671223252e-05,1.4415859174274567e-05,4.462929650175238e-06,1
0.23397490128934803,0.7659387110941043,2.6899321520223254e-05,1.8463382606499886e-07,3.72372148359097e-05,1.737978710794277e-05,4.686659257650607e-06,1
0.13078730472567135,0.8637082621612462,1.9952129524043832e-05,1.7695190233852492e-07,0.005462254112603802,1.751585229426673e-05,4.534066758029808e-06,1
0.10907482970346642,0.8873461958028612,2.070730316081231e-05,1.8364940354816024e-07,0.0035351990486064255,1.8178814604240742e-05,4.7056778975267845e-06,1
0.12376606840620732,0.8689461321421926,2.029483885789691e-05,1.808391679843257e-07,0.007243633283696225,1.5754364661605168e-05,7.93612521629258e-06,1
0.15433538599487123,0.8440576871271436,2.7705776655700492e-05,2.0745609105499823e-07,0.0015577194206182008,1.5199714327522492e-05,6.0945102928629355e-06,1
0.09617220509551606,0.9027057798554783,2.5086571184323116e-05,1.7751027631082724e-07,0.0010764749180816146,1.5511867820439012e-05,4.764181643123153e-06,1
0.08750949442457565,0.9107239948771316,2.5063467801082116e-05,1.8572528848256988e-07,0.0017200470988366827,1.622974278294673e-05,4.984663583662291e-06,1
0.14070206543059022,0.8582631905486127,0.00012020135030235959,2.113919568272087e-07,0.00064993578499261,0.0002587219646589666,5.673528886049293e-06,0
0.17574666815259712,0.8215686464648667,0.0001933253195039475,1.873389323926026e-07,0.002002358066157596,0.0004838339488899242,4.980709052323894e-06,1
0.16271863163748168,0.8332854362492311,0.0002321001432378878,1.9181803559174097e-07,0.003318705844470261,0.00044080894476902457,4.125362774232535e-06,1
0.3699115701412865,0.6152462710034288,0.0003033452924624279,3.0529968135868004e-07,0.013715087829218606,0.0008157376607556323,7.682773166767595e-06,0
0.3816342871911435,0.6027146943965987,0.00025532700759884014,2.902880317845762e-07,0.014009298056516205,0.001377668917643225,8.434142467653657e-06,0
0.048975965347101406,0.8841872010423141,0.010507236415453402,2.4824954836035653e-07,0.05428957933301657,0.0020321288632120546,7.640749354228157e-06,1
0.06493546336931344,0.8512205149877099,0.012281914870109422,1.860328503602167e-07,0.07062767717038282,0.0008384217264517801,9.582184318222916e-05,1
0.041865703945351856,0.7967662173948697,0.05261655389145188,1.8283059737745935e-07,0.10720208308885124,0.0015088417757829244,4.0417073094901974e-05,1
0.0017819153133366934,0.11811366212013114,0.0014929461030912953,2.19589299980755e-08,0.8784459630837554,0.00016276518029819807,2.726240457125753e-06,4
0.0019231512787153996,0.10604998298557253,0.0009885351070449148,1.740885703096837e-08,0.8909103266934593,0.00012335495640364183,4.6315699472787765e-06,4
0.03235106192910803,0.9066178240022411,0.0010003464586230558,1.8508318061734086e-07,0.05966013156743386,0.00036561716497421706,4.833794439133452e-06,1
0.018954062150321273,0.39155246583189457,0.0017140338484149503,8.810485105707147e-08,0.5874146301802081,0.0003582135745178936,6.506309792260711e-06,1
0.026786690485154224,0.5425487702557079,0.0016625132961799274,1.0727595279900223e-07,0.4286092864915138,0.0003828389256043025,9.793269887051576e-06,1
0.05858500436012259,0.9162271749000955,0.0017448320083072737,1.7639935040343014e-07,0.02237804726266661,0.0010601668998450654,4.598169612763428e-06,1
0.051595664479925786,0.9317184526794752,0.0024144098143678338,1.5018331441487514e-07,0.012723442922230519,0.0015440133699304657,3.8665507556241055e-06,1
0.03751926534323507,0.9479104000342621,0.0023974769263928647,1.2068615207981369e-07,0.011635104264584568,0.0005345256150352019,3.1071303382511474e-06,1
0.022212403558911274,0.9448377365809514,0.01636858977214447,1.007506401017512e-07,0.012117333182250483,0.004460952811518494,2.8833435837240702e-06,1
0.023922698642827762,0.8951793589990498,0.059384621597577895,2.5964802605920884e-179,0.016312347815916138,0.005197177453300157,3.7954913281172465e-06,1
0.15106218462703003,0.7111225676242926,0.10756990402988291,3.0326872286416875e-07,0.009184239069686326,0.021056458413556207,4.342966829227978e-06,1
0.025354711949850485,0.44419125662432346,0.48913956471785297,1.8110745693784176e-07,0.004929386086746578,0.03638238602125159,2.513492517786134e-06,2
0.032335116489751466,0.8290515076616524,0.04256314641150338,1.9418064619700938e-07,0.005028048258720111,0.09101889297681884,3.094020907808309e-06,1
0.026679778720227126,0.9087986912755982,0.022337059668547824,1.7638286834273856e-07,0.0037015570313197873,0.038479926485418925,2.810436019859318e-06,1
0.006376023839433169,0.9254962846855378,0.04804315919007309,2.1567166225102972e-07,0.005970053065688222,0.014106406296549105,7.85725105611966e-06,1
0.00017296559228938198,0.019241088713152065,0.9253257603685455,0.00067926487571883,2.656764310030988e-05,0.054533388950920386,2.0963856273646378e-05,2
0.0006958505254379676,0.08940282739494257,0.23221072754643093,0.00042805363584403293,0.00012933664974219106,0.6771236876176555,9.516629946748365e-06,1
1.5311600033264033e-07,1.6970525394939084e-05,0.0002896524417788795,0.9995703596284543,3.8953470981632705e-08,0.00012282411573970035,1.2191608622787222e-09,2
0.0006526831920895596,0.15106714253760176,0.7908885885109987,0.00018504679879521678,0.00017009302080971486,0.05702734101836999,9.104921334976296e-06,2
0.0015394026420101604,0.6571453550890263,0.24374629925173338,9.481940635378836e-05,0.00027273384953699787,0.09719538758123222,6.002180107213927e-06,1
0.001670053351827085,0.628174860534813,0.3398510048216595,0.00012498544616259115,0.0003311826687010496,0.02984087489866284,7.038278174125644e-06,1
0.0031009724630814656,0.819508006541387,0.15365063971732104,0.00031960306757292833,0.0006317682963318114,0.02278381281361165,5.197100693880823e-06,1
0.00584582898176462,0.8768679590607711,0.09538727255865752,0.00048470554364110196,0.0007793172364605055,0.020629501722759375,5.414895945704261e-06,1
0.0037603287367734186,0.8179511535617681,0.15596692822254024,0.0006145780462053058,0.0007281557899764632,0.020975373573255122,3.4820694815475067e-06,1
0.0008017220803300573,0.8997100241385702,0.06413667472611594,3.1350329663558655e-05,0.0003795974829697629,0.03493746321507477,3.1680272754952758e-06,1
0.0013265804314874993,0.7835853704385088,0.11524989406971882,0.0002682657501832264,0.0005042205343030597,0.09906081879086649,4.849984932008302e-06,1
0.9376617447349221,0.05300597271196684,9.588773031526564e-06,1.3644457687332083e-07,1.0874541521180222e-05,6.040304294441528e-06,0.00930564248968671,0
0.9151141575416843,0.08092084567935924,9.50303621580508e-06,1.9992687949488802e-07,1.251152953160476e-05,6.740563894448909e-06,0.00393604172243542,0
0.8001064048263565,0.19885438335303446,8.616066781127903e-06,1.7783994290272665e-07,1.1461487964160998e-05,6.111430845695372e-06,0.001012844995075209,0
0.7949190882779789,0.20404110337495818,8.621012559901576e-06,1.7794202625897988e-07,1.146806706635784e-05,6.114938917965612e-06,0.0010134263864925352,0
0.7817363136613934,0.2171394686950153,8.868178204164242e-06,1.6256108859473987e-07,1.0276980568848768e-05,5.58637635017189e-06,0.0010993235473793796,0
0.8531882227339598,0.14515640362483578,7.0054860614769704e-06,1.7002574276539976e-07,1.0187094527676838e-05,5.8882841389546534e-06,0.0016321227507335272,0
0.7999073043539804,0.19504047378826395,9.409836576112111e-06,2.123158668894413e-07,1.2409065642698724e-05,7.465028432527536e-06,0.005022725611237459,0
0.8211873857160426,0.16126723676136911,9.562755351203595e-06,2.1576620123208448e-07,1.23561302176038e-05,7.5863422294985825e-06,0.017515656528589052,0
0.9142833283939776,0.06137965224895233,6.814145556152528e-06,1.5374881478155446e-07,8.397725480153263e-06,5.405810176256744e-06,0.02431624792704292,0
0.8514023440149664,0.11767565059670847,8.628495437388749e-06,2.094167817644023e-07,1.3950845073286666e-05,7.252463623674256e-06,0.030891964167408803,0
0.9284651775916424,0.002320175493393341,1.369541958762048e-05,2.05354176753018e-07,1.4076286601542685e-05,7.111768619127923e-06,0.06917955808597932,0
0.9821472204583247,0.002024246071914072,2.4854153550432206e-05,2.1158720816141318e-07,1.3323960375945677e-05,7.439408782889332e-06,0.015782704359843833,0
0.9755324695414189,0.0019430926083338614,1.906918951827381e-05,1.7710557871609195e-07,1.298420419151123e-05,8.353071460195982e-06,0.02248385427949847,0
0.9805317640739308,0.0019954941943956966,1.81568617141045e-05,2.1005943300457146e-07,1.6387856342918967e-05,9.683240555888521e-06,0.0174283037136278,0
0.9825952215463936,0.001872260080734197,1.605171022319166e-05,2.1147577467972688e-07,1.8166094765504622e-05,9.604470437470429e-06,0.015488484621671501,0
0.9905703571452116,0.0019283892758992804,1.538931811076681e-05,2.0274898587223918e-07,1.652732889804321e-05,9.2081310210881e-06,0.00745992605187338,0
0.9916798053404253,0.0018233282396890476,1.908077159954812e-05,2.026947865251681e-07,1.6522910772688606e-05,9.205669481332719e-06,0.006451854373245397,0
0.9896421245049268,0.0022967318481409314,2.0576254663993348e-05,3.1407238427288637e-08,1.781791779622431e-05,9.927177138105855e-06,0.008012790890095578,0
0.992959345465584,0.002385587703834996,1.73698465473045e-05,1.766052151303109e-08,1.434976965098941e-05,5.8840432312460585e-06,0.004617445510629853,0
0.9912442955882572,0.004507714524391592,1.73398451647442e-05,1.7630018073597477e-08,1.4259547206960881e-05,5.873880249581183e-06,0.00421049898471157,0
0.9864869971106053,0.00850304924128443,1.1940092602761787e-05,1.095165730353181e-07,1.1525512412925216e-05,6.76576778236845e-06,0.004979612758739187,0
0.9387908749846112,0.024500135618456834,1.2780557021140306e-05,1.9928664880639662e-07,1.4235480550510927e-05,8.007584904846397e-06,0.0366737664878066,0
0.9505520835333487,0.024807074269182158,1.2940672335956428e-05,2.0178331968384786e-07,1.3974099473684354e-05,7.783718160164175e-06,0.0246059419241798,0
0.9495813810148921,0.025243143476603874,1.3457101701023667e-05,1.9507603477752437e-07,1.4531770291028942e-05,8.431470104617195e-06,0.02513886009037261,0
0.804626589661819,0.18547783093049863,1.9418240029427703e-05,2.599396785324254e-07,1.503250190720429e-05,1.1611199747526626e-05,0.009849257526319802,0
0.7848376934701945,0.20924151274385555,1.8622671113589037e-05,2.156777568053025e-07,1.5101932701825626e-05,1.1336877095447096e-05,0.0058755166272820075,0
0.5291971243954673,0.45763740561363203,1.4231678643632452e-05,4.4485085302852946e-08,1.6266833799143644e-05,9.775376412251016e-06,0.013125151616960389,1
0.5831091578727768,0.30948228416866186,1.3006123521961423e-05,1.4215705218881388e-07,1.473660009733416e-05,9.066747993683718e-06,0.10737160632989626,0
0.6503896906672627,0.267161362697642,1.458857524735535e-05,1.3068340757362416e-07,1.2385926785276299e-05,9.221733814252427e-06,0.08241261971584112,0
0.7283085361636042,0.2483126781106108,8.028808005354609e-06,1.8390348133513234e-07,1.3504625541508544e-05,1.0341153014405779e-05,0.0233467272357424,0
0.7116669750902311,0.2869477455632413,1.9904634377746112e-05,2.3164666260358628e-07,1.8206761643242055e-05,1.2319110754076949e-05,0.001334617193089757,0
0.7116654475041813,0.28817796566792153,1.749607208702527e-05,2.3164616537634e-07,1.936137986699639e-05,1.3225122723376025e-05,0.00010627260705453258,0
0.7953101085637319,0.20465643262428942,6.7376559498277435e-06,1.6462838023147853e-07,7.954600106464071e-06,7.852081624746579e-06,1.074984591753143e-05,0
0.045919786041508794,0.9540371821236607,1.0400964328750974e-05,4.888658856547016e-51,2.2861050912110557e-05,5.12316980638666e-06,4.646649783345957e-06,1
0.03313873358388315,0.9668312119585485,1.0540445525529315e-05,2.1196053357679017e-198,9.404594848885383e-06,5.400453931947445e-06,4.708963262395138e-06,1
0.07423259493724753,0.9255675193004198,2.042321234717287e-05,1.211121573072558e-07,0.00016411842664388885,1.039258523603832e-05,4.830425948308419e-06,1
0.07800464455981425,0.9217849765491174,2.1746089277109294e-05,1.2730079654893025e-07,0.00017250461807167042,1.0923629866438442e-05,5.077253056687514e-06,1
0.06069146493980128,0.9392352071705818,1.7962454618186638e-05,1.150134362446247e-07,4.079397998610677e-05,9.869256448215473e-06,4.5871851281677025e-06,1
0.08589685368048515,0.9140472737747943,2.4198085307995508e-05,2.873442202572372e-07,1.1616905578921128e-05,1.5635369350169283e-05,4.134840263229376e-06,1
0.11820005505308986,0.8817286004383394,2.9796198414369862e-05,1.9908678529697976e-07,1.8663394580315982e-05,1.7632302330960522e-05,5.053526459769704e-06,1
0.37602727319892376,0.6239200951207836,2.1584030851167333e-05,1.7071758837489723e-07,1.364624470988819e-05,1.1458211801289041e-05,5.772475342153071e-06,1
0.4146682915873439,0.5852746802026235,2.338702921663366e-05,1.849782950482129e-07,1.4786168808233858e-05,1.2415360968251699e-05,6.254672744406774e-06,1
0.31341499977415505,0.6864993368506135,3.406372338848455e-05,2.1828954425945373e-07,1.742960155279209e-05,1.7867263124217646e-05,1.608449762173006e-05,1
0.3579438488105411,0.6419792402886934,3.132695526231499e-05,2.007515945705095e-07,1.4592453787479256e-05,1.6431760737629628e-05,1.4358979383409484e-05,1
0.2407147390586435,0.7592278278886583,2.308383737463875e-05,1.7708987986752386e-07,1.5243836803612536e-05,1.290898879806256e-05,6.019299842326535e-06,1
0.27677359491793185,0.7231667368465916,2.3982215457040652e-05,1.8398187378110766e-07,1.5837097302455018e-05,1.341138155078973e-05,6.253559292433928e-06,1
0.43372117440608965,0.5662091764067587,2.832285701906154e-05,2.2700989875908416e-07,1.8493032340197717e-05,1.545716781068484e-05,7.149120082843504e-06,0
0.3958195429130241,0.6041068897203165,3.321734614737778e-05,1.893729416981212e-07,1.5551843900606473e-05,1.71728032071712e-05,7.436000462692597e-06,1
0.4128023628761777,0.58711222978417,3.696013845491348e-05,1.974980750633998e-07,1.6219102932627288e-05,1.7909610245509213e-05,1.4120989944077082e-05,1
0.48814794379655035,0.5117041674933868,3.776681472803845e-05,2.018085841091342e-07,1.9865660484536326e-05,1.7813551792293105e-05,7.224087447403986e-05,1
0.5566367888730459,0.44323127372842286,4.1184537431195376e-05,2.1217471938113951e-07,1.743350044996845e-05,1.7081850127507786e-05,5.602533580332259e-05,1
0.7389698594492602,0.26089535695120153,4.7449287036828346e-05,2.2248089502419783e-07,1.8691568068691677e-05,1.774093653069757e-05,5.067932700695336e-05,0
0.573298073128441,0.42657728916433885,5.0296238454591035e-05,3.0023798593159435e-07,2.493978125219198e-05,2.394139529121166e-05,2.5160054236115768e-05,0
0.32654411373428543,0.6733330031756584,3.8859813863191353e-05,2.0238775608069044e-07,1.9697975683978778e-05,1.6072783529845986e-05,4.8050129223115785e-05,0
0.3548387017131487,0.6450349447870006,3.995727551210099e-05,2.081035014337021e-07,2.0254277187388652e-05,1.6526703962335257e-05,4.940713968727221e-05,0
0.5217160419273452,0.47819540208434913,3.119349306527994e-05,2.625809614183261e-07,1.862487955283861e-05,1.8534435769373256e-05,1.994059895661551e-05,0
0.7771928507083952,0.22275477876126074,1.7304227459972643e-05,1.6746080468670197e-07,1.4254902378298525e-05,1.1002533139888437e-05,9.64140656118179e-06,0
0.7720361448690516,0.22790471148569452,1.7761674259200188e-05,1.7269738920889183e-07,1.7656383827306213e-05,1.0910749886213049e-05,1.2642139892049476e-05,0
0.7935568055808987,0.20639055201788464,1.6873281978398323e-05,1.7647267646665074e-07,1.6499980692531217e-05,9.870198994434053e-06,9.222466874765598e-06,0
0.0567213416787623,0.0012794688269531398,5.3435060273004025e-06,3.728870239658424e-08,2.920051106314829e-06,3.5610234888574946e-06,0.9419873276249596,6
0.3425834314419179,0.028446112015909363,2.6874223008313073e-05,2.1256004372233627e-07,1.520695004188133e-05,1.9006268569609915e-05,0.6289091565405092,0
0.9412957633577457,0.05558175956709032,1.6885691971722027e-05,1.415908834848346e-07,1.2581524366983027e-05,1.408174047834163e-05,0.0030787865274634037,0
0.926140292564815,0.03262421904285858,3.591728244727991e-05,2.740602476490079e-07,2.3608500173449718e-05,2.609640311996057e-05,0.04114959214633798,0
0.9563097261898765,0.038577232524195385,1.2234631977993798e-05,9.694399708895462e-08,4.846212677437802e-06,7.291132639948945e-06,0.005088572364635439,0
0.953787159741932,0.04077020245798052,1.3889791082115815e-05,1.1776932090578899e-07,5.560088756910171e-06,7.899892053288276e-06,0.005415170258874406,0
0.9465791146177059,0.048340968602731044,1.4097992164508141e-05,1.4515622616333504e-07,6.9934554849714866e-06,9.736988451095659e-06,0.005048943187236184,0
0.70923175569283,0.2846621452709106,4.072148417386661e-05,2.5288759095331666e-07,2.0867639841342495e-05,2.550716750618682e-05,0.006018749857147003,1
0.6398342846218877,0.3544340437499719,3.564731175897807e-05,2.884211838603907e-07,1.8479990552450194e-05,2.2328801875179295e-05,0.005654927102769933,0
0.5921408080049866,0.4061687896934277,4.265993240605984e-05,3.701402877795177e-07,1.9117398784983236e-05,2.174831496956061e-05,0.0016065065151374036,1
0.49616420601376127,0.5022567739684681,4.039883679192439e-05,3.5182312088083684e-07,1.9262318550546584e-05,2.083361715897319e-05,0.0014981734221483124,1
0.4813076127276865,0.5173987044666732,3.547871898762928e-05,3.4315799996883544e-07,2.604271356212025e-05,2.211389423733588e-05,0.0012097043208530605,0
0.9077783231182633,0.09175202799825459,1.2657386526115605e-05,1.6297895053116613e-07,9.106221476195652e-06,8.629274432315951e-06,0.00043909302209691186,0
0.8824038439574847,0.11753428293114256,1.4967255255041878e-05,1.3173838653659175e-07,9.586529056701327e-06,8.91949063167054e-06,2.8268098042820137e-05,0
0.8822238247096401,0.11773510336668047,1.2202724322585017e-05,1.228738099652996e-07,8.473171080527339e-06,9.802304900705404e-06,1.0470849565351653e-05,0
0.6072145816737904,0.39273213830343306,2.0280392349131024e-05,1.8475118190030976e-07,1.6051112273938037e-05,1.3353228001378418e-05,3.410538970162784e-06,0
0.34169333616484654,0.6582423296676381,2.3922484553764357e-05,2.0695929556857984e-07,1.7616487651225765e-05,1.7334877412006827e-05,5.25335860283733e-06,0
0.26334816154290774,0.736583235761748,2.6308391625687154e-05,1.799377620921718e-07,2.060916801423926e-05,1.6937741390576326e-05,4.567456551614384e-06,1
0.3328236797806654,0.6671139423374921,2.337147504075949e-05,1.6952891603512764e-07,2.0888680528751902e-05,1.3644954117436752e-05,4.303243239382352e-06,1
0.13793278787614296,0.8579122640028201,2.0020426548413403e-05,1.7755761654921568e-07,0.004112624739968988,1.7575809833613777e-05,4.5495870696583615e-06,1
0.11368451731646313,0.8805180496099893,2.0578511723915556e-05,1.82917622406918e-07,0.005755523896959441,1.6460819888804454e-05,4.6869273528713674e-06,1
0.1358766357746593,0.8466458796367661,2.0313034004296676e-05,1.9774561014114323e-07,0.01743890101099874,1.2889125253075986e-05,5.183672708269322e-06,1
0.4597551149359982,0.468455743375649,0.0005065544224806516,2.9470182998998223e-07,0.06975573856484477,0.0015184117563413716,8.142242855949654e-06,0
0.3293862320261693,0.6330299096252037,0.0002216222152992984,2.6180223864710696e-07,0.03712070353960464,0.00022979064220461239,1.1480149279863026e-05,0
0.1580601216760054,0.8393693468880127,2.776092317209693e-05,2.078690186862672e-07,0.0025212080446063594,1.5524576386238596e-05,5.83002279836675e-06,1
0.09125158217757623,0.9076930881725526,2.522082900256279e-05,1.7846027231616037e-07,0.0010095457981699602,1.5594883929539478e-05,4.789678496734735e-06,1
0.09772782454344235,0.8986405082242265,0.00029046891440645274,2.05189784279623e-07,0.0028176975992853025,0.0005178402259826534,5.455302872465073e-06,1
0.09438729365878912,0.9020224736913571,0.00027744704735192214,2.075009780203658e-07,0.0028261583994827594,0.000481957051760492,4.462650280518867e-06,1
0.09561290291115082,0.901720138722468,0.0002805045434041598,2.0539572360243262e-07,0.001982160168614352,0.00039967088532184874,4.4173733169672485e-06,1
0.08984803857512828,0.9071535486748573,0.0002453301078101059,1.8433690306437348e-07,0.0023998949920608177,0.00034903884454265757,3.9644686980196584e-06,1
0.19414226158854325,0.8003831820805626,0.00024265877067564728,1.8424410535532373e-07,0.00477826758337584,0.0004494832598065821,3.962472930451364e-06,1
0.19425030014332345,0.7989528901760711,0.00034351156091601216,2.499614127615288e-07,0.005904349321862048,0.0005440286398634381,4.67019655137175e-06,1
0.44664846463717095,0.5388718443041317,0.00021110121299772902,2.919162269252136e-07,0.01380749985800995,0.0004544623250924454,6.335746370263444e-06,1
0.21074232779897373,0.7788028372387493,0.0028264873059806544,2.1263808798446248e-07,0.007019034681699641,0.0006034027646432935,5.697571865120921e-06,1
0.04238648069767701,0.9385344258791202,0.006039164782212266,2.1260044801637777e-07,0.012117206349349501,0.0009172133461080341,5.2963450849945396e-06,1
0.042598323419675545,0.9327123620469738,0.004403656925345618,2.065559814830953e-07,0.01900800919601455,0.0012726332920889474,4.8085639199463155e-06,1
0.05607811765586878,0.8729822906831322,0.005032311948054205,2.528440913123422e-07,0.061918045365316046,0.003981199341031368,7.782162506136088e-06,1
0.05220361489701614,0.7984553353793422,0.005733507437530575,2.242175610597391e-07,0.14192772094183942,0.001672696045938521,6.9010807721066415e-06,1
0.06257367464582267,0.8999637834803393,0.005088056636857243,2.744187729446188e-07,0.030588947514531003,0.0017803711426579972,4.892161018627655e-06,1
0.05949813746499438,0.9080506916159397,0.00483797531346705,2.6093091013193355e-07,0.026133352309034272,0.0014749306575609826,4.651708093455028e-06,1
0.08816370421878617,0.3988521110775976,0.002628675212530726,1.6695226682630228e-07,0.5059524459242177,0.004399920297190259,2.976317410704227e-06,1
0.046963331791196716,0.8424089122281929,0.021776546720919682,1.8250788576964102e-07,0.0873878948988354,0.0014179278623057494,4.520399066378777e-05,1
0.031162484375322923,0.7951511140226118,0.01968975233075757,2.2843969130672464e-177,0.15293759793092485,0.0010160069196689023,4.304442071368082e-05,1
0.002766339649161173,0.10181087095817759,0.0006903080306970683,1.189223938314296e-08,0.8945991758482739,0.00012637525651539337,6.918364935773708e-06,4
0.06750145272296892,0.8566996546181554,0.0017796864960168354,1.6286448914658013e-07,0.07378499528883131,0.00022913703404286661,4.910975495322913e-06,4
0.031467679487643146,0.9225447163381244,0.000986862464055181,1.7963817548395665e-07,0.04468218070777209,0.0003136897763132382,4.691587916385054e-06,1
0.03986530812615061,0.9195165193331675,0.0010576978318136744,1.8771640874771564e-07,0.03916134783285756,0.00039403659347089727,4.902566131143065e-06,1
0.024441659476903112,0.3158118544451192,0.0013338316066099888,7.367712916346616e-08,0.6581069031896756,0.00030023674380224777,5.44086076067933e-06,1
0.048737911295616915,0.8713366273860055,0.0006555952715372413,1.9086496171115494e-07,0.07913364551528046,0.00013118483908847907,4.8448275098291296e-06,1
0.03798635649165372,0.8825359510879327,0.0007560930782214197,2.1353696426247043e-07,0.07857007123160195,0.0001465377818867895,4.77679173919737e-06,4
0.0591113630543052,0.9252600852230322,0.001861784085928535,1.7476131326587658e-07,0.012561723643701938,0.001200313760520641,4.555471198210024e-06,1
0.04668571246105556,0.9370279827149928,0.003178391047005692,1.4603883745565398e-07,0.012357271308976656,0.0007467365801800006,3.7598489520264347e-06,1
0.10776434613488592,0.8168850627936018,0.03264550665043287,1.7154917636291855e-07,0.04131765258176347,0.00138373779565872,3.522494480487919e-06,1
0.033759925450136036,0.8639042261714268,0.04669105768987374,1.8065823771120099e-07,0.05462548954287757,0.0010154109526159909,3.709534832426831e-06,1
0.0343729243561464,0.8541060870381753,0.04147339949182853,1.8393855603543122e-07,0.06887408919830007,0.0011695390859464921,3.7768910473403883e-06,1
0.03329067398431231,0.915308058533698,0.028413506314386987,2.1627842402146268e-07,0.018167234667947608,0.0048167496826789285,3.5605385520241287e-06,1
0.03352824501946487,0.9206969878069944,0.027795351384656254,1.3906717450139875e-07,0.013686085764443903,0.004289605009771232,3.58594749477799e-06,1
0.03161839773801474,0.9182179169325415,0.027173883446870384,2.0541420207004757e-07,0.017988987985208975,0.004997226799626819,3.3816835355296423e-06,1
0.029028383873819646,0.9187455258318601,0.030067517576199312,0.0,0.017088310720906687,0.0050670608010499945,3.2011961643093136e-06,1
0.040070208086234814,0.8925516948960108,0.042407876937972024,3.1803927026090733e-07,0.020406322073609928,0.00455953513092629,4.0448359761739804e-06,1
0.06637787722565441,0.549784815261924,0.32885017020772744,2.601193752257811e-07,0.010192067008668329,0.04478406438505016,1.0745791600534483e-05,1
0.012701442526125655,0.05108426414632054,0.9296097200356466,3.0231075071635716e-08,0.0013873625302545166,0.0052167476057610575,4.3292481667098645e-07,2
0.014495975952137448,0.32498730761002464,0.6290019699025138,1.072861595066045e-07,0.0022969099517574244,0.029216019829305516,1.709468101651646e-06,2
0.012712681846999346,0.8654902054796914,0.08092129267347624,1.4337544578454298e-07,0.0029344546456416425,0.03793893747390109,2.2845048443893003e-06,1
0.013455959737919368,0.8890867447130172,0.05200801644489469,1.512903239445925e-07,0.005413403896068332,0.04003331329944452,2.4106183319564547e-06,1
0.005323805494114677,0.9386198494899081,0.022723536811203746,1.55896671302892e-07,0.002218796576937511,0.031110811142140902,3.04458902376624e-06,1
0.005847275377685775,0.9576091852352377,0.010218072371951164,1.5155136559457047e-07,0.0019436555410444816,0.024378553738229634,3.1061844856673094e-06,1
0.011176578757537352,0.9267335832719313,0.017662752817439533,3.5502730471687254e-211,0.0023124557331545277,0.042108632941478055,5.996478459022523e-06,1
0.00010664876478246893,0.03911536528053221,0.9323514365362375,3.5701076191350005e-05,1.8679121988366245e-05,0.0283586074877706,1.3561732497370037e-05,2
0.0002256898439114925,0.09001874466361347,0.1587798446809423,0.017077340286160075,7.567794575469416e-05,0.7338204604193501,2.2421602679206205e-06,1
0.0004582708333821621,0.3553466844463758,0.1930156430295066,0.0037904509486006857,7.21941373389901e-05,0.4473045401427409,1.2216462054786947e-05,1
0.001659143314926271,0.19970540227421243,0.45128359499205606,0.000620365308746681,0.00017188234580224772,0.3464970014266546,6.261033760182064e-05,1
0.00043024486605748005,0.12868859578713146,0.29664280501524287,4.617802825252625e-05,7.241403414719626e-05,0.5740980641484517,2.1698120716858535e-05,1
0.0007017723209725799,0.1470725892650906,0.676846921916319,0.00018069682871225295,0.00017163728635489494,0.17501879983245303,7.582550097572824e-06,2
0.0009224264363328686,0.25058471228458074,0.7328389459845381,0.00013216966432828416,0.0001984388570845496,0.015311898489860172,1.1408283275336502e-05,2
0.0009894095809274348,0.2870842612177642,0.6933616860079693,0.00022242409590222636,0.0003090875544087072,0.01802507995861765,8.051584410282125e-06,2
0.0010651983013379137,0.645475915798211,0.27627989483598403,1.537863932861559e-20,0.00042232386852008696,0.07675216520698952,4.5019889576556026e-06,1
0.001074683565348344,0.6566395677901593,0.27794671534255116,8.746785531884148e-05,0.0005040361114854842,0.06374300018529032,4.529149846504986e-06,1
0.0012946743159473124,0.7768297404946666,0.19843416087973453,3.707144200076016e-05,0.00035619233230006395,0.02304270425578295,5.456279567694004e-06,1
0.0028386907387263688,0.813911703277304,0.16255817274544376,0.00047625348287612027,0.0004884341912336966,0.01972198803696833,4.757527447788987e-06,1
0.002439393347706605,0.7215983560905838,0.2567200339229355,0.000273562225999386,0.0007917004657079579,0.018172822117304425,4.131829762543956e-06,1
0.0009089726996512414,0.8456038255440979,0.1307616153948661,0.0005153999464444182,0.00043037186430506315,0.02177610447725984,3.7100733752991758e-06,1
0.0012571094346212849,0.8756181157297738,0.062216353952888444,0.0002887922244256856,0.0003194440769294764,0.060295628608688034,4.555972673140289e-06,1
0.002581086562446019,0.6726722965481317,0.28338404263547495,0.0001697771845591156,0.0024605216901890797,0.038728658365710635,3.6170134885702404e-06,2
0.0025584436187469275,0.49093516588922753,0.45603153503654464,0.00012346165888417552,0.0018502461714568954,0.048498031006751825,3.116618387910379e-06,2
0.9436990281591602,0.04773799355828142,8.570620836611085e-06,2.2878365208667024e-07,1.127880782665204e-05,6.079195748848143e-06,0.008536820874494049,0
0.9085162634112421,0.08915487036132891,9.970461198770122e-06,2.660292923372341e-07,1.811513715911619e-05,6.2807430521593885e-06,0.002294233856726462,0
0.9187473068333595,0.07839570208524217,1.0232395768284364e-05,1.9118246902409314e-07,2.4338177835411076e-05,6.445744820362435e-06,0.002815783580505255,0
0.7641628560877403,0.22850424710151832,1.3451046810102424e-05,2.829859587624037e-07,1.7981373059339706e-05,9.540912863188261e-06,0.007291640492049958,0
0.8608730819986935,0.13808544545170115,8.589923500576174e-06,1.907153226991344e-07,1.1426710971015627e-05,6.455416109982567e-06,0.001014809783701286,0
0.860820860561006,0.13807706904798267,8.589402427070444e-06,1.9070375371347482e-07,1.1426017815093551e-05,6.092517650149555e-06,0.0010757717493654942,0
0.8102074598672772,0.1889389175624628,8.116354806113926e-06,1.675256369250911e-07,1.0606061627469263e-05,5.756981970629435e-06,0.0008289756462189937,0
0.7765858652669742,0.222450028027016,9.085066394980053e-06,1.6653682967601474e-07,1.0528323705095196e-05,5.723001825203062e-06,0.0009386037772548463,0
0.8197674056233865,0.17922057318035425,7.413259648156829e-06,2.079663774953716e-07,1.0764586259484339e-05,6.231027914570051e-06,0.0009874043560595916,0
0.8353941205030001,0.12237364103415609,8.641664344840608e-06,2.0973639602831803e-07,1.2088307351120918e-05,6.8556206600187805e-06,0.04220444313409172,0
0.9752052866143179,0.0025250139422251794,9.719476425366799e-06,1.6567918754953092e-07,9.150268933200596e-06,5.73775545006073e-06,0.022244926263460797,0
0.982422661859036,0.0013503666789258786,1.6882729179582765e-05,1.6985245277560568e-07,9.96153578192951e-06,5.972014281743216e-06,0.016193985330341908,0
0.982479759206897,0.0019723559875873763,1.939035902178686e-05,1.8008844858222499e-07,1.3202888389374153e-05,8.493756611555423e-06,0.015506617713044492,0
0.9819219101374832,0.0018457432375080791,2.375991607483176e-05,2.1518868122933008e-07,1.7007815722422557e-05,9.919686706964829e-06,0.01618144401782309,0
0.9779451641925371,0.0019902301680421795,1.8108964707524056e-05,2.0950530541339807e-07,1.6534848153732876e-05,9.65769659108181e-06,0.02002009462466307,0
0.9910988153975292,0.0019294180500990926,1.6176891917227055e-05,2.0285715019793333e-07,1.653614604392481e-05,9.213043456425395e-06,0.0069296376138037975,0
0.9905232656931582,0.0013427236598134772,1.5581385117862932e-05,1.8361413048658027e-08,1.0060819248893609e-05,5.8034248843441955e-06,0.008102546656364113,0
0.9922473695117289,0.00245919805489652,1.735739194569336e-05,1.7647858490413658e-08,2.272946222089333e-05,5.8798242294196275e-06,0.005247448107119922,0
0.9857177667214255,0.005114790753845634,1.1930782107938674e-05,1.753172464155439e-08,9.357328897259908e-06,5.976544365379129e-06,0.009140160337633856,0
0.9826693116978451,0.00810586588758799,1.1893884677578705e-05,1.090927460365264e-07,9.024572431016147e-06,6.7395843931859e-06,0.009197055280319104,0
0.9845769329257035,0.007475665823601884,1.1916973855822651e-05,1.0930452393135561e-07,1.1503196387942575e-05,6.752667710332714e-06,0.007917119108216433,0
0.9215402952023456,0.026341769571357424,1.2597994330375932e-05,1.5929468791398894e-07,1.3621042607034277e-05,8.186672224715905e-06,0.052083370222446766,0
0.9292403307496894,0.024807534806784007,1.3432004660248237e-05,1.9170970236722332e-07,1.4560920540423903e-05,8.285972319038219e-06,0.045915663836304486,0
0.8080806893214797,0.18161706877740533,2.050700011594324e-05,2.592997026236822e-07,1.5991671668155352e-05,1.1207310489476878e-05,0.01025427661913887,0
0.7746601718608639,0.21563218294518954,2.1052450023516754e-05,2.6619661577676536e-07,1.7155322804245544e-05,1.420647044361172e-05,0.009654964754059274,0
0.7982065779445167,0.19197834482919562,1.9018730611624907e-05,2.0706049308320083e-07,1.5801598513602875e-05,1.0883919585300554e-05,0.009769165917084219,0
0.655133259673822,0.3277443714120419,1.8377146182223336e-05,1.9815195913603672e-07,1.7937240606198778e-05,1.0415651758540893e-05,0.017075440723629966,1
0.5252038101768531,0.4580121849965096,1.5166993491376789e-05,4.760105271737663e-08,1.7406247688327607e-05,1.0460094765782508e-05,0.016740923889639228,1
0.6711798983309974,0.3211006543676605,1.8934660613668757e-05,2.1545072053086057e-07,1.3835530072302684e-05,1.1535871675537505e-05,0.007674925788259945,0
0.828054513196048,0.17191354955637916,5.9886535149378125e-06,8.934289772191454e-08,6.097453073408509e-06,9.298333357249594e-06,1.0463464729504128e-05,0
0.058796170684696544,0.9409889256744133,1.6176272432740347e-05,9.592728206590249e-08,0.0001859470210527388,8.858465381630738e-06,3.825954740995072e-06,1
0.05795475941493936,0.94177070926664,1.6189711851660436e-05,9.600697947053695e-08,0.0002455506411159152,8.865825088741747e-06,3.829133384823392e-06,1
0.08723818059600903,0.9125065922242168,2.6119996974412547e-05,1.672461069816562e-07,0.00020791818781347012,1.4351320799223474e-05,6.670428079884914e-06,1
0.08348559667655382,0.9163120792014553,2.4996435250030556e-05,1.6005195131078975e-07,0.00015705014453045775,1.3733993210704589e-05,6.383497048340639e-06,1
0.43809202419796744,0.5618527336835554,2.283496113350047e-05,1.82062445498346e-07,1.3849360629579297e-05,1.2219655171086276e-05,6.156079097505717e-06,1
0.6154634901558201,0.3844665060938127,2.4644323835736885e-05,2.3278130541786009e-07,1.5534101247630828e-05,1.6216930278186246e-05,1.337561370017085e-05,1
0.38060477127157566,0.6193231918116484,3.172342428299879e-05,2.0329227518991933e-07,1.529995497321576e-05,1.6639718518180217e-05,8.170526726410162e-06,1
0.37049569215256545,0.6294241655576833,3.2425482408798545e-05,2.0779125337197804e-07,1.5638552018020695e-05,1.700796532194565e-05,1.4862498749284413e-05,1
0.42936567958071553,0.5705109973896358,8.788736239848749e-05,1.7948872246642713e-07,1.4563054177373214e-05,1.4592287647380616e-05,6.100836703089818e-06,1
0.29706254767351226,0.7028736111519969,2.6104267173377293e-05,1.932418874836763e-07,1.6634196141681564e-05,1.4341161355153892e-05,6.568307933415047e-06,1
0.3646023446132029,0.6353199854189203,3.555874640421415e-05,2.1635476091439714e-07,1.8623744448473737e-05,1.5771207181013195e-05,7.499915082179857e-06,0
0.49259003093227854,0.5073400558877591,2.7772816763607707e-05,2.2260128339164576e-07,1.8133890879797993e-05,1.67735894828186e-05,7.0102815527477976e-06,0
0.45620784671059333,0.5437302153235308,2.1670108219554866e-05,1.9150052043221547e-07,1.678067127377496e-05,1.5805821813456644e-05,7.489864048593939e-06,1
0.3132457491540569,0.6866848317375669,2.846746522937045e-05,1.6229374885207176e-07,1.3328023663565934e-05,1.47171955285645e-05,1.274413020575303e-05,1
0.3648515261062798,0.6350172581792607,3.426587097668539e-05,1.801426481045634e-07,1.5948745501798766e-05,1.6335777526494698e-05,6.448517780643744e-05,1
0.6938331558551984,0.3060740441943491,3.481755248245068e-05,2.535679479335088e-07,2.3470459027980723e-05,1.9527236627345974e-05,1.4731134366739708e-05,0
0.6655283441470454,0.3343845381632284,3.3322889863770104e-05,2.426826758207493e-07,2.246290923624626e-05,1.6990457950222945e-05,1.4098750000267525e-05,0
0.509199059340081,0.490713387953935,3.0912987491216915e-05,2.251319304133457e-07,1.870096843332742e-05,1.7952333786063652e-05,1.976128434296258e-05,0
0.5700811624986587,0.42984910510285845,2.4998619095675123e-05,1.9723025045385228e-07,1.616988279221979e-05,1.4363146152752779e-05,1.4003520191817821e-05,0
0.5735680214972035,0.42635990605147495,2.7815141697943784e-05,2.194516162072306e-07,1.3743921257676028e-05,1.4712680164486891e-05,1.5581256585201408e-05,0
0.5554764129438975,0.4444558035149861,2.6659586616812214e-05,2.103346959008513e-07,1.1878217449402414e-05,1.4101455080474707e-05,1.493394727385696e-05,0
0.47105871861113047,0.5288619840707725,3.20002848107121e-05,2.5247091303948297e-07,1.253102771647052e-05,1.6587879132503593e-05,1.792565552423871e-05,0
0.7975905570729155,0.2023581633383749,1.7075688113440135e-05,1.7858958249772564e-07,1.2357056117547225e-05,1.034143979529151e-05,1.132681510078261e-05,0
0.8131891032229769,0.18675064983964695,1.907112074119282e-05,1.873382669812301e-07,1.1672006941415583e-05,1.0848042658732968e-05,1.8468428767748625e-05,0
0.10169748757360463,0.0017181959217011005,9.409329648777416e-06,6.297891958613368e-08,4.802253347102705e-06,6.014406443106294e-06,0.8965640275363357,6
0.3656786656985755,0.015979273243734722,2.8397984344152296e-05,2.246121419753057e-07,1.4950203120431017e-05,2.0190527513173813e-05,0.61827829773057,0
0.8842397856146373,0.0665916410402013,1.7773878253731588e-05,1.5376619074188757e-07,9.350224234979482e-06,1.3749157494452831e-05,0.049127546318987324,0
0.9252982351920842,0.03041924659501484,3.775459008171559e-05,2.8807948716246363e-07,2.4816166083862725e-05,2.982541592968347e-05,0.04418983396131826,0
0.9324904016668302,0.03256505188064732,3.820626795499601e-05,2.9152593247720945e-07,2.5113054835547546e-05,3.0182232952664408e-05,0.034850753370847,0
0.9625353366085665,0.03272588870776021,1.1364179811319778e-05,9.635506618624644e-08,4.652176123738379e-06,7.391126739607399e-06,0.004715270845932605,0
0.7195107908136358,0.27066075194375677,4.3773647655034416e-05,2.7184206389572336e-07,3.0158534512486984e-05,2.9491754233477397e-05,0.009724761464142652,1
0.7360600097219128,0.2534393100034296,4.1125423018449266e-05,3.327443952559215e-07,2.10746374618292e-05,2.5760187158590296e-05,0.010412387282623538,1
0.7019203262803452,0.2915907147086116,4.027038961895904e-05,3.265591123936363e-07,2.0402700111068348e-05,2.5281338990347658e-05,0.006402678023210465,1
0.9084337486064641,0.09116093589293237,1.1970065185625776e-05,1.2053107781584757e-07,8.002658398363668e-06,8.408544238057534e-06,0.0003768137017039117,0
0.8837654393009776,0.11617248314613014,1.4542748882207832e-05,1.34484828397782e-07,1.0023563252041657e-05,9.910407276321594e-06,2.746634865306262e-05,0
0.8723212433491425,0.1276098703723691,1.3415793933237398e-05,1.2739755956091838e-07,9.213802846322485e-06,1.0163188744408312e-05,3.596609540500097e-05,0
0.6772806961795844,0.32264441546693984,3.388418113534126e-05,0.0,1.9668835535707925e-05,1.6553595389518123e-05,4.781741415111886e-06,0
0.6667419507747392,0.33317789050055385,3.499706187561487e-05,2.3458432062671513e-07,2.0594821482047455e-05,1.85621542092542e-05,5.770102819616852e-06,0
0.7084473670310969,0.29150585283218067,1.7472043762543903e-05,1.511549463481829e-07,1.311765449919376e-05,1.2660714069235655e-05,3.3785694451967265e-06,0
0.6081876319970736,0.39176398341239965,1.831135036551175e-05,1.2159132112776165e-07,1.3610253829102507e-05,1.3268898266860987e-05,3.07249674410402e-06,0
0.3984385836872986,0.6014889839108605,2.7845009120843873e-05,2.909927171571065e-07,1.9978193766401566e-05,1.849860366788901e-05,5.819602568466913e-06,0
0.3846696767412532,0.6152584618976257,2.7666256014597704e-05,2.260998098504824e-07,1.9849942266197928e-05,1.837985050632597e-05,5.739212524446973e-06,0
0.37358098904280074,0.6263496698670964,2.5767441476094796e-05,2.2292047151340033e-07,1.957081915469455e-05,1.812139932326994e-05,5.6585096772588105e-06,0
0.25212572931051974,0.7478152600973174,2.2398276381539648e-05,1.9029781499738102e-07,1.5609957846881607e-05,1.592135040350206e-05,4.890709716032821e-06,1
0.1428161372895793,0.8542174913932982,2.3063278658014902e-05,1.8650917393557638e-07,0.0029200511692193776,1.8291405821713983e-05,4.778954249336644e-06,1
0.1069835366084873,0.8896579673384807,2.0898461377723853e-05,1.8534475191131994e-07,0.00331286312366992,1.9800005153703812e-05,4.749118078474809e-06,1
0.40860948190116686,0.5335056629171367,0.00028816097711084236,3.050883921047268e-07,0.0569727982450026,0.00061629013322808,7.3007379627780435e-06,0
0.16252930552269854,0.8363684100486921,3.608464574457425e-05,1.9736464167722144e-07,0.0010435979464312206,1.6288657296080944e-05,6.115814495777636e-06,1
0.18594391309333863,0.8133916920275599,2.5158038835142572e-05,1.8600430451996533e-07,0.0006160418321840757,1.8016851708891746e-05,4.992152068898879e-06,1
0.0879583197591401,0.9100563164427721,2.7063991412996774e-05,2.0773973662109474e-07,0.0019370339525147228,1.5482607132663627e-05,5.575507290769121e-06,1
0.09344647549742878,0.9039652217509758,0.00029586798151713255,2.0253225722595272e-07,0.0018561058396480532,0.00043177060841645453,4.35578975649362e-06,1
0.11458387859101773,0.8825049665661453,0.00026261832822555746,1.8596831909168704e-07,0.0022922230877863966,0.00035212790351932407,3.99955498658269e-06,1
0.1851408414377973,0.8107778978645902,0.0002499375567910053,1.866369156403583e-07,0.0033844679878000067,0.0004426545818490571,4.013934256521306e-06,1
0.15932466219572042,0.8351269131996385,0.0001791315430103307,1.9332400642078676e-07,0.004835431195058747,0.0005297952972373955,3.87324532800386e-06,1
0.32866294127489426,0.6629485141895429,0.0003696650792689978,2.8645283749565234e-07,0.007450129165446463,0.000562240757836444,6.223080173328469e-06,0
0.05751416372062438,0.9213664021362942,0.006863574116147699,2.3178523633197483e-07,0.013210647313174626,0.0010392066481357421,5.774280386871917e-06,1
0.040466251828288446,0.9269405443957276,0.006751263713592933,2.3291385007644854e-07,0.024784755133485107,0.0010515466637432034,5.405351312423918e-06,1
0.05756318784071588,0.7949313781189232,0.004975646364410236,2.231895636612528e-07,0.14090291856249937,0.0016197764833360841,6.869440551568431e-06,1
0.14009271821420685,0.6141838455852933,0.0031777584913674473,2.645601769737238e-07,0.24031015117087423,0.002227119212002881,8.142766078398549e-06,4
0.13799944621673602,0.6307024305154839,0.0035982835547993756,2.4822690912846796e-07,0.22616329727874687,0.0015286541547720341,7.640052552572021e-06,4
0.1594367526789151,0.5944955448521297,0.0030772986429003415,2.409393761184924e-07,0.24098864940617376,0.001994097727305697,7.415753199329858e-06,4
0.04920618937416043,0.9235686707381169,0.0053348357355814885,2.516571469951913e-07,0.020474836482982962,0.0014107296305901475,4.486381421279024e-06,1
0.04281451139920571,0.9230301354752186,0.004974472849836229,2.1815202307884687e-07,0.02754596555866883,0.0016304610309587565,4.2355340886159974e-06,1
0.061345119353837844,0.8201785417613044,0.024608618678352456,1.7769167614163957e-07,0.0922342660080091,0.001596953970098508,3.632253672174495e-05,1
0.0015161918980755695,0.10711390902810378,0.0038308785540084583,2.1841974692628145e-08,0.8873164169703344,0.0002167342600406061,5.847447462543115e-06,4
0.002686044692570228,0.09700409200586939,0.0012721195916169871,2.6326482836671347e-08,0.8988440386959067,0.00018785887732289332,5.819810230913846e-06,4
0.05876780465629454,0.8650606735246253,0.0008689915141006657,1.5421760516504753e-07,0.07518467313746055,0.0001130527104177024,4.650239495924124e-06,1
0.03433548668597854,0.9558202788597231,0.0015200457894854816,1.726752263223951e-07,0.00727325836030727,0.0010468549121827673,3.902717096229847e-06,1
0.085159807013751,0.892664102922308,0.00278157260468515,1.7239120759185528e-07,0.018297166714016037,0.0010938116682995655,3.3666857325188117e-06,1
0.024711095659888584,0.49649628181113836,0.0008528404925846318,1.1590449742632102e-07,0.4776012184810613,0.0003278611304398052,1.058652038975362e-05,1
0.0552875859648058,0.9303076267987713,0.0015187889015341966,1.641654822581461e-07,0.01237198535941026,0.0005096297089037436,4.219101092296717e-06,1
0.05349219587189857,0.933576334114307,0.002362354831395611,1.4630997898613377e-07,0.00808526992625754,0.002479885110692588,3.8138354697989516e-06,1
0.031111496347649547,0.9563068572470146,0.002627369258336572,1.4731767056060718e-07,0.009199735275504991,0.0007506017806206635,3.792773202816469e-06,1
0.0429861578463241,0.9448939898249343,0.0026963299103480165,1.5127016712277057e-07,0.008648736375635258,0.0007707402402240983,3.8945323671322675e-06,1
0.0931475425850548,0.8789122089821961,0.00334079086261626,1.78129368924588e-07,0.023706101154570343,0.0008885922491314736,4.5860370620905205e-06,1
0.20330303443437495,0.7319322545376782,0.02642810986125581,1.535016361811938e-07,0.03697089900944434,0.0013623967391884837,3.151916422205554e-06,1
0.08942276696982165,0.837721900211312,0.028984351617395248,1.7568795684305444e-07,0.04231447866753069,0.0015527193681083835,3.6074778753739884e-06,1
0.02841498293753299,0.9423668353182872,0.013586563943009777,1.4231736407343496e-07,0.012306595914964667,0.0033218405002344337,3.039068606777679e-06,1
0.0267811577599088,0.9448107702996155,0.015412669957856952,1.5503970971853087e-07,0.009861543696928106,0.0031308389199320263,2.864326048698501e-06,1
0.029812398088606504,0.9252319347837931,0.022805825827726882,0.0,0.018569327785106046,0.003577225858974159,3.2876557932038854e-06,1
0.03837410488543181,0.915179722508826,0.01756242373693553,2.1115180039696527e-07,0.026029139310243005,0.002850440933517149,3.957473246128873e-06,1
0.06203134102061802,0.5486028862142672,0.3096632199501843,2.691326609814261e-07,0.011398034198436166,0.0682931313443817,1.1118139451524658e-05,1
0.013070332825112154,0.05250931711073508,0.8105448658794278,3.901998099880536e-08,0.0021895619924531626,0.12168381516926832,2.0680030224971555e-06,2
0.006020174136471252,0.02458772428965867,0.9617543245690959,1.593466300248285e-08,0.0009473675580782046,0.006689385816775257,1.007695257641e-06,2
0.0011415170209669492,0.014033123151932756,0.9655665089805944,8.529599605173623e-09,0.010408833228390988,0.008849440090681756,5.689978334086307e-07,2
0.014470399976356123,0.28354737725826135,0.6431091870506171,1.4336589443425066e-07,0.00326910714900485,0.055601801495669345,1.9837041967556687e-06,2
0.01691514388787936,0.729542601011808,0.18441842256541177,2.1205272070810926e-07,0.0031914858345310367,0.06592920054764119,2.9341000079698118e-06,2
0.005446247073855695,0.9548850098903974,0.012854025981907114,1.5112023721778051e-07,0.0014203031560997847,0.025391165429389285,3.0973481134573854e-06,1
0.011382926097679031,0.9243972953036909,0.01740176338114461,3.541322837147433e-211,0.0022964099218439555,0.04451562393425685,5.981361384678282e-06,1
0.00014082986635995134,0.0347446196158972,0.9158692870308764,6.190196063820867e-05,1.955071725135073e-05,0.049145902519282775,1.7908289693834156e-05,2
0.00035206426890795983,0.04249245492876891,0.5976416612442761,0.022325489064106894,9.776885315994208e-05,0.3370697089391371,2.0852701643026262e-05,2
0.0011349259217075557,0.4312430624821011,0.3242160267466542,0.0008493841210878554,0.00012237876257272502,0.2423868642793776,4.735768649910804e-05,1
0.0007167625388584856,0.23297157345603972,0.5254396725334954,0.0002960420528590057,0.00013812379371026508,0.2404159704046344,2.185522040267618e-05,2
0.0006839259460609477,0.1539885850538294,0.766478198716654,0.0009655504318223769,0.00013611806121850828,0.07773781672289788,9.805067516852874e-06,2
0.0006978071849683647,0.12383887026960454,0.7657308314927668,0.00015440823552781085,0.00012539113492672814,0.1094478472237292,4.844458476687563e-06,2
0.0010857178251696444,0.9014403923465945,0.08293903510391361,0.0001997003245890283,0.0005523870158238725,0.013778341154375333,4.4262295339397555e-06,1
0.0008653609985166557,0.8825062726411756,0.08131354508600723,0.000303189015208698,0.0004833611395471782,0.034524743235668814,3.5278838758639027e-06,1
0.0008494372403676801,0.8481626801707464,0.0960204012060473,0.0005594719844346489,0.0004333505849199149,0.053971068440072587,3.5903734115244957e-06,1
0.0013228608261005744,0.8368116032526111,0.13212179215685124,0.00028482741729162186,0.0004175589601459493,0.0290357659623345,5.591424665020544e-06,1
0.002587213341960684,0.7500676053249331,0.22608616382420493,0.00028491364443443916,0.0006581742676149844,0.02031132937237412,4.600224477820278e-06,1
0.004275940772756754,0.8562066149677664,0.09073127931210768,0.0003162722273033598,0.0006948912809453105,0.047771350990902794,3.650448217817581e-06,1
0.0011440455021110275,0.8497232330473821,0.09116710954259959,0.00018687399031557387,0.0004931662313114106,0.05728072917455596,4.842511724386121e-06,1
0.003130035992497606,0.7837463802955789,0.19732445437965082,0.00011844094184246204,0.0010889150476198375,0.014587945350747266,3.827992062891994e-06,1
0.002438577544334421,0.7591216243928591,0.2071578346048485,4.9806783101778115e-09,0.001958744438737879,0.029319255416532908,3.9586220088784425e-06,1
0.00224484504569357,0.7239427231894949,0.22057695402060223,0.00011063523698605096,0.002747601034421036,0.05037338298255959,3.858490242394433e-06,2
0.4116466136694389,0.007319791083984456,6.003556213222605e-06,1.1001893479400205e-07,6.5474889200567606e-06,3.709304428958193e-06,0.5810172248780797,0
0.9236714828882848,0.07329922380227637,1.085046042120102e-05,2.0273041234420748e-07,2.580827025336584e-05,6.835085413260027e-06,0.002985596762938737,0
0.77090667997204,0.2274153792103645,1.3147750122931828e-05,2.975337814142571e-07,1.848511064718454e-05,8.952900925163444e-06,0.0016370575221187173,0
0.8833066303990909,0.11574594520113005,8.545007931263812e-06,1.8971809760218821e-07,1.13669622167227e-05,5.818684466774866e-06,0.0009215040270667205,0
0.8257963411533982,0.17333870715011904,8.736821122416462e-06,1.851137753988416e-07,1.0139312298782597e-05,5.630988576106987e-06,0.0008402594607101138,0
0.8037269642165864,0.19534549486040292,8.831357149366909e-06,1.6188612800945867e-07,1.0249023861753408e-05,5.5631814768875886e-06,0.0009027354743947094,0
0.9043915508608991,0.07808808064729789,1.3086365111168041e-05,3.122068257929801e-07,1.7338318227851177e-05,9.49704075580048e-06,0.017480134560882463,0
0.9169883902581984,0.07249530324260943,1.058120677857657e-05,2.568098096397416e-07,1.4801417248005467e-05,8.89376575708382e-06,0.010481773299598707,0
0.9194831075954258,0.0701994010941549,1.0609993533435998e-05,2.575084748478125e-07,1.5388883236543564e-05,8.917961735858631e-06,0.010282316963438471,0
0.8051371982461603,0.14553334083789024,9.309720122933149e-06,2.2595035732695115e-07,1.1524348623708952e-05,7.825049804812097e-06,0.04930057584704092,0
0.8598241676778781,0.10645494903290281,6.580365413660423e-06,1.318597702898926e-07,7.074950210586015e-06,4.636191108755754e-06,0.0337024599227159,0
0.8883835950059513,0.08601846620271003,7.83839934095882e-06,1.7685924060850228e-07,9.684928047846575e-06,6.218373026191178e-06,0.02557402023168313,0
0.8306333456727844,0.11941709375455974,8.759652422161879e-06,1.9764564268659355e-07,1.0827861813041288e-05,6.9492231731738455e-06,0.04992282618960485,0
0.8578988057979886,0.09436200519872505,8.874462172515602e-06,2.1538648557489082e-07,1.2413954307460845e-05,7.4592047423415535e-06,0.04771022599557852,0
0.9547112385793988,0.003630512978677233,1.2227781874396824e-05,2.0843601834308605e-07,1.0796900385480794e-05,7.2184980981963195e-06,0.04162779682554757,0
0.9220412712667634,0.0022042092748668194,1.3621583469535086e-05,2.1283502861226015e-07,1.220100527306429e-05,7.370843395877605e-06,0.07572111319120255,0
0.984426507871558,0.0019267112188236935,1.9117694345996037e-05,1.7755606852721042e-07,1.3122951741985894e-05,8.206840194597204e-06,0.013606155867267067,0
0.983109679198794,0.002021277758578565,1.9871312110108988e-05,1.8455531252318882e-07,1.3640257300458163e-05,8.704433395270157e-06,0.014826642484508898,0
0.9784925470040121,0.0020533420131467767,2.018653786639051e-05,1.87482979686964e-07,1.3745006274425783e-05,8.84251494644414e-06,0.019411149440774104,0
0.9801740641356904,0.001846089567213652,1.815023805482926e-05,2.0998280290551137e-07,1.6572533827183016e-05,9.679708090469536e-06,0.01793523383432054,0
0.9910709072472201,0.0019842347668943797,1.9015930768597978e-05,2.0200598322814288e-07,1.5904069280982276e-05,9.174386508549998e-06,0.006900561593344408,0
0.9910018100023381,0.0020522598312481327,1.879619496791936e-05,2.869018616474857e-08,1.5720292139593236e-05,9.06837323001407e-06,0.00690231661588963,0
0.9914077373923587,0.0020422204361218027,1.8296105314892328e-05,2.792685798748194e-08,1.5302039644607384e-05,8.82674019459218e-06,0.006507589359507463,0
0.9856407329408085,0.002080447944802781,2.1797441741308515e-05,2.8449609688163333e-08,1.5588472413080565e-05,8.991964418894955e-06,0.012232412786205911,0
0.9933692692557929,0.0017573930237936724,1.5180985044643991e-05,1.5143244886184898e-08,2.4509415388553776e-05,5.142565425222304e-06,0.004828489611310116,0
0.9895387746259282,0.0035312879050928923,1.1977030247396444e-05,1.759968411301421e-08,1.4234850974567867e-05,5.999711669482493e-06,0.006897708276403649,0
0.9848811951533935,0.007033393266294027,1.192065653910665e-05,1.0933830213276962e-07,8.627899933747845e-06,5.836412585699053e-06,0.008058917272951823,0
0.9818472349189851,0.008124583667574632,1.2951415090044954e-05,1.1879259598803692e-07,1.317427552929084e-05,7.338826411784984e-06,0.009994598103813219,0
0.7819652453611476,0.20885425103026115,1.883703880744052e-05,2.1816044809375445e-07,1.7548794822270526e-05,1.1467377182336099e-05,0.009132432237331116,0
0.497880370240449,0.49472455384676833,1.437758814640037e-05,1.856934751010996e-07,1.1954143700803741e-05,1.0315285999757983e-05,0.007358243201460655,0
0.6800158284291375,0.28450546300249824,1.523780770882369e-05,1.9680362502818082e-07,1.646925392342325e-05,1.093245563340094e-05,0.035435872247473556,0
0.7153097572201211,0.28429726411370065,1.4488240306977609e-05,2.298588172079528e-07,1.530346547377555e-05,1.2199997056838054e-05,0.00035075710452358005,0
0.7482866102008504,0.25162355357513927,1.536756506196802e-05,2.1825973820722854e-07,1.8366303553264315e-05,1.371040379848198e-05,4.217369185852618e-05,0
0.8098317898535754,0.18998518258499286,1.2038528802070124e-05,1.7642984417163486e-07,0.00014635117115473627,1.1433389126630665e-05,1.3028042503866024e-05,0
0.5513391071998711,0.4438085301091521,1.533071804372115e-05,1.525917197029485e-07,0.0048190162877359164,9.957749993019708e-06,7.905343484410968e-06,0
0.058462721916875265,0.9396404335116604,1.6153090888300307e-05,9.57898126605454e-08,0.0018679294481566818,8.845770682665406e-06,3.820471924096264e-06,1
0.0589942237006551,0.9393868524814107,1.629994338403077e-05,9.666066599456249e-08,0.0015903775962714957,8.294412655636321e-06,3.855204956975318e-06,1
0.06272917326591149,0.9372131078559185,2.1162458282516182e-05,2.3565099231428768e-07,1.8543936813382126e-05,1.1789741715934221e-05,5.987090365705645e-06,1
0.07141865572961505,0.9285264474586167,2.1965936944961324e-05,2.4459799372503504e-07,1.3162470767327802e-05,1.3309402815820124e-05,6.214403246598582e-06,1
0.07718105502183316,0.9227642001654669,2.313886963679247e-05,2.7476638621573493e-07,1.110840218770391e-05,1.5525898127313386e-05,4.6968763617325446e-06,1
0.11212879173474728,0.8878135545149677,2.410515475670607e-05,1.7379605254367816e-07,1.6292514343859878e-05,1.2670726882013738e-05,4.411558249950442e-06,1
0.2822134978626428,0.7177148824584682,2.5354160598594348e-05,2.42154611078468e-07,1.999421567824416e-05,1.662508435953253e-05,9.404063641542987e-06,1
0.41790877848296754,0.5820105513870883,4.103748412240019e-05,2.0822451241898345e-07,1.567115947398393e-05,1.7043428098782053e-05,6.709833736325092e-06,1
0.31588612274454825,0.6840377530712031,3.539067591552287e-05,2.0392160731804255e-07,1.695164064277703e-05,1.6646633578354877e-05,6.9313125046710784e-06,1
0.27079769687290633,0.729137677889038,2.5918820964064818e-05,1.9820652057000339e-07,1.7061550074127617e-05,1.4709604269302963e-05,6.737056227648986e-06,1
0.505707243956906,0.49421266612214076,3.572233264985828e-05,2.1837390348138787e-07,1.913551295224455e-05,1.7616208304030324e-05,7.3974931436766685e-06,0
0.5665117586191445,0.4334179287489374,2.8354344077666627e-05,2.272622699793093e-07,1.7449150649959398e-05,1.712480702485244e-05,7.1570678955543405e-06,0
0.5334803032089724,0.46641802319438885,3.69995352101028e-05,3.5170713917193854e-07,2.441882934192487e-05,2.711533368539588e-05,1.2788191262227437e-05,1
0.35037382958039553,0.6495547755163213,2.940352235390191e-05,1.6763023450879845e-07,1.4840971733888629e-05,1.3819600772656567e-05,1.3163178188386344e-05,1
0.6573905092934086,0.34251596516221083,3.668277572437545e-05,2.4858413428289533e-07,2.300915311355779e-05,1.914343374825478e-05,1.444159766013186e-05,0
0.6631281087523619,0.33678414838397314,3.356202157584351e-05,2.444242151649305e-07,2.262410755865387e-05,1.711238486938146e-05,1.4199925445717844e-05,0
0.6380515297986348,0.36185734871241665,3.376749530517416e-05,2.6486363880434245e-07,2.330820734167243e-05,1.8393560482728658e-05,1.5387362179992506e-05,0
0.383371910191149,0.6165306180127859,3.6459018742325526e-05,1.8657715407412422e-07,1.8159162961779125e-05,1.4817172081558711e-05,2.784986512507382e-05,0
0.36833948158784097,0.6315731165351363,2.878147690524996e-05,1.7926126140418583e-07,1.7447122477168036e-05,1.4236174685823832e-05,2.6757841693060513e-05,0
0.5501470442364202,0.4497633578719736,3.182655269518676e-05,2.2962990279056805e-07,1.9074600193540122e-05,1.8311008370020417e-05,2.01561004445697e-05,0
0.5433194489158643,0.45661126169754984,2.3944937270517027e-05,1.9992268074941683e-07,1.6390621153628943e-05,1.4559220384531648e-05,1.419468509640137e-05,0
0.5680404197452631,0.4318860912098392,2.7871223610718068e-05,2.1989408263547885e-07,1.3771632257732036e-05,1.601362285831438e-05,1.5612672088390792e-05,0
0.7188352183619248,0.28111065294759113,1.8790743336466204e-05,1.8863347574652788e-07,9.362549072986672e-06,1.2393622926131355e-05,1.3393141672693578e-05,0
0.7878124293301279,0.2121354644739809,1.7372965973530673e-05,1.74400921609818e-07,1.2101000235345312e-05,1.1458513669685498e-05,1.0999315090913597e-05,0
0.841039724887426,0.15890677615367507,1.3641763104369192e-05,1.3694472558166713e-07,1.1320533422223239e-05,9.070843374949042e-06,1.9328874271940242e-05,0
0.11911080463609562,0.003319731445728793,9.440799659496499e-06,7.05384068601886e-08,6.191111660947694e-06,6.340742009408676e-06,0.8775474207264389,0
0.11165886187781754,0.003062198401960316,8.325329363416981e-06,6.584868976280201e-08,5.677210124167074e-06,5.919180373198495e-06,0.8852589521516716,0
0.9036663765994487,0.042914448004103066,1.8549356192994487e-05,1.5714440663245484e-07,1.3198702516930777e-05,1.41258101087108e-05,0.053373144383222645,0
0.8890232514586254,0.07031739662068254,1.853185130164677e-05,1.6032360193820123e-07,1.0682267699370868e-05,1.3101824409503922e-05,0.04061687565367961,0
0.9164520982390438,0.07363129921087891,1.6686598894870683e-05,1.4185204432723222e-07,1.1748943184399633e-05,1.3323423102520871e-05,0.009874701732851144,0
0.936862148558626,0.029230476899638487,3.6279158650160774e-05,3.234293594369923e-07,2.303149774826516e-05,2.86598528543963e-05,0.033819080603123046,0
0.9493122678007532,0.04419456737202399,1.5301594763315873e-05,1.3747301226035492e-07,5.739734617378628e-06,1.0035474634689429e-05,0.0064619505501952125,0
0.7279438038504961,0.2622033064814549,4.38928731172247e-05,3.5513573963443143e-07,2.9899379290430995e-05,2.7493665558667375e-05,0.009751248614342931,1
0.5960683534660383,0.3936524350665777,4.08664474012371e-05,4.810845601825681e-07,2.9997508769777224e-05,2.547206667754026e-05,0.010182394359975354,1
0.7621281009078681,0.23626061172482427,2.7174841238159923e-05,2.7963350053824985e-07,1.6770171335987228e-05,1.4805802888958281e-05,0.0015522569183441565,0
0.9201227967350772,0.0788706579835071,1.2289228414772308e-05,9.424311762560401e-08,1.083190525381347e-05,8.632745033109396e-06,0.0009746971595965201,0
0.9084576848167146,0.0911633378813344,1.1970380583416133e-05,1.2053425367454364e-07,8.096008366805585e-06,8.160902639769849e-06,0.000350629476107417,0
0.8930096558256733,0.10633169384683482,1.4181467595532949e-05,1.0960421395338317e-07,1.0943022796814392e-05,1.139180609477536e-05,0.0006220244267904495,0
0.8563485882937681,0.14357432064743572,1.5038859486515995e-05,1.280797455715211e-07,1.0328504375653266e-05,1.1338766982912671e-05,4.025684820537473e-05,0
0.8497963483487437,0.15016157924250656,1.537499127815689e-05,1.2892326842699425e-07,1.1140688237054295e-05,1.1413443186088216e-05,4.0143627799028006e-06,0
0.6609367876051724,0.33898936293654935,3.2853038277587065e-05,2.8899559482139894e-07,1.9057899810257826e-05,1.743926966705e-05,4.210254928472524e-06,0
0.7285335776812194,0.27140666717382683,2.5747403355587428e-05,1.724720311053409e-07,1.5141807780550004e-05,1.4838419338287572e-05,3.855042448305095e-06,0
0.7395144998190323,0.2604318765735552,1.9897647109371963e-05,1.7213943727177852e-07,1.57128476414915e-05,1.3993364812604751e-05,3.8476084119676635e-06,0
0.6697810172203796,0.3301726848952116,1.748855937496746e-05,1.3544274066057478e-07,1.3454008365674408e-05,1.1838110857968417e-05,3.3817630694951366e-06,0
0.3686818216939316,0.6312519242989342,2.549495149353489e-05,2.408280685766373e-07,1.829207808093592e-05,1.693736213783161e-05,5.288787353252978e-06,0
0.39477193592192567,0.6051620222514392,2.4541421259367288e-05,2.123138691834247e-07,1.8639635514912788e-05,1.7259179380077963e-05,5.389276611674724e-06,0
0.36704062536537085,0.6328903512285683,2.5732943068847895e-05,2.2262201731036756e-07,1.9319769399170842e-05,1.8097137721111347e-05,5.65093385443458e-06,0
0.3505724585113286,0.649366011306065,1.9959857063461447e-05,1.6501876069482463e-07,2.351351301202721e-05,1.3582019293968939e-05,4.309774476204359e-06,1
0.2331375976222839,0.7667792601298726,2.3379988816923264e-05,1.7947039447753394e-07,3.7139588722415684e-05,1.7755993909085654e-05,4.68720600068027e-06,1
0.10793432747526102,0.8860897533575027,2.0814642444148733e-05,1.8460137663750615e-07,0.005931053197133891,1.6505047523878447e-05,7.36167875769858e-06,1
0.1547808253340268,0.8374023006814187,2.7180585822329547e-05,2.0335372558003688e-07,0.007766821212702567,1.3792329939407404e-05,8.876502364637381e-06,1
0.16972046013165915,0.8257201777536931,2.6779040953086224e-05,2.0051685348390833e-07,0.004508670405129333,1.4959480380155315e-05,8.752671331802196e-06,1
0.15835356769568354,0.8401274238643217,3.062112442081941e-05,2.0656916061816973e-07,0.0014630204176383085,1.8759290290402066e-05,6.401038484671125e-06,1
0.12061009556475567,0.8782934166014869,2.31919704595931e-05,1.8297643260844122e-07,0.0010524487548686384,1.575324469794915e-05,4.910887298890003e-06,1
0.07177569122590258,0.9256828890162069,0.00024080881164323384,2.1130683462595754e-07,0.0019026815219819165,0.00039204687313144064,5.671244299280284e-06,1
0.10232862036771487,0.8949760927676423,0.0002869094079656369,2.0435307526176088e-07,0.0020612833346998235,0.0003424948194548032,4.394949447189032e-06,1
0.11096650164801242,0.8862900188121481,0.000254327550351608,1.800973578545235e-07,0.0021440872652774123,0.00034101133655682777,3.873290295871826e-06,1
0.1937419250551618,0.8005688965497237,0.00024590489163870083,1.8403854928504676e-07,0.005002639485171533,0.0004364919276466193,3.9580521086150744e-06,1
0.1896932849358926,0.8029045211782556,0.00021258642794697288,2.1889393054302428e-07,0.00662763802272385,0.000557673483140485,4.0770581097809354e-06,1
0.18132085450779703,0.8099525324601611,0.0002923682070676244,2.388020311724255e-07,0.007726344594854935,0.0007024896333787681,5.171794709460863e-06,1
0.19053996614310864,0.8020926646127372,0.0003366078486669205,2.509437265670007e-07,0.006287629294524841,0.0007382071484453514,4.67400879028733e-06,1
0.04087099968858955,0.9326449386688229,0.004389422511767158,2.352434797850009e-07,0.021034232825145674,0.001054711645969638,5.459416225259509e-06,1
0.04091662744034853,0.923723627612622,0.005439003043191172,2.2599785294800574e-07,0.028777063339160424,0.001138576643279388,4.875923545520273e-06,1
0.15568446654402368,0.5528051648682187,0.002699561949091443,2.3147788338184656e-07,0.2868876594817796,0.001915791136382235,7.1245426211232e-06,1
0.0718476880611759,0.8888619337474281,0.005025290955335609,2.7103357452103395e-07,0.033005464850694145,0.0012510093442304117,8.3420075612369e-06,1
0.04918695769201584,0.9302114121437587,0.004915799609626985,2.155789492198431e-07,0.0146188237769738,0.0010626056221434948,4.185576532006961e-06,1
0.09052676290501621,0.7649133241912175,0.016026608279745655,1.1529541175072818e-220,0.12752444636255522,0.000977921007537029,3.0937253928534116e-05,1
0.001519188928759035,0.10754770410423267,0.003205674306948914,2.2756661341791073e-08,0.887422585112964,0.00029726271704989,7.562073384095884e-06,4
0.00138642131091272,0.10244098007286714,0.004343435496289608,1.9972524074763654e-08,0.8915775326634764,0.00024719761196225127,4.412871967965299e-06,4
0.002443419491000542,0.08176038052964178,0.0014277071617343287,2.4843715866663762e-08,0.9141934401278512,0.00016953582068122717,5.4920253750465465e-06,4
0.007832297649498134,0.3016408641750722,0.0005593436915172778,5.964409438361521e-08,0.6898358925139034,0.00012221194427116639,9.330381643457302e-06,1
0.05264112954244272,0.933228023416912,0.004151459371453722,1.8913233159213946e-07,0.008712256498658123,0.001263484138537348,3.4578996645967085e-06,1
0.10355314447987155,0.8681774700763106,0.0037366872374648844,1.9990508439307983e-07,0.023265828981678893,0.0012630399159565089,3.6294036331711763e-06,1
0.04432190994742247,0.9290725436232103,0.0006149830337822107,1.618725324063141e-07,0.0259057290568485,8.056572189937123e-05,4.10674430454421e-06,1
0.07849942939853961,0.9172618494472347,0.0005664528054032172,1.663414476875291e-07,0.0031642835629073682,0.0005041188478393892,3.699596627869112e-06,1
0.08032186255791804,0.9124301276796521,0.0018246032458064465,1.4918017026544242e-07,0.004335837531493216,0.0010832596898909324,4.1601150691214e-06,1
0.06049962812673699,0.9276820828347817,0.0017515393532305554,1.7181535101502246e-07,0.008489846006607866,0.0015722531839532014,4.4786793388792196e-06,1
0.033460415595068585,0.9530927737806383,0.002591378145286417,1.4550617290219077e-07,0.01011012211438004,0.0007413719756500635,3.792882803582846e-06,1
0.1739282573900336,0.7730835689014923,0.012117394813553402,1.6213193501922234e-07,0.03915318237392158,0.0017141052629304433,3.3291261335340664e-06,0
0.22783191756714558,0.7297816366385391,0.012800889008216585,1.5305060623372015e-07,0.028145508235702665,0.0014367528445633937,3.142655226470346e-06,1
0.09621832519239543,0.8566736259616136,0.01224501577876394,1.796625335789384e-07,0.033039355040327345,0.0018198092747636657,3.6890896027588434e-06,1
0.03572644779256559,0.9060350773467319,0.019150666644752238,1.9512187815277716e-07,0.03743758444918885,0.0016460221217778407,4.006523105430436e-06,1
0.035533583147862084,0.9093555676363033,0.014052387110622136,2.4714157129089945e-07,0.037590526387888484,0.003462822320102684,4.866255649975444e-06,1
0.03604352267741393,0.9224482273670495,0.023431981686388322,1.8859140948994884e-07,0.014871025532415642,0.0032011991812539616,3.854964069041183e-06,1
0.029718942956429576,0.9391159941624985,0.01446991606035575,1.7339157994459812e-07,0.0129440687641886,0.0037477261338619717,3.1785310856619246e-06,1
0.0317188827012021,0.9311172344025886,0.011852378252427886,1.769780465362791e-07,0.022558570992637868,0.002749439695060503,3.3169780366672232e-06,1
0.03106427551885087,0.9218459450589576,0.015495197199788494,1.765744315193425e-07,0.02828626379472627,0.00330483243988775,3.30941335747311e-06,1
0.012234446732169415,0.04902950296117315,0.9299280882565166,3.284922058132573e-08,0.002012229317024066,0.006793958922324399,1.740961571737748e-06,2
0.000653191971457483,0.017784528567619886,0.9720045126881164,1.0201375365993174e-08,0.00023603953109215374,0.009321129966256069,5.870740827433547e-07,2
0.004633534469513133,0.9318931309419899,0.02380343999869489,1.6089562550331444e-07,0.0024335579753827,0.03723360272658859,2.572992205291665e-06,1
0.005287256184796498,0.9290582452533257,0.03062610314458526,3.916861887983429e-211,0.0028464111076137847,0.03217773357959909,4.2507300797784734e-06,1
0.0003264151171987908,0.13019406890539809,0.223345754669641,0.011855917046340045,0.00010945297805500551,0.6341651484480052,3.2428353617843613e-06,1
0.0006327434267110627,0.36012210741183154,0.19837403912336457,0.0015526269901133902,8.151223514053713e-05,0.43921386144067126,2.3109372167659092e-05,1
0.0007976730057363415,0.6008181710100327,0.2604042046883335,0.0011840195275857326,8.747350575348656e-05,0.13667486608554205,3.35921770162078e-05,1
0.0010928565418257196,0.4152577652305677,0.3121980025460411,0.000530694419397136,0.00011784243244432778,0.27073361989816863,6.921893155554757e-05,1
0.0011623359936199047,0.41163159849054265,0.45143133386361667,0.00030174596921031543,0.00015778164672640034,0.13524116502659927,7.403900968475227e-05,1
0.0011742400579072504,0.41706730974832196,0.34387870225768435,0.00022926855042991055,0.00017197203442471403,0.2374034906355597,7.501671567217906e-05,1
0.0010365983381473627,0.45008583352366155,0.2540551653819573,0.00013883100132261038,0.00014040628790840804,0.2945024222874604,4.074317954251716e-05,1
0.000454017459020923,0.1475707170370142,0.4068153758683406,0.0002881208405638558,9.008989803321952e-05,0.44476783518855256,1.3843708474731495e-05,2
0.0005546211151794935,0.15742982216653273,0.3526435396512847,9.762351319801209e-05,0.00011769161661466477,0.48914799765494377,8.704282246689174e-06,2
0.0004971596193423209,0.1379112846132061,0.3983292384556396,0.002696472996908083,8.774500866803516e-05,0.4604719031903443,6.196115891512897e-06,2
0.0009388590754541737,0.28056340675087615,0.5487781530645267,0.002565379784065893,0.00019573277863145375,0.16695099303612992,7.475510315723092e-06,2
0.0009293311116760116,0.2746752108651006,0.6156431410716052,0.002687064142306317,0.00016201491875695873,0.10589589543151179,7.342459043207911e-06,2
0.0007705474628392256,0.14879014113997607,0.7881237226128005,0.000196786490708421,0.00011538766199987286,0.06199439780558816,9.016826087882915e-06,2
0.0009703899175776041,0.5655655806119622,0.41603949290648923,0.0002510680665272632,0.00018187878481223883,0.016987258546716708,4.331165914772616e-06,2
0.0011169788231385435,0.8997565310227602,0.08204941005557935,0.0004001368426733292,0.0006597619342952906,0.01601231547346378,4.865848089627801e-06,1
0.001073866480231321,0.9007547461466525,0.08271912285993403,4.7643762249805915e-05,0.0005103488087566406,0.014889587984622438,4.683957552695316e-06,1
0.0012189066041999224,0.8771259131554848,0.09405250049815887,6.1026198193468975e-21,0.0003586063303752721,0.027238921377404895,5.152034376261527e-06,1
0.0011729161003709192,0.8603787152397959,0.10938951171570946,0.00031292851513811166,0.0003956099833044389,0.02834502093412101,5.29751156005283e-06,1
0.004540439023650532,0.7571711076348855,0.18596470223616515,0.00017460427585795917,0.0007949403986880924,0.0513495217319305,4.684698822257835e-06,1
0.003181266760216049,0.7383411993221294,0.12003878041165449,9.009924696614889e-05,0.0008692168173502745,0.1374751987253832,4.238716300215338e-06,1
0.002238504914967553,0.7436992781913038,0.20155329115535328,7.645475484892559e-05,0.0015585945517509066,0.050869743376925354,4.133054850131873e-06,1
0.6896851573261253,0.010949255205853005,7.327923823650607e-06,2.3652061033593845e-07,1.0233291388295796e-05,5.565594203909197e-06,0.29934222413799555,0
0.710915761666678,0.012472214646433456,1.0009829199039967e-05,1.973156618241675e-07,1.1043788582007552e-05,5.937300843278894e-06,0.27658483545260243,0
0.7605598004479986,0.012680374630446748,1.0210039505075559e-05,2.0126224555241142e-07,1.1264679493114025e-05,6.056054999341042e-06,0.22673209288531154,0
0.8897637279110983,0.013714337319556052,1.082650932276921e-05,3.132984484166344e-07,1.4466321586092096e-05,7.372262510758526e-06,0.09648895637747779,0
0.9329478535612921,0.06333848645170674,8.472979281118256e-06,2.2617721410662936e-07,1.1350784617787037e-05,6.0099379739005775e-06,0.0036876001079140094,0
0.9213590204967614,0.07583689677997195,9.500401501456638e-06,1.9987144981893161e-07,2.6940478574967934e-05,6.7386950748415764e-06,0.0027607032766657335,0
0.9146058803541356,0.0825607739227107,9.080906591683191e-06,1.9104602746228435e-07,2.6571972510553845e-05,6.441144673210865e-06,0.002791060653350823,0
0.8272118303456254,0.17190150435666135,8.90513657898127e-06,1.8868000494459127e-07,1.0319810165988854e-05,5.73946995621295e-06,0.0008615122010073576,0
0.921436495542544,0.06643569583038038,1.018487389873316e-05,2.2559911189111364e-07,1.4247010889031058e-05,8.07988243162075e-06,0.012095071260744298,0
0.910063768139705,0.07978051117487193,8.660876243821806e-06,2.6738861432867363e-07,1.3798355387618933e-05,8.007736215366888e-06,0.010124986328961852,0
0.9291927429081568,0.05984387133676789,9.727321229244046e-06,2.360856909293698e-07,1.4108642962830419e-05,8.176053853513599e-06,0.010931137651338756,0
0.8589531125222047,0.11674117160037742,6.581941880693958e-06,1.4850956070406545e-07,8.11155860773842e-06,5.2215979399001575e-06,0.024285652269429026,0
0.7959777705558221,0.1165869269733432,1.2589492107559681e-05,1.9636095565505782e-07,1.1046262876259525e-05,6.904053561699128e-06,0.08740456630133364,0
0.8213950707449695,0.08428886973504253,8.496852349895297e-06,1.917160365015581e-07,1.2306261088378126e-05,6.740738148415754e-06,0.09428832395236464,0
0.9200053432353851,0.014712008213749728,7.993633000771989e-06,1.9400843516398684e-07,1.1577432524573384e-05,6.341523271662219e-06,0.06525654195363301,0
0.935402729503735,0.007079625296811665,8.214611451141575e-06,2.0946913872548979e-07,1.1914587511935353e-05,5.68789821543044e-06,0.057491618633135906,0
0.9612657140370627,0.003115215261862423,9.211537964200914e-06,2.2356743995073142e-07,1.0443687964131502e-05,7.742525274334411e-06,0.03559144938243227,0
0.9809851976473805,0.0020169098153070856,1.982837057787353e-05,1.841564919592509e-07,1.1522796871371514e-05,8.685623278194685e-06,0.01695767159009306,0
0.980092239248594,0.0018484585622199653,1.6010821416023607e-05,1.785549447693328e-07,1.6647848411263164e-05,9.72369793513983e-06,0.018016741266478967,0
0.9822839023042836,0.0017321652291275502,1.6046624501063487e-05,2.2321733995280676e-07,1.8160339135179458e-05,9.745441877878801e-06,0.015939756843734682,0
0.9908376595632038,0.001824330135745378,1.6941151546854648e-05,1.918083083852718e-07,1.5101199362902758e-05,8.711244729272331e-06,0.007297064897103407,0
0.9909100366405988,0.0018942890113196821,2.0106733474588104e-05,1.9284901193865e-07,1.5183134665755638e-05,8.758509748292735e-06,0.007151433121180717,0
0.9908231606682657,0.0019819609740873005,2.0104970658634628e-05,2.770742205836991e-08,1.5181803516066587e-05,8.757741864203931e-06,0.00715080613418593,0
0.9909259993003596,0.00196016763441495,1.7952742857058812e-05,2.740275548407406e-08,1.5014866727103376e-05,8.661089026996086e-06,0.007072176963858694,0
0.9834940758229144,0.007023487344842234,1.1903867333262566e-05,1.0918430866310396e-07,1.0734533737882864e-05,6.134780638724977e-06,0.009453554466225058,0
0.9847585681910305,0.005535446675007007,1.2843526853071114e-05,1.3746848218612567e-07,1.3129301062667518e-05,7.616818083653541e-06,0.009672258019481031,0
0.9709593776757042,0.011581791506167453,1.094500431255272e-05,1.3839354110372278e-07,1.1833817841621918e-05,6.490904541036035e-06,0.01742942269789224,0
0.9125934621393739,0.028431188458210015,1.443214254010501e-05,1.824864801147778e-07,1.3368623438547621e-05,7.887331231328895e-06,0.058939478818726194,0
0.9285421435472564,0.03005185008609238,1.5254817246695515e-05,1.9288874790474563e-07,1.4559217544941904e-05,8.336932382958624e-06,0.04136766251072892,0
0.9272311889296463,0.02748283540842192,1.5233279857951959e-05,1.9261641950639774e-07,1.4538662232938061e-05,8.325161953280128e-06,0.045247685941468205,0
0.7638469591108963,0.22475258959429886,2.075858617291307e-05,2.6248086951243755e-07,1.6915857601289435e-05,1.4008167248335934e-05,0.011348506202912669,0
0.613226686220388,0.3716418898602409,1.7201624691018227e-05,4.555790791955827e-08,1.6789858329515347e-05,9.749399100719797e-06,0.015087637479341783,0
0.7211436337522107,0.2772045723301015,1.5668361038623537e-05,2.1543326096210095e-07,1.7630385643730138e-05,1.2299496994876152e-05,0.0016059802407497443,0
0.7274370362715127,0.27244701192982035,1.4958391341469946e-05,2.3731785698143435e-07,1.533183395714552e-05,1.334535332307261e-05,7.207890218835333e-05,0
0.7234597394638568,0.27648335309934235,1.5113155740159813e-05,1.8403661421544563e-07,1.8062250255798642e-05,1.3483428703987614e-05,1.0064565486792274e-05,0
0.7320831709858815,0.2678611759789239,1.5113517457071166e-05,1.771662124634988e-07,1.7693444255139103e-05,1.2980069236171713e-05,9.688838033601396e-06,0
0.7481107395143101,0.2505401138474003,1.2378846545057434e-05,1.9549446627415663e-07,0.0013143553988059482,1.3600619353188453e-05,8.616279119077147e-06,0
0.604826871197366,0.39272085852311145,1.2113249852016656e-05,2.1291852884943985e-07,0.002422428387660153,1.3821138248038192e-05,3.694585233533872e-06,0
0.586489098080365,0.40890266344459225,1.3266446603156117e-05,2.651080555857274e-07,0.004577308917267744,1.3321350786076862e-05,4.076652330079696e-06,0
0.6541678334070521,0.34357801393141274,1.3917360983093277e-05,1.0404493479366631e-07,0.0022239149818919627,9.039733222998579e-06,7.176540502155559e-06,0
0.6344934033014652,0.36315921731630024,2.379660869228351e-05,1.1982233846742995e-07,0.0022637271570221354,5.3690325013729156e-05,6.045469167930224e-06,0
0.565808721092502,0.4284532601975863,3.570377267857962e-05,1.3788192360023362e-07,0.005627685031352882,6.73550956548546e-05,7.136928301781655e-06,0
0.5786214747513986,0.40609969655028383,1.8776018610930405e-05,2.1127206092390123e-07,0.015183884061357626,6.468652909986921e-05,1.1270817188353728e-05,0
0.07057339987950194,0.9264065655719594,1.128004551789841e-05,3.956554582911027e-08,0.0029725695327383066,7.360795297281593e-06,2.8784609439560196e-05,1
0.026114353476493123,0.9720891203967161,1.1413430256642338e-05,6.181976879642049e-08,0.0017648535604163893,6.372930094657977e-06,1.382438625429025e-05,1
0.021229259005063634,0.977297753607225,1.1200480247727834e-05,6.066634515249636e-08,0.0014424648401574775,5.694947958192518e-06,1.3566453002858204e-05,1
0.048342771310820445,0.9501025056932384,1.4049673935998933e-05,8.962740888875006e-08,0.0015253474723670802,8.241532895788645e-06,6.994689333359526e-06,1
0.05481438536300548,0.9435743391751551,1.5595030289041704e-05,9.252892515539693e-08,0.0015833596052927475,8.539815927307026e-06,3.688481404996536e-06,1
0.05412400019198186,0.9443474459079045,1.5886649084064664e-05,9.178359672923015e-08,0.0015004456700840885,8.471026977752449e-06,3.658770371004576e-06,1
0.15096882014255195,0.8462434624351384,2.4782437957128e-05,1.731497627611796e-07,0.002738937148158458,1.9011682455954536e-05,4.813003975279266e-06,1
0.08469945553876727,0.9150788304797803,2.8574403281113444e-05,3.1818545832863466e-07,0.0001674238369699688,1.7313545260689117e-05,8.084010482443878e-06,1
0.06686959199585407,0.9330677784143594,2.2559279475633573e-05,2.5120505960880827e-07,1.976792334646661e-05,1.366891558180239e-05,6.382266322878625e-06,1
0.07352980360792938,0.9264184906822326,2.0859394935821057e-05,2.518854553463636e-07,1.2055688843627139e-05,1.4232992518921266e-05,4.305748084307785e-06,1
0.07890958809618585,0.9210357696336768,2.309552819729561e-05,2.7425172102720713e-07,1.1087595028629915e-05,1.549681655224589e-05,4.688078637995315e-06,1
0.3064295443312444,0.6935012000807558,2.98381042995811e-05,1.988144004785293e-07,1.7326107914713132e-05,1.4494707628883824e-05,7.397853756040117e-06,1
0.8320382979157983,0.16792077512343007,1.5170428531078512e-05,1.324672176660883e-07,8.574302569332727e-06,9.021041537199236e-06,8.02872091642168e-06,1
0.8548638068200545,0.14509344636371932,1.6315947570691748e-05,1.3381205528077575e-07,9.07325075706658e-06,9.1126252225565e-06,8.111180620453545e-06,1
0.2966060546529458,0.7033342114530977,2.0657019831750956e-05,1.7407464163539774e-07,1.4571179902784372e-05,1.2982831295230139e-05,1.134878828504816e-05,1
0.2527517623575613,0.7471878242596325,2.785274232175193e-05,1.7077088241772312e-07,1.3635414593297533e-05,1.1683908238531412e-05,7.070546770146957e-06,1
0.3442085512416749,0.6556905371528203,7.05247506939865e-05,1.5220217848218516e-07,1.2349124450227702e-05,1.2712163393335904e-05,5.173364788687641e-06,1
0.41185856133432863,0.5880155347420633,9.010197819640738e-05,1.8103833683347905e-07,1.4688784182419262e-05,1.4778614667358346e-05,6.153508225156692e-06,1
0.2970443738426061,0.7028945744005867,2.4472929530495132e-05,1.8714949330139583e-07,1.6109764916546418e-05,1.39206859215125e-05,6.361226945115631e-06,1
0.5603923840551013,0.43954101538592655,2.6840409817096468e-05,1.964293625298196e-07,1.6908572912705095e-05,1.5845943641558422e-05,6.809203238209564e-06,0
0.5730754516410619,0.42682610994175885,3.680823274693962e-05,3.498886719492126e-07,2.2784364928703633e-05,2.5773859656434595e-05,1.2722071175205425e-05,1
0.4007707817758251,0.599149155472539,3.2031428682654504e-05,1.917417753883381e-07,1.6975662398149236e-05,1.5807379826627513e-05,1.505653895307157e-05,1
0.3958148010145974,0.6040996525498401,3.321694820522394e-05,1.893706730197035e-07,1.6765739269817542e-05,1.7172597477843355e-05,1.8201779936776364e-05,1
0.5868063228003251,0.4129878575630069,4.467320444576588e-05,2.4172456154532076e-07,2.1519517965473716e-05,1.9275453309461963e-05,0.00012010973638579608,0
0.696669073597804,0.3032469622004572,3.1556118296211064e-05,2.2981569899694702e-07,2.1271931217067673e-05,1.7555098844199532e-05,1.3351237682445475e-05,0
0.4033974175992058,0.5965187323210915,2.3978336540483676e-05,1.8181634178920737e-07,1.7695803090409775e-05,1.485489212640823e-05,2.7139231603629635e-05,0
0.1517183360374358,0.006576222620165734,1.3538527093595645e-05,9.905575566198126e-08,1.0650303749624879e-05,8.9041845309117e-06,0.8416722492712687,0
0.8967052030287984,0.08228006344999754,1.9741407192038337e-05,1.6169757874093082e-07,1.4157122693658339e-05,1.4060012878326456e-05,0.0209666132808613,0
0.9136310154788634,0.07740213950855883,1.8018104276719606e-05,1.7110150351081766e-07,1.4177122490649956e-05,1.3453356255454017e-05,0.008921025328051337,0
0.9200878914561444,0.07049613130420902,1.8407520789369798e-05,1.74799436977241e-07,1.4109732418750213e-05,1.2416061190476303e-05,0.009370869125811135,0
0.9222136098934776,0.07011819087833132,1.8783747875055155e-05,1.7837212248475198e-07,1.371308679851734e-05,1.3608758624908331e-05,0.007621915262770207,0
0.9347544685617696,0.05548943306251509,1.2869001781340952e-05,1.0219269331023776e-07,6.955802361063163e-06,1.1061068435309546e-05,0.00972511031044421,0
0.7256788924791989,0.26292813677296956,4.3967478847788455e-05,3.5653940780250443e-07,2.960437615592857e-05,2.6788706506485207e-05,0.011292253646913443,1
0.8407709199458049,0.15912559152357725,1.687498899982406e-05,1.408377294833636e-07,1.4303994376371988e-05,1.2468218061243795e-05,5.9700491450925536e-05,0
0.8449052616073429,0.15503237137152756,1.5198933763611281e-05,1.2684946472305047e-07,1.0586914350720665e-05,1.101355726631472e-05,2.544076628401598e-05,0
0.7059917894387026,0.2939575673389668,2.1228824571667132e-05,1.687656682535786e-07,1.2882136895218937e-05,1.2305574064012635e-05,4.057921131489075e-06,0
0.560782844857449,0.4391666015527237,1.778133171012566e-05,1.1715624453489054e-07,1.578713401524316e-05,1.2884832456449633e-05,3.983135400858601e-06,0
0.5227419728316259,0.4772075699417719,1.9632863330584425e-05,1.821281615865288e-07,1.3833531000635556e-05,1.2809016185365872e-05,3.999687924098942e-06,0
0.550232209994411,0.4497180981882698,1.8577755989057435e-05,1.5783832255886844e-07,1.3857073087584377e-05,1.3092655273661601e-05,4.0064946461768376e-06,0
0.39668635948892617,0.603246054686325,2.544832539553974e-05,2.1621131178222767e-07,1.8763430210504776e-05,1.7669650347375247e-05,5.488207483802193e-06,0
0.30385363194059706,0.6960816047245043,2.7623297150289925e-05,1.8393271625914919e-07,1.6448913457439394e-05,1.575132419730974e-05,4.755867377485698e-06,1
0.4027739334836558,0.5971677579979003,2.2498273758333355e-05,1.7475735333215165e-07,1.6282051555153255e-05,1.491747631441812e-05,4.4359594625326915e-06,1
0.11756927541078567,0.8785733880373026,2.1463574970554262e-05,1.90356644259362e-07,0.003812317805615486,1.848727608782303e-05,4.877538593822578e-06,1
0.41243082658499447,0.525972701698481,0.00034953182729645724,3.007806233484955e-07,0.060535615201992486,0.0007038262531708581,7.197653441349606e-06,0
0.18842203006005603,0.8108381223709179,2.5638622476633976e-05,1.9329212354068406e-07,0.0006888929568893554,1.9133079735632584e-05,5.989617800958885e-06,1
0.11448299021136242,0.8841208774928794,2.6159794048462336e-05,1.8165732163678894e-07,0.0013473195687336431,1.759579185122123e-05,4.875483803345983e-06,1
0.09534435333401985,0.9021428152748552,0.00021718008302161075,2.3524234864291344e-07,0.001903361142282545,0.00038574127615877103,6.313647313169022e-06,1
0.18652587175576318,0.8061211606689888,0.0009556981712783028,3.5160859657707534e-07,0.004471011130418107,0.0019189380859934342,6.968578961777741e-06,1
0.09467954480684435,0.9025144085802439,0.00026790843985859174,1.8364165015516378e-07,0.0021862826204827987,0.0003477223947810448,3.949516139145398e-06,1
0.6343502567309627,0.3383780853461819,0.0008744410967369483,2.630121062092755e-07,0.01148449946588081,0.014907254515613899,5.199832517375173e-06,0
0.6461710119237825,0.3330347626783577,0.0006515667090236609,2.8441573993978555e-07,0.01087248135733506,0.009264257791088942,5.63512467212714e-06,0
0.210866749898023,0.7792626418008741,0.002812332802996349,2.1276362933878445e-07,0.006474532700542561,0.0005778290982275594,5.700935706919322e-06,1
0.06372864596460892,0.9224455572631323,0.0036991440087992696,2.4404348469632116e-07,0.009205014492122314,0.0009153145675188425,6.0796603335319845e-06,1
0.1997693696434825,0.6439446361355304,0.0024538230398493273,2.78488450348232e-07,0.15178542706103576,0.0020378941741756667,8.571457475803653e-06,1
0.1763858841028988,0.7760085661354705,0.00033530627837347174,2.4460936316673556e-07,0.04043477960805792,0.006827690555931126,7.528709905008071e-06,1
0.1618580399131357,0.8036341207064219,0.0004084091462346151,2.387215247425846e-07,0.02798752821799623,0.006104315803631473,7.347491055127916e-06,1
0.04935342399349094,0.9333595811022677,0.0031754709987868177,2.500211707103283e-07,0.013093364443841893,0.0010137614605798889,4.1479798618885185e-06,1
0.03594412889046028,0.909067788930668,0.010494694536101162,2.1210712750434522e-07,0.042992802170159355,0.0014963059529335752,4.067412550318245e-06,1
0.21999367160509556,0.6919912859427801,0.021037140036322177,1.807506706699702e-07,0.0648233738506377,0.0021199989038845207,3.434891060913365e-05,1
0.017141174358979362,0.8520824495189021,0.003498101781564253,1.4911416656504762e-07,0.12641953959761135,0.0008196642403043101,3.8921388472342804e-05,4
0.007903439429357386,0.32793583465744247,0.001464495397895145,6.088858919208488e-08,0.662557803989554,0.00012884057385471634,9.525063307020546e-06,1
0.012077238254760123,0.3577058090302736,0.0020081106375196465,8.427207464014807e-08,0.6279659832483769,0.00022958460385574927,1.3189953139210526e-05,1
0.06641917700371713,0.9161698543669888,0.004405989141429062,1.9413753793573353e-07,0.011032200914340765,0.001969300634900812,3.283801085472232e-06,1
0.11288099908747623,0.8233855351464398,0.0021109582509234617,1.9447791643886563e-07,0.06052165852460124,0.001074540444585912,2.6114068057091417e-05,1
0.02536514889911448,0.2465346458939124,0.0004876108522344876,1.5512366621846996e-180,0.7274592735272261,0.00013395072653815083,1.937010097451821e-05,1
0.01806133982569703,0.6166209087851289,0.0006556614104792114,3.011952230915975e-94,0.36439778727103317,0.0002475605724292988,1.6742135232326283e-05,1
0.037445122404656014,0.9135518944261883,7.237655494379716e-05,2.2330798250218828e-07,0.04890890871706888,1.6481517848766544e-05,4.993071311936483e-06,1
0.08391896184769024,0.9117851779465943,4.391230047096188e-05,1.69017916966683e-07,0.004232840468098808,1.5225626812142264e-05,3.7127924166261774e-06,1
0.06222192440339488,0.9343574714987208,0.0004752796142293853,1.394353730115779e-07,0.0024970458138527463,0.00044331269216639583,4.826542262431697e-06,1
0.05228728924183099,0.9062068633438202,0.004315759738625788,1.978832485158616e-07,0.035525662180624626,0.0016601643883157476,4.063223534244913e-06,1
0.14995760069953631,0.8018142479074911,0.006801838202682272,1.7442054207388513e-07,0.039040173078162314,0.002382384238093998,3.581453492024907e-06,0
0.04083156901850181,0.9134614040725344,0.010226529622615088,2.0867634645165858e-07,0.03362619148823065,0.0018498122788235412,4.284842948061162e-06,1
0.037682710432496894,0.9117364899362669,0.012276864960887935,2.632019096134348e-07,0.03469464901459915,0.003603878535013438,5.143918826150919e-06,1
0.03791306709516453,0.9173099896299859,0.012351914170670164,2.6481087862894415e-07,0.028292583221137414,0.004126966905127336,5.214167036213678e-06,1
0.026371011660580614,0.9360083735572889,0.0056135157757663,1.7342622832362422e-07,0.02966141997927892,0.0023422551921104475,3.2504087461128955e-06,1
0.02650563105554592,0.9309108267221622,0.01620030841332392,1.6241968398997413e-07,0.02399532024381583,0.002384707024826754,3.044120641295118e-06,1
0.022622275300917778,0.39157714131151583,0.4921912434936347,1.7312419367499573e-07,0.011226455293652569,0.08237561500514835,7.09647093707951e-06,2
0.023625582637212428,0.13257392742379803,0.5898794096799151,7.650533441627192e-08,0.006372135839705643,0.24754481324105,4.054672984460181e-06,2
0.024422159988221764,0.10993380428261593,0.813753516561717,6.769444268616957e-08,0.004211604177289511,0.047675259587352005,3.5877083611482186e-06,2
0.0022057999050183004,0.03254182317679911,0.9618250210757925,2.2557542526000322e-08,0.0007501085214819763,0.002675926610115527,1.298153250153107e-06,2
0.0010979741807572053,0.10063011583655991,0.8718650242339321,3.725794984102916e-08,0.0013261536643291644,0.025078216740869668,2.4780856020353904e-06,2
0.00028481499736387973,0.03375573907152173,0.3039126749641149,0.023838872656474813,7.833851575834689e-05,0.6381202398869941,9.319907772179825e-06,2
0.00047850929228135456,0.2088335795405295,0.15738594780584328,0.02121681711275875,0.00011734619131757812,0.6119639237108674,3.876346402025948e-06,1
0.0011589371546712184,0.4403667219555247,0.3310753524522953,0.000674720994537482,0.00012767721393146673,0.22654823061243995,4.835961659991968e-05,1
0.0012210958345185451,0.3725711671217815,0.36035612932133626,0.00019505412537169158,0.00014457929735209828,0.26543280574062533,7.916855901446164e-05,1
0.0010894507482808822,0.3751913623666492,0.38855497363802827,0.00016328091374667657,0.00011317070998506483,0.23484346338147138,4.429824183854523e-05,1
0.0009361560524832014,0.42268522328656755,0.29947978136210635,0.00012010563379330617,0.00016695344467209752,0.27657351742990605,3.826279047156062e-05,1
0.0012964919354120142,0.4642919665643639,0.3862908527340981,9.836242138817117e-05,0.00022350978919053905,0.14776527831490124,3.35382406460761e-05,1
0.00048312433467490224,0.12468599552140562,0.43154223360705346,0.000332509319377502,0.00010243752999197744,0.44283795857408614,1.5741113410491234e-05,2
0.00017573151552051458,0.05002792608606271,0.13413435666183687,5.2394625213088936e-05,3.3282603459129486e-05,0.8155735424678849,2.7660400226391537e-06,2
0.0004941859845218638,0.07700218187047889,0.346162066126034,0.00011329619448655815,0.00010107245956206935,0.5761210280886903,6.169276226417059e-06,2
0.00046862522812320226,0.17732190203813664,0.3566309192523193,0.0005521505423372729,8.270889892088626e-05,0.46493785354928174,5.840490880935175e-06,2
0.0009108758950609492,0.2729718163247702,0.446218810076229,0.003422688830910036,0.0001904365673202862,0.27627809907057,7.273235139497097e-06,2
0.0007189049029860556,0.19661386054187133,0.7224153731844337,0.0023676497917091924,0.00011809665621128205,0.07776052204585267,5.592876935863477e-06,2
0.0007071785364063426,0.1543002326897565,0.7928910729848094,0.001050328923563252,0.00011248282479552655,0.050929223802102894,9.480238565935374e-06,2
0.0007236625078954231,0.12107197788168624,0.8189419130668897,0.000608649585384097,0.0001140520049280695,0.058530132461552885,9.612491663565836e-06,2
0.0008579595089178505,0.17993792825830468,0.7604810354148518,0.00017813551455746017,0.00012513135191556023,0.058409240809210665,1.0569142242086943e-05,2
0.0010507798593104168,0.8319095822993087,0.1466621491926659,0.00020594202846526452,0.000492847628126087,0.01967416972448854,4.529267635186226e-06,1
0.0005434894208867807,0.9086333343753367,0.030222671641166737,0.05018413870248425,0.00019450007619988571,0.01021972982330626,2.135960619362532e-06,1
0.7713722200878754,0.011812099289758229,9.064111313826275e-06,2.6026392405628716e-07,1.1348575984957987e-05,6.172165565103087e-06,0.21678883550557837,0
0.7219152307855007,0.011732880360409722,9.003322018362125e-06,2.605388989982126e-07,1.1272465717248162e-05,6.1307713695553805e-06,0.26632522175608536,0
0.8336031152459059,0.013234057819379103,8.857056096962408e-06,2.8587583116954035e-07,1.3206095021181856e-05,6.726977690168596e-06,0.1531337509300754,0
0.8820775769514052,0.013830193677135498,1.0683537630478008e-05,3.0916112141428004e-07,1.428176397266262e-05,7.27490658413854e-06,0.10405968000215045,0
0.9484846894823454,0.045229605686106227,8.236016509666752e-06,2.3648628102442986e-07,1.1033338617750916e-05,5.608278157070296e-06,0.0062605907119828875,0
0.9135685762912412,0.08348821946098334,9.305257591006972e-06,2.1057811809619687e-07,2.722845416539287e-05,6.336373030858403e-06,0.0029001235848702353,0
0.9088296663662364,0.08888148371291148,8.991178298843379e-06,2.1377556531013633e-07,2.8682971040778162e-05,6.122502158724801e-06,0.002244839493788491,0
0.8829736514082733,0.11600745520550797,7.665214172430942e-06,1.9005930296029642e-07,1.069687464409286e-05,5.9406375053826415e-06,0.0009944006005940234,0
0.9390224847162695,0.04549105352472345,1.2813333067101623e-05,2.714859817157346e-07,1.4304517332029551e-05,8.258350618805751e-06,0.015450814072007464,0
0.9281844777123635,0.06589129531580531,1.0316785897269287e-05,2.558051337271075e-07,1.3849467244312574e-05,7.995638981198056e-06,0.005891809274574613,0
0.9510133308194689,0.03968555225846052,1.1224253518195575e-05,2.0574991036201994e-07,1.2004633112982197e-05,7.234169322080253e-06,0.009270448116206803,0
0.9316070341157027,0.05731489361532232,8.632877673435978e-06,2.3144225259515476e-07,1.2114398102041027e-05,7.1713809851401065e-06,0.01104992216996171,0
0.8309060200816247,0.1225431676510587,7.863977512850335e-06,1.6075412988417783e-07,8.780354206217827e-06,5.652117139490582e-06,0.04652835506432828,6
0.9774239418394888,0.0012321177033258707,9.869249763046716e-06,1.6144400154228916e-07,1.0162121374915612e-05,5.277094740676217e-06,0.02131847054730515,0
0.9776370130202938,0.0009183458415552569,8.601885859134853e-06,1.3081435732005785e-07,8.857148238460776e-06,4.599434376167261e-06,0.02142245185531973,0
0.9695684265551902,0.0019687083032377435,1.8318759038604075e-05,6.086388321568028e-08,1.6943661369598583e-05,9.623302344554526e-06,0.02841791855493619,0
0.9891757406814152,0.0016855247888226414,1.6097921383363457e-05,2.0218237414967608e-07,1.5075870321241255e-05,8.696633473876729e-06,0.009098661922209428,0
0.9909790983739908,0.001796328016360797,1.5877461242090742e-05,1.8886419259991e-07,1.4869407112626955e-05,8.577533560379245e-06,0.007185060343540388,0
0.9867691951272763,0.0025204578140385608,1.6042438809942606e-05,1.7723934363424405e-08,1.9257956663879617e-05,6.018953846504068e-06,0.010669009985430175,0
0.9920482118033284,0.001825927979283086,1.5160796224585158e-05,1.5123106255838122e-08,1.574241680394269e-05,5.135726453462219e-06,0.0060898061548004985,0
0.9926678623647925,0.002530950574069956,1.786383208210468e-05,1.781942232532789e-08,2.8840821570148953e-05,6.05138105052147e-06,0.004748413207012625,0
0.9894854502162518,0.005134340886097841,1.1976384827445255e-05,1.098494515319423e-07,1.3946525471323783e-05,5.863697432164671e-06,0.0053483124404678905,0
0.9806566248775673,0.007225884619351927,1.3305098510429408e-05,1.220366408567472e-07,1.29101006042712e-05,7.5392385836505125e-06,0.012083614028741465,0
0.9772785626062094,0.0044141080269362275,1.295631264367952e-05,1.243751055362057e-07,1.3244596387497603e-05,7.683705384884188e-06,0.018273320377332723,0
0.9352948535682879,0.0252255000403782,1.280488196134604e-05,1.6191066786638382e-07,1.2138280492916457e-05,7.045697654007321e-06,0.03944749562055773,0
0.926068493140994,0.026614562569438935,1.3509993126360817e-05,1.7082640953368033e-07,1.2514428142723312e-05,7.433674684655149e-06,0.047283315367203906,0
0.9139559846201756,0.030294943142334437,1.5378215311583024e-05,1.9444904835575078e-07,1.4748972686340147e-05,8.404370839055366e-06,0.055710346229604746,0
0.7733326563558371,0.20826302009391132,1.9848520363093188e-05,2.5097358943636186e-07,1.6297421021584827e-05,1.3126174861735966e-05,0.018354800460415713,0
0.7249207636972167,0.2606317359187003,1.920178802831033e-05,2.0704367691242148e-07,1.5834885203443896e-05,1.0883035660763478e-05,0.014401373631513469,0
0.7502787065577441,0.24963445144717322,1.570969974396795e-05,2.4923751437926314e-07,1.3781377282215061e-05,1.4015644389608099e-05,4.308603615234183e-05,0
0.7158755543420847,0.2840781887734474,1.4379387367760265e-05,2.2806403882740423e-07,9.322632968407278e-06,1.2824973295948666e-05,9.501826797145618e-06,0
0.621316916382495,0.3764723125781537,1.1612072762764445e-05,1.904446018217656e-07,0.0021801382496063272,1.324929849223963e-05,5.580973888116648e-06,0
0.6539016145582165,0.3434381921017797,2.3304370073270052e-05,1.092973078853813e-07,0.002578279527823388,5.257972762647575e-05,5.920417172791295e-06,0
0.6342436013573254,0.36301624044995956,2.561241966025199e-05,1.197751640556161e-07,0.0026517498166635945,5.663309217815618e-05,6.043089048698837e-06,0
0.5706768132607372,0.4214899310494165,3.753354378025875e-05,1.323313142543459e-07,0.007691288523133226,9.557925352739047e-05,8.72203809128299e-06,0
0.08073251158921957,0.9159164770112773,2.1225153417235815e-05,9.791083709197936e-08,0.003282246344736203,7.970989302271844e-06,3.9471001210403694e-05,1
0.030164638076010452,0.968117075571597,1.826474372825477e-05,7.151612894668707e-08,0.0016767155219493497,7.241845132121369e-06,1.5992725453671936e-05,1
0.030033506175510025,0.9687769987070483,1.560288120405662e-05,7.120523359029046e-08,0.001135492803201598,6.565794711091591e-06,3.1762433091393056e-05,1
0.02346541288426811,0.9755707166792613,1.4180465551612111e-05,7.17045727321194e-08,0.0009042257413631205,6.611568226460231e-06,3.8780956756703477e-05,1
0.02358071180567074,0.9754374918931757,1.600712149476533e-05,7.20568980858827e-08,0.0009231817771748788,7.176381869154783e-06,3.5358963716534095e-05,1
0.05130135955735736,0.9467163873871686,1.4418578811505872e-05,8.445007072440519e-08,0.001956694524186343,7.794190387744016e-06,3.2613120177656025e-06,1
0.1396956495816639,0.8574494593368018,2.5110608200433754e-05,1.7553459136979692e-07,0.0028056178355191437,1.9262648658244047e-05,4.724454565084642e-06,1
0.1396052282333265,0.8568944546786285,2.5094354759057062e-05,1.7532906087336186e-07,0.0034524383157205764,1.7887691955684777e-05,4.721396548938735e-06,1
0.08410997815770804,0.9156669677089464,2.8592768551744845e-05,1.7073358621678456e-07,0.00016887675201002748,1.732467298017895e-05,8.089206217901118e-06,1
0.09135191189578284,0.908430538225636,3.105462789085431e-05,3.4580358201942634e-07,0.00015854741338659352,1.8816340633700667e-05,8.785693087911016e-06,1
0.09358514142060367,0.9063516696144304,2.5492031343193644e-05,3.0782637475056564e-07,1.4733121397388997e-05,1.7393979667967782e-05,5.262006182767047e-06,1
0.09069696281304426,0.9092402325511413,2.654549735457285e-05,3.15218958095414e-07,1.27438403654061e-05,1.7811703602436503e-05,5.388375533992178e-06,1
0.09538072966527962,0.9045550249300396,2.7154463964030425e-05,3.2245023417904125e-07,1.3036190256430199e-05,1.8220312738914804e-05,5.5119874872959685e-06,1
0.3434043378914659,0.6565247764334029,3.121644357390354e-05,2.000434058084192e-07,1.505544221342509e-05,1.6373794631205208e-05,8.039951306919363e-06,1
0.29556998330615986,0.7043299478894135,7.065263638642847e-05,1.5247817351647928e-07,1.237151767127179e-05,1.1709426312376303e-05,5.182745883009079e-06,1
0.37933063929993727,0.6205540672235299,8.228520068492079e-05,1.653323953169442e-07,1.3414461907075555e-05,1.380881958747128e-05,5.619661958137989e-06,1
0.31379195803993504,0.6861469038054021,2.4507562582091418e-05,1.874143393244128e-07,1.6132562772392144e-05,1.3940385885637133e-05,6.370229083610385e-06,1
0.33404495278406937,0.665878171957089,3.102780141986184e-05,2.3376381611031712e-07,2.0122310015914502e-05,1.738798543603461e-05,8.10339815358794e-06,1
0.5033516782350145,0.4965743935818847,3.2274408180327154e-05,2.0581770718515144e-07,1.769430698857468e-05,1.585599514183815e-05,7.897655082822957e-06,1
0.7308457278876102,0.2690444074567835,3.2321259613926275e-05,2.1902792745102069e-07,1.949895115990936e-05,1.746487815759382e-05,4.0360538747542515e-05,0
0.4328315277606678,0.5670881227004725,2.2399270323181534e-05,2.0546496540998573e-07,1.443429238968962e-05,1.580213118892478e-05,2.7508379992298957e-05,0
0.48422407110832555,0.5156867159702443,2.50588627909385e-05,2.2986098664228486e-07,1.614815783097992e-05,1.700143377924941e-05,3.07746060421716e-05,0
0.457595472862808,0.5423210622187393,2.4410846929865054e-05,2.1712052929666293e-07,1.526013339571763e-05,1.4494578105180928e-05,2.908223949255877e-05,0
0.7856019188435255,0.21434322111678802,1.964976769934077e-05,2.0551112120866546e-07,1.0860082772191192e-05,1.2070579471338045e-05,1.2074098622346617e-05,0
0.3617141466586332,0.006260912161419099,2.3812484253097526e-05,1.817323702531149e-07,1.6096408913042942e-05,1.5429530345421446e-05,0.6319694210240658,0
0.3598287833970518,0.006279405589890581,2.388282136419399e-05,1.8226916976468433e-07,1.614395434719157e-05,1.547510595939507e-05,0.633836126862217,0
0.27212864129054304,0.005351696527750256,2.03544125853899e-05,1.5534102216872085e-07,1.3600586522846913e-05,1.3188839237075772e-05,0.7224723630023393,0
0.8315560213914251,0.03183447864127542,1.819986007028214e-05,1.5660029931402062e-07,1.3356988415118687e-05,1.2797551946711681e-05,0.13656498896656805,0
0.9145729583234133,0.07434798544938746,2.0083135429297145e-05,1.6777698431030123e-07,1.4493380406586915e-05,1.1917254080294937e-05,0.011032394680298784,0
0.7424426979142655,0.24549879964068794,4.933494686509472e-05,3.764412793602781e-07,3.2054895558951956e-05,3.584526928458779e-05,0.011940890892058634,1
0.7298777081051608,0.25949038265617413,4.41135353156328e-05,3.5860236326705974e-07,3.283892515464558e-05,3.081090549408318e-05,0.010523787270337308,1
0.8177070849205044,0.17181178899780752,2.7510356569615772e-05,2.386400006888818e-07,2.079995593042265e-05,1.9515421818326076e-05,0.01041306170736893,1
0.7976656559534956,0.18975568497211026,3.238080024584794e-05,3.3320365862013784e-07,2.1649439118018178e-05,1.7558598244266202e-05,0.012506737033127399,1
0.7976156484133833,0.18974378874095507,3.237877021715725e-05,3.305989628769911e-07,2.1648081863650983e-05,1.7641085201591563e-05,0.012568564309416382,1
0.8023672729960779,0.1871975081258927,2.6994274828936172e-05,2.4850850069243753e-07,2.0409758244854034e-05,1.6825538114519204e-05,0.01037074079834031,0
0.8941982896935136,0.10552506174391944,1.587475909325868e-05,1.165543287007775e-07,9.423357877735133e-06,8.873171915458943e-06,0.00024236071935165358,0
0.8638744208647219,0.13569036072573207,1.8092330845749372e-05,1.2631810578950235e-07,1.1495498086660014e-05,1.0853177832443654e-05,0.00039465108467528814,0
0.8618063706863743,0.13812730962212472,1.4537813986713904e-05,1.213317954495624e-07,1.1041722116746492e-05,1.042475696190511e-05,3.0194066640033233e-05,0
0.8304981036675346,0.16942201223992526,1.6001785395790262e-05,1.3355002026055506e-07,1.4043722108795342e-05,1.1595325209045492e-05,3.81097098062463e-05,0
0.6758713780849708,0.3240628266122301,2.3135358959798932e-05,1.8655262683942395e-07,1.4246392233711914e-05,1.2770064718439232e-05,1.5456934260306717e-05,0
0.8106826447277778,0.18927105716932383,1.5045637827932319e-05,1.3016351204034376e-07,1.0768954339071037e-05,1.09024748974754e-05,9.450872321747589e-06,0
0.38591655951050974,0.6140135303125535,2.6588339928690878e-05,2.2589698004653759e-07,1.788290027617148e-05,1.9407421042439645e-05,5.805618709554172e-06,0
0.3581539880589371,0.6417753556923336,2.678796340918897e-05,2.2759299948633105e-07,1.8017163897146076e-05,1.984641346722572e-05,5.777114956408787e-06,0
0.4027745604767018,0.597168687601334,2.1259792286580666e-05,1.7475762537469505e-07,1.628207690121528e-05,1.4599328783142276e-05,4.435966367934219e-06,1
0.3453871307996476,0.6545534060557383,2.1792021956609264e-05,1.791326066555265e-07,1.6689691627629326e-05,1.6255279563184308e-05,4.547018860095859e-06,1
0.23162700307704212,0.7682857336606661,2.4361829214663235e-05,1.7671261622092947e-07,3.9101445466522194e-05,1.900809354596192e-05,4.6151814484942e-06,1
0.11757809530485872,0.8786392974697695,2.14651851400225e-05,1.903709245671431e-07,0.003736747627494545,1.6612280488888822e-05,7.5917613237594805e-06,1
0.12570086479354892,0.8709437876499134,2.0458856972665444e-05,1.814459783163641e-07,0.003311601847360648,1.586956092196181e-05,7.235845303929473e-06,1
0.16449443885435602,0.8330936332580067,2.722155534175285e-05,2.0383032512735647e-07,0.0023603415610397465,1.52636347326902e-05,8.897306197941642e-06,1
0.13682364400082747,0.8625577908596979,2.3348037207170017e-05,1.8420774396985315e-07,0.000574229706473518,1.5859253700852788e-05,4.943934348936479e-06,1
0.16895421294564525,0.8214804275849619,0.001509167059330002,3.587913325229254e-07,0.006110593606513656,0.001936449440735651,8.790571480836788e-06,1
0.15562670273826198,0.8332134724028339,0.004023188543907918,2.274547774090436e-07,0.006501969003133964,0.0006283452766048236,6.094580480086912e-06,1
0.12204751152626124,0.8646666972058435,0.005539307394635544,2.570239714244323e-07,0.007042386177630036,0.0006980619635114177,5.778708146768137e-06,1
0.14461916001369537,0.6740062014825732,0.0032804795425069866,2.6527006720220833e-07,0.1768541397748345,0.0012315893008861367,8.164615436597538e-06,4
0.12965377603623024,0.4111486803526663,0.0024382650610937765,1.942375321985312e-07,0.45515982358960505,0.001593282382494575,5.978340377717282e-06,4
0.1886361273345834,0.7749080302201743,0.0003155382276219698,2.3018836774479255e-07,0.029707826524041015,0.006425162651950562,7.084853260815542e-06,1
0.034213491830776585,0.8800737523356011,0.009665538185254858,1.9713220414697538e-07,0.07442978309299719,0.0016134571730131353,3.7802501530877598e-06,1
0.018822477684728903,0.13301680510285185,0.0032683454284736188,2.292134960652683e-264,0.8446019975987302,0.00028027426625991717,1.0099918955342046e-05,4
0.0023005844072979593,0.07290036264153985,0.001174650646720283,1.9481907343413387e-08,0.9233209190710588,0.0002991570233656595,4.306728110181856e-06,4
0.004402700141882818,0.14185392600373006,0.001749374597672108,4.310374547400433e-08,0.8515145761783542,0.0004698513330396632,9.528641575732564e-06,4
0.005137192985805476,0.18341104219102755,0.0007199552486403804,1.44458e-318,0.810653873053449,6.852303139606884e-05,9.413489681569373e-06,1
0.008255690063638344,0.3461971512351403,0.001641376519162445,6.427920920275729e-08,0.643762854736689,0.0001283872036917339,1.447596246892079e-05,1
0.06019532448999221,0.9170323671713427,0.012007691782100564,1.8588203718525479e-07,0.00987182076929817,0.0008892114305811708,3.3984746480234227e-06,1
0.2095630807032942,0.7531469513434281,0.00543074012485351,2.850154787797188e-07,0.029819600509731647,0.0020341703776163315,5.17192559729695e-06,1
0.05620607042845784,0.8364130620889195,0.001977454803747868,1.6211610016625297e-07,0.1048135061276786,0.0005046326738993405,8.511176119662311e-05,1
0.04104901122807832,0.9263375846876853,0.002234523896581888,5.578058678189799e-137,0.02978144930268467,0.0005562751497600061,4.115573520992989e-05,1
0.014617683853901641,0.47968705520768434,0.0009536387458942096,2.343083855072031e-94,0.5044671295980611,0.0002570550677023956,1.7437526756318322e-05,1
0.08405120710164464,0.9132220315462403,4.398150048487583e-05,1.6928426698889456e-07,0.0026638929508736387,1.4998973200286005e-05,3.718643289482635e-06,1
0.06520715160613745,0.9276761438386845,0.0017137295323454498,1.4011509845320696e-07,0.00464244870837217,0.0007564788775546894,3.907321807244527e-06,1
0.059853530202186485,0.9333398673000215,0.0021268439588347857,1.4494050788472873e-07,0.003567401820899324,0.0011089421852815483,3.269592268460971e-06,1
0.032751480688478087,0.9439899337041395,0.0031037645441841693,1.7525979297981352e-07,0.018999654727759826,0.0011504789173698406,4.512158275483521e-06,1
0.15211731773321344,0.8057232282165147,0.009361606422558085,1.7773617796275232e-07,0.030864484209503502,0.0019295361471340815,3.6495348979835944e-06,0
0.04098909709137517,0.9121631985916904,0.009636884796835025,2.0245220278638535e-07,0.035542411042322135,0.0016645455074027042,3.6605181718102098e-06,1
0.01926817335680498,0.916726957473182,0.02326338000298982,1.825930894786024e-07,0.03758904670493511,0.0031488376520668404,3.4222169319943436e-06,1
0.02201559986164934,0.895289582286801,0.030234169828033685,2.0862882646026917e-07,0.046337829664297,0.006118699543514881,3.910186877571351e-06,1
0.02530716863818175,0.830958164418245,0.08983713329946712,1.9924607323613138e-07,0.028908146363402925,0.024985453702254995,3.7343323748403934e-06,2
0.02219749792539544,0.3800886081257384,0.39053374634796556,1.6752534418869487e-07,0.010863390882378867,0.19630972222264612,6.8669705315197585e-06,2
0.028075451152818096,0.21446694267065947,0.5315068302809199,1.6906203699372252e-07,0.009433669763661468,0.21651020721358516,6.7298563188753805e-06,5
0.000835013180269996,0.07964399392934066,0.9021859451237181,3.348492681523262e-08,0.0011134780713083251,0.01621960920236226,1.9270080739615318e-06,2
0.001539192975181324,0.11363047987064812,0.8566211867785124,5.6779272625136834e-08,0.0017245442119443,0.02648076290456009,3.776479881119176e-06,2
0.001782495736915444,0.14088626415545705,0.8147032381287482,6.954556390632857e-08,0.0012159459124407076,0.04140736093462168,4.625586253055754e-06,2
0.0024828953724345204,0.15734450076635986,0.7801160295865277,9.731679675903919e-08,0.00225696841490853,0.05779389118389052,5.617359082092105e-06,2
0.00016213579397186126,0.04301935425615035,0.8490885739821754,9.314436827076604e-05,2.730223604965498e-05,0.10758898502320255,2.050434017921272e-05,2
0.0006218476321883273,0.06026764178169943,0.5571724759911428,0.015442278857171,0.00014796883809242728,0.3663311470962681,1.6639803437931034e-05,2
0.0006908537949580979,0.3208231171181441,0.6183358767009748,9.458829688411553e-05,0.00012465521033248048,0.05988796279676665,4.2946081939798505e-05,1
0.0004600554718074942,0.15299827261190807,0.7521611508587762,0.00014136203459132348,0.00011150641408786275,0.09411770467509671,9.94793373221502e-06,2
0.0005023791717219286,0.12693722436587226,0.3710051271662097,7.466569112218389e-05,6.87875572199697e-05,0.5013847192417706,2.7096806083297922e-05,2
0.000963859757984264,0.2793037930630789,0.5200904022495577,0.0023442170088565995,0.000270724646138723,0.19701930696943237,7.696304951454709e-06,2
0.0009155298138936598,0.7165957340513667,0.26244710637898383,0.00025010358075786807,0.00038298170813341303,0.019404458159441033,4.086307423507646e-06,1
0.0024594665853304087,0.8533454937780655,0.12396005093840524,0.00024240729710722276,0.0006167093610699048,0.019371304657502895,4.567382518863244e-06,1
0.002072759916330406,0.8114196876859074,0.17311043719418137,9.23065365731436e-40,0.0006372559096629208,0.01275581854692691,4.04074699097859e-06,1
0.004818151729392052,0.8733122058124172,0.10455176060223156,0.0001977940820333951,0.0008603694809840641,0.0162554283667665,4.289926175077247e-06,1
0.004568965238508946,0.900984187767556,0.07177172178819419,0.0007025094360357212,0.000765896168746707,0.02120295596236289,3.7636385960627364e-06,1
0.0009852827920326691,0.9241339172195822,0.055301285168279146,0.0007517585207860651,0.0003285085278058688,0.018495410939790614,3.8368317234193925e-06,1
0.0051718477438757494,0.7514723295220463,0.16481819179937499,0.0001394868334741172,0.0006256188097568094,0.07776471530708712,7.809984384903892e-06,1
0.0025302538463213508,0.7396998936891204,0.131104187194734,7.04225665779409e-05,0.0011659890535648248,0.12542504525467538,4.208395006073941e-06,1
0.0022551954272574497,0.7777589278114831,0.1857303919526345,6.560944483341499e-05,0.0015055078604088701,0.032680429983289946,3.937520092923882e-06,1
0.0023024090568481777,0.7302594362122383,0.23537918382058282,4.296779727874272e-05,0.0024988883148378115,0.02951316236568049,3.952432533762033e-06,2
0.8387013050347808,0.011906316339422917,8.769459152628241e-06,1.984529914428825e-07,1.0482824202069315e-05,5.971523509852113e-06,0.1493669563659402,0
0.8049349174929548,0.01253715868788286,9.620491592430582e-06,2.2873820987376315e-07,1.30103583316261e-05,6.551030197035142e-06,0.18249851320083152,0
0.9216713883513329,0.07332409533044966,9.307989126862892e-06,2.213081057186561e-07,1.296944319752465e-05,6.3382330578335834e-06,0.004975679344729541,0
0.9529146792566897,0.031005892801576722,1.2042556900563343e-05,2.1948881759816137e-07,1.2070809257818983e-05,7.8747162291929e-06,0.016047220370528477,0
0.9478705209804983,0.03434730913377935,1.129510179793716e-05,2.0586562793522035e-07,1.1191353226289283e-05,7.238237953345264e-06,0.01775223932711711,0
0.9361023164315954,0.040619453982036674,1.0035224894705777e-05,2.3756781771762958e-07,1.2215408026116618e-05,7.361185399632197e-06,0.02324838020022976,0
0.8016099483437354,0.018306387262888156,7.70249771419478e-06,1.8694247387149216e-07,1.1262543454204244e-05,5.333304352068554e-06,0.1800591791053821,6
0.7400723807203996,0.11589788641315968,7.219431996314483e-06,1.6289336699407274e-07,8.897198853192037e-06,5.727332741994748e-06,0.1440077260094822,6
0.7099242412227944,0.14348679505384088,1.1111039681901991e-05,1.733012222907263e-07,1.0943454001639412e-05,6.093273059359765e-06,0.14656064265539953,0
0.8825445804856716,0.08171257489640074,8.896627677594253e-06,1.7827388118705118e-07,9.56530434167603e-06,6.26811180594132e-06,0.03571793630022141,0
0.9664638417305726,0.0020058294564277816,1.0078357746960684e-05,1.4936438312140825e-07,8.14489792612826e-06,4.261234475227088e-06,0.03150769495846842,0
0.9678008705815393,0.001455917918165377,9.88890627777609e-06,1.4571928942874518e-07,7.94612954883859e-06,4.7631035437267644e-06,0.030720467641635375,0
0.9680372749858153,0.001484263684138747,1.008143679037234e-05,1.3810683680322064e-07,9.337481357558428e-06,4.85583804247347e-06,0.03045404846701876,0
0.979198259685896,0.0011871532235111248,1.0197670704788318e-05,1.3969913942664998e-07,9.445137838627844e-06,4.911823421857658e-06,0.019589892759487984,0
0.9841184540934613,0.0011237884018964607,1.0853921927008169e-05,1.2876966949494395e-07,8.061281332195695e-06,4.5275431276527716e-06,0.014734185988585793,0
0.989667333863161,0.0010791794669670624,9.137942519664421e-06,1.0841148904830293e-07,6.786811803496462e-06,3.8117492583804512e-06,0.009233641754801437,0
0.9801322849887045,0.0018053905812891163,1.8233467556429252e-05,1.5899494579514873e-08,1.66485286282715e-05,9.949119035404162e-06,0.018017477415291805,0
0.9910037762429565,0.001904474450620939,1.9318948985605366e-05,2.6624175799948024e-08,1.458825743226889e-05,8.609736553576965e-06,0.00704920573927547,0
0.9901390370057517,0.00154617933461529,1.6561135061671502e-05,2.1615281008165972e-08,1.1843720015497097e-05,6.989958164722148e-06,0.008279367231110108,0
0.9925047608882739,0.002563267781952589,1.2358196044636209e-05,1.7816494483899594e-08,2.8836082844578755e-05,6.0503867711439085e-06,0.004884708847618601,0
0.9926389443715549,0.0028434534454413883,1.2014553614613125e-05,1.0811631650549188e-07,1.4344989330801412e-05,5.882385059735906e-06,0.004485252138682027,0
0.9767842588238723,0.004418551440737563,1.2949759389991203e-05,1.243121970805744e-07,1.3237897320987426e-05,7.679818995906225e-06,0.018763197947486168,0
0.9669684950151811,0.006349984839320142,1.0900017643764497e-05,1.3782470949632706e-07,9.427314075425536e-06,7.120999598673987e-06,0.026653933989471294,0
0.9630127949613141,0.015251254468049645,1.0866111024950104e-05,1.3739597900791637e-07,1.1748517848332258e-05,7.924343500010702e-06,0.021705274202283995,0
0.9271221560210762,0.026501324278006586,1.2674301629485273e-05,1.6025955161200422e-07,1.291176064650164e-05,9.243005110491944e-06,0.04634153037397924,0
0.6748772636548276,0.323371249021954,1.6028297413427056e-05,2.1984230541712165e-07,1.2855172895530622e-05,1.2636739082575696e-05,0.0017097472715215981,0
0.7427513647835624,0.25712593749402646,1.4117205286394296e-05,2.2397227273001952e-07,1.1549589946091968e-05,1.2594876559952773e-05,8.421207834589107e-05,0
0.7504803114889169,0.24946733608182223,1.4445075804919641e-05,1.6608199668310158e-07,1.523422084794387e-05,1.2887391163565877e-05,9.61965944769355e-06,0
0.7398525938772458,0.2600977816936693,1.3694799729530536e-05,1.6547169510727979e-07,1.6019351692820988e-05,1.221802110315322e-05,7.526784864213363e-06,0
0.8029786179768251,0.1969635466483361,7.443678195830668e-06,1.1104996775420402e-07,2.5717451432444226e-05,1.1557489692178745e-05,1.3005705550601035e-05,0
0.6340527934685684,0.36290702947443443,2.7774023009330686e-05,1.594191616502583e-07,0.002956127742269549,5.04525038186091e-05,5.663368737922745e-06,0
0.05773401111219282,0.9358640797356607,0.00038722927294621495,1.0337338425064734e-07,0.0051346259971150835,0.0008214438025672263,5.850670613373636e-05,1
0.07370148323724306,0.9227289959430557,1.8850889631349918e-05,9.635206477918288e-08,0.0034960923465798097,7.4166218990061175e-06,4.7064609526314196e-05,1
0.04478492844880699,0.9536542574098712,1.366544349971061e-05,8.003893345646565e-08,0.0015365906259661524,7.387071205985201e-06,3.0909617165693774e-06,1
0.04882623435229217,0.9489480787248896,1.4898586867400746e-05,8.726149304268933e-08,0.002199277523974411,8.053666319748494e-06,3.3698841635907538e-06,1
0.12996671939555687,0.8663698828222112,2.3286215285117394e-05,1.6278125372334043e-07,0.0036177044479509058,1.7863134976145273e-05,4.381202766144719e-06,1
0.16114848965931652,0.8356057965822157,2.6863059247462564e-05,1.8768663292062533e-07,0.003193510578266769,1.9148455237028592e-05,6.0039790838072724e-06,1
0.18369203336042678,0.8133722948227023,2.6148296523834662e-05,1.8269273376345585e-07,0.002884857640316809,1.863895995235515e-05,5.844227344326878e-06,1
0.0842091876256918,0.9136598955788591,2.8530095384637122e-05,1.703593512223488e-07,0.0020768581667999263,1.7286698618836206e-05,8.071475295057956e-06,1
0.07663836172459593,0.9233021086461172,2.3368019191986444e-05,2.644841001223322e-07,1.4232595219880102e-05,1.4944889188771982e-05,6.7196415859469045e-06,1
0.07307332027108611,0.9268756299628929,2.039494936965806e-05,2.503217151006821e-07,1.1980845435903297e-05,1.414463210451101e-05,4.2790173961148535e-06,1
0.1261101463778879,0.873821169887865,2.724232525458412e-05,2.5116499269505717e-07,1.8412907091871284e-05,1.6810288373721366e-05,5.967048534356085e-06,1
0.8361418012903115,0.1638056035661748,1.8698954622608704e-05,1.632780832161053e-07,1.1071222163387125e-05,1.1119267066661071e-05,1.1542421577964e-05,1
0.36419501641251567,0.6357259338983849,3.985959995252526e-05,2.0224791901411704e-07,1.5221355811241467e-05,1.689206171756965e-05,6.8744236991026344e-06,1
0.3789060742759953,0.6209795927296833,4.754759635529647e-05,2.1816666538412126e-07,1.7701240078078398e-05,1.7809493488332746e-05,3.105649773426723e-05,1
0.33418546846299657,0.6657492852917067,2.6100322435096053e-05,1.995944994098324e-07,1.7181026821963514e-05,1.484637916422863e-05,6.918922375996247e-06,1
0.35420465653674127,0.6457290447194753,2.5234773671325877e-05,2.0208110874929537e-07,1.771923240425197e-05,1.4904038172194125e-05,8.238618426891551e-06,1
0.5200245000888937,0.47990832305548237,2.7108975615290478e-05,1.9794966304976572e-07,1.7039439865892043e-05,1.596858618362563e-05,6.861904296188598e-06,1
0.5413942174437623,0.4585384221932723,2.718302933511341e-05,1.9849040310186355e-07,1.708598658619883e-05,1.6012207647748515e-05,6.880648993347686e-06,0
0.5403143167071449,0.459563341510802,5.5977351402024215e-05,3.8398373741656316e-07,2.4531908046265834e-05,2.775069470084147e-05,1.3697844166593854e-05,1
0.39091529948167536,0.6090003043689566,3.402743538793173e-05,2.088354278103793e-07,1.6964362934854972e-05,1.679669617790318e-05,1.639881943953035e-05,0
0.3871321486316449,0.6127205878189119,2.8650227606088245e-05,1.7381749521951552e-07,1.5388754546380796e-05,1.4181191764499124e-05,8.886955803118108e-05,1
0.7474528288438378,0.25243621903612506,3.2970538304165496e-05,2.2342782298603057e-07,1.8771123521993944e-05,1.7815717615919394e-05,4.117131277208155e-05,0
0.6212338108064137,0.37867915147978287,3.432151918812868e-05,2.476311899147819e-07,1.8548159647007337e-05,1.8851581306028622e-05,1.5068822472359675e-05,0
0.5977512721281595,0.40217925066723026,2.6324766079548926e-05,2.1979250750449338e-07,1.801964494177485e-05,1.600622572502234e-05,8.906775356437764e-06,0
0.7418141511285598,0.258135321061744,1.8779763260799366e-05,1.885232507383998e-07,1.1432625951878026e-05,1.2487263549003729e-05,7.639633683864263e-06,0
0.7017470344458209,0.29819399140162156,2.24003715520365e-05,2.2486922780080568e-07,1.2341688153910057e-05,1.4894721476589002e-05,9.112502147310275e-06,0
0.32905885836494586,0.007604680326481684,2.892331434388637e-05,2.2073725762597189e-07,2.014884533636258e-05,1.7973059698019127e-05,0.6632691953519366,0
0.848084971051861,0.027906731081541302,1.883506353626071e-05,1.4335138109168955e-07,1.3085080595069327e-05,1.1672080000740573e-05,0.12396456229108457,0
0.8772196279279624,0.06024751247428181,1.78289593175485e-05,1.545895928406333e-07,1.3746725362492137e-05,1.214309668094609e-05,0.06248898622680198,0
0.907312548809517,0.07435574148391627,2.030430654151448e-05,1.5526153153468002e-07,1.4427039147436111e-05,1.2195877831187487e-05,0.018284627221515023,0
0.9206558479159157,0.06906883913495425,1.9331789344136693e-05,1.621554982865322e-07,1.3202391413314834e-05,1.1517958089074948e-05,0.010231098654785404,0
0.83280217399423,0.1582590027827129,3.2068835720076955e-05,2.4469537950595245e-07,2.3152795050656086e-05,2.1024084013584803e-05,0.008862332812893298,1
0.7259710951353958,0.2619726545868885,5.5485049074992335e-05,3.942619884162677e-07,3.6104446749787634e-05,3.3874759648352795e-05,0.011930391760254134,1
0.8379508310621705,0.15107617296717246,2.5512170404884504e-05,2.3486429092482048e-07,1.619584611460124e-05,1.8736388092655612e-05,0.010912316701753771,0
0.945750331574506,0.05006527814116896,1.1655624514137914e-05,1.1736485670879104e-07,8.540575292091484e-06,9.086840302877622e-06,0.0041549898793592,0
0.91918766922165,0.07789725092106171,1.4406148453059213e-05,1.2107943142878213e-07,1.0059866340435595e-05,9.374437018114246e-06,0.0028811183260452986,0
0.8905946654100032,0.10791136077882993,1.4334109015908079e-05,1.201952021231487e-07,1.0359900775752704e-05,1.0640756532245254e-05,0.0014585188496409,0
0.7949541685330017,0.20499735876680558,1.4592719047528916e-05,1.4592106233957039e-07,1.142148781895776e-05,1.0470573089045916e-05,1.1841999174974772e-05,0
0.7774682174315468,0.22248138236952147,1.517915451323798e-05,1.3131859771196013e-07,1.1880481479178685e-05,1.0891352478117702e-05,1.2317891863546656e-05,0
0.36340672983512184,0.6365205803481109,2.655231712820455e-05,2.2559092702237342e-07,2.0409362246151668e-05,1.977625118662946e-05,5.726295279171576e-06,1
0.3430295881250644,0.6569105691307031,2.2999774285731923e-05,1.9015137417191394e-07,1.6160948274360105e-05,1.5665156162838676e-05,4.826714135274725e-06,1
0.44452170545232833,0.5179313093885559,3.848997626755866e-05,2.9808685892994654e-07,0.03747761655083016,1.64749263307351e-05,1.4105618828398622e-05,1
0.3755810662068542,0.6150419575027949,4.413767380276559e-05,3.177814855984007e-07,0.009298393212194606,1.8892319373121355e-05,1.5235303494826791e-05,1
0.2125251858025039,0.7868059632248199,2.9729102848457066e-05,2.1980016548847333e-07,0.0006169101109717298,1.6092762681770337e-05,5.8991960090354725e-06,1
0.12941115139747716,0.8696966157562722,2.1767390643951435e-05,1.9878686052726537e-07,0.0008491787312986747,1.575271555771086e-05,5.335221889687941e-06,1
0.11303165139683814,0.8849517702231305,3.002484368789264e-05,2.3630657783605974e-07,0.0019626236167542633,1.735140295070675e-05,6.34221006058532e-06,1
0.09130852833626915,0.9048892845815177,0.00040492956718316724,2.414537327489283e-07,0.0018318669263773383,0.0015586687808518864,6.480354068131455e-06,1
0.17199587235440186,0.8217580471189856,0.0011028282802167276,3.448038535604563e-07,0.0030656994033009437,0.00207037432441419,6.8337148273750425e-06,1
0.709516850973025,0.27725813395244037,0.0005154474729903353,2.089836566280564e-07,0.0055178551522220036,0.007187371792682833,4.131672982649237e-06,0
0.6908397433281516,0.29626043539066665,0.000550774437497045,2.2330666451351762e-07,0.00495078077936149,0.007393627914280717,4.414843378198185e-06,0
0.19377279809791134,0.8027573952041005,0.00016224680904576558,1.7381630750493172e-07,0.0025251065114985697,0.000778100279885956,4.1792812502170745e-06,1
0.11733186923895744,0.8718990899774264,0.003608545478377488,2.793965809967435e-07,0.006746203243629696,0.0004079908130099393,6.021852017870576e-06,1
0.055366119015107344,0.9304863120098007,0.002863802860829564,2.092215039021644e-07,0.010514783755879102,0.0007639176260098736,4.855510869506789e-06,1
0.05839860856279845,0.8269494396250674,0.002874978841252239,2.4421426593084135e-07,0.11090295900696627,0.0008676432320799977,6.126517569756e-06,1
0.055730035918687554,0.9220859921373796,0.004693363029743499,2.567616967049274e-07,0.016692285979944068,0.0007934618114263382,4.604361122351506e-06,1
0.04632783646219003,0.8993311466040682,0.003932682202226656,2.0879007697151348e-07,0.049436714925286056,0.0009670833664218879,4.3276497300832325e-06,1
0.1968517840229035,0.28393570891925746,0.004411009614936769,1.3919235741154357e-07,0.5081665890375072,0.0066322877814005135,2.481431637175443e-06,0
0.001970988510296291,0.07079275515286995,0.0009597796634539908,1.775038524546683e-08,0.9259019673421726,0.0003705696840612765,3.921896760624237e-06,4
0.0027999833066936182,0.072964909250388,0.0006272791238222656,1.924437354732929e-08,0.9234586111497619,0.00014486173490531497,4.336190055230723e-06,4
0.018523553568283824,0.8038731420093567,0.010979191403349832,1.968980522508885e-07,0.164481728748753,0.002097845059192929,4.4342313011299494e-05,4
0.003355473072231461,0.20891234057422692,0.0015302953902946277,1.3187637480655657e-137,0.7859065654594798,0.00028441075327212444,1.0914750494964874e-05,4
0.026689965817224794,0.9157290269819643,0.004341618980517778,1.700254825564154e-07,0.05257407826996661,0.0006187443036043468,4.6395621239637226e-05,1
0.00932729549657467,0.2995887776125183,0.0015711067456257064,5.9094991864775145e-08,0.6893504845442046,0.00014896805231039568,1.330845377448995e-05,1
0.0843371213557936,0.8912566102914825,0.005138805480266274,2.5447248265001677e-07,0.01741903593132041,0.0018441708830297912,4.001585624653285e-06,1
0.025116213646651328,0.9479563430548469,5.779000227755724e-05,1.5631265065516877e-07,0.026851166124985174,1.3619915194760889e-05,4.710943393941054e-06,1
0.11075312533994236,0.8871140961956826,4.842835144907459e-05,1.6891728437197336e-07,0.0020655559047153874,1.4807508910892235e-05,3.817782015448962e-06,1
0.0609009193145666,0.9371846505414752,3.956897745150542e-05,1.3985727659390237e-07,0.0018586203151249852,1.1119985050473402e-05,4.981009054764122e-06,1
0.1464428503853587,0.8278557152588205,0.005568138910406657,1.8758538444969462e-07,0.01858696394009413,0.0015422921469609799,3.8517729746855365e-06,0
0.05054891452050957,0.9114538955201759,0.011770056608615992,2.0879364131120515e-07,0.024590419215697365,0.0016322180899450403,4.287251414858277e-06,1
0.05221194348329891,0.916512382917371,0.011596884902017603,2.156628268523884e-07,0.01798822764915545,0.0016859170859158824,4.428299414430577e-06,1
0.0426978764902738,0.9144618441869653,0.010485485796983964,2.1110095837672999e-07,0.03042688658611077,0.0019238789432451061,3.816895462678249e-06,1
0.04155302138856094,0.9104865953616673,0.012746242121558395,2.08114216292259e-07,0.03344674986008953,0.0017634202614321057,3.762892475680611e-06,1
0.03737970460995638,0.8182117706885244,0.09315301030032051,1.5548609093284607e-07,0.04985119801822002,0.0014012467278216177,2.9141690663071572e-06,1
0.02348318437341003,0.8167457250477637,0.10054880780986009,1.7653049840265735e-07,0.05791821498867822,0.0013010594451548904,2.831804634678671e-06,1
0.016096651161099075,0.8051471270804841,0.12746772911414633,1.7104172983799095e-07,0.04799156279295623,0.003293553091856482,3.2057177278758377e-06,1
0.017053050648647282,0.7129475642951794,0.2258514690096047,1.6160168093317974e-07,0.04011226272909029,0.004032462926425948,3.028789371533603e-06,1
0.02191459987526932,0.8911823021679133,0.03212036658070244,2.076717092904721e-07,0.04612524766814952,0.008653383787968752,3.892248287487054e-06,1
0.02275701167380755,0.8924143817437779,0.03477851805785813,2.0875417320959966e-07,0.029944239158809352,0.02010172807540839,3.912536165647664e-06,1
0.024123953539480138,0.32298998369459436,0.35915930927989304,9.058548707181764e-08,0.005755388756156902,0.2879652665622399,6.007582148744588e-06,5
0.013287652797801907,0.11054963197789236,0.1104462321548789,6.936906793183099e-08,0.001940741321084669,0.7637729110032228,2.7613760514009536e-06,5
0.0037272853950451605,0.04191836591689734,0.39447145578782006,3.545430325913019e-08,0.0014685012622926564,0.5584127527787209,1.603404920496418e-06,5
0.006196250115281537,0.062178481875748065,0.8452970522769243,5.3946948049979626e-08,0.0021134255380768374,0.08421229652055641,2.4397264647085346e-06,2
0.007423039034868126,0.06997324158593607,0.8743500715832284,6.926055893121952e-08,0.00285707593998459,0.04539337031779397,3.132277630023685e-06,2
0.0037550716270998014,0.12210932581388513,0.6451173091588654,9.510718343984879e-08,0.0028113910457128743,0.226198263134835,8.544112418193486e-06,2
0.000449877357597402,0.14477556776914935,0.15750938097210562,0.0030848192385997987,8.410467739021993e-05,0.694092643958135,3.6060270228234688e-06,1
0.0008859901042319702,0.16501560887533856,0.35986819704380085,0.0015970372880570655,0.00011476747298638462,0.47250111600683564,1.7283208749683016e-05,1
0.001368057300680656,0.40280759959485707,0.3672837510934161,0.0003202284011101104,0.0001645777687821731,0.22801412451377776,4.16613273761669e-05,1
0.0006957421095970231,0.24273030977765545,0.12057247152241908,0.00015061992048023696,8.362622365160176e-05,0.6357474427492651,1.978769693142118e-05,1
0.001220783158404924,0.47931798573997136,0.43253392766255544,9.711850810936844e-05,0.00028401065571151965,0.08651306016672712,3.311410852022389e-05,1
0.0008636183378061147,0.6175908257834186,0.3119036121750815,8.341718460771694e-05,0.0002850272997018748,0.06923434593688604,3.915328249805526e-05,1
0.00038754882665795437,0.1354090438922372,0.6222140636638032,0.0002843739216272457,9.528352176612872e-05,0.24160118554936516,8.500624543038644e-06,2
0.00035225030433464307,0.1432171307755811,0.5782263775698446,0.00037646195566484145,6.545890906806385e-05,0.27775084349792517,1.1476987581556643e-05,2
0.0002560907375565072,0.0627535941141138,0.206635497904871,3.9960145050157e-05,4.6244693323783984e-05,0.7302560336244607,1.257878062401666e-05,2
0.0011208248563837286,0.3409672119527774,0.3343190946001402,0.00029053496303789965,0.00018730042563701516,0.32304058198561986,7.445121640390624e-05,2
0.0003351733121725638,0.10065366498989338,0.2882529783140398,7.699830711531931e-05,4.589313149797255e-05,0.61061721371522,1.8078230060986048e-05,2
0.0005528685937666525,0.1307322238757735,0.3128843822322099,5.681069957961822e-05,7.982108038100374e-05,0.5556659866081067,2.7906910182546286e-05,2
0.0005706709756713046,0.1704469194230903,0.3304475973295161,0.0005832676192064113,0.00010404812374310177,0.49784289595291614,4.600575856790294e-06,2
0.0010788224383359917,0.4247392715213196,0.5613007519747023,0.000259861861616092,0.0006580641355363971,0.011953240267319951,9.987801169790518e-06,2
0.0010241807342115919,0.6244055286682928,0.3631971928059561,0.0002253065386973968,0.0006706024118580197,0.010469250820967014,7.93802001691623e-06,2
0.0009540881809528863,0.7036262541220446,0.28371817138091565,0.00027402397556156743,0.000530817304465456,0.010889250275715886,7.394760343873585e-06,1
0.002465350502422063,0.8104303300902594,0.17169060300701003,0.00030811042768308155,0.0006616873028316849,0.014439163194101335,4.755475692398344e-06,1
0.002077023465325142,0.8155045900739927,0.16914196304997295,3.1137149064016376e-05,0.0008973043168075785,0.012344071629704922,3.910315132710249e-06,1
0.004818147350114142,0.8650218887467186,0.1148493594884665,0.00016590849546923783,0.0016987145677209619,0.013441565375308663,4.415976201742099e-06,1
0.007720009753535104,0.8847144500316761,0.09163145719252509,0.00033924222667057046,0.0014069052054981159,0.014183579499652944,4.356090442152586e-06,1
0.0006217707939175416,0.9487105990634207,0.03704987282349751,5.256324630064733e-06,0.000352985385673248,0.013256897141829087,2.6184670317361067e-06,1
0.00655008097280505,0.7539088772430903,0.1685210227270485,0.00017333085269345238,0.000774566931647124,0.07006101912684569,1.1102145869657394e-05,1
0.003734111434957264,0.7358457692225356,0.1929769465350995,8.128686389873102e-05,0.0012600081890761711,0.06609717289101291,4.704863419653734e-06,1
0.003246968932545187,0.7108140962611327,0.22963707987608084,7.767825326687321e-05,0.0010380543780449867,0.05518106831457872,5.053984350790413e-06,1
0.0018026634352741127,0.5933389009792274,0.39259106463465226,5.093598186297499e-05,0.0010389023330864766,0.011174493074295973,3.0395616008312304e-06,1
0.7759752171236076,0.01286349334668267,9.559621457044404e-06,2.2729095266562181e-07,1.2779311688669617e-05,6.5095809539085e-06,0.21113221372465732,0
0.7866771435511041,0.012981088170414832,9.647013114185296e-06,2.7916608672499696e-07,1.2896136944838087e-05,6.5690899072087e-06,0.20031237687242837,0
0.8718987612318864,0.013956879603205316,1.078139987955529e-05,3.11993067508853e-07,1.4580323094916411e-05,7.341545439616512e-06,0.11411134390342673,0
0.9268587950645751,0.06922213038542148,9.041225723000311e-06,2.007352313722073e-07,1.1176423648990252e-05,6.794574385014039e-06,0.003891861591015257,0
0.9399702728530022,0.03015019404413827,1.0875551497016274e-05,2.5522782230106995e-07,1.323829813870775e-05,8.1403941651968e-06,0.029847023631236286,0
0.9454443530260372,0.030626433870828588,1.2166376041059643e-05,2.2174555733939373e-07,1.2194918883352744e-05,7.955682472757448e-06,0.02389667438017979,0
0.9453699023500496,0.02836780161488487,1.2165417978411452e-05,2.2172809559604696e-07,1.2053675316739285e-05,7.837499175199835e-06,0.026230017714499548,0
0.9105107559831397,0.0286978988745547,9.060607409636799e-06,2.1459397955993415e-07,1.1029051928029965e-05,6.646269682586239e-06,0.060764394619305793,0
0.9153612178620772,0.023105010233443295,1.001723462979824e-05,1.8732149095591296e-07,1.1125913181197463e-05,6.586225874194813e-06,0.061505855209303295,0
0.9197269065262926,0.02559806671142196,8.71892210361166e-06,1.9357937733291545e-07,1.102873127269894e-05,5.522649370255272e-06,0.05464956288016148,0
0.6797602262269581,0.010084688524309547,4.591329674064678e-06,1.1143327261850033e-07,5.77492455237438e-06,3.1790932553402912e-06,0.31014142846797793,6
0.9255307969955541,0.007922383068418226,9.422368313636528e-06,1.8880886445054656e-07,1.1905598686248092e-05,6.6385219441489686e-06,0.06651866463821908,0
0.964166538146478,0.001726195787592195,9.856132286538135e-06,1.3852796583893061e-07,7.727253963656075e-06,4.870644944432309e-06,0.03408467350676945,0
0.9896066276965935,0.0010873683021046577,9.20728140821894e-06,1.0923411757118724e-07,6.838310265679874e-06,3.840672887135595e-06,0.009286008502623493,0
0.9834153367631581,0.0013547826842950452,1.02598104304483e-05,1.030350956930966e-07,7.620030699597763e-06,4.367055766490558e-06,0.015207530620554697,0
0.9814573164393222,0.0018720088211111536,1.8258117206620467e-05,1.6036498642195406e-07,1.6671035614702648e-05,9.962569154158287e-06,0.01662562265260484,0
0.9906305841563938,0.0017899176073622686,1.6675250862351727e-05,1.4333393440383858e-07,1.4864177739177514e-05,8.574516955485548e-06,0.00753924095675237,0
0.9902275786749507,0.0018331361689026074,2.0092885597469595e-05,2.9237478327444934e-08,1.5172677761684627e-05,8.954651297245674e-06,0.007895035704012017,0
0.9869241632913844,0.0014146443052932371,1.691475044888852e-05,2.2076813139571455e-08,1.2524591827268408e-05,6.977737846302075e-06,0.011624753246386545,0
0.9881958070383559,0.002383667945548608,1.693654496708957e-05,1.8711756665940212e-08,2.105060520970933e-05,6.354413046785221e-06,0.00937616474111536,0
0.9922036160807871,0.001740463397984856,1.4451178366606603e-05,1.4415252518588699e-08,1.5005575550598484e-05,4.895343088955294e-06,0.00602155400896944,0
0.9916016711356149,0.0023431845154572428,1.9455610165631256e-05,1.940724322446048e-08,2.0201994662109003e-05,6.590596583169558e-06,0.006008876740273652,0
0.9906868433870601,0.0029404235570543546,1.242428517074493e-05,1.7911773483076273e-08,2.89773451939925e-05,6.082991662494795e-06,0.006325230522085011,0
0.9928167220098608,0.0023905066532967614,1.2362080435775477e-05,1.1124363367399922e-07,2.7840580421241256e-05,6.0525359156259235e-06,0.004746404896435674,0
0.9927636886625961,0.0028438107803879682,1.2016063475757834e-05,1.0812990341272432e-07,1.7056890056960172e-05,5.883124295243509e-06,0.004357436349284729,0
0.9882474430075956,0.005358365014834838,1.1961400422422646e-05,1.0971201200432343e-07,1.4222690661759709e-05,6.164430908808133e-06,0.006361733743564813,0
0.964465201592599,0.003952145282064846,1.3085420718666712e-05,1.2002171855034467e-07,1.1812736315896279e-05,6.743706345763299e-06,0.03155089124023704,0
0.9687101771277219,0.004382027771371603,1.3441161580199716e-05,1.2328463462142395e-07,1.2056647662954584e-05,7.6163377456460535e-06,0.026874557669283122,0
0.9828222800537755,0.004615703602738814,1.3527567093573475e-05,1.447899893306844e-07,1.3646879777486535e-05,8.02248625668806e-06,0.012526674620368465,0
0.9657977408482987,0.006342296614472488,1.0886820480525657e-05,1.3765783864813087e-07,9.954245065156627e-06,7.981747458569745e-06,0.02783100206638611,0
0.9438084694658689,0.025527273258568444,1.4873208880406176e-05,1.8806352064878022e-07,1.475674254468572e-05,1.084660517871796e-05,0.030623592655438254,0
0.92175615630909,0.030656145912330818,1.552486721834684e-05,1.9630338080798934e-07,1.5184939893496653e-05,1.1321840937181195e-05,0.04754546982714954,0
0.9248389057122994,0.030225677609906115,1.5481451594901874e-05,1.957544142022034e-07,1.4422130064108169e-05,1.036283652519493e-05,0.04489495450519594,0
0.9247016564009226,0.03246384737379134,1.662783174584366e-05,2.1024975874564023e-07,1.5017512066276672e-05,1.1054864808630831e-05,0.042791585766906504,0
0.7623689988830404,0.2246869774598161,2.075252610859922e-05,2.6240424334256496e-07,1.6183136584445072e-05,1.4004077837152678e-05,0.012892821512369732,0
0.7602859691213635,0.22809417549822236,2.069582373799191e-05,2.6168727314929413e-07,1.838042600146042e-05,1.3965814330947195e-05,0.011566551629070335,0
0.7798650216101582,0.20515985400589917,1.9047248362605237e-05,2.2432390193340643e-07,1.5756092492482616e-05,1.1971793380292676e-05,0.01492812492580541,0
0.6690466420230792,0.31553900390191775,1.7998469738111546e-05,2.1893525833869926e-07,1.6744363964546874e-05,1.1508104277467944e-05,0.015367884201764694,0
0.5975983663187726,0.3874405384248106,1.4443502760792918e-05,1.5455474525815793e-07,1.2311680228504542e-05,9.711800372056e-06,0.014924473718310299,0
0.6248666879847083,0.3640721180671892,1.4486976265924725e-05,1.8846855969280784e-07,1.2886472474670553e-05,1.0314728687381395e-05,0.011023317302114838,1
0.6217491791301936,0.37646777641105095,1.7201308667210176e-05,2.195503343396551e-07,1.283810002743908e-05,1.2619956314952316e-05,0.0017401655434115216,0
0.7034447345667322,0.2947544108882302,1.6289312236634046e-05,2.2397107427620354e-07,1.4452465921243125e-05,1.2786937089922999e-05,0.00175710185871537,0
0.8167810509271507,0.18317351752478356,1.1074600966261827e-05,1.2733002344777951e-07,1.2658282625013297e-05,9.880371453918775e-06,1.1690962996977433e-05,0
0.8193394466840274,0.1806219957261306,1.0803134390925622e-05,1.195690510638234e-07,8.359870402673902e-06,8.757096502355902e-06,1.0517919495066324e-05,0
0.8229734088312728,0.1769913193977923,6.19393342365747e-06,8.590557382269563e-08,9.159418116177611e-06,9.010380974099658e-06,1.0822132847338338e-05,0
0.7439561018897606,0.25446376418891287,1.2934891589750646e-05,2.0427587646783027e-07,0.0015453332420455358,1.1163947111217915e-05,1.0497564703622933e-05,0
0.6708148753218376,0.3223634838013381,2.555798051705251e-05,1.4995521239972207e-07,0.0067603275909354854,3.0121915770099287e-05,5.483434389468769e-06,0
0.6322263551381156,0.36186164758218403,3.007518959004186e-05,1.512594087559631e-07,0.005809743760989809,5.903669926105529e-05,1.2990370450415804e-05,0
0.04910963712978175,0.9377807455143085,0.0013668620752209626,7.112124134512802e-51,0.011418617259122823,0.00028248443043936015,4.165359112670168e-05,1
0.03546445061355421,0.9609606226174838,1.9348749996218313e-05,8.829986238712487e-08,0.003526802352832609,8.941394591867227e-06,1.9745971678738642e-05,1
0.02247171795245442,0.9762020588065924,1.5801878717833506e-05,7.211337768669544e-08,0.00127087939746148,7.302323557676528e-06,3.216752783857658e-05,1
0.04266909155098545,0.9550702384786464,1.3685733881829347e-05,8.015777486430158e-08,0.0022364104880581407,7.3980394923427526e-06,3.0955511610572135e-06,1
0.04649240671411396,0.9498042226359709,1.4912028418857784e-05,8.734022063339242e-08,0.003676303565441282,8.060932362576461e-06,4.00678347190069e-06,1
0.1071813718812015,0.8906271564597538,2.549371021567623e-05,1.6323599846765378e-07,0.002144315598247436,1.400664244688374e-05,7.492472136048635e-06,1
0.08223228268315957,0.9156878358171631,2.7860319459146606e-05,1.6635997475365482e-07,0.0020281015965176535,1.6117362230264293e-05,7.635861495603278e-06,1
0.08469939914735991,0.915078221236394,2.857438425677845e-05,3.181852464863544e-07,0.00016742372550212364,1.7979316140521173e-05,8.08400510025192e-06,1
0.084118477169462,0.9157594925733171,2.8595657748500356e-05,3.1842213387284476e-07,6.703345208071183e-05,1.7992701654961092e-05,8.090023603189189e-06,1
0.07063149805815114,0.9293085850467797,2.3520038183920417e-05,2.662046826823187e-07,1.432518435891472e-05,1.5042112105715715e-05,6.763355737825193e-06,1
0.07502947003801948,0.9249195879293867,2.035190866716394e-05,2.4979344595560173e-07,1.1955561528859042e-05,1.4114781826814085e-05,4.269987125366188e-06,1
0.1168912502247793,0.8830324302144743,3.012297413032049e-05,2.595719970399546e-07,1.9177948123551244e-05,2.0544092039310694e-05,6.214974456321089e-06,1
0.40168887930016783,0.598239841166029,2.4726337145106724e-05,1.89136616344768e-07,1.7214046784273058e-05,1.981256734731952e-05,9.337445910354352e-06,1
0.39456395037394126,0.6053643411825328,2.5140245252779328e-05,2.0022740647810722e-07,1.622186048821163e-05,1.6687063357372095e-05,1.345904702101923e-05,1
0.47214006479330883,0.5277766791198512,2.934828146669337e-05,2.337419632776203e-07,1.848202277491827e-05,1.948018515096067e-05,1.571185548409337e-05,1
0.8416795131082142,0.15827133365889248,1.970630301002562e-05,1.6161739281964777e-07,1.0958617507810354e-05,1.1006173749606322e-05,7.320521233371083e-06,1
0.8129834204000416,0.18696182380198495,1.9467124019963727e-05,1.6998568956719773e-07,1.1526037645261706e-05,1.157605627514972e-05,1.20165943435817e-05,1
0.8293755344362498,0.17057606735817954,1.7198511659902774e-05,1.7358194000149146e-07,1.018284429848108e-05,1.0227033978911494e-05,1.0616233693198439e-05,1
0.41557615188552804,0.5843606904055427,1.8586460357267895e-05,1.9247947962650787e-07,1.5680081275482308e-05,1.2990621240082773e-05,1.57080665767644e-05,1
0.4160515424486398,0.5838874471000381,2.3132524104585423e-05,2.113059680740407e-07,1.602225803175013e-05,1.419475889776347e-05,7.449604319717163e-06,1
0.514960529969145,0.48496041729426126,3.7602203253928726e-05,2.174886501561689e-07,1.915074160505457e-05,1.5362510851503938e-05,6.719792233035719e-06,0
0.5498172097283157,0.4500629776109614,5.4820154644945585e-05,3.7604579957956016e-07,2.4024770003377637e-05,2.717701600561602e-05,1.3414674269277533e-05,1
0.49172757181290894,0.5081966064257887,3.302978349997891e-05,2.2657198664678517e-07,1.8108438294184742e-05,1.6374469584312278e-05,8.082497937240441e-06,1
0.5345689294990589,0.46535106659316705,3.506014011581905e-05,2.201349352994726e-07,1.8925170129287617e-05,1.735142557996753e-05,8.447037013733718e-06,1
0.40166635653126803,0.5982499643372029,3.3673940792443536e-05,2.1044002971727668e-07,1.7094709827621096e-05,1.61752199407587e-05,1.6524820938506996e-05,1
0.4145533233851487,0.5853660596871012,3.23282225374496e-05,1.873308616248646e-07,1.65851466497453e-05,1.3510508735969298e-05,1.8005718965299938e-05,1
0.5506583120475885,0.4491056196852021,4.107888834333683e-05,2.4090398139963007e-07,2.0186651573778184e-05,1.8459387135088842e-05,0.0001561024361758205,0
0.7466320063040326,0.2532132127158262,3.436977351969393e-05,2.2240277340155228e-07,1.905559706340541e-05,1.773470700366839e-05,8.339849978091232e-05,0
0.7487127960023288,0.25115082789261384,3.2802654162599824e-05,2.2229014097678182e-07,1.8675542008290995e-05,1.7725725537197145e-05,6.694989320837869e-05,0
0.7073159040774264,0.2925630076583235,3.301080348741413e-05,2.381743215626316e-07,2.0723135016355777e-05,1.9990614916814404e-05,4.7125536507983825e-05,0
0.6705407853108208,0.329381496827783,3.05471895972348e-05,2.2039924477271187e-07,1.6508422786042922e-05,1.7030142245933553e-05,1.3411707522243308e-05,0
0.6399371522527022,0.3599978397219223,2.765513159401187e-05,2.181891931608673e-07,1.3664857620583885e-05,1.4628043619837881e-05,8.841803347853076e-06,0
0.7016101824162703,0.29833027335017714,2.0899576802057287e-05,2.0980329214293722e-07,1.1305946335800658e-05,1.3896795181369353e-05,1.3232111941209206e-05,0
0.8244785241567155,0.17546784850194086,1.74921037326065e-05,1.82944750563481e-07,1.4971818565732594e-05,1.0232185113313532e-05,1.0748289181397998e-05,0
0.8899143841628078,0.028301614102613105,2.0836611924167643e-05,1.74754569835698e-07,1.6137203962151864e-05,1.5232144137381307e-05,0.08173162101998582,0
0.8862737842574766,0.0363995063080718,1.7968848576281225e-05,1.5618517768157123e-07,1.3888611153106394e-05,1.271704447453604e-05,0.07728197874507,0
0.9407441383783381,0.049640955768714766,1.646462160049182e-05,1.3741282575296424e-07,1.1701038168441952e-05,1.2165014887591168e-05,0.009574437765464862,0
0.9338573561673924,0.05104439430778926,1.2782336072484993e-05,1.2871013815957427e-07,9.570546483376853e-06,1.0267900201095456e-05,0.015065500031923165,0
0.9191939441359639,0.07208816748205932,1.3506643824628365e-05,1.360034646939235e-07,1.1058085835387634e-05,1.0849728097945774e-05,0.008682337920753895,0
0.9040248506210993,0.09524722001053346,1.500093636831884e-05,1.2578672150641173e-07,1.0143592163466404e-05,1.1135767941616423e-05,0.0006915232851724233,0
0.8666863614068149,0.13279727580988387,1.4857878208087677e-05,1.240030338265247e-07,1.303978946846791e-05,1.0977859922028445e-05,0.00047736325266877833,0
0.8514089456534609,0.14833219690736674,1.5259714585282674e-05,1.2735673811566846e-07,1.159001815441722e-05,1.0942416514958336e-05,0.0002209379331793354,0
0.7689095142849273,0.23103696485673297,1.5587867857478327e-05,1.3243595816108633e-07,1.3844899360830781e-05,1.1377931660094002e-05,1.2577723503170506e-05,0
0.5289934160760373,0.47094987507979974,2.127497080588197e-05,1.707494550399158e-07,1.6061370524726763e-05,1.4867528543121252e-05,4.334224834402218e-06,1
0.36314436245741893,0.6367842779771848,2.93300272573179e-05,2.0550490480180182e-07,1.8592166364230224e-05,1.8015425846633187e-05,5.216441023341565e-06,1
0.34954247069926453,0.6503877750448639,2.789404792338361e-05,2.0467695887929223e-07,1.8517261542144684e-05,1.7942844618528782e-05,5.195424828718606e-06,1
0.3925343685574524,0.6074078390635943,2.2443113267332425e-05,1.8448464254704826e-07,1.522515523670864e-05,1.5198316329453297e-05,4.741309477337448e-06,1
0.4284904715229504,0.5714551568491985,2.111469755171369e-05,1.7356493209820762e-07,1.432397297878108e-05,1.4298722675823336e-05,4.460669712823362e-06,1
0.42556681255822104,0.5743767474176525,2.2058428987581482e-05,1.8132249917602938e-07,1.4712751125923076e-05,1.2234832873991764e-05,7.252688639724708e-06,1
0.3344315404938604,0.6655157008882857,2.116609060256705e-05,1.6247598147866985e-07,1.3904557363978788e-05,1.2031692091509274e-05,5.4938018144804725e-06,1
0.3048102150093889,0.6951289163317349,2.2107910608124814e-05,1.6970561743991274e-07,1.3807769267619945e-05,1.2567062015283493e-05,1.2216211367749524e-05,1
0.2581600939291142,0.7417629928157704,2.477449104848857e-05,1.7970592807888755e-07,1.8933895928997945e-05,2.008908127994162e-05,1.2936080929828846e-05,1
0.18157818154048389,0.815523012023712,2.4731318002954496e-05,2.1933767835097946e-07,0.0028414448253730427,1.692046983483001e-05,1.5490484915081043e-05,1
0.19676412601675988,0.7992086325145159,2.423657278827123e-05,2.1494987068335247e-07,0.00396254372938627,1.661978081854696e-05,2.3626435860496133e-05,1
0.396684711800567,0.568822594448005,3.2056350417896536e-05,3.3526790835602636e-07,0.03441410909613664,2.4077217175240587e-05,2.2115819789900885e-05,0
0.45741685300842805,0.5166655517061003,3.11724466380159e-05,3.260234195853045e-07,0.025844110854232258,2.0482470160289768e-05,2.1503491021543602e-05,0
0.2438867031059946,0.7531672354775704,3.094967002319156e-05,2.3174580674071501e-07,0.002864127007636419,1.6782895713376062e-05,3.39700972554751e-05,1
0.15629768930151325,0.8432151012345923,2.10925788975865e-05,1.7610757837800842e-07,0.0004471970463664144,1.3958214405342399e-05,4.785516646725527e-06,1
0.1439432641607157,0.8555511751875348,2.632242708183321e-05,2.4038492838412285e-07,0.00045515098421987273,1.7395186991291228e-05,6.451668528112466e-06,1
0.34867567029346136,0.6403477784668842,0.0015235589561277494,3.433699249783985e-07,0.008304607769999726,0.0011402578133667429,7.783330235231279e-06,0
0.5580283710716976,0.4312822519231254,0.0007600253409802212,2.691687629771426e-07,0.008791838566024335,0.0011318001368626092,5.443792546983669e-06,0
0.3026557605593016,0.6932085590960482,0.00010888192888077731,1.7509271261446868e-07,0.0025436494140585633,0.001478763937555553,4.209971442745861e-06,0
0.1189515348561136,0.8722008976533193,0.0022675417631156107,2.3302515182621997e-07,0.006202089284495495,0.0003726442721269781,5.059145677131553e-06,1
0.11335546294397733,0.8777482846234169,0.002281963820768502,2.3450724235653676e-07,0.006158888589134908,0.0004500741925186218,5.091322941434599e-06,1
0.11395756096807301,0.8754558460683545,0.002414030853065735,2.3300363478774563e-07,0.0077389915620591325,0.00042827886628629577,5.0586785265629175e-06,1
0.07095599833698846,0.9122798612780659,0.003772844050589978,2.2103677625507373e-07,0.012369157558843179,0.0006167880247746921,5.129713961759492e-06,1
0.06623412568095706,0.920317141743393,0.0029698742190626625,2.368359368317565e-07,0.009669593721940787,0.0008039180425515194,5.10975615812152e-06,1
0.16483676248220508,0.5079230836574485,0.0021612952638367586,2.33177447397544e-07,0.3243126518355054,0.000758796730900123,7.176852656493575e-06,4
0.1930490386240138,0.5257745858450426,0.0022372563067029247,2.4137271917440653e-07,0.2777708736135299,0.0011605751471417574,7.429090849676068e-06,4
0.050613707400272885,0.9049768160615751,0.004786012560077722,2.101007841176405e-07,0.03890605676660219,0.0007128422935681814,4.354817119977575e-06,1
0.031511895003904986,0.8994389643585802,0.007689408915409219,2.022404525057917e-07,0.05947917518767121,0.0018764760869441413,3.87820703803198e-06,1
0.057810136829104006,0.24568734377501558,0.0031854530470966525,1.0583001753714418e-07,0.6915401814993869,0.0017748923500352585,1.886669344230265e-06,4
0.2138325240842155,0.5011860993087872,0.005879574902907372,1.6400162865748716e-07,0.2724832189072746,0.00661549507985152,2.923715335144093e-06,0
0.009305607906853483,0.12479418190684766,0.0014707837402291005,1.8810231345177074e-221,0.8641728182394257,0.0002515608513784145,5.0473552654322485e-06,4
0.030248326806701326,0.9027436960779177,0.005194055937762923,1.6855278177790388e-07,0.06095427698278402,0.0008215168094328506,3.795883261962204e-05,1
0.05994121121450571,0.9211029553842137,0.006235095803556698,1.9405158691403183e-07,0.011027316599074976,0.0016896791088278653,3.5478382339806022e-06,1
0.07324034529429956,0.9098349972550198,0.005213926428343696,1.9684167052710998e-07,0.009605344066056289,0.002101591265377066,3.5988492330448194e-06,1
0.15638810916870927,0.7564676939909606,0.0037721681360359843,5.2009498781225736e-256,0.08169151626742349,0.0016568092093015834,2.370322756915885e-05,1
0.06641090237865048,0.8163183321685086,0.0021990650619818095,1.5822127905901777e-07,0.11410462351492068,0.0008838516939708399,8.306696068857601e-05,1
0.04575840682474404,0.9027217384198405,0.0022569100371539843,1.7353956610560147e-07,0.04870508091859599,0.00046658112230619077,9.11091377932135e-05,1
0.02516091755370308,0.930150430945846,6.20139265837445e-05,1.6773768575545867e-07,0.04460679915831429,1.4615407296717445e-05,5.055270570312659e-06,1
0.05145984151897032,0.9359712579351345,4.268336160359585e-05,2.3151474983184838e-07,0.012501957243287783,1.8797280970282786e-05,5.2311452838372445e-06,1
0.038675886992380434,0.9350134696075708,0.0032435436043145244,1.9654061648190377e-07,0.021969377417841354,0.001093439822125683,4.086015150748225e-06,1
0.06093299977382078,0.9161031495398515,0.003221229821708861,1.963801104849901e-07,0.018690182827723976,0.0010481589785009053,4.082678283555506e-06,1
0.06199860931944918,0.916238216160964,0.0034243861790153166,1.9780862266397692e-07,0.017344242122421187,0.0009902867183185706,4.061691208896936e-06,1
0.25332194988679746,0.7072452016896875,0.007379788089059171,1.5660961349622326e-07,0.03070653254553043,0.0013431554454285909,3.2157338835876623e-06,0
0.16806144493191005,0.7521133565692829,0.047214229424042665,1.6056466212833248e-07,0.0314820010932767,0.001125510472193835,3.296944631852598e-06,0
0.1671512936473921,0.7580948911327309,0.039253084752188444,1.604889563182376e-07,0.03407326161551599,0.001424012973085023,3.2953901312490164e-06,1
0.04617444818214223,0.8727499574427172,0.030096670779541854,1.882322027657231e-07,0.049232254931368645,0.0017426153776483515,3.865054378865934e-06,1
0.0443979464259316,0.8200474989563863,0.0940566086498406,1.859573303674446e-07,0.03975322897897875,0.0017411687555108698,3.362276021810328e-06,1
0.04520601506172174,0.8283920421315261,0.09465169679750547,1.8713386654987357e-07,0.03007492585732499,0.0016717494691996335,3.383548855675799e-06,1
0.03942906297175099,0.7351884224406426,0.18559307831666597,1.613939645010943e-07,0.03833621462078829,0.0014501421079443787,2.918148243119424e-06,2
0.0208092622540048,0.8419860913665569,0.09637287807381259,2.0466850018040934e-07,0.02657122440630382,0.014256503269621114,3.835961200740648e-06,1
0.0724180226964922,0.8172435618314635,0.02945297032779774,1.7396196456645014e-07,0.004744446794530991,0.07613704131830096,3.783069449958957e-06,5
0.02040169125164857,0.5580578277052584,0.18440433148413038,1.910014250281299e-07,0.00316925255588776,0.2339643866736037,2.3193280461639194e-06,5
0.009251537499089876,0.06685078360626176,0.8153962044811673,8.33634846355679e-08,0.0028496195564278867,0.10564800141746562,3.7700761026794505e-06,5
0.0019128586798362512,0.0574305317629458,0.8225043524833056,5.204054967138015e-08,0.0008223073400168574,0.11732690283658695,2.994856758788734e-06,2
0.001407599918449867,0.10312377170750518,0.8575147013252921,5.70636146035539e-08,0.0015250889118898884,0.0364220510729039,6.730000344663495e-06,2
0.0017538556620785683,0.12751353485332256,0.8469530756535799,6.447376801309987e-08,0.0021970284807640225,0.02157480927308756,7.631603399311992e-06,2
0.005354699909914276,0.22617208707200542,0.7258997620301589,1.7612813591791474e-07,0.004300140174283271,0.03825504177189115,1.8092913610812043e-05,2
0.00023490135545666937,0.021832467901497146,0.5591379089448296,0.11532303285287787,3.994725988942096e-05,0.3034254379824444,6.303703004810574e-06,2
0.0002522470891077225,0.021640145386521537,0.23314815136551112,0.007485858653771821,6.777216973508615e-05,0.737403865073973,1.9602613796095527e-06,2
0.0008465796013248108,0.1843272090705841,0.2293623504788737,0.0007298161285993636,0.00011160714896871122,0.5846166293308644,5.8082407848278174e-06,1
0.000714370154718693,0.23269103221535517,0.17614053440710156,0.0001489367545775464,0.00014838087874588664,0.5901461555447868,1.0590044714428412e-05,1
0.0007088597906221854,0.307020675861813,0.25310947067921086,0.0001495104159516728,0.00016587641583043727,0.4388350974082811,1.0509428290855213e-05,1
0.0014923907650798243,0.5444063920769122,0.31677114562628006,0.00012118245587932487,0.00025728192839618013,0.1369130013071459,3.860584030653663e-05,1
0.0008971150292096188,0.5725916090200238,0.3197581492366198,9.881719322368328e-05,0.0003016739273635539,0.10633720683404115,1.5428759518499792e-05,1
0.0004231068621633816,0.12759134801976765,0.6461252547343111,0.0003048316872652366,0.00010402589077098313,0.22544215223943048,9.280566291092118e-06,2
0.0002391760334195227,0.09852470513798949,0.25493264235663154,5.580594543406522e-05,4.570777387956666e-05,0.6461952439402407,6.718812405054098e-06,2
0.0005326351862729254,0.1709154842709691,0.3726661567249716,0.0002216014142374417,7.06916152949644e-05,0.4555651952471336,2.8235541120386204e-05,2
0.0004185008852848416,0.2305137710021328,0.3129850935881044,0.0005041065942553188,5.554365228886464e-05,0.45550079911394187,2.2185163992007218e-05,2
0.0010795635912865297,0.322441996002443,0.4616028000072349,0.0016096334872587592,0.0002110640203475157,0.21304156468422097,1.3378207208472719e-05,2
0.001001400244828141,0.18034684095093403,0.7114117910167012,0.00029788822353754216,0.0001517236364228323,0.10677711330102499,1.324262655130901e-05,2
0.0011194448590520283,0.5544798598761596,0.4321832356203505,0.0001682457717606491,0.0005022986883289111,0.011536564392711297,1.03507916370527e-05,2
0.0022641038317342856,0.7786007312216877,0.2095008183213214,0.0002173891806495525,0.0007875302953251553,0.008622912849115694,6.514300166352916e-06,1
0.002184040777033002,0.8164226504362145,0.1656265774548727,0.00011117401451019166,0.0007300171235244592,0.014921282510102352,4.257683742550666e-06,1
0.00429553867560885,0.8341084127913021,0.1518737937538952,9.297909660508927e-06,0.0018862853217496204,0.007822692660438172,3.978887345443525e-06,1
0.0043945977109345336,0.6747085857908518,0.3108568083057288,0.00038871408741810413,0.0024233743193134622,0.007224071598218594,3.848187534691927e-06,1
0.006611635723787089,0.7591146677725042,0.22093375795798942,0.00029724765505527223,0.0012114358096501144,0.011826931318664188,4.323762349497973e-06,1
0.005698336609834737,0.8004896488185499,0.17916457861699503,0.00036324172586648176,0.0018377224596634104,0.012442162796571135,4.30897251923113e-06,1
0.010095549558273362,0.8182911486434079,0.12042741918171605,0.000210126721819524,0.0009118342765811236,0.05005365719753933,1.0264420662770665e-05,1
0.002763634112549506,0.8213183584022681,0.15392307769836136,8.471734543501923e-05,0.0017574913327303035,0.020148124548506556,4.5965601494008434e-06,1
0.0022182849958252548,0.7597574592863755,0.21539088167152234,7.279641105015709e-05,0.0015835236147332035,0.02097291245722792,4.141563265526945e-06,1
0.002192953241966591,0.6786014143667465,0.2973758730762168,4.318696276252529e-05,0.0022216599022635364,0.019561175450591446,3.736999452701158e-06,2
0.5054814393291754,0.006425514988202574,5.747470677405058e-06,1.1148685899195803e-07,5.810271886386403e-06,3.913714138462435e-06,0.4880774627390606,0
0.9486620709518617,0.044251663947674276,8.237556773550444e-06,1.8641603266966798e-07,1.1087233179822215e-05,5.609326992788983e-06,0.007061144567485053,0
0.93664705243058,0.059002313756814334,8.973703399464297e-06,2.030750417956076e-07,1.1754549761690835e-05,6.1106027051030555e-06,0.0043235918816975725,0
0.93664705243058,0.059002313756814334,8.973703399464297e-06,2.030750417956076e-07,1.1754549761690835e-05,6.1106027051030555e-06,0.0043235918816975725,0
0.9108777297964803,0.08528368692744535,8.019869858828766e-06,1.9464521343173112e-07,1.1662170423950605e-05,6.588436779673053e-06,0.003812118153798338,0
0.9212083013234132,0.030769993242285035,9.73287266238076e-06,2.2841139550804162e-07,1.1167003730595238e-05,7.285094448146793e-06,0.04799329205206481,0
0.9338379982856866,0.020869987941036477,9.395974655661975e-06,1.8720422456496664e-07,9.496138341089325e-06,6.582102786479235e-06,0.04526635235326917,0
0.9385790923303025,0.018424406393620793,1.0395011557560225e-05,1.894604953522274e-07,1.0419398702468543e-05,6.661433294486691e-06,0.042968835972027,0
0.8735189225894908,0.022024646675851963,8.019056193198543e-06,1.7804080438268978e-07,9.944708416114905e-06,4.96446561291194e-06,0.10443332446363045,0
0.650113909899086,0.009992767504739002,4.593971656759146e-06,1.1149739451754606e-07,5.661592127605064e-06,3.180922596720884e-06,0.3398797746123994,6
0.31142292267011074,0.08881421947479794,4.3055495807601345e-06,9.714690412320155e-08,5.329768642895648e-06,3.415686316978655e-06,0.5997497097036467,6
0.2853038687240006,0.08792995896227607,4.915972402438782e-06,9.850805403471481e-08,6.007926039789622e-06,3.463544364232702e-06,0.6267516863628628,0
0.7913321703645214,0.12275408664764577,8.761413700681032e-06,1.3665361179439368e-07,7.332164294056822e-06,4.804742633690845e-06,0.0858927080135927,0
0.9712327711264517,0.0015754473121320166,6.8995595346079595e-06,1.2982538725336133e-07,5.720076059750685e-06,4.564662176731725e-06,0.027174467438258004,0
0.9682559640646322,0.0017514683061221768,1.0618904509834501e-05,1.2851806421757397e-07,8.117326530036891e-06,4.518696683075367e-06,0.029969184183458387,0
0.9770004542446273,0.0015949623485837757,1.1007892426968446e-05,1.305963576289834e-07,7.156158804268664e-06,4.591769504408051e-06,0.021381696989695713,0
0.9880785999619972,0.0013021554777863007,9.193064666982337e-06,1.0906545180385965e-07,5.923491420881865e-06,3.834742596728471e-06,0.010600184196080024,0
0.9818552812121661,0.0013051891065182595,9.88423675914598e-06,9.92633623433652e-08,7.34108959004363e-06,4.207194024587871e-06,0.016817997897579557,0
0.9714353286704771,0.001852893115115491,1.807167748656138e-05,1.8346580701137165e-07,1.4782880980925775e-05,9.860838040092646e-06,0.02666887935209265,0
0.9770325632367735,0.0018635691499327247,1.817580322186604e-05,1.5964200491744858e-07,1.602877186062108e-05,9.91765440439576e-06,0.021059585741801883,0
0.9880607836567161,0.002070525523418847,2.0490729728703108e-05,2.647523385004109e-08,1.713752480427255e-05,9.885510855998975e-06,0.009821150579242491,0
0.99119776056861,0.0024037744762986715,1.2430692625133348e-05,1.2621148128537254e-07,2.96647567888898e-05,6.08612878395385e-06,0.006350157165412019,0
0.9562863490600046,0.005353891895734922,1.6696396241052814e-05,1.5314220410124167e-07,1.4911941525489777e-05,8.604659773876865e-06,0.03831939290451609,0
0.9809547105483233,0.004606932792929528,1.3501861864561437e-05,1.2961214664415425e-07,1.3620947829224627e-05,8.007241841705851e-06,0.01440309699506475,0
0.8766270232557426,0.10176773379358678,1.476477053384215e-05,1.8669237758260377e-07,1.5167446724855974e-05,1.0824893263893507e-05,0.021564299147770378,0
0.9185851490297555,0.02750394717790839,1.5260446170659568e-05,1.9295992254275792e-07,1.4416255170943549e-05,1.118830127282683e-05,0.05386984582979909,0
0.9100744642917059,0.030679267177307675,1.5508880933570158e-05,1.9610124305672323e-07,1.4734233195351733e-05,1.1370442931268712e-05,0.05920445887268307,0
0.9433646279585426,0.02824788828851117,1.666740916990007e-05,2.1075019343771697e-07,1.5244687864279894e-05,1.1081177504062504e-05,0.028344279728214683,0
0.760252375783999,0.22808409712653116,2.069490929024842e-05,2.616757104620843e-07,1.7818905416972683e-05,1.3965197249570653e-05,0.011610786401802554,0
0.7550807467652222,0.2322903763451201,2.058921939287003e-05,2.6307703251729396e-07,1.8478040107473076e-05,1.403998347591401e-05,0.012575506569648929,0
0.7095385002096742,0.2766456821763496,1.8935154574087953e-05,2.303291901301446e-07,1.727319116488732e-05,1.237604261582338e-05,0.01376700289643109,0
0.4930478769403017,0.48808373043575926,1.4416259661265416e-05,4.737053789872681e-08,1.596018383451601e-05,1.025818837929037e-05,0.018827710621526054,0
0.6847057232626845,0.298001844817911,1.3656170756472265e-05,1.7267474501931116e-07,1.0444571407916458e-05,9.182398925666612e-06,0.01725897610356951,1
0.7432083107294172,0.25601026266049637,1.4720155148830615e-05,2.0239583564377894e-07,1.5462073981169144e-05,1.1555165442693811e-05,0.0007394868196781943,0
0.826596928435512,0.17330113870904282,1.0666241177837837e-05,1.5731889569242357e-07,1.1607724991667802e-05,8.981636708115347e-06,7.051993367188257e-05,0
0.8498828093860128,0.15008165035148602,6.1298881512213884e-06,7.925507033466827e-08,9.377532342432548e-06,8.312829378432722e-06,1.1640757559053695e-05,0
0.8140017108302999,0.18596307410318783,6.741794120341102e-06,1.439369378513642e-07,1.0709717590475433e-05,7.592212078542362e-06,1.0027405785063841e-05,0
0.722261202421552,0.27623566710914865,1.0237770642383758e-05,1.5609474305982174e-07,0.001479218773091915,8.597371590004107e-06,4.920459231954434e-06,0
0.6336740357286241,0.36446734721768403,1.4005534990426213e-05,2.8744205854460924e-07,0.0018244064850360345,1.1761426665587263e-05,8.156164941196675e-06,0
0.6896660647990673,0.3037253522250129,2.6276208974868314e-05,2.1273577682102074e-07,0.006544261006745763,3.096839959520359e-05,6.8646248272379695e-06,0
0.06269584337423943,0.923276396891221,0.0003901785443252728,1.186086084447561e-07,0.012600438000555249,0.001002785262774551,3.4239318275836596e-05,1
0.0374995266002463,0.9416799743223543,0.00034849184822409066,7.264506267754169e-94,0.020034766144140577,0.0004119534626176242,2.5287622417227557e-05,1
0.044136653706239676,0.9298513615016374,0.0002809167684254015,8.106712642830092e-94,0.025237162324725605,0.0004597130514545455,3.419264751735248e-05,1
0.0474231508579924,0.9389918902871104,0.0013941321649741235,9.570827305015193e-08,0.01175988198246306,0.00039998200531537537,3.086699387171914e-05,1
0.044543814233337226,0.9497179153506726,2.3793311824345195e-05,1.0975765555693755e-07,0.005645927171579298,1.0225140295475827e-05,5.821503463543998e-05,1
0.03605175016162047,0.9577015639138358,2.0984956824070632e-05,9.576684799417831e-08,0.0061558295982497525,9.697514283557616e-06,6.007808833838611e-05,1
0.022414022120983854,0.9683088459490005,1.53156970625105e-05,7.117082430256252e-08,0.0017747750240914803,6.385943966778765e-06,0.007480584094070391,1
0.02285675135473379,0.9682554048308988,1.561821781439658e-05,7.257661413977897e-08,0.0012372036000031054,6.606336153554787e-06,0.007628343083781974,1
0.08430083821825306,0.9146542938528512,2.856114663001256e-05,1.7054476490377848e-07,0.0009900849905894907,1.7970986880494594e-05,8.080260031195348e-06,1
0.08469788423990961,0.9150618544282595,2.8573873184114016e-05,3.181795555227191e-07,0.00018530642401137909,1.797899456799236e-05,8.0838605122185e-06,1
0.07170963593217852,0.928235821264372,2.222428082653699e-05,2.0268565469306926e-07,1.1844584040573305e-05,1.398376137820865e-05,6.287491549657332e-06,1
0.07571740585951828,0.9242312306500128,2.0538512770870366e-05,2.0646052370751146e-07,1.2065180576383521e-05,1.424419849504304e-05,4.309138102967247e-06,1
0.11270215491074251,0.8872211584758938,3.026586463891374e-05,2.6582855116906966e-07,1.926892010889684e-05,2.06415444272251e-05,6.2444556375987346e-06,1
0.11708284324668479,0.8828406542463019,3.055233583246339e-05,2.653294492326308e-07,1.9451303483958627e-05,1.9929977850265358e-05,6.303560397397029e-06,1
0.13583677371744265,0.8640882649323492,2.8904654222189006e-05,2.189547522830944e-07,1.9536464224039527e-05,2.0017234298910265e-05,6.284042710489889e-06,1
0.45104710956015354,0.5488841067696558,2.440979866694972e-05,2.1314481041692377e-07,1.788150048498031e-05,1.767943869690382e-05,8.59978753151997e-06,1
0.4072006491327002,0.5927375123380011,1.8696395428496342e-05,1.9361795596336882e-07,1.3427477958462927e-05,1.454104534360878e-05,1.497999261229394e-05,1
0.42609175301907437,0.5737854110954761,8.650087841072852e-05,1.7665716360640955e-07,1.4333311915473886e-05,1.4754681902472266e-05,7.070356057239566e-06,1
0.44781756958532715,0.5520467131271881,9.557194577142035e-05,1.9518262901513707e-07,1.5836399979732717e-05,1.630195767448693e-05,7.811801430253733e-06,1
0.523051007725268,0.4768675041611494,3.981963923433289e-05,2.05857171760265e-07,1.7720115534067827e-05,1.6606484386612885e-05,7.136017255800367e-06,0
0.5282766914169275,0.47163480544583253,3.465545294068863e-05,2.1759399322623581e-07,1.767584893156129e-05,1.715114402435348e-05,1.880309735012299e-05,1
0.3986444420101565,0.6012722995846538,3.3711776214711453e-05,2.1813986033532416e-07,1.5901230578447902e-05,1.4612506759975696e-05,1.8814751776440995e-05,0
0.7129814254331592,0.28689102374668934,3.661966587300725e-05,2.481564646898154e-07,2.141815172914368e-05,2.0828443184743703e-05,4.843640289970932e-05,0
0.6242133425228503,0.3757186461135899,2.8376549661611735e-05,2.0473798726285184e-07,1.5513833873144073e-05,1.5820004509671517e-05,8.096237527952641e-06,0
0.5836706017324423,0.41625964087291883,2.9241439808239635e-05,1.9506882486238432e-07,1.620372520850323e-05,1.4205741943220434e-05,9.911418854043887e-06,0
0.6440605719543508,0.3558813199945047,2.0774595580795116e-05,2.0854865086837002e-07,1.4971680141491858e-05,1.3702092538914425e-05,8.451134232293005e-06,0
0.7018922757626688,0.29804037781816944,1.9791993668411172e-05,1.9868466567687066e-07,1.5949004721884876e-05,1.316032783083888e-05,1.8246408275038507e-05,0
0.8201277505209286,0.1798231108564266,1.6692419918774058e-05,1.7458109356214963e-07,1.4551297897271255e-05,9.84392944197589e-06,7.876394292896519e-06,0
0.39109628892777326,0.6088104828604192,3.0387434817690773e-05,2.9581902129329586e-07,1.4053463447309003e-05,1.6545295651224102e-05,3.194619887026851e-05,0
0.9021018342872584,0.07144230952050265,1.9670666232092633e-05,1.7645539869765868e-07,1.4366662032529437e-05,1.6481408567964387e-05,0.026405161000007355,0
0.9093673364253038,0.07292101739638811,1.905571455720656e-05,1.8095474202709075e-07,1.4732989985424903e-05,1.6901659329614214e-05,0.017660774859693983,0
0.9309897261722516,0.057459856691674985,1.801085678204573e-05,1.5031761948169586e-07,1.2799912914291514e-05,1.330746288668507e-05,0.011506148585871132,0
0.9267072498588259,0.056797105707402554,1.8165959216779468e-05,1.363633953923453e-07,1.3809689807465801e-05,1.3485285272068326e-05,0.016450047136079903,0
0.9370689397680465,0.050682142503469294,1.5924715748707104e-05,1.5122250186478834e-07,1.0936899599270078e-05,1.2063832573798816e-05,0.012209841058060365,0
0.9321512175486312,0.05331793050491283,1.4442247222674695e-05,1.3714485030855088e-07,1.115088891306094e-05,1.0940782569252688e-05,0.014494180882900571,0
0.9309888465435191,0.0589779817943894,1.4279441187809371e-05,1.3559882987719596e-07,1.096286531669431e-05,1.0817448201618604e-05,0.009996976308555642,0
0.91470044579474,0.08360629531902163,1.8205273564097142e-05,1.505380951906307e-07,1.0713309603445991e-05,1.0114694763435752e-05,0.0016540750702122172,0
0.9131418131796867,0.08522292437307781,1.447576115196692e-05,1.2081390590582054e-07,1.0994591911444734e-05,1.0380260194947865e-05,0.0015992910200714635,0
0.8893487611523709,0.11027585872266428,1.450705679529323e-05,1.2107509762267708e-07,1.1018361495880866e-05,1.0402701634626585e-05,0.00033933092994164495,0
0.8190819259759796,0.18080057361998123,1.438291716606016e-05,1.221985863271783e-07,1.0928203171215162e-05,1.034177911060806e-05,8.172530600512599e-05,0
0.8228692534361478,0.17706248147621428,1.4387184597620751e-05,1.2223484281798138e-07,1.277847135098675e-05,1.0659041517719012e-05,3.031815532876027e-05,0
0.7836637207491277,0.21626877171967054,1.5085992761016446e-05,1.2817198120895752e-07,1.1595804976860265e-05,1.0847313030962896e-05,2.9850248451583465e-05,0
0.5956235340307927,0.4043201126852453,2.3376389265848316e-05,1.655190413653276e-07,1.4974618520565323e-05,1.3635298690417044e-05,4.201458443802039e-06,0
0.6077844011568453,0.3921694644773653,1.7329449053755507e-05,1.472325920915982e-07,1.227124989743675e-05,1.2649150534472637e-05,3.7372837115505863e-06,0
0.5898001559413357,0.4101515942957577,1.812405554608181e-05,1.5398364189099505e-07,1.2833922998423108e-05,1.3229151497338015e-05,3.908649223036358e-06,1
0.4984352339562941,0.5015083331281199,2.166943496238956e-05,1.7812492926513266e-07,1.4531183561344083e-05,1.5532731687683007e-05,4.521440445397611e-06,1
0.5000530761370057,0.4998860689863746,2.2697203109206516e-05,1.8657328653750608e-07,1.6879410181338384e-05,1.63558004215071e-05,4.735889621187154e-06,1
0.42385930195831123,0.576076603811039,2.4537736515510515e-05,2.0170265577934536e-07,1.664612405400503e-05,1.7588740923794592e-05,5.11992650072795e-06,1
0.4210075581506121,0.5789317764228085,2.4619789906648326e-05,2.023771428860814e-07,1.670178815028663e-05,1.4004424011542196e-05,5.137047368070199e-06,1
0.4465391401490139,0.5533967636489766,2.426630270924067e-05,1.994714426616107e-07,1.8046315003792358e-05,1.4839383179584985e-05,6.744729674245793e-06,1
0.3180895826398205,0.6818534914450299,2.2872030967163753e-05,1.755711883492439e-07,1.49403028124596e-05,1.3001420019954184e-05,5.936590161483022e-06,1
0.30608420124195523,0.6938596971536419,2.2540834518650185e-05,1.730288450774087e-07,1.4723961061335368e-05,1.2813154091912027e-05,5.850625885700669e-06,1
0.27127178091339577,0.7286561302366051,2.462783348182162e-05,1.7864212280934264e-07,1.4452711253369535e-05,1.9970159935752373e-05,1.2859503205278932e-05,1
0.18035741412161846,0.8168361833958031,2.506206406009565e-05,2.2227100654191592e-07,0.002746559612399749,1.8860887084762593e-05,1.5697648027384865e-05,1
0.1832667059139781,0.8126821063860178,2.5149402091201636e-05,2.2409623359519787e-07,0.003990218751353597,1.8178969227607733e-05,1.7416481097854724e-05,1
0.43929372975373265,0.5488304132272739,3.356910788669544e-05,3.5108939226802576e-07,0.011793563908975393,2.521343479312026e-05,2.3159477945918085e-05,0
0.49196766978573975,0.47545807621410524,2.716057535596626e-05,3.9248061169303137e-07,0.03250100911456613,1.9371375994629198e-05,2.6320453626809485e-05,0
0.20863409502550057,0.7878768078186609,3.534024800981174e-05,2.410582724972294e-07,0.0034145586671170567,1.930123632002092e-05,1.9655946119145655e-05,1
0.22205896955787033,0.7773105690628829,2.7089147030031065e-05,2.261745283470511e-07,0.0005819123768354977,1.5163403917615789e-05,6.070276935439224e-06,1
0.1646856430767114,0.8345131476962635,2.725808647572289e-05,2.2955060543486408e-07,0.0007474022218604824,1.6611173305852363e-05,9.708194777498938e-06,1
0.1807074892168864,0.8150659517264649,0.0003963331830464596,3.7950522223297564e-07,0.0016130792555023958,0.002207353010913832,9.414101964022515e-06,1
0.31164947840785173,0.680271930074954,0.0010596726797497955,3.136394624394312e-07,0.005778594893923011,0.0012338526716061757,6.157632452750285e-06,1
0.4383723907560577,0.5512173370749205,0.0008266931792490014,2.992053392159011e-07,0.008427144828385594,0.001150260706383981,5.874249663808762e-06,0
0.6106918258944559,0.3803517366525228,0.0006731298279547571,2.2162532434728646e-07,0.007275865885793391,0.0010023987232095789,4.821390739217291e-06,0
0.30010841052676007,0.3871834912109343,6.956944438305346e-05,1.1439448659074456e-07,0.00221532647658316,0.3104204331352647,2.6548115881661185e-06,0
0.3002163448696068,0.6946364581353295,8.757868503564504e-05,1.736814594154096e-07,0.003636160617993698,0.0014191079716446495,4.176038930205465e-06,0
0.10027903801837003,0.8911234438664449,0.0028211101836278186,2.2149433338452334e-07,0.0053363731170139,0.00043500451699514836,4.808803214886951e-06,1
0.06595784761154112,0.9192824048868424,0.0037653193051796754,1.98520663204992e-07,0.010435664155389622,0.0005539583494190519,4.607170964913245e-06,1
0.10936374895922887,0.7545588838556158,0.004741683052438902,3.143956804713621e-07,0.12985742607665998,0.0014682670321268221,9.676628249275387e-06,4
0.14288870219843308,0.7743054066064514,0.0004128662604806487,1.85504630844348e-07,0.014963289130922626,0.06742345200530803,6.098293773372211e-06,1
0.04303380345616127,0.8935806886184992,0.0026164058423980784,2.0196197115311586e-07,0.05998193659105166,0.0007827774082283268,4.186121690386213e-06,1
0.04350131915735013,0.879437120610302,0.006699374382374671,1.9286982478040142e-07,0.0695802071368413,0.000777788177051947,3.997666255307642e-06,1
0.04213488259331254,0.8904703767110689,0.006312445883840922,1.9528953407062955e-07,0.060215960228607465,0.0008620914733966549,4.047820239676183e-06,1
0.2283917538569161,0.35348428080510497,0.004567535272540322,1.6772092464167797e-07,0.4091585007638482,0.004394771560118959,2.9900205468296967e-06,0
0.14833340175980414,0.5564848275529289,0.016450801255088115,1.4686277284189548e-07,0.2724879287818485,0.006240042371045333,2.8514165119417247e-06,0
0.2002440727226225,0.5122907120462648,0.00615679100692425,1.650927771863427e-07,0.274296125680715,0.007009190283068346,2.943167627861243e-06,0
0.5361282073449851,0.37240081958916404,0.024575685119311987,1.6338441680258418e-07,0.05967653454183028,0.007201143521175565,1.7446499116228764e-05,0
0.0076744130146566125,0.125629909093963,0.001413986676405246,3.464926852264705e-178,0.865042027791915,0.00022685993283896717,1.2803490221301721e-05,4
0.004563485998487338,0.1426417081106318,0.001762061155516371,3.8852280946769443e-178,0.8507574309025515,0.0002609572584786799,1.4356574334378554e-05,4
0.030851113875402424,0.8965829131245596,0.006002203242894655,1.8136307371040858e-07,0.06518408903980132,0.0012842828359601172,9.521651830814966e-05,1
0.029452042203464483,0.9042503789230424,0.0061223566576857485,1.7313841317501944e-07,0.05893886219702783,0.0011775441310132467,5.8642749352813394e-05,1
0.024665822941483593,0.9253521853158032,7.757761721708619e-05,2.0959761143502695e-07,0.04982967311986905,1.745724324123699e-05,5.7074164774371654e-05,1
0.03711045743326586,0.9534518678650207,7.96803828279355e-05,1.7310803811262732e-07,0.009333514942132026,1.814298390007949e-05,6.163284815301128e-06,1
0.030394542746704865,0.965738999224729,3.30966047274156e-05,2.0778719517744525e-08,0.0038143238402551924,1.4409920324271699e-05,4.606884539968292e-06,1
0.04315201082960849,0.9333657398529236,0.0033129762304922794,1.961942623038085e-07,0.018975035284893214,0.001187693515801089,6.348092018932323e-06,1
0.11329242947289891,0.5766306592287066,0.2775953251670574,1.2207291430553856e-07,0.031347624354615904,0.0011313331271156912,2.506576691156192e-06,0
0.041084242323619256,0.8326780714210832,0.06725877298128267,1.7275156766845956e-07,0.05788346303613913,0.0010917303025996588,3.547183708538742e-06,1
0.04363584683157876,0.8391840117390967,0.06774412333467174,1.736497422050536e-07,0.04828538060928469,0.0011468982093056773,3.565626320241955e-06,1
0.04715770219141365,0.8460745333736351,0.04351997541466989,1.8533133847660838e-07,0.06180413519911818,0.0014401175323001823,3.3509575246032135e-06,1
0.04209111112885792,0.8442431936356536,0.0510088259605203,2.146848091347186e-07,0.06137120640392612,0.0012820273482252254,3.4208380075686283e-06,1
0.014228404241564154,0.14469786399800205,0.807843446178256,1.3409308837254747e-07,0.03133499301056537,0.0018927339547107334,2.424523813256684e-06,2
0.010569042733776797,0.11104802200170416,0.8509812563566531,1.0498751238789076e-07,0.02592209101534287,0.001477584636226175,1.8982687845314365e-06,2
0.0038905750226319205,0.0481660619479884,0.9330578592266465,4.5598810900403874e-08,0.01437561498310053,0.0005090187532506099,8.244675711925161e-07,2
0.019559903591355524,0.8964730939619833,0.04255400386507001,2.1154933257745706e-07,0.03391249085910305,0.007496331249236673,3.964923918895167e-06,1
0.02271520320196149,0.8873209349944939,0.06192871537510591,1.6914743483660532e-07,0.018067846619943068,0.009963960446803635,3.17021425703559e-06,1
0.05369323025082709,0.7716327234572623,0.08819216379436076,1.9731351480964e-49,0.00414860238653019,0.08232946744141842,3.8126696010976113e-06,1
0.0033180936941274624,0.12336457251135255,0.7627412996366649,9.693768793322791e-08,0.002506499215461621,0.10806301389312092,6.424111584516737e-06,5
0.00422266964872302,0.1889846503331316,0.6926213723607206,1.3439667271753422e-07,0.004048499277092061,0.1101137350468414,8.938936818687407e-06,5
0.0008427250635573286,0.15694226117784035,0.22798126808785021,0.0007937531281208071,0.00011618900112301118,0.6133180217460612,5.781795447103263e-06,1
0.0009856037438685623,0.21364621853334084,0.625110462047792,0.0008538264005541901,0.00015032672687081947,0.15921610133245587,3.746121511772354e-05,1
0.0008970684951066668,0.5725619082168759,0.3197415631153847,0.00010548424523064103,0.0003502453168922329,0.10633169103465165,1.2039575858190581e-05,1
0.00037589711893969103,0.2045952266064852,0.5136223343763988,0.0007591248778592652,0.00013165564848088355,0.2805121977781806,3.5635936553796165e-06,2
0.00133765481066961,0.4239812399332331,0.31652845418652115,0.0001507544424745817,0.00041871618215786314,0.2575359181666193,4.726227832439933e-05,2
0.000527350034196043,0.18553069238555858,0.6325611404297707,8.23547316160335e-05,6.188675213331552e-05,0.18120889849536725,2.767717135797926e-05,2
0.0002610046701239867,0.0779083153841308,0.1666007407476447,3.661967860022819e-05,3.358040772642534e-05,0.7551466030291107,1.313608266305288e-05,2
0.000988502493613541,0.29213512513622203,0.5342487861079969,0.003138459154476552,0.00020391236378585213,0.16927309397711485,1.2120766790303181e-05,2
0.002046475295918937,0.7043895788354695,0.28467821863181264,0.00017847153456943327,0.000776322051156883,0.007926888106058058,4.045545014370423e-06,1
0.0023367346078524928,0.7945896387910849,0.19078629559955818,0.00012285714555031624,0.0013614295952480062,0.010798488907593894,4.555353112053512e-06,1
0.003631354755790801,0.8359527543680355,0.1477334511727104,0.0002205008819052782,0.001699242479522635,0.01075870477885236,3.9915631831753816e-06,1
0.004267551567506728,0.8651726886628716,0.11613901847390268,4.591458963159208e-05,0.001971650276993478,0.012399223465749941,3.952963344131324e-06,1
0.005467971522889983,0.7288813463080136,0.2528459153939603,0.0003195745514189955,0.0017642368342668266,0.010716818327327451,4.137062122557829e-06,1
0.0077324715473920955,0.8977137171967875,0.07906861461387299,0.0008272776580254522,0.0009668096014249655,0.013686961083382278,4.148299114841175e-06,1
0.010185530512744212,0.8707987463128776,0.10402204236218791,0.000281599352695555,0.0007594092780161619,0.013943938257723401,8.733923754865592e-06,1
0.00598598005966035,0.7208036200811866,0.153813206454102,8.73399842236171e-05,0.0008506138743331462,0.11845087657890181,8.362967592304122e-06,1
0.0024524809130773,0.7613759778988121,0.2196040076718863,7.526445227600838e-05,0.0016372103488302694,0.014850776739039125,4.281976078896949e-06,1
0.0021661364265649014,0.7092219839460308,0.26294194086185707,6.635763530098965e-05,0.0017337576839642568,0.023865917821993866,3.905624288041304e-06,1
0.002314557147487857,0.7086893952620696,0.2694251441380551,6.981993656468571e-05,0.0017324557224569833,0.017764725101997537,3.902691368099877e-06,1
0.601136898394682,0.00977263277940094,6.835101010266196e-06,1.232581983935139e-07,6.765183355375501e-06,4.848180522356182e-06,0.3890718971028307,0
0.573054399647895,0.009476662079835519,6.485776025810932e-06,1.948561982848867e-07,6.410758400569379e-06,4.600402094054297e-06,0.41745124647955084,0
0.7015475626760264,0.010842124212944787,8.334620621790078e-06,2.2248387613469398e-07,1.114172932592241e-05,5.911799298810526e-06,0.2875847024779063,0
0.9434457553078199,0.05159924862511719,8.5648799615346e-06,1.9382336129661166e-07,1.1479107566502204e-05,5.832216235825289e-06,0.00492892603993755,0
0.9543886897877231,0.04084617923864586,8.040167598258342e-06,1.8194911268824346e-07,1.0454712129442622e-05,5.4749157274723715e-06,0.004740979229063252,0
0.9530178853769455,0.04211779056014857,8.290471747515269e-06,1.8761349931985405e-07,1.0780185173792229e-05,5.645359204759485e-06,0.004839420433280258,0
0.9400830677416302,0.05429314276465853,9.454787395380493e-06,2.1396197979978897e-07,1.2242238302490424e-05,6.438194674211683e-06,0.0055954403113592805,0
0.9413385254738071,0.053477754366111005,9.312792963664807e-06,2.10748643691853e-07,1.2198719239846631e-05,6.341504208756446e-06,0.005155656395025902,0
0.926579581928643,0.06924962806252816,9.16678068234513e-06,2.179507131667552e-07,1.2921339316840864e-05,6.242077806802538e-06,0.004142241860309575,0
0.9559602290884902,0.017577631040232588,1.0055622697723559e-05,2.0034696970056823e-07,1.1689394480519034e-05,7.0442018634635175e-06,0.026433150305265912,0
0.9540781511770701,0.01882853916934215,1.0427904353138527e-05,2.0776426286873619e-07,1.1181176006188197e-05,7.454068186991055e-06,0.027064038740778583,0
0.7659503467922459,0.016971284493145816,9.188456612423996e-06,1.8613932268145937e-07,9.100327530379918e-06,5.818111633183245e-06,0.21705407567950957,0
0.9012230842179507,0.01700142745211852,8.734779323140551e-06,1.633396787087659e-07,1.0243772127869036e-05,5.613132429606839e-06,0.08175073330637163,0
0.8854886583529804,0.016529398527461235,7.775389231360117e-06,1.726308582690817e-07,9.642528604957204e-06,5.515132924677879e-06,0.09795883743793914,0
0.3895086885601809,0.008356309343151371,3.7427052764161768e-06,9.083684400914758e-08,5.24297348541196e-06,2.591495262950176e-06,0.6021233340857989,6
0.869817322448932,0.06865847700794862,1.228829705140431e-05,2.512883952409514e-07,1.4136199644806805e-05,8.745350070213318e-06,0.06148877940795776,0
0.9182568657969903,0.030453521565425048,1.123904349909559e-05,2.298317816632064e-07,1.4513189794626875e-05,7.99861603628093e-06,0.05125563195647281,0
0.9525147009575536,0.006313339668780233,1.0844491887308986e-05,2.217634349304709e-07,1.293895423590146e-05,7.71782106921538e-06,0.04114023634303861,0
0.9724972548687668,0.0016678491263097928,1.1377806704189493e-05,1.3498497766324833e-07,8.52578310304561e-06,4.74607343757762e-06,0.02581011135670067,0
0.9837404962934503,0.0014960186496894982,9.436880107687535e-06,9.477074177260187e-08,6.134853980041491e-06,3.936446379969588e-06,0.014743882105650417,0
0.9860627142280864,0.0018807930495649903,1.6108355306036633e-05,1.6111748430596014e-07,1.6749262909227187e-05,8.968923184383146e-06,0.012014505063464557,0
0.9741919035692745,0.0018581509418596266,1.591443332409401e-05,1.5803130993063308e-08,1.8220348094570158e-05,8.860949941506209e-06,0.023906933954374713,0
0.9789310759443114,0.0019118106678297888,1.5991852611297675e-05,5.175020756384474e-08,1.7174419678220448e-05,9.71217779369593e-06,0.019114183187568204,0
0.9821590516275608,0.0019181147667580798,1.604458493600152e-05,5.192085125442128e-08,1.723105145798261e-05,9.744203208477255e-06,0.01587976184522736,0
0.9895647620255186,0.0018729589833565226,1.6165564882472062e-05,1.6052506188065193e-08,1.7360977641260834e-05,9.672594873684522e-06,0.00851906380122149,0
0.9900260951692349,0.0020917934143449457,1.6991721547035734e-05,2.591602277909665e-08,1.7369071294855408e-05,9.676708654517836e-06,0.007838047998901082,0
0.9888127067830784,0.0021844291797993676,2.161796482511013e-05,2.79316882163073e-08,1.808029354314579e-05,1.04293321317823e-05,0.00895270851493421,0
0.989104107953707,0.0023483566822983153,1.924955746630232e-05,1.4598287819572152e-07,2.410218133684147e-05,6.520796139771022e-06,0.00849751684617364,0
0.9477815112072095,0.007751990239414681,1.568510286132504e-05,1.5934200224747625e-07,1.647324669472907e-05,8.953010210832792e-06,0.044425227851606415,0
0.9517543654849648,0.00588980217089511,1.4940908690588e-05,1.5178187399874617e-07,1.477948187426022e-05,8.52822638452589e-06,0.04231743194531695,0
0.9545279907369433,0.004817500090757791,1.5088156803483951e-05,1.3839115671137048e-07,1.4126859477796821e-05,8.549595768857176e-06,0.04061660616909218,0
0.9300056842066586,0.030829998061497877,1.5593568593082476e-05,1.9717207178853598e-07,1.452657543347462e-05,1.0367244227361668e-05,0.03912363317151783,0
0.5118523965513153,0.4821388433659453,1.5430488972187084e-05,2.0074320400346305e-07,1.4532570901537376e-05,1.0892656588593743e-05,0.005967703623073033,1
0.7012322266433747,0.2973654162848553,1.584676042666149e-05,2.022614451716725e-07,1.3051581115872529e-05,1.1547492833550584e-05,0.0013617089759489385,0
0.723484091124169,0.27508516610557004,1.5855775637314894e-05,2.1747601634618248e-07,1.6614127673026465e-05,1.2416121807570225e-05,0.0013856392691267074,0
0.7376943909614837,0.2617454592541476,1.471473190716142e-05,2.0232126839102677e-07,1.545637739964137e-05,1.1550908255586092e-05,0.0005182254455378148,0
0.6908446738586363,0.3042444055321486,2.6738696019294233e-05,2.1309933293412134e-07,0.0048364489515279226,3.89846117590634e-05,8.535250575967257e-06,0
0.017242096950030754,0.9731133554697555,0.00045364554010901846,1.387828805226745e-07,0.006614774805704812,0.002564962958801042,1.1025492718346577e-05,1
0.04497238285223515,0.9427557823029072,0.0002774580736316943,3.90993976210516e-134,0.011232669413577296,0.0007509572653832185,1.0750092265400488e-05,1
0.042778580551322214,0.9425603515034234,0.00029490662010496846,8.756028096723282e-94,0.01358818835434437,0.0007410416281569481,3.693134264825456e-05,1
0.04993711645851696,0.9274530230281905,0.0015599987443935884,1.0078189852168989e-07,0.020550224029050795,0.0004704437618894545,2.909319606033847e-05,1
0.04190588061895167,0.9431431755842817,0.00024824624852871587,1.0328844459584476e-07,0.014456705657495211,0.0002125769178978249,3.3311684400456074e-05,1
0.042362861751877215,0.9533543644270163,2.388441589367808e-05,1.1017791521374762e-07,0.004220153000393691,9.330011238740053e-06,2.9296215665216638e-05,1
0.02150501539373349,0.9692554876437804,1.5634349416787943e-05,7.26515764111551e-08,0.0013349104692481483,6.5188073990464915e-06,0.007882360684845727,1
0.08309967653298794,0.9144059506637657,2.8805559225970927e-05,1.7200420521467413e-07,0.002439376277127877,1.8124033094958256e-05,7.894929592442247e-06,1
0.08430082578446493,0.9146541589476955,2.8561142417441802e-05,3.1803779421317845e-07,0.000990084844558831,1.7970984229898844e-05,8.080258839413113e-06,1
0.08469788423990961,0.9150618544282595,2.8573873184114016e-05,3.181795555227191e-07,0.00018530642401137909,1.797899456799236e-05,8.0838605122185e-06,1
0.0666947042453386,0.9332494867502317,2.2573841236786928e-05,2.0587364899350512e-07,1.2439194915369153e-05,1.4203708624302082e-05,6.3863860040019185e-06,1
0.08584538371599519,0.9140946178853411,2.4899690159945388e-05,2.5030064873383926e-07,1.2355429036377967e-05,1.7268832123344725e-05,5.224146695396406e-06,1
0.10539801300021542,0.8945315499962607,2.800763528040708e-05,2.45994264399431e-07,1.730342116927949e-05,1.9101415235920022e-05,5.778537573900423e-06,1
0.15313014351140974,0.8467760243446953,3.103227805700722e-05,2.2805111044266454e-07,2.0974511073229336e-05,2.4624385182566225e-05,1.6972918471729417e-05,1
0.34875588259135093,0.6511469490333283,3.1304689545697766e-05,2.444520442986245e-07,2.104234907373196e-05,2.690391160765283e-05,1.7672973049529186e-05,1
0.43188199129011395,0.5680483852139996,2.5302226295541123e-05,2.0751126400206376e-07,1.8447164295504144e-05,1.7294104092335738e-05,8.372489939230549e-06,1
0.79506178793837,0.2048795857377104,2.1460354852152034e-05,1.6327002645492103e-07,1.1070675867208046e-05,1.2606150959061489e-05,1.3325872214638878e-05,1
0.435186924003948,0.564739761914452,1.9769422416603358e-05,1.8896547831710376e-07,1.361466102211037e-05,1.5265411156478398e-05,2.447562152647782e-05,1
0.4311479392466795,0.5687762154245551,2.6860371805018085e-05,1.947208723104587e-07,1.7072022220244977e-05,1.5897551216019915e-05,1.5820662651742622e-05,0
0.3630726561029291,0.6368399311265364,3.505426619358224e-05,2.149249040267309e-07,1.8500662852481853e-05,1.895015110811067e-05,1.4692765476407718e-05,0
0.46069344948442653,0.5392039308509049,2.939998825367065e-05,2.2311060845118332e-07,2.0350707493864597e-05,1.8365612597459225e-05,3.428024571500126e-05,1
0.4324506181737037,0.5674804164588627,2.896646033254502e-05,1.9601471726665058e-07,1.6872880389067563e-05,1.6135182390968523e-05,6.794829603675928e-06,1
0.4570969718076465,0.5428366366369962,2.762231539583292e-05,1.8998873120442378e-07,1.6354165552386063e-05,1.5639146248604807e-05,6.5859394292138924e-06,1
0.45575522200353735,0.5441750067750355,2.9028431002134492e-05,1.9966011885385583e-07,1.718667532145194e-05,1.6435257917531497e-05,6.921197067137018e-06,1
0.460240193299756,0.5396196305366259,2.875622878540157e-05,1.9229592334652197e-07,1.7024723322080395e-05,1.5271332660994837e-05,7.893158292623597e-05,1
0.5090720463535249,0.49070582527596046,3.5511600292928016e-05,2.189828808492068e-07,2.198380620592852e-05,1.8380576726536025e-05,0.00014603340440841336,1
0.7124868699346907,0.28734358307917357,4.5583189391376816e-05,2.466484463375498e-07,2.171021529083211e-05,2.0701871126220164e-05,8.130506188112962e-05,0
0.7147538096895865,0.2851154256326858,3.8112358019745154e-05,2.466205987539396e-07,2.1285592580659164e-05,2.069953380321799e-05,5.042057272529172e-05,0
0.6926497812467345,0.30718130699912566,5.222948588454096e-05,2.60709003471978e-07,2.165623878968299e-05,2.1882011711259287e-05,7.288330875069996e-05,0
0.7032154563478281,0.2966665567997709,3.953149605398004e-05,2.471274966147389e-07,2.0528067718845e-05,2.074207911150695e-05,3.693808202018278e-05,0
0.6424739974611061,0.3574673410523644,2.5711906089554852e-05,1.8600371315553782e-07,1.1680461748968429e-05,1.3545581932081926e-05,7.537533045824112e-06,0
0.6378122899174057,0.3621258751751268,2.7314020510091312e-05,1.867162498329657e-07,1.1693755004335631e-05,1.3597471885137011e-05,9.042943818250255e-06,0
0.6434368705492065,0.3565016137858069,2.7173003145781167e-05,1.8575226749226301e-07,1.1633382255146595e-05,1.3527270588853483e-05,8.996256729383817e-06,0
0.6314904508009439,0.36844410893447865,2.8134135764845786e-05,1.8290417463324184e-07,1.1455010527175487e-05,1.331986034678058e-05,1.2348353763914372e-05,0
0.6025528724816781,0.3973764360659943,2.9952619217101545e-05,2.047534792919186e-07,1.3588199331010015e-05,1.4911019691893439e-05,1.2034860608384865e-05,0
0.7360443935734705,0.2638843067399396,2.0755016802893956e-05,2.083521065986605e-07,1.3532283117686066e-05,1.380067262736654e-05,2.3003361935423855e-05,0
0.8007675122226715,0.19917354840203152,1.8488660833442377e-05,1.9336744717114165e-07,1.6117136569662194e-05,1.0815131389394184e-05,1.3325079057329172e-05,0
0.8804370733627562,0.013013813280661823,1.8354379906679006e-05,1.5070596242394864e-07,1.400373162721696e-05,1.2270911076021075e-05,0.10650433362800955,0
0.8705433859933059,0.026885100959759094,1.827953560611184e-05,1.5332916947775913e-07,1.3245308883113329e-05,1.1661590948126968e-05,0.10252817328232791,0
0.8932069720666888,0.07637554999142553,2.1719576563188143e-05,1.8604566163452158e-07,1.5147482950641876e-05,1.73771649058448e-05,0.030363047671804488,0
0.9288686249169591,0.06130700546972641,1.7964494317317476e-05,1.4993068090261628e-07,1.3487376343028901e-05,1.2633841643406396e-05,0.009780133970329953,0
0.9397318004813512,0.044952514665630716,1.512774191062069e-05,1.4365436817763004e-07,1.1119853496976515e-05,1.1460081831864666e-05,0.0152778335214106,0
0.917951743709247,0.08079258904581697,1.4508172737009137e-05,1.2108441121082254e-07,1.1019209072988178e-05,1.0403501852677428e-05,0.0012196152768620058,0
0.8138365169796438,0.18609639955781201,1.4572342888809948e-05,1.238079646797597e-07,1.120098947887812e-05,1.0477982285522278e-05,3.0708339926350704e-05,0
0.7849571008446847,0.2149736123317163,1.7110933004981346e-05,1.2707512439601532e-07,1.1496571606427433e-05,9.033543703217053e-06,3.151870015979744e-05,0
0.7584268310386723,0.2415064737183379,1.548026621396012e-05,1.3152176470696334e-07,1.0961815035267065e-05,9.491253238979682e-06,3.063038673712242e-05,0
0.6910551610924636,0.3089015750737643,1.6114589108059527e-05,1.4925824582829598e-07,1.2440080065102549e-05,1.0771204388251616e-05,3.788701964858878e-06,0
0.48232483450971464,0.5176193105237881,2.236556651952317e-05,1.8384720050057871e-07,1.517254839649738e-05,1.3466312461031981e-05,4.666691919799435e-06,1
0.46606483972656304,0.5338783694090631,2.2740320771969783e-05,1.8692771805097725e-07,1.5426777460048086e-05,1.3691952077857306e-05,4.744886346051795e-06,1
0.47549337279688025,0.5244511947891118,2.1869726749732436e-05,2.077894921250031e-07,1.4836176281912624e-05,1.2440111291815437e-05,6.0786101922480725e-06,1
0.4631554493812472,0.536786690525535,2.2827517997167353e-05,2.16889695302837e-07,1.5485931075414618e-05,1.298492969987181e-05,6.3448247501768825e-06,1
0.36784838902638484,0.6320820802613505,2.6514112476324536e-05,2.179486644469606e-07,1.9491119803909293e-05,1.593803118043076e-05,7.369500139683726e-06,1
0.26899317732867284,0.7309406406428302,2.5128773624925725e-05,1.8227577619710766e-07,1.4251999354577269e-05,1.3497909013907798e-05,1.3121070727272085e-05,1
0.2512020942383672,0.7487227978735544,2.526546736437699e-05,1.8326730717397352e-07,1.581264365451041e-05,2.0654063945057737e-05,1.3192445807094379e-05,1
0.16600317120784575,0.833667880870193,2.2795311276682664e-05,2.0216757764863863e-07,0.0002730382449927574,1.863433288196262e-05,1.4277865232408792e-05,1
0.45187829285658127,0.5391151112376795,4.2654500112697215e-05,3.3033914776761266e-07,0.008917431470294399,2.233071386657306e-05,2.3848882317908906e-05,1
0.2299691669888976,0.7665088089896256,2.5549264234762775e-05,2.402168182242214e-07,0.0034574133445548125,1.9233862122041437e-05,1.9587333747204915e-05,1
0.14830311318741782,0.8504721442206729,3.960744145446143e-05,2.2384229855325097e-07,0.001149174696463995,1.828852767366145e-05,1.7448084018697262e-05,1
0.18003383124228073,0.8188942653373527,3.262603557745087e-05,2.0900154422494608e-07,0.0010067365305239523,1.6871001431203363e-05,1.5460851289955135e-05,1
0.1876355414615817,0.8117724049788585,2.6776966487687908e-05,2.2356804956625693e-07,0.0005432628388442331,1.5789864282162386e-05,6.000321896110088e-06,1
0.16973770495831958,0.8240641237956242,0.0007452469076454487,3.3578952673549707e-07,0.0028528264214845197,0.0025882965625839863,1.1465564815523332e-05,1
0.4217630042905599,0.5710427480226549,0.0007576881166084121,2.988992095937602e-07,0.00528130860543246,0.001149083826063825,5.868239470826726e-06,0
0.14518807685563387,0.8458160050000975,0.0022939830637826023,2.2511495515364363e-07,0.006211218990476667,0.00048560356550497914,4.88740954913122e-06,1
0.07713407644087615,0.8865276313633319,0.0041329488666928685,2.372529580214518e-07,0.03157072630192414,0.0006292610207897098,5.118753426950812e-06,1
0.3966207423867034,0.5808389864484499,0.006168948751020135,1.9846956990322856e-07,0.007379673503921161,0.008988115725677709,3.33471465771755e-06,0
0.16769244393328947,0.5250842819072286,0.013747626125814327,1.5435980889372241e-07,0.28694419321694964,0.006528514289988488,2.786166920457602e-06,0
0.019649631281133544,0.15897967395661616,0.0022767518751282937,0.0,0.8186573169676011,0.0004164015587359043,2.0224360784923358e-05,4
0.013653967945332392,0.4791121933747745,0.006711137654037842,1.0895208869808838e-07,0.49830272858230784,0.0021626631014564908,5.7200390002197584e-05,4
0.013199281936886749,0.8199961279019895,0.0053842758668570965,1.5898520879751183e-07,0.1587266915287041,0.0026099957527422465,8.34680276116455e-05,4
0.058794424113478315,0.9234421389571019,0.004247672432508931,2.6056958556783277e-07,0.010491097252648329,0.003020906971670252,3.4997030067233757e-06,1
0.11131822248631894,0.7926138537551735,0.0024933421645185975,3.0426506057801326e-220,0.09213078100528091,0.0014220221120723007,2.177847663588564e-05,1
0.07697358080299034,0.8426250595009297,0.0020717013002475035,1.6329799082422955e-07,0.07711208683329396,0.001171379877647238,4.6028386900502034e-05,1
0.034553692914853454,0.915423583249474,0.002582020272405873,1.8523651467169868e-07,0.04625303865507748,0.001090229577541475,9.725009413293482e-05,1
0.024527005589421974,0.9378710243011497,0.0007672042321127953,1.8434627834327776e-07,0.03640795274982675,0.00036878632087575014,5.784246033472572e-05,1
0.0224764237101737,0.9283085106461442,6.715978083648519e-05,1.814509152612499e-07,0.04908562364687692,1.5112923961171447e-05,4.698784109238476e-05,1
0.026559484491980607,0.9590780669350462,6.213023424265421e-05,1.4225356598676764e-07,0.014281028294970981,1.4083038419406371e-05,5.064751774254715e-06,1
0.04306807543671225,0.947055226084444,7.028757917140222e-05,1.6027148503811477e-07,0.0097840515108536,1.7256794364618872e-05,4.942322969284688e-06,1
0.04269803425266018,0.9528101336508313,3.918448983192203e-05,2.3818181347808844e-08,0.004428705019933943,1.8531704913219422e-05,5.387063648167405e-06,1
0.0468453954526199,0.9502247538062875,0.00031645312735500253,1.4636376238580615e-07,0.0024476914915817676,0.0001614781831253586,4.0815752682884915e-06,1
0.06793299319251303,0.9224903861472762,0.0029630623253424746,1.9123005920793862e-07,0.005091992856923976,0.0015179337631795618,3.4404847056392234e-06,1
0.035153341875914526,0.9375707290245971,0.0042136578878133515,2.009820001664929e-07,0.022025644655476094,0.001032298722637818,4.126851561013516e-06,1
0.00965677875871571,0.3805598746123155,0.5939338716379705,7.846838030613212e-08,0.014866960578575754,0.0009809652650560532,1.470678986135923e-06,2
0.11538233281244391,0.8160725739115817,0.03923767287051879,1.8680385019420075e-07,0.007583962755017026,0.02172024097072563,3.0298758624842e-06,1
0.09144587910218542,0.8577530550563123,0.027354730058479618,1.90722277483962e-07,0.0050111988891631334,0.018431168379627928,3.777791954148582e-06,1
0.07832145581289747,0.7910511265655439,0.08226190314198858,1.6173868840898107e-07,0.005360996458246109,0.04299967345310566,4.682829530085376e-06,1
0.029891892411062174,0.7772442442762459,0.127700164607648,1.4469525609969706e-07,0.00456375929930908,0.06059636426024585,3.4304502328650035e-06,1
0.03316899855699254,0.7181020161885924,0.11979562031612465,1.5247709696424322e-07,0.0037583214885392718,0.1251712760297258,3.614942928240638e-06,1
0.0032123584887956856,0.14475093800621408,0.16209292471477066,8.728049313913047e-08,0.0024517786475792037,0.687486128737943,5.784124204237672e-06,1
0.002608763238977497,0.1147276229239346,0.14378708953604025,7.071311642971003e-08,0.0018953291941022584,0.7369764211517975,4.703242031491139e-06,1
0.007358745198958398,0.8245371664457632,0.07579802994761498,2.1809222659204121e-07,0.0032317677554633494,0.08907104577582554,3.026784147902608e-06,1
0.0008139581416264427,0.1477329519391615,0.37821049623916225,0.0004985313806338677,0.00015018892786450796,0.4725672710584014,2.6602313150178853e-05,1
0.0010907346531804163,0.42950635843311424,0.4112071568114058,0.00018612785807390895,0.0001583721432106465,0.15781268011123598,3.856998977906613e-05,1
0.0012295389982339008,0.4600942484676499,0.19856051968480504,0.00010077080647393729,0.00025851785050073184,0.3397298223708664,2.6581821470153194e-05,1
0.0009240535125602554,0.7344101225410424,0.18380563299409192,9.129273066495715e-05,0.0002709499507419607,0.08047730378361875,2.0644487279775043e-05,1
0.001223466238613135,0.4588677793195245,0.4845994435539141,0.00010222283114157783,0.0002723181861303153,0.05493194602716238,2.823843513886883e-06,1
0.0007890381919581516,0.230837439509463,0.661387914991319,7.010328723138915e-05,0.00016828979426930556,0.1067197310511284,2.7483174630766842e-05,2
0.0004024412702405492,0.15843369693440054,0.22579431176674614,5.78842976216394e-05,4.771946948100052e-05,0.6152436918277853,2.0254433724854724e-05,2
0.0008371356226494213,0.5216065515759022,0.30956490601452386,0.0005229151329603507,0.0001706726557806724,0.16729115344405887,6.665554124560929e-06,2
0.0010529726958591536,0.32616854757376035,0.5303904830565009,0.0001899666833309916,0.00010695166738346853,0.1420678359376957,2.3242385469490575e-05,2
0.001165943635404225,0.3290305738028374,0.6175889739442351,0.00014798393091097094,0.00022765857899110665,0.0518182886296477,2.0577477973355343e-05,2
0.002326762587866446,0.749663680375815,0.17910728933243866,0.056553827881384695,0.0021675516548354005,0.01017654094776181,4.347219897955347e-06,1
0.002473492891489022,0.7969389718086316,0.18698516879174867,9.473432260201282e-05,0.0019846793852551945,0.011518331435991952,4.621364281601292e-06,1
0.0031999170464988235,0.7701010507522319,0.21608874080529933,4.847034621612388e-32,0.0019678065220905907,0.008638355004009661,4.129869869595544e-06,1
0.003152322207708976,0.8374591621488067,0.14352152117850842,4.743623691683443e-05,0.0022016008826922363,0.013613973238917361,3.984106449533256e-06,1
0.004279902078797058,0.8982452042976811,0.08023762560563817,0.00014525496508837514,0.002785082377513572,0.01430231169010156,4.618985180344312e-06,1
0.002745461656674244,0.7133013902911067,0.27373850076124273,0.00011690866921553929,0.0013151555093190283,0.008777789598626337,4.793513815631209e-06,1
0.29242069392253817,0.003429651414410481,3.8122201616648237e-06,1.0255851566059418e-07,4.686603182627673e-06,2.7040319531425815e-06,0.7041383492492382,0
0.7206276742233396,0.012789381903409065,9.237395351083412e-06,2.7752480705522764e-07,9.58089112084052e-06,6.552143143336224e-06,0.26655729591882904,0
0.724393754776341,0.009531411070510592,7.732538322566453e-06,1.6267877153137602e-07,1.0272478733206397e-05,5.484738503137264e-06,0.2660511817188178,0
0.6310874009215515,0.008577064805688085,6.736540010648551e-06,1.4172474905246111e-07,8.949320534607222e-06,4.778270579856062e-06,0.36031492841688634,0
0.9464689964094908,0.04676200502769042,8.189024525591335e-06,1.8531774717437076e-07,1.102191182730768e-05,5.808527063819176e-06,0.006743793781654862,0
0.9265259859414852,0.0684275904529708,8.45020811453399e-06,1.912283356883641e-07,1.1824173261985326e-05,5.7541309607399885e-06,0.005020203864871032,0
0.9451545405311715,0.04978691891547128,8.620106385650317e-06,1.4972730793712427e-07,1.206190783223052e-05,5.869822419311901e-06,0.0050318389894119814,0
0.9346181236390296,0.06002564472006927,9.127515813249629e-06,1.585407777735097e-07,1.2699719423461181e-05,6.21534057194755e-06,0.005328030524314573,0
0.9272840323368101,0.06886522827158945,8.996045416561936e-06,1.9973212852484638e-07,1.1966953006076025e-05,6.760620918721042e-06,0.0038228160401306555,0
0.9259609668197293,0.06915507639169625,9.032467681467596e-06,2.005407834569247e-07,1.1165597287000853e-05,6.7879926264688795e-06,0.004856770190196305,0
0.9620657252082189,0.018780442618631585,9.993221870905077e-06,2.0024783693896458e-07,1.264505214390871e-05,7.04071635437365e-06,0.019123952934943515,0
0.9446518257502091,0.017582822211590667,1.0119879642368378e-05,2.0278585171484767e-07,1.2349988605445799e-05,7.1299529844085046e-06,0.037735549431115935,0
0.9442038962592543,0.015337633953473363,9.875212227278778e-06,1.978831165135224e-07,1.0649405840255702e-05,6.957572755783835e-06,0.04043078971333264,0
0.6728759199988907,0.017206486266412906,9.158537386665977e-06,1.8724282192954885e-07,8.366580160989216e-06,5.917511387530798e-06,0.3098939638629393,0
0.7337887767506833,0.013482549499747438,6.672131279176219e-06,1.652568301300579e-07,1.061755617459588e-05,4.666631963752983e-06,0.25270655217332155,6
0.31751246701595126,0.006586345271671202,2.9895845076112727e-06,7.404669339701109e-08,4.425081230480616e-06,2.090979634213971e-06,0.6758916080203119,6
0.4499666023454222,0.0923328660585408,6.0454288519218695e-06,1.392021402170891e-07,7.637044213082787e-06,4.844519165137215e-06,0.45768186540166644,6
0.7077504358213669,0.12939087157315698,8.004908711526148e-06,1.636956411254592e-07,8.783107297293346e-06,5.696943088985315e-06,0.16283604395073706,0
0.8916564748651393,0.08828117959358338,7.421585459243002e-06,1.5176702617093927e-07,7.617782084824608e-06,5.281802893076031e-06,0.020041872603814067,0
0.9084352461877174,0.05718432514356338,1.2623843815415046e-05,2.5815012779053336e-07,1.5502374735217657e-05,9.167493462922346e-06,0.03434287680657804,0
0.9416489631127234,0.005768095599247377,9.907920247121165e-06,2.0261109970399682e-07,1.182149684675303e-05,7.051280634441277e-06,0.05255395797920124,0
0.9459257040240342,0.005458580217549859,9.376262325654613e-06,1.9173901015866786e-07,1.0318750637066253e-05,6.672909683496888e-06,0.04858915609675973,0
0.9846954165019182,0.001561965171767338,6.181861794163824e-06,1.2641541161956608e-07,5.296820984535048e-06,4.997266837124849e-06,0.013726015961287013,0
0.9782952176661043,0.001626932573332748,6.438986283789206e-06,1.3167345511451293e-07,5.999588156715107e-06,5.205120025662749e-06,0.020060074392641417,0
0.9796060226633496,0.0015518135120380233,9.675624534440234e-06,8.714812606089185e-08,6.290060168947437e-06,4.118398892841772e-06,0.01882199259289011,0
0.9916556901183098,0.0018769165035767553,1.7019690126595652e-05,2.5958680866622822e-08,1.739766099667269e-05,9.838019166375199e-06,0.006423112049143153,0
0.9711900023475246,0.00139033388662741,1.5492971447556925e-05,2.0221134013059355e-08,1.1078492070143024e-05,6.391220109806533e-06,0.02738668086108674,0
0.9579390171933925,0.0025105362394159604,1.662427947578243e-05,1.3963514872986262e-07,1.9473031761504246e-05,6.237254327821074e-06,0.03950797236647786,0
0.9693994154309807,0.0020201995334155976,1.6906355212570336e-05,1.4200443562237686e-07,2.5338211670743078e-05,6.343086169292259e-06,0.0285316553781154,0
0.9774189472793297,0.0037857250078219312,1.8817329291322196e-05,2.0624685802634987e-07,5.396449641012606e-05,9.212681187549983e-06,0.01871312695910126,0
0.9826090581854412,0.0035674024882804394,1.600996134320082e-05,1.8003816089450346e-07,2.7185677988582395e-05,8.681741328688009e-06,0.01377148190745679,0
0.9666314884052747,0.008823110952653743,1.5997056436900376e-05,1.6251107979704063e-07,2.2500306847567928e-05,9.594330671913455e-06,0.024497146437035433,0
0.9377933681429959,0.007776356781934399,1.573440526161102e-05,1.5984285603508796e-07,2.2913880770134956e-05,8.981151874746728e-06,0.054382485794307184,0
0.9377953409019589,0.007776373140418115,1.5734438360788368e-05,1.5984319228338919e-07,2.0810311021756197e-05,8.981170767659027e-06,0.05438260019428049,0
0.9239652664266422,0.006144071709632784,1.7374006700124674e-05,2.9299049522128387e-09,1.9605926969545007e-05,1.0903856461364112e-05,0.06984277514368935,0
0.9817993613201315,0.00806062797576206,1.2488866154062805e-05,1.3367243235172332e-07,1.3447880258577816e-05,8.158996964729671e-06,0.010105781288297092,0
0.9513318764279929,0.022548729610920124,1.6021037747899768e-05,2.0257718341374852e-07,1.6457975825713164e-05,1.1745934229070211e-05,0.026074966436100817,0
0.9258733362286907,0.02996489616180095,1.6418042186257984e-05,2.07597085506914e-07,1.5796341559018837e-05,1.2037000768890074e-05,0.044117308627908795,0
0.9300139710641036,0.030706256329230037,1.563640949462019e-05,2.0923184094242189e-07,1.72965836708476e-05,1.1001343017366893e-05,0.03923562903864254,0
0.7540673757937477,0.22798380843092741,1.990668590241504e-05,2.6637269507797754e-07,1.8494280894920557e-05,1.4005790781240297e-05,0.017896142645051114,0
0.7511145888848797,0.22979105368711294,1.978854251216274e-05,2.6479181047360765e-07,1.8598482912947143e-05,1.413149832212136e-05,0.019041574112449697,0
0.7475055864688976,0.23353591435126916,1.9515437846184143e-05,2.4834910233549836e-07,1.7443577760094296e-05,1.3253978348791283e-05,0.01890803783677614,0
0.5555715672112533,0.4294054889990827,1.7348110515943328e-05,4.7455144996292617e-08,1.4776182561953414e-05,1.015540811857078e-05,0.014980616633322535,0
0.6164286759092468,0.37384073717176136,1.3567195298834392e-05,1.7650265383927824e-07,1.206830780748499e-05,9.628352161194227e-06,0.009695146561070405,1
0.5050421290440968,0.49008900405848643,1.535721649080526e-05,1.9978996443313034e-07,1.4395947242888091e-05,1.102209459507688e-05,0.004827891849123557,1
0.6322509429397823,0.3661263740534246,1.6743163677955706e-05,2.1370276265119411e-07,1.2677486968503237e-05,1.2283832484948199e-05,0.0015807648208989405,0
0.6780154916392864,0.3202354360190018,1.3969282538507042e-05,2.343883944682443e-07,0.0017180240102618776,9.655948662559486e-06,7.188711854361486e-06,0
0.0178591355742602,0.9744702171397733,0.0005812795982466579,1.4121567704329665e-07,0.004346775942023958,0.0027312317657659066,1.1218764253152022e-05,1
0.01455337803960876,0.9774626815052215,0.0005397481625091982,1.3112605780681204e-07,0.0053338317505017205,0.0020998122134162993,1.0417202684435515e-05,1
0.03692737174345737,0.9518867227752498,0.000425916849662036,1.272613171154317e-07,0.008180522109862334,0.0025665385689376675,1.280069151392173e-05,1
0.058194310789692054,0.8970276395705462,0.00023222171268676874,1.1805639614085969e-07,0.04372697927547433,0.0007774368308712098,4.1293764333413285e-05,1
0.043855405546858815,0.9384573923241638,0.0005501969516272432,1.0809357921013288e-07,0.016719894384957162,0.00037576966155051253,4.123303726336059e-05,1
0.05067432859115273,0.9437468340704932,0.0005485219837867104,1.1615179778416252e-07,0.004839645179273838,0.00016977419801415697,2.0779825481678207e-05,1
0.038435276570410765,0.9541098435060714,3.005744792117857e-05,1.2707289362575276e-07,0.007372406231422417,1.2325031768130476e-05,3.9964139512363676e-05,1
0.02360979542639397,0.9715633779472427,1.911491278216703e-05,8.882547713146134e-08,0.004776288035082009,7.716232815091269e-06,2.3618620206786817e-05,1
0.022797545489989208,0.9671468274575058,1.560033616581979e-05,7.249351954317624e-08,0.0024140244770734865,6.320523398681268e-06,0.0076196092223473075,1
0.09261779876263564,0.9023112331648526,3.224422863733521e-05,2.0645950753759735e-07,0.0050090386658223586,2.0002303281140242e-05,9.476415263599454e-06,1
0.08361843322224004,0.9141958550601168,2.854683134426124e-05,1.7045928524588464e-07,0.0021312091633513028,1.7961245327017025e-05,7.824018335567289e-06,1
0.12188082533272722,0.8780398904149446,3.13287322936511e-05,2.2784739676411567e-07,1.9945600328338926e-05,2.1366428060231038e-05,6.415644249250277e-06,1
0.13508882100083697,0.8648294726455291,2.8745497654667716e-05,2.1124593716037983e-07,1.9428891354857313e-05,1.7598541049341136e-05,1.5722177637931918e-05,1
0.15349286323346295,0.8464160204966663,3.23252528207151e-05,2.3755296944561136e-07,2.1085296839347145e-05,1.9790135329360357e-05,1.7678031912088714e-05,1
0.31821582148291905,0.6816928196018359,3.203694864565629e-05,2.5436576475750867e-07,2.1481799412953504e-05,2.1190780815980817e-05,1.6395020605780277e-05,1
0.48288345292709334,0.5170297979187439,3.0579609131263814e-05,2.435487707420156e-07,1.9257448960121137e-05,2.0297489936406253e-05,1.637105736415074e-05,1
0.46378648804429495,0.5361337639033434,2.7301675784299764e-05,2.0783019456653716e-07,1.68928137193805e-05,1.8049534612227473e-05,1.7296198051059963e-05,1
0.46066859521112563,0.5392496029563101,3.7662317553903576e-05,2.2504990223806187e-07,1.6760087011549315e-05,1.7237672148132065e-05,9.916705948456975e-06,0
0.3228627592170923,0.6770573232497772,2.9709727679871925e-05,1.8215644095912697e-07,1.567996466418654e-05,1.6499958442394185e-05,1.7845725903189273e-05,0
0.37739987292322624,0.6225125820951205,4.2736904189383826e-05,2.1684738300693818e-07,1.6320124279027915e-05,2.0043151177295828e-05,8.227954624744894e-06,1
0.2399561918301278,0.7599693958868451,4.353974687589094e-05,1.4903891017686152e-07,1.209246850507988e-05,1.2666039035968333e-05,5.964989699942877e-06,1
0.5469094892719092,0.4530008845971064,2.43781820043932e-05,1.9881963851704518e-07,1.8135042235706033e-05,1.6366072788376044e-05,3.054801431740657e-05,0
0.5174232282102487,0.4825114199636742,2.5256394054860628e-05,1.9166570395344517e-07,1.7482506568555423e-05,1.5777188236203807e-05,6.6440715135721665e-06,0
0.4921813187432699,0.5077531547079097,2.726242800881998e-05,1.875133938890958e-07,1.61410893557283e-05,1.543538594111905e-05,6.500132120947373e-06,0
0.4007687481763215,0.5991461152573324,2.9157904878761675e-05,1.917408024482013e-07,1.5575712398305775e-05,1.521097440757616e-05,2.5000233859143243e-05,0
0.6321395913097702,0.3675911808678683,5.336412614756706e-05,2.774675138174424e-07,2.442293698029077e-05,2.3288598805525592e-05,0.00016787469291430735,0
0.6489015670083101,0.35087530328523,5.263859624948721e-05,2.8482491365077e-07,2.507054184759926e-05,2.390612527056229e-05,0.00012122961817848978,0
0.7071149304143838,0.29276255206738505,3.1675090627493476e-05,2.438754046813102e-07,2.0257927146258628e-05,1.7760044782374663e-05,5.258058027051981e-05,0
0.48144253738416504,0.5184662992415673,3.8886502838413574e-05,2.160174485319911e-07,1.5182604293934065e-05,1.4420938406753273e-05,2.2457311280029915e-05,0
0.6385330990294138,0.36140053338316,2.9130228231332525e-05,2.012257433422965e-07,1.2636358479854654e-05,1.4654114947737076e-05,9.745660024009116e-06,0
0.6336389819697426,0.3662981401933784,2.6759105922190753e-05,1.8484650849993597e-07,1.1607792851739576e-05,1.3461309364568536e-05,1.0864782231962594e-05,0
0.8378961636287819,0.16205302741658262,1.6011790241249855e-05,1.674625886364866e-07,8.423565313337122e-06,9.697118130448336e-06,1.6509018361985893e-05,0
0.9057252170757402,0.0282184112672398,1.9768503293931384e-05,1.8113417204938353e-07,1.4919234551138215e-05,1.3776325981299739e-05,0.06600772645902146,0
0.911519669216396,0.04647574139675925,2.225854399633215e-05,2.377839674341937e-07,1.5139744445617901e-05,1.4142644987901116e-05,0.04195281066944742,0
0.9188742012604532,0.042612875600874095,1.9984933156049845e-05,2.1802037621420609e-07,1.3881393331255758e-05,1.2967168536202841e-05,0.03846587162327322,0
0.7878603841046484,0.04116684673799183,1.3918727388980482e-05,1.690165405685991e-07,1.0761311029092671e-05,1.0052574007145399e-05,0.17093786752839393,0
0.9144803340516479,0.07463517491683756,2.240414474923656e-05,1.6942390003961857e-07,1.546497403698819e-05,1.2865608365758177e-05,0.010833586880462638,0
0.9130225725768164,0.07198434291108237,2.7407801953251863e-05,2.1187102793220415e-07,1.8302435328535696e-05,1.640387292768071e-05,0.014930758530864032,0
0.9138277454427167,0.08326112943899992,2.126939387486532e-05,1.8765984026014478e-07,1.2641060977587271e-05,1.27074600777666e-05,0.002864319543512969,0
0.9152461450664586,0.08163411215613732,1.6245048537886754e-05,1.720285119652094e-07,1.2828450077608476e-05,1.1648978518819323e-05,0.0030788482717577616,0
0.908343993193428,0.09000314027683695,1.736776893509154e-05,1.2670308789859144e-07,1.1530533136234038e-05,1.0886255270283134e-05,0.0016129552693056567,0
0.858578332297934,0.14103936839154116,1.4025046966182137e-05,1.1495302086668382e-07,1.0656291833060548e-05,9.935434623630472e-06,0.0003475675840811044,0
0.829217003918548,0.17053214625806218,1.4522035827384051e-05,1.2338055126163715e-07,1.2898244094881385e-05,1.0758948823905949e-05,0.00021254721409247348,0
0.8248594698259228,0.1749640708485796,1.4445722551229423e-05,1.2273218665267613e-07,1.1103663120318403e-05,1.0386938198495311e-05,0.00014040026944100106,0
0.7418320515276701,0.2580929871026061,1.762969916359196e-05,1.497835446238963e-07,1.3205397845902193e-05,1.0897148871171046e-05,3.307934029865001e-05,0
0.7189628229925485,0.2809983968735339,1.3804609935151954e-05,1.278625132448544e-07,1.1434727395133392e-05,9.089517770613967e-06,4.32341630360198e-06,0
0.6739672328263125,0.3259854463251051,1.676417372171684e-05,1.552748969077238e-07,1.3886213186246089e-05,1.1264875299983965e-05,5.250311477496205e-06,1
0.5052393942586461,0.4947048796213232,2.1147042382534523e-05,1.7383080985238322e-07,1.5726589781987738e-05,1.280022562633763e-05,5.878431430035158e-06,1
0.4662988592097923,0.5336431842924825,2.258055296369974e-05,1.856144106391162e-07,1.5318392778575182e-05,1.3595755845783299e-05,6.276181726569671e-06,1
0.37716191298751517,0.6227612593782929,3.0250865833184727e-05,2.293066772225261e-07,1.981895093418132e-05,1.680684091571581e-05,9.721669831575174e-06,1
0.17918962186230572,0.8207432309304357,2.9123374460903368e-05,1.7798381177770962e-07,1.5024485713202133e-05,1.4433243319470767e-05,8.388119953314934e-06,1
0.12561977617827924,0.874311661173063,2.2811877197665175e-05,1.8098876974309008e-07,1.4883847852262886e-05,2.2156195556456254e-05,8.52973928159273e-06,1
0.1647384084810056,0.8351650232393194,2.3861173576303586e-05,1.9296162695858578e-07,4.053954696961126e-05,2.3052508899235766e-05,8.922088603016444e-06,1
0.25666647611229215,0.7393144322225834,2.4122319652298355e-05,2.3482867289319978e-07,0.003966762101923338,1.686418775941719e-05,1.1108227116689556e-05,0
0.5492481832661407,0.4401418461594031,2.6964451926260433e-05,2.820132447840008e-07,0.010549576594949189,2.0968157029954574e-05,1.2179357305994655e-05,0
0.28510830389835495,0.7122020606215201,3.149918731620442e-05,2.3586049773069363e-07,0.002627078281648619,1.8885056953646748e-05,1.193709370856802e-05,1
0.18894678522150646,0.8099885960417987,3.515154451048793e-05,2.150215131987849e-07,0.0010007902862969346,1.8048074835254686e-05,1.041380953886569e-05,1
0.12675061285777947,0.8726553437187425,2.8503942554114017e-05,2.400424283782721e-07,0.0005350587330371808,1.751187807433135e-05,1.272882738413779e-05,1
0.16986249395013947,0.822755919802282,0.0008665907619971291,3.3525645996664593e-07,0.00363559848786736,0.0028530682746709104,2.5993466583124e-05,1
0.26038410205038054,0.7328171729073867,0.0008326820828993183,3.374102164035918e-07,0.004171047787908817,0.0017880334414167272,6.62431979144678e-06,1
0.3937735653295302,0.5981508808651598,0.0008253918785516407,3.1960943279161655e-07,0.005486498978062637,0.001757068499355123,6.27483990775819e-06,1
0.6467862416568428,0.3480644967193894,0.0003731704329399743,2.0532418987638607e-07,0.003915338514008409,0.0008565162562709622,4.031096358487271e-06,0
0.6469358417660291,0.3481450032041589,0.0003822112984921124,2.0537168086992576e-07,0.0037079338368683286,0.0008247724940290563,4.032028741423905e-06,0
0.1968161426472935,0.7959696400270523,0.0018634512760025786,2.42966855245531e-07,0.004653382197670128,0.0006916757124833634,5.465172642816888e-06,1
0.08870622282347046,0.9030772047252817,0.002709289243916357,2.21325512202204e-07,0.004983592655177736,0.0005179555210041893,5.513705637373538e-06,1
0.07931405219763105,0.9055881824103913,0.0034127477178014652,2.33045562053362e-07,0.011150122547906814,0.0005296341022180057,5.027978489054141e-06,1
0.12424577396523043,0.2348386382697697,0.00361700457204722,1.2626212580228602e-07,0.6356899757514444,0.0016062302595808476,2.2509198016990746e-06,4
0.3959268030714929,0.578348155760029,0.004870158984248272,2.2713833759328454e-07,0.016056212354529316,0.004794938456701731,3.5042346611057407e-06,0
0.37394030203835604,0.6019533410437915,0.008393750405694787,2.0568423175116157e-07,0.007101578032153545,0.008605009073411943,5.813722360291105e-06,0
0.17565053451470178,0.7987980280368515,0.006261143790976706,2.054710105094946e-07,0.007313252315502122,0.01197146277546343,5.3730954939974625e-06,0
0.1508889587518852,0.8226455821661656,0.0063299909591588086,2.1198074501229796e-07,0.006756696184055536,0.013373016632033514,5.543325956374619e-06,0
0.49057868346592215,0.4133340171468443,0.02550967473351511,1.7388490208393486e-07,0.0647356312975203,0.005822893939796909,1.8925531498968642e-05,0
0.2367507735884589,0.6677164633004113,0.014222575171295257,1.7111292964628464e-07,0.07848278907275598,0.0027437116515167535,8.351610263211093e-05,0
0.014632248465625747,0.8932296527202591,0.008608212801621188,1.699062624559948e-07,0.08074482752262825,0.0027328331343154763,5.205544928780207e-05,1
0.028796528417724655,0.93768332582526,0.006740575515508261,7.612197644758144e-257,0.025353020633230784,0.0013844165073078844,4.213310096849256e-05,1
0.02837369579331036,0.9239148918051308,0.003976864528609703,4.9924951713850087e-287,0.04251524813183852,0.0011777852997739485,4.1514441337067866e-05,1
0.054703379225801846,0.9166650277854101,0.005246108133644551,2.07291466497123e-07,0.020913315476850523,0.0024682786016929463,3.6834851334088757e-06,1
0.07054592578313655,0.902574497957997,0.006077508867758032,3.0796009013357945e-07,0.016614895760556792,0.004183126380832367,3.7372896291354407e-06,1
0.20926174118527477,0.7549209217770091,0.004268249479877599,3.188202392819093e-07,0.0280313802817821,0.003513551387366747,3.8370684504416495e-06,1
0.11240707554224388,0.8114837233524128,0.0031473430514002646,3.1150874170836693e-220,0.07075711515665291,0.0021859732376700905,1.8769659620162337e-05,1
0.0304494605771127,0.9280604621265323,0.0023924286736549615,1.8823677525289558e-07,0.037952550520630186,0.0010596643636773474,8.524550161694132e-05,1
0.022399483810061894,0.9251307825074044,0.00046073235281143436,1.8082978373804066e-07,0.051786559084037884,0.00016552232853086707,5.673908736973459e-05,1
0.031315836900209226,0.9618165309471298,3.302054723414244e-05,1.6081491050862618e-07,0.006814294579973315,1.5616562574655214e-05,4.539647968128672e-06,1
0.04940815667002873,0.9431111232064602,0.002602443360984967,1.709702809950884e-07,0.0037300669500118125,0.0011442831625151943,3.7556797180984005e-06,1
0.03412493500212825,0.9301151375026406,0.004606415426617268,1.9551098296011063e-07,0.03005828249400165,0.0010910195508639043,4.014512765102505e-06,1
0.06769664340866978,0.6719918901600704,0.2160259223692563,1.2432605528916197e-07,0.04339846362732868,0.0008844032671963131,2.5528414232105406e-06,2
0.012321518990329211,0.10279409032941776,0.8437296360003451,8.894256558205337e-08,0.040133716114579776,0.0010191233260528273,1.8262967096992725e-06,2
0.00413973874208142,0.05542265665572117,0.9245618935262901,4.296007792685984e-08,0.015488433382005564,0.0003864579769217422,7.76756902366628e-07,2
0.0035139929885231636,0.05081482532959362,0.9292841651810223,4.3967517198063476e-08,0.015851646318095203,0.0005345312429366733,7.949723117742874e-07,2
0.017517774102251825,0.7416138949486375,0.2144981940543597,1.6281359320943742e-07,0.023334449777591422,0.0030324728001550746,3.051503411389897e-06,2
0.11501576957149798,0.8112933847797074,0.04586489556309217,1.9975922871430457e-07,0.006979707704040936,0.02084280261605852,3.2400063743906808e-06,1
0.08347711724147558,0.8591126088874103,0.025220055887586995,1.9665596935982894e-07,0.005414681054914887,0.026772150599763216,3.1896728796400144e-06,1
0.08387748470200936,0.799498021243234,0.06866555952379393,1.602906092730569e-07,0.004894786369411534,0.04305934696773018,4.6409032117362425e-06,1
0.03820751368802601,0.785040476926338,0.10817672069669772,1.6353027894344431e-07,0.004061181327573764,0.06450920912953188,4.734701553675621e-06,1
0.008956751960341675,0.8504581493130919,0.07535441913442312,2.221370865368241e-07,0.0030532063300606448,0.06217292861531479,4.3225096814021505e-06,1
0.006629837022551906,0.8930676722809163,0.04074768668708709,1.9925640909790663e-07,0.0020949569820014743,0.05745627061470404,3.3771563302802042e-06,1
0.00119738512543321,0.2336883582550009,0.5909192325780608,0.0009283044180631913,0.00018458885454459322,0.17304005044217097,4.208032672636784e-05,1
0.001007582184500053,0.37703787241627235,0.1312261836407241,8.257962493803418e-05,0.0001874156380238352,0.49043658323386097,2.1783261680482494e-05,1
0.0010882341901007329,0.36177387212858714,0.5879144584764495,0.00014343621145442953,0.0002790093695450645,0.04879848107857652,2.5085452864373646e-06,2
0.0004197918367329952,0.19769606807295984,0.7717728235859446,3.1715700082347634e-05,0.00014552525695409128,0.029919243381009562,1.4832166316550546e-05,2
0.0005753670781285008,0.2629576460249357,0.30940043188030575,0.0001378843584872647,6.720752214963768e-05,0.42683293703714914,2.852609884385917e-05,2
0.0010982616433753904,0.5205866177599828,0.42840491745941944,8.618379031924004e-05,0.0002706917848526625,0.04952965648567799,2.3671076372385942e-05,2
0.0010277621281990436,0.6142464146942408,0.3463067950020758,8.436132549230749e-05,0.00027068146179165824,0.03804031521454475,2.367017365579422e-05,2
0.0025043110508708366,0.8027172805288725,0.18125111224677995,1.520443765506864e-43,0.001984632321381717,0.01153798490853299,4.678943562092397e-06,1
0.003516860078738964,0.8339523422789744,0.14609610447960042,0.00023443544684187127,0.002623816509078709,0.01357224130318836,4.199903577293919e-06,1
0.007970000848644892,0.849393139283353,0.1198375281100256,0.0015385509246123778,0.001263649824451414,0.01999211565426234,5.0153546503255934e-06,1
0.0062250685009566775,0.7340479956856313,0.2022975326340237,7.996665510391704e-05,0.0014869056110066849,0.0558523660816148,1.0164831663030853e-05,1
0.3657131863591705,0.005585521510130867,5.343712715390698e-06,1.266828255411282e-07,4.616341750843387e-06,3.3661919785682447e-06,0.6286878392014283,6
0.7241182632417542,0.009907118627530555,8.70352039294505e-06,1.6261690376385545e-07,1.0268572044459343e-05,5.482652622334077e-06,0.2659500007687516,0
0.8977436604362691,0.04874892460548956,7.944850084257407e-06,1.6714543113689657e-07,1.0460049209118791e-05,5.635332583042037e-06,0.05348320758093378,0
0.9310916472794611,0.050858211580354744,8.625489671543423e-06,1.8146487027787993e-07,1.1609366455065008e-05,6.118114561665071e-06,0.0180236067046255,0
0.9299458709393411,0.06538383272555698,8.212728835147186e-06,1.8585417605323006e-07,1.1491874209992586e-05,5.5924205205315936e-06,0.004644813457360383,0
0.9236760130913249,0.07184090144290622,8.99980664971556e-06,1.9981563622949495e-07,1.1971956371255955e-05,6.7634475242305864e-06,0.0044551504395874625,0
0.9225653611592725,0.01282831886532664,9.116128073423398e-06,1.8162859624060115e-07,9.774642059621725e-06,6.38606362755821e-06,0.06458086151304417,0
0.928757175429011,0.015094563060928792,9.936299391475115e-06,1.9796958706200318e-07,1.0654059395244252e-05,7.102659430139608e-06,0.05612037052225642,0
0.8398926717073273,0.0138765014848442,9.13448588760787e-06,1.8199435503572954e-07,1.0447240072406126e-05,6.529507593617651e-06,0.1462045335799199,0
0.728564135036996,0.016389920627153214,7.048627132246094e-06,1.5970527321842947e-07,9.09883359181324e-06,4.509863418017173e-06,0.25502512730643534,6
0.46068322144945284,0.07575796314678165,4.410776776100047e-06,1.0924709930461164e-07,5.54732709282587e-06,3.5345867345979595e-06,0.4635452134660627,6
0.9737020965913263,0.0060093552812447324,9.961028718613427e-06,2.0369713648510352e-07,1.2405487331978266e-05,7.089076935503245e-06,0.020258888837306234,0
0.9863333421834548,0.0018771171697178804,5.937496044745665e-06,1.2141827680371105e-07,5.8174703314463184e-06,4.7997275040958585e-06,0.011772864534670661,0
0.9843678043384172,0.0018701430313642106,8.637174056216094e-06,9.249937666059872e-08,7.69547601385954e-06,4.240249520352555e-06,0.01374138723125154,0
0.9793872312679396,0.0018246906171951892,8.797450940139734e-06,9.421585380457514e-08,7.838278151200147e-06,4.31893428179854e-06,0.018767029235638468,0
0.9716419698267756,0.00556421433725314,2.2110318735359297e-05,1.8540906563002918e-07,1.8497200095917953e-05,1.0321162066843849e-05,0.022742701746007357,0
0.9740213249843045,0.0036778009780040876,1.8119784951861086e-05,1.5914998435437163e-07,1.5877482019888007e-05,8.859398411158878e-06,0.022257858222324033,0
0.9887233605713812,0.0020797300174200937,1.6151819718617174e-05,5.226786685000672e-08,1.7346216048696944e-05,9.809329075989054e-06,0.009153549778488472,0
0.9855917156876016,0.001995131697881147,1.6100661057253793e-05,2.5799943536117177e-08,1.7492513857341346e-05,9.778259379004876e-06,0.012369755380280324,0
0.9872982287958968,0.0018686690935621377,1.612853871562803e-05,2.5844615118819092e-08,1.7321213459842232e-05,9.794789657954265e-06,0.010789831724092909,0
0.984951398061604,0.0024814096493318955,1.8602276063780643e-05,1.5624927315881274e-07,2.787995416724776e-05,6.9793777862770985e-06,0.01251357443177348,0
0.9790976752859045,0.003868197416525461,1.7359883363285224e-05,2.1073996704346653e-07,5.514011851532933e-05,9.413765194395216e-06,0.016952002790529812,0
0.9464391483450287,0.005800424340928627,1.587946515872991e-05,1.613164921761508e-07,2.3125130266499457e-05,9.523804596610126e-06,0.04771173759752849,0
0.9507931269929983,0.0045520538821614475,1.6937402259732618e-05,1.7206387569132796e-07,1.675440462683938e-05,9.667818994688969e-06,0.04461128743508333,0
0.9761258496180002,0.008917500472437884,1.3496155429718071e-05,1.2375797570710816e-07,1.4087937055946427e-05,8.650653647879153e-06,0.014920291405452948,0
0.9649642419068052,0.0168168049067899,6.6319942528156335e-06,1.5049091759367047e-07,1.5272803470733945e-05,8.725841629051454e-06,0.01818817205613489,0
0.9467558178326995,0.024673190093579996,1.6087060233961204e-05,2.0341200132496983e-07,1.801105161558037e-05,1.1794339069700401e-05,0.028524896210799892,0
0.927534733710358,0.0322753102015713,1.5425938181119403e-05,2.0641551022375589e-07,1.657436038601317e-05,1.1968490064333953e-05,0.040145780883929144,0
0.9264483280823573,0.03128188747453845,1.598610612159815e-05,2.1391115488972726e-07,1.739466038697628e-05,1.1247379842299396e-05,0.042224942385598596,0
0.9329122259577438,0.0440298045271142,1.8691524997489256e-05,2.454908231736428e-07,2.159322797397949e-05,1.3101436745983888e-05,0.023004337834601114,0
0.6789566594696633,0.3094091678803237,1.4905456566447925e-05,1.939127861519161e-07,1.4923909153523369e-05,1.0578087938151484e-05,0.011593571283568515,1
0.47597236126017267,0.5182332071912042,1.455824412734573e-05,1.8939572012627917e-07,1.3646985736759978e-05,1.0504330836610734e-05,0.005755532592202273,1
0.4493114561969873,0.5450134532962826,1.5523633882141394e-05,2.0195497426521853e-07,1.4551947907944054e-05,1.1200896526946978e-05,0.005633612073438742,1
0.5712847701859687,0.42713672217415605,1.5977729628528836e-05,2.0393308147647213e-07,1.3225863681738842e-05,1.17222621734894e-05,0.0015373778513099784,0
0.6238019357793426,0.3745313592612192,1.6047247583507848e-05,2.0482037967880866e-07,1.8466023412502852e-05,1.1693587299837026e-05,0.0016202932807626528,0
0.6488286719824012,0.3510979612239806,1.7358484621264907e-05,1.7005443896901704e-07,1.7538079019773303e-05,1.2649082296221956e-05,2.565109324196486e-05,0
0.7083183744811423,0.2916392499004702,1.3796541680339387e-05,9.585077650191701e-08,1.133710584125471e-05,1.0053503800906815e-05,7.092616288427203e-06,0
0.6476325871573235,0.34914947117709516,1.2686496992836552e-05,1.870697698904483e-07,0.0031848872497576095,8.240251042487998e-06,1.19405980185348e-05,0
0.6815891172013543,0.31439974559355716,2.0257813161634933e-05,1.7814214651931702e-07,0.003954269419474119,2.5860902425381963e-05,1.057092788083749e-05,0
0.007391188820735152,0.9843344892088444,0.0016915023277525774,1.460522739100046e-07,0.003664564799399978,0.002906505787248653,1.160300374533315e-05,1
0.02821129513834155,0.962469134250897,0.00039714467860560616,3.9916979651018433e-134,0.007535646968854234,0.0013738963473351143,1.2882615966622727e-05,1
0.04475776793449907,0.9243896887752339,0.0005904384330266587,1.17388190185059e-07,0.03011623580048832,0.00012091227778484806,2.483939077695444e-05,1
0.019223974354740693,0.9781007370225386,1.5400184091144555e-05,7.15634287949482e-08,0.0026346375567707736,6.150662463272597e-06,1.902865596659591e-05,1
0.03389043339066998,0.9489753307237045,2.503246160469081e-05,1.270747252322866e-07,0.004902821584866941,1.3466045297854905e-05,0.01219278871913084,1
0.06127626809498984,0.938673720789847,2.073988876944109e-05,1.8914798486870192e-07,1.0164771962524262e-05,1.3049765606640107e-05,5.867540839521204e-06,1
0.0723695083970461,0.9275754468963263,2.242878878112746e-05,2.0455076920406908e-07,1.1953577968161736e-05,1.4112440027441874e-05,6.3453490815325556e-06,1
0.08584541297346693,0.9140949294233213,2.489969864615571e-05,2.503007340402802e-07,1.2014617347013307e-05,1.7268838008837295e-05,5.224148475868665e-06,1
0.4084325461143773,0.5914876303836689,2.7719996176388497e-05,2.0919904139596467e-07,1.9626150186987875e-05,1.74280176318591e-05,1.4840138917071243e-05,1
0.4256001125227033,0.5743233341107796,2.6952021255387985e-05,2.1879324107196749e-07,1.8008375933439764e-05,1.6945179164679828e-05,1.4428996922680126e-05,1
0.40059592260244226,0.5993264358929936,2.402682999277234e-05,2.244117366598668e-07,1.6957541100847214e-05,1.811869414547929e-05,1.8314027588294884e-05,1
0.40258685403903915,0.5973383518352535,2.3733294345028827e-05,2.1206938527687208e-07,1.6932945182789508e-05,1.6999016299220573e-05,1.6916800495062247e-05,1
0.5696985449195665,0.4302044276896071,4.213393205743459e-05,2.2306433250234385e-07,2.032074842586365e-05,1.7654413059615243e-05,1.6695232951114733e-05,0
0.6534903282895076,0.3463798673133415,5.020348880855466e-05,3.4437719508398046e-07,2.1162855273861917e-05,2.4226073493679355e-05,3.3867602379606726e-05,1
0.4989920092612377,0.5009186225361435,3.351774230058637e-05,2.2991920189133822e-07,1.6395527216923528e-05,1.6616374486260833e-05,2.2608639413216332e-05,1
0.5302973069822444,0.46961851776554925,3.096670377311208e-05,1.935215751083743e-07,1.572037019908406e-05,1.5670684390070617e-05,2.1623972269001166e-05,1
0.6205584494297177,0.37936028777145897,3.0459537658856e-05,2.1408896739876275e-07,1.5046121320795688e-05,1.4625994402323173e-05,2.0917056473967528e-05,1
0.41518037557797943,0.5847368006687808,2.8833999328277467e-05,1.896108171002998e-07,1.5402686945361396e-05,1.3674941644147413e-05,2.4722514505024697e-05,0
0.4215610831576703,0.5783493632948324,3.067064989281847e-05,2.0168853168666382e-07,1.6383797936992135e-05,1.6000136927643465e-05,2.6297274208164336e-05,0
0.45127335785992106,0.5485698005519123,3.207949772073501e-05,2.1451897189776936e-07,1.8992218245393803e-05,1.7501889978126365e-05,8.80534632504258e-05,0
0.6760051184004681,0.3237431615620113,4.856821044524211e-05,2.6280025175202635e-07,2.1829951900922395e-05,2.2058437501365083e-05,0.00015900063742129057,0
0.6733245448237543,0.32656656936691086,3.5536511403980476e-05,2.4766560393111905e-07,2.017266835941831e-05,1.641122450014145e-05,3.651773946752715e-05,0
0.6600104937327421,0.3399200402002621,2.6726487939173862e-05,2.0577472495749415e-07,1.709302909072649e-05,1.4985391147178684e-05,1.0455384093630684e-05,0
0.6621340830723866,0.33778711969748554,3.3021771815921485e-05,2.10349652616327e-07,1.747305327288274e-05,1.531855684793138e-05,1.2773498538287519e-05,0
0.8230535669016268,0.17688920034107952,1.8251296377777973e-05,1.9088492238178685e-07,1.4873332242002768e-05,1.076323712449666e-05,1.3154006627280208e-05,0
0.9161296370719716,0.07151978068708618,2.112618683042457e-05,1.601190577209871e-07,1.4615630202722452e-05,1.3016217687541067e-05,0.012301664087163785,0
0.9378134292444805,0.05688936125307008,1.5484575041784466e-05,9.842316148916872e-08,1.3589800355453998e-05,1.1440899796063566e-05,0.005256595804094699,0
0.9342814898375728,0.06453953217607725,1.577382943682592e-05,1.1721044128275728e-07,9.5053916153314e-06,7.920429744684649e-06,0.0011456611251119066,0
0.9048744150469871,0.09395496065860652,1.317214571812416e-05,1.0796241504542443e-07,1.1699292905292109e-05,9.758854981964216e-06,0.0011358860383858564,0
0.7972967052372075,0.20238730313880804,1.737991858883201e-05,1.2907275810299124e-07,1.1677298865714556e-05,9.175551916710902e-06,0.00027762978185496304,0
0.8096354625468118,0.190140858564624,1.4601392152240271e-05,1.2405476989208532e-07,1.1094201418249405e-05,8.818832094315291e-06,0.0001890404081294038,0
0.6824357022522629,0.3175139250323708,1.806447235670986e-05,1.6241844164714678e-07,1.4694105187587212e-05,1.1959863160777471e-05,5.491856219642704e-06,1
0.5086050380907057,0.49133596258729995,2.248973350511961e-05,1.8486786557859383e-07,1.6532708401901016e-05,1.3541073430038804e-05,6.250938791763164e-06,1
0.4582292778180569,0.5417129488924098,2.2801678573929886e-05,1.874320853384943e-07,1.4717640472906108e-05,1.3728895623749409e-05,6.3376427774320696e-06,1
0.453362308126999,0.5465758897597836,2.4464008656054285e-05,1.8544132149464315e-07,1.456132067063027e-05,1.283247138701604e-05,9.758871182154191e-06,1
0.4894648195482917,0.5104734272210256,2.5664807453343466e-05,1.8062985202229797e-07,1.4842695961659965e-05,1.3407126857090588e-05,7.657970558715844e-06,1
0.2120709196316612,0.7878621688630151,2.715996420027044e-05,2.00621148489446e-07,1.6498342158476143e-05,1.6268973128838735e-05,6.783604687682221e-06,1
0.14277916948592542,0.8571392008227228,2.6065217685065193e-05,2.0680067848114782e-07,2.2142687871580797e-05,2.0523126104288575e-05,1.2691859012540957e-05,1
0.19694659798599215,0.8002041689285969,2.6187787747937876e-05,2.3277717724274583e-07,0.0027958086773780346,1.799817628657042e-05,9.005666821040613e-06,1
0.273028249672269,0.7222681762869468,2.49105134325224e-05,2.425016704349205e-07,0.0046514076366238714,1.7415222987044504e-05,9.598166070246098e-06,0
0.5779504158414257,0.4115849212090072,2.6600152114908844e-05,2.7820314057144654e-07,0.010407047876995297,2.0684869401068496e-05,1.0051847915382563e-05,0
0.5355614267501034,0.44655548829443553,3.239379174653718e-05,2.834573111674667e-07,0.01782258655286586,1.6610798765754798e-05,1.1210354771816467e-05,0
0.33940113216655826,0.6590249638994133,1.8675676573730827e-05,2.2680179662584434e-07,0.0015267109556906368,1.8159738013268377e-05,1.0130761954302726e-05,1
0.39680577099681213,0.6021464944659476,2.288449274333836e-05,2.2972914533374316e-07,0.0009983358044789378,1.7396766092466893e-05,8.8877447800677e-06,1
0.18803995778965496,0.8020732679491077,0.001330600038533474,3.498430135012623e-07,0.00406555240614998,0.004481700640460368,8.57133307995308e-06,1
0.5172217617280573,0.47675271192372615,0.0015967930378569105,1.831854293931924e-07,0.0033621578067944487,0.0010622718384256605,4.1204797101671925e-06,0
0.37683961717811776,0.6179648885463028,0.0018499768926360733,1.8253568213899374e-07,0.0026307350232937883,0.0007100242845543926,4.575539413105333e-06,0
0.11756746537376755,0.8740880216841772,0.0025934086675316863,2.6800147525929904e-07,0.004950134301252091,0.0007942625772397493,6.439394556372624e-06,1
0.07924827143177517,0.4021620200758563,0.002752801321622003,1.8848132691258334e-07,0.5150032623323725,0.000827655184048502,5.801172998715377e-06,4
0.054583114469256025,0.8903735386385314,0.0037058256681145258,1.9452432452251306e-07,0.050755522491056686,0.0005777722491873855,4.031959529519851e-06,1
0.15856296414792437,0.25430894645584773,0.0034131176005246194,1.3233872581231538e-07,0.5822397495294017,0.001472730678065441,2.359249510253152e-06,4
0.4154814227054863,0.5678552692966607,0.004898964252172295,2.2301739977389698e-07,0.008167530916097421,0.003593149154341992,3.440657841375656e-06,0
0.37002000161958815,0.6067652069688977,0.008929593272681162,2.1881476614978493e-07,0.007147855531263312,0.007130938932214547,6.184860588953191e-06,0
0.22705410595171807,0.744465613405973,0.009778925110738499,2.451417751571526e-07,0.008440135945230498,0.010254045443700104,6.929000864766308e-06,0
0.22577882838024022,0.5192948826920445,0.00643255846898302,1.6232398803239838e-07,0.2402896507174831,0.008200931043557642,2.9863737034890687e-06,1
0.31636996987368277,0.5723759541433054,0.019946241515440936,2.9851161971016337e-07,0.07655898148772868,0.014743130255476104,5.4242127464300225e-06,0
0.4272275659481772,0.4399820138112922,0.04200594220308547,2.0064116957790663e-07,0.07473026416030207,0.016032175567899203,2.1837668074273858e-05,0
0.011346216289999581,0.8844304253647205,0.007144673293349828,1.714780729553505e-07,0.09379486616801752,0.003231110389242203,5.253701659766174e-05,1
0.037086316741135855,0.9136167703633505,0.0030239783715860515,2.1694299614203353e-07,0.04505310638394863,0.0011531447526578508,6.646644432508974e-05,1
0.019837150003743212,0.9456252457314791,6.349295651893952e-05,1.715439646989662e-07,0.034427833718697655,1.3723475240599724e-05,3.238257035545782e-05,1
0.027848616044447397,0.951979256618058,6.342731706362454e-05,1.594714074561739e-07,0.020086932648860245,1.6410348291447323e-05,5.1975518716407995e-06,1
0.02765519294971947,0.9615394146571823,3.6163096893614056e-05,2.0270375308707837e-08,0.010746995001260423,1.6465642237350655e-05,5.748382331452546e-06,1
0.048122553345448536,0.9420406580464603,0.00264720417099187,1.7407633978122144e-07,0.006383357365503799,0.0008022290851881459,3.823910067363817e-06,1
0.05225608233899821,0.8955251718850297,0.004303704372824286,1.9161821482750195e-07,0.046887572871188894,0.0010210768850281552,6.200028716155333e-06,1
0.007728628313939077,0.10089140303087166,0.8544695331269782,9.26206876201493e-08,0.03560243452753841,0.001306006558782192,1.9018212027481001e-06,2
0.006224965113019417,0.06276435187432097,0.907338774704279,5.430684259092363e-08,0.022904980246438115,0.0007657586488816873,1.1151062181409838e-06,2
0.006579175004419722,0.06836499128434728,0.9044864694296961,5.425787267292252e-08,0.02011044371841736,0.00045775220454955575,1.1141006973362443e-06,2
0.002256301502383736,0.0430698183485783,0.9415073922298373,3.801200491426667e-08,0.01236000277642663,0.0008057346978552482,7.124329141267976e-07,2
0.0030032202177779554,0.055079730037037256,0.9317366600922539,4.405983687331369e-08,0.00891086962492927,0.0012686501848880023,8.257832768990574e-07,2
0.033557544879520854,0.7588868005963921,0.1880749714832517,1.6855331380598018e-07,0.011349226786568072,0.008128128621899149,3.159079054402976e-06,1
0.10559680843577539,0.8146764222975894,0.047029322211827825,2.0430995026478227e-07,0.006448177359262646,0.02624575156852852,3.313817066024418e-06,1
0.09575548030263671,0.8434553069627506,0.026531091392863897,2.0687890301646195e-07,0.006089946685635655,0.028163869957775634,4.097819434671944e-06,1
0.07640702938605096,0.8421296457119265,0.045016735582139616,1.7800274126258418e-07,0.006464491669576308,0.02997804870523533,3.870942330167847e-06,1
0.0530198496611373,0.7690194500701791,0.1322281822608878,1.5417998909227864e-07,0.004737774049687489,0.040990125796044476,4.463982074863124e-06,1
0.03946809947192452,0.7654799821218923,0.1182783200294475,1.5951052834762633e-07,0.0044608480464797835,0.07230797250224348,4.6183174839218474e-06,1
0.011146265609415668,0.8364123274041858,0.07652994307731208,2.4097176413957077e-07,0.0023360740661968245,0.0735704585870204,4.690284105213301e-06,1
0.011901911608043785,0.8395853737095548,0.07860036127399356,2.5737809356759674e-07,0.002494445047337753,0.06741264272740533,5.008255571238623e-06,1
0.0009654987377585799,0.3510589672149672,0.14174687930127583,8.591514502267515e-05,0.00017967908654711856,0.5059421870690856,2.08734453430281e-05,1
0.0007881299855787611,0.6297032354012123,0.12461280100288569,0.00011690869068423413,0.00019488268849023228,0.2445653180405535,1.872419059540156e-05,1
0.0011387047734016597,0.39498949748456863,0.5684807502045978,4.696194424889939e-05,0.0003180697868635107,0.035023337324297264,2.678482022362909e-06,2
0.0004343461688724768,0.26276933976940015,0.41065843368162064,2.131880676040519e-05,0.0001830552195515687,0.3259189560527796,1.4550301015346734e-05,2
0.001162410001692205,0.41428093048883247,0.395916354649468,0.00024739233686567547,0.0001237322011061695,0.18823132898388567,3.785133814990999e-05,2
0.0030145813866286,0.8721350582322298,0.1081793179953114,1.3714364880102975e-20,0.002729985122224634,0.013936703664405888,4.353599199669441e-06,1
0.004287738741549996,0.8530451763865566,0.1244667760991773,0.0006929243545816022,0.003301449262166218,0.014201567926624878,4.367229343352694e-06,1
0.0007114412376714384,0.9355267424206171,0.04977626567674397,7.818711315755436e-05,0.00042814494057099537,0.013476647926922086,2.5706843168357853e-06,1
0.010353791098431871,0.8666897909299219,0.10574044178678221,0.0002544714234655471,0.0007719543928470256,0.016180672164130574,8.878204420905149e-06,1
0.08773028209022538,0.000579648101783795,1.2399797760561954e-06,2.584065950928171e-08,1.4645922971293202e-06,8.712216033035523e-07,0.9116864681736548,6
0.13445672434688039,0.0014454465742338907,2.0183070686851607e-06,3.771012550511474e-08,2.136357961750025e-06,1.2714023800957348e-06,0.8640923653013498,6
0.28649191404720187,0.0036516007519638537,4.087724456079338e-06,7.637519813548507e-08,4.326815687602217e-06,2.5750009417647855e-06,0.7098454192845506,6
0.5295960798520537,0.010848196785362344,7.911518994367094e-06,2.1109312372066425e-07,6.825391292592634e-06,4.9837431754939835e-06,0.4595357916159977,0
0.659328442893799,0.012392557609657205,9.897697510758106e-06,2.6408783024799075e-07,9.117011105394632e-06,6.234906654141278e-06,0.3282534857934433,0
0.6656792587289174,0.011968863010247084,9.559300779914168e-06,2.5505881533674965e-07,8.907783638739258e-06,6.021738689916746e-06,0.3223271343789113,0
0.6778683353300674,0.01237167190258492,9.881016498055884e-06,2.6364275173896575e-07,9.101645816862619e-06,6.224398699439505e-06,0.3097345220635817,0
0.8954836102402057,0.05114268003398228,8.923373426068587e-06,1.6672464613883992e-07,1.0433716262078638e-05,5.621145755475918e-06,0.05334856476572231,0
0.918856045379288,0.050884620320667553,7.910543156544403e-06,1.664236747585182e-07,1.0873537589855001e-05,5.610998461502318e-06,0.030234772797161958,0
0.9337227611627271,0.04959446814136854,8.156627697977464e-06,1.7160085322478743e-07,1.1413373236158787e-05,5.78554778840133e-06,0.016657243546328443,0
0.9269437069855827,0.06864401731981776,8.967148049650863e-06,1.9909054299090874e-07,1.1928512400697632e-05,6.738904249430412e-06,0.004384442039356841,0
0.9256024997363398,0.0698117055008549,8.149514853712167e-06,1.977917455006593e-07,1.3210439765982843e-05,6.849868607571198e-06,0.004557387147832542,0
0.9326413707180589,0.061194945909819734,7.278575814681336e-06,1.642278398051721e-07,1.0584210602995427e-05,5.7742528220775e-06,0.006139882105042147,0
0.947724091260179,0.012365467835660818,9.607473413028797e-06,1.9251806817268073e-07,1.0830081684878515e-05,6.768937591615333e-06,0.03988304189340238,0
0.9056570109223951,0.01382694534238801,9.101864561230693e-06,1.8134441180657873e-07,1.6679915509736673e-05,6.506189237126169e-06,0.0804835744214971,0
0.666235359660569,0.013092821423048462,8.916451078061824e-06,1.621465320612494e-07,8.124685498301334e-06,5.033001632591803e-06,0.3206495826316416,6
0.6627229050571577,0.013400445494672909,9.096239197817314e-06,1.4311145549688554e-07,8.288508741041742e-06,5.134485271354355e-06,0.32385398710350366,0
0.4831663909639691,0.010793866510158597,6.60297452425916e-06,1.0388483352574234e-07,5.6978269391877765e-06,3.6525919957827845e-06,0.5060236852475796,6
0.3544076956942898,0.009969934215693628,2.9902325753357646e-06,9.421162047201822e-08,4.695576671850138e-06,2.3006013860547804e-06,0.6356122894677629,6
0.11236645196255446,0.00393196638535994,1.0154784833936863e-06,2.515159672512299e-08,1.5806570213330402e-06,7.102474682862457e-07,0.8836982501175159,6
0.9828426654832958,0.004071190419387125,1.0079366463815361e-05,2.0611707327242495e-07,1.3015676868829718e-05,7.319682302674945e-06,0.013055523254608613,0
0.9732573574302836,0.0028387847474633425,9.541236077471212e-06,1.9511262565457046e-07,1.097603821629236e-05,6.790318402214977e-06,0.023876355116931387,0
0.9843254543446325,0.0026940096940058678,8.198113807271489e-06,1.6764657088074798e-07,7.145916378082695e-06,6.627155963714748e-06,0.01295839712864149,0
0.9840872330356774,0.0024270971190606607,8.196129742556397e-06,1.676059979326638e-07,7.647803058690318e-06,6.625552094017629e-06,0.013463032754368616,0
0.9745394655201518,0.003470515031423701,1.1003982734152874e-05,1.2408163132397173e-07,1.0337799607464163e-05,5.200791414218088e-06,0.021963352793037398,0
0.962720052900076,0.005234594105447339,2.6570580659071906e-05,5.6432848455775834e-08,2.365868513046599e-05,7.386119277213526e-06,0.031987681176561505,0
0.9830702959085277,0.0035536131187215076,1.605947105474083e-05,1.6062853882137623e-07,1.6205467436916032e-05,8.739466414230623e-06,0.013334925939306387,0
0.9888521297795521,0.002420684080516652,1.6153923296947197e-05,1.6157326020119606e-07,1.5896395582271484e-05,8.790866749627573e-06,0.008686183381042567,0
0.9902976231523144,0.0019590187980287597,1.61775369277082e-05,1.6180944624944627e-07,1.7373834996458496e-05,8.803717143781305e-06,0.007700841151142951,0
0.9916630320081434,0.001876930399644043,1.6199842294973734e-05,2.5958873056086413e-08,1.7600269009073e-05,8.815495229675068e-06,0.0064173960268058055,0
0.9855454493103529,0.0018653515905453844,1.6914820658103117e-05,2.5798732416034045e-08,1.729046260186271e-05,9.777400680766877e-06,0.012545190616428661,0
0.987186578978041,0.0024267823212411666,1.206256713385197e-05,1.616008649658679e-08,2.182848162126996e-05,5.9056513061524e-06,0.010346825840570072,0
0.9797441701089488,0.003537841413947776,1.5877295724761574e-05,2.5352130383472772e-08,4.182261872770043e-05,8.609800581436356e-06,0.016651653409939418,0
0.9583208240179378,0.005261261536023285,1.6078817283169405e-05,2.7114877527556937e-09,1.925160205522762e-05,9.643367230496262e-06,0.036372937947982235,0
0.9505046665258614,0.0058583791729748275,1.5947676891536615e-05,2.6893725959290713e-09,1.6333512111743187e-05,9.102886688811154e-06,0.0435955675360993,0
0.9541615860358168,0.0128159743192063,1.88218972570146e-05,1.91160110442923e-07,2.3478372139788557e-05,1.3362047151172608e-05,0.03296658616831832,0
0.9474882644531509,0.02903516684801541,1.575778767477891e-05,2.108560104868168e-07,1.787762146284323e-05,1.2225961429840868e-05,0.023430496472255702,0
0.9312181430712636,0.03299862243435111,1.576926768370214e-05,2.1100962525380469e-07,1.7158716063990235e-05,1.117041605758696e-05,0.03573892508495503,0
0.9133066216021466,0.03139741956137412,1.600142636928622e-05,2.1411615614839675e-07,1.751030890069527e-05,1.13348694210134e-05,0.05525089811563214,0
0.895444506396889,0.07643238266387689,2.0655084756995182e-05,1.9471663544035703e-07,2.0634585928297298e-05,1.2091277331798251e-05,0.028069535274581493,0
0.44472138679406964,0.5412532530214013,1.5414278694939185e-05,1.4301280477582976e-07,1.1718536083007824e-05,8.986536183736902e-06,0.013989097820762679,0
0.4996615653279471,0.4943290474851083,1.5095831158402471e-05,1.9638946758558236e-07,1.5137677107521337e-05,1.0892220473458094e-05,0.00596806506873772,1
0.5845768060569236,0.4153212914683412,1.6666490068339326e-05,2.024635816326761e-07,1.8253541197760976e-05,1.1559033190798882e-05,5.522094669669424e-05,0
0.6161938254238822,0.383737697444006,1.56573782435191e-05,2.5555042440392586e-07,1.8017389693693144e-05,1.1409490532527622e-05,2.3137323217558257e-05,0
0.01394481437491862,0.9741429367691364,0.0006135237626213561,1.4338750245227042e-07,0.009651316961068883,0.0016357019624799898,1.156278227205902e-05,1
0.03239822519180625,0.9486307924695048,2.550693024273067e-05,1.2948331663501764e-07,0.006107272585660503,1.3721282528342021e-05,0.01282435205694072,1
0.04171359200726979,0.95380603070843,2.5286965846422034e-05,1.2836668992593807e-07,0.004402896254958558,1.6362878732477764e-05,3.570281807304294e-05,1
0.06121276609564711,0.9365356134871565,3.1043497686888345e-05,2.0464217475499984e-07,0.0021923318702153564,1.953211097367474e-05,8.508296145841142e-06,1
0.07076176945553654,0.9291884571081656,2.0774276834392227e-05,2.0883050894301357e-07,1.0024016369558784e-05,1.440770936636408e-05,4.358603218614439e-06,1
0.12106106000293324,0.8788576727628166,3.242775832930353e-05,2.2447168351004178e-07,1.9858324321797444e-05,2.2115971977520264e-05,6.640707938368613e-06,1
0.42079861318471923,0.5791138611339235,2.359089519541661e-05,2.078925853578621e-07,1.6578445263750346e-05,1.731917899323358e-05,2.9829269319646e-05,1
0.36070334626519407,0.6392143513421256,2.285053542411861e-05,2.0042414853193757e-07,1.6926300441333223e-05,1.61927157769132e-05,2.6132416889575314e-05,1
0.48099411603114495,0.5189287046274497,2.7286503714641317e-05,2.078037145112379e-07,1.7549522502183715e-05,1.8049602907219317e-05,1.4085908566832499e-05,1
0.3273187184919222,0.6725979357733718,3.2845289304541296e-05,1.8362513349881565e-07,1.580638921993442e-05,1.6520818470517538e-05,1.798961257752995e-05,0
0.29532638985922116,0.704600095439733,3.4224993536748034e-05,1.8824692791468868e-07,1.416762893843469e-05,1.739961802875386e-05,7.534213613911257e-06,0
0.4170587258558254,0.5828295392517329,3.47915269593519e-05,2.389607896695299e-07,2.138441563859507e-05,1.929848843633027e-05,3.6021500617792344e-05,0
0.4653178285603542,0.5346060362722692,3.121583860969594e-05,2.1884232423631952e-07,1.9584029778515466e-05,1.7673719899799832e-05,7.442736764441853e-06,0
0.45788288975743074,0.5420331945470258,4.15672938588981e-05,2.0631703337357207e-07,1.846315121859061e-05,1.6662176620207016e-05,7.016756812369918e-06,0
0.5584291030461775,0.4414748960487068,4.036747271866135e-05,2.334827853705711e-07,1.90199677168081e-05,1.649227130390107e-05,1.988771059109813e-05,0
0.5184392748159958,0.4814627037279459,3.483206777204518e-05,2.389349840616659e-07,1.836859370059044e-05,1.7267949524780325e-05,2.731391007684287e-05,1
0.5175265187854017,0.4823918447924769,2.6187710011259345e-05,1.8886112706406396e-07,1.5341787250339833e-05,1.5293297990761858e-05,2.4624765742171626e-05,1
0.5115239564459342,0.48839104617912016,2.739332632617398e-05,1.9755581842668043e-07,1.6048084555488187e-05,1.5599980212320025e-05,2.5758428033259654e-05,1
0.4900171779531178,0.5098992898117036,2.755418372383268e-05,1.9871589349263134e-07,1.6142321125675583e-05,1.3727329353352541e-05,2.590968508221651e-05,1
0.4615229221994407,0.5382770695089466,3.149661546479938e-05,2.0721802259679522e-07,1.7523313517178752e-05,1.6906229788861506e-05,0.00013387491481919682,0
0.5965537200980487,0.4032431474911147,3.5110607756958754e-05,2.0602041058665313e-07,1.7422037911598377e-05,1.7292557068093558e-05,0.0001331011876895051,0
0.33015768454195643,0.6696721632135875,3.303913028939952e-05,1.681216339766179e-07,1.4217142236344308e-05,1.411148022491195e-05,0.00010861637007162525,0
0.2754456501982657,0.7243853589656734,3.281361505499238e-05,1.6697408592184016e-07,1.4120100270168294e-05,1.4015159476064218e-05,0.00010787498717375235,0
0.2815494157670388,0.7182803973695554,3.253706907396018e-05,1.6556686479363395e-07,1.6621344351811706e-05,1.3897042772978153e-05,0.00010696584034226775,1
0.5937458690882416,0.406129110793857,4.285429776825273e-05,2.899597911549562e-07,1.998323844929464e-05,1.7597241421589047e-05,4.4295380471230796e-05,0
0.5860239430795868,0.41378307205670695,5.014366479359172e-05,2.488323825833884e-07,2.0371850306214195e-05,1.663192535361604e-05,0.00010558859087023408,0
0.5100471964155825,0.4897801028800224,4.480296893471593e-05,2.3197551494014383e-07,1.4567349667314603e-05,1.689344417135933e-05,9.62049661066683e-05,0
0.6807142354177733,0.3192287481885107,2.19818661817878e-05,2.2066800376219104e-07,1.3070177553699245e-05,1.587686556057821e-05,5.866816415891922e-06,0
0.9433261392771904,0.050153894109551574,1.554794286022649e-05,9.929145351289296e-08,1.0513476457916052e-05,1.1541831750360111e-05,0.006482264070735983,0
0.9442251997844244,0.050599133425294845,1.5600982932262167e-05,9.93860857093756e-08,1.3722756335652604e-05,1.1552831981007634e-05,0.005134690832946292,0
0.9376368866956352,0.060569397905302025,1.4290058705206275e-05,1.5132595813542034e-07,1.0504475455455639e-05,1.0454773861134468e-05,0.0017583147650828915,0
0.9348718456326636,0.06355146164561908,1.4247918085876102e-05,1.249348326818858e-07,1.1151617620631054e-05,1.0223171377384067e-05,0.001540945079800742,0
0.9368755060125018,0.06195082689485209,1.4439865474616008e-05,1.1327126817342738e-07,9.18593728485554e-06,7.810443708859974e-06,0.0011421175749093027,0
0.8038588870430815,0.19572810600574317,1.5030450859323234e-05,1.2770009210673494e-07,1.3349810339546116e-05,9.21546266906105e-06,0.0003752835272153552,0
0.8020920274855039,0.19759527347161795,1.3896267498445067e-05,1.2871147358894308e-07,1.2363511415138375e-05,9.288448899060622e-06,0.0002770221035919306,0
0.7639784364702374,0.23594818979379778,1.4157751803325765e-05,1.2387524957359718e-07,1.0663139474256239e-05,8.806070315403912e-06,3.9622899122190954e-05,0
0.7546526609733772,0.245309969539131,1.3593589479069717e-05,1.2222054295217046e-07,1.0520702889434139e-05,8.999846041618282e-06,4.133128538583695e-06,1
0.5534706681065062,0.4464756344696872,2.0660435051337714e-05,1.6983084877357485e-07,1.4618981868755243e-05,1.2505684029547077e-05,5.742492008084976e-06,1
0.48185776062963537,0.518075708921673,2.600765914278462e-05,2.2786795953226092e-07,1.5480123065473774e-05,1.4440153922765346e-05,1.0374644601059637e-05,1
0.26811491121340497,0.7318169134781616,2.6003384434011648e-05,2.183289547426974e-07,1.717642235436395e-05,1.616772358731717e-05,8.609449102941042e-06,1
0.2617899817222541,0.7381452977475091,2.4995918500874287e-05,2.0987009490931905e-07,1.5697526969561485e-05,1.5541327020672612e-05,8.275887650726839e-06,1
0.31507955732647364,0.6769007319249103,3.0073773915938708e-05,2.1256359334316103e-07,0.007958964455789821,1.3956910144866953e-05,1.6503045172188592e-05,0
0.2917369124856957,0.7077705141131908,3.1669063033203234e-05,2.3414313344892046e-07,0.000433880656650008,1.7731025459788842e-05,9.05851283726373e-06,1
0.13907600633370087,0.8601403574099142,3.7870295504820634e-05,2.161023442722556e-07,0.000718458988202366,1.6980030392120664e-05,1.0110839941209826e-05,1
0.17324773917277306,0.8261506092023473,2.5511782178930387e-05,2.130046876417159e-07,0.0005448871762345833,1.528267868126364e-05,1.5756983097442774e-05,1
0.19489505821947747,0.8010303350238933,0.0003897898431394832,4.074562098596988e-07,0.002100781819991443,0.001564146885758104,1.948075153051026e-05,1
0.26064754084748415,0.7346147845461096,0.0007256100189292058,3.2268271569745066e-07,0.0025135278233203735,0.001491878904270861,6.335177170200417e-06,1
0.3496657024541434,0.6447579534438442,0.002467793225956266,2.373558469593385e-07,0.002668347421748565,0.00043486137005348344,5.104728407168872e-06,0
0.34223359263248,0.6520023455168763,0.00207504239690835,1.8605349543901622e-07,0.0025159413702797867,0.0011680552596112109,4.836770348874152e-06,0
0.2725211863396234,0.7216903701980197,0.0019515638168197348,2.3755958493931615e-07,0.0029848544063776367,0.0008464441353146758,5.34354425971921e-06,0
0.08708643586285834,0.9018656874646664,0.0024944941376541657,2.3327940268989185e-07,0.007721025120452395,0.0008253667513799969,6.757383585993451e-06,1
0.12362026162888948,0.8307176321654729,0.003991164813571527,3.1619891866564394e-07,0.04049142392889263,0.0011708314120861842,8.369852168434497e-06,1
0.08809642329277077,0.5048075730456786,0.0029343635281000964,2.1391192896922208e-07,0.40308515798670996,0.0010696843459628792,6.583888848654564e-06,4
0.07480710547673845,0.8830660732529033,0.002578475469859748,1.975698897280228e-07,0.03900533161811039,0.0005387215266959847,4.095085802716126e-06,1
0.07143160761137407,0.8947028753660481,0.0037728803557904905,1.9621776561196205e-07,0.029597138989400255,0.0004912343996699421,4.067059951819449e-06,1
0.0807544293467219,0.32304542682064014,0.0026254548627742858,1.2714168192159114e-07,0.592716129697824,0.0008561655303966773,2.266599961312019e-06,4
0.1428407165442133,0.21816171953743593,0.002011926761051093,1.1729570006208249e-07,0.6357126922125053,0.0012707365769519027,2.091072142546776e-06,0
0.2577434275642823,0.34615078951425193,0.002469346833170548,1.642413358538761e-07,0.39142893191741035,0.002204411940868571,2.927988680547816e-06,0
0.4180641371784242,0.5704934922285155,0.003631222813019892,1.7608455944932673e-07,0.005093106817307058,0.002715148288702236,2.7165894716229898e-06,0
0.14525255348150587,0.8166951587294229,0.012807989992516984,2.9452077693406773e-07,0.011687601813068969,0.013548076750542374,8.324712166090624e-06,0
0.42776303544728134,0.44179092172456275,0.03442099312095265,2.0146607011471132e-07,0.07487012091588906,0.02113952637408005,1.520095116420234e-05,0
0.3405842701047026,0.5476355242623993,0.029029090312748813,2.2162631254001333e-07,0.06884503371143835,0.013889137907303013,1.672207509534869e-05,0
0.011759664914164825,0.9133641390017468,0.009448590736624334,3.002172495046008e-177,0.06292771922829384,0.002446008061233481,5.387805793696311e-05,1
0.07525357480807945,0.8976235392276056,0.005746430147902251,3.2136499450522807e-07,0.018231221371419946,0.0031410433573500185,3.869722648259775e-06,1
0.05525601442635167,0.8576780281447237,0.0032953181022291433,1.8770142207021743e-07,0.08186896869663257,0.0018439754435335032,5.750748510729652e-05,1
0.014239531198435133,0.9469084606594385,5.870233132376812e-05,1.185944583918115e-50,0.038744097740390594,1.2119398225473578e-05,3.7088672186592156e-05,1
0.051429213266693946,0.8977398758905665,0.004917334683657855,1.9726850121620186e-07,0.04486419521124721,0.0010450825316969457,4.101147636366607e-06,1
0.04429688540627246,0.9065417678921617,0.0048647972455724674,2.024050874389837e-07,0.04297041584014428,0.0013217751383256206,4.156072436151947e-06,1
0.01092227543892686,0.11691481449317118,0.8369043516889868,9.278943797366126e-08,0.034443430459073596,0.0008132724201058691,1.7627102979142593e-06,2
0.003340058054687786,0.05074489440378872,0.9286443980582266,4.324681402510346e-08,0.01673249732694471,0.0005373269681886298,7.819413492814499e-07,2
0.0025248505162590623,0.04872262991328301,0.9334227255761194,4.337179945466976e-08,0.01460105285949632,0.0007279135618445426,7.842011984203682e-07,2
0.0027963237227635685,0.04453070376530046,0.9386329200755474,3.933519495212186e-08,0.012790251919520147,0.001249023949116683,7.372325566802179e-07,2
0.0036419801699823073,0.05206731547820262,0.9277104464398188,4.25005690414543e-08,0.015194235279905306,0.0013851835725316591,7.965589903121934e-07,2
0.0048508167736881535,0.07741163935576377,0.8983219713914491,5.6607247589318774e-08,0.017991306979211804,0.0014231479418570074,1.0609507825676201e-06,2
0.004980046090932724,0.07381361877352174,0.9077790571257665,5.904560534344407e-08,0.011941662259288449,0.0014844500536372845,1.1066512481014198e-06,2
0.022058995547051256,0.7228836489563094,0.22866692479643266,1.761533504033566e-07,0.017360521291365193,0.009026431734167726,3.301521323174414e-06,2
0.11461813156825938,0.828549582887081,0.02968482786870638,2.1392476592496813e-07,0.006470345410487569,0.020673428575574433,3.469765125235976e-06,1
0.04006029597228911,0.7904680707336885,0.12341110439971559,2.1492380002031512e-07,0.005745849760632535,0.04030979036255397,4.673847320316762e-06,1
0.005305803807540698,0.8502382083645156,0.07342676923687452,2.3074597830922875e-07,0.0015592729619636684,0.06946362817806172,6.086705065314708e-06,1
0.0013527349987015964,0.2649692096421311,0.4898650122214417,0.0006953155482187157,0.00020853758628609062,0.24286761504384946,4.15749593714255e-05,1
0.0012909880726006693,0.13492536013004366,0.6424168661332277,0.0006607224970204314,0.0001418514321414144,0.22052324129952644,4.09704354398559e-05,1
0.0016882139623772383,0.6304391200236213,0.19496052392467167,0.0001473851851925426,0.0002492449483338747,0.17247908850519067,3.6423450612742636e-05,1
0.0007463660423680292,0.7179091278675003,0.20875657186802338,6.869300274972615e-05,0.00023697575738785878,0.07227465921245764,7.606249513007648e-06,1
0.0017381731293067168,0.5731442536468859,0.33939012123339474,0.0001023579346621204,0.0005371320897954792,0.085084036318249,3.925647706070251e-06,1
0.0010554786650524364,0.3553339299275493,0.6235655489149443,2.4852242752554952e-06,0.0003047522070217025,0.01973539590410264,2.409157054377156e-06,2
6.896656227951095e-07,0.0003014688798167692,0.0009183433360205083,0.9987460509382284,1.945509249528938e-07,3.325081259882999e-05,1.8167877345737086e-09,2
0.0012213080304590972,0.29544398639468655,0.5826023685206843,2.9764038329358552e-05,0.000282586563099193,0.1204082928645677,1.1693588173656049e-05,2
0.00044137850623479006,0.2620990118121204,0.41255009439374457,1.8457660322065686e-05,0.00016045478458632438,0.3247158169634615,1.4785879530356427e-05,2
0.001633793185062374,0.526063040039416,0.36555736412951356,0.00019459785079067694,0.00018750676124045358,0.10630700374178048,5.6694292196598815e-05,2
0.0013726259025604055,0.6619974225958759,0.28481699533090216,0.00011999059653299784,0.00013358921271466992,0.05151690175521977,4.247460619410512e-05,2
0.0022164359860302233,0.8650995325151631,0.1190716774976217,3.145577876080064e-05,0.0017375686703940292,0.011834913082790196,8.41646923982244e-06,1
0.0026988835686037557,0.8674480855416917,0.11640882402001669,3.6607080730593356e-21,0.0017801440142399196,0.011659020381233535,5.042474214121425e-06,1
0.0022432851045157544,0.8293452456202498,0.15494073792700486,1.997251928510787e-20,0.002715952229592777,0.01075058786436186,4.191254274927982e-06,1
0.0027398296366803894,0.8036420573309926,0.17824599171146566,0.0005640665690795858,0.0031519078388308535,0.011652206821063124,3.9400918880992655e-06,1
0.00931716798847374,0.8636429315839068,0.10961006641317149,0.0007504440964951039,0.001840199267827234,0.014834346685984195,4.843964141464576e-06,1
0.09565706474588564,0.000595349996429744,1.2618397351231283e-06,3.3626227001917546e-08,1.50775774915027e-06,9.046732144398604e-07,0.903743877360759,6
0.10780439515477205,0.0010199887766996808,1.6436707546831476e-06,2.6750728632530564e-08,1.533818579457673e-06,9.019047164953474e-07,0.891171509923749,6
0.8919996311046952,0.05084873874704634,9.213918704096276e-06,1.7215320508774176e-07,1.0898821927417425e-05,5.8041704120018585e-06,0.057125541084010065,0
0.9137130827287647,0.05018144960445284,9.093004241643851e-06,1.69894034704201e-07,1.1053402056421534e-05,5.728002153100522e-06,0.03607942336429678,0
0.915607871655467,0.07981472448022713,8.603802492746714e-06,1.8658094974455797e-07,1.1445173444178643e-05,6.102731708117018e-06,0.004551065575711147,0
0.9269437069855827,0.06864401731981776,8.967148049650863e-06,1.9909054299090874e-07,1.1928512400697632e-05,6.738904249430412e-06,0.004384442039356841,0
0.9234858772536736,0.07148358016199803,8.130878942111774e-06,1.9733944502012716e-07,1.3180230779055353e-05,6.679632315268236e-06,0.005002354502847031,0
0.9339160704767607,0.06045756780729062,7.1159611501638204e-06,1.605587353327715e-07,1.0347742934015849e-05,5.645247064713886e-06,0.005603092206064274,0
0.9310074256428147,0.011166980051462038,1.224564657577927e-05,1.909979245938142e-07,1.0744566183460222e-05,6.715489325105549e-06,0.057795697605714055,0
0.8278466953364166,0.014937465579898994,1.0912433666933476e-05,1.7020352251341414e-07,1.0130621424959325e-05,6.1064816680365095e-06,0.15718851934340183,0
0.472518569264182,0.009602287412315315,5.368862556411812e-06,1.0043449524335157e-07,5.508584392922873e-06,3.495325835425389e-06,0.5178646701162227,6
0.3263778271828555,0.006423475236514474,2.9316807432692713e-06,7.261252009505254e-08,4.333144335343569e-06,2.0504804974024173e-06,0.6671893096625339,6
0.16125185743791445,0.00291493844483258,1.4694389268114614e-06,3.6395389861777135e-08,2.1006901562686678e-06,1.027757155504874e-06,0.8358285698356245,6
0.1715088729699698,0.04075610277255986,2.3374197019946526e-06,5.789373057462862e-08,2.952805838247364e-06,1.8730969829679767e-06,0.7877278030412164,6
0.7326987407943607,0.17084747883366744,1.375928935834269e-05,2.8136931651719026e-07,1.509690105457683e-05,9.792227649828523e-06,0.0964148505845927,6
0.9102282213211245,0.074241586687404,1.0710536214647817e-05,2.190241207785066e-07,1.099367936175884e-05,7.62248733449101e-06,0.015500646264439732,0
0.9770999377095063,0.003474197917917947,1.0003396298052743e-05,2.0456352838652103e-07,1.1864628357024345e-05,7.264512418748189e-06,0.019396527271973277,0
0.983278667905932,0.0034053771396401816,1.3457684787753924e-05,1.517497366772137e-07,1.317117964929699e-05,6.360479945336092e-06,0.01328281386030867,0
0.9896750118863871,0.0028812073319479155,1.5336005782702523e-05,1.5339236216652823e-07,1.4575818629339284e-05,8.345761016008647e-06,0.0074053698038746285,0
0.9884280671791514,0.001520005927344907,1.6988880437166197e-05,1.87695777022244e-08,1.264028633876619e-05,7.0083182338942e-06,0.010015270638916022,0
0.9890085284049535,0.0027194626766794293,1.3517364461709552e-05,1.9487637880080132e-08,3.271295866790366e-05,6.617898180645491e-06,0.008219141209419002,0
0.9787551684717931,0.004774060829891325,1.5747999070609127e-05,1.5695665340023713e-07,4.121959409616309e-05,9.44495702071084e-06,0.01640420119147472,0
0.7598591728272704,0.0034295898450351233,1.2749004816158763e-05,2.109314232588782e-09,1.761844725413337e-05,7.646292205476833e-06,0.2366732214741044,0
0.9609639645404948,0.009355850671587316,8.453781981808456e-06,1.39117073608632e-07,1.735603427881306e-05,1.0912878534519902e-05,0.029643322976048995,0
0.9542177646724406,0.025705928496536346,1.5802195151749905e-05,2.1145022990537625e-07,1.8185806015638177e-05,1.2260415765173294e-05,0.020029846963860364,0
0.9614407045351013,0.015401313682134626,1.4381515645507067e-05,1.9244002244165946e-07,1.6550830516170063e-05,1.115815615830662e-05,0.023115698840421705,0
0.9037344820438705,0.031068351015605764,1.5833719399123672e-05,2.1187205796728566e-07,1.732678770798569e-05,1.1216071473635723e-05,0.06515257848988508,0
0.42316458658995354,0.5593523172663757,1.3065853629989573e-05,1.3295823454529138e-07,1.4111328937961695e-05,8.258352003091324e-06,0.017447527650865158,0
0.5699156077218014,0.41144183742845797,1.3621742313626595e-05,1.8753601326986442e-07,1.3089695565230314e-05,1.0263691191489624e-05,0.018605392184657225,0
0.6961137359526055,0.29010140411520396,8.387991904887665e-06,1.9583279839115006e-07,1.3647886506840989e-05,1.0717767392013749e-05,0.013751910453588374,0
0.5621410268863185,0.43773267014568135,1.5330520730664528e-05,1.9504630186868082e-07,2.068889299410222e-05,1.11355664997225e-05,7.895294147373876e-05,0
0.6056483960171157,0.3942851204512832,1.5739826637439804e-05,1.9659929032040757e-07,1.9848370836169552e-05,1.0683164798634985e-05,2.001557003825057e-05,0
0.5646555163042393,0.4352609750856873,1.6709763760054613e-05,2.4594007016481025e-07,2.056008580125177e-05,1.1066237461091115e-05,3.4926582980813605e-05,0
0.593785444736104,0.40616231112033985,1.5959858390710482e-05,1.8476992529690964e-07,1.7317812679187583e-05,1.10689492569958e-05,7.712753304001522e-06,0
0.5040989025144137,0.4955461010216598,1.8241034996123184e-05,3.240651364353357e-07,0.00031469092093023345,1.3537659758299106e-05,8.202783105457822e-06,0
0.6574240142938342,0.3394164356222373,1.868188275286165e-05,3.3189711463531316e-07,0.0031166840385285373,1.3672952995138155e-05,1.0179312537295867e-05,0
0.678021526168304,0.3173165708075622,1.2814675029122818e-05,2.2766193982796368e-07,0.004627405697469456,9.575541360265556e-06,1.1879448335162158e-05,0
0.5990510168696488,0.39666584650448555,1.4272957890295639e-05,2.072908795666158e-07,0.0042460390794327955,9.385993282642576e-06,1.323130438051525e-05,0
0.5158403431941814,0.4732451571166326,3.322995499125604e-05,2.4620427081236765e-07,0.0108230810732899,4.222732409328918e-05,1.571513254086209e-05,0
0.5411670568424051,0.44870065619493404,1.815630037125848e-05,2.6002369583209015e-07,0.010044702832868577,5.45227223040085e-05,1.4645083421093815e-05,0
0.019368767881060168,0.9287254949285566,0.003892524651494422,2.9557827355601894e-07,0.010702649410954581,0.03728843730613444,2.1830243526220764e-05,1
0.011311988916315971,0.9761990589223346,0.0018865630207080253,2.1691070127052629e-07,0.004158882695189681,0.006427269367316714,1.602016743386073e-05,1
0.021763466161532116,0.9703480322415233,0.0007856738441871209,1.6048301407133226e-07,0.0034764240815814756,0.003612571798794698,1.3671389367219961e-05,1
0.012880796411224398,0.9770827952816853,0.0005081939730193465,1.1376958532709287e-07,0.00808757036798738,0.001430843356025217,9.686840473129609e-06,1
0.01406468803499137,0.972615964781185,0.0008604060037705627,1.234353821431712e-07,0.010770386900441733,0.001676014987749525,1.2415856479660618e-05,1
0.017787145771356455,0.9694880833686703,0.0005650339999207737,1.136131526839398e-07,0.011076499504864905,0.0010716958631443116,1.1427878890425616e-05,1
0.02116008821501155,0.9625132636616471,0.00046881961281478686,1.1164825365344801e-07,0.014867641333583566,0.0009788452908960537,1.1230237793229402e-05,1
0.056008283714787666,0.9121746930967534,0.0002304817191419382,1.2004987602104802e-07,0.02981299789262153,0.0017499118189015564,2.3511707917856624e-05,1
0.03388225985998345,0.9312548036973052,0.0040102969048681,1.1453576687798112e-07,0.03031397375699563,0.0005143154282841927,2.4235816796692004e-05,1
0.04121322808926457,0.926253572668325,0.0003490742493985077,1.6471351225693273e-07,0.031900382863784105,0.00023628874239060556,4.728867332495206e-05,1
0.06486971351273885,0.9332100235241692,3.28980853150013e-05,2.168678217912567e-07,0.0018574324245857119,2.069899016132524e-05,9.016595208258416e-06,1
0.0965931997036608,0.9031830106590943,3.2836377601010446e-05,2.9946807924883016e-07,0.0001609939444185464,2.06601645776311e-05,8.99968256811675e-06,1
0.0642587825236734,0.9356868675820326,2.17493663278371e-05,1.9835442990143144e-07,1.2564100516494803e-05,1.3684939964066826e-05,6.15313305586887e-06,1
0.0847275610365974,0.9152202955612194,2.17634455768451e-05,2.1877398921737746e-07,1.0501310657376702e-05,1.5093733523506287e-05,4.566138436277e-06,1
0.1290717680528519,0.8708394176686494,3.3213964224585906e-05,2.2619908260144668e-07,1.9312187792463743e-05,1.922882019755459e-05,1.6833107201503936e-05,1
0.4321723106617789,0.5677435355777134,2.318451242460515e-05,2.0381082089860244e-07,1.7212313052061095e-05,1.6979134113054478e-05,2.657399009720692e-05,1
0.3987007848023845,0.6012287715996569,3.9285762693492e-05,1.5214750529517438e-07,1.1234288249935435e-05,1.3797109256828899e-05,5.974290253018049e-06,1
0.3041747870341515,0.6957354780472359,2.8207061441725496e-05,1.808286868279516e-07,1.5271416663516135e-05,1.4603736146554044e-05,3.147187567384213e-05,0
0.32088980492304403,0.6790367552952087,3.700574982032269e-05,1.7731276572957048e-07,1.497448868714637e-05,1.4319790137026733e-05,6.962440336952695e-06,0
0.5690223182407137,0.43087474392894964,4.3511180759020535e-05,2.291076385098536e-07,2.0075691616589513e-05,1.813271014685177e-05,2.098914017561282e-05,0
0.44824245422443737,0.5516833524110157,2.4464471738608817e-05,1.764334378070506e-07,1.4332246708258045e-05,1.2215838270146772e-05,2.3004374392041395e-05,1
0.39982319336263844,0.6001008036544083,2.8108010853040555e-05,1.7002185548357893e-07,1.3811413578254667e-05,1.174514009156365e-05,2.216839657486686e-05,1
0.43745539669248035,0.5624700311726624,2.4598579220828782e-05,1.7740059721995448e-07,1.441081212921363e-05,1.22548648863361e-05,2.3130478023573863e-05,1
0.4361764774373867,0.5637372088828236,3.0292164556024088e-05,1.991996326216047e-07,1.618161678654949e-05,1.3667941130099116e-05,2.5972757684379103e-05,0
0.43551677814216744,0.5643426559704323,3.0419362255564272e-05,1.9680395427841837e-07,1.5987008250463902e-05,1.5612638904270383e-05,7.835007403570103e-05,0
0.3205815575562323,0.6792458576872678,3.351146071679693e-05,1.7052511622737212e-07,1.442039180163377e-05,1.4313219236425257e-05,0.00011016915962900494,0
0.36096838549755894,0.6388583013773155,2.9872402048139675e-05,1.812322809992119e-07,1.819400369697661e-05,1.5211937267941089e-05,0.00010985354983156593,0
0.7032118622465002,0.29658873855057466,4.652027006796328e-05,2.5171894482743204e-07,2.0909464209032703e-05,2.1127451776907018e-05,0.0001105902979264294,0
0.7236096945344361,0.2762480618311226,3.749639767434089e-05,2.4263479160147784e-07,2.015487350121897e-05,2.036499422987194e-05,6.398473424436842e-05,0
0.6744096725008004,0.3254062841085088,3.3323595326375334e-05,2.30105328440382e-07,1.874236230095901e-05,1.5234303587656106e-05,0.00011651302414744099,0
0.6665374771048876,0.3333438983889457,2.6240634133680414e-05,1.9569900507104706e-07,2.2265421064871546e-05,1.425163434775152e-05,5.567111761539196e-05,0
0.6443579293265481,0.35551920451908897,2.8519430717436475e-05,1.9700647726620172e-07,1.7553438183976475e-05,1.4346850036959708e-05,6.224942894721449e-05,0
0.8532289767908368,0.1467275697827126,1.5401800288336008e-05,1.6108288374289894e-07,1.323404499193702e-05,9.97368535231926e-06,4.6828129342235676e-06,0
0.9417281613662035,0.05152824901437398,1.5559725556635292e-05,9.989795640433431e-08,1.3686465999637603e-05,1.1529376684604843e-05,0.006702714153225291,0
0.9277663867699061,0.07111475390980182,1.3505381338775243e-05,1.1069370295815602e-07,1.0380872550015338e-05,9.710802683319684e-06,0.0010851515700170664,0
0.910920341890582,0.08814770066748,1.3747228789779211e-05,1.1679771944952877e-07,1.0445204371363143e-05,1.0184917099629843e-05,0.0008974632939576019,0
0.8743981439733493,0.1253139062640946,1.394036112009824e-05,1.1843858948073148e-07,1.0715218508746858e-05,8.41958785645006e-06,0.0002547561564811947,0
0.76787303883904,0.23207090630975238,1.529870101783977e-05,1.3385814591632874e-07,1.1522463806001342e-05,9.515736592146735e-06,1.958409164569392e-05,0
0.5935731635061546,0.4063492196991963,2.3605416220977848e-05,1.7893304568325133e-07,1.3703013418713724e-05,1.2912682955445041e-05,2.7216749008064706e-05,1
0.5438104631238285,0.4561283495190438,2.4666643395181703e-05,2.1611855446549683e-07,1.4681931706087602e-05,1.369558580527636e-05,7.927077666587085e-06,1
0.5064429796565364,0.4934929740250819,2.548369259893686e-05,1.995665172469637e-07,1.3387106784168716e-05,1.1934662023968519e-05,1.304129045745875e-05,1
0.5220333377115638,0.477874907288178,3.606551808476525e-05,2.317919832842541e-07,1.5026629029653365e-05,1.31803768514247e-05,2.7250684309198386e-05,1
0.5073879777939602,0.4925500787889863,2.4941921631586563e-05,2.0168206936296138e-07,1.1194541353486422e-05,1.303521776778448e-05,1.2570054231265268e-05,1
0.37986942216876307,0.6200745657870186,2.1380757722390483e-05,1.9019197484106936e-07,1.0556773510826585e-05,1.203039941135574e-05,1.1853921598757329e-05,1
0.39403055138742443,0.605889883622043,2.9580583652894347e-05,2.4836374380436743e-07,1.8274008522073047e-05,1.8391863615490414e-05,1.3070170998400603e-05,1
0.3251617845544824,0.6747718606817413,2.5591795284529152e-05,2.148731803984773e-07,1.616310293374053e-05,1.591181614506638e-05,8.473176232661992e-06,1
0.2677936788170049,0.7296215504003145,2.5967430345342146e-05,2.2552655288707658e-07,0.002530828949305099,1.8147196112445688e-05,9.601680364993394e-06,1
0.30683017477162433,0.6892038131065781,2.6969448306303835e-05,2.5195141754928047e-07,0.003910724681730167,1.809385523263938e-05,9.972185110868735e-06,1
0.6219036857943986,0.3741796543321448,2.7206444142049944e-05,2.845441699507314e-07,0.003861010192717328,1.7876530090119267e-05,1.0282162337040023e-05,0
0.3306087722102169,0.6640440166221449,2.4055513179833673e-05,2.0447588198601806e-07,0.0052985540724702655,1.4868278592209918e-05,9.528827513840511e-06,0
0.3384619362681701,0.6613445154752352,2.8177055573775912e-05,2.2846971942848643e-07,0.00013900231792209376,1.7301393179061787e-05,8.839020200523967e-06,1
0.12329537578253942,0.8762442081063979,3.50052138701454e-05,2.947920810371439e-07,0.0003974752216473237,1.9630254823906666e-05,8.010628640285018e-06,1
0.3951190774576314,0.5994317208655354,0.0006093572653866935,3.20293822899719e-07,0.0033456900968239574,0.0014875457443724257,6.2882764272166004e-06,0
0.426180671553297,0.5699303413736987,0.0019619144218266703,1.9315116253973039e-07,0.001649656198848283,0.0002730298488233072,4.1934523433957425e-06,0
0.46976780016179587,0.5258542537045293,0.0017077087516627067,2.006814276882666e-07,0.0014811971968908633,0.0011842859778266022,4.553525866931971e-06,0
0.324257328330296,0.6714567081240728,0.001526017769870616,1.914992761430255e-07,0.002480651169268287,0.000274945518528772,4.1575886872302735e-06,1
0.13319627764855058,0.8613273385428956,0.002001921842765066,2.427761646276086e-07,0.002931306610527415,0.0005367838487874981,6.128730309256977e-06,1
0.11416188926051858,0.879903797781535,0.0025315842368470644,2.387233716544716e-07,0.0026384549591977552,0.0007571199599820182,6.915078547913477e-06,1
0.11506182445441941,0.878879219067748,0.002290819064254711,2.538075818869631e-07,0.0027399927040820866,0.0010210419631695989,6.848938744053412e-06,1
0.09463895267175945,0.411246462878797,0.0023501747054493582,1.800485182470144e-07,0.49091241109141603,0.0008462769802842374,5.541623775801e-06,4
0.07214757367474717,0.8319024022395748,0.008354743579722395,3.2591154281337553e-07,0.08596106159519015,0.0016280828582902968,5.810140932282961e-06,1
0.19819469155795552,0.22772347632179044,0.0018233266773119386,1.2243662468544088e-07,0.5709297689047012,0.0013264313803828599,2.182721233358696e-06,0
0.33934287696689786,0.6386486178075744,0.0073120356237115,2.3899203019968426e-07,0.007454009568851896,0.0072340359640656595,8.185076868624393e-06,0
0.3148072906577842,0.6626411923938446,0.00785670650225289,2.3896504923082396e-07,0.00745316804957656,0.007233219278676943,8.184152815617575e-06,0
0.05704305959554677,0.8949604416956641,0.014716492023576657,3.227452027798672e-07,0.01611678954298743,0.017153771913562176,9.122483459733683e-06,1
0.08650251206453767,0.8820777760486803,0.009564344153274881,2.218876865788488e-07,0.008917944078992083,0.012930809203481716,6.39256334704834e-06,1
0.10875613020560852,0.8628194348826669,0.010093305356175811,2.102081395219264e-07,0.007947220601403909,0.010377642669308986,6.056076696629022e-06,1
0.09940855841005732,0.8688208925226305,0.00863802031528238,2.1964703794607197e-07,0.00845945442709746,0.014658657288337953,1.4197389556586416e-05,1
0.13679631651313273,0.8269713694442027,0.00787374620974734,2.1586502461765228e-07,0.008233649410555712,0.020118948888873632,5.7536684631812355e-06,1
0.19187025329110757,0.7541425763110169,0.014239170945686237,2.488230974040873e-07,0.017605337331515373,0.02213789196799515,4.521329581260175e-06,1
0.3639441816370385,0.5358329335680606,0.026441146834866674,2.056340872319803e-07,0.05774695806095728,0.01601133030653051,2.3243958459041135e-05,0
0.053264678200294756,0.7067490683326086,0.009039981304824281,1.7506657382188306e-07,0.22652498790286238,0.004367472740454411,5.363645238170414e-05,4
0.01836008027929174,0.7594634510809174,0.007193533886797362,1.4687998680483493e-07,0.2119055076369255,0.0030322795186621724,4.500071741906739e-05,4
0.01746491842357269,0.7661472284564783,0.008920957410510681,1.3936163822916065e-07,0.20479443831756755,0.002629620765360478,4.2697264872046674e-05,4
0.014633620756348146,0.8874232662761719,0.01060124885983427,1.6569227876654364e-07,0.08362737028085994,0.003663563754842302,5.076437966461696e-05,1
0.030486508457267556,0.9440837188336572,0.005172463014332305,6.510592397157643e-219,0.01854104021515041,0.001673848788563345,4.2420691029479824e-05,1
0.030310885427145832,0.9473911162427984,0.004449776234420766,3.843964734670591e-287,0.016468050428197933,0.0013376023644988083,4.256930293836669e-05,1
0.06310529321949984,0.9083623854355202,0.004932631960844297,3.0286156391833746e-07,0.020048842818414327,0.003542239648918542,8.30405523878551e-06,1
0.13051375492745523,0.8268839678135482,0.006413091842934947,4.2724595455245723e-07,0.030917179697014723,0.005265459020127033,6.119452965152034e-06,1
0.2250892904092977,0.7368251960855824,0.004357830088762728,2.6875967234978195e-07,0.03006098249250889,0.003661548879527703,4.883284648109911e-06,1
0.07655864821179877,0.8593725013634564,0.0029586699145094345,1.7565106914688404e-07,0.05878471675081064,0.0022714725797802005,5.381552857530486e-05,1
0.051754788562151176,0.8799224035755396,0.009523694355425954,1.8860686547640323e-07,0.05682544146150553,0.0019696106910197624,3.872747492633051e-06,1
0.020644309541689602,0.18146611938243462,0.7313098890121479,1.5795251202320017e-07,0.06524729893286199,0.001329435636399374,2.789541954491396e-06,2
0.016255748736335528,0.12047158643373487,0.8146101275589268,1.0679935685946519e-07,0.04777061506957735,0.0008899292574112016,1.8861446573791602e-06,2
0.01317806957752789,0.11658482984763993,0.8332442751774325,1.0147826382633609e-07,0.03624121024221566,0.0007497215061542764,1.7921707656724852e-06,2
0.007271975384337179,0.10429099255413868,0.85600159774755,7.962414502946433e-08,0.03167144562849212,0.0007625771185929119,1.331942743932758e-06,2
0.0062571408433579456,0.100399826791645,0.8627735759479983,7.665331562781997e-08,0.029657708382851925,0.0009103891337500173,1.282247081096847e-06,2
0.005244371805621713,0.06735843497515012,0.9045224751023726,5.859665410110802e-08,0.02102037116467048,0.0018532723016700873,1.0160538611037536e-06,2
0.005331946428259678,0.06918958657196253,0.9031446868993476,5.9575146866485684e-08,0.020448467812338954,0.0018842196922212637,1.033020723249307e-06,2
0.021502225765219256,0.48278235957497206,0.4788595532047124,1.1975468927835457e-07,0.011802238380349786,0.00505125884012383,2.2444799335197896e-06,2
0.11126551894303228,0.7963481370108219,0.05594282268892223,2.1880924635729274e-07,0.005476815758171325,0.030962937800567386,3.548989238375461e-06,1
0.0740341749952456,0.8069172710530155,0.06761948438171175,2.2148761082902761e-07,0.00584745259726006,0.04557700829911191,4.387186044398273e-06,1
0.0372119213993285,0.7523374929390731,0.1603493905277771,1.9964224824332846e-07,0.006452132765351236,0.04364452119965804,4.341526563767698e-06,1
0.0017289491704944792,0.17691900850597161,0.5378571261157487,0.0008548990855300476,0.0002474107373650175,0.28233995484948105,5.265153540928818e-05,1
0.0010722985975543358,0.32241366205652844,0.5033729597995314,0.0001800360462270363,0.0001396701482408811,0.17278734318433084,3.403016758694511e-05,1
0.0009762854190071861,0.28609164897781547,0.528281054675351,0.00014555385359261497,0.00012318366049982103,0.18435208216484367,3.0191248890140552e-05,1
0.0018381972329108848,0.6276769256916487,0.3257887355346214,4.7447203260737785e-05,0.0007072769324509876,0.04393726585390162,4.151551205695771e-06,1
0.00020132664750665982,0.11587007853893345,0.11761346221631998,0.43744073926560834,4.434883696120025e-05,0.3288196926614367,1.0351833233637376e-05,1
0.0012915328795628988,0.6951190528451587,0.22232598493990427,0.0001163337751161897,0.00012985175892010355,0.08098933292229006,2.7910879047638756e-05,2
0.002547233103090356,0.5463031257188863,0.345062720527736,4.571608039022938e-05,0.0001740740509029582,0.10584673244162085,2.039807737330297e-05,2
0.0017821291494814961,0.5276348409298127,0.38874104934130094,4.918361877775904e-05,0.0003431233257308569,0.08142534978481895,2.4323850077305173e-05,2
0.0026754172650571384,0.8956202493694465,0.08674335860373691,1.52933829393219e-05,0.0013870239940727057,0.013549156634194506,9.500750552777417e-06,1
0.0021554029311482885,0.8325483885273289,0.15117732936088893,0.00027278488240732205,0.0027334089207957483,0.011108646823525175,4.038553905355055e-06,1
0.11798393474337765,0.0014193068850588057,1.8888284559594275e-06,3.0740668296743346e-08,1.7625915475495613e-06,1.057576631235916e-06,0.8805920186342605,6
0.24333238435908408,0.00286907046786319,4.194154887494152e-06,6.825983787719463e-08,3.913845077082886e-06,2.3013903873176777e-06,0.753788067522863,6
0.4471117126808776,0.007813456505868972,6.800681029129788e-06,1.624830609322403e-07,7.428337969472121e-06,4.28398739758677e-06,0.5450561553237961,0
0.6916036134317705,0.012056363397549652,8.792627006122307e-06,2.3460262204445502e-07,8.19336275632667e-06,5.538784001861791e-06,0.29631726379429346,0
0.6587082051198467,0.009775580121407399,8.769617987605937e-06,2.0790039524140024e-07,9.717390973449344e-06,5.52428981445133e-06,0.33149199555957504,0
0.9149158830389881,0.04948194306208824,8.96625190573258e-06,1.6752578927245192e-07,1.0899322668225338e-05,5.648156413044095e-06,0.03557649264214744,0
0.9258059290644628,0.05183280161689736,9.386372479412072e-06,1.753753379395214e-07,1.1404841437847993e-05,5.912805090933957e-06,0.02233438992429397,0
0.9419572957492672,0.053427340301153585,8.788193178502669e-06,1.9511734858500736e-07,1.0863634321422266e-05,6.6044178179630735e-06,0.004588912586912529,0
0.9307878214972114,0.06448242304708396,9.004335576450829e-06,2.3107399348393755e-07,1.1977980957715818e-05,6.766851059384983e-06,0.004701775214117399,0
0.778346451947265,0.024675744944610854,1.3273391361200417e-05,1.7870950888915905e-07,1.0731824149219147e-05,6.4116554335674845e-06,0.19694720752767106,6
0.5139852973006556,0.015019279106167993,5.725359333437039e-06,1.1708020672504659e-07,7.030874841174422e-06,4.157782291165002e-06,0.4709783924965039,6
0.3428676846561419,0.007248988607528236,3.2104067973305125e-06,7.27402492840604e-08,4.016491098644904e-06,2.0540873989486945e-06,0.6498739730107856,6
0.207247229612522,0.003987958267629205,1.8732037997083102e-06,4.639592795386286e-08,2.772652505340057e-06,1.3101589822767435e-06,0.7887588097086335,6
0.6846889246618331,0.13489071422320664,9.710032645839733e-06,2.235833650492797e-07,1.2049806048335236e-05,7.781158359331982e-06,0.18039059653454168,6
0.8936903360967124,0.08584986561184799,9.616666685794623e-06,1.9665513691047084e-07,9.870892358119954e-06,6.844000948546487e-06,0.020433270076310562,0
0.9325665567288656,0.036280850695047065,1.504247187482501e-05,3.0760963883518295e-07,1.7841274408025956e-05,1.0705444531197187e-05,0.03110869577563468,0
0.9829699603091419,0.007360981623188791,1.0029196635817826e-05,2.0509113000996332e-07,1.2316087462344798e-05,7.283248742744353e-06,0.00963922444369841,0
0.9863574769020631,0.004024278472998465,9.945081017476762e-06,2.033710154441122e-07,1.037703366247809e-05,7.222163593676701e-06,0.009590496975649659,0
0.9798138927586957,0.005927782062334347,1.3258758276016505e-05,1.3704111134480257e-07,1.217616754983779e-05,5.743978602409469e-06,0.014227009233430263,0
0.9758596522786384,0.0059038592786699465,1.3205249830098569e-05,1.3648805375507403e-07,1.590142145164308e-05,5.720797595409985e-06,0.018201524485760824,0
0.9798306812123798,0.005767959319983161,1.5576113209272358e-05,1.5530418029071938e-07,2.1065104791849693e-05,6.5094618665938544e-06,0.014358053483588882,0
0.9709130236444775,0.005646168045153503,1.7642754222657302e-05,5.691310507350041e-08,2.8510452590498665e-05,9.69267872801831e-06,0.023384905511723012,0
0.9914477589466892,0.0011311609470503173,1.1973524069812492e-05,1.5759903640420034e-08,8.615271142510394e-06,5.215463800545378e-06,0.007395260087343895,0
0.9898489659445191,0.0021111812358733436,1.7305422480349005e-05,1.947695829348042e-08,1.8113368212259037e-05,5.86221954995639e-06,0.007998552332406744,0
0.7325549288002488,0.003439869415448175,1.2290891061597032e-05,2.0335196214347412e-09,2.0295881259244552e-05,7.371535729874333e-06,0.2639652414427325,0
0.9787299742324529,0.004286352066004266,1.6421244358716083e-05,2.7168837836469087e-09,2.2693287182273162e-05,9.848739925577389e-06,0.01693470771319241,0
0.9682210965713784,0.0057014939251596045,1.847530288731193e-05,1.6941610503941707e-07,1.834479308631313e-05,9.521437636569876e-06,0.026030898553746577,0
0.950783378610404,0.011420995958414743,1.9165185099036535e-05,1.9464663153580434e-07,2.209545781261966e-05,1.202799279304233e-05,0.03774214214884481,0
0.9682105033993098,0.008976577071487716,1.6229970068823487e-05,2.171743146729881e-07,1.9453429888070242e-05,1.2781188158376797e-05,0.022764237766772583,0
0.9271945386590574,0.029526670957178845,1.548698670214832e-05,2.0723240456552197e-07,1.6969985263783516e-05,1.0731983944338571e-05,0.04323539419544861,0
0.925870629875961,0.03338633199487958,1.670943306103943e-05,2.2359004103009198e-07,1.9551836426189418e-05,1.1836397423268883e-05,0.040694716872207964,0
0.7732555622105872,0.21105780420245757,2.0116939364031095e-05,2.691861107060077e-07,2.0483206708969213e-05,1.4153719271641039e-05,0.01563161053549998,0
0.4472682967432269,0.5403470708348584,1.4207786520421273e-05,1.7084172348648362e-07,1.0217803603071987e-05,9.221190829897855e-06,0.01235081479923785,0
0.5820107945382795,0.4052209448891192,1.3910833392756444e-05,1.9151604660213943e-07,1.3305004101081452e-05,1.0481515130167062e-05,0.01273037170393076,0
0.6819214521596993,0.30273226858027696,9.35736365319185e-06,1.947595430146248e-07,1.4989077225959228e-05,1.0624279160162748e-05,0.015311113780441303,1
0.4949351898235572,0.49938406181758327,1.620494170418957e-05,2.108184597553473e-07,1.4260942069266562e-05,1.1692486220165673e-05,0.005638379170406229,1
0.5418391880665405,0.4564930209297847,1.4308881096974655e-05,1.8263259439414902e-07,1.2253655529042441e-05,1.0553822935894768e-05,0.0016304920115184445,1
0.5053707424347297,0.49396081537919506,1.6037888688166397e-05,1.9482736750917428e-07,1.9959494689727854e-05,1.2603532214885292e-05,0.0006196464431150503,0
0.6056081591592781,0.3943413328177969,1.5006325861937257e-05,1.7373072120145533e-07,1.628314825344191e-05,1.1792868444556836e-05,7.2519496438607e-06,0
0.5112885776951007,0.4886701841674181,8.402172054505317e-06,1.924555538717286e-07,1.7802948900804977e-05,1.062730501836463e-05,4.2132559535999015e-06,0
0.4348334098302682,0.5651187837067454,1.4873555438072043e-05,1.963043399003046e-07,1.803806217202199e-05,1.0453994288759809e-05,4.2445467477507e-06,0
0.008603226223617127,0.9804937869703876,0.0021497405533422377,1.6603424334925797e-07,0.0030236118336603992,0.005715324091645772,1.4144293103259593e-05,1
0.012880853863757277,0.9770871533880966,0.0005037359151466747,1.1377009277637108e-07,0.008087606441176308,0.001430849738051012,9.6868836795823e-06,1
0.013647657768082992,0.9746074980094374,0.0007781662075385066,1.1346401614739172e-07,0.009526193530253762,0.0014289581428103936,1.1412877860724855e-05,1
0.017680039153355986,0.9700121321269868,0.0006124585503727035,1.1292902265539163e-07,0.010593734890634228,0.0010901632845578242,1.1359065069781968e-05,1
0.02585007427570506,0.9472550252025463,0.00048020926545649944,1.1436067180407032e-07,0.025643108580381102,0.0007599652464806607,1.1503068758599537e-05,1
0.045950653519643996,0.922014268491519,0.00020355017892418646,1.1844646924822587e-07,0.030570070696452456,0.0012391476260494169,2.2191040941586467e-05,1
0.13153456439963,0.8616906426185913,4.3792695556503504e-05,1.2506956108337635e-07,0.0065607362014942295,2.525863479893796e-05,0.00014488038036833634,1
0.07967341667123479,0.9181049740848567,3.975278628457795e-05,2.6635851143021916e-07,0.0021450932181093377,2.5422638369956744e-05,1.1074242633156675e-05,1
0.07798338201934271,0.9219617543792639,2.2283809002005093e-05,1.958138368916196e-07,1.2579293135217063e-05,1.5204913076071671e-05,4.5997723431898435e-06,1
0.10210536681067267,0.8978252197893418,2.7461388448501857e-05,2.413106232416773e-07,1.7794321220308923e-05,1.824786336944151e-05,5.668516324100876e-06,1
0.3291636585534747,0.6707637476503389,2.723166653641213e-05,1.9723009725679136e-07,1.602162519368593e-05,1.6430905178091072e-05,1.2712369181001151e-05,1
0.3529726444124657,0.6469506007389723,3.1835187118421075e-05,2.1596750737154172e-07,1.7543724336435163e-05,1.7513152689231806e-05,9.64681691060243e-06,1
0.40177849015778017,0.5981491497734371,2.8850536174770073e-05,2.0381959164087654e-07,1.6556910683609176e-05,1.6528058655243363e-05,1.0220743677506478e-05,1
0.3591175049415932,0.6407994830403084,2.2907200466048857e-05,2.0092116282808443e-07,1.696827449167516e-05,1.6738401595988545e-05,2.619722038197942e-05,1
0.3482670677748955,0.6516570208733455,2.1279693554465422e-05,1.866461499704137e-07,1.5762715390126443e-05,1.4346331973642641e-05,2.4335964690820746e-05,1
0.22092183689290246,0.7790039967988641,2.2495669876760518e-05,1.5481841831064725e-07,1.307478705222212e-05,1.1496049219360612e-05,2.6944983666941163e-05,1
0.4759820943249494,0.5239306729581159,4.321036673124085e-05,2.1447233744001138e-07,1.919296305113872e-05,1.7320799490672884e-05,7.294115324313635e-06,0
0.49526800804866944,0.5046304966453055,4.610258999326604e-05,2.2203953814521394e-07,1.9112717397084367e-05,1.757330577240811e-05,1.8484653324158297e-05,0
0.45710144231812866,0.5426940625036746,3.101744755977282e-05,2.0741693088026895e-07,1.7540134120757508e-05,1.740977558447904e-05,0.00013832040400111467,0
0.6079716985875745,0.3918175821133722,3.566903366764085e-05,2.0929711648127414e-07,1.7699131303261305e-05,1.756759109757023e-05,0.00013957424586843187,0
0.44891134163734375,0.550880601997475,4.304009670760593e-05,2.042434288948638e-07,1.9878584425727137e-05,1.714340409229504e-05,0.00012779003652647954,0
0.5324178321294735,0.4673264764873248,5.5923714868084284e-05,2.448146881314554e-07,2.38272999675515e-05,2.0548798798942753e-05,0.0001551467548787965,0
0.5483315734129082,0.45140882487966144,5.386393399656945e-05,2.5213209445071125e-07,2.453948777247498e-05,2.1162128542092347e-05,0.00015978402502474687,1
0.7161421921845375,0.28367242231303486,4.54841924141824e-05,2.2703915761765138e-07,1.885939551951381e-05,1.8326282687411037e-05,0.00010248859264907508,0
0.7181485206187803,0.2816913511877088,3.278242655380435e-05,2.2545359383317311e-07,1.8363472790111345e-05,1.4925721720071007e-05,9.383111885293489e-05,0
0.6887114986986139,0.3112166577351408,2.35974275199335e-05,1.7486163799715548e-07,1.5236329625051215e-05,1.2378609248080863e-05,2.0456338214178427e-05,0
0.684584358071264,0.3153576924004709,2.450794647175613e-05,1.734159809265212e-07,1.5110364273786875e-05,1.3503506305023063e-05,4.654295233632815e-06,0
0.6847090573037168,0.31523280544208776,2.2351602563705102e-05,2.2437965356668046e-07,1.1831345069853289e-05,1.7689987524572542e-05,6.0399393836934945e-06,0
0.8678646459636129,0.13209176842365938,1.4711693679252796e-05,1.538652623869498e-07,1.2641068733131947e-05,1.1605994353419285e-05,4.472990699516667e-06,0
0.9422416245935069,0.054733016169617094,1.4401226889809935e-05,1.245885545767594e-07,1.3024529165474334e-05,1.0647012991127815e-05,0.0029871618792751734,0
0.8361729224827943,0.16350392418299847,1.4738596862676333e-05,1.1932814436113844e-07,1.0271726199599156e-05,8.482824724615728e-06,0.0002895408582760524,0
0.8333067504089351,0.16621315211761603,1.4796610816308313e-05,1.3705072837020742e-07,1.0555254872944564e-05,9.890250274899077e-06,0.0004447183067562322,0
0.8023534858827454,0.19757237344180278,1.3776372177469756e-05,1.27600966509191e-07,1.0485212322911493e-05,8.936878177693032e-06,4.08146118073724e-05,0
0.7930369718703307,0.20688389429953288,1.58340645627743e-05,1.3524252868154007e-07,1.1641631004953659e-05,9.61414989113784e-06,4.190874214897581e-05,0
0.6171820162519214,0.3827267432668834,2.538559703146624e-05,1.9242711718386267e-07,1.5109862982291754e-05,1.4094768258194687e-05,3.645782580601229e-05,1
0.5547594517230174,0.4451161264382906,2.6481072518284684e-05,2.1037161234470873e-07,1.4111922569311711e-05,1.1885616328160907e-05,7.173285566386887e-05,1
0.5661523248192067,0.43373797665120284,2.471275099487127e-05,1.4378167385041797e-07,1.4540154165373367e-05,1.2915447960161377e-05,5.73863947962429e-05,1
0.43178034860955194,0.5681682815538628,1.9590979930021185e-05,1.6582879966629902e-07,9.72805728405522e-06,1.1023337735649617e-05,1.0861632835870088e-05,1
0.19786751423057536,0.8020454673540118,2.793104906385212e-05,2.2160413033513478e-07,2.3351080794309015e-05,2.024633236507446e-05,1.526834905904065e-05,1
0.16784107980393032,0.8302512376050234,2.5287377990913218e-05,2.2426927588121094e-07,0.0018536375106094456,1.8792821974989825e-05,9.740611195171285e-06,1
0.2949718892873899,0.7045664166779554,3.141467798827732e-05,2.3226235435990695e-07,0.0003989676991579577,2.0512986845807274e-05,1.0566408308143274e-05,1
0.1972514126551216,0.8018053952747308,2.859418869212029e-05,2.0685456974211228e-07,0.0008909445128154726,1.5064030039681575e-05,8.382484030343557e-06,1
0.12434467440359852,0.8740453908157969,0.00024442030154920143,3.91816069498773e-07,0.000965368286701948,0.0003807876234627745,1.896675282127356e-05,1
0.2087201383367311,0.7883834834553045,0.000289773162745083,4.0102319729889276e-07,0.0012721777007177637,0.0013146138764077028,1.9412444896644898e-05,1
0.25537581067648973,0.7382810839575659,0.0007654199562458265,3.7632005349902105e-07,0.002116660396080599,0.003451313603696795,9.335089867541647e-06,1
0.20239418621255115,0.7907348113589789,0.0005800466062032407,3.349407710071105e-07,0.0017822394952241448,0.0045018055486992295,6.575837572419242e-06,1
0.3621212345917854,0.6329920701577633,0.0006944994342131766,3.111585062141823e-07,0.0024546929852421852,0.0017310827482461416,6.108924243497453e-06,0
0.597813736642716,0.39634456446233723,0.003168772557556939,1.6603155658207876e-07,0.0013057677487459695,0.001363293033390171,3.699523697167073e-06,0
0.1383003741774292,0.8567184113395233,0.0018422338042823876,2.550536644112771e-07,0.002498257906882262,0.0006340290502133193,6.438668005000228e-06,1
0.09080290743534751,0.9025624683501571,0.002001626154442286,2.138325502817733e-07,0.003948836201884467,0.0006781778038327922,5.770221785639304e-06,1
0.05960113113885149,0.9057029403487067,0.0035219839872963174,2.0572656603860335e-07,0.03048191229010864,0.0006875623569799108,4.264151490826756e-06,1
0.05212710155898327,0.9108166656646218,0.003160440160158653,2.029659692210915e-07,0.03315569587060488,0.0007360016599574962,3.892119704843308e-06,1
0.07061241853843912,0.8829403549268247,0.004511728008557732,2.5811614539928236e-07,0.04119717322298119,0.0007334656587699967,4.601528281943142e-06,1
0.36139138526334047,0.6190007890141518,0.0034234879692988445,2.2070737894126924e-07,0.00884480098440344,0.007335313012242027,4.003049184523771e-06,0
0.2724578169620262,0.7023732026745845,0.00926053725523191,2.532934095889791e-07,0.009287880089910466,0.006613150315744621,7.159409092785282e-06,0
0.1599797838879619,0.8065095386957171,0.007053994829158113,2.038940738814622e-07,0.007634990203472445,0.018816053894990546,5.43459462596694e-06,1
0.1558771139323868,0.7955695971107448,0.007910662254984133,2.240371769331124e-07,0.007709335611591801,0.032929500100388906,3.5669527267454624e-06,1
0.23622386255168248,0.56281125026125,0.0647488629131622,2.9352333320509184e-07,0.10082778347446779,0.035382763467109425,5.183808994930679e-06,1
0.3089971517411078,0.6003310314610516,0.0329598235312313,2.3038621920734626e-07,0.04496949278271358,0.01272763700609045,1.4633091586044777e-05,0
0.0557460434875063,0.714799519010394,0.009607850933784332,1.8819086808392984e-07,0.2160449650059857,0.00374783157798219,5.360179347928379e-05,0
0.011641998894848701,0.9223188631691649,0.010730799057366859,2.698424810684411e-177,0.05217684446853237,0.0030830675163866055,4.842689370064525e-05,1
0.052749605639678634,0.9165015771123274,0.005429650493688635,3.0557529178707464e-07,0.01976623481004098,0.005544247906979136,8.3784619935862e-06,1
0.016295423633951405,0.9555624911550377,0.0030729467838186693,1.1274066255691581e-50,0.024277858822847487,0.0007354255691996708,5.5854035145466253e-05,1
0.01931756578213189,0.9494709657326345,5.706402908356237e-05,1.216408705295201e-07,0.0311389544029084,1.1682675949097721e-05,3.6457364220943157e-06,1
0.052906113892788896,0.9334628754032853,0.0035017444861024224,1.9350463008866984e-07,0.008729464356721348,0.001396126949192058,3.4814072800475634e-06,1
0.009294147551751966,0.11830292487500049,0.829494358317639,1.0102157295697016e-07,0.04173016740894383,0.0011765167197777936,1.784105314075601e-06,2
0.00580069761067971,0.07983245028289304,0.8883736083109519,7.32539224126046e-08,0.024502567478986822,0.0014893776801096572,1.2253824563639235e-06,2
0.008179352399322456,0.1187254864657552,0.8506893990100425,8.752712213172419e-08,0.020010197673624514,0.0023939592219407472,1.517702192343377e-06,2
0.009526192930443022,0.11216754513695204,0.8636689331399132,9.085228273918305e-08,0.012173444369685527,0.0024622190363413885,1.5745343822226465e-06,2
0.008722816249859714,0.11221886299070473,0.8654313952613548,9.183087507944353e-08,0.011136501968395485,0.002488740204729899,1.5914940803112758e-06,2
0.0027432184795942267,0.02478967768105717,0.9672152380031713,3.0746251675157733e-08,0.0029631197717056275,0.0022881390623311734,5.762558888649219e-07,2
0.07964047127554486,0.4137034656810541,0.47591958530956235,1.5641911934195697e-07,0.006018649546914826,0.024715134718843033,2.5370489614241577e-06,1
0.12426325070880179,0.7694738248468894,0.059240806590829045,2.5569682331083204e-07,0.010834943947903729,0.03618277091932449,4.1472894282316485e-06,1
0.006437876460431487,0.7883637873955817,0.13620706005362543,2.071063500989774e-07,0.002819342915385916,0.0661688517515202,2.874317105222441e-06,1
0.0011528957232846454,0.5518270884043092,0.22374948836745304,0.00017327405589362695,0.00013276521508773367,0.2229239381962151,4.055003775663822e-05,1
0.000953171538384809,0.7756154886787378,0.144895622223436,0.00010020721178478098,0.00022403457683430769,0.0781871254783257,2.4350292496628015e-05,1
0.001837197587626609,0.6273355834963813,0.32617926197321984,4.5900716770550056e-05,0.0006845349675682777,0.043913371964917104,4.14929351619929e-06,1
0.000837233075951698,0.26737263048097304,0.710885727623031,0.0002384022784759299,0.000257832352176815,0.020406251501984152,1.9226874073492977e-06,2
0.0009898932747836966,0.2539238856070683,0.7167402629143959,3.274396556704469e-07,0.00029116566873497416,0.028052860874763306,1.604220598322042e-06,2
0.0016040642977311248,0.4413752679430608,0.4918064702514529,1.5564206853653498e-05,0.00024262661264990923,0.06493787991609692,1.812677215459389e-05,2
0.0003800197713942098,0.218713823048874,0.20351964160127922,0.005733512720375912,8.371189354373416e-05,0.5715567360735743,1.25548909586061e-05,1
0.0008246477215570907,0.26440746440526103,0.6769485522397436,0.0007318323984417057,0.0001577523778194259,0.05686802100431696,6.172985286033696e-05,1
0.002993484744473589,0.5620333071380189,0.3161388477663752,4.029777008035811e-05,0.00015303538226659795,0.11862319060975009,1.7836589035280882e-05,2
0.0026576902333077966,0.8759409398099283,0.09878496767488394,2.8294851072898337e-05,0.0014199733841733174,0.021158842054437438,9.291992196423254e-06,1
0.36384782243740876,0.005809974610420273,5.226430811648924e-06,9.765083069320821e-08,5.708795086358957e-06,3.2923119957484894e-06,0.6303278777634465,0
0.5358036229113226,0.009105053089428676,7.458469332251677e-06,1.7681713436804992e-07,8.169462492079005e-06,4.69835131037489e-06,0.45507082089897977,0
0.9029322440956757,0.0905745467068901,9.093725716749621e-06,2.0190084748612616e-07,1.2096891830063438e-05,6.834028671818867e-06,0.006464982650367928,0
0.917492265012662,0.07474393450806048,8.078107874618516e-06,1.960586716564624e-07,1.3094688385303072e-05,6.636280135233489e-06,0.007735795344210708,0
0.9497621246779765,0.01609515572414676,1.0215794960618548e-05,2.0470783796282934e-07,1.2926687872767274e-05,7.197530043995771e-06,0.03411217487716154,0
0.8884237176701983,0.012159329519711909,1.1596824496516232e-05,1.8087811019258918e-07,1.1421911817075443e-05,6.359676529086941e-06,0.09938739351913696,0
0.7859904333871272,0.020482760133252953,1.3040845215830033e-05,1.755785677225566e-07,1.0543805558432414e-05,6.2993250037665845e-06,0.1934967469252739,6
0.5737680220537253,0.021159903709426095,1.1451159758905884e-05,1.4353973879042029e-07,8.619816845219298e-06,5.097419971445835e-06,0.40504676230053444,6
0.6174687901322917,0.01223356683891344,5.546398103160433e-06,1.3737442067848902e-07,8.19780379478466e-06,3.879269994684975e-06,0.37027988218248153,6
0.1851066961952298,0.0035911580485493044,1.6868207865913149e-06,4.177955206900384e-08,2.411456343728941e-06,1.1797986985654566e-06,0.81129682590084,6
0.3162233691181717,0.07961929670648095,4.566278425080081e-06,1.0514319912907331e-07,6.813742517115716e-06,3.6591983605299606e-06,0.6041421898128454,6
0.8800042739616898,0.08956857387002962,1.003322619425482e-05,2.0517353209293106e-07,1.0298464010866924e-05,7.140458522067147e-06,0.030399474846021367,0
0.9722711585868603,0.0037202856835744443,1.1172907494408436e-05,5.144123224821673e-08,1.2576599925247636e-05,7.4373055463930245e-06,0.023977317475366803,0
0.9834843645381641,0.003884136505506958,1.3781643339051806e-05,1.424455955847463e-07,1.1920628002642874e-05,5.970503632210123e-06,0.012599683735759194,0
0.9781774482536272,0.006550391478260093,1.370732151114824e-05,1.5143487369891356e-07,1.764278765000153e-05,6.347282692392801e-06,0.015234311441385415,0
0.9821788794028817,0.0054838166457103505,1.5250173825440276e-05,1.520543484391911e-07,2.462165399144274e-05,6.373247525996161e-06,0.012290906821716673,0
0.9894008667184433,0.0035137855397060973,1.7628819395524893e-05,2.5505129205125592e-08,1.9535221810886148e-05,8.661760291476513e-06,0.007039496435223472,0
0.9889106872403667,0.0034041286827815333,1.6154879893694047e-05,2.5886824622165654e-08,1.589733692884229e-05,8.791027964699359e-06,0.007644314945240055,0
0.9874518649038712,0.0023102045556344384,1.672507438560881e-05,2.0848640202475253e-08,1.8921643058232424e-05,6.2750715149330196e-06,0.0101959879028954,0
0.9825304428567281,0.002387174316144438,1.7282308578067044e-05,2.1543260442674297e-08,2.0243821354367443e-05,6.484139906954648e-06,0.015038351014027606,0
0.9890973109234591,0.001939102637998908,1.5894888516972204e-05,1.7889426338832977e-08,1.6636980040658278e-05,5.3844005434932675e-06,0.008925652280014795,0
0.9709734908324719,0.004330642973200087,1.8291937186164596e-05,3.3697078270587223e-09,3.363643016409844e-05,1.3532757956565765e-05,0.024630401699313353,0
0.9670058693090609,0.009143006943224194,1.6401369073305996e-05,2.1946781621219455e-07,1.943270868979603e-05,1.2916165790323115e-05,0.023802154036345342,0
0.9474939588650034,0.009382542315023461,1.630040165582989e-05,2.1811676444797747e-07,1.942286951546521e-05,1.2646958192872503e-05,0.043074910473844735,0
0.9442327617184411,0.015342660333376322,1.616718068943938e-05,2.163341257891725e-07,1.9264129043815446e-05,1.25435963231512e-05,0.04037638670800043,0
0.9169571965580512,0.029220357777338942,1.6065385619094344e-05,2.1497199914657704e-07,1.792898125570097e-05,1.113279580073582e-05,0.053777103529935026,0
0.4879436281073107,0.503972210293198,1.67856683124149e-05,2.078403925202635e-07,1.3579056030046322e-05,1.1527315626711223e-05,0.00804206171912961,1
0.546492237390971,0.4517605328107428,1.7688993491397725e-05,1.95259535052174e-07,1.2853194527005171e-05,1.1070193615049715e-05,0.0017054221571176076,1
0.4973840229930787,0.502563514298725,1.6837408227288367e-05,1.9076562140204305e-07,1.7368880899464962e-05,1.2949200126382623e-05,5.1164533217645595e-06,0
0.4970467357502517,0.5029003184664322,1.6825990403766088e-05,1.906362589627719e-07,1.7875753929176553e-05,1.2940418983833733e-05,5.1129837402054935e-06,0
0.6857433533006286,0.31420822757627387,1.4519003231515358e-05,8.992491003854043e-08,1.2991716164465126e-05,8.007535410245383e-06,1.281094338121042e-05,0
0.7941288991558796,0.2058333819689411,5.898785830924058e-06,7.354519279992509e-08,1.3913804016218273e-05,7.030633025973073e-06,1.080210711318113e-05,0
0.4155481616295002,0.5844038709337933,1.5431107615788336e-05,2.036630318191456e-07,1.7083133459111854e-05,1.0845874179603666e-05,4.403658420308111e-06,0
0.461481793990252,0.5384575705763813,1.5256453088052717e-05,2.7104188729147673e-07,2.9734783626948596e-05,1.0965007677619634e-05,4.408147086833342e-06,0
0.5512918142298993,0.4442764760361529,1.9010145020460998e-05,3.377289304592927e-07,0.004380825890153054,1.3913202578883981e-05,1.7622767264974095e-05,0
0.008440368604260869,0.9782471362152574,0.0021293303618193024,1.7391979971794645e-07,0.004287005294003815,0.006882218932959759,1.3766671899140372e-05,1
0.021540047709034116,0.9476288022087243,0.00048039875105098637,1.1440579733879342e-07,0.029293025397927146,0.0010461039197161015,1.1507607750199533e-05,1
0.04269669077978282,0.9236905775351482,0.00021028101472600965,1.014746817742629e-93,0.032389750427596446,0.0009897754060713385,2.2924836675094444e-05,1
0.03856391942681817,0.8595042434319429,0.00018332058795198446,4.2970714274447186e-137,0.10110451559887149,0.0006054113510492614,3.858960336628205e-05,1
0.04305951358343022,0.9051249775504202,0.0004146016084736858,1.2139662923551512e-07,0.05080597515848596,0.000574031315396194,2.0779387164481703e-05,1
0.03477806492484189,0.9345969530669685,0.002273136676695146,1.1501937349754981e-07,0.02771050529227458,0.0006248942002172065,1.6330819628942097e-05,1
0.06277195624711357,0.8848475291842476,0.003155581641956817,2.0861063228661986e-07,0.04813426141891036,0.0010317037082296994,5.875918890946534e-05,1
0.0697184263140759,0.8557903988746454,0.0012908655660353258,2.1848284769208856e-07,0.07125465274015341,0.0018838981343645583,6.153988787771287e-05,1
0.054486937275236104,0.8699461024929429,0.0008643858626461646,1.7075049413756975e-07,0.07400251600365004,0.0006517924386476051,4.809517638296175e-05,1
0.04411098846142964,0.9176352524358444,0.00029338625979543996,1.4156611979204849e-07,0.03774350657504182,0.00017684986840079377,3.98748333680633e-05,1
0.13516988303591687,0.8592675893365157,4.201775462579721e-05,1.3514704310632115e-07,0.005309885278790257,2.729384972977742e-05,0.00018319559737855703,1
0.0745624243520811,0.9222029361965098,4.984214946260481e-05,2.2402687676750415e-07,0.003096016600930333,2.5070487061695482e-05,6.348618707792393e-05,1
0.09607603077538707,0.9021763839859015,3.2269811288102195e-05,2.1621978488002324e-07,0.0016854724173515198,2.063713815608535e-05,8.989652130856062e-06,1
0.09659257800190613,0.9031771975121622,3.283616625659247e-05,2.9946615178570737e-07,0.00016742919727661618,2.066003160283982e-05,8.999624643558278e-06,1
0.06364718574209817,0.9363011593362872,2.154236205659205e-05,1.9646654895855448e-07,1.026683311519035e-05,1.3554690605000757e-05,6.094569288773104e-06,1
0.08986798931144228,0.9100691658210216,2.486274004397749e-05,2.1847559917660772e-07,1.6110459366948316e-05,1.652108319880652e-05,5.1321093274455885e-06,1
0.10334322134312514,0.8965865218282161,2.7794311244043497e-05,2.4614494043221135e-07,1.801004720869224e-05,1.8469087787755573e-05,5.737237477975964e-06,1
0.10610827138359989,0.8938202126145399,2.811120339069044e-05,1.9468365200323252e-07,1.87709877559191e-05,1.8679659973707007e-05,5.7594670878414995e-06,1
0.11069128484784249,0.889236324666983,2.9821092360715512e-05,2.0309240079128068e-07,1.7339409772117437e-05,1.9018661464353526e-05,6.0082291764727844e-06,1
0.1321701757120027,0.8677361687666832,3.4870119179482645e-05,2.413782129781395e-07,2.060813564950031e-05,1.997319236522284e-05,1.796269590680685e-05,1
0.3633520393991421,0.6365618071147817,4.030357323191489e-05,2.20440027194242e-07,1.7907041280792485e-05,1.7875836518451605e-05,9.846595017891522e-06,1
0.43262291695142424,0.5673005926984696,2.8363765900940576e-05,2.0626313715581575e-07,1.6755407621594743e-05,1.718343242476956e-05,1.3981481021734718e-05,1
0.3548342796349376,0.645067005844487,4.2268944250059554e-05,2.6828085577798366e-07,1.877480675523854e-05,1.6943431945195337e-05,2.045905676911832e-05,0
0.21937513399594463,0.7805484400821397,4.603377285714589e-05,1.4961096002220573e-07,1.1903167683045334e-05,1.2467759288502111e-05,5.871611126895325e-06,1
0.2567186301501086,0.743208437790089,4.39293081560777e-05,1.427713949655523e-07,1.135900641480429e-05,1.1897787337571851e-05,5.603186498888058e-06,1
0.21764043695667976,0.7822290802246896,9.425172153762994e-05,1.499377360653237e-07,1.3141916093741064e-05,1.221878807641287e-05,1.0720455186899645e-05,1
0.2419709201394206,0.7579724613127229,2.370722656026013e-05,1.654052303308188e-07,1.396886873989254e-05,1.2282173463414077e-05,6.4948738623515124e-06,1
0.41203195157906625,0.5878768431704648,4.603846013994814e-05,2.237667498820096e-07,1.9261392313660322e-05,1.8071416825351277e-05,7.610214440091831e-06,0
0.8703901100411467,0.12956150265612906,1.547439571045781e-05,1.22496823643038e-07,8.026039905824663e-06,8.422442411488923e-06,1.634192787246812e-05,0
0.32873371524323236,0.6711993734720042,2.5412255202512185e-05,1.5371556543589325e-07,1.2486802015023511e-05,8.816220331329702e-06,2.0042291649039756e-05,0
0.45125746438161335,0.5485504803725277,3.207836790708157e-05,2.1451141671515763e-07,1.7787289297432592e-05,1.8005259307762824e-05,0.00012396981792984287,0
0.6117219478581389,0.38806830575961665,4.0467847243006035e-05,2.1896957589810406e-07,1.7952177057965407e-05,1.837945996035943e-05,0.00013272792840710225,0
0.5543866076091807,0.44537104366149416,5.39982954798691e-05,2.2849746867012365e-07,1.8562922107712204e-05,1.9363676299730753e-05,0.00015019533796905267,0
0.5627328818262858,0.4369984019319907,5.815287659545602e-05,2.587540586584175e-07,2.5183989655738957e-05,2.1140049745396805e-05,0.0001639805716682126,0
0.718108800789752,0.2816757712178465,3.264813051896686e-05,2.6057710131306273e-07,1.9299144270494903e-05,1.4925506297386117e-05,0.00014829463421336348,0
0.6442253769464645,0.35557595440677664,3.1745374036275336e-05,2.183215038188199e-07,1.671121750478942e-05,1.4454146244385e-05,0.00013553958746935512,0
0.6544077861514305,0.34550605507385984,2.8645144897387465e-05,2.0187124391701134e-07,1.758977468911011e-05,1.610590382531669e-05,2.3616080053822155e-05,0
0.6264020920338288,0.3735101387469798,2.9923002307473197e-05,2.108767024631856e-07,1.6141362073428873e-05,1.6824386787195026e-05,2.4669591320812005e-05,0
0.6968805790272927,0.3030507833967323,2.4916050897386556e-05,2.501232228280388e-07,1.701888844093504e-05,1.9719598551385463e-05,6.732914862471974e-06,0
0.7085107688481047,0.2914213326143964,2.3528462028411453e-05,2.3619372006302517e-07,1.9232885978960445e-05,1.8621403032229972e-05,6.279592739188781e-06,0
0.7692702654461162,0.2306704171603945,2.0303331016080982e-05,2.084322812649776e-07,1.470294245373384e-05,1.4426746442108328e-05,9.67594129614423e-06,0
0.21647413260778145,0.7834308128735088,3.546647847264758e-05,2.8608999966170594e-07,3.258899710714695e-05,1.766646957533992e-05,9.046483554822309e-06,1
0.9407518642681559,0.05777644277084606,1.4263396989026227e-05,9.229213142262186e-08,1.2815964151942172e-05,8.876338149039466e-06,0.0014356449695765755,0
0.9427663432769731,0.05608037746042483,1.3844685630526646e-05,1.2358305148475227e-07,1.0641677818670117e-05,8.36180253918195e-06,0.0011203075135622173,0
0.9269768232791258,0.07162532924629317,1.4314791125203407e-05,1.2161978122188248e-07,1.100302305601563e-05,8.90832153504053e-06,0.001363499719083809,0
0.9248085916985526,0.07375032722597086,1.4739485888084947e-05,1.2522802696546113e-07,1.3091379822867821e-05,9.172615821202724e-06,0.0014039523659174582,0
0.9168593766359157,0.08213939826968843,1.4654502821428954e-05,1.245060030194694e-07,1.1264141474948533e-05,8.850909451673294e-06,0.0009663310346446437,0
0.9056189249071346,0.09344446290471398,1.8071309869160252e-05,1.2763507552717107e-07,1.154723076026285e-05,9.073349629349362e-06,0.0008977926628170401,0
0.8979548637376477,0.1009976481404335,1.3384910192461329e-05,1.23975126048785e-07,1.0187270166857196e-05,8.813170355697563e-06,0.0010149787960778299,0
0.8891898581846241,0.11044469376571005,1.2842469088239321e-05,1.189508708761323e-07,1.1969320047384735e-05,8.712831037777072e-06,0.000331804478621642,0
0.5282114406793786,0.4716336906681111,3.916511924968415e-05,2.785814198305644e-07,1.0612500116283885e-05,1.209729216454989e-05,9.271515955998976e-05,1
0.5709546034285279,0.4288758001453496,2.2982176259235812e-05,1.8891579441920827e-07,1.4663488236900677e-05,1.3025000772628748e-05,0.00011873684505935863,1
0.6416609667831568,0.35829831541800505,1.55254790211113e-05,1.0631084511041821e-07,8.2651848325867e-06,9.4189265917965e-06,7.4018975474036975e-06,1
0.5933746363376773,0.40657916673039696,1.751646990975032e-05,1.6078614060763224e-07,9.432238486081737e-06,1.0688130980241173e-05,8.399306409063675e-06,1
0.3178112964120427,0.6820906035943682,3.08572775393078e-05,2.5908308852868175e-07,1.978253257325822e-05,1.9341914185471325e-05,2.785918620250734e-05,1
0.25099902017759657,0.7489111920478859,2.8708461481570995e-05,2.4104125382018257e-07,2.2162384319822107e-05,2.2022158752895524e-05,1.6653728709219385e-05,1
0.22187954749040234,0.7780385172301586,2.734012644948248e-05,2.1691576751161942e-07,1.957336593930937e-05,1.9817991287544004e-05,1.4986879995179233e-05,1
0.16099832937193337,0.8389179141242068,2.545405102673725e-05,2.0195170000207328e-07,1.7933814120803066e-05,1.8450834981055036e-05,2.17158520311827e-05,1
0.2411586136522266,0.7521312097924957,2.7754817924518604e-05,2.413266679196471e-07,0.006635456545295751,1.8842582536092816e-05,2.78812828535759e-05,1
0.2630694870224811,0.7290476890703269,3.398701613838233e-05,2.4298046509325977e-07,0.007802308413339852,1.8213145636921664e-05,2.8072351611858727e-05,1
0.5921001337803844,0.39273986116380655,3.770724894557424e-05,2.896203153112799e-07,0.015072467524461656,1.8991612950458837e-05,3.054904913615363e-05,0
0.601263209985469,0.3889963251937657,3.3943321031866154e-05,2.469754000596443e-07,0.009663290141537946,1.4472932991517734e-05,2.851144980377564e-05,0
0.23995882957078152,0.75650406100568,3.1738312484536267e-05,2.232769401834704e-07,0.0034596899410774865,1.785840199864074e-05,2.759949103754768e-05,1
0.20531903851659422,0.7930608149077367,3.102900171151158e-05,2.1828698556262252e-07,0.0015439608690922533,1.7955740238681468e-05,2.698267764104245e-05,1
0.20843623841210848,0.7913021569889596,3.096019311758546e-05,2.1780292163144674e-07,0.00018411232241016286,1.7915922353136414e-05,2.8398358129651692e-05,1
0.30685834949502955,0.692978961867869,3.089802525981075e-05,2.2844251641202496e-07,0.00010099391276422908,2.0175625736238045e-05,1.0392630824747417e-05,1
0.20724044790682036,0.7910883272262603,0.00023347420084521276,4.023990570422612e-07,0.0010337597402937978,0.00039107273167943434,1.251579504396323e-05,1
0.23640921828955933,0.7581448349181393,0.0008600424734663334,3.93280882393809e-07,0.0021308531096099273,0.002444902103889012,9.75582445367037e-06,1
0.21172797902960805,0.7814515707523404,0.0008688535985609986,3.9832511397422903e-07,0.002288404030055018,0.0036531268311931968,9.667433128471325e-06,1
0.2804089422395774,0.7148724745393266,0.0005212155824946322,3.028068757747681e-07,0.001741537202846146,0.0024495826708354194,5.944958044132329e-06,0
0.3691003437280462,0.626565849884178,0.0006286295503992767,3.1715541820414766e-07,0.0021981299364250005,0.0015005030848941074,6.2266606392892584e-06,0
0.3594998627698457,0.6361265629122437,0.0006197971808961523,3.1269932185659665e-07,0.0020433568696938196,0.001703968393172922,6.139174825900705e-06,0
0.35068125734960437,0.6410876722635906,0.0009297583641423495,3.2655088433804815e-07,0.0029120674008853886,0.004381241324842318,7.676746050580274e-06,0
0.2501359084260362,0.7466771094067883,0.0014467278000436816,1.9750732149971659e-07,0.0010713099298839343,0.0006625458888636871,6.201041062575916e-06,1
0.12595149640778303,0.8693644602645394,0.0020304024703769043,3.283970539198169e-07,0.0016834748545548383,0.0009632549087534615,6.5826969385367896e-06,1
0.09808683682805,0.8946526739568431,0.002089115844831729,2.361010008754145e-07,0.004469911451166376,0.0006961319182575994,5.093899850252958e-06,1
0.05175533076817964,0.9130473906945973,0.0040722984698589445,2.0739482665893365e-07,0.03049668260486493,0.0006241130192313105,3.977048441270992e-06,1
0.34164832869431105,0.6377147880374442,0.0036640152526005378,2.0785310332037502e-07,0.008799390059900183,0.008166994569064046,6.275533576691539e-06,0
0.026047718485425257,0.9513362491821611,0.006571126908056025,2.1246786164223062e-07,0.014658702032256598,0.0013790513836144619,6.9395406248108945e-06,1
0.04135844262584394,0.930328179507035,0.01241567598031925,2.0110950067110968e-07,0.01456032569095337,0.00133047996254009,6.695123807747156e-06,1
0.049466164104438284,0.9160466020643369,0.011570904876189229,2.689342855921358e-07,0.01216069782265093,0.010747614226666457,7.747971432520207e-06,1
0.0877359758338197,0.8707791065538844,0.008353151636786708,2.2014209500021405e-07,0.008243411427816634,0.024882431495395922,5.7029102014913605e-06,1
0.22324482320924544,0.6778966544731088,0.03416253499155304,2.8828072225176017e-07,0.03753890037447206,0.02715170744975161,5.09122114673459e-06,1
0.17619727621703257,0.6271647903077135,0.07707793106210245,2.9150505984952155e-07,0.10309706524879904,0.016457497494290485,5.148165002132587e-06,0
0.13270847524619878,0.7200642909995021,0.01671878705473061,1.9534510629111238e-07,0.12307033134764321,0.0073822804949168945,5.563951190200753e-05,0
0.06531181503595965,0.8489791594002774,0.009823431154738875,2.0495128676193623e-07,0.07143711019956762,0.004385486803317069,6.279245485297486e-05,4
0.015545530208329534,0.90070706695683,0.011352405035538018,1.6383797754978975e-07,0.06896226713448124,0.0033823705632774924,5.019626356602382e-05,1
0.0586209106986615,0.8787336082890358,0.0197741108990397,2.46290509774787e-07,0.03899691026779292,0.003850008019650506,2.4205535309827386e-05,1
0.018004706980554227,0.9290359564047965,0.003295983551765593,1.3378132950457121e-93,0.048567860434757866,0.001045150115261705,5.0342512863910926e-05,1
0.016712878690778796,0.9576945537044353,0.0005424499685445018,1.1994535017911717e-50,0.02475420144790707,0.0002643391750150094,3.157701331915795e-05,1
0.03161189917891197,0.9516193797839791,3.507495209616745e-05,1.702611439197543e-07,0.01671299452117728,1.5062441781987106e-05,5.418860909746951e-06,1
0.03345493087076702,0.9560505254493468,0.0002815537618478719,1.7413394331721222e-07,0.01011087655914641,9.751908983625993e-05,4.4201351123575535e-06,1
0.0871770630833002,0.8920592416485428,0.003984270403766629,1.9533223758010182e-07,0.014460470660678132,0.0023152445830896006,3.51428838487087e-06,1
0.06460695366952335,0.8807452248950703,0.00821084379168934,2.0161402542375415e-07,0.04401493323318603,0.0024172870819043285,4.555714601253185e-06,1
0.0643544695070885,0.8776464930808534,0.006414997537843441,2.009046854499299e-07,0.04966929212086217,0.0019100071624669288,4.539686200107919e-06,1
0.0649747790598855,0.5944062008320691,0.009436732877863806,2.722259257974868e-07,0.3279327313629558,0.003244475958082973,4.807683216844388e-06,1
0.009152879243311455,0.10970723749273284,0.8488231750072761,8.684754412736563e-08,0.031016101252247883,0.0012991695707772473,1.350586110322256e-06,2
0.012574675591650458,0.12233981975495732,0.7994509442258558,1.2491548387617817e-07,0.06150966080967645,0.0041228321129893,1.942589386752612e-06,2
0.012458922356573542,0.12646773820542154,0.8354721569963773,1.0795346582104454e-07,0.022718383997676887,0.0028810116813374684,1.678809147271088e-06,2
0.010963527306346867,0.10296417402329454,0.8637927462253608,1.0393950821110953e-07,0.019340262805028798,0.0029375701601939952,1.6155402668890737e-06,2
0.0045882584435377495,0.04290132405610126,0.9455478257460326,4.5240118719507324e-08,0.0054892298810172244,0.0014725321788922104,7.844543004526006e-07,2
0.0032531798805756503,0.03367204519469604,0.9571345666909441,3.555293098983621e-08,0.004202926556689552,0.0017366296436946602,6.164804690630843e-07,2
0.051226832999684266,0.8138285155779561,0.09731480892892354,1.8293714751418322e-07,0.006106357252023488,0.031520335144610494,2.9671596545184194e-06,2
0.00109462361693833,0.3362834441589038,0.48990083191507855,0.000183816710116755,0.00019908076451043217,0.17230496247999222,3.3240354459858445e-05,1
0.0011781334425556317,0.41543702693015255,0.29628118831560024,0.00017988687510082452,0.0001356715414446312,0.2867466551878035,4.143770734258684e-05,1
0.0009318676491293733,0.7252201746632094,0.18543639859513272,9.796752747142374e-05,0.000268176104282712,0.08802160941022566,2.38060505487781e-05,1
0.0008084374049700965,0.7926805943765176,0.15005924577615612,8.499126861451866e-05,0.00023265492049634026,0.05611342342583342,2.065282741194208e-05,1
0.0019009240548347453,0.6142676750333245,0.3315445922173468,6.220353803807116e-05,0.0010004339172828304,0.051219963924044196,4.207315128894826e-06,1
0.0011659537786698787,0.3731259465328796,0.59975579732796,1.0869325085193228e-05,0.0009083704636387054,0.025030438560934933,2.624010831803629e-06,2
0.0018168381995541964,0.589748351015185,0.35770971360706594,4.7408567135119667e-05,0.0009902106362374098,0.04967799861995183,9.479354870701223e-06,2
0.0018243291468315627,0.5921799235159462,0.3591845750481617,5.260483915558077e-05,0.0009196623714751094,0.04582709035286188,1.1814725568084388e-05,2
0.0018361866392309514,0.6592390148048005,0.28934106778166707,7.095270934401214e-05,0.0008067490681354369,0.048675340312825076,3.0688683996807376e-05,2
0.0013162968231294142,0.4115525943247631,0.5409957198116081,1.4188536920206756e-05,0.0004552720642919708,0.045644536549845405,2.1391889441812278e-05,2
0.0013835748564306604,0.31088658127763,0.633868449005658,0.0005517426097190081,0.0004460665015824199,0.05280828021137227,5.530553760751523e-05,1
0.0014081672186193387,0.2971402614407957,0.6514113221307042,0.00028878293867034025,0.00028477466799512396,0.0493549361137208,0.00011175548949449317,1
0.0012463786285456784,0.29663602513371823,0.6735954673842579,0.00023876587999376635,0.00017622612200390668,0.02800995681749,9.718003399046421e-05,1
0.0021412539844737418,0.602115898808292,0.31734501545478394,5.686453029772453e-05,0.00022770071487324857,0.07810036962560113,1.2896881678302185e-05,1
0.0019491868223407308,0.6148686854914833,0.3345361517300072,2.4514363211632455e-05,0.00023439974905456028,0.048369022629704925,1.803921419756482e-05,2
0.0022716959979108566,0.8185652454964822,0.16072639528982885,2.166277150821575e-05,0.0013346972496414667,0.017071810157035853,8.493037592675888e-06,1
0.002189286985647363,0.7374637523714569,0.24560196076844318,0.0006389852338340435,0.002573072387098335,0.011528963633487708,3.9786200325813705e-06,1
0.2105384406056563,0.002731784304208386,2.7051628166245265e-06,5.637446078668615e-08,3.2323678561927716e-06,1.900673165648441e-06,0.7867218805118361,6
0.21903725442364053,0.0027819076561099295,3.5274260468264968e-06,5.7408831227982634e-08,3.2916760201944385e-06,1.9355471159031716e-06,0.7781720258622354,6
0.22412224893518773,0.0027011580556185167,3.4250365072532986e-06,5.574244227500755e-08,3.196129526048929e-06,1.8793645693696012e-06,0.7731680367361489,6
0.42681871294453777,0.007045541854924312,5.446099096237957e-06,1.4651405631482426e-07,7.1517690734040184e-06,3.862952650084416e-06,0.5661191378656618,0
0.527071018040163,0.008740506322461459,6.7562814278293415e-06,1.8035178186640406e-07,8.872288901269123e-06,4.792273292342076e-06,0.4641678744419723,0
0.6208598829926854,0.010246364881263839,7.920287703716267e-06,2.1307608586364076e-07,1.0521898968138258e-05,5.6179103306505366e-06,0.3688694789529625,0
0.9183218961261682,0.07151710587248948,7.939318610785437e-06,1.7627045348723136e-07,1.0199129857940578e-05,5.966479824751756e-06,0.01013671680259515,0
0.9238307640181926,0.06853631691547186,8.08767757529328e-06,1.8865865484750677e-07,1.0758600361626267e-05,6.077973116802613e-06,0.0076078061566271305,0
0.9141445828516098,0.0777367292934724,8.048633034711781e-06,1.953433063693067e-07,1.3046909394260122e-05,6.61206613641121e-06,0.008090784903046001,0
0.9168085465240461,0.07617358136791855,7.303249437354122e-06,1.7725257024140382e-07,1.0620089987281132e-05,5.999722944533853e-06,0.006993771793095974,0
0.9359676007224081,0.059398026032133774,7.182250989874102e-06,1.6205444513285238e-07,1.0259680032453242e-05,5.6978362392677985e-06,0.004611071423751269,0
0.533930747741953,0.0080394161014267,6.928867598258417e-06,1.0807100489656811e-07,5.781526523286642e-06,3.877320518999048e-06,0.4580131403709747,0
0.48999755526445593,0.01244955076116112,5.52445014824853e-06,1.12971732904468e-07,6.552329422221923e-06,4.011881116468302e-06,0.4975366923419631,6
0.4571780279826258,0.007752286989750326,4.166123736337274e-06,1.0318747845166724e-07,6.166554550503764e-06,2.9138764480878025e-06,0.5350563352854104,6
0.6497732990847355,0.1159852549388818,9.660625735842773e-06,2.2244572075942864e-07,1.2149934943086295e-05,7.741566011421976e-06,0.23421167140397156,6
0.8743062782142499,0.04468497318921323,1.4855481157887482e-05,3.037857894451801e-07,1.63722370054141e-05,1.0572366752180447e-05,0.08096664472583218,0
0.9348592341659084,0.02739178647114706,1.543250544816683e-05,3.1558559435816236e-07,1.6102797780186902e-05,1.0983024095211765e-05,0.037706145450026415,0
0.9829013711865302,0.007025534170592212,9.893844671088661e-06,2.0232326251235803e-07,1.032305282192772e-05,7.0412633115096125e-06,0.01004563415881065,0
0.9903891324619789,0.0030175803565547546,8.736557988887633e-06,1.7865743542602597e-07,8.527963082314525e-06,6.344528609722513e-06,0.006569499474350131,0
0.9875309574839373,0.00307818040104928,9.895491152797023e-06,2.0235693208793524e-07,9.65922544550839e-06,7.186151205775991e-06,0.009363918890277318,0
0.9649501385107376,0.0026777304123670083,1.0932172741285534e-05,5.0332864318757835e-08,1.2305620801895437e-05,7.2770591722503455e-06,0.0323415658913154,0
0.978891891929065,0.0039164502685665676,1.6307195831119954e-05,5.179152411741594e-08,1.5596463273253585e-05,7.4879502830719735e-06,0.017152214401457085,0
0.9775499794932339,0.0066670837088160535,1.395151117941345e-05,1.5413261676580278e-07,1.7957085848962102e-05,6.460356632752363e-06,0.015744413711672164,0
0.976661322642757,0.006661022893783748,1.3938828343503088e-05,1.5399250013888427e-07,1.7826571509976173e-05,6.454483746149475e-06,0.016639280587359334,0
0.9831793271337093,0.005590779961329952,1.4031852755994128e-05,1.5502020931934226e-07,2.142369987460383e-05,6.497559429673362e-06,0.011187784772691358,0
0.9817527156886768,0.005484429139853562,1.663921653237907e-05,1.5207133157409254e-07,3.9067427232087934e-05,6.373959361754924e-06,0.012700622497011694,0
0.9919897560693298,0.0036524918595097354,1.75504014857782e-05,2.651194153564001e-08,1.9908493245677453e-05,8.911650879183046e-06,0.004311355013608402,0
0.9850159744921506,0.0015128352598852252,1.6908734952246917e-05,2.107758226784009e-08,1.214468784395566e-05,6.975256310514287e-06,0.013435140491275416,0
0.9029020831192206,0.002402104838000416,1.7168324054726364e-05,0.08268215807802064,2.5110589137787507e-05,6.441374115959197e-06,0.011964933677449734,0
0.9776948297474326,0.0044547255871561515,1.6403876585190575e-05,2.7140102972521667e-09,4.293632044384898e-05,8.896643598979001e-06,0.017782205110772872,0
0.9742091084714964,0.0037794712146513197,1.6392048809922163e-05,2.712053399825801e-09,2.7043474298559183e-05,9.83122971984787e-06,0.021958150848970463,0
0.9624122900793025,0.0038209914463669453,1.657212735166192e-05,3.093593131796034e-09,2.9162409092230617e-05,9.939232906758047e-06,0.033711041611386994,0
0.9665788873268358,0.004230839569983476,1.6567193759755364e-05,5.3422615539655247e-08,2.4260460551496287e-05,9.936273955382306e-06,0.02913945575229826,0
0.9577071409298592,0.0036219620304091997,1.6761135003783375e-05,5.9041667926756856e-08,3.082148934188409e-05,1.0052591381245406e-05,0.03861320278233687,0
0.9087122667801784,0.006097149564145001,1.8317146877410314e-05,1.8603373359612013e-07,2.325245463617627e-05,1.4593201865135585e-05,0.08513423481856411,0
0.9275617066628767,0.017568828419756932,1.6739952372766418e-05,2.2399842198091896e-07,2.098021819860354e-05,1.2987991478929917e-05,0.054818532756893926,0
0.8962137263287333,0.03692073712893642,1.847835772180104e-05,2.472601401910881e-07,2.081291350356277e-05,1.2804907901199682e-05,0.06681319310306359,0
0.8848269949635638,0.03919297338167095,1.7872718854466757e-05,5.8728153192441155e-08,2.1166620284759466e-05,1.2385219634831034e-05,0.07592854836783787,0
0.9183263889815808,0.061144787615172606,2.2782914345709027e-05,2.550701470988909e-07,1.7046205139472445e-05,1.3767424335279988e-05,0.020474971789278762,0
0.5638660839350398,0.43597618098987134,1.9608757095398593e-05,2.086482913316659e-07,2.2137780999805008e-05,1.3737666196527037e-05,0.00010204222250581748,0
0.467710647728785,0.5322399722096046,1.4250634040044275e-05,1.805744260124004e-07,1.8606545408533994e-05,1.1761093694222234e-05,4.581214041590272e-06,0
0.6537520008534966,0.34620109534912935,1.3994758302180268e-05,1.59241341652744e-07,1.626188351205137e-05,7.718403314305065e-06,8.769510903631084e-06,0
0.007658438246721626,0.9837926223595185,0.0020187619541908405,1.1728693812076739e-07,0.004254496228151235,0.0022655776011936664,9.98632328571159e-06,1
0.019811334047914412,0.9677277090979447,0.0010887120054841285,1.557530982014706e-07,0.008677050002630828,0.002681777592403246,1.3261500524376466e-05,1
0.017199811846687535,0.9635659608487482,0.0004768907567026258,1.1727113689926534e-07,0.016780747797768083,0.0019646756585066445,1.1795820450080422e-05,1
0.02334573106264795,0.9463480579137348,0.00045110446257450845,1.2399633523369953e-07,0.02859474358760851,0.0012477666966592754,1.2472280439654063e-05,1
0.03823392502413348,0.8695483951221833,0.0002116706707488503,0.0,0.09115948447624324,0.0008168871055216721,2.9637601169151746e-05,1
0.09539610367180806,0.8487141468661683,0.0004385881309841486,1.9884251667206884e-07,0.05480250290196186,0.0005902939990237319,5.8165587537121897e-05,1
0.0925229639481214,0.9045693865251424,6.225478934590662e-05,2.7981830983124455e-07,0.002730158292134216,3.131401650316312e-05,8.36426104430866e-05,1
0.09659304952369628,0.9031816064195318,3.2305766938030095e-05,2.9946761364560284e-07,0.00016307902118839048,2.0660132455879336e-05,8.99966857570307e-06,1
0.11354467071940526,0.8863836133224353,3.050465371882164e-05,2.9667414533824357e-07,1.526799109978764e-05,1.9454608675900352e-05,6.1920305193711805e-06,1
0.24397517048976267,0.7559460470952903,3.264504297514113e-05,2.950342360926013e-07,1.3255336243494134e-05,1.7095364186252988e-05,1.5491637306012855e-05,1
0.41352372806826765,0.5863977702541621,3.7135466107486235e-05,2.577149939270623e-07,1.5496123200368566e-05,1.6470686540722503e-05,9.14168672765135e-06,1
0.38400618517471635,0.6159239314015156,2.893558031226282e-05,2.4906752692996215e-07,1.5945809981414576e-05,1.591802285550134e-05,8.834943091704554e-06,1
0.3193914902384652,0.6805260231259436,2.6460508325361476e-05,1.920156568316206e-07,1.559803969000838e-05,1.5197067507792361e-05,2.503900441137164e-05,1
0.3044687613986692,0.6954587237567194,3.5879241258837154e-05,1.74821147820484e-07,1.5477611905110052e-05,1.4118566917632636e-05,6.864603382218396e-06,1
0.2705376483507175,0.7293906543315074,3.5229434249609766e-05,1.7402080689495278e-07,1.540675453807189e-05,1.4053931334038164e-05,6.83317684662574e-06,0
0.3106340884059144,0.6892910966392298,3.733081076020033e-05,1.788702927236244e-07,1.583609881667475e-05,1.4445576115243456e-05,7.0235988707146285e-06,0
0.41202881657332846,0.5878723702229922,4.603810984954919e-05,2.237650473197638e-07,1.9261245760522417e-05,1.807127932631699e-05,1.5218803695661547e-05,0
0.47161235285880926,0.528294059565733,4.091664327708709e-05,2.1112937391125563e-07,1.8173592376823125e-05,1.6709821486176398e-05,1.7576388943593528e-05,0
0.4450708677638134,0.5548175429115615,5.0687633569442465e-05,2.4412204930518556e-07,2.1013535597050513e-05,1.9321024778124126e-05,2.032300863118464e-05,0
0.5151932968169589,0.4846827579714125,5.325988171856802e-05,2.577188003471939e-07,2.2582761505549477e-05,2.0397138814247967e-05,2.744771078994277e-05,0
0.5288257596893946,0.47106719213444315,3.38932670127615e-05,2.5047903941936883e-07,2.1948373194840242e-05,1.982414837494794e-05,3.1131908540192526e-05,0
0.7658060959155495,0.23411538147646488,2.6927487122955164e-05,1.9419626858774054e-07,1.368653162162015e-05,1.2394001760479829e-05,2.532039121187088e-05,0
0.4865117512768396,0.513338982823451,3.1194011361324574e-05,2.0513012834318228e-07,1.700939275089799e-05,1.674178165174319e-05,8.411558381713723e-05,0
0.4533349165797014,0.5464787040836803,3.265579802998466e-05,2.1837275261842862e-07,1.679622885861527e-05,1.8329364920775896e-05,0.00011837957205652404,0
0.44797065762563476,0.5518169481706209,3.226938579792856e-05,2.157887734217775e-07,1.789320773116721e-05,1.8112475693181323e-05,0.00014390334574873717,0
0.5855109965664882,0.4142496522290879,5.179782287397491e-05,2.304769373929493e-07,2.2431836769187658e-05,1.8830595802914987e-05,0.00014606047204046514,0
0.7378728313317231,0.2619606076064353,3.2555887461822e-05,2.2389562336545019e-07,1.8236574177383983e-05,1.6304365594083332e-05,9.92403389849584e-05,0
0.7249539442414779,0.27484690568843645,3.198588973811813e-05,2.54259745804576e-07,1.8831261426024186e-05,1.6019558950444323e-05,0.00013205910022521706,0
0.6285385428178357,0.37134373790687264,3.166654753279074e-05,2.1777939268282034e-07,1.6669722109480236e-05,1.5416794873835317e-05,5.374843138292934e-05,0
0.5935158812870904,0.40639091778559355,3.273866535095474e-05,2.2975012678198776e-07,1.758601087501201e-05,1.666426943777133e-05,2.598223152539801e-05,0
0.5218419702214172,0.4780601522977495,3.452687556529005e-05,2.4101909017379994e-07,1.9181319970999537e-05,1.762401315632631e-05,2.630425305048564e-05,0
0.860388474118034,0.13957020069059328,1.638075932180215e-05,1.7132152735758796e-07,8.008001655843807e-06,1.2481801191073183e-05,4.283307676718162e-06,0
0.9446959957343823,0.053890673584937314,1.375182357708227e-05,1.1683675718481053e-07,1.0570299668186425e-05,8.3057164585726e-06,0.0013805860042195508,0
0.9362244413336223,0.061567726096020216,1.5363558355631416e-05,1.3053020401476285e-07,1.3645671184973577e-05,9.419697374043857e-06,0.0021692731132387736,0
0.9079142044216603,0.09101287149787647,1.583219911652019e-05,1.2818227944850316e-07,1.1424013307008682e-05,9.11224937909519e-06,0.0010364274363810434,0
0.8913253738320852,0.10752382939416809,2.2803596234628643e-05,1.3905892490124133e-07,1.197014509731495e-05,9.885450684297203e-06,0.0011059985228054094,0
0.9033612152731125,0.09573311989617957,1.304310984891193e-05,1.2080926687858891e-07,1.0399220723617472e-05,8.848953541558871e-06,0.0008732527373272007,0
0.8883586079665627,0.11129734508793537,1.4468898779002065e-05,1.2358232154174269e-07,1.0515542195178122e-05,9.052072329682236e-06,0.00030988684987649594,0
0.8351942532733575,0.16429787685541855,1.6259528651528553e-05,1.3887651912020417e-07,1.1411745768691593e-05,9.726591945758691e-06,0.0004703331283387596,1
0.6188443973697078,0.3810214779415256,2.4427043944721487e-05,1.4527180992685916e-07,1.1829912338863008e-05,1.3971740478384066e-05,8.375072019472641e-05,1
0.5757645361075316,0.42366843004310195,3.882549174207682e-05,1.840204878808651e-07,1.4268316531157669e-05,1.2626303595819273e-05,0.0005011297170095454,1
0.6030269182781341,0.3963361608142954,2.1495708052775662e-05,1.7669687663985031e-07,1.3246402456557563e-05,1.218255446470563e-05,0.0005898195457197862,1
0.597687092300043,0.40217561508652355,2.4058217624703366e-05,1.9776096239165127e-07,1.5350042883726654e-05,1.363484030472976e-05,8.405175165799122e-05,1
0.7045630691868313,0.29536844714317073,1.563987380253131e-05,1.0855394965192069e-07,1.097769361651173e-05,9.54307692001624e-06,3.221447170933303e-05,1
0.6843626750038344,0.31559527306402285,1.4823621734926965e-05,9.714498027648431e-08,1.0106344075419369e-05,9.045019431469892e-06,7.979801920777278e-06,1
0.6336965813693066,0.35224580677756606,2.5001384811619117e-05,2.3257015747778589e-07,0.013991900649519872,1.3628775595423037e-05,2.684847304299428e-05,0
0.667233532096362,0.3239387072581377,2.7356550757168066e-05,2.5447859650905434e-07,0.008755859353217968,1.4912625606281308e-05,2.9377637322385018e-05,0
0.24701779343860666,0.7513771672663907,2.4656986950637148e-05,2.2176377296367708e-07,0.001535010723332927,1.77373740569284e-05,2.7412446889205807e-05,1
0.3407307846957435,0.6591859879797051,2.939128953151933e-05,2.1730256496061287e-07,2.1398510705117177e-05,1.679154968161709e-05,1.542867206809e-05,1
0.29616891891938296,0.7037394371429951,2.9050553177794063e-05,2.2919857521532195e-07,3.638502753875859e-05,1.6691215603311476e-05,9.287942726695277e-06,1
0.1490600468510066,0.8501779530831481,2.861880761896882e-05,2.6135621911069186e-07,0.000691807672470369,1.7403755090385965e-05,2.390847444670808e-05,1
0.12740019271321687,0.8721217602954174,3.6257314387017405e-05,2.934051788951118e-07,0.0003930595787117379,2.122271503781439e-05,2.721397805034687e-05,1
0.1342162986407352,0.865297121247071,3.5150625263146726e-05,2.9601664510661046e-07,0.0004022656641956413,2.1411608783474307e-05,2.7456197306416484e-05,1
0.13191591893225577,0.8675870446993037,3.6237449911898134e-05,3.0516920452579845e-07,0.000410114996109158,2.2073635817733062e-05,2.8305117397316858e-05,1
0.22450033749042128,0.7702039359077002,0.0004362328757000197,4.001784475251563e-07,0.0021370914082108816,0.002709824376188547,1.217776333154526e-05,0
0.21165368493575834,0.782804462978996,0.0009124262401271292,3.981853440508775e-07,0.002143851441028741,0.0024753915814116007,9.78463733411313e-06,0
0.2973941181754766,0.6938975024170306,0.0005207261751504029,3.02659623512071e-07,0.0027309259071913914,0.005450482598462872,5.942067064456264e-06,0
0.36359579755999244,0.6285543974593466,0.0005420128583649823,3.181619822196267e-07,0.0021961631605329937,0.0051050643774342985,6.2464223465670254e-06,0
0.47502473474389245,0.5206957997526281,0.002126685073193553,2.461592733965973e-07,0.0008394950590463922,0.0013072307408767353,5.808471089298342e-06,0
0.07498950777379486,0.8896889686056979,0.0041624773850425,2.5776143305636195e-07,0.030544327112599613,0.0006098661567333643,4.595204698908933e-06,1
0.14314715714672116,0.20436674477376435,0.0012262264278597571,1.0907148160494631e-07,0.6506432072345126,0.0006146108895840537,1.9444560764775666e-06,4
0.24187239396081167,0.3378075462692013,0.0022941688005386736,1.5121194485866777e-07,0.4171938955476088,0.0008291485007992602,2.6957090954478555e-06,0
0.30777339737375947,0.6716062084189145,0.007028470602599873,2.1889947865048638e-07,0.01035789950015082,0.003227277614666588,6.527590430006437e-06,0
0.24131425879952992,0.738086407947547,0.006211586686194891,2.2351255007102663e-07,0.010969800080353968,0.003410157342429608,7.5656313944995455e-06,0
0.13514023241772521,0.8402511029451871,0.005697577769761329,1.876585226714152e-07,0.01771234284525265,0.0011924271356686185,6.129227882300299e-06,0
0.05721130468430955,0.9198766841358377,0.006333640700157347,1.9532746612128168e-07,0.01520381113123326,0.0013678613865390537,6.502634457206338e-06,1
0.21471133747749302,0.6925962782294087,0.02580112542691373,2.9453184935990167e-07,0.04110870696014891,0.025777055754153646,5.201620032498799e-06,1
0.052352941833244133,0.8595413705016461,0.015739094533489827,2.1821763697412413e-07,0.0675456976363755,0.004753820312060486,6.685696554682657e-05,4
0.03314161753426892,0.8819332869266419,0.013380759177403917,1.9711811786669261e-07,0.06749334437994271,0.003990402315169119,6.039254845579452e-05,1
0.013235726878012437,0.9093029389659297,0.014992394886121755,5.664317868167221e-134,0.059522053692840346,0.002899142092141244,4.77434849545204e-05,1
0.042997251856635624,0.9067120031560576,0.009287558165099966,5.648178160074093e-134,0.038287491630626384,0.0026680877452328407,4.760744634785162e-05,1
0.03901738257202959,0.892320715382171,0.007107639310964496,1.7300788433276133e-07,0.059193211930435335,0.002333327755057705,2.7550041457651906e-05,1
0.04856144786584464,0.8601914794607111,0.021919251758879182,2.0623371787761833e-07,0.06519842347381717,0.004102073211482201,2.711799554781421e-05,1
0.19822731769984653,0.7655874939994347,0.004031513131404703,2.598754344089392e-220,0.027373585796825566,0.004773059033844913,7.030338643500648e-06,1
0.016085203254881393,0.9601620510269071,0.003361331501668986,1.1128624287739676e-50,0.019645987616440538,0.0006902931142777476,5.51334858240969e-05,1
0.01764910011586228,0.9460303732399687,5.543210874979296e-05,1.2872458683142538e-07,0.03624873351553142,1.1378437791647029e-05,4.853857509182456e-06,1
0.03739844326873558,0.9282419033515401,6.013446356476834e-05,1.182067569123557e-07,0.03428178768757016,1.2347407297392665e-05,5.26561453492602e-06,1
0.03012458790048641,0.946874149510444,3.714401660849907e-05,1.6941214026167607e-07,0.022945855443936927,1.3793437326432004e-05,4.300279057404542e-06,1
0.05566576354075283,0.927222837719053,0.0035975531380718455,1.9566041754319312e-07,0.011793468894502987,0.001716660854420124,3.5201927816398167e-06,1
0.047314516279922794,0.6674063339642172,0.04332939263166491,2.641683288409363e-07,0.23592508400479392,0.006020300808702987,4.108142369534066e-06,2
0.01623612651231131,0.1581065033103415,0.7823293746941373,1.3245144415203267e-07,0.03649922586099178,0.006826577387937879,2.059782836248236e-06,2
0.004859664615519531,0.03827249036276889,0.9492462608583416,4.3999903832896155e-08,0.005201494199280857,0.0024192830149542513,7.629492308633817e-07,2
0.0035815098338349677,0.02251001923278183,0.968675434924022,3.039878701369974e-08,0.0022649838654585073,0.002967452001518286,5.697435972381855e-07,2
0.001007999792244494,0.3118711185640797,0.4790449458320174,0.00019449820204797057,0.00017522360853463985,0.20767538671324184,3.082728783390229e-05,1
0.001100692275625173,0.3817810238337702,0.34900869915441585,0.00017822334929042702,0.00013602759524178196,0.26776167172361026,3.366206804635926e-05,1
0.0010142181521618754,0.4752736345388118,0.26795507125032875,0.00015857638438782038,0.00016388224118732008,0.25540342088972096,3.119654340146943e-05,1
0.0015717089678099674,0.7201661595017088,0.20892796750824785,0.0001620801040134882,0.00036018292086200944,0.06880549052402894,6.41047332905495e-06,1
0.0007651934476228429,0.31022667178009605,0.5916126965225955,0.07821980912275824,0.0004931204741113792,0.018680714812395954,1.7938404200674238e-06,2
0.0007453088008407776,0.2811225781356354,0.6847465235223539,1.06211742457252e-05,0.0003360966671056939,0.03303723774345088,1.6339563676344302e-06,2
0.0012264987205791644,0.4023601348972357,0.5556147091506141,4.09777959579209e-05,0.0005870232682583682,0.040167979869847104,2.676297507585185e-06,2
0.0019654700659123684,0.6371265470556681,0.24985704866767586,4.572966351142908e-05,0.0007121893873213733,0.11027295830908292,2.0056850828111916e-05,2
0.00060391217998769,0.2028928239375945,0.5474772077536287,0.1356055497331147,9.962278015690108e-05,0.11327981225144379,4.107136407373311e-05,1
0.0032426324472163413,0.7276600044776671,0.19451273864850646,6.031455718090058e-05,0.00021871697999657286,0.07428738475482384,1.8208134608657743e-05,1
0.12327478908809358,0.0009608170459999119,9.127707335085669e-07,2.3961349573566773e-08,1.2572405400715754e-06,1.0383836205015366e-06,0.8757611615096629,6
0.31194829462885454,0.005669408516455661,3.428739097487145e-06,8.453140962369052e-08,4.843887639908366e-06,2.7126048891710904e-06,0.6823712270916537,0
0.39707787163077235,0.006832058337192234,4.867946139064869e-06,1.3096025653465607e-07,6.583210743421968e-06,3.452865088583985e-06,0.5960750350498077,0
0.51489381853589,0.008152028228154935,5.970949415385323e-06,1.606338782015633e-07,7.981971252665078e-06,4.235232312172919e-06,0.47693580444909656,0
0.48882123928123455,0.007841184225142333,5.743271864950221e-06,1.5331056375485275e-07,7.677611671629687e-06,4.073739180800127e-06,0.503319928560342,0
0.4711592687599416,0.00795367033883625,5.825662268418154e-06,1.2876882122087252e-07,7.787751246800426e-06,4.1321792168321235e-06,0.520869186539669,0
0.6019832533327649,0.010049133649519556,7.181070025630884e-06,1.9318923132756912e-07,9.980092081554788e-06,5.0935785404850326e-06,0.38794516508783633,0
0.6016092808843196,0.01010085491030907,6.3373191539631745e-06,1.886846368380937e-07,9.823567211851578e-06,5.013692331935313e-06,0.3882685009420366,0
0.9164956552917811,0.06876229966298639,7.803655708838783e-06,1.7325843666061798e-07,1.0024852489605806e-05,5.864527754667003e-06,0.014718178750842569,0
0.9283769434702418,0.06694092174578357,7.2967610156581724e-06,1.6463815582699943e-07,1.0610654786843644e-05,5.78867953833822e-06,0.004658274050478026,0
0.48776587386351744,0.011690313962091563,8.255513205549766e-06,1.1115009498660179e-07,5.696702003957626e-06,3.987790660341403e-06,0.5005257610184263,6
0.4384115345092199,0.008526321460861491,3.85808909275189e-06,9.555800795128349e-08,6.3658459136289754e-06,2.698430400408074e-06,0.5530491261065038,6
0.4867063079455604,0.008808382945201825,4.435205933024711e-06,1.0985216609169954e-07,6.340510840247281e-06,3.1020783175350562e-06,0.5044713214619808,6
0.8997221723063835,0.03969804320555588,1.4979242893018815e-05,3.0631664361344207e-07,1.9500075909436197e-05,1.066044565314556e-05,0.06053433840696126,0
0.8878612730000719,0.03817062902461608,2.0409969904068613e-05,4.1737179388281456e-07,2.2394128660561063e-05,1.4525392004028744e-05,0.07391035111294965,0
0.9100154745047125,0.04000775648406051,1.729900817619583e-05,3.5375446944941547e-07,1.8050369811608956e-05,1.2311379008454715e-05,0.04992875449976115,0
0.9869863529216506,0.0035806609557982867,1.4086186308196047e-05,1.556204720773595e-07,1.3023173862376175e-05,6.522719007000484e-06,0.00939919842290157,0
0.9806329351695375,0.005050039157573156,1.3995510863814123e-05,1.5461871367719345e-07,1.7899063614533965e-05,6.480731031575648e-06,0.01427849574866568,0
0.9831520367822726,0.004790874808571096,1.5245500191082905e-05,1.393336945919036e-07,3.581938516706702e-05,5.8400705633281036e-06,0.012000044119540068,0
0.980924477201552,0.004878723457939662,1.928726306631564e-05,5.70304666431424e-08,4.094437522684624e-05,9.712666180610938e-06,0.014126798005568287,0
0.991492892681329,0.0013854321243694514,1.4665026167572564e-05,1.930253766039335e-08,1.0191012269688295e-05,5.80972202802346e-06,0.007090990131298595,0
0.9798255030363275,0.0036453206250433435,1.5810220589029996e-05,2.5245027913629365e-08,4.2875650660059704e-05,8.574323727823155e-06,0.016461890898624282,0
0.9625189555537286,0.0038214149320908975,1.6573964063271317e-05,3.093935998966877e-09,4.189408093826095e-05,8.98889055446388e-06,0.03359216948468845,0
0.9516291463005857,0.0034942809170981108,1.6168477163693542e-05,5.8825448632286024e-08,2.8291267543828733e-05,9.697141282312979e-06,0.044822357070877616,0
0.954893250252835,0.006361548712121007,2.147808107595464e-05,2.0713357276642634e-07,2.06081010740896e-05,1.2862752957625659e-05,0.038690044966363274,0
0.8964849269591363,0.03683863482120304,1.812031137044544e-05,2.424690980235992e-07,2.1131733177253686e-05,1.274894732299962e-05,0.06662419475869201,0
0.9064716236752194,0.03215352636788712,1.7269780874090934e-05,2.3108809258298618e-07,2.0139852676933192e-05,1.2150537711103324e-05,0.06132505869753874,0
0.9168940425522104,0.05836261470291358,2.0185407940996698e-05,2.5687499209260987e-07,1.994402311937628e-05,1.386484093683274e-05,0.024689091597887108,0
0.5280142645740163,0.46421385877135757,1.6113831637628252e-05,2.0029960468318306e-07,1.3378844364093145e-05,1.092649367977096e-05,0.007731257185339831,0
0.4720226573370552,0.5279221925616665,1.574409183830248e-05,2.0095102610202522e-07,2.1155853840205526e-05,1.2803743338377645e-05,5.245461235460422e-06,0
0.4865987718133854,0.5133489887463784,1.4998139717143656e-05,1.9143000413966795e-07,1.9725113590204532e-05,1.2468134410225815e-05,4.856622514674954e-06,0
0.6133402172517514,0.3866113119611938,1.3412769738101252e-05,1.711950025078262e-07,1.7620802541819398e-05,1.107473635105783e-05,6.191283421353221e-06,0
0.7719658724201213,0.22799436303689857,6.467260737285608e-06,1.4813553437765986e-07,1.4259160182282167e-05,7.708185757274112e-06,1.118180076884256e-05,0
0.4285967129406432,0.5713539944957408,1.4778230438845809e-05,1.9504622033857536e-07,1.9092256650676005e-05,1.1009686967703603e-05,4.217343338510072e-06,0
0.5623043113550574,0.43405378101373576,1.891389676399922e-05,2.3785953291178743e-07,0.0036004869564593743,1.1963187009791283e-05,1.0305731440767423e-05,0
0.44037852738171224,0.550891672928536,3.489813825197037e-05,2.7953666131078527e-07,0.00863003993135882,4.673935610530335e-05,1.784272737444482e-05,0
0.45642505970881464,0.5318210525983026,2.4212062810240517e-05,2.766781920292559e-07,0.011648570058480865,6.316862112033137e-05,1.766027227943369e-05,0
0.0692098829584095,0.766882829611129,0.02178853130098136,4.255506129038198e-07,0.017462315064974743,0.12464915841633173,6.857097560791743e-06,1
0.010166153606142139,0.9767019296350533,0.0023826742216167536,1.556919296751171e-07,0.008106785461578525,0.002629045091311087,1.3256292368303304e-05,1
0.038018543068574155,0.8470234496862104,0.0003025787038294269,1.2950891422198436e-07,0.11330965039135989,0.0013301738093592249,1.547483175272533e-05,1
0.13381320183818166,0.8598304513072701,4.377290208496991e-05,1.4079234689361893e-07,0.005852520362014365,2.6884437051165666e-05,0.0004330283610509553,1
0.10884057200571964,0.8910676638727464,3.3323585766352584e-05,3.0890257849958655e-07,2.753737658499111e-05,2.13110463267547e-05,9.283210277176492e-06,1
0.1107600111728714,0.8891582703865181,3.3252179474575026e-05,3.082406573064161e-07,1.811062331749892e-05,2.1265380689126057e-05,8.782016471728439e-06,1
0.09764662637148455,0.9022795000922562,3.0728570988984394e-05,2.8484734141933923e-07,1.4885384474661564e-05,1.9138512386489017e-05,8.836221067685132e-06,1
0.06133286476944829,0.9386168603500511,2.1588006540424852e-05,2.001162459454339e-07,8.833428277259424e-06,1.3445543260753576e-05,6.207786176266025e-06,1
0.07474625934522737,0.9252025851418976,2.237144043113701e-05,2.073785120959544e-07,9.954319464460302e-06,1.2189306254676461e-05,6.43306821273726e-06,1
0.08037931990570714,0.919566788121168,2.343098774323871e-05,2.1369083336874087e-07,1.1058080202591777e-05,1.2560332241864093e-05,6.628882103569683e-06,1
0.08627775217026012,0.9136671235863405,2.3869470544777968e-05,2.3606755818970426e-07,1.2216031687176777e-05,1.3875592675853214e-05,4.927080933451506e-06,1
0.29999917278204025,0.6999266118941032,3.088661715608592e-05,2.791422117308776e-07,1.2541337321557733e-05,1.5851047179543185e-05,1.4657179987666707e-05,1
0.31893081852184535,0.6809906415149285,3.370162084995874e-05,2.412177092729284e-07,1.450415935854274e-05,1.5837753762002844e-05,1.4255211546385528e-05,1
0.3484281621887762,0.6514999793279882,2.7252268298349845e-05,2.372300328260837e-07,1.5187949516972578e-05,1.5161483036681902e-05,1.4019552350799714e-05,1
0.27127224435613434,0.7286596826344557,3.119471940660749e-05,1.8066211344208901e-07,1.4675755417286602e-05,1.4927915188628819e-05,7.093957283970967e-06,0
0.27902409581877885,0.7209072591396496,3.3729657588926435e-05,1.6661244652205747e-07,1.4750862913206154e-05,1.3455631683345646e-05,6.542276939454948e-06,1
0.46779308663680524,0.5321153744091964,4.075173613571271e-05,2.0226905636155653e-07,1.7410914041286888e-05,1.6335261741557056e-05,1.683877302340083e-05,0
0.46781388401587376,0.5320889788886313,4.121056170639517e-05,2.1264598937603268e-07,1.8304139589362245e-05,1.6829853925102925e-05,2.057989428449354e-05,0
0.5059398152731239,0.49393884975434393,4.431220575021106e-05,2.474457024846094e-07,2.168257526131205e-05,1.95840751073193e-05,3.550867071081184e-05,0
0.7701688458229388,0.22974878921068012,2.8075745294301122e-05,2.0293266205160186e-07,1.4302253675764718e-05,1.3324543893743813e-05,2.645949085520854e-05,0
0.7546742335453928,0.24525259430258817,2.5296985965715803e-05,1.8243738298441406e-07,1.1926701108470846e-05,1.197882535447865e-05,2.3787202207483082e-05,0
0.5095356216322642,0.49031522134627226,3.124322347121817e-05,2.054537445110929e-07,1.563136167860586e-05,1.4838629027546038e-05,8.723835354170517e-05,0
0.4838621646043489,0.5159765184014787,4.008551562795039e-05,2.0618408689636818e-07,1.709678700701777e-05,1.6380040956730878e-05,8.754846649372146e-05,0
0.4881021470939941,0.5117135874095813,3.909350090084847e-05,2.044806207448665e-07,1.6955535572902358e-05,1.716331305952105e-05,0.00011084866627077035,0
0.6101364150213512,0.38934933387030013,4.121024381608616e-05,2.4804663586430826e-07,2.414185865967043e-05,1.758244468782543e-05,0.00043106851454928426,0
0.738827633827061,0.26061710712029657,3.2388920179865826e-05,2.2274734431088437e-07,1.90685401659103e-05,1.622074644499836e-05,0.0004873580985074678,0
0.5591782334455557,0.44069890951461416,3.242462958640751e-05,2.3236910249156295e-07,1.7786477947457567e-05,1.685422936287184e-05,5.5559333830931744e-05,0
0.6003812611847392,0.399526216342739,3.21856481612586e-05,2.2586921813518484e-07,1.8184833212920193e-05,1.6382778810281626e-05,2.5543343119099823e-05,0
0.46290003180780426,0.5370074506824266,3.466182547532174e-05,2.3920282198088743e-07,1.4019249261684355e-05,1.7491202371486714e-05,2.6106029838708233e-05,0
0.4528714014649164,0.5470594864346837,3.2992302705721734e-05,2.2658558696723372e-07,1.3434328575671087e-05,1.643473857805756e-05,6.024144953323043e-06,0
0.38345708754655394,0.616484787558885,2.6309032419122723e-05,1.8145150172390932e-07,1.3963579545707028e-05,1.2100976711495047e-05,5.5698543830313724e-06,0
0.5896057806313677,0.4103234268415961,3.602402225703911e-05,2.1652744923014987e-07,1.2205510502807845e-05,1.4981579319795373e-05,7.364887507291193e-06,1
0.9387445193852145,0.05844604348409921,1.505248065683671e-05,9.995172244434883e-08,1.3771962896185773e-05,1.1128493310208218e-05,0.002769384242100907,0
0.9424876994204887,0.05543605131308875,1.5039372801475137e-05,1.2777589374736653e-07,1.3357734668410438e-05,9.359240203302655e-06,0.0020383651428556677,0
0.925827624116445,0.07256031719945356,1.573055656365238e-05,1.336482545247523e-07,1.195214546111267e-05,9.360416319910797e-06,0.0015748819175023332,0
0.9152778140782628,0.08342762848770495,1.8911178755789412e-05,1.7820067931533083e-07,1.1674920824366138e-05,9.983965206341462e-06,0.0012538091685663144,0
0.9347691305761107,0.06366321989015902,1.3576611459836516e-05,1.2575072173413642e-07,1.2950223878219689e-05,9.210901805746211e-06,0.0015317860458647495,0
0.9217743057019335,0.07734022752145993,1.4965787218756614e-05,1.27826364427801e-07,1.1003250100989221e-05,9.086948015752632e-06,0.0008502829649066927,0
0.9113092905936775,0.08771882933362415,1.4795878827535001e-05,1.2637513626197385e-07,1.2570086443279364e-05,9.256638488786104e-06,0.0009351310938025701,0
0.5781547622582325,0.4209004808495394,2.425013825199115e-05,1.410901388396197e-07,1.3940790795374698e-05,1.3464330914389203e-05,0.0008929605421275639,1
0.5645166252914433,0.4349934564713135,3.8616689009927086e-05,1.4434847154230128e-07,1.398957627924294e-05,1.2471766113700953e-05,0.000424695857368933,1
0.5645426170736961,0.43501348467720763,3.7551215016295675e-05,1.4698840162487115e-07,1.3990220394941519e-05,1.310436326511557e-05,0.0003791054620182303,1
0.6220586006820258,0.3768133538652473,2.6309529036396777e-05,2.0079958721400632e-07,1.576729046356477e-05,1.386365296935101e-05,0.0010719041806704814,1
0.70872793216535,0.29118829671307633,1.7297755915218557e-05,1.2006105345990304e-07,1.1793141793406718e-05,1.055467693197623e-05,4.400548587979489e-05,1
0.6625761793267073,0.3373681690005844,1.777766189953255e-05,1.631836586127491e-07,9.444942765439829e-06,1.084750408521984e-05,1.74183802994353e-05,1
0.5837861495948024,0.4161423762096188,2.1392615054618138e-05,1.7729445434678114e-07,1.5061803342173249e-05,1.1785508023064246e-05,2.305697470482063e-05,1
0.27057757316192127,0.7293331444861538,2.291090048191231e-05,2.0319271783382714e-07,3.52922084858735e-05,1.7102696612915745e-05,1.3773353626451662e-05,1
0.2262490337676556,0.7736054889586675,2.4153739930356356e-05,2.1723759309532488e-07,7.638391514404598e-05,1.7869419844899587e-05,2.685296116440025e-05,1
0.17955201830339396,0.8203556446771284,3.0715311206544096e-05,1.863286979233596e-07,2.034838593217492e-05,1.563971080869206e-05,2.544728283239379e-05,1
0.23486968753744003,0.7631597349340427,0.00034832698936654706,3.965184592048275e-07,0.0010583697763525567,0.0005513033570819334,1.2180887256972208e-05,0
0.24217169837416735,0.7536787756796294,0.00037961244665778534,4.032331726306564e-07,0.0022261726874908045,0.0015309504183348836,1.2387160547166372e-05,0
0.35317622897364875,0.6367299766682034,0.0005545179798286669,3.2230030103085053e-07,0.0029081455655271143,0.006624480843205709,6.327669285372565e-06,0
0.4438499312986688,0.5517826083148551,0.0004648085383551621,4.384396302533643e-07,0.0015378925632614615,0.00235907148645376,5.249358775560327e-06,0
0.38172817732694014,0.6137203120795909,0.0021916481410813667,0.0,0.001007028794812748,0.0013455901230478922,7.243534526877266e-06,0
0.22697353818096255,0.769318330933705,0.0016624769221436043,3.158316255881954e-07,0.0016000329743481843,0.0004375396540059711,7.765503208978897e-06,1
0.1367406834307951,0.858427392646731,0.0018163322376156415,3.1304365361983395e-07,0.0021660286554790794,0.0008412715617875792,7.97842393809649e-06,1
0.14561840413456723,0.8417680849676499,0.0027797026193000117,3.2040509064456986e-07,0.008837853801293502,0.0009860732457121304,9.56082638630743e-06,1
0.17361070541184132,0.7776410039339934,0.0025931656129500845,3.295249439176514e-07,0.04517951551504411,0.0009651377169042811,1.0142284322652731e-05,1
0.16453089872244211,0.8181151461478213,0.0021125223502747466,3.114019909287273e-07,0.014495241241342882,0.0007362956491599689,9.58448696808988e-06,1
0.05974117397244376,0.903477070625208,0.004334511851883846,2.3250228505163918e-07,0.03178380366184661,0.0006590624854446558,4.1449008880344875e-06,1
0.2776519605956226,0.7018828094583728,0.006451403783867587,2.2876766048050346e-07,0.010824842757734975,0.0031843714139243116,4.383222817267751e-06,0
0.03767239357689503,0.9327190822275169,0.006424780788226397,2.0360006803777016e-07,0.021615531793725808,0.0015636529480682647,4.355065499465219e-06,1
0.043272388945047716,0.9125104406760369,0.00972229829092609,2.295430586264736e-07,0.01036144772165859,0.02412137361916569,1.1821204106496028e-05,1
0.0845827439476424,0.8516812576806205,0.015412602745243446,2.2231506730297365e-07,0.014174047402955796,0.0341433667061459,5.759202324599181e-06,1
0.15070202158697193,0.705857563777071,0.04018951872649491,3.202753461449378e-07,0.07345692961942235,0.029786918057174958,6.727957518658691e-06,1
0.15425756575344565,0.7774859593740902,0.027372768716808927,2.3490266904637771e-07,0.0350013695729895,0.005815195116027059,6.690656396962381e-05,0
0.04719977415228345,0.8632821553766372,0.03601510175630437,2.58392843934533e-07,0.04654862785633429,0.00687491672214907,7.916574344779515e-05,1
0.012731728328419444,0.9149864021139957,0.014548348621888526,5.699721846844855e-134,0.05440115570905559,0.0032843233281151457,4.804189852569817e-05,1
0.08818953137207002,0.8597077690217837,0.003289408655596987,1.801994535076549e-07,0.045364049466302826,0.0033938522337660813,5.520905102710301e-05,1
0.02848004310426432,0.9373301720745912,0.003545604695709324,6.011803341411027e-134,0.02948265104324266,0.0011108567066195462,5.067237557292386e-05,1
0.01856518002474844,0.9408760202708718,5.4443443904616814e-05,1.2642870676154572e-07,0.04048828704917167,1.1175496541686607e-05,4.7672860546400415e-06,1
0.03559101864116994,0.9398917531935976,0.0011390028154674068,2.0147954564810773e-07,0.022971922621438625,0.0004009869856037734,5.11426317681637e-06,1
0.062100771063346626,0.9215389872582724,0.003646325949812255,1.9831302845500808e-07,0.011233747991392987,0.0014764015073447604,3.5679168021725274e-06,1
0.06707612971429402,0.8777188369240331,0.0051888584188520825,2.2380649241339787e-07,0.04759049761289509,0.0024207520670412722,4.7014563920756206e-06,1
0.08713852151460279,0.8379352646999012,0.013669654433193358,3.572394464077051e-07,0.05622633207051217,0.0050238650956743935,6.004946669539924e-06,1
0.031463987376827464,0.3340793741956817,0.01655082058599453,1.5422320096940777e-07,0.6149351032770316,0.0029681619808354176,2.398360428168826e-06,4
0.04599947666858386,0.44444720083139083,0.021982273059505564,2.0504729251241568e-07,0.4818635840674487,0.005704071588226884,3.1887375516378137e-06,4
0.06549648217320184,0.5914573825012192,0.025114080355179858,2.683065549984007e-07,0.30566288025911137,0.012264733907857555,4.172496875188792e-06,4
0.020157031865544163,0.12395472906092729,0.3146813690225877,1.2948346195294206e-07,0.5347694294697916,0.006435297470624302,2.0136270632318246e-06,4
0.006148486343374634,0.04521288626737449,0.9396809763703107,5.9017320353804273e-08,0.006422261637498234,0.0025344125722145763,9.177919069466344e-07,2
0.00469879994714056,0.03469058339220725,0.9528538771084861,4.796955836084579e-08,0.00508584284450066,0.0026701027524850167,7.459856221776201e-07,2
0.001809582194294247,0.05026996880199346,0.9286820241780277,5.456998631054472e-08,0.003871299932902693,0.015366194941252291,8.75381543398088e-07,2
0.0009645839814604048,0.27492870113567386,0.4938974316953973,0.00018101988637312579,0.00017060900137920836,0.2298281547816952,2.9499518020970927e-05,1
0.0010636636434665089,0.39020254519430103,0.3115229267010485,0.0001996137978447615,0.00017338903098816232,0.296805331997377,3.252963497401795e-05,1
0.0012097026787601256,0.4898393159004746,0.3169661404041212,0.00013403423724688397,0.0003436426653347768,0.19148010368497187,2.7060429090649553e-05,1
0.0015173803329949149,0.6473960646595412,0.30404098639260196,9.345005697552388e-05,0.0004715588080103576,0.0464730608341626,7.498915713399538e-06,1
0.0014790475920039726,0.5609757183522501,0.40818682076225565,5.142197650488496e-05,0.0007820601014882504,0.028519616626476212,5.3145890208611685e-06,1
0.0016523172929613704,0.5216627930077816,0.3690811733862848,1.1474894930046458e-05,0.0010212941014726908,0.10656524939836116,5.6979182082600434e-06,2
0.0012387105870986428,0.5768728596141808,0.41028114653584097,1.508349842266208e-05,0.0011507323538270855,0.010435249882134038,6.217528495739466e-06,2
0.0013836683738919497,0.6613684533532068,0.3237144062073893,4.2397878921739684e-05,0.0016557102694730122,0.011828398969931077,6.96494718610357e-06,2
0.0007723676173326839,0.2676827506149677,0.6826530840452926,0.002953349721010809,0.0002578703788454935,0.04562402925230309,5.654837024762111e-05,1
0.003049959597912505,0.7162836118257802,0.15268803472988857,5.2349431174199314e-05,0.0002797461392556967,0.1276195651628911,2.6733113097996693e-05,1
0.0020532602100876117,0.734030348717089,0.23889191852902225,2.4236259020054984e-05,0.0013300340937630708,0.023664164369300026,6.0378217179853135e-06,2
0.002506384770156182,0.746346593321598,0.20931858756799637,1.6587308363555836e-05,0.0009476295364508845,0.04085829235217601,5.9251432589558574e-06,1
0.0024458442705414018,0.818574129370675,0.11856235280249719,2.3912015675275908e-05,0.002501540514801001,0.05788772191775164,4.4991080585650845e-06,1
0.11503425534688308,0.0009822535599192175,8.375374345536555e-07,2.5222586986449002e-08,9.662929897662722e-07,9.527969310041763e-07,0.8839807092432554,6
0.6100465233758062,0.03276364780967001,9.17847053403179e-06,1.714908901393383e-07,9.715319787707475e-06,5.781840366941179e-06,0.357164981692945,6
0.22161107331771182,0.003892906713626061,2.3543481499238433e-06,6.243532738883059e-08,3.326061732668766e-06,1.7881390053359875e-06,0.7744884889844469,6
0.38399766287180165,0.006997997986634779,4.5807156453183115e-06,1.3152916900060694e-07,6.123505334570705e-06,3.119217581367899e-06,0.6089903841738333,0
0.39781250677582713,0.006381312639527715,4.673989577560969e-06,1.3420740614676891e-07,6.248194022079196e-06,3.1827320432690637e-06,0.5957919414615961,6
0.6701230263810146,0.011675936170453056,8.04697729468158e-06,2.3286411397305067e-07,1.1178436295524948e-05,5.479552759423666e-06,0.31817609961806875,0
0.9105868492961714,0.0744579011687636,8.298387035548619e-06,1.8424256761551048e-07,1.0660401872779591e-05,6.2363234495112595e-06,0.014929870180139696,0
0.9200436970522496,0.06133664802942055,7.833866104468497e-06,1.7392917433959765e-07,9.683931037168048e-06,5.8872311785827014e-06,0.018596075960835252,0
0.9239259926527622,0.06201686360372253,8.049338195122735e-06,2.0698082510637264e-07,9.97025485248364e-06,6.061298350914574e-06,0.014032855871291985,0
0.9190316679905571,0.062091190299063216,8.02276381940045e-06,1.781231218943064e-07,9.917439297340665e-06,6.0291897597072975e-06,0.01885299419438122,0
0.9152337704417183,0.07133868569010268,8.01241518431057e-06,1.7789335927994438e-07,1.0658482870627738e-05,6.0214126536980235e-06,0.013402673664111273,0
0.9218040591978736,0.07358065553405124,7.3339405081430395e-06,1.8777017895924173e-07,1.0664719701270801e-05,5.6865825054166575e-06,0.00459141225518133,0
0.9224883860942353,0.07240533023351291,7.250478741844801e-06,1.635938804023607e-07,1.035714180391456e-05,5.751962801852495e-06,0.005082760495023804,0
0.4966705250922708,0.016395118384061907,6.236652894394674e-06,1.3156442472275368e-07,6.733303692024076e-06,4.672149550813483e-06,0.4869165828531054,6
0.5361379589764954,0.01064295030570184,4.8158459281196115e-06,1.1927994207183138e-07,7.663595413596527e-06,3.368306107946871e-06,0.4532031236904111,6
0.6438687728153294,0.011651351245045804,5.8187730724197995e-06,1.4412066444126647e-07,7.830812929761318e-06,4.069774900012457e-06,0.34446201245805796,6
0.8951938840071121,0.02762652907287944,1.647623223665007e-05,3.369291888896741e-07,1.8077972005008843e-05,1.172582483519732e-05,0.0771329699617427,0
0.9869424240425776,0.004162052221662346,1.6469064626170634e-05,1.8194588341529878e-07,1.5129315949316814e-05,8.51075993366347e-06,0.008855232649367432,0
0.9887911072151271,0.0035872083748323303,1.4111943609847861e-05,1.5590503195430517e-07,1.3046987392191698e-05,6.5346461274699595e-06,0.0075878349278791805,0
0.9803921461653173,0.004995555310481295,1.8431567693096515e-05,5.945770912794241e-08,4.422725236776263e-05,1.0126041651335668e-05,0.01453945420477989,0
0.9908683750554195,0.0014406730318244987,1.3914618328092381e-05,1.3668342636859405e-07,1.126463761630342e-05,6.105406127423009e-06,0.0076595305672576275,0
0.9858856305160415,0.0025719362453787086,1.8619920436954173e-05,1.5639747655469046e-07,2.7200336861405548e-05,6.98599776900168e-06,0.011489470586035612,0
0.955980690197046,0.002230197207873713,1.1920065705406308e-05,2.1475165038153254e-08,2.0678286332220355e-05,6.463644396021632e-06,0.041750029123481906,0
0.9424956955868699,0.0028686283715797893,1.4371449276757334e-05,2.2947664525489506e-08,2.4930814183262903e-05,7.792904827554e-06,0.054588557925598226,0
0.9671954739775198,0.0031879625992834648,1.5971271582512623e-05,2.5502186680206498e-08,4.206511504818827e-05,8.661666174883365e-06,0.02954983986820441,0
0.9736355731600508,0.003161394231123083,9.520221605440214e-06,1.4972479710107695e-07,2.3951756218725126e-05,9.476887277112555e-06,0.02315993401892762,0
0.9558057635591558,0.0074261124044054955,2.1954263225586354e-05,2.1133020697708539e-07,2.062779454919075e-05,1.0922002672087759e-05,0.036714408645784624,0
0.9257476719781939,0.0058177247265564416,1.9974275637935964e-05,2.1511230989713935e-07,2.3867441291811612e-05,1.5361127277413473e-05,0.06837518533873271,0
0.907430606951172,0.006569711291191707,1.793294049995386e-05,2.3996187587740084e-07,2.122830390196557e-05,1.3913592656600086e-05,0.08594636695870193,0
0.9338616602436134,0.008544209378469754,1.873736548206595e-05,2.5072594034918993e-07,2.2180550299406783e-05,1.4537720167865133e-05,0.057538424016027004,0
0.9332821484769566,0.01627412204122003,1.8582845542977454e-05,2.4865829871260323e-07,2.2007621706656898e-05,1.4417833109197566e-05,0.05038847252316583,0
0.8936673094306502,0.02771607937306181,1.8425855064266022e-05,2.4655759862013466e-07,2.1165401356529264e-05,1.4296029238172559e-05,0.07856247735303042,0
0.8864666883260779,0.0259302420022154,1.9630315799492913e-05,2.3716318745174888e-07,2.127134059031937e-05,1.2282015089563785e-05,0.0875496488370398,0
0.9184432536870702,0.030164263107795432,1.6117014385949604e-05,1.3361850514827969e-07,1.4782387073785535e-05,1.1339483257756375e-05,0.05135011070191183,0
0.9205035138215255,0.05886293736417692,1.835448074999375e-05,2.0784652773815083e-07,2.424658026342041e-05,1.306051122562589e-05,0.020577679395530842,0
0.5915655698111083,0.40494408326716236,1.8547996557765902e-05,2.016543244027812e-07,1.292504618357597e-05,1.0618741203811353e-05,0.0034480534834598706,0
0.5329686723157568,0.4669170640235816,1.6301139926338554e-05,2.080609557206198e-07,2.0333089583016806e-05,1.0788474139970225e-05,6.663289605661982e-05,0
0.5503701412782339,0.4495845721229169,1.3837067066706458e-05,1.7661055676343177e-07,1.5409951373011988e-05,1.1252872321731166e-05,4.610097530954221e-06,0
0.5371597148619709,0.46279190674818627,1.4614171913134388e-05,1.8652919912669818e-07,1.6960554787742426e-05,1.1884845960024235e-05,4.7322879827242905e-06,0
0.5585445918109964,0.4414104192303451,1.3158009877641462e-05,1.679433538325779e-07,1.7814037196420036e-05,9.588207348059399e-06,4.260760882699603e-06,0
0.5614908790349766,0.43846350008518276,1.3342829117789772e-05,1.7030230958135256e-07,1.806425564504809e-05,9.722884644469091e-06,4.320608123742663e-06,0
0.6453902197975526,0.35455596332729933,1.1396672101928955e-05,2.024700956061611e-07,2.8751749983887703e-05,8.341030934197885e-06,5.1249520323826926e-06,0
0.4777813254443804,0.5087100042224969,2.307931417496564e-05,2.646547434476737e-07,0.013408869093502276,6.04235378796203e-05,1.60337328224466e-05,0
0.04376481690714727,0.4821847636970202,0.015813630000678147,2.673916584223561e-07,0.013724923455792926,0.4445072876812345,4.310866468478961e-06,1
0.07200134892610431,0.6562532694649353,0.03534407831281168,3.6391993957233956e-07,0.024504096215327766,0.21189097607335147,5.867087529840921e-06,1
0.03895912427409476,0.885599044867892,0.02344221529410241,3.1925073748442124e-07,0.014140495745534783,0.03783798518089139,2.0815386747074405e-05,1
0.008838337817035578,0.9792884611543042,0.002866325488595091,1.9102182716734638e-07,0.00547410857898096,0.003517455551443172,1.5120387813531955e-05,1
0.024298865161181578,0.963697659842523,0.0010326587109829072,1.6982625486822343e-07,0.007159860917399792,0.00379392685589285,1.685868576505249e-05,1
0.019206725037417802,0.9576729859242308,0.000597169468098308,7.4330925703995e-08,0.02007096221830169,0.00243635170590126,1.57313151244158e-05,1
0.04077868539514956,0.8345414449619062,0.0003933122244954243,1.3168884336775706e-07,0.12215553603791869,0.002115154383371769,1.573530831502492e-05,1
0.06133296799889979,0.9386184401377233,2.1588042875236253e-05,2.0011658276143594e-07,8.83344314481794e-06,1.176246414956334e-05,6.207796624601748e-06,1
0.07945915384176616,0.9204881457395316,2.3454464362166116e-05,2.1390494035894768e-07,1.1069159818091976e-05,1.1327365685998378e-05,6.6355238952331655e-06,1
0.10222169386668004,0.8977175369457266,2.6800960489718387e-05,2.650598088498746e-07,1.4134696165026922e-05,1.4036278818362347e-05,5.5321923114866856e-06,1
0.09839753385668032,0.9015438888170987,2.643525828263359e-05,2.5709708853233285e-07,1.3231203733704545e-05,1.3287768616968517e-05,5.3659984991906355e-06,1
0.27584376353767615,0.7240830058748103,3.1039557015866725e-05,2.492476732275144e-07,1.2603437692139911e-05,1.4608587852048896e-05,1.4729757280309882e-05,1
0.2999989809467987,0.6999261643242337,3.088659740555926e-05,2.480194074069867e-07,1.4913138093737742e-05,1.4149803445815695e-05,1.4657170615095322e-05,1
0.3354897376670152,0.6644378425226558,2.8571003771103314e-05,2.4356506347636105e-07,1.559353107238813e-05,1.3617777590120911e-05,1.4393932832003773e-05,1
0.33830990407575334,0.6616072058482545,3.5147168502991576e-05,2.535302535374247e-07,1.610564862643964e-05,1.6517075029128284e-05,1.4866653580170952e-05,1
0.3950719522225467,0.6048485908910314,3.388959883273014e-05,2.008526374054143e-07,1.5529386694250873e-05,1.550232522644639e-05,1.4334723031082335e-05,1
0.5528307862779925,0.44709552699074784,2.586382235837331e-05,2.0791970428073214e-07,1.636482020589432e-05,1.6486457067155558e-05,1.4763711923757333e-05,1
0.5538961819183141,0.4460260918861148,2.449277660201349e-05,2.3272356950396095e-07,1.5049692369127916e-05,1.5161554113998696e-05,2.2789448916357993e-05,1
0.317151690233209,0.6827642081173749,2.611911815020184e-05,2.4890891040176905e-07,1.6755122873208547e-05,1.5405600961278275e-05,2.557289852103351e-05,0
0.1938917646360073,0.8060391098377857,3.543291945219594e-05,1.721165073975379e-07,1.3981568784500866e-05,1.2780519670058294e-05,6.758401792613772e-06,0
0.28158409086668335,0.7183544270166513,2.2286221452160063e-05,1.853853217621507e-07,1.6412900263559072e-05,1.5318188787651603e-05,7.279420840371542e-06,0
0.26804793087061446,0.7318898029463881,2.7828610894175634e-05,2.0795116395707665e-07,1.451000085546413e-05,1.3235919036394814e-05,6.483701047770588e-06,0
0.3704725549125549,0.6294541120046371,3.282339883609367e-05,1.9330784269124745e-07,1.7114312568531387e-05,1.561155356068308e-05,7.590510000027553e-06,1
0.5615827443406066,0.4383427624535983,3.5438375501088436e-05,1.8338828259548763e-07,1.4897210768157682e-05,1.4810449262081434e-05,9.163781981137199e-06,0
0.8808369991298317,0.11911498006720952,1.5663741059019358e-05,1.239956998644014e-07,8.124246863432076e-06,7.56886896215838e-06,1.6539950374593152e-05,0
0.5300986426401008,0.4698079474557027,2.9921415593560885e-05,2.1680440541386186e-07,1.7928349319087957e-05,1.4235361558305803e-05,3.110797332018101e-05,0
0.530912731507914,0.4689971195914205,2.9935779529456946e-05,2.1637706735199845e-07,1.757699419023779e-05,1.4207302572112028e-05,2.8212447306393833e-05,0
0.7330468797336149,0.2668141498240478,2.615640563798673e-05,1.8863536546766023e-07,1.1549920417860146e-05,1.2385784435465173e-05,8.868969648034355e-05,0
0.7580660243942322,0.24178480104749103,3.44777050831028e-05,1.8319725027006516e-07,1.2092632291553478e-05,1.323118272724999e-05,8.91898409243668e-05,0
0.5077303507347705,0.4920740211222972,4.0086805884412854e-05,2.0619072346687019e-07,1.56874326187325e-05,1.638056819090434e-05,0.00012326714551485712,0
0.465876588039118,0.533918752870003,3.870225786589486e-05,1.9916333166788114e-07,1.6328366070453024e-05,1.6717000363854203e-05,0.00013271230324701848,0
0.6050811182574106,0.3946795433735235,4.213808438376216e-05,2.2800714876834953e-07,1.8693120669311717e-05,1.9138038900041915e-05,0.00015914111796409976,0
0.7185311549202902,0.2797959505946742,3.9296305291406045e-05,2.493069514964073e-07,2.0709107862147244e-05,1.815485100264391e-05,0.0015944849139277678,0
0.6990188999786275,0.30049526378362607,3.8229184510545287e-05,2.4253683336998277e-07,2.014673643336009e-05,1.7661842343568038e-05,0.0004095559376255088,0
0.7124525279544943,0.2871507044488733,3.692403543618342e-05,2.941026061099971e-07,2.1782146616276133e-05,1.8529088971480104e-05,0.00031923822300250303,0
0.7109948052878361,0.2888600104290987,3.796899821304665e-05,2.6112304674356976e-07,2.025118486710826e-05,2.0333055173171587e-05,6.636992176494276e-05,0
0.5757885963634524,0.4240819717232164,3.573681230296319e-05,2.312663116930921e-07,1.793567013726803e-05,1.845113202797665e-05,5.7077032551573805e-05,0
0.49902918387779743,0.5008356812081106,3.831603254516239e-05,2.4395099072145873e-07,1.8673002865711014e-05,1.7694288555719548e-05,6.020763913455574e-05,0
0.5136849171279607,0.48618390128454847,3.719510986041761e-05,2.3681428628465844e-07,1.8126730427931642e-05,1.7176648076916116e-05,5.8446284839292956e-05,0
0.5861409873845723,0.41373309049582824,3.475837993135474e-05,2.2970193679808896e-07,1.7582322217282927e-05,1.6660774114886684e-05,5.669094139912159e-05,0
0.5559612544172742,0.4439289378467381,2.7730178116083715e-05,2.068078172240179e-07,1.582991301758971e-05,1.5000214521442382e-05,5.104062251522378e-05,0
0.5695059413365533,0.43043458603098766,2.8117502484336287e-05,1.981527837504604e-07,1.1613379993971406e-05,1.4275384385266285e-05,5.268212811743707e-06,0
0.5277046394932045,0.47224578923322896,2.4508657469553795e-05,1.6466644699998055e-07,8.13858125668982e-06,1.1704749815748394e-05,5.0546185776769045e-06,0
0.7937457433463537,0.20620483494537944,1.841339854226498e-05,1.8571615011409818e-07,1.0396563315880533e-05,1.1910887361517845e-05,8.515142897004743e-06,0
0.5465084039267417,0.4534266997906942,2.9914249710718925e-05,2.2087042169649495e-07,1.1548737948270193e-05,1.569981665819646e-05,7.512607825318386e-06,1
0.9368435718076539,0.05974196685807902,1.7960476080766583e-05,1.4721772978093397e-07,1.1522980167967047e-05,8.873217292909605e-06,0.0033759574429955935,0
0.8973388674676933,0.10127713234746133,2.3366782866447334e-05,1.3004886356068677e-07,1.1194562072645793e-05,9.244941510881684e-06,0.001340063849532148,0
0.9275123316278705,0.07059064635257901,1.4712043276747695e-05,1.362674379912725e-07,1.0435604693353352e-05,9.833724213507703e-06,0.0018619043799289376,0
0.9146195038808684,0.08423199351306045,1.4758199946073938e-05,1.291289554283262e-07,1.111537669257489e-05,9.179546884229762e-06,0.0011133203535925872,0
0.9282090399133984,0.0706334083293839,1.3897047305047936e-05,1.287186963958573e-07,1.1080061734188547e-05,9.150382302120854e-06,0.0011232955471798106,0
0.9199754758301204,0.07920852568135212,1.4979216458784284e-05,1.2794106677554077e-07,9.750017166886678e-06,9.371338682917644e-06,0.0007817699751518841,0
0.908935675478974,0.09016742490976525,1.4863485086679057e-05,1.2695257747456266e-07,9.674687267764245e-06,9.298934502951286e-06,0.0008629355518258123,0
0.9070653407977842,0.09212163725405878,1.5185623664604267e-05,1.2970404003755548e-07,9.884368239631459e-06,9.360077344293886e-06,0.0007784621748684191,0
0.8951023061611332,0.10452988816203881,1.5033849186516373e-05,1.2840769795655971e-07,9.286017574854023e-06,9.26652696498982e-06,0.00033409087540360236,0
0.592560292244218,0.40609523445177725,2.5384883810805374e-05,1.8840028230709223e-07,1.3253476918349598e-05,1.3799813445002405e-05,0.0012918467295483034,1
0.47702475663671134,0.522839313904462,3.1701725887178484e-05,2.5152057050527873e-07,1.9968453154034522e-05,2.0609199697315588e-05,6.339855951774663e-05,1
0.29380228645691076,0.7061068366556931,2.594170056956007e-05,2.259461629430776e-07,1.9020139637784355e-05,1.6647413330332487e-05,2.9041687695560066e-05,1
0.25848952189856195,0.741436195422323,2.2821518666074144e-05,2.0240000634265652e-07,1.995889777418952e-05,1.7580242737701664e-05,1.3719619930637945e-05,1
0.6431369091316657,0.35198706225187953,2.9749390227578857e-05,2.2751962974830357e-07,0.004817671468462592,1.2614778149015055e-05,1.5765459985537787e-05,0
0.6509537180195448,0.3459539064361855,2.8720079254686323e-05,2.1964758767763035e-07,0.0030272368690743867,1.2511217236588182e-05,2.368773111632362e-05,0
0.5764238119165241,0.4203333464937375,3.168515365678251e-05,2.2527893498657396e-07,0.003170420132704616,1.437776089688925e-05,2.6133263545183048e-05,1
0.3256715750199206,0.6742477140320355,2.8595770657413803e-05,2.1142094851665505e-07,2.118123161997572e-05,1.571145265862405e-05,1.5011072159130993e-05,1
0.2741225822726904,0.7251177301263223,4.1690774438333634e-05,3.6049439413472517e-07,0.0006804866474033156,2.6075442254500305e-05,1.1074242496885327e-05,1
0.13494952353356868,0.8639151501031443,3.889311070966669e-05,3.5739686243051605e-07,0.0010540956222407855,3.100114590289134e-05,1.0979087571337766e-05,0
0.33625185475786357,0.659184771365504,0.0002607445622112372,3.7133323630149467e-07,0.0024668343796901064,0.0018241236219561762,1.1299979538583488e-05,0
0.21008221383275838,0.7867706859028188,0.00030207990318901465,4.002028234013335e-07,0.0015670656420972717,0.0012652240370438182,1.2330479269258392e-05,0
0.4497668538911552,0.5459458961401871,0.0004234974390829864,3.753084078433601e-07,0.0021344036213195835,0.0017225529604358793,6.4206394114226575e-06,0
0.44988856053543225,0.5460936287763322,0.0004194446670449157,3.754099660762365e-07,0.0018685491521452768,0.001723019082246747,6.4223768326446e-06,0
0.48902164524331565,0.5075987788452787,0.0015166345137073802,2.6338872580694125e-07,0.0013993025120042782,0.0004569101693499176,6.46532761816247e-06,0
0.14329438911652267,0.8533068464042862,0.0014455194776322158,2.3366231839874013e-07,0.0012396867916606746,0.000705117922816359,8.206624763535256e-06,1
0.17593231185877628,0.805079279160235,0.0022968415317858276,3.329810546646205e-07,0.015804642731415866,0.0008763430784964045,1.0248658236049394e-05,1
0.04746632440776357,0.9147687880397556,0.003170801512227849,1.9267761851853813e-07,0.034109639726427395,0.00048025995386429546,3.993682342904629e-06,1
0.0594760105829641,0.8990081124089889,0.0029630147670653747,2.021435746778332e-07,0.03797761988728813,0.0005711638608312883,3.876349287668179e-06,1
0.07913880572229717,0.8759735369134537,0.004255625958095325,2.3532505423641402e-07,0.04002079622463158,0.0006068046330700207,4.1952233977598895e-06,1
0.24087989791404132,0.34887472573360384,0.0021559835258051167,1.5343951211637773e-07,0.4072131623440957,0.0008728611952729243,3.2158476689005806e-06,1
0.2104377829666981,0.7655889462115807,0.00818533841708991,2.495316735990592e-07,0.011807355655562454,0.003975159438984597,5.167778410579662e-06,0
0.09559568320224994,0.7684947828954907,0.032402420481705406,2.582189775980208e-07,0.07948600905955072,0.024015421789721512,5.424352304047689e-06,1
0.16212170809467893,0.6406420899534044,0.08037334881829176,2.864334048600058e-07,0.09273735801465544,0.02411919479128306,6.013894281558449e-06,0
0.05039177727727487,0.8409189245315496,0.058597096386411265,2.6461904857751435e-07,0.04280673800933578,0.007204125864162273,8.107331221755806e-05,1
0.022103887498703942,0.9190411182627666,0.013549921864145179,1.931972824214275e-07,0.040799749288007565,0.004445938596247025,5.919129284733997e-05,1
0.01271239619168614,0.9262262697874217,0.011074626992487782,1.1820427767301842e-220,0.046286541174428646,0.003652626786764247,4.75390672114059e-05,1
0.14144043868342435,0.8398281966552797,0.0033931879132582804,1.528730206783897e-220,0.012649393137158467,0.002683560266560622,5.223344318522756e-06,1
0.02708064443569887,0.9380429133012884,0.0006783955617360388,1.61189005104225e-07,0.03410461429436025,8.917967109608863e-05,4.091546815139171e-06,1
0.0586299260413728,0.9236945527690419,0.0038566639351369928,2.008443646023312e-07,0.01231984068004547,0.0014952468072860702,3.5689227523116905e-06,1
0.05960277633024492,0.9171211362667208,0.0050877310037131624,1.981219938454001e-07,0.015705743867102363,0.0024788499303911426,3.564479833866779e-06,1
0.08012397030331964,0.896721430882447,0.0035569075478829276,1.9635310683694338e-07,0.01740946837157356,0.002182528468669042,5.498073000946271e-06,1
0.09097071957715029,0.8851961099431707,0.0029866960880865698,1.9382943282204583e-07,0.01860168553553065,0.002239167618891179,5.427407737798586e-06,1
0.0556913447386472,0.8867704146465507,0.007175408984528757,2.2611452293030388e-07,0.04808128016178744,0.00227657541325435,4.749940708637671e-06,1
0.07095384365292057,0.8855815530604151,0.011111206071979024,2.3520995640395433e-07,0.02872369330725037,0.0036247936818617488,4.675015616936671e-06,1
0.06030411370028025,0.8656538223278653,0.013205702354460532,2.5081168994678436e-07,0.055255223796516775,0.005576986578977569,3.9004302096533425e-06,1
0.07632742542298888,0.7403882549103283,0.03394031765032904,3.985073646552537e-07,0.13807029575844326,0.011269102440149078,4.20531039671553e-06,1
0.08173505672537731,0.7938309374479671,0.03266156006764217,3.5105609301078986e-07,0.07907044111397632,0.012696457403537403,5.196185406741794e-06,1
0.08059836021659636,0.791229878055824,0.03266464727306908,3.3416499180542835e-07,0.08280392612675608,0.012697657486206985,5.1966765557179505e-06,1
0.000954162989615813,0.040063457794120544,0.9457386259727119,4.949229678416103e-08,0.003912679280739493,0.009330230542459551,7.939280559589129e-07,2
0.0015576845529499,0.5464314863891091,0.42442784816224577,7.243668003627466e-05,0.0011454966323508522,0.02635810795127709,6.939632030889e-06,1
0.001288109083109952,0.4595869076588646,0.5008659273918028,2.6148977311300353e-05,0.0007746364817473443,0.03745542459712233,2.845810041719188e-06,2
0.0015246442961135967,0.5001685483739339,0.45590395790324123,4.5293723827552923e-05,0.0009168828237792804,0.04143549508143203,5.177797672458557e-06,2
0.001701453432680147,0.6453301886975952,0.2952586924473346,5.126992334707137e-05,0.0016293174249386773,0.056022964325107005,6.113748997472538e-06,2
0.004014701750683852,0.7520376359373535,0.21605579633928337,0.00030523464522031466,0.0005909660204277175,0.026856578773937843,0.00013908653309358185,1
0.0007786052557414204,0.37425554569235114,0.46789179855255547,0.003483878586323587,0.0002615801806864305,0.15327077717904974,5.781455329227829e-05,1
0.0008935127661676881,0.8691620753234157,0.05936605245844269,0.0001947749488944726,0.00036947781377355657,0.0699879180552605,2.6188634045375618e-05,1
0.00292442287031221,0.7338845474557746,0.15238521634787175,5.3635791706747724e-05,0.00032207886005065217,0.1104027086596527,2.7390014631214582e-05,1
0.0017452110838638902,0.6714942453701893,0.3023113347759473,1.9918046575148406e-05,0.001195477099045074,0.023229653803568857,4.159820810378469e-06,1
0.0015453634435947667,0.5861965388527998,0.3940149559067513,2.1028045537397e-05,0.0009592002041396334,0.01725643162005843,6.481927118578305e-06,1
0.07646609332656751,0.0006976022168239135,1.1071523660313002e-06,1.6195363375129115e-08,7.398506080231481e-07,7.018386007504524e-07,0.9228337394196704,6
0.07875705891287187,0.003513502183835642,9.22240508771243e-07,1.8103875081723298e-08,9.879917300435212e-07,5.809516282556141e-07,0.9177269296155502,6
0.2041777130069255,0.002892743816772734,2.3993469967569737e-06,5.4297258329005526e-08,3.004064134278916e-06,1.7018720511341718e-06,0.7929223835958613,6
0.3510331376047988,0.006445145611985914,4.324236429066607e-06,1.241647087739629e-07,5.7806436573720885e-06,2.9445692201657786e-06,0.6425085431691999,6
0.33966129938097983,0.005648710936028439,4.024793003016693e-06,9.56940648798897e-08,5.442965016576567e-06,2.7406645748044042e-06,0.6546776855663324,6
0.3430398217895914,0.005741652442625617,4.205470753552639e-06,9.998988540262968e-08,5.621877581526063e-06,2.863696271087434e-06,0.6512057347332914,6
0.34222419278818916,0.005876694806209362,3.963212837629872e-06,1.137983955932222e-07,5.505486173091685e-06,2.698731839963194e-06,0.6518868311763552,6
0.9242531484422353,0.0615648767229022,7.869708183130706e-06,1.747249478523434e-07,9.394682696290518e-06,5.9141668703843534e-06,0.014158621552164888,0
0.9048636854926411,0.07654944354898323,7.899083231084371e-06,1.7537713896317344e-07,1.0507723498532097e-05,5.936242521905449e-06,0.018562352531985262,0
0.9145421031697283,0.07453609995249572,7.280277567128221e-06,1.7669503443823566e-07,1.058668522258456e-05,5.7756028593813754e-06,0.010897977617092615,0
0.9176596105868895,0.07704854220057397,7.447197704578281e-06,1.680324864045499e-07,1.0829413736188663e-05,5.908024242255268e-06,0.005267494544367068,0
0.9819782595483806,0.0030334044126878153,1.107846477841655e-05,1.91769381524715e-07,1.161111634432372e-05,8.045232095737081e-06,0.014957409456331663,0
0.9772093899366502,0.003533400118043652,1.0762381910101078e-05,1.669673706856782e-07,1.3207035232131285e-05,7.810120141148088e-06,0.019225263440652104,0
0.9872038867479567,0.004208178370619003,1.6651583846897776e-05,1.839623076390948e-07,1.5394973967929594e-05,8.605080850251508e-06,0.00854709928045151,0
0.9852860801344305,0.0034940975637427828,1.5610508145681062e-05,2.94687830260408e-08,3.9475194564525004e-05,8.779279936478095e-06,0.011155927850396938,0
0.9903751859225781,0.002551563579556824,1.1502469381163609e-05,1.924492893990151e-08,1.5261846594832434e-05,6.4689373155314115e-06,0.007039997999644662,0
0.9854728312741148,0.0026260474928499243,1.876888703070891e-05,2.3396354699675168e-08,2.1233877518711814e-05,7.041888463870654e-06,0.011854053183667074,0
0.973799780507784,0.003638574920104754,1.5780963606153107e-05,2.5198311718542997e-08,4.2796308808367436e-05,8.558456849744309e-06,0.02249448364453518,0
0.9624997470367549,0.0037705075087540304,1.63531720739342e-05,2.9461840048899637e-08,4.307096408316418e-05,8.868781466338275e-06,0.033661423075027404,0
0.9421815160763077,0.005110847216882972,2.1192160469450044e-05,2.0437979725421106e-07,2.0923896677587195e-05,1.3954430515174471e-05,0.05265136183934962,0
0.9278074699833939,0.006754630746721117,1.8724577526217783e-05,2.1203751145014034e-07,2.0269607199120846e-05,1.4917800327105838e-05,0.06538377524732099,0
0.9171658115590895,0.019428973292818896,1.8774760955780227e-05,2.2682682221711904e-07,1.9536567559354343e-05,1.1926481483458959e-05,0.06335475051127103,0
0.8985062691081535,0.02730134816040314,1.7824142303182046e-05,2.3850603993183965e-07,2.0076044506576656e-05,1.2540571000978939e-05,0.07414170346759279,0
0.9301149443251977,0.050563834736224784,1.718707392799496e-05,2.2998138540725375e-07,2.2704416058657065e-05,1.2229818703659958e-05,0.01926886964850189,0
0.9112725141876316,0.06686653208347325,2.171234959404959e-05,2.7742773493193667e-07,1.7685606862657576e-05,1.4974176290817528e-05,0.021806304168412723,0
0.7222292341701334,0.26487336349078716,9.15871579133783e-06,1.8213773394731124e-07,1.0607205924134238e-05,9.285334276678268e-06,0.012868168945353276,0
0.4840345307355098,0.5158596473226594,1.5430969774480656e-05,1.9695446658837317e-07,1.6905472813074657e-05,1.0212575262768114e-05,6.307596951391615e-05,0
0.5617170814423417,0.43823799063539765,1.4557931155693871e-05,1.8581136553982042e-07,1.4789494179518643e-05,1.0680609177786295e-05,4.714076382220545e-06,0
0.5878539148428081,0.412106162956508,1.2958718672327919e-05,1.653996839523351e-07,1.3158870556763389e-05,9.44298436852372e-06,4.19622740235096e-06,0
0.6415316238416583,0.3584189462725578,1.3671883144283162e-05,1.9339146589556847e-07,1.9410303679726116e-05,1.0006219290621071e-05,6.148088203303952e-06,0
0.6301274613335667,0.36812604270295674,1.537280519406744e-05,1.933270710224403e-07,0.0017141822701182005,9.834587857032781e-06,6.912973236233086e-06,0
0.6581697411767119,0.338176693751607,1.629165096195047e-05,2.048823960775415e-07,0.003619319961121219,1.0422409618723746e-05,7.326167583095216e-06,0
0.05635633853388419,0.8629111683441759,0.0206049200528623,2.713875253619411e-263,0.015426166761975328,0.04467650755777549,2.4898749326718084e-05,1
0.05833010896877593,0.8396963638564707,0.0008386064746013253,1.9074796990930305e-07,0.09965264568862994,0.001459292066125148,2.279219742712743e-05,1
0.05040094083234032,0.9192563363307398,0.0010060351335115646,1.2354565879131387e-07,0.028355282602184166,0.0009431612224691964,3.812033309617178e-05,1
0.046359560366569984,0.9328290671431433,2.1572721982005494e-05,1.110668211300226e-07,0.020744769520260418,1.2429817202651854e-05,3.248936402048493e-05,1
0.12541441918862448,0.8656010665105952,4.3022604957200954e-05,1.3614318298553986e-07,0.008729434050325443,2.749615078421388e-05,0.00018442535153038512,1
0.14346399318709166,0.8445929733911883,4.1978448559815936e-05,1.3283899497516422e-07,0.011467255614515864,2.5366773582356637e-05,0.0004082997460670499,1
0.11137939713213224,0.883046368682866,4.388968145785985e-05,1.3888700927892906e-07,0.005076794734061721,2.6521695068288837e-05,0.00042688918740465376,1
0.06860009018323414,0.9313081879526298,3.3858904520590074e-05,3.0879353458094666e-07,2.7527655774415577e-05,2.0746577041808238e-05,9.279933264627429e-06,1
0.10150455694037568,0.898425466183711,3.108882212992684e-05,2.8818679315555977e-07,1.2720993019663024e-05,1.693906010233519e-05,8.939813868092102e-06,1
0.0741028948760551,0.9258444792162659,2.32097707192968e-05,2.1514965621779556e-07,1.113357141488156e-05,1.1393279786367784e-05,6.674136102180331e-06,1
0.08460063159585736,0.9153436614481847,2.4568615198903473e-05,2.2774585659291426e-07,1.1785400002005012e-05,1.2060313318476249e-05,7.064881582102336e-06,1
0.4593376564974503,0.540580401073028,3.472093463526354e-05,2.164110446257989e-07,1.6051448429371936e-05,1.3105970935373623e-05,1.7847664477209188e-05,1
0.5390512201779674,0.46087846558729856,2.5893628909718897e-05,1.9215013074267074e-07,1.588959716518176e-05,1.4003874570029923e-05,1.433498395825942e-05,1
0.4363167355022047,0.5635801816740513,3.677667466354902e-05,2.940599080790213e-07,1.9016170833560462e-05,1.8200110214067187e-05,2.879580812463314e-05,0
0.33887000758224595,0.6610392895491563,2.9365309228119393e-05,2.776741591977684e-07,1.8837518230802258e-05,1.732027220334979e-05,2.4902094776320584e-05,0
0.4126241530403326,0.5872864604057408,3.527160400424265e-05,1.9745634659647576e-07,1.813221735241031e-05,1.609997486535022e-05,1.9685301357902007e-05,0
0.579537645700214,0.4203850991328026,3.6752313016115004e-05,1.901877123354627e-07,1.5449549971655854e-05,1.535957163647607e-05,9.503544646730345e-06,0
0.4977080586195637,0.502198887376874,3.528440279103846e-05,2.145609308562916e-07,1.8468973905132646e-05,1.4855696646907712e-05,2.4230369288477524e-05,0
0.7533227616862368,0.24655034385224672,3.246568225615131e-05,1.8313823800321584e-07,1.1213337802061884e-05,1.3316731132645037e-05,6.971557208756786e-05,0
0.457899676426591,0.5418961721400829,4.1198577903242114e-05,2.1190924036626138e-07,1.6122509653382396e-05,1.683486872608999e-05,0.00012978356780295972,0
0.4720354281397466,0.5277444204410708,4.2524404196901306e-05,2.017962502243033e-07,1.964040565997298e-05,1.6937997372174518e-05,0.00014084681570351146,0
0.5855046298265749,0.413344575081633,4.9814156324223376e-05,2.503045994950033e-07,2.4361621522573095e-05,1.774322261142801e-05,0.0010586257867344977,0
0.6102834218411025,0.3894431440509997,4.047121221880833e-05,2.48106400445131e-07,2.4885893536799062e-05,1.7586681017953213e-05,0.00019024221472377248,0
0.7270784053648177,0.2718769273352478,4.023202487458884e-05,2.766864917785977e-07,2.145819515020649e-05,2.1544945086866607e-05,0.000961155448330928,0
0.4952185909293433,0.5046460274682307,3.816742272916689e-05,2.45806964207425e-07,1.847376898115038e-05,1.782890629314021e-05,6.066569745830302e-05,0
0.6364602426866631,0.3634351503771913,2.741124299928355e-05,2.3676454568913262e-07,1.1546664615322008e-05,1.4857443305349272e-05,5.055482067977462e-05,0
0.7188682614445947,0.2810393907372538,2.4169734341025947e-05,1.8098597703692653e-07,1.0202060992447861e-05,1.3127301072889292e-05,4.466773576786197e-05,0
0.6620021274686578,0.33790937727322273,2.272801007775006e-05,1.782305514085537e-07,1.0046739454387053e-05,1.2927444142535926e-05,4.261483389315248e-05,0
0.6111072085986772,0.3888187108969845,2.5993906701952373e-05,2.0508271714844815e-07,1.201953098696021e-05,1.3690134798028768e-05,2.217184913421538e-05,0
0.8967180968920582,0.10324364122671606,1.6254761691602434e-05,1.408675845181069e-07,6.795274968140518e-06,1.034285553555699e-05,4.728121445960406e-06,0
0.5141526031539071,0.48577787033177194,3.204857703296659e-05,2.3662912466454152e-07,1.2372719401217658e-05,1.6819970028978176e-05,8.048618733095329e-06,1
0.9295281840900971,0.06803141104826699,2.5815120161475513e-05,1.339542216551078e-07,1.2118928142394871e-05,9.269186693041806e-06,0.002393067672417335,0
0.9309151071288383,0.06635827551531542,1.5396235414189563e-05,1.3080783130796306e-07,1.301099089294322e-05,9.43973231618204e-06,0.0026886395893917655,0
0.9349464873424079,0.06359770747057009,1.4716561848470143e-05,1.2503326221770552e-07,1.0762820809951496e-05,8.888391366665135e-06,0.001421312379734895,0
0.9287759286263059,0.06864452647756743,1.5596661380806293e-05,1.3251066874358542e-07,1.0147904569457871e-05,9.562617386666887e-06,0.0025441052021207473,0
0.8027477253507839,0.19581973115989276,2.387630781287439e-05,2.0107631469316978e-07,1.3535568923467864e-05,1.0277865092061571e-05,0.0013846526711802523,0
0.9364872521364066,0.061832064042543065,1.528264326082266e-05,1.4155250930904427e-07,1.2234367836937132e-05,9.914012143086453e-06,0.001643111245300234,0
0.6056411604782307,0.3918002256430318,2.218600105513942e-05,1.6817363876007418e-07,1.2607442440197951e-05,1.231826626179575e-05,0.0025113339953417085,1
0.6470124909360384,0.35206054143924265,2.3529338969819842e-05,2.0184556090510496e-07,1.228469483117312e-05,1.2791096098282174e-05,0.0008781606492589578,1
0.4532447643637929,0.546664797721639,2.64660647656822e-05,2.119518684624261e-07,1.8483570244384094e-05,1.7508450549400718e-05,2.7767877140199456e-05,1
0.23301752567891618,0.7668867390451383,3.212880065128438e-05,2.333260095407817e-07,2.1566764878044622e-05,1.7191150630520137e-05,2.4615233776283377e-05,1
0.2584139866018534,0.7414995518851473,3.065124291418985e-05,2.1274766365546267e-07,2.433858890757079e-05,1.6837900929778478e-05,1.4421032584073555e-05,1
0.29955831682023587,0.7003144295395789,1.87382875000661e-05,2.026781847126536e-07,7.751771321016222e-05,1.5757089511429026e-05,1.5037871778945884e-05,1
0.264312989014551,0.7355917012403699,2.2520757136023915e-05,2.0255062317556455e-07,3.135400812963813e-05,1.619493940547541e-05,2.5037489784614807e-05,1
0.3500525428401042,0.649216926610945,5.040089025866605e-05,4.6314423591926534e-07,0.0006150076436107318,3.350035666491981e-05,3.115851418068039e-05,1
0.4274396468855335,0.5656966254477435,0.0006478686625052026,0.0,0.0017780602967760143,0.004430117448519925,7.681258921855847e-06,0
0.3538644322547271,0.6399775141859402,0.0019924890995115245,0.0,0.0013324593168290608,0.0028235402329022394,9.56491009002129e-06,0
0.18044895349995524,0.8059704888751715,0.002111964670227081,3.415295474419404e-07,0.010767920338388588,0.0006878276574905319,1.2503429219764273e-05,1
0.061735210995396306,0.8988933012815385,0.002571468155976739,1.963856793374341e-07,0.03617021657552258,0.0006255360655403976,4.070540346095157e-06,1
0.186181041007362,0.3049329403345351,0.001735546056873022,1.4714557022170957e-07,0.5065048345287838,0.0006428677104867344,2.623216389236106e-06,4
0.03818324061171805,0.9295750449429094,0.00740832532208471,2.0428939322577963e-07,0.022446246212175214,0.002382622669618983,4.315952100453493e-06,1
0.04654982863268301,0.9062770119460067,0.012522116989799808,2.2079568084667377e-07,0.016818280835984134,0.0178263583116174,6.1824882281936205e-06,1
0.02901618027067164,0.901229449213522,0.028723062042947115,2.5379162590432066e-07,0.01615886865635754,0.024867572287894258,4.613736981656766e-06,1
0.04107966535576506,0.8899986517394517,0.03370013320908006,1.8186235425498904e-220,0.02898827077661235,0.006160138023918973,7.314089517190173e-05,1
0.033758039928395475,0.9079938078234745,0.026270679505970916,1.5608851828537323e-220,0.026755093159295903,0.005159604337264934,6.27752455983296e-05,1
0.013445606300571669,0.9300899656489824,0.01210752816168391,1.2502192007469973e-220,0.0400232811712607,0.004283337749854994,5.028096764628907e-05,1
0.04333990015404597,0.9179215948420016,0.009511357960276783,2.5222789134601004e-177,0.02560906611103352,0.003596918667201166,2.116226544093035e-05,1
0.10110137570326319,0.817365483611468,0.016202508593536787,2.1251418844400555e-07,0.05824818313174769,0.007067395019800799,1.4841425995086783e-05,1
0.08703090069998919,0.8990164661647359,0.004027205587973876,1.4126553419649529e-177,0.007418642255923381,0.0024983172689183064,8.468022459377883e-06,1
0.07798249259739932,0.9078403960622986,0.0035549101653354355,1.2643718664390422e-07,0.008362028560141914,0.0022507298101813677,9.316367456683254e-06,1
0.045588336194787686,0.9432118106277092,0.004064045761630394,3.697478981403467e-134,0.005865059423343169,0.0012620845537292145,8.663438800413324e-06,1
0.017750209355373064,0.9475795984615758,0.003474662966259695,1.4023367974497843e-07,0.030487774368848832,0.0006853303167029866,2.2284297559878727e-05,1
0.035503082620407314,0.9124177723457636,0.002820016596675231,1.9044866491542232e-07,0.048842385314950616,0.0004117184131130991,4.834260425382947e-06,1
0.03168233951606538,0.8060029809248916,0.0025165342461121423,1.6995310876930707e-07,0.159310699178261,0.00048296217081035254,4.3140107506615166e-06,1
0.03254376647579092,0.7917868418441694,0.0028350680516771006,1.7457404876361574e-07,0.17225884001465233,0.000571724434149096,3.5846055122138593e-06,1
0.06089900527981842,0.9216445539156731,0.0036682639188725936,2.0039862123846047e-07,0.012292487149362943,0.0014919283355778084,3.5610020738492404e-06,1
0.07549295704909552,0.9001322417910489,0.0035704367651486157,1.9709996455180614e-07,0.018327709150458178,0.002472912052125131,3.5460921590007592e-06,1
0.10303249630179294,0.8732695754888057,0.0032526838980268076,1.9121790597183117e-07,0.018351058989665,0.002088639821291444,5.354282512037147e-06,1
0.14983120719503512,0.8111569120018844,0.0054392539109081465,2.0143664559153805e-07,0.03071680007419363,0.0028516371895231135,3.988191810118551e-06,1
0.052289140875256226,0.8838008852921173,0.01767851284388105,2.754959018906345e-07,0.04024304998178193,0.005984597125255204,3.5383858065882397e-06,1
0.05449944565330323,0.8656173063503687,0.028002936726997732,3.264395608226385e-07,0.04420289273004049,0.00767364729594181,3.4448037872882897e-06,1
0.020963385880620813,0.11086704564271505,0.39499366738615443,1.3557245432367858e-07,0.46514973267854803,0.008023924521124798,2.108318382421167e-06,4
0.005012691954796837,0.04126301318261948,0.9484613374216664,4.555008903258242e-08,0.0033980656963592355,0.001864056365347315,7.898291215624185e-07,2
0.0005386035410888909,0.03488740933616278,0.9548845062951089,4.140702300525798e-08,0.0035064808533985573,0.006182294338652644,6.642285651235131e-07,2
0.0006405759177839573,0.04058509115880832,0.9472912854319395,4.960916817148961e-08,0.0031593502673954305,0.008322851812062663,7.958028421250036e-07,2
0.0008454366815400468,0.03351290855530739,0.9473528503508313,4.213212889282826e-08,0.010040597958206,0.008246935339043564,1.2289829429412393e-06,2
0.0009483679813297266,0.041631975598485464,0.9397447860641924,4.430335245187118e-08,0.010558026899173803,0.007115506836512119,1.2923169540509943e-06,2
0.0012585359623934846,0.5070899569494192,0.3127428175774778,0.00010383853589518214,0.0004423691461955965,0.1783275096336482,3.4972194970506865e-05,1
0.0007326953100129517,0.6439344183636687,0.2996609990802114,0.00013087633997506482,0.0003515208902295468,0.05516883705143851,2.0652964463820678e-05,1
0.0016377872467020424,0.6414341332631163,0.3239681671150247,0.00011612865896375304,0.0004817266265909262,0.032343731385603765,1.8325703998648624e-05,1
0.001585326657121529,0.6502707902522079,0.32383381553515256,6.341359972487183e-05,0.0004904001387163003,0.02373851511071054,1.7738706366213173e-05,1
0.001099212474608526,0.3940338840453242,0.57466396929507,2.0754382758086756e-05,0.0006806372194279511,0.029497745228846118,3.797353965136661e-06,2
0.0018791554571434153,0.6111404098663236,0.3440391461996316,5.288323502373537e-05,0.001602395615438608,0.041281952368330904,4.057258108188884e-06,2
0.0017209464516756215,0.6439951020029134,0.30800607464179725,2.5045010348238615e-05,0.001221741515642705,0.045027207193175725,3.883184446907758e-06,2
0.0014943236873930959,0.8384447397674721,0.14700473561177385,0.00015350824109317543,0.0027621688677934454,0.010135743350776544,4.780473697706498e-06,1
0.0025263239147280472,0.5496991937301947,0.42488935608724093,0.0001792469233877835,0.0007332812956392567,0.021870933249806327,0.00010166479900301018,1
0.0008761036603222921,0.39485944050032273,0.37202417250846365,0.006121589464944081,0.000314504863432537,0.22577495523566227,2.9233766852604152e-05,1
0.0008335431587986672,0.5140897072926379,0.07539877678703949,0.00011630170131746905,0.0003228087831967208,0.409216682327982,2.2179949027760758e-05,1
0.08980343309668537,0.0008147961024742539,1.148319441532417e-06,1.8278369565281643e-08,9.869463503946642e-07,8.503648319381446e-07,0.9093787668918469,6
0.08689914395673813,0.002836955556956241,8.219722486276384e-07,1.7292825468370367e-08,9.357193113332561e-07,5.830301322143332e-07,0.9102615424717879,6
0.20128662432321998,0.00211219863111869,1.98124557547881e-06,5.733345312181052e-08,2.5094565212096157e-06,1.3491202053454324e-06,0.7965952798899062,6
0.35743673174138146,0.006605421463770696,4.150087984951494e-06,9.391655300862573e-08,5.155462935894509e-06,2.825983625531258e-06,0.6359456213437483,6
0.3436577686052061,0.0062063787492752,3.996798223621527e-06,9.044760342301984e-08,5.0228223116091e-06,2.7216016565101493e-06,0.6501240209757236,6
0.459275223734652,0.014393027249318803,5.13516150599909e-06,1.1620878148482306e-07,6.6319782176237824e-06,3.496764980172215e-06,0.5263163689025439,6
0.9131487054971239,0.07006502434672589,7.2691853256854375e-06,1.7642582162791927e-07,1.0570555333650397e-05,6.109929886482607e-06,0.01676214405978265,6
0.9823312872052368,0.0040818508589351744,9.539111153338886e-06,1.9506917221484752e-07,1.1714251055560272e-05,6.7888061336449625e-06,0.01355862469831355,0
0.9816585907232057,0.0034877635690817722,1.6275041366397645e-05,1.6481086014830022e-07,1.6187807203995007e-05,7.70924650150576e-06,0.014813308801780528,0
0.9839460323106624,0.0033322939785810075,1.4548071588294422e-05,1.4732252520821457e-07,1.7086736728464508e-05,8.889733581895286e-06,0.012681001846332952,0
0.9917047878202756,0.003000103020191032,1.4202755414472788e-05,2.0421282264847633e-08,1.595953867393374e-05,6.864353476524101e-06,0.005258062090686328,0
0.9940132227781576,0.0022623946317102683,1.7124696621549946e-05,1.7082124366708796e-08,1.033794054033729e-05,5.800998585034121e-06,0.003691101872260552,0
0.9931794106954723,0.002095439803593101,1.548796446148107e-05,1.5449461147548133e-08,1.6333800093410373e-05,5.246554838994779e-06,0.004688065732079394,0
0.9809717188367115,0.002978022408180328,1.2906727393366798e-05,2.0608864467408476e-08,2.3184839214668346e-05,6.998660766549071e-06,0.016007147918869213,0
0.9822729705060917,0.002981972732695995,1.292384807100139e-05,2.0636201972432623e-08,2.2422283627515733e-05,7.007944437862957e-06,0.01470268204887404,0
0.9726689005597258,0.004149694326714408,1.612241882620231e-05,2.904611548826375e-08,4.101217785823592e-05,8.743637542117974e-06,0.023115497833217678,0
0.9674662490745377,0.0030589680467132895,1.513458524968606e-05,1.6588223583456037e-07,2.5811721433300795e-05,7.410742490162349e-06,0.02942625994733986,0
0.948054876254873,0.03425811051390535,1.752693121565865e-05,2.420857894959672e-07,1.6075550672173406e-05,1.2331461542472207e-05,0.017640837202001824,0
0.9526493212722115,0.030623812301642135,1.6575164298048822e-05,2.2893977763395516e-07,1.5202598235498932e-05,1.1974889034711222e-05,0.01668288483480103,0
0.6363953435081497,0.3476661353244803,1.689213582368846e-05,2.2603479891312617e-07,1.6452453178699178e-05,1.2019949382123245e-05,0.015892930594186592,0
0.5778918391808371,0.4220596638704891,1.5716745303936385e-05,2.0060198633538517e-07,1.5959495862021475e-05,1.153078774331872e-05,5.089317778074823e-06,0
0.6037980566891615,0.3961607574780088,1.3411653585007246e-05,1.7118075639494583e-07,1.3487067116675768e-05,9.773036853536982e-06,4.342894518145752e-06,0
0.601195352537878,0.3987578335054333,1.4330224329910372e-05,1.8290501052350193e-07,1.600304365199655e-05,1.0142667226956532e-05,6.1551164693151844e-06,0
0.5830783935076035,0.4168685970099451,1.5104183228699489e-05,1.9934821440564982e-07,1.9942992687288276e-05,1.105449541932962e-05,6.7084629016170536e-06,0
0.6272586300188339,0.3709883200526767,1.549233282049006e-05,1.9483024013379206e-07,0.0017205708530510398,9.911054378826053e-06,6.880857998881049e-06,0
0.6128279698509761,0.371611467533071,2.6066875304525124e-05,1.8993162365294992e-07,0.01546795395072261,5.622843594447798e-05,1.0123422357891673e-05,0
0.03278103295092382,0.9310988622533363,0.006108119983187322,2.468333322964654e-07,0.016848872986794494,0.013143326828829937,1.9538163596138777e-05,1
0.012646421097677342,0.9742649788388528,0.002332525249518593,2.0188228646290635e-07,0.007194646985402791,0.003542584979648948,1.8640966613030748e-05,1
0.019438927351443556,0.9488359511718557,0.0005814995994503267,1.2708013348311284e-07,0.029668072227304467,0.001464602411007985,1.0820158804444383e-05,1
0.025068147071074326,0.9236748156132313,0.0006378434229522798,1.2898177204041883e-07,0.04895638200781542,0.001649709158168866,1.297374498576653e-05,1
0.0485563142172428,0.9123672387097679,0.0004194977047896666,1.1947595904190062e-07,0.03795329177085223,0.0006666735046932518,3.686461669490917e-05,1
0.04968217180961511,0.9141144879432841,0.0001763670523644827,1.2285460775220012e-07,0.035777552988568405,0.00021335981384852643,3.593753771148656e-05,1
0.11013764251916279,0.8860611788414318,3.959904811051429e-05,1.2530948459132284e-07,0.003578301308813726,2.3268668410343985e-05,0.00015988430458630345,1
0.06892557518368528,0.9310291044295205,2.0629318616224857e-05,1.9122941204231854e-07,8.441150231445532e-06,1.0126579949424692e-05,5.932108585004521e-06,1
0.2889356617217079,0.7109872253273272,3.1966872649427856e-05,2.587002187158873e-07,1.6434073504391954e-05,1.328349160511768e-05,1.5169812987213494e-05,1
0.5565395511999481,0.4433814492121413,2.915511520045589e-05,2.0445857226673732e-07,1.4960457547682258e-05,1.202523418357476e-05,2.2654322406458844e-05,0
0.50568990796211,0.4942214262760925,3.249816302242017e-05,2.7738163979259e-07,1.6675886373001603e-05,1.3962368708078696e-05,2.5251962054193955e-05,0
0.31230372432838505,0.6876300845737444,2.958200006031397e-05,2.227811325919851e-07,1.542422824530318e-05,1.406987072484061e-05,6.892217707724321e-06,0
0.5266173550566882,0.47325195527283587,3.999969286073626e-05,2.2993952903915012e-07,1.761248011811931e-05,1.4054856220436887e-05,5.879270174775889e-05,0
0.4582336420438067,0.541567806533429,4.051365309974769e-05,2.0848484234024327e-07,1.6760172440447025e-05,1.7499411945326453e-05,0.00012356970043643717,0
0.6825162721959954,0.31676517967327944,4.222807797736331e-05,2.8456792831748114e-07,2.0612055459105206e-05,2.0312074021063975e-05,0.0006351113553395108,0
0.4912449101289453,0.5086573523913234,2.8591303808603337e-05,1.8700336919041392e-07,9.242575783706128e-06,1.356375543120874e-05,4.615284133860318e-05,0
0.6769009799049351,0.32305231635756704,2.0899932910079995e-05,1.648930681549898e-07,9.294914258499922e-06,1.196004787741849e-05,4.383949383803834e-06,0
0.761041920864088,0.23890233602868816,2.1585845715558698e-05,2.171798255064077e-07,1.2728520855940061e-05,1.543748328146468e-05,5.774077545264156e-06,0
0.927795554600584,0.06937871086467556,1.443626198163113e-05,1.3371306741034546e-07,1.0239986414945613e-05,9.649388350133337e-06,0.0027912751849262173,0
0.9055066776697923,0.09326047474137367,2.1132747815236452e-05,1.3860399589131723e-07,1.1355850986485091e-05,9.37814069858743e-06,0.001190842245338037,0
0.9159188867030943,0.08278121756118378,2.1263949368238282e-05,1.3274161484350867e-07,1.1426353189895194e-05,9.185278334028639e-06,0.0012578874132149853,0
0.9308231899375118,0.06809059140048127,1.5112703524840564e-05,1.2908121170094254e-07,1.1111266928712734e-05,9.176152867895529e-06,0.0010506894574736664,0
0.9239385256497549,0.07511175388857799,1.5000925164166167e-05,1.2812648601509286e-07,1.0466042429447243e-05,9.108283123532112e-06,0.0009150170844638515,0
0.9219523461327785,0.07693060439620239,1.5436437199847596e-05,1.3184629836922928e-07,9.645652433948203e-06,9.657386383019217e-06,0.001082178148703886,0
0.7039534005306751,0.2926635480768352,2.6382136849148308e-05,2.060145524125543e-07,1.6176782695016688e-05,1.5090011306962343e-05,0.0033251964470861505,0
0.622374052483844,0.3760136205270205,1.9001003429118327e-05,2.156161145248732e-07,1.4457078628461935e-05,1.217632033906023e-05,0.0015664769706242214,1
0.643836560203916,0.3554289421660529,2.5665721627631144e-05,1.8510253451952193e-07,1.3874883199274982e-05,1.3707236481530238e-05,0.0006810646861881527,1
0.6541068577529295,0.34515161422369556,2.4009332051669696e-05,1.8757075060182654e-07,1.4559087044533843e-05,1.2625814145801452e-05,0.0006901462193821881,1
0.4092212349422352,0.5906747403142686,2.616199595549656e-05,2.094143203175092e-07,1.4879085843875202e-05,1.552860551826865e-05,4.724564185817212e-05,1
0.3929817091157394,0.6069175703444771,2.48044320398389e-05,1.8161186784776695e-07,1.495501205839247e-05,1.500219097129883e-05,4.57772928462491e-05,1
0.3447397031965632,0.655105694217941,2.9222751377589494e-05,2.0378805538121074e-07,9.384582543602603e-05,1.6128793276611522e-05,1.5201427350094874e-05,1
0.6841626698088641,0.3136739754758751,2.8825645817749406e-05,2.3594331847458205e-07,0.0021062194541720523,1.3135463049455418e-05,1.4938208903183341e-05,0
0.1984124087050605,0.8015014674870108,2.8540604341740494e-05,1.898780759577195e-07,1.7454258685742778e-05,1.5181705621799817e-05,2.475736120354221e-05,1
0.14497033737991877,0.8549492054093403,2.601613133583628e-05,2.0468287668089925e-07,2.4898519691427226e-05,1.4805213668269028e-05,1.4532663168680504e-05,1
0.2882702183553445,0.7110303082178313,3.779193129013651e-05,2.97672844460148e-07,0.000608003901921142,2.1023602823656476e-05,3.2356317944631635e-05,0
0.40394312608064836,0.5941770057026031,0.00019888316146645353,3.245509840669209e-07,0.0010790571771463143,0.000592330066396009,9.273260755587469e-06,0
0.46778125417963845,0.5289480674746546,0.00024061185128556456,3.0763784356993907e-07,0.0017284702369209056,0.0012926069486256088,8.681671031244065e-06,0
0.33421983327842525,0.6635019639640019,0.0004339508726486586,2.4223432900719586e-07,0.001096142623945822,0.0007389003367483886,8.966689900908649e-06,0
0.2141033678644394,0.7836751994094555,0.00037352099844324243,2.477986425455245e-07,0.0015165386005554999,0.0003231134144181119,8.011914045903582e-06,1
0.10791756929590078,0.8903479219765448,0.0004792255578531843,2.506376064839333e-07,0.0009529747418538061,0.00029423609077047747,7.82169947058466e-06,1
0.11658501756614148,0.8807803972041431,0.0010443627535778298,2.7076767893599086e-07,0.0010086015847380657,0.0005716541947344334,9.695928986286785e-06,1
0.14340560782999007,0.8529941741087036,0.0017680938228655187,2.77603050120152e-07,0.0011296097617171067,0.0006919966207383174,1.0240252935417757e-05,1
0.17153376555550845,0.8251723836157535,0.0013636107071956615,2.9203840180729104e-07,0.0012360152861412026,0.0006826192503855186,1.1313546613990162e-05,1
0.17463937273671437,0.8159685390644901,0.0016860061767014372,3.4576621566192114e-07,0.006966898015044939,0.0007285206433461832,1.0317597487429895e-05,1
0.13767064726188855,0.8545283665123323,0.0014425839043819293,2.605645139161387e-07,0.005955863838820774,0.00039273862642205855,9.539291640605621e-06,1
0.11540155430309859,0.8768987583801195,0.0013637445625962576,2.3894036981700617e-07,0.0059642186788204255,0.00036273750532723185,8.747629668144952e-06,1
0.09791147972605682,0.8900195228815186,0.001697227628065572,2.0873767651629116e-07,0.009873933542750127,0.0004905580008415043,7.0694830909210536e-06,1
0.08668589420544043,0.8948181301002208,0.002026355323086737,2.022416505642964e-07,0.015994135946088076,0.0004710902648304241,4.191918682972554e-06,1
0.0625108815877615,0.9016655166854483,0.003507860862380861,2.0274109676066312e-07,0.03165142984916207,0.0006599060033078668,4.2022708425591056e-06,1
0.13495421250829237,0.48346020422212305,0.0020515768568896836,1.4167868912957523e-07,0.37889948450067823,0.0006318544769708391,2.5257563565807975e-06,1
0.15624884971539796,0.7869706364225922,0.003969305369558882,1.7990307851310274e-07,0.05028142452160304,0.00252562096328361,3.983104485553287e-06,1
0.06122079552389125,0.8959865918954167,0.011418584631378192,2.209325819165891e-07,0.020356167503935475,0.011013664639953796,3.974872842741109e-06,1
0.037411550086078875,0.8708436536449558,0.03546557222391197,3.4536087957105847e-07,0.03028283024371424,0.025989770044723054,6.278395736726216e-06,4
0.15312015674167992,0.7249984753737924,0.05633180992911843,1.825080257964404e-263,0.0522227826960158,0.01329224614832416,3.452911106928742e-05,0
0.05741622205762961,0.8450000126136307,0.05293534493285526,1.7532725728643792e-263,0.03664866908950815,0.007922761912450166,7.698939392619737e-05,1
0.08700776167381565,0.8489332258410739,0.019357155580999326,2.560239235722e-07,0.036823015366149826,0.007863780086287547,1.4805427749902932e-05,1
0.1889606644484039,0.621636950273061,0.009803054751748901,2.3867701875952656e-07,0.16704025604130884,0.012554499116828613,4.336691630015611e-06,1
0.027047557129907605,0.9142557526728506,0.008571745388076235,1.8381412324095142e-07,0.04814115872565897,0.0019272857650210473,5.631650436210004e-05,1
0.01995350636213934,0.9413726436793755,0.003732580389197663,1.5064295098657655e-07,0.034003504973536956,0.0009131396940590321,2.4474258740422506e-05,1
0.0206534229256805,0.9430966324387599,0.0010351656689066015,1.3695955738683842e-07,0.03506581066549598,0.0001453548238280403,3.4765177715852903e-06,1
0.027795960503713694,0.911769449158872,0.008635975059955996,1.8302702935490613e-07,0.05141552757241668,0.00037825880493560805,4.645873076499448e-06,1
0.062330337551184736,0.9133705483475334,0.005267147259228298,2.051086655552432e-07,0.01655448490569536,0.0024736321300452796,3.6446976475828887e-06,1
0.0485435966127386,0.8865262852579651,0.009997950824204852,2.0293738525362978e-07,0.05302293721623286,0.0019044415339441656,4.585617529320837e-06,1
0.040244036978944714,0.8955741325842123,0.008838099486726361,2.046684329882603e-07,0.05255992347149929,0.002778978077522102,4.624732662425032e-06,1
0.031603659275727454,0.8971499270712282,0.017183599920016456,1.9993143179393305e-07,0.05134343680268055,0.00271465930456806,4.517694347695724e-06,1
0.042421068381800056,0.8954845315543996,0.01330468297283812,2.049880442245902e-07,0.044894420176480425,0.003890459971769815,4.631954667803934e-06,1
0.04298118663635363,0.8935468641060367,0.01275576729364182,2.0769466029804796e-07,0.0441960742566327,0.006515767449738021,4.1325629368978425e-06,1
0.037576411186366454,0.8988741746024482,0.013251475798645189,2.1576599048018813e-07,0.04478427131950133,0.005509158166434491,4.293160613864171e-06,1
0.039011511480329886,0.9020637315325252,0.020470778983457776,2.864477521271534e-07,0.03232200710084318,0.006128432959566329,3.251495525372298e-06,1
0.029867559731007007,0.8327981492554875,0.04443375154074043,2.4448424491894363e-07,0.08881998454367632,0.004077433763494044,2.8766813500388333e-06,1
0.027805911462292884,0.839595994419053,0.042125215174050774,1.9043715780183512e-07,0.08420538061540146,0.006264580667430879,2.727224613173984e-06,1
0.028895570352882722,0.8349399859379933,0.041524314716547384,1.979000148413835e-07,0.08750522359114786,0.007131873402241135,2.8340991729383864e-06,1
0.041969082427133285,0.8770763691331362,0.03710270124124701,2.432316617671576e-07,0.03534104283793954,0.008506778577432025,3.78255145006238e-06,1
0.0076807708538367435,0.06995895856337114,0.9149499164180427,6.889370148695433e-08,0.003437235908119786,0.003971854760395659,1.194602532778842e-06,2
0.0006322463374226835,0.0325017586083417,0.9566251620758227,4.201918650582e-08,0.0033771282255386325,0.006862988685134095,6.740485534754349e-07,2
0.01832236566891686,0.17024861718523052,0.034945650960439056,1.7462149608546294e-07,0.010248086958981146,0.7662334582822765,1.6463226599448747e-06,5
0.012560131655372734,0.15033813861612758,0.04035906964097576,1.8190863201282075e-07,0.004656626630725518,0.7920846443487621,1.2071994042089203e-06,5
0.0012967168885239554,0.4988656997449485,0.28585454688926876,0.00010698874501671588,0.00045578955228488456,0.2133842250134828,3.6033166474451756e-05,1
0.0007706820704484217,0.6375450164562306,0.28540206319562705,0.0001013063906714254,0.00036450312674439104,0.07579501304834514,2.1415711933044792e-05,1
0.0007140575981624026,0.6275545344254175,0.30880142761953905,0.0001265265069972861,0.00034257918557822176,0.062440747053280246,2.01276110252549e-05,1
0.0016957847365314553,0.6641486645278317,0.3101352650943902,6.833477915891211e-05,0.0007375764705048293,0.0231953997358761,1.897465570676497e-05,1
0.0020176783914578012,0.7406479297890645,0.21222355099379725,8.302909915468176e-05,0.0008815601667208521,0.044132664840227286,1.3586719577673107e-05,1
0.00094065779207383,0.34897064050520205,0.628546936005122,2.2222311162207876e-05,0.0004902885555096339,0.021025183583923742,4.071247006564126e-06,2
0.0013938472725549692,0.8316420316749643,0.15256767026412618,5.968663528885554e-05,0.0028373153983921595,0.011494841345489185,4.607409184563725e-06,1
0.0005525650891044737,0.744492684600858,0.04006925906439888,0.00037285557166868034,0.0002868637696872028,0.21422311014548232,2.661758800446985e-06,1
0.0007628597079148543,0.6915915531791147,0.04977775559178156,0.0002963207772355997,0.00035287717293485413,0.25720879778006195,9.835790956577697e-06,1
0.0038342750813868363,0.5798081401718486,0.11185839051543092,0.00010853276748174746,0.00026488377144911514,0.30410162112833744,2.415656406550092e-05,1
0.06653647916871426,0.001770990365254634,6.004981299542438e-07,1.0234050745089387e-08,6.868940622883501e-07,4.2593713435730104e-07,0.9316908069026538,6
0.2991776743487909,0.00325753139993728,2.8181580689576448e-06,6.37749591405448e-08,3.36876597477191e-06,1.919011979001736e-06,0.6975566245402899,6
0.36138636858876083,0.003943998432320352,3.3263801861818846e-06,7.527603323476155e-08,3.796154333117498e-06,2.2650835289583607e-06,0.6346601700848374,6
0.4020369867537104,0.006301793381208611,4.215513501252795e-06,7.322154273709293e-08,5.6592016319906885e-06,2.8705348346694337e-06,0.5916484013935702,6
0.3816321795478894,0.006285788318990432,3.949267237778826e-06,8.937197650435335e-08,5.0930926239218815e-06,2.6892356468776036e-06,0.612070211165635,6
0.5679785816776111,0.00787998696813004,5.4469944870274326e-06,1.5762559015495844e-07,7.144035075305558e-06,3.7091062369075225e-06,0.4241249735928693,6
0.8501338891018811,0.014153652071073887,8.755944346455116e-06,1.4921168461099434e-07,1.2151347674513207e-05,6.580182488054265e-06,0.13568482214085123,0
0.9190539069158173,0.06996681751039666,7.695326279377404e-06,2.1847828553246337e-07,1.0236676638180603e-05,5.78311707108137e-06,0.010955341975511866,0
0.24144333203145404,0.005378888267267035,3.732963937080237e-06,5.8223823475038264e-08,3.5510236053239278e-06,2.0471503334131685e-06,0.7531683903395795,6
0.6158114023027915,0.008524490652016057,5.34588872178485e-06,1.5843306312715197e-07,8.17579954055313e-06,3.868857395733765e-06,0.3756465580664712,0
0.9027389066200493,0.030372010669158903,1.8412033486029697e-05,3.4512221286142127e-07,2.2509857261129106e-05,1.2010958825160823e-05,0.06683580473900674,0
0.9816039109757677,0.00704174140935907,1.392517306432703e-05,2.610187813358755e-07,1.4306691475071481e-05,9.083987406158943e-06,0.011316770744146406,0
0.9876440648449356,0.0032116231530708683,1.2160749915108432e-05,1.7852121646949928e-07,1.3638192410154128e-05,8.350566596604427e-06,0.009109983971855223,0
0.9846846590450946,0.0030680633705904153,1.2124311085463019e-05,1.7798629023218376e-07,1.3597539406771759e-05,8.51328797848741e-06,0.012212864459554008,0
0.9903765197926704,0.003974580744985453,2.334091730585075e-05,2.3282891432357548e-08,2.0695047390585153e-05,8.089714902517237e-06,0.005596750499853762,0
0.9934669237137826,0.0019045105622766101,1.5076137100779503e-05,1.5038657595894888e-08,1.5899481832968487e-05,5.107048137678871e-06,0.004592468018211793,0
0.9810143641686299,0.0028250090032612093,1.2243568412629429e-05,1.954996292421906e-08,2.124202962249757e-05,6.639063434164365e-06,0.016120482616677066,0
0.9854996527541202,0.0024727942583145086,1.071707227732028e-05,1.7112524602032392e-08,1.8593628843242957e-05,5.811322343268814e-06,0.011992413851576986,0
0.9711809147136459,0.0035710410555859226,1.536666712750978e-05,1.6842596334046484e-07,4.17117687786239e-05,7.524382805031275e-06,0.025183272986093602,0
0.9394203101864361,0.013777717392053596,1.687585936249128e-05,2.2581700249755607e-07,1.9569219833151105e-05,1.1954288188232173e-05,0.046753347237123974,0
0.9350317841059779,0.03537911412839536,1.7081527180252663e-05,2.2856905731855772e-07,1.9920313026289485e-05,1.20180876457022e-05,0.029539853268716984,0
0.6067556911304003,0.3755165762543008,1.60254536796415e-05,1.8995108396773603e-07,1.0906761500284019e-05,1.029574218097525e-05,0.017690314706854053,0
0.5219070136056548,0.4780268911262765,1.4848893901922072e-05,1.8952509275968936e-07,1.5473132878941454e-05,1.0657264180474117e-05,2.4926452014716084e-05,0
0.6534816308847259,0.34647481152214,1.3570025998218142e-05,1.7320215586770285e-07,1.5464366958246392e-05,9.955820141564562e-06,4.394177880096585e-06,0
0.6105471413981218,0.3894097223295856,1.3620104894047331e-05,1.738413420212319e-07,1.5006997102308135e-05,9.924934776675568e-06,4.410394177422852e-06,0
0.7660495594720085,0.23390586275996808,1.3814443906154065e-05,1.1391503243955858e-07,1.442612062917673e-05,8.359439232065138e-06,7.86384922376405e-06,0
0.5984394262210062,0.40150116312411266,1.8574038885595612e-05,2.0115319259609095e-07,2.1278802066246155e-05,1.1154587227012529e-05,8.20207350976317e-06,0
0.5719280503196236,0.42475932844519415,1.4342462151649834e-05,1.6601637354805753e-07,0.0032838042366040497,8.445287060573272e-06,5.863232992419051e-06,0
0.5944632708959581,0.3905347775213195,3.273876806207833e-05,1.9942730779589638e-07,0.014905565157588467,5.141706857449554e-05,1.203116118962965e-05,0
0.011634618427562029,0.8987369016698313,0.0010933422950194093,2.483739145390507e-07,0.006757196294289543,0.08176229141242763,1.540152695556886e-05,1
0.0931064185533231,0.5321523791581311,0.011608149809012067,2.951007951920785e-07,0.03505612295693874,0.3280718768308925,4.757590907363352e-06,1
0.09878347562525176,0.67029977867351,0.016892419984558305,3.6727208820715857e-07,0.028302528501466983,0.1857155119148954,5.918028229373962e-06,1
0.012664598137344779,0.9717211056538883,0.0020394393870818628,2.0135515786215916e-07,0.007783942319782193,0.005774766465922932,1.5946680822225696e-05,1
0.024369480547303625,0.9625141011390748,0.0009522602493697371,1.630750534728263e-07,0.008986025216805596,0.0031640848485478996,1.3884923844951082e-05,1
0.05494427647536689,0.9086103961755239,0.00019504703062083617,1.358667966544743e-07,0.03603793249520724,0.00017246808185225658,3.974387463234244e-05,1
0.05652648481825907,0.9173020863693406,2.2568407707639213e-05,7.504148355079237e-08,0.026094015141158243,1.5155749274665092e-05,3.961447277621612e-05,1
0.09941057937887082,0.8956578509190298,4.002793393507838e-05,1.2666667533678373e-07,0.0046963053845537495,2.3521646097659854e-05,0.00017158807083754384,1
0.14194414378699013,0.8535163677683406,3.996834001658902e-05,1.2240134789527934e-07,0.004347777282496092,2.2729586763166777e-05,0.0001288908340455275,1
0.0945563234383844,0.905367554371057,2.9232990001119383e-05,2.666051497125581e-07,2.4909271523178824e-05,1.4117535461691638e-05,7.595788422861556e-06,1
0.08456499426653465,0.9153766272170176,2.603027227949247e-05,2.373963333161269e-07,1.2405717661528929e-05,1.2570841777360175e-05,7.134288395741686e-06,1
0.07472232826560303,0.9252186195262926,2.673278443766162e-05,2.438032509491301e-07,1.1601989142772472e-05,1.291063485631414e-05,7.56299641650988e-06,1
0.08673985127971898,0.9132147450274681,1.8003907540454384e-05,1.877588928725475e-07,9.253656816642786e-06,8.099538574938363e-06,9.858830988167378e-06,1
0.3178258059075582,0.6820965202095235,3.440657040632128e-05,2.039165598947866e-07,1.5766280955403312e-05,1.2743721796002484e-05,1.455339320062163e-05,1
0.5219895462245434,0.47792400848595856,3.1865699199944214e-05,2.1269505888163447e-07,1.732655855990652e-05,1.246408077111082e-05,2.45762559081193e-05,1
0.4690020893221606,0.530897592388421,3.7183049813149895e-05,2.435235298675292e-07,1.6846514780934535e-05,1.3557469433458381e-05,3.248773186103898e-05,0
0.41523152039909594,0.5846306832272103,3.521220592203706e-05,2.0392911562736477e-07,1.8054656128180586e-05,1.4741121842137694e-05,6.958446068577497e-05,1
0.5107876396837672,0.4891244325689347,3.541960642531737e-05,2.0287928578944898e-07,1.648052666246565e-05,1.2913573996933156e-05,2.2911160927771354e-05,0
0.5054442913883208,0.4944677748461384,3.513248670506594e-05,2.0123469823866694e-07,1.732187857194972e-05,1.2552727935605612e-05,2.2725437629854772e-05,0
0.5417627225189954,0.45815376710389744,3.760188514900812e-05,2.121114516385644e-07,1.4969277683894088e-05,1.3927222553287642e-05,1.6799880269455845e-05,1
0.4940125921795861,0.5058632490601996,3.486095687747542e-05,1.966499322969652e-07,1.4961548756981898e-05,1.391874309409158e-05,6.0220861553627603e-05,1
0.48300677858527513,0.5168629165909451,3.8696612811398235e-05,2.0561441211723337e-07,1.5643585614789618e-05,1.4951065779687083e-05,6.080794516165544e-05,1
0.47712687317549585,0.5226636301311534,3.948812703859437e-05,2.0311135553968838e-07,1.545314770012067e-05,1.5070452874606392e-05,0.00013928185438190783,1
0.8039639911778038,0.1958949474256876,2.7462268577946852e-05,1.3708337146592295e-07,8.772660308320213e-06,1.017130964480059e-05,9.451807460593958e-05,0
0.46460721083071016,0.5351885192425349,4.178230774022646e-05,2.1501338870591474e-07,1.7285004661561388e-05,1.7548408100703308e-05,0.00012743919286397224,0
0.32815301056257806,0.6716751202169039,3.015306492535211e-05,1.802655597070815e-07,1.4491614027429924e-05,1.5130794418718028e-05,0.00011191348158680112,0
0.7040735976156658,0.2952065920948063,3.9575802689294996e-05,2.907944070626562e-07,2.196429166190715e-05,1.832066540361611e-05,0.0006396587353660123,0
0.5906692571488636,0.40923336341845373,2.556290678792281e-05,1.9064460864912638e-07,1.0746511730701152e-05,1.382786233847068e-05,4.7051507216877806e-05,0
0.5104352621799341,0.48945574921235435,3.0223421095546296e-05,2.090905678116578e-07,1.1786298367883282e-05,1.5165787317351037e-05,5.160401036295645e-05,0
0.6872532305821645,0.31269702707720964,2.31482568163042e-05,1.7153319361860586e-07,9.669213782067407e-06,1.2192848956061752e-05,4.5604878778734466e-06,0
0.8416346383313321,0.15831869026412618,1.789573206385359e-05,1.7318506121135294e-07,9.76232847641312e-06,1.4636921586059927e-05,4.203237354045644e-06,0
0.8536911819924409,0.14626306028727712,1.8276945125721046e-05,1.7953696964269056e-07,9.431395862262602e-06,1.2650553818739387e-05,5.219288505884833e-06,0
0.8830197194126509,0.11694245642031875,1.55256043897246e-05,1.450415233840407e-07,6.996620525326407e-06,1.0940423298230323e-05,4.216477293679051e-06,0
0.9262727266773315,0.07051061016943953,1.4945084509750914e-05,1.3842593706378855e-07,1.0600906421952593e-05,9.989492054358973e-06,0.00318098924430593,0
0.9342338576750749,0.06458990878829386,1.624854857381262e-05,1.1939182150681777e-07,1.0468724392594392e-05,7.8581766167733e-06,0.0011415386952265468,0
0.9447734578410638,0.05376483073544842,1.533919794955793e-05,1.3101575469902164e-07,1.0100529979310956e-05,9.596551295266475e-06,0.0014265441285089683,0
0.9356784294996985,0.063144604420657,1.40582668081555e-05,1.2007501576598274e-07,9.428593341586857e-06,8.795171624399986e-06,0.0011445639728547153,0
0.6456206972483821,0.3514883347754968,2.604504723131493e-05,1.7947507463990874e-07,1.2625611437682849e-05,1.4427364488077676e-05,0.002837690477889508,1
0.6006011177749356,0.39544996110070857,2.7461109292457602e-05,1.892330851307767e-07,1.2687425446678137e-05,1.5331564723888474e-05,0.0038932517918077174,1
0.549187177550798,0.44713054201732855,3.104994788255061e-05,2.13963586408313e-07,1.434552022963261e-05,1.599612867910304e-05,0.003620674871495645,1
0.6155966037545956,0.38266583931998355,1.9649927886672968e-05,2.1347386242892555e-07,1.4320024377778975e-05,1.3030182804792348e-05,0.0016903433164891205,1
0.7254420639659941,0.27249779206121294,2.580614839261276e-05,1.8611529973569613e-07,1.4446116148053203e-05,1.2992874040513706e-05,0.0020067127189118063,1
0.6766440673530951,0.3210280069415087,2.585727073846233e-05,1.8648399678324578e-07,1.3537662926903924e-05,1.4108443759722549e-05,0.002274235843974383,1
0.6790333054994976,0.3202217141597553,2.6039258076728424e-05,1.8779649904023473e-07,1.3871741348115293e-05,1.3904708562776372e-05,0.0006909768362603478,1
0.6570748871976536,0.34218044434243916,2.3894006046399342e-05,1.8842185849674716e-07,1.46251493377575e-05,1.2683104155383508e-05,0.0006932777785089771,1
0.4897588230302677,0.5099884892147593,2.9252042258023114e-05,2.3067392535094289e-07,1.9450087866037747e-05,1.568933572678087e-05,0.00018806561519689664,1
0.2717915140920337,0.7281006174362127,3.494165620339706e-05,2.537535495698193e-07,2.1360964415303282e-05,1.869622466123503e-05,3.261587292413143e-05,1
0.2840169805608225,0.7159042405901865,2.9886793077092237e-05,2.0744168251532997e-07,1.950866414841238e-05,1.5114581739572809e-05,1.406136834335949e-05,1
0.2903938198457367,0.7095288698143863,2.9329676178523075e-05,2.035747816237288e-07,1.9145004975025814e-05,1.483283224305774e-05,1.3799251698696954e-05,1
0.7068586720970373,0.2910437663534388,2.6746001205998315e-05,2.1892103720301377e-07,0.0020445483483051917,1.2187796685746923e-05,1.3860482289488932e-05,0
0.6383100567738756,0.36002724186795637,2.36373189913273e-05,2.1988122024388123e-07,0.0015995448430059698,1.2524525043975513e-05,2.677478990632178e-05,0
0.19673436595257143,0.8031803692246698,2.638387202389675e-05,1.9027581276120695e-07,1.749082004766882e-05,1.5213506676424188e-05,2.598634819790154e-05,1
0.15447387731162818,0.8454175194392445,4.312283430683733e-05,2.1513645237016663e-07,2.402241333783929e-05,1.579475532477552e-05,2.544810970545226e-05,1
0.1234971421760607,0.8764087041767753,2.2801289557760602e-05,1.9593914595508088e-07,3.533185266111455e-05,1.41727582144825e-05,2.1651807584638665e-05,1
0.4404510809453321,0.5582569120622108,3.170255880884082e-05,4.160215688501159e-07,0.0012325972289448305,1.9287160873206395e-05,8.004022261565096e-06,0
0.40058185121052514,0.5983074913305586,3.5024820779658705e-05,3.2185034381243087e-07,0.0010402188984463847,2.517549505824995e-05,9.916394288410814e-06,0
0.39119737284521894,0.6075968956994533,0.00025503586983266615,2.2057621640463078e-07,0.0006021738176813492,0.0003424368154971556,5.864376100273323e-06,0
0.11536789197489607,0.8827249318730296,0.00047213386880300454,2.4553984558565947e-07,0.0011368023553200348,0.00028825157288653883,9.742815218943098e-06,1
0.16965986896087115,0.8236726182833038,0.0020742345198070723,3.357333405293592e-07,0.004014710093231804,0.000565847839735664,1.2384569709826133e-05,1
0.1053727714745658,0.8859035786691127,0.0014314444880225926,2.1091757657958452e-07,0.006902098446595609,0.0003815900473429726,8.305956783780861e-06,1
0.11576551115279493,0.4725048160385777,0.0018689037141256678,1.209863231555964e-07,0.4092602213371041,0.0005981067109475073,2.320060127210249e-06,1
0.15358767852680733,0.7946850045758846,0.004009199709468449,1.8171123230747224e-07,0.04543806647575499,0.0022758458633360054,4.023137516385491e-06,1
0.13872115437896354,0.803243836072719,0.004915254025464,1.7933959720236862e-07,0.051221899092322686,0.0018933852997778835,4.291791155750637e-06,1
0.036259341787572695,0.8928737537578543,0.009393334910859853,1.9407485445513094e-07,0.059402987343100816,0.0020664031016492434,3.985024108617438e-06,1
0.020234729354149477,0.8985975474073084,0.018822630460335058,1.9788125430656835e-07,0.05792774743831567,0.004412676090548253,4.471368088921231e-06,1
0.03370385448454504,0.8858795516471426,0.03225757988204527,3.2836449931555574e-07,0.023441990896712357,0.024710725310467654,5.969414587881388e-06,4
0.11887628754447262,0.836784500061425,0.006723208291926196,1.2957652857718993e-07,0.03261094817866673,0.005000830802751177,4.095544229987325e-06,1
0.03211560208318997,0.9304733187752079,0.008893881909101007,1.9747791208519777e-07,0.0259594893749919,0.0025184773015158243,3.90330780812655e-05,1
0.032468516353248926,0.9145644770245938,0.010335020370524764,2.1307767396647886e-07,0.04006119649277452,0.0025052944844526225,6.528219673125714e-05,1
0.022928809063169905,0.9193368103023898,0.0052117392707418855,1.7729365937762768e-07,0.05142447761334523,0.0010746860495126607,2.330040718139875e-05,1
0.01925887598984889,0.9164783456328711,0.009871864183915445,1.7329155189961493e-07,0.0537447230962384,0.0006225050381746793,2.351276739958196e-05,1
0.022168247646799095,0.9212450904199142,0.006718683202798835,1.8108671940282163e-07,0.0492168735701382,0.000621488334796236,2.943573883405177e-05,1
0.02320119631833727,0.9208085064945233,0.006341967513785303,1.5898263106920365e-07,0.04923581896543158,0.00040831618404959386,4.03554124174315e-06,1
0.023697965862598817,0.9163357095116187,0.00836950022409901,1.5821037817670193e-07,0.05110863898705282,0.00048401126551956707,4.015938733118233e-06,1
0.02717750053747632,0.902898286782702,0.007791972590936168,1.7599496315404528e-07,0.06164929341659399,0.0004791568955581807,3.613781770611891e-06,1
0.03468568911077695,0.8754414793512783,0.005592176042603904,1.8530111837886297e-07,0.08330635171322401,0.0009703136118609388,3.804869137563947e-06,1
0.07936620464389789,0.8847917093305272,0.00473999524932892,2.013966724505731e-07,0.02911729566616653,0.0019810149763685773,3.578737038362353e-06,1
0.12019794204340427,0.8382144825439697,0.006465317984690644,2.030261270047845e-07,0.03244303280043475,0.002675368889620601,3.6527117530491783e-06,1
0.024605227707348482,0.8233040415651691,0.08019279057767495,2.166092312668627e-07,0.06708040324691582,0.004814751679407425,2.5686142530262493e-06,1
0.0425646275149631,0.849152539177276,0.050339719387845955,3.117429763345962e-07,0.04668632434839589,0.011251863539440415,4.614289102323866e-06,1
0.0009619463951167001,0.04356473688700015,0.9456450158152131,6.144440959805814e-08,0.0027226816543864936,0.007104572146633917,9.8565724024635e-07,2
0.0007506689201089845,0.054697282893716365,0.8811134236655316,5.992561423436977e-08,0.04948269443697734,0.013954908864486623,9.612935649101413e-07,4
0.005589578061547135,0.6785001363677964,0.2811924081721728,6.479556143095589e-49,0.015101214171751325,0.01961271648595123,3.946740781055689e-06,2
0.012299895228234839,0.49977504951351,0.16842930917318263,3.3343939839674805e-07,0.007244845926313144,0.31224743731389226,3.1294054685980273e-06,2
0.020414115621155283,0.40956852337510613,0.10241497227878132,3.2356605099019094e-07,0.005649752691782837,0.4619492439172205,3.0685499028964564e-06,2
0.02307521395918252,0.3945620386750347,0.07308772622973186,3.511546714080235e-07,0.00793458389925062,0.5013370050983936,3.080983735263713e-06,2
0.013559950906018702,0.33458514216595686,0.04216891078024919,2.3616221466453838e-07,0.0032685330050059927,0.6064149428457039,2.284134850755348e-06,5
0.016769297121373712,0.20884870217633167,0.042289999122748556,2.9522040438641993e-07,0.004823877565878689,0.7272658585478068,1.970245456279997e-06,5
0.0028778838615609384,0.12687247929501078,0.07173232908275745,2.993747506734177e-07,0.0071165180668186735,0.7913985053323509,1.984986750584676e-06,5
0.0011407054696360942,0.46279151701286925,0.27107581490055904,0.0001426465253499053,0.00029292798284123863,0.2645115530303498,4.483507839456688e-05,1
0.000787825489933834,0.651726871824403,0.2652862163589309,0.00010355989833486796,0.00025663803276978754,0.08181699630238587,2.189209324166057e-05,1
0.0019091364795520904,0.6739454004629846,0.29808134474223846,7.347028009016418e-05,0.0005905664868467062,0.025378719634469492,2.1361913818625907e-05,1
0.002169334300290685,0.745427603993479,0.22098733167395895,7.669763325364143e-05,0.000776610418026327,0.03054112519475122,2.1296786240096816e-05,1
0.0007321966908552247,0.25598961815397936,0.727197003876959,2.5752422792332835e-05,0.00031470143015120575,0.015738110509968713,2.616915294244234e-06,2
0.0013856536132227336,0.8596741224046249,0.13044586175109332,0.00017194244491657753,0.0025687557554086313,0.005749760664440868,3.903366293036176e-06,1
0.0007543061478699002,0.1475986745321176,0.829060651499634,5.039008885382199e-05,0.0009074527187843366,0.021621638152810173,6.886859930298718e-06,1
0.000575107519152763,0.8073085597873537,0.040442617853219724,0.0004266089657731758,0.0002839679454236661,0.15096068206313454,2.4558659423873634e-06,1
0.002675996691756116,0.7728037015224307,0.07694266208548654,9.40288273792157e-05,0.0002463427215123769,0.14721716809983573,2.010005159929682e-05,1
0.015358761439156259,0.00021351106525728395,1.4847031039221545e-07,2.774024887264158e-09,1.463028403631035e-07,9.352665356772878e-08,0.9844273364217573,6
0.011094662403854802,0.00017163220701144687,1.0467637388331443e-07,2.2022036233562197e-09,1.1973655885956352e-07,7.424761627512435e-08,0.988733404526381,6
0.05102060934929963,0.0018288339995936808,4.604659111236298e-07,1.0420350437754163e-08,5.254960545478923e-07,3.135521776090534e-07,0.947149246716613,6
0.06726491374311253,0.002995364241615026,6.070723221144727e-07,1.3738055705486391e-08,6.918126136066313e-07,4.133831494728632e-07,0.9297379960091314,6
0.13361001380738463,0.0065911729468228685,1.2263127643461846e-06,2.7751476150744473e-08,1.5628257786487404e-06,8.350521252533864e-07,0.8597951613036482,6
0.5021329150877466,0.006422662718142197,4.2312805168590994e-06,9.575394121688906e-08,5.486262054975412e-06,2.881271312567844e-06,0.4914317276262856,6
0.4657543102795105,0.0067900614114855045,4.572447289259312e-06,9.263105076026406e-08,6.381635721384766e-06,3.1135872817411196e-06,0.5274414680076608,6
0.9060379225012062,0.014766999557371808,8.939226346129528e-06,1.6517458731938633e-07,1.1707458969874715e-05,6.340649975932183e-06,0.07916792543154268,0
0.9188779848341998,0.07328849924950508,7.671954548252098e-06,1.6637301556105097e-07,1.0205586487442563e-05,5.4417660475494825e-06,0.007810030236196331,0
0.9112216179090601,0.04630797539295151,7.253844607648896e-06,1.6366982504924696e-07,1.0548247481862631e-05,5.754633016550105e-06,0.04244668630305739,6
0.8529366321716706,0.005907635034108828,7.772551022546111e-06,1.9251227085698148e-07,1.1504665466139716e-05,6.228552731831592e-06,0.14113003451272918,0
0.9833489264122631,0.005531923701963052,1.2227434583900421e-05,2.2919572052787755e-07,1.3293288723225125e-05,8.139257135576542e-06,0.011085260709610564,0
0.9810630523970975,0.003797980562916594,1.1926722722427459e-05,2.2355906213574657e-07,1.3866447225692618e-05,7.93908667893235e-06,0.015105011224297006,0
0.9852461334090616,0.003203825554327501,1.2131224455944338e-05,1.7808777931113404e-07,1.3605079822863948e-05,8.330291998839796e-06,0.01151579635255388,0
0.977589193201013,0.004855276600577068,1.9156634193447294e-05,2.1296587249520213e-07,4.436621976268014e-05,1.0523952696747422e-05,0.017481270425884515,0
0.990410745370483,0.0036867709095989598,1.528669647825572e-05,2.1979815505476006e-08,3.195764873348615e-05,7.559204543546757e-06,0.005847658190347394,0
0.9928073645876021,0.003318915846121651,1.3521704145648803e-05,1.9442039871972524e-08,1.5194246042572047e-05,6.686423555257652e-06,0.0038382977504931256,0
0.9932870671656894,0.0020736871232980725,1.548964329167712e-05,1.545113580414692e-08,1.3733774803450611e-05,5.247123543469202e-06,0.004604759718237999,0
0.9574996147160934,0.004283227095339683,8.346550866358104e-06,1.6417335183710225e-07,1.2614246321367019e-05,1.0004869317767246e-05,0.038186028348709544,0
0.9037361288690283,0.005928444050410747,1.7235231695520568e-05,2.2626598893252761e-07,2.041903354021772e-05,1.0902382713417611e-05,0.09028664416662281,0
0.9301891218217169,0.00655733221712411,2.27391420733137e-05,2.492963169218915e-07,2.06005565719808e-05,1.5065502302889345e-05,0.06319489146389404,0
0.9290907024428189,0.006419277151456653,1.7568153203151305e-05,2.3508063266816744e-07,1.9017762304289646e-05,1.399648142841457e-05,0.06443920292815615,0
0.9361491813233649,0.007384166845444066,1.57354065435697e-05,2.1055652707364017e-07,1.7717325624478126e-05,1.2536339073825957e-05,0.05642045220342227,0
0.9345363124838832,0.03644717124310408,1.7597199974340975e-05,1.8073316763029186e-07,2.162569150269188e-05,1.2380900687560777e-05,0.02896473174768031,0
0.7272342622907264,0.26012201167782956,1.9312521774069146e-05,2.667487550049071e-07,1.591465490249601e-05,1.3952519629150594e-05,0.01259427958638315,0
0.7111664438545833,0.2756207339837829,2.018178146686039e-05,2.7875515911622044e-07,1.6630976064137218e-05,1.4580524768426812e-05,0.013161150124175142,0
0.6793358999864334,0.3012007740617991,1.9414343896808465e-05,2.59784633781566e-07,1.8882273594903917e-05,1.3814678816371025e-05,0.01941095487082555,0
0.6232306677245036,0.3737658207888414,1.7665151519174297e-05,2.0100543129595016e-07,1.4915280296263713e-05,1.0410600600570405e-05,0.002960319448807546,0
0.7794246287682469,0.22053133085161322,1.5707849407562608e-05,1.2328053592226407e-07,1.1652245914318573e-05,9.046708994138993e-06,7.510295288076076e-06,0
0.6151731028337056,0.3847576016303109,1.8222854403261726e-05,1.9734993363627198e-07,3.188465263978263e-05,1.0943684366030336e-05,8.046994640954271e-06,0
0.6702870402168727,0.3262921745050963,1.7248120019104635e-05,1.220841741561154e-07,0.0033881258382432444,8.569700766711713e-06,6.719534827825144e-06,0
0.12282846036560417,0.6259268428451779,0.0012169946132997748,2.8101375670721165e-07,0.022750407026593065,0.22727205125366107,4.962881907246054e-06,1
0.09455400580646602,0.5404261052101949,0.009827819854837272,2.996889230155941e-07,0.035601163755688954,0.3195857741235607,4.831560329237565e-06,1
0.08010168936770695,0.9021140136434191,0.00041848550583586296,1.0129841858311305e-07,0.014417092967461275,0.0029302291752933076,1.838804186484583e-05,1
0.05406110977754146,0.9067686051545156,0.0002696438629176032,1.3050622262308061e-07,0.0384659936302575,0.0003956056882235106,3.891138032176162e-05,1
0.054134795706368935,0.939233751580737,1.9668975081173403e-05,6.540067377084879e-08,0.006529641600673331,1.3208643635013555e-05,6.886809283077545e-05,1
0.08505388163911988,0.9037651037041433,4.475338145165648e-05,1.2781322784603878e-07,0.010977809262821239,2.3734557680626532e-05,0.00013458964155542874,1
0.11586237968558455,0.8819642153687741,5.045675809766774e-05,2.2312497971074027e-07,0.002037136345435029,2.23581154794821e-05,6.323060164952838e-05,1
0.06039803485545633,0.9395625911558225,1.814402353978351e-05,1.654736690303295e-07,7.874479540493013e-06,8.05686973075599e-06,5.133142240848324e-06,1
0.09379778149213899,0.9061499723660511,2.3323285735180972e-05,2.3445406399118425e-07,1.1709806923466592e-05,1.2085190176590234e-05,4.893404910525162e-06,1
0.05935439898212004,0.9406025259023328,1.878541775460773e-05,1.826982796966298e-07,7.131093677981968e-06,7.881233966277243e-06,9.094671868534999e-06,1
0.31618550472137386,0.6837418718245009,3.309720606988857e-05,1.9615638304538973e-07,1.3175968871185592e-05,1.225875120358214e-05,1.3895371597655861e-05,1
0.5679232299963808,0.4319867089408963,3.3821656103183725e-05,2.066348909213405e-07,1.678560635687105e-05,1.356763197321213e-05,2.567953339889491e-05,1
0.5738824398620147,0.42602907463990086,3.279647878687448e-05,2.0350970722151203e-07,1.6828962095708862e-05,1.3362432637809987e-05,2.5294114856668337e-05,1
0.5384762859657419,0.4614402502715836,3.076664062239354e-05,2.0535913546756686e-07,1.6728959784960052e-05,1.2034190474437282e-05,2.3728612657286564e-05,1
0.5267193318750797,0.4731971172664146,3.111568264964787e-05,2.469006280407086e-07,1.5966489795928895e-05,1.2044048462411312e-05,2.4177736969845964e-05,0
0.39124953065343837,0.6086696282355486,3.2642411749413214e-05,2.018828212249017e-07,1.701189671119019e-05,1.2513734121621863e-05,1.847118560957387e-05,1
0.4492567271639436,0.5505897087992129,3.327779251306601e-05,2.486098150066308e-07,1.8113995390719242e-05,1.3149500917736412e-05,8.877413820712936e-05,0
0.6077208169327197,0.392182191033801,2.6653370420561012e-05,1.9934167223457875e-07,1.619315511398216e-05,1.2688399533036525e-05,4.125776673956253e-05,0
0.5349994918148745,0.4649151506920474,3.400309321725811e-05,1.947656668939841e-07,1.6765037349180904e-05,1.2397129858332241e-05,2.1997466986442727e-05,0
0.4995794088382663,0.5003469555285952,2.8270791584760595e-05,2.0558702192495484e-07,1.8399384205578723e-05,1.2824219560061292e-05,1.3935650766270085e-05,0
0.5369944340636132,0.4629307675670952,2.474966859712465e-05,2.1904381327701159e-07,1.6964949306832184e-05,1.3999709002841396e-05,1.8864998571398978e-05,0
0.8293816514923327,0.17048796786022563,2.5664549617880884e-05,1.4517569735388554e-07,9.081961719960338e-06,9.845740697912655e-06,8.564321970869084e-05,0
0.3105160563302708,0.6893243462508698,2.5879640269459945e-05,1.7009147686449325e-07,1.3673715800627954e-05,1.4276821224169087e-05,0.00010559715008833428,0
0.6542972564928968,0.3448114474562783,4.336753024682638e-05,2.6586210878889896e-07,2.4158615337157687e-05,2.2613454193299157e-05,0.0008008905889387858,0
0.7070652821760721,0.29284095449487246,2.370050664789504e-05,1.8247684648739575e-07,1.0286100326955864e-05,1.4558559618730386e-05,4.503568561551425e-05,0
0.6970800573204973,0.3028325470284973,2.2407146054557755e-05,1.725189006109849e-07,9.724777439658852e-06,1.2513165860480976e-05,4.2578042750136674e-05,0
0.4949045980570559,0.5049959256100981,2.7683764336698726e-05,1.941604436533873e-07,9.59631167306491e-06,1.4082873391697855e-05,4.7919223000966895e-05,0
0.7006272126212684,0.2993096937801986,2.2898524877368206e-05,1.7438652368613473e-07,9.8300541292429e-06,1.2395668141090876e-05,1.7794964861644065e-05,0
0.8443264472874912,0.15561103641945917,2.0241553298114866e-05,1.756828959504056e-07,9.90312978474692e-06,1.4848028773681799e-05,1.734789829700798e-05,0
0.8382489245236463,0.16170597823045008,1.7125790274783035e-05,1.661067131010694e-07,9.735217150527793e-06,1.4038687387772943e-05,4.031444377365206e-06,0
0.938160096681613,0.05828726867078606,1.5518885908341823e-05,1.1513187859346529e-07,9.910513065371228e-06,7.96674314416996e-06,0.003519123373604351,0
0.9330626596200315,0.06346956417463323,1.4686909384330705e-05,1.247813321567088e-07,1.0741134755736363e-05,8.870482108444968e-06,0.0034333528977547167,0
0.92107267093053,0.0734324659806744,1.6795159540183793e-05,1.5556189702165273e-07,1.344519767868949e-05,1.098393491885424e-05,0.00545348323476077,0
0.9412571943404137,0.056250940581637765,1.4463019702976277e-05,1.3396090559744152e-07,9.858740420410645e-06,9.667273564806813e-06,0.002457742083354702,0
0.628215581956976,0.3686636291421386,3.20262172555683e-05,2.206910082108098e-07,1.4873502363354295e-05,1.6499077366016438e-05,0.003057169412892183,1
0.55403839639663,0.4413247913027938,3.132422612226059e-05,2.1585362358531862e-07,1.4472240701151302e-05,1.748834670531902e-05,0.004573311633423797,1
0.6531671517938704,0.3434128097494812,2.593918100841871e-05,1.8707473795904744e-07,1.4187616634920649e-05,1.4533908237265608e-05,0.0033651906760299635,1
0.6879844561295223,0.31130339727801926,3.186716999514981e-05,1.8090554905225357e-07,1.4865350507114932e-05,1.4767774866874154e-05,0.0006504653915403311,1
0.2714447003981305,0.7284521631299744,4.349005554997888e-05,2.3966093318212607e-07,2.0174648489136475e-05,1.7564317208168718e-05,2.166778971457787e-05,1
0.28071225886897344,0.719205639408575,3.784451745822406e-05,2.085500295450794e-07,1.6773019675839883e-05,1.5160776136935161e-05,1.2114859150941113e-05,1
0.7001520185419742,0.29953590181219103,3.635654139996404e-05,2.0590316152941803e-07,0.00025278878784218905,1.1556426598480325e-05,1.1171986832474954e-05,0
0.6761999908575641,0.32351074276352404,2.649176502996911e-05,2.135453766631219e-07,0.0002281128450440014,1.216363277898846e-05,2.2284590682223083e-05,0
0.21404037990511737,0.7858703732804805,3.6966038152230464e-05,1.8908216054903844e-07,1.464782547985065e-05,1.5077674912368595e-05,2.236619369699677e-05,1
0.11869012908934766,0.8812104816802415,2.960909046382993e-05,2.1690422889504426e-07,3.84736318589355e-05,1.56892139998047e-05,1.5400389859227602e-05,1
0.1603309412993896,0.8394773887433812,3.21515453441918e-05,2.3552922570131224e-07,0.0001255236961206905,1.703640562501092e-05,1.6722780913586383e-05,1
0.4765524375510262,0.522869807020389,4.6194578094803864e-05,4.24491560873811e-07,0.0004834085894497061,2.8038600875286337e-05,1.968916860400471e-05,0
0.31775327144978016,0.6815136861597914,3.9015301941440226e-05,3.36732785173735e-07,0.0006487426465229829,2.2293657917542604e-05,2.2654051261397484e-05,0
0.47685276164815377,0.5190375011819855,4.055002213353331e-05,3.3419029836214414e-07,0.004029862427009415,2.8820841406043565e-05,1.0169689013291645e-05,0
0.38811148400040807,0.6110068915837273,0.00018056183159243544,2.500109779457144e-07,0.000587627264244026,0.0001074346303418485,5.750678708503832e-06,0
0.2858434310153158,0.7132070893293533,0.00025004214638042017,2.461861794892473e-07,0.0005786374355903957,0.00011483745081929075,5.716436361451494e-06,1
0.14994681876892754,0.8471813198474218,0.0009706601555968896,3.049631002158415e-07,0.0014810270421531998,0.00040861970922044175,1.1249513580011887e-05,1
0.16534179806922328,0.822540704935188,0.0018536726129851115,3.234763874473401e-07,0.009822509114943206,0.00042905935744464466,1.1932433828310786e-05,1
0.08505704853240932,0.904942875740616,0.0015103952226542205,1.9608844857306587e-07,0.008151484023564923,0.00033393601274497013,4.064379561752106e-06,1
0.14562576147133555,0.8241497123877944,0.0004078976121691342,1.8684581748910213e-07,0.028338476237968202,0.0014740926399267344,3.872804988400942e-06,1
0.14131548618670225,0.8238191172445463,0.003207323754623007,1.8484001696803098e-07,0.031114251758436455,0.0005398049854691829,3.831230205683664e-06,1
0.09643475686532298,0.8449582931992313,0.0032165057998582453,1.8926651352637171e-07,0.054348790872494585,0.0010378345806257546,3.6294159537678503e-06,1
0.0933005605714468,0.8500480265697727,0.004022813185244787,1.9659781429836618e-07,0.05136540873921431,0.001259224333930182,3.7700025767683304e-06,1
0.03143723170121246,0.8383813306922874,0.029541025441904237,1.5113314043705935e-07,0.09975810723108705,0.0008790505173081186,3.103283060258524e-06,1
0.14681330813183283,0.6665860574029374,0.057772446777958564,3.0506066131314e-07,0.10295789462651124,0.02583409944022768,3.5888559870882896e-05,4
0.1598339221466071,0.6077531959123756,0.06769527083420368,3.2656940959599956e-07,0.1363780924264695,0.02831450694376598,2.468516716856094e-05,4
0.09113671186621893,0.7407372476461024,0.018197356125611856,3.1013490344464146e-07,0.10280344965317861,0.04711928655945909,5.6380145256035145e-06,4
0.048602537567114495,0.6162974596624862,0.011162009768664188,1.9023251498499878e-07,0.2957759269203881,0.028158417567707247,3.458281124810438e-06,1
0.13142966080598753,0.7368246217829845,0.03703606026297523,3.13340289760797e-07,0.05952278206073168,0.03517997947279848,6.582274232999586e-06,1
0.25518898605857293,0.5411511450398064,0.10111948200277655,3.1876518484336454e-07,0.0641346967741604,0.03838128873322112,2.4082626277630254e-05,0
0.14844523147302205,0.6876400073833121,0.07668395360972502,2.970460824856745e-07,0.06377510949998436,0.023415462448027478,3.9938539846570376e-05,0
0.053811398741738306,0.8801934039839793,0.020083451578834528,1.478516616740036e-263,0.04015830044593406,0.00570735179934899,4.609345016490015e-05,1
0.10945332793000544,0.8125528918573415,0.007718061090789146,1.969943249638274e-07,0.06007747143058832,0.010169560325854969,2.8490371095821522e-05,1
0.023074454896694938,0.9157037787200643,0.0051118798440491,1.5404774640126085e-07,0.05574188208387448,0.00036468727762795837,3.163129942880551e-06,1
0.03077314983203407,0.8589888575803304,0.011660007019600667,1.7512359829837982e-07,0.09774276608123986,0.000831448473542629,3.595889653846029e-06,1
0.0384655054351388,0.8786324710919841,0.0055885176152718615,1.890506577919004e-07,0.07625183640161655,0.0010575985452559477,3.881860074896429e-06,1
0.07223298939571296,0.8818351218807784,0.008019346968905041,1.9540885706179683e-07,0.035976554592648764,0.0019323194171058005,3.4723359918607096e-06,1
0.09220304173124505,0.8795060816313692,0.0066520407227501285,2.088896582992565e-07,0.018858376102701153,0.002776492717747456,3.7582045287311213e-06,1
0.03610534862907662,0.8955007797490273,0.020288409592153202,1.9993994766310776e-07,0.0449636702081947,0.003137486426960747,4.105454639912669e-06,1
0.03792976961190928,0.888661151640945,0.020910042764594388,2.0146859304142758e-07,0.04718060211978,0.005314589660557044,3.6427336216999475e-06,1
0.025147134359170917,0.7827091818784089,0.12226504518331859,1.7055084626315654e-07,0.06653614089630408,0.0033391306145171776,3.1965174340080173e-06,1
0.02261153239379599,0.8513494531676238,0.05916740949654086,1.8993831898374203e-07,0.05778092480113693,0.00908719671142177,3.2934911614917313e-06,1
0.007427100577946138,0.08694119905008005,0.8920347215606181,8.983650369473732e-08,0.008416083530109135,0.005179247698351802,1.5577463909389575e-06,2
0.001234372573533316,0.057228782116162565,0.9336992286566026,6.923327451645518e-08,0.0043338135606881155,0.003502623257835013,1.1106019040544851e-06,2
0.0009651920252256533,0.04499115025479025,0.9456255620445695,6.183472499483692e-08,0.003742665403152135,0.004674376519073486,9.919184639985362e-07,2
0.0019608153148436562,0.13564563119543285,0.06008789484405431,8.134516839484739e-08,0.7904016351101742,0.011903278430999174,6.637593274053897e-07,4
0.0045613905196629214,0.5767020973753577,0.3821324639319663,3.5236944421571893e-07,0.017982167659542466,0.01861814716068482,3.3809833415606413e-06,2
0.010464959433211156,0.5205950801570662,0.23533978915200796,1.923044493954414e-07,0.00293996038610192,0.23065682211176639,3.1964553969730602e-06,2
0.011729386390050457,0.48603453495806515,0.2597147573637931,3.1797340293464457e-07,0.004295547138398842,0.2382224719227465,2.984253542913378e-06,2
0.01811132379777983,0.43314757649077595,0.11385295053827192,3.2348905704966865e-07,0.0052928458009625055,0.4295918231033492,3.156779803461285e-06,2
0.01309453287800651,0.3295013678632162,0.03851045064472671,2.2162967467840805e-07,0.0037603676165267816,0.6151308536313308,2.20573651839261e-06,5
0.009245483065580849,0.18236579934499073,0.04424160059201999,5.698976601305341e-85,0.004045001012808473,0.7601005910197123,1.5249648876644988e-06,5
0.007133058398200311,0.1584188965567494,0.014360171422773937,1.9076100476386965e-07,0.0006650984643830088,0.8194214584469063,1.1259499823570849e-06,5
0.0010514108941633293,0.6521650825049666,0.2012452171886164,9.744839202347154e-05,0.0003425022761493311,0.1450691221401191,2.9216603961690074e-05,1
0.000768540041187192,0.6357730275480082,0.2892581840627689,0.00010102482027879708,0.0002503557028748301,0.07382751163565425,2.1356189227937668e-05,1
0.0021573828995090872,0.6736608946857324,0.30040979861445644,7.284275408827828e-05,0.0004032816366766698,0.023274619952575255,2.1179456961856306e-05,1
0.0025610208890912774,0.82826711662076,0.1305326942235441,9.755153723189435e-05,0.0006019059389673533,0.037914568739028154,2.5142051376816922e-05,1
0.000727331267279189,0.2495471918098914,0.7362905453973502,5.816697823811481e-06,0.00030778063998807253,0.01311561201794344,5.722169723940351e-06,2
0.001035783764436183,0.6194517606466455,0.3704984298022783,4.6674749681533134e-05,0.0017168740288833106,0.007247375549370344,3.101458705157985e-06,2
0.0012353940528146074,0.8136848157590645,0.17569747194032848,0.00021374832752475115,0.0023959041007293536,0.0067689712685447745,3.694550993468635e-06,1
0.002260616398178662,0.4329517019607727,0.5117992726209006,0.00015202332280795955,0.00123344373697909,0.0515338549180214,6.908704233954842e-05,1
0.0041479146706555,0.4154750304942134,0.49887774847384136,0.0005279356307768365,0.0004383633570704254,0.0804662876213483,6.671975209420294e-05,1
0.006960646598609518,9.017339181970199e-05,6.311126463531785e-08,1.4282088601631207e-09,7.219132047057614e-08,4.4765220511978604e-08,0.9929489985135562,6
0.0515302557749648,0.0016244143422561542,4.650655191788411e-07,1.0524439636658474e-08,5.307452506926886e-07,3.166842598914103e-07,0.9468440068633097,6
0.06729493420310782,0.0025503663574100942,6.073432596559953e-07,1.3744187026092773e-08,7.249247136096439e-07,4.1356764316520434e-07,0.9301529398596786,6
0.5035366185656568,0.007389865928398461,4.943367341510196e-06,8.519816238959341e-08,6.860319443880829e-06,3.366163612132931e-06,0.4890582604573848,6
0.9281569305957771,0.019525279130363782,1.025850893242723e-05,1.9190436628840265e-07,1.211290652102408e-05,6.678664414985383e-06,0.052288548289624114,0
0.8166858317613951,0.007341352046514241,7.150196509052024e-06,1.770976559740043e-07,1.0568045347142355e-05,5.001001056498531e-06,0.17594991985152203,0
0.8512163861736111,0.06240173722406258,1.4037529368023127e-05,2.8705915988864693e-07,1.8767843060043846e-05,9.990245835588193e-06,0.0863387939249028,0
0.9827817300299586,0.0036563486434906243,1.1450468191366231e-05,1.9806751374663758e-07,1.3571261804055075e-05,8.309455378370327e-06,0.013528392073663225,0
0.9825770893835257,0.0036555872968689635,1.1448083906899965e-05,1.980262709530325e-07,1.3568435915351988e-05,8.307725134239637e-06,0.013733801048377705,0
0.9892292416599561,0.0032966760444467056,1.2137072345081127e-05,1.7621373311176854e-07,3.280295193979078e-05,7.031447485523362e-06,0.007421934610093772,0
0.9895813475956746,0.0050561494047665035,2.059942449198965e-05,2.9618665517232716e-08,2.3136989837361063e-05,9.955936506651005e-06,0.005308781030057373,0
0.9930106475987708,0.0029659362537807206,1.9494484324239937e-05,1.9446020741322822e-08,1.7277098065994e-05,6.536531758832506e-06,0.003980088587278552,0
0.9718133498887701,0.0035799938685755124,1.3909014978004422e-05,1.6884821727955607e-07,3.0128015726452706e-05,7.543246881659603e-06,0.024554907116851193,0
0.973034051707926,0.0032710733683194585,1.4075866062083094e-05,1.5427817116657272e-07,2.658756584674854e-05,6.892334146670926e-06,0.023647164879527827,0
0.9185573765014506,0.006574804159785888,1.964206760315121e-05,2.4996056433392244e-07,2.1285474817749084e-05,1.5105644175176912e-05,0.07481153619160287,0
0.919681649035753,0.00648326019434554,2.2482279344104847e-05,2.464802505927479e-07,2.036785143441493e-05,1.4895321474345075e-05,0.07377709883739812,0
0.8969767844103499,0.021504797809889602,1.9724052921080305e-05,2.3829567022814888e-07,2.1508778752544904e-05,1.2529509829503604e-05,0.08146441714258727,0
0.9048683203734073,0.026723326386646172,1.9897583692075985e-05,2.403921780577049e-07,2.169801141051022e-05,1.2639743538042682e-05,0.06835387750912782,0
0.924588459151092,0.0392731790245101,1.83415484503483e-05,1.8691718917849465e-07,2.1070813694152252e-05,1.325103048562575e-05,0.036085511514578526,0
0.642120025936997,0.3336469269985647,1.7948722461735847e-05,2.0730118939607733e-07,1.4200869302501305e-05,1.1236153831025548e-05,0.02418945401765339,0
0.7104497950519724,0.2895006411376613,1.5421569400221306e-05,1.7319366202848307e-07,8.816161773807854e-06,9.21054454423218e-06,1.5942340985935323e-05,0
0.7628854536743316,0.23707445116786105,1.4174167691289718e-05,8.99825719918975e-08,9.792680954328805e-06,8.481286920145602e-06,7.557039669490525e-06,0
0.5972855441567926,0.39308275161806777,3.193835768573741e-05,1.9374788137576291e-07,0.009535084757253036,5.221003177040845e-05,1.2277330549209955e-05,0
0.028996867641655977,0.9595787528672041,0.0005709288336274188,9.211263982041483e-08,0.00646002977407243,0.004378064889737631,1.526388106264535e-05,1
0.04427363735337539,0.8544452327965647,0.0010112816667588015,2.5237451247209925e-07,0.0073240067661396345,0.09292855696309922,1.7032079549923298e-05,1
0.05998268816821372,0.8349235133614265,0.001053397892222664,2.600658413751482e-07,0.010195925172706559,0.0938369779008514,7.2374387378167115e-06,1
0.12363536030679617,0.6794996434730112,0.0011919524257905107,3.050655994007158e-07,0.010241170901469096,0.18542618017456683,5.387652766645254e-06,1
0.1421788878447275,0.6637241914522116,0.001222165501031742,2.9798311190749965e-07,0.010786500362067573,0.18208269428532253,5.262571527028215e-06,1
0.15512675796796432,0.6993538168595254,0.0012877730222706876,3.139792542685911e-07,0.0221988492265313,0.12202694387086584,5.5450735882789245e-06,1
0.036808541748147273,0.9199236794695068,0.003773621124277699,2.948402250783543e-07,0.018497692871327857,0.020972831783477003,2.3338163037819813e-05,1
0.039836106313169764,0.9551505321674071,0.0006382187276669193,8.073716848457195e-08,0.0028068146669473263,0.0015535916955290495,1.4655692111573723e-05,1
0.05991561829043601,0.8753900044520003,0.00034802235639541657,1.49244435361138e-07,0.06249944845729208,0.001835536626851161,1.122057258968953e-05,1
0.05750535895087407,0.9065464150863398,0.00037155807672483034,1.2548302177462863e-07,0.034350322341760796,0.0012021454629304357,2.4074598348174034e-05,1
0.05684538702332278,0.9224771765769354,0.00011610746851506064,7.546484075498684e-08,0.020311011779064282,0.0002104037238624298,3.983796345959028e-05,1
0.11648215471540875,0.881352607424569,4.326148016744459e-05,1.2355243877094387e-07,0.0020357236704641106,2.2942403270003523e-05,6.318675368198974e-05,1
0.1196667453258017,0.8793235582915593,5.030568734780947e-05,2.224569292994997e-07,0.0008738357793075442,2.229117385663021e-05,6.304128519787102e-05,1
0.12655895183974664,0.8733034449136794,5.095094332313586e-05,2.2531031766274434e-07,2.675760636134404e-37,2.2577096063170864e-05,6.384989687004515e-05,1
0.09668832142724709,0.9032578223762386,2.404203289276836e-05,2.4167916914968637e-07,1.207066476046695e-05,1.24576160940597e-05,5.044203597738382e-06,1
0.24485091613986085,0.7550766125795875,3.1122637861880046e-05,2.499148125023438e-07,1.3900320800364872e-05,1.3196598172275711e-05,1.400180890477364e-05,1
0.31191954923860277,0.6880021565549598,3.7168337866089734e-05,1.943028766080331e-07,1.3712478474199658e-05,1.2757912806495842e-05,1.4461174414319654e-05,1
0.581271636331347,0.41864184774642504,3.381889050532459e-05,2.0611178944416961e-07,1.5681427148934344e-05,1.3533285168104568e-05,2.3276207616223196e-05,1
0.5882793538999334,0.41165710474661515,2.2610256935515455e-05,2.0123550713505676e-07,1.4489391606062578e-05,1.2283693593442225e-05,1.3956775809288244e-05,0
0.5754028549495634,0.42452387030238764,3.607632235588021e-05,2.436352048308546e-07,1.5477060221758384e-05,1.188475799927292e-05,9.592972267214322e-06,0
0.37206307278307343,0.6278635988503627,3.8935775355754074e-05,2.5565277329326604e-07,1.4408137828881771e-05,1.28249403405794e-05,6.903860265398601e-06,0
0.2583622688941401,0.741560204166705,4.079704214491746e-05,3.107353493513805e-07,1.3960757886753796e-05,1.3850196493029072e-05,8.608207281182046e-06,0
0.44391343905473574,0.555933939563652,3.2434964094121805e-05,2.2033555212937312e-07,1.7898554440524715e-05,1.4349235048329983e-05,8.771829247704579e-05,1
0.44391358312389034,0.5559341199883151,3.2434974620673705e-05,2.2033562363781131e-07,1.7898560249381532e-05,1.4024696355448554e-05,8.771832094543428e-05,1
0.576361273977992,0.4235103736620115,3.368239457502537e-05,1.9292874327861273e-07,1.5672212592758083e-05,1.2280206886420609e-05,6.652461719905021e-05,0
0.8639645421204072,0.13599408715863337,1.5020238673887608e-05,1.423982404431463e-07,8.434684549515578e-06,7.772970070075857e-06,1.0000429425576142e-05,0
0.5744464377111931,0.42547875925585577,3.599671537734592e-05,1.978111150305615e-07,1.5049894030644292e-05,1.26426672660838e-05,1.0915945162105174e-05,1
0.6054731607921185,0.39435292927383414,3.0044870885351036e-05,1.9922380954132765e-07,1.6015674639339973e-05,1.625973495999245e-05,0.00011139042975298029,0
0.8206294493589322,0.1792373429150299,1.8297742416448235e-05,1.2787937526407564e-07,8.919153709570275e-06,1.0436928966625099e-05,9.54260215698965e-05,0
0.47037893207664594,0.5294146082912264,3.5423667781287816e-05,2.425856429290047e-07,1.74997327723517e-05,1.8149553790285194e-05,0.000135144092140843,0
0.43393959947703387,0.5658702262304468,3.276458461001641e-05,2.0082086890218617e-07,1.6144062823272958e-05,1.6390079631057218e-05,0.0001246747445859861,0
0.7551504761432826,0.24437064444520046,3.073940502307981e-05,2.4435128649987077e-07,1.2073916500163267e-05,1.686639104695416e-05,0.0004189553476603442,0
0.7255351962736586,0.274138438493254,2.42503897972181e-05,1.8671055104551926e-07,1.052475148011768e-05,1.4896337487013466e-05,0.00027650704377196744,0
0.6901754074187872,0.3097357094360254,2.1133773459431572e-05,1.7645152278443227e-07,9.946456775984325e-06,1.407784090816344e-05,4.3548622520980156e-05,0
0.6443602843043438,0.3555375191397278,2.6827441496405734e-05,2.0007533288647563e-07,1.1278115479497465e-05,1.451189299336401e-05,4.937903062631599e-05,0
0.8157449107832633,0.1841943579243327,1.960229589477523e-05,1.7013457709253897e-07,9.590374684488764e-06,1.437910664212483e-05,1.698938060552238e-05,0
0.833980352881942,0.16596923302718578,1.9170475684646594e-05,2.0049834747854825e-07,9.498577171642714e-06,1.3645517027051207e-05,7.899022641473745e-06,0
0.9443845363318616,0.05374269812901447,1.5332883479176717e-05,1.3096182129877218e-07,1.0096372037181344e-05,9.592600818904215e-06,0.0018376127209674001,0
0.947601569309791,0.05097327638523884,1.423740814064389e-05,1.2160510468920648e-07,9.548739786219931e-06,8.907246518535946e-06,0.001392339305420241,0
0.7815093273354143,0.21449952821377516,3.0643810143831304e-05,2.1116491223723717e-07,1.3517777622744791e-05,1.7365084445962403e-05,0.003929406613685619,1
0.6888360100688176,0.3062459045482147,3.303338756080156e-05,2.3823852880439622e-07,1.6252356348723115e-05,1.9301959916598744e-05,0.004849259440612857,1
0.7303107522930401,0.26577538518048466,2.900277937140038e-05,2.0916957051295703e-07,1.4435374938589675e-05,1.720099810617433e-05,0.0038530142044887875,1
0.7714078262699409,0.22577825087745093,2.8093836779819708e-05,2.0261422872770233e-07,1.4477696157528222e-05,1.574117724295523e-05,0.0027554075281991603,1
0.38688067868045783,0.6114592437454826,3.1891478278764944e-05,1.897356808211718e-07,1.5772389795735844e-05,1.4241034007199605e-05,0.0015979829362969618,1
0.42413941196201294,0.5740749208757346,3.2902264457765485e-05,1.9574926859408475e-07,1.7115489941254492e-05,1.6109652370793668e-05,0.0017193440062140733,1
0.45939347635215727,0.5396491477279445,3.163302437624261e-05,2.4190451177308e-07,1.9672178612237164e-05,1.7736844864968622e-05,0.0008880919675330426,1
0.7038705388325476,0.2959963099178048,2.7991106668252847e-05,1.909396981807304e-07,1.7665669178219555e-05,1.42957760068524e-05,7.300775809606631e-05,1
0.24912574373795027,0.7507640972175915,5.03618264616688e-05,2.7752924602934185e-07,2.3278817714398265e-05,2.237293210351786e-05,1.3867938932674494e-05,1
0.2342515002445065,0.765651150292703,4.420298931787746e-05,2.4358970195353553e-07,2.2878630123807726e-05,1.785224958005072e-05,1.2172004066781716e-05,1
0.6843076910877328,0.3155953454968687,3.561413649873304e-05,2.0169859447182244e-07,3.87509473089344e-05,1.2982825283520573e-05,9.413807712929008e-06,1
0.2988367203402844,0.7010384376844029,2.111268052806351e-05,1.6531956033196216e-07,7.552658193706705e-05,1.055103136994796e-05,1.7486361917249393e-05,1
0.42568347194970274,0.5724665119329659,4.479378828665245e-05,3.76703156120127e-07,0.0017531818320117745,2.7247861698585555e-05,2.4415932178212854e-05,1
0.5597394901111725,0.4393499136662737,3.7900425968879364e-05,3.4086453105739206e-07,0.000825606306282244,2.4655566191336186e-05,2.2093059580317507e-05,0
0.5998224432276832,0.39960548069075125,3.7391566276954366e-05,3.435988591528298e-07,0.0004915958954394038,2.48533468379079e-05,1.7891674152063508e-05,0
0.5559403438093313,0.4435517663219065,4.303932149756125e-05,3.954972534645705e-07,0.0004223614329803542,2.374928978460464e-05,1.834432724611825e-05,0
0.4343211348541064,0.5652320305890768,3.953089525263266e-05,3.6325759690002883e-07,0.00036609748400261133,2.399396292691749e-05,1.684895703774992e-05,0
0.540560278417612,0.45890172891844333,4.0905629248329795e-05,3.2219827347009735e-07,0.0004355573264105348,2.618533727597175e-05,3.502217273636986e-05,0
0.4573029032141298,0.5418660732270015,4.6104237913209815e-05,0.0,0.000745463087208477,2.6042410011346864e-05,1.341382373565457e-05,0
0.2844002383439936,0.7150682144882151,2.6859924934041838e-05,2.449432120061127e-07,0.00048258160047978254,1.6173124475006853e-05,5.687574690453416e-06,1
0.2271205617878542,0.772261447033515,2.7629235321231613e-05,2.2402779542871535e-07,0.0005682010067974238,1.5924247744697402e-05,6.012660972156541e-06,1
0.15284406177980578,0.8440562903916992,0.0005739646909955409,3.440418337065027e-07,0.0021371544918143523,0.00037549354949867846,1.2691054352589665e-05,1
0.1594488373627419,0.828353484911448,0.0021472748002908195,3.3641626206454966e-07,0.009678412777094676,0.00035642834782821225,1.5225384334342046e-05,1
0.10290641370293473,0.8914161536314127,0.0012526414274782055,2.180588703308833e-07,0.003923838046052603,0.0004901196180085125,1.0615515243062086e-05,1
0.09817764365088869,0.8950618697376239,0.0013335355305243307,2.1895068806654912e-07,0.004849270850317697,0.0005668023493522477,1.0658930604944078e-05,1
0.08750360031091868,0.9059136351986946,0.0014026456962052982,2.135573724782694e-07,0.00478382872104248,0.0003898904184651138,6.1860973014017285e-06,1
0.1409920126328523,0.8340643378965481,0.00046391257939032237,1.9936907597702002e-07,0.022643159021376733,0.0018322461227221478,4.132378034213817e-06,1
0.06633824333756395,0.8892696584887145,0.003425762186608121,2.023744258548024e-07,0.04041192492568228,0.0005500140162522151,4.1946707531784495e-06,1
0.10885782242151243,0.8180009286591046,0.005569379748976746,1.6752919549870355e-07,0.06650381303619261,0.0010638794495901418,4.0091554279562035e-06,1
0.02944000114502585,0.8580058357658373,0.0257756931667538,1.617994024624779e-07,0.08533027329403925,0.0014441627936778805,3.8720352634149285e-06,1
0.03460668827196363,0.8682824625875504,0.01325801381126957,2.0331727744518968e-07,0.0802095994934409,0.0035972205644560526,4.581195404184865e-05,1
0.028032821576326958,0.868427467591519,0.016841519267820328,2.3042875526069481e-07,0.08292806068952288,0.003752874972595208,1.7025473460372874e-05,1
0.03516969999130297,0.8665617626287855,0.01932562734921499,2.4245028981476284e-07,0.06973458996417277,0.009180197506150001,2.7880110084012978e-05,1
0.05357101440254579,0.8467281836722786,0.021827879155576827,2.369011677862514e-07,0.06837181062765466,0.009459339184903125,4.153605587333088e-05,1
0.05496834932916925,0.8500858296964217,0.020333609910794005,2.378405840941893e-07,0.06589740250945025,0.008680154906290802,3.4415807290172735e-05,1
0.18063575042157648,0.649631335163757,0.05165844078747673,2.973013949420187e-07,0.09243814182989421,0.025601058767249846,3.4975728650641516e-05,4
0.11451999061503554,0.497072014958809,0.013951718838166484,2.2825165925407524e-07,0.3382886346231857,0.036163263273154916,4.149439989095864e-06,4
0.10577023055025904,0.46240071902931246,0.010577672105749194,1.8050730848472548e-07,0.39659593661494086,0.024651938758831336,3.322433598662479e-06,4
0.04459494173593096,0.5140541906901204,0.01232941262115041,1.7979844857487037e-07,0.40485385249297595,0.02416415406356829,3.2685978053000423e-06,1
0.05351251463251791,0.8900768791070787,0.019720025799593557,1.4878544033225312e-263,0.033875965075968045,0.0027549838089220447,5.9631575919982635e-05,1
0.04250367035226199,0.8376542199307707,0.015399148805461439,1.5028176502448856e-07,0.10230368989050682,0.0021338935809492522,5.227158284872191e-06,1
0.06751326869031907,0.8532481370072594,0.017254384763353697,2.187821416848377e-07,0.05769165857817446,0.004288935115798603,3.397062953112573e-06,1
0.14742277032317644,0.7594202504036949,0.00730527596298814,1.9794801053158766e-07,0.08010850488043893,0.005716385909163894,2.6614572526962762e-05,1
0.07753029888246325,0.8488021719858604,0.01503554694294986,1.7468169195143158e-07,0.052396382752659294,0.006212467618942819,2.2957135432208383e-05,1
0.04320473576998844,0.8796094322070634,0.011394200519837592,1.69096447677008e-07,0.06154508507724934,0.004219450151141615,2.692717827173075e-05,1
0.0185799496867208,0.9410235613636201,0.004828093148897351,1.4884736854609976e-07,0.03431794803119956,0.0011629346627346868,8.736425945884364e-05,1
0.019038435220133217,0.9345715272463573,0.008672050939378801,1.7332770955349784e-07,0.03678220885932676,0.0008525172568702019,8.308715022397767e-05,1
0.022083519263346972,0.9285298157803186,0.0075174175528923805,1.0291610588463298e-07,0.040505054542745264,0.0011864959907785316,0.0001775939538122326,1
0.02060207374331588,0.9067260568094258,0.00869192064560732,1.9924380598961868e-07,0.06228078332285592,0.0016727673539367002,2.6198881052817463e-05,1
0.049495323492033845,0.8739243575528644,0.008335604604478295,1.8803763813827513e-07,0.06738835585304433,0.0008523094006429098,3.861059298033636e-06,1
0.08354281254037746,0.8711786447796303,0.007503552065233889,1.9829806079599516e-07,0.03575722472776215,0.0020140439129670757,3.5236759682820576e-06,1
0.04499234244471329,0.8891402999079786,0.013336089972000326,1.985198327561303e-07,0.05127743543516438,0.00124955742551302,4.076294797659016e-06,1
0.025921964004209173,0.9052916581297643,0.013903815603811336,2.0212597335430708e-07,0.05226112243941759,0.002617087355560112,4.1503412642306094e-06,1
0.02562996185107388,0.9049831711488086,0.03364683224008935,1.69788428498442e-07,0.02998018713247814,0.005756180098799682,3.4977403217365473e-06,1
0.02482880813031362,0.9147036692118202,0.032397493850934614,1.7161213985900334e-07,0.020419010868075575,0.007647311016880131,3.5353098358515972e-06,1
0.02114537331246034,0.8379066127045907,0.07626084314916204,1.8693918565439647e-07,0.05686856178613977,0.00781518062165145,3.241486809946531e-06,1
0.021683894732504844,0.8880544720240062,0.04642749763724398,2.0626239376019428e-07,0.031730149431286894,0.01210020336532287,3.5765472413993224e-06,1
0.01926933843233784,0.22484446262491636,0.7246423724969135,2.125135984237158e-07,0.01884089204533469,0.012399418770678695,3.3031162204239787e-06,2
0.002219275452278683,0.05296262111052319,0.9329363163676064,5.966356393467461e-08,0.007793134300128045,0.004087474872677885,1.118233221768768e-06,2
0.0015200427274413932,0.04763662054681773,0.9426027288440809,5.26463570664151e-08,0.004932027855096249,0.0033075406656761846,9.867145305168798e-07,2
0.0015488913218404054,0.05160428685281243,0.9375482691957283,5.761532737039795e-08,0.005377596815840996,0.0039189764496332415,1.9217488173548904e-06,2
0.0006929724918026199,0.04572439639352394,0.9440640245933072,4.8402969883364685e-08,0.004131409843550588,0.005385533802545205,1.614472300605417e-06,2
0.0008501414443025673,0.06244782012744744,0.9153385634914841,6.111101314328528e-08,0.013614473366716744,0.007747795097267157,1.1453617686598578e-06,2
0.0007171132332608657,0.047560919206245264,0.6741896691439004,5.3092495566027887e-08,0.26734698986289085,0.010184574951455319,6.805097516070455e-07,2
0.008009954134526364,0.4666865860318877,0.2470200217908389,1.809214869413939e-07,0.003987248534317123,0.2742915489124638,4.4596744788969924e-06,2
0.01177694741730125,0.4880053372654711,0.22051278079371628,3.192627407720297e-07,0.004531815603348601,0.27516750370546333,5.295951958942212e-06,2
0.002401981659419328,0.12823894801967362,0.07381930377112102,3.556363729775346e-07,0.005313190324856192,0.7902243414534351,1.879135121761571e-06,5
0.0010517409203020535,0.6042134083871222,0.24908750460625792,0.00013825166127875426,0.0003652109327185807,0.1451146577175931,2.922577472741608e-05,1
0.0012847199514811995,0.4692494665390341,0.508225092433259,2.9919274207863998e-05,0.0005897280618794099,0.020608371163428223,1.2702576710071167e-05,1
0.0009222958293379163,0.5604044460046722,0.4301696183997641,6.418598582673402e-05,0.0016851221308103379,0.0067515621262665875,2.7695233220312636e-06,2
0.001473933976620704,0.3093699990477916,0.6495359019935265,9.650205134392043e-05,0.0008806963818686342,0.03859794906327657,4.501748557209397e-05,1
0.012179239708016413,3.253090154927686e-05,8.662929811797479e-08,2.988545935943079e-09,1.2098238115039538e-07,1.0075926200426183e-07,0.987787918030947,6
0.012958172299195561,0.0001099487368689657,1.4745193436294183e-07,2.7549975110679547e-09,1.4529933127602127e-07,9.28851428048029e-08,0.9869314905725296,6
0.011055037252877471,9.031658510106125e-05,9.64574929450687e-08,2.0292930733374065e-09,1.1086382604079269e-07,6.841791186833963e-08,0.9888543683934975,6
0.0050917665169818915,6.464660461638788e-05,4.6166375431082564e-08,1.0447457646949283e-09,5.28085061037603e-08,3.1436784350463e-08,0.99484345542199,6
0.9429698521591233,0.012725820072961783,1.0576029512537638e-05,1.9784417548591695e-07,1.292935742314773e-05,6.885381922702867e-06,0.0442737391548809,0
0.9216253294558729,0.010929554004383831,1.0132618134750271e-05,1.933658886290298e-07,1.234831861529682e-05,6.729528381433043e-06,0.067415712708723,0
0.9074725846779572,0.00984047646780422,9.411016616288922e-06,1.795952010340043e-07,1.1675124355307917e-05,6.250280290367928e-06,0.08265942283777528,0
0.9847624868355803,0.0057659048575559434,1.1947177789208193e-05,2.443127084045689e-07,1.597309269172897e-05,8.502581902165412e-06,0.00943494114177242,0
0.9817977422523363,0.003652687807858473,1.1439003671418333e-05,1.9786920316890147e-07,1.3557673887904359e-05,8.301135725815568e-06,0.014516074257316715,0
0.9868008329162204,0.003208881129621261,1.2150367295528624e-05,1.783687984121865e-07,1.362676171397427e-05,8.34343703988682e-06,0.009955987019310383,0
0.9857125982882371,0.0033661755579195494,1.4349578787819991e-05,1.5183989104007664e-07,3.27734951665434e-05,7.503342258845013e-06,0.010866447897739153,0
0.9873594294445681,0.006569029180575858,2.252090910041847e-05,3.238145192108085e-08,3.0238959380488173e-05,1.0884611905687688e-05,0.006007864513017735,0
0.9897258282240101,0.004721187696918651,2.0602432044427036e-05,2.9622989894824098e-08,2.631897333798734e-05,9.957390091003261e-06,0.005496075660607886,0
0.9929715360099307,0.0031079490691151967,1.954935908642124e-05,1.950075908401527e-08,1.7325731137368704e-05,6.554931354317585e-06,0.0038770653986167198,0
0.992056021196735,0.0020827145934544855,1.6351669882588287e-05,1.6311019383913503e-08,1.6653401305124437e-05,5.539135433936484e-06,0.005822703692169253,0
0.9206459839035437,0.006589753889641353,1.968672955768758e-05,2.505289223899947e-07,2.1333873536651915e-05,1.5139991251412719e-05,0.07270785108354666,0
0.8912982074092655,0.006410105819060242,2.0000674989107768e-05,2.395021657874734e-07,2.0655428419378445e-05,1.4473621089832139e-05,0.10223631754500996,0
0.7339793380958288,0.26278185354565603,9.1620892847515e-06,1.8709027335600284e-07,1.3037946381920763e-05,9.937613641275182e-06,0.0032064836189338954,0
0.6468829738392595,0.35306835267497305,1.4853595741524674e-05,2.2428864155708822e-07,1.2461886839265465e-05,1.1904354160158833e-05,9.22936038472215e-06,0
0.7218940853003276,0.2780592523432786,1.4066424808286618e-05,1.694615463303092e-07,6.868408908201607e-06,9.358912727098483e-06,1.6199148403928803e-05,0
0.7253987672970615,0.27455964181172104,1.3286019613510692e-05,1.238623760549172e-07,6.117842536400935e-06,8.512006146227838e-06,1.3551160545421276e-05,0
0.6537192538606367,0.3430162087076472,1.4884114992663066e-05,1.5477346412918088e-07,0.0032306886902400316,6.668843773943327e-06,1.2141009245517112e-05,0
0.021383576136253933,0.9597541186934296,0.0007226831667161164,0.0,0.015753247009363442,0.002371410009786288,1.4964984450446037e-05,1
0.03417851698072485,0.8839060344624253,0.0008653144773585421,2.3437999597543718e-07,0.009980374117016437,0.07105251109923502,1.7014483243665265e-05,1
0.07818418951048405,0.8571423958102931,0.0010638342280725006,2.722753185679361e-07,0.007540931912783827,0.05606350770211396,4.868560933969293e-06,1
0.08829340984299881,0.756332597853444,0.021357021002414073,4.3541236434529934e-07,0.03424011753742722,0.09974802913969393,2.838921165764807e-05,1
0.026147573987383384,0.9676763335596098,0.0005550821608575492,1.538160233968718e-07,0.0024527281504976967,0.003152858978694482,1.5269346933958862e-05,1
0.028045640167541037,0.9667449446247957,0.0005074004819523106,8.283003459151826e-08,0.0021354321797542723,0.002551464119463313,1.5035596458851022e-05,1
0.05147667225453003,0.8934941925569976,0.0002502783096191281,1.147826405933156e-07,0.05379867045714718,0.0009704286390518543,9.643000013776483e-06,1
0.055164681859115904,0.9142089514661047,0.0001661058993930942,7.149339745328182e-08,0.030060997728663014,0.00034756307741231176,5.162847591350246e-05,1
0.12422271489601484,0.8756338880405296,5.20741221540672e-05,2.3027713010396367e-07,2.7347459562703926e-37,2.5835239827722378e-05,6.525742434341814e-05,1
0.30701596438762235,0.6929023909287895,3.591386566070348e-05,2.677234726023358e-07,1.4890842674342326e-05,1.4136973530475132e-05,1.643527825018579e-05,1
0.2999003371784005,0.7000179970846545,3.648712027014991e-05,2.2279720715339392e-07,1.4965452668246484e-05,1.4207806292058825e-05,1.578256050734762e-05,1
0.30577142593673545,0.6941507736820505,3.643572740713007e-05,1.9047304918551425e-07,1.4491598237504513e-05,1.2506446615292771e-05,1.4176135904851188e-05,1
0.5491716160483316,0.4507363725194436,3.601629931123848e-05,2.1901152052886168e-07,1.666286636592895e-05,1.4380280576915418e-05,2.473297445003923e-05,1
0.5974795965473976,0.40244299607875716,4.1530703056464246e-05,1.832085680235112e-07,1.4189508585506248e-05,1.1428284137875054e-05,1.0075669497349579e-05,0
0.549185838005313,0.45073834733428414,4.0816259278973844e-05,2.2916787322716086e-07,1.4558015034368622e-05,1.1179027745205148e-05,9.032190471234719e-06,0
0.5361252777052016,0.4637966240617703,4.3712855924764276e-05,2.454311688999879e-07,1.5591149825817812e-05,1.1972366841976328e-05,6.57642926674227e-06,0
0.4903154494805232,0.5095337178646678,3.0153150849626882e-05,2.135592082858827e-07,1.6248042752674753e-05,1.3537862270328504e-05,9.068003972799134e-05,1
0.5447488336159846,0.45506731658815497,3.095406356583712e-05,1.993989560727635e-07,1.4707886537186481e-05,1.5841004591410974e-05,0.00012214744221002746,1
0.8505447313163638,0.14933584259458738,1.58342921142591e-05,1.111118572559815e-07,7.749676066022607e-06,9.068440936122125e-06,8.666256807495977e-05,0
0.6720789883462417,0.3276729668847347,3.678406878403303e-05,2.1445535505580625e-07,2.5869088562718088e-05,1.6548136445635103e-05,0.0001686290198761656,0
0.6571576700982398,0.34231346527524886,4.349822543908384e-05,2.459970495746456e-07,2.516370109499532e-05,1.74378753772943e-05,0.0004425188275504043,0
0.6979647930739648,0.3011588276173487,4.273790830450799e-05,2.880035893027326e-07,1.9273603564969146e-05,2.3070094807042802e-05,0.0007910096984206502,0
0.7178226175205604,0.2814855913125099,4.165390356041089e-05,2.8646513519863974e-07,1.6360946255031507e-05,2.2855062599764555e-05,0.0006106347893791412,0
0.6514453412082758,0.3484747148137731,2.455523558697474e-05,1.730483811610934e-07,9.754623911495837e-06,1.2551570220350774e-05,3.290949985114442e-05,0
0.8275542699716859,0.17238631421885986,1.9456744587280895e-05,1.6818879738317378e-07,9.480692356621114e-06,1.4214656978680891e-05,1.609552673433403e-05,0
0.835009604607602,0.16493177327573139,1.9386980094495356e-05,1.6826578259935295e-07,9.485031962837216e-06,1.422116346696931e-05,1.5360675359579406e-05,0
0.5902168894385685,0.4097221040055824,2.916031823849432e-05,2.1477632020293103e-07,1.1230093284857352e-05,1.380857148923134e-05,6.592796516359807e-06,1
0.7781660631427706,0.21586410343909118,2.9202050982549545e-05,2.228758931787168e-07,1.538128646015718e-05,1.8328133519027057e-05,0.005906699071283311,1
0.3565076830767372,0.6419795868407536,3.0194574311913472e-05,1.8557360365738024e-07,1.6225772742714704e-05,1.3606568124664536e-05,0.0014525175937259486,1
0.36531121249085036,0.6332753607031444,2.659761935153628e-05,1.8436285277079436e-07,1.5389957752649783e-05,1.3517793837289348e-05,0.0013577370722109533,1
0.41106313517149773,0.5887023591022279,4.6031135428787325e-05,2.2733331494443148e-07,1.8022530427422672e-05,1.5796034096531367e-05,0.00015442869300666545,1
0.5966159833851247,0.40329706596386156,3.960455074350101e-05,2.2841378593149506e-07,1.3983638455887008e-05,1.603154316244311e-05,1.7102504866002537e-05,1
0.21416150709351747,0.7857447767610671,4.366261506646312e-05,2.4061185803671824e-07,2.0115506396727963e-05,1.7674208768496306e-05,1.2023203325309255e-05,1
0.23303014342197506,0.7668786718695768,4.2432243932245926e-05,2.343575166302504e-07,1.9592634225773172e-05,1.7214794437759146e-05,1.1710678335853464e-05,1
0.26595250359619316,0.73395046289777,4.474536503150196e-05,2.1590241146748765e-07,2.3560948827088884e-05,1.663899304384844e-05,1.187229672298748e-05,1
0.6847426128913549,0.3151807169105409,3.3331062097973536e-05,1.754904827150685e-07,2.2203799860604027e-05,1.2150550266677371e-05,8.80929539614208e-06,1
0.7435282315505235,0.25638595579378604,3.4052027394193995e-05,1.9285168024695078e-07,3.183041732219855e-05,1.0736460503678608e-05,9.000898790168253e-06,0
0.6927322016881101,0.3069945776040576,3.109067259739241e-05,2.113159194594665e-07,0.00021372299396516428,1.1764403712582972e-05,1.6431321637593904e-05,0
0.3241351661629558,0.6757594858747904,3.073834759079061e-05,2.401021644118138e-07,3.716683314465314e-05,1.5323809618260084e-05,2.187886973576902e-05,1
0.22023465000117912,0.7796715315790426,4.376889758131959e-05,1.9400039461174828e-07,1.5028831461644195e-05,1.5160479367384575e-05,1.9666210973147404e-05,1
0.5492771129508945,0.4494648429905442,4.736097553901191e-05,4.0876252158021625e-07,0.0011508581616198913,2.6662524497154997e-05,3.275363438357499e-05,0
0.5227266626585967,0.4767957904624037,4.04680126924312e-05,3.718689634531719e-07,0.00039712818966281563,2.2330430104342273e-05,1.7248377576586318e-05,0
0.5721859508155704,0.4269728693778018,4.607387640549578e-05,0.0,0.000754316984196523,2.73839558361219e-05,1.3404990189515249e-05,0
0.3855982463388298,0.6140506936038977,2.4640304598640057e-05,1.444836526931652e-07,0.000308111763456792,1.2181050541899783e-05,5.982455022647853e-06,0
0.3088968332668367,0.6892825542976239,3.6667109999970016e-05,2.568798021461452e-07,0.0017576669611977106,1.8136275112679064e-05,7.88520942677549e-06,0
0.2918114081927873,0.7075164998772141,3.583599961741246e-05,2.4207486238217735e-07,0.000610582183647176,1.772519154086007e-05,7.70648033077531e-06,0
0.3061882671626428,0.6932535306597274,2.4735208321089904e-05,2.0150671569320928e-07,0.0005125543387864653,1.383471112262432e-05,6.876412683836851e-06,1
0.15712316892188471,0.8350621893871994,0.0005604844720605272,3.5385713939143697e-07,0.006939846261280407,0.00030090397796878163,1.305312246678606e-05,1
0.09060485606444045,0.9039551081369352,0.0013242653441960584,2.211261585368082e-07,0.0037032746018438143,0.000404356412324945,7.918314100886945e-06,1
0.08750760859936435,0.9059551324987354,0.00128187287959755,2.1356715492774063e-07,0.004881890933672934,0.00036754961265128,5.731908823684929e-06,1
0.07274993648012007,0.9170896396299274,0.0017909701554537387,2.062078976305718e-07,0.008058775628928105,0.00030619776948900043,4.274128183992815e-06,1
0.07060413177554453,0.8987248020931742,0.0036077736472609656,2.0177838485699245e-07,0.026546990081419385,0.0005119183077698458,4.182316446399575e-06,1
0.05698286649404047,0.8971424148869662,0.0032979978794306845,2.0416605850613853e-07,0.042098191335558116,0.0004740934315268089,4.231806419166163e-06,1
0.07251531116173607,0.883539468072674,0.002938331608703695,2.0107038496640006e-07,0.03992956411364499,0.0010729563313195802,4.1676415366535575e-06,1
0.08288976212501825,0.8477662737440903,0.002660338741393575,1.8894955409905254e-07,0.06473430687938464,0.0019452131508393164,3.9164097195465706e-06,1
0.05561409486688117,0.8501762406567828,0.027738253314556725,1.7411880187326695e-07,0.06523129895305994,0.0012357712380588165,4.166851858635238e-06,1
0.04635286175915885,0.8400997428325452,0.01625605623422106,2.2491656532128758e-07,0.09058493911699846,0.0066776983799392165,2.847676057186508e-05,1
0.030879843919330612,0.8636064340923025,0.011335608428830073,2.0222233723405527e-07,0.09107923984128034,0.003066452418938074,3.2219076981160884e-05,1
0.03617975116391945,0.8799167026748161,0.012703308487843248,2.2662151300880857e-07,0.0672264988710754,0.0039374057047974545,3.610647603566685e-05,1
0.03535707663277323,0.8825111416639164,0.01356755280442647,2.469126740742556e-07,0.06345348179094036,0.005071160829685863,3.933936558361079e-05,1
0.029352632683969967,0.8642894655469153,0.013646425687546137,2.418145369927442e-07,0.08787267326862461,0.004796163477899371,4.239752050769404e-05,1
0.03789296509790981,0.881001973303798,0.013471478219154231,2.464904326114198e-07,0.061288073672176,0.006269704514781637,7.555870174790605e-05,1
0.12564600012262586,0.7919789691305112,0.016499523880959387,2.458670423619201e-07,0.05798326893109297,0.007842248120380122,4.9743947388049014e-05,1
0.14562726959963543,0.7436286554586272,0.014926606254832504,2.3085686016878893e-07,0.08799896547979935,0.00778064316621708,3.7629184028177234e-05,1
0.0772699523248228,0.6899693157425022,0.018671598192866463,2.0841500208921643e-07,0.18781432719510904,0.026270471775220128,4.12635447734526e-06,1
0.23788860368390036,0.661081469488687,0.018415391521584695,2.2840060688362782e-07,0.07358599337192862,0.009011057927226677,1.725560606584183e-05,1
0.040140132507107074,0.9111565005745332,0.016145741153616038,2.2185581325680447e-177,0.030063563069703512,0.0024462218877444476,4.784080729560211e-05,1
0.040203090517791286,0.9125856089783981,0.014602609552613326,5.684766593899996e-134,0.030110716429862763,0.002450058677862599,4.791584347183607e-05,1
0.018004034779565057,0.9563759354072487,0.009091252581698744,1.5239367056544275e-07,0.014476713405991451,0.0020123471841473916,3.956424767797851e-05,1
0.023876336506678777,0.9187230675420455,0.01289430734050552,1.1567944786300744e-07,0.04192309015849808,0.002383464157795626,0.00019961861502840924,1
0.021154663115344977,0.9245105857430467,0.011216240781960202,1.9457859514614137e-07,0.041611341507561316,0.0014684941068139246,3.848016667763227e-05,1
0.025234971138938345,0.9220873368655581,0.010607720916539316,2.026192906580818e-07,0.040649110526766834,0.0013585474063887272,6.211052651824914e-05,1
0.021383995015557083,0.893222179101398,0.0071176474629327195,1.4997512224531722e-07,0.07763810251933867,0.0006348464206862803,3.0795049648155785e-06,1
0.04413110267925297,0.8892637600543841,0.013337941733325948,1.9854739790824298e-07,0.051284555480996044,0.0019783137691626504,4.127735480413606e-06,1
0.03794195201271834,0.8945062072995024,0.013416572460267012,1.9971788781904942e-07,0.05163849462511839,0.002492421814923316,4.152069582926169e-06,1
0.019583487510408754,0.7770872762104932,0.12452707839354345,1.7518107906363455e-07,0.07325318860378506,0.005545510801981643,3.2832987088860485e-06,1
0.00480795895180756,0.106557291346232,0.8670813114984596,1.1555171897516571e-07,0.01720394934035356,0.004347369668523619,2.0036429045813542e-06,2
0.0038563593692185604,0.07119901463644691,0.9083951636893893,7.836644441286741e-08,0.011367647434819866,0.0051803776457453295,1.3588579356301671e-06,2
0.0016232849662026281,0.051977266359044594,0.9350109740989115,5.8031752781242264e-08,0.007411647328551195,0.00397568156623188,1.0876493055042489e-06,2
0.0010499844635447966,0.051648240245157,0.9383468157784078,6.737324104970842e-08,0.005061113170536012,0.0038918555834670074,1.923385646093515e-06,2
0.0005444799013835469,0.04191642305146855,0.505307081504536,4.637802020101647e-08,0.4430457939506896,0.009185580766520002,5.944473822627194e-07,4
0.0011649993949315977,0.1547850763597625,0.8361603381535588,5.190016094666992e-08,0.004634257690977475,0.0032544439469273214,8.325536813141205e-07,2
0.011432144946034234,0.466399035603156,0.2418600020656683,1.8081001159006849e-07,0.003358581559043794,0.2769449935409391,5.061475147161387e-06,2
0.014616569809910307,0.5341743907732445,0.16385225428618744,2.07084643007299e-07,0.003715487815171002,0.2836352932411487,5.7969896949987525e-06,5
0.009427807921351665,0.35095074494603384,0.07923750223642788,2.2312870105903297e-07,0.002044278624588022,0.5583348283556001,4.614787297468276e-06,5
0.0021179627713321667,0.7537728714384397,0.21931273565463735,1.0043396724202128e-05,0.0003410918468979014,0.024424502430244428,2.0792461724087505e-05,1
0.0024346009978609947,0.8169431078266234,0.14727625065490926,1.6048483251820572e-05,0.00039888675828376384,0.03289346430311014,3.764097596062815e-05,1
0.0015338951589199572,0.5602617786235339,0.4071901712481501,5.558981677680216e-05,0.00045754839735020634,0.03047820687522193,2.2809880047003625e-05,1
0.0010867351313808822,0.3969346627502488,0.5859700558255296,2.3417974991170305e-05,0.0004988466179470648,0.015470311583616253,1.5970116286142043e-05,2
0.002472410869565494,0.5371718468275627,0.4210462004669749,0.00037765764632143235,0.00284135711978542,0.03604513942299805,4.5387646791933845e-05,1
0.0017812868375030914,0.3910696881406499,0.5665426856371029,0.00019694030842028662,0.0017624171539572272,0.03858884745390835,5.8134468458197075e-05,1
0.011673114137511114,4.5723694474956453e-05,1.1181707779958654e-07,2.089194505068328e-09,8.820842689361306e-08,7.043749737365695e-08,0.9882808896158173,6
0.7536868022957579,0.0031856201772534594,5.031098745253134e-06,1.6890002765351554e-07,9.612507856108359e-06,5.745119454607219e-06,0.24310701990090483,6
0.9199216172607706,0.00944962106497944,1.0447015779392235e-05,1.9543073520284535e-07,1.0638786611552205e-05,6.801389265068288e-06,0.07060067905185868,0
0.9214842045200133,0.01030920927637628,9.507749083246928e-06,1.7786001597972347e-07,1.1623368301041056e-05,6.189892301811046e-06,0.06817908733390814,0
0.9327610451405861,0.008944563259296691,9.434147122901017e-06,1.8003661221776816e-07,1.1497112887106616e-05,6.265642302303341e-06,0.058267014661192454,0
0.9852871184076704,0.006540788886063817,1.1209243807507134e-05,2.2922239562325205e-07,1.4986492500616487e-05,7.977408155820743e-06,0.008137690339406126,0
0.9876796709251151,0.005061903820608454,1.0911866872136725e-05,2.04536215090989e-07,1.2282486937080577e-05,7.11827858700752e-06,0.007227908085665356,0
0.983811794881101,0.00545279106326565,1.1407908605057367e-05,2.1383421146206243e-07,1.2840835584130336e-05,7.593735290800423e-06,0.010703357741941694,0
0.9826472848083521,0.005870092541894324,1.2218710033964247e-05,2.29032184219817e-07,1.4355736564113047e-05,8.13344959231508e-06,0.011447685721378956,0
0.9833622758415967,0.0051337100615303,1.1716190350220701e-05,2.1961276265556735e-07,1.3187840047461693e-05,7.798944680952664e-06,0.01147109150903135,0
0.9841749992273732,0.0032003424378279385,1.146670128172549e-05,1.7789416687126472e-07,1.4071022109754961e-05,8.321235520259637e-06,0.012590621481720165,0
0.9824157830753313,0.004510554712778736,1.6986552326778057e-05,2.104723014300049e-07,3.425721067949343e-05,1.0400730024360299e-05,0.013011807246557948,0
0.9892665195677929,0.004069068328632873,1.739440861873807e-05,2.82188949666039e-08,3.7754571257032636e-05,8.406915826519404e-06,0.006600827988977063,0
0.9898624656425055,0.0027747213563703663,1.8344765830836554e-05,2.0646721534628664e-08,1.8674931107815952e-05,6.214297571470396e-06,0.0073195583598927175,0
0.9799363826300302,0.0030695940046510484,1.3056168323019277e-05,2.352196509920072e-08,2.2621380117918443e-05,7.07969496982921e-06,0.016951242599942937,0
0.9663259201458422,0.0034252465378647083,1.6441852981460452e-05,1.802105104852059e-07,4.7980499546639234e-05,8.049683741285053e-06,0.03017618106951342,0
0.9631893342692591,0.004111326748118744,1.7691588701267965e-05,1.9390820698523283e-07,3.1407783679827845e-05,8.662794912710426e-06,0.03264138290712141,0
0.9565908062362255,0.004030384188974365,1.734328204686117e-05,1.9009060077826706e-07,2.4697228348886648e-05,8.492244423163823e-06,0.03932808672938039,0
0.9662733475690902,0.002026543875521154,9.448233665529903e-06,1.6567770035950549e-07,1.4131471680142053e-05,6.894529224184306e-06,0.03166946864311828,0
0.9590750104029253,0.003742850232399527,8.360283634531262e-06,1.644434699514094e-07,1.2635000825015785e-05,8.077829081528458e-06,0.03715290180766426,0
0.9079111219211654,0.0063100112146410444,1.8774818759635232e-05,2.3535870026979916e-07,2.1239589654859053e-05,1.2918241510416104e-05,0.08572569885556838,0
0.8886017895527052,0.006361297309326994,1.818038472091376e-05,2.387776070358168e-07,2.059294016846318e-05,1.4429834476068886e-05,0.10498347120099522,0
0.9233947351376939,0.03618390861204376,1.9062763408419624e-05,2.4511261539688995e-07,2.1742095744860973e-05,1.2887942617716467e-05,0.04036741833587611,0
0.7707568997367856,0.205886555162854,1.837005036292694e-05,1.8129828810534755e-07,1.8397309705213573e-05,1.275302080296124e-05,0.0233068434212011,0
0.7137982146902466,0.2689868067042404,2.0496963516831873e-05,2.720457892235944e-07,1.810839786881842e-05,1.4229585491786608e-05,0.01716187161284632,0
0.7066751978364204,0.28105682229734186,1.8746628621158338e-05,2.2773298748652138e-07,1.4882517551738353e-05,1.23435996062162e-05,0.012221779387470976,0
0.7736745757353212,0.211596184129694,9.79170672732653e-06,1.943362459450479e-07,1.344164925923646e-05,9.811793700535852e-06,0.014696000649051912,0
0.7330245863711743,0.2624400299889718,8.15731134620757e-06,1.8684690852012594e-07,1.3020971148370655e-05,1.0654623270532487e-05,0.004503363887180419,0
0.6856276089792016,0.3143262462258526,1.4355609390730437e-05,1.874026224556439e-07,1.614816178256641e-05,1.0699174219576945e-05,4.754446930185335e-06,0
0.6506276909866345,0.34932509750976687,1.4901049784301625e-05,2.2500519551318385e-07,1.2501699886654309e-05,1.1942386010586056e-05,7.641362721577609e-06,0
0.8008252308798792,0.19913711605085288,1.1809334251710894e-05,1.198874013823188e-07,1.0401084886848047e-05,9.041011659424059e-06,6.281751068508958e-06,0
0.7149071106163919,0.2836048762162393,1.4029985680164618e-05,1.2632928897826625e-07,0.0014607225600977271,6.303561419793625e-06,6.830730881955627e-06,0
0.658739548471126,0.3380925311595236,1.6725500047897705e-05,1.5060033395786642e-07,0.003129886602728476,7.514634671205689e-06,1.3643031568724171e-05,0
0.07652590417310551,0.9046224215166025,0.001954759056754152,8.498014319739559e-08,0.01402962471321428,0.0028089698449542165,5.823571522625e-05,1
0.03462622547750556,0.9394647283849523,0.0005585707562962374,9.526991499319054e-08,0.024598614359587496,0.0007373139323960203,1.445181934732921e-05,1
0.016970684393608715,0.9621856446189028,0.001246940074472914,0.0,0.0169219706907449,0.0026597573242055734,1.5002898064940443e-05,1
0.01597024023920953,0.9602502059420327,0.0015782616135413677,1.9253256122138777e-07,0.010070695080417427,0.012117562433805296,1.2842158432462923e-05,1
0.04902753485208435,0.8981778344574782,0.0009469281505146148,2.3816436252005198e-07,0.008009162884150345,0.04383372065113551,4.58084027453444e-06,1
0.07358571122171517,0.8676040412139451,0.0009699949869853391,2.5626118388365457e-07,0.009326528627615197,0.04850888547671443,4.5822118409803065e-06,1
0.15720612855790422,0.7359696160853073,0.001268552219991746,3.304181455110603e-07,0.018256927159310155,0.08729261016446407,5.835394876739684e-06,1
0.028591108062949303,0.9654115947805066,0.0006797154244052215,1.534560341102134e-07,0.0022703967672378306,0.00303179789814021,1.5233610726578747e-05,1
0.032698501386969885,0.9628174191939084,0.0005008909441551234,8.031554942098788e-08,0.0020706065090281213,0.0018979224920387702,1.4579158350231287e-05,1
0.1217357280983696,0.8771514988438697,5.1175449454244585e-05,2.2630310689132713e-07,0.000973954729636989,2.328533565185591e-05,6.413123991068472e-05,1
0.06341142318491211,0.9365116811037746,2.8493896710432365e-05,2.598646117994806e-07,2.427949415664951e-05,1.6052945643013054e-05,7.809510191364903e-06,1
0.08968114220466514,0.9102659686114376,2.3457426749485778e-05,2.2940126371835406e-07,1.0916634460932422e-05,1.1169487621083774e-05,7.1162338020125574e-06,1
0.061078603902938795,0.9388785272230942,1.9560710315706596e-05,1.7839386603981478e-07,8.909880648243069e-06,8.685950748969505e-06,5.53393838816355e-06,1
0.3043096167721937,0.6956067939240718,3.716048470375414e-05,2.1248114633978034e-07,1.6166021486858605e-05,1.4236207154485008e-05,1.58141092433374e-05,1
0.4579921495154173,0.5419210771505181,2.982485910919388e-05,2.365462452930369e-07,1.6142151294948455e-05,1.2906209468066646e-05,2.7663567947168888e-05,1
0.61558767855737,0.3843426342198713,2.9444003823013925e-05,1.9066486592181183e-07,1.476699906089958e-05,1.1063042791156002e-05,1.4222512217922823e-05,0
0.5518610639040815,0.44806938213770153,2.4522644993686e-05,2.2431546546192463e-07,1.55827246133076e-05,1.189630639079641e-05,1.7327966753791816e-05,0
0.43893095289828815,0.560960091889385,3.225763711728206e-05,2.1948183224436414e-07,1.7037747625994282e-05,1.2941929711789192e-05,4.64984160395576e-05,1
0.4333058953885268,0.5666179098496921,2.5349383093215415e-05,1.249944198149818e-07,9.281163458858167e-06,1.017030271116316e-05,3.126891809819339e-05,1
0.4760516948409277,0.5238290501857134,2.7184527631873833e-05,1.5279431788406835e-07,1.372160315868504e-05,1.1830011324354903e-05,6.636603692599746e-05,1
0.5278029670826262,0.4720885201051619,2.8225278702615983e-05,2.6637048301213414e-07,1.4700695335193207e-05,1.3204833752076405e-05,5.211563393899862e-05,1
0.4457696286800752,0.5541445347103794,3.382097317410836e-05,2.4207196771812145e-07,1.4515210839778984e-05,1.2193506517103518e-05,2.5064847046548543e-05,0
0.5169997264181827,0.4829276316671103,3.551400850428316e-05,1.942435464819149e-07,1.4778465761328409e-05,1.2414653880170092e-05,9.740543014626018e-06,0
0.5424101772248584,0.4573876770798126,2.9721454845777842e-05,1.9968969639419811e-07,1.366271549300023e-05,1.5971818989743204e-05,0.00014259001630412887,1
0.5755687446731702,0.4241939900165632,3.0701378827502025e-05,2.1787772033769682e-07,1.4421237817586777e-05,1.676449316698084e-05,0.00017516032273401534,1
0.6379936304971134,0.36124172161893736,2.6823411797447728e-05,1.9831712992141195e-07,1.675604366794912e-05,1.6645973459528217e-05,0.0007042241378942551,0
0.6212343650275161,0.37857695866464597,2.4751422758601906e-05,1.9365879964526664e-07,1.63624559553912e-05,1.563250596112318e-05,0.00013173626436323614,0
0.6706294892388585,0.328569221298366,4.5422608307213e-05,3.0067189210162107e-07,2.0112132901146915e-05,2.4073796643022676e-05,0.000711380253032019,0
0.7396670712257344,0.2595647179377018,3.924680575746609e-05,2.699108740462156e-07,1.5415479097854563e-05,2.3586362933562094e-05,0.0006896922779009683,0
0.7141440683804441,0.28543339551793895,2.4078100795557253e-05,1.8538404971056467e-07,1.032975753686185e-05,1.457193666282387e-05,0.00037337092257199627,0
0.6923360589307374,0.3074286539478036,2.2166015061579768e-05,1.8506998379567236e-07,1.0312257515924257e-05,1.4547249810708448e-05,0.00018807652908707894,0
0.5963202189358776,0.4035826391903882,2.9782487422903546e-05,2.0649516745891223e-07,1.1639997349804247e-05,1.4977537363443157e-05,4.0535356430322097e-05,0
0.780173570417968,0.21974695685059184,2.0726389798616312e-05,1.7433115845266618e-07,9.826933227292622e-06,1.4733785226224762e-05,3.401129202951841e-05,0
0.7754161507653478,0.22451078847244263,1.8671540353295188e-05,1.6140130242368486e-07,9.098085711087965e-06,1.364100454703973e-05,3.148873029583546e-05,0
0.8591460753778141,0.14081055413476368,1.7778907294063784e-05,1.7464467487197822e-07,8.424639291831179e-06,1.1915230719358346e-05,5.077065442217239e-06,0
0.5459101162644725,0.4540120611037089,3.263658781790082e-05,2.658182358223161e-07,2.1667809504932675e-05,1.4846948393764746e-05,8.405467865993152e-06,0
0.49602077922449883,0.5039186238317496,2.8119633575972566e-05,2.1291862101687208e-07,1.1333118641524009e-05,1.368913480276635e-05,7.242138110305139e-06,1
0.644365228216139,0.35557295523790206,3.293680538170154e-05,1.9704313957664902e-07,1.03028715479256e-05,1.2331368951129277e-05,6.0484569385773614e-06,1
0.5836693680326138,0.3262069324811089,1.88226248017528e-05,2.042167983070769e-07,1.369905194404287e-05,1.2465142961642778e-05,0.09007850844977153,1
0.7611994961512554,0.23289234736079722,2.6744970927910347e-05,2.326259275324814e-07,1.6683272832297112e-05,1.8620909051971256e-05,0.0058458747092076475,1
0.8120150658244938,0.181788058990192,2.900122007932941e-05,2.0915832481651484e-07,1.4773365604189595e-05,1.6811051355605534e-05,0.0061360803899503345,0
0.485245421265268,0.5126678266888768,5.430865231775395e-05,2.682133700712158e-07,2.3181652125089792e-05,1.9710686480953848e-05,0.0019892828415613894,1
0.6117071609418541,0.38819294742091676,3.649746939719259e-05,2.8445110274718747e-07,2.1022691021798796e-05,1.916035552277069e-05,2.292667018454942e-05,1
0.5437424708167055,0.45547990271574523,4.371768668174128e-05,4.0173089186438573e-07,0.0006859914509022485,2.6596908505695703e-05,2.0918690567765974e-05,0
0.5988436535408189,0.40062555522881094,4.1933953197808045e-05,2.957654307454506e-07,0.0004454075793218892,2.348641600773079e-05,1.9667516412022556e-05,0
0.5134062978925438,0.48615268478871304,2.6868397725063723e-05,2.624797527022118e-07,0.00037834144477093837,1.3695813571112372e-05,2.1849182923445566e-05,0
0.2809385091843928,0.7187330018856524,2.5092507829537732e-05,2.034590948852411e-07,0.0002825151263735924,1.5217217107821191e-05,5.460619549041816e-06,1
0.2633828610130427,0.7362825788270593,2.57052011324082e-05,2.084270329522976e-07,0.0002894134056155319,1.3639172544720195e-05,5.59395357248618e-06,1
0.14405411672944204,0.8499014626617731,0.0005496332362496928,3.2350092625994867e-07,0.005250337685071184,0.00022948531898652453,1.464086755080318e-05,1
0.08784296734829651,0.9083577176415735,0.0004583056182885968,2.2220312808821076e-07,0.0030618833970836256,0.0002696006976219058,9.303094007815193e-06,1
0.08377434109358352,0.9097610032514301,0.0016014682642382977,2.144643395227811e-07,0.004551593260403104,0.0003056236777290724,5.75598827681304e-06,1
0.07149452656139824,0.9196722827681462,0.0016908607767798169,2.135125058581621e-07,0.006771579129538817,0.00036506638670970716,5.470864921153056e-06,1
0.1457609976826483,0.8394444866530455,0.0003588136021533321,2.061126363033909e-07,0.012690085110827684,0.00174113868501298,4.272153676090708e-06,1
0.08181469967552739,0.8971542401005117,0.002256681788396016,2.151754004022359e-07,0.01839914090161956,0.0003705623584483153,4.4600000966441414e-06,1
0.07470328486336839,0.8994892453882735,0.0033818424975112587,2.014864692818703e-07,0.02181589768952637,0.0006053518090197817,4.176265831455568e-06,1
0.06849499579293969,0.8922852435632436,0.0033392378976815906,2.0306069384140083e-07,0.035077314837471125,0.0007987434304327521,4.2614175373504344e-06,1
0.07147848600761697,0.8758688518096093,0.002320772724186357,2.0334303518433506e-07,0.04826861735310441,0.00205885401506092,4.214747386916556e-06,1
0.043566169616555,0.8786657771006855,0.017174465383014547,1.6256304813216238e-07,0.059090002001113445,0.0014994580654979614,3.965270085433608e-06,1
0.05035868726545598,0.8540830173646379,0.01334814120768797,2.0476919413067597e-07,0.07738289085906475,0.004802147987848073,2.4910546111440975e-05,1
0.05746510235686059,0.8549649523701739,0.01064106802334355,2.3304030816448928e-07,0.06786686683512774,0.008990341647641648,7.143572654440211e-05,1
0.1377165638861842,0.6562007371391795,0.014487858935387352,2.6212455113812456e-07,0.18299653294953708,0.008562783231470328,3.526173369042645e-05,4
0.07481261194163825,0.40894343970996955,0.009481279735598553,1.2352715678349476e-07,0.4929206535061734,0.013837279515631734,4.612063831783659e-06,4
0.14957876754067936,0.7191434539354374,0.09149934221669456,3.480853541522824e-07,0.0342726260473497,0.005486748885521845,1.8713288962989494e-05,1
0.09623789222837803,0.8327321337245642,0.010924385597560966,1.1897575094817375e-263,0.058026791350445736,0.0020489148315158776,2.988226753524488e-05,1
0.031271093546822754,0.9144769123615787,0.017719900024554532,1.7058350231705738e-07,0.03364793373447312,0.0028317268087515576,5.226294031687671e-05,1
0.01579827762650528,0.903531694885579,0.0075736090941172,1.5731849893035421e-07,0.07150979675826433,0.0014221377348495917,0.00016432658218564004,1
0.02719692467705089,0.8928677152331025,0.011724853806697612,1.988520426742414e-07,0.06676554348476646,0.001383808224751552,6.0955721588071056e-05,1
0.02153799302117564,0.8720725512824553,0.009154985025478516,1.6988966002916798e-07,0.09610716422269279,0.0011000830679114531,2.7053490626055e-05,1
0.05299091160610476,0.8678944318856899,0.009442517273929073,1.544979810101017e-07,0.0691271913325446,0.0005416210289430415,3.1723748075787735e-06,1
0.03942196644801137,0.8851068077692065,0.015410150373132408,1.8983388401311478e-07,0.05891709293085837,0.001139894702505117,3.8979424024231114e-06,1
0.04565913826667998,0.8907974405731747,0.01178301767732117,1.9621776543785588e-07,0.05068281419938471,0.0010733640402341995,4.029025439715971e-06,1
0.02361770685023386,0.8889226573281207,0.04019995004468704,1.9675437618384236e-07,0.04079771991252007,0.006457795169027894,3.973941034454968e-06,1
0.01949229413425244,0.7734686555614345,0.12539615773032659,1.74365322726566e-07,0.07504209086599238,0.006597359333123425,3.2680095478500563e-06,1
0.013825004449588636,0.7413606846192161,0.17817359734936947,1.56860724404598e-07,0.06349726793133405,0.0031403488568894906,2.939932877827893e-06,2
0.017269670602240633,0.83010752907374,0.08842937074024415,1.8062612377717636e-07,0.054839793394931016,0.009350323543097687,3.1320196228837955e-06,1
0.009051567425111894,0.15816146859983585,0.7725523642098139,1.665425485763677e-07,0.045133829601190306,0.015098013680066536,2.5899414329441706e-06,1
0.0018835490967446713,0.05064260230706167,0.9365165775063874,5.631149349484343e-08,0.006762918692124791,0.004193240678521403,1.0554076666002507e-06,2
0.001265596576430367,0.055549812852051225,0.9338025308230021,5.8923646986746524e-08,0.004852208689444348,0.00452868776995837,1.1043654663422109e-06,2
0.0008756903777419527,0.046692939822011933,0.6746019024895595,4.584957974478526e-08,0.2732281921428952,0.004600369991012751,8.593271989398951e-07,2
0.0005220488235280006,0.035467089111151824,0.6119454783469903,4.077331122456202e-08,0.346438556926497,0.00562626340914706,5.226093744099223e-07,4
0.001696710524502424,0.2606204627042315,0.728450152115173,7.873823794715646e-08,0.002602591116782814,0.006628554612784457,1.4501882877298344e-06,2
0.0015586091476387741,0.25056398622119436,0.7388918686554128,7.564881508850005e-08,0.0022708600889946797,0.006713232439231705,1.3677987124671923e-06,2
0.0026330076311403506,0.45929239562954616,0.5227861400411224,1.3637975273784326e-07,0.0033502569062257427,0.011935597543448064,2.465868764542929e-06,2
0.008506605883258776,0.5616793833881037,0.28024086808005444,2.1482215693369548e-07,0.00354771993249989,0.14601919430541513,6.013588511042532e-06,2
0.009782480946759141,0.5582158511621165,0.16718014019184885,2.0274228142130203e-07,0.004349829953222757,0.26046571652549394,5.778478277406129e-06,2
0.00864111014957653,0.4309947567129486,0.09639043365317748,1.5920667048370833e-07,0.002250024193294485,0.4617178487673165,5.6673170158398945e-06,5
0.008882925017359787,0.3205032410133795,0.06769285515953981,6.280189896927575e-211,0.0015087437840503957,0.6014049671185334,7.267907136915528e-06,5
0.0075218689331541895,0.15477540523631209,0.01741005750111829,2.0060970881574026e-07,0.0007328353447803498,0.8195585723782896,1.0599966368076488e-06,5
0.0019059108585589059,0.7037711896191162,0.2671760793280512,5.2483346121439194e-05,0.0003013432052201736,0.0267735804535256,1.9413189406440563e-05,1
0.0008145337554996906,0.265596262751963,0.719078992205356,6.494842784543308e-06,0.0003083211153238392,0.014191303145170416,4.0921839025914795e-06,2
0.0008252590545938833,0.5700971389251847,0.2927445288309748,4.67963560998848e-08,0.0016454326675455276,0.1346821332649297,5.460460415235969e-06,1
0.020906046554914876,4.996574697075566e-05,1.842492296250013e-07,3.4425195656208365e-09,2.0100970773522422e-07,1.1606504912487825e-07,0.9790434829316083,6
0.008225233942086107,5.513494574385328e-05,7.442115901232918e-08,1.6841519386308794e-09,8.907282063516503e-08,5.278740036655203e-08,0.991719413146638,6
0.005310990208275218,4.8762322015328856e-05,5.225757750142594e-08,1.1825897584126519e-09,5.781837589188499e-08,3.558456082484398e-08,0.9946401006266054,6
0.7348906152964437,0.003455230501275754,8.35129326511691e-06,1.5622637288591495e-07,8.805128425775315e-06,5.436997278672404e-06,0.2616314045569379,0
0.9511393924595946,0.005608914835761976,1.1032133183695603e-05,2.063764374892872e-07,1.1234644733961494e-05,7.18232208995056e-06,0.043222037228198514,0
0.937131172962716,0.00831168130434657,9.735974622694349e-06,1.8212939643325527e-07,9.914693215133488e-06,6.3384754730046865e-06,0.054530974460230364,0
0.9346453816997701,0.004810988314645554,9.71014942196301e-06,1.8164628833116526e-07,1.1599906578675419e-05,6.3216623230361715e-06,0.060515816620972634,0
0.9556603706243524,0.005189383391338519,1.1261233244795649e-05,2.1066217748636067e-07,1.3753258014466606e-05,7.165655275732683e-06,0.03911785517559645,0
0.9856838559007581,0.0045526570952189776,9.792027240356735e-06,1.835455118064726e-07,1.1411948899846762e-05,6.518115230219456e-06,0.009735581367140683,0
0.9826243177399305,0.0043577253885115404,1.1448634168241034e-05,2.3395090463761564e-07,1.4048851587731821e-05,8.308124451715886e-06,0.012983917310445426,0
0.9832102642092406,0.0034336946434695066,1.2302793071121517e-05,2.1281082965443793e-07,1.5097007331252397e-05,8.927976423784139e-06,0.013319500559633773,0
0.9876494511342956,0.003828615368556187,9.728233946328898e-06,1.908415122848935e-07,2.1543718448410492e-05,8.437762584081472e-06,0.0084820329406571,0
0.9710367070759514,0.0029702206284532144,1.4257639663500857e-05,1.562704960913343e-07,3.37211881044385e-05,6.98032577701527e-06,0.02593795687155445,0
0.9627494614477401,0.0041094491724100665,1.7683509241952643e-05,1.9381965227736015e-07,4.771647197850631e-05,8.658838755904157e-06,0.033066836740221144,0
0.9446858339116807,0.004902844560151056,2.3665471040595714e-05,2.3123965961139305e-07,3.0235939533826008e-05,9.622831482581662e-06,0.05034756604645159,0
0.9609960994079961,0.003376130829463836,1.9244480541897606e-05,1.8804135029777373e-07,1.6038977114334876e-05,7.82517250160937e-06,0.03558447309103159,0
0.9593941106739389,0.005867128316832047,1.5581648586187563e-05,1.8469062393601337e-07,1.4566847556861414e-05,8.389204655660776e-06,0.03470003861780638,0
0.9170910724271895,0.006482017549061689,1.936486985912419e-05,2.4643300776864684e-07,2.325992935671474e-05,1.4892466490829562e-05,0.07636914632503414,0
0.9130216562401466,0.011829099496534132,2.0218360915077476e-05,2.442676403501108e-07,2.2047814077639596e-05,1.3278163298250656e-05,0.075093455657388,0
0.7407351892320737,0.2432765034989463,1.8205959155171045e-05,2.416384516113229e-07,1.6084370335858016e-05,1.2639103935845992e-05,0.01594113619710137,0
0.6553071173523549,0.33500010568222394,1.848641315608716e-05,2.2457190468873387e-07,1.6960944807703635e-05,1.2172262371287529e-05,0.00964493277318153,0
0.6856079527882761,0.3115243755042818,1.6699428211767284e-05,1.900168117130839e-07,1.2525870601732796e-05,1.0726965517145343e-05,0.0028275294262996653,0
0.6241504074434804,0.375800170449435,1.8674839392783624e-05,2.1662668571202714e-07,1.266714108246883e-05,1.2367631896886062e-05,5.49586802673237e-06,0
0.6782156000784711,0.3217393425728802,1.4211397580553823e-05,2.1459147760829833e-07,1.1923094687542235e-05,1.1420560662865944e-05,7.28770424000377e-06,0
0.7701430564981039,0.22981632751410502,1.1658041040133063e-05,1.3507522868542972e-07,1.1064567959867852e-05,1.2243240444395513e-05,5.515063118010557e-06,0
0.6707635210339294,0.32791630431981345,9.887653519256792e-06,1.6216314484909827e-07,0.0012952331481799525,1.0198065939850937e-05,4.693615473322311e-06,0
0.758796059762699,0.2396047324465786,1.3576468783022156e-05,1.5926857677784353e-07,0.0015730616113659875,6.548425178356421e-06,5.862016818252121e-06,0
0.6904325250506725,0.3055454289724102,2.6855259933247306e-05,1.7541588839140445e-07,0.003951453974853715,2.92697895206567e-05,1.429153672128846e-05,0
0.09319129399543509,0.8524335655961018,0.002511875665090923,5.5955877743987755e-08,0.047426236938283226,0.00442850544202263,8.466407188331589e-06,1
0.016332949840834728,0.9520217613102644,0.0021303509314197014,1.7852363585796602e-07,0.02798183949983198,0.0015179138260508027,1.500606796251375e-05,1
0.013011728111588385,0.9530425965109094,0.0013501265779516784,2.0688134818297495e-07,0.008000759567691343,0.024575077009585687,1.950534092537589e-05,1
0.023311901995167358,0.9403356673803359,0.0013332505220015381,2.210226715320016e-07,0.007395965603865863,0.027616377187236966,6.616288720761542e-06,1
0.05655137066847685,0.8944938294309623,0.0008822085845629974,2.6984679082727077e-07,0.014685381481226738,0.033382114851604035,4.825136376255245e-06,1
0.21381419186819237,0.6197525828157868,0.0012603058227173749,3.4054225558828464e-07,0.03972165759489818,0.12544490716304135,6.01419310824966e-06,1
0.02896375974832289,0.9635603184330458,0.0007634339910979752,1.5316176633068876e-07,0.0013621355394089576,0.005334994727652127,1.5204398706154491e-05,1
0.0292230822805908,0.9647733249235483,0.00048041662253530933,6.419595572935802e-08,0.002421053180776964,0.003090405723050104,1.1653073542670384e-05,1
0.035406724984370336,0.9287581000446765,0.000522749318441222,8.035932787952931e-08,0.0335412408894847,0.0017565172985307912,1.4587105168549907e-05,1
0.11126688129957388,0.8842773580461487,5.192026471766535e-05,2.2959675667788942e-07,0.004310754094316957,2.569485366369665e-05,6.716184482220929e-05,1
0.1186472430474446,0.8790710945116346,5.161457942736326e-05,2.2824498484854396e-07,0.0021395955459019445,2.5542528745248872e-05,6.468154186129533e-05,1
0.08075934282205707,0.9191748317479211,2.79664132793151e-05,2.550539578390569e-07,1.6155543211271697e-05,1.3783480244916073e-05,7.664939328595609e-06,1
0.09605371557091859,0.9038916258831186,2.3355818894323495e-05,2.2840759247611306e-07,1.2867804223020604e-05,1.1121106027801602e-05,7.085409225166263e-06,1
0.080042735958831,0.9199093465434874,2.3032276843585185e-05,2.1005458613265292e-07,9.434583973035567e-06,1.0856430749167181e-05,4.38415152956574e-06,1
0.10158341757682439,0.8983583600691532,2.7606559475957834e-05,2.730271320129455e-07,1.1834665697756683e-05,1.280961952507549e-05,5.698482192012613e-06,1
0.14243465228845578,0.8574849751534617,3.324183239140967e-05,3.3415886540050183e-07,1.4484488896030682e-05,1.5677738308104797e-05,1.6634339621729774e-05,1
0.26106891765417245,0.7388551990790906,3.032561383589085e-05,2.68435027930766e-07,1.5483945248649736e-05,1.4064624266543272e-05,1.5740648357933045e-05,1
0.40925141665256,0.5906619657527278,2.9290919111879872e-05,2.112409215557042e-07,1.6071662524412836e-05,1.3501004146289083e-05,2.7542768008078074e-05,1
0.6377226874196077,0.3622035144013894,3.12077298841033e-05,1.989696608359216e-07,1.5138038681149009e-05,1.241143819517073e-05,1.484200258161524e-05,0
0.5945606436443172,0.40535837436410976,4.561378907593967e-05,2.0027730309870377e-07,1.3658990082548992e-05,1.150122079418129e-05,1.0007714317358535e-05,1
0.45642727413041556,0.5435048776585872,3.473501219665367e-05,1.9653342407992913e-07,1.289437687602267e-05,1.201876896053135e-05,8.003519539723005e-06,1
0.5060013627140963,0.4938634972436329,2.7581949658620197e-05,2.035578574815193e-07,1.3922205038231402e-05,1.2002959228420928e-05,8.142937048801445e-05,1
0.5259623034813,0.4739088875519604,2.8126845676685195e-05,2.0757925072457664e-07,1.4649428031852261e-05,1.3158783126436012e-05,7.266633065377545e-05,1
0.5104238248555436,0.48944088541761777,3.0522045168045516e-05,2.096001742188712e-07,1.594683094684156e-05,1.3286892722572025e-05,7.532435782702048e-05,1
0.6030853584253918,0.3967976046615814,2.4860538478193654e-05,1.8078744112484194e-07,1.375469639600308e-05,1.127725776159611e-05,6.696363294959198e-05,0
0.5260540176885957,0.47384272866959837,3.0387980675548393e-05,2.0614976805822714e-07,1.568431664337407e-05,1.3175614141489723e-05,4.379958057756583e-05,1
0.5205061226981073,0.4793873949704082,3.599844505093873e-05,1.9689316776745583e-07,1.452305683292652e-05,1.3935959128623526e-05,4.1827977304334395e-05,1
0.5204473058925297,0.4793388059379462,3.087166555411715e-05,2.0741762318410292e-07,1.4191458172205743e-05,1.6589923228885776e-05,0.00015202770494555554,1
0.5015308813615625,0.49823701865537784,3.408395186015772e-05,2.088087567948489e-07,1.5401963798591324e-05,1.7526600072830413e-05,0.00016487865857124092,1
0.5870989006695888,0.4108639152005294,3.261757053019633e-05,2.3147631088500656e-07,1.7898205136502227e-05,1.7128784911225655e-05,0.001969308092993196,0
0.4864173704266341,0.5132930826515113,3.278673919988588e-05,1.977495350053274e-07,1.6708086917045216e-05,1.5398304576619534e-05,0.0002244560416260482,0
0.5704563360821837,0.42898317709610734,3.783006159580229e-05,2.3191498095997632e-07,2.372320834912104e-05,1.805868980984673e-05,0.0004806429469733005,0
0.7535937125896311,0.2456943470253164,3.6357557730081334e-05,2.5004073569083187e-07,1.4563868931721877e-05,2.1849996081184264e-05,0.0006389189215737773,0
0.7646528805083352,0.235264374351033,2.1166017589640804e-05,1.780288994891878e-07,1.0035372467760263e-05,1.535335616568445e-05,3.601236550908625e-05,0
0.8258549902021418,0.17408788626240088,1.96056984023153e-05,1.682501797755037e-07,9.975604486911652e-06,1.2014731382055392e-05,1.5359251006344073e-05,0
0.49641655455406725,0.5035156084451576,3.4849479027110795e-05,2.2884541222401313e-07,1.2208097415283514e-05,1.3314232803039323e-05,7.23634611740739e-06,1
0.7254872818583826,0.2744681141725867,2.0528856780004542e-05,1.743743597735028e-07,8.820393096096437e-06,1.0277171830546213e-05,4.8031729643252325e-06,1
0.5698191654856962,0.23933039382792273,2.0478660747739793e-05,1.9937082869662785e-07,1.3847157011711278e-05,1.3385898814513256e-05,0.19080252959897828,1
0.6273411431216578,0.059854608199728425,2.1961647642073043e-05,1.8497689015896072e-07,1.4849915572200107e-05,1.4355254806847135e-05,0.3127528968837025,1
0.5171249475112777,0.48067155520827476,5.734699909585891e-05,2.8321881016264937e-07,2.44785706645762e-05,2.0813418701470863e-05,0.002100575073175497,1
0.50273305395273,0.49629053162896614,5.575099814703265e-05,2.7533666293835505e-07,2.3797317545450122e-05,2.0234168932178846e-05,0.000876356597016167,1
0.46576597033748834,0.5331864315333872,5.2378256525859195e-05,2.586797517835433e-07,2.235766254328954e-05,1.9010072037134344e-05,0.0009535934582663722,1
0.43625172995012373,0.5631636243506206,4.3462300973189376e-05,2.1464664869354123e-07,1.8551886278110765e-05,1.577413085508178e-05,0.0005066427345004618,1
0.39073568125974034,0.609159891539799,3.647167287512019e-05,3.640018536069674e-07,1.5190214237864672e-05,1.750505797244214e-05,3.489625352160965e-05,1
0.2477605931938051,0.75215336834047,4.088368791960008e-05,2.2990445459101485e-07,1.9565914592459882e-05,1.7718091218567617e-05,7.640867539663218e-06,1
0.3247529672479539,0.675181259564747,2.6262989772412535e-05,2.04684104672206e-07,1.7219077062424187e-05,1.4466817097517958e-05,7.619619262192215e-06,1
0.19225319856581052,0.80766898029124,2.363764995634203e-05,2.058979488260607e-07,2.5209846686437062e-05,1.4148814004722977e-05,1.4618934353147031e-05,1
0.210713500235756,0.7891228861178057,2.3132253465555322e-05,2.1323403321263232e-07,0.00011047542402518557,1.4652932156945269e-05,1.5139802757460454e-05,0
0.6270501513846766,0.3724360455372314,4.134514297469131e-05,3.7992909557175406e-07,0.00042371107864879024,2.3156634510992552e-05,2.5210292862156436e-05,0
0.6221906557379969,0.37737128938058034,3.096928595178947e-05,2.1843025760540148e-07,0.00038306220067393763,1.7088990274463535e-05,6.715974265089626e-06,0
0.28863336136860623,0.7110933860144619,2.503701210713849e-05,2.030091155716525e-07,0.00022927942147822893,1.3284631634450798e-05,5.448542596483699e-06,1
0.20574988038140798,0.7938446050989597,2.7776915764844425e-05,2.2573175925376088e-07,0.00035451473720559166,1.604536817105388e-05,6.951766731753832e-06,1
0.11890494338639729,0.8757113524672802,0.0003389326440522055,2.6702367273981917e-07,0.004941092710388693,9.1326924215579e-05,1.2084843993217091e-05,1
0.07978081423096484,0.9167287805624625,0.0004566325774754255,2.2084957689401444e-07,0.0027450001082512943,0.00028175025906886124,6.801412200255734e-06,1
0.14407410729387085,0.8369513244227558,0.0003300598129558042,1.9897893439585113e-07,0.016341703327611742,0.0022975076949651807,5.098468906349839e-06,1
0.06817142657884798,0.9043189903366029,0.0033942652537153123,1.9680157811417908e-07,0.023619077325908556,0.0004919136391753422,4.130064171892512e-06,1
0.06524330547656185,0.8728266390002536,0.0036279076932685017,1.9105882664385451e-07,0.05687202511382413,0.0014259715280699693,3.960129195546523e-06,1
0.03205215921146002,0.8847221428385023,0.014341987655162832,1.7856403517236404e-07,0.06690119701310536,0.0019775415898581777,4.793127876448577e-06,1
0.02948790332006061,0.8811165099398633,0.018054536298403416,1.7958519944345008e-07,0.0694963514002713,0.0018396989175935659,4.820538608567447e-06,1
0.08507132586710343,0.833416180380167,0.008805723577143121,1.9210674936780784e-07,0.06834577695166393,0.004301913084783978,5.888803238917048e-05,1
0.08465640058126774,0.8157507188201915,0.012095057496884823,2.3234382111099328e-07,0.0803226416365066,0.007103726894581761,7.12222267465039e-05,1
0.29874718006080503,0.3544866999062066,0.021807879288732176,4.6403120681288e-07,0.30161071172801773,0.023326045195428812,2.101978960279975e-05,4
0.27199128408479417,0.22314190250102903,0.01466318016806549,3.364606671755126e-07,0.4675338891714061,0.022662339654850292,7.067959187941988e-06,4
0.09100462677266319,0.6667281542892803,0.02303280485861071,1.8695704092872238e-07,0.2009060631818483,0.018320991404933495,7.17253562310214e-06,4
0.06821311649622161,0.44375999203706096,0.012166999197054931,1.3404398943159766e-07,0.4643556067696134,0.011499146731174621,5.004724884982271e-06,4
0.11557210393404498,0.7868120095847942,0.028335761992134407,2.371976031119851e-07,0.046374807512242884,0.022897032129265315,8.047649914868646e-06,1
0.05916241359803842,0.864208586798181,0.020683853406150803,2.3998085904191056e-07,0.027105249430989284,0.028832937094389388,6.719691392191269e-06,1
0.05363063754741649,0.8913082592117102,0.02545549984001063,2.4176291288829355e-07,0.014448547626650262,0.015149888362708917,6.925648590514493e-06,1
0.10076697168777571,0.7945447098353191,0.036393015569722534,3.0614761395595953e-07,0.04347535971947345,0.024814071511432653,5.565528662821585e-06,1
0.12858674045831733,0.6823468360378142,0.10811445808568745,3.2452759289683876e-07,0.05520254965085103,0.025742273956156227,6.8172835809048235e-06,1
0.1520114046915108,0.7193782847657986,0.09742264048904334,3.0394733673883607e-07,0.026785072383139825,0.004373228711749078,2.906501142155966e-05,1
0.1963270882909204,0.6712296923699682,0.07462142770653091,3.2831044403977664e-07,0.050601769871348574,0.007202052521291133,1.7640929496634958e-05,1
0.011796885337141355,0.9069518587244562,0.05995581066287828,1.8589379330359816e-07,0.017589115740640055,0.003649189972695234,5.695366839547112e-05,1
0.015337827365284704,0.9228333874464588,0.007359994923444353,1.606792147942037e-07,0.05331171658621277,0.0011073687451043353,4.9544254280219993e-05,1
0.019467053661494833,0.9222685020384582,0.019390514502891882,1.184976786173542e-07,0.03637258228123874,0.0024303749970292065,7.085402120835869e-05,1
0.024449730004606197,0.9044324111372649,0.010325858931696205,1.8271294979182708e-07,0.05963093056112264,0.0011247719863685221,3.611466599163678e-05,1
0.02761446769539395,0.8539615460579159,0.012031535458247752,1.821522935677351e-07,0.10511143564597476,0.0012568940482849886,2.3938941889139424e-05,1
0.026670492109132877,0.859004361061768,0.012658246383822014,1.8819112741303082e-07,0.10034272253550794,0.0012992441716583026,2.4745546983510756e-05,1
0.05439903186556392,0.868870926897732,0.009556759733679584,1.5429755196246216e-07,0.06651294227473449,0.0006570166714279737,3.1682593100345227e-06,1
0.19340196718603858,0.7178836353751689,0.01762822093139794,1.3252226239035624e-07,0.0706068415374978,0.0004764813098958159,2.7211377385120776e-06,1
0.025945619203468412,0.8670967822013619,0.04211813753902456,2.106551227873766e-07,0.0557365680940143,0.009098873472654477,3.8088343536658177e-06,1
0.01472592765383963,0.7654050475512991,0.1554327680445432,1.491165861904808e-07,0.0617660698073887,0.0026672430365318038,2.794789811374866e-06,2
0.012961584130654983,0.6484838806095591,0.30148137098440914,1.2319711637184724e-07,0.03425026252719036,0.002820469552088504,2.3089989814210366e-06,2
0.015699744317314506,0.7318666148614384,0.1979876202732909,1.5922211624715603e-07,0.04748755568629198,0.006955021658250384,3.283981297638213e-06,2
0.007107929911211927,0.11245817793257828,0.8415659177371608,1.0894245425253985e-07,0.02718812609343217,0.011677850343541187,1.8890396214503152e-06,1
0.004058719262644934,0.10866968318151836,0.8570739348185074,1.1947109017627603e-07,0.021903038955302233,0.00829264638856716,1.857922369577894e-06,2
0.0030088880565404545,0.11038446309665326,0.8677472475550514,9.698639992620259e-08,0.011163994251019207,0.007693628330223176,1.6817241126009569e-06,2
0.0008958548542987355,0.12917419509873632,0.8652624849765528,3.9909901520326354e-08,0.002347378114627463,0.0023192831284641804,7.639174189222757e-07,2
0.0032161757555716113,0.5454353178950272,0.4323070921495867,1.6835844951858324e-07,0.004135834292831784,0.014902367476128085,3.044072405034902e-06,2
0.007203489867008242,0.5829623811426654,0.22240246482565,2.3591085326390815e-07,0.00390892612760633,0.1835188117919525,3.690334264298569e-06,2
0.0074377512247178765,0.6219059758086717,0.22215722554087203,2.3220179286951084e-07,0.003951154094490023,0.1445410430081308,6.61812132459434e-06,2
0.0078118247397983885,0.644408606800468,0.19181192492956284,2.4376799755878775e-07,0.004149873042743996,0.15181057574697365,6.950972455577711e-06,2
0.004296484155537902,0.14410941960498141,0.014212651427221541,3.046720180011893e-211,0.0015417411783828646,0.8358379639548955,1.739678980841068e-06,5
0.002183780659156087,0.7858306801838062,0.1855869110031027,6.29141531030069e-05,0.0005250734139452489,0.025749033221421826,6.16073654648747e-05,1
0.00042787242518593874,0.2458502480359979,0.7516710513505833,3.77069066967032e-05,0.00032145115109771767,0.0016883235011719523,3.346629266256904e-06,2
0.0008501119162758634,0.6457359943055095,0.34603073543601776,8.730729062212878e-05,0.0018065111642268947,0.005484697632119714,4.642255227914508e-06,1
0.00976959411706635,3.657419392975999e-05,1.2353888262382232e-07,2.308205149150519e-09,1.2899579527854022e-07,7.782147317386053e-08,0.9901934990246476,6
0.0054455520567038285,5.5537865280978264e-05,5.806800429621431e-08,1.314079803456085e-09,6.729565632139355e-08,3.954114464643045e-08,0.9944987438591302,6
0.008039457016769756,7.99945125126301e-05,7.887922083088207e-08,2.0632438498193475e-09,9.140919267049061e-08,5.495539986975561e-08,0.9918803211636604,6
0.930756802524588,0.0050564430468186036,1.142912872394014e-05,2.138029726779566e-07,1.2238787988635084e-05,7.272489145500845e-06,0.06415560021976245,0
0.9216491364271586,0.005821159328719425,1.257268783762967e-05,2.438502067818821e-07,1.4870441521771614e-05,8.294543147538819e-06,0.07249372272140829,0
0.9828791033726353,0.005657693006027211,9.81954377892217e-06,3.485179334061521e-07,1.3543276311321597e-05,6.536431761077038e-06,0.011432955851552684,0
0.9832042557828621,0.0057168604440273095,9.822792243881988e-06,3.4863322881294773e-07,1.3223099491123165e-05,6.538594119127081e-06,0.011048950654027457,0
0.9810578977777511,0.0028448679068869857,1.284793144265757e-05,1.6024540188654088e-07,2.7773309506570197e-05,7.085002838852387e-06,0.01604936782617188,0
0.9696282223647917,0.008523920707425255,3.680285132708913e-05,3.920043217519323e-07,6.817660896882025e-05,1.733186537496597e-05,0.021725153597790443,0
0.9828689914397843,0.00456526480627277,2.12104088558738e-05,2.3185775116889613e-07,3.268190692677557e-05,1.0251232209487391e-05,0.01250136834819956,0
0.9864526489922679,0.003857114640433261,1.68317693276536e-05,1.8399344449329772e-07,2.593512970563215e-05,8.134985848069648e-06,0.009639150488973026,0
0.9888330190135369,0.003318473465357405,1.4296307967395407e-05,1.5627750685344893e-07,2.2028363977413218e-05,6.909568491016127e-06,0.007805117003162982,0
0.9712832303577343,0.0034598218549245444,1.660782126245889e-05,1.8202960159840377e-07,3.0040174103057126e-05,8.130939313551064e-06,0.02520198682306091,0
0.9655515521485599,0.0026938052130410744,1.6176809144121614e-05,1.7730550426226696e-07,1.5123246520124334e-05,7.921073812186272e-06,0.03171524420341824,0
0.9240769148727148,0.011516848222688877,1.5999644864497488e-05,2.1004509025399012e-07,1.8927988673391745e-05,9.540880914820834e-06,0.06436155834505315,0
0.8082758926781354,0.005022001751966811,1.4507329697966125e-05,1.9045381329152344e-07,1.7187216099842505e-05,9.176810808877187e-06,0.1866610437594778,0
0.8896672070284167,0.006183215425061327,1.7567595057201806e-05,2.3062931212450997e-07,2.193245971388995e-05,1.2471592543602594e-05,0.10409737526989511,0
0.9094265468720409,0.00874074695425827,2.0353890841302604e-05,2.437318211184661e-07,1.906331009415676e-05,1.4729228083614818e-05,0.08177831601286055,0
0.9140518374362637,0.01184244651386394,2.024117370937284e-05,2.445432525748469e-07,2.2072691081731485e-05,1.3293145324202988e-05,0.07404986449650443,0
0.903087591877293,0.03090912128988164,1.9241666332070057e-05,2.474129830077443e-07,2.2722608125263847e-05,1.3008895208101665e-05,0.06594806625017673,0
0.7234375180525366,0.26422579705218696,2.208288393296894e-05,2.594370712219055e-07,1.833426152552776e-05,1.4272946829129121e-05,0.012281735365917656,0
0.6297985252069725,0.3612957998815931,1.6639299949637672e-05,2.0641743933231603e-07,1.2407650731958181e-05,1.1188252747131484e-05,0.008865233290566385,0
0.5996717272695915,0.39718729475255404,1.8697039271628034e-05,2.127469123982117e-07,1.402425025976477e-05,1.112805014561878e-05,0.0030969158912649616,0
0.7778346590477963,0.22212140693103172,1.3510940984083355e-05,2.1435376886123136e-07,1.1521185164124109e-05,1.1407909800882841e-05,7.279631454154147e-06,0
0.7445545093601444,0.2554055458990607,1.2085852183628153e-05,1.9168746144562403e-07,1.0148678626980257e-05,1.3335764677066777e-05,4.182757845557239e-06,0
0.7909016800591434,0.20906394592030458,9.820760272926663e-06,1.55762008138198e-07,8.655596936743916e-06,1.0836418149069228e-05,4.905483185154551e-06,0
0.7926057017179134,0.20663900422260234,1.0677873559913379e-05,1.6935623944746063e-07,0.000728833426624975,1.0650423058935834e-05,4.9629800010319115e-06,0
0.6958005046271643,0.30333397563896136,1.1197516641382988e-05,1.114525957517566e-07,0.0008421134810207618,6.3232412676478605e-06,5.774042348837975e-06,0
0.5158368616195056,0.4738124991445387,3.3045399912542615e-05,2.3343640367859548e-07,0.01024772190185626,6.376457760629589e-05,5.873920176883541e-06,0
0.03455786411812989,0.38461315438630356,0.0009101706716465678,6.570620591360259e-08,0.5345967549305471,0.0005833995518600809,0.04473859063530682,1
0.10116853775378826,0.793622131033039,0.002852547664621999,5.520944379899933e-08,0.10019436115177702,0.0021548144942200188,7.552693109919517e-06,1
0.015071921450234116,0.952545366827639,0.0011272331954354912,2.1149788715122978e-07,0.0163867353310314,0.014854424528794824,1.410716897805199e-05,1
0.02715876528104943,0.9425146987296232,0.001063955242531511,2.1348952000600734e-07,0.012943778332820628,0.016294145685670447,2.4443238784832618e-05,1
0.03130827359806458,0.9396187435710796,0.0011172974079738222,2.1283355561883146e-07,0.009493094011757608,0.018449713092163367,1.2665485405606556e-05,1
0.09570587308457706,0.7416593273172243,0.022370163179088007,4.4265996362616783e-07,0.03392938831283258,0.10632211155598058,1.2693890334017185e-05,1
0.06593536855661605,0.9227849051500795,0.00010170320026644618,8.362771924683871e-08,0.010715442599767595,0.00031302379399938176,0.0001494730715517046,1
0.07205753573273928,0.9246614043868016,2.3896456967134356e-05,7.945733725000185e-08,0.003199090762944603,1.6047596934546742e-05,4.19456062756316e-05,1
0.12148871529223472,0.8743065457243672,4.7728006298709304e-05,1.3630859492223493e-07,0.004057387669339875,2.7529558197300143e-05,7.195744096738517e-05,1
0.0833722113286683,0.9165606651669271,2.8004208245245793e-05,2.5539864829151993e-07,1.6177376479598365e-05,1.5011222987271123e-05,7.675298044169597e-06,1
0.07804721965220013,0.9218930108664035,2.6215576596456347e-05,2.3908631046744277e-07,1.3469411424320835e-05,1.2660331092884926e-05,7.185075971991427e-06,1
0.05771591342804208,0.9422421031377862,1.9630787468591088e-05,1.790329703474988e-07,7.902781182795962e-06,8.717068570805143e-06,5.553763979372745e-06,1
0.05703900626083298,0.942918588377791,1.9644881444999005e-05,1.7916150754776928e-07,8.300240091102588e-06,8.723327013518136e-06,5.557751319087247e-06,1
0.06584854393665258,0.9341076878965997,2.0276220244676365e-05,1.8491932346741634e-07,8.566989657946353e-06,9.003673566961433e-06,5.7363639544712605e-06,1
0.09213270306089061,0.9078016286409201,2.692682949428989e-05,2.663046453662616e-07,1.2724369008310984e-05,1.2494220481868537e-05,1.3256574559401316e-05,1
0.2782583303614705,0.7216630468185528,2.9619978183450783e-05,2.0503564572212922e-07,1.6482890267548072e-05,1.3737359652070707e-05,1.857755622799438e-05,1
0.6136677607346106,0.3862610836551134,3.0600893376923205e-05,2.244507089710973e-07,1.4774086095470615e-05,1.2393345218802036e-05,1.3162834875571845e-05,0
0.5630771970341311,0.4368477807858788,3.669035857797408e-05,2.1011512957273037e-07,1.433846564217924e-05,1.1143208309742556e-05,1.2640032330489188e-05,0
0.5532901781879932,0.44662064738748647,4.887055259350647e-05,2.1457683460753378e-07,1.6325465946519436e-05,1.338499100645784e-05,1.0378838139263035e-05,1
0.45225220539037464,0.547674147415083,3.872250156607833e-05,2.2165067247941322e-07,1.5132620116112899e-05,1.176038932157443e-05,7.810032866082644e-06,0
0.46541602652903297,0.5345143519174304,3.206816453783625e-05,1.9681086111849128e-07,1.3889473710778991e-05,1.2476157560764922e-05,1.0990946866224192e-05,1
0.5662478064575307,0.433568164508432,3.456794402325526e-05,2.2931959939241471e-07,1.5094572524779325e-05,1.2628355976007169e-05,0.0001215088419137897,1
0.5866885234663299,0.4131886879428936,3.1058189123379175e-05,2.2585715681549849e-07,1.893175264726946e-05,1.495054768727507e-05,5.762224416169335e-05,0
0.5328161090601958,0.46710081025880246,3.760113034727434e-05,2.718416218471528e-07,1.568044536300635e-05,1.3586857488170625e-05,1.5940406181453557e-05,0
0.4956818882724164,0.5041883292209519,3.497875399445e-05,1.9731442338248658e-07,1.4554129110891527e-05,1.2610922299480262e-05,6.744138680347446e-05,1
0.5081604471723984,0.490350564795133,3.7147961853644294e-05,2.2757982301897436e-07,1.668982296324967e-05,1.8370675365602624e-05,0.0014165519924630473,1
0.486420544611864,0.513296432217996,3.278695315438182e-05,1.9775082544783914e-07,1.983506261861789e-05,1.5777164266888904e-05,0.00021442623927452476,0
0.514032322295614,0.48554293946287197,3.4265507347803836e-05,2.066685590000186e-07,2.114068381471305e-05,1.805988608927286e-05,0.000351065495703206,0
0.5031358145153411,0.4963261661699026,4.321812692581596e-05,2.2015410292281664e-07,2.0401952209752694e-05,1.9237544006719926e-05,0.00045494153751102906,0
0.7856028806066573,0.21360273561121645,2.9009748611423475e-05,2.3811565534182653e-07,1.3869280881005575e-05,2.2588161826775106e-05,0.0007286784751517185,0
0.6567180846926441,0.34256039684188916,2.6147335386417066e-05,1.9908931400855513e-07,1.1913103195964519e-05,1.8886039375912255e-05,0.0006643728981944515,0
0.8154509248105816,0.18406474810493392,1.7474171955297832e-05,1.7412971403758455e-07,9.702656343842036e-06,1.6518318184012863e-05,0.00044045780828734705,0
0.7821104287098578,0.21763847377449386,1.67597236124079e-05,1.6701025304336375e-07,9.30595389841447e-06,1.5842950842768482e-05,0.00020902187704162112,0
0.8236096218332561,0.17633433052448722,1.9127754188445445e-05,1.6191321684746252e-07,9.599884021693082e-06,1.2377329572185652e-05,1.4780761257569063e-05,0
0.8572384578745276,0.14271825883599853,1.8271134635116534e-05,1.7069050163265295e-07,8.233894951855473e-06,1.1645455036329874e-05,4.962114348972428e-06,0
0.509372709820585,0.49054041581158203,3.648143816024636e-05,2.9427716199601316e-07,2.2359289241546893e-05,1.6885789417297958e-05,1.085357385190758e-05,0
0.5044118657207672,0.4955097903615379,3.612614090195023e-05,2.9141116015756905e-07,1.449049272710353e-05,1.6721336616457735e-05,1.0714536289090118e-05,1
0.5732386980026399,0.4266889252934052,3.76816358636725e-05,2.3003802566957766e-07,1.2244341169054847e-05,1.4396257456187409e-05,7.824431440352911e-06,1
0.6996116913769884,0.3003398901877352,2.441063255367564e-05,1.6106575236384445e-07,8.573121843021572e-06,1.0079829331064732e-05,5.1937857962026e-06,1
0.80500847251937,0.1949598021182048,1.4224659635689186e-05,1.1314426634338497e-07,6.377868192216165e-06,8.00156668901071e-06,3.00812364198834e-06,1
0.5145027510667565,0.21019707895544898,1.6699481864610907e-05,1.751017292483522e-07,1.2161564225695073e-05,1.0687994846680246e-05,0.27526044583512843,1
0.7047857817861719,0.03332204069703386,2.3903571956336942e-05,2.108704146535456e-07,1.5704101457535228e-05,1.508227633819311e-05,0.26183727669662765,1
0.7108344804076735,0.28117497026581245,5.9261402625082316e-05,2.957213144342015e-07,2.2658248534062016e-05,2.3977445709312778e-05,0.00788435650833102,0
0.6540854277097535,0.34113650191772116,5.150594250302587e-05,2.570206634245363e-07,2.1640958087961217e-05,2.0729105522738118e-05,0.004683937345748285,0
0.6220278005114276,0.3741334267406824,5.21611725650918e-05,2.6406294248020916e-07,2.2233913003947143e-05,1.9361538199635242e-05,0.0037447520611788446,0
0.5152927124597046,0.4835037373561099,4.944990461362824e-05,2.503373040808359e-07,2.1636625704355794e-05,1.8396995324708867e-05,0.001113816321238643,1
0.5034624632990323,0.4963092081957059,5.456024959552765e-05,2.578058632053803e-07,2.228213244943298e-05,1.8945850988873836e-05,0.0001322824663647104,1
0.4676610526811328,0.5320424616745061,5.202287735325892e-05,2.581348722808188e-07,2.099206532501062e-05,2.0993324793893075e-05,0.00020221924201664746,1
0.466992444794997,0.5329074459380897,3.9315419543377746e-05,3.9423187742264936e-07,1.6451747753767548e-05,1.8958837161086612e-05,2.4989030577468476e-05,1
0.3611603561860666,0.6387235226604602,4.0196327312878345e-05,3.469226330387548e-07,1.726597147790506e-05,1.938363199094901e-05,3.892830005828603e-05,1
0.4480995505296941,0.5518041809257795,4.214053285995973e-05,2.497568989707632e-07,2.103146934223394e-05,1.992798971318556e-05,1.291879571199739e-05,1
0.2765920392502463,0.7232878801681992,5.1951171264508195e-05,3.0790221557096345e-07,2.7327739740066434e-05,2.4567378157924178e-05,1.5926390176306184e-05,1
0.7411880239957591,0.25874326219237914,3.3325165051229564e-05,1.887351375657703e-07,1.9727810077156894e-05,1.0148784153493293e-05,5.323317442143142e-06,1
0.26249507783797715,0.7374204620151472,4.009931389761065e-05,2.070581096500547e-07,1.767213658363666e-05,1.5644177310293887e-05,1.083746097443545e-05,1
0.6896853131787772,0.3099068481060432,3.050474848067685e-05,2.8031446179788967e-07,0.000341620657598264,1.6832656423617723e-05,1.860033821518129e-05,0
0.298681298041778,0.7010173394621216,3.0636650676728294e-05,2.343235824305702e-07,0.00024751137748001313,1.6386135442067442e-05,6.594008918941168e-06,1
0.09712287814759785,0.8979839073914357,4.6426271167494504e-05,2.3860270167321473e-07,0.00482151064743536,1.5751915813912724e-05,9.287023847990585e-06,1
0.087554034651633,0.9033580813414108,0.0005717022016728354,2.1456298122975618e-07,0.008282095940412917,0.00022837352047024357,5.4977814187974945e-06,1
0.08818093999729991,0.9002783874467416,0.0022176351869686054,1.40752285951462e-07,0.008384138269832407,0.0009328205289212027,5.937817950366185e-06,1
0.06792485949240375,0.8976886858922257,0.002673765148542403,2.0351869577621415e-07,0.030863159728189683,0.0008450551908086128,4.271029133963407e-06,1
0.036252290887742636,0.8771444660781935,0.00934921866381923,1.8584006473778012e-07,0.07401781879595327,0.0032316991325465347,4.320601680117736e-06,1
0.17991977780115645,0.6698842544266774,0.014443411171022384,2.6759053985769436e-07,0.12509306426845362,0.010615608045374689,4.361669677540647e-05,0
0.2895523680953853,0.3435763423616891,0.021136678478121507,4.497492989740752e-07,0.32180618074504286,0.023911166780563316,1.6813789898880584e-05,4
0.32537427879728126,0.1949888611509764,0.01488558048159413,3.1620603564251516e-07,0.4380496385792371,0.026694682310515336,6.642474360120035e-06,4
0.38860396158893695,0.17872960569039134,0.018540916092186315,2.8983901815575876e-07,0.3831940687632101,0.030925069438343986,6.088587913099074e-06,4
0.45739019624425165,0.17589708447168353,0.013343635039151872,2.8524562599912973e-07,0.32831916079820206,0.025043646105604406,5.992095480358544e-06,4
0.09512589256527193,0.7763083129816867,0.0157411801517515,2.3403108858536093e-07,0.0923516514141405,0.020464788639779744,7.940216281365249e-06,4
0.1585304977274436,0.6614965003728899,0.11310414750324863,3.304881231338494e-07,0.050657921738637104,0.016203944794646822,6.657375010836589e-06,0
0.2003304447542469,0.6576421599300462,0.08323721594646061,2.938801391359034e-07,0.04498213734445128,0.01380157466575562,6.173478900211986e-06,0
0.19521006101350416,0.6582068960438995,0.09912039079035286,0.0,0.04309295787779703,0.0043400666953156124,2.9627579130670302e-05,1
0.11528073488979924,0.693067833883948,0.15541194963955984,2.84157092825702e-07,0.032694996435642075,0.003509060189297464,3.5140804660683475e-05,1
0.011055529166577305,0.9435127294031659,0.028117605396827887,1.6369950754216647e-07,0.014736103702795931,0.002518619057291412,5.924957383395103e-05,1
0.012523987222408474,0.9379839830266304,0.011974777194778548,1.4362199678958273e-07,0.03665853677182236,0.00080658946412104,5.198269824221635e-05,1
0.015306128430812548,0.939646793012984,0.008108103842537533,1.6124123101913016e-07,0.03577740089419491,0.0010657570329777543,9.565554526238854e-05,1
0.013128717407523041,0.9234325351091709,0.01955909573838348,9.277355833015623e-08,0.041981865306870356,0.001837095722804457,6.059794168948067e-05,1
0.029145787909236574,0.8756320325720698,0.031115119841273443,1.8388481636140122e-07,0.06239436678366632,0.001698929602503008,1.3579406434331867e-05,1
0.02368396939501064,0.8466632352825811,0.02568062571037098,1.73007703747772e-07,0.10295427199052816,0.0010141721707420278,3.552443062997683e-06,1
0.027027030383001145,0.8711983494089872,0.015684332822612897,1.844029924135317e-07,0.08501167184175155,0.0010746447131315092,3.7864275231957767e-06,1
0.023626006853900858,0.8915063801686182,0.012891760275813518,2.0383311495590525e-07,0.07066811180442843,0.0013033516693728854,4.185394751496087e-06,1
0.014218964048285838,0.6577512465550077,0.2951504638004377,1.6354117502397802e-07,0.027183354576201003,0.005693115140712653,2.692338180060044e-06,1
0.0034378407273301104,0.05020791422621473,0.9247699805253414,5.335447541292636e-08,0.017897199245538172,0.0036860119347935285,9.999863065857693e-07,2
0.0061041494333041015,0.12027280488148388,0.826475281294515,1.3250390008100357e-07,0.03461112696378299,0.012534444324423454,2.06059859045043e-06,2
0.0027996475097920447,0.07065182354006891,0.25414174654085186,8.205143436225542e-08,0.6597540729003146,0.012651573613801485,1.0538437369310317e-06,2
0.0019316159664190403,0.04808150411705766,0.08301835838877177,4.666889780427828e-08,0.8614966920595616,0.00547105704054122,7.257587510600199e-07,4
0.001121130864129233,0.2059805239787352,0.7865079872816424,5.868828955172575e-08,0.0011835620824101238,0.005205675967658805,1.0611371346906303e-06,2
0.0011226098348345842,0.22874066961095707,0.5535127229258666,1.450991120566405e-07,0.0034663445694252974,0.21315452857609554,2.9793837089718263e-06,2
0.0011967333470945382,0.24855601599820779,0.48151580470039573,1.5467969426579577e-07,0.003695219844000885,0.26503285569034096,3.2157402657854065e-06,2
0.007676378378288653,0.6365843728829875,0.13541532229972236,2.4347062060227946e-07,0.0022270415623843617,0.21808838317070733,8.258235289182035e-06,5
0.006202219633320171,0.4623739200412344,0.09586088521751121,4.453464822827496e-211,0.0016649047878920529,0.4338805085023779,1.7561817664198973e-05,5
0.003989394458376358,0.18334478199890897,0.027740521695554833,3.802006207271476e-211,0.0010230920655622889,0.7838926352086258,9.574572971650703e-06,5
0.002067359962774389,0.7862885849589025,0.18558271525460546,5.4871841744139956e-05,0.00046686954259009554,0.025478638023868457,6.09604155148564e-05,1
0.00024298897848575116,0.1601812164321539,0.8379304368737277,1.753567076383793e-05,0.00027005209086140895,0.001357035469048941,7.344849581467683e-07,2
0.005619419961217301,4.591183918633437e-05,7.158221501266016e-08,1.5059617315791644e-09,8.725771334340054e-08,5.0773719371555596e-08,0.9943344570799869,6
0.005196626513022451,4.299119964637053e-05,5.6147371707598065e-08,1.2706158593245533e-09,6.844285643550499e-08,3.823329858008878e-08,0.9947602181931887,6
0.9636071115783666,0.004539217747813413,1.1192708666081191e-05,2.3600018025302374e-07,1.1641860250658466e-05,7.122052279656783e-06,0.03182347805244324,0
0.949705973453712,0.009149648072029578,1.097459331384076e-05,2.3140118067388823e-07,1.1414992159559004e-05,6.983262913472378e-06,0.0411147742246912,0
0.9779464030074237,0.004535674835271016,9.770263183762201e-06,2.064210290180314e-07,1.3830295968546452e-05,6.503627869708904e-06,0.01748761154925376,0
0.9856225636270807,0.006017962247260205,1.044602234980821e-05,2.0198925747711995e-07,1.4862420506622747e-05,7.173094250817339e-06,0.008326790599294486,0
0.9837094950563977,0.0034674294874188966,1.6748241787687544e-05,2.0889189424300068e-07,3.620459098309934e-05,9.235832331543601e-06,0.012760677899186655,0
0.9711200467245098,0.008778017787528932,3.386220070257886e-05,3.6068208143621927e-07,6.25124650272005e-05,1.5947000917431216e-05,0.019989253139232777,0
0.9685902899897012,0.0043550874438296056,1.7790791925182726e-05,1.9499552139216833e-07,3.0809077011569684e-05,8.710103944258e-06,0.026997117598066597,0
0.9550409812708079,0.00502149245483796,2.2925686686415217e-05,2.414033385325497e-07,3.6969708903483785e-05,9.855702152317915e-06,0.03986753377327353,0
0.9156191546358041,0.011989788782968738,1.9822544138132624e-05,2.3495832450721714e-07,1.8896673113429795e-05,1.0672515084063498e-05,0.07234142989056715,0
0.8704268386006699,0.0062856920986075855,2.1797163987831257e-05,2.3445161542531218e-07,2.0249069667928946e-05,1.44414078242871e-05,0.12323074720762711,0
0.8929105594617925,0.006834495553585126,2.3122573880777402e-05,2.4870780447244664e-07,2.0844549070983957e-05,1.5093153340941398e-05,0.10019563600052524,0
0.9145590132927351,0.012219122021861435,2.2858363010987447e-05,2.5232149787096475e-07,2.266829380307918e-05,1.3715963553697775e-05,0.07316236974353764,0
0.9154656893684208,0.039361371846357136,2.05208249595228e-05,2.540891571932437e-07,2.2432973870773173e-05,1.371857644494044e-05,0.04511601232078984,0
0.7580881057299174,0.22707703277781166,1.9349010464649283e-05,2.35319248092981e-07,1.9509830733222012e-05,1.2935195330442326e-05,0.01478283213649453,0
0.7529350553616879,0.2291917034599281,1.921748693229715e-05,2.3371968212054106e-07,1.5062625014034173e-05,1.2847269253569669e-05,0.017825880077501778,0
0.7471292831577904,0.24086034721323135,2.2555799896463522e-05,2.671910341621919e-07,2.0255898468262946e-05,1.4703927244517582e-05,0.011952586812334944,0
0.7137489773501831,0.27899852371719075,1.2879822371822707e-05,1.5977955569606838e-07,8.93711206396756e-06,8.852823928980877e-06,0.0072216693947060265,0
0.7981225639138225,0.20106000511804634,1.1359652383732848e-05,1.1128617244804056e-07,8.110031738691909e-06,7.851893622332678e-06,0.000789998104213952,0
0.7949464034843362,0.20492809729473438,1.1479319996780145e-05,1.4651725586956324e-07,6.353015424074401e-06,7.934608949874865e-06,9.958575930256519e-05,0
0.8018070985036704,0.19806826079805867,1.1567814445314947e-05,1.4764676212626194e-07,6.401991025124311e-06,8.468825642892302e-06,9.805442039544249e-05,0
0.8007695230892283,0.19919231603978038,1.1632454095682068e-05,1.1395870654807832e-07,6.782726511665506e-06,8.516148491228476e-06,1.1115583186243445e-05,0
0.8133188139122071,0.1866355750460141,1.0819615277789102e-05,1.3809705980064275e-07,7.196548746535166e-06,7.921067176858139e-06,1.9535713517948747e-05,0
0.8208768663936195,0.17907409197355445,1.008749591422523e-05,1.6004013118951168e-07,9.53256627668436e-06,8.214166728337714e-06,2.1047363775480733e-05,0
0.6765523038215475,0.32340019871086745,1.297581289073841e-05,1.5796270143067813e-07,1.291642374047513e-05,1.4317764653695275e-05,7.1295035987539345e-06,0
0.680177334403008,0.31835587852802644,1.292768693681907e-05,1.627358719195548e-07,0.0014349059629939409,1.120576026854946e-05,7.58492289406868e-06,0
0.7374807661803328,0.2616362248526156,1.0212704327507683e-05,7.63492559482612e-08,0.0008582366613865204,5.751187953879466e-06,8.73206412762539e-06,0
0.5660496512403498,0.42703192360549597,2.6539709957905085e-05,1.2686187682872527e-07,0.006825517365868136,4.872824372245697e-05,1.751297272899369e-05,0
0.5560903743991333,0.3895886701145689,2.7389578687513708e-05,2.4930757366798245e-07,0.05421675397580474,5.096304940055946e-05,2.5599574831450347e-05,0
0.04006026512255505,0.6417018993374278,0.001425933672091633,8.858287217680855e-08,0.255873445427703,0.0006233215004048352,0.06031504635694544,1
0.07902836203361985,0.8843817338391323,0.0025674117628388888,1.002833818368725e-07,0.03042563631510246,0.0035805654320698677,1.6190333854865434e-05,1
0.03787624029300829,0.9337700876066171,0.0036671198305014466,1.0139784650097969e-07,0.02055836348035888,0.004116470466717572,1.1616924950189164e-05,1
0.02678713415847968,0.9299950418093562,0.0010644991055166534,2.078235798098039e-07,0.021727708994337777,0.02041726035699366,8.14775173619716e-06,1
0.01821744220956624,0.954856044154366,0.0013784071590259915,2.1628496490942149e-07,0.007806609478661287,0.017716517413359213,2.4763300056608737e-05,1
0.09937238630817921,0.8395086316027668,0.0012606208507867582,3.120423347140748e-07,0.01858979979391158,0.04126266976620034,5.5796358205507195e-06,1
0.1114352447234719,0.6995686508116955,0.017217538779037384,3.963808212654073e-07,0.04609621201870879,0.12567557021530307,6.387070962245241e-06,1
0.08240722049507632,0.7451911869839304,0.015766587217059223,4.3371078099135493e-07,0.029946775142782267,0.12665951818322013,2.8278267150913878e-05,1
0.0248231176207308,0.9679294876552885,0.0008289994808281877,1.5744870441539052e-07,0.002215582057279745,0.004189242837641896,1.3412899526365801e-05,1
0.027251791822395118,0.9538487564271292,0.0004797036349674971,1.6318933856261265e-07,0.014778509352018665,0.003627173635674724,1.39019384760365e-05,1
0.045473483823808385,0.9238614681409626,0.0007218008755885089,8.181982347235746e-08,0.025424822364654244,0.004503490755745889,1.4852219416925953e-05,1
0.11222164451596438,0.8688801091055294,0.0005993960053719871,1.211240623552315e-07,0.011724747219587179,0.006551995167690012,2.1986861794893652e-05,1
0.08441252257119873,0.904273204581445,2.4224570498500956e-05,8.226049425203984e-08,0.011207085497387456,1.8691828653890136e-05,6.418869032207505e-05,1
0.07441405842935706,0.919976547120697,3.083028300144836e-05,8.712950857399982e-08,0.005519714176013646,1.793617425230365e-05,4.0826687170078725e-05,1
0.07582207944012305,0.9211829292204875,2.2624570216158676e-05,7.522822769392501e-08,0.002872993525159655,1.519346504570148e-05,8.410455074030122e-05,1
0.12257508956369935,0.8737748476502329,4.737672790946369e-05,1.3752749126291005e-07,0.0034299538614324847,2.7775732532573934e-05,0.0001448189367018328,1
0.11249673251382766,0.8852751945045738,4.7775992892939696e-05,2.1474006614225178e-07,0.002095196603057514,2.4031215037801528e-05,6.085443054397959e-05,1
0.07417266258235965,0.9257718222093565,2.558209819827179e-05,2.333089813888504e-07,1.110259300664344e-05,1.1359753373938941e-05,7.23745472348773e-06,1
0.2728020507780933,0.7271147520433228,3.515521801514576e-05,2.0101516660056997e-07,1.6159682486041442e-05,1.3467988111956401e-05,1.8213274804239077e-05,1
0.2877661945684268,0.7121491230806732,3.60276534519261e-05,2.0938690502349986e-07,1.5444608648474943e-05,1.4028893418074276e-05,1.8971808476422184e-05,1
0.3288095962738025,0.671102798390489,4.0955396234656905e-05,2.1761645549857764e-07,1.4889259544983703e-05,1.4580272151527411e-05,1.6962791321976134e-05,1
0.46102720841776657,0.5388977884784214,2.539887209138483e-05,1.8317216767989796e-07,1.351098075971536e-05,1.2027071264370356e-05,2.3883007528983074e-05,1
0.5498631398921892,0.4500590899198868,3.766342362597381e-05,2.293929846808671e-07,1.4638764215689355e-05,1.3709779659710858e-05,1.1528827437860805e-05,0
0.561851005978141,0.4380651164565228,4.579135348462398e-05,2.0105693841552436e-07,1.52968432376104e-05,1.2541639536252417e-05,1.0046672139347076e-05,1
0.5439394751845525,0.45597963274318726,4.433154789685602e-05,1.9464734315739218e-07,1.480918747873504e-05,1.214181830185845e-05,9.414871239773764e-06,1
0.5169862109153835,0.48293993341641867,3.8585546480015365e-05,2.0332083542983193e-07,1.5469085379596995e-05,1.2682858140914363e-05,6.914857361853487e-06,0
0.4228486738102231,0.5770769659260082,3.248383558766209e-05,1.9121757970726321e-07,1.4548243716971992e-05,1.2121590440985056e-05,1.5015376443362086e-05,1
0.408982316584881,0.5909422760142424,3.3264318053385575e-05,1.958119253379339e-07,1.3818976116368009e-05,1.275214696305692e-05,1.5376147818363523e-05,1
0.5676594966961617,0.43213376066365705,3.52773778717148e-05,2.0206461757921356e-07,1.5373509630335945e-05,1.28617191307506e-05,0.00014302796893114807,1
0.5785809555140589,0.4211665319083318,3.3842969775335555e-05,2.0579572058908663e-07,1.659120138089765e-05,1.3512532109969807e-05,0.00018836007862253531,0
0.5826504917156115,0.4172292387183172,3.0513608124912305e-05,2.2239596103593206e-07,1.8072927237798084e-05,1.4721434856461919e-05,5.6739199891085875e-05,0
0.5820669586839388,0.4178489720677498,3.70749711078592e-05,2.10124276602812e-07,1.57776546516891e-05,1.3796744784353129e-05,1.7209753490888855e-05,0
0.3960417607875416,0.6026528933567331,3.056497102412907e-05,1.8422486313071593e-07,1.4565058709775262e-05,1.4870980695704256e-05,0.0012451606204326095,0
0.6278699799272285,0.3716141030271062,4.1853950573733145e-05,2.524374020128386e-07,2.2938726092712946e-05,2.205943055432749e-05,0.000428812501042593,0
0.7481860322068031,0.25095929730461003,3.794564558927521e-05,2.609624444481276e-07,1.5200014615793015e-05,2.280346558397827e-05,0.0007784604003532432,0
0.7353069752276902,0.2637386802806854,2.882524035014274e-05,2.2263703983366385e-07,1.2798814852706466e-05,2.111982715784755e-05,0.0008913779722238982,0
0.7628798693153644,0.23623798783683797,2.4261475011970276e-05,2.1595308441465298e-07,1.2414571925493735e-05,2.0485772809632468e-05,0.0008247650749661044,0
0.7790334492368813,0.220881717086103,1.957679061824005e-05,1.6532997816649233e-07,9.689694106242956e-06,1.4185671024886771e-05,4.121619128799412e-05,0
0.6293164912579012,0.37062504211832314,2.9082582795480604e-05,1.9489750114771698e-07,1.0373900098050195e-05,1.2530506506154722e-05,6.284736874973431e-06,1
0.6128230280791583,0.04627953667452809,5.299444602331101e-05,2.498113746449818e-07,2.1591169680962634e-05,2.0255011663867055e-05,0.34080234480757077,0
0.6889770076926292,0.05219191462795203,5.795410967473247e-05,2.891977700612508e-07,2.4350247710199895e-05,2.1317442745335283e-05,0.2587271666815184,0
0.6247880654390418,0.3741897516714154,5.070340100384065e-05,1.6712735594513162e-07,1.847708610653769e-05,1.557650132138967e-05,0.0009372587737550257,1
0.5735951317308882,0.42623395525801755,4.275818306522222e-05,2.220899138063664e-07,1.954031771025856e-05,1.632112769194552e-05,9.207129271292167e-05,1
0.57887273264872,0.4210021912541364,4.284723841022925e-05,2.2255247541396408e-07,1.9581015644793794e-05,1.8099516577394343e-05,4.4325774035706996e-05,1
0.5566466573908492,0.44325637392645595,4.705864572637835e-05,1.8077474594713785e-07,2.23240673437492e-05,1.9304110844014828e-05,8.101084034926078e-06,1
0.49546254198301093,0.5044433311505097,4.7864800989661074e-05,4.2907377916364757e-07,1.795832216338956e-05,1.9634806942886465e-05,8.239862604352478e-06,0
0.45116821297077314,0.5487442852424929,4.499114715056914e-05,3.2346429920347583e-07,1.652981524089302e-05,1.8072942900989633e-05,7.584417142151447e-06,0
0.703661720894271,0.29626937040377416,3.023624229345934e-05,2.0550855955999646e-07,1.8036019389936174e-05,1.463451609075891e-05,5.796415620987427e-06,1
0.718609145369815,0.28131960493360686,3.431484791794399e-05,1.9434014902508916e-07,2.0439773741688096e-05,1.0819326705450756e-05,5.481408064004196e-06,0
0.6098309132799031,0.39008561048295204,2.6843225032179015e-05,2.0115828942846055e-07,3.7171430709806376e-05,1.2214081147584099e-05,7.046341965810698e-06,0
0.21329658882779934,0.7866304475561555,3.144886883621774e-05,1.7920602694824088e-07,1.3218450271385377e-05,1.3377237775760852e-05,1.4739853134919915e-05,1
0.19526878964954875,0.8046490562907337,3.650954547176353e-05,2.2004219325509235e-07,2.00995070443247e-05,1.3807914620179759e-05,1.1517050388229588e-05,1
0.6728787361293863,0.326670559721754,3.219961645355716e-05,3.1087469174413877e-07,0.000372514671598155,1.958956014686463e-05,2.6089425969444258e-05,0
0.47842091589971697,0.5212974069428662,2.3001622210427802e-05,1.474043768782056e-07,0.00023588435335752933,1.1532248281442862e-05,1.1111529190544898e-05,0
0.41012974456789564,0.5895385246458147,4.282794982822514e-05,2.2843124488096813e-07,0.0002654644469256151,1.6562334220103875e-05,6.6476240709116835e-06,1
0.3243097639024416,0.6753955822726511,3.054900692563807e-05,2.313467135471286e-07,0.00024125510877184644,1.6185406013664094e-05,6.4329564823620595e-06,1
0.23122763247249958,0.7684848035781039,2.5610465806691793e-05,2.0765888479608862e-07,0.00024122512314310983,1.494736424563554e-05,5.5733373162272936e-06,1
0.15111142734675892,0.8405269310111844,0.00014318658517357416,1.8282075214455792e-07,0.006279852670901857,0.0019328448060447214,5.574759184485171e-06,1
0.09368634126212175,0.8993433628956106,0.0004453209703910194,1.4060610134364784e-07,0.0062525191571979905,0.0002663834576144769,5.9316509628641465e-06,1
0.08792873201121863,0.8977034840830738,0.0021393834829688194,1.725213199595357e-07,0.011629690778192673,0.0005926162881420269,5.920835084147873e-06,1
0.07306105439968007,0.9034728923062206,0.002250297997302487,2.0655781019239233e-07,0.020901100546440413,0.0003101133847696485,4.3348077768219386e-06,1
0.05368872630329323,0.9002962189909409,0.003752746812105656,2.0488378151479835e-07,0.040789441729367666,0.0014684145976483183,4.246682862672264e-06,1
0.03207020159149777,0.879024614269873,0.007313781109068414,1.862384105920504e-07,0.0775359942009902,0.004050892727324259,4.329862835776805e-06,1
0.03181014340055065,0.871896578285041,0.016169182124209515,1.8472819794167915e-07,0.0769072525846437,0.0032123641255041254,4.294751852987729e-06,1
0.045486162437256825,0.8650874992055837,0.00917757792802081,1.997573325038055e-07,0.07731447233498691,0.0029297708444870492,4.317492332182909e-06,1
0.2058307741282199,0.6233654682302635,0.01671576540986289,2.635088591778552e-07,0.14415080355092874,0.009917006710282724,1.991846158294253e-05,0
0.433244588655193,0.1778215327634718,0.010548806227358177,2.884160707506548e-07,0.34784673709097175,0.030531988150581293,6.05869635320207e-06,4
0.09434405571492559,0.8222164274793297,0.016508445061083912,2.750906858145934e-07,0.04677279697710182,0.020150296877071105,7.70279980211875e-06,1
0.06912346708349251,0.8514737734409162,0.017737132538051065,2.624096020611609e-07,0.04461667251911599,0.01703978896518251,8.903043639489091e-06,1
0.049093861596504015,0.9015158392411592,0.02179079588247846,2.1952717663268894e-07,0.013454737030707037,0.014137782231322706,6.764490651742224e-06,1
0.04194295290928865,0.90079860805103,0.025898938966025704,2.2323262763246364e-07,0.014616336485251432,0.016738520630980802,4.419724795657711e-06,1
0.04571472549432976,0.8856990160679018,0.027350466946230688,2.5358086652335745e-07,0.02190619434686486,0.01932473365826844,4.6099055378622115e-06,1
0.16376928310429045,0.6607543277696672,0.09945147267700676,3.1420399945225005e-07,0.05787292226901565,0.018145079558017696,6.600418002673073e-06,1
0.38315696828049295,0.47681790311599326,0.09198181376172176,2.90196563318648e-07,0.02895463091057479,0.01906646946025474,2.1924274399319305e-05,0
0.13507000993746648,0.7381409229150994,0.08168984006502725,3.442804556288301e-07,0.03817013782684105,0.00688916372260588,3.958125250431219e-05,1
0.010060159291912396,0.6615082502792571,0.021722308405848132,8.684540591275014e-08,0.30337876586841295,0.003278501319483126,5.192798968037631e-05,1
0.028143175101395395,0.8597031823700416,0.014413420884199734,1.736767750270414e-07,0.09605705320408915,0.001655338206858854,2.7656556640061797e-05,1
0.02557204241000594,0.9022955317945809,0.017740872832924394,1.6457781670102824e-07,0.05301752883629144,0.0013617059127120899,1.2153635668678023e-05,1
0.018133090858152717,0.8267482979711803,0.08809995817773422,1.9980696791631976e-07,0.06223153879241134,0.004782811669444959,4.102724108446365e-06,1
0.018450231988356873,0.8341371750669039,0.11310291929175917,1.213362897789822e-07,0.020810611186235586,0.013495613197206519,3.32793324825755e-06,1
0.007581662574641148,0.4094977130678271,0.5373488644159267,9.32970587657939e-08,0.04330005559955481,0.002269924150138001,1.6868948536409805e-06,2
0.012316701041508657,0.6533158024704399,0.2606184800018849,1.4864629045463343e-07,0.068988162397602,0.004758017783459306,2.6876588147350882e-06,2
0.001985605998609128,0.051475962085063325,0.9267793801969061,4.437066994422081e-08,0.015819105623369786,0.003939099463705238,8.022616765379839e-07,2
0.0022520042812763765,0.057506944127570896,0.9190921876167196,4.655554868045568e-08,0.01809090496129206,0.0030570398989022032,8.725586900768935e-07,2
0.0035516314214706197,0.10321584983211324,0.852587602718076,1.1327910087585078e-07,0.027407967297754618,0.013235073822162966,1.761629321473345e-06,2
0.0032644644877774663,0.08704496369368227,0.32611827008814737,1.0108959354780876e-07,0.5685635506994418,0.015007351577278333,1.2983640792788883e-06,2
0.0005918607841571843,0.11154859895134157,0.8829983382137241,3.065613120294072e-08,0.0011215073812517536,0.003739002620350627,6.613930435666675e-07,2
0.0074391735435045585,0.7331494332519787,0.1675386928997465,2.3208307184419813e-07,0.0027164569086398946,0.08914951453398137,6.496779077032051e-06,2
0.00865419957457103,0.7350921686251546,0.09640496499809668,2.811413768332268e-07,0.004023159492763208,0.15581569001800588,9.53615003184731e-06,5
0.006579089086113288,0.48316084865293785,0.10017049977685617,4.653679089537419e-211,0.0017377745394067299,0.40833343660098165,1.8351343704173074e-05,5
0.00022045773378149875,0.1962494643666462,0.7931280874509293,7.75758900278554e-06,0.00021015297203297995,0.01018331714430604,7.627433009571879e-07,1
0.008156260409470633,2.494702442991544e-05,1.1497879917757462e-07,1.684961181722019e-09,1.338850681519e-07,5.680871193387376e-08,0.9918184852085591,6
0.08163014200085576,0.0003336529759743392,7.009564214891342e-07,2.166254375305998e-08,9.767779261834441e-07,5.872409541003519e-07,0.9180339183853244,6
0.9233035581410354,0.0034335267231010293,1.4468210110361875e-05,2.2446393832825936e-07,1.5581237316002606e-05,9.255343272430963e-06,0.0732233858812264,0
0.9837376357460222,0.004986022713557593,1.1180295759846638e-05,3.1654467210329345e-07,1.5525935050120775e-05,7.677306495411224e-06,0.011241641458442886,0
0.9881736010813834,0.0034969393402463915,1.5130789106769752e-05,2.8007329457809297e-08,2.628574110459004e-05,8.343886660198897e-06,0.008279671154169334,0
0.9820312674566805,0.0052322642210584054,2.2602524420842836e-05,2.7365303854863814e-07,4.759319009259885e-05,1.2099146260374082e-05,0.01265389980844869,0
0.981532406256895,0.003626433249635129,1.7809183879352474e-05,1.740168032638707e-07,7.809131250242659e-213,7.166784652375328e-06,0.014816010508135082,0
0.9651474699725466,0.003975864238716119,9.75660857556323e-06,1.8436822106327964e-07,0.0,7.526052134450609e-06,0.03085919875980606,0
0.952876515014365,0.004187718189975515,2.2109469150818564e-05,2.377430349339976e-07,1.9894583356820894e-05,9.706264028248548e-06,0.04288381873608869,0
0.951021158840239,0.0031879790250761114,2.2066419564173015e-05,2.1281125929342653e-07,1.985584639827366e-05,1.0651771515246758e-05,0.045738075285947845,0
0.7656265327307438,0.005892293317501019,1.982646064665291e-05,2.1325461098375892e-07,1.841833107860519e-05,1.1532032037619166e-05,0.2284311838733812,0
0.9052791952661072,0.007497632195364755,2.1472888928860578e-05,2.53319982548535e-07,2.1878688980660494e-05,1.5373049305950578e-05,0.0871641945913301,0
0.6719443339336021,0.31830329562147663,1.8357494159981642e-05,2.2773235343617146e-07,1.7392366175677025e-05,1.2343565239373978e-05,0.009704049286993014,0
0.8368909975303668,0.15831308458176133,1.2134083542254152e-05,1.5487438485918862e-07,8.231606875496941e-06,8.414620165640361e-06,0.00476698270290353,0
0.8247567543646744,0.1741961520996376,1.2292651942815464e-05,1.5689828583279907e-07,6.810885795776622e-06,8.9994809723654e-06,0.001018833618691312,0
0.8267334627130744,0.17311210197100318,1.1336896260012739e-05,1.5587747336578793e-07,7.531031747554374e-06,8.940928501097422e-06,0.00012647058194052772,0
0.7837948746135763,0.215566559056654,1.3050611686820408e-05,1.6428326910435106e-07,0.000592276844248357,1.1281065848954886e-05,2.1793524716490292e-05,0
0.7953215691294258,0.20392604160985223,1.1437239640427069e-05,1.4397387361978966e-07,0.0007136779221994876,8.030808380797974e-06,1.9099316627724895e-05,0
0.515574043272136,0.4810986731678733,1.842234669744587e-05,1.476616382715015e-07,0.003275425060039033,1.5122637296749922e-05,1.8165854319278515e-05,0
0.5224223157082023,0.4755738582324567,2.6384789661219098e-05,2.2654872066599547e-07,0.0019084521498153424,4.6482481575684386e-05,2.228008956803444e-05,0
0.5060543328837747,0.48945616533173614,2.9616594376654038e-05,2.5569722654187534e-07,0.004390006549963063,5.216482857275652e-05,1.745811435019905e-05,0
0.5073388328406679,0.4366413934177349,2.8317274246208655e-05,2.448047184446936e-07,0.055914291880286314,5.7784484737216364e-05,1.9135297609126246e-05,0
0.0536815766232948,0.7846463238325293,0.0032455551721283296,1.2581140935957413e-07,0.1574238378396126,0.0009902375527805827,1.2343168244977503e-05,1
0.07231831659150281,0.8835793005658968,0.0038554269950107647,9.937508200874402e-08,0.029892687698377447,0.010338916452035208,1.5252322094750911e-05,1
0.03501879161818679,0.9368980191686217,0.0006984948280209442,1.0660611949971905e-07,0.02542144021161556,0.0019509339422728773,1.221362516261298e-05,1
0.02001595146671952,0.9587861725698794,0.0008990158810895071,2.081281327053261e-07,0.006311781050335804,0.013963041510974668,2.382939286862637e-05,1
0.016748254862015106,0.9558239562206579,0.0015152161393941184,2.1650420720104748e-07,0.010383614525960294,0.015503953345813094,2.478840195241045e-05,1
0.029978085493425406,0.9306850587304177,0.0010466244851291735,2.1186535437327758e-07,0.019876231189092396,0.01840744607111572,6.3421654653970835e-06,1
0.07200708658870317,0.8780858622738505,0.0010080598276932407,2.810931375086841e-07,0.011487504630504354,0.03740338297337729,7.822612733692891e-06,1
0.08173519460934928,0.9150292257657926,3.776582236164182e-05,8.778904942851473e-08,0.00305770728063195,1.9948067228698926e-05,0.00012007066558644034,1
0.127941076650207,0.8709955488212423,5.841520198196389e-05,2.1660482069206936e-07,0.0009469602368434377,2.713972565232859e-05,3.064275925245341e-05,1
0.09660622494461832,0.9033048015965378,3.231017348777375e-05,2.995084614279408e-07,2.6699930226524576e-05,2.0662950525530864e-05,9.000896142512778e-06,1
0.09509829691047321,0.9048236660491356,3.166739536967821e-05,2.935500444834081e-07,1.724747905396903e-05,1.9722429168622368e-05,9.10618675448902e-06,1
0.05941189083622948,0.940543646349439,2.0078634773278232e-05,1.8311734206964936e-07,9.351531652144027e-06,9.464210135813228e-06,5.38532042819478e-06,1
0.44769609445230835,0.5522197025745149,2.7754773173611756e-05,2.0016250908239268e-07,1.4764207047844797e-05,1.4147236363627903e-05,2.733659408255149e-05,1
0.5410628674821156,0.4588519095942698,3.756399016377002e-05,2.2878737487495581e-07,1.4600117091550935e-05,1.367358510471889e-05,1.9156443879709e-05,0
0.4377924872748061,0.5620192484444396,3.235294687496087e-05,2.1977839691824052e-07,1.6211096531611935e-05,1.4312950613041712e-05,0.0001251675083377061,1
0.6042077805211972,0.3956570177885597,2.4945627018872427e-05,1.8997648103051336e-07,1.4012874403971927e-05,1.2473841986197324e-05,8.35793703532739e-05,0
0.6016449124340056,0.3982405050800851,3.0254136038176253e-05,2.2450836132358948e-07,1.8572610388629843e-05,1.4861264568659355e-05,5.066996655229499e-05,0
0.5999892920316314,0.39992351072575844,3.6828950552696275e-05,2.458234403457951e-07,1.8905478923645655e-05,1.5005402686052764e-05,1.6211587007413144e-05,0
0.5142886433123078,0.4854015721035346,3.430523105945643e-05,1.9747170887023097e-07,1.4827608101289237e-05,1.2965978103342096e-05,0.00024748829518453537,0
0.5408027366141481,0.45902611162881835,3.4446631157959225e-05,1.9522802681121255e-07,1.465913617958788e-05,1.2818658101836403e-05,0.00010903210356731729,1
0.4995516088696108,0.5002420371210053,3.0483601970449276e-05,2.0481033832518924e-07,1.5107036050030365e-05,1.3447831981884567e-05,0.00014711072904314074,1
0.5104781408234812,0.48860134759902546,3.793337386715713e-05,2.4557427120947837e-07,2.2000823504381446e-05,2.163447225773792e-05,0.000838697333592794,0
0.5031698593557404,0.49610563244923234,2.9537572376520372e-05,2.0393655445240824e-07,1.7572586146577022e-05,1.7821147835307416e-05,0.0006593729521145654,0
0.6827618338561968,0.31657749116384126,4.431521962107866e-05,2.7167186309313395e-07,1.8540481757157972e-05,2.3740248274156154e-05,0.0005738073584464502,0
0.6868155957465653,0.3125570096721884,4.536275686351391e-05,2.565415999469669e-07,1.7507903835217116e-05,2.2417162582994633e-05,0.0005418502163646243,0
0.6868665976214234,0.31258021967730776,4.955125910477361e-05,2.5656065033350074e-07,1.7785550730272577e-05,2.2418827247174965e-05,0.0004631705035362196,0
0.8115932720683058,0.18785429849663982,3.0275855771846315e-05,1.9207865091771434e-07,1.1364386795280006e-05,1.6784249990000818e-05,0.0004938128638465535,0
0.6438743426048985,0.35555966071033396,4.02994285754042e-05,2.430614771777708e-07,1.6587941173493655e-05,2.123924015708684e-05,0.0004876270133843759,0
0.7732867173527644,0.22591156839945314,2.8235907940874688e-05,2.3176387405388657e-07,1.3499315123606335e-05,2.1985618229151067e-05,0.0007377616426146433,0
0.726092490768865,0.2729943413377917,2.6651310686292813e-05,2.2322420242172667e-07,1.2583002094313287e-05,2.117552666042226e-05,0.0008525348296998536,0
0.7796415555544003,0.2198509179527363,2.1017673554468272e-05,1.7976946178147848e-07,1.013348682423044e-05,1.542461006427358e-05,0.0004607709529587506,0
0.7863752919526242,0.2133181167988031,1.8916465895929857e-05,1.6906004110715332e-07,9.90830641898179e-06,1.3350188206158221e-05,0.00026424722801073855,0
0.7405877858087924,0.25932439268447177,2.083290878901056e-05,1.7076445798494105e-07,9.625880657865654e-06,1.3320350007441952e-05,4.387160282347895e-05,0
0.8147209016665786,0.18521334420969157,2.139348140663314e-05,1.8109221605361222e-07,1.0613490656933963e-05,1.2931780127476992e-05,2.0634279322517772e-05,0
0.8100631586448647,0.18988347687638446,2.2776233204181003e-05,1.937051344987053e-07,1.1352711231903537e-05,1.3832467587447415e-05,5.209361592658952e-06,0
0.8306801549650946,0.16927431143880006,1.93502397725759e-05,1.7701970785807887e-07,9.489528084543064e-06,1.207726867451627e-05,4.439539865590972e-06,0
0.6077547934238398,0.39218221883337095,3.0202178015893523e-05,2.3379518331311972e-07,1.1568986461808438e-05,1.3974036645731067e-05,7.008746482555929e-06,1
0.7102562535821845,0.2896907555726279,1.8915083014327645e-05,1.5597703558489982e-07,8.792323341900065e-06,1.0737192971404763e-05,1.4390268824399936e-05,1
0.5540330205660661,0.0379498220302563,4.304341659641316e-05,2.1479167164097377e-07,1.80853068453394e-05,1.7415571330858212e-05,0.40793839831723333,0
0.6651757091239688,0.04759423009585383,4.906908268875755e-05,2.63721791193524e-07,2.2205188306880233e-05,1.8286318631218697e-05,0.28714023646875914,0
0.8389678604460185,0.16096268152907778,2.6412754084123175e-05,1.5674673285448144e-07,1.2610727736775443e-05,1.1408285826200539e-05,1.8869510523667644e-05,0
0.8153495073622519,0.18455905405091716,3.007481341443279e-05,1.369907682790215e-07,1.4440799925730243e-05,1.3095813867366439e-05,3.3690168854998164e-05,0
0.422918873844802,0.576996941877086,3.1703749454877625e-05,2.832956149361693e-07,2.3433342940231216e-05,2.001084633848852e-05,8.7530437635904e-06,1
0.7139199370529048,0.2860217419553679,2.1432869577670305e-05,2.0575736935717523e-07,1.942398393859573e-05,1.1454947484073327e-05,5.803433357854978e-06,0
0.20697468996727808,0.7929508039029322,3.364015391089556e-05,2.027484361238414e-07,1.6231506137001686e-05,1.3819829466103807e-05,1.0611891839607404e-05,1
0.7473610221528668,0.252300322564087,2.376743984868171e-05,2.3684198111611745e-07,0.0002880125378040598,1.4222169164040522e-05,1.2416294248442978e-05,0
0.5011920643721856,0.49854884504928276,2.368030129270686e-05,1.769940346528551e-07,0.00021200651545195823,1.1872515398634086e-05,1.1354252353810793e-05,0
0.3231951882259757,0.676497981766079,3.0598869866177645e-05,2.3172432410087607e-07,0.0002537333269392689,1.5822630282465886e-05,6.44345653322638e-06,1
0.2887442391461551,0.7110047570063621,2.412523160797726e-05,1.9561607074912649e-07,0.00020856652162877518,1.2800841156138127e-05,5.315637018911404e-06,1
0.25089636614865385,0.7485560510974465,2.1939658215859053e-05,1.7789465417384955e-07,0.0005080456715362956,1.2645031568964597e-05,4.77449792450749e-06,1
0.07196525829988237,0.9217314130162743,4.462228484627811e-05,2.0892830559696423e-07,0.006239992798674832,1.2897264834503386e-05,5.607407181942225e-06,1
0.09292876663137999,0.8947804312972023,0.00039414548086488756,1.7656882378446518e-07,0.01178370755673817,0.00010675971467828866,6.012750312647681e-06,1
0.04553302501537181,0.8971666488234353,0.002682116695203266,1.964102995052488e-07,0.05328203657245465,0.0013318546304090502,4.121852826335957e-06,1
0.039920525396111156,0.8845927373820718,0.004702899349775269,1.9339581798928034e-07,0.06769542224265679,0.003083725967935188,4.496265632016641e-06,1
0.36290637787016544,0.30251578676641805,0.019896047839879215,4.116482791652917e-07,0.29364632287149817,0.021026405594060237,8.647409699776563e-06,0
0.451811141816742,0.24242995088727004,0.017716647760027533,3.9313945031823404e-07,0.26877421885171776,0.019259388946206817,8.258598585521236e-06,0
0.46929143961395176,0.21502873602020803,0.01389571214768339,3.4870394013699497e-07,0.2839073961450636,0.017869042218078793,7.3251510741289285e-06,0
0.1167345502364336,0.4516655912632032,0.006413689568514345,1.382076221628909e-07,0.41028748578132307,0.014896010474255992,2.5344686474081855e-06,4
0.012535608402630556,0.10455671430823735,0.0028636734100285703,3.3434389909673093e-08,0.8753612492377515,0.004681785012371669,9.361945905859136e-07,4
0.06792606985729349,0.4837175919825623,0.0091814086762863,1.7724128542263434e-07,0.42977721799589697,0.009392571322779196,4.962923896307051e-06,1
0.07338671524031481,0.8394326874555673,0.015656836541773925,2.586987460367517e-07,0.0605923462134745,0.010923912040163596,7.243809959902859e-06,1
0.0691281977458929,0.8375863314903071,0.01809812271932824,2.5812973081958386e-07,0.060459071632257666,0.014720790405488467,7.2278769947818335e-06,1
0.028127615924332824,0.9024888513109639,0.017848928843203157,2.2646109597750636e-07,0.024395854779885182,0.027132181555300176,6.341125218826265e-06,1
0.04051761292916555,0.8994371550915963,0.02585979571382,2.228952373225586e-07,0.01761118855641681,0.01656961176887163,4.413044892570439e-06,1
0.04454296463460359,0.89211493805432,0.027504394479148875,2.5500801134161367e-07,0.018731202777580145,0.017101551346164662,4.693700171598171e-06,1
0.10633464630535065,0.7684903693398674,0.07969194253043455,2.5355703288856137e-07,0.027868690105841698,0.017608771741670897,5.326419802101739e-06,1
0.2016005648368773,0.6640939348016065,0.09650414393883466,4.2600563967393255e-07,0.02505966066334495,0.012692292716178569,4.897703751842877e-05,1
0.135624882888075,0.7350823937342236,0.09414502653000395,3.202980399820249e-07,0.030065302721920213,0.005020591272240285,6.148255549683522e-05,1
0.019952901515953428,0.6550849546210956,0.2954115456518358,1.948897951635476e-07,0.02704835403561978,0.0024423394450963066,5.9709840603866666e-05,1
0.011884452382554785,0.8825178585051674,0.08406378418576439,2.0404627598136506e-07,0.016641203698668887,0.004819572294700354,7.292488686827429e-05,1
0.013205516714991568,0.9301589501816467,0.02061040934031926,8.80841114195016e-08,0.03492628017580729,0.0010412206198697773,5.753488325383829e-05,1
0.01137126859827776,0.8815072980916184,0.07030869258422041,1.1326629643542261e-07,0.02998269886114831,0.006762202608668465,6.772598977016877e-05,1
0.013060793928575624,0.8675753799652653,0.08171805921821798,1.2221850618982593e-07,0.02587169080319843,0.011700875028484627,7.307883775167575e-05,1
0.009443623091695863,0.9348134655405008,0.03061791715308641,1.485488448663531e-07,0.02176382663140591,0.003307253107591872,5.376592687421498e-05,1
0.024084847570576075,0.8784467771809823,0.010795837594302873,0.0,0.0853070015593538,0.0013421169218225451,2.3419172962224137e-05,1
0.01912229875310994,0.8298253790310599,0.05656153941353282,1.7274114321418736e-07,0.09374283717861712,0.0007442259128783599,3.5469696586469586e-06,1
0.0016105245549308785,0.038007456360980484,0.940591943515959,3.6218124381749266e-08,0.01745216827606307,0.002337216217632417,6.548563099022563e-07,2
0.0018557998084697018,0.05104532857569191,0.9213725476764826,4.7956753288571136e-08,0.02216238284573464,0.00356302603557439,8.671012933312408e-07,2
0.002674679719917677,0.07537154084082084,0.8980431069398049,6.087704918401027e-08,0.02066077651734166,0.0032487343931853975,1.1007118802228163e-06,2
0.002189199680009527,0.05231783226960496,0.07160071283733936,2.7028714010857022e-08,0.8679927319746185,0.00589914977085711,3.4643885659719185e-07,2
0.0027558651520708938,0.21194521847496536,0.7690890891578018,4.266939574901032e-08,0.003205119146781809,0.013003452279644247,1.213119340119998e-06,2
0.0013795679641187722,0.26477856936444993,0.44965274746535455,1.6986066305930383e-07,0.0039967222951978795,0.28018869170257266,3.531347643047405e-06,2
0.001628036574875357,0.3124668058263086,0.41413432543249995,2.004536052486339e-07,0.003142803551305773,0.26862366079649747,4.167364907718378e-06,2
0.0070097217542096635,0.7801475863436097,0.0827832106304068,2.2398927555795836e-07,0.002870475596109153,0.12718251136966946,6.270316719442836e-06,5
0.003324052542411416,0.18276110233963092,0.02426101439539472,5.771684780235785e-195,0.001530858034561029,0.7881147333327243,8.239355277695413e-06,5
0.0017770088291895918,0.2399165776180677,0.06780046484874479,6.875378582625265e-07,0.0011319578989164823,0.6893712660424525,2.0372247706471527e-06,5
0.015945138373293814,2.554072006034631e-05,2.0753227081839088e-07,2.788053028342345e-09,2.0531350983475383e-07,9.399961438968911e-08,0.9840288112731977,6
0.007103693224322666,4.6448614537593834e-05,9.93310390931654e-08,1.5903117682342737e-09,1.1747581849461637e-07,4.785306607352745e-08,0.9928495919109042,6
0.9556599810761445,0.0029709627358041222,1.251905593233528e-05,6.283841137481485e-08,1.348213635039251e-05,8.008465402195367e-06,0.0413349836919551,0
0.9526681604754907,0.003171415965869667,1.3363726640845051e-05,2.3116716740129445e-07,1.4391786864365977e-05,8.548802962943567e-06,0.04412388807500398,0
0.9783244229953547,0.0038733949830539183,1.7354530075076006e-05,2.1645380494475722e-07,3.0394447193237997e-05,9.824005548094478e-06,0.017744392584969803,0
0.9875366001676703,0.0032738212213262517,1.416538682929073e-05,1.7667732081768284e-07,3.0727366885175404e-05,7.811514744369418e-06,0.009136697665223828,0
0.987767973622538,0.00319068648588041,1.5265891152443184e-05,1.668763302134285e-07,2.0846262087041383e-05,7.378179088948406e-06,0.008997682682923037,0
0.9865371768754367,0.0036449241995642205,1.794773334137589e-05,1.7490410375293846e-07,2.238251251168235e-05,7.2033276264319955e-06,0.009770190447415799,0
0.9827788425887162,0.0035747943677019627,9.782483652290716e-06,1.748472571922821e-07,0.0,7.064732657749023e-06,0.01362934098001469,0
0.9599703493191563,0.004698727165517784,2.021925123559028e-05,2.2161258776020876e-07,2.879267392755438e-05,9.90048037517015e-06,0.03527178949719972,0
0.750575570783345,0.23108997729669467,1.8192267045066132e-05,1.4252071146148816e-07,1.397594778588569e-05,1.2419657581400652e-05,0.018289721526836465,0
0.7441987534343739,0.23919541924472335,1.8868720778428783e-05,1.4782014264897017e-07,1.3781491096232366e-05,1.288146499205554e-05,0.01656014782389331,0
0.6776792343466127,0.3107965941065346,1.953614926580214e-05,2.423540604512388e-07,1.7980187140527976e-05,1.3136092044319514e-05,0.011473276764341652,0
0.6800236188685732,0.31210079785876216,1.9286243817120934e-05,2.3925387937702894e-07,1.840992959745777e-05,1.3256217037425297e-05,0.007824391628333255,0
0.6811622771486319,0.30833770291283064,1.904570428362312e-05,2.4309143124526235e-07,1.4420910677681374e-05,1.3695090696291406e-05,0.01045261514144858,0
0.6928530408353568,0.30464144793943165,1.8670684253616284e-05,2.383048318902365e-07,1.3521801911442653e-05,1.3425427088824507e-05,0.0024596550071256215,0
0.7690021067012913,0.23092695476978467,1.351710912452348e-05,1.948546865669067e-07,9.040672225596927e-06,9.026612904503144e-06,3.9159279982619285e-05,0
0.7925840294674116,0.20737706846938203,1.1073150307475783e-05,1.2067311032107288e-07,8.110181248086937e-06,7.827549408251647e-06,1.1770509132189139e-05,0
0.7741476157702607,0.22578872756137028,1.2805675486068378e-05,1.4492604238255156e-07,2.6134526138667415e-05,1.0029515723262196e-05,1.4542024978495366e-05,0
0.7737665610200132,0.22557042838185767,1.285140984947555e-05,1.5039631856900897e-07,0.0006181398363475527,1.0408082750421056e-05,2.1460872863081026e-05,0
0.7070306371935351,0.2920748226954835,1.3647403006230914e-05,1.3660794463079855e-07,0.00085891615074597,9.921676098127594e-06,1.1918273186409678e-05,0
0.6152641145118464,0.3836691049295549,1.3303876266474023e-05,1.4017526614687645e-07,0.0010309262386745675,1.0180766509860694e-05,1.2229501881690027e-05,0
0.48752936381131906,0.5072144584367854,3.3553426662479045e-05,2.6190108912746667e-07,0.005148392666519715,5.3994813265226286e-05,1.9974944359121154e-05,0
0.06409554054379091,0.8535982859327765,0.004432368530639782,7.80324282037253e-08,0.07607375530471189,0.001758523551043952,4.144810460849096e-05,1
0.06785653859395366,0.8863594613112986,0.001632181495012658,1.0531740086094583e-07,0.037399994484970465,0.006738185147808012,1.3533649555705226e-05,1
0.04850158038271033,0.9032208471648918,0.000617949252054429,1.0644541521342272e-07,0.0395622712444215,0.008085050296875536,1.2195213631229419e-05,1
0.023060634246954093,0.9532779614385153,0.0013077029784897209,1.0378212870181326e-07,0.012786234160165246,0.009555851571110982,1.1511822636248728e-05,1
0.01939914051086293,0.9565422031783594,0.001164442497756739,9.490415834672748e-08,0.012102825453960981,0.01077686508838188,1.442836651958204e-05,1
0.02628049636031102,0.923182721347732,0.0017056793579898883,2.0497836829528994e-07,0.024433382051554823,0.024390883592127075,6.632311916513377e-06,1
0.0380878003144746,0.9327113346766612,0.0009756310446347279,2.494173347262457e-07,0.00801684470432666,0.02019972948855899,8.410354009174072e-06,1
0.026748857120486563,0.9420485554799725,0.002928340377487473,2.5921241837579595e-07,0.011750646879172598,0.01650281214071183,2.0528789750823044e-05,1
0.03767816112295451,0.9497490252112629,0.0005644725190948123,1.602579206080914e-07,0.0011516123170919332,0.010844629324427342,1.1939247247662438e-05,1
0.07231634163857344,0.8956456754351916,0.0011207617260147963,1.719444331649203e-07,0.0010265341999634722,0.029867917617701786,2.259743812169731e-05,1
0.09969125266712038,0.897332815175399,3.889860792439104e-05,9.042228131759737e-08,0.0028366102035869726,2.0546409357860983e-05,7.978651433009345e-05,1
0.08149063201368607,0.917241883681737,2.9059618061264556e-05,6.426805607899312e-08,0.001195835422062958,1.2979894562506274e-05,2.954510183441087e-05,1
0.14324343208219867,0.8566447601793185,5.068123396984117e-05,3.257888384952836e-07,2.9042716238911165e-05,2.247602161055411e-05,9.281977825289638e-06,1
0.13435494586101243,0.8655597712757934,3.763438190892752e-05,3.00059867541988e-07,1.7629962514482515e-05,2.0700991778855434e-05,9.017467123984296e-06,1
0.08909697623830827,0.9108300883085106,3.0156232328174945e-05,2.7502512860682087e-07,1.5494097516455107e-05,1.8478571027589778e-05,8.531527180240729e-06,1
0.38988712246512813,0.6100287005371773,2.9119357880273004e-05,1.9781214425224362e-07,1.4590841550233009e-05,1.325338606157824e-05,2.7015600058234768e-05,1
0.44436635857787904,0.5554813161432399,2.8854710698637915e-05,1.92847214704107e-07,1.42246228803997e-05,1.3321919976260645e-05,9.573117811105652e-05,1
0.5893377870620702,0.4105452221182098,2.932577475093773e-05,2.1325892763247782e-07,1.57302132991908e-05,1.4731964744744248e-05,5.698960799754988e-05,1
0.5266005976115626,0.47288023346595115,2.353808061636439e-05,2.3380093564968242e-07,1.5468073927918466e-05,1.2756422515126672e-05,0.00046717254449094486,0
0.48888044315833457,0.510917288280895,2.912323773035508e-05,1.9567045188626802e-07,1.5169102864186798e-05,1.2707051583595772e-05,0.00014507349814048926,1
0.6051588376131538,0.3938029427443417,2.9841523392760838e-05,2.435667906624365e-07,1.6336146336961152e-05,1.3951178555397043e-05,0.000977847227428783,1
0.527341234670161,0.4720222232902175,3.324549927109635e-05,2.38910810391293e-07,1.8113792227615196e-05,1.7053827763265793e-05,0.0005678900095491328,0
0.34300629137983274,0.65654071764841,2.220581521346425e-05,1.5582241865758883e-07,1.3419704014242185e-05,1.251331185263238e-05,0.00040469631825814875,0
0.8187404035768835,0.18070659862537805,3.030700484818907e-05,1.92276269528608e-07,1.137607895534783e-05,1.680151833373433e-05,0.0004943209193317859,0
0.7714818967912935,0.22791601038284268,3.509997352073865e-05,2.4139198972082814e-07,1.4060114203985689e-05,2.109421896738869e-05,0.0005315971271819295,0
0.3608281271583542,0.6387908898262132,2.6759945861435263e-05,1.7307032792412813e-07,1.358276421325546e-05,1.5123879620908239e-05,0.0003253433554090269,0
0.5824283247185822,0.41676159269138147,3.678495682003555e-05,2.3804924785789838e-07,1.3684821948026048e-05,1.8815369174637616e-05,0.0007405593928458284,0
0.5749410525483085,0.4243965569791175,3.3818763263390466e-05,2.4236007526152154e-07,1.4369602798956905e-05,1.748948639671744e-05,0.0005964702600396213,0
0.7624659202135651,0.23744170855912283,2.1927593527425577e-05,1.8060665889360372e-07,1.058503302085516e-05,1.3160299892664139e-05,4.651769421233444e-05,0
0.8267828833319439,0.17317047683812956,1.8902850794481466e-05,1.6417049442029993e-07,9.908721338402988e-06,1.2549885395600814e-05,5.114201903639296e-06,0
0.8311956606875796,0.16875815851658338,1.8890850219348047e-05,1.7647993759569076e-07,9.460592520666528e-06,1.2541918034262405e-05,5.110955125422648e-06,0
0.6185417215309639,0.3813948073364316,3.304310212210795e-05,2.169835113004515e-07,1.0737087347554923e-05,1.296919592381422e-05,6.504763699784629e-06,1
0.6243351100515306,0.375607130243858,2.697050775282234e-05,2.0421757286917864e-07,1.0869983897871856e-05,1.3129720034578003e-05,6.585275353303498e-06,1
0.597371280528788,0.03959366599268181,4.7461698200847986e-05,2.3683941242547744e-07,1.8453718358087754e-05,1.6422309815364427e-05,0.3629524789127435,0
0.8985982871587971,0.098309538551083,3.452515791563259e-05,1.9117395594487114e-07,1.6523144021174395e-05,1.4049150152181144e-05,0.0030268856640749907,0
0.881086051268853,0.1169984780144066,3.2977451237394936e-05,1.8647418093584684e-07,1.6116942983185633e-05,1.3703769190339819e-05,0.0018524860791485486,0
0.6303205639116445,0.3696106549091849,2.6101745221131098e-05,2.450503823815803e-07,1.8618846371348414e-05,1.660914293151083e-05,7.206394264243626e-06,0
0.4561447588331688,0.5437573963266153,3.7101958144698174e-05,3.483234149072614e-07,2.646549695891941e-05,2.360883230770883e-05,1.0320229389573347e-05,0
0.7536703298451298,0.24627508203478515,2.3133802723876265e-05,1.8505484493400682e-07,1.4614508347234778e-05,1.1435240216852115e-05,5.219513952175461e-06,0
0.6699920717586049,0.32994934233579126,2.058458691684814e-05,1.8371355305490425e-07,2.078407908930832e-05,1.1459784370022451e-05,5.573741674580133e-06,0
0.21782132222598435,0.7821072640119642,3.395119022253744e-05,2.046230448408573e-07,1.3858020836692447e-05,1.3032940216955817e-05,1.0366987730372978e-05,1
0.23496052524434335,0.7649644409396543,3.346542273492882e-05,2.1344535604459807e-07,1.67892221606259e-05,1.3393955080792094e-05,1.1171770669679735e-05,1
0.192896299573471,0.8069675283461757,3.168557103438747e-05,2.3931465950596746e-07,6.66840555360191e-05,1.655694499842824e-05,2.1006194124724445e-05,0
0.5564840472311797,0.44328904664042995,2.383799312588422e-05,1.880733226319988e-07,0.00017897780849588125,1.3101596977832758e-05,1.0800656467880879e-05,0
0.2838869088712092,0.7158547976818431,2.4810750898000363e-05,2.011745081608821e-07,0.00021471764030106758,1.3164577500047576e-05,5.39930374039953e-06,1
0.2441792010386623,0.7555573574136116,2.3955967339842336e-05,1.9424361507330894e-07,0.00022041497984793995,1.2814556371775843e-05,6.0618005513898996e-06,1
0.2198277850961735,0.7797123892331271,2.2523837829440778e-05,1.8263139297401976e-07,0.000419235848258404,1.2981726406368523e-05,4.90162681253043e-06,1
0.07067079746468076,0.926186499377545,4.381965033241283e-05,2.0517024906594586e-07,0.0030805065143004315,1.2665277836834062e-05,5.506545055472735e-06,1
0.16374757366947462,0.8244509050505325,2.1265028082072926e-05,0.0,0.011757947467469432,1.568314095389722e-05,6.625643487484254e-06,1
0.16580599776745267,0.8207889274103047,2.1532344691824166e-05,0.0,0.013359209304884113,1.7624240102397958e-05,6.708932564162587e-06,1
0.04750996049287755,0.8927339485752744,0.002912261048525319,2.0316280732106487e-07,0.05531265252584295,0.001526763182918324,4.211011754097467e-06,1
0.045624868878315114,0.8866174309806382,0.0023314513591308535,1.9410083443678337e-07,0.06418987006743164,0.0012321614319167893,4.023181733267344e-06,1
0.04665606086260435,0.8528200701737867,0.011418446389891646,2.2945016587736564e-07,0.08558387701358718,0.003516356846044454,4.959263919759993e-06,1
0.06579005486380547,0.7874511990399488,0.017359672440634903,2.9115982198457776e-07,0.12318443919673251,0.006208050261984235,6.293037072039431e-06,1
0.06535284358603767,0.7649143180387765,0.029022221083747954,2.9395229205585707e-07,0.13273229339772527,0.00797167654877644,6.353392644320458e-06,4
0.50979999653203,0.2813960686134921,0.015504317344227359,4.371463168261438e-07,0.16877765765293093,0.024512716806154904,8.805904848020677e-06,0
0.48507781074246076,0.2511829287830551,0.011155514181283441,3.714642801804734e-07,0.23069098752763195,0.021884584028489855,7.803272798969566e-06,0
0.4994885203842567,0.32254515686446505,0.011821277140153196,4.0416240451322115e-07,0.13879108916046218,0.02734506213276874,8.490155489437384e-06,0
0.07458104848360367,0.8370208232702295,0.015611851203610295,2.579554508926835e-07,0.06041825183768739,0.012360544252426674,7.222996991729508e-06,1
0.038545044913475025,0.8938713264976812,0.03741645012310376,2.1605689641391396e-07,0.01261984110930245,0.017541071501766144,6.049797774924157e-06,1
0.04886662682609616,0.8904742272819155,0.02432336774061175,2.2067407722267334e-07,0.02179846384674144,0.014532724561837082,4.369068720840063e-06,1
0.032061453499373394,0.9084664236792264,0.02922878251614934,2.5968202771979754e-07,0.008164420340706692,0.022073880551983265,4.779730533393138e-06,1
0.09430564027668645,0.7835388771411484,0.08125246282673784,2.5852216340902684e-07,0.02279751989167632,0.018099810620322586,5.430721265259538e-06,1
0.08960897220381915,0.6897564602701508,0.19101757238652037,3.277064507992957e-07,0.022939825094451874,0.006610575338394469,6.626700021252406e-05,1
0.01887100275692412,0.7842029633892794,0.16032797503099433,2.388752923710607e-07,0.033749069135273105,0.0027755648066805803,7.318600555615898e-05,1
0.018344057446064477,0.5437364822592395,0.4239159140885318,1.9811084814645236e-07,0.009008505872757873,0.0049341455239198025,6.069669863829815e-05,1
0.0211432165168829,0.7388712745404852,0.22545563720913345,2.2822136847820802e-07,0.010372496838962998,0.004075581756595151,8.156491657174874e-05,1
0.010625991327033478,0.8921631496940727,0.07535670664395809,1.9189175184387955e-07,0.018494782014120113,0.0032906333895211587,6.854503954269512e-05,1
0.013883772442849449,0.9195910378883709,0.037078068001726465,9.747572851276009e-08,0.025734399241540713,0.0036383926664771906,7.42322833066673e-05,1
0.014661912285637454,0.8790800436399598,0.07349432306846673,1.1663387176547989e-07,0.02490601184358473,0.00778785294437855,6.973958410079795e-05,1
0.014145523595593883,0.8771311638929338,0.06993345404890468,1.2396646194772898e-07,0.03098326713317861,0.007732343359600786,7.412400332611438e-05,1
0.013025248611566256,0.8682722221747257,0.07622079279354416,1.2127191676426612e-07,0.030309812297814695,0.012099290012521673,7.251283791086198e-05,1
0.014173406171659235,0.8604655160665041,0.09111053870798128,1.1626953151344689e-07,0.024241279707616737,0.00993962134473873,6.952173196862273e-05,1
0.008907724205818425,0.9324787500193373,0.0336275774879916,1.4691219430910633e-07,0.02152404167033026,0.003408586148496926,5.317355583115004e-05,1
0.0303239148168697,0.9218923012587867,0.01155129007371582,1.8319518400832255e-07,0.033768295242044534,0.002407888538067697,5.6126875331535686e-05,1
0.01252298313839114,0.6593393905457331,0.2776452344985984,1.1502394193050251e-07,0.05004833953878048,0.00044157541750534875,2.361837049669091e-06,1
0.009367292793323493,0.4803424452017742,0.4582358559168148,9.796301453080941e-08,0.050953806594595454,0.0010984900129331157,2.011517544372919e-06,2
0.03163174172084872,0.47789641942341393,0.36034404351293614,2.047213309856551e-07,0.09031556085865057,0.03980962094488131,2.408817938337136e-06,2
0.028068146345166432,0.3757741754491819,0.43259325787940567,1.8152929399595988e-07,0.13027003405143045,0.03329187800511398,2.3267404074642383e-06,4
0.006411842166607934,0.44626796365121024,0.522263976030515,2.1369222231044926e-07,0.011930514710512315,0.013122772002825193,2.717746107016261e-06,2
0.0008943697100031302,0.08701627767437745,0.9083214495932329,3.446757100723248e-08,0.0013786879897854899,0.002388672018177816,5.085468520862012e-07,2
0.0005264566056571441,0.09302529238502695,0.8813241995071392,6.133867757479587e-08,0.005358280248792714,0.01976445042073616,1.259493970058785e-06,2
0.0004652922396464379,0.07343779118239901,0.8865096525712968,6.437152607575933e-08,0.005580383244907484,0.034005672847533745,1.1435426904236588e-06,2
0.006217999310944552,0.7988990077439131,0.058710919097989187,2.859915510348558e-07,0.0034055402422753824,0.13276029993152713,5.947681799826872e-06,5
0.0081640236479466,0.1899841717160856,0.028352952701001043,2.396875851274808e-07,0.0007390948941935558,0.7727582249631815,1.2923900066994968e-06,5
0.02366356219450206,0.342206384887664,0.08440626782087261,8.229401293713824e-07,0.002294466691429246,0.5474259011608473,2.5943045554787345e-06,5
0.0010421186638546122,0.1315221432404205,0.011002489277694358,4.83367030821399e-07,0.0004396409379232808,0.855992048043944,1.076469132483368e-06,5
0.014238961764521952,2.2509594244301672e-05,1.8505513729974522e-07,2.4921939955543756e-09,1.8682593604154862e-07,8.402468395864575e-08,0.9857380702432824,6
0.011284298688328769,1.7131255941061204e-05,1.274599732488112e-07,1.897121212020549e-09,1.4221663596504042e-07,6.396171829144094e-08,0.9886982345202814,6
0.01019224377058124,1.874321623394289e-05,1.1512484330880882e-07,1.4147180557689731e-09,1.3611449454477145e-07,5.777172714205781e-08,0.9897887025874018,6
0.007389140799669608,3.4423180853593215e-05,8.47449432694673e-08,1.0413929603086745e-09,9.138692767310721e-08,4.082616477884187e-08,0.992576218020048,6
0.9862574494584011,0.0052188973459581685,1.068087674235808e-05,1.567965069849514e-07,1.51965672873797e-05,7.334364506285401e-06,0.008490284590597636,0
0.9914176351608637,0.002950525821503132,1.3944027113636449e-05,1.4120560745697912e-07,1.260888308796437e-05,8.520626623716314e-06,0.005596624275200206,0
0.9877993660426305,0.003123454052428889,1.676313869612582e-05,1.6336000173196927e-07,1.1201313814463484e-235,6.727890245457453e-06,0.009053525515997337,0
0.977000306872934,0.0035259630998158184,1.0082474612099998e-05,1.8020914670516162e-07,0.0,7.281380699915476e-06,0.019456185962791438,0
0.9658416759332218,0.0040700829376360366,1.7514111070265536e-05,1.9196296793470027e-07,1.727316515411709e-05,8.575891902193482e-06,0.03004468599804759,0
0.9475451989146411,0.00939355937353276,1.4607508640838064e-05,1.7314405918630652e-07,1.4099927222104022e-05,7.864724892201376e-06,0.043024496407011996,0
0.7932223323539608,0.006167531074979582,1.59891865657892e-05,2.0990779256302954e-07,1.8206158629231612e-05,9.534644439987021e-06,0.20056619667363199,0
0.9178813707784171,0.03759807242082151,1.9052411095672843e-05,2.4090722696837894e-07,1.9114069209055388e-05,1.30068683205983e-05,0.04446914254490903,0
0.7441506307325668,0.24018971547023388,1.9545592893493612e-05,1.4753085768960384e-07,1.3803129065960949e-05,1.3343558027226958e-05,0.015612813986354973,0
0.7616916571318052,0.22406038837788417,2.0679933374646168e-05,2.5654317823931744e-07,1.9448678685777605e-05,1.4214156355860491e-05,0.014193355178715929,0
0.7017726664491408,0.28906117772678835,2.3228337456676957e-05,2.7515776586983214e-07,2.0567660025757313e-05,1.5245525269646916e-05,0.009106839143552942,0
0.7142783625367193,0.27484859060931377,1.9849257378133816e-05,2.5334764802345314e-07,1.4375355649024015e-05,1.4272897237059355e-05,0.010824295996054702,0
0.702494559890157,0.29573067515153956,1.6741804315668702e-05,2.3379788177542717e-07,1.3266070266415517e-05,1.3347968328860565e-05,0.0017311753175109131,0
0.6996436213438446,0.3002069470741971,1.603393020841246e-05,2.4085426254211664e-07,1.2705156551885438e-05,1.2783591814458606e-05,0.00010766804912102557,0
0.7933557034397493,0.20660133107315345,1.2677257399792777e-05,1.5437408106606966e-07,1.3234431649061643e-05,9.931889501688572e-06,6.9675344657097905e-06,0
0.7798491741857903,0.22010896340994884,1.201840962766598e-05,1.591224870544219e-07,8.64880321628605e-06,7.92228422118536e-06,1.3113784708768874e-05,0
0.6925337527818055,0.30741790974971567,1.5178913890713498e-05,1.588997765617117e-07,1.803651943390151e-05,1.0387705874290863e-05,4.575429503574194e-06,0
0.7523383564512303,0.24759131517569904,1.4567111904882955e-05,1.5892037580552858e-07,2.865812553200911e-05,1.0997984776821475e-05,1.5946230481169228e-05,0
0.6239758683518035,0.37491339378599153,1.7563031030588832e-05,1.6952844024798196e-07,0.0010659022484621767,1.2312653397334277e-05,1.4790400874575899e-05,0
0.49773376648317197,0.49881358309044993,2.02733338328494e-05,1.9568983607235428e-07,0.0034039251495639133,1.5308276844309982e-05,1.2947976300819987e-05,0
0.024593729382098032,0.9304470183349313,0.0010340991232530346,9.80739649320844e-08,0.026677432912691205,0.017241017895515163,6.6042775462925975e-06,1
0.025569191691942435,0.9264027759800911,0.0013107161494287558,2.056933313563393e-07,0.023258360623085512,0.02345209441674854,6.655445372346304e-06,1
0.03829777444801475,0.9236234308444988,0.0014789177208643428,2.1025781347588387e-07,0.019134143922694597,0.01745922876220393,6.294043910111073e-06,1
0.03200465164949406,0.9555957335205773,0.0009090624076901223,1.596160577948742e-07,0.0020081106679577594,0.00946841787823111,1.3864259991573773e-05,1
0.16918083517736268,0.8297329310440456,3.284516076314563e-05,8.279631696243522e-08,0.0009734319150052677,1.5267108338590135e-05,6.460679816761903e-05,1
0.07161194860301089,0.9249465621492133,2.393252107074914e-05,7.807291467824228e-08,0.003359397928279591,1.6071815679585462e-05,4.2008909831174994e-05,1
0.08417975846066188,0.9121643623330669,2.5118420256154227e-05,8.194156711337123e-08,0.0035258620987203494,1.6868202866127883e-05,8.794854286124098e-05,1
0.09392731796663356,0.9059925732846001,3.2406311988735256e-05,3.003996449592785e-07,1.7649926074351983e-05,2.0724432866061097e-05,9.027678191912136e-06,1
0.06873715377959702,0.9312125530956126,2.288655590016431e-05,2.087256097284093e-07,9.669893369509918e-06,1.1053093516490037e-05,6.474856394507941e-06,1
0.051997505160748456,0.9479649749332081,1.6458436789482317e-05,1.6403695213130068e-07,8.37712437631184e-06,7.696125031102597e-06,4.824182894460654e-06,1
0.6074716942111119,0.3923983742141967,4.587795404899608e-05,2.2043189993997766e-07,1.6259299633998844e-05,1.709155258941821e-05,5.0482336519104285e-05,1
0.542241750190541,0.4576122211913497,4.290502175281879e-05,2.2202705803288902e-07,1.8042948468845873e-05,1.565066707023518e-05,6.920795375915853e-05,1
0.409300644118093,0.590605213270622,4.701172881936046e-05,2.2480526418458842e-07,1.6581883795733628e-05,1.430919574983424e-05,1.6014997655717756e-05,1
0.4533640795060779,0.5465488514520088,4.1970315458562646e-05,2.0831740946518187e-07,1.5365721478584113e-05,1.4684275193118441e-05,1.484041237348746e-05,0
0.6091190317264124,0.3891671023912996,2.8810388618389327e-05,2.0951100639672572e-07,1.5453762502399077e-05,1.375647750703508e-05,0.0016556357426540675,0
0.6598201788057565,0.340095214891219,2.461345629689648e-05,2.5320648528607467e-07,1.1974110920718461e-05,1.350752188880791e-05,3.42580074328443e-05,0
0.31836238253777854,0.6811392657531431,2.1091876535793986e-05,1.4800569959898967e-07,1.2746514257385737e-05,1.1885590603743255e-05,0.00045247972198163164,0
0.686192906836458,0.3133224503328434,5.588364843200136e-05,2.2836951327876027e-07,1.426927153215689e-05,2.043936728286196e-05,0.0003938221739382804,0
0.7325434199478826,0.2669899150190099,3.328454694686628e-05,2.2067055789923007e-07,1.4525533476073332e-05,2.048315355312061e-05,0.0003981511285735007,0
0.8045131182414924,0.1949426895360752,2.7965924350385223e-05,2.1531749343495998e-07,1.2541379485345295e-05,1.8815679672217506e-05,0.00048465392143099946,0
0.758725288635206,0.2411782404658467,2.0161462668662858e-05,1.898486274854888e-07,1.0578527622483733e-05,1.4808995949041011e-05,5.073206407957761e-05,0
0.7684839809859805,0.23144864516267216,1.967218297508409e-05,1.852413685872132e-07,1.0441934627154455e-05,1.4449610267593499e-05,2.262488210893265e-05,0
0.7819888509721388,0.2179456078831431,1.9219495145873474e-05,1.809786737387585e-07,1.0201649310313276e-05,1.3834773553489435e-05,2.210424803486924e-05,0
0.8403408585180594,0.15961244905866287,1.9098696061924983e-05,1.6587140264497175e-07,9.564682320802737e-06,1.2679909998154652e-05,5.1832634945322746e-06,0
0.6965655156857065,0.30338515946769445,2.1731116380531466e-05,1.9669826232245433e-07,9.733303747417368e-06,1.1443910677793569e-05,6.219817531078804e-06,1
0.6700796509404404,0.3298527730934632,2.604147034392225e-05,1.9137448493408894e-07,1.0787654378866707e-05,1.197661276928947e-05,1.8578854119503166e-05,1
0.5532396894456966,0.03902295602769145,4.315961155668388e-05,2.361973697459868e-07,1.988765148705787e-05,1.731838763151342e-05,0.40765675267856694,0
0.8792579414302301,0.11811341237818415,3.391291202114493e-05,1.9266712509930208e-07,1.6951588535645485e-05,1.4158881404796196e-05,0.002563430142499238,0
0.7720252410031956,0.22663439394133,3.851353112537136e-05,2.610902911329113e-07,2.012802153304276e-05,1.7922504405448804e-05,0.0012635399081194945,0
0.7744477854846664,0.22421212785405237,4.6167452133644835e-05,2.6190956854815193e-07,2.019118142069674e-05,1.7978743582402574e-05,0.0012554873745760596,0
0.7728902497793497,0.22600911282887431,4.043454297029681e-05,2.698753608338054e-07,1.9291298939983274e-05,1.95131694127495e-05,0.0010211285050923016,0
0.6564351739842171,0.34349112478590565,2.80219838786207e-05,2.5627986781773324e-07,1.9254630445090202e-05,1.8250003101312416e-05,7.918332584290845e-06,0
0.47213284726447546,0.5277801775018565,3.405781794251668e-05,3.043308959762471e-07,2.171341683272449e-05,2.1496692763166713e-05,9.402975233813509e-06,0
0.7740854679061117,0.22586389951018124,2.198156075490949e-05,1.7583768503000496e-07,1.1518962358021186e-05,1.1996681046470814e-05,4.959541862628028e-06,0
0.7699109019750071,0.23004409060253597,1.8887287475377735e-05,1.733651425591139e-07,1.1734667453432169e-05,9.322299145059359e-06,4.889803240390039e-06,0
0.7518552575216042,0.2480970888394843,1.9791736116699508e-05,1.626294244162603e-07,1.2806601225238093e-05,9.768712681504747e-06,5.123959463345136e-06,0
0.711041437467706,0.28890546442026843,2.1877276260697167e-05,2.064308253036261e-07,1.7069107698813347e-05,1.0148594389149845e-05,3.7967028513845926e-06,0
0.623044873354803,0.37689671469100666,1.9289620910206383e-05,2.0321651587377042e-07,1.9010175929417104e-05,1.262459025803861e-05,7.284350576923101e-06,0
0.5429410166451244,0.4570047559174722,1.636650125259954e-05,1.7226057525993393e-07,1.1991064559058165e-05,1.2175162499255311e-05,1.3522448517228588e-05,1
0.275515020319728,0.7244135512234059,3.548754947601208e-05,2.138826468269673e-07,1.4485123992951267e-05,1.3622706825167685e-05,7.61919392535521e-06,1
0.28394116327769364,0.7159799605249215,3.760035007823403e-05,2.266164476019771e-07,1.534751599091816e-05,1.4220457057474475e-05,1.1481257810514774e-05,1
0.23955518184923116,0.7603644543677317,3.476386643344781e-05,2.095210257262467e-07,1.5721751211477935e-05,1.3147698591636123e-05,1.652094577497467e-05,1
0.1980173996940812,0.8018546239739057,3.240085135050618e-05,3.04512482097874e-07,4.5503997746725085e-05,1.3411964792519067e-05,3.635500564120339e-05,0
0.547097132264967,0.45262981785758327,2.6476330216656802e-05,2.2105795699194675e-07,0.00022175502490093368,1.4635315271088439e-05,9.962149104211407e-06,0
0.581189713370151,0.4186150921465649,2.142142048253664e-05,1.9534795989232467e-07,0.0001512453345611859,1.1773424733063662e-05,1.0558955547543419e-05,1
0.4593442715065159,0.5403883033956021,2.5912491866482984e-05,2.363033033206438e-07,0.00021191110048108462,1.424176201969756e-05,1.5123440211440807e-05,1
0.40598378748821917,0.5935809719389041,2.8296938362247163e-05,2.232528212419849e-07,0.000375424666794575,1.4780627978731528e-05,1.6515086919981135e-05,1
0.27406675140025366,0.7251187538458715,2.7145941129491496e-05,1.9740703677963754e-07,0.0007681580778482573,1.3695138930541091e-05,5.298188929648585e-06,1
0.26449102500529675,0.7346462936435427,2.5257794592163702e-05,2.0209587756340125e-07,0.0008175008152391107,1.3672812612036043e-05,6.047832839313261e-06,1
0.07701772079821337,0.8994260571181358,7.5249226311532e-05,2.637305269877549e-07,0.023429464737911507,1.616829063289753e-05,3.507609826793735e-05,1
0.04381374215354428,0.9307134924550107,0.0011042711237420572,2.077905650604655e-07,0.023875215809915827,0.00048774641650057893,5.324250721365488e-06,1
0.05079485171684428,0.9179033631277913,0.0025557964269501605,2.0889070523205802e-07,0.028067636437448463,0.0006738136647806602,4.329735479899033e-06,1
0.04947204400416632,0.9193753973774116,0.0029661785030040207,2.036857465928351e-07,0.027332047675544587,0.0008499069032656421,4.221850861162097e-06,1
0.05340452885708551,0.9109513649659173,0.002239004172833916,1.9978123054723582e-07,0.032567146531140095,0.0008336147709167847,4.140920876097966e-06,1
0.05332934800573654,0.8908023201004406,0.0023311417206291814,1.9536233275270097e-07,0.05261009164603076,0.0009228538356722098,4.0493291581141974e-06,1
0.05021326578544955,0.8769519052364416,0.0035265160651279073,1.9311464122666333e-07,0.06450857533863529,0.004792556838787246,6.9876209167927905e-06,1
0.35191983260127546,0.6047769751986194,0.007195029774576415,1.9115699486049278e-07,0.02672184945615453,0.009382646724919935,3.4750874594369876e-06,0
0.44955761504953745,0.3578171272997185,0.00997997805495639,3.634586417111801e-07,0.1602235620323827,0.02241371900474481,7.6351000183311e-06,0
0.31308022258224333,0.6532901146393079,0.004970433023961519,1.8280837618789752e-07,0.019459769747103974,0.009195912411751415,3.364787255774722e-06,0
0.10678243057509106,0.3119679395270818,0.0053111186166540985,1.103895989314686e-07,0.5687123865249556,0.0072238557290195595,2.1586375991134343e-06,4
0.01712736088495065,0.8061072749836755,0.03341913517783947,2.1143272247778988e-07,0.1394664454592613,0.0038757691453671734,3.8029161835240135e-06,4
0.05614396552532298,0.5620149357209214,0.008399339125447255,2.0593059108234022e-07,0.35900730289468086,0.014428484551403635,5.766251632773742e-06,1
0.028109260393241246,0.9037522406840242,0.02418122867958692,2.2768894244514302e-07,0.029326906874308695,0.014622410640207029,7.725039689461358e-06,1
0.034070870886273766,0.9073872461839267,0.013293975876940462,2.1932381814305337e-07,0.02158871766347995,0.023651528838148597,7.441227412295154e-06,1
0.0406197486992494,0.9035559329380562,0.02420634456458123,2.1839775459838672e-07,0.013842285348614067,0.017771540783837577,3.929267906697928e-06,1
0.32091521337662604,0.4895735306706213,0.12242774590552258,3.6974538140841e-07,0.030557553885459523,0.03649763760587089,2.7948810518294588e-05,0
0.07348453171110851,0.7816570131071334,0.11995928536855184,0.0,0.02071689925467865,0.004115429956219506,6.684060230798072e-05,1
0.023871885041082463,0.7368713915729722,0.19810647841719586,3.1359050434768714e-07,0.03444238513724014,0.006611469178510427,9.607706249459282e-05,1
0.023876370381411802,0.7504692550167901,0.19473169397917559,2.393037635918783e-07,0.02729200884733139,0.00355711519204679,7.331727948087574e-05,1
0.013989015825786726,0.5226199805892601,0.4501913381587813,1.671701765726505e-07,0.010307677736500875,0.0028320749242577905,5.9745595236559625e-05,1
0.015855019166594965,0.8409011084399314,0.1215717049066842,2.0902200747669646e-07,0.01845450173048906,0.003142792650870353,7.466408342261769e-05,1
0.013400125942508277,0.861522715829459,0.10114731052514357,1.8530142524996742e-07,0.020446292822457853,0.0034171786489683993,6.61909300375273e-05,1
0.015448095203859603,0.86393431378261,0.08407038240992143,1.2226606862647324e-07,0.028782909435783585,0.007691069624714505,7.310727704208424e-05,1
0.014746774238122824,0.8558917393718092,0.0905270483654588,1.2112786409036783e-07,0.028514962339339308,0.010246927853766335,7.242670363945175e-05,1
0.010171234409092844,0.8862555140642346,0.07013228068001916,2.0965043298010702e-07,0.02702209217377619,0.006354403183121018,6.426583932300409e-05,1
0.008388114039323998,0.9269479742332595,0.039695831517620565,1.479773178591844e-07,0.0212767162152914,0.0036376569494052536,5.355906778149219e-05,1
0.011568504098120989,0.8628110387244179,0.0939044594026922,9.534716743840662e-08,0.024914373501219913,0.006739249951674685,6.227897470665006e-05,1
0.010471677029588376,0.8916570045872321,0.06810554958560114,9.853486557114085e-08,0.02352801660623631,0.006173292537363205,6.436111911339645e-05,1
0.009096592075816019,0.9362903762430435,0.030012200856439294,1.4428154069842448e-07,0.022310671559051833,0.0022377935698429303,5.222141426592575e-05,1
0.012866307471897957,0.6176981248385165,0.2980558606349096,1.3455566017171612e-07,0.06998685286926813,0.0013899567393607754,2.762890387014007e-06,2
0.013117586759397525,0.5778695437525005,0.33876935837328587,1.3158340135489759e-07,0.06844088267197874,0.0017997949997428893,2.7018596930823987e-06,2
0.012458842182818591,0.5675362494884829,0.38125052509950474,1.8175417510133235e-07,0.03617721385566636,0.0025740242470062395,2.9633723461152902e-06,1
0.0015231051759282558,0.05218287924547771,0.9311401701750952,4.591251132134499e-08,0.011912759345718109,0.0032397481516716832,1.2919935977124496e-06,2
0.0013235712425895565,0.049960122309591834,0.9309777945658919,4.412017247196556e-08,0.013734164151144692,0.004003505878152707,7.977324566205776e-07,2
0.0016977402156139912,0.07680438788930546,0.9090229873735652,6.432612398624841e-08,0.00858881892998725,0.0038840311747048257,1.970090698967346e-06,2
0.03416983551900184,0.547449715490473,0.21029215446256244,2.56047443556886e-07,0.15922275093279462,0.04886203112624403,3.256421480456312e-06,4
0.0004438065481246323,0.10894096657174285,0.8883755647943956,2.4842609167627166e-08,0.0010408441860565575,0.0011983438803222005,4.49176749087927e-07,2
0.0005113933978917527,0.12123006398957356,0.875311128441178,2.764498235910261e-08,0.0011582567260931683,0.0017886299541008492,4.998461804421169e-07,2
0.0006423962649802476,0.1156615923468259,0.8465215747538868,7.627764671087252e-08,0.004028874297207549,0.03314410689089813,1.3791685545781827e-06,2
0.00040246820492785936,0.07111644537607674,0.9125872274339725,5.32343548387746e-08,0.004690579531195232,0.011202263355161182,9.628643117019715e-07,2
0.0005298028887893159,0.0807147457503003,0.8958880460937958,6.172856076728068e-08,0.006174605982027099,0.016691470056913967,1.2674996126545653e-06,2
0.0007461416527830378,0.12389938335362839,0.8395340486199439,9.906762614386449e-08,0.009926704283204748,0.025891588823794637,2.034199019111318e-06,2
0.0014044745254230568,0.22167037859344424,0.6589747643325959,1.6810427396142752e-07,0.016844265693160308,0.10110249699231408,3.451758788528662e-06,2
0.00490013096199874,0.5748459345054641,0.08360147981339695,3.0963032279300114e-07,0.0037250024846667133,0.33291673950190603,1.0403102244781735e-05,5
0.0020203092619789104,0.2945893161179827,0.03498594060892096,8.805867937425043e-07,0.0010338537295423362,0.6673673754070445,2.3242877366407193e-06,5
0.0024650686751931505,0.35950332729195233,0.035455341339840796,1.083264296553096e-06,0.0011492352511394363,0.6014231082113227,2.8359662550457725e-06,5
0.0015958299090020687,0.23903210292499846,0.018327305337890905,8.303768522310505e-07,0.0005590729553673684,0.7404829556036827,1.9028922062209815e-06,5
0.001671553281266824,0.13577120717192373,0.028131167477486247,7.634678199312059e-07,0.002069820563179478,0.8323535717114635,1.916326860123879e-06,5
0.9915933846257847,0.003012938319665532,1.394649898342891e-05,1.4123063909760593e-07,1.5148099167036197e-05,8.5221370825954e-06,0.005355919088677476,0
0.965697903345627,0.004175812970805674,1.8709496993410774e-05,2.3335358521993985e-07,4.0444226607949474e-05,1.059102156440957e-05,0.030056305584816166,0
0.9873850943225538,0.0032890733551381173,1.4231380773617862e-05,1.7750042811538117e-07,3.087052006298672e-05,8.056061620352152e-06,0.009272496859422955,0
0.983521903831602,0.003957191719398513,2.4527082348128947e-05,2.390211217304137e-07,1.6389266432429236e-235,9.84395112817659e-06,0.012486294394401852,0
0.9861731150786953,0.003733103673842879,1.0684680353627882e-05,1.9046467943954308e-07,3.379933421048296e-28,7.695757214564038e-06,0.010075210345214126,0
0.9483876365773402,0.004561432332045915,2.2709228692738817e-05,2.4253172122115663e-07,3.8261002679144116e-05,1.0833461643293524e-05,0.04697888486587753,0
0.9425171682678941,0.0041038884685445694,2.2568659792184817e-05,2.4103046295022164e-07,3.279377900487314e-05,1.0767968518281595e-05,0.05331257182578283,0
0.9724930229203418,0.0022033712917961462,1.4637751952434109e-05,1.438921105880489e-07,1.34078187634951e-05,7.881007978618113e-06,0.02526753531705684,0
0.917129774154472,0.015784786285335604,1.8768147052623873e-05,2.463902902192545e-07,2.0640176022920214e-05,1.1191789413917971e-05,0.06703459305741268,0
0.8864764074978014,0.008477728629722436,1.8485872359914266e-05,2.426845571352553e-07,2.0960130711181783e-05,1.4727624820984085e-05,0.10499144756002673,0
0.9207452506224747,0.03697021697417099,1.9660266016685027e-05,1.8932666204683886e-07,2.0948279574426303e-05,1.3350711872009671e-05,0.04223038381922924,0
0.6745160508292902,0.32239810704378774,1.7795121803159415e-05,2.673100657815241e-07,1.4599599763877357e-05,1.4187761232789236e-05,0.00303899233405649,0
0.7753483663812211,0.2246072140729092,1.2042553323270579e-05,1.113905624796837e-07,1.3105523409049312e-05,7.652618314291124e-06,1.1507460260623336e-05,0
0.7832936411250361,0.21665921275830932,1.4055319550245744e-05,9.764862268299171e-08,1.6125242527506557e-05,8.93166033116746e-06,7.936245622879695e-06,0
0.6518636878051267,0.3455198886275116,1.441284603424263e-05,1.3135496710843362e-07,0.0025859476604868153,9.931200233957897e-06,6.000505639642068e-06,0
0.022632029597860905,0.9380282262765967,0.0007030608194343159,9.887306376002656e-08,0.026894798503934506,0.011736290981959286,5.4949471505481504e-06,1
0.025191046997996246,0.9136385224567909,0.0023412257829871787,1.8746373347997024e-07,0.03914885517295344,0.019676772612391667,3.3895131468777683e-06,1
0.024495477397898858,0.9289908746786734,0.001264104173234285,1.9877897192131708e-07,0.023586994052367603,0.021658218369025584,4.132549828424096e-06,1
0.02598842328156101,0.9301821877609381,0.0011516316640995184,2.0653249097451656e-07,0.024719764250964893,0.017951103912594097,6.6825973512686666e-06,1
0.023493426392958955,0.9631619790356003,0.0014861919768485265,1.564690392809819e-07,0.0028904948765997142,0.008952218536609985,1.5532712343239133e-05,1
0.03395024447896327,0.9519949397591849,0.0008055085977653988,1.4903842071157544e-07,0.0033932827526932815,0.009841080299598102,1.4795073374524955e-05,1
0.02784103636452737,0.9622661637672012,0.000762362416134468,1.3612688775064637e-07,0.0014478408631114306,0.007668499424213833,1.3961037923863339e-05,1
0.0973451854695681,0.8888237529304582,0.00010172519296459331,9.174366777874381e-08,0.013309797602097193,0.00030284942632865554,0.00011659763491560404,1
0.070718451053728,0.9258098670217084,2.728868179087935e-05,1.3783940929191042e-07,0.0033861670643256367,1.473813460606322e-05,4.335020443168027e-05,1
0.07623840768407124,0.9235322656849966,1.9440848847099988e-05,6.46421385979871e-08,0.00016264104545290182,1.3055446118760783e-05,3.412464837469635e-05,1
0.09660610051375933,0.9033036381208667,3.284076316721028e-05,2.995080756547139e-07,2.745728567038009e-05,2.066292391121398e-05,9.00088454916836e-06,1
0.12571242218037404,0.8742166399187197,3.8238271668112704e-05,2.4580305444485975e-07,1.2158607806901571e-05,1.2670186254756458e-05,7.6250321219939e-06,1
0.06664084331945706,0.9333134760788626,2.044442970213385e-05,1.895155309882464e-07,9.67827769111777e-06,9.794893203456281e-06,5.573485552793763e-06,1
0.3037611226133632,0.696157610382294,3.752500436919306e-05,2.0275952874430292e-07,1.5119563308800314e-05,1.3436133704415401e-05,1.498354343175587e-05,1
0.5624678262921924,0.43736454672978786,4.7920054431082365e-05,2.3024367285841893e-07,1.698302680717628e-05,1.7656878225172064e-05,8.48367748834244e-05,1
0.5972636368450781,0.4026174371424249,4.0706041660812075e-05,2.1064766558521906e-07,1.646428159365726e-05,1.4848534734483338e-05,4.669650684227984e-05,1
0.44054925370601633,0.5593520006687043,4.851804484941226e-05,2.3200831290424797e-07,1.711318859981655e-05,1.6354244815753305e-05,1.6528138701492594e-05,0
0.3475048778980536,0.6523242316777371,2.8227158389889928e-05,1.9184201524741735e-07,1.5422249506380254e-05,1.2493608690594602e-05,0.00011455556560720695,1
0.5607099584947663,0.4364323459720788,3.7450224020932103e-05,2.2300455065770177e-07,1.8333296242064742e-05,1.4642462645996257e-05,0.002787046545695318,0
0.5172347474182037,0.48190125289021224,4.214852904261328e-05,2.509815101447056e-07,2.039592153449711e-05,1.6613646824164957e-05,0.0007845906126725911,0
0.5654764346420486,0.4342423106860688,3.311037736477891e-05,2.3689407655256725e-07,1.9597227298112158e-05,1.5681133324569983e-05,0.00021262903981864126,0
0.5034332694534939,0.49646478506849756,3.233042530330449e-05,2.1839776283032287e-07,1.7235411534416896e-05,1.4170025014667824e-05,3.799121839344019e-05,0
0.3071878362303952,0.6927221160429368,2.100577057422174e-05,1.5141606628108985e-07,1.1732187634213651e-05,9.653337796553491e-06,4.750501459671867e-05,1
0.28117465176566897,0.7185645691683031,2.1229018696684293e-05,1.4649176708680588e-07,1.1350637620841246e-05,9.529985963508003e-06,0.0002185229319798568,1
0.636394153680385,0.3630855799090946,3.278408239195735e-05,2.1179616064448135e-07,1.114750672824901e-05,1.8956030751917397e-05,0.00045716699448761894,0
0.6749183016162086,0.3245524136719996,2.6967493298926357e-05,2.3999037447842385e-07,1.1206018411327202e-05,1.9091164512335585e-05,0.0004717800451947414,0
0.7589850581539553,0.24046173181246025,3.439949787408654e-05,2.599978967812343e-07,1.3015689631204778e-05,2.0827592239186697e-05,0.00048470725594309215,0
0.7485796910849774,0.25090165954699734,3.2794702236283844e-05,2.5033979934076423e-07,1.2526436090861246e-05,2.004469302073704e-05,0.0004530331968782116,0
0.7418819424491231,0.25751539862357126,4.0476125806132476e-05,2.358392139586432e-07,1.3646487318988869e-05,2.0806369788020294e-05,0.0005274941051784123,0
0.8704245045468038,0.12878026036803175,3.0134515753117253e-05,1.919577470211091e-07,1.1357233482616087e-05,1.6773685144737216e-05,0.0007367776930371604,0
0.792609495738384,0.2066955518021948,3.422270845919234e-05,2.282987283294282e-07,1.3507357747517882e-05,1.9949239076663138e-05,0.0006270448554093133,0
0.8081330462057974,0.1912918073976472,2.9545906097670123e-05,2.274822159464005e-07,1.3459048565318148e-05,1.987870301707089e-05,0.0005120352566594377,0
0.7203132027155684,0.27921146462382085,2.5039025565870945e-05,1.9278247896794258e-07,1.108255507259666e-05,1.3609394482290027e-05,0.00042540890301099503,0
0.7744807262790189,0.22542324982633488,2.0446361294199636e-05,1.978686493321859e-07,1.005746331416117e-05,1.3925108891226154e-05,5.139709249742577e-05,0
0.7057824214523224,0.294140674386007,2.62853190755293e-05,1.9407638716603982e-07,1.0330194281583235e-05,1.2477714787281414e-05,2.7616857139048138e-05,1
0.4984267679226365,0.022564347050916537,2.653505513833819e-05,1.324130215705046e-07,1.0880627972241853e-05,1.0809207911200905e-05,0.4789605277224037,6
0.909441770869582,0.08739923818289821,2.0926755335139263e-05,1.4211662653446577e-07,1.2503962862603524e-05,1.044398446135584e-05,0.0031149741282340683,0
0.8761898746656317,0.1217297202643679,2.0444547538947307e-05,1.7923308468944815e-07,1.466036986903523e-05,1.2245131946757303e-05,0.0020328757875607796,0
0.845311722226252,0.1540695703556271,2.3611235476651953e-05,1.7247960255544014e-07,1.410796880892946e-05,1.183983679835987e-05,0.0005689758974345557,0
0.8117687814388459,0.18810230806237244,2.5161483968062246e-05,2.1090847908750934e-07,1.4945992325230569e-05,1.5475289510304812e-05,7.31168244987347e-05,0
0.8200589632891262,0.17985800102375507,2.380128031829927e-05,2.033511614222669e-07,1.527802982382646e-05,1.4480885128484757e-05,2.9272140686578805e-05,0
0.7826289317773293,0.21731748568902515,2.3060149822421226e-05,1.844656713156274e-07,1.2549688959789648e-05,1.2585333015610846e-05,5.202896176388602e-06,0
0.6129581210712971,0.3869852495042487,1.9119814978741523e-05,2.5757513930147867e-07,1.884282994340566e-05,1.2855520534219816e-05,5.553683858556032e-06,0
0.6264803812563683,0.37346439511304436,1.8236727636976574e-05,1.9212426561293304e-07,1.7972535715948324e-05,1.1935497080839972e-05,6.886745887956307e-06,0
0.5617895548340647,0.438154955056641,1.636612334451275e-05,1.722565977045957e-07,1.1990787681294486e-05,1.3438805391573766e-05,1.3522136279287873e-05,0
0.6535484984764721,0.34640368077016664,1.4265671028794931e-05,1.501489328697464e-07,1.0451872372990878e-05,1.1166375584746617e-05,1.1786685442006668e-05,1
0.32192545198196654,0.6779942073965951,3.40662079447878e-05,1.9617489979486882e-07,1.4298110263346684e-05,1.23102129956032e-05,1.946991533500738e-05,1
0.16858718889140623,0.8313446073597368,2.2747178202253197e-05,1.9336055458029717e-07,1.176273444443143e-05,1.2133609418536201e-05,2.1366866237088717e-05,1
0.14241708277798848,0.857441149623985,2.9464348840940178e-05,3.2841478890525626e-07,5.2300067081477055e-05,1.4405656412295597e-05,4.5269110902918376e-05,0
0.4057592621675555,0.5941027902167209,2.6362507312287623e-05,2.407509540282419e-07,7.118118521602325e-05,1.593910557196998e-05,2.422406666925269e-05,0
0.38465324539549056,0.6150563667827416,2.75701818884079e-05,2.3791952213131842e-07,0.00023735652427451633,1.4501167405286093e-05,1.0722028677580091e-05,1
0.5470165312645389,0.45287254129336457,3.462948175287845e-05,2.0179669073587735e-07,5.01474624425164e-05,1.2886640554284892e-05,1.3062060656076265e-05,1
0.5931078061194088,0.4067047920799558,2.265187180310769e-05,1.7871524550523695e-07,0.00014095605624525528,1.2449692958238173e-05,1.1165464383309819e-05,1
0.48749493680600847,0.5122508138602012,2.9261987205681788e-05,2.2160015179449932e-07,0.00019363060519212068,1.4151280145066186e-05,1.6983861095564122e-05,1
0.41720534141155846,0.5825081249688515,2.760115787630216e-05,2.1776335964498104e-07,0.0002284768295216785,1.4128863837514818e-05,1.6109004994950716e-05,1
0.21505814343914978,0.7842851914150917,3.2123789470799366e-05,2.326621513637707e-07,0.0006019233293916136,1.614096710423896e-05,6.244397640595682e-06,1
0.21435351617620857,0.7850376376691657,2.51876488501316e-05,2.0423053256169766e-07,0.0005625294096278374,1.4635263183492755e-05,6.289602431506869e-06,1
0.25470152228548276,0.7446600007972273,2.1672556282638475e-05,1.7655665480961995e-07,0.0005970722598383214,1.2549924471573104e-05,7.005620042571668e-06,1
0.19200477015320538,0.8026521162853185,2.6818498379286336e-05,2.495509846718494e-07,0.005298549458468446,1.1952029106111008e-05,5.5440245373714e-06,1
0.05904474074156856,0.907092635521803,8.344004045064002e-05,2.622753989349664e-07,0.03372734707944575,1.6691774755041673e-05,3.488256657801503e-05,1
0.05347009477374503,0.8876858060163519,0.004949643570686384,2.567083201677445e-07,0.052036979849463205,0.0018296005619334538,2.7618519499686256e-05,1
0.03837116945471914,0.8940593977153296,0.0031891425162484935,1.8477734280164449e-07,0.06311294880971968,0.0012633267954994943,3.8299311408852784e-06,1
0.04656641914418113,0.8866881737969203,0.0028223183812728886,1.9008854574891487e-07,0.06261001341093879,0.0013066349481527018,6.250229988214024e-06,1
0.05006176977917203,0.8764646627039202,0.003329639777382866,1.9300734495842284e-07,0.0680499411907128,0.002086809802936485,6.983738530436745e-06,1
0.2749393884647958,0.6721460232333055,0.0054592293980351555,2.231637550829251e-07,0.03607321549765187,0.011377863296660424,4.056945796074654e-06,0
0.10538152881179072,0.3315033355660373,0.005333309899767209,1.2316786676480868e-07,0.5517089904785637,0.006070303562937057,2.408513037230697e-06,4
0.10010526552532031,0.3176755715881807,0.005971592999509433,1.1240923984401954e-07,0.5688892390412661,0.007356020305373812,2.198131109849412e-06,4
0.033131824295147966,0.9130131597292623,0.020880178185759896,2.3002211382614496e-07,0.01862689522974971,0.014335866663066767,1.1845874899537996e-05,1
0.03793119127422925,0.9085927370360822,0.025611760664914926,2.2516414026790614e-07,0.012928010710374955,0.01492913696271678,6.938187541573946e-06,1
0.32630895498781387,0.4267800079347626,0.14702390370333968,3.75959829854974e-07,0.028458079254972433,0.07140025960268707,2.8418556594492028e-05,0
0.22043549126099596,0.6483524616963428,0.08837442337214223,3.555359829350041e-07,0.03075241298248498,0.012057994501602562,2.6860650448639683e-05,1
0.013994288886248334,0.842307312659703,0.11770487798908938,2.092619621220786e-07,0.022573972921578096,0.0033445493403309826,7.478894108794893e-05,1
0.01669860548955841,0.8204291232491013,0.12561307430047597,2.4669438316759453e-07,0.025880555349347214,0.011302773696775894,7.562122035798785e-05,1
0.004534578279103585,0.4702731120831078,0.4896033862269011,3.33528878165367e-08,0.034062945739013493,0.0015238766977688854,2.067621217441845e-06,2
0.0013125008812514003,0.05784586174135205,0.927622203959155,6.377325921467989e-08,0.008353749825239001,0.004864831256212359,7.885635308938908e-07,2
0.002032903048364831,0.10140466285323214,0.8729590602739057,8.882663316151314e-08,0.01674348664601217,0.006858338655070064,1.4596967820381778e-06,2
0.0025596436447776296,0.141022985962643,0.812622765375718,1.247334072592034e-07,0.02067582739166395,0.023115200795407576,3.452096382612099e-06,2
0.004076879586646487,0.21833071007737023,0.7151228746702346,1.74959219963259e-07,0.0280574783748323,0.03440704019594786,4.842135748642727e-06,2
0.07397786455501203,0.49518206669084247,0.33726380052406185,2.574422813073175e-07,0.038636190446057594,0.05493581889533602,4.001446408684299e-06,2
0.025717487128530878,0.4321813803084796,0.4806822532149823,1.71179645122176e-07,0.044866518803948416,0.016550231101899127,1.9582625144524847e-06,2
0.005129708407848733,0.47731981308356103,0.48577250072541506,1.251895236363027e-07,0.0257364827035985,0.006039106350709617,2.263539343528285e-06,4
0.005725701539446979,0.5460312417436972,0.4267251342939185,1.362542738168497e-07,0.014561375608185356,0.006953946960485724,2.4635999926345255e-06,4
0.0021511825093076123,0.16611555313499435,0.8252614163571645,7.431667805139011e-08,0.002641593265510626,0.0038292686085149756,9.118078296748133e-07,2
0.0006014490279913734,0.14648954017139923,0.8487676731506298,3.2205560276108345e-08,0.0016828522540685241,0.0024578708848140987,5.823055368205247e-07,2
0.0005331636558740282,0.09421043338385224,0.8848999921139307,6.212013151859787e-08,0.004362234670152229,0.01599299086813083,1.123187928456365e-06,2
0.0006249821761493286,0.110434837452842,0.8671825361462296,7.281811982388547e-08,0.0038461471214687377,0.017910107667997825,1.316617192521411e-06,2
0.000340679403945946,0.06114841901988404,0.919695727087416,4.826126556561128e-08,0.004252391244286274,0.014561862068514104,8.729146881076024e-07,2
0.00034865741401214026,0.05793609920008493,0.9282231437498516,4.267933913746621e-08,0.004276524987133474,0.00921465561598886,8.763535898566573e-07,2
0.0004490182870959887,0.07257965913028624,0.9149303722428532,5.2316159853267955e-08,0.0038732308651301993,0.008166592927818244,1.0742306563664394e-06,2
0.00036491576432213276,0.05566727597016462,0.935166058288829,4.251718027504969e-08,0.003194314843530448,0.005606519592062706,8.730239108110642e-07,2
0.0013523894878650436,0.23843861986315093,0.36306162468320285,1.6168652614311184e-07,0.008764122057626026,0.3883778506672802,5.231554348865666e-06,2
0.009710585101613703,0.27759661353653314,0.029825876572853235,1.169449841082e-310,0.0005335870314990641,0.6823314853884357,1.8523690651483622e-06,5
0.0018242912862062644,0.30606217220216153,0.02172732368097905,9.435251535473995e-07,0.000569649795552406,0.6698134278871086,2.191622838489583e-06,5
0.0014582394008538606,0.24027413867183106,0.01898191269113777,7.304386182045308e-07,0.00035149413603331416,0.7389316841383472,1.8005231785798512e-06,5
0.0019155011992646853,0.30736740915919813,0.02235429498570577,1.5384277965027764e-210,0.0005741503202169064,0.6677863023736987,2.3419619157119526e-06,5
0.0018944461367681816,0.1640651512674423,0.07085278926262847,9.003545770579329e-07,0.0007912149074698361,0.7623932381544359,2.2599166783572627e-06,5
0.008476548211468662,2.0518158043190672e-05,1.088218548916689e-07,1.601113009566979e-09,9.833539418413332e-08,4.817807939826939e-08,0.9915026766940466,6
0.008872546973107562,2.0932329540945322e-05,1.0858362431241243e-07,1.5976078857101586e-09,1.0018955586247817e-07,4.807260893212139e-08,0.9911062622539544,6
0.0051447855537701745,2.101441009671277e-05,7.167969894170093e-08,1.147607734814487e-09,7.380434949410414e-08,3.4531938867271775e-08,0.9948340188725382,6
0.23603058651315867,0.0008868699694295714,3.772455617757052e-06,5.315073038073348e-08,4.205875711237934e-06,1.7919846249444448e-06,0.7630727200507273,6
0.9842929318048446,0.006266400073102682,9.461370618321431e-06,1.6366057035287176e-07,1.202101543303102e-05,6.7107018957828615e-06,0.009412311373535263,0
0.9878230208634975,0.003282396386378434,9.394691186343125e-06,1.6746938476571132e-07,1.9449888502668073e-05,6.7666284889236544e-06,0.008858804072561462,0
0.9776406359803895,0.0035561044740579843,1.7463803719276715e-05,1.7064203035039498e-07,0.0,7.027796518655421e-06,0.01877859730328415,0
0.9767993937416392,0.004117939961434228,1.7723306847020025e-05,1.7317768302447523e-07,0.0,7.132225954936909e-06,0.019057637586441696,0
0.955257983962693,0.010213897261612648,1.345070119317511e-05,1.59432320784499e-07,1.2832729509940681e-05,7.241896417283781e-06,0.03449443401625305,0
0.7825344318223016,0.005509536361382045,1.4901322182888534e-05,1.956261897883639e-07,1.6967456995431323e-05,1.187182720800782e-05,0.21191209558374027,0
0.8463208109088183,0.007339096142489655,1.693533813238114e-05,2.1008991616796736e-07,1.8145003357290723e-05,1.2749577066287637e-05,0.14629205294021977,0
0.9231560559807703,0.009548553053093378,1.7393567314572843e-05,2.1577443983793178e-07,1.8240957911994316e-05,1.2134624669000203e-05,0.06724740604180103,0
0.9362291753516199,0.02971600823526054,1.7300234520179078e-05,1.6659976276787293e-07,1.8117031415432782e-05,1.1748083479699067e-05,0.03400748446394169,0
0.9351059409333528,0.03528731831196716,1.7662633385857392e-05,1.253386096251049e-07,1.5453308521131046e-05,1.1994177954428363e-05,0.029561505296209326,0
0.7473357500746398,0.2421002858290964,2.340269418262206e-05,2.9032015897756116e-07,2.1316953798885918e-05,1.6000370687941188e-05,0.010502953757435405,0
0.7489709446316543,0.2509858786687417,1.2399389552696965e-05,1.1469120705579091e-07,1.0934802679776456e-05,7.879375164869831e-06,1.184844099946217e-05,0
0.4772155924693089,0.4816933349129452,5.301502241447587e-05,3.4768087106784616e-07,0.040936220996164306,9.052656210187134e-05,1.0962356194034684e-05,0
0.4343971093694554,0.4947548821972023,5.8984766141498126e-05,3.6613149271717827e-07,0.07067986793193425,9.810936623427903e-05,1.0680237539433564e-05,0
0.10488560130533224,0.8744459122264935,0.0006798862762082742,6.316866071643414e-08,0.018299390884386365,0.0016840238238654739,5.122315053556188e-06,1
0.023117009837775458,0.9422482815619129,0.0026000202174718207,2.1335577145221997e-07,0.01379622190125267,0.018233872198181452,4.380927634014208e-06,1
0.02123096911275603,0.9501959627604365,0.002107550172980704,2.1630690477498046e-07,0.014896688933758473,0.011552296709272223,1.6316003891144464e-05,1
0.0281454898423812,0.9570009092314037,0.0010594230039480956,1.6156614574884174e-07,0.0020159095929427186,0.01176408046358814,1.4026299590168489e-05,1
0.08345232440634368,0.9129233884361359,2.4901361017459214e-05,8.123347424790726e-08,0.0034953935845746633,1.6722437358785608e-05,8.718854109508214e-05,1
0.08574294360092442,0.9119266489371042,2.5111874303224166e-05,8.192021283886393e-08,0.002200424237358352,1.6863806950268112e-05,8.792562314670615e-05,1
0.19188097566490367,0.808033591833963,4.734355972971919e-05,2.7823835012091107e-07,1.32736472654374e-05,1.6354309938584247e-05,8.182745849617189e-06,1
0.168861868861898,0.8310692673406446,2.956803030852572e-05,2.6735171602444474e-07,1.3176372056636013e-05,1.2543345917309001e-05,1.3308697458835068e-05,1
0.33265119494328543,0.6672598837848525,3.944368212113502e-05,2.2015894542397754e-07,1.6417019382276853e-05,1.4575795505735392e-05,1.8264615907439274e-05,1
0.5067358578492348,0.4931516578962685,2.4165860298584676e-05,2.039380643735596e-07,1.6394655303015623e-05,1.40518089853764e-05,5.766799184526001e-05,1
0.5802584954722557,0.41960006993108934,4.5310914730713055e-05,2.1770742024464706e-07,1.701607403043569e-05,1.6695500728655678e-05,6.219439974494223e-05,1
0.3696851274796784,0.6302197214601201,4.8738786731629326e-05,2.175360795590136e-07,1.700268199360071e-05,1.3694910270756105e-05,1.5497145126063596e-05,0
0.4680656549793812,0.5307166674707141,3.40484775093968e-05,2.3129638958216372e-07,1.7247526797098683e-05,1.4898144104464742e-05,0.001151252105104063,1
0.46026374357291094,0.5394375216403905,3.947957124812243e-05,3.3955632446699913e-07,1.851225882399055e-05,1.539036336503918e-05,0.00022501303693693833,0
0.426247356476084,0.5736796546580191,2.5302749189176096e-05,1.7000171525058743e-07,1.3179166710481391e-05,1.0141567227915263e-05,2.4195381054281737e-05,1
0.3371073252027599,0.6628047360669368,2.1138764276751176e-05,1.523747258649414e-07,1.1806467559662276e-05,9.953405310736002e-06,4.4887718430396444e-05,1
0.36411993799614073,0.6354199610533007,2.5204538478848386e-05,1.6211167718103033e-07,1.2567501546294888e-05,1.0811206364188291e-05,0.0004113555924920025,1
0.5806071485745301,0.4188520797788314,3.0139191782417374e-05,2.011779327744965e-07,1.6494640014459268e-05,1.5623509696696862e-05,0.0004783131272122117,1
0.6068529603713692,0.3925784687134905,3.168854720812359e-05,2.1151981997328872e-07,1.7342574497439737e-05,1.6426662272648568e-05,0.0005029016113422043,0
0.7490047712416366,0.2504463106992814,2.8791258965744813e-05,2.216719760688189e-07,1.1963862361218078e-05,2.0382267470672718e-05,0.00048755899830818544,0
0.7506153277053171,0.24883616148833218,3.510000805181626e-05,2.679374524958818e-07,1.3233185363461724e-05,2.257284446712907e-05,0.0004773368310157166,0
0.8116615770113326,0.1876341257094497,2.9654439827126675e-05,2.2831784756318315e-07,1.3508488942299719e-05,1.9950909756863292e-05,0.0006409551228439523,0
0.8552145727200575,0.14401274189322336,3.1246005989584193e-05,1.9823356017659323e-07,1.1728543713154833e-05,1.7322079338412106e-05,0.0007121905241177086,0
0.7074003213482584,0.29210224757834385,2.619504057548836e-05,2.0168296268253096e-07,1.174722281213251e-05,1.4237720223319499e-05,0.00044504940682420663,0
0.6005744797720421,0.3988727866726794,3.485409359827171e-05,2.5079328740197526e-07,1.4698545694943602e-05,1.665635727972514e-05,0.0004862737654180831,0
0.7493502186259201,0.25020340422976456,2.58925413056969e-05,1.9876419127626135e-07,1.1204207285635498e-05,1.705439908867154e-05,0.0003920272324442591,0
0.763965935977551,0.23593742451106622,2.194389871340878e-05,1.896883580883856e-07,1.1117295155879045e-05,1.4500578580182237e-05,4.888805057502686e-05,0
0.6846052139997806,0.3153413996989697,2.455507374855305e-05,1.8130120414446135e-07,9.828134031291333e-06,1.1656362471184357e-05,7.1654297945529096e-06,0
0.7069927832071146,0.2929176273191413,2.5902407630930977e-05,1.903525359150523e-07,1.0730047781968556e-05,1.2238297955081576e-05,4.05283678402675e-05,1
0.2647409662893068,0.019007949549102027,2.2634147841328017e-05,1.129470389535227e-07,9.510060800501248e-06,8.281466489370113e-06,0.716210545539421,6
0.931709860905192,0.06308884990994292,1.7025026296171302e-05,1.4394322905616714e-07,1.1215564932175447e-05,9.738442960692402e-06,0.005163166207446945,0
0.8821513679547383,0.11716974418910323,1.6697775520531886e-05,1.3996401975535948e-07,8.545427191423954e-06,9.205027365633303e-06,0.000644299662061163,0
0.6793871462658213,0.3205562463812392,2.3696844957278876e-05,1.7353973918897738e-07,1.262171581937518e-05,1.3812936650562948e-05,6.302315773043048e-06,0
0.7414086580510013,0.2585386053024353,2.401552757366101e-05,1.9210805003387445e-07,1.2780405217561132e-05,1.0330154517533145e-05,5.418451204747489e-06,0
0.6411817652763597,0.35876286245498196,2.154600834127189e-05,2.439887302676173e-07,1.700207985385582e-05,1.2092718960690159e-05,4.487472772296749e-06,0
0.6141555620496192,0.385779167772139,2.74681194039625e-05,2.585502230143104e-07,1.9966487315392075e-05,1.2710898862789078e-05,4.8661224367656445e-06,0
0.6121362345489778,0.38780774386575867,2.1058259890998452e-05,1.710141493300104e-07,1.0671070681382009e-05,1.3743027360715222e-05,1.0378213181218344e-05,1
0.14191248713540455,0.8580271933204782,2.5410090988790042e-05,1.2810334333977347e-07,5.8564428682960054e-06,8.525903127201546e-06,2.0399003789659015e-05,1
0.16925135289404297,0.8307007042994042,1.6468514951442038e-05,1.301233072693849e-07,7.148593399347342e-06,8.660341591767064e-06,1.5535233303035436e-05,1
0.3347607469017181,0.6651447005892865,2.9706977815008115e-05,2.3254223964154372e-07,2.0575756575445006e-05,1.653532223694535e-05,2.750191012834914e-05,1
0.4801559615382004,0.5197385412111516,2.5046071263278922e-05,2.0308257047385987e-07,5.5135098930923607e-05,1.3176348815868412e-05,1.193664906744207e-05,1
0.2546166230531219,0.7449691416092636,3.1126053183984445e-05,2.370442742444746e-07,0.00034995709004200795,1.5379842962208326e-05,1.7535307152011593e-05,1
0.22391984154063013,0.7755545886248166,3.349720597784097e-05,2.375740407054613e-07,0.00046025603237886205,1.5539758395858952e-05,1.6039263760032597e-05,1
0.20886605807882141,0.7902956529927926,3.629466330753764e-05,2.574145982121619e-07,0.0007675205645761465,1.683753263574536e-05,1.7378753268444828e-05,1
0.242512214211682,0.7564651755381393,2.35553914941955e-05,1.7479865688526995e-07,0.0009779455699853428,1.242496321652687e-05,8.509526825561841e-06,1
0.21952070309213226,0.7787153509054173,2.4161193471190885e-05,1.7994007105135513e-07,0.001718042924623317,1.280212376391781e-05,8.759820520875196e-06,1
0.23150539714356846,0.7669834883712386,2.3979833288953585e-05,1.7722915469981495e-07,0.0014673784566951635,1.095111803135301e-05,8.627848022765978e-06,1
0.20047505446567193,0.7967619465090965,2.6211179248515513e-05,2.477196836166136e-07,0.0027191724654231655,1.1864320522059488e-05,5.503340354141699e-06,1
0.06454748620330028,0.8776467941666268,7.241724564119339e-05,2.229481498684787e-07,0.05768579805302697,1.3046023937447985e-05,3.423535931727659e-05,1
0.04707294029987219,0.9210542133243622,0.0028810618443259307,2.58966519835629e-07,0.027587279537250434,0.001369803541236246,3.4442486433442036e-05,1
0.055231091087520064,0.8863391322710661,0.0046263440274377406,2.562747622510912e-07,0.05194909393848953,0.0018265105264900303,2.7571874234088683e-05,1
0.06000471291886547,0.8811505537277176,0.0050873603765424795,2.5477454446288335e-07,0.052001692205646335,0.0017280155266229547,2.7410470060627067e-05,1
0.03990697458979946,0.8885761511467327,0.004309308635545663,1.8462697685460642e-07,0.06595806774577403,0.001245102000640171,4.211254531258885e-06,1
0.1028156427742317,0.22475733768856015,0.0021013466665674653,1.0795760466449851e-07,0.6669541701929205,0.003369061358308555,2.3333618070361776e-06,4
0.21799584008476383,0.7070045643432895,0.006616633998747629,2.2204917924641675e-07,0.02612388363041426,0.042254434946943975,4.420946661505902e-06,0
0.09584210800222742,0.30978645792132603,0.005738015737524432,1.0756279115393691e-07,0.5831248830645638,0.005506516364473227,1.9113470941119966e-06,4
0.014633184961309595,0.07581167036745654,0.002073705314672795,2.437812262442419e-08,0.9037506192471687,0.0037303625419361102,4.331893337670569e-07,4
0.05741267865183087,0.8932131188316694,0.01688637082627012,2.8544835801881824e-07,0.02207603523889424,0.010396810740106514,1.4700262870921916e-05,1
0.02237652515689324,0.9203431538408653,0.014481766758590028,2.1946671968946682e-07,0.013763748629709843,0.02901292933160956,2.1656815612400444e-05,1
0.03406932108508306,0.9160647309871208,0.014417029666807427,2.2046021601841012e-07,0.013875788467317478,0.021562911954442845,9.997379012207753e-06,1
0.3114691625779116,0.5442816465860195,0.09154014681867546,3.6609156877902355e-07,0.03343257152520898,0.019248448278419494,2.7658122196214236e-05,1
0.02544512345035425,0.8073072986913815,0.14016322059181338,3.589567767888575e-07,0.021223173438018085,0.005750848605798859,0.00010997626585709154,1
0.01193323235225292,0.6425881930695788,0.3302817432798393,2.0565209628564825e-07,0.011606911994462786,0.0035267064846743195,6.300716709544706e-05,1
0.013364610085088853,0.5831390613138973,0.3899405912155335,1.86528382891791e-07,0.010533096994627107,0.0029652758117803654,5.717805068993618e-05,1
0.014430944003961714,0.5812104028438929,0.3906612819896669,1.9337040632892662e-07,0.010539998023265985,0.0030979043774496118,5.9275391356515714e-05,1
0.016388681615026966,0.8095721161011474,0.1375372373606737,2.500707251177622e-07,0.028134837617088137,0.008290221037632044,7.665619770663747e-05,1
0.008431064855289317,0.7445642656380578,0.21172067714050818,1.382826023349223e-07,0.03272565001574924,0.0025367347178094904,2.1469349983463794e-05,1
0.0005788551236186605,0.05194120916622465,0.9371200978212433,3.961130138428367e-08,0.005566717654180007,0.0047919659480129785,1.1146754188059382e-06,2
0.0009355052550959939,0.046735638177275586,0.9428166256857102,5.7136030015009847e-08,0.005841379798799536,0.0036697029179690566,1.0910291197265299e-06,2
0.0010534053605493713,0.05873761219652184,0.9313427119821399,6.141735167961578e-08,0.0036612365833083756,0.005203620933674201,1.3515264546647056e-06,2
0.0016928047348634535,0.08931222554044355,0.8884671682204527,7.276709794519577e-08,0.014090479259459983,0.006435801608913939,1.4478687683274902e-06,2
0.002559262902799715,0.14451199401843035,0.8079557524810139,1.2065905272478375e-07,0.018945944465848522,0.026022953434721368,3.9720381334899395e-06,2
0.04815448923321318,0.4819911661299024,0.4117372244373148,2.0984455312330786e-07,0.027734221509587514,0.03037942721439785,3.26163103128683e-06,2
0.0016287872952652368,0.131980146938258,0.8342108369803968,1.1211512510995324e-07,0.022144943009675275,0.01003338801399609,1.7856472836574102e-06,4
0.001320431647424687,0.10446276411970434,0.871232872635172,7.756206785357304e-08,0.012452079029349498,0.010530372614236064,1.4023920456956037e-06,2
0.0008869759529916138,0.06185875530942363,0.9214946673970137,4.953384055600843e-08,0.007997550854440752,0.0077611053358383145,8.95616451583563e-07,2
0.00047445040299051646,0.07771020525280675,0.9086652638640373,5.5090298699866215e-08,0.005317804740577559,0.007831224567069698,9.960822194367036e-07,2
0.0005889398755519765,0.10025270213776774,0.8848972847129336,7.271731520257899e-08,0.0038408227680659488,0.010418684651838457,1.4931365271908844e-06,2
0.0002655728086372927,0.04867537000629941,0.9434373294387681,3.347610270357779e-08,0.003206687209581384,0.00441431968111138,6.873794995793902e-07,2
0.0003057675198517791,0.04925116801818388,0.9402104748345567,3.942068367499097e-08,0.0035669071899628343,0.006664833574573127,8.094421879849446e-07,2
0.0035072220527939553,0.3236316866592328,0.0681183605752989,1.2950165771915134e-07,0.0015018696768858417,0.6032359101474303,4.821386700453669e-06,5
0.004486548511175127,0.2876690339616176,0.043481399660242746,2.633489129189845e-07,0.0021889858418898413,0.6621695745005994,4.194175562295929e-06,5
0.009725961419751518,0.3392120508676977,0.041237484125250266,8.6891960672193e-311,0.002894900975102766,0.6069252354288746,4.367183323308257e-06,5
0.001768160435517407,0.2672079631213173,0.023016157011847962,8.856794464112053e-07,0.0006025510097901796,0.7074020995519641,2.183190116611026e-06,5
0.00261943105625375,0.4464130615134171,0.06910143100788725,7.071379171260938e-07,0.0007116298406325053,0.4811504441319822,3.295311909962516e-06,5
0.0017492943708358208,0.3307435384515234,0.03156767316079694,1.542697792544316e-210,0.0005406786068046102,0.6353964669478718,2.348462167548415e-06,2
0.008888326585043647,1.9807207429499513e-05,1.0877673768329193e-07,1.4327319124634809e-09,1.0512470595092188e-07,4.815810491382803e-08,0.9910916027152464,6
0.009644321285881533,2.2178459211404928e-05,1.0815793471054357e-07,1.731632307165975e-09,1.2067990629053013e-07,5.210545307218122e-08,0.9903332175799807,6
0.18303256724894226,0.000673743094390141,3.145655135487193e-06,4.0839448189798196e-08,3.0267491930055703e-06,1.376907950711099e-06,0.8162860995049402,6
0.3141129919331859,0.0011961654869128173,5.5854872905580655e-06,7.251532955541049e-08,5.738217726920847e-06,2.4947576677211567e-06,0.6846769516018865,6
0.19456871209145457,0.0008965994275322482,4.033313660874792e-06,5.236375164850699e-08,4.390729641834449e-06,1.8014793801073235e-06,0.8045244105945788,6
0.9816689635347605,0.007074468787456188,1.0795730691522766e-05,4.398979659759275e-07,1.5047013215633378e-05,7.18623579311025e-06,0.011223098800116748,0
0.9835133495966106,0.006035987258721781,1.0258984817577115e-05,2.1674648501220674e-07,1.195615653722677e-05,6.674494578900462e-06,0.010421556762248664,0
0.9877259720781162,0.006964737394829641,1.4268128996842067e-05,1.4448765811013977e-07,1.8181546965568843e-05,6.75860178021068e-06,0.005269937761653339,0
0.9897298293757822,0.002813268769251662,1.4735646319290907e-05,1.5182282577119115e-07,1.2844555422962275e-235,6.418583002497649e-06,0.007435595802818446,0
0.9873523845063207,0.0034604100190764376,1.6670979368178496e-05,1.787861300751691e-07,3.4297179310249102e-28,7.4154866022761335e-06,0.00916294022250262,0
0.9638858238589665,0.002190338066796271,1.4551167764195495e-05,1.4304097021965816e-07,1.3522842719936599e-05,7.834390801298257e-06,0.03388778663198144,0
0.9588904163016098,0.007307145710022472,1.2943827743944696e-05,1.5342430609483707e-07,1.23492836462939e-05,6.968994286511554e-06,0.03377002245838482,0
0.8052439174050388,0.014321302714109183,1.7044871392171668e-05,2.1552299499003204e-07,1.8801539164012405e-05,1.1715630928042432e-05,0.18038700231637272,0
0.933084355695835,0.029996949378897856,1.8566843101774635e-05,2.978803497887493e-07,1.9234975625891726e-05,1.2608200337382788e-05,0.036867987025852374,0
0.930317447031849,0.03786936679591755,2.015768310060075e-05,1.4304412699387109e-07,1.7577567869749628e-05,1.3688493271403668e-05,0.03176161938386488,0
0.9152544970689984,0.037423172546733656,2.0373244839492704e-05,2.5273857935050806e-07,2.2462742211074355e-05,1.392914281596381e-05,0.04726531251582206,0
0.7755469258597636,0.21248998791227894,2.311382215992405e-05,2.867365813390459e-07,2.147320288090809e-05,1.5695920882053753e-05,0.011902516545453283,0
0.675701966945581,0.3242563328999991,1.3146249349592664e-05,1.215994706637182e-07,1.2761249221286544e-05,8.912746619875747e-06,6.758309758272173e-06,0
0.7246412347945357,0.2752897833674285,1.5608581425594553e-05,1.4929172774303088e-07,3.346958646225641e-05,1.1185868817897673e-05,8.568509602158479e-06,0
0.5707643353707769,0.4271015910215991,1.3206291263735426e-05,9.50032585344154e-08,0.002107134821743329,9.09982126892382e-06,4.537670089505242e-06,0
0.5507886580505358,0.4472710490617854,1.5337657417208842e-05,1.103358546180689e-07,0.0019108903350904245,1.0568443357284138e-05,3.3861159592962824e-06,0
0.4461015395283368,0.5439508991771038,2.0448802333996796e-05,1.399781369207775e-07,0.009905860456014387,1.2598600465539335e-05,8.513457608410613e-06,0
0.35109888040968634,0.6179935926681834,4.241293814645826e-05,2.941766593170025e-07,0.030796239607635976,5.504276189530063e-05,1.3537437793082263e-05,0
0.37480999210705407,0.5970627745195767,5.016312723081968e-05,3.382067787576318e-07,0.028003967370763536,6.164228541831919e-05,1.1122383177821832e-05,0
0.4593216105095884,0.5126650187508242,4.826688766466082e-05,3.672831104507685e-07,0.02788849375639105,6.970754709159303e-05,6.535265329524436e-06,0
0.5790460544170659,0.3942342746285656,4.3496941876399084e-05,2.8455389782885815e-07,0.02660151747595199,6.965156094752357e-05,4.720421694850673e-06,0
0.024615675878721318,0.9524085849412522,0.0012708750686626939,1.5862767972500894e-07,0.0020232945018112385,0.01966566398086777,1.5747001005223838e-05,1
0.03285704474636301,0.9464231045089672,0.0008830647660116646,1.575640945914006e-07,0.002477408403311267,0.017345541148114593,1.3678863137752818e-05,1
0.02812208336898572,0.9562050440165213,0.0007644672942460998,1.6143178341536457e-07,0.0031399320851220242,0.011754297168362677,1.4014634978536824e-05,1
0.12585600146952855,0.8557783461436383,0.0004790837658651403,9.643450451750978e-08,0.015875781382170984,0.001957185037835254,5.350576645731684e-05,1
0.09563031945064841,0.9043151967580505,2.4083474268315145e-05,2.0410610909647664e-07,1.011186738767098e-05,1.4081761877829377e-05,6.0025816583692675e-06,1
0.3805408946257651,0.6193709825565914,5.510523505057483e-05,2.803075945197516e-07,1.1560531308126483e-05,1.2801265516955604e-05,8.375478173481361e-06,1
0.36041932510411184,0.6394865949098812,4.556256438319816e-05,2.903771682249551e-07,1.1975823738136936e-05,1.3474480632916564e-05,2.277674008435702e-05,1
0.633215556323098,0.36664577426901324,2.6798967813766797e-05,2.4668114558380677e-07,1.7156822046368184e-05,1.4765350239363106e-05,7.970158664363906e-05,1
0.5273060088689405,0.4725381342063191,4.8897535658954404e-05,2.455048642025417e-07,2.199700423719011e-05,1.6985213282961124e-05,6.773166669706194e-05,1
0.4343196517095632,0.5639580765460885,3.211255879644471e-05,2.1462067617293998e-07,1.6004036510000387e-05,1.3824036627628758e-05,0.0016601164917381,1
0.49135197808390946,0.504601195609433,4.2056934486182716e-05,2.504360927691494e-07,2.058845465216275e-05,1.801086889315923e-05,0.003965919612533379,0
0.587851473118565,0.41199500595735916,2.8471678871180132e-05,2.0704788724362674e-07,1.599674830751843e-05,1.3433625433955075e-05,9.541182357581511e-05,0
0.2726678879853581,0.7272418467734729,2.2374211577233953e-05,1.5431332577729797e-07,1.1962944274239067e-05,1.0291135337891652e-05,4.5482636653763626e-05,1
0.3210409577988845,0.6788644492013204,2.2916225188495403e-05,1.5805155461640588e-07,1.1365469947258744e-05,1.0540437325995966e-05,4.961281577880257e-05,1
0.57382993186453,0.4254627982837766,3.471091039904881e-05,2.3075758526088663e-07,1.3007653951119236e-05,1.792067013110722e-05,0.0006413998596268829,1
0.6592097172436161,0.3402458536482083,7.135638053175418e-05,2.1261506392622348e-07,1.1707692225935098e-05,1.8579525855070764e-05,0.00044257289449885424,0
0.7422509589067935,0.25717750780629905,3.889670214008905e-05,2.373436137326996e-07,1.3733537186967782e-05,2.1976285593512233e-05,0.0004966894183731112,0
0.8220267143992592,0.17624981763578998,3.1070239511869646e-05,2.392184863371939e-07,1.4191495733345385e-05,2.0903431264899456e-05,0.0016570635799543578,0
0.756831012985956,0.24263128783079552,3.43018700336156e-05,2.59260007138698e-07,1.297875032250947e-05,2.076763334389322e-05,0.0004693916695412061,0
0.5858093829229533,0.4132782884167074,3.22983813923204e-05,2.486742950552603e-07,1.4479820733713969e-05,1.615661142380694e-05,0.0008491451724944875,0
0.7154960510490861,0.28440432780489894,2.322778792144406e-05,1.903949493930914e-07,1.0732438601947767e-05,1.6336299967151098e-05,4.9134224575003546e-05,0
0.6359884616990743,0.36395404965520917,2.7094327943692827e-05,1.991117623690422e-07,1.1223799640500863e-05,1.2801453169613625e-05,6.1699532004721945e-06,0
0.6938363176346207,0.30609004287177555,2.666049024492996e-05,1.959235604338504e-07,1.024433167629762e-05,1.2596474732965647e-05,2.39422733891942e-05,1
0.7435216070761198,0.2564094777335715,1.831923377920463e-05,1.4512399128434607e-07,8.180544342660819e-06,9.330428077727773e-06,3.293986011765794e-05,1
0.2601216545430328,0.018951964135382707,2.295509012123662e-05,1.1620882630174545e-07,1.0043916097384566e-05,8.540050561033336e-06,0.7208847260559784,6
0.2634538942632629,0.018158458462470543,2.2188614151163154e-05,1.1232858569278674e-07,9.708547327607564e-06,8.254896222554448e-06,0.7183473828879795,6
0.21684549695683825,0.013291750050240254,1.1387175261783811e-05,8.80210437088411e-08,7.411309629277793e-06,6.084822888513197e-06,0.7698377816640981,6
0.37260417124880557,0.021780037342166297,1.9059365680207613e-05,1.4732584868791586e-07,1.2404732266456895e-05,1.0826804097263743e-05,0.6055733531811355,0
0.9293191072540168,0.060987261359715716,1.6810874120784876e-05,1.4213261478172946e-07,1.1967465644359967e-05,1.0445159418924551e-05,0.009654265754468674,0
0.9276393416981943,0.06867457075451883,1.7802256050500223e-05,1.9957248662729516e-07,1.2765636300163472e-05,1.0576407182378372e-05,0.0036447436752672304,0
0.9168182259144593,0.07911300878551764,2.105614839365713e-05,1.1714411247045665e-07,1.127791494883776e-05,1.0198339993387606e-05,0.004026115752574822,0
0.898484327807519,0.09683557365122637,1.978219312961595e-05,1.658182113296075e-07,1.2227141158821585e-05,1.0994202949119726e-05,0.004636929185805605,0
0.9108793513653886,0.08630807656804035,2.0433840237137787e-05,1.4926879392939946e-07,1.069357665748301e-05,1.0163754132650714e-05,0.002771131626749984,0
0.8935630317236471,0.10596221547894405,1.9074312844684146e-05,1.3933747353976907e-07,9.490327483950511e-06,9.487527735989897e-06,0.00043656129187056783,0
0.8570056908110381,0.14228163833148547,2.0260502369775285e-05,1.480025642778399e-07,1.1320619568496083e-05,1.0771870810600704e-05,0.0006701698621632646,0
0.80674562684967,0.19279559657236162,2.290139336145542e-05,1.4734087519555528e-07,1.5531850257582932e-05,1.4085246041439624e-05,0.0004061107474328006,0
0.7824893462997337,0.21738964250329837,2.3312868505986096e-05,1.516926559742852e-07,1.5810914951538374e-05,1.3699794525308483e-05,6.803592632907837e-05,0
0.8268659581912634,0.17305988975431724,2.2788756949346552e-05,2.1697673297090932e-07,1.494091567934549e-05,1.198543555069268e-05,2.421996950679881e-05,0
0.818748385272005,0.18118272487632334,1.959092999079198e-05,1.2847095152416677e-07,1.3286675890031256e-05,1.1992090588988977e-05,2.3891684250286188e-05,0
0.795337681113696,0.20463484373058966,1.1845511963267354e-05,7.700140315341311e-08,6.106901172957156e-06,7.0075035189210455e-06,2.438237656213971e-06,0
0.8162130609807289,0.18376377698519392,8.739650038470461e-06,0.0,5.522228445056939e-06,6.2081523864906015e-06,2.692003207145599e-06,0
0.7185381509641102,0.2813951206543855,1.9884771461920704e-05,1.6918246863135786e-07,7.917395133128246e-06,1.4375233375424346e-05,2.438179906505211e-05,0
0.32980097010100373,0.6700906380250194,3.746885637858543e-05,3.105338706937121e-07,1.7049805468911576e-05,2.0010286405796584e-05,3.3552391852827225e-05,1
0.315961032509658,0.6839377566683983,3.564146493121649e-05,2.5555888104802085e-07,1.6218270383389184e-05,1.9034365874145275e-05,3.006116187385406e-05,1
0.35525407907820494,0.6446399004459478,3.7508577357532145e-05,2.689465788707938e-07,1.6871525647977766e-05,1.973548150654581e-05,3.163594475644541e-05,1
0.38657222160059374,0.6133289975296161,3.847666871628814e-05,2.215731390500443e-07,1.6331575073527304e-05,1.6259186513654223e-05,2.7491866347267246e-05,1
0.25288030015572405,0.7470116924627842,4.0295154423855525e-05,2.1398052307031975e-07,1.2787358150253208e-05,1.5702035227762073e-05,3.900885316674394e-05,1
0.22289306642529763,0.7770040349771581,2.501816388358759e-05,1.6983220213972735e-07,9.258290043461842e-06,1.3890722750450015e-05,5.456158866465578e-05,1
0.2875033669107939,0.7123790352561349,2.101868217589833e-05,2.4545961217036723e-07,1.666670983723485e-05,1.5812097788230757e-05,6.385488365776267e-05,1
0.3997537982332862,0.6001608883912013,2.539889231209659e-05,2.533426630133673e-07,1.5063643458397502e-05,1.5268707061521674e-05,2.9328790017393732e-05,1
0.4068041265773182,0.5931004273018883,2.7104147206043484e-05,2.338978312562436e-07,1.7530629177753324e-05,1.7564260027184802e-05,3.3013186551207e-05,1
0.33791674885981077,0.6619994251270451,2.9855551100009822e-05,2.2736860985356433e-07,2.650448912198738e-05,1.622680664194484e-05,1.1011797670415894e-05,1
0.2719696037030766,0.7279019272584313,2.8932186428028925e-05,2.345925924856538e-07,7.016879442162187e-05,1.5344741360883264e-05,1.3788723689033354e-05,1
0.21738881080367692,0.7818547367219275,3.318184488764809e-05,2.3917244169027225e-07,0.0006979345162267741,1.564431007604214e-05,9.452630763323036e-06,1
0.23224880308026633,0.7670233865878278,3.070427367790109e-05,2.2478046351038732e-07,0.0006734656023800036,1.5721182950001086e-05,7.694492434553474e-06,1
0.2496236564326149,0.7492971078833763,2.7536028529092607e-05,2.168388393696596e-07,0.0010307141089715027,1.3868177618271452e-05,6.900530050552731e-06,1
0.25142557073997185,0.747159420376528,2.6601640785281998e-05,2.0948078649449414e-07,0.001368133804615192,1.3397584875319768e-05,6.666372437801095e-06,1
0.2417664438504173,0.7550516383447863,2.8980396147947257e-05,2.439194729023098e-07,0.003133917707026836,1.2689941435815762e-05,6.085840713032691e-06,1
0.13007557843583784,0.8177463641800179,1.899469149500735e-05,1.7438043435443632e-07,0.05212960334879701,9.387558848622586e-06,1.98974045694342e-05,1
0.1078663696047299,0.8204824393334419,1.7053179568058903e-05,1.3967141303838374e-07,0.0716087674414215,8.087950440549255e-06,1.714281898501812e-05,1
0.058083227542872325,0.8912002674387562,0.00445013446294652,2.541482030143317e-07,0.0445466526356325,0.0016264770199835871,9.298675160588631e-05,1
0.08832438315422683,0.8535596186236258,0.00303272501967023,2.0785090196768184e-07,0.05325032743827405,0.0018156368712556772,1.710104204540455e-05,1
0.042772715208820485,0.30073566849223976,0.0019121880797706183,8.850846420088674e-08,0.6529569154931237,0.0016194469154904474,2.977302090709989e-06,4
0.2337185963171147,0.7029950541221284,0.005299368903224811,2.817424385800177e-07,0.04804737568211025,0.009934201371678521,5.121861304710048e-06,0
0.29716133581786347,0.6468199375714453,0.0053399972903947195,2.296866365555877e-07,0.0416966970273856,0.008977311148614527,4.491457659798182e-06,0
0.22010997175900193,0.7138611206093535,0.00899673373951546,2.2827334624773075e-07,0.02971778935821545,0.02730969243940274,4.4638211648155645e-06,0
0.22674367617500465,0.7215926831283542,0.009745327218681646,2.6440223971396876e-07,0.03336180915942882,0.008530042218214988,2.6197698075970493e-05,0
0.09186069329287508,0.3052317621117488,0.005938817960221914,1.1626091874777366e-07,0.5919805795979532,0.004985964866994893,2.065909287249049e-06,4
0.035104225355983565,0.20406968669268452,0.0030707204850795003,6.512685248202337e-08,0.7497869361097977,0.007965623539234775,2.742690367376418e-06,4
0.035206284604965485,0.3854163204921351,0.009507533671143792,1.1983156766359245e-07,0.5492118300717977,0.02064801117800589,9.900150384341124e-06,4
0.01931117166103748,0.8856280185293474,0.04453172074496848,1.9578848694808792e-07,0.04620997319073876,0.004300228683013227,1.869140240774081e-05,4
0.016547699249049974,0.8534943861190687,0.06405543806658429,1.910744783111681e-07,0.061141826858606606,0.004742217263581895,1.8241368630169426e-05,4
0.0207454517770799,0.783245118790094,0.007030460926715025,2.064571325125834e-07,0.18751536061685917,0.0014576220195878253,5.779412531426551e-06,4
0.02831263436236073,0.9091068283415891,0.0150851618297345,2.2390150949661323e-07,0.028334598894172353,0.01915386347068677,6.689199947301735e-06,1
0.13477741875709695,0.7347070598226747,0.06528815299564532,3.2441560247565074e-07,0.020568400422304536,0.04465256775385222,6.0758328237885365e-06,1
0.1347903968776304,0.6966161752670814,0.12210232273317463,0.0,0.03394820450082174,0.0124826534026328,6.0247218658964566e-05,1
0.053679264621922455,0.8047564641020384,0.11373152663193392,0.0,0.022417933079976027,0.005292748208549462,0.00012206335557985404,1
0.014583321104883822,0.6182808607942175,0.35198043806503126,2.0570385645572861e-07,0.011615919457544352,0.003476198811098811,6.305606336792316e-05,1
0.018844807151575188,0.8390789263998165,0.11861524479953263,2.3678532917850485e-07,0.019077329696951754,0.004310871448732726,7.258371806212455e-05,1
0.013422491190961302,0.8909761892096373,0.07036023334323355,2.4377718790497444e-07,0.01847909033548306,0.0066870643076332725,7.468783586359593e-05,1
0.012934094285015517,0.8443577284186331,0.10763115492662906,2.2792007513210024e-07,0.027717512154261704,0.007314232081946422,4.505021343896419e-05,1
0.010653176733374634,0.9146843725177266,0.04535624564815247,1.9974153899262802e-07,0.02441710775522362,0.004849417102061989,3.9480501921692056e-05,1
0.0071736281498269,0.9090055524622599,0.045366393644749266,4.876225769522079e-134,0.03539324134178622,0.003040736192564161,2.0448208813549823e-05,1
0.008626876918214758,0.8974211707455602,0.053423213937662244,1.4260692981758027e-07,0.038124388556248334,0.0023820665030394343,2.214073234538543e-05,1
0.00920460358502283,0.8319702019767156,0.11989019512746237,1.5259137828665245e-07,0.03611193278772043,0.00279922304326202,2.369088843845051e-05,1
0.0037692030023655752,0.30030789017964904,0.6792788223888517,6.769565691252067e-08,0.014961662331644846,0.0016769481288565805,5.406272975476537e-06,2
0.0038334340947236934,0.2657293824520988,0.708646421278096,6.990243325809999e-08,0.013026332778264519,0.008758776985060708,5.582509323037849e-06,2
0.0006270248654023523,0.03836691769875353,0.9430099113234484,1.1662019580871088e-08,0.014953747156496387,0.003041664338816667,7.229550633296594e-07,2
0.0005538163806308114,0.051855132639502505,0.9371157212454387,3.9545657875077105e-08,0.005544701142825213,0.004929325270999131,1.2637749457460191e-06,2
0.003517713915217888,0.05821991490800069,0.9288619435491761,6.621989611562544e-08,0.0026877512816254083,0.006708293686970693,4.316439113168027e-06,2
0.00436861803644876,0.1912467671429798,0.7304477371916757,2.2048132640818798e-07,0.03017814004701644,0.04375574960527232,2.767495280677276e-06,2
0.0003700547436541811,0.05128215908350131,0.9398276744075423,4.227101771733149e-08,0.0024326491174480776,0.006086656078763064,7.642980731529433e-07,2
0.0005204702436051292,0.0921454018871214,0.9008505720538978,5.979747548997204e-08,0.0030274919392065127,0.003454776230901968,1.2278477916730388e-06,2
0.00027157733694004423,0.04164916376892422,0.9476313528067852,3.433070235443047e-08,0.003171389554700272,0.007275777274578786,7.049273690415391e-07,2
0.004804351545716545,0.3486357827406471,0.052696571460765076,2.470760463006745e-07,0.0021603431252705113,0.5916987987146674,3.905336887110682e-06,5
0.0067037341652133545,0.36595626947664556,0.055314576588763556,2.5935096928503503e-07,0.0029282908675098093,0.5690919024636256,4.967087272905071e-06,5
0.00661505607617349,0.3541315286804991,0.06028210130959846,2.509708478256852e-07,0.0016530305523608723,0.5773067970223136,1.1235388206644558e-05,5
0.01440375380007156,0.31146983184847704,0.03705093113548958,8.45692985996e-311,0.0012962229690922842,0.63577529462413,3.965622739413626e-06,5
0.016269216907821304,0.3445176057965884,0.044541595648943944,2.90774255547476e-310,0.0010484901705583155,0.5936208344109654,2.257065122760585e-06,5
0.0020957561895140015,0.38314138132569664,0.03776886400438596,1.1068488848829465e-06,0.0006468901482369709,0.5763432263174182,2.7751658633796343e-06,2
0.002624350040249013,0.2661457573807769,0.051258525433599836,1.3860194855326874e-06,0.0004887361390055291,0.6794777698657398,3.4751211432408785e-06,2
0.002803915629164832,0.27461257871721845,0.06423531247469957,9.767984406726396e-07,0.0009186513446440613,0.6574249524774505,3.6125583820002833e-06,2
0.000995332649904532,0.08110178776469937,0.12074390467743956,3.572596343577117e-07,0.00035695127780122684,0.7967998132860553,1.8530844655562228e-06,5
0.0013818109739589224,0.09243479371888426,0.07416264560206454,5.127121435698894e-07,0.0004725586826241406,0.8315454725897338,2.205720590769143e-06,5
0.002286021785312617,0.2070183916585358,0.062377854365158504,9.047466457213446e-07,0.0004524736728001318,0.7278606711172985,3.682654248744198e-06,5
0.0029369765986436186,0.2827898429754829,0.08807109248218478,1.4366752244685473e-06,0.0009637200162551673,0.625231836996507,5.094255702152738e-06,5
0.009661448904738992,2.2217846554998998e-05,1.0835001540002079e-07,1.3314652052822994e-09,1.2089422509819197e-07,5.219798859792339e-08,0.9903160504750118,6
0.009541916991453452,2.9296425789110403e-05,1.3502483500146477e-07,1.978726575449071e-09,1.4027062844346413e-07,6.671305501869526e-08,0.9904284425955124,6
0.2408660202971814,0.0008581362851032922,3.9229776327235615e-06,5.527145911673021e-08,4.373691306940193e-06,1.8634853035120073e-06,0.7582656279920129,6
0.6009674443044194,0.0027799255924457473,1.2505374779333779e-05,1.6235492557117636e-07,1.4154250600539511e-05,5.585525128883183e-06,0.39622022259770046,6
0.9832078681922242,0.005927549697595831,1.0074680370671818e-05,2.128525967036483e-07,1.1741362105137224e-05,6.554586122692494e-06,0.010835998628984544,0
0.9829522867793136,0.006309978627035474,1.0300588084243022e-05,2.176254571498213e-07,1.2004642345283074e-05,6.85664147209577e-06,0.01070835509629208,0
0.9905533841461391,0.004746063522516339,1.3979812391183314e-05,1.415679907062974e-07,1.7814151779563848e-05,6.6220304662913265e-06,0.0046619947687170085,0
0.9900728555022501,0.002467658187831864,1.4740753482405405e-05,1.518754453793791e-07,1.2252222649587497e-235,6.420807591066579e-06,0.0074381728733992425,0
0.988008658239936,0.003019290438681803,1.66253331298487e-05,1.745960837508233e-07,3.0983337193543626e-28,7.054583952855804e-06,0.00894819680821565,0
0.98777317775114,0.0030355395365086525,1.703157187914057e-05,1.7886232576475631e-07,3.174041267901417e-28,7.22696217465741e-06,0.009166845315971596,0
0.9829466504026729,0.0035265498729937185,1.656303964075803e-05,1.7762854204625527e-07,1.994927088477951e-05,7.177110937247903e-06,0.013482932674328377,0
0.9675355198757906,0.00524651651170728,2.2267198199609084e-05,2.3490853763279996e-07,1.1723460073722184e-212,9.67457665376053e-06,0.027185786929110955,0
0.9308589748733336,0.0030019511036865347,2.1900037096124983e-05,6.786816457693666e-08,2.0963922581117617e-05,1.0449382106050005e-05,0.06608569281303193,0
0.9513345148603628,0.003035651960428611,1.8208238202110267e-05,1.9824455788418002e-07,1.922492400019609e-05,9.87523924654102e-06,0.04558232653320175,0
0.9662485250181773,0.0025026123621441254,1.3345781698406942e-05,1.3119177741714606e-07,1.306986607504079e-05,7.185407457908906e-06,0.031215130372670066,0
0.9662824274694453,0.004862145949318881,1.2876037136915691e-05,1.5262077818571157e-07,1.2284606840381734e-05,6.932495627659632e-06,0.0288231808208526,0
0.9563163712741015,0.008324168027442666,1.2905015333698012e-05,1.5296425925028977e-07,1.1705685998173498e-05,6.9480975726023765e-06,0.03532774893529185,0
0.8904658329694692,0.01694912269931849,1.6391390366507415e-05,2.0334201780072667e-07,1.7636682215865978e-05,1.2340072165539195e-05,0.09253847284444643,0
0.8601920493541998,0.02471595531843371,1.9428540492846888e-05,2.456631756826636e-07,2.0613950677376726e-05,1.3193353843408842e-05,0.11503851381917707,0
0.8787591099637739,0.02481407308938692,1.8982054981646652e-05,2.400176127224334e-07,2.0131084713147834e-05,1.2890158586030201e-05,0.09637457363094569,0
0.7612045961557683,0.23680835450644677,1.4025961034380038e-05,2.106914809700016e-07,1.1539537593318094e-05,1.1986359349537093e-05,0.001949286788326894,0
0.8156545299777751,0.1843077380628069,1.1690136165369953e-05,1.081307931938641e-07,1.1223170753394996e-05,7.4286696279598516e-06,7.281852078074062e-06,0
0.8149793870593123,0.1849809718641408,1.093022764231512e-05,7.593720449173097e-08,1.2639032247897803e-05,8.375841124843159e-06,7.620038327338522e-06,0
0.6334797144520539,0.3664805525161602,1.3282371987329788e-05,9.697646192315835e-08,1.1788038985781252e-05,1.0178290989681312e-05,4.387353361256649e-06,0
0.63309355663724,0.36686447444633064,1.3274275292794578e-05,1.2903452792503367e-07,1.4008841211979986e-05,1.017208648696805e-05,4.384678909734134e-06,0
0.5206482576675524,0.4765119098033803,1.4069408350944596e-05,1.0622066646247242e-07,0.002810217641494208,1.0664604548668018e-05,4.774654007054005e-06,0
0.5444139433488403,0.4525870993416001,1.5160142523250951e-05,1.0905885011865272e-07,0.0029711690272451598,9.172155191773342e-06,3.3469257492731285e-06,0
0.5374094615103592,0.43849200314210274,4.272496418379137e-05,3.2327719940452967e-07,0.023975109192772914,7.30471535200591e-05,7.330759861857529e-06,0
0.6327610012489094,0.3338402866456259,3.917892882669231e-05,2.470505029397056e-07,0.033286887629221676,6.649741059890822e-05,5.90108631441732e-06,0
0.03210121286825414,0.9437208179400774,0.004705532986173489,9.194616636882718e-08,0.018008857996073598,0.0014503070514802893,1.317921177487655e-05,1
0.01946290662934871,0.9404513354081415,0.001878241013138003,1.933608971745945e-07,0.016522209251289537,0.021677787469895824,7.326867289032589e-06,1
0.024100393394178958,0.9593439745592204,0.00075112624337316,1.5797406071975663e-07,0.003719904891701845,0.012070728483283546,1.3714454181355991e-05,1
0.1081862778177307,0.8915259705022526,2.904024636026467e-05,8.207068336410923e-08,0.00020327833124691335,1.689478228347966e-05,3.8456249442693876e-05,1
0.08726317663980286,0.9126639015598483,2.6757907278303336e-05,6.594296176666204e-08,1.2921611350133182e-13,1.5198743554618619e-05,3.089920642476059e-05,1
0.16841280281827198,0.8315030717325906,4.612765095809086e-05,2.7109244785993173e-07,1.1548471307103803e-05,1.820564329321645e-05,7.972591131396681e-06,1
0.2667946610250974,0.7331331627528457,3.773852444704982e-05,2.9831378767815337e-07,1.4240639816729167e-05,1.3995994065015169e-05,5.902749940266829e-06,1
0.30295212197592974,0.6969452954853286,5.866458603969416e-05,2.9841319034736854e-07,1.3342080714483623e-05,1.4000657742075523e-05,1.6276801055090856e-05,1
0.3910395337561805,0.6087406479283332,0.00017652784062623016,2.7549664338948163e-07,1.1507068090259044e-05,1.2925481640730626e-05,1.8582428485706927e-05,1
0.35580227141392035,0.6440971551808752,6.140600380628276e-05,2.6743223435991463e-07,1.121261000303528e-05,1.2547123597697603e-05,1.514023556305851e-05,1
0.4443490904061519,0.5555534984378341,6.0815432623221616e-05,2.648602094560817e-07,1.0923445541816081e-05,1.2095804510515554e-05,1.3311613128929933e-05,1
0.3232231592644368,0.6765902868315542,2.9366188552818903e-05,2.8501493999010513e-07,1.2672333030343501e-05,1.3225655145219164e-05,0.00013100471234051052,1
0.655924928075285,0.3439509674990232,2.2942012913716095e-05,1.9334687556037298e-07,1.5543225775258163e-05,1.3376671495509537e-05,7.204916863157654e-05,1
0.46693445913872084,0.5327140767320279,2.768366507046842e-05,1.7805703440504317e-07,8.163129804575245e-06,1.1874600133824004e-05,0.0003035646772080635,1
0.5453348242795332,0.45410629093040633,3.317593611162577e-05,2.169894689116313e-07,1.2231554249662462e-05,1.7312081946817475e-05,0.0004959482282835175,1
0.6437258451655897,0.35468161135984466,6.539785096966474e-05,2.159105905661516e-07,1.2277061639312875e-05,1.932427756000147e-05,0.0014953283738057804,0
0.781841801760938,0.21646395219759773,4.192210839693474e-05,3.080345520673558e-07,2.2577810946256416e-05,2.3287301686013704e-05,0.0016061507858828928,0
0.3908701433586973,0.6080515991154538,4.0022103959974605e-05,2.186154745832434e-07,2.170085100667503e-05,1.756439040972199e-05,0.000998751564997884,0
0.5352041020905542,0.46336857655821484,4.371467588265417e-05,2.355393405280315e-07,2.3380797469865327e-05,2.058193950766559e-05,0.0013394083990301117,0
0.8261177549522767,0.17139270939799844,2.6013025971714918e-05,2.0028158120977749e-07,1.5478191730341435e-05,1.8414713331272882e-05,0.0024294294371102958,0
0.7821756026969158,0.21706456888233308,3.204063706002814e-05,2.466898491674392e-07,1.9064722578474572e-05,2.2681680595457418e-05,0.0006857946906679805,0
0.7789311664416804,0.22044610648437107,3.1907733650410196e-05,2.456665885496473e-07,1.8985642795218314e-05,2.0430329971658534e-05,0.0005511577009427322,0
0.610247479148536,0.3891580278040075,2.8028382471241635e-05,2.1579837602117336e-07,1.2089270373184467e-05,1.2907570731875824e-05,0.0005412520255039443,0
0.38574534375411074,0.6141498193755991,2.8552752067302356e-05,1.9609549974144708e-07,1.509050673695287e-05,1.2864813102495987e-05,4.8132702883591926e-05,0
0.7868856754410397,0.21301989011913694,2.276067250823334e-05,1.8251501624120165e-07,1.0288251930979391e-05,1.3580972598942887e-05,4.762202776889054e-05,0
0.7559233243174022,0.2440202940469888,2.090365896522176e-05,2.0229412490732263e-07,1.6020969560655434e-05,1.4236554031662643e-05,5.018158926495966e-06,0
0.7990179891407483,0.2009297700194285,2.2876949578865266e-05,1.8344742768146948e-07,1.0340811353203177e-05,1.3650353488702024e-05,5.1892779748823715e-06,0
0.6483487725219442,0.3515739978932858,2.781325302586133e-05,2.0439502462302265e-07,1.0432304728363637e-05,1.3141128905102135e-05,2.5638503085912838e-05,1
0.32569499246003464,0.009587946058011197,2.504416206075348e-05,1.2497329113797517e-07,1.0522662729121678e-05,1.0132987231942238e-05,0.6646712366966413,6
0.22378206930111477,0.02324518815853696,1.8764008427935902e-05,9.36345916661626e-08,7.295687679201655e-06,7.141619540738568e-06,0.7529394475901088,6
0.21575266647150854,0.016300417178469525,1.7102252622467006e-05,9.191605890921828e-08,6.9170570026892255e-06,6.3879364794296915e-06,0.7679164171878585,6
0.31388509273752585,0.02047519355131271,1.6268207467708893e-05,1.257506420741068e-07,1.0588115128179086e-05,9.220248162344683e-06,0.6656035113897611,6
0.26175719804406905,0.016283552555064036,1.4139563145095658e-05,1.032470499794125e-07,8.923631193064672e-06,7.587504797718407e-06,0.7219284954546811,6
0.20662088148921287,0.012077724464070396,1.0569025366170988e-05,8.169687585627417e-08,6.878819168724534e-06,6.003807737283415e-06,0.7812778606975687,6
0.3137448445255859,0.016978401645565213,1.483369412287996e-05,1.1466208332944026e-07,8.934078033903542e-06,7.757434410632822e-06,0.6692451139601981,0
0.9259574985515765,0.06667327903923012,2.085346140338458e-05,1.5999660908454848e-07,1.2690522852290811e-05,1.1356791580631073e-05,0.007324161636748044,0
0.9261373000024596,0.06633009108118597,2.058725789474044e-05,1.414015510917873e-07,1.2528522806137315e-05,1.1211817194498058e-05,0.00748813991690769,0
0.8979219206186033,0.10137841770570909,1.7948482004679427e-05,1.504476860880475e-07,1.02355537286828e-05,1.0949830810038919e-05,0.0006603773614578385,0
0.7918287815594686,0.20805059144397445,2.31405202977207e-05,1.3997997890811259e-07,1.5694027453878678e-05,1.4164882209115915e-05,6.748758661759505e-05,0
0.7380145923618571,0.2619292037164975,2.2336283403979884e-05,1.9722639390432495e-07,1.5116042500038022e-05,1.3259709994563123e-05,5.294659352865954e-06,0
0.7521931514194747,0.24775151615249116,2.2602829206686074e-05,1.8995919167022365e-07,1.3763855239912883e-05,1.3417942229542841e-05,5.357842166306351e-06,0
0.7566858273144369,0.2432620031487431,2.2737830683026552e-05,1.9109377403092822e-07,1.2866781279113775e-05,1.0983987764274887e-05,5.389843319606074e-06,0
0.7733590965751764,0.22660027999467894,1.3459292247157216e-05,1.8795802025550107e-07,1.0311993094423197e-05,8.198790034847428e-06,8.465396747951769e-06,0
0.7731067929993697,0.22684584025814009,1.8199533785281604e-05,1.7550784379065512e-07,1.0835546613208004e-05,9.686342846541774e-06,8.469811401317561e-06,0
0.8723289028945804,0.127642119252988,7.122549930911825e-06,9.355800447960919e-08,3.4356934367793862e-06,6.5022609897862704e-06,1.1823790069595618e-05,0
0.8318009443805869,0.16815539903223542,1.2842409442303545e-05,1.240755947122919e-07,4.715811658676482e-06,9.928575218215425e-06,1.6045715264135216e-05,0
0.5324750753925389,0.4674372781878222,3.6455571926362744e-05,2.0095200491086707e-07,1.2606097906510401e-05,1.4745993770484037e-05,2.3637804030633485e-05,1
0.5387135048349572,0.4612028083126692,3.299231312901524e-05,1.8999073018562285e-07,1.2989647046339741e-05,1.3941648031874917e-05,2.357325343620803e-05,1
0.37871828704312627,0.6211746433183157,4.234996601474344e-05,2.4387804925994224e-07,1.632049249959775e-05,1.789593588150576e-05,3.0259366112840422e-05,1
0.216964300671998,0.7829322695834867,3.496418534868896e-05,1.5454202917470225e-07,9.663809042117431e-06,1.3432122369162752e-05,4.5215085726084644e-05,1
0.21602718847291386,0.7838471840409141,2.3419126322674726e-05,2.786031484148183e-07,1.2829007538046629e-05,1.7285511933653842e-05,7.18152372292511e-05,1
0.2612062508575607,0.7386720741564682,2.2986384416994286e-05,2.709122982976629e-07,1.1776569537229153e-05,1.6808344743561303e-05,6.983277497496325e-05,1
0.29910995309808275,0.7005760338566912,3.047017366652629e-05,2.4706314718729955e-07,0.0002551697327394486,1.616044246421287e-05,1.1965633208537094e-05,1
0.23782723870138694,0.7616278042241027,3.2595514680361835e-05,2.3211702809021246e-07,0.00047724379796632455,1.5182814272871816e-05,1.970283056268734e-05,1
0.22230043359306403,0.7604187829813093,3.86079182175781e-05,3.9550035350820846e-07,0.017217819306406014,1.5792306326661777e-05,8.168394323066863e-06,1
0.20287679370709877,0.7767536452115437,0.00026289518005491946,3.33441174393905e-07,0.019968179375081857,0.00012680128734352187,1.1351797703039056e-05,1
0.19920776670271906,0.7722277368225472,0.00039455501509154427,3.4125489931447316e-07,0.027835089252939774,0.0003123195627721232,2.2191389030938087e-05,1
0.07520484923985625,0.8611481445249645,0.004526561738461463,2.455780832395069e-07,0.05672006511811144,0.002273575074907339,0.00012655872561579052,1
0.09334370032031628,0.8493811074947494,0.0036315788478698016,3.5846383155345124e-07,0.0493718839448155,0.004208530375901635,6.28405525160087e-05,1
0.0451561128093258,0.2069914999944414,0.002792237962868085,9.468761688271219e-08,0.7433766102868138,0.0016792391469743915,4.205111959589866e-06,4
0.0726139056682744,0.1935912449611454,0.0036164148494333523,1.1771785902646554e-07,0.7282867579648534,0.0018896105144208084,1.9483240134975215e-06,4
0.21300082634868198,0.7237923851887004,0.004865114333493504,2.3055141541647716e-07,0.039415205931960316,0.018922140840773746,4.096804974770893e-06,0
0.19973191588395878,0.7448932557073784,0.006383516815799015,2.729399143891096e-07,0.04419717526327916,0.0047823690575241,1.1494332146240054e-05,0
0.16247842172192428,0.6506084860511475,0.004937608164350421,2.3839257923606066e-07,0.17695979299960748,0.005008777452338178,6.675218053015928e-06,0
0.016644676184281487,0.5088001013417107,0.014458900339415891,1.1709980782270093e-07,0.4572710078569448,0.002822792716124694,2.40446171451757e-06,4
0.033289229908854655,0.897496514155605,0.03491735421092135,2.5205858358660927e-07,0.02080861294543855,0.013482255185593216,5.781535003576735e-06,1
0.02172675655079637,0.9134195875000086,0.0370780297364378,2.498459394068461e-07,0.009119614158294686,0.018650434531041905,5.327677481190614e-06,1
0.08811028385969985,0.7057693134916004,0.11575066554124554,3.206977770267613e-07,0.043801590646431604,0.046561893586834595,5.932176410845836e-06,1
0.11789921847013171,0.6561109694865774,0.12882245118147892,4.1557191497157746e-07,0.042299460264718515,0.05486226874073303,5.216284445498275e-06,0
0.024564456151500838,0.7484840068944588,0.20268565964906882,4.071183947528158e-07,0.01638341570416818,0.0077366290214455945,0.00014542546096298192,1
0.024394706776858396,0.6610220129187648,0.2838891745877447,3.814753296838653e-07,0.024185430574260893,0.006372028083416994,0.00013626558362454813,1
0.02123969723904601,0.6562755651143317,0.3008950762306455,2.737081795557829e-07,0.012659992016210481,0.00883162526732122,9.777042426541708e-05,1
0.01705177191422397,0.5690426599873878,0.3919078792111326,2.3720235682710446e-07,0.011490194067464345,0.010434546064521433,7.271155291310574e-05,1
0.01641452959538497,0.5268435214407993,0.434271390403519,2.2898962425275296e-07,0.011092365427117968,0.011307770105843003,7.01940377116172e-05,1
0.01537220404255416,0.8514822992205409,0.10735821295603427,2.450153876849088e-07,0.018572949838020693,0.00713902173509418,7.506719236829941e-05,1
0.007810475287956137,0.9152049151728634,0.044479561897286274,1.4447026805311472e-07,0.029104573290610537,0.0033665954183121375,3.37344627036059e-05,1
0.008071758286843134,0.5883214524328402,0.3829374192119514,7.57509344995207e-08,0.016669152045994298,0.0039548480649827114,4.529420645372866e-05,2
0.004453775528340987,0.432321631558134,0.5462629269088487,4.5720563495372806e-08,0.015597396562478077,0.0013487018251904447,1.5521896444323926e-05,2
0.004284074174415574,0.32753062271315436,0.6505714408234413,4.328781581669429e-08,0.015621513188782719,0.0019812029788854714,1.1102833504797486e-05,2
0.01180442080411354,0.13114414547764927,0.8291934776501214,1.7837602325975545e-07,0.010398352505814288,0.01743489439162473,2.45307946534446e-05,2
0.04358512211429774,0.21388902572790017,0.7108301070054798,2.2519517992710706e-07,0.022820525023451114,0.008858487516360158,1.6507417331092582e-05,2
0.0028420700583165455,0.21402034882219317,0.7710776389906276,0.0,0.006437576165978255,0.005617890541061709,4.4754218228103625e-06,2
0.00038375997439328227,0.0680191403700308,0.9241743001120082,4.9659044279202146e-08,0.003007070578963249,0.004413480527039531,2.1987785206622214e-06,2
0.00045152073428812977,0.09474731149497645,0.8961944451429098,5.2997495942309255e-08,0.005337602513454402,0.00326778221349389,1.2849033815447956e-06,2
0.0002349854622231215,0.040967070019545075,0.9510744270905872,3.1827239506831585e-08,0.002882144841884259,0.004840687235852516,6.535226683619047e-07,2
0.0003983495249400076,0.087378857217579,0.9034291831890326,5.5267859474544194e-08,0.005101979077609409,0.003690441478377546,1.134244602145285e-06,2
0.00040069203053954,0.059527236266390046,0.8871703540779509,5.007992658176963e-08,0.00357656147470267,0.049324077757392525,1.0283130977809527e-06,2
0.00043992469710983563,0.07881480328566977,0.8425374423573818,5.726786430311299e-08,0.0032341036307352872,0.0749724928550635,1.1759061756746e-06,2
0.00030884672810881965,0.05928958595145362,0.8491270244919117,4.020459099476385e-08,0.0018581481586997409,0.08941505359924537,1.3008659897662301e-06,2
0.0029208430365612555,0.35349743045117765,0.24984827679636523,1.4145247554541933e-07,0.0025078722320812934,0.3912214762354058,3.9597959331294785e-06,2
0.004645907310483227,0.4076271748870602,0.09902023842184549,2.888828850099159e-07,0.003582173576920512,0.485119650776075,4.566144730644001e-06,5
0.01315422145916301,0.30864058173665604,0.05355670327148605,8.26509165032e-311,0.0015034263507464388,0.6231428457637755,2.2214181728001716e-06,5
0.006173683110173455,0.27094197561476213,0.1611031547708401,3.3171358108171175e-07,0.0031264554085239115,0.558652361537269,2.037844850223626e-06,2
0.0018641979426708582,0.332212485918723,0.37327209524737137,7.473063610509441e-07,0.0008267802004267146,0.2918198372485577,3.856135889295453e-06,2
0.001989181354342566,0.39018825532864143,0.15140942417325712,8.797558948954138e-07,0.0014874928050055347,0.45492161266793596,3.1539149224737584e-06,2
0.0019915220965733772,0.24151069625509503,0.06273044619275805,8.842203973425908e-07,0.00041664579353295006,0.6933461019711321,3.703470511265518e-06,5
0.002346703453832235,0.24382757640750222,0.07698754379487677,1.1190443663425708e-06,0.00035155504726984134,0.6764815342724402,3.967979712541734e-06,5
0.08715043896616217,0.00011960858208768519,1.259469189821065e-06,2.0164378552632514e-08,1.292395173986511e-06,6.06753567749866e-07,0.9127267736694401,6
0.019768449694361635,0.00012334881020531754,3.195928173567912e-07,4.149213357507122e-09,3.0397447071104313e-07,1.3989133336467054e-07,0.9801074338875984,6
0.39626998871504787,0.0013141655087351325,6.671705022423504e-06,8.661748979634483e-08,6.85413716600407e-06,2.9799167728124582e-06,0.602399253399766,6
0.9835359437797777,0.0065127380350757675,1.0681824900583328e-05,2.2568002993341963e-07,1.2448948203510784e-05,6.9808880299356335e-06,0.009920980843982245,0
0.9856827182332739,0.006629214553739288,1.4009754400868778e-05,1.3752703536109034e-07,1.7305659771626097e-05,6.315823490269288e-06,0.007650298448288738,0
0.9896282324274549,0.003858320976916651,1.1710610514198329e-05,1.1495744323585268e-07,1.2782968129847505e-05,5.279332303382972e-06,0.0064835587272375084,0
0.9883790261603644,0.002309845145164446,1.1392493441240388e-05,1.1536724245514412e-07,8.719676007372047e-05,4.963789730485608e-06,0.009207460283983275,0
0.9878115750780267,0.00299659322818718,1.7032233940884672e-05,1.788692786111636e-07,3.1741624226882477e-28,7.418935342144302e-06,0.009167201655224418,0
0.987752659101667,0.003035476480360627,1.703121808855257e-05,1.7885861032334833e-07,2.0772632761492946e-05,7.226812051626175e-06,0.009166654896460265,0
0.9881559083960785,0.0026284664490961555,1.703817107077327e-05,1.7893162921906856e-07,2.078111317349382e-05,7.229762392315021e-06,0.00917039717655949,0
0.9760913171470782,0.003624323852141959,1.8329317299416925e-05,1.8255331271210174e-07,0.0,7.37609711932263e-06,0.020258471033048484,0
0.974091058439492,0.004163976244637847,1.964915119062824e-05,1.9199546145434752e-07,0.0,7.90722562803462e-06,0.021717216943589888,0
0.9641340556348863,0.005228071877957631,2.2659203962021766e-05,2.340826940599008e-07,2.787986788677987e-05,9.640564748401358e-06,0.030577458767864826,0
0.9558408787679198,0.005344996044490131,2.2883241734269674e-05,2.3931787914181035e-07,2.6490927232728877e-05,1.0581070240682336e-05,0.03875393063050329,0
0.9595676877466676,0.009217354203777135,1.1597912400059842e-05,1.438769291056021e-07,1.124236070235724e-05,7.780339886983387e-06,0.031184193559637016,0
0.9236751266895712,0.012519201932250128,1.2267783525501604e-05,1.5218695914381632e-07,1.2120667876336559e-05,9.235661565673453e-06,0.06377189507825202,0
0.9364057189876307,0.032733373270829424,1.9554167309234063e-05,2.5876715379322934e-07,1.7131386725752014e-05,1.3278663341640433e-05,0.030810684757009404,0
0.7630279690169303,0.22303449725165606,1.919872835802342e-05,2.6817720856611446e-07,2.09286649508761e-05,1.4679983378355803e-05,0.013882458177517827,0
0.701668359049007,0.29698817933507865,1.8512921569778953e-05,2.637544647927312e-07,1.578687682009806e-05,1.2056866429449541e-05,0.0012968411966303045,0
0.5192631026063921,0.4779046200773788,1.403197749067024e-05,1.0593807242401458e-07,0.0028027412173791707,1.0636231975153534e-05,4.761951311777949e-06,0
0.036659597365843614,0.9376394484162602,0.0040532763109079285,8.65928377134435e-08,0.01815931986125905,0.0034820753529628203,6.196099928605772e-06,1
0.07243340345190642,0.9125641213877551,0.0011796267285886029,7.81509526385591e-08,0.012246363827475057,0.001566009568032202,1.0396885290264014e-05,1
0.08159956881425438,0.9090920426821455,0.0005421945319614071,7.785360777026996e-08,0.007826118617182696,0.0009059683065778631,3.402919427054211e-05,1
0.057558021169589316,0.9340809134231958,0.00044596021561633703,7.191307532745198e-08,0.006319292383828002,0.0015767898843622723,1.8951010332830934e-05,1
0.01834104678908222,0.9458820444379843,0.001322568301228574,2.023932263244786e-07,0.01576030231060825,0.018688069281613567,5.766486256805258e-06,1
0.012517363271745671,0.9426896900134331,0.010093805716473841,2.1459814291118115e-07,0.02036908316149262,0.014322059475086512,7.783763625415774e-06,1
0.011498064972223141,0.9512641596848975,0.006054646495249044,2.1655007395215637e-07,0.015978779599841883,0.015196278134921503,7.854562792780196e-06,1
0.11838628273060958,0.7286286511039205,0.016634440209419777,4.501063624313029e-07,0.04766440774036935,0.08867851153132136,7.2565779968696025e-06,1
0.05628793096743146,0.9380191555524628,0.0006164009683985532,1.2852705716850653e-07,0.002227193578432197,0.00283600879934341,1.3181606874454903e-05,1
0.10442332490033125,0.8927455287893815,8.714634160727774e-05,7.859532903844023e-08,0.002288105662941997,0.0003559283862678373,9.988732414095851e-05,1
0.13374719654888992,0.8661416808411062,3.780546678840672e-05,8.788120541303167e-08,2.139284858666322e-13,2.0255139723170576e-05,5.2974122072682676e-05,1
0.12091313658598404,0.879000647151542,3.49240836397071e-05,7.326847809302445e-08,1.3866454871732309e-13,1.6887151855773242e-05,3.433175836164766e-05,1
0.09118213043827998,0.9087330698749655,3.0383494626343305e-05,1.1593990268016589e-07,2.2236179685302636e-05,1.480732363917674e-05,1.7256748901080766e-05,1
0.15467918226088143,0.84526044246445,2.8736595805376817e-05,2.0947177088480453e-07,1.0863795107227368e-05,1.406740899952149e-05,6.498002985580811e-06,1
0.16707497062539078,0.8328366823956374,5.313886168215304e-05,2.4926197177313647e-07,1.0431107991875015e-05,1.7197171349968805e-05,7.33057597598491e-06,1
0.2178543076029514,0.7820827398342214,2.931145501631132e-05,2.6938441655963766e-07,1.3863556831906518e-05,1.3885713257908966e-05,5.622453304377154e-06,1
0.2584801611510402,0.7414534597578172,2.9275287353105164e-05,2.6457958861294575e-07,1.125523654991157e-05,1.2413285958965188e-05,1.317070169211401e-05,1
0.38548727936382765,0.6143027452915792,3.352546991607344e-05,2.842990596179775e-07,1.4226692587510362e-05,1.5012237221829812e-05,0.00014692664580797193,1
0.5705886307313232,0.4291797137668138,3.645938112932034e-05,2.2829294427755155e-07,1.9832824967334465e-05,1.579440945964454e-05,0.0001593405933625213,1
0.4504508211150127,0.5486806898310349,4.237719143970368e-05,2.5234312429918855e-07,2.0506572615682663e-05,1.650580666482494e-05,0.0007888471401079129,0
0.5064898249761742,0.4932489259466599,4.203740085414718e-05,2.3364230952505156e-07,1.920783079345211e-05,1.5282583190859256e-05,0.00018448762001789515,0
0.6396331179304878,0.36018774384083757,2.351312763921863e-05,1.96554002012553e-07,1.3720567295707593e-05,1.138169063339576e-05,0.00013032628910414468,0
0.5513029129746272,0.44859780797790555,3.0294386994104404e-05,3.190489441202247e-07,1.2946122195348855e-05,1.3465042291971417e-05,4.225444704158843e-05,0
0.6383681428654923,0.3613305350624618,3.6668489693330714e-05,2.358460310181712e-07,1.0812500452611613e-05,1.7106418445832622e-05,0.00023649881742334185,0
0.47219640438978877,0.5273999131374941,2.7995635898705012e-05,1.8006358232257125e-07,8.255121177814795e-06,1.3060397806008492e-05,0.0003541912542521939,0
0.6401665119277206,0.3581324395350741,6.113189329432718e-05,2.1886511285018645e-07,1.886383714372933e-05,2.0124182358200046e-05,0.0016007097592961308,0
0.7397638445216729,0.2593248173892432,5.342209970679013e-05,2.39628584644704e-07,2.074643378620401e-05,2.1447068755832092e-05,0.0008154828582505548,0
0.7401291887838644,0.2590375589125751,5.7960698409614356e-05,2.397469290719227e-07,1.8021141868517906e-05,2.1457660735379077e-05,0.0007355730556180025,0
0.7968594638534143,0.20131899176509388,3.1686777009312904e-05,2.439653814118893e-07,2.0668726090636136e-05,2.1319096718646645e-05,0.0017476258162917064,0
0.865945095089969,0.13160292946697177,3.079704053278917e-05,2.2583682560934522e-07,1.655301692322988e-05,1.7073183038981e-05,0.0023873263657386767,0
0.7369221427743631,0.2616895073373224,3.516849274735934e-05,2.6581010515759824e-07,1.9054055755449724e-05,1.7201699863626176e-05,0.0013166598298429179,0
0.7076339310112272,0.29173168907702907,2.9579870823900988e-05,2.277437198976237e-07,1.9072458960567938e-05,1.583988118978494e-05,0.0005696599570495859,0
0.5857174220786714,0.4137442337844728,2.6645480908258226e-05,2.0515102911147706e-07,1.662200016117149e-05,1.313578908416105e-05,0.0004817357156731952,0
0.6270322623645013,0.3728659573629256,2.575948975190786e-05,2.0200308107835993e-07,1.1386781382534094e-05,1.4577195252983542e-05,4.985480310477984e-05,0
0.7343765492138495,0.26551915240622326,2.3628350336613592e-05,1.9873975769684142e-07,1.1202829980765878e-05,1.550254171245392e-05,5.3765918139735726e-05,0
0.56536231127499,0.43451463089139364,3.414296495861616e-05,2.406160915541185e-07,1.3563371494238406e-05,1.578557922735711e-05,5.932530184463013e-05,0
0.6079719780365437,0.3919241010110297,3.072132434859655e-05,2.1967616282575807e-07,1.2383001426005672e-05,1.4411818637108309e-05,4.618513185202932e-05,0
0.7731572627847497,0.22676885822120044,2.3191821668514057e-05,1.8672700538841696e-07,1.0274556840594107e-05,1.3894387409260628e-05,2.6331501126104046e-05,0
0.2590627270052656,0.01923804061576938,1.4774301834546888e-05,1.1420299043878474e-07,8.898307083378054e-06,7.8947594902101e-06,0.7216675508075665,6
0.9245793677306056,0.06829996801577554,2.0231636366337043e-05,1.695855324309119e-07,1.2504936743075553e-05,1.1100301958605078e-05,0.0070766577930186005,0
0.9238636933328122,0.06794704723681097,1.9442349369695894e-05,1.2508639656878466e-07,1.1425061210764791e-05,1.0718035931204885e-05,0.008147548897468727,0
0.9333414477798258,0.062434982815612335,2.194324358474394e-05,1.5263266854017602e-07,1.1570764815495279e-05,1.0542133982045734e-05,0.004179360629510967,0
0.916914165405127,0.07780327944058221,1.972492940099965e-05,1.6533821555810716e-07,1.0453041467002857e-05,1.0873814580758183e-05,0.00524133803062631,0
0.836937351041996,0.16150431845677804,2.1834690366915058e-05,1.2858289921424125e-07,1.4081834869830132e-05,1.3159450656281517e-05,0.0015091259424340332,0
0.784505794320569,0.2153661841074212,2.916187119795996e-05,2.521748128351723e-07,1.4228428261083262e-05,1.585783158378423e-05,6.852126615419022e-05,0
0.807991631904803,0.19193182884170235,2.4736645109279277e-05,2.5293607063085587e-07,1.3016131706195772e-05,1.4132314364734744e-05,2.440122624379454e-05,0
0.7687548666712992,0.2312067808459764,1.4341036858614102e-05,1.4665025473930955e-07,9.622623375312414e-06,8.789812608614082e-06,5.4523596272941295e-06,0
0.7259675855130131,0.27399169911964466,1.4178630125870055e-05,1.4919088035904286e-07,9.438068158177968e-06,1.1879550252328007e-05,5.069927925664632e-06,0
0.5079100062825271,0.4920075163783989,4.3414891685833015e-05,2.1879339577145947e-07,1.4753499696602175e-05,1.629602355778855e-05,7.794130738050862e-06,1
0.43505431469595035,0.5648685680760022,3.8455595466384585e-05,1.9380055994126538e-07,1.3823478200959318e-05,1.3899568134288103e-05,1.0744785685878292e-05,1
0.4448407374164951,0.5550705502941491,3.716454800224946e-05,2.1401711314858516e-07,1.0501946549873236e-05,1.4277431365337282e-05,2.6554346325255522e-05,1
0.30081145303603685,0.6990633510244739,4.596935658068101e-05,2.647208029571565e-07,1.299000665131606e-05,1.7659957372538564e-05,4.8311898081657136e-05,1
0.11805523780396454,0.881879278928593,1.737835958946112e-05,2.1718194950924094e-07,9.793583839668445e-06,1.3474726331615706e-05,2.46194157323725e-05,1
0.2736474481186043,0.7262645512839132,3.333152529230308e-05,2.876375861991329e-07,1.4674295219823543e-05,1.9476591142313134e-05,2.0230548242056233e-05,1
0.356445327509272,0.6429720304489561,3.187339585711793e-05,2.5339228059212953e-07,0.0005148853123925567,1.5408580129983473e-05,2.022136111130443e-05,1
0.40500087428860493,0.5933439655743546,3.2883595941389854e-05,2.614233327070507e-07,0.0015939973187043897,1.618641288006949e-05,1.1831386182115375e-05,1
0.29180952766396545,0.7066251189708136,1.7633933191195375e-05,1.5694529693476978e-07,0.0015318043839851474,8.655139143407153e-06,7.1029636041815676e-06,1
0.1775621120252346,0.8113470328646857,1.9477685251323817e-05,1.7335503442291187e-07,0.011057450770149713,9.152289880022836e-06,4.601009764423036e-06,1
0.16744483724446216,0.8135494190050645,0.00013558713090899559,1.7382560337764125e-07,0.018785715685290524,7.708685654175026e-05,7.18025212871464e-06,1
0.15317640000793867,0.8208677483924288,0.00018021436384123591,1.75389261333455e-07,0.025570236786951996,0.00019798021708881638,7.2448424890968285e-06,1
0.10172845119590385,0.8519833826579368,0.003691583683722739,2.5900440519132703e-07,0.041389869985669875,0.001168545364235174,3.7908108126523845e-05,1
0.10985005693347395,0.8411056882873899,0.003344676531545263,2.778436784841676e-07,0.04440045612469385,0.0012659488881191431,3.289539109954742e-05,1
0.10687663461482791,0.8619833915369357,0.0030325628212233297,2.889395678925124e-07,0.026382359225996625,0.0016953800976244743,2.9382763824202917e-05,1
0.0956846472590228,0.8171398413713795,0.0053887644900976655,2.6878350998025717e-07,0.07915873682139143,0.0025981569868537215,2.9584287744901596e-05,1
0.10848322154757213,0.7939827664328878,0.004655877644599941,2.57047792021501e-07,0.08792939055392872,0.004895718324032059,5.276844918744519e-05,1
0.0694865655066322,0.8150853283291726,0.008052284480496445,2.033939157633341e-07,0.10367184656847458,0.0037001574940680394,3.6142272405142957e-06,0
0.0571523055261985,0.87789997027736,0.013560030407490355,2.2502683378785748e-07,0.04534869267145176,0.006034777455261571,3.998635403967038e-06,0
0.07614167565499685,0.751897285820157,0.0112287269039246,1.8563831922764276e-07,0.15207856807062597,0.008650259194472012,3.298717504492755e-06,4
0.026145714815907446,0.8683249994104879,0.007984740973917447,1.8894387547034977e-07,0.0958907468108963,0.0016501927694682341,3.416275447203838e-06,4
0.05992591544006551,0.8990147285121802,0.013254962687189299,2.2284985614586354e-07,0.016574587519987246,0.011224256976345862,5.326014375737104e-06,1
0.01424783726314788,0.9220934040912281,0.02003172614416559,2.219110770000393e-07,0.016392110389767005,0.0272300748297052,4.625370909183479e-06,1
0.02969637720290441,0.9062457777334576,0.029562935572839892,2.2277479125618685e-07,0.01651774058946899,0.017972302752927424,4.6433736103025e-06,1
0.02711374291432485,0.9219729687806609,0.02151580864025884,2.3236733399674678e-07,0.008360259592835054,0.021031657833029845,5.32987155634151e-06,1
0.017517364167194068,0.8859964076862651,0.045750826151220045,2.7879468395122543e-07,0.00876532353247158,0.04196385399540077,5.945672764532621e-06,1
0.011769356114091321,0.3560077679660102,0.6163095994816735,2.0911796765647655e-07,0.007260184697901983,0.00856702131569721,8.586130665805626e-05,1
0.012206372737185838,0.5495048793942662,0.4240852609949015,2.6006094688139957e-07,0.009572136602683521,0.004524312332628456,0.00010677787738760465,1
0.011792345084175038,0.6554182124423023,0.3136816167817237,2.1408845845448897e-07,0.013404100320348233,0.005637919404676112,6.559187831624366e-05,1
0.012060587113702012,0.7233096585782298,0.24530864502675498,2.3332210363504385e-07,0.014608320815872728,0.004641070509645644,7.148463369113907e-05,1
0.009341899108067675,0.9249961101159421,0.040312069145675686,0.0,0.022121649486951587,0.003191625975940007,3.664616742276544e-05,1
0.008209150219853066,0.7759342829735656,0.1903173481266536,9.3815059316564e-08,0.022465048564838976,0.0030127980695036313,6.127823052586747e-05,2
0.0006694713440057651,0.03719042637473238,0.9588744560058348,2.3980739805453077e-08,0.001053544678872017,0.002209319996238375,2.7576195771220454e-06,2
0.0011040225333277072,0.032258930186858104,0.9604185576830334,3.111805905508022e-08,0.001921519361685695,0.0042885395810025205,8.399536033655924e-06,2
0.024472268545060533,0.1391038439519205,0.7431267955990923,2.4949448252921083e-07,0.01601214025799012,0.07724948073411264,3.522141734158143e-05,4
0.013640117542739898,0.07475104599772121,0.9014667406286573,6.484527713615212e-08,0.004408489683655022,0.005725472094888723,8.069207060632532e-06,2
0.00034017342788552485,0.060501632091473995,0.9287538521746117,4.7727490280132495e-08,0.0021729980331539334,0.008227230687655358,4.065857729029632e-06,2
0.0003474491009465932,0.06055916534518735,0.9296370387791256,4.7772876126967784e-08,0.0021750644178585815,0.007277164859901285,4.069724104467786e-06,2
0.00039172985025252686,0.06827714536447947,0.9206696112113002,5.38613038870006e-08,0.0024522661200620265,0.008204605201353687,4.588391248297736e-06,2
0.0004987082952421502,0.09593556182951252,0.8936277963922453,6.837524729692008e-08,0.00296804629311086,0.006963993994897978,5.82481974360633e-06,2
0.0005762911377005087,0.11919387461040828,0.8695888846387952,7.439955721337219e-08,0.007059416341669003,0.003578166371198845,3.292500670795021e-06,2
0.0003650373696472594,0.06111424097647562,0.9296143384406172,4.600609508920248e-08,0.003924215183304419,0.004981177360531332,9.446633289435477e-07,2
0.0003122040240497597,0.05064685410953344,0.9377959744183253,3.934744552741099e-08,0.0036158392280652195,0.007628280934223779,8.07938356978109e-07,2
0.0003612436432597942,0.06257466942881722,0.923109505357651,4.568417452819184e-08,0.004001929322944591,0.009950583781942317,2.022781210246571e-06,2
0.012095575067881264,0.33147353349711134,0.06170116144575607,1.0242472215605e-310,0.001735989625187561,0.5929912908993211,2.449464742581496e-06,5
0.016396411990844385,0.39953151793997693,0.073962446482726,1.09669133883423e-310,0.003720154953071764,0.5063867698675131,2.698765867943805e-06,5
0.0028679288765591855,0.19256447249131442,0.16846027576385667,8.002825076111102e-07,0.001409996140738232,0.6346933427659845,3.183679039428691e-06,2
0.0006625521662295183,0.15662131822275968,0.2011171483757412,1.1111350440902934e-06,0.0006068595485524276,0.6409870672077764,3.94334389662207e-06,5
0.08708261305674053,0.00011112311547871459,1.2394494522630016e-06,1.9843858154112483e-08,1.3321319541576078e-06,5.971089910607814e-07,0.9128030752935251,6
0.10666071854497047,0.00013170258814177902,1.4860499265331493e-06,2.1298731429995695e-08,1.6234374751327155e-06,7.159096086395879e-07,0.893203732171146,6
0.018175081075816345,8.01341077892543e-05,3.1972268980727954e-07,4.150899467072397e-09,3.1773151941063e-07,1.399481807945228e-07,0.981744003263105,6
0.023356315639585176,0.00014046376706424978,3.820327912613229e-07,4.959859779131322e-09,3.924791555405627e-07,1.6722239567389816e-07,0.9765022738991485,6
0.9868653293369383,0.006373924966857948,8.984001773476101e-06,1.898093076819917e-07,1.2093949085922321e-05,5.871310475980085e-06,0.006733606625560807,0
0.9905863267289919,0.0037557947831367055,1.1412369295717374e-05,1.1202975232660866e-07,1.409721930654185e-05,5.1448803465855184e-06,0.005627111989170536,0
0.9881762543069079,0.002628520568636946,1.7038521882933938e-05,1.7893531338159973e-07,3.4325773575343002e-28,7.421674256819886e-06,0.009170585993001955,0
0.9815224613483166,0.003914940697842206,1.877689454215665e-05,1.971913721341832e-07,3.3890710177930436e-05,7.96755035745678e-06,0.014501765607391318,0
0.92045096339528,0.004248654582392842,2.532143873946035e-05,6.965117781290445e-08,2.3869289649448267e-05,1.0723905319089769e-05,0.07524039773744119,0
0.911212554710869,0.002821723971897125,2.1993516730265463e-05,6.674325205095665e-08,2.0616446275368355e-05,1.1298747474591957e-05,0.08591174586350171,0
0.9160226726812837,0.002666401474979664,2.1650734691677983e-05,6.709557699910894e-08,2.1840234978686063e-05,1.1358391416051869e-05,0.08125600938707334,0
0.9448661191690134,0.013516736112414182,1.3245284603267346e-05,1.6431326674255502e-07,1.3086446730171946e-05,9.971562155666648e-06,0.04158067711181668,0
0.9211552002364352,0.0327901468058988,1.7588104750844898e-05,2.4628261337456396e-07,2.23871512004197e-05,1.348147625984893e-05,0.04600094994284161,0
0.7621427793646249,0.23519996618405486,1.5529024245895967e-05,1.6645085444728788e-07,1.3222802911007766e-05,1.194427790450559e-05,0.002616391895404372,0
0.8001810114654337,0.19720080653104918,1.5527737600375193e-05,1.4898753836444064e-07,1.281460402639617e-05,1.0387137768852801e-05,0.002579303536583262,0
0.7545887132230935,0.24524587788154897,1.7910488218830272e-05,1.7846531163734006e-07,1.6492481359453813e-05,1.244227402699835e-05,0.00011838518644066801,0
0.7530445859916043,0.2468088984347909,1.6427050496855192e-05,1.288847555350216e-07,1.9172503358484e-05,1.1217661494336418e-05,9.95694734996292e-05,0
0.7409030453272477,0.25905196721702034,1.4437681012513062e-05,1.0030505963015494e-07,1.1963647166679706e-05,1.1063605107712153e-05,7.422217385273561e-06,0
0.6570537216113522,0.34290856527787367,1.1597442681364389e-05,8.467455659788701e-08,1.2130202721497838e-05,1.0069993184596148e-05,3.830797630016867e-06,0
0.27878933240529963,0.7128597974385326,2.382097532835522e-05,2.9957052932056596e-07,0.008294675831413544,1.4510313739849587e-05,1.756346515662747e-05,0
0.4355496670799167,0.5296831790916634,5.242907207763591e-05,3.9050767968725963e-07,0.03462000900671715,8.351087508338808e-05,1.0814366861966998e-05,0
0.5565870395804225,0.39126822389469185,4.5918573968841534e-05,2.8980430863420885e-07,0.052012103962928186,8.198034229747695e-05,4.443841382310298e-06,0
0.04664682029233521,0.9124991747310359,0.007875975818121996,8.955967630471999e-08,0.03037903737781072,0.0025931847893674452,5.7174316525113035e-06,1
0.0551530305553676,0.9391932610212423,0.0005950490000901696,6.767208955451794e-08,0.003637439625812346,0.0013797727843347977,4.137934106325052e-05,1
0.049849249862745144,0.9345072296944452,0.0005857906978667778,8.516632219442871e-08,0.011087490809377275,0.003957297322065426,1.2856447177960302e-05,1
0.02063647866035698,0.9594164611816505,0.0008750207592067283,8.039857222530077e-08,0.01250188667840558,0.006557935599564491,1.2136722243779417e-05,1
0.021925541912696078,0.9505177833081546,0.0013585121904963347,9.327011796722409e-08,0.011176026276467152,0.015009564160363198,1.2478881704595705e-05,1
0.020076397295734665,0.9544537006421624,0.0012434912516586275,1.9623984455047504e-07,0.00960737715823442,0.014601949284707559,1.688812765779748e-05,1
0.018829430685323376,0.9415902526004719,0.002849777433103205,2.090654743830456e-07,0.012091448131850663,0.024632200902510507,6.681181265979496e-06,1
0.012018578215095253,0.9398236084067225,0.010836617329079758,2.0867321851016223e-07,0.01735743081284384,0.01995688791723764,6.6686458026414546e-06,1
0.09528349227127884,0.7202136085760863,0.008041613853357157,3.981306861486554e-07,0.04994358309338012,0.1265102728337444,7.031241467175873e-06,1
0.10609723702712931,0.6211474042363676,0.01448203129131446,4.03383232590895e-07,0.05202550617649665,0.20624091457394403,6.503311515335402e-06,1
0.09176378279164453,0.7376759993281968,0.017145585206669534,4.5365600975174574e-07,0.043077639978003165,0.11032230831161612,1.4230727860108025e-05,1
0.03548365083303197,0.9366315294541505,0.000995459938230474,1.559339561778457e-07,0.0037118130138989406,0.023163853483401005,1.353734333076611e-05,1
0.022166234609751555,0.9560850902596749,0.0009803104076264674,1.5917265848794148e-07,0.005486499249957311,0.015267887790369588,1.3818509961771786e-05,1
0.03210550697558908,0.9516189685189124,0.0009037798894398808,1.308059154009957e-07,0.004481049741585147,0.010877148744254871,1.3415324303337632e-05,1
0.07434152082917665,0.9189561542473148,0.000461467728547962,7.604030903626203e-08,0.004233634172679753,0.0019676145299725805,3.9532451998994684e-05,1
0.10278760380155014,0.8958758145871152,2.4241053730017902e-05,8.231646712353172e-08,0.0012485738241104856,1.8011909167753704e-05,4.5672507859501305e-05,1
0.13009179224880277,0.8693792237334759,2.740458782964299e-05,6.90816816678204e-08,0.00044806506832814207,1.5115966693385424e-05,3.832931318816465e-05,1
0.09661658945612836,0.9022082188695847,2.3682844595072372e-05,8.560419701831632e-08,0.0008645052805576792,1.8731307051339985e-05,0.00026818663788570667,1
0.2118838015775552,0.7880410386384004,3.6296996946085384e-05,2.645823562258629e-07,1.2622174001801862e-05,1.7768447764415708e-05,8.2075829761001e-06,1
0.3584086934013644,0.6415107559386288,4.184034518098557e-05,2.9129629640095986e-07,1.1206018121223666e-05,1.3666754283537617e-05,1.3546246124626077e-05,1
0.45604384862785424,0.5436506000811866,5.1063599743676416e-05,2.523864955365324e-07,2.2613591912975186e-05,1.6018315873737904e-05,0.00021560339693323994,1
0.4514850811508676,0.548383278571712,2.9031325224990744e-05,2.5827964186977904e-07,1.5179037969404762e-05,1.3099432348781037e-05,7.407220223532153e-05,1
0.4338986993810538,0.5658788207201844,3.07337294884005e-05,2.1931316724362128e-07,1.6353950599160745e-05,1.4113375955763163e-05,0.0001610595295514447,1
0.31985039736301596,0.6800133592929176,2.461038973086295e-05,1.727799816022071e-07,1.2884020230794332e-05,1.0517649475726363e-05,8.80585046475809e-05,1
0.49614522047084425,0.503572336031223,3.832235698782354e-05,2.2819783388844263e-07,1.7836007751445858e-05,1.4805870594033821e-05,0.00021125106476553555,0
0.5704085023064657,0.42950378047861854,3.125444573801517e-05,2.0998941043694557e-07,1.1836965537991863e-05,1.4529211053672322e-05,2.9886603175718883e-05,0
0.6227023713970273,0.37669408102310764,4.157408958242799e-05,2.673980876554317e-07,2.03364327620914e-05,2.1333835365984323e-05,0.0005200358240669016,0
0.6229070808415083,0.3765240666649274,4.025650924995293e-05,2.676246390185792e-07,2.0353662677997705e-05,2.1351910325030244e-05,0.00048662278667253216,0
0.7737051232400911,0.22531491614320087,4.54892047678069e-05,2.0404502658919637e-07,1.8538254934587554e-05,1.876150689751771e-05,0.0008969676050814444,0
0.7386440704431029,0.26018872890705497,5.336888348842701e-05,2.393898795553026e-07,1.799430340173129e-05,2.142570434109693e-05,0.001074172368731406,0
0.7351737573233085,0.2638569429437582,6.631844228416862e-05,2.475737017018405e-07,1.9202171183716982e-05,2.10587565237272e-05,0.0008624727892401493,0
0.7839138855908315,0.2140096537504415,4.581536813206419e-05,2.906657426439666e-07,2.4625176670031857e-05,2.5400042597691237e-05,0.0019803294055843104,0
0.7956559536541787,0.20285860330389274,3.1207869798938334e-05,2.4027814050993205e-07,2.0122157379607605e-05,2.0996026149615734e-05,0.0014128767104598387,0
0.7992384304288767,0.1988691526729581,4.10035036511899e-05,2.1230309285295035e-07,2.1074252840705826e-05,1.633323145965945e-05,0.0018137936071208878,0
0.888220363858409,0.10866663208071672,3.060654424167554e-05,2.0417539825244488e-07,1.729772214608426e-05,1.613732661356919e-05,0.003048758292474929,0
0.772493459537659,0.22422854016952504,4.2313686016367295e-05,2.9414417170298234e-07,2.1702725554131983e-05,1.83240224488495e-05,0.0031953657146249047,0
0.6452465547594188,0.3542402510674322,2.5316217614233873e-05,1.9491665827508168e-07,1.4890282637035185e-05,1.2667682103957333e-05,0.00046012507413557504,0
0.5959286191458392,0.4034757748772215,2.5453633644773223e-05,1.959746628267212e-07,1.5096240716830523e-05,1.254822775143159e-05,0.000542311900163368,0
0.593371609543124,0.4059997741184422,2.3243131037310415e-05,1.9406311294499103e-07,1.4347425324839074e-05,1.2425831504242327e-05,0.00057840588745461,0
0.6244265899479257,0.3754676947848523,2.363295793680234e-05,1.9731788191323637e-07,1.599203454311227e-05,1.4028676151862814e-05,5.186428070846821e-05,0
0.5907630075232033,0.4091392279943342,2.6111687646504487e-05,1.9349280631886146e-07,1.0907062767974367e-05,1.2694063827327473e-05,4.785817541419351e-05,0
0.5855412195435569,0.4143733307578867,2.9960839172836588e-05,1.9586824550837682e-07,1.6646380895982706e-05,1.2257841639975559e-05,2.6388768602107512e-05,0
0.601727706233645,0.3981709557337365,3.0327860971108616e-05,2.168626602567205e-07,9.788165456608823e-06,1.3942708137798455e-05,4.706243539278027e-05,1
0.23629565143085546,0.00943953910452456,1.3620180524600692e-05,9.599896362177796e-08,8.0830448437333e-06,6.65651340039022e-06,0.7542363537268876,6
0.21769996451193294,0.010293122781857194,1.2559226117153777e-05,9.533973408423639e-08,7.428546554425658e-06,6.6258733514382734e-06,0.7719802037204528,6
0.2253021263637213,0.016730972872513523,1.2848940707688844e-05,9.932025683660365e-08,7.474252989230608e-06,6.704203522093035e-06,0.7579397740462894,6
0.930339963340661,0.06040989111894731,2.131397387718375e-05,1.6357899544467215e-07,1.034181974652373e-05,1.0758115779633105e-05,0.009207568051992722,0
0.8941190799117198,0.1021992495405261,2.1174425871671018e-05,1.4874747029219867e-07,1.2238454617550155e-05,1.1590037428373786e-05,0.0036365188823661693,0
0.7963628442827103,0.2035807175956488,2.32914746504724e-05,1.663635473880674e-07,1.4155495270676998e-05,1.3166832862537336e-05,5.65795530973729e-06,0
0.7954379607391024,0.20450763065755542,2.2551005374957855e-05,1.6147020724801052e-07,1.398614811986671e-05,1.234352222474657e-05,5.3664574154459844e-06,0
0.7671587901376167,0.23278871350935013,2.220007298198886e-05,1.8657433899607252e-07,1.2118135357977258e-05,1.2729198726712449e-05,5.262371627477223e-06,0
0.7692204673924328,0.23073800140888157,1.5317233917834815e-05,1.961576799158714e-07,1.1908286385270587e-05,8.482237842413475e-06,5.627282860306076e-06,0
0.7829436158844525,0.21701811353508113,1.3166285460607267e-05,1.6935215302721844e-07,1.1259772940921705e-05,8.354343284699064e-06,5.320826627058573e-06,0
0.5002183477227785,0.49970612610502013,3.606944529436163e-05,2.4418525184863717e-07,1.4245482595618237e-05,1.744130882671676e-05,7.52575023283783e-06,0
0.4825475312973253,0.5173699418490437,4.275361618565591e-05,2.154608362139878e-07,1.583455237388611e-05,1.6047810082857986e-05,7.675414152517326e-06,1
0.42384206317957973,0.5760842110708716,3.539194298591807e-05,1.887516464363433e-07,1.3939686487837455e-05,1.3740507081238069e-05,1.0464861347303802e-05,1
0.4819451197376753,0.5179996562205778,2.6003616121985836e-05,1.658533091175106e-07,9.04515390966556e-06,1.0814097906074256e-05,9.195320500113412e-06,1
0.4281130305494269,0.5718092173165445,3.62120795113217e-05,2.0853219357466722e-07,9.935635562340194e-06,1.3911523417094658e-05,1.748436334420124e-05,1
0.11350979412334353,0.8864253328066503,2.1191473682321975e-05,2.3561792062529673e-07,1.1666005549557328e-05,1.4618558339790277e-05,1.7161414513779648e-05,1
0.1847161448564028,0.8152002599747814,3.769998153718271e-05,2.546140201979877e-07,1.298954475617362e-05,1.474314209977807e-05,1.7907886402416202e-05,1
0.3951578610601703,0.6041940161260652,3.2954124174768256e-05,2.7547441109304374e-07,0.0005643517456112528,1.6081590375192076e-05,3.445987919219699e-05,1
0.26729947078153105,0.730191025904356,2.3029282763439764e-05,1.8308191903956972e-07,0.002454722752582575,1.0601573825719965e-05,2.0966623022215346e-05,1
0.3015196443276821,0.6967997371016076,1.7236917495219965e-05,1.534117831340179e-07,0.0016429253284736187,8.901958683050701e-06,1.1400954275281378e-05,1
0.290521928274845,0.7071883698844836,1.6088748725152264e-05,1.4319286676432915e-07,0.0022580674221517457,8.235543215211353e-06,7.16693371251423e-06,1
0.17376777930408896,0.7940093217962041,0.00036613374321919575,1.6965060293139695e-07,0.031536691660351855,0.0003128960510588239,7.00779447426656e-06,1
0.2455098638564968,0.7007602482088432,0.0010307778878402795,2.2724577470058396e-07,0.05223591032475748,0.00045701549084769735,5.956985439748312e-06,1
0.19553938880665084,0.387802034231599,0.0012384690629669206,1.9110744737657814e-07,0.41500734740966105,0.00040678537912858503,5.784002546094116e-06,1
0.07971822968577841,0.237946599804046,0.0015350839344529781,1.1265067666217199e-07,0.6787491048527827,0.0020484342758699094,2.434796393243177e-06,4
0.11283943081544749,0.18911116764877034,0.001268168160042273,8.953059643445764e-08,0.694976081849815,0.0018031269090979104,1.9350862306602403e-06,4
0.07470293056532624,0.25918582837676557,0.0014820985045880812,8.573742002078685e-08,0.6634267046664081,0.001200551081359254,1.8010681327878677e-06,4
0.34719347997184447,0.603814479653408,0.003921023675957265,2.3006275370302058e-07,0.041118960197560755,0.0039473276259509756,4.498812524966448e-06,0
0.31605440796498063,0.6453429586963252,0.004655868418261438,2.5875789266225e-07,0.02607080075289334,0.007870840357419312,4.865052227186934e-06,0
0.16851808911097438,0.778203748663684,0.00810102615726963,2.483561452049514e-07,0.025989875394714666,0.01918014382104416,6.868496167991022e-06,0
0.13710470285702356,0.7724556728603386,0.006956507072031108,2.465217028094783e-07,0.07266601367792333,0.010812476420487943,4.380590492729991e-06,0
0.11937379799669852,0.5644091057028704,0.003841045294139163,1.4876066173176614e-07,0.3103795469440429,0.0019936633892157483,2.6919123714829105e-06,0
0.06825758743559422,0.8968290133813109,0.00696418842633108,2.181693141089254e-07,0.025288778391742095,0.002656289037751017,3.925157956549945e-06,0
0.06572941703996217,0.8944869781395266,0.00734568743343241,2.301206531045565e-07,0.02978440423788468,0.0026491428500003905,4.140178540639538e-06,0
0.012451740219316347,0.1073466848317602,0.002507594083818476,3.393666272764311e-08,0.8733374586156616,0.004355549766091166,9.385466895005317e-07,4
0.010198251087062304,0.09935597566085788,0.0018360186439133127,3.082553626981911e-08,0.886764613987247,0.0018442466511658583,8.631442172469598e-07,4
0.10514620664700038,0.8672390780112754,0.004549220982255728,2.0404263280911868e-07,0.018498473269108813,0.004561786074340746,5.030973386084303e-06,1
0.09816653350937525,0.8744122160454609,0.013147373561592781,2.552123912863942e-07,0.005010275589835117,0.009248385706335885,1.4960375008859272e-05,1
0.030037352805493644,0.9196523379888334,0.013846509958568006,2.6726062244718957e-07,0.010894640115504839,0.02554856884688843,2.0323024089511366e-05,1
0.03937536664751199,0.9126569420132609,0.014999742847020889,2.693068156413249e-07,0.00976375184561436,0.023183448719126507,2.0478620649885404e-05,1
0.028772301177449337,0.9253408437487068,0.01822039880256686,2.7304958143757827e-07,0.009305200068714579,0.01834021992504852,2.0763227932253337e-05,1
0.09867976744394365,0.5590044966426734,0.29323508623536004,0.0,0.041136269957477614,0.007854263328615371,9.01163919299524e-05,1
0.028423449908285697,0.7350477391717681,0.2022562470514738,4.629770589495348e-07,0.02500861378412271,0.009073493928896188,0.00018999317839449558,1
0.022902335759762697,0.688489606767831,0.2588008218266893,4.334247493965419e-07,0.021396394731069288,0.008232448533342778,0.00017795895655537682,1
0.023027465597375667,0.5427447186083038,0.41168309285476573,3.120881794408302e-07,0.015873926515113275,0.006542344706848071,0.00012813962941406632,1
0.02212349578043412,0.42756502003249713,0.5261662588075798,2.882348779481888e-07,0.017281023724475944,0.006802434728463677,6.147869167129857e-05,1
0.01449126089780923,0.6075265643203763,0.36429240473508395,2.4537341146131867e-07,0.010261151998440963,0.003327678108190691,0.00010069456668719723,1
0.010830060046492332,0.6390747983270635,0.33152565769990766,2.6803245250444354e-07,0.013858595033254466,0.004657642117351693,5.297874347793063e-05,1
0.009690829980582,0.5718495732134156,0.3975565914596928,2.398377216145033e-07,0.015339520551058,0.005525052830049483,3.819212748061516e-05,1
0.00819911853618074,0.6561352996606412,0.30115760190119845,1.5422241649811794e-07,0.032044729741672204,0.0024391518192586913,2.3944118632322207e-05,2
0.004274798554083498,0.25787477757557614,0.7202553769021055,9.425340883740854e-08,0.013674544322999617,0.003908014863030434,1.2393528795984261e-05,2
0.0016812970658645612,0.08602665048705929,0.9068111693318421,3.7070280089500734e-08,0.0031105751564821068,0.002364364665527743,5.906222943781117e-06,2
0.0018043124785257086,0.09559472474059709,0.8957466591040926,3.9884446124912126e-08,0.004044737046719939,0.002804282277140646,5.244468477672645e-06,2
0.0012501339774990562,0.06317399594312426,0.9297465677768028,4.4836964326164616e-08,0.0016397297850609118,0.004183280356509665,6.247324039225293e-06,2
0.0010712493825045671,0.024206095063528377,0.9672446696466358,2.3363133877526482e-08,0.0009288887025761194,0.006543558813171271,5.51502844986295e-06,2
0.016208653520734858,0.09557979497589032,0.8512556014561792,2.143411592325925e-07,0.01673795762221936,0.02021289727406618,4.880809750881091e-06,2
0.001687842437426754,0.07633637889696523,0.9164724734890387,6.285307565761227e-08,0.002805311958508292,0.00269384322203507,4.087142950043038e-06,2
0.0003749142084667078,0.05788984100032284,0.9300230776264237,4.821564282422081e-08,0.0030083142635016044,0.008702042770308923,1.7619153333621204e-06,2
0.0003703824150224343,0.06546155304543158,0.9049458993258085,4.9309034017852754e-08,0.0037536586229538708,0.025467444797727144,1.0124840226491566e-06,2
0.0004743160166172515,0.07376771108917657,0.9074784712915254,5.598407978383956e-08,0.005553701185080054,0.012724594887855727,1.1495456650667817e-06,2
0.0004941007091507459,0.07445997353399565,0.9040067116018732,5.831929041660131e-08,0.005803112575272776,0.015234845764848076,1.1974955692230033e-06,2
0.0010544906879084734,0.18591634032911936,0.26238232193647576,1.2607088246991396e-07,0.0042950656465008145,0.54634903435669,2.6209724232125676e-06,2
0.0011437858121965874,0.20482427791702323,0.2943734004520581,2.459875097300608e-07,0.004459125603605172,0.4951962766988238,2.8875287835087744e-06,2
0.0062818418201403695,0.2845560337879812,0.04450054695026026,8.046456064393e-311,0.003223857441598346,0.6614356172379541,2.1027620657942e-06,5
0.017743763567579708,0.4504520480645283,0.10613606942733507,0.0,0.0038782186917551086,0.4217868610465689,3.039202233000557e-06,5
0.0018123710239173214,0.3964116072722131,0.37300930097664264,6.021054817430013e-07,0.0007620000715913514,0.2280012667814167,2.8517687371345723e-06,2
0.0022425799261073394,0.436909165309408,0.2935649765643467,8.228328700514088e-07,0.0009211478274368485,0.2663577788366906,3.5287031404725315e-06,2
0.9795457193725386,0.013517023952027623,9.511977877569829e-06,2.0096411166773164e-07,1.2804692057984599e-05,6.092037252006865e-06,0.006908647004134202,0
0.9852296200436709,0.0061853431304664105,9.617962719993871e-06,2.0320330418711475e-07,1.1209088413157084e-05,6.159916258508539e-06,0.008557846655166968,0
0.9858454095279945,0.005786589853165113,9.579635681137024e-06,2.0239355048332583e-07,1.1164420828173851e-05,6.260574824994724e-06,0.008340793593955806,0
0.8837925137522351,0.0027891253058609095,2.421984609823138e-05,7.018371894689319e-08,2.1689019861216508e-05,1.188117289525022e-05,0.11336050071933033,0
0.9043891987538546,0.005833991041895653,1.8805628050943487e-05,6.624346419781747e-08,1.9675260040024684e-05,1.1214140018857306e-05,0.08972704893267569,0
0.9343563762811247,0.021410057053431117,1.5159552430617515e-05,1.8806055564977028e-07,1.6218997873681078e-05,1.1352212690310308e-05,0.044190647841894,0
0.8802947759568103,0.013585701900855096,1.5854565589819778e-05,2.0047223481857568e-07,1.7562726479490957e-05,1.0839731722929812e-05,0.10607506464630788,0
0.9200265849777838,0.03252345931613065,1.8035440964042796e-05,3.030955008673604e-07,1.707777078220188e-05,1.3076131662630151e-05,0.04740146326717578,0
0.7635327521704988,0.23106977734133363,1.2952839964440032e-05,2.038760217102691e-07,1.0906460335945895e-05,8.987945707538095e-06,0.005364419366138084,0
0.7207547210074379,0.2778428483516202,1.467686105566478e-05,2.204689991815335e-07,1.1877439141001935e-05,1.0708066768522416e-05,0.001364947804977448,0
0.7289474406490692,0.27100547909285266,1.5103883216250711e-05,1.0493346579273259e-07,1.2532622104496387e-05,1.1574116324690345e-05,7.764702966884873e-06,0
0.632898701909017,0.3670586475599551,1.2414217831876331e-05,9.063794659772746e-08,1.2984498657748689e-05,1.0779194378771406e-05,6.381982212826798e-06,0
0.04496547779170772,0.9331023247264176,0.00530737547921577,9.15660652891481e-08,0.015209707415461151,0.0014091775029083974,5.845518224059282e-06,1
0.0664554970836835,0.9243314486011169,0.0005694994510112448,7.116248296647216e-08,0.006830295570924555,0.0017945702741359027,1.861785664490148e-05,1
0.02371654499332949,0.9462757108628564,0.001242680427178315,1.295270819526787e-07,0.011978180835822435,0.016767665030792352,1.9088322938886913e-05,1
0.00872702311598547,0.9424709337859387,0.010810599370393801,2.092610159461739e-07,0.01290192758309584,0.025082536001640832,6.7708819289757035e-06,1
0.05281596393607028,0.8845404511752433,0.00556923601647763,3.2379377771517565e-07,0.01645145962560445,0.04061164712471789,1.0918328108755492e-05,1
0.10173888356911176,0.7835759972747296,0.006163711998458167,3.4196979251655237e-07,0.0227755929806768,0.08573943280291152,6.039404319530705e-06,1
0.020428404253189036,0.9668200046608876,0.0008213441012202838,1.2642375799095183e-07,0.004567218855453202,0.007349935810884514,1.2965894607258575e-05,1
0.15346763331004024,0.8461074982632311,2.781778365531753e-05,7.012326867044794e-08,0.00033868816020096146,1.293027974098796e-05,4.5362079862897346e-05,1
0.0945611411725996,0.9053110998821975,2.430493029401322e-05,7.928779185007618e-08,1.5005642483422334e-13,1.827450243447395e-05,8.510022453258261e-05,1
0.31316667094290995,0.686745640142652,4.6264634462847856e-05,2.9485156786386846e-07,1.5174213110102823e-05,1.9801224679444834e-05,6.1539906176049425e-06,1
0.40015846461893945,0.5997773384852816,3.195715832473971e-05,2.7595734821542155e-07,1.077118900363659e-05,1.2947096538452134e-05,8.2454945637486e-06,1
0.46020400334901873,0.5397304245369723,3.086098538215987e-05,2.5358442652482954e-07,1.174913017478562e-05,1.251824481967334e-05,1.0190169205909262e-05,1
0.38138525501530807,0.6185293637318343,3.115012619965612e-05,3.021860709898792e-07,1.232783428080849e-05,1.3800425696259391e-05,2.7800680609970094e-05,1
0.40031341116600694,0.5994679636109266,3.2696107448452425e-05,2.8181954634188194e-07,1.638304405788257e-05,1.4137608687302264e-05,0.00015512664332656523,1
0.5193428179123414,0.4805459370786881,3.767277035531515e-05,3.1662453720421406e-07,1.5509854868135238e-05,1.3751917375333175e-05,4.399384183460008e-05,0
0.3890912589873584,0.6107105279753288,3.061828495026674e-05,2.72746819860132e-07,1.6029270850463285e-05,1.3833178988626358e-05,0.00013745955570356486,1
0.45168601601694136,0.5480582660759561,3.250221974222843e-05,2.3974224490552993e-07,1.7015547550612096e-05,1.468433075047184e-05,0.0001912760668143118,1
0.458213368931309,0.5395406632476336,4.6779973182824624e-05,2.489003801113444e-07,2.0462203080097557e-05,1.6612857378526678e-05,0.0021618638870356944,0
0.6736554960641238,0.3262156827886009,2.0358999433580695e-05,2.460974471211372e-07,2.7783337792755754e-05,1.281864935821096e-05,6.76140632435129e-05,0
0.6766198665515083,0.32325482749139806,2.430317234992861e-05,2.1630277032130854e-07,1.0667930243204755e-05,1.4438519536769628e-05,7.568003219352574e-05,0
0.6723208408365549,0.3275635168210412,2.414875778415509e-05,1.9981030067933087e-07,1.0478202073368396e-05,1.3718241497379558e-05,6.709733074813085e-05,0
0.5564017256432767,0.4435105744426216,2.9353089355558592e-05,2.502322679801964e-07,1.0402675928436625e-05,1.364533013636149e-05,3.404858641338346e-05,0
0.7430016638401802,0.25606343288570244,5.948287308023686e-05,2.4080214806217835e-07,1.8676959776872523e-05,2.1042675214350177e-05,0.0008354599638978905,0
0.8069950301890048,0.19106207074870885,4.269899790084752e-05,2.719938659129734e-07,2.3043296882344022e-05,2.3768386730604792e-05,0.0018531163869069636,0
0.7730631018384742,0.225090785312816,4.078059767767656e-05,2.587237250888946e-07,2.1919051695220575e-05,2.0448640189630598e-05,0.0017627058354222045,0
0.8506187196228787,0.1461042775781553,4.553426702542876e-05,2.3576194372380429e-07,2.340289416175909e-05,1.619999239565089e-05,0.003191629883439531,0
0.6202548548978272,0.3796446933796641,2.30603528179735e-05,1.9253704874279185e-07,1.5786171299506224e-05,1.3894095763163859e-05,4.75185655793227e-05,0
0.620048272860724,0.3798403421954584,2.5041813915154847e-05,1.9757104228046037e-07,2.4422976814982224e-05,1.2961615828791172e-05,4.876096621653796e-05,0
0.5846904274540577,0.41509820407588016,2.361382092836778e-05,2.153410763483171e-07,0.00012775204463209155,1.2222488201549256e-05,4.756477522380731e-05,0
0.6522467257215442,0.3476728670404822,2.146826794124482e-05,1.6177198068672085e-07,1.2093648291646747e-05,1.0330629231871985e-05,3.6352920528062244e-05,0
0.5280870988091793,0.47182533040663266,3.070694029430565e-05,2.1584449193986762e-07,1.4780943599976219e-05,1.3783656530055633e-05,2.8083399271600484e-05,0
0.6260594293101673,0.37385142699692936,2.5270289159611268e-05,1.9428871594807244e-07,8.769283268039557e-06,1.2746279348029258e-05,4.216355241159611e-05,1
0.36303670229675694,0.003852195314366819,2.571967703845603e-05,1.2834418970394396e-07,1.0000141046789683e-05,8.899312934173368e-06,0.6330663549136673,6
0.2109559336550755,0.011440490263278178,1.2211907605961783e-05,8.917131470034353e-08,7.707066938428178e-06,6.553095495150963e-06,0.7775770148402921,6
0.1885037650218934,0.007707674410466141,1.1262020431370415e-05,6.852299319397353e-08,5.9224347778443035e-06,5.035674527426913e-06,0.8037662719149108,6
0.1961285285244272,0.0080056669129617,9.96805428146514e-06,7.295039686479161e-08,6.305094790978607e-06,5.361039238578134e-06,0.7958440974239032,6
0.20161787883037566,0.0077835603940272806,1.0026569319549658e-05,7.471091556945213e-08,6.5733513135775235e-06,5.446061473984446e-06,0.7905764400825743,6
0.9309430428587446,0.06178987934245268,2.0832399964178818e-05,1.5988304567126856e-07,1.0877478722510763e-05,1.1636551847461094e-05,0.007223571485222874,0
0.8920133464310444,0.10171340874728795,1.9566138375603082e-05,1.5771820435214173e-07,1.3648958494034703e-05,1.2289014986180229e-05,0.006227582991607444,0
0.8520547305926255,0.14697895641071726,2.044606494176035e-05,1.6719915414508882e-07,1.4024462960323814e-05,1.2281658852513133e-05,0.000919393610748661,0
0.8230864254811411,0.17590717329863448,2.143556333659498e-05,1.3454352186623346e-07,1.420075556592003e-05,1.2876036389466312e-05,0.0009577543214105227,0
0.8265828852235159,0.1724453456069312,2.1977444818967182e-05,1.302443053146197e-07,1.4193775804716436e-05,1.3201536847571407e-05,0.0009222661677765301,0
0.68094028686432,0.3190089356478795,1.7333862879202286e-05,1.7458124572473305e-07,1.2181711359659528e-05,1.4588329255061712e-05,6.499003060701869e-06,0
0.521412438925562,0.4784909466330367,3.523302551205354e-05,2.2021053567903052e-07,1.6183615183912255e-05,1.640157402578614e-05,2.857601614381385e-05,0
0.3656269727060887,0.6343103042515982,3.2375412561457274e-05,1.7266394296188746e-07,9.767174880376901e-06,1.0834871926755596e-05,9.572919001712151e-06,1
0.4154527569962898,0.5844906958090457,2.7165230896403432e-05,1.7326218845772123e-07,8.135987390762834e-06,1.1466626967193052e-05,9.606087221877379e-06,1
0.4649861859882343,0.5349596257868153,2.540077253885356e-05,1.620083206869127e-07,8.835459497653556e-06,1.0807839827346253e-05,8.982144765925767e-06,1
0.43668928996298756,0.5632332010396323,3.4338371606982276e-05,1.9774219132450838e-07,1.0784280183987435e-05,1.3191704733943263e-05,1.8996898663864504e-05,1
0.19758308199187574,0.8023415969271884,2.8530344097655476e-05,2.4851621628455806e-07,1.223561914577509e-05,1.682759475480395e-05,1.7479006721316964e-05,1
0.2303730007603777,0.7695549674013508,2.73908151065075e-05,2.1786909206583237e-07,1.3424179438419703e-05,1.5675486366669762e-05,1.532348826776554e-05,1
0.35013314220987035,0.6493414662632021,3.280442796601742e-05,2.434334385723303e-07,0.00046387781553156645,1.592302260656976e-05,1.2542827384954223e-05,1
0.39904333908806877,0.600496623461735,2.9760034723548445e-05,2.64869864019245e-07,0.0003963995191142316,1.5462520235506135e-05,1.8150506258966617e-05,1
0.25473873897935895,0.742838906886238,1.7311265687521948e-05,1.5407349592326816e-07,0.0023723205759839465,8.921806971360499e-06,2.364641226420185e-05,1
0.401255392328735,0.5980405438576873,2.7543008276142447e-05,2.1873063090330443e-07,0.0006550129773752552,1.1459608053384378e-05,9.829489241878537e-06,1
0.2759396792836287,0.7202896479127706,2.165113876512732e-05,1.926991763905205e-07,0.0037290106308875037,1.0173565064543639e-05,9.644769707138686e-06,1
0.2576400349801963,0.686160569929274,0.0010920837679546838,2.225113234963381e-07,0.05457822937626456,0.0005230265577156884,5.832877271285988e-06,1
0.13244104186191308,0.36462527277275375,0.0014472081503184577,1.8567935640167927e-07,0.501010316493106,0.00047222749368666786,3.747548865671925e-06,4
0.08887714682489252,0.2257606193940565,0.0019371807914999278,1.1210802372392439e-07,0.6827229345304134,0.0006996290894197071,2.377261694239698e-06,4
0.0821539011074289,0.27575373096859024,0.0016743146523810156,1.6167815127017274e-07,0.639527538781524,0.0008875780845206359,2.7747274040767363e-06,4
0.08982729534384806,0.18130047984854678,0.0012963799207350883,7.962091358940127e-08,0.7266582094505334,0.0009158349139691083,1.7209014537530883e-06,4
0.10919631546459316,0.33369848779988426,0.001292460579315718,1.0509994587016043e-07,0.554568189357103,0.0012422063354361906,2.2353637218556263e-06,4
0.311403279612407,0.6477354364364252,0.003826454771439647,2.510146797132182e-07,0.03412964061455978,0.002900029028935965,4.9085215527846675e-06,4
0.33969821992630755,0.6254258427269392,0.0044295932404238665,2.5027586341147443e-07,0.024954692315825918,0.005486695937800608,4.705576839313787e-06,0
0.16414544576026063,0.781344043286698,0.005760590676888856,2.4935833964145833e-07,0.02394370892525265,0.024799065779869997,6.896212690330541e-06,0
0.06731777880366022,0.8995863444966112,0.007963396401794876,2.1189520715608463e-07,0.02204520490761367,0.0030832512167374136,3.8122783752634e-06,0
0.06072139183506001,0.49630862356737293,0.005125380121526389,1.5750349306456034e-07,0.4329864913145554,0.004855156884916935,2.7987730752598448e-06,0
0.014970388897852982,0.4114059400585941,0.007680868312560629,9.267194732551425e-08,0.5650810042976488,0.0008599989442749712,1.7068171210888814e-06,4
0.028622070066270003,0.7192989657883953,0.004167571946009729,1.6188910915609848e-07,0.2468772924886496,0.0010309741937076927,2.9636278587637285e-06,4
0.09195822276798606,0.8728842787979846,0.0075134465391787555,2.0975558742445136e-07,0.021875178999689257,0.005761858731140215,6.804408433707591e-06,1
0.07637272444527303,0.8966362486584546,0.008332521013952815,2.521341184840417e-07,0.004892673720609307,0.013750800098819457,1.4779928772410331e-05,1
0.07986310428863333,0.8881351391659583,0.008987885946934998,2.7196483470859385e-07,0.004725899602363625,0.018271756639544248,1.5942391730882623e-05,1
0.025100060355169738,0.9042022604455743,0.015176811233445614,2.6957719678641017e-07,0.015928320687047186,0.03957177852060171,2.0499180964662053e-05,1
0.016956602317633438,0.938728026658628,0.017026078888486985,2.551515894026219e-07,0.006502641278036188,0.02076699347625756,1.9402229368567903e-05,1
0.3925682646519306,0.456433847863028,0.05131498395760764,2.646083707948193e-07,0.05880274482865386,0.0408733732393601,6.520851049117526e-06,0
0.28631381490255736,0.5113193483630349,0.1134518541599053,2.7534794895107126e-07,0.045561823543212844,0.043346098172525674,6.785510815083806e-06,0
0.09459604468447809,0.45605004294355617,0.3960001861159929,3.8708970121537e-07,0.043747600538760444,0.009536410147283882,6.93284802272047e-05,0
0.025697401215240195,0.5732321530713295,0.3678188604666102,4.059788098509106e-07,0.022861661389925143,0.010222827892141132,0.00016668998594393224,1
0.03712624299643068,0.5501324852879206,0.3778080276019478,4.170043189285623e-07,0.023482534817475195,0.01127907536537236,0.0001712169265343866,1
0.03694177419142876,0.5870210686277602,0.33870121235291945,3.994621904459166e-07,0.026175157986707293,0.0110666251660826,9.37622129112702e-05,1
0.029207378223517336,0.5629779864640763,0.374735440404224,3.783295579619139e-07,0.02479042119015011,0.008199593450737196,8.880193773696945e-05,1
0.028672198026289467,0.6678409834973368,0.2752313650640115,3.6748644378031516e-07,0.02238322348658238,0.0057856056095087925,8.625682982730378e-05,1
0.019341711218473015,0.6966219188397478,0.2687445706226027,0.0,0.011687161187602005,0.0035288329276585047,7.580520391587557e-05,1
0.013459553862452333,0.5662740136692722,0.39480716514877706,2.2662038384331615e-07,0.015115100244794288,0.010274472678993578,6.946777532662664e-05,1
0.011022657353590981,0.5470256344994063,0.42191450467737607,1.9903694641144477e-07,0.013711367666264724,0.006264624364792401,6.1012401623005494e-05,2
0.008138377558490341,0.45610009985640126,0.5196785774794775,1.6595341316398872e-07,0.011432290860508036,0.004599617252552406,5.087103915741967e-05,2
0.006559204788603842,0.4181447737488755,0.5628287059661774,1.403577755034875e-07,0.00921376158555271,0.003210411094134198,4.300245888089517e-05,2
0.004795155847684193,0.27345955195520183,0.71025366982805,9.949909246577407e-08,0.009352282796254238,0.002123387379284093,1.5852694433058668e-05,2
0.0015262670861457557,0.07538359231004034,0.9156115194387489,4.3026187335610085e-08,0.0036330273896178927,0.0038406030346569515,4.947714602975623e-06,2
0.011488482381265586,0.04782569154408595,0.928549159630967,9.136068254248893e-08,0.007829553391027673,0.004303600657845076,3.4210341262767924e-06,2
0.006287894070193621,0.0396268424739798,0.9462902622968649,7.516802471719995e-08,0.0041669311992238575,0.003625917834374877,2.0769573382262093e-06,2
0.007921963127540605,0.0467504817619226,0.9366711066164786,8.595742090300525e-08,0.005000282656758095,0.003653514040339437,2.5658395396967435e-06,2
0.0018476571512650094,0.0386273399815406,0.9539420401088814,6.30039536600552e-08,0.004124302922117462,0.001456290786980343,2.306045261360184e-06,2
0.0010908436105709443,0.04846604703513663,0.9464919272166046,4.0621609260143984e-08,0.0020955873421095116,0.0018525543757634871,2.999798205611405e-06,2
0.0008275399712130752,0.03139111121592506,0.9641806492621109,3.13520469829159e-08,0.0016972402181966299,0.0019011115011980998,2.3164793093297105e-06,2
0.0008854022114973425,0.033488428508742375,0.9623486638699628,3.1107734539600107e-08,0.0018276343115668644,0.0014457517287736516,4.088261722432518e-06,2
0.0006235855707726655,0.1161091091062794,0.8730200163478404,7.668991730355123e-08,0.005380977844033386,0.004864660558513796,1.573882642959707e-06,2
0.00035474701736231356,0.05459663602233031,0.9367173619589882,4.3177202252917654e-08,0.0033182593737047924,0.005012065873980697,8.86576431571188e-07,2
0.000701223952382891,0.1479654160147556,0.8382747958726908,8.988253476285934e-08,0.004010874774367629,0.009045754872756905,1.844630511316728e-06,2
0.0006166532897658018,0.10231062042770936,0.883856913151407,7.181291664514369e-08,0.004912559711679881,0.008301707040406349,1.4745661149378551e-06,2
0.00043999525640527645,0.06623506715248136,0.8969884728483811,5.193315991051859e-08,0.004797463191473047,0.031537883251748486,1.0663663505564945e-06,2
0.00490256934304729,0.2597842561297951,0.04237803144118235,7.515438306352e-311,0.002662149810995313,0.6902710292825773,1.9639924026114213e-06,5
0.003348379539292776,0.4803504982754573,0.1520990307731544,1.044594087836848e-06,0.0012857416931042504,0.3629109986192176,4.3065056859785276e-06,2
0.9832151104330392,0.009768189457310282,9.620647453716899e-06,3.9201637825078054e-07,1.2950979242053454e-05,6.161635721911725e-06,0.006987574830854588,0
0.9811040103771724,0.005979968319342874,1.4351289664574316e-05,2.091572153273667e-07,1.5320535856000152e-05,6.469793101694666e-06,0.012879670527647142,0
0.9946049399329455,0.001644834207382697,1.0153205777091692e-05,1.0494245195811451e-07,1.3205391684762252e-05,6.217081995782302e-06,0.0037205452377619672,0
0.9953006658267246,0.0013116884441786048,9.36060124096339e-06,9.47910796229141e-08,1.192799778626936e-05,5.615686535698658e-06,0.0033606466524539703,0
0.9892087264357375,0.0023117841575294265,1.1402056933276541e-05,1.154640881290208e-07,1.779769904330863e-05,4.877458589836377e-06,0.008445296728078346,0
0.9894771130222954,0.002563248191989064,1.473188373813638e-05,1.517840595243163e-07,3.5320245252498798e-28,6.416944089692558e-06,0.007938338173828103,0
0.9847897075012164,0.002506854678189402,1.6980129716956598e-05,1.783220899699697e-07,2.0710321306373994e-05,7.396239677575775e-06,0.012658172807803174,0
0.9846787757833935,0.0026192173758134434,1.697821698884418e-05,1.7830200286343774e-07,2.0707988390522334e-05,7.395406527547283e-06,0.012656746926883244,0
0.9633449173867201,0.005386958109124664,2.25842249305465e-05,2.411966966805249e-07,2.4822783724505057e-05,1.0664139255073796e-05,0.03120981215954856,0
0.9458271272224918,0.011616831927821687,1.2172842180283963e-05,1.5100917225218586e-07,1.2332108209023164e-05,9.115618294710773e-06,0.04252226927182987,0
0.8378831719655494,0.014731196947884627,1.4691389949091735e-05,1.8950485612591625e-07,1.66019097741228e-05,1.0177368321343962e-05,0.14734397091366533,0
0.8520842613523109,0.016104859922748134,1.3087188730429326e-05,1.867882806621895e-07,1.6088894396500783e-05,1.0031474492382122e-05,0.13177148437904096,0
0.9045233059062199,0.022478551114360028,1.4668466127792373e-05,2.287247302995145e-07,1.8315284265288805e-05,1.1419635333546107e-05,0.07295351086896304,0
0.9413432642456092,0.03109267742153205,1.8015685701704347e-05,3.351263869529189e-07,2.221563550879885e-05,1.4240770332769232e-05,0.02750925111492841,0
0.776071210802818,0.2134377553133958,1.8056527698942914e-05,2.762320783325874e-07,1.5838761357948187e-05,1.2269226287155388e-05,0.01044459313636372,0
0.5213389674419467,0.47861491143857277,1.4986835867422246e-05,1.0942099191560698e-07,1.3300742190265522e-05,1.4016056619959664e-05,3.708063811027512e-06,0
0.47370487038584475,0.5243924418856906,1.437588444543617e-05,1.8348779720698175e-07,0.0018722622882945718,8.73010200642239e-06,7.1359659210487945e-06,0
0.32750250330765424,0.6690574668477584,1.7691624022076027e-05,2.1463676333815065e-07,0.0034049646818808035,1.1729647376961577e-05,5.429254544352761e-06,0
0.5984155057536026,0.3829347198294907,4.1147021572257236e-05,2.997136355276314e-07,0.018531899224066135,5.990414422472039e-05,1.6524313407891778e-05,0
0.07188091066200095,0.9183809945431526,0.0016165294119104257,5.959377319012796e-08,0.005592247583843233,0.0025129173141824053,1.6340891137364516e-05,1
0.05481789235091168,0.934470122666467,0.0006032996366153788,8.285016558980633e-08,0.008219511757080664,0.0018752308894218826,1.3859849338040414e-05,1
0.014010609415640113,0.960193311917198,0.0009039873176160437,9.326144519132663e-08,0.02294206949351356,0.0019370408708015482,1.2887723785307986e-05,1
0.012863303904427975,0.9393523102424385,0.001638999715549826,1.02034399185746e-07,0.03896746694414044,0.007163717107832119,1.4100051212031224e-05,1
0.020064328254232957,0.932289502006518,0.0019699295160998547,1.9948478913314632e-07,0.03167725023272715,0.013991903806200632,6.886699432572182e-06,1
0.0077251154797072005,0.9489585315719548,0.0022094573918852224,1.9921129328255738e-07,0.023643271154823505,0.017451724643298257,1.1700547037653582e-05,1
0.018594645431476417,0.940831646965233,0.0036042286822046215,2.1417516959152273e-07,0.014585356114173182,0.02237614020992943,7.768421813527676e-06,1
0.013764902726166565,0.9356905728397931,0.0023107551322156254,1.9399727221446702e-07,0.015096854781808328,0.03312019408684727,1.6526435897095455e-05,1
0.030142965750026722,0.9483005382439079,0.001181130220432076,1.522075452125669e-07,0.004942878090853918,0.015417225814246432,1.5109672987841523e-05,1
0.13966399674300978,0.859925466680058,2.7106586326480868e-05,1.2331332699254376e-07,0.00032389303391643694,1.5211303269656633e-05,4.420234009251485e-05,1
0.1274345227744703,0.8724938635796473,3.194544180201124e-05,2.707358480314727e-07,1.2320293676605143e-05,1.8678704722009772e-05,8.398469833817025e-06,1
0.3906435647736125,0.6091391473314186,3.366413610017269e-05,2.901633345406409e-07,1.5646600672425247e-05,1.4893021006546843e-05,0.00015279397385524268,1
0.5799152627322679,0.3991340274579584,2.8053737381061465e-05,2.3157523235904276e-07,1.477802483547462e-05,1.2752570984795197e-05,0.02089489390134005,1
0.4892988238549,0.5104535909311522,4.774404075649434e-05,2.489769361322037e-07,2.018669615593207e-05,1.5083816940043663e-05,0.00016432168315919964,1
0.44832164335352404,0.5515238131074374,4.94800020701419e-05,3.1161398824405696e-07,2.0666663917927903e-05,1.5632260730203922e-05,6.845299833219599e-05,0
0.23115522766985136,0.7687746491447763,2.155538633416367e-05,2.1610967892795627e-07,9.608667610725058e-06,8.954189597438578e-06,2.9788832150935938e-05,1
0.27132296916214527,0.7285291949323484,2.254937041970696e-05,2.0086915651262244e-07,1.1805036322315593e-05,9.367094373108725e-06,0.0001039135352346031,1
0.27963593799055736,0.7202116211793143,2.3209163841496794e-05,2.083624120017073e-07,1.2150451079556303e-05,9.91881285014525e-06,0.00010695403994522678,1
0.622070637814498,0.3777234228774646,3.0262347719420886e-05,2.033237962146821e-07,1.153381496863256e-05,1.319199995962252e-05,0.0001507478215934859,0
0.672184078069455,0.3276916455326627,2.41879238621938e-05,1.9704823317587954e-07,1.0491990643772174e-05,1.4737732646659122e-05,7.466170249646853e-05,0
0.5479496503531558,0.45192207015443736,3.608542720672681e-05,2.5238509607708667e-07,1.377268539825575e-05,1.3655996405960129e-05,6.451299829978078e-05,0
0.49984547771660565,0.499642532157481,3.14968532308611e-05,2.0258286845698844e-07,1.4136522470782982e-05,1.4693769926174029e-05,0.0004514603974170309,0
0.7342770458807861,0.26500853068216806,0.00015699888962562928,2.1606048555090242e-07,1.9887712787758363e-05,2.0840679259437658e-05,0.0005164800948874239,0
0.7320412243943186,0.26707645910113825,3.320223200502723e-05,2.3356611353264981e-07,1.81157225664089e-05,2.041034894288612e-05,0.0008103546349153471,0
0.7484986982602508,0.2501822160907212,3.38498401933975e-05,2.55266459591513e-07,2.1344481244335924e-05,2.171310678096775e-05,0.0012419229543498096,0
0.7703804981505915,0.22704408887708474,3.511453882707843e-05,2.703566808177739e-07,2.3814314292267768e-05,2.327619403183865e-05,0.0024929375684917387,0
0.7954222032767305,0.202108343932636,3.596595170544579e-05,2.7691194731107616e-07,2.4391733633520487e-05,2.1563631004812122e-05,0.00238725456234238,0
0.7884412657214662,0.21008445769659279,4.50931006276868e-05,2.1879336950712485e-07,2.1718509734838507e-05,1.7119968451193453e-05,0.0013901262097576657,0
0.8644059811198884,0.1324334606102252,5.481934991427961e-05,2.194304092918458e-07,2.1781745448046404e-05,1.6712954634950407e-05,0.0030670247894795193,0
0.8550959883259865,0.14274565028332264,6.0075711371690276e-05,2.4047052647289726e-07,2.2141737462021697e-05,1.8816145278679566e-05,0.0020570873260519654,0
0.8033145448226363,0.1937742160024214,4.536692464725456e-05,2.70812977322339e-07,2.2943252102703046e-05,2.1190357086123825e-05,0.0028214678281291757,0
0.6654122840879286,0.33396449726026994,3.0414602062579242e-05,2.3417054976929877e-07,1.788900806217309e-05,1.4993904562965027e-05,0.0005596869665641161,0
0.7327970132784336,0.2670740504618349,1.9847012142654732e-05,1.660362016828763e-07,1.1976485032289503e-05,9.833780088567064e-06,8.711294626648378e-05,0
0.6892791519825389,0.3106483557666921,1.9898722275681526e-05,1.533845325082196e-07,6.556604379777819e-06,1.106872364136156e-05,3.4814815939934123e-05,1
0.2354665041205448,0.007449921388042262,1.3809113405236237e-05,9.902571889392318e-08,8.558782010853293e-06,7.2772841195460545e-06,0.7570538302861585,6
0.21396707688110211,0.007805625040558318,1.1218017483444971e-05,8.671348113440497e-08,7.301213785256025e-06,6.357977994329747e-06,0.7782023341555955,6
0.20007850454770157,0.008341430120543253,1.2431401960962186e-05,9.077406185797308e-08,7.845592199278446e-06,6.670879506902084e-06,0.7915530266840262,6
0.19620366078046478,0.009579325594861318,1.1941892108659365e-05,8.337424535201698e-08,6.4962365270533154e-06,5.6406636010268506e-06,0.7941928514581919,6
0.40643926441904316,0.014003570626797343,2.1486027149991518e-05,1.5076005499187084e-07,1.0800410202982142e-05,1.0265294517533328e-05,0.579514462462234,0
0.7865521741497455,0.21339539054959727,2.3307915028993008e-05,1.958848893622604e-07,1.2147143914111245e-05,1.1259379008408593e-05,5.524977816232131e-06,0
0.8136479869383311,0.18631273682052973,1.3924574600871286e-05,1.9624747144899574e-07,1.1045929824137613e-05,8.482218929544843e-06,5.6272703131382795e-06,0
0.672101750379454,0.3278472466689949,1.9434408698276848e-05,1.8173967447898985e-07,1.1923772595061068e-05,1.206196360119987e-05,7.401066982092231e-06,0
0.6943747001051251,0.30555428305834514,1.637570807138631e-05,1.8538308584592797e-07,1.2935428621575848e-05,1.5490950837319114e-05,2.602936591375286e-05,0
0.5755842216338125,0.42432948127104,2.5072321680951028e-05,1.9555747912613202e-07,1.3645364684207265e-05,1.5530351689770912e-05,3.1853499613539804e-05,0
0.47600171397216057,0.5238984005600492,4.098846812900859e-05,2.1859892934762716e-07,1.2163688949399012e-05,1.5913292378432945e-05,3.060141940404678e-05,1
0.5174485173326158,0.48249177185853226,3.129603611164925e-05,1.996088208281759e-07,9.546322882947951e-06,1.155812711158078e-05,7.1107139249671825e-06,1
0.35988310313984057,0.6400546586132394,3.1480651919470626e-05,1.8973316714714634e-07,9.22464540253809e-06,1.0823937131179311e-05,1.051927929989912e-05,1
0.35413238387151674,0.645782620714041,3.761819119725457e-05,2.2672397561714895e-07,1.2435152514780314e-05,1.2934196456583847e-05,2.178115029786081e-05,1
0.19268806277929934,0.8072289077136353,3.5270067929329506e-05,2.448065342714225e-07,1.5083951617901847e-05,1.5212589054405493e-05,1.7218091929473765e-05,1
0.24312384764219985,0.7568041847861094,2.7415389231325774e-05,2.2836669733605445e-07,1.407099783512271e-05,1.4190996701229543e-05,1.606182122574783e-05,1
0.45378850833489653,0.5460824200760319,3.2932408726640284e-05,2.469370700209843e-07,1.9224563521061924e-05,1.5601096351111e-05,6.106658340279527e-05,1
0.4500813251592499,0.5493811704361704,3.1997674757864836e-05,2.6747913443315035e-07,0.00047616170178796364,1.626519034589656e-05,1.2812358553572004e-05,1
0.4653021755394048,0.5340283758667491,2.6782124972307278e-05,2.3836591137940805e-07,0.0005988073733433012,1.3802858415951177e-05,2.981787120291898e-05,1
0.40195473823289446,0.5974514645302971,2.3654818078663843e-05,2.1053229628586296e-07,0.0005242586273405657,1.3361838863926074e-05,3.231142022884923e-05,1
0.34269915157495184,0.6561847379763189,2.3717569245315426e-05,1.883241184253382e-07,0.0010719545435099703,1.2365347977207095e-05,7.88466387815355e-06,1
0.32089677457759347,0.6463742268531513,0.0019347984698274165,2.780150683303428e-07,0.03003250469418898,0.0007541295463534997,7.287843816927207e-06,1
0.0822083652843739,0.1856694601670366,0.0016921615699465817,9.219958866644725e-08,0.7298525785455195,0.00057538713216842,1.955101366349633e-06,4
0.08545766392894352,0.31144107953205036,0.001236392792595389,1.427815200212648e-07,0.6010296973885684,0.0008325921565550105,2.4314197673118173e-06,4
0.1371018227318801,0.42052761811425354,0.0016335586567611258,1.1509578852802706e-07,0.43957681517033287,0.0011569763384765446,3.0938925074146423e-06,4
0.15390324326943286,0.4037651204217081,0.002300952430960751,1.730894141045101e-07,0.4385680080899269,0.0014595321305683365,2.9705679889226598e-06,4
0.10405153902719493,0.3591835366201782,0.0012887112962651369,1.0934568704784893e-07,0.5345191433359276,0.0009545970113625213,2.3633633843071365e-06,4
0.05408302953101232,0.9104271287491913,0.008365856730355037,2.144487254914705e-07,0.0239995052922315,0.0031204070288966775,3.858219587721591e-06,1
0.0970937972432358,0.8380978197732983,0.00794135969025743,2.052125930069871e-07,0.054141521552320764,0.0027216499838985547,3.6465443961727878e-06,1
0.08177756918805458,0.3297060831848595,0.004042984795332746,1.2440272412465478e-07,0.5825727833318545,0.0018982445113140053,2.2105858606345065e-06,1
0.067606211100111,0.284352028807015,0.0034812416659290237,1.0711787664345606e-07,0.6428207058239936,0.0017378020439304891,1.9034411440375066e-06,1
0.018375716776323162,0.5148968016057394,0.004174640883073917,1.1376528274574807e-07,0.46181354276771497,0.0007370888910626196,2.0953108031053535e-06,4
0.05554971389757265,0.8479286702277073,0.004953236039301411,2.0942443463367977e-07,0.09057566097196394,0.0009846591006891386,7.850338330702134e-06,1
0.03633310946169494,0.8864392369802924,0.005983699701797409,2.1853189716024623e-07,0.06944272988142852,0.0017928137085690308,8.191734320586498e-06,1
0.17619700108316882,0.7814820675095986,0.007786346352473035,2.5138843541976514e-07,0.027866766257750322,0.006659411487493197,8.155921080711478e-06,1
0.030887663647831576,0.9060916279603125,0.011947201567454676,2.8498067461591933e-07,0.020238865603691848,0.030812685748279247,2.16704917553238e-05,1
0.02340258571269901,0.9178456494773797,0.014990979873220525,2.7364481166723135e-07,0.00830260500987995,0.03543709779159803,2.0808490411197218e-05,1
0.016457653863921163,0.9378090479513418,0.015649455827445393,2.4267749969622993e-07,0.0034340157791564077,0.026631130225615605,1.845367502009547e-05,1
0.03754538108756653,0.890686925546287,0.02205911200264225,3.085636202025386e-07,0.005595804386769049,0.04409065507955238,2.1813333562329107e-05,1
0.10830775632662562,0.7777406605397089,0.024858833253734107,3.5212182963725584e-07,0.010043314535188752,0.07904157374983906,7.509473073876468e-06,1
0.1049806122870297,0.7726134207592346,0.04156535341522596,3.59969786957324e-07,0.022260348827610524,0.0585722278997605,7.676841351613454e-06,0
0.10554608117251017,0.41631420736701874,0.44070425800927604,4.0614909687362573e-07,0.023999914269261183,0.013280184313503621,0.00015494871933341761,0
0.10334976669024887,0.4088517141233688,0.4516721724957407,3.9886881472687186e-07,0.023569712285006907,0.012404064296013055,0.00015217124080715987,1
0.025398165713679692,0.6445211644586094,0.2995034239434676,0.0,0.025300838016156478,0.005206975692583575,6.943217550336014e-05,1
0.012898200753265357,0.7564189023670699,0.2020759766064309,2.2244407334799288e-07,0.02372491527140552,0.004852548362339701,2.923419541506288e-05,1
0.012701174414653318,0.5916273245966858,0.3646839604804865,2.0989024506922805e-07,0.021848085722076926,0.009111660558145733,2.758433770662929e-05,1
0.00890349106090274,0.46504408721434565,0.5096286468025213,1.670913382327973e-07,0.010974431663648363,0.005397956310730677,5.1219856513025176e-05,2
0.007151646782017027,0.46890202668316944,0.51070760401063,1.493645440693503e-07,0.010406066341625806,0.0027867448882482227,4.576192976531106e-05,2
0.004223091889294177,0.22608062884766542,0.7574129183070429,9.479421053792044e-08,0.006104112976558199,0.006150095150782662,2.9058034446125214e-05,2
0.0024295606445993803,0.0978559955778787,0.8945877299644154,5.6917270888322355e-08,0.0028492106903803237,0.002259998895026883,1.744731042821127e-05,2
0.003971437961626961,0.08203526321675048,0.8730626593598247,8.230722448337342e-08,0.005089450243837782,0.03583502555398632,6.0813567493052085e-06,2
0.005004811571814578,0.11348649960293637,0.8467480032782888,1.5919818181659902e-07,0.0020022211779836493,0.03273130793093363,2.6997239861151607e-05,2
0.009228797541081144,0.06044054786027788,0.8944486425166029,1.16048685029624e-07,0.006709771909606287,0.02916681303494686,5.3110887995609454e-06,2
0.019402341156755234,0.11035734184897536,0.8122309153820675,1.8984496508758048e-07,0.03420820278436902,0.023792931679666392,8.077303201407656e-06,2
0.001128696253939504,0.045513929529316835,0.9487526902062848,3.923805780623122e-08,0.0018647059767793808,0.0027370411690248496,2.897626596844278e-06,2
0.0007073703317084184,0.02753476921839456,0.9682158884928268,4.803883492650346e-08,0.0012723794292139852,0.002265989018269701,3.555470751728894e-06,2
0.0007733112699389315,0.026858648038930403,0.9688160758386536,4.8068613719821996e-08,0.001369236924650749,0.002179122184460295,3.557674752488442e-06,2
0.0007808467518730072,0.026969394252022372,0.9692403914085735,4.853701523466124e-08,0.001393371174719873,0.0016123555335105545,3.592342285300696e-06,2
0.000530697572148436,0.08820633387911694,0.9002944179708526,6.545264342465023e-08,0.004102009463707091,0.006865132397866015,1.3432636654716764e-06,2
0.0004847113400255964,0.07532727336232263,0.9117275688084305,5.819357377485026e-08,0.0036207234309410074,0.008838469950532097,1.1949141742780512e-06,2
0.0004294511392054015,0.07093382871380695,0.9088166464018779,5.446326796321116e-08,0.0024388882824959955,0.017380012681176688,1.1183181689190263e-06,2
0.0003429274866544678,0.05620777070290588,0.9218372732324844,4.310581395814381e-08,0.001967722985953935,0.01964288493804122,1.3775481462055502e-06,2
0.0008330993901293263,0.160691211325531,0.826660162850673,1.0678626227720295e-07,0.004765178538262805,0.00704804956883738,2.1915403043060823e-06,2
0.0003393386449472176,0.05794896695746785,0.9305714349140551,4.100651212681936e-08,0.002629942549088837,0.008509433923229668,8.42004699137714e-07,2
0.0003925580637698174,0.05915770307048755,0.9183796810767747,4.633409202289974e-08,0.004195826166404627,0.017873233890237362,9.513982338440589e-07,2
0.0003596737076723909,0.07327898896201136,0.7771479505015484,4.768315934849776e-08,0.0021357537790909448,0.1470766062672926,9.790992249474654e-07,2
0.0007831532757064713,0.1407835623915071,0.12778329955052647,1.869585768079734e-07,0.0030531755036753076,0.727594669589052,1.9527309559118523e-06,5
0.0016844928546720767,0.24166186523069488,0.2633358168507641,3.1251656195351136e-07,0.015266566824578066,0.4780476815731232,3.2641496056560673e-06,2
0.0009166734142333828,0.12706171454402923,0.5416557777625246,4.402675056175884e-07,0.0014787594285556051,0.3288848381233125,1.7964598391295255e-06,2
0.0005365867633428331,0.131859057138538,0.7199122637538831,3.9743336179770026e-07,0.0016218946799125497,0.14606762448433264,2.1757466290708516e-06,2
0.003684281632729533,0.23314679023292167,0.1946322594198385,8.871714852042841e-07,0.001871391255502416,0.5666598962438318,4.4940436908657765e-06,5
0.0013499668267885085,0.1749484538364746,0.6419663756236601,1.1240403701157761e-06,0.0028598685757558234,0.17886938649963002,4.824597320972501e-06,2
0.21465874788252506,0.0003253056444137888,3.6756447420398435e-06,4.134368765068249e-08,4.4168673882552355e-06,1.8160621333269715e-06,0.7850059965551098,6
0.9824955457706193,0.010186871247113167,1.0033005333607352e-05,2.119721082384544e-07,1.3837685998984605e-05,6.4257342719488316e-06,0.007287074584555042,0
0.9845100786787595,0.008464168694794763,9.633318569959555e-06,2.0352773458287228e-07,1.2968036655727715e-05,6.169751059559513e-06,0.006996777992425779,0
0.9897194098272525,0.0024047677963873197,1.1860665813637566e-05,1.2010823755649958e-07,1.8396173943590266e-05,7.115545209060822e-06,0.007838329883156123,0
0.9895700327360227,0.0023126285315818312,1.1406221509362567e-05,1.155062611319299e-07,2.1274318330374833e-05,4.879240070802723e-06,0.00807966344622369,0
0.9846787757833935,0.0026192173758134434,1.697821698884418e-05,1.7830200286343774e-07,2.0707988390522334e-05,7.395406527547283e-06,0.012656746926883244,0
0.9846703009859418,0.0026191948330946523,1.6978070863068332e-05,1.7830046827835613e-07,2.9314472214560468e-05,7.395342877782573e-06,0.012656637994539782,0
0.9619669606869935,0.005223564744423636,2.2551920733483212e-05,2.408516918975605e-07,3.0466765206490128e-05,1.0648885401684287e-05,0.032745566145549604,0
0.9083556912076417,0.014633468528727853,1.6387036366728094e-05,2.0720503402506643e-07,1.8152565321822122e-05,1.1203780825334251e-05,0.07696488967608242,0
0.934007471928641,0.03193976507183502,1.8966827785889064e-05,3.4694710449748823e-07,2.1508788812363252e-05,1.4628745305659021e-05,0.03399731169051556,0
0.7931955305436865,0.20113482929393997,1.757216208772452e-05,2.688221642178419e-07,1.660737808072802e-05,1.1940104797750607e-05,0.005623251695243134,0
0.7837089803193209,0.21610302989128033,1.2877171172896182e-05,8.946349633612223e-08,1.285598929120016e-05,8.304170069158663e-06,0.0001538629953691805,0
0.7138462511397963,0.2861005595465963,1.4642281026556231e-05,1.0172650789398234e-07,1.6610737313603762e-05,1.2713808914209364e-05,9.120759845109866e-06,0
0.7579562738652248,0.24199282842743106,1.3934976547604712e-05,9.68125457503099e-08,1.608608189617064e-05,1.2099660478371767e-05,8.680175876110288e-06,0
0.6881985167500284,0.31176463581248787,1.1019068446997426e-05,8.045176514392628e-08,1.114648467443055e-05,1.0305303175305375e-05,4.296129421661656e-06,0
0.02273769416114784,0.9564910787493419,0.0009437996520783614,9.736875485822319e-08,0.017791525037692622,0.0020223497213935045,1.3455309590772334e-05,1
0.012677033164637105,0.94465150185172,0.0014846981123432304,1.0261000838596571e-07,0.03533031978317642,0.005842164883932217,1.4179594182499836e-05,1
0.012785652080683016,0.9527454320986252,0.0013293128858311357,1.2908653667921325e-07,0.0230347362304799,0.010095511340227186,9.226277617013812e-06,1
0.024071215634861823,0.9171542252793691,0.004708615340394667,2.1703540750344973e-07,0.01889348668691582,0.035168117026337466,4.1229967135585306e-06,1
0.007637608667394941,0.9581840399967855,0.008704682656880952,2.4555507202765647e-07,0.007311306372201639,0.01814689001955039,1.5226732114478905e-05,1
0.12215731639338166,0.7224715402444983,0.015100171851364606,4.3451977438326396e-07,0.06382913992551283,0.07643439544358181,7.001621886308211e-06,1
0.027709690743733827,0.952281003538485,0.001258532425281671,1.5284643217599023e-07,0.0030490452491715634,0.015688305895712226,1.3269301183439147e-05,1
0.05225392128224862,0.9362749643021153,0.0014178000892914433,1.3858420551987136e-07,0.0031572122770860606,0.0068777503251960465,1.821313985708487e-05,1
0.10346000625420225,0.8964380759111362,3.2537568006464316e-05,1.6435235634230617e-07,2.295371048025527e-13,2.0213062589226968e-05,4.900285147998874e-05,1
0.21929726529706076,0.7806217102084034,3.8630525198890286e-05,2.957043636854173e-07,1.3066753761552154e-05,1.985849553538946e-05,9.17301567634049e-06,1
0.5923619372182833,0.4075270970194802,2.6499949350437416e-05,3.094750497010268e-07,1.6054669973856828e-05,1.3855398808569246e-05,5.424626905398655e-05,1
0.470421145096581,0.5293764244833545,3.088551372465048e-05,2.0980990450837276e-07,1.54758095561995e-05,1.2999371401368165e-05,0.00014285991547767322,1
0.36004244981834427,0.6398599472269154,2.9627420691360575e-05,3.019164397788282e-07,1.245172989508597e-05,1.3605342852208793e-05,4.1616544861823997e-05,1
0.4049437444825038,0.594867977419349,2.9698232231853023e-05,2.688957538744703e-07,1.5802944546168208e-05,1.4030591225474852e-05,0.0001284774343897807,1
0.4502347330396604,0.549519477885967,3.063049884108546e-05,2.1494314089529765e-07,1.727935741446999e-05,1.4230479079634602e-05,0.0001834337958962346,1
0.5278549224703797,0.4710974620617635,4.569215672616673e-05,2.6474357578919433e-07,1.5141248493072693e-05,1.752755589707775e-05,0.0009689897631647464,0
0.5337479181175435,0.4660283319477263,3.282432875348597e-05,2.3132325215822088e-07,1.3229869063724772e-05,1.5314937181801544e-05,0.00016214947647882094,1
0.45791953956046216,0.5418992443898442,2.51512073071238e-05,1.8120266086855084e-07,9.780072702145088e-06,1.1756742394960273e-05,0.0001343468246286105,1
0.6665237718466113,0.3325293031274242,2.440667487097986e-05,1.9883030012930283e-07,1.0399898330720206e-05,1.4871017913391538e-05,0.0008970486045494675,0
0.7559803026426511,0.24311262332572908,4.864526337835598e-05,2.182017494071406e-07,2.008480963527813e-05,2.1047220465359243e-05,0.0008170785363912341,0
0.6512576444074065,0.34692983352786,5.6367496820500766e-05,2.8404235488046964e-07,2.8195446066189157e-05,2.4885384124225354e-05,0.0017027896953676405,0
0.7987063438294788,0.1984141712260936,4.5260519899582685e-05,2.8294196007639637e-07,2.3695050402292246e-05,2.214032103399066e-05,0.0027881061111313405,0
0.8156235740574218,0.1817528441537937,4.4204763275917174e-05,2.7634199504889983e-07,2.341167000805996e-05,2.1623871142704013e-05,0.002534065142362631,0
0.8086887864812627,0.18915368828496873,3.715897330792527e-05,2.6810353952618433e-07,2.2713708766085994e-05,2.0978351166131226e-05,0.0020764060969887827,0
0.8486680175177923,0.14829895248065697,6.9830361762759e-05,2.2535807254199735e-07,2.0750232264886458e-05,1.7164436119721652e-05,0.0029250596133307636,0
0.8409097045596378,0.15648533720890306,3.4983987891723876e-05,2.1869916932758295e-07,1.8528174780051708e-05,1.711259755094411e-05,0.0025341147720669976,0
0.5943920050005688,0.4050213051408705,2.8945348442053366e-05,2.2285835415479862e-07,1.7167134320073856e-05,1.4269586404219154e-05,0.0005260849310400792,0
0.6019448058779073,0.39737844913660064,2.669576262888511e-05,2.055381621779665e-07,2.2625455712991368e-05,1.3160577155324695e-05,0.0006140576518325955,0
0.5939757811337074,0.40557816303327654,2.333488906973186e-05,1.9482922528075293e-07,2.1969648826426027e-05,1.2943360215851174e-05,0.00038761310567862425,0
0.7413141679732411,0.2584938684682782,1.770148080422206e-05,1.6165565516382832e-07,1.201476401382154e-05,1.0449119355462037e-05,0.0001516365386521761,0
0.7447289165539533,0.25485751693561615,2.0586520400728917e-05,1.7765334722537453e-07,9.452062169585523e-06,1.1375116709649473e-05,0.0003719751578034794,0
0.4774940315599955,0.5223966789996105,3.0389571856635836e-05,2.1361365329133927e-07,1.2612429336894652e-05,1.3641196959144485e-05,5.2432628588148426e-05,1
0.6339666752116653,0.36594444568163825,2.3232373399934993e-05,1.7862035403669909e-07,7.902377626864643e-06,1.2705918520071874e-05,4.4859816795628473e-05,1
0.27555652519778256,0.007935490092286373,1.8223685086275468e-05,1.1088076573343782e-07,9.583412407493488e-06,8.14849762918076e-06,0.7164719182340424,6
0.20703538605235158,0.005453810578065141,1.3293126435560478e-05,9.706637152725677e-08,8.389435833091119e-06,7.133293976021928e-06,0.787481890446967,6
0.199578609254087,0.0077665173718534245,1.2650425269061996e-05,8.832098386028198e-08,7.436564377902837e-06,5.9753339507200635e-06,0.7926287227294782,6
0.171027711914303,0.0055592821176821275,7.460939562296014e-06,6.282685704924304e-08,5.138922669588644e-06,4.277898354814347e-06,0.8233960653805711,6
0.270305137756281,0.009013515141554816,1.3829660749359772e-05,9.703796800299679e-08,6.951774193454182e-06,6.607342515147328e-06,0.7206538612867381,0
0.9338717088317573,0.059777819966079684,2.0748699423776002e-05,1.5924066662003375e-07,1.2972310078884102e-05,1.199920112839325e-05,0.006304591750865592,0
0.916352254741162,0.07395790169554538,2.033664227778049e-05,1.2582284559298246e-07,1.4267092917334172e-05,1.2772949721742283e-05,0.009642341055530006,0
0.8738707486467187,0.12161116855201809,2.326107274417534e-05,1.460016049144403e-07,1.595534661791003e-05,1.3972593787665843e-05,0.004464747786508587,0
0.8406888729256158,0.15646337745280678,2.360355027487963e-05,1.4700231525773054e-07,1.619026044889838e-05,1.4178315143278393e-05,0.0027936304933951855,0
0.7760026473374033,0.22395182820296589,1.8337726408553518e-05,1.8913326255560433e-07,1.1159677963819863e-05,1.075777237851571e-05,5.080149617320764e-06,0
0.7868422632120011,0.21311812967972626,1.4767719804465433e-05,1.7179195601973286e-07,9.75227597817466e-06,9.3894972999205e-06,5.525823233823024e-06,0
0.6448395004159101,0.3551088667895391,1.9337480775779036e-05,2.049773161105742e-07,1.2544547000711803e-05,1.2323255198645333e-05,7.222534259505506e-06,0
0.6457682951605969,0.35416163550348995,1.903927675323077e-05,1.8359610863561754e-07,1.2561596533046188e-05,1.5034809918208508e-05,2.325005659994508e-05,0
0.39851074974502193,0.6014199444091991,2.302986528934211e-05,1.8968012666617346e-07,9.071481541351605e-06,1.0820911266803093e-05,2.619390755474775e-05,1
0.40151407639097914,0.5984370605912075,2.244474688932695e-05,1.848609351148904e-07,8.943896443262357e-06,1.0704167166353957e-05,6.585346379233547e-06,1
0.35635443106764664,0.6435842174014348,3.447348063600136e-05,1.8995543876045544e-07,9.084648385054661e-06,1.0836617328346092e-05,6.766829130662143e-06,1
0.4223666820322988,0.5774520171491647,2.8374296020592214e-05,2.6073254276336085e-07,6.514728203668821e-05,1.3768261656786954e-05,7.375024627957944e-05,1
0.25654373929991475,0.7421985398279057,2.7625301520597973e-05,2.0102353597554735e-07,0.0012024368411963661,1.3199190813850684e-05,1.4258515112481474e-05,1
0.27017661714930125,0.7280677088608233,2.7308966270613277e-05,2.0895443232652356e-07,0.001708432451912411,1.3831676839521836e-05,5.891940420581078e-06,1
0.17285500396421344,0.8220117275039539,2.1287900765318452e-05,1.7651790198151378e-07,0.0050923030502365635,1.1657908920267093e-05,7.843154008513612e-06,1
0.2564827668631593,0.7209238025167615,0.0012992094800842536,2.1511190875468074e-07,0.020804017935165807,0.00048434918275808527,5.638910162604698e-06,1
0.31314933831021646,0.6573841146718191,0.0018196855502978703,2.7471545790882013e-07,0.026533263314026532,0.0011074980698168283,5.825368365340186e-06,1
0.1344542240880127,0.3267871216968641,0.0014838023632508359,1.9529153535133498e-07,0.5364590012324079,0.0008123670852688982,3.2882426601688724e-06,1
0.09538967077652193,0.30259176941609495,0.0009623445603422918,1.239665477452301e-07,0.6003311025702796,0.0007228776897213935,2.1110204922056172e-06,4
0.15360103217537346,0.8036876386109816,0.00015521912454546455,1.6887795310672575e-07,0.039993023733644086,0.0025590538548858834,3.863622616329164e-06,4
0.06473672315849716,0.8910981294018356,0.0002297927256583922,1.573054832441381e-07,0.03025027522143253,0.013679895118655281,5.027068437713395e-06,0
0.10405448181959574,0.5233703475929549,0.0041588453753398985,1.2045313466255598e-07,0.3659461136858396,0.002467617756089821,2.473317045304309e-06,0
0.006048782792800929,0.0805046132244109,0.0010513905114012774,1.78685301470391e-08,0.9119347924132168,0.0004601235976640296,2.7959197587830725e-07,4
0.04672261053650245,0.8574002597340941,0.0064020565409465815,2.078687818116264e-07,0.08862396174066914,0.0008458970003798243,5.006578626305214e-06,1
0.1366617220090747,0.8235433202291107,0.005695694957043023,2.09064654489277e-07,0.028787553880053142,0.00530698284710478,4.5170129592412005e-06,1
0.031915392015123084,0.9060705447014673,0.014441632304224475,3.318998482729983e-07,0.014852579522725793,0.032697128020384235,2.239153622680059e-05,1
0.036400430456715066,0.9034388105710881,0.019336764038919263,2.912695150029092e-07,0.006443526159236706,0.03435958674569594,2.0590758829980854e-05,1
0.2010560819375782,0.6722697352635597,0.032805048600599435,3.913001164119256e-07,0.017783133095387912,0.07607726479986239,8.34500289580792e-06,0
0.5309427303938598,0.32172305574764687,0.06492722032338571,2.1313384962691258e-07,0.03529741282302471,0.04710411523461796,5.252343615462527e-06,0
0.19499508830377446,0.2400599940150548,0.5207867168106777,2.127234935002998e-07,0.024299279134454375,0.019837300813694524,2.140819885079647e-05,0
0.00578152436283146,0.2894700093730751,0.6936603843198074,1.4055979020837184e-07,0.0071767687012137356,0.0038680857563228054,4.3086926959332914e-05,2
0.006071723776889937,0.07692810474515703,0.8903428784676954,1.4242783926167834e-07,0.019366803783875442,0.007284423492935045,5.923305607854653e-06,2
0.0009541951068110186,0.035929384081288374,0.9583718869585824,3.317169046038175e-08,0.0022292610208523977,0.002512790019332463,2.4496414428805822e-06,2
0.0008367852038528745,0.027407920017466583,0.9680417205171982,2.882478431620991e-08,0.0014953722757321583,0.0022160434111444228,2.1297498214638597e-06,2
0.0006432740791086869,0.02284455195386168,0.9724845563798364,3.959306348828046e-08,0.0006140565967561528,0.0034096671322929005,3.854265080522194e-06,2
0.0015007936927455775,0.04798328943548569,0.9470335194656189,7.168566713293706e-78,0.0019210033467399533,0.0015545632262603277,6.830833149627151e-06,2
0.0015169606462878539,0.04746543432010489,0.9481764092023415,7.544656294810925e-78,0.0011626658262811694,0.0016646981235642242,1.3831881420377507e-05,2
0.001611449060674439,0.052817458378728456,0.942427551919662,1.5858415360524616e-204,0.0014096003557478019,0.001719473847184039,1.4466438003432272e-05,2
0.001122057841655446,0.03855135553586174,0.9556418784544203,3.86515860069114e-08,0.0020924001008215763,0.0025894136021475276,2.8558135073788594e-06,2
0.0009484783827233296,0.1684260723475794,0.8195629111265975,2.249431764844106e-177,0.004764559062098362,0.006293763652256887,4.215428744615328e-06,2
0.0002275876591802377,0.039577968572658266,0.9319659059933597,3.040271486983016e-08,0.0025049739387655984,0.025722909161042137,6.242722791875419e-07,2
0.0012511559419506528,0.17408234092355562,0.21523480675767845,2.4436521432162123e-07,0.006488296895606167,0.6029406027884862,2.5523275085901994e-06,5
0.001238342552926195,0.18649446408003223,0.20736001967936044,2.411742071179359e-07,0.00983722189214308,0.5950671916230157,2.5189983152813834e-06,2
0.002061919316640678,0.362076772989443,0.14854880582300328,7.794462397364713e-07,0.001373663136742381,0.4859347166475307,3.3426404001285834e-06,5
0.07170225591073061,9.937047132919152e-05,1.0781842113909912e-06,1.7171056898168154e-08,1.0455715741046801e-06,5.166834181279202e-07,0.9281957160076798,6
0.1967490589333465,0.0003081593015920132,3.3689735503600926e-06,6.313274639766641e-08,4.02942809417618e-06,1.6645420660522503e-06,0.8029336556886045,6
0.9747098042315598,0.017501224402321033,1.0089968338661327e-05,1.8723450488142193e-07,5.742146918172825e-05,6.4622167736158475e-06,0.007714810477320315,0
0.9916777938526921,0.0022356867975428184,1.0658930352888777e-05,1.0463360381693989e-07,1.3166527901810531e-05,4.805217905871682e-06,0.006057784040000582,0
0.9896761465729766,0.002362610630152896,1.4734847059965693e-05,1.5474255891561526e-07,1.2715065796927262e-48,6.418234859483881e-06,0.007939934972392164,0
0.9505813419658286,0.0037420050983081655,2.057825846655427e-05,2.19773225817355e-07,2.7670461650097396e-05,9.7169335936527e-06,0.04561846750892703,0
0.9584683889049589,0.004433507313763117,1.8254216045487474e-05,2.2159670127543722e-07,1.8285094005005334e-05,9.797555743461639e-06,0.037051545318782686,0
0.965165655069868,0.0030097176203611317,1.8105034355968947e-05,6.377559908719522e-08,1.959797832581184e-05,9.719295893123835e-06,0.031777141225597064,0
0.8763395390531997,0.003586006673495651,2.3444805446086893e-05,6.909241782939072e-08,2.2500434858495192e-05,1.1696430088052515e-05,0.12001674351049418,0
0.89807611615635,0.005864040964723984,2.453380395364003e-05,7.080617442767705e-08,2.0941638578738294e-05,1.1986546353621499e-05,0.09600231008386566,0
0.898229711033571,0.01212946765884325,1.916062668554034e-05,2.3769554659165832e-07,2.0616303824976907e-05,1.0796847959035682e-05,0.08959000983356993,0
0.8878717323726506,0.006197545545899059,1.5955288399543625e-05,1.979319914425918e-07,1.6372722780296665e-05,1.1948098618072582e-05,0.1058862480396609,0
0.8752577398927377,0.007902508330651294,1.6275493905647713e-05,2.0190427398032882e-07,1.6701305746200105e-05,1.2187884128003628e-05,0.11679438518855706,0
0.7244419611037441,0.2753389896713306,1.4720815221481063e-05,1.0227212024669426e-07,1.4980996144311146e-05,9.49309064192121e-06,0.00017975205079741622,0
0.7312764177076205,0.26867865095619464,1.258951572809831e-05,8.746502466200905e-08,1.453292586058412e-05,1.1774024005058327e-05,5.947405566534154e-06,0
0.6246478431487376,0.37530156287382865,1.4424316019963324e-05,1.0021220701944162e-07,1.6955702964659166e-05,1.3489974256638806e-05,5.623771985697737e-06,0
0.37184651980655786,0.6233293922194596,1.970702542589927e-05,2.3908783880776286e-07,0.004786360760660263,1.2828925117319891e-05,4.9521749401815055e-06,0
0.7459248025921029,0.24956059425041136,1.794521794138241e-05,1.9489836197994792e-07,0.004465425920692191,1.1056130692536073e-05,1.998098979742619e-05,0
0.4524396605794995,0.523842512329167,5.028542738790887e-05,3.95771611493987e-07,0.023588608285138105,5.161790999598407e-05,2.691969720005528e-05,0
0.07592543320407964,0.9228693077767696,0.00011675512286419103,6.649589284220067e-08,0.0007719641430877378,0.00024544729735251477,7.102595995328053e-05,1
0.014916880797166458,0.9284968869780088,0.006229592203598133,2.139017207881699e-07,0.018032744081390824,0.03231961857168776,4.063466426878394e-06,1
0.012478193859907234,0.9331115969666278,0.0092292409872151,2.1241774250768718e-07,0.028702728110312527,0.016468464256880155,9.563401314894807e-06,1
0.03498218944782515,0.8909772799095748,0.011281093218037998,3.3117304591542594e-07,0.027432432417614602,0.03531550667682514,1.116715707632049e-05,1
0.08827734477175768,0.7656056391382501,0.010300703101496776,3.6278744078972446e-07,0.06240821527206575,0.07340132787174312,6.407057245767986e-06,1
0.023829025758923157,0.9585431247992497,0.0013476136455977594,1.5008939618388217e-07,0.003449478113842075,0.012817577642771995,1.3029950218997005e-05,1
0.07973196061774804,0.9131996258001803,0.0005496455451134807,1.4218035418412308e-07,0.0029746654592164093,0.0035030009668237595,4.0959430564016534e-05,1
0.34211646639736676,0.6578013217836379,3.822266452645549e-05,2.931918446002291e-07,1.2841964206734445e-05,1.486199310424662e-05,1.599200531309599e-05,1
0.27040427722606525,0.7295237495756398,3.062580463448425e-05,2.7678508133491733e-07,1.2123338943167567e-05,1.4413857688556852e-05,1.4533411947520539e-05,1
0.2757545941422037,0.7241726916210626,3.2472770925258015e-05,2.8873538376982405e-07,1.2032955767961556e-05,1.354660389335495e-05,1.4373170763197485e-05,1
0.3946586429817151,0.6052812087201943,2.8606818544795882e-05,2.721664526611947e-07,1.0623222469055501e-05,1.2513866494735394e-05,8.132224129435995e-06,1
0.41858928995159045,0.5813363447349428,3.805015496636475e-05,2.566789701034056e-07,1.0337781551595673e-05,1.2402593527426853e-05,1.3318104451358604e-05,1
0.48420116603327995,0.5156539639275362,4.1714059467058625e-05,2.500211463698139e-07,1.0747012410922864e-05,1.3596857211387807e-05,7.856208894814873e-05,1
0.5206079751881862,0.47927386316683857,2.151690290659022e-05,1.968562167921277e-07,1.4785809480118555e-05,1.182176717455584e-05,6.98403091971818e-05,1
0.4941337438563666,0.5056985728658917,4.659773106998139e-05,2.996110891146423e-07,1.9189143245333725e-05,1.4928626155651563e-05,8.666816618148545e-05,1
0.46965571051097316,0.530121275525123,3.0440724596099962e-05,2.2443010900323244e-07,1.5928778814256745e-05,1.4142312757658243e-05,0.00016227771762680532,1
0.6332564967508988,0.36653005178183934,2.62460922806032e-05,2.2480069000019195e-07,1.0497165522837325e-05,1.2876281520314886e-05,0.00016360712724823348,1
0.6216002672381228,0.3778627973636784,2.341437425713734e-05,1.898521832103864e-07,1.2878638968519045e-05,1.4199521982223586e-05,0.0004862530108078109,0
0.5996154656160632,0.4002797257983539,2.2973272216709045e-05,1.8627556892745975e-07,1.2783079732236123e-05,1.3932018010061871e-05,5.493394005499724e-05,0
0.8106092504928611,0.18633323503083,3.72472179727936e-05,2.6874022845726564e-07,2.27676489974635e-05,2.1865483610484207e-05,0.002975365385499462,0
0.8103469914926182,0.18627295004407282,3.7235167261379394e-05,2.686532820726822e-07,2.2760282907253792e-05,2.2842125320220492e-05,0.0032969522345376685,0
0.8528815326515999,0.14464353534379146,7.978684550164257e-05,2.227825743162839e-07,1.582138040896442e-05,1.6515282456886097e-05,0.002362585713666881,0
0.845960728967442,0.14987848172372656,6.369729634474818e-05,2.2332640392693052e-07,1.6636801543812827e-05,1.8482982398151076e-05,0.004061748902140809,0
0.7675454769777429,0.22874997304008057,4.4745730096907796e-05,2.7972379916884753e-07,2.342554465317512e-05,2.2759138746365275e-05,0.0036133398448807913,0
0.6256200207456428,0.3722423537801273,4.032416149972816e-05,2.520827714415062e-07,2.2204660630599317e-05,1.9725577236215073e-05,0.0020551189920917684,0
0.5769247063588913,0.42245041636808,2.758022237878406e-05,1.9899245276225695e-07,2.2620892654463185e-05,1.433507990592897e-05,0.0005601420856367636,0
0.7116551346807422,0.28809691992725395,1.745810927988445e-05,1.842814489081609e-07,9.508972911275174e-06,1.0081439867652792e-05,0.0002107125884963196,0
0.1529160983556915,0.0012414352137961576,1.085755113053576e-05,5.5004552639379364e-08,4.519827936484419e-06,4.490159944164322e-06,0.8458225438869487,6
0.12975649181893611,0.0010537313590806786,8.731908336974894e-06,4.764346044635952e-08,4.117819055066978e-06,3.483538515082129e-06,0.8691733959126157,6
0.20859794780428786,0.003260444933926439,1.5792496530889132e-05,1.1025786102459148e-07,8.59091606956764e-06,7.459467858241231e-06,0.7881096541234661,6
0.13304515105909126,0.0044740357835913735,8.327541962027431e-06,5.8140076999844594e-08,4.530076287916238e-06,3.933452287445359e-06,0.862463963946703,6
0.21630051813908138,0.007622949346227306,1.1329776534334022e-05,7.390528122784617e-08,5.828843073184625e-06,5.203523314159336e-06,0.7760540964664885,6
0.172323284203248,0.005165073448868503,8.389493874746697e-06,5.8866190063027775e-08,4.3145509135227424e-06,4.008215426524335e-06,0.8224948712214786,6
0.16329160805097614,0.004933966544135233,8.07511090435522e-06,5.666027300009856e-08,4.05912687314299e-06,3.858013913706888e-06,0.8317583764929244,6
0.9168086651291988,0.05711881146167504,2.1226427085967957e-05,1.329989328416958e-07,1.3900705991858094e-05,1.18566473256532e-05,0.02602540662978995,0
0.8295711049905792,0.16985352069995782,2.1171654364313828e-05,1.9144511095720444e-07,1.2682412296874904e-05,1.2038887995854585e-05,0.0005292899096951881,0
0.8044394696456136,0.19548374822279324,2.2975329768659522e-05,1.9308976904184975e-07,1.3357598955551646e-05,1.0749715409933652e-05,2.950639768974803e-05,0
0.8209969772879636,0.17893272222343917,1.8820415982974245e-05,2.1004649132919568e-07,1.4225098478586383e-05,9.082816936776587e-06,2.7962110707642734e-05,0
0.659508759280939,0.34041779565564406,1.9444388774160775e-05,1.875026115752126e-07,1.1499866356351862e-05,1.5354716094751183e-05,2.695858957990264e-05,0
0.6531862190166733,0.3467381359251757,2.172880642132985e-05,1.9105661012020782e-07,1.1717839364592976e-05,1.5965040936780774e-05,2.6042314818279738e-05,0
0.5755770610263614,0.42432420236183593,2.507200976647058e-05,1.9555504627566546e-07,1.2231616278292856e-05,1.6340938516708474e-05,4.489649219494268e-05,0
0.5835102904365789,0.41638148300790967,2.7803942308690693e-05,1.931347487147633e-07,1.4687495351372222e-05,1.4750599697810585e-05,5.0791383404795226e-05,0
0.474502226269599,0.5253551087171695,3.77805703921554e-05,2.49889219998881e-07,1.8364747910901067e-05,1.8612081967011406e-05,6.765772374145902e-05,0
0.46149120159274687,0.5383700453208892,3.6744613327122426e-05,2.430371661456345e-07,1.78611798030517e-05,1.8101731868837613e-05,6.580252419877113e-05,1
0.40950435882007197,0.5904445771423927,2.422497410494793e-05,1.885397378481623e-07,9.016942268870209e-06,1.0917184153444866e-05,6.716397270242022e-06,1
0.47792175353057803,0.5220151650904931,3.469317778428612e-05,1.9116601185684502e-07,1.0317825826494588e-05,1.1069255633534042e-05,6.8099536726436736e-06,1
0.365756766463882,0.6341777448614603,3.423704103125197e-05,1.6783983096420298e-07,8.398893930507947e-06,9.574961540885339e-06,1.3109938324252393e-05,1
0.3392674648612672,0.6606560258059263,4.3979402651922337e-05,1.9310117255014585e-07,1.0422272484066273e-05,1.1902609689691702e-05,1.0011946808300118e-05,1
0.31251608382148977,0.6874169631171944,2.797039311304935e-05,2.036672022102216e-07,1.1798242168406475e-05,1.2656138694604638e-05,1.432462013773821e-05,1
0.46914424453511533,0.530802055311542,2.0471897618967366e-05,1.8664842230075357e-07,8.315406843548816e-06,1.1598570089499265e-05,1.3127630368323758e-05,1
0.4293781124212943,0.5704381367532004,2.8845318972563385e-05,2.6506079153747033e-07,6.622874904737808e-05,1.3437171274901912e-05,7.497452541891027e-05,1
0.4832555574965968,0.5162902193172868,2.5387368771292094e-05,2.6116797006078594e-07,0.0004000069768112169,1.3084034857802273e-05,1.548363770615547e-05,1
0.4064176835257357,0.5931433295262789,2.2043451044926962e-05,1.795781690999541e-07,0.0003880275505296405,1.2270837152960585e-05,1.6465531088861564e-05,1
0.2204574093929726,0.7779672003169169,2.9016593157619296e-05,2.05795948728449e-07,0.0015192808221159838,1.3622601952020863e-05,1.326447693621641e-05,1
0.13749706853378743,0.8563157373810142,2.3315316217275583e-05,1.9285545258841302e-07,0.00614297139812177,1.2927701001394676e-05,7.786814405179304e-06,1
0.19855676805903075,0.7810225025044861,0.001452939630542503,1.9782017978063207e-07,0.018535009883878618,0.00042733176357041613,5.25033831178031e-06,1
0.2569267155260978,0.726226963386792,0.0012213598912073015,2.837481130727192e-07,0.014508400490497094,0.0011115363675228555,4.740589769881727e-06,1
0.10552161164400048,0.33479946998864835,0.0012085681255701816,1.2106724694799462e-07,0.5576854529865634,0.0007825585500157411,2.2176379549572366e-06,1
0.10496629031102503,0.3370438009295314,0.000942360576931785,1.2584181147466212e-07,0.5560723421538534,0.0009727750912535336,2.3050955934156257e-06,1
0.17406680399790578,0.7950935742269748,0.00015944626191142253,2.6062905437775936e-07,0.0276908916066663,0.002984892957484816,4.130320002465633e-06,1
0.02025829329294793,0.5411112771555177,0.01202666781476417,1.1804161083174335e-07,0.42455145256886395,0.0020497673261265707,2.423800168781207e-06,1
0.03511187558214905,0.8765796947392704,0.005922878422316636,1.904340546299621e-07,0.08134296747708919,0.0010384342833930434,3.959061726602879e-06,1
0.16970688154214816,0.6134286022179921,0.0072438713770023875,2.2027599964810496e-07,0.20598149713570157,0.0036350132361445057,3.914215011652853e-06,1
0.024986381835381807,0.5352040080032153,0.0037846237996569175,1.2444966556391614e-07,0.4354378535221652,0.0005847582278719099,2.2501620432013077e-06,4
0.028448038005935077,0.8478422675476054,0.0071485854758603735,1.9580982460119813e-07,0.11555552526865394,0.001000671756902543,4.716135218213414e-06,4
0.03370345264415029,0.8375387039864771,0.030151200530859148,2.122284401686088e-07,0.09610434204970285,0.002496789992639176,5.298567730943743e-06,1
0.14517904171942506,0.8265419681091437,0.008357898035936246,2.5688469443154787e-07,0.010010724532301413,0.009905595453276907,4.51526522214975e-06,1
0.12898498991939386,0.8395769070119163,0.0072816621592257935,2.527038068238155e-07,0.0098477965142109,0.01430394991373374,4.4417777126868565e-06,1
0.1488080912939252,0.7293958122412312,0.02844369443600756,3.8873740447811127e-07,0.010216556440337312,0.08312716650148788,8.290349606396962e-06,0
0.13286216422393698,0.7481240357232297,0.024979923190209374,3.538370513271522e-07,0.010637750079536662,0.08338822689354539,7.546052490464399e-06,1
0.508832115768385,0.30140114239615495,0.11435820796404451,2.033782983848112e-07,0.03266165622566183,0.04274098250280651,5.691764648626709e-06,0
0.49115473768733053,0.31497193282684005,0.10674908652295223,1.957539589786203e-07,0.03128042185657362,0.05583814696319325,5.478389151604998e-06,0
0.41472840836298586,0.3849873172223089,0.12078451073622941,2.0363239525040807e-07,0.037761285023687356,0.04173257913248201,5.695889911158053e-06,0
0.05941137610669354,0.557114193543541,0.33064140297245376,0.0,0.04401550660966883,0.00872770910903062,8.981165861211526e-05,1
0.01126774050291293,0.5143408944993123,0.4604007913758776,2.077367268352212e-07,0.010163694624749973,0.003771672958390758,5.499830202968951e-05,1
0.01332989046216007,0.43510939091084605,0.5382712072521302,2.7214128082241593e-07,0.007036340766349072,0.006169520512600542,8.337795463329574e-05,2
0.012995990366519043,0.5558885026889238,0.4188825776524556,2.653244206274708e-07,0.007280617967477118,0.004870756577888766,8.128942231523648e-05,2
0.007068150765382759,0.18821672057201452,0.7948023215501107,1.4406455990232072e-07,0.003599887036017017,0.006268614739614383,4.4161272300832035e-05,2
0.005329250196858578,0.15227644823624992,0.8304533502582787,1.2441715652858086e-07,0.005692691271971692,0.00622632146798229,2.1814151502346467e-05,2
0.006434627517281295,0.10177985906145821,0.8731252046123269,1.0033379160884694e-07,0.006201931471881868,0.012442892653654097,1.5384349606209502e-05,2
0.006563047164177431,0.07014149354559479,0.8836184892752129,7.391971735216272e-08,0.0058449931421880146,0.03382589264264438,6.010310465214914e-06,2
0.005918694908080877,0.0723930487352541,0.8773077920923316,7.630568739823624e-08,0.004924847933548177,0.03944933571469268,6.204310405302411e-06,2
0.007277796600363778,0.13302384019851962,0.8231314398953112,1.5192946212805989e-07,0.0025997896538573814,0.03394244000909008,2.4541713395667556e-05,2
0.004803532701804731,0.06086025656135838,0.9158783064778255,1.1267916800577826e-07,0.012800434184429329,0.005652671281019652,4.68611439446728e-06,2
0.002070138065065727,0.04221456311186543,0.9481921228038812,7.609650411359956e-08,0.005041191645501787,0.002478745225029158,3.1630521525740278e-06,2
0.0008428182547398893,0.027312836530063358,0.9679212167210431,2.9032605140223375e-08,0.001387081436870974,0.0025338729197933395,2.1451048838984517e-06,2
0.0014678663344450497,0.027501323656324725,0.9669102956811949,5.1099897158111456e-08,0.0023591100130125023,0.0017575731693168506,3.7800458087881396e-06,2
0.0020210868198717704,0.043548622739909046,0.9488889560815583,6.965122336754907e-08,0.003481874486919055,0.0020542378654333283,5.15235508503712e-06,2
0.0010208374918340203,0.038117956254775966,0.9507102183723284,3.769181405443489e-08,0.0013722863417518262,0.008773707691653662,4.956155842197204e-06,2
0.0020215075673805137,0.07878612052959355,0.9113382922578169,1.3696396744604158e-177,0.00535135358932861,0.002493490222340354,9.235833540094759e-06,2
0.000606276192217962,0.1085655447879277,0.8767589349993787,7.33023050890471e-08,0.0072678840358753535,0.006799782322534112,1.5043597610353155e-06,2
0.00043372241969098427,0.07622618798379004,0.8806751163969149,5.742739885464204e-08,0.0036418810187950758,0.03902119952517616,1.8352282341874869e-06,2
0.00028958767335834516,0.04190780996604821,0.9477089825061819,3.418037519654862e-08,0.0031314003476757826,0.0069614834857250375,7.018406355745931e-07,2
0.0009074130131349555,0.13431901417857017,0.5829761325531748,1.0559449539190307e-07,0.007507290468844682,0.2742878759736918,2.1682180880950373e-06,5
0.0013229671272016496,0.19087395164538296,0.39092832905773134,1.537574867841221e-07,0.013633420449997973,0.4032380207922845,3.157169914852688e-06,5
0.0012564818962754476,0.20808646188197857,0.38494234187095616,1.5140311572081502e-07,0.008647909431630652,0.3970635446894622,3.108826581172234e-06,5
0.0010103853566479158,0.18881066040966973,0.21058920972448011,2.5107747339832845e-07,0.008555470365810376,0.5910314006307084,2.62243521002317e-06,5
0.0011745775803026343,0.21439418446108915,0.43013714233550776,2.7483787632620913e-07,0.003455717982815741,0.35083515043257635,2.952369831925148e-06,2
0.0023349734252839168,0.31235273524097046,0.15658194986059945,1.3196856363437956e-210,0.001130066348345595,0.5275966340694924,3.6410553080880273e-06,5
0.0004294110975958875,0.05944129158148983,0.8746122506675733,3.263748290380829e-07,0.001179485056950752,0.0643355558365614,1.6793849998582177e-06,2
0.0003815842407249315,0.05179684720121627,0.9080915255919806,2.7359032012225735e-07,0.0009205601791507631,0.03880780141806892,1.4077785381730996e-06,2
0.058973418017996895,8.317627214798356e-05,9.024747713556583e-07,1.4372725443750444e-08,8.794600117791048e-07,5.646884625450852e-07,0.940941044713884,6
0.9859899535294704,0.0063893660220882545,1.0246845907866962e-05,2.1649002045374006e-07,1.1229547465831878e-05,6.562690513978371e-06,0.007592424874533417,0
0.9740184767311614,0.0069301488605419395,1.641156483324278e-05,2.3918388381211836e-07,1.3775482129309405e-05,7.250633549298906e-06,0.01901369754390095,0
0.9949769923738742,0.0014392373120810176,1.0366923856206828e-05,1.0498170784137072e-07,1.1673692348915e-05,6.2194076232139736e-06,0.003555405308508686,0
0.9886220387882727,0.002273659160884693,1.121401888443517e-05,2.190167063223184e-07,2.4855584165148476e-05,4.797021542213791e-06,0.00906321640954426,0
0.9893131112452375,0.00272856631966698,1.4729441988771316e-05,1.546857958868349e-07,1.17578628232963e-48,6.415880507503399e-06,0.007937022426803476,0
0.9844425344071516,0.0028415361902351726,1.6974143622538108e-05,1.7825922514589261e-07,3.767301194262347e-05,7.393632242309393e-06,0.012653710355580716,0
0.9553051587067987,0.0041362753892189305,1.811015053342329e-05,2.1984782078879084e-07,1.9170378285739282e-05,9.720231695053207e-06,0.040511345295647705,0
0.8923758197741358,0.0036610790006027303,2.2761828344859374e-05,7.053885367409914e-08,2.2971476928280804e-05,1.1941292495042789e-05,0.1039053560886394,0
0.8952397832127431,0.005757518258403935,2.5273731792718684e-05,2.395821233813682e-07,2.0561225135243796e-05,1.1768805828836725e-05,0.09894485518397293,0
0.9134287687597329,0.005979724209689444,2.3298825874761665e-05,2.690929299100149e-07,2.1354766099547867e-05,1.2223011717089684e-05,0.08053436133395632,0
0.8869083786742933,0.011942616675245496,1.8919125185139693e-05,2.3469961999267303e-07,2.026129151784276e-05,1.0660763945475076e-05,0.10109892877019275,0
0.6555301248705128,0.005546632074553274,1.4257967233726888e-05,1.7687601614117528e-07,1.4816947957397395e-05,1.067706169489792e-05,0.338883314202032,0
0.7859592393760555,0.006363887763026612,1.6383528583925306e-05,2.0324448911658142e-07,1.6812166909834614e-05,1.2268785767504505e-05,0.20763120513516753,0
0.8675846941235253,0.00838860107949626,1.7276619021925047e-05,2.1432364760654528e-07,1.7728623058601047e-05,1.293757547289045e-05,0.1239785476557777,0
0.8655624809010035,0.016265416989315763,1.8214545594617562e-05,2.3031287996326193e-07,2.0176969240449654e-05,1.2453244876510793e-05,0.11812102703708921,0
0.8264248978880302,0.017412272124720643,1.700593171457318e-05,2.198989703294523e-07,1.95193208778317e-05,1.1809685832220007e-05,0.15611427514985413,0
0.8358211276452767,0.018744961174096957,1.5292741247108536e-05,2.127406163342301e-07,1.888390995080229e-05,1.1425246052294086e-05,0.14538809654275966,0
0.8190178510585577,0.17360918265509048,1.571258436863961e-05,2.403740026040301e-07,1.5909678422747813e-05,1.0676540716416147e-05,0.007330427108841402,0
0.7933096911667713,0.20086737124895115,1.511069643172776e-05,2.3116621035800445e-07,1.5300240579924776e-05,1.0267564006131317e-05,0.005782027917049496,0
0.7660488898836649,0.2220872287678229,9.478791961234319e-06,1.94363589989923e-07,1.1185361694375653e-05,1.0969706855065614e-05,0.011832053124411619,0
0.7809348691025666,0.2190167878133575,1.318540716170969e-05,1.5065696058156584e-07,1.230350010048152e-05,1.0103986775654894e-05,1.2599533077450792e-05,0
0.7703457198656639,0.22960745930103685,1.3535580024880371e-05,9.40377585810117e-08,1.5625031592164645e-05,1.1171848690572052e-05,6.394335232972625e-06,0
0.7673483521327789,0.23261403855018037,9.917131305116079e-06,6.889876885752025e-08,1.3980103773725566e-05,7.3187459708915865e-06,6.3244372222809e-06,0
0.5495755118527023,0.450379362728576,1.223922761686487e-05,1.5621640000357244e-07,1.7799845348488865e-05,7.568765904687452e-06,7.361363451776168e-06,0
0.6314304534941896,0.36822977036142346,1.594046697822884e-05,2.2932435121494173e-07,0.0003071617271287253,1.0415661759593495e-05,6.0289641693218905e-06,0
0.6912907092500988,0.3046271581415319,1.7405680287795443e-05,2.1116766194043698e-07,0.004048811099970874,1.1330790121916599e-05,4.373870326708554e-06,0
0.012865028693996531,0.9199934405226516,0.0036367684872142796,2.0427023807963113e-07,0.039915552201803955,0.023575438103572884,1.356772052265323e-05,1
0.011993674578632499,0.937876204557116,0.00661321578676265,2.082408277664083e-07,0.012839028175115084,0.030673903479820873,3.7651817251701423e-06,1
0.11507523428754496,0.7035805750986759,0.016972018512069937,4.3751770827165793e-07,0.08965172566950964,0.07471295528974842,7.053624743128331e-06,1
0.024661569546190833,0.9575122721177798,0.0012159938971613583,1.6165247683780294e-07,0.003194610308108102,0.013401358683894537,1.403379438873599e-05,1
0.056457767880038014,0.9213952311660576,0.0013830533817539173,1.3518785585471793e-07,0.0031110973560453882,0.017634948246555846,1.776678169366391e-05,1
0.1257427181683693,0.8737091329771416,1.7770205756588553e-05,6.965493240709316e-08,0.0004247193423699853,1.7064736571988987e-05,8.852491485799319e-05,1
0.07585239182414429,0.9240365604642733,1.755681976934669e-05,5.7274036772866205e-08,1.9823513834009663e-05,1.2137419742860541e-05,6.147268419928414e-05,1
0.12177782691802548,0.8781637180302327,2.5770777155807273e-05,2.820856762140816e-07,9.668243671539799e-06,1.5939480561626765e-05,6.794464676596456e-06,1
0.30510033539990716,0.6948090624826042,3.946221306644011e-05,2.885281470318443e-07,1.2024319242472198e-05,1.3266156341555173e-05,2.5560900690987318e-05,1
0.5416904598940075,0.45809345256453643,3.52896535157723e-05,2.1459285998920718e-07,1.730042463853117e-05,1.3385990646470082e-05,0.00014989687979517083,1
0.38920726249044624,0.6105780316973163,3.274849350004642e-05,2.8704256831802536e-07,1.8186385867824484e-05,1.4991167204352829e-05,0.00014849272309694667,1
0.6046966948397305,0.39507133404008876,3.2552832882804563e-05,2.128133403173521e-07,1.1486199652442738e-05,1.37145763518073e-05,0.00017400469795345765,1
0.6526376849376976,0.3463833432201571,2.5765495724119094e-05,2.2680207518856904e-07,1.5211728494390079e-05,1.3947646680181418e-05,0.000923820169171295,0
0.5883793684056975,0.4111508940808366,3.732208088230716e-05,1.9906461625382258e-07,1.3710941804960297e-05,1.4788131926812498e-05,0.00040371729423547637,0
0.7244782038437808,0.2746482898434535,3.1936631676610325e-05,2.242978910328373e-07,2.064594099373188e-05,2.39815376648957e-05,0.0007967179045392595,0
0.7381633745818205,0.2577599160273047,4.715881589021082e-05,2.803717585219609e-07,2.344369781596031e-05,2.3839458014468088e-05,0.0039819870473957195,0
0.7985285377393815,0.19878031723066927,4.3948667185686506e-05,2.623468419436847e-07,2.2226001842953192e-05,2.2306834884922582e-05,0.0026024011791940527,0
0.8690741998767504,0.12187642281827622,3.9347688609692896e-05,2.814713124853021e-07,2.0012708626356173e-05,1.964175196455612e-05,0.008970093684460546,0
0.8465354288188021,0.1499649284214826,8.714404951149396e-05,2.433255201963919e-07,1.812664476242091e-05,2.0138153069810546e-05,0.0033739905868512936,0
0.8591994422984449,0.1371205511421953,3.916652259938073e-05,2.3380034417084649e-07,1.9807545011499668e-05,1.987876984140594e-05,0.003600919921563408,0
0.8214554535574,0.17569087092208444,4.225184791631475e-05,2.5119852306466934e-07,2.12815172281774e-05,2.1358042231343833e-05,0.0027685329146167263,0
0.7670925361947151,0.2286149840459244,4.471932493052333e-05,2.795587297098678e-07,2.3411720867020014e-05,2.3769356134896722e-05,0.0042002997986984245,0
0.8094951004096025,0.18778772430608587,4.6019587187431003e-05,2.735987395492056e-07,2.3179261638513117e-05,2.326261063338338e-05,0.002624440226112808,0
0.6427800450028812,0.3571398929034841,2.006271002786504e-05,1.7024666101655716e-07,9.020085768979323e-06,1.0368468643662498e-05,4.044058253318778e-05,1
0.16889246292099613,0.0013089622001859764,1.4297474225037256e-05,7.132339883929124e-08,5.928987332173472e-06,5.82230839417033e-06,0.8297724547854677,6
0.09677075653865039,0.0009226215967700656,5.874341080778121e-06,4.2125140947251675e-08,3.640871306677496e-06,3.1122212260182325e-06,0.9022939523058251,6
0.19228426995511977,0.006305364836244136,8.39815492361608e-06,5.149621516683586e-08,4.713494053461138e-06,4.446942197332802e-06,0.8013927551212465,6
0.8253004199154904,0.17214406802757842,2.209011291313181e-05,1.5484042380112903e-07,1.1511296766417876e-05,1.3269214960696564e-05,0.0025084865918671632,0
0.8176968091732062,0.18165642619753003,2.3874431214360764e-05,1.7094623020187227e-07,1.3960791742035338e-05,1.3174346297792027e-05,0.0005955841137794574,0
0.7964425772245555,0.20346723528020624,2.1184314867054558e-05,1.9015372531291759e-07,1.4519149244332805e-05,1.1441845180097008e-05,4.2852032221567796e-05,0
0.8087309679131398,0.19118980379241082,2.334785726700374e-05,1.962205727927123e-07,1.3574182263512904e-05,1.2125212858777964e-05,2.9984821487238215e-05,0
0.7670470123247446,0.23288508757022489,2.339569210210158e-05,1.927190232982279e-07,1.1371253308115645e-05,1.0961728030481587e-05,2.1978712566637875e-05,0
0.6594982739134105,0.3404123834368517,1.971206775519129e-05,2.0894793847758194e-07,1.1499683522805562e-05,1.461392640072411e-05,4.3308024120686784e-05,0
0.6461712946329916,0.3537456262788251,2.1495448874039958e-05,1.8900474859285737e-07,1.1821906944319666e-05,1.5793583622322273e-05,3.377914399412575e-05,0
0.5880845643864728,0.41143762279013274,3.054604191837445e-05,2.1080319799829695e-07,1.603114411703849e-05,1.4524832727414036e-05,0.0004165000014335988,0
0.3672512710749974,0.6326843166723293,3.532837844915387e-05,1.731898811504432e-07,9.438222830789194e-06,9.960642784479536e-06,9.51181872776339e-06,1
0.47847317826243413,0.5213744513971025,3.288807863418673e-05,2.7054012697734274e-07,1.7540482737998265e-05,1.6188804539260857e-05,8.54824344249166e-05,1
0.5672752602318899,0.43240388359539683,2.9478207422197634e-05,2.6236154843160784e-07,0.0002557397102221238,1.5192353998248933e-05,2.018353952231093e-05,1
0.2577627114077815,0.7413096714885252,2.7667353949838698e-05,2.0038563938304282e-07,0.0008730634829716615,1.3157306569783876e-05,1.3528574562454356e-05,1
0.2189901676052563,0.779761510624987,2.8479893419325367e-05,2.062705982920965e-07,0.0011921660091948662,1.3543712545558371e-05,1.392588399861573e-05,1
0.1615974509504298,0.8312368809441907,2.7953741788010138e-05,2.2665901078844304e-07,0.007114410706260151,1.3925316962465909e-05,9.151681358150928e-06,1
0.1678353384908786,0.8105065772829243,0.0008826789878134543,1.8071661928259352e-07,0.02012692629598017,0.0006431389252459822,5.159300538078113e-06,1
0.185857390584218,0.7935843348091989,0.0001458475403237698,1.3662200895340786e-07,0.01802833870282353,0.0023798292615603025,4.122479866464269e-06,1
0.18974150481959015,0.7938435030628269,0.00013616701794580047,1.4536741773792852e-07,0.013657891109683478,0.002616664796352655,4.12382618324592e-06,1
0.11416375777068918,0.7705873726495264,0.00013653467722754778,1.903177423597897e-07,0.08315387974217335,0.031954173730822585,4.091111818710723e-06,1
0.1572990724627734,0.8018986920514061,0.0001621246450846462,1.707587007833836e-07,0.037080045984086304,0.003556387834649866,3.5062632987072406e-06,1
0.0727717638982073,0.8779213075382135,0.00032802786526392523,1.6135914884170634e-07,0.034048177613529754,0.014925340763958659,5.220961678061595e-06,1
0.12167471003055942,0.5722285302818652,0.0039661095987111195,1.3308137254874518e-07,0.29947341384548304,0.0026543705438161476,2.732618192622468e-06,1
0.036901710720794643,0.6014019172524688,0.008347866798525307,1.488682961625859e-07,0.3511542394683888,0.0021914230314458542,2.693860080323058e-06,1
0.11767171803006561,0.6708804544567586,0.0035802629369027857,1.7078977757997984e-07,0.2046588378801652,0.0032055210413774776,3.0348649526428792e-06,1
0.024354190805651012,0.2655219959174851,0.004381419972316083,5.856682693539395e-08,0.7040040414386428,0.001736867045254378,1.4262538237106487e-06,4
0.011962728319837515,0.2946511001610274,0.0037871756747034154,7.389458368548799e-08,0.6891643627810298,0.0004332230881896321,1.3360806286928154e-06,4
0.03742790719185302,0.8728649970299669,0.006557955020347341,2.570167530263565e-07,0.08169197373011902,0.0014514179331333212,5.49207782735142e-06,1
0.08422739428934212,0.8099644035695536,0.04432149377608773,2.629834660432871e-07,0.05078953780513507,0.010673281903165206,2.3625673250122666e-05,1
0.12474474726351131,0.755170038168795,0.0817082653209831,2.1906035245065717e-07,0.02231599592442463,0.01603953455605493,2.119970587845963e-05,1
0.1981053836177366,0.7642968342801083,0.009398284999886668,1.9527288336768954e-07,0.016133483243422186,0.012060421443172892,5.397142790085322e-06,1
0.07029708008360494,0.8583856360818968,0.02265907341509471,3.372523069721757e-07,0.008690058276734415,0.039956622320537385,1.1192569824555671e-05,0
0.07903633564519409,0.811743114770416,0.021232732353670715,3.385001995270479e-07,0.009262704923687982,0.07871755567915374,7.2181276777210934e-06,1
0.44496855047633604,0.37961140247717917,0.07728545487482061,2.453846599587342e-07,0.036731982077354015,0.06139577938534095,6.5853243091983364e-06,0
0.5038749568660037,0.3280455750577329,0.07407572668898951,1.9880529349509236e-07,0.03688928424210059,0.05710869455578645,5.5637840932970026e-06,0
0.01902926479690347,0.5566260138284138,0.4035963634428059,1.005862373108082e-263,0.015265672421144608,0.0053673169325212525,0.0001153685782111917,1
0.0071785916570619515,0.20850550888708164,0.7704139284898364,1.7594557408102034e-07,0.004783520082301724,0.009046033814817523,7.224112332668976e-05,2
0.014646875787928277,0.4150582881613923,0.5537002889488722,2.9887200346898503e-07,0.008213210304026386,0.008289422278339413,9.161564743777383e-05,2
0.010656717756629264,0.20141214496372054,0.7640165744495021,1.9682074096879642e-07,0.008228923040844563,0.01562510991828104,6.0333050281539294e-05,2
0.017368675901887242,0.09870528707262288,0.8538467063391804,1.6228445090718308e-07,0.011633017229343585,0.018431269969225998,1.4881203288959948e-05,2
0.0032299021407522564,0.05023825490956452,0.9354097499072523,9.30619193815591e-08,0.006470493671954129,0.004647638066410616,3.8682421466179316e-06,2
0.0019988605186388527,0.0675589842217916,0.924987817460335,5.856939066244836e-08,0.002633512274743241,0.0028028226139011543,1.7944341199525755e-05,2
0.001379815944056613,0.05199091179336441,0.9425644842521711,9.348719198127118e-178,0.002479036354960673,0.0015781131579717968,7.638497475585e-06,2
0.00046899427466037564,0.07990508745180994,0.887479419506248,6.265146036231266e-08,0.005162048063968711,0.026983101601937856,1.286449914827209e-06,2
0.0007059370419125793,0.02623937221056867,0.9667091932833841,2.699256104499067e-08,0.002134942587810874,0.004208533509704783,1.994374057955833e-06,2
0.00031381628687473693,0.05102099342067884,0.937135811650728,3.7942207689616704e-08,0.0037619494396287007,0.007766612584089839,7.78675792306468e-07,2
0.0002888741348810251,0.04050721959932132,0.9323996953330339,3.409615540711789e-08,0.0030876086006018677,0.0237158681246928,7.001113136990382e-07,2
0.0006917458711313627,0.09982031619623837,0.7746521351212757,8.039588017838899e-08,0.007114575105862242,0.11771949650574239,1.6508038696917816e-06,2
0.0009437516819620484,0.13830556004336036,0.7103923853157986,1.1139212594149264e-07,0.009857565393325295,0.14049833891004868,2.2872633790361822e-06,5
0.0011016142922670605,0.16179916061576857,0.28630151003713517,2.1515800197527954e-07,0.006754414416793917,0.5440408382138311,2.247266202185561e-06,5
0.0009506205871282319,0.1288917259526224,0.30714224745307994,4.631331231723309e-07,0.0014910693934178214,0.5615219837203228,1.8897603055729183e-06,5
0.000590331602708758,0.1697930906888614,0.37087785327829614,4.854646618943625e-07,0.0008952618346179759,0.45784048122590326,2.4959049506792015e-06,5
0.0003625768329196692,0.04826077252021539,0.8816749380865517,2.5996228669965947e-07,0.00087470539567972,0.06882556931884823,1.1778834985037812e-06,2
0.00045336824143016243,0.07737359933308781,0.8018046904157372,5.441489138296124e-07,0.0005982121270813364,0.1197673533359737,2.2323977758435217e-06,2
0.9893131112452375,0.00272856631966698,1.4729441988771316e-05,1.546857958868349e-07,1.175787107819321e-48,6.415880507503399e-06,0.007937022426803476,0
0.9796389076800622,0.002563233655586066,1.4119733421144463e-05,1.7610791018776624e-07,4.1995955855161807e-05,7.99286058838045e-06,0.017733574006576762,0
0.9738940019096448,0.0028315894323977073,1.897841498510978e-05,1.9795239405075472e-07,2.492311839968377e-05,8.752159233874528e-06,0.023221557012944427,0
0.9679753360762271,0.002573181787566634,1.62613613708761e-05,5.728119831261688e-08,1.760227577748598e-05,8.729559948968134e-06,0.029408831657910202,0
0.6234417326689728,0.0016448792476801755,1.296368129137663e-05,4.566500811198058e-08,1.403266848192262e-05,7.730480299170057e-06,0.3748786155882665,0
0.8853361756767948,0.005267710187644513,2.3685493428209903e-05,2.4055320349502743e-07,2.064456439511638e-05,1.1816507440044621e-05,0.10933972701709384,0
0.9038957078878477,0.00714214721429009,2.4075958139229655e-05,2.2822783832419137e-07,1.9586786775589024e-05,1.1379215893048644e-05,0.08890687470921607,0
0.6833535288199267,0.005782054031400119,1.4863134207433634e-05,1.843833642543243e-07,1.5992320900605126e-05,1.1189541864648157e-05,0.3108221877683364,0
0.7875118231111031,0.016289005806692396,1.624498925890077e-05,2.0954479888850595e-07,1.8357544581718635e-05,1.1253614507341485e-05,0.1961531053890578,0
0.9464016901583016,0.027283617086488774,1.4982485361093488e-05,1.7592488863063083e-07,1.9369248747380597e-05,1.2358122491462822e-05,0.02626780697372098,0
0.827804021056253,0.16354649433155444,1.6273598355861253e-05,2.489564976577695e-07,1.7179100222016273e-05,1.105774399504455e-05,0.008604725213122078,0
0.8089259194973069,0.18118222874947368,1.5452129904825927e-05,2.3638952236232422e-07,1.6311923305088276e-05,1.0499564566443699e-05,0.009849351745920604,0
0.8159025292497645,0.17558773017502677,1.5541037219952824e-05,2.210262401435016e-07,1.573597943689585e-05,1.209894587551114e-05,0.008466143586436145,0
0.8261090408309278,0.1665596464501445,1.5551487079555546e-05,1.9427095336910379e-07,1.0228687337535086e-05,1.018276260827387e-05,0.0072951555109490125,0
0.805470336230597,0.1867929277823807,1.713921552677349e-05,2.1232492585681616e-07,1.1558168847118031e-05,1.1129066277404468e-05,0.007696697211445096,0
0.7681862301448991,0.20605558333276883,1.6412782844512185e-05,2.0948591939552902e-07,1.1499072450160555e-05,1.0410233857036058e-05,0.025719654947261,0
0.634390383751234,0.3655276679116338,1.5634731474889814e-05,1.995551960047184e-07,1.5405721717749127e-05,1.1980905718403192e-05,3.872742302510832e-05,0
0.6264441102827544,0.37064344571875973,1.7259850488095096e-05,2.1488272542894433e-07,0.0028790491701464875,1.1582870343666327e-05,4.337224782086752e-06,0
0.7456813809169072,0.24309428466397254,4.0652265891817823e-05,1.3545849987469665e-07,0.011125548472992085,4.33116364328859e-05,1.46865853036656e-05,0
0.7080268091711807,0.2785503825991642,3.664167105443542e-05,2.623870244255047e-07,0.013313856512290466,5.484893686535099e-05,1.719872242052937e-05,0
0.08112785236362699,0.9179888333897757,2.075227326113568e-05,1.6653172055004188e-08,0.0008341018562544463,1.4660436494466602e-05,1.3783027415183982e-05,1
0.03158676599387583,0.907716056356954,0.0005379510514595817,1.0938458997320192e-07,0.0598914962930542,0.0002053118770436368,6.230904302265475e-05,1
0.021011713483389188,0.9283411785767285,0.0035174823346745187,1.8426627729998452e-07,0.046860326602028414,0.00020130252502774474,6.781221187444875e-05,1
0.02259271622173257,0.9543478160114608,0.002357963960801243,8.225684914258141e-08,0.019618392937848016,0.0010692680167697216,1.3760594538610892e-05,1
0.006586788839251879,0.9362511268005614,0.0019131600844550414,9.921003419685965e-08,0.04375699062343273,0.01147812468776948,1.3709754495408534e-05,1
0.007546897239558528,0.9270660796189605,0.0034491555702294728,1.9461549323273028e-07,0.042337160831944415,0.019586724759560605,1.378736425334945e-05,1
0.09835812819101718,0.9000525207091213,2.466762987594899e-05,8.047099413079655e-08,0.001486767590719734,1.6421789931901768e-05,6.141361833959566e-05,1
0.09388088105556354,0.9060047536738596,2.1872766062702897e-05,7.135356085313175e-08,1.398182546083897e-13,1.5836800207830915e-05,7.658435060573545e-05,1
0.10258058903214887,0.8973649626445558,2.4636267292918897e-05,2.508101596426973e-07,9.347867726294229e-06,1.4172232060621422e-05,6.041146055677522e-06,1
0.28472172030584075,0.715209800994603,2.9978692071953775e-05,2.7093670917325444e-07,1.1291201635327793e-05,1.2711543114040634e-05,1.4226326025700175e-05,1
0.46138971010262536,0.5384873813135312,4.075971919476226e-05,2.647880375545787e-07,1.241967537416563e-05,1.3702343717145773e-05,5.576205751982199e-05,1
0.5838082562571203,0.41606595032123544,2.316529282036219e-05,2.1971783216062054e-07,1.4993763627662331e-05,1.198803372347569e-05,7.542661364056735e-05,1
0.5707135514919824,0.429074767730646,3.520242671807505e-05,2.0961960996380753e-07,1.689948242042882e-05,1.3075766539638636e-05,0.00014629348208347083,1
0.5390064738669958,0.4608367986952223,4.209474830619446e-05,2.8144209183923794e-07,1.859268502146351e-05,1.3949005417535713e-05,8.180955694492018e-05,1
0.4255716127424801,0.5742500175635535,3.200534292920977e-05,2.758655977335058e-07,1.266629101926719e-05,1.347069513798928e-05,0.00011995149928218944,1
0.40031638480244347,0.5994724166213163,3.269635032399376e-05,2.818216397737984e-07,1.785559931706992e-05,1.47184974981587e-05,0.00014564630746125893,1
0.34358147074520234,0.6561149250556154,2.767882860204984e-05,1.8830359216049699e-07,1.388948027907719e-05,1.2466786880002374e-05,0.00024938079982872354,1
0.5883696638859933,0.4104505511256722,3.129798107917404e-05,2.205666054466419e-07,1.68830667315794e-05,1.4602784956991964e-05,0.0011167805889611743,1
0.5442250962454148,0.45488397310698253,3.059664580880287e-05,2.0556984656182158e-07,1.4782505106207e-05,1.4612227733730059e-05,0.0008307336991073695,1
0.6082988985378333,0.3908884785004599,2.689481590583091e-05,1.9479039777891654e-07,1.4653907254639335e-05,1.3846007575013742e-05,0.0007570334405737441,0
0.621484155508927,0.37791742693649477,1.979861322598847e-05,1.9279660204667367e-07,1.450391578648625e-05,1.3339637059498857e-05,0.000550582591904252,0
0.6030809229271024,0.3961863396359686,2.4112824722687118e-05,1.9551547125271003e-07,1.3417164002233683e-05,1.4623093529776057e-05,0.0006803888392032287,0
0.5750897415638591,0.42444027462641254,2.8298848732031347e-05,2.1835334033348758e-07,1.3250902643287889e-05,1.6933058850241553e-05,0.0004112826461624375,0
0.6579482454677054,0.3417162080575611,2.7483793928048413e-05,2.442840436291924e-07,1.8241546701383484e-05,1.793096187955372e-05,0.0002716458881807951,0
0.7741169051878712,0.2221999224348718,3.557040718006335e-05,2.5664196877389583e-07,2.174268547959952e-05,2.1821760763598785e-05,0.00360378088186494,0
0.7864106527442083,0.2107406536092599,3.613530067795394e-05,2.6071769888045113e-07,2.0148825001228033e-05,2.224484521559511e-05,0.002769903957937941,0
0.7834799496444407,0.21365632356900782,7.603591970831581e-05,2.6658633085193826e-07,2.4546395083276643e-05,2.1540831816653698e-05,0.002741337053612343,0
0.8457788423982514,0.145019442628688,3.82929818053194e-05,2.3631925086305798e-07,1.9476272034831396e-05,1.889527964783208e-05,0.00912481412032174,0
0.8148521085909989,0.18040696724074537,4.0258343802755016e-05,2.0270928443670053e-07,2.0277424052863705e-05,2.218152711116395e-05,0.0046580041640045524,0
0.6843235242136719,0.3123830045955842,4.8730694520401906e-05,2.8971699689172345e-07,2.4544799011655556e-05,2.6849619719730553e-05,0.003193056360495228,0
0.6283603659326312,0.3696038051252433,3.12204012089845e-05,2.2525649458057264e-07,2.5667549143379996e-05,1.8935224681706804e-05,0.001959780510596793,0
0.6070410620403652,0.39121117820567125,2.841886356154519e-05,2.0504328381260602e-07,2.52941734419423e-05,1.7434426282333318e-05,0.0016764072473939209,0
0.7973348087082415,0.20193166849124256,1.7080282637266733e-05,1.5039255561086154e-07,8.911820817266583e-06,1.039070102361879e-05,0.0006969896034820093,0
0.5848728107522747,0.4150405475938444,2.0949805549504145e-05,1.6614896905397268e-07,1.1197722905561274e-05,1.0859996063981423e-05,4.346798039284969e-05,1
0.21209828625116853,0.004257168505364128,1.360844350115559e-05,8.699064408703545e-08,7.324550709849922e-06,6.3928405654070354e-06,0.7836171324180468,6
0.8959118286066183,0.054468879665329546,2.0241662476577276e-05,1.4442196489991093e-07,1.1882566202523722e-05,1.1253004675515756e-05,0.049575770072732485,6
0.9103471566141224,0.05534650636816387,2.0889934293416344e-05,1.1263635011098734e-07,1.2074023369654871e-05,1.1434318068613473e-05,0.03426182610563198,0
0.8503698585860425,0.1491841354712217,2.262935741748442e-05,1.6127156621620808e-07,1.443329194841195e-05,1.2867785137587458e-05,0.00039591423666596615,0
0.7350308330566142,0.2648771195426147,2.2409264809682488e-05,2.1245809894691332e-07,1.4765807137325924e-05,1.1272647766811315e-05,4.338722295846609e-05,0
0.6894763162659492,0.3104353334159312,1.9632743619525177e-05,1.649891032606709e-07,1.2169777908689633e-05,1.2485670687665839e-05,4.3897136800414194e-05,0
0.5761599956171578,0.4231775594917832,2.7442448988719595e-05,2.4200860229024547e-07,1.78043644149014e-05,1.570383655512589e-05,0.0006012522324979428,0
0.422143771048894,0.5772196707958613,2.411746108309788e-05,2.0749976145130909e-07,1.0039202589063733e-05,1.3216165305969134e-05,0.0005889778265051331,1
0.39453461702768355,0.6047783589913964,2.593530421371908e-05,2.2442222161538485e-07,1.085794090810697e-05,1.2994919529767724e-05,0.000637011394046828,1
0.458494358304933,0.5414064553252756,3.860171257115112e-05,2.688787105181788e-07,1.324153061656127e-05,1.4791634013423602e-05,3.228261387966244e-05,1
0.22437451151032783,0.7735401154411996,2.821459670060784e-05,2.0434914050821096e-07,0.0020302560480995385,1.3526830909845388e-05,1.317122362201342e-05,1
0.21634156155131862,0.7797328810677813,2.8325533381682718e-05,2.0598510780699668e-07,0.0038689534210030263,1.3524967260982188e-05,1.4547474146734424e-05,1
0.14073335161253347,0.8424496324745269,2.8048048112373938e-05,2.274236804471061e-07,0.01676420980400928,1.5348081149486364e-05,9.182555988001235e-06,1
0.17398137789095877,0.8091342575385025,0.0004048001813436993,2.1843002089600521e-07,0.01610125511378496,0.0003692714212535775,8.81942413558091e-06,1
0.17517492308200514,0.8043415255528056,0.001583557345414215,1.8318842299896266e-07,0.01827269830456448,0.0006219471169800616,5.16540980745249e-06,1
0.19237114741023548,0.7858586341296652,0.0017843602072071928,1.8173539331186014e-07,0.018873601416941853,0.0011069506621912619,5.124438365734684e-06,1
0.16658495352781266,0.8020245528310341,0.00015478514958682196,1.7751878142780743e-07,0.02695605612193354,0.004275724472305133,3.750378546215226e-06,1
0.1598700615449468,0.805827467896211,0.00019244785819561654,1.715953060373613e-07,0.030487496438013087,0.0036188312256460664,3.523441681325932e-06,1
0.1235332615533544,0.8330253112866439,0.00021385539223764023,1.7469641049851613e-07,0.04064025666718037,0.002583553286153882,3.5871180193849678e-06,1
0.07161469455582828,0.8815439070462392,0.0002588283635438732,1.620249711291828e-07,0.030545055154494183,0.01603217496409787,5.177890825463588e-06,1
0.12764334053902834,0.7911826048609216,0.004939470468726895,2.0182898417603382e-07,0.07529636447332635,0.0009344323918847055,3.58543712787709e-06,1
0.07085686823951728,0.7830429840461692,0.004705873440105302,1.7281812936281878e-07,0.14055761807921605,0.0008329348264136364,3.5485504490032737e-06,1
0.04028604501524704,0.8696958942714739,0.0028301888628345134,1.9993627690558825e-07,0.08586747432232372,0.0013160922125774544,4.10537926663851e-06,1
0.004342341503081815,0.05432266972730661,0.0006897473660424287,1.198580274549347e-08,0.9402391486404199,0.00040586192931334767,2.188480331114807e-07,1
0.020381305169618294,0.5007636469807539,0.006735960350228121,1.2045087733069307e-07,0.47135020713983317,0.0007665820483388516,2.1778603503005958e-06,4
0.028919553961700917,0.6944645934311464,0.0033962625973843865,1.620234188035519e-07,0.2724718683632737,0.0007436572430335604,3.9023800422223406e-06,4
0.039783296120528014,0.8587119861778565,0.008578820410132689,2.3775294801267976e-07,0.09214795051921486,0.0007726285812597285,5.080438060136768e-06,1
0.06990021317239842,0.8346641043743284,0.032609231103050015,3.1496838487338317e-07,0.05701997296340032,0.005781945151942248,2.4218266495637953e-05,1
0.09710462567157485,0.801159686316178,0.033537106039213,2.76334896110665e-07,0.055271406796594494,0.012879027838304354,4.787100323944847e-05,1
0.040738777075277,0.8264383227853349,0.0613012430693133,2.655485437081475e-07,0.04805967102239196,0.023398328136171983,6.339236296731867e-05,1
0.04414103988161574,0.8512909559334921,0.02888603725746041,3.188645534694644e-07,0.007488121882534552,0.06817905186114663,1.4474319196927618e-05,0
0.05407910178707601,0.869368779114051,0.026530258846010703,3.0664063727680775e-07,0.005445883835538119,0.0445494925270395,2.6177249647425857e-05,1
0.06350877374428072,0.8629547078246005,0.02458610573150313,3.0437828905935707e-07,0.005905259186507904,0.04302525268589859,1.9596448920059482e-05,1
0.071316327854703,0.8070109853281602,0.0395752923102507,3.3652688219149586e-07,0.004726674476983354,0.07734750913750835,2.287436551210761e-05,1
0.11240367621073692,0.6553828940280072,0.04079588153276336,3.0997366698550645e-07,0.012039860853824021,0.1793689494133898,8.427987611477326e-06,1
0.5099983950656176,0.304448473545185,0.11063061231037179,2.0472626334529277e-07,0.028899222621028616,0.046017362242607766,5.729488925850918e-06,0
0.5046078196791424,0.3171918536575408,0.10372216529778255,1.8528797896276238e-07,0.027552268072650942,0.04692052523460521,5.18277029907278e-06,0
0.06824254104953387,0.1928077601306269,0.7081374473228765,1.9613213490462744e-07,0.022166206601936907,0.00860305062357253,4.2798139318290925e-05,1
0.02305713238299813,0.5764655386614571,0.3701652852992771,3.6290225614740356e-07,0.01923394795709675,0.010928729522585013,0.0001490032743296299,1
0.01152842779525542,0.22156360828358895,0.736823710540561,1.914302296870128e-07,0.008839315285549518,0.021166147729300817,7.859893551461503e-05,1
0.013750466294178611,0.25285084701357907,0.7037041586359296,2.385648347999928e-07,0.009413331630494723,0.020207828656700476,7.31292042827792e-05,2
0.008071291231673466,0.05363963399978661,0.9301836564476207,9.276021896336036e-08,0.00275667571368776,0.005333770739613995,1.4879107398617087e-05,2
0.02783870863970234,0.2385503349750326,0.4618202492535678,3.180814092976592e-07,0.021142373322627882,0.25064505250800473,2.96321965536346e-06,2
0.014310425819881258,0.08113586940568138,0.8443074035845033,1.3703339824526392e-07,0.02398706302217857,0.03625327385119415,5.827283163177503e-06,2
0.012041751821865137,0.07348388932630924,0.9010507064174216,1.1629422275851833e-07,0.008639164871060862,0.004773707290159339,1.0663978961181589e-05,2
0.001191877581604824,0.027354432881836366,0.9634945959895155,4.6905886469567266e-08,0.001016152293687278,0.006935816644033859,7.0777034360307e-06,2
0.0037218019143569784,0.06309128221281671,0.9271505922291678,9.797402562087236e-08,0.003748340526687941,0.0022709895088316324,1.6895634113260984e-05,2
0.002788661686194251,0.06848896909157898,0.923395761770027,1.0671721953583163e-07,0.0031039526202458617,0.002204144715635202,1.840339909925918e-05,2
0.0026715955986055437,0.06427543524902413,0.9278680221196376,1.0723408046297724e-07,0.0026920512049221222,0.002474296061893259,1.8492531836810314e-05,2
0.0014057155783853824,0.054618961305473536,0.9400181191435462,4.886837263018129e-08,0.002159689035164092,0.001782493901132015,1.4972167926339202e-05,2
0.00045923788874303954,0.07297371646729868,0.9114412324707855,5.552452209271306e-08,0.005505226434926061,0.009619391701717966,1.1395120069624505e-06,2
0.0005298414407125868,0.07754294026716567,0.8603441472618146,6.253781118585789e-08,0.0057770959394034095,0.0558046284367861,1.284116306440029e-06,2
0.0007847252223999565,0.11323742301347545,0.7138095030295281,9.120209832238546e-08,0.008070863542846845,0.16409552129696484,1.87269268649757e-06,2
0.0007822205305181121,0.11643217912388223,0.7356532091739406,1.8435399151478772e-07,0.00818835068594226,0.13894193060494703,1.9255267783012134e-06,5
0.0009454885095977114,0.1530622114438623,0.23497039884140863,2.035397431411001e-07,0.007325261682490203,0.6036943100662165,2.125916681523554e-06,5
0.0009333970747163081,0.12882756695590203,0.2268980889509059,1.7765151884166814e-07,0.005343947192084511,0.6379949666535791,1.855521293164274e-06,5
0.0012806419233147126,0.22845874892236953,0.38336711754059927,6.327943585739652e-07,0.002548960084793072,0.38434069788502895,3.200849535838766e-06,5
0.0005238844127076294,0.13657312408924285,0.2968649476009074,4.629479740470055e-07,0.0007549316486852964,0.5652804280099567,2.2212905260504187e-06,5
0.9920365900250429,0.0022251602802218365,1.066278683070413e-05,1.0467146100884387e-07,1.3171291646490108e-05,4.806956468338872e-06,0.005709503988328617,0
0.9726435066356389,0.002350021388785025,1.29452402715294e-05,1.614590830506466e-07,2.4268448079356854e-05,7.3280066759954566e-06,0.024961768821466116,0
0.9538376451783251,0.004909784395519914,2.1896687549210696e-05,2.2709922813014396e-07,1.866000039785914e-05,1.004084146603146e-05,0.041201745797513706,0
0.3439536695569981,0.000999608917893443,7.1520809684133445e-06,2.5193448380853757e-08,8.200702001095428e-06,4.264916714758053e-06,0.6550270786319758,0
0.9010208683477468,0.006357083833956413,2.4614249220645885e-05,2.6475235473217353e-07,2.1010305293047665e-05,1.2025849713333562e-05,0.09256413266171526,0
0.9079367194743179,0.014965745696159286,1.9506275826022578e-05,2.419834680007145e-07,2.089009597805959e-05,1.308558390688657e-05,0.077043810890344,0
0.7726586909057314,0.006637179539986893,1.7061288207604326e-05,2.1165237925775913e-07,1.773017256346667e-05,1.2776325250356871e-05,0.22065635011588092,0
0.942929211775407,0.026485189550595853,1.5870385401567992e-05,1.5032010901996707e-07,1.7403747009265913e-05,1.1354383920522006e-05,0.030540819837556663,0
0.9354795578189651,0.027972865973957785,1.4333076512927614e-05,2.1745116630809346e-07,1.4635136038446571e-05,1.115852915768241e-05,0.036507232014201814,0
0.8050845156793937,0.185970448631752,1.5685788799537962e-05,2.1964487436920093e-07,1.5637632998911316e-05,1.2023330103706414e-05,0.008901469292077645,0
0.811749437341429,0.18118948961595727,1.5778260321304877e-05,1.97103830614082e-07,1.0745015594116437e-05,1.0408822146713192e-05,0.007023943840720918,0
0.7571207617866492,0.21063973032630065,9.013938625285426e-06,2.064683440712058e-07,1.1333432117968616e-05,1.0260277884347918e-05,0.032208693770078484,0
0.7108817333656582,0.2890771586417151,1.3281515923381408e-05,1.6951973352320358e-07,1.341892917779748e-05,1.0403702515742668e-05,3.834325276366857e-06,0
0.7311693280603085,0.26877987588337837,1.607240981184026e-05,1.8364396197828263e-07,1.56837986331856e-05,1.2589870867008543e-05,6.2663330391114455e-06,0
0.7888429053607126,0.21110410045363556,1.357609417754067e-05,9.43192286103699e-08,1.88507497774019e-05,1.0634452118540985e-05,9.838570349878413e-06,0
0.8087989909837249,0.19116455614683542,1.0441331173248822e-05,7.254062096559783e-08,1.0398824874227814e-05,6.413244227219289e-06,9.126928543998036e-06,0
0.6956403143076878,0.30060841757918655,1.635292006362447e-05,1.7283622130704956e-07,0.0037203136491886072,9.274009718626785e-06,5.1546979337601485e-06,0
0.8009523062120718,0.1914346350911305,2.990717737084349e-05,1.2028238559388035e-07,0.0075306378482730175,3.8653471768633223e-05,1.3739916999627265e-05,0
0.8442231719041177,0.14739669607545702,2.7492806932071882e-05,1.0667401681716887e-07,0.008291324008736728,4.964279622246303e-05,1.1565734517355754e-05,0
0.029025300770421775,0.9152932509740935,0.0005212572730657337,1.0599015083276322e-07,0.05487877366185031,0.0002209358710425842,6.037545937534946e-05,1
0.030036725629671055,0.9483331402133671,0.0018309178145353312,8.118891768145694e-08,0.019190499152378568,0.0005771214331814726,3.151456794894189e-05,1
0.00945722525461758,0.9524882011050004,0.0017886129312840102,2.1148519439141322e-07,0.013998081425344098,0.022255246351843196,1.2421446716046715e-05,1
0.02063291057616266,0.9535766817070312,0.0019765581094899447,1.612952008683543e-07,0.002442057602625803,0.021353687030694294,1.794367879523534e-05,1
0.05750901249956302,0.9319569736855532,0.0013676629856365365,1.3673748328603558e-07,0.0027287845735399405,0.006423405858230735,1.4023659993364593e-05,1
0.07462682238212201,0.9186952326383815,0.0004595270634657807,1.3796315709442902e-07,0.004110864530677605,0.002067670885154792,3.974453704119968e-05,1
0.11353596834724787,0.8848972340656814,2.1036164999377266e-05,8.245670709765483e-08,0.0014206831515771235,2.0201038700194693e-05,0.0001047947750868401,1
0.11215499442596946,0.8862796122185146,2.4909763582027006e-05,9.003902807347694e-08,0.0014299364021673696,2.205862876001216e-05,8.839852197847482e-05,1
0.10289397532343585,0.8969957899816988,2.476917748015224e-05,7.386039941468627e-08,2.2774137700935526e-05,1.8095032405560987e-05,4.4522486879207976e-05,1
0.1541287388285149,0.8458089278435834,2.3809211128906572e-05,3.318807095801812e-07,1.1445192475307144e-05,1.875318942149152e-05,7.993854166402168e-06,1
0.43001868641068564,0.5699117406987052,2.6582900515068934e-05,2.3319074275754903e-07,1.262625631034813e-05,1.4746432981703277e-05,1.5384110059311864e-05,1
0.5966102505543733,0.402830463251007,2.7936264354296684e-05,2.0242040901705076e-07,1.6443250649525903e-05,1.3290909396593008e-05,0.0005014133498104573,1
0.496784826798188,0.5029858325650101,3.9819019193688196e-05,2.371099964036431e-07,1.9115750747857763e-05,1.4790576882210122e-05,0.00015537817998167376,1
0.5321406721321581,0.46765931948975087,3.83761811399027e-05,2.022176157078097e-07,1.6302735427974494e-05,1.2614040898436056e-05,0.0001325132030090581,1
0.5561844408499065,0.44369529485780457,4.151112764860173e-05,2.775400511970489e-07,1.6641961469488405e-05,1.3644480673852416e-05,4.818918244595225e-05,0
0.5125452107565688,0.48729449599444874,3.933068645753456e-05,3.2171327187594683e-07,1.3124456361048454e-05,1.433950800640491e-05,9.317688488561441e-05,1
0.40177562173736864,0.5980328193730277,3.3050343771108995e-05,2.848728370097782e-07,1.3079855867116222e-05,1.4621479148968741e-05,0.0001305223379794554,1
0.4921783464835508,0.5070985071360913,3.9852621866482256e-05,2.117568650347995e-07,1.4488347936334355e-05,1.4032354331536472e-05,0.0006545612993584683,1
0.29965039477986977,0.7001586012296277,2.0776893843238963e-05,1.4968778249909165e-07,1.104113564263745e-05,8.929725839380024e-06,0.00015010654739484422,1
0.37363534917404456,0.6255968831121655,2.5330066981850442e-05,1.746996476116408e-07,9.910071758204144e-06,1.0634505456439308e-05,0.0007217183699458989,1
0.5193434350667961,0.4798592779061647,3.3933338447461214e-05,2.1825396297916348e-07,1.6919860832496453e-05,1.545039012277879e-05,0.0007307651836733017,1
0.42812161202220533,0.5713024849720312,2.6524378078388152e-05,1.7060068051155696e-07,1.3225600730376242e-05,1.237403324268639e-05,0.0005236083930314772,1
0.6313619757243569,0.3675703193007108,2.8570130468522083e-05,2.3318966982473544e-07,1.517721528704749e-05,1.5774054754602953e-05,0.00100795038475241,0
0.6735689526587857,0.32573621495507976,2.8814862879936444e-05,2.1304079244579042e-07,1.6026868108246054e-05,1.904888585685056e-05,0.0006307287284969702,0
0.6407074828055891,0.35860763303375537,2.8287191069664504e-05,2.091394856417274e-07,1.5733376289704165e-05,1.870005337669509e-05,0.000621954400433758,0
0.6822635161472373,0.31742332245880667,2.671798412307992e-05,2.438357846578462e-07,1.8208073631105766e-05,1.8734729128544773e-05,0.00024925677128867827,0
0.7223434244439815,0.2755631842439636,5.1414001772612574e-05,2.4946261248596356e-07,1.9348677811756106e-05,2.3119976221038563e-05,0.0019992591936371625,0
0.8283123993846861,0.16394087102414934,3.942076169687431e-05,2.4087761985547095e-07,1.9861081970482324e-05,1.92686104029368e-05,0.007667938259474301,0
0.8506354793588851,0.14317784873232103,4.587779762332079e-05,1.982345857094343e-07,1.8797879038727333e-05,2.1114696680734256e-05,0.006100683300865459,0
0.8728935041419734,0.12276376374224066,3.207892078978972e-05,2.2941769547016753e-07,1.6125511849528374e-05,1.4422571953281842e-05,0.004279875693497768,0
0.5796255365623381,0.4186397886483388,2.765015320914952e-05,1.9949700661490574e-07,2.432686252938645e-05,1.821598114480068e-05,0.0016642822954332237,0
0.8248752277013862,0.1742388731655402,2.0742611282316668e-05,1.6369492335761032e-07,9.763157824935024e-06,1.2467234648739752e-05,0.0008427624343943465,0
0.8132167567867986,0.18600147600262118,1.9676078131561875e-05,1.5976130478707513e-07,9.528547379238239e-06,1.199404473272277e-05,0.0007404087790318116,0
0.7898430318496262,0.20940272836682408,1.7622794808556307e-05,1.5516939646431552e-07,9.254674953916928e-06,1.1649308227815382e-05,0.0007155578361630314,0
0.673199652466061,0.32572999237061306,1.6992108093290225e-05,1.6114095179957208e-07,8.88372302929295e-06,1.0980062687186562e-05,0.0010333381285644568,1
0.6306694866222523,0.36832772533975333,1.9647480432189315e-05,1.6347347526423119e-07,1.0524163506223509e-05,1.1669374021651066e-05,0.0009607835465590233,1
0.5335498356958759,0.4651117929598069,2.2087407248503756e-05,1.9610852109555414e-07,1.1584042694846481e-05,1.3032447544636194e-05,0.0012914713383079793,1
0.08764431130270924,0.0008786750339970043,5.271867559865878e-06,3.2155704861766945e-08,2.823040344249153e-06,2.613965260190397e-06,0.9114662726344246,6
0.11821533982640572,0.0010195222088338035,6.8323536323676355e-06,4.167387447025016e-08,3.6586673946797307e-06,3.683368958702774e-06,0.8807509219009003,6
0.15068014335568694,0.000818914840669133,5.852356579363659e-06,3.5696391985352805e-08,3.133887288491734e-06,3.1550457894285036e-06,0.8484887648175946,6
0.14275676109901625,0.000922143066114273,8.471717307912604e-06,3.814548320906511e-08,3.4714051996255625e-06,3.566162280787492e-06,0.8563055484045979,6
0.04841566977182418,0.0002673039174931074,3.397710732951409e-06,1.816821395319385e-08,1.4582887348668108e-06,1.387785234108698e-06,0.951310764357767,6
0.07157622294735873,0.00033389324886643113,4.3291828486358105e-06,2.6842089584611835e-08,2.2495149373557234e-06,1.8886193803694885e-06,0.9280813896445189,6
0.1221491436235635,0.0003037699317999579,7.290930595163183e-06,4.580764562330535e-08,3.838932984330595e-06,3.223042938611938e-06,0.8775326877304729,6
0.09014097723144632,0.0009936584253460374,1.006304949548061e-05,4.420034733049631e-08,3.8202311665210575e-06,3.6081854969847816e-06,0.9088478286767014,6
0.08584050989875064,0.0009693888288918924,7.762898206895193e-06,4.3068235355553426e-08,3.3557298478828953e-06,2.9226324363907055e-06,0.9131760169436309,6
0.2005225023611206,0.002212009614220781,1.5521131639936608e-05,1.0836328328160607e-07,8.443297040629392e-06,7.331290677517701e-06,0.7972340839420172,6
0.19568481303550733,0.004028882466157854,9.628716009340006e-06,4.7834915493018896e-08,4.709650731277892e-06,4.422262706434315e-06,0.8002674960339723,6
0.21948512141484228,0.005170825841447863,1.0438409900515283e-05,6.809080628653924e-08,5.286968536761246e-06,4.794137740976699e-06,0.7753234651367252,6
0.1693387746211712,0.004196965522329935,8.245029852456868e-06,5.785253575677926e-08,4.176039629603436e-06,4.190652140653291e-06,0.8264475902823404,6
0.1784089924313731,0.0055053559226556385,7.647077147911179e-06,6.156932565985562e-08,4.1888058049720075e-06,4.481117101854632e-06,0.8160692730765908,6
0.9227996969468817,0.0669220516696447,2.0351901166529466e-05,1.6642912315797428e-07,1.395987369184152e-05,1.2126331387765985e-05,0.010231646848104436,0
0.8903212253119202,0.10619314282126302,2.137094228856062e-05,1.7476240460494209e-07,1.3857518399096263e-05,1.2808021189714944e-05,0.0034374206225349277,0
0.8668425897943003,0.13063810655602337,2.3468683882262313e-05,1.9191683608508078e-07,1.4955008581215035e-05,1.4097302829685869e-05,0.0024665907375469955,0
0.8409063412390863,0.15900484312223873,1.883845274923978e-05,1.7685548458282795e-07,1.3422451205699596e-05,9.845918493689119e-06,4.653196074177743e-05,0
0.81714991575248,0.1827682889135704,2.0526670947195768e-05,1.87023493465334e-07,1.3798349506282125e-05,1.0049399987142915e-05,3.723389001570833e-05,0
0.807258243189333,0.19266269215725967,2.1263590721565897e-05,1.5463657578165154e-07,1.1976607007841725e-05,9.869221517026371e-06,3.5800597585062844e-05,0
0.772832868825202,0.22709566427290515,1.3857794497762452e-05,1.4056542964445875e-07,1.0694519467190959e-05,8.732464219634298e-06,3.804155827887307e-05,0
0.5773257918251942,0.422010422899569,2.7497975757696343e-05,2.4249828000651926e-07,1.7840389582700764e-05,1.5735611536462414e-05,0.0006024688000799539,0
0.36377906350921974,0.6354050179339538,2.3913543378707982e-05,2.0692761062377147e-07,1.0011520927991086e-05,1.1981913507439761e-05,0.0007698046514017551,1
0.4179531626715012,0.5814589320493526,2.578861701540303e-05,2.1086849931508542e-07,1.0686287194467632e-05,1.2029669950971147e-05,0.0005391898364860347,1
0.6349631303508336,0.3649783297783123,2.856920509350723e-05,1.7231905639478195e-07,6.4805010668851565e-06,9.858035838624285e-06,1.3459809798728782e-05,1
0.6378426823590725,0.3621074982223948,2.5487933444626816e-05,1.4637138416679286e-07,4.8996065426549876e-06,8.101416765533869e-06,1.1184090395704334e-05,1
0.4511601931425335,0.5487494242247346,3.747257317901083e-05,2.6101373449685955e-07,1.1725701601473926e-05,1.3869047851160966e-05,2.7054296365661374e-05,1
0.495911315154774,0.5038876069381079,2.4686674088683673e-05,2.0111132893745957e-07,0.0001443049685508334,1.372966926742447e-05,1.8155483882229215e-05,1
0.45433799181670986,0.5453070151737062,2.3815793978046048e-05,1.940166568983524e-07,0.00030022286907869,1.3245323103673165e-05,1.751500676671193e-05,1
0.3435065351565717,0.6560392358896704,1.93704602221824e-05,2.2610548223106045e-07,0.00041007847023568934,1.3565816345536327e-05,1.098810147242228e-05,1
0.2050218308839203,0.7940280153607899,2.6237870023547705e-05,2.1855811244743345e-07,0.0009003731842779853,1.4467389604374753e-05,8.856753271521584e-06,1
0.17415033663105575,0.8227577320565108,2.559410105988827e-05,2.0357786135521875e-07,0.003043353767741704,1.3366907633293388e-05,9.412958137079189e-06,1
0.17854945675698033,0.7851486710779212,0.00019545584117062188,2.0673492846547974e-07,0.03319472223335195,0.002906190153670651,5.2972019768726034e-06,1
0.1690862008351141,0.8140668274223185,0.0001642177607808838,1.4993858289398845e-07,0.01445506137089705,0.002223707441134321,3.835231172143582e-06,1
0.16986952705805103,0.8100304939470332,0.00014629479787194982,1.3761366545424236e-07,0.017576235028826336,0.002373495339351836,3.8162152001814294e-06,1
0.0702089999879343,0.9058200214773952,0.00023526197967191508,1.6666502675693281e-07,0.017860538256634254,0.005864746687207444,1.0264946130404476e-05,1
0.059368453637614484,0.8728150764450612,0.005297231138157045,2.0065335246600555e-07,0.061029258231332185,0.0014856597911889434,4.120103293633073e-06,1
0.04053430504561101,0.8010069544620121,0.004940070181630953,1.704641268320888e-07,0.152455921037817,0.00105907859411972,3.500214682563865e-06,1
0.03527748896067703,0.8707144359753647,0.003683794288368195,1.7892981679585685e-07,0.08920875262172565,0.0011116751796401004,3.6740444076790063e-06,1
0.036739308652715345,0.8608225395193739,0.003906584751751721,1.8285457248391973e-07,0.09750672840944123,0.0010209011790077395,3.7546331376372185e-06,1
0.03803355170925719,0.8606269523603893,0.0037262348940287986,1.8875734074583542e-07,0.09655533932949845,0.0010538571122181554,3.875837267339421e-06,1
0.054894078493369754,0.6198382352973006,0.007195058115895689,1.326295833950263e-07,0.3147653890053765,0.0033038765848346385,3.22987363926982e-06,4
0.02485448827594995,0.6726025532618113,0.00407089042794895,1.5474623977696982e-07,0.2978239958161966,0.00064419036473409,3.7271071192910883e-06,1
0.02933031685288447,0.7545030594159229,0.12353888922965595,2.513920746813938e-07,0.08029139531867509,0.012297527939871558,3.8559850915207586e-05,1
0.06465711666167057,0.8443532957919919,0.016084961026015684,3.403072069867e-07,0.0094095636135167,0.06547493459008466,1.9788009513385096e-05,0
0.07359399712070311,0.844046140352267,0.0021113787189983007,1.812727626627347e-07,0.07389331068620855,0.00634281183739993,1.2180011660750509e-05,0
0.055295851430298755,0.8748117566172096,0.01845578607563889,2.778534080060945e-07,0.005610288746097984,0.045806623688339286,1.9415589007386616e-05,1
0.0637661358614761,0.8307482057586377,0.021890584579749257,3.7354114058676164e-07,0.007769479192425241,0.07580055147771698,2.4669588854243802e-05,1
0.15448786981668003,0.7045680769221503,0.042438187536988754,3.857082786237813e-07,0.009357991723426929,0.08913112113809052,1.636715438480858e-05,1
0.3407544080036661,0.34312754331501755,0.2309267519564604,2.699554364496791e-07,0.03372676995139109,0.051458304398956156,5.952419072247776e-06,0
0.04240845786283889,0.27647877718305724,0.663908535438538,7.0330275505050966e-307,0.011348207727421308,0.0057989500326172125,5.70717555273267e-05,1
0.029892342177635808,0.52792033154573,0.40111408994480696,4.674132135685771e-07,0.026862389280556356,0.01403205822998449,0.00017832140807271934,1
0.031831819799908095,0.41600216034309007,0.5136289542698755,3.598193404837993e-07,0.019316577945937365,0.019115240694183196,0.00010488712766521012,1
0.010700839838611627,0.08285755810161187,0.8978320960008758,8.665076749764532e-08,0.0045634466572110855,0.004012897547756037,3.307520316609386e-05,2
0.006408459002798474,0.10183010965198296,0.8832707193934246,9.949839074172769e-08,0.0049959449724750055,0.0034566882502356823,3.797923069257828e-05,2
0.005175878040371099,0.08821446276987946,0.897153322801192,8.51328290441203e-08,0.0036478382382403546,0.005784152198991588,2.4260818496582216e-05,2
0.004470464474679053,0.06384987866345583,0.924624662265176,6.505188836326085e-08,0.003074778503479356,0.003961612810251532,1.8538231069745065e-05,2
0.004944089892901348,0.07006536781984384,0.9080150669654188,6.232137052839748e-08,0.008854557190789474,0.008103095710830384,1.776009884581797e-05,2
0.01931934521879955,0.11655167945401958,0.8212997670671308,2.2836139709363489e-07,0.015327855960373152,0.027470444962199202,3.067897608050814e-05,2
0.03362477397109751,0.351449880847412,0.5279807266427348,3.1443790296219625e-07,0.01456004218856911,0.07237431059187263,9.951320410972502e-06,2
0.036713529219786725,0.2921582033692951,0.4768577552303095,2.747871283072785e-07,0.022322992353329955,0.17194023881173565,7.006228414720526e-06,2
0.035549769036139205,0.2828972553854675,0.4934441660956419,2.660768156323938e-07,0.021615389182707168,0.16649000811617773,3.146107050779936e-06,2
0.03148430929731453,0.20992494244686094,0.4240544163002321,2.409048112918051e-07,0.02126943352759439,0.313263809051314,2.8484718729461718e-06,2
0.027262658932581438,0.22708247921451696,0.5178165523658118,2.2860802306393128e-07,0.018454686343680356,0.2093806928776919,2.701657694495629e-06,2
0.0034881835655986492,0.05595068444041025,0.9295656577668744,8.860651997708847e-08,0.007791073249256306,0.0032002593264730253,4.053044867391829e-06,2
0.002178892416904379,0.029043135131892304,0.9617257806108062,5.500485118006457e-08,0.003290133263406553,0.003759716023966467,2.2875481727661773e-06,2
0.002836951956025865,0.059845249160912065,0.9298964523751239,1.063210705217337e-07,0.003974726228031169,0.0034281692640156375,1.83446948209647e-05,2
0.002786761076923785,0.0589596148264162,0.929559929170888,1.0474765255030501e-07,0.0038855761789040036,0.004789940782779282,1.8073216436012014e-05,2
0.0012578933469637418,0.0447568021388823,0.9433441152998303,4.633447554304532e-08,0.003422573872882367,0.007215145535000319,3.4234719654061156e-06,2
0.000721347218567848,0.03286616189440296,0.9550554038256616,3.13241867604505e-08,0.0017495609252714097,0.009603892746612447,3.6020652969347924e-06,2
0.001153359176987384,0.05153042690335338,0.9406398223503086,4.450625398428832e-08,0.0038158487087759747,0.0028572116853952637,3.2866689250429794e-06,2
0.0004525599472659351,0.06991352883213901,0.9156345400028689,5.4688451321422303e-08,0.005425172979294893,0.008573020608022282,1.1229419575795894e-06,2
0.0003564385913324878,0.050148271435026245,0.9355701576200143,4.207086802067644e-08,0.003854279831318842,0.010069946591854548,8.638595855374893e-07,2
0.00033044021350041113,0.04826605906431313,0.9291034457870336,4.178866165910453e-08,0.0038401751394527514,0.01845897994211975,8.580649185383724e-07,2
0.0003558112803098344,0.050598765179235845,0.9203095925561382,4.1996825759586506e-08,0.003800004611602402,0.02493492203664469,8.623392433152647e-07,2
0.0005422671708919508,0.08222837866264462,0.8353047298594449,6.622722838534046e-08,0.005860730541852471,0.07606246766520977,1.359872727991722e-06,2
0.0007477791154244764,0.10320855579052605,0.18086332655415097,1.4232323971404464e-07,0.004281234870364922,0.7108974748191675,1.486527126384423e-06,5
0.0011822392461569632,0.19553811171969554,0.45800367463420594,5.16984295626018e-07,0.0017378922900104243,0.3435347348981141,2.8302275214213945e-06,2
0.00045524711118017936,0.0892677166630036,0.7966441021810668,2.590527206979821e-07,0.00048682083894942084,0.11314302680144459,2.8273516345499665e-06,2
0.0003485088721557493,0.06833781146571467,0.8454829981251436,1.983146500046648e-07,0.0003295363479869383,0.0854982602658972,2.686608451830816e-06,2
0.0002779385920039372,0.044225427073824215,0.9101802704571853,1.5815750759830648e-07,0.0002895601992118332,0.04502491935855617,1.7261617110972263e-06,2
0.9785218738261011,0.009675918801824484,8.851569618990299e-06,1.6756138636531708e-07,8.110856239555907e-06,5.783218228210878e-06,0.011779294166601255,0
0.9870726959315308,0.006794533731275972,9.421967678026403e-06,1.748387501321026e-07,8.5435186771007e-06,6.034389358399777e-06,0.006108595622729543,0
0.980031700217208,0.007892231629771986,1.67973790571695e-05,1.6209249195593748e-50,1.8692661309338307e-05,7.421086372306588e-06,0.01203315702628136,0
0.9897183341841803,0.0026251051825177483,1.4170934465333936e-05,1.4882045619253037e-07,1.2228451601660838e-48,6.172604656615936e-06,0.00763606827372419,0
0.9744996094103058,0.002865573422706461,1.5583613314109226e-05,1.9436610395294424e-07,2.4471587953932116e-05,8.593596958609208e-06,0.02258597400265693,0
0.9465770064425834,0.00424997901745604,2.3147772547974642e-05,2.3509201320708277e-07,2.0508953440482426e-05,1.0394230108037824e-05,0.04911872849185095,0
0.9565440279945416,0.003843861082957665,2.1947972226242863e-05,2.229066734514824e-07,1.8528671752271975e-05,9.855474139102525e-06,0.039561555897709544,0
0.9560089905440461,0.003505075671265057,1.91376100620577e-05,2.2561027661757084e-07,1.7829509632773043e-05,9.975009775578567e-06,0.040438766044941704,0
0.962439663681356,0.0026900564709379216,1.6259621297152107e-05,5.727506884376179e-08,1.7526065491251668e-05,8.727356884024594e-06,0.03482770952896472,0
0.9686681853834929,0.0036979415648138564,1.8678260899594192e-05,2.0336199103855465e-07,1.9527579019014055e-05,1.1138188656575507e-05,0.027584325661126934,0
0.7778256116319101,0.0023837768929787185,1.535233977575365e-05,1.6715059291015105e-07,1.6913890387968378e-05,9.154881049225915e-06,0.21974902321330528,0
0.9062939235399143,0.013902927467232146,1.9332648790185615e-05,2.3982955237657154e-07,2.0704151440241593e-05,1.2969108001069758e-05,0.07974990325506948,0
0.8793977760270533,0.008437855290738427,1.8620090943737632e-05,2.3098997580272986e-07,1.9921380714003517e-05,1.3943632813282204e-05,0.1121116525877612,0
0.8570509758798807,0.020157532232149267,1.8599063225949476e-05,2.3517489327063065e-07,1.9898883446247403e-05,1.2716138737762388e-05,0.12274004262766675,0
0.8447432944754049,0.029788851808983816,1.6129131710914457e-05,2.2585291397219708e-07,2.0167494789628206e-05,1.2363157334631189e-05,0.12541896807886194,0
0.9177574907476946,0.029284171945568396,1.6978520093125795e-05,1.722946324853106e-07,2.0504106299761605e-05,1.3014222896975172e-05,0.052907668162814746,0
0.9142504655896712,0.0325889603666636,1.6913640102809305e-05,2.5264475220264967e-07,1.6703461491065315e-05,1.2964491668876306e-05,0.053113739805650345,0
0.7026579971910579,0.2863255449373506,1.3690171314429339e-05,1.4713877730128868e-07,1.3957698777209944e-05,1.0493667292940013e-05,0.010978169195429396,0
0.7722308234980154,0.2174033400819231,1.3391211672173066e-05,1.8705498086077781e-07,1.36194480007109e-05,1.0239363831687849e-05,0.010328399341576004,0
0.8278328757564143,0.1603698203881606,1.673037583039326e-05,2.0754727352891113e-07,1.4327782948010768e-05,1.1361109103633417e-05,0.01175467704026956,0
0.7923850153185903,0.19927495662556194,1.9632229756541664e-05,2.3161917894621684e-07,1.359799873360187e-05,1.2231537215221752e-05,0.008294334670963625,0
0.6641744210513806,0.3356024857875796,1.7954854482968748e-05,2.291682790548391e-07,1.681979028057333e-05,1.1578642792866941e-05,0.00017651070520411163,0
0.6968642921612436,0.3030914315428775,1.4478447460608868e-05,1.8479686878448174e-07,1.4143408575382575e-05,1.1341285222179293e-05,4.128357752136018e-06,0
0.6743187714201457,0.32296136869124176,1.5768770206945062e-05,2.1142180235919734e-07,0.002688535346902504,1.1396315453754812e-05,3.948034246950005e-06,0
0.8643879086152191,0.13017695438026589,1.3855067952603394e-05,9.59725329474186e-08,0.00539968124995402,8.844073036292313e-06,1.2660641039204286e-05,0
0.8602181659513435,0.13367423540017023,2.2199860937123884e-05,1.0366439279467486e-07,0.006040140308456839,3.33131793197934e-05,1.1841635379802927e-05,0
0.8623161283239063,0.12987303370025582,2.6786869576313714e-05,9.929548755298641e-08,0.007726977009566151,4.620905635204e-05,1.0765744855915166e-05,0
0.019879205174388494,0.9629594356802997,0.00043595790722018667,7.757365711410985e-08,0.01639966866706347,0.00028146650299781535,4.418849437321935e-05,1
0.02662955738127516,0.9505820083157828,0.00247081204606636,1.6199770717897397e-07,0.01995179761181365,0.0003250379083579783,4.062473899684856e-05,1
0.0162759871137033,0.9594874626688085,0.002583152660409469,1.53384893768479e-07,0.02121400722570931,0.0004226596070903563,1.6577339385587058e-05,1
0.007535806930351888,0.9336664498114579,0.002964476500603188,1.9298574882412906e-07,0.04133301052750756,0.014486391337893263,1.3671906437386288e-05,1
0.011288300875446806,0.9339098424381217,0.011197623868377023,2.1259945871566587e-07,0.020610899156865422,0.022979000110649777,1.412095108048506e-05,1
0.06327224153555594,0.8316161097846763,0.006620194039462214,3.3198655672099285e-07,0.042598514418274336,0.055885634262993505,6.973972481084516e-06,1
0.08436452334132422,0.9151223617518538,1.909535671516585e-05,6.902222711541149e-08,0.00032464686433864763,1.5547695299407597e-05,0.00015375596824157475,1
0.12736640613596814,0.8725771031253782,2.255219503099308e-05,2.9237653924753444e-07,1.0082857093999824e-05,1.652097414714154e-05,7.042335842232756e-06,1
0.12662659298885715,0.8733190314335112,2.1707781857699376e-05,2.8142919682861024e-07,9.705328549975149e-06,1.590238566002004e-05,6.778652367175566e-06,1
0.13009622914907157,0.869850113088836,2.144521985159161e-05,2.780252279210087e-07,1.0426203000617995e-05,1.4444638416766705e-05,7.063675595683287e-06,1
0.24625942695519107,0.7536663692582461,3.055729626059989e-05,2.76165927126105e-07,1.3183364833605876e-05,1.6439492993851996e-05,1.3747466547863755e-05,1
0.4346272040525278,0.565299052768727,3.1125238805202715e-05,2.5394588978055503e-07,1.0741844083585636e-05,1.556866277635458e-05,1.605348719026472e-05,1
0.5130865535062719,0.4867183376509881,3.894432152093215e-05,2.809206012770138e-07,1.6553353747768083e-05,1.601054691684297e-05,0.00012331969995321983,1
0.39305762175811093,0.6064250842334902,3.083409389411348e-05,1.9032501270538487e-07,1.573867147869229e-05,1.0915922807268222e-05,0.00045961499520628187,1
0.5031841683076288,0.4965894460924545,4.042462551841698e-05,2.3265528506598457e-07,1.87566129937524e-05,1.4512698464905741e-05,0.0001524590076545366,1
0.4982301330431166,0.501603607203153,3.042512751584467e-05,2.6717472147687023e-07,1.4295250954740776e-05,1.3626111289405615e-05,0.0001076460892490552,1
0.5109238826907062,0.4875660602676351,4.03213650568178e-05,2.14247531491436e-07,1.4658758667581138e-05,1.4197401704312094e-05,0.0014406652686984331,1
0.4963437910835026,0.501767962818268,4.116784050776588e-05,2.080290858871009e-07,1.5915536576461068e-05,1.363958187638128e-05,0.0018173151101827743,1
0.448963153709193,0.5507564945595772,3.059767539937953e-05,2.1700954359099103e-07,1.7840444234322615e-05,1.4079954946676978e-05,0.00021761664710593363,1
0.2886481032033152,0.7111486836314911,2.2104974611620527e-05,1.5925598199506285e-07,1.1746896572000368e-05,9.500523247485361e-06,0.0001597015147806029,1
0.386146118426003,0.6130994463835391,2.3755121215333278e-05,1.7114451488991362e-07,1.3267760798730191e-05,1.0209741712820782e-05,0.0007070314222162155,1
0.4512111277143626,0.5482344580581395,2.7902047199139194e-05,1.6817456892958603e-07,1.2651622275961302e-05,1.4872578822891573e-05,0.0004988198046309488,0
0.5230031157513446,0.476354257436974,3.234152866511048e-05,1.949327446462998e-07,1.4664615882048115e-05,1.723894776937738e-05,0.0005781867866202425,0
0.6691512607363422,0.330523989515219,4.574088247717535e-05,2.2811891083285412e-07,1.7349132645600005e-05,1.929993090621269e-05,0.00024213168349892066,0
0.7106063406985349,0.28818078491354315,3.90655339816784e-05,2.3747986750993625e-07,1.8419278934981986e-05,2.2009425921946714e-05,0.0011331426692155915,0
0.7340120447606397,0.26457390011325227,4.1060738836543314e-05,2.4960874266650573e-07,2.0871402905000525e-05,2.2517974726642876e-05,0.0013293554008971128,0
0.7157011313698824,0.28203868449319297,5.312505155442822e-05,2.57764688456495e-07,2.1553374332906965e-05,2.388940534354782e-05,0.0021613585410050775,0
0.6970301649686008,0.3014655670093004,5.080801455009072e-05,2.4652234037230833e-07,2.269896863914425e-05,2.284747437928499e-05,0.001407667042189742,0
0.7645170214928502,0.2335008931583674,6.388513063054162e-05,2.55718836210993e-07,1.9369820223005157e-05,2.3699797551035727e-05,0.0018748748815414413,0
0.7463813444767191,0.24871594106379624,3.6083145980399535e-05,2.603414005661413e-07,2.011974385746279e-05,2.161214956725673e-05,0.004824639078678998,0
0.8543373575674322,0.13476599500722405,3.0809551816375196e-05,2.569374024735957e-07,1.942518162086682e-05,2.0601004002959346e-05,0.010825554750501122,0
0.7560668948535502,0.23456073362287522,3.772496950073995e-05,2.7218722562252755e-07,2.472999760603298e-05,2.485227614679816e-05,0.009284792093095342,0
0.785173710552854,0.21153996194047128,3.509398733254906e-05,2.0864312973593226e-07,1.82324467765578e-05,1.9336071927591568e-05,0.003213456357508394,0
0.490961447414103,0.5066069651436891,3.541689382547242e-05,2.1933316481723037e-07,3.608015411484707e-05,2.0326774509085957e-05,0.002339544286593583,0
0.5731194466131208,0.4249159610702496,2.9593117030478857e-05,2.005404234681654e-07,1.3340288564056052e-05,1.8585910633008655e-05,0.0019028724599785404,0
0.5888910448423741,0.40874827521608437,2.7838748455126408e-05,2.0085772916676992e-07,1.327507099100016e-05,1.861531824697305e-05,0.002300749946119118,0
0.7869345158272417,0.21067195295631086,1.922729397298835e-05,1.5611737014410043e-07,9.251056500343333e-06,1.2775123203627498e-05,0.0023521216254002793,0
0.6945278985172363,0.3028263469638329,1.7478679643256378e-05,1.5390045680611287e-07,9.119688731803819e-06,1.1678067852149195e-05,0.0026073241822466573,1
0.6946015199607252,0.30285844720464045,1.7480532420701838e-05,1.5391677058387162e-07,1.0040158994343328e-05,1.2003866983177167e-05,0.002500354359465655,1
0.5136069073788765,0.48442158498210425,2.628209143791253e-05,2.0538689379877186e-07,1.2132112023666732e-05,1.51292556557063e-05,0.0019177587930082746,1
0.12985579236636977,0.0008006992726156675,5.7783764199338756e-06,3.5245150723079685e-08,3.0942715408704854e-06,3.1151625753172457e-06,0.8693314853053277,6
0.09094981188462195,0.000609041440681197,6.5204269902114475e-06,3.430262532061567e-08,2.6718365751484283e-06,2.79867251079272e-06,0.9084291214359954,6
0.12159042493164406,0.0002456428532804515,5.764577599799344e-06,3.698281918440921e-08,3.099363926888458e-06,2.6021248767613755e-06,0.8781524291658529,6
0.11724795707958593,0.0007596474771253866,1.0080027574569091e-05,4.685421320485322e-08,3.6712325260185497e-06,3.824827241611781e-06,0.8819747725017333,6
0.0689811754074623,0.0005536955897888626,7.700837107627458e-06,3.382470443433415e-08,2.7555780903537e-06,2.7611956772012845e-06,0.9304518775671692,6
0.08272295261450767,0.0007077440385080248,8.590212239255583e-06,3.773114350558423e-08,3.1365228734695466e-06,3.0800881215602966e-06,0.9165544587926067,6
0.25111218136228436,0.004199817520311994,1.3474387704761735e-05,7.747062973676089e-08,7.614069362550748e-06,6.7978588079045125e-06,0.7446600373308988,6
0.17734599999029957,0.005468053743793122,7.745715150541338e-06,6.236349514303276e-08,4.770143050702097e-06,4.538918067103095e-06,0.8171688291261439,6
0.20396160332023364,0.006144046733503776,9.884144183656966e-06,6.447527481023579e-08,5.304814415795354e-06,5.023755004286023e-06,0.789874072757384,6
0.9243922837638244,0.061979557965184985,1.9269809570569007e-05,1.6481041390156945e-07,1.391863506464601e-05,1.3043910206997744e-05,0.013581761105734731,0
0.9205630623382863,0.06409745562128608,1.92447615436662e-05,1.6459618367442833e-07,1.390054280772604e-05,1.3026954968670858e-05,0.015293145184924006,0
0.929737985322468,0.05628811639077058,2.1598434698534956e-05,1.5392453826196338e-07,1.361612016237365e-05,1.2182348240092122e-05,0.013926347459122381,0
0.8974277331108209,0.09635278449946698,2.2760733135445827e-05,1.3921102724280849e-07,1.47477130650785e-05,1.3426848496961043e-05,0.006168407883987302,0
0.8000799483410296,0.19889878824021848,2.2744601932426884e-05,1.8687172431040596e-07,1.658572620941482e-05,1.304394074497258e-05,0.0009687022781407906,0
0.593653598410522,0.4057279118565256,2.341648465290815e-05,2.2726198626577466e-07,1.4980518716294863e-05,1.5509691073516958e-05,0.000564355776523236,0
0.5877868670210512,0.411567410580333,2.437929180476001e-05,2.3660623536909053e-07,1.7398913737360205e-05,1.6147397446182956e-05,0.0005875601893921848,0
0.47284997174724547,0.5262838222805349,2.548313715179534e-05,2.5487691941714336e-07,1.1901588073730291e-05,1.4190366295725818e-05,0.0008143760037789493,0
0.3866647376841992,0.6132247824244674,2.617592934045218e-05,2.0372376186659632e-07,1.0859192137590498e-05,1.1622075484889987e-05,6.161897060863012e-05,1
0.3285262244759449,0.6714120475055876,2.8378716785468015e-05,2.1121412726698382e-07,1.2559567643804875e-05,1.3125114205632582e-05,7.453405705354519e-06,1
0.5983302998390976,0.4016030083804182,3.146356307914709e-05,1.8977677127770363e-07,7.222338959205261e-06,1.1390603425807051e-05,1.6425498248721083e-05,1
0.45278571021652675,0.547121881255378,3.6734057089954296e-05,2.558696297280247e-07,1.1102193647739454e-05,1.3595714207136906e-05,3.0720693520596e-05,1
0.4811922178052993,0.5187280468058248,2.7476200290102767e-05,1.6725063655104546e-07,1.385857733295374e-05,1.1668863567076603e-05,2.656449704905435e-05,1
0.47273274145028815,0.5271797173694093,2.7724172269500088e-05,2.215884864980671e-07,2.0726091771698037e-05,1.2264560383736452e-05,2.6604767391251877e-05,1
0.17886145615823495,0.8199250182687355,3.246875917170939e-05,2.1595661228672936e-07,0.0011519658602671108,1.4295184070755855e-05,1.4579812907607477e-05,1
0.18753082403501214,0.8094094048868943,2.6869163039095323e-05,2.0988690989502215e-07,0.0030105095446785884,1.4062393674694035e-05,8.120089791454186e-06,1
0.11025302951649793,0.8776065585203096,2.8651275633182755e-05,2.078010806409779e-07,0.012082659750599242,1.7232413952354877e-05,1.1660721927199499e-05,1
0.12270497891514265,0.8642871540973022,2.602439386550275e-05,2.1677988326522612e-07,0.012948338967218843,1.7977003167869396e-05,1.530984341978661e-05,1
0.16815411192180268,0.8140681804400361,0.00017175170978922535,1.5788875493235116e-07,0.0149575419814038,0.0026438775870450816,4.37847116797356e-06,1
0.141913516695082,0.8327536926880247,0.00017347531781243124,1.7360567605923025e-07,0.02277915878632346,0.0023742034113784743,5.779495702915662e-06,1
0.04399431124484416,0.8915764660425637,0.003508284116786772,2.006627656887725e-07,0.05974382505214245,0.0011727411676127708,4.171713284876451e-06,1
0.0744097021567511,0.8291225392058605,0.003735171554033405,1.8556177093753486e-07,0.09194558514814567,0.0007830061522075245,3.8102212308745235e-06,1
0.03613757557514153,0.8593831758424515,0.0037743057607871385,1.8070525140400858e-07,0.09969215038005237,0.0010089012361310559,3.7105001852016633e-06,1
0.04035766012551314,0.8440644463856646,0.0038836592646904365,2.012333055018293e-07,0.11042018782844452,0.0012697131506581643,4.132011723687611e-06,1
0.021457103051138314,0.5120320229663364,0.006649035338537966,1.4130934360121389e-07,0.4590293190191443,0.0008298212391472581,2.5570763521617797e-06,1
0.017803044955740102,0.4536791233268982,0.011985194517995339,1.0599097244953373e-07,0.5158386678994409,0.000691310486289372,2.552822663520608e-06,4
0.014359562716197335,0.3914075664542559,0.009076928952518559,9.142701583541186e-08,0.5844623883943519,0.0006912600100268249,2.2020456335922942e-06,4
0.009798804494028415,0.2986108094032858,0.008187140292724354,6.671366197214925e-08,0.6828950113685563,0.0005062504335093015,1.9172942337810694e-06,4
0.008295639119313945,0.2626258220980871,0.005040633866862476,5.7086891927760615e-08,0.7238182513408244,0.00021822153402026317,1.3749539997147186e-06,1
0.01976030779182099,0.644785904197128,0.011671657960387652,1.6287322264646935e-07,0.32316999135493973,0.000608495456321593,3.480366179375922e-06,1
0.023502904294417558,0.7107950385960397,0.011044636749362872,1.9426147101330798e-07,0.2537660404837228,0.0008870345271479126,4.1510878380424136e-06,1
0.11138632455980015,0.8425033339257664,0.010463170490894838,2.6603025448879167e-07,0.03255052469820047,0.003091460782299535,4.9195127842764706e-06,1
0.04417290120330184,0.7794247668272114,0.1031664744664662,2.5890419984314306e-07,0.06613169823803507,0.007026126737213788,7.77736235720548e-05,1
0.12163164033334764,0.8211698500136168,0.0021852858477572823,4.0975954720733935e-07,0.03787910102426073,0.017106180611251794,2.7532410218599517e-05,0
0.08186756731489286,0.8148607445805841,0.0011979015783712553,2.1506571467845142e-07,0.0773806973701971,0.024671020624906573,2.1853465333212446e-05,0
0.07270515327541004,0.8237990458754022,0.0010322792822334043,1.7692436679164775e-07,0.09762173298930235,0.004829723817413278,1.1887835871970043e-05,0
0.04498212093041146,0.9064621090287477,0.01175260423182841,2.6732808712544504e-07,0.007837415002525251,0.028954738804898517,1.074467350167199e-05,1
0.471788276935301,0.31717512760883254,0.13131268867029539,1.8803528892880142e-07,0.027422429040607415,0.052296027335966805,5.262373708104493e-06,0
0.16484701012004513,0.304600103422459,0.4717289841562519,2.4880027386780086e-07,0.026918097948074874,0.03186099496444983,4.456058844554466e-05,1
0.13867422696253445,0.5115361513529553,0.3015756976698925,3.9147207426326917e-07,0.02212416032660372,0.025940022883320864,0.00014934933261901115,1
0.023187613742636424,0.13031580116202815,0.8122718052147734,2.5553042533947965e-07,0.012278623823188036,0.02192431413417294,2.1586392775739355e-05,2
0.010257739402875086,0.06448838291534367,0.9180788523811919,6.744065360270214e-08,0.0035517495589608545,0.003597465732455591,2.574256851936302e-05,2
0.053802163307126304,0.3244973458475241,0.3500956768372418,4.0398357477295604e-07,0.023467308229906714,0.24812847489648296,8.626898143340153e-06,2
0.01975255076532182,0.5817265101066659,0.09855249762439702,1.7854154799357968e-10,0.025816890547264226,0.2741451794783142,6.37129949527731e-06,1
0.01827916255279844,0.5558983841642858,0.12932555343576582,3.5039838324333274e-07,0.00417181577449449,0.29231039658362373,1.4337090648512427e-05,1
0.005456362607138094,0.05534361266326203,0.9231627528767571,1.0945011706484915e-07,0.010109998137473795,0.005922157791289288,5.006473962862188e-06,2
0.002489098430979802,0.035504376857510705,0.9518594806505039,6.865080669408906e-08,0.0041655009503648675,0.0059788330510797865,2.641408754313452e-06,2
0.0037199740443580225,0.06403638807833419,0.9232365074321682,1.1076665557434184e-07,0.004336975919078591,0.004650942034507567,1.9101724897736386e-05,2
0.0035010451535880476,0.056912630956865,0.9318531387999912,1.0111098097816048e-07,0.003779951293414624,0.0039356869419976395,1.7445743162579957e-05,2
0.0029514185533737716,0.04233044909989479,0.9474014936842137,7.653925863873683e-08,0.0038262083423229705,0.0034846918927540563,5.661888182081827e-06,2
0.00036087549262101714,0.06262792006582915,0.8699956637108741,9.540941741516474e-08,0.0032089789123809485,0.06380546988373227,9.965251450510716e-07,2
0.00031416171197002203,0.057081516687821035,0.9037612487440058,8.376546657466457e-08,0.0034640533508902703,0.03537806083256769,8.749072784435695e-07,2
0.0004458332363341842,0.06855547514803337,0.13513583477499216,1.068567077142469e-07,0.00737979137608833,0.788481842518898,1.116088946348546e-06,5
0.0009542206672293743,0.19306296387233957,0.2834723056502853,2.2249431348714088e-07,0.004052437433934265,0.518455238128419,2.611753479134605e-06,5
0.9904938513720087,0.002269269438597904,1.364710785078154e-05,1.4060750594952967e-07,1.173065320841352e-235,5.944435187047417e-06,0.007217147038849742,0
0.9871495565527871,0.0025572186387697923,1.4392191077444344e-05,1.5142701643047964e-07,3.533760805873111e-28,6.872689763638445e-06,0.010271808500585488,0
0.9842735805920505,0.002874922250720834,1.4186533897828721e-05,1.7694107693373286e-07,2.672041577288932e-05,8.030674821939215e-06,0.012802382591658938,0
0.9645871454243073,0.00428570418800219,2.2152671543025856e-05,2.3595842903686308e-07,2.0584537811344946e-05,1.0432537345196282e-05,0.031073744682561806,0
0.9554605574151271,0.004675678373596972,2.2201432449139777e-05,2.2548085089966913e-07,1.781928138821498e-05,9.969287417445613e-06,0.0398135487291701,0
0.3317250751053254,0.0020436456194942664,8.312157128292134e-06,9.130100335029208e-08,7.245495345609824e-06,4.209371181419514e-06,0.6662114209505215,0
0.8999749155175214,0.012998094421525441,1.9109408437367057e-05,2.3706016291163476e-07,2.047436416925634e-05,1.0767986917727863e-05,0.08697640124126577,0
0.9098559421433354,0.015223008569022034,1.9408632147080553e-05,2.407721575348173e-07,2.088315083521719e-05,1.3020080652181826e-05,0.07486749665185068,0
0.6374032160963461,0.00545979746832837,1.4074675017925168e-05,1.746021999379785e-07,1.5143960642285988e-05,1.0595959314262584e-05,0.357096997238151,0
0.841635641328627,0.02553601113418494,1.7833363778778216e-05,2.212302979715942e-07,1.9662368781947084e-05,1.2110115972853265e-05,0.13277852045835617,0
0.6702374978381528,0.30296934923339275,2.2958736449598667e-05,2.663195586642814e-07,1.850079515589911e-05,1.3277823204027186e-05,0.02673814925408617,0
0.698943976126305,0.27315430610392,1.918559500260004e-05,2.1830601305520547e-07,1.4905319040309972e-05,1.0174175312560379e-05,0.027857234374406556,0
0.7109496357698002,0.27401647466775864,2.162788968581242e-05,2.460960094001593e-07,1.5578295057588705e-05,1.1660994593664264e-05,0.014984776287094766,0
0.7009691849566783,0.29898884738482323,1.3759208988558757e-05,1.891832370569798e-07,1.3285658338621554e-05,1.082352397792352e-05,3.910083956501912e-06,0
0.8868040826098346,0.11316711670866998,8.647176615533766e-06,6.216506070268174e-08,6.773894078954859e-06,5.495951252957756e-06,7.821494487009614e-06,0
0.8521884402904236,0.1477727952791802,1.0432578493175366e-05,1.3292533732223459e-07,1.0521492259037853e-05,6.630712588678638e-06,1.1046721717845865e-05,0
0.9058182281057074,0.09411247706030786,1.0023033295127586e-05,9.823246493408274e-08,4.446780643751697e-05,6.3841623735358224e-06,8.321599413669284e-06,0
0.8508844752538411,0.14746956174329295,9.326731483821198e-06,1.2405723965978298e-07,0.0016273943729449944,5.901439584141102e-06,3.216401613414434e-06,0
0.025191881668199474,0.9694035036052115,1.970770732352861e-05,1.5784599376115755e-08,0.005368103277580661,9.080334564430243e-06,7.707622521332447e-06,1
0.011137240746671532,0.9279573717331574,0.017600493486150334,2.1124441137341653e-07,0.02046376954508212,0.022832538622856776,8.374621670191599e-06,1
0.06699193741930015,0.8235475775023483,0.007031058930022321,3.2745658085595504e-07,0.04656838272908614,0.055853837150440865,6.878812221178869e-06,1
0.11103171013911198,0.8889222942877196,1.867464100352226e-05,2.421062296063122e-07,8.349242114193126e-06,1.2578487827383305e-05,6.151095993773946e-06,1
0.1397312205241595,0.8602086275117272,2.3351637654147424e-05,3.027408637473721e-07,1.1699351007981045e-05,1.7106618732562383e-05,7.691615854644552e-06,1
0.21140345907777078,0.7885323985894241,2.849926184081709e-05,2.5768799879697935e-07,1.2934799665523644e-05,1.7351697889831066e-05,5.098885409706264e-06,1
0.4627999318543732,0.5370307936749725,3.317836893841509e-05,2.3932853334113176e-07,1.5203476549611965e-05,1.5591856540399755e-05,0.00010506144009270817,1
0.39902282418874224,0.6006015960155324,2.728390730005956e-05,1.8115372942641905e-07,1.3926546864823247e-05,1.1285170091117905e-05,0.00032290301773997765,1
0.45355871692429994,0.5462145964819666,3.4293682423912666e-05,2.3065802468384473e-07,1.8789857145769763e-05,1.337604683375097e-05,0.00015999634930506562,1
0.6260034294266497,0.37378436429695583,3.4226909181387336e-05,2.091108023715269e-07,1.832345708511948e-05,1.3044027861700032e-05,0.00014640277146392596,1
0.5816187514509894,0.41817278192720714,4.1245580756903785e-05,2.236056116034499e-07,1.8319693698849108e-05,1.3275819358165449e-05,0.00013540192237791192,1
0.4583119056430654,0.5414616226363079,3.305046333061544e-05,2.2451673030840533e-07,1.5361374497595404e-05,1.5042589600900049e-05,0.00016279277646730797,1
0.29253030910396305,0.7069830577828015,2.401721712934595e-05,1.7312350089204512e-07,1.341414716577597e-05,1.130875454187485e-05,0.00043771987089774394,1
0.26540328816809705,0.7341147081937317,2.5829502732061573e-05,1.67027525897861e-07,1.2558747670378994e-05,1.2093781391053225e-05,0.00043135457885167114,1
0.6697946708655195,0.32951914518381553,2.9164960442138784e-05,2.2764024927697884e-07,1.7312728987547674e-05,2.1566303094221985e-05,0.0006179123178919106,0
0.7402700362799989,0.25875593639180267,2.9928400508545747e-05,2.2994896750125748e-07,1.84584347983283e-05,2.1311468711491104e-05,0.0009040990752127494,0
0.7066300811843845,0.289896080116732,3.702815643550967e-05,2.3183078805624974e-07,1.925035398747651e-05,1.9414362761996292e-05,0.0033979139949104824,0
0.5987928910873287,0.3991847169094893,2.9795846221625977e-05,1.949809649685859e-07,1.9963810599271322e-05,1.8069926232009045e-05,0.0019543674391641437,0
0.5167787037772836,0.48047913093815725,2.6522605378702277e-05,1.9136170207290693e-07,2.5316332959013272e-05,1.747243594169465e-05,0.002672662548577616,0
0.6870288354230858,0.30997984534000916,2.1152846089769044e-05,1.540960072683289e-07,1.005185079896438e-05,1.4228839011603382e-05,0.002945731604997575,1
0.16248150251631643,0.0010554153882596392,7.576916684208825e-06,4.62153295569162e-08,4.057374591003613e-06,4.084768034411693e-06,0.8364473168207847,6
0.07800243460199052,0.0005038829016976817,5.306785174155421e-06,2.8376402826953543e-08,2.21024222593931e-06,2.2705740195350116e-06,0.9214838665184892,6
0.05074804934206262,0.00024192986236768978,3.2714357406955574e-06,1.9070589681858724e-08,1.5307187691629412e-06,1.4567135126442493e-06,0.9490037428569574,6
0.09469166787986476,0.00022619688008122875,4.408217610035826e-06,2.5917034803821208e-08,2.1719902520773616e-06,1.8235321828397542e-06,0.9050737055829742,6
0.04102990916475267,9.592876578110484e-05,3.0813968674384886e-06,1.2672849977551512e-08,1.0620546225921765e-06,8.916664254723289e-07,0.9588691142787007,6
0.12197822130607228,0.000903119410099528,1.193132014452486e-05,5.545943339255476e-08,4.345489163485003e-06,4.527293003870671e-06,0.8770977997220829,6
0.07132719534028818,0.0008021968996701414,5.334833998886291e-06,4.123741365177003e-08,3.472161065197385e-06,3.023596390215734e-06,0.9278587359311737,6
0.1661750674450972,0.0018149438162883423,1.1740993367932604e-05,8.652639411730095e-08,6.863052836898988e-06,6.141769065208452e-06,0.8319851563969503,6
0.6841421381311434,0.04463661773327077,1.6926009495583146e-05,1.542499782956322e-07,1.122344994096118e-05,9.54692063885012e-06,0.271183393505532,6
0.9086639423650171,0.07677899728699301,2.014260456667488e-05,1.810003719833237e-07,1.4829106256924912e-05,1.3634713116420878e-05,0.014508272923677972,0
0.9207590397154675,0.06506501974375421,2.1093171714919864e-05,1.8040522653333975e-07,1.6145693656154226e-05,1.4394451217870676e-05,0.014124126818962714,0
0.8322633244503774,0.16708262967170331,2.2834439718000254e-05,1.867302592015514e-07,1.5065662861462328e-05,1.3716321429262263e-05,0.0006022427236515369,0
0.8781072730656994,0.12148320857894983,1.6061628379700173e-05,1.6685143028859634e-07,1.0168168996201801e-05,7.756510649744639e-06,0.0003753651958947724,0
0.8636260399881467,0.13596573869256656,1.595252719253268e-05,1.479988466506104e-07,9.270885911525499e-06,8.2057650096957e-06,0.0003746441423263305,0
0.8024450359031967,0.19714040016041492,2.2400312030730758e-05,1.845197071878969e-07,1.0887458305171872e-05,1.0720410877132162e-05,0.0003703712354679557,0
0.7929179491183328,0.20666457387638912,2.2495218672962236e-05,1.8530148852249232e-07,1.093358677466647e-05,1.1922457485863825e-05,0.0003719404408562184,0
0.7847908306010544,0.21484749672726305,1.364472238880698e-05,1.472464359492238e-07,9.04294092053116e-06,9.359686847992344e-06,0.0003294780750893395,0
0.6233144415431325,0.376060827141034,2.3652795656893825e-05,2.2955543504505478e-07,1.5131696891437142e-05,1.5666209471705957e-05,0.0005700510583783958,0
0.5644658140400634,0.4344065185060832,3.684727684523045e-05,2.8170043356121886e-07,1.7911083486615243e-05,1.8152307648774625e-05,0.0010544750854393403,0
0.43789803695260976,0.5613197387981124,2.3021900736579943e-05,1.992120881458228e-07,1.0752097656146654e-05,1.2529867201316755e-05,0.0007357211715956555,0
0.3642667534112283,0.6349783912725545,2.3235160594386517e-05,1.9990869951053594e-07,1.0789695943938782e-05,1.3830650196423626e-05,0.0007067999007828487,1
0.3263343075247501,0.6735737797412036,3.219001816439995e-05,2.2907017303736606e-07,1.2279656601395109e-05,1.3104656110632008e-05,3.41093329970845e-05,1
0.6298721212788478,0.37008060950320054,2.5161492881841405e-05,1.587283285967667e-07,6.563836490685755e-06,9.783893681400729e-06,5.601266569016381e-06,1
0.5905862373075561,0.40935680332098234,3.1446989244405105e-05,1.8967680393334683e-07,7.3518892382177756e-06,1.1384603279596148e-05,6.586212895480133e-06,1
0.6193688675643176,0.38057275380756866,3.1332221912275676e-05,1.7993379888112214e-07,7.227243921031936e-06,1.0310838715646355e-05,9.328389765892788e-06,1
0.3987761904063652,0.6011384342047358,4.65949318442085e-05,2.245641060679598e-07,9.464889993484898e-06,1.1932285244350596e-05,1.715871771105647e-05,1
0.3685134170363072,0.6313818892152527,2.480207966764783e-05,2.0466695600764083e-07,1.0831729639062743e-05,1.096361718551363e-05,5.789165499204599e-05,1
0.41669896103357457,0.5832291845751203,2.43037195374414e-05,2.21666273965144e-07,1.5134483864903964e-05,1.3484103291710095e-05,1.871041833734045e-05,1
0.37938463801242084,0.6204526596979458,2.622045574480467e-05,2.1260490300760663e-07,0.00010737992078358918,1.3794174238860533e-05,1.5095133962947001e-05,1
0.22437953538123578,0.7723844854658105,2.7563154340423773e-05,2.1530798272553478e-07,0.003185445265962354,1.4425604797865013e-05,8.32981987024658e-06,1
0.12284162196631554,0.8719938407954932,3.2975130165025766e-05,2.3104929552918545e-07,0.005102998855131853,1.939338494231739e-05,8.938818656616545e-06,1
0.16543653976457273,0.8105871319388689,0.00023474718233481933,2.1019583706855745e-07,0.022445854976378004,0.0012806710896884823,1.4844852319960661e-05,1
0.1702628213311995,0.8050568341643781,0.00023068391384852612,1.9980481934251721e-07,0.021890163428675457,0.0025451847056787175,1.4112651400204623e-05,1
0.17163851137084643,0.8054559812878932,0.00020489563574111925,2.0385716833571349e-07,0.020552079624639775,0.0021440214030780504,4.306820633113495e-06,1
0.15431236384327646,0.8240434871037726,0.0002055748307595591,1.914228715464483e-07,0.019298502623763668,0.0021357855838807227,4.094591675312437e-06,1
0.1527474953311319,0.818085027009327,0.00024253056625570403,1.8775458478766084e-07,0.026973723016391078,0.001947020196369847,4.0161259397195745e-06,1
0.161941460506215,0.8070586193705813,0.0002804667048398146,1.89196531543523e-07,0.027497216900372094,0.003218162466095696,3.884855364619368e-06,1
0.017232454869707918,0.4279490173494743,0.009317516874924124,1.0368575654164063e-07,0.5448605016878277,0.000637425691340361,2.9798409690882474e-06,4
0.00756183230508337,0.23111485917474173,0.003048504846836217,5.722105985468313e-08,0.7580660879384254,0.00020743578222065298,1.222731632802264e-06,1
0.10532714797586112,0.7208150019868702,0.08367522536345029,2.7417129878263655e-07,0.08658290843218329,0.0035236429584157313,7.579911192059546e-05,1
0.08775020591164157,0.7420951912120801,0.08956053402284551,2.4497541383112376e-07,0.07736288925228559,0.0031484181450202415,8.25164807132311e-05,1
0.12758763760350683,0.6637466304923844,0.0994551605010713,3.24451088736184e-07,0.08439534043723387,0.024719332177333162,9.557433738167554e-05,1
0.07311568636809844,0.8613415355016476,0.01595706234356644,3.3197337462528675e-07,0.009945119677836288,0.039627859733016656,1.2404402459916168e-05,1
0.13680689725251327,0.7517240307065816,0.015778007995947353,3.891182661581946e-07,0.00745553018798627,0.08821863288482751,1.651185387797257e-05,1
0.06331868058851121,0.8492909070063882,0.014397925245316752,3.550825750102283e-07,0.010063904651924114,0.06291316160802486,1.5065817260020179e-05,1
0.06461438176500393,0.8257385413703832,0.017553381200024285,4.140367443006938e-07,0.010105830637587429,0.08196988380344576,1.7567186811091115e-05,1
0.05000268561296985,0.737729405131299,0.026448982524069107,3.0279361068504583e-07,0.006738447744713174,0.17906018129069032,1.9994902647974105e-05,1
0.059579102406821516,0.7062762600554915,0.03269980565789162,3.0113842323429964e-07,0.006928473380580266,0.19450327884568744,1.2778515104367585e-05,0
0.4683725729730845,0.29563334596833857,0.13166140541093715,1.8470825667438602e-07,0.03277136858504763,0.07155595309127254,5.169263062962344e-06,0
0.012971682469495338,0.0684698499107408,0.8880752564563426,6.317219283662433e-08,0.010323076218881757,0.020148010210305916,1.2061562040686293e-05,2
0.05187401331648392,0.149658529170573,0.5498897818869722,3.513326270420089e-07,0.018539506560702097,0.2300211386778935,1.6679054748294454e-05,2
0.04461212314785798,0.12711755213983356,0.6345881986520139,3.034563165920454e-07,0.01478834843909277,0.1788790679750566,1.440618982861877e-05,2
0.081314333042173,0.2847785434597695,0.19223831261293828,3.9019853928169863e-07,0.025658258106344773,0.41600629841973286,3.864160502361792e-06,1
0.06078261234111499,0.31365156843786957,0.12259387223997295,4.775399002083843e-07,0.02471697152658175,0.47825074283341784,3.7550811425139896e-06,1
0.059599037921582054,0.30754406567102427,0.1328999118718779,4.682411223437377e-07,0.031014711071972283,0.46893812326116946,3.681961251604929e-06,1
0.07567295347822793,0.3381823859097478,0.2564132874874895,5.413438880334569e-07,0.026341202399946504,0.30338558061312554,4.0487675747479475e-06,1
0.054809912606095246,0.2542529667562983,0.34467163222133523,3.8075957725558296e-07,0.008828912367809413,0.33743320122889553,2.9940599890399167e-06,1
0.030689211048225425,0.19998708069189766,0.17755456386110868,2.6758400733991643e-07,0.259878310345107,0.33188807367954787,2.4927901060340147e-06,1
0.009559259618524562,0.26525622597962156,0.02830697604511593,1.7239822018047174e-07,0.5488830799390009,0.14799238847885915,1.8975406577480112e-06,1
0.025439587579264566,0.22309557361291613,0.36664845749494257,2.886233461086229e-07,0.00929489975940994,0.37551848507872887,2.7078513919179736e-06,2
0.016787595390316528,0.09518068605141217,0.7500073673182761,1.6075421330269608e-07,0.011737086251754405,0.12627236335087866,1.4740883148949698e-05,2
0.007844619736284614,0.06503489132043046,0.9110851582609691,1.030460435832662e-07,0.012037481103731255,0.003993364546233392,4.381986307674273e-06,2
0.008703326031612422,0.053796907174423876,0.8908585597279196,1.1634101820434205e-07,0.003350370765287211,0.04328691169001543,3.808269723079921e-06,2
0.009739966780724996,0.06191177849129728,0.8449405936266899,2.742175566133024e-07,0.0018986549984105654,0.08150458706297971,4.14482234090523e-06,5
0.010266363175251633,0.0647869795099862,0.8022195625812512,2.8060510078406445e-07,0.002645531171392184,0.1200770415863885,4.241370629459301e-06,5
0.015170135800716496,0.09523061049242981,0.8759806920059081,1.636174732512139e-07,0.0033380151847378662,0.010270856422168913,9.52647656553725e-06,2
0.0013455989971978871,0.04721907225568415,0.9455382852710598,4.741124008003791e-08,0.0027777126423552206,0.003115782228012327,3.501194450645575e-06,2
0.00044554084599135994,0.06366792392671183,0.9196268167406252,1.050052128994595e-07,0.004597298018912682,0.011661218711954214,1.0967505918249174e-06,2
0.0011795446367069196,0.21624109852904108,0.381410121516395,2.772054869098118e-07,0.0021980576235445565,0.3989682783578928,2.6221309327292575e-06,5
0.0014713407631695965,0.23031785320451034,0.4339904069859805,6.752441070685486e-07,0.0025573511179029554,0.33165927107123644,3.101613093084095e-06,2
0.0006117221260767086,0.05070181823247229,0.9115297574222305,2.218428037068912e-07,9.684863304605026e-05,0.037053847126472944,5.784616897980418e-06,2
0.0007940683203744538,0.06600222861980287,0.8827708291381553,3.288733529671908e-07,0.0001401819830487582,0.05028492562152942,7.437443736276477e-06,2
0.9676126960155813,0.0034829894218775734,1.756985862411517e-05,2.191394831827234e-07,1.800597420363268e-05,9.688913642299302e-06,0.028858830676587774,0
0.9572390991818736,0.0035106914666213356,2.2249767361854696e-05,2.2597174702865035e-07,1.8783449867832825e-05,9.990991631273078e-06,0.03919895917089713,0
0.9438016799107741,0.0032718792912466944,1.9625160683822235e-05,2.1367148540046158e-07,2.051753522848119e-05,1.1702842319584985e-05,0.052874381588261764,0
0.8269499875513024,0.006732530010776484,1.7332580645833467e-05,2.1501787483623743e-07,1.8012100966904718e-05,1.3048636583120216e-05,0.1662688741018506,0
0.9191048978159673,0.03401634333777428,1.8787314596755772e-05,2.4861912290812393e-07,1.5875622928151363e-05,1.2757916084005257e-05,0.04683108937352632,0
0.9435228844049384,0.02938081236379144,1.72030918041841e-05,1.2984957287374617e-07,1.4228855989028052e-05,1.1682116701293692e-05,0.027053059317203004,0
0.9485538070349575,0.029453401307705948,1.7245594177864854e-05,1.301703823614468e-07,1.4450763628762238e-05,1.1710978820677361e-05,0.02194925415032682,0
0.7406991056881775,0.24935478577879244,1.6798657778157603e-05,2.6441727253543995e-07,1.2001305998109244e-05,1.1407477378095612e-05,0.009905636674603032,0
0.7970166118789231,0.1894338303901555,1.6563687240212614e-05,2.054794322101571e-07,1.4960929825679054e-05,1.1324556640120555e-05,0.013506503077783203,0
0.8026416701770881,0.17928767911177593,1.668058782292333e-05,2.0692963257992249e-07,1.4893188599206508e-05,1.1327299523343487e-05,0.01802754270555802,0
0.7265555282899105,0.27339716947179094,1.3885106696512509e-05,1.81644217755573e-07,1.833341977758821e-05,1.114780188688236e-05,3.7542657197661147e-06,0
0.692652994662443,0.3073056819235831,1.3501336376081574e-05,1.8557478242167573e-07,1.3183921660340408e-05,1.0617077593581871e-05,3.835503561342389e-06,0
0.8708248734339571,0.12914093287239123,9.22737750804887e-06,9.497304328584192e-08,8.415185067832803e-06,6.306558720716565e-06,1.0149599311746557e-05,0
0.8763690269070293,0.12359868790739773,9.119250909549668e-06,1.4087134572415867e-07,7.539644892280325e-06,5.808498966064568e-06,9.676919459013592e-06,0
0.7784161490181872,0.2199619019242799,8.408689789841572e-06,1.295616987454645e-07,0.0016044278925063864,5.517413433707051e-06,3.4655001040107735e-06,0
0.828913601770958,0.1696466192394779,8.575053502369486e-06,1.364846197517932e-07,0.0014216045503659283,5.8122275472194985e-06,3.650673528717282e-06,0
0.8578401085865753,0.14031359134247523,9.243502481015868e-06,1.129241910244265e-07,0.001827263621242851,6.2653066523849265e-06,3.414716381985965e-06,0
0.8643525204853761,0.13136952304279859,2.0230526963443236e-05,1.4325167299547967e-07,0.004202831609932649,4.850642248103654e-05,6.2446607752091005e-06,0
0.011399329392291895,0.9563035887284611,0.0017202524154176508,9.226806219931038e-08,0.024230476103599897,0.006333510643175174,1.2750448991979814e-05,1
0.10921106182501943,0.699214745913588,0.020386149096627445,4.203119837174432e-07,0.09514749044943194,0.07603207227682462,8.0601265247012e-06,1
0.025451530079221935,0.9543367445346965,0.000996803022496323,1.5421381937263974e-07,0.003545100066733772,0.01564940085380794,2.0267229224230564e-05,1
0.09986831886615989,0.8994382952705088,1.5235864380858311e-05,6.403931210427029e-08,0.0005810090060152288,1.5688967795186235e-05,8.138798582794524e-05,1
0.20079759877063066,0.7991414768411738,2.7069487743179847e-05,2.4476009813731316e-07,1.2285876138198965e-05,1.6481183827695765e-05,4.843080388287174e-06,1
0.2826246736561192,0.7172919561754278,3.4630653150228115e-05,3.1297947150339806e-07,1.4215586124385997e-05,1.863091469155122e-05,1.5580035015312813e-05,1
0.5059662194659109,0.49384336687302777,3.179476729028877e-05,2.7893544875860963e-07,1.7719527608571088e-05,1.817218131227654e-05,0.00012244824940164717,1
0.5453808211525046,0.45442930283243105,3.1645707009767964e-05,2.782521106727259e-07,1.7676118181290724e-05,1.8127662970669097e-05,0.00012214827479197204,1
0.49781314636822005,0.5019997040039981,2.6445855298714575e-05,2.677032822931686e-07,1.6094033911323455e-05,1.621365806517149e-05,0.00012812837722453197,1
0.38760242150303637,0.6122376425877165,2.650301661081226e-05,1.7596894195900208e-07,1.3527956198885787e-05,1.2029736558189001e-05,0.00010769923093726404,1
0.5836135226454414,0.4161323750036087,3.804485656782953e-05,2.5588828160363396e-07,1.9646668867860473e-05,1.581230672376375e-05,0.000180342630508515,1
0.6259303556794462,0.37384788717330814,3.370484675593366e-05,2.2497087920048925e-07,1.7295075858091516e-05,1.4480803032804466e-05,0.00015605145071959098,1
0.6460212835524235,0.35384850700046055,2.913027744330098e-05,1.942159990461721e-07,1.4064073935071059e-05,1.1530911506707613e-05,7.528996823187928e-05,1
0.5049967370338087,0.49484087508466645,2.314563303477336e-05,2.603884807636582e-07,1.540742862661613e-05,1.2318773228300928e-05,0.00011125565815461138,1
0.35361791391246994,0.6432568089522166,2.8766031363933374e-05,1.7400213956676044e-07,1.2834589389934965e-05,1.142496788256336e-05,0.003072077544537678,1
0.274540967781564,0.7249774507218726,2.4232378001250907e-05,1.5661755158688932e-07,1.1782198206750502e-05,1.106419307852172e-05,0.00043434610972517844,0
0.45971428044977036,0.5397684194789268,2.947497103207475e-05,1.9372144671191642e-07,1.588328044992415e-05,1.784545429049453e-05,0.00045390264408360503,0
0.5906128071167495,0.4086400196762514,2.8724914077594786e-05,1.8936076405903612e-07,1.596830005124705e-05,1.754978960019087e-05,0.0006847408425060876,0
0.5533517072388789,0.4459122006690214,2.474829953202703e-05,1.9014868245887407e-07,1.6300917225267306e-05,1.6203341174397104e-05,0.0006786493854856016,0
0.7886393683786892,0.20593234355512094,3.955861681093946e-05,2.854170673093081e-07,2.29772390353105e-05,2.399138543996834e-05,0.005341475407836563,0
0.7221434315389632,0.2744963780386325,3.321935428741591e-05,1.9714445989880774e-07,1.6370132162088416e-05,1.60703088610502e-05,0.003294333482633683,1
0.7432007585253145,0.25220875821487243,2.841469708672435e-05,1.8917368853360863e-07,1.6209598170379762e-05,1.5842100374197332e-05,0.004529827690493371,0
0.5474424733722424,0.4500122866702583,2.8133937728571767e-05,1.9065216347787623e-07,1.8950561226294685e-05,1.766947536615761e-05,0.002480295331014888,0
0.5760404385626824,0.418211186899479,3.144086023343917e-05,2.2615742689070228e-07,1.921389078695252e-05,2.12317815912017e-05,0.0056762618478001965,1
0.15240211149793514,0.001253510688052977,8.400433289753412e-06,5.123836107581283e-08,4.498360745380873e-06,4.0543816277991e-06,0.846327373399988,6
0.1636437197870036,0.0010229982592976409,7.344191362957509e-06,4.47958237254367e-08,3.9327521562477744e-06,3.959304208865505e-06,0.835318000910147,6
0.08614960402063611,0.0005536144832828908,5.861066307850923e-06,3.134025084660276e-08,2.441096787887974e-06,2.5077300943308446e-06,0.9132859402626401,6
0.08455321779425154,0.000557482641964045,5.871285985803871e-06,3.139489743372426e-08,2.4453532186658977e-06,2.55561167185875e-06,0.9148783959180107,6
0.05126034196167511,0.00024376357377556008,3.0405046415929063e-06,1.9060263701836973e-08,1.4846067673991073e-06,1.455924759130073e-06,0.9484898943681176,6
0.056747722736643635,0.00021863282982196984,2.5256080170629517e-06,1.726032925928276e-08,1.2850923520826588e-06,1.2144431694814107e-06,0.9430286020296665,6
0.0616756542449579,0.00021202937239857316,3.2502725372038358e-06,1.6898320975798164e-08,1.239400659257025e-06,1.1889721323668062e-06,0.9381066208389937,6
0.05715146174684501,0.00012493545573949793,3.1335920680412217e-06,1.8401985844159216e-08,1.5421877608655418e-06,1.294770550296065e-06,0.9427176138450505,6
0.15159211032986689,0.00111746307492252,1.8620758332261845e-05,6.892388211318785e-08,5.448680192526261e-06,5.626429810091286e-06,0.8472606618029935,6
0.07759969794462915,0.0008239196145884556,8.334095929510458e-06,4.3191466507845316e-08,3.733033707795716e-06,3.48345714696129e-06,0.9215607886625315,6
0.05277655590567539,0.0005658137688885402,3.843501815094802e-06,2.8325060957087733e-08,2.2466715727612664e-06,2.010553946354742e-06,0.9466495012730409,6
0.22015700033554408,0.004284395647402534,9.000210007102501e-06,7.578869964138708e-08,5.729988484091145e-06,5.710876935891828e-06,0.7755380871529267,6
0.15545342005798596,0.0038617442243625124,7.953867841797828e-06,7.136635029229613e-08,4.720953289840533e-06,4.050844182926671e-06,0.8406680386859867,6
0.16573377329732403,0.004019433928124252,8.068686030128194e-06,6.062868462940042e-08,4.8309198870966274e-06,4.076121657062084e-06,0.8302297564182928,6
0.2480959122842479,0.007612479833039668,1.290200691386726e-05,1.0800298867230642e-07,7.605629470157969e-06,6.684577677132384e-06,0.7442643076656626,6
0.7319537741796748,0.04985520409195339,1.614616296609103e-05,1.765881303443316e-07,1.2848805964102069e-05,1.0929485273113924e-05,0.2181509206860382,0
0.8813662358598061,0.1158326321289319,2.3610703387278286e-05,1.930782107152804e-07,1.571977489770232e-05,1.2407247531069442e-05,0.0027492012072352664,0
0.8136354101527896,0.18565308623843765,1.9812838030726254e-05,1.8769371961786188e-07,1.1074738723713571e-05,7.383183949957143e-06,0.0006730451543487094,0
0.8052168099073743,0.19432321030568753,1.4223851077495111e-05,1.373466248138406e-07,8.423711097067029e-06,8.489024185370648e-06,0.00042870585395351953,0
0.8380721140758002,0.16163510921510632,1.3099018405922217e-05,1.220218694915342e-07,8.318195091149614e-06,7.459274673875682e-06,0.0002637781990531718,0
0.47626016582642344,0.5229053329108775,2.5844900232058405e-05,2.2236215555224398e-07,1.2571060186664867e-05,1.5384088826028e-05,0.00078047885129871,0
0.3389351197039631,0.6609387603360173,3.3551579215382496e-05,2.1271106145141714e-07,1.1402701431214185e-05,1.2233618300047083e-05,6.87193500116885e-05,1
0.32239196384992874,0.6775476871180454,2.9484403006444698e-05,2.098165109474589e-07,1.1247534629125968e-05,1.2003191798569919e-05,7.404086080835862e-06,1
0.32860200487033187,0.671337293013344,2.790707056871497e-05,2.0770380843180375e-07,1.235083119500646e-05,1.2906978533525369e-05,7.329532218423068e-06,1
0.6003928866146476,0.3995462194235697,3.286787100494838e-05,2.2652428831990651e-07,8.247890491446289e-06,1.2461620191207985e-05,7.090055806744078e-06,1
0.47893261656008457,0.5209911400704819,3.998262249824189e-05,2.3125683721572228e-07,1.1318368164304723e-05,1.272196855081828e-05,1.1989153383023515e-05,1
0.3985246335020374,0.6013961032710308,2.8162898180779808e-05,2.2835492618484218e-07,2.058295014637072e-05,1.4075624302025933e-05,1.6213399376475046e-05,1
0.18294847943792578,0.8025396009550493,0.0001527542317375839,2.1785747820727373e-07,0.013631690564250915,0.0007118710061678461,1.538594739024829e-05,1
0.15041743031421048,0.8273777242933971,0.0002388309181093204,1.8489050908657026e-07,0.020408965234381956,0.0015460980980965774,1.0766251295674065e-05,1
0.08582829347896621,0.8849239711878036,0.0002969323175770882,1.907146925801239e-07,0.027191855745206536,0.0017526618170844144,6.0947386696609684e-06,1
0.05379248970729833,0.8707510527164396,0.0038019220279565734,2.1434579817950128e-07,0.07055025510262287,0.0010996648435974046,4.4012562870355805e-06,1
0.024234335868980356,0.5783052815035703,0.008709900747397588,1.5959927517220425e-07,0.3879249889793218,0.0008212911178752342,4.0421835795515055e-06,1
0.00921916292054316,0.2719345722234927,0.00264456575130374,7.009019382273256e-08,0.7159503461006792,0.00024978518729716815,1.4977264901059482e-06,1
0.019850770783934008,0.6244812894069377,0.015180316771912065,1.7130374754779565e-07,0.33989768062890324,0.0005861105902114678,3.660514353914413e-06,1
0.061917515627476445,0.4422754251801115,0.005225865696929434,1.1378779920925075e-07,0.4892262723463258,0.0013511206185478487,3.6867428098767612e-06,1
0.09614326636087972,0.8666165565771179,0.011446430240238229,3.8919554414182026e-07,0.0197849981459286,0.00598247879066747,2.588068962399125e-05,1
0.09450489796879159,0.8531067862370034,0.013740549471362972,4.0697469216903635e-07,0.03134088466922822,0.007265547729973676,4.092694894774581e-05,1
0.12891779554956975,0.6852838840431952,0.0876416772352962,3.4022389337046696e-07,0.09042390135709856,0.0075416783383077095,0.00019072325263917215,4
0.08653931167464445,0.6313001325838788,0.15563660040199742,3.052612439677957e-07,0.12030321184979613,0.006040668636042747,0.0001797695923965267,4
0.11411198854374756,0.6095577510882133,0.14565902382956977,3.2999217819833914e-07,0.12120363456542636,0.009272938240368792,0.00019433374049611032,1
0.20184107718981542,0.4790309239419484,0.08200105416758616,4.4251427704176043e-07,0.07506748737021872,0.16199026288378743,6.87519323667959e-05,4
0.23649149774566702,0.7086688845203231,0.0014660679670325289,3.8795703985254956e-07,0.04373915922390453,0.00961725159836913,1.6750987663969182e-05,4
0.1763783483806774,0.7656570746409725,0.001276054106810041,2.1993344631817159e-07,0.04983347164814668,0.006844514412113641,1.031687783324454e-05,0
0.04423743292435901,0.899834350545248,0.012608723881977927,2.3276600335510556e-07,0.015684519506806865,0.02762592894648992,8.81142911510667e-06,1
0.03747000341867163,0.9185300460480491,0.010103212281238814,2.4112236982619127e-07,0.007492942629729358,0.026393864243911037,9.690256030299953e-06,1
0.05450863818022035,0.8847060193523951,0.014678678225031069,3.120503336378228e-07,0.007939647829996515,0.038144539079281475,2.2165282741663523e-05,1
0.05318013877158423,0.8451484371027946,0.019515150998601922,3.504299478384214e-07,0.004532798730081439,0.07757010243471077,5.302153227900206e-05,1
0.050241494328447184,0.750943692099859,0.026379737193765695,3.083969940498895e-07,0.004919302013942956,0.16749065413722772,2.4811829763418728e-05,1
0.08008638865414613,0.6991400398359211,0.028739973689277696,3.2372623078239823e-07,0.007851768157827071,0.18416777053931635,1.3735397280765583e-05,0
0.361069109574571,0.386061606431066,0.1683150374825117,2.0025097437844982e-07,0.03715370604884725,0.04739473596897173,5.604243057751117e-06,0
0.0940353756061546,0.2990935963649242,0.5123968897478274,4.0981277238181507e-07,0.02767073016180856,0.06679759154018257,5.406766330315628e-06,2
0.16173101640967827,0.43069908925747663,0.2686464671985344,6.205647968244547e-07,0.04663039908627611,0.09228462032153312,7.787161704624493e-06,1
0.10039964483976571,0.6409059536455184,0.09070157468848859,6.815707948529651e-07,0.011884023555720043,0.15609586420486493,1.2257494847249032e-05,1
0.01870681479892389,0.6745253989105047,0.04647565601419222,5.528599162550645e-07,0.014715922540160398,0.24554538698809455,3.02678882081098e-05,1
0.014714510647023653,0.683992145057136,0.0656232317695891,5.504894069030299e-07,0.006370467406395699,0.22927008132330795,2.9013307140733126e-05,1
0.017762314902076373,0.6434720732980926,0.07368716502328274,5.301669619894546e-07,0.009548904427149821,0.2555010699610036,2.794222143275318e-05,1
0.027426783536131673,0.5972303050256381,0.08436684392149933,4.33934899831031e-07,0.017890642230099653,0.27306885338391007,1.6137967821263556e-05,1
0.009473387366784582,0.6036411593580016,0.179588301998488,3.8969136767000367e-07,0.006930720054731393,0.20035951763972445,6.523890902414784e-06,1
0.019577015758125187,0.5673381566094025,0.11730756647473442,3.576091934986399e-07,0.005969154626164727,0.2898004379848773,7.31093750240887e-06,1
0.007309084411262807,0.06634442924167017,0.8717877636742238,1.2317997773491794e-07,0.0052755477500225295,0.049278255641714695,4.796101128121975e-06,5
0.022281364576576375,0.11116945039199826,0.7905619362317439,2.0512456308276444e-07,0.004120592923718264,0.0718597397875243,6.7109638759405455e-06,2
0.001623471695904726,0.051315052298193206,0.9403488237282802,4.946292148626276e-08,0.004015627930889494,0.002690474334298763,6.5005495123584185e-06,2
0.0009401104196536086,0.04111244937887329,0.9500299156255443,8.00278243281784e-08,0.0013259858197869068,0.006586106011624536,5.352716692806083e-06,2
0.0009048539706291208,0.030905420344763894,0.9626271005770136,6.223821823983329e-08,0.0015976727998710631,0.003962550936003017,2.3391335010532424e-06,2
0.0006003756117678034,0.08550050575648856,0.8984514109772537,1.4101290345678815e-07,0.006173772937575314,0.009272320862986893,1.472841024276219e-06,2
0.0006156723589640105,0.08767894138256906,0.895339753960799,1.4460571884319324e-07,0.006855410443004551,0.009508566881950906,1.5103669936310006e-06,2
0.0003654076249896688,0.06503461955860651,0.8861600495320642,9.66901059141351e-08,0.0028335013842131778,0.045604753442514835,1.5717675057254555e-06,2
0.0013921322910239514,0.23356257752395987,0.40640888688521726,3.340864889879474e-07,0.010130226181900289,0.3485023535898438,3.4894415658113113e-06,5
0.0009512777677727433,0.17776522827101549,0.283715367455751,2.363894298951241e-07,0.0045860000166407745,0.532979421076758,2.4690226321132165e-06,5
0.0008021374498989005,0.1411629663863096,0.656767413233868,3.8426420072685476e-07,0.0008961869290554683,0.2003691466877557,1.765048911499669e-06,2
0.9877286471235677,0.0022629342215909776,1.2826902444095616e-05,1.4021496593297552e-07,2.0898695602876754e-05,6.363817922272073e-06,0.009968189023906364,0
0.9869499524776476,0.0024587500484691376,1.3319174434494339e-05,1.455961482304434e-07,2.448651684106908e-05,6.608049086326336e-06,0.010546738137373049,0
0.9844536261673463,0.0028415682059566654,1.5998824257506584e-05,1.7488825599251008e-07,2.6841483478660775e-05,7.937505176245234e-06,0.012653852925528614,0
0.9728305699911716,0.0026078424741317096,1.4365463897070469e-05,1.7917277545781227e-07,1.5623579400097524e-05,7.921847415393966e-06,0.02452349747120853,0
0.9318680160883956,0.004205404155197776,1.9377015257673984e-05,2.109697698499675e-07,2.1559593015143408e-05,1.1554868662638926e-05,0.063873877309701,0
0.7433756814170664,0.002442280785677365,1.4672383978464262e-05,1.7811513663652845e-07,1.6902631150350203e-05,8.74941096884461e-06,0.2541415352560219,0
0.7471834111703761,0.0020434956509758333,1.3704617340047324e-05,2.075166883624591e-07,1.4338362387260683e-05,8.172314018964125e-06,0.25073667036821334,0
0.7195480214681869,0.0053146917944273744,1.5205708974739132e-05,1.886331467849052e-07,1.629182944207528e-05,8.56828592321029e-06,0.27509703227989907,0
0.9226248681128753,0.015723270164084955,1.197873235445107e-05,1.4860115909544602e-07,1.1954324669261083e-05,8.134406936329013e-06,0.06161964565792055,0
0.9083494051576383,0.018175189673000858,1.2674727104329695e-05,1.5723526356459528e-07,1.321966491726328e-05,8.6070366231387e-06,0.07344074650545254,0
0.8550792061930166,0.029724465028552704,1.6006080605893005e-05,1.9856208989651784e-07,1.7124686794092365e-05,1.0869261391889898e-05,0.11515213018754891,0
0.9260748386039026,0.034295366083671584,1.7832232714823084e-05,2.3598018941027586e-07,1.5601693572115696e-05,1.2109347900388682e-05,0.0395840160580489,0
0.7437848428887364,0.23927193946778766,1.7517176510343768e-05,2.1730786334410018e-07,1.584490364627722e-05,1.1976455163000952e-05,0.016897661800293114,0
0.835568466988407,0.15216419030105152,1.4897810998631549e-05,1.848135442778229e-07,1.2887424930382328e-05,9.759786538385648e-06,0.012229612874529809,0
0.6569893661361994,0.3088791801884188,2.3057045236314867e-05,2.5175695162404134e-07,1.495195533078263e-05,1.1637447898778119e-05,0.034081555469964116,0
0.7173742328201584,0.27261187696688066,1.9940009801934572e-05,2.2689022881761708e-07,1.350246259908571e-05,1.1541655281902079e-05,0.009968679195049106,0
0.8180850453464511,0.18187617259038152,1.2590686628135367e-05,1.5333634049956032e-07,6.7071885783027785e-06,7.098934710641598e-06,1.2231916909738479e-05,0
0.8534180704198056,0.14654870500628686,1.0734301125282755e-05,1.067868633648328e-07,5.770108987166606e-06,6.09053381514706e-06,1.052284311673788e-05,0
0.8277002031953656,0.16784540662640304,1.7421323548835447e-05,1.743981733598871e-07,0.00440457503245362,2.5316789672269607e-05,6.90263438318376e-06,0
0.8449639882643571,0.15169339021054504,2.0117216514304973e-05,1.9323678120088373e-07,0.0032752877764061776,4.040058032320312e-05,6.622715072960991e-06,0
0.8504215474152765,0.14456154033134158,2.0220249411910605e-05,1.4094285205558573e-07,0.0049433367542800165,4.77246330498786e-05,5.489673787956394e-06,0
0.8501402725442632,0.14451372695133755,2.0213561613297694e-05,1.4089623554798113e-07,0.005270402248632493,4.975593982631302e-05,5.48785809162167e-06,0
0.046067845780460866,0.9460987251319269,3.130808112719052e-05,1.537986635940075e-07,0.00777025265956675,1.2938198867523667e-05,1.877634938713181e-05,1
0.03616519277295722,0.9528481321831964,3.269509627177687e-05,2.2820115310446537e-08,0.010927432984505995,1.5381076821788786e-05,1.1143066131430959e-05,1
0.007903014629668676,0.9256310830125504,0.0025779900030643964,1.9239591238030884e-07,0.042395816418679656,0.02147827342013361,1.3630119990861578e-05,1
0.013252972780075175,0.9237739365282162,0.0019849721881341226,2.0510963843304784e-07,0.018931108950578295,0.04204475746081584,1.2046982542089273e-05,1
0.02444605874885404,0.9019737325875667,0.004814994627768501,2.0026924212912296e-07,0.0235509832157417,0.04520226786584505,1.1762684981937264e-05,1
0.03256121215666825,0.942253745796799,0.001761739468879236,1.6996436902320382e-07,0.00251837366942841,0.020885850842263354,1.8908101592411213e-05,1
0.027270089913962917,0.9556412682896364,0.0009942768097833453,1.4908543796540857e-07,0.0034272077446126205,0.012651718102649248,1.5290053917514626e-05,1
0.07091235841703102,0.9221702168933426,0.0006885585742278189,1.3830261148380982e-07,0.002027661518721144,0.004186882116084722,1.4184177981294055e-05,1
0.05971022513437181,0.9393047237177218,1.66081138175913e-05,6.437268831492952e-08,0.0008104797870931659,1.4500357136415613e-05,0.00014339851717078353,1
0.13118212866555878,0.8687617147589038,1.930787959818285e-05,2.5609805940429404e-07,1.1073111761422507e-05,1.3982797081436876e-05,1.153668903674901e-05,1
0.2743000329611263,0.7256184817319129,3.417048747594873e-05,3.0383082606898376e-07,1.3800052937913173e-05,1.808631784686656e-05,1.5124617873970656e-05,1
0.37434915519082884,0.6255772405771973,3.0126707967206197e-05,2.780253303180093e-07,1.2491157929268385e-05,1.610980589146903e-05,1.459853485552496e-05,1
0.507686637279046,0.49212361215433514,3.168404554176467e-05,2.7796408701439774e-07,1.7657821320176865e-05,1.8108898707594397e-05,0.00012202183696233971,1
0.5793872648483436,0.4204322008028148,2.2844864254809398e-05,2.0131825658758618e-07,1.63537193184725e-05,1.6771482804181074e-05,0.000124362964207654,1
0.6681536010689035,0.3316606922556063,2.4569688769756204e-05,2.1475329077215472e-07,1.5364163609978495e-05,1.5478362764867397e-05,0.0001300797070548072,1
0.6265865239167715,0.3732017251851236,3.364659100128451e-05,2.087848493788236e-07,1.726518289631295e-05,1.445577428501901e-05,0.00014617456507306747,1
0.6818341105451884,0.3177264773058819,3.452216712332587e-05,1.856287835787767e-07,1.5350323114167204e-05,1.1579253665877309e-05,0.0003777747762428181,0
0.43673147948986496,0.5614309292111251,3.8350866604247046e-05,2.1315268935851605e-07,1.752337065444326e-05,1.3995590146572304e-05,0.001767508318915217,1
0.4567591552374056,0.5420407214405113,4.488461076882184e-05,2.4946699627186754e-07,2.0272845113068683e-05,1.6513394026342827e-05,0.0011182030051785524,1
0.3189662075018023,0.6804052455631416,2.4135098180480285e-05,1.7388207083753182e-07,1.3080992535318957e-05,9.878873778877302e-06,0.0005812780884906722,1
0.3142239154414632,0.6853546053053658,2.5650099799737776e-05,1.6352669611642003e-07,1.2301966964857123e-05,1.385057827486116e-05,0.0003695130814351921,0
0.6345003014481078,0.3630059845167552,4.533813523163483e-05,2.3219932342239985e-07,1.954778689898595e-05,1.9776279821009952e-05,0.0024088196338621047,1
0.534695171180368,0.46285322274808416,4.6168472547908975e-05,2.551676393694682e-07,2.149264420490206e-05,2.1743870448659317e-05,0.002361945916706843,1
0.527416221246295,0.46998958584343076,4.7059872641920046e-05,2.2022578908602372e-07,2.3042828436887745e-05,2.4105311822781565e-05,0.0024997646715835785,1
0.5432590859083472,0.45247223214285326,2.4938111932687322e-05,1.5812255743471242e-07,2.3506273211402217e-05,1.3241764463774565e-05,0.004206837676634395,0
0.6240813976071584,0.3715718383047167,2.6615412056768e-05,1.71529161478596e-07,2.1401239143496385e-05,1.4364482789915308e-05,0.004284211424973345,0
0.6114567214377685,0.3844967794640189,3.425553621726733e-05,2.1459962992917175e-07,6.75528264767874e-05,1.622791771688458e-05,0.0039282482181718075,0
0.6859034725230941,0.3097814274976378,2.8065821727369678e-05,1.901905692594654e-07,2.42002182307638e-05,1.762597470525418e-05,0.004245017774035448,0
0.5068690748122046,0.49071835095275224,3.132689594159452e-05,2.0189340601332244e-07,6.481358436537784e-05,1.8710539020963215e-05,0.0022975213223093115,0
0.49449509953078624,0.50296864513386,3.2808403366112235e-05,2.1144132229993947e-07,5.302538193687365e-05,1.9595395360639058e-05,0.0024306147133679136,0
0.5389732148036862,0.4588084940034665,2.909594730454278e-05,1.882764625017919e-07,1.2095837916465215e-05,1.74492974824739e-05,0.002159461833681335,0
0.4855813167875792,0.5122387720244451,3.5147742721567985e-05,2.1499585678164974e-07,1.4024414474292652e-05,1.9641341667399546e-05,0.002110882693255783,0
0.18375513901575413,0.0011873853420010124,8.568959278781684e-06,5.226628370535417e-08,4.588604982490162e-06,4.619585038211067e-06,0.8150396462266616,6
0.17816519773255196,0.0010542314679023658,9.89062655401579e-06,4.616348715430466e-08,4.0528231997421215e-06,4.163450935425163e-06,0.8207624177353694,6
0.08227312222683186,0.000539624777501343,5.712958561957506e-06,3.0548290192206655e-08,2.379410855026669e-06,2.4866960350910247e-06,0.9171766433819245,6
0.054229604895458194,0.00030077683052739284,3.0246516660715762e-06,2.033686401436063e-08,1.4693338818760765e-06,1.6554641452109005e-06,0.9454634484874573,6
0.15354792665927997,0.00023658484712564266,1.0105758691821355e-05,4.156191796133373e-08,3.4831176233303507e-06,2.6030101456940878e-06,0.8461992550452155,6
0.05178113935231071,0.00010666104688389951,3.8558359195289585e-06,1.5857882722800628e-08,1.3289779078982703e-06,9.93174320181264e-07,0.948106005754775,6
0.05431131995452087,0.00013285295475570525,3.676567640429995e-06,1.905620610723591e-08,1.5970150219650493e-06,1.1934355453980385e-06,0.9455493410163096,6
0.08821140212975376,0.0007321406954152901,1.0071390217626631e-05,4.681406484606018e-08,3.847808140050992e-06,3.8215498301280674e-06,0.9110386696125783,6
0.09377610445300931,0.000703261023450148,8.856333243031636e-06,4.589796228457696e-08,3.628398608868282e-06,3.7467660744399356e-06,0.905504357127652,6
0.0792369248487699,0.0007340016677789992,5.0349022564103735e-06,4.088891910759079e-08,3.534024788814331e-06,2.9980441852523413e-06,0.9200174656233016,6
0.08798007906715093,0.0007248542631966895,4.839019528867618e-06,3.929813688518085e-08,3.396533656001317e-06,2.8581269408670976e-06,0.9112839336913898,6
0.08697098788468632,0.0006981893147025323,4.7067836157128205e-06,3.8224236483396185e-08,3.303716562190695e-06,2.786360468185889e-06,0.9123199877157285,6
0.17151507808934166,0.001752795433637813,1.0557382107783707e-05,6.631464514881239e-08,5.119185622418163e-06,4.871863194905212e-06,0.8267115117314502,6
0.17873226398505976,0.0020686745579299357,8.241564318159508e-06,6.635575235304302e-08,4.611634668287505e-06,4.364025249807513e-06,0.8191817778770218,6
0.15998528422620584,0.004220600685059556,9.04676263620522e-06,8.273644601653211e-08,5.369632068232326e-06,4.607447160060794e-06,0.8357750085104241,6
0.2262737366806624,0.007219159967165471,1.2235388973305304e-05,1.0162843479470448e-07,7.586411045756657e-06,6.339200447496352e-06,0.7664808407232708,6
0.6860237442800856,0.049735008035285765,1.6684172134311238e-05,1.8105719672501698e-07,1.2770840527344443e-05,1.129366859600074e-05,0.26420031794617393,6
0.901404284245691,0.08866947025398658,2.9058012752123696e-05,1.877483669733218e-07,1.680288135684513e-05,1.652803129417055e-05,0.009863668826552338,0
0.9061720268753007,0.08971231506929703,2.3992172640383614e-05,1.9619770273652013e-07,1.5829509669514018e-05,1.4378975499354516e-05,0.004061261199890078,0
0.8898801822299677,0.10509413754609383,2.3731197335639972e-05,1.940635585708733e-07,1.5387973972829644e-05,1.2442201889875124e-05,0.004973924787181672,0
0.8744484999562643,0.12226346638143545,2.3991855668917683e-05,1.9619511067975307e-07,1.5288390657437643e-05,1.260754019612744e-05,0.0032359496806672054,0
0.8656278606491686,0.13201604780137458,2.3696555618915373e-05,1.9421607325764262e-07,1.5134175309613304e-05,1.124398407431479e-05,0.0023058226183808143,0
0.823569204659992,0.1754730743913729,1.895535185415254e-05,2.0568767051903636e-07,1.289391895555368e-05,7.587532565888391e-06,0.0009180784575889328,0
0.8429315191863477,0.1564309913172542,1.3939529037852322e-05,1.6616028169241165e-07,8.763438109302226e-06,5.781732991400609e-06,0.0006088386359778985,0
0.3765841534824365,0.6226392036083902,2.4433921787188535e-05,1.859053692495374e-07,1.1054615951350091e-05,1.169291286683048e-05,0.0007292755531986025,1
0.3723194330648865,0.6267050009861616,2.401051134034976e-05,1.9632927547465336e-07,1.1674459694953161e-05,1.226515266283139e-05,0.000927419495978383,1
0.34338668040185283,0.655739373037617,2.9620615946307008e-05,2.1548148104695802e-07,1.155121400630823e-05,1.2392953012739299e-05,0.0008201662960837814,1
0.4364745097370934,0.5634565895079529,3.853322835565324e-05,2.2287363760672257e-07,1.0908070502571144e-05,1.2260789529843262e-05,6.975792928006542e-06,1
0.33605513455500774,0.6638629568776153,3.3375642836831514e-05,2.11793880762848e-07,2.0228765950828567e-05,1.3054814033978168e-05,1.5037550674610876e-05,1
0.39158867424068694,0.6083301440827416,3.271607206771285e-05,2.0760840174414215e-07,2.061656825574994e-05,1.2901049840744527e-05,1.4740378005529916e-05,1
0.23309385034878588,0.7667234171326166,2.5190838998474097e-05,2.1940633374285323e-07,0.00012741983072466926,1.4324401049921617e-05,1.557804149064677e-05,1
0.2455235255719938,0.7501025282148832,2.632337178993374e-05,2.1533787375448828e-07,0.00432464891967428,1.4427607492633808e-05,8.33097629224156e-06,1
0.1630619329642352,0.8238615024720449,2.7056315828545764e-05,2.1880024907770292e-07,0.013023992667067644,1.683185215287856e-05,8.464928421653918e-06,1
0.17945796915419537,0.8059321836368931,0.00016104692323222865,2.1901257707919036e-07,0.013703966946602588,0.0007323244733767686,1.228985312300716e-05,1
0.17023139783781097,0.8097897414607494,0.00017484972029585652,2.0271380860111487e-07,0.018517646060170083,0.0012718457649659204,1.4316442199180293e-05,1
0.0946204350484091,0.8663409607994131,0.00033780047367032104,2.0196385275148354e-07,0.036264486969595694,0.002431248673949001,4.866071109876782e-06,1
0.15041949969407473,0.823330755862146,0.0002611786482121072,1.9374696114712733e-07,0.02493176893948342,0.0010513036897034503,5.299419419311221e-06,1
0.05027125058638707,0.904735088279571,0.0018955258110987991,2.1803510164513346e-07,0.04257456778205032,0.0005173857505671041,5.963755224384061e-06,1
0.05474830310004934,0.8862230177150311,0.0019987674502197675,2.1815440762841616e-07,0.056255833299682735,0.0007678932620955813,5.967018513990797e-06,1
0.0464373079609447,0.8902653950449823,0.003814595700955352,2.1914948721244658e-07,0.05846462411306411,0.0010103422481440346,7.515782422338555e-06,1
0.046913292054947854,0.899390647693978,0.0036362544047987715,2.21395777419661e-07,0.04900029266218699,0.001051698968845882,7.592819465270293e-06,1
0.04203901458580873,0.8747014313431848,0.003919176463835095,2.0961695595909756e-07,0.07836658459433454,0.0009663945338257477,7.18886205512428e-06,1
0.043027089873426225,0.8715551829668883,0.004230159391414491,2.1454374446947134e-07,0.08017384647233011,0.0010061489247879922,7.357827408207449e-06,1
0.02828812157715914,0.6750409914399911,0.014646179114120333,1.6117452308741224e-07,0.28108171130756326,0.0009361610294970878,6.674357145853652e-06,1
0.028288176909383296,0.6750423118358806,0.014646207762387543,1.6117483834853043e-07,0.28108226110993223,0.000936162860649849,4.718346927960121e-06,1
0.008138723987900123,0.20956981282551604,0.005219500168158781,4.945974064281048e-08,0.7766951714750658,0.0003753206524944378,1.4214311242329295e-06,4
0.010461462388120875,0.24143773277520197,0.0047968665960845,5.9574977942482044e-08,0.7431635296662481,0.00013863686487561948,1.7121344910498131e-06,4
0.033701379119609125,0.6721713487747221,0.0019148603152841605,1.594993711739816e-07,0.2917600989795764,0.00044828632815819376,3.866983278619243e-06,4
0.08011125311766128,0.8817887264152606,0.00426443905431802,2.2612726961824969e-07,0.03183979555016373,0.0019913781207361063,4.18161459078475e-06,1
0.09803560934699768,0.6063016760032259,0.004777451208068845,1.5998417725573713e-07,0.28921272601319264,0.00166719393152461,5.183512813240937e-06,1
0.08175392063443686,0.9017455305527422,0.003927602070736126,2.362392182126918e-07,0.010564226481489095,0.001994920889440868,1.356313193670932e-05,1
0.04445774161692238,0.9370691695654957,0.0032670136184871894,2.521569371044705e-07,0.011942276323983965,0.0032287223299549152,3.482438821863247e-05,1
0.0978312872359563,0.8821531480049821,0.005843216603129666,2.1410696645981068e-07,0.009443137874792548,0.0047198810454157246,9.11512875722909e-06,1
0.11963792564250136,0.8521153341262008,0.008238922563360434,4.527314509975079e-07,0.015160823641736503,0.00483497241583182,1.1568878918398216e-05,1
0.13759180949660288,0.834866162772031,0.011602395126887623,9.967390403229646e-07,0.006802352135488397,0.009122883524687792,1.3400205262290272e-05,1
0.0821770518969675,0.2088890481721232,0.00041225284497271994,1.27389606696742e-07,0.7071536966561801,0.0013623226844116643,5.5003557381148204e-06,4
0.15598940150689591,0.7489893928593625,0.0009561390080560844,2.2153487199240266e-07,0.08275489729159227,0.01130095713871326,8.990660508044543e-06,0
0.056237332590733075,0.8718117113214923,0.01654126655004705,2.751664305835865e-07,0.022530377618722317,0.03286786636422766,1.1170388346976238e-05,0
0.1499408219618963,0.7441336064373932,0.0012051727157726668,3.8275345233872867e-07,0.05011424396745836,0.05458924585389525,1.6526310131927166e-05,1
0.04624463058822926,0.8689767071191562,0.019016148575828798,2.817686240060948e-07,0.006374101077444897,0.0593699436150901,1.8187255626647038e-05,1
0.1404673077729816,0.3330357491083408,0.4404488041512556,5.148946128192646e-07,0.03381581847397605,0.05222645623732297,5.349361510203818e-06,2
0.0679561074932351,0.5292613291891018,0.26524312045919785,2.3638438390558364e-07,0.033845807167315015,0.10368678460568165,6.614701084729607e-06,1
0.10989535519136867,0.606787709461834,0.15782948016078233,6.431684118273552e-07,0.02021580532504127,0.10526252120468033,8.485487881648629e-06,1
0.02770230854948032,0.7454917372592832,0.054704487243681696,6.123204281068004e-07,0.007901402444847789,0.16417273330363474,2.6718878644104815e-05,1
0.015309286931709166,0.7055002346853602,0.05672199125688062,5.822645020430155e-07,0.008479305132275492,0.213953536003239,3.506372603354441e-05,1
0.02010854249411813,0.6822362830913986,0.05917988910014554,2.6544353255378784e-07,0.010450919490347323,0.2279901928848336,3.390749562419223e-05,1
0.01426679545860865,0.6135343846266077,0.06569471318877018,3.7735751177956387e-07,0.008347444128257485,0.29815251093320266,3.7743070414929597e-06,1
0.011475773354987458,0.6025759505173659,0.09091939852961983,3.4486709559407454e-07,0.005967695797922615,0.28905432455441965,6.5123785889204795e-06,1
0.01790845253522824,0.5384885093008933,0.10528169646828525,3.4329163709740673e-07,0.005908937304532851,0.3324060344619609,6.0266374623772615e-06,1
0.02008500736451821,0.5501930097609661,0.1006802934333503,3.468021253234135e-07,0.006216297043548563,0.32281919419139365,5.851404097822294e-06,1
0.030507243546808307,0.1506455654107115,0.12858108120145129,1.0905733408738662e-07,0.004920407874405774,0.6853438268772148,1.7660320742318e-06,5
0.02425462472496203,0.16607885069042486,0.2549883556348858,4.150228109001091e-07,0.005020329310017437,0.5496555797758488,1.8448410502475904e-06,5
0.02512562955639442,0.1878270244900395,0.16086696235858858,4.4485745583473827e-07,0.0050102198500084506,0.6211677414268183,1.9774606948777087e-06,5
0.012806378410761066,0.08309438915107371,0.8803132984672355,2.8884205465731914e-07,0.0016949883745947028,0.02208234433512373,8.312419156845202e-06,2
0.0034071673347346293,0.05941613885631452,0.9322138338215639,3.572388636095296e-121,0.003320769597254462,0.0016253347245597349,1.6755665573032612e-05,2
0.002367305131939354,0.07059675639920392,0.9212517148123723,4.122549458399982e-121,0.0036967952235345083,0.0020680923340342387,1.9336098915804752e-05,2
0.0013018843212151572,0.051708490049568734,0.943464192841249,8.500630562297655e-78,0.001870752070563665,0.0016473605486761681,7.320168726988841e-06,2
0.0013504905088559502,0.05197376163765614,0.9434501193197443,8.81800380156563e-78,0.0015943682430675041,0.0016236668215573052,7.593469118512244e-06,2
0.000553350388159093,0.08192403841012796,0.8927071996966455,1.3925309163068932e-07,0.0047617476615956335,0.020052070130106826,1.4544602733736673e-06,2
0.0005538162125058278,0.08301480951123723,0.8934587031870607,1.393703184038655e-07,0.004751174966321253,0.01821990106788186,1.4556846748039257e-06,2
0.0006062801208299074,0.08481924934006246,0.8953391444247889,1.4239972189180504e-07,0.006212876423051966,0.013020819965582974,1.4873259617127517e-06,2
0.0004279581389325553,0.0732380593357681,0.8890844357159788,1.1376377806056462e-07,0.004346713337319107,0.032901531476825334,1.1882313979557204e-06,2
0.0004067651743132902,0.07319381242007995,0.8962475310134076,1.0706978114250868e-07,0.003794040558982914,0.02635668516414112,1.0585992939168384e-06,5
0.0007523149024793663,0.1382220902565815,0.6123261980522402,1.7999159362057019e-07,0.0028585229108985906,0.24583903846842267,1.6554177839390848e-06,2
0.0004795242432796405,0.02681237988790411,0.9592431589595608,1.2747072101620632e-07,0.00018619408723689415,0.013275533320550698,3.082030746920769e-06,2
0.9723848214193079,0.0026116431254723754,1.2941797342792149e-05,1.6141614123533336e-07,2.7976218956094098e-05,7.326057712187729e-06,0.024955129965067515,0
0.9834082438513504,0.002838550770626808,1.5981835252122307e-05,1.7470254375048023e-07,2.079812360899236e-05,7.929076411980655e-06,0.013708321640205997,0
0.9667028017656751,0.003975589985819689,2.1878919550767064e-05,2.282058068451047e-07,2.265465510818195e-05,1.0089767134066926e-05,0.029266756700905353,0
0.9523987276311716,0.004089778904742574,2.2137259273708167e-05,2.2482909916092874e-07,2.2319439501516528e-05,9.94047122138108e-06,0.04345687146499028,0
0.9572042873661948,0.0030263783211848362,1.814615317152331e-05,6.392044151301865e-08,1.955066211559324e-05,1.0820883084459632e-05,0.03972075269380744,0
0.9360529810901027,0.004224290380396717,1.946403630495845e-05,2.1191722280252871e-07,2.127793925108144e-05,1.1606760905014029e-05,0.05967016787581654,0
0.8674094598181823,0.005520699350596368,1.5500773530811897e-05,1.922935453765895e-07,1.5767103696182317e-05,1.0398534013780777e-05,0.12702798212643507,0
0.9270410487328227,0.010583694654871193,1.5805953625382943e-05,1.99857563347802e-07,1.5154178423081186e-05,1.1899332760748034e-05,0.062332197289933534,0
0.9041179014756934,0.021136251760107413,1.147620196224115e-05,1.423670604818866e-07,1.2046283057721462e-05,7.793153238763131e-06,0.07471438875888003,0
0.9022215533704249,0.03970062515333173,1.926473770378672e-05,1.8343321842174048e-07,2.0611079468525757e-05,1.3082120158232964e-05,0.05802468010569459,0
0.8983278703610077,0.04192599043680371,1.9181597612976542e-05,1.8122521145934865e-07,1.678227359227546e-05,1.302566215321526e-05,0.059696968443618846,0
0.9375340850853184,0.03328082711193696,1.6328422732309322e-05,3.5999416138158415e-07,1.3524824687980557e-05,1.108815450606968e-05,0.029143786406657015,0
0.7177759972366619,0.26917505487394805,1.6271755420721962e-05,2.58125370859277e-07,1.4718376368753551e-05,1.1049673391474274e-05,0.01300664995883822,0
0.6616742885415332,0.30916713732247336,2.460644251631501e-05,2.757302609138095e-07,2.9114862001613646e-05,1.3840679253458992e-05,0.02909073642196124,0
0.6998995012133862,0.2897429674103469,1.933332635305354e-05,2.0937612672033293e-07,1.315430854075763e-05,9.757996995615645e-06,0.01031507636825071,0
0.7251457885183853,0.27481325746121027,1.4631043400696744e-05,1.9295348834201027e-07,9.923386234304786e-06,9.608590089170786e-06,6.598047191716722e-06,0
0.809518855992721,0.1904377310319465,1.3452532221155137e-05,1.8151789121068764e-07,7.16630261143624e-06,8.934645397541133e-06,1.3677977211320169e-05,0
0.9238678605886292,0.07602290189232724,9.031872845258685e-06,9.276649833820656e-08,8.609095232471792e-05,5.580426315000673e-06,8.441501059975645e-06,0
0.8193540047408041,0.1774680529365848,1.2564158422373946e-05,1.5839709467810076e-07,0.0031509422266516153,8.382408776751547e-06,5.8951316655301915e-06,0
0.006390363500810548,0.9516510105252538,0.006111420563233922,2.0045288856908755e-07,0.0141691041292582,0.021666127357217586,1.1773471337337584e-05,1
0.05439883381040427,0.9342433831895799,0.001217823005174127,1.4957033465668305e-07,0.003227113632812521,0.006897357007255679,1.533978443885321e-05,1
0.09853286951010651,0.8927468600762566,0.0003468153971735426,8.087021549428815e-08,0.004216424086677273,0.004050444191702931,0.00010650586786769391,1
0.09266158480841453,0.9029800121852336,0.00010196818406497563,8.004735968027279e-08,0.0028686745583442956,0.0012859474970838443,0.00010173271949915352,1
0.08308388761235554,0.9145050378650806,1.9205572891920538e-05,7.177349544681705e-08,0.002284316043882366,1.626372163971886e-05,9.12174106545111e-05,1
0.08509516726639481,0.9140569712791877,1.7613799337193355e-05,1.2320552365452604e-07,0.0006626641877734473,1.5378409837722696e-05,0.00015208185194527866,1
0.21288061044007686,0.7870573859305277,2.6686396877250416e-05,2.3728517229163774e-07,1.0280672656522366e-05,1.2987281796921666e-05,1.1811992892569348e-05,1
0.5851841183383028,0.4146378354238487,2.2530018031631228e-05,1.985437033209774e-07,1.6128333572910324e-05,1.6540339473273237e-05,0.0001226490030675359,1
0.6343040593261892,0.3652145957998277,2.492874467454682e-05,2.0953725153762512e-07,1.3792433129822699e-05,1.1903057606627862e-05,0.000430511101320508,1
0.6187025518834245,0.38078123991969326,2.5589551401123436e-05,1.9488036611214493e-07,1.4826916365077925e-05,1.2795830725513522e-05,0.00046280101802449774,1
0.4567348519986673,0.5411354408525973,4.054050606716878e-05,2.2532262400598032e-07,1.8165455626844308e-05,1.4794667174167286e-05,0.0020559811972431273,1
0.5480830768982993,0.45163384857049577,3.615442513918654e-05,2.198514498992224e-07,1.7866148461711903e-05,1.455300169442911e-05,0.00021428110445980572,1
0.4239555057615998,0.575926472540258,2.8081241466846095e-05,2.0145868736829033e-07,1.5617828456541266e-05,1.4333100092359085e-05,5.9788069438905436e-05,1
0.3583576683889051,0.6412120089171222,2.7203179560830547e-05,1.639622699906386e-07,1.2334734797502484e-05,1.2372844193151196e-05,0.0003782479731512605,0
0.3928127235175013,0.6067007163529563,2.930816449695558e-05,1.894231331643154e-07,1.4250132742290217e-05,1.5863638231159756e-05,0.0004269487709387559,0
0.4518461119330825,0.5477065218697045,3.123329014549165e-05,1.914352506020854e-07,1.5017365455653135e-05,1.7634851856589694e-05,0.00038328925450476837,0
0.6350744416895509,0.3630299984273856,4.465633101349507e-05,2.2870746215925452e-07,2.1709905368845654e-05,1.947888005076822e-05,0.0018094860591681718,1
0.4785709173709543,0.5196487126479596,4.4304154731582976e-05,2.2690379083559703e-07,1.9101980507314656e-05,1.932526242485941e-05,0.001697411679631407,1
0.44153775404940687,0.5568710367709954,2.5423958338282053e-05,1.5669922785713924e-07,2.2574227502607808e-05,1.3122569610577673e-05,0.0015299317249183183,0
0.5543993397556579,0.4416546295045163,2.4923212193395554e-05,1.7369804057607466e-07,2.2575378692675423e-05,1.4546112701707463e-05,0.003883812338197461,0
0.610609225526512,0.38552982638331557,2.714969562627354e-05,1.8075181475668613e-07,1.761706902888591e-05,1.3668362699493808e-05,0.0038023322110029684,0
0.6475519786348477,0.34936269544164805,2.8765991815507554e-05,1.853890687354379e-07,1.830836106944495e-05,1.718099403605856e-05,0.0030208851875145894,0
0.575874938928894,0.42101204623986505,2.8161130291464172e-05,1.9083643632997259e-07,1.8968877692797312e-05,1.7685830652328958e-05,0.003048008156168026,0
0.4844448063366822,0.512999833480502,3.2689333101990406e-05,2.1067394652088748e-07,3.9461620138761286e-05,1.9525076665463573e-05,0.002463473478963138,0
0.5328228481191164,0.46502459146291736,2.8782251954888664e-05,1.950455232362323e-07,1.2449758386470531e-05,1.8076648096898472e-05,0.002093056714004768,0
0.7538024240073018,0.24270107849633238,1.8560555478245065e-05,1.4154561002738265e-07,9.29321627949993e-06,1.3069966792661742e-05,0.0034554322122055084,0
0.6589607354981718,0.33573999368538165,2.7535996411795826e-05,1.8423256086984833e-07,1.1606403616349598e-05,1.7295852487156167e-05,0.005242648331370222,0
0.20272879579560177,0.0012531485113742454,1.1818372582774916e-05,5.516104444244758e-08,4.84274422101388e-06,4.4840893554728684e-06,0.7959968553258203,6
0.08070084021170879,0.000534883169504447,4.865379695230096e-06,3.0007199260297605e-08,2.337265202067368e-06,2.4426500781312116e-06,0.9187546013166122,6
0.1601254529487027,0.001091372137543185,9.256254908670443e-06,7.045766895028756e-08,5.505853245589113e-06,5.6930788124650384e-06,0.8387626492691185,6
0.07883957496263845,0.0006902879039024478,4.556869797614396e-06,3.7006772137681866e-08,3.198491252469716e-06,2.9605396486529185e-06,0.9204593842259882,6
0.10276354973869702,0.0008055994407337853,5.378062355546658e-06,4.367575484341301e-08,3.5889192333322206e-06,3.17650813689691e-06,0.8964186636550886,6
0.18461642261591615,0.001596918565087844,8.187118130778186e-06,6.591738682109154e-08,4.047428647927975e-06,4.33519522102714e-06,0.8137700231596094,6
0.149793343585401,0.002444181134372766,7.545887551253052e-06,4.739838438974867e-08,3.817025576217393e-06,3.853562368323934e-06,0.8477472114063461,6
0.7067341441568588,0.06700313188970218,1.7514834156997736e-05,2.1392263113833452e-07,1.0588861778166859e-05,1.1952513793061719e-05,0.22622245382107964,6
0.7931997847263896,0.09645291588470607,2.0037604985266858e-05,2.403460896554864e-07,1.189678487377574e-05,1.3592214985246105e-05,0.11030153243797051,0
0.8229427175486278,0.17640275735980415,2.2037063451416738e-05,1.8389422898419196e-07,1.4587488124070199e-05,8.554752669356211e-06,0.0006091618930942944,0
0.8818238390113284,0.11752707404563563,1.2930099277907785e-05,1.3764785725103277e-07,8.622483278892562e-06,5.436965562530087e-06,0.00062195974705912,0
0.8479311989325597,0.1512344625790161,1.2636138783931872e-05,1.3403305218252784e-07,8.23145880897947e-06,8.193525929192162e-06,0.0008051433318499331,0
0.8466443920451129,0.15245707055889393,1.7840929815237868e-05,1.304022768350978e-07,9.037048975753467e-06,7.1916540115531255e-06,0.0008643373609137732,0
0.8639285320425718,0.13527223849875855,1.7584793397388904e-05,1.327371419991146e-07,9.048652078444579e-06,7.320421260337218e-06,0.0007651428547913556,0
0.5112585627727698,0.4856002369822571,2.5130534340915934e-05,2.174584227235224e-07,1.0521020097326616e-05,1.2591688487984675e-05,0.0030927395436241437,0
0.47383084368770634,0.5252767032528151,2.6990720059144005e-05,2.1943688529300928e-07,1.1696756812450699e-05,1.3769930811094251e-05,0.0008397762149107392,0
0.4090348174589299,0.5899910412041363,2.4798351486583358e-05,2.0277129092810827e-07,1.205752559067249e-05,1.2565260998446369e-05,0.0009245174275672039,1
0.3108545503075513,0.6890320358579153,3.075744494888897e-05,2.0040238994233316e-07,1.191666203880074e-05,1.2453259112493068e-05,5.8086066043123416e-05,1
0.3912238533644327,0.6087223209646446,2.6338568781670747e-05,1.955516766016501e-07,8.448848920390289e-06,1.2151829622907962e-05,6.690871920848433e-06,1
0.4466814664883904,0.5532733776040776,2.0084405543250812e-05,1.955127849395876e-07,7.5530029729945375e-06,1.1203569339914819e-05,6.1194168909427835e-06,1
0.3717156437003477,0.6282168031872056,3.749025707854222e-05,2.168411609010702e-07,1.1130104525361596e-05,1.1928929162570039e-05,6.786980519354111e-06,1
0.34627187643873414,0.6536370271271664,4.695991120686793e-05,2.071589800689007e-07,1.1437663636098256e-05,1.2769122273633161e-05,1.9722578002780738e-05,1
0.325470398207719,0.6744384361701392,3.5989613865862274e-05,1.876282226323397e-07,1.0049733090386964e-05,1.0733843265770053e-05,3.420480369700193e-05,1
0.3053332934214053,0.6945933592281348,3.855414920385221e-05,1.3820216891355292e-07,9.374731877357997e-06,1.0434316116649955e-05,1.484595109295007e-05,1
0.3737774426906629,0.6261361168580373,3.5405501338831307e-05,2.1861451029056978e-07,2.1709530708961547e-05,1.3584983408544434e-05,1.552182133335908e-05,1
0.263012155929924,0.7362493976218141,2.7891086543276283e-05,2.4292486022143046e-07,0.0006775699208855028,1.627593173634501e-05,1.646658423665754e-05,1
0.1732122092759111,0.8233653761342158,3.0447537563475235e-05,2.4622453570202745e-07,0.003363449648250053,1.8745262258443648e-05,9.525917265443518e-06,1
0.15690289345743874,0.8393759969032155,3.103960032371354e-05,2.5101245583981277e-07,0.003660998104306782,1.910977028116923e-05,9.711151978044577e-06,1
0.18297308405951812,0.8029657213996417,0.00010689059346398726,2.1820643910309327e-07,0.013653525605168389,0.0002921181806249076,8.441955143733429e-06,1
0.18736112599151386,0.7981239834307666,0.00010624606253184727,2.1689069376913694e-07,0.014109017889846556,0.0002910186829651718,8.391051682151397e-06,1
0.14223692658564463,0.8330539273486356,0.00022947002024973162,1.9222727061978284e-07,0.0234299264431971,0.0010430575925820021,6.499782420223343e-06,1
0.1343241888686615,0.8423230283453141,0.00021371857413638468,1.8153353580015399e-07,0.02212650357598832,0.0010046512376162772,7.727864747723583e-06,1
0.0789874280263776,0.8623212948635558,0.0002123284473221769,2.1088037771706123e-07,0.05733474818178068,0.0011360782624041256,7.911338182072745e-06,1
0.07669015481323666,0.873189680533145,0.00022346932060493465,2.0576705113950232e-07,0.049230646951294275,0.0006597110574420073,6.131557226145496e-06,1
0.05073896298111468,0.9131525398010162,0.001736112675788347,2.2006365113088545e-07,0.0340143796741051,0.0003503437901213748,7.4410142033379504e-06,1
0.05178691532253086,0.9164348663960392,0.0014785654786315446,2.0904169593673382e-07,0.02975344325407758,0.0005389321782910576,7.068328733807783e-06,1
0.0419281279978503,0.892229557549318,0.003019973578294665,1.9786951815196876e-07,0.06187541512168551,0.0009399419023787439,6.7859809546417436e-06,1
0.04290530583185503,0.9130238784053729,0.0030903571461024337,2.0248106930858642e-07,0.040011463792282494,0.0009618482081480793,6.944135169664035e-06,1
0.008256920635581734,0.215677412681103,0.005228300774547206,4.477630951398197e-08,0.7705196976307235,0.00031633666846119434,1.2868332737752151e-06,4
0.1071445875881646,0.8643624896363642,0.004592810346708812,2.5743920188949346e-07,0.021724555059941364,0.002166272771165936,9.027158453465947e-06,1
0.09742844005496674,0.8604875642831549,0.005100162775916372,2.5968344066067203e-07,0.03300714417285156,0.003963334175890253,1.3094853779563377e-05,1
0.1440070002993917,0.8346048647398325,0.005685129077666271,2.3462331227981137e-07,0.01268504357161355,0.0030078165821074564,9.911106075982127e-06,1
0.17365118893512266,0.7315384880186379,0.0010378098262300356,3.7860539849610414e-07,0.08897258731902728,0.004783200087753029,1.6347207830358695e-05,4
0.04722014900312086,0.8470046868422553,0.06280119777869926,2.695775237303003e-07,0.023139506990704273,0.01982295968331859,1.1230124377965698e-05,1
0.04006779257482223,0.8957092339167165,0.02992841756345823,2.3074937289260085e-07,0.01986719592977741,0.014417516653785304,9.612612067443773e-06,1
0.09097793871340594,0.8657458540449607,0.011499961532206091,3.750603470296183e-07,0.00933983922550984,0.022422017048180587,1.4014375389479895e-05,1
0.03820306253184959,0.8521329623165362,0.021559495953902153,3.1927823875640534e-07,0.006042461157919677,0.08204109038130993,2.0608380243794588e-05,1
0.04936787454259708,0.829493828654813,0.03026988101205991,3.534621675763618e-07,0.009470435035136912,0.0813826302283175,1.499706490774069e-05,1
0.043379516696703764,0.7170590328008336,0.031202199959364442,3.062831890479335e-07,0.007669913437628985,0.20067603399405934,1.2996828220813716e-05,1
0.06691023975826642,0.2964568035570048,0.585468418094883,2.885421672800435e-07,0.021403852303236593,0.029756299576199952,4.098168241925497e-06,2
0.08330026793477378,0.34561305619259663,0.4907458798406481,4.163600364477883e-07,0.03384131119324702,0.04649380092972124,5.267548976737832e-06,2
0.06825759307796601,0.27231410638826836,0.5889877148726851,3.7339501315933877e-07,0.027202571031207552,0.04323291725477694,4.723980082879861e-06,2
0.0642707497625142,0.4781395736847358,0.30198936467503573,4.578632178096006e-07,0.07130309508615647,0.08429071822000499,6.040708335064984e-06,1
0.058425603056817065,0.6822239665140021,0.04472709848214637,2.702104621688988e-07,0.01660426106289205,0.1980122571841119,6.543489568398909e-06,1
0.05024950647556032,0.690713589909119,0.03313442065823986,6.281061020564182e-07,0.009788834917168966,0.2161061998454733,6.820088336629892e-06,1
0.016371197815727764,0.6691170985937094,0.052337595275326186,2.594565701464469e-07,0.008975697713325695,0.2531656144084294,3.253673691134023e-05,1
0.017514448442451574,0.7126636627391129,0.06449826413704393,2.724626127351792e-07,0.007704606613150278,0.19758394149960962,3.480410601905336e-05,1
0.011381129953486833,0.601692927874024,0.10724439858115288,3.8013984471646253e-07,0.004587675718975571,0.2750896855967486,3.802135767482782e-06,1
0.011058522136827325,0.58792120842673,0.11948501182987012,3.64397402221609e-07,0.004051138253189106,0.2774801102751728,3.644680808448252e-06,1
0.013602230927047664,0.09494773266855182,0.804402158086547,3.041932981219626e-07,0.022598731356300684,0.06444008856450267,8.754203752264622e-06,2
0.0018823318892837498,0.06470414491062687,0.9279035830745072,1.034871499126943e-07,0.0023250437964081757,0.003173279340300941,1.1513501722840765e-05,2
0.0008253536646234442,0.10999551619764956,0.8655402598344429,1.8466717210727086e-07,0.007609376766129463,0.01602738007211895,1.9287978635232665e-06,2
0.00034610655874402023,0.06138882285024844,0.9100245067827486,9.126972408880771e-08,0.0021660764406220816,0.026072912442628507,1.4836552843029226e-06,2
0.0003991010717650237,0.052374723862535166,0.9265944411811132,8.637974494137005e-08,0.006171212602345873,0.014459532689798351,9.022126975433284e-07,2
0.0012998513375058218,0.06474774137778393,0.7476507059205502,1.1917785339568872e-07,0.002830656820565817,0.18346644623832753,4.479127413114936e-06,5
0.000680131403650915,0.026075618452689627,0.9352594630068544,5.36245408340973e-08,0.002033136431350884,0.03594958168003118,2.0154008821440636e-06,5
0.0009009527728106762,0.03338238046738904,0.9518591565911353,6.865090574019469e-08,0.002602850398988875,0.011252010973675496,2.580145094702632e-06,5
0.0004317926660077923,0.07271834822927933,0.842545817159765,1.96747271917359e-07,0.0007063145159671451,0.0835961241653417,1.4065163670382617e-06,2
0.0006812921127278163,0.05678961322399604,0.9140323416725804,3.4136013864782076e-07,7.36117362747586e-05,0.028406753548468337,1.6046345813817162e-05,2
0.9818245905113772,0.0028677691012169255,1.4151236109205743e-05,1.7650082642735057e-07,1.5462876350855926e-05,7.8037113176138e-06,0.015270046062801964,0
0.9556963174027355,0.003580290923305242,2.37995435913114e-05,2.2560754847657098e-07,2.1002309909983774e-05,9.974889155039687e-06,0.040668389323754196,0
0.9483477812568877,0.002607588454795698,2.1594449331814893e-05,6.363937288626102e-08,1.947353079695642e-05,1.0663618043511803e-05,0.04899283505077139,0
0.9519364553503147,0.0025886903566130107,1.843236305939873e-05,6.492862557415059e-08,1.9859024596561127e-05,1.0991555276248271e-05,0.045425506421514515,0
0.7971351301445327,0.0030821906062881927,1.4244797593867655e-05,1.8700726307325615e-07,1.4819278974730274e-05,8.494433385855418e-06,0.19974493373196164,0
0.8889039938394636,0.005442888382730899,1.55724884774267e-05,1.9318319912926456e-07,1.584005082992336e-05,1.0446643245890268e-05,0.10561106541205312,0
0.9094962453366315,0.007805054954219207,1.5883787260445606e-05,2.0084172672185773e-07,1.5228802505943377e-05,1.1957928929352621e-05,0.08265542834872684,0
0.9443286718815108,0.03592313670971979,1.7065564097333162e-05,3.7624598140559345e-07,1.4299909322845093e-05,1.18252186755509e-05,0.01970462447069237,0
0.6884793904826563,0.2819169202309475,1.6247321420309238e-05,2.0155478257739738e-07,1.4506348619924496e-05,1.0924686679397311e-05,0.029561809374894187,0
0.6939336309515827,0.22920813166761167,2.1120300999504175e-05,2.3808142399631332e-07,1.7572880507972243e-05,1.1551071100806693e-05,0.07680775504677355,0
0.14773473722894617,0.046889893462567424,2.9459394318421045e-06,5.8358875884121724e-08,6.086002738658843e-06,2.831415880270783e-06,0.8053634475915596,0
0.6615183634962923,0.3383167519499436,2.2532451837030187e-05,2.675691654887635e-07,1.2406777862358536e-05,1.1611401863787382e-05,0.00011806635303526589,0
0.8043575503747756,0.19559540533505812,1.5183085711480136e-05,2.124355354163646e-07,1.5413615077484753e-05,1.2153327173107773e-05,4.081826668580869e-06,0
0.855606692383551,0.14435844106563156,1.080606606828045e-05,1.714403897573188e-07,9.496074412638632e-06,9.266129628458889e-06,5.126840318326618e-06,0
0.8263435220783442,0.17362052736124947,1.130028641555882e-05,1.7928129397056538e-07,9.636093618842964e-06,9.473580385646678e-06,5.361318692468867e-06,0
0.8745077588242088,0.1243629998497395,8.889631541642237e-06,1.437499228937813e-07,0.001108442073853409,6.344551244225525e-06,5.421319489509483e-06,0
0.7955909319697825,0.1964866607233915,3.165866967915621e-05,1.6981274066083062e-07,0.0078211071138232,6.062898214333735e-05,8.842728439714172e-06,0
0.11467784814067593,0.882585260588184,2.8555261775822963e-05,1.4600058633380723e-07,0.0026743686176169345,1.599706190059012e-05,1.7824329260533827e-05,1
0.0950690647978668,0.8970525425951934,2.3970235268120855e-05,1.939240363497957e-08,0.007830785214242955,1.4148451079496655e-05,9.469313945712516e-06,1
0.014297967104106461,0.9547199434820655,0.002491586444783524,8.473845639677874e-08,0.02785517296909051,0.0006023528924621204,3.289236903591158e-05,1
0.014138721004395383,0.9643850731601051,0.004509515371398666,8.560047716827774e-08,0.014325256801730015,0.0026295190010918483,1.1829060801836322e-05,1
0.007227762331694668,0.9576514284248262,0.001224709024487233,9.081224818188453e-08,0.027468057438586938,0.006415402696927918,1.254927122874791e-05,1
0.020842810252553617,0.8979526192987674,0.0013901641582074258,1.9937641644942943e-07,0.04104963513935303,0.03875626969774267,8.302076959339344e-06,1
0.010289269047739373,0.9329213654186799,0.008510649699842538,1.9650773281139606e-07,0.02400357152424064,0.024263406046610397,1.1541755154218056e-05,1
0.10997936886759654,0.7101469175015224,0.022145924723271412,4.934151807432668e-07,0.09663511452749034,0.06108399481892317,8.186146015427708e-06,1
0.035465110670612865,0.880674004510488,0.0033558934762442294,2.2350749453271306e-07,0.0624102865093603,0.018086125541672313,8.355784127892236e-06,1
0.0795075796116331,0.9124324002635426,0.0006984849969897468,1.4029641454146054e-07,0.002056892765279203,0.005290113405705381,1.438866043557278e-05,1
0.07107876430015485,0.9177554919382138,0.0005773561334212406,1.3862715813147535e-07,0.0030340278077841203,0.007537009913592601,1.72112796754702e-05,1
0.08552426098259445,0.9063521083016088,0.0003444545177956727,7.836808580601738e-08,0.0037606503680620096,0.003925123186920168,9.332427493296721e-05,1
0.09045520587224004,0.9037297196496132,9.1772577823464e-05,7.814133995634818e-08,0.004514229764146741,0.0011096836484265412,9.93103464101677e-05,1
0.06741002448138389,0.9306978124760626,1.6061583993076273e-05,6.436434370761658e-08,0.0017796511999807311,1.4584823590757568e-05,8.180107064502931e-05,1
0.07798982359612812,0.9218495117891012,1.5359142331130344e-05,1.0743458225934591e-07,1.8429257148736378e-13,1.2583445824128231e-05,0.0001326145918488492,1
0.08243089838539705,0.917344546171221,1.4337885855681922e-05,1.0029106731209065e-07,2.4266603766194315e-05,1.1746750307263416e-05,0.00017410391238553333,1
0.0674489012166318,0.9325088140708581,1.2180722395941364e-05,1.7584043291547715e-07,7.294012809565284e-06,9.571094670235086e-06,1.306304220150689e-05,1
0.4704909534468591,0.5293440564101652,2.811639785557943e-05,2.0266530357407365e-07,1.5110845524844893e-05,1.606982290559964e-05,0.00010549041138602078,1
0.5622205836041263,0.4376168730377007,2.203788579086232e-05,1.932963238321159e-07,1.5702072324810274e-05,1.610318918021889e-05,0.00010850691455346967,1
0.5959868712419399,0.4038235181812865,2.267148125007682e-05,2.0291941443868962e-07,1.6780148626301843e-05,1.6455061837429733e-05,0.00013350096564529923,1
0.601075286768378,0.3982006575672338,2.286504577769778e-05,2.2013637816482242e-07,1.692341414594003e-05,1.5135788117819824e-05,0.0006689112799685148,1
0.6562282910223028,0.343101474554975,2.530713283643192e-05,2.403354827838859e-07,1.9412038071386047e-05,1.6524606132509395e-05,0.0006087503101990162,1
0.6655055492309802,0.3343298028532415,2.963126001715737e-05,3.0245367850105314e-07,1.795094112423911e-05,1.6707040525079326e-05,0.00010005622043337303,1
0.45784684811586257,0.5419038514157692,3.7324002759969225e-05,2.637541325234719e-07,1.9274414183711046e-05,1.551270350427051e-05,0.00017692559378793148,0
0.5990647540131028,0.399786017290808,2.8419344724399274e-05,2.054162131131434e-07,1.668660930040571e-05,1.2472616978012466e-05,0.0010914447088733593,1
0.6199319914444203,0.379502236057359,2.590932612933645e-05,1.9226661587545476e-07,1.5173206016389744e-05,1.2624212074262568e-05,0.0005118734873847768,1
0.3508751364451677,0.6486992738091146,2.193750917303589e-05,1.581323251746258e-07,1.1889920297405773e-05,9.856163353686586e-06,0.000381748020568318,0
0.4336715067123947,0.5648343407541482,3.7927445763782255e-05,1.9414369227898384e-07,1.6352627288824852e-05,1.799233170507857e-05,0.0014216859850072735,1
0.5203840355716893,0.47715549716278455,3.932266907734572e-05,2.423631992986599e-07,2.0124925680296188e-05,2.0296385612943364e-05,0.002380480921956157,1
0.3675545272526808,0.6308975106899289,2.3479500934980664e-05,1.470035704965309e-07,1.840383357791685e-05,1.1319031044893132e-05,0.0014946126882619559,1
0.5559793997379119,0.44213200488996574,2.777665135489922e-05,2.0040969600322525e-07,1.2479698210900868e-05,1.8985744347112015e-05,0.0018291528685133686,0
0.5568096591382292,0.44098052596717113,2.558351651280149e-05,1.899154770515546e-07,1.2551876647255e-05,1.735007747840069e-05,0.002154139508484143,0
0.12349241046917835,0.0008260517648073252,8.813193862338666e-06,4.636440027495021e-08,3.611330015752002e-06,3.4701622417983776e-06,0.875665596715494,6
0.06751101473182754,0.00023506077858468174,2.7412242740967844e-06,1.8733878426419906e-08,1.5036923244075956e-06,1.574047548741035e-06,0.932248086791562,6
0.037914618888556254,7.849054601512895e-05,1.8563761738566336e-06,1.1000646440461366e-08,8.50946348315588e-07,6.889671049433841e-07,0.962003483275155,6
0.019665371459201563,9.479563047636766e-05,1.2047682134746424e-06,8.456647712882391e-09,5.460138093958358e-07,6.696567128343454e-07,0.9802374040149386,6
0.33498778037371624,0.0016148455673730697,1.8708406110428392e-05,1.4961454998570522e-07,1.0978716674871335e-05,1.2025234403469019e-05,0.6633555120871719,6
0.09880736069690135,0.0007756124070555748,6.112160698255608e-06,3.925543265354751e-08,2.9435130229283217e-06,2.763896647526491e-06,0.9004051680702417,6
0.1869229106854551,0.0015886652420281217,8.16399366976875e-06,5.8842975741399185e-08,4.343173776344888e-06,4.322950490799043e-06,0.8114715351116041,6
0.1569863768151403,0.003072375740267778,6.96181842165978e-06,4.664860088804114e-08,4.287385879663973e-06,4.0602318158641544e-06,0.8399258913598738,6
0.15709275928118333,0.009180816526625507,9.625131766230377e-06,6.168224308918058e-08,4.585641061857572e-06,5.285925488420868e-06,0.8337068658116316,6
0.9043288236553992,0.08238819942680425,2.992540772233885e-05,1.983495415565377e-07,1.8103733269397976e-05,1.3282649649657238e-05,0.013221466777613591,0
0.8882917267409464,0.11114187266959648,1.5337566042632043e-05,1.4281956135352138e-07,9.750632122776222e-06,6.097699562662143e-06,0.0005350718721674917,0
0.8914645952508877,0.10715655707984524,1.597349236518035e-05,1.4440549995464582e-07,9.558141391353416e-06,7.828192175876434e-06,0.001345343437834411,0
0.5267085574572332,0.46897820867555445,2.6584321434588773e-05,2.30038268582637e-07,1.2415882748244108e-05,1.192957889797568e-05,0.004262074045862903,0
0.46333556067163667,0.535575701451615,2.771559271814298e-05,2.266250043812822e-07,1.3475954990010811e-05,1.404341963692714e-05,0.0010332762843990244,1
0.38335233643233585,0.6165396603657971,2.7326022015190434e-05,2.1267393092707248e-07,9.143933076037747e-06,1.3215828259679945e-05,5.810474458533743e-05,1
0.4098790694781694,0.5900556590337843,3.3036112658116655e-05,2.459781427287403e-07,1.122032215971513e-05,1.3070126897424425e-05,7.69894818838625e-06,1
0.37696599945182213,0.6229584636493228,4.1605106990880164e-05,2.585812426922684e-07,1.235172083848924e-05,1.378958489202916e-05,7.5319048909473915e-06,1
0.4384377439231625,0.561475955490193,3.3209904535686946e-05,1.9525560343099858e-07,1.9360056408992617e-05,1.2706938005356e-05,2.0828432091043512e-05,1
0.26897448065265345,0.7309372160717973,3.315304596755829e-05,2.2390542306455216e-07,2.5153949827720353e-05,1.3874893565535079e-05,1.589748076538391e-05,1
0.2464875710470453,0.7534289054730808,2.392896976645755e-05,2.0843551713196122e-07,3.147697632083735e-05,1.3109994348282323e-05,1.4799103921091218e-05,1
0.16840469579627784,0.8270139192650251,2.6752459819408926e-05,2.2894635238869386e-07,0.004519667604965046,1.921687202224139e-05,1.5519055537780356e-05,1
0.16692063538977112,0.8293485492307504,2.710168287596664e-05,2.3193498765844625e-07,0.003668292395871073,1.9467726516758444e-05,1.5721639227144904e-05,1
0.1603532233737031,0.8321132575447578,2.9389407676830753e-05,2.3766760266570807e-07,0.007474586114082795,2.0111024926090266e-05,9.194867250799314e-06,1
0.16948020906235722,0.8066710301213329,0.0002524342241021227,1.9013161069996634e-07,0.022309909972430163,0.0012797975663143152,6.428921852616718e-06,1
0.17126024618893473,0.8073614937576189,0.00022968089073127464,1.9029435233614122e-07,0.020158934892084222,0.0009830195516414997,6.434424637015817e-06,1
0.057144871441392665,0.9103515460779743,0.00028839605569520226,1.7220668648594503e-07,0.030851062997866923,0.0013584309353776645,5.520285006756666e-06,1
0.054796379134747324,0.9220867640238545,0.00021648563655333151,1.681631851596041e-07,0.022419301286239382,0.0004755110895369238,5.3906658833527536e-06,1
0.0516357343879022,0.929291795308342,0.0005339791071948342,2.239531037017016e-07,0.018255241719612028,0.0002712399656307263,1.1785558214605682e-05,1
0.04620212464648877,0.9145577143402516,0.0023855190749196746,2.180395972333094e-07,0.03619570187106656,0.000651244309187759,7.477718488436478e-06,1
0.04621572817470568,0.9101157940679935,0.0027281993872937437,2.181037957487688e-07,0.04034407056143457,0.0005885097845855522,7.479920191393522e-06,1
0.04080427286547678,0.8963894099171297,0.001957789115064337,1.9256575945502023e-07,0.06021688644003741,0.0006248450092106071,6.604087321697905e-06,1
0.03300436831278327,0.8439166228305083,0.007431343292864478,2.0581189915910963e-07,0.11513742632749442,0.0005048232066643671,5.210217786190037e-06,1
0.04386949453647285,0.7973455003742754,0.002384284774904848,2.4725546424064356e-07,0.1558561013964978,0.0005390532415732981,5.318420811521708e-06,4
0.10714105038373747,0.8643339541135366,0.005139174494583233,2.5743070295263503e-07,0.02075751325520734,0.0026122344623594356,1.5815859873203233e-05,1
0.11994301779881163,0.8519980084187007,0.005065696350675685,2.58066848191877e-07,0.020527527807322022,0.00244963661469185,1.5854942950114642e-05,1
0.11530492282492412,0.8564713003546857,0.005988884786189992,2.8180633128698936e-07,0.020306460559931103,0.001919019097939314,9.130569998453682e-06,1
0.1224444075432784,0.866978180328732,0.0038821664253400725,2.3350633408796632e-07,0.0053425566727352365,0.0013361218931587674,1.6333630421508312e-05,1
0.10699856581146235,0.8735334850222368,0.005614185256983403,2.597142439024713e-07,0.009880869506937902,0.00394716991042987,2.546477770589726e-05,1
0.04101305612995152,0.8901822289168378,0.031444121644398,2.907900921325802e-07,0.022710203047884667,0.014639372469313378,1.072700152240258e-05,1
0.024910171075607224,0.9095806006006119,0.03173663713204623,2.9401750548522905e-07,0.022092580052037618,0.011668732252739353,1.098486945230882e-05,1
0.131851571698419,0.7941439558575623,0.0010197713652844267,3.788764738884806e-07,0.05726706623824619,0.015700897051845318,1.6358912168950997e-05,1
0.03763549438984677,0.9276512792265047,0.00849444674420525,2.754977668362626e-07,0.007135693033178249,0.019071385393938333,1.1425714559646005e-05,1
0.33653480246986844,0.4989979898581225,0.05963695322337717,2.689949703890438e-07,0.02159260649241091,0.08322418902899789,1.3189932252772863e-05,1
0.021478734545261703,0.8147315293972237,0.05276720535948152,3.138762758464181e-07,0.004332838046701672,0.10667321450703884,1.616426801650813e-05,1
0.012026254441096654,0.623375912200635,0.054769010858704344,2.1325254123875658e-07,0.004371917972690563,0.3054507200011588,5.971273173393912e-06,1
0.014990811797343798,0.62708468360539,0.05243809720630832,3.433471032000197e-07,0.0044668630545276955,0.3010153414642782,3.859525048501153e-06,1
0.01361557903275075,0.6020430687579179,0.04825325397835456,3.245024031081046e-07,0.005107520634891414,0.3309737464742474,6.506619434812727e-06,1
0.02455251982341819,0.5630611377306987,0.04621426122341035,3.222519236693052e-07,0.007917577054751965,0.35825027193930464,3.909976492441412e-06,1
0.030227361923033345,0.407273470561145,0.04859742239410342,4.937473318527856e-07,0.026459539356487302,0.48743773143993974,3.98057795939698e-06,1
0.03674614272961309,0.48058981235779163,0.08087279324007882,4.2386139215015714e-07,0.004342905887556286,0.397443641658963,4.280264605013251e-06,2
0.02396759220503206,0.5415612120838876,0.0976194092658959,3.733215577029647e-07,0.0025820690452826086,0.33426614006664734,3.2040116967590023e-06,2
0.0079988569124779,0.07491129099781343,0.9088907352938508,4.414121017214782e-164,0.003211459584436687,0.0049777097470967155,9.947464324591825e-06,2
0.0010492091660401607,0.03097068517693426,0.9627126994562931,5.440784390168423e-08,0.0012006573757973567,0.004061815176704454,4.87924038660105e-06,2
0.00045344819014805975,0.06058958344163565,0.9208002570986894,1.0497933103083536e-07,0.003352574840024222,0.014802934969908829,1.0964802628198402e-06,2
0.0005265773402117555,0.0894297911884274,0.8739618022135727,1.3868516818200433e-07,0.002535146152319457,0.033545095891831536,1.4485284690255067e-06,2
0.0005274766885067447,0.08941887251343208,0.8686516563314527,1.3892203038631914e-07,0.004224494106076206,0.03717591043607214,1.4510024296565083e-06,2
0.0006365482446802524,0.10876982942320221,0.8658320594147496,1.719511141739102e-07,0.005321177750553319,0.01943851313522574,1.7000804746652907e-06,5
0.0007126414521915227,0.027293672432205113,0.9627865516387674,5.618777555039803e-08,0.0021238017552072646,0.0070814170257579015,1.8595080952758475e-06,2
0.000809994692490143,0.04111036501389637,0.9345617190073553,7.740446215965826e-08,0.0004585796303626359,0.023054843476063763,4.420775369733151e-06,2
0.9527624170281825,0.0036210842053577617,1.781737738391457e-05,2.2562226622862506e-07,4.4956809406946775e-05,1.0240126736369245e-05,0.04354325883066634,0
0.9850136961486837,0.0025821093471497794,1.2259076862499485e-05,1.5290093252419157e-07,2.650038548902819e-05,6.939585145245377e-06,0.012358342555737475,0
0.9725499298161596,0.0024422891937628576,1.2943994826097708e-05,1.6144354927350745e-07,2.7980969244827596e-05,7.327301657606721e-06,0.024959367280799928,0
0.922890552481702,0.003439736846352643,1.8814354476072925e-05,6.62742033270331e-08,2.0270582079178095e-05,1.1219343745794821e-05,0.07361934011744087,0
0.8753959934746081,0.00536750346036073,1.540682573224857e-05,1.9112808384461123e-07,1.5671541711547706e-05,1.0335510102300572e-05,0.11919489805940117,0
0.8717670049139042,0.007885347990703619,1.6047188737756686e-05,2.0290784825282182e-07,1.6182713649016545e-05,1.2080943876644375e-05,0.12030313334128037,0
0.8824601425314286,0.01632054030043299,1.823099538007063e-05,2.2616308343641636e-07,1.950509269041859e-05,1.2530902017943664e-05,0.10116882401496687,0
0.9453595036288696,0.036223784870288635,1.720838933267917e-05,2.0344688320600136e-07,1.4419588221404389e-05,1.192418637627973e-05,0.018372955890028086,0
0.6885479566028149,0.30349019805940797,2.3006224090401017e-05,2.657918545632489e-07,3.3019560597777757e-05,1.4131795496132106e-05,0.007891421965738343,0
0.6468137709353733,0.34209412590719923,2.1812360775315117e-05,2.444386554516367e-07,1.2834379534818844e-05,1.1392089933421072e-05,0.01104581988852857,0
0.821612680896994,0.17834829410538625,1.3935818683864126e-05,1.9508305485953471e-07,1.2089509221876824e-05,9.056177927461887e-06,3.748408731868559e-06,0
0.8244069730021488,0.1755515718931552,1.270414777078445e-05,1.5470153172676483e-07,1.4412461642998233e-05,1.0079882357245697e-05,4.103911393053457e-06,0
0.8795578182017637,0.12039908115529667,1.1363990876403357e-05,1.7360881556836058e-07,9.773239290132428e-06,7.662404296638493e-06,1.4127399661107628e-05,0
0.852721234256575,0.1472440705251492,1.1794817479539684e-05,1.870715102680258e-07,7.624828796580366e-06,8.256594225147209e-06,6.831906264378764e-06,0
0.8958672276986613,0.10408531975499324,1.0423063266052916e-05,1.477241560129084e-07,1.7990677140066697e-05,6.439986205444926e-06,1.2451095577810447e-05,0
0.8555065958708655,0.14265340413339436,1.0983593753303312e-05,1.2888882588284853e-07,0.0018162515861439034,7.839017071422367e-06,4.796909945470336e-06,0
0.7902517166771789,0.2050560903522936,2.501357265180359e-05,2.8009186153555415e-07,0.00458389834864257,4.119373584354988e-05,4.180722152775632e-05,0
0.9533526927817484,0.04643790254337126,9.364546489656652e-06,6.98519704504866e-08,0.00017188352284314726,2.3950294434078528e-05,4.136459143029638e-06,0
0.12766322370140787,0.8686232288401707,2.8103532646309548e-05,1.4369093432323244e-07,0.0036549063794025925,1.4409643941399911e-05,1.5984211496891775e-05,1
0.16453082460953242,0.832844078269041,2.5765179316972032e-05,1.528836922816737e-07,0.002572252619350661,1.6748042021520665e-05,1.0178397044957899e-05,1
0.021367162151480372,0.9402319437687593,0.0007713141613159873,2.3595748596739526e-08,0.037219887641153554,0.00037352219082933843,3.6146490712817625e-05,1
0.01256036678855319,0.9611689799958606,0.005814434260963033,8.531501120956598e-08,0.01686539811159653,0.0035789459155241873,1.1789612491567937e-05,1
0.011947118554335641,0.9278606802040102,0.012714158264928752,1.954417653945596e-07,0.027810751622230758,0.019655616766484637,1.1479146244372716e-05,1
0.02446724879438098,0.9145692067150766,0.002002656355029047,1.9642417826148905e-07,0.0018623208613176186,0.05708131836443483,1.705248558278526e-05,1
0.07056019052896859,0.92800216429867,1.681216459224802e-05,6.73721807731378e-08,0.0013198754918168135,1.5266393081928802e-05,8.562375068979349e-05,1
0.18899775962659848,0.8109286605190361,2.091484408020629e-05,3.0732756524451284e-07,1.2202792151004767e-05,1.785608402756671e-05,2.2298806541385462e-05,1
0.19426207201664109,0.8056629568663298,2.521407860648189e-05,2.909420544372466e-07,9.971250266234531e-06,1.8384925221598285e-05,2.1109920880308126e-05,1
0.22456992763586175,0.7753520366901494,2.5818288454329198e-05,2.3217619379232837e-07,1.0210193267096763e-05,1.882548674455516e-05,2.294952932924117e-05,1
0.2858609460678456,0.7140486672270528,3.180440783957446e-05,3.067714627707848e-07,1.2837070745134075e-05,1.8261366872500512e-05,2.7177088181443556e-05,1
0.49080057413876965,0.5087226932954448,2.5925562478346943e-05,1.9162508099438772e-07,1.5846178880949262e-05,1.5166155406856e-05,0.00041960304393828584,1
0.6019736760885943,0.3977972724632634,2.9081931931784497e-05,3.018914160302999e-07,1.923183501563397e-05,1.6675982076952125e-05,0.00016375980770197112,1
0.7993455158354399,0.20046063204364073,2.9715757370087384e-05,2.00907276961557e-07,1.352754689762056e-05,1.4191270304228709e-05,0.0001362166390702846,0
0.6405846490419491,0.3591956853842981,3.1118221931569966e-05,2.4633487571086987e-07,1.9896612560990397e-05,1.5221965566731053e-05,0.00015318243881783095,0
0.38228676636451775,0.6173169294631204,2.177684925612618e-05,1.602618445012856e-07,1.3252638133693075e-05,9.404379553469356e-06,0.0003517100435740115,1
0.5754484905818384,0.4224536011220346,3.280470523060431e-05,1.9948213754470535e-07,1.6082201837930934e-05,1.3097982704511048e-05,0.0020357239242164054,1
0.40017002049327133,0.5996983998615639,2.6897168866644575e-05,2.1270533293596252e-07,1.5143527812553913e-05,1.0689994358212371e-05,7.863624879441e-05,1
0.35648726253267066,0.6434183535852216,2.3870986317655032e-05,1.8877399764193235e-07,1.3439739587715162e-05,9.882407972230867e-06,4.700197423255015e-05,1
0.3955695663708092,0.6041372489522274,2.4697673967155387e-05,1.7802844343110224e-07,1.3807118162559276e-05,1.0019785631180977e-05,0.0002444820707593154,0
0.2962866642735395,0.703256939990529,2.3890635623493204e-05,1.7221106239746872e-07,1.3355947182349624e-05,1.1728456453002804e-05,0.00040724848561047374,0
0.27245317256501533,0.7271689831053652,2.2179485533714527e-05,1.5988922409561147e-07,1.2406819085724366e-05,1.2311708250954562e-05,0.00033078642752499296,0
0.47947659244806395,0.5188135676790128,3.919146335976612e-05,1.870858870536176e-07,1.4967256955162874e-05,1.5942347943957657e-05,0.0016395517187773984,1
0.5166885162716668,0.48169813345523127,4.0507230345069445e-05,1.933668832833742e-07,1.6517104341174814e-05,1.7921073217733173e-05,0.0015382114983146925,1
0.49953613038799966,0.4981289553556651,3.7176228401610794e-05,2.291337252705194e-07,2.7778012100701393e-05,1.9189285191985356e-05,0.002250541596915744,1
0.3735508073991571,0.6250069922723385,2.119864790205966e-05,1.327233036141247e-07,1.6616042612946766e-05,1.0219891937325481e-05,0.0013940330227484256,1
0.33014443045584185,0.6684673398976285,2.2672712381978622e-05,1.4195232182410556e-07,1.650177591870661e-05,9.869738990849804e-06,0.0013390434669162089,1
0.49272048546597336,0.5052658982274519,2.280166870783877e-05,1.6926483847730094e-07,1.0679882172278344e-05,1.546350043473779e-05,0.0019645019904214727,0
0.4466455223382533,0.5499489678594238,3.2188717351100576e-05,2.0703452248243957e-07,1.392594504993515e-05,1.9117048796190785e-05,0.0033400710566032087,0
0.14140852344447835,0.000742625234204374,8.16071258469251e-06,4.293183047094619e-08,3.3439666444832694e-06,3.427431637716282e-06,0.8578338762786198,6
0.031268592711101134,0.00012050533199826418,1.6706529696935679e-06,9.725027683521376e-09,6.868130294613692e-07,6.090754943242188e-07,0.9686079256903795,6
0.056555361448298945,0.00011427116633938188,3.229914284771291e-06,1.6238335527109106e-08,9.87641368727753e-07,1.017001962363082e-06,0.9433251165894102,6
0.09389858906336354,0.0007267723097430644,4.780047691340067e-06,3.881922099535988e-08,2.8593952100357138e-06,2.599161859159235e-06,0.9053643612029119,6
0.10132590009220964,0.0008122539012007106,5.038384739165156e-06,4.110993845135988e-08,3.192016117798534e-06,2.8944686986010225e-06,0.8978506800270956,6
0.0735640154753074,0.0005828173651138369,3.934570298216311e-06,3.1678618554102894e-08,2.2866960758504354e-06,2.0834108023309293e-06,0.9258448308037838,6
0.1754859073729036,0.0040665394137888045,9.365948662964144e-06,4.5699765642114515e-08,4.849864877096046e-06,4.456358550947613e-06,0.820428835341451,6
0.9108148304663884,0.08349169136151954,2.4308510368973674e-05,1.9678566783467144e-07,1.715716548175017e-05,1.185613010549562e-05,0.005639959580467934,0
0.9110371094751456,0.0855975376479562,3.0739191117788016e-05,2.037434050223702e-07,1.776379018984714e-05,1.22102704974804e-05,0.003304435881687951,0
0.889969081466851,0.10685839017925426,3.213646850761721e-05,2.0949874841844097e-07,1.874947127813267e-05,1.2208053123146792e-05,0.0031092248622372476,0
0.8846021111399495,0.11155363862079046,2.6100901455622094e-05,2.1860201768025597e-07,1.9564184906973062e-05,1.165972141788426e-05,0.0037867068294619634,0
0.8819749719424748,0.1136986209664271,2.3938527614649413e-05,1.9575901671295526e-07,1.7067654780177596e-05,1.0441329060606202e-05,0.0042747638206261235,0
0.8627842203245134,0.13436933437659562,2.3632489711525854e-05,1.941666912993779e-07,1.7233188128184464e-05,9.35169937973363e-06,0.002796033754979873,0
0.8993043467256465,0.0981143275566369,1.3979659579968382e-05,1.4037646848163153e-07,9.375486823812012e-06,5.960912803423572e-06,0.0025518692820408516,0
0.8893651090365398,0.1089729234492031,1.5086473621820298e-05,1.208364892613133e-07,9.244753234426561e-06,6.603925044136119e-06,0.0016309115258674746,0
0.8674783064177346,0.1314121253073661,1.5779524286539563e-05,1.3361116818913467e-07,9.322952637611843e-06,7.003018344837656e-06,0.0010773291684618793,0
0.5575829111291588,0.4376489164728544,2.911203430387875e-05,2.6850473331979503e-07,1.253794474261078e-05,1.1449137058898998e-05,0.004714804777148183,0
0.5287868537021637,0.4670097040639713,2.5605544659066295e-05,2.203028084208533e-07,1.1890429602497246e-05,1.4031622557515366e-05,0.0041516943342373575,0
0.435939108864809,0.563035428569833,2.5363938703850013e-05,2.0621101236793643e-07,1.04502574257569e-05,1.2939991237118808e-05,0.0009765021669787424,1
0.40674009659324295,0.593142281061759,2.8439213671295382e-05,2.21337718332625e-07,9.270831581866001e-06,1.26622975160884e-05,6.702866451039092e-05,1
0.3282086310032953,0.6717198635680123,3.839872428887812e-05,2.1559432773525735e-07,9.779981781466181e-06,1.0392251832293215e-05,1.2718876462126401e-05,1
0.25056964043446717,0.7493465491639824,2.6075022317191057e-05,1.7433153819372212e-07,2.1360483435234863e-05,1.2957297095358236e-05,2.3243267164483896e-05,1
0.26734743485665474,0.7325663284548305,2.4706287565518568e-05,2.1520641613030726e-07,3.249948644950601e-05,1.353586441506614e-05,1.5279843668781613e-05,1
0.2775813245699879,0.722242884825923,2.5274887231574832e-05,2.2220459236608669e-07,0.00012037313291882977,1.414365904735977e-05,1.577672029900506e-05,1
0.2809183909508926,0.7185388701082733,2.5971106356024505e-05,2.2620228048641856e-07,0.00048681046474498323,1.4398117954574885e-05,1.533304949834465e-05,1
0.1731120077208083,0.8228890673829368,2.8754777483442437e-05,2.460820972360269e-07,0.003934509021823538,1.8734418309065264e-05,1.6680596541567618e-05,1
0.15949731267194484,0.8372682492603186,2.925723910514442e-05,2.503821412798467e-07,0.003174993900140209,1.9061783951544556e-05,1.0874762398186171e-05,1
0.1721989457378796,0.8214873898609469,2.9840586087406538e-05,2.4131621281788227e-07,0.006253826710393292,2.0419764059623627e-05,9.336024419983823e-06,1
0.17444858183867515,0.8087635939039332,2.7593634661686772e-05,2.2314546352856896e-07,0.016733769701964434,1.7604739533789326e-05,8.633035768233104e-06,1
0.16934355329525855,0.8146016073912762,0.00010009191079146781,2.025484189798078e-07,0.01565615453116563,0.00029040315388309556,7.987169205948667e-06,1
0.17041959291256326,0.8111421937003571,0.00014659497229025867,1.911854597923963e-07,0.017642952199545505,0.000642010474122598,6.464555661401806e-06,1
0.09182625510902885,0.8682793260620815,0.0002079240482380478,2.1689148572381815e-07,0.03919646140422954,0.0004833534358272296,6.463049109245871e-06,1
0.04852130302171202,0.9324694424974125,0.0005251701207192231,2.149036077187879e-07,0.018252336889678096,0.00021735253767571404,1.4180029194950246e-05,1
0.04871676738733524,0.9243855306492282,0.0019510690436864786,2.29906836988949e-07,0.02429745642283772,0.0006391994759121758,9.74711416300952e-06,1
0.04071609950294293,0.9311197916855232,0.0017126974397886718,1.9214964689308308e-07,0.025908847973950475,0.0005342248851723885,8.146362975446762e-06,1
0.0404853852974226,0.9258436830797012,0.0019424888887443143,1.9106084777761907e-07,0.031190501450524984,0.0005311977467319092,6.55247602716077e-06,1
0.04108280391563462,0.92348696673801,0.002043983445477347,2.0104372910404053e-07,0.032820197320264775,0.0005589526956299657,6.8948412544390625e-06,1
0.038816612627861354,0.8615852658726657,0.002779348325448162,2.1955897524625337e-07,0.09630635136507408,0.0005075969130662513,4.605336909289309e-06,1
0.015893652041849716,0.47688266952187336,0.005841779167822166,1.0110129068749916e-07,0.5011403704545213,0.0002380224643587644,3.405248284033243e-06,4
0.045839374081587156,0.8093475299111293,0.0021841798133986146,2.58358019366289e-07,0.14214189014173695,0.00047989781380420584,6.869880324303286e-06,4
0.047708859983218596,0.8310111413272558,0.002004729847372866,2.716213957171383e-07,0.11875788583120064,0.0005090030458248956,8.10834373138238e-06,1
0.09785012604478038,0.8776610514367833,0.0038371305297265697,2.5641739986374766e-07,0.019138448449125718,0.0015047021938196542,8.28492836476951e-06,1
0.1211185278497781,0.8610243103945653,0.005134582967743633,2.587313720735693e-07,0.010763223124308609,0.0019432011626966945,1.5895769535578986e-05,1
0.10544462631513271,0.8734929218589923,0.004297105753180608,2.4242354936021244e-07,0.015383329965183476,0.0013695491812228458,1.2224502738866826e-05,1
0.17998720283916286,0.7991509832035213,0.0062653621408293655,2.700978723195019e-07,0.013273346386312852,0.0013140841182373122,8.751214063871092e-06,1
0.17281501034015886,0.8147601647033903,0.005618059805986113,2.343756869800049e-07,0.005717466055221821,0.0010814709099840577,7.593809571748982e-06,1
0.13042489744964486,0.8579419464387533,0.004647684256437312,2.0593383291597374e-09,0.005046997732563188,0.0019019476815369276,3.6524381725822695e-05,1
0.11716873843677403,0.8555041357512951,0.014663969514913545,2.841821888944667e-07,0.009134891180539813,0.0035075819295475514,2.039900474075999e-05,1
0.2223266935112381,0.7125331438128927,0.007708922047181258,2.6676145483187314e-07,0.05386849077098591,0.0035542909901187555,8.192106128447502e-06,1
0.02176957449332281,0.8757255419682185,0.03724893140367356,2.7269553253604056e-07,0.053235395441796965,0.012011552750149286,8.731247306222535e-06,1
0.12923761549196758,0.8246725790410533,0.0009620543752650067,3.9767038075494743e-07,0.030168243042650943,0.014946957423783273,1.2152954899533558e-05,1
0.037875309541292014,0.926059677196874,0.010801577733935351,3.044894684755713e-07,0.016670583744024206,0.008581427520932815,1.111977347333449e-05,1
0.13330332607314208,0.5841680265587986,0.04793748717121467,3.49002640978462e-07,0.02150760609771472,0.21306839551001608,1.4809586472921062e-05,1
0.055946088578616486,0.7400234169531816,0.024325121909309955,3.093986033429027e-07,0.008769109673691449,0.1709228259969749,1.3127489622196663e-05,1
0.05238009765549046,0.7277759743372166,0.030194872488264527,3.0171151876162653e-07,0.008748759814614872,0.18087388340895294,2.6110583941738943e-05,1
0.05656137190165053,0.7251437425696778,0.028379186323775053,3.0062028372183287e-07,0.009674346830402431,0.18021969585864153,2.135589556897367e-05,1
0.02548719542425749,0.8499942232811752,0.04100149670926443,3.1300785349263157e-07,0.003726745902842545,0.079762995415173,2.7030259433862956e-05,1
0.01661904282220376,0.8377978093971046,0.038836287948954204,3.005647382923563e-07,0.003300873557488982,0.10340799386840903,3.76918411012848e-05,1
0.011841310232464718,0.9125964823228155,0.03013690945593623,2.6135929104123184e-07,0.0023973338845713664,0.042994316966288436,3.3385778632699616e-05,1
0.011993805718241803,0.8608664756997224,0.037354364285256576,2.702450751295647e-07,0.003157556417455354,0.08661025282533616,1.7274808912490242e-05,1
0.01076366777286337,0.8401595761364751,0.03645585901023694,2.6374472021259376e-07,0.0088583347302285,0.10375335026389329,8.948341582371952e-06,1
0.012133607987575077,0.8002070140268518,0.04014443856575445,2.7374522486101546e-07,0.005504258192246309,0.1420027423567266,7.665125620834532e-06,1
0.010088401882277172,0.5716962135388852,0.06178059382501638,3.307091237558195e-07,0.004888361083739133,0.3515403132610325,5.785699925874203e-06,1
0.023766931847637052,0.5524297078666532,0.06900031691461883,3.226848678515467e-07,0.0118822526884215,0.3429139978218878,6.4701759135613996e-06,1
0.026376642126728512,0.5454104446439569,0.05877786079882422,1.8090418795151153e-10,0.016575402487857223,0.35285293283134106,6.716930387907087e-06,1
0.022522100089629928,0.5514418834079429,0.11114987689793554,3.745686375541247e-07,0.005561279569284104,0.30932065268838155,3.832778188442288e-06,2
0.02134799752683328,0.5296445695378229,0.14987000881066395,3.089475088488345e-07,0.005197418263301706,0.2939325272053949,7.169708474384033e-06,2
0.015308403065127565,0.3627603994818706,0.0589551704921251,5.286975747241743e-07,0.0007842113414603868,0.5621879379751369,3.3489467047049214e-06,2
0.003143470557358077,0.38313970298726435,0.05436084267724231,6.345317345787885e-07,0.0005462954559856486,0.5588064298153979,2.6239750170507043e-06,2
0.0027876430452262167,0.22996841018030442,0.11195128328706357,5.028096516785543e-07,0.00330696369663319,0.6519829619138872,2.2350672336912878e-06,2
0.014627150426418616,0.08851127456989581,0.7914041928164658,3.23669564045282e-07,0.002874207510719407,0.10257761700978513,5.233997151340184e-06,2
0.0015115388258037487,0.03857755440470297,0.9486373775132406,7.415664024840171e-08,0.0009172469598458546,0.010351185458740624,5.022681026049525e-06,2
0.0020752557727476365,0.041885562768398193,0.94978727198501,7.838116316619387e-08,0.0013546068405605436,0.004894242755923505,2.981496197181289e-06,2
0.0013210913070207057,0.031869346140609295,0.9617873285265706,5.921607012929604e-08,0.002269325808099726,0.0027503876071113247,2.4613945183320217e-06,2
0.0006932622490927377,0.0921292617835336,0.8909209857752334,1.4504483995925757e-07,0.005165651595537684,0.011089017178607873,1.6763731548693044e-06,2
0.00046235594155873843,0.06248875995448717,0.9191706914135972,1.001667252019901e-07,0.003539725240215815,0.0143372095944614,1.1576889545808978e-06,2
0.0004753355567124213,0.08059367777687633,0.8728459053361831,1.2518957158133534e-07,0.0051241302005266024,0.04095951836945844,1.3075706713113492e-06,2
0.0005380449895620537,0.1403332209606717,0.847893922300218,1.7808871829890878e-07,0.0014959587989075204,0.009730957740705827,7.717121216474588e-06,2
0.0006662524681774781,0.037868301539823776,0.9035132236976592,6.116313837505016e-08,0.0012502238606605174,0.05669760233217679,4.3349383637877035e-06,2
0.0011809132499207098,0.054187190868941075,0.9041425731408882,1.0406149356171572e-07,0.0025687814838243304,0.03791699332857878,3.443866353294982e-06,2
0.0005669006660701463,0.04623270240991002,0.9258332751365551,1.9055548122140517e-07,0.00037426817938024777,0.026988055736919904,4.607315683450038e-06,2
0.001468986548289848,0.07633296366293116,0.8179927921011317,7.073646151768481e-07,0.0004905297320967223,0.10370579359893625,8.226991998923818e-06,2
0.9559563710629453,0.002591509713481312,2.077776830433172e-05,2.591500310453368e-07,2.1293509987801322e-05,1.1457918193152902e-05,0.04139833087705703,0
0.9147821293172648,0.004429216479004211,1.66615742980727e-05,5.8690961955842704e-08,1.8137389392223546e-05,9.935601544762406e-06,0.080743860947534,0
0.7392609038878428,0.0017826140354457436,1.2712980322878418e-05,1.5432899183872067e-07,1.4583544440140638e-05,7.580982725572081e-06,0.25892145024023094,0
0.8604655563947671,0.002050003918045901,1.4985178545322061e-05,1.967270652993451e-07,1.6343194169145978e-05,8.935936091024999e-06,0.13744397865131608,0
0.8902144876923785,0.0032904961954372085,1.5207512537273589e-05,1.9964589029836835e-07,1.5575440354504894e-05,9.068517917589992e-06,0.10645496499548442,0
0.7326906132805173,0.0227995553562884,1.2204573192557614e-05,1.5140280866241787e-07,1.2546225768599789e-05,8.331925845372633e-06,0.24447659723557943,0
0.9366765850422398,0.031573440510966784,1.6380694271297346e-05,2.5783836772275685e-07,1.7178739091758265e-05,1.1350652736155692e-05,0.03170480652232638,0
0.9417381906305491,0.03334231031522263,1.636558032588192e-05,2.5760046846456775e-07,1.6306828858663842e-05,1.1340179850022636e-05,0.024875228864725207,0
0.6804635383886946,0.3061654355608682,1.5495390944735023e-05,1.831948900515739e-07,1.107022541586009e-05,1.0737200677314691e-05,0.013333540038509397,0
0.6739978709827624,0.3067884043835394,1.541455029467066e-05,1.8223914817626028e-07,1.1012471195771744e-05,1.0681183872980975e-05,0.019176434189186606,0
0.6518050937067073,0.327189211379037,1.869867046226875e-05,2.2060513520698994e-07,1.4994484410032825e-05,1.2136605421162148e-05,0.020959644548827296,0
0.656091708480754,0.3435635041475027,2.323551012784872e-05,2.565096967786362e-07,1.2102112920350058e-05,1.1973701200202495e-05,0.00029721953779793974,0
0.8209275292990764,0.17715241390835482,1.3260248956263367e-05,1.6183293572059421e-07,0.0018917829702967156,8.828735565128852e-06,6.023004814772567e-06,0
0.9453712103282373,0.05435248514089925,8.124867909548799e-06,8.159469025276004e-08,0.0002472435593748434,1.512051131059799e-05,5.733997578224395e-06,0
0.9723546461322883,0.027358415995801983,8.311732576416329e-06,4.25633525034268e-08,0.00025160137548906964,2.3240495862377097e-05,3.7417046292641814e-06,0
0.9710462443948711,0.02834140013919688,8.77485878283794e-06,4.409264793511464e-08,0.0005698428976951139,2.981747324141374e-05,3.876143564632307e-06,0
0.12168641092646158,0.8758622011064489,2.5558329523414084e-05,1.256874072047795e-07,0.0023966619054099263,1.3768754181860883e-05,1.5273290567525025e-05,1
0.14487164462526453,0.852047343448118,3.6295675112628884e-05,1.9577261285697307e-07,0.0030111385784750413,2.1450507049012315e-05,1.1931393367865655e-05,1
0.012885274730564606,0.914142198213164,0.00210346384381384,2.0459170356628487e-07,0.0495855626321505,0.021274776745964365,8.519242639113548e-06,1
0.008498595858589702,0.9561802667504855,0.005255590022784599,2.450415624477808e-07,0.01358901141525075,0.01646109602165311,1.519488967381409e-05,1
0.02245242325717101,0.9418658400853137,0.0013269398480935525,1.7561307711532458e-07,0.0031548333901567117,0.031184542027932995,1.524577825480845e-05,1
0.026751758081453275,0.9493325383917844,0.0012248062427794267,1.405345338793812e-07,0.0032423068390793255,0.019434036828652152,1.4413081717525578e-05,1
0.0643279649579403,0.923432465924689,0.0009276701472446113,1.384919174646148e-07,0.0022704398168125546,0.009025079227942734,1.624143345340127e-05,1
0.06503665771930237,0.9323499527237427,1.9065895486865254e-05,1.378827640223163e-07,0.002481165459644524,1.591839783518703e-05,9.710192122421531e-05,1
0.09427053963320843,0.9038200479444023,1.9227587894073183e-05,6.950019097848176e-08,0.0017206041156743507,1.4690523855516217e-05,0.00015482069477420216,1
0.10762638950754148,0.892259113929999,1.7000430872492558e-05,6.144989162779541e-08,1.7434993883321199e-13,1.2588091943862475e-05,8.484658957711325e-05,1
0.22456893318684484,0.7753486032470398,2.5039449170895392e-05,2.8348078458491953e-07,1.138043760571507e-05,1.7799505680973874e-05,2.7960692872954364e-05,1
0.3281164776305326,0.6717996017132936,2.9063454301385044e-05,3.422809555865356e-07,1.2145791022995955e-05,1.7534205615745162e-05,2.4834924278114294e-05,1
0.5170111873163652,0.48217970260426657,2.5631222727366694e-05,1.8571855285593046e-07,1.5086505998612286e-05,1.2194266730617166e-05,0.0007560123653588556,1
0.31808950487285503,0.6817361570876644,2.4078918368269526e-05,1.7192491904696337e-07,1.3080416701984316e-05,1.0379312000547578e-05,0.00012662746749075203,1
0.4215535630721037,0.5782434994238352,2.743538276034248e-05,1.9895827335794727e-07,1.5701295082245803e-05,1.3063585819947224e-05,0.00014653828212516238,1
0.5921160903792525,0.4076563063069083,2.8118380970920918e-05,2.2354005555981095e-07,1.725017422194149e-05,1.3099605241072505e-05,0.00016891161334976838,1
0.6771458711178162,0.3226793440781029,3.1723448117756255e-05,2.744674567097986e-07,3.0268172719469043e-05,1.7055982602321e-05,9.546273318482958e-05,1
0.5940245046797543,0.40574410642356173,4.124867383595885e-05,3.248896357687471e-07,3.739887045232493e-05,1.9547816014282273e-05,0.00013286864674552114,0
0.37180058230069346,0.6276914813260914,2.213845630192405e-05,1.5949720188161903e-07,1.2376399595517313e-05,8.981517313960053e-06,0.00046428050280187855,0
0.31714442564023193,0.6822922740319396,2.307354674898495e-05,1.6623409029779483e-07,1.2899157500266563e-05,1.0294198273711658e-05,0.0005168671912152328,0
0.6969599663925321,0.30069363717095615,2.208954665658843e-05,1.6159164319039473e-07,1.3802911780536127e-05,1.820236620862431e-05,0.002292140020222868,0
0.6119761693425211,0.38639611845324806,4.020171134220718e-05,2.3104141203186178e-07,1.9735205144048247e-05,2.1412715512840127e-05,0.0015461315308197222,1
0.6515329936159278,0.34660343954897005,5.345299896727569e-05,2.5935590126908185e-07,2.4632094232557928e-05,2.4036877552000263e-05,0.0017611855084490404,1
0.31598489282318487,0.6825368803464951,2.144070236597112e-05,1.4494005782033335e-07,2.0880191205921542e-05,1.2165981163939903e-05,0.0014235950155260758,1
0.3551835833879808,0.643356779137797,2.182102601246198e-05,1.366199709530679e-07,1.3801832318501969e-05,1.0543923279881961e-05,0.0014133340726403209,1
0.3438989326326698,0.654593955000133,2.2202162443677113e-05,1.390062404223417e-07,1.4042901694025344e-05,1.0703687423728584e-05,0.001460024609395188,1
0.31180740166824544,0.686709418268077,2.1571775347173178e-05,1.4582611673528105e-07,1.6952099624284692e-05,1.2212514500732421e-05,0.0014322978480883868,1
0.38601758975102735,0.6124627791359208,2.239031969308545e-05,1.4018428026034457e-07,9.149292633258715e-06,1.1740027052643821e-05,0.0014762112893924868,1
0.5554399895892261,0.4424381523907268,2.677309278411766e-05,1.8666849985053566e-07,1.2337277721794198e-05,1.7052746827075475e-05,0.002065508234214403,0
0.5414988551059039,0.4563189847484596,2.916203669801128e-05,1.9336768622817843e-07,1.2422924033192355e-05,1.766546039303176e-05,0.002122716356825936,0
0.4047644624454409,0.593358156898586,3.249200873760354e-05,1.9704337111775327e-07,3.7640489138520946e-05,1.80012593421769e-05,0.0017890498553835795,0
0.031121083759716856,0.00011623825028329415,1.913048887477127e-06,9.647315414985467e-09,6.813247367473132e-07,7.215206866947382e-07,0.9687593524483735,6
0.03502024499501633,9.131477153937372e-05,1.962241563994132e-06,9.86513389894255e-09,6.967077852801995e-07,6.178503035270928e-07,0.9648851535686577,6
0.08817074191582905,0.000760380583331222,5.0227476715280615e-06,4.0557152138193226e-08,3.3326577612635033e-06,3.24456984507731e-06,0.9110572369684098,6
0.09570336880964013,0.0007798167964258898,4.8371784249343855e-06,3.94682259537504e-08,3.0645439553344437e-06,2.7788789989945675e-06,0.9035060943243288,6
0.1957986739916505,0.0017294340205294297,1.0912799017153404e-05,8.168250444438172e-08,5.94918032334865e-06,5.75110207516697e-06,0.8024491972239,6
0.8996377919672872,0.09415484161575345,3.480358921101601e-05,2.0916990295576424e-07,1.9091327871900505e-05,1.2602267283412877e-05,0.0061406600626897866,0
0.9063313299554685,0.08967624276417671,3.143581280725965e-05,1.9581698725024717e-07,1.7072709061377686e-05,1.1410780259129938e-05,0.0039323121612400095,0
0.8659491289872941,0.13130994888211897,2.3961179267496182e-05,1.9350441290616482e-07,1.6085373320240074e-05,9.319801898257407e-06,0.002691362271688228,0
0.8741256479609629,0.12512573938735244,2.101210656252043e-05,1.6974433829557633e-07,1.2184781336230486e-05,6.888649684290936e-06,0.0007083573697630457,0
0.9034923063252811,0.0941176513245964,1.4445442039461468e-05,1.511526844150718e-07,9.62562203476469e-06,6.418511460982809e-06,0.0023594016219028865,0
0.8998044739744012,0.09834514154761598,1.570929599796102e-05,1.2976226644460146e-07,9.571407640564125e-06,7.469879477227287e-06,0.0018175041326005976,0
0.907968729756729,0.09035696845729124,1.549639652881801e-05,1.4070687005175143e-07,9.313330580288354e-06,7.268466622557197e-06,0.0016420828853778815,0
0.896587084870124,0.1016092421622601,2.112792106612125e-05,1.693455020751254e-07,1.0806820789720775e-05,9.092815098605353e-06,0.001762476065159299,0
0.8889496859826703,0.10930451975728935,2.094794706965444e-05,1.6790296607280145e-07,1.0714765034659033e-05,8.670127021279539e-06,0.0017052935179487046,0
0.8873117634781305,0.11163119989519354,2.0083332186077637e-05,1.3666596661747995e-07,1.0393162094044193e-05,7.163130779474859e-06,0.0010192603356495443,0
0.9174909012668598,0.0811681972261227,1.9104507051091878e-05,1.3459452896893277e-07,1.1034705644258664e-05,7.0545596469148275e-06,0.0013035731401459761,0
0.6436426911255562,0.3503429888905246,3.876047938610721e-05,3.1117947401705353e-07,1.690620897351695e-05,1.4496485332753849e-05,0.005943845630752738,0
0.5181923207918047,0.47769157838378495,2.8031451509599392e-05,2.2789812187409992e-07,1.0899263102707955e-05,1.4300883673200107e-05,0.004062641328002896,0
0.4228895642509851,0.5770050622710736,2.7098441860990295e-05,2.1137701914754574e-07,8.186492602117357e-06,1.1994772287826221e-05,5.7882394171256445e-05,1
0.31606545258100915,0.6838587408676775,4.11031571227706e-05,2.2455368306205655e-07,1.018640403195032e-05,1.1045007454528207e-05,1.3247429020901435e-05,1
0.2523446857955665,0.7475747137693801,2.507674472212125e-05,1.663571170441263e-07,2.0542701123340305e-05,1.2461229278977836e-05,2.2353402812144366e-05,1
0.2822356482109838,0.7176831750727624,2.5639045071668707e-05,1.7008737254978215e-07,1.9772296971813487e-05,1.2740649660570631e-05,2.2854637177056013e-05,1
0.2733546516376365,0.7265332652053021,2.2989948980249708e-05,2.1389107698919152e-07,6.007837236952058e-05,1.3614491194779717e-05,1.518645343995354e-05,1
0.29110314409257027,0.7086990736908589,2.343564785407854e-05,2.180377156884777e-07,0.00014657225420392313,1.2776659721673522e-05,1.4779617075337817e-05,1
0.2762151807934335,0.7227315787888681,2.412400473936817e-05,2.223549435084924e-07,0.0010009847038288083,1.2837095199442843e-05,1.5072258987336093e-05,1
0.15518564839436894,0.8416134206990278,2.8935137478315353e-05,2.476256099904332e-07,0.0031400394501754554,2.095365442744229e-05,1.0755038912068869e-05,1
0.18544280712633318,0.8070962556016081,2.7470182548104318e-05,2.350885913405698e-07,0.007404244116863588,1.989279341088675e-05,9.095090644703324e-06,1
0.17753203257898548,0.8148439193091411,2.6535503714810642e-05,2.2708965176708594e-07,0.0075662389637774306,2.226092648814033e-05,8.785628241328136e-06,1
0.169935776314009,0.807181779992894,0.00010195214392218132,2.032567650242669e-07,0.022517470972974372,0.0002548022177493961,8.015101686201812e-06,1
0.08418768667508328,0.8697008842528665,0.00021796980724813952,1.7218387773006488e-07,0.04544382724798104,0.00044352928331441117,5.9305496288523085e-06,1
0.08406248920772215,0.8652789236916186,0.00015246313021960084,2.0850935391260848e-07,0.0503208010704238,0.00017890111682345515,6.2132738386527054e-06,1
0.0805517023659476,0.8670409510592568,0.00014339555381949156,2.138503983142657e-07,0.05206139966760732,0.00019590931173196603,6.428191238563353e-06,1
0.058012426433420756,0.9332287757843043,4.6974715321799835e-05,2.421324856723477e-07,0.008683282697079535,1.8032805479230382e-05,1.0265431908556435e-05,1
0.055605186920334164,0.9262743918052995,4.615930339735125e-05,2.3792942207183277e-07,0.018040866769020558,1.7457926260742103e-05,1.569934626565727e-05,1
0.04005482664705594,0.9368964581516184,0.0007581670086666373,2.2778568241309446e-07,0.0219430139675613,0.00033227640962189223,1.5030029793803978e-05,1
0.03187435070502185,0.8531294239499416,0.008297581866366125,2.061092262212266e-07,0.10631017305343513,0.00037914013952389,9.12417648520154e-06,1
0.042371233245695965,0.9181956250022119,0.002496690688643173,2.079406692532355e-07,0.036434860613983926,0.0004925666707422498,8.815838053747456e-06,1
0.04147642038511772,0.9206231627565641,0.0026699245729647587,2.0296993947235307e-07,0.03467401013756242,0.0005476740785098944,8.605099342005443e-06,1
0.041467822391044074,0.9204323190814363,0.0023373165751164,2.029278641360413e-07,0.035211469467525396,0.0005422662414948922,8.603315518993266e-06,1
0.1158105253197387,0.864833753882889,0.0021796127071170863,2.0887588992747052e-07,0.016149402580746576,0.001013475909540393,1.3020724078352392e-05,1
0.13598848817963885,0.846454685186187,0.003379970385364794,2.619477272047373e-07,0.013235798316356627,0.0009275869515391618,1.32090331863601e-05,1
0.07003872233353425,0.9183017451866677,0.005750442069710593,3.329708692081662e-07,0.0033271233172188198,0.002542275565954822,3.935855604465616e-05,1
0.07667655132017757,0.8987680685444919,0.009559425063935074,3.09111350680023e-07,0.011421678993222087,0.0035580276164282197,1.5939350394491438e-05,1
0.12721552318009174,0.16911008191955704,0.0001675092551710581,8.575027822066753e-08,0.7028817473137348,0.0006220092928352233,3.04328833211101e-06,4
0.1366067637395376,0.16328539470353565,0.00017744962929742414,7.305086599883657e-50,0.6993653267380219,0.0005626763510083587,2.3888385991633853e-06,4
0.24556179776721254,0.6982085536434505,0.0004930684450838874,2.2132209672582254e-07,0.05406455179402517,0.0016650114747097493,6.795553421664372e-06,0
0.22587395530430168,0.7083111111518815,0.007735247430736179,3.214582749320704e-07,0.0519087975960649,0.006160695241593079,9.871817147536903e-06,0
0.03585520823019711,0.9211928172104684,0.014454010165428776,2.688359643463111e-07,0.02175139560403446,0.006738931147302682,7.368806604361975e-06,1
0.04069216200655322,0.9188405378899379,0.009473182740329239,3.0260127627712096e-07,0.019266799577679735,0.011718868778694743,8.146405529116844e-06,1
0.022262836721615664,0.9348795483525506,0.01772002957173737,2.4256327285144565e-07,0.013145376062580113,0.01198190690543569,1.005982280757041e-05,1
0.021119295888598573,0.9459167634257195,0.012318267407617298,2.4503323872852034e-07,0.007742387945249737,0.012892878039912356,1.0162259663620477e-05,1
0.06302243738431038,0.5157030537919147,0.02282261293308198,2.8748267561725805e-07,0.012217752481970047,0.38622165687926624,1.2199046781090789e-05,1
0.04695964153552617,0.7602415415054071,0.05250638052657709,2.763814603300093e-07,0.007794589819308657,0.13248589438358535,1.1675848135187286e-05,1
0.04725867461194391,0.8101514242182309,0.05975790920579894,2.994179753548511e-07,0.008289875057330282,0.07452249102440527,1.9326464315182193e-05,1
0.02370967815411817,0.844823012706897,0.04270791436878794,3.1110357052519564e-07,0.004409021181101731,0.08433273013609378,1.7332349430906136e-05,1
0.014406627991082322,0.879894921559034,0.03945145926709549,2.538903706044155e-07,0.0029669287275265106,0.06325788348375135,2.1925081139724562e-05,1
0.01116839231201901,0.9024873979977167,0.02452240215736026,2.511323206404041e-07,0.002780795887031301,0.05901587763540284,2.4882878149490712e-05,1
0.011092271058898484,0.8981725723658903,0.030646694420229267,2.499316477263187e-07,0.0026944487670061026,0.057377787137597426,1.5976318730641124e-05,1
0.026040955220856397,0.5250471001416135,0.07272681626638847,3.21345781141593e-07,0.006455455535990142,0.36972310731704716,6.244172323151928e-06,1
0.02408183210495153,0.5262088153240437,0.07288773106165863,3.220567883496347e-07,0.006273887638886214,0.3705411538255407,6.257988130891006e-06,1
0.02408183210495153,0.5262088153240437,0.07288773106165863,3.220567883496347e-07,0.006273887638886214,0.3705411538255407,6.257988130891006e-06,1
0.011769619766170934,0.44176325602080446,0.21355451623997257,2.6874775201175387e-07,0.002575293713560343,0.3303140911153589,2.2954396380734226e-05,2
0.0026275194325492413,0.05478966411079729,0.9379604247331963,3.5997472003176692e-121,0.001465025848225535,0.0031493351374699526,8.030737761826348e-06,2
0.000422837977406879,0.06768934316427777,0.9009903135403766,9.672542066140471e-08,0.002271156665892552,0.02862513401096131,1.1179156641199108e-06,2
0.0006530238689789384,0.03337297126019713,0.9414987085808105,5.994872990088463e-08,0.001030747184849187,0.023440240289289774,4.248867144686958e-06,2
0.0007022925917333869,0.025291178594710393,0.9687833257227633,5.10783184549136e-08,0.001519448217311008,0.0037020133821559324,1.6904130076264766e-06,2
0.0007338764790010705,0.02538710434593514,0.9616259614229634,5.8325781179213976e-08,0.000772907429248595,0.011478325561882668,1.7664351876937937e-06,2
0.0013399533673563381,0.060740679343030304,0.9071573507452597,1.2902706998321255e-07,0.0014145058504793286,0.02934042736766097,6.954299143642339e-06,2
0.0007162458618041958,0.05992931574535873,0.9244623553355361,2.4106028263760175e-07,0.00045536485409876956,0.01442288966997553,1.358747294398812e-05,2
0.9590886505988214,0.0033860139989288357,1.6999182990375898e-05,2.076212718067598e-07,3.598437006086222e-05,9.4231308461064e-06,0.03746272109708087,0
0.931375457442261,0.0032331543500077487,2.1576914814316437e-05,6.385029572708923e-08,1.9538072797456565e-05,1.080900833312122e-05,0.06533940036149057,0
0.9183889584511442,0.003229512192049646,1.76644871047185e-05,6.222375641612901e-08,1.922913617287961e-05,1.0533656797687977e-05,0.07833403985297432,0
0.8391331135857217,0.0019991807432947085,1.4613669817371585e-05,1.7740237715307498e-07,1.593801786390119e-05,8.845108311008812e-06,0.15882813147261435,0
0.8743347936204511,0.002357498204807433,1.613136201938771e-05,2.1177428749063048e-07,1.5978097422903785e-05,9.619426263788871e-06,0.12326576751474812,0
0.8416983937665794,0.004412968469450021,1.4651477310271656e-05,1.923461989346446e-07,1.4491438963913591e-05,8.73694394015487e-06,0.15385056555755727,0
0.9414445449535823,0.03530737692665199,1.733010423472375e-05,2.7278244220551677e-07,1.726789018361418e-05,1.200852612177782e-05,0.02320119881678311,0
0.946531953091031,0.035498172059144344,1.7423753206167855e-05,2.742565126897192e-07,1.736120296077942e-05,1.2073418179242246e-05,0.01792274221896564,0
0.629993779493111,0.345382165568419,1.711502581664398e-05,2.023430892381114e-07,1.2227325819932949e-05,1.1859492119052866e-05,0.024582650751625034,0
0.5993289516280866,0.36487945773977815,2.0883940226625865e-05,2.412730216662938e-07,1.7050619086354583e-05,1.3077497503109507e-05,0.0357403373022974,0
0.7128867901405971,0.2129286661039627,1.0156390435534783e-05,2.0546178657757108e-07,1.5041311518713452e-05,9.96845392395269e-06,0.0741491721377755,0
0.8875277372378038,0.11243426117640508,6.918857697088888e-06,1.3742624067392043e-07,1.1364393400421505e-05,7.507425034096245e-06,1.2073483418892537e-05,0
0.9398728248883402,0.060099437873687524,6.905051096542088e-06,5.7402588881096406e-08,1.0450064195062763e-05,4.175007291070668e-06,6.1497128006427816e-06,0
0.7977753747633607,0.2006403400138825,1.4008173927765686e-05,1.7386370707444167e-07,0.0015538513905497446,1.0133947322855642e-05,6.1178472493821346e-06,0
0.810354440083795,0.18734612449638588,1.555047525220183e-05,1.1917770017635449e-07,0.0022668670986915143,1.266793494406711e-05,4.230733231119456e-06,0
0.7757941802108588,0.217248359362971,1.758218840167751e-05,2.8295901207827876e-07,0.00691577090695228,1.3287276283216803e-05,1.0537095520836294e-05,0
0.9663163198959656,0.03317669537051901,5.997533096523014e-06,5.161524629828301e-08,0.0004646424013106114,3.1755735690087345e-05,4.537448172094719e-06,0
0.10985720164814476,0.8843343471539676,3.211613554476892e-05,1.4818654377686928e-07,0.005738607700967646,1.623348066206027e-05,2.1345694169633125e-05,1
0.026445705998172333,0.9354841820258712,0.0006314784692754969,2.3476600344837592e-08,0.0370319434218698,0.0003509210683371605,5.574553987349559e-05,1
0.022216989020084045,0.9366800932061569,0.0027032117084980494,2.5035146100425496e-08,0.03745715164237765,0.0009165017537086114,2.602763402874543e-05,1
0.01434065667763174,0.934580337519916,0.012042131547353879,9.026511006596659e-08,0.032764695756748216,0.006259614570585675,1.247366265442337e-05,1
0.00991241272833122,0.9499146684642387,0.0010266659685988764,9.339258918035781e-08,0.030046256926957327,0.009086996672817321,1.2905846467229417e-05,1
0.019420007252356108,0.9267032057019708,0.006365348665063485,2.1095890734802393e-07,0.026282658102948133,0.021216178783168702,1.23905355854325e-05,1
0.010395331175568113,0.9367075500191617,0.006543510496997721,2.2762954896732934e-07,0.02628352604547659,0.02005742538641653,1.2429246830306812e-05,1
0.08409250094122649,0.7372835046522012,0.01980244797668092,4.0148592801292877e-07,0.1162380077954135,0.0425754380404992,7.69910805076336e-06,1
0.009412674484837262,0.9444987693422243,0.0022307658332442982,1.5706605903073026e-07,0.005967226956767606,0.03787702601452307,1.3380302344205857e-05,1
0.04990556420180491,0.9333281838530986,0.000841961736891215,7.590435849945853e-08,0.002764144353855087,0.013146291526386225,1.377842360556834e-05,1
0.044141829913368756,0.949902257504186,6.940084821664978e-05,8.088351849518333e-08,0.005521606248754992,0.00026202920268104637,0.00010279539927414948,1
0.2024324864948679,0.7973874929907037,3.080670148829856e-05,3.639527957262614e-07,1.757433635701127e-05,2.6678514958471306e-05,0.00010459700882889465,1
0.2690685612238952,0.7307413313613567,3.297352776556841e-05,3.8955185188503363e-07,1.623539001759821e-05,2.855498028769552e-05,0.00011195396482563976,1
0.24128742465676128,0.7586202171070054,2.1778242277942348e-05,2.588862624356852e-07,9.903714147413011e-06,1.2193874022224876e-05,4.822351952311102e-05,1
0.27955832309407885,0.7203337206142554,1.8201326707071238e-05,2.0256323049255328e-07,1.2662591822494181e-05,1.284893842998602e-05,6.404087147607294e-05,1
0.30353601662438223,0.6962921649073915,2.297435771678837e-05,2.1997140313730048e-07,1.567078822399191e-05,1.251796592235449e-05,0.00012043538495999392,1
0.832767436692933,0.1670563493407803,2.7811967647500442e-05,1.8903134041241058e-07,1.4532153599647984e-05,1.3352402602502535e-05,0.00012032841109667297,0
0.8239199619187529,0.17590514056033238,1.701403728793665e-05,1.9248899947394725e-07,1.3947157285415908e-05,1.3234853481905644e-05,0.0001305089838600522,0
0.6034315101818084,0.3956493084324105,2.8056375332419072e-05,2.032907083888862e-07,1.6810852281176758e-05,1.4815798305872768e-05,0.0008592950691533489,1
0.5515030113304881,0.4482861255564993,3.683528535500091e-05,2.1934278028213916e-07,1.9858944544630643e-05,1.4402031068325491e-05,0.00013954750926444356,1
0.613871396278369,0.3860237045290281,2.6259276652919354e-05,2.0876024718580331e-07,1.5315995765122717e-05,1.1136900847267587e-05,5.197825909063843e-05,1
0.6073243815447137,0.39247321726269646,3.753821472846818e-05,3.2170277986398964e-07,3.547726722134536e-05,1.7172321293300488e-05,0.00011189168656685273,1
0.7255776585086199,0.2743212684019953,2.1504566275929535e-05,1.9983947954189858e-07,1.3205604999502476e-05,1.1941604560605295e-05,5.42214740691409e-05,0
0.7278506915573006,0.27203874804766975,2.3420096406063365e-05,1.962362693684114e-07,2.2007979574851303e-05,1.172014722298966e-05,5.3215935556455586e-05,0
0.7442955480961411,0.2556025489515098,1.873214608687223e-05,1.6183114287413385e-07,1.2557504881471866e-05,1.0835302550931545e-05,5.9616167686844655e-05,0
0.726035022632679,0.2732412857975882,2.462510410847945e-05,1.77145550442778e-07,1.4837226091648135e-05,1.9402712611110076e-05,0.0006646493813709655,0
0.6098292186589056,0.388407697948098,5.0031542400145505e-05,2.427548691705026e-07,2.0735750793177212e-05,2.2498308451247952e-05,0.001669575036482552,1
0.5785895723099471,0.4200906352630252,4.2714826570043725e-05,2.0390515010475366e-07,1.9365708847600888e-05,1.8897750547827924e-05,0.0012386102359119603,1
0.32166097400453286,0.6768314706482278,2.1880598074166814e-05,1.4791377147450878e-07,2.130858698983803e-05,1.1415545235337295e-05,0.0014528027031684653,1
0.3600584680430686,0.6386412602375168,2.449254108874145e-05,1.655706170896369e-07,1.924737254611917e-05,1.2778248098117038e-05,0.0012435879870644107,1
0.31927780726122984,0.6793398886439252,2.3041481588596223e-05,1.4426116093495719e-07,1.2720606461134126e-05,1.1618809110542203e-05,0.0013347789365237336,1
0.3038272802704655,0.6947358600368501,2.1342575968281187e-05,1.442767192080007e-07,1.277567729454104e-05,1.2638022166708915e-05,0.001389959140535587,1
0.8917356799208275,0.10575142487557589,1.9238616807731946e-05,1.441404138131362e-07,9.080219452787136e-06,1.2417125807965555e-05,0.0024720151011143046,1
0.3465818099466527,0.6516920864301752,2.344575414901164e-05,1.4718971122251245e-07,9.606510359639528e-06,1.2708716684218718e-05,0.001680195452267912,0
0.49286664754998416,0.5048538317798359,3.3360588229020654e-05,2.0406397946679136e-07,1.3486978197779143e-05,1.8916337605108166e-05,0.002213552702168558,0
0.4917632409801734,0.5058460880955535,3.252448480370533e-05,2.1653855406177388e-07,1.3821658834792374e-05,1.9782277612965505e-05,0.002324325964467609,0
0.0814763846649198,0.0005472291418355425,4.4709124512390075e-06,3.0554789372086784e-08,2.2075767063344656e-06,2.7358684536156487e-06,0.917966941280844,6
0.05922322668068639,0.0003941637894139414,3.2497988547009592e-06,2.220954236746879e-08,1.6046344745404504e-06,1.9886370543240416e-06,0.9403757442499736,6
0.02520586200246314,9.659914666788488e-05,1.3488098782259718e-06,7.929997030576792e-09,5.887901517911482e-07,7.100500170045561e-07,0.9746948832708249,6
0.034220777049349484,9.140959853365198e-05,1.801571042991079e-06,9.783480329438185e-09,7.682356265976349e-07,6.127363655695188e-07,0.9656846210256014,6
0.20100668525822785,0.00373865669404983,1.085110084246007e-05,6.109141718489314e-08,6.572300460704336e-06,5.959202628459058e-06,0.7952312143523734,6
0.1779274138350258,0.004561707161709294,1.015792474062631e-05,4.945287969491069e-08,5.184439918458933e-06,3.6933073560300738e-06,0.8174917938783701,6
0.2024987206960516,0.012938881380354535,1.2156714013947487e-05,7.756556301880713e-08,5.766454216830085e-06,5.117941360606765e-06,0.7845392792484395,6
0.13802483117106418,0.00928679201001514,8.667309155524079e-06,6.215911536055915e-08,4.62109316216029e-06,4.1013910691964734e-06,0.8526709248664186,6
0.916361879878575,0.07726052695365762,1.9343360927566034e-05,1.7300245863934872e-07,1.5790257651107704e-05,1.0423216694429183e-05,0.006331863330035737,0
0.912502951370851,0.08044260046075641,2.1618952376835532e-05,1.9335481193805956e-07,1.719239609736653e-05,1.1649424635879754e-05,0.007003794040470511,0
0.9081092517764513,0.08882715477812725,2.6412022086952473e-05,1.8501403133409433e-07,1.655816701883834e-05,9.868216618707302e-06,0.003010570025665552,0
0.8970338808339255,0.09865674600161614,2.1010222469086336e-05,1.6154731366572044e-07,1.096298692640265e-05,6.65301811926174e-06,0.004270585389630101,0
0.9077285445780623,0.08803476855843641,1.4110613487441268e-05,1.4169143949074357e-07,9.174613282033678e-06,6.33086681632397e-06,0.004206929078475932,0
0.9027458914294136,0.09238805580816861,1.9242821021999288e-05,1.7961993411406115e-07,1.045976059298668e-05,7.992468225497661e-06,0.00482817809264301,0
0.8844175712100348,0.11384555245423086,1.310838820307207e-05,1.3588515297516944e-07,9.481623898002606e-06,7.122205665690512e-06,0.001707028232814461,0
0.8948932011782167,0.1039252725646181,2.0254929744056635e-05,1.3783367852470301e-07,1.04819641523129e-05,7.224334554717605e-06,0.001143427195035424,0
0.5866503788747669,0.40790418614414536,2.9245122876755614e-05,2.3336178343437734e-07,1.2595263209440861e-05,1.2101933406148251e-05,0.005391259299811849,0
0.5737137929462279,0.42193501838003583,2.683204214150719e-05,2.2821578017153728e-07,1.231751736512039e-05,1.0993453981299701e-05,0.004300817444468145,0
0.48433590022073014,0.5134384537607848,2.7141798789178682e-05,2.423902962300474e-07,9.395068734542337e-06,1.3866674279461299e-05,0.0021750000863855943,1
0.5350854610252692,0.4648580602478461,2.7994062501775243e-05,2.385637977443573e-07,8.103053023625186e-06,1.2676163317034135e-05,7.466884244605132e-06,1
0.3501393318278175,0.6497812427821476,3.6296547452321526e-05,1.828688187964449e-07,9.79481014996221e-06,1.0461567090596213e-05,2.2689596523245587e-05,1
0.2545417170903669,0.7453821726473377,3.573907061894581e-05,1.3048927040318673e-07,9.644465559037095e-06,1.0300888411681254e-05,2.0295348435327525e-05,1
0.2708262969053268,0.7291115951046079,3.2821242664039575e-05,2.1352101250500042e-07,9.87523885003254e-06,1.0584430550439836e-05,8.61355698819791e-06,1
0.24811097467890492,0.7518105816104983,3.504978426665766e-05,1.608819759078903e-07,1.5245867717141216e-05,1.2051105623040091e-05,1.5936071013987132e-05,1
0.3156283598571698,0.6834782109213854,2.5408143916795078e-05,2.3638918343526685e-07,0.0008381137966506643,1.3647326225338362e-05,1.6023565468447354e-05,1
0.3425983743077657,0.6555691697245419,2.4370631785496534e-05,2.2673650489546494e-07,0.001779399284208101,1.3090053464095149e-05,1.5369261729669274e-05,1
0.14825100406783984,0.8452446005476938,2.90133579850408e-05,2.4829501758202196e-07,0.0064372928342719795,2.1010298549776003e-05,1.6830598642024217e-05,1
0.17860756125759525,0.8146839117344731,2.5583688901058593e-05,2.1894406324068218e-07,0.006654410494136285,1.880455778560461e-05,9.50932304542724e-06,1
0.173845801322523,0.8015522046779767,0.00011039347214553579,2.0183917942541875e-07,0.024282510143836814,0.00020206375435986298,6.8247899786110175e-06,1
0.08963084995775288,0.8476598794770871,0.0001938167216526967,2.0124550333605754e-07,0.062343702997050075,0.00016555553640536355,5.9940645485355345e-06,1
0.045273229627013335,0.9422817428604567,4.1417420912975644e-05,2.1348725600775876e-07,0.012373645533363923,1.5664497230050012e-05,1.4086573767068403e-05,1
0.06817640476771758,0.8658254319333105,0.003729188570928136,2.1271667229926207e-07,0.06183262903349823,0.00043078949501637576,5.343482856838727e-06,1
0.01568268091393513,0.4106089618793731,0.00767352131838496,9.12775756074304e-08,0.5658153717825467,0.0002124119446234454,6.960883560920637e-06,4
0.05329929824564154,0.82443716556497,0.0006149711601096604,2.7525212157818167e-07,0.12139762369010493,0.0002380219844846876,1.2644102567656211e-05,1
0.1445927143694576,0.846456181080032,0.003844648226366501,2.398309419758664e-07,0.004432126766979801,0.0006619959588682709,1.2093767353817038e-05,1
0.1500539105071698,0.8414231976063546,0.0045729581025357674,2.615420805250368e-07,0.0031117069380834405,0.000821896851764843,1.6068452010913012e-05,1
0.17754385068498296,0.8126301512765488,0.004509500247900838,2.5440589986125305e-07,0.004441177092913218,0.0008594362677634041,1.5630023990813823e-05,1
0.03435502039640121,0.9401132936888044,0.014987214917158665,3.681282152427934e-07,0.006400424620888225,0.004122983455404773,2.069479312776835e-05,1
0.09843512068404699,0.37612147582820477,0.005803026169230296,1.5696417017053956e-07,0.5177391516041241,0.0018968167924951246,4.2519577286563354e-06,4
0.145292241762603,0.8071347891879731,0.00838270557756377,3.1082444349989777e-07,0.03322437916203432,0.005956899602118771,8.673883263761891e-06,1
0.02514776954308991,0.9438610972369674,0.010500878456228315,2.819978265629941e-07,0.01251909753993256,0.007957741152485246,1.3134073470301328e-05,1
0.06785083456587801,0.8940018973561373,0.00047616548924868114,2.3513494071503738e-07,0.02797092899524242,0.00969188892508005,8.04953347280305e-06,1
0.024028231240474755,0.9419198822231099,0.012653157033837733,2.439978741132008e-07,0.007156984674375403,0.014231381510325035,1.0119320003180944e-05,1
0.0399187275092037,0.837720872972582,0.025185884948140468,3.413469893590697e-07,0.01079097348809167,0.08636116688809678,2.2032846896130923e-05,1
0.03984589676000744,0.8361924715779766,0.02696440963457861,3.407242100641842e-07,0.010771285618945203,0.08620360303578026,2.199264850188096e-05,1
0.03912289045508795,0.8362707604583083,0.049517756492885326,3.0355966211277115e-07,0.008557141185041629,0.0665183297427045,1.2818106310148905e-05,1
0.029363948683911463,0.7910749558420356,0.05648958181575529,2.923676420870512e-07,0.006431086980627274,0.1166280089513972,1.2125358631123742e-05,1
0.01932809736530898,0.8671722881244468,0.036847272741563415,2.5281252757526275e-07,0.004561775267509138,0.07207896637343097,1.1347315212957495e-05,1
0.009319409218850914,0.8695187156323041,0.04197054196002455,2.2979638476052321e-07,0.002023310642817743,0.07714794834051528,1.9844409102620034e-05,1
0.010563363857219201,0.8854937874879123,0.030726214687823206,2.2798660122815478e-07,0.0018544035353529676,0.07134231432254151,1.9688122549892362e-05,1
0.00791518677924636,0.8844462876683932,0.0426450968238853,2.2365437433678443e-07,0.003397560791207541,0.06158938174853927,6.26253435401841e-06,1
0.023612824151889623,0.6197035671067572,0.0538658849463245,1.7824972257939715e-10,0.01023195336325868,0.2925785121516544,7.258101865893977e-06,1
0.023247992216076138,0.5541639259061769,0.13026516112844436,3.2762656170916637e-07,0.008952705366543558,0.28336202339649064,7.864359706798542e-06,1
0.012053345630431752,0.492344653693714,0.1959507190612102,2.8570400718124843e-07,0.00584541009790481,0.29379892102687577,6.664785856269243e-06,2
0.002673494231451205,0.11696240133411244,0.685254335824638,4.4617935212424006e-07,0.0020877061830369974,0.19301440116846008,7.215078949092564e-06,2
0.0016932322889556173,0.08577469160390871,0.8592902975402578,2.9423758146315876e-07,0.015146829913938856,0.038084394324515325,1.0260090842119542e-05,2
0.003106495953437691,0.033271543559217416,0.9522455124250683,1.3132289402563723e-07,0.0008536596403563955,0.010520087407305333,2.5696917210594868e-06,2
0.0004349032437836944,0.06888326375178075,0.9002858422501728,1.0561364148542262e-07,0.0018861040108970474,0.028508664088142045,1.1170415820366673e-06,2
0.0004497820170741388,0.04505793399795273,0.9450889517914114,1.5876179038648304e-07,0.00024745054882147614,0.009146774202114655,8.948680835400984e-06,2
0.0009677530687516471,0.05516255725640704,0.9045032358143492,3.995480328839676e-07,0.00015988555083580036,0.03918721183993489,1.8956921688548796e-05,2
0.8596783110089853,0.0013598035495850556,1.3265762162003568e-05,1.60611091783546e-07,1.319688781533006e-05,7.1011712525972965e-06,0.13892816100910793,0
0.9360073482230803,0.0036204563609464903,2.4066538398293314e-05,2.2813852322522777e-07,2.153221431444002e-05,1.1256859429245515e-05,0.06031511166530797,0
0.9391008324430852,0.004241645334370511,1.635462749396088e-05,1.9853670098887827e-07,1.69261702031915e-05,9.898844942994948e-06,0.05661414404320307,0
0.8743346674675723,0.0023574978646571983,1.6131359691883678e-05,2.117742569349026e-07,1.5978095117513446e-05,9.763709284641272e-06,0.12326574972941973,0
0.9212915380524743,0.03853583010840313,1.7780430737692827e-05,2.961749829339672e-07,1.8533012155388194e-05,1.303832090666617e-05,0.04012298390033981,0
0.5786710447484399,0.3937082868854088,1.8045787615459852e-05,2.0632893430501142e-07,1.2963393778013588e-05,1.2093105722248575e-05,0.027577359750101373,0
0.7264412204333238,0.2735030608206497,1.4742076364236038e-05,2.2144863329794906e-07,1.1498943648483475e-05,1.0280125182494648e-05,1.8976152197966394e-05,0
0.7293382530253283,0.2706272981415671,1.218648292138906e-05,1.8305969396531853e-07,1.0063876249911912e-05,8.4980274739409e-06,3.5173867653797864e-06,0
0.7306982903776679,0.26926419110673394,1.2500007248757322e-05,1.8556123849650792e-07,1.1943232803267794e-05,9.324261802465695e-06,3.5654525052290004e-06,0
0.7734595470169937,0.2265020469137157,1.1890731215096266e-05,1.6185371572290224e-07,1.2063240003149908e-05,7.867686413808357e-06,6.422557942662703e-06,0
0.900261356421611,0.09969461150427611,1.1139410773730043e-05,8.305152798161036e-08,1.5277635403961356e-05,7.611097319034751e-06,9.920879088227353e-06,0
0.9345154443997161,0.06545624618688532,7.077285471274875e-06,5.27657507466718e-08,1.0040639991775267e-05,4.8356155967867904e-06,6.303106587914733e-06,0
0.7704739227981158,0.2253589038759995,1.6594679346630376e-05,1.6932637846741386e-07,0.004132375917629967,1.3518578369558326e-05,4.514824160221082e-06,0
0.7352343462220032,0.2609111909113367,2.3983568755411553e-05,3.3999292867012154e-07,0.0038014010551053828,1.744391909922854e-05,1.1294330771205279e-05,0
0.8594805298049116,0.1399150691640738,1.3042274264626767e-05,1.4029388652084445e-09,0.0005692100830104632,9.486010170640919e-06,1.2661260629847725e-05,0
0.9513739883481829,0.04824191521742195,7.4176838123952885e-06,7.504847457625802e-08,0.0003432042113691834,2.8444177394685717e-05,4.9553133445799956e-06,0
0.094102294824853,0.8982094605279707,2.8331000460139593e-05,1.3072161294364703e-07,0.007626632746808384,1.43202393533741e-05,1.8829938941404674e-05,1
0.026420473197467723,0.9345916028703363,0.001339463063594944,2.3454200474788215e-08,0.03699660991070799,0.000615897851528022,3.592965216435823e-05,1
0.010686611749654393,0.7128401404283841,0.001129651079539934,7.25877210882841e-08,0.2681798272872244,0.007153666028926797,1.0030838549323514e-05,1
0.015002069931670763,0.830396176110477,0.0018615090677730221,1.8584873189034747e-07,0.12507238364024018,0.027654509110386697,1.3166290720395566e-05,1
0.009591124553054215,0.9352396340691004,0.00227305777861644,1.6004379389171504e-07,0.003853682624128557,0.04902870695867229,1.3633972634189147e-05,1
0.022142723040868652,0.94944900742598,0.0014178363598101877,1.6415912822358617e-07,0.004090009675107123,0.02288396323011876,1.6296108986998772e-05,1
0.05884570570013608,0.9217906956142806,0.0011231675542537974,1.4173535432872515e-07,0.0027098218842116664,0.01551593127509762,1.4536236665898092e-05,1
0.12851932894301618,0.8711325797382063,1.7171730526950627e-05,6.65572544347884e-08,0.0001700519782677088,1.253613102426904e-05,0.00014826492170428316,1
0.1668498465495825,0.8330183488841669,2.1857933223071727e-05,2.8590299116793274e-07,1.0030666410302747e-05,1.3882738982314233e-05,8.574732464354629e-05,1
0.2422267163220253,0.7576953353084394,2.432571405966532e-05,2.8121725855594285e-07,1.1289567542760362e-05,1.4314437223215861e-05,2.7737433450983923e-05,1
0.22415917811138134,0.775735561775696,2.0345421030561153e-05,1.8642016763031922e-07,1.2640432420405836e-05,1.2046488473540608e-05,6.004135083032283e-05,1
0.27461408320942804,0.7252443930967799,2.2621285991125993e-05,2.1390364115571197e-07,1.191553225632025e-05,1.2267802171623398e-05,9.450516973196055e-05,1
0.6801374503371433,0.31967475863300915,3.164557209454197e-05,2.489458487112285e-07,1.5562052700628517e-05,1.4277542948476766e-05,0.00012605691625509275,1
0.8205630702262603,0.17925587199029921,2.4110064427634612e-05,1.7822015638167932e-07,1.4737676631680347e-05,1.4105223461838434e-05,0.00012792659876276584,0
0.8205692099751248,0.1792572132473902,1.717838628778265e-05,1.917061772109542e-07,1.4737786904292715e-05,1.3541342160102997e-05,0.00012792755595572027,0
0.5386127207939667,0.46030057462823204,3.107986259815145e-05,2.3669250417484868e-07,2.1183225877377014e-05,1.739061252479184e-05,0.001016814184296704,1
0.4284598873042171,0.5713362560710771,2.9278906966036104e-05,2.1232730108620506e-07,1.6444755254642027e-05,1.3941395212387695e-05,0.00014397923997145481,1
0.40411019146765,0.5956990971550238,3.614675842635654e-05,3.151376751235106e-07,3.3724608590046445e-05,1.5968693172570924e-05,0.00010455617946224069,0
0.7472330802001854,0.2526779543776215,1.8348710130270113e-05,1.5851855504846851e-07,1.252161029563321e-05,1.0613510313169668e-05,4.732307289883033e-05,0
0.6077465826985564,0.3904848210705208,4.638333736193589e-05,2.440530714319372e-07,2.0846641250963828e-05,2.261862469870229e-05,0.0016785035745399027,1
0.5727740817198937,0.42508375454856834,4.776321268962176e-05,2.2800432156718055e-07,1.9475781507244764e-05,2.113124063119419e-05,0.0020535654923882108,1
0.5345137202772932,0.46394318635475784,3.869916690273005e-05,1.8473584162376258e-07,1.891482767904022e-05,1.574209103245626e-05,0.0014695525464930843,1
0.33612400081040494,0.6626320447209793,2.3339073014300292e-05,1.5777312395952608e-07,2.2728933912211467e-05,1.2707064037049787e-05,0.001185021624528156,1
0.3692811236391283,0.6284358220568087,2.578172338791516e-05,1.6141762987521381e-07,1.2421470561609017e-05,1.3000592927724037e-05,0.002231689099555904,1
0.3027302883832529,0.6955996371176923,2.5114669406985288e-05,1.572412499265019e-07,1.3923684136143455e-05,1.2483541921100148e-05,0.0016183953623406973,1
0.8653982486122277,0.1305968451017795,2.6208098414020975e-05,1.9635747145471275e-07,1.4613349094833806e-05,1.695467340563084e-05,0.003946933807606578,1
0.7956552517902713,0.20023688244280963,2.5235000531492857e-05,1.865888469735772e-07,1.6522408527035123e-05,1.6283469526547582e-05,0.0040496382994871395,1
0.42165783218036706,0.5744234320648689,2.852453759713412e-05,1.7907372162114302e-07,1.1687457958879411e-05,1.5627630141453592e-05,0.0038627170553449785,0
0.37790988243038875,0.6201428361571457,2.52958529202675e-05,1.5880441562244552e-07,1.036455776129135e-05,1.3858742922804357e-05,0.001897603454445297,0
0.02774880197814178,0.0001054386675317281,1.3576726107917504e-06,8.655966552008289e-09,5.829802426226903e-07,7.750531524470585e-07,0.972143034992354,6
0.12060169552457763,0.0009560018390959281,7.3151968960342214e-06,5.528053100079015e-08,3.87233276437561e-06,4.377500391477053e-06,0.8784266823257435,6
0.08867708654693385,0.0007608576822166673,5.051592175516709e-06,4.0790062690966905e-08,3.351796461109501e-06,3.263202675941632e-06,0.9105503483894742,6
0.11720935675722668,0.006503765007939435,6.297738944610381e-06,4.439383097198295e-08,3.3003691824883962e-06,2.905535152464734e-06,0.8762743301977234,6
0.16012534267414547,0.009211890214499153,8.677406231050656e-06,6.116850966427711e-08,4.547448593975364e-06,4.0360287915601386e-06,0.8306454450592291,6
0.9268196258236252,0.06511120606775368,2.4246721595527114e-05,1.5290382228785755e-07,1.4460762514497451e-05,9.137870248516288e-06,0.008021169850440442,0
0.9060826711913776,0.08926708655259888,1.950001038819837e-05,1.5673883539886617e-07,1.1196879089613513e-05,6.893607199090017e-06,0.004612495020511362,0
0.9048551312685154,0.0912726085254877,1.91007459140328e-05,1.566686634052019e-07,1.075183500025835e-05,7.229339986523334e-06,0.003835021616432697,0
0.898476366512238,0.09469071214645738,1.8966095448290033e-05,1.6733461153274585e-07,1.0179326382729171e-05,6.790242571284867e-06,0.006796818342291013,0
0.9270446359618367,0.0698998284559461,1.4116540356974775e-05,1.4707932028348013e-07,8.094674914396657e-06,7.994295922742877e-06,0.0030251829917031857,0
0.892817585165344,0.10546180604649733,1.62005040090476e-05,1.3717576186679183e-07,9.351231494320137e-06,7.565210071942913e-06,0.0016873546668215067,0
0.6891184665009088,0.30378439080246655,3.7419242446194e-05,3.0041166587575306e-07,1.632119990375551e-05,1.4725487451934208e-05,0.007028376355156877,0
0.5799778996250482,0.4140800704788058,2.7852485575798402e-05,2.368950038120459e-07,1.2785962131855505e-05,1.200730387585034e-05,0.005889147249558544,0
0.572354537178233,0.42295359550768835,2.6768471056941434e-05,2.2767508615413774e-07,1.2288334422803564e-05,1.096740804006909e-05,0.004641615425472598,0
0.5534298937655354,0.44200321574783646,2.8366442060825556e-05,2.3194687271139512e-07,1.3112924228145338e-05,1.1008072493504349e-05,0.004514171100973045,0
0.4615782333371528,0.5317115557272444,3.1682645416019355e-05,2.575826436901148e-07,1.3808111152376732e-05,1.6295270366526678e-05,0.0066481673260243394,1
0.43228655104071445,0.5666509850476376,2.589053045392286e-05,2.3173581307763657e-07,8.982100050957246e-06,1.325715215836834e-05,0.001014102393171819,1
0.46358535358684666,0.5362839843629265,3.050664096453352e-05,2.379621258065888e-07,1.0231201085728082e-05,1.416735158463331e-05,7.551889446638498e-05,1
0.4662818270221763,0.5336274451592948,2.313990828590941e-05,1.9719697345794656e-07,7.530425434632225e-06,1.130007925793759e-05,4.856020857695084e-05,1
0.38138735623750986,0.6185464345694669,3.371774034248954e-05,2.0910625575599842e-07,1.1341271784119687e-05,1.3562052319647414e-05,7.379022321300509e-06,1
0.33312883596556253,0.6667896596368017,3.724663152494041e-05,1.8765552068166837e-07,1.0051195227083634e-05,1.073540493372621e-05,2.3283510429222493e-05,1
0.263007642926459,0.7369124054306345,3.805692126636477e-05,1.4319768996322598e-07,9.992934270336325e-06,1.0729940485575869e-05,2.1028649194331274e-05,1
0.28998302882260785,0.7099266597064495,3.511565453757826e-05,1.831193959365304e-07,2.2086677918358743e-05,1.3101230693067936e-05,1.9824788397599912e-05,1
0.279776514603722,0.7201496615032842,2.3375094713300132e-05,2.1747434877942984e-07,2.204680773617958e-05,1.2743647326214197e-05,1.5440868869391506e-05,1
0.3136031758269825,0.6862992479025903,2.6105904423632783e-05,2.4288092234326764e-07,4.0531447454619874e-05,1.4232431705071898e-05,1.646360592158807e-05,1
0.3160274980633336,0.6837433025132709,2.5377220058105528e-05,2.3610147781897984e-07,0.0001739513221488573,1.3630716275825143e-05,1.6004063434931185e-05,1
0.3294845440061977,0.668246459235443,2.8234718085077075e-05,2.42236671052388e-07,0.0022062353650004773,1.398491599975091e-05,2.029952260285552e-05,1
0.16103252421254227,0.8341848235979265,2.965183331720014e-05,2.537590608653237e-07,0.0047137508892550065,2.1794730823174382e-05,1.720097707474295e-05,1
0.182699971781352,0.8095277942988554,2.73079494977501e-05,2.2928231073690078e-07,0.007713456205655507,2.109026065851688e-05,1.015022167000996e-05,1
0.18291090486953887,0.8004809560586091,2.807374769674804e-05,2.6903905690359595e-07,0.016555855484040406,1.6070414848000475e-05,7.870386210016747e-06,1
0.07359082128664116,0.8981715306189493,3.7440267268977214e-05,1.660966093742742e-07,0.028178095240117725,1.3444560629546417e-05,8.50192978407499e-06,1
0.039553518749030424,0.9479171311748843,0.0004461300487911625,2.100064185494222e-07,0.011892129653032052,0.00018197695042714593,8.903417416265745e-06,1
0.04335122983109653,0.665994021677338,0.01381207736238488,1.4160231917181713e-07,0.276506265019893,0.00032580303270087033,1.0461474267588462e-05,1
0.013768630073645876,0.3557854999598488,0.0003276715419764239,8.984046761209252e-08,0.630043995871644,6.835004670261304e-05,5.762665714496123e-06,4
0.022541711599605205,0.4684312594970467,0.00019873428355436892,1.2347576056424543e-07,0.5087672411543122,5.131102986989325e-05,9.618959851023145e-06,4
0.0943657139632686,0.8919755707654901,0.0007324132411215405,2.2216406478585234e-07,0.012626357231630284,0.00029089088047490834,8.831753949759328e-06,1
0.11577171957764396,0.873911451968679,0.0006699120178487957,2.082689454423838e-07,0.0093420426978612,0.0002916825801220113,1.2982888899414621e-05,1
0.13235553283504256,0.8619268047721296,0.0011116576237322575,2.2907813935603834e-07,0.004125551566388019,0.0004659440501855209,1.4280074382797646e-05,1
0.1606904526897119,0.8314348601421456,0.0024035334677738793,2.51715798433894e-07,0.004948830991937563,0.0005119889612674179,1.008203136516904e-05,1
0.3570120552899058,0.6145527456126961,0.007369592512105785,2.997771447599859e-07,0.014572760164073852,0.006479908253187817,1.263839088570709e-05,0
0.04841115182855984,0.9073286923658523,0.010400087404525665,3.154961256553494e-07,0.027405654928822163,0.006439834094937538,1.4263881176771258e-05,1
0.020885708921367447,0.9531316733134264,0.0077830639814040845,2.8581469650402423e-07,0.010114276267147023,0.008065450007456275,1.954169450227659e-05,1
0.17232327398488415,0.7380234087800385,0.0009628233353757839,4.3211882572698514e-07,0.0686119056035042,0.020064349631367915,1.3806546003977768e-05,1
0.05807968875227573,0.8959319010684291,0.009630485588641166,2.6337584956717776e-07,0.02604471278639203,0.010306065690675036,6.882737737363936e-06,1
0.016519285795340757,0.920707766807371,0.038334139922202005,2.3256095268321426e-07,0.012935858250615363,0.011495606596549536,7.110066968451177e-06,1
0.020964744148059586,0.9332695070242419,0.026298524171421544,2.421455325182564e-07,0.0074320972738184665,0.012027482141382948,7.4030955431338904e-06,1
0.03402563614578656,0.8292436626139302,0.025337949548407235,3.3789277169845284e-07,0.007887896588793573,0.10349050378869366,1.4013421616911607e-05,1
0.033792065697756474,0.8235512836978396,0.03026196418148989,3.355732921820791e-07,0.007833749782180887,0.10454668384156156,1.3917225879336781e-05,1
0.025359230313260366,0.8565884627377156,0.058562149155767136,2.524939152986826e-07,0.007553084486304964,0.05192634913685098,1.0471676185908207e-05,1
0.010572970692638455,0.8707899016511119,0.03056823178795441,2.3013233377027827e-07,0.0036449667759114535,0.08440382553956999,1.987342047977528e-05,1
0.05278921297523707,0.8194976907516532,0.02178122707372662,2.446400086419293e-07,0.05132863086459683,0.05459859229359825,4.401401179323925e-06,1
0.02068623889829362,0.8389479887232849,0.054795477978553185,2.7298001653907295e-07,0.0032494940205384645,0.08231330819820415,7.219201109288091e-06,1
0.0141463679779862,0.6171356368102929,0.15041374367490093,3.523911417929426e-07,0.0035946963407485883,0.21470162639209905,7.576412830318366e-06,1
0.016159591684410123,0.6097350943996449,0.09015977466685875,1.6901318006741064e-10,0.006520280110248013,0.2774176814559496,7.577513875485489e-06,1
0.015234527511448478,0.5087821465101712,0.31351438079436644,2.7796308006045966e-07,0.006279753893164392,0.15618393569088806,4.977636881600891e-06,1
0.009606412373108523,0.40289415286628677,0.3951270027673056,2.253059102380239e-07,0.0029672464639857368,0.18940018417886592,4.776044536969499e-06,2
0.00906429103662581,0.46199223476754403,0.166015096036671,2.1347628826696666e-07,0.0015295112324420173,0.3613854558899234,1.319756050573032e-05,2
0.000742801078622702,0.041014120559508024,0.938305715021914,1.792293895906034e-07,0.0008329189839102743,0.01910114591755384,3.1192091015945214e-06,2
0.000494973921864422,0.06288964462990819,0.9106130027744727,1.0218212975283821e-07,0.0028004154460975253,0.023200680063292598,1.180982234687883e-06,2
0.000473341025320794,0.06603598435770679,0.9133585718318518,1.0556190182357686e-07,0.0018851800167769945,0.01824570071209372,1.116494348242724e-06,2
0.00038520250905267633,0.0624360080641318,0.9084242327774744,9.693792836748075e-08,0.003388557030109386,0.025364316018946058,1.5866623571940052e-06,2
0.00048330656150509586,0.08303368711619998,0.8657503869113532,1.4087438100318506e-07,0.0023619341404576564,0.0483684342928181,2.110103285126343e-06,2
0.0009198196035306482,0.026254557815499888,0.962182016292118,1.1687659183161936e-07,0.0005211912158335284,0.010119066874697687,3.2313217284288718e-06,2
0.0004391768600737909,0.025117207151614963,0.9662543158685589,1.224389756522346e-07,0.00026180490828063525,0.007920471443704762,6.901328791128099e-06,2
0.9554413826670951,0.0036241364963785373,1.7900825638557283e-05,2.232674583729066e-07,3.9651941437695423e-05,1.0133251066314942e-05,0.040866571550925206,0
0.9834066096811435,0.002838546053689433,1.5981808694444778e-05,1.7470225344002794e-07,2.2459830463288913e-05,7.929063235905996e-06,0.013708298860520194,0
0.9826246538172366,0.0020566296853859398,1.4162767583211331e-05,1.7664465235719905e-07,1.4077788862610684e-05,7.81007035886728e-06,0.01528248922592061,0
0.979613911661409,0.0016156651744755478,1.4119373148479497e-05,1.7610341669881483e-07,1.4531206964755398e-05,7.786140460530132e-06,0.01873381034012512,0
0.8781523096121263,0.0013909235364293194,1.54741028599915e-05,1.6482188139280728e-07,1.3536729522504575e-05,7.287344808806726e-06,0.12042030385237146,0
0.7824447031413808,0.0021436014829724287,1.4667757318588994e-05,1.7805897138369266e-07,1.5997006986509674e-05,8.877845454554446e-06,0.2153719747069158,0
0.870615443313624,0.004852913904447712,1.5154837538182485e-05,1.9895436714070308e-07,1.631325758424388e-05,9.586400793432598e-06,0.12449038933164558,0
0.9404791230961691,0.004267350564276086,1.1389548485514675e-05,1.3500130005523797e-07,1.054883030895222e-05,8.19272771629442e-06,0.05522326023174389,0
0.9214879522909489,0.02241718918572043,1.2647485518192266e-05,1.4991173614628102e-07,1.198299648566416e-05,8.24986986672678e-06,0.056061828259724084,0
0.9379144719620468,0.03465519548188386,1.6117201378824835e-05,2.11588385050278e-07,1.7861401595998908e-05,1.1644029259139332e-05,0.02738449833545052,0
0.9198346673207354,0.03573246431634817,1.697810356136817e-05,2.8502064560664744e-07,1.8842521230942658e-05,1.2265996433661438e-05,0.044384496721045,0
0.9134169202873246,0.040728272773357596,1.7885804840371055e-05,2.979302369839294e-07,1.9608885767068246e-05,1.2921774071654718e-05,0.04580409254440162,0
0.6032755407064173,0.3648743284230909,1.8582529821398162e-05,2.1332801373094153e-07,1.3403137350516116e-05,1.2318557977221327e-05,0.031805613317328923,0
0.6742440593402826,0.2940343405174215,2.0094416001191727e-05,2.176185781073363e-07,1.4853652175523585e-05,1.0835229836836929e-05,0.03167559922570421,0
0.5842432150089415,0.4035761450061031,1.8826323807701178e-05,2.1096049020915918e-07,1.2948281732154194e-05,1.1276246703898204e-05,0.012137378172221342,0
0.5566123226499801,0.44050158304829257,1.9555493368183443e-05,2.191312817824992e-07,1.3288322459421366e-05,1.165091558597282e-05,0.002841380439032124,0
0.9254100382899486,0.0738511309552224,5.688666485589111e-06,7.26077679914365e-08,4.134436439069727e-06,6.420430230414777e-06,0.0007225146139057323,0
0.6941015220248198,0.3058548698027802,1.4924731486549995e-05,1.9595124345581264e-07,1.4474019291324435e-05,9.963503662667184e-06,4.049966715932697e-06,0
0.8159339112790135,0.18402923901805077,1.1518141891497645e-05,1.5639801201695856e-07,1.3612996392164519e-05,8.032863045944437e-06,3.5293035940811732e-06,0
0.9314072069581317,0.06855222546385477,1.0684946205940485e-05,7.426384708147349e-08,1.4131449707391076e-05,6.805767228607342e-06,8.87115102427786e-06,0
0.08042379100654269,0.9151274401512263,2.7360916943142233e-05,1.281082180117601e-07,0.004389834383631591,1.2906008733822523e-05,1.8539424704626993e-05,1
0.02865881441050827,0.9558727051019819,0.0002010314300951061,2.6096008380795325e-08,0.015020905111633226,0.0002239788759870491,2.253897378622063e-05,1
0.011632292486629392,0.5852690794539507,0.0009896626176892208,6.359251574705967e-08,0.39443976662790486,0.007659197434707048,9.937786603111216e-06,1
0.009010732263079711,0.9433855541429338,0.003800963732220443,2.417626447818896e-07,0.023884634225265638,0.019904672918180138,1.3200955675456598e-05,1
0.10165047988932543,0.7122759591814471,0.022718547314761025,4.2816334052943025e-07,0.08845798286656482,0.07488839189623511,8.210688325807811e-06,1
0.05196250932174039,0.9262283566130681,6.452002190088455e-05,1.268563612187994e-07,0.02153204541265674,0.0001673201188275051,4.5121655445186804e-05,1
0.06573790782427912,0.9317268230489107,1.7792853328425636e-05,1.1865885286297867e-07,0.0024232732195039303,1.0520632351937304e-05,8.356376277307491e-05,1
0.07723073429234563,0.9160779923461556,1.997700349422346e-05,1.3322474335677652e-07,0.0064949017185063785,1.1812085750199818e-05,0.0001644493290044852,1
0.21639203082178116,0.7835545275989224,2.0845002882179387e-05,2.51981154590074e-07,9.639558708585963e-06,1.1868634612504642e-05,1.0836401938488263e-05,1
0.6403038452606188,0.35951977270716257,3.1122335908834464e-05,2.471699162335983e-07,1.6276242792315093e-05,1.4496127922863865e-05,0.00011424015567854417,1
0.705959787709613,0.2938975879315735,2.8032900152053074e-05,2.2251733359927258e-07,1.481057577301224e-05,1.3057133881061877e-05,8.650123167370925e-05,1
0.3650195358386471,0.6341886706085863,2.3905610609241662e-05,1.7626200145945274e-07,1.4318320391007328e-05,1.3501323296287753e-05,0.0007398920364684749,1
0.3413901825164955,0.6573820612085237,3.0205319077083887e-05,1.827082116130538e-07,1.4841966449277334e-05,1.3995090339660407e-05,0.0011685311909030445,1
0.47317305001316956,0.5257397123930428,4.694760876237604e-05,2.5373569040054613e-07,2.2708536806625792e-05,1.8642834046855898e-05,0.0009986848784811024,1
0.3985537283618025,0.6012273654805449,3.5921279077505196e-05,2.753642153031973e-07,1.780716383223441e-05,1.4139138577022027e-05,0.00015076321195054318,1
0.37506202919448944,0.6247877380708933,3.5650138978225615e-05,3.6379102815679715e-07,3.274836806820474e-05,1.5599215916047507e-05,6.587122062665523e-05,0
0.364030527365574,0.6358477737907217,3.4847367519624895e-05,3.5284152133670575e-07,3.2010938819556844e-05,1.5247952059219303e-05,3.923974378445458e-05,0
0.7584304162228533,0.24147203471119086,1.8976203912508683e-05,1.5288460741003013e-07,1.1863286446333448e-05,1.0236292886817651e-05,5.632039810274715e-05,0
0.7654666604609722,0.2338609193395904,1.890481633447299e-05,1.6255716445449242e-07,1.2613841501095803e-05,1.0883912869946653e-05,0.0006298550715674443,0
0.6216448917527307,0.37760675213326694,2.172926146496657e-05,1.8694171645460429e-07,1.547998376163127e-05,1.5137994322281879e-05,0.0006958219327367865,0
0.6241911070589587,0.37510693380748195,2.1611590322384254e-05,1.6679639041485272e-07,1.381182041167161e-05,1.6788835831641488e-05,0.0006495800906031356,0
0.5585532889040672,0.4400314214664124,3.297562568318336e-05,2.173104051006202e-07,1.8897305467724116e-05,2.0140137828442294e-05,0.0013430592501358334,1
0.3786817598150331,0.6199327843392599,2.8755273638818773e-05,1.943868700152597e-07,1.7212922051759116e-05,1.5655939004410128e-05,0.0013236373241419033,1
0.39241505679339983,0.604811819611278,2.9622233816929406e-05,1.854628064382787e-07,1.642269784205062e-05,1.4937193983094002e-05,0.0027119560068736815,1
0.8275319987279368,0.1660413564310723,2.8669884702159736e-05,2.1480177531699538e-07,1.5986014209911394e-05,1.924960707602733e-05,0.006362524533227581,1
0.40027288437372266,0.5968081208660505,3.494781878647209e-05,2.3173206067334197e-07,1.479146056732518e-05,2.2667119671972827e-05,0.002846356629140426,0
0.4281320866440602,0.5687412548762003,3.7614730893792994e-05,2.49415826348108e-07,1.6023741731812264e-05,2.3760030237497195e-05,0.003049010561050014,0
0.110143065333955,0.0006775468464924292,4.851518703464621e-06,3.31559013368782e-08,2.582518073934227e-06,2.911590925980851e-06,0.8891690090359479,6
0.08693829920856262,0.0004652443092815749,3.862173942373703e-06,2.6394592292874633e-08,1.9070033967302014e-06,2.363365412889794e-06,0.9125882975448115,6
0.03576925695155083,0.00016394764575524619,1.852616431870883e-06,1.2411039110976646e-08,8.07321387621825e-07,1.1112814415710067e-06,0.9640630117723938,6
0.02774879879765439,0.00010543865544665312,1.4722895617414177e-06,8.655965559886449e-09,5.829801758031818e-07,7.750530636127088e-07,0.9721429235681323,6
0.046434179180954056,0.00010419109998602034,2.4445521063659275e-06,1.3275206403856547e-08,9.055011542177543e-07,9.928498891667495e-07,0.9534572735407039,6
0.09481076646373247,0.0008176438617086274,5.401004303061337e-06,4.361145881565935e-08,3.5836359073437046e-06,3.4889142041081877e-06,0.9043590725086855,6
0.08033214897348621,0.0008436112704177511,6.076175196383996e-06,4.4569025437535125e-08,3.3540003038013024e-06,3.015306207058364e-06,0.9188117497053633,6
0.23070970195851662,0.0019668062757307817,1.3858004432666289e-05,1.0631301461518339e-07,8.735941125090914e-06,5.935299319429768e-06,0.7672948562078609,6
0.04295957317494801,0.000524251685525445,3.3328478777749102e-06,2.5568263227340734e-08,2.2098621833116018e-06,1.427438549095223e-06,0.956509179422653,6
0.20613149027892624,0.006213784587205759,1.3380505915337139e-05,1.513476864619694e-07,6.378801557134881e-06,5.289481203627006e-06,0.7876295249975055,6
0.10086439305979625,0.00570767341163105,5.419512860333169e-06,3.820306620966213e-08,2.9526824275064427e-06,2.5207198278058145e-06,0.8934170024103909,6
0.19951922954016302,0.010528238033684788,1.0028468274783517e-05,7.481065046460117e-08,6.02723449827595e-06,4.896287838750182e-06,0.78993150562489,6
0.9138659622543336,0.08192790468239651,1.908048752289192e-05,1.540891829597507e-07,1.0560483817345944e-05,7.110312092090321e-06,0.004169227690654489,0
0.9311564459407214,0.06467072057006175,1.3507359602440435e-05,1.5487843954129468e-07,8.519989120601227e-06,8.414335968884646e-06,0.004142236926085328,0
0.9318938416833494,0.06476872398742642,1.3833328136982451e-05,1.571678406062784e-07,8.725599132453915e-06,8.617396289010126e-06,0.003306100837824966,0
0.9133542894297726,0.08496243092475016,1.8331467114377324e-05,1.339876942624836e-07,9.285523110379041e-06,7.389388915042273e-06,0.0016481392786431228,0
0.9165593281437474,0.08230800740058376,1.9074601167435386e-05,1.298016077330839e-07,8.995421818430242e-06,7.15852725593231e-06,0.0010973061038194929,0
0.9152394587967211,0.08347608451484188,2.1376195334640315e-05,1.2954754168900952e-07,7.671346253803341e-06,6.790029780239064e-06,0.0012484895695266717,0
0.9002038072529971,0.09821262330558013,2.1663311917471096e-05,1.3128757292008653e-07,7.647438529303228e-06,6.881230768876283e-06,0.0015472461726339767,0
0.5978894932477853,0.3968393100609597,2.8123401899712158e-05,2.3783255490023946e-07,1.2836564687913774e-05,1.2516726510199961e-05,0.00521748216560234,0
0.5501280721409558,0.44500458041062796,2.8794872253721348e-05,2.3410479846113077e-07,1.323492077207571e-05,1.1174831973772829e-05,0.004813908718618048,0
0.4140233231498957,0.5810490251692896,3.967472322906702e-05,2.585035710416784e-07,1.4974859473935084e-05,1.606374032072734e-05,0.00485667985422,1
0.44070077749364983,0.5576650143088866,2.550313867597326e-05,2.2775621418760792e-07,8.827850455617659e-06,1.302948709739346e-05,0.0015866199650202753,1
0.4662770739484962,0.5336220055937412,2.313967240777164e-05,1.971949633179625e-07,7.530348672758056e-06,1.0848146813366198e-05,5.920509490534623e-05,1
0.45529229624173484,0.5446260979142333,2.7445808001701987e-05,2.1469784131161518e-07,1.0387037185052794e-05,1.1811020240439601e-05,3.1747280763279683e-05,1
0.36069132446800434,0.6392430348681682,3.376377993179058e-05,2.093917780370735e-07,1.1301527265758985e-05,1.2906750245437405e-05,7.459214606269974e-06,1
0.36653941439422233,0.6333988271033772,3.176690122227744e-05,1.9700779779688602e-07,1.0633125231757825e-05,1.214341110431682e-05,7.018057044319238e-06,1
0.22981913744886429,0.7701077634831032,3.3274201113754583e-05,1.6162946503365986e-07,1.6693288447036246e-05,1.2107097416750286e-05,1.086285159003452e-05,1
0.2513250858655427,0.7485966126798583,3.160580858520978e-05,1.648164231145316e-07,2.0110448768949856e-05,1.1922273656178442e-05,1.4498107165390725e-05,1
0.29542684406282016,0.704480619789854,3.7151899310908624e-05,2.391594227756632e-07,2.657856119326733e-05,1.4014357811390256e-05,1.455216958743064e-05,1
0.16197079021726649,0.8331886095891783,2.966401255171406e-05,2.4906422740183393e-07,0.004770569197812979,2.2909876735516554e-05,1.7208042227558993e-05,1
0.17844608250049296,0.8150543391382905,2.768381654367969e-05,2.3243815606419971e-07,0.006434222225221188,2.1380547337575476e-05,1.6059333958045733e-05,1
0.1824030203648602,0.8099838917442778,2.6749626672475767e-05,2.2459453483755686e-07,0.007555751261103502,1.7056666981835225e-05,1.3305741569274016e-05,1
0.05683760126204375,0.9401255519031225,3.755085024728341e-05,1.4181074022761965e-07,0.0029524138659094575,1.0835646820532675e-05,3.5904661115904535e-05,1
0.06855285221765131,0.9283735567233535,4.684415492173465e-05,2.414595084338143e-07,0.002997030393580689,1.7982685531051086e-05,1.1492365453192925e-05,1
0.07111832398332575,0.9226695180717378,5.258856627146354e-05,2.4474255288465804e-07,0.006091249377499052,1.795783557964586e-05,5.011742303356059e-05,1
0.04371679623577867,0.944657906151696,0.00023707370685578294,2.1393349289817253e-07,0.011256023808893992,0.0001218039099561509,1.0182253326908318e-05,1
0.04122369800408097,0.938949878209245,0.0005001249349857039,2.0230903599985742e-07,0.01911033211367649,0.0002009471125002466,1.481731647541962e-05,1
0.07291818540284929,0.8623606021534188,0.0027652693691457724,1.8329769017623907e-07,0.061585189392038546,0.0003613762027976109,9.194182059870535e-06,1
0.013939621022161678,0.3369635682284474,0.0006765378920697634,7.478617380410591e-08,0.6483380055319484,7.678562773793129e-05,5.406911461006299e-06,4
0.01420701180604513,0.35411084519240016,0.00014424550729957538,6.718817270132431e-08,0.631499153042602,3.294172218682536e-05,5.735541293705828e-06,4
0.08653219079796572,0.8989088876577375,0.0004311842314450164,3.870111094642765e-08,0.014006334106256428,9.668419616804097e-05,2.4680309316310705e-05,1
0.2123824189112105,0.7786977160644398,0.004413278231390313,2.8793283994632563e-07,0.0038171363529793914,0.0006714726768391504,1.7689830300942844e-05,1
0.13918194998362704,0.8219567048368845,0.018107933407416604,3.793057818305951e-07,0.016462295486867427,0.004277050004634987,1.3686974787509472e-05,1
0.08776716349887848,0.27802680168021465,0.005176565301549603,1.2830015590918667e-07,0.6281332992449397,0.0008936569837112977,2.3849905503137332e-06,4
0.35477238379913323,0.3820878177399152,0.00027759751528504226,2.1857257408622382e-07,0.261947771580052,0.0009095157526578187,4.6950403825345524e-06,4
0.21314639332448854,0.7555867974049318,0.008793918196478746,3.3504853606696654e-07,0.016274207742246,0.006187032085053303,1.1316198265318908e-05,0
0.21290837228088344,0.7547430319757004,0.009900800312615272,3.3455770036166906e-07,0.016256034298866368,0.006180123012792057,1.1303561441965988e-05,0
0.14492460966983123,0.7716450707584277,0.006771250991740089,3.212713410916099e-07,0.07396076516725673,0.0026920099809861694,5.972160416799972e-06,1
0.06468907053386508,0.9057371121908784,0.00885657327794131,3.0690466080446006e-07,0.015972501586921244,0.004734297656761664,1.0137848971581466e-05,1
0.02043943447246855,0.9525423904810966,0.00817442390112439,3.9047821758264763e-07,0.011439918160956597,0.007377867806483283,2.557469965336077e-05,1
0.077090914886181,0.8440593460644173,0.0007961082834180175,4.187981125336522e-07,0.06866646384448545,0.009377536359285428,9.211764100473473e-06,1
0.012526281950725419,0.9104176606603825,0.0485964169398805,2.276393811603689e-07,0.019565850082468094,0.008887613881959588,5.94884520276797e-06,1
0.010447316831172612,0.8851258908994065,0.07607583633526058,2.1255543093234133e-07,0.020393664723374172,0.007951523995396309,5.55465995900482e-06,1
0.02246659101869697,0.9132129919207418,0.03366569141618837,2.8924129645063445e-07,0.004017455548309113,0.02661568777533966,2.1293079427785188e-05,1
0.16616220017120914,0.6594667332796816,0.0031368929262159443,4.995798250187591e-07,0.016301277267425123,0.15490790031744792,2.449645819518245e-05,1
0.027422920450847415,0.87030025593891,0.022878191697408286,2.8337444777015874e-07,0.007455702195925088,0.07193089395843688,1.1752384024381053e-05,1
0.020289976059863876,0.8613068235883378,0.058290046940178836,2.513207316849359e-07,0.008417399675784832,0.05168507939434261,1.0423020760310182e-05,1
0.01964272345255438,0.8674559166087833,0.06170991370998136,2.3855623369403787e-07,0.008648795101983329,0.04253251893152853,9.89363893549178e-06,1
0.016446618063403314,0.8592561270607271,0.06728009906922079,2.363012362074622e-07,0.007344879316765431,0.04966224007118709,9.800117460126623e-06,1
0.016262734779784585,0.8632557942392889,0.056589781614683275,2.3830912913679938e-07,0.006092180988806253,0.05779362914901217,5.6409192958275485e-06,1
0.04843350475255545,0.8457544934154528,0.03244719880329373,2.3919112713111744e-07,0.01904473674153983,0.054315576766889605,4.250329141470044e-06,1
0.027463062412022246,0.8872442565540288,0.027790275830921803,1.821195376166243e-07,0.0046144992053114365,0.052883389352756105,4.3345254220553365e-06,1
0.010744377671869617,0.8098376123852198,0.057584181677054216,2.791738806212973e-07,0.0021589802769976943,0.11964328337022227,3.128544475595361e-05,1
0.015307564419240275,0.5846306859983239,0.1367419449540936,3.731960394648274e-07,0.0031953967802635535,0.26010206050733825,2.1974144700915536e-05,1
0.013601996057293205,0.5960280706147226,0.12380660646442429,1.652137142003026e-10,0.0048328436219539205,0.2617230759072516,7.40716914073781e-06,1
0.0032132716423228644,0.24179611671820195,0.1453106892326781,5.391208587140382e-07,0.0018803096599924666,0.6077966038378172,2.4697881287159857e-06,5
0.0012804042246411947,0.057382270874692366,0.9100845361609432,2.5715017643134713e-07,0.001319448950022147,0.02992860734017416,4.475299350365849e-06,2
0.0044982438566018,0.05222063669702534,0.9270207017719717,1.8604384896244206e-07,0.001095296177895017,0.015158319040261402,6.6164123956799464e-06,2
0.0025520322692002056,0.03837062012448903,0.952993921182937,7.18035914521542e-08,0.001244407573226599,0.004834086287289743,4.8607592659107485e-06,2
0.0010460119207348524,0.02364205918372286,0.9689630618943019,4.987400342282169e-08,0.0008557100797854628,0.005491208924266434,1.8981231849260572e-06,2
0.0003915361266506626,0.06100884014462137,0.9180766667952196,1.076702095979616e-07,0.0016977521068006869,0.018824190940214647,9.062162832439371e-07,2
0.0004233108032959393,0.025605226002871996,0.9649503292471678,1.1801564665627184e-07,0.00018431957971475963,0.008830044345471041,6.652005831753009e-06,2
0.0023170365963739374,0.052742961915706245,0.04438639920542442,6.414326892870287e-07,0.00031466999441792415,0.9002362412200863,2.0496353017669475e-06,5
0.9579995313095467,0.003452625810076096,1.697384548386749e-05,2.1170572891535994e-07,3.669227737119979e-05,9.608508642103485e-06,0.03848435654315112,0
0.9795505758272407,0.002663888809340529,1.4118460276310527e-05,1.7609203093074465e-07,3.127366141486047e-05,7.992139889988849e-06,0.01773197500980676,0
0.9832089474952662,0.0028718126098251006,1.4171189125994862e-05,1.7674968977227824e-07,2.791565708945861e-05,8.021988494912326e-06,0.0138689543105085,0
0.8047657175799733,0.0018459218635365848,1.792386092039274e-05,2.1700757455506217e-07,1.7830802248325277e-05,1.0707633797717687e-05,0.19334168125194923,0
0.9308182608311452,0.0031880545053777107,1.840500531679599e-05,2.1697371444006405e-07,1.852957905446141e-05,1.0818097311773953e-05,0.06594571500807962,0
0.9313860103870071,0.0030279619451063023,1.7777855899660824e-05,5.979803149359275e-08,1.7773582203095783e-05,1.0274851613500681e-05,0.0655401415801387,0
0.9217176798034885,0.003104155421407243,1.822520519490597e-05,6.130274653891024e-08,1.8220823958086515e-05,1.0533400656421865e-05,0.07513112404254842,0
0.9266503758320762,0.004514866735784203,1.673427042525173e-05,2.031453694015379e-07,1.8216524649334586e-05,9.978951575232324e-06,0.06878962454012055,0
0.655561475755162,0.0021271827094696254,1.4555410603436458e-05,1.7669514049230994e-07,1.669706646188285e-05,8.679657605517067e-06,0.3422712327055571,0
0.22955102961353924,0.000804840561368225,5.337501005376436e-06,6.691022243127907e-08,5.846635196852823e-06,3.0848506775330484e-06,0.7696297939279902,0
0.8538998862994891,0.005769602224464149,1.4932665237731216e-05,1.9603766484540566e-07,1.6165479291311814e-05,1.1896798101643736e-05,0.14028732049575143,0
0.9283581469451592,0.00467167045553098,1.3261560645815166e-05,1.571904215714418e-07,1.2519160011655903e-05,9.53930312535823e-06,0.06693470538510589,0
0.9371850879762014,0.01478870688146972,1.1542244811795468e-05,1.3681122277410455e-07,1.1005874956801546e-05,7.528928776415412e-06,0.04799599128256132,0
0.8977897309248855,0.05096352963468944,1.7476683659811234e-05,2.9111535941106173e-07,2.040091076463965e-05,1.2626200486327986e-05,0.05119594453015495,0
0.6469100732268547,0.31899291239741473,1.7980761572902297e-05,2.2496230639119825e-07,1.4556449885061954e-05,1.2990376488783955e-05,0.03405126182547733,0
0.6480873463889512,0.32625372845903683,1.978336165255017e-05,2.1424992061256436e-07,1.615673253734585e-05,1.1452073128587134e-05,0.025611318734772983,0
0.9315341860879864,0.06797404343758162,5.179386564287685e-06,6.61075313433178e-08,3.766008354638678e-06,5.845638895617741e-06,0.0004769133330862331,0
0.8120847582204125,0.18787959967967074,1.1799552087018797e-05,1.7003800949555918e-07,1.2306103158116523e-05,8.229121225575175e-06,3.1372854364858345e-06,0
0.8157918624044066,0.18417000159935937,1.2653541219914545e-05,1.9769034653188796e-07,1.3942011305961844e-05,8.211996563164232e-06,3.130756798431553e-06,0
0.7498700239599265,0.2500857702802393,1.409302247371361e-05,1.6948522288098544e-07,1.5285715254727398e-05,8.705044048556702e-06,5.952492834199398e-06,0
0.761507747948532,0.23845036392827534,1.4802654434633572e-05,1.5465253460687203e-07,1.2584354159103155e-05,7.5928174401371475e-06,6.753644623867205e-06,0
0.841348279951154,0.1586127622806824,1.2511036535489612e-05,1.3733479383805566e-07,1.2134541756826192e-05,6.850669441282352e-06,7.324185635854483e-06,0
0.8633042864067347,0.13645014377648865,1.3760875427550392e-05,1.6943984246782794e-07,0.00021008459254830809,8.452165095895693e-06,1.310274386230758e-05,0
0.8184823091532729,0.1786109877412376,1.4695862356277057e-05,1.4160400395603954e-07,0.0028751717805369555,1.0688710952512128e-05,6.005147639703465e-06,0
0.800374089924281,0.19217983490370974,2.7883912005055196e-05,3.298834690987662e-07,0.007390437722757352,2.1428843218168916e-05,5.994810559557505e-06,0
0.0743535948857621,0.9136186694596551,2.803457972692095e-05,1.3126241561961344e-07,0.011966191699042823,1.4382222980167036e-05,1.8995890417458496e-05,1
0.022213817493900348,0.9321641019163048,0.00754486279335653,2.4914444803846526e-08,0.036926347233260444,0.0011328147525680667,1.803089616495214e-05,1
0.03293672054236953,0.8974289116351308,0.007321575001540847,1.001826041229634e-07,0.05821291148435524,0.004084125328318784,1.565582568046162e-05,1
0.015449733223557827,0.7528050060950323,0.0009574469447532204,1.684832610848313e-07,0.21241397751500496,0.018367877670259065,5.7900681315741905e-06,1
0.009712304439640827,0.8083460589672946,0.0018125305556992157,1.8091375455424175e-07,0.16362685472493727,0.01648925372210268,1.2816676571055728e-05,1
0.012483470928846024,0.9414745101202804,0.0017311049032274846,1.9353752517062668e-07,0.026575094871749676,0.017724258336450086,1.136730192097125e-05,1
0.012801493368702465,0.9388367627806955,0.002761485600942976,2.4059692009438903e-07,0.025778183253129812,0.019808697095950536,1.3137303658647457e-05,1
0.04340086743177293,0.39155672674717534,0.009637953220982468,2.1322125724479965e-07,0.5329043121659068,0.022495838368480646,4.088844424441343e-06,1
0.033474281618044506,0.9294457183164588,0.0026322185277527616,2.0295872484421295e-07,0.015310330175772165,0.019119958550056628,1.728985319023464e-05,1
0.028395087378644532,0.9414686314209145,0.000973474482908766,1.5921371813919602e-07,0.0027408526533034255,0.026405981396657754,1.5813453852618813e-05,1
0.10256630373509132,0.889316595300611,0.0003023096970385706,8.61436493004889e-08,0.006768303152752661,0.0009187582136140497,0.00012764375724333028,1
0.05831733818738633,0.9390595665006966,1.5998448492203924e-05,1.156992756880167e-07,0.002516884942389147,8.61669795421091e-06,8.147952380573285e-05,1
0.21880066467429257,0.7811313774422157,2.4208312399794258e-05,2.899211787407964e-07,1.028781178927178e-05,1.2135989055609885e-05,2.1035849068234152e-05,1
0.22033352558130387,0.779614138771016,2.0740176206330405e-05,2.5071397573854943e-07,9.591082682855305e-06,9.649462380500616e-06,1.2104212434574861e-05,1
0.22495088756916953,0.7749841974397175,2.302069200254454e-05,2.7365573562647104e-07,1.0468721495478695e-05,1.0532443268697427e-05,2.061947861067252e-05,1
0.21088504460113924,0.7890166327797,1.938713628694333e-05,2.519196152217595e-07,1.0211976802528873e-05,1.0513882930255266e-05,5.79577035256209e-05,1
0.570721660005624,0.42917043401398985,2.0352497806869983e-05,3.156413966542396e-07,1.6035829251960493e-05,1.317331597797033e-05,5.802869595262341e-05,1
0.6184806651574373,0.3814090829373189,2.973585085739823e-05,3.245272939302462e-07,1.5551144027518143e-05,1.3537073082409086e-05,5.110330998256359e-05,1
0.5668554371204473,0.4330389029814424,2.9712215739203824e-05,2.655816326558278e-07,1.9854637899172415e-05,1.268802921827529e-05,4.313943362097119e-05,1
0.25914499045999834,0.7407329150309158,2.8227048666164532e-05,1.8929625610148334e-07,1.2495149753635302e-05,1.1015833934993005e-05,7.016718047513343e-05,1
0.8195445852810674,0.18030511672650618,1.70857595737987e-05,1.792633387270789e-07,1.4562128518927783e-05,1.3810272531163986e-05,0.00010466056846373021,0
0.8240869018402445,0.17518262758500466,1.7138365842973667e-05,1.8025690374669783e-07,1.4642838950912037e-05,1.3886815809872296e-05,0.0006846222972433341,0
0.677174177723393,0.32269283298398005,3.166124578564377e-05,2.8838032419478804e-07,3.1221928027626796e-05,1.452202614744618e-05,5.529571234209193e-05,1
0.8120845479406732,0.18784432701358808,2.0419266984932157e-05,1.9075853767342723e-07,1.4008383600277838e-05,1.23975549291699e-05,2.4109081686641882e-05,0
0.7669691486133308,0.23294677434452088,1.893996737734794e-05,1.6413820798597803e-07,1.205351544928551e-05,1.0216745890547005e-05,4.270267522311397e-05,0
0.7018328528730443,0.2974279568139073,2.683931031280676e-05,1.994511089958124e-07,1.532788789311474e-05,1.6489203346927852e-05,0.0006803344603862839,0
0.387795288930692,0.6091841830737492,2.657625939323979e-05,1.6639216617367314e-07,1.180924025249943e-05,1.3761001892542105e-05,0.002968215101854304,1
0.47371386632265466,0.5221557619002145,3.195210685517145e-05,2.000499842651682e-07,1.4198014131448282e-05,1.630853099471504e-05,0.00406771307516528,1
0.8301396950606276,0.15932907189234594,3.596997341312164e-05,2.694958220973107e-07,1.7578668832346583e-05,2.455463843143302e-05,0.01045286027052768,0
0.40222691674165134,0.5943720233118737,3.387939703336271e-05,2.3621537754540475e-07,1.5292655705019675e-05,2.310660462454446e-05,0.00332854507373452,0
0.028960463525123173,0.00017150630421032312,1.8656861479406024e-06,1.2498595690158468e-08,8.130168252373566e-07,1.119121236503741e-06,0.9708642198478612,6
0.024583641965158012,9.459025991329741e-05,1.4018973927315088e-06,7.630395430540954e-09,5.139079215101352e-07,6.832237621674133e-07,0.9753191611154568,6
0.042788623832000265,0.00011831883373578943,2.5261519252902355e-06,1.3718336429973247e-08,9.080304679150873e-07,1.0933759739797227e-06,0.9570885160575604,6
0.1293544562584215,0.0010253844072457769,7.846102932416579e-06,5.9292558020685185e-08,4.63336536506489e-06,4.790922135709388e-06,0.8696028296513415,6
0.1002338312096318,0.0007987570355036943,5.2024054523511335e-06,4.224922846024305e-08,3.6515961768003818e-06,3.0727578369906194e-06,0.89895544274617,6
0.12052749758479403,0.006414309213276777,6.2745340270919e-06,4.423025556895424e-08,3.407181416753239e-06,2.8948292937187643e-06,0.8730455724269361,6
0.1809662282616147,0.010828633593618521,9.638822409872945e-06,7.190395925253458e-08,5.626902071340049e-06,4.744376663142407e-06,0.8081850561396632,6
0.9315548879262125,0.06474516593675743,1.3828296599766507e-05,1.585583757242294e-07,8.867216217572487e-06,8.519953374610747e-06,0.003668572112462023,0
0.9239969565118126,0.07277436581420163,1.9629749153402322e-05,1.5264848361032724e-07,1.0106561398624992e-05,8.648653299528706e-06,0.0031901400616505017,0
0.9073772112607396,0.08961748463528747,1.717823789104176e-05,1.5014958820130026e-07,9.941114357928909e-06,8.507072593888495e-06,0.0029695275295418305,0
0.9132794187475466,0.08495546627232499,1.8582597247446292e-05,1.2916935110850178e-07,8.96748832540745e-06,7.388783182309964e-06,0.0017300469420221637,0
0.915359812166106,0.0833679162636715,1.9039769050860753e-05,1.2956457710306203e-07,8.672170149698873e-06,7.145455074045383e-06,0.0012372846113708881,0
0.6322880940547057,0.35728636558680094,3.108666086580085e-05,2.644027810109213e-07,1.2792270531372925e-05,1.3711691782190922e-05,0.010367685332533162,0
0.5841781372301699,0.4102325837583805,3.0067493215112542e-05,2.4027567928455455e-07,1.2819234729212611e-05,1.2645304028789478e-05,0.005533506703797209,0
0.32851645185303907,0.6655821066938502,3.321880138625945e-05,2.416572475836164e-07,1.295440596310665e-05,1.06444294426949e-05,0.005844382159071032,1
0.4469781709063023,0.54840947888175,2.9432918321753475e-05,2.290715580432113e-07,9.594766995938734e-06,1.423479764106347e-05,0.004558858657430824,1
0.46495111620327095,0.5306699986585022,2.6952385972301817e-05,2.4069874184379735e-07,1.0081776908206116e-05,1.4957325614202643e-05,0.004326652950990468,1
0.5003153248678764,0.49870929610079484,2.6821652754148923e-05,2.0921797042301872e-07,8.995343771158e-06,1.2896036876047307e-05,0.0009264567799570726,1
0.34848542201635435,0.6514529091657193,3.169410239344156e-05,1.9655632357688593e-07,1.0660602565492057e-05,1.2115582576117572e-05,7.001974067577032e-06,1
0.3226724357933061,0.6772672568824997,3.130833174615512e-05,1.8892653432179098e-07,1.0196954239936941e-05,1.1882935457833512e-05,6.730176215780342e-06,1
0.24163904695054886,0.7582909395819002,3.635732684814392e-05,1.7889558958842718e-07,1.206960178070155e-05,1.3782317921040545e-05,7.62532541146108e-06,1
0.242170730755096,0.757750875966486,3.7006724752159346e-05,1.7976020232284069e-07,1.9527902876254976e-05,1.3465207477634949e-05,8.213683109643042e-06,1
0.3186522931574542,0.6810962961355514,2.750527439200615e-05,2.359784887890754e-07,0.00019027075368024035,1.362361581805947e-05,1.9775084615184237e-05,1
0.4084697536973334,0.5899290220201351,2.927018543987866e-05,2.522606548492933e-07,0.0015316479414129323,1.8914358872377184e-05,2.113953615147273e-05,1
0.15861407204594546,0.8368314517662322,3.0224348078813125e-05,2.3401310284522508e-07,0.004482280381907027,2.1749199953539113e-05,1.998824477979233e-05,1
0.13633871683549395,0.8597402858206302,2.597971782138636e-05,2.0114890030292268e-07,0.00385280037189319,1.5276105488100257e-05,2.6739999772875737e-05,1
0.13633871683549395,0.8597402858206302,2.597971782138636e-05,2.0114890030292268e-07,0.00385280037189319,1.5276105488100257e-05,2.6739999772875737e-05,1
0.14142171224910746,0.8526551460797358,3.0013313647634322e-05,2.098101195190391e-07,0.0058478462499471804,1.593387541973649e-05,2.9138422022690433e-05,1
0.08539073260638534,0.9087526200028004,4.15634127101761e-05,1.818618089888822e-07,0.005770766077121402,1.3033911905757314e-05,3.1102127268050944e-05,1
0.08726001232096713,0.9051917783619128,4.2542236971038096e-05,2.2940625091281378e-07,0.0074379530982907295,1.8539043093328632e-05,4.8945532514001495e-05,1
0.04505046024609961,0.9398918785465223,0.0004693819905987862,2.0802003315077331e-07,0.01437303218091881,0.00020027917447165946,1.4759841356008249e-05,1
0.04453543572880807,0.9407094417481476,0.0004422946382141545,2.0820097898953078e-07,0.014100355841191656,0.0001974911624829688,1.477268017654701e-05,1
0.048946862810408255,0.9052054850007812,0.002090784789451696,1.9957080153243252e-07,0.043467721108094944,0.0002789362818074586,1.0010438655060213e-05,1
0.024444903758573,0.6792293079750189,0.00047507565319026467,1.666144353844216e-07,0.29572261362689395,0.00010963471751200973,1.8297654376570655e-05,4
0.036030200871035326,0.8627131625552551,4.068440365212311e-05,1.7074735941060128e-07,0.10118520671657456,1.5199961660384621e-05,1.5374744463009535e-05,4
0.12980340901872345,0.8619814002260137,0.00044045236847960347,3.3983859413335515e-08,0.007661091626565092,9.684126275403351e-05,1.6771513604456236e-05,1
0.19335951669508472,0.7996679575040022,0.0037059476530203147,3.118591186176962e-07,0.002384567053216715,0.0008650389736387198,1.66602619189303e-05,1
0.08892280644680704,0.07149768830506317,6.267377598139508e-05,3.832132870438856e-08,0.839354947812075,0.00016102217881014424,8.231599345511152e-07,4
0.10896404995960193,0.7603541072369467,0.010402035591424183,2.980867545150927e-07,0.11821992797175408,0.002054039974806453,5.541178712170845e-06,1
0.179269365218802,0.7326943793705701,0.0008329503021049022,4.306393702212812e-07,0.07167151353063198,0.015521888717485992,9.472221034750107e-06,1
0.07345764369897172,0.8761361696928937,0.0006724479707821172,2.5307913728309554e-07,0.04179329877061079,0.00793413831737038,6.048470234064627e-06,1
0.017959940597315677,0.9180450777495096,0.037660050457466315,2.2954652837537508e-07,0.019729771440467742,0.0066001206334262786,4.809575286001305e-06,1
0.02662903906737039,0.8694745762588435,0.0763405376838517,2.414340641627947e-07,0.017680362297994197,0.009868933919539854,6.309338336180917e-06,1
0.02338264806628534,0.8699117460456867,0.022670201331921158,2.740146941760567e-07,0.007209443099616366,0.07681432323468576,1.1364207110488354e-05,1
0.014447679632167138,0.8401978613145926,0.06642052433279028,2.2859808371403104e-07,0.008442947787907332,0.07048233680359349,8.421530865427165e-06,1
0.07045363413688192,0.7761172621657965,0.04918485999651179,1.951963398170233e-07,0.026349058634136904,0.07788965080711549,5.339063217715623e-06,1
0.032214144526265566,0.736382182637531,0.05778385894777613,2.948245595475661e-07,0.0018875639864662378,0.17170238654152573,2.956853587571281e-05,1
0.011026377080478933,0.8109502890939785,0.06627648743269286,2.80646328931981e-07,0.0022160805535830553,0.10949463534403106,3.584984890684159e-05,1
0.013751891624576688,0.5927275244415227,0.1123183706462998,1.6429883196732056e-10,0.005923979883792073,0.27527215392533516,6.079314174853397e-06,1
0.006315341920810991,0.07073875683472142,0.911938321416715,2.1403359422274423e-07,0.0011790879594274829,0.009819703524098722,8.57431063232978e-06,2
0.003235564891742187,0.050723384370606014,0.9356820089808869,1.5984693933793823e-07,0.0009410670800538262,0.009412130077081853,5.684752689999133e-06,2
0.001664057096612968,0.22509967105510248,0.7533379382665293,5.853577289204234e-07,0.003208627219888791,0.016685945590777834,3.175413359646898e-06,2
0.0004576399072918562,0.03746398449247575,0.9550780868626514,1.4241874376006624e-07,0.0003944265151405544,0.006603270555000012,2.4492486965700344e-06,2
0.0006317926744754292,0.03133589108727653,0.9388728492362596,1.929775353223707e-07,0.00026499297889806436,0.028888343118485916,5.937927069109008e-06,2
0.0008766544820733402,0.0472468200759855,0.9014146871304696,3.559780499264136e-07,0.00018056853274749538,0.050274470176295744,6.443624378380823e-06,2
0.0009903237166129842,0.044912191316673324,0.8898375335804327,4.1329827857600536e-07,0.0002938795422723008,0.0639608516872048,4.806858525378315e-06,2
0.002523087986503329,0.16817808742420598,0.055016602058672356,7.057481753007447e-07,0.0006684804517354776,0.7736087395037597,4.296826947754702e-06,5
0.001968309083432849,0.21856646644240335,0.05698586565971954,5.668934038966241e-07,0.0007011347233457268,0.7217739265968056,3.7306008890138177e-06,5
0.9779695675012431,0.0022649719092084145,1.1187455898387111e-05,1.3953517533357651e-07,2.4183867780099178e-05,6.332964841995926e-06,0.019723616765853044,0
0.9834000211381073,0.0028385270362426816,1.4006938799636577e-05,1.7470108298489373e-07,3.1134156815814095e-05,7.929010113449982e-06,0.013708207018838323,0
0.9828324089889247,0.002062127107685182,1.4165762000458443e-05,1.7668200012771922e-07,1.4561082917217063e-05,7.81172163283237e-06,0.015068748654839552,0
0.8862976340224413,0.0011824454362220971,1.1538410319488002e-05,1.3969771628859115e-07,1.1478504189504621e-05,6.791132296449507e-06,0.1124899727968149,0
0.8413030848290228,0.005251235190982071,1.4644596151923188e-05,1.9225586233413899e-07,1.5764013876205567e-05,1.1667294546945159e-05,0.15340341181955797,0
0.8502474039573823,0.005668504714263746,1.4671008503443769e-05,1.9260260657789847e-07,1.588222064644055e-05,1.1688337167832152e-05,0.14404165715942954,0
0.9395638553882144,0.012219981539229123,1.15715413895708e-05,1.3715847763603953e-07,1.103381011819476e-05,7.599469453955914e-06,0.04818582109311719,0
0.9133220284111492,0.01715455858263819,1.1551396054801719e-05,1.3691969324635695e-07,1.101460094016686e-05,7.534898070771336e-06,0.06949317519145366,0
0.9002284552124944,0.016568473791937332,1.1775530719148541e-05,1.3957638074479015e-07,1.1156853512219397e-05,7.681099607102336e-06,0.08317231793534907,0
0.5591680536637775,0.2534951079806408,2.108172064988848e-05,2.2198672952699776e-07,2.3670110486623274e-05,1.1726676890858757e-05,0.18728013786082476,0
0.6574240510038757,0.31655019904262266,1.7519486797659565e-05,2.1733652341954156e-07,1.610652016483702e-05,1.161705802549324e-05,0.025980289551990183,0
0.9333178911586842,0.06634741916606526,5.292440888831427e-06,6.24397141075666e-08,4.497653940400772e-06,5.848232829418489e-06,0.0003189889078775728,0
0.9203056945991489,0.07937618599323576,5.43597315450299e-06,6.598473415105462e-08,4.039887619375515e-06,5.8347804044779384e-06,0.0003027427817027126,0
0.5846943637267173,0.41434719009684534,1.864226000614226e-05,2.379420366426766e-07,1.3913545959012068e-05,1.2948613783171044e-05,0.0009127038146523433,0
0.6562883321972924,0.34361138919084133,1.6632461264777787e-05,2.1398196754962346e-07,1.1690641162636946e-05,1.1644726141955517e-05,6.0096801329298024e-05,0
0.7618709782486435,0.23807253159687639,1.53428905276773e-05,1.684203144576588e-07,1.5871908161372267e-05,7.825743752041598e-06,1.728119172463555e-05,0
0.8561358469752839,0.1438218478833181,1.4404919688647505e-05,8.606982369113984e-08,1.2609014739844107e-05,7.887703215893618e-06,7.3174339299211206e-06,0
0.8793057100836801,0.12066050794016851,1.1636436813345103e-05,7.799060255640588e-08,9.908145562832127e-06,7.1472985561253105e-06,5.012104616549648e-06,0
0.9156713997160533,0.08428451241546253,1.1096801208300279e-05,7.437381619186573e-08,1.721656099366927e-05,6.815845135921335e-06,8.884287329824032e-06,0
0.8441502523267606,0.1518045374645977,1.4401612262053307e-05,1.807956686633489e-07,0.004011935527498894,1.0474694644475347e-05,8.217578567596172e-06,0
0.8005725171893145,0.19767009032540456,3.0754400079623514e-05,2.2128187453994062e-07,0.0016647393508422799,4.63413585252365e-05,1.5336093959436362e-05,0
0.8362524049040218,0.1626756240577233,1.3339180042315404e-05,1.7314137201342688e-07,0.0009949513720223734,5.211790752975888e-05,1.13894372882923e-05,0
0.09361734488430223,0.8904531199429636,3.3358316982764664e-05,1.5618901052965347e-07,0.01585630408465352,1.711339202379786e-05,2.260319006341097e-05,1
0.13524944504581685,0.8505281462702733,0.000528513877717407,3.594637135267077e-08,0.013208646059705871,0.00045979034373512626,2.542245638006709e-05,1
0.026255792205393483,0.9477295562722147,0.001290801681777263,2.3783906190065044e-08,0.023955906425777086,0.0007216750869505604,4.624454398060487e-05,1
0.030808535426641446,0.8843334881584347,0.00586742493161438,9.960089488070499e-08,0.07608224145191954,0.002898168797100494,1.004163339441982e-05,1
0.011081962147929232,0.6759857878576566,0.0009414948504837214,1.492579890378751e-07,0.29877341385480893,0.013210976896294255,6.2151348381917085e-06,4
0.015548774427804817,0.7576308961792136,0.001027696549790976,1.69563330548287e-07,0.20730101032453965,0.018485625769698734,5.827185621703328e-06,1
0.03744776249143491,0.37410308244519924,0.007583463598108679,1.9224673724598542e-07,0.5651230420026393,0.015735899737811563,6.557478069116435e-06,1
0.03434529545037003,0.9232672034614106,0.0023253270230198047,2.0378596930365895e-07,0.02776058358448861,0.012289934578167737,1.1452116574085691e-05,1
0.02633285654802306,0.9399243137201663,0.0014645637715722795,1.627491738143147e-07,0.002924923413317792,0.029339315356470972,1.3864441276133269e-05,1
0.028194939435695687,0.9348325183701944,0.0008491222385004728,1.580914712607179e-07,0.0027215332543817253,0.03338602661991203,1.5701989844168586e-05,1
0.0562183245905657,0.9262006834568501,0.000825860127554641,7.665711408248207e-08,0.0025865106677041743,0.01415462943378974,1.391506642159887e-05,1
0.043741403527546,0.9479859078671867,1.9205075900352758e-05,7.696140721326281e-08,0.008143281484059694,1.2314321826686453e-05,9.781076207334972e-05,1
0.22396694537328263,0.775974536039844,2.7875214764677474e-05,3.142419657693659e-07,1.1150831457595436e-05,1.3154047848294442e-05,6.024250837008898e-06,1
0.2060018683488398,0.7939375661053174,2.147825568351498e-05,2.553202075070572e-07,9.767294438175335e-06,9.826746714312281e-06,1.9237928799527004e-05,1
0.5154068073070652,0.4845163195842279,2.8907091611241616e-05,3.462187400530911e-07,1.7589279030475013e-05,1.4449463563900626e-05,1.558105576110933e-05,1
0.5360510946904854,0.4638756281797097,3.038788445313831e-05,3.3146961007945254e-07,1.5892142117896034e-05,1.3833907582960244e-05,1.2831726040846884e-05,1
0.6067027427273406,0.39322895854105805,2.8323352316424027e-05,3.0894979092558885e-07,1.4812440825289645e-05,1.2894041340366074e-05,1.1959947328455933e-05,1
0.362843744396434,0.6369966031638616,3.345810146262931e-05,1.7537403294271922e-07,1.4810758049565648e-05,1.2761971744619001e-05,9.844623441437285e-05,1
0.5531314772330688,0.4467001093720474,2.2809685090367026e-05,2.0006584649623278e-07,1.689604097435031e-05,1.6200616060090712e-05,0.0001123069869124302,1
0.4946977375292781,0.5050518594610962,4.194864392161343e-05,3.286935993215154e-07,2.3004557831688274e-05,2.1588250282378058e-05,0.00016353286399083589,1
0.3306021601983613,0.6692489772472012,2.5935441717552382e-05,2.0312446236471838e-07,1.3238248487180452e-05,1.0727417739401817e-05,9.875832203081901e-05,1
0.80296714809013,0.1969586986419616,2.1191382617979367e-05,1.94251822861992e-07,1.4264913554551026e-05,1.262458641901404e-05,2.5878133493798916e-05,0
0.9635304457003535,0.03638839973482085,2.422637883006942e-05,1.8771405229615e-07,2.004789018524792e-05,8.979233580840373e-06,2.771334817735664e-05,0
0.7402656868495517,0.2596504149727048,1.839297684341759e-05,1.5815600155241888e-07,1.3103205708266456e-05,1.0589235771503413e-05,4.165460341856346e-05,0
0.06207466727382826,0.00011296860535850382,2.9235617600419807e-06,1.6682317244265047e-08,1.3946486647811923e-06,1.247666990865123e-06,0.9378067815610803,6
0.04088349256136241,8.572446459955411e-05,2.458071486875428e-06,1.1768147055945688e-08,9.240791132593517e-07,8.801372381524235e-07,0.9590265089180526,6
0.041459359515167576,8.363670990016972e-05,1.8815644385692507e-06,1.1481542707538672e-08,7.642247965618059e-07,8.587021593375307e-07,0.958453487801995,6
0.10085265992273743,0.0007943489321712491,6.2632466924564084e-06,4.611463552074563e-08,3.344962867148619e-06,3.5050789648870083e-06,0.8983398317419313,6
0.09666510427452567,0.0008702849925074482,6.150939957305623e-06,4.528775061387448e-08,3.335862334643022e-06,3.426244040033319e-06,0.9024516523988844,6
0.05634858952510014,0.0006555889604473886,3.969889558905957e-06,3.223984990642181e-08,2.426179736243018e-06,1.670509719796082e-06,0.9429877226955877,6
0.04665551993191333,0.0004355925092599184,3.493091410534626e-06,2.223173294492058e-08,1.8268234685900148e-06,1.2411649683282181e-06,0.9529023042472464,6
0.041252496869897674,0.0010428742382596725,2.562067397069822e-06,1.9618626259030773e-08,1.131796770027225e-06,9.580184413613668e-07,0.957699957390608,6
0.35940405710420603,0.010428885922516009,1.865808844506056e-05,2.4894847933028335e-07,9.523543480151974e-06,8.831053216015203e-06,0.6301297953396574,6
0.13625813932387507,0.006504124372832284,7.16930820657682e-06,5.053767066372295e-08,3.6925909033348247e-06,3.3076437744199904e-06,0.8572235162227377,6
0.9325663467280814,0.06194939530138556,2.282640560156667e-05,1.5898349830260829e-07,1.084273651085691e-05,8.791026683495177e-06,0.005441638818238716,0
0.9413241346502921,0.05440603606593952,1.3973314400658096e-05,1.587582994285211e-07,9.501978235890581e-06,8.609302405648005e-06,0.004237585930426871,0
0.9324956351220259,0.06347673256730446,2.1767467168134415e-05,1.5541021906001492e-07,1.0479496475048075e-05,8.805125816283866e-06,0.003986424810991235,0
0.5922304436804041,0.4006503269268456,3.088272032609091e-05,2.482084919582386e-07,1.2578584462765673e-05,1.084467028200739e-05,0.00706467520918744,0
0.5131847234284176,0.4797727197621659,3.2222460804472065e-05,2.574964797571833e-07,1.3049276412490825e-05,1.2291417835257562e-05,0.006984736157884311,0
0.46695367397588833,0.530066941769209,2.4363564679757513e-05,1.9302048646255845e-07,7.92864020357732e-06,1.1897636260502961e-05,0.0029350013932723643,1
0.48108329102209496,0.5176868858766601,2.5100785217877153e-05,2.139074543954619e-07,8.128828608288504e-06,1.1767539244974373e-05,0.0011846120407193667,1
0.4568135350350739,0.5431382007187303,2.2942916463966726e-05,1.6427637769198232e-07,9.500406590194885e-06,1.0125871216013835e-05,5.530775547934219e-06,1
0.34844894490820755,0.651488869188527,2.9943473480626882e-05,2.1339672961473798e-07,1.1573973718065678e-05,1.3153612420459549e-05,7.301446916707681e-06,1
0.21376069280843846,0.7861795503861758,3.2241275062387396e-05,1.8502882482304943e-07,9.36703487628521e-06,1.1251734734379313e-05,6.71173188758322e-06,1
0.2474180211005557,0.7525094611223778,3.517752686159305e-05,1.7221034959412574e-07,1.6560710753143194e-05,1.2799638468783652e-05,7.807690633449579e-06,1
0.25168886224279013,0.7482337290772522,3.6541930257654106e-05,1.775024626030907e-07,1.9282637676297318e-05,1.3296088098795285e-05,8.110521462279207e-06,1
0.21325986487567114,0.7866717230644054,3.1856898075763713e-05,1.6459664723312013e-07,1.7728491956744514e-05,1.1591399807922695e-05,7.07067343578554e-06,1
0.5045904132853019,0.4953369922965081,3.190180423223017e-05,2.0681201109188518e-07,1.5559430667985436e-05,1.215041847424205e-05,1.2775952804481488e-05,1
0.3442899283973076,0.6556279156239816,1.857469542782326e-05,1.7403251555505685e-07,3.0484766259180546e-05,1.0224589379286541e-05,2.2697895128946903e-05,1
0.2970031398826222,0.7017696700454643,2.7151542460004424e-05,2.3619778849893891e-07,0.001162298895264945,1.7709974388196945e-05,1.979346201195837e-05,1
0.2330690501670809,0.7658223519894385,2.0779499117749252e-05,2.030830501021492e-07,0.0010519969303284368,1.2261479078662078e-05,2.335685190560758e-05,1
0.20079761433067878,0.7975077196881869,2.926977709781854e-05,2.0343848968241903e-07,0.0016214892485801411,1.5449986671805203e-05,2.8253530294982536e-05,1
0.21086005655764342,0.7861645089059498,3.2329229609521204e-05,2.597240524968774e-07,0.0028961953467038773,1.7064911868223936e-05,2.9585324172662606e-05,1
0.21128471463917387,0.7857322337979487,3.239433852036694e-05,2.6024711940514454e-07,0.0029020280908458795,1.70992794618486e-05,3.126960692978152e-05,1
0.11217572493550632,0.8852802770308315,3.202822111575639e-05,2.119482716949791e-07,0.002462513893147121,1.550844429000323e-05,3.373552683770422e-05,1
0.36578270558511755,0.62800114087641,3.961709200081449e-05,2.537798387446071e-07,0.006137186827355787,2.0508749643846202e-05,1.858708963331945e-05,1
0.0491800788080195,0.9333109644368484,3.787052245146702e-05,2.0109405825093262e-07,0.01744208230389318,1.4534418593940626e-05,1.4268416135038066e-05,1
0.05066511279938775,0.9360343099037589,0.000274523712929623,2.0716626307863482e-07,0.012911702285632827,9.944486902434286e-05,1.4699263003873587e-05,1
0.028819138690604422,0.8995919941254614,3.716574312685164e-05,8.17861063312182e-08,0.07151480470064384,1.2923530021276425e-05,2.3891424035877668e-05,1
0.3510128120211359,0.6443475281444405,0.0007917041907727282,2.6831108097517214e-07,0.0035341213021743605,0.0003056437942217292,7.922236173687767e-06,1
0.1389765916605706,0.8254441739683959,0.028911015830502346,4.988380439226929e-07,0.004888895986102801,0.0017366293866376452,4.219432974676188e-05,1
0.4586317097883873,0.35900494867779525,0.00019392898915642794,1.4192646967587605e-07,0.18163002030925376,0.0005362016624672995,3.0486464702380172e-06,4
0.3133242351833948,0.5955548294202708,0.010259056706457494,3.5777259396815494e-07,0.0784986338611031,0.0023562363685816568,6.650687598378701e-06,0
0.0563318839737846,0.903742053096985,0.013513361037859365,3.4602503345257136e-07,0.022774335177580478,0.0036308639933284714,7.156695428293724e-06,1
0.06154016682198624,0.9000031896894929,0.012450405225734025,3.801984052656835e-07,0.021545019680776167,0.004449574881389261,1.1263502216366262e-05,1
0.03846657107203453,0.9257972813649208,0.010588007434351303,2.6664859409977736e-07,0.016038479887130863,0.009103806636383698,5.586956584819608e-06,1
0.0346273858914846,0.9300779136538811,0.013147719847371096,2.4086359290642855e-07,0.008924074029483689,0.013214799384576833,7.866329609576394e-06,1
0.030300797772627792,0.9262523440772978,0.02374035208392558,2.7184597920589917e-07,0.009268852611698578,0.010427544232331679,9.837376139094458e-06,1
0.023831541075639655,0.9320455763409671,0.01874866170987387,2.7927514544433497e-07,0.008762467634100352,0.016599891590550066,1.1582373723366919e-05,1
0.021045590049740097,0.925407884199322,0.018970041171939057,2.7574262625432985e-07,0.008651632188933871,0.0259131407778281,1.1435869610448068e-05,1
0.07743687919912859,0.7742637647922991,0.04580692427964651,1.9374505350227463e-07,0.020560460964696617,0.08192647765193474,5.2993672408919174e-06,1
0.0326765978541096,0.8875216198816035,0.0235863333659353,1.7863790070661947e-07,0.003325956000215357,0.05288506259930944,4.251660926052989e-06,1
0.028649587276026255,0.8817304274699527,0.039459372085027124,2.589357621957423e-07,0.003313351076440067,0.04684260327439907,4.399882392770855e-06,1
0.03340574447849429,0.757271079671738,0.06398138978513968,0.0,0.0023716989321130345,0.14294287410398546,2.7213028529636232e-05,1
0.010611824640252352,0.7910896415515535,0.12509478588183692,2.700977633576685e-07,0.002406999134123409,0.0707619766719838,3.4502022486829526e-05,1
0.010132433711001958,0.7587224346149504,0.12947712067268058,2.6273531968252443e-07,0.002408779458334059,0.09923293627263963,2.6032535073766704e-05,1
0.010270666864229198,0.7425481228647096,0.14410059189811342,2.663197232660825e-07,0.0024672287910414378,0.10058673557458515,2.638768759806478e-05,1
0.013000797847440479,0.5955339832444978,0.09031254925264727,2.1520832960947806e-07,0.006055371619270735,0.29509105679071357,6.026037100534408e-06,1
0.0076497920055749,0.4826359184921303,0.24826084734397155,1.7678540512008727e-07,0.0019461161372086799,0.2594867655332379,2.0383702471612642e-05,2
0.002160051580442784,0.338991263188511,0.07786101355786686,6.267108512410669e-07,0.00042236978160969284,0.5805463854086238,1.828977209458357e-05,5
0.002882328256831992,0.17644378039594685,0.29249270201473826,5.269205347597691e-07,0.003955890262194165,0.5242224299058887,2.342243865186493e-06,5
0.002600976433675634,0.12160481222586281,0.748754398645704,4.3407685957035945e-07,0.0019441862713377785,0.1250827002985884,1.2492047971742364e-05,2
0.0030145474060984242,0.15473763697670148,0.6514224481615472,1.075252242668773e-06,0.0008356975734875048,0.18997528951937162,1.3305110551075781e-05,2
0.9810892803317478,0.00215169819878346,1.1403878960568841e-05,1.4223450485067509e-07,2.4767492757959143e-05,6.455477024948216e-06,0.01671625238622077,0
0.9174245780545884,0.0008967351687982428,1.084882810261656e-05,1.3531165130051386e-07,1.1165266674827746e-05,5.982595583445977e-06,0.08165055477460113,0
0.9515949119457564,0.0031293876395776204,2.2326463643921025e-05,2.632031702110858e-07,2.0800397610476032e-05,1.2987026682350068e-05,0.045219323323558956,0
0.9425139805620072,0.002644557105033714,1.8867463817227027e-05,2.224255650038526e-07,1.7577828515912203e-05,1.0974969432264675e-05,0.054793819645628676,0
0.924849607948972,0.0025631946792645487,1.8597772414227595e-05,2.1558242159532318e-07,1.8198959106718993e-05,1.0746726885397036e-05,0.07253943833093555,0
0.9360162745607156,0.0028738901174616602,1.8822322570799885e-05,2.1818537131667956e-07,1.863305468486239e-05,1.0878064666452643e-05,0.06106128369452934,0
0.7157298531305235,0.0029136398560557263,1.4512969506791095e-05,1.8119742788806634e-07,1.4450840589442149e-05,8.353985204007366e-06,0.28131900802069254,0
0.8754005904066072,0.0030741683446233814,1.5250683273242019e-05,1.9118059350503921e-07,1.7486430756021935e-05,8.814252321622667e-06,0.12148349870182495,0
0.8505482925788219,0.005315119951505855,1.4676200332907974e-05,1.9267076548377592e-07,1.7394983915143045e-05,1.1692473478794093e-05,0.14409263114117984,0
0.9364156036978359,0.007478414766347122,1.1615718737762894e-05,1.3768211555254812e-07,1.0324811672421278e-05,8.355416456462835e-06,0.05607554790683486,0
0.6063809947098747,0.3429514081891508,1.685426234566318e-05,1.2656977959042624e-07,1.3638293443894135e-05,1.2176526140074932e-05,0.050624801449265164,0
0.6567128508834177,0.281067741712696,1.8264846701023885e-05,1.7954719754220534e-07,1.528283629956044e-05,1.1734466703284315e-05,0.06217394570698487,0
0.7032259282484898,0.2584671057906754,1.829626235683264e-05,2.2697274744012712e-07,1.546580199057551e-05,1.213213285890124e-05,0.03826084479088094,0
0.9296915906418693,0.06981206753091417,5.421906705583985e-06,6.72610086874316e-08,4.305342122618869e-06,6.3333704410271635e-06,0.0004802139469385756,0
0.5198289284771397,0.47687204311089526,1.8424223708752008e-05,2.3515911222010279e-07,1.3891429284205398e-05,1.1804151764046008e-05,0.003254673448095943,0
0.7043839580225859,0.29554491890229423,1.4592721161750819e-05,1.862554106766908e-07,1.5436904099680998e-05,9.470501098847408e-06,3.143669334904911e-05,0
0.80644188333182,0.19351026942835506,1.6416788146365686e-05,9.809079757980616e-08,1.4003592609060739e-05,8.989342214714626e-06,8.339426057141884e-06,0
0.8251339374216187,0.16737043400291834,1.654001444036839e-05,1.8588135714985915e-07,0.007457434911805558,1.2030014246014033e-05,9.437753613950156e-06,0
0.8373661005331998,0.16132264455108003,1.521006883143655e-05,1.8291052495379654e-07,0.0012406363720819144,4.2548823348192386e-05,1.2676740933677045e-05,0
0.8991153761932791,0.10005461511164854,1.2338296451989905e-05,1.1611337000005885e-07,0.000771900711622847,4.218084490370016e-05,3.4727287238723075e-06,0
0.14260161409882918,0.8411472463913473,0.0008637161368848738,3.5685863955128055e-08,0.014350168549613074,0.00101198092048337,2.5238216978383484e-05,1
0.04506647117846534,0.9062602232976301,0.0028647775450436385,9.182103113983448e-08,0.04320964739854879,0.0025928294162748796,5.959343006241554e-06,1
0.017294739798729294,0.9244416244773269,0.0022531122877141865,1.9472158584448056e-07,0.019883323530416053,0.036115568337265536,1.1436846962226578e-05,1
0.01470670829055269,0.9231246415235718,0.0037193311550523015,2.3657035431375548e-07,0.023075424524315706,0.0353589883413383,1.4669594814792523e-05,1
0.11707814375298857,0.6938629950232749,0.02023011464195447,4.1709493910244435e-07,0.09441923683393005,0.07440109421814949,7.998434763254945e-06,1
0.01964926874584779,0.9494171299021618,0.0015862939436344502,1.4698199991979552e-07,0.0033383647268468764,0.025996274448194766,1.2521251314379281e-05,1
0.02388279365935873,0.9411361176406353,0.0007458766111651347,1.4230109801173705e-07,0.004261201757788182,0.02996174554004781,1.2122489906854959e-05,1
0.030193133683812552,0.9412756582590734,0.0008059434049766727,8.045812978145013e-08,0.0033083154219406513,0.024402263732032775,1.4605040034012326e-05,1
0.07266921074790768,0.9163093917747726,0.00014790717352672513,8.376877127918389e-08,0.01003398970437746,0.0007329545445006174,0.00010646228614376336,1
0.13787123409527466,0.8616420087677785,2.251151660828918e-05,7.5414527374472e-08,0.0001544840870899386,1.1023809626667957e-05,0.0002986623090944777,1
0.12986792205126055,0.8700642651839312,1.7852434783625746e-05,2.384429997993907e-07,6.264424019374109e-06,1.1578199706314325e-05,3.1879263299458724e-05,1
0.15312709473716482,0.8468301877022306,1.941749419801985e-05,2.3484801493406792e-07,8.979421895664905e-06,9.034078492071448e-06,5.0517180041399925e-06,1
0.19240962358030655,0.8075291371841025,2.148280253529812e-05,2.5969108362670663e-07,9.934502644804358e-06,9.994972695979807e-06,1.9567266631429887e-05,1
0.19286091069976619,0.8070768673152133,2.2004700747384884e-05,2.6498139379732726e-07,9.789317526741629e-06,1.0197103149800242e-05,1.996588220276887e-05,1
0.5066570909659274,0.4932705160279488,2.3784762329764843e-05,3.3745270636731416e-07,1.6178998630892687e-05,1.4371019112632177e-05,1.772077334413375e-05,1
0.35244018677148164,0.6474190481083603,1.906503971807763e-05,1.672212174157695e-07,1.4122233208309168e-05,1.3540975573283806e-05,9.386965044104664e-05,1
0.546474106636632,0.452737264034738,2.3436231983248624e-05,2.0556134693814286e-07,1.7360149178060238e-05,1.6645622013263833e-05,0.0007309817641085386,1
0.4962533337275019,0.5035901626958234,3.153875005726377e-05,2.3596644479408122e-07,2.0100239333941487e-05,1.8862740186168688e-05,8.576588065252953e-05,1
0.4521271737806058,0.5476829977680188,2.9317551829491096e-05,2.76480380853597e-07,1.6621703653227728e-05,1.4649097184796165e-05,0.00012896361832705628,1
0.4024496112264929,0.5973605743571077,5.6916793184742214e-05,5.748900942280699e-07,5.494593360873577e-05,2.7057211586743472e-05,5.031958792506387e-05,0
0.9658970816145876,0.03401824792013383,2.9195983901408197e-05,2.2728961405728854e-07,1.579782504635423e-05,1.1605483122396965e-05,2.7843883594517304e-05,0
0.9666501066232205,0.03328743036076712,2.4721028076903713e-05,1.9549620756324065e-07,2.0943834312629626e-05,1.0685825926912642e-05,5.91683148835837e-06,0
0.7472554649075537,0.25200262936905765,2.368732503424296e-05,1.7602774408736143e-07,1.4583877427972978e-05,1.7567992245828626e-05,0.0006858905009365939,0
0.7465092112442062,0.25278491785006196,2.585924851815006e-05,1.9216797058612565e-07,1.4768176144126367e-05,2.1873277165582232e-05,0.0006431780359336548,0
0.6095682124918733,0.38868918874208275,3.5405948429851674e-05,2.3715824044824699e-07,2.062327255735118e-05,2.4430039070467352e-05,0.0016619023477457185,1
0.6333208292032046,0.3619702119913896,2.759715454744672e-05,2.2423515287922061e-07,1.5914491975798523e-05,2.363921105395977e-05,0.004641583712675473,1
0.35866855607620407,0.6361434382164572,4.16023243570427e-05,2.6546382795465304e-07,1.5999391214941458e-05,2.4132256412695495e-05,0.0051060062715259195,0
0.04147299429511217,0.00028520599506513616,2.0845295550215213e-06,1.2639056807922628e-08,1.029266159764768e-06,1.2510097782381603e-06,0.9582374222652729,6
0.03387838808440438,0.0001542328567699295,2.029169765173111e-06,1.1930006201854862e-08,7.760308444036914e-07,1.0682098711801625e-06,0.9659634937183388,6
0.030469208085414652,9.283360139525877e-05,1.7651867294467702e-06,9.58589432957115e-09,7.304406769193043e-07,7.640129400939334e-07,0.9694346890869493,6
0.04793346168517827,9.49913808431125e-05,2.260402213692252e-06,1.289822139003202e-08,9.492534557259837e-07,9.646552594331983e-07,0.9519673597248285,6
0.11022733724293919,0.0009941698366066132,6.9062582254047376e-06,5.219020449551034e-08,3.7856592401741703e-06,4.132786651544618e-06,0.8887636160261326,6
0.06440829207432253,0.0006382544497675632,4.164860049439366e-06,3.066476742902907e-08,2.3389401034266967e-06,1.7647605070463725e-06,0.9349451542504826,6
0.11964202128276732,0.006562746495626133,5.948502965966718e-06,4.4374810188466794e-08,3.3015080816059878e-06,2.9042902597865537e-06,0.8737830335454889,6
0.9227491983048631,0.05465108947152561,1.3057192205871941e-05,1.4289522367898508e-07,8.678112140403907e-06,6.067868622066062e-06,0.022571766155419306,0
0.9192058541328996,0.062324926523173854,1.470955208472677e-05,1.5448277135913216e-07,1.000286037781031e-05,6.55991947698487e-06,0.018437792529215683,0
0.9414593418968401,0.05381638790405354,1.581044419048409e-05,1.5372704620135717e-07,1.0372169978289377e-05,7.604251940707356e-06,0.004690329605950754,0
0.3555428632155309,0.6381549219642697,2.954533740857845e-05,2.374597692543635e-07,1.2729393724317206e-05,1.0459540463118513e-05,0.006249243088833993,1
0.3367219205133164,0.6573019959809994,3.394613572023171e-05,2.4694839614665584e-07,1.3238046065698666e-05,1.0819844181554263e-05,0.005917832531320772,1
0.45943492167625727,0.5404982150676113,2.369512047752522e-05,1.778184093445414e-07,9.614979396490955e-06,1.0432235663938387e-05,2.2943102184241978e-05,1
0.4226683624749727,0.5772771252457581,2.624850493352076e-05,1.8706397284582425e-07,1.014576703787026e-05,1.1530481282855635e-05,6.400462041888307e-06,1
0.36314044973959353,0.6367842993355506,3.738917821745803e-05,2.4678109754324e-07,1.3384637816321996e-05,1.5521821034015554e-05,8.708506690356961e-06,1
0.39941727039678077,0.6005089174670104,3.666575315723334e-05,2.4200624987704616e-07,1.3061832021815447e-05,1.522149685328546e-05,8.621047926589895e-06,1
0.42011917172151625,0.5798112507591845,3.26071933678169e-05,2.1138488554974028e-07,1.1093608977868253e-05,1.2605356756463549e-05,1.3059975311637098e-05,1
0.37003263624335453,0.6299045530017777,2.5182662331445017e-05,1.6325336973111768e-07,1.2077823904235834e-05,9.691016788185907e-06,1.5695998474117915e-05,1
0.3690652491865361,0.6308701182290279,2.4765932462577432e-05,1.6055180647045764e-07,1.2087356645625494e-05,9.673599888302575e-06,1.7945143632928964e-05,1
0.26536539492765465,0.7345447548581171,3.362848654396581e-05,1.8026633100918418e-07,2.3321502594744346e-05,1.2571289781990272e-05,2.0148668976428904e-05,1
0.2366194345089716,0.7632795818674923,2.5598142613988362e-05,1.9831882280873177e-07,4.473774934175184e-05,1.3830222076382802e-05,1.661919068111245e-05,1
0.28385822437329994,0.7159553097440523,3.070856510472191e-05,2.3791126463940235e-07,0.00011936631458767065,1.621603974445648e-05,1.9937051946098724e-05,1
0.27311938170960226,0.7259753682730644,3.113834279545696e-05,2.412409205047249e-07,0.0008358335489447523,1.7820806333675043e-05,2.0216078338775775e-05,1
0.16949562026101495,0.8295412216921355,1.77431326920829e-05,2.136483402267174e-07,0.0008962580202661824,1.2447299943004661e-05,3.6495945608168464e-05,1
0.20039273249864767,0.7986054099916524,2.4130791017348212e-05,2.1170964117991388e-07,0.0009392950269178464,1.2782323954524351e-05,2.5437658169176756e-05,1
0.27599093091132293,0.721258834488896,4.173145457847582e-05,3.3525891679519144e-07,0.002645857492628609,2.202785538399432e-05,4.028253827305467e-05,1
0.12974618856624534,0.8696409993888278,1.169978266333058e-05,1.3879209964944094e-07,0.0005690689694400556,7.97722037919218e-06,2.3927280344678854e-05,1
0.05036328471464725,0.930458057776811,4.060606741363704e-05,2.0593210819467243e-07,0.019108349717203637,1.4884096966699705e-05,1.4611694849883221e-05,1
0.05046926959928272,0.9333603226464444,4.05757004287294e-05,2.0577810319936358e-07,0.016100152542161735,1.487296599104162e-05,1.4600767588386518e-05,1
0.05140070645385654,0.9280575068841637,4.14425024737683e-05,2.101740564125617e-07,0.02046956924451232,1.5652063139609008e-05,1.4912677797477826e-05,1
0.04040178705668155,0.8919181138474284,0.0005286406952424554,2.3325124638098768e-07,0.06689629983735276,0.00024322546780674957,1.1699844241662562e-05,1
0.04019979087713488,0.9519205727980085,2.8200303289611247e-05,1.8354846837912578e-07,0.00782351308905199,1.3315542599071124e-05,1.4423841447708435e-05,1
0.11635956754766354,0.8783925655800896,7.223455490692621e-05,3.0299900059182433e-07,0.00513013673785626,2.6668839978946438e-05,1.8523740503966656e-05,1
0.259216511874371,0.6559215442333074,0.010054873869246885,2.612251708038978e-07,0.07341382160549462,0.0013873918396736594,5.595352735722913e-06,0
0.439596505182034,0.3919922651558033,0.000246804097645862,1.5932588193498871e-07,0.16746377343360525,0.0006970704111049659,3.4223939247410454e-06,0
0.29442217870957554,0.6410649337474061,0.0007193338113240279,3.753488345899323e-07,0.052257090709537775,0.011527831607174192,8.256066147748583e-06,1
0.08628455237033122,0.8507541684955873,0.0030646830622932946,5.538939946502066e-07,0.005741137850880262,0.054090480358351886,6.442396856155627e-05,1
0.032945970497687035,0.9359376719634911,0.013945715692313922,2.742435145695414e-07,0.008591440973264064,0.008569699909676712,9.226720052614653e-06,1
0.015242013190940687,0.9067598384649744,0.03874981388394591,2.2732671164391396e-07,0.003719381315111232,0.03551377932705195,1.4946491264080665e-05,1
0.04249910674321802,0.6270365637938097,0.243586103193199,1.621649305099708e-07,0.05488256846169992,0.03199106006398956,4.435579153281269e-06,2
0.022739809258372358,0.3313380930819789,0.5624985651289414,1.326479380600484e-07,0.04202895880907398,0.041381385536781334,1.3055536913782624e-05,2
0.06553637922549695,0.7567369883027848,0.06051841852507491,1.752606537732225e-07,0.03384670654472153,0.08335653836434077,4.793776927121454e-06,1
0.0388517239871626,0.8511693714579256,0.05787210448499279,2.2829100705859077e-07,0.02132382331391326,0.030778284298481572,4.4641665170110825e-06,1
0.02945444126180425,0.8789793371145745,0.03509010892474621,1.9061877520912653e-07,0.003792759037525707,0.0526786262315439,4.536811030150502e-06,1
0.025115124401090937,0.8603487185971591,0.04570560912081153,2.2422189170079852e-07,0.0037654936697667034,0.0650468632994021,1.796668987807044e-05,1
0.010853913641953873,0.7920996551363093,0.08775005175683961,2.8201998141651645e-07,0.00279017348684153,0.10647431956682869,3.160439124550538e-05,1
0.011137197674662704,0.7071971275774398,0.07839976025944301,2.733517338735436e-07,0.005300675515665607,0.19796004765751127,4.917963543740031e-06,1
0.004893554953053321,0.5281306663467625,0.049787672607709096,1.8066980853812052e-07,0.002008855998232977,0.4151660349111106,1.3034513322947999e-05,5
0.0023927349180303294,0.12722663933013756,0.11379158805575498,4.39154811438391e-07,0.0035111314025382053,0.7530755150271752,1.9521115521293164e-06,5
0.002486339988721853,0.13220381355809008,0.1267628616818887,4.5633478271705277e-07,0.003648488742319231,0.7348960112149965,2.028479200905566e-06,5
0.0035976082209617307,0.12369693421079095,0.32264906514259584,5.821342560841309e-07,0.004060461062509823,0.5459859356498021,9.41357908343712e-06,5
0.0009734125023953465,0.05919558939018988,0.9307615402504483,1.5062357530840172e-77,0.000782367219445118,0.008280603271486007,6.48736603539067e-06,2
0.002082712380351148,0.027963098989558028,0.9641757358270877,1.0393773450816694e-07,0.000610203346171203,0.005165900477491377,2.2450416058092495e-06,2
0.0016963392558578781,0.026674471537511416,0.9658038750520112,9.909600875209307e-08,0.0005820832589269194,0.005240990216648441,2.1415830354514753e-06,2
0.0012793808579038496,0.0314111774260343,0.9524562703678576,1.105355547131925e-07,0.0004644489749883713,0.014386223032382585,2.3888052785273405e-06,2
0.00032212386104713296,0.07177353980903413,0.9073615533771967,2.3131610007340731e-07,0.0006084942921775564,0.01993295181387373,1.1055305706121886e-06,2
0.0010017598501412817,0.053358166399853316,0.8976385979390978,3.713174395228583e-07,0.0003014825914908664,0.04769484120129427,4.780700683021229e-06,2
0.001998277822640417,0.12285441404590366,0.04333198054301768,5.016889020976873e-07,0.00047796875224528787,0.831333806061949,3.0510853418095373e-06,5
0.0012008515717311895,0.20745370917397182,0.03499035434460024,4.4278266889926517e-07,0.00026268883587881177,0.7560888522861865,3.101004962504836e-06,5
0.9703997852737074,0.0034385225193054657,1.677944443190306e-05,1.9158034242815016e-07,2.9387251369588883e-05,9.498462619261485e-06,0.026105835468224182,0
0.9892069077626074,0.0026597281750797594,1.4975013992850362e-05,1.6369665911194895e-07,2.7959314218131028e-05,7.429561645870567e-06,0.008082836475796799,0
0.9882334339227247,0.0017037659874367165,1.1670806384532284e-05,1.4556374835718588e-07,1.199650110389128e-05,6.435876213626806e-06,0.010032551342388155,0
0.881602555226993,0.0024736485074218348,2.0060072808137358e-05,2.0805096847293227e-07,1.6441834131446698e-05,1.0371285932662783e-05,0.11587671502174453,0
0.9358121824465684,0.003288667217772686,1.8985854076891884e-05,2.2382124916426767e-07,1.93038744189558e-05,1.1159052540700673e-05,0.0608494777333729,0
0.888211604421209,0.004729802843480789,1.9098401994600347e-05,6.423985267943335e-08,1.9852174571999247e-05,1.1038071613194248e-05,0.10700853984727796,0
0.6995561133826018,0.2268712162733406,1.8115485842628127e-05,2.378220823671522e-07,1.738235508820144e-05,1.2890449445451737e-05,0.07352404423159899,0
0.7004925929883663,0.2410941531038695,1.9955028476147416e-05,2.365286727867562e-07,1.669707052821484e-05,1.2820343967262297e-05,0.058363544936119796,0
0.9339222179684128,0.06554250549037058,5.270964875011504e-06,6.538851247369622e-08,4.456410569173768e-06,6.157054141250605e-06,0.0005193267231186587,0
0.5443857224855313,0.4540256448351964,1.664137630310394e-05,2.124035910234644e-07,1.2547204471719833e-05,1.0661905464767272e-05,0.001548569789441616,0
0.5758379966730751,0.4240445523543534,1.7797016415535678e-05,2.2715369974887537e-07,1.3412441133283491e-05,1.2361521187967496e-05,7.365284013503456e-05,0
0.7253779153691962,0.27457354287317415,1.4717591539192936e-05,1.6155635019482215e-07,1.7539861321133055e-05,7.506805828091604e-06,8.615942591163723e-06,0
0.8089739143323487,0.19098013218345275,1.386132538716871e-05,1.2998604726103975e-07,1.9536750315228836e-05,8.995834008995255e-06,3.4295884398631133e-06,0
0.7627888628483037,0.23713892678490373,1.419349152090146e-05,1.820355407022857e-07,3.5515853775951746e-05,7.676603211259634e-06,1.4642382743744882e-05,0
0.7772218789118959,0.21828809417545722,1.6832832010910445e-05,1.60937258994912e-07,0.004454132093485014,1.2022675627944514e-05,6.878374264077662e-06,0
0.9119343694403802,0.08659166565182977,1.7368116628160956e-05,1.9620582131961263e-07,0.0014403190852467363,1.2515947892166237e-05,3.565552201530022e-06,0
0.8726268371815359,0.12583995205328746,1.8600461069846604e-05,1.4654155003809951e-07,0.0014546477115213664,5.278323532996104e-05,7.032815705671406e-06,0
0.8624375819843562,0.13561895265221938,1.8676944297137997e-05,1.7715746533011581e-07,0.0018650899280069418,5.499372653387344e-05,4.527607121264849e-06,0
0.8595942066595953,0.1380647847003334,2.3035420717209066e-05,2.191985368270396e-07,0.002233733166257015,8.107344781113437e-05,2.947406749330901e-06,0
0.0983728346992027,0.8770094698221348,0.0034638734182313676,2.7507373919521434e-08,0.019944334609620282,0.0011900058236664192,1.9454119770207943e-05,1
0.025453121952041146,0.9438924728963475,0.0007224670586303377,1.4271786278364012e-07,0.0031049703823589326,0.026814666999073703,1.2157993685894745e-05,1
0.058690071576211304,0.9306737444616795,0.0008298485965743576,7.702732752959953e-08,0.002599002150611638,0.007193273918739267,1.3982268856343092e-05,1
0.06976307545191383,0.9220947177382806,0.0002504773871112371,7.488335227874313e-08,0.006906493686131509,0.000889991104914514,9.5169748295984e-05,1
0.15373834603610714,0.8462111815059092,2.1515896208884624e-05,2.6022747645261465e-07,9.949806476193733e-06,1.0010369679839958e-05,8.736158142180187e-06,1
0.16022923868402789,0.8397186079311872,2.2219461694231764e-05,2.720904932470658e-07,1.0051951936068887e-05,1.0470677906700411e-05,9.139202754554589e-06,1
0.4252543042030808,0.5746763914180654,2.321413376367203e-05,3.293567602616201e-07,1.579084260639416e-05,1.2674417661341645e-05,1.729562806232598e-05,1
0.6177290647628463,0.3813517290726037,2.491444312468782e-05,1.8425855905459315e-07,1.5561077606115916e-05,1.4583132474955919e-05,0.0008639632527852241,0
0.48455388267474725,0.5152541181321638,2.9331917922596732e-05,2.5715859327767163e-07,1.662984856736126e-05,1.675345533832077e-05,0.00012902681266739211,1
0.46197515032021635,0.5378396009620972,2.684918315160311e-05,2.1232585740288058e-07,1.715561573261482e-05,1.4385811895630526e-05,0.0001266457810491163,1
0.7795054945264459,0.2204166149818559,2.1281263838242356e-05,1.9802365575114407e-07,1.6162145949800357e-05,1.4537493130469955e-05,2.5711565123875554e-05,0
0.7673221504325141,0.2326170613712991,2.2938515674822094e-05,2.139687144435193e-07,1.7572996616578378e-05,1.4555051768926838e-05,5.507663411939723e-06,0
0.7714477405553697,0.2284951166491056,2.2046242417297426e-05,2.075386146788411e-07,1.603037384669963e-05,1.312460837774793e-05,5.734032268343648e-06,0
0.659008742211456,0.34092743445663626,2.4668949209557812e-05,2.643176722211478e-07,2.3181532685597083e-05,1.1318121264474854e-05,4.390411075680842e-06,0
0.6956679162304422,0.30425300980277065,2.515471278243468e-05,2.107705667761852e-07,1.3920645327415317e-05,1.2588203398079414e-05,2.7199634712426082e-05,0
0.7723163142303772,0.2276128683350603,1.9484913699725203e-05,1.8107107870528684e-07,1.4197234572331706e-05,1.1270728625337437e-05,2.568348658658551e-05,0
0.7402649252523255,0.25965014784018825,1.8392957920427648e-05,1.581558388389847e-07,1.3103192227478003e-05,1.0589224877127602e-05,4.2683376622285257e-05,0
0.7490546009820437,0.250856800973664,1.9891454106858368e-05,1.595071089424575e-07,1.2258177436737944e-05,1.185403249423481e-05,4.443487314564018e-05,0
0.4683296282935766,0.5263058471633628,3.21385474461871e-05,2.3559924391413974e-07,2.268623611839817e-05,1.9484581010863327e-05,0.00528997957924115,1
0.6385042218787321,0.35899463041843044,1.9160896127265207e-05,1.6764530044137904e-07,1.6142839878293302e-05,1.7673422692439483e-05,0.002448002898839118,1
0.5966996762982228,0.3997533180911522,2.2757955269985553e-05,1.84415918487158e-07,1.2485027440306612e-05,1.9441406768081053e-05,0.0034921368052280187,1
0.5971396010897269,0.38629597603760235,4.456732896955484e-05,3.8047634801005467e-07,2.2295108956582705e-05,2.9992043965650277e-05,0.016467187914430942,0
0.7185183805388697,0.2725531363971068,4.009435352071368e-05,2.76031802005492e-07,1.827281983929452e-05,2.5092948728189125e-05,0.008844746910133542,0
0.6938444629596163,0.2974219394843651,3.881835951510666e-05,2.665528713108751e-07,1.8221638714123048e-05,2.4231256994881717e-05,0.008652059747923184,0
0.08037457308986404,0.0007448323374900848,4.958971183359187e-06,3.006756049313053e-08,2.448562657211911e-06,3.2010574177426198e-06,0.918869955913827,6
0.048059426784567774,0.0003305002899192197,2.415579034804136e-06,1.4646297804398879e-08,1.1927265558657284e-06,1.4496858465582525e-06,0.951605000287778,6
0.03123221803017431,0.00021958803878518646,2.4352537920272286e-06,1.3729863862069712e-08,9.247077512827065e-07,1.2056902519278186e-06,0.9685436145493814,6
0.025028500785593242,0.00013404833238708975,1.8137429047587879e-06,1.0663456785980994e-08,7.181849175289891e-07,9.548033426769667e-07,0.974833953487398,6
0.03476585681877266,0.00015101935473521005,2.04336956868117e-06,1.2013490465628037e-08,7.814613833836511e-07,1.0756850319757093e-06,0.9650792112970176,6
0.02676373457036457,6.472765445682843e-05,1.6184284809834044e-06,8.788919687571856e-09,6.697115809189795e-07,7.004926342695897e-07,0.9731685403535627,6
0.05371033157992793,0.0004360390928725073,3.1859920259200517e-06,2.561356618417119e-08,1.8579010072141377e-06,1.4740633579256551e-06,0.9458470857572423,6
0.04710783461629581,0.00046939372261030555,2.8398527257444006e-06,2.2913063751268234e-08,1.687759389747948e-06,1.1839246937938589e-06,0.9524170372112208,6
0.18578524594213194,0.00623806129206765,9.627320216557112e-06,8.286120585367681e-08,4.986791487679942e-06,4.4416762205076835e-06,0.8079575541166697,6
0.08724664158496226,0.004621801904663374,4.272204745069752e-06,3.1869913444336413e-08,2.328610538021888e-06,2.085856340647137e-06,0.9081228379688372,6
0.10206441684218434,0.005487548011100178,4.997786482260567e-06,3.728262855068713e-08,2.8719860993699106e-06,2.440113535114186e-06,0.8924376879779702,6
0.14984300009947257,0.00585139557879582,1.203449009983849e-05,6.539207020288232e-08,4.97679027617828e-06,3.998827901243585e-06,0.8442845288213842,6
0.2130871087252715,0.007747667011096063,1.6782348144267277e-05,8.617062894459326e-08,6.894098347959507e-06,5.348507662512805e-06,0.7791361131388488,6
0.762442144841317,0.0337701835813589,1.6868934413670305e-05,9.47386358490892e-08,6.873761950098946e-06,5.793416528697018e-06,0.20375804072579598,0
0.9176711425958913,0.05317021789305342,1.4092447636938643e-05,1.54224846009323e-07,1.009736168793012e-05,6.548966996582457e-06,0.02912774650988764,0
0.9349797724877238,0.053895467372708075,2.0603398991341172e-05,1.3624688167647056e-07,1.0049719999595927e-05,6.9983486588857285e-06,0.011086972425036638,0
0.9420292871097985,0.05338505951540281,1.6994952933179885e-05,1.7422704137534937e-07,8.539011898083754e-06,8.116472842062942e-06,0.004551828710084015,0
0.7306038557243011,0.25662243169781324,2.4333046719290724e-05,2.5926719041865e-07,1.1256192289379722e-05,1.1744175389222171e-05,0.012726119896297341,0
0.36669695930744106,0.6242490634194678,2.381115822751188e-05,1.9027998698580641e-07,9.642912976070214e-06,9.082884658987935e-06,0.009011250037241559,0
0.30221809141938727,0.6892277394630176,2.3311569482920765e-05,2.081843681932137e-07,8.069244021122875e-06,9.047739060964981e-06,0.00851353238066195,1
0.4622764239812525,0.5355237117746907,2.4390148661542127e-05,2.1830649399887087e-07,8.461578488149469e-06,1.2997130712323677e-05,0.0021537970797006678,1
0.38308035355418163,0.6168200077436997,2.665500741250981e-05,1.9384492147530926e-07,9.593831529988997e-06,1.1540782576755339e-05,5.165523567778408e-05,1
0.4613058026852243,0.5386193323472598,2.6606975562689316e-05,1.9004510904966845e-07,9.239650284143947e-06,1.0784274547247265e-05,2.8044022012721728e-05,1
0.4243119968223043,0.5756310410520264,2.4694638630756264e-05,2.1022056226149735e-07,1.1346259334981391e-05,1.3222268551266799e-05,7.488738589733996e-06,1
0.3287920052057313,0.6711316554257567,2.6209208277859063e-05,1.9973283329232725e-07,1.1950409381966083e-05,1.2831909007627956e-05,2.514810901120351e-05,1
0.24186850936113088,0.7580520962264148,3.7491557251895165e-05,1.786293229725755e-07,1.8368345702243922e-05,1.3869360249033101e-05,9.48651992809619e-06,1
0.25122915164775683,0.7487234399584628,1.9595769625118516e-05,1.2703483776537263e-07,7.64057058164807e-06,7.831251736711278e-06,1.2213766999169279e-05,1
0.25259562232360033,0.7463200102015234,2.9639900689118264e-05,2.0732967992118511e-07,0.0010055044508377562,1.6070549255496025e-05,3.294524441403847e-05,1
0.2095775031038428,0.7897471591130139,2.431364213248089e-05,1.8455082489018493e-07,0.0006120338765642133,1.317530154907e-05,2.563041207265443e-05,1
0.1710510308561918,0.8282701398140326,1.7503675085419422e-05,1.3286029538571318e-07,0.0006332561076989719,9.485053543634314e-06,1.8451633152312836e-05,1
0.14374871539998338,0.8556207356679557,1.4926019187906708e-05,1.4503867435455165e-07,0.0005922160173483913,8.958293515724634e-06,1.4303563334612456e-05,1
0.1488683969194706,0.8502507342419248,1.4780156903075031e-05,1.2425554070750023e-07,0.0008476378568180132,9.225969058712817e-06,9.100600284056091e-06,1
0.05076929795100263,0.9389089379005943,4.0816913757477185e-05,2.0700140731319671e-07,0.010251093460048691,1.495920735251788e-05,1.468756583746305e-05,1
0.02479444631645303,0.7920180694459243,0.0003830864713551658,1.7252010126867401e-07,0.18271201806762014,7.715789354977837e-05,1.5049284996403146e-05,1
0.026087074218462927,0.9415296271684099,0.00030136294312215975,9.078287182902187e-08,0.03197370894628426,8.419107162031124e-05,2.3944869228840618e-05,1
0.06113960575304942,0.9357523487486522,4.933208568212255e-05,1.9514969515069338e-07,0.0030286879599686176,1.7899892933439618e-05,1.1930410018973454e-05,1
0.08341969220868138,0.9133663067796344,5.1432528759778446e-05,2.0345870582028435e-07,0.0031325468307414703,1.737981492637388e-05,1.243837855084176e-05,1
0.23988688835925356,0.7365004234708807,0.017621180060037607,3.845996316612989e-07,0.0038240467218235985,0.0021543020024019244,1.2774785970732582e-05,0
0.39579243944989506,0.5116943776894909,0.008303591094478213,3.073944090136847e-07,0.08217911693451622,0.0020244532371341386,5.7142000765442425e-06,1
0.09976626584422575,0.8692525089271291,0.009491094660634853,3.786453964868316e-07,0.018082609536780436,0.0033999348537114647,7.207532121822202e-06,1
0.09267119716046908,0.8768467788577389,0.008166886917613383,3.895708753978625e-07,0.01869922936426286,0.0036081026299369457,7.41549910340489e-06,1
0.21164990008496076,0.7457306289434799,0.0006851448842494133,3.6154052746009707e-07,0.031412108078608135,0.01051390412562067,7.952342553729995e-06,1
0.17386281732180753,0.7781820292660225,0.0005070896395944926,2.8732836085941974e-07,0.036902347051843504,0.010539109399514288,6.31999285670135e-06,1
0.08044743635387834,0.8617991634948422,0.0007573963310386653,2.528674134395785e-07,0.052154849487166095,0.004834858055525545,6.043410135555117e-06,1
0.0234040953509978,0.9390997924232636,0.010548799799989194,2.456037686365074e-07,0.018936175048200166,0.008005745759052501,5.146014728008618e-06,1
0.031089115270446176,0.9361880565985565,0.006350884272626849,2.4251308406515794e-07,0.019256145243851615,0.007110474844297261,5.0812571373084045e-06,1
0.01846942688722688,0.9441757975958822,0.013932593901981472,2.813348778632071e-07,0.011870366921047421,0.011532572817313966,1.896054167006619e-05,1
0.01725976044269618,0.9421868005028796,0.016789309079940695,2.8074221889476607e-07,0.011845360851882172,0.011896410451137464,2.207792924483593e-05,1
0.016964695512655892,0.9383594046698644,0.021318030484427007,2.7594277898060495e-07,0.011642858008191684,0.011693034886966129,2.170049511591566e-05,1
0.014088757834889505,0.92121898863749,0.040798841889363766,2.2894823159253683e-07,0.010503044199663435,0.013371637885533727,1.8500604828003893e-05,1
0.013908528978651288,0.8973440064805239,0.04704510399623492,2.2506962208514335e-07,0.008681943857981862,0.03300217048730521,1.8021129680824217e-05,1
0.054487027102336875,0.6984716363145107,0.1159383939920918,1.854959416395735e-07,0.040111627528108665,0.09097835203624602,1.277753076425775e-05,2
0.05699496975138036,0.6681109067486121,0.16012508144269968,1.7363721218180846e-07,0.037547296822207143,0.0772109175565446,1.0654041343807923e-05,2
0.01624381572788655,0.21028114759809707,0.7452638389029632,8.050495879967367e-08,0.0208882666654453,0.007314927104236389,7.923496412555583e-06,2
0.07589056005805792,0.4238408122667511,0.41647113341413733,2.1004923979611078e-07,0.04629398482593494,0.03748054896517393,2.2750420704956207e-05,1
0.07044346974194034,0.547190199214971,0.2839413346695093,2.7117937216638233e-07,0.059766813497458396,0.038628536833547084,2.9374863201567164e-05,1
0.0861157498246728,0.5272814423697796,0.24049647384918887,4.90701533790432e-07,0.059347557318153776,0.0867301295591806,2.8156377490560877e-05,1
0.031271968579508584,0.8708538891786596,0.035543762660509015,2.0564844425295153e-07,0.007407380539284788,0.05491799668403871,4.796709555162864e-06,1
0.009239418604844694,0.7380943426589411,0.08857956460858625,2.6325825827155005e-07,0.0037093861946004853,0.1603696531941474,7.3714806218010005e-06,1
0.009694603146040842,0.7158797839884423,0.08123303184090397,2.5488257956902837e-07,0.0041853421707727,0.1890023982925217,4.585678738861734e-06,1
0.009741181952201763,0.6119694550807783,0.1001365108668863,2.4589070313173575e-07,0.004818135495250089,0.2733301013362955,4.369377884843005e-06,1
0.008069239501295124,0.655228559839087,0.2012722864950059,2.3432877547183866e-07,0.006775517366041329,0.12864912439872414,5.038071071141628e-06,2
0.00827169854047422,0.48071020329620956,0.1706701459076543,1.1603781916596382e-76,0.002321816973817612,0.33802311700497445,3.018276869771472e-06,5
0.008863765774067011,0.5925507505430293,0.11945752025001956,3.1938602484275366e-07,0.002857267697017556,0.2762583798034598,1.1996546381912526e-05,5
0.01999286172076978,0.6538313009353991,0.09723301091588622,9.229038164827856e-07,0.001291923837635954,0.2276358028948591,1.417679163329286e-05,5
0.000429217459441884,0.02157161297315298,0.9679907451228622,1.2228387729371962e-07,0.0007565569204015159,0.009249352421636265,2.3928186279490633e-06,2
0.0003989802384888038,0.033199112652528034,0.9611504357937282,1.137303174309235e-07,0.00041657950350193756,0.00483261493572155,2.163145714125629e-06,2
0.003255825494521896,0.14182119282528563,0.44321717668731614,1.1173642644934431e-06,0.0007128402019867146,0.41097746139587665,1.438603074854629e-05,5
0.0026967246383562916,0.0929717942582142,0.3572633880209788,7.55357466089667e-07,0.000619106414723491,0.5464385061059759,9.725204285315434e-06,5
0.0014313289239558367,0.1505143284555258,0.03567762305687593,3.7583330694126264e-07,0.0003130922931805918,0.8120607808828003,2.4705543544724004e-06,5
0.9801453187213593,0.002370034469400023,1.1706395119636018e-05,1.4600762768396972e-07,2.0361715493369715e-05,6.626724555835413e-06,0.017445805966444152,0
0.9895887681271918,0.002076264268348973,1.1472530989547502e-05,1.861185131907268e-08,9.998995006263417e-06,5.54480491175551e-06,0.008307932661700553,0
0.8966015610240702,0.0012277530370562722,1.1980526017178498e-05,1.4505049466902234e-07,1.1901214227096347e-05,6.413183494866207e-06,0.10214024596463954,0
0.9341129286958526,0.003031034749852383,2.162476974414529e-05,2.54931011131874e-07,2.0146666130696664e-05,1.2578860053520295e-05,0.0628014313273554,0
0.926081391940762,0.0030049738034169417,2.1438839191548236e-05,2.5273910507531553e-07,1.99734443664426e-05,1.2598977761751808e-05,0.07085937025539628,0
0.9118826804795366,0.00337564401758308,1.850036987290237e-05,2.1809795220083486e-07,1.7235826301673054e-05,1.0872125422945879e-05,0.0846948490833304,0
0.8953595725248412,0.00478983533846772,1.846829863008225e-05,2.2419555265467512e-07,2.010414608326761e-05,1.1177714184004072e-05,0.09980061778224099,0
0.826805353318843,0.002080374150268699,1.496813052251688e-05,1.8688020736926346e-07,1.543321636562943e-05,8.61598591923211e-06,0.17107506831787378,0
0.6326452601799605,0.002466634077096948,1.168473035715553e-05,1.5339841998045228e-07,1.3314390234048148e-05,8.419649812614137e-06,0.36485453357411907,0
0.5690789102054765,0.004700834641252853,1.2507663330473568e-05,1.482544117016291e-07,1.13104195363467e-05,8.997009860748633e-06,0.42618729180613146,6
0.6288683255202744,0.007653051212268531,1.2595831948691906e-05,1.4929948193410477e-07,1.1590261919461005e-05,9.060431293398349e-06,0.3634452274428136,0
0.4508120882649466,0.018998450947496765,1.0277702654715428e-05,1.2182249557411267e-07,9.965966276810482e-06,6.603031580946927e-06,0.5301624922645486,0
0.7239136206663347,0.21949041117558482,1.752613443678693e-05,2.3008501255843943e-07,1.681685463753419e-05,1.2471084236668593e-05,0.056548923999756986,0
0.5874616720196744,0.1654925878424585,1.6212330018877023e-05,1.9216614532670436e-07,1.8685428412598123e-05,1.0271652576710753e-05,0.24700037856071377,0
0.24356843485756507,0.0654421645895401,6.531441418860156e-06,7.741773819235855e-08,6.836476977793327e-06,4.110122524377247e-06,0.6909718450942356,0
0.7238850026746569,0.2637988132611042,1.5561409944381242e-05,1.930457653171617e-07,1.4306364447613555e-05,1.0318669968489866e-05,0.012275804574113106,0
0.46280031155236157,0.5341707078744088,1.6037455937363472e-05,2.046954031885704e-07,1.4226318529139042e-05,1.027498182753352e-05,0.0029882371215324056,0
0.7132857486728362,0.28666763961129593,1.3297911533502106e-05,1.6373929458562118e-07,1.7469909491161844e-05,9.77885107405464e-06,5.901304474516028e-06,0
0.6352807652585548,0.36315692937227695,2.504543921587979e-05,3.5003354045762124e-07,0.001509974095524961,1.9029900296660078e-05,7.905900590259763e-06,0
0.69571003655613,0.2994646975889993,2.504298623657188e-05,3.037485082076702e-07,0.004771426512450641,1.8835763807916673e-05,9.65684386720711e-06,0
0.8917546165228523,0.10709152387645007,1.734004313821614e-05,1.2470886748392673e-07,0.0010875123701634532,3.960546199929651e-05,9.27701652925963e-06,0
0.10577770232007179,0.8767410062429231,0.001235845644410047,3.5491172850677444e-08,0.014697313898700028,0.0014906016365490054,5.7494766173305574e-05,1
0.027410097001257235,0.914153865705248,0.005455867920534536,5.712871490432094e-08,0.05078503938997012,0.002191954321096736,3.118533178580035e-06,1
0.012918971207822205,0.3917505568504007,0.00048665672515984436,2.7551710520607418e-08,0.5925636245025628,0.0022786591739638626,1.5039883800825418e-06,4
0.030787045735473476,0.9328166434335671,0.0015923938103876857,1.9185815809114703e-07,0.019406623938839865,0.015382188759533367,1.4912464040525791e-05,1
0.0395127774139032,0.9175479707695217,0.0036191845786199754,2.6036434367158205e-07,0.014252630852580757,0.025052062466376354,1.5113554654499387e-05,1
0.028218689235550654,0.9356199676661875,0.0008275853185166568,1.5822463844874407e-07,0.0027238257179012025,0.03259629483662547,1.347900057983018e-05,1
0.026834810677427774,0.9343698946509121,0.0008902816145101583,1.5801323600147708e-07,0.003732022384889196,0.03415937166761042,1.3460991414271477e-05,1
0.16363255708534102,0.8363131679789249,2.1866522963353758e-05,2.4387945403338285e-07,8.649493473082643e-06,9.38149777829569e-06,1.4133542065361922e-05,1
0.49205367378028525,0.5078834608537944,2.132288144484223e-05,3.6068693122190396e-07,1.7292951742008324e-05,1.54453560206572e-05,8.443489781662732e-06,1
0.6148505830277304,0.3850762132446114,2.817292996280166e-05,3.451213165439814e-07,1.654666625129725e-05,1.4778804394940078e-05,1.3360205732547442e-05,1
0.4075676688203648,0.5922863214304499,3.7796854071667564e-05,2.724940416189055e-07,1.4600982646799299e-05,1.8087299476055606e-05,7.525211894918662e-05,1
0.42498674876277814,0.5748660668008256,3.6663023755977353e-05,2.686607031205559e-07,1.8226395566184962e-05,1.7832854494430246e-05,7.419350187654717e-05,1
0.3394519027867974,0.6604252186266966,3.098446990319911e-05,2.2338058652534734e-07,1.5154516029054017e-05,1.4827302430603281e-05,6.16889175567876e-05,1
0.358571008269008,0.6409089994346082,2.139161371552607e-05,1.7059262706718556e-07,1.3621181571990611e-05,1.2946033287448694e-05,0.00047186287518184987,1
0.5599945509665888,0.4389625842330744,3.063232520230645e-05,2.2184409947667518e-07,1.9852656315455615e-05,1.8481455992359904e-05,0.0009736765187272075,1
0.5431585021074727,0.4559940345656889,3.3787028936730874e-05,2.3048572060870716e-07,2.0625988284831013e-05,1.920137480485502e-05,0.0007736184490914575,1
0.4891327399705272,0.5101978354574378,3.436340758938079e-05,2.3441761557787595e-07,2.1811044108221594e-05,1.9687990496006825e-05,0.0005933277122257033,1
0.41221444992472445,0.587535036481426,3.834172268030543e-05,2.74803497468668e-07,2.3408481124274495e-05,2.208434666004505e-05,0.00016640423988740905,1
0.534718670139001,0.4651024021404019,2.890010962157893e-05,1.950859510529282e-07,1.6132370885392355e-05,1.6252279991298358e-05,0.00011744787414785759,1
0.9464533643752073,0.053474437377512674,2.9608777692655108e-05,2.699710752038687e-07,2.5280392345516375e-05,1.0604831596951986e-05,6.434274569508997e-06,0
0.7235236466506616,0.27640686016233584,2.007183162309938e-05,1.7340498179329137e-07,1.462487882887088e-05,1.1610221668090314e-05,2.3012849900619723e-05,0
0.7380596399599744,0.26187452874143163,1.8550527421758184e-05,1.5951073437923353e-07,1.3215445160043505e-05,1.1854301924516845e-05,2.205151335330816e-05,0
0.7249316415372516,0.2749801600316096,1.9801735572209377e-05,1.5878766711565408e-07,1.2202888079248877e-05,1.1800565994533433e-05,4.4234453825638524e-05,0
0.5306975356466401,0.4674870342090256,3.495653975604629e-05,2.3025575951914884e-07,2.0761557848409136e-05,2.489695099955409e-05,0.001734584839970928,1
0.3814231437812657,0.616748650144999,3.0269432180748357e-05,1.990472576208808e-07,2.7083817917902666e-05,1.7664129086980924e-05,0.0017529896472920047,1
0.6787200509332152,0.3172546763087141,2.6323438956821973e-05,2.099870241665061e-07,1.8672003391721705e-05,2.2137151642493364e-05,0.003957930177055341,1
0.7353902620211368,0.2530537887157487,3.926874598569836e-05,2.7407393182766505e-07,1.8250204417069717e-05,2.2942050420369985e-05,0.011475214188359516,0
0.028383487789530152,0.00015756743912742955,2.056869088227643e-06,1.2092857581517301e-08,7.866241074358696e-07,1.0827915443450684e-06,0.9714550063937448,6
0.03446155964906145,0.0001190109434718211,2.0254844470900357e-06,1.1908339277607594e-08,8.612771025024804e-07,1.066269820021141e-06,0.9654154644677578,6
0.03293107772834073,8.02314058120633e-05,2.0060790604143745e-06,1.0894066655443623e-08,8.301227980010742e-07,8.682766165415363e-07,0.9669849754933056,6
0.03654132185776975,0.0004462172852429794,2.22519768743435e-06,1.7953781901838976e-08,1.329980159715878e-06,9.276771527072596e-07,0.9630079600482054,6
0.21908107636968055,0.008618911872611473,1.0892531057229242e-05,8.125641037786332e-08,5.970840295854143e-06,5.318156859789388e-06,0.7722777489730848,6
0.16989325659681268,0.006495349508611175,1.3295156332238417e-05,7.22421796871722e-08,5.159344199426863e-06,4.4177228658374e-06,0.823588449428999,6
0.9493039217510533,0.03957938059852407,1.5435645202449577e-05,1.2517713887175237e-07,6.721511489089736e-06,6.85047769247299e-06,0.011087564838899886,0
0.9049676752504532,0.04634977422400123,1.447210645408464e-05,1.5728539023967394e-07,8.268314478772668e-06,6.706312698328653e-06,0.04865294650652411,0
0.9299962143989081,0.05447585935777752,9.924789139177786e-06,1.4633440853084602e-07,8.128534846195245e-06,7.516496517861524e-06,0.01550221008840274,0
0.758398423895356,0.23261329015386809,2.6557232663903704e-05,2.4150456755639666e-07,1.2090850157054326e-05,1.1586089582087913e-05,0.008937810273805328,0
0.4115890279989447,0.5813905357872544,2.3877234746985704e-05,2.1323605146552557e-07,7.62421640351976e-06,9.267286342363648e-06,0.006979454240256628,1
0.38774615544504376,0.6121913942474239,2.170210200674467e-05,1.7747048681660567e-07,8.628294840850974e-06,1.0070716702126258e-05,2.187172349594403e-05,1
0.37527436929138364,0.6246651891041228,2.1004057754049577e-05,1.7176218016009695e-07,8.350767271293753e-06,9.746793889844985e-06,2.1168223398205338e-05,1
0.38408281800951183,0.6158612432137456,2.720156564362975e-05,1.886270403121478e-07,1.0230542947076808e-05,1.1864098146286073e-05,6.453942965205166e-06,1
0.4223323751342012,0.5776123497364779,2.3295339954942573e-05,2.0834623079127917e-07,1.1245095820280299e-05,1.3104378494334651e-05,7.421968820592594e-06,1
0.3513542784141045,0.6486004187271475,1.967274083154236e-05,1.6490861474088605e-07,9.396981529814226e-06,1.0372277416940152e-05,5.695950354929378e-06,1
0.37264890272613876,0.6272692722384594,3.777022942057453e-05,1.879376037322127e-07,1.2999728560672387e-05,2.0333186003844847e-05,1.053395381290422e-05,1
0.20003220204707148,0.7999066837093797,2.8029735773965327e-05,6.36658166574598e-08,7.668933428987506e-06,9.460645526590268e-06,1.589126300266034e-05,1
0.196814031587081,0.8031259293468627,2.7149986922422587e-05,6.16675841540001e-08,8.271204863830177e-06,9.163711152895553e-06,1.5392495533395097e-05,1
0.27201288984646477,0.7279047384221823,2.608294664771982e-05,1.262389000666573e-07,8.573625939604149e-06,9.640436811246319e-06,3.794848305451982e-05,1
0.18763641570309486,0.812189103067338,2.513275590934525e-05,1.724790284256295e-07,7.563823154838089e-05,1.3446327057348926e-05,6.009143602371718e-05,1
0.1690432270228664,0.8304412718960122,2.4555117291414978e-05,1.685148572077532e-07,0.0004189298408428156,1.313728344089629e-05,5.871032468919463e-05,1
0.18593398224026036,0.813226788857766,2.7008658215876744e-05,1.85352817850833e-07,0.0007344009469621922,1.3057298936528664e-05,6.457664504123546e-05,1
0.11287452708799475,0.8862880836179308,1.6400349218670493e-05,1.4203613738985976e-07,0.0007927010192038169,1.0335045503553633e-05,1.7810844011114156e-05,1
0.03544873602178105,0.9605611254856061,4.035441146882644e-05,2.046558447553529e-07,0.003920268583937232,1.4789702434089958e-05,1.4521138927900568e-05,1
0.04363647913422403,0.9471427463857898,4.9675238997276466e-05,2.51926062860936e-07,0.00913421348041876,1.8758687267997892e-05,1.7875147239189642e-05,1
0.04780868535628765,0.9422350844390466,0.00032025772600196607,2.76013420682251e-07,0.009496479050506547,0.0001253726268494181,1.3844787887290115e-05,1
0.367911283425438,0.5998946788335553,0.014865559652742472,4.376307808093145e-07,0.0034063455250239174,0.013906268956124035,1.542597633545196e-05,0
0.4764738300078018,0.5102046221658255,0.008859166289432558,3.795735282019628e-07,0.0034403068022597653,0.001014639212766816,7.055948385220192e-06,0
0.36276052718151613,0.6188905783966363,0.013323558095583051,3.536660063943702e-07,0.003516475890865828,0.0015009588225203894,7.547946872076634e-06,0
0.3438135433922418,0.5796822538747174,0.010320917518102645,2.352052747239465e-07,0.06477285864002916,0.0014023788373371995,7.812532297045692e-06,0
0.24817788239058775,0.6734743076695289,0.009872237384778203,2.8672310426739914e-07,0.0658107200877552,0.0026550420058218415,9.523738423924875e-06,0
0.5051594020405409,0.4737721926161955,0.000319401734075984,1.901609461805762e-07,0.020003828602131155,0.0007375571537962985,7.4276923139169144e-06,0
0.1599948062716002,0.8041592661496119,0.01011517786610456,3.0914979045515105e-07,0.023744231944539316,0.0019796655715339133,6.543046819972067e-06,1
0.16634166876389317,0.7794185969777027,0.002875498582378198,5.717183138251888e-07,0.018515805938379773,0.03283357691409106,1.4281105241214012e-05,1
0.03476094295577547,0.9516368115176643,0.0015954295811145042,2.900295798741788e-07,0.0018055171571941184,0.01017396208646336,2.704667220827212e-05,1
0.03882460383553379,0.9480273938636259,0.0019063858321590006,2.835369615982038e-07,0.003456303182274392,0.007767098577814774,1.7931171630782765e-05,1
0.03157464055387373,0.9261488159385183,0.009983796397935236,2.6588368475107244e-07,0.021832064206343677,0.010447907331668376,1.250968797574523e-05,1
0.025488504568879786,0.9321397632825973,0.013207183521890466,2.677294016500181e-07,0.01817221812036209,0.010979472167899686,1.2590608968855395e-05,1
0.01961943541602395,0.9346402353554135,0.01813844143601727,2.784935783455642e-07,0.01626727325023694,0.011318930886356942,1.5405162372813073e-05,1
0.016114565179184564,0.9195269952707048,0.04080983500155274,2.3063350490786026e-07,0.01451362188904287,0.009019595088507203,1.5156937503061692e-05,1
0.048275278103417286,0.7790900666293968,0.06493154100648428,1.9228359012005752e-07,0.019298794805191973,0.0883917194501492,1.2407721770203304e-05,1
0.055266654304780914,0.7623364014392776,0.04703691052130763,1.8988082890986904e-07,0.031470436948993055,0.10387715422899513,1.2252675816684121e-05,1
0.02249183114215866,0.2791041551596263,0.04388727808359663,7.276680366214305e-08,0.016726209362112984,0.6377856704704725,4.7830152292270885e-06,2
0.011962016989830702,0.13886947304533429,0.8283284078855147,5.2810917069909486e-08,0.01585793603627414,0.004970453297310345,1.165993481886438e-05,2
0.03893594512096845,0.23049275507458314,0.6828515900435942,1.1138901063167038e-07,0.027830328631301027,0.01987720520340708,1.2064537135383923e-05,2
0.06395976860753307,0.35499869309684795,0.5072016486359263,1.689170601148391e-07,0.03784196217129004,0.03598074808702239,1.7010484320195942e-05,2
0.06686358217518504,0.4290770098771902,0.3649124523852746,3.9930998882621944e-07,0.0333104006485306,0.10581324325893902,2.2912344891802146e-05,1
0.08824324358250085,0.6431912199172042,0.13090642913790979,5.347747723784237e-07,0.035623220795771404,0.10200466649879326,3.068529304810839e-05,1
0.04188611297631719,0.8824231964357405,0.03446776133314819,1.9835596326577512e-07,0.006753432142330316,0.03446209809313606,7.200663364291314e-06,1
0.03929030519695902,0.8693239797213965,0.031247315956987175,2.3003854797114113e-07,0.01269569210231184,0.047438313565672366,4.163418125064145e-06,1
0.02990551868133638,0.876257493326371,0.029595292805856974,2.3422207650237074e-07,0.007960614476576467,0.0562766325191457,4.2139686368721966e-06,1
0.008868964385260771,0.5907384125162429,0.06142345630279992,2.331755603161832e-07,0.004648884596674674,0.3343159055884982,4.143434963401477e-06,1
0.008693976449227075,0.6035904848730304,0.06876473476316756,2.1945673457295447e-07,0.00430017186111808,0.3146465129397183,3.89965700414954e-06,1
0.008093256702839136,0.612309551765515,0.15464813166627622,2.187636035739562e-07,0.006871358422625371,0.21807286480787455,4.61787126619141e-06,1
0.007663329291862237,0.6020559662014665,0.2337158838020639,2.1510024192774731e-07,0.008200339377303908,0.14835972568553477,4.540541526658313e-06,1
0.0016950638025518489,0.26168320663553835,0.367825258803278,1.9962384246334708e-07,0.020350051841185973,0.3484420019089973,4.217384606101799e-06,5
0.0014474284741852724,0.306905457041567,0.28037158134231455,2.0811426115406664e-07,0.0054020307547154945,0.40585901175461647,1.4282518340240084e-05,5
0.0068687229730935535,0.4604511875060487,0.13164522599161776,2.8742426904713976e-07,0.0026463893853464248,0.39838522886532773,2.9578542965846106e-06,5
0.007977170967465518,0.5829911529636552,0.06041802175257041,1.7454263366723053e-07,0.0027075037981898705,0.3459003915450255,5.584430459830518e-06,5
0.007898608472482839,0.6034212808930682,0.0868591807475623,3.303907019586143e-07,0.0024197776271077075,0.2993914836855718,9.338183505339023e-06,5
0.0006142124414507579,0.031235437573733534,0.9516581006785095,1.5451012182138883e-07,0.0005384685200983281,0.015950602862813135,3.023413273140354e-06,2
0.00041480890075335614,0.08336866669152795,0.8913245745803395,2.5651055189781427e-07,0.0012543414538654808,0.023635995295092346,1.3565678696351761e-06,2
0.0006205276531822307,0.03198800051397112,0.9505322523251757,1.5502676058216702e-07,0.00029370584914047756,0.016561480902844056,3.8777289257971325e-06,2
0.0015571554666826066,0.06721588708276241,0.851373098899611,5.62186829541504e-07,0.0004045760181398942,0.0794414822077296,7.238138244808068e-06,2
0.0018695818975426222,0.2026125477872537,0.0291800422431751,4.0027527401793575e-07,0.00038468129991691563,0.7659475404208023,5.206076035367635e-06,5
0.0015976726839564762,0.17437478933018982,0.03115701125533034,3.8857790075170607e-07,0.0004176414005515426,0.7924488870616841,3.609690386950709e-06,5
0.0015769310849147007,0.16219386228255375,0.03577677746054275,3.655635052745652e-07,0.00032598667017807043,0.8001228257016352,3.251236670252496e-06,5
0.004611934605622537,0.25959619651969035,0.03039864567483107,6.190248960544863e-07,0.00039543218805855314,0.7049928191037643,4.35288313697764e-06,5
0.9797036909991396,0.0024379898774240702,1.198567865358023e-05,2.2185680367196626e-08,2.07500331074169e-05,6.784820624993735e-06,0.017818776405370128,0
0.9897015465651304,0.0023692200328098247,1.309127680027047e-05,2.1237937609883102e-08,1.1679980938907598e-05,6.3271632013393815e-06,0.007898113743181275,0
0.7718886715780012,0.0018551381679604482,1.3230197090647624e-05,2.1125365897042814e-08,1.369255080011829e-05,7.88908605612423e-06,0.22622135729472537,0
0.6389682625125317,0.0022930542791546435,1.130110708748046e-05,1.4836217167713958e-07,1.2729119121680654e-05,9.138596136348703e-06,0.3587053660237965,6
0.641296991584833,0.005196271931516641,1.2926788397522908e-05,1.697042939794783e-07,1.492443358417832e-05,1.0298723584817091e-05,0.35346841683378993,6
0.37692102184919035,0.014178015171996424,8.805190428270378e-06,8.655683188037781e-08,8.179795541721435e-06,6.333747800510922e-06,0.6088775576882108,6
0.237552247375499,0.06159424620988808,6.147400737460239e-06,7.286567088881037e-08,6.802309849067015e-06,3.894811205513619e-06,0.70083658902715,0
0.46298016748539833,0.5357260666787572,1.5303051621120653e-05,1.8984072281663255e-07,1.2811107694442805e-05,1.0147354240617725e-05,0.0012553144815654052,0
0.4366352421774362,0.5608151801328222,1.5302017306010612e-05,1.953085710280842e-07,1.357393424393053e-05,9.856030559923919e-06,0.0025106503990608067,0
0.8436882471398489,0.15627542809067457,1.2690154182835777e-05,8.505290641186787e-08,8.094639718053847e-06,8.83194843640561e-06,6.622974233059963e-06,0
0.7440015472864574,0.2494985673695644,1.567307127335548e-05,1.9298501331009646e-07,0.006465800337443135,1.097970362145776e-05,7.239246626822149e-06,0
0.780324402672685,0.2120088621111058,1.7653129799615224e-05,1.6060380394294048e-07,0.0076290993465042475,1.260856481317047e-05,7.21357128826525e-06,0
0.8323001898880957,0.1619987710283953,1.727401752321299e-05,1.2266447540000508e-07,0.005666892399080192,1.3036231470180766e-05,3.7137709599486893e-06,0
0.14262232911555742,0.840796818585881,0.005956651260127305,2.909614015725909e-08,0.009156295664416985,0.0014619625669191354,5.913710958188697e-06,1
0.019120812257024562,0.905236500389312,0.0014889971790451291,1.9262072713834762e-07,0.05958054678314901,0.014561637316363344,1.1313454378876863e-05,1
0.010161966810065272,0.9552024970630687,0.002971560243963645,2.1872523130403878e-07,0.018204135580755912,0.013446058548156399,1.3563028758652273e-05,1
0.023872427946033316,0.9398359351325518,0.00384689113257275,2.7079605198774755e-07,0.014398844009979202,0.018028839071704033,1.6791911106651996e-05,1
0.033778065486097575,0.954473855688275,0.0006228234512965707,7.0630549599629e-08,0.0056920198517923185,0.005420343788548884,1.2821103440123764e-05,1
0.22591767951252403,0.7737240777467517,6.434724971609548e-05,1.8603324417242766e-07,0.0,1.4419638936883946e-05,0.00027928981882730924,1
0.16765992285024525,0.8322705433596815,2.4037798987429895e-05,2.6117847959830135e-07,8.231512167624551e-06,1.0052219490581231e-05,2.695108094811695e-05,1
0.17700364006974492,0.8229380231522821,2.2891530923491892e-05,2.5517769731698434e-07,9.761842699746664e-06,9.821261791846769e-06,1.5606964860454323e-05,1
0.16450086726904156,0.8354480228706362,2.1788301436257945e-05,2.6338405341063824e-07,1.0075777491723585e-05,1.0135633759610276e-05,8.84676358115359e-06,1
0.5238101006080935,0.47612607367363896,2.140946478149838e-05,3.6827331097084104e-07,1.7656676866316216e-05,1.5770220400226718e-05,8.621082908402758e-06,1
0.3168399584832582,0.6830839420251624,3.304820304558747e-05,3.337222707610162e-07,1.2766571478715486e-05,1.429067381638759e-05,1.5660320967948355e-05,1
0.3822552094184921,0.6175684736978249,2.5438211427088584e-05,2.594109068233515e-07,1.7462395877728144e-05,1.7085350950541553e-05,0.00011607151452088024,1
0.4192107993613008,0.5805079865023827,4.183550336907821e-05,4.2490793690418505e-07,4.485275631452876e-05,2.745363437802607e-05,0.00016664733431810984,1
0.45755234726500277,0.5422822603546558,4.960583344788053e-05,5.65303966916234e-07,4.2203282505403574e-05,2.6047223365059975e-05,4.697073705622052e-05,1
0.7648520349238277,0.23509076540768256,2.157863251676502e-05,2.1651347069832103e-07,1.6531202000298604e-05,1.3692172494356432e-05,5.181148007877858e-06,0
0.7679867504625866,0.23195867714717658,2.1208857113351032e-05,2.0976750587428928e-07,1.466174434244367e-05,1.2975785503138725e-05,5.51623577209819e-06,0
0.7372847010227588,0.2626667205731019,2.0089645871431855e-05,1.7685587656903033e-07,1.3191371261382985e-05,1.0472206043060732e-05,4.648325086739749e-06,0
0.7984913521999343,0.2014365757994866,2.1017814770044712e-05,1.6853925571494596e-07,1.396345706690815e-05,1.36225309248833e-05,2.3299658561653522e-05,0
0.7736063822101658,0.22629826970887426,2.1051365834883958e-05,1.6880829755199316e-07,1.2972977053533614e-05,1.559664881338247e-05,4.555828096055371e-05,0
0.4156486825804254,0.581863283776793,2.894352556690115e-05,1.902285718843251e-07,1.9934309584915445e-05,1.8778235548976424e-05,0.002420187343508948,1
0.37587973491269494,0.6216566134865934,3.1606508419032307e-05,2.0773077367181772e-07,1.8858316604010344e-05,1.8444397680430258e-05,0.0023945346472346307,1
0.6900984971308106,0.30085058244811635,4.30458950190667e-05,2.9475683896638867e-07,2.656496708506441e-05,2.520611233640589e-05,0.008955808689793442,0
0.7288612593422038,0.25963060415304456,3.8920106955539985e-05,2.665054982215457e-07,1.8088173941982058e-05,2.2738364409838468e-05,0.011428123353945935,0
0.6942249855676812,0.2910716634945925,3.795640664834441e-05,2.5644418603501886e-07,1.5839695849338615e-05,2.1498898628782538e-05,0.014627799492413489,0
0.0731169419216214,0.0008018936474958543,5.557459258278286e-06,2.919165424672817e-08,2.2160190698333903e-06,3.1078065473258475e-06,0.926070253954353,6
0.06510661917297043,0.0006913725222812761,4.373405219802045e-06,2.5993564092274126e-08,1.9732432165221417e-06,2.767330963552986e-06,0.9341928683317843,6
0.039095863731524974,0.00022138207903128353,3.0780641748854515e-06,1.7124039787206154e-08,1.113895737422322e-06,1.5332823827309859e-06,0.9606770118231089,6
0.02763057300636887,0.00015768952533772978,2.0584627890166894e-06,1.2102227354625272e-08,8.753001629217944e-07,1.0836305115639703e-06,0.9722077079726026,6
0.06665267640690051,0.00047445247135128444,3.963329470378306e-06,3.131864574742971e-08,2.425721799320915e-06,1.9447989314032165e-06,0.9328645059529013,6
0.22144383532681167,0.0075135520706135755,1.1010005490657126e-05,1.002822855468953e-07,6.0352349785186746e-06,5.375512442316714e-06,0.7710200915673777,6
0.2145090258394331,0.008161963401095351,1.6786605250493128e-05,9.121374149645523e-08,6.744719376314112e-06,5.57786369725252e-06,0.777299810357406,6
0.8776669111734343,0.0366770524210786,1.438743528254287e-05,1.1628530595866268e-07,6.208760630771192e-06,6.397767329421558e-06,0.08562892615693832,6
0.8807838392818836,0.03493337011777207,1.4321511300752658e-05,1.1614194194248438e-07,6.236357566307694e-06,6.356015080777859e-06,0.08425576057445464,0
0.9216802411865399,0.04783238262613905,1.8872980266777488e-05,1.5305260264749628e-07,8.171857707392921e-06,8.375997803287447e-06,0.03045180229894102,0
0.9205444436654294,0.04865859908489935,1.4247550511110879e-05,1.4395302781072775e-07,7.526358614770131e-06,6.642587978437081e-06,0.030768396799538977,0
0.8776514743136732,0.046073777476287804,1.403526989219436e-05,1.525377738974463e-07,8.018737675216525e-06,6.503884489871675e-06,0.07624603778020796,0
0.9387740814642127,0.045738027197883335,1.127319145758122e-05,1.5043261746991969e-07,7.647148109556562e-06,6.9338324291322864e-06,0.01546188673329014,0
0.950440604578802,0.04636366033665323,2.1613196891538847e-05,1.4327294629772695e-07,6.775494766070208e-06,7.714700614416042e-06,0.0031594884193265746,0
0.2991800898323886,0.6869158781614193,2.4172725183068175e-05,1.9427937697384003e-07,9.90156138473044e-06,8.488411372442494e-06,0.013861275028874761,1
0.2745217664720705,0.7174928114592218,2.7745249864920942e-05,1.9839098771775356e-07,1.063505200036767e-05,9.470057715304879e-06,0.007937373318139287,1
0.4068904145479929,0.5834192443649874,2.162638388955002e-05,1.9356913770048425e-07,7.279664998339752e-06,8.826218180169848e-06,0.00965241525081409,1
0.46773215753609787,0.5307542360413345,2.802731605869747e-05,2.515775748486545e-07,1.144216808662611e-05,1.3924407385454182e-05,0.0014599609534618502,1
0.4655466233678588,0.5343544475033031,2.3445725194482105e-05,1.9172908977848992e-07,9.169473520685326e-06,1.0879833494292506e-05,5.5242367538959923e-05,1
0.39746507076472243,0.6024632614065247,2.5369824356700124e-05,2.0186743639901142e-07,9.701522114334812e-06,1.151617544401541e-05,2.4878439401120315e-05,1
0.3994022662750824,0.6005457694861844,2.19678383620877e-05,1.9647347195729396e-07,1.0656108951792413e-05,1.2357616122192858e-05,6.786201825100256e-06,1
0.48133834040460965,0.5186124326756638,2.1144314382374276e-05,1.891081311865051e-07,1.0206755589049987e-05,1.095009633852108e-05,6.73664528538005e-06,1
0.19647306754437538,0.8034567776845526,2.935114466936702e-05,6.66672212066359e-08,7.73741366186112e-06,9.906649772077667e-06,2.3092895747530896e-05,1
0.16630705650019595,0.8336046528496752,3.0282032554654453e-05,6.878160922339374e-08,7.94151974957879e-06,1.1044210163951618e-05,3.8954106051368845e-05,1
0.17996261897974597,0.8199649610762273,2.8736011270743003e-05,1.3907947227422595e-07,8.916506609119215e-06,1.0780335504598248e-05,2.3848011170121417e-05,1
0.1469714834403062,0.8529490397721045,1.7277695356702178e-05,1.185719592116007e-07,1.166305263603255e-05,9.107174054589725e-06,4.131029358298464e-05,1
0.14859577625434958,0.8508862117675938,1.5762168777642096e-05,1.3251123225771172e-07,0.00048295229582327064,9.459746819392691e-06,9.705255403973806e-06,1
0.05853730211206679,0.9407106351329488,1.4290547531610438e-05,1.2376408242974513e-07,0.0007198613868919303,9.005506958458705e-06,8.781549519852956e-06,1
0.02795652740370398,0.965205512273255,2.6418399898189453e-05,7.688729932540894e-08,0.006777792478258685,1.2481552619135686e-05,2.1191004965735957e-05,1
0.11749012484502663,0.8795687165085243,4.8620664044529784e-05,1.8260777356174332e-07,0.0028705133536291575,1.4543722639397875e-05,7.2982983624092235e-06,1
0.21257013879714595,0.7846005514981249,4.530984425818259e-05,1.7017311349014672e-07,0.0027635021186309364,1.3307020207803695e-05,7.020548518762397e-06,0
0.5987450858213444,0.3537148394931717,0.007349042409548736,4.1561995931355084e-08,0.02491302639337894,0.015269429874978743,8.53444558148237e-06,0
0.6499256660178778,0.3358898435121344,0.003992097830484168,1.6707038413303043e-07,0.009615562150347841,0.0005634253576924281,1.3238061079259164e-05,0
0.5244599516471667,0.4689179011816472,0.0003153491642964067,1.760911917955881e-07,0.005651131174771859,0.0006393677084482287,1.6123032477765463e-05,0
0.5719616663938162,0.4127410810227112,0.005675251620783669,2.1124076133183719e-07,0.008083128811324647,0.0015340729797851376,4.587930817847287e-06,0
0.05682657668261406,0.9210871492481726,0.011214117029733668,3.6987027108267904e-07,0.008270515940984026,0.0025770462633794462,2.4224964844919957e-05,1
0.2055317780169223,0.7678294209222121,0.0070380542101567195,3.969499872369383e-07,0.01643265314794184,0.0031601407919512534,7.55596082855492e-06,1
0.3340189429092131,0.597733537860075,0.005126977577588906,3.331673644137606e-07,0.06005105177462958,0.0030628148553893293,6.341855739525765e-06,1
0.15273752936712276,0.8097719685417027,0.0005090406779065736,2.8232136191301826e-07,0.032605284256985896,0.004369684974587589,6.209860332783005e-06,1
0.01270568839253662,0.9563832849396157,0.006050714960202266,2.49070456192079e-07,0.016787187822196886,0.008064937723048084,7.93709194445621e-06,1
0.060003562206392004,0.9288567908719211,0.0012302556686534754,2.7413088189555486e-07,0.002428159219911855,0.007464841024461054,1.611687777878686e-05,1
0.02759319462399345,0.9360590976168583,0.014463636133460384,2.7373657088054735e-07,0.013978389099007244,0.007895271550854888,1.0137239254784084e-05,1
0.02830422849434985,0.9371856191198775,0.007549200314139981,2.6905491298626756e-07,0.0188164930304891,0.00813404054708553,1.0149439144759875e-05,1
0.026609863891456156,0.9317240502044897,0.011470198042655002,2.776246463147383e-07,0.018448512365101206,0.011734274738085972,1.2823133565575689e-05,1
0.02143205821216203,0.9366565035073786,0.01342495795808816,2.7544200787225665e-07,0.01727819406216472,0.01119490463236785,1.3106185830897155e-05,1
0.021365739597561436,0.9337581462402265,0.01647565782836142,2.745896897148466e-07,0.01722472902013937,0.01116026350931495,1.5189214706806357e-05,1
0.01784881386844898,0.870118867995919,0.037380386027912015,2.350947055146601e-07,0.01395668978695752,0.0606850828380898,9.924387967268758e-06,1
0.048449906562870675,0.7779534057006017,0.049777982322586636,2.2254251515821887e-07,0.0216895255011204,0.1021163020264713,1.2655343834372657e-05,1
0.01880435049829494,0.2634052107026759,0.6827122340212702,5.7292931342199805e-08,0.014769261918143825,0.020305017030164907,3.8685365186447505e-06,2
0.020010236783993607,0.17958041923991103,0.7737210406156639,5.4475846100325634e-08,0.009835453905750547,0.016849832847252284,2.9621315826560444e-06,2
0.03905084893334735,0.297336178456604,0.5149506813276286,1.3903440861937328e-07,0.0919328994071368,0.05672200330689533,7.249533979267339e-06,2
0.02215875079843512,0.36941076850985705,0.5246047330447191,1.4160659888483473e-07,0.056308322917173304,0.02751493942159508,2.3437016214762074e-06,2
0.09828597973446239,0.6045758113063351,0.14400503959526717,3.7502188457538354e-07,0.03674124687121276,0.11636105495763205,3.0492513206046516e-05,1
0.08436676372090215,0.6381691075494843,0.13904386962478146,3.7337470775507406e-07,0.026887812626419837,0.11148913758911827,4.2935514586313313e-05,1
0.016486929803774423,0.8399768623601691,0.05476612836200243,2.2447405731228866e-07,0.0717908417199231,0.01697495128892008,4.0619911535851945e-06,1
0.012604595480978793,0.8541447047328803,0.04656805580581391,2.011599035552784e-07,0.02768660584216779,0.05899165492963727,4.182048618564289e-06,1
0.020287450721529834,0.7593161575611085,0.08179239320642226,1.8754403853239076e-07,0.0036520063697250142,0.13494465689175952,7.1477054163177275e-06,1
0.0012108857797382183,0.2176032331292869,0.3307175007460208,1.5240028882596152e-07,0.006021614910161322,0.4444433933257552,3.2197087488589437e-06,5
0.005498736292938713,0.3977326942597907,0.10942933772832057,2.5128107316932346e-07,0.002783378679498776,0.48455308846026085,2.513298117173581e-06,5
0.007856757377801758,0.6098737865522714,0.06399228629738077,3.3392363647988426e-07,0.0032470787805227645,0.3150226785405397,7.078527847271666e-06,5
0.009404541857643386,0.5135794476524977,0.06914539581648461,2.768203366147909e-07,0.0032020302589396434,0.40466158214118975,6.725452908244262e-06,5
0.002096610557467453,0.367707719866747,0.07753421159665644,3.774211910658426e-07,0.0007247238477181993,0.5519136302181694,2.2726492050449765e-05,5
0.0019172610116285347,0.3310965251651736,0.0512806609132377,3.953468521163002e-07,0.00048468323270869386,0.6152109238354412,9.550494958077386e-06,5
0.0010187449915991921,0.04386376642513851,0.942026637452937,2.2008034185985985e-07,0.0009850616286008057,0.012102008679617424,3.5607417652577172e-06,2
0.0011290151277347045,0.04998854942136737,0.936070958512067,2.3615629706913955e-07,0.0011499216188893082,0.01165704616045643,4.273003188061516e-06,2
0.002278005039250961,0.1171382852240961,0.08918316135600528,6.283378523179896e-07,0.0007995204053546768,0.7905978799905641,2.5196468765748438e-06,5
0.9843053534247682,0.003479615332767689,1.7106531738634374e-05,2.8064166907605636e-08,3.102383013369217e-05,9.683619319105211e-06,0.01215718919710597,0
0.8786013542065747,0.0017265171780122528,1.6719850046539763e-05,2.6697482097717538e-08,1.6040319104707372e-05,1.0015003371922404e-05,0.11962932674540797,0
0.7718886867513017,0.001855138204427584,1.323019735071849e-05,2.112536631231193e-08,1.3672893700074764e-05,7.889086211202907e-06,0.2262213617416421,0
0.7839497374081855,0.002113789948751991,1.4463769612518796e-05,2.6057896590434812e-08,1.4969232795527947e-05,8.754021471619358e-06,0.2138982595612863,0
0.6302810140992567,0.003335839724651646,1.1559482011393685e-05,1.5175414597859076e-07,1.3694823200986388e-05,9.209395741468283e-06,0.36634853072099194,6
0.35983650143225704,0.01378988380444594,8.406081737254035e-06,8.263351140801352e-08,7.696812421239365e-06,6.0466610174955875e-06,0.6263513825746096,6
0.5023260236822512,0.17664696343336717,1.4509292563936484e-05,1.9047958201097889e-07,1.9671178143503958e-05,1.018150250163741e-05,0.3209824604315904,6
0.635165011331063,0.36294044521339996,1.564119386344531e-05,1.4893088992154775e-07,1.2592117136688308e-05,1.0301382755522787e-05,0.001855859830891481,0
0.47113042040458086,0.5272203539101362,1.5707493130924103e-05,1.8220569967050885e-07,1.2295869960813694e-05,9.132581230676817e-06,0.0016119075352607631,0
0.46584247985311233,0.5340555656975461,1.5018831941069802e-05,1.916941110613626e-07,1.3322729488003341e-05,1.0315045227089238e-05,6.31061485743165e-05,0
0.8657500256824752,0.13420821587112663,1.3113028040012235e-05,8.788712340247781e-08,1.326465724270935e-05,9.1262553492986e-06,6.166618642605867e-06,0
0.7191437104020986,0.2807658932943635,1.6882512591233265e-05,2.0787705614953765e-07,4.950511693604575e-05,1.36466994038984e-05,1.0154097550404896e-05,0
0.766814611969683,0.22445207861379876,1.6153649291032906e-05,1.5266647412791923e-07,0.008697256162613052,1.1316370513929318e-05,8.430567626128801e-06,0
0.8237967862314132,0.1597232072150821,1.863659722294889e-05,1.6955114705060809e-07,0.01643866196768843,1.3310996217091523e-05,9.22744122931534e-06,0
0.8182531214296238,0.17567326194135555,1.698247691124456e-05,1.205942172115526e-07,0.006040046252058289,1.281621369519175e-05,3.651092138596386e-06,0
0.9241561973495361,0.07508218540037506,1.2243765874292355e-05,1.4485112278049072e-07,0.0007373562873636134,9.240037286606106e-06,2.632308441464411e-06,0
0.6558098897572789,0.3406707521263612,5.362514884227056e-05,3.0576125425765684e-07,0.0033547096933363094,8.304251388441015e-05,2.7674999042611648e-05,0
0.7361062881465436,0.2611055423039161,3.794513226567109e-05,2.3620185801764613e-07,0.0026591161171437925,6.949304483328366e-05,2.1379053439494952e-05,0
0.7613136998268333,0.23640574236581402,3.361324855354256e-05,2.138578718020909e-07,0.002154015780747035,7.43426468428919e-05,1.837227333739678e-05,0
0.8060520377645615,0.19100928312499915,3.0145611053744327e-05,2.471423956781781e-07,0.0028120659486494033,8.939331540228976e-05,6.82709293831573e-06,0
0.7779653854935761,0.21856597800705158,3.611182693235885e-05,3.4682472079949714e-07,0.0033014105028581803,0.0001261038396310793,4.6635052300821e-06,0
0.041794000877464335,0.8919683636246021,0.002429999205092852,5.781843674883661e-08,0.061877833653193035,0.0019265886376065517,3.1561836046348874e-06,1
0.02858574564954277,0.8647520499335746,0.002877997653190164,6.035155879044413e-08,0.1011003133367313,0.00268053861413567,3.2944612666718406e-06,4
0.014001163599508844,0.3036129195655877,0.0005421756214054209,2.0895417333269646e-08,0.6804824463750352,0.0013601333073364177,1.140635709086275e-06,4
0.02109909559137292,0.660058134027084,0.000683129102082589,7.298352519124558e-08,0.3133404728704355,0.00481316742753586,5.927997963944064e-06,4
0.012724828066713066,0.935391756040877,0.003574237383962507,2.0082806530141247e-07,0.03952443269893025,0.008771052773487447,1.3492207964443005e-05,1
0.012059843753214098,0.9514134440252539,0.003642001780852628,2.0426791238151085e-07,0.02982902989774698,0.003039891505070458,1.5584769949679533e-05,1
0.049505712382341464,0.8883484640786979,0.009034860285394236,3.2490093724241137e-07,0.03273424963159327,0.020353605331033826,2.278339000200756e-05,1
0.040190877904797084,0.5314274308088442,0.0014929572699729438,1.6007018198602555e-07,0.03901692266773064,0.3878653101656922,6.341112780935947e-06,1
0.03541880539632363,0.921204950393341,0.0009303470853609638,1.625445874161663e-07,0.005619485584668196,0.036812401982955455,1.3847012763062843e-05,1
0.03243210164512996,0.9509788556853178,0.0006087439572061074,1.4436684491142847e-07,0.0045958461617826366,0.011372009714874688,1.2298468843711514e-05,1
0.09703287071862096,0.8915455317719091,7.303231223712332e-05,7.904741829178565e-08,0.010958791621312247,0.00021109359532795697,0.00017860093317442917,1
0.22272239218535758,0.7768363489983203,3.42051501049842e-05,9.926989667489585e-08,0.0,1.4510897047317231e-05,0.00039244349927288104,1
0.0964235792054711,0.9034944175178182,1.6952040995745027e-05,1.9758273895395305e-07,0.0,8.150323293886255e-06,5.670332968201607e-05,1
0.13132537256226584,0.8685818507048838,2.074686142149384e-05,2.7819325683878124e-07,8.673993675400448e-06,1.1570997029382521e-05,5.150668746728227e-05,1
0.15748331980645888,0.8424656695612792,1.8170953908851635e-05,2.524125669042214e-07,8.236698359855867e-06,9.714837641312143e-06,1.463572978499286e-05,1
0.21200840174472213,0.7879286295359449,2.6385385407073496e-05,3.1895509522152393e-07,1.2201652027479122e-05,1.3349396653408412e-05,1.0713330149983872e-05,1
0.5814773043128517,0.4184544295026965,2.1027283288793557e-05,3.6763945362170233e-07,2.2521939739979023e-05,1.574307732523204e-05,8.606244644004453e-06,1
0.5990834610049423,0.4008523040054329,2.1668952775091926e-05,3.7885835508931016e-07,1.709481156307175e-05,1.6223493753797536e-05,8.868873177792246e-06,1
0.6317375870027437,0.3681999737154575,2.7935506379553733e-05,3.4799759161138514e-07,1.324844026506105e-05,1.4901972407373715e-05,6.005365155365312e-06,1
0.3705918417633834,0.629342526903201,3.1465059499799535e-05,3.2295380625889875e-07,1.2354623029878694e-05,1.3461564666039325e-05,8.027132413491961e-06,1
0.3205095827384405,0.6793622978457362,3.268609762066524e-05,2.3564836450453837e-07,1.598678279367472e-05,1.4134092518833534e-05,6.507679452557432e-05,1
0.4521116308435827,0.5476204918705655,4.130168058562086e-05,2.6297718573642193e-07,2.4468327533378512e-05,2.3680758890194623e-05,0.00017816354165681994,1
0.3704381719931112,0.6292789392696001,4.0851574729660685e-05,4.1491453286772594e-07,4.415749479525558e-05,2.680795272141182e-05,0.00017065680050942566,1
0.7582472741198013,0.24169997641168386,1.941403096749994e-05,1.8024356607013859e-07,1.5706967658887e-05,1.3232204978828185e-05,4.216021343714686e-06,0
0.7775016163790001,0.2224430222975808,2.0417714944073237e-05,1.9045487861504688e-07,1.6895206492522635e-05,1.2955541772058534e-05,4.90240533202065e-06,0
0.9510083456786097,0.04892835906686264,2.441446977785866e-05,2.0285033035051091e-07,2.3131203892810817e-05,9.703271949476893e-06,5.8434585772009145e-06,0
0.8121421354762245,0.18778132349866214,2.2398301597518313e-05,1.8001313870269283e-07,1.491406689255676e-05,1.4162781430680106e-05,2.4885862053871507e-05,0
0.514163842287092,0.4857188386246455,2.8738047168519855e-05,2.075994254168545e-07,1.59540888766449e-05,1.952055361765316e-05,5.2898799174403054e-05,0
0.4331208703843378,0.5663603686900758,3.2621875155209225e-05,1.9662248267114026e-07,1.5110506964954553e-05,1.9328080007092275e-05,0.00045150384097656455,1
0.5602210689319352,0.43802476428022136,3.3816668320708314e-05,2.2274752315108754e-07,1.8019195480545896e-05,2.4085105105496677e-05,0.0016780230714134106,1
0.4161198885998442,0.5822034404503188,2.722189460033113e-05,1.7891331592749834e-07,1.2112499165556639e-05,1.623869178531553e-05,0.0016209189509699337,1
0.689418276820384,0.30055403829183186,3.9655664088799704e-05,2.944663013267102e-07,2.653878237341498e-05,2.5181267028628228e-05,0.00993601470799196,0
0.05390462096473073,0.0006228462345753648,3.789527819635103e-06,2.1435276630717824e-08,1.6272110302261765e-06,2.0652030075971647e-06,0.9454650294235598,6
0.029401885006389773,0.00015708858955447316,2.167097962662319e-06,1.2056107224204931e-08,8.719644994535758e-07,1.079500926235885e-06,0.97043689578456,6
0.00777928267265612,3.927762958879844e-05,4.0893148149110115e-07,3.570867126740552e-09,2.555505061720793e-07,2.1684982827682738e-07,0.9921805547950721,6
0.014014289503603025,6.501791198676774e-05,6.811741972399733e-07,5.948142069274864e-09,4.6481238742725154e-07,3.6019948216364807e-07,0.9859191804502012,6
0.22167085794200198,0.0064960621566706594,1.1021292868497469e-05,1.0038509421929984e-07,6.041422257681761e-06,5.381023378716644e-06,0.7718105357777283,6
0.8223524242222783,0.041754229440298024,1.6512149969478964e-05,1.339071780085133e-07,7.190279659434802e-06,7.328240156928012e-06,0.1358621817604601,0
0.9313736889135412,0.05107505745278874,1.1047011303207737e-05,1.3572139689433474e-07,7.539006820787109e-06,7.072967607310556e-06,0.017525458926542115,0
0.9431873690909353,0.0463786659723922,2.0968997527075325e-05,1.5035403304594673e-07,7.639639218824705e-06,7.068384868119392e-06,0.010398137561025578,0
0.9486878299680804,0.04116496392701064,1.4537235325587272e-05,1.5287170210520776e-07,6.469932147577065e-06,7.1900503160955535e-06,0.01011885601541774,0
0.6194174480385082,0.3608240067896552,4.7766582361329444e-05,2.9424956868780833e-07,1.5881566863023158e-05,1.548585885794513e-05,0.019679116914185713,0
0.4346651633729513,0.5504852759924354,2.481945911671268e-05,2.0989193960316134e-07,1.132852254527481e-05,1.1046259019544903e-05,0.014802156501992252,1
0.29877317282458915,0.6864586809565951,2.413984768441056e-05,1.9401513618562584e-07,9.832200978750096e-06,8.476866222634635e-06,0.01472550328879366,1
0.2728400634262621,0.710606038186262,2.4882849266337868e-05,1.9998673778760512e-07,1.0720594620865158e-05,8.737776113017711e-06,0.016509357180738152,1
0.21107311722461877,0.7825918310887698,1.6701172898436306e-05,1.4660237551961876e-07,5.776646264833625e-06,6.423264473546007e-06,0.0063060040005991636,1
0.26067138424337305,0.7327027605746979,2.5124049335715345e-05,1.9219625218994097e-07,7.042504015554566e-06,8.352891974560317e-06,0.006585143540350901,1
0.27800637808197515,0.7129231586228468,2.1299235031452434e-05,1.869640217097545e-07,7.367036269636667e-06,8.191677346448182e-06,0.009033418382508918,1
0.3376638376616445,0.6478561168297051,1.9905720114556222e-05,1.8095859951409876e-07,6.920400993012482e-06,8.318415634048038e-06,0.014444720013309317,1
0.407922695071683,0.5919846198794131,2.601882438542003e-05,1.8542711939752518e-07,8.97128943242224e-06,1.0522222719057125e-05,4.6987285247552794e-05,1
0.45684564415236667,0.5430726698885181,2.5127326794512812e-05,2.247309478042929e-07,1.0800316776150665e-05,1.3012795976907027e-05,3.252078861966176e-05,1
0.41709700206346817,0.5828273875683844,2.2941080450282e-05,2.0517784463933737e-07,1.1074088138793001e-05,1.2905096120981577e-05,2.8484925592816822e-05,1
0.23194955912361898,0.7679976073311966,2.3850669451412894e-05,1.546183682661783e-07,7.928395048637714e-06,1.0782063142892303e-05,1.0117799173182112e-05,1
0.1479490462528188,0.8519792065019555,3.308456353852666e-05,7.514718559681743e-08,8.721600360168478e-06,1.1166303394347639e-05,1.869963074728346e-05,1
0.20557960157024344,0.7943474470346247,3.0846572759664135e-05,7.00638872112333e-08,8.131631531948888e-06,1.0410963702426643e-05,2.3492163250825792e-05,1
0.2062031331911978,0.7936891794065607,2.6692349108639605e-05,7.807005311486023e-08,7.771616271267113e-06,1.0379493171166668e-05,6.27658736373195e-05,1
0.166234474639495,0.833689149535794,2.6963160482474053e-05,6.945006630873581e-08,6.4792950102421145e-06,9.981278405895205e-06,3.288264074613453e-05,1
0.202527912449167,0.7974206940433427,1.4286397348182957e-05,1.2010454549987527e-07,1.4849039276241921e-05,8.44735084400529e-06,1.3690615476277758e-05,1
0.16790937355674854,0.8320174896809378,1.5166670622403484e-05,1.27504929161288e-07,3.275155084355866e-05,9.10235553273402e-06,1.5988680385657903e-05,1
0.1206788757914527,0.8792507660258241,1.4590465166837377e-05,1.2266081817454455e-07,3.15072683807726e-05,8.756542859205244e-06,1.538124549800957e-05,1
0.1218679353206688,0.8780652641627634,1.4570792708982844e-05,1.4158687806847318e-07,2.798289382461351e-05,8.744736332245387e-06,1.5360506823789807e-05,1
0.12186367136051904,0.8780345420923072,1.457028290072772e-05,1.224911475543608e-07,6.24778878627418e-05,9.25591587791889e-06,1.5359969384726743e-05,1
0.1438581061086726,0.8554564443885723,1.799285181555983e-05,1.3657335361749046e-07,0.000638402823639913,9.937554274201589e-06,1.897969967149578e-05,1
0.13243205029734506,0.8669890145859044,1.6605695793359884e-05,1.2604425284544312e-07,0.0005223234641331051,9.171420122778377e-06,3.070849244869115e-05,1
0.08598298806774501,0.9119943851443101,2.0294542251033154e-05,1.757620129302183e-07,0.0019803594053280377,1.2980884626985235e-05,8.81619372582376e-06,1
0.08419593872969107,0.912756096768504,2.7539727177145086e-05,8.470352009706349e-08,0.00299048599681719,1.338452866858578e-05,1.646954562181556e-05,1
0.29042194600624416,0.7073018301997211,4.1160486016487986e-05,1.4151415139811432e-07,0.002216153490093327,1.2589829793517833e-05,6.178473980013433e-06,1
0.1269657670745325,0.8706096237296501,5.254194694430249e-05,1.9733518944354662e-07,0.0023479119064650947,1.6071097138742063e-05,7.886910079841623e-06,0
0.5312906567146034,0.46437787843278816,4.5482854651086314e-05,2.623364733613802e-07,0.004257587018396971,1.970939669776406e-05,8.423246389187084e-06,0
0.6989396294916683,0.2921083809892516,0.00032379434579972514,2.8249500366544847e-08,0.008377849228476487,0.00024092680317534343,9.390892128161552e-06,0
0.6469570082159991,0.31403412176443407,0.007423121051239853,3.171570796005005e-08,0.01728969223682961,0.01428790158848606,8.123427303378152e-06,0
0.7729819329886578,0.21534568365037027,0.0025184885467434167,1.5480029611696246e-07,0.00869533343898668,0.0004551028239780275,3.3037509677129177e-06,0
0.701681165469149,0.2874859430266356,0.004401194020347462,1.9452625819085245e-07,0.005808491736676515,0.0006078100705946341,1.5201150338460001e-05,0
0.6230873800733906,0.366045460107659,0.0044303764264755335,1.9344219767380684e-07,0.005776122037007805,0.0006433709497287085,1.7096963540561893e-05,0
0.07476231132319154,0.8894211529452404,0.015856002832021283,3.1419909135294966e-07,0.018000876823347552,0.0019526919636063194,6.649913501439919e-06,1
0.07019074582664203,0.9019372353748885,0.010423862903754149,3.1879837660937266e-07,0.014812988376771098,0.002624586758339676,1.0261961227821438e-05,1
0.4475540220082609,0.514604696434207,0.000537031244879905,2.787510961798814e-07,0.03473145953659336,0.0025663806951789097,6.131329783753795e-06,1
0.04428263819895741,0.9254596083547085,0.00799669122683397,2.472178814930928e-07,0.017677330724444423,0.004578888707456734,4.5955697173660926e-06,1
0.04054274261744782,0.9244427103991175,0.006915187524436621,2.417704863683305e-07,0.02259626809057802,0.005497783900079859,5.065697853727071e-06,1
0.036244885655820284,0.9324389557110676,0.006964489041857696,2.415419052381178e-07,0.017174258388651376,0.0071721087521919,5.0609085059530145e-06,1
0.025844290418109837,0.9237872596467496,0.02013146974922514,2.7703871756485435e-07,0.019206279598349984,0.011021953666814755,8.469882033133412e-06,1
0.016257946029819087,0.6140810182467769,0.02090143351261523,1.9193708438917066e-07,0.018179231991524027,0.33057222025789085,7.958024289439101e-06,1
0.04214791876272946,0.6326015164888835,0.02149802153712676,2.0504176452692155e-07,0.033912121812959786,0.2698317149908533,8.501365682653656e-06,1
0.03139893877127182,0.36645562645460344,0.18557505101030836,9.176992887594504e-08,0.018203340252831917,0.39835840682290874,8.544918147056428e-06,2
0.01912695389057308,0.24952638104377323,0.6446330810717372,7.815226660177813e-08,0.07582056373115471,0.010890991859243963,1.950251251311454e-06,2
0.005062317524574146,0.36655874541817574,0.32833556720643453,2.898136110989303e-07,0.036722261679887666,0.2633146955643328,6.122792984068626e-06,1
0.0010513840259670914,0.18893983820702404,0.48353959951878667,1.3232563459373302e-07,0.005228428504988788,0.3212378218192002,2.795598398676892e-06,5
0.0022163390670206238,0.12155920808427728,0.5857742400596425,4.640550822984748e-07,0.001009009280937426,0.2894231239559035,1.7615497136267638e-05,5
0.0016354549615903917,0.0610853831058568,0.9152544684293374,2.743842346916365e-07,0.0012072839696938046,0.020812698135547078,4.437013739567323e-06,2
0.0006437290618411649,0.037562902403582246,0.9531601048296224,1.413812360502849e-07,0.0005094754298943968,0.008120956419164549,2.6904746591221087e-06,2
0.0008857727082630644,0.03800592241098024,0.9410773679393245,1.6645600168031322e-07,0.00034896090830087006,0.019677202328714165,4.607248415551675e-06,2
0.0007916795178114482,0.03386843346755058,0.9486604874300301,1.678052217156702e-07,0.0001453569377951186,0.016528885367194553,4.98947439656081e-06,2
0.002344822780249014,0.06941565313806294,0.07342757734886965,5.863808216710954e-07,0.000606016653981552,0.8542032694832382,2.074214776886536e-06,5
0.002659876295281441,0.2831867700761517,0.13573117417035618,1.0241544118513822e-06,0.00018752802549537421,0.5782191445445273,1.4482733776183376e-05,5
0.0010608889474319973,0.1683117101751527,0.025706712077943596,3.349716620618806e-07,0.0001178749021012945,0.8048002745508264,2.2043748819317132e-06,5
0.9732056871466501,0.0038629445398948516,1.9052392186481414e-05,2.1638624273436758e-07,3.4370806623436764e-05,1.072832740501892e-05,0.022867000400997498,0
0.9823146621265306,0.002017134776821144,1.0355486121022363e-05,1.9168168258817456e-08,1.8011989176592234e-05,5.8620056357644415e-06,0.0156339544475465,0
0.9908817864924889,0.002296962474653219,1.2932541573708987e-05,2.0980421945854536e-08,1.8985241548997887e-05,6.416228719754691e-06,0.006782896040593462,0
0.943353327221558,0.002028862787046019,1.3398237955023257e-05,1.4646041681639545e-07,1.1842376859543344e-05,6.475521024050178e-06,0.05458594739514066,0
0.9302933438561841,0.0012220801531762527,1.1546330591115087e-05,2.0801844650639173e-08,1.093390900757242e-05,6.19724327338898e-06,0.06845587770592314,0
0.9204606056789143,0.001004023182395961,1.1183063946556119e-05,1.785659851492514e-08,1.1988020208015267e-05,6.924034170412759e-06,0.07850525816376631,0
0.16039507003476006,0.0004871044624581318,3.504678795990634e-06,4.375664009424071e-08,3.797907316253705e-06,2.401690881933762e-06,0.8391080774691475,6
0.6488668393379838,0.005257608547658164,1.3079375765607421e-05,1.7170747766088917e-07,1.5100601087716808e-05,1.042028936574519e-05,0.3458367801406611,6
0.11507869608569517,0.0012037344838398798,2.491377032653704e-06,2.4490748351526624e-08,2.2924815499451557e-06,1.6299077985639996e-06,0.8837111311733356,6
0.6835000732066577,0.31645222564033015,1.5215538871102794e-05,1.850799756549685e-07,1.7346872570906164e-05,1.118901176753569e-05,3.7646498268432035e-06,0
0.7574369015230409,0.2425144219236762,1.5528794739491977e-05,1.8222447480526118e-07,1.770400810695714e-05,1.141936993147249e-05,3.8421560302500824e-06,0
0.8433805304187937,0.15655886516122647,1.431856666349277e-05,9.596697509233893e-08,2.4020259047869107e-05,8.015669130141856e-06,1.415395816329014e-05,0
0.70489343969206,0.2950458958228033,1.6708933505432643e-05,2.403797417516242e-07,2.666361192201882e-05,1.228720554684548e-05,4.764354420924716e-06,0
0.8192623243821292,0.1739277111178242,1.6813733095421746e-05,1.2530406382764443e-07,0.006776721781950125,1.2688867324304276e-05,3.6148136132312487e-06,0
0.8124915530669166,0.18136995637152925,1.5870811519942807e-05,1.8776125676562976e-07,0.00610704262546527,1.1977270042452923e-05,3.4120932698127586e-06,0
0.7363045709294777,0.26117587553486554,3.7724325610368515e-05,2.3626548301650312e-07,0.0023797093582523603,8.158630196222602e-05,2.0297284348683172e-05,0
0.04313419012083204,0.885672704098822,0.0026868641428456053,6.349280959743472e-08,0.0648125131579789,0.003690199051347056,3.465935364772027e-06,4
0.006764906408419957,0.20214706823553158,0.0001764892983070664,2.2476802057199814e-08,0.7897971598226351,0.0011125281074264755,1.8256508778098424e-06,4
0.0874638653196095,0.673172725918314,0.002711941932054101,2.764930113316153e-07,0.05817894265273134,0.1784664394531536,5.8082311262362716e-06,1
0.03194266108898387,0.9413277204641014,0.0006634887985830345,1.4233006862677382e-07,0.004839208896990021,0.021214653463388168,1.2124957884918975e-05,1
0.027481491924176392,0.9344209134879051,0.0008534130390529299,1.5615770928520612e-07,0.008562879471868299,0.02866784299836081,1.330292092708494e-05,1
0.031183369092594285,0.9476009856331655,0.0006175902973370082,1.4385405491716658e-07,0.00554983876603388,0.015035817572043433,1.2254784770878408e-05,1
0.12005381761545965,0.8748434261306955,0.00012889160832286193,1.0604884056677543e-07,0.004550926849189983,0.00031443213135194567,0.00010839961613948671,1
0.2865001163857082,0.7131170061949965,5.897908361293209e-05,2.060094478535506e-07,1.7713484632701864e-13,1.4412435660792335e-05,0.00030927989039638426,1
0.1449823151776263,0.8549559693491644,1.5632894211834257e-05,2.0962041757799363e-07,7.246928635523486e-06,9.221341680981037e-06,2.9404688263275672e-05,1
0.4108591613313771,0.5890330254067627,3.725562341030179e-05,2.776180012641591e-07,1.883407379107335e-05,1.6208347560042688e-05,3.523759909761167e-05,1
0.34812872513691917,0.6516353541096892,4.480504461527894e-05,4.711743711741905e-07,4.954864396966293e-05,3.0722986358637984e-05,0.00011037290407694744,1
0.3607081505671179,0.6391741423809152,3.318030388434385e-05,3.7634723448058085e-07,2.671235827866308e-05,2.463001443215721e-05,3.280802813725902e-05,1
0.7913545358374565,0.20859346023041334,1.9146484192634445e-05,1.921100301882937e-07,1.5062765306215062e-05,1.3005396744073577e-05,4.597175856971524e-06,0
0.7656729114549609,0.2342625250329454,1.9089034583205714e-05,1.5341685686149718e-07,1.2710568140568437e-05,1.1401425418948724e-05,2.1209067094260137e-05,0
0.7943570796671375,0.20556738113792367,2.1448821408783448e-05,1.719954446145055e-07,1.424980190158422e-05,1.589111783043596e-05,2.3777458353415464e-05,0
0.454651137486305,0.5442779227777871,2.908265002662896e-05,1.9469484980249335e-07,2.345264059702606e-05,1.913859281415604e-05,0.000999071157620266,1
0.5200789816707961,0.4760619650546156,3.078631499913312e-05,2.598751810760297e-07,2.433010159888514e-05,2.869572219296194e-05,0.003774981260616254,1
0.42386045713992176,0.5707323311644161,4.533660210701075e-05,3.0778425624296113e-07,2.773906337531201e-05,2.6320151096212123e-05,0.005307508094827344,0
0.42703993811921037,0.5689586492626564,4.5195708195357924e-05,3.068277459225611e-07,2.2645612014510753e-05,2.623835517700129e-05,0.003907026115000339,0
0.42379020995816974,0.5722388475273169,4.485177369984564e-05,3.044928196603837e-07,2.247328133412598e-05,2.601890165856943e-05,0.0038772940650010877,0
0.6974630449945425,0.2902175830390277,4.011840294431427e-05,2.9790240566122354e-07,2.6848461357852737e-05,2.5417162136224908e-05,0.012226690037585855,0
0.024659217829133977,0.00022274047223839758,2.5791438611325096e-06,1.1860225006275979e-08,9.003424254166163e-07,1.1739212569766683e-06,0.9751133764308592,6
0.030699422048393633,7.525431971377211e-05,1.8408263359279792e-06,7.528587089480529e-09,7.171618035235489e-07,8.971386217353816e-07,0.9692218609765443,6
0.12497751627311324,0.004554603687374754,6.832792861527587e-06,5.049016282896857e-08,2.7911732949705917e-06,3.0875528367950686e-06,0.8704551180303559,6
0.9250388834368799,0.05103252389789413,1.2903422041153034e-05,1.4959747361519477e-07,7.821469623910627e-06,6.647921625959854e-06,0.02390107025446156,0
0.8864031852305218,0.048144594629428925,1.2364490404075234e-05,1.5419547031804536e-07,7.494793691330514e-06,7.077885993441072e-06,0.06542512877449023,0
0.9310635809302789,0.04948708444507805,1.0300274534649328e-05,1.51265919451067e-07,7.5364966508855705e-06,6.969035860106069e-06,0.019424377551678106,0
0.9516236666372518,0.043202201875000366,2.1895701059881523e-05,1.4514565419665374e-07,6.864056653680095e-06,7.6075802104639325e-06,0.005137619004169511,0
0.2787918141302785,0.7026064634531378,2.4585634479381587e-05,1.975979833877609e-07,1.0592541791698378e-05,8.633407186529235e-06,0.018557713235142652,1
0.5910496372871201,0.4060113373917606,2.8437933157385858e-05,2.2245884908457156e-07,9.104561932854624e-06,9.052961716821094e-06,0.0028922074054631725,1
0.44114779682372224,0.5570897356069309,2.506552783670973e-05,2.243515436579231e-07,8.260921031304764e-06,1.3357029765906551e-05,0.0017155597391694329,1
0.4182793990327609,0.5798325499406326,2.7595171127463978e-05,2.1476867416049765e-07,8.381379446680553e-06,1.3238178040794338e-05,0.0018386215293174164,1
0.4019050926184907,0.5980093430341519,2.1415739710933508e-05,1.915356743885352e-07,9.160223399596596e-06,1.0926766938706624e-05,4.387008163380982e-05,1
0.43027540893041955,0.5696290108095363,2.4474371810766745e-05,2.1889112275760968e-07,1.0519661347791932e-05,1.2487346239596333e-05,4.787998952321747e-05,1
0.4261512523973505,0.5737729921449152,2.39964571387923e-05,2.146168034843853e-07,1.0383537571934062e-05,1.2427147681459233e-05,2.873369853882179e-05,1
0.45466090070776977,0.545296216527043,1.735875169781893e-05,1.208758251670075e-07,8.205613500634509e-06,1.0422401281798503e-05,6.775122881848777e-06,1
0.3674954246130993,0.6324531407878871,1.849790016779458e-05,1.5292735392890518e-07,7.019771064585823e-06,1.2993193193168544e-05,1.2770807234066727e-05,1
0.2612968202853726,0.738624079741763,2.3344569709890438e-05,2.2307542198194449e-07,9.154508822293966e-06,1.3279484907132778e-05,3.3098334003231404e-05,1
0.16019940954199519,0.8397245616490885,2.9778207872294514e-05,1.7429636142239045e-07,8.172398322762126e-06,1.0602017009444749e-05,2.73018893505635e-05,1
0.19512326033053065,0.8047944188013689,2.606068817295367e-05,7.622256481029475e-08,6.353797882232165e-06,1.0269466846227469e-05,3.9560692634391445e-05,1
0.19803080602828646,0.801871330641807,2.248517545630205e-05,6.335061640079409e-08,6.145835956078792e-06,1.0232929102831696e-05,5.893603877487813e-05,1
0.1985330858691338,0.8013818659131232,3.001651211641705e-05,7.731470345240683e-08,7.213020792098464e-06,1.1111120216972456e-05,3.6630249913978e-05,1
0.08700793688643077,0.9121088326204184,1.7610898552263783e-05,1.5211445847089548e-07,0.0008380523027387457,1.1068379350038283e-05,1.6346798051249476e-05,1
0.07422177511825934,0.9242661314767281,1.62888979824752e-05,1.9334168541131577e-07,0.0014746385820998465,1.1697217536628872e-05,9.275365708376126e-06,1
0.07514883124506888,0.92189726385231,2.727883105399399e-05,7.93914717234422e-08,0.0028966109409224506,1.2828035199304652e-05,1.7107703973941035e-05,1
0.09588693582145945,0.8996801573032974,3.0276244522303135e-05,1.4644588903209573e-07,0.004379736841245342,1.333007507967527e-05,9.417268506985758e-06,1
0.2835970359848081,0.7140696904605487,4.219505075733953e-05,1.6768105503791504e-07,0.0022718562886522927,1.2906273918897655e-05,6.148260259777674e-06,1
0.1406414311359713,0.856434876434128,4.5041702432175845e-05,1.9412229543613457e-07,0.0028551159057877517,1.580943710823659e-05,7.5312622770002055e-06,0
0.666375686898148,0.32706303846445584,3.554729125246463e-05,2.770997861101192e-08,0.006503228277846085,1.5342751440675925e-05,7.128606878416097e-06,0
0.6808973676242631,0.312042840806641,0.0011523536513450565,3.0177341423385044e-08,0.0053902287809979655,0.0005071472011734934,1.0031758238008509e-05,0
0.6453970614539064,0.3423718229307165,0.006330608449573843,2.4869971051808776e-07,0.005183519725455759,0.0007066741499429324,1.0064590693915982e-05,0
0.7312112414854214,0.26103030958662865,0.0034756615084923833,1.7696066468358615e-07,0.003863203686650477,0.0004156300741523276,3.776697989994715e-06,0
0.6633543498165054,0.32796448245862403,0.003313768477855145,2.0429075589801575e-07,0.0048918367133494855,0.0004694656390549079,5.892603855169086e-06,0
0.5288741776783814,0.45883145552387194,0.003940812460534098,1.933078998161967e-07,0.007514071852345423,0.0008314377721082148,7.851404859045909e-06,0
0.09494667690747083,0.8773933667715341,0.010279901567644974,2.8891766800407786e-07,0.015306293944446006,0.0020673398201399218,6.132071096079085e-06,1
0.379199591220667,0.5400387003180854,0.0006141896952255223,3.2171424911750157e-07,0.07742083980411671,0.00271928091258715,7.076335069187414e-06,1
0.3398386852561194,0.623184349165593,0.0004234912113321209,2.976274488720518e-07,0.03350023610501219,0.0030463941058289155,6.546528665682001e-06,1
0.1397166682513414,0.8255848309345535,0.00036988884806114233,2.5265748235841756e-07,0.030899977318164046,0.0034189840947348635,9.397895662868606e-06,1
0.09499214137984319,0.8735607006564906,0.0004110736669399039,2.6595823408387726e-07,0.027643504833320343,0.00338668619063378,5.6273145381000264e-06,1
0.0632737441387935,0.9065207104130942,0.007858589686515734,2.480072766108149e-07,0.016948860143456757,0.0053932373669634956,4.610243899816531e-06,1
0.02673264558968388,0.9411510550429125,0.007066078985979162,2.4043713672784095e-07,0.017403070374899805,0.007641986550635235,4.923018752658308e-06,1
0.06822390112675772,0.9100228333651542,0.0010557906765453029,3.7883706944242784e-07,0.014324076201324738,0.006363556720290622,9.463072857999552e-06,1
0.09567395335497672,0.8731536501933689,0.0022315780180886926,5.005928507738613e-07,0.01256239597631019,0.01636541742119897,1.250444320572661e-05,1
0.016646503120241834,0.5743192508005964,0.024513848436458117,1.5471259316175928e-07,0.08606407830331143,0.2984487502416974,7.414385101423071e-06,1
0.00884586533537016,0.1626341579478979,0.0051066911585408315,4.292401316792802e-08,0.009097569645623383,0.8143136159151307,2.0570734238344935e-06,1
0.009639745103240116,0.18377316614176653,0.005975827877184233,4.6909783039079666e-08,0.00994233732501927,0.7906666285571247,2.2480858821381887e-06,1
0.015894658077850295,0.28984671513395277,0.05390710256768231,7.486607066528071e-08,0.016398420662545245,0.623946057732526,6.970959372664965e-06,5
0.1372850882986121,0.4817459900080623,0.2620944878585422,2.611092434197643e-07,0.06541341452166882,0.05344520137509292,1.555682877807064e-05,5
0.07772855919444015,0.5494459716336438,0.28749586748936257,2.8523500539134666e-07,0.042542331762171155,0.042772222638768724,1.4762046608088683e-05,5
0.04591283993605153,0.3369489601739533,0.5675459413729469,1.705254819714189e-07,0.026772038210896673,0.022809860273554996,1.018950711442139e-05,5
0.04118086887363929,0.32750088958161044,0.5887426357941767,1.4705543072755912e-07,0.02393899481981191,0.018627231752541818,9.232122789241893e-06,2
0.011508087139484955,0.21145524733869756,0.7346942788066775,9.295941110435467e-08,0.02111585337004358,0.02121624643888809,1.019394679704931e-05,2
0.010739165434670217,0.6932018788528105,0.24381314577927377,1.4915254727250507e-07,0.03731429570553143,0.014928213980342438,3.1510948244743385e-06,2
0.015405915502737472,0.6481691823103614,0.10679659181489003,1.8107800394880336e-07,0.0189744554074776,0.21064984831350728,3.825573022408595e-06,2
0.0024124293515243936,0.15249201495438347,0.6396025847403134,1.7042105830870223e-07,0.023997181898215994,0.18149275976587304,2.8588686314317137e-06,2
0.0003313836275783441,0.044083849354295,0.9335460659688288,3.650725758333899e-08,0.002772920102172867,0.019264853947605694,8.904922616777197e-07,2
0.0027638686616795398,0.16682603665589904,0.27723534235101854,5.03826733698229e-07,0.0033976538945907414,0.5497743550217568,2.239588321718462e-06,5
0.0025910221266317664,0.09249475333598856,0.8350133217564577,4.2664444748581135e-07,0.001874209585053414,0.06801936736759023,6.899183830776979e-06,2
0.0015985324129105252,0.07031223963153473,0.8678249774759149,3.3349928797177954e-07,0.0011156309556578832,0.059143534724022354,4.75130067166217e-06,2
0.0008344916546340199,0.03569995743016027,0.940708207759895,1.9572642173876962e-07,0.00016601221772825293,0.02258587591790962,5.259293250948753e-06,2
0.0030820546705477765,0.24258850003512855,0.1596101417959909,1.0218910346304968e-06,0.00019337026377156668,0.5945044173286292,2.0494014897189053e-05,5
0.003248073026963317,0.40178107415301756,0.10994408851269649,1.0913211430917398e-06,0.0004678640232975664,0.4845367263632133,2.1082599668661464e-05,5
0.0011496533589277988,0.17474165565503322,0.025028197326880816,3.402968947351296e-07,0.00020046270149378,0.7988744757889242,5.214871845454898e-06,5
0.0033454831583672215,0.16446647727335797,0.015939073711615192,3.25343556458524e-07,0.00029516023219972493,0.8159513416228193,2.1386580839514654e-06,5
0.9611784237397547,0.0036081500025760497,1.779572246165462e-05,2.021137021813631e-07,3.2103755238036634e-05,1.0020701605803903e-05,0.03515330396466168,0
0.9568893628464267,0.003624087105517768,1.891058591106459e-05,2.3096638818989524e-07,3.243230439419778e-05,1.0482675874327854e-05,0.03942449351548783,0
0.9870339872935806,0.0025178510116534484,1.2424537295764429e-05,1.5496463233012532e-07,2.6951139454665656e-05,6.851521772574927e-06,0.010401779531610483,0
0.9866352659354516,0.00265281367805166,1.4936083439450404e-05,1.6327109680315948e-07,2.736612039406867e-05,7.218779264393271e-06,0.01066223613230203,0
0.9860422070043992,0.0025722919616304185,1.464935005723692e-05,1.6013672265522035e-07,2.2572346358886237e-05,7.0801977545668765e-06,0.011341039003077254,0
0.5394033566528648,0.001438979506978975,1.0262298957314471e-05,1.2457897894801195e-07,1.117129203509615e-05,6.119346450640428e-06,0.4591299863237345,6
0.5443144337835629,0.0016530307921489447,1.1893428233295981e-05,1.373095410169481e-07,1.1842513372670368e-05,6.845839652262274e-06,0.4540018163334889,6
0.5587742051935328,0.003326487738409636,1.4886710750256756e-05,1.5120232504255297e-07,1.4756264152795351e-05,9.923185882308176e-06,0.43785958970494726,6
0.18468199746227687,0.002496932235346597,4.231457079582243e-06,4.053118937364927e-08,5.9179592679206025e-06,2.6974309113370634e-06,0.8128081829239284,6
0.13266070463804042,0.002638686120797216,3.169279159338233e-06,2.7774158275694664e-08,2.5705000882632003e-06,2.032358510219484e-06,0.8646928093292463,6
0.35734911130321423,0.01417407810412807,8.347974222719103e-06,8.206230259571587e-08,7.755053440998264e-06,6.004863131876084e-06,0.6284546206395595,6
0.40250656919321515,0.14952257682726294,1.3997818984919182e-05,1.7364876886946286e-07,1.7320231696301803e-05,9.281862948170412e-06,0.4479300804171236,6
0.5427360138693873,0.18068544865595657,1.9709237885569726e-05,2.17971131583975e-07,2.1906145680115737e-05,1.1650979060732418e-05,0.27652505314089826,6
0.08759136169631516,0.02421747372659274,2.5141632731947677e-06,3.1189241523800936e-08,2.754207712740268e-06,1.6671253540468678e-06,0.8881841978915105,6
0.6773751625513798,0.3060715160822115,2.0783283233055445e-05,2.578252762357938e-07,2.866260976927931e-05,1.3687993216457956e-05,0.016489929654913832,6
0.6454538437071976,0.3507709553278508,1.759405905676038e-05,1.9991292824587723e-07,1.4485156067177198e-05,1.0772609137556166e-05,0.0037321492277618776,0
0.49551119265075366,0.5043904643088192,1.5858592250782477e-05,1.932811757691315e-07,1.3043281343163563e-05,1.0574246447469805e-05,5.867363920981604e-05,0
0.8428860037067721,0.1520228112472151,1.6427323026241725e-05,1.2242434926946805e-07,0.005055974576251673,1.194805063454109e-05,6.712671751144026e-06,0
0.7238082400212109,0.26989917843472405,2.4155634278241042e-05,1.8001945922539509e-07,0.006244488974472052,1.8563654184893825e-05,5.193261670663559e-06,0
0.9229872742562854,0.0721019222714927,2.026399791570172e-05,9.373819750317009e-08,0.004824608775618846,5.4498501806051036e-05,1.1338458683870793e-05,0
0.7361772267889465,0.2613076816228259,3.774336372317065e-05,2.363847177236624e-07,0.0023809103121320073,7.589399999541471e-05,2.030752765940526e-05,0
0.1185996891883755,0.8455830848028472,0.006681933607565857,6.382579364386073e-08,0.02768870581151767,0.001443015619183219,3.5071447170906395e-06,1
0.014152988754601059,0.5252458863652356,0.0007892592637515106,1.3143403591057273e-07,0.4563450352791006,0.003457387574057421,9.311329217863709e-06,4
0.011759519704870233,0.8844480647551093,0.0046479962582575175,1.8989048444915396e-07,0.08563296786414237,0.013500319465577377,1.0942061558901319e-05,1
0.015165243018659609,0.9373686354632829,0.004219655835827904,2.241754770629368e-07,0.02910285226102789,0.014129751278570902,1.3637967153526435e-05,1
0.028861298706337257,0.9391610749334696,0.0007742806575679469,1.691043331319446e-07,0.007167049838293424,0.024021720928980844,1.4405831017750509e-05,1
0.17698256090344774,0.8210046601881533,1.8210844535964924e-05,7.964314838168607e-08,0.0,1.1641933409840218e-05,0.0019828464873048735,1
0.20036061211854736,0.7995751167844634,2.556474351315556e-05,2.8497667560939347e-07,1.0025303445466431e-05,1.096656831195768e-05,1.7429505043146517e-05,1
0.2748438195841509,0.7251012613136161,2.6188213796764733e-05,2.6892002249662196e-07,1.0287556420588605e-05,1.1515708302688929e-05,6.658703690297762e-06,1
0.2461559586987118,0.7537818277898725,3.254120159010972e-05,2.802724638181347e-07,1.0721844948167289e-05,1.1730391978650711e-05,6.9398004350460845e-06,1
0.376441598274203,0.6234511781271772,3.861229271114116e-05,3.964996889482021e-07,1.5168126504420847e-05,1.697893194282975e-05,3.606774777244587e-05,1
0.39074008071848765,0.6091128703226881,3.5125967299017374e-05,3.0198976405361825e-07,2.1709389540328774e-05,2.1668635558188363e-05,6.824297666245913e-05,1
0.2481694158811347,0.7517595495508281,2.5966143372174998e-05,2.9452069764964945e-07,2.0904477767605824e-05,1.7722341335398305e-05,6.1470848642840425e-06,1
0.9424213816699836,0.05750680570234732,2.8170015855340105e-05,2.2277112624860998e-07,2.5481640537554172e-05,1.119587388759647e-05,6.742326262561611e-06,0
0.5008773440252902,0.498528786890299,3.567362719856953e-05,2.2576622165093928e-07,1.7350213558302886e-05,2.2192922882916914e-05,0.000518426554549487,1
0.3796931075192866,0.6187801578213818,2.539590747101346e-05,1.642236645752035e-07,1.160602264635776e-05,1.4897606728187251e-05,0.0014746708988213491,1
0.42917377319319383,0.5689946717544706,2.842063845351967e-05,1.836869171030871e-07,1.2988335773863654e-05,1.6434093067900184e-05,0.001773528298123295,1
0.4080709237366628,0.5902721274897808,2.7023170825708327e-05,1.7135317375372317e-07,1.1824200824762104e-05,1.5626014351006155e-05,0.0016023040343813484,1
0.33738505802860336,0.6606501175705966,3.28880352905239e-05,2.085421160197253e-07,1.7721131709851533e-05,1.8603947570460327e-05,0.0018954027441133844,1
0.30541373715020403,0.69114270080008,3.273962956822891e-05,2.315543471675517e-07,2.167864114196358e-05,1.9772078852504197e-05,0.00336914014580631,1
0.3907011416941939,0.6050095336043007,4.098244249316282e-05,2.69178792167858e-07,1.9866907641091953e-05,2.3018807291303514e-05,0.004205187365287816,0
0.40104149060416255,0.5908442853699118,4.269708923330718e-05,3.942856062695081e-07,3.071745443436269e-05,2.9104548408577787e-05,0.008011310648243154,0
0.5282525044637116,0.42568643354222824,6.876363582136946e-05,4.351071736942635e-07,5.264237793488177e-05,4.083470436499089e-05,0.04589838616876518,1
0.5648250216167833,0.39124929857505125,6.0429166192131305e-05,4.1501786417033827e-07,5.021182958186289e-05,3.540950372533467e-05,0.04377921429080185,1
0.18885862882129792,0.0020708939927494806,1.2320338903609163e-05,7.447308892197617e-08,5.653457794670705e-06,7.928565863212062e-06,0.8090445003503022,6
0.17812960570544084,0.001567442402728448,1.0337132229878117e-05,7.092026900221146e-08,5.383753425492475e-06,7.5503249826236514e-06,0.8202796097609237,6
0.05201097291985767,0.0006841946848649844,4.4208981889543115e-06,2.4642740314566362e-08,1.8706984540333793e-06,2.623519347220411e-06,0.9472958926365468,6
0.03709254010421026,0.00024403819451423298,2.504961687537693e-06,1.3963026906649992e-08,1.059971923352075e-06,1.3820559128330065e-06,0.962658460748725,6
0.799971786565784,0.042185722374484806,1.6368056545359357e-05,1.3215896360882673e-07,7.3059493027482275e-06,7.232566906567312e-06,0.15781145232801294,0
0.9037426746900091,0.05108318526699784,1.3531424319728859e-05,1.5563195388612954e-07,8.436250195530235e-06,8.517156071327213e-06,0.045143499580452405,0
0.8930388453915437,0.05146258500951438,1.2457051619730525e-05,1.553497855962936e-07,7.550900105140056e-06,7.130871414628065e-06,0.055471275426016965,0
0.9410278962592845,0.046018772865047256,9.740826745164744e-06,1.349137245908733e-07,7.62887978411291e-06,7.108702424869337e-06,0.012928717552989353,0
0.9400601449213078,0.045785195331244075,1.5397435754973058e-05,1.7357711806731725e-07,8.50715861735122e-06,7.745248019772242e-06,0.014122836327937935,0
0.9465189797563379,0.044630293128082726,1.4856597469335402e-05,1.4975359672089597e-07,6.393426248139861e-06,6.944331426293371e-06,0.008822383006838979,0
0.3062948795371077,0.6791044189699448,1.8589851654292317e-05,1.6354812305578466e-07,6.444367977136345e-06,7.518080198451446e-06,0.014567985644994442,1
0.34354839447105073,0.6146105687576482,1.9592984650849607e-05,1.8831954715897353e-07,6.785847514953815e-06,7.726080794685854e-06,0.041806743538793364,1
0.5976455295042645,0.39017475185823347,3.1567985937873374e-05,2.4272581280870424e-07,1.2936932581909091e-05,1.0226650445166183e-05,0.012124744342724337,1
0.39026812993727533,0.6029661545699572,2.6080686181873682e-05,2.2225811430305994e-07,8.102954026437177e-06,9.364294704702604e-06,0.006721945299740095,1
0.4339645206740158,0.564242185677436,2.845473846583383e-05,2.5468701639878543e-07,9.377913322392643e-06,1.516308737423019e-05,0.0017400432223691642,1
0.4754590057891977,0.5244794196893436,2.23895270147757e-05,1.4685379434531166e-07,7.659299124723923e-06,9.813291655002072e-06,2.1565549869813407e-05,1
0.3709191474292966,0.6290459743136457,1.341041442605289e-05,9.810863591750296e-08,4.4769880895359135e-06,8.334313705924261e-06,8.558432200351402e-06,1
0.4120143388445687,0.5879440789852227,1.746864717421862e-05,1.2779807477517045e-07,5.803342535454869e-06,1.1019265568676097e-05,7.163116855410783e-06,1
0.2950601754034205,0.7048922859942315,1.267183158967912e-05,1.5989300033853103e-07,6.398567074718631e-06,1.2453425016386391e-05,1.5854885666942997e-05,1
0.29146946359720777,0.7084803344625878,1.2339444631450277e-05,1.5801984788543902e-07,6.320700211436845e-06,1.2301874031327196e-05,1.9081901482162013e-05,1
0.3222567627119118,0.6776732952866803,2.1418190817556404e-05,2.0466738149780303e-07,8.399084636536483e-06,1.2183670345370652e-05,2.7736388227004963e-05,1
0.2104270031965818,0.7894874486357765,3.404199948683702e-05,7.732187400765141e-08,9.189885839232111e-06,1.2415006421037447e-05,2.9823954020557996e-05,1
0.20861086881013274,0.7913016143100579,2.570797218614004e-05,7.335501684596438e-08,7.055821870147938e-06,1.2020062253587468e-05,4.265966848258359e-05,1
0.21788458849226874,0.7820470910512873,3.181314511323375e-05,8.194236128363498e-08,7.92884962631111e-06,1.1934236654178777e-05,1.6562282688871604e-05,1
0.22051229179533519,0.7794209777296336,3.0266939221241956e-05,6.744771881907228e-08,8.03883057521519e-06,1.1186412019729825e-05,1.717084549639302e-05,1
0.22246878357402722,0.7774510695663126,3.0868846075936264e-05,6.878902538442862e-08,8.198695673948142e-06,1.0309307239518478e-05,3.070122164559945e-05,1
0.15221748473517505,0.8477292531232898,2.274444381937949e-05,6.208899321710529e-08,8.781004762672684e-06,9.444754564041082e-06,1.2229849395725692e-05,1
0.06926379991072627,0.9306958742761133,1.3646626021153974e-05,5.6697056057960095e-08,5.559153456860575e-06,6.839191059867757e-06,1.4224145566529165e-05,1
0.10170327939776098,0.8982539490985118,1.468497533967775e-05,1.2312696184626594e-07,7.488086842910286e-06,9.093528570545859e-06,1.1381786012257194e-05,1
0.13821398544033933,0.86173305214271,1.7658105265207066e-05,1.4805532886337206e-07,1.0697083437545326e-05,1.0773022900831073e-05,1.3686150018070732e-05,1
0.11573755778091374,0.8835431547117008,2.0788113502451725e-05,1.573708435402255e-07,0.0006504624646246158,1.1299192133446724e-05,3.658036628131666e-05,1
0.11476016179859855,0.8844864227832319,2.100795605568922e-05,1.590351026874031e-07,0.0006788658853421667,1.1571949597764675e-05,4.1810592071019146e-05,1
0.07332961049349689,0.9257969753390933,1.6516182578275848e-05,1.2503133505121108e-07,0.0008252195717054602,9.097716685842372e-06,2.2455665105339077e-05,1
0.067628605161551,0.9313610086735307,1.570084061167536e-05,1.3561629806082973e-07,0.0009795191427239055,1.0015927158079378e-05,5.0146381263393754e-06,1
0.06494537497984101,0.934020223217424,1.374100703230582e-05,1.4076177112308976e-07,0.0009973220836962204,1.0353496380808882e-05,1.2844453854554585e-05,1
0.05955660191720558,0.9388971338455113,1.26220436649233e-05,6.068014370913927e-08,0.0015125836142918885,9.199400206148568e-06,1.1798498976321034e-05,1
0.09290555087929249,0.9019024633443988,2.8696866394600717e-05,1.8160785042761477e-07,0.005141831667360839,1.1467986487068042e-05,9.807648215625381e-06,1
0.12342341770998803,0.8721937649708223,5.4890077399117644e-05,1.8871795440416738e-07,0.0043046378105127715,1.5102654890710812e-05,7.99805843272777e-06,1
0.1494480205236221,0.8476598888144836,4.458020746964503e-05,2.3980324742110964e-08,0.002825862535315205,1.56474544301421e-05,5.976484354538675e-06,0
0.6801386040465285,0.3150435450285896,5.205740503942963e-05,3.251320930405598e-07,0.004730601619082427,2.442724535708461e-05,1.0439523309974884e-05,0
0.790265752152902,0.20393695254309846,0.00024316783010318557,6.960502928388475e-09,0.005447853046623376,0.00010026747132141905,5.99999544865163e-06,0
0.6576370941182371,0.33589438310047,0.003609945588560351,2.6184435111064837e-07,0.002188823572697112,0.0006607944050481467,8.69737063614688e-06,0
0.19487557664547958,0.7943353778720192,0.005696117939463157,3.0974766677155605e-07,0.004016266479883905,0.0010660253719894574,1.0325943498103227e-05,1
0.1370602220054602,0.8388088558698784,0.009927716155472846,3.1969875966461904e-07,0.012191831962952858,0.002004968827232347,6.085480243438253e-06,1
0.390121778463123,0.5841451601211715,0.00039511299664821565,3.087436058581082e-07,0.022804253831859515,0.0025275105637640577,5.875279827907909e-06,1
0.08182633292810151,0.8886399430089218,0.006851005583098796,2.626982407378571e-07,0.017952843170747183,0.004724729274487686,4.883336402079693e-06,1
0.05280927877653832,0.9356751896670632,0.001403401191093595,2.7836826094170917e-07,0.0036070216225544205,0.006487226076851208,1.760429763856202e-05,1
0.031291453202417364,0.9277780238520151,0.013504452409194881,2.7079823310083076e-07,0.020986718194630074,0.006432638019545824,6.443523963679186e-06,1
0.03622136648163269,0.9048463599043898,0.026842686619176118,2.5661321379495935e-07,0.021380262126200443,0.01070279410879224,6.274146594737392e-06,1
0.025647587793776756,0.6884363052708763,0.015297534373889646,1.8383350334075487e-07,0.07128223792983299,0.19932984651446767,6.304283653299421e-06,1
0.018106672066124995,0.5859375524499058,0.025891958029941944,1.5844606056679122e-07,0.0857350886905589,0.28432297270883683,5.597608570947853e-06,1
0.01585436250048619,0.5624548075329944,0.018876419384097252,1.4905167697189354e-07,0.08421323863238538,0.31859575717612243,5.265722237255106e-06,5
0.007502916178914522,0.14384900328157021,0.0047468378554801115,3.6669300402331265e-08,0.008211771773728074,0.8356876769159628,1.7573250439826048e-06,5
0.01710893556880253,0.2567667591542317,0.023427046141038865,6.63216704955647e-08,0.013155463330465982,0.6895355541140075,6.175369782913672e-06,5
0.0583666050789727,0.41238539449457146,0.4396298136807096,1.9763567514054253e-07,0.043788829683723704,0.04580357327747706,2.558614887026869e-05,2
0.010175341234898433,0.17604377556028583,0.7417363813587261,7.739191110475934e-08,0.015724864552554545,0.05631107308985374,8.486811770335406e-06,2
0.0008586156102391334,0.11961285139723746,0.6915258679358249,1.018773869383662e-07,0.008243876985818424,0.17975653386480278,2.1523286902095934e-06,2
0.002088194665989089,0.26555012428393626,0.3891542305620488,2.3023482134944623e-07,0.02167543999597373,0.32152691616494916,4.864092281592242e-06,5
0.006109765867554562,0.48262321597341346,0.23628308207256377,2.695773924949039e-07,0.0024200434362173723,0.27255494910069333,8.67397216506089e-06,5
0.008292402106215974,0.5394650955765007,0.10925328158450115,2.913210221175316e-07,0.003166825558732178,0.3398170072412476,5.096611780555208e-06,5
0.010517918759508214,0.26168926086466443,0.5691957313275867,3.948717228680293e-07,0.003942490098644751,0.15463704613149573,1.7157946377205414e-05,5
0.010435065422912768,0.17474439666034225,0.4462253623975849,4.237163546877698e-07,0.0014464419622191602,0.36713047817475725,1.7831665828870885e-05,5
0.002140053888267039,0.05336344416788716,0.050693382563652266,3.230647073938383e-07,0.001314680167930313,0.8924866800746017,1.4360729541437896e-06,5
0.0010861955103526365,0.039601781313677094,0.9099494256235797,2.3625693380458754e-07,0.00042274390304610155,0.048936886889979915,2.7305024309071745e-06,2
0.0010957590669630625,0.04917309000165237,0.9422649575239352,2.2920012086387027e-07,0.001146016459000469,0.006316295948991541,3.6517993364030814e-06,2
0.0008385796803560497,0.03533374181077112,0.9456995928477583,1.8886945444197885e-07,0.0005102893997457297,0.017613251123695488,4.356268219004143e-06,2
0.0018345762384499409,0.08608708853686248,0.06969229757823608,5.720300113665148e-07,0.0005492505649669987,0.8418341916000598,2.0234514133965326e-06,5
0.002817909511732239,0.38299702784056955,0.08572397669925796,7.559489905841963e-07,0.0001932184044636928,0.5282483740040975,1.8737590888388532e-05,5
0.003165690115278767,0.2172990260043927,0.03127590815482811,2.594998363474438e-07,0.0003901497873607604,0.7478654294654843,3.5369728189089287e-06,5
0.005251014615958124,0.45053256669486463,0.10473933470040712,4.967990839121406e-07,0.0013074217196769361,0.4381656582954324,3.507174577028038e-06,5
0.9844503089225778,0.0028415586309223366,1.5998770347383585e-05,1.7488766668374342e-07,3.041611381139875e-05,7.73238795214793e-06,0.012653810286722373,0
0.9332151728141326,0.0016958273780132169,1.6327208380815937e-05,2.607053007289071e-08,1.6219767219928408e-05,8.853413358742988e-06,0.06504757334836461,0
0.4574877980750132,0.0009958641753616921,1.0638875123217318e-05,1.2332414931364713e-07,1.0636317597477063e-05,5.509471877948738e-06,0.5414894297608771,6
0.2058904625235488,0.0006254666158919319,5.1152184678204166e-06,5.1954588116230634e-08,5.070395749384292e-06,3.1661585680303995e-06,0.7934706671331859,6
0.23358268148819838,0.0026308368703395753,5.351875682701183e-06,1.658545042798757e-08,8.294438868645498e-06,3.4116652086133343e-06,0.7637694070762516,6
0.3573490398497624,0.014174075269961775,8.347972553506685e-06,8.206228618701469e-08,7.95500607973115e-06,6.004861931178544e-06,0.6284544949774253,6
0.6548718176835833,0.2717090625646207,1.79462860890489e-05,2.22631146216419e-07,1.6272053455712197e-05,1.2067069242356023e-05,0.07337261171186273,6
0.5661370354107108,0.4294011423490109,2.125877958993646e-05,2.3821764723428935e-07,1.7126222097922097e-05,1.257999458734533e-05,0.00441061902635595,0
0.492990035938788,0.5069182186854654,1.5590632680030034e-05,1.8035549951574345e-07,1.1540936929315698e-05,1.0336131005898465e-05,5.4097319631849024e-05,0
0.6567262552945666,0.34320768422826997,2.0589116441722833e-05,2.393806423609439e-07,2.518355413652427e-05,1.5001146868303163e-05,5.047279074642086e-06,0
0.7837546338657237,0.2161931261054129,1.2490195309817719e-05,1.7968770550347527e-07,1.674997662284239e-05,7.03977241313558e-06,1.578039681191571e-05,0
0.7094131560701242,0.2905324786325424,1.594162480562027e-05,2.2934100806795112e-07,2.2553896293254357e-05,1.1094869790171473e-05,4.5455654362790784e-06,0
0.7495346089834625,0.25034531631743806,1.2859758429846986e-05,1.5834424590205575e-07,9.172322426496691e-05,8.949987661352495e-06,6.3833844976015185e-06,0
0.8155329773291983,0.18021947211627215,1.6444666378667064e-05,1.5541684662144276e-07,0.004212135994546822,1.1731347308535343e-05,7.083129449008899e-06,0
0.8145817783690523,0.18278946549274294,1.7984232944220858e-05,1.686490496504054e-07,0.0025900273488047598,1.2829648099152204e-05,7.746259306926241e-06,0
0.8660255461544569,0.1328315583178221,2.179370408812368e-05,1.624172141071177e-07,0.0010993662033302119,1.585116939279424e-05,5.722033695557339e-06,0
0.850242542416695,0.14739411023457602,2.418438967937925e-05,1.4862631297576148e-07,0.0022696537135420605,6.388356730457624e-05,5.4770518900149495e-06,0
0.12652772901477616,0.8464131036757664,0.0030871630841837043,1.5681210317442618e-07,0.022573577897718383,0.0013951846528288908,3.0848626231317402e-06,1
0.008475409528813276,0.5217368170621373,0.000882971774818347,1.2505457315820894e-07,0.463639081595317,0.005258249984509877,7.344999831088546e-06,4
0.01329766585572086,0.9239845710039076,0.0034538603406657157,2.4692439806107212e-08,0.05155357761692431,0.007698869297874352,1.1431192467133925e-05,1
0.030181559953230516,0.7514196543886161,0.0013434814644518284,1.766186110086696e-07,0.021770602861465066,0.19527831342821103,6.211285414411449e-06,1
0.02248122565453424,0.9548660117193398,0.0008029881282758187,1.4693094780215804e-07,0.003482387223447073,0.0183547234412202,1.2516902234931328e-05,1
0.025858099624318488,0.9544925379426856,0.000909825286833369,1.4118518509296675e-07,0.008169873687671076,0.010557494846918447,1.2027426388134912e-05,1
0.11086455173708348,0.8812627973944758,0.0005037482729683483,1.5853959722297598e-07,0.006005179548755241,0.0012737670559950973,8.979745112478225e-05,1
0.1359538460261495,0.8639975598317727,1.7250459231770052e-05,2.2926562957893179e-07,8.0654232534283e-06,9.026841313526745e-06,1.4022152649584896e-05,1
0.5007973241268544,0.49913508744429547,2.2011279600730406e-05,3.4914956107221826e-07,1.5393924165919562e-05,1.4951302108306368e-05,1.4882773414013445e-05,1
0.29827260242127074,0.7016566333260231,2.447892781313001e-05,3.2533492129638887e-07,1.2445712771225118e-05,1.3616414895565601e-05,1.989786230512184e-05,1
0.40049847402556377,0.5994184163150289,3.519876749489619e-05,4.0166879081287007e-07,2.309697425784469e-05,1.6672542510288147e-05,7.739706353489539e-06,1
0.2756815670857521,0.7241503717015106,2.7834785280180456e-05,2.388109568908096e-07,1.6075698282054633e-05,1.3891248439238872e-05,0.0001100206697788673,1
0.2032689874093138,0.7965921799682101,2.2871403520412876e-05,1.5564910925188186e-07,1.3391202562940874e-05,1.064102569158074e-05,9.177334159196742e-05,1
0.28566163186763865,0.7142284922160729,3.4931881865333004e-05,2.957219392344392e-07,3.9458226559297765e-05,2.761275560742495e-05,7.577330317352941e-06,1
0.7335175663126685,0.26642036877847874,2.1399643337276358e-05,1.9867836999934897e-07,1.7313432041650904e-05,1.8505930979627136e-05,4.647224124081905e-06,0
0.6829469474264337,0.31699953692251964,2.0332717711644793e-05,1.9140785929215006e-07,1.5007710214072813e-05,1.2695455583134206e-05,5.288359678482835e-06,0
0.9502449914224749,0.049691573613811005,2.7905651450708232e-05,2.318572005424426e-07,1.6308058529937428e-05,1.2310344323495303e-05,6.679052209845803e-06,0
0.34455790827129745,0.6553701947877023,2.391047414586055e-05,1.606474295287229e-07,1.2345811474956574e-05,1.4261791679179188e-05,2.1218216270614755e-05,0
0.4172921810125177,0.5824765714469029,2.8132018356278944e-05,1.751612666903712e-07,1.346120496678889e-05,1.721843265705057e-05,0.00017226072333251954,0
0.5837118755271473,0.41471101729951787,3.8394758269168855e-05,2.4829930844293205e-07,6.137607121347518e-05,2.2283039072737135e-05,0.0014548050054709993,1
0.41270964931702403,0.5858835706940041,2.7321861570215424e-05,1.7371621475939453e-07,1.1987262125560445e-05,1.7478652247798616e-05,0.0013498184968136345,1
0.4250294564728247,0.5733089461806509,2.7578659064125234e-05,1.753489691193808e-07,1.2099930102622434e-05,1.599039835603888e-05,0.0016057530100324067,1
0.33122293201654895,0.6667998825353316,3.3283335592006705e-05,2.1115934082142805e-07,1.7934132232553454e-05,1.924592354333453e-05,0.0019065108974108498,1
0.376121124869487,0.6200715688057399,4.075621222652716e-05,2.591336940101124e-07,1.912552294381162e-05,2.335634952314756e-05,0.0037238091063855634,1
0.4170902929775935,0.5762873443281754,4.7398142869916373e-05,3.028681337166809e-07,2.729599771632769e-05,2.9981677575501505e-05,0.006517384007935469,1
0.6286613053873313,0.33607058757271324,5.476036780237629e-05,4.216452991972025e-07,3.284895532478614e-05,3.574270646227686e-05,0.03514433336506677,1
0.5326355107018393,0.4267185769793363,6.602733656097437e-05,4.177930304941418e-07,5.115568128018029e-05,3.858910323634499e-05,0.04048972240471641,1
0.058901246227110654,0.0007502351689434165,5.088790005622406e-06,2.7907344037105066e-08,2.283911733156067e-06,2.7622599380351306e-06,0.940338355734925,6
0.04406369663401595,0.00019089789488497568,2.995539304067033e-06,1.8516355862364246e-08,1.3253452733705115e-06,1.6579500275018208e-06,0.9557394081201384,6
0.04406545119006876,0.00015108686572136724,2.9956585823395987e-06,1.8517093158295727e-08,1.3253980468041787e-06,1.6580160448012807e-06,0.9557774643544428,6
0.1542399362788066,0.0004955046059213888,7.839717553253729e-06,5.500149602835624e-08,3.936842288587406e-06,4.92482065751414e-06,0.8452478027332766,6
0.05701252635154705,0.000559549269226424,3.3826862364284715e-06,2.7097190145977577e-08,2.066824895029455e-06,1.4001197262184025e-06,0.9424210476511787,6
0.22868905499170467,0.004146762765376765,1.039724380835838e-05,4.596458836894186e-08,5.232129845522115e-06,5.989357556354637e-06,0.7671425175471199,6
0.6250626086352385,0.0287478243803096,1.2480925478429668e-05,8.543476110245749e-08,5.617334502559171e-06,6.261258098275349e-06,0.3461651220316115,6
0.8871236329966401,0.05014380992315505,1.3282593196403432e-05,1.5277001762607495e-07,8.281114892460365e-06,8.360532979575052e-06,0.0627024800691185,0
0.9298288869765797,0.04547111145506888,8.74981589104401e-06,1.6136347873357296e-07,6.75717881288371e-06,6.406963801326872e-06,0.024677926246367523,0
0.9331317601487066,0.04854427233255789,1.1290713230072897e-05,1.5153222550886963e-07,7.553237533111399e-06,7.741972870985428e-06,0.01829723006287579,0
0.9278919403598194,0.04885434259824141,1.5167830218354204e-05,1.520337323400105e-07,8.445118981448566e-06,8.892761757285072e-06,0.02322105929724966,0
0.9364544036246666,0.04393260374056141,1.4887875081675318e-05,1.4922762074037346e-07,8.289246031614254e-06,7.696533741814396e-06,0.01958196975229653,0
0.9400561517110085,0.04578500084378012,1.966859949956077e-05,1.501715009835037e-07,8.507122480436372e-06,7.745215119319723e-06,0.014122776336611013,0
0.6161152087629385,0.34225432652464594,4.279328445034748e-05,3.793754868767399e-07,1.542002944241816e-05,1.9965892456993177e-05,0.041551906130579144,1
0.3174547316541266,0.665590123562211,1.8329662259052028e-05,2.1079923687487912e-07,8.974670018163319e-06,1.0930065476842007e-05,0.016916699586671434,1
0.317077023253737,0.623976053048747,1.773173654049076e-05,1.7043001131033118e-07,6.141221589426772e-06,7.283354111373686e-06,0.05891559695526332,1
0.40118013324930835,0.5973265216361591,2.9152484390876678e-05,2.2688898692430693e-07,8.897647630621269e-06,1.398526491882532e-05,0.001441082828605317,1
0.3974433556856369,0.6025119452052424,1.7141715343639742e-05,1.6338634852569493e-07,5.722660984928124e-06,1.0813036166474939e-05,1.0858310277123725e-05,1
0.331294254730371,0.6686607077817648,1.6911874697723243e-05,1.7734227274859354e-07,7.042825654956488e-06,1.0389065272579178e-05,1.0516379966288316e-05,1
0.2805017072730364,0.7194218272401803,1.7849673729595284e-05,1.716223645804527e-07,7.1591190722709425e-06,9.903124541412092e-06,4.138194707551385e-05,1
0.2007678332618046,0.7991721360501725,2.8874590594119256e-05,6.434496904930418e-08,7.669025930178022e-06,9.787925501972423e-06,1.3634801027891714e-05,1
0.16165122232799603,0.838293197253175,2.453552152280037e-05,6.69783724546073e-08,7.982891012379161e-06,1.0188509366236903e-05,1.2806518555127605e-05,1
0.08885605548510649,0.9110937397757968,1.7366220467465972e-05,7.215069672405033e-08,5.961900142237108e-06,8.703316085651927e-06,1.810115170495348e-05,1
0.09045153983531161,0.909503376035359,1.5748932382753418e-05,6.197004647364327e-08,7.088754953899928e-06,9.978051836320614e-06,1.2206420110062011e-05,1
0.07718267965545299,0.9220904218306751,1.645005780566168e-05,1.2453075517685304e-07,0.0006685232906402992,9.061292745606282e-06,3.273934192521996e-05,1
0.07717364453522367,0.9208694473998247,1.4352532335145226e-05,6.899942258217297e-08,0.0019187312241936082,1.0732171779317015e-05,1.3023137221138322e-05,1
0.0638045215465526,0.9345013920881021,1.2766824699350778e-05,1.1076318067055874e-07,0.00166570730934989,8.587407406240735e-06,6.914060709278644e-06,1
0.0790202190379954,0.9176215888566719,4.058675690708302e-05,1.524343087561756e-07,0.003301544116940474,1.1167187436152196e-05,4.741609740330404e-06,0
0.462482514591679,0.5336276443348904,3.4308847077177774e-05,3.1334340340214254e-08,0.003826024665264823,2.1666941560754618e-05,7.809285187628188e-06,0
0.7877748490639561,0.20786498957639937,4.281761595495584e-05,3.2579991444864373e-07,0.0042886366644643865,1.9794691110825043e-05,8.586588200098488e-06,0
0.7832708703701159,0.21307689462282006,0.00024236467187231742,2.3297099045239439e-07,0.003304635122747732,9.886219700036398e-05,6.140044453262486e-06,0
0.7503187058383408,0.24401877538076452,0.0007673832414941852,2.1807769278810214e-07,0.004583910656282494,0.0003052592798409161,5.747525584124094e-06,0
0.6899938336476075,0.30226600989082225,0.0032123762729152658,2.1301101443985042e-07,0.003915271926855204,0.0006052199186871498,7.075332098274446e-06,0
0.6234796442884877,0.36794116557881057,0.0037180049499412624,2.378342948274079e-07,0.00432579854016686,0.0005307409892623435,4.407819036297377e-06,0
0.0688652152028454,0.9105274156583768,0.010879361331909006,3.0255066294436427e-07,0.008060913921794944,0.0016603108039383648,6.48053047258364e-06,1
0.14472364851229977,0.8348193776844771,0.005319496222044247,3.2833261673722353e-07,0.01299211337847689,0.0021387860439848407,6.249826100441648e-06,1
0.33944813944728786,0.5916531149307622,0.0008567263121968834,3.3881173312794045e-07,0.06594231808638769,0.0020932074997729506,6.154911859147699e-06,1
0.28958588253002254,0.6847869449888863,0.0005001351349977563,3.1185601114753045e-07,0.023034140634050383,0.002083348642684978,9.236213347055843e-06,1
0.08287439579095338,0.8915030970075934,0.005783367283555778,2.5117622626016535e-07,0.016801831928526377,0.0030323876611715725,4.669151972956134e-06,1
0.07188222285865711,0.8953939651974859,0.007178741220360759,2.0993517066807793e-07,0.020826950997867088,0.004713350215719418,4.559574739200396e-06,1
0.05233334599334499,0.9122156722269479,0.009726782691144315,2.6537803026467716e-07,0.016470410932133816,0.009241821808720626,1.1700969678137575e-05,1
0.027410685431648756,0.7764698616581245,0.01839510230321407,2.1009048890387997e-07,0.10091271102652163,0.07680565294448204,5.776545520136853e-06,1
0.024378639717610683,0.7637900707753016,0.01879759594200815,2.0395525839134845e-07,0.10575644216185673,0.08727143959374757,5.607854217084169e-06,1
0.018454511113818614,0.5767272610066035,0.022322384902289452,1.5439313375577386e-07,0.08354205190342821,0.2989481822546228,5.454426103844408e-06,5
0.019050151594036564,0.5845256103870641,0.01748342654753929,1.5155292874855482e-07,0.08548655288110249,0.29344875295045614,5.3540868727219236e-06,5
0.008846088072338516,0.1652581731102197,0.005406368485039357,4.213407545060463e-08,0.008713878896119688,0.8117734300854461,2.0192167612145926e-06,5
0.0071482529051193015,0.1335630573700685,0.005453148405940606,3.404725623138416e-08,0.007041418718045713,0.8467924568863331,1.6316672365666493e-06,5
0.03358248700341047,0.5960455409928509,0.044722251788327415,1.5194108056039e-07,0.02619731534933892,0.29943810532661763,1.4147598374178967e-05,5
0.016376680386044985,0.21805742509767306,0.01506855827453404,5.6323227913440036e-08,0.011945772130065913,0.7385462633976368,5.244390817268058e-06,5
0.07008498105512831,0.49318379693703834,0.09636755396170957,1.6685005751334645e-07,0.12634001512447846,0.21401441357688986,9.072494698256842e-06,4
0.014030881398029863,0.22114944270343423,0.6782094520403833,8.997869786244776e-08,0.023654352256434842,0.06294324493179719,1.2536691222703617e-05,2
0.01186580581416756,0.14459949628579347,0.3871596391255203,8.58081594000313e-08,0.015514680869258217,0.4408508823579332,9.409739167718e-06,2
0.009545792307260508,0.6762524989051442,0.22855384317286181,1.4550563968179333e-07,0.021800023169803565,0.06384462289143454,3.074047855819943e-06,2
0.010553105121882591,0.6026182710466784,0.22319220916357702,1.3742299889715423e-07,0.01579104158474271,0.14784233237145042,2.9032886699373932e-06,5
0.007354067781692188,0.35726521082345014,0.2951248365492861,1.0663095510358327e-07,0.01092939831141713,0.32932412714750137,2.2527556981093285e-06,5
0.0014182670270679047,0.11629443271191514,0.8442899776574959,8.970982717727911e-08,0.021092902177139956,0.01690218498788936,2.1457286646935195e-06,2
0.007889568000722536,0.3125161074160814,0.5733192553696232,4.154106960208761e-07,0.004113959769759131,0.10212407907977722,3.661495334025054e-05,2
0.009230698412970821,0.25397119325558576,0.5742370518087799,4.4219709512871145e-07,0.0035322258512427915,0.15901129190749136,1.709656683420716e-05,2
0.009579081952813689,0.18307932318282708,0.4891680432227275,4.439267004853658e-07,0.0015154340884592317,0.3166456698277698,1.2003798702196459e-05,5
0.0027989284298356267,0.06978083823943428,0.06741017179592314,2.671097308897167e-07,0.0016994881058521828,0.8583084281116512,1.878207572579373e-06,5
0.004184834387257084,0.16629897785198305,0.3914909005780812,8.602952473131312e-07,0.004246388974998031,0.4337657814503244,1.22564621089462e-05,5
0.001870406085706372,0.05455248173003194,0.9262144433806045,3.171420546236255e-07,0.0007002417838521391,0.016654073150656996,8.03672709325484e-06,2
0.003793285397515516,0.1775818791944298,0.14373570953486725,1.1309783406763192e-06,0.0010517061778852015,0.6738321657027524,4.1230142092016315e-06,5
0.0016691140392866184,0.1437702882147212,0.0468750036936055,5.20201735676191e-07,0.00015861293735992425,0.8075206988984895,5.7620148015953395e-06,5
0.0031401233541631392,0.23177621728198797,0.046359120724026,2.518863674032872e-07,0.0007358170488412254,0.7179839239661685,4.545738445783587e-06,5
0.14602052765682574,0.0007757600354346964,3.964907059876821e-06,3.959523463613423e-08,3.769738217352038e-06,1.7689060329437268e-06,0.8531941691611946,6
0.12368137985092134,0.000495818900766417,3.03330912611097e-06,8.939875688023736e-09,3.0417223501862066e-06,1.8287385508806094e-06,0.8758148885384094,6
0.40165097466291083,0.1439793870504175,1.376456492162481e-05,1.6721115857151424e-07,1.7187478817629636e-05,9.063191125178812e-06,0.4543294558406487,6
0.34766610152952443,0.12146444093828683,1.32493877005491e-05,1.465294623085324e-07,1.4043013147194888e-05,7.2957024891412795e-06,0.5308347228993896,6
0.48354878573377014,0.5163923917707904,1.726903660791696e-05,1.9013580773998468e-07,1.218323899138104e-05,1.091501410045537e-05,1.82650699319136e-05,0
0.7235496876308174,0.2763909464091986,1.768165316955519e-05,1.0094458966913496e-07,2.2519163106932985e-05,1.0482151034024179e-05,8.58204808386209e-06,0
0.7427366838173896,0.2572032817546925,1.6410711358590384e-05,1.1990838716302255e-07,2.34582915389375e-05,1.3156237173968442e-05,6.889279459658878e-06,0
0.7551969192736521,0.2447391302305414,1.3656691084044057e-05,1.6815700411613523e-07,3.4336180193386455e-05,8.38817328982498e-06,7.4012942352134135e-06,0
0.7647698089258348,0.23140641420151953,2.0631161326709058e-05,2.2741347437047164e-07,0.0037793140181149433,1.4717922110966219e-05,8.886357618664646e-06,0
0.7535002165681622,0.24343824580446857,2.1943050962522478e-05,2.0577328500679932e-07,0.003014283579773714,1.5653802024477888e-05,9.451421323777817e-06,0
0.101124953653134,0.8785253273702016,0.0020322142282584318,1.4750764071427866e-07,0.016488274484990177,0.0018259336429908252,3.14911278418625e-06,1
0.05844736106127631,0.8948092657410107,0.0029362744271733713,1.3361155899073553e-07,0.04229404969658409,0.0015100630144382623,2.852447957918233e-06,1
0.01213994783161639,0.3029836251930638,0.00022165022361267446,3.004162527606017e-08,0.6835353240203121,0.0011148876980199302,4.53499174967321e-06,4
0.008703559674050561,0.16334115820020392,0.00012608620386747097,1.8161959570850845e-08,0.8270943601804515,0.0007333423964159683,1.475183050902455e-06,4
0.012337152156067564,0.9339656304600272,0.0024494271285376425,1.9683071404896474e-07,0.047599944544398316,0.0036341772429048093,1.3471637350263468e-05,1
0.03618454494517029,0.6189813969764874,0.001737280521551692,1.7090457509732083e-07,0.021826108656915734,0.3212649104292137,5.58756608608297e-06,1
0.029373826616138816,0.9445775651140127,0.0010073381558696728,1.6038104918537973e-07,0.006587242679772801,0.018440204350077337,1.3662703079355117e-05,1
0.19632110480716317,0.8030113943135331,3.723865797756935e-05,1.0807371750742394e-07,1.9540812934209627e-213,1.5797806191004784e-05,0.0006143563414173866,1
0.15857126863565785,0.8392478608735264,2.516295392113952e-05,8.607745122314283e-08,8.689285584962157e-197,1.2582475399215066e-05,0.0021430389840441473,1
0.33346748690726064,0.666468447861261,1.9957012528301827e-05,3.16564156694376e-07,1.7833826600847835e-05,1.2464033153503019e-05,1.3493795039043878e-05,1
0.17813786586712393,0.8217988877677743,3.201520404716782e-05,2.5427572082410986e-07,9.727337518710516e-06,9.785123840492876e-06,1.1464423974540721e-05,1
0.2764032343412252,0.7235154310257224,3.6091889878794625e-05,3.7929992989607417e-07,2.1810708019118563e-05,1.5744051691304527e-05,7.308683533400171e-06,1
0.15454880761329823,0.8453911471990118,2.8462040991995215e-05,2.724182864968467e-07,1.5664742430823235e-05,1.0396791641657318e-05,5.249194338797057e-06,1
0.20235041404570636,0.7975747323820037,2.2360155951427847e-05,1.954873591313982e-07,1.280746767516477e-05,1.0536978534082626e-05,2.8953482770102563e-05,1
0.2725853472644422,0.7272705388334969,2.4134341459018937e-05,2.0642709320935255e-07,1.3895759687410006e-05,1.3513079504065518e-05,9.236429431731057e-05,1
0.25928216147060645,0.7403007846314954,4.2782473504928075e-05,4.3230046740787736e-07,4.673306500942066e-05,2.9781086498063268e-05,0.00029732497241835,1
0.26065479147506154,0.7391954645069629,4.427099500546034e-05,3.5388443640139927e-07,4.782319433624331e-05,3.2303240868986925e-05,2.4992703328362524e-05,1
0.244059889141075,0.7558453237811176,2.968752919405636e-05,2.513249569029963e-07,3.3924609687648934e-05,2.3488486248838543e-05,7.435127719979056e-06,1
0.6898171710016086,0.3101186742143448,2.292087917151468e-05,2.017801709175742e-07,2.2997117040239666e-05,1.2731594236771044e-05,5.30341342724169e-06,0
0.7280404953341126,0.27191133994529687,1.8004415582708968e-05,1.5554411849118581e-07,1.216853450237235e-05,1.3213578113380635e-05,4.622648273545136e-06,0
0.35311429547230927,0.6464679077179311,2.4391575352853133e-05,1.6285353003771263e-07,2.114854453034577e-05,1.3468348820683276e-05,0.0003586254875258093,1
0.6631248741678752,0.32854344143194075,3.742722524679381e-05,2.688831414221727e-07,2.423309948178418e-05,2.425351710641999e-05,0.008245501675207363,0
0.5748456624494769,0.38492832040548014,5.694899986298539e-05,3.91116637529423e-07,3.859122219080973e-05,3.483930205876096e-05,0.04009524650429299,1
0.1170999616456328,0.0010172265765953131,8.538526535984969e-06,4.682598365159679e-08,3.5546897020156156e-06,4.261497977515852e-06,0.8818664102375728,6
0.0673638936889101,0.0002523845964560762,4.113945716843459e-06,2.542957216021161e-08,1.9042795721466379e-06,2.2769577435092067e-06,0.9323754011020291,6
0.06535798452882217,0.0006532330791147953,3.906014698254843e-06,3.128934095387625e-08,2.3050263138146356e-06,1.613052130858942e-06,0.9339809270095792,6
0.05554142216576713,0.0005551195386656858,2.30648289589597e-06,2.6589780999771988e-08,1.5273290432497368e-06,1.3739017474892828e-06,0.9438982239920995,6
0.053465678543823184,0.0005608077409283824,2.226620501975106e-06,2.5669104948693534e-08,1.4744449945902718e-06,1.3263301471267622e-06,0.9459684606504998,6
0.04579884261490972,0.0005531618910011919,1.8963504962424545e-06,1.9570691643994026e-08,1.1916370832589008e-06,1.250078443757388e-06,0.9536436378573742,6
0.04999543771869229,0.0004913364002123169,2.2730198228581445e-06,2.6949490190713573e-09,1.1884083116006274e-06,1.1908767142481035e-06,0.9495085708812977,6
0.4393502339210472,0.020444255559770436,8.861674661899862e-06,7.162378346997673e-08,3.959472113079717e-06,4.379906964923527e-06,0.5401882378416589,6
0.9249281648373361,0.05108915913596799,1.3455684721434043e-05,1.556501541000595e-07,7.994196787683703e-06,8.368745421251108e-06,0.023952701749611487,0
0.9488873320298484,0.04141668003622652,2.5120003274950013e-05,1.7304940419854787e-07,6.206007372467574e-06,7.879278715224147e-06,0.009656609595158227,0
0.2653004856020922,0.7192475639250813,1.5600650167132368e-05,1.3724999535944613e-07,5.223326237249195e-06,6.309191772243381e-06,0.015424680054654331,1
0.6157971219260797,0.3782533153247859,3.0013707122969847e-05,2.3077498422492089e-07,1.0536442327644756e-05,9.391386793491666e-06,0.005899390437906096,1
0.34573755424617436,0.65084652706544,2.8592609676721275e-05,2.2303203387553542e-07,7.750110760075757e-06,1.0169644890387831e-05,0.0033691832910244224,1
0.3448703174483628,0.6542115270959468,2.164796289097954e-05,2.1143938790492942e-07,7.396641393734023e-06,1.2243162960737492e-05,0.0008766562490571173,1
0.6263998403129873,0.37292447906007803,1.8995742552202987e-05,1.9634325616058596e-07,6.743956196498248e-06,1.3294845692185531e-05,0.0006364497392376261,1
0.6441144389481005,0.354771585548036,1.9264744351472092e-05,1.6578834253727114e-07,6.770609653853154e-06,9.45792780296628e-06,0.0010783164337125994,1
0.3333812192442067,0.6665536523716746,1.6011683539982302e-05,1.7418849412366778e-07,7.3448205142216355e-06,1.0807262268970491e-05,3.079042930127874e-05,1
0.35212994701339806,0.647794043772328,1.5661382375198207e-05,1.5183919980059285e-07,7.183830504919207e-06,1.2566230177225422e-05,4.0445932016865753e-05,1
0.2384596544216573,0.7614670320410232,3.6428922429434245e-05,8.991162245897727e-08,1.0707818443683537e-05,1.3255787223152435e-05,1.2831097601008137e-05,1
0.13139413791704108,0.868534177786054,3.681071220958265e-05,8.203005095735754e-08,9.7768418749842e-06,1.2293719724428397e-05,1.2720993044895457e-05,1
0.11137364485641794,0.8885474179805426,1.7407369367417828e-05,1.3177782586398436e-07,2.2202206467478726e-05,9.461619064045023e-06,2.9734190314509242e-05,1
0.09852385064482032,0.9008658344594846,1.7648697203537122e-05,1.3360473358869692e-07,0.0005487149101486881,9.721547111206656e-06,3.409613649799496e-05,1
0.07453324406766887,0.9244954809355215,1.5106231958457756e-05,1.3048035493913836e-07,0.0009424236411096286,9.859612005852809e-06,3.755031380683107e-06,1
0.2788166986491245,0.7170795495480129,4.7061275690279134e-05,3.000982951028755e-07,0.004020675451945068,2.638014272906213e-05,9.334834203187177e-06,0
0.7394686327341567,0.2555479819805205,3.069765942292333e-05,8.464402331996443e-09,0.00492921941509005,1.5203602036133575e-05,8.256144371331176e-06,0
0.7449215273389037,0.25112805765003055,3.1446332046772344e-05,2.745748309532942e-07,0.003894775175350377,1.6682398381612242e-05,7.2365304561159855e-06,0
0.7341226975025809,0.26217676635422626,0.00038238593958938303,2.3430534892226988e-07,0.0030717179259311398,0.0002400227603143895,6.175212009127331e-06,0
0.7078710261926789,0.286337231309253,0.0004947535492746486,2.0301576901819838e-07,0.004899262516612186,0.000391334139676262,6.1892767361353005e-06,0
0.49995276861810817,0.4918933818068911,0.0034129576741524885,3.0190381530015776e-07,0.004102505077218584,0.0006293767451439577,8.708174670497876e-06,0
0.12047436651358148,0.8709411775118323,0.004172767696354116,3.4971696797583957e-305,0.0037183980165969507,0.0006880664972475946,5.22376438752062e-06,1
0.12327609788376054,0.8674953706217478,0.0038594851954977557,3.0012203717247835e-07,0.004400963484508672,0.0009577776350068258,1.0005057441366435e-05,1
0.08584098444872026,0.8985527313032599,0.007477390985631649,2.814783970262275e-07,0.006556380543257087,0.0015662570628500827,5.974177884305921e-06,1
0.15470475743898526,0.8255204659991654,0.005799605568535967,2.994417939104119e-07,0.012424512968441355,0.001544658695087269,5.6998879908484925e-06,1
0.23546487255536602,0.7004493882540159,0.0005321280634012227,3.0027279943887696e-07,0.06178590954331768,0.001760796596055638,6.604715043928128e-06,1
0.1847306269452933,0.788062142396471,0.006670228517804187,2.679725109071558e-07,0.01643519690124911,0.004092911364788822,8.625901882871578e-06,1
0.12050445016515555,0.8520279580176773,0.006618031530033968,2.536776395385802e-07,0.016788645591662755,0.004055292073986589,5.368943844273143e-06,1
0.11589227452996366,0.8566744679947934,0.004392024582245979,2.362076848027461e-07,0.021399466559216915,0.001636530873342619,4.999252752609528e-06,1
0.11660765483979832,0.8551718485296446,0.0051939464661423665,2.6610154694149843e-07,0.021174088837960632,0.001847248623943266,4.946600963825463e-06,1
0.05934463478263509,0.9178908676923653,0.00624527886023665,2.2187270322998834e-07,0.014630829636177102,0.0018840427314280055,4.124424454718809e-06,1
0.04216601552596393,0.8919252659567345,0.005371320197854193,1.9277502686291346e-07,0.056647920887239966,0.003885337533682132,3.9471234984992245e-06,1
0.0724057890077665,0.9098891377883448,0.0005411232603908492,2.3293301817490965e-07,0.014143357688902177,0.0030152357931986454,5.123528379001827e-06,1
0.08863967507053885,0.8956729245750061,0.0005307390901253779,2.427398839680984e-07,0.01143427002702783,0.0037161842426073734,5.964254810526311e-06,1
0.11677221112571944,0.8646620035366794,0.0008162942787988301,2.8396187001383964e-07,0.013166658180213436,0.004575455756937086,7.093159781828402e-06,1
0.08338124357540631,0.8984454876812585,0.001117516659372732,2.7634843263704664e-07,0.013228952360303052,0.0038149669899909797,1.1556385235614644e-05,1
0.044974890906319974,0.8941778735831859,0.019652481381054757,2.92876010233921e-07,0.03265335032300465,0.008534142075536693,6.968854887713931e-06,1
0.038503152591433464,0.8849293876481552,0.037671467888954514,2.7378014051087764e-07,0.030524312429832837,0.008364891184354137,6.514477129193214e-06,1
0.01367009919093707,0.1989879568849948,0.015403155172105025,5.632469595376473e-08,0.010715129503847906,0.761220454968256,3.147955163226361e-06,5
0.010781512091053767,0.12190889893985375,0.007423526629437948,3.33604376825936e-08,0.0055606685774066975,0.8543235311526152,1.8292491948802529e-06,5
0.06442756254241949,0.4494279565501161,0.07990685277786815,1.3856988811611773e-07,0.103708623934754,0.30252400079755937,4.864827394656315e-06,4
0.01920043596148356,0.27116894923546553,0.01884954349464385,9.492174725869527e-08,0.0058408028370452005,0.6849374925048226,2.681044792114575e-06,5
0.007182428466258623,0.1724397570800323,0.014085986324989804,5.711862321778775e-08,0.0034736581484636287,0.802815167813687,2.9450479454409284e-06,5
0.006924260858992576,0.5465860074824974,0.041231313760664134,1.2203716646686287e-07,0.011748018515317411,0.3935076991079087,2.5782374533950273e-06,5
0.005252395898624792,0.2365890836769092,0.03973755538508069,6.839693032976908e-08,0.006224138573199338,0.7121953130707148,1.4449985408448806e-06,5
0.0012652261168499144,0.08763073802760339,0.8675584544343038,1.0094432219373615e-07,0.015115854345222874,0.028427722848630623,1.9032830670855668e-06,2
0.001345690679745708,0.11731845918445569,0.8381433845896673,1.1388110100364553e-07,0.016737845393948382,0.02645236019290989,2.146078172030405e-06,2
0.0006244321640680912,0.09303637680024318,0.8243177193230097,7.733336698913859e-08,0.004514423496853933,0.07750533708687837,1.6337955799938952e-06,2
0.007737171807983518,0.3237302376381593,0.5565740143360579,2.799238689863583e-07,0.005691002604725336,0.10624635312248089,2.0940566724149403e-05,2
0.006658926131373041,0.27481132953009035,0.6353422127662635,3.803244931384591e-07,0.004552565265771717,0.07861680974638502,1.7776235623096884e-05,2
0.001863349083714858,0.12112049820897776,0.08985857684846889,3.480190112063494e-07,0.002386579591379791,0.7847691012497254,1.546998722184889e-06,2
0.0020195184181330964,0.16833007008307474,0.13665484136263442,3.4656725271607625e-07,0.001362806554595658,0.6916306453589969,1.7716553125329307e-06,2
0.0034093268970754177,0.2163472002960751,0.252669773270719,5.697521402246556e-07,0.0019399606647683674,0.5256305590049043,2.610114317583422e-06,5
0.0021403509915967913,0.06410561462284146,0.9001068903450657,3.7193461485320187e-07,0.0008453662718798779,0.032796109728907584,5.296105093836166e-06,2
0.0022100179371966084,0.2879670073491571,0.041482041558923856,7.327571239975475e-07,0.0003352378984710177,0.6679902670620345,1.4695437092915841e-05,5
0.006826372624588561,0.38860824624945867,0.04637076357764712,4.643670126402224e-07,0.0009754290301225707,0.5572122812145668,6.442936603669893e-06,5
0.005557417880624107,0.30994551488331945,0.040504714010812605,3.754091756204455e-07,0.001250082958755156,0.6427377690511183,4.12580619480403e-06,5
0.004048274810881428,0.24112251879365063,0.0315508351731477,2.92501611310114e-07,0.000769773882543987,0.7225050910731899,3.213764974957344e-06,5
0.0033750240278389828,0.24772772029442428,0.03797420089637773,2.707290276173674e-07,0.0008170834599520496,0.7101016683321835,4.032260195929001e-06,5
0.9732322084875953,0.003275630680127576,1.8743393403407615e-05,2.0559553187307405e-07,3.041075343563996e-05,1.0193329072454113e-05,0.023432607760833835,0
0.8096264902214695,0.0019339400314222573,1.0048674617698278e-05,1.6045258179053423e-08,2.330753487972219e-05,5.448884342195526e-06,0.1884007486080106,6
0.09517868001005947,0.0002854249770550956,2.3837493928734893e-06,2.3708918660407426e-08,2.1507781265436108e-06,1.0592326074557878e-06,0.9045302775438399,6
0.3680768846361705,0.002959888055825562,7.41942043101229e-06,2.6135160727357886e-08,8.565982829652981e-06,5.911024287608994e-06,0.628941304745295,6
0.12156556648829726,0.0016435872789106083,2.4504283897164427e-06,2.6679357297175397e-08,2.6057030968007876e-06,1.7755640577079757e-06,0.8767839878578906,6
0.3910437214377771,0.015183813531676905,1.024698023109699e-05,8.9799994408138e-08,8.486291138780149e-06,6.120888110126687e-06,0.5937475210710716,6
0.6719135999344799,0.32560944095006017,1.4470862664813894e-05,9.771439375707873e-08,9.29485667154976e-06,9.480086077602349e-06,0.0024436155956522806,1
0.6461466087397738,0.35363917456490623,1.4558785848440478e-05,1.0114642936111599e-07,1.556919250892065e-05,1.0031787115969135e-05,0.0001739557834172736,1
0.5333419744377524,0.46658494616113244,1.7366564362048034e-05,2.0105559343228872e-07,1.3261878302013779e-05,1.1352174098072443e-05,3.0897728759643024e-05,1
0.6736102058719564,0.32633978682641074,1.6709190410927885e-05,1.1091771489591e-07,1.4231665149387026e-05,9.858371729298608e-06,9.097156628348984e-06,0
0.63387071065839,0.36606905277702845,1.6463700634048216e-05,2.5821203984122327e-07,2.5108208100530766e-05,1.3288651165402339e-05,5.117792641713779e-06,0
0.6039542703878846,0.3959839322373638,1.740945698824597e-05,2.504576832213695e-07,2.35219670147962e-05,1.2889580153079565e-05,7.72591291232431e-06,0
0.6698079840659044,0.3301304106491499,1.7215903223496332e-05,2.476731605604561e-07,2.8658495458620666e-05,1.0574302273576843e-05,4.9089108294319605e-06,0
0.7188587378898109,0.27653863577860943,2.140315711572116e-05,2.6354046943418443e-07,0.0045588646609513745,1.526865087086228e-05,6.826322172093005e-06,0
0.9404659363366408,0.05782868807471808,1.8355532237558787e-05,7.040044878827814e-08,0.0016515566477165642,2.7862864447650152e-05,7.5301437906307955e-06,0
0.8078824005592391,0.19057761277427865,2.5709944919447047e-05,1.6102004360420741e-07,0.0014464106258125344,5.547277876064175e-05,1.2232296945926563e-05,0
0.8316276940879246,0.16563456339576685,2.717727878788324e-05,1.6701925483782296e-07,0.002627010468177905,7.723289697291067e-05,6.154853114923002e-06,0
0.0907082221206095,0.8913335954265234,0.002289213739605628,1.498397668448815e-07,0.014337767199900755,0.0013269099686553415,4.1417049385158875e-06,1
0.02969990397626549,0.914186800430137,0.0071793353260520415,3.153379349218953e-07,0.03363796846712672,0.01527649252472647,1.9183937757466168e-05,1
0.10768189662363539,0.8772834441981379,0.0008995156370572951,1.7935604156860803e-07,0.0038732412383119556,0.010240590545258584,2.1132401557075098e-05,1
0.13448269328257714,0.8558995430073214,0.00046798710230978093,1.9337970984395724e-07,0.007795703495298353,0.0013183143883348906,3.556534444839977e-05,1
0.27622307874134877,0.7220102528372738,6.206427206890509e-05,1.9458101406398287e-07,0.0015134029897084687,1.8300776433407345e-05,0.00017270580215250902,1
0.3039393266259164,0.6957038246691143,2.9203753005107183e-05,1.5138108201611684e-07,2.404539999797416e-05,1.2299544115366557e-05,0.00029114862676885163,1
0.40793335777957496,0.5920044718669878,2.3104467261443555e-05,3.073914290002155e-07,1.3552817688647195e-05,1.2102876719110952e-05,1.3102800339118134e-05,1
0.14064549779932456,0.8592878192109318,2.9601809391970344e-05,2.614073872980312e-07,1.5023712022775785e-05,9.971335582110372e-06,1.1824725359493098e-05,1
0.11330050681054113,0.8866444456066044,2.6934889665829373e-05,2.3785637700292406e-07,1.3670178749763414e-05,8.318204226083297e-06,5.886453835683407e-06,1
0.15913139203273002,0.8407858806205083,2.1585853579880153e-05,2.0713349073492465e-07,1.667422668518485e-05,1.1066792920291809e-05,3.3193340085809854e-05,1
0.20834517783192583,0.7915826222429455,2.1793768157150484e-05,1.9053562022635405e-07,1.1723969087368764e-05,1.0271567743615882e-05,2.8220084520178505e-05,1
0.1886455797625333,0.8112658188830736,2.0938478911759976e-05,1.8080184386336395e-07,1.2259475559381063e-05,1.192185757660738e-05,4.3300740501674616e-05,1
0.19052693785596814,0.8093385448804399,2.179963613270656e-05,1.8823785743720313e-07,1.2763682954171795e-05,1.2412179427705455e-05,8.735352722007004e-05,1
0.23477170496695818,0.7648885565015597,5.6169158741165114e-05,3.7068642464128964e-07,4.88658609762001e-05,4.3856727087813874e-05,0.00019047609825240317,1
0.29569828664028563,0.7040664001693365,4.997495616125008e-05,3.547836626631723e-07,4.794471387156486e-05,3.2385323943408504e-05,0.00010465341273903203,1
0.7395982383716176,0.26033982851095344,2.3122228744111655e-05,2.1152658703026745e-07,1.7243884327487826e-05,1.629366544308073e-05,5.061812327289856e-06,0
0.963521579686874,0.03641115173457699,2.526101778972214e-05,1.8629556345969425e-07,2.4880270635107754e-05,1.1302627096728972e-05,5.638367463794457e-06,0
0.35594405289199244,0.6436324165207105,2.6273568560380977e-05,1.6358981041562816e-07,1.970577564278346e-05,1.352924084406953e-05,0.00036385841243944555,1
0.3322910211230483,0.6662007234602427,2.4986456985681333e-05,1.7670525733074932e-07,1.500788664536054e-05,1.578354055892996e-05,0.00145230082726176,1
0.569180101794124,0.42712336920936117,3.2249854158155897e-05,2.9375364139851796e-07,2.750187959725732e-05,3.348827327573652e-05,0.0036029952358424175,1
0.5925799359024689,0.3943965303685747,5.7293192809964645e-05,4.429484133324141e-07,3.276250582176207e-05,3.909743105467622e-05,0.012893937650856559,0
0.7022578134924055,0.2894179638299969,3.869166538939095e-05,2.7796708059853316e-07,2.5051789714957227e-05,2.507289712794993e-05,0.008235128358284705,0
0.2932026072972422,0.701597432347555,4.326299129203033e-05,2.7432942313773684e-07,2.7452268736569545e-05,2.2699900535697557e-05,0.005106270865215119,1
0.26211320401278804,0.7279389752127705,4.978400323126887e-05,3.107745964100421e-07,4.981717803608167e-05,3.0450104664352528e-05,0.00981745871391339,1
0.28802391225159274,0.7044970495546091,5.115485108952595e-05,3.0076667646955544e-07,3.682666564106655e-05,2.685231915494586e-05,0.007363903591236128,1
0.154936268306472,0.0016883460611988271,1.0661661776951593e-05,5.942967950440432e-08,4.863671087343436e-06,5.874213251378239e-06,0.8433539266565341,6
0.1240604105245166,0.0014148696165399905,8.97671913653204e-06,5.003756003950896e-08,3.798489332543162e-06,4.945867127365781e-06,0.8745069487457869,6
0.04733931772556255,0.0004731420117067082,1.965871999307435e-06,2.2663123159585784e-08,1.2353233117806247e-06,1.171010190448235e-06,0.952183145394106,6
0.0509127322017289,0.0005221187548091706,2.0990165105600426e-06,2.419805038658932e-08,1.3189892466145956e-06,1.3836763288965766e-06,0.9485603231633254,6
0.26090786160134927,0.005406758748875363,1.540435752296233e-05,9.39611292586821e-08,5.893128582988661e-06,6.784369486826615e-06,0.7336572038330533,6
0.8715249949701959,0.04428759122868341,1.2583024202566849e-05,1.4472391051891693e-07,8.000558753443943e-06,7.920199562901373e-06,0.0841587652946913,0
0.9238582951932336,0.052220201364283826,1.3832608499813231e-05,1.590960299004912e-07,8.171177076677565e-06,8.554017690936908e-06,0.023890786543185227,0
0.9321818177480935,0.05111937395769469,1.1253909767478156e-05,1.358391588362938e-07,7.545548221804e-06,7.157464229381278e-06,0.016672715532834396,0
0.9333484970815831,0.04741518228658815,1.0505995900125193e-05,1.5375686623533816e-07,7.731191533691926e-06,7.167693015085377e-06,0.019210761994513593,0
0.9329070746772914,0.04378438062691741,1.494493745962165e-05,1.4979958167153415e-07,8.321017126370972e-06,7.726033083717974e-06,0.023277402908539867,0
0.9346069863912336,0.045519601762768105,1.955458774602193e-05,1.4930101113703183e-07,8.293322696853844e-06,7.70031891014586e-06,0.0198377143156341,0
0.9339715962914875,0.046438215650768576,1.6064270817044257e-05,1.4719625032212642e-07,8.176408146143382e-06,7.746690562954288e-06,0.01955805349196756,0
0.6184555738983498,0.3425663094540235,4.424181921419886e-05,3.983095020940153e-07,1.618961810118258e-05,2.0962357765596533e-05,0.038896324543043446,1
0.22653015574015442,0.7556835958583844,1.5916572908602986e-05,1.3971518124639482e-07,5.415372444708461e-06,6.121507628605328e-06,0.017758655233298185,1
0.3472643399219684,0.5951501558817177,2.6249195529270206e-05,2.1987307109133008e-07,6.661976058280432e-06,8.947733494714657e-06,0.05754342541816042,1
0.5485931218300188,0.4337012269456969,2.943060891287368e-05,2.262915500498223e-07,9.261422689133064e-06,9.20893346284612e-06,0.01765752396766935,1
0.35338181918163514,0.6425030550835008,2.9081346642532005e-05,2.263353335396558e-07,7.864896684885736e-06,9.836584062078656e-06,0.004068116572140848,1
0.3395896251926426,0.659512979325898,2.182338878365944e-05,2.1315280286030931e-07,7.456580632629778e-06,1.4106618986907334e-05,0.0008537957402535191,1
0.4701360117089354,0.5287547133354585,2.579468572314936e-05,2.666183000008477e-07,9.32692803197095e-06,1.8053327761484144e-05,0.0010558333957894678,1
0.6407349580364063,0.35823634082445377,1.8247569374624732e-05,2.1800569782024157e-07,6.22181967713161e-06,1.277121009754638e-05,0.000991242534292811,1
0.38713665361846233,0.6127887557526674,2.1837005119575592e-05,1.8792467829845347e-07,5.846002559959968e-06,1.2724804755647535e-05,3.39948917568149e-05,1
0.340185557211036,0.6597367938480257,1.6446956999713238e-05,1.6671252638427507e-07,7.074618204196303e-06,1.4129601134110957e-05,3.983105207399693e-05,1
0.33501785417908153,0.6648296958800952,2.11257062134826e-05,2.0382142543222325e-07,8.649372653883893e-06,1.3183222129247407e-05,0.00010928781840103639,1
0.29320826517966964,0.7067092453257058,3.686293523104224e-05,2.3428524550701574e-07,1.1993975553588478e-05,1.6337755946378726e-05,1.7060542648019855e-05,1
0.1604123807960345,0.8395246723727312,2.6385776005200872e-05,7.008899292950345e-08,1.0521635424552312e-05,1.0372570222074155e-05,1.5596760589649728e-05,1
0.20019663560018583,0.7997275679448861,2.5728104885558492e-05,6.834200976533685e-08,8.081015981979498e-06,1.0114031687138663e-05,3.180496036350593e-05,1
0.22721384496784003,0.7727223843042669,2.4795341412577743e-05,9.31908256225682e-08,8.080259433198796e-06,1.1255714152968917e-05,1.9546222068651376e-05,1
0.2906902874397205,0.7092397591047199,3.821834472370038e-05,1.702303467921327e-07,1.136453769856656e-05,1.422874171835185e-05,5.971601072220564e-06,1
0.09314691392379265,0.906802515703748,2.6506139519120585e-05,5.906704448033676e-08,6.794076799514346e-06,8.051135478662692e-06,9.159953617577246e-06,1
0.09339227563199842,0.9065777559433448,1.3374414544146405e-05,5.2626620695009846e-08,3.531921500166531e-34,8.473628456750141e-06,8.06775503509902e-06,1
0.09003472884305296,0.9099300643605642,1.2813869821091006e-05,5.042094848218488e-08,6.795277880991327e-06,7.817606190335665e-06,7.729621541711255e-06,1
0.0854428915752909,0.9144978041462118,1.5334218536494337e-05,1.1608359295487158e-07,1.1655071098650096e-05,8.446647715514733e-06,2.3752257553794835e-05,1
0.037608931893399256,0.9616105917017027,8.089819007152934e-06,3.8891592595195584e-08,0.0007634107550110389,5.606760914295676e-06,3.3301783727225684e-06,1
0.17260619225715568,0.8234891175688585,3.0555286955846225e-05,2.7906206189722994e-08,0.0038494720752069995,1.7679995436034658e-05,6.954910180783814e-06,1
0.569908016057535,0.4262296093673959,3.538859442573341e-05,2.836116872045616e-07,0.003796843699847352,2.13173240450798e-05,8.541345063795915e-06,0
0.6660388209309047,0.3310155193862543,3.401233619823234e-05,2.2315007385675586e-07,0.002885528012953126,1.8313566728656475e-05,7.582616887083094e-06,0
0.735268549892132,0.2620377650876598,3.11021910893119e-05,1.0697147645267094e-08,0.0026386380261963524,1.7000268651652482e-05,6.933837123230554e-06,0
0.7409236608139806,0.2549865193417874,0.00018999155128613998,2.2082345130286773e-07,0.0038000802394850754,9.370733885198204e-05,5.819891157648278e-06,0
0.7137236243508825,0.2807390184141171,0.00032334382133362093,2.497382954863003e-07,0.004951349427284052,0.0002558322945444931,6.581953542757607e-06,0
0.6070995712289691,0.38485183576001125,0.004749885791985668,2.826252930219855e-07,0.002854567027809833,0.00043640103252592737,7.456533405311957e-06,0
0.2945763324254833,0.6954972793211683,0.0009160788278729316,1.7978929893174642e-07,0.008520942058655206,0.0004817796456139067,7.407931907337739e-06,0
0.3917924042757973,0.5970702318532286,0.0034254842735405673,3.323562336066303e-305,0.007180975913960547,0.0005214900772763666,9.413606196714671e-06,0
0.1854246354447955,0.8066393124391985,0.0038430528534183005,3.220837797519089e-305,0.003482421275872105,0.0006057669825820703,4.81100413344035e-06,1
0.11042017495011358,0.81188817974372,0.04992343658850177,3.0152353417320444e-07,0.026317112821501787,0.0014460541316036687,4.740241025250995e-06,1
0.238279865427036,0.7419384489455301,0.0077292348701109995,2.535850195003388e-07,0.008814672917753166,0.00323001171533492,7.512539215369379e-06,1
0.04984126981484292,0.9305169860260468,0.005708853015502805,1.8846967847704228e-07,0.011341778791328961,0.002586830516145935,4.093366453817408e-06,1
0.0807179803111878,0.8964406934872082,0.000723016751442451,2.4218904807355487e-07,0.019689957459569092,0.0024227826801656526,5.327121378543813e-06,1
0.09092919712345895,0.8932123918342263,0.0005475252242410885,1.9378166760301683e-07,0.012712821475134731,0.002593051869488392,4.818691783026392e-06,1
0.10177357108479852,0.8811660634227578,0.000530636186374448,2.592802471459799e-07,0.01361429266981577,0.0029094743014768075,5.703054529476435e-06,1
0.1209531843379451,0.8629022863644136,0.0005850190123738256,2.887779177140132e-07,0.01150071506234606,0.004052154568107022,6.35187689675577e-06,1
0.1534974456172484,0.8295248180916847,0.00055997862706956,3.103424707449171e-07,0.011575351851166142,0.004835269265692233,6.826204668318675e-06,1
0.13550219057661478,0.8474079075256671,0.000831120486829748,2.6283659502011314e-07,0.012187127813013614,0.004064825295413418,6.565465866591602e-06,1
0.032988957795399856,0.8724729057577442,0.04861482494887241,2.592422082271704e-07,0.03783385366076697,0.008083030041535967,6.1685534723814176e-06,1
0.019676104790822074,0.49970490952521923,0.029681913158935903,1.4521425104371977e-07,0.4280823517480712,0.02285105686319156,3.5186995089706123e-06,1
0.021304332912647873,0.6410275705543288,0.02173110863685765,1.6452398862491754e-07,0.1962545490738494,0.11967775062705456,4.523671273291811e-06,5
0.009694385130429202,0.13782178616772217,0.0026871227714933632,3.826081860877808e-08,0.031188940581249047,0.8186063754037748,1.3516845127600774e-06,5
0.012633745837889464,0.12825878501838192,0.0055242146424773035,3.760476052087119e-08,0.00400567789378902,0.8495754770250213,2.0619776802976404e-06,5
0.01884348941472528,0.1488641230829029,0.005981189687564695,4.249045245097948e-08,0.005980083737010882,0.8203287417130576,2.3298742862899085e-06,5
0.021703351152146208,0.2555281515689474,0.012855648816155191,9.358443916515237e-08,0.006036135633176815,0.7038732853681015,3.333877033699011e-06,5
0.009793010791782457,0.13334069154013692,0.015863772411781645,5.750360130906522e-08,0.003878931896943116,0.8371205709582598,2.9648974949028285e-06,5
0.06704086703719458,0.5119296922975944,0.31428429740947156,2.1618448033122437e-07,0.048410917285626506,0.058306022286446185,2.7987499186383962e-05,2
0.007945443899513455,0.30261247356769144,0.2363313529241112,1.4837709689984686e-07,0.013338091919034534,0.43977006622997455,2.423082577984044e-06,5
0.002570917211380883,0.040415499486443573,0.9346631438145736,8.139593944241895e-08,0.0018322564646846694,0.020514638488581,3.463138396994052e-06,2
0.004049189940289154,0.04347221000716726,0.919432806859136,1.6008124701422837e-07,0.0010961600892568837,0.03194574731871514,3.725704188468762e-06,2
0.0017392994229834449,0.24755274602385421,0.20717222914699224,2.902515475946774e-07,0.0016190452146164556,0.5419146059377813,1.7840022247314481e-06,2
0.0027689558586281807,0.09209158298288615,0.1315423033469555,7.667117231691503e-07,0.0007268011938518332,0.7728665888266875,3.0010792677683307e-06,2
0.002300056420655367,0.09365654275049694,0.09122559367880076,7.019474232097713e-07,0.0005788475851889278,0.8122357746069678,2.4830104669347596e-06,5
0.002878733763666551,0.4245076394620428,0.06519343859773714,9.425061900930912e-07,0.0003648094159806261,0.5070362285244063,1.8207729976415944e-05,5
0.003412800400957631,0.2711581940664992,0.04154213899634421,3.006780704009396e-07,0.0008175288292548474,0.6830657334277513,3.3036011222782813e-06,5
0.0010490880008216807,0.2814810992162908,0.16144704173906385,3.903332157901545e-07,0.0012988137293336631,0.5547208232883879,2.7436928864099698e-06,5
0.945720721824684,0.004395354101407512,2.200857815564767e-05,2.637159733011994e-07,4.414469696559199e-05,1.1659794274862427e-05,0.04980584728853888,0
0.9399904426376038,0.005385020233071527,2.5151712800924273e-05,2.719961553601572e-07,4.714165472756248e-05,1.2025889730353047e-05,0.05453994587591048,0
0.9450353495378644,0.004101426124351337,2.3393012852345305e-05,2.4399840038354195e-07,4.333372338901325e-05,1.0788012255208634e-05,0.05078546559088745,0
0.9347661688690482,0.005518322475934148,2.4273511236221098e-05,2.585484810436116e-07,4.997521500076473e-05,1.1431321589320536e-05,0.05962957005871023,0
0.1521767294084365,0.00046214614926174985,3.7795438756786403e-06,1.1139205073147023e-08,3.3108711457488997e-06,1.7150575810107985e-06,0.8473523078304943,6
0.5210673515539674,0.02692960476801118,1.4023682624034383e-05,1.5466164976180646e-07,1.2819548693927649e-05,9.385841352141925e-06,0.4519666599437015,1
0.42331720861666755,0.12193417645914714,1.1191614962333137e-05,1.388366403340391e-07,1.3847969059483238e-05,7.525233466921674e-06,0.4547159112700564,6
0.7612354518873037,0.1803481720646305,2.1309042366695485e-05,2.6434753705205597e-07,2.00184292139802e-05,1.3959883425522546e-05,0.05836082434552254,6
0.6534164933310115,0.3463548313712851,1.551044728349774e-05,1.0775804911559082e-07,1.280381499502465e-05,1.0687533070498358e-05,0.00018956574430522611,1
0.5785796028485568,0.4213693445491666,1.861042456131074e-05,2.057362609595531e-07,1.4688103223705354e-05,1.1035275703913521e-05,6.513062526798345e-06,0
0.718310674971465,0.281635732126443,1.5804249380333458e-05,2.2736468389126288e-07,1.6108878770001383e-05,1.1074207415533133e-05,1.0378201842359026e-05,0
0.6474391535183197,0.35250640567712993,1.7857566670595585e-05,2.5690432385732513e-07,2.026603705706382e-05,1.0968422939768345e-05,5.0918735589167085e-06,0
0.7337002302847758,0.2640915786556661,1.743540852825506e-05,2.146849515456776e-07,0.0021730856630199566,1.1383955999609781e-05,6.071347058521613e-06,0
0.765395907263896,0.23248891903027724,1.586447004270614e-05,1.666285628858047e-07,0.002080460255272782,1.1601617699958816e-05,7.080734248256874e-06,0
0.938850025319066,0.058068753216209926,1.850391288544662e-05,7.02794865540878e-08,0.0030243837640823073,3.074630279191108e-05,7.517205477986959e-06,0
0.8318560245762009,0.16637287045329308,2.5087599480032064e-05,1.5712232658826469e-07,0.0016780173454841976,5.590670625106032e-05,1.1936196964315599e-05,0
0.06759030437266823,0.9176424701372038,0.001881801629289334,1.1995904991686228e-07,0.011283646679517865,0.0015978246690741605,3.832553197021502e-06,1
0.01808887770075212,0.9477071894982921,0.0029547939637854207,2.3461637811906264e-07,0.028615605713041302,0.002616345317816259,1.6953189934598514e-05,1
0.03704771789451559,0.902667674673624,0.007342101352276309,3.2248710685132916e-07,0.037297164423626614,0.015622832940652105,2.2186228198422853e-05,1
0.07383018449197586,0.8118532630541896,0.005456066670059135,3.518424085737749e-07,0.08710235296543019,0.02175038989570925,7.391080227185721e-06,1
0.05961869585468416,0.7628225110894651,0.0013603012623145947,1.7686129257589133e-07,0.05163967310846246,0.12455464542734354,3.996396437653631e-06,1
0.04964115502421918,0.6863402316004665,0.0016484872819672557,1.6535922500218684e-07,0.0403855905716889,0.2219809747689391,3.3953934942579483e-06,1
0.01972985222038911,0.5402259051713907,0.0009336436402042286,1.3015605510540394e-07,0.03856825417221116,0.4005395420883833,2.6725513665011623e-06,1
0.034616170493848755,0.898148006801862,0.00165441943523319,2.4359692271009264e-07,0.003954959406161228,0.06158506629751693,4.113396845512683e-05,1
0.1378422114685054,0.8549661263983253,0.0005868390006547848,1.8917314608610915e-07,0.004734415234907849,0.0018479296348268474,2.2289089633914992e-05,1
0.10213696185797849,0.8975390806368767,2.1057273952621996e-05,1.1103713924733615e-07,6.006430812713522e-05,8.786844247787194e-06,0.00023393804167800317,1
0.07974359178720443,0.9202070014699579,2.2352522364548944e-05,1.973904498021167e-07,1.043241008396628e-05,7.52942155164351e-06,8.894998387515522e-06,1
0.09612575575991705,0.903814053953942,2.721250820787329e-05,2.4030796828169484e-07,1.2700671557679983e-05,9.16650221540989e-06,1.0870296191703001e-05,1
0.3052954328558673,0.694475528644185,5.099841784623464e-05,3.3019988354017687e-07,4.668722927991706e-05,4.0416689165046896e-05,9.060596377288512e-05,1
0.32743180080970324,0.6724576436806571,3.602383298915438e-05,2.7805182464545804e-07,3.857077677650391e-05,2.8558281890728716e-05,7.124566158789644e-06,1
0.42872774833128646,0.5711512387147843,3.68608086566355e-05,3.252694884926274e-07,4.5120713913148834e-05,3.0371729995922686e-05,8.33443187490784e-06,1
0.8027208066838104,0.197221637650602,2.0812901761719004e-05,1.6727142258201213e-07,1.2854867671418834e-05,1.920326244127109e-05,4.517362290609565e-06,0
0.7412656127230942,0.2586589795855427,2.1130081966657148e-05,1.6943951247166793e-07,1.302148614217167e-05,1.9452165681912295e-05,2.163451805982932e-05,0
0.3514685103443054,0.6483143981264555,2.7495434933956807e-05,1.65723786665099e-07,1.324065065549983e-05,1.4978548373983781e-05,0.00016121117148898135,1
0.33984962804805224,0.6598481762226683,2.3835907001803166e-05,1.5914353791175765e-07,1.3707539630732693e-05,1.441659887664343e-05,0.00025007654023208103,1
0.36558088936457955,0.6340082975704705,2.537560829405077e-05,1.5501192071624374e-07,2.051809111340913e-05,1.431289394081711e-05,0.00035045145968096907,1
0.38389589930583057,0.6145375954548501,2.8070322221282934e-05,1.9851447983646964e-07,1.4330552750712745e-05,1.6120073840015904e-05,0.001507785776027589,0
0.43871419785919624,0.5594744749953736,3.1331072402503435e-05,2.1844778860366002e-07,1.7383108949348525e-05,2.0600480315615185e-05,0.0017417940359739966,1
0.3183987063910091,0.679732484089795,3.058976662165154e-05,2.1327922602061656e-07,1.7726073367525664e-05,1.8590695208490558e-05,0.0018016897047721636,1
0.32337300560476806,0.674539832566562,3.387191023643156e-05,2.3954355025374847e-07,1.729239844787234e-05,2.2955358104224045e-05,0.0020128026183309166,1
0.5165689717597867,0.4720285685550854,4.746260215133219e-05,3.6713794918983635e-07,2.7140986616974633e-05,3.374129530562725e-05,0.011293747663104745,0
0.5707619382663744,0.41813231888783703,4.7915681395394865e-05,3.704484600505665e-07,2.7400075186546224e-05,3.269812621558864e-05,0.010997358514531135,0
0.3154474972492132,0.6789866880852475,4.9790895170885717e-05,3.2632197357170826e-07,3.2638077006502264e-05,2.6712295229474274e-05,0.0054563470761590325,1
0.27297401968480306,0.7173550233964751,4.8251043655369266e-05,2.984045492126366e-07,4.783425906308169e-05,2.9238071131962408e-05,0.009545335140322214,1
0.21615948280219474,0.002099824644326398,1.3433847683767594e-05,7.488225372926483e-08,5.6845186248652714e-06,7.401593459996958e-06,0.7817140977114564,6
0.04444358582025242,0.0002807722852198611,3.0167565303922433e-06,1.9085886552747165e-08,1.4488623429179237e-06,1.8891149131368924e-06,0.9552692680748547,6
0.09638386939168446,0.0006115796481917351,4.965585157242493e-06,3.895726228458752e-08,2.8425526674503658e-06,2.2419944355229053e-06,0.9029944618706014,6
0.0661329956226167,0.00047710982642940356,2.6917442327670683e-06,3.039161407957305e-08,1.6605441753721946e-06,1.7490405038015087e-06,0.9333837628304279,6
0.06176875151701275,0.00045860662220187294,2.5902908475786725e-06,2.9246136700192814e-08,1.5396763202513629e-06,1.6643443131966423e-06,0.9377668183031675,6
0.11881311625557212,0.0006780478569194759,4.352456804218708e-06,4.4369414290723464e-08,2.3903986197719483e-06,2.4990022835192033e-06,0.8804995496603867,6
0.24782385344858393,0.005135620596440499,1.3475920284836732e-05,8.924916629321928e-08,5.868131597422125e-06,6.5408044454831205e-06,0.7470145518494815,6
0.40982110127084387,0.019042006416302142,8.306297218315668e-06,6.713498927688735e-08,3.7113247161142692e-06,4.105410142807703e-06,0.5711207021457875,6
0.9071907731405634,0.046080832912106455,1.29985279949679e-05,1.495028358951753e-07,8.26474504521832e-06,8.181732315440092e-06,0.046698799439138454,0
0.9261946412741702,0.04950205501816313,1.3372341188951391e-05,1.5380225600006723e-07,7.899288683413991e-06,8.50452877760185e-06,0.024273373746760876,0
0.9231324258785122,0.050344880186015024,1.3600019528830715e-05,1.5642090308818686e-07,8.033782479844581e-06,8.41018580467134e-06,0.02649249352675645,0
0.9221606943889207,0.05036830478486641,1.4885208972752425e-05,1.5005826820173196e-07,8.597676610798313e-06,8.546880329251944e-06,0.027438821002031665,0
0.9139582253018455,0.04991612269745305,1.7060310386048883e-05,1.5632291977383851e-07,8.683373332340922e-06,8.22701179367895e-06,0.03609152498226991,0
0.7809186826072586,0.20433095448488783,4.1792554869411244e-05,2.532859867601671e-07,1.1978101392891277e-05,1.3275584936589166e-05,0.014683063380667986,0
0.2532317782253393,0.7241526781408867,1.3519814037089302e-05,1.5618372607611584e-07,4.334292742395141e-06,6.843063596309212e-06,0.02259069027967232,1
0.28717641916705594,0.6423867860413076,2.0123757555389594e-05,1.9342111360270005e-07,5.889143332131188e-06,7.87127122106283e-06,0.07040271719841426,1
0.3167423885321897,0.6111280528548763,2.5032892972657227e-05,2.096848663442352e-07,6.095434739651688e-06,8.533124555047257e-06,0.07208968747580033,1
0.32292865961908535,0.6712926324945665,2.6349798928412286e-05,2.0202642900248017e-07,6.986049069721446e-06,9.211847310574773e-06,0.005735958164610418,1
0.35371212163851057,0.6451310909182087,2.2948350386211213e-05,2.241404968922134e-07,7.840955716682749e-06,1.4833793160424375e-05,0.0011109402035204474,1
0.39036086657972074,0.6094625011698345,2.0697680378353594e-05,2.2516668955864113e-07,9.555180978172944e-06,1.3970127479077001e-05,0.0001321840949196916,1
0.3817706858734002,0.6180676713279647,1.8625073192198252e-05,2.026191339711985e-07,8.59835217425113e-06,1.2571198416720671e-05,0.0001216455557180685,1
0.2863621975371152,0.7135026007286531,2.7426648138244797e-05,2.4194837709209314e-07,1.1003058745548408e-05,1.651199351390746e-05,8.001808545696677e-05,1
0.14731301542092579,0.8525989936803097,2.3883975908406483e-05,6.344341808415142e-08,9.524013504378665e-06,9.38908210406403e-06,4.51303838296779e-05,1
0.1498626172091597,0.8500515827878957,2.3289285960673757e-05,6.186373289567449e-08,9.28687396300393e-06,9.15530223562266e-06,4.40066770522237e-05,1
0.15582995020137638,0.8441065025446437,2.655902089801044e-05,7.054918633313142e-08,1.077784250522566e-05,1.0440674901501764e-05,1.5699166488797724e-05,1
0.23811046907710592,0.7617824260188564,7.349740378509575e-05,1.8327630029566464e-07,1.3669831675303442e-05,1.3253565068248359e-05,6.5008272085160295e-06,1
0.2135277236508525,0.786413390171635,3.232054149866063e-05,1.4396063010061746e-07,9.610777624072102e-06,1.176082608189208e-05,5.050071677972554e-06,1
0.17913995380977613,0.8208074106644216,2.9364381933825223e-05,7.247535875620777e-08,8.73173937528273e-06,9.878756205673363e-06,4.588172928703095e-06,1
0.16352637294233607,0.8364205984717966,2.6805024614614222e-05,6.615851066748712e-08,7.698323503961727e-06,9.017738015109403e-06,9.441341222589714e-06,1
0.08646719180603094,0.9134882232561693,2.224639154358798e-05,5.483124721314099e-08,6.306862106555039e-06,7.473774990113192e-06,8.503077912311683e-06,1
0.08150643827590418,0.9184612046259081,1.5369459330977704e-05,4.1956368057615704e-08,4.692482917778475e-06,6.382251960780446e-06,5.8709476101832315e-06,1
0.0907771823173498,0.9091933726399749,1.1062769017208967e-05,4.3530589468678734e-08,4.916147735650647e-06,6.749278146156692e-06,6.673317186791402e-06,1
0.07748330329954776,0.9224868542924135,1.1650404118656599e-05,4.139052594730773e-08,4.70103159471394e-06,6.417468167645645e-06,7.032113631811753e-06,1
0.04587276145258383,0.9541081551067893,7.4501291916226045e-06,2.64681604583007e-08,3.006186940625799e-06,4.10380330545982e-06,4.496853028752197e-06,1
0.05506008538239752,0.944906663156757,9.234787882027215e-06,6.990948739712595e-08,4.5554877167483135e-06,5.086858504158317e-06,1.430441725520891e-05,1
0.04172886307875735,0.9577438690403923,6.836522469835675e-06,5.9312710193573065e-08,0.000510142279253094,4.5984812255927275e-06,5.6312851916542355e-06,1
0.27069657329673,0.7241823893006096,3.1946953809662676e-05,2.139993892975985e-07,0.005061892626096485,1.8485246051403133e-05,8.498577313316285e-06,1
0.7567219117131462,0.24138102280929585,3.6973591126091815e-05,3.228363014828905e-07,0.0018310502027884521,2.021036635743436e-05,8.508480984617905e-06,0
0.6608495897491756,0.3331091930956766,0.0024305927222479777,2.3468191677001025e-07,0.0032252199704589446,0.00037897814235413524,6.191638169773062e-06,0
0.5443505176566819,0.4506509633596602,0.001965109173896224,2.1281307530098378e-07,0.002664453572477797,0.0003631287540277304,5.614670180794871e-06,0
0.43643384388999196,0.5546292008717123,0.0014884601237589988,2.0449294786786278e-07,0.006910115008664417,0.0005319413019098297,6.234311014672143e-06,0
0.172194654268249,0.8194888594309075,0.004992417841818404,3.290568486254199e-305,0.0026664613653314723,0.0006499573468604395,7.64974683316779e-06,1
0.08248582945922361,0.9094762066986599,0.004442167516497711,2.8840442429243945e-305,0.003049064686788876,0.0005424237072774274,4.307931552598595e-06,1
0.286403250482218,0.679875217656698,0.0005875734929190594,3.794624125508151e-07,0.031511742184992454,0.0016161729740402572,5.663746719533175e-06,1
0.32697007660366284,0.6377995211835416,0.00043305027571469563,2.7935072938749817e-07,0.03302533940275374,0.0017655886644526266,6.144519145143136e-06,1
0.2724039457803638,0.7051084968370398,0.003340171961994177,2.2764033738006379e-07,0.017777544746715987,0.0013628691140346774,6.743919514399236e-06,1
0.1265407937574739,0.8549215258192285,0.004259676553950329,1.8989825753000406e-07,0.012536095503543282,0.0017375940738333742,4.124393713052279e-06,1
0.03211297036923496,0.9473269638580843,0.00478489734118732,1.9716851620920666e-07,0.012078585420758339,0.003692201081322509,4.184760896264093e-06,1
0.1384513605639535,0.839563745335964,0.0006772729716660344,3.9468726389208416e-07,0.017636349962298934,0.0036649854903862203,5.8909884672990244e-06,1
0.0963473526414809,0.8858807313616516,0.0008633213304583883,2.630716439666063e-07,0.01309018046329069,0.003807149957220808,1.1001174253944382e-05,1
0.011140752381928413,0.17354762198155715,0.0034144928196194416,4.645967517961364e-08,0.008512630523592326,0.8033828144985571,1.6413350704874848e-06,5
0.009230878329456382,0.1238252403369956,0.002317433338971986,3.474577115357343e-08,0.004562144916589441,0.8600630408278792,1.2275043362876718e-06,5
0.0077216073344233555,0.10884431298548682,0.001559846678834725,2.9064753299096697e-08,0.0037193273039408683,0.8781538498281608,1.0268044001695285e-06,5
0.009463315758155512,0.12863598585732092,0.0022080004300717468,3.5620684397672126e-08,0.004558269691882768,0.8551324018221302,1.9908197544351542e-06,5
0.009498421064136543,0.12911317649103737,0.002722940206063722,3.575282360310411e-08,0.004575179140575707,0.8540882491404237,1.9982049393342523e-06,5
0.0057267829095135015,0.09090763424239466,0.0038287912479343165,2.6452822206987345e-08,0.0034732747138536304,0.8960620120003213,1.4784331604159985e-06,5
0.004746604701711246,0.07436212829186106,0.0038812869186912076,2.192524009468418e-08,0.002878799903471975,0.9141299328698483,1.2253891759610207e-06,5
0.008459370187621197,0.1467086232583191,0.00658331242116334,4.301415020565739e-08,0.005016720637595998,0.8332295718910027,2.3585901474311814e-06,5
0.010394101625407354,0.11525875104650422,0.0051720502214528,3.3793223056161975e-08,0.003766529370286979,0.8654066809630582,1.8529800674691625e-06,5
0.04729452568167877,0.3522432741153288,0.025236205965517015,1.0996586240080667e-07,0.04987988095343376,0.5253425618565113,3.441461667840004e-06,5
0.026605317417417413,0.5042140693488719,0.36141197214091264,1.2929467608554467e-07,0.03735875774730982,0.07040179549793031,7.958552881755115e-06,2
0.014032251317928323,0.1632646429786912,0.27247150506053924,1.092266618777731e-07,0.015473231720642003,0.5347446919011684,1.3567794369011892e-05,5
0.005379440016986395,0.07806071965181342,0.03413685131658903,5.2051575451711866e-08,0.007349967221637326,0.8750673696601439,5.6000812543322e-06,5
0.0006035819268386948,0.08682615086214816,0.8571807172268023,6.978364786136018e-08,0.0035030004396535714,0.05188500546566184,1.4742952475837942e-06,2
0.0019353011013398984,0.050565243061693285,0.9391278200621744,4.9985479731237506e-08,0.004955357042597067,0.0034125374514875737,3.691295227722837e-06,2
0.003976380177830679,0.04391116391611842,0.9273301104443077,8.675957130118383e-08,0.002264151849631912,0.022514415508662674,3.691343877079082e-06,2
0.0019654794807071187,0.10544389346397211,0.8179959936680327,3.7231491362480524e-07,0.0008867102620849231,0.07369993606853578,7.6147417538736275e-06,2
0.004050437967793933,0.14280191727647304,0.13783159859675015,2.7930518728970994e-64,0.0035175293992791195,0.7117942536067372,4.2631529665086915e-06,5
0.004353279910412333,0.16476747707463624,0.16123943252545897,1.2127122156429793e-06,0.003275011284851937,0.6663596150895517,3.971402873217228e-06,5
0.0025486909189338814,0.2544974975044884,0.05131985913111353,6.895907933562479e-07,0.0006319133045157003,0.6909957480165749,5.6015335801120895e-06,5
0.008146203755222238,0.41488324931747383,0.05837199014034632,7.994741026445876e-07,0.00038409123434357816,0.5181959048131849,1.776126532642445e-05,5
0.003636079603346246,0.3696749541224869,0.05878292437305588,3.2425552221305745e-07,0.0009401255998742298,0.5669620293951173,3.5626505972303837e-06,1
0.0020764807093882364,0.5390612375422659,0.3159646942895692,5.797737455884504e-07,0.006512778811428991,0.1363790349446601,5.1939289420677395e-06,5
0.0015403822702208124,0.3694509960621483,0.4931913770785159,4.438246616475096e-07,0.004670374187398928,0.13114256260041288,3.863976641550432e-06,2
0.8952007549185711,0.005279690850163355,2.5356735050514775e-05,2.4685986181065886e-07,5.69865950985815e-05,1.0914527350779018e-05,0.09942604951390376,6
0.12801914696129704,0.0005243445745124655,3.2758117793134425e-06,9.454208596294482e-09,3.1797138831144196e-06,1.624478064305793e-06,0.8714484190062552,6
0.22796452200798997,0.001521308936567427,5.8063094010818415e-06,1.6825391270920916e-08,5.9632773257323455e-06,3.805421267098993e-06,0.7704985772220574,6
0.6073588436651483,0.3540143681792249,1.6644227576754857e-05,2.0647856859704425e-07,1.5020915351852099e-05,1.2530417789114983e-05,0.03858238611634043,1
0.6889637124400013,0.30682455248158125,1.5700020636823653e-05,1.0907510041303698e-07,1.1015798254750668e-05,1.0760825938384982e-05,0.004174149358487221,1
0.6352210260225664,0.3647392447942233,1.3725170864521767e-05,2.1526171089191295e-07,1.2827948234656328e-05,8.694290270420097e-06,4.266512129809183e-06,0
0.6956529971225197,0.304303940359117,1.4602403176788415e-05,2.100745630143442e-07,1.4145752290941436e-05,9.019448626848959e-06,5.084839705996481e-06,0
0.7690939340036914,0.23085860160033986,1.5720053189359484e-05,2.2615341217028712e-07,1.5710262495999726e-05,1.0333899776509452e-05,5.474027094710859e-06,0
0.8166140541730103,0.1798282621341413,1.642283360678009e-05,2.264902280472821e-07,0.003522484662180185,1.3122084153301424e-05,5.427622680160813e-06,0
0.8333729596288397,0.1650045419463707,2.5348775698952813e-05,1.5875805962039539e-07,0.001528441704499958,5.648872694867974e-05,1.2060459582343862e-05,0
0.7444155990236702,0.25123106303393666,3.529558065028621e-05,2.5576152028664804e-07,0.004197779269674008,0.0001094417558580977,1.056557469045381e-05,0
0.012829922623436577,0.20917216444889966,8.317356338079011e-05,3.147023956316793e-08,0.7777235118641977,0.00018898429851032172,2.2117313354474687e-06,4
0.011754211816264966,0.16049249074652755,4.949360672289721e-05,2.3925581489566522e-08,0.8276552266828574,4.6779575191265806e-05,1.7736468542195443e-06,4
0.012715720059085518,0.9299838198895015,0.002127400821571314,1.912755137835143e-07,0.05063974307627097,0.004520033453946044,1.3091424110953575e-05,1
0.13288625757517838,0.7353772326644248,0.005137470800629744,3.4815617989091854e-07,0.09295546550728988,0.033635911651908504,7.313644388677254e-06,1
0.059230583473499764,0.8678009885908563,0.0017546212374770643,1.8351609420761319e-07,0.06152783890933325,0.009682016056286154,3.7682164533361726e-06,1
0.02994550003187233,0.8865862881224339,0.001522651069090626,2.404611376610592e-07,0.0039040478329057057,0.07800066802524074,4.060445731905017e-05,1
0.11632404204681171,0.8610623362164993,0.0009573431613369292,1.2431992011762698e-07,0.00655257217025455,0.015077147705277983,2.6434379899305534e-05,1
0.14699034412852308,0.8440372179780071,0.0003228655416189989,2.0287526457596742e-07,0.007784574933166911,0.0008305260645210251,3.4268478898277857e-05,1
0.22062512136067888,0.7714742597547243,5.391485373590651e-05,2.413586143127242e-07,0.007609537793661157,2.270031360491175e-05,0.00021422456498037555,1
0.106761552439497,0.8917252078310409,1.673354288228721e-05,1.1077241382334383e-07,5.579955277084347e-05,7.5483707902244795e-06,0.0014330474906047808,1
0.09796274374110293,0.9003799640938568,1.832438622993466e-05,1.213034507276835e-07,6.110436765383888e-05,8.456040289927986e-06,0.0015692860674159492,1
0.09682153545898665,0.9025314129343415,1.9525823895629275e-05,2.249862994477213e-07,6.094696706167273e-05,8.215258402173945e-06,0.0005581385710129273,1
0.1136288155500297,0.8860106531690468,2.091289420874807e-05,3.730872945413635e-43,6.758601247721577e-05,8.798851755528216e-06,0.0002632335224819154,1
0.07562067263965618,0.924336538546568,1.55768528972204e-05,1.9827626264610127e-07,1.0479226750402553e-05,7.5995421270353635e-06,8.934915738262644e-06,1
0.1266537055879659,0.8732824028217655,3.0108087653598498e-05,2.657389182662982e-07,1.40521016878392e-05,1.0141874834551853e-05,9.32378717467694e-06,1
0.11744170920262764,0.8824958381134675,2.765043492151483e-05,2.6796426383093787e-07,1.4905613750513555e-05,1.0226804721101568e-05,9.401866247814506e-06,1
0.1562258489784173,0.8437151273249394,2.8922000852161896e-05,2.2982885959839014e-07,8.787514319475336e-06,9.044276066717299e-06,1.204007654546074e-05,1
0.22994001805606207,0.7700010536825381,2.325022561524087e-05,1.531680079312586e-07,1.2420976933648701e-05,1.1492013068820712e-05,1.1611877774060251e-05,1
0.30107826882744393,0.698788900791392,4.016171976811136e-05,3.055638118642776e-07,4.3203915129234665e-05,2.90847268613711e-05,2.0074455593585862e-05,1
0.2360706905004285,0.7638011767441937,4.016451182593879e-05,3.400196809138602e-07,4.716683024421511e-05,3.1749015223878334e-05,8.712378403019814e-06,1
0.3167421194834903,0.6831288028660895,4.0460698761062076e-05,3.425271030781806e-07,4.751465468560399e-05,3.198314339038252e-05,8.776626480228066e-06,1
0.2765601626477771,0.7232915216481259,4.948960284290804e-05,3.819880681656648e-07,5.2988598536594746e-05,3.566777357985929e-05,9.787741069438016e-06,1
0.7496852126709147,0.25026287824260884,1.9026800094599434e-05,1.5329224307157e-07,1.1992365682847413e-05,1.6180904140102594e-05,4.555724315752958e-06,0
0.38236172482407366,0.6175302230698162,2.8081711360677297e-05,1.6925746233533216e-07,1.3522976844280128e-05,1.830136520741922e-05,4.797679523533455e-05,1
0.3424129437429929,0.6573055311704553,2.3286926446137657e-05,1.5547819772282497e-07,1.3391832209877373e-05,1.408456064283476e-05,0.00023060628905518854,1
0.347192785703897,0.652408953544687,2.558438644074053e-05,1.5628728330644987e-07,1.2727311408875425e-05,1.4142054248210466e-05,0.0003456507120348301,1
0.35447028770427264,0.6435160749692383,3.0557555902823745e-05,2.3320947971398027e-07,1.5846901316169398e-05,2.032793553308458e-05,0.0019466717242570789,1
0.8238052160044501,0.1682550161617242,3.397104197530959e-05,2.633499365878125e-07,2.3785546697747673e-05,2.528127374324493e-05,0.007856466621472758,0
0.3479699801245566,0.6462473630808946,5.269597389135346e-05,3.451804672394679e-07,3.4542364580830094e-05,2.8335288244778027e-05,0.005666737987364628,1
0.2934302518142145,0.7021421574100912,4.19122206311376e-05,2.745424143849742e-07,2.74735828664606e-05,2.2717524894295193e-05,0.00433521290488774,1
0.28069457307131207,0.7153238947141685,4.7460303139973196e-05,2.9755964254987033e-07,2.977692723953724e-05,2.4370616911364883e-05,0.0038796268075860737,1
0.31385260151995914,0.6784854818968623,4.433225034834987e-05,3.439571877865767e-07,2.679653803031251e-05,2.6567663751249078e-05,0.007563876173861008,1
0.26831448368649424,0.0025374107650152863,1.967747164703037e-05,9.048709721291756e-08,7.63756345388871e-06,8.944024432901024e-06,0.7291117560018595,6
0.09791060842463573,0.001138573233301168,7.333198041743575e-06,4.100169366399222e-08,3.3389877443176943e-06,4.058334453076222e-06,0.9009360468201304,6
0.1560063704032919,0.001117781140372123,5.282415121163593e-06,5.466858153805192e-08,2.724913463372499e-06,3.0790785112732706e-06,0.8428647073806587,6
0.05739642295175078,0.0005532488233320261,2.3212610964073013e-06,2.6760148235473634e-08,1.4586442790433953e-06,1.3795597100291261e-06,0.9420451419996835,6
0.1469532871235153,0.001325981846704277,5.413786582111261e-06,5.6350127738634186e-08,2.881148357659453e-06,2.9116275524051026e-06,0.8517094681171604,6
0.05897141044106734,0.0009692055813892845,3.481752847507363e-06,1.1768116972084869e-08,1.331987860834979e-06,1.533429599000771e-06,0.9400530250391191,6
0.2478961222650338,0.004845488436138564,1.3479850047028732e-05,1.0541063587311192e-07,5.869842824648304e-06,6.54271183328832e-06,0.7472323914834867,6
0.34105481562998996,0.008807272426256557,6.8790604502792424e-06,5.5599461158964584e-08,3.096083193456075e-06,3.399994462429126e-06,0.6501244812061862,6
0.34481712474484627,0.012732617728839254,6.7977180080315785e-06,5.4942017313106145e-08,3.054544659396207e-06,3.35979073763248e-06,0.642436990530892,6
0.9205166524172095,0.04586856836250771,1.3290362735526215e-05,1.528593791393866e-07,8.382392624488486e-06,8.365423401732202e-06,0.033584588182141606,0
0.9254111447575407,0.04709315484884199,1.3361029114497678e-05,1.5367214994410902e-07,7.89260643230661e-06,8.40990331489389e-06,0.02746588318260551,0
0.9207144992278582,0.05103163522413037,1.3785537537720247e-05,1.5855464226614218e-07,8.143371390827602e-06,8.767312996853461e-06,0.028223010771443867,0
0.9309545644876243,0.04342208122165155,1.0162880937311698e-05,1.4788551369002174e-07,7.435968613239103e-06,7.706140182846388e-06,0.025597901415477325,0
0.9285369259812852,0.055066693371422205,8.853801760463943e-06,1.4833910643503043e-07,7.537258776824151e-06,6.973659928066607e-06,0.016372867587720788,0
0.9170295500451603,0.07198357979504794,1.2983509550211677e-05,1.2784377735430967e-07,6.254026644691901e-06,6.950114039507614e-06,0.01096055466577993,0
0.4148939842197059,0.5484071343076634,1.907428254115446e-05,2.193627000205916e-07,9.093018376433244e-06,1.1544689177848192e-05,0.03665895011983525,1
0.19442054520172117,0.6957167151070114,1.0080735961855067e-05,9.007639682576554e-08,3.5084311461525225e-06,4.1406869285357424e-06,0.10984491976083396,1
0.21902054925405123,0.7266848275396067,1.2723044543094694e-05,1.2228856550118026e-07,4.40650782583357e-06,4.976532542727849e-06,0.05427239483286508,1
0.32385375687797996,0.6704590863095404,2.7114513576757075e-05,2.074230877264595e-07,7.172664864716254e-06,9.014653642135603e-06,0.00564364755730826,1
0.2766518730598277,0.7189603626064629,2.487820717790566e-05,2.1618230850874205e-07,7.4755576421597355e-06,9.445389390524804e-06,0.004345748997190265,1
0.28836217994965996,0.708565863796767,2.1381229250426145e-05,2.0883415442516565e-07,7.305504269342485e-06,9.26119390117878e-06,0.003033799491997632,1
0.4124452963849752,0.5865954121338504,1.8767422832482357e-05,2.011477205101201e-07,8.614565639005064e-06,1.38534265623337e-05,0.000917854918420022,1
0.13334901231303753,0.8665266441359234,1.8976621719741566e-05,5.583025321184153e-08,1.7028815074354863e-05,7.19076340090266e-06,8.109152059106987e-05,1
0.11299300408545357,0.8869395045530046,1.83196452783499e-05,4.8662790441796586e-08,7.3051718732064404e-06,7.201675897488046e-06,3.4616205702354464e-05,1
0.13445015961096463,0.8655048272325332,1.7409861566403834e-05,5.122075962679162e-08,7.55114965858086e-06,7.580233412559632e-06,1.2420691105294539e-05,1
0.15285507655324213,0.8471045990656311,1.8277206325385164e-05,9.704118974902949e-08,8.207814405550438e-06,7.957874308620865e-06,5.784444897337606e-06,1
0.18492181983334033,0.8149972794552043,5.575388159758767e-05,1.202835708437444e-07,1.0369702022568236e-05,9.725427210342236e-06,4.931417054264415e-06,1
0.08706110768024443,0.9129066927321744,1.525791752646709e-05,3.7606577507738165e-08,3.684794942684763e-06,5.125965808301494e-06,8.093302726332846e-06,1
0.029525120743290764,0.9700267493431182,7.474220867703728e-06,5.467657098891781e-08,0.0004328959929107179,4.4871889856939234e-06,3.217834256185361e-06,1
0.03736185573717534,0.9620811790064999,6.592471099897991e-06,6.521139245762157e-08,0.0005396503784518593,4.084378269010269e-06,6.572817111524541e-06,1
0.15542153048281335,0.8413946644460673,2.5990633688274902e-05,1.517182074602743e-07,0.0031374162825867262,1.2852985149912298e-05,7.39345148720463e-06,1
0.23186231454199857,0.7647532647178346,3.00152033306257e-05,7.489190848995448e-09,0.0033296710933564655,1.7894976453891676e-05,6.831977834936472e-06,1
0.6505929774665541,0.3479041272143236,3.6722197271896645e-05,3.95097849916801e-08,0.0014355396880746613,2.173070228086358e-05,8.86322170998612e-06,0
0.8004085777170518,0.19588997347479906,2.0137873648701875e-05,1.8473467377551322e-07,0.0036646925866592518,1.1564856302636437e-05,4.868756864698031e-06,0
0.06292003045939774,0.9309682142194189,0.0029952446040112215,2.9850605494923123e-305,0.0026255207314111214,0.00048653116493721195,4.458820823960705e-06,1
0.07630548072478145,0.9155104913830138,0.004314841303385774,2.569396542418571e-07,0.0031966908671402696,0.0006667352235697945,5.503558454392328e-06,1
0.0708468611092164,0.9206323368942734,0.0048513272863193934,2.572608150572738e-07,0.00268313292212337,0.0009773884772131,8.696050039435453e-06,1
0.15158530419334593,0.8337599393139257,0.00043943537877261257,2.5814958291892263e-07,0.013325636822271584,0.0008805888589085889,8.83728319266572e-06,1
0.3256857157268605,0.6581196901744817,0.00031220656575746425,2.882507894226057e-07,0.014458202031225154,0.0014175569685528373,6.340282332869715e-06,1
0.33449558551852826,0.6542077940182148,0.0035767532451706787,2.6139961433900236e-07,0.004715095965668512,0.0029950792370547308,9.430615748549416e-06,1
0.048432102904153354,0.9355990618660741,0.0027171352281268823,1.9772655498142998e-07,0.009188902157622319,0.0040560687016637596,6.531415804564755e-06,1
0.16283422117436858,0.8180029206304765,0.0007900624442045307,2.912093596158454e-07,0.01523372064566148,0.003132378537728501,6.40535820088148e-06,1
0.10104270589433126,0.8850874380846625,0.000496690369320627,2.4517700718649656e-07,0.010351871998464122,0.00301492413393294,6.124342281305416e-06,1
0.021490217428939095,0.6648690763300568,0.02500888485565042,1.7979029590561217e-07,0.2278358722023535,0.0607908259664988,4.9434262055185435e-06,4
0.020820825201626914,0.6769200534309135,0.020501201596435432,1.7550850604843493e-07,0.22240985450888842,0.059343064057427626,4.825696201905859e-06,4
0.008547392471532038,0.10118719485922581,0.005265962976768878,3.4406831693419864e-08,0.0038770161600896894,0.8811205124995498,1.886626002104523e-06,5
0.007812416652273365,0.12094132920156436,0.00599947838464383,4.1123859243315154e-08,0.00444618757062607,0.8607982921270013,2.254940031870553e-06,5
0.013899719358731051,0.29505972810836995,0.011281226818915182,8.939514442250553e-08,0.005084198298767787,0.6746708913628849,4.1466571867385636e-06,5
0.02791959171043778,0.23873162864018316,0.48406115118021364,1.284447593754498e-07,0.01822339192197946,0.23101996487405507,4.414322837162506e-05,2
0.005048639611153902,0.23251760778643527,0.10941254629681732,1.0374588517343417e-07,0.005113272782198902,0.6479061223067594,1.7074707501458268e-06,5
0.002362121841472921,0.24177087368516856,0.7131103344826093,2.0069337432602808e-07,0.026861713095133348,0.01589094459659373,3.811605647832553e-06,2
0.0012062723927333972,0.03807723659485426,0.953477331490818,6.821734329323731e-08,0.0016555981075333651,0.005580656165880597,2.8370308373448564e-06,2
0.0020009488951726567,0.042328964967973365,0.9445061829835361,7.258339566894935e-08,0.0018502641196994486,0.009308868420188231,4.6980300347080146e-06,2
0.002931248037130245,0.12193648571453877,0.10804354324465398,2.1024677500021723e-64,0.0006755307870370091,0.7664101192338613,3.0729827788423163e-06,5
0.0031606122611152324,0.2652651541238378,0.07231614953725432,7.911104340467845e-07,0.000579652274822559,0.6586749589129783,2.6817795577474826e-06,5
0.0020980919213316996,0.3335590322133675,0.05535856091123463,6.86960900935123e-07,0.00036260501657852425,0.6086077519777113,1.327099887518694e-05,5
0.3713190169272125,0.0013684957624865723,1.0700026868560898e-05,1.014308035440964e-07,1.8216126876427868e-05,4.530734017433569e-06,0.6272789389917349,6
0.3897616038484376,0.0014014517206783334,1.0483180389433022e-05,1.0646864519931774e-07,1.7472739608881814e-05,4.755765465122259e-06,0.6088041262767754,6
0.33169066009616893,0.001182746275222515,7.401761221595157e-06,8.985353664308162e-08,1.4759435593698685e-05,4.0135980474465865e-06,0.6671003289802091,6
0.12500285876065995,0.000450856070102293,3.1884476816583863e-06,9.880992030010437e-09,3.053543408686888e-06,1.5213356947551913e-06,0.8745385119614607,6
0.10998985556946876,0.0003329795686965683,2.832412511237764e-06,8.524105764418305e-09,2.6342220389243575e-06,1.3124214983568158e-06,0.8896703772816803,6
0.17964518365155582,0.0005455652134246994,4.556331263269188e-06,1.3149872183985185e-08,4.377254829234851e-06,2.0246317246492037e-06,0.8197982797673301,6
0.1855194060649942,0.0010807359749757147,4.732148823960202e-06,1.3657293246502035e-08,4.8404358529538915e-06,2.3119986341220714e-06,0.8133879597194258,6
0.5003127430679354,0.45907205919072674,1.6968659492213102e-05,2.0100700036718137e-07,1.4205043619389227e-05,1.219836862610654e-05,0.04057162466259984,1
0.4562253255141663,0.11372865038804697,1.206919728618143e-05,1.4972341421517301e-07,1.4933847452253379e-05,8.072310119686983e-06,0.4300107990195145,6
0.7317954123254529,0.26096366117481834,1.9399054723347857e-05,2.529765492388083e-07,1.8777304500645523e-05,1.3359394894113547e-05,0.007189137769061476,1
0.6581135202262383,0.3287050986676254,1.9684167057691055e-05,2.7563334274756194e-07,2.0403147306507193e-05,1.4555873589188554e-05,0.013126462284840542,1
0.7047903018311799,0.29090121285449483,1.6060675016097185e-05,1.11580728497461e-07,1.1268848615235628e-05,1.1008019180295517e-05,0.004270036190785346,1
0.6694888452854274,0.33029018041799363,1.5118862162635586e-05,1.050375312661995e-07,1.0608032898654313e-05,1.036249874328007e-05,0.00018477986524330738,1
0.6706887548458382,0.3292711901705282,1.450822536541879e-05,1.0079516295898226e-07,9.100024657556054e-06,9.523205152608557e-06,6.822733295202757e-06,0
0.6061564997281343,0.3937852254461654,1.805691738045776e-05,2.597722431137572e-07,1.9875256131498544e-05,1.029686679662774e-05,9.786013148518237e-06,0
0.632918478942084,0.3670194993382419,1.8692986306832065e-05,2.6892292195321605e-07,2.2269495470474117e-05,1.0659581919610937e-05,1.0130733055339066e-05,0
0.6998351758038054,0.3001153968480582,1.6024743934508578e-05,2.305367848498921e-07,1.4589414068120793e-05,9.897984114385876e-06,8.684669234542585e-06,0
0.7491479704937026,0.250805698812654,1.441936781888042e-05,2.0744136131711825e-07,1.4410387212577399e-05,9.478867538552352e-06,7.81462971202382e-06,0
0.9063062206618867,0.09343811702856411,9.15508348227613e-06,1.1501266545872942e-07,0.00023506508581987962,6.943886685158736e-06,4.383240896439439e-06,0
0.9220266632878525,0.07652500537391513,1.2333833607599231e-05,8.512988022792951e-08,0.0013903066873866812,3.650006019165449e-05,9.105627166147007e-06,0
0.8163874536665227,0.18232169406463342,2.236990134797585e-05,1.5552231032340705e-07,0.001203451530804856,5.306066671939899e-05,1.1814647661309826e-05,0
0.0021968395310450104,0.08220880349253525,0.0001419926295535684,1.2808950925510042e-09,0.9151465967169391,0.00030437119242009955,1.3951566117916985e-06,4
0.03290832055212969,0.9260146764139393,0.004247240787514335,3.135380474928314e-07,0.03032196152033162,0.006484831182035497,2.2656006002154104e-05,1
0.06830010350022203,0.7482962014738828,0.0020614997061677094,2.0022318469837648e-07,0.09601881051865001,0.085318978531136,4.206046756691709e-06,1
0.008348486275734621,0.30347057161828994,0.0003102138057383937,7.032435065506177e-08,0.0018882531260630295,0.685975691172438,6.713677385460103e-06,1
0.1051968184994546,0.8813364810754634,0.0006140959670478079,1.0163899906454981e-07,0.01023822112185507,0.0025895692973700603,2.4712399809770387e-05,1
0.17870410020478372,0.8107814018840688,4.059688592190539e-05,2.2959902062079035e-07,0.010025603559009333,2.1225607994889394e-05,0.00042684225920091315,1
0.09112105444778891,0.9086457496464191,1.632947591688062e-05,2.991856204354568e-43,5.4198476795120555e-05,7.055962398380381e-06,0.00015561199068144963,1
0.1431031416449272,0.8568447302325944,2.314803670891719e-05,2.6514399580296806e-07,9.32271483652429e-06,1.0094187618687734e-05,9.298039318483385e-06,1
0.17102807862885538,0.8289051402453552,3.5680232533924926e-05,2.83384632919065e-07,9.969296366871144e-06,1.0905302789501481e-05,9.942909465987712e-06,1
0.22501894537752698,0.7749016212569553,4.001761843478795e-05,1.4629121523448843e-07,1.4523801959805668e-05,1.1228418134114672e-05,1.3517235773691597e-05,1
0.22783563636029183,0.7721039369634762,2.878005607745633e-05,1.481202013787778e-07,1.160586559600706e-05,1.1117491532742065e-05,8.775142824202309e-06,1
0.2268353398936517,0.7731090300692625,2.712914113478773e-05,1.5141082608824316e-07,1.1863700433858058e-05,1.1366129074633918e-05,5.119655616327392e-06,1
0.22370651145266193,0.7761902493405397,3.3164036116594636e-05,2.1472746265265357e-07,2.9440473734559687e-05,2.4132650893633173e-05,1.6287318590761457e-05,1
0.21770355705329472,0.7821744079765207,3.825501826837892e-05,3.177323443226057e-07,4.4924433800504726e-05,3.0239609600038193e-05,8.298176171365994e-06,1
0.3347144669041597,0.66515989784401,3.8950276713790273e-05,3.2974036176823297e-07,4.574090425115255e-05,3.085938322590904e-05,9.754947277779409e-06,1
0.7088720490776296,0.29106366202029166,2.0737303308255266e-05,1.9343597435831616e-07,1.7634454934059077e-05,2.074456761109523e-05,4.979140250933431e-06,0
0.6854369163951272,0.31449296331204046,2.41533738393277e-05,2.2737469957697801e-07,1.8535840215403615e-05,2.1762647833457322e-05,5.441056244470526e-06,0
0.9415397687425607,0.058386489002738705,2.5168207688784533e-05,1.9903254585590164e-07,2.6581328691494617e-05,1.5769824497514073e-05,6.023861276937442e-06,0
0.7139676486518856,0.2859804655096861,1.807787418851548e-05,1.6799562114863892e-07,1.317202756854266e-05,1.582643222004052e-05,4.641508830042988e-06,0
0.824976734141009,0.1749642745364269,2.0440586463287093e-05,1.7663052890286623e-07,1.3574118284704745e-05,2.0277715997777444e-05,4.52227128940391e-06,0
0.3490203872900921,0.6505887674134949,2.1442079142098374e-05,1.5155981946100048e-07,1.2988413544668985e-05,1.2520345363442155e-05,0.00034374289854317125,1
0.3874509975049985,0.6121669088968039,2.354642784145704e-05,1.5521084892871107e-07,1.33013004348688e-05,1.2821956635020658e-05,0.000332268702437348,1
0.7674357792637674,0.23181051099511588,2.2441147206277957e-05,1.893172372011426e-07,1.343607744069451e-05,1.9137003448287635e-05,0.0006985061957842781,0
0.7585581997664166,0.24069180887691857,2.239470894252234e-05,1.8902451540231725e-07,1.3408273687958674e-05,1.9302400520989708e-05,0.0006946969489978205,0
0.3659747761084412,0.6333797055584299,2.910145297064956e-05,2.0580667914719591e-07,1.4598700464551862e-05,1.7635242184411007e-05,0.0005839771308300853,0
0.6039340709433086,0.39259596709214994,3.9713816375296605e-05,3.350323370625781e-07,2.0690851494124525e-05,3.472290881787459e-05,0.003374499355516937,0
0.7379002231036942,0.2574200319772136,3.184852386377004e-05,2.90218576657691e-07,1.8932088403311253e-05,3.3126323539378605e-05,0.004595547764709188,0
0.7215163778400415,0.27380218649523763,2.9727737772201443e-05,2.7022931063081666e-07,1.685314702678476e-05,3.089152437219219e-05,0.004603693026238955,0
0.7914189445326685,0.19978573970811908,3.7758793470566277e-05,2.927133019155888e-07,2.6437621371682384e-05,2.810012111603285e-05,0.008702726509952243,0
0.2674413736746195,0.7285770740158334,5.060245712568408e-05,2.925613154473535e-07,3.852872574591631e-05,2.606033868557183e-05,0.0038660682266744234,1
0.209439566787576,0.001926311893245626,1.0837859931885346e-05,7.053144695946474e-08,5.281957976337803e-06,6.352401197686624e-06,0.7886115785686256,6
0.1446011690208499,0.0014205177651260047,9.504130312485682e-06,5.102588149776614e-08,3.821225473109708e-06,4.58518342176226e-06,0.8539603516489354,6
0.1589138331257556,0.001531525484718661,1.0712546539093244e-05,5.607643750280741e-08,4.5666049578655335e-06,4.904946001444613e-06,0.8395344012155898,6
0.12220546576762846,0.0011864837430331217,8.218374507089831e-06,4.3020318533943795e-08,3.5033751902700165e-06,4.139115639337911e-06,0.8765921466036832,6
0.10561099884514617,0.0010308782334357165,6.157005355186272e-06,3.7203295772228474e-08,3.266182637125485e-06,3.584388466031188e-06,0.893345078141664,6
0.08543556467941826,0.0010411049087511706,6.08710925110172e-06,3.6780953207365496e-08,2.9952702195706855e-06,3.640566920032489e-06,0.9135105706844867,6
0.0661189605832896,0.0006346245312614401,4.952103148707438e-06,2.7688413041619863e-08,2.1019038796175873e-06,2.740590218508297e-06,0.9332365925997892,6
0.01505770493831802,8.264271553705091e-05,6.116398367046134e-07,6.7884790720762195e-09,3.3982427677363027e-07,3.8670014543562416e-07,0.984858307393407,6
0.06118173560295358,0.0004046341200479787,2.719814493537966e-06,3.018672535914097e-08,1.5111164083174957e-06,1.737249136950459e-06,0.9384076319102342,6
0.04873313231655858,0.0008005314658077153,2.5850847849926175e-06,3.0649410249190545e-09,1.3515659713053363e-06,1.354373263200927e-06,0.9504610421286731,6
0.05221975472157222,0.0005954193421368165,2.770035230444544e-06,1.2245892419344267e-08,1.526176358291227e-06,1.4512721888343877e-06,0.947179066206621,6
0.2567903160441287,0.006456749060243159,1.405310242984762e-05,1.0384383725874426e-07,5.7406458835498305e-06,6.350213909945337e-06,0.7367266870895676,6
0.8627004004886605,0.04146247029605709,1.2445931952519095e-05,1.425220148362388e-07,7.970530163416582e-06,7.958867741864077e-06,0.09580861136341007,0
0.9215938683622003,0.037830978166674474,1.3204900284011924e-05,1.5187643100334483e-07,7.955088424157057e-06,8.398039870799055e-06,0.04054544356611508,0
0.922904742145311,0.06989805086598502,2.254398911856572e-05,1.3662479802667426e-07,7.958329347160969e-06,7.160972992812632e-06,0.007159407072447188,0
0.6632967572453925,0.2914431363769611,3.985894666267126e-05,2.3766993205065638e-07,1.3082209601802063e-05,1.250816794371862e-05,0.04519441938350633,0
0.4735286987558546,0.4732718395230956,3.064961381688871e-05,2.0006160134672755e-07,1.1012111542709668e-05,1.0528904885624318e-05,0.053147071029203116,0
0.2878512941192805,0.6392981907290484,2.002700254018506e-05,1.9249114499539613e-07,5.860828334245048e-06,7.833426153382167e-06,0.07281660140349847,1
0.2536000628756194,0.7411784246436707,2.2479459004199547e-05,1.9200138339684337e-07,6.716654801922925e-06,9.537190540831806e-06,0.005182587174979355,1
0.24725651632433113,0.7477634441705997,2.154277656143607e-05,1.8719866489717558e-07,6.473306810476541e-06,8.30172218920151e-06,0.004943534500842873,1
0.29856653741378497,0.6999794095900882,2.0383440568345546e-05,2.106867410919195e-07,7.370312058281756e-06,1.4266075479137328e-05,0.0014118224812797928,1
0.40085614627843413,0.5960406441447337,2.3838502066149147e-05,2.848011793366311e-07,8.619604656063927e-06,1.6684223090059926e-05,0.0030537824458405573,1
0.5878862546382774,0.40804887141370355,2.2522348157683868e-05,3.189638424949149e-07,9.441836217720192e-06,2.177797655368974e-05,0.004010812823247447,1
0.3574658494428722,0.6410894677365339,1.7606511188718702e-05,1.6468727679493025e-07,8.081687489162447e-06,1.2384113818306605e-05,0.0014064458208208183,1
0.11162460849562864,0.8883273941352717,1.736593760718461e-05,4.612944026828108e-08,8.708004046289513e-06,6.826761785106327e-06,1.5050536220881003e-05,1
0.11426761295037402,0.8856934576543438,1.6652632228487573e-05,4.339845713548356e-08,6.6661040895417355e-06,5.915428155187804e-06,9.65183235166183e-06,1
0.08394271524177124,0.9160356404382053,8.860836451161383e-06,3.1479996514398755e-08,3.4310310948626304e-06,4.439141834061318e-06,4.881830646687911e-06,1
0.05672311555409062,0.9432588163494153,6.656464045109732e-06,2.698257124668397e-08,3.064612421179726e-06,4.183561046730019e-06,4.136476409856092e-06,1
0.03895854970269504,0.9610115832102771,8.36583245787874e-06,2.972139008158178e-08,3.904896434146812e-06,4.608206114354444e-06,1.295843063137016e-05,1
0.17455430551435314,0.8248637008845736,2.220429872364289e-05,1.4873738494603586e-07,0.0005382865874292757,1.2600461289056228e-05,8.75351624650694e-06,1
0.17455430551435314,0.8248637008845736,2.220429872364289e-05,1.4873738494603586e-07,0.0005382865874292757,1.2600461289056228e-05,8.75351624650694e-06,1
0.20531653365360766,0.7927270671670206,2.9404201527721067e-05,1.969665467075799e-07,0.001901608145564015,1.8496962444398355e-05,6.692903288994902e-06,1
0.572385634347337,0.42624379831532927,3.58255958061849e-05,2.544686564292304e-07,0.0013016662544835622,2.417419923981621e-05,8.646819147871915e-06,1
0.6233843677782236,0.3710641077883092,2.940279014600406e-05,2.4659848832833386e-07,0.005499706600990406,1.566924118417694e-05,6.499202658249841e-06,0
0.45898128733478494,0.5294528096194714,0.0003418197973324247,1.9111152507585026e-07,0.010957443135794442,0.000260622645228423,5.826355863288965e-06,0
0.19872626028952142,0.7969011122313663,0.0018728527040647752,2.14029475642986e-07,0.002168910648671978,0.00032498279352089263,5.667303378872692e-06,1
0.10430774679816722,0.8897252152667127,0.0032925441917562815,2.4876277136244583e-07,0.0020171925252212364,0.0006469486922362712,1.0103763134781035e-05,1
0.1507974650689394,0.834354116010795,0.0004399128254148524,2.3177354180731758e-07,0.013490982488324222,0.0009084449480816466,8.846884902930035e-06,1
0.27992894451198175,0.7131505100475324,0.002961133621470788,2.6387709358633214e-07,0.0016067851165404308,0.002342838449615912,9.524375765044649e-06,1
0.16285877769146584,0.8313109892842369,0.0021632675230301387,2.476594009422681e-07,0.002423083362872536,0.0012268387031631994,1.679577583062574e-05,1
0.07986788194305534,0.9087662086379259,0.0038314552052224416,2.3796934336461394e-07,0.005979248396510516,0.0015465797051966948,8.38814274561979e-06,1
0.06158158581781757,0.9230480918414091,0.003727961171396606,2.212769325034254e-07,0.009222647180640394,0.0024129373102420235,6.555401561827692e-06,1
0.2204507022026681,0.7593994806195482,0.0006056577067857428,3.061913730141349e-07,0.016243586585047966,0.0032935317962730433,6.734898303964169e-06,1
0.1579817050714375,0.8285088255364667,0.0005482052879454367,2.832144991768776e-07,0.009928173409028017,0.00302657797509746,6.229505525867188e-06,1
0.1323190080322586,0.8563225100610323,0.00042824323350607545,2.3720886905538684e-07,0.008315431565071415,0.002609352320484302,5.217578778134398e-06,1
0.08022662851164442,0.9106651330063863,0.0006971012029605125,2.227997724295039e-07,0.006300073966166345,0.0020992243721251608,1.1616140944874063e-05,1
0.036228495639907085,0.8909477630462947,0.035682034917823124,2.536634356666749e-07,0.03187749363372626,0.005257923289761804,6.035809051305065e-06,1
0.02400095950213201,0.7952146070391639,0.023372760546111728,1.8075069974714663e-07,0.1492234183752396,0.00818310395365229,4.96983300069182e-06,1
0.025304609065901665,0.6625169457457893,0.027541210607165197,1.7206302075891994e-07,0.2738957541703175,0.010736577386984929,4.7309608204153094e-06,4
0.024896595810091016,0.6610943372322441,0.029271660419169232,1.9845273849283393e-07,0.2733076236565115,0.011424863627116422,4.720802129103956e-06,4
0.02303372801608834,0.7049525378852088,0.024133218239086943,1.8277663090670002e-07,0.2274377264782476,0.02043758106772259,5.025537014828215e-06,4
0.005783285992498189,0.08385365015309902,0.003463521049795629,2.509695653163214e-08,0.003150868412939682,0.9037472731560652,1.3761386456085501e-06,5
0.01633755587964525,0.19617888328662952,0.007118272834835596,7.955336289305012e-08,0.004378876461574781,0.7759841774199058,2.154564046385171e-06,5
0.021314248403402264,0.5671922932856142,0.28465631657472934,1.3907339397453098e-07,0.03959122517427505,0.0872372170204058,8.560468179363902e-06,2
0.0020524102105328084,0.17544564218252337,0.03376990332924951,5.324580850782162e-08,0.0020574054385279553,0.7866710005053151,3.585088042686332e-06,5
0.01035683581669253,0.4213379755089269,0.4440543763854151,5.293914597048902e-07,0.011975619639326581,0.11227145780285788,3.205455321369363e-06,2
0.0006010313302426123,0.07041485810534334,0.9042477911438137,6.1813176272173e-08,0.005247638117493594,0.01948711173068524,1.5077592452524205e-06,2
0.001115074695254338,0.03866546551724897,0.9380979242417989,3.7318966357256574e-08,0.0016774746080164837,0.020439931213728006,4.092404986727864e-06,2
0.0020290842685049735,0.11324397281884373,0.8070190493081143,4.015893935431672e-07,0.0024197215136200502,0.0752799192716792,7.851229844203682e-06,2
0.008702203887835066,0.3497312399441603,0.06944604214925781,4.0083582985076655e-07,0.006199344042495647,0.5659169820878225,3.787052598838979e-06,5
0.005069759338475296,0.4937876713547834,0.20988030844720276,1.3864341701146673e-06,0.000624390736028581,0.2906313566592574,5.127030082536319e-06,2
0.0034608515698196494,0.2615919727521327,0.06766544463280905,7.792924176390296e-07,0.0007746553270539333,0.6665033732306076,2.923195159315172e-06,5
0.0033956998729576214,0.25484566440314127,0.06572933333614633,8.828236098100213e-07,0.0006659892789377713,0.6753471915238622,1.5238761344879474e-05,5
0.0060942476313148655,0.2799610640861203,0.047291894888945675,5.247514351899507e-07,0.0005112555966572319,0.6661293550700651,1.1657975461619335e-05,5
0.2410306190452066,0.0013578362707393783,5.011926476895567e-06,6.084218415885537e-08,5.789965307515678e-06,2.7182186709135316e-06,0.7575979637314145,6
0.1680481297685778,0.0010202708193986128,3.4782492792732805e-06,1.2252251346163605e-08,3.7846205251976564e-06,1.88642873685339e-06,0.830922437861231,6
0.5284330662590648,0.4352635180537461,1.6212526313815108e-05,1.9205001339141996e-07,1.3572058745944165e-05,1.1829615935953416e-05,0.03626160943618004,1
0.4782497601962446,0.11211606458030395,1.232180474267802e-05,1.528571148206129e-07,1.5246411836708426e-05,8.24126300686205e-06,0.4095982128867503,1
0.6383646020452142,0.31976685251964154,1.698602084858615e-05,2.149614389857335e-07,1.6775683354842203e-05,1.1351861502808272e-05,0.04182321690799902,6
0.6122790581871594,0.34795400672129845,1.6583794747167504e-05,2.322194669555614e-07,1.8448332064274234e-05,1.2263237721024224e-05,0.03971940750754253,6
0.7553511738554296,0.20131023660138117,2.0001393255911932e-05,2.844618854210057e-07,2.25986537247564e-05,1.5022098574346092e-05,0.043280682935748806,1
0.6551149683763998,0.3448416564213391,1.5043563776795223e-05,2.164212320621412e-07,1.358481711920712e-05,9.291939758601588e-06,5.238460374353428e-06,0
0.7836057062771132,0.21633025490839,1.4396516590401857e-05,1.985449285865287e-07,3.145488459217396e-05,9.904013665999444e-06,8.084854719573739e-06,0
0.7994335385271415,0.19835746754038422,1.457291184766069e-05,2.403849058119288e-07,0.0021774867812707197,1.1053165024531772e-05,5.640689425636572e-06,0
0.8537549074737472,0.14337536659348496,1.3757234174123413e-05,2.0314915896016273e-07,0.0028404538269379367,1.0434495260610782e-05,4.877227236249476e-06,0
0.9371756298157295,0.06262814127579223,7.070147399621143e-06,8.882021657047351e-08,0.00018153245772893284,5.362518264894415e-06,2.174964868409303e-06,0
0.8811714796875081,0.11820966071014898,1.3943486733797627e-05,1.370009692837507e-07,0.0005519139088159665,4.41421786805625e-05,8.723027143426796e-06,0
0.018630268877477707,0.23918930098867558,6.685937257103556e-05,5.725662085311469e-09,0.7420148725400079,9.591501498187289e-05,2.777480623853457e-06,4
0.01181560173165495,0.49029768359295967,0.0010734586314937325,6.14092729606526e-08,0.4942941588958346,0.002512133338406278,6.9024003777454375e-06,4
0.007435399755097999,0.513698926783084,0.0014099920361365851,1.0593078305872277e-07,0.4758745235834545,0.0015739389011475628,7.113010296295235e-06,1
0.01799664470681666,0.31846195819852846,0.0003111334047722196,8.728025975520654e-08,0.003031861984073708,0.6601918120286808,6.502396868145805e-06,1
0.011531261728743424,0.40085524216860435,0.00035328966165491983,9.569662745435394e-08,0.003709268059432274,0.5835417067842485,9.135900689029026e-06,1
0.1878964246212027,0.8012443732664042,3.097229436137505e-05,1.2320250043038767e-07,0.010359438610959152,1.6638216788230097e-05,0.00045202978778368546,1
0.07024563424906495,0.9289761828061324,1.612526955885189e-05,1.157574437450807e-07,5.667505372638028e-05,7.888065962974284e-06,0.0006973787981107008,1
0.06437407682922965,0.9347190088968633,1.9919962597591846e-05,1.31865819194911e-07,6.45617434676837e-05,1.0094759468285871e-05,0.0008122059425543053,1
0.10471105127132375,0.8946532119387298,1.855703221443257e-05,2.433193382560546e-07,6.591323885304236e-05,8.884679835733447e-06,0.0005421385197050583,1
0.13487063504704627,0.8648990131217703,2.8038918260344388e-05,1.3663946449808674e-07,2.1703828673574485e-05,1.0740232641023864e-05,0.00016973221214391143,1
0.22102055010174487,0.7789130476473095,2.6239248162712914e-05,1.4704851967852446e-07,1.313013948083377e-05,1.1031271229690505e-05,1.5854543552600683e-05,1
0.2278366154463363,0.7721072549527146,2.4482844798508465e-05,1.4812083790089696e-07,1.1605915470298987e-05,1.1117539308327059e-05,8.775180533930316e-06,1
0.3547852289997445,0.6450981724001315,3.633499233554599e-05,3.082919894442828e-07,4.1982794983550336e-05,2.8852096227231022e-05,9.120424588193176e-06,0
0.6993803420059793,0.30055091362491704,2.3489513625327574e-05,2.203315142843358e-07,1.8673485006020336e-05,2.1088525508349352e-05,5.272513449740984e-06,0
0.6911987575997797,0.3087474933645928,1.8727042546889333e-05,1.7402826859699543e-07,1.3645029173928219e-05,1.639475230657623e-05,4.808183331489122e-06,0
0.7946342201719208,0.20530687067722614,2.111235659583477e-05,1.7009483901714907e-07,1.3306867127688524e-05,1.9527399140463388e-05,4.792433150013289e-06,0
0.6870724706072417,0.31285128085730135,2.0879758605783464e-05,1.674322004179979e-07,1.442146852335952e-05,1.7633262090954437e-05,2.3146614036101647e-05,1
0.2703224232893443,0.7295901623114175,2.212953555438387e-05,1.8392678482201314e-07,1.2726240524368451e-05,1.3384539442524124e-05,3.8990156932099475e-05,1
0.34497179437070136,0.6548420480657828,2.123923531264487e-05,1.4000254160285735e-07,1.229121939454724e-05,1.2668487776786642e-05,0.00013981861849030888,1
0.7248408258180367,0.2744694606479034,2.004553937477184e-05,1.8772104310506273e-07,1.1587159576856186e-05,1.916929532933734e-05,0.0006387238187360064,0
0.3300985129008177,0.6691529633198369,4.054692562394173e-05,2.2865171720115344e-07,1.5537195154773706e-05,1.9976089266657447e-05,0.0006722349175829579,0
0.7500639916005035,0.24577619457999575,3.0435122377439473e-05,2.7733900429938306e-07,1.7296550861964755e-05,2.9150578461134042e-05,0.004082654228795702,0
0.7116930895438306,0.2751618238705716,6.552122107026051e-05,4.031495248056364e-07,3.5367431302092926e-05,3.5584529205627945e-05,0.013008210254495117,0
0.4108936025551297,0.5861366041854201,4.4803957195572314e-05,2.9427907046429955e-07,2.6521908187510807e-05,2.6483879334690332e-05,0.0028716892356618787,1
0.3110583413338021,0.6855585507690872,4.725484359365669e-05,3.0953880887782267e-07,2.789719247303729e-05,2.757263441801878e-05,0.003280073687817135,1
0.36250053754758327,0.6325174152086329,5.0376522968284394e-05,3.972714097705504e-07,3.0950068259302914e-05,3.207041291984885e-05,0.00486825296822659,1
0.1714762456887901,0.0016957473229548582,1.0180292505731006e-05,6.179872899057196e-08,4.98927811835103e-06,5.611972720535354e-06,0.8268071636461816,6
0.09434818955274124,0.001151673497957584,6.866493939329465e-06,4.1490333401758e-08,3.6425538047768633e-06,3.997427362552779e-06,0.904485588983861,6
0.09951611819770406,0.0011513573515749011,6.359974360803489e-06,4.167402755047355e-08,3.393739497390333e-06,4.12488184494346e-06,0.8993186041809903,6
0.06372539871792417,0.0006288044957252738,4.1868435966889855e-06,2.7434487232099084e-08,2.0826276703467854e-06,2.715456723542252e-06,0.9356367844238728,6
0.036542081566960594,0.0006465271433358995,1.9384015469617553e-06,8.407373579829967e-09,1.0134590497025472e-06,9.176860053620216e-07,0.9628075133357278,6
0.036336112532908686,0.000506775817108287,1.927475768322109e-06,8.359985512678466e-09,1.0077466991038016e-06,1.009839855635754e-06,0.9631531582276743,6
0.047239746491778506,0.000658847616312218,2.5058670374305348e-06,1.0868625418753825e-08,1.3101483696274608e-06,1.3128696344256e-06,0.9520962661382423,6
0.05347561255400524,0.0005506503008398135,2.8366531312527227e-06,1.230333448104013e-08,1.5628801027544755e-06,1.4861745271363891e-06,0.9459678391340595,6
0.06999885385957162,0.0006879881029249295,3.8063284123585393e-06,1.3968712872393129e-08,1.5810648399954319e-06,1.8201754647137736e-06,0.9293059365000735,6
0.06675508058517295,0.000713428451235445,5.223981517155155e-06,2.8385661816527947e-08,2.0989526372062696e-06,1.7801807376063062e-06,0.932522359463038,6
0.07119714175406945,0.0009352921579137075,5.571599185218348e-06,3.027451948853309e-08,2.2386225458237967e-06,1.8513344638254446e-06,0.9278578742573026,6
0.07887689006627416,0.0012634475981779256,5.532533455687322e-06,3.006224718560824e-08,2.336154427612997e-06,1.8383536787705664e-06,0.9198499252317387,6
0.8669147200351797,0.03660872188484658,2.274821575891615e-05,1.4345399752553802e-07,1.0530627728833192e-05,8.010912522246687e-06,0.09643512486996615,6
0.8949885496683682,0.04422184240392271,1.858176148048157e-05,1.4785616337009641e-07,1.0283847704300747e-05,8.175738308586552e-06,0.0607524187240525,0
0.9165729404833721,0.04179266521563315,1.8900119954525315e-05,1.510489942844821e-07,1.05059188450684e-05,9.66658887743026e-06,0.04159517062432333,0
0.9104109318709718,0.06483229457617269,1.1873745708242654e-05,1.488335289176466e-07,9.81523166666789e-06,7.365576015743813e-06,0.024727570165935877,0
0.2504311460365493,0.7345112794655304,1.4799200374423478e-05,1.2916468540655048e-07,4.915623409991175e-06,6.182862050742517e-06,0.015031547647399654,1
0.22711909570806021,0.7435601041082778,1.5285839586840837e-05,1.3448038318166984e-07,5.212471221373747e-06,6.131934134825112e-06,0.029294035458335577,1
0.26255504028019855,0.7311928439808615,2.103071748614795e-05,1.846069830604498e-07,6.457981485886834e-06,9.169892119873993e-06,0.006215272540865119,1
0.5549964723410022,0.442675900892332,1.7373643531123712e-05,2.461605283219947e-07,7.283392281188898e-06,1.6799438443273105e-05,0.0022859241318817524,1
0.4473566625784589,0.5517173262912626,2.5607456765480904e-05,2.489594090981285e-07,1.0208656537740412e-05,1.604187470133212e-05,0.0008739041828649236,1
0.467018778307462,0.5318284198337165,2.6341024486537026e-05,2.39984649446182e-07,9.840643779647065e-06,1.9204946915489983e-05,0.0010971752589903254,1
0.2272126822107355,0.7717446865740684,2.6092549848792413e-05,1.8316326520285128e-07,9.99257446556518e-06,1.4448350879173391e-05,0.0009919145767372827,1
0.12079437812990822,0.877759692657054,1.558833850471657e-05,1.2119715679203087e-07,6.917100556470311e-06,8.451618729886693e-06,0.0014148509580899204,1
0.1344742340435057,0.8652994036293584,1.671026711124915e-05,5.504983338107e-08,1.677020232268027e-05,7.163959536336043e-06,0.00018566284833238813,1
0.13349339742660746,0.8663435463845792,2.0544824976228585e-05,6.442152260782925e-08,1.8941693916863583e-05,9.533833190252145e-06,0.0001139714152074634,1
0.1392948702402506,0.8606519964666508,1.948131422340732e-05,1.0147895820206659e-07,8.748547708839615e-06,8.482141482492474e-06,1.6319810725329586e-05,1
0.08313662460972077,0.916834755041223,1.0954242145675173e-05,3.157501190718582e-08,4.849995366073163e-06,4.303833056854031e-06,8.480703475811063e-06,1
0.09584502532529404,0.9041272066836191,1.1198659003093942e-05,3.227953031025584e-08,4.958211033584147e-06,4.399862461410017e-06,7.178979058456901e-06,1
0.1012597719810101,0.8987150297870696,7.106454690369073e-06,3.291071322382638e-08,2.7742239837345723e-06,3.5938637290069123e-06,1.1690778803843028e-05,1
0.045102462820086724,0.9548792640304352,6.738468147097509e-06,2.7314982194810564e-08,3.0848304492402227e-06,4.23510029706221e-06,4.187435602467232e-06,1
0.08810403534552975,0.9118349732942128,2.1867941567529117e-05,1.7295958016241083e-07,1.6458116974748322e-05,1.3695593502700658e-05,8.796748632307806e-06,1
0.1907881526672991,0.8071828707177638,3.0495022646555796e-05,2.0427350481865183e-07,0.001972152973076972,1.9183152724029674e-05,6.941192984842319e-06,1
0.19272213532975543,0.8051947594421511,3.13085624734208e-05,2.0972307059433236e-07,0.0020247656570176902,1.9694916854416195e-05,7.126368677432369e-06,1
0.6312662610648357,0.36729259744473175,3.9544893592315655e-05,4.623267214689892e-08,0.0013695790337144383,2.2709066800861208e-05,9.262263652664585e-06,0
0.6928503183239925,0.305841523693361,3.608215116153315e-05,4.250618592760735e-08,0.001242588304201898,2.0721397926738724e-05,8.723623170220404e-06,0
0.7699597131669955,0.22894171743182143,3.030130471040538e-05,3.163742362329827e-08,0.0010435089268000203,1.740155097163539e-05,7.325981277452449e-06,0
0.576692826782632,0.4208601323157266,3.334858287710863e-05,2.796914879353645e-07,0.0023882692247943842,1.7772020466668008e-05,7.371382015363776e-06,0
0.5339645901081411,0.45939709253917044,1.7795059346065783e-05,1.5541249616947535e-07,0.006601822827728502,1.1170016035051293e-05,7.3740370825500595e-06,0
0.07865495150829391,0.9114141860451188,0.007359893564933008,2.033427381770611e-07,0.002148117271946073,0.0004172639385560615,5.384328414009499e-06,1
0.07063153506630544,0.9224008966827475,0.004753453575101598,2.2688197991757656e-07,0.0014352768761060656,0.0007608813468631089,1.7729570896443257e-05,1
0.08200300032572572,0.910560967462303,0.003762651724736498,2.453442336464207e-07,0.0030944518862346597,0.0005734280682075305,5.255188558984207e-06,1
0.06138228090853847,0.9131908814559413,0.022429772604337078,2.0255534309225327e-07,0.002466910968220089,0.0005256128422853201,4.338665334656254e-06,1
0.2683411834363666,0.7212499224720639,0.0005356972643619608,2.5849934224275365e-07,0.00901295835019391,0.0008542940997041328,5.685877967457319e-06,1
0.3426989059452928,0.6523677486395539,0.0002567836723894501,2.6839420336519083e-07,0.003966630345287516,0.000703759480756067,5.903522516797339e-06,1
0.32016723685888016,0.674852495009077,0.0025746604878807873,2.2479166800692418e-07,0.0015826869215447973,0.0008160364041975797,6.6595267516899055e-06,1
0.2744702643234117,0.7215457491344169,0.002063043715943207,2.1344685011189004e-07,0.001119740406661843,0.0007845080244253854,1.6480948290580942e-05,1
0.1654689900447139,0.8308267998657665,0.0014278387451978377,2.1172988938363766e-07,0.001384705964388297,0.0008770945433627366,1.4359106681194553e-05,1
0.05000490789809863,0.9359257728343829,0.004631621797726603,1.8566520692323356e-07,0.007752921911862208,0.0016806492813477632,3.940611374813649e-06,1
0.06531578224512911,0.9202929016345746,0.00401453686931178,2.13708126784288e-07,0.008600390372621369,0.0017716393679215966,4.535802314563332e-06,1
0.10491845125797311,0.8876354868242659,0.0005534942932499116,2.2672179678012485e-07,0.006022698013711731,0.0008646559808815078,4.986908120810062e-06,1
0.09337075898429305,0.8967641459684169,0.0004060557599947937,2.4721407557267004e-07,0.008064918729862347,0.0013849292753561056,8.94406800114659e-06,1
0.08867244240355128,0.8770988036569959,0.00687732991278681,2.7805684218163533e-07,0.02098158021388826,0.0063592685248181294,1.0297231117339478e-05,1
0.049251892277775065,0.9004387120437576,0.011298453686646927,2.8808399557089053e-07,0.03201980803279211,0.006983991044010515,6.854831022188774e-06,1
0.028894049107984498,0.7150147911119072,0.036432802519948536,1.6913663020266412e-07,0.2137052246326721,0.00594831299264303,4.650498214296835e-06,1
0.02308665863908865,0.7503585119433412,0.06733346951615783,1.4948289988541886e-07,0.15265558465737936,0.006561515652293058,4.11010884012577e-06,1
0.023802192602022095,0.7055306682480246,0.0240878193563444,1.8887453081634464e-07,0.22545450622291652,0.02111943149426775,5.193201893848114e-06,4
0.0061969511521558105,0.1725341940005708,0.0025973140250114012,4.6071895230334596e-08,0.006183120940376117,0.8124864756301095,1.8981798811281574e-06,5
0.00531151507082043,0.10817407222728609,0.002274894208178964,2.888577856211894e-08,0.0036964244559756056,0.8805416816164366,1.3835355236564782e-06,5
0.004837531165099641,0.07436682936707119,0.0016366927498987437,2.078212875914162e-08,0.0026594252541029565,0.916498339180364,1.161501334758684e-06,5
0.00978406846899921,0.14718147173433963,0.004815651545682704,4.9385007799066663e-08,0.0052808201180215225,0.832935230825271,2.7079226782067335e-06,5
0.009749497226344024,0.1500446514965846,0.004948823793470303,4.921050972665851e-08,0.005262160752104679,0.829992119166542,2.6983544446752134e-06,5
0.016394496317442164,0.18621313647477583,0.006954627704827151,7.603770331365081e-08,0.006003791952923374,0.7844318121637883,2.05934854004276e-06,5
0.017318491960489422,0.4895822633895836,0.02988215700921997,1.7970685474558414e-07,0.00745379020868957,0.4557505115648153,1.2606160347531466e-05,5
0.01470632853898619,0.353360403494015,0.5583549926027013,1.6705374234388945e-07,0.010997310265311793,0.062363156531815185,0.0002176415134282178,2
0.0036716133328553668,0.19674006211965825,0.044811603809379805,5.33208143869872e-08,0.003195778179949425,0.7515786032451334,2.2859922095131544e-06,5
0.000934338055502886,0.12891132886829793,0.8473481437047148,1.0636490376972688e-07,0.008749419960706946,0.014054118951986414,2.5440938871173614e-06,2
0.0007596023024794979,0.09445557883140751,0.8736591635311791,8.370261688458187e-08,0.006562444726789655,0.024561085214708928,2.04169081853773e-06,2
0.0012539069793168203,0.042378904094563914,0.9324342319640196,4.1912339982897605e-08,0.002050551486891189,0.021875210366297887,7.153196570321343e-06,2
0.002126344725411993,0.11867211629680878,0.7955321621332775,4.208388493254048e-07,0.0025357064550319865,0.08112502198638052,8.227564239862809e-06,2
0.003079612955786729,0.11850510526028248,0.2430522678421889,4.936738489904626e-07,0.003931306933494895,0.6314194153558613,1.1797978536748285e-05,5
0.003969487451547969,0.07716714100246931,0.8788725555191677,2.110018000417261e-07,0.0003808304205631837,0.03959141735647679,1.835724797515092e-05,2
0.002451615880575336,0.1525067787042058,0.6126302338211896,5.114777066963894e-07,0.0008697731560065314,0.23153058107168714,1.050588862891874e-05,2
0.0034244008318689984,0.21212519223807483,0.07165079221900962,9.31281105289893e-07,0.000816253881325885,0.7119792142512352,3.215297380112005e-06,5
0.003863904768307204,0.32792808517911526,0.047033183923857524,3.404217338997034e-07,0.000986996873972733,0.6201837485614975,3.740271515842028e-06,1
0.0020383540570879785,0.39251940708040434,0.2855609135339952,6.058746406435412e-07,0.0023338567086633624,0.31754158794716003,5.274798048544948e-06,1
0.24100874159292762,0.001448495295127241,5.011471562981483e-06,1.765307896984006e-08,5.816631656076946e-06,2.7179719483208078e-06,0.7575291993836988,6
0.15316038709838986,0.0004392727694901107,3.838070510396088e-06,1.1310888118596441e-08,3.4954271550908824e-06,1.7414909132544872e-06,0.8463912538326532,6
0.30307686243713716,0.002307567178262999,8.305654155178962e-06,2.4067935631504315e-08,7.743558398399008e-06,4.074382331976943e-06,0.6945954227217788,6
0.617051896189615,0.08557702303774509,1.1080750751277508e-05,1.3746132366633286e-07,1.3174080136514056e-05,7.41120178105621e-06,0.29733927727864745,1
0.5697108608980813,0.4302311927989659,1.917078793939973e-05,2.757967199133179e-07,2.1114972357949514e-05,1.1918422890941176e-05,5.466323044615191e-06,0
0.579598229323657,0.4203495421437909,1.842237182557243e-05,2.6502978065258847e-07,1.626512359616356e-05,1.2023086292475495e-05,5.252921057023042e-06,0
0.6784883441583227,0.32146583391201555,1.5532901010070762e-05,2.2346098464275826e-07,1.4445839138858368e-05,1.021087144826984e-05,5.4088570798311425e-06,0
0.8603957239246791,0.13955272453902104,1.1434642377518596e-05,1.5564554637432888e-07,9.330270621322549e-06,7.565908172757566e-06,2.306506958192085e-05,0
0.8189312081309296,0.18075817640264943,1.1898244409447329e-05,1.962653992277755e-07,0.0002848910408852512,9.024501097283795e-06,4.6054146299377015e-06,0
0.9321128916126046,0.06768589727640936,5.944371161168053e-06,7.467741534476602e-08,0.00018783738883772149,4.5086470087997666e-06,2.846026563022567e-06,0
0.9407597628196024,0.0589402204843248,5.810045002787283e-06,6.687948630808392e-08,0.0002862639099663427,4.2434118367392066e-06,3.6324497806842505e-06,0
0.08459731521325974,0.6598155235208162,0.0010386115835134178,1.5043843497533687e-07,0.038136527636041674,0.21640582196189523,6.049646038756656e-06,1
0.02112355238596224,0.4341350830176479,0.0005165739939844848,1.179662936009416e-07,0.005216527070418323,0.538996883639629,1.1261926064271233e-05,1
0.13217271537868083,0.8482680395168118,0.0007976102763899844,2.4573008971999984e-07,0.012537627357502159,0.006202828237031517,2.093350349408803e-05,1
0.10517643284503482,0.8776497504810566,2.8181596959423764e-05,1.1441844402669254e-07,0.016517516606209138,1.5451949998074332e-05,0.0006125521022978449,1
0.10855884297128998,0.8810606445436606,2.7761991905764116e-05,1.992932400016069e-07,0.009057288778949747,1.4913652647484578e-05,0.0012803487683063625,1
0.11176771804229683,0.884618547340999,2.2926741884580997e-05,1.6458273917693996e-07,0.002520974109162736,1.2316171907469834e-05,0.0010573530110102255,1
0.07709929676432022,0.9227542603212219,1.6035515962993618e-05,1.7075696330848627e-07,1.4063272385019271e-05,6.193219201788611e-06,0.00010998014994460328,1
0.13204110742229586,0.8677608458173469,2.745067387521128e-05,1.3377282759603937e-07,2.1248491729596237e-05,1.051447739262956e-05,0.00013869934453203462,1
0.11522132661387122,0.8847180397763408,2.7798381836629905e-05,1.4647986523109013e-07,1.275086137681806e-05,1.0876736028024308e-05,9.061150681182553e-06,1
0.1225214738173191,0.8774221265700367,2.585724276042682e-05,1.362512917857697e-07,1.1860478784793384e-05,1.011722213079008e-05,8.428417676579e-06,1
0.1503845268767119,0.8495390908988785,4.118400994216127e-05,1.5055515791090958e-07,1.1787015188489652e-05,1.1294331867977854e-05,1.1966312252980427e-05,1
0.19356960634898038,0.8063705470980291,2.6103368782831486e-05,1.5792498330850295e-07,1.2374113142359994e-05,1.1855134740152049e-05,9.356011341748243e-06,1
0.18433367389180141,0.8156090934534934,2.640243375166231e-05,1.5973432181203851e-07,1.327843016386327e-05,1.1990958416055546e-05,5.401098051658738e-06,1
0.17669601639016227,0.8232062442658542,3.417321615345825e-05,2.21261609097121e-07,3.0089279040439954e-05,1.6472646262239616e-05,1.6782940918455444e-05,1
0.4225299694840342,0.5773588154724854,3.514717998138137e-05,2.9894614709326157e-07,3.940036056865907e-05,2.7939097460398795e-05,8.429459322898438e-06,0
0.7404075481280814,0.2595365344268112,2.0677497928304144e-05,1.6618319413132967e-07,1.3277355427284831e-05,1.754162037200833e-05,4.254788185652958e-06,0
0.31839088229447876,0.6815167136299823,2.4228796506642027e-05,1.5667649423865448e-07,1.3487974596858848e-05,1.4153410926910165e-05,4.0377217014333854e-05,1
0.31089243797252947,0.6890185755923813,2.133799133889994e-05,1.9137033715590952e-07,1.3241273924471424e-05,1.3647703411401766e-05,4.056809607735103e-05,1
0.380258273618591,0.6192512826928102,2.56755030984535e-05,1.815782199416522e-07,1.2880077822541433e-05,1.581384770800473e-05,0.00043589268174991326,1
0.7301179529405019,0.2690904056909314,2.0652746161079495e-05,1.8900540485423416e-07,1.1672553156250694e-05,1.9310566771383593e-05,0.0007398164970732988,0
0.6979420404059701,0.3011954310910437,2.2655728275064382e-05,2.060000422976807e-07,1.271543841574773e-05,2.1035871010210288e-05,0.0008059154652426836,0
0.6554710611048693,0.34346921615568576,2.5513752348622842e-05,2.3198698356448755e-07,1.4319493189747433e-05,2.433399311927456e-05,0.0009953235138036398,0
0.6918215593537558,0.3070660067313365,3.7353894957419926e-05,2.5140872690661614e-07,1.7083564914252904e-05,2.6115518329056085e-05,0.0010316295279799673,0
0.6047141195706446,0.3855352526123128,3.915222566141912e-05,3.55996507566595e-07,2.3415192884577947e-05,3.7341821650968686e-05,0.009650362580338114,0
0.6553903756408226,0.3341005306759807,3.8289649860432176e-05,3.793610844736774e-07,2.71191913244147e-05,4.003394483653576e-05,0.010403271536090754,0
0.7108673374647534,0.28095045041951694,4.113612727294768e-05,2.9861947024915463e-07,1.9571754127512098e-05,3.168765601678329e-05,0.008089517958842071,0
0.3499642625407905,0.6470431510774306,4.9593527415596695e-05,3.248581571082402e-07,2.9277849094721604e-05,2.8937228375755265e-05,0.002884452918735727,0
0.2691455640770042,0.7283256324994299,4.3475162797838056e-05,2.8478033329092784e-07,2.8498096015268314e-05,2.4376466478724943e-05,0.002432168917940504,1
0.10368321241039431,0.0011538852844582403,7.135604365104255e-06,4.647395100905775e-08,2.999111967133355e-06,3.93942105047501e-06,0.8951487816938137,6
0.09434823998693144,0.0011516741135891137,6.331943736263312e-06,4.149035558057644e-08,3.6425557519181098e-06,3.99742949939306e-06,0.9044860724801363,6
0.10581783695852265,0.0007412907111643113,6.289093553837514e-06,3.7401606600004444e-08,2.8392592200322393e-06,3.7019989932391876e-06,0.8934280045769393,6
0.06292492212924465,0.0005170116044421535,2.7549871421442417e-06,3.057710017556833e-08,1.6704783884191488e-06,1.7597152476284817e-06,0.9365518505084348,6
0.042914220558484685,0.0007674978863846068,2.3117863154307193e-06,1.002684465508639e-08,1.2086766882868133e-06,1.0944553528568046e-06,0.9563136566099294,6
0.04267009689287038,0.00043938349779900244,3.2574373638756127e-06,9.817269019241099e-09,1.5714411689692725e-06,1.1858716159367452e-06,0.9568844950419128,6
0.9018654062970501,0.049521842996266066,1.8724538848590902e-05,1.4899225124243838e-07,1.004672524849641e-05,9.729546352615762e-06,0.04857410090398294,0
0.926341066205464,0.05566550318167435,1.3289805880382784e-05,1.5143777940073576e-07,9.986976044399441e-06,7.494456954311389e-06,0.01796250793620313,0
0.780628188203902,0.19585969595176916,3.3472920858732496e-05,2.334039739059848e-07,1.2606892106558757e-05,1.3351242707971959e-05,0.023452451384681633,0
0.7863628651764348,0.1869211489341007,3.371882075237283e-05,2.3514391268391018e-07,1.2699505280091512e-05,1.3449324054852689e-05,0.026655883095464305,0
0.6809175190280621,0.21751337504338633,4.189083427639295e-05,2.88715793166802e-07,1.4023080037635824e-05,1.415218272918649e-05,0.10149875111571525,0
0.20855595986598047,0.6327685535109648,1.4512073393273944e-05,1.2155854991151546e-07,3.7011250237416907e-06,4.946824562069343e-06,0.1586522050415255,1
0.26170204136150793,0.7263148620889103,2.0484643527353654e-05,1.7981356285843861e-07,6.217930890195918e-06,7.814737535220044e-06,0.01194839942406621,1
0.23122465611312293,0.765209011593572,2.0325766617535355e-05,1.951341250521865e-07,6.939559926008801e-06,1.0119481227364863e-05,0.003528752351409029,1
0.2809281353917919,0.7169698774088825,1.917924895849474e-05,1.9824000987993304e-07,7.050014588306666e-06,1.0280549637107818e-05,0.0020652791461317033,1
0.5885960998517163,0.4072223869066448,2.1459570131736627e-05,2.3177162016543683e-07,7.054206306812701e-06,1.680332817819072e-05,0.004135964365401933,1
0.43682853177555275,0.5588054010223319,3.523284185328711e-05,2.4732586096879345e-07,1.134394279848365e-05,2.286029168070259e-05,0.004296382799922008,1
0.15855000315604545,0.8404332290182659,2.1298180001875992e-05,1.4950797122659208e-07,8.156491062892678e-06,1.1793541817038623e-05,0.0009753701048358,1
0.15473497385384333,0.8440375468946816,2.1389520287178078e-05,1.501491575038031e-07,8.569481730543336e-06,1.1844120104676134e-05,0.0011855259801952193,1
0.09668982198309506,0.902503567253919,1.2680827100415574e-05,4.6269088752105955e-08,8.95217895013945e-06,6.021269443427794e-06,0.0007789102184033538,1
0.0924183913877642,0.9074691072376132,1.422332274291012e-05,4.459946038484291e-08,1.2729924867416865e-05,6.600337875787421e-06,7.890318967611586e-05,1
0.07927926663510794,0.920688680750426,1.1282068213758201e-05,3.256498399405387e-08,6.053961196757742e-06,4.912199336595413e-06,9.77182073502239e-06,1
0.09110579756470005,0.9088591309324168,9.586015676672674e-06,3.060342753782403e-08,4.7007577441522304e-06,4.171401216806804e-06,1.6582724817906454e-05,1
0.08493772200950767,0.9150382523992707,1.073916871034711e-05,3.962832414993983e-08,4.887598441184398e-06,4.673201352554512e-06,3.685994393382493e-06,1
0.05220997847525804,0.9477707693186571,7.54354699620025e-06,3.349085529234724e-08,3.3359206195729564e-06,4.185724590191503e-06,4.153523023704554e-06,1
0.04407870363618756,0.9559019659005994,7.608265244047586e-06,2.993755635612191e-08,3.2814680074429096e-06,4.221635118963333e-06,4.189157286024802e-06,1
0.07066865607458127,0.9292800478540456,1.8564351637957193e-05,6.890762241744819e-08,1.0472550213421044e-05,1.162660019414826e-05,1.0563661705297071e-05,1
0.07606357570867626,0.923887521393687,1.7702676927627878e-05,6.570923678330438e-08,9.97422292526846e-06,1.1086945077191541e-05,1.0073343469710667e-05,1
0.15506626497543155,0.8435881802610689,2.9653852995826305e-05,1.9863885831606918e-07,0.0012898778826805274,1.907466069715482e-05,6.749728267915301e-06,1
0.16352713403593425,0.8339773586693513,2.9316012924902473e-05,1.9637580784532006e-07,0.0024404647288145264,1.8857347124996698e-05,6.6728300423433975e-06,1
0.305629533512244,0.6932582477308757,2.8133693621539013e-05,3.030076051586254e-08,0.0010630647227385657,1.477135862533842e-05,6.2186811341216354e-06,0
0.5315581537415716,0.4662990904011137,3.2548682070123025e-05,2.729827936639784e-07,0.0020859051770769767,1.6834443702867232e-05,7.194571670995707e-06,0
0.08296776002196168,0.9138279288761366,0.00039096572593142083,2.02999179339916e-07,0.0027031395427498284,0.00010166737586210322,8.33545817905474e-06,1
0.06910070191766608,0.9249791713308753,0.0028412472606603022,2.182357911419223e-07,0.0018690490634364644,0.0011948118673663502,1.4800324204504701e-05,1
0.042985119557381685,0.9500537321302326,0.0033209198839625463,2.678890419022989e-07,0.0021315270592766515,0.0014902657696195878,1.8167710485260255e-05,1
0.05406046232551302,0.9327006068887788,0.002687375880781232,1.8012624060572068e-07,0.008917041403214707,0.001630510324699915,3.823050771848735e-06,1
0.13738416451001037,0.8502159722865557,0.000398558626932772,2.4056852500271605e-07,0.009596852874067826,0.0023989196570940717,5.291476814250935e-06,1
0.06924253334064599,0.8831224284009804,0.009866567229791725,2.2433012453013018e-07,0.032186732058659656,0.005575346568207934,6.168071589757406e-06,1
0.03208341681863679,0.693341145819976,0.027732894771957,2.115638651389349e-07,0.23391303872295532,0.012924259612446127,5.0326901637863304e-06,4
0.02623028850218457,0.852244657927273,0.0230354561384094,2.448782012938789e-07,0.08764251395001872,0.010839637099948592,7.201503964239972e-06,1
0.03789963895640904,0.8908200699237341,0.014067994855173615,2.384775465061432e-07,0.0442304036076829,0.01297354786065224,8.106318801506791e-06,1
0.0049675256700783274,0.1014756583587207,0.003547639363624014,2.9287485202446078e-08,0.0036769801909054107,0.8863305612117449,1.6059174413828225e-06,5
0.006614064178322535,0.10008421653262921,0.004536283896869083,3.353615342435529e-08,0.0043200803074845955,0.8844434826643444,1.8388841967409469e-06,5
0.0080849128498733,0.11779037186902461,0.00508780404256965,3.958668037662306e-08,0.004233068849338312,0.8648016321504409,2.170652072850437e-06,5
0.00835310314723498,0.12169767865692548,0.005690622302617993,4.0899837831614665e-08,0.00437348693603102,0.8598828254010622,2.2426562905453306e-06,5
0.006943328356838936,0.11358364086584895,0.007932330956702467,3.6363030599399016e-08,0.004652312208463602,0.8668863573590747,1.9938900406592453e-06,5
0.012167920110374158,0.19542075648507568,0.012592371035124445,8.113234495597711e-08,0.004393327796093728,0.7754232954584079,2.2479825792729732e-06,5
0.02363059263892669,0.25192454985814355,0.03970885272234017,1.1208194762109976e-07,0.005326066784395356,0.6794038516636229,5.97425062372814e-06,5
0.014987987074675005,0.3254856009008476,0.5952073805397371,1.6380416386052108e-07,0.009845703011656354,0.05427476797620387,0.00019839669271621237,2
0.012456618059757184,0.2662744824140956,0.5377231880623919,1.558217963621406e-07,0.015917267036979987,0.16753298456767654,9.530403730227834e-05,2
0.006963235708642767,0.12777170760606202,0.4510712163207681,9.625991414932264e-08,0.007980302515086832,0.4061873904603041,2.605112922201695e-05,5
0.0037670122431530642,0.21293195791671934,0.12581223957214455,5.465767629406817e-08,0.0029164047605257787,0.6545699983360532,2.332513727691703e-06,5
0.004923230980606832,0.3657648248786391,0.22779691548600056,3.7331677047414135e-07,0.0136896795180303,0.38782243174519315,2.5440747594605305e-06,2
0.0007332428160458999,0.09040813097357095,0.8793423995869099,8.011593644075665e-08,0.006281242142673112,0.023232950161065257,1.9542037983734186e-06,2
0.0018297141006168949,0.04441305752719815,0.9367532708951933,1.225621117355691e-24,0.0007850787782950161,0.01620371568642385,1.5163012272854308e-05,2
0.004189597664150041,0.05363266440314805,0.9313696549274886,1.1855202327605973e-07,0.007529606610159594,0.0032702750185588034,8.082824471585897e-06,2
0.003452664604475301,0.04715146660780042,0.937484752618731,8.740149905036997e-08,0.0036382518210384732,0.008265658296954663,7.1186495012495865e-06,2
0.0035658141808253595,0.04635733258694228,0.9342304245467788,8.35104324485848e-08,0.002628320973475647,0.013210816789038914,7.2074125066646465e-06,2
0.014245127848952857,0.1261939458685662,0.7930119671389182,4.391046846969105e-07,0.007253086120530149,0.059286849249876705,8.584668471458162e-06,2
0.0018686889368796443,0.34100019233622275,0.0670668857249135,4.569197188097889e-07,0.0025527632707360577,0.5875079116496057,3.101161923684907e-06,5
0.0013790090824102224,0.08643478008067926,0.8418087695224752,3.4665841323646134e-07,0.0006556817386612836,0.06971439433722354,7.018580137246922e-06,2
0.0029544582308864828,0.16287291832420253,0.5538979816411023,6.82123328952831e-07,0.0012424470289158262,0.2790190079812366,1.2504670327527983e-05,5
0.0021829867020749204,0.29397041075826885,0.059982677940157214,4.4555905132586424e-07,0.0007870971177655641,0.6430712353916417,5.146531040388449e-06,5
0.002706696273776517,0.4458511690921561,0.07023338425267575,5.514995356198613e-07,0.0007909455523844014,0.4804050011132373,1.2252216234574917e-05,5
0.0021028763827609363,0.3795235227533622,0.33830014798088354,2.4351293986779855e-07,0.0020485824440423478,0.2780194282142134,5.198711797837272e-06,1
0.0013318820224579176,0.3428674176758008,0.5775482125412866,1.4549898685058212e-07,0.003987653962414642,0.07426144934157249,3.2389574806766452e-06,2
0.0006968684628161491,0.12730481454367593,0.8437689998593788,6.42361998015852e-08,0.0018004461512915423,0.026427376782592202,1.4299640456688991e-06,2
0.9165695556186195,0.05424666726933425,8.101579586899754e-06,1.9521160012019233e-07,1.1464229102193072e-05,4.19406405810846e-06,0.029159822027698814,0
0.16670436722065646,0.0004982666694254265,3.553463754910739e-06,1.2517196893876743e-08,3.868215251509823e-06,1.927221312910361e-06,0.8327880046924019,6
0.15760502680468325,0.0006499612650476192,4.144598882054979e-06,1.2214234763119515e-08,3.774590237478262e-06,2.067707969616265e-06,0.8417350128189452,6
0.6740603386584033,0.21993259834101747,1.757023330236348e-05,2.264016070289198e-07,1.6470277752367997e-05,1.3739473028485565e-05,0.10595905661488884,1
0.7054271556508441,0.2651260437389699,1.5834149303783232e-05,2.1362686353498446e-07,1.4710626530298333e-05,1.0487847175287609e-05,0.029405554360312936,1
0.7742442703447964,0.21870597268067093,1.832035871781166e-05,2.685887993925232e-07,1.649437192675892e-05,1.1540776293115501e-05,0.007003132878795807,1
0.6398398778695112,0.35813474092817804,1.5575432952290473e-05,1.1052729612291423e-07,9.752732186937332e-06,1.0203707166862036e-05,0.001989738802708511,1
0.7338333331006952,0.2661159207676569,1.4778044018786583e-05,9.809852140549964e-08,1.480841096578631e-05,8.719001207494515e-06,1.2342576934438818e-05,0
0.7133630002470782,0.286591619486247,1.4383264282907944e-05,1.754083169841109e-07,1.107599500553381e-05,8.543904703734241e-06,1.1201694365779401e-05,0
0.49273418412353304,0.5072119421162361,1.9509368969844897e-05,2.669229464378994e-07,1.6698054659812482e-05,1.21089698318525e-05,5.2904438229311155e-06,0
0.6460117238409884,0.35394008519405706,1.6525585330484702e-05,2.3774203977439823e-07,1.523714959671507e-05,1.1478413126485728e-05,4.712074861155226e-06,0
0.7039287033228621,0.2960244905875401,1.59657969580681e-05,2.2968875592158288e-07,1.4555559558460487e-05,1.049544448923698e-05,5.559599836231725e-06,0
0.8470118945027209,0.15293312989862176,1.4180547955556146e-05,1.7918042131907619e-07,1.6003780894421567e-05,8.769282771398573e-06,1.5842806614523088e-05,0
0.8465076276798131,0.15344437033873345,1.1580365740150809e-05,1.910218875139013e-07,2.0215303190402016e-05,7.562435352345021e-06,8.452855282824527e-06,0
0.9221013372644533,0.07753488212767555,5.123870691600005e-06,7.441879698167921e-08,0.0003485159545165742,4.311575492683898e-06,5.754788373207763e-06,0
0.03201209311380156,0.8460427747907302,1.4682031362792322e-05,4.810773547619335e-08,0.12190843780972281,1.2467897733951833e-05,9.496248913201925e-06,4
0.002177423096118622,0.0876533178387013,9.48358654126692e-05,1.0692256137396602e-08,0.909954346462649,0.00011858849062242414,1.4775542396735976e-06,4
0.11387365629032667,0.8143826258651847,0.0017144531854733174,3.4160239808371476e-07,0.04139052377613217,0.028617216707621334,2.1182572863730023e-05,1
0.13300496265821662,0.5166040414977199,0.008673931821285773,3.1742097580624845e-07,0.3194278443046768,0.022282815263384124,6.087033740899509e-06,1
0.12137675079852073,0.7702680213320587,0.0017197800337378337,2.198637528916782e-07,0.0969707605615992,0.00965624784677389,8.2195635567031e-06,1
0.06440610017265191,0.8754692419628848,0.0013559501236908849,2.2816990451172117e-07,0.016171645099368005,0.04257983576782221,1.699870367782262e-05,1
0.06075679893056738,0.8848674161953259,0.0012077352435993433,2.449632462546058e-07,0.01761122293004091,0.03553833192621228,1.824981100794398e-05,1
0.05408860486957718,0.851113275228673,0.000956429321117708,1.7847459352456398e-07,0.08688043651676707,0.006953898513028371,7.177076243259191e-06,1
0.055846538543294126,0.9231441229068807,0.0006340486548741085,1.3899731811929943e-07,0.018929990935516096,0.0014264330935532031,1.8726868563585878e-05,1
0.054579043481788166,0.8926318221659785,0.000304893351844126,1.2376575443519775e-07,0.05171521001217919,0.0007602404222740558,8.66680018155457e-06,1
0.05256618976686002,0.8946719837493254,0.00038121950021411045,1.2238205044629106e-07,0.05155359635861553,0.000818318337778709,8.569905155648568e-06,1
0.09830793716799106,0.8845177762919604,2.7306566265619277e-05,2.0007523269586458e-07,0.015846120062664622,1.5287197311785232e-05,0.0012853726385736596,1
0.06802801083820749,0.9315269074055479,1.48719396224395e-05,8.13126816884748e-51,8.880685048283793e-05,7.108706766994488e-06,0.0003342942593726064,1
0.10196566215110558,0.896452634067432,1.931138036223399e-05,1.3128925603550464e-07,1.0286179707454372e-22,1.0050621673912646e-05,0.0015522104901701393,1
0.147044628469074,0.8528801960933506,3.2825410570251494e-05,1.8892593824762584e-07,1.644573092199614e-05,1.4028532562645329e-05,1.1686837582385913e-05,1
0.24044045231910283,0.759489768102767,2.9836732120040672e-05,1.7751114052446735e-07,1.475618549616064e-05,1.4492787685594685e-05,1.0516361687936697e-05,1
0.21158016967137205,0.7883041748111318,3.528731515201011e-05,2.68477709384987e-07,3.84020709131012e-05,2.1333318702591533e-05,2.0364335019152296e-05,1
0.2823745670429984,0.7175191163885876,3.282351848417129e-05,2.7262027177000906e-07,3.899460790559857e-05,2.6005297553306738e-05,8.220524199021813e-06,1
0.6437829829800583,0.35613504992035694,2.2567153213975675e-05,1.7408008561366404e-07,1.4994072042018773e-05,2.0166145323583496e-05,2.4065648919452896e-05,1
0.3605220495549973,0.6393787892062459,2.4744797960810515e-05,1.7137109387529762e-07,1.431990069948488e-05,1.6052418487171726e-05,4.3872750515431916e-05,1
0.7108216581791932,0.2883868681813014,2.07996519341213e-05,1.947831028288271e-07,1.3816753593892265e-05,1.996403426085923e-05,0.0007366984166136624,0
0.7300754975670618,0.2690747584470624,2.047039187530959e-05,2.034007799148653e-07,1.1671874413040433e-05,1.9401372303141234e-05,0.0007979969465042554,0
0.6548191471116702,0.34410896649489636,2.621294277080367e-05,2.563782027447874e-07,1.4711911065093605e-05,2.4863281013514168e-05,0.0010058418803812902,0
0.8222307959205933,0.16925905149544423,4.260429052684532e-05,2.628522701803087e-07,1.6923964526084175e-05,2.5233498373165335e-05,0.008425127978266028,0
0.3692286704744108,0.6298387022633511,4.026397297982169e-05,2.5312460995976337e-07,2.2812861460926612e-05,2.618815983674718e-05,0.0008431091433506696,1
0.42118923760577875,0.5778114174551012,4.3743248678279606e-05,2.887461619684855e-07,2.602325467843062e-05,2.7220471075523825e-05,0.0009020692185258134,1
0.43020482557195755,0.5686922977251417,4.467957627446234e-05,2.949267957328266e-07,2.658028444266038e-05,2.751912237840784e-05,0.0010038027930094394,1
0.11005025479695624,0.0013300467351960782,7.573791940413206e-06,4.932785193541446e-08,3.18328327676832e-06,4.181335437807149e-06,0.8886047107293409,6
0.12518551185655652,0.001273863930293852,7.273035566402219e-06,4.642388092461705e-08,3.7480002752396855e-06,4.2061864865880195e-06,0.8735253505669406,6
0.15828091852344056,0.0015747104888355042,1.1459375815708362e-05,5.738774015493286e-08,4.6331599515631355e-06,5.199555322129597e-06,0.8401230215088944,6
0.09599490009381625,0.0011264618389022275,6.134936876774694e-06,4.0199458978766286e-08,3.2736574727443425e-06,3.973438803650357e-06,0.9028652158346694,6
0.09271853871268788,0.0011198633140183877,6.1570468702916915e-06,4.0344335738749286e-08,3.541943426276484e-06,3.99326937703623e-06,0.9061478653692845,6
0.09219149268974623,0.0011191899341133802,6.122047968118436e-06,4.011500380584181e-08,3.5218097267788246e-06,3.970570176068197e-06,0.9066756628332656,6
0.1258882429368532,0.0008945945303374055,7.481942174535524e-06,4.449554700060181e-08,3.6414752236097686e-06,4.049411646370411e-06,0.8732019452082179,6
0.013141875287382594,0.00010463969943598265,9.022991291587764e-07,8.016434540477473e-09,4.5288119793938677e-07,4.927095516467168e-07,0.9867516291068682,6
0.01712368747705933,0.00010380787556410737,7.358195286098166e-07,8.527038181213936e-09,4.6389586751555307e-07,5.205531184567274e-07,0.9827707758518238,6
0.03777877156096762,0.0005109974531904693,2.928844208063718e-06,8.826954533301543e-09,2.1782182885676506e-06,9.634843234052519e-07,0.9617041516120673,6
0.04832781295873157,0.0006740227612141078,3.689347695680248e-06,1.1118960946318074e-08,1.889649570479323e-06,1.343108776901691e-06,0.9509912310550503,6
0.0354904523164934,0.00032068615411082153,2.709342932284459e-06,8.165421299143568e-09,1.3070314327033357e-06,9.86337578387788e-07,0.964183850652031,6
0.048951165774289346,0.0004536766647827192,3.736934481277969e-06,1.1479385781676203e-08,1.8997414928095259e-06,1.4958068463906762e-06,0.9505880135987216,6
0.06985943226894199,0.0012894120967015127,5.50200019377897e-06,2.8250565002917045e-08,2.1829580829944466e-06,1.5704439961142715e-06,0.9288418719815186,6
0.07431420361079819,0.001382204137999473,5.852849778295718e-06,3.005203694849128e-08,2.1306669342315664e-06,1.6956451114554504e-06,0.9242938830373414,6
0.9064857830356962,0.035451978315461624,2.3786577501013325e-05,1.5000207779521971e-07,1.04331026060338e-05,8.659518536504707e-06,0.05801920944812087,6
0.8960966748029395,0.039172953912982825,2.35139628248986e-05,1.4828292472021607e-07,1.0313530259499523e-05,8.560272991783609e-06,0.0646878352350768,0
0.9095906660267531,0.05079131188493104,2.0603252791989997e-05,1.505158629076678e-07,1.0149464200746056e-05,9.452650049123413e-06,0.039577666205410936,0
0.8214294880424812,0.14055715708572067,3.5602976156254484e-05,2.7741821809550556e-07,1.5625573964939884e-05,1.3041876531025179e-05,0.03794880702692785,0
0.21913709249785496,0.7751265221773348,2.0628987096189942e-05,1.761961468825453e-07,6.163750880861734e-06,9.137374614691775e-06,0.00570027901607174,1
0.2398133872490712,0.753515438751933,2.011786864662742e-05,1.9313823533168531e-07,6.55755262345867e-06,1.0015976171275362e-05,0.006634289463319168,1
0.2554098433088275,0.7421380559935752,1.830956969305189e-05,1.8925085568797997e-07,6.500347940983945e-06,9.81438013922512e-06,0.0024172871489683374,1
0.6314357394851277,0.36138957759039425,2.423883508952405e-05,1.8157033482436994e-07,8.154530826498958e-06,1.139375882290853e-05,0.007130714229404516,1
0.47758059712467754,0.517225745558506,3.9092871459257856e-05,2.9284021834742736e-07,1.3431521770575497e-05,2.1810237978840044e-05,0.005119029845389475,1
0.35899025794290845,0.63508548783737,3.259951289259359e-05,2.534566640435765e-07,1.253268820604459e-05,2.342696087565658e-05,0.005855441601083397,1
0.21404550217269191,0.7815318812720654,2.4294842506120294e-05,1.7054380299348017e-07,9.73346789490306e-06,1.3452897900621532e-05,0.004374964803138063,1
0.13153285720293365,0.8674314520937538,1.7446443819406382e-05,1.224697331099846e-07,6.90931833714765e-06,8.54036115692633e-06,0.0010026721102659847,1
0.10538412841073638,0.8937601529076438,1.3037707042487618e-05,1.0136635306956126e-07,5.718738697701981e-06,6.9642692707087574e-06,0.0008298966002559003,1
0.07436423562338178,0.9246531974995336,1.2781708267617393e-05,9.937599831513205e-08,5.606449773304174e-06,6.82752402897585e-06,0.0009572518190164828,1
0.07472729942095847,0.9244066139935752,1.3615853827227726e-05,4.968076168683462e-08,9.612272058838267e-06,6.465250566611613e-06,0.0008363435282519172,1
0.06755938574860175,0.932367481114448,1.2727419857919934e-05,4.336617416385346e-08,8.044740464595758e-06,6.541483084937459e-06,4.577612736864555e-05,1
0.06777885895535114,0.9321614379978465,1.3400534551728305e-05,3.8679804528803896e-08,7.175384839801875e-06,5.272252053397737e-06,3.38161955529259e-05,1
0.06409604025057535,0.9358698608889354,1.2850093929634713e-05,7.403444716473933e-08,5.8483203638511155e-06,5.465308826079923e-06,9.861102922725209e-06,1
0.06548058739731537,0.934494067161398,9.558833975364655e-06,1.1231696331183556e-08,6.427637335753804e-06,5.303956672424198e-06,4.043781606761299e-06,1
0.03528683368580187,0.9646962494657574,6.694581112797475e-06,2.9721727378979136e-08,2.7918136107084513e-06,3.7146547637315367e-06,3.6860772260142517e-06,1
0.06445028614753132,0.9355030052593065,1.928647584528479e-05,1.956911069154417e-08,1.0879916016927084e-05,1.2078856734686299e-05,4.443775454458015e-06,1
0.04064531558909063,0.9593038563337998,1.8399585125018178e-05,6.82960379742066e-08,1.0366882055163639e-05,1.1523409174677964e-05,1.0469904716796031e-05,1
0.061974457236253305,0.9379613920928593,1.923147084930523e-05,1.2882364439394864e-07,1.842221536002544e-05,1.1244908958788204e-05,1.5123252074940606e-05,1
0.1383126904812476,0.8616235521386274,2.162757306454978e-05,1.5220711190084732e-07,2.3911214455984447e-05,1.2894403260629542e-05,5.171982231896402e-06,1
0.19370698945430523,0.8034355548098553,3.305341171179539e-05,2.3261807139000625e-07,0.0027939277906183927,2.2337576954508505e-05,7.904338483413689e-06,1
0.42210256821204195,0.5760832741411385,3.5542041163030795e-05,9.113886172441434e-09,0.001752639285182556,1.8110981812476003e-05,7.856224775245965e-06,0
0.08160594377004085,0.911296797871108,0.004602096668852823,2.456184320003236e-07,0.001875408541096481,0.0006095314780046548,9.97605246506847e-06,1
0.08427803181489382,0.9086735208418347,0.003961164848588429,2.3153740271963437e-07,0.002296666078430602,0.000780980742285731,9.404136563959975e-06,1
0.15224088064856683,0.8318449950411566,0.000270502678122029,2.0312487555794305e-07,0.01509074651812557,0.0005476444003882128,5.0275887651836195e-06,1
0.3876231510888607,0.6077154702885703,0.00020076170122480068,2.5002356394985297e-07,0.0036528105824866833,0.0008020568681334434,5.499447160188958e-06,1
0.24838631685727067,0.7477767933203406,0.0016704892091489562,1.9891842519184903e-07,0.001573641406907513,0.0005845771909201072,7.983096987056285e-06,1
0.17432619913235642,0.822255386471758,0.0013656924215776358,1.9662639935569163e-07,0.001449455697651682,0.0005951785380342941,7.8911122223004e-06,1
0.11673236868233076,0.8781151142888373,0.0018106279699323974,2.2378095656581463e-07,0.0027362013026352066,0.0005989896896570821,6.474285650796158e-06,1
0.04454465840321336,0.9489697576907503,0.0027440414438842527,2.583544580571605e-07,0.0020229067764801385,0.001700856237543147,1.752109367082897e-05,1
0.12395575354715671,0.867000889654997,0.0007555020204991869,2.3756046087733586e-07,0.00701333709480721,0.0012686594494833155,5.620672595745662e-06,1
0.07423963619482697,0.9176163686446149,0.000517662167487144,1.9928430591619257e-07,0.006728709540858491,0.0008919447439185873,5.479423988110412e-06,1
0.022318144853773873,0.8063690932103587,0.018030190715082668,1.7491294932508465e-07,0.14440391242134723,0.008873674565423281,4.809321064981738e-06,4
0.004761864512997191,0.12052553263682225,0.004355786363923292,4.0385616174982566e-08,0.004625323529181828,0.8657292381114281,2.214460031241603e-06,5
0.009675570306040755,0.1349818935909968,0.004208550157897971,4.510885831034241e-08,0.00558600404369212,0.8455454633434685,2.4734490455805706e-06,5
0.003296391630114457,0.19791159612047904,0.006371833538441492,7.08554679988875e-08,0.003968372280913685,0.7884438759652641,7.859609319129927e-06,5
0.0027205543591366688,0.18520558715274008,0.011174137973003652,6.573644691783485e-08,0.0030224826000959347,0.7978706769735421,6.495205034708683e-06,5
0.0010967718530675659,0.026043974139891908,0.960916810834701,5.97629057863156e-08,0.0023660225425609764,0.009572793805078899,3.5670617940911647e-06,2
0.0015881063394359769,0.028828809697779057,0.9512469814240014,6.154944566968226e-08,0.0014647675253886144,0.016865273091082076,6.000372867277323e-06,2
0.0015970237883027446,0.03809112400021482,0.9446024711921575,1.069755148743351e-24,0.0009411438759307308,0.01475500245755229,1.323468584185385e-05,2
0.007002841971654566,0.04342708633724542,0.9327237211431548,1.0248935353657917e-07,0.010390819334892552,0.006451500238250366,3.928485448777223e-06,2
0.008181674293488957,0.05415271119383483,0.9239375013158376,1.2294397442091468e-07,0.0076810046145578195,0.006042273113562492,4.7125247438995836e-06,2
0.008740182352806596,0.05135046236746029,0.9279452666461858,9.764150351592075e-08,0.004552592695011966,0.007401762242657567,9.636054374462864e-06,2
0.00714626706020046,0.051410233037027506,0.9276759627297844,9.775515581375078e-08,0.005920307662361656,0.007837484484966406,9.64727050369312e-06,2
0.006322327199750077,0.06590930547324114,0.9058929387387883,1.1397843630784611e-07,0.004684744339412856,0.017181939980433932,8.630289937146286e-06,2
0.0060235895094528724,0.07569323152483773,0.893329260100704,1.2667020839069617e-07,0.0025984032075066074,0.022343661127236732,1.172786005375275e-05,2
0.0007652848327026113,0.04275105370728769,0.9200136456059232,1.9536298549846849e-07,0.0006785343123081486,0.035787330784325895,3.955394466764352e-06,5
0.002248834675670003,0.2787413289521186,0.05734633051283902,4.589989685818285e-07,0.0006906892212670626,0.6609621571385119,1.0200500624920664e-05,5
0.0030795745892165777,0.5416796255718211,0.10912720377763487,6.52554839072273e-07,0.0007835553853407797,0.34531488615818173,1.4501962965882021e-05,5
0.0045615562422363564,0.2464629300176906,0.04370847323507348,3.5257147069979313e-07,0.0004190687509956808,0.7048393527424455,8.266440087645124e-06,1
0.0017717927803384155,0.4528571369589627,0.4317235216928439,2.0438330522235126e-07,0.006457980479442397,0.10718500036449521,4.363340612278154e-06,1
0.0008281621088029999,0.16314467686395992,0.7884925899485257,8.926399350450672e-08,0.003044224812266713,0.0444881715651026,2.085437348713365e-06,2
0.9162606011704093,0.0632378678350211,8.098848731357414e-06,1.5260693022163178e-07,1.064981438413305e-05,4.192650335888593e-06,0.020478437074188127,0
0.9295134428239641,0.044816867146135454,9.804190606754504e-06,1.8995478335866294e-07,1.3197298104500736e-05,6.7142243718621224e-06,0.02563978436203408,0
0.9133970892227266,0.04895027497467044,8.614509621643497e-06,1.4503690609348582e-07,1.2556546351416026e-05,6.388237112742201e-06,0.03762493147261097,0
0.11453294878014188,0.0003921389495887825,2.574970434895574e-06,7.74933744298009e-09,3.6351816786672783e-06,1.1931336071218428e-06,0.8850675012352113,6
0.20657687023411744,0.0008014660298213263,4.275714647915711e-06,1.5061350220902537e-08,4.902609719343576e-06,2.549686860365211e-06,0.7926099206634833,6
0.19992966145310428,0.0013279609053936223,5.878656716636472e-06,1.5835824112656464e-08,4.683604330332134e-06,2.6807950197625313e-06,0.7987291187496113,6
0.4985356743032365,0.46887029040350614,1.733682388092707e-05,2.0029304041555597e-07,1.4154588499732651e-05,1.2155041047174987e-05,0.03255018854678914,1
0.37814703732671057,0.05768115738485647,4.113868214330966e-06,9.960422667197588e-08,8.391638830437668e-06,4.267992609432316e-06,0.564154932184552,1
0.6967997786742767,0.300841422554292,1.5403247954828278e-05,1.668394100185334e-07,1.6771295308683468e-05,1.1568649552657147e-05,0.0023148887392052367,1
0.6939295415232979,0.3060198561737209,1.3988929445244365e-05,9.718738078166117e-08,1.555412236727972e-05,8.734124903742464e-06,1.222793888396981e-05,0
0.7057102681255185,0.2942548505289936,1.294525378715709e-05,1.862343135936421e-07,8.686900671448748e-06,8.55516853431397e-06,4.50778818145294e-06,0
0.8643112502460111,0.13565187155956948,1.0361035506833254e-05,1.6437989129040842e-07,1.1724879581352326e-05,7.353971564069383e-06,7.273927875846862e-06,0
0.889000854084867,0.11096676826820438,8.815805292774155e-06,1.4002907399425287e-07,1.01869091605769e-05,5.543662212285546e-06,7.691241189012999e-06,0
0.7900535175632424,0.20868148121291433,1.8304190820244618e-05,1.419196641500569e-07,0.0011983837291871782,3.784173268730137e-05,1.0329651484628455e-05,0
0.002338152942249979,0.0923535604886412,3.9102348789925835e-05,1.1539921292609028e-08,0.9052080965471032,5.6872402653959885e-05,4.203730640599612e-06,4
0.0021718828942537353,0.0899543389146504,9.459456649407411e-05,1.0665050925190558e-08,0.9076390726069522,0.00013862655782529096,1.473794773372031e-06,4
0.013086295838200913,0.9354971019451173,0.0015334197965512794,1.923087581963536e-07,0.036180029750420555,0.013690133130456184,1.2827230495666566e-05,1
0.06112106503540182,0.8772356822881826,0.0013052659670234658,3.0747123608722806e-07,0.03476213655653381,0.025556476562946108,1.9066118676142108e-05,1
0.17012164061171206,0.7340314660419401,0.0018580477541050191,2.48779305071492e-07,0.07779960756559834,0.016177719986623096,1.1269260716428928e-05,1
0.0489220395853082,0.8965158039195288,0.0006816878861906052,1.6555842048966627e-07,0.049468875364581506,0.004403364978927029,8.062707043355989e-06,1
0.0242200489390074,0.9083261155169661,0.0006660026176657784,1.5777377781202855e-07,0.06453400852827222,0.0022402330742797216,1.3433550031092206e-05,1
0.032839803858088996,0.9204366559962817,0.0006397646774050003,1.6707271123227458e-07,0.04317708301913291,0.002889940035434043,1.6585340946050023e-05,1
0.046360539776477395,0.9250307513012754,0.00030911061340941736,1.2495218263001704e-07,0.027673352576421655,0.0006092861885124166,1.6834591720950692e-05,1
0.08097674770676831,0.9032657743547526,0.00017770603958275588,2.0777948945648826e-07,0.01509322743812113,0.00036327415627136186,0.0001230625250146381,1
0.08599351645921889,0.8934917462066367,2.7583607960776686e-05,1.1199058407011195e-07,0.01928394576731243,1.5801520220856417e-05,0.0011872944480659422,1
0.09944369974083778,0.8857004595605268,1.9875105938097943e-05,1.4267615491078338e-07,0.013966117592515774,1.0155197385622948e-05,0.0008595501266411359,1
0.09051878187623578,0.9083143168698438,1.663229300936891e-05,1.1307536459874067e-07,6.312768738870857e-05,8.656288751566535e-06,0.0010783719094062047,1
0.15190431592609382,0.8480289194633347,2.915281672122908e-05,1.6778840404240774e-07,1.4605739001787294e-05,1.2458983195086965e-05,1.0379283249509046e-05,1
0.17555053543148638,0.8243741248331434,3.141062179567429e-05,1.9586811492075473e-07,1.7058975429268077e-05,1.4551642212190999e-05,1.212262781808725e-05,1
0.13643220543264606,0.8635085091388843,2.7611897634780068e-05,1.354605537530326e-07,9.837279902499611e-06,9.467674662884352e-06,1.2233115715873394e-05,1
0.1998127742997507,0.8001283854822255,2.707831502718861e-05,1.6110016889981457e-07,1.3391970603787583e-05,1.209349001631792e-05,6.115342207389595e-06,1
0.17591152431865065,0.8239908592135722,3.705500795311095e-05,2.3992037061990843e-07,3.4347342416166935e-05,1.7861767400382708e-05,8.112429636964646e-06,1
0.6334463404996068,0.36649094621577144,2.0560384254543928e-05,2.0239681799048455e-07,1.6816109166414054e-05,1.943467533547775e-05,5.699719047506698e-06,0
0.7771252701890375,0.22281106447844728,2.0665061643972468e-05,1.7816956423051313e-07,1.3748586286985031e-05,2.045440188259259e-05,8.619113137605206e-06,1
0.7878928740137439,0.21204557805525853,2.056163784190314e-05,1.7899872375355632e-07,1.3098116047476769e-05,1.9429733864684905e-05,8.279444519722184e-06,1
0.34712838428659415,0.6527925419556435,2.5263927790081475e-05,2.129525595411484e-07,1.4620322938416636e-05,1.6389187826805424e-05,2.258736664739293e-05,1
0.4710504014412078,0.528706897553327,2.7526331904084566e-05,1.8144515896395334e-07,1.5929584073057527e-05,1.7856852169128753e-05,0.0001812067921599553,1
0.4187235430325421,0.5809695172574985,2.4180375839049575e-05,1.5938964018934354e-07,1.3421964928392247e-05,1.3888696752843062e-05,0.00025528928279897235,1
0.3843571933229473,0.6152237944921084,2.6910769443145576e-05,1.9111035204942623e-07,1.6382457344914168e-05,1.6482631469978133e-05,0.00035904521633427564,0
0.4045317405653637,0.5950341033682985,2.4720526814193052e-05,1.895510607895151e-07,1.2880252373920107e-05,1.634814779122466e-05,0.0003800175882976095,0
0.7261833659315079,0.27259359827186513,2.2781297306461213e-05,2.2281466490403215e-07,1.2785913540902231e-05,2.1253164664423442e-05,0.0011659926064503492,0
0.6951163053281716,0.3038233385488138,2.5391241203027655e-05,2.4834147169246045e-07,1.4250734290975999e-05,2.4332439916403307e-05,0.0009961333661324878,0
0.6739592278131086,0.3248884998974252,2.881248831752103e-05,2.8180330747446056e-07,1.49998893628131e-05,2.7652942463620454e-05,0.0010805251660147156,0
0.7303980335474988,0.26438675896907743,2.942810441559181e-05,2.884524453922998e-07,1.7647280864574574e-05,3.07545164287935e-05,0.005137089129269539,0
0.6355847391118967,0.35613764756614563,4.00341689474418e-05,3.9135287575547215e-07,2.0422505534050723e-05,3.836476534280691e-05,0.008178400529257703,0
0.6148992235075488,0.37443099222959225,4.2846965195730865e-05,4.187247957590239e-07,2.2694189897560973e-05,4.104806564024612e-05,0.010562776317329811,0
0.350333921539764,0.6477266075017621,4.964591188927671e-05,3.252012971200036e-07,3.25430400425439e-05,2.7836397360997736e-05,0.0018291204078840094,0
0.36930337263398716,0.6299661309139578,3.854599198687213e-05,2.531758220040004e-07,2.2817476947625026e-05,2.3812923523001737e-05,0.0006450668837755954,1
0.3610650323059398,0.6380419813109741,3.937373738080924e-05,2.4752803013677247e-07,2.2308469571978307e-05,2.5347546466480444e-05,0.0008057091016366652,1
0.4156351625905363,0.5833991783311372,4.316642177275226e-05,3.0538317040602414e-07,2.5680095129895238e-05,2.6587137624250735e-05,0.0008699200406291584,1
0.10633069881646919,0.0012498437733401654,6.66149237492824e-06,4.759280944206466e-08,3.294751525828179e-06,3.749114979298835e-06,0.8924057044585012,6
0.09599314264907867,0.001115821449423137,6.134824560260807e-06,4.019872301958964e-08,3.529159673515018e-06,3.978856676921584e-06,0.9028773528618644,6
0.11338592056825368,0.0009317956686546056,6.216628415022939e-06,4.00765666447656e-08,3.279829877859143e-06,3.966765678225921e-06,0.8856687804625538,6
0.11252270299378603,0.0007954518876287209,7.290699964017402e-06,3.9771460010020254e-08,3.2548602275035837e-06,3.936566321638443e-06,0.886667323220612,6
0.14918711345000527,0.0010395150945083466,7.568315523061728e-06,6.083527622615132e-08,3.8044538126522407e-06,3.5988461673807956e-06,0.8497583390047071,6
0.01754456991048974,0.00010566134825414596,1.1749344477822884e-06,8.89613223900268e-09,4.96797090477585e-07,5.467779103960413e-07,0.9823475413356753,6
0.08814062993746254,0.0004335851102706417,5.247479399800498e-06,4.046928044868671e-08,3.391404365529759e-06,2.36384808890262e-06,0.9114147417511321,6
0.05471596636680347,0.000395384260508229,3.866014761949573e-06,2.9815235792264086e-08,2.1629395846852828e-06,1.715799735971343e-06,0.9448808748033698,6
0.049315058633897554,0.0004314581053470853,3.344252102484145e-06,2.6183626731334273e-08,1.966925892812869e-06,1.474670544658117e-06,0.9502466712285886,6
0.07846897396318002,0.0010034979479346029,5.662676774893696e-06,1.5408687333926922e-08,3.093713886542528e-06,1.8612839184028505e-06,0.9205168950056183,6
0.059530271630685985,0.0005517232257868738,5.474510866999916e-06,1.3960259024015876e-08,2.199613261258511e-06,1.8655538426477551e-06,0.9399084515052972,6
0.9090513953509691,0.03748183276929192,2.3853900273545315e-05,1.5042662629372916e-07,1.0143446869409214e-05,9.823214435567677e-06,0.053422800891534124,0
0.9181589307403745,0.043200183795375734,2.4092885926092255e-05,1.5193370920398644e-07,1.1165844884032432e-05,9.54169318785735e-06,0.03859593310654231,0
0.6781359261652617,0.19845671731628362,4.588792433175565e-05,2.4368062453276764e-07,1.5302394589508163e-05,1.2824500558347677e-05,0.12333309801835053,0
0.5874331010951839,0.26812649902002983,5.075958327015405e-05,2.547122179206289e-07,1.670918125093085e-05,1.3405074725183282e-05,0.14435927133332224,1
0.46837496228931674,0.4461851146036044,3.621000701476549e-05,2.0402631111863935e-07,1.33841738738362e-05,1.0578885258720866e-05,0.08537954601462042,1
0.2597065401135903,0.7095086085961683,2.0030553022922713e-05,1.348142225878619e-07,5.329049970180605e-06,6.487677368283749e-06,0.030752869195657423,1
0.18069523089107833,0.7701204278032667,1.5052849276487637e-05,1.3243060200766826e-07,4.579433931126725e-06,5.755463491571341e-06,0.04915882112835379,1
0.2091941692388795,0.7383798051069504,1.5700662981206754e-05,1.3812987908996614e-07,4.832104327920729e-06,6.298341070956129e-06,0.05239905641591089,1
0.2016156640169785,0.7522684153010798,1.5745989819098757e-05,1.3852865146314855e-07,4.846054312695963e-06,7.040299444356133e-06,0.04608814980971418,1
0.2502657812785102,0.7456833437981782,1.990876203858163e-05,1.9113074229236037e-07,7.624557553998732e-06,9.911869377447879e-06,0.004013238603599301,1
0.27433936471120546,0.7232349804173036,1.9482488016602377e-05,2.314295140758242e-07,7.408899686247359e-06,1.1344141365469657e-05,0.0023871879129084487,1
0.6466440237643737,0.3488931315531258,2.0200895456527643e-05,2.2007290176133317e-07,8.430003373249556e-06,1.2588674801427144e-05,0.0044214050359674155,1
0.5303359061837509,0.46642639950040626,2.4547211388556488e-05,2.0366015105644977e-07,1.0070396778944407e-05,1.5168259286290453e-05,0.003187704788238015,1
0.2903275873962638,0.6984167453270113,3.837098052036048e-05,2.4975276068587977e-07,1.83829911085128e-05,1.8333835100923704e-05,0.011180329717234407,1
0.2818068334642257,0.7074074016905145,3.8024399728614575e-05,2.4749690200399625e-07,1.8428961938028283e-05,2.076523937477563e-05,0.010708298747316382,1
0.0656955768485818,0.9342408661745264,1.1530345659812708e-05,4.345330884458495e-08,8.070795045647527e-06,5.922904719236291e-06,3.798947815819311e-05,1
0.033621292790641674,0.9663584232015522,8.059583163416825e-06,3.037337879463516e-08,5.114391816529975e-06,4.092050712471975e-06,2.9876087349024015e-06,1
0.04177846224337833,0.9582008787906487,8.205629513394068e-06,9.95848505180311e-09,4.418960215578168e-06,4.553097534822189e-06,3.471320224169368e-06,1
0.08235989349124825,0.917594897330051,1.9604651565981257e-05,1.9309378766147686e-08,1.0360539145432345e-05,1.08398833711224e-05,4.384795239515762e-06,1
0.06893289428094257,0.9310212350352606,1.9891508732780816e-05,1.9591915472646886e-08,1.0512135560995874e-05,1.09984935979766e-05,4.448953989553752e-06,1
0.14410725760085508,0.855789343053148,2.425616874078592e-05,1.7070622666702303e-07,5.6779512241898874e-05,1.6392378511277692e-05,5.8005802762427165e-06,1
0.2013776051666237,0.79718772863941,3.665480373094198e-05,2.5796337834705734e-07,0.0013646676954087078,2.4320162003862976e-05,8.765569444350795e-06,1
0.18201096666524197,0.8171530284885086,2.239636306523369e-05,2.131687537775216e-08,0.0007956334970608468,1.3171659103447398e-05,4.782010144498316e-06,1
0.3721802617192178,0.6263574214454782,3.08720973434499e-05,3.325009651452582e-08,0.0014083783746362327,1.620913441053923e-05,6.823978817111195e-06,0
0.0947407474200062,0.9039108679724432,6.0553927438504536e-05,1.9396505173505424e-07,0.0012728279111002975,1.0351488301463574e-05,4.457315658669998e-06,1
0.36361661266976764,0.6323919525527739,0.00017805727917834536,2.6542530837258024e-07,0.0034517327675226152,0.00035633243986180784,5.046865587580475e-06,1
0.14675465221329353,0.8494972834720317,0.0016949100999254405,2.2963682472667928e-07,0.0014446563650560107,0.0006001737817194784,8.094431149086779e-06,1
0.20640453697571187,0.7856530972156899,0.0005272234699630307,3.0263038970072356e-07,0.006247042609564398,0.001161140526752728,6.6565719283976334e-06,1
0.022058939860845048,0.404690356130989,0.024515312292203106,1.1221385757478994e-07,0.5434714355895436,0.005260758535114758,3.0853774468938204e-06,4
0.04334062717977531,0.8710728937622559,0.021949373383199647,2.184892462034316e-07,0.04568549721621289,0.017945263228187975,6.126741122104587e-06,1
0.027433556539721987,0.6243478857593102,0.017606898949636133,2.064683131739229e-07,0.029141474496315368,0.3014586565324907,1.1321254212403353e-05,1
0.0017177141218637372,0.14192719117318728,0.01734784356530589,4.913386323381816e-08,0.002360590540828317,0.8366411613143808,5.4501505707849556e-06,5
0.005451110382262333,0.08261423669878215,0.013129520919074064,5.2582524052014006e-08,0.0012311565879688227,0.8975721221324666,1.8006969218684764e-06,5
0.00823085787799854,0.5232419683121704,0.4306526426256719,4.970728417482325e-07,0.019895585483859002,0.017974539634040044,3.908993418302922e-06,2
0.011736910642351422,0.2882980208781748,0.11405670289364486,3.6486966092945846e-07,0.003724715801159662,0.5821778391005408,5.445814467545225e-06,5
0.011483836309310451,0.4012780711739411,0.17251094558136099,2.8443817566309966e-07,0.012849142686685558,0.40187487487707263,2.844933453721135e-06,5
0.0031514224342158374,0.06126389422005704,0.9087231216129942,1.0424323174731343e-07,0.0005493578276413376,0.026305925083840023,6.174578019787424e-06,2
0.0013569794783879383,0.07580485079702798,0.8717133824533583,3.464116245735672e-07,0.00161151555816652,0.04950591171787585,7.01358355865154e-06,2
0.002860126168806498,0.3538989444547466,0.1087439814895517,5.842799777791437e-07,0.0010042179750198192,0.5334889045499919,3.241081905875342e-06,1
0.0024990500942277606,0.33073593398674406,0.09861548449828797,6.045059997557833e-07,0.0007037074030838901,0.5674399353302195,5.284181437072354e-06,5
0.006094375643954358,0.4027040754471424,0.05323561999820649,3.481861867744095e-07,0.0068088654092825105,0.531149575808145,7.139507082376958e-06,5
0.004362951069723728,0.38779881392550825,0.037079058441610045,3.4185123392006855e-07,0.0018682694169009793,0.5688860130340954,4.55226092769516e-06,5
0.0012812466937721304,0.22254741812902185,0.7186356092644621,4.579382661170667e-08,0.003448277978415382,0.054084902354397724,2.499786104097135e-06,2
0.000897713239481001,0.19945346082737403,0.7686905354042226,1.0100251407068177e-07,0.0033884381202185687,0.027567391726694125,2.3596794954766677e-06,2
0.9220329146901177,0.04706094468541468,8.18759127639553e-06,1.5427910954335274e-07,1.2292711538054888e-05,4.238590996543371e-06,0.03088126745154705,0
0.9342126002123959,0.03985109838805832,8.087863427221704e-06,1.3617010600855273e-07,1.1926106386519622e-05,5.997693609715978e-06,0.02591015356601631,0
0.9055496280610036,0.02814186019183862,5.9086330895429554e-06,1.0043197190789324e-07,5.618871948206459e-06,4.0712088333864235e-06,0.06629281260131509,0
0.9331463422797633,0.01782612698627573,4.08398405862864e-06,6.941750588209253e-08,3.6715006294329795e-06,2.4901509928067697e-06,0.0490172156807741,0
0.9231700554385864,0.07020841573007523,8.553307251456358e-06,1.4678514975632468e-07,1.2060059097147342e-05,5.950226675285776e-06,0.006594818453164819,0
0.9242643276234005,0.07128300809537086,7.909116933075502e-06,1.3365948709331792e-07,1.2244647330567005e-05,6.041299349274361e-06,0.004426335558128565,0
0.915256376243014,0.08022912787728911,1.0756791266372763e-05,1.466723461789137e-07,1.3199452151925466e-05,6.7524753566712415e-06,0.004483640488575847,0
0.22901971723939107,0.001290173339860183,4.762174984697519e-06,1.6774923296790668e-08,5.447432788969934e-06,2.5827659318698108e-06,0.7696773002721199,6
0.24796225043277792,0.0012708616807059526,4.376871065175014e-06,1.5417677140000563e-08,4.7377885390144705e-06,2.3737963245041877e-06,0.7507553840129103,6
0.6477223804602366,0.30748170399977826,2.0510217614898024e-05,2.3695538893903465e-07,1.796371766330779e-05,1.459563160451451e-05,0.04474260901771359,1
0.4436952085069488,0.5326657346854614,1.311762920618721e-05,1.6621775269048984e-07,1.1883216827272348e-05,1.0238438109651433e-05,0.023603651305693953,1
0.523789561903798,0.4426313965806091,1.8517125986644524e-05,2.1392911926060392e-07,1.5118227799096863e-05,1.1533948803901189e-05,0.03353365828388406,1
0.7054914177548866,0.1904431469224472,2.0708202776730725e-05,2.3756556968666997e-07,1.6113796021295683e-05,1.1765703288895857e-05,0.1040166100550096,1
0.6823769875704995,0.2618239257284989,9.924519916757945e-06,1.9914925000311153e-07,1.5594504635615254e-05,1.058849782615271e-05,0.05576278002937304,1
0.5887661360984494,0.06037016104325492,7.186515843352114e-06,1.0994063977734978e-07,7.965536527078705e-06,5.996912059107393e-06,0.35084244395322645,1
0.5550056767026743,0.44481210472542265,1.5988519533864832e-05,1.1107943192901028e-07,1.2666836241272292e-05,1.1016950584545292e-05,0.00014243518611122916,1
0.6979563519024972,0.3019999430535995,1.394151844377945e-05,1.7794373060515972e-07,1.1083976525064262e-05,8.667401312875948e-06,9.834203890878564e-06,0
0.7219663630965333,0.2779982338787811,1.2241384750846475e-05,1.7610824198528368e-07,8.26126745677495e-06,8.090000502019649e-06,6.634263734157781e-06,0
0.8446786146671224,0.1552884215749243,1.1044107370454958e-05,1.5032967968205433e-07,8.496546490455361e-06,7.307504638642675e-06,5.9652697742996575e-06,0
0.8572446639603322,0.14271846552639658,1.0687412636301838e-05,1.632241351706684e-07,1.2335151689020795e-05,6.4619399705218365e-06,7.222784840095579e-06,0
0.0022974701490445924,0.09591565259013524,0.00011149950094049884,1.1281748294760124e-08,0.9015252763416701,0.00014853112077655104,1.5590156847768838e-06,4
0.06418293643159924,0.8881605868194028,0.0010253197989118466,2.4152651943806193e-07,0.03017876040776262,0.01643717809197318,1.4976923830804208e-05,1
0.08684627129598281,0.8503233827113401,0.0015048896095804696,3.0262853783495123e-07,0.0361524280564746,0.02515395987240722,1.8765825677142808e-05,1
0.06488534161000355,0.8773101247301935,0.0008207840286368549,2.183958794220509e-07,0.05319405113932417,0.003769324887870165,2.0155208092527845e-05,1
0.0593828013833285,0.9006793702952377,0.0007691341009435605,2.1652373270360316e-07,0.035375139149092426,0.0037733561152988628,1.998243236621875e-05,1
0.06614226043946923,0.9214687186340275,0.0005666327990331094,1.6956291082543799e-07,0.010190756160843552,0.0016121245264486674,1.9337877267236642e-05,1
0.05814595763180142,0.922104276848158,0.0005179382762361982,1.7406077771508176e-07,0.017946904911488704,0.0012612973636319707,2.345090790563451e-05,1
0.0428067562015025,0.9302576848397651,0.0003730986377933072,1.3102238520726334e-07,0.026014541776917987,0.0005301351020075467,1.7652419628398987e-05,1
0.08107258533924101,0.90388079723302,0.0003124914537153742,1.9481103766170403e-07,0.014181346908562074,0.0005145910896310857,3.7993164792933064e-05,1
0.12175469207480263,0.8611529586012119,2.4334245505283032e-05,1.7468669561622778e-07,0.01592591773292185,1.9657319757590945e-05,0.0011222653391050408,1
0.11724683987137884,0.8782426631752549,1.989744803492897e-05,1.5094997742807977e-07,0.004091468959024243,1.1029071380820812e-05,0.00038795052494896,1
0.1440890818578704,0.8542225390248521,2.317834242310865e-05,1.6638888791005425e-07,0.0011253036645328147,1.8723575726359165e-05,0.0005210071457072514,1
0.12515276983484397,0.8734666714184893,1.912359218438797e-05,1.3001256997271637e-07,2.8928625887882793e-05,1.0162303607471802e-05,0.0013222142124170201,1
0.09960989624334382,0.9000212199101136,1.4716482293176192e-05,8.053085993920644e-51,5.5240719462194187e-05,7.188491056511099e-06,0.00029173815373058283,1
0.09530170546759975,0.9046287098716149,3.0384193738599134e-05,1.748755677458233e-07,1.5222666398562974e-05,1.2985234421955826e-05,1.0817690658729042e-05,1
0.12910916828741356,0.8708239267460691,2.71154486557943e-05,1.6678585377837676e-07,1.4356869732198708e-05,1.2391031951370307e-05,1.2874830324418341e-05,1
0.12594841393415437,0.8739892288570248,2.7366354308248463e-05,1.7064916019422066e-07,1.4689421838335624e-05,1.2678048818521794e-05,7.452734695762234e-06,1
0.19546761230687687,0.8044731241078813,2.7586359285907506e-05,1.6412273569564416e-07,1.3643231207386994e-05,1.2320388483393714e-05,5.549483529543105e-06,1
0.2039152591203364,0.7960253540768282,2.6175067747804192e-05,1.6956990839683185e-07,1.4588872386327836e-05,1.2722628110758571e-05,5.73066468223156e-06,1
0.19679464640022232,0.8031457504272266,2.657788352713672e-05,1.686179665047362e-07,1.4506972484899086e-05,1.2651205045247196e-05,5.698493527383715e-06,1
0.22826375414347239,0.7716663655563105,2.3765631580184446e-05,1.973887395192019e-07,2.684281691283815e-05,1.3122451788552106e-05,5.952011196001306e-06,1
0.20705448362000634,0.7928621122262959,2.6868937412978656e-05,2.2316367525407122e-07,3.192051698432121e-05,1.766231339669534e-05,6.72922222862575e-06,1
0.579997119772811,0.419936960316519,2.1219236963080314e-05,1.9327926554441505e-07,1.8392203679401435e-05,2.0794880155612683e-05,5.320310606290395e-06,0
0.7300498031289214,0.269885108494942,2.2175084657841156e-05,2.193240388374513e-07,1.68689178627946e-05,2.138874696405662e-05,4.436302613099877e-06,0
0.7135690450088656,0.2863720636067237,2.2123656248513032e-05,1.8537343705696085e-07,1.4009000822216136e-05,1.7454401234185477e-05,5.118952668877489e-06,0
0.7866737299713026,0.21326781633816141,2.0952189072000693e-05,1.6839086218755974e-07,1.3453739047790195e-05,1.9331777475104467e-05,4.547594079056491e-06,0
0.743172285615873,0.2562845176656124,2.1779386327463593e-05,1.9856728215377494e-07,1.280092355777741e-05,1.874900025361252e-05,0.0004896688410933925,0
0.914800861682912,0.08346136432596983,4.885785875182723e-05,4.0665016780887176e-07,2.2467949330302445e-05,3.490921438286251e-05,0.001631132318485374,0
0.9358490654222175,0.06274144103514143,3.942870888230894e-05,3.288862368869081e-07,2.2718269832353644e-05,2.711611193718406e-05,0.001319901565752319,0
0.6976277233654321,0.29451661842686494,3.293387712569618e-05,3.227198644224103e-07,1.684093467919947e-05,3.1684624889517766e-05,0.007773876051143989,0
0.7222811789321618,0.270672915442231,5.37277209958092e-05,3.624832980308524e-07,2.5705750126433796e-05,4.1374811862419097e-05,0.006924734859324684,0
0.39071473373041504,0.608520555400583,4.0351378772476505e-05,2.650338715681735e-07,2.3886183945128282e-05,2.492825446245912e-05,0.0006752800179503784,0
0.4212595570076307,0.577907885621025,4.32584754243076e-05,2.887943694144119e-07,2.6027599375635204e-05,2.7163092345485656e-05,0.0007358194098295429,1
0.43024917713468586,0.5687509265238359,4.468418247344483e-05,3.161206500408948e-07,2.658302471213836e-05,2.7805993685964864e-05,0.0009005070199568099,1
0.3796781471828953,0.6186264443688271,5.069775616921031e-05,4.859557883735132e-07,3.1396632430134347e-05,3.368599473914369e-05,0.001579142109150795,1
0.17521991578638854,0.0022823860679243298,1.7648063039031953e-05,7.27793822900484e-08,6.142943773156158e-06,7.3547896347506395e-06,0.822466479569858,6
0.1418648261319623,0.0015038310971568242,1.0989412937823002e-05,5.346878143763221e-08,5.219305590132366e-06,5.328776308689805e-06,0.8566097518072628,6
0.06994924820966654,0.0006087534348587361,5.147108667596938e-06,3.043680361689857e-08,2.490920411773193e-06,3.0126250337910456e-06,0.9294313172645579,6
0.13703768452177317,0.00114763847289965,9.143936399125126e-06,6.031978341945857e-08,4.972954152465913e-06,4.657487037649056e-06,0.8617958423079546,6
0.18653006174901,0.00195101941615794,1.1597352179859082e-05,8.882022176311676e-08,5.554547497592321e-06,5.254357907241591e-06,0.8114964237570256,6
0.19333081192527937,0.001710932957447494,9.52241036666342e-06,7.654258906483651e-08,4.78674155625533e-06,4.528047218415936e-06,0.8049393413755427,6
0.16222618978406653,0.0009258234417471517,7.811545690961954e-06,6.347111457709329e-08,5.412294067176238e-06,3.754775051665941e-06,0.8368309446882619,6
0.9711058556518276,0.001834928746887482,3.1874609365011264e-05,2.442550283371044e-07,1.6083898930674637e-05,1.2089082359684472e-05,0.026998923755601076,0
0.9374518107090359,0.002612447807500588,5.470235397249634e-05,4.046897116377422e-07,2.0277329109476494e-05,1.7445290123869024e-05,0.059842911820545894,0
0.010418833608464951,8.907140718744303e-05,8.083012554222862e-07,6.1543119591684255e-09,3.3232105765394435e-07,3.782589717142871e-07,0.989490569948751,6
0.014186156238336071,9.952680464152372e-05,9.431796689063316e-07,8.37963578968092e-09,4.733999230661006e-07,5.15032783221675e-07,0.9857123769650113,6
0.05179283878642663,0.000364670885350919,3.5657034607489875e-06,2.7499193871135527e-08,2.065751891883208e-06,1.5487637224478638e-06,0.9478352826099534,6
0.0405003264817154,0.000548431267734129,3.139835990940935e-06,9.462841846539207e-09,3.838447811044408e-06,1.032850804710629e-06,0.9589432216531019,6
0.0561730225073135,0.000520608428804116,4.288251391051391e-06,1.3172960963943338e-08,2.1800138964150346e-06,1.7164860186645241e-06,0.9432981711396152,6
0.07354581621678669,0.0009080231123758753,7.538324664253018e-06,3.698294418326743e-08,2.8577204360146475e-06,2.1034501348243287e-06,0.9255336241926582,6
0.6039396591395648,0.08254573724816797,4.207198408297019e-05,2.160227697704418e-07,1.5875849746005642e-05,1.4106797730587529e-05,0.3134423329579379,0
0.9297064685345183,0.03432861193905045,2.305292079506107e-05,1.538445551267318e-07,1.1306275926507769e-05,1.0046413271301283e-05,0.035920360071883206,0
0.22041711851343881,0.7606144033164668,1.7426865458963686e-05,1.2897648212855234e-07,5.098290855723443e-06,6.206747241381926e-06,0.01893961729005639,1
0.1886922985605053,0.7790507588212895,1.4769829277065243e-05,1.2964910136579146e-07,4.535427004990277e-06,6.589023185212113e-06,0.03223091868963672,1
0.40605395236177416,0.5881619722184214,1.5752385090755898e-05,1.7160987264375968e-07,6.57360262754531e-06,9.81647836756152e-06,0.005751761343845991,1
0.24049726667130986,0.7506020911006461,3.137854225231655e-05,2.042397000946109e-07,1.5207970802063296e-05,1.713591656282025e-05,0.00883671555872679,1
0.14965913639346884,0.8324185831156099,2.7161416621685145e-05,2.1117622432923305e-07,1.1928449338186581e-05,1.403458633857436e-05,0.017868944862398546,1
0.056119662308075885,0.9425731694179461,1.679963207930941e-05,6.129755271679545e-08,1.1874449444145851e-05,7.894934614900606e-06,0.0012705379602868847,1
0.06183701561916254,0.9369179534268307,1.6001047738874856e-05,5.8383723087938e-08,1.1309987714709782e-05,7.519642398830033e-06,0.0012101418924311826,1
0.06183696377904696,0.9369171679760048,1.6001034324641394e-05,5.838367414283736e-08,1.130997823315469e-05,8.357970789074665e-06,0.0012101408779272493,1
0.05927269461062403,0.9379098370688559,1.587051648660967e-05,1.0450330527160228e-07,1.1348278860193516e-05,8.375978738856473e-06,0.002781769043129213,1
0.05662439333937814,0.9427336549509188,1.622974891153876e-05,5.346682775617342e-08,1.581157447638532e-05,7.912632244698788e-06,0.0006019442872426613,1
0.03698263166046713,0.9629708981766831,1.1088294688595132e-05,3.3850342110777965e-08,1.3406884962991661e-05,5.0210859006114165e-06,1.6920046955527734e-05,1
0.03698287961885566,0.9629773546320892,1.1088369032565778e-05,3.385056906802531e-08,1.3406974852473327e-05,5.021119565613411e-06,1.0215435035527861e-05,1
0.034078054241701954,0.9658820600606413,1.1121815764794478e-05,3.3952675240365185e-08,1.3447415380432905e-05,5.036265169182893e-06,1.0246248667291876e-05,1
0.036511231801947784,0.9634468357024009,1.6172442585723855e-05,6.306772636373456e-08,9.585005374140852e-06,1.0641250036794426e-05,5.470729928644707e-06,1
0.03544699049229859,0.9644672941932898,1.5745859782319602e-05,6.140418003336642e-08,2.3783271513030394e-05,9.672837676421834e-06,3.645194125964394e-05,1
0.033902621741697406,0.9660349993166293,1.5818295305252992e-05,1.6862500223748613e-08,2.3757626223583707e-05,9.717335535860935e-06,1.3068822108226275e-05,1
0.09985621056534513,0.9000980300750424,1.7047917273110574e-05,1.199771349434461e-07,1.3742715544167495e-05,1.0472704493979308e-05,4.376045165981925e-06,1
0.14220468314026094,0.8577294581277388,2.2299623759406737e-05,1.5693676395241302e-07,2.4370596324788474e-05,1.3698879823140726e-05,5.33269532912464e-06,1
0.13866591068511042,0.8612652829308617,2.3340279901023027e-05,1.6426052909816223e-07,2.5804764894811506e-05,1.391552257673635e-05,5.581556126306525e-06,1
0.14445917381433937,0.8554374693542273,2.4246195366046272e-05,1.7063603762822077e-07,5.675616628981656e-05,1.6385638480091636e-05,5.798195259819859e-06,1
0.056253624288171857,0.9436372649042863,1.3619864521460975e-05,8.070973248483883e-08,8.491742466693949e-05,7.750300093130855e-06,2.7425085276214034e-06,1
0.2301052800186492,0.7687285528593524,2.7325811009016783e-05,2.7105582141985976e-08,0.0011200375398326878,1.3213736808956999e-05,5.562928765682641e-06,0
0.11542848115800092,0.8829365111075825,7.460421769408747e-05,2.3812067553107084e-07,0.001541985407583645,1.2707976849682221e-05,5.472011613450377e-06,1
0.07014963331963249,0.9262615354336037,0.0008648574591337224,1.9556581044030132e-07,0.0026409262960889013,7.835782464705516e-05,4.494101083563944e-06,1
0.043673005540819834,0.9535130212634384,0.0009704323044332973,1.97482089892312e-07,0.0016344499637810173,0.00020183048340744259,7.0629620302258525e-06,1
0.19969383351189865,0.7853394585235314,0.00025441824802944314,2.2013686147999283e-07,0.014193431714808802,0.0005139092228679908,4.728642002108004e-06,1
0.330865476587585,0.6648171107459925,0.00015752788079369725,2.2633167486226445e-07,0.0038647591437301365,0.0002900991539724615,4.800156251495158e-06,1
0.03847968082232849,0.956793328658103,0.0014847001306930033,2.403918012961036e-07,0.002138864042841778,0.0010841381656909056,1.9047788541486897e-05,1
0.11926161068173552,0.873641092320089,0.00037916465470949515,2.1439709816790419e-07,0.006326404893545282,0.000386797235264949,4.71581755753517e-06,1
0.18969579346673265,0.8002196704293641,0.000519266781113204,2.847459503863902e-07,0.008466200363359705,0.0010925210225890567,6.2631908908466715e-06,1
0.14489177967414807,0.8464580570466674,0.00036599790930304243,2.3721191786372072e-07,0.007394513736288664,0.0008841967758362176,5.217645838854871e-06,1
0.11277601924703548,0.8528344947239231,0.0067525604480378615,2.50691139933294e-07,0.023229103537321723,0.004401496833101394,6.0745194403887265e-06,1
0.041022265031215796,0.8975873598821338,0.006843959330114329,1.9864923950553032e-07,0.04612779639500534,0.008412958749779178,5.461962512111949e-06,4
0.025173685050206306,0.5132399338644306,0.01211969040894856,1.4876613338505485e-07,0.44390641305011,0.005556524094683324,3.604765487760906e-06,4
0.027333443605334736,0.4709570833420858,0.03631816324269308,1.2693750039965368e-07,0.45746684208397725,0.007917867109043828,6.473679364899914e-06,1
0.035199701168903016,0.8819026679108226,0.014116233247608034,2.1923171858158494e-07,0.05701853273564636,0.011755193589878943,7.452115422441953e-06,1
0.043182893873482946,0.8896177660788808,0.015100131042449456,2.125057737760474e-07,0.04080270798859975,0.011289065023425754,7.223487387501893e-06,1
0.02995267689513273,0.819489437533091,0.07480237906967938,1.885139481697616e-07,0.041905735637099435,0.033837377007160205,1.2205343888937338e-05,1
0.054138358191905475,0.31795888125931926,0.2723066005534401,1.6263582462328369e-07,0.02165899437215598,0.33392699099374445,1.0011993610167117e-05,5
0.01097157048691558,0.11303123277395499,0.8348160644470268,8.54669966930345e-08,0.009621135265550366,0.03145639545177997,0.00010351610777564757,2
0.010486501896117283,0.15892852881728592,0.7861930603511432,1.143151084805929e-07,0.01359956480439387,0.030653773387765693,0.00013845642818552785,2
0.030855961323383366,0.2538404047301603,0.06927011480986997,1.5652686862581374e-05,0.00794486986995159,0.6380698555270206,3.141052751760125e-06,2
0.014188286001297361,0.29154177181110547,0.04443477377456777,4.637798637827794e-07,0.004371401785614842,0.6454609879965972,2.3148509535076293e-06,5
0.014018963731764733,0.307988935875103,0.1078229663880616,3.5676471417446547e-07,0.0034711464015842563,0.5666930341513164,4.59668745579204e-06,5
0.015083760871262782,0.4886634103114757,0.15939990724508066,1.203534558130716e-07,0.02360185232859803,0.31324740266679557,3.5462233316599688e-06,2
0.0002904397383792032,0.02442151376125163,0.96167108807378,7.671680981999328e-08,0.00011258720701311228,0.013498484882528616,5.809620237576399e-06,2
0.002996306785342669,0.3779137506466212,0.12322814810126721,7.418890952726417e-07,0.0009213598440308956,0.4949362973324843,3.3954011582915783e-06,1
0.0064668334060539534,0.3456037558068714,0.06500223079378399,5.222239771173846e-07,0.000986540049885874,0.5819323341355993,7.783583828322558e-06,1
0.0006756649294702888,0.14779965123648112,0.8270188557321702,3.0522027576519045e-08,0.0022404591453773917,0.022263589857110924,1.7485773624313137e-06,2
0.8852038181363484,0.06512387454227214,9.350943391879994e-06,1.9079448909040518e-07,1.3553451443898056e-05,5.470354848769507e-06,0.04964374177720599,0
0.928132502803969,0.049579176458529904,7.987842468242124e-06,1.9247104752942126e-07,1.1992812044319892e-05,6.101433056791624e-06,0.022262046178884356,0
0.9130555074708309,0.06876007277818622,8.280508638271601e-06,1.5602995510554946e-07,1.101541825656732e-05,5.5971205343162485e-06,0.018159370673598924,0
0.9210686581130837,0.06119201944311372,8.077436838733539e-06,1.9312052909526194e-07,1.1563091194730154e-05,5.459856340920964e-06,0.017714028938898892,0
0.9370613402760317,0.043275431655069044,7.4820626948009166e-06,1.4098480629208925e-07,1.0804319271509618e-05,5.057419607601909e-06,0.019639743282518878,0
0.9366440401476079,0.04325615987166377,7.478730718985443e-06,1.4092202173867445e-07,1.0799507800130163e-05,5.7125531722839205e-06,0.020075668267014905,0
0.9313734478104966,0.018583239270318977,3.858246398828993e-06,6.558053073674556e-08,3.468562530717817e-06,2.35251067648959e-06,0.05003356801904771,0
0.8888940347221495,0.10944040787400013,1.2658661199694393e-05,1.5790287568830859e-07,9.935651927343314e-06,7.269504474498638e-06,0.0016355356833733267,0
0.9247758080307404,0.07324966357787273,9.560609621977336e-06,1.192580896848697e-07,7.504023365398975e-06,5.150119945857647e-06,0.0019521943803638081,0
0.5847459975932466,0.4103278119775782,1.050217718417776e-05,1.357953010011997e-07,2.417911894505836e-06,6.1541754247041996e-06,0.004906980369370741,0
0.1252510185703195,0.002552317956061918,2.6249762339147527e-06,3.497469026651995e-08,2.8610530223879717e-06,1.5886558189106345e-06,0.8721895538138531,6
0.5705336601306205,0.2525303863517613,1.5036385597002307e-05,2.0034197726766805e-07,1.4390384941347072e-05,1.0833763873488627e-05,0.17689549264122906,6
0.587036281726056,0.3734978015132464,1.694808270880769e-05,2.1475467677816595e-07,1.6280669529362134e-05,1.2077275698515727e-05,0.03942039597808407,1
0.5364973365752576,0.43571482495982583,1.586127818459649e-05,2.0098342262935698e-07,1.541399077028735e-05,1.130281418007673e-05,0.027745059398359116,1
0.6647407520862613,0.28730420876857976,1.60789746237362e-05,2.069100699761472e-07,1.5228425142554545e-05,1.100113018812428e-05,0.047912523705134595,1
0.771249873725382,0.2191928391877997,1.3733971985384764e-05,2.1010482682705733e-07,1.3891033931861137e-05,1.1460549731450942e-05,0.00951799142634273,1
0.5246852334400668,0.4737181321714563,1.9666332755903298e-05,2.1653055400396376e-07,1.1776915176330936e-05,1.1998479896946896e-05,0.0015529761300936992,1
0.4722758603183269,0.5255656992882577,1.6054100449723493e-05,1.8189084727296788e-07,1.2003194149096085e-05,1.0855925079145284e-05,0.0021193452828900555,1
0.7027425582896171,0.29722720976143396,1.1221385952337896e-05,1.6143423255836603e-07,7.965321877793068e-06,6.976302884638627e-06,3.90750400163298e-06,0
0.6086155016156574,0.39133891583841063,1.5717394762220832e-05,2.2611516723808686e-07,1.4394476188409698e-05,9.771458435206976e-06,5.473101378874468e-06,0
0.6397408189652906,0.36021303545716676,1.6453045353263364e-05,2.3669845784946778e-07,1.3275526581997822e-05,1.1488916203333508e-05,4.691390946107272e-06,0
0.7780864082311909,0.22187225381309444,1.2659636800458471e-05,1.5996272236883866e-07,1.2376384256601432e-05,7.828747890022555e-06,8.313224045275228e-06,0
0.9133731928079178,0.08625679148140382,7.791808778581229e-06,9.314431374399424e-08,0.0003517006813188095,5.9098791764858376e-06,4.520197090617708e-06,0
0.0035643395791638325,0.13355801226472092,0.0001669662001231157,1.638059306000599e-08,0.8623059762210826,0.00040281266633145215,1.8766879848463136e-06,4
0.003599087706160691,0.13139681255680552,0.00016231679118763886,1.649801279402882e-08,0.8643703938761781,0.0004694824311534239,1.8901405016884787e-06,4
0.07387017047017827,0.8782479150795545,0.0010138763068837015,2.3883086604025534e-07,0.02700178164584888,0.019851207898791287,1.4809767877465713e-05,1
0.048474608322421266,0.9194071109525501,0.0007357249428200013,2.0673739629930853e-07,0.028384992920994674,0.002978276847899239,1.907927591833147e-05,1
0.06364987268946248,0.9200525070581621,0.0006362857858284113,1.904063268946287e-07,0.013853891002207058,0.0017855380841285049,2.1714973884732833e-05,1
0.06848280291117573,0.9250204241605693,1.434575350405313e-05,5.8244349909892186e-08,0.006376990751448679,8.218095123743719e-06,9.716008382872257e-05,1
0.1207864528678912,0.8697357006156996,2.5191501391088807e-05,1.8457815068188266e-07,0.008245887578046687,2.0770395337889218e-05,0.001185812463483002,1
0.2150833191558362,0.7848633836267406,2.2720453576903415e-05,1.53639340073245e-07,1.203478247759582e-05,1.1678474607769102e-05,6.7098674209394806e-06,1
0.2092005837710586,0.7907423152998737,2.3664684289282995e-05,1.5581669913703145e-07,1.2205338031243729e-05,1.1843980607250118e-05,9.23110944081606e-06,1
0.16411386469239692,0.8358262715258555,2.4874500177725917e-05,1.6386841588369443e-07,1.282931474242692e-05,1.2293064530977097e-05,9.703033880328329e-06,1
0.1724848779571759,0.8274536401738322,2.5265626447774144e-05,1.6367827596920123e-07,1.4081988385230744e-05,1.2278800633775342e-05,9.691775249295736e-06,1
0.6778662194298606,0.3220598560009443,2.4734518759049895e-05,2.9212195626981954e-07,1.8980213283041084e-05,2.4969377370924437e-05,4.948337825882449e-06,0
0.8558225464844704,0.14412313095459645,1.456771116508068e-05,1.3596921820415385e-07,8.17818247152355e-06,1.5935061091684926e-05,1.550563698662484e-05,1
0.7384713533765125,0.2613509784479405,1.953039216906137e-05,1.7884289570529305e-07,1.3386637276169608e-05,2.079509901092082e-05,0.00012377720419520934,1
0.7283526293075273,0.2715771513472137,1.942430618999838e-05,1.650976787686312e-07,1.4769666215999228e-05,2.0073745383948885e-05,1.5786529790186575e-05,1
0.3583197399213527,0.6415914361914177,2.1533729161858275e-05,1.5220763259312982e-07,1.3362738878224877e-05,1.3772896627187681e-05,4.0002314930042596e-05,1
0.36151557164747844,0.6383920522246371,2.4054012114350817e-05,1.536456655078281e-07,1.348192032456201e-05,1.3381170693911365e-05,4.130537908616344e-05,1
0.7490823676075159,0.25019990718911916,2.241522143895902e-05,2.1179558739799025e-07,1.299552733100891e-05,1.9034028609356005e-05,0.0006630686303980073,0
0.7357999965712342,0.2589047059501135,4.054649499362197e-05,2.9433915290849336e-07,1.800742473773393e-05,3.1382151402634874e-05,0.005205067068365582,0
0.6256920000503468,0.3672239999660683,5.440426417065042e-05,3.938704811211822e-07,2.581458003443932e-05,3.821715738957301e-05,0.006965170111509184,0
0.7114737173491493,0.2811877475068085,3.820880401582269e-05,3.7440900154776684e-07,2.0292347304340656e-05,3.972997353700351e-05,0.007239929610183452,0
0.708104104546379,0.28725759462506517,5.1254578440143184e-05,3.962623320956652e-07,3.973957064327697e-05,3.461934078541412e-05,0.0045122910763549925,0
0.4698750861379839,0.5289230366781507,4.825072696410359e-05,3.452353323652327e-07,2.9031318803694263e-05,3.232697537929194e-05,0.0010919229273860414,1
0.07830522399519385,0.001028245213438483,5.215066195222118e-06,3.2364297830828674e-08,2.554253262526776e-06,3.0061425721809073e-06,0.9206557229650398,6
0.10035244237587311,0.001324960048096679,6.683393561003195e-06,4.2249545427327826e-08,4.067648469554044e-06,4.047760004228327e-06,0.8983077565244499,6
0.091633004662869,0.001260130135496362,6.321819648082081e-06,4.473126514232698e-08,3.054227907618446e-06,3.5268330734050773e-06,0.9070939175897403,6
0.0933284266545493,0.0010405484295135205,6.203870678065604e-06,3.66369376729089e-08,3.5762807466369677e-06,3.784805303322216e-06,0.9056174233222715,6
0.08654967218612641,0.001146395138859128,6.823045703932515e-06,4.0293473730552845e-08,3.53747810661563e-06,4.015706033260475e-06,0.9122895161516971,6
0.09691327466375635,0.00122269942894552,6.8783236248339065e-06,4.40491224700885e-08,3.867197139555983e-06,4.396065778672694e-06,0.9018488402716327,6
0.0933473196618981,0.0011445186925629208,7.2266997704666105e-06,4.102285975649913e-08,3.6015129703086965e-06,4.094047277361643e-06,0.9054931983626611,6
0.078102346905561,0.0006739145235814952,6.229852538196641e-06,3.3984436654101694e-08,2.781255482994134e-06,3.3637686109256784e-06,0.9212113297097887,6
0.13665771986442699,0.0006432288122824801,7.731333901155805e-06,5.100127189268907e-08,4.204706523498112e-06,3.937974397089541e-06,0.8626831263071968,6
0.12481567119651907,0.0005535496534387676,5.4468992359137505e-06,4.0804190778133845e-08,2.8545598795455646e-06,2.349710667634814e-06,0.8746200871760683,6
0.27513868176673983,0.0016667943071954155,1.627821452567245e-05,1.0437341392277754e-07,6.865424832543692e-06,6.300444445890277e-06,0.7231649754688467,6
0.01634665129421139,0.00013288690323611684,7.810151267333751e-07,6.872642107959335e-09,3.894997841262066e-07,3.663658926672064e-07,0.9835189180491068,6
0.1001131660392039,0.0005713449602064397,4.820667808465732e-06,3.9169348924534626e-08,3.34003957882164e-06,2.3171500155902266e-06,0.8993049719738379,6
0.9066209839303296,0.004204186236311973,3.7340106885681375e-05,3.441128259246159e-07,1.9736613876462903e-05,1.772907038849072e-05,0.08909967992938161,0
0.9736568202466777,0.0018703507971245445,3.588870922841269e-05,2.750150625905544e-07,1.663596544476493e-05,1.3611509922418022e-05,0.02440641775653961,0
0.9416498311959708,0.0026241466588886294,5.4947317606932556e-05,4.0650196020444136e-07,2.0368133396213664e-05,1.75234122038564e-05,0.05563277677997329,0
0.24385688009330594,0.0012683894042530353,2.5679880678273914e-05,1.3510723772808756e-07,1.049531036495223e-05,8.389432709743793e-06,0.7548300307714504,6
0.037523279846120444,0.0002657923402878411,3.2116006517456937e-06,2.4768304468164816e-08,1.8606062437181587e-06,1.4253601937960041e-06,0.962204405478198,6
0.036275020413828275,0.0005698709654954468,3.1536004560654076e-06,9.504325209667374e-09,3.855274862259715e-06,1.037378633209073e-06,0.9631470528623995,6
0.04296256829380172,0.0003951866340212545,3.330724216582237e-06,1.0231559693132001e-08,1.5518894278618636e-06,1.3332104460389495e-06,0.9566360190165267,6
0.04718459082760141,0.00043402246111809255,3.6580415361641625e-06,1.1237036723390238e-08,1.8596347684145647e-06,1.4642278588477105e-06,0.9523743935700802,6
0.0712884889786894,0.0006606977261047866,5.01222729769897e-06,1.6717642038444985e-08,2.634073412354081e-06,2.234031710384346e-06,0.9280409162451434,6
0.05668444778919826,0.0005253482896940663,5.2128037872398185e-06,1.3292893717666255e-08,2.0944615176250215e-06,1.7501211427606218e-06,0.9427811332417663,6
0.08172087384451708,0.0009225807165276808,8.246508086568485e-06,4.045728485516851e-08,3.1261872809085236e-06,2.3355717020017637e-06,0.917342796714601,6
0.5748727189450488,0.04506426095422549,3.866843366345976e-05,2.1011350774141978e-07,1.592746954523805e-05,1.3720908945488443e-05,0.37999449317506356,6
0.9031491037187582,0.026684372589096835,2.514579667957862e-05,1.494499358423687e-07,1.098330851189871e-05,9.75943423935327e-06,0.07012048570277815,0
0.7321218211870048,0.06137150670541494,3.96048702463378e-05,2.7508524125653055e-07,1.548494945275435e-05,1.558559130871043e-05,0.2064357216113311,0
0.2206049682300446,0.7594560226018496,1.9916150869554717e-05,1.4739971928660476e-07,6.4631581874305285e-06,7.642762881665402e-06,0.019904839696447654,1
0.17037170567369944,0.8091520774252687,1.8013805822973733e-05,1.3701630731742908e-07,4.738007056788802e-06,6.505717168024544e-06,0.020446822354676694,1
0.17712988375670038,0.8011468034158195,1.4756471623758118e-05,1.4085761234002592e-07,5.3517276700491785e-06,7.980614185713947e-06,0.021695083156388316,1
0.21447334274855823,0.7827580565953358,1.6724100351564763e-05,1.6540480285663607e-07,5.40023222114013e-06,8.107762199762277e-06,0.002738203156530614,1
0.3397104637020689,0.651272564562999,1.6299298945139552e-05,2.227024680523547e-07,6.493359284976612e-06,1.1021252867295859e-05,0.008982935121366532,1
0.505415407769813,0.49064192799827755,1.944225819884658e-05,1.8112418498988212e-07,7.902260517256112e-06,9.532260580777777e-06,0.0039056063284277367,1
0.5547705353106304,0.441410738219644,2.4520507424317014e-05,1.535019907509189e-07,6.697132803656012e-06,8.078551053729446e-06,0.003779276776453375,1
0.6249815821619817,0.3717150611320775,1.9510131002308263e-05,1.8931151141843652e-07,8.720339481270748e-06,1.0290225198395745e-05,0.0032646466987475056,1
0.3168504060435609,0.6719952403303883,4.1871367295754845e-05,2.7253641773001503e-07,2.2638703161935033e-05,2.1731545308194544e-05,0.01106783947386708,1
0.23786478979272566,0.7540370980021446,3.0398805875341085e-05,1.978626969121104e-07,1.643580296359001e-05,1.57772021756252e-05,0.008035302531418265,1
0.04260554338832677,0.955032364769981,1.3622552556235651e-05,8.970103585247945e-08,9.740862896695109e-06,7.11559603133366e-06,0.0023315231291720097,1
0.03848323131892018,0.9605332045153225,1.4371346166710871e-05,5.3688914698018455e-08,8.83965091830913e-06,7.00658880788953e-06,0.000953292890949707,1
0.035571344205752406,0.9639966157199277,1.3156841829046395e-05,3.6314508421633546e-08,9.858754969199325e-06,5.386600396143171e-06,0.000403601562617112,1
0.03366436696737837,0.9658857366263439,1.2451504472331569e-05,3.4367690202388406e-08,1.394069428268594e-05,5.097825131192673e-06,0.00041837201470139724,1
0.04999977573982995,0.9499598912989804,1.6226506916826132e-05,1.1419634309766883e-07,1.0353740574471758e-05,9.710545704407076e-06,3.927971650618933e-06,1
0.03081346130087556,0.9691362524939764,1.4983595887299331e-05,1.5972700226315746e-08,1.370285832319229e-05,9.204571413095441e-06,1.2379206824368609e-05,1
0.07290673008859996,0.9270490837289999,1.5624855341845273e-05,1.0996213483374964e-07,1.2381352417011247e-05,9.598503449709825e-06,6.471509056832241e-06,1
0.098015395468499,0.9019401220902941,1.708280661986634e-05,1.821048506750853e-08,1.2502285793106904e-05,1.0494137365379816e-05,4.385000943674232e-06,1
0.07556722148632838,0.9243659998097588,1.8295982382124223e-05,1.0841986286146803e-07,3.427898953298946e-05,1.0411216186230265e-05,3.684095948614052e-06,1
0.1816764940023845,0.8090943473409368,2.1709873261509855e-05,2.2572638859891864e-08,0.009189539106281067,1.3251671776631448e-05,4.635432720479056e-06,1
0.1702449767276835,0.8260945624569571,9.36408336213643e-05,3.885020972982248e-08,0.003518826961387337,1.7057609304183198e-05,3.089656083688411e-05,1
0.16343255772549573,0.8318886752790329,0.0004730645439489866,2.392780206551788e-07,0.0038061621337719988,0.0003929471905974563,6.35384913226855e-06,1
0.23553267129455524,0.7598327965381868,0.0025748055661372967,2.0174057553429893e-07,0.001741797932106362,0.00031108164392918374,6.645284509577841e-06,1
0.08511591883560936,0.9041090354622845,0.0011991440780818568,2.476687725217179e-07,0.009177889856867804,0.0003894842159681332,8.279882415915455e-06,1
0.10556449073891354,0.8869749530516032,0.0003565007027955655,2.463519357981311e-07,0.006243794205851154,0.0008540483176502863,5.966631250581758e-06,1
0.03976809266033644,0.8707766668212457,0.006611436715554878,1.9049929754222447e-07,0.07560117411835407,0.007237201309524694,5.237875686558181e-06,4
0.04049001704484012,0.5961828504005144,0.009501001813209828,1.7631185435152545e-07,0.3471354208559213,0.006686263309589854,4.270264070032981e-06,4
0.03054681580402547,0.9168988294919036,0.012101758594784838,1.9714056889078373e-07,0.033683027642944806,0.006762670131787774,6.701193984725677e-06,1
0.05258790342536849,0.8835219350808877,0.014282666535416549,2.0234240216893088e-07,0.03885126414547,0.010749150455970797,6.8780144842768236e-06,1
0.04579661999984829,0.8721008756426175,0.013824078173569194,2.269890731537399e-07,0.05728601808063384,0.010984465311162712,7.715803095095e-06,1
0.02683243872359735,0.7100827452268232,0.03801616858223025,2.1637529038353834e-07,0.03158184596016608,0.1934747206494932,1.186448239953957e-05,1
0.0036194930386551478,0.18386629912216937,0.02981754663180661,6.223261129303817e-08,0.005603970345597788,0.7770877087685284,4.919860631315971e-06,5
0.0031006305775987714,0.1906714121975331,0.05771862446412004,6.826336814059489e-08,0.003925845936580163,0.7445772762755618,6.142285238031131e-06,5
0.031229186570887607,0.33310921254568276,0.5032971930965234,1.550170160044013e-07,0.019133498475702306,0.11320507086012754,2.5683434060462752e-05,2
0.015758374750231476,0.11718896713395974,0.8095698079329066,1.0740286161242545e-07,0.01254720508550387,0.04480545325693783,0.0001300844375989507,2
0.013147583920602144,0.29274068310511037,0.07400210910546015,3.4116889393220877e-07,0.005376466528014357,0.6147272864376445,5.529734274404001e-06,5
0.010645095037076668,0.3893525438730705,0.21357045968009997,2.400587404584219e-07,0.011069108825019719,0.3753574637503158,5.0887756770649124e-06,5
0.000978052411983319,0.025523496751043172,0.9631416112142652,3.974333884723329e-08,0.0007381301037641977,0.009616097349806478,2.5724257988078025e-06,2
0.0014187717581219594,0.08039675575824605,0.8116087462082932,4.127611188061538e-07,0.001853360166434356,0.10471409853365736,7.854814128402924e-06,1
0.002255021196109719,0.40795589265748816,0.09529606627771989,5.859638752721137e-07,0.0007846671138916601,0.4937035395023675,4.2272885477810874e-06,1
0.002056471029438839,0.3990084529744529,0.43733947487475416,2.5909775671666875e-07,0.002633770613672586,0.1589560399808132,5.531429111600312e-06,1
0.00040243185104745795,0.08304890720644491,0.9024441244065531,1.817918249060201e-08,0.0014267358332219458,0.012676741055813583,1.0414677364038894e-06,2
0.0007173018155052551,0.04581141149267855,0.9429530872274153,1.0999115861446287e-08,0.0007419180882768745,0.00977284306620513,3.427310803050652e-06,2
0.9200799674351052,0.0596692269011968,8.068766381396757e-06,1.5204008729943052e-07,1.0733741173195211e-05,5.453995638768283e-06,0.020226397120417433,0
0.9309579667720475,0.049522635930227425,7.996634931926006e-06,1.4006652816641817e-07,1.0733947361863987e-05,5.024479052373715e-06,0.01949550216985066,0
0.9246068420895569,0.05395012114805553,7.720556193838979e-06,1.1697744382447578e-07,9.995543177186249e-06,5.287284656144052e-06,0.02141991640091658,0
0.9302396128409381,0.031290778620784804,6.024110274387196e-06,9.266863671085772e-08,4.908302349277369e-06,3.756506670018597e-06,0.038454826950346695,0
0.2655747688741407,0.0015251353641496448,2.630526257402488e-06,5.3756614676202276e-08,3.8289740579292065e-06,2.231466174469923e-06,0.7328913510386051,6
0.43049521357319875,0.5361605371234603,1.3036084705179293e-05,1.6518447575540082e-07,1.3054878688785698e-05,1.017479182771825e-05,0.03330781836364346,1
0.4135729436564393,0.5552866023174886,1.2523651263218906e-05,1.5869126468903423e-07,1.2170484795419699e-05,8.924407064603011e-06,0.031106676791684156,1
0.532791978714559,0.4321290804419416,1.62611859986872e-05,1.97539970647064e-07,1.541610445638998e-05,1.1924434413558882e-05,0.03503514157866009,1
0.5607178805344777,0.3954730823070347,1.634748939500538e-05,1.9858837943943696e-07,1.4446905847492663e-05,1.1987721260480539e-05,0.04376605645360522,1
0.5167822439491194,0.45504796202517106,1.9036562945781467e-05,2.1993019584558365e-07,1.5542319868307085e-05,1.185749573542073e-05,0.028123137716964355,1
0.7122991297478594,0.26720468209797515,1.4602883583719248e-05,1.852562371516464e-07,1.4281255558898153e-05,9.849825014810705e-06,0.020457268933771013,1
0.7393434733472218,0.2429890660924449,1.2343518809168612e-05,1.6846725775850535e-07,1.2347196587702408e-05,8.896558316951803e-06,0.01763370481936176,1
0.4816737986874556,0.5166023619829082,1.6189781589773534e-05,1.7897631077994194e-07,1.0038809629244631e-05,9.91750876360637e-06,0.0016875142533426442,1
0.48302542538752397,0.5168812224568836,1.654666728248602e-05,1.8218236608045205e-07,1.165783800446e-05,1.0320182846206879e-05,5.464528509306942e-05,1
0.6423742595913151,0.3575885844771037,1.3500242867362205e-05,1.723114730709983e-07,1.0389269533472964e-05,8.393061575364395e-06,4.7010461320283125e-06,0
0.7017670106059077,0.2981857105138063,1.620301352543509e-05,2.3310142479026588e-07,1.5180582062878822e-05,1.0019980031706992e-05,5.642203241031917e-06,0
0.8182612335501479,0.18169745700689544,1.2462718150530653e-05,1.574745275000483e-07,1.2191203969351274e-05,7.706972953709004e-06,8.791073355539456e-06,0
0.895978359794211,0.10309368475810181,1.4926584414820173e-05,1.288192196919296e-07,0.0008814231510966503,2.1497016645791026e-05,9.979876309922913e-06,0
0.01357220916634911,0.23081817834850094,6.9832990516741296e-06,2.5037943167370882e-08,0.7555863558363366,4.23386772466752e-06,1.2014444093738322e-05,4
0.007407967450461401,0.1231375710638924,0.0007230354424517273,1.3597020998638625e-08,0.8685373345838876,0.00019252008193918293,1.5577803468025783e-06,4
0.01781169686240969,0.8951030446441726,0.0007951175128877905,9.610276504253263e-08,0.08322886803830214,0.003050166560176575,1.1010279286296082e-05,1
0.01852408693990143,0.8869224219455519,0.0007840355252277199,1.7783015764556038e-07,0.08877671187657303,0.00498070439254149,1.1861490046497409e-05,1
0.2444797913211194,0.6027608512083216,0.010182244036208469,4.3000970870666516e-07,0.10194651266937027,0.04062303662821511,7.134127056372725e-06,1
0.05604057462718215,0.909938582454604,0.0009422234136061432,2.1540913058831098e-07,0.02765355595240365,0.0054077973712249,1.7050771848274837e-05,1
0.030289437148130767,0.948682509475265,0.0007225240371361639,1.837294511072056e-07,0.016297686471703998,0.003986694658960068,2.0964479353049456e-05,1
0.03500898501344345,0.9464973060927383,0.0007730620836555264,1.7661421770636752e-07,0.013891735727650345,0.0038085924216110395,2.0142046683609857e-05,1
0.04564356991569497,0.9378833666247479,0.00032214426163405856,1.2601421863846099e-07,0.015189026364179467,0.0009447891415271894,1.6977677997787016e-05,1
0.049260969369273065,0.9409866170114893,0.000295523511797616,6.980377311913711e-08,0.00858245863791715,0.0008553081821745105,1.9053483575567192e-05,1
0.05218572794392045,0.9345073204517134,0.00033228994252936466,1.1669144950001437e-07,0.012518012344702418,0.00042898692293517085,2.7545702750074175e-05,1
0.0752671099680837,0.9204585552945376,1.3760570502890325e-05,9.878212950642663e-08,0.0036542482308700042,1.1115854582935957e-05,0.0005951112992933111,1
0.0660541000549412,0.9335062778575939,1.564467016516806e-05,8.100857768279131e-51,5.9003510285236704e-05,7.422929396384666e-06,0.0003575509776182507,1
0.06295589664075821,0.9367270069190643,1.5477642739086374e-05,8.469604724686028e-51,6.387045352225813e-05,7.760817395512158e-06,0.00022998752652062616,1
0.06564418846526188,0.9343144658458071,1.4213663473317545e-05,9.746098443834485e-08,1.3809200213197505e-05,7.196490160955495e-06,6.0288740991058115e-06,1
0.1638968836981058,0.8360312832508768,2.9809299499719552e-05,1.8383388145484089e-07,1.6488479880170617e-05,1.397363016265558e-05,1.1377807593303512e-05,1
0.17310077968884371,0.8268384986060443,2.5283880129700035e-05,1.664780605152795e-07,1.3040457246420572e-05,1.2368165047067246e-05,9.862724628506218e-06,1
0.1731007056910698,0.8268381451460057,2.571126581948109e-05,1.665652609492003e-07,1.3040451671836746e-05,1.2368159759877423e-05,9.862720412351511e-06,1
0.16726777764818074,0.8326701569011524,2.6249482525938875e-05,1.677401106650214e-07,1.3132431060897401e-05,1.258351094515907e-05,9.932286024098177e-06,1
0.23282744265656619,0.7671114921016104,2.7436230955380633e-05,1.8195338850119177e-07,1.512546167212806e-05,1.2169204254938084e-05,6.152391552285832e-06,1
0.24792076028619625,0.7520102968327338,2.485909262455173e-05,1.9132666128821388e-07,2.474265748103424e-05,1.2683863789506955e-05,6.465940513736414e-06,1
0.27015501726741764,0.7297461653710433,3.210769594322462e-05,2.66674908668668e-07,3.814420488351959e-05,1.9281704732322073e-05,9.017081071226999e-06,1
0.8299128848223181,0.1700256853738826,1.7373416995549504e-05,1.4978973634926987e-07,1.2441755963978189e-05,1.6222210995224823e-05,1.5242630108232641e-05,1
0.3440621740918256,0.6558451639622445,2.326734250290951e-05,1.854228286204708e-07,1.588658050027693e-05,1.4852427215009497e-05,3.847017288322447e-05,0
0.6854445844108141,0.31445232987409133,2.005708268990204e-05,2.0204076971428423e-07,1.6092747719981313e-05,1.9342949029653026e-05,4.7390894885116596e-05,0
0.7061263504503709,0.29358374196204434,1.9445600267441965e-05,1.9588113118605558e-07,1.1240369697917991e-05,1.8753238476376557e-05,0.00024027249801188223,0
0.7202215768289809,0.2794507734401923,1.9777308386975692e-05,2.0931244378657847e-07,1.1432110854996232e-05,1.9073136107954516e-05,0.0002771578630330219,0
0.9466324584439946,0.0524542522912988,3.312203226020081e-05,2.569805389543754e-07,1.3931669238409432e-05,2.0702806254060195e-05,0.0008452757764151644,0
0.9388090188683759,0.059702589884967565,3.489446817250428e-05,2.9106482689252253e-07,1.8387040958392926e-05,2.7189868997376e-05,0.0014076288037012863,0
0.6873727167016728,0.311258507620393,2.8084264816076884e-05,2.7528021339186856e-07,1.7429469461666575e-05,2.8112794734085718e-05,0.0012948738687090498,0
0.6036596560553597,0.38878281168818946,5.2249886336679656e-05,3.78273434696269e-07,2.6876520415765764e-05,3.7082572932484795e-05,0.007440945003331309,0
0.706715074410019,0.289451666659271,3.5877601493907805e-05,3.0348884301847115e-07,2.152211814219728e-05,3.428717404853267e-05,0.003741268548182299,0
0.07843456645837839,0.001054720530013867,5.9647139046052926e-06,4.3176261636149526e-08,2.9876288207473778e-06,3.478416046168038e-06,0.9204982390765746,6
0.07560293115000932,0.001048338936313776,6.2077061583071845e-06,3.66595880887296e-08,3.2184490006652134e-06,3.6535477196429643e-06,0.9233356135512102,6
0.05970749010453412,0.0006187850198096211,4.160701127095864e-06,2.6740104663099488e-08,2.1883859210920964e-06,2.668640200662359e-06,0.9396646804083029,6
0.05244975515066387,0.0005044492399290012,3.613979010151825e-06,2.1410951024742994e-08,1.7849062420553666e-06,2.101300942220464e-06,0.9470382740122616,6
0.10282463186687851,0.0007802497188942262,6.947014633462594e-06,4.063690869874412e-08,3.3256846447501264e-06,3.6993645851280674e-06,0.8963811057134551,6
0.07385061202585268,0.000514378252067155,5.07268412327551e-06,2.9269511677573666e-08,2.6407393181355148e-06,2.664538184405616e-06,0.9256246024909427,6
0.05667749276751729,0.0004015918782287841,4.067783680967919e-06,2.737384891674661e-08,2.257969936633835e-06,2.0740009738210273e-06,0.9429124882258136,6
0.11390937637534725,0.0005385884921899529,5.291179821958757e-06,3.963765466287318e-08,2.7729519091591426e-06,2.282535647080848e-06,0.8855416488274299,6
0.2269031224834877,0.0023238497539846367,1.748008704114945e-05,1.1124010700316232e-07,6.956619176590484e-06,6.7149486443632e-06,0.7707417648675585,6
0.23926876551501033,0.0023878751114957465,1.4320175210480625e-05,9.776517852069136e-08,5.81921517132251e-06,5.617057658901677e-06,0.7583175051602747,6
0.19526238980428798,0.0020465926491803864,1.0361268316066537e-05,1.0107602352356286e-07,5.299589710549183e-06,4.67596225673153e-06,0.8026705796502248,6
0.21624610503636574,0.0022509812186973805,1.1370453257275884e-05,1.1117025691618265e-07,5.82884772405759e-06,5.142940009803956e-06,0.7814804603336889,6
0.1670509538782308,0.0016710723664920494,8.420460745606695e-06,8.253002857836342e-08,4.32719130628704e-06,3.817990510770734e-06,0.831261325582686,6
0.9469841859040479,0.002852734217791358,3.674708671184329e-05,2.7776451567117227e-07,1.6802282903926278e-05,1.3747590497552811e-05,0.05009550515353208,0
0.609237625457416,0.001872865953779518,3.399517012885772e-05,2.937039320459402e-07,1.4716290332020948e-05,1.26609354221712e-05,0.38882784248898944,0
0.08590725265554179,0.0019484076613730246,1.0543626860019729e-05,1.1232384106063205e-07,6.065272269049321e-06,6.12798581549772e-06,0.9121214904742995,6
0.12361876680188255,0.0011626385352424876,9.606689445977652e-06,1.0194532442100995e-07,5.575335807605605e-06,5.561771179735927e-06,0.8751977489211171,6
0.13707046276965423,0.0007984700851858406,1.7755284992687363e-05,9.341427791237688e-08,7.91940547756144e-06,5.800524175118037e-06,0.8620994985162368,6
0.016343057789017665,0.00016058770993511163,1.4099964518945983e-06,8.652630817302352e-09,1.8569941550364345e-06,5.038156940019982e-07,0.9834925750421155,6
0.030485759435246205,0.00035604906491608715,2.570074264453584e-06,1.3978349409436247e-08,3.4223230931816425e-06,9.183312110058778e-07,0.9691512667929195,6
0.02943151809601869,0.00035927601999954066,2.3417203501118116e-06,2.176708716063938e-09,1.270941207325285e-06,8.525044031407186e-07,0.9702047385413125,6
0.03458067997738143,0.0003180867221198958,2.680908353497153e-06,1.486211907377811e-08,1.3628905893518555e-06,1.0731044629756515e-06,0.9650961015349738,6
0.9338793159906825,0.019674230231577234,2.0768542077936228e-05,1.587330034630013e-07,8.944744852685725e-06,7.296870503460636e-06,0.0464092848873026,0
0.7304214885373904,0.1745127987786017,7.902651919471643e-05,3.1664752582468334e-07,2.1907292671518855e-05,1.6552083733300482e-05,0.09494791014088243,0
0.2993155141463224,0.672237212194653,2.3852656685200668e-05,1.6053862137458286e-07,7.802560669220602e-06,7.725615002887158e-06,0.02840773228804601,1
0.20823159889416973,0.7711122923258719,2.1515782939619194e-05,1.3800975052115332e-07,5.753302430329386e-06,7.263220561788884e-06,0.0206214384642762,1
0.17946764784159716,0.8020434217184014,1.7534516902145573e-05,1.2977321200922745e-07,5.409940480472797e-06,6.72881802339195e-06,0.018459127391383258,1
0.18373365339262893,0.8016759154394857,1.7026038684552773e-05,1.2950316949824937e-07,5.154117473691027e-06,6.679229413228334e-06,0.014561442279144427,1
0.1778647875703167,0.7958436952355252,1.50882023754679e-05,1.324437705073666e-07,4.710101229175696e-06,6.731053786079001e-06,0.02626485539299678,1
0.1789446417751854,0.8028235015311588,1.4235726495360734e-05,1.358868498641465e-07,5.0282343326656e-06,7.698984127744085e-06,0.01820475786185016,1
0.5685212658277234,0.42631194556815005,3.6774052970546525e-05,2.55423112623848e-07,1.6251454887663572e-05,1.3441938436573175e-05,0.005100065734719039,1
0.34488549471324076,0.6491206984863541,5.601121221695167e-05,2.935447568304802e-07,2.4383796741655687e-05,2.030801513146477e-05,0.005892810231558172,1
0.3173204105200603,0.6729920538585304,4.193347777341492e-05,2.729406884328419e-07,2.2672284598554012e-05,2.176378109953734e-05,0.009600893137249218,1
0.17963155241365508,0.811396574801857,3.3830526526772716e-05,2.201994132267485e-07,1.886681190108727e-05,1.7558290246976874e-05,0.00890139695639955,1
0.14479255433126956,0.8426686355913399,3.4336455583913264e-05,2.2349245335807924e-07,2.005758969877477e-05,1.7820871121165252e-05,0.012466371668533474,1
0.05801897748235115,0.9379191190925242,1.8781736195125053e-05,5.2838782420997183e-08,1.4601970095365898e-05,8.231612603744972e-06,0.004020235267448096,1
0.049882791132612306,0.9496853533250139,9.260269997017852e-06,4.398282865631082e-08,1.0325660214079462e-05,5.784201080635945e-06,0.00040644142825330853,1
0.030676507733406924,0.9686649689829436,1.2487332337684173e-05,3.446657953578481e-08,9.260776463779006e-06,4.9968619578318324e-06,0.0006317438463109243,1
0.03067766112215867,0.9687013892720178,1.2487801841865769e-05,3.446787542531348e-08,9.261124654501971e-06,4.997049832032712e-06,0.0005941691616200988,1
0.033548959991278826,0.966377300529053,1.1351427150494087e-05,6.253805498868821e-08,1.5863680329308304e-05,5.401063264729118e-06,4.106077086877123e-05,1
0.03139673238853892,0.9685364139342618,1.0653534928792994e-05,5.869317966523429e-08,1.4888372206144688e-05,5.069002811766082e-06,3.618407407291007e-05,1
0.020200275844824627,0.9797345317755751,1.0793247484316213e-05,2.4990589574362283e-09,1.2907211924082399e-05,4.830821985385567e-06,3.6658599147615995e-05,1
0.017222443958136376,0.9827562457219259,6.785874747957719e-06,7.668516440069428e-09,3.817651282544737e-06,3.9558969134148545e-06,6.743228477449752e-06,1
0.0502181509341841,0.9497421517928619,1.6222787652850398e-05,1.288168206332561e-07,9.996446995908275e-06,9.422150160853895e-06,3.92707132354714e-06,1
0.08945095161448043,0.9105036319001214,1.5468523306488205e-05,1.0886192596943268e-07,1.3929873644326021e-05,9.502467131430686e-06,6.406759389680006e-06,1
0.11845144192849161,0.8814903551054557,2.0853883821781523e-05,1.4676216415756426e-07,1.856319336827449e-05,1.2810747454867544e-05,5.828379243775125e-06,1
0.05185786410889824,0.9481121746859804,1.3169977382441142e-05,7.804375364331336e-08,6.9543630296146904e-06,7.1069021188390284e-06,2.6519188368586984e-06,1
0.060976403064962485,0.938458163998675,3.620588001067725e-05,2.0273669120832053e-08,0.0005133747175509201,9.999706130108613e-06,5.832359001591956e-06,1
0.1862974074930914,0.8098605182360837,0.00022581787298557406,2.4401745485711916e-07,0.003196631300092839,0.00041290137902371863,6.479701267826119e-06,1
0.19459442435571683,0.7971037577291286,0.0002562795091672563,2.3550864046400847e-07,0.007548646555203964,0.0004915975071906779,5.058834952358381e-06,1
0.19985178356056424,0.7893861320285529,0.0002297881319872288,2.1116432888030006e-07,0.010033314510561168,0.0004942346961699949,4.535907835594747e-06,1
0.2507823293524274,0.7357850403226193,0.00025548591243443103,1.853391101922322e-07,0.012907673929653779,0.00026530397360834796,3.981170146590669e-06,1
0.28172031219522947,0.7093945680818682,0.00020755279281010056,2.1579991562312847e-07,0.008424422257164433,0.00024829339062099683,4.635482391301519e-06,1
0.27720153362164107,0.7144134345182076,0.0001920831317702696,2.2287494224588497e-07,0.007947146318328813,0.00024086375664590003,4.715778463991808e-06,1
0.19784976081943897,0.79685848081692,0.0009231447023096786,2.0784631478225745e-07,0.00412617791536483,0.0002377632642997428,4.464635352094673e-06,1
0.2259527767771383,0.766868013763193,0.0003101832402499709,2.9539445166912056e-07,0.006393024871692987,0.00046920854097904583,6.497412294679334e-06,1
0.20163284402763593,0.7890456519609834,0.000334417022215668,2.718781916044107e-07,0.008475151841110813,0.0005056831145321307,5.980155330623448e-06,1
0.11965521921606567,0.8731940269762046,0.0003293454893154784,2.1363223807069393e-07,0.006146784401814636,0.000669237945432277,5.172338929086208e-06,1
0.08308510771557402,0.888557849470088,0.00476611499332234,2.3617291344034128e-07,0.020687002142402024,0.0028980714144553684,5.618091244662301e-06,1
0.050484256048788395,0.726292274534201,0.013105123844806811,2.1462644606384377e-07,0.20596746750500364,0.004145462808137516,5.200632616626479e-06,4
0.033106072934337726,0.9275650233271698,0.010858131208300304,1.599236961240257e-07,0.02324065470101638,0.00522452178587952,5.436119599893875e-06,1
0.04649592671213875,0.8573030696244247,0.02481671881952596,2.332182051742391e-07,0.047397038324458456,0.023980597168167188,6.416133079703909e-06,1
0.03766529725679055,0.8312552561923768,0.026944652765563813,2.6761273413427184e-07,0.05731826450357142,0.04680544435303233,1.0817315931125636e-05,1
0.03264966430020561,0.798688548863373,0.028034410685563557,2.499945583968272e-07,0.05198299622720135,0.0886304220050885,1.3707924009355733e-05,1
0.001064507909307483,0.06590195538973391,0.009697167139296078,2.3664793896366913e-08,0.0021809224563571913,0.9211543004924427,1.1229480685428793e-06,5
0.0035262479997168537,0.21388058610107805,0.08583424953992352,7.496726872987595e-08,0.00580740760624335,0.6909478764190756,3.557366693866422e-06,5
0.0029343726392348467,0.18600181418708586,0.06225775213299932,6.659157851895247e-08,0.004697763483676291,0.7441033129995798,4.917965845251675e-06,5
0.0036379289828130665,0.10653449000118347,0.008701476257360213,3.7927476738034066e-08,0.0013115930485161536,0.8798126740379775,1.7997446727908708e-06,5
0.006525418604818023,0.08348057187864989,0.007205196309828935,4.123943420482426e-08,0.0017123044877573074,0.9010753246998701,1.1427796415956675e-06,5
0.05510812890193518,0.3918869582471502,0.16548046190700855,2.0422413722524232e-07,0.029834199641314577,0.3576423876046002,4.7659473853948984e-05,5
0.03836211639112655,0.4034856280237438,0.1992291791284306,2.037013997409954e-07,0.027499256086475386,0.3313760542651705,4.756240365344235e-05,5
0.00825107802077706,0.0809149850589905,0.18511146733205783,7.658396356533535e-08,0.0021816009680682745,0.7234579302973795,8.286173876329829e-05,5
0.005038339003078101,0.31712024698686414,0.05523701310041491,1.598630469125152e-07,0.003488671904965382,0.6191047650505993,1.0804091031210305e-05,5
0.003879984343625604,0.045438312484016176,0.9221722752749091,9.549593504702865e-08,0.004333003579631401,0.02417127823649293,5.050585389691015e-06,2
0.010907142183991324,0.40854610063434793,0.2972190240667787,2.518926969421673e-07,0.007489069632650453,0.2758254092012453,1.3002388289297113e-05,5
0.00532750265870819,0.1026393329126376,0.8076420620396065,1.6450279998947775e-07,0.004648081595503866,0.07973601492909214,6.841361651883449e-06,2
0.0011801069659258287,0.06669130801691314,0.878883956193321,3.5153098299909144e-07,0.0016036300699733583,0.0516336118269182,7.035395965224625e-06,1
0.005335113883646637,0.4108717949377896,0.10263641490729922,5.439297637857671e-07,0.000984784941791861,0.4801665927346401,4.754665068715727e-06,1
0.005557290219588839,0.4543406992161839,0.10691062218678105,5.665812618724811e-07,0.0010033807413873123,0.4321824883856955,4.952669101363955e-06,1
0.002368176745696783,0.3934116075138215,0.46980947553594093,4.416522214421848e-08,0.0019312187203258354,0.13246831497230435,1.1162346688551796e-05,1
0.002110236031331597,0.3826676922905388,0.5630690814996832,2.658716869986247e-07,0.0017464210927188419,0.05040062716956982,5.676044470823728e-06,1
0.0008144863599317862,0.040484317973439175,0.9436607233613258,6.627787117592917e-08,0.0007223017215873559,0.014313666461153507,4.437844691244156e-06,2
0.9050381908409909,0.06645701880529821,1.097987668117657e-05,1.5484751498239336e-07,1.2862593509816819e-05,6.785195972829964e-06,0.028474007840031994,0
0.9098928628295695,0.06649720834001698,9.451856983441586e-06,1.7955167627863938e-07,1.234998640181648e-05,6.514788633735139e-06,0.023581432646718158,0
0.9093839924232763,0.07097446844261254,8.147279999957494e-06,1.4270517952967135e-07,1.0936159447865135e-05,5.784837003937511e-06,0.019616528152480057,0
0.8759728338085139,0.04406352227053833,8.594917817337801e-06,1.3777451824363974e-07,7.234220602581928e-06,5.033960233446582e-06,0.07994264304777625,0
0.9302058965632988,0.05983751114028015,9.527688218525252e-06,1.7269725406119987e-07,1.259661674910837e-05,6.00578385655081e-06,0.009928289510342884,0
0.9311513743766404,0.06482154260760742,9.607753040692652e-06,1.5536289912756352e-07,1.3546814823216067e-05,6.807779366736328e-06,0.003996965305622387,0
0.9002257240837747,0.0978045418465488,1.2658759605040795e-05,1.5790410318677268e-07,9.935729164679414e-06,7.269560985854357e-06,0.001939712115817776,0
0.8993309016131397,0.036354163763347734,1.4523868400436255e-05,3.4915033060987373e-07,1.2701197327465258e-05,7.487499466695824e-06,0.06427987290798721,0
0.8824355503935819,0.03780823435724685,1.4251014596289353e-05,1.809311211064285e-07,1.2462585277805316e-05,7.691536943990443e-06,0.07972162918123203,0
0.6523779189573263,0.10436576859939657,1.061823235896343e-05,1.4767135953811358e-07,1.208003805915331e-05,6.707678118917939e-06,0.2432267588233805,6
0.37225244955147524,0.48258501050914593,1.1011602371493552e-05,1.3953160063768342e-07,9.923520227423795e-06,6.337945742643643e-06,0.1451351273394366,6
0.3899080886064317,0.5570313306405091,1.1713210558396442e-05,1.4842190652018557e-07,1.1595150522031916e-05,8.02611569888001e-06,0.053029097854373305,6
0.39049506038931403,0.5646666583738078,1.1628839789415958e-05,1.4735281702296987e-07,1.1645604963109326e-05,8.286760609072252e-06,0.04480657267869939,1
0.44583247268589943,0.5285221998192114,1.3688712292949068e-05,1.7345413251103934e-07,1.330269115042343e-05,9.559551177245e-06,0.02560860308613606,1
0.4880468775009225,0.4870655893463419,1.4502782104736815e-05,1.837694762764132e-07,1.2986865997812635e-05,1.1093183115772237e-05,0.02484876655204102,1
0.7315123059990759,0.24499783097418884,1.7044503310943448e-05,3.051996347822796e-07,1.89608386828722e-05,1.260391841104911e-05,0.02344094856669558,1
0.8344993539904407,0.16544772394595397,1.2142065311651532e-05,1.772911190170493e-07,1.9647811659729634e-05,8.618096422125856e-06,1.2336799092834905e-05,0
0.8120266798902255,0.1870779156250148,1.3806625355436732e-05,2.1897975627234273e-07,0.0008618922269377411,9.79664171871622e-06,9.690010991560305e-06,0
0.8863151145300894,0.11346177804674584,8.704544086345044e-06,1.3805827951571917e-07,0.0002020622984005607,6.093344688082501e-06,6.109177710105008e-06,0
0.8915273318431992,0.10801939034979241,8.662830494401232e-06,1.088286335681278e-07,0.0004360171196781927,6.306871201512586e-06,2.1821570008192057e-06,0
0.020390409213812057,0.9030232383846244,0.0010116765008508796,1.8911762955907683e-07,0.07296315526761861,0.002598717137170299,1.2614378294052967e-05,1
0.07109197677141935,0.8910573509973987,0.0009141022332232213,2.501933118071036e-07,0.024815663478387612,0.012105141979501154,1.551434675840044e-05,1
0.2662236958311951,0.702109188382088,0.0009042426777041233,2.968078424412481e-07,0.017831961856529726,0.012903282003757448,2.7332440883060967e-05,1
0.06023675332511522,0.9175926967677658,0.0011850905743389848,2.3133769530738874e-07,0.015059955308447974,0.005900745481482028,2.4527205154449626e-05,1
0.04519201591416446,0.9313521454358508,0.0007957514639015273,2.0520331246365907e-07,0.01909491316489031,0.003543212468416903,2.1756349463415975e-05,1
0.03589460497627039,0.9451511877906698,0.001060375644158667,1.7627072742263653e-07,0.013626979141536318,0.004246562776181998,2.0113400455556812e-05,1
0.070741481719278,0.9289835808819539,1.2637034180508009e-05,8.591342436083683e-08,5.906075697602204e-05,6.277213855814439e-06,0.00019687648033129556,1
0.0911981703714086,0.9085822868098049,1.6748676949608768e-05,1.2033448514256844e-07,6.911553721083294e-05,8.792168431055539e-06,0.0001247661017099429,1
0.10562408903184856,0.8943224997172595,1.8816614465125704e-05,1.29022737382983e-07,1.695734913029994e-05,9.527000629709135e-06,7.981263929219642e-06,1
0.1579360145290319,0.8419955379851185,3.0560336070966864e-05,1.7579719417495731e-07,1.3770437903851129e-05,1.3060512031659828e-05,1.0880402649043943e-05,1
0.17417682978960183,0.8257429834969131,3.83914875397517e-05,2.0636915928370768e-07,1.6165182308643915e-05,1.667491851161368e-05,8.748755965719912e-06,1
0.15284766514218578,0.8470850749149805,2.9307448575257833e-05,1.743622123738497e-07,1.4494420697808779e-05,1.2953902838227952e-05,1.0329808510128363e-05,1
0.17327259105830314,0.8266636656543026,2.6405687896268443e-05,1.6864988803426985e-07,1.45173251688077e-05,1.2660233388482345e-05,9.991391052743228e-06,1
0.1958034952892874,0.8041396450473539,2.5558889602338888e-05,1.6549136790287996e-07,1.4245440827026846e-05,1.1294080458779546e-05,5.595761102603684e-06,1
0.6281806751687979,0.37175351573300514,2.1798829402528286e-05,1.9949388543484089e-07,1.83728368270342e-05,1.9394899118166528e-05,6.04303896370421e-06,0
0.9173447018910952,0.08256778577881035,3.514680903584124e-05,2.6898271279111835e-07,2.1063465452521782e-05,2.2735257236222105e-05,8.297815656984797e-06,0
0.9374364783787911,0.06248098656351675,3.2433330604981894e-05,2.5491097934921697e-07,1.8549730072219254e-05,2.3433367606742353e-05,7.863718428714959e-06,0
0.754401185863548,0.24551777053332355,1.3823788335797298e-05,1.2538785704748244e-07,9.930787738880598e-06,1.2755288498619394e-05,4.440835069796835e-05,1
0.6601559335635364,0.3385072545250991,2.60920433208196e-05,2.5575258245939186e-07,1.6156308747782985e-05,2.495291924191079e-05,0.0012693548874714586,0
0.6874192788324626,0.31127959204662803,3.792361215212654e-05,2.559342313743239e-07,1.739107909761116e-05,2.6859983863079062e-05,0.0012186985115650551,0
0.5812230637765233,0.4171162362814569,3.725793823625514e-05,3.3859496299776465e-07,2.890272577312802e-05,3.553512632289568e-05,0.0015586655567244392,0
0.3806385784900206,0.6184149903483307,3.953179831964301e-05,3.5485385172406364e-07,2.3517824730727916e-05,2.526377717674695e-05,0.0008577629075697148,1
0.3676089908397488,0.6307886428036779,4.8025318395481924e-05,4.6033953425613573e-07,3.5559017912586456e-05,3.3969970808842244e-05,0.0014843517099224217,1
0.13148678958646523,0.001154218420941444,6.602292634765095e-06,4.2541061634227685e-08,3.6789888358060168e-06,3.719470847793324e-06,0.8673449486992134,6
0.1215897657863813,0.0013474992596023022,7.604987782014148e-06,4.135525674712379e-08,3.4905904519713976e-06,4.036906897888821e-06,0.8770475611136279,6
0.08168640067017675,0.00047848135599095297,4.961557411083907e-06,2.902287761805095e-08,2.698356206032717e-06,2.428938851471616e-06,0.9178250000984861,6
0.2273056147074783,0.0023678424690579706,1.6472888990145967e-05,1.229624857336295e-07,6.0134612396169185e-06,5.80455568629919e-06,0.770298128955062,6
0.23123070021244604,0.0023158565620826762,1.611122723019079e-05,1.2026284822466006e-07,5.881435887133632e-06,5.677116848672069e-06,0.7664256531826571,6
0.2835977631253745,0.0029466940370470552,1.8841698785562337e-05,1.4483099519920718e-07,7.374467149506084e-06,6.5066791842313465e-06,0.713422675161464,6
0.2581699408519719,0.002513524851037325,1.2298423857614208e-05,1.199733219153687e-07,6.290407558572709e-06,5.550185944544874e-06,0.7392922753063081,6
0.030742262469919495,0.0003180642146425791,1.5250744477639763e-06,1.5181556847279573e-08,7.959951297372161e-07,7.023266680030657e-07,0.9689366347376357,6
0.020660797504406643,0.00017142355335670505,9.281720499323018e-07,8.581226849885825e-09,4.6288836247345534e-07,4.3539564085586e-07,0.9791659439049566,6
0.023766376876819532,0.00019749384516176376,1.0886274195167651e-06,9.579515667696096e-09,5.045110027534273e-07,5.106635488628796e-07,0.9760340158965319,6
0.02846262241855916,0.00024634598855373553,1.290694926741901e-06,1.1932514303882813e-08,9.289596975543955e-07,6.360968876355914e-07,0.971288163908861,6
0.08501403136660331,0.000627162546111347,4.0744191824145284e-06,3.3261801517452967e-08,2.2301024648566176e-06,1.967675900184522e-06,0.9143505006279363,6
0.77179437276069,0.0038686616805526258,3.3469346990934616e-05,2.720908854763064e-07,1.8233306668985954e-05,1.608770838049546e-05,0.2242689031058313,0
0.8809918015199194,0.004165783418893079,3.714533537154303e-05,2.9298806479950947e-07,1.9633664782598456e-05,1.7676798823275324e-05,0.11476766627414528,0
0.8746170892195723,0.004151994456547315,3.687655781210947e-05,2.907156513293952e-07,1.9491598801763454e-05,1.754889240383409e-05,0.12115670855921115,0
0.9412173143553451,0.0030309868561886064,2.4018714394407264e-05,2.1597293083266614e-07,1.4229012199446665e-05,9.811484248480429e-06,0.05570342360469341,0
0.9665401460289798,0.0024173603290700263,3.402565715324826e-05,2.607385005721252e-07,1.57723604110209e-05,1.2904382700285533e-05,0.030979530503184995,0
0.07378858990719307,0.0015530881052095605,1.2887606162745324e-05,9.305833310529321e-08,6.758036958068395e-06,5.076928814918946e-06,0.9246335063573285,6
0.022684256007045055,0.0003158964822906626,3.0220382233069638e-06,1.354783287318295e-08,3.6613576302067942e-06,8.147686027566189e-07,0.9769923357983752,6
0.03215325380722604,0.0004455371963131431,2.4927101720694914e-06,5.516600462241247e-10,1.4951651821982008e-06,9.937548841194814e-07,0.9673962268145623,6
0.03699281804125973,0.00032366593572202753,3.9022692128694645e-06,1.749391874477055e-08,1.698633977886331e-06,1.1643472755851751e-06,0.9626767332786331,6
0.04287384533456327,0.0002767303571373979,3.2371675784793724e-06,1.7945846582325385e-08,1.74214031597575e-06,1.4286110033854952e-06,0.956842998443555,6
0.04090224425547651,0.0002721499050990421,3.0662485028180923e-06,1.6998324578768492e-08,1.4792085290892278e-06,1.2457563648863e-06,0.958819797627703,6
0.04416064806171327,0.00040242696864764744,3.423606775862476e-06,1.8979407296145646e-08,1.845806264749069e-06,1.3909439916493186e-06,0.9554302456331996,6
0.05184241625189781,0.0004768669749446062,4.019144993276492e-06,2.2280885277907645e-08,2.129264032585691e-06,1.6498754226970826e-06,0.9476728962078237,6
0.5525177764907158,0.01864977071970313,3.4619718659159257e-05,1.8811391709850303e-07,1.425980993715619e-05,1.0504859816297553e-05,0.42877288028725136,6
0.5550274131216774,0.018516661999441533,3.4427861146699855e-05,1.8707141676657257e-07,1.4180784116940211e-05,1.0446643390770471e-05,0.42639668251881,6
0.643457255515345,0.02851964660355298,3.898600671140542e-05,2.448551556039886e-07,1.7367587339093205e-05,1.2643762945684134e-05,0.32795385566895036,0
0.92333438451862,0.014390234309335519,1.9158678127647946e-05,1.4555166489522786e-07,1.1933024250349303e-05,7.660138803798407e-06,0.06223648377919775,0
0.7857427150424501,0.15377281004963478,8.323978308785202e-05,3.3702215016959595e-07,2.331691321863592e-05,1.761712438793126e-05,0.06035996406507034,0
0.7770374694902188,0.17955532040215444,9.610872105829429e-05,3.3175962824764176e-07,2.2952825081094724e-05,1.734203711771288e-05,0.0432704747647413,0
0.6589737453215482,0.3129754211493751,6.517804759337708e-05,2.8023250581018823e-07,1.9387915648063287e-05,1.4648565116314812e-05,0.0279513387682132,0
0.2742467815225009,0.7016229045896896,2.4347304495272847e-05,1.5888616073755792e-07,7.0478950183727515e-06,8.361910845392349e-06,0.024090397891289844,1
0.14878982105890787,0.8249837448774027,1.4529258211834123e-05,1.2338814903372856e-07,4.238109770217329e-06,6.851031177790064e-06,0.026200692276380486,1
0.16533492146786716,0.8163998075351026,1.3195516135783181e-05,1.332953604775597e-07,5.360474771230902e-06,7.552157295902035e-06,0.018239029553466755,1
0.20187118788454014,0.7939680388802044,1.5292689849541876e-05,1.4246678328063965e-07,5.082666776310315e-06,6.902557566021846e-06,0.004133352854280184,1
0.5127061437068058,0.4821395550305735,4.576533839869673e-05,2.398479625735407e-07,1.6127249639953308e-05,1.2622794019182725e-05,0.005079546032600424,1
0.5434249523312487,0.4522463195079425,4.520088639934794e-05,2.3688977048425844e-07,1.592834237472203e-05,1.2466599746565172e-05,0.0042548954425176855,1
0.24662347631444773,0.7474271150698263,5.1540116571685164e-05,2.531240769152779e-07,2.228020604517878e-05,1.941073235532148e-05,0.005855924436676827,1
0.16109619723562565,0.8325011850671009,4.519742924614683e-05,2.2197383936767532e-07,1.8438636205081423e-05,1.7699779675798073e-05,0.0063210598783069736,1
0.06478122909308552,0.9344513539336435,1.1377500658231039e-05,1.0148442457289482e-07,1.3326531874738622e-05,7.456073089474086e-06,0.0007351553832238305,1
0.057778658415218884,0.9416722247785627,1.0147642046220832e-05,5.054386853497289e-08,1.1885991418033094e-05,6.6501038369710504e-06,0.0005203825250485761,1
0.03755142687905656,0.9616516976525126,1.4086262476668901e-05,7.016489722631134e-08,1.0568144286254722e-05,5.636681013549e-06,0.0007665142157570893,1
0.017231182346209375,0.9827291430113146,9.52134148562635e-06,8.964934319926687e-09,1.0040141104873314e-05,4.261544622780543e-06,1.584265032848737e-05,1
0.01924330392096897,0.9807419727326029,5.667479408553174e-06,2.643532576708457e-08,3.2065810028035436e-06,3.303916610881336e-06,2.5189340800645487e-06,1
0.0502181509341841,0.9497421517928619,1.6222787652850398e-05,1.288168206332561e-07,9.996446995908275e-06,9.422150160853895e-06,3.92707132354714e-06,1
0.03339727137328413,0.9665513466367717,1.4899532853367242e-05,1.5883087982952266e-08,2.159839873207445e-05,9.152930658442865e-06,5.7152446123169966e-06,1
0.03326832582496421,0.9666770285049102,1.4778078092305785e-05,1.5753615691782306e-08,1.3502611607547651e-05,9.078319795332346e-06,1.7270907014656065e-05,1
0.057866136560821124,0.9420992584109983,1.4695856121550064e-05,8.708593351549436e-08,8.612687382575828e-06,7.75094710309008e-06,3.4584516400395864e-06,1
0.060771880849246396,0.9391142671294924,3.270368154972514e-05,6.365939336641326e-08,6.677830966865278e-05,8.840918340073796e-06,5.465452309645549e-06,1
0.07514515229423013,0.9203898139645067,6.263713530898495e-05,2.622797009068156e-08,0.0043836488447302644,1.1176232176836114e-05,7.545301076985978e-06,1
0.22012040969048075,0.7744692022346165,0.00022544585475020064,2.0717398329265146e-07,0.004969873386980181,0.00021041146582962973,4.450193359510076e-06,1
0.17097712698703849,0.8228536832134276,0.0014365002407116694,2.2656094271941352e-07,0.004468424728278364,0.0002591716353509924,4.866634250064349e-06,1
0.0614702014451061,0.9290729723365743,0.0016915256934679204,1.9112575899059853e-07,0.007519916266320121,0.00024011793098612115,5.07520178657203e-06,1
0.04295238060385298,0.9536683496051567,0.0010901496671956615,2.1467523629358857e-07,0.0018726449549956615,0.0004017016392189596,1.4558854343729253e-05,1
0.20189869115086445,0.7905081800348455,0.00030812148793269995,2.7022449417944016e-07,0.006849565080604146,0.00042922824018630724,5.9437810726779445e-06,1
0.15538127543689725,0.8392918133102504,0.00031259961250135795,2.0533785496996523e-07,0.0046554376026657586,0.0003492416776783882,9.427022151872289e-06,1
0.06297400997334515,0.8946924250330947,0.008724682137589075,2.7165285959923184e-07,0.029979059953955407,0.003622971830828498,6.579418327456763e-06,1
0.03858560915877943,0.8816099826761731,0.007143317891424668,1.8310632925760575e-07,0.06790611172013451,0.004749760844919457,5.034602239731339e-06,1
0.03807637418598712,0.8699749030356233,0.008088955537433402,1.8068977685295412e-07,0.07934229635242206,0.00451232204086297,4.96815789453467e-06,4
0.04816191024636049,0.719309693755016,0.027611645599033164,2.034614715169058e-07,0.1988076293380767,0.006103989773636716,4.9278264053784234e-06,4
0.029184572924011432,0.9267773614386122,0.010274924500300913,2.176807611866502e-07,0.029121433362431396,0.0046350884262116,6.401667671280879e-06,1
0.02214171362833048,0.9438717912593843,0.009934652413717939,1.5641649117849011e-07,0.020196698314883785,0.0038496710643565087,5.316902835853575e-06,1
0.02834235355444883,0.93676811859205,0.010233123985651136,1.5071829390215342e-07,0.019727337974392533,0.0049237919652114406,5.123209952005186e-06,1
0.0400103310263038,0.8175054671497475,0.03064627665324606,2.5953560520769126e-07,0.06420593229782337,0.04762124251124543,1.0490826028849845e-05,1
0.02237624999961109,0.7213154354935537,0.04133234550053253,2.1956337677054156e-07,0.034805461911639454,0.18015824823689816,1.2039294388282666e-05,1
0.00335489349705312,0.10310559010485766,0.005680835944771621,3.770511982026875e-08,0.0010165962843853215,0.8868402572704791,1.7891933334288981e-06,5
0.0037498681227212116,0.09305112033640145,0.005220771096959686,3.715274272684399e-08,0.0010017032273301535,0.8969747370820556,1.7629817892724158e-06,5
0.004638398519822029,0.11756814199194171,0.006133138252089517,4.595607664902768e-08,0.0011442452736456028,0.8705138492865021,2.1807199224649446e-06,5
0.00774897086048396,0.12856495773737547,0.0070230328290530565,5.274247354786602e-08,0.0027173629513696264,0.8539431201294185,2.502749825758789e-06,5
0.015035070799917734,0.17350900183380052,0.059027272307257184,1.2014744218746172e-07,0.006227377613270393,0.7461967529434822,4.404354829753621e-06,5
0.05371444274829496,0.3397583426887558,0.21278108138337273,1.8111824453858236e-07,0.039882718448945684,0.35385207798100204,1.1155631384145491e-05,5
0.05002916966860866,0.3167974939531192,0.1830761428229585,1.6868311743900847e-07,0.0371444704372523,0.41294216472139705,1.0389713546926759e-05,5
0.0023350144992674467,0.028028464519117557,0.9487884981793439,6.119606961805342e-08,0.0033023531218279154,0.01754244487892199,3.163605451675453e-06,2
0.018109247655923384,0.3588644330743491,0.03371602621064573,5.262479935720818e-07,0.0015574525081059644,0.5877495113769755,2.8029260067211244e-06,5
0.011782559089920127,0.4482047745433112,0.15757865500212764,3.0674766039084197e-07,0.019320857320672433,0.3631080722813195,4.775014988691934e-06,5
0.00218763666995467,0.05708910560818002,0.9219760871926155,8.476847628829379e-08,0.0018505418402444507,0.016890718303953584,5.825616575579829e-06,2
0.0012947054980415743,0.025163453036324317,0.9621663653821756,7.774398577162783e-08,0.00015959382448041057,0.011211853510688078,3.951004304101343e-06,2
0.0009033543512290753,0.06960650689211367,0.8842618136979029,2.7031951127074373e-07,0.0005330397404772763,0.0446896049356678,5.4100630979676635e-06,1
0.002367163858462961,0.4788481085389493,0.17800994473961215,6.790730392977039e-07,0.0009511776995892767,0.33982003386546,2.8922248871055392e-06,1
0.0020033710062920735,0.32749583775948404,0.336532373664771,5.382465467784287e-07,0.10760180676169555,0.226361680583507,4.391977703380773e-06,1
0.0021369693003667626,0.3637646520231036,0.38186255700198823,7.0451026920267e-07,0.0043714393082002105,0.24785792920164465,5.74865442734489e-06,1
0.0008328155831690699,0.08569252198205482,0.8896021346083253,2.829695670810468e-08,0.0022209146052960464,0.021650040254437942,1.5446697601173024e-06,2
0.0007252142354487386,0.04460846664157026,0.9412105203511445,4.411095732454978e-09,0.0007468814173269452,0.01270554245504499,3.3704883687895477e-06,2
0.0008046154863260624,0.05013411825271593,0.9325986651919723,1.218936553039238e-08,0.0009004660407300006,0.015557520666647182,4.602172242958616e-06,2
0.9177338198146631,0.059593605330315956,9.637067885597621e-06,1.6280870884227528e-07,1.3123311133759093e-05,5.948651292116795e-06,0.022643703016000567,0
0.9082049477184105,0.0721192931314107,8.36950916590786e-06,2.0166749693348484e-07,1.1390942862129774e-05,5.762246564356117e-06,0.01965003478408952,0
0.9039061063793674,0.0759834519619954,8.586999277322625e-06,1.700000341610254e-07,1.229254498860699e-05,5.911984335405588e-06,0.02008348013000169,0
0.9052816149025286,0.07841653710320544,8.968590059257404e-06,1.5709098675153315e-07,1.2038610543775212e-05,5.739739034628109e-06,0.016274943963641392,0
0.916071424650354,0.06883424222314959,8.804424580345214e-06,1.5421551614774137e-07,1.181824990154514e-05,5.634676031276975e-06,0.015067921560467103,0
0.9301091870433923,0.05704357904549278,9.018267073667825e-06,1.4156037268509918e-07,7.519513972784387e-06,5.172286543354065e-06,0.012825382283152565,0
0.6430896201777158,0.3469096819655785,1.513570354803929e-05,1.862790166069234e-07,3.96671246629261e-06,7.918880562728432e-06,0.009973490281112102,0
0.5801344281670721,0.403148563659836,1.5808921161292354e-05,3.684055976936597e-07,1.2748033277760654e-05,7.900427049405254e-06,0.016680182386005934,0
0.8716159086177805,0.018328607080141873,2.2904910407218125e-05,2.1577249714465328e-07,2.0829272107920943e-05,1.169759613197364e-05,0.10999983675093339,6
0.2556617658277737,0.00212442961777578,4.954447390633963e-06,5.675489075245743e-08,5.6081691503205165e-06,3.1084799925289672e-06,0.7422000767030262,6
0.19710955241407294,0.002692016988668191,2.0366543719379163e-06,4.034599572078004e-08,3.102864698330114e-06,1.6747841222614222e-06,0.8001915759480707,6
0.6498961676852015,0.12304027179873485,1.0696758554558055e-05,1.4816222234275208e-07,1.2353563986423778e-05,6.729974586590228e-06,0.2270336320567138,6
0.665492703297655,0.287174651938165,2.012092247804869e-05,2.549587630349646e-07,1.9328563302371957e-05,1.3956407494623898e-05,0.047278983912141886,1
0.6350470304455841,0.3181050288141549,1.7237977826401685e-05,2.1384428749783792e-07,1.6193934620417926e-05,1.1292866042840736e-05,0.046803002117483755,1
0.5792933253377102,0.4167661432682936,1.9233067146410607e-05,2.273837190560461e-07,1.4706454131369607e-05,1.2599879931665656e-05,0.0038937646090677677,1
0.779649295249734,0.2203224961323745,1.1003715047454815e-05,1.3384785976689771e-07,6.766348503570281e-06,7.582151972698839e-06,2.7225545081881355e-06,0
0.8031884699842845,0.1967871553295427,9.906748485364383e-06,7.23305610014304e-08,5.2153053449532845e-06,6.729160268235835e-06,2.451141513025039e-06,0
0.5801969127315103,0.419758053793606,1.589296197631304e-05,2.0285114249466423e-07,1.352281642089154e-05,9.880608059622512e-06,5.534237284415436e-06,0
0.5715459812931935,0.42840221959462177,1.8004498522589843e-05,2.5901812966222496e-07,1.589618299584878e-05,1.2505643100959177e-05,5.133769435658088e-06,0
0.664242471672479,0.3357051309907718,1.6580442055531324e-05,2.3853122511622505e-07,1.6339148898285056e-05,1.0253382684184209e-05,8.985831886193242e-06,0
0.7271562341846906,0.272793480753596,1.6139985131304676e-05,2.0393918098049845e-07,1.5213009642953377e-05,9.981003130920856e-06,8.747124627306253e-06,0
0.7498200740805898,0.25013423524415035,1.3909767776890374e-05,1.818712511893549e-07,1.2323659099825879e-05,8.90097488289428e-06,1.0374402248854364e-05,0
0.8200514375423738,0.179876792112913,1.2708551019108453e-05,1.8556260186649722e-07,4.093406631413468e-05,9.020172042978852e-06,8.921992735045527e-06,0
0.9036745951689725,0.09606096282454707,8.130909736266657e-06,1.1544592560865251e-07,0.00024836346372232674,5.427168219537135e-06,2.405018876847509e-06,0
0.8928463084122368,0.10665606563134931,8.406914347459048e-06,1.386747778830005e-07,0.0004779698358317706,5.4900464883359485e-06,5.620484968371787e-06,0
0.9192981435928825,0.08034278922758296,7.646867156084409e-06,9.322734642154965e-08,0.0003388101893576165,5.433917368856564e-06,7.082978305509478e-06,0
0.018133369955241854,0.8936013219466379,0.0011914505194222413,1.0171708988466496e-07,0.08376834676814719,0.0032921748840607735,1.3234209400120803e-05,1
0.03344498550918178,0.911877950246914,0.0011357765602399794,1.9403392788784676e-07,0.04731442752464913,0.0062137238236532584,1.294230143411195e-05,1
0.12003517410820524,0.8489232609807807,0.0008077025156523793,2.246286373162612e-07,0.01707265345064826,0.013137074773087776,2.3909542988308604e-05,1
0.1642428247379513,0.7999246286216983,0.0008273017396459071,2.5540676157294784e-07,0.01787423835687103,0.017107242290971086,2.3508846100887896e-05,1
0.07010974963225448,0.9169660399809095,0.0003035335509406286,1.4019395625373292e-07,0.011685907344346113,0.0009099490761188768,2.4680221474071996e-05,1
0.06587379440537462,0.9338478697966246,1.20294925631317e-05,8.178302635407733e-08,5.868415095558549e-05,5.975428753067714e-06,0.00020156494270266574,1
0.127888187661492,0.8718718573435504,1.846303609495776e-05,1.3265166850730246e-07,7.619005740485149e-05,1.0643597972978159e-05,0.00013452565181631238,1
0.2363486088567408,0.7635726285702618,3.310370607584234e-05,2.2847627005722686e-07,1.728322788825736e-05,1.8461204175397707e-05,9.685958588127098e-06,1
0.13687245181831303,0.8630605162569674,2.920809331448642e-05,1.7377110656555666e-07,1.4445283122954273e-05,1.2909987777140504e-05,1.0294789398327926e-05,1
0.17556008169279652,0.8243764105509404,2.6202097854288868e-05,1.6965607987267858e-07,1.4603937821034376e-05,1.248106323992732e-05,1.0051001268017e-05,1
0.2087861828004386,0.7911569600022144,2.384493588562699e-05,1.6976418347694015e-07,1.4613243342628712e-05,1.2489016081477503e-05,5.740237853813794e-06,1
0.28938078891714475,0.7105126939434645,3.863664141376458e-05,2.730882257424928e-07,3.864593023973321e-05,1.972754489285618e-05,9.233934618787461e-06,1
0.6050752586936288,0.3948575701347575,2.2577990370291206e-05,2.066244448776414e-07,1.9029541692160667e-05,2.0088135809345098e-05,5.268879296877983e-06,0
0.9626521004009494,0.03724789276125802,2.4618783403887894e-05,1.9100724791981063e-07,1.2909968356607202e-05,1.5387881366017167e-05,4.689919741806764e-05,0
0.9751615689156605,0.024752366943634006,2.15420749789751e-05,1.675888102589753e-07,1.1327142089776279e-05,1.4684009641501472e-05,3.834332518472564e-05,0
0.6602982926722958,0.3385802518104566,2.6097669930903694e-05,2.3781411828775794e-07,1.615979276965909e-05,2.4958300205958248e-05,0.0010540019402227407,0
0.6738100883395091,0.32504404908984985,2.6820885451960675e-05,2.4440439481158366e-07,1.6645399371544157e-05,2.6720918971393938e-05,0.0010754309624514775,0
0.7298580216319137,0.2690164447406372,2.891406194755811e-05,2.634783935263772e-07,1.6432118685110193e-05,3.011978676985877e-05,0.001049804181653098,0
0.7183227495620221,0.2770481195863364,2.932412334180145e-05,2.8066512505501964e-07,1.4759200303602777e-05,2.4777600775378505e-05,0.0045599892620957335,0
0.8175443162467457,0.18119012734706483,3.187239125129127e-05,2.435449424091863e-07,2.2406688465519622e-05,2.0258478618689374e-05,0.001190775302911527,0
0.3420688857332684,0.6571530744264358,3.688267883093607e-05,2.51331191931402e-07,2.113478915464505e-05,2.4916684175789783e-05,0.0006948543569425043,1
0.3439643538311963,0.6552345655545441,3.5901235160631074e-05,3.2317012414303107e-07,2.125190100044531e-05,2.2596430885630085e-05,0.0007210078770888817,1
0.3754965930702797,0.6236457919882394,3.9192408572801493e-05,2.758918166445662e-07,2.3200126213806294e-05,2.4667913167729512e-05,0.0007702786017099209,1
0.28346728795855775,0.7155137820002673,4.501128027576155e-05,3.1599776140332665e-07,2.6572690835851282e-05,2.8253847592502324e-05,0.0009187762247093872,1
0.08905201981324105,0.0010618924168387307,4.9732213872831e-06,3.62069538306612e-08,2.505379916573994e-06,3.067590039837945e-06,0.9098755053716227,6
0.07523079651499193,0.0009103397239391541,5.5509415464275655e-06,3.297022113694539e-08,3.2183576072082537e-06,3.3318370264128988e-06,0.9238467296546677,6
0.06161935326339827,0.0006771114708951503,4.857692154613649e-06,2.816227775027875e-08,2.10067259350761e-06,2.759294726475232e-06,0.9376937894439541,6
0.06637184537140384,0.0007293347863186952,5.304464387658386e-06,3.50624324939159e-08,2.2626903589241535e-06,2.9721097872756863e-06,0.9328882455153111,6
0.05147263408735992,0.0004891014367983976,3.7418900368730216e-06,2.3527390599310533e-08,1.9611304616162038e-06,2.391512181727421e-06,0.9480301464157709,6
0.06356379978722337,0.0005430854900438748,4.939314050620252e-06,2.7386936752856464e-08,2.241319970988159e-06,2.4268199031642775e-06,0.9358834798818713,6
0.10097611953030641,0.0008150070093445035,5.1165498399914e-06,3.83301031632266e-08,2.1579325099214653e-06,2.1489354026247298e-06,0.8981994117124934,6
0.06260787266658252,0.0006748182616278017,4.537206604742429e-06,3.360550074728739e-08,1.6563163917436627e-06,1.598776535993553e-06,0.9367094831667565,6
0.25644105615421636,0.002647006273132247,1.6051267979937817e-05,1.3734046633685842e-07,6.52267034271031e-06,6.296075042140976e-06,0.7408829302188203,6
0.2681507817525324,0.0025999249828970545,1.2721170997960231e-05,1.2778718047483828e-07,6.506634600166433e-06,5.7409685410474625e-06,0.7292241967032509,6
0.06421038751448045,0.000691292036706506,3.3748324990727857e-06,3.274025125922396e-08,1.7300440260557242e-06,1.5264616715927084e-06,0.935091656370365,6
0.023315462226742578,0.00021561512423663465,1.10899195263891e-06,1.2478938018490414e-08,5.868033071753384e-07,5.202163348470012e-07,0.9764666941584881,6
0.9486133512698129,0.0036403679024814045,3.386799685736446e-05,2.5953035023535567e-07,1.5699278060311616e-05,1.1784086843182083e-05,0.04768466993559464,0
0.9536879586710234,0.003313242622556085,3.404917371649942e-05,2.6091870792015964e-07,1.5783261352905878e-05,1.18201795273137e-05,0.0429368851731161,0
0.941151542442275,0.004186450834199074,3.646878283247328e-05,2.756608674862481e-07,1.6675030897499113e-05,1.2488031112508548e-05,0.05459609921781606,0
0.9615431291055666,0.002696750867596738,2.6184253856764198e-05,3.339493772019372e-07,1.3250569784170526e-05,1.4395828716268841e-05,0.035705955425102215,0
0.9446744287461342,0.002863128583852901,3.580261723922105e-05,4.484077114493057e-07,1.779209089144772e-05,1.9329877669377676e-05,0.052389069676501254,0
0.8773707503087431,0.00364626346553311,3.4737999210137736e-05,3.044936974275714e-07,1.5057777784902363e-05,1.828571708328019e-05,0.11891460023794799,0
0.061500600717403014,0.001286265284430458,1.0673496468711032e-05,7.707077460628223e-08,5.596996268855263e-06,4.204704977296675e-06,0.937192581729677,6
0.5359811447439484,0.05220370565884748,2.6692465829821255e-05,1.8065189166690506e-07,1.3694157666223498e-05,1.0088157361138232e-05,0.41176449416445543,6
0.6086360784672953,0.020305138591728993,3.0310763515843092e-05,2.051401620935196e-07,1.5076069961184162e-05,1.3093151109391542e-05,0.3710000978162272,6
0.6310477657601766,0.02056382696218672,3.328841253357123e-05,2.077536568996582e-07,1.5268139764280905e-05,1.3259958437957376e-05,0.34832638301324387,6
0.649377257151332,0.019585655036914233,3.425531187790899e-05,2.1378809529282181e-07,1.7527374402770394e-05,1.396086820249662e-05,0.3309711304691754,0
0.7340888983935807,0.0239216076824917,3.479496501835696e-05,2.416768767844236e-07,1.9813830597493648e-05,1.2719046691563245e-05,0.24192192440474342,0
0.7409936666860175,0.037392295551982736,3.5122243052013296e-05,2.439500658211846e-07,2.0000197547818972e-05,1.2838680799228014e-05,0.22154583269053493,0
0.7724951281128027,0.18045507061309776,7.589360997166127e-05,3.426589335139428e-07,2.3706894672395704e-05,1.7911775387205952e-05,0.04693194633513474,0
0.7513717133694265,0.21541958439897482,7.716271148669339e-05,3.31760474476408e-07,2.2952883627521705e-05,1.7342081352542634e-05,0.03309091279465725,0
0.3359516902049525,0.6541152802098469,4.841819818430434e-05,2.0817366437009733e-07,1.4363883544096813e-05,1.0881840667309082e-05,0.009859157489140452,1
0.15465367899213175,0.811761059828293,1.6470183562768924e-05,1.2401443977700854e-07,4.935670636642788e-06,6.8858054850649036e-06,0.03355684550545081,1
0.1512489642929207,0.817186496809248,1.4090726406789247e-05,1.2511848870733166e-07,4.463746362562337e-06,6.947106944748699e-06,0.03153891219962845,1
0.14440329007420458,0.8284996522154017,1.3860048230540375e-05,1.197504946899726e-07,3.815311885433527e-06,6.78474156130141e-06,0.027072477858221703,1
0.1597227726349193,0.8125858445773213,1.3661583146263339e-05,1.3267264650505104e-07,4.2270182381553795e-06,7.5168759938830255e-06,0.027665844637734607,1
0.15927167577314463,0.8102908999156156,1.3622999435359201e-05,1.3229794593171099e-07,4.7982310297880675e-06,7.495646465273849e-06,0.030411375136363442,1
0.16046508631301312,0.8163623479343842,1.2969519521928036e-05,1.3328924436761577e-07,4.8341838095643605e-06,7.551810773531187e-06,0.02314707694925317,1
0.18639557967041845,0.8095392422369231,1.803732092014432e-05,1.3154516467482659e-07,5.956810958179558e-06,6.923000304414437e-06,0.0040341294153108985,1
0.41448642030546173,0.5823401443553795,5.1628503852920745e-05,2.3310220815386346e-07,1.6296191976618038e-05,1.2367692983587979e-05,0.003092909848137378,1
0.16532684369111733,0.8314228732442839,5.3144673472090654e-05,1.8135091261885767e-07,1.5452763917781304e-05,8.775074121514183e-06,0.0031727292021748225,1
0.07153304655333194,0.9240236214711358,4.893522799400447e-05,1.564841384444821e-07,1.4024824755018124e-05,1.2477753149264831e-05,0.004367737685495381,1
0.04538397936364308,0.9514429492023624,3.281756817818324e-05,1.0494339339412614e-07,9.70147086516409e-06,8.436144618651898e-06,0.00312201130693909,1
0.042567725473380905,0.9544750077176222,3.2922151208756116e-05,1.0527782701395344e-07,9.1359419931603e-06,8.394657443426237e-06,0.0029067087805246922,1
0.05236502181021098,0.9422027305849863,3.85383317030517e-05,1.4759689180791492e-07,2.5557291098870682e-05,1.2454943897859721e-05,0.005355549441211227,1
0.06360509373033253,0.9328601023513201,1.610801332139475e-05,1.3175916595215834e-07,1.853503214587719e-05,1.031666092040541e-05,0.003489712452793848,1
0.05667519944788205,0.939893081907952,1.640597385209878e-05,1.1758198823431145e-07,1.913807140982826e-05,1.0652314592808559e-05,0.0033854047023229076,1
0.022910890768130777,0.9763158009411762,1.4024348075235942e-05,6.985649621358252e-08,1.0400648358100437e-05,5.5541633740428705e-06,0.000743259274389269,1
0.017336504870699977,0.9826013241070157,9.708683162323669e-06,9.141328143161764e-09,1.1610224935727117e-05,4.34539466808744e-06,3.6497578189905404e-05,1
0.01621070263199816,0.9837585216477559,9.078218295240603e-06,3.126935041255778e-08,9.239486441399294e-06,4.063212354993651e-06,8.363533803844903e-06,1
0.01756810493005976,0.9824101104411986,6.922069823780357e-06,3.2287222869831906e-08,3.9164108057483236e-06,4.035293262460521e-06,6.878567626474269e-06,1
0.023359081813153628,0.9766143984115786,6.881233188528775e-06,3.209674493805892e-08,3.893306005646444e-06,4.011487117291897e-06,1.1701652211209475e-05,1
0.039138888292457895,0.9608348452233498,1.0096815265842584e-05,5.983255250233426e-08,7.3658276432551385e-06,5.222733829848619e-06,3.521274900652482e-06,1
0.03855973473372654,0.9613976344431034,2.746476061855361e-05,1.2591668923410798e-08,5.89374172066179e-06,6.40281183382801e-06,2.85691732804359e-06,1
0.0602136145727977,0.9396834626405233,3.922972779996645e-05,6.692700000785423e-08,3.988262281119843e-05,9.294718509330564e-06,1.4448790558214357e-05,1
0.190475384087197,0.8034212186722441,0.00020526776431347189,2.1074422589672503e-07,0.005628275436999071,0.000265116411192214,4.526883828438525e-06,1
0.2602450246577216,0.7317244697631488,0.00027763049274942596,2.1523702050313604e-07,0.007489314088619816,0.00025872236959710473,4.62339114275149e-06,1
0.16929849507201933,0.8245871378953155,0.0013717074110710813,2.2703822456781723e-07,0.004477838080766074,0.00025971761611753315,4.876886485787309e-06,1
0.07086793510368722,0.9185133987457275,0.0016386128543286796,2.240568059529766e-07,0.008622664386889986,0.0003523520083310741,4.812844229559887e-06,1
0.04204035289266702,0.9538858552363028,0.002203655512093639,2.1472419783538747e-07,0.0014603711094797842,0.000394988350439375,1.4562174819662116e-05,1
0.10166182305983626,0.88854915924715,0.002353471883662147,2.0035678559824313e-07,0.00691270562133212,0.0005171309188679287,5.508912365880914e-06,1
0.07002095195589456,0.9180752891244781,0.003189719194031623,1.970437062924348e-07,0.007605651256663575,0.0011027736076712651,5.417817554679912e-06,1
0.061411171941967255,0.9232280682387581,0.003080204310443477,1.918613658528103e-07,0.008968869821565782,0.003306218499447764,5.275326451886422e-06,1
0.04465932912635832,0.9351151728191125,0.004509810323476011,1.943316938240697e-07,0.012361362142060302,0.003348788007915388,5.34324938381018e-06,1
0.01746614315676488,0.9615074875520183,0.006727924306481224,1.0521149847277305e-07,0.011328031111531715,0.0029660859344820523,4.222727223395497e-06,1
0.03863068914342915,0.9160160698749941,0.021215957017082808,2.237586714030441e-07,0.016839947668635273,0.00728240367643857,1.4708860748531042e-05,1
0.023360479993028937,0.8056590522186644,0.035955829396489565,2.515029328657631e-07,0.06995463707924299,0.06505958367651171,1.016613312970606e-05,1
0.01768492826092874,0.8736769986562375,0.05740415170349456,3.2128991980952904e-07,0.023582045577279505,0.027636308577758586,1.5245934381359492e-05,1
0.014903926192574394,0.8615794037062162,0.047437976499294286,3.205273476882361e-07,0.023437592908923624,0.05262557041703654,1.5209748607062002e-05,1
0.010163781446705393,0.15241018473438658,0.013667230336600278,6.252473674202328e-08,0.0016930260100651788,0.822060633444874,5.081502631892417e-06,5
0.04548469903105272,0.21559559381599136,0.10965148277410851,1.382186645872466e-07,0.02558714906866317,0.6036724237775989,8.513313920816536e-06,5
0.04079102068578701,0.260365300106978,0.26236355393984107,1.563146025093332e-07,0.0258379319760081,0.41063241412274637,9.622854036767994e-06,5
0.005687967225510695,0.06008472678046021,0.7444542074057903,1.6416429095474588e-22,0.001985636628499548,0.1877644326304065,2.3029329332903483e-05,2
0.010852674285314255,0.47475980975072657,0.4244601319456457,4.0765648327578174e-07,0.026071648660942182,0.06385147752417177,3.8501767162765315e-06,2
0.003204864095614166,0.03382389150050093,0.9317459018811899,7.707040190858966e-08,0.00436541186375119,0.026855551969517555,4.301619024554505e-06,2
0.0057825463380997266,0.0433389370180436,0.893070360478376,9.688437836521859e-08,0.005593451889417611,0.05220909567828577,5.511713398738441e-06,2
0.006631015051709602,0.05657615112900793,0.8956986490520427,1.214331666034993e-07,0.0065175959436533926,0.034570045037711626,6.422352708201809e-06,2
0.008016805382010285,0.4746688630361869,0.16498917453092551,6.060125334334038e-07,0.029702341798552332,0.3226140254753827,8.183764408957017e-06,5
0.0008700725955988609,0.09787782791852007,0.05255330030211525,1.2618354402989155e-07,0.8017829129773817,0.046914301641377984,1.458381462293985e-06,5
0.0022323162537788445,0.2821302566741666,0.5771594926565924,3.757462110300188e-07,0.02823274427463666,0.11024047166266099,4.342731953729023e-06,2
0.0023771255323937956,0.3588197742733368,0.19006235561481863,6.686226961275925e-07,0.0014421228315934461,0.4472949771310736,2.9759940877117654e-06,1
0.005749197222822421,0.4432129109257377,0.21101868007526173,5.926939456984246e-07,0.0011157736451987957,0.33889891667871186,3.928758321731527e-06,1
0.001846652495495372,0.360042379237281,0.43687907511009455,4.972403093643159e-07,0.0029561293027175104,0.19826875315210718,6.5134619950957874e-06,1
0.0018852499268326543,0.35200240449307385,0.4162449019028064,5.229479375210183e-07,0.013630892143985393,0.21623176144106893,4.267144295431495e-06,1
0.0022244614413831584,0.3701637005306154,0.4220718146072111,5.976470087197089e-07,0.020072598885862634,0.1854619502150402,4.876672878813111e-06,1
0.0006798639666092452,0.0424751491811214,0.9440540096602356,1.0299466690334476e-08,0.0005938556981798245,0.012193222565434628,3.888628952946694e-06,2
0.0007022243363797311,0.0386526050315632,0.9463380586172783,5.7142680826571584e-08,0.0005784336022878319,0.013723872052170238,4.749217639769518e-06,2
0.9111578019528421,0.06609764552812046,1.0321495691437724e-05,1.5600225156251742e-07,1.3614816264241875e-05,7.182003879423649e-06,0.022713278200950673,0
0.9162834397109247,0.05896317302242294,9.743785598300672e-06,1.6810049841227162e-07,1.3393977593607013e-05,6.940721121216486e-06,0.024723140681840554,0
0.9140664601040336,0.06394705051059986,9.59855716088729e-06,1.621581083234142e-07,1.307086901875485e-05,5.924879863397192e-06,0.021957732921215084,0
0.9148422060704853,0.07286373978365546,9.705029628409572e-06,1.699902293121377e-07,1.2914374339643864e-05,6.211047335462343e-06,0.012265053704326349,0
0.9116456101406445,0.0811342876041759,9.926680963866849e-06,1.5994226497716711e-07,1.3141064821328233e-05,6.603874867638032e-06,0.007190270692261695,0
0.8782033031765009,0.11898222745137858,1.3772548257826531e-05,1.6950231203303844e-07,1.2305233876947771e-05,7.2056884803528104e-06,0.0027810163991933696,0
0.6587053390386087,0.33090854187407304,1.5800619137121845e-05,1.9446230466273084e-07,3.3442674008257248e-06,8.079786056453211e-06,0.010358699952419306,0
0.8410391385474608,0.050645339743668805,1.541424073710251e-05,1.7403736456381301e-50,1.4532171618579773e-05,7.94651370533689e-06,0.10827762878280912,0
0.4642259971802938,0.02110753993968018,1.162408408035774e-05,1.2855467955348616e-07,1.0584549388352694e-05,5.4392941758310565e-06,0.514638686397702,6
0.5369626945858508,0.4308467326876853,1.5440493227475875e-05,1.95651519368548e-07,1.500507193223105e-05,1.0709937162957162e-05,0.03214922157262194,1
0.5218996081849526,0.45176684537156475,1.459625014726502e-05,1.8495384029015506e-07,1.4184636473322914e-05,1.0193332819955778e-05,0.02629438727020167,1
0.5353712308286244,0.43518034188578236,1.5223492733634364e-05,1.92901835423979e-07,1.4623993671575797e-05,1.0631369464792985e-05,0.02940775552788789,1
0.7020217373698088,0.2643849692159798,1.846361125681286e-05,2.2904878017669406e-07,1.7345335778985272e-05,1.2095797470566672e-05,0.03354515962092505,1
0.5321953318480664,0.46771043749650626,1.5546603295117378e-05,1.1032271342750837e-07,1.1721101359205665e-05,1.0184820412290503e-05,5.6667807647205534e-05,1
0.6220871533058423,0.37785835550049185,1.776921711541711e-05,2.556333005899953e-07,1.978907599168313e-05,1.1610585527998654e-05,5.066681730026825e-06,0
0.6584154873109265,0.34153215413067817,1.6805514902469196e-05,2.1234858132041396e-07,1.5840315724342528e-05,1.039256823929448e-05,9.107810947906853e-06,0
0.7284259911715296,0.27151760227039795,1.2939171562433552e-05,1.7612482847961052e-07,2.626164115294073e-05,8.561403202727238e-06,8.468217325852951e-06,0
0.8794550115408148,0.12030151042984862,8.363203984716267e-06,1.1896246160629061e-07,0.00022425082235985418,6.308143252617031e-06,4.436897277820276e-06,0
0.8973530303803726,0.10226100255888254,9.57972611947549e-06,1.0459089891624331e-07,0.00036414182067317136,6.797399229709191e-06,5.343523823554605e-06,0
0.06411390991596903,0.8281730130222003,2.1386319576868246e-05,1.5103805001228328e-07,0.1076715623242608,1.3611005710360672e-05,6.366374232995171e-06,4
0.04069316992178195,0.8633010724064268,0.0008125315370217767,1.9168257927434623e-07,0.093116143318866,0.0020641056697320768,1.2785463592071279e-05,1
0.07626177496681695,0.887661105522921,0.0008821053974143489,2.0864169653831927e-07,0.027238109971555544,0.00793280730682248,2.3888192773187267e-05,1
0.055041121296117795,0.9130336180911253,0.0007804379933619667,2.056654215178069e-07,0.022992106098408075,0.008135846612601944,1.666424296357826e-05,1
0.07629686401668023,0.876088259148194,0.0009985076115557436,2.357338252361685e-07,0.03661812991539152,0.00998896221231552,9.041362038118067e-06,1
0.055111252794577785,0.8948490549715299,0.0009490311229525831,2.1183699719514367e-07,0.044775778744628056,0.004294893464019733,1.977706529496531e-05,1
0.035674066012703516,0.9347657751618131,0.000906773876457928,1.795314704908232e-07,0.024415201100970545,0.004219965656767986,1.803865981648563e-05,1
0.02773944433485265,0.950813497456342,0.0007281835389039091,1.7521637314826113e-07,0.016782620061805125,0.003918474296967998,1.7605094755024853e-05,1
0.041946497736475054,0.9371717780105759,0.0007142155843936895,1.9164098743990195e-07,0.01629149166736275,0.0038565800589894475,1.924530121566177e-05,1
0.06283058914115837,0.9337217018101354,1.38232216438485e-05,5.612284904232011e-08,0.00337843316179946,8.100826922450985e-06,4.7295715491264286e-05,1
0.061635637291350985,0.9345628735332968,1.2816356849502126e-05,9.390545680603983e-08,0.003323429151805513,9.622445323318997e-06,0.00045552731591697813,1
0.24578449860519444,0.7541413315046042,2.868739720711269e-05,2.1439263330806506e-07,1.557756772727782e-05,1.7110824711468354e-05,1.2579707922464184e-05,1
0.2906342624654986,0.7092877948666311,2.9716510396746427e-05,2.2208361639393856e-07,1.739611751693743e-05,1.686280426610257e-05,1.3745152074026013e-05,1
0.2718672752380713,0.7280350521212356,3.382606007322225e-05,2.551687566147026e-07,3.653032310139943e-05,1.8433065313176428e-05,8.628023448946614e-06,1
0.931749825512546,0.06817194052215017,3.2422777706925866e-05,2.515553038554163e-07,1.8968060675099533e-05,1.8831372022676272e-05,7.760199595243149e-06,0
0.6735606182494579,0.326375205184641,2.284809537953295e-05,1.9426381567099561e-07,1.6140379892539526e-05,1.9523142138482854e-05,5.470684674861636e-06,0
0.6382447709214303,0.36169967124404284,1.9231221451481806e-05,1.623228203050521e-07,1.4243313164596955e-05,1.7455131599662497e-05,4.465845491242884e-06,1
0.6635311057425552,0.33641012086524924,1.9231118889288066e-05,2.2305805297945944e-07,1.432052375703552e-05,1.876740009044534e-05,6.23129140567403e-06,1
0.8095778529889534,0.19010147994114757,1.9203590006711424e-05,1.7555722327560234e-07,1.0736153440298714e-05,1.812826217777848e-05,0.00027242350705107364,0
0.6889189034879021,0.30735697237774884,3.502912980594164e-05,3.7890787077424084e-07,1.7123968703939707e-05,2.7442093226512548e-05,0.003644150034742167,0
0.7261312444178011,0.2717457631984042,3.7773052547240816e-05,2.5441578175900216e-07,1.7457878635814607e-05,2.5791535658154854e-05,0.0020417155011717854,0
0.7382816702073951,0.2596492939057211,3.768165660160221e-05,2.5094562394437727e-07,1.7219758211224622e-05,2.9161660645646107e-05,0.001984721865801265,1
0.4311150246032215,0.5677585379089649,4.097407684836705e-05,3.3856901907607603e-07,1.788539578740058e-05,2.6483367947347524e-05,0.0010407560782114385,1
0.13322976156735003,0.001538373428691805,1.0924763806791904e-05,5.2005295088748366e-08,3.828614879630207e-06,5.255444512383212e-06,0.8652118041754644,6
0.06125080398943206,0.0005602043972293423,5.1457119213953984e-06,2.762094385221752e-08,2.5599095821480254e-06,2.8430864884422033e-06,0.9381784152844027,6
0.04704741404723426,0.00044705226798956807,3.484807653238394e-06,2.1504687036185548e-08,1.7925275918793293e-06,2.213526282008242e-06,0.952498021318562,6
0.06265421467590543,0.0005170871565386399,4.092205381885745e-06,2.9727416603182815e-08,2.1048195636431043e-06,2.4252348418422207e-06,0.936820046180352,6
0.06497643272931558,0.0005203534539896977,4.390191922753143e-06,2.6240596360611674e-08,2.4552272646059907e-06,2.3888021007879265e-06,0.9344939533548103,6
0.06068644989819888,0.0004821497653292861,4.565247319744569e-06,3.1370384655180976e-08,2.377622049955622e-06,2.029445081739883e-06,0.9388223966516357,6
0.07356118654005987,0.0006752922931703244,3.332957336024171e-06,3.241341932155775e-08,1.6086215877334941e-06,1.5112236570170173e-06,0.9257570359507697,6
0.022596289563012958,0.00018485154190435343,1.0331583463454154e-06,9.55158069541852e-09,6.512794476765578e-07,5.091743950710288e-07,0.977216655731313,6
0.7429357583518164,0.006309034642604219,3.6021061206532606e-05,2.9268175511968037e-07,1.962342007147364e-05,1.731424065141261e-05,0.2506819556018948,0
0.7376703769375835,0.0065408867457338446,3.5704931647296225e-05,2.901131091347105e-07,1.9451200183160627e-05,1.7162286681087858e-05,0.2557161277850619,0
0.8536330633835322,0.005250423523450438,3.578882215075714e-05,2.8228841221978105e-07,1.891666154158109e-05,1.703125851343293e-05,0.14104449406239933,0
0.8654339461521835,0.004029272273076152,3.592809679156166e-05,2.8338695681701804e-07,1.8990277019350282e-05,1.709753681680697e-05,0.13046448227715587,0
0.9586733138362367,0.002523966882334977,2.8721625682762645e-05,2.533181402258757e-07,1.4492906228783836e-05,9.993449944750643e-06,0.03874925798143217,0
0.9442744675389223,0.003541764846537271,2.3255879554930896e-05,2.5834327858724826e-07,1.1768662823870036e-05,1.1703028635040914e-05,0.05213678170024813,0
0.9508526863867611,0.003943407202444743,2.5893137153293203e-05,2.876398602465557e-07,1.3103249863741186e-05,1.3030172642590149e-05,0.04515159221127452,0
0.9738668666084677,0.003997459876772571,3.515221683178418e-05,3.0812449534404925e-07,1.9099397632781758e-05,1.7686415492174798e-05,0.022063427360307614,0
0.06034653969450356,0.0018287915290090473,1.0473207916909803e-05,7.562453870061227e-08,5.491968429064232e-06,4.125803534538632e-06,0.9378045021720682,6
0.08470930824333649,0.0025282636624761176,1.4478977284102062e-05,1.0460405188852429e-07,7.592524349778124e-06,5.908265050710459e-06,0.9127343437234509,6
0.12421247720720988,0.0010672978505772534,1.4154901595266702e-05,6.345659021452604e-08,6.406265059792599e-06,4.22332405041463e-06,0.8746953769949173,6
0.04797700530368298,0.00037124772369053025,5.337763639802617e-06,2.1905351090513325e-08,2.1927199822135044e-06,1.592665757458514e-06,0.951642601917896,6
0.04753332403111441,0.00033446266157851067,4.808871596835924e-06,2.0115119156816434e-08,1.975454432574129e-06,1.601299801043701e-06,0.9521238075663575,6
0.043168893858094096,0.0002769590321558453,3.236168542095859e-06,1.7940308236461588e-08,1.7618718115052473e-06,1.4281701135224688e-06,0.9565477029589746,6
0.035475484984105556,0.0003119925853617324,2.722670656352809e-06,1.5093636244824367e-08,1.4258233694828727e-06,9.95214858227695e-07,0.9642073636280124,6
0.6283313774823289,0.0247839161488247,2.9105943957548822e-05,2.068593670710548e-07,1.520241701216836e-05,1.3202880039744169e-05,0.34682698826846975,6
0.6483584934497656,0.02112792817308226,3.003365206806083e-05,2.1345269772705736e-07,1.7499876900157447e-05,1.3938965948282408e-05,0.330451892429538,0
0.8639874518561717,0.0894757998646317,8.621352620847492e-05,3.975033785959224e-07,2.7864232921245618e-05,2.0778653455932556e-05,0.046401494363232355,0
0.794949255680353,0.16695437416059858,7.93421317678569e-05,3.582289769118675e-07,2.4784109776913693e-05,1.872566667336832e-05,0.03797316002185351,0
0.7392570600026014,0.22059517233949255,7.499248847580707e-05,3.331323331486855e-07,2.2825689985561107e-05,1.7413792380616082e-05,0.04003220255473117,0
0.6852849885339293,0.28290080547940627,9.088272956951786e-05,3.08810831108295e-07,2.115921990650887e-05,1.6142436991864134e-05,0.03168571278936559,0
0.6627675760282679,0.31063919098830134,7.885612596228579e-05,2.9056602041553303e-07,2.0381725492576198e-05,1.5188727868452184e-05,0.026478515838087146,0
0.1593221226436402,0.7986257007158821,1.5291980555970618e-05,1.3212235671242884e-07,4.791862694780881e-06,7.485698051475106e-06,0.04202447497681879,1
0.1574862859561128,0.7907228031414484,1.3470289517847172e-05,1.308149238919534e-07,5.321949412512017e-06,7.411622417644493e-06,0.05176457622616734,1
0.16004277986885312,0.8173651794804714,1.2935386790642903e-05,1.3293845836097102e-07,4.688170860303622e-06,6.345726122665957e-06,0.022567938428443395,1
0.2582132456672551,0.7364840946046023,2.3728699339571733e-05,1.45208089922541e-07,6.367059990387021e-06,7.642057032063353e-06,0.005264776703690603,1
0.255170244028125,0.7418237717987872,3.402288384166695e-05,1.706845573720678e-07,1.0350833080554591e-05,9.056002597898834e-06,0.0029523837690104042,1
0.08749700952946915,0.9103440790553563,3.7013264142606035e-05,1.2630408266200958e-07,1.0762268262360086e-05,6.11150873852145e-06,0.0021048980699485036,1
0.03231961326323023,0.9654762470218567,2.427459394748433e-05,7.762483339052036e-08,6.957092877025172e-06,6.189659341373824e-06,0.002166640743913886,1
0.028597546541020535,0.9681603376196685,2.458124341448798e-05,7.860543120554239e-08,7.2666632554966955e-06,6.267850381029222e-06,0.003203921476828868,1
0.02535632103028778,0.9723131949225763,2.2176107004971154e-05,7.091433188276397e-08,6.232693925866613e-06,5.654576475123706e-06,0.0022963497553981837,1
0.014870901223619431,0.983303898987169,2.2543927421635342e-05,7.20905409935305e-08,6.336071496882062e-06,5.748365194427471e-06,0.0017904993345578594,1
0.040745156698732195,0.9558684874666633,2.861285914887462e-05,1.0961111185920009e-07,1.8349379901007025e-05,1.0278130967052035e-05,0.0033290058534757158,1
0.042561558224009685,0.9515604818704568,2.0718587300454766e-05,1.0518960052040711e-07,1.7609199549617655e-05,9.863530003321316e-06,0.0058296633990796145,1
0.06031860652281718,0.9366039615438331,1.7739069047591162e-05,1.2386724182591785e-07,1.8426834439723267e-05,9.562316989377424e-06,0.003031579845631164,1
0.04971694973064238,0.9486561722472306,1.748522790881661e-05,9.455635923701953e-08,1.539033641551733e-05,8.796835549140888e-06,0.0015851110658945192,1
0.02181703317419033,0.9774267027976948,1.2105617001232504e-05,2.4842274786652305e-09,9.589200332775744e-06,5.30264660459172e-06,0.0007292640799486611,1
0.021316434046329467,0.9786070302143448,1.15127219736415e-05,9.607426097508689e-09,1.3767602619393206e-05,5.152843062545815e-06,4.609296424378397e-05,1
0.015891320507591417,0.9840785845379069,8.899359876158944e-06,7.426561895708444e-09,9.006252784774773e-06,3.983159230628022e-06,8.198756048404062e-06,1
0.023358995086884146,0.9766107724932239,6.881207640277835e-06,3.209662577109109e-08,3.893291550801492e-06,4.011472223670841e-06,1.5414351851305424e-05,1
0.03975643553250133,0.9602126544865696,9.917338489539878e-06,5.876899400806232e-08,8.07101536968643e-06,5.129896691940451e-06,7.732961383940155e-06,1
0.03217168300682328,0.9560446539779142,2.389709137418729e-05,0.011744163214769465,6.3478255327747746e-06,5.571087313295263e-06,3.6837962729153023e-06,1
0.03514368365370762,0.9648084381309772,2.9474453265123568e-05,5.737353489733434e-08,6.120136707735543e-06,7.300469416930665e-06,4.925782390232555e-06,1
0.06764930592934768,0.9319675731902431,4.489586987975223e-05,6.456338586173772e-08,0.00031558278906874173,8.639145367932252e-06,1.3938512706918754e-05,1
0.05560440639634096,0.94378541062984,4.9789879525806034e-05,1.9728753681682032e-08,0.0005405198576295574,9.731331927342226e-06,1.0122175982802284e-05,1
0.08932258762540914,0.9094221084029256,5.41714941071435e-05,2.0222258611532566e-07,0.0011855258057573573,1.0792174753851248e-05,4.612274460799011e-06,1
0.3124884384217038,0.6829483411811478,0.00025226935528090366,2.8115727238221e-07,0.0042310262088859196,7.223366235305552e-05,7.410013355879843e-06,1
0.3157241530913258,0.6798639352980049,0.00012743783049027726,2.597138938574937e-07,0.004211579061699573,6.573849610308036e-05,6.896508482501136e-06,1
0.19148545525112873,0.8015489669015056,0.00022915313783939127,2.130583056533229e-07,0.0065109206457963035,0.0002196334012416819,5.657604182746209e-06,1
0.1935142541230217,0.8004144621271506,0.00020805346307426668,2.0995552805575582e-07,0.005607211947991707,0.00025129844100108554,4.509942232593534e-06,1
0.2753398587362544,0.7204811816556158,0.00021681614208345272,2.8595405454556966e-07,0.003637929743496981,0.00031861607882523586,5.311689669652546e-06,1
0.2813463189323138,0.7146144851546318,0.0002181955794484925,2.7798862978542895e-07,0.0035382197606110295,0.0002773364798284172,5.166104536513765e-06,1
0.1562189538482252,0.836693639587159,0.0019750593432353,2.2268347707274464e-07,0.0048526051377397435,0.0002547360556760392,4.7833444875261656e-06,1
0.10011781633021763,0.8911672924559483,0.0022092607686311633,2.3252844285244455e-07,0.0062109049126205865,0.000289151019113512,5.341985025936761e-06,1
0.2663274467299546,0.7306591277757237,0.0002103270926564556,2.3415406995820822e-07,0.002523457910924732,0.0002742559503841039,5.1503862865367015e-06,1
0.11468677335944102,0.8746763460143576,0.0024983969558208,1.8998030738443322e-07,0.007569288105678985,0.0005637819786077202,5.223605786542118e-06,1
0.03686377621663173,0.9267146754403822,0.0033700532747396664,1.7493544595408928e-07,0.029790804882244695,0.003255705310934471,4.8099396213103604e-06,1
0.03600019927340629,0.9115252344403469,0.006931805853328994,1.6968145590917608e-07,0.04106233632375802,0.004475588949228007,4.665478475948028e-06,1
0.04762187962221271,0.8149339876748395,0.028806573453886975,2.0522273780489638e-07,0.10514922469453168,0.00348315656127096,4.972770520479324e-06,1
0.032820021935987,0.8203937274825999,0.0515158021136737,1.750625181070615e-07,0.09118131049967113,0.004081242374315567,7.720531234766765e-06,1
0.023827221980162745,0.953572288988614,0.010718110438434474,1.3754107647589298e-07,0.008813201971275038,0.0030642709705131763,4.768109924146309e-06,1
0.037187508241464606,0.9250815693794378,0.014429186210805984,1.8516377634892547e-07,0.017005456447973626,0.006286104242921935,9.990313619700321e-06,1
0.05403752050712861,0.8493320564999843,0.033979892820259,2.1648292684856885e-07,0.05008469664508496,0.012558254143945022,7.362900671315166e-06,1
0.045056018922457176,0.8317248886279166,0.03396604361539628,2.4586077900320446e-07,0.05599174336001491,0.03325143984247331,9.619770962990899e-06,1
0.03077169352170671,0.8036838048232363,0.05720574799936377,2.3973917840147015e-07,0.07003256137631807,0.03829657228850951,9.380251687267692e-06,1
0.024442954936931705,0.8943914233721791,0.03386302132644734,3.2019860122159745e-07,0.027237266727790164,0.02005199218042741,1.3021257623045797e-05,1
0.02500334809397211,0.8417244386783946,0.05041953243987416,3.1364402925333305e-07,0.02719955884272291,0.0556379251814494,1.4883119557365244e-05,1
0.02650632585636117,0.843470312852901,0.05902125612086305,3.1429457827567256e-07,0.02748306342576593,0.04350381345994866,1.491398958189737e-05,1
0.008086393610197076,0.11146971178830242,0.007539114829642429,5.0204368857182085e-08,0.001863307161037019,0.8710400312008801,1.3912055719337584e-06,5
0.011938742082442335,0.06743545550108666,0.3909062579010279,1.834570151643735e-22,0.001786750347041147,0.5278840986074571,4.8695560944736265e-05,2
0.008268182917160867,0.4784273188548927,0.16588487935366752,5.558574233628725e-07,0.014673470157869758,0.3327371574087005,8.43545028514365e-06,4
0.0009233974739721014,0.07189752921122175,0.03543179783270788,9.448104860627797e-08,0.844304835938291,0.047441253086694085,1.0919760645877238e-06,4
0.002985329217208388,0.31403155432624075,0.611502171998213,4.3505416131860046e-07,0.03392894849093906,0.037546532722526414,5.028190710910794e-06,4
0.002322630494318218,0.3761401849802234,0.20039121050610886,6.477065852954695e-07,0.001053872827025487,0.4200867244822061,4.729003532823518e-06,1
0.0017458378161565294,0.3150355362553549,0.48382960958223037,4.3019559176790606e-07,0.0073067174205263905,0.19207791213739672,3.9565927433591115e-06,1
0.0030929735213830107,0.34529263583187575,0.4608130214087791,6.610055192143542e-07,0.004688451325630678,0.1861068632419211,5.393664891260614e-06,1
0.003158887472271757,0.3257888310517009,0.6079248018923996,6.669627102594617e-07,0.002962931166120997,0.06015843918048917,5.442274307152813e-06,1
0.0010071972708900583,0.11933733222736875,0.8672344886190574,9.274014635095932e-08,0.0017931254139141384,0.010625783836740602,1.979891882663944e-06,2
0.0011612042633730253,0.02902932745988723,0.9570039411165054,3.87659057774104e-09,0.00046866824742353256,0.012333627680280426,3.227355939887844e-06,2
0.0007416852648684348,0.04633749370163767,0.9423697642332177,1.1236016402403159e-08,0.0006413328510999163,0.009901550750871822,8.161962287842451e-06,2
0.8614593112298761,0.1144795676162696,1.1247127054277051e-05,1.5652587703570663e-07,1.3660514736778925e-05,7.244504408824839e-06,0.024028812481777226,0
0.9211846453484946,0.06506987132818394,8.417752583483026e-06,2.0282994613726025e-07,1.1911633170730353e-05,5.795461232225489e-06,0.013719155646388927,0
0.932571102870615,0.05763217652936405,8.521801628055723e-06,1.605766485525306e-07,1.1205988476585007e-05,5.867097004136197e-06,0.009770965136263634,0
0.9327609136232748,0.060156747539431135,9.383433295866372e-06,1.768124084942142e-07,1.2482619963565794e-05,6.460313884500744e-06,0.007053835657741458,0
0.9282961888970136,0.06494021286697137,8.400623385989514e-06,1.6631028098064556e-07,1.2130748009504069e-05,5.783668108226149e-06,0.0067371168862304315,0
0.9211302529574811,0.07050518935077955,9.075360495870733e-06,1.627686557877087e-07,1.1712923526596376e-05,5.947187846724377e-06,0.008337659451214107,0
0.910964549973356,0.0824279416069878,1.036673983357023e-05,1.6067532209393823e-07,1.42001369218143e-05,7.1360980719604986e-06,0.006575644769506871,0
0.8702014425119209,0.12713377909553683,1.3792290572637641e-05,1.6974528580540955e-07,9.952008776623883e-06,7.052809518934317e-06,0.0026338115383883077,0
0.6145104296955505,0.3759023690245567,1.352110810423765e-05,1.4260496255622694e-88,2.8655778550586134e-06,7.366488465733289e-06,0.009563448105467625,0
0.5527416294107537,0.43424050621144084,1.6133054675413468e-05,8.368372154834816e-220,4.183884828600409e-07,8.31708432959256e-06,0.012992995850317577,0
0.19145965806480292,0.0014319958797412086,4.441548604976434e-06,5.0577507696495595e-08,4.001162542795367e-06,2.0781245479497398e-06,0.8070977746422524,6
0.6046710564140585,0.3656764502814228,1.722035094839166e-05,2.182046763323001e-07,1.65422158829036e-05,1.2025881080579304e-05,0.029606486651930494,1
0.5851723876174256,0.3939763593938225,1.5039557268837527e-05,1.9057112923324522e-07,1.461544235168883e-05,1.0431837308235833e-05,0.020810975580693954,1
0.533163064722957,0.45528550333898227,1.3265859568749394e-05,1.8974084288356753e-07,1.4384357097847636e-05,1.038638754806526e-05,0.011513205593003131,1
0.7068169717468525,0.2593605243225244,1.886515764628202e-05,2.306133223073099e-07,1.777065775510045e-05,1.1344089191365971e-05,0.033774293412708115,1
0.730043241613258,0.26992176356369363,1.3507450216523047e-05,1.530376349690229e-07,9.42221056037443e-06,8.799237335087249e-06,3.112887301545088e-06,0
0.553485086406053,0.44646958690007565,1.6847586112515567e-05,2.0493200102635398e-07,1.3113585695994584e-05,1.0992136832529986e-05,4.16845322919613e-06,0
0.6757939756595094,0.32415333376885724,1.6929607221726822e-05,2.435544201903719e-07,1.9628157112443117e-05,1.1061975962505361e-05,4.827276916574497e-06,0
0.03382920019788109,0.6399981453859236,0.002154402950996408,6.209211211222167e-08,0.3232811878873032,0.0007289228038757807,8.078681908032126e-06,1
0.03312253194810307,0.8787904492551479,0.0009974311959009693,1.8404262435104962e-07,0.08353332159288583,0.003543806096127606,1.2275869210116156e-05,1
0.04575033586211862,0.905631305381585,0.0010668694745798238,2.1244448298893857e-07,0.03699134302865462,0.010542720285495341,1.7213523083621142e-05,1
0.09019544078922309,0.85417042382817,0.0006827436291555021,2.0037270464955812e-07,0.04285359715365681,0.012076690083266292,2.090414382382743e-05,1
0.09148648327755898,0.8426442552341659,0.000769918013473981,2.011802782535539e-07,0.054307636481717284,0.010787502868482004,4.002944323904921e-06,1
0.16736977515446397,0.7296625544070893,0.0011480748731248168,2.7873322815209087e-07,0.08879355953888629,0.013016215126277547,9.542166929800225e-06,1
0.04215227315467362,0.9367183922996744,0.0007974431836100742,2.1211116557144932e-07,0.01670005314394353,0.0036118234343814103,1.9802672551411923e-05,1
0.08348618263577869,0.8958004335100166,0.0006100359739611128,1.613120110992425e-07,0.018946654661639757,0.0011281488541842737,2.8383052408570782e-05,1
0.07004788334770895,0.9264532864055391,6.59749361294163e-05,5.5685969209990816e-08,0.0033267408847734077,7.912435864428037e-05,2.6934381235800226e-05,1
0.23274848159798817,0.7671740822791379,3.3087130235458435e-05,2.295538973573679e-07,1.8264556148704556e-05,1.805232640354518e-05,7.802556188994531e-06,0
0.2196000254788102,0.7803257544736392,3.1236423858711994e-05,2.1321235479671366e-07,1.6964334174294524e-05,1.6767212695442466e-05,9.038864467284786e-06,1
0.18965526401444568,0.8102858320067997,2.284466357010116e-05,1.6264273791238372e-07,1.4417869342303827e-05,1.1843295987750789e-05,9.63550711662047e-06,1
0.23370593561424477,0.7662114562979486,2.933703192518614e-05,2.0833426005926555e-07,3.1460522653958104e-05,1.3850112677098486e-05,7.752086290438095e-06,1
0.9420191907069074,0.05791207818477966,2.6210688420244446e-05,2.1956953798720214e-07,1.835974718475867e-05,1.8239168390891823e-05,5.70193477916837e-06,0
0.943674878674317,0.05623591841194274,2.9571352997758487e-05,2.2943224531863275e-07,3.3644541192484034e-05,1.8679859306225018e-05,7.077727998455182e-06,0
0.2617358414590458,0.7382096332318485,2.3478040872102633e-05,1.526894656445817e-07,1.3638899915215601e-05,1.219164129583324e-05,5.064037556789853e-06,1
0.3483619451316732,0.6515770976921876,2.5037160423510943e-05,1.94253267099559e-07,1.613950346606905e-05,1.454175476846474e-05,5.044504213998105e-06,0
0.8364002210818045,0.1635146342863986,1.88928135541014e-05,1.727161372567595e-07,9.797536741088982e-06,1.8179164832125284e-05,3.81024005322948e-05,0
0.8127819191044926,0.18664905126964484,1.95453131229364e-05,1.859289206137643e-07,1.0778643912737267e-05,1.7145278687652758e-05,0.0005213744612189309,0
0.6715261043300709,0.32729013989413214,3.157289629714003e-05,2.6707531632481827e-07,1.6656444716304263e-05,3.0530972470009326e-05,0.0011047283869973696,0
0.6962537997131406,0.2997771524213933,3.37109197651981e-05,3.646488765446257e-07,1.6479562530907038e-05,2.6409397209494355e-05,0.003892083337083938,0
0.7311355521119136,0.2659894329936945,3.225535162214097e-05,2.728482099512637e-07,1.5074818698361337e-05,2.5307457842280998e-05,0.0028021044180190774,0
0.7437461343931545,0.25340508026214204,3.298835904742781e-05,2.790487240927128e-07,1.5690148322612795e-05,2.5823703476835683e-05,0.0027740040851323626,0
0.393350669017364,0.6054447276873058,4.217096562053547e-05,3.047948696995958e-07,2.496329673480373e-05,2.681656035479671e-05,0.001110347677750385,1
0.3789947190325909,0.6191653516748168,5.4254968661909655e-05,4.1542485168330764e-07,4.448328564707917e-05,3.683961983984839e-05,0.0017039359935917052,1
0.1304793346942668,0.0012592636082453931,9.723050125842436e-06,4.717659396465561e-08,4.294133135785342e-06,4.857215530652935e-06,0.8682424801221016,6
0.14596893739380448,0.0014762620270425755,1.1340568113610549e-05,5.3984653732807234e-08,3.974334694195943e-06,5.665257594574417e-06,0.8525337664340968,6
0.12214530200931963,0.0014027116728509304,9.97536545359317e-06,4.767855470106651e-08,3.5100814956679367e-06,5.003482942679289e-06,0.8764334497093828,6
0.08241572853617553,0.00061397271612713,4.8351396111338866e-06,2.7252159936304194e-08,2.4797912682829794e-06,2.7539929182870207e-06,0.9169602025717397,6
0.04891751417772692,0.00042690050096476237,3.609402988880915e-06,2.1048379530666085e-08,1.950764200438958e-06,2.1664689532424253e-06,0.9506478376367863,6
0.07370907952479878,0.0006732969546485553,6.18451440815077e-06,3.3811977032336536e-08,3.0766972454346924e-06,3.4169014682865687e-06,0.9256049115954538,6
0.06125082303498189,0.000560204571421354,4.834769850761719e-06,2.7620952440775194e-08,2.5599103781357082e-06,2.8430873724819527e-06,0.938178707005043,6
0.06337415569049573,0.0005052610088689027,4.019543769551319e-06,2.5262329905025522e-08,2.0674461747500785e-06,2.3821721268871227e-06,0.9361120888762343,6
0.08177796489660509,0.0008657410627011282,5.258553552353577e-06,3.939390926589765e-08,2.820675721090632e-06,2.0306814047836624e-06,0.9173461447361062,6
0.07409318334051843,0.0006664208902439217,4.463427092509905e-06,2.625135179734968e-08,2.0879241330883575e-06,1.5846485940480396e-06,0.9252322335180663,6
0.09669054154689521,0.0011401045336042026,5.6148372823521365e-06,3.322871186333676e-08,2.227883904350594e-06,2.0058331450032304e-06,0.9021594721364571,6
0.08619922373797413,0.0008143178227509796,3.7363848985901274e-06,2.8503742495864194e-08,1.91108910214351e-06,1.6862023286606398e-06,0.912979096259203,6
0.07745322826185069,0.0007789777914255908,3.59294070469354e-06,2.7409450425767747e-08,1.8377201524335996e-06,1.6214670456675675e-06,0.9217607144093705,6
0.027825234297282217,0.00023575471835055305,1.2985390838742436e-06,1.5351412303053445e-08,9.34605420402028e-07,6.399627461236255e-07,0.9719361225257046,6
0.03954229356833699,0.000366251807093339,1.830193405759943e-06,1.9404887145141092e-08,1.317256214040104e-06,8.977056746366964e-07,0.960087390064388,6
0.7703067049636575,0.006530342346526499,3.7284604490100795e-05,3.182916907948973e-07,2.0311768493242264e-05,1.792158790194859e-05,0.22308711643724,0
0.8847429466401281,0.006592962423075238,3.709311333482634e-05,2.9257615753512564e-07,1.9606062125282144e-05,1.7651947292714374e-05,0.10858944723788636,0
0.8893953491307208,0.004632474277818381,3.3595042377858356e-05,2.9280355460882e-07,1.9631586356177316e-05,1.3536779476076872e-05,0.10590512037969584,0
0.9494584349208733,0.002995196736231976,2.3735099614744075e-05,2.0982856472405035e-07,1.406099495699548e-05,9.695629507147997e-06,0.0474986667902512,0
0.957301446491119,0.002468976636928077,2.4347052046072675e-05,2.4779903979926706e-07,1.417714595642925e-05,9.77572035853078e-06,0.04018102915455241,0
0.9619352698197499,0.0029531959955920754,3.112741822314229e-05,2.7453667774285233e-07,1.4428901598249104e-05,1.0830525380357598e-05,0.035054872802778865,0
0.9442744423464122,0.0035417647520457336,2.3255878934482074e-05,2.5834327169485006e-07,1.1768662509891245e-05,1.172970754680756e-05,0.052136780309279256,0
0.9751176541824204,0.003016879573177976,3.453531218357567e-05,3.027170573348261e-07,1.8764212309078587e-05,1.7376027331465566e-05,0.021794487975520617,0
0.8945704721362233,0.0031165615708750836,3.4199344417639586e-05,2.9977215349486906e-07,1.48242886849935e-05,1.8002174871145537e-05,0.10224564071277437,0
0.8820760058558605,0.0035141670004508433,3.34028301946434e-05,2.927903593118875e-07,1.4479026020329427e-05,1.7582898169387008e-05,0.1143440695989449,0
0.68305795600704,0.004681316061965489,2.721414457585309e-05,2.3854383363022523e-07,1.8805628392322508e-05,1.2594662964977658e-05,0.3122018749512279,0
0.046112388809446944,0.002577459258827759,1.2332298259755432e-05,8.939544502005451e-08,6.828438151217515e-06,5.34754814258547e-06,0.9512855542517268,6
0.057478296831299444,0.0034415328618055564,9.975421233288801e-06,7.203013967609143e-08,5.2309377331643495e-06,3.929706018378963e-06,0.9390609622117705,6
0.04753333194271668,0.0003344627172475725,4.8088723972402765e-06,2.0115122504842804e-08,1.9754547613752403e-06,1.434856789454102e-06,0.9521239660409652,6
0.598058800126388,0.05265624762142789,2.770363942279342e-05,1.6675416545981605e-07,1.6142235332772043e-05,1.1943255034712018e-05,0.3492289963682284,6
0.5871630241548458,0.051696926100761556,2.7198918735323637e-05,2.042102207476932e-07,1.5848146892256447e-05,1.1725666009683517e-05,0.3610850728025347,6
0.22867346757308907,0.7662333240413921,2.564220626489005e-05,1.2959422852208564e-07,7.950454598419267e-06,9.038979689107735e-06,0.005050447150737877,1
0.22729094264749175,0.7672960733256764,2.314154413308959e-05,1.1695602662879555e-07,6.821630797944599e-06,8.091583290907386e-06,0.005374812312583107,1
0.311408186814406,0.680259535462252,2.276025366272469e-05,1.319145590459751e-07,7.261052738471445e-06,8.391371965875584e-06,0.008293733130416004,1
0.3670365829443781,0.55206103073234,2.031761947753634e-05,1.3573880489486495e-07,6.146713202622662e-06,9.352720710304078e-06,0.08086643353108663,1
0.34950862056513937,0.5568583848294933,1.8326344454661643e-05,1.375315176251451e-07,6.458984918436385e-06,9.827867353307863e-06,0.09359824387712316,1
0.1587681179253557,0.7858609148102987,1.557388564018004e-05,1.3055580249952166e-07,4.65772880203034e-06,7.2296412739882845e-06,0.055343375452826804,1
0.162235504863466,0.7843713810725806,1.5544366640505637e-05,1.3030834487844268e-07,4.648900466047452e-06,7.215938092692134e-06,0.053365574550409196,1
0.18688506052607468,0.7954244396164458,1.2479065528302013e-05,1.282487922447006e-07,5.0695261180021426e-06,6.1717285534425614e-06,0.01766665128848754,1
0.256175549909824,0.7409348650039842,3.744131992031378e-05,1.7449508386062757e-07,1.0499867807985656e-05,9.257799084342777e-06,0.0028322116042954963,1
0.08686556950852174,0.9106982713478434,3.311789398959157e-05,1.3035820002959194e-07,1.1107716309307014e-05,6.307676377736043e-06,0.002385495498758136,1
0.11387750246136724,0.8846691372671989,3.411767940994422e-05,1.5030303975235529e-07,1.2807199897027323e-05,7.272752562804932e-06,0.0013990123365242627,1
0.09318006951093316,0.9056307209596205,2.7916732192549045e-05,1.2298520242468673e-07,1.0479469173907044e-05,5.950917210955527e-06,0.0011447394256667003,1
0.030904177331429496,0.967983690924551,1.827256572151532e-05,7.543562921289631e-08,6.760886378083276e-06,4.612899452899095e-06,0.0010824099568380666,1
0.017352934102434082,0.9813009652358101,2.0086073702907025e-05,8.292243307743567e-08,7.288091578078208e-06,6.079494110385967e-06,0.0013125640799312903,1
0.06092468866404392,0.9365886451960899,2.1196580918418013e-05,1.1683522713035574e-07,1.1460798553402329e-05,1.0664020939032817e-05,0.0024432279042281803,1
0.02171931479132619,0.97752268415383,1.2106805748719457e-05,6.669963816997506e-08,1.0731381217356396e-05,5.760476010258655e-06,0.0007293356922293301,1
0.015891206612489505,0.9840715315223552,8.899296093322296e-06,8.379239951707952e-09,9.006188235823143e-06,3.983130682822552e-06,1.5364870903668196e-05,1
0.023358995086884146,0.9766107724932239,6.881207640277835e-06,3.209662577109109e-08,3.893291550801492e-06,4.011472223670841e-06,1.5414351851305424e-05,1
0.014222395657633941,0.9857550254877022,6.650118421929742e-06,3.940782802800421e-08,7.766412944749968e-06,3.4398765888298734e-06,4.683038880383851e-06,1
0.03712089611922986,0.9628568498752363,7.454745368284337e-06,4.417595369386833e-08,5.712965691488819e-06,3.856082319299207e-06,5.186036200934075e-06,1
0.044811270592391116,0.9551592892505565,9.525810708561871e-06,5.6448845932189396e-08,8.303712187197896e-06,4.9273728927820096e-06,6.6268124177682964e-06,1
0.04192557074620733,0.9578523157957065,4.3510149811899365e-05,6.257062395119307e-08,0.00015629005947636704,8.742380469572135e-06,1.350829770438663e-05,1
0.04142223999272406,0.9582217290951559,3.3548595571661356e-05,5.723483138952595e-08,0.0003068001218701026,7.658520721668631e-06,7.966439125235863e-06,1
0.20370244894287617,0.7926690883572167,2.471036867984879e-05,2.3130890464938932e-07,0.0035865739166681056,1.0850866143092498e-05,6.096239511300526e-06,1
0.1934995671046149,0.8011392149466117,0.0003348176719370041,2.2813012645662913e-07,0.004808434028295112,0.00021168029328718358,6.057825127697936e-06,1
0.2155716425444652,0.7795351319812234,0.00027944381314287317,2.3034193217498166e-07,0.0043746620101573165,0.0002339414574198911,4.947851659220298e-06,1
0.22183006531094998,0.7721298273238718,0.00021212767710660012,2.393887121072375e-07,0.005564643365984953,0.0002579547526818574,5.142180692912733e-06,1
0.20172546526186177,0.7946635817211789,0.00021982426820909396,2.823250419520733e-07,0.0031597415942527084,0.00022585813759976083,5.246691856159129e-06,1
0.21488532897527982,0.7812738370096985,0.00022852044348656622,2.60188401532081e-07,0.0033658720830137896,0.00024059233243986668,5.588967679807501e-06,1
0.15306250166212126,0.8393955236695304,0.002060881744043158,2.3901611559641344e-07,0.005208517694228654,0.0002663190901746021,6.017123786281111e-06,1
0.08308913128115016,0.9087340916310339,0.001725280606437625,2.2741817497595263e-07,0.006195148756567702,0.000250895669245638,5.224637390082379e-06,1
0.060116375212879436,0.9315809409064838,0.0014952408497843435,1.8159713739134537e-07,0.006570870428010699,0.0002315688293477064,4.822176356512248e-06,1
0.07557445346319355,0.9136776953811212,0.0022244234283612125,2.220606915358417e-07,0.008169222783521102,0.0003492129163461437,4.769966765011611e-06,1
0.24452614023767447,0.7528792304759286,0.0001818985557541635,2.0250499643869894e-07,0.0021823786165930154,0.00022569536678112222,4.454242272189372e-06,1
0.23969480442501184,0.7576790329418656,0.0001841092261792359,2.049661034260543e-07,0.002208901751117147,0.00022843831364153172,4.508376081094069e-06,1
0.21037308888660694,0.787250101713833,0.00018764947636311304,2.045746960129529e-07,0.0019904187843230703,0.00019403679738263637,4.499766795023381e-06,1
0.1946297018815323,0.803053382963488,0.00023079279841709167,1.870421475902047e-07,0.0018906794418123258,0.00019083046161745272,4.4254109851744985e-06,1
0.2303671905416675,0.767227371215285,0.00021183246334014282,2.2842945694191996e-07,0.002002468392188453,0.0001860349816271368,4.873976434899008e-06,1
0.10676408587627512,0.881870820027261,0.003060598769583811,1.7326547432206144e-07,0.007701128633654453,0.0005984294048548879,4.764022896569149e-06,1
0.07145775564050158,0.9163380682325424,0.003176605077771738,1.80037423198519e-07,0.008392262125953728,0.0006301786647108281,4.950221096920779e-06,1
0.036045108205662445,0.9153787402885861,0.003824153454246324,1.7105049253136738e-07,0.04023542464921537,0.004511699230958775,4.703120838570358e-06,1
0.02540459322134868,0.9034797291652862,0.03770177232221725,1.2496868736750546e-07,0.03176484087726797,0.001643425595242849,5.513849949834835e-06,1
0.03223870385057123,0.9509506830111408,0.002814991903264389,1.4522335781451014e-07,0.0127196792528902,0.0012715259556520249,4.270803123657118e-06,1
0.03487561352396253,0.9510083150357065,0.0031839248637633177,1.3591821137274078e-07,0.009470479979932465,0.001456818828050831,4.711850373165937e-06,1
0.09498386824300635,0.8460170610491128,0.015147959504169962,2.301479926009091e-07,0.03482781370207792,0.009015239684115004,7.827669525220468e-06,1
0.09189742768547192,0.8384318070997822,0.023742626440046655,2.2161173923265564e-07,0.03595950731654592,0.009960872507339354,7.537339074821497e-06,1
0.04030625369153637,0.8280942319386725,0.06088923624731726,2.472848921198283e-07,0.05386052228450614,0.01684109803255705,8.41052051864024e-06,1
0.015109113874405026,0.8850228861893018,0.05462982788555348,3.2494016231075034e-07,0.01870074416165896,0.026523888870064186,1.3214078854124632e-05,1
0.02228364709354414,0.8694533941550526,0.051249352281208735,3.1127060631480327e-07,0.030920415409737646,0.026080221599777687,1.2658190072797026e-05,1
0.020046417095950952,0.8502818776837586,0.04521918265205096,3.084434961197872e-07,0.024446454489133414,0.05999112329312846,1.4636342481541856e-05,1
0.019625519765588056,0.8376505010870898,0.047795292672676626,3.038614086255842e-07,0.021939556067101042,0.07297440763408364,1.441891205201677e-05,1
0.004415466849230127,0.12490423059662878,0.007285158327363512,4.8823671938950394e-08,0.0019119255965755976,0.8614808530127164,2.3167938137603064e-06,5
0.004915884516308671,0.11974266845012857,0.010211293039516126,4.6806074810899024e-08,0.0017547677927448838,0.8633718826416495,3.4567535774029168e-06,5
0.005491954431005186,0.13244193483551928,0.012235690325536312,5.2993982894797974e-08,0.0018166978645339157,0.8480097558023137,3.913747108522036e-06,5
0.0013690464793692997,0.07513037068036893,0.03296106239181901,1.0244995122373163e-07,0.8581664434478066,0.032371671521164734,1.3030295201819757e-06,4
0.0005909741619988916,0.06026461192949698,0.9203154660613226,9.660151404737585e-08,0.006611682551031827,0.0122160522110367,1.1164835985495186e-06,2
0.001870476211353892,0.05749342105175086,0.922414350370299,9.123857939458889e-08,0.0012228640865322587,0.01699500260079226,3.7944406920878537e-06,2
0.0025149515558506286,0.4041627360104881,0.2683184767751731,6.525400785284824e-07,0.01227589647782061,0.3127219620518991,5.324588690095599e-06,1
0.0006658993354645131,0.08375313448366867,0.90661498612508,6.131430615515092e-08,0.001879293888370721,0.007085315865558741,1.30898755096152e-06,2
0.8817362784462469,0.0902734139265541,1.1321276543989908e-05,1.6332139536740336e-07,1.3750575086596163e-05,7.2536185358311175e-06,0.02795781883563705,0
0.9062394269823468,0.07247291265130648,1.1312389641634014e-05,1.6936465232189697e-07,1.4780995786434299e-05,7.79717970625342e-06,0.021253600436559855,0
0.9113389182549533,0.07244852505916144,9.167931272071035e-06,2.209058757266124e-07,1.3924772585990459e-05,7.132764930925917e-06,0.016182110311220545,0
0.9126122834426933,0.08082811213878874,1.0316023395745428e-05,1.746337216358901e-07,1.2871300496450854e-05,6.073127172239474e-06,0.006530169333731856,0
0.9056388278898446,0.08506922284683482,1.0698926649193222e-05,1.783705809650529e-07,1.4655159266466258e-05,6.427975682553117e-06,0.009259988831141541,0
0.9062373988593768,0.08905820968208086,1.2815806675888863e-05,1.7241319743158073e-07,1.4457222742947112e-05,7.65741415506685e-06,0.004669288601770886,0
0.8768520282047569,0.1212966652878951,1.4062043381925571e-05,1.7306520336864826e-07,1.0146652466257156e-05,7.686371796164308e-06,0.0018192383745001429,0
0.669854438729731,0.10454930726410258,1.1166705860077678e-05,1.514257198838307e-07,1.3868823920749115e-05,6.841759775630225e-06,0.22556422529089,6
0.8199846158687552,0.11581001357255899,1.4399874015619535e-05,1.81852070051148e-07,1.6663082432787528e-05,8.160885227751602e-06,0.06416596486493936,1
0.8542456173372205,0.10513471672865032,1.3039344853533443e-05,1.8060969606253407e-07,1.6549243859606577e-05,9.649205419977161e-06,0.04058024753029993,1
0.5282387074578779,0.4461126309869523,1.198143127145048e-05,1.7136973722772947e-07,1.2495346153036205e-05,9.38075576036905e-06,0.025614632652247615,1
0.522753491926381,0.44976087804039344,1.3477610781278239e-05,1.927695085601957e-07,1.4613961899642195e-05,1.0552176289133975e-05,0.027446793514746944,1
0.6215638285396242,0.35187308549142265,1.8304168519280097e-05,2.162565186642341e-07,1.6884413253563707e-05,1.183785198013721e-05,0.02651584327868151,1
0.4654902774617439,0.5139911843764466,1.2650275902637335e-05,1.809361843487667e-07,1.3963486901798866e-05,9.904421755244688e-06,0.02048183904106546,1
0.5782869120649318,0.4040215590326579,1.4066807200310224e-05,2.0434785839750829e-07,1.5686488196191997e-05,1.118597356098019e-05,0.017650385285594507,1
0.5806381556384699,0.38926694351460694,1.3602273845817629e-05,1.9840144345396685e-07,1.4840466393532088e-05,1.0860467627799914e-05,0.030055399237612593,1
0.6794424192411098,0.3164973999810035,1.9650017760681675e-05,2.6026260292824905e-07,2.0085387895721126e-05,1.3744162844936794e-05,0.004006440946782384,1
0.6727778145803629,0.32486511246988387,1.7939538101694366e-05,2.3987129455207164e-07,1.8511718325722583e-05,1.266732176292867e-05,0.0023077145002682545,1
0.6525766698357112,0.3473747095054969,1.639943728342156e-05,2.3592723603688559e-07,1.6133243547586527e-05,1.0141448925730176e-05,5.710601799249944e-06,0
0.8232133969203058,0.17613115081775482,1.5455700297161464e-05,1.0358835771139536e-07,0.0006180257218612438,9.493155524302811e-06,1.2374095898998414e-05,0
0.06858328676537108,0.8533587072397797,0.000870983971283303,9.583132820426367e-08,0.07517181990723576,0.002001004271382101,1.4102013619772104e-05,1
0.054444951941703706,0.8365588212425333,0.0007370497927502171,1.8574487823059697e-07,0.10540289610858236,0.0028437057579161393,1.238941163574402e-05,1
0.07712722193221003,0.886256487754701,0.0008237673038581911,2.0789950636402602e-07,0.023540270380614414,0.012231084596576196,2.0960132533611143e-05,1
0.11476339257596511,0.8473526797716132,0.0007250919400671418,2.5196271910526126e-07,0.02651331137407515,0.010631514465649089,1.3757909911089945e-05,1
0.2870287279257756,0.680764723809315,0.0007941520556129567,2.6328687491895347e-07,0.020996028443514562,0.01039459694008032,2.1507538826622873e-05,1
0.4435297526373758,0.4365585925146017,0.006871901369308141,3.1131778578867806e-07,0.08742324555967945,0.025609193103563358,7.003497685706677e-06,0
0.04468302949837323,0.934512346754566,0.0009313159224657669,1.906450378513584e-07,0.016145662340329672,0.003705961555670099,2.1493283557574294e-05,1
0.12152141247690713,0.8672300156728567,0.0003230807245050447,1.65939769463827e-07,0.00868931112021024,0.0022068167534048323,2.9197312346817998e-05,1
0.07478822520396002,0.9214400469706084,0.0002749116254624792,5.9457770553971196e-08,0.0031783490267574075,0.00029610397922443524,2.230373621678873e-05,1
0.13895394743166523,0.860976200793601,1.6054897209791575e-05,1.4064028095071574e-07,1.3539160653888108e-05,1.130050718891261e-05,2.8816569400126773e-05,1
0.12997391332450356,0.8699602319097638,3.075646052085224e-05,1.8977445331334405e-07,1.4857507339040276e-05,1.360395356648431e-05,6.447069853007903e-06,0
0.17842381577560162,0.82151669829538,2.2877338820609462e-05,1.6512020015840085e-07,1.4637490134612474e-05,1.2023699484732406e-05,9.782280378120263e-06,1
0.19271016817491704,0.8072366887814014,2.3701707706059885e-05,1.5718653328862731e-07,1.3456424809166986e-05,1.0512774977545425e-05,5.31494965553616e-06,1
0.6321138343960999,0.36782371652204715,2.222050194407949e-05,2.1873904845135035e-07,1.9406057297018967e-05,1.36963209883031e-05,6.9074625749922384e-06,0
0.9474379271065555,0.05248541015250766,2.750289526477422e-05,1.9899471093896402e-07,2.6177503818777784e-05,1.7615713810353002e-05,5.167633331904037e-06,0
0.9526331705951374,0.04728627921284758,2.86233990660544e-05,2.0710201483897726e-07,2.629242376384013e-05,1.9038401791121878e-05,6.3888653790865725e-06,0
0.7036771632051255,0.29626735148817257,2.0120273964889285e-05,1.7107076663670173e-07,1.31841342555033e-05,1.7192285044189062e-05,4.817542670639334e-06,0
0.7058634588459377,0.2940805246014223,1.9971760955088552e-05,1.6980804852031476e-07,1.4108476158887021e-05,1.698452435073713e-05,4.781983126912015e-06,0
0.9698957024188181,0.030023684136146526,2.3990652467556528e-05,2.2196787669829147e-07,2.203694954580257e-05,1.5366108328725596e-05,1.899776681651958e-05,0
0.9759823633543135,0.02393549459624144,2.2075268019700697e-05,1.5972360495830724e-07,1.1807062915562316e-05,1.4139296971397527e-05,3.3960697933236466e-05,0
0.8337688856252353,0.16615006420751235,1.8833376302739898e-05,1.7217276808440617e-07,9.766713451993579e-06,1.812197273701594e-05,3.415593199225984e-05,0
0.7199047833487505,0.27912981996222197,2.596544607138841e-05,2.1964186173376942e-07,1.4448446693064675e-05,2.5070508781269948e-05,0.0008996926456199474,0
0.6538611727820997,0.3449862389285945,3.074235069621126e-05,2.6004972617931334e-07,1.619026627602391e-05,2.9727835353971592e-05,0.0010756677872536297,0
0.6139340168287464,0.3849348623743794,3.030893475067287e-05,2.5638345813518166e-07,1.627251110223559e-05,2.3780304658671903e-05,0.0010605026629043333,0
0.6622735646665333,0.3345972483209785,3.296246432546923e-05,2.929514246815522e-07,1.7697159966380366e-05,2.5862256473492862e-05,0.0030523721802981903,0
0.669755314408722,0.32618553791061566,3.463716709903733e-05,2.929960011432003e-07,1.7231911706331353e-05,2.7135026587867128e-05,0.003979850579267891,0
0.6884947902382211,0.30761844295104257,3.316866935848882e-05,2.805739700793349e-07,1.621448375088512e-05,2.598459401582477e-05,0.003811118489641023,0
0.6964500375510674,0.2994730416934637,3.229039912698699e-05,2.7314467700183313e-07,1.606439998766249e-05,2.533495601566191e-05,0.004002957855661494,0
0.7548489254584658,0.24185374778110402,3.509440169262094e-05,3.1918352912380707e-07,1.7946818894694653e-05,2.9605192237449763e-05,0.0032143611640763512,0
0.7051782918902949,0.2918456343863336,3.357636919083508e-05,2.8402270537003147e-07,1.6704167164171314e-05,2.733994891797748e-05,0.002898169215393086,0
0.6784464854802122,0.319225026340607,3.5599248552064024e-05,3.0113425383877635e-07,1.7710545036980258e-05,2.788872869442014e-05,0.0022469885226435657,0
0.6534984772618722,0.3455041010174981,3.300090652135442e-05,2.7915486324879435e-07,1.641787579737371e-05,2.579436426381596e-05,0.0009219294191836401,0
0.6190031637014525,0.3792978665890551,3.841521752234265e-05,2.916575146284761e-07,2.47605047557188e-05,2.7490521093341433e-05,0.0016080118086061771,0
0.7289153819968047,0.26916002832380426,3.791788225382475e-05,2.5539126455792064e-07,2.4156109372685642e-05,2.8187739276607595e-05,0.001834072557223272,0
0.7218452356844652,0.2753231764094331,3.685046006668082e-05,2.8673521877640904e-07,2.3921806143778735e-05,2.382854601537652e-05,0.002746700358657048,0
0.42109784219335417,0.5776116724118271,4.383785046009329e-05,3.118562377186166e-07,2.60176077960281e-05,2.7663646483204527e-05,0.0011926544338416696,0
0.3830138023498012,0.6154295369378889,5.55420482424022e-05,3.958468984958607e-07,4.4758577014324316e-05,3.5103459016187025e-05,0.0014208607811384095,1
0.5758386091502166,0.005787075391721425,3.428541461293681e-05,1.7886601440055403e-07,1.0298585389026182e-05,1.7025642888335368e-05,0.4183125269491572,6
0.12806957111935274,0.0012457620356223233,9.949936750183913e-06,4.7364813185800705e-08,3.48698393547422e-06,4.970558280220767e-06,0.8706662120012459,6
0.14597716886508139,0.0014199533382545035,1.1341207630225232e-05,5.398769803205699e-08,3.974558814631868e-06,5.665577069429813e-06,0.8525818424654519,6
0.128058873280133,0.0013291894428073335,9.94910561736548e-06,4.736085673344667e-08,3.486692662588885e-06,4.970143082193247e-06,0.8705934839748408,6
0.08241572853617553,0.00061397271612713,4.8351396111338866e-06,2.7252159936304194e-08,2.4797912682829794e-06,2.7539929182870207e-06,0.9169602025717397,6
0.06298050653230279,0.0005752966055715868,5.771833204557917e-06,2.8890544476799406e-08,2.6288749257657575e-06,2.9196807705128303e-06,0.9364328475826802,6
0.06866697977403972,0.0005182998109422659,4.372865455426124e-06,2.613703441081917e-08,2.1390291924949753e-06,2.331789177476964e-06,0.9308058505941582,6
0.04093551096207896,0.0006160492595247642,3.982809298921644e-06,2.7451936198298204e-08,2.335870987355028e-06,2.2878093383156453e-06,0.9584398058368355,6
0.08546645227938537,0.0023922981359208915,6.951759384802029e-06,4.446204347603846e-08,3.95985439988585e-06,3.6792226306873033e-06,0.912126614286235,6
0.03837024184565979,0.00043542365640369366,2.686885368991759e-06,1.7184774023165582e-08,1.5483133219194477e-06,1.3074943281055407e-06,0.9611887746201435,6
0.04816635313156289,0.0004628363337183134,2.688453210445682e-06,2.031826004714327e-08,2.1957074677774497e-06,1.2978467848688616e-06,0.9513646082089956,6
0.063385074025001,0.0006584291894866841,3.880657298156375e-06,2.8684351742551192e-08,2.505101250594282e-06,1.8352372837806123e-06,0.935948247105328,6
0.21550040574128615,0.0030841453669041997,1.0433321318186065e-05,7.672033633400599e-08,6.230861311843736e-06,4.767826601864259e-06,0.7813939401622415,6
0.14153729386764663,0.001048499980938014,8.029704895876709e-06,6.029273953708489e-08,4.896689927572393e-06,3.820510263281511e-06,0.857397398953589,6
0.09585165281656159,0.0008397674233214764,5.969405463116344e-06,4.4718425805094265e-08,3.564923204401309e-06,2.8929702428213614e-06,0.9032961077427808,6
0.1358191400065297,0.0009992067309047745,6.611190081879969e-06,3.912514633238169e-08,3.3362703457010752e-06,2.3145351128688757e-06,0.8631693521418788,6
0.07725788115054207,0.0007380214111465511,3.624254301023471e-06,2.764833231578522e-08,2.3576221397260055e-06,1.635598635555481e-06,0.9219964523149027,6
0.8659926081957519,0.006744555762284153,3.721617229482009e-05,3.177074979507306e-07,2.0274488255808203e-05,1.7888694604035987e-05,0.12718713897931122,0
0.9539810787005873,0.0028356504781949453,2.4262605116942366e-05,2.4693955718457975e-07,1.412797300367969e-05,9.741813602067928e-06,0.04313489148993807,0
0.9539775148253082,0.0028356398847933935,2.7998306892945605e-05,2.4693863466965475e-07,1.4127920224505283e-05,9.741777208674552e-06,0.043134730346937565,0
0.034783898794011385,0.0026108810566831064,1.2679009715843442e-05,9.155210786879508e-08,6.912722305294495e-06,5.476557606192686e-06,0.9625800603075703,6
0.04071988647613804,0.0034646987272266335,1.0153189187935203e-05,7.331375971615383e-08,5.600044540778028e-06,3.999735722880832e-06,0.955795588513424,6
0.07922745247135993,0.0016197872140027315,8.590292699675018e-06,5.994695609487601e-08,4.5080059978764e-06,3.270490869639761e-06,0.9191363315781141,6
0.12447947217234727,0.002326643943308282,1.3048335136289557e-05,8.61522657044323e-08,6.4752485762854275e-06,4.8660679133487775e-06,0.8731694080804527,6
0.09600790047164459,0.0008164249200183885,1.410762902419284e-05,5.564036477150269e-08,4.9237032545316e-06,3.7031187764567126e-06,0.9031528845169171,6
0.04274565968871549,0.000274243685167532,3.4989548433380382e-06,1.7764418822203828e-08,1.7971610748406183e-06,1.2671758251339845e-06,0.9569735155699548,6
0.038567023465989225,0.0008205002625880369,3.2647555112787024e-06,9.184758231402588e-09,1.485861080859556e-06,1.4155069660023902e-06,0.9606063009631064,6
0.6202339515650619,0.06124863149890666,3.1371449036049e-05,1.7293716765177383e-07,1.6961684519886482e-05,1.6282676651774425e-05,0.31845262818865594,6
0.6037395127340949,0.060989125339882815,4.140091452874976e-05,1.7220444499280977e-07,1.688981905134275e-05,1.6213688091979322e-05,0.3351966852999053,0
0.5510325418772832,0.43116232031541474,6.249595128763039e-05,2.7762009886511965e-07,1.897105616000863e-05,1.9077388411157462e-05,0.017704315791344384,0
0.27552448024961373,0.7177577635185958,2.5254081330741623e-05,1.1774119777092155e-07,7.223285002091621e-06,8.212250710232841e-06,0.006676948873549526,0
0.28056898050921114,0.7152751425113224,2.135269010932301e-05,1.258485310578858e-07,6.9271566965704944e-06,8.005498734205009e-06,0.004119465785395199,1
0.461676308551467,0.533856068327531,2.026968966470868e-05,1.2921107811881995e-07,7.112243405131037e-06,8.409601487222173e-06,0.004431702375366791,1
0.16661568554561848,0.7483195178221551,2.0392472827845904e-05,1.5468397197238518e-07,6.060118789248052e-06,9.258766077086123e-06,0.08502893059056023,1
0.17797750062356762,0.7650768660852061,2.310261470468314e-05,1.3014130388359604e-07,5.893239382853073e-06,9.003804509396154e-06,0.05690750349132541,1
0.17162194126348732,0.783567183134174,2.2897514944671137e-05,1.365001804576222e-07,5.75659776780283e-06,9.44374232977577e-06,0.044772641247116086,1
0.23322939349341618,0.7644971228486566,3.200097768598264e-05,1.7402824934888615e-07,1.0484920305954924e-05,9.096960880020605e-06,0.0022217267708058396,1
0.20574031674881435,0.7924662973572076,3.21128877343779e-05,1.7463684043625488e-07,1.052158693378029e-05,9.128773699688885e-06,0.0017414480087697647,1
0.2595914513740673,0.7387714909687798,3.2111960459170934e-05,1.746317977127945e-07,1.0185195872537765e-05,9.128136962545734e-06,0.001585457732060941,1
0.32550709294298585,0.6712963208535825,5.183670694497861e-05,2.4555227364423977e-07,1.4321549893947735e-05,1.2835204210492471e-05,0.003117347190108726,1
0.08283200086589293,0.9159242710298712,2.0019898702407275e-05,1.2045426960169255e-07,1.0263810444426651e-05,5.8284523013632415e-06,0.0012074954885184263,1
0.05738726702124255,0.9415847415597723,2.2467181303044955e-05,9.897758883128139e-08,8.433799925647465e-06,4.789254522190566e-06,0.0009922022056453922,1
0.033547909349820465,0.9653445620540907,1.6688901233618827e-05,7.522996010009654e-08,6.742453370794424e-06,4.563157472094837e-06,0.0010794588540524023,1
0.0339382136000886,0.9653354055037305,1.776556201230468e-05,7.879237865922281e-08,6.980493152998247e-06,4.8181651588532204e-06,0.0006967378834780485,1
0.01476023956405009,0.983593576145301,1.7581335486899258e-05,6.145629625157582e-08,6.298617955836541e-06,5.321379734350692e-06,0.0016169215011754667,1
0.014760239563822341,0.9835935761301243,1.758133548662798e-05,6.147172608290784e-08,6.298617955739354e-06,5.321379734268584e-06,0.001616921501150518,1
0.01573406024213472,0.9825379661438142,1.682568728112347e-05,5.805915236227957e-08,7.014815254965202e-06,5.025968173178252e-06,0.001699049084189723,1
0.04430122687581582,0.9519119853017965,3.2063180066593554e-05,1.228287183239879e-07,1.2645683682116798e-05,1.1517533505825208e-05,0.0037304385964145753,1
0.015022209404830079,0.984667501676427,1.7185269779822033e-05,5.44978537440825e-08,5.75958044010958e-06,4.308591251073034e-06,0.0002829809794179014,1
0.022820856326291203,0.9765136709030264,1.5449269134742206e-05,6.663078982524784e-08,7.0813743072368005e-06,5.754529962438478e-06,0.000637120966488019,1
0.02282093474875924,0.9765170266321477,1.2094350487616963e-05,6.663101879785565e-08,6.999931934084806e-06,5.754549737526477e-06,0.0006371231559150027,1
0.016267853615112775,0.9837092360003462,7.399252787262443e-06,4.384711111528674e-08,6.528217258912359e-06,3.728485211886781e-06,5.210582171630489e-06,1
0.01542020306308297,0.9845567678356207,7.405627742447317e-06,4.388488835798715e-08,6.5338417582583375e-06,3.830675467797359e-06,5.2150714395047305e-06,1
0.015067395773663537,0.9849074512682042,7.408265509046461e-06,4.39005194559499e-08,8.65182324541333e-06,3.832039893360259e-06,5.2169289648535166e-06,1
0.015941826630047073,0.9840285455469449,1.6805190537480917e-05,3.271216524648482e-08,5.922045569523638e-06,4.115521894632479e-06,2.7523528412023338e-06,1
0.02964282302223004,0.9699129679000519,4.1886579896364663e-05,5.769604984031792e-08,0.00038891163732078114,7.86347965595935e-06,5.489684795233744e-06,1
0.060851542040404126,0.9374511702898477,2.9949858456131224e-05,1.5166391817088013e-07,0.0016567052451830443,7.021765257443837e-06,3.459136933425104e-06,1
0.19201906707160438,0.8048052372415972,2.3173828750188426e-05,2.3485035636781803e-07,0.003135080433615486,1.1016998175956268e-05,6.189575900256121e-06,1
0.20025249090647657,0.7957546660388325,0.00010258177311024096,2.3309740841251022e-07,0.0038239521184056414,5.9886338176422455e-05,6.189727590191936e-06,1
0.24430968805550085,0.7516630939827161,0.00016536648765008255,2.4820857886559673e-07,0.0037200092773081155,0.00013500299481036322,6.590993435705055e-06,1
0.19444879430000228,0.801662819880137,0.00028569407342000306,2.276121096804972e-07,0.003385220435482153,0.00021119962926966667,6.044069579091699e-06,1
0.20540386688201923,0.7903796101848164,0.00032209389249934816,2.4043557403301373e-07,0.0036399484709287253,0.00024785554706462776,6.38458709769125e-06,1
0.18916749101947428,0.8085751209932239,0.0002297570027389356,1.7197183862403172e-07,0.0018215370733325454,0.00020185309141504924,4.068847976739666e-06,1
0.20781850775807703,0.7894553997136734,0.00018927115882426193,1.9311147922358452e-07,0.0023216585142262296,0.0002107221185791,4.247625140760878e-06,1
0.21238735388830912,0.7851493211539207,0.00020503949957782544,2.132051447221849e-07,0.0020850051811499765,0.00016851793508709513,4.549136810491896e-06,1
0.24626877941702624,0.7507908145270196,0.00024643072758337827,1.7723199265713423e-07,0.0025190838919368183,0.00016984112009328075,4.873084348320486e-06,1
0.1119065961634876,0.8770197791842584,0.002870800309794663,1.7327698071953138e-07,0.007701640058376388,0.0004962466678314237,4.7643392708567465e-06,1
0.06948936309928695,0.9029123191293944,0.002767814333217047,1.7507806899284918e-07,0.022641326703234557,0.0021841877956834004,4.813861114757851e-06,1
0.0435768139513196,0.9141034198731556,0.004662414970519879,1.9348222288179115e-07,0.03608748073106782,0.0015639869670907053,5.69002462338819e-06,1
0.058484150294955,0.8993302173622362,0.029550675642146845,1.877899803505806e-07,0.010706368414732156,0.0019189986091295126,9.401886819924167e-06,1
0.04510165665228275,0.882110629943487,0.04961382079749875,1.7580194396630552e-07,0.021486951140644868,0.0016790125230691662,7.753141073262269e-06,1
0.03163039514704813,0.8661228167566226,0.03797989311870795,1.3457820693055713e-07,0.06297552383245249,0.0012853014572575309,5.935109704584791e-06,1
0.03177074154702963,0.8642840116011556,0.03739251951862525,1.2524004537856592e-07,0.06497990608824464,0.001566425741013312,6.270263886141373e-06,1
0.04276454205287445,0.9329865313599331,0.004898871408738982,1.6713888410890485e-07,0.01739815838938284,0.0019459354787835352,5.79417140282517e-06,1
0.044080096407897514,0.9306053069101037,0.00518200382642505,2.1921195549858727e-07,0.014273122591113031,0.005851651673997539,7.5993785077546e-06,1
0.09180600987892212,0.8390883664678785,0.022682085224532127,2.240479554105437e-07,0.03877396121319218,0.007641732969172822,7.62019834687942e-06,1
0.014440584364956892,0.8578965994072456,0.08861408287322603,3.026803873211958e-07,0.033769630675634196,0.0052715937206025175,7.206277947569556e-06,1
0.025023488088898004,0.8548604102110907,0.052040267023540344,3.374217488297961e-07,0.027774288105924957,0.04028748749135577,1.3721657441253915e-05,1
0.018083322357215898,0.8539937194922718,0.04742914333679883,3.1821581842051837e-07,0.018488444043859874,0.06198995249272737,1.5100061307948762e-05,1
0.017477045632986254,0.8712291753095972,0.03905508118181053,3.246381076640759e-07,0.017888105509445515,0.05433486291457466,1.5404813478335668e-05,1
0.008453594559576562,0.41385696597333754,0.020708658217214116,1.5134510626056152e-07,0.009024717854471228,0.5479487303822221,7.181668072114742e-06,5
0.004253036920339444,0.08519260227490054,0.009481362475578412,3.569897528295373e-08,0.0013726410296756519,0.8996992576273031,1.0639732276099203e-06,5
0.003978094584005611,0.08106236170649961,0.016530343257796485,3.2462386492671705e-08,0.0014758468017719685,0.8969523536776923,9.675098475171383e-07,5
0.003031845350572749,0.0831687046097174,0.025047293167553795,3.8932061192426063e-08,0.002077069771743995,0.886673483366493,1.5648018578536977e-06,5
0.012296460119070495,0.11542090125365827,0.08821376790928549,1.527764955204075e-07,0.008571931210488404,0.775495259493338,1.5272376637654051e-06,5
0.006269223669057062,0.3930849340385806,0.3769202027271342,2.5883622588229177e-10,0.10088362895124488,0.12283568326741658,6.327087730620624e-06,4
0.0014842516056015253,0.11463246445894797,0.1597806757701901,1.3608632988459883e-07,0.6790907205868748,0.04501017865795665,1.5728340989400997e-06,4
0.0008174235801115762,0.06462475638954852,0.08695207717868358,8.493846567794803e-08,0.8152359307398197,0.032368745486854436,9.816865165165229e-07,4
0.0016060660201519584,0.2406053028003146,0.6069616337607916,2.5422459824422836e-07,0.0028220452553076644,0.14800158838887922,3.1095499566917625e-06,1
0.0011244844783584317,0.1734713545540715,0.6943276373408332,2.3858364184340053e-07,0.0021236478884873768,0.12895042286644315,2.214288164342397e-06,1
0.0025169809437190506,0.3482888064379867,0.4880026195766292,4.302687547056228e-07,0.014549528553678217,0.1466372553033701,4.378915862057445e-06,1
0.0018089025609901066,0.29347579593890677,0.6071053862623917,4.69345588964881e-07,0.009554440144878058,0.08805117598674861,3.829760495913482e-06,1
0.0005163092831463527,0.045641917880953835,0.9431282013243444,1.8306050388106478e-08,0.0012802012331314184,0.009432381451865833,9.705205078275082e-07,2
0.0005570752769069004,0.030804661211280726,0.9593380562396189,8.428640702412683e-09,0.00040490717416541904,0.008889169014783888,6.122654603472498e-06,2
0.0006618536149465274,0.03659860206522239,0.9509002850092861,6.506340539500098e-08,0.0006013556154176619,0.01123405779981385,3.780831908075684e-06,2
0.8897140890809336,0.07824061175739812,1.0011299590397262e-05,1.4442359147324188e-07,1.2159505705674746e-05,6.414307432072634e-06,0.032016569625348726,0
0.9190532101983774,0.06976535604286876,9.971765927319969e-06,1.6846310047588514e-07,1.35790873708391e-05,6.955692640190491e-06,0.011150758749715077,0
0.9357640816179121,0.05720832271914856,9.651229978108812e-06,2.1126514364007368e-07,1.2759952089464989e-05,6.083658477161734e-06,0.006998889557251095,0
0.9250090911954759,0.06863516276989,9.702419938211224e-06,1.6738685503331613e-07,1.2090104781069578e-05,6.115926098535279e-06,0.006327670196961231,0
0.9345354110518921,0.058830648567873595,1.0384525641054425e-05,1.705233545550227e-07,1.2270955988029278e-05,6.230526491015504e-06,0.006604883848759676,0
0.9159072196466785,0.07528568379687332,1.0058026687951805e-05,1.8039299756959584e-07,1.2107988164006616e-05,6.5008579072095515e-06,0.008778249290691265,0
0.907266966980888,0.08440058166606412,9.963143832964932e-06,1.7869125197276356e-07,1.3693939000346282e-05,6.439531766681519e-06,0.008302176047195776,0
0.4971657256937615,0.021697134015591132,1.067127141804192e-05,1.3238156215702522e-07,1.1109493221849994e-05,6.013169450096853e-06,0.48110921397499534,6
0.6378122672827531,0.10211471732757468,1.0632551746916763e-05,1.441823419236864e-07,1.2133685924770784e-05,6.514487420541402e-06,0.2600435904822381,6
0.8344543443658814,0.10504582009827378,1.2649222107839094e-05,1.7987112110980292e-07,1.6481568329068543e-05,9.609746511666472e-06,0.06046091512777496,1
0.8739556670500035,0.09793643434250941,1.0612189263186445e-05,1.6591805636313582e-07,1.5656504079879072e-05,1.0798903189854e-05,0.02807066509289796,1
0.5343913424417831,0.441970376362169,1.1979133206299002e-05,1.7402031472441682e-07,1.3310724322232387e-05,9.525848006658212e-06,0.023603291470197997,1
0.5907581462749225,0.4027170112916896,1.2012106811759103e-05,1.8770237938812484e-07,1.3623460020530613e-05,1.0120420062420892e-05,0.006488898744113925,1
0.5861422022113747,0.3981467403957313,1.3392275242195063e-05,2.2004494942689477e-07,1.539966032903666e-05,9.773597962122486e-06,0.01567227181441133,1
0.6971546283589255,0.2797416192316464,1.5595071485778884e-05,2.562385146912918e-07,1.781849803149676e-05,1.0994867928877442e-05,0.02305908773346727,1
0.6631647625428533,0.3348183187953754,1.9244042795481488e-05,2.6592578678428264e-07,1.907887972552474e-05,1.1394790467984439e-05,0.001966935022995463,1
0.6759718758204167,0.3219968722917434,1.8507116374897367e-05,2.55742493165648e-07,1.834827801702162e-05,1.2555481741223548e-05,0.0019815852692135366,1
0.6044200949963119,0.39553228641366,1.6511953308646228e-05,2.421808639237893e-07,1.2292171335541942e-05,1.0592726098092167e-05,7.979558422078878e-06,0
0.7786441352248162,0.22132151016933616,1.347162635696328e-05,1.5596325071736272e-07,6.481165480099868e-06,9.308469284035654e-06,4.937381476008316e-06,0
0.4987507842303304,0.5012034558040074,1.6772536227490475e-05,2.5832641054237225e-07,1.421907521796589e-05,1.05633693788088e-05,3.946658427336121e-06,0
0.6297538986017679,0.3701917369916447,1.747129817894749e-05,2.5134734918632237e-07,1.6368836286792877e-05,1.0804290115924699e-05,9.46863465664971e-06,0
0.3854710101460715,0.6118973963787413,2.1998354667157868e-05,3.1647494510243584e-07,0.0025669955382721975,1.3603832037127876e-05,2.867927526579832e-05,0
0.08040561051361515,0.8975964635299362,0.0005041515524293242,8.230756626538466e-08,0.020413602537434232,0.0010683912568794337,1.1698302139407374e-05,1
0.07626061631164699,0.8838693399741117,0.0006505993405400188,8.298353700801961e-08,0.03784349789228934,0.001364069120607247,1.1794377267655586e-05,1
0.08837813960022761,0.8557342842087244,0.0007171402882574781,2.007395575929574e-07,0.0518019151177531,0.0033520549254832423,1.626511999656015e-05,1
0.06139530944092143,0.8912351801278356,0.0006710879099164664,1.9719644298832255e-07,0.04376303817213312,0.0029220339076727777,1.3153245077658386e-05,1
0.08805764168735229,0.8723790791730609,0.0007056672864637468,1.9302430512861988e-07,0.028117180428613487,0.010718138302825296,2.210009737903052e-05,1
0.03558412077928201,0.9145671375500986,0.0008146692272937207,2.0560336567264805e-07,0.03129255316574082,0.01772664425549329,1.4669418725912098e-05,1
0.15361248440207997,0.7987499358218934,0.0005095961053300616,2.3659829370000565e-07,0.040620979590852466,0.006487440095824841,1.9327385725672848e-05,1
0.1459145928926108,0.8233139308416535,0.0008711806917864549,2.875391903039832e-07,0.020769784459069872,0.0091067348989309,2.3488676758164638e-05,1
0.11288423612665517,0.8732456163117098,0.0006940695250322922,1.967001203984719e-07,0.008142293957674311,0.004998977743802921,3.460963500484328e-05,1
0.08037025902394596,0.9159937754086861,0.00025017456919830105,5.723060309388261e-08,0.0030899011879501424,0.0002681510845478849,2.7681495068758613e-05,1
0.05248414383174103,0.9440726179146592,8.824034692177597e-05,9.8814137603504e-08,0.003211881240706935,0.00012032123849198425,2.2696613341489414e-05,1
0.14776472773169536,0.8521858219674417,1.487516632805858e-05,1.377075511281005e-07,1.6418618092147486e-05,1.106486108368892e-05,6.953947807919181e-06,1
0.14119642375047103,0.8587442604818729,2.416262120151012e-05,1.596821811037451e-07,1.3670072228393605e-05,1.1863278349434742e-05,9.46011369564791e-06,1
0.15901244448937601,0.8409291451164157,2.3793812088307147e-05,1.5724485267335495e-07,1.3461417415079754e-05,1.1682201754671025e-05,9.315718097430563e-06,1
0.1610954045658564,0.8388425767225641,2.5464736505676337e-05,1.648817355987617e-07,1.4616350851618487e-05,1.2004589557488368e-05,9.768152929265446e-06,1
0.9149124219561388,0.08500027868799936,3.6212773009195e-05,2.809603544803434e-07,2.3493063402537845e-05,1.759230108750366e-05,9.720258008015807e-06,0
0.9188063690480924,0.08111246943561806,3.490030240337839e-05,2.670961681931934e-07,2.2333781666610946e-05,1.6724196617932152e-05,6.9361394333859825e-06,0
0.9527001114122094,0.04722674914182283,2.6615824314096963e-05,1.925763893145326e-07,2.533318168558686e-05,1.5996905695645388e-05,5.000957883070297e-06,0
0.949158863386342,0.050762885116395824,2.873733899249753e-05,2.0792641687042438e-07,2.448555466560176e-05,1.8406379927982117e-05,6.414297259125289e-06,0
0.9379737276540575,0.06195873118541961,2.285992175449661e-05,2.6942348326475933e-07,1.6229259506493185e-05,1.714000487394708e-05,1.1042550904671786e-05,0
0.8302294796204143,0.1696880830374396,2.0163922338908255e-05,1.7144188289579944e-07,1.0045996479687114e-05,1.804504372199699e-05,3.401093772241129e-05,0
0.8281946370254597,0.1712751370779372,1.9316313652403596e-05,1.64166481200988e-07,1.0799173862838358e-05,1.823467372905762e-05,0.0004817115688775357,0
0.7783226338673481,0.221105240664605,2.064935877825552e-05,1.8131784512626154e-07,1.1927422209631383e-05,1.9934024473611237e-05,0.0005194333447403769,0
0.711925280178475,0.28707334831190706,2.670437556666126e-05,2.2589247070022052e-07,1.4238160574989372e-05,2.5823115737670797e-05,0.0009343799652679312,0
0.6950040806461449,0.30397929964874393,2.7088147814860018e-05,2.2913880241523815e-07,1.5339835482066485e-05,2.61545149578273e-05,0.0009478080680538423,0
0.5781074827394015,0.42080058123652797,2.979417212199397e-05,2.520290780177306e-07,1.599614109256353e-05,2.3323253669878082e-05,0.0010225704281082114,0
0.5602197292060994,0.43656361494633544,3.08884121711776e-05,2.745184420178713e-07,1.6547978941257998e-05,2.4234961007229908e-05,0.003144709977003751,0
0.6003691122271874,0.3959857126761851,3.169181311744494e-05,2.6808123441039327e-07,1.5766604811873975e-05,2.4827613329367387e-05,0.003572620984134406,0
0.4148491169543387,0.5832885817659381,4.357914005828548e-05,3.6357242380329573e-07,2.9777029681467987e-05,3.117493739931901e-05,0.001757406600160294,0
0.08076727729743993,0.0009821324160729703,5.41038590014663e-06,2.7748076397845286e-08,2.3145708727709533e-06,3.0795742811070306e-06,0.9182397580073568,6
0.0696893049765966,0.0008474239538749488,4.015745016136845e-06,2.3513234719804332e-08,2.573156091742618e-06,2.6571824438726448e-06,0.9294540014727419,6
0.08077023864978117,0.0009446525537654348,5.911282193645418e-06,3.2145034263048264e-08,2.366508184901281e-06,3.3733642228757683e-06,0.9182734254968177,6
0.10839085305192515,0.0010065776364554524,1.0319845481676468e-05,4.495902103685705e-08,3.133131560741077e-06,4.466155654985729e-06,0.8905846052199008,6
0.06977903952347642,0.0004543610221160853,4.071766320247846e-06,2.2261160733948045e-08,2.025638780152211e-06,2.249622751276722e-06,0.9297582301653952,6
0.05739125127190578,0.0005453411109504526,4.250976928518818e-06,2.6229881898411735e-08,1.956531873008372e-06,2.569856635203897e-06,0.9420546040218252,6
0.07433579906420829,0.0007063509915998176,5.506061634513426e-06,3.460726645378863e-08,3.1490640511368528e-06,3.4974131576607174e-06,0.9249456627980821,6
0.061625463381532145,0.0005855752909811959,4.564605532000546e-06,2.8168100847142473e-08,2.1008808942609793e-06,2.8994066007327546e-06,0.9377793682663588,6
0.06833913196250238,0.0005427381826299923,3.7430170192642154e-06,2.6994835643725507e-08,2.209232873588779e-06,2.545542920314294e-06,0.9311096050672188,6
0.02162294158712244,0.000414042484629457,2.108422027856227e-06,1.539290913372549e-08,1.2386048093958423e-06,1.209168199057336e-06,0.9779584443403028,6
0.04331986011547864,0.0005230933232594645,2.400816382401128e-06,1.9688888289519828e-08,2.165947787722656e-06,1.2605121439521709e-06,0.9561511995960595,6
0.0717173770102182,0.0007379596973530525,4.3907902101614845e-06,3.2455061382476885e-08,3.306731542110375e-06,2.070136863118541e-06,0.927534863178752,6
0.09130763024477576,0.0006661145424423714,3.593101211347317e-06,2.7788462642702083e-08,2.3695713002544955e-06,1.6438883569349649e-06,0.9080186208634506,6
0.06635194010088463,0.0006005550547531027,3.061271733767021e-06,2.367537962590436e-08,2.018841445296954e-06,1.4005697765097767e-06,0.933041000486027,6
0.035194827643826504,0.00025533138847444985,1.4673264208532254e-06,1.2911925775695944e-08,1.0890417205018562e-06,6.850458574504058e-07,0.9645465866417745,6
0.8770038430594269,0.007034856007086079,3.881803671829963e-05,4.153197974272731e-07,2.1147146012870264e-05,1.8658662650230897e-05,0.11588226176830814,0
0.9638177516620415,0.0030335733389725995,2.8875751822969624e-05,2.1743443407377313e-07,1.3385157054860648e-05,1.004707684889418e-05,0.033096149578825174,0
0.9644070691120192,0.004397285202584099,2.6149712005230514e-05,2.292136184059525e-07,1.1371025408070865e-05,1.3461375483968488e-05,0.031144434358880722,0
0.9584393672159324,0.004900489444386576,2.914215970801143e-05,2.55443726244532e-07,1.2672271052911578e-05,1.4662527470221143e-05,0.036603410937723596,0
0.9671992238219226,0.004945278490308898,2.940851055811537e-05,2.577784074871252e-07,1.274762010011861e-05,1.5138943135123557e-05,0.027797944835567526,0
0.9787224966547134,0.003337299237614294,2.9347002859195938e-05,2.572392657089547e-07,1.272095853976832e-05,1.4765591840241181e-05,0.017883113315167506,0
0.041634487725529024,0.0034613992330344706,9.357402240610371e-06,7.324394171942926e-08,5.319085874173652e-06,3.995926703446003e-06,0.9548853673826766,6
0.04163994628248763,0.0033307464254485864,9.35862905798955e-06,7.325354448505914e-08,5.319783241543782e-06,3.996450595889617e-06,0.9550105591756238,6
0.14129684149566923,0.0029602049530925065,1.7955455829894477e-05,1.0853880365870904e-07,8.157832276564505e-06,6.130508414588737e-06,0.8557106012159136,6
0.21175225957573968,0.001603017041609756,1.879010537619491e-05,8.909316872010338e-08,8.33657170558594e-06,8.131891725566018e-06,0.7866093757206745,6
0.038437186643561515,0.0002722405302165064,3.146283888239578e-06,1.5973885696369368e-08,1.616019407940694e-06,1.4979174817520281e-06,0.9612842966315585,6
0.029211300412403794,0.00018728311320789746,2.472779733626948e-06,1.901661573156883e-09,1.1254157179737715e-06,1.0721283496562817e-06,0.9705967442489254,6
0.5562824640935506,0.051111736388071545,2.8136781174140466e-05,1.5510584919116082e-07,1.4065924424988096e-05,1.3444436040263431e-05,0.39254999727088924,6
0.894857287580998,0.060291609801503464,3.6475960634911596e-05,2.772277456184436e-07,1.893160538025952e-05,1.9050426835566155e-05,0.04477636739690205,0
0.21291021036849508,0.7824800934134379,2.2010367543212856e-05,1.112391255176755e-07,6.36200231334933e-06,7.076162677784564e-06,0.0045741364464070245,1
0.34156289214432817,0.6537493873634949,2.3706287463285756e-05,1.3979341275689326e-07,7.690701598316391e-06,9.09357735877318e-06,0.004647090132343922,1
0.23310944541562553,0.46385041240270714,3.771902670642554e-05,1.7788088964648487e-07,1.114040982153448e-05,1.230665982697518e-05,0.3029787982044228,1
0.23310944541562553,0.46385041240270714,3.771902670642554e-05,1.7788088964648487e-07,1.114040982153448e-05,1.230665982697518e-05,0.3029787982044228,1
0.22957966516093686,0.6686244862074299,4.128792401088573e-05,1.7751710633392503e-07,1.224859566257323e-05,1.2381519894214035e-05,0.10172975307495943,1
0.20746394953030087,0.7087107982424307,3.055409779548156e-05,1.8018730709428707e-07,1.0927108859074875e-05,1.2382040271040738e-05,0.08377120879303576,1
0.23778808092272904,0.7598208165291729,3.2677435055219625e-05,1.7770697107053624e-07,1.0706557334561472e-05,1.2211597518845516e-05,0.0023353292512185027,1
0.24675333705065478,0.7510608526866536,3.3909463059890315e-05,1.844070062665096e-07,1.0823489052979923e-05,1.2672007893759006e-05,0.002128220895678717,1
0.4012712773498368,0.5968169908431743,3.202541667612347e-05,2.2375186814076433e-07,1.3201946148221981e-05,1.1775202352363701e-05,0.001854505489943948,1
0.09657464010545584,0.9025164547347138,1.800171052571195e-05,1.0831138185004896e-07,6.3906551587952655e-06,5.746437031522211e-06,0.0008786580457325557,1
0.04231206173335895,0.9568213988898474,1.4057183279990112e-05,8.654329718235788e-08,7.374284037026127e-06,4.641729191590194e-06,0.0008403796369878607,1
0.01750097239920076,0.9820419092457031,1.1418223840057468e-05,5.6111652991278186e-08,4.959321701970833e-06,3.129370805633689e-06,0.0004375553270955389,1
0.015534381712796445,0.9838810682428385,1.2675362373060478e-05,5.621673837558965e-08,4.872473968183189e-06,3.135231462310729e-06,0.0005638107598230529,1
0.015151081621126399,0.9843021226170667,1.213245408135412e-05,4.557225083671424e-08,4.40128057956061e-06,3.000943928178783e-06,0.0005272155109667662,1
0.011196826151685295,0.9886220722684681,1.2904817135700767e-05,4.835770157474502e-08,5.898323602657415e-06,4.230919537465937e-06,0.00015801916186919415,1
0.011714112666033187,0.9880777050472292,1.357064772455694e-05,5.085274172732251e-08,6.940184191592471e-06,3.696575732897702e-06,0.00018392402634689843,1
0.012733026919772333,0.987059005427638,1.3556656503417149e-05,5.0800312987772804e-08,6.933028921354357e-06,3.6927645950958295e-06,0.00018373440225689396,1
0.02275989009055604,0.9768271847472008,1.1721734694168352e-05,2.6276971947270093e-09,7.968684638294596e-06,5.577257362993149e-06,0.00038765485785042966,1
0.014174414673565151,0.9858096824689166,7.501325641657072e-06,7.374577902941826e-09,3.2407191885598497e-06,3.669218214699392e-06,1.4842198951530351e-06,1
0.018760458401861344,0.9812137312444378,8.518168905888725e-06,7.4220770937928375e-09,7.295313230429253e-06,4.166599611647915e-06,5.822849875751203e-06,1
0.013816843021869847,0.9861607724222332,7.012895473473414e-06,4.155760262639256e-08,6.764066321963097e-06,3.6275286285972616e-06,4.938507870482983e-06,1
0.02068604939304928,0.9792915530183688,6.606514426792427e-06,5.930081196513609e-09,7.715489545978523e-06,3.4173217480682886e-06,4.652332779888747e-06,1
0.02938293288057976,0.9705936871623176,7.300600403260403e-06,4.326250856588178e-08,8.625313792328038e-06,3.776348452497183e-06,3.634431945884654e-06,1
0.019703990873282843,0.6701522339186355,2.0336300166102138e-05,3.745558046718451e-08,0.31011580725197446,4.0303631280642894e-06,3.5638372324697815e-06,1
0.0353728766909603,0.9642350229812062,4.1627682935565893e-05,5.7339436051588576e-08,0.00033901484202844914,5.9447098569918715e-06,5.4557535763864246e-06,1
0.03327063293587795,0.966359556446412,2.4975024695669596e-05,1.4829264164246744e-08,0.00033657839528319694,5.522041470070003e-06,2.720326997085887e-06,1
0.05861340144738125,0.9407692015792805,2.9802303381047742e-05,1.5091670993729405e-07,0.0005772204468494712,6.781211722484362e-06,3.4420946755899554e-06,1
0.20280009950151207,0.7936183868993526,0.00014706487952237602,2.207385865540631e-07,0.003308304626673043,0.00012006180604717047,5.861548306001354e-06,1
0.19371418689924835,0.8023295249624287,0.00019530078666371017,2.2168984334813478e-07,0.003594972485179287,0.00015990636841676245,5.886808219716066e-06,1
0.22619006500549876,0.7700836562778823,0.00028902939448800086,2.14704819206174e-07,0.0032741423592257657,0.00015719093196557408,5.701326120433615e-06,1
0.15115830223035803,0.8448839480742443,0.00028780830995129046,2.3414332915764406e-07,0.0034823576997239053,0.000181132041158903,6.217501234426761e-06,1
0.12431739395866337,0.8690150090974669,0.00041194066954149567,2.5160804436347043e-07,0.006071719328511599,0.00017700407406922208,6.681263703089825e-06,1
0.07123750645385721,0.9196647166582606,0.0015176553432578186,2.235157802304243e-07,0.007200918587658003,0.0003730441465762377,5.935294609913315e-06,1
0.04667074957542646,0.9490244727625553,0.0021523829585230136,1.921933750459652e-07,0.0018278434635917709,0.00032078633548951864,3.5727110389638186e-06,1
0.12586081528258422,0.8716645449035656,0.0002038295895952636,1.834813361991608e-07,0.002074590845364157,0.00019159355464554148,4.442342909264599e-06,1
0.19284350566632522,0.8047038391010474,0.00021238587205643018,1.7531369717605298e-07,0.002032292621250982,0.00020365350938393356,4.14791623882686e-06,1
0.21848330013591755,0.7784978763759609,0.00020291534794458234,2.109963992984498e-07,0.002642936247984727,0.00016825888676232488,4.502009030694595e-06,1
0.07295134136085973,0.8961672233891038,0.0026930978063729335,1.8380050422463191e-07,0.025902202705553726,0.002280897248669912,5.053688935739747e-06,1
0.07076567276143836,0.8902550191082855,0.004186932614986299,2.1989999916829811e-07,0.033174757604754225,0.001610931078374292,6.466932162109318e-06,1
0.07152694738860703,0.9135472635253634,0.004143476390527654,2.222656135028862e-07,0.00896042035743767,0.0018151335710866808,6.536501363934492e-06,1
0.03623977071271883,0.8962074561319722,0.03448494056415579,1.15659829858974e-07,0.03148409889599627,0.001577827414187692,5.790621139187935e-06,1
0.05918929648378195,0.8718987536862847,0.029989026049370284,3.258443964000242e-07,0.03229743853337121,0.006617401631276753,7.757771518987925e-06,1
0.014424061667090676,0.8403896072103815,0.0964628892937306,2.951685975249252e-07,0.01949732033258122,0.02921181990914138,1.4006418477027653e-05,1
0.02593312753139751,0.13186536509038593,0.05266145742483314,1.8416100047550866e-07,0.01127380400090982,0.77826422081708,1.8409743931149758e-06,5
0.00835042360443251,0.41006044260112656,0.2174579829056394,7.183296124680295e-07,0.0737206612911356,0.29040132076537567,8.450502677854595e-06,5
0.001814902993181958,0.19988364064398328,0.7280938051492274,2.965952936564214e-07,0.016503971377786225,0.053699955304805765,3.4279357217110606e-06,2
0.0020911469170173083,0.23762725794838696,0.6527255636637387,3.157358286353345e-07,0.016633896421501863,0.09091806434173805,3.7549717883492217e-06,2
0.0018511014531423827,0.2299559357560141,0.685954392135472,8.042963692175124e-65,0.010090220101621581,0.07214506841885909,3.2821348906120313e-06,1
0.002658490192197641,0.3488501135540604,0.5176720502507948,4.5881730711384255e-07,0.018781421153511366,0.11203324619988822,4.2198322404791e-06,1
0.0019974950887341105,0.36654839651295956,0.5368768091568986,4.5824659361888853e-07,0.016534466268597753,0.07803816014293924,4.214583277179896e-06,1
0.00026465603833542955,0.029789817476783647,0.964294798086635,6.096740579355893e-08,0.0012072145061896701,0.004442859317933919,5.936067166428681e-07,2
0.0010495884789523573,0.02505510794290497,0.9666286854890294,7.807849702355515e-09,0.0003645408338866627,0.006899121544216088,2.947903160979084e-06,2
0.000729209859685803,0.042953222933866636,0.9408504955596311,7.634723184406753e-08,0.0006395729243579459,0.014823235558439425,4.186816787297236e-06,2
0.0007243321999692679,0.04264621904932298,0.94543743818586,8.388045539880096e-08,0.0003008834653271901,0.010886833701268741,4.209517796481673e-06,2
0.8757925539255341,0.08630704274990583,1.0774421766587742e-05,1.5543243647115012e-07,1.3238679286782024e-05,6.90324497730534e-06,0.03786933154609277,0
0.8755626378102961,0.10305065587313259,1.0688292001124618e-05,2.1211179406142398e-07,1.412807117466338e-05,7.367014055011088e-06,0.021354310827546328,0
0.9043509679402613,0.08259656429695322,1.0896281944598687e-05,1.5928990307047355e-07,1.276466480374994e-05,6.7335372259744155e-06,0.01302191398890816,0
0.9142507344319404,0.07987051286597283,8.705318816060581e-06,1.6021981507911722e-07,1.2570737199830593e-05,6.772846667479397e-06,0.00585054357958819,0
0.9298571234602009,0.06301746190986551,1.070965345286019e-05,1.722122553700797e-07,1.1558896286500047e-05,6.206046892751799e-06,0.007096767821046087,0
0.9252305583863238,0.06573496270952935,9.843625398348674e-06,1.7654766164892013e-07,1.1849889000283788e-05,6.362282780887604e-06,0.00900624655930552,0
0.9109193993382313,0.07999650397083855,9.724566199286385e-06,2.230293806413766e-07,1.3366023673897712e-05,6.2853306152528414e-06,0.009054497741061183,0
0.9096800410987645,0.0846559145283223,1.218230007585528e-05,1.6389052685234278e-07,1.3742578221736948e-05,7.278895460995729e-06,0.005630676708627798,0
0.8688097329801211,0.12914308974956673,1.6388900944684653e-05,2.0170244095720385e-07,1.1825627163358794e-05,9.141054190311837e-06,0.0020096199855729074,0
0.8467504214333466,0.1514154402673727,1.3575063682527563e-05,1.6707181830904548e-07,9.795265855242638e-06,6.941728631371211e-06,0.001803659169293301,0
0.11338603040788595,0.0029184721393755607,2.403152024284189e-06,2.981210079032291e-08,2.5782454422370346e-06,1.340368683678063e-06,0.8836891458744874,6
0.10253563949455514,0.003187050428260158,2.2008468856979915e-06,2.7302421368885383e-08,2.2912259093750904e-06,1.2275320967422616e-06,0.8942715631698717,6
0.8326749325336814,0.10503153540114216,1.4183521300916067e-05,1.7984666126470528e-07,1.6479327076521675e-05,8.070889491457368e-06,0.062254618480646416,6
0.5315470779506405,0.45071684626368447,1.2216196895719853e-05,1.9089151140045871e-07,1.3172359174126178e-05,1.0292369697287236e-05,0.017700203968396406,1
0.6365531645736434,0.3494133295283904,1.6615404685212467e-05,3.0035833285164076e-07,1.7483091417415276e-05,1.276334601570656e-05,0.013986343697515165,1
0.6705183672194318,0.3206595960649507,1.6310333848405512e-05,2.548669038609762e-07,1.723413451280054e-05,1.1320262785743581e-05,0.00877691711756644,1
0.7552416782933612,0.2331749228630885,1.893170450207662e-05,2.631875653641337e-07,1.735996004295639e-05,1.1293042832330278e-05,0.011535550948607493,1
0.70036130394523,0.2978732750272257,1.9174863067872256e-05,2.6496981959539614e-07,1.79172950412992e-05,1.4453260501750425e-05,0.0017136106391136686,1
0.6222785932818694,0.37497678995566597,1.7348059089444604e-05,2.3729671535851314e-07,1.851873795031087e-05,1.2531361254982741e-05,0.0026959813074545085,1
0.6450715781823018,0.35471450175118313,2.1271756543071642e-05,2.3525155418956586e-07,1.781505754712317e-05,1.2423358692056318e-05,0.00016217464217872552,1
0.6243381580989412,0.37561188241497556,1.6974985851797025e-05,2.4897216348895765e-07,1.1905998309508267e-05,1.0889770112959331e-05,9.939759645467858e-06,0
0.5105452898320343,0.489404826527804,1.876584293712301e-05,2.2826544517223265e-07,1.4067653669592703e-05,1.2178807104370002e-05,4.64307100539033e-06,0
0.708624690349168,0.2898958227050548,1.684167142574701e-05,1.8564262827883966e-07,0.0014456298648284642,1.0344442701388697e-05,6.4853241933925265e-06,0
0.49792018836290297,0.5000134555737942,4.8020541435157936e-05,2.816875404539099e-07,0.0019266104976764834,6.863123934257564e-05,2.2812097308121844e-05,0
0.10959774628687238,0.8726967485889117,0.0023934826470000284,1.6628647475459705e-07,0.014592929179469605,0.0007054534861819017,1.3473525089523162e-05,1
0.14883235160524905,0.8406626893751804,0.0007093297272436555,1.588241892292312e-07,0.00830826379812834,0.0014691689685178318,1.8037701491374517e-05,1
0.042553217447778784,0.9204095156491983,0.0006760739540426358,1.9507513369160563e-07,0.022193317592286908,0.014154328800974655,1.335148058495445e-05,1
0.0770747038561588,0.8138592392156384,0.000568349325206458,1.9467861465816971e-07,0.10212686110532582,0.006363289421823505,7.362397232452243e-06,1
0.09311334415350783,0.8848643482076864,0.0007208290888522878,2.4741508145204e-07,0.014652495276738375,0.006628535442406145,2.020041572750699e-05,1
0.5251358805091851,0.42391933727700765,0.0034211860845926026,2.874163916168173e-07,0.035768640601088704,0.011743605180941967,1.1062930792427433e-05,0
0.05998103970933722,0.9225565712384927,0.0008339458085292906,1.8491398372944453e-07,0.01239466242683621,0.004201043015420698,3.2552887400052376e-05,1
0.08944624800670886,0.897904230537085,0.0006882294004682192,2.0214865768282896e-07,0.008156305690514723,0.003769197278471815,3.558693809360088e-05,1
0.09089301395315494,0.9024655225754329,0.0005617713080444221,1.7259151197791774e-07,0.0031856614693159925,0.0028634745050297302,3.0383597510085528e-05,1
0.10808753750988148,0.8876618787412203,0.0002934628150167004,1.5064861591413037e-07,0.0032825057356546793,0.000647943854248112,2.6520695362886907e-05,1
0.12640631309569783,0.8720845931501598,1.2729598648599459e-05,6.200167481246422e-08,0.0012091739299934312,1.3510021184950064e-05,0.00027361820264042586,1
0.13804652427872252,0.861904526538227,1.3792668571208657e-05,1.3102335700118433e-07,1.3489148286167561e-05,1.0527783204771904e-05,1.1008559631469799e-05,1
0.13662692783664643,0.8633052896473967,2.497452106471236e-05,1.8570353016246994e-07,2.3664890756489395e-05,1.3402156297892431e-05,5.555244307446081e-06,0
0.10934535954171248,0.8905956558854643,2.4956586513226332e-05,1.6604213374710845e-07,1.4711505116540797e-05,1.1902705754846774e-05,7.247733304837438e-06,0
0.13372213041095726,0.8662175978527415,2.5564569975890397e-05,1.7008719300912714e-07,1.3713416926675617e-05,1.2192675228679584e-05,8.630986976850105e-06,1
0.136433207815043,0.8635111049386898,2.2684522016423704e-05,1.4991394860140737e-07,1.2833833376145315e-05,1.113756643620668e-05,8.881410490074829e-06,1
0.22620278295545032,0.77370643584023,3.098960128456862e-05,2.2823757941247875e-07,3.446611966533107e-05,1.6604559998866762e-05,8.492685791683657e-06,1
0.9017845726979067,0.09812237782910076,3.853125406072773e-05,3.8227980294066416e-07,2.499717970778215e-05,1.871862788699729e-05,1.042013153405819e-05,0
0.6950602004202159,0.30486931911862103,2.4512416776508377e-05,2.1914647513166288e-07,1.820775190952923e-05,2.2346032955550607e-05,5.1951130460787035e-06,0
0.9581561577263749,0.041771621519530025,2.5890143600080697e-05,1.8732579214905512e-07,2.3781753706787433e-05,1.6582739954367783e-05,5.778791041707548e-06,0
0.8243790341849825,0.1755324925778023,1.9766518339035664e-05,1.680629921788375e-07,1.3393401486548666e-05,1.7689399991949494e-05,3.7455854405244315e-05,0
0.7594966860574562,0.23992395112173734,1.9942421018309716e-05,1.740113181901214e-07,1.1446785394249523e-05,1.933610318454587e-05,0.0005284634998910477,0
0.6653002498616215,0.33375137798044396,2.5257101670620394e-05,2.1364997226244558e-07,1.4774643596945723e-05,2.4386578512142535e-05,0.0008837401841826113,0
0.5550891405576496,0.44385066392268696,3.230229309145812e-05,2.5322365557730056e-07,1.6245195844970894e-05,2.3487223864637037e-05,0.000987907583206667,0
0.6075425036012626,0.38947400043965724,3.5261017810791965e-05,2.951867696670789e-07,1.779386627828376e-05,2.4485732924859452e-05,0.0029056601552964697,1
0.5832544344648916,0.4134853084386565,3.512916234415093e-05,2.883360255104165e-07,1.6177499224814802e-05,2.260031409027164e-05,0.0031860617847671176,0
0.6950361013169063,0.3016466415128805,3.685682258199187e-05,3.0748470368630745e-07,1.7251862810836813e-05,2.3613688966434877e-05,0.0032392273111504287,0
0.6238974582786591,0.37295863696295245,3.7993861643428984e-05,3.027323749048391e-07,1.776626384513538e-05,2.7469590275998633e-05,0.0030603723102489784,0
0.5975178537434637,0.4003699638126294,3.982018418539456e-05,2.9549873348414034e-07,1.8199875641392596e-05,2.9882116380122596e-05,0.002023984768966501,0
0.7353197132657799,0.26157874050875835,3.753470096961675e-05,2.528103938206332e-07,2.3911998455600847e-05,2.637004877808287e-05,0.003013476666864797,0
0.3819379899389827,0.6160444855991615,5.57090838366316e-05,3.604517024513393e-07,2.8487216427189376e-05,2.7548269065276815e-05,0.0019054194408243718,0
0.14844443239032118,0.0014064701982813008,1.637336917406643e-05,5.3117914661735264e-08,5.708783549993644e-06,5.895203743601491e-06,0.8501210669370152,6
0.07752674204412324,0.0006065316233071005,6.4465285124181e-06,2.8882013921425298e-08,2.437786389389144e-06,2.714926231144621e-06,0.9218550982094228,6
0.07424257866977116,0.0004740412259077962,5.57494894393424e-06,3.922032585076559e-08,2.5310124501998003e-06,3.72227701992347e-06,0.9252715126455812,6
0.06991362922199786,0.000540200417763022,3.757543207873057e-06,2.7099599280120124e-08,2.2178066346049424e-06,2.5554218592510067e-06,0.9295376124889381,6
0.07002066831046003,0.0005401383287437778,3.7571113271027473e-06,2.7096484533285636e-08,2.2175496469750495e-06,2.417385552977407e-06,0.9294307742177846,6
0.04006777865265032,0.0006572482594344596,3.013708606102648e-06,2.0688982894460835e-08,1.7994942993681163e-06,1.2378819589375249e-06,0.959268901314068,6
0.04134614130273889,0.0006026449482429172,2.2919965209608745e-06,1.8970169713890725e-08,1.5687070738439146e-06,1.1296622752695534e-06,0.9580462044129785,6
0.04861381666671263,0.0006760019081477993,2.4926351919094927e-06,2.0441886434875187e-08,2.2152903950152743e-06,1.1998476733259994e-06,0.950704253209993,6
0.11085640397483872,0.0008805710735912198,4.939860639801988e-06,3.8204081871052736e-08,3.2577295519439055e-06,2.2600474946284054e-06,0.8882525291098019,6
0.04108338953063202,0.00034020914552437495,1.9126450004436867e-06,1.486176370837777e-08,1.3976647883336545e-06,9.87702132093335e-07,0.958572088450159,6
0.8907943658433232,0.006979225346407376,3.422028261870775e-05,3.6612776035645644e-07,1.8642398594011068e-05,1.6448660549517776e-05,0.1021567313407467,0
0.9234030678089991,0.0058813711481258074,2.9301147427369218e-05,3.209875303466157e-07,1.6829928144560978e-05,1.1604921872218153e-05,0.07065750405790061,0
0.9714507083420266,0.004283786252275857,2.371487198384044e-05,1.937487471698621e-07,9.611653714870139e-06,1.1121676376215254e-05,0.0242208634548754,0
0.9770152510360124,0.0030618703857617745,2.6924981120264555e-05,2.3600918996176115e-07,1.1671091939380226e-05,1.38604693117135e-05,0.019870186026664866,0
0.025428148867297475,0.004001087080100932,9.510918392073531e-06,7.444557094959746e-08,5.686497525096069e-06,4.417284089476437e-06,0.9705510749070239,6
0.03416447570638308,0.0034883792250549103,9.430338825149447e-06,7.381484407136726e-08,5.360545666812316e-06,4.0270730877013435e-06,0.9623282532961382,6
0.12228532344055175,0.0028166992539389495,1.4640976482770034e-05,1.0478884181553656e-07,7.875983216791282e-06,5.9187023889184806e-06,0.874869436854579,6
0.12122417484869204,0.0027787027816578557,1.4659370121174364e-05,1.049204893232989e-07,7.885877911147135e-06,5.926138127353873e-06,0.8759685460630011,6
0.04274466552974133,0.00029709621304453585,3.498873466248925e-06,1.7764005665487533e-08,1.7971192772914967e-06,1.665782210919644e-06,0.956951258718254,6
0.03017759576857183,0.00020838754834960678,2.554578063030165e-06,1.296975715822286e-08,1.1626439127711108e-06,1.007353948946255e-06,0.9696092791373967,6
0.07823934669837022,0.004063086801917189,6.306313179007047e-06,3.201755768559414e-08,3.1402833753692816e-06,3.0145719746250177e-06,0.917685073313626,6
0.9148532987651377,0.03559282846803369,7.611225579351154e-05,3.50929606536658e-07,3.211598342955469e-05,2.411504223304495e-05,0.049421178555765846,0
0.8923114267911472,0.03909429041019223,5.926110490161879e-05,3.39844589000179e-07,3.029884389760479e-05,2.3353306371872182e-05,0.06848102969890062,0
0.2544238570892829,0.7386558595175944,2.5186001975822804e-05,1.1737923599484847e-07,7.06103283416902e-06,8.187004484536916e-06,0.006879731974592144,0
0.1983942244373334,0.7970058190763798,2.2418961401848314e-05,1.1330413526534401e-07,6.480104615310239e-06,7.2075224384597e-06,0.004563736593695736,1
0.2422672206500709,0.7531977229016771,2.1882844550594093e-05,1.2904076715064587e-07,6.961083466670877e-06,8.204262950179637e-06,0.004497879216517346,1
0.34580752186450564,0.6494394515026064,2.4036547372636795e-05,1.4174091971665933e-07,7.797843233911566e-06,9.220262907441912e-06,0.004711830238454201,1
0.223397124064318,0.5337859389462021,3.4089198269469356e-05,1.9703805259368274e-07,1.0676253425044028e-05,1.1793912543021508e-05,0.24276018058718987,1
0.22008778331458947,0.5081788439796641,3.374765223597119e-05,1.6842371252388846e-07,1.0548121188899759e-05,1.1652366597373346e-05,0.27167725614201155,1
0.19424980643181208,0.737384827325628,3.5417354183923865e-05,1.675158547238939e-07,1.106592076228731e-05,1.1511288406922573e-05,0.06830720416335195,1
0.21976155576189796,0.7774635882766092,2.5091250425118672e-05,1.7530495273130123e-07,1.056183961801517e-05,1.2046536570392452e-05,0.002726981029926581,1
0.23799458949524915,0.7596866682495271,2.4751784778001458e-05,1.7293320926640763e-07,1.0418945913638903e-05,1.0803545253238056e-05,0.0022725950460695883,1
0.23669387526855837,0.7606824394591931,2.4616508599391636e-05,1.7198807565628174e-07,1.03620031436132e-05,1.0744500528568536e-05,0.0025777902719012575,1
0.2831866987155183,0.7153667509290269,2.4114821299611e-05,1.7205389036509588e-07,1.0365968373278256e-05,1.0748172765487639e-05,0.001401149339126108,1
0.24415741980920158,0.7533722368086261,3.13312978283453e-05,2.1890227038305994e-07,1.284813616972529e-05,1.0473169184775706e-05,0.002415471876718985,1
0.03760070738967406,0.9620731299629894,1.5561495001452688e-05,8.671180249631059e-08,7.859674663844553e-06,5.766414799252981e-06,0.00029688835106946065,1
0.025004066725903492,0.9736151952996359,1.577417294615916e-05,6.344401143924244e-08,7.665420463717603e-06,5.469899390557237e-06,0.0013517650376487875,1
0.028735336549906315,0.9698943925440149,1.889303541271433e-05,6.604136803760101e-08,8.606682275271111e-06,5.695265686676473e-06,0.0013370098813358967,1
0.010474355300080052,0.9893007573660476,1.1811833828585432e-05,4.6609325268716595e-08,7.195488675816972e-06,3.7011513907621733e-06,0.00020213225065196728,1
0.011096010916499305,0.9887134360590606,1.3579379104250125e-05,5.088546047483353e-08,6.944649518859627e-06,3.698954116519741e-06,0.00016627915624014224,1
0.01788577601586164,0.9820691797277423,1.0338064345440324e-05,2.3175155715592024e-09,7.694346929275963e-06,4.958963085398132e-06,2.2050564520340464e-05,1
0.03910463037538092,0.960865430851382,9.007499329032976e-06,5.337739300255793e-08,1.1871796952599866e-05,4.5219281923202696e-06,4.484171370254949e-06,1
0.014729093380117641,0.9852398783504707,2.1411232343781386e-05,2.949258525059606e-08,3.5323119308707756e-06,2.8225199928591703e-06,3.2327125590091318e-06,1
0.02521974596880202,0.9743608893356756,2.7236296333985868e-05,5.448662358736989e-08,0.0003837780284259632,5.648942344368764e-06,2.646941794620895e-06,1
0.24169311027020707,0.7545667600834542,0.0001559317387976652,2.2936047703452614e-07,0.003449337766167959,0.0001285402847275939,6.0904961683992575e-06,1
0.2150969440808468,0.7814865992189342,0.00016825111750664708,2.258291269574177e-07,0.003076647705391482,0.00016533532438934494,5.996723804511699e-06,1
0.17982401413227708,0.8170347276616169,0.00014313184186645872,2.0784331887877115e-07,0.002831612904520936,0.00016078649229594552,5.519124103792243e-06,1
0.16072542529094602,0.8359808160552648,0.00016299433772522983,2.3668586716620602e-07,0.0029632838502675492,0.00016095876349729032,6.2850164323343115e-06,1
0.14725693800795628,0.8491256622644211,0.00016591755576703473,2.791979110586854e-07,0.003275532240165228,0.0001692565241609402,6.414209618489583e-06,1
0.06949774137273196,0.9283121022293288,0.0006906141879224083,2.04302002588264e-07,0.0013669960199493049,0.00012764702934118754,4.694858723715809e-06,1
0.07660520660765287,0.9211998253254546,0.0007077488863630359,2.0089363030942487e-07,0.0013605841085806759,0.00012181764396812987,4.616534350365304e-06,1
0.07171229205228927,0.921360426068942,0.0014633962954422838,2.1351134989090683e-07,0.005037857471008406,0.0004171179917967988,8.696609171342184e-06,1
0.0699008303345073,0.9221186919196415,0.0020047557061232415,1.882304859013169e-07,0.005645926781359458,0.0003255637496434697,4.0432782393922705e-06,1
0.1840051182155377,0.8133831222907925,0.00018702184631099226,1.9599157595379496e-07,0.0022279970355316863,0.00019179938672615672,4.745233524835847e-06,1
0.18605405790709234,0.8119053033528744,0.00016409286750462184,1.7688261640039686e-07,0.0017008699190574732,0.0001713140340392776,4.185036815444034e-06,1
0.1715161580097624,0.8264001276649922,0.00018916898159992122,1.8268906015156102e-07,0.001696712759428493,0.00019322673437218232,4.423160784503883e-06,1
0.1929145302216624,0.8045931683591366,0.00022950249015633894,2.0297142313248326e-07,0.00205169744860262,0.00020598428351253708,4.914225506605263e-06,1
0.17416517221550057,0.8117881716144645,0.0022071635465612067,2.3238609703580298e-07,0.011539593440404613,0.00029403582866362714,5.630968308236445e-06,1
0.11711748495457203,0.8697912215401009,0.002489903752136297,1.6825607388847728e-07,0.010255239447512632,0.00034135576273665097,4.626286867755244e-06,1
0.07156349246999658,0.9041225926138183,0.00250649636869535,1.75312745539084e-07,0.020834634884221576,0.0009677880368561409,4.820313666507847e-06,1
0.07337922163802646,0.8985768333065157,0.002882992254221018,1.8060591942983089e-07,0.02297842047567482,0.0021773858674507926,4.965852191766306e-06,1
0.05199916746561879,0.9042103711798352,0.03538650807457425,1.4043165694680916e-07,0.007055794446183718,0.001341822297323665,6.196104807713024e-06,1
0.0451540855310643,0.9400710078355438,0.0034738717159485425,1.2036570734260392e-07,0.01014105581905024,0.0011557672665884618,4.091466097261612e-06,1
0.048589894782299546,0.9264339905933029,0.006761686274720885,1.5419081693769417e-07,0.016564040508560935,0.001644888347038974,5.345303259871646e-06,1
0.05063925512657883,0.905874926559959,0.015594609224453552,2.0230343982032294e-07,0.020941278935020756,0.006944162222463994,5.565628083790932e-06,1
0.09788526745764718,0.814836547105984,0.027123052690102904,2.497807338784648e-07,0.04892910024382703,0.01121891093213716,6.871789567684035e-06,1
0.05265974754261816,0.8726046800084297,0.03156493875467643,3.261082138849899e-07,0.03604303124782264,0.007119512285698344,7.764052540830526e-06,1
0.01781526957870224,0.8866395821552854,0.056014669149584174,3.2343292952719385e-07,0.01696583656196537,0.02255300520978972,1.1313911743438094e-05,1
0.009633953716045746,0.3216921363603557,0.6169355665990631,1.0850234179365527e-07,0.020963715310870965,0.030768293984938914,6.225526383899692e-06,2
0.020945405915668073,0.21187555454920382,0.023169464269556017,2.6815318396196646e-07,0.007755542719703833,0.7362514446017147,2.3197909696114735e-06,5
0.01922538559674209,0.15776223878547024,0.05833226665759192,2.0092619999811233e-07,0.014760411369177148,0.7499174880962934,2.0085685250803993e-06,5
0.01917704901244082,0.15736559198136643,0.05365114984636194,1.9663224633366105e-07,0.013437150042867602,0.7563668589661473,2.003518569575014e-06,5
0.000681224427275477,0.07608504996119969,0.04734430051770913,1.0229036066517592e-07,0.846854852817959,0.029033287752369654,1.1822331264536333e-06,4
0.0018781609218218613,0.19793649777166475,0.7168906434121917,2.7914630780676517e-07,0.04079003985756336,0.042501152623478144,3.2262669724727257e-06,2
0.00025960153115789006,0.044340167202030295,0.9501563343536729,6.876528162218684e-08,0.0023053080312850174,0.0029379590064538977,5.611101185116766e-07,2
0.00026210279681608095,0.029716495445961697,0.9592554227705967,6.037922910664783e-08,0.0007214192871705088,0.010043911440268193,5.878799577726402e-07,2
0.0007178523545793797,0.042264707767738885,0.9374893617783742,8.313006437346664e-08,0.00033916876568915915,0.019186482005520852,2.3441980332673815e-06,2
0.0008951348947351278,0.04585025402906219,0.9189567913875528,2.214904684019878e-07,0.00018521604198172868,0.03410959756492783,2.784591272124109e-06,2
0.8832963623878543,0.0835860831827053,9.545271939110816e-06,1.554316161485898e-07,1.3476626528761812e-05,6.903208544191876e-06,0.03308747389081222,0
0.8900990608148208,0.08187102468183548,1.1405679707719188e-05,2.0723733165334108e-07,1.3644600431317774e-05,7.197715439486809e-06,0.027997459270433456,0
0.8543493007572409,0.13013300516768372,1.117479537286e-05,1.9728623490357725e-07,1.2437978052607856e-05,7.046573906905497e-06,0.015486837441507958,0
0.8971603863662878,0.0945579042804373,1.2491073019124965e-05,1.738013116091163e-07,1.4632914322424625e-05,7.719064685944152e-06,0.008246692499935813,0
0.902152633064972,0.09113301608558048,1.1127275914696352e-05,1.6266674365644612e-07,1.3186974488284224e-05,6.8762837614015084e-06,0.006682997648539583,0
0.9088812973930567,0.08524871364449733,9.837934952831498e-06,1.604102507164898e-07,1.2363396992597643e-05,6.7808968039204556e-06,0.005840846323445991,0
0.9143834504044267,0.07862324669330867,1.0188277312472037e-05,1.641571997230272e-07,1.2711911731809766e-05,5.915765269287164e-06,0.006964322790751412,0
0.876224412493141,0.11826550092973907,1.3586199360070576e-05,1.8655272120718705e-07,1.5642852658454344e-05,8.285395023806312e-06,0.0054723855773564836,0
0.8754440234182435,0.11957270429654238,1.4449527218133878e-05,1.9174913065946235e-07,1.6078582927565048e-05,8.516183965071473e-06,0.004944036241972546,0
0.5739710608360652,0.42199820166543256,1.2974223169884768e-05,1.740774763912794e-07,2.9936991157388974e-06,7.2328093042413835e-06,0.004007362689435966,0
0.8729445030660751,0.09081839338686967,1.1292856650467752e-05,1.7682812885206098e-07,1.5333850753218755e-05,8.782654624519964e-06,0.036201517356898326,1
0.8910892610487149,0.09310687803940952,1.0591146924823198e-05,1.7811795269415329e-07,1.4001537352593893e-05,1.1418754976192453e-05,0.015767671354669305,1
0.5344039188063693,0.45063095783927404,1.3063305102450103e-05,1.9151685224122072e-07,1.3500722505844554e-05,1.0326086435515753e-05,0.014928041723460711,1
0.5297919200672748,0.44547138628269173,1.554429390892697e-05,2.3267647266987506e-07,1.4975174549163097e-05,1.1940557903235794e-05,0.024694000947199417,1
0.6247620557398922,0.3682694839394875,1.605963993384482e-05,2.2880244587811917e-07,1.3828173680249518e-05,1.2336427865987854e-05,0.006926007276694307,1
0.6932939946060299,0.29788847933794393,2.0396802469046178e-05,2.917734071431591e-07,1.918651939271835e-05,1.2959515702964692e-05,0.008764691445054349,1
0.6951069686786833,0.30140531074484517,1.6966948021215746e-05,2.5417628855357505e-07,1.6706613198295074e-05,1.0906380434907256e-05,0.0034428864585285797,1
0.728858721281714,0.2692020651764868,1.895070771600982e-05,2.778301403090479e-07,1.7946011405959413e-05,1.5154750074013001e-05,0.0018868842424627536,1
0.7300436175301669,0.2673575358728228,1.8436251593482838e-05,2.7028786701527747e-07,1.725797779716818e-05,1.4743343066012155e-05,0.0025481387366867872,1
0.6487677575885963,0.3511340356686696,1.3642860515813634e-05,2.101435076746134e-07,1.3801818485883311e-05,9.819510750515483e-06,6.073240947409551e-05,1
0.6663790936866746,0.3335666852047351,1.768674684766202e-05,2.4259224024448296e-07,1.458885775880481e-05,1.1346378070574816e-05,1.0356533673186291e-05,1
0.4925085623503394,0.5074485117798,1.6177226837689838e-05,2.511049030850778e-07,1.1641048097290937e-05,1.1049910757319217e-05,3.806579265290361e-06,0
0.5080316411382048,0.49192655330929436,1.6668074088155902e-05,1.928195532427223e-07,1.0086673486404457e-05,1.0935907389357025e-05,3.922077983630378e-06,0
0.5668847764646874,0.43306900576811164,1.7053589920773988e-05,2.761800679365691e-07,1.2903581512903347e-05,1.1764992721075526e-05,4.21942297845437e-06,0
0.6907534153427336,0.30920428358615515,1.5011293308877394e-05,1.4591946474898125e-07,1.3387874970935734e-05,9.220193149596147e-06,4.535790217184926e-06,0
0.62987603927196,0.37007784867745563,1.571499760046917e-05,1.4736905481582927e-07,1.6162612273562358e-05,1.01988450539112e-05,3.888226601543933e-06,0
0.6177029777934371,0.37752338839989463,2.0292338539710318e-05,1.360048385409169e-07,0.004729178781999991,1.2463901473597614e-05,1.1562779816350418e-05,0
0.6825482823498414,0.316241889050876,2.0488510742382023e-05,1.4431050619748892e-07,0.0011669763226852315,1.2584393796410677e-05,9.635061552349557e-06,0
0.4586735817186795,0.5393120177692216,4.378519164157642e-05,3.2265629082123735e-07,0.001889005959540134,5.8336523277136884e-05,2.295018134932938e-05,0
0.10891379240611314,0.8707194101215807,0.002797344734861818,1.7589725801952214e-07,0.01700185582561662,0.0005513594019977818,1.6061612571914384e-05,1
0.08850281087188093,0.8973930876168172,0.0004304766119554544,1.5093998486160779e-07,0.01301476143423527,0.000636649054324981,2.206347080122047e-05,1
0.04682191210194108,0.8000824911810398,0.0010199254646495496,1.9430216290943338e-07,0.13495280785739783,0.017119155934698604,3.5131581102255064e-06,1
0.084606357105355,0.8395361779068718,0.0007399076222544812,2.207394944164058e-07,0.05946476450665611,0.015643380479237363,9.191640130995558e-06,1
0.09977327047774505,0.8393622271745614,0.0008727514000361751,3.1494767703171587e-07,0.048817570803361854,0.011148137558679043,2.572763793941284e-05,1
0.07348603181194914,0.8989154385995787,0.0008226798324122464,2.40058949008555e-07,0.020893814094762764,0.005842507448274804,3.928815407318293e-05,1
0.04913922652880238,0.9331708214385668,0.0007622090566864513,1.8704146658522418e-07,0.012537266200139004,0.004357362317611435,3.292741672689371e-05,1
0.05485359131455004,0.9278702360242118,0.0006718974892997686,2.076876065136192e-07,0.010733037773920338,0.005834467676903706,3.656203350805686e-05,1
0.09827184946787934,0.8988745545525993,0.0003096678406527792,6.961247768930026e-08,0.0020494595602838033,0.0004682860068537499,2.611295925349066e-05,1
0.10335974269216157,0.8942605626216188,0.00030520456760443676,6.077112536117644e-08,0.001477429188016062,0.0005753315967852916,2.166856268838541e-05,1
0.09048232303140925,0.9069817889936581,0.00012746524466021643,6.995620659324828e-08,0.0020357362209743645,0.0003476729562930284,2.4943596798617844e-05,1
0.13658684919165892,0.8596811501581361,1.3352024960135614e-05,6.503330800278734e-08,0.0034191109779597444,1.2475578795331131e-05,0.0002869970351818093,1
0.11717411371824492,0.8827725091574071,2.3618423160524006e-05,1.612137049176348e-07,1.3209679254405552e-05,1.1562638775634947e-05,4.82516945274497e-06,0
0.08929726472215058,0.9106492976716052,2.2554791161075277e-05,1.5999939012200995e-07,1.2464301483560279e-05,1.1475545166881939e-05,6.782969042952304e-06,0
0.9404426963461755,0.05948172684950917,3.12117063291165e-05,2.2582947791789005e-07,2.0947320057178762e-05,1.5379028385396765e-05,7.812920065670599e-06,0
0.9430669018265394,0.0568550822036842,3.003298560393266e-05,2.173009507309306e-07,2.7324426559442578e-05,1.4798234137882422e-05,5.643022524332423e-06,0
0.9452790405493684,0.05464416901932722,2.8634107135721275e-05,2.0717949210846325e-07,2.605170754061741e-05,1.6796798077271054e-05,5.10063905858141e-06,0
0.9304787854081894,0.06945660798530211,2.7014128124982215e-05,1.9545828050998484e-07,1.6084925073603342e-05,1.6236298187335858e-05,5.075796842006796e-06,0
0.7207400654453747,0.2791943522842341,2.3598195640424644e-05,1.8652827413080714e-07,1.6022745076217398e-05,2.1018370173450873e-05,4.756431226867571e-06,0
0.7016416285575472,0.298286215137532,2.5768556340129782e-05,2.0566073291398382e-07,1.838015857396272e-05,2.255762442627858e-05,5.244304847245578e-06,0
0.7713093219781066,0.22862898736406304,1.7890505513589908e-05,1.521123668131328e-07,1.1723042489460915e-05,1.4720917330419458e-05,1.7204080130138375e-05,0
0.8152217539611922,0.1846834426058448,2.0791888266172586e-05,1.7678110505481678e-07,1.408817184877564e-05,1.7113438884151874e-05,4.263315285888028e-05,0
0.7779376727639947,0.22198467752132167,1.8044249987955672e-05,1.4262797289774664e-07,9.691764735326841e-06,1.4777072821307924e-05,3.49939991660996e-05,0
0.5456729422812345,0.453211531064799,3.203429351106777e-05,2.5524696183867517e-07,1.616555534822863e-05,2.2194455071649557e-05,0.0010448771030736347,1
0.5544511011847959,0.4411573577624918,3.658259220213141e-05,2.9148748083210065e-07,2.3579287236121267e-05,2.536494267616768e-05,0.004305722743117091,1
0.5995332784398043,0.39869343686971487,4.057798579160508e-05,2.982273220504519e-07,1.8367930414412665e-05,3.0158043116358064e-05,0.0016838825038364676,0
0.741158806333158,0.25405674134826756,4.485777730100547e-05,2.942772246617057e-07,2.410188100857789e-05,2.3239964150245067e-05,0.004691958418890004,0
0.49976639844247855,0.4990297182624553,4.012119377259667e-05,2.0584754073856807e-72,2.5333802685938065e-05,2.2504358298080878e-05,0.0011159239403096507,0
0.9573881640741175,0.025433390398800465,8.738117215399243e-05,1.658473434474036e-07,2.090720867239853e-05,3.363825416541946e-05,0.01703635304474677,0
0.9667600548252602,0.015340480832176675,5.5133078491984304e-05,1.0464124454474976e-07,1.283813324925007e-05,2.1224028718303867e-05,0.017810164460859104,0
0.31701202876760654,0.004356415429191528,2.955840641900954e-05,5.6101137811384184e-08,6.882887199884986e-06,1.154349860956603e-05,0.6785835149098356,0
0.06244852771256215,0.000520595426151191,3.900029436687647e-06,2.420328132241133e-08,1.805364260582249e-06,2.2905666413124884e-06,0.9370228566976667,6
0.06824929412455923,0.00047823008953286946,5.13061857833935e-06,2.2986417716089014e-08,1.94016859078953e-06,2.3229142847706877e-06,0.9312630590980362,6
0.04991967940237582,0.0003540473652768976,3.851186110518799e-06,2.3765602083618363e-08,2.016611570463296e-06,2.2753661633342058e-06,0.949718106302901,6
0.07897205070280429,0.0005226495931290857,5.930089694543174e-06,4.171877670688022e-08,2.692245435542656e-06,3.959397084721251e-06,0.9204926762530751,6
0.06611492041847306,0.00042689346140573244,4.964635016312252e-06,3.492670606100249e-08,2.2539315002437838e-06,3.3147831521637796e-06,0.9334476178437464,6
0.0595689492755633,0.0003794628947509055,4.702012899231771e-06,2.7360156335787046e-08,2.239130387800619e-06,2.730520841784358e-06,0.9400418888054006,6
0.06066527880296385,0.00038644667373521885,4.788550527347377e-06,2.7356902284660477e-08,2.280340192400155e-06,2.780774382604472e-06,0.9389383975012963,6
0.06587471760680375,0.00036437983965770655,3.608038060489027e-06,2.6021360292492968e-08,2.129564533467913e-06,2.453746721917868e-06,0.9337526851828624,6
0.05803363461367641,0.00039867817957709426,3.6831413513354468e-06,2.6563009176873506e-08,2.1738905484366993e-06,2.369792086825886e-06,0.9415594338197508,6
0.015916357482944798,0.00038258941448950545,1.1366865475352504e-06,9.337544148628425e-09,7.834338776802428e-07,6.125848734123869e-07,0.9836985110597228,6
0.04657925618090076,0.0003276862394724205,1.9975198051348397e-06,1.552126366358222e-08,1.459687027644139e-06,1.1218980071572573e-06,0.9530884629535232,6
0.035335046066865515,0.0002442154023283205,1.4542971375093943e-06,1.2797272936998903e-08,1.0793714569885603e-06,7.627705142799867e-07,0.9644174292944244,6
0.890241859122044,0.009573194295222475,3.817107337170373e-05,4.0861193443886093e-07,1.9530189976656278e-05,1.8347686829408234e-05,0.10010848902062118,0
0.8217185591361705,0.0075481666023756114,3.102776618474143e-05,3.635878823415451e-07,1.6217735405272168e-05,1.2765519409709591e-05,0.17067289965257187,0
0.8781949864579265,0.007437669009883181,3.356980372568732e-05,3.5826532021824525e-07,1.7132778461041452e-05,1.257864500218865e-05,0.1143037050396812,0
0.9140345575506398,0.006019984361618874,2.5172711047141626e-05,2.8396086759351755e-07,1.4458646002766022e-05,9.969826121591913e-06,0.07989557294370207,0
0.9516482035168691,0.00381371906659477,2.910055356738306e-05,3.282037002653704e-07,1.3489362364340657e-05,1.01252947396606e-05,0.04448503400216425,0
0.9605369321902899,0.004352853754492805,3.452327355666234e-05,2.597194598434444e-07,1.2816962708295814e-05,1.1168521465642364e-05,0.035051445578026925,0
0.9638068547152117,0.004316474356424938,2.389583204105106e-05,1.9522717743068045e-07,9.684996948909807e-06,1.1206542075456189e-05,0.03183168833012052,0
0.96111239298781,0.004402953452391943,2.6893515128909304e-05,2.197180261723722e-07,1.089995993951964e-05,1.2904240927814663e-05,0.034433736125775286,0
0.9643188125130991,0.0036525480994371914,2.1720920178069367e-05,1.9039332854320885e-07,9.445195235117798e-06,1.0928619978081752e-05,0.03198635425874373,0
0.3854177352032557,0.003936899195500523,3.941665390177806e-05,1.6216160988781206e-07,1.5907030693286168e-05,1.5205741790083286e-05,0.6105746740132487,6
0.032129580826624454,0.00031029767842212253,3.447880313167108e-06,1.3700264188396168e-08,1.4690369194566304e-06,1.1561422128208294e-06,0.9675540347352437,6
0.8313518309531982,0.09908337374540974,7.812104784489626e-05,2.7986652167248017e-07,3.0601312530548174e-05,2.5347774192082543e-05,0.06943044530030275,0
0.927701148556909,0.03727958613381232,8.150946177867291e-05,3.680144514775962e-07,3.2810327950745945e-05,2.528803814365953e-05,0.03487928946695423,0
0.6667735707673704,0.327344953164934,5.361578565113602e-05,2.9279373122327227e-07,1.7410590477844155e-05,2.0120084092370458e-05,0.0057900368137429005,0
0.2038145526579535,0.791885916326253,2.5323176493457376e-05,1.1801853714686792e-07,6.749731291506537e-06,7.507415794209033e-06,0.004259832673676996,1
0.24181385425946658,0.7536945736698886,2.2302195765738097e-05,1.296577213667128e-07,6.9980315701920475e-06,8.247809613317567e-06,0.004453894375974179,1
0.47292395118047464,0.5215478649177174,3.407363628310359e-05,1.8236874998362924e-07,9.306441514890453e-06,1.0802608313911465e-05,0.005473818846946036,1
0.2973891491912674,0.6565113781870261,4.028863764732279e-05,1.7311733915719474e-07,1.0842075892793012e-05,1.1012370409428153e-05,0.04603715642041788,1
0.22377073763051142,0.6793176257340272,4.5129471129566655e-05,1.690158595826054e-07,1.1662013691769787e-05,1.1788572217503452e-05,0.09684288756256315,1
0.18505462628697536,0.7633644103715492,4.2302452776239e-05,1.818782982327645e-07,1.034492083799474e-05,1.2498241132867505e-05,0.051515635848429935,1
0.12709998418766766,0.868274916745503,2.3687246856613044e-05,1.4182800957713897e-07,8.27195319910222e-06,8.860330101680133e-06,0.004584137708662301,1
0.19834781860667974,0.7994034821722823,2.6150083524441282e-05,1.8270269829129395e-07,1.0655921733099484e-05,1.1413868263081566e-05,0.0022002966448187713,1
0.2079297559283451,0.7907239779118979,2.4454595302590704e-05,1.7085683658444013e-07,1.0293847820787059e-05,1.0673829356983185e-05,0.0013006730304402666,1
0.3611887936980529,0.6360298848770096,3.359649487006453e-05,2.3472851473508065e-07,1.3777033536272856e-05,1.4663444249969558e-05,0.0027190497237662994,1
0.039697917274349,0.9597130256642912,1.880327478450801e-05,8.339475811844429e-08,7.285892269322043e-06,5.024241334689786e-06,0.0005578602582130674,1
0.01476750217258338,0.9850795624619116,9.209933055506857e-06,4.52833545140119e-08,3.8011212860511564e-06,2.786190930719054e-06,0.00013709283687832056,1
0.012977340119369053,0.9869040255896178,7.644632266180528e-06,3.6599753588659e-08,3.534734004331735e-06,2.4101027771979425e-06,0.00010500822221162137,1
0.017322953263254594,0.9818269523875804,1.4232608481987163e-05,4.975065754978947e-08,6.483634655676193e-06,3.263663025840771e-06,0.0008260646923441833,1
0.016475354044028116,0.9826738183655971,1.4244884690001739e-05,4.9793569530521326e-08,6.48922705624172e-06,3.2664780689332165e-06,0.00082677720699036,1
0.017000497641549865,0.982865016896591,1.2491446408710783e-05,2.6540422442746554e-08,5.731625785233334e-06,4.144831163153857e-06,0.000112091018079497,1
0.007606388863147357,0.9922868300197526,1.067967424719051e-05,2.2262019501287165e-08,4.940370319040811e-06,3.231905205763251e-06,8.790690530856861e-05,1
0.007505832200420392,0.9923691925741122,1.0680560689723169e-05,3.678048125064452e-08,4.940780383456308e-06,3.232173462843907e-06,0.00010608493045024112,1
0.009083629876709517,0.9906773209558711,1.1905284569020981e-05,3.7753987312203e-08,5.152517190099778e-06,2.984823956377239e-06,0.0002189687877168828,1
0.011440317619654484,0.9882932520803317,1.3537029668568115e-05,4.292857036629952e-08,5.858724137656098e-06,3.3939256318216894e-06,0.00024359769200524986,1
0.015308950324451467,0.9846708390011305,9.063324409158341e-06,4.963046674843533e-08,4.972730901812542e-06,3.883828162540011e-06,2.241160477404489e-06,1
0.01501124036903049,0.9849673088251416,6.845331823547823e-06,4.576859285034342e-08,6.302715654703428e-06,3.4364808508968468e-06,4.820508905990429e-06,1
0.029714544067532166,0.9702576661813032,8.846639980082388e-06,4.990547878781049e-08,1.2111259426319743e-05,2.9440425975536054e-06,3.837903681852235e-06,1
0.04478651039660485,0.9551789556748206,1.1003123377646286e-05,2.3120455375575355e-09,1.50635362156149e-05,3.6915143838275346e-06,4.773442551976644e-06,1
0.01651616481993823,0.9834628008946539,1.708101280633002e-05,7.289821047228268e-09,1.3660052659135307e-19,2.4769444002073376e-06,1.4690383805264635e-06,1
0.015349679487823826,0.9846272630418772,1.2572067027292634e-05,2.459390844081439e-08,9.35042491109212e-20,2.2843238577949937e-06,8.176485505655989e-06,1
0.01938705367865958,0.9805829712861028,1.7338926038519632e-05,3.685311030402827e-08,5.908304620645614e-06,3.5269421025090428e-06,3.1640093657418138e-06,1
0.024778506815736418,0.974786584306585,2.5586607788300705e-05,1.5192400030958614e-08,0.0004008451668269691,5.761995305212554e-06,2.6999153583113394e-06,1
0.20701093824761715,0.7884899375265739,0.00016863209722545172,2.531101301009801e-07,0.0041665359197530635,0.00015698194823245167,6.721150468007622e-06,1
0.07651234824775462,0.9217528953059005,0.0002945364390491588,2.0286051313579176e-07,0.0013733235005551935,5.8313414673096224e-05,8.38023155445262e-06,1
0.0737988628225517,0.92450591968937,0.00029230616810507455,1.9785086871480543e-07,0.0013387934276976004,5.6847215007523605e-05,7.072826399504157e-06,1
0.06208878182594797,0.9360385781502993,0.0006256689933362298,1.811901070751956e-07,0.0011128974504148919,0.00012599707042074127,7.895319473700705e-06,1
0.16132258515440667,0.836294370683991,0.00015791042173177625,1.995952576488891e-07,0.002043770209053668,0.0001763314517985772,4.832483760511434e-06,1
0.1797107838252187,0.8180538799336973,0.00017723424517418224,2.0603602305525533e-07,0.0018759118833908616,0.00017699565268642847,4.988423809379131e-06,1
0.18167554645648765,0.816056993192126,0.00019662324724557367,2.0586335526961367e-07,0.0018743397818420137,0.00019130721566567284,4.984243277837924e-06,1
0.10149107935735763,0.8865246193919332,0.002417404282393522,1.6237830452369966e-07,0.009244268118061314,0.0003180017973593261,4.464674590732851e-06,1
0.06734303541242767,0.8959848604482039,0.002471695603442948,1.6574924830702095e-07,0.03337641199697081,0.0008192734292908689,4.557360415359052e-06,1
0.0756931392683211,0.8963242038077677,0.003336034178266496,1.9073129395103723e-07,0.023276062346677527,0.001363886337494605,6.48333017863878e-06,1
0.04713617117660691,0.9393600687971498,0.004160485427940959,1.3902000990599577e-07,0.008220690898248575,0.0011183563081629956,4.088371881028408e-06,1
0.051257628921746526,0.9113152522200347,0.026565783200641055,1.3462973876094717e-07,0.009631078169302476,0.0012241827451052272,5.9401134312173845e-06,1
0.04392395319262287,0.942748428000872,0.0033792330606170007,1.1708658548020575e-07,0.008820007947445484,0.0011242807095334104,3.9800023238580826e-06,1
0.027426031284619002,0.9428129456709097,0.00627417803009246,1.6844691264943406e-07,0.017700021623693312,0.005782020752340087,4.634191432939677e-06,1
0.04565343184525586,0.9066435681067381,0.02128403280282707,1.8238511365958777e-07,0.02046455050782242,0.005949216702955589,5.01764928738117e-06,1
0.06448138749177638,0.8806621127670791,0.022904194824116045,2.347210815030702e-07,0.02353196246835992,0.008413650248444829,6.457479142379036e-06,1
0.06990774648299218,0.8492030190285037,0.030718752425726723,2.2633635324193988e-07,0.03999812321618268,0.010165905705768216,6.226804473047909e-06,1
0.09779463131946572,0.8101113752736765,0.03316533783972556,2.443628411938285e-07,0.047946122386791405,0.010975566081135224,6.722736364696701e-06,1
0.0539806716544685,0.8765893083792438,0.02517648835411979,3.342883556990863e-07,0.03694713943787602,0.007298099078868637,7.958807067493532e-06,1
0.06559294385742027,0.8787292320199501,0.019677505228897,3.280682259918333e-07,0.03251786276144963,0.0034743173471379007,7.810716918881316e-06,1
0.025962787015775965,0.88059702958054,0.05530696607003694,3.2383472319129163e-07,0.024068375886431653,0.014053552459231042,1.0965153261493272e-05,1
0.008706904456638314,0.3038283734055506,0.6577809166009319,9.969268370932864e-08,0.007724833363339876,0.02195340604294076,5.466437915048462e-06,2
0.013465726552818776,0.34799410691844057,0.5874597812425364,1.1938056189892719e-07,0.01809524423318713,0.03297381031787077,1.1211354584520274e-05,2
0.02560250325655928,0.5363598821334878,0.22170323481861035,2.7127019216732456e-07,0.052333467174400294,0.1639861698354471,1.4471511302880344e-05,2
0.017814042767412722,0.49305505701484753,0.11705200774220696,5.579425984679912e-07,0.036837048111233936,0.3352277821933302,1.3504228370176217e-05,5
0.006119658575354378,0.29481894024098243,0.13156081993723565,6.082499227978147e-07,0.054879293070673976,0.5126144823664884,6.197559342327332e-06,5
0.001081710412987796,0.06294169769099262,0.03636934186576066,8.382689861761613e-08,0.8684991038822624,0.03110691141187913,1.1509092186985852e-06,4
0.0009502815796362209,0.058309608593241254,0.109894684393916,8.478729945281065e-08,0.8122626011174778,0.01858185392502098,8.856034083207431e-07,4
0.0007690495868806916,0.06291038953834809,0.04269899158921695,8.115858605153174e-08,0.8763522492527144,0.017268283394415333,9.554798383675745e-07,4
0.0009735451271766344,0.08262749607055972,0.13354358105935057,1.248061947285493e-07,0.7546944553386188,0.028159355135517178,1.442462582351088e-06,4
0.0034334898883852014,0.307655005052491,0.5533105989557081,4.262314048933496e-07,0.06228273671518565,0.07331281693618107,4.926220644085971e-06,2
0.0003549820905886205,0.0405797409716389,0.9456877665304207,5.801192559405654e-08,0.004693011811174903,0.008683770104455129,6.704797961476526e-07,2
0.0006319662143290336,0.08016627632655741,0.8987170775766851,2.8324510573690008e-65,0.006251871600374598,0.01423165242871462,1.155853339284172e-06,2
0.0005214536351740474,0.06503260172046559,0.9211264909073742,9.095315977908017e-08,0.004815849137112723,0.008502515497654886,9.981490589294733e-07,2
0.00036803900458253527,0.061260998955473,0.925992601741458,8.482898840851745e-08,0.002865306308480343,0.009512038220573754,9.30940444021561e-07,2
0.00034484303848513316,0.06329254563816455,0.9296240417751455,9.191518629987885e-08,0.0030460612236010865,0.0036915219497658607,8.944596517402211e-07,2
0.0001990593980250032,0.03139873349387226,0.9633024551961887,5.817173130474307e-08,0.0025728552168065954,0.002526272136632849,5.663867434045873e-07,2
0.0002081251278505949,0.029923957294446524,0.9628479004006415,5.923701780332943e-08,0.0022332862895463744,0.004786094891634376,5.767588629409014e-07,2
0.00023913743512949843,0.02829337823464594,0.9640938106799919,5.7550922201424294e-08,0.0016545241876443494,0.0057185315694058296,5.603422603125743e-07,2
0.0012069595868299927,0.02695833142932245,0.965089717061169,6.520453205080402e-08,0.0005012651539744161,0.006240254401359668,3.4071628123748823e-06,2
0.000898535017521456,0.05036493992761611,0.9341324491241836,9.769944048665111e-08,0.00038807173619750577,0.014211618665524764,4.287829515884418e-06,2
0.0009817434959319893,0.05794860411702876,0.9255413709814405,1.1684144398233105e-07,0.000476710425229443,0.015048159308285389,3.294830639815122e-06,2
0.8916405984686449,0.08025328991585436,1.0152908403746436e-05,1.655459799597251e-07,1.2759226181798479e-05,6.997995460993217e-06,0.028076035939474303,0
0.8880221607067192,0.08375031888071197,1.1667489399148584e-05,2.1199432494468282e-07,1.3957803039153858e-05,7.362934146876365e-06,0.028194320191658805,0
0.8675844255334014,0.1206985226462001,1.110764668540204e-05,1.961007535336479e-07,9.837064579697282e-06,7.004231459179483e-06,0.011688906776920825,0
0.8822020718389486,0.10969751881911646,1.1294795792457949e-05,1.57156260321328e-07,1.272606087484804e-05,7.122243464811701e-06,0.008069109085542486,0
0.904712492765889,0.08978466631138253,1.1284045515477928e-05,1.5494174208313896e-07,1.2546735572438624e-05,6.881451691126889e-06,0.005471973748207137,0
0.9191325022809437,0.07439343890479232,1.048722661200567e-05,1.6254276086870956e-07,1.409319504911622e-05,7.219036920730061e-06,0.006442096812921502,0
0.9053998586964568,0.0869160550407679,1.1044736368531514e-05,1.8040946717153742e-07,1.2539022800979615e-05,6.5014514254915965e-06,0.007653820642712949,0
0.9022131294473298,0.09172790641974049,1.1052492754029845e-05,1.678371791191393e-07,1.4073513624362821e-05,7.454178741992167e-06,0.006026216110630099,0
0.8594378050597475,0.13638416076820137,1.3883996533907447e-05,1.8424438566506704e-07,1.5449293687360303e-05,8.349863817376575e-06,0.004140166773626728,0
0.8025001306349291,0.19560751763859205,1.69555537947086e-05,2.1298663377091835e-07,1.2059056290396927e-05,9.652448189881618e-06,0.0018534716815701443,0
0.7820887468166418,0.21597887255444775,1.6130628921156246e-05,1.958248632573513e-07,1.1481030230509203e-05,8.874685295581802e-06,0.0018956984596001833,0
0.8035765530435551,0.19438333533452032,1.5449184295114587e-05,1.9013710520551747e-07,1.1147562247686675e-05,8.616918932782917e-06,0.0020047078193437505,0
0.8740266324588079,0.09326281185127386,1.1028896470547317e-05,1.8158753856051883e-07,1.5746568337331012e-05,6.6121763869014104e-06,0.03267698646118506,1
0.8728908877727161,0.11386316148979775,1.0625658185703965e-05,1.6638086473202434e-07,1.215388165398313e-05,8.78675952625903e-06,0.01321421805725534,1
0.5459760702369721,0.43985872543561216,1.1108725337201266e-05,1.6994332125664577e-07,1.099792792842857e-05,9.162898219653615e-06,0.014133764832609244,1
0.5878484090000066,0.40702940655070974,1.2398855566192014e-05,1.8967997054025496e-07,1.1919035301463849e-05,1.0227046591272182e-05,0.005087449831854358,1
0.6155947208190772,0.37836185421538876,1.3297831697976175e-05,2.0343267257657545e-07,1.3756144836269688e-05,1.0968556219730734e-05,0.006005199000107408,1
0.7634403410789882,0.22804627132821426,1.5297015247182802e-05,1.7961811000530062e-07,1.6366192621596413e-05,1.0394165739669846e-05,0.00847115060107915,1
0.7114741792209327,0.28614404093307416,1.698983663274137e-05,3.323640367631612e-07,1.7575395656430233e-05,1.1152562973233926e-05,0.002335729686693964,1
0.6921735872045734,0.3069701139133536,1.6895346766674698e-05,2.531036536216906e-07,1.6636110567967323e-05,1.3805998907064446e-05,0.0008087083221776594,1
0.6938912089258361,0.3060523524209509,1.7866391463376344e-05,2.465965389842398e-07,1.7052308859650358e-05,1.1533664718173352e-05,9.73969163275982e-06,1
0.827664195161092,0.1722988029958706,1.3964169551615283e-05,2.0988561007187172e-07,9.864219357549402e-06,8.735450043227369e-06,4.228118474766619e-06,0
0.5099231766016722,0.49003177605615106,1.7002483323602292e-05,2.1683787315056489e-07,1.2744408985551215e-05,1.1082845909836144e-05,4.0007660847829245e-06,0
0.4913418657176363,0.5086133638752691,1.694977638131689e-05,2.610562190889719e-07,1.2558740570416546e-05,1.1012470036016378e-05,3.988363887814714e-06,0
0.7072188517028662,0.29273972058313413,1.4827967432931569e-05,1.452639293045782e-07,1.3162553166884137e-05,9.623173108750308e-06,3.6687563616191937e-06,0
0.7463904869288054,0.2535241500831197,1.7845332628431336e-05,1.4196102950569604e-07,4.187803163936723e-05,9.77157044984436e-06,1.5726092327759145e-05,0
0.6579719311768193,0.3396286194232437,1.8255448893700437e-05,1.2235304346125558e-07,0.002361273861763029,1.12128090077994e-05,8.584927229128897e-06,0
0.6009359872077303,0.39760196203449705,2.5759623732279874e-05,1.7264808882069385e-07,0.0014056183901469221,1.5822001568118257e-05,1.4678094236675344e-05,0
0.14584961113333467,0.8115156343237075,0.0027283347773634737,1.7708296158179357e-07,0.039360413874485946,0.0005413338165248635,4.494991621834941e-06,1
0.07994580520969713,0.8827098089916063,0.0004945976609397161,8.382666376804343e-08,0.034817038068746725,0.0020146579726310573,1.8008269715312094e-05,1
0.05682717885804643,0.8183442190369367,0.0007243177485444112,1.6413161132768036e-07,0.12087896294343754,0.0032155171169177153,9.640164506042854e-06,1
0.048304408525621186,0.903585092393954,0.0006043131899082628,2.3566467868405312e-07,0.041393769264440515,0.006091263589798922,2.0917371598183336e-05,1
0.37762889309089565,0.5014455986160489,0.004926045187457812,2.9394774122594055e-07,0.10913766625978925,0.00684829815620251,1.32047418646718e-05,1
0.043690892286100666,0.9355045563849689,0.0006206809552760345,1.6935048734960362e-07,0.01759055507269697,0.002563031060208872,3.0114890261105558e-05,1
0.14148452599617767,0.8582714202675672,1.3596533110672037e-05,6.622422652716865e-08,2.72188383825475e-05,1.4626749665407642e-05,0.0001885453908700513,1
0.137727899718574,0.862222113631862,1.6380905135951334e-05,1.3800322591176783e-07,1.6312396522488627e-05,1.019011723693834e-05,6.965227442907325e-06,1
0.09111951361026153,0.9088264681231543,2.313012482377979e-05,1.5698658349611019e-07,1.4135708709014637e-05,1.1259459352503338e-05,5.33598711565228e-06,0
0.10153555076957435,0.8984093644530101,2.3317928001405837e-05,1.5826122336294375e-07,1.3548426877509842e-05,1.1350879621994383e-05,6.7092816913365e-06,0
0.0939868970482145,0.9059561075924261,2.2987183766726346e-05,1.560982149562511e-07,1.5848518368873977e-05,1.1189877409735676e-05,6.813681598956184e-06,0
0.15130912180278633,0.8486337539593969,2.2036655153971073e-05,1.6233771345982036e-07,1.3897407043471062e-05,1.1410401471900106e-05,9.617436434085594e-06,1
0.14752799966915214,0.8524161749025954,2.2014479866888226e-05,1.5897569729823815e-07,1.4085411524346907e-05,1.0153236645361372e-05,9.413324518426101e-06,1
0.18312841719603373,0.8167946008342922,2.547409942727131e-05,1.9737592475461667e-07,2.6462631812798746e-05,1.3154643666219726e-05,1.1693218842929043e-05,1
0.1779539827356654,0.8219600945494072,2.2996587644074174e-05,1.9313150971999897e-07,2.8320070098499115e-05,1.4050550961294104e-05,2.0362374713867607e-05,1
0.19635284830299518,0.8035685790632374,2.2426954575658483e-05,1.8881015497852596e-07,2.8184177233847884e-05,1.3736167176354378e-05,1.4036524626386303e-05,1
0.9467636887615536,0.05316330354795065,3.0150713782691825e-05,2.1815276231934748e-07,2.0235249072853693e-05,1.4856242661473113e-05,7.547332216416893e-06,0
0.9249507809193063,0.07498302137166972,2.911675786065389e-05,2.1067166777098202e-07,1.73368863288153e-05,1.4346778766529416e-05,5.186614400071027e-06,0
0.9234186580768562,0.07651371730214346,2.856499904675336e-05,2.0667946678184507e-07,1.700835456427973e-05,1.675625919787111e-05,5.088328724748303e-06,0
0.7193122722469345,0.280620553222433,2.3718741663246438e-05,1.8748111145502034e-07,1.7361841738440422e-05,2.1125737743802963e-05,4.7807283755123625e-06,0
0.7285998974697643,0.2713333182087223,2.3998428757877695e-05,1.8969185467679698e-07,1.6952999825235736e-05,2.0806099219305342e-05,4.837101856388888e-06,0
0.7916562061001106,0.20828581349371011,2.0623320852644257e-05,1.7534787622738733e-07,1.4568751910305395e-05,1.8456167417419606e-05,4.156818122873275e-06,0
0.8168092490345583,0.1830945786609659,2.0613012016380235e-05,1.629323535849712e-07,1.3966968843330525e-05,1.8359535769247247e-05,4.306985549334514e-05,0
0.729773124382125,0.270139629759983,1.8091587024499106e-05,1.5296686767070146e-07,9.4468933066145e-06,1.584824138556512e-05,4.3706169307647774e-05,1
0.6746077067332378,0.3248137505300105,2.147485993182774e-05,1.811654776025798e-07,1.1386312507967648e-05,1.831298840426096e-05,0.000527187410430264,1
0.6794432870784257,0.3199499048539397,2.256127468279011e-05,1.9084595584419336e-07,1.3197666021939511e-05,1.7384172220071247e-05,0.0005534741087540831,1
0.5293094574986632,0.46742089167014134,3.715723004792449e-05,2.865997659334872e-07,1.8151222430280682e-05,2.3918173600528467e-05,0.003190137605350754,1
0.6278793864515506,0.36907281187918606,3.9801165595102694e-05,3.020325717193326e-07,1.694596326008457e-05,2.2392410039124882e-05,0.0029683600977973078,0
0.5622826471599865,0.4361861111205535,3.722737709712454e-05,2.825012854496251e-07,1.6578974665215818e-05,2.303815038940863e-05,0.0014541147160228609,0
0.5278312454512657,0.4705120351942077,3.669814897784917e-05,2.653545825429946e-07,2.2527495687457592e-05,2.655970528881759e-05,0.0015706686499899047,0
0.37886096037376776,0.6189731971349923,5.707271890313322e-05,3.6960078810084237e-07,2.9184520432063232e-05,2.8222589716985898e-05,0.0020509930613998133,0
0.12839752633831686,0.0014860288204481206,9.56854566945905e-06,5.596993823818924e-08,4.454407096248035e-06,6.450991613150211e-06,0.8700959149269178,6
0.08006168915013125,0.0005610008024484793,6.018611548087509e-06,2.696484195868558e-08,2.2759674895852655e-06,2.7249577270395143e-06,0.9193662635458136,6
0.05346223512922914,0.000387447608094738,4.214500638018307e-06,2.600481156563674e-08,1.7759536439912427e-06,2.4900204435473154e-06,0.946141810783139,6
0.03743832969452491,0.0002625107629390279,3.4489185311628087e-06,2.1280926072013583e-08,1.7740668193000944e-06,2.0590557945862987e-06,0.962291856220465,6
0.09971460532215172,0.0004412620234033964,5.426663295923521e-06,4.787245778525608e-08,3.3895607899980493e-06,4.246409974022067e-06,0.8998310221479271,6
0.045071225296195026,0.00025358787693066626,2.9169924658871034e-06,2.1037503111884522e-08,1.7216901805366027e-06,1.983781928303571e-06,0.9546685433247964,6
0.04418342300499333,0.0002495064469262052,2.8700442414011454e-06,2.069891004718824e-08,1.6939800311151095e-06,1.8843169234889705e-06,0.9555606015079743,6
0.052553118052155734,0.0003848076718276592,3.4137186205835267e-06,2.4619918269752427e-08,2.014871788976738e-06,2.2412643247807965e-06,0.947054379801364,6
0.05372217987116027,0.0003825343669642146,3.409512147300893e-06,2.458958096315724e-08,2.218508937941691e-06,2.2385025803169545e-06,0.945887394648629,6
0.05816774315757445,0.0004131691611123732,3.3578620787505436e-06,2.6558807302149862e-08,2.768819869387583e-06,2.441381224228571e-06,0.9414104930593336,6
0.011651839896884779,0.00024987206488378963,9.455842670140657e-07,7.865519310211045e-09,6.133218614499196e-07,4.952605987584668e-07,0.9880962260059849,6
0.025940285703103864,0.0007865038550572424,1.4600721795922636e-06,1.2084580752235924e-08,9.182118922638691e-07,7.230555784606327e-07,0.9732700970176079,6
0.036600604519472626,0.0003449963323249497,1.9215797644037614e-06,1.493118921637008e-08,1.4041938645480966e-06,1.0792466251080632e-06,0.9630499791967592,6
0.029873685522285216,0.0002553965429038684,1.5328468940479967e-06,1.2097172855230477e-08,1.137670660758134e-06,8.744000754502805e-07,0.9698673609200079,6
0.0231022253626547,0.00019880218256442805,1.008851844423347e-06,1.0240912953176966e-08,7.565182106320094e-07,6.670347859158116e-07,0.9766965298090269,6
0.03730340403529095,0.0003103591476734393,1.5976083917738383e-06,1.863025722407132e-08,1.2288175300786132e-06,7.766497530481126e-07,0.9623826151111035,6
0.9067614566648022,0.008657521326866003,3.452002242864876e-05,5.175874376482297e-07,1.6466629350103588e-05,1.6592736460340367e-05,0.08451292503265521,0
0.8990688838089691,0.006182045256351788,2.431873018478343e-05,2.781084536273688e-07,1.2399345572029708e-05,9.764348690393181e-06,0.09470231040177811,0
0.9371144211441316,0.005110300023457341,2.1552395001119117e-05,2.464727064358788e-07,1.0988879414887153e-05,8.653622056125794e-06,0.057733837463232476,0
0.9799592414671421,0.006067893761688543,1.989119390787972e-05,1.3957831036151125e-07,7.932038345273344e-06,6.911866917436226e-06,0.013937990093688506,0
0.9503246649312304,0.005246239368235704,2.3561565749991333e-05,2.2313936132543687e-07,9.549518594212832e-06,1.1049779622124066e-05,0.044384711697206515,0
0.09278601180607152,0.002861834319838879,1.6510070228761757e-05,1.1816637637531337e-07,8.881445590927629e-06,6.674294724752954e-06,0.9043199698971688,6
0.049089540339888924,0.0006167162053536981,7.657022005421231e-06,3.907917518948873e-09,2.8762689640627782e-06,2.4133141103631815e-06,0.9502807929417599,6
0.07707228660928983,0.004947133173330369,1.1154027463668638e-05,3.758218890310852e-08,4.029821779599038e-06,3.539391083583099e-06,0.917961819394864,6
0.9273764050402123,0.03761658820962173,8.148092923960768e-05,3.6788562733271514e-07,3.279884263427386e-05,2.5279186018759278e-05,0.03486707990664594,0
0.8316392741405796,0.04877338239254435,3.391665385905892e-05,2.57776281271359e-07,2.2196714651588018e-05,1.7713044711010957e-05,0.11951325927737312,0
0.8106171268941742,0.10526988591876199,4.653842608136793e-05,2.625817147606805e-07,2.1888243079775504e-05,1.804324909534117e-05,0.08402625468709254,0
0.8497968201710385,0.11976126389379628,5.143501749670247e-05,2.9020953715572565e-07,1.9185057651918775e-05,1.9942504464101724e-05,0.03035106314601524,0
0.7748264249676307,0.21983143652729556,2.6041683891851566e-05,2.7611203858520456e-07,1.838657116671925e-05,2.0943501226678244e-05,0.005276490636749883,0
0.22779052098559982,0.7691658811030354,2.2535819688993734e-05,1.2254576129960932e-07,6.610711418798604e-06,7.791317979055506e-06,0.003006537516516472,1
0.23298557769285078,0.7643402283676877,2.0186855029503088e-05,1.1903970040746972e-07,6.421577526864111e-06,6.891830854653525e-06,0.002640574636350292,1
0.1820244950733675,0.7494199396304643,3.731309689710484e-05,1.374845827729e-07,9.486370632107403e-06,9.589318640358322e-06,0.06849903902541594,1
0.22245571148921492,0.6990545150888016,4.048251620930854e-05,1.918398753277983e-07,1.1633756200825464e-05,1.3182776857069447e-05,0.07842428253284088,1
0.18708554526369142,0.7774219802785299,3.4373574885926994e-05,1.898695892454193e-07,1.2542584898730528e-05,1.1861600836115799e-05,0.03543350682756863,1
0.19508147349117075,0.803366564473048,2.9526476750455823e-05,1.7969399332873772e-07,1.0480442526175725e-05,1.1225907371391043e-05,0.0015005495151397582,1
0.2587126442173804,0.7392800091710394,3.1849868491660797e-05,1.9383382936717354e-07,1.1305131967292814e-05,1.210876128062884e-05,0.0019518890160113113,1
0.25044544443800537,0.7470398317224122,3.4902323311179186e-05,2.213273047152832e-07,1.2990469875365441e-05,1.3826273290023698e-05,0.002452783445801348,1
0.021714851014676295,0.9781261630014053,1.1492876499074436e-05,4.9814892038411295e-08,4.244686476307748e-06,2.4104062322034946e-06,0.0001407881998184891,1
0.08461707697816481,0.9149640052976611,1.1351776034066177e-05,1.0781664339911973e-07,9.772645892130755e-06,7.169906174294059e-06,0.0003905155794303259,1
0.018076639418243667,0.9818191466343896,9.17945002383219e-06,4.513347569060825e-08,3.7369877478540147e-06,2.776969197414272e-06,8.847540692239486e-05,1
0.022641308232483143,0.9771732280226383,1.7737885420687333e-05,5.272366572388541e-282,6.6043665481338964e-06,4.098408187648644e-06,0.00015702308472214695,1
0.010637489670010805,0.9892162383293742,8.773537939325882e-06,3.462025367998581e-08,4.394223908293674e-06,2.0912349952367817e-06,0.00013097838351847386,1
0.01332964652796813,0.9865030033166964,1.187692013752542e-05,4.4505904546964866e-08,6.073992565152328e-06,3.2352129134185377e-06,0.00014611952381478097,1
0.01076506053068825,0.9890676158193208,1.1854962024294625e-05,4.442362179350973e-08,6.062762935335483e-06,3.512124148949207e-06,0.00014584937726062357,1
0.014167192988263614,0.9858047909005964,9.8044108921772e-06,5.486791450865248e-08,5.7158460302692556e-06,4.328654735557904e-06,8.11233156729056e-06,1
0.021666588225136802,0.9783081568113593,7.145366448528148e-06,4.4012950322524976e-08,1.0681237259345205e-05,2.596428362995155e-06,4.787918482632043e-06,1
0.014558167713090552,0.9854172008764281,1.7887463446622326e-05,2.9497893297731147e-08,3.891421153838783e-06,2.823027987293518e-06,1.2816079566108353e-155,1
0.20488083277168886,0.7910040505686784,0.0001097922053201561,2.6398903274579235e-07,0.003919541677247495,7.850875642951038e-05,7.010031602766701e-06,1
0.21614441077309868,0.7802711278587537,0.00013477819943770458,2.3605027991214911e-07,0.003372906665862161,7.02723136803e-05,6.268138887494997e-06,1
0.06653252061621963,0.9321808313242516,4.1512402558452635e-05,1.726034102780837e-07,0.0012325438638464887,8.452764440230375e-06,3.966425273472626e-06,1
0.06647540481218,0.9285641120930009,0.0016208168576246742,2.057392221882479e-07,0.003072448521512977,0.0002508889512983139,1.6123025161018025e-05,1
0.12567195955041868,0.8649686329660182,0.0013026215852234787,1.9679921934220114e-07,0.007697382975062483,0.00035444133634310554,4.764787714673479e-06,1
0.1198218837996947,0.8720349561655641,0.0012755042950714922,1.9270235683575716e-07,0.006523440337289561,0.00033935710314994744,4.665596873344645e-06,1
0.07633365181782927,0.8954941209004014,0.002018648401741715,1.6733479126975026e-07,0.025471870270765463,0.00067694031874028,4.600955730625936e-06,1
0.0789155828872106,0.9042395801908677,0.0022974572411164143,2.224044389565682e-07,0.014056515305193092,0.00048410138715909587,6.54058401420612e-06,1
0.02862314972150376,0.9196164495994865,0.030775665309584165,1.4976279326889165e-07,0.01866659943262838,0.002313866006749881,4.120167254025035e-06,1
0.04888550906321546,0.8839471339699495,0.02950129309438456,3.365534643443221e-07,0.033358912867445856,0.004298801716292846,8.012735247721776e-06,1
0.07721308521758274,0.8618667722991122,0.024610177916563516,3.281466016160942e-07,0.032525631291260335,0.003776192545977563,7.812582902130963e-06,1
0.08938565057066679,0.8574162154571314,0.023926813099154353,2.5653704652933e-07,0.022857885971587204,0.006405161264150841,8.017100262694109e-06,1
0.08999141724272429,0.8632269262825225,0.023788512657017154,2.5627269128697495e-07,0.01597765562219895,0.007007160490684054,8.071432161770504e-06,1
0.004148657697885842,0.2042264613278615,0.7784174198379454,6.368812633545656e-08,0.003757754029071713,0.009443950421589024,5.692997520080327e-06,2
0.0123819375777192,0.2916875225255526,0.6468011209252351,1.1496116659520418e-07,0.013941374544842218,0.03517789256554037,1.0036899944159455e-05,2
0.01399265029283016,0.36794227229850596,0.5529704335753368,1.5524347681031062e-07,0.021876012051663608,0.04321289584311413,5.580695072404271e-06,2
0.004591429073344966,0.15549465702253093,0.09501903638448354,3.441952387578422e-07,0.024156536828697756,0.7207285117668271,9.484728877003156e-06,5
0.005885178169092954,0.18012283430374956,0.10653337596919174,3.859045742057514e-07,0.021759259909504988,0.6856951080300521,3.857713834440246e-06,5
0.0012130087879406058,0.06826945434920369,0.04261884525998734,9.094484064345694e-08,0.853134197127461,0.034763154894899624,1.248635667258629e-06,4
0.004248092539768501,0.4589947288645232,0.3292806426455426,6.942322862685202e-07,0.07181901787163789,0.13564880017322928,8.023673012228449e-06,4
0.00069783331128296,0.07675204778630124,0.8949476872172243,1.1404139871978894e-07,0.010091930343647483,0.01750906925298548,1.3180471598389937e-06,2
0.0003809509187721797,0.043548364879618134,0.9451127052362244,6.225580653422296e-08,0.0041996693507327515,0.006757527829886398,7.195289597204821e-07,2
0.00029443906851168506,0.03465511257979357,0.9568742091815727,5.13567493581827e-08,0.0032628086085401365,0.004912815599443105,5.636053894780411e-07,2
0.00026539673474996003,0.042553043699082305,0.9504720769257813,6.237075938781758e-08,0.002542364861891621,0.004166370931078289,6.844766574232405e-07,2
0.0003857002727305615,0.07408612693606537,0.9192807254268354,1.0280535915609642e-07,0.002117448179475782,0.004128895943703182,1.0004358305686377e-06,2
0.00035315801555296734,0.06547676507100686,0.927155146890753,9.508717020517571e-08,0.00333214755006485,0.0036817620580872545,9.253273650471477e-07,2
0.00018735803471534192,0.02514189547256824,0.9695988321690447,4.97705198234049e-08,0.002161562654566858,0.002909817309902302,4.845886826482207e-07,2
9.798079549154112e-05,0.014705094810414317,0.9805212525606909,2.9109985504685347e-08,0.0026903061546322826,0.001985053140571955,2.834282136830453e-07,2
0.0006449155533999498,0.02016193257861526,0.9741740260692536,4.6153775920184104e-08,0.0005585900971272873,0.004458077853057321,2.411694770593711e-06,2
0.0004602370363076783,0.055771883711483596,0.9252676761678497,2.378013342524312e-07,0.00019108514462117473,0.018305427529665193,3.4526087383393594e-06,2
0.870278460104243,0.11219958251985303,1.1159882230868834e-05,2.011987994294015e-07,1.2059732937491977e-05,7.042601466497077e-06,0.017491493960469614,0
0.9078018528193117,0.08351297978172875,1.2611105576263247e-05,2.181001198534524e-07,1.4359811360632806e-05,7.574999096442041e-06,0.008650403382806092,0
0.9044151322536919,0.08980098522413249,1.0994257005266817e-05,1.6998380907146165e-07,1.3764798790445585e-05,7.54951735195633e-06,0.0057514039652188575,0
0.7643216907071324,0.23388878974712096,1.6034172981702546e-05,2.014127388595936e-07,1.1403755778042142e-05,9.127925035499753e-06,0.0017527522792123284,0
0.48872091760361197,0.2904356547709826,1.6852569859635826e-05,1.9881080114739634e-07,1.4665944957582636e-05,8.938644535960256e-06,0.22080277165525106,6
0.7229015637445015,0.26873182522522693,1.3171032330788323e-05,1.5465474119276968e-07,1.4091615172486315e-05,1.0863967289804818e-05,0.008328329760737453,1
0.7598036494851919,0.23228975664045337,1.4475940470368999e-05,1.6865886153093232e-07,1.6432518481525256e-05,9.836253808684692e-06,0.007865680502732583,1
0.7448336324329772,0.25409380441372925,1.465855821837407e-05,2.2424931689705492e-07,1.4808788640326252e-05,1.2232086655762788e-05,0.0010306394704620028,1
0.7092549835538693,0.2906698958406803,1.7744290091006614e-05,2.601432452838672e-07,1.7590921433503143e-05,1.418998623163881e-05,2.533526444915518e-05,1
0.6733028344824588,0.32664244069332155,1.5941258744281784e-05,3.05378786573901e-07,1.7034775265399542e-05,1.1724231942707297e-05,9.719179480919447e-06,1
0.5228618181112976,0.47709289348603956,1.7642665368061996e-05,2.586213780496862e-07,1.1966330602326053e-05,1.1469620433384581e-05,3.951164880997157e-06,0
0.5354750545470882,0.46447953937944325,1.7378435646527684e-05,2.6419282421902844e-07,1.2515307470017757e-05,1.1243154294358656e-05,4.0049832335210085e-06,0
0.692945623377792,0.30698805445397687,1.5295069131745523e-05,1.2167348210949273e-07,3.3834592565357115e-05,8.375122429378273e-06,8.695710622717053e-06,0
0.5907845089913188,0.4048425666592302,1.6150155563944877e-05,1.0824278806440462e-07,0.0043375437272232965,9.919701829257812e-06,9.202522046449512e-06,0
0.7612081400392843,0.23831124637240284,1.650216803792294e-05,1.1623276346691723e-07,0.00044977628419076487,1.013591391267807e-05,4.082989407919758e-06,0
0.07151405218143912,0.8025375947997222,0.0004386043249613711,7.570072761811865e-08,0.12456367349128142,0.0009365253246486211,9.474177219616189e-06,1
0.0472959861314088,0.8860172046130502,0.001279936707604413,2.7372279123805094e-07,0.05509028180735422,0.010293956983466931,2.2360034324142334e-05,1
0.0857759061814325,0.8048703180974218,0.0018083199958112512,5.2662513696652524e-08,0.08832278513968038,0.01918870624386543,3.391167927505013e-05,1
0.4452132057183167,0.3808784516876782,0.00415709680896132,2.8550848877614586e-07,0.16267049695855876,0.007069209855642497,1.1253462353757567e-05,1
0.06276102931243423,0.888731857661217,0.0006474512787931167,1.6162541480997019e-07,0.04518214887159169,0.00264862513658346,2.872611396615277e-05,1
0.051149443683196294,0.9298843441003511,0.0008199837905940032,1.6940593582300286e-07,0.015536488683267385,0.002579461370038086,3.0108966617137187e-05,1
0.07419654016889753,0.9225666242459338,0.0003644735646379696,1.766450029414052e-07,0.0016866693489002744,0.0011579264778659238,2.7589548761618692e-05,1
0.09906214080802156,0.9001616310494657,1.2325554459196187e-05,5.13936016372506e-08,0.0007180175733950361,1.877822691495684e-05,2.705539414196039e-05,1
0.07572456734957657,0.9240192022654471,1.2652071386486925e-05,5.275507230735737e-08,7.079503691582977e-24,1.0713330322652436e-05,0.00023281222819489068,1
0.11828788946427056,0.8814701708802682,1.630237090911866e-05,1.2018903974641348e-07,3.539302218615619e-05,1.231571095821231e-05,0.00017780836236807072,1
0.07978517855676615,0.9201557949644928,1.8195726815905625e-05,1.0846413972856126e-50,2.2106125479947804e-05,9.31610271303177e-06,9.408523732447094e-06,1
0.1727845585704717,0.8271487434654122,2.1639931609233825e-05,1.7006839842576558e-07,2.2789503880492698e-05,1.2028310815859448e-05,1.0070149412255228e-05,1
0.24983618276183356,0.7500800780189824,2.3912062919500208e-05,2.1942878401640158e-07,3.929643067378192e-05,1.303159180796768e-05,7.279704998737092e-06,1
0.8951069508996399,0.10480155210101631,3.7148547871806805e-05,2.9813732600360395e-07,2.5258015734736753e-05,1.847777650690997e-05,1.0314521904469262e-05,0
0.9355869499089436,0.06434173235316676,2.979477844405443e-05,2.1557742437244306e-07,1.955579935349404e-05,1.46808616804223e-05,7.070720987304692e-06,0
0.7002680420275147,0.29967199418433,1.695387699274737e-05,1.960054816898527e-07,1.735038926768203e-05,2.072510857520531e-05,4.738407838138427e-06,0
0.28866659401043737,0.7076057623731086,3.558715051680021e-05,2.6932519320775677e-07,1.784151737073033e-05,2.3648929819791062e-05,0.003650296693553652,1
0.43390793028816393,0.5629360706218696,3.886918168328232e-05,2.949601783992036e-07,1.8680712417056623e-05,2.32150387745123e-05,0.0030749391969131738,1
0.436546377419359,0.5600020162110678,3.9067033047092315e-05,2.5287798314093253e-07,1.4188075766784047e-05,1.9041591592319426e-05,0.003379056791183728,1
0.5343846101116726,0.46032007143964276,4.641754139835696e-05,3.053917023713181e-07,2.470404097350975e-05,2.5393284407425645e-05,0.005198498190202978,1
0.5212958925015286,0.4740705485933722,4.3119248935685554e-05,2.836914761260437e-07,1.5916910233438178e-05,2.0170376698121794e-05,0.004554068677755705,1
0.4026674188756297,0.595285866193109,3.87016638046368e-05,2.4607058797052394e-07,1.3806137263271192e-05,2.0067205014845923e-05,0.00197389385459074,1
0.41818147331107686,0.5806925822776556,4.40251941702437e-05,2.680513375875026e-07,2.51640027703134e-05,2.7106516400914395e-05,0.0010293806465884012,0
0.38521049267731755,0.6125315210952051,5.639038908018539e-05,3.6518204574629886e-07,2.9857432369431327e-05,2.839616607097475e-05,0.0021429770579107785,0
0.9816520386071411,0.005394195939262362,3.782412604167507e-05,1.8258757266801288e-07,1.1840679057480998e-05,2.0818114831573435e-05,0.012883099946093213,0
0.6397858002664685,0.0049194236214893045,4.1264703516167166e-05,1.991961967232412e-07,1.5412483394174726e-05,2.2711782827285552e-05,0.35521518794610796,0
0.0819327316383864,0.0004330879302592907,4.682327754276993e-06,3.3130721203567244e-08,2.1380308814718886e-06,2.8082511319241152e-06,0.9176245186908655,6
0.06937966348453165,0.0003189286784325438,4.125660186795593e-06,2.2434978354578194e-08,2.0414551931968986e-06,2.267188056096886e-06,0.9302929510986213,6
0.10218248569589254,0.00046282642004655467,7.894759510355981e-06,3.2557438129125606e-08,2.7480105701938174e-06,3.290122847317311e-06,0.8973407224336949,6
0.09546483707895688,0.0005103362802991985,8.643545207305995e-06,4.673317978862698e-08,4.252453069767646e-06,5.287640377587394e-06,0.9040065962689096,6
0.05145894881736109,0.0003378585602822368,3.964107844927576e-06,3.2247799420317095e-08,2.1667101333949327e-06,2.8604626424856804e-06,0.9481941690939365,6
0.054762521708525635,0.0003210231337462964,3.985757605726851e-06,3.0640897829210533e-08,2.1694976748032235e-06,2.4997588587221166e-06,0.944907769502691,6
0.045146594811176576,0.0002492550204695771,2.8671521115068233e-06,2.067805185425037e-08,1.6922730155166388e-06,1.882418106311804e-06,0.9545976876470686,6
0.023892756037953024,0.0004472200182161175,1.8790877438919977e-06,1.5417171950397284e-08,1.3308133569362225e-06,1.4577008072684816e-06,0.9756553409247508,6
0.014385061690096023,0.0004710320451734759,9.222068451832891e-07,8.006452485711351e-09,5.396828571515541e-07,5.41212465193323e-07,0.9851418951561104,6
0.013713206972661525,0.0006651532632005611,7.851671054155771e-07,6.6358548248600504e-09,6.239013444920504e-07,4.318248493041647e-07,0.9856197922349837,6
0.022871238546711102,0.0008034292893037826,1.1879671226006174e-06,9.696299056645172e-09,1.0507894286476045e-06,6.207716013503429e-07,0.9763224629395335,6
0.06825224740982473,0.0005261272149290403,3.0515677207429787e-06,2.485136799400116e-08,2.1851816007689403e-06,1.5719883611056032e-06,0.9312147917861956,6
0.02483898638289109,0.00017536688979670804,1.051520768850996e-06,9.589178950611707e-09,7.622870431395674e-07,6.361732956999834e-07,0.9749831871570257,6
0.023066748282110663,0.00020413459666181695,1.0359119889750116e-06,1.0515602033031286e-08,7.768100822768199e-07,6.849264692463682e-07,0.976726608957085,6
0.04034190094473802,0.0003352911195304755,1.550529807488807e-06,2.0126875101397883e-08,1.2382338728981631e-06,8.350645077680095e-07,0.9593191639806683,6
0.9055694346013312,0.008646140211843146,3.4474642656423095e-05,5.169070209400457e-07,1.644498243806068e-05,1.6570923768800924e-05,0.08571641773094141,0
0.9912310810296219,0.0052743742137825985,1.3398489595069774e-05,1.363660597262279e-07,5.832892564597529e-06,6.749259322599568e-06,0.0034684277490536477,0
0.8904296891044471,0.0034337950841123563,1.9548906184753622e-05,1.7135467960754628e-07,8.473806550781954e-06,1.0290338416429877e-05,0.10609803140560903,0
0.8675921362163665,0.002515502758307466,1.4234128369404172e-05,1.4875603719519966e-07,9.355857242021759e-06,8.03579000687182e-06,0.12986058649367033,0
0.08116815523770812,0.007129748711842661,1.530858464608604e-05,1.1173286635631815e-07,1.1380738322465524e-05,6.5913868795525895e-06,0.9116687036077347,6
0.08300322434356208,0.006415557262954787,1.5289782056617503e-05,1.115956317742317e-07,1.0806772197126305e-05,6.05302401982737e-06,0.9105489572195777,6
0.06812371005619976,0.004872688986372762,1.3340652779696138e-05,9.543209778552263e-08,7.546380937666017e-06,5.393038747780338e-06,0.9269772254528647,6
0.10227704741706634,0.006560484731403814,2.0028894136828145e-05,1.4335140978568966e-07,1.1329705330966064e-05,8.096800354439998e-06,0.8911228691002979,6
0.08101375180390283,0.004545840181088986,1.038557615815477e-05,4.0649107213027555e-08,4.584536936160234e-06,3.82806884937463e-06,0.9144215691839573,6
0.0757586218927938,0.00262852478967316,1.1462747905267733e-05,6.220234583995474e-09,4.323943314274083e-06,3.8411164538235776e-06,0.9215932192896251,6
0.0941084303728853,0.003142834798259831,1.3727628685331858e-05,1.8318459217434267e-09,5.31547759238981e-06,4.600068050958077e-06,0.9027250898226803,6
0.24971700410772102,0.7490184554515309,1.2765118643459771e-05,1.1356608450078737e-07,6.126304195557644e-06,6.564190321294002e-06,0.001238971261503283,1
0.2429001670621496,0.7483865136543771,2.5341753125467507e-05,2.568214283223688e-07,7.326523186722432e-06,7.674214888816037e-06,0.00867271997084395,1
0.12367485355349078,0.8752143046993747,1.9614836345637306e-05,1.1744434521762063e-07,6.849804421819612e-06,7.337025107426517e-06,0.0010769226369146364,1
0.1983251380478337,0.800310668714681,3.409555483592901e-05,1.8833388768192787e-07,1.0984354284846393e-05,1.1765181002916506e-05,0.0013071598134738996,1
0.18500604308773322,0.8133674376332013,2.7009328496036608e-05,1.643749823454829e-07,9.586979082051904e-06,1.0268472888490077e-05,0.0015794901236165792,1
0.14344261737772157,0.8552384709484604,1.9214084770881388e-05,1.1504483469085511e-07,6.709855769664551e-06,7.186828245559547e-06,0.0012856858601976021,1
0.13129907973702862,0.8667896946549627,2.5015926710924822e-05,1.586343575045231e-07,9.35630431386797e-06,9.909857181274408e-06,0.00186678488544516,1
0.07053613107019627,0.9292689931669259,1.8382827981239558e-05,9.034729684198903e-08,5.965324219032372e-06,6.208196117145796e-06,0.00016422906726344005,1
0.020700834221737897,0.9791974368246973,8.895615913758848e-06,4.371500509084583e-08,3.7203553121398486e-06,2.344643916363953e-06,8.672462341711435e-05,1
0.09434477772030453,0.9054101559996326,1.1233243330193137e-05,1.0669084614710723e-07,9.670602111658715e-06,5.917467142844116e-06,0.00021813827663224415,1
0.01710775615691258,0.9828666671321564,7.066680416472058e-06,1.0170739044410533e-295,3.267499952398502e-06,2.2794487835034567e-06,1.2963081778651013e-05,1
0.023255560255617598,0.9765752774151921,1.199269945795608e-05,5.815263743157255e-194,5.00458234356829e-06,3.491259158738724e-06,0.0001486737882301076,1
0.010919164419700731,0.9890537303137719,7.46514376967458e-06,3.229000585568375e-08,3.855474975991255e-06,2.1585093535053273e-06,1.3593848422263043e-05,1
0.010641415803023892,0.9892774459571886,8.18668507127273e-06,3.527359092003362e-08,4.216887134594974e-06,2.130699804267604e-06,6.656869418682147e-05,1
0.013329670173717903,0.9865047532958213,1.0877234817540708e-05,4.450598349695653e-08,6.074003339939792e-06,2.4610033004950094e-06,0.000146119783019381,1
0.02119389234506801,0.9787383519065346,1.9674604487754948e-05,8.050185891262644e-08,1.3560495712248512e-05,4.880824702001654e-06,2.955932163640491e-05,1
0.01104459615430233,0.9889369317113635,8.202143404078675e-06,4.295225318832793e-08,5.13975119889424e-06,2.5568553332459827e-06,2.530432144790129e-06,1
0.011722720631241365,0.9882613228271295,6.899375935409332e-06,3.7763979058494696e-08,4.133361071229974e-06,2.455709281528893e-06,2.4303313619043788e-06,1
0.01489957567675548,0.9850788466312792,6.269856187677148e-06,1.6507690904284485e-09,7.870732464074681e-06,2.6143977634985513e-06,4.821054780947926e-06,1
0.024760375020244935,0.9752117219332034,7.145576041316961e-06,1.8813343893749175e-09,1.2257348848746705e-05,3.003821873899434e-06,5.494418453221462e-06,1
0.028138962115256273,0.9714803338618836,2.0574745017643125e-05,8.065160325350119e-08,0.0003533807967508713,4.496769122233458e-06,2.171060365879152e-06,1
0.15890305595136234,0.8376583144330072,1.8002061843625234e-05,2.093523909241972e-07,0.0034037004251489173,1.1200209513810705e-05,5.51756673298783e-06,1
0.0649229949544792,0.9341251432539104,4.1111282321567295e-05,1.7093560218818875e-07,0.000898280386382202,8.37108825032961e-06,3.928099054144726e-06,1
0.06523384951196344,0.9336159017507658,3.684253221268502e-05,1.8471720781808997e-07,0.0010999308187205842,9.045911850540596e-06,4.2447572790295175e-06,1
0.06133542055275101,0.9375762985775278,3.880009835147944e-05,6.717049847957802e-08,0.0010360360788409417,7.60768579986351e-06,5.7698362303956065e-06,1
0.12160007407921747,0.8703448184426817,0.0012206230278396883,1.8793102364857164e-07,0.006494302659602682,0.0003354437834926931,4.55007614196723e-06,1
0.15027730084033683,0.8474993421914159,0.00016024694141116485,2.0930612736392664e-07,0.001856583964350498,0.00020124915869397072,5.067597664274178e-06,1
0.1772931055558104,0.8205387911876432,0.00016995913261178873,2.0264770506048754e-07,0.0017975225301147737,0.00019484704374553261,5.571902369025116e-06,1
0.13459012475780974,0.8582126439075661,0.001703470577906332,1.98086039221997e-07,0.005153096721667092,0.0003350194719795784,5.446477032061148e-06,1
0.09746255521176365,0.8922417425999815,0.0017049737770042962,1.6128680887235402e-07,0.008255365320161714,0.00033076714092083564,4.434663359153899e-06,1
0.11272128815691194,0.8385172631019658,0.008180040756200676,2.4863330668594454e-07,0.039679649635792666,0.0008954850599232526,6.0246558988633705e-06,1
0.06078340505657503,0.9304944046651311,0.002957982072014621,1.4970774562842042e-07,0.004890070398872785,0.0008688992402235935,5.0888594372870915e-06,1
0.04852568960452572,0.9453326573993912,0.0018984423746956846,1.183175835556768e-07,0.003489139429652948,0.0007499310277914845,4.0218463590303936e-06,1
0.046984420544625066,0.9456528493672883,0.0020371245151632046,1.1189866170345484e-07,0.004559210376680716,0.0007624796429452436,3.8036546354975073e-06,1
0.04148526511526876,0.9474136032615466,0.004077486951721692,1.1538744515947687e-07,0.006042127137290171,0.0009774799015105221,3.922245217035583e-06,1
0.04734070388690185,0.9358209126888638,0.00821390835326725,1.398237593663683e-07,0.007540593447835887,0.001078988915982736,4.752883389043733e-06,1
0.02183116123824811,0.8620259935460822,0.0874751846780211,1.5943503663724371e-07,0.028048592461374824,0.0006145223781153065,4.38626312155933e-06,1
0.021779385003093756,0.6057243690368178,0.3452784192997118,1.439515448356904e-07,0.026633414255521817,0.0005803081609819863,3.9602923279711985e-06,1
0.0984373610834672,0.8433812761806941,0.024169270422825347,3.28232436336518e-07,0.027168867367488792,0.0068350820866152585,7.81462647310165e-06,1
0.09830009116289946,0.8533280467689347,0.020814218086473605,2.5333393623145624e-07,0.017193855166598226,0.010351799468807439,1.1736012350353763e-05,1
0.0030363051176543515,0.2795193285084075,0.7072387556966255,8.716824544428803e-08,0.00791575343854795,0.00228197821615492,7.791854364348186e-06,1
0.004467194054898112,0.25496323778571894,0.09315852626901201,3.8233328256579805e-07,0.03342860717196509,0.6139779411887198,4.111196403451622e-06,5
0.0011358005390701986,0.06180910289492788,0.0421718999814144,8.23184882533028e-08,0.8726156121140933,0.022266550746193187,9.514058128232885e-07,4
0.0007326511684431068,0.07578438171867802,0.23829427229253183,1.1245187889316243e-07,0.659393835147146,0.025793447545228797,1.2996760935726057e-06,4
0.0009976388155889498,0.09354858418499305,0.8693460502340546,1.258784147012079e-07,0.01867350754888412,0.01743263848317122,1.4548548934376765e-06,2
0.001653891930887612,0.16461895176959107,0.782285819298677,2.2806639233075993e-07,0.0217104323670224,0.029728040662714086,2.6359047156628925e-06,2
0.00027800189434355234,0.03457991793700886,0.9576208861150897,4.9126304634413844e-08,0.0027578234464259014,0.004762558853912233,7.626269150461423e-07,2
0.00021264133484874017,0.035394674015149785,0.9573636138690361,4.9011515367823756e-08,0.0025303963911165695,0.004498087510291556,5.378680417472732e-07,2
0.00016969290879913617,0.03601137379671713,0.9599409016988101,4.378233323373124e-08,0.001966734051763748,0.001910773531999025,4.802295774879715e-07,2
0.00015385276792089682,0.02237386761437871,0.9692375331117479,4.570948645155334e-08,0.004237374585087109,0.003996881162785886,4.4504859307634897e-07,2
0.00042007055304553654,0.04870185846135419,0.9334405104392308,1.0223606695168829e-07,0.0019822333760649755,0.015454390709607578,8.342246303681349e-07,2
0.0011719188777863127,0.02980356543669513,0.9611394415099873,7.149185908709056e-08,0.0008337586820455989,0.007049144886272627,2.0991153541857217e-06,2
0.0004227009950642691,0.055598332565824415,0.9263611350839384,2.8802236968286777e-07,0.00018036593869976984,0.017433918464597166,3.2589295064677595e-06,2
0.0004527142631078181,0.05482140196234326,0.9258078182393668,2.3794015516728758e-07,0.0002053547285898876,0.018709018242174684,3.4546242623699713e-06,2
0.9043903740229958,0.08580144673392384,1.0925785891698177e-05,1.9697833353042696e-07,1.3017540044355258e-05,6.894871661877401e-06,0.009777144067149135,0
0.8946722987746181,0.09394879124439638,1.0900315751130992e-05,1.965191385678456e-07,1.2628721203249885e-05,7.019175132601292e-06,0.011348165249760234,0
0.9065066365836992,0.0873329672702265,1.123527945506891e-05,1.7413692001923188e-07,1.4354629684308474e-05,7.733970114463904e-06,0.0061268981299005786,0
0.8960525839651553,0.09547551327425488,1.0250580729889832e-05,1.7091466370362629e-07,1.4089009411747469e-05,7.59085954352189e-06,0.00843980139624085,0
0.8924828875275168,0.10199409836104537,1.1084963749855456e-05,1.8765064788768932e-07,1.3358393295760537e-05,6.436421148688878e-06,0.005491946682595664,0
0.8860623400661262,0.10933552593242633,1.217422902529677e-05,1.6716489233504333e-07,1.4017140910848987e-05,7.42432036448111e-06,0.004568351146254446,0
0.7488449626055708,0.24989444131807312,1.5624104462015787e-05,1.872338237145823e-07,1.1365472559982458e-05,8.485343661247166e-06,0.0012249339218492678,0
0.6364968569288343,0.024013888405659555,1.4053929246384133e-05,1.7434484000989045e-07,1.4740926958453061e-05,7.797098552676426e-06,0.33945248836590847,6
0.8411531981103905,0.09742499420133623,1.1240270578931266e-05,1.720500132838321e-07,1.60483588973656e-05,7.721003183783272e-06,0.06138662600559999,1
0.653619736577566,0.3380281683896433,1.108606476797043e-05,1.3017297615532697e-07,1.2154435664907944e-05,9.144206922213196e-06,0.008319580152459479,1
0.5672259464257758,0.4327306979505386,1.623243915930128e-05,2.0759267636643197e-07,1.1311709739985023e-05,1.169729157192798e-05,3.906590538111107e-06,0
0.7746759167548022,0.22482628080563935,1.4619484266212858e-05,9.7983807696032e-08,0.00046240082699546936,8.97953733288587e-06,1.1704607156315025e-05,0
0.16414648320520683,0.8019334203278246,0.00039585101165079064,1.8890731132539454e-07,0.03314426630737529,0.0003755678417919017,4.222398839321317e-06,1
0.06990662164485247,0.8039160513379184,0.0004344382628556422,7.42104148903188e-08,0.12505306077537842,0.0006804661085493807,9.287660030943259e-06,1
0.03621100908920576,0.8760078022110294,0.002810393812131947,2.5771031601096005e-07,0.07913652431138496,0.005813359204727675,2.065366120425215e-05,1
0.04737566949144854,0.9421491113595112,0.0012442170719669777,2.480944084721007e-07,0.004077909774895434,0.005114095232898771,3.874897487078339e-05,1
0.09894628006001874,0.8976244123656513,0.00037029721686026115,2.075313434672841e-07,0.0011425669702133196,0.0018838222805225681,3.2413575390265297e-05,1
0.09198838610654961,0.9067702844227185,0.00017742616767292546,1.0542294444351573e-07,0.0007165809935469008,0.0003269977591531967,2.0219127414713865e-05,1
0.11648188546013162,0.8827090612210502,1.3331307844873335e-05,1.0031616168321295e-07,0.0007721723311072638,8.023520932065016e-06,1.542584277233688e-05,1
0.08228273200126895,0.9170483557588072,1.2042041490561479e-05,5.0211443656671144e-08,0.0006252952999045732,7.247568887359486e-06,2.4277118197864773e-05,1
0.06530329415374042,0.9346214740562278,2.2368961129001165e-05,1.7633913369816175e-07,2.8509673587429826e-05,1.2733002643800819e-05,1.1443813537754626e-05,0
0.0964236133844241,0.9035201189011501,2.20865447938281e-05,1.56677739628713e-07,1.809777677865872e-05,1.1237308319632977e-05,4.689406794340717e-06,0
0.10843550605498711,0.8915114514894089,2.1042866414805138e-05,1.4000321870212026e-07,1.4719084781913148e-05,1.0036109988087997e-05,7.104391200519455e-06,0
0.13747789612734926,0.8624553078634026,1.999627030893921e-05,1.6039683108495153e-07,2.682859196006645e-05,1.0313276959564447e-05,9.497473188605141e-06,1
0.2309385697198049,0.768984166312874,2.2803889225903423e-05,1.939413150415073e-07,3.468962422584039e-05,1.2043927639258004e-05,7.5325849149733e-06,1
0.2948650978062635,0.7050525568302255,2.396282433925438e-05,2.1087410710037267e-07,3.771833522272426e-05,1.3157813960039589e-05,7.295515881650788e-06,0
0.7399978999619343,0.2599382409026027,2.235085651923732e-05,2.0140752782687764e-07,1.750779593006318e-05,1.4683761453296465e-05,9.115314032433351e-06,0
0.7033261694675217,0.29661227059167267,2.1749617869252487e-05,1.8434766744635424e-07,1.647538308550756e-05,1.7566360191583056e-05,5.584231991963326e-06,0
0.7768091515027657,0.22313023938256057,1.7692902481828614e-05,1.391951316055573e-07,1.2220334585567719e-05,1.44214108517233e-05,1.6135271623220092e-05,0
0.7997777064277307,0.20012537988021628,2.0290167841673604e-05,1.5962856212660843e-07,1.0846977894572851e-05,1.7803520826800987e-05,4.78133969278699e-05,1
0.43887556842247666,0.560016768960137,3.3317718710266404e-05,2.528327026463086e-07,1.6183291958356e-05,2.2914664779422063e-05,0.001034994109235755,1
0.27639791944421077,0.7225165175773577,3.260996126295944e-05,2.46793687892989e-07,2.076289957896758e-05,2.167048145565249e-05,0.0010102728424460806,1
0.4011032297841563,0.5961686734696858,3.1222018578143805e-05,2.3692940707711008e-07,1.91659227634995e-05,2.262685224735701e-05,0.002654845023161925,1
0.4353781747139244,0.5614484945996044,3.555955744684696e-05,2.9418073698159295e-07,1.8631348055238868e-05,2.2352545766062516e-05,0.0030964930544660385,1
0.31453487874195196,0.6811102158438768,4.3745210788377396e-05,2.823949186182533e-07,1.584416504649847e-05,1.955142624148506e-05,0.004275482217176255,1
0.3777761676916449,0.6207829501930185,3.954903309759989e-05,2.5145828037569163e-07,1.6441362565080813e-05,2.4229592671751768e-05,0.001360410668721748,1
0.4315205774234437,0.56686443153101,5.3259293679850024e-05,3.194341641202138e-07,1.8980258498255314e-05,2.548703025948505e-05,0.0015169450289447303,0
0.37289361386640574,0.6245375703457254,5.9555532603636475e-05,3.821007039797179e-07,3.1241199095641945e-05,3.0149505639729088e-05,0.002447487449826006,0
0.9743111526469167,0.016048782925473116,3.5109957615213606e-05,1.667470302526234e-07,1.1336043134464057e-05,1.9012021316120513e-05,0.009574439658514108,0
0.6184892230190894,0.02556576305037382,5.156510998685429e-05,2.2776625706326932e-07,2.270627652932538e-05,2.596925970926989e-05,0.3558445455180544,0
0.10933565942119064,0.0006148660323008822,1.1014653083568772e-05,4.325588540594748e-08,3.93603909496447e-06,4.539359176386841e-06,0.890029941239268,6
0.08295675342448183,0.00041457297044800666,5.0813103572977754e-06,3.309440329423655e-08,2.135687171196993e-06,2.8051727259528e-06,0.9166186183404124,6
0.24526113179763145,0.0008651766631917572,1.7059070089435033e-05,8.1206512985586e-08,7.389329957700023e-06,8.43072909987587e-06,0.7538407312035168,6
0.2411792243405263,0.0009204911819398159,1.8149730867090967e-05,8.639839965580026e-08,7.86176206072612e-06,1.004279641024684e-05,0.757864143789796,6
0.14210344508010436,0.0007134355005902018,1.406712261974399e-05,6.696390657293475e-08,6.093333930147211e-06,7.5766523450263995e-06,0.8571553153465039,6
0.056126542723164974,0.00032600256697125324,4.258404545804527e-06,3.126006179708871e-08,2.2133369511886875e-06,2.550271758909701e-06,0.9435384014365461,6
0.045788093712125215,0.0002490874079817056,3.2879169464485333e-06,2.0664146819522898e-08,1.8643503719212887e-06,1.8811522670865046e-06,0.9539557647961608,6
0.02237551991740528,0.00047346114072887994,1.260167588282794e-06,1.1295647324797977e-08,8.548439343855703e-07,7.635522905454564e-07,0.9771481290824053,6
0.5270247747546002,0.03807663905807537,1.3586139136402305e-05,1.1268188340403594e-07,5.917082272514153e-06,7.392438116725796e-06,0.4348715778459154,6
0.27063884236812247,0.002052354749702155,1.2818052775746142e-05,9.252502824277858e-08,8.54329626039742e-06,6.259958604350072e-06,0.7272810890495066,6
0.02664988891680674,0.00018595618026156835,1.1383971675483435e-06,1.0017470906098456e-08,8.449122106316244e-07,6.081612670874899e-07,0.9731615534148155,6
0.02431614767793799,0.00016995011236652983,1.0051871293642086e-06,9.292985933937768e-09,7.387413256134021e-07,6.16523011921647e-07,0.9755115324652426,6
0.9246746945578449,0.008356550470068521,4.3543494419018936e-05,4.995939810114915e-07,1.5894181953562057e-05,1.601590506477842e-05,0.06689280179666814,0
0.8969746245557391,0.007042558640238005,2.396611558498724e-05,4.2151191018944433e-07,1.2514578378385205e-05,1.0565813897082025e-05,0.09593534878425224,0
0.9284804523157707,0.006656306445381926,3.594218327384292e-05,2.183172483646413e-07,1.3678440139693406e-05,1.0810990350642427e-05,0.06480259130783479,0
0.9859616856055557,0.005183069263859331,1.5529042830346135e-05,1.0902582482063233e-07,6.827320625062618e-06,5.3960902445378105e-06,0.00882738365105996,0
0.0871412077733721,0.006112711405158541,1.5181505810924325e-05,1.0143357964427555e-07,1.0730242870728234e-05,6.01015887541062e-06,0.9067140574803327,6
0.1230403450720519,0.008307010999671948,2.1057402104552077e-05,1.378455166605798e-07,1.509984540834925e-05,7.956607286562225e-06,0.86860839222796,6
0.14356834359814394,0.012847719685364996,3.498284052919865e-05,1.7910752999152557e-07,1.9619760438075447e-05,1.0708838951958207e-05,0.8435184461690418,6
0.07076131297046584,0.0014104997670748806,1.2711495942885511e-05,4.244838775023422e-08,5.07462205670112e-06,3.761747128362605e-06,0.9278065969489436,6
0.14474137928104336,0.0024467108093723833,2.3062028255365543e-05,9.600309316484222e-08,8.180997101630127e-06,7.312246184136946e-06,0.85277325863495,6
0.8308511325535805,0.14570385211275783,4.4684394314004735e-05,2.945833514969504e-07,2.4555830213451413e-05,2.0242235051455435e-05,0.02335523829073131,0
0.8182158916466368,0.16906249735139364,5.0231977089297886e-05,2.834216751736645e-07,2.0960583165387287e-05,1.9475262734262022e-05,0.01263065975730525,0
0.7914391702729322,0.20216028696295416,2.5258627005128977e-05,2.585610046292749e-07,1.603671837105548e-05,1.4948253592307904e-05,0.006344040604140313,0
0.7691623447072534,0.2268184120148667,2.373025820526211e-05,2.51604696394398e-07,1.686192679602715e-05,1.908458354287942e-05,0.003959314904639265,0
0.7097523078233035,0.28659930394300137,3.959403448677772e-05,2.817996684912677e-07,1.8885519425265667e-05,1.9432304129236497e-05,0.0035701945759851815,0
0.275159937368901,0.7227505042788478,2.2650770293905486e-05,1.589159367895275e-07,8.914521634184123e-06,9.190255210246372e-06,0.002048643889176014,1
0.2211399131819186,0.77763821249088,1.3231607938043349e-05,1.1771625060006874e-07,6.35018423948143e-06,6.8040725032008405e-06,0.0011953707462698732,1
0.2523580333927268,0.7456822109725868,1.787293864925654e-05,2.157754690828768e-07,5.7659990049223364e-06,7.117061112178698e-06,0.0019287838604508316,1
0.18960514396978828,0.8046563878407561,1.697282554944152e-05,9.623885792495702e-51,6.657066938286423e-06,6.758633208129323e-06,0.005708079663759563,1
0.221640865260207,0.7537708905399212,2.7639582337153926e-05,1.5093868985908785e-07,9.153383341665391e-06,1.0372145332719771e-05,0.024540928150170352,1
0.3721752607494615,0.614410679534496,3.60879333642043e-05,2.531899649749943e-07,1.389431301095679e-05,1.5817373978523928e-05,0.013348006905723681,1
0.17323640402578633,0.7942661542920209,3.0091126483809507e-05,1.9081789659472455e-07,1.0842006099341083e-05,1.192084383175358e-05,0.03244439688788127,1
0.1299771134044563,0.8675463250648063,2.5306300734272772e-05,1.5401059441503603e-07,8.982488247317552e-06,9.621404895561257e-06,0.0024324973262655944,1
0.10449062370449072,0.8947486553579889,1.4259477911194834e-05,1.042520589622457e-07,5.815556886227729e-06,6.198918434772346e-06,0.0007343427322293298,1
0.13402048925442908,0.8650604681676338,1.8035578709296696e-05,1.6312252860944887e-07,7.220916493766869e-06,7.968913943809285e-06,0.0008856540462616124,1
0.1012923387515863,0.8978155909028616,1.4343679453771817e-05,1.0486766243918338e-07,5.556119102004838e-06,6.235267870049032e-06,0.0008658304114638569,1
0.0378617228897831,0.9619877999278316,1.3922962725407142e-05,6.03478933299977e-08,5.40865442786089e-06,4.2089921055041255e-06,0.00012687622523303624,1
0.07874461325848549,0.921069452359379,1.7260009253697693e-05,8.808091515901445e-08,7.983772881125401e-06,5.633157342053021e-06,0.0001549693617432337,1
0.022824278263913266,0.9771473519913684,8.213132220443127e-06,4.036113073105347e-08,3.434924617009592e-06,2.250957465319296e-06,1.4430369285068105e-05,1
0.024764969453700117,0.9752039758918266,8.817006749099642e-06,4.3351416342074695e-08,3.589435762337336e-06,2.416460204336715e-06,1.6188400341184392e-05,1
0.025422004648751568,0.9745479836584486,8.921503409658441e-06,1.740277316260119e-233,3.7229648419514696e-06,2.597186779997673e-06,1.4770037768427042e-05,1
0.02249440931474549,0.9773350649065627,1.0003837511358732e-05,2.35406301974837e-08,5.126567667957658e-06,3.4321893476042427e-06,0.00015193964353472626,1
0.025440968337146916,0.9745130178995786,1.1933993883107527e-05,3.009731237439843e-08,6.540764262777981e-06,4.423012796287352e-06,2.3085895019995014e-05,1
0.014357240267945947,0.9856080876925033,9.334056099828798e-06,2.3540317257440543e-08,4.920368427525309e-06,2.9012094948159902e-06,1.7492865211385638e-05,1
0.013187309399747675,0.9867813796315361,8.644459291525352e-06,3.7391060340521915e-08,4.4645485080729985e-06,2.4995025966615633e-06,1.5665067259423657e-05,1
0.012473334658540362,0.9874315545821704,7.86476487638588e-06,3.3886548281349166e-08,4.3010973288602855e-06,2.0469155509020885e-06,8.086409498498117e-05,1
0.012770342878255325,0.9871061785757356,9.761632548911594e-06,3.994131453562214e-08,4.481706757012108e-06,2.208595320784159e-06,0.00010698667006754103,1
0.011546065233501013,0.9883497422896772,9.584082902422112e-06,3.9214841147016964e-08,5.351888833520063e-06,2.1684242411539106e-06,8.704886600387347e-05,1
0.013652881004821489,0.9862933239112913,9.660205517936757e-06,2.19876604326304e-08,6.761911854637389e-06,2.405813309263943e-06,3.4945165544755704e-05,1
0.016635967191945676,0.983281374935504,1.3577284014257197e-05,3.8826406216666485e-08,1.1686063895148929e-05,4.68927845577157e-06,5.266641977879571e-05,1
0.015141908534930465,0.9848078426718204,1.3692877272233992e-05,3.533944764915468e-08,9.831727409022659e-06,3.8667194155045364e-06,2.2822129704391114e-05,1
0.005743190903159411,0.994240317222995,5.515243590074445e-06,3.412825181244761e-08,4.267838912829654e-06,1.8679428594204772e-06,4.806720231326236e-06,1
0.0094012772336917,0.9905811196556077,5.865702714442574e-06,3.6561412875009484e-08,4.375010662040482e-06,2.1764223425158875e-06,5.149413568499341e-06,1
0.013387034647078053,0.9865874562109844,7.108141876847321e-06,4.3783660021465344e-08,6.299968531273198e-06,2.516164341148555e-06,9.541083528575967e-06,1
0.01466610913081442,0.9853126950946112,7.292986347532706e-06,4.492223710694764e-08,6.389435152286844e-06,2.5815962182628775e-06,4.8868346191156774e-06,1
0.011364587619851839,0.9886156715049929,1.2934375612702381e-05,7.0732343493255386e-09,1.3732449721600547e-19,2.4033523044543785e-06,4.3960740035640875e-06,1
0.012853449391550049,0.9871310899649709,1.1689392568550759e-05,2.484528008014221e-08,1.2203151537503902e-19,2.3777603475086943e-06,1.368645282937739e-06,1
0.01507795682542033,0.9849035937277396,1.2076160876481667e-05,6.603914906849147e-09,7.479107220989571e-20,2.3120377414465973e-06,4.05464430718769e-06,1
0.010565264477583027,0.9894128104368118,1.0869969618977159e-05,2.174553895921278e-08,3.464067840079675e-06,2.0811067577277183e-06,5.488195849497624e-06,1
0.03732643971677262,0.96232000890345,2.0380740729826714e-05,7.313403063985274e-08,0.00032642573582401335,4.521180284600203e-06,2.150588908287447e-06,1
0.07818512072766955,0.9207852769634763,1.1096854912004089e-05,1.290492793407238e-07,0.001008048027657952,6.927231178565928e-06,3.40114582624589e-06,1
0.10406657393158858,0.8944753514888606,1.571484632563305e-05,1.8275354678012207e-07,0.0014275504157818418,9.810020433405606e-06,4.816543463382962e-06,1
0.13959886047285464,0.8570480056514275,1.5524123213733415e-05,2.1567693997163234e-07,0.0033131957309552994,1.184522280739828e-05,1.2353121801542949e-05,1
0.08135087924622704,0.917930142237152,3.2704463941181964e-05,6.827145522503803e-08,0.0006723115381040442,8.029895888352e-06,5.864347232545659e-06,1
0.08492474532485017,0.9141949499184897,3.7585987143030255e-05,1.8212099106781959e-07,0.0008294327809305744,8.918770756620579e-06,4.18509683873366e-06,1
0.04689835070460461,0.9514956046983379,0.000431878394599672,1.775643386370108e-07,0.0011118104534266137,4.729172500900077e-05,1.4886459683484023e-05,1
0.13335748048509685,0.8578639196467102,0.0015802927771099927,1.849726591185939e-07,0.006838379994424619,0.00035465620606490083,5.085917934477145e-06,1
0.08833463918537082,0.9038241023967136,0.0015815053749065372,2.2043363300767326e-07,0.005870846447910511,0.00038220353592519063,6.482625540243459e-06,1
0.06891016921260001,0.9246907721337861,0.0016684752025957319,1.487739960665022e-07,0.004387287165465092,0.00033809039209567557,5.057119461173737e-06,1
0.040310018309363704,0.8797734396448555,0.06753236547927348,1.5951204104459525e-07,0.010887261601397257,0.0014912256799612651,5.529773107882242e-06,1
0.04072448088652264,0.6719173201419579,0.20580316639404322,2.2462010668145118e-07,0.08008156267109155,0.0014670656979574395,6.179588320597664e-06,1
0.009976922721494806,0.33025063217354544,0.6098396513986941,1.1528641019956727e-07,0.005625061636941117,0.04430066024216481,6.956540749664173e-06,2
0.1614953032341148,0.5033308112405326,0.12554483205196731,2.887986874764849e-07,0.08476965755340345,0.12484131911926327,1.778800203105103e-05,2
0.010401872041267624,0.5925428902506022,0.04050936461889991,4.856562854904504e-07,0.018289431478235394,0.3382513690964127,4.5868582966794335e-06,5
0.0005335087800180783,0.05113209103683601,0.5075215239927252,7.597419677379756e-08,0.42698878956622544,0.013823132569096357,8.780809022239434e-07,4
0.0007655673589556014,0.06552251543547655,0.909145218464068,9.342178439528545e-08,0.013858709614960305,0.010706815971263843,1.0797334912723256e-06,2
0.0006736886708030636,0.06567750726336008,0.9051717127234107,9.593648231644036e-08,0.00799820846649472,0.02047767814203458,1.1087974144619656e-06,2
0.0001601023520403303,0.017851742587498155,0.976898420973451,2.8372782706467345e-08,0.0023386604983846415,0.0027506047624464573,4.4045339676434907e-07,2
0.00021527260556623046,0.033024919430953766,0.9509791159088345,6.467954711189495e-08,0.0016527503600632302,0.01412734924364394,5.277713911597986e-07,2
0.0012801415741532617,0.029470112180432297,0.9609670221835437,7.1479034123659e-08,0.0008819029626730447,0.00739865088137116,2.0987387927422253e-06,2
0.0010815141080474672,0.05885084098817757,0.9283652223430531,2.886454765248546e-07,0.00026106108036523783,0.011437806855014235,3.2659798660466653e-06,2
0.8967127451299104,0.06932548769526645,9.614487220054176e-06,1.6201229892026512e-07,1.3162687220473921e-05,6.848618932002572e-06,0.03393197936915174,0
0.9225801611477974,0.07310806404912243,1.2314557146335135e-05,1.665469146276997e-07,1.4185335049858962e-05,7.396874024443209e-06,0.004277711489945032,0
0.9239873840593498,0.07149644727309239,1.3181001053300116e-05,1.745651796964642e-07,1.4868276410695723e-05,7.7529904781213e-06,0.004480191834436053,0
0.8871590740793788,0.10719690235048682,1.0246034717179452e-05,1.7905150803321343e-07,1.3800145976022353e-05,7.568904064026533e-06,0.0056122294338691,0
0.8944596224351256,0.09976075360732795,1.0905154216383063e-05,2.0888146355210355e-07,1.3943382533485365e-05,7.25481901951201e-06,0.005747311720313834,0
0.8892938986065071,0.10268925357524851,1.0648708428682635e-05,1.617055286718598e-07,1.3803145271808736e-05,7.1818527969463875e-06,0.00798505240621826,0
0.9116161806744282,0.08003240703344851,1.1429603895330864e-05,1.8378912758151895e-07,1.4814452626063287e-05,6.62324491191246e-06,0.008318361201562579,0
0.8906729809613158,0.10402714047882698,1.059509512493529e-05,1.6381230909448496e-07,1.3265048514920162e-05,7.275421563549822e-06,0.005268579182344502,0
0.8700960852823867,0.1257172914163174,1.2068415156396276e-05,1.657119572895837e-07,1.3418876549019427e-05,7.3597909343143125e-06,0.004153610506699117,0
0.8826198797575187,0.11441089761709382,1.3099746975037005e-05,1.6892735470068471e-07,1.36792501612881e-05,7.655703600893074e-06,0.0029346189972958643,0
0.8597368119745376,0.13761015941828433,1.2412156559135221e-05,1.6595055120423967e-07,1.3438197196355218e-05,7.5207963486764904e-06,0.0026194915065229436,0
0.507671213994872,0.39676774178456803,1.5530565409465757e-05,1.8321503349606353e-07,1.299917265200853e-05,8.361005909494982e-06,0.09552397026155542,6
0.6183850100259367,0.28260300896506707,1.505019424948263e-05,1.8670392190987584e-07,1.3802560117999072e-05,8.34982485985775e-06,0.09897459172584679,1
0.8747002486174955,0.10032292785587293,1.1574615565695816e-05,1.7716768896701804e-07,1.5689019752771103e-05,7.950666579265045e-06,0.02494143205704493,1
0.6978381085009436,0.2874205664757481,1.1177323087679848e-05,1.709927422471914e-07,1.1591890436781417e-05,8.701724676221454e-06,0.014709683092365314,1
0.7303330071060068,0.2510150210809321,1.0119635932217194e-05,1.4392250980825044e-07,1.0548278316166032e-05,7.878298320177709e-06,0.01862328167798272,1
0.7057540199374379,0.2829465775217181,1.285860963701716e-05,1.392773038381234e-07,1.3240527806931789e-05,1.0010633127681864e-05,0.011263153492968365,1
0.7115815113092939,0.2858098104604044,1.6783094653814695e-05,2.5675086563554394e-07,1.8400491833424157e-05,1.4004942716672007e-05,0.0025592329502319984,1
0.6392159589727819,0.3607311626463014,1.2107458068616093e-05,1.5136111800155336e-07,2.67195437761587e-05,8.136555268271397e-06,5.763462685509166e-06,0
0.848536488252925,0.15109713693349047,1.0834049080711891e-05,1.4686811919463207e-07,0.00034440634631470175,8.122603432488493e-06,2.8649466374785215e-06,0
0.12154971034086134,0.8512038082816642,0.0017108151551375244,1.7678018745466128e-07,0.025066152334184733,0.0004631106751843422,6.226432780408158e-06,1
0.09559551374842223,0.7783401624897405,0.00042846913846358555,1.9021364584100323e-07,0.12334058917851823,0.0022745533418151746,2.0521889394543723e-05,1
0.09179138428458929,0.829016405223543,0.0006602242422664967,2.0923825587095618e-07,0.07546894326377676,0.003049682455897592,1.315129167082484e-05,1
0.3714228295929372,0.457144445776185,0.004001789175198024,3.603500195407966e-07,0.1467528151019948,0.020665143330321285,1.2616673344132329e-05,1
0.09442398423300113,0.8130948411790283,0.00043743906829599594,1.8867630616671637e-07,0.08740137090097269,0.0046264248832119876,1.5751059183501462e-05,1
0.11598290702747886,0.8778105630296074,0.0013406155595476628,2.3698710775770278e-07,0.0018057473822226668,0.0030229158485824584,3.701416545321105e-05,1
0.0948457701606837,0.9014281804649363,0.0010132871875008695,1.990350494867819e-07,0.0010952169620152235,0.0015862758906611159,3.1070299153099e-05,1
0.07150417087014506,0.9273305426653103,1.5897145860266516e-05,1.1962378742945304e-07,0.001121307100418158,9.567784650550241e-06,1.8394809828330643e-05,1
0.05801928575622565,0.9418805917234646,1.8381718096954965e-05,3.5284443450901813e-239,5.489076612826426e-05,9.123149591678634e-06,1.772688649295635e-05,1
0.11909971388268843,0.8808079013211267,2.128389607712351e-05,1.6778534212282628e-07,4.792905838040864e-05,1.2115354998271964e-05,1.0888701386662233e-05,0
0.08650109704768988,0.9134215536060538,1.8589216869181743e-05,1.4365228642390706e-07,3.898907680063597e-05,8.468231908608549e-06,1.115916839138768e-05,0
0.6599869150563248,0.3399502197011902,2.2225789678197224e-05,1.8849313532006445e-07,1.654834586615611e-05,1.9534861479397014e-05,4.367752326044851e-06,0
0.6886359454936565,0.3113032241059504,2.15798472007136e-05,1.820511676033657e-07,1.598278728677587e-05,1.886723532533695e-05,4.2184794125716894e-06,0
0.6798272796151184,0.32011233567959163,2.1680829141587165e-05,1.8290306799320154e-07,1.6057578033243e-05,1.7428705320880507e-05,5.034689726424211e-06,0
0.8080318433992074,0.19191022422971096,2.1194554910773277e-05,1.6752906911682938e-07,1.364279029988685e-05,1.8877502651645424e-05,4.049994150037668e-06,0
0.7850102271226953,0.21493735109585616,1.9291550569759975e-05,1.5177215401435201e-07,1.2359620222899752e-05,1.710198268847213e-05,3.516855813339848e-06,0
0.7353200971165293,0.2646140813729228,1.827858956066477e-05,1.5428204683571843e-07,1.3537760769720674e-05,1.597612640680523e-05,1.787475176396476e-05,0
0.6624475231422551,0.3374534483615798,2.0570227000529892e-05,1.735338442613677e-07,1.0906661730572358e-05,1.779544374713018e-05,4.958262984257353e-05,1
0.7053827230364536,0.29408130849775294,2.1402470226942412e-05,1.6777792628857775e-07,1.0739113796896433e-05,1.5429162587665916e-05,0.0004882299412555159,1
0.6839014201585406,0.3155805872022876,2.027241117952273e-05,1.615291238100757e-07,1.000903826980999e-05,1.4401253946138164e-05,0.00047314840665256053,1
0.5716143330749602,0.4248743275088837,5.151330332001549e-05,3.3510597699752275e-07,1.8801593292102812e-05,2.3825931896625124e-05,0.0034168634816703425,1
0.37739380988138277,0.6201546384312305,3.9958429593403866e-05,2.5120377242712457e-07,1.642472180283654e-05,2.4205069224298416e-05,0.002370712262993906,1
0.39663901227003573,0.6021369445428321,4.175725287976179e-05,2.542427739243241e-07,2.3867688648542447e-05,2.740906546975674e-05,0.0011307549373601928,1
0.46464173718361607,0.5337779510455869,3.8026312425930035e-05,2.171657554393825e-72,2.6669293804054414e-05,2.3986747489559118e-05,0.0014916294170774999,1
0.9738510568662976,0.01710503256614334,3.543210087330093e-05,1.6827697888402506e-07,1.1817352707406566e-05,1.91864617001484e-05,0.008977306375299397,0
0.10156334947570166,0.0004599683956010338,4.571328219725173e-06,3.7402084225571306e-08,2.5130234111596088e-06,3.359440620812428e-06,0.8979662009343613,6
0.06021321343611272,0.0002718896025590808,3.36904724041335e-06,1.960387203859464e-08,1.7838406504096192e-06,1.981087917122223e-06,0.9395077433816481,6
0.0716213622261181,0.00048342321831212497,7.213752576402822e-06,3.918960752395773e-08,3.47204713310483e-06,4.154192012759989e-06,0.9278803353742401,6
0.06828202975400809,0.00046959218373112733,6.979042430098636e-06,3.806836883217114e-08,3.372709736501306e-06,4.387703176535375e-06,0.9312336005385488,6
0.056126542723164974,0.00032600256697125324,4.258404545804527e-06,3.126006179708871e-08,2.2133369511886875e-06,2.550271758909701e-06,0.9435384014365461,6
0.057136489008747404,0.00032565374035425503,4.129266655681206e-06,2.7016045321332966e-08,2.437428197862195e-06,2.4593947840093142e-06,0.9425288041452154,6
0.008845026481675941,0.00039613321760829186,5.540836402194652e-07,3.4861359695411436e-09,3.3059047997738125e-07,3.2517322378675876e-07,0.9907576269672358,6
0.02243010155427569,0.001063054759992316,1.0956766588538335e-06,1.2818354816592662e-08,1.0099060998520513e-06,5.976256989069048e-07,0.9765041276589195,6
0.05966811218681251,0.002015554160350731,3.0169770359280837e-06,2.3041432132886668e-08,2.513981630669803e-06,1.6311677407962229e-06,0.9383091484849972,6
0.05405815758553109,0.0015623097658177454,2.8759551672613996e-06,2.1478141343643825e-08,2.302027477503074e-06,1.5503589110825797e-06,0.9443727828289541,6
0.07783622445159788,0.0012808931294522594,3.992814991439157e-06,3.396823430009188e-08,3.0509874231000087e-06,2.158722134353842e-06,0.9208736459261667,6
0.020567041465264654,0.0001496242092829405,9.163681365818343e-07,8.063698161910924e-09,6.378978672380396e-07,5.349685788130512e-07,0.9792812370271716,6
0.022993262109111297,0.00020358043471819262,1.1052248023689252e-06,1.434652945645296e-08,8.318725637496311e-07,7.307548610949837e-07,0.9768004752574138,6
0.03990323362823578,0.00031544849430291177,1.6045626604463952e-06,1.711293801425388e-08,1.2813838390956974e-06,1.060908117099337e-06,0.9597773539099067,6
0.7462624476724542,0.006537187368971398,3.139781517752823e-05,4.978303663868616e-07,1.9508325046554878e-05,1.657102210305017e-05,0.24713238996588083,0
0.8718204311656402,0.008501021062617405,3.318983247069939e-05,4.79525493922564e-07,1.5832106442476395e-05,1.595335415808185e-05,0.11961309295317742,0
0.9145682376876582,0.009283903603614535,3.5595361762234346e-05,5.251316309556087e-07,1.6706641811577916e-05,1.3156297253440076e-05,0.0760818752762692,0
0.980951809981718,0.0056137732329834735,1.8084780580871928e-05,1.1967957573825186e-07,7.494470573194713e-06,5.923383676978079e-06,0.01340279447089165,0
0.9824174829959351,0.00616868531645283,1.811180165835576e-05,1.1985839300809897e-07,7.505668313148096e-06,5.932234003283468e-06,0.01138216212524421,0
0.9911640499416401,0.005701538517610543,1.1469944335916147e-05,1.1673786834477186e-07,5.505174647833904e-06,5.777787726712557e-06,0.00311154189617029,0
0.988326680042621,0.007162799363457803,1.592001049506851e-05,1.6202939044797472e-07,7.641051743927274e-06,8.019432226843056e-06,0.004478778070064841,0
0.12221616337832694,0.004605369568820676,1.4619477604672635e-05,1.0670327630972114e-07,1.033300301663281e-05,6.434026805449094e-06,0.8731469738421493,6
0.10182439923215991,0.0047123567405311555,1.4959102153242608e-05,1.0918209621201666e-07,1.0573048631106371e-05,6.5834954464208716e-06,0.893431019198982,0
0.17085990098474602,0.018963470344575906,6.296308173637415e-05,2.131549904773462e-07,2.4790471926295434e-05,1.6926202748157717e-05,0.8100717357592768,6
0.8251960071641902,0.1703959088947573,2.750397577342537e-05,1.1345539345693698e-07,1.7181569246301525e-05,1.4249745249948067e-05,0.004349035195389474,0
0.21893274564935486,0.7798822937435417,1.2804345018061338e-05,1.0214451047150877e-231,6.4521064045322285e-06,5.431885145824404e-06,0.0011602722705350654,1
0.18964057674523946,0.804806759336533,1.6975997374339696e-05,1.0540897404143982e-231,6.658310988701138e-06,6.124125797515928e-06,0.005522905484066947,1
0.1821348737833714,0.8092799853127854,1.7953801443397536e-05,1.1284273798965698e-07,6.94158985910007e-06,6.533056289109253e-06,0.00855359961351353,1
0.1894761979240379,0.7931090313479564,1.87307793739228e-05,1.1772617826354117e-07,6.58418967777534e-06,7.484894455612201e-06,0.017381853138320056,1
0.18705600305864367,0.7913828357076524,2.3609832829646454e-05,1.2893238369628228e-07,7.884769443934941e-06,8.201669306762602e-06,0.021521336029739876,1
0.1734662246863218,0.8114680076160409,2.420904667371186e-05,1.3220466731711984e-07,7.952867377647137e-06,8.409826383880376e-06,0.015025063752534708,1
0.36864899336973994,0.6085892922326315,3.574600923424601e-05,2.5079105347140247e-07,1.3762667875179858e-05,1.566750832173361e-05,0.022696287421143956,1
0.2622844284241419,0.727501209888194,2.8714244051316482e-05,2.219591672421139e-07,1.2945509487248821e-05,1.3866312421098483e-05,0.01015861366253712,1
0.32331534046164423,0.6686162977733299,3.5395755849208515e-05,2.7360680219040297e-07,1.595779754241044e-05,1.709286192974134e-05,0.007999641742902415,1
0.07049138940091773,0.9283182386694087,2.4256690972744523e-05,1.0775329932975765e-07,7.358365003406208e-06,7.4042460360336085e-06,0.0011512448743619906,1
0.08202746313040651,0.9177780737173689,1.836244736198165e-05,9.024713086862552e-08,5.7621542311076504e-06,6.201313232669529e-06,0.00016404699026775755,1
0.13965421238039413,0.8602926063098251,1.6539656838674697e-05,1.2646237764580362e-07,1.1462720378284763e-05,1.1055552466554079e-05,1.3996917719465001e-05,1
0.028993306809763333,0.9709822340509173,1.0322410544391193e-05,5.075317847629192e-08,4.0740915108832305e-06,2.829043348060741e-06,7.182840737684473e-06,1
0.030744433745132405,0.9692294938989616,1.0945859648035136e-05,5.381855002802886e-08,4.456099579848301e-06,2.99991085346884e-06,7.616667274641948e-06,1
0.023022593873125607,0.9769486051668372,8.690182274304579e-06,8.39933507609334e-08,3.6264339755068753e-06,2.529845641728904e-06,1.3870504795038107e-05,1
0.025593852190411017,0.9743762230180313,7.958944818754862e-06,3.8104569199598875e-08,3.680066209843813e-06,2.509195255356615e-06,1.5738480704279087e-05,1
0.027787008736884104,0.9721799001451372,9.47524473059816e-06,2.2296766813775607e-08,3.723030551481383e-06,3.25083589106449e-06,1.661971003871532e-05,1
0.02791116790498934,0.9720545390810815,9.474022912741775e-06,2.2293891680878537e-08,4.928713470506335e-06,3.2504167009060494e-06,1.6617566953331186e-05,1
0.02182534479540036,0.9781408907048416,9.533342871057093e-06,2.2427850073198284e-08,4.216345434171421e-06,3.270768623735563e-06,1.672161497897485e-05,1
0.02289036468534846,0.9770730346676599,9.656463925999723e-06,2.2717500891222492e-08,5.29249928989717e-06,2.9488735374498447e-06,1.868009273706361e-05,1
0.01586628450656499,0.9841013102376858,8.7917970113559e-06,3.66299528493564e-08,4.373671135695205e-06,2.732664630793082e-06,1.6470493018563674e-05,1
0.015865328140236674,0.984102479325971,7.783772786978757e-06,3.730519782303047e-08,4.454296395111386e-06,3.1430455385700096e-06,1.6774113874163973e-05,1
0.013944739351871918,0.9860329458946036,8.498566117889467e-06,3.6760008672080657e-08,4.394585399267002e-06,2.220486807255947e-06,7.164355191393308e-06,1
0.015223831404198845,0.9847513703206203,1.0333370271569931e-05,2.3519855373060817e-08,4.485818491319957e-06,2.3470591857796837e-06,7.6085073767782096e-06,1
0.008854572499642801,0.9911172740589504,9.161861334541559e-06,2.3106045236619233e-08,3.888578460404395e-06,2.5451356864058614e-06,1.253475988011161e-05,1
0.005694572808192672,0.9942918276300087,4.5154612819088476e-06,2.953802923412412e-08,3.4311386418904344e-06,1.7660779118663389e-06,3.857345934114404e-06,1
0.0068305646216725085,0.9931543939876833,5.108963475951579e-06,3.329076946737049e-08,4.709216574612865e-06,1.9904541416539347e-06,3.199465682581086e-06,1
0.004410523314244689,0.9955644399951415,5.883237644797401e-06,5.0656141086968455e-08,8.063408824930012e-06,6.929025046630328e-10,1.1038695100161717e-05,1
0.00970164693510348,0.9902824640465093,1.1788082166786995e-05,6.446377482103214e-09,1.1581562969017075e-19,2.2568837188947403e-06,1.8376061239541742e-06,1
0.01974830043657417,0.9802287649171476,1.201884157625143e-05,6.572569532676646e-09,4.572769436034861e-06,2.3010636920942314e-06,4.035399004251793e-06,1
0.01822316632444678,0.9817538780130077,1.2037541387296618e-05,6.582795627060424e-09,4.583835780219723e-06,2.286025002874099e-06,4.041677579303532e-06,1
0.01616676207675702,0.9837755561231634,1.5545009420812378e-05,3.10980269338981e-08,3.6127239595634885e-05,3.30854410178109e-06,2.669908934774211e-06,1
0.033527679468082924,0.9165331103787763,2.2771507376747952e-05,0.04969120408293576,0.00021838957214816344,4.6319565046831995e-06,2.213034175532166e-06,1
0.07402395120166615,0.9248507030315876,1.279014352507786e-05,9.739545500975034e-08,0.0011020842491926521,6.957816100933547e-06,3.4161624726339235e-06,1
0.09553517049218008,0.9030124293130751,1.6506934883263354e-05,1.567890328134286e-07,0.0014223478338318757,8.979744213396714e-06,4.408892783403916e-06,1
0.20891754443581723,0.7890891982117791,1.538712864163224e-05,2.0228351330306214e-07,0.0019521049450356561,1.1447062885958469e-05,1.4115932327259005e-05,1
0.08966005970771121,0.9094518443042505,2.8710963701401206e-05,6.744575953577565e-08,0.0008435894096322897,7.69902522326588e-06,8.029143721699598e-06,1
0.0788842408707906,0.9204040484090129,3.991848888867346e-05,1.1486146250508488e-07,0.0006609887330866502,7.175828836236519e-06,3.5128079225506106e-06,1
0.06654132283603766,0.9301695650730055,0.0016089636095638824,1.4712936534315146e-07,0.0014950732635394639,0.0001789969913294185,5.931097158880277e-06,1
0.10013451692207859,0.8896748203307996,0.0011692013906200159,1.8714452646986384e-07,0.008696380027152496,0.0003197485502838069,5.145634538897299e-06,1
0.0961259308286481,0.8936946184318258,0.001535526332688823,1.7784932083308154e-07,0.00826444305216965,0.0003744134472443544,4.890058102476745e-06,1
0.08937237021599931,0.9020123989856165,0.0013867141717699618,1.795045972460984e-07,0.00684550336902693,0.0003778981822157157,4.935570774649998e-06,1
0.1163047133552228,0.8763833979480407,0.0014486028067544658,1.7212197484773842e-07,0.005503845145157726,0.0003545360410560743,4.732581793261033e-06,1
0.12266161083920456,0.8693399314267583,0.0015569364214743024,1.849940993673293e-07,0.006048635053825376,0.0003876147571930944,5.0865074450895925e-06,1
0.10825335512516893,0.8519375606830452,0.003749792902967207,2.195687382795627e-07,0.035347833608337945,0.0007058711658090113,5.366945933625808e-06,1
0.013860308317451298,0.8708365887170698,0.08465496398046049,1.610645902404985e-07,0.030022743537825365,0.0006208032883635159,4.431094239143751e-06,1
0.04287070688240299,0.6785537364361333,0.19387890803372118,2.2752528157064063e-07,0.0833082051778307,0.0013819564312081965,6.259513422049016e-06,1
0.10328940475539361,0.8262018745070359,0.03202001445106614,3.1925091114750044e-07,0.03390544831690803,0.004575337926241616,7.600792443490491e-06,1
0.011060722475312,0.844532439406158,0.12048293551122338,2.649764225846752e-07,0.016036031298480424,0.007872387529163414,1.5218803240165581e-05,1
0.0007541452457914221,0.06064489470978207,0.046808913588671446,9.021724567912601e-08,0.864281503408023,0.02750951051128546,9.423192008516708e-07,4
0.0005383888776859386,0.05788390083231025,0.1274792119150732,7.568254032247839e-08,0.8022713688160968,0.011826179166245615,8.747100477656047e-07,4
0.0007180028011137384,0.055085842076779315,0.9217553779331285,8.786760045219658e-08,0.013162700908740953,0.009276972872293577,1.0155403434015313e-06,2
0.0005652248776963818,0.05068661776347622,0.9314671760624706,7.246049944883135e-08,0.00641228818054317,0.010867570605059933,1.0500502541352577e-06,2
0.0002481557665436789,0.02422495013323192,0.9683107804915332,3.832148227075634e-08,0.0035071016833729237,0.0037084717472087247,5.018566273748062e-07,2
0.00021842990673038898,0.03321465027791469,0.9580317256134467,6.489528266036903e-08,0.002632177975019749,0.005902319481272604,6.318503332103799e-07,2
0.00022016899191963996,0.032379421027776106,0.9578011616704318,6.615068669786496e-08,0.0029347324527909985,0.006663909930816205,5.397755782722157e-07,2
0.0009133327405787676,0.057128701333610026,0.9293311565429209,2.8894580287347506e-07,0.0004470896116488805,0.012176161447425324,3.2693780132119935e-06,2
0.00045037971540590947,0.05149949820221771,0.9353171254811642,2.9554990293365253e-07,0.00021963472939049854,0.012509722219513113,3.344102405534282e-06,2
0.0008773189092539219,0.10680033302315824,0.8742427667521581,3.9550578024849545e-07,0.0005125161225133526,0.017560584985944427,6.0847011915509815e-06,2
0.900902633416912,0.07290012222562457,9.968163743753027e-06,1.598749450344662e-07,1.3405862925875635e-05,7.100550801125712e-06,0.026166609905047735,0
0.9025846389464279,0.07303622839752111,1.0011301776201394e-05,1.6828565719699673e-07,1.3430891974224325e-05,7.113807689569699e-06,0.02434840836895394,0
0.9670527294878878,0.02856159837368099,6.45808055299045e-06,7.990206732343855e-08,4.52396242202122e-06,3.548702944183855e-06,0.004371061490444656,0
0.9061246282153488,0.08490382524697399,1.2070396263526823e-05,1.2432596088339817e-07,1.3802412956937447e-05,7.288845054870202e-06,0.008938260557441116,0
0.9160686398695417,0.07844297087493206,1.1889466114683284e-05,1.6079781631127418e-07,1.2852668279901001e-05,7.179588341844127e-06,0.0054563067349736065,0
0.9192529226311777,0.07633992497500028,1.2185569691481682e-05,1.648024375526215e-07,1.3875268986794883e-05,7.319396292767857e-06,0.004373607356413023,0
0.9168908000450282,0.07777115938758755,1.2164674604129522e-05,2.0601302118268773e-07,1.3045839523476354e-05,7.155192992845353e-06,0.005305468847242593,0
0.9004469472865122,0.09342979924307547,1.0887880877080233e-05,1.7092980877688017e-07,1.3641921926654061e-05,7.225581836901479e-06,0.0060913271559629,0
0.9100968023994496,0.08385234172489198,1.023030279447345e-05,1.8348280874520995e-07,1.478976157959778e-05,6.6122060398055855e-06,0.006019040122436027,0
0.8306272614368954,0.16673543231284374,1.4256697499627702e-05,1.9061206625483943e-07,1.623504122195913e-05,8.638443931040428e-06,0.0025979854555418054,0
0.7537623611141105,0.2445963057246456,1.6808713811849417e-05,2.0559033890191948e-07,1.1640286649380094e-05,9.317251789262008e-06,0.001603361318654477,0
0.7751050744176015,0.2237872076428096,1.3330881858856939e-05,1.741598118120431e-07,1.0571853540837146e-05,7.236230289021919e-06,0.001076404814088388,0
0.46214893678255037,0.48477243268706577,1.3508164034104872e-05,1.6522073329349989e-07,1.1406913467188618e-05,7.539837212472674e-06,0.05304601039493677,1
0.6740936018928756,0.30327852507240644,1.1439183867327724e-05,1.5978810370179706e-07,1.185108736328158e-05,7.097725751687993e-06,0.0225973252496319,1
0.6423322002134187,0.3494755744355213,1.5776475074945616e-05,1.4905406156606872e-07,1.5273584453803904e-05,1.071334298848188e-05,0.00815031289448108,1
0.8363063505726689,0.16366203431790652,1.0214312122337549e-05,1.5626042356173629e-07,8.665276066986189e-06,8.523508870935866e-06,4.0557519406913e-06,1
0.728174862229315,0.2717887898609186,1.3677329048305779e-05,1.8900157970612308e-07,1.0258803504340926e-05,8.098625653842087e-06,4.124149980267502e-06,0
0.5535638872025918,0.44639134576422934,1.6277504173711135e-05,2.9425007149857346e-07,1.3159899884040824e-05,9.937074937345632e-06,5.09830411231233e-06,0
0.5148437416618139,0.48511570042687757,1.4762543379749704e-05,2.746116860055578e-07,1.2007268803239077e-05,8.755446495342291e-06,4.758040944292328e-06,0
0.4168598726087694,0.5831006841841404,1.4453477188096556e-05,1.9652164789970652e-07,1.10748669538913e-05,9.942290830391974e-06,3.7760504699850146e-06,0
0.7397274468899457,0.25968698445748684,1.0815379864723978e-05,8.993639178915809e-08,0.0005576023925591018,6.541257089120196e-06,1.0519686662940238e-05,0
0.8529521854214138,0.14686418100433143,8.968852663560957e-06,1.3560693454661893e-07,0.0001662045183567746,5.952175476286574e-06,2.372420823772559e-06,0
0.8573154390063054,0.1419930519354161,1.3493654452582606e-05,9.282634637007831e-08,0.0006224525153316713,4.438153697672614e-05,1.1088525171305372e-05,0
0.06356509348456232,0.7644037536452889,0.00047217421987609884,1.3760813238530158e-07,0.17141743762024375,0.00013832764672195167,3.075775174545951e-06,1
0.11850981219721286,0.859409058311443,0.0024624646907968947,1.6870661232471095e-07,0.018998144954922764,0.0006058324829656825,1.4518656046537166e-05,1
0.01705484995819759,0.839976085845862,0.0017180981425174175,2.3057372029443914e-07,0.13251652630678537,0.008716849589122843,1.735958379466922e-05,1
0.1709393808528365,0.6953788270065978,0.005825072886302531,3.8489559565025927e-07,0.11018677235656923,0.01763871172490518,3.085027719318763e-05,1
0.5794234581841011,0.31222365366943566,0.004735217626182925,2.5241103694388e-07,0.08452980000020568,0.01908124340029115,6.374708746453052e-06,0
0.1402602184223808,0.8559574145346168,0.0008152364118000678,2.0890954195165675e-07,0.0012767149463723236,0.0016661535607944505,2.405321449358973e-05,1
0.06789116918359472,0.930853651297213,1.640353220923767e-05,1.1723176550456026e-07,0.0012124419930357685,9.312074522382766e-06,1.69046876594633e-05,1
0.05919368027407066,0.9397318258336368,1.858296797910991e-05,3.567075065292294e-239,0.0010287669240537796,9.22303322445567e-06,1.7920967035311773e-05,1
0.08510252144150893,0.9146181580278001,2.0842257231836764e-05,1.6438994387360208e-07,0.00023578715914016437,1.1863962519550609e-05,1.0662761855213082e-05,1
0.09157455866169482,0.9082269101228488,1.5548036947833042e-05,2.029241296e-314,0.00016643760748679312,7.573595635638613e-06,8.971975386151819e-06,0
0.8681100802297484,0.13169034475877983,3.725004606129285e-05,3.4079384566223137e-07,0.00012165826718068847,1.935427007399389e-05,2.097163431000248e-05,0
0.870403196029199,0.12947351406059276,3.9036192186047096e-05,3.416940537920998e-07,5.269138907521871e-05,1.9405394445780663e-05,1.1815240447454874e-05,0
0.5827529626622749,0.4171940428143546,1.9359742761354164e-05,1.9501626380310053e-07,1.5261630507389454e-05,1.2023029116531079e-05,6.155104721327819e-06,0
0.6259595688466147,0.37396183516400067,2.369082769732063e-05,2.0936105480132435e-07,1.6053760737264263e-05,1.3269376268509478e-05,2.53726636265233e-05,0
0.6049917512342411,0.39494328464871975,2.3046301030034432e-05,1.9442241515582546e-07,1.706889412534226e-05,2.014935420385351e-05,4.505145264787376e-06,0
0.7643450464436775,0.2356038406289286,1.8959119046607793e-05,1.491568200032971e-07,1.3094899405855502e-05,1.5453498680540122e-05,3.456253440787805e-06,0
0.7277132615829207,0.2722272817703377,1.735647613974299e-05,1.3654836920971633e-07,1.1987967823364205e-05,1.4147191146644262e-05,1.582846326227801e-05,0
0.6553424413855214,0.34455862453314845,2.003271157999603e-05,1.689992750865791e-07,1.44829446312358e-05,1.746946549926449e-05,4.67799603446391e-05,0
0.6470536879242079,0.35285465893356993,1.9483430441647406e-05,1.6436544836626916e-07,1.1366446218306724e-05,1.367589286905354e-05,4.696300724473516e-05,1
0.709272351992168,0.29040103429176717,2.1826210182430092e-05,1.710997022454409e-07,1.1806710060210569e-05,1.5734639133073254e-05,0.00027707505698699867,1
0.6815608023034324,0.3177519690209385,2.206571791344502e-05,1.729772476882647e-07,1.1071911474237128e-05,1.542192028350094e-05,0.0006384961487100362,1
0.49879961859169575,0.4959365079272347,4.241308210600376e-05,2.7144890670507405e-07,1.5930350688497818e-05,2.1888202583125227e-05,0.00518337039678525,1
0.41867511054239037,0.5783319209412966,4.902794574876921e-05,2.672259021850714e-07,1.4993085993318772e-05,1.895646467751325e-05,0.00290972379399116,1
0.36627599413024414,0.6315400342949239,3.718708347666837e-05,2.3378135101794733e-07,1.5285573206409567e-05,2.2526308940607316e-05,0.002108738827857273,1
0.7232682682124681,0.26317505376207256,3.964395123479607e-05,3.796338021300911e-07,3.1091988341489234e-05,3.179538697572324e-05,0.013453767065105187,1
0.9610876811684333,0.02365309995835233,7.065739569458196e-05,3.686175855969963e-07,2.65276920215108e-05,3.320302260674613e-05,0.015128462145305988,0
0.6163507289421232,0.024504208045110807,5.1386817984049905e-05,2.2697873033922236e-07,2.262776709688791e-05,2.8347317916279238e-05,0.35904247413103857,0
0.6088162262383551,0.024204659406486712,5.075864622914115e-05,2.1996567610311736e-07,1.7736039644192373e-05,2.5090315030346856e-05,0.3668853093885784,0
0.040029148639640494,0.0001920929743958209,2.7636533316140855e-06,1.7999581110124465e-08,1.161570254705492e-06,1.5256940443911747e-06,0.9597732894687518,6
0.07431588913263013,0.0003701126016365358,6.420375271576848e-06,3.056299582159162e-08,2.781058468323019e-06,3.0885725847429432e-06,0.9253016776964129,6
0.12212676303833964,0.0008364150679119481,1.0870560686348879e-05,5.1747271270272765e-08,4.708706823731337e-06,6.015010836121165e-06,0.8770151758681309,6
0.0878608352605448,0.0005930349050210472,1.028742772481487e-05,4.89713758571657e-08,4.259301299177549e-06,5.540881778204514e-06,0.9115259932522561,6
0.07796001769204139,0.0004924436585417434,6.630241215472158e-06,4.7002580941549634e-08,3.158074977283816e-06,3.834584702652922e-06,0.9215338687459405,6
0.05516575541043471,0.000321898390662986,4.559769911379511e-06,2.6704503690193055e-08,2.1854723697478853e-06,2.51816537082263e-06,0.9445030560867467,6
0.031521420840500226,0.0003373030540744636,1.5506084631258851e-06,1.272879153054983e-08,1.0826562554234746e-06,1.0196429337031535e-06,0.9681376104689815,6
0.010415451544413248,0.00033071947361364384,5.682675417052854e-07,5.0937270541768235e-09,4.5800203340260573e-07,3.4432085632592423e-07,0.9892524532978146,6
0.06318616420372843,0.002592085397132566,3.596259765018901e-06,2.698401384612589e-08,2.9441449099024095e-06,1.77480608784997e-06,0.9342134082043625,6
0.11562450675643504,0.0020517047557914096,4.95381783167012e-06,4.0594837905879004e-08,3.4221315551449456e-06,2.4632237959505874e-06,0.8823129087197529,6
0.02310176801735831,0.00020504850778308402,1.2325935723032853e-06,1.178608419643254e-08,8.748800595096103e-07,7.442295973619015e-07,0.9766903199855452,6
0.14282209096731713,0.0013557517066729282,6.773299869176708e-06,8.723996616335537e-08,5.409073265669444e-06,4.457164989395555e-06,0.8558054305479196,6
0.7544977043820864,0.005851535257677931,2.9228603675582604e-05,4.634362739737983e-07,1.8160534353622584e-05,1.6777552147736277e-05,0.23958613023378472,0
0.7781407184547164,0.008101912637531135,3.061191141778661e-05,4.853694115578451e-07,1.9020021452382437e-05,1.615624074008229e-05,0.2136910953647306,0
0.8588707020556557,0.00977608368504699,4.8431347519211187e-05,5.281650536078897e-07,1.7437999551420487e-05,1.7930131155816543e-05,0.13126888661601724,0
0.8634785241632065,0.010982663762265397,5.3325924861209036e-05,3.240780361652712e-07,2.0294133652105424e-05,1.603981746799363e-05,0.12544882812051067,0
0.9331045724764012,0.006360946614672135,3.241990111748206e-05,1.9974121172079755e-07,1.250802089046274e-05,9.88592937289833e-06,0.06047946731633427,0
0.9813628257118696,0.006626969879144692,1.942614954857797e-05,1.285563474660389e-07,8.050344071980884e-06,6.362727854397554e-06,0.0119762366311634,0
0.9896165943119088,0.006416437707856658,1.8809000305588514e-05,1.2447224153852312e-07,7.794592733435705e-06,6.160590386606013e-06,0.003934079324567305,0
0.981810819666813,0.005850331639138395,1.1769275615748828e-05,1.1978437794527276e-07,5.648843259012646e-06,5.928570724797637e-06,0.01231538222007107,0
0.9818664456718323,0.005794006557631437,1.1769942422196018e-05,1.1979116451380037e-07,5.649163302932701e-06,5.928906617108344e-06,0.012316079967029513,0
0.9896947521562781,0.006717168534929528,1.2663639401864848e-05,1.4797386642394061e-07,6.078106793086579e-06,6.526708712786658e-06,0.003562662880018231,0
0.9883899730419035,0.007891756250202078,1.581552636880183e-05,1.3878820907306512e-07,6.885124290108459e-06,8.151158641911848e-06,0.0036872801103846314,0
0.9926802477030657,0.0037477618806601772,1.5990137958229053e-05,1.4032050266955334e-07,6.961139622615592e-06,8.241151648337816e-06,0.0035406576665421613,0
0.8642435525029316,0.00395918745920127,2.254001252604922e-05,1.9757302982831422e-07,9.770352570769698e-06,1.186531031544381e-05,0.13175288678942498,0
0.13558595996940656,0.004667182322331513,1.4394594468616021e-05,1.0506192030146157e-07,1.0174056289116354e-05,6.335055818618534e-06,0.8597158489397653,6
0.1356097514146695,0.004491215649492764,1.572033281367283e-05,9.619279322382905e-08,1.0175841544045102e-05,6.3361674391268836e-06,0.8598667044012477,6
0.13560975020942936,0.004491215609576805,1.572033267395739e-05,1.0508035471975821e-07,1.0175841453606676e-05,6.3361673828138005e-06,0.8598666967591287,0
0.7161581454912811,0.05190373304730387,6.878379668242753e-05,4.10478937339324e-07,4.496459984599403e-05,3.2263454163857556e-05,0.23179169913178538,0
0.3791252510141799,0.013667754939468268,4.756775014783228e-05,2.435406075478979e-07,2.667787544867145e-05,1.914217884013918e-05,0.6071133627013076,0
0.14664259369669783,0.0032568859431804206,2.6116038904336782e-05,9.011672175851076e-08,8.459114558207118e-06,8.670781716156355e-06,0.8500571843082213,6
0.034424339642444575,0.000725623591991621,7.546305000540807e-06,2.2323275830548865e-08,2.406454777507323e-06,2.119383264139569e-06,0.9648379422992458,6
0.12339444543977995,0.010996338211341761,1.765661355360982e-05,2.870978227969599e-08,9.993320054296463e-06,3.824194691521934e-06,0.8655777135107967,6
0.8437739503970536,0.15125882921364922,2.5512226164169805e-05,1.0726901342929737e-07,1.5417660422537406e-05,1.3217824455391585e-05,0.004912965409241786,0
0.17832896404356238,0.8202724044029288,2.3349261434989887e-05,1.1838850196753398e-07,7.1959690384797e-06,7.527004231814556e-06,0.0013604409303016127,1
0.1739211417110707,0.8217197533079499,1.8350518670543315e-05,7.777455645071284e-51,7.434152171440565e-06,6.3348660064087025e-06,0.004326985444131081,1
0.17864548855870543,0.8140961726147022,2.08851341396298e-05,8.819313376599362e-08,7.436961221542044e-06,6.0319621104057415e-06,0.0072238965759872575,1
0.16622370238672424,0.8222609082670558,2.1094595386408966e-05,8.907764059427076e-08,6.485009574437917e-06,6.092457881978155e-06,0.011481628205736822,1
0.1614247283713979,0.8258490589650992,2.8491210512083424e-05,5.794061386842487e-08,8.353885742992089e-06,7.855640448815836e-06,0.012681453986185016,1
0.15010388929755422,0.8491161388116226,3.972519174715927e-05,1.3555826589262588e-07,9.174162477455913e-06,9.454574791167999e-06,0.0007214824035415424,1
0.16681187359443841,0.8323784601067364,4.051542618687412e-05,1.405254304853691e-07,9.535903994512325e-06,9.656176359380072e-06,0.0007498182668538623,1
0.20740915501944365,0.7911785992256564,4.442720453397173e-05,1.7472533679812177e-07,1.1856672712980547e-05,1.2006215962102363e-05,0.0013437809363540318,1
0.06524198459843096,0.9346271957496045,1.806919107485994e-05,8.880584485700623e-08,6.010103805187707e-06,6.102275557677664e-06,0.00010054927568173405,1
0.06763880861131324,0.932313618651628,1.8553909435364994e-05,9.118812214568047e-08,8.078675540761608e-06,6.265973256784002e-06,1.4582990703739774e-05,1
0.03203572804233511,0.967924341116567,1.2671040160092213e-05,5.4921541847265084e-08,4.92231997019024e-06,3.4935359022438566e-06,1.8789023523204132e-05,1
0.06215965916449702,0.9377910411498395,1.6309138451246862e-05,8.322845133661468e-08,7.561653525878232e-06,7.275970352535259e-06,1.806969488238121e-05,1
0.03243228135718646,0.9675383664764343,1.163919294811641e-05,2.9919430442344034e-08,5.105418191380013e-06,4.313752784878359e-06,8.263883024293223e-06,1
0.017439975559859176,0.9825399722590341,7.593962861724624e-06,4.0843957857944796e-194,3.4779489154790508e-06,2.778005271327947e-06,6.2022640582439884e-06,1
0.017575265427838608,0.9823917789657856,1.0308610182989233e-05,2.3463498764603224e-08,4.475069891368245e-06,2.341435329107874e-06,1.5807027473676626e-05,1
0.024027886825493835,0.9759315712776911,1.1932457716039118e-05,3.0093438189396326e-08,5.960213134056147e-06,3.634549913637248e-06,1.8984582612969828e-05,1
0.019154748620016822,0.980812880209596,1.0254231341624392e-05,2.5860982238735015e-08,4.938424062989344e-06,3.1233729483089766e-06,1.402928105206998e-05,1
0.0143566390710068,0.9856157817679807,8.849260995883473e-06,2.2317672950434994e-08,3.905077215239319e-06,2.6954280127143847e-06,1.2107077115611796e-05,1
0.005994906564110561,0.993987379866233,7.6243470061007025e-06,1.7602143643706427e-08,3.35626638322382e-06,2.1180191384919682e-06,4.597334985031158e-06,1
0.005967632566264058,0.9940145557777575,7.624555458022595e-06,1.7602624891565296e-08,3.475524484069966e-06,2.096512733659667e-06,4.597460677541277e-06,1
0.005588164770342323,0.9944009984008154,4.431085966818332e-06,2.8986085508293185e-08,3.175186393443499e-06,1.7330772124947944e-06,1.468493183995956e-06,1
0.006550182847137431,0.9934372535090471,5.057659417481923e-06,3.2956464555759105e-08,3.832921328887809e-06,1.970466060677184e-06,1.669640543732265e-06,1
0.009901230508743548,0.9900709693142169,7.039409182499817e-06,1.94353512860882e-09,1.1724188119563457e-05,3.358561106106888e-06,5.676075096177073e-06,1
0.021591588500824134,0.9783850040365667,1.3472301472454352e-05,2.3621303044351725e-08,3.7582660905980287e-06,2.2606224423381325e-06,3.892651300653819e-06,1
0.023105908763755633,0.9292663494330377,2.1699832371347727e-05,0.0473526315623348,0.00024688755747068013,4.413966894683174e-06,2.1088841351867466e-06,1
0.04186773714274559,0.9578209942347304,2.3819026077642606e-05,7.448370981972275e-08,0.0002805094294010999,4.604806315657465e-06,2.260877019613392e-06,1
0.07863732140769204,0.92024293948962,1.2726420854123288e-05,9.691021428357019e-08,0.0010965934779719989,6.923151077425962e-06,3.399142570023434e-06,1
0.07818026949340581,0.9207281440327656,1.1096166373798e-05,9.69613108736442e-08,0.0010700656099945241,6.926801357380855e-06,3.400934791780321e-06,1
0.10334161465223538,0.8954963111611549,1.466732919889517e-05,1.2816710008047332e-07,0.001133627101025371,9.156106026308979e-06,4.4954832592280364e-06,1
0.10770431911725914,0.891233733036573,1.4905982002422585e-05,1.6246958872986046e-07,0.0010327230653342425,9.587699763546633e-06,4.568629478861952e-06,1
0.13893189890459978,0.8593462405750459,1.5141684056452602e-05,2.4315226543887695e-07,0.0016825225687578558,1.1904314523923758e-05,1.2048800750587234e-05,1
0.08184476361887982,0.9175130223025603,3.084710701644006e-05,1.307726488796379e-07,0.0005971178127085646,8.271845468313672e-06,5.8465407175608926e-06,1
0.08748205059997195,0.9119321823142285,3.905144068987622e-05,1.2906114360305912e-07,0.0005344477808873241,8.221283739223512e-06,3.917519339509537e-06,1
0.07712741170428858,0.9223666509828706,3.6544119770537226e-05,1.2077469630398022e-07,0.00045788657133646703,7.719854351382807e-06,3.665992685989332e-06,1
0.08721767245371624,0.9122267907405538,3.4338598400190844e-05,1.2306632703491972e-07,0.0005096229860480455,7.688417673314895e-06,3.763737281234184e-06,1
0.09248502627468363,0.8968426604185237,0.0012148282315143928,1.7847579560168947e-07,0.009186339982913676,0.0002666454648844214,4.321151684909898e-06,1
0.09051646040177784,0.8986259481683875,0.0013588681565561995,1.788306780286641e-07,0.009204606160784796,0.0002890212407950864,4.9170410208438395e-06,1
0.09062008253229273,0.8996546841007454,0.0011112207795793939,1.7903540118925277e-07,0.00831955877323599,0.0002893521087565854,4.9226699889248646e-06,1
0.09438168756714678,0.8954431907852666,0.0011439114867007833,1.883579124537479e-07,0.00875276460774655,0.0002730781980193663,5.178997207554847e-06,1
0.08570441255553683,0.9067333144406505,0.0012804150750392916,1.7808270798737018e-07,0.005874024583340147,0.00040275878752325925,4.896475201735247e-06,1
0.0828874431590615,0.8977836483905036,0.0011549356054364182,1.7632499076179764e-07,0.017615468085898943,0.0005534802882417976,4.848145866989905e-06,1
0.04980840081159301,0.944283010821965,0.0016856240455250379,1.1531679028970514e-07,0.003947719019165871,0.00027121014144103524,3.919843519653001e-06,1
0.032665287847357845,0.8883073575282766,0.0714960232524407,1.5995786209263365e-07,0.006466228840846515,0.0010601437445509905,4.798828664978458e-06,1
0.019585458915751704,0.6666726104664787,0.2773723699286549,1.1152388040881254e-07,0.035858950217441884,0.0005069565369484627,3.542410844184918e-06,1
0.030625480400230654,0.5170221929544792,0.40306369003799175,1.5072759284729217e-07,0.048655167985415165,0.0006291711841578181,4.146710132552185e-06,2
0.054798401686940564,0.6769838576058332,0.1807850106008129,2.2931475299765045e-07,0.08307912197423369,0.004344406441225663,8.972376200937186e-06,1
0.04988336206044708,0.7881621301723604,0.10640785307493383,1.995020313006108e-07,0.04002695170034108,0.015508834274369058,1.0669215517561012e-05,1
0.003558660283675331,0.12280606007363395,0.864298884533569,3.829713259425815e-08,0.0023940869667279734,0.0069380989925844514,4.170852676608943e-06,2
0.0030068328184440054,0.10909562228511295,0.7130391866541361,9.708431452356528e-08,0.009315513648831078,0.16552469240754136,1.8055101619926174e-05,2
0.003914348917932261,0.24441756555219207,0.02047258406631309,1.6577345736395037e-07,0.0075108951459498165,0.7236827506619798,1.689882175614192e-06,5
0.0066209981673385765,0.3812013836672859,0.3008540580342199,5.307566568829159e-07,0.11277833906028562,0.19853740324121663,7.28707299644533e-06,4
0.0008483424216325591,0.08130610696201858,0.21140188081839326,1.2080801007714987e-07,0.6789629661545444,0.02747918658231798,1.3962530831389878e-06,4
0.0003692676025659859,0.03281965336777274,0.9556728706021674,4.519015540312455e-08,0.006303156710221168,0.004834484236469708,5.222906475228586e-07,2
0.9499785996503387,0.04256444112652656,7.92448491982775e-06,1.1039862596062534e-07,6.250642217640587e-06,4.9031513464408275e-06,0.0074377705460248154,0
0.9490458475457281,0.0494676782446633,9.434718323936332e-06,1.1673027186812714e-07,6.871632727769766e-06,5.2119818432256925e-06,0.001464839146441746,0
0.9168682213004644,0.07865032060078499,1.2517405102256908e-05,1.7786426991172078e-07,1.3708641248891778e-05,7.518716877437375e-06,0.004447535471252046,0
0.8887851948428133,0.10681029769881785,1.0026577389230752e-05,2.0115215355942482e-07,1.2924300662280414e-05,5.6687947814555244e-06,0.004375686633382255,0
0.8699758807827632,0.1269658932914519,1.2392598808099944e-05,1.6568906404452197e-07,1.3417022720036205e-05,7.35877417306052e-06,0.003024891841019743,0
0.8267439266445237,0.17056659997885457,1.371127895565915e-05,1.833198195306407e-07,1.4844710469332046e-05,8.307962940534378e-06,0.002652426104436724,0
0.7676968190353691,0.2312112025524261,1.4435337142899447e-05,1.7298805038362435e-07,1.0500725247362563e-05,7.83973230729823e-06,0.0010590296294566693,0
0.7280144619296278,0.27043753549504446,1.636020911681234e-05,2.001045989884484e-07,1.132969041505406e-05,9.042213991786263e-06,0.0015110703572050626,0
0.7460230575915213,0.25243042927179415,1.6344467846057933e-05,1.9991206473357497e-07,1.131878934874656e-05,9.033513862243438e-06,0.0015096164535628837,0
0.7786170765615988,0.22010136335141384,1.3391284102649317e-05,1.749489301556969e-07,1.06197546235766e-05,7.983782831461999e-06,0.0012493903164993694,0
0.7827079930127785,0.21596449701524645,1.3986694273630688e-05,1.827275995960983e-07,1.5709839538908954e-05,7.593320361708419e-06,0.0012900373902011931,1
0.43510875408249244,0.5462761729489571,1.225692586312583e-05,1.468827286657249e-07,2.5260171737296934e-06,6.103772045526048e-06,0.018594039370739314,1
0.6122087396509034,0.3665357845837324,1.3175584233770766e-05,1.6344860465727818e-07,1.1668443907475071e-05,7.260323788049222e-06,0.021223207964830338,1
0.6339134246874321,0.3510254798486849,1.0770649957837846e-05,1.848108178022052e-07,1.2237746053522947e-05,6.9564805062574485e-06,0.01503094577654768,1
0.6719539836067092,0.29264322734249215,1.1484891651726956e-05,1.6042657234416452e-07,1.1898440999028665e-05,8.781728425211535e-06,0.03537046356315036,1
0.6740403601150562,0.31790664490269466,1.4747747006590348e-05,3.251448656703412e-07,1.0414882601584783e-05,1.0014763832757108e-05,0.00801749244394254,1
0.7018437657375216,0.2929066633326574,1.5135572058219854e-05,1.5210282464332096e-07,1.0688765275383695e-05,1.0278124487015735e-05,0.0052133163651756215,1
0.7163142874269672,0.2836368901250557,1.4742306098665334e-05,2.2553050735706562e-07,1.5698977280493806e-05,1.2301971518496091e-05,5.853662572065978e-06,1
0.8050833986883233,0.19488339332411464,1.0730278852376052e-05,1.64153777398385e-07,9.098864148469499e-06,8.954066205381654e-06,4.26062457838067e-06,1
0.7884839329283323,0.21147017551835587,1.4311452061032216e-05,2.176108301132989e-07,1.7909467481892465e-05,8.89961085661681e-06,4.55341208227821e-06,1
0.8415511970943106,0.15801501046197872,1.1431054287449256e-05,1.3811928375475476e-07,0.0004111952210818892,8.00433217367459e-06,3.023716884033625e-06,0
0.8914755242379166,0.10637261190581915,1.0920636668526016e-05,7.341817222298663e-08,0.0020933415920017487,3.8758078068049465e-05,8.77013135344341e-06,0
0.10039106223938978,0.787573257342521,0.0012250663416978145,1.5599849941055184e-07,0.11041499127750369,0.0003919799693162575,3.4868310719450427e-06,1
0.04658424905104877,0.8979330048085251,0.004419053021348466,2.708100728466785e-07,0.04737816962283551,0.0036635605315320243,2.1692154637241602e-05,1
0.11309100460498,0.8591459999507367,0.00046703819755945276,2.2899061114050845e-07,0.021349388199399945,0.005928746284533777,1.7593772178715283e-05,1
0.11934808519985354,0.8790860638214993,0.0003385490099282841,1.4454344208564614e-07,0.0006311077754071176,0.0005778329658690611,1.8216684000629794e-05,1
0.07202311758863064,0.925554012819692,1.3365618092068247e-05,5.742125380560213e-08,0.002390194385397306,8.971916693146922e-06,1.0280250241158432e-05,1
0.05958558762415609,0.9389698930040139,1.3477823403477066e-05,7.336288769636975e-51,0.0014104310064276765,7.401764353329629e-06,1.3208777645414415e-05,1
0.14443372896519688,0.8527948351097531,2.3752508961475455e-05,1.5980213805007687e-07,0.002728717670184837,1.0298462942213412e-05,8.507480823437257e-06,0
0.10648773284631644,0.8932977308802738,1.665339081027703e-05,1.404874463402293e-07,0.00017827012711024977,8.300545730370203e-06,1.1171722312625546e-05,0
0.16557769756998064,0.8313904363401429,1.7413390864354745e-05,1.518355922191316e-07,0.002994622077272459,9.785058190446416e-06,9.893727957062483e-06,1
0.3009273115372939,0.6886471465313215,2.9099896562716406e-05,2.541624472858919e-07,0.010365471385929793,1.5310120310312447e-05,1.5406366134550722e-05,0
0.8619496764774329,0.137622592986587,3.5878936726496444e-05,3.448745182012121e-07,0.00036151449163855594,1.8641873092713416e-05,1.1350360004109024e-05,0
0.816426535021383,0.18345972038568664,3.39840210992084e-05,3.266602628854937e-07,5.1025692837036766e-05,1.7657318368737552e-05,1.0750900362618371e-05,0
0.6643962720944756,0.3355480492335,2.1043069216407174e-05,1.6555185289530386e-07,1.3481774982186996e-05,1.7152117752456766e-05,3.836158220492649e-06,0
0.7707592337889523,0.2291879061395544,1.9535435177207294e-05,1.536908640770489e-07,1.2515871070407305e-05,1.7278796463325762e-05,3.3762779183685694e-06,0
0.7758283978086792,0.22411371669285318,2.0469597413427935e-05,1.6104018596164193e-07,1.4138173738360403e-05,1.9385073001717726e-05,3.731614128155383e-06,0
0.7309669778645507,0.26897634881772053,2.0050827607447295e-05,1.7004765257890286e-07,1.492896472768309e-05,1.7583143103322463e-05,3.940334637804229e-06,0
0.7514741508697019,0.24845656052802545,1.9825028525426003e-05,1.5596917789575655e-07,1.3692975587128811e-05,1.7534937392647996e-05,1.807969158957204e-05,0
0.773502695012708,0.2264259852745254,2.040617495009447e-05,1.6054122327649085e-07,1.4094368391952608e-05,1.804895260122404e-05,1.860967560008244e-05,0
0.7520938991014063,0.247807575346935,2.288201831339511e-05,1.695685840535356e-07,1.1556401345128564e-05,1.5467900055869993e-05,4.84496633601489e-05,0
0.6013696910829256,0.3979066587884097,2.1144371787518157e-05,1.6575464484088732e-07,1.0609607787431728e-05,1.3198388129275874e-05,0.0006785320063155517,1
0.38859958068639316,0.610559381623894,2.5344383998140922e-05,1.9180746471422253e-07,1.2029252274080362e-05,1.8290606066002014e-05,0.0007851816399098383,1
0.4695837763617897,0.5293520727681408,2.802243011490697e-05,2.1264921534036767e-07,1.4673828166301804e-05,2.129137807120543e-05,0.0009999505845017965,1
0.45241263784353686,0.54358265501817,3.488961913512521e-05,2.462049114410273e-07,1.6309908300504653e-05,2.0683185431392153e-05,0.003932578220514668,1
0.43004982088596194,0.5657707348807067,3.6567266058475196e-05,2.3403496986986394e-07,1.3734662587717333e-05,1.9660812820170418e-05,0.004109247456895173,1
0.40939128978718814,0.5896728141024308,4.089288497899906e-05,2.613003591695826e-07,1.7084877607030085e-05,2.7118716372746266e-05,0.0008505383310630811,1
0.43549095987481984,0.5627688904755579,4.4745841039740834e-05,3.171262829745668e-07,2.5973263631707194e-05,2.725329763321947e-05,0.0016418601210345973,1
0.3667855669089044,0.6304247731851282,4.674538103602835e-05,3.718980790465944e-07,3.0407015244332444e-05,3.058747841099048e-05,0.0026815481331970053,1
0.987010212980996,0.005483609382744485,3.7722142762199824e-05,1.8209527102351244e-07,1.4089326939846029e-05,2.0761984000667335e-05,0.007433422087285885,0
0.11563164953519119,0.0005758759148345147,9.989769239824847e-06,4.755442830375954e-08,4.327182005076846e-06,4.4199085951137385e-06,0.8837736901357061,6
0.058403434792796353,0.0003623934871845417,5.143902450270251e-06,3.474955092991696e-08,2.460406687921568e-06,2.8349527568629145e-06,0.9412236977085732,6
0.03310099297830076,0.00024585200916496313,1.74167021591763e-06,1.378284926686258e-08,1.4112773251460862e-06,1.1040784843967875e-06,0.9666488842036596,6
0.027542953162613848,0.0003081653670338603,1.579972645873789e-06,4.0992980754085755e-47,1.0753307823357568e-06,1.0364067293001795e-06,0.9721451897601948,6
0.014326398409537264,0.0007215328845200104,9.00541885107419e-07,9.503766548377449e-10,6.711019399656907e-07,4.7022628050028286e-07,0.9849500258854604,6
0.3951523310834553,0.02732770372852982,1.0986998555689761e-05,9.21612874277741e-08,4.674144024336739e-06,6.096423459697278e-06,0.5774981154606877,6
0.04966200781894335,0.0018259034584748712,2.8323724902957218e-06,1.958815001712589e-08,2.0410809548587927e-06,1.2114836038156145e-06,0.9485059841973827,6
0.4408191927267618,0.02040281734254557,1.791560049171495e-05,1.3862898609324673e-07,1.2800304101129057e-05,9.208355524550692e-06,0.5387379270415892,6
0.08911763094419142,0.0016369122360244115,3.727445420780678e-06,3.054513666050343e-08,2.4150790584849476e-06,1.8283259036799383e-06,0.9092374554242646,6
0.11925380689997689,0.0008070477547836477,5.246941349152784e-06,4.299688458642851e-08,3.789655443009901e-06,2.6332006422334995e-06,0.8799274325509205,6
0.724379481992582,0.00714281904376402,2.8067406621863046e-05,4.450248287368606e-07,1.8893456960631552e-05,1.8099669957860697e-05,0.26841219340528516,0
0.820267642518124,0.010439035525034687,4.855845028674125e-05,5.29273707467064e-07,1.7483763671493635e-05,1.7977186821388872e-05,0.1692087732823541,0
0.8436554603848913,0.01260963310839182,3.2439538996075886e-05,5.228623971726864e-07,1.552364783141499e-05,1.3106312416714099e-05,0.14367331414507536,0
0.8491425520861758,0.012932480321320288,5.1785759663687586e-05,3.2547344358768746e-07,1.7752537507382142e-05,1.4031023254968013e-05,0.13784107279863447,0
0.8886852311867709,0.0094872022833741,4.0765059085817694e-05,2.6449667305173727e-07,1.4426636647126984e-05,1.1402340324736042e-05,0.10176070799712428,0
0.826244641203804,0.009348149764473684,4.881029949158615e-05,3.1669675245668734e-07,1.7273823985393025e-05,1.3652663791893858e-05,0.1643271555477013,0
0.9187151284748467,0.007987942687097592,3.925496922522484e-05,2.41852530354602e-07,1.5145079355557229e-05,1.1970173872202434e-05,0.0732303167630723,0
0.972684177602827,0.008367370758483223,1.9165333490057967e-05,1.268303461418972e-07,7.94225991431838e-06,6.2773016819968134e-06,0.018914939913257302,0
0.864248047130645,0.003954007400146494,2.2540129748751854e-05,1.975740573363734e-07,9.77040338294794e-06,1.1865372022762789e-05,0.1317535719899967,0
0.8653230656830828,0.003949571382564538,3.24067945259765e-05,1.9594934993918137e-07,1.2867316344382287e-05,1.1767799710103353e-05,0.13067012507442222,0
0.1603097395831119,0.004817722431397368,1.6863184922776376e-05,1.0318591085813249e-07,1.0915614811466048e-05,8.935028731693208e-06,0.834835720971114,0
0.4490693825826042,0.009733175076816683,4.071687026872273e-05,2.0846500605716726e-07,2.2835631080151055e-05,1.6385252825125574e-05,0.5411172961213991,0
0.026707952138743343,0.001135934446458751,9.089076763069663e-06,2.63854082372829e-08,2.4379232716597e-06,2.3382568556264224e-06,0.9721422217724993,6
0.03095237728353002,0.000689247524107846,6.727524082624304e-06,1.9901180212344964e-08,2.1453522575971427e-06,1.8894282630755073e-06,0.9683475929865786,6
0.6305526041437243,0.128685904961507,3.6836365919378813e-05,1.0283041515873377e-07,2.9954928566839354e-05,1.3697196444959959e-05,0.24068089957342237,6
0.8187934436646698,0.17749739944555848,2.673998823512322e-05,1.1030390337898189e-07,1.7365217354699188e-05,1.3853925100722246e-05,0.0036510874551779443,0
0.17710908866167557,0.8218612710550484,2.2415534130698717e-05,1.1365419475576228e-07,7.133394774308029e-06,7.226002446797562e-06,0.0009927516977297523,1
0.1799238733130609,0.8188017485679437,2.132170004008328e-05,1.0636540064735837e-07,6.554827261219728e-06,6.1580493527775166e-06,0.0012402371769405522,1
0.17410347473866764,0.8113283922389541,2.215764322754906e-05,9.356664793444469e-08,7.0528222811570605e-06,7.027724876416295e-06,0.01453180126534521,1
0.15921317776731733,0.8291755507388273,2.860597213391147e-05,5.817399668009702e-08,8.67810703624023e-06,7.887282699959282e-06,0.011566041957988634,1
0.2945698148712393,0.7043032232292924,4.3478527961797544e-05,1.9630514384160577e-07,1.3760618264333009e-05,1.34896194169066e-05,0.00105603682868128,1
0.21926362666241567,0.7792755503249931,3.881129683233404e-05,1.7523263929369709e-07,1.1859200865752987e-05,1.204107514985158e-05,0.0013979362071040327,1
0.14302445975597508,0.8564441282566061,4.341727347116517e-05,1.6800090441978997e-07,1.1400359991817681e-05,1.1544147959623211e-05,0.0004648822050917158,1
0.16781437862079873,0.8314952740509021,4.403697380574077e-05,1.956214565869037e-07,1.2490158888359085e-05,1.3442088581102937e-05,0.0006201824855674976,1
0.12015418028139699,0.8793484453769738,3.0255391206418965e-05,1.3440078156857162e-07,8.558285026162889e-06,9.235322355406464e-06,0.0004491909422595893,1
0.15345705506992852,0.8461563601535224,2.2008705943258243e-05,1.2417875362050623e-07,8.45729585759211e-06,8.532917785101248e-06,0.00034746167820972945,1
0.08834495889267706,0.9115894489398025,2.56454197067682e-05,1.2810629684188662e-07,1.1349386110404946e-05,8.802798118317414e-06,1.96664572878386e-05,1
0.08683638572352986,0.9131234460243909,1.937397923773752e-05,1.0057797301120849e-07,8.81580183802678e-06,8.455988508350126e-06,3.4219045219972826e-06,1
0.026380127547784897,0.9735955617004103,9.54060073738972e-06,4.952902404307292e-08,4.076113245142861e-06,3.6312418580607556e-06,7.013266940106071e-06,1
0.02515961805895858,0.9748133416193152,9.042538030788864e-06,5.1143795115747623e-08,4.204593710498753e-06,3.1467716922331195e-06,1.0595274497855445e-05,1
0.0252922145065983,0.9746744894052527,9.092291528159793e-06,5.142519649522399e-08,4.401618185700952e-06,3.2373053590516385e-06,1.6513447879511096e-05,1
0.031461595947365584,0.9684998169050741,1.1689862936645532e-05,4.865309712536839e-08,4.855542106075235e-06,3.5364198522546293e-06,1.8456669568130345e-05,1
0.03124394375744341,0.9687175659738896,1.1459373293417616e-05,2.6965738766645087e-08,4.611545277631454e-06,3.9315651521959335e-06,1.8460819205065474e-05,1
0.04973830472299528,0.9502295811270081,1.2735520054488915e-05,2.9961193911681385e-08,5.586311357901751e-06,4.720076842683188e-06,9.042280547541623e-06,1
0.03440897751753565,0.9655651849947698,1.1312546923953452e-05,2.624469912210512e-08,4.478366143483097e-06,3.479471910426034e-06,6.540858017541343e-06,1
0.03427003705676418,0.9657019704654308,1.1617101661360454e-05,2.9298116038254902e-08,5.802694092821796e-06,3.5384944866184973e-06,7.0048894481981535e-06,1
0.030533267626567533,0.96943863158229,1.1662052560702292e-05,2.9411481376988357e-08,5.825146880589461e-06,3.5521862415954447e-06,7.0319939781975735e-06,1
0.031618380968542324,0.9683535496932185,1.164899935484607e-05,2.937856143266878e-08,5.818626858408178e-06,3.5482103190029303e-06,7.024123145468999e-06,1
0.023355121352125932,0.976611592677602,9.673614611977184e-06,2.76632417878057e-08,5.236664855787279e-06,3.3410417386678942e-06,1.5006985824041794e-05,1
0.009229049609899238,0.9907533601122129,7.599540565567673e-06,3.166256138920841e-08,3.4641218689703564e-06,1.912575714435744e-06,4.582377177257543e-06,1
0.01746801881398129,0.9825061599055094,1.1538719215073578e-05,2.3083382661230538e-08,4.393886782543512e-06,2.1912946986532358e-06,7.674296430161565e-06,1
0.020136396745358876,0.9798341419102278,1.4065896561010361e-05,2.4662067274657095e-08,3.923856824848363e-06,2.3602263876324875e-06,9.08670257260931e-06,1
0.04644067300104397,0.9532541279450504,2.2200671555685895e-05,7.337102061065622e-08,0.0002763189853980896,4.448468064719506e-06,2.157557866488249e-06,1
0.045724007350760654,0.9539588777496858,2.1367880120403356e-05,7.667627100261772e-08,0.00028876672603454415,4.648864633993975e-06,2.2547524935295133e-06,1
0.04423841938420272,0.955454698566969,2.0673630700526226e-05,7.418503385780218e-08,0.00027938460057803363,4.49782150023192e-06,2.251811015513284e-06,1
0.04207865992882762,0.9576107085858014,2.377704573570275e-05,7.435243444360152e-08,0.0002800150396756247,4.50815523569346e-06,2.256892289504867e-06,1
0.08473541631268808,0.9147436038798255,3.901855668295402e-05,1.2895246521720047e-07,0.0004696755048294476,8.242572990810639e-06,3.914220517985862e-06,1
0.0954064766886111,0.9039674044239516,3.8376336502789175e-05,1.268299911308981e-07,0.000575842377994482,7.923547966459422e-06,3.84979498254918e-06,1
0.09038405209313397,0.9089863527233698,3.858940707135831e-05,1.2753416825629707e-07,0.0005790395321281645,7.967540567737962e-06,3.87116956075434e-06,1
0.07289403427943998,0.9262032145825358,3.9459929442117565e-05,1.5890147408013347e-07,0.0008398334406607786,8.283355209593113e-06,1.5015511237310474e-05,1
0.10200591317036661,0.8919286894688588,0.0009131948626967013,1.79090188102675e-07,0.0049428329725905145,0.00020383021790709081,5.360217391944893e-06,1
0.09425615513787217,0.895574942207753,0.0012402431646587905,1.8621908166605193e-07,0.008653375725290652,0.0002699773563835482,5.1201889603588085e-06,1
0.08740018508938337,0.8959728332460599,0.001092970533815017,1.7596934609819993e-07,0.014985987888258898,0.0005430089059019916,4.83836723493957e-06,1
0.08291733873556856,0.8973537522752691,0.0011191168439097648,1.790148532190038e-07,0.01820744927335775,0.00039724175202953066,4.922105011966084e-06,1
0.10593119819665042,0.8701317544172097,0.003491961078938947,2.2199494142531782e-07,0.01994540016434058,0.0004896738233094617,9.790324609555872e-06,1
0.08667118781569502,0.9065943297038613,0.002703234137708876,1.4867329983053666e-07,0.0036749287196724736,0.00034858958317926655,7.581366583041345e-06,1
0.03412893888324824,0.9149358702700443,0.04044822591078987,1.7049890606358525e-07,0.009231149758825748,0.001250529612086032,5.115066099668018e-06,1
0.014673918061768577,0.7361750151394002,0.21965360850562718,1.3615841214641892e-07,0.02877357170772709,0.0007200045338504385,3.745893214468031e-06,1
0.01767801676645507,0.6527614642195423,0.2892759455360647,1.1630998416824438e-07,0.039795258459210656,0.00048550427354500175,3.6944351980421913e-06,1
0.0241616772578083,0.5932290778551791,0.3415346854098945,1.1408434056993265e-07,0.040727594457187134,0.0003432271950630417,3.6237405271873996e-06,1
0.012050355609432748,0.29766389992117015,0.21284643632990755,8.990349767618406e-08,0.4770408155916517,0.00039592928337329683,2.473360966783407e-06,2
0.02812066966922809,0.48113656164166585,0.3595905065524341,1.5052719234318288e-07,0.12835681420273717,0.002789212867450663,6.084539291708528e-06,1
0.0068828762989117595,0.3292321487776365,0.6448538155315043,1.0267121385108843e-07,0.013140083511772734,0.005881795564720253,9.177644240296588e-06,2
0.0035303165814155562,0.121827945242502,0.8574149933234266,3.7992106984302e-08,0.002075072324735761,0.01514688676567908,4.747770133898141e-06,2
0.0016349399293387429,0.05848567219087155,0.7956643400635065,5.519218252278235e-08,0.004835730478785386,0.13937431717979687,4.94496551865554e-06,2
0.0024554307364664154,0.08347803009234556,0.7806591828924137,7.401391630979561e-08,0.007208780150198085,0.12619062915753232,7.872957127633103e-06,2
0.00706748685113643,0.23692915138279264,0.2838573435720984,2.1868237391820452e-07,0.025409744590967773,0.446723786071002,1.2268849628910485e-05,2
0.009304988088172473,0.13698310905637082,0.021748285591587153,5.7422797936073834e-08,0.00406905829889893,0.8278914411207413,3.060421431218461e-06,5
0.004045561314966568,0.09263521922539925,0.006137856234245175,3.7306796221318584e-08,0.0014175267976019898,0.895762186378368,1.6127426228330697e-06,5
0.0051300915774416,0.33109777769553117,0.025630781046689945,2.2456333369537772e-07,0.008856569637267941,0.6292822662979755,2.2891817601123694e-06,5
0.015828031404781784,0.7860425056106374,0.0636625530227027,4.4817513730711363e-07,0.02516214428121035,0.10929875750691578,5.559998614842792e-06,4
0.0007718102691625069,0.0719309160035497,0.044605192125941016,1.0673395324556473e-07,0.8608363816003982,0.021854359676514036,1.2335904812897835e-06,4
8.843973928635487e-05,0.018962160733512614,0.9770248514932686,2.086989104511082e-08,0.001168021900228294,0.002756181283804061,3.2398000915242003e-07,2
0.9000073795445587,0.07520821545848974,9.168933117565784e-06,1.60600132393216e-07,1.2744507347699258e-05,5.787578534829478e-06,0.024756543377819212,0
0.901520138850441,0.07365423549303782,9.184344534420644e-06,1.6087007389628094e-07,1.2328219510447274e-05,5.797306469828765e-06,0.02479815491593263,0
0.9282673995607055,0.06064125224986927,1.269494304735616e-05,1.538072287043782e-07,9.159640229450431e-06,6.831064371971216e-06,0.011062508734547996,0
0.9329860485562365,0.06140184728385268,1.4194175642743868e-05,1.8451061084066045e-07,1.0338110640032014e-05,7.79967243832897e-06,0.0055795876905788185,0
0.9369400588318991,0.0598595391877024,1.3051634906560726e-05,2.0649256770530873e-07,9.505958577193255e-06,7.171848483351259e-06,0.0031704660458638637,0
0.9144869070065939,0.08107703393350854,1.227628905920146e-05,1.6602936196501915e-07,1.3444579064549473e-05,7.373887877534268e-06,0.004402798274534439,0
0.9080174048707954,0.0877658927009044,1.0707770813405704e-05,2.2830470999132272e-07,1.548002835896483e-05,7.929422382068242e-06,0.004182356902035583,0
0.882783823952874,0.11383515602855121,9.697320295146727e-06,1.982445216574225e-07,1.1973535031681354e-05,5.630517208674304e-06,0.0033535204015176213,0
0.8803805913822443,0.11755655563297511,1.0911386411937706e-05,1.458852521587652e-07,1.1813367128481148e-05,6.4792243954487846e-06,0.0020335031215924504,0
0.8490720630909451,0.14873977890198742,1.2537803487420836e-05,1.6763045081771747e-07,1.3574230623856232e-05,7.444997285786133e-06,0.0021544333452197103,0
0.8117230587624971,0.18704421727062787,1.629592651304982e-05,2.2011252206877131e-07,1.1854177375338852e-05,8.824415338708971e-06,0.0011955293351258616,0
0.7507266958089115,0.24803433639553524,1.660117807018556e-05,2.2118710695523182e-07,1.1912049229830535e-05,8.867495956139108e-06,0.0012013658851902215,0
0.7675249429912386,0.23148886558542603,1.4452672632915637e-05,1.952153025062948e-07,1.051333563642978e-05,7.879600557691468e-06,0.0009531505992057656,0
0.7674280116409505,0.2314596306680168,1.4450847393115454e-05,1.7317391981772683e-07,1.0512007898707928e-05,7.878605436518192e-06,0.0010793430563844964,0
0.37704901619025766,0.6201184355723314,1.0802042730482194e-05,1.4112207647212158e-07,3.558894357177817e-06,5.864385780423803e-06,0.0028121817924664657,1
0.3780378771872351,0.6190868037705394,1.113411322528492e-05,2.754275403120835e-07,1.4696225522280797e-05,5.7737693184334305e-06,0.002843439506619014,1
0.46375007407565216,0.5317305870655777,1.0420530277290977e-05,2.439202302249874e-07,2.533985502391109e-06,5.113283660096154e-06,0.004501027139100075,1
0.42550769788270015,0.5639130683390028,1.2042988234445383e-05,1.573342699134459e-07,2.7057576573352934e-06,6.538090129619404e-06,0.010557789608005732,1
0.38743864518323967,0.6011685910708434,1.1229358841806301e-05,1.3456872353394937e-07,2.3142469491238444e-06,5.592058510690725e-06,0.011373493512891688,1
0.8138737636182686,0.02777804770118066,1.6777661183208185e-05,2.081338680055733e-07,1.752348719306581e-05,9.3082208850984e-06,0.1583043711774215,1
0.5915643719762961,0.36601099237123164,1.3877947266523647e-05,1.6373070156537009e-07,1.2302490488285618e-05,8.74743276470727e-06,0.04238954405125122,1
0.549303863649782,0.4443388404630117,1.1897225763942348e-05,1.5744016097873043e-07,8.38977803403405e-06,8.079058193609645e-06,0.006328772385053782,1
0.6537904393870156,0.3407016840735388,1.4247586229054825e-05,1.3460932083149326e-07,1.2720893954418425e-05,9.67511927123947e-06,0.005471098330670087,1
0.746118920948385,0.2459320369852078,1.8418354046007395e-05,2.2848734564555018e-07,1.7302819636995365e-05,1.2592588267751366e-05,0.007900499817111016,1
0.7956709475600622,0.19678146413044215,1.4866612902702094e-05,1.8442651891658212e-07,1.4211566716403292e-05,1.0164270637437841e-05,0.00750816143272031,1
0.7886509379474493,0.21126090105255196,1.396192525059258e-05,1.905556508124275e-07,1.4947867694828372e-05,1.006302045058293e-05,4.899763095165913e-05,1
0.8383623925393816,0.16161336672588753,7.938975046320046e-06,1.2145189891652983e-07,6.4031993040112765e-06,6.624814615314648e-06,3.152293866250455e-06,1
0.5455247319320126,0.4544271478228562,1.5927618301219664e-05,2.506986470524746e-07,1.630161031657395e-05,1.0169893640959836e-05,5.470424225565649e-06,0
0.565019549368005,0.43493993613602105,1.3170779594906676e-05,2.073063632380366e-07,1.4149736322029934e-05,9.003401119440267e-06,3.983272574303715e-06,0
0.5007879018589945,0.4991494053849269,2.5190875535443205e-05,2.6103164782380677e-07,2.0107621420510663e-05,1.2117654447707279e-05,5.015573027095101e-06,0
0.6775821885909268,0.32226299846937095,1.4125940910428653e-05,2.1219333229414586e-07,0.0001257856596680731,1.0611972916662287e-05,4.077172874847405e-06,0
0.07221027110395287,0.7076401950657951,0.0022274725994364925,7.597179408474789e-08,0.21733650605664723,0.0005793838470714641,6.0953553027571636e-06,4
0.03816040612953779,0.6599004965417324,0.0006028190517049228,1.6456287112706624e-07,0.2987376313908618,0.002592251176941933,6.231146349859758e-06,4
0.012098219283151766,0.22958211015144284,0.00032583393219954616,5.7252103012385764e-08,0.7568670234448089,0.0011241147221823585,2.6412141115531166e-06,1
0.19324431493020133,0.7102637122948461,0.005141736427209998,3.871139523905561e-07,0.07553859527422292,0.015793164531023883,1.808942854328631e-05,1
0.1495214325437303,0.8146953298686138,0.0005641178818346468,2.7658915093376473e-07,0.02210311132247662,0.013103790784823712,1.1941009370137246e-05,1
0.18463754541668265,0.8044103687495217,0.00047041376158535726,2.4537425865528975e-07,0.004343710939403784,0.006099556695963839,3.815906258405717e-05,1
0.19982760476963976,0.7948383609570661,0.0005444176339900645,2.274883267011287e-07,0.0010145988899300773,0.0037437340225998294,3.105623844742948e-05,1
0.06361338479399323,0.9341787082876859,1.8650171974020012e-05,1.8099778161299244e-07,0.002157678659296711,1.135736941823748e-05,2.003971985024549e-05,1
0.06671161642638215,0.931323349873529,1.9726635397587017e-05,1.64150825056982e-07,0.0019130480361351997,1.1609782668277399e-05,2.0485095062675174e-05,1
0.10813460719481811,0.8886245603221227,1.656627076850632e-05,1.3975250458975595e-07,0.003206309791331689,8.257122508097456e-06,9.559545946157544e-06,0
0.09527159897283814,0.9027544362461142,1.545435306213975e-05,3.810514694797756e-94,0.0019420645514389525,7.527961330150596e-06,8.9179152164121e-06,0
0.12135050348602719,0.8751972936254059,2.2750892441480048e-05,1.828071673991004e-07,0.0034056192708297375,1.281980185582666e-05,1.0830116272342611e-05,0
0.5788677143738357,0.42105231993083886,2.1535590003648574e-05,2.1078851401926768e-07,3.7583350858066405e-05,1.3978676243322725e-05,6.657289706305132e-06,0
0.40740555192785566,0.5925293968489567,2.2148120697972544e-05,5.114784570815858e-295,1.7553880523620898e-05,1.7064782263301937e-05,8.284439702935728e-06,0
0.4937958527868921,0.5061316581462965,2.832498636320191e-05,2.793229130665e-07,1.9176999806580883e-05,2.0814488827365167e-05,3.8932689012126555e-06,0
0.6042222936986975,0.39572134260360325,1.9997105681128953e-05,1.6878733367447762e-07,1.4810553730060357e-05,1.7478169585878056e-05,3.909081368475738e-06,0
0.6762683399460873,0.3236751383084098,1.9460850085634955e-05,1.6461525175185006e-07,1.3405502529518714e-05,1.705508052322222e-05,6.435697112960612e-06,0
0.6962396482289942,0.30371337628139766,1.743642592837967e-05,1.371773570969524e-07,1.2043188450290122e-05,1.4180031872076377e-05,3.1786660003480823e-06,0
0.6276241535008225,0.3723029264564953,1.94632860997641e-05,1.772848688663278e-07,1.5564340429981875e-05,1.8539883559817402e-05,1.91752477237636e-05,0
0.7189792144745815,0.28069752315840935,2.194370986373655e-05,1.6925540742805023e-07,1.1306549475180191e-05,1.57544053338214e-05,0.00027408844692910204,0
0.6554779424271009,0.34379132178011074,2.194444508332357e-05,1.66526208073801e-07,1.1491116760292631e-05,1.544323279288301e-05,0.0006816904719436535,1
0.5258618976770253,0.4734200349857436,2.1600774008194397e-05,1.6391824780191433e-07,1.1311154841162321e-05,1.3976945355836769e-05,0.0006710145447780939,1
0.3559805980224145,0.6396807045796262,3.796062185328619e-05,2.4295261717046147e-07,1.4258006927317869e-05,2.0409966651629185e-05,0.004265825849909879,1
0.3065339221014023,0.6900935698474322,3.51475329428046e-05,1.8847562470007438e-07,1.2323301009393138e-05,1.5680293742679268e-05,0.003309168447845943,1
0.3423840502536944,0.6551605020861055,3.627378351164385e-05,1.9451504658144002e-07,1.0913540927518893e-05,1.3665020417085564e-05,0.002394400800297342,1
0.3992361418585585,0.599697631689554,4.8738336911373217e-05,2.6574263355205025e-07,1.7245424801015892e-05,2.7579752015448443e-05,0.0009723971955261213,1
0.38779130330946743,0.6109486322204317,4.784496969553589e-05,2.485714556741705e-07,2.3335279187568923e-05,2.7074218839043002e-05,0.0011615614309231149,1
0.40928676430721184,0.5895222592775955,5.616890798119293e-05,2.4891642316129114e-07,1.708051550877162e-05,2.4703986197076324e-05,0.0010927740890824206,1
0.9697319513124544,0.014795600172531705,5.3111127899731354e-05,1.0080363140634856e-07,1.2367307533785667e-05,2.074158607781861e-05,0.015386127689871255,0
0.6575682364585382,0.005105491582914391,4.9877191522324154e-05,2.1614583859870491e-07,1.8788609230457597e-05,2.4654606477774717e-05,0.3372327354054781,0
0.11938392370751495,0.0007935868937395821,1.0483326065186566e-05,4.909758066577358e-08,4.467600076961677e-06,4.6880776636221085e-06,0.8798028012973591,6
0.1330259417106848,0.0008842701813654652,1.1681257231067429e-05,5.470796821674337e-08,4.978113375470712e-06,6.35915698679407e-06,0.8660667148723883,6
0.046769653882818604,0.0003142283960320092,4.775596372295625e-06,2.9580124748436347e-08,2.351912654908405e-06,2.234301775216051e-06,0.9529067263302221,6
0.024769290672500298,0.00023988376018492036,1.6526191165764813e-06,1.3078136131132215e-08,1.1876885858811142e-06,1.0561598170336496e-06,0.9749869160216592,6
0.018039542672957314,0.0002336555389338737,1.2963265341678304e-06,1.0258585728674265e-08,8.578595694174068e-07,8.203356117925049e-07,0.9817238170078076,6
0.024226472159419483,0.0005746392182433764,1.3386490832227072e-06,1.0956178352829176e-08,1.1004482115381498e-06,7.090415714122188e-07,0.9751957295272926,6
0.020171834616727474,0.0007055445780258068,1.2573107497869736e-06,1.0733123790563733e-08,9.403021655826861e-07,5.965126119705501e-07,0.9791198159465957,6
0.01549202239643867,0.0007293941566202993,9.738117462744664e-07,8.100319941890718e-09,7.699738363068285e-07,5.142822578019849e-07,0.9837763172787807,6
0.5432780593082703,0.032721282152150054,1.3782645678711502e-05,1.5178971985150213e-07,6.523380498509962e-06,7.91343517844067e-06,0.42397228728850406,6
0.0471127675344326,0.0019331928385819936,2.611849811166003e-06,7.049027763434322e-95,2.560383158439129e-06,1.152022293800126e-06,0.9509477153717221,6
0.2390432520519021,0.010744574738033688,9.880414114768378e-06,7.261506856056688e-08,6.825458276621579e-06,4.524488722101857e-06,0.7501908702338821,6
0.25029034123214716,0.0031883809346942658,1.2494256627171347e-05,1.4210105634393739e-07,9.047737592057886e-06,8.095053132728162e-06,0.7464914986847503,6
0.7922057270233624,0.011921675491712726,3.0389114969976983e-05,4.7198127745124393e-07,1.4542435968629835e-05,1.2277894421130384e-05,0.19581491605828782,0
0.8501749681276575,0.013004216494549687,5.2073014090816046e-05,3.272788373521216e-07,1.785101042783123e-05,1.4108853020782122e-05,0.13673645522141606,0
0.9862498375364434,0.008069823566758803,1.2552389139043523e-05,1.382531338695755e-07,5.678822432946989e-06,5.960034450164276e-06,0.005656009397641904,0
0.9901448312926785,0.006359808692993818,1.2660497452004257e-05,1.3944384847367305e-07,5.727731680902016e-06,6.011365655917847e-06,0.0034708209756902134,0
0.9903783553535974,0.006188914024977958,1.1460852124399386e-05,1.3391936926999605e-07,5.500810702302095e-06,5.906804595625303e-06,0.0034097282346331544,0
0.13816125670136734,0.003744751820974913,1.5697295769021727e-05,1.0492636776588845e-07,1.0160929562295675e-05,8.133856856731105e-06,0.8580598944691019,6
0.3444724074023533,0.010111566661892637,5.32210357567795e-05,1.8017430305316762e-07,1.9736607598804707e-05,1.4161610173226292e-05,0.6453287265079221,6
0.04179361023922141,0.0029049262818339632,2.0715151521504288e-05,6.569179956842877e-08,6.942607421691455e-06,4.775253091310937e-06,0.9552689647751106,6
0.01848783376695869,0.0013893621362933784,9.163560544179187e-06,2.660163316560747e-08,2.4579017302052292e-06,2.3574185610836775e-06,0.9801087986142792,6
0.018831607439448585,0.0013888755100914456,9.160350993157672e-06,2.904926574127587e-08,2.4570408463849135e-06,2.3565928716462164e-06,0.9797655140164832,6
0.03730337386584844,0.002268080020737469,9.252618053746412e-06,3.85709488019231e-09,2.7134370026792784e-06,2.381831490147561e-06,0.9604141943697725,6
0.041695072173139947,0.0021913107105272557,9.120714587276867e-06,5.377530834265386e-09,3.0328879117167196e-06,2.662242730191219e-06,0.9560987958935728,6
0.04172261527412291,0.0015322385035576272,9.126739586151338e-06,3.3636535865518726e-08,2.9423056995171176e-06,2.664001365361685e-06,0.9567303795391324,6
0.04409438325458088,0.000932937406335709,9.64555914178542e-06,3.554864176336842e-08,3.1095643049756764e-06,2.8154394546748446e-06,0.9549570732275402,6
0.8586650440050945,0.12928391123760782,2.8656377240886683e-05,1.1820911208250031e-07,2.20759471239408e-05,1.618958416392277e-05,0.01198400463965687,0
0.837072997290122,0.15925474947831814,2.733695814575196e-05,1.1494130349828805e-07,8.3592992588928e-09,1.4163213809322806e-05,0.003630629759002278,0
0.12999379956071092,0.8674138846913144,1.606596169735377e-05,8.527468050172433e-51,7.027850777463408e-06,5.988644294812555e-06,0.002563233291205214,1
0.16687317359988238,0.8290316900986258,1.7448174153699497e-05,1.9718467218522049e-07,6.277917637760301e-06,6.503868898035472e-06,0.004064709156130194,1
0.1949478820224813,0.7970373361622867,2.1107219927542736e-05,9.624124726192526e-08,7.0065327930292705e-06,6.5824121692109394e-06,0.00797998940909498,1
0.19136480953587218,0.8000696530508333,2.2555138708719854e-05,1.028432303706821e-07,7.752068099443984e-06,7.724482434739299e-06,0.008527402880821103,1
0.19208747081641325,0.7973787135213154,3.079384366351606e-05,6.235489709278034e-08,8.990337710470623e-06,8.454132931628039e-06,0.010485514993068608,1
0.1854690580871758,0.8039510490800341,3.347533981300373e-05,6.807649458758372e-08,1.0323888840284558e-05,9.229872256967065e-06,0.010526795655385125,1
0.431027958755461,0.556180953656862,5.4372009996294706e-05,3.1180710216220835e-07,2.0891401964325517e-05,2.142663741430312e-05,0.01269408573119952,1
0.2150636632337692,0.7808454192207885,3.981795410517383e-05,1.7541519945764644e-07,1.2042021369664306e-05,1.223491542131623e-05,0.004026647239346569,1
0.4834544226404338,0.5132318950224612,5.557866667634993e-05,3.187269148146803e-07,2.2342152220281445e-05,2.2230666768396113e-05,0.003213212124524973,1
0.3410886567346475,0.6574424627801765,4.746405945124417e-05,2.1884180851301973e-07,1.534039571400002e-05,1.5037670338447508e-05,0.0013908195178638416,1
0.34616364491007007,0.6524076664140588,4.8392222153946396e-05,2.2312127400337327e-07,1.564037812829507e-05,1.5331732938761244e-05,0.0013491012213763325,1
0.27329117456991187,0.7256329177117365,3.5699937407259636e-05,1.6460115203655453e-07,1.1538228569660181e-05,1.1310534666446628e-05,0.0010171944165561166,1
0.18087496880164455,0.8187260788813691,3.8152098135748534e-05,1.5004631207949e-07,1.0181980740273366e-05,1.031040180065477e-05,0.00034015778999768213,1
0.09417524841389611,0.9057672571461606,2.349652836640404e-05,1.174761741190988e-07,1.0407626258187744e-05,8.07235139861297e-06,1.540045774603698e-05,1
0.10474410295570923,0.8952036516294882,2.5199044749590342e-05,1.3081818720006544e-07,1.146639945743537e-05,1.09984030750319e-05,4.450749333450034e-06,1
0.055789228449496076,0.9441671610496021,1.636677086567011e-05,8.496636742552e-08,7.128852732952443e-06,7.427901882378662e-06,1.2602009053446363e-05,1
0.02907188660728447,0.9708982256533015,1.147254484093053e-05,5.9558508410776026e-08,5.155502236744597e-06,4.366557850136371e-06,8.8335759776983e-06,1
0.032164175589487934,0.9678044790472585,1.2301289494205998e-05,6.386084900624666e-08,5.255586143875082e-06,4.681985815046815e-06,9.04264095155847e-06,1
0.023803822143628015,0.9761631103597301,9.680794846020617e-06,5.014498686931901e-08,4.148887494931752e-06,3.0853170913628268e-06,1.6102352222653624e-05,1
0.024304482268742142,0.9756721714719921,9.692862072655863e-06,4.038956892636856e-282,4.006429575478457e-06,3.200128222225576e-06,6.446839395304293e-06,1
0.026155635509423285,0.9738195002596363,9.416334579351569e-06,4.087930676618697e-51,4.312574506139487e-06,3.4446609200411005e-06,7.690660934921767e-06,1
0.025174032232340205,0.9748037985826895,9.068592087815346e-06,2.2870821917323152e-08,4.356686238384929e-06,2.2822917835144384e-06,6.438744038594618e-06,1
0.03445771975033682,0.9655167771892745,1.0711318129878146e-05,2.7013746684823496e-08,5.3502589759811185e-06,2.9557501811782523e-06,6.4587193545735245e-06,1
0.019775366150756646,0.9801926558907209,1.0033341673877417e-05,2.530390257239903e-08,4.832043895220028e-06,3.360197216393997e-06,1.3727071834520792e-05,1
0.014527905950775003,0.985450567735611,8.892109792477827e-06,2.2425736824825937e-08,4.4932639236361e-06,2.7567425354863376e-06,5.361771625423907e-06,1
0.005852664797075814,0.9941356749129006,4.76779215072079e-06,3.1188659394436015e-08,3.4164601808900167e-06,1.8647690413144535e-06,1.580079991332281e-06,1
0.020033550246319545,0.8884402234794413,1.1461776956487475e-05,0.09149744364864675,4.3608248779015405e-06,2.176682750810543e-06,1.0783341007342335e-05,1
0.018661912382301003,0.9813084931069499,1.4008214279277399e-05,2.4560931573389542e-08,4.0275387323062374e-06,2.350547428111175e-06,9.18364937754649e-06,1
0.022250367259409275,0.9777262997817635,1.417888676319228e-05,2.4860175653707115e-08,3.287509975146012e-06,2.379185894093876e-06,3.4625160190444037e-06,1
0.03427250162708752,0.9656981050103529,1.662967879809016e-05,3.326792446151229e-08,6.7161027201572445e-06,3.1581084790552044e-06,2.856204637997953e-06,1
0.046954451678027684,0.9527640623186276,2.19428950502668e-05,7.873964838700588e-08,0.0002523001450743369,4.7741618790141635e-06,2.390061692704271e-06,1
0.05068839882425702,0.9489839175828301,1.7486165628092538e-05,4.487856830483404e-08,0.00030149251999212303,5.039127709482655e-06,3.620901014681685e-06,1
0.07925397085546566,0.9202673361738756,2.6279589626196775e-05,1.2171905897974798e-07,0.0004394999207484698,7.349965436933012e-06,5.4417757881717e-06,1
0.07763547778622848,0.9220066961643497,3.539034475539311e-05,1.1696158415537418e-07,0.000311292371274198,7.47612225092165e-06,3.5502495570439835e-06,1
0.0849068821432879,0.914598758996648,3.909751244338549e-05,1.292134061851985e-07,0.0004427644925490471,8.445500550609626e-06,3.922141114844562e-06,1
0.06726784267351767,0.9318878212958545,3.690656127773033e-05,1.4861929742835884e-07,0.0007854896037333309,7.74735689977578e-06,1.4043889419750278e-05,1
0.09722221426791858,0.8949962872468381,0.0010726453227968154,1.9402676298416327e-07,0.006441174573756422,0.0002608895760097587,6.59498591738489e-06,1
0.11189619475923661,0.8699133431540833,0.00170605333458516,2.2193921860481592e-07,0.01604903172627105,0.0004253672194595395,9.787867145897598e-06,1
0.051750050890584334,0.9438477512962857,0.0011104960523912212,1.1794221212430996e-07,0.0030731628839287734,0.00021441184784887256,4.009086749011683e-06,1
0.037049181951020506,0.9484373558448368,0.009937047217767826,1.1582412307903129e-07,0.00397562565093181,0.0005967364225650401,3.937088754640478e-06,1
0.03224079914350518,0.9430956498790575,0.01523540760693742,1.823682984723956e-07,0.008231864631012114,0.001190625216430946,5.471154758156658e-06,1
0.02543535062450673,0.4899552652678222,0.42707776645226136,1.4265867403573062e-07,0.05693145394412936,0.000595489685583851,4.531367022638864e-06,1
0.0308818726366784,0.649072507281777,0.27341827240890504,1.2944214525694633e-07,0.04621026138518648,0.0004128452841124446,4.111561195431044e-06,1
0.010077733230922882,0.28692757187658113,0.25316786878496744,8.470675851453044e-08,0.4494661744245035,0.0003582365842843101,2.3303919819360724e-06,4
0.018422249981441215,0.36021644828325056,0.5294330721373463,1.0619981498107756e-07,0.09055818890724546,0.0013627827078992248,7.1517830023784025e-06,1
0.025680909879706188,0.6399335153406517,0.2893572607909773,2.429090569988424e-07,0.03745510425266969,0.0075623895014586585,1.057732547960084e-05,2
0.001398266068577564,0.05438984684364937,0.6938479859888097,4.7113463336240844e-08,0.004453075278409621,0.24590655755762664,4.2211494638028725e-06,2
0.001967589702550864,0.05868562859948344,0.7374998920729957,6.025130620841095e-08,0.0071350066149481715,0.194706804233289,5.018525426730069e-06,2
0.009283318333480263,0.21229536235142657,0.2504890749623435,2.3054378214127184e-07,0.046294599635195895,0.4816291265820776,8.287591694054286e-06,2
0.012140989366870344,0.19619892904313274,0.033326946796412606,8.217859601310397e-08,0.005823288138471468,0.7525053846631766,4.379813340094157e-06,5
0.006188526214846861,0.10411727656016935,0.012887299576729596,4.3616786661122375e-08,0.0028857291362870134,0.8739198249392878,1.2999558926826422e-06,5
0.007048602541900718,0.18259610717528738,0.013330035369777917,6.760240747006466e-08,0.0026936613138348444,0.794330313389364,1.2126074276670209e-06,5
0.006454711107555642,0.1610332144224878,0.014153969180856174,6.472430556645124e-08,0.0025947542216295835,0.8157621253612325,1.160981932710356e-06,5
0.005221235093877165,0.33111661347876226,0.025484612724359538,1.104492406340624e-07,0.008857073477635037,0.6293180654641362,2.2893119891091034e-06,5
0.005660059177367668,0.26326862678519436,0.01867523845197444,1.633542274481337e-07,0.007692261094637777,0.7047016628968494,1.98823974891692e-06,5
0.012374472821587353,0.573548744753182,0.06246458790187821,3.4915081028479254e-07,0.018467960432017077,0.3331395534239816,4.331516543329393e-06,4
0.015652451356800025,0.7552368901451687,0.07926547722315215,4.430607249590485e-07,0.04758549898610782,0.10225374267812175,5.496549924355771e-06,4
0.018683754176878908,0.7463094383211205,0.078040103102816,4.33190789632546e-07,0.04981052413935836,0.1071503729641614,5.374104875142036e-06,4
0.003164872801149643,0.2718243339007513,0.1390236447664769,3.928854384881249e-07,0.4692596787225946,0.11672253610295587,4.540820633161111e-06,4
0.0008066533535227991,0.0740256869807632,0.04675895502855517,1.0984225771274332e-07,0.8491015982243022,0.029305727055515537,1.2695150834155966e-06,4
0.0010115134762566419,0.08739060046405091,0.05235481041351888,1.2967364774795213e-07,0.8290868238069022,0.030154623446868374,1.4987187551084675e-06,4
0.0010913941688397858,0.10427737647779717,0.8688721291027218,1.395159322856442e-07,0.013818262926655049,0.01193867603424248,2.021773811480685e-06,2
0.0001233831532588312,0.025736303360369906,0.9677893178959103,2.911579100178675e-08,0.0005165714571773322,0.005834013718236864,3.812992559177967e-07,2
0.9201131251368679,0.06780973982155042,1.3129446078026306e-05,1.6492510697635213e-07,9.821740222694808e-06,7.324844428964285e-06,0.01204669408574491,0
0.9604079555087678,0.0385217499147467,7.459714869430858e-06,9.229470503196469e-08,5.41115301173655e-06,4.182750075667354e-06,0.0010531486638238408,0
0.9087126901218028,0.0880255843199811,1.3127672739625903e-05,1.8266425925335085e-07,1.4078593752087447e-05,7.721623064792181e-06,0.003226615004400476,0
0.8664430150962191,0.1317939061826574,9.940975312586049e-06,1.6827947956192964e-07,1.227438225526071e-05,6.6131769069224565e-06,0.0017340819071691867,0
0.8458981487612246,0.1524769541325746,9.292133660626716e-06,1.3918260564024574e-07,1.1473240495135779e-05,6.181538713077004e-06,0.0015978110107264581,0
0.7879831926281126,0.21098440785073094,1.337162162455718e-05,1.6897923836389092e-07,1.520691138827398e-05,7.91505973886545e-06,0.0009957369491663682,0
0.7653098154473323,0.23413880938837714,1.3986407873614911e-05,1.8891736589991133e-07,1.0174159759796175e-05,7.573786742013765e-06,0.000519451892549172,0
0.7709454651861526,0.2280295434588216,1.502128710028275e-05,2.0289569824180203e-07,1.0926963959370229e-05,8.189609300570846e-06,0.0009906505989673126,0
0.7709454651861526,0.2280295434588216,1.502128710028275e-05,2.0289569824180203e-07,1.0926963959370229e-05,8.189609300570846e-06,0.0009906505989673126,0
0.4638505506651426,0.5337428637980056,1.1737274435562003e-05,1.5334030625480767e-07,3.2334444921441712e-06,6.372119331337716e-06,0.002385089358286595,1
0.31821686929901005,0.6776061939444215,7.862823607737564e-06,1.9328640902612665e-07,2.1792952421886457e-07,3.858234313015673e-06,0.00416480448271468,1
0.35540336013811513,0.6352971038379215,1.0058850887829479e-05,2.4882848794004373e-07,2.2599717183060047e-06,5.216175142081018e-06,0.009281752197727158,1
0.4001577049571254,0.5879764609208831,1.1923271826148373e-05,1.4288433494703389e-07,2.4572547583491078e-06,6.476388433119006e-06,0.01184483432263883,1
0.5185446304277962,0.411665778965533,1.5765137975830708e-05,1.9282617906205757e-07,1.4002651921149551e-05,8.799609900340633e-06,0.06975083038069459,1
0.5434873212643132,0.37850588194834967,1.6377371580759074e-05,1.932048578809257e-07,1.4030150820501883e-05,8.640561531204256e-06,0.077967555498547,1
0.5410432169699896,0.3956275932842519,1.5154325974485668e-05,1.7878929613301407e-07,1.2781951697673002e-05,7.941751368785989e-06,0.06329313292742147,1
0.7943331484612216,0.2031881116466263,1.536384449695831e-05,1.9059488373674565e-07,1.4686889509935603e-05,1.0433137626478432e-05,0.002438065425635091,1
0.8163545352673263,0.18252465329254966,1.3579049083143359e-05,1.718455403410956e-07,1.268636453688548e-05,9.470897082071371e-06,0.0010849032838815315,1
0.7427341929382325,0.2571625619201886,1.521835721716232e-05,2.130995260606658e-07,1.6716290006644723e-05,1.1253536064741866e-05,5.984385876438654e-05,1
0.8511353760540626,0.14883628449825506,1.0064056157514237e-05,1.608565913582574e-07,7.419071697061808e-06,7.085074056729194e-06,3.6103891797822544e-06,0
0.696384610111785,0.30357372810005984,1.3853340686009481e-05,2.1193095114127734e-07,1.3865740473264717e-05,9.106290739749882e-06,4.624485304971532e-06,0
0.667110784474367,0.33285403527578,1.2038597549584226e-05,1.9349617399553717e-07,1.0985936850049594e-05,7.913395899955524e-06,4.048823379273717e-06,0
0.6795079709069243,0.32045749464425577,1.1532062242633777e-05,1.8151316457224676e-07,1.1069532575779108e-05,7.741167734434216e-06,4.010173102503709e-06,0
0.6064653726457466,0.39349637555457023,1.2244438398200825e-05,1.839302742563847e-07,1.3706773042428502e-05,8.538441696599621e-06,3.5782162715828135e-06,0
0.8572758069192118,0.14242729395946666,9.985045315780203e-06,1.206474287143003e-07,0.00027569094648475416,6.991797735091723e-06,4.110684357376501e-06,0
0.05809190723686562,0.6450112585479179,0.0014554255129949273,7.314100109749892e-08,0.29429482251618605,0.0011404519864654955,6.061058568952701e-06,4
0.11391308157564745,0.8599628337982557,0.0007398584117503,2.1973969990209073e-07,0.016172932525065013,0.00919503134837255,1.6042601209021704e-05,1
0.14570500986970478,0.8359600403907068,0.00047129840339252374,2.7154050835867324e-07,0.009045835738540155,0.00877531578385861,4.2228273288934644e-05,1
0.04961520725691649,0.9362646332377323,7.517484217792742e-05,1.0113034344776738e-07,0.013940723148466576,9.374539441849593e-05,1.0414989944920306e-05,1
0.08273581568069854,0.9143976979382772,2.0586345643710403e-05,1.9574497613803988e-07,0.0028117490538549107,1.2282736207879668e-05,2.167250034194744e-05,1
0.26478151736718747,0.7295004819001634,2.199889879099152e-05,1.896737136069476e-07,0.0056729465162175035,1.1369687881674365e-05,1.1495956045291973e-05,0
0.6112829860558935,0.38866070630422583,2.098297493201739e-05,1.6404528696346984e-07,1.4402000061035438e-05,1.695737144113266e-05,3.8012481594873256e-06,0
0.6491745476543646,0.35077054109952444,2.2054576548189232e-05,1.556547388971646e-07,1.2675799926260866e-05,1.6418392045955403e-05,3.60682285179022e-06,0
0.6424874049197163,0.3574025987960228,2.350954952415033e-05,1.837980939578978e-07,1.603497146620415e-05,1.6933291953876163e-05,5.333467322273887e-05,0
0.5770816472196546,0.4228260629047633,2.1453501744844548e-05,1.623610887217706e-07,1.038830687418743e-05,1.389539050273265e-05,4.639031537158747e-05,0
0.49784448660425773,0.5008033687307,3.0104824755212786e-05,2.5314450116916706e-07,1.568592053389264e-05,2.2718518073633166e-05,0.0012833822571784032,1
0.4606455893331494,0.5362472898030799,3.375003789555709e-05,2.8379625448681324e-07,1.6712156646623287e-05,2.345255058903406e-05,0.0030329223223850435,1
0.4885470841904719,0.5083765600074769,3.919221982855689e-05,2.803500477288497e-07,1.7622660660328282e-05,2.3167760578406324e-05,0.0029960928109361296,1
0.3776319939114347,0.6211403626900287,4.735670862902142e-05,2.420594109115319e-07,2.272394438162359e-05,2.6189700281687933e-05,0.0011311309858335508,1
0.3222867471521806,0.6744157769631103,6.540930590957391e-05,3.916130039018403e-07,3.70037052843122e-05,3.308938794451793e-05,0.0031615818725668878,1
0.9815750762458748,0.008436470942374328,5.902976719894682e-05,1.895300831384182e-07,1.2884914318897531e-05,2.1609680095738965e-05,0.009894738920054309,0
0.9810415847657618,0.006125504854660947,5.060255958950568e-05,2.015179201305318e-07,1.3699889176474555e-05,2.297649911544175e-05,0.01274542991377574,0
0.6169478269561688,0.004346643823899298,4.177764649946337e-05,1.8756505022374753e-07,2.01583266227583e-05,2.1385632641316557e-05,0.3786220200491181,0
0.14328227135710264,0.0011496073012019035,1.42277961774655e-05,7.14527214563991e-08,6.214623624557193e-06,6.737530719664584e-06,0.8555408699384524,6
0.06373360261582643,0.0005278456016505335,5.6133588002693395e-06,3.792095581198456e-08,2.8088545542899745e-06,3.156383061589186e-06,0.935726935265151,6
0.020486868800996427,0.00023041478069764666,1.4048276763893045e-06,3.522381169578148e-47,9.98189942549846e-07,8.950542573478988e-07,0.9792794183464297,6
0.02256069730618376,0.0005351279120517866,1.2899584477041881e-06,1.1907743646025184e-08,1.024783090095541e-06,6.602889667496378e-07,0.9769011878435162,6
0.01859818384141524,0.0008756382007811193,1.268093492846899e-06,1.0551072257585442e-08,9.243541947722896e-07,5.511926660272027e-07,0.9805234237663777,6
0.4319960796997523,0.023002290526369748,9.049275796665334e-06,7.856436663262755e-08,4.125524059500878e-06,5.196993891939348e-06,0.5449831794157632,6
0.42648270637646324,0.03934382124415899,1.731719274311848e-05,1.3706069413020489e-07,1.5014157984217438e-05,9.071302759416015e-06,0.5341319326651968,6
0.19791452851293112,0.00905996097314443,8.409238888789205e-06,6.891082821410947e-08,5.809160274748247e-06,4.124763089726446e-06,0.7930070984408429,6
0.08741236409837758,0.0013438355438554382,3.6182917708926924e-06,2.965065994080864e-08,2.1785485405182655e-06,1.6271410701323846e-06,0.9112363467257254,6
0.16333477652873965,0.00146626276661767,6.540817778347322e-06,5.442149996152331e-08,5.089339576420312e-06,3.0556019185750667e-06,0.8351842205238693,6
0.12462786809001468,0.0009096240530823351,5.161734994751972e-06,4.443964293957176e-08,3.746247361683845e-06,2.4387169902237154e-06,0.8744511167179134,6
0.6346580663759507,0.006170915644685293,2.5774572427169275e-05,4.086706276322669e-07,1.7350045246149626e-05,1.6621102922752842e-05,0.3591108635881403,6
0.742046908512945,0.007796143627584139,3.0509516775628172e-05,4.837458857827693e-07,2.0537353160408778e-05,1.9674499737447765e-05,0.2500857427439116,0
0.7728598695632309,0.008425950540495719,3.132101217476459e-05,4.966126107312769e-07,2.1083607882260836e-05,2.0197804191420745e-05,0.2186410808594143,0
0.7694970296400994,0.011036765896283175,3.14292581411196e-05,4.983289126072427e-07,1.9527861423551148e-05,1.8040752930931395e-05,0.21939670826220928,0
0.97085194458213,0.006564189389881392,2.2520295238723132e-05,1.3632554592694555e-07,9.184037921080008e-06,8.006524179664104e-06,0.022544018845103143,0
0.795727962233239,0.028774179557257668,4.370837179422317e-05,3.0543045578802383e-07,3.345740055338128e-05,2.586444861774409e-05,0.17539452255808233,0
0.7961908768817844,0.028708972447353886,4.3609321303569575e-05,3.047382992224856e-07,3.338158048036624e-05,2.5805835445463645e-05,0.17499704919533332,0
0.8800525972784398,0.02801975259202576,4.7461190624074914e-05,3.316549932095942e-07,3.633006676446206e-05,2.9091793063212398e-05,0.09181443542408953,0
0.2650842932745595,0.006858403479757169,3.6452914905934666e-05,1.2340751027837286e-07,1.351828026457385e-05,9.799543024952362e-06,0.7279974090999776,6
0.05542145488584416,0.0033668790316419097,2.4245149657889965e-05,7.688611450315911e-08,8.125673412533338e-06,5.588987641869197e-06,0.941173629385687,6
0.018831845844198003,0.0013753855598292867,1.0008180725056719e-05,2.9049633499734196e-08,2.457071952078316e-06,2.3566227056863983e-06,0.9797779176709565,6
0.025510226912035805,0.0012005299311595022,9.941749883728436e-06,2.8856812082267772e-08,2.4407627584831173e-06,2.340980259438387e-06,0.9732744908070909,6
0.10240023523817814,0.0022279702879950502,1.5078373501901998e-05,4.762281337278828e-08,4.470278390552844e-06,4.5821353840548625e-06,0.895347616063737,6
0.030977216887967528,0.0020099904558536406,7.809383398852276e-06,1.171720080812341e-08,2.253274109899894e-06,1.977904489986105e-06,0.9670007403769794,6
0.5544616250888394,0.4136468682218948,9.356853163002877e-05,1.2733122337936248e-07,5.4285591763271895e-05,1.954870184116605e-05,0.03172397653280789,0
0.8035113861545307,0.19319857500936904,5.269579108944443e-05,2.876354871799386e-07,1.9900091699610002e-05,1.97656219135279e-05,0.0031973896959105186,0
0.35931545713523716,0.6392796008115847,4.6688930331514826e-05,1.9577540302398744e-07,1.3702378640869918e-05,1.3544688765012553e-05,0.0013308102800375819,0
0.13839605747714473,0.8527855187364946,2.7186622505629814e-05,1.2110841903866863e-07,9.165167016523505e-06,7.703969900687048e-06,0.008774246918518728,1
0.14893237902871376,0.842994063705081,2.9018346225205375e-05,1.1971788459256351e-07,8.227103347954753e-06,7.615514980676557e-06,0.008028576583766737,1
0.14887476924632542,0.8426679781024643,2.900712139537182e-05,1.19671575513743e-07,8.514886837355778e-06,7.674570812160186e-06,0.008411936400589678,1
0.3086841196449488,0.6815079090147496,4.278992049461245e-05,2.1374804231715734e-07,1.4788180987078919e-05,1.4688253631773572e-05,0.009735491237145885,1
0.23292064442053562,0.7660384134613828,4.0197569923011706e-05,1.814916492286318e-07,1.2315827369268447e-05,1.2658737582906239e-05,0.0009755884915570943,1
0.3084680535037939,0.6902040542539415,4.112666891374003e-05,1.8962209948443709e-07,1.3292149530183048e-05,1.3029843978654638e-05,0.001260253957742602,1
0.2648755087714346,0.7340361239397907,3.6113361232225906e-05,1.665073189043701e-07,1.1671847251793612e-05,1.144151653487044e-05,0.0010289740564369822,1
0.12715689328172938,0.8727856411426056,2.522904564290772e-05,1.3777484222750875e-07,1.17888614320587e-05,9.467170246976062e-06,1.0842723501003212e-05,1
0.13375652573732336,0.8661918824012832,2.4570169586469135e-05,1.3611421983954118e-07,1.1930604221953113e-05,1.0324040264532058e-05,4.630933100283828e-06,1
0.028695069690645537,0.9712638049978336,1.1696466759172077e-05,6.058584872266006e-08,5.012741767992489e-06,4.9004382476566115e-06,1.9455078897180424e-05,1
0.02615845740070467,0.973805136040678,1.1055396068202856e-05,5.4357118171440494e-08,4.497390106607074e-06,3.344480798621691e-06,1.7454934525877303e-05,1
0.028652944078457913,0.9713090009578685,1.1329258371161779e-05,2.6659557537239755e-08,4.560914676390977e-06,3.886924378130604e-06,1.8251206690127516e-05,1
0.02793687816052526,0.9720385661577199,1.2308545742034434e-05,5.303326114846473e-08,5.074069422368232e-06,3.956382843079977e-06,3.163650486250809e-06,1
0.026338193051351173,0.9736358528904593,9.307718055760663e-06,4.460899268951031e-08,5.326380422080662e-06,3.6734008264347245e-06,7.601949892654923e-06,1
0.030138887458195603,0.96983945945923,9.873014882803484e-06,2.247203729634047e-08,4.450742085357408e-06,2.458812140539504e-06,4.848041428404375e-06,1
0.008961971855807774,0.9910240765553698,4.246546597230488e-06,9.025687599866348e-258,3.367531401668394e-06,1.8829045416380465e-06,4.454606281877147e-06,1
0.0019470174157401687,0.9979748847395394,3.7704294929611382e-06,1.8421252782872396e-08,9.025067274216179e-06,2.084573574628331e-06,6.31993531256131e-05,1
0.0024889929121910664,0.9974680957082388,4.435502167654075e-06,3.8956360592052343e-08,1.0575820279727035e-05,2.2278571211275035e-06,2.563324364093404e-05,1
0.002504103029603548,0.9974762409258754,5.13394193321325e-06,3.805367534079302e-08,6.927626859516823e-06,5.343250802623649e-10,7.555887727683809e-06,1
0.009241967756845357,0.9907391018395614,6.824211841425322e-06,4.630406916365658e-08,9.535381882858228e-06,7.102432375223164e-10,2.5237955566181844e-06,1
0.026505652336280737,0.9734657593840598,1.584904102142985e-05,2.5438180821817687e-08,3.2906190311482015e-06,2.6379489406916116e-06,6.785232485533558e-06,1
0.05551058974388676,0.9441633684192496,2.0098307752475874e-05,4.724086005798401e-08,0.0002949680813860252,5.304374357956897e-06,5.6238325070837696e-06,1
0.0555104902598734,0.9441616763247936,2.0375276261442986e-05,4.724125378447729e-08,0.0002949675527552057,6.5113070049066355e-06,5.932038057359976e-06,1
0.05981609302337198,0.9398529112450306,2.0823327061855555e-05,4.8945010285732366e-08,0.00029707211442702385,7.224640428127547e-06,5.826704669783668e-06,1
0.05854922508930754,0.940546951379567,3.915576055171342e-05,1.444046516638243e-07,0.000849903318534037,7.527652154100225e-06,7.092395234022895e-06,1
0.1073934347955732,0.8869567637010946,0.0002398364775246732,1.8854897565015779e-07,0.0052666975253298845,0.00013667015603454027,6.408795467312062e-06,1
0.10739408312031343,0.8869621181812313,0.00023983792539643823,1.8855011390377536e-07,0.005266729319920602,0.0001306340688675707,6.408834156647816e-06,1
0.09504335178608242,0.8916361681355811,0.000791226491207589,1.932983208177673e-07,0.012212890932485026,0.0003095991302158957,6.570226107165293e-06,1
0.10857912745842883,0.8834184600562163,0.0023959294150276353,2.1526100337224517e-07,0.005233263614589896,0.00036350648056561295,9.497714168630006e-06,1
0.08662894091796773,0.9061524204732114,0.0028095549672886504,1.5135373782382445e-07,0.004097633126327071,0.00030372149033618335,7.577671130991606e-06,1
0.037094483860664225,0.9569085241620063,0.0015644145086945297,1.0975625282291014e-07,0.003974663259005593,0.0004519979496594319,5.806503717093116e-06,1
0.01377126817054438,0.8840131149638826,0.06538311464872543,1.8135210937118457e-07,0.0358907154627495,0.0009365200376269583,5.085364361733033e-06,1
0.03245780566366507,0.6003870342492813,0.29899181221414695,1.3215228615912576e-07,0.06740988596987235,0.0007491321054558577,4.197645292271624e-06,4
0.015913131592840527,0.4322981821070536,0.15872336559776512,8.487917269013687e-08,0.3927668198448255,0.000295719901944593,2.6960763979947196e-06,4
0.020212992183622023,0.3952811833891445,0.5090183238861224,1.166949119866542e-07,0.07425429837155384,0.0012266652568585902,6.420217786445754e-06,2
0.01716966795065081,0.3833518941201785,0.5623003672314849,1.274330831031473e-07,0.0323800362549495,0.004791205669845095,6.701339807991314e-06,2
0.02010777844150135,0.46445570856412394,0.47809240374949363,1.861430432683765e-07,0.029195940153480055,0.008138191818650213,9.791129707551311e-06,2
0.006132858107438879,0.3063836445348666,0.6655276696296949,9.554589612620452e-08,0.018975036325468084,0.002975208220492773,5.487636142741487e-06,2
0.0025206747432880406,0.07377121598488219,0.7404984027837314,6.873693674510093e-08,0.00629650442352665,0.1769074080066997,5.725320935244204e-06,2
0.0035009158949339224,0.11298734607874474,0.7546683240935719,1.0209608882739354e-07,0.008978126678832576,0.11985668124563113,8.503912196984693e-06,2
0.01390930828674207,0.14318007577554548,0.026620002296573193,7.215617369559645e-08,0.005205868962807143,0.8110808268666294,3.845655528986302e-06,5
0.012312991859687032,0.18007679388960135,0.035508560417508876,7.568462292418134e-08,0.005363116289657633,0.7667344281501804,4.033708741756404e-06,5
0.003254188055664299,0.2797856705928352,0.03366638904079907,1.903208525076935e-07,0.01593077778201839,0.6673519112496081,1.087295822231009e-05,5
0.002648357978657496,0.2013507467219436,0.025994912725303247,1.4355829770746139e-07,0.01175913857629635,0.7582436877350932,3.0127044082719576e-06,5
0.005926461217049083,0.16167397664001618,0.004786418795673846,6.286589538198579e-08,0.0022054548197116774,0.8254064980146582,1.1276469957211303e-06,5
0.004775286528583168,0.13834578854218804,0.012486000664508485,5.6888243106692986e-08,0.002255849719480075,0.8421359972331879,1.0204238091468851e-06,5
0.009157942119392679,0.4284304777887035,0.039478483555462164,1.5024736478598803e-07,0.011795113723903627,0.5111346187297306,3.2138354425482557e-06,5
0.014218671217881305,0.6708275331925231,0.06069458367227706,3.5722588092680573e-07,0.1658942053182794,0.08836034211675352,4.307256404547198e-06,4
0.0009135298516544194,0.08767187309355076,0.04690139613587284,1.3009101125941934e-07,0.8317552965005048,0.03275627078492189,1.5035424840094207e-06,4
0.001140164422187606,0.09478281409647016,0.8744617719193292,1.3549947405535756e-07,0.012512375223827013,0.017100775268791196,1.9635699208434922e-06,2
0.9024225823947915,0.06877081147363222,9.798824457447713e-06,1.8464497046991855e-07,1.2693739579312137e-05,6.3333263503727285e-06,0.028777595596218855,0
0.9232320023170074,0.06396216262243747,1.1300305579537387e-05,1.6022634745659156e-07,9.713470492487731e-06,7.116157691557492e-06,0.012777544900443997,0
0.933063377116623,0.06078522810347868,1.1869984974749482e-05,1.619325765199969e-07,9.532584604651497e-06,7.191936708341234e-06,0.006122638341034027,0
0.9527022214977183,0.04536771409307342,1.074481103088952e-05,1.3293928549253097e-07,7.526868229129562e-06,5.9042531642564344e-06,0.0019057555374984599,0
0.7713258638802336,0.22802782905636593,1.6091739405226746e-05,1.8987512480606193e-07,1.1143771109477591e-05,8.893831989750886e-06,0.0006099878457710698,0
0.7733826686270343,0.2260091079132023,1.54284449817312e-05,2.0839526576218983e-07,1.1223143605405818e-05,8.354664979630913e-06,0.0005730088109306419,0
0.8017915934946251,0.19763192017069572,1.4623388089605303e-05,1.9752119224493556e-07,1.0637519511626487e-05,7.918718218228911e-06,0.0005431091876675841,0
0.422108634034541,0.5748836552770619,1.1266217670106532e-05,2.6371579322080515e-07,4.578995819879164e-07,5.528256738448675e-06,0.0029901945986133198,1
0.3183508099223829,0.6778914050842901,7.866133147856576e-06,1.104565140447447e-50,2.2337417035952912e-07,3.859858281946491e-06,0.003745835627726795,1
0.32534018058750047,0.6681844543751095,9.464932556599118e-06,2.2155192363874835e-07,1.943472840070012e-06,4.644378327947444e-06,0.006459090701741767,1
0.3556484849559481,0.6356935404852745,1.063684968255336e-05,2.489837613246207e-07,9.059722514275708e-06,5.219430127776435e-06,0.008632809572691408,1
0.46360674595032547,0.5199137075798211,1.2573587252373211e-05,1.5067748841504044e-07,2.5912775919151706e-06,6.876157196418506e-06,0.016457354770324274,1
0.47712174372164745,0.47742285182795563,1.4981776357014721e-05,1.8324474514046863e-07,1.3306867330270289e-05,8.362361798418025e-06,0.04541857020016606,1
0.4675254427823925,0.4696226052864707,1.413147667840756e-05,1.7284458002076723e-07,1.193326726172458e-05,7.677689378820121e-06,0.06281803665323804,1
0.4473693476830108,0.49621157550347456,1.762804213937753e-05,1.9008888829687652e-07,1.312382203282389e-05,8.443674881406761e-06,0.05637969118557246,1
0.4287016139019333,0.4953281831380561,1.5220383584209328e-05,1.7584171848951644e-07,1.3212494959580756e-05,7.810821110145478e-06,0.07593378341863803,1
0.4555115600432017,0.4498295590607368,1.7094077859408563e-05,1.9748858563002796e-07,1.5607940855395947e-05,8.862597388439674e-06,0.09461711879137283,1
0.572907868196334,0.42202683149399833,1.4265655004883633e-05,3.145161412241171e-07,1.0596467562955314e-05,9.739003385127864e-06,0.005030384667573516,1
0.708304535821582,0.28918981809219285,1.6519684909179257e-05,2.0493356498472994e-07,1.5519146158746183e-05,1.1294472342895066e-05,0.002462107849249432,1
0.82073838917772,0.17808210816528294,1.3987263667925933e-05,1.7351782577019293e-07,1.280981971949389e-05,9.563061494132292e-06,0.0011429689942895362,1
0.7892731131017366,0.21060929355882674,1.53720974978426e-05,1.9732908420673202e-07,1.4358319705235622e-05,1.0420717524781177e-05,7.724487562446778e-05,0
0.6672924992098016,0.3326594559218811,1.5470226801809842e-05,2.204050492491899e-07,1.5812988564868993e-05,1.0820617009193176e-05,5.720630892040254e-06,0
0.6704447378976142,0.3295243604711045,1.0833465342484357e-05,1.705173399366764e-07,8.858188265958887e-06,7.272218151174133e-06,3.7672421817777864e-06,0
0.7918438945300771,0.20764995295294864,1.2852341260944221e-05,2.0390495312055517e-07,0.00047665004663660686,8.999555603105866e-06,7.44666852032295e-06,0
0.8411530049688029,0.15823067664901658,1.9673266644138054e-05,1.5097054221156844e-07,0.000552177863244699,3.203106927400545e-05,1.2285212475498528e-05,0
0.015751485601383213,0.17756651817518565,0.00027001773459879,2.013514140817972e-08,0.8061778835851157,0.00023270847299542541,1.3662955797859738e-06,4
0.018350085354190627,0.33272130807125233,0.000690339801431594,8.5381706979044e-08,0.6472190813925192,0.0010147653783798781,4.334620519383434e-06,1
0.024923888116862816,0.8868379148880298,0.0016187446096421938,1.7766925305991252e-09,0.08179807625941843,0.004800591956372952,2.0782392981384632e-05,1
0.042890935039700734,0.9031784310189288,0.004852710080467888,3.43296032321051e-07,0.04551353417348379,0.003536017693500213,2.8028697886119615e-05,1
0.5447713994660353,0.38215417280731423,0.005668334575151102,3.47281295047991e-07,0.05500712868314552,0.012390804643551212,7.812543507580978e-06,0
0.34559259256446834,0.6279985165317787,0.00045309225781315043,2.3573011517473244e-07,0.018837936918990328,0.0071074489689045405,1.01770279297726e-05,1
0.26540792302563,0.7228550690118034,0.00031369826296386363,2.3480121468170953e-07,0.007969844821922714,0.0034167152672308597,3.651480923448872e-05,1
0.17553512822155642,0.8177042598253451,0.0008736932533156701,2.500565136576136e-07,0.0021192502446563755,0.003728531181157364,3.8887217455099265e-05,1
0.06951799834334245,0.9101728569741835,0.00038706611312742457,1.457110966050341e-07,0.01949250387221386,0.0004103378637541868,1.9091122281944204e-05,1
0.09513132144256008,0.9014197214359864,1.8240556193289052e-05,1.5387672027964638e-07,0.0034150763969723425,1.0883133115741971e-05,4.6031584517219655e-06,0
0.25493736796190186,0.7396973227191912,2.4386141738806283e-05,2.145993223499093e-07,0.0053147768469479825,1.2925055749335182e-05,1.3006675148441e-05,0
0.3282310458061519,0.6608758723287378,3.523177232486281e-05,3.1004143857944906e-07,0.010818434281260983,2.0312230872601566e-05,1.8793539213386985e-05,0
0.6109644755286905,0.3889331765540806,2.8946692915069625e-05,2.447482876238427e-07,4.9755092263613606e-05,1.62392651780462e-05,7.162118584468635e-06,0
0.5850718065552876,0.4148584308687718,2.572189433646673e-05,2.0119966494995282e-07,1.927565535798966e-05,1.9904082011229057e-05,4.659744570148095e-06,0
0.583665941445779,0.41626332039942443,2.6779726049968935e-05,2.0277644382368007e-07,1.8999321808474005e-05,2.0060068036474408e-05,4.696262457973616e-06,0
0.5438205597205774,0.45611130318215365,2.6001740581803267e-05,1.9688552745333435e-07,1.7901343891396754e-05,1.9477297271991186e-05,4.559829996335357e-06,0
0.539604982863162,0.46032675933649186,2.5800180832194888e-05,1.9535931433347962e-07,1.714216084000656e-05,2.0595616158150687e-05,4.524483201399585e-06,0
0.6048481403725671,0.39507944511872095,2.7278621732660346e-05,1.9888360254424012e-07,1.7460554393244656e-05,2.2867929335608322e-05,4.6085196479424095e-06,0
0.566394392423095,0.43354583053306317,2.2696172259262614e-05,1.775321130891995e-07,1.5577880416013263e-05,1.721385031816586e-05,4.111608735531887e-06,0
0.603488333668389,0.39641247407198155,2.3087970964109375e-05,1.6294813388193678e-07,1.4215972652396462e-05,1.5167320138100246e-05,4.655804774103555e-05,0
0.5661451890539976,0.43304565512709553,1.940203361343147e-05,1.6051112435447387e-07,1.0273981019086188e-05,1.4379372664922436e-05,0.0007649399204850732,0
0.540608079742842,0.4582590510004323,2.6509157968162866e-05,2.1930766825465948e-07,1.4037424695951427e-05,1.9681822839992533e-05,0.0010724215435534547,1
0.41693192014590913,0.5798253240914873,5.417566555264353e-05,2.5196335562785463e-07,1.4136759300665672e-05,1.9251524570335726e-05,0.0031549398498242234,1
0.38968403016765163,0.6081437371922722,4.636582565984476e-05,2.4872189415263053e-07,1.626244653199484e-05,2.5641711860865496e-05,0.002083713934129252,1
0.4177513595698305,0.580402609152106,6.29856046763542e-05,2.969944714512555e-07,3.11910340991955e-05,2.4467614848468798e-05,0.0017270900299680655,1
0.4177513595698305,0.580402609152106,6.29856046763542e-05,2.969944714512555e-07,3.11910340991955e-05,2.4467614848468798e-05,0.0017270900299680655,1
0.409706658642494,0.5886826073208604,5.9373674809883904e-05,3.2699414723313544e-07,2.6781461039584175e-05,2.5370396143739864e-05,0.0014988815105050686,1
0.42616611951211675,0.571149701680327,4.4767721039195724e-05,3.398021208380529e-07,2.6855238837548185e-05,2.636412452360486e-05,0.002585851921035072,1
0.5594620147821917,0.4385045841517842,5.521721945719931e-05,3.0426407503379557e-07,2.538420725062827e-05,2.404676103336415e-05,0.0019284486142078182,0
0.03886258816912586,0.00196249888141588,2.838648760279327e-06,1.9631555507896563e-08,2.206839921271368e-06,1.223199994897882e-06,0.9591686246292263,6
0.02685803625813578,0.0012090263284036046,1.5818397832536684e-06,4.062320002628755e-138,1.5093904049044214e-06,6.68663490014505e-07,0.9719291775197825,6
0.34435262493787155,0.03587559244384533,1.4468245277421897e-05,8.302197465793801e-94,1.2122800375716492e-05,6.434139931953461e-06,0.6197387574326979,6
0.17647230497600527,0.0019457972481189835,6.973236030754567e-06,4.005897862581667e-94,5.849379072669808e-06,3.096874169961786e-06,0.8215659782866024,6
0.32580627606077794,0.0027204853031570424,1.3432738952054086e-05,1.524004156762881e-07,9.720481460195939e-06,7.982480896847655e-06,0.6714419505343402,0
0.7513954108771731,0.012009226974968923,3.388152156278856e-05,5.372109555386981e-07,2.39890330998133e-05,2.1848985416377164e-05,0.23651510539682344,0
0.7649573387871481,0.057900547941449644,3.44019616243438e-05,3.1016973339338223e-07,1.6926684691455788e-05,1.3378296282239468e-05,0.1770770961590708,0
0.8524999572429398,0.045876707542876635,2.7588098496933626e-05,2.5229600709117825e-07,1.3761166746749349e-05,1.0876374746925147e-05,0.10157085727818578,0
0.8622285952146842,0.03498835498184663,2.7902930914607293e-05,2.551751820328929e-07,1.3918207704007462e-05,1.1000494767646396e-05,0.1027299729949008,0
0.8601912652226545,0.03525420934331956,2.8114947623748797e-05,2.5711409671231377e-07,1.4023963353963458e-05,1.1084080563945083e-05,0.10450104532838737,0
0.9818421376428378,0.01115339744744985,1.6771096328980507e-05,1.8471835124183916e-07,7.5874064294175135e-06,8.147404008540821e-06,0.00697177428459393,0
0.9728616274630811,0.0060794512905317545,1.1943860950292474e-05,9.879518154975816e-08,5.40351838595794e-06,5.80233150385718e-06,0.021035672740365545,0
0.9749992916303134,0.005913250431728972,2.0002517837398e-05,1.2108429908183379e-07,8.794077270337875e-06,7.1113917922316695e-06,0.019051428866758445,0
0.811800230778801,0.026339955999304235,5.224351103272197e-05,3.117721293005419e-07,3.415206315205124e-05,2.7347727168867127e-05,0.16174575814841183,0
0.44089933796579456,0.010321658390793968,3.627515414216786e-05,1.8572400526031196e-07,2.03445410194624e-05,1.459782070593971e-05,0.5487076004035387,0
0.31021423496273065,0.007054282609160234,2.4792061442174627e-05,1.2693208502036284e-07,1.3904368510485156e-05,9.976803032872736e-06,0.6826826822630385,0
0.015612445954111787,0.0012549166869233698,9.131572530961718e-06,2.6505200354400507e-08,2.241859071151783e-06,2.1502080903884397e-06,0.983119087214072,6
0.012250238743652345,0.000878938884367353,6.239821688780646e-06,1.8111636684272903e-08,1.5319158674950873e-06,1.4692885625455748e-06,0.9868615632342247,6
0.031243299373194026,0.0011033527794640108,6.523957160243417e-06,9.166417644506056e-09,1.695408378400598e-06,1.4323637105040262e-06,0.9676436869516751,6
0.6513506841530997,0.05694881506539189,9.9602654976796e-05,4.2667308247702276e-07,3.8449845388563675e-05,3.379235242375446e-05,0.29152822925563676,6
0.5690649856877309,0.3846059613800628,0.00016147602847657298,2.3174924561054877e-07,0.00016148786751985332,3.557962284598651e-05,0.045970277664118445,6
0.6271671280410304,0.3470944226021287,8.670754797088558e-05,1.411040765705038e-07,5.815466654666363e-05,2.3912142968609784e-05,0.02556953389527829,0
0.7803190413641798,0.18960370392199452,0.00010625153240959419,1.5249144231003084e-07,5.259655294972117e-05,2.584189811259646e-05,0.029892412238911426,0
0.7576354645728126,0.21171473866917964,0.0001082690367833891,1.553869502133032e-07,5.5030309867246696e-05,2.6332584141183257e-05,0.030460009440265664,0
0.7900354829811016,0.19945832620896256,8.216050192101658e-05,1.4267800729278904e-07,5.009020325140113e-05,2.0977950538444758e-05,0.010352819476217702,0
0.7897616574996738,0.20699380817694274,4.754240131691523e-05,2.808186465073137e-07,1.8927054624366106e-05,1.9297184945958723e-05,0.0031584868638496995,0
0.2943988872871135,0.7026957477663992,2.1109851650163468e-05,2.457211616588616e-07,7.067460555043405e-06,8.104779155456086e-06,0.002868837133964824,1
0.1690953822760341,0.8254809393545408,2.7551443129796408e-05,1.3281334665375546e-07,1.005096519108589e-05,8.448545800134285e-06,0.005377494601957354,1
0.16274484041707937,0.8325555386762264,2.8755310325797094e-05,1.278254119981793e-07,9.6734913990181e-06,8.131252429795735e-06,0.004652933027127473,1
0.21828938920832558,0.7800782489597133,3.987753252373996e-05,1.75677667995044e-07,1.1921296879819695e-05,1.2253222160787751e-05,0.001568134102728585,1
0.22303544956194948,0.7769135919502127,2.668629963372502e-05,1.5057093478385345e-07,1.0254757000644988e-05,1.0346451143026261e-05,3.5204091256539537e-06,1
0.21936765127047891,0.7805825449545367,2.599650611526977e-05,1.466789431511734e-07,1.2659429903930236e-05,1.0079013729993016e-05,9.221462919198266e-07,1
0.18326032922659308,0.8166930893606136,2.0871359843810806e-05,1.463066344366714e-07,1.2168721605659527e-05,1.1097118189951048e-05,2.2979065193089507e-06,1
0.010043516005835643,0.9899052824940341,2.4141017507238895e-05,9.574425089227144e-08,7.722220892097877e-06,7.015853366920038e-06,1.2226664113026915e-05,1
0.008787008640345375,0.9911680389523643,2.1217932591340043e-05,8.415117800363647e-08,6.737762206871561e-06,6.166347535492152e-06,1.0746213778659942e-05,1
0.03559186371175199,0.964367757220539,1.1821320337536354e-05,6.123257052053357e-08,5.0662501274001825e-06,3.767513128828288e-06,1.9662751544629063e-05,1
0.027628731063696677,0.9723394367249443,1.1502649771199571e-05,5.770669455912186e-08,4.370555565293696e-06,3.946412761013691e-06,1.195488656706151e-05,1
0.027513098073765656,0.9724585821653846,1.1504059246349356e-05,5.768352660401956e-08,4.643184297202017e-06,3.946896334001488e-06,8.167937445504325e-06,1
0.024824469609406343,0.9751549831268552,1.0279354767515874e-05,4.446269701919047e-08,4.2540625730995435e-06,3.3170023459679563e-06,2.65238135461818e-06,1
0.02652413202940689,0.9734476498727433,1.2207993834319032e-05,4.590434120380915e-08,5.4810469713649034e-06,3.4245517629627753e-06,7.0586009398310695e-06,1
0.03402562390952925,0.9659437510004553,1.3902533620708539e-05,3.164365269846292e-08,6.340183343482055e-06,3.5240346397797616e-06,6.826694758697775e-06,1
0.01627330212266792,0.9837054107287796,9.885901627048534e-06,2.250136890383228e-08,3.554590845145785e-06,2.5058928631023598e-06,5.318261848359789e-06,1
0.010673594727151826,0.9893117694564125,7.33600764113429e-06,3.173143572289071e-08,2.882541344053956e-06,2.1390773031210786e-06,2.2464587113633046e-06,1
0.008303893959236492,0.9916827131091581,4.402041616158719e-06,0.0,3.264532927628741e-06,1.965900206871117e-06,3.760456854745545e-06,1
0.00840701786747048,0.9915794221613715,4.130842886362796e-06,2.994107023368265e-08,3.275777815380038e-06,1.790175721549405e-06,4.333233664041313e-06,1
0.026149595765615423,0.9737982984034594,1.3979249702329632e-05,2.5315520318780055e-08,2.9920694335576404e-06,2.3267367971388525e-06,3.2782459471771244e-05,1
0.03843629931007412,0.9615352646660676,1.7564260363108748e-05,3.2165678281284615e-08,4.487282611172823e-06,3.3355929633131242e-06,3.0167222422766387e-06,1
0.03412058017966027,0.9658479514223177,1.858293471516369e-05,3.1166716196899465e-08,6.699263779353858e-06,3.2320002185821567e-06,2.9230325923086794e-06,1
0.030088225701837404,0.9695971322281499,2.0623062760518478e-05,9.454980586713962e-09,0.0002883321699363778,3.841844242736608e-06,1.8355380923053608e-06,1
0.040312217042261136,0.9593643752078808,2.7101032183908418e-05,8.202725493599222e-08,0.00028727472739279765,6.537858796860921e-06,2.412104229716596e-06,1
0.05514973585063194,0.9444542826045847,2.1213677483087393e-05,4.918463732292855e-08,0.00036114552296540666,6.778956949364114e-06,6.7942027483871715e-06,1
0.06301990969662115,0.9365049875029455,2.1217358899372444e-05,9.190272610630183e-08,0.00044251266094100976,7.174051590434017e-06,4.106826276337484e-06,1
0.06299899660779439,0.9366553696700347,2.8419072368527488e-05,8.601659443811753e-08,0.00030712688630509525,7.390800937253122e-06,2.610945965785528e-06,1
0.061848403058104164,0.9377635807880774,2.79000355089569e-05,8.44456148343793e-08,0.00035094151979837124,6.526892413499941e-06,2.5632604827051377e-06,1
0.10268708511827183,0.8917706135229228,0.00016266440596590957,1.8957230225409727e-07,0.005295281884772772,7.41369867062492e-05,1.0028509058266633e-05,1
0.10535582814370638,0.8891183541319606,0.00016218061765560182,1.8900848582945255e-07,0.005279532923219534,7.391649220213844e-05,9.998682770066733e-06,1
0.07526444360134954,0.9207489084756986,0.0007741430742126221,1.7776088982164898e-07,0.0029881711386779103,0.00021769346162728336,6.4624875443421235e-06,1
0.06998441397018242,0.9242385607628013,0.0028075788181761343,1.200363649107077e-07,0.002734193540117202,0.00022756516195458683,7.567710403220073e-06,1
0.05472279251604577,0.9409288713994837,0.0011409347121867435,1.1757747199383744e-07,0.00279686214527947,0.00040548092399789323,4.940725534432552e-06,1
0.03475279772415512,0.9484166959213722,0.007579972215672982,1.7954644545194508e-07,0.007966181622168264,0.0012798159247502726,4.357045435829776e-06,1
0.016316191149438136,0.9356605423076114,0.011470108947512313,1.9464726625305503e-07,0.03554232724053263,0.0010051775286616,5.458178977593556e-06,1
0.017647616111416964,0.4517765935042353,0.1107864883870913,8.870364272758314e-08,0.4194426228643599,0.00034377287354485803,2.8175557088315354e-06,4
0.008810547111187736,0.2906385290877664,0.26436311095723225,8.33163396358824e-08,0.4357088586691911,0.0004762244232418199,2.646435041015859e-06,4
0.01320240840359281,0.30196433161373215,0.4327631439676971,6.683787462096802e-08,0.2514890339705325,0.0005758184384147524,5.196768156045156e-06,2
0.013080317602506317,0.257794024521331,0.4222635359757901,7.610595258865618e-08,0.3060455183473497,0.0008114022662195278,5.125180850836216e-06,2
0.002059452915754194,0.06359185007922066,0.765949509949741,5.57898415393038e-08,0.004106897753909118,0.1642827553054117,9.478206121764869e-06,2
0.005457842256295147,0.159457127548622,0.02029771330171561,6.772105736064771e-08,0.002474340881300146,0.8123116935553184,1.2147356912007826e-06,5
0.008007599371459936,0.3195617018512851,0.03975621166569203,1.357170837956946e-07,0.00495872837510747,0.6277131886157753,2.434403596422831e-06,5
0.009672295353809656,0.44103823960390204,0.042168648199799014,1.5487829063913905e-07,0.011964549704480371,0.4951528401990731,3.2720606451646474e-06,5
0.011898249983925663,0.6700396003069323,0.06573854161664844,3.869127526543536e-07,0.07154037728881311,0.18077804390496316,4.799985964748144e-06,4
0.002210770509536172,0.1954112990022204,0.695762151384693,2.6640155491273695e-07,0.0379439062166414,0.0686677459679333,3.860517420745687e-06,2
0.00017694902057453516,0.02737287193175134,0.9619331187208209,4.3783525575061654e-08,0.0007821050446963353,0.009734364661173523,5.468374579381558e-07,2
0.8775619269614215,0.0942939522392562,9.651706360688702e-06,1.7310555003316692e-07,1.1618854274633471e-05,6.2382387280904095e-06,0.02811643889440884,0
0.9476440792542107,0.05039429904208227,1.1210853631018839e-05,1.3870535900393675e-07,8.260282673805553e-06,6.160342683986594e-06,0.0019358515193594744,0
0.9316425022907923,0.06647609138244802,1.232260776932449e-05,1.5246044509757116e-07,8.974982816851244e-06,6.7712494621603295e-06,0.0018531850262662177,0
0.9122544312719008,0.08456154873084623,9.408641550991165e-06,1.5043606908293765e-07,1.1528613352530705e-05,6.211372434577529e-06,0.0031567209338461493,0
0.9150677320268868,0.08186762685688133,9.294875592316316e-06,1.486170494587185e-07,1.138921344627068e-05,5.355741820006765e-06,0.003038452668323807,0
0.8822166054937732,0.11678722861285153,1.1369502769600955e-05,1.4664585368684896e-07,1.2309353295254382e-05,6.731581962586106e-06,0.0009656088094940816,0
0.8683951390297382,0.13046812305086006,1.2701369010893369e-05,1.638244995703994e-07,1.4463886147023389e-05,7.520144747445345e-06,0.001101888694996758,0
0.7800879388600315,0.21849846627329056,1.3525958924315646e-05,1.7446020583177523e-07,1.464407111115413e-05,8.008362631745895e-06,0.0013772420138049035,0
0.7895576832555161,0.20930071089866062,1.3382517474526486e-05,1.6681776424405184e-07,1.5012394323771314e-05,7.657546562633602e-06,0.0011053865696979079,0
0.8199637259717412,0.17942316777159714,1.4314793747819241e-05,1.9335294327717737e-07,1.2453416513521e-05,7.1067539821097895e-06,0.0005790379394749415,0
0.42201594261239234,0.5747574157754711,1.0658326775652604e-05,1.3560538735506384e-231,2.739031747269418e-06,5.527042780861047e-06,0.0032077172108328704,1
0.319337347471373,0.6742494738048012,9.550844462332064e-06,2.2356292032200882e-07,1.051963239045582e-06,4.686534718467159e-06,0.006397665818485759,1
0.4800802707423562,0.48332500836540226,1.3531173490609472e-05,1.6550216600832158e-07,2.748635765095744e-06,7.5015663122886376e-06,0.036570774014507514,1
0.3966076721826937,0.5804524980489982,1.2548133507533246e-05,1.4726203102192928e-07,1.0528013746545258e-05,6.54132244901576e-06,0.022910065036573977,1
0.36800856712047925,0.5855737514363316,1.461996399549413e-05,1.576518073232819e-07,1.0884351426331062e-05,7.002832292990201e-06,0.04638501664366689,1
0.5008796984225642,0.4344537506241313,1.4273256384162e-05,1.733907137765353e-07,1.3944220709090765e-05,7.781169135387032e-06,0.06463037891636214,1
0.5154229307616968,0.4705427290658374,1.3935753806431113e-05,1.3269218668594755e-07,1.3903054162063098e-05,9.513783520537917e-06,0.013996854888790055,1
0.6020211333261076,0.3904336509953828,1.682330365038419e-05,2.0870008180229522e-07,1.4732576292683624e-05,1.2665233178309953e-05,0.007500785865306301,1
0.6834414777453253,0.31650833501106745,1.5409759501304934e-05,2.157796928786534e-07,1.7142298529667576e-05,1.1395072531308952e-05,6.024333352179693e-06,0
0.6986765028535139,0.30127755369216075,1.4566535888706947e-05,2.011944380225126e-07,1.4933752705349256e-05,1.0624842326806738e-05,5.617128966504242e-06,0
0.7125850983032015,0.2873759740935343,1.2387108549770176e-05,1.7617074010285628e-07,1.2925922191667301e-05,9.303370185513049e-06,4.135031596916593e-06,0
0.7257754459345299,0.27418388166232827,1.29872233017063e-05,1.4067037548119406e-07,1.336805007195004e-05,9.754087935229765e-06,4.422371457402031e-06,0
0.6969770832793956,0.30298432926297825,1.2439766204918296e-05,1.3579369438725995e-07,1.2433025911252322e-05,9.342918854758637e-06,4.235952961104261e-06,0
0.6077537142747336,0.39220571859380926,1.3469383025191268e-05,1.811277921722108e-07,1.45669408913271e-05,8.93415578822737e-06,3.4155239602946847e-06,0
0.4472977368346705,0.5526615440438465,1.386561548990258e-05,1.9035555160393145e-07,1.3048204588466852e-05,1.0365612399356247e-05,3.249333453647664e-06,0
0.8334668508580827,0.1662713457948221,8.692189769508329e-06,6.719652963379386e-08,0.00023864863764840632,5.940778422168109e-06,8.454544725542655e-06,0
0.0026053163898184964,0.07038454089801803,7.429790407478121e-05,1.9983993321662727e-08,0.9266411544766736,0.00029341428970974153,1.256057711946752e-06,4
0.2691929714662059,0.724717579832602,0.000410468572112807,2.587078685834653e-07,0.003498199663198262,0.002138181513489923,4.2340244522564026e-05,1
0.10622226635670061,0.8785510853882963,0.00036609899011184915,4.970862011629714e-137,0.014491955182739075,0.00034909048463421533,1.9503597517900053e-05,1
0.09622519150784396,0.89835047886586,1.595763215688934e-05,0.0,0.0053934321401752595,7.773113330257906e-06,7.1667406336031305e-06,0
0.23937456516731506,0.7554563279048062,1.939718061350207e-05,1.8575833993986003e-07,0.0051298928708635805,1.1134987059465749e-05,8.496131002403778e-06,0
0.8615145531250552,0.1239533226896853,4.4921254816425094e-05,3.510491002647383e-07,0.014444568325146597,2.1004287650859594e-05,2.1279268545126946e-05,0
0.5589254256909721,0.4380656182083111,2.347843264921854e-05,2.2451317475408536e-07,0.0029627420748061174,1.4888842482000838e-05,7.622237604836684e-06,0
0.5242988834997804,0.47562763820239956,2.7114317000680868e-05,2.053099709775558e-07,1.7595298346604498e-05,2.3808434054459065e-05,4.7549384473274335e-06,0
0.6199884923050042,0.3799408947124204,2.65999849388069e-05,1.9393578180375716e-07,1.7026171205983106e-05,2.229902162471017e-05,4.49386902413374e-06,0
0.552937515125848,0.44699695908503256,2.4252033863359847e-05,1.897022444705828e-07,1.664577088386966e-05,2.004481554910617e-05,4.393466578766844e-06,0
0.541426582837509,0.458511086216081,2.3069576778598605e-05,1.8045292689857308e-07,1.5834172573235546e-05,1.9067489923869342e-05,4.179254207466582e-06,0
0.7396834639088787,0.2602409275239911,2.3946542980917418e-05,1.7178330724862675e-07,1.3989235719919708e-05,1.758816556487341e-05,1.9912839557105635e-05,0
0.7274896789208602,0.27240309536300744,2.4732331485541754e-05,1.7742025234879792e-07,1.451991259003968e-05,1.7681959677738792e-05,5.0114092126782164e-05,0
0.7328445325437666,0.2670557789345159,2.220798124613151e-05,1.7129377563363573e-07,1.0828611735100664e-05,1.753804449530266e-05,4.8942590465450575e-05,0
0.39078344936288756,0.6078620893225305,3.0966960629076565e-05,2.5618663318740205e-07,1.627537054918166e-05,2.299153499053023e-05,0.0012839712617800222,1
0.3579953002131823,0.6387746239607435,3.3727506751455784e-05,2.373616211777601e-07,1.4476383543909047e-05,1.803529542729595e-05,0.0031635992787303236,1
0.4314745666870951,0.5645290226908929,6.281023572080577e-05,2.8252691432631527e-07,1.6987552470460485e-05,2.158676534284457e-05,0.0038947435415636503,1
0.3399734689399852,0.65871256414394,5.035011426152792e-05,2.693656755527895e-07,2.9746939514745688e-05,2.32060467369665e-05,0.0012103944498859057,1
0.4539099403884096,0.5446185494584279,6.534047620754225e-05,2.841130165674972e-07,2.9838194443415922e-05,2.364794851417598e-05,0.0013523994209808728,1
0.6453110789050251,0.35305197910259645,3.418315659704691e-05,2.4668295195855907e-07,2.0580108796005207e-05,1.8452755669181813e-05,0.0015634792883642285,0
0.6153754136256849,0.38288911506168877,3.868367236524872e-05,2.691464259740814e-07,2.245440463825084e-05,2.1490850181052253e-05,0.0016525732390158508,0
0.8346949239668144,0.08108835461428117,6.386299929950649e-05,3.3317141651417924e-07,2.5848608829941036e-05,3.1277034292767755e-05,0.08409539960506571,0
0.7235296995563716,0.005097555680681324,4.979966313761272e-05,2.1996816992647458e-07,2.364081267111704e-05,2.2473248876005934e-05,0.2712766110700924,0
0.736600459793143,0.004570347801538027,6.235549591634284e-05,2.702213285213459e-07,2.3489154268423172e-05,3.08227100729164e-05,0.2587122548237328,0
0.02105259014792186,0.0009005398038962987,1.2416172738387028e-06,1.0779522793991239e-08,8.138026450170598e-07,7.234414748167983e-07,0.9780440804072654,6
0.026912960000471935,0.0012002688126145538,1.5850745901411678e-06,8.667046629553696e-95,1.2223091838535245e-06,5.992522369068832e-07,0.9718833645509025,6
0.3175321247313113,0.022969495331778896,1.3124607618735229e-05,1.0755165752253711e-07,8.368630819240838e-06,5.730345494970929e-06,0.6594710488013192,6
0.2029022693238323,0.0019299768584987588,8.997461924868477e-06,6.610437052962609e-08,6.001161097128711e-06,3.5833536230757856e-06,0.7951491057366533,0
0.3849566820590641,0.0038694582853136994,1.6169028940460255e-05,1.6638595300281192e-07,1.2014285539333091e-05,8.642905023630575e-06,0.6111368670501658,0
0.7624309506490345,0.017856965100212837,3.4207052742801425e-05,3.246670937183193e-07,2.1018162863462965e-05,1.523036555961509e-05,0.21964130400249296,0
0.9740471631778521,0.015386717033351654,1.662079278354818e-05,1.6791922866340355e-07,6.8973733612178175e-06,7.238927318805164e-06,0.010535194776104139,0
0.9722854021163574,0.019217641434066117,1.935458827963366e-05,1.9553865915654767e-07,8.031856443660284e-06,8.624657186069045e-06,0.008460749809007857,0
0.9708823771108934,0.009597498917305687,2.219028040880204e-05,1.3485104423519577e-07,1.0864801381372992e-05,7.919925344737912e-06,0.01947901411362174,0
0.16366129435300467,0.0040330121715571226,2.944982636793503e-05,9.834386562054065e-08,1.0772763624849187e-05,7.809289241916699e-06,0.8322575632523379,6
0.057269825078186405,0.0022932510452314207,1.926306082354555e-05,6.108693578133752e-08,6.45594452443231e-06,5.389747278161704e-06,0.9404057540370202,6
0.015107899204072581,0.0013009765040866207,7.695408971056319e-06,2.414303494819806e-08,2.0730283455646094e-06,2.0053022587027443e-06,0.9835793264092304,6
0.019788111052473543,0.0011147752482404496,8.046137914878853e-06,2.5243387272538496e-08,2.1675094894373634e-06,2.096696692174058e-06,0.9790847781118024,6
0.027581212006794618,0.0015926249038026846,1.1214927745134198e-05,3.518492564991312e-08,3.021134184884121e-06,2.922433365541931e-06,0.9708089694091814,6
0.030476489765487613,0.0011797202571291665,6.033131562348108e-06,1.9550951110487833e-08,1.696618939834847e-06,1.4333864518622999e-06,0.968334607289478,6
0.5699104619584697,0.40053220132058204,9.764087538247222e-05,1.5164225171337963e-07,6.417130016746482e-05,2.569799038541909e-05,0.029369674912761254,0
0.6336107274950182,0.3377898646275572,9.338387087925449e-05,1.4503086333844687e-07,5.1362700270989376e-05,2.4577594236102987e-05,0.028429938681174775,0
0.6477710442832827,0.3368696144793983,9.504220887735334e-05,1.4760636368242178e-07,3.6204236434202736e-05,2.4056166291850398e-05,0.01520389101935203,0
0.7830878797253233,0.20639906441282924,7.818867874787258e-05,1.4693190734248243e-07,3.2771289613042724e-05,2.160340155595743e-05,0.010380345560023171,0
0.7740432412512079,0.22265561213374913,0.00012016730511246474,2.939710781310336e-07,2.0338420231788428e-05,2.0200988552623345e-05,0.0031401459300680746,0
0.2185620102463453,0.7770157901699559,2.4376089914041116e-05,1.352413536338757e-07,9.653597915558501e-06,8.598489077914594e-06,0.004379436165437798,1
0.20229219176347546,0.7930937236244472,2.777627222640591e-05,1.4836128212806326e-07,1.2062872925286106e-05,1.1329934729021743e-05,0.0045627671709145235,1
0.20179101843196393,0.7949822366959707,2.596758191220294e-05,1.387005324133243e-07,1.0846580242762535e-05,9.738998463995723e-06,0.0031800530109138084,1
0.11959498824467867,0.878407370334648,2.7744032687399063e-05,1.238609064946854e-07,8.070769682874944e-06,7.8790616133978e-06,0.0019538236957832886,1
0.12715810873334563,0.8714858771221748,2.8109180567783742e-05,1.2549107857452155e-07,8.614796520306544e-06,8.752791874570326e-06,0.0013104118844383746,1
0.24250863825959793,0.7559386603608204,6.797355925716012e-05,2.2077807190207787e-07,1.498176159631797e-05,1.5398899553487066e-05,0.0014541263811030918,1
0.21972539949278713,0.7799491329549223,3.101505343710683e-05,1.4003267386549832e-07,9.789694204891565e-06,9.622710028941257e-06,0.00027490006194575453,1
0.17168077584019548,0.8280856194089663,2.9533897297995366e-05,1.3334526786142136e-07,9.32217717478221e-06,9.162792945812894e-06,0.00018545253815180498,1
0.2125848320201258,0.787367918771774,2.5435878179977135e-05,1.4351573680778533e-07,9.774256956331128e-06,9.861654649808273e-06,2.033902577434421e-06,1
0.2209720318422104,0.7789897571821061,1.4507366688283604e-05,1.3955226402513293e-07,1.178292959964535e-05,9.589305424100835e-06,2.1918217073504065e-06,1
0.01919148347638995,0.9807543914978344,2.7535811720477915e-05,1.202592894306661e-07,1.0825091538729186e-05,9.400063748709595e-06,6.243799478345477e-06,1
0.013274670036676392,0.9866810470244899,2.2182123608865594e-05,9.687771148150066e-08,8.387283934793679e-06,6.906253717125285e-06,6.7103998616785805e-06,1
0.03269585859728711,0.9672608024570787,1.9013514010131312e-05,8.561668421155602e-08,6.855101412048574e-06,5.267817095896958e-06,1.21168964317673e-05,1
0.02623807919576701,0.973725192300891,1.5258143012309369e-05,6.870647957255887e-08,5.501146061332335e-06,6.176827120118009e-06,9.7236806685357e-06,1
0.024824326050376103,0.9751493438400584,1.1224046205991803e-05,4.446243989298531e-08,4.254037972006059e-06,3.970679729157901e-06,6.836883218133754e-06,1
0.011749281194683077,0.9882297425159683,1.0201437133800584e-05,2.126512355688821e-08,3.3592984426531944e-06,2.3682168663578668e-06,5.026071782414725e-06,1
0.012271752011894782,0.9877126726508935,7.668959217574526e-06,3.317159664739805e-08,3.2886287243752603e-06,2.23616132961639e-06,2.3484163436267107e-06,1
0.012490011317630343,0.9874912757058777,8.110707443333712e-06,3.5082350577475804e-08,3.183039060993742e-06,2.3649689385557637e-06,5.019178698208895e-06,1
0.005073391114358485,0.9949159923533111,4.295458055735235e-06,2.8098871345127576e-08,3.1893995636140846e-06,1.6800307033914829e-06,1.423545136389435e-06,1
0.006354359261313018,0.9936340284963308,4.2747556563166914e-06,3.261709731807915e-08,3.7022467797689207e-06,1.9501753033715017e-06,1.6524475193322628e-06,1
0.0027347839261691724,0.9972308570483592,4.127987230239059e-06,3.5475249349364094e-08,6.960542141052955e-06,5.441434501307249e-10,2.323447670771295e-05,1
0.059157089739657484,0.9404458267402098,2.1879014315079973e-05,9.154639832505025e-08,0.0003641564085368823,6.991569295549721e-06,3.964981586778102e-06,1
0.06052707557817925,0.9390632689882353,2.0798991822457696e-05,4.888781056260003e-08,0.00037518933290693786,7.215902360712778e-06,6.402318684764035e-06,1
0.060525913169945586,0.9390452344992835,2.0798592382717457e-05,4.88868716837102e-08,0.00039422417459736373,7.378481189273699e-06,6.402195729741302e-06,1
0.06821428987357586,0.9316981327664305,2.8089803747455186e-05,8.501999028887934e-08,4.951667143938021e-05,7.305169752615151e-06,2.5806950636202425e-06,1
0.062159368896803305,0.9377514389857521,2.6511383445161332e-05,4.446406213482986e-08,5.330591095043157e-05,6.8946781609722115e-06,2.4356808257469446e-06,1
0.10223195690280902,0.8940178296691194,2.484219278375157e-05,1.7937264867739614e-07,0.0036988802488690364,1.4750657003468104e-05,1.1560956766840423e-05,1
0.10097191647452936,0.8947852368537731,2.2626301882144997e-05,1.864059014533169e-07,0.0041948439252238005,1.5329034476740986e-05,9.861004213227793e-06,1
0.09790421110109016,0.8961728375342062,0.00017520271924800413,1.7983376342353488e-07,0.0056683127193287025,7.314352768957975e-05,6.112564674108085e-06,1
0.09760821010324637,0.891700760731692,0.0003132576938503181,1.7546072375032708e-07,0.010213101847060025,0.00015853023873799133,5.963924689513152e-06,1
0.10303544417713564,0.8890769838602572,0.00044657336100202295,1.852167311349494e-07,0.007190808355738902,0.00023789190750450744,1.2113121630351597e-05,1
0.06714121524433155,0.930366469982935,0.00021477574303689956,1.2069318972026812e-07,0.002131181402561349,0.00014116528276804494,5.071651177483178e-06,1
0.028707851513213728,0.9675548478823184,0.002319587742206916,9.44725867738101e-08,0.0011560127120731096,0.0002557237509910046,5.881926610455221e-06,1
0.02721932614084779,0.9632410782236889,0.00778927201582182,1.078770411543911e-07,0.001283438024249786,0.0004636043460688027,3.1733722818881514e-06,1
0.03572355491106558,0.9516990679495652,0.009516268597698876,1.3970226834158124e-07,0.0024637813339808056,0.0005930779441901546,4.109561231268807e-06,1
0.033328017862835076,0.9455247301812121,0.013230761157222652,1.6236352356328557e-07,0.006891833917947727,0.0010196235173540375,4.870999904782308e-06,1
0.031906084659020485,0.8842447345849254,0.05248794691973483,2.0928699790623687e-07,0.030290584305058328,0.001064682489505419,5.75775475767383e-06,1
0.049451663861573444,0.6806076499054162,0.1885913505175657,2.191808865726816e-07,0.07993222357773651,0.0014108630084489514,6.029948372714547e-06,4
0.019100192927472625,0.4459160687211091,0.23277935911835543,9.385192421323167e-08,0.3017835714989765,0.00041773279799537755,2.98108416656476e-06,4
0.019538648211252202,0.40169054922955644,0.5168386433073263,1.3041047133935486e-07,0.016284805770578132,0.04563862851477991,8.594556035607343e-06,2
0.0021762367537923504,0.056854167521980706,0.7726381794695595,4.987879725073121e-08,0.0030326309897231616,0.16529026141475003,8.473971397016578e-06,2
0.007533674916201903,0.12098678459000527,0.011571763029800425,5.02172871673792e-08,0.0014834993237181997,0.8584211817285247,3.0461944623712365e-06,5
0.0034810305041519784,0.2717055605487428,0.03774447819926516,1.9529327534674995e-07,0.017439737396054797,0.6696248996474745,4.098411035368824e-06,5
0.009479749987014369,0.35778051891032775,0.04140079933209625,1.4906790318826974e-07,0.005446530537527627,0.5858895782833359,2.6738817950069034e-06,5
0.005873695229703306,0.402212070223399,0.04410268621984918,2.3225639077101494e-07,0.038970884622015305,0.5088375501080604,2.881340582019681e-06,4
0.0038526631672142916,0.3249795507060205,0.03851355650759028,1.439081097839871e-07,0.6133793918918843,0.019272958644993888,1.7351741870583127e-06,4
0.013303758079782246,0.7994289428457791,0.11039591454048034,3.5907623048207725e-07,0.046436827111691094,0.03042986877901466,4.32956702199719e-06,4
0.0031573126845502587,0.2838531855505944,0.5698223507567238,3.8703978522935446e-07,0.059597655104093906,0.08356350013635319,5.6087278990883784e-06,2
0.00017563924670668574,0.02680874639931933,0.9617364379093848,3.695775954322701e-08,0.0017701031294525688,0.009508500789652631,5.355677244267336e-07,2
0.000227916375038942,0.031206497744412014,0.957339958491235,4.3020371883316404e-08,0.0016264190532354833,0.009598541892561893,6.234231446468187e-07,2
0.4941442253662793,0.02233188339077437,8.11558094122928e-06,1.2125346019315235e-07,9.105804579367003e-06,4.36963477570167e-06,0.4835021789691899,0
0.882119223315256,0.09177214575757803,9.393580202206319e-06,1.684759986386037e-07,1.1308118524104098e-05,6.0714026746090745e-06,0.02608168934976643,0
0.8794881060369112,0.09494997162375733,9.551630259356783e-06,1.7131066238130094e-07,1.2094207145436183e-05,6.1735560090193204e-06,0.025533931635255466,0
0.9147021508407872,0.08220090484932976,1.118846294113231e-05,1.4428045453196893e-07,1.2288829206215295e-05,6.407950268836034e-06,0.0030669147870124843,0
0.8615680049889664,0.13678628080047223,9.381837943075645e-06,1.4921749528681767e-07,1.2259903774154006e-05,6.143104746180563e-06,0.0016177801466028762,0
0.8480314941593452,0.1505899967496833,1.3288828383597195e-05,1.7011777541645528e-07,1.4279570453287763e-05,7.809029165966669e-06,0.0013429615451932264,0
0.83934550694969,0.15929009485112142,1.3152717172909613e-05,1.7690295883239078e-07,1.4133311538175677e-05,7.729044957924195e-06,0.0013292062225608158,0
0.8017915502328018,0.19763190950718007,1.4623387300579281e-05,1.9752118158739435e-07,1.063751893766376e-05,7.97267423511394e-06,0.0005431091583633436,0
0.7787940091519772,0.22070638503211742,1.4103036246519431e-05,1.9049268997149657e-07,1.2149498168327104e-05,7.688978716651333e-06,0.00046547381008376205,0
0.4806670455760142,0.5171752296055467,1.3976241748936771e-05,1.8878004990620097e-07,4.2237646897996044e-06,6.938675712272633e-06,0.002132397356238255,0
0.4822066615640604,0.5147396939786908,1.2073273128598893e-05,2.986597903256791e-07,3.977720203678471e-06,6.260785439532589e-06,0.0030310340186866036,0
0.43368729506268827,0.5631838779997153,1.0443706582543944e-05,1.6605596434860075e-124,2.6838775439030343e-06,5.415748108262158e-06,0.003110283605361843,1
0.33982422742846446,0.656449608641161,8.396720022391414e-06,2.3693737115933637e-07,2.2394183344822451e-07,4.120213669208586e-06,0.0037131861174785202,1
0.3183505285771268,0.6778908059919523,7.866126196094004e-06,2.3518019216239633e-07,8.719523494800091e-07,3.859854870763661e-06,0.003745832317312462,1
0.3899511630966022,0.6056995446179975,9.905531717555867e-06,2.3186531901477002e-07,1.0980184449952564e-06,4.860577353373424e-06,0.004333196292565271,1
0.35662227371307254,0.6369535531293596,1.0657933057229497e-05,2.4947727379165223e-07,1.1814213932223136e-06,5.229775596995608e-06,0.0064068545502464986,1
0.3517599961665783,0.6282940767137098,1.2237399339932856e-05,1.4967778651816461e-07,1.074425787516672e-05,6.78430904031877e-06,0.019916011475669865,1
0.5067697187922874,0.4754737328219363,1.2486195533637259e-05,1.4963021650901205e-07,2.573267122990586e-06,6.782152877733465e-06,0.017734557140025455,1
0.4911465372656368,0.49950825388566805,1.3308578662647344e-05,2.111193115974998e-07,1.3283378006066483e-05,9.085618052756228e-06,0.009309320154662013,1
0.4399412479864771,0.5522734716680516,1.0831086568665824e-05,1.023306813825078e-07,9.858609063804082e-06,7.394261863246975e-06,0.007757094057294086,1
0.5013372582653436,0.4944714545830616,1.105241941506533e-05,1.4626054228424773e-07,8.490862423578764e-06,7.5453633261371735e-06,0.004164052245887831,1
0.6266972591011872,0.3713242956640338,1.789187626972728e-05,2.2195616976831752e-07,1.622270438667567e-05,1.3398310126388489e-05,0.0019307103878265749,1
0.6708821465362299,0.3290663454158278,1.745814708385625e-05,2.1657557874693038e-07,1.690165151756043e-05,1.1437102330659721e-05,5.494571431465285e-06,0
0.6230182737841843,0.3769345904630495,1.5825108219204263e-05,2.0586431755394608e-07,1.5010502729410095e-05,1.087145318839085e-05,5.222824311654029e-06,0
0.7586637200463399,0.2412867808609722,1.6285388305732746e-05,2.088701255280483e-07,1.5196421126285936e-05,1.1030186382525774e-05,6.778226747785514e-06,0
0.7044209657997647,0.29553882981180346,1.2955988137498838e-05,1.8142003715322323e-07,1.3228159183752328e-05,9.580579406776311e-06,4.258241666603509e-06,0
0.7230882102792662,0.27687059678718906,1.331988114988712e-05,1.6696986736669955e-07,1.3423941849063745e-05,9.84966778998241e-06,4.43247288873104e-06,0
0.6539115830237816,0.34605421209309484,1.0881707692562896e-05,1.5922900058225654e-07,9.3619062812697e-06,7.912756798482938e-06,5.889283350712259e-06,0
0.7527575044558074,0.2468512475815238,9.151330180546259e-06,1.4518767542575487e-07,0.0003722986874225881,6.863059685657452e-06,2.789697704485167e-06,0
0.8025862359641565,0.19700279046213295,9.076896379083644e-06,1.4400676834511733e-07,0.0003929617846642392,6.023878644799289e-06,2.767007253918999e-06,0
0.7814343936432864,0.21787059164549963,1.2068853178600997e-05,1.387614201993038e-07,0.0006691589821528697,7.580364235115793e-06,6.0677502271387505e-06,0
0.0061754513604425736,0.12564840365017713,0.00011537196358619815,3.6839219034181105e-08,0.8677730460705655,0.0002858373144869291,1.8528015225112544e-06,4
0.02943683977079352,0.8178737670581425,0.001079195386706091,2.1061443104053615e-07,0.14864982017780048,0.0029414730565622623,1.8693935563933804e-05,1
0.335047550653864,0.6405339615235677,0.0006538932583960343,2.3426232709066464e-07,0.02155709326273887,0.002197153379067937,1.0113660038421623e-05,0
0.37989171563288054,0.5994726621733871,0.0011734350493842883,2.9332068389648985e-07,0.01677658787351473,0.0026627813873954607,2.252456275373989e-05,1
0.35017609368058344,0.6398236074795778,0.000674241375162497,2.816428700637861e-07,0.007684525499521098,0.0015951806760182465,4.606964626685563e-05,1
0.15740555460663438,0.8363026867066019,0.00035410727590225963,1.7302320285808233e-07,0.005573344098705136,0.0003432705533979566,2.0863735555425433e-05,1
0.07070708809934145,0.9237444012740502,0.000365547237918264,1.599721143330514e-07,0.004912269651140562,0.0002542211406900724,1.631262474516461e-05,1
0.07536428495144329,0.9159148259584161,7.846556709801423e-05,1.5387529676269173e-244,0.00857068335165912,6.293441753887585e-05,8.805753844587906e-06,1
0.900119611697991,0.08512648170417182,3.044413619933778e-05,2.875642202251996e-07,0.014687033468471139,1.8710373685047724e-05,1.7431055261293588e-05,0
0.44701996478939227,0.5529134605405279,2.4732564167400493e-05,2.087573885598818e-07,1.999971260546156e-05,1.5193301446306422e-05,6.44033447196562e-06,0
0.528351834004685,0.471572269714276,2.7940379033489088e-05,2.115649237383891e-07,1.9822766361294236e-05,2.302176880039576e-05,4.899801919993135e-06,0
0.612639513737791,0.3872974493863892,2.416804461896774e-05,1.7620493540241176e-07,1.4349312606899226e-05,2.026030280938552e-05,4.083010848950228e-06,0
0.572203212052898,0.4277331291722555,2.4506868545411355e-05,1.7867524067588568e-07,1.4550482809780297e-05,2.0497614031972665e-05,3.925134218457872e-06,0
0.697202435619185,0.3027400963616868,2.25673824571315e-05,1.5927397274130225e-07,1.2970533542594579e-05,1.8271901614574197e-05,3.4989275411172636e-06,0
0.3579838245483171,0.6387541478162113,3.372642560440165e-05,2.373540124677718e-07,1.609531747434509e-05,1.942487752904106e-05,0.0031925436608512057,1
0.38265345471945217,0.6135806574873601,4.880558257267146e-05,2.5027348981682175e-07,1.4576189860880961e-05,2.0298129867842593e-05,0.0036819576173965376,1
0.36385837708208824,0.6335973396095698,5.342939303064964e-05,2.859892058015911e-07,3.7498605695042e-05,2.356202861491845e-05,0.0024295072917955613,1
0.35283999829081114,0.6448936301203803,5.181144129975717e-05,2.773288654103418e-07,3.636307091635673e-05,2.387956305454619e-05,0.0021540401846724447,1
0.4540772591146689,0.5443140818250921,6.022006364575685e-05,2.839541838985765e-07,2.9821513475692305e-05,2.3393302819045726e-05,0.0014949402261146007,1
0.5398719849160604,0.457117602568521,5.326741862204785e-05,3.1891813445498884e-07,2.609789721471805e-05,2.4743804979411152e-05,0.0029059844764678182,0
0.6235685437563057,0.3747027410666091,4.231445889219083e-05,2.957118786115272e-07,2.47236067885226e-05,2.2295545979594837e-05,0.0016390858535463289,0
0.4815950159825778,0.515308150392683,4.663416034332176e-05,3.5928774081927736e-07,2.8914575327013374e-05,3.08875812184288e-05,0.0029900380201096483,0
0.7939399120277217,0.14104707694372437,6.32040070698596e-05,3.244057376415657e-07,2.8114212085592556e-05,2.8001138962093004e-05,0.0648933672646987,0
0.9464300446876376,0.045041133004899876,4.917163716831686e-05,2.137494198560522e-07,2.0288500483208387e-05,2.2403339248586785e-05,0.008436745081142803,0
0.9779087491853198,0.015073262519415941,3.54196744483017e-05,1.6821796230850004e-07,1.4765274717453103e-05,1.7173819987729877e-05,0.006950461308148777,0
0.9877628041126942,0.007916485449524432,4.2859976134083466e-05,2.0355404057679472e-07,1.6486427512818184e-05,2.1339254908118492e-05,0.004239821225185885,0
0.7583130123005293,0.004891900165888436,4.456786919996254e-05,2.11093785798466e-07,2.268704898425311e-05,1.9829456343244127e-05,0.23670779206526912,0
0.019224344956732465,0.0005150031076159485,1.249128237809424e-06,1.0279656281706045e-08,9.763788224566657e-07,5.804380350657012e-07,0.9802578357109,6
0.026232053819690328,0.0012169764139151407,1.551391873950869e-06,1.0834896606455713e-94,1.0723279825575425e-06,5.865181718050392e-07,0.9725477595283661,6
0.21689537265536077,0.009021537709107692,9.362629929412609e-06,7.672354076635474e-08,5.5992431721845736e-06,4.087825388433189e-06,0.7740639632135007,6
0.2991806512104372,0.008383434663404911,1.2914486581504512e-05,1.232313985158684e-07,9.657484192240663e-06,5.2239128385553074e-06,0.692407995011147,6
0.8027254311557837,0.010889896321885029,3.40213862469775e-05,4.848572058662373e-07,2.2057467711310903e-05,1.8121827827668582e-05,0.1863099869833396,0
0.7642558317513681,0.01763416136694649,3.395706327848259e-05,3.222943855680191e-07,2.2604651054823713e-05,1.6985277025025787e-05,0.21803613759594154,0
0.8507860739693786,0.021978491199051663,4.0533196279713104e-05,3.847099934097073e-07,2.984325127687107e-05,1.8047020925226418e-05,0.12714662665309448,0
0.8485954924854392,0.04888524431707455,2.982653922142383e-05,2.840652765907421e-07,1.520461135670607e-05,1.200731887426971e-05,0.10246194066275709,0
0.9586723369892073,0.030330348226795607,1.1333057591287499e-05,1.6433663920457687e-07,6.75021655675784e-06,7.084483394115937e-06,0.010971982689815647,0
0.9756858729598157,0.015563314953023382,1.6648755141787107e-05,1.6820173129057896e-07,6.908977309798713e-06,7.251105888238648e-06,0.00871983504708988,0
0.9799237814834693,0.012087292347993696,1.8729409660007424e-05,1.892225036667565e-07,7.772416932370476e-06,8.346069432279937e-06,0.007953889050008793,0
0.8285791096312096,0.017380350648559088,4.627045238847401e-05,3.0289478811099174e-07,3.0311612736400726e-05,1.7779019986936968e-05,0.15394587574033167,0
0.8244326085751833,0.05261582458630615,5.305646937364493e-05,3.1662359789390337e-07,2.7758033986598987e-05,2.777328361535655e-05,0.12284266242793707,0
0.5206864682307456,0.008647100584067837,4.2180719171793995e-05,2.159597193892954e-07,1.8873034805385974e-05,1.8943355246233453e-05,0.4705862181162438,0
0.17577244783969317,0.003727907505876619,3.8560662441527295e-05,1.1194083259960709e-07,1.2262199802246797e-05,1.078915896814785e-05,0.8204379206923856,6
0.13577909897859458,0.0036133855631346147,3.0352048035176792e-05,8.811138899164597e-08,1.017237811337292e-05,8.49241300657001e-06,0.8605584105077266,6
0.017569262124896318,0.0008097755153468585,5.81602475040002e-06,1.9166233450605298e-08,1.5965158606314641e-06,1.5610204654001131e-06,0.9816119696324469,6
0.6314058238030503,0.01760243486202369,3.6453407216700984e-05,1.3845302193048398e-07,1.2014864031787113e-05,1.0150743292897414e-05,0.35093298386736266,6
0.6536071678286408,0.3182215988226379,8.828026877096927e-05,1.6658307363877479e-07,7.453883550823196e-05,2.8229930486880844e-05,0.02798001773088141,0
0.8196876616013811,0.17706241503076958,3.562677246541236e-05,1.1350232388095033e-07,1.797512068089606e-05,1.8349615168900012e-05,0.003177858357210246,0
0.20295818978354466,0.7949630367788826,3.2683774341531066e-05,1.2434517257373044e-07,6.275774040270363e-06,7.909866831783944e-06,0.0020317796771867134,1
0.1870704895252457,0.8120144727421058,2.0872931462757063e-05,1.2642408616966175e-07,7.913599918877008e-06,8.037897395333971e-06,0.0008780868797853574,1
0.2504164213197146,0.7472447053531399,2.3624402527423346e-05,2.665704754630102e-07,8.265685988388484e-06,7.965531245115434e-06,0.0022987511369092295,1
0.17120883370501963,0.8267374002915352,2.1266544176394524e-05,1.2171660164986084e-07,8.982676915314456e-06,8.546454551294126e-06,0.0020148486112004753,1
0.175164553445604,0.823379248393251,2.4793423055122043e-05,1.308552527375262e-07,1.0639502859084526e-05,9.993048396454764e-06,0.0014106413315816038,1
0.20540796817009138,0.793305289266745,4.8346561295206726e-05,1.6992598862579095e-07,1.1665194308245627e-05,1.1852052189024093e-05,0.001214708829382279,1
0.2604167146655119,0.7385340863325831,6.011470257707009e-05,1.9845915509407484e-07,1.3623958437110206e-05,1.384219260742084e-05,0.0009614196891284739,1
0.23239062515772588,0.7675620258570863,2.479604987682564e-05,1.399056617119883e-07,9.528389831214173e-06,9.61358907423794e-06,3.2710507438143024e-06,1
0.04480767593854818,0.9551475475244899,1.685213368128608e-05,8.729138832184478e-08,7.242146056628744e-06,7.060494604632387e-06,1.3534471231027418e-05,1
0.024556342984732565,0.9754165271317345,1.3533317367471339e-05,6.430272067817654e-08,5.1093755445462845e-06,5.237224268306642e-06,3.185663632169513e-06,1
0.02548801317113684,0.9744846405690945,1.3620158837575024e-05,5.395429442595377e-08,5.162191229119069e-06,5.291361526877715e-06,3.2185938805109606e-06,1
0.025023064761298203,0.9749467944232563,1.3953921129366859e-05,2.9087260258252472e-08,4.510413695405521e-06,4.258413381066986e-06,7.388979979431657e-06,1
0.014609677231499417,0.9853698498494432,8.702540571709475e-06,2.507193361325086e-08,3.301398935445513e-06,3.1788836674249576e-06,5.265023948876198e-06,1
0.0023203188593068033,0.997642568113329,4.94406194284567e-06,3.56677190477e-08,8.772104903990563e-06,6.58267151526085e-10,2.3360534531264496e-05,1
0.017968345129677026,0.982000812110058,1.3007203812890926e-05,2.4613910974623812e-08,3.6297463518543414e-06,2.973941815198296e-06,1.1207254373910734e-05,1
0.02607481540083423,0.9738909356389696,1.526550856692369e-05,2.531792857911659e-08,3.123436266608967e-06,3.0590037703989637e-06,1.277569366372869e-05,1
0.03412054698005222,0.9658470116442349,1.858291663381379e-05,3.1166685871425616e-08,6.655500679993557e-06,4.248761964571687e-06,2.923029748173677e-06,1
0.06338187172452954,0.936570005145039,2.805791156080063e-05,8.492346154755942e-08,1.1032184978558806e-05,6.370345398596001e-06,2.5777650321608764e-06,1
0.09638655572997192,0.8994876594411748,2.1700330828288703e-05,1.7877732520993315e-07,0.00408345987881916,1.4369185629873974e-05,6.076656250784755e-06,1
0.09554971385957292,0.9000281969346473,2.2583878576052832e-05,1.8060741306040548e-07,0.004378669580188532,1.4516278512103497e-05,6.138861090033799e-06,1
0.09794726065885642,0.8887050089471146,0.00018148710297510086,1.851392395580363e-07,0.013020064422598817,0.00013821398916166204,7.779740053925962e-06,1
0.08787056988123834,0.9090742839772783,0.00019635276126555627,1.5795632120912107e-07,0.002727772751066956,0.0001205323742687452,1.0330298560851404e-05,1
0.040415615803877356,0.9356146336484904,0.016715440256400888,1.6066178257170242e-07,0.006259013715684737,0.00099031596707639,4.81994668774163e-06,1
0.02334251590993073,0.9381548484645548,0.007988222659446221,2.173843674323969e-07,0.029781380452821693,0.0007268346050610306,5.980523818247668e-06,1
0.051355709729703866,0.6629477348280564,0.20593969373702029,2.135443090716639e-07,0.0785924679556877,0.0011583053263538089,5.8748788688841096e-06,1
0.016900569200042025,0.3670693244326909,0.3476093373156417,7.941576422823268e-08,0.2670611155482858,0.0013527782592612167,6.795828314067659e-06,2
0.025408533791498135,0.4728337387731267,0.45655742533657157,1.4754721098418972e-07,0.04082288046398122,0.004362439518525336,1.483456908617812e-05,2
0.022194841718198164,0.5077736874950827,0.34975322037003104,1.4856150854706512e-07,0.01976055548555608,0.10048444124480026,3.3105124823387645e-05,2
0.004319044307890898,0.18974492958404934,0.01333393426962707,6.155927861585568e-08,0.0015514881889230612,0.7910455822754181,4.9598148128683065e-06,5
0.002070483240430768,0.08923671174654674,0.004986322830573997,3.2091985052938936e-08,0.0008955275641554073,0.90280933590333,1.586622977974076e-06,5
0.009996823926595403,0.8064094842252748,0.11906182206499331,3.570958982945917e-07,0.034264068280481605,0.030262045783537816,5.398623218876244e-06,4
0.885086597658866,0.0884581359542157,1.0739935716708955e-05,1.7269919707907728e-07,1.2192235055842335e-05,6.223594906820725e-06,0.02642593792204186,0
0.9322754458923869,0.059462180693307304,1.027752171771573e-05,1.712699557636027e-07,9.652629594422293e-06,7.071585216141577e-06,0.008235200407821832,0
0.9378077611852761,0.05738941938221132,9.91926291956796e-06,1.53672496630996e-07,8.857189647359665e-06,6.8250804954395595e-06,0.004777064226953725,0
0.9190742897671188,0.07779024080447136,1.073812962057776e-05,1.563036394484025e-07,1.3312882439427547e-05,6.94193785064293e-06,0.003104320174859598,0
0.9130838314921881,0.08405004726563414,9.417195666057636e-06,1.3998148953931966e-07,1.1539094895975625e-05,6.198902740056594e-06,0.0028388260673863387,0
0.9175479294992249,0.08082146001149045,1.0446594408623283e-05,1.670320406638858e-07,1.1656483926974354e-05,6.085177453192336e-06,0.0016022552014547974,0
0.9201317445358745,0.07833851771140599,1.0340271921268135e-05,1.6190059513970422e-07,1.1429874284361586e-05,5.898232741974508e-06,0.0015019074731766298,0
0.9011358502519289,0.09755511121583023,1.100778638885646e-05,1.3694113696255143e-07,1.149474596892085e-05,6.28609990897965e-06,0.0012801129588370765,0
0.8879770054052468,0.11124558019914409,1.2243276117225534e-05,1.6467105180366418e-07,1.383779175853946e-05,7.19462224408055e-06,0.0007439740344376851,0
0.8388255696696454,0.16077695119434593,1.0730422151643907e-05,1.4432329101215755e-07,1.1530423501973292e-05,6.305610782719702e-06,0.0003687683562814054,0
0.7672668986100419,0.23197561137374537,1.5237045077837737e-05,2.0580998682539712e-07,1.1083913202730712e-05,7.5646169054308825e-06,0.0007233986310400067,0
0.488458102248026,0.5103714450749035,1.621413000975973e-05,2.1603024155831333e-07,3.507072670666216e-06,8.719767303109955e-06,0.0011417956768454366,0
0.4716376237124777,0.5262723867684047,1.353272140355892e-05,1.6217141787629868e-07,4.0897282579986725e-06,6.718484626310186e-06,0.002065486413411832,0
0.45804880260444036,0.5391170614260289,1.1468419540563353e-05,1.4982788161452762e-07,3.778442152749825e-06,6.226159084506048e-06,0.0028125131208712193,0
0.42586962003799794,0.5710923956588823,1.1440872604799218e-05,1.4946799775992028e-07,3.7693664032185e-06,6.2112039632923915e-06,0.003016413392150801,0
0.3186069602998584,0.6778009686500507,8.363167678999503e-06,1.5519928288769303e-50,1.8425098729854706e-07,4.103749761455477e-06,0.0035794198816631742,1
0.4159460038872468,0.5347860316542368,1.5400435490780425e-05,1.7792186558263062e-07,1.2771690776029353e-05,8.064502751021997e-06,0.0492315499076331,1
0.49546887457690286,0.5007432838332084,1.0742940938952327e-05,1.421651050734691e-07,8.253110030636409e-06,7.334085826053444e-06,0.0037613692879878836,1
0.4933349451185188,0.5028611925024974,1.078837852839755e-05,1.427663966298942e-07,8.288016805917897e-06,7.365105561023033e-06,0.003777278111691808,1
0.5793845137085744,0.4165250831128079,2.04979199191118e-05,2.377742781436504e-07,1.680334923158594e-05,1.44296382180936e-05,0.004038434496970858,1
0.6244623930988848,0.3729338725799674,1.7608773389477163e-05,2.1844416074235454e-07,1.5032828804426644e-05,1.3186308873412983e-05,0.0025576879659195825,0
0.7176677598200144,0.28208167185588723,1.8817355669486914e-05,2.0810750433426136e-07,1.600817509181317e-05,1.1469397178677727e-05,0.0002040652886540759,0
0.7329608172291298,0.26691540342718223,1.8313996880971715e-05,2.025406891503152e-07,1.55799797628217e-05,1.0397857262945676e-05,7.928496909213519e-05,0
0.5641233143495195,0.4358274432040824,1.762192128763053e-05,2.0790175088165055e-07,1.5159061250332422e-05,1.0979047653083847e-05,5.27451445613241e-06,0
0.6737665345723541,0.32619281021403,1.4302273852772783e-05,1.7742565818600936e-07,1.2248372511349697e-05,9.369640937814203e-06,4.557500655570182e-06,0
0.6532028269487982,0.34676231538588703,1.1604347846655045e-05,1.5955481825960345e-07,8.918901090343724e-06,8.978389684480374e-06,5.196471874876209e-06,0
0.7838216806044712,0.21615004959340764,1.0832671847157298e-05,7.525944053212461e-08,1.2072598187182327e-10,6.653612363827173e-06,1.0708137743440463e-05,0
0.6785292694167565,0.32108366215411294,1.2652211412275478e-05,1.722187973258225e-07,0.00035759205500327526,8.371531576343427e-06,8.280412341300992e-06,0
0.04268885727634471,0.6223470553641931,0.00265279161319385,1.155279383596381e-07,0.3314666030705004,0.0008423193673012631,2.257780528426583e-06,4
0.49855708799452864,0.47536154338370384,0.005997091972472038,3.379635340050424e-07,0.012584623526562904,0.007475611167524149,2.3703991674510585e-05,0
0.5347736171329027,0.44360990664710176,0.0007536090337241975,2.666106915050815e-07,0.01659626836598324,0.0042548206453103836,1.1511564286038728e-05,0
0.20754997112245732,0.7858557941253032,0.000435147827293751,2.0025794795168129e-07,0.0058002604786925455,0.0003398322320233029,1.8793956282013734e-05,1
0.1806420166194802,0.8121774887115759,0.0003597276647576337,1.913098518162671e-07,0.006503170126964753,0.0002994513786439593,1.7954188725737733e-05,1
0.11989799085614862,0.8734494020016448,0.0002825284230658163,4.683099942519449e-180,0.006163783594807858,0.00019020975005619694,1.608537427676253e-05,0
0.09225615869729209,0.8985879383225371,9.8867920068633e-05,1.4668342879042987e-07,0.008938207492466954,0.00010702346416587816,1.1657420040437413e-05,0
0.1527085126976705,0.8319871657224638,2.161364198028608e-05,1.8628065727951256e-07,0.01526323136714777,1.02807201191028e-05,9.009569961223537e-06,0
0.15396213159108413,0.8441507508686275,1.5131452433404588e-05,2.6166022678092446e-07,0.0018432985061563325,9.529607642547178e-06,1.889631382941003e-05,0
0.4710323363905381,0.5223795895599413,2.6597949595512445e-05,2.507509210280644e-07,0.006533331166698629,1.6425450001296676e-05,1.1468732304119262e-05,0
0.9011131012047935,0.09313815605444807,4.117167665136478e-05,3.472764651194073e-07,0.005666091956042705,2.259555249717104e-05,1.8536279102084858e-05,0
0.8935663534915682,0.09544923110044727,3.15631290625934e-05,3.224353122907204e-07,0.01091385474937667,2.1464740116717953e-05,1.721035411637715e-05,0
0.9095548283860229,0.07787519411387352,3.086869882313149e-05,3.3259211871788747e-07,0.01250433069918269,1.701164995202601e-05,1.7433860027212458e-05,0
0.6196698364024731,0.38023358052662043,2.85969536846242e-05,2.2548639266675583e-07,4.583932488453869e-05,1.4961221425108695e-05,6.96008451955093e-06,0
0.490240732514917,0.5096866452778057,2.7123867678060184e-05,2.2894139668619578e-07,2.1933413561089235e-05,1.8033747034018336e-05,5.30223760738361e-06,0
0.5506967410597955,0.44922965331997855,2.792825522411155e-05,2.1147312209162892e-07,1.604508230263473e-05,2.4523133765186298e-05,4.897675811954497e-06,0
0.5339214898473832,0.46600928848713685,2.626488636057175e-05,1.98773868964342e-07,1.50894590422137e-05,2.3062569300485474e-05,4.6059769076031855e-06,0
0.5552741262616121,0.4446557135331046,2.6882442829959928e-05,2.0344756475114436e-07,1.6649964238781383e-05,2.1710075126496015e-05,4.714275523408846e-06,0
0.6303362013681033,0.3695995609269702,2.4464382010824908e-05,1.8129478617242012e-07,1.476380644417183e-05,2.0845541342117e-05,3.982680343071221e-06,0
0.6888983474894439,0.3110392302614642,2.2315711786717185e-05,1.828136442191759e-07,1.488749519822761e-05,2.10201818757744e-05,4.0160465871560166e-06,0
0.4766955995869245,0.5232073379192782,2.1689022667792402e-05,1.6691819083125864e-07,1.366043339738187e-05,1.4452168832932032e-05,4.709395070825518e-05,0
0.555304882700739,0.4439671128041465,1.6731494375464814e-05,1.3841801472177923e-07,9.551514967487629e-06,1.2400163697237892e-05,0.0006891829040596787,0
0.6023720705960882,0.39671104463417234,2.267245939237525e-05,1.7303068233555625e-07,1.092150645846774e-05,1.591240514725474e-05,0.0008672053680588648,0
0.2617479993849502,0.7353953139499193,2.9787738463541962e-05,2.0963500044723163e-07,1.532543412633236e-05,1.7156374005014394e-05,0.0027942074835350826,1
0.2879924253281852,0.709556132259526,4.077882028216047e-05,2.1827503111126153e-07,2.427368382469789e-05,1.8168796706688817e-05,0.0023680028364442374,1
0.28572158606822423,0.7124246024526989,4.09436738084342e-05,2.1915743546546355e-07,1.592406184494962e-05,1.8242246359830413e-05,0.0017784823396281289,1
0.2746869402685117,0.7227181782801383,3.980363603985355e-05,2.1294357457943038e-07,2.369320322705438e-05,1.7734308309833653e-05,0.0025134373601986104,1
0.27663558795799525,0.7215842444116416,3.536307989295745e-05,1.8918725497852897e-07,2.104995226565447e-05,1.6298618122225248e-05,0.0017072667928273633,1
0.3880501058052298,0.6104713931882495,6.403405999088814e-05,2.8189819395598675e-07,2.6890594428832917e-05,2.2938401230893426e-05,0.0013643560526760956,1
0.4753480544348356,0.5229838654097547,6.148782418255447e-05,3.305103261340984e-07,2.7735082475975584e-05,2.6273773057219412e-05,0.001552252965367661,0
0.4929641434672832,0.5052754069592251,6.489501815202202e-05,3.4882472910772573e-07,2.9271952693959988e-05,2.766659732831675e-05,0.0016382671805883272,0
0.5783150835262064,0.4188628767550471,5.85516616850655e-05,3.0354992250580273e-07,2.868686502813374e-05,2.713658104588215e-05,0.0027073610610649657,0
0.48821899932035434,0.509539700394084,7.334201526781729e-05,3.2048616926825725e-07,4.9236173871326605e-05,2.9242166126965343e-05,0.002089159444126281,0
0.39873676631788824,0.5993613268533264,4.845068686321157e-05,3.1952275534222993e-07,3.61285737166483e-05,2.5187580422862982e-05,0.0017918204650270667,0
0.39874089070236346,0.5993675264234697,4.509795293923284e-05,3.1952606036650386e-07,2.908113490739752e-05,2.5245261309649178e-05,0.0017918389989500269,0
0.5173676311711669,0.480054786216842,5.8885305961150014e-05,4.238105124319988e-07,4.7920434724250415e-05,3.34846150572191e-05,0.0024368684457362114,0
0.5362381097579192,0.46114341222590927,6.1033089931899835e-05,4.3926858657085547e-07,4.080499276523016e-05,3.46269949995905e-05,0.002481573669888185,0
0.8957222894463919,0.093668946516513,6.0071708616535385e-05,2.6113209984433335e-07,2.4785932693716115e-05,2.5294071307684457e-05,0.010498351192377579,0
0.9671984148541611,0.019182828847520147,3.788438891499387e-05,1.7992358218550933e-07,1.7025633302294995e-05,1.940729617396733e-05,0.013544259056345338,0
0.3661247069422368,0.003774000488111648,3.064120941299844e-05,1.5388172377264016e-07,1.4002360027668195e-05,1.3509867418340949e-05,0.6300429852510688,0
0.025700042480606207,0.0004818185115983696,1.53138230668216e-06,1.3652301126370219e-08,1.444040975696194e-06,7.982053791912223e-07,0.9738143517268328,6
0.025038334873650328,0.0011387360569522702,1.5012488512496674e-06,1.2302219387894071e-08,1.1969297763982058e-06,6.148396882043409e-07,0.9738196037488621,6
0.05228662017279902,0.001581872796000394,2.868729059513806e-06,2.2718722808446524e-08,1.5379371304049183e-06,1.1354351607232438e-06,0.9461259422111272,6
0.7611003633346188,0.020605549926490586,4.3350364017325414e-05,5.259639336584626e-07,2.2329713538964052e-05,1.6717586894191993e-05,0.2182111631105066,0
0.8356464276694514,0.02178936181517575,3.981191242957045e-05,3.778641206263219e-07,2.931219384352157e-05,1.991386463448434e-05,0.14247479468034457,0
0.8030483662344264,0.04553668389176406,3.484159772918937e-05,2.4347029028016387e-07,2.1344765953258228e-05,2.061753108693542e-05,0.15133790250874973,0
0.49329432061411166,0.008320175093751075,4.058597048544698e-05,2.077949119847158e-07,2.276221730498541e-05,1.822715382797653e-05,0.4983037211556068,0
0.12517217709439127,0.0031866419161842305,2.4129736376187494e-05,8.05781168958804e-08,8.826671609637053e-06,7.1407776810150324e-06,0.8716010032256407,0
0.10002851469458442,0.0021225220654698756,2.1954905469692172e-05,6.962330196627438e-08,6.742227737761676e-06,5.648121318297672e-06,0.897814548362118,6
0.05100937845909043,0.00534802689507281,6.935802112759656e-05,9.46134914313193e-08,7.970359256751728e-06,7.70996665551307e-06,0.9435574616853055,6
0.008489065615362609,0.0005861640338011161,7.851363625409905e-06,1.1476454648876748e-08,1.2424119082537774e-06,9.352057653487885e-07,0.9909147298930827,6
0.5529338594590676,0.41165166124196934,9.524798015425698e-05,1.4305444710385536e-07,6.29653592767943e-05,2.1962631468279617e-05,0.035234160273616734,0
0.718231154685294,0.2668349161982353,9.700878830007675e-05,1.8305361265862141e-07,6.455855757741129e-05,3.102110345214843e-05,0.014741157613528393,0
0.8421406369851118,0.15423759733728648,3.78088858680302e-05,2.2887493201507174e-07,1.652000143156366e-05,1.3487203779165381e-05,0.0035537207115908824,0
0.7850587608024544,0.2121092289658932,0.000122592363375472,2.8558935552709616e-07,1.9758529864106838e-05,1.9625016645965472e-05,0.0026697487324111903,0
0.7851562292752209,0.21213556325275074,0.00012260758375263054,2.856248126924848e-07,1.9760982971856374e-05,1.962745317746605e-05,0.0025459258273136556,0
0.47627591776243927,0.5186454135916928,6.107290998250286e-05,2.3235142465490657e-07,1.1592002933209816e-05,1.6206121461906153e-05,0.004989565260065844,1
0.19197070090694773,0.8072102747509307,2.341680523956098e-05,1.2868665524597054e-07,7.079665956101168e-06,8.18174892423345e-06,0.0007802174353465117,1
0.2068714066758807,0.7921363109751574,2.260005245321712e-05,1.5857582830337656e-07,8.724011755174686e-06,1.0082068029126158e-05,0.0009507176408961554,1
0.2310012413182793,0.7663813328775113,3.1583700256911985e-05,1.8821384157211e-07,1.3434801559281832e-05,1.1966418684711865e-05,0.00256025266986696,1
0.26568579229834116,0.731197528750977,3.0731689378227735e-05,1.7059282943447926e-07,1.2177004580242615e-05,1.0846095082972445e-05,0.0030627535688108405,1
0.23504542661721103,0.763915680666067,2.5148256275660883e-05,1.4393313111449667e-07,1.1126286843329847e-05,1.0829337048639589e-05,0.000991644903423231,1
0.1355459058785237,0.8636133214856151,2.0798500902003946e-05,1.190378101964225e-07,9.008468778566847e-06,8.358360494288944e-06,0.0008024882678763127,1
0.1602330093242765,0.8387021195844153,4.611642270791495e-05,1.5947477587251786e-07,1.0611802097721911e-05,1.014453729140346e-05,0.000997838854435028,1
0.1743824672004841,0.8245393757523372,4.549043833861727e-05,1.5988743564429074e-07,1.0639261385924613e-05,1.0170787476867012e-05,0.0010116966725415434,1
0.27998729037362374,0.719965985376575,1.9642866977837397e-05,1.312301992555687e-07,8.937540345644388e-06,9.017825051954897e-06,8.994787226893342e-06,1
0.253062291721509,0.7469000984933407,1.3468794635450198e-05,1.3526509978936872e-07,1.1621602432831798e-05,1.0259635901800993e-05,2.1244870804235943e-06,1
0.008081467047608258,0.9918772836988177,1.7274176458555952e-05,7.989503077395235e-08,6.863025303550292e-06,5.854469750735282e-06,1.1177687030681528e-05,1
0.037545719352267234,0.9624126140473795,1.5917737522300014e-05,8.24513639366201e-08,6.8405925450016294e-06,6.041790226472803e-06,1.2784028695301323e-05,1
0.046231623905530456,0.9537223474645307,1.9265969785440984e-05,9.00654307673048e-08,7.472294997360868e-06,6.59972635226818e-06,1.2600573372939547e-05,1
0.04936653915248141,0.9505840820373953,2.236778986784805e-05,9.090124676840437e-08,7.541638625326923e-06,6.66097245791726e-06,1.271750792550214e-05,1
0.04623159542514651,0.95372175993642,1.8881844780277596e-05,9.006537528368056e-08,7.736663263758035e-06,7.335499403370107e-06,1.2600565610522021e-05,1
0.03400196253899919,0.9659559184668061,1.9677446435500213e-05,9.386035201862304e-08,8.205109943300339e-06,7.644586546873253e-06,6.497990917236207e-06,1
0.03298001800720618,0.9669827516502048,1.8767724673298154e-05,8.917368333744348e-08,7.342020299440229e-06,6.613611483129237e-06,4.417812449592146e-06,1
0.032980018458687865,0.9669827648877659,1.8767724930219903e-05,7.548413214598043e-08,7.3420203999492005e-06,6.613611573666618e-06,4.417812510070022e-06,1
0.028341959776358186,0.9716176177814309,1.2506290227286828e-05,3.275342282123048e-08,5.141792728013661e-06,5.717753050671165e-06,1.702385278199457e-05,1
0.010252068021622538,0.9897307842515075,8.15707160441395e-06,3.817325251620389e-08,3.801286251036388e-06,2.8635602056550508e-06,2.2876355563980396e-06,1
0.00943867416886076,0.9905464415659647,5.320439577726379e-06,2.7708965780000893e-08,3.141288559000459e-06,2.430548355887381e-06,3.964279716242037e-06,1
0.009907075288926714,0.9900774819503313,5.558911600687889e-06,2.895093329550308e-08,3.1734420170352334e-06,2.5394900654710704e-06,4.141966125364179e-06,1
0.009246725276671655,0.9907390474515152,4.8040660493301305e-06,5.550786151052743e-08,3.2627949147780157e-06,2.3464481718689157e-06,3.7584548157148354e-06,1
0.0016343589749473304,0.998352776886995,4.146191827586021e-06,2.9911695067567046e-08,3.535233239255631e-06,2.2780872712333118e-06,2.874714024568012e-06,1
0.002108273118235919,0.9978562076856969,4.412502629180012e-06,3.549232552220291e-08,7.716704710615245e-06,5.841352057646533e-10,2.3353912266629346e-05,1
0.003143436906519312,0.9968295186774121,5.238850126349085e-06,4.1310988135681696e-08,9.282532849508178e-06,3.4794690206998497e-06,9.00225308385171e-06,1
0.020939924743753873,0.9790319559250287,1.3275465987554925e-05,2.2265195845416905e-08,3.103012114475276e-06,3.0352767577536385e-06,8.683311161805741e-06,1
0.04101304208468808,0.9589570672802362,1.845035396065312e-05,3.0944355907077756e-08,4.288705577007041e-06,4.2184530924637345e-06,2.9021780893742725e-06,1
0.0402037637739907,0.9597707145487757,1.806018175679262e-05,3.0289971304643886e-08,9.54075738681048e-34,4.590400180244915e-06,2.840805325277625e-06,1
0.03359991113076049,0.9663245594530249,1.829936512481776e-05,3.069112215969017e-08,4.956210534559457e-05,4.7588265644788644e-06,2.8784280576927127e-06,1
0.028398754376871733,0.9715351961099835,1.6748276685276734e-05,2.808968519978853e-08,4.228324014887543e-05,4.355459517611581e-06,2.6344471078682495e-06,1
0.0342433488770774,0.9657171227482796,1.5383791796698118e-05,3.615944010706328e-08,1.3915470890656803e-05,5.457533678382973e-06,4.7354188368002265e-06,1
0.04394784108015681,0.9560016200084295,2.001564089455685e-05,4.64069484873436e-08,1.7859085729419135e-05,6.540351382808041e-06,6.077426458338831e-06,1
0.0633450125792025,0.9366147994566073,2.0580434952759535e-05,4.837409494916238e-08,9.210487388596958e-06,6.5676147663928065e-06,3.7810529877901444e-06,1
0.035468981319338594,0.9644865054643716,1.4323576706318476e-05,1.1805853410625315e-07,1.647782926277734e-05,9.537471329542798e-06,4.05628045686967e-06,1
0.07837144768181523,0.9210655580646837,3.81923525465242e-05,6.95495384793025e-08,0.0005061890203741503,1.0155780172391558e-05,8.387550869801493e-06,1
0.08321765003711257,0.9160011015696808,3.724498176614295e-05,1.2239994107091874e-07,0.0007285730581080847,1.0052414308182967e-05,5.2555390832053304e-06,1
0.09531657007100508,0.8978321047102413,2.443069215852743e-05,1.801667262720994e-07,0.006804662711490192,1.4480858414737306e-05,7.570789963866013e-06,1
0.10047934523650362,0.8939710455651048,2.57539685905059e-05,1.899253684405477e-07,0.005500065989542889,1.56184568092229e-05,7.980858080873749e-06,1
0.06065586643083322,0.9369094234448483,0.00014334789396173571,1.1086405618190543e-07,0.002239605851781321,4.6986893578042534e-05,4.658620941071214e-06,1
0.038468904207869574,0.9592520311963411,0.0007022191421563976,8.7854401860489e-08,0.0014381960640451746,0.00013546648138808827,3.095053797980079e-06,1
0.02643274617779072,0.9719019256112283,0.0005523024201098969,9.348857725515814e-08,0.0009898364822234118,0.0001198022779145173,3.293542155813855e-06,1
0.03699773651397712,0.4279837862644807,0.4785039699109051,1.5956245648839872e-07,0.052627921481356636,0.003871512113365614,1.4914153458265985e-05,2
0.03356966912343792,0.48324484909632176,0.41921660194777605,1.8928981383983074e-07,0.05198239785636353,0.011969326564847204,1.6966121439628508e-05,2
0.003117009735496433,0.08873182817066412,0.6434210761137706,8.502500909719638e-08,0.004654722141088749,0.26006826552542817,7.013288542767688e-06,2
0.0028246326272484768,0.07559348700417896,0.18161231063080177,6.810579905205618e-08,0.005466987143978954,0.7344978826357796,4.6318522131716985e-06,2
0.0026029701810468724,0.04906076630129377,0.07408018535340938,5.0229035175344695e-08,0.046444455836026625,0.8278081560396018,3.4160595864174915e-06,5
0.0033598381018285577,0.13063666474941177,0.010447905703891775,4.3475233604864324e-08,0.0008326010681432234,0.8547188323310939,4.1145703970781e-06,5
0.0009888350340636737,0.1055090103357224,0.030688611935830386,7.802880422186835e-08,0.003678541555548128,0.8591333057854033,1.6173246278153216e-06,5
0.0008977400168572901,0.08596231577964104,0.029862759748262777,6.410554764778809e-08,0.00736955578544491,0.8759062192497011,1.3453145452221484e-06,5
0.009867992771132464,0.43306771716829173,0.03699359542760536,1.7807476256793212e-07,0.0056738092228679595,0.5143934732877203,3.234047619653884e-06,5
0.0074425354563425845,0.32813424427809856,0.03722718477461881,1.3430570583398644e-07,0.003958494315736982,0.6232349677195468,2.4391499502499232e-06,5
0.006151875403681204,0.48054141256290933,0.05918616881791925,2.1858202705016646e-07,0.42330679799344323,0.030810222087903398,3.304552116385751e-06,4
0.004042626669688899,0.701452093605296,0.27081156848957605,2.9651051587215045e-07,0.007392408407643399,0.01629652363191919,4.482685360636102e-06,1
0.00023179549609445195,0.028607465402040528,0.9610507470278392,4.058678454540674e-08,0.0017379571352721217,0.008371525265333066,4.690866360602414e-07,2
0.0017409557769589715,0.0974921565057749,0.6792656070226258,5.768480544146145e-08,0.16634771926616956,0.055152867915139014,6.358285262274167e-07,2
0.001985310601035001,0.10521800977292711,0.6616381882860596,6.225608951761746e-08,0.17953009327899314,0.05162764958956843,6.862153273072731e-07,2
0.0015093651208129744,0.10322420114788458,0.6879081727085078,1.1221865415151247e-07,0.13302532713473386,0.07433217247767436,6.491917323664148e-07,2
0.5986148166459607,0.021824319134748662,7.335516777997009e-06,1.0404896701775504e-07,8.478395683816276e-06,4.621142956170838e-06,0.37954032511490554,0
0.9037063125768786,0.06013945989959539,1.0127494572962513e-05,1.7472531696801718e-07,1.2488877577578165e-05,5.99308202771248e-06,0.03612544334403082,0
0.9367265717067395,0.057323255676830005,9.907827097486554e-06,1.734713725589139e-07,8.846978279260061e-06,6.817211926285783e-06,0.005924427127754859,0
0.940083975246377,0.05705624307587602,1.1674219974041393e-05,1.987879410670309e-07,9.424223532759585e-06,6.904253307967617e-06,0.0028315801929910335,0
0.918236942262852,0.07788608504841027,9.675190029691127e-06,1.839049715530102e-07,1.2469537641616855e-05,6.388270423374403e-06,0.003848255785671446,0
0.9066390674187972,0.09148645072557332,1.0410855187624629e-05,1.6367890072860202e-07,1.2291839601328191e-05,5.963018546131821e-06,0.0018456524633935615,0
0.883038828791658,0.11490395328923235,1.0056152496065e-05,1.577679844371466e-07,1.2217147317658693e-05,5.747676780554931e-06,0.0020290391745310388,0
0.8948158968635604,0.10510965571746088,9.084185188322825e-06,1.2218153992588179e-07,9.761452150852075e-06,5.33821831668901e-06,5.014138178291982e-05,0
0.8564384501464901,0.1434894843233019,1.255029327840543e-05,1.4208963272659358e-07,8.940642322703512e-06,6.5224347275125065e-06,4.391007024659732e-05,0
0.7881022632153689,0.2110190625712893,1.610363868564367e-05,2.130159840573307e-07,1.371986755691974e-05,7.672893815349986e-06,0.0008409647972995312,0
0.48554844450553847,0.5125489531395738,1.4226130335482965e-05,5.619229996244055e-43,4.210353657731453e-06,6.60666987213023e-06,0.0018775592010223713,0
0.3515992768917601,0.6453448324602777,1.0003778350748157e-05,1.3069324095901037e-07,3.2958942314187612e-06,5.43101124244675e-06,0.003037029270896461,0
0.3755503928653786,0.6208202771459427,1.068524066082824e-05,1.3959612892524756e-07,3.5204121703387366e-06,5.800974404122745e-06,0.0036091837653144058,1
0.3396055702973777,0.6559592144531908,9.173416640031112e-06,1.4501449241984068e-07,1.0168642089680694e-06,4.712528949692238e-06,0.004420167425140394,1
0.39920358196564093,0.5901953224099533,1.1457050391671866e-05,1.4455969009571468e-07,3.2410774404809657e-07,6.55232573380564e-06,0.010582617580846186,1
0.3707848947085119,0.6130427928233938,1.1940347277324403e-05,1.4604449042503143e-07,1.0082977066072194e-05,6.619625929322824e-06,0.016143523473331197,1
0.4505625830332977,0.5386556238453135,1.202727001900631e-05,1.4413061305247905e-07,2.4786876383493307e-06,6.532877348503233e-06,0.01076061015576981,1
0.4914795681039884,0.46781994072283123,1.4043522495184022e-05,1.7059991944646588e-07,1.3250958146814348e-05,7.696718609765876e-06,0.04066532937400938,1
0.3279387203445714,0.6643026651871164,1.0350412478801641e-05,1.561302115352862e-07,9.724933861839811e-06,6.873219949426288e-06,0.0077315097718107465,1
0.5333746746162966,0.4653205557210236,1.8933494491672483e-05,2.3991247621934455e-07,1.6954470159278555e-05,1.455939752137808e-05,0.00125408238803133,1
0.5185686988709289,0.480245463722691,1.9621382911112933e-05,2.2668664499431295e-07,1.601979361146344e-05,1.3756770924419288e-05,0.0011362127722881258,1
0.7204765636805157,0.2776768207260467,1.5103331079236574e-05,1.873631063927113e-07,1.3435057023303603e-05,1.131011139863074e-05,0.0018065797308298465,0
0.6394869218809052,0.36046953398610915,1.4893931543368342e-05,1.847654180210778e-07,1.4007167417186847e-05,9.770728149961377e-06,4.687540457031995e-06,0
0.6760061089668828,0.32395113997623737,1.5039579640836829e-05,1.8657224327298527e-07,1.287979630031818e-05,9.852661369855008e-06,4.7924473253828365e-06,0
0.6951003505203905,0.30486009403516084,1.371737646128445e-05,1.7508287576275246e-07,9.934485781807844e-06,8.729060239097916e-06,6.9994390905397976e-06,0
0.5200763713179286,0.47988413328216495,1.418835298594332e-05,1.6211665747631227e-07,1.1779426553834753e-05,9.855001645387939e-06,3.5105020639896937e-06,0
0.5058703307309833,0.4936799475994603,1.576866356770826e-05,1.9924729217488992e-07,0.00041371354212780653,9.685382918958028e-06,1.035483364958625e-05,0
0.030631207206177027,0.4654100954659044,0.001133929695584731,1.8006747862720863e-08,0.5013152923703869,0.0014987716258354291,1.0685629363754192e-05,1
0.5525713538506575,0.4252381523484728,0.006004218208432879,3.407908178667797e-07,0.01040057808561181,0.005759079588904354,2.627712710261891e-05,0
0.6086474487365297,0.3741234885242044,0.0007718362976679204,2.606623407001228e-07,0.01251033806027729,0.0039353729891904495,1.125472978964012e-05,0
0.5650557667895169,0.42515205180721105,0.000301298371900036,2.743484829181305e-07,0.008354630425649826,0.001127245910926046,8.7323463131887e-06,0
0.4750078034569732,0.5050208929954367,0.0008440795169466606,2.402197747880198e-07,0.01836050479545686,0.000758807820721167,7.671194690600892e-06,0
0.3469556306245229,0.6412504171956724,0.0007898607847907304,3.176249604042386e-220,0.010508826445942138,0.0004858892038095295,9.375745262284273e-06,1
0.13853234659447197,0.8515768282760725,0.00032806814660631497,1.812020214780769e-07,0.009388463674937281,0.00015308972430101933,2.1022381589463386e-05,0
0.7032166310543115,0.25037966725154426,5.9316242085694826e-05,1.5196173694933353e-136,0.046276667733118323,2.9858083888978905e-05,3.7859635051102e-05,0
0.8830862996223541,0.11357708580302227,3.710225852498876e-05,3.761825500325525e-07,0.0032155662928035652,2.5042730634951485e-05,5.8527110110188203e-05,0
0.8397472490893885,0.15992013739666938,1.4648715669569137e-05,1.3836643192103248e-07,0.0003016143695669781,9.211148372559873e-06,7.000913901305173e-06,0
0.8032375048660456,0.19630010179369176,1.6814330989676458e-05,1.5704665240076165e-07,0.0004257269828035031,1.0176521098008021e-05,9.51845871906455e-06,0
0.5623705152150623,0.43756025656556646,2.3914031420834845e-05,2.018484907413119e-07,1.8912376407407557e-05,2.152519180488228e-05,4.674771247548424e-06,0
0.6072680015190864,0.3926570797094898,2.8391283359706e-05,2.0037735880597937e-07,1.639870136790249e-05,2.528527645308284e-05,4.643132883993033e-06,0
0.7069834816217476,0.2929458508812444,2.4812632013027083e-05,1.913789951331202e-07,1.403166163915615e-05,2.414978831984554e-05,7.482036040719919e-06,0
0.6936686274229149,0.30627070209259977,2.259394688321711e-05,1.702641009987305e-07,1.494796734710161e-05,1.901295598556794e-05,3.945350168409976e-06,0
0.6164573278938925,0.38348475269583454,2.1606434832159774e-05,1.6019154423707695e-07,1.4063669079340825e-05,1.8377165367380593e-05,3.7119494498627036e-06,0
0.5711913707418979,0.428752624932332,2.0698842141899622e-05,1.5938129316393102e-07,1.2972472750674989e-05,1.8482390259665865e-05,3.6912393248196774e-06,0
0.5071951275155322,0.49273954563888717,1.9631602704924152e-05,1.511635387400555e-07,1.3264121565267574e-05,1.4222906898176167e-05,1.805705087345968e-05,0
0.5353036832022686,0.46388286840296616,1.8714707623113812e-05,1.5482494373536774e-07,9.835928198900361e-06,1.386997675550485e-05,0.0007708729572439675,0
0.4865572884915087,0.5126271652894302,2.196932873288025e-05,1.5461194693848873e-07,9.75893612769962e-06,1.3850895459232862e-05,0.0007698124467943456,0
0.4238871383781186,0.5751930789031473,2.799939473478594e-05,1.9651725085102876e-07,1.223248254620617e-05,1.8091309619653907e-05,0.0008612630145825697,1
0.4065197297124941,0.5921160689626463,2.893980913792827e-05,1.7497991488012486e-07,1.1285919142692136e-05,1.5050986996748318e-05,0.0013087496296673002,1
0.3552757345471398,0.6428584000558814,3.898625093135007e-05,2.2006546977665675e-07,1.6416291786439056e-05,1.414805940011894e-05,0.0017960947293912837,1
0.5313258519102612,0.46676615256960147,6.994504825814648e-05,3.759697308955069e-07,4.210033005564902e-05,2.9819569211531625e-05,0.0017657546028811422,0
0.49480529909282317,0.5030938724108927,7.766407453392105e-05,4.1178572439543327e-07,5.612673398907646e-05,3.2660269962911145e-05,0.0019339656320738962,0
0.44773805587738563,0.5502337840262802,6.967723427693397e-05,3.686985908491465e-07,4.0450696567681e-05,2.9309532370122402e-05,0.0018883539345285424,0
0.49172926174744885,0.5058939133735798,5.424015153884425e-05,3.9037831327959875e-07,3.197274836953635e-05,3.0843188555761034e-05,0.002259378412193969,0
0.9608017193186912,0.02687136243001229,4.948321287987627e-05,2.151038414580641e-07,1.8880666893842814e-05,2.3201983356637367e-05,0.01223513728432476,0
0.9860691743997305,0.007098459250553194,5.655734580286848e-05,2.498172692007519e-07,2.8146409638169856e-05,2.3467013084573587e-05,0.006723945763921347,0
0.7467900973963739,0.006429992531331759,5.140475766959409e-05,2.4347641247646785e-07,2.0764242874323297e-05,2.5052373631559485e-05,0.24668244522170638,0
0.7400512448132066,0.005983836716941568,5.039679793270899e-05,2.3418979802565656e-07,2.0357091440622423e-05,2.4561139257956936e-05,0.2538693692514223,0
0.39101446265871875,0.04847874795768679,1.1662910552767976e-05,1.2579653921915524e-07,4.894453245477975e-06,5.703556022241227e-06,0.5604844026672346,6
0.26248625130257003,0.023151898030807538,1.0214571161159705e-05,1.262037596814282e-07,5.217093469295675e-06,5.261125362439019e-06,0.71434103167287,0
0.8303078213010175,0.08788024281739959,2.7110811868266513e-05,3.3384474239403197e-07,1.680781748737621e-05,1.634880928429017e-05,0.08175133459820072,0
0.8380623502233288,0.10955503147254432,2.5587063849187433e-05,4.7390572767996496e-07,1.9190465459883172e-05,1.6577734062839597e-05,0.05232078913502754,0
0.9001552861623219,0.08834388295456974,2.639436645473415e-05,3.875089466264242e-07,1.9946830052656737e-05,1.3548379000378288e-05,0.01144055379865419,0
0.8658375456173892,0.12310549252459338,2.585482798999984e-05,3.795877115214941e-07,1.953908842031321e-05,1.3578542973533505e-05,0.010997609810922107,0
0.8535587707617524,0.018698408303232945,4.069503605897998e-05,3.8624605239665545e-07,2.7090007231562262e-05,2.035560187689105e-05,0.1276542940437949,0
0.8530805458470524,0.031200796432800496,2.9751431985843998e-05,2.488694372654221e-07,1.928885919804775e-05,1.0962764463309103e-05,0.11565840579506294,0
0.8707146309603496,0.03227625271399365,2.9866287603859322e-05,2.498301995250621e-07,1.936332397826594e-05,1.1005086294681418e-05,0.09694863179758068,0
0.9385366440731465,0.055153262264774426,1.369301079758227e-05,1.7357417042925186e-07,8.526670053047055e-06,7.333062474882065e-06,0.0062803673445831695,0
0.946773276611614,0.04754394283685231,1.634106477814278e-05,1.6573621063878965e-07,8.141637551626796e-06,7.1448183299680465e-06,0.0056509872946633195,0
0.9518879342555632,0.033650888148804514,2.7858795120702867e-05,5.095653154202099e-306,1.2279752374066347e-05,8.596919031437803e-06,0.014412442129106164,0
0.9656064627477511,0.023533704403233147,2.713427928593597e-05,1.3838129870958275e-217,1.5211490860791082e-05,8.373341380591844e-06,0.010809113737488406,0
0.9695773770970426,0.019518130590946203,2.724586501276261e-05,2.1392032614252204e-193,1.5274045876383404e-05,8.407775513670338e-06,0.010853564625608166,0
0.9735477689717307,0.01881815728124305,2.7439340134859964e-05,5.0189306286082406e-306,1.5382508128892898e-05,8.46747981717887e-06,0.007582784418945443,0
0.8312676937521548,0.017347785436375752,3.80032007804393e-05,2.4974487729373363e-07,2.4992737744479063e-05,1.6105558139980034e-05,0.1513051695699272,0
0.4693237644295473,0.01147525650876418,3.488886990389149e-05,1.9540252686856092e-07,1.6543360858413738e-05,1.6547068310295936e-05,0.5191328043600891,6
0.7921340829711943,0.012662370604879186,5.0831229832773806e-05,2.6024931282506865e-07,2.2815763949495522e-05,2.282829840817577e-05,0.19510681088242351,0
0.7705529642222249,0.014837955178955376,5.78162007772005e-05,2.9601145933166476e-07,3.242561185794965e-05,2.5965247909818555e-05,0.21449257752681553,0
0.07471646090855993,0.0016520470265039677,1.8234834222766165e-05,5.2935359404354824e-08,6.111338132229916e-06,4.691095393300894e-06,0.9236024018618284,6
0.12798488028891622,0.0030262770632261877,2.6647858302371302e-05,8.898705762207763e-08,1.0638229372267159e-05,7.885972264504675e-06,0.8689435816008607,6
0.06579695914547112,0.0019565628492665137,1.6727882279845015e-05,5.049169277367561e-08,5.612703183855795e-06,4.454920847082911e-06,0.9322196320072587,6
0.16671585269299163,0.006323356009746815,0.00011546286043537258,1.5619712129967064e-07,1.3211442607160865e-05,1.3781392021283676e-05,0.8268181794050764,6
0.06992090569183561,0.012433714023777487,7.1459115558372e-05,9.66692501705838e-08,8.97173354245623e-06,9.4389053280635e-06,0.9175554138607078,6
0.006674440192181439,0.0007288675987300793,7.864610712227364e-06,1.149581811213532e-08,1.24450814773483e-06,9.367836762132999e-07,0.9925866348107343,6
0.10263623444654901,0.006221062243934443,2.4607436452628186e-05,3.9342501143678824e-08,4.185173168548292e-06,2.8844125179912567e-06,0.8911109869448762,6
0.7776075049747008,0.2110741089578258,0.00010011078089868358,1.7048996586261954e-07,3.835905470829479e-05,2.6174707358533937e-05,0.01115357103454203,0
0.8115667228500593,0.18095692100951266,0.00010167553152267714,1.7315475658818715e-07,3.895861405896398e-05,2.6583823033233992e-05,0.007308965017056589,0
0.8277763159578053,0.17009995165115724,4.5851590302576106e-05,2.511335981676471e-07,1.7374704635324806e-05,1.7257299507206845e-05,0.0020429976629943248,0
0.7294470611151204,0.2633514558227104,4.3755119661986934e-05,2.681251754007649e-07,1.3247845449997626e-05,1.8424920007017477e-05,0.007125787051874942,0
0.2598851854912057,0.7393108873387126,2.690352859347256e-05,1.601372882802685e-07,9.340240850513428e-06,1.0186681146377846e-05,0.0007573365822030397,1
0.3623331440294881,0.6360107672725681,3.438802866080737e-05,1.8578013857211653e-07,1.3275914411900104e-05,1.4091694733827768e-05,0.0015941472799986776,1
0.2550772622555985,0.7439177140824552,2.276092845979193e-05,1.4629108776716398e-07,1.0454012874291877e-05,1.1006746566101582e-05,0.0009606556829582091,1
0.3007223741506963,0.6988586731640365,3.61870403147268e-05,1.782974581959223e-07,1.2175755032522092e-05,1.225217438013484e-05,0.0003581594180818099,1
0.3254996221942633,0.6744259024297766,1.946090452730322e-05,1.5807920334801438e-07,1.0766113788936036e-05,1.0862824321165574e-05,3.322745411922122e-05,1
0.028910143221825224,0.9710372269018335,1.9431535818848e-05,1.4506926617143722e-07,1.3141113384761024e-05,9.968812591694558e-06,9.943345280093841e-06,1
0.017306941520687555,0.9826470728199387,2.1813197233129988e-05,1.1862489216529113e-07,1.0677971926663517e-05,8.151618533096271e-06,5.224246788665845e-06,1
0.017417075237951756,0.9825328681732186,2.5766249710187315e-05,1.1437904646404134e-07,1.0295783834642172e-05,8.842916728313541e-06,5.037259509983917e-06,1
0.0071861798270298,0.9927750445925742,2.0303038588463193e-05,8.052267142039034e-08,6.916939966281055e-06,5.900461386802115e-06,5.574617783422297e-06,1
0.006719223199644867,0.9932394839671547,1.752924578136331e-05,7.997253356705606e-08,6.6349359283397505e-06,5.860148924438945e-06,1.1188530032516872e-05,1
0.03644645114980171,0.9635064651239195,2.132815458629192e-05,8.667623643719969e-08,7.191109867592726e-06,6.351376292286316e-06,1.2126409296136585e-05,1
0.03400879433511738,0.9659473500045466,1.835644093863106e-05,8.581352399616855e-08,7.119534771550237e-06,6.288159295676228e-06,1.2005711806318895e-05,1
0.04399525862744127,0.9559637194013378,1.9164931566070646e-05,9.141568389478266e-08,7.991401276119871e-06,7.445477160970145e-06,6.328745533826419e-06,1
0.03320875841735602,0.966753176886555,1.6970697130048877e-05,3.537579721207066e-08,5.618688670447796e-06,5.59472844365576e-06,9.845206047462073e-06,1
0.027203108471505325,0.9727540844116639,1.4077886813259219e-05,3.6869365003065046e-08,5.6101532140334425e-06,6.436271572995389e-06,1.664593586573302e-05,1
0.0228994799234242,0.977074536702107,1.2094838125324773e-05,6.178719635375579e-08,3.626421970028351e-34,5.529641191083448e-06,8.29710795636701e-06,1
0.020017539919372187,0.9799486181920214,1.461697132695492e-05,5.943389437688909e-08,7.145178376186879e-06,4.818775835567566e-06,7.201529173508049e-06,1
0.013288293185648796,0.986678899668084,1.2746059302494884e-05,5.185376980297426e-08,9.839668103542135e-06,3.889801940716597e-06,6.2797631507226165e-06,1
0.012225899950926482,0.987749005690412,1.0267542937464947e-05,4.804978162269965e-08,5.677457873116185e-06,3.2822278140716746e-06,5.8190802555148274e-06,1
0.010710276424107537,0.9892699801230421,8.52164573140289e-06,3.3757270254246484e-08,3.6343319302116414e-06,2.724116452361436e-06,4.829601465717568e-06,1
0.011420590073124773,0.9885643243521929,5.143685924390998e-06,3.081539459669621e-08,2.7993265017704607e-06,2.7030350850221663e-06,4.408711776454963e-06,1
0.011420590073124773,0.9885643243521929,5.143685924390998e-06,3.081539459669621e-08,2.7993265017704607e-06,2.7030350850221663e-06,4.408711776454963e-06,1
0.00980183094069805,0.9901775468816003,5.470553411351853e-06,6.6669796696496e-09,4.9985526931964855e-06,3.668357609597616e-06,6.478047007889088e-06,1
0.012120629355086053,0.9878468469999188,6.590056241551739e-06,2.9380302051256762e-08,6.026947808356583e-06,4.419056198447512e-06,1.5458204444735487e-05,1
0.028399793605811942,0.9715707486373525,1.6748889574616843e-05,2.80907131185977e-08,6.128183118560905e-06,3.918049915906615e-06,2.6345435132823602e-06,1
0.02895999090166383,0.9710131566612972,1.3010248269371135e-05,3.058045111968579e-08,5.6549887636466885e-06,4.1518218076776465e-06,4.004797746902099e-06,1
0.040359831463100175,0.9596044307805675,1.838710395519927e-05,4.411183049812747e-08,5.6208610680011796e-06,5.592279154068764e-06,6.09340032480601e-06,1
0.04035982343598378,0.9596042399260424,1.838710029821116e-05,4.413211239252972e-08,5.819728408910634e-06,5.592278041827357e-06,6.093399112897241e-06,1
0.025338589592509668,0.9745110341837178,1.1023704863020825e-05,5.531271158348066e-08,8.829250865148087e-06,0.00012176373417486777,8.704221157843332e-06,1
0.03123251439084535,0.9687278749127876,1.3614489307671031e-05,9.708321645374128e-08,1.3183364038455184e-05,8.860285153117071e-06,3.8554746514260205e-06,1
0.03568320717630126,0.9642651379329142,1.449124079242405e-05,1.0333522137635408e-07,1.4032351740714607e-05,9.430873442385733e-06,1.3597089587659574e-05,1
0.03480560427461609,0.9651539543582701,1.4175185398029264e-05,1.0108146998164566e-07,1.3253070268930487e-05,9.225185160200896e-06,3.6868448166563886e-06,1
0.0282554600930118,0.9717063164241466,1.5038610401351284e-05,1.0544068023071873e-07,1.127448602718321e-05,8.52710316617764e-06,3.2778425668069507e-06,1
0.03637451841547293,0.9635596777342607,1.328739881468592e-05,3.855425343613631e-09,3.90960981086509e-05,8.715359704598698e-06,4.7011382131643415e-06,1
0.11750968806904225,0.8820232272774207,4.26849711049511e-05,7.15898968969257e-08,0.0004052407601609336,1.0453717901603613e-05,8.633614472733021e-06,1
0.09337444044598976,0.9044872580705132,2.631961962842448e-05,1.9409682191607419e-07,0.00208767012516869,1.596149505879506e-05,8.156146819037054e-06,1
0.056323226399199545,0.9422411489268822,1.6576364926788083e-05,1.1707871224639476e-07,0.0014021784256207266,9.095890117984967e-06,7.656914540469992e-06,1
0.06187707686459334,0.935984477776368,1.65595043035492e-05,1.1695962582031771e-07,0.0021080055535031257,8.848578599278482e-06,4.914763006797834e-06,1
0.03461500502783195,0.9633581205298756,2.5212304084597284e-05,9.063020345636565e-08,0.0019934563304176973,4.819419101783108e-06,3.2957584847148162e-06,1
0.0249278808393638,0.97324083943518,0.00046643108139289026,8.646101595729967e-08,0.001307129779045684,5.458643828843999e-05,3.045965713144371e-06,1
0.01602167518897547,0.9817462367195935,0.0011806822425244202,4.5397954472573934e-08,0.0008818052454802001,0.00016344496876194266,6.110236709934745e-06,1
0.03821571327296894,0.9379686243293673,0.021556558594308665,1.3746584899170834e-07,0.0016388938347332343,0.0006159484475502183,4.124055222837274e-06,1
0.03665592319311857,0.9042975324598621,0.055998902893886406,1.3388097368561215e-07,0.0023226805057058168,0.0007208105595696583,4.016506883829683e-06,1
0.03940802610046555,0.9339831595185998,0.018282891624863996,1.6038162925590217e-07,0.007160249502264345,0.0011607013302512284,4.811541925732042e-06,1
0.03934165394240938,0.7753853816627347,0.14949848907721136,2.4032538945509713e-07,0.03462576501732055,0.001141858314065423,6.611660869371502e-06,1
0.04457005496501395,0.6677196438383287,0.2154727492207224,2.238925111111858e-07,0.07101673255144102,0.0012144359607531598,6.159571229721169e-06,1
0.06413270114179971,0.35751502488018083,0.33849283052044926,2.2104297951549131e-07,0.22479978497007697,0.015010776132466036,4.866131204741954e-05,2
0.0031977620631073126,0.06687955828357464,0.10416274955301083,6.305196870563212e-08,0.00375480297409862,0.8220007759313085,4.2881429314233645e-06,5
0.004054882700294664,0.11984077704941416,0.010289296956405828,3.988241576440891e-08,0.0011342806730538692,0.864676122731946,4.60000646959273e-06,5
0.003849647747894073,0.13025879017781958,0.010213851479894807,4.42081720296952e-08,0.0010765649141765417,0.8545983244844303,2.776987612750567e-06,5
0.0014797635070176252,0.10920479555278059,0.047284494229285746,8.661601823253983e-08,0.006438844642877337,0.8355870671117035,4.948340316977001e-06,5
0.0010994689463331587,0.09067548413845457,0.09110048962262615,7.968175524494375e-08,0.012140669866883773,0.8049821561581458,1.6515858012992943e-06,5
0.0098728169892042,0.66506460337586,0.04893602307913414,2.0858920455673267e-07,0.004726937819995676,0.2713955965176231,3.8136289782047885e-06,5
0.010152472308520025,0.7428681802949908,0.11192784600203433,3.2563623342747613e-07,0.09883915512666709,0.03620709761972752,4.923011827032241e-06,1
0.002348872215264872,0.20353966017724895,0.4431283429782711,1.145584463329814e-07,0.27201864945331133,0.07896270051123938,1.6601062178743682e-06,1
0.0023165994211261543,0.17111865142875543,0.4114194448196562,9.631089503245818e-08,0.32344677018852536,0.0916973247063076,1.1131247343869644e-06,1
0.0027402482819818643,0.14535259865415284,0.42049645751547887,8.081741486714869e-08,0.36356603115135455,0.06784364952264002,9.340569769133408e-07,1
0.0023065733103996983,0.12055365597661234,0.57239131708027,7.132998632413919e-08,0.23054194111867393,0.07420565495205564,7.862320022267231e-07,2
0.002140900903063855,0.12636703472758218,0.5822024056297161,1.3449351800145018e-07,0.2089996239983705,0.08028907422920523,8.260185443315246e-07,2
0.7214478918434962,0.02626887420393381,8.61418697886094e-06,1.2218597325504505e-07,1.041479223607009e-05,5.426664635258505e-06,0.2522586561227465,0
0.9294053669420542,0.062121076834946325,1.0461199178756503e-05,1.8048257929987804e-07,1.2407588760228057e-05,6.190556246152255e-06,0.008444316396234984,0
0.9133657929311277,0.08498371212402203,9.911743248970249e-06,2.0265627088921306e-07,1.2774411164823593e-05,5.773624798783947e-06,0.0016218325093666974,0
0.9263092756534834,0.07302813848317877,8.454405781484398e-06,1.221657498402959e-07,1.0254510015503605e-05,5.607855506278739e-06,0.000638146926284813,0
0.9363416042872769,0.06301029146668606,7.863241847810307e-06,1.528939343189881e-07,1.0036233459742039e-05,5.488487210449059e-06,0.000624563389584504,0
0.9335747775508708,0.06634426132420802,8.636758030810056e-06,1.5187821871630964e-07,1.0365528822115983e-05,5.452025711046974e-06,5.6354934138520696e-05,0
0.8359850783150397,0.1639064526448574,1.3836152821185042e-05,1.5664764393147235e-07,1.1788030513451166e-05,6.592505798366686e-06,7.609570332620127e-05,0
0.801125965020922,0.1978971609461788,1.631305490704787e-05,2.157861034912542e-07,1.122406546285379e-05,7.772674272513294e-06,0.0009413484521529034,0
0.4585083138952529,0.5394425622611727,1.4972579989144073e-05,5.914072809125966e-43,4.279849350886758e-06,6.953323974237292e-06,0.0020229180902601993,0
0.3038181260266852,0.6935154832302618,8.501418798674226e-06,1.518776078678781e-154,1.4570502233066784e-06,4.408544266594015e-06,0.0026520237297642585,1
0.3248474585052746,0.6714031840083527,8.734478265589812e-06,1.8766451634069306e-07,6.366113327927869e-06,5.898199723169719e-06,0.003728171030539695,1
0.3194622625681019,0.676695946375783,8.803333342486018e-06,1.8914390117747643e-07,6.566882883330776e-06,5.9446960316084235e-06,0.003820286999956512,1
0.5138946608993472,0.48473145207572654,1.5395285316960814e-05,1.9507867520810309e-07,1.370664807671373e-05,1.1838600580746137e-05,0.0013327514122764563,1
0.5422364452864098,0.45624150168642136,1.7384922013579185e-05,2.0166374435428886e-07,1.4670632469850732e-05,1.2238223980562264e-05,0.0014775575849605247,0
0.731587027596004,0.2682938216287565,1.6258560234712367e-05,1.8327679955418382e-07,1.383138943831595e-05,9.280055340802107e-06,7.959749342612608e-05,0
0.6507510106513862,0.3492008766141238,1.481150620515836e-05,1.8374289740417075e-07,1.415888810603058e-05,1.0058060840465415e-05,8.900536440767849e-06,0
0.5826740954654931,0.4172783292893739,1.6117815788126777e-05,1.9994821132409191e-07,1.5611128164642927e-05,1.0573621610813895e-05,5.072731358126454e-06,0
0.4968344032651956,0.5031170636410788,1.699374051262918e-05,2.122613801047231e-07,1.5494202483904102e-05,1.0668930684913983e-05,5.163958664025889e-06,0
0.5240823257082763,0.4758722446526325,1.6652072702141984e-05,1.892095851508077e-07,1.3796130519765782e-05,9.991936301553726e-06,4.80028998257386e-06,0
0.5546655176111894,0.4452873969475959,1.725900108399107e-05,1.9610582379929403e-07,1.4298966612420071e-05,1.0356118577208879e-05,4.975249117309992e-06,0
0.6359331729910052,0.36402391979852633,1.530717023243092e-05,1.89891815903652e-07,1.2436139331930043e-05,1.009629250358008e-05,4.877716584604722e-06,0
0.6086989249686635,0.3912614766643531,1.4146559614818444e-05,1.7549395827294793e-07,1.1493214210462053e-05,9.330777774192023e-06,4.4523214256213425e-06,0
0.6155565326965255,0.38440023043747645,1.58576223556999e-05,1.9672040353078315e-07,1.167004263894698e-05,1.0459359325295158e-05,5.05312127468986e-06,0
0.5092835053623138,0.4906755107841838,1.4859678272512787e-05,1.896627399709941e-07,1.1545801684791203e-05,1.0151649603952334e-05,4.23706120131167e-06,0
0.4481907366252691,0.5517685094993924,1.4753421483095784e-05,1.8830652259860131e-07,1.1526325579887975e-05,1.0079058416281892e-05,4.206763336744337e-06,0
0.5836299940590852,0.4163265082456692,1.3008521384232012e-05,1.203255219321764e-07,1.6144547453577547e-05,8.078953108835463e-06,6.1453477769828885e-06,0
0.6290121921852571,0.3687035154036557,5.3338119610397436e-05,2.6788409574678175e-07,0.0021659046708709913,5.4729779776689214e-05,1.0051956733371604e-05,0
0.018975345985702816,0.2617599082296572,0.0017043996005392846,1.7436717053138e-08,0.7169210805619423,0.0006382963527115982,9.518327297715977e-07,4
0.036996943756139544,0.4930094707169781,0.00132397629213825,1.5968514204961496e-07,0.4670408360433417,0.0016168185115657818,1.1794994694751414e-05,1
0.5779939165966951,0.4047150511593788,0.0007704852009487847,2.2794403544997324e-07,0.014708706548181454,0.00180177166635126,9.84088440918943e-06,0
0.5312500170583062,0.46095327504157046,0.0002456132109963613,1.616040657357713e-07,0.00727072082412619,0.00027665766389483725,3.5545970401567008e-06,0
0.6973231441062557,0.24288639944506973,0.002468841501705524,1.5068818272185163e-136,0.0567285505162856,0.0005663348616887761,2.672956899456353e-05,0
0.8790745870636785,0.11950423924172972,3.557190996053392e-05,3.207779498225799e-07,0.0013173799921064962,2.4255782768834645e-05,4.3645231806207245e-05,0
0.8813044234692874,0.11563872557618853,2.468613950334937e-05,2.992069300955438e-07,0.00300555455439218,1.6131415370330923e-05,1.0179638328217978e-05,0
0.8445218895957538,0.15507482888324675,1.2998477063109914e-05,1.313024767859957e-07,0.00037463582721879943,8.50831523503976e-06,7.007599005675167e-06,0
0.7664477089310501,0.23314058624448922,1.929748072997837e-05,1.8282662905500524e-07,0.0003708031603866783,1.2170894221235135e-05,9.250462493753083e-06,0
0.9047752360558822,0.09508420220636464,1.075123474042548e-05,9.334050225449949e-08,0.00011780130962038995,6.258567593455827e-06,5.657285296721789e-06,0
0.911321039485372,0.07956334865797063,3.637831520821856e-05,2.687715016209076e-07,0.009052176036536748,1.749016761938432e-05,9.29856579156558e-06,0
0.5894801636712715,0.4037367458599463,2.6369501517764625e-05,2.45494343877174e-07,0.006734033568600935,1.4688639884183037e-05,7.753264435267993e-06,0
0.621118139365667,0.3710081072759005,2.3692935740124003e-05,2.20576096598843e-07,0.007829268414837432,1.3605957861486577e-05,6.965473896780021e-06,0
0.6083486505813898,0.39131917737791694,2.153264694484831e-05,2.016474024334391e-07,0.0002902193300753184,1.3372473196838423e-05,6.84594307407266e-06,0
0.5678192489767476,0.43211135160520076,2.1176694074422036e-05,2.067678551284355e-07,2.7924958618881848e-05,1.3712041748643202e-05,6.378955754641821e-06,0
0.46309778296980075,0.5368330209882567,2.7087704157393896e-05,2.2863615530142355e-07,2.142227080084884e-05,1.5162262551860478e-05,5.295168277096052e-06,0
0.5020672968631071,0.4978556486662865,2.6454935453249734e-05,2.2329521526198893e-07,2.1392488966365052e-05,2.381227781280139e-05,5.171473158844078e-06,0
0.49440081007817666,0.5055332881744754,2.3122210654167646e-05,1.951650577443077e-07,1.5885009734912222e-05,2.217937764408636e-05,4.519984257095506e-06,0
0.5836736969635477,0.4162495807804549,2.940587664643278e-05,2.075380609299673e-07,1.8220353790756316e-05,2.407942722865837e-05,4.809060270712212e-06,0
0.6713522950871565,0.32857530579434113,2.796983648532803e-05,1.9740291025798784e-07,1.4985399932288554e-05,2.4909935874288905e-05,4.336543300268069e-06,0
0.44483030333016,0.5550933253404906,2.6144065040929808e-05,1.700231301144516e-07,1.3907248312920589e-05,1.599739705956985e-05,2.0152595805739265e-05,0
0.7227825070177685,0.27711878636712467,2.106174969076769e-05,1.6471474394918305e-07,1.3229835311409202e-05,1.6280914513966992e-05,4.796940084677945e-05,0
0.6648873945045229,0.3342817598211637,2.241836091621618e-05,1.7383532153249964e-07,1.0621976642738003e-05,1.7182420598921918e-05,0.0007804490808340627,0
0.3865884746167583,0.6124292570290574,2.9811986867762056e-05,2.0923915524434502e-07,1.4481390704502157e-05,2.0747283178364445e-05,0.0009170184542784198,1
0.46535388218547385,0.532003860077577,3.2948803952675886e-05,1.9921965910566743e-07,1.4648737078466732e-05,1.4405782569217697e-05,0.0025800551936897348,1
0.33801561043859724,0.6594572395969083,4.074707816987857e-05,2.4583425233027815e-07,1.3598911083143314e-05,1.9432152255165357e-05,0.002453125988733815,1
0.3102625320521531,0.6876853519932538,4.3687225716864264e-05,2.634345784542029e-07,1.699110068638525e-05,2.0834299288812338e-05,0.001970339894322693,1
0.3039871660701855,0.6935053238619604,5.0696250940369975e-05,2.8539216654112955e-07,2.1289487552309115e-05,1.737639525297712e-05,0.0024178625419417946,1
0.32259922643813854,0.6747335200501786,4.9324004695242504e-05,2.1713987593858677e-07,2.0713223650887553e-05,1.7851285929431755e-05,0.002579147857531295,1
0.517349661153468,0.4808668186442745,7.819866341543921e-05,3.2802355267454455e-07,4.210400616076505e-05,2.8012472071865775e-05,0.0016348770370566217,1
0.5623480295597817,0.43567633570879155,6.739700796650067e-05,3.5819885940582927e-07,3.33756004164562e-05,2.6451482571266148e-05,0.0018480524416132208,0
0.5464899374129625,0.4512260973483732,9.273865590494511e-05,4.5676600082998496e-07,6.225758277919348e-05,3.6310412405062204e-05,0.002092201821574281,0
0.5429940094946615,0.45464948552162987,9.568407658876689e-05,4.712730908172516e-07,6.42349111138907e-05,3.7463647145121294e-05,0.0021586510757699686,0
0.462138204691517,0.5359588992730453,7.726563332309152e-05,3.8055667283725036e-07,5.1870188495396093e-05,3.0252185384004085e-05,0.0017431274715621824,0
0.644793274562914,0.35388665968743177,4.372489115282426e-05,2.3566705208205477e-07,1.977622061863769e-05,1.8734248687151706e-05,0.0012375947221435486,0
0.8440102833946521,0.0851831813139611,7.498550006664948e-05,3.848763328352867e-07,4.3867135860357014e-05,3.157374127371042e-05,0.07065572403785342,0
0.9108445108312998,0.07949045394800908,6.0779018594076774e-05,2.6420678082028595e-07,2.643360917819336e-05,2.5591894516322877e-05,0.009551966491621584,0
0.9608835744668044,0.014184045894377521,3.925052373768376e-05,1.8641173939449228e-07,1.7639588316451455e-05,2.0698480201294548e-05,0.02485460463482334,0
0.9840720632530828,0.011387312418689175,4.207570642791828e-05,1.8585097886580734e-07,1.5572076526387657e-05,2.119019910858653e-05,0.004461600495186452,0
0.9855722585132872,0.010026514666414963,5.396212633446555e-05,2.3835402545461127e-07,2.491018860921762e-05,2.4987454403457092e-05,0.0042971286969251685,0
0.9777138095025114,0.007717331245362628,6.148824082990134e-05,2.7159733530679686e-07,2.316246151718871e-05,2.7945860760123715e-05,0.014455991091683372,0
0.7857192770121297,0.006123279258264039,5.3947191345170886e-05,2.5068818582573596e-07,2.1791223891739148e-05,2.859466835091691e-05,0.20805285995783251,0
0.7108683885286685,0.010390931406684362,4.840947270141048e-05,2.2495486021967695e-07,2.525156566937184e-05,2.0895313801682195e-05,0.2786458987576146,0
0.6344604258487109,0.018926060816326636,5.110418793565356e-05,2.374769815117216e-07,2.6657195082388834e-05,2.2058452280239557e-05,0.3465134560226827,0
0.025093671200247504,0.00033282470340244427,1.7684723580934762e-06,1.4375854933024375e-08,1.2754307662335044e-06,8.449874122478425e-07,0.9745696008299585,6
0.025823316216140906,0.0004770216030070881,1.4908840682380696e-06,1.329821882844703e-08,1.0610797887315847e-06,7.770964035730583e-07,0.9736963198223725,6
0.032514286514399526,0.00175267136171297,2.2332851801945015e-06,2.186028070311627e-08,1.881300662428453e-06,1.2071661982617286e-06,0.9657276985115659,6
0.8128291263152081,0.0635301074579679,1.80100497908284e-05,2.1590213663001216e-07,6.277662420172146e-06,9.699622213527829e-06,0.12360656299026293,0
0.8480715620105022,0.08358760037595407,1.8963392593926282e-05,2.7712257035149643e-07,6.059660521653528e-06,9.69404673918628e-06,0.06830584339111855,0
0.8113881677684789,0.1805957024560609,2.5846095336729955e-05,3.794595030541429e-07,1.5357883788145984e-05,1.326694830514182e-05,0.007961279388527212,0
0.9126202908116163,0.0266394562145324,4.49468548303025e-05,4.96920838284772e-07,2.2606275028874756e-05,1.895172969573465e-05,0.060653251193458164,0
0.9198044372565718,0.025245458196788917,4.3629378346886723e-05,4.82355157971184e-07,2.1943642774835656e-05,1.8396219008981345e-05,0.05486565295135072,0
0.839314532916296,0.029257032710626532,3.293597043154935e-05,2.755079631457856e-07,2.433315467572471e-05,1.4828634983494379e-05,0.1313560611050236,0
0.8546444539916745,0.10022476504367449,1.5336877366952466e-05,1.4039808529262823e-07,1.1660328158956926e-05,6.195423847377119e-06,0.04509744793719232,0
0.8918823238517778,0.07945076472463372,1.606105472644388e-05,1.4405198763354727e-07,1.1963791701690395e-05,6.356661613915987e-06,0.02863238586355915,0
0.9136754842441642,0.07802749885596873,1.3346222095562704e-05,1.485911358004664e-07,1.1114552202091562e-05,6.542049296979378e-06,0.008265865485136461,0
0.9755612639415604,0.016790777057496698,2.5221508055666125e-05,3.710175717091187e-07,1.5414322287096562e-05,8.484992289152415e-06,0.007598467160739382,0
0.7121843534305312,0.01151871038026485,7.151742604064502e-05,2.421148369211935e-07,2.122593488489876e-05,2.1237595927866827e-05,0.2761827131175136,0
0.00682050894163486,0.0009867701939504487,8.633845017311356e-06,1.2620219303806773e-08,1.3032471235023952e-06,1.0284100982389446e-06,0.9921817427419564,6
0.03297589850357256,0.005996841285999151,1.4397308311982064e-05,2.3018493609461507e-08,2.4919238079555746e-06,1.8757559361173894e-06,0.9610084722038785,6
0.03346549875437145,0.0059938051103825525,1.4390019015107801e-05,2.3006839442593522e-08,2.490662157372659e-06,1.8748062487462687e-06,0.9605219176409854,6
0.5579037676776775,0.3897525315024841,5.7485692573978184e-05,2.1502766030943786e-07,4.440082900491178e-05,1.6683540971448812e-05,0.05222491572962783,0
0.7788667569639435,0.21075076401578607,0.00010035943158016491,1.4614485457841248e-07,3.508020141254656e-05,2.2437090541902408e-05,0.010224456151881283,0
0.7965434416885895,0.19661029342556915,0.0001040379029795578,1.5150149778843016e-07,3.529278675740692e-05,2.325947658519172e-05,0.00668352321802126,0
0.8160658905814668,0.17758539632058132,9.258152781298989e-05,1.348185587128295e-07,3.140643962634277e-05,2.0698205333979397e-05,0.006203892106619697,0
0.792331147777719,0.20449998337237105,4.768365355140721e-05,1.1497706095996171e-07,2.0523639922527657e-05,1.8588031942670655e-05,0.00308195854743248,0
0.8348179061046762,0.1620028762687751,4.587605382256855e-05,2.403979180976157e-07,1.8427087708441636e-05,1.6519569280212663e-05,0.0030981545178195256,0
0.7098780155253055,0.2856138836762837,4.655509619827383e-05,2.57568153359522e-07,1.1293805220687687e-05,1.7699466731951144e-05,0.0044322948621063705,0
0.44339086129751176,0.5537826472098748,3.738767569781725e-05,2.0590581804637595e-07,8.955969892305715e-06,1.4245559846972976e-05,0.002765696381358324,0
0.373076502940647,0.62574341399146,4.221361386407416e-05,2.4495502634130457e-07,1.5367422753219594e-05,1.4181727631729963e-05,0.0011080753486176517,1
0.48430024536670674,0.5138783174449336,4.846918854438147e-05,2.618531190918759e-07,1.8348204174518327e-05,1.9861941366304818e-05,0.0017344960011552485,1
0.49233106577639485,0.5061505739320042,5.229707493450416e-05,2.8253314326569014e-07,1.979726579803859e-05,2.143055139095741e-05,0.0014245528663340778,1
0.2742758138625731,0.7252511175622653,4.5891662172198284e-05,1.9598523384588746e-07,1.3784340644075827e-05,1.3467635968050127e-05,0.00039972895114332357,1
0.30121322481696683,0.6982769511874062,5.039881337121766e-05,2.1523350335515179e-07,1.767773022864228e-05,1.4790330957252911e-05,0.00042674188756656556,1
0.42543181979942096,0.5744643115929952,4.3552343856830236e-05,2.014812739714143e-07,1.4085570215467403e-05,1.3845310684782087e-05,3.218390155280422e-05,1
0.024869912922553576,0.9750786690983039,2.4204548093329864e-05,1.3162957620536146e-07,1.2239558402767044e-05,9.045269279605562e-06,5.79697379051031e-06,1
0.01669976176149011,0.9832555259086372,2.104792441889494e-05,1.1446317281276158e-07,1.0643342696948914e-05,7.865635144750133e-06,5.040964439017965e-06,1
0.011260078496752025,0.9886902240338534,2.3226986304581025e-05,1.0144102149447156e-07,1.0961141124130655e-05,8.15493078761315e-06,7.2529701566990245e-06,1
0.03391815271898777,0.9660378997802544,1.7891443218390085e-05,8.534121356161682e-08,7.080349449643293e-06,6.950733499886399e-06,1.193963337606354e-05,1
0.03821892654066242,0.96174364922735,1.797954731295138e-05,8.576146531312897e-08,7.061078960437416e-06,6.360542601549549e-06,5.937301647270718e-06,1
0.05247052161697413,0.947475788610199,2.3141844470289233e-05,4.823969167681875e-08,8.504901389672056e-06,8.569515149560115e-06,1.3425272125380399e-05,1
0.034795882720706196,0.9651557493713773,1.800722513100494e-05,9.199097527614176e-08,7.4903776748043836e-06,8.232726456505941e-06,1.4545587678955987e-05,1
0.014707347916650801,0.985277574031606,4.972659866634368e-06,2.2689805403780938e-51,3.132734131706813e-06,2.710534350140959e-06,4.2621233948944e-06,1
0.020010754372345566,0.9799699757219735,6.7657796451381556e-06,3.087165172568863e-51,3.4004920556768953e-06,3.3046072049354945e-06,5.7990267751333265e-06,1
0.009017075043628323,0.9909641670737451,7.2700908410213785e-06,4.517731260908066e-08,8.979349211060712e-06,8.83382879514775e-10,2.462381878788313e-06,1
0.008804692076350823,0.9911744596179626,5.5381274284315035e-06,6.749332324708556e-09,5.031692688619691e-06,3.7136703304735027e-06,6.5580659065704374e-06,1
0.011794140851566293,0.988181538263087,6.394290781680936e-06,4.5596885935068934e-08,6.021308789499547e-06,4.287782877374868e-06,7.571906012266657e-06,1
0.02850479608999682,0.9714709816224274,1.3099210071356211e-05,2.1969584942059076e-08,3.058061853078979e-06,2.9949779474251634e-06,5.048068118885948e-06,1
0.027659905724356927,0.9723120504060612,1.640065530238395e-05,2.7506665501842085e-08,4.129891934460444e-06,3.836587843154899e-06,3.6492278363309513e-06,1
0.026561249032311607,0.9734126923775682,1.2350698728085186e-05,2.903018689023295e-08,3.113711492413942e-06,3.9413467950523e-06,6.6238029177333166e-06,1
0.03172309712895086,0.9682419950556495,1.4452386532490682e-05,3.4672193433396994e-08,4.876261869568401e-06,4.395568770868783e-06,1.1148926033351042e-05,1
0.020724270919221143,0.979148393256463,8.713659032777833e-06,5.183767425115441e-08,9.468959169626718e-06,9.958978205803302e-05,9.51158638134018e-06,1
0.023004730291604034,0.9769444044921956,1.386617232209573e-05,1.1428849173469313e-07,1.604407491290833e-05,9.232904859171804e-06,1.1607775614692246e-05,1
0.06954946514110727,0.9300635260975618,3.5855593229773927e-05,6.013587818031531e-08,0.0003350595757687323,8.781176304351031e-06,7.252280149748014e-06,1
0.08028043059848564,0.9192758405700464,4.1387844723324155e-05,6.941439714797111e-08,0.0003867567775580384,1.013604653097258e-05,5.378748258708988e-06,1
0.07835282215156084,0.921193658226296,4.229573545576028e-05,1.2801737776596352e-07,0.00039524073936854283,1.0358392554799842e-05,5.496737386406579e-06,1
0.10534420280849356,0.8932922731543085,2.2887106004775022e-05,1.4294733380466754e-07,0.0013197635982647436,1.3637935191667142e-05,7.092450402900595e-06,1
0.10239828802053676,0.8960350063314793,2.2957377770080975e-05,1.4338623427072635e-07,0.0015228830796609623,1.3607577505582159e-05,7.114226813166391e-06,1
0.10466871043269661,0.8937298461938631,2.3466399415083058e-05,1.4656546046851353e-07,0.0015566491507740638,1.3909291035574758e-05,7.271966755054497e-06,1
0.09139509665655715,0.9066874076230219,2.360578256977752e-05,1.7408334316075927e-07,0.0018724087865969784,1.3991907922375708e-05,7.315159988461292e-06,1
0.08549450592381515,0.912855313164886,1.719940592851319e-05,1.815011436988098e-07,0.0016113974089960307,1.150741280368496e-05,9.895182426572068e-06,1
0.02841123055433236,0.9708215155683311,2.4273858111611122e-05,8.756825041287095e-08,0.0007340349919624527,5.673048150385478e-06,3.1844108617587e-06,1
0.015478262277779658,0.9780728087809679,0.005181919339532624,4.522808764947998e-08,0.0011030463390225569,0.0001584252539135668,5.492780695999066e-06,1
0.027301850486817502,0.9673482730482073,0.003832375871509202,3.6343211197188695e-08,0.0011976397984587858,0.0003166374092004925,3.187042595492865e-06,1
0.026738352445642103,0.5979501111542321,0.2595007025615995,1.9047035644652901e-07,0.11440480456111655,0.001400598722327605,5.240084725746602e-06,2
0.04480274532023162,0.4795673565017241,0.39039313631131295,1.8398019401590998e-07,0.08204743130448111,0.0031815383831409073,7.608198915430474e-06,2
0.057168249644682034,0.33659204510136265,0.284050654430873,1.7344581920736765e-07,0.3164139748630632,0.005765171594251862,9.730919947916483e-06,4
0.08825578034887893,0.47709885892118525,0.18430542051223048,2.423608513431161e-07,0.2105822499011574,0.03971165376715425,4.579418854214051e-05,4
0.08066501230478465,0.47955762075218994,0.24400426719741483,2.2382077837123955e-07,0.09150097722514196,0.1042532559458983,1.8642753791946443e-05,4
0.0072088613667957505,0.042864642905361884,0.0038384442124058263,2.2747110154667512e-08,0.0004339879612960939,0.9456519571708113,2.0836362189359394e-06,5
0.0012944085719391251,0.10505710341928488,0.5327327048761762,9.709518622049165e-08,0.09607321100777493,0.26484046251083265,2.0125188061347456e-06,5
0.009365228466377808,0.4849025112555633,0.07053371749126669,1.9116768360878145e-07,0.010488748303629511,0.4247061742755714,3.429039907736382e-06,5
0.011568031403045348,0.49862218019299515,0.058860098083898214,2.019139911317665e-07,0.01029103908131539,0.4206548275246657,3.6218000890677343e-06,5
0.012514470903697839,0.5656292825074646,0.06040258651688495,2.0604056509644817e-07,0.007615159596518243,0.3538345274025755,3.7670322939641444e-06,5
0.00515104735018336,0.8937785363999952,0.06568000212442417,3.778087446304505e-07,0.014619566457162081,0.020764758096709877,5.711762780802926e-06,1
0.004381613507489787,0.22412384862826498,0.2270723955441631,1.3549989075038356e-07,0.4379421537108879,0.10647835956702352,1.4935422799895224e-06,4
0.9240371970357716,0.0632483020821985,1.0651024088942121e-05,1.7489950141895422e-07,1.2632732109645706e-05,6.302887706756809e-06,0.012684739338623291,0
0.9348676921978762,0.05645106441799418,1.1159300489003015e-05,1.7842759660708575e-07,1.1976070340630935e-05,6.430030366450705e-06,0.008651499555336995,0
0.9181161848816483,0.0743504726902934,1.1339046734108355e-05,2.2702724575478794e-07,1.4145998175962542e-05,6.397996955089835e-06,0.007501232358947395,0
0.9187555352309275,0.07376979449835902,1.1250488626572869e-05,2.252541599112875e-07,1.4198866103022092e-05,6.348028512799514e-06,0.007442647633311319,0
0.9309421587285593,0.06469190382390551,9.456121384433323e-06,1.5119523069676256e-07,1.0920607721305322e-05,5.449444469490409e-06,0.0043399600787294955,0
0.9222220211023715,0.07572097605545523,9.50463223170013e-06,1.5649097590919273e-07,1.0503683123017774e-05,5.7011538292040814e-06,0.002031136882013203,0
0.8004496060268808,0.199006577807022,1.6404506336058826e-05,2.169958062500217e-07,1.1457639505415588e-05,7.816248095657292e-06,0.000507920776353702,0
0.42191107667280037,0.5754802603392944,1.2388305170152168e-05,1.5849787528201111e-07,3.3422007192000405e-06,6.586444228056914e-06,0.002586187539912536,0
0.3758492097564304,0.6215952535794999,1.103582002430836e-05,1.411939730110848e-07,2.9773181331593365e-06,5.867373470594597e-06,0.00253551495846873,0
0.30127515469505745,0.6957843341042176,8.60832323472913e-06,1.9573568126523734e-07,1.444854647634259e-06,4.576755262635612e-06,0.002925685531898713,1
0.35940758196367867,0.6352965288400811,9.811624324398418e-06,1.46445103156385e-07,2.462553813349214e-07,5.497744089119166e-06,0.005280187127342304,1
0.40347409475311824,0.5911821901161879,1.0816713328138395e-05,2.2433728594340418e-07,8.193961552745807e-06,5.984855385206019e-06,0.00531849526314193,0
0.32907988267782506,0.6663516977888814,9.257816621771344e-06,1.9200596259560456e-07,8.738883113362185e-07,6.098153952453976e-06,0.004551997668445328,1
0.6376146214621221,0.3537981271671373,1.542227116326232e-05,2.1197419855497598e-07,1.336895344895276e-05,1.2863927169072233e-05,0.008545384244760666,1
0.6011284295182945,0.3925596998252311,1.491599867595189e-05,2.0501564468103659e-07,1.4132718598922735e-05,1.2441638367667914e-05,0.006270175285187191,1
0.4770780299643593,0.5209834634519586,1.5809987187365308e-05,2.0033349769558925e-07,1.3577678702129236e-05,1.2157496249305031e-05,0.001896761088045686,1
0.3657249329409697,0.633521305872016,1.169341039198779e-05,1.4817101216179102e-07,1.0231042992169809e-05,9.12682137200923e-06,0.0007225617412459658,1
0.6174744056310676,0.3824800194197822,1.542417606837037e-05,1.9134332198351478e-07,1.4932515323699966e-05,1.0172491067525993e-05,4.854423368762138e-06,0
0.6280096569061204,0.37194549489788054,1.51961929525698e-05,1.885150965703668e-07,1.4711799393387287e-05,9.9690179064929e-06,4.782670650165064e-06,0
0.43051402644948683,0.5694385398092028,1.735277597120816e-05,2.521324504968313e-07,1.4376658477370724e-05,1.0412387410315645e-05,5.039787001027561e-06,0
0.5814004422781905,0.41856282303099357,1.264425325788115e-05,1.613859784712135e-07,9.581406843809906e-06,8.666396788663314e-06,5.681247947017005e-06,0
0.4816311154657723,0.5183269747356803,1.4293645340034029e-05,1.824381315428075e-07,1.1214477677315068e-05,9.796893461933189e-06,6.422343936589696e-06,1
0.2235877059065546,0.7621780447697045,0.0007064039560366509,2.880593522969333e-07,0.00712502724032441,0.006375565135561317,2.69649324661322e-05,0
0.9102779378365301,0.08082443163986786,0.0009818289846570925,2.479010411281906e-07,0.007331910740979852,0.0005751564539884837,8.486442935275053e-06,0
0.896749206760307,0.09234104186118942,0.000895807912663166,3.0962715910098673e-07,0.009502053838695351,0.0005047695291088574,6.810470876964304e-06,0
0.885646774454305,0.10166259912664893,0.0010933533326217336,3.6964187021407204e-07,0.010975540336566844,0.0006132325706038206,8.13053738344213e-06,0
0.8534035687335829,0.11212252528114112,0.0005948576318621449,4.061802858963779e-07,0.033328161406627255,0.0005400100830593017,1.047068344119434e-05,0
0.8750573769119452,0.12477405244205622,1.2380901489846626e-05,1.0720308419120902e-07,0.00014216496584772853,7.353335405983086e-06,6.56424017120931e-06,0
0.8964157816535548,0.10341529767688479,1.1201452833657745e-05,9.724922380704382e-08,0.00014539933468797188,6.32844336167486e-06,5.894189453374982e-06,0
0.4853725530395637,0.5145643615826259,2.421037072917968e-05,2.0434976880204973e-07,1.914673591146197e-05,1.4791221046664311e-05,4.7327003542636515e-06,0
0.47067125300049667,0.5292508370994148,2.838248015834217e-05,2.3956482629964695e-07,2.2446242487691962e-05,2.129333847337076e-05,5.548274142633025e-06,0
0.5622516093799219,0.43768373838454927,2.4531095289591765e-05,1.8565245833178444e-07,1.4093390684455475e-05,2.1540168777669412e-05,4.3019283187035005e-06,0
0.4397668021126215,0.5601649169160936,2.6775296146713564e-05,1.8703042418256072e-07,1.5298380575788807e-05,2.168867639075741e-05,4.331587747693149e-06,0
0.47014742089532524,0.529787189561131,2.6312388277367274e-05,1.837006265034263e-07,1.5033892716607603e-05,1.9602861341948487e-05,4.256700581396867e-06,0
0.5539544108056661,0.4459924144483912,2.2180619326449006e-05,1.5485457357770403e-07,1.2673157899109283e-05,1.457783267753414e-05,3.588281466029089e-06,0
0.7111671029607294,0.2887248373328306,2.78540915682531e-05,1.7161318536536644e-07,1.4044667493227584e-05,1.7570747505476872e-05,4.841858668749557e-05,0
0.3483203301645402,0.6489777570795626,2.6915004928461677e-05,1.8941777258858054e-07,1.3293322468580141e-05,1.683489901813146e-05,0.002644680111709477,1
0.1531293729892082,0.8441007347306771,2.8659816039815905e-05,2.012579490877441e-07,1.4058845799120688e-05,1.7931147114269553e-05,0.002709041213212375,1
0.23615141100141568,0.759835841461453,3.4853026922241515e-05,2.446203248131806e-07,1.7883047515388937e-05,2.037240272526001e-05,0.003939394439643413,1
0.27779172306094774,0.7174009412631337,4.026605663192125e-05,2.826123502622027e-07,2.8529635842860278e-05,2.353644415716846e-05,0.004714720926936339,1
0.48412218316263506,0.5139597862326076,3.402074572064782e-05,2.0507204938382344e-07,1.8095455862425145e-05,1.6479738913981118e-05,0.0018492295922107951,1
0.3560760959880846,0.6411708992789792,4.331165031389579e-05,2.6037132296861666e-07,1.697549163803151e-05,1.9237498171172285e-05,0.0026732197214900557,1
0.39979901399828655,0.5979471220324777,6.112751311071804e-05,2.6910265488998105e-07,1.6772280054277503e-05,2.21231978513652e-05,0.002153571875564524,1
0.511747389546555,0.48628333773721905,8.605842278721056e-05,3.7885640800954176e-07,5.280865428733216e-05,3.082800983526264e-05,0.0017991987729082145,1
0.5522117446377831,0.44588038731334184,6.897552506948634e-05,3.6678047153483086e-07,3.4157296187075244e-05,2.7071007367661032e-05,0.0017772974397794173,0
0.5201913279486904,0.4775787163611676,9.038949359795855e-05,4.4519566414791555e-07,6.737672083557617e-05,3.254000959794623e-05,0.0020392042704464254,0
0.6659811196346405,0.012004032638625565,5.5924619996294446e-05,2.5987713503308654e-07,2.9171650413989085e-05,2.6253804580234395e-05,0.32190323777460833,0
0.028420621914811563,0.00026333063818524417,1.7625611802431557e-06,1.4335306200384633e-08,1.3564970854400285e-06,8.446243212614467e-07,0.9713120694291101,6
0.7868215685980295,0.2005291102941099,2.7516253364455703e-05,4.2454632860268035e-07,1.3537926004018847e-05,1.4124249956574113e-05,0.012593718132207044,0
0.7521899608006104,0.2391993042513722,2.4189103306594824e-05,3.5513237107818765e-07,1.1900976718409643e-05,1.138348311049852e-05,0.008562906252510945,0
0.8048913089852633,0.18952123118613814,3.237710861496115e-05,3.358198083530669e-50,2.2864987384250767e-05,1.3838369857926495e-05,0.00551837936274134,0
0.9219505201799336,0.020059692165401245,2.950104971013344e-05,2.744786987359523e-07,2.1691781879725227e-05,1.3293222441900289e-05,0.0579250271219345,0
0.7336823203235548,0.029592040202604676,4.1607455318354156e-05,3.8220121215070704e-07,2.9307549119064563e-05,1.8067892001226753e-05,0.23663627437618967,0
0.8488301534752409,0.10490235140345416,1.9543903811155653e-05,1.3960819079906125e-07,1.1297573031744877e-05,6.321917178866079e-06,0.046230192119092434,0
0.9045057908682308,0.08761965285925728,1.2667250074231909e-05,1.4103175134665725e-07,1.0188635213825644e-05,6.209230885670863e-06,0.007845350124586781,0
0.8615518323981504,0.13406275828128,3.0057149931316762e-05,2.4483282315668095e-07,1.6984029317007574e-05,1.0554640026615091e-05,0.004327568668471413,0
0.8917533670522167,0.1043454658727427,3.0632258202094905e-05,2.495174117446582e-07,1.9993233991843903e-05,1.0756590670247738e-05,0.003839535474764789,0
0.9490773844639978,0.044627809653346354,2.777653908193819e-05,1.7603210170976509e-50,1.5571542031275096e-05,8.571535718841444e-06,0.006242886265823911,0
0.9157052750408723,0.028118350809934616,5.079946934859426e-05,2.90654725968778e-07,2.9086712084137575e-05,1.874375418016862e-05,0.056077453558854136,0
0.807502838292117,0.030793832179908484,6.495942875469096e-05,3.044133152198513e-07,2.668757226578344e-05,2.4315194294634614e-05,0.16158706291934405,0
0.008573009083827665,0.00118767488439152,9.055330403555952e-06,1.224452151457345e-08,1.2182300525487749e-06,1.178430329340368e-06,0.990227851796474,6
0.008089108177954916,0.001053518269800579,3.4311721417080386e-06,1.0861412740220012e-08,1.0806220069541952e-06,1.0453179552443313e-06,0.9908518055787278,6
0.033888651767120394,0.006775374138919286,6.139228000649443e-06,2.2978181172874737e-08,2.487559685689729e-06,1.872470912626716e-06,0.9593254518571802,6
0.034552377360400975,0.007418728861975061,6.34652079308479e-06,2.37540460438172e-08,2.5269058462750487e-06,1.935695429486379e-06,0.9580180609015092,6
0.5356920480357962,0.43432698517168433,5.594248379291778e-05,2.0925522270449185e-07,3.460467672280148e-05,1.6235669757351704e-05,0.0298739747070237,0
0.5294117493813493,0.4451781126615175,5.3703330209177e-05,2.0087957418002364e-07,3.3219590100890334e-05,1.5585820918744932e-05,0.025307428336330394,0
0.8182284191674651,0.17171814856836382,0.0001054313055682067,1.5353059077432075e-07,3.471073710145871e-05,2.3570995886871544e-05,0.00988956569502369,0
0.776990327639874,0.21696495375712893,8.814846014156984e-05,1.2836306150668559e-07,2.9902609699673418e-05,1.9707116214043705e-05,0.005906832053880159,0
0.805934778651227,0.1919015621285966,5.067087530840612e-05,2.7752928861421126e-07,1.9200893279539435e-05,1.9071148148167224e-05,0.0020744387741517562,0
0.49852596417796863,0.49859872497508695,3.450304821951252e-05,1.9001925731229785e-07,8.26497650039173e-06,1.3146450779307349e-05,0.0028192063521880026,0
0.3428977435371927,0.6547149884538456,3.4753960207686506e-05,1.9140110941244385e-07,7.914942451833562e-06,1.2175440795744914e-05,0.0023322322643970256,0
0.13925178844533,0.8603857869468864,1.9403982563975678e-05,1.0814066698019072e-07,7.4325653368767225e-06,7.5932065385091195e-06,0.00032788671267741377,1
0.11532021968763893,0.884500749331531,2.0451291917403286e-05,9.788571101338694e-08,6.618184469613537e-06,6.223460460999761e-06,0.00014564015827112534,1
0.15568397083224295,0.8439589551228899,3.2333069197604654e-05,1.1980904285620957e-07,8.524667930818534e-06,7.621313756062305e-06,0.00030847518493978403,1
0.3984802042774953,0.6011076096144512,0.00011951397294099974,2.406694191352647e-07,1.665073929868581e-05,1.6786287600626245e-05,0.0002589944387941656,1
0.5301312109942438,0.46978179032582446,2.854695769451761e-05,1.9643684812968615e-07,1.337849264490687e-05,1.3498669820207355e-05,3.137812292394944e-05,1
0.2948405158755469,0.705106366111181,2.2254465965094608e-05,1.5578425352575865e-07,9.324869681154643e-06,1.0705120864815462e-05,1.067777250749809e-05,1
0.03591507561409502,0.9640111470712028,3.4730002845090965e-05,1.8886927938018793e-07,1.7561984487861486e-05,1.2978644616872e-05,8.317813472948985e-06,1
0.02496490066526232,0.9749613670621162,3.4708799693524136e-05,1.8875397204851628e-07,1.755126265116682e-05,1.2970720973151871e-05,8.312735331707297e-06,1
0.006486145503968077,0.9934774706290924,1.5298689111687674e-05,7.075817711552985e-08,6.8304159397126615e-06,5.1851602944090975e-06,8.998843416574024e-06,1
0.03172805845780871,0.9682283760601034,1.7428434141419917e-05,8.147523566308035e-08,8.020944085830687e-06,6.635863568141456e-06,1.1398765056735484e-05,1
0.03391814847582102,0.9660377789287464,1.7891440980167454e-05,8.534120288541629e-08,7.205448736382238e-06,6.950732630348439e-06,1.1939631882413346e-05,1
0.03665253202337249,0.9632907731366234,1.9831722667216355e-05,1.0131152891635936e-07,1.1675585944683853e-05,9.06686880919609e-06,1.6019351053930866e-05,1
0.02599281771968623,0.9739605627963916,1.5136751293957998e-05,7.732698980067026e-08,1.4752022339195932e-05,6.269510584747148e-06,1.0383872714400228e-05,1
0.020459437806822113,0.9793884302153685,1.6963862867056913e-05,6.897656233377386e-08,0.00012528700563945022,5.676358474693288e-06,4.135774265993088e-06,1
0.01171025787124077,0.9881654433553944,1.0271871761469173e-05,4.807003954120586e-08,0.00010781449262757482,3.2836116102374595e-06,2.8807273261623026e-06,1
0.009732007630554623,0.9902456535967851,8.801314409875672e-06,4.102835157184469e-08,7.959959810016653e-06,3.0777349877348758e-06,2.4587351008748878e-06,1
0.009268084062115836,0.9907112825439164,8.381756869131269e-06,3.3074291249441454e-08,6.9460155451598335e-06,2.931019751534686e-06,2.341527510710007e-06,1
0.03799747106054987,0.9619828756421797,6.811712770975624e-06,4.080840471258394e-08,3.4277787384432424e-06,3.6624271130410056e-06,5.710570243540352e-06,1
0.02492388907652444,0.9750618869974618,5.808614897326724e-06,3.466390751747388e-08,3.138966658984254e-06,2.787614566631398e-06,2.4540659834167486e-06,1
0.012340281012795428,0.9876367652142299,6.044474067944428e-06,6.5288464091880666e-09,5.691897049393826e-06,4.0532082909835e-06,7.157664719780968e-06,1
0.01772046349380467,0.9822465543323293,1.2397464410255596e-05,8.904643415273779e-08,9.608532553628273e-06,1.5463611618314792e-09,1.088558410667151e-05,1
0.03591367286888976,0.9640580997004289,1.3179295005739037e-05,1.5550670195223927e-08,7.040517900467955e-132,8.646918581867914e-06,6.385666423336919e-06,1
0.006199607127295384,0.9937437306586412,8.673671018368692e-06,6.976738171681185e-08,3.892242507968546e-05,5.827559009746499e-06,3.168791573999373e-06,1
0.0980699925378577,0.9008235742121253,2.1526639861318407e-05,1.8756657960910634e-08,0.0010671661530220731,1.1577850887845459e-05,6.14384958793354e-06,1
0.09357863713596083,0.9052594783128417,2.2599800779121627e-05,1.3000159852079858e-07,0.001120367257123954,1.2337354675074977e-05,6.4501370208588875e-06,1
0.0903044009205065,0.9085274541819032,2.0086104326678502e-05,1.2545295414029398e-07,0.0011298032068267666,1.1905681221428226e-05,6.22445226123095e-06,1
0.08691575727512005,0.9120641375993862,1.9332379712004583e-05,1.2074537232247448e-07,0.0009832021943638454,1.1458924356826428e-05,5.990881688966163e-06,1
0.08353064142956336,0.9151683632799982,1.9367056928123883e-05,1.2096195783516392e-07,0.001264026165133667,1.1479478660142206e-05,6.0016277586258866e-06,1
0.07572713659488314,0.9224955859210667,1.4348731269694115e-05,1.0410810631525453e-07,0.001745222976168688,9.993656088486305e-06,7.608012416808754e-06,1
0.07294669106411811,0.9259353060194369,1.6547638122636515e-05,9.898537099801101e-08,0.001087570294201584,8.874757555303412e-06,4.911241194434819e-06,1
0.01813723129128237,0.9801748204316985,0.0004906296283405429,9.178786246248318e-08,0.001136435088106935,5.755814563618766e-05,3.233627072825659e-06,1
0.021959846438605952,0.9751193896250037,0.0016038223668526845,8.49503982321374e-08,0.001194652459010985,0.0001192114125013744,2.9927476269865023e-06,1
0.03564140253497295,0.9499571392492729,0.01062237570069444,3.842541151231909e-08,0.0033241460716214215,0.0004500231710094879,4.874847016801959e-06,1
0.04564190766778593,0.9442817917644718,0.003721087204126798,1.470745397437181e-07,0.005314263278359892,0.0010357044060626008,5.098604653310133e-06,1
0.05687141458521843,0.9084405801086846,0.021602254396491515,2.6438351168364163e-07,0.010950434565876965,0.0021252554736527133,9.796486564210667e-06,1
0.03610492950581121,0.7887458618789657,0.13699522008496076,2.4810603919242423e-07,0.03704262860978667,0.0011042860978755147,6.825716560795579e-06,1
0.03956635995128461,0.7114677317303825,0.18775425684565433,2.2379761272196776e-07,0.059980532032799856,0.001224738681813031,6.156960452857427e-06,1
0.02291162228086093,0.5194403497662601,0.3585644246386342,1.6108078311185895e-07,0.0982847561718252,0.0007942545219106407,4.4315397258822905e-06,2
0.061402669396040714,0.41927701358543557,0.34290919810379694,2.0697099468094425e-07,0.16891807197432787,0.0074817879169514975,1.1052052452791576e-05,2
0.07011397160400556,0.42118100678025056,0.26475056035679206,2.0445551607385784e-07,0.2265278182026925,0.01741496792783295,1.1470672910518623e-05,2
0.08036449544380302,0.3297829402413989,0.17829872813505773,1.7487745802592408e-07,0.39765489841461166,0.013869433432634819,2.9329455035726906e-05,1
0.0033989002665732676,0.16415025606108283,0.0866991289472436,1.4055178209380776e-07,0.017211453629498833,0.7285320908737405,8.029670078928566e-06,5
0.000832667116305118,0.07570478896858875,0.7809425701903052,7.006178358229788e-08,0.01740418250617288,0.12511426896685893,1.452189985304949e-06,5
0.00277433272534935,0.2661724205119905,0.21992035216032527,2.2826070799258106e-07,0.2775245487499029,0.2336033863688341,4.7312228898094484e-06,5
0.008350482031757443,0.5874407893235515,0.0822898877931816,2.084611661717137e-07,0.00639284344106693,0.31552204971027686,3.7392389996152875e-06,5
0.006617163562449659,0.5008829643433564,0.04751160932383201,1.6206787487465513e-07,0.004223675002516151,0.44076146261880206,2.9630811689008055e-06,5
0.004614991047545107,0.5196668818055415,0.0450553706929929,1.5717162828161638e-07,0.0029287204041811192,0.4277310053148438,2.8735632672849022e-06,1
0.0049194469017134245,0.8146633208371405,0.14681102172496502,2.0221639947828182e-07,0.011636938840192491,0.021964917281565542,4.15219802349548e-06,1
0.007576554168358931,0.7643688893966405,0.17792229489174813,3.191899222967106e-07,0.029511835773730215,0.02061625794233567,3.8486372642219815e-06,1
0.017666607011815876,0.7422048638870172,0.15291841768397338,3.099345304586371e-07,0.07180959598401167,0.015396468458412707,3.737040238643356e-06,1
0.0038690059750458713,0.7494696756990943,0.22293699376698756,3.285286327738621e-07,0.003790820463903974,0.019928970673870557,4.204892464825544e-06,1
0.009894725725463582,0.6136107395949513,0.20563087059759874,3.5446174135884765e-07,0.14632477283408035,0.024534625603629588,3.9111825350071e-06,4
0.009156216474452921,0.7093705348985735,0.1799869992206112,4.0977886931181483e-07,0.05423221599472903,0.047249102072973996,4.521559790129157e-06,4
0.9268091454539147,0.06441252576062416,1.1329317171054528e-05,1.8714000755951835e-07,1.2865265242727186e-05,6.418906174748687e-06,0.008747528156864744,0
0.9376251398724593,0.05497366078958468,1.0867245924524164e-05,1.7375789584318544e-07,1.2266977176267052e-05,6.261747442255755e-06,0.007371629609517263,0
0.9234108135974105,0.0690202870986197,1.074858379511005e-05,2.1976637757273755e-07,1.241323608421619e-05,6.193373882799018e-06,0.007539324343830047,0
0.9324508863468862,0.06218923217161099,1.0092283955948777e-05,1.6136692190614827e-07,1.1612053972320702e-05,5.798265454801571e-06,0.005332217511198072,0
0.9398095567614021,0.057281687852263126,1.0271187164313618e-05,1.6911207755398827e-07,1.1350812176754772e-05,6.160955690320683e-06,0.002880803319225913,0
0.925623863735019,0.07221991014740223,9.963105463831603e-06,1.6403960291289737e-07,1.1010347392954851e-05,5.976159359058893e-06,0.00212911246575985,0
0.9364029487418448,0.06319299180594848,8.525524910491597e-06,1.658685310737785e-07,1.0537216153737329e-05,4.762484290696053e-06,0.00038006835832056946,0
0.9193534283594338,0.08059394866775055,9.036196478305662e-06,1.497994824307807e-07,1.2507738888718347e-05,5.86978067733182e-06,2.505945728878723e-05,0
0.8896836121315246,0.11022789973039815,1.2221452849166481e-05,1.4199054251793833e-07,8.53600822295916e-06,6.351535116810282e-06,6.123715134578069e-05,0
0.4014523521773778,0.59533283906133,1.1663465574429698e-05,1.5976482190740472e-218,3.7632173291933254e-06,5.923165796986451e-06,0.0031934589125915003,0
0.36395728442571706,0.6330646443664163,1.0574114797032387e-05,1.3528684556106404e-07,2.7553355242849815e-06,5.621900366123261e-06,0.0029589845703335157,1
0.34486908324388305,0.6524892148482556,8.688624861273303e-06,1.778866905329767e-07,1.8746169883625083e-07,4.767790216725648e-06,0.0026278801443940284,1
0.43706141484853417,0.5596731530391608,1.0273759857101897e-05,2.1757704251902697e-07,9.531741429626231e-07,5.831586902866183e-06,0.0032481560143595226,1
0.4846797945348096,0.5080177017365104,1.2874220790110377e-05,2.6700973420237417e-07,9.919420691770795e-06,7.1232681581369135e-06,0.007272319809305905,1
0.5010760430308834,0.4932309346781377,1.3902700481232058e-05,2.8834027477923695e-07,1.0184127481939482e-05,9.383010109348146e-06,0.005659264112631551,1
0.5269394105037444,0.47133648737212447,1.562825426389883e-05,1.9803070062352208e-07,1.3421605758161362e-05,1.2017748043994363e-05,0.0016828364853646153,0
0.5934124999444981,0.40646851556655667,1.6636778836926167e-05,1.8017304680879406e-07,1.311000431468459e-05,9.29884817788497e-06,7.975868456898322e-05,0
0.4614010842800514,0.5385488832433553,1.823906500763246e-05,2.1773789486582556e-07,1.511094299819042e-05,1.1167537731221015e-05,5.297192961453467e-06,0
0.40968385138127006,0.5902742687947953,1.4970001602224403e-05,1.7568452224560937e-07,1.2809956732748408e-05,9.467025000716887e-06,4.457156076721481e-06,0
0.5585096076298612,0.4414451966085197,1.5690474350534052e-05,1.946468629779794e-07,1.3968153715689206e-05,1.0404251738813374e-05,4.938234951193924e-06,0
0.525832340534012,0.47412705319475146,1.3386074105745966e-05,1.7085427058315675e-07,1.1934071582492534e-05,9.174842300041539e-06,5.940428977695101e-06,1
0.5312292676666476,0.4678701701292283,1.7082508120762327e-05,2.103396328363253e-07,0.0008588531873171313,1.0492368719477919e-05,1.3923800333921002e-05,1
0.04593529380014424,0.8922752865457552,0.002106396751599713,3.4390513750672465e-07,0.05552329665480065,0.0041339801090154666,2.540223354737188e-05,1
0.5514514621820155,0.43897961997072193,0.00036286515403280753,1.7736249198022399e-07,0.006176358966337404,0.003016228471846467,1.3287892554118974e-05,0
0.5374640203767458,0.45596431877809984,0.00032044809345405535,1.9108650711500405e-07,0.004333222491252795,0.0018992452879345058,1.855388600590557e-05,0
0.8292925648015353,0.16967459938531324,0.0001253763383701368,1.4556632900020606e-07,0.0007523900057189535,0.00015117143368522393,3.752469047812783e-06,0
0.7521741242446003,0.24706497672265548,1.6359051694926897e-05,1.6470451753029293e-07,0.0007291649625280179,1.0964492814762006e-05,4.2458211889542625e-06,0
0.8624068595011897,0.13745486103065024,1.2598260234459897e-05,9.864087877173391e-08,0.00010402509940615051,8.53776755801582e-06,1.3019700082588394e-05,0
0.8360328277691523,0.16362260134350348,1.3894816111974779e-05,1.3378860224594588e-07,0.00031358056906711737,9.281178474317044e-06,7.68053508857269e-06,0
0.6677523506610028,0.331458548913592,2.490883471209643e-05,2.3291142659460392e-07,0.0007339885007548934,1.659920105577287e-05,1.3370977455918413e-05,1
0.6451927731081624,0.3539559297769034,2.8375948074231554e-05,2.453332490478926e-07,0.0007925155909483763,1.6076153315109397e-05,1.4084089347476386e-05,1
0.8625691557218395,0.13733445562188223,1.6191363843699376e-05,1.289547797632927e-07,6.390059809214009e-05,8.351904401428954e-06,7.815835161329485e-06,0
0.6406532371384781,0.3592876124435633,1.9882515664792385e-05,1.861943702470245e-07,2.1988590767182983e-05,1.2347688070777e-05,4.7454290856669816e-06,0
0.5387821224133373,0.46115269547848187,2.147368135543922e-05,2.0109520567064659e-07,1.8841796683248206e-05,1.9540336807781954e-05,5.125198128770599e-06,0
0.5933441477106451,0.406590339538378,2.1632722032579324e-05,2.0208825526018094e-07,1.9360785522489023e-05,1.9636831019971735e-05,4.680324146531592e-06,0
0.6044596620970543,0.39547485249514464,2.3030588170906536e-05,1.9439171009585924e-07,1.7674599535445666e-05,2.0083754706535853e-05,4.502073678036683e-06,0
0.4894700541650685,0.5104655134475395,2.3111968800944384e-05,1.950786104791382e-07,1.6452635386460952e-05,2.015472243864129e-05,4.517982155478796e-06,0
0.5151142243506288,0.48481932379597625,2.3592892297638237e-05,1.9913788765668318e-07,1.747371867677059e-05,2.05741103182965e-05,4.611994214552037e-06,0
0.5712041521405383,0.42873281324306195,2.1707799716402076e-05,1.8313059623241106e-07,1.6077553381365697e-05,2.0822640833673532e-05,4.243491872029732e-06,0
0.5289004020709055,0.47039385418289037,2.1313016709870623e-05,1.49993067549389e-07,1.0206495209053474e-05,1.4472879286294818e-05,0.0006596013619313737,0
0.24330489829630253,0.7543988395315502,2.744379442313598e-05,1.9313919595505113e-07,1.461265921568589e-05,1.91508782696128e-05,0.0022348617010430165,1
0.38653000581816377,0.6076384343563422,4.155925780741936e-05,3.2966327177685696e-07,2.6109526485407608e-05,2.6491980085707142e-05,0.005737069397843769,1
0.423532424194069,0.5724615792382203,3.5848873786313866e-05,2.579087508410862e-07,1.4819071131999984e-05,2.0725734639424633e-05,0.0039343449794022,1
0.5655032997095117,0.42830398884055465,4.718964495943378e-05,3.4507363725279303e-07,2.7330036563388365e-05,2.7730368254038815e-05,0.006090116326519433,1
0.46897290185431345,0.5295970993327713,3.2257152322295076e-05,1.9444136787408575e-07,1.7157409801906614e-05,1.562544962256107e-05,0.001364764359800523,1
0.3822312392504629,0.6147786570866263,4.841719646765994e-05,2.1314781918540993e-07,2.0332416744748517e-05,1.752309495925899e-05,0.0029036178069199057,1
0.48177826856784306,0.5158821674739933,6.029396203718587e-05,2.655722454601058e-07,2.5319970026578443e-05,2.1821520024466387e-05,0.0022318629338299407,1
0.6335713272533271,0.3645596524971103,6.357798623191783e-05,2.893598691528303e-07,3.712180494683909e-05,2.469773352112971e-05,0.0017433333649937118,0
0.58570762687954,0.41304606545121764,4.581643638510287e-05,2.190861477424699e-07,2.072220033080742e-05,1.9787867419593068e-05,0.0011597620789590617,0
0.881979000227232,0.0651395198567846,6.870863135420673e-05,3.5265919472743573e-07,3.693466452148601e-05,2.893077391922772e-05,0.05274655318699369,0
0.9853562721506343,0.0072653161787727336,5.788678711623251e-05,2.556894931135371e-07,2.6721904472581823e-05,2.91529875285808e-05,0.007264394301982559,0
0.6881369897152139,0.00965406448439932,4.497654279716883e-05,2.0900231573492513e-07,2.3460865418410774e-05,2.1114231359455982e-05,0.30211918515849584,0
0.8324944143726791,0.12400401239993152,1.878088311058124e-05,3.09032376530551e-07,6.415182505069255e-06,9.912104628317765e-06,0.04346615602476889,0
0.6765709975108205,0.31926502266418466,2.7320203286744703e-05,3.134105574256929e-07,1.2560791923492604e-05,1.0251136753804463e-05,0.004113534282473461,0
0.6740055539680712,0.32203903776968773,2.71121712761727e-05,3.110240660913699e-07,1.246514670552719e-05,1.0173078601485491e-05,0.003905346841591841,0
0.784269358349796,0.21115795571901624,3.154758153705216e-05,8.349490645309666e-158,1.8446984236294275e-05,1.0117378645472242e-05,0.004512573986768936,0
0.8549603378622764,0.14124148283211052,2.35809463487952e-05,2.392431425740808e-07,2.1839222989834794e-05,9.440224321389832e-06,0.0037430796688104413,0
0.10411978098257779,0.013546719906472937,1.708030309373572e-05,5.412959748383326e-08,5.938284097600453e-06,5.209510172693532e-06,0.8823052168839878,6
0.31862609253247665,0.037408716049248364,3.0205246619567636e-05,9.572417025882587e-08,1.5829970327875463e-05,7.427035731927964e-06,0.6439116334414253,6
0.7606055500218694,0.20500472116082366,8.457592706772499e-05,3.1635982627278666e-07,4.472184860707196e-05,2.6913410682963698e-05,0.03423320127112285,0
0.856698179393073,0.13700348867834494,0.00010350842620716841,1.6148965732430136e-07,3.651015091987802e-05,2.4792922565892105e-05,0.006133358939231678,0
0.8512217621119326,0.14462394176932772,6.141921122795737e-05,1.2525220177379168e-07,2.1971752157520214e-05,2.033336283951299e-05,0.004050446540313041,0
0.7975322887538875,0.19935832732024442,5.9656552371063175e-05,2.766997991447377e-07,1.8649446103740744e-05,1.9014147618101853e-05,0.003011787079976348,0
0.805967623392411,0.19131743319382297,4.952158950184821e-05,2.7123453900968823e-07,1.8765390360256984e-05,1.8638588028610424e-05,0.002627746611336255,0
0.8131578173838698,0.18476952038075373,4.6389750945770064e-05,2.540811561002216e-07,1.7079023170489324e-05,1.745984863017734e-05,0.0019914795314737417,0
0.3521829992217445,0.64599844585847,3.749249627060039e-05,2.2829672569979314e-07,1.3733354646900796e-05,1.5478792820773635e-05,0.0017516219793216545,0
0.37638316300124625,0.6217691573748679,4.115464089854879e-05,2.2756765114095567e-07,1.3008259020037003e-05,1.4179132571839793e-05,0.001779110023744382,1
0.36529648280492927,0.6333711363098687,3.994239660313922e-05,2.2074873447166426e-07,1.4396930526653014e-05,1.2510793134358106e-05,0.0012653100162033956,1
0.34926941849925164,0.648155719026399,4.461577889897554e-05,2.4103520641185793e-07,1.6889480621157707e-05,1.6734286063827512e-05,0.0024963818935589506,1
0.2348723865046839,0.7645899908957047,2.934642462709154e-05,1.5854304669784572e-07,1.0684828181701421e-05,1.0120529749087687e-05,0.0004873122740067864,1
0.15220740386373502,0.8476104895808056,2.4183263226403228e-05,1.3477615775206804e-07,8.295183802916109e-06,9.46344451958673e-06,0.00014002988775258733,1
0.17269376830700722,0.827220840976498,2.3601524036818987e-05,1.31534057128511e-07,8.748613914355363e-06,9.235797138256937e-06,4.3673247348456475e-05,1
0.13854333811011288,0.8613647634887129,2.1693637762113056e-05,1.2985909499483622e-07,8.146800010364395e-06,9.113410514450489e-06,5.2814693792426964e-05,1
0.032934572308932444,0.9670077392766024,2.4206013697445435e-05,1.756531943488503e-07,1.0154892078328069e-05,1.1112224999530966e-05,1.2039630495531741e-05,1
0.03613922041674431,0.9637901570547746,2.7906421562997266e-05,2.0250554889603394e-07,1.5822488677782148e-05,1.2810966696780587e-05,1.3880145994732052e-05,1
0.02706286114841983,0.9728665044835455,3.3250489160633686e-05,1.80823363442232e-07,1.681383607877807e-05,1.2425748540185269e-05,7.963470891611402e-06,1
0.01915950397695124,0.9807414064255323,3.667952331366558e-05,1.8679643634010024e-07,3.5592941943945404e-05,1.3274506413635752e-05,1.3355829408976433e-05,1
0.006034942484783114,0.9939175166260972,1.8848542341020827e-05,7.475408053165789e-08,1.363258038006176e-05,5.477980157472727e-06,9.50703216048103e-06,1
0.030689332174726525,0.9692729393409973,1.71945805461636e-05,8.201721641909028e-08,8.50768177099487e-06,6.083097136276374e-06,5.8611076062760704e-06,1
0.018910319387876913,0.9795563967589052,1.6725774973702836e-05,6.774460031522002e-08,0.0015073439127628483,5.084513978681364e-06,4.061906902346269e-06,1
0.0035663545996282796,0.9948397387945861,1.6614022426278933e-05,6.081739860984356e-08,0.0015694327489049584,4.154369708985505e-06,3.644647346946742e-06,1
0.0032177120314981563,0.9960188818002952,1.4980931007595152e-05,5.4093746213608176e-08,0.0007410715957881054,4.057833399612452e-06,3.241714264837499e-06,1
0.003095293675231003,0.9968526975351314,1.397225124293426e-05,5.114691382469357e-08,3.1083496872417004e-05,3.836777256753002e-06,3.0651173518873827e-06,1
0.027194633410197632,0.9727915862608744,5.155544620119361e-06,3.076659841854469e-08,3.654659318457823e-06,2.7612063009504454e-06,2.1781520899319644e-06,1
0.04233103949337065,0.9576518723097678,5.3171910503299134e-06,2.104506010354085e-08,3.1901355298212194e-06,3.408516053751737e-06,5.1513091675668565e-06,1
0.0037509669404506524,0.9962328148604194,6.037353271323574e-06,3.719589769046259e-08,4.42015360908457e-06,6.927016681342706e-10,5.722803649940601e-06,1
0.010156892393814359,0.9898222418015925,5.991579584069167e-06,4.2725202871345213e-08,4.776743019182869e-06,4.017739140453517e-06,6.037017646650312e-06,1
0.016314291127945066,0.9835509365963248,7.633554167240874e-06,7.007523400640919e-08,8.327351071844039e-06,8.884327569490144e-05,2.9898019562235174e-05,1
0.013097676248456461,0.9868753929100635,9.163302935279243e-06,6.581663995525917e-08,7.101927590899443e-06,1.1429575681209863e-09,1.0598651356061053e-05,1
0.004175930601997821,0.9957927975947495,8.033779972391952e-06,4.9922978568219965e-08,6.226501955477155e-06,1.0020698524231846e-09,1.6960596276111542e-05,1
0.003824931426171698,0.9961512362647771,7.0983038827475165e-06,4.410980557432523e-08,5.312839886209451e-06,8.853860011953903e-10,1.1376170090778002e-05,1
0.003076860649013966,0.9969060512030663,5.961505985245582e-06,4.389615341510301e-08,6.314334665542182e-06,8.81097507323389e-10,4.767530018173285e-06,1
0.00867565716645647,0.9912792247570189,1.1423854058838491e-05,1.4147241509038528e-08,1.652761735445414e-05,7.866544910987149e-06,9.285912958933345e-06,1
0.02734706407498847,0.9726250244126877,1.083516904167201e-05,5.140888872127561e-08,1.121232344510913e-45,7.814140359734859e-06,9.210794033706055e-06,1
0.004486762848741173,0.9948226832137342,7.631820523751922e-06,6.138717211515158e-08,0.0006787528492142117,1.2532655743626015e-09,4.106627349158433e-06,1
0.0771757976974535,0.9219436032164929,1.6940305184602985e-05,9.744629056478584e-08,0.0008494786510140934,9.247805120456532e-06,4.834878443565745e-06,1
0.07378416340617852,0.9252855483363137,1.6577980538177858e-05,1.0354206063902428e-07,0.0008984157175874193,1.0053692195428066e-05,5.137325126328639e-06,1
0.06946914064013288,0.9291517328840083,1.5758771004335728e-05,1.0895833346946295e-07,0.0013494956066219636,9.08602980294914e-06,4.677110096110038e-06,1
0.018146974683930502,0.981329864107702,2.5578500041552146e-05,8.851610507159537e-08,0.00048572869218315855,5.6578547664444815e-06,6.107645271207471e-06,1
0.01744833369601683,0.9817287501563621,2.3103661808687888e-05,8.855208465469601e-08,0.0007885504670067325,5.660154542915395e-06,5.5133121779421105e-06,1
0.056366912193366966,0.9197527176839144,0.005858970592591623,1.9720809898033458e-07,0.0163153893654138,0.0017003875079170062,5.425448697317261e-06,1
0.058684867026259226,0.9101156412905191,0.01068495986120672,1.9932704508301042e-07,0.01810551575269491,0.0024033329986420655,5.483743632626153e-06,1
0.07252501604761763,0.8848697402292546,0.01770035136140973,2.539355336755106e-07,0.022122246150426055,0.002775406182299279,6.9860934591725194e-06,1
0.06364159927879412,0.7791666392597757,0.10837404170060583,2.3293069797558835e-07,0.04122186340815191,0.007589215198587792,6.4082233865196215e-06,1
0.0243121673084619,0.5522541653470736,0.32929874213868965,1.7591442122101357e-07,0.09250805080361947,0.001619815501159135,6.882986575143001e-06,2
0.02829226775315753,0.39942401124000976,0.5317030962465387,1.3044680610677625e-07,0.03879434864211043,0.0017793999993466747,6.745672030909763e-06,2
0.09241242316139021,0.459756726302718,0.13399158270559414,2.280391674158355e-07,0.28795844650756164,0.02584234784826451,3.824543530427958e-05,1
0.0021906177797026177,0.13067676640491194,0.07500063733796022,1.2494952328203186e-07,0.01611757567098764,0.7760116879935522,2.5898633620375073e-06,5
0.0020878054273082837,0.15478300276412765,0.3092258338572413,1.3694584189758418e-07,0.010205830344525945,0.5236945521465758,2.8385143792296253e-06,2
0.0009032574287029398,0.08257387742157647,0.6916012452560005,7.631588673445449e-08,0.011937428164184609,0.21298253359313593,1.5818205128229591e-06,2
0.0011728166632823682,0.087294540949208,0.8607728521615716,7.318610921460108e-08,0.026036607357492535,0.02472135825933133,1.7514230050187529e-06,2
0.004474779069034096,0.5922335094539427,0.06371231162070169,1.7911917857917962e-07,0.002869785982734947,0.33670615992486214,3.27482954562976e-06,1
0.004307304298808897,0.59060059444081,0.09834839667631896,1.7389560198742357e-07,0.0032942429687648875,0.3034461083926138,3.1793270813362404e-06,1
0.003964439399656108,0.7635484356432405,0.19251064540669316,1.895286206385094e-07,0.011078346809573505,0.028893939105906787,4.004106309311821e-06,1
0.006320426857373281,0.658607768792193,0.29299103594393183,2.7502553473981556e-07,0.02542846076223822,0.016648716494228655,3.316124500410455e-06,1
0.0049392219265424545,0.8498359472227959,0.07364045939458617,3.50693221866e-07,0.05079085937687723,0.02078893289720629,4.2284887701715e-06,1
0.005625392962492669,0.881744899422829,0.09058454582024546,4.1251843410020884e-07,0.0047599605200959825,0.017279508864039044,5.27989186362208e-06,1
0.011890267946095016,0.7981166352994878,0.13517353937588195,4.120231738361886e-07,0.009223571886154015,0.04559060549362354,4.9679755837495265e-06,1
0.011950760121323045,0.7905606987838965,0.15032536844150066,3.973160480425968e-07,0.014880770741495552,0.0322772139515421,4.790644194426396e-06,1
0.7512152636446415,0.028090176806676397,1.3508774504758818e-05,1.308827700163473e-07,1.0650906114237123e-05,6.008606746922626e-06,0.22066426037854614,0
0.6144869519204729,0.019494462732965186,7.932498680137889e-06,9.814418361349949e-08,7.475785939058545e-06,4.358892892394292e-06,0.3659987200248668,0
0.923030770430944,0.0647698311232283,1.023360654569391e-05,1.684933237148387e-07,1.2763875761976023e-05,6.072027021786363e-06,0.012170160443174637,0
0.93604418451328,0.05605386669733063,1.1269098443057822e-05,1.7717215465206703e-07,1.1891805005852075e-05,6.3847877579776274e-06,0.007872225926027933,0
0.9269144639137437,0.06765927083177645,1.0186471059024824e-05,1.6287289250437745e-07,1.0932037724577991e-05,5.870335851188264e-06,0.005399113536952572,0
0.9416237654079054,0.05707434742116013,6.727122021705714e-06,1.174467712401326e-07,9.649579703917655e-06,4.278726653042776e-06,0.0012811142957845998,0
0.9472193223798646,0.05245725600786194,6.114325370064173e-06,1.36503966759101e-07,7.710260252398681e-06,3.888962745414236e-06,0.0003055715599388459,0
0.9364065874525981,0.0635519057611746,7.682934171153995e-06,1.2377208115979312e-07,9.260493020704238e-06,4.29180064344718e-06,2.0147786310847507e-05,0
0.8900439558184503,0.10992917438457911,8.116407510062426e-06,1.2806541999948322e-07,1.0681107572569584e-05,5.272299256251714e-06,2.6719172120095414e-06,0
0.8776109770708378,0.12235145500070337,1.0605029365684217e-05,1.3552635771973138e-07,8.81223388278396e-06,5.703617856453061e-06,1.2311520996425966e-05,0
0.8814623279695,0.11849914770561115,1.0727230866277377e-05,1.3708802470925112e-07,8.913777043761772e-06,6.29284259471777e-06,1.245338635940324e-05,0
0.879660089747123,0.12030273004087323,1.0731589885782798e-05,1.3680773448002453e-07,8.738443357744269e-06,6.279976246274125e-06,1.1293394779686016e-05,0
0.5104510985484483,0.4885714118642283,1.7129586190051328e-05,2.265870298010104e-07,4.303132367225821e-06,8.328284271444208e-06,0.0009475019974648748,0
0.44522193662783777,0.5539254845289796,1.4940642813494248e-05,1.9763208759786913e-07,3.753246748905515e-06,7.264035404495504e-06,0.000826423286128,0
0.35457178945067647,0.6430304227877937,1.0301436365964176e-05,1.3179815591660213e-07,2.8212106364127967e-06,5.476926436779642e-06,0.002379056389934844,1
0.32969535134231515,0.6672436915867976,9.471067944755702e-06,1.9390605065882107e-07,2.043433241813678e-07,5.197147512976245e-06,0.0030458906060547523,1
0.43500824283593187,0.5649415210632871,1.748955692669602e-05,2.65882127297604e-07,1.594626775515417e-05,1.1219769510377245e-05,5.314624461546095e-06,0
0.40088581491840575,0.5990798673279277,1.5957706489321766e-05,1.9676087322227602e-07,3.284779324444042e-06,1.0091649306574786e-05,4.7868576729133536e-06,0
0.37364078668186634,0.626313614570442,1.6132327043666654e-05,2.4524906208936503e-07,1.3984165864435605e-05,1.0334808353749942e-05,4.902197367679637e-06,0
0.5218414152954336,0.4781100988494534,1.6389707221550408e-05,2.0332113768719412e-07,1.564500371004494e-05,1.1705633554887903e-05,4.542189488735154e-06,1
0.5351305777709171,0.46482730921605053,1.3806320259569455e-05,1.712731475006712e-07,1.2386597683565983e-05,9.793829040381278e-06,5.954992901502199e-06,1
0.5159042673096889,0.484055318851703,1.316984053621977e-05,1.6809435542766454e-07,1.2156705145811994e-05,9.074729032075829e-06,5.844469538638023e-06,1
0.4535594346320478,0.5464016396117439,1.3376423885041393e-05,1.7073109918828612e-07,1.2347396358264576e-05,9.217076079326648e-06,3.8141287863847885e-06,1
0.2935461563754946,0.7064102149842505,1.4326927514251186e-05,2.320222212795305e-07,1.6177358440822072e-05,9.347543711879173e-06,3.5447883668553693e-06,1
0.3460054044757141,0.6539446795334848,1.4419417674876788e-05,2.0744207856047363e-07,1.8509964446554908e-05,8.964509869575785e-06,7.814656731665418e-06,1
0.5070708022769678,0.49281830500711477,1.523418134851384e-05,2.1916351376720305e-07,7.355107935629724e-05,9.471046066693992e-06,1.241724563207666e-05,1
0.489741109377748,0.5099178544639883,1.7785554926337558e-05,2.558683412506435e-07,0.0002974406598972083,1.1057227571043198e-05,1.4496847527988052e-05,1
0.41241363763060845,0.58070681478696,1.643382461753575e-05,2.023522899396564e-07,0.006834457254586492,1.0093936214720404e-05,1.8360214722915254e-05,1
0.2469896754219496,0.7221762451961027,1.947297960731036e-05,2.3068536079680047e-07,0.03075215334292693,4.822688553673041e-05,1.3995488515915328e-05,1
0.044590348330408515,0.9149484449146755,0.003674064209608722,3.3304008640617206e-07,0.031235612609112767,0.005524506085982469,2.669081012564281e-05,1
0.2456554414335926,0.682982640736132,0.008596612165607979,4.259946649304482e-07,0.05139636431131198,0.01133988873069106,2.862662799930584e-05,1
0.7407824691543242,0.23212126064596816,0.005476547692235133,2.730893522299232e-07,0.01557580882189116,0.0060328766404611975,1.0763955767847738e-05,0
0.24696348874878749,0.7361440599812304,0.0007945753852711582,2.574151257322483e-07,0.009864071004478496,0.00621247451775011,2.1072947356515623e-05,0
0.5314437878021553,0.4650286800483265,0.000406249206955087,2.2748949063084913e-07,0.0020331432702820848,0.0010611463605163937,2.676582227413658e-05,0
0.5656755628306057,0.4325261910013781,0.00012178348744392266,1.9620645603760317e-07,0.001374800861360679,0.0002853538442144114,1.6111768541040526e-05,0
0.7890271697681004,0.19893558333759156,0.0010240494432728988,3.2054400258108726e-07,0.010533530192346178,0.00047108359878299163,8.263115903306513e-06,0
0.7040475912513736,0.29404995988022914,2.1664796227762727e-05,2.1812326757255329e-07,0.0018601372923700188,1.4805784705811051e-05,5.622871826166841e-06,0
0.877011058773277,0.12291187830129612,1.2403706773956758e-05,1.0768700042845913e-07,5.336183541826228e-05,7.007676321945093e-06,4.18201991234411e-06,0
0.8964836545628974,0.10310573493088585,3.005955778476204e-05,2.609722779680286e-07,0.0003537638601006122,1.74984342512718e-05,9.02768180229556e-06,0
0.9023186883691096,0.09750084942174675,3.331498288631417e-05,2.410475451975308e-07,0.00012231851086051256,1.624825521137864e-05,8.339412640094656e-06,0
0.6726288064337281,0.32730840133887223,2.2960363218863874e-05,1.8148662676965904e-07,2.144386612455292e-05,1.2041798073419828e-05,6.164713356060435e-06,0
0.647198550717698,0.35274426815494553,1.8794555524817618e-05,1.755747117113085e-07,1.596370913409029e-05,1.8181012280223744e-05,4.066275705556431e-06,0
0.6163857814983903,0.3835468262428349,2.481386686639049e-05,1.9521779807792304e-07,1.589763195141643e-05,2.2197001360484656e-05,4.288540798317058e-06,0
0.5350694223538215,0.46486797721122436,2.3381744040790573e-05,1.7704687860287265e-07,1.4410322332530766e-05,2.0530950901674003e-05,4.100370800501167e-06,0
0.7262823982942458,0.2736473891511459,2.429876917457424e-05,1.6080109907534334e-07,1.2206855390563164e-05,1.6463743764447523e-05,1.70823851797842e-05,0
0.5114245715109005,0.48775487883251273,2.2155276080796717e-05,1.5549957377594764e-07,9.874902476650001e-06,1.4132040146393032e-05,0.0007742319383091664,0
0.4857934349180129,0.5133925151638971,2.2003821284046216e-05,1.5443656935861887e-07,8.916985244956345e-06,1.4035432671937e-05,0.00076893924231988,0
0.39998763536633175,0.5950288704606186,4.3758731976556905e-05,3.079576453480457e-07,2.32996730781842e-05,3.242443137769371e-05,0.004883703378971873,1
0.5530633333928915,0.4435799909756604,3.316217338161591e-05,2.3338301563896536e-07,1.7697631154992402e-05,2.2593315377949456e-05,0.003282989128517824,1
0.3295629160985751,0.6634211198905489,5.2011721333648066e-05,4.1146204819094746e-07,2.6687153630643028e-05,3.040205764070633e-05,0.006906451616222621,1
0.3862481551281983,0.6064389406261191,5.4213040029351074e-05,4.2887656699613494e-07,2.78166476892107e-05,3.168877948255838e-05,0.007198756901914514,1
0.5541516257764695,0.44169295605113545,4.0730247770382714e-05,3.230872601836816e-07,2.003399430440572e-05,2.77905161582175e-05,0.004066540326902035,1
0.5906281110869535,0.39665521408790505,4.989504674444221e-05,3.663374040240153e-07,2.1049227801848072e-05,2.9439140004116096e-05,0.012615925073186986,1
0.6221337372781316,0.3750544478895348,4.3052360367694e-05,2.6377529644562253e-07,1.688587811468176e-05,2.2688767219862443e-05,0.002728924051334853,1
0.4725096011597833,0.5249643065713847,4.565801391048224e-05,2.1118102056632724e-07,3.410315822311466e-05,1.564951414469776e-05,0.002430470401533215,1
0.6988592871149404,0.29995550077148897,4.7651737222764994e-05,2.276071111686467e-07,2.7822814143702306e-05,1.8510965469301346e-05,0.001090998989623834,0
0.5418273817013974,0.4558127643050288,8.936644721710905e-05,3.7249074103569456e-07,5.931897317536616e-05,3.459653078857088e-05,0.0021761995516516625,0
0.9667235092989446,0.01850632603795146,4.1369904353648144e-05,2.2431626404459354e-07,1.7017273520359702e-05,1.9397766968146474e-05,0.014692155401997689,0
0.9709727534593322,0.012873343507886133,3.7002596802004973e-05,1.6085052390104726e-07,1.4734844477953128e-05,1.7605437507128353e-05,0.01608439930347064,0
0.9848965211843492,0.008792112046323358,5.6521780557464865e-05,2.4966017532799215e-07,2.0918519663035865e-05,2.8465541892596878e-05,0.006205211267038725,0
0.9772724763860177,0.012719828913357113,5.6060744557874185e-05,2.476237510088166e-07,2.903592842641087e-05,2.771117526348311e-05,0.009894639228626455,0
0.024321972160415456,0.00022697853217644112,1.6429739106273723e-06,4.2338323298252347e-47,1.2001916533094784e-06,9.556187916766428e-07,0.9754472505230526,6
0.030234442313767245,0.00037128273005117605,1.6757725619557753e-06,1.4452255915009755e-08,1.3809348080474561e-06,1.028061553118934e-06,0.9693901757350026,6
0.02661945919467088,0.002879357742616881,1.9149516213141675e-06,1.602925516512819e-08,1.3410075956747264e-06,9.553817511032258e-07,0.9704969556924891,6
0.7621175994120176,0.1807777182422134,1.7829869563813816e-05,2.678551623212985e-07,5.848516927114184e-06,9.343994576613856e-06,0.057071392109539085,0
0.8029459438968477,0.1803057568139523,2.5627009932220892e-05,2.8988080331219157e-07,6.451589239878143e-06,9.48756689113113e-06,0.016706443242333488,0
0.8083821225581048,0.18426387949118017,2.210069935385038e-05,2.5357120554168375e-07,5.640525677575732e-06,8.294834447357544e-06,0.00731770832003073,0
0.7650211135820132,0.23043215252420668,2.1657158050044673e-05,1.703501499257704e-50,2.2908494594180846e-05,8.890924071541521e-06,0.004493277317064176,0
0.7913247532613524,0.02292160015605627,3.713517588133764e-05,3.059590930135616e-07,2.6711753558089404e-05,1.6773148307672157e-05,0.18567272054575099,0
0.7505663583496055,0.055691957829345794,3.4261870449789195e-05,3.177722059684355e-07,2.5992177067467362e-05,1.5851976828399934e-05,0.193665260024497,0
0.8410830640275617,0.1451580357084462,1.953392809995462e-05,2.0622358184580975e-07,1.409879064432216e-05,1.0491173494508485e-05,0.013714570148171477,0
0.8479365420295603,0.14400894016361673,2.447017242068879e-05,0.0,2.271879434920138e-05,1.106216614175023e-05,0.007996266673911291,0
0.8729737306827844,0.12252351033417606,1.9809274594629762e-05,2.3064176893086206e-07,1.8227392387979612e-05,1.0946772371451884e-05,0.004453544901916896,0
0.8378068272322791,0.15702465407911959,2.176881673259225e-05,2.534569539511533e-07,1.9048636276285865e-05,1.2029631899400411e-05,0.0051154181467390775,0
0.920349605500807,0.0702715835063558,2.855604866767212e-05,4.4861334836782497e-07,1.919017056574886e-05,1.1525957277516505e-05,0.009319090202977696,0
0.9379909429403839,0.052759211116878695,3.2700072040977074e-05,5.137156397544299e-07,2.1448420201613626e-05,1.3198591923633194e-05,0.009181985142931509,0
0.7322088923988799,0.12580652608527984,4.779554242306726e-05,2.9979075771306305e-07,2.2247571850271562e-05,2.0270714016940568e-05,0.14189396789679207,0
0.44890532132501054,0.32109916200114635,0.00012104194040627235,4.5276248888157004e-07,4.504617595435085e-05,4.3574511935859915e-05,0.22978540128305794,6
0.0854689618040645,0.012682631906790032,1.40992950302693e-05,4.468241345636247e-08,4.579475143993977e-06,4.30029961909361e-06,0.9018253825369386,6
0.3882163399922184,0.030907302741012985,3.574834629602475e-05,1.1329094016055159e-07,1.5403454495058462e-05,8.790004221515307e-06,0.5808163021708158,6
0.7294946599674671,0.26805114755305137,5.371463209873868e-05,2.745992523584981e-07,1.8947217430737077e-05,1.9152836457447844e-05,0.0023621031942422242,0
0.7777107844744974,0.21780683276652155,4.004322338505101e-05,2.401526384511357e-07,1.0258408140509708e-05,1.650271425024769e-05,0.004415338260566833,0
0.41085280695683785,0.585680286841076,4.508779103191058e-05,2.491856687847034e-07,1.4856413914174318e-05,1.6954159700800714e-05,0.0033897586517707356,1
0.44746659316528914,0.5514964080049484,4.862599417791505e-05,2.627002561177898e-07,1.5562464503563524e-05,1.8115249386346957e-05,0.0009544324214385433,1
0.14453306205746344,0.8553452290405148,2.547996782616685e-05,1.3772680895026466e-07,8.47234866299504e-06,8.756511456553832e-06,7.886234726716364e-05,1
0.14453733499485516,0.8553705162416573,2.470048886398565e-05,1.3773088066938157e-07,8.47259913728018e-06,8.75677033175298e-06,5.008117427390866e-05,1
0.13924048949567758,0.8606576947924784,2.345085380697901e-05,1.4037786956823776e-07,8.806702597911429e-06,8.925062829015259e-06,6.049271474072846e-05,1
0.13564381499517436,0.8642796917124002,1.9250642411912346e-05,1.1523521454046117e-07,8.225549338246836e-06,7.364172047567619e-06,4.153769341336813e-05,1
0.15595179122044497,0.8439656432610936,2.2457840152237194e-05,1.2522578476613685e-07,8.938681418889259e-06,7.961710775979713e-06,4.308206032960441e-05,1
0.452133837132331,0.5477678732931303,3.5560993806806006e-05,2.1004808071672294e-07,1.4532198751174838e-05,1.4434001130436669e-05,3.3552332769652843e-05,1
0.5017648874367112,0.498167386230091,3.2734271555006355e-05,1.933514836830334e-07,1.2996849197932848e-05,1.3286650963577785e-05,8.515209997471483e-06,1
0.024958107382396573,0.9749496266775453,4.2372518864909134e-05,2.1593820689831713e-07,2.3064626167218626e-05,1.7102926286396954e-05,9.50993053268185e-06,1
0.02802183953278512,0.9718799221745679,4.309000322715997e-05,2.1959464014355278e-07,2.786520842232658e-05,1.7392526302821297e-05,9.670960054316958e-06,1
0.041665554312216434,0.9582053992098449,4.499568170150531e-05,2.6738694460984476e-07,4.6735365392626135e-05,1.8720793863870847e-05,1.832725003587625e-05,1
0.021995311800564684,0.9778178628025873,3.588748739164056e-05,2.1143000533260602e-07,0.00012703384485760692,1.4803032183356265e-05,8.889602410099246e-06,1
0.01933187154047996,0.9803916932622654,2.858809346748599e-05,1.6570448024658297e-07,0.00022509397153573686,1.0739660148854623e-05,1.1847767622542001e-05,1
0.0121237421958462,0.9876509872827407,1.9766502321406133e-05,1.2764801093464404e-07,0.00018798559471915762,8.268804652643135e-06,9.121971708868093e-06,1
0.029652998712204538,0.9703025840210754,1.762515621938241e-05,4.0406725351137085e-168,1.0006364150333157e-05,6.093807314066405e-06,1.0691939036154534e-05,1
0.031184875701853226,0.9687774828111873,1.7154931925425185e-05,8.182809464905999e-08,8.488064086981267e-06,6.069070250850267e-06,5.847592601826604e-06,1
0.04695286236007545,0.9529850845760317,2.4960423940364708e-05,1.0149128481481817e-07,1.3404511012704676e-05,9.106353501440492e-06,1.4480284153429353e-05,1
0.005542252574946543,0.990861351718465,2.7484893669449413e-05,8.62291726021079e-08,0.0035571825000797145,6.47185799939017e-06,5.170225667379419e-06,1
0.003094870162765508,0.9967163035163518,1.3970339494585547e-05,5.399641571403424e-08,0.00016790103471317516,3.836252291057966e-06,3.0646979682866875e-06,1
0.04087681789673478,0.9591065849639354,5.165574559409542e-06,2.0444972927077746e-08,3.0953728216625555e-06,3.3113242774127005e-06,5.004422698331569e-06,1
0.03676482741454827,0.9632202096326491,5.636883040375426e-06,4.010644536244771e-08,3.3688178911881786e-06,3.225296013263921e-06,2.6918494123784745e-06,1
0.003391746784546104,0.9965836968307239,6.039479680311179e-06,3.72089984131794e-08,7.3014905109574835e-06,6.929456437617772e-10,1.1177512594401033e-05,1
0.01235203984484357,0.9876248619967674,6.050233738677258e-06,4.314345829459632e-08,4.823504615125821e-06,4.150954567719356e-06,8.030322009098283e-06,1
0.014707931217678803,0.9851945101647384,5.215925746923169e-06,5.651392126598367e-08,5.205885765146836e-06,5.961363721175635e-05,2.746665493764783e-05,1
0.00416409430485295,0.9958046335201999,8.03387546135418e-06,4.9923571949347066e-08,6.226575963255821e-06,1.0020817629572816e-09,1.6960797868605085e-05,1
0.0035552687942202285,0.9963940246011407,5.47271884447448e-06,3.948158425770415e-08,4.6917718884309824e-06,7.924868756876667e-10,4.050183983495015e-05,1
0.003938800603463005,0.9960053809143949,5.572279709873128e-06,4.385649475206226e-08,5.211661919637774e-06,8.803014660662305e-10,4.4989803716494784e-05,1
0.005386633984124958,0.9939289312461581,7.1776783056197896e-06,5.1781595008145195e-08,0.0006735384478844155,9.304657935687805e-10,3.6659314662789986e-06,1
0.08133490531712402,0.9177409813497411,1.7853241033339287e-05,1.0269780232998285e-07,0.0008910902410625614,9.971716685957318e-06,5.095436550832049e-06,1
0.08133490531712402,0.9177409813497411,1.7853241033339287e-05,1.0269780232998285e-07,0.0008910902410625614,9.971716685957318e-06,5.095436550832049e-06,1
0.07988268476836952,0.919209469372045,1.8308085567486187e-05,1.0086415098098291e-07,0.0008751799802241166,9.252471222941571e-06,5.004458419915901e-06,1
0.06942748118700479,0.9285945365129535,2.0118180896165858e-05,9.420996185711199e-08,0.0019440153939837286,9.080209886370761e-06,4.674305313338459e-06,1
0.0554213296777451,0.9426331184184515,2.212520760828776e-05,9.028866425138656e-08,0.0019102942827865601,8.702264660780778e-06,4.339860083737303e-06,1
0.06294703188841536,0.9020089988263578,0.017302618267852104,1.9755158599340013e-07,0.01597451546691529,0.001759918980767575,6.719018105975859e-06,1
0.021420322240145326,0.22220128502064154,0.7400289126170744,6.916264265213677e-08,0.012748886751663947,0.0035978180877905613,2.706120041619447e-06,2
0.0293429528238946,0.23422533978177185,0.7212270293135173,7.282740944168165e-08,0.01105140449639792,0.004150256961755982,2.943795252959992e-06,2
0.03517241879764507,0.2142203642418577,0.7348573276694775,7.068756983210346e-08,0.010919543640854321,0.004826009577289671,4.2653853058702165e-06,2
0.04480547884530235,0.5838995070344881,0.3004419325435665,2.1350767554787374e-07,0.05275999217099866,0.018057067602031508,3.5808295937350804e-05,1
0.054101513633300555,0.6217537185757663,0.1427033985826521,3.086357992781975e-07,0.0306717024461089,0.15075282039254106,1.6537733831815177e-05,1
0.032240624183756596,0.5129235846668172,0.072365031270749,1.689755279252588e-07,0.010083633038595536,0.37237688238751715,1.0075477036653646e-05,5
0.0021960373488975806,0.04441867982411485,0.07611496216674085,3.596472731565809e-08,0.00373986647365015,0.8735265420517828,3.876170086357148e-06,5
0.0030717733627685755,0.14312797981997366,0.45568546624926604,1.413218217285691e-07,0.03864544221918018,0.35946626781046526,2.9292165247008173e-06,2
0.0010733950315224095,0.09812749603968154,0.8218712815000246,9.069074999429761e-08,0.016760420521775527,0.06216543644396248,1.8797722833706135e-06,2
0.0003289370809527394,0.04737125457881219,0.9380795004501863,3.7109616066677265e-08,0.0034681657905672315,0.010751216916486747,8.880733787338054e-07,2
0.005342586319148057,0.7482142661720307,0.20001946186189865,2.185821675262065e-07,0.014654355629108974,0.03176449352499418,4.61791065194353e-06,1
0.005799415085537953,0.8913650618614127,0.0751760519665575,4.514384506595841e-07,0.005343094091980736,0.02231048233018654,5.443225873829591e-06,1
0.004298851102067504,0.7765848410064734,0.19637137230644117,3.633200064640554e-07,0.004192270560471046,0.018547651511512744,4.650193027627699e-06,1
0.01217749394237027,0.8346475016403916,0.11019185587119372,4.1947297325873873e-07,0.00978964543066324,0.03318802584075635,5.0578016517603885e-06,1
0.014337051793478255,0.7836285714929503,0.15877922721502777,3.938321341268105e-07,0.010876171858591578,0.032373835170967716,4.748636850256011e-06,1
0.010348653398642,0.7818370363130345,0.11398526643345462,4.877286047991402e-07,0.05926089749617832,0.03456279516784029,4.863462245343714e-06,1
0.9736671632431558,0.021556856178127567,4.587826431843308e-06,6.424238991918639e-08,3.7846383268851626e-06,2.8532072558872143e-06,0.004764690664312186,0
0.9670754389258911,0.027699631359952622,5.67925133564394e-06,8.688223040301892e-08,4.758363531773122e-06,3.587290563158787e-06,0.005210817926495292,0
0.9286922160089268,0.06374615331761911,1.029637477442575e-05,1.6952678415085389e-07,1.2533543373418863e-05,6.109270038631657e-06,0.0075325219584833035,0
0.9024171718955012,0.09194096778544451,1.0207486288788104e-05,1.6014221528383427e-07,1.2401001653654658e-05,5.834172856155243e-06,0.005613257516040476,0
0.9311626474102096,0.06278209016443835,1.0078340837504237e-05,1.6930536035839428e-07,1.3239799577145413e-05,5.870668471568487e-06,0.006025904311105506,0
0.9523039753874171,0.047038785002541016,6.094418423623015e-06,1.0640059213009681e-07,7.682993125538694e-06,3.876301107637538e-06,0.0006394794967929617,0
0.9531683129836815,0.04649877083773232,6.327414600034817e-06,1.1046840129760822e-07,6.232821087608296e-06,4.024496271461466e-06,0.0003162209782257915,0
0.9429562324570173,0.05699520985701705,7.035553520560062e-06,1.2283158269030654e-07,7.205632510861151e-06,4.474901788639828e-06,2.9718766562959447e-05,0
0.9504857773579131,0.04948904234737162,6.3975936469965304e-06,1.0665488227177486e-07,5.692535933573378e-06,3.885565202302e-06,9.097945050025782e-06,0
0.9429734832253658,0.05699625254715301,7.3979716368715895e-06,1.2283382981388017e-07,7.205764333201331e-06,5.343840445186375e-06,1.019381723618691e-05,0
0.8845759522322185,0.11539171336762331,1.1152865956717102e-05,1.4475964170842937e-07,9.41260313481415e-06,7.93518175697521e-06,3.68898966813777e-06,0
0.4310711003971978,0.5681020533900248,1.4465772704362664e-05,1.9135059274004825e-07,3.6339543787244437e-06,8.39870515722719e-06,0.0008001564299444058,0
0.3873381478532598,0.6118989945270735,1.1602185479433968e-05,1.484401394590038e-07,3.1774412729820916e-06,6.168490889938656e-06,0.0007417610618846858,0
0.38085480699730045,0.6168231172345557,1.1979076832541606e-05,4.994654152026026e-194,3.1685540917973134e-06,6.083445586664976e-06,0.002300844691632859,0
0.3506129402661093,0.646719018242848,1.0707954818344081e-05,1.3699921530932575e-07,2.8323329525924933e-06,5.693058593479118e-06,0.0026486711454628046,1
0.3845656250747667,0.6126202819416903,1.1291754553936954e-05,1.444684386139478e-07,2.9867522844710508e-06,6.592807620301983e-06,0.0027930772006456916,1
0.37097343250077575,0.626311931837606,1.127842505773072e-05,1.3936230662900275e-07,2.500168052490591e-06,6.359789625620318e-06,0.002694357916575987,1
0.35775030170105365,0.6396074625839862,1.0775212696616387e-05,2.2347656801937774e-07,2.4751888726972025e-07,5.989708344552579e-06,0.002624999798463622,1
0.3381668422882716,0.6585681084021914,1.1134682676109052e-05,2.309319305801783e-07,1.0116800121235962e-06,6.189529953313905e-06,0.0032464824849647474,1
0.3584217169676323,0.6384131579466565,1.0793914614595169e-05,2.2386444346675432e-07,9.807183541552553e-07,6.000104337404935e-06,0.003147126483961331,1
0.4559587913088502,0.5385023097709106,1.2421825082733237e-05,2.6306863327367725e-07,1.1571553452591872e-06,6.9466756056319775e-06,0.005518110195572276,1
0.4468143330245761,0.5491905461668877,1.4709162195364018e-05,3.050661901915451e-07,1.3884661402612397e-06,8.138535792363822e-06,0.003970579578217959,1
0.3851021308603155,0.6114632906041391,1.264493046556542e-05,2.6225428145614236e-07,1.20750525165382e-06,7.10134347421474e-06,0.003413362502072648,1
0.5557988122547333,0.44401034641411025,1.1685074610699945e-05,1.6060762383419702e-07,1.1254959224491142e-05,8.838480764063928e-06,0.00015890220893338415,1
0.4196569606834702,0.580312293531832,1.4380177235355687e-05,1.687624780898658e-07,2.7593178018447227e-06,9.15598493202092e-06,4.2815422504279254e-06,1
0.5346621921179424,0.4652869671226191,1.7185737163550192e-05,2.1319622033831407e-07,1.640486422662075e-05,1.2274163222551285e-05,4.762798605566458e-06,1
0.5413050280666878,0.4586529082283367,1.393016385301491e-05,1.7280947880752281e-07,1.207064174154458e-05,9.881680325817783e-06,6.008409576329298e-06,1
0.5165388596842175,0.4834202780014987,1.3532301391811075e-05,1.678738294294409e-07,1.1725889498694167e-05,9.599447489453232e-06,5.836802074279588e-06,1
0.17447654859360656,0.8254816312067712,1.3106634902227083e-05,1.7932213037724282e-07,1.6669233164738425e-05,8.310823958300443e-06,3.554185466740491e-06,1
0.13499541613335117,0.6354116746754086,0.00033255618622245257,2.412485322549946e-08,0.22813474803450315,0.0011077139492223136,1.786689643908743e-05,4
0.013505732220644788,0.3727224557650729,0.0004946964012364095,1.1083763684508368e-07,0.6064840151549022,0.006784348933361216,8.64068714559747e-06,4
0.022322088759067243,0.26188941978957964,0.0008228494446366652,8.827777747198827e-08,0.7141188600157357,0.0008398117489287878,6.881964274556408e-06,4
0.533638681409214,0.42642858004355383,0.0101292866078228,3.658974045575035e-07,0.023522606101168998,0.0062646814315154885,1.5798509320389134e-05,1
0.37414648877241846,0.6131390539589516,0.0007089558279591456,2.4338566242737397e-07,0.005742042032604694,0.006238484883158932,2.473113924462496e-05,0
0.31697878835482113,0.6665654546752066,0.0004883009639953656,2.4312326644794063e-07,0.010385036548252149,0.005570771643264934,1.1404691193417287e-05,0
0.5125955540506311,0.48035753500582906,0.0005647626685190575,2.87462552160543e-07,0.005245846504514687,0.0012251419900263787,1.0872317927539967e-05,0
0.9168301030775,0.07568461365035865,0.0007902320710104051,3.1150099663067994e-07,0.006342420909280652,0.00034639103887059867,5.927751983043636e-06,0
0.9153242905337945,0.07720536355688551,0.0007563294504819933,2.6421933017942373e-07,0.006331495761415717,0.00037644478489783903,5.8116931943010764e-06,0
0.7411782549620118,0.257649346111877,0.00015709294827420333,2.176793810197366e-07,0.0008989663550155133,0.00010969067078213007,6.4312726585379975e-06,0
0.665072125159479,0.3337977651113354,2.4451592557161613e-05,2.324564563081571e-07,0.001081890311638515,1.702435029248529e-05,6.511018241341103e-06,0
0.8200003055970567,0.17994979025075708,1.5235801833892803e-05,1.1264158398863902e-07,7.635010328405912e-06,1.027876023643582e-05,1.6641938203376424e-05,0
0.6069537642810535,0.39236385536106866,3.31706839888459e-05,2.5906461125621687e-07,0.0006184759465250466,1.6967045048571703e-05,1.3507617704128278e-05,1
0.866924204227125,0.13302287571577168,1.4408404767960982e-05,1.250914681148876e-07,2.5919071952486392e-05,8.140263130166847e-06,4.327225784730873e-06,0
0.9289695218633158,0.07056347358553218,3.527320292371702e-05,2.6060667357801656e-07,0.00040594705184329337,1.650759877389377e-05,9.016090937364982e-06,0
0.8974733329170359,0.10241881495339401,3.4209914544486633e-05,2.475227422600107e-07,4.949144728546063e-05,1.5340816170742273e-05,8.562428827129087e-06,0
0.6613975011028655,0.3385352405776044,2.528836823622104e-05,1.989508362658865e-07,1.6788009111583425e-05,2.0612443236985538e-05,4.37054810875894e-06,0
0.7431692279054289,0.25675397758553115,2.650895094766897e-05,1.7259283740149947e-07,1.3101998803005302e-05,1.7671049929987395e-05,1.9339916522025604e-05,0
0.4805572127112967,0.5187163877696805,1.8494699276868712e-05,1.525917077293332e-07,8.810465111832134e-06,1.3867768812953241e-05,0.0006850739941134077,0
0.4827574968644476,0.5105922309975688,4.9750155690655914e-05,3.9357091888925626e-07,2.2958424663245554e-05,3.112641614334297e-05,0.00654604357056745,1
0.435582132314919,0.5608010209719797,4.5269512284774236e-05,2.6844136660977067e-07,4.2130898168139247e-05,2.135178693750162e-05,0.0035078260743442273,1
0.6923973902659376,0.30639460035826976,4.874207566395677e-05,2.3269309734492003e-07,2.413751129185862e-05,1.8934522267249744e-05,0.0011159625734723565,0
0.5273126440201337,0.4711339684462638,5.285420689211484e-05,2.8166790726334507e-07,2.6244738854151297e-05,2.0799992920748346e-05,0.0014532069270280902,0
0.8648879440782871,0.08790678534864003,6.831280101654817e-05,3.50627525556095e-07,2.9710152050976097e-05,2.876410376755296e-05,0.04707813288871213,0
0.9414658837126966,0.050143822460094876,5.575335627660784e-05,2.8616395553710197e-07,2.3004155665723718e-05,2.335599870591568e-05,0.008287894152604992,0
0.9706161998319466,0.018954465343916774,3.9805288269925714e-05,1.7303384155738047e-07,1.637367764391164e-05,1.7160792236079478e-05,0.01035582203214517,0
0.6973621181549172,0.009368541518066516,4.364634286577273e-05,2.0282098545113717e-07,2.2767000580670786e-05,1.883937129622074e-05,0.29318388479128804,0
0.019705638488454587,0.00016479010210724686,1.5930975789016737e-06,2.8395315828867956e-47,8.792104820743481e-07,8.534052202146084e-07,0.9801262456961569,6
0.02210918407475652,0.00022843585981309735,1.6535227112707795e-06,3.4957034657104005e-47,1.2704886667102104e-06,9.6175439252781e-07,0.9776584942996599,6
0.8415905550050788,0.09389967482775811,1.5446658772718665e-05,1.84785836133581e-07,5.372911622749624e-06,9.028949407595204e-06,0.06447973686152385,0
0.804498936915974,0.1382448084878464,2.012961986313478e-05,3.372917226430229e-07,7.364638158016813e-06,1.1766254567581081e-05,0.057216656791868555,0
0.7971107685827085,0.18025473810468998,2.3015865946122238e-05,2.897987796170735e-07,6.015913548806036e-06,1.0315792739603312e-05,0.02259485594158744,0
0.7963595257156558,0.19149144044698094,2.2994174475121532e-05,2.8952565664013143e-07,6.010243807133393e-06,9.4759432245453e-06,0.012110263950199835,0
0.7648363989031892,0.22950238928625138,2.280939865591205e-05,2.6170242951397037e-07,5.821399438489658e-06,8.560823468312904e-06,0.00562375848656708,0
0.6354869128087419,0.3626664779794918,2.4779998150046362e-05,2.9324939891962647e-07,1.175277792737415e-05,9.81365890998156e-06,0.0017999695273798568,0
0.7360093902578299,0.26141100871776257,2.5855249753620975e-05,1.8092976131810865e-07,2.203974091517709e-05,8.55375556118219e-06,0.002522971348416202,0
0.7989927653352095,0.19579441945511755,2.0874703180557348e-05,3.49599783350699e-07,2.0481858973566005e-05,8.569702477371854e-06,0.0051625393452582385,0
0.8599171550993909,0.13510852423933234,2.3959608971287895e-05,4.6081611949854927e-07,2.1810876123018897e-05,1.0836811183093423e-05,0.004917252548879738,0
0.8634655946012775,0.13260949538190206,2.147703617711242e-05,2.5005971781643175e-07,1.9761973809843004e-05,1.086327801360333e-05,0.0038725576691019795,0
0.8197213261964251,0.03107471429422422,3.76289347516705e-05,3.147644059956956e-07,2.7800325224911866e-05,1.725586911550988e-05,0.1491209596158525,0
0.804646898691406,0.0394213593047997,4.1889649373454496e-05,3.308147193762062e-07,2.8642252282549063e-05,1.8177115850717537e-05,0.1558427021715682,0
0.7807537975070571,0.043434649704512954,3.031923335874668e-05,3.025150118520679e-07,2.167209491093986e-05,1.509087600505391e-05,0.1757441680691434,0
0.7947610966123487,0.18475683150706498,2.0094198263894754e-05,2.8273515839572396e-07,1.6750567293242554e-05,1.4104163596699805e-05,0.020430840216274195,0
0.8468430708081042,0.1482139240822598,2.3420244576307716e-05,2.0508449485745437e-07,2.206896967295827e-05,1.1082367497154347e-05,0.004886228443394873,0
0.8629027075695292,0.13164791307260054,2.9255288894507905e-05,4.595983590436683e-07,1.9660072384994694e-05,1.180818865605993e-05,0.00538819620957553,0
0.8094284785292282,0.11651474610664704,4.856349645369739e-05,3.1677219913984094e-07,3.061712093042981e-05,2.080704728089911e-05,0.07395647092726049,0
0.2928151063666835,0.029828466162368228,4.063602315591058e-05,1.2881292686532986e-07,1.649163594738258e-05,9.991813666798e-06,0.6772891791852512,6
0.7767998493905649,0.19890764548291373,8.151864146640217e-05,3.049239203923074e-07,4.107196737216709e-05,2.5730964081168907e-05,0.024143878629681134,0
0.8664534875634067,0.12924110149553156,7.664483993192407e-05,1.195781772539902e-07,2.2722488393101616e-05,2.0185214674399738e-05,0.004185738819885205,0
0.859145167968639,0.13726329877384214,5.835973089654487e-05,1.27000581713654e-07,2.227845311903475e-05,1.8600055406191233e-05,0.003492168017515406,0
0.7585889800595236,0.2386032391822453,5.961304982389504e-05,2.810281729891997e-07,2.458251938953797e-05,1.9311583104066488e-05,0.002703992577740509,0
0.7474087135243428,0.2500139442806123,5.081609328817833e-05,2.597813794770667e-07,1.792479126994417e-05,1.785155433100726e-05,0.002490489974776111,0
0.6146355705136926,0.3782166097369636,3.34129707457952e-05,1.922229707367766e-07,8.264642367930686e-06,1.1944979611506035e-05,0.007094004933647915,0
0.27613044705729284,0.7237047940850184,3.344758573316296e-05,1.8069942809754168e-07,1.0546886610962436e-05,1.1534873182988678e-05,0.00010904881273378433,1
0.2000314573424539,0.7998153686498555,3.0863826376161645e-05,1.6674075730209172e-07,1.0874604126656347e-05,1.064382721165506e-05,0.00010062500921867914,1
0.15231452124661582,0.8475523936657875,2.5652779470767907e-05,1.535586959967543e-07,9.446256851773687e-06,9.763084551204667e-06,8.806940802694947e-05,1
0.05648217744864098,0.9434300386976093,3.903408065564254e-05,2.399540816587477e-07,2.1453158128731696e-05,1.6489069902934424e-05,1.05675909807045e-05,1
0.03032760176355469,0.9695698566341784,4.719598988706112e-05,2.405195089179162e-07,2.6192255785896417e-05,1.832034465644601e-05,1.0592492428360354e-05,1
0.02094486029676329,0.9768494362423219,3.0143784019975897e-05,1.7472169207003127e-07,0.0021526669540231406,1.0225508501376983e-05,1.2492492678427486e-05,1
0.036090369135290686,0.9638626127251512,2.0149804520914453e-05,9.424887477517613e-08,1.2354781706381099e-05,7.680568331487469e-06,6.738736124458974e-06,1
0.04255333239981001,0.9573806223938024,2.617485251905728e-05,1.0805907059920574e-07,2.3230143704411322e-05,8.805994528359366e-06,7.726156565363296e-06,1
0.0037391167179237792,0.9925374876305278,1.6748597263677483e-05,6.131002413537403e-08,0.0036983124137033585,4.599161290940128e-06,3.6741692659321535e-06,1
0.003637674293834889,0.9963173946386693,1.4547091204934697e-05,4.507628995213095e-08,2.3060611725981735e-05,4.087067268559199e-06,3.1912210062986102e-06,1
0.003086867509211453,0.9968892536136543,6.041331410364117e-06,3.722040684970846e-08,6.618692491391378e-06,6.931581038314401e-10,1.1180939667109898e-05,1
0.0032603420348244028,0.996713247503672,6.040264781110368e-06,3.7213835388537793e-08,9.153324238397374e-06,6.930357230744845e-10,1.1178965612630305e-05,1
0.0030950338772893116,0.9968886549118905,5.6161064018598055e-06,3.489923305099091e-08,7.18754787450987e-06,7.068670418981094e-10,3.4719504437104416e-06,1
0.008112627269784749,0.991869949533092,5.355723511456488e-06,3.819099293251912e-08,5.686466576180512e-06,7.467745945887882e-10,6.342069267887541e-06,1
0.003468456529360721,0.9964744664415132,6.160273106603937e-06,4.4441775399153966e-08,5.281213416582362e-06,8.92049404760551e-10,4.559020877806157e-05,1
0.0047952844626037005,0.9951737991825683,6.656439195168707e-06,5.360189530319231e-08,5.9100714613907804e-06,9.849147819346663e-10,1.8295257361440177e-05,1
0.016573858267379497,0.9834028442426898,9.455739972082439e-06,4.486400554827807e-08,1.1891286833706062e-45,6.8193194829571e-06,6.977566470082592e-06,1
0.003176292942707696,0.9955654439661059,6.21098548530551e-06,3.1879922336000335e-08,0.0012391012895534852,5.384026886494211e-06,7.534909338753495e-06,1
0.08708843738459442,0.9120161322694134,1.748010265866796e-05,1.0055138583495147e-07,0.0008633182681201507,9.542483509674972e-06,4.988940318060195e-06,1
0.08607017861819156,0.9129617938162305,1.8892646873588025e-05,1.0867681170554413e-07,0.000933081887309379,1.0552264528297789e-05,5.392090054790311e-06,1
0.08842799316635705,0.910459183978899,2.026656052115803e-05,1.1165391448145745e-07,0.0010766626009254862,1.0242237907333832e-05,5.539801475636787e-06,1
0.08149582906822465,0.917172630373208,1.8060818794083153e-05,9.950189204499658e-08,0.0012995762016492231,9.021328534212365e-06,4.782707697835814e-06,1
0.012967921290735644,0.9863102352329649,2.9498902280032228e-05,8.36981285232464e-08,0.0006788236660412936,4.98337952662575e-06,8.453830322930954e-06,1
0.015116984477191734,0.9812248639222195,0.0017341454174109882,4.417241978847856e-08,0.0017401777429901987,0.00017841969395289518,5.364573815061842e-06,1
0.008975990452691027,0.581203198920435,0.40426446421467205,5.7012214202702604e-08,0.005291459292332617,0.0002623096883886222,2.520419266516812e-06,2
0.029877562725667665,0.6327892207327932,0.3281540960233643,1.0911832147281974e-07,0.0081532446875044,0.0010219839285808465,3.782783767959899e-06,2
0.06181076428077353,0.8886844121245077,0.029249765857039242,1.8947975711583146e-07,0.018414851569172233,0.001833572205339098,6.444483411131473e-06,2
0.06510523902135057,0.8725512115833024,0.04011501610962787,1.9651215123450917e-07,0.01977883965614264,0.0024440908151465656,5.406302278835909e-06,1
0.1056727800299214,0.7233718996805029,0.07336356161742152,2.3415153475142905e-07,0.028111383093566717,0.06946601074548615,1.4130681566588792e-05,2
0.045386516682056795,0.685461034134311,0.14004949258273175,2.876988314949302e-07,0.026408375051376307,0.10268077813646274,1.3515714230008066e-05,1
0.0034584106385325154,0.06609983511881266,0.06121459132104758,5.3523368261593063e-08,0.005306257839784364,0.8639155180611752,5.333497279539857e-06,5
0.002307091065275389,0.047492094840020475,0.0892350379857203,3.8456024543296724e-08,0.005087441914034867,0.8558743152696103,3.980469314096715e-06,5
0.001016396814154326,0.07573772585634804,0.6503129948757187,7.380334681290285e-08,0.00827963013424043,0.26465164877378944,1.5297424022582995e-06,2
0.001146464898058681,0.10366001440266001,0.7753430164588291,9.537941175140852e-08,0.016402211740372367,0.10344622016519421,1.97695547369235e-06,2
0.0012052439355620711,0.08818859332800723,0.8456123843937653,7.950604613713925e-08,0.01585085017591674,0.04914120071687261,1.647943829975792e-06,2
0.0010389544123170392,0.0433930789076067,0.930540614449577,4.335681490429425e-08,0.0021614565084731,0.022861187728564054,4.664636647133491e-06,2
0.000855106492352503,0.0371976614356354,0.9512429960674198,3.568462049235165e-08,0.0017789765089027926,0.00892138460404123,3.8392070278941955e-06,2
0.0011016264717952087,0.034763857175281784,0.9469808654767129,3.549206763566002e-08,0.001962254366254597,0.015187542527075408,3.8184908126044665e-06,1
0.005319202222538544,0.1794312086048984,0.63861529370944,1.7463660076263473e-07,0.007280613867662651,0.16933435627582663,1.9150683032978513e-05,1
0.004866731021828602,0.7883759186710539,0.1593151721892705,2.3266462785780757e-07,0.012032316924395247,0.035404713102851655,4.915425972186093e-06,1
0.006335046599818543,0.878245599068895,0.07194850384243322,2.5918686839086494e-07,0.013382812351167176,0.030082303198545764,5.475752271706067e-06,1
0.00795309088826284,0.81256394661099,0.05527340532378584,3.945714001672339e-07,0.10016964520479506,0.0240347598502045,4.757550561600264e-06,1
0.009194208603244462,0.8341392135326299,0.12226527048044239,4.192175203598613e-07,0.010207754428328943,0.024188079016309275,5.054721524609759e-06,1
0.012410003373255424,0.7836515058894539,0.11454202115125288,4.976333818789318e-07,0.046898108953567934,0.04249290076980536,4.962229282794696e-06,1
0.013038367070966467,0.7843105894243653,0.10262144903743538,4.980519122664238e-07,0.048126537115125274,0.05189759289747127,4.966402724167763e-06,1
0.01280649636094288,0.7703626270561478,0.10596085418073037,4.891946949556014e-07,0.06306427162465705,0.04780038350123386,4.878081593181956e-06,1
0.6557165003066189,0.018225421868349773,1.1264165737763792e-05,1.0913537813236882e-07,8.724304441464417e-06,5.010220744045987e-06,0.32603296999873,0
0.9727019364524917,0.02376201297255033,5.584738599306376e-06,6.928100608188567e-08,4.009387720980344e-06,3.0769880992389184e-06,0.0035233101795323156,0
0.9720092538282445,0.024321964581242923,5.580761583075885e-06,6.923166954074717e-08,4.006532547052839e-06,3.0747969077634173e-06,0.0036560502678049606,0
0.971200578838012,0.02387188654137238,4.940019099464437e-06,6.917407140629614e-08,4.075172829035304e-06,3.0722387928591e-06,0.0049153780158225635,0
0.9679369264525101,0.028324137876822607,5.682598788662963e-06,8.6933440354344e-08,4.7611681969356e-06,3.589926870684186e-06,0.0037248150433707205,0
0.9139736655757598,0.07738201570852855,1.0089544573795175e-05,1.661213856930134e-07,1.3012284192429069e-05,5.987419459972812e-06,0.008615063346099933,0
0.9247862315991074,0.06845693779981324,9.237757730839645e-06,1.520969656974511e-07,1.1521802354741172e-05,5.481945195801701e-06,0.006730436998832423,0
0.9317722735064603,0.06282319318832773,1.029868669594496e-05,1.5194127625048953e-07,1.3248467587351584e-05,6.638447219060244e-06,0.005374195762433438,0
0.9327582731371938,0.0628778634948942,1.0095610924497486e-05,1.8512430151221813e-07,1.3262487090314205e-05,6.645472011161005e-06,0.004333674673584837,0
0.9308424394374438,0.06537311168694561,9.949660400745856e-06,1.8244799108713035e-07,1.2191535529069109e-05,6.549399556719224e-06,0.0037555758321328498,0
0.9484152822773058,0.05016519151271044,6.997292828528183e-06,1.0991869814547887e-07,8.939623638815167e-06,4.802444036494819e-06,0.001398676930781637,0
0.923595325608116,0.07638062956981782,7.605675258321902e-06,1.2608471052710504e-07,9.433521444519939e-06,5.220851039259987e-06,1.6586896132668217e-06,0
0.35271159476890557,0.6466499713797407,1.131187576138504e-05,1.6312581558930628e-07,2.992074492107147e-06,7.159871359938869e-06,0.0006168069039248211,0
0.35156280928320044,0.6458271731235697,1.2280140276013847e-05,1.1519996674446166e-07,3.5428603962630554e-07,6.924646688592624e-06,0.002590343320258684,1
0.3120293063944291,0.6850294147408896,1.2225668317074925e-05,1.14688965427113e-07,1.3951026178657895e-06,6.893930502815469e-06,0.00292064947427782,1
0.47291617547510795,0.5250083564217113,1.4666164082130688e-05,1.4554487551756886e-07,1.8393461558810813e-06,8.708045739498295e-06,0.0020501090023276208,1
0.58309503572264,0.41669713287621296,1.2685891795265941e-05,1.6123288410961146e-07,1.151723399100105e-05,9.428944508392545e-06,0.00017403809796824013,1
0.33857328661133207,0.6613739323751802,1.2952643123647392e-05,1.6931156387048547e-07,1.2520554736188904e-05,9.317471765522985e-06,1.7821032298751843e-05,1
0.37288512030058607,0.627052014583002,1.548911651062239e-05,2.0246728905838606e-07,1.4720584795944969e-05,1.1142081533701704e-05,2.1310866282649724e-05,1
0.35966051615731215,0.6402912624077695,1.794859431668368e-05,3.792239133260921e-07,1.2925254887177775e-05,1.1514247737235313e-05,5.454114063930983e-06,0
0.335731237184657,0.6642380372236809,1.3438057503595932e-05,3.3438767959585755e-45,2.6716051226328667e-06,7.442085058647999e-06,7.173843977122583e-06,1
0.20161864368084334,0.7983363337368791,1.4330004667252284e-05,2.08531892434213e-07,1.797933337297598e-05,9.202261560541398e-06,3.302450784175753e-06,1
0.42241123830102917,0.5769389107482653,2.1219785423219387e-05,3.052742138449417e-07,0.0005979268351979148,1.3102997629644462e-05,1.729605824114596e-05,1
0.20482221628513322,0.785945249746536,1.792015707630678e-05,2.544592764294685e-07,0.009153735560271175,4.0862821541432874e-05,1.976097016538684e-05,1
0.25033117485303324,0.738704390856148,2.0751592879111648e-05,2.674971951474578e-07,0.01086267833704787,6.181560905568827e-05,1.892125464105438e-05,1
0.03520135680785318,0.49667432535167316,0.0006207667022604681,1.393112324153505e-07,0.4578420115595249,0.009650539834038005,1.0860433418037584e-05,4
0.03330198536443226,0.4957020386570384,0.0004660663851793368,1.4949175296660324e-07,0.45998391802525174,0.010534187989295113,1.1654087050202716e-05,4
0.06907384667722585,0.8877850397174463,0.0029216617251041606,3.385859500523506e-07,0.03565789938815423,0.004536204569412467,2.500933670675513e-05,1
0.44786253097104844,0.5457944894009407,0.0004624067206159404,2.612864885605222e-07,0.004673231430570622,0.0012015272573916945,5.552932944185891e-06,0
0.6474687371107327,0.3511290069563424,0.00021957768879948627,2.240913929420854e-07,0.0009861436510061146,0.00019021718582495675,6.093315901457967e-06,0
0.8018268606012635,0.19714604284733475,0.0001165245766884906,1.694405470740463e-07,0.0008132130240826303,9.205232706518377e-05,5.1371830181669414e-06,0
0.7851427589170658,0.21361587544027982,1.9745240536591836e-05,1.8292321519112223e-07,0.0012023636164733317,1.3527905154436466e-05,5.545957274899925e-06,0
0.6937249744080716,0.30586085317500483,2.4000214231427717e-05,2.2228295539231295e-07,0.0003459265046841373,1.845054839535132e-05,2.5572866657354377e-05,0
0.07633668607465172,0.064741823934058,4.047097842681664e-06,3.104062373444452e-08,0.8589098663790856,2.4524101081655893e-06,5.093063629989634e-06,0
0.5937243109642202,0.4059172032284847,4.377726875706875e-05,3.014719036389646e-07,0.0002648203302507059,2.2299474445273573e-05,2.7287261938318656e-05,0
0.5808910418853062,0.41855864133337906,3.939526285180113e-05,3.1076560031422164e-07,0.0004747096580794093,2.3950133980396872e-05,1.1950960802757963e-05,1
0.7924845200116025,0.20738105832198883,1.934570351105226e-05,1.6725940874531303e-07,9.235185330818759e-05,1.165238069138949e-05,1.0904469489063687e-05,0
0.8813754923710347,0.11857733394269895,1.2843732437439093e-05,1.1150723293439409e-07,2.3104405417920356e-05,7.256275992932776e-06,3.857765185009611e-06,0
0.9299977811507026,0.06980086974935361,3.6058101847451404e-05,2.608951343145153e-07,0.00013841791364747994,1.7586118631804996e-05,9.02607068268932e-06,0
0.9315902598229142,0.06829913739875769,3.439573397194402e-05,2.488672219192517e-07,5.057287571290493e-05,1.677535497064348e-05,8.609946450514235e-06,0
0.9191660892844162,0.08073561815134367,3.12164163509504e-05,2.2586355685482845e-07,4.503774909430161e-05,1.3998436158808293e-05,7.81409907920186e-06,0
0.689515858915217,0.3104221175327294,2.2695628999934117e-05,1.9296748439390615e-07,1.7119659636092005e-05,1.7440785231810627e-05,4.574510701308233e-06,0
0.6579381515671874,0.34198699895100076,2.614792037920023e-05,1.7024226191762977e-07,1.2923548008821617e-05,1.6026412081622062e-05,1.9581359080278147e-05,0
0.7305681452578434,0.2693514680599832,2.7365718876346088e-05,1.7817102901296314e-07,1.458135547152589e-05,1.6777880881765844e-05,2.1483555914682798e-05,0
0.6279420358867588,0.3719660491351135,2.1782927553155793e-05,1.537375198881658e-07,1.2581739237960102e-05,1.397190198216809e-05,4.3424671834374973e-05,0
0.5308879727864925,0.46902666748600885,1.7650582060704548e-05,1.4570360543286133e-07,1.1918003270958328e-05,1.3234829491823589e-05,4.2410609069780886e-05,0
0.5374834978317258,0.46165531560233247,2.3146871017293398e-05,1.6289905062787138e-07,1.1084701492922438e-05,1.571818174071882e-05,0.0008110739126401902,0
0.5194449363827055,0.479693766153809,2.331367493674188e-05,1.6362994090408052e-07,1.018536737857805e-05,1.5684551695896484e-05,0.0008119502395332086,0
0.6144176644366927,0.3808967078864192,3.1254784334133966e-05,2.1995952246873644e-07,1.4967463823110488e-05,2.129381543859698e-05,0.004617891653769829,1
0.6939648558203394,0.3019246404316829,3.512334325778732e-05,2.786112376635528e-07,1.553792260611189e-05,2.396488830215104e-05,0.00403559898257412,1
0.6547562703211431,0.3394085246102488,4.906167564770934e-05,3.9556664947015396e-07,2.20604310026016e-05,3.402486794899473e-05,0.0057296625273591225,1
0.7063558575438067,0.29037315886421505,4.0877551737831036e-05,2.4573855183445664e-07,2.4076691665928695e-05,1.7971627969463774e-05,0.003187811982053054,1
0.8046372017908774,0.19319683608484042,2.344886495976644e-05,1.4548764285847444e-07,1.2837757401772316e-05,1.1572065779523596e-05,0.0021179579484984596,1
0.6632868605052601,0.3345749998073215,4.59836029128619e-05,2.0254049107575566e-07,1.9310448478235228e-05,1.592377045272434e-05,0.0020567193250834257,0
0.6290525982553543,0.36629742153346323,5.871823176904521e-05,2.5498194615164483e-07,4.704425992709332e-05,2.074819318769274e-05,0.004523214544352418,0
0.6883975950524822,0.3079692662701283,4.8232337439892904e-05,2.1233401125145413e-07,2.2025640866477975e-05,1.7277878501808883e-05,0.0035453904865701573,0
0.7047456558413162,0.2917456307917773,4.6938316389293904e-05,2.2408200873680197e-07,3.396552505990904e-05,1.8233827442796104e-05,0.0034093516160056667,0
0.733312114568256,0.26541460185208304,4.750750337891343e-05,2.2679928906963234e-07,2.7738599135717317e-05,1.8454935870830268e-05,0.0011793557419864532,0
0.7408591970742361,0.2576496966877056,5.3138162657210894e-05,2.8783185119733633e-07,1.7523052146968006e-05,2.4687625916846384e-05,0.0013954695654862237,0
0.8441152127164264,0.07670697065612994,7.885766165805309e-05,4.0475088661062246e-07,4.6132382320704424e-05,3.49361447901908e-05,0.07901748568778785,0
0.978229775766535,0.013370932455262167,4.166307834667329e-05,1.8062065247139763e-07,1.4050684191677368e-05,1.8935070676249844e-05,0.008324462324335842,0
0.7679788255383286,0.009346936659571163,4.5551925258698284e-05,2.116760709729664e-07,2.376099899148092e-05,2.219996558592458e-05,0.22258251323619332,0
0.7496201111990995,0.008998172030392474,4.192085831571033e-05,1.9480279987484214e-07,2.1866945612170425e-05,2.043034639383284e-05,0.24129730381738654,0
0.020011388571552897,0.00023968268068562583,1.6001151534414284e-06,3.3036372705188835e-47,1.0124445413081482e-06,9.089122368090879e-07,0.9797454072758299,6
0.02025842852462195,0.000521089075446896,1.3230533624890613e-06,3.605631724005794e-47,9.065289656988128e-07,7.205710104517182e-07,0.9792175322465926,6
0.021663981572611263,0.0010944839669079817,1.4057747770453078e-06,1.3260697426315899e-08,9.609298669568407e-07,8.396571683176604e-07,0.9772383148379711,6
0.037449239632973266,0.0032112117739582354,2.288564385789357e-06,2.2341787064585416e-08,1.8779910597163626e-06,1.1056827986598007e-06,0.9593342540130373,6
0.04614487716473737,0.003376006129399041,2.386155610263675e-06,2.410461336280151e-08,1.2874840319722127e-06,1.1875518742352596e-06,0.9504742314097337,6
0.7778738243561711,0.21019399293953714,2.523996548353491e-05,3.1780299780281954e-07,6.939109166422923e-06,1.1312642039729786e-05,0.011888373184604468,0
0.8101356713675083,0.1864837535603524,2.116582578652424e-05,3.5447536884258334e-07,2.0767502899031954e-05,8.68921718835932e-06,0.003329598050896511,0
0.8050662064488777,0.18964153672155223,2.3056106501051038e-05,3.7953711160999287e-07,2.0988401078505748e-05,1.0451934467893125e-05,0.005237380850410699,0
0.7680335061795218,0.2069635038836857,1.826024841039671e-05,3.000490174216528e-07,1.6329026096334833e-05,1.4967860568726586e-05,0.02495313275269963,0
0.8062291786356807,0.186877801422348,2.5408510982475413e-05,2.2249518458028704e-07,2.3124369130011772e-05,1.202320733012891e-05,0.006832241359344149,0
0.8269716542924461,0.16786305130896575,3.168313442849035e-05,4.977396273611144e-07,2.1291627592321373e-05,1.3025404988793098e-05,0.005098796491950895,0
0.6482739441279947,0.3453652458765021,3.0960408379161645e-05,2.6432112179449315e-07,2.0190071561579302e-05,2.0618521937550256e-05,0.006288776672503422,0
0.8509146226694722,0.1397604022284418,8.222783628414264e-05,3.838890970129081e-08,4.095266880493658e-05,2.6166210696272095e-05,0.00917558999739116,0
0.8664835547479753,0.1258137180179729,8.37323345780536e-05,3.9091300178295637e-08,4.042976214840949e-05,2.9296355983580235e-05,0.0075492296900416915,0
0.8439049901802036,0.1520889530459936,6.416892549118053e-05,1.3964236537976444e-07,2.5362757684584167e-05,2.0452362285288744e-05,0.0038959330859763314,0
0.7972395917173873,0.19936935609104078,6.577006724773877e-05,3.0505558356759056e-07,2.6684281216977182e-05,2.0962689223515777e-05,0.0032773300982999634,0
0.6898818579517292,0.30764900117729055,5.243837689301199e-05,2.472052897192193e-07,1.7102924198513956e-05,1.6987355557270074e-05,0.002382365009041767,0
0.677115561768876,0.31827761807070437,4.2748886589403514e-05,2.3929822066860533e-07,1.028864659373304e-05,1.6356851861183732e-05,0.004537186477154721,0
0.6449933307883703,0.3498478705776107,3.946229862566024e-05,2.2702441909870644e-07,9.76093349013593e-06,1.4107585826261608e-05,0.005095240791657839,0
0.6815362084867342,0.31256970327519723,3.9711714413247276e-05,2.2845929431538158e-07,9.822626067578541e-06,1.4196750795164884e-05,0.0058301286874982055,0
0.6621002229392893,0.3333669672016083,3.8321916142825605e-05,2.2095967134220217e-07,9.500179163703974e-06,1.3730714695705772e-05,0.004471036089428949,0
0.4694028615139935,0.5302722939793046,4.426510059449403e-05,2.45189102005022e-07,1.4385341965233727e-05,1.5236362299405039e-05,0.0002507125127406818,0
0.398765522349274,0.6008888360198381,4.0537345875537204e-05,2.2403682707816477e-07,1.3076361318629697e-05,1.2697143676774558e-05,0.00027910674318990295,1
0.47713979463702394,0.5224882451346864,4.5799371925458564e-05,2.5311834671801973e-07,1.4603800710831654e-05,1.7221732270517264e-05,0.00029408220503609583,1
0.16377170227387985,0.8361590197746464,2.7030002230830494e-05,1.4610520619840445e-07,7.738658417347298e-06,8.444971794476034e-06,2.5918213824985914e-05,1
0.16090384787060827,0.8390279996391383,2.8176909083855814e-05,1.5230457905899928e-07,8.067016524619457e-06,9.683349244643723e-06,2.2072910821083304e-05,1
0.3265417219008527,0.673372160266441,3.14751085141296e-05,1.754144653949051e-07,1.2535179740368095e-05,1.3197950702936017e-05,2.873417928351393e-05,1
0.32673772475666685,0.6731903996515625,3.495687444326468e-05,1.758253591695015e-07,1.1911807947124067e-05,1.2082297654672007e-05,1.2748786366390872e-05,1
0.355957876628839,0.6439738806661659,3.6287354747163035e-05,1.8518440118263335e-07,1.2447867945641117e-05,1.2725428610862621e-05,6.5968692902081775e-06,1
0.3483448079728731,0.6515933493828444,3.058799808862563e-05,1.808345088371241e-07,1.0683335524398539e-05,1.242651442503374e-05,7.9639617354167e-06,1
0.33224972468123953,0.6676917981297923,2.8685881659965203e-05,1.7236785824701856e-07,1.0183143002497678e-05,1.1844706470533035e-05,7.591089976810738e-06,1
0.054770128502433915,0.9451259778780171,5.4632851701131864e-05,2.396750990198803e-07,2.1995889294948267e-05,1.646989888403702e-05,1.0555304569913367e-05,1
0.03732376747628946,0.9625717868100718,5.469350913684665e-05,2.3994120405482817e-07,2.2457054462558526e-05,1.6488184984829496e-05,1.056702385031817e-05,1
0.03430826557780161,0.9655872349543063,4.9381194093789394e-05,2.395315468808393e-07,2.6084668029301147e-05,1.8245091696267586e-05,1.0548982525798495e-05,1
0.03428225244718967,0.9648722627214034,1.8655396479005958e-05,0.0,0.000806777690580075,7.2794777079307275e-06,1.2772266640033301e-05,1
0.03676317382256316,0.9630602223405788,2.0222497925555778e-05,1.0886498915091353e-07,0.0001343529467231123,8.074357222278748e-06,1.3845169998042375e-05,1
0.037379755902590114,0.962554659018848,2.062886766263488e-05,1.1105262379334164e-07,2.167656581660457e-05,9.045204700017562e-06,1.4123387758906127e-05,1
0.04335837753031776,0.9565449926686309,2.667004141200329e-05,1.1010338590160662e-07,5.30047416935044e-05,8.97259071753033e-06,7.872323842277054e-06,1
0.04750061587135536,0.9523010148752595,2.7250379133479262e-05,1.1249922575478996e-07,0.00015291057087026702,1.00521792490138e-05,8.043624906672545e-06,1
0.010059341568294654,0.9854003572374379,3.435459040703929e-05,1.2422008709910313e-07,0.00448951942580774,1.1145706029519134e-05,5.157251935950977e-06,1
0.009234213137328794,0.9826892449273895,3.213061376579496e-05,1.1617858321829615e-07,0.008029047572246603,1.0424178292872113e-05,4.823392393378265e-06,1
0.006404192005492619,0.986493921874262,2.3154552270296842e-05,8.475970471953281e-08,0.00706720911818714,6.358235190331204e-06,5.079454892765435e-06,1
0.004200388393539091,0.9913370218518037,1.714076982707197e-05,6.271273810969105e-08,0.004436919219446192,4.7068517944812376e-06,3.760200851543848e-06,1
0.05558275156155466,0.9443867071338893,1.2669937355898633e-05,5.664457296775698e-08,4.752136772813517e-06,5.135963504624849e-06,7.92662234963511e-06,1
0.01558691170702884,0.9843641642999935,5.746625918908616e-06,3.429397763694811e-08,6.000963576098877e-06,2.695489502964729e-06,3.4446620002292686e-05,1
0.003946750573211279,0.9960003656285902,5.5330920376953796e-06,4.0741627626925194e-08,1.0021039857239697e-05,7.966488985437745e-10,3.728812802730553e-05,1
0.0026373597017843348,0.9973441184879243,4.397595396305391e-06,2.2572102290538837e-08,6.620682728373727e-06,3.4309548387411036e-06,4.0500052258117955e-06,1
0.0024693723820320155,0.9974752066574082,6.260152673809363e-06,4.516235274247329e-08,6.727125744946233e-06,3.789738471915223e-06,3.8598781316288996e-05,1
0.013047627439302182,0.9869283853202941,7.861016617185031e-06,3.818051006179964e-08,3.3691378429800435e-160,5.803429563450192e-06,1.0284613713018674e-05,1
0.014335632530898859,0.9856510637158453,7.675297021646184e-06,3.775653193936034e-08,9.648866292819585e-46,5.5906997025004394e-06,6.7426004140858606e-155,1
0.0040257005521496005,0.9941102149665555,8.79894003809502e-06,5.4209950823744164e-08,0.0018462735154101784,5.119968237974317e-06,3.8378476578897805e-06,1
0.0901997095775348,0.9091003720871936,1.776352584258341e-05,1.0218173060333979e-07,0.0006684522116452093,8.688897895184869e-06,4.911518158004242e-06,1
0.08920035739270414,0.9097350348408888,1.882587297540277e-05,1.0829270595220636e-07,0.0010299538104265424,1.0514538944364461e-05,5.205251354847285e-06,1
0.0892003441539887,0.9097348998221108,1.965645686174558e-05,1.0829268987989049e-07,0.0010299536575654347,9.832366201413863e-06,5.205250582307313e-06,1
0.09017136918984825,0.9087862354082769,1.9870434867212675e-05,1.0947155207006792e-07,0.0010073390624295382,9.814518664443914e-06,5.261914361817149e-06,1
0.06590062891494547,0.9169117972555036,1.7645621345210033e-05,0.015784671468425243,0.001371352652951449,9.231328079958005e-06,4.672758749369655e-06,1
0.012508434009940356,0.7448844242820107,0.2334496423689764,6.944864922324906e-08,0.008850932740325055,0.00030295407778300034,3.5430723150142573e-06,1
0.03279613576017763,0.5991585066760953,0.3552519664381418,1.1667648628377808e-07,0.011717191580892208,0.0010721145304185824,3.96833778853357e-06,2
0.049269781479260234,0.8205707646575536,0.11224412168776914,1.5789913394413377e-07,0.016381833480312014,0.0015279704157003533,5.3703802708219515e-06,2
0.07061327095178001,0.8001875260648045,0.09973869809743764,2.2834815124499686e-07,0.026472668985930613,0.0029813254002698675,6.282151626189117e-06,1
0.021820166445321008,0.18469064389112125,0.7795276275798148,5.596487197500527e-08,0.01099637217802283,0.0029625040773798256,2.629863468109046e-06,2
0.10603130658283955,0.7569836772428706,0.06472561509285644,2.3536804452754916e-07,0.027496569141690696,0.04474969066170831,1.2905909989820194e-05,1
0.07540733090983893,0.7733476279626892,0.056725342197790345,2.404560684803208e-07,0.02314803034946638,0.07135761763656272,1.3810487583801447e-05,1
0.08874547540201054,0.488005413129789,0.046914808390161176,1.6076289454211896e-07,0.015659534480344916,0.3606628471541955,1.1760680604388844e-05,1
0.057069072072657524,0.3701254479459909,0.02928364021021369,1.2344894940786061e-07,0.004410718756100418,0.5391039389975295,7.058568558668363e-06,1
0.0016195732798866,0.16582820111999746,0.6819672386651291,1.4946458771621777e-07,0.016566991927010527,0.1340147475494989,3.0979938896968875e-06,2
0.0013181857553082913,0.041597785185165055,0.9398071503275363,4.246914828355971e-08,0.0023479970934913753,0.014924270034236046,4.569135115052421e-06,2
0.005726743800539621,0.8255253907865048,0.0843788286767011,4.138997862800641e-07,0.06505902192091478,0.019304610312687147,4.990602866371842e-06,1
0.0063458936594963915,0.8624243663642795,0.08088038299855323,4.396422884604056e-07,0.024639283673288163,0.02570433266862257,5.300993471603674e-06,1
0.006024526909792716,0.8110194454438364,0.10786792867965862,4.29340955928296e-07,0.049003013110473316,0.026079479730282275,5.176785000456e-06,1
0.013103228560388877,0.8102826564827751,0.08316123259693864,5.005295529604958e-07,0.048365950445110495,0.04508144027632711,4.991108906775422e-06,1
0.01298024031977059,0.7884574357694345,0.08618814330136246,4.958315314910266e-07,0.06391985584565216,0.048448884670399525,4.944261849170532e-06,1
0.9699715879605445,0.026502287064512305,5.569062386438797e-06,6.908653613853781e-08,3.998133476172798e-06,3.068351075396716e-06,0.003513420341469041,0
0.912489691128915,0.07846590658301862,9.712394955361298e-06,1.486634747227428e-07,1.2096403230570886e-05,6.603574036051105e-06,0.00901584125236962,0
0.9242546051285263,0.07156420876687931,9.741813479803274e-06,1.8920022899559253e-07,1.2150486380080089e-05,6.603314264768215e-06,0.004152501290240663,0
0.9145085001169453,0.0817072041059858,1.0220911229476752e-05,1.8596850406255973e-07,1.3427092649069201e-05,6.727951385213458e-06,0.0037537338533008674,0
0.9316000204219431,0.0652042337642425,1.0252431986335596e-05,1.8409803662836502e-07,1.3188964464369572e-05,6.608631820510871e-06,0.0031655116875068286,0
0.9278024646735314,0.06899245497061006,1.0069743401073123e-05,1.5171233604555545e-07,1.3228505224527209e-05,6.628444621317995e-06,0.003175001950275373,0
0.9547205528702479,0.043441198027443964,7.09384704635811e-06,1.3562872639050486e-07,8.902914088551475e-06,4.868711983110589e-06,0.0018172480004637515,0
0.953924522158391,0.04481775894644892,7.08793231026372e-06,1.355156413298635e-07,9.681201005878764e-06,4.864652529007406e-06,0.0012359495936736817,0
0.9592392605221562,0.03998941613023594,6.367715354442761e-06,1.1117199987490213e-07,7.079287801969328e-06,4.836496836449084e-06,0.0007529286756151664,0
0.9490744704758893,0.05087207730480871,7.415743757457098e-06,1.2362855802518063e-07,8.280444487917329e-06,5.3784148027954556e-06,3.2253987695887776e-05,0
0.7467252226292573,0.25318127445652316,1.5142327280507335e-05,2.0029993280034325e-07,1.05760773106419e-05,8.791507016065897e-06,5.879270267952835e-05,0
0.3637273415579249,0.6356041662435645,1.1665163719434468e-05,1.9208818700276067e-295,3.0855217602655165e-06,7.052589157893149e-06,0.000646688923872901,0
0.28840069172494726,0.7106925528606378,1.0929820035024073e-05,1.350547548371368e-07,3.270471283268473e-07,7.337342166190767e-06,0.0008880261503305694,1
0.3115432014995177,0.6869962175629829,1.1451972409779603e-05,1.0743092595953137e-07,3.3039312742179297e-07,6.457651219190764e-06,0.001442233489816778,1
0.49351091573853434,0.5026288551917101,1.471017844678882e-05,1.680787314776532e-07,1.307953196750838e-05,8.172341389628175e-06,0.0038240989392201905,1
0.5192086915233903,0.4805272128130791,1.6328518916851255e-05,1.6864067080543418e-07,1.4282396203479365e-05,8.284004171691364e-06,0.00022503210356782617,1
0.4693807088709551,0.5304428418061744,1.7354088825864785e-05,1.7850837040359272e-07,1.2995169695717764e-05,8.768727484553732e-06,0.0001371528284939251,1
0.5002367370547294,0.4997136087383786,1.2779872403044422e-05,1.7565527032901374e-07,1.1030952369371716e-05,9.498796746604049e-06,1.6168930102657245e-05,1
0.3787150527276445,0.6212342584898247,1.534540929038878e-05,2.0058880804374193e-07,1.856649176228141e-06,1.2172990086510388e-05,2.1113145169754136e-05,1
0.3517216767136267,0.6482332450481811,1.8036400952191863e-05,2.8285664403372846e-07,2.211632300078585e-06,1.2355451817789568e-05,1.2191896477964737e-05,0
0.3897677218344589,0.610184654060719,1.8733593173084292e-05,2.7739028254310184e-07,2.0431164962925094e-06,1.2397450365122511e-05,1.4172554505205007e-05,0
0.3456621636418271,0.6543056129160725,1.3973734210195716e-05,2.0425321631899918e-07,3.6331631453620587e-07,8.357754779086694e-06,9.32438358022198e-06,1
0.48673612108698927,0.5132075668335656,1.6844513035710787e-05,1.8392310072683692e-07,1.4780662069586528e-05,9.716749269891289e-06,1.4786231969193434e-05,1
0.144851215776228,0.8550748250014385,1.9918036703319842e-05,2.5156988424612165e-07,3.666527564842593e-05,1.2138195751673475e-05,4.986144345799182e-06,1
0.2648935816491402,0.7338625940077836,2.259079040859109e-05,2.666256903157369e-07,0.0011885831791416676,1.3970195633005389e-05,1.8413552202698604e-05,1
0.040080151665897935,0.8937000748954779,0.002815698079334435,3.4087249947793513e-07,0.057907181715877984,0.005470888941095112,2.5663829817331824e-05,1
0.2218528383556649,0.767436223646287,0.0015215282087017539,3.131667940310332e-07,0.006734538357753239,0.0024445989006280384,9.959364170955636e-06,0
0.48903845888614167,0.5093142304830551,0.0002467670410542592,1.8932668486040985e-07,0.0008866927808026603,0.0004943454021076242,1.931608015370155e-05,0
0.33778610605518355,0.6610513086769902,0.00015907720063424854,1.5912545123803723e-07,0.00077185567207414,0.00021055990508403943,2.0933364582648774e-05,0
0.7092124565638697,0.28944262037867013,2.321424900538734e-05,2.1453380145511745e-07,0.0012990241503697674,1.6160011114633158e-05,6.310113168877346e-06,0
0.6826331891222647,0.3171522152936795,1.919452157120427e-05,1.9984166306285733e-07,0.00015894695163967248,1.606095074233474e-05,2.019331843949423e-05,0
0.409798895824789,0.5894642131114699,5.0019016786990285e-05,3.9348136917409496e-07,0.0006485160307752104,2.4537434578963658e-05,1.3425100230698942e-05,1
0.7152734302112281,0.2843540496731112,2.5222416651845383e-05,2.437462835223381e-07,0.0003157811373204382,1.8557232341652233e-05,1.271558306329853e-05,1
0.7762186501165322,0.22348823430732573,2.0245417369556725e-05,1.915029795380816e-07,0.00024291561659913388,1.5022589420097038e-05,1.4740449773735593e-05,1
0.8848323992752799,0.11513355587821078,1.2514325235600576e-05,1.0864737223855743e-07,1.0592877995335979e-05,7.070172024927928e-06,3.7588238810596955e-06,0
0.8699817852933807,0.12998499496896135,1.098723387585938e-05,1.1627458620012496e-07,1.0464375036818155e-05,7.6291550146025015e-06,4.022699144620995e-06,0
0.9228433072847769,0.07708058058489461,2.325213562440268e-05,2.4607034659896486e-07,2.8397588042714575e-05,1.6145478389141332e-05,8.07085792547881e-06,0
0.6647740245357397,0.3351583330818553,1.9008253081970635e-05,1.9147560704522477e-07,2.65266619580774e-05,1.7379225960060166e-05,4.536765797832675e-06,0
0.693562641852348,0.30637717977220646,2.1991003071099785e-05,1.8697646766877925e-07,1.6588149534633968e-05,1.6979759443612734e-05,4.4324869287183105e-06,0
0.7027087550441161,0.2972239643923234,2.4947297008428296e-05,1.9719203646398115e-07,1.693876033564126e-05,2.0430221529540462e-05,4.767092650387746e-06,0
0.670020360971997,0.32991215534409646,2.556057697972555e-05,2.0154462468980201e-07,1.6412859363498658e-05,2.0881174535934474e-05,4.427528402501031e-06,0
0.7228023927366631,0.2771351945852033,2.2284886280844096e-05,1.8850318199051114e-07,1.535082476322079e-05,1.7218858897011483e-05,7.36960501053079e-06,0
0.528474450666528,0.4714313764237223,3.492370918407588e-05,2.065171238177235e-07,1.690115832014034e-05,1.9447155481189686e-05,2.2694369640287234e-05,0
0.5131218736055363,0.48678145805130474,3.5485265543745e-05,2.0983781932715976e-07,1.7172936879409987e-05,2.074101878406668e-05,2.3059284132416726e-05,0
0.5902035850090783,0.40482031858915307,3.071479271035426e-05,2.6349620899833575e-07,1.4551634445575035e-05,2.26312513900801e-05,0.004907935227013673,1
0.740786359247446,0.25463253273886094,3.552767631263142e-05,3.1062923076618893e-07,1.688319623852587e-05,2.9016643881254302e-05,0.004499369868029565,1
0.6622182308899497,0.3316007260932778,5.413638274004083e-05,3.2544503598001895e-07,4.659330552515808e-05,2.380081215373044e-05,0.006056187071317679,1
0.7070012509790191,0.2853485196668298,6.488342061062589e-05,3.5740384513055275e-07,5.8999888807353666e-05,2.624519695708386e-05,0.007499743443930909,1
0.5552710746388064,0.4415776720400133,5.829437522302437e-05,2.4012718869116913e-07,3.760530173091808e-05,1.86957944384633e-05,0.003036417722599243,0
0.7105575044287824,0.28554837589675575,4.92607287675166e-05,2.1686131528275204e-07,2.249526310033027e-05,1.7646270774589342e-05,0.003804500550504038,0
0.5543397440872853,0.44373512025610756,7.253372146839407e-05,4.045750524784883e-07,2.3468992412738135e-05,3.0470689827397175e-05,0.0017982576778462025,0
0.6814388536361455,0.31710839282195036,5.1695134398440475e-05,2.891232602757764e-07,1.6771749914360074e-05,2.2075727696782143e-05,0.0013619218066342077,0
0.7073109660117487,0.2909683067965431,4.669904163753836e-05,2.546235078082939e-07,1.6648317976302915e-05,2.345524300769667e-05,0.001633669965578944,0
0.020258429980387557,0.0005210891128922267,1.3230534575633452e-06,1.1379971720552928e-08,8.232893090066733e-07,7.20571062231771e-07,0.9792176026129198,6
0.04136676213403907,0.0026254188751702484,2.1404010910189012e-06,2.089536379456352e-08,1.1160704726036787e-06,1.0271016533456198e-06,0.95600351452221,6
0.03391757098877946,0.001538581433393946,2.0080612733047344e-06,1.653524340129081e-08,1.014185693088888e-06,1.0961831236892987e-06,0.9645397126124932,6
0.04252787328605811,0.0012480121803761994,1.6872482119830832e-06,1.549143978895556e-08,9.0336843057498e-07,8.93904385433413e-07,0.956220614521098,6
0.7464126034255529,0.24429523145954404,2.5835151644999342e-05,2.2456782294285876e-07,8.404335184911286e-06,1.2733282180298652e-05,0.009244967778069746,0
0.7788502061437718,0.21436481709644584,2.5434655275996398e-05,2.1672595741851367e-07,8.691232682419048e-06,9.342964866732994e-06,0.006741291180999657,0
0.787245259566711,0.20746851222108817,2.2545736489276234e-05,3.7113567747745465e-07,2.3556974383373882e-05,9.09760957010978e-06,0.005230656756080402,0
0.7975881273721527,0.19769691040159668,2.1008539032567635e-05,1.793130488743989e-07,1.9124462461555343e-05,9.333253495962542e-06,0.004665316658211677,0
0.8362058980640816,0.15929414067062983,2.320729586893567e-05,1.9803314081769306e-07,1.7660547483856214e-05,1.0074502728471847e-05,0.004448820886066382,0
0.8105424670286431,0.18258199822016102,2.8466548512688183e-05,2.838100744790911e-07,2.1662792362757188e-05,1.3720190395201425e-05,0.006811401409851017,0
0.7928348330254334,0.201076104563584,3.1917521286304093e-05,1.2237324926511327e-181,2.3118156204330745e-05,1.2856301435566204e-05,0.006021170432056305,0
0.3010130776394142,0.6237142488742881,3.308089741715923e-05,2.1876316264017862e-07,1.671014362664769e-05,1.7203733251822258e-05,0.07520545994883948,1
0.5458316278191502,0.44985783833143494,2.9520361276766002e-05,1.980904639374964e-07,1.488858109649231e-05,1.4709036511727423e-05,0.0042512177800659075,0
0.5671922276712082,0.4279032971473146,3.267539424351023e-05,2.1926167990809335e-07,1.6479820571750664e-05,1.628108688971753e-05,0.004838819618092075,0
0.5549610554239597,0.29040063506948943,3.78934654653647e-05,2.2623046714635666e-07,2.058024381849745e-05,1.5296846161721553e-05,0.15456431272063823,1
0.41585181066668114,0.45380199542757704,4.162326632126481e-05,1.7780819381546436e-07,1.562252543729252e-05,1.2146378948022806e-05,0.13027662392684133,1
0.4502890742890139,0.4207401463011274,4.70474146516431e-05,1.7738750430574094e-07,1.4366469306250914e-05,1.2117145611042817e-05,0.12889707099278547,1
0.9442336154024487,0.0382786770487845,4.007048293991668e-05,1.2698832688255888e-07,1.710479260418865e-05,1.0715892913678057e-05,0.01741968939198234,0
0.9215118101103219,0.0560909560071161,4.22381508777579e-05,1.3385793524430917e-07,1.803009990750014e-05,1.1387582383160346e-05,0.0223254441914583,0
0.9475469724436355,0.03499352763073781,4.7106456887189566e-05,1.5173793688862476e-07,2.0203330111815155e-05,1.2908672570036979e-05,0.017379129728120852,0
0.856821594537758,0.13954537434139644,5.862307766171862e-05,2.96087998810464e-07,2.709705048067395e-05,2.034645827258309e-05,0.003526668446431598,0
0.8074614065195043,0.18963403292648626,6.884898997761599e-05,3.245682937329869e-07,3.480307904915151e-05,2.2638093132988862e-05,0.0027779458235562397,0
0.751831480750997,0.24597900711702544,5.812550709289005e-05,2.740155907245338e-07,1.8957797718227258e-05,1.8829695243010635e-05,0.00209332511633277,0
0.7516247272262716,0.24640327337334827,3.138326633954967e-05,2.625318507793708e-07,1.550984856681049e-05,1.8040560132684793e-05,0.0019068031934904137,0
0.6572695997872484,0.3424169462213354,3.826891691526838e-05,3.8089979544814414e-07,1.8118972254373258e-05,1.8509978647623262e-05,0.00023817522380367972,0
0.5527738979346473,0.44692849051865435,3.9027187404259636e-05,3.5170236730501954e-07,1.6707417390174504e-05,1.709111789224035e-05,0.00022443412164439204,0
0.1637316633173606,0.8361830745643245,3.1359637936804296e-05,1.695081756907174e-07,8.978228118968152e-06,9.797677987581725e-06,3.49570660957677e-05,1
0.31770494514765507,0.6822201091034215,3.645005307967122e-05,1.833357179825158e-07,1.2420619373514345e-05,1.2598391528165814e-05,1.3293349224071463e-05,1
0.31353684156766126,0.686403302588731,3.0618693303626434e-05,1.6770154687741183e-07,1.1571326742029766e-05,1.1524048727058064e-05,5.974073288305423e-06,1
0.3257164979223271,0.674218942282607,3.423068358803854e-05,1.844625303235153e-07,1.0897671665647745e-05,1.2675823373999777e-05,6.571153907748315e-06,1
0.3509936050916975,0.648951764536891,2.3116516629707443e-05,1.916681732522559e-07,1.132336641590186e-05,1.3170977901592108e-05,6.827842291052991e-06,1
0.07080849552082275,0.9291122218635641,3.756913275577714e-05,2.5044570175029834e-07,1.5331319654637388e-05,1.7210028912627947e-05,8.921688588186116e-06,1
0.053264256742663676,0.9466542377652494,3.546448233005409e-05,2.364155494911084e-07,2.1136794724487006e-05,1.624591044566391e-05,8.421889037119636e-06,1
0.009418356942405937,0.9706462352065733,3.1787845934623503e-05,1.1493919572048552e-07,0.019888265920042794,1.0313395236866599e-05,4.925750610742295e-06,1
0.008874618689206821,0.9744660809215996,3.076615440383773e-05,9.652356928491512e-08,0.016612903507111074,8.71950867137253e-06,6.814695437868371e-06,1
0.00813872722069703,0.9801248097315565,2.4473142005485503e-05,8.953960415985955e-08,0.011698858428492687,6.720319654673928e-06,6.321617989235471e-06,1
0.007039992798426577,0.981659508001038,2.3565973547542237e-05,8.622055732017122e-08,0.011265206085941278,6.471211386653015e-06,5.169709102619994e-06,1
0.007063196148343314,0.9846929892465613,2.415965516069383e-05,8.843899090085467e-08,0.00820763232862749,6.634236232934988e-06,5.299946083213058e-06,1
0.009728808004321505,0.9902335873973794,1.372204622153509e-05,3.1826863870321315e-08,1.0852510011194573e-05,5.2077876710749245e-06,7.79042753137606e-06,1
0.023481904794197202,0.9764979839329506,9.31419268981151e-06,4.1641758173977575e-08,4.726602848809355e-06,3.0807656597429443e-06,2.948069895839373e-06,1
0.0019372172899911428,0.9980132449778942,5.543380486399444e-06,3.807861898670579e-08,5.991513205032152e-06,2.951613004928641e-06,3.501314679939977e-05,1
0.002205740250712754,0.9977433016968991,4.421487449687844e-06,2.232804129508445e-08,6.340179581037506e-06,3.123377327993878e-06,3.705067998831729e-05,1
0.002578498018561125,0.9973638221925198,5.015350341707293e-06,2.53269857289457e-08,7.19174761662775e-06,3.4202989533536282e-06,4.202706502152649e-05,1
0.003748655701190884,0.9961351812436721,5.148795682047474e-06,2.6427884408352158e-08,7.742132986758041e-06,3.913239853087882e-06,9.933245873086803e-05,1
0.002568260993353281,0.9973893828303224,4.966025227747532e-06,2.258672922144946e-08,6.616854329553925e-06,3.344470846570947e-06,2.7406239191028493e-05,1
0.0030211571466251383,0.9969167104749854,5.548661585586942e-06,2.5651169598665017e-08,7.199224747141947e-06,3.798229839392246e-06,4.556061104799811e-05,1
0.003311510242887788,0.9965050129459825,5.865999828505108e-06,2.7118207543523785e-08,8.214598306990377e-06,4.015457645565e-06,0.0001653536371411828,1
0.0028560162312938208,0.9971069912273436,5.2937307529400986e-06,2.5444856231952013e-08,9.641848624910101e-06,3.7676805272955532e-06,1.8263836600951365e-05,1
0.0037177784558531817,0.9962240768298868,7.282465108877463e-06,3.312247923345247e-08,8.580554076505332e-06,4.90452446993671e-06,3.734404812543474e-05,1
0.10091722875593857,0.8977657946000689,2.054271576618736e-05,1.1317532775135692e-07,0.0012817799494681016,9.100861534958367e-06,5.4399418957453215e-06,1
0.10474770741424141,0.8938712553806042,2.1538662810896655e-05,1.1866226699010631e-07,0.0013439228991720363,9.75330104358173e-06,5.703679860877248e-06,1
0.032997349720915045,0.9664690748006614,2.9347388162389118e-05,1.3664593478011067e-08,0.0004944109351968273,6.3683784887391275e-06,3.4351119822305374e-06,1
0.02214464725352656,0.9772376458421712,3.818511375148601e-05,1.3794680189713878e-08,0.0005692057298546015,6.834451822594587e-06,3.4678141934465873e-06,1
0.009006394101180414,0.9891801546765033,3.6626378553326555e-05,7.252687347812751e-08,0.0017691616388347698,5.035603175477853e-06,2.5550748791228498e-06,1
0.008873437384596039,0.9887330755571329,3.3721436596192275e-05,6.363118025058406e-08,0.0023513223029906155,4.41796754724133e-06,3.961719956569886e-06,1
0.011823782832951654,0.9793848678966594,0.0061762988424657475,4.26074317294106e-08,0.0024277252011067935,0.0001457832103562062,4.1499409028175544e-05,1
0.004473234651082842,0.31463265751900665,0.6772968337520862,2.6038143507952543e-08,0.0034588144747122232,0.00013710586904404001,1.3276959243484112e-06,2
0.005112558688668896,0.18241857559051813,0.808916971336206,2.5036892643900725e-08,0.0034212068751604146,0.0001294093080321203,1.2531645220220648e-06,2
0.0450141214715901,0.6009279228327691,0.3314315822604893,1.6948159105139296e-07,0.02040878078384437,0.002212760512948267,4.662656767867987e-06,2
0.0392145222906685,0.7189916685435869,0.21349462924888227,2.023314950939452e-07,0.0254229341212179,0.002870477064228894,5.566399920487872e-06,2
0.023450004378967958,0.26378013965597086,0.6916336450021522,7.49705406346132e-08,0.015335605220154204,0.0057954820530778115,5.048719136519024e-06,2
0.03018112450084087,0.27887045410131955,0.6691957906673357,8.333108432143073e-08,0.016764458606076338,0.004983519509200179,4.5692841429059076e-06,2
0.05628899323165867,0.7681056590103267,0.05634084178444285,2.388261892386897e-07,0.026260260663410764,0.09299028960777898,1.371687619286463e-05,1
0.051749642578209604,0.3593934443978602,0.016979166135263155,1.1127949654288791e-07,0.004808204413425923,0.5670642126516076,5.218544137175199e-06,1
0.002301448962731353,0.041751543273870484,0.034975882944176986,4.913927350282936e-08,0.002305055108504181,0.9186629957491361,3.0248223073154803e-06,5
0.002807876811900117,0.09700083271338711,0.4202085723392879,8.568030211233881e-08,0.013963329171331916,0.4660171403389019,2.162944889040687e-06,5
0.0017067298872601197,0.0737978759842462,0.7774684433565161,7.296491945301641e-08,0.012443466923006439,0.13458182676253544,1.5841215162398775e-06,2
0.0017258527321059784,0.07812402719242859,0.8234609563610344,7.724224139808134e-08,0.015509148308032987,0.08117833714283429,1.6010213224023934e-06,2
0.0010469506190557399,0.07010830093824597,0.8781104869492475,6.80949870795356e-08,0.014506610664554121,0.03622617131025979,1.411423649673641e-06,2
0.0013209540985154155,0.0713654934514768,0.9064358782460946,5.4450812326252926e-08,0.0018855911156805,0.018986170429081024,5.858208339424657e-06,2
0.0006475107393282705,0.026646143214154577,0.966328391936102,2.665720150940984e-08,0.0010535358155173533,0.00532152366505241,2.8679726438691776e-06,2
0.0007025363680383196,0.02258295082409239,0.9712585314179161,2.4084587863845374e-08,0.0013769896870038196,0.004075975906173466,2.991712188043628e-06,2
0.0018837146562562146,0.07224986690349283,0.9105579399336731,7.18079272678917e-08,0.005214454581483399,0.010085037034488856,8.915082678310235e-06,2
0.0010098352899869582,0.03328020885459703,0.940829707893543,3.647586474395806e-08,0.0022470905722556307,0.022628589995900082,4.530917852563457e-06,2
0.00823242163177475,0.27668235489976906,0.554993866945007,2.628045783668654e-07,0.014006316072272344,0.14605595844628239,2.8819200316204497e-05,1
0.9678572532013451,0.02872282343244444,4.935104034618518e-06,6.893594197004519e-08,3.989418383189131e-06,3.062107874130532e-06,0.0034078677999766858,0
0.9680778967886651,0.029549759488969242,5.064747822937164e-06,7.092062206737637e-08,3.964025624622423e-06,3.1502665962715707e-06,0.0023600937616998193,0
0.9629935641828933,0.03533982982487739,5.6718898754345614e-06,7.942230735393193e-08,4.622303174768179e-06,3.5279081677852176e-06,0.0016527044687039104,0
0.951034156912022,0.04646517445755475,8.109521111407003e-06,1.357443908633767e-07,8.98014685232229e-06,4.910948050842979e-06,0.0024785322700179085,0
0.9538532996278706,0.04481441273390246,7.087403106470791e-06,1.0596734379041591e-07,9.854523610719793e-06,4.8642893211695005e-06,0.0013103754548449119,0
0.9518516413599188,0.04715950738695695,7.34405381213858e-06,1.3984500401946943e-07,1.0170108639444779e-05,5.020065180641596e-06,0.0009661771804877927,0
0.9596293015072276,0.039479702387066086,6.370304562445099e-06,1.0479713530646775e-07,7.164590115504e-06,5.467668515942178e-06,0.0008718887453770679,0
0.9513755506868201,0.04856840894755318,7.174255963115343e-06,1.371660810725208e-07,7.704781603001355e-06,5.879916521920603e-06,3.514424545774071e-05,0
0.9490928720470249,0.0508730636617053,7.415887541048924e-06,1.236309550548929e-07,8.280605037160847e-06,6.0779542717045475e-06,1.2166213464882938e-05,0
0.9398909991826417,0.06008691833428438,7.205971543148228e-06,1.2570555996146992e-07,7.0493993431863765e-06,5.205151367060584e-06,2.496255260676607e-06,0
0.9194013076706925,0.08057117716061114,8.36986460948167e-06,1.3875322316488162e-07,1.0688631965715156e-05,6.492570454508993e-06,1.8253484431913411e-06,0
0.7521982710866107,0.24774170954832733,1.5253311466459318e-05,2.0176801129159998e-07,1.0338258147752735e-05,8.855943494778469e-06,2.537008394169757e-05,0
0.2663699446005277,0.7327557100470307,1.0539063315950202e-05,1.3022635393699613e-07,3.230974006094447e-07,7.0750216757896846e-06,0.0008562779436955998,1
0.2988578472941395,0.6995315893137994,1.1341279769241318e-05,1.4013897336516317e-07,1.3602002994310005e-06,6.395232760644961e-06,0.0015913265402582252,1
0.481853233570089,0.5144743325019,1.5398074845827382e-05,1.9026692265775438e-07,1.4649852354282086e-05,8.554506992443563e-06,0.0036336412268958753,1
0.4781944042325883,0.5217488411196274,1.3279738486465618e-05,1.8252577022467302e-07,1.2497186957778976e-05,8.29087047687597e-06,2.250432609303835e-05,0
0.3628799398905818,0.6370681240152447,1.568845793393908e-05,2.0507299723730588e-07,1.8256442799969302e-06,1.263178665448896e-05,2.1585132307699106e-05,0
0.3339398916448813,0.6660048481199704,1.6540408393495834e-05,2.1620933931596532e-07,1.4929013533597859e-05,1.1746360977814737e-05,1.1828242903983346e-05,1
0.335817574897606,0.664140148517695,1.6494098080530563e-05,2.1560399016547672e-07,2.0582836030352456e-06,1.1713473177214868e-05,1.1795125848002542e-05,1
0.31275924902078145,0.687203489054802,1.558174325754586e-05,3.347813370481541e-07,2.6116459394861025e-06,1.0164852787805715e-05,8.5689010948072e-06,1
0.2980173804278173,0.7019518424457163,1.407776605631915e-05,1.8011309682778785e-07,3.0514869797646753e-06,8.89825031760233e-06,4.569510015804265e-06,1
0.3234227188072865,0.6765334591345059,1.765361764880532e-05,1.8870066753742607e-07,1.8526874381349281e-06,1.1924868795976934e-05,1.220218365705716e-05,1
0.3984493348826499,0.6014903377233513,1.584885485626476e-05,2.0437882002806306e-07,1.602139137374833e-05,1.1686894601045728e-05,1.6565874347779675e-05,1
0.3378049769650058,0.6621345193047546,1.6749557133294412e-05,2.038229642589909e-07,2.098318956617429e-05,1.0700234944775617e-05,1.1866925630972284e-05,1
0.12527545781733376,0.874632889284494,1.6634706668189647e-05,5.0015400522005286e-08,6.066664736087449e-05,1.0137310660568255e-05,4.164218081985822e-06,1
0.1516642818053819,0.848086904527369,2.0618949087783524e-05,6.199478100448914e-08,0.0002105914664178211,1.2379651029875943e-05,5.161605932437976e-06,1
0.2862205574369235,0.7132964105277502,2.6334683761044494e-05,8.583884733109039e-08,0.00043300005495335454,1.6464625459705733e-05,7.146832304895335e-06,1
0.007820030692573402,0.1803801768152397,3.464070633843438e-05,6.429727777634209e-09,0.8117258195059495,3.430402956669646e-05,5.021820604501746e-06,4
0.022115152251925133,0.5558494852750414,0.0005247072275078037,1.9624290698478672e-08,0.42078269252520145,0.0007155445102633857,1.2398585770255768e-05,4
0.026304540430958586,0.9127776641524965,0.0017449697756321792,3.361413826061877e-07,0.05603231106203099,0.003114870807076901,2.5307630421873423e-05,1
0.037157203171657494,0.898780573332208,0.0027310451416359717,4.1992848318000814e-08,0.05622780347597322,0.005078413337934385,2.4919547742626266e-05,1
0.26022662763042304,0.7244786275436577,0.0007216039230822051,2.175208594849419e-07,0.01308761004077535,0.0014759294014438204,9.383939758446447e-06,1
0.4000383855706075,0.5935979909541437,0.0007039824227341182,2.0264291809833067e-07,0.004758043242478004,0.0008959771087061941,5.4180584123405294e-06,0
0.41285658660751295,0.5811811145489767,0.00038154422112938416,1.723147742456755e-07,0.00510305567946432,0.00047320202919331957,4.3245989490229965e-06,0
0.8446956462990959,0.142584077502333,0.00023962340748647626,3.622276056158142e-07,0.01231572127078941,0.00015003657000137155,1.4532722688027193e-05,0
0.5343291943815923,0.4650995213495759,2.4946362038059255e-05,2.222983844264564e-07,0.0005190832263596582,1.5396130099637446e-05,1.1636251949992238e-05,0
0.8913332599164252,0.1086395129234158,1.0917850142110154e-05,9.478703055120832e-08,6.580044595316396e-06,6.355558662735843e-06,3.2789197284226814e-06,0
0.9409655012714235,0.05893322209993726,3.236167221262831e-05,2.341499520489245e-07,4.3810117009585766e-05,1.8790120332452798e-05,6.0805691325277855e-06,0
0.6656207633650756,0.3343202233259848,1.952476567208752e-05,1.9667858710407816e-07,1.5698049213789193e-05,1.8933771814724734e-05,4.660043652082989e-06,0
0.6499454948857968,0.3499975671382927,1.874631542102302e-05,1.7555416291965048e-07,1.5404321555737732e-05,1.8137536544386807e-05,4.474248226321667e-06,0
0.6979189648718147,0.3020243453240391,2.0701523066743067e-05,1.751098444458036e-07,1.4260133479007767e-05,1.4707050471406956e-05,6.845987284639163e-06,0
0.665600711022839,0.334344123753046,2.0658896642743588e-05,1.74373238637025e-07,1.419270757415131e-05,1.6100796833384007e-05,4.038449826047814e-06,0
0.7285794489033333,0.2705265433344028,2.2126663145086347e-05,1.6886529844622198e-07,1.2954625837406612e-05,1.7977764318927665e-05,0.0008407798436640935,0
0.6846879570127838,0.31434394537124977,2.1608776529551873e-05,1.649129140618213e-07,1.0863455887114064e-05,1.7129709982612013e-05,0.0009183307606528968,0
0.7177290858326326,0.27660901910910757,4.7562592594557934e-05,3.10972056116528e-07,4.6076499173245704e-05,2.2742357923514988e-05,0.005545202636512372,1
0.7689718258351657,0.22711679099281704,4.683322915256025e-05,2.815415654903424e-07,2.234355070873294e-05,2.2393774835527324e-05,0.0038195310757550083,0
0.7382904190234536,0.25345306793340394,4.8635669915754676e-05,2.8391741997267644e-07,2.3673661916642545e-05,2.0848876441181292e-05,0.008163070917448828,0
0.7462096446152449,0.2515718242603328,4.43484894313705e-05,2.4625607104914863e-07,2.2270085015633383e-05,1.819533854781119e-05,0.0021334709553564356,0
0.7609972371811686,0.2357748836071733,4.629682710337932e-05,2.570747028974423e-07,2.7411204357695258e-05,1.880067611021648e-05,0.0031351134293838494,0
0.7083122489944023,0.28759181125626954,5.808188859635304e-05,3.020136907970558e-07,3.6987026832423914e-05,1.8388413833158782e-05,0.003982180406375494,0
0.737095710430592,0.25577688017371164,5.7801005293970494e-05,2.3503705861188192e-07,4.002625566794231e-05,1.8299487688919063e-05,0.00701104760998682,0
0.8073834082223595,0.18710411610966265,2.964153007447297e-05,1.7431063377884444e-07,1.060386669978078e-05,1.533863549540613e-05,0.005456717325074209,0
0.7115269717529312,0.28089924852906584,4.299910126927116e-05,2.4512882624580266e-07,1.4904148045299534e-05,2.155905017564446e-05,0.007494072289686483,0
0.9557022780531645,0.03179770733995574,6.400295204581069e-05,3.276194633384479e-07,3.0281862395732026e-05,2.7518346873909668e-05,0.012377883826100743,0
0.9747847372613043,0.016260867215286426,4.1746352125044106e-05,1.8147165849471126e-07,1.980502216962714e-05,1.852692514576657e-05,0.008874135752310254,0
0.9760742924057508,0.012236175358943157,4.057895292191007e-05,1.9220045628815749e-07,1.8604437413052204e-05,1.8054679074050295e-05,0.01161210196544064,0
0.6640876181596528,0.008267548249238844,3.703193805794442e-05,1.7208438730310526e-07,1.9316765160861747e-05,1.80477059048009e-05,0.32757026509759746,0
0.02025570152136316,0.0006556883257615914,1.322875265218255e-06,1.1378439035810408e-08,8.325947258939518e-07,7.243126790210186e-07,0.979085718991766,6
0.1367843918052006,0.028472999515356444,4.145612377501526e-06,5.649702506014215e-269,1.896318673767716e-06,1.9090178653508154e-06,0.8347346577305264,6
0.8106304877846473,0.12209560584158503,1.945959520639755e-05,1.6663292675058692e-07,7.185709040805369e-06,1.0669231241382229e-05,0.06723642520535254,0
0.8380799927982984,0.14812672926043996,2.046808826837327e-05,1.5723273290992728e-07,6.7803446318416246e-06,1.094928927176964e-05,0.013754922986356787,0
0.6022524697882137,0.39185656900001214,1.9375826916101406e-05,1.9653111473504052e-07,7.881370869659928e-06,8.472373692845432e-06,0.005855035109181008,0
0.8092844744130455,0.1842474680334571,2.5791578989635767e-05,2.2008541722441683e-07,1.962716414710752e-05,1.1196364038711215e-05,0.006411222360904891,0
0.6441212211159683,0.026993644968804457,1.9141027156351344e-05,2.41918626176885e-07,1.2772024301279441e-05,1.2665288604227464e-05,0.32884031365653915,0
0.8230240125060065,0.1453274562413817,2.7055000937909622e-05,3.012723134901161e-07,2.1583068331131453e-05,1.5307735367328307e-05,0.03158428417566177,0
0.7816524593992434,0.2139419200651423,2.9777962287200464e-05,5.440057469339991e-92,2.605525441320047e-05,1.1997329097625269e-05,0.0043377899898161066,0
0.4833494956922568,0.466478392393825,4.6766633091497215e-05,2.872800460132167e-07,2.9351689765018103e-05,2.4877032059388997e-05,0.05007082927895632,1
0.284703436971194,0.6767310299579309,2.7692797881530806e-05,1.8313179266341538e-07,1.5227409591838638e-05,1.4401650044214438e-05,0.038508028081564845,1
0.5900335375791145,0.40525747125922024,2.5740337281448238e-05,2.09168048318914e-07,1.6535484752774495e-05,1.5002040846042246e-05,0.00465150413073657,0
0.3800047253738054,0.5097577404687421,3.856770687565005e-05,1.5974202239587758e-07,1.585919902447846e-05,1.091224817208128e-05,0.11017203526135784,1
0.43576146939203836,0.16490407739099108,4.862728791212151e-05,1.8496467648394333e-07,1.3979493015484089e-05,1.388236817058315e-05,0.39925777910319593,1
0.47560543246590226,0.5050893283317941,6.564934888834184e-05,2.9001979863658963e-07,2.5697635859244488e-05,2.570382396590795e-05,0.01918789837379152,0
0.8521288273008427,0.08511998945375732,5.080726115499459e-05,1.6101450779198933e-07,1.65022853337132e-05,1.5496267389465362e-05,0.06266821641701402,0
0.8849823266844408,0.11211870305691546,3.661639120824694e-05,2.6728581651634665e-07,2.4461164559215628e-05,1.836724127439019e-05,0.002819258175785225,0
0.7973629230466586,0.20062831884404125,4.507253973374599e-05,2.848873002656228e-07,1.9657087828998928e-05,1.9870410512508597e-05,0.0019238731839243501,0
0.7745635446637602,0.22348519727060337,4.3788754008678324e-05,2.7677295278277467e-07,1.9097201723171662e-05,1.9019174560935695e-05,0.001869076162390785,0
0.7315836804985149,0.2641223461571122,2.2049545640460666e-05,1.951707493080294e-07,8.391382348994733e-06,1.3411666540954904e-05,0.00424992557909303,0
0.755427596320965,0.24299432919084468,2.0671682290314625e-05,1.747202404148078e-07,7.512111044442338e-06,1.2006356540142004e-05,0.001537709618074846,0
0.7692513191683334,0.22750042666507275,2.7791255489336117e-05,2.01865101109147e-07,8.679206552882997e-06,1.2544153842702182e-05,0.0031990376856075,0
0.7644671829878925,0.23023086296998793,2.9438407153141285e-05,2.093913883263516e-07,9.002799888112956e-06,1.3011846892160642e-05,0.005250291596797764,0
0.7557130032482081,0.24397491073327363,3.1203673967896655e-05,3.107677599667227e-07,9.761374411350334e-06,1.3478252561223382e-05,0.000257331949817778,0
0.5194646615442922,0.4804028388991119,3.320620190200093e-05,3.2794629277833383e-07,1.572195660168847e-05,1.6061235533150798e-05,6.718221626635367e-05,0
0.49867881246955686,0.5012033530435286,3.397276325524735e-05,2.765197734150202e-07,1.5909764514933856e-05,1.635496831109406e-05,5.132047105995113e-05,1
0.2562859929069854,0.7436246223529557,3.4415366237157614e-05,2.1949626867858416e-07,1.2614807233195401e-05,1.2439810437752448e-05,2.969525988198817e-05,1
0.18862129626158483,0.8112884932632964,2.9789154724231188e-05,1.609348807749876e-07,1.0495952800717383e-05,9.307012603220397e-06,4.045742010961601e-05,1
0.2371237681761774,0.7627490956856083,3.223442706890691e-05,1.7414538026367083e-07,1.1601311148921452e-05,1.3298993938627121e-05,6.982726067755591e-05,1
0.17865014530275405,0.8212254409931343,3.06975901201566e-05,1.7813042542886898e-07,1.0503307351638991e-05,1.1646950776880171e-05,7.138772543760849e-05,1
0.23523121562204238,0.7646796832854886,3.1625591527216616e-05,1.7625312484797176e-07,1.3868144041242694e-05,1.2293359309369837e-05,3.1137744466403085e-05,1
0.22687214181978918,0.7730563386151136,3.7462256314600425e-05,2.0518440389265382e-07,1.2443009186802487e-05,1.4099780905537928e-05,7.309334286391601e-06,1
0.36365106093242955,0.6362806691298907,3.570138926602158e-05,1.95539964629233e-07,1.197020225156924e-05,1.34370381337133e-05,6.965768063794957e-06,1
0.04881758340932145,0.9510837234867109,4.32056865561685e-05,2.624398942978888e-07,2.7841775766300292e-05,1.8034241103474273e-05,9.348960647672429e-06,1
0.04633353780894708,0.9535421409098448,4.533275195426507e-05,2.780581284996431e-07,4.9550347535658866e-05,1.925479075910449e-05,9.905332830830661e-06,1
0.01879898106700997,0.9502875248739977,2.9971102041512e-05,1.6816624965175038e-07,0.030860431795427006,1.0899212665099225e-05,1.2023782609036661e-05,1
0.01816027429809689,0.9519672397374244,3.7196851626857814e-05,1.624526994560013e-07,0.02981192993199837,1.158146084262079e-05,1.1615267311693874e-05,1
0.010418531425812751,0.9782634479628854,3.5581293004780876e-05,1.3113461022958116e-07,0.011265250453048164,1.1544158687310193e-05,5.513571951674799e-06,1
0.010306597142426599,0.9668294078163139,4.0663692680885144e-05,1.2967058871192977e-07,0.022806009379043188,1.1635230467729388e-05,5.55706847902766e-06,1
0.007317052769169275,0.9809367615009892,2.4493415965248212e-05,8.961378026407613e-08,0.011708549958292814,6.72588687976668e-06,6.326854923206608e-06,1
0.006095288023802921,0.9885764222637492,2.3049191889935022e-05,8.432981419250685e-08,0.005293770545690932,6.3293032520124235e-06,5.056341800649237e-06,1
0.005245778475933718,0.9895362548020511,1.9793469373463133e-05,7.241813953651487e-08,0.005188323423748742,5.435282532780446e-06,4.3421282208429864e-06,1
0.04363284861941635,0.956327341393876,1.5102621405271309e-05,7.105228323733135e-08,1.3425138848730883e-05,6.442313576008741e-06,4.7688605946524654e-06,1
0.054891110058817374,0.9450752097304345,1.4649929508657235e-05,6.549669329180136e-08,8.490816163469267e-06,5.938585265913778e-06,4.535383117108152e-06,1
0.02564097680186804,0.9743363847523786,1.1134899403752105e-05,4.393815182939074e-08,4.721227800705769e-06,3.627735017112014e-06,3.1106453801941728e-06,1
0.019805770214844316,0.9801449095803805,9.908116899924024e-06,4.4297065955856545e-08,6.492922076219739e-06,3.5175395980092158e-06,2.935732913524844e-05,1
0.0025371446662646353,0.997408522943012,5.544671918454458e-06,3.870373353594902e-08,6.888728154496866e-06,2.984283208731185e-06,3.887600370819731e-05,1
0.003505833457776389,0.9964266538997022,7.0891335717471935e-06,4.8696714376133574e-08,6.412417531865604e-06,3.774660407197869e-06,5.018773429618297e-05,1
0.001870802074960117,0.9980770455890536,5.118784063017115e-06,2.101173832236565e-08,4.993208686504829e-06,2.9392451505482034e-06,3.908008634783786e-05,1
0.002394319828820705,0.9975109987461445,5.353287620852567e-06,2.4747966073407148e-08,7.24999555513196e-06,3.7958308065112478e-06,7.825756308648761e-05,1
0.007936712433262518,0.9920208876151518,7.744217638640668e-06,3.2527872841749563e-08,1.4081335548689479e-05,4.378742521361381e-06,1.616312800409798e-05,1
0.013754860229356061,0.9860704351066523,9.665059402336379e-06,4.05959436984956e-08,0.0001384341164750136,5.464826603700981e-06,2.1100065566929535e-05,1
0.010821352638395008,0.9876231610348158,1.0471965449396652e-05,4.398517402733525e-08,0.001521594930081316,6.510262379724085e-06,1.686518370470703e-05,1
0.11812422713738586,0.8816976973856776,2.239710767363324e-05,1.2339166985010184e-07,0.00013948194331671055,1.014202857272761e-05,5.931005703630453e-06,1
0.04019418286224586,0.9593455466235286,3.033778264908554e-05,1.4125736322092617e-08,0.0004197842742441398,6.583293932305806e-06,3.551037663574338e-06,1
0.017439428870937773,0.9821075307876991,2.8580977914689833e-05,4.8682582797986026e-08,0.00041229629717138725,6.20206758883927e-06,5.912316105348937e-06,1
0.016176375511791786,0.9831943941802725,3.628257916878363e-05,4.481889385593813e-08,0.0005818717666260623,5.5880575941930244e-06,5.4430856527881215e-06,1
0.007693206535007638,0.991349082350685,2.7929736501280972e-05,3.270749508601542e-08,0.0009088925913163282,3.8092132463377526e-06,1.7046865748215016e-05,1
0.01145071540562318,0.7316983604479281,0.2437058882390127,5.7206747600568197e-08,0.012835460177559118,0.00030660152693042994,2.916996198723048e-06,2
0.0022495928657355257,0.08239304686012652,0.9107776768313914,2.7895054090348826e-08,0.004345581725076789,0.00022588895130319541,8.18487131241076e-06,2
0.0021189273021428113,0.08218761698973477,0.9110277893965296,2.7788011739548192e-08,0.004328906321546773,0.00033276406565896794,3.968136375380959e-06,2
0.00399657952987452,0.15463576816721888,0.832531747790324,5.339065857020087e-08,0.008317369431190755,0.0005108574887442487,7.624201989105821e-06,2
0.0045008818607448885,0.22420668602568566,0.7574835503316932,7.75356063678053e-08,0.012078747471984888,0.0017079147548054343,2.2142019479539837e-05,2
0.0694687988234773,0.5987267021383709,0.05479557480127797,1.8569979541559867e-07,0.020138179853131283,0.25686447132915846,6.087354788785955e-06,1
0.04380303121363637,0.44211935242630673,0.02189865641815735,1.3409921049851278e-07,0.008156058844148708,0.4840152511065323,7.515892007934597e-06,1
0.021380008460713085,0.24656200931700847,0.015329537821192557,9.665439779254513e-08,0.002546205572561181,0.7141756230204609,6.5191536660172605e-06,5
0.0019402190513311494,0.07310279805132006,0.11024399359017382,8.748026404902617e-08,0.008066312356585914,0.8066448359342946,1.7535360304374697e-06,5
0.0021327939631401592,0.08633875037800989,0.494657825622135,1.0841136172446858e-07,0.010677446053241047,0.40619091932584095,2.156246271230137e-06,5
0.0014183629706602642,0.07734847161694028,0.8514084261738318,7.207914846921008e-08,0.014145704742563563,0.05567715564143039,1.8067754250525723e-06,2
0.001483088752504044,0.08898682689323743,0.8589572254783084,7.331603294370082e-08,0.02070055762800673,0.029870473399689432,1.7545322208314949e-06,2
0.0013103249780688606,0.09150783600026655,0.8738545175372692,8.550134899720388e-08,0.016246047658154093,0.01707914218483642,2.046140055823108e-06,2
0.0018985589310435826,0.09626435757855867,0.8916529572121307,1.445196269668555e-177,0.00568433635424947,0.004483406122857921,1.6383801159525483e-05,2
0.0014106047178618895,0.04897564530518954,0.9299552309339589,4.857947363124188e-08,0.002751006962233077,0.01690213626691547,5.3272343675845555e-06,2
0.00108542362859846,0.05151172562514022,0.9375034559032496,7.653730791548549e-08,0.0007538248453831739,0.009142310417823502,3.1830424974218713e-06,2
0.001750497689914836,0.05730726119213454,0.9296670521801906,1.0155469017321845e-07,0.002199774037169534,0.00907108987758898,4.223468311569169e-06,2
0.0031858687225772503,0.055878790043599365,0.8948102131969657,1.2338978340664594e-07,0.002483791386176288,0.043636969430997034,4.243829900861515e-06,2
0.9647406719624245,0.03187767656778539,5.4383691958324145e-06,6.746523272885144e-08,3.770890659337612e-06,3.0171989514359266e-06,0.0033693575457506603,0
0.9626960569259361,0.03328929514887854,5.679192989604123e-06,7.045275209511747e-08,3.937874577085591e-06,3.1294839931014306e-06,0.0040018309208737085,0
0.966020015195327,0.030617695461685707,4.944964647401081e-06,6.134434400454383e-08,3.5701828049728216e-06,2.7248920293467433e-06,0.003350987959161548,0
0.9313724644078245,0.0659156115630848,1.1509372669233427e-05,1.8242287669896107e-07,1.133430104745866e-05,6.599678005521435e-06,0.002682298254491669,0
0.9158344711081712,0.08078546636220228,1.3123830691805639e-05,2.103928870936539e-07,1.480654635348917e-05,7.552547294478011e-06,0.0033443692123999343,0
0.9590836258620151,0.040124125373040234,6.712165104603636e-06,1.4251248441815077e-07,7.179386567265314e-06,4.848455917562494e-06,0.000773366244870811,0
0.953402571712649,0.046370015624921025,7.31546191742179e-06,1.6817577979631648e-07,8.301176011767175e-06,6.278902431331882e-06,0.00020534894628979026,0
0.9528414359617957,0.04710685936033157,6.958363965235887e-06,1.5274997569705529e-07,7.168307485253131e-06,5.04669106402571e-06,3.237856538250436e-05,0
0.9411312269818197,0.058840553370813294,7.221303838015022e-06,1.6121756030321056e-07,7.723196858385111e-06,5.484826381761791e-06,7.6291027286748135e-06,0
0.8516835049396866,0.14828264416286757,1.3304967572834366e-05,1.506337671898189e-07,9.336777459019687e-06,7.570263912424755e-06,3.4882547344575406e-06,0
0.708553265380012,0.29139084134693805,1.4347817179475043e-05,7.127313118266886e-156,9.724540024265697e-06,7.956896087539069e-06,2.3864019758845663e-05,0
0.2941996261536145,0.7052792617513051,1.0516721580715263e-05,1.2995028739929266e-07,3.1468620538712584e-07,7.060023354181471e-06,0.0005030907136525877,1
0.2962046906261886,0.703268615359627,1.0588396399222455e-05,1.3083594013744077e-07,2.347204531566826e-06,7.108139669582975e-06,0.0005065194376438956,1
0.41048894336369823,0.5892850853470449,1.4596448139479895e-05,1.8036159046109094e-07,1.730464779931241e-06,8.109157730705345e-06,0.00020135485701608003,1
0.4713846184125981,0.5283079770074166,1.5485849295462345e-05,1.9135151112658807e-07,1.4985409132822215e-05,8.603270695093293e-06,0.00026813869935077717,0
0.5221779783508302,0.4776456225019956,1.3885820852473997e-05,1.8041592587136078e-07,1.4129005030280122e-05,8.111600681064755e-06,0.0001400923046845238,0
0.574985154530561,0.42496000225524944,1.3780910802564052e-05,1.8941422387188764e-07,1.483369336142032e-05,8.603764798070843e-06,1.7435431003562404e-05,0
0.5169645554968229,0.48297290119789976,1.626515743254453e-05,2.134741291454067e-07,1.6717909075724823e-05,9.696638193773339e-06,1.965012644603572e-05,0
0.4457237354323428,0.5542094920472387,1.7026842669524822e-05,2.2256780586279035e-07,1.598684631946798e-05,1.010970039167343e-05,2.3426563232132197e-05,0
0.4234937655985125,0.5764552746727619,1.8108147657769966e-05,2.3670217495125084e-07,2.1769695196660344e-06,1.436457625546431e-05,1.6073333117579633e-05,0
0.31602386383671377,0.6839246595568128,1.5497201713413412e-05,2.0257297546661103e-07,1.9770474207243224e-06,1.2477793968643289e-05,2.132199039521157e-05,0
0.2758033705461242,0.7241470440550324,1.649605637909692e-05,1.8797307907787188e-07,1.4202023114240972e-05,1.0212323149155263e-05,8.487023121923511e-06,1
0.2787242472593627,0.7212443794225994,1.3948451287770585e-05,1.7845862385702868e-07,3.023456798630921e-06,9.695415665487532e-06,4.527535662223582e-06,1
0.31099473898347196,0.688969063284795,1.5815207465727036e-05,1.856036653609036e-07,4.099486010842195e-07,1.0845876984051838e-05,8.941095016612398e-06,1
0.22834567377799558,0.771593978678097,1.567852912037896e-05,1.7568752257627277e-07,2.0138311762489647e-05,1.0114707122128562e-05,1.4240308379662886e-05,1
0.1993658520453993,0.8005755489944609,1.5506038101280394e-05,1.82701828699306e-07,1.7582833239478915e-05,1.0518535755255503e-05,1.4808851215241816e-05,1
0.12813071119285405,0.8716317232681723,1.7013841601660752e-05,1.7629335379962932e-07,0.00020239336184677516,1.0402271019458498e-05,7.579771152075556e-06,1
0.27381327665139077,0.6906220757325906,2.7218469936569106e-05,3.4908457053684695e-07,0.03549141744932681,1.5005572914465871e-05,3.065703927018025e-05,1
0.03174121192970285,0.17221982158949967,7.64919670319539e-06,2.476235548651138e-08,0.7960047042849838,4.307767259873801e-06,2.228046949515453e-05,4
0.18992794727056486,0.7496042365542738,0.008686817953397,4.008738157207166e-07,0.04305772199376651,0.008665500013615266,5.737534056680743e-05,1
0.6944536404351174,0.27476267762610257,0.00787080088728413,2.7941713782294967e-07,0.01765284027726676,0.005248747988434681,1.1013368656616887e-05,1
0.5005197780989487,0.47810583726849265,0.00799516348942305,3.143288439263957e-07,0.0078288147240614,0.005520008328223909,3.0083762006403157e-05,1
0.22271476646501862,0.7638369099749938,0.000601645755274077,2.1769976068730453e-07,0.011718905024901166,0.001118163422421551,9.391657630238879e-06,1
0.20749313552417364,0.776720599264099,0.0006924795111766692,2.3320623398432095e-07,0.01338985193782913,0.0016950786956038398,8.621860883715627e-06,1
0.26437396102375776,0.7254253500302776,0.0017585984055432675,3.12495103230866e-07,0.00564344953625114,0.0027886815791232557,9.646929943731184e-06,0
0.5315867794030472,0.4641651361210353,0.0001974603373245579,2.059211289272723e-07,0.003882897478581562,0.000161921494427724,5.599244454975575e-06,0
0.6220895792018268,0.36375311512958525,0.00013965591627072556,2.1858443446898299e-07,0.01392830794645797,8.348846144751676e-05,5.63475997720159e-06,0
0.571385136111991,0.42807445455231674,3.4104042781491244e-05,2.6375514160460325e-07,0.00047761185712090454,1.791553581282695e-05,1.0514144835330655e-05,1
0.690313956192963,0.30960648978799643,3.0524408412188876e-05,2.1738270511243798e-07,2.2252523183940117e-05,1.5808653387852505e-05,1.0751051351537491e-05,1
0.6366161269947875,0.36330971026986786,2.6233317403146244e-05,2.441460409207042e-07,1.8210718899668473e-05,1.7399872902189377e-05,1.2074680098655557e-05,1
0.8683952222056281,0.13156673866863636,1.5619081077403645e-05,1.1670039991918737e-07,7.277998349784407e-06,8.111618628962817e-06,6.913727279600642e-06,0
0.9203968536281067,0.07953621639665438,2.2952441160268323e-05,2.7463894720594676e-07,1.9867774682607767e-05,1.7664841832735173e-05,6.17027861589975e-06,0
0.6366051980047662,0.3633437269006016,1.6857773834677477e-05,1.693220152567925e-07,1.3310638735654715e-05,1.4245896011598877e-05,6.491464035093282e-06,0
0.7051260099399792,0.29482470618370427,1.926919065749812e-05,1.5159624218003458e-07,1.2345294779085655e-05,1.4005015043662683e-05,3.5127795942127484e-06,0
0.5212099360076432,0.4784082051031528,3.3868128499393406e-05,2.0027507530537453e-07,1.6390330578950702e-05,1.979580760135879e-05,0.0003116043474488018,0
0.7639047584344171,0.232583247910054,2.248972264559711e-05,1.9405060575287403e-07,1.2404502320772876e-05,1.8126746501558498e-05,0.0034587786334552093,1
0.7965102034722263,0.19906182620004345,2.7774577868001967e-05,2.4284154364820176e-07,1.4169899773845847e-05,2.268442855243656e-05,0.004363098579992047,1
0.802957546416115,0.1915999689091661,3.41381498079921e-05,2.9848017982722045e-07,1.7416436121647582e-05,2.7881771017803103e-05,0.0053627498375917095,1
0.8235730608540845,0.1727571195574783,2.71266883956817e-05,2.3717684982929294e-07,1.3839362657100516e-05,2.2155275507714438e-05,0.003606461085026885,1
0.7448729644024085,0.2513977113598479,4.8423703162272394e-05,1.969060001719838e-07,1.73371805409528e-05,1.588241857089161e-05,0.0036474840294692143,0
0.7477804264907465,0.24612562253743864,3.8679822341619117e-05,1.8772120833803738e-07,1.6132405032118624e-05,1.4766412571578869e-05,0.006024184610661141,0
0.877860843942326,0.11700354858095915,2.2352282245766505e-05,1.2121236105309192e-07,7.373730971590798e-06,1.0837958722413944e-05,0.00509492229241383,0
0.7625826793822097,0.22859930243817855,4.0532768419052534e-05,2.1296853387258434e-07,1.2955548927082807e-05,1.7508355734745927e-05,0.008746808537996977,0
0.6448808700653785,0.3478746260347326,7.017605871588517e-05,3.6095236043902395e-07,3.204639768137246e-05,2.5138599549314365e-05,0.007116781891581866,0
0.708075079229197,0.288003108546294,5.597871219743569e-05,2.8870748331225454e-07,1.4371232021820327e-05,2.3595161868929556e-05,0.003827578410937499,0
0.6984498111589309,0.29038077669284035,4.660474582546801e-05,2.8641594540185366e-07,2.2901612620945112e-05,2.4055218795499682e-05,0.011075564155041366,0
0.8031967247614428,0.08711275075361645,0.00010405333959815297,5.340721569931015e-07,6.087206167617674e-05,5.013693354566259e-05,0.10947492807796382,0
0.9414887911342765,0.04534931409068156,6.022930636711912e-05,3.091375605041766e-07,3.31138170395176e-05,2.9020815117434314e-05,0.01303922169895726,0
0.9763777066440338,0.015327598405705254,3.935038099778025e-05,1.7105635674888109e-07,1.5014413828958081e-05,1.8993474472010115e-05,0.008221165624605589,0
0.6241588731711689,0.007835257219220968,3.4904714131598945e-05,1.6219935170359428e-07,1.8207153102063044e-05,1.7010992358880936e-05,0.36793558455066594,0
0.5942725123208743,0.004371601608164439,3.678917483525464e-05,2.044117098517621e-07,2.269060146007247e-05,1.7312492436469334e-05,0.40127888939051953,6
0.02313683736458754,0.0019021144381461592,1.4042191545517897e-06,1.3708491462077591e-08,8.570329152720376e-07,7.494835026334398e-07,0.9749580237532023,6
0.16720582132231557,0.06180820303255358,5.067614172319221e-06,2.8291401781846785e-94,2.262518036633351e-06,2.135963724503985e-06,0.7709765095491973,6
0.8405192320765161,0.10229266663791624,1.9655558581982257e-05,1.6831096529472216e-07,7.2580710701626315e-06,1.0776673279450304e-05,0.057150242671670765,0
0.8246072443974383,0.15330714936364198,2.1713426659215062e-05,1.859325333149639e-07,8.017965666659432e-06,1.2947870679476996e-05,0.02204274104338114,0
0.8208405062212266,0.15886414089075598,1.9952966728386983e-05,1.708576775643892e-07,7.749684112515451e-06,1.1898095907465634e-05,0.020255581283591537,0
0.6562986638460165,0.3316395856357543,2.019470634180605e-05,1.7875417495595904e-07,7.036435740656782e-06,1.002165773710637e-05,0.012024318964234674,0
0.5820078275147653,0.41045362561064613,1.6953592839237528e-05,1.5006534134361345e-07,5.616118158703283e-06,6.443494834437199e-06,0.007509383603414822,0
0.79278817981023,0.19700745026918767,2.3076729083388054e-05,2.3795115700895478e-07,2.1971214366967848e-05,1.2329849271665182e-05,0.010146754176703354,0
0.7810324265988275,0.21356702145196085,2.441013659561387e-05,2.24331841685528e-50,2.6602777232860544e-05,1.2258669366326942e-05,0.0053372803660167644,0
0.7002995495439579,0.2956959202363359,2.5225889455931942e-05,1.815880456810232e-07,1.7551108238769197e-05,1.4003153250196343e-05,0.003947568480715429,0
0.44069159324556323,0.5138133535488807,3.0924237870610224e-05,2.0183084640837256e-07,1.950764444845799e-05,1.709212178944894e-05,0.04542732737060117,1
0.5658619806302279,0.429557121374154,2.5424010872201118e-05,2.1705472976831447e-07,1.804810200325341e-05,1.7069380543388717e-05,0.00452013944746952,1
0.5779598598532678,0.4172721048797331,2.6460938859743808e-05,2.150237146258297e-07,1.78792230827118e-05,1.5422023466825728e-05,0.00470805805787535,0
0.5090492816151452,0.4855028401751661,2.979075466628311e-05,1.9990488454952437e-07,1.635571149281881e-05,1.4843764749015872e-05,0.005386688073896231,0
0.5146665385016078,0.47996382834262247,2.650826960512108e-05,2.0153553473600081e-07,1.6489127162254902e-05,1.4964847271889388e-05,0.005311469376195755,1
0.5097014837133246,0.4854833525439585,3.668955960086247e-05,1.9959129531708807e-07,1.753642518516029e-05,1.3495606397298642e-05,0.004747242560238282,1
0.3753036387530544,0.48776646336264445,3.809058088568289e-05,1.5776583359054543e-07,1.5663002863295286e-05,1.183477783796687e-05,0.13686415175688044,1
0.4560039282054252,0.5379386077299616,3.7071834225678606e-05,1.821414159031648e-07,1.7465089916542222e-05,1.366330810193787e-05,0.0059890816909532,1
0.9071125123320696,0.06304842677730585,3.452489583026093e-05,1.3745175010857128e-07,1.3291120283935592e-05,1.3225233302952688e-05,0.029777882189457282,0
0.9122382707143203,0.08165287139398458,3.633403542011176e-05,2.6265907207705974e-08,2.2745942122271232e-05,1.9684568287034973e-05,0.006030067079958387,0
0.8924681575482267,0.10175292965955206,3.0200010275211673e-05,2.196544103988748e-07,1.3821351488142444e-05,1.509412510309284e-05,0.00571957765094461,0
0.7441822162476046,0.2541500717499275,2.2127177677121114e-05,1.8702231144773112e-07,8.041039595917162e-06,1.268033784929686e-05,0.001624676425034141,0
0.7284314483160449,0.26969292521739546,2.332383808003528e-05,2.1217325322828324e-07,9.1224063973779e-06,1.3184715511390548e-05,0.001829783333317485,0
0.8241583032768846,0.17193982375625963,2.4029726313411168e-05,1.7130456560895242e-07,7.365253826455618e-06,1.0645083341048086e-05,0.00385966159880949,0
0.2134046055334706,0.7865150774174584,2.936417972105217e-05,2.0644836619304019e-07,1.1136823969357455e-05,1.1694198553178266e-05,2.79153984609222e-05,1
0.2283440989069414,0.771549128611163,3.2609963811896225e-05,2.0798167101086305e-07,1.2092367963889722e-05,1.1787227990151996e-05,5.0074940458758716e-05,1
0.21432477874456873,0.7855706681036405,3.253247971463586e-05,2.0293054470371168e-07,1.1255028952244453e-05,1.1729511704964951e-05,4.8833200874180846e-05,1
0.15682826090201707,0.8430750291220535,2.657121596618588e-05,1.656586337307234e-07,1.0804029507438116e-05,1.0574750301476248e-05,4.8594321520642544e-05,1
0.15980300157811878,0.840058911828487,2.6476156924916257e-05,1.650659867506033e-07,1.1124434302278138e-05,1.0536918926856312e-05,8.978401725331112e-05,1
0.2644273152326407,0.7354878792565924,4.014926521897427e-05,2.2057156539419276e-07,1.3133506134075187e-05,1.5157149798172338e-05,1.6145018050138877e-05,1
0.2997827246937175,0.7001590913840066,2.523151796528008e-05,1.7584705440720226e-07,1.0943370129386775e-05,1.2083788499455876e-05,9.749398627491043e-06,1
0.27661858576731,0.7233217801746173,2.752793070372821e-05,1.927636113953944e-07,1.1800244617620289e-05,1.324625378767701e-05,6.866865352388843e-06,1
0.03016811158881981,0.9532703199223511,3.473537366568008e-05,2.07814181637595e-07,0.016504996299207146,1.3468879547366002e-05,8.160122227359215e-06,1
0.010645160548547054,0.9694202598973414,2.538601098647613e-05,1.2313004152603206e-07,0.019891248332820292,9.02297131435853e-06,8.799108948805259e-06,1
0.012605379713967866,0.9699682506479941,5.0655393477705505e-05,1.541808099753109e-07,0.01735075966425301,1.3776567156187479e-05,1.102383234131328e-05,1
0.005682820397077727,0.984703924582779,2.2299211077789078e-05,8.162863718408247e-08,0.009579859004559904,6.123358678513729e-06,4.891817189623966e-06,1
0.006733075110413141,0.9819440796719634,2.45627366438154e-05,8.99145136010333e-08,0.011285903190150678,6.901005537734113e-06,5.388370777749324e-06,1
0.0061592451233345264,0.9863800361812937,2.5134390698246816e-05,9.195890717325284e-08,0.007423076671825418,6.901898406825788e-06,5.513775534008669e-06,1
0.0063906889219270385,0.9864359704676003,2.416624361230367e-05,8.84167585261995e-08,0.007137148513278029,6.636045420363295e-06,5.301391403441007e-06,1
0.02631857662753906,0.9736475169633725,1.4782032607392857e-05,5.83296866455544e-08,7.65345934784717e-06,4.21777906613816e-06,7.194808380514345e-06,1
0.02252627422031493,0.977435662265915,1.2831616338526827e-05,4.987061402283376e-08,7.686850590312635e-06,3.960123674492684e-06,1.3535052552471484e-05,1
0.022179314261759137,0.9777752007620811,1.263397792617881e-05,4.910248406022734e-08,7.568454208551722e-06,3.899128041902069e-06,2.13343134989865e-05,1
0.0017804252337683714,0.9981850191175905,5.013610101351416e-06,1.191577848591853e-94,4.955687761585547e-06,2.5101127983031056e-06,2.2076237979907946e-05,1
0.0024398380062009596,0.9975050297104299,7.15651338977346e-06,4.679117071313459e-08,7.693506118634096e-06,3.626954749617934e-06,3.660851794052549e-05,1
0.00993759990506048,0.9900281058426206,6.852619989346481e-06,2.5976791775406092e-08,9.946088464249077e-06,3.3958556968306477e-06,1.4073711376768714e-05,1
0.0156525016351922,0.9830876779017439,8.595412207748942e-06,3.610312730895243e-08,0.0012248784296474589,4.853363820087448e-06,2.145715426138198e-05,1
0.0028592180242769816,0.9938669409095952,8.156151724358822e-06,4.7828842856733354e-08,0.003257733703205347,4.517291614628816e-06,3.3860907406854326e-06,1
0.01597876743766501,0.9605781148891285,0.015699013268771878,5.179942715289864e-08,0.007475750413896594,0.00021998508727581414,4.831710383528404e-05,1
0.010464416859326212,0.7249857419616917,0.2572630534029803,3.805987355722816e-08,0.006952716439695293,0.0003339514345463843,8.18418865953006e-08,1
0.0046218162575452195,0.16939989845271766,0.8178858273360614,5.493185092669562e-08,0.0077188743065884835,0.0003377713307940232,3.575738444234403e-05,2
0.0019743497605598055,0.08491822477103163,0.90924927234149,2.5069331434096128e-08,0.0036736981814402196,0.00016718722981996667,1.724264632689041e-05,2
0.06382379027782863,0.5910883234440314,0.03002285643865143,1.8263220250776214e-07,0.020340440506498417,0.29471841990360215,5.986797185392948e-06,1
0.0010935360427543424,0.031479329847659485,0.046144170938704064,3.6764384915844634e-08,0.001014156892764911,0.9202680325741005,7.369396319000116e-07,5
0.0013311189034734732,0.041842117847713516,0.06076887756245936,4.8080292517022245e-08,0.0013222674894567087,0.8947346063503631,9.637662414384292e-07,5
0.0022360137873692278,0.09124730083539175,0.2429463897019241,1.127766856276785e-07,0.006843394334096607,0.656724527963427,2.2606011057605506e-06,5
0.0017147105152581822,0.09536709609290644,0.6228165495279492,1.2347911512387376e-07,0.016028322119037312,0.26407036271636775,2.835549365883236e-06,2
0.001053977328804588,0.04423969072448197,0.9462919458170537,4.3390918997637544e-08,0.0023735472384379605,0.006033529949390302,7.265550912433566e-06,2
0.0013394586344919253,0.042185557442932044,0.9421309063038726,4.306382141074659e-08,0.0024007335840906035,0.01193784864614874,5.4523246425696836e-06,2
0.0008123698855647101,0.034515759748693996,0.9578727305245024,5.735616728461067e-08,0.0008942841224070104,0.0059010859296200905,3.7124330447123478e-06,2
0.0013303756017195763,0.03985138928439188,0.9497337942633371,7.718141122095037e-08,0.0024483036202620676,0.006632850219337198,3.2098295408894644e-06,2
0.0027606068321638045,0.04774784097965241,0.9182585511864199,1.055775321894946e-07,0.001267537083580941,0.029961727139788386,3.631200862784022e-06,2
0.9499750356706285,0.047043046127003586,7.434778171217082e-06,9.22315167555981e-08,5.266156430695375e-06,4.096888294107021e-06,0.002965028147955168,0
0.9574165965901975,0.040816333463814226,9.830991709044046e-06,1.219575427343799e-07,7.209796779894997e-06,5.417306868437801e-06,0.0017444898930882673,0
0.9506746866034631,0.046647556139569696,7.434150210115749e-06,1.104312987733257e-07,1.0088275690622414e-05,5.069201209840559e-06,0.0026550551985577956,0
0.9651951653368415,0.03406062413715509,6.434173183249247e-06,1.0726470314316159e-07,6.536641397518468e-06,4.666511333773988e-06,0.000726465935385835,0
0.9606073462698703,0.03869727269560922,6.403589915252869e-06,1.36512541001417e-07,6.481724910695248e-06,4.644330213890474e-06,0.0006777148769399896,0
0.9515628733204607,0.0476582275034524,6.85195784386459e-06,1.5297181113929441e-07,7.263224254872231e-06,5.2042955111384075e-06,0.0007594267266659256,0
0.952971066161453,0.04622125542734294,6.95931062233544e-06,1.4835946543207863e-07,6.8357244875392305e-06,5.0473776458068415e-06,0.0007886876389830425,0
0.9477108414082704,0.0522406829590834,6.574022321407426e-06,1.1477385027633144e-07,7.030928164574179e-06,4.993194009221709e-06,2.976271430063755e-05,0
0.9468373806869593,0.05313090290936132,7.265087179242976e-06,1.2683894081704484e-07,7.220477414616841e-06,5.5180813216501495e-06,1.1585918823083073e-05,0
0.8582738152968721,0.14169362797778803,1.2541795180704229e-05,1.419934205063329e-07,8.80122028842308e-06,7.783547863995247e-06,3.2881685865220356e-06,0
0.727631517266409,0.2723322532112559,1.4239877114551727e-05,1.6121845636547184e-07,9.992851386862378e-06,8.102208986796462e-06,3.733366390486205e-06,0
0.7561748221803771,0.243775119547174,1.5497133821076024e-05,2.0499324875610887e-07,1.0875132836510187e-05,8.997504689539191e-06,1.448350785302788e-05,0
0.3617415905478981,0.6381386610848392,1.2450331084339004e-05,1.6469070000523548e-07,2.4752363423429695e-06,7.22855681644218e-06,9.742955231971166e-05,0
0.29275832013935726,0.7071245498864881,1.1839433943485222e-05,1.462944351804554e-07,2.6245308501460432e-06,7.947978797362971e-06,9.457173612851456e-05,1
0.2936535312029858,0.7062317541073649,1.1824485803650946e-05,1.4610972789761634e-07,3.538177310910406e-07,7.937943900506418e-06,9.445233248618105e-05,1
0.4552512440853433,0.5446141649623374,1.4636406727437664e-05,1.808553403383059e-07,1.4163417121030202e-05,9.680426639239129e-06,9.592984649136783e-05,0
0.5466240347497939,0.45331402276104693,1.5471280306655672e-05,2.0613643268869514e-07,1.6143268285856487e-05,1.1147106901560033e-05,1.8974697232321495e-05,0
0.36382111661530564,0.6361205138960006,1.8536426403905854e-05,2.348810971358018e-07,2.1740584619938056e-06,1.2701513579031085e-05,2.4722609151642652e-05,0
0.3332226247142433,0.6667335818657331,1.6336525874561583e-05,2.0700544091907085e-07,1.8311182489531442e-06,1.1362003090165226e-05,1.405676736907435e-05,0
0.35010088660457167,0.6498580262420832,1.6508934137884516e-05,2.0919008218498584e-07,3.4421414529635136e-06,1.1481912502710246e-05,9.444975169266426e-06,0
0.37192331269908563,0.6280191041027113,1.6702854777439883e-05,2.116473137777185e-07,1.4851605692267347e-05,1.1445115263400175e-05,1.4371975156082902e-05,0
0.2126328410273439,0.7873229435897138,1.531360206771782e-05,1.715982914174798e-07,1.1672646255474615e-05,9.309838231590457e-06,7.747698096382151e-06,1
0.1286110963728772,0.8713266330596401,1.4872191219812954e-05,1.8860180307944948e-07,2.401357619515307e-05,9.633447031723475e-06,1.3562751232882084e-05,1
0.2841720284171527,0.7129363691929952,3.707526262550336e-05,3.4454900034394813e-07,0.002816283690109072,2.1381630422971968e-05,1.651725769428724e-05,1
0.3131840048771661,0.6848110659029226,3.808368207954911e-05,3.813796038494877e-07,0.0019240417469499334,2.0855127795899896e-05,2.1567283482126796e-05,1
0.005880756604852961,0.09770907581259121,0.0001128889323415601,3.234682858774692e-08,0.894950749821426,0.0013439747859552939,2.5216960044866474e-06,4
0.18785837057739838,0.8029285799318837,0.0008088334529655669,2.5533379891718057e-07,0.006325461739093645,0.002070378811838902,8.120153020814092e-06,1
0.3701226350973757,0.6231334014092151,0.001161578868477052,2.7943080234799047e-07,0.003716305846758862,0.0018571731342031511,8.626213167827337e-06,0
0.845482215460576,0.1535609502130185,0.00013954224437549707,1.7939289587290934e-07,0.0005656430562267787,0.0002445017939394763,6.9678389679282744e-06,0
0.896846973891099,0.09357105666444293,2.7629857206149703e-05,2.898767201693532e-07,0.009528972273529494,1.7195338518886185e-05,7.882098483482986e-06,0
0.8920540126231415,0.10201200275210756,2.8920864264678922e-05,3.034212306982979e-07,0.005876289481428824,2.0220467726566055e-05,8.250390100130722e-06,0
0.6737597611400219,0.3257395498605891,1.971693655508372e-05,1.8552180547214267e-07,0.0004626050210385267,1.2849026594314734e-05,5.3324933954113125e-06,0
0.8004364060564668,0.19951779612287615,1.7252390741077708e-05,1.4846169100822097e-07,9.258785256196737e-06,1.0342809141155137e-05,8.795373827424378e-06,1
0.9065428307731939,0.09338412442669992,2.947161108341705e-05,2.5586781864522465e-07,1.9516591876446418e-05,1.7156175500480965e-05,6.644553827353718e-06,0
0.5651372924401543,0.43479470302301326,2.3391984425234025e-05,2.3563419523609264e-07,2.027556403480537e-05,1.8518307990449985e-05,5.583046186632223e-06,0
0.5562712424516834,0.4431508493405636,3.518789183525275e-05,2.1149663573734094e-07,1.730869291041485e-05,2.2516388544700885e-05,0.0005026837378270866,0
0.4772040740033368,0.5222735856130238,3.339560335541632e-05,1.974808551052419e-07,2.406531939128718e-05,2.102423827304568e-05,0.0004436577417644524,0
0.567163551894901,0.43222071814643404,3.33373652962066e-05,2.107340971525501e-07,2.275191302781494e-05,2.2435207040344478e-05,0.000536994739203417,0
0.607507278059218,0.39193313652879547,3.306149262043828e-05,1.9710318467900643e-07,1.4821372279856801e-05,2.042568029558463e-05,0.0004910797636060891,0
0.6910164186852834,0.30714695190134333,2.61117341142835e-05,1.887724877838219e-07,1.1470507173285488e-05,1.757586034679026e-05,0.0017812825392512224,0
0.6928897960317933,0.3047899566996007,3.0538400049794606e-05,2.207746802685113e-07,1.4112813629895498e-05,2.0419859145035627e-05,0.00225495542110091,0
0.8047845859132123,0.19041034486902392,5.588240837860292e-05,3.1030103853648915e-07,4.489034980628224e-05,2.3509990485054782e-05,0.004680476168055342,0
0.805345067531331,0.1870670527125739,6.036745835022309e-05,3.0714826810257454e-07,4.001818353531226e-05,2.5309755863950604e-05,0.0074618772100775495,0
0.8298101028576832,0.166889295913932,4.5931253488258315e-05,2.550447640360917e-07,2.719475727700251e-05,1.9323493095710213e-05,0.0032078966797598075,0
0.6839961882674215,0.3097456969211821,5.421369951397097e-05,2.3866585974457443e-07,2.475707251438834e-05,1.858201846106805e-05,0.00616032335504736,0
0.5980046025842619,0.39646688025138244,6.236974616629631e-05,3.7609043650650984e-07,1.872096581014851e-05,2.974393399611694e-05,0.005417306427946534,0
0.4548964403097989,0.5209629264192815,6.419099531834511e-05,3.81810291998249e-07,6.0375134436949715e-05,3.036913463915872e-05,0.02398531619623303,0
0.9755357969153629,0.014548211741027505,3.9440444147371606e-05,1.7421086355967986e-07,1.5233890261668789e-05,1.7798411902000333e-05,0.009843344386435068,0
0.5115659305182158,0.00642184357619654,2.8608201103482345e-05,1.3293997065542856e-07,1.2269107381235067e-05,1.39423542773583e-05,0.48195727330285504,6
0.03680014255944035,0.0007334176706808191,1.196073523322387e-06,1.0282395395463508e-08,8.675131199547552e-07,5.269124576297267e-07,0.9624638389883825,6
0.04528737271544054,0.002000141917311771,1.6158559665113667e-06,1.5234419056677328e-08,8.916465401483413e-07,9.486586132786054e-07,0.9527090139717088,6
0.013627492643131262,0.0012684577304839977,9.076261995894105e-07,7.947781392701163e-09,5.434072514469814e-07,4.345285586561377e-07,0.9851021561165936,6
0.03474842476017004,0.0015437311631854027,1.8728316451095603e-06,1.5070483870538972e-08,1.0342191329021438e-06,9.99078736477927e-07,0.9637039228766462,6
0.3481562235678541,0.13367732648757857,1.0367983879254985e-05,8.87825197445976e-08,4.102521664656361e-06,4.735560014758941e-06,0.5181471550964889,6
0.7641922689496725,0.10866460468837488,2.1157396029339525e-05,1.8117123123049547e-07,7.812644112861242e-06,1.160009487907094e-05,0.12710237505570005,0
0.7845934656218759,0.11302086397174947,1.93718021713565e-05,1.6588115312826628e-07,7.153290318888337e-06,1.0621096417286414e-05,0.10234835833631398,0
0.7427818499424375,0.2331110206804976,1.955881340128972e-05,1.674825342591931e-07,7.222346651839266e-06,1.0603088034719907e-05,0.024069577646442738,0
0.616859404503485,0.37023541367462437,1.7079669685312186e-05,1.4625357400349112e-07,6.633702476883541e-06,7.0913193352554555e-06,0.012874230876819086,0
0.4233493421895565,0.5721524890708943,1.8004578753339587e-05,4.708193747043728e-158,7.273080301977976e-06,5.7050879986130084e-06,0.004467185992495271,1
0.659764683562678,0.33773842570403395,2.4706641689604014e-05,6.865192061157833e-07,2.0363927120995618e-05,9.96957362592817e-06,0.0024411640716452505,1
0.8384137016722645,0.12702308089439812,2.389021943121951e-05,2.688439896254874e-07,1.996140290832784e-05,1.3850322275036122e-05,0.034505246644733346,0
0.7589796572530928,0.23556755042736807,3.3110397746147e-05,6.477272898276435e-07,3.34635827770052e-05,1.629150906360619e-05,0.005369279102662537,0
0.7620861192276844,0.23450273473487757,2.3309282357765658e-05,4.5609930089025986e-07,2.3563491842279386e-05,1.1471719674394669e-05,0.0033523454442623904,0
0.7680123727745595,0.2288883832887358,2.5979566327480642e-05,5.413906266509718e-92,2.593000275054908e-05,0.0003372070880387399,0.0027101272795879198,0
0.7435044523061665,0.24998208788808093,2.5516849960601275e-05,8.594084049151875e-220,2.5468169149685057e-05,0.0003312011664349523,0.006131273620207345,0
0.7067895783362852,0.28728686377343815,2.4256806490106946e-05,1.6926541263489861e-07,1.956575311010857e-05,1.305289400629255e-05,0.005866513171257544,0
0.29134506266355636,0.6771133705451648,2.387186756171598e-05,1.4172025151355206e-07,1.4182381306640284e-05,1.2001633258772695e-05,0.03149136918890011,1
0.26441042610759585,0.6976635207056939,2.6581428928730674e-05,1.7655954441509128e-07,1.2377385919719718e-05,1.2656644780194106e-05,0.0378742611675373,1
0.31147859511794884,0.6388374253698479,2.980277277247929e-05,2.1372326902276884e-07,1.756664662571653e-05,1.6559018168936477e-05,0.04961983735136706,1
0.5692487309221503,0.42537312141130545,2.5420459964050464e-05,2.2400759399718146e-07,1.8626232703060357e-05,1.761616008381028e-05,0.005316260806199257,1
0.5564441001471543,0.43895339753611745,2.5030273516873463e-05,2.05850803583082e-07,1.626471831316275e-05,1.5285273837449176e-05,0.0045457162002571294,0
0.5485165302804105,0.4468040207598979,2.758450358992433e-05,2.0919626103850907e-07,1.6529050160277594e-05,1.5533687894755005e-05,0.004619592521785634,0
0.3555286315479119,0.6415970552493738,2.6312084208449565e-05,1.3878230503517815e-07,1.3778316836218856e-05,1.0410731592209031e-05,0.0028236732877723355,1
0.4516175224001274,0.5377143961052937,4.2445796952319924e-05,2.6317896327206286e-07,2.2170526151870217e-05,2.144621238011334e-05,0.01058175578013128,1
0.5136523059198379,0.4756183619976521,4.2689498691931e-05,2.6469000030714285e-07,2.2297817808035203e-05,2.156934540247061e-05,0.010642510730607388,0
0.8806700436346742,0.09634660854799292,3.534211975103316e-05,1.8565802953277378e-07,1.564006540601033e-05,1.5129102576930338e-05,0.0229170508715696,0
0.919161997830706,0.0599586943627671,2.0209209456111485e-05,1.1553923087187976e-07,9.62927397213701e-06,9.415185973476758e-06,0.020839938597894146,0
0.861580775976282,0.09244308724660187,8.082122925800184e-05,2.0153499106909415e-07,1.9327547109278254e-05,1.5632748413576943e-05,0.045860153717344365,0
0.8960741302348733,0.10037818500116853,3.25119643552174e-05,2.7717137681377443e-08,2.400268928501613e-05,1.9976723845917616e-05,0.003471165669334466,0
0.8924840341684251,0.09896788535510613,2.621215816599255e-05,2.167053118250407e-07,1.3635784861512349e-05,1.4891470110944171e-05,0.00849312435801859,0
0.8937571325599617,0.10045960187206379,2.6607247028819297e-05,2.1997165314174121e-07,1.3484094416785525e-05,1.5115925264720272e-05,0.005727838329611284,0
0.8199845687753755,0.17835493866893815,2.1120733927919298e-05,1.9904520312476207e-07,8.55796480812345e-06,1.356740804427215e-05,0.00161704740370289,0
0.8704066476029543,0.12945359642722096,1.823908045664371e-05,1.7347889069980704e-07,6.567350837523794e-06,9.62119947219856e-06,0.00010515486016767758,0
0.8352447008948977,0.1646775613100238,2.4998836341066436e-05,2.470409634962492e-07,7.820329158171563e-06,1.0798107629513079e-05,3.38734809861798e-05,0
0.28882023180034233,0.7110948179642238,3.0781468386908356e-05,2.1629939399139928e-07,1.2431077650135506e-05,1.2258629612487199e-05,2.92627603902309e-05,1
0.2499861506932256,0.7499309841170319,3.169626060947936e-05,2.0215420306447696e-07,1.2160732290557674e-05,1.145695997684342e-05,2.7349082662659204e-05,1
0.16902105928605235,0.8308920809534613,2.982493986044847e-05,1.6112820873893823e-07,1.0716984785099269e-05,1.1313780488878307e-05,3.4842927142968494e-05,1
0.17465736169320156,0.8252574244306236,2.9622683399254286e-05,1.6003552518448408e-07,1.0644308044510745e-05,1.0180207774558224e-05,3.4606641431260185e-05,1
0.17238171991024182,0.8275328312611551,2.9704359315338092e-05,1.604767765035906e-07,1.0673656621710727e-05,1.0208276730523619e-05,3.4702059159066474e-05,1
0.23764875111859965,0.7622871486088211,3.176475903974719e-05,1.922687540560494e-07,1.208175948092807e-05,1.3212248376291493e-05,6.849236928158124e-06,1
0.045156278428578014,0.9529711184748274,4.583908563378216e-05,2.986894892880794e-07,0.0017971481259781317,1.8676906643006655e-05,1.0640288850512975e-05,1
0.10566696820228115,0.8925852878284459,2.545223217579252e-05,1.719830590854705e-07,0.0017034841713946072,1.1882420890241553e-05,6.753161753031661e-06,1
0.01717988769205698,0.9590716204263448,3.720156231953567e-05,1.4213227115936048e-07,0.02369543436779859,1.013279150434015e-05,5.581027704524695e-06,1
0.014464148503377822,0.9631186221201078,3.2034993248587814e-05,1.4280685118759986e-07,0.022368982110180426,1.0464888225406456e-05,5.604578008894152e-06,1
0.015961926230996838,0.9600078500852337,3.4340017695411786e-05,1.5308227970437918e-07,0.02397850486595023,1.121787178328205e-05,6.007846060939164e-06,1
0.012117176790771289,0.9614843832608045,3.5561572964816536e-05,1.4618645780535533e-07,0.02634508812990463,1.1906845512093154e-05,5.7372135846460685e-06,1
0.06799126680011157,0.925605774303625,2.688322072114236e-05,1.4073138557979756e-07,0.006358949288158032,1.1462531427039462e-05,5.523124571562744e-06,1
0.06633597446516835,0.9284703144476689,3.197055896119235e-05,1.41352499805158e-07,0.005139984733926432,1.1513121004471984e-05,1.0101320770760899e-05,1
0.062362517616417,0.9332706746930329,2.807306143869545e-05,1.3738808535740256e-07,0.004317589004343546,1.119022057248953e-05,9.81801610999992e-06,1
0.01795866066287498,0.9129594366964108,6.586075380694447e-05,2.1692500555502327e-07,0.06898093198916655,1.9382969303142642e-05,1.5510003432074045e-05,1
0.015636394432594784,0.9202402752674466,5.300513384401961e-05,2.0138007429267156e-07,0.06403773125746227,1.799397809529778e-05,1.4398550482638605e-05,1
0.008361407366211424,0.976752599076892,3.1082039765750966e-05,9.281658644266475e-08,0.014840344910139401,7.709590747641406e-06,6.764199657327216e-06,1
0.005911924214086638,0.9831610101639473,2.37044956349093e-05,8.677283097880487e-08,0.010891565007040692,6.509249522750565e-06,5.20009693677973e-06,1
0.024035006092492067,0.9759314459088665,1.2855984106767063e-05,5.4707275769443e-08,8.466227160313314e-06,4.344193112247958e-06,7.82688698616795e-06,1
0.026002549350843455,0.9739608612609935,1.5561519665631147e-05,5.7566692547679986e-08,8.163068833741813e-06,4.571253562587583e-06,8.235979408607941e-06,1
0.022688112433466894,0.9772809838262494,1.244947231240479e-05,4.9836611534017424e-08,7.3169593135921486e-06,3.957423606254271e-06,7.130048439885614e-06,1
0.023436748920185553,0.9765400269087721,9.073159573908079e-06,5.153703207724668e-08,6.762192677439392e-06,3.6886660555660392e-06,3.6486157033298516e-06,1
0.002672507223946377,0.9972953225376976,8.457583818677317e-06,4.6458416666396016e-08,6.1176769182670375e-06,3.6011617666282125e-06,1.3947357435665598e-05,1
0.012295723318989446,0.987663048727148,7.109932289843888e-06,2.695220673518266e-08,1.122191677584774e-05,3.523368304105993e-06,1.9345784285796014e-05,1
0.011432745578835128,0.9795938839204328,9.4759900564833e-06,3.2878798174469426e-08,0.008951293921552689,4.7967138713417255e-06,7.770996453527852e-06,1
0.0030087191747932233,0.9948856421745713,8.556243239152253e-06,4.5925106669414906e-08,0.0020886884795680333,5.096688887239265e-06,3.2513138342924408e-06,1
0.06262770713815694,0.9373109150687247,3.586836315550013e-05,1.0975098453408722e-07,1.0904464033540475e-05,7.773039630430753e-06,6.722175314184952e-06,1
0.07847755141883045,0.9214372646646962,5.61854113341047e-05,1.03370890015276e-07,1.463419325544004e-05,8.927567651485914e-06,5.333373342257633e-06,1
0.07747709961941446,0.9224415562934615,5.531595622349232e-05,1.0177125148850837e-07,1.2766578596176075e-05,8.267993189285736e-06,4.891787863615277e-06,1
0.03679410256439766,0.9630945258758618,9.062203864190668e-05,7.421052414342523e-08,1.2099942980876693e-05,5.488458696494997e-06,3.086908897264164e-06,1
0.028095269139148456,0.9718449648113612,2.5953759909896463e-05,2.828517442390034e-09,2.573498066563552e-05,5.182950757183712e-06,2.891529640104583e-06,1
0.017083611684484343,0.9824654050662506,3.011018336908955e-05,3.780857630456387e-08,0.0004110324908120287,4.714005272496304e-06,5.088761235400591e-06,1
0.0024737900064196647,0.1226448096504841,0.8634545555318704,2.8403317889332715e-08,0.01125805179646222,0.000153589408208061,1.5175203237644246e-05,2
0.0015298710673855057,0.04732441588470835,0.945198993338066,1.7722694098029387e-08,0.005543744741817978,0.00039022825245883444,1.2728992869172477e-05,2
0.002122949731070639,0.07322031564908021,0.9180938207332848,1.8162877475625142e-08,0.006358392520110526,0.00018680711233181848,1.7696091244593385e-05,2
0.002718091214816701,0.0947104260564771,0.8937846869932607,2.3493669057266063e-08,0.008224576188665345,0.0005393061717107645,2.288988140043328e-05,2
0.006579711124041946,0.10424272204670854,0.8574963455191814,3.2119132832277673e-08,0.007706589621495923,0.023956181112020646,1.841845741881886e-05,1
0.04711293602867873,0.6411801170421815,0.08596066664127862,1.9627053989034348e-07,0.033154800775867306,0.19257250278183397,1.8780459620076573e-05,1
0.04623922478018553,0.660363838227929,0.051971141416830735,2.0954182499300008e-07,0.025427522055350635,0.21599035265547878,7.71132240037002e-06,1
0.05673976911836175,0.7417353647939271,0.061776987900656166,2.3446531381003603e-07,0.026904719920104108,0.11283523788282608,7.685918811226835e-06,1
0.0014880413645986044,0.033306161565143794,0.04403029911181733,4.156636295709146e-08,0.000957158125747986,0.920215739602903,2.558663426298777e-06,5
0.0024636545016809095,0.15831577626206994,0.6986146201496047,2.0282805610362367e-07,0.013904702304984437,0.12669743157663219,3.612376971678126e-06,2
0.0007700868106764007,0.031449444926457834,0.9616512203010912,5.859565960454366e-08,0.00226719325212088,0.003858447713530542,3.5484004635519913e-06,2
0.0009134048782284651,0.03189094808658296,0.9631245176537817,3.294520328857713e-08,0.0015288292061611786,0.0025334472699387466,8.819960103597084e-06,2
0.0010420470041508094,0.03233662970057971,0.9591001174164138,3.46654691608314e-08,0.0022808531415365787,0.0052359290653579416,4.389006492226293e-06,2
0.001489485910213082,0.03091653074494631,0.9613790111336072,5.968436718286882e-08,0.0029298745737960704,0.0032825557926395633,2.4821604306305237e-06,2
0.0010367758806332343,0.030603677929460244,0.9596829240349114,5.376310282097258e-08,0.0014973859543835726,0.007176946531311646,2.235906197032484e-06,2
0.0017957439858321451,0.036672114858289764,0.9374163285962009,8.108746505539111e-08,0.0009063972155184521,0.023206545359596518,2.7888970973637075e-06,2
0.0021406501075659995,0.03635377192072671,0.9292788140591186,1.41559380702431e-07,0.0007298870629950985,0.03149397060294611,2.764687266598108e-06,2
0.9639089882524178,0.03356016296387371,7.1365752296634405e-06,8.85321851861705e-08,4.8903366138486535e-06,3.932565416896092e-06,0.0025148007742630406,0
0.9537273475770631,0.04463307700962173,8.997323572963886e-06,1.3662351035104983e-07,6.170992453121858e-06,4.942752754573182e-06,0.001619327721024216,0
0.9114463765062006,0.08545154296516567,1.3419205754419067e-05,1.761193888629167e-07,1.53135301737659e-05,7.694810100792818e-06,0.003065476863215653,0
0.962123785680564,0.03589455066226778,6.41198742762208e-06,1.064628267196668e-07,8.87937512466039e-06,5.233933460687368e-06,0.0019610318983284006,0
0.9641351932001128,0.03381526389149981,6.427107208882549e-06,1.0714690562337547e-07,8.936429717216814e-06,4.661386596138359e-06,0.0020294108379596857,0
0.9674459634498849,0.03185481539971154,6.158240386888543e-06,1.0751484031759152e-07,5.738434836398124e-06,4.677393459256754e-06,0.0006825395668807755,0
0.9620668575285852,0.03716848415017709,6.297872634504333e-06,1.0995263713331217e-07,6.020096979867672e-06,4.78344891027325e-06,0.000747446950075863,0
0.959091646765568,0.04015667556050958,6.190961532859875e-06,1.0808610882338219e-07,5.9179013278632265e-06,4.7022462848255e-06,0.0007347584786679788,0
0.959091646765568,0.04015667556050958,6.190961532859875e-06,1.0808610882338219e-07,5.9179013278632265e-06,4.7022462848255e-06,0.0007347584786679788,0
0.9521704102022001,0.047778504539017955,7.0509977062117666e-06,1.2310121801628594e-07,6.662465316706239e-06,5.3554730702762765e-06,3.189322147068331e-05,0
0.9485784063957284,0.05137070106145935,7.024398254759839e-06,1.2263682630766113e-07,6.63733157959188e-06,5.335269880334884e-06,3.1772906271118345e-05,0
0.9485783790721252,0.05137069958173701,7.0243980524235116e-06,1.226368227751329e-07,6.6373313884049265e-06,5.335269726653547e-06,3.180171014744551e-05,0
0.9353647561869803,0.06461088996642374,8.569712983154342e-06,1.3140298919161306e-07,7.194540840515669e-06,5.716638562230859e-06,2.741551220711972e-06,0
0.31202124331308123,0.6879171907069703,1.1881666317314118e-05,1.4232069425613484e-07,2.4776683596840123e-06,7.73209082750441e-06,3.9332233749570856e-05,1
0.31294678412272253,0.6869859208390414,1.1865581477493892e-05,1.421280272085106e-07,3.44175687922702e-07,7.721623487392812e-06,4.7221529555980197e-05,1
0.49083147323990617,0.5091028900485725,1.7050109322605216e-05,2.1604748923638408e-07,1.6919437945720845e-05,1.1564114536139287e-05,1.9887002227571027e-05,0
0.3324194076361087,0.667526928312609,1.5603426469107102e-05,1.9771609954815434e-07,1.4867754971911754e-05,1.2178627226869499e-05,1.0816526514916518e-05,0
0.22109978718072323,0.7788583555601418,1.4068410517197218e-05,1.7826541239577098e-07,1.3468574966873929e-05,9.619374394728389e-06,4.522633843738781e-06,0
0.20034773261013367,0.7996092949376535,1.444323185883944e-05,1.830148957123766e-07,1.3827415031493986e-05,9.875661116812844e-06,4.643129310017257e-06,1
0.18785473552473061,0.8121055812235705,1.3337716971794278e-05,1.6900655646126752e-07,1.2769036040138726e-05,9.11975755653261e-06,4.287734573931349e-06,1
0.15977558273121567,0.8350652279895846,2.1849663401672304e-05,2.7596682216471897e-07,0.005113233591527359,1.40958979205356e-05,9.734159527992223e-06,1
0.1145401000110533,0.8793652077037268,1.702484500634224e-05,2.1502813511935242e-07,0.006062042531134722,1.1147998312891469e-05,4.261882630848452e-06,1
0.005911885935374165,0.09311122033319057,0.00012403237880881534,3.251805402455377e-08,0.8996881024383324,0.0011621913518326907,2.5350444073661144e-06,4
0.03407180628941864,0.5518763590497273,0.0017385147264432823,1.9971455845345464e-07,0.41134161163361377,0.0009564802169421249,1.5028369296369058e-05,1
0.34389628794360005,0.6443912941565747,0.0012622968457168633,2.4029857074690725e-07,0.008723865113823037,0.0017075530580850286,1.8462583629674818e-05,1
0.20508111753984828,0.7798223258062126,0.0017919323327574386,2.2148734421902886e-07,0.011916545926227994,0.0013773474647525471,1.0509442857140247e-05,1
0.6258845692949598,0.37104297680710446,2.4096052674995812e-05,2.5280205635304903e-07,0.003026234961196269,1.4996088456919151e-05,6.873993550905417e-06,0
0.783037768823662,0.2165792782935663,1.6902580545454258e-05,1.773322451273493e-07,0.00034926465685584815,1.2036969150392553e-05,4.571343974873375e-06,0
0.6979147933055235,0.3017057050362086,2.4337177181045807e-05,2.3261559489097072e-07,0.0003294081636178462,1.6578117633636494e-05,8.945584240473591e-06,1
0.724584949425114,0.2753598335132542,2.155497774412953e-05,1.8548666637364474e-07,1.1645723365024458e-05,1.2154537137153994e-05,9.676336719170001e-06,1
0.8546098029090521,0.1453485433609782,1.9431942745465895e-05,1.346851490700534e-07,8.399613826097514e-06,9.133378099343161e-06,4.554110149762488e-06,0
0.9487384805835556,0.05117086661400656,3.17280825836417e-05,2.295656715991639e-07,3.366410716929455e-05,1.90695256703112e-05,5.961521343050381e-06,0
0.9337982183163356,0.06612292540556479,2.58080664255116e-05,2.2123198907765648e-07,2.9087541415718754e-05,1.799734194122267e-05,5.742096328343711e-06,0
0.7231944867525396,0.27674946584286453,1.9777356366585764e-05,1.6808053236709003e-07,1.404695475497702e-05,1.414885720574483e-05,7.906155736183086e-06,0
0.7497158560304287,0.2502409169814185,1.706887856652838e-05,1.342857567246161e-07,1.0935609138841196e-05,1.1976552691690917e-05,3.1116619992165902e-06,0
0.7873559150932402,0.21258521920143475,1.8438794821727896e-05,1.4506328028961236e-07,1.1813280666084e-05,1.293776840071672e-05,1.5530798156221778e-05,0
0.5434749887316106,0.45643661854004375,3.0453190866223693e-05,2.0073811784786485e-07,1.7623367540823484e-05,1.788393581427107e-05,2.2231496006324115e-05,0
0.411908291548384,0.5880175248229804,2.5114384544651805e-05,1.655463398415978e-07,1.4533781741829657e-05,1.6035865493820606e-05,1.8334050515703797e-05,0
0.5730683041760177,0.4252074307196184,3.1904680681883584e-05,2.0260727851618215e-07,2.469003319786606e-05,2.0996066112628322e-05,0.0016464717170929684,0
0.6463221827851858,0.35011641161350693,3.6570402497934834e-05,5.280829455393729e-07,1.750570489933301e-05,2.0242885537976874e-05,0.0034865585254264665,1
0.7987817562399562,0.19753956488360852,3.846218814680598e-05,2.7660527580625625e-07,3.3964121205473374e-05,2.021840896331538e-05,0.003585757552843907,0
0.7969137487321035,0.19754027546783087,4.890181109759464e-05,3.2207786064673676e-07,4.4048426037331806e-05,2.4402262638128952e-05,0.005428301222431886,0
0.7806922923526731,0.2144308615065139,4.518980772935374e-05,3.2040151807486764e-07,4.596891470464042e-05,2.427525436867483e-05,0.004761091762492102,0
0.8383819031429238,0.157529316532231,4.216128322993616e-05,2.749970733886293e-07,3.266663193593135e-05,2.0824265330669297e-05,0.003992853147275176,0
0.7857015668234488,0.20868335292209395,6.52723425470366e-05,3.3210420839667827e-07,4.8044551050744345e-05,2.5161909919081433e-05,0.0054762693467319936,0
0.8215759575953047,0.17141259152305113,3.680846471821129e-05,1.953999645531159e-07,1.4367872722651826e-05,1.4161787439113062e-05,0.006945917356799691,0
0.732174422832123,0.2638814781254804,4.99015467837283e-05,2.5736479850600945e-07,1.3729148747133436e-05,1.85465898966665e-05,0.003861664392170602,0
0.7898695490784629,0.010616090777194033,4.7715578063798326e-05,2.260027727566992e-07,2.046362680774027e-05,2.3254432933689164e-05,0.19942270050376534,0
0.38687240585861443,0.005042520954022009,2.2463557669933823e-05,1.0438631519176577e-07,1.1717541423530687e-05,9.69609996602537e-06,0.608041091601989,6
0.4166759908057826,0.005430982884429089,2.4194088302496343e-05,1.1242794950071848e-07,1.262022855215415e-05,1.1692368522768475e-05,0.5778444071964615,6
0.23259599205201048,0.002016247418702694,1.6294827993801367e-05,9.053891899367384e-08,1.3114655234368328e-05,7.05332812471967e-06,0.7653512071790148,6
0.041697306822036394,0.0005377803264870605,1.6018672468453362e-06,3.27848319364148e-47,1.0160220370177185e-06,8.77068902491834e-07,0.9577614178932903,6
0.027875549823702928,0.001230702980844444,1.441782492719628e-06,1.3480148991640683e-08,8.289551803018097e-07,8.014714131276304e-07,0.9708906615062176,6
0.5293650799036971,0.16343271377531504,1.746567367766748e-05,1.5837122895420412e-07,6.335255584999952e-06,7.312815259469691e-06,0.30717093420523656,6
0.40991813551081774,0.15346896842211766,1.2177327193069781e-05,1.2074968301218775e-07,5.776767754592047e-06,5.575634730743901e-06,0.43658924558770296,6
0.6280311718568788,0.2511956507046665,1.5399878932517086e-05,1.3186949013648467e-07,5.686605918519612e-06,8.34847537503169e-06,0.12074361060873844,0
0.48961583410768295,0.5075463990422279,1.5601565912098007e-05,1.4267792992074708e-07,5.7217285015494005e-06,5.6427205588069755e-06,0.0028106581571867425,1
0.7175749599328842,0.2773161057801452,2.4626957553916476e-05,1.9770845991243146e-231,1.986432020841539e-05,1.2382867389231124e-05,0.005052060141819067,0
0.5779274999135798,0.41545809079061574,2.3897311507529117e-05,1.676429574906298e-07,1.6203632860503003e-05,1.4196907447812157e-05,0.006559943801031143,1
0.2764176902895352,0.6841038078294114,2.2268147408477905e-05,1.6693098572491756e-07,1.3189579118929984e-05,1.196642297717294e-05,0.0394309108005631,1
0.26645004282786594,0.6919887269491379,2.1065542841586605e-05,1.5791577839285085e-07,1.2920269143886331e-05,1.1320169175376106e-05,0.041515766326056885,1
0.6045571125036379,0.391885834154216,2.225761912591289e-05,2.2222166409089433e-07,1.8265158789273175e-05,1.7217463451863994e-05,0.003499090879114968,1
0.5600150194608012,0.4342444629706015,2.4800515812234555e-05,2.1854458514300265e-07,1.817198348605348e-05,1.718654411947071e-05,0.005680139980594533,1
0.5535859929048904,0.4422760761455525,2.3227898812050686e-05,2.0696775356522573e-07,1.7209369875130436e-05,1.537626836588783e-05,0.004081910444750648,0
0.5618938876876306,0.4350005313851662,2.3677040146404088e-05,2.0399707451253114e-07,1.6690524114129054e-05,1.5147626784483584e-05,0.0030498617390836186,0
0.5617324616755962,0.4345251342944404,2.3309887556462797e-05,2.07698298604444e-07,1.6419295764115198e-05,1.543054279455069e-05,0.003687036605549587,0
0.46285456295106375,0.5336884759078213,3.792659592519277e-05,1.8634103292943718e-07,1.7867780807107623e-05,1.3978913082288687e-05,0.003387001510267534,1
0.4493161937079394,0.5477137382986282,3.892330183782487e-05,1.9113785170082642e-07,1.7708605771239052e-05,1.4345690642588933e-05,0.0028988992573289614,1
0.49778533440406014,0.49850005925481927,3.127643952578569e-05,2.1556268776249407e-07,2.3865069776958797e-05,1.963157200627189e-05,0.003639617697123835,1
0.48899489164704857,0.5046819163993338,3.0724125642083766e-05,2.1175604394163422e-07,2.3443634038966226e-05,1.7588297168157383e-05,0.006251224140724406,1
0.4760508099890067,0.5173614734384471,3.37392734817881e-05,2.0524078017900808e-07,2.160290119893397e-05,1.7047144278006203e-05,0.0065151220128074816,1
0.9196087393289712,0.05998783616477466,2.0219031764401524e-05,1.2211607422655467e-07,9.554754624678675e-06,9.419762048530082e-06,0.020364108841742147,0
0.8857874878333211,0.08088087890342928,6.586924121131248e-05,1.7632824360333418e-07,1.6910177318892177e-05,1.367750114179327e-05,0.0332350000153342,0
0.9686759701778181,0.025089169969684924,4.646289201159149e-05,1.261363918612048e-07,1.3792071755326271e-05,1.187870596827374e-05,0.006162600046369931,0
0.8979555872803596,0.09679236188402801,3.203393834613331e-05,2.6726994723147013e-08,2.2547901783101947e-05,2.0030123025054285e-05,0.005177412145463558,0
0.8813806706391296,0.10722732354829506,3.713932711270274e-05,2.578414919993108e-08,1.535230881355052e-05,2.08063516411582e-05,0.011318682040858598,0
0.8888402684957193,0.1001139688595052,2.575572886601978e-05,2.3686952263972072e-07,1.4904580897269634e-05,1.6276441046088473e-05,0.010988589024443586,0
0.8942417749895976,0.09817938973012699,2.3375464734425827e-05,2.1497878013578947e-07,1.3527146017023753e-05,1.4772826987572831e-05,0.007526944863756025,0
0.836119556588695,0.15847100783071058,3.1503316181099165e-05,2.394941316621715e-07,1.1639987164560607e-05,1.6457463240555638e-05,0.0053495953198764564,0
0.8467493211568138,0.14869725314974133,2.1263391770962642e-05,1.8821213699541166e-07,8.092196242774279e-06,1.3613844735643321e-05,0.004510268048558756,0
0.8167791134429457,0.18167756834325197,2.319015607156962e-05,2.052668209522267e-07,8.825463776102407e-06,1.476876422835603e-05,0.0014963285629050718,0
0.8328350184019934,0.16493671288648767,2.4578469787240492e-05,2.3805268492986733e-07,9.970945603944579e-06,1.557106659595838e-05,0.0021779101768472503,0
0.8541718190739348,0.14559867532216625,2.343662228687723e-05,1.8640126918383606e-07,7.45060618201746e-06,1.1334910778805183e-05,0.00018709706338207753,0
0.8628516533649305,0.13694164468686926,2.1720853352157003e-05,1.6916953661427256e-07,6.873965519470679e-06,9.795960960467232e-06,0.00016814199883133244,0
0.8803408048350998,0.11955669389067466,1.8758977256215996e-05,1.8685320087380586e-07,6.753571105178202e-06,1.0908078992974394e-05,6.589379367033639e-05,0
0.8427303693760251,0.15719699345110832,2.3188569807033967e-05,2.309426737113704e-07,7.2540275924902725e-06,1.0543067142139334e-05,3.1420565651087426e-05,0
0.7963072714599544,0.20360391801027908,2.539693288865483e-05,2.602798592945879e-07,8.175523608305169e-06,1.2377269707121207e-05,4.2600523702789324e-05,0
0.45873567088294975,0.5411695148235984,3.220917624341607e-05,2.138358196328035e-07,8.885891098373303e-06,1.211900811365837e-05,4.138638217676252e-05,1
0.5502816671293025,0.44960844583422915,3.6723914054759177e-05,2.4396712834777584e-07,1.0540648102704286e-05,1.5160427303885743e-05,4.7218079878790364e-05,1
0.14374564030668444,0.8561381279572827,2.1092039962681622e-05,1.4124173738498954e-07,8.97836056797167e-06,9.235006086149526e-06,7.67850876786742e-05,1
0.14811799952329563,0.8517985396679053,2.8601240071909746e-05,1.545172128447625e-07,1.0442126523497758e-05,1.0849582711561956e-05,3.34133422795481e-05,1
0.15221678666199656,0.8477119412095926,2.6732091559292518e-05,1.4441920248449833e-07,9.333008829263879e-06,9.186819527935228e-06,2.5875789291718147e-05,1
0.25952989050935277,0.7404040569760525,3.1685255517698883e-05,1.8339727868562999e-07,1.1413238101399461e-05,1.2602621832271944e-05,1.0168001864636526e-05,1
0.19079469053710188,0.8091372968239242,3.172901836939171e-05,1.836505822420272e-07,1.3297896131711474e-05,1.262002824611255e-05,1.0182045644632742e-05,1
0.049469671679282574,0.9485923419812351,4.562846108622797e-05,2.973170505129453e-07,0.001862599221624355,1.8869941593507647e-05,1.0591398127803324e-05,1
0.05047062317773693,0.9432931335690163,4.2350565077544896e-05,2.9565612100145086e-07,0.006164245841460921,1.8818960158213538e-05,1.0532230428917216e-05,1
0.046618917561772,0.9492207735238797,4.972837061360191e-05,2.975140196475665e-07,0.004080747396685118,1.893721822261897e-05,1.0598414807539863e-05,1
0.15409693784042225,0.8447879582249261,3.697758574628852e-05,2.4986092655128664e-07,0.001050802286770509,1.726305316986272e-05,9.811148038276482e-06,1
0.02728116625231131,0.9458585440549294,3.0047631229276736e-05,1.9262813706085518e-07,0.02680890727319827,1.3578339812314661e-05,7.563820382510026e-06,1
0.020752699972830836,0.9558521849061686,4.0956145060599226e-05,1.6767058020218947e-07,0.02333545402904338,1.1953450238585307e-05,6.583826077702983e-06,1
0.015119796647458201,0.9615916250255211,3.5515105983632875e-05,1.5832063443122704e-07,0.0232350897320966,1.1601738497278e-05,6.213429808922732e-06,1
0.016522433853038955,0.9405613517135837,3.4379855227211956e-05,1.732049262227207e-07,0.042853800893272224,1.547643509118877e-05,1.2384044860541074e-05,1
0.014823346749845756,0.8837731502535162,5.114815858208996e-05,1.6623784381472594e-07,0.10132544879427334,1.4853903151631562e-05,1.1885902787048623e-05,1
0.014819313262826076,0.8721817726161258,5.047731038828359e-05,1.6405750418262777e-07,0.11292200208915931,1.4540654141516793e-05,1.1730009854878789e-05,1
0.0070129275915438005,0.9898172158342329,2.007688702188696e-05,8.576537437608719e-08,0.0031385600893780122,5.994110078297346e-06,5.139722370978026e-06,1
0.03476770642644322,0.9651414208463804,1.8854807660703836e-05,8.36313136729844e-08,5.134365155755696e-05,7.3304203482727165e-06,1.3260216296006074e-05,1
0.025963747927534524,0.9739685834982643,1.4040273587960205e-05,6.227623986514769e-08,3.823316195239771e-05,5.458613477081606e-06,9.8742489439165e-06,1
0.01390919176013443,0.9860395088585616,9.675978019790613e-06,3.658768537146479e-08,1.4916419628281788e-05,4.9252545493413884e-06,2.174514142124631e-05,1
0.00743060228281154,0.9905506116787616,8.560261475021647e-06,3.5955484432964175e-08,0.0019910816672678946,5.321784961069149e-06,1.378636923834431e-05,1
0.008571417054008544,0.9903504687265576,6.5796207518656694e-06,2.7636241277070976e-08,0.0010512697738739951,3.812154601841685e-06,1.642503396485105e-05,1
0.011884994551124496,0.9862507904072031,9.26089575361661e-06,3.205202935267169e-08,0.0018310640370205542,4.808589704258219e-06,1.904946716458222e-05,1
0.002575863266294879,0.9827747481548024,7.916414723040206e-06,4.24908666611223e-08,0.014634767107516156,3.654382417041588e-06,3.0081833799721624e-06,1
0.03250074639124147,0.9673988343144986,7.969184140870876e-05,3.0471743572571633e-09,1.207084136963493e-05,5.538506630655307e-06,3.1150576766924975e-06,1
0.01855899546719661,0.980909907632552,3.286648113938536e-05,3.496081447186354e-08,0.0004895255361067497,3.964449125378598e-06,4.7054730654054265e-06,1
0.011514687866041257,0.6603078297848801,0.31276561724336605,6.890200269790623e-08,0.014925558504803928,0.00048216565035794724,4.072048547932387e-06,2
0.0009802918492336397,0.04319794308876042,0.9187448992695249,6.684936145153452e-09,0.03697785684532479,8.972762273298073e-05,9.27463948696718e-06,2
0.0016530253258353268,0.06829087232173463,0.9244579844459502,2.2631201929537828e-08,0.00532803948506481,0.00024082424306052263,2.9231547152410892e-05,2
0.0034857743299869723,0.087939516631472,0.9009672848818255,2.069819154838025e-08,0.007245945830865995,0.0003412913799513701,2.0166247706606955e-05,2
0.0078159611332002,0.18511180651030607,0.7834758694231937,4.2106766047118384e-08,0.015756157691166582,0.007816030001458843,2.413313390856654e-05,2
0.005128036637353208,0.09883381854546487,0.8314403004051609,3.830777495970703e-08,0.007739709336267013,0.05684590571840655,1.2191049572538517e-05,2
0.004420471794740172,0.1046614575888742,0.12354449298740627,9.924841416033964e-08,0.007238719817129101,0.7601300396400725,4.718923363685043e-06,5
0.0012568069588127558,0.03254787841901169,0.025373523942610155,4.686327115023006e-08,0.0005812281163644919,0.9402396810629237,8.346370062044626e-07,5
0.0016770556370566837,0.05033650987092708,0.9431645494319283,8.09565016418983e-08,0.0023304484476301176,0.0024678845613850097,2.347109457112533e-05,2
0.0012388051999762855,0.0319073495803547,0.958677745135663,6.2784019912264e-08,0.0030554387394046267,0.005116208844405876,4.389716175538263e-06,2
0.0013219943491888705,0.03405001516269892,0.9556936212007889,6.573355931551165e-08,0.0035434502458398676,0.0053861688103300775,4.684497593903908e-06,2
0.0014743763451289648,0.034065175204732075,0.9561191233745472,6.576282577890236e-08,0.0035450278913831275,0.004791544838116296,4.686583266409148e-06,2
0.0010093951222229687,0.03543617925565043,0.9543485672433102,6.225261399284221e-08,0.0015867163030690754,0.007614339244549818,4.740578583592369e-06,2
0.0015088689514614515,0.02958167026450557,0.9607599736970166,5.586440320270788e-08,0.002387202466199757,0.005759905461090696,2.3232953226377066e-06,2
0.0018157260112310048,0.03854542766950046,0.9478473683407863,7.40948838519289e-08,0.0009743849890238243,0.010814198964204777,2.819930369964926e-06,2
0.9735819822229972,0.02413015727057968,4.4195406236115835e-06,5.482624036541365e-08,4.017685838421109e-06,2.4353603872542585e-06,0.0022769330933337696,0
0.954287512095026,0.042364516771240576,8.148191622831081e-06,1.2133536182612302e-07,1.1283685569165906e-05,6.651150405428041e-06,0.0033217667707741115,0
0.9551296936968277,0.0441003713684591,6.340434828247963e-06,1.1069571749010624e-07,6.1696923406864255e-06,4.815776347028063e-06,0.0007524983354798675,0
0.9545838025075792,0.04520967540974526,6.8147499966141606e-06,1.189766413227774e-07,6.4299912790764935e-06,5.17603488303225e-06,0.00018798232987496505,0
0.9521693932313599,0.04778601466357302,6.093557144039433e-06,1.1177361011196158e-07,6.196003845499817e-06,4.628264331775785e-06,2.7562506135536292e-05,0
0.9506310924363921,0.04932438750041824,6.0837125472003705e-06,1.115930314937935e-07,6.185993738360362e-06,4.620787024952543e-06,2.7517976847574504e-05,0
0.9425318663989828,0.057438604353030165,6.728711524832529e-06,1.1747452189033908e-07,6.841836631318459e-06,5.110685731347187e-06,1.073053957747228e-05,0
0.9408210531087319,0.05915878941469357,6.526229661355513e-06,1.1971008598532799e-07,6.97981383255789e-06,4.9568938550407755e-06,1.5748291398460708e-06,0
0.6978873312974502,0.3020781015951954,1.358647117622234e-05,1.5382084359746215e-07,9.534322961055491e-06,7.73043390594632e-06,3.562058467680452e-06,0
0.6553545885211027,0.34460647515107096,1.4096361301472993e-05,1.8646408633956033e-07,9.892138987434791e-06,8.184228024342867e-06,6.577135426762341e-06,0
0.33591869249957296,0.6640512792227872,1.2791673322138323e-05,1.5322091862245954e-07,2.6674309319301444e-06,8.324285274567166e-06,6.091667192722763e-06,1
0.44204202750717786,0.5578911154749405,1.7356686973116117e-05,2.079014570877712e-07,1.6281493547804224e-05,1.1128091654713605e-05,2.1882844248919036e-05,0
0.436581029323366,0.5633499867224632,1.8099651885696127e-05,2.1680082181847827e-07,1.624350976469943e-05,1.1604437264692783e-05,2.2819554433851365e-05,0
0.32128229544363485,0.678669293252148,1.415238331036581e-05,1.793294590118351e-07,1.418390112240346e-05,1.0085048436867409e-05,9.810641888748792e-06,0
0.2094161987277195,0.7905570795850138,1.1885820385328129e-05,1.5060910186424568e-07,2.7372577117456626e-06,8.127013079068463e-06,3.820986988514087e-06,0
0.20036266416236312,0.7995977373716998,1.4394712818628577e-05,1.6130157452172046e-07,1.218689772471046e-05,8.763296380334038e-06,4.092257438928698e-06,1
0.1515093656984115,0.8484461189288579,1.4527780609075385e-05,1.627926806234983e-07,1.363037032222629e-05,8.844306158094416e-06,7.350122960741476e-06,1
0.17467015454336643,0.8252987857541048,1.298781780397259e-05,1.52422065577127e-07,2.95266826396868e-06,8.906887532043473e-06,6.059906863051004e-06,1
0.1579307384218887,0.8420377295843565,1.3546836097675029e-05,1.518005965019901e-07,1.650087474497887e-06,8.870571562069387e-06,7.312698023843193e-06,1
0.10370341809475088,0.8907498970605593,1.6320396344419893e-05,2.061307688288484e-07,0.005510661708044786,1.068671995812798e-05,8.809889573895396e-06,1
0.3122844571139055,0.6838626714454697,3.840993425701478e-05,4.851272672535946e-07,0.0037662064167223444,2.2033951036160757e-05,2.5736011342079276e-05,1
1.0805865283097672e-09,4.7398615426348784e-09,1.691060219618288e-13,6.863653922653056e-16,0.9999999941791116,1.1058541863843738e-13,1.5976567733824614e-13,4
0.006466667401337273,0.16418994095040068,5.622950891602208e-06,5.959544058016443e-09,0.829330119856805,3.076360829951325e-06,4.566520191537004e-06,4
0.005603223769650531,0.10180935594076446,0.00019866134051045662,4.426454038536872e-09,0.8922365486291235,0.00014946218555338852,2.7437079437210955e-06,4
0.04430162721467186,0.9131896817693592,0.008358348376370733,3.5389060918069525e-07,0.03231249359553762,0.001790812598128404,4.668255532284278e-05,1
0.13213619983180777,0.858103485177907,0.0009054232965654309,1.6031411348771408e-07,0.008152478094023948,0.0006944027392012908,7.850546380728855e-06,1
0.1179003684778395,0.8781382957467027,0.0005852823139227359,1.926565150188552e-07,0.0023447228827089195,0.0010199801396693108,1.1157782642243192e-05,1
0.3988333498317222,0.5949144256262875,0.001613907898295377,2.322891136925534e-07,0.0034960522700365755,0.0011370574369428128,4.974647601798829e-06,0
0.8327310986725647,0.1665782672476525,0.00015473660813247387,6.849257139354134e-08,0.00025080653099733465,0.0002788144193463156,6.208028735421284e-06,0
0.7183902396567322,0.2793432766219467,0.0001782526298385547,1.2601363757240317e-07,0.0018860622346543428,0.0001943103701641712,7.732473026665802e-06,0
0.5808699542887453,0.4147410989673687,0.00017245341009822825,2.0457121600143895e-07,0.004019578669245637,0.0001914682555054848,5.241837820615167e-06,0
0.5389528036837489,0.45708982438140183,0.00011944850167005549,2.518564315602623e-07,0.003622213226014534,0.00021043155273383653,5.0267979993584465e-06,0
0.5854994112983886,0.4087401775410331,2.0125834595659853e-05,2.111487902283576e-07,0.005721807548254781,1.2525238051916371e-05,5.74139088601486e-06,0
0.8965061638162751,0.09909026066944362,2.4764471659947093e-05,2.5981472752289783e-07,0.004354217896151614,1.7635720214137436e-05,6.697611527966788e-06,1
0.779541122845384,0.2201521177731967,2.0082838801019635e-05,1.8605078205249482e-07,0.0002652349516099917,1.374456589701467e-05,7.510974329414615e-06,1
0.8393385787957692,0.1606178769492919,1.6617983976277076e-05,1.4140388833893254e-07,8.818626728755908e-06,9.58899467264227e-06,8.377245672915157e-06,1
0.9567582465809705,0.04316490933127907,2.6729197464158317e-05,1.933966904867366e-07,2.8360193705704305e-05,1.653903985458475e-05,5.0222600355731425e-06,0
0.6983213881638729,0.30160797708595405,2.4616677401933852e-05,2.0930102057983426e-07,2.4647428922739892e-05,1.6457427133933127e-05,4.703915693955902e-06,0
0.7766772501284368,0.22325930902742314,2.1571212424371273e-05,1.971967570344813e-07,1.532104894702118e-05,1.6864016729447736e-05,9.487369282368135e-06,0
0.7763064558634724,0.2236368351980627,2.0596745308216772e-05,1.8335835468929988e-07,1.4245885020050392e-05,1.4349230593679811e-05,7.333719188220405e-06,0
0.327145616012494,0.6725667671910388,2.25393928198879e-05,1.3328396915764973e-07,1.0854028206211379e-05,1.2785833024193904e-05,0.00024130425844811642,0
0.2908506979703597,0.7087063946774192,2.2658430888771365e-05,1.437517978717823e-07,1.0906867999069283e-05,1.3782778874786328e-05,0.00039541552266059236,0
0.45555829364398154,0.5430946976023463,3.2888891610188595e-05,1.7941202407234106e-07,2.2137305245392458e-05,1.756208827083415e-05,0.0012742410565215515,0
0.4693827899506838,0.529373686835452,3.0127199223941185e-05,1.7686370240059136e-07,1.1003352582605711e-05,1.730357001175485e-05,0.0011849122283434184,0
0.8284023063048668,0.16958961184038138,3.035345152393915e-05,2.0396506441116452e-07,1.464627007063151e-05,1.8990381118566454e-05,0.001943887786974339,0
0.4442290418466131,0.5514541070487546,5.0059764282415373e-05,3.4343616978406884e-07,2.571907248090777e-05,2.6993503000207713e-05,0.004213735328698728,0
0.6764607534972774,0.3189047940048296,4.7063488215729285e-05,3.523743429575281e-07,2.293231626192091e-05,2.5471177684377005e-05,0.004538633141388089,0
0.8954099445130826,0.09760319042638614,3.24547554303299e-05,2.1585985310518841e-07,2.3015135642494807e-05,1.6346075250587045e-05,0.006914833234354888,0
0.8951728526128059,0.09757734648079108,3.244616186970982e-05,2.158026964663999e-07,2.3009041559803358e-05,1.634174704084694e-05,0.007177788153236379,0
0.8481844202420444,0.14733848262060179,3.735300341623589e-05,1.6971594506963243e-07,1.0577834549971325e-05,1.4289506436738825e-05,0.004414707077005635,0
0.08971889152249093,0.034242581117841994,1.3148010967300639e-05,8.296799709179478e-08,6.7959233264298274e-06,7.95227512344307e-06,0.8760105481822528,6
0.28596521555873183,0.2186495567492336,3.627191909089723e-05,2.6265358200334484e-07,2.1514001389379217e-05,2.5175718360577453e-05,0.4953020033996117,6
0.9384164292517432,0.05060384412893151,6.401636391518815e-05,3.285753027348943e-07,2.641352017181567e-05,2.695502610165038e-05,0.010862013133833798,0
0.9594889662527019,0.026954454331259543,4.747299446128337e-05,2.476652362764584e-07,1.9214739008118497e-05,2.26249880160386e-05,0.013467019029317021,0
0.5718115918773815,0.009001021766347633,3.6234098835330076e-05,1.9859663784458e-07,1.580304035081943e-05,2.073691225480657e-05,0.41911441370819214,6
0.4899037995389716,0.0062530111314232474,3.078331289970688e-05,1.4110278741224743e-07,1.226544610437359e-05,1.4798446561444256e-05,0.5037852010212521,6
0.02101840756790872,0.0009656009966582133,1.2249280038310725e-06,1.0576431116221291e-08,6.503924673483737e-07,6.131985413563981e-07,0.9780134923399894,6
0.05200905361445791,0.0024365782196647495,3.1476619085194894e-06,2.7766373817252247e-08,1.5260751135892322e-06,1.6098341431432357e-06,0.9455480568283383,6
0.647992397611247,0.25917960646502475,1.5889345815272336e-05,1.3606080544165505e-07,5.867347941531114e-06,6.597107981619702e-06,0.0927995060611841,0
0.40566824751556657,0.5919137846867975,1.725262137493277e-05,6.125273616639195e-43,6.9693216597046495e-06,5.466816219317894e-06,0.0023882790383820385,1
0.6021720596608539,0.3954927467698188,2.1660140360252097e-05,3.061520599504532e-116,1.726513963485059e-05,9.819106604161532e-06,0.0022864491827279147,1
0.766539362375677,0.22505460468778551,2.3262310634657843e-05,2.63261346527963e-07,1.7680388766920976e-05,1.3641340359707703e-05,0.00835118563542989,0
0.7538505168900594,0.2362818340693319,3.2916932055105914e-05,3.0179195733630433e-07,2.6083845735440282e-05,1.623114607950223e-05,0.009792115324781376,1
0.7407847834632935,0.2550136091248677,3.0248102778445828e-05,5.154183127545723e-07,2.5312356603647078e-05,1.9835355830487544e-05,0.004125696178313507,0
0.7021610007001268,0.29326501869546684,3.380614415256982e-05,5.276840268279132e-07,2.7268332719877563e-05,1.6998323851657824e-05,0.0044953801196553535,0
0.7525543527776939,0.24307931178508052,2.6044203296798138e-05,4.065269913408493e-07,2.100748306923487e-05,1.5964048388629307e-05,0.0043029131754794715,0
0.5778550178772871,0.41540598520917293,2.398738640768845e-05,1.676219321839419e-07,1.6201600646591664e-05,1.4195126911739675e-05,0.0066844451776419634,1
0.5543053746624363,0.44053113301500796,2.3369806678152803e-05,1.9962177621884512e-07,1.577254935544768e-05,1.430985744986646e-05,0.005109840487296103,1
0.5426001192402674,0.45251653440122586,2.2450422673615987e-05,1.9176852049703354e-07,1.569001478739332e-05,1.3746897977081933e-05,0.004831267254548012,1
0.5691951334922196,0.4274805654087015,2.1942283072291543e-05,2.1907332633800287e-07,1.8006386138937404e-05,1.7228124805945765e-05,0.0032669052317354187,1
0.5613163490653817,0.4348477209390346,2.3292620371785606e-05,2.0754444265509828e-07,1.725280050292829e-05,1.5419112364804624e-05,0.003779757917901379,0
0.5852317199524828,0.4116688819460152,2.32682928702144e-05,2.004753822721974e-07,1.7247811219694103e-05,1.4886126565258085e-05,0.0030437953954645233,0
0.5662131789901863,0.4301282706149415,2.6099289315057692e-05,2.09355025652035e-07,1.74033110482386e-05,1.555362612156161e-05,0.003599284813361582,0
0.5581458485864433,0.43843373154985216,2.3519105571542796e-05,2.0253016793683424e-07,1.7433728173212914e-05,1.5046586536987605e-05,0.0033642179132547267,0
0.5486302579253157,0.4474837125942013,3.944764348625078e-05,2.0058320377801147e-07,1.791031592072822e-05,1.5047330839051454e-05,0.0038134236070330525,1
0.4850692296157858,0.5113353262369408,3.980489237976541e-05,1.8530491900128037e-07,1.83970851663138e-05,1.3901185990636591e-05,0.0035231556788177837,1
0.45471687963698404,0.5424582844157901,2.746648785836597e-05,1.8930383496062416e-07,1.9925436064250257e-05,1.5723433637988576e-05,0.0027615312858300504,1
0.9105797593647561,0.0799644595498242,2.3719910825669798e-05,1.3568155322760485e-07,1.3215826488414823e-05,1.105077228196223e-05,0.00940765889427047,0
0.8980060395886426,0.08408312371914814,2.332579416225378e-05,1.3342714504545874e-07,1.102289378853914e-05,1.0867158880885534e-05,0.0178654874182326,0
0.9242042772819803,0.06011601757962377,2.026223559144608e-05,1.1590311688422755e-07,9.575171129834208e-06,9.439890102884401e-06,0.015640311938455023,0
0.9223241976708489,0.05286316421558957,2.8947514332873823e-05,1.1524687940865503e-07,1.1052371000946609e-05,9.976500248431652e-06,0.024762546481099476,0
0.8817368450762209,0.10721397121974585,2.9628704772533588e-05,2.096018197266707e-08,1.2480038954842032e-05,1.4345667871654896e-05,0.010992708332252006,0
0.8995954245814346,0.0956385790325722,2.9919456767128396e-05,2.4207787836307293e-07,1.4839189147519263e-05,1.6120007100526708e-05,0.00470487565509998,0
0.816443365024977,0.1786064536055341,3.076195655233903e-05,2.338581764021401e-07,1.1667174715347545e-05,1.6915534537377025e-05,0.004890602845507239,0
0.8472502684958904,0.1466655703537914,2.9112031083436496e-05,1.8901140352845372e-07,8.38419484214359e-06,1.376461474428497e-05,0.0060327112982449865,0
0.8197319429682319,0.17326548088756905,2.8596859532904008e-05,1.8566662495409048e-07,7.830085463498886e-06,1.3521033734771344e-05,0.006952442498843039,0
0.789938075492162,0.2052364777818804,2.5562566641720684e-05,2.2626612661560624e-07,9.921279198167007e-06,1.6366382985999304e-05,0.004773370231005214,0
0.8138317241904017,0.18313612900049644,2.905241116900377e-05,2.0533346028755168e-07,8.828328939781788e-06,1.477355886894716e-05,0.002979287176663913,0
0.8424383713458276,0.15728454944707634,2.494752155863085e-05,1.9429994730520334e-07,7.895104313351029e-06,1.1719769690395767e-05,0.00023232251158640532,0
0.8389508502325166,0.16097933868468842,2.241507731809329e-05,2.232392049343768e-07,6.608898752901094e-06,1.01913859771212e-05,3.037248154190656e-05,0
0.6439989940529754,0.3558867129807738,3.075159977169783e-05,2.884707893795839e-07,9.860027360825784e-06,1.4755779993469834e-05,5.86370883353796e-05,1
0.19530118296215712,0.8045160709409906,6.212498048453893e-05,4.008545844842663e-07,2.3063457506543425e-05,2.2760511207938234e-05,7.439629306869697e-05,1
0.1877834551545753,0.8119222863216627,8.751163893116692e-05,4.4145885141276117e-07,2.6816939333588226e-05,2.7432813878759906e-05,0.00015205567276697094,1
0.1049713995663871,0.8948655887421131,5.75064860358935e-05,2.900956670935818e-07,1.7342987601236665e-05,1.8026913305612066e-05,6.984520889004813e-05,1
0.2815713578700396,0.7183169789234993,3.0651688090068656e-05,1.9549206938863979e-07,1.1240777349401244e-05,1.2229584191464425e-05,5.734566476051692e-05,1
0.17055977673271405,0.8293430867958856,2.704599076051386e-05,1.6861862411498938e-07,9.695556533656084e-06,1.0763700062218954e-05,4.9462605419837474e-05,1
0.15100448650081802,0.8489259243736894,2.5850868199116293e-05,1.3965842368030033e-07,9.927043321069102e-06,8.883976035282086e-06,2.4787579513478964e-05,1
0.20489990662722124,0.7950341893009456,2.985019521920113e-05,1.7277577478831918e-07,1.0384817919330178e-05,1.1872737518463426e-05,1.362354540129327e-05,1
0.21554841457056415,0.7836778716579034,3.375169192536333e-05,2.57549392538397e-07,0.0007144400674141382,1.6089717695264185e-05,9.174745105408246e-06,1
0.04662366270284757,0.9509073967014459,4.590712334464148e-05,2.894074070621088e-07,0.002392621332434394,1.8219545371242964e-05,1.1903187149077671e-05,1
0.013667624764585358,0.9629334478012009,3.56833884859881e-05,1.5907081078009769e-07,0.023345185392359222,1.1656711431524421e-05,6.242871126567565e-06,1
0.014938749999303353,0.9611333837586935,3.6490020843730304e-05,1.6258141925898514e-07,0.023872909432422366,1.1920214451402235e-05,6.383992866109799e-06,1
0.007277563768815799,0.512107819394736,2.43759529842168e-05,8.489219745910615e-08,0.4805771681816612,6.918070109061132e-06,6.069739496275211e-06,1
0.05283310205695133,0.9452718930964418,1.7616000700030873e-05,8.372601263404349e-08,0.0018558398766175095,8.190011926462765e-06,1.3275231350194518e-05,1
0.009012637905316572,0.988603221030264,1.0180211376606996e-05,3.849433825712268e-08,0.0023453464755088145,5.6975616836704e-06,2.2878321512277488e-05,1
0.008701422185531478,0.9893225687022605,7.887408108633096e-06,2.9824582660766805e-08,0.0019459519018192794,4.41434785199883e-06,1.7725629845221894e-05,1
0.007213241849493703,0.9909775369577764,7.685592557250358e-06,2.6599893227549018e-08,0.001781768234955619,3.931663596160005e-06,1.5809101727823987e-05,1
0.008963760635454352,0.9883521437567028,7.320295928029749e-06,2.533559886621382e-08,0.0026578913214737906,3.800960573160606e-06,1.5057694269106723e-05,1
0.002266310884152573,0.9901754534202069,6.965065686929154e-06,3.7384559518833305e-08,0.007544437694393042,4.148873739706882e-06,2.646677261469726e-06,1
0.02203246869324607,0.9778392707072727,3.700062563927835e-05,4.281041488525246e-08,8.300209303744778e-05,5.27319445977316e-06,2.941875929910346e-06,1
0.019186219985591668,0.9804871161097898,3.264881889548964e-05,3.5107503371941375e-08,0.0002634871390133355,3.708343625693612e-06,2.6784495580623816e-05,1
0.019352581998798035,0.9800440375728229,4.15847467902487e-05,4.5578790195143097e-08,0.0005041466514708608,4.723311161097024e-06,5.288014016678377e-05,1
0.013779744746150032,0.9856912691289437,3.6154786056690895e-05,3.962730413004751e-08,0.0004427098757852148,4.10656112372163e-06,4.597527463666587e-05,1
0.00785664690865954,0.563844063638996,0.4256151402965155,3.3994877575425796e-08,0.0023337450364990715,0.00034659788982961226,3.7722346228708753e-06,1
0.009011965975794985,0.48301616195322034,0.49082682080635687,1.8734795980427201e-06,0.01672427706668525,0.0004154374678556756,3.463250488477808e-06,4
0.009795905507566571,0.5076014296393048,0.46442822647424,6.24809097951735e-08,0.017836141984443433,0.0003316607738569974,6.5731396785104e-06,4
0.000967542824845295,0.0333979675119743,0.9618022780627694,9.523041462637774e-09,0.0037422011189084487,8.659659130355417e-05,3.4043671575631534e-06,2
0.0016960308387931184,0.04243496193134723,0.9509332160539673,1.4467685330685785e-08,0.004667504426308634,0.00025355443183554954,1.4717850062931526e-05,2
0.00556070545644272,0.12536204845736157,0.8555476767839613,3.186438247040941e-08,0.011678525425960472,0.0018335764798377194,1.7435532053654076e-05,2
0.0017968014740084048,0.04939666770757905,0.23676607624260385,1.6956654960986433e-08,0.0019051444457226408,0.7101304864027526,4.806770678509895e-06,5
0.0006482130868645822,0.01910957582801321,0.028861056806629374,1.8301942034310097e-08,0.0006725692436399432,0.950707136821229,1.4299116818263086e-06,5
0.0006846519229456564,0.02891622872563155,0.9660080567600416,2.887041075840882e-08,0.0014847117275660574,0.0028985888689541293,7.733124449921031e-06,2
0.0008531224629085466,0.024732091572665087,0.9710892676407503,2.7303452824345754e-08,0.0016286840791060386,0.0016907711590085045,6.035782108541328e-06,2
0.00211920048869013,0.04859891921723271,0.9421691237587021,8.482881852368066e-08,0.0043955810172376635,0.0027065410278754123,1.0549661443305577e-05,2
0.0022860827660897754,0.057676187648713705,0.9320874764348414,9.054530995015387e-08,0.0044437990557873895,0.0034951029613835387,1.1260587874233226e-05,2
0.002377692110787899,0.059987424071803526,0.9282632124291411,9.417369849017577e-08,0.0057314818267397176,0.0036283835586038444,1.1711829225323327e-05,2
0.001586520290192168,0.038104732848458396,0.9519732037042188,7.076487477793546e-08,0.0033189745220796795,0.005011454816231105,5.043053945078603e-06,2
0.0018330037287630676,0.03737577175040516,0.9522580415650007,7.078604818436309e-08,0.003515113324036838,0.005012954282879647,5.044562866434724e-06,2
0.0012048473725713674,0.037607624402992916,0.9517028202299384,6.606730675610302e-08,0.002022945928669434,0.007456364856176126,5.331142345148404e-06,2
0.0020378099925178867,0.03331024424450201,0.9554971742340537,6.759829308605915e-08,0.0011598134659381299,0.00799231778396849,2.5726807266761984e-06,2
0.0024469101859849974,0.033261697846199235,0.9541046312656783,6.749977523561483e-08,0.001158123152109715,0.009026001118954548,2.5689312980515876e-06,2
0.002237708894956729,0.03268095133724477,0.9532787905884874,6.744134971469804e-08,0.000956478291662841,0.010841435596589498,4.56784970905537e-06,2
0.002616662357396343,0.03416246055100948,0.949455027125858,1.2711692918443837e-07,0.0007408931645033935,0.013022082535730254,2.74714857327016e-06,2
0.0011479398022371289,0.054118960295142876,0.8971342549013522,2.551116192068316e-07,0.0009903908583761838,0.04660418672472704,4.012306545341618e-06,2
0.9634001947302165,0.03450967299085193,8.869703271952776e-06,1.0614933764883101e-07,6.392911503565698e-06,4.898604813118597e-06,0.002069864910005526,0
0.9537422972490921,0.04431439109238779,9.714621144943533e-06,1.162610031505657e-07,7.709905021207336e-06,5.336805999518681e-06,0.001920434065351225,0
0.9607877090787695,0.037711637848077115,8.503526179805559e-06,1.0176706525461094e-07,6.42547811410651e-06,4.671481147473432e-06,0.0014809508206469581,0
0.9607774269688061,0.03591400569629334,6.6760012794251345e-06,1.1084643808406467e-07,8.713442523679773e-06,4.8223333908582356e-06,0.003288244711268557,0
0.960908690524564,0.03834314040036336,6.105570610728188e-06,1.0659529476274432e-07,6.294528053252684e-06,4.637388969169386e-06,0.0007310249921448037,0
0.9551927530419737,0.0439576012436011,6.112905608612996e-06,1.0672335425324344e-07,5.871417953532882e-06,4.642960150054612e-06,0.0008329117073587657,0
0.9551492455044399,0.04480388732826046,6.112627175313161e-06,9.553504821296562e-08,6.229305020291963e-06,4.642748670473812e-06,2.9786951385440636e-05,0
0.9442905636715417,0.05568746782232448,6.705914685255509e-06,1.1707651882243556e-07,7.609495989532693e-06,5.09337075472557e-06,2.442648185318776e-06,0
0.8949633518660844,0.10500604041381395,9.01261894211108e-06,1.2753807808367746e-07,1.1509453427756712e-05,6.991160095350983e-06,2.9669495582688706e-06,0
0.8942696207077411,0.10569947022987965,9.648607310262751e-06,1.283803030231039e-07,1.138084226730937e-05,7.037327714279383e-06,2.7139047843528608e-06,0
0.8376475131586518,0.16231913510618454,1.0936822089041728e-05,1.3535144583974953e-07,1.1998830190307595e-05,7.419459672130823e-06,2.8612717666468413e-06,0
0.33572232742196256,0.6642383030353581,1.3677438092788381e-05,1.5326407185664943e-07,1.1175179828441537e-05,8.27027783256423e-06,6.0933828536347186e-06,1
0.22729703120783196,0.7726737045310753,1.1599628486461747e-05,1.4698267108776385e-07,2.6713488424531276e-06,8.210003309377028e-06,6.636297783509462e-06,0
0.21773927697976614,0.7822221857893908,1.1802670793293897e-05,1.4955548629790978e-07,1.1478830731770475e-05,8.353712912920027e-06,6.752460918592752e-06,0
0.41355100953694596,0.5863960616580025,1.492807531379393e-05,2.067707523275088e-07,1.9272722689230407e-05,1.3732468230781621e-05,4.7887680655558885e-06,0
0.13223377360536423,0.8677245367873521,1.420669874800543e-05,1.5919476169357532e-07,3.4523012758973616e-06,9.116610495518681e-06,1.475480200269259e-05,1
0.18524730848449864,0.8080160589166165,2.3687207584820348e-05,2.991754739177629e-07,0.006681574583146999,1.520036773551076e-05,1.5871264943750564e-05,1
0.21350931940532808,0.7723554000802867,2.9452999258869045e-05,3.719988934963563e-07,0.01405721875820112,1.764744378249823e-05,3.058931424945411e-05,1
0.3225516892193055,0.6730478359668497,4.224084188896267e-05,5.335126078311669e-07,0.004285686167900125,2.8143771663377167e-05,4.3870519784632604e-05,1
0.021836646699149156,0.4337492717529025,1.3613932177862007e-05,1.5192274076308642e-08,0.5443815127600065,7.298533623390253e-06,1.1641129866555333e-05,4
0.011184054955464469,0.14910288290455817,0.0003046320333047163,6.26581054931918e-09,0.839205442045879,0.00019818059708746595,4.8011978955542945e-06,4
0.007254807004149996,0.10652405123457444,0.0001691519423194152,3.7420405591102505e-08,0.8841592130586261,0.0018898773160454785,2.8620238790666596e-06,4
0.03112658945704903,0.5539233647217796,0.0010613336695514954,2.0045533458427057e-07,0.4128673494159225,0.0010042282356564675,1.693404470624683e-05,1
0.6547467000013631,0.34164781530147775,0.00011776554579622753,1.5932453322537414e-07,0.003336159235505861,0.0001464575253853147,4.943065938501924e-06,0
0.5798145485011609,0.4178582498636595,1.9399174115474847e-05,2.0929531685076802e-07,0.0022898414001906583,1.2356464296185191e-05,5.3953012604553934e-06,0
0.6032555959771613,0.39466101119938,1.8297906523223073e-05,2.016880561778499e-07,0.002047729998576165,1.1964032155352512e-05,5.199198147806806e-06,0
0.9228568835013861,0.07438393597112615,2.8345725326431763e-05,2.9738720063376096e-07,0.0027030528941990022,1.9818350478869504e-05,7.666170283048755e-06,0
0.8570624483292615,0.13958491376332038,2.4603054496851955e-05,2.5812123061236565e-07,0.0033036020069012345,1.7520768925646603e-05,6.653955864030042e-06,1
0.8608159915240079,0.1391421140584422,1.7491607355975848e-05,1.2691637426446436e-07,7.915115655962046e-06,8.84182193392961e-06,7.518956229694661e-06,0
0.8595455396611985,0.14041697946172357,1.7516702693796532e-05,1.2242828181060879e-07,7.082316656951083e-06,8.834848917832357e-06,3.924580527465426e-06,0
0.8825000558409676,0.11746983817755444,1.145120908728644e-05,1.2312345212685738e-07,7.239984004747647e-06,7.254190173747736e-06,4.037474759989792e-06,0
0.8879021803316812,0.11206968926508482,1.1739424486714304e-05,1.0191980774529344e-07,5.767159384517472e-06,7.875174960333414e-06,2.646724594843001e-06,0
0.9348380739621175,0.06509825484673229,2.480193910843609e-05,2.1532647264804534e-07,1.6424257294715224e-05,1.6637920372971968e-05,5.591747901473923e-06,0
0.32445153603947824,0.6754666928630831,2.0389504353732024e-05,1.344013750742486e-07,1.0945024560935826e-05,1.2893024951026312e-05,3.740914219783031e-05,0
0.3635311767031901,0.6361488248797929,2.1705548566128533e-05,1.534221098701943e-07,1.249398497442612e-05,1.4717670035018234e-05,0.0002709277913316196,0
0.3666032850556178,0.6329579070410307,2.3891198903556913e-05,1.5634328586772902e-07,1.3718627963777823e-05,1.4990038173953164e-05,0.0003860516950241678,0
0.6028279210759364,0.39533005952758227,3.567879740216747e-05,2.359603722315187e-07,1.4337815717045961e-05,2.089457594251464e-05,0.001770872247047215,0
0.8463011622764508,0.14991193648732098,3.5390379409954705e-05,2.516918691291132e-07,3.2522087327383394e-05,2.07400152374353e-05,0.003697997062384333,0
0.8800426015452064,0.11359920701152659,2.633702176939569e-05,2.0554698979266597e-07,1.769260908935906e-05,1.5573289077757867e-05,0.006298382976340767,0
0.8936769429651235,0.09965286894535054,2.759042886538604e-05,2.1532919135749747e-07,2.7938119609953363e-05,1.6314438597581444e-05,0.0065981297732615836,0
0.8726732426726107,0.10234929507741879,3.2417800323898345e-05,2.1192138511318242e-07,2.478274789665537e-05,1.7462831721954106e-05,0.02490258694864285,0
0.8128725884413477,0.18051496973654563,4.185607598546277e-05,2.516210257431223e-07,2.4653037987962957e-05,1.84018316629316e-05,0.0065272792554445635,0
0.5960494153330195,0.1677334622063397,6.216901311884085e-05,3.665829959557936e-07,2.906547831991481e-05,3.379609108295005e-05,0.23609172529512323,0
0.08851421161700442,0.012940070215145797,9.902040662091012e-06,6.000825280559321e-08,5.555807567602813e-06,5.672040632636518e-06,0.8985245282707347,6
0.046448093467547504,0.017985601977214615,6.850040557783287e-06,4.474344301641128e-08,3.6925507051619826e-06,4.384021534036788e-06,0.9355513331989979,6
0.9181586373781305,0.06680194020790886,8.156755098385538e-05,4.186598725502674e-07,3.36552409651387e-05,3.7163406012138315e-05,0.014886617556126809,0
0.6688460576059863,0.010377869077019541,5.0214755232345206e-05,2.567357240818115e-07,2.190052543460872e-05,2.873809496082769e-05,0.32067496320564237,6
0.4570114602893843,0.008038929777247895,3.5557382729183997e-05,1.6523224929463206e-07,1.4362914337805788e-05,1.7329073764290577e-05,0.5348821953302872,6
0.3474774760750103,0.012477334245587843,2.85981332154157e-05,1.328932471142779e-07,1.694703176093827e-05,1.0446861542839035e-05,0.6399890647596355,6
0.41629429287476555,0.005316485743544986,2.811776392281256e-05,1.562307452235228e-07,4.24168976141235e-05,1.2170967079643017e-05,0.5783063595223277,6
0.670949717335927,0.289314095608782,1.743202230874319e-05,1.492707769960412e-07,6.770555385274429e-06,7.254112334744808e-06,0.03970458109448528,0
0.541116956748874,0.45759475522323756,1.9714444125881143e-05,5.756901635042756e-07,1.5714239381449527e-05,8.937071749961644e-06,0.0012433465824677982,1
0.5418775723493212,0.45664929468525656,1.9491346512771405e-05,2.7549756312029716e-116,1.5536409903963326e-05,8.835935782704551e-06,0.0014292692732227597,1
0.7193436159572743,0.27303318685472155,3.383997636479806e-05,2.887642249473678e-07,2.666303777455968e-05,1.4962815955193167e-05,0.007547442593684448,1
0.7713612689809904,0.21836022635912658,2.675498356582621e-05,3.323032683390967e-07,2.3806117675185353e-05,1.6694091273456014e-05,0.010210917164099878,0
0.7365798921823558,0.2579550258701417,3.285739452763288e-05,3.2806104624180776e-07,2.873139009348049e-05,1.608329675810423e-05,0.005387081805077132,0
0.719985923607006,0.27628346054044506,2.4740058544068868e-05,3.8617044456695874e-07,1.995554846019425e-05,1.5164660144685345e-05,0.0036703694149553038,0
0.6426147909167118,0.35285261599472645,2.4601686026422373e-05,2.114116944143938e-120,2.0546023019454523e-05,1.2937806055997968e-05,0.004474507573460043,0
0.5926087307686612,0.4014204307878404,2.2684742915138223e-05,1.7190163173699557e-07,1.6615257631346404e-05,1.4557554891826711e-05,0.005916808986428476,1
0.5830930654512577,0.4121185563025623,2.172059352052849e-05,1.9444593614067528e-07,1.5909074156114822e-05,1.3938828120778043e-05,0.004736615304446383,1
0.5852092546992608,0.4093800806102434,2.275196912700433e-05,2.1075117836249544e-07,1.665190754938994e-05,1.510766699346694e-05,0.005355942395647689,1
0.5815056404755509,0.41303804324046617,2.026067849636873e-05,2.1252290878179395e-07,1.6800698510217304e-05,1.5242659593032517e-05,0.005403799724474487,1
0.5746815684488183,0.42172357078975864,2.265062811524268e-05,2.2614549399909278e-07,1.8161439506713343e-05,1.7784286476334823e-05,0.0035360382618307568,1
0.5794613464231377,0.4174191791888449,3.248964137315093e-05,1.9420036388565122e-07,1.5748446904215324e-05,1.4568503590587842e-05,0.0030564735957857,1
0.5242426921862092,0.4725026605135477,4.1314411698656196e-05,1.9233222992701267e-07,1.909475708073271e-05,1.4428360103008439e-05,0.0031796174391307054,1
0.9153208049499069,0.06876111007532365,2.1674625028337327e-05,1.2398220259277406e-07,1.006478222869687e-05,1.0097902443455388e-05,0.015876123682866304,0
0.9242039884284542,0.060115998790786634,2.026222925862731e-05,9.811010363429218e-08,9.40892516891942e-06,9.93646604213264e-06,0.01564030705018588,0
0.9451578620062723,0.03827581414905751,2.5201845819349606e-05,1.0033448995376187e-07,9.622247585789675e-06,9.142488872279203e-06,0.01652225692790275,0
0.9054587662388753,0.05763730253368382,3.847302659154235e-05,1.5108782087578981e-07,1.4489578013844143e-05,1.3767137519016552e-05,0.03683705039749557,0
0.9231052450723892,0.05876059547324675,5.754038685041324e-05,1.5403237023849706e-07,1.477196528675105e-05,1.4035445154754111e-05,0.018047657624701813,0
0.8722902937349829,0.12059703919402615,2.6534251274536758e-05,2.146882312231574e-07,1.3160224686407164e-05,1.552892546198128e-05,0.007057228981336871,0
0.8288816698914404,0.16571648107479295,3.0104020253476446e-05,2.139965865908537e-07,9.383286463507895e-06,1.5478897112127027e-05,0.005346668833350754,0
0.816976972217695,0.18149414978723602,2.3678051203840463e-05,2.0958540692681964e-07,9.011141733728226e-06,1.5159825685566203e-05,0.0014808193910387545,0
0.8209050199068618,0.177034904673381,2.2723247515966764e-05,2.2008408693978136e-07,9.218322657511195e-06,1.4395737546332012e-05,0.002013518027950402,0
0.8731293237834759,0.12677395539742237,1.7996503334036273e-05,2.2446875503153772e-07,6.868713373379649e-06,1.0247517782563067e-05,6.138361585689733e-05,0
0.8727034712852973,0.12724521296927202,1.756942507873857e-05,2.1369098322777576e-07,6.326227836976049e-06,9.755487574617466e-06,1.7450913957007776e-05,0
0.1292060204055989,0.8705610260472014,6.439204443507331e-05,3.7625820217055527e-07,2.1409771594206952e-05,2.3424732531140643e-05,0.00012335074043715328,1
0.12920285061048886,0.8705396686826244,6.439046471311505e-05,3.581118631319644e-07,2.140924635096292e-05,2.104081155206336e-05,0.00015028207240746022,1
0.10971623575552492,0.8900600072232325,5.5733301544297815e-05,3.0996447289902603e-07,1.8530818002798778e-05,1.9105974810329253e-05,0.00013007696241212246,1
0.06997364003831787,0.9298851915845279,3.9533942306598435e-05,2.3100633296390606e-07,1.2642544022065715e-05,1.2461028616778141e-05,7.629985587576137e-05,1
0.0630895005188274,0.936777401110452,3.7427446532431784e-05,2.0815523959514355e-07,1.196890855837576e-05,1.1797064878493639e-05,7.16967955117881e-05,1
0.1362058359271,0.8636977073850983,2.5617270111877187e-05,8.776290472246057e-204,1.0934603677245198e-05,9.610237781175105e-06,5.029457623143333e-05,1
0.14700894844743276,0.8528910101158333,2.91493206768139e-05,1.9519689433880392e-07,1.2442241802888668e-05,1.128250190360786e-05,4.697217545628911e-05,1
0.1435572566949259,0.8563577980626769,2.646107946478133e-05,1.6505846822431126e-07,9.058956937157262e-06,9.540482128342866e-06,3.971966539857694e-05,1
0.12616296951630723,0.8737701345128254,2.0398292873878094e-05,1.2717345462195086e-07,7.661664994774273e-06,8.089780003329733e-06,3.061905954105073e-05,1
0.17732793201099603,0.8226012453737215,3.0255420517487067e-05,1.7512125743461504e-07,1.454967094685545e-05,1.203391346947681e-05,1.3808489091222638e-05,1
0.20198473024215466,0.7979288404093828,3.409316434972659e-05,1.9733448449008693e-07,2.3018471771116058e-05,1.3560353241434227e-05,1.5560024615634113e-05,1
0.23834627820074458,0.7605904449238383,4.3522418260618395e-05,2.5905754389950365e-07,0.0009938402464807223,1.6426682781097233e-05,9.228470350815163e-06,1
0.04374438369772353,0.9523361951331087,4.73479226774669e-05,2.984904854305663e-07,0.003839929621331723,2.1211934985971134e-05,1.0633199687344386e-05,1
0.12431147633033207,0.8730438466077484,3.746394164386291e-05,2.582181035009869e-07,0.0025788298375139696,1.7985760067409227e-05,1.0139304590672646e-05,1
0.02241928120834817,0.9472402348185052,2.651926362002673e-05,1.7000862092497202e-07,0.030296100447632375,1.1018620669716652e-05,6.6756326037066795e-06,1
0.019027930898508294,0.9307759683340119,2.505316774796278e-05,1.606098328996077e-07,0.050154170948994284,1.040946520781647e-05,6.30657569685053e-06,1
0.018983847508837234,0.9401226873438182,2.337334614893868e-05,1.579443357592572e-07,0.04085350385006087,1.0231345156278657e-05,6.198661643080829e-06,1
0.01730479150296172,0.9287232668067479,3.441566309812406e-05,1.5341949475182215e-07,0.05392041978589311,1.0931741448114401e-05,6.021080356236974e-06,1
0.013823695241294988,0.9579414010016791,3.5498398395868864e-05,1.5824615469024498e-07,0.02818117197731407,1.1864628374064171e-05,6.210506787268343e-06,1
0.0859233206455849,0.9075022490190514,2.9717588438310946e-05,1.5706507859395383e-07,0.006525588683592372,1.2799612425177178e-05,6.167385829382599e-06,1
0.015958794611386197,0.8878877439975218,4.310499234315896e-05,1.6272981881232382e-07,0.09608529734197528,1.326124578081248e-05,1.1635081173893206e-05,1
0.013339295658815998,0.8946255585206706,3.928331244182452e-05,1.4830222599542004e-07,0.09197302518220246,1.2085506412534167e-05,1.0603517230703703e-05,1
0.010322902381440407,0.822115068103628,3.5045701160500734e-05,1.3102529238073437e-07,0.16750680699390805,1.0677567384055532e-05,9.36822718669114e-06,1
0.0055659361529778574,0.5542927134279898,2.8124818165608844e-05,7.627262611668799e-08,0.44010125539800304,6.33540571943757e-06,5.558524518251349e-06,4
0.006138855446844195,0.8911813548026261,2.8953231728562465e-05,8.54993148519085e-08,0.10263868274269386,5.840603043667349e-06,6.227673748617385e-06,1
0.006701197140757002,0.9764762012444538,5.976774990759541e-05,9.333136594979249e-08,0.016749965591840346,7.001523131823973e-06,5.773418543343689e-06,1
0.0066714512471760575,0.9887770324993517,2.0785684908341158e-05,8.211763501032474e-08,0.004517867453000519,6.780007980447384e-06,6.000989948008099e-06,1
0.05618624566157465,0.9404207124920316,1.618251435417741e-05,8.256829240399947e-08,0.0033570220672631246,6.663028203615791e-06,1.3091668280497064e-05,1
0.03464086129076315,0.9625551756858647,1.7021198136122884e-05,7.838052710204986e-08,0.0027693245741917355,6.325087360895126e-06,1.1213783156182672e-05,1
0.014098595280623677,0.9856730392828441,1.5223780457314845e-05,4.670504621935814e-08,0.00017907961688873027,6.257146519845866e-06,2.7758187620085745e-05,1
0.011690538295673998,0.9873402968038804,7.524510793722266e-06,2.6045897913492017e-08,0.0009467801570944547,3.924730692851393e-06,1.0909455966594543e-05,1
0.009435326316581335,0.9872320321005394,8.686858322802149e-06,3.284753629360283e-08,0.0032995445045286426,4.855112069974379e-06,1.9522260421562116e-05,1
0.008204793332555154,0.9880886375117569,8.466860428643141e-06,5.716038919998829e-08,0.0036765867940059802,4.042187609418887e-06,1.741615325488904e-05,1
0.0021948420580593375,0.9828674580542175,9.928161653270257e-06,4.367425742345997e-08,0.014921501541490512,3.6092121459300994e-06,2.617298175961763e-06,1
0.002938118772849995,0.9925820644579195,9.083743614925239e-06,3.3825210839227275e-08,0.004464139726026957,4.164784763790339e-06,2.3946896137027392e-06,1
0.024840545157741676,0.9750986233136715,4.474793880903768e-05,1.2183556523557197e-08,1.0783458292526592e-48,5.489941289394315e-06,1.0581464931899376e-05,1
0.02063326570492661,0.9786685401851452,4.811177153770335e-05,5.2732708747618165e-08,0.000583384878853365,5.464668779406202e-06,6.118005804913584e-05,1
0.012611492582274404,0.360528788146165,0.3592391030381604,3.8700258368110585e-08,0.2671125046354381,0.0004949690897294816,1.3103807974353689e-05,4
0.0009735130487470806,0.05474473416032626,0.9296900277770518,7.542551806977e-09,0.014413725265800093,0.00015424858817092137,2.374361735191173e-05,2
0.0011362172746756697,0.06392157941026264,0.8862017778689204,9.89194498860625e-09,0.04844730225198993,0.0002619738996954426,3.11394025107481e-05,2
0.0020429201194173303,0.05107056365200179,0.9401525659799033,1.3239755698274681e-08,0.006594221331678828,0.00012533503591153128,1.4380641331328745e-05,2
0.002486692811899972,0.06380610201512825,0.9247853524854837,1.8193566864256278e-08,0.00868059852790884,0.0002214746376636274,1.976132834886916e-05,2
0.005288747699236949,0.10823185042554556,0.8772095547697532,4.0416411586690626e-08,0.007749510540591191,0.0014864351191760238,3.3861029285554504e-05,2
0.007314158776888967,0.15054233802623648,0.8297603033153711,5.262232583262842e-08,0.009930318392029886,0.0024087647741030467,4.4064093044625454e-05,2
0.00563859585807968,0.11888209114185048,0.865166953483374,4.3105541325816304e-08,0.008698441804902557,0.0015842486873005233,2.9625918951383696e-05,2
0.0005871340868419103,0.026521982073353455,0.1195147062919432,1.2550903774650216e-08,0.00026811879449557385,0.8531066318176421,1.4143848198722748e-06,5
0.0003046982099937327,0.02458169452830801,0.16607269769166652,2.343706264255771e-08,0.0007021971300273138,0.8083381801672509,5.088356910123708e-07,5
0.00044069974675712637,0.06242527146565799,0.8261097300691581,4.9394727019160007e-08,0.0014461227281006017,0.10957607903738927,2.0475582099727267e-06,2
0.000990679445904999,0.037506475601657936,0.9484516119374713,3.897930983813817e-08,0.0015755387943629403,0.01147126258996579,4.392651327270424e-06,2
0.0013188012295290133,0.024509123021904927,0.9696862458741093,2.8138983590320567e-08,0.002859533523341816,0.0016227728755849361,3.495336546434914e-06,2
0.0009159770864258265,0.026285598596923275,0.968220361577124,2.809644561027425e-08,0.0026967002842588203,0.0018778443062108822,3.490052611576707e-06,2
0.0032827286317804894,0.0719461488788386,0.9142264608009575,0.0,0.007015556771247152,0.003514620141488614,1.44847756875569e-05,2
0.0017917005730109885,0.03962248715584718,0.9492472468056161,7.173219668380517e-08,0.0037511991721878592,0.005578196991437801,9.097569703528362e-06,2
0.0015651607538886229,0.03150902427512884,0.9576704982064891,5.535357272406616e-08,0.0015938127621580441,0.007655005521734618,6.4431270281409e-06,2
0.0016635518666701348,0.07932291131513441,0.8518388385570659,3.840441967821139e-07,0.001697079398048666,0.06547161956965555,5.615249228520632e-06,2
0.9683667776061072,0.03047213072851237,7.39107199072058e-06,8.329974493052493e-50,5.584879767753787e-06,4.848696594840973e-06,0.0011432670170269707,0
0.96153123349514,0.03747987373310666,6.137803605820733e-06,1.0715804079125452e-07,6.254962018576962e-06,4.661871027508505e-06,0.0009717309770606266,0
0.9345910649002267,0.06538314168510898,7.873472922008904e-06,1.3746056190936905e-07,8.93437561254005e-06,5.980171028310039e-06,2.8679345395472753e-06,0
0.9183515327288493,0.08162342708303114,8.615167502989631e-06,1.3879036155077214e-07,7.78317748122278e-06,5.746960121591003e-06,2.756092652214553e-06,0
0.8838922687609864,0.11607705104724961,9.033958639227725e-06,1.278400573390553e-07,1.1536705023736089e-05,7.007713467893075e-06,2.9739745756739613e-06,0
0.6625854823038034,0.33737657680589395,1.4544968679362497e-05,1.6467258667384755e-07,1.0206949770016532e-05,9.210944924894874e-06,3.8133543415705174e-06,0
0.4127297786719915,0.5872249798113912,1.6834825482191576e-05,1.886445315923013e-07,1.3754929897516128e-05,1.0248802256111985e-05,4.214314449804918e-06,1
0.44913925434804053,0.5508177211944344,1.7658914040183964e-05,2.115215861891425e-07,2.0905519180822077e-06,1.149168169070924e-05,1.1571788289981047e-05,0
0.4782960399245713,0.5216434029993368,1.809484964514792e-05,2.1674329973440747e-07,1.592610516688305e-05,1.1601358349168686e-05,1.4718019631006881e-05,0
0.2132131444374142,0.7867456305182731,1.280325556703794e-05,1.6223422190278654e-07,1.5262956697319517e-05,8.880678912526796e-06,4.1159189139910575e-06,0
0.2193888621172933,0.7805738226084552,1.1588998890336815e-05,1.4684798001271346e-07,1.3815422749498147e-05,8.038438155344965e-06,3.725566476214145e-06,0
0.40229026724531947,0.5976418403317485,1.6108343956536544e-05,1.973102882355333e-07,3.658297953721142e-05,1.0434123485813728e-05,4.569665664374737e-06,1
0.16898429007611834,0.8143362296943966,2.1627351806254147e-05,2.7315897000745364e-07,0.01662921009646693,1.3878533357009005e-05,1.4491088884986662e-05,1
0.2817824754074333,0.6828556891700743,5.785361871045522e-05,3.1136075594075994e-07,0.03517747560621149,9.97870559165657e-05,2.640778089784764e-05,1
0.0009112012693010632,0.016313299994948783,6.694835829371731e-07,2.3258581210562993e-09,0.9827740241554501,3.099586845262652e-07,4.928121744912618e-07,4
0.006317723214562942,0.09598260372858325,0.00013709166053175784,3.169867375056577e-08,0.8957074101862373,0.00185271510259513,2.424408815879691e-06,4
0.020236562214444902,0.32726720248480523,0.00095391704129345,1.216772618928456e-07,0.6508264409322493,0.0007056658252959969,1.0089824649201865e-05,1
0.4225903910306762,0.5716378230544956,0.0012889261974493387,2.2960334090939028e-07,0.003647744570391274,0.000829968413906538,4.9171297400172284e-06,0
0.6840636859447226,0.31364101261795513,0.0007929016791948462,2.720312126682122e-07,0.0009981205196945612,0.0004962125826812928,7.79462453904319e-06,0
0.6498784285003552,0.34878946995710086,0.0002626785184591994,1.7285126752967663e-07,0.0008331556152402035,0.00022222956074920413,1.3864996827761736e-05,0
0.5332797851815358,0.4622908052838698,9.87711810516826e-05,1.983978650490151e-07,0.004154331140274794,0.0001699534938766934,6.155321526083102e-06,0
0.6165896139019102,0.38129714313643,1.6747513395273187e-05,1.5955054894737655e-07,0.0020786954788673726,1.0502971471042106e-05,7.137447377178525e-06,0
0.5174811697635973,0.4802824504756776,2.070611300479434e-05,2.17236740693319e-07,0.0021967241679677145,1.2825313392514098e-05,5.90692961951287e-06,0
0.9017225295635907,0.09598320890060365,2.6858987203587295e-05,2.8178919129243973e-07,0.0022410778064453694,1.877887461965228e-05,7.26407834556011e-06,0
0.9068114080523797,0.0897005422488581,2.5049136661855708e-05,2.6280127053991733e-07,0.003438124719993861,1.7838440966566685e-05,6.774599869352461e-06,1
0.8146190982951009,0.18532323069403295,1.5359593126670513e-05,1.4749905813463614e-07,2.5734103592187977e-05,1.0512006891681972e-05,5.917808197451722e-06,1
0.7114993927890467,0.28844656103246397,2.082288701883665e-05,1.8003086675815761e-07,1.0414551176819303e-05,1.2830493536777594e-05,9.798215890110202e-06,1
0.8583250195527999,0.14163359270359238,1.9938470024255544e-05,1.4777175389896966e-07,8.117876637732651e-06,8.242480087461966e-06,4.941145104327023e-06,0
0.8474438013091249,0.15251468892366887,1.9552260855694455e-05,1.3160474366029666e-07,8.20750492583325e-06,9.168444307115707e-06,4.449952374099642e-06,0
0.8698986125994812,0.13006351149060172,1.79416292300866e-05,1.253981915386622e-07,7.000748248920876e-06,8.788349819282804e-06,4.01978442737051e-06,0
0.8895665229169027,0.11040364207306508,1.165344642843585e-05,1.2499093460975764e-07,6.967807048237575e-06,7.364218546434552e-06,3.7245470743008106e-06,0
0.883033794898159,0.11693502938806027,1.2500967947440207e-05,1.0853140639688912e-07,6.732325165509383e-06,9.01547006528999e-06,2.8184191962117635e-06,0
0.9336263707160148,0.06630869063241779,2.1702673876949417e-05,2.5968477442116713e-07,1.9341992725467524e-05,1.779999508968457e-05,5.834305100522111e-06,0
0.6642502713555318,0.3356916066460889,1.7117759208056075e-05,1.8054204409867662e-07,2.052348325292951e-05,1.2558199583470809e-05,7.742014290572841e-06,0
0.6685869398699223,0.3313647846225997,1.608468146139459e-05,1.6964611047628163e-07,1.3067488139461656e-05,1.1800296848064208e-05,7.1533949185210095e-06,0
0.7400497596822302,0.2598900083428428,1.791198463627845e-05,1.514483046659696e-07,1.2333247434153133e-05,1.2279655180788854e-05,1.7555639370968123e-05,0
0.3232370888535054,0.6765548144055987,2.2114659944352342e-05,1.4471766843951674e-07,1.269851687002873e-05,1.38753855806073e-05,0.00015926346083266802,0
0.38363580390979657,0.6159207082269574,2.4505192628540702e-05,1.6036124230656816e-07,1.4071190910457434e-05,1.53752758262463e-05,0.00038937584263821107,0
0.3140639638549357,0.6854659870179044,2.8305291798302908e-05,1.6616807515909694e-07,1.4580722094412985e-05,1.4653167893897278e-05,0.00041234377729814574,0
0.5225953934908824,0.4758739627404897,3.164852699809263e-05,2.0941605511083181e-07,1.802657960713595e-05,1.817734528223992e-05,0.0014625819006853823,0
0.5060328784151448,0.4914361157290119,3.813429015058906e-05,2.5233188919880854e-07,1.6545312941381665e-05,2.2104462110494083e-05,0.0024539694587516394,0
0.6307081341664401,0.3633389756589171,6.368512223759203e-05,4.2073032093908e-07,5.512382342927189e-05,3.1876676561263465e-05,0.005801783822093732,0
0.7824874970671307,0.21318727176375857,4.1914908809580595e-05,3.022019658975198e-07,3.959431250624271e-05,2.2896363403502015e-05,0.004220523382425546,0
0.9242967354880905,0.07151955156737098,2.607179716254131e-05,1.5186911344894925e-07,8.070807934399305e-06,1.2643532005945125e-05,0.004136774938322065,0
0.8939119576640719,0.10323441775836167,2.5482706357264703e-05,1.4603922800535315e-07,7.760989271300102e-06,1.25616389928499e-05,0.002807673203716855,0
0.6601110889426006,0.29975805212673623,6.885075950529406e-05,4.0598228003129554e-07,3.2189352175904466e-05,4.0313470223775355e-05,0.03998909936647825,0
0.39411346309617357,0.11742325516128332,4.286896064226276e-05,2.1408570013213619e-07,2.447385677723611e-05,2.3304267283892968e-05,0.4883724205721396,0
0.0620039471037034,0.011098167167172266,7.911304711358423e-06,5.146661571178384e-08,3.4623829460373222e-06,5.4764227864309425e-06,0.9268809841520648,6
0.04697374435539372,0.01121205535237277,6.92377076780801e-06,4.5042260712275164e-08,3.4344300915714073e-06,4.41330008582231e-06,0.9417993837490275,6
0.0485205881519911,0.01772746775315684,6.751726922999881e-06,4.4101273020692065e-08,3.639554218734757e-06,3.928387147243753e-06,0.9337375803252901,6
0.08665997381159493,0.04599804671059412,1.0960692654219701e-05,7.93689790621261e-08,6.731502720849823e-06,7.607629213330923e-06,0.8673166002842435,6
0.502454742847016,0.010544264372789823,4.089015419798655e-05,2.0906132664119543e-07,1.7833719549054807e-05,2.340159040639304e-05,0.4869186582547141,6
0.47502622650140647,0.007439822677880898,3.634401921169128e-05,1.99199103971174e-07,1.5850980721874546e-05,2.079982010329417e-05,0.5174607568015718,6
0.4766004147346871,0.007426512274929184,3.6464459566773446e-05,1.9985922938753465e-07,1.59035092475564e-05,1.9187824864802775e-05,0.5159013173374752,6
0.28881892488438415,0.00557492882212143,2.4328998724600855e-05,1.333455916977213e-07,1.2535722196310483e-05,1.2694858656194516e-05,0.7055564533683255,0
0.3954300727677741,0.007130132599696693,3.4216955394968114e-05,1.5684179343975263e-07,1.610687523052805e-05,1.6311346186715518e-05,0.5973730026139237,6
0.2783446674754181,0.0076745389868648275,2.088191985130868e-05,1.1602622132483926e-07,1.4077956570464612e-05,9.038882315382907e-06,0.7139366787527586,6
0.32067374945605326,0.005504969189510804,2.232939243025454e-05,1.240688139122197e-07,2.0729157506579195e-05,8.801391989931863e-06,0.6737692973436953,6
0.03307340902366366,0.0005841346908142728,1.989966715956806e-06,1.0065254844608418e-06,1.3054827331719146e-06,9.66522592045828e-07,0.9663371877879965,6
0.016567852297352,0.0009516930143887103,1.0273993334730068e-06,9.522375641676497e-09,6.360119733833866e-07,5.075904447746089e-07,0.9824782741641319,6
0.10002546181369097,0.004632380929706125,5.2299851807108105e-06,4.995717928354313e-08,2.897928880003467e-06,2.8964089237971044e-06,0.895331082976439,6
0.4647563875386835,0.5272542584736833,2.6463475182997755e-05,2.1966690952345574e-07,9.605061145894514e-06,1.0824324700066925e-05,0.007942241459694644,1
0.32588586056337837,0.67148650374476,2.2713689079024595e-05,1.8136273960518954e-07,7.93018942759233e-06,8.384691280447488e-06,0.0025884257593350134,1
0.3531247245121149,0.6444266692543745,1.878322420627137e-05,6.6686902335466705e-43,8.511264778519689e-06,6.686477164072296e-06,0.002414625267361801,1
0.5178005325622552,0.48098389273744097,1.4123374884219442e-05,6.5551018259831795e-158,1.1641437332788892e-05,8.491220262144182e-06,0.0011813186678246814,1
0.5695827553320704,0.4279256982204446,2.5097912749365453e-05,2.7174079674817134e-07,1.977503141506486e-05,1.1097391005240214e-05,0.0024353043715185374,1
0.6677438207581567,0.3273355547947582,3.009946928479976e-05,2.568456261805717e-07,2.3715834724094494e-05,1.3308898753426659e-05,0.004853243398696655,1
0.7295108774660021,0.25983003179853853,2.683471065563312e-05,2.873171973374581e-07,2.483279381808685e-05,1.5452656334180093e-05,0.010591683257454196,1
0.7059365001471816,0.2816577894707285,3.4726893131483666e-05,3.7575262937464486e-07,2.7861014385125998e-05,1.721617592198495e-05,0.012325530546022026,0
0.6809392692376227,0.31457293075130754,3.1206722990497615e-05,3.1158009760728495e-07,3.2634933870906e-05,1.5275313028305583e-05,0.004408371461082381,0
0.7562371875602865,0.24091618131138814,3.579795936930132e-05,3.2214938941896014e-07,0.00015698034624838975,1.9299488954302092e-05,0.00263423118436398,0
0.7827650459099732,0.21409774141988797,3.3678593088649866e-05,5.738728062663509e-07,2.8183075296097317e-05,2.208491827327401e-05,0.0030526922106745022,0
0.6878830873208301,0.3084196664229597,1.7179529269481113e-05,1.2116801778747938e-07,9.913660416825798e-06,8.092467582983368e-06,0.0036619394309232306,0
0.7160457269870978,0.28002407925915956,1.734619451121539e-05,1.2234351547768027e-07,1.000983666146697e-05,7.986169019453935e-06,0.0038947292100350293,0
0.5817270703262153,0.4140471744244379,2.223833150348237e-05,2.2202909508660775e-07,1.846172050749809e-05,1.592446638131151e-05,0.0041689087018594514,1
0.5652668721852552,0.430448087356813,2.4087188717929164e-05,2.205941087004298e-07,1.86287255339795e-05,1.7347720508355237e-05,0.004224756229062984,1
0.6579075366168685,0.31932454174974406,2.2738560765917606e-05,1.8419398883312038e-07,1.6105145044756912e-05,1.3684335626655165e-05,0.022715209397961195,1
0.5794607904329011,0.41741877867724975,3.248961019950406e-05,1.9420017755138244e-07,1.6707926745287195e-05,1.4568489612182193e-05,0.0030564706631147145,1
0.5562898732182777,0.44114003363501625,3.339139495376697e-05,1.8405238868689514e-07,1.6434259525514278e-05,1.3807223796038511e-05,0.002506276216042029,1
0.4639771474483619,0.5337589356910015,2.7601840557063483e-05,1.9023670941722875e-07,1.7625116429373875e-05,1.427863982411367e-05,0.002204221027116686,1
0.46397714740209106,0.5337589356377717,2.760184055431085e-05,1.9033643586771456e-07,1.7625116427616183e-05,1.427863982268971e-05,0.002204221026896867,1
0.4578344338060202,0.5399686699095457,2.7654799019807756e-05,1.9060170839863496e-07,1.765893298120341e-05,1.5831881174196017e-05,0.0021355600695504634,1
0.7959734723076111,0.19841857180980596,3.2638048189563696e-05,1.831653771848729e-07,1.8184671306900463e-05,1.520560683897062e-05,0.005541744390870264,0
0.8303984445990378,0.16444347691824868,3.0019763289951527e-05,1.7171768227297457e-07,1.6725863169516416e-05,1.3985784791258628e-05,0.005097175353780427,0
0.9451578620062723,0.03827581414905751,2.5201845819349606e-05,1.0033448995376187e-07,9.622247585789675e-06,9.142488872279203e-06,0.01652225692790275,0
0.958487308466053,0.032720836487782276,4.119701095922649e-05,2.0477932640012025e-08,1.773362964127224e-05,1.6154173722030757e-05,0.00871674975390951,0
0.851693053263497,0.14456730005304072,3.4567981267912875e-05,3.031084359421768e-08,2.6248805671140822e-05,2.0745492366400342e-05,0.003658054093313369,0
0.8251308762109859,0.16835312134962374,4.078191258566798e-05,2.0864990337874032e-07,1.053068341959786e-05,1.5318529873007516e-05,0.006449162663608799,0
0.7949838842123395,0.20212915823646382,3.1735497517664457e-05,2.1964144241268611e-07,9.443501802929913e-06,1.6125499904219056e-05,0.0028294334105294487,0
0.7905925984502379,0.20617127109690747,3.2843614148912936e-05,2.2731071985550638e-07,9.886986111124533e-06,1.6553733942228084e-05,0.0031766188079325164,0
0.7970275510896292,0.2000552850207779,2.8426179079733242e-05,1.9673764282027303e-07,8.458751063866264e-06,1.2868642667016598e-05,0.002867213579139408,0
0.8374796038994694,0.16030628233904337,2.1537466686827245e-05,2.0859930727048047e-07,8.737277407424539e-06,1.36445161554736e-05,0.0021699859019302724,0
0.8682001032579482,0.13173276934261569,1.9716081884311064e-05,1.6226922804979293e-07,6.7967208458717254e-06,1.0614057796417965e-05,2.9838269681805883e-05,0
0.6791087472323867,0.3206944421259226,6.394316009346563e-05,4.1794532921332986e-07,2.1424927317390316e-05,2.420161579042822e-05,8.682299316007159e-05,0
0.6960782299588922,0.30378545413588226,5.0650039009099605e-05,4.1596005906432286e-07,2.1101356204669195e-05,2.3112277873375502e-05,4.10362720793286e-05,0
0.7452877782085893,0.2546258452003928,3.091359130150295e-05,3.235916690288609e-07,1.394082892695234e-05,1.4772708042135385e-05,2.6425871078556544e-05,0
0.07497239092802442,0.9248750608164568,4.159345457473274e-05,2.7929344685703817e-07,1.660099137593891e-05,1.3799835574029055e-05,8.027468054703586e-05,1
0.0675173384695249,0.9323421960796422,3.84342700758354e-05,2.712187369053947e-07,1.4830770953541226e-05,1.2751684438747097e-05,7.417750662794065e-05,1
0.07396071061034662,0.9258871882224743,4.1631867001948454e-05,2.432650115178619e-07,1.6064639256994352e-05,1.3812580011465086e-05,8.034881589730443e-05,1
0.14190348215830947,0.858033991738002,2.3903681500374354e-05,1.4902785117269863e-07,8.83169565975121e-06,9.479985693083494e-06,2.0161712984323368e-05,1
0.09155522379980616,0.9083976780446164,1.6887072409249836e-05,1.1599739452486257e-07,6.874243154593332e-06,7.378846516791964e-06,1.5841996102549273e-05,1
0.09356809854101768,0.9063840746495204,1.9444700572648185e-05,1.157402684301104e-07,7.357515493188304e-06,7.362490166751432e-06,1.3546362960856334e-05,1
0.20482765876370781,0.7948528117422826,3.1863728710521405e-05,1.8443029853499505e-07,0.00026141702303644353,1.1521795522926593e-05,1.4542516440999605e-05,1
0.24780049807495833,0.7511480164771,4.2982104714744094e-05,2.558414473284985e-07,0.000981502114339419,1.6222752035170877e-05,1.0522635405072638e-05,1
0.03800968120250825,0.9565719699069724,6.939276614873694e-05,2.998181032139567e-07,0.005315577237109872,2.1306280847839646e-05,1.1772788309834432e-05,1
0.019030209138527005,0.933970022771335,3.363482016973087e-05,1.6116098222759144e-07,0.04694919870525021,1.0445186369157471e-05,6.328217366569285e-06,1
0.015185002993793483,0.9631353229235725,3.243834196444243e-05,1.526120802413307e-07,0.021630674400081436,1.0419335830186144e-05,5.989392677586192e-06,1
0.08566495689575064,0.906380929014489,2.765609342337728e-05,1.5687100721304435e-07,0.00790863982398785,1.150153600398966e-05,6.159765337958123e-06,1
0.10084443041612806,0.8851340518311192,2.9860139651693274e-05,1.6937280732223056e-07,0.0139710349748728,1.380259895131275e-05,6.6506664696762516e-06,1
0.012023490936540308,0.8834761618738591,4.416052199315113e-05,1.4080476920092173e-07,0.10443450388856207,1.1474520558752004e-05,1.0067453717338945e-05,1
0.0059845878681737946,0.8736397178172228,2.838332855700297e-05,8.381638248853445e-08,0.12033478575756179,6.336321250413315e-06,6.105090851687313e-06,1
0.007267466029685549,0.963504418361086,5.897377840655864e-05,9.209152598875102e-08,0.029155273514535784,7.068381780498102e-06,6.707842979369307e-06,1
0.05842045273997317,0.9389413844551195,2.1176429783491994e-05,8.606814503868704e-08,0.0026036648814320605,6.945740351164581e-06,6.289685195584671e-06,1
0.05863899720705309,0.9376873279739559,2.0643013140074192e-05,8.390016009027415e-08,0.0036402376038214487,6.770506167598754e-06,5.939795701825307e-06,1
0.0031199164980453466,0.9968413779026482,1.419615191087927e-05,5.7754231431984076e-08,1.542226331900421e-05,4.940661298649038e-06,4.088768546482061e-06,1
0.015035491746395992,0.9823388184613705,1.7880321812895056e-05,4.6905523426907325e-08,0.002590174604695697,6.9093141211549324e-06,1.0678646080090071e-05,1
0.012168139125951957,0.9837425004326391,1.7878606707122656e-05,4.690102418271993e-08,0.0040518429331448174,7.306840492549739e-06,1.228516004045505e-05,1
0.014578825958763126,0.9827901918103249,1.496573498753079e-05,3.543214598293646e-08,0.0026024620652826637,5.144511103909064e-06,8.374487391941393e-06,1
0.014609175539961189,0.9822153528112179,1.4996890019525664e-05,3.5505907120806745e-08,0.003146892111121051,5.155220728807127e-06,8.391921044405102e-06,1
0.015206485328335177,0.9812296733938569,1.5963660066918888e-05,5.0087190602442646e-08,0.0035227744667770916,7.377982549490417e-06,1.7675081223742704e-05,1
0.013905507630521736,0.8870189672777513,0.00015632736756495595,9.233215235095371e-08,0.09884930032526207,5.740622230869939e-05,1.2398844438796487e-05,1
0.03558835749755136,0.9604240185645594,1.2385482799954132e-05,3.483074533652346e-08,0.003965332483595145,5.652282267033244e-06,4.218858481984929e-06,1
0.0453895859434134,0.9503465261917526,1.3895970815549009e-05,4.3300007371203464e-08,0.0042299988159541285,7.026661688173077e-06,1.2923116368847631e-05,1
0.023071301748050124,0.976149594207553,8.441224772046479e-05,6.455972217074192e-08,0.0005975014445646633,6.690297284785805e-06,9.043549510475385e-05,1
0.027112699820819767,0.9719183303499473,9.919873436873009e-05,7.44330917086283e-08,0.0007555573521367782,7.86223612240578e-06,0.00010627707351318556,1
0.026677227931651715,0.9563078188836734,0.01445850227262945,7.323758114431021e-08,0.002264026270491567,0.00018778130461859997,0.00010457009935406844,1
0.0048488709794012215,0.26545714523932434,0.7274804282073464,2.4292820795594106e-08,0.0018800702850298747,0.0003308163070552004,2.644689022242054e-06,2
0.00044464517800493883,0.02427459697134324,0.972113427549525,8.579286801827349e-09,0.003005167182144979,0.0001583476541888369,3.806885505978138e-06,2
0.0007581646781841605,0.042596261517992264,0.9519241661618101,1.3024873018239501e-08,0.004524413341093326,0.00018766974404819275,9.311531999031351e-06,2
0.0020829410010152834,0.04561880303138675,0.9473364545755528,2.272684065007788e-08,0.004462125676707152,0.0004806123516220132,1.9040636875190454e-05,2
0.0036956724823488008,0.08455890511362142,0.9047965902360011,3.8072310122762634e-08,0.005588749401276061,0.0013262617127296553,3.378298171275035e-05,2
0.006661852898610997,0.16209479597132703,0.6933594012075939,8.426462860873013e-08,0.0023080653199808576,0.13555215859526484,2.3641742593963907e-05,2
0.0030361457055243877,0.09602246473998464,0.5644643371091014,4.2759461922887405e-08,0.0011520660240732542,0.33531938020197855,5.563459875912017e-06,2
0.0022274193705054406,0.07714710017427927,0.5201302892629942,3.440933621405944e-08,0.0012729714942134095,0.39921770826878467,4.477019886941521e-06,5
0.001317749790115026,0.05965010747754443,0.41167974695903,2.7234766207721407e-08,0.0008621524398910141,0.5264871469619132,3.069136740158387e-06,5
0.0015510619095423428,0.043025054677146325,0.9491266385794963,7.714472617790059e-08,0.003181532096384578,0.0031060365272357103,9.59906546866612e-06,2
0.0030432294425360553,0.048839941288825316,0.9376878915230952,9.101295291352729e-08,0.0059206883011807526,0.004496839685529433,1.1318745880271686e-05,2
0.0027194737611888546,0.04224347712763547,0.9437301354542096,8.187254819487963e-08,0.006505164697954501,0.0047922420783464365,9.425008116837459e-06,2
0.002492206421276586,0.049371868327347086,0.9321527463446789,9.717313037325693e-08,0.0015225222324502371,0.014456495008621815,4.06449249485511e-06,2
0.0012183219087115288,0.06520855795258147,0.9095828204042407,2.631951120011797e-07,0.0011370912489923125,0.022848686982601178,4.258307760676976e-06,2
0.970104216395245,0.02824018757334232,6.199583395681132e-06,9.842871063323813e-08,6.391450380415835e-06,5.321137570777765e-06,0.0016375854313550337,0
0.958426447915626,0.04151556781031356,6.3557184389170785e-06,8.908822242717216e-08,6.477036410629771e-06,5.455149163436811e-06,3.96072818248511e-05,0
0.7069046679170403,0.2930541222941588,1.3638276027331975e-05,1.6648934151189724e-07,1.4759187276525666e-05,9.126322571017344e-06,3.5195135845066575e-06,0
0.3768671486983529,0.6230823574018365,1.827059244790467e-05,2.0473317991296011e-07,1.5701570329855633e-05,1.1122876759172164e-05,5.194127093790518e-06,0
0.4911957402097675,0.5087471801982373,1.8642496771698852e-05,2.0890059566868154e-07,1.5752753996678598e-05,1.104703982219681e-05,1.1428400809018699e-05,0
0.25404773754763865,0.7459088957605343,1.346838670066719e-05,1.7066231516099402e-07,1.605586969022722e-05,9.342031574086835e-06,4.329741546746821e-06,0
0.5009424778760042,0.4990043611050057,1.4013931891323998e-05,1.941088304637643e-07,2.4192633075536978e-05,1.0264824631587838e-05,4.4955205613168834e-06,1
0.4900688965570863,0.5098767841392822,1.4319270697499182e-05,1.983381187906585e-07,2.471974778958036e-05,1.0488477017150454e-05,4.593470008479409e-06,1
0.21827140911606097,0.7816524745789869,1.3652129116396012e-05,1.5298046927332183e-07,5.034016344882597e-05,8.089882801296888e-06,3.881149116187046e-06,1
0.2348241375182016,0.7651382095946648,1.3169717322058149e-05,1.5455679680700336e-07,1.2234230271802596e-05,8.17324184094761e-06,3.921140902349232e-06,1
0.15830119685354335,0.8401138016355513,1.4692092047899514e-05,1.6463389094344032e-07,0.001557701409190456,8.7654584801122e-06,3.6779172959544343e-06,1
0.15256146584151067,0.8458221949747592,1.47919216664845e-05,1.657525429696775e-07,0.0015888535836713277,8.82501789302217e-06,3.702907956212022e-06,1
0.16479686106433106,0.8315456749032629,1.6431775871235473e-05,1.8412811381608478e-07,0.0036132379350283773,1.0544469410161008e-05,1.7065723982268555e-05,1
0.13017346718273787,0.8661128450667792,1.3455439451255273e-05,1.6994563247635724e-07,0.0036854333659926686,8.63451831414051e-06,5.994481092451732e-06,1
0.2258098641284674,0.7689813552373672,2.284416868114217e-05,2.8852767752235076e-07,0.005158657080642254,1.46593794697828e-05,1.2331477694603482e-05,1
0.2080717604051096,0.7739079829594827,2.676567975207176e-05,3.3805736264534335e-07,0.01795804308778919,1.7175860576454306e-05,1.7933949927341458e-05,1
0.2141970480200162,0.7447908898747367,2.6619059044667874e-05,2.952930517825029e-07,0.04094155229114377,1.59494231438016e-05,2.764603886298355e-05,1
0.4593274145100855,0.5356235643102498,7.05117059079984e-05,3.5942579991848917e-07,0.004849539043490723,9.496070496554777e-05,3.365029950052582e-05,1
8.607749783655552e-31,6.166347206056865e-30,2.2723212649133354e-34,9.037746904495335e-37,1.0,1.341089703784215e-34,4.0158472724141e-34,4
0.001324615980692218,0.02857590298516151,1.0078443739537265e-06,3.9275249363879436e-09,0.9700971088592206,5.282232447384298e-07,8.321797820543612e-07,4
0.010586598597893317,0.15303598821174202,0.00029417775794231363,6.241207527091614e-09,0.835910259406437,0.00016818743902878875,4.7823457490341445e-06,4
0.3636705780174572,0.5893281716003953,0.004862759936118813,3.4488669747457816e-07,0.03547363247170263,0.0066496235112575314,1.4889576370860052e-05,1
0.5013744573198816,0.47995943689141546,0.001389596500045547,2.632585514870879e-07,0.013738038999193708,0.0035268415351239345,1.1365495788476793e-05,1
0.4590554382539393,0.5268598333723339,0.001295424979325905,2.3033574055236468e-07,0.011020347507748886,0.0017587814109228336,9.944139988599702e-06,1
0.5471281764511879,0.45005220361144693,8.988262237353382e-05,2.40211029712074e-07,0.002568570989182435,0.0001562701856317679,4.655929147725621e-06,0
0.5773642928947545,0.42101600819938256,1.8285807251407296e-05,1.7338886115634838e-07,0.001578839598423807,1.176059073310998e-05,1.0639520593518543e-05,0
0.5506002411676256,0.4475612304055325,2.0214983705476722e-05,1.925845151484634e-07,0.001799604437701454,1.2677547534079144e-05,5.8388733857796934e-06,0
0.5376942551244038,0.45899909815384465,2.1714179059278932e-05,2.201616714217393e-07,0.0032643650425468406,1.467191983027934e-05,5.6754186438515975e-06,0
0.8911277665284664,0.10874729567077131,2.183855959715432e-05,2.2911772514832395e-07,8.171130766765582e-05,1.5252524270692029e-05,5.906291501815266e-06,1
0.8069743717137882,0.19297843253307975,1.604521112384441e-05,1.6833721362735144e-07,1.3734091086343427e-05,1.1153225603143241e-05,6.0948881050927885e-06,1
0.8461306301329239,0.15382584383821035,1.4961978490387331e-05,1.420939333682791e-07,1.0136880315052329e-05,1.012679284684053e-05,8.158283280169381e-06,1
0.8579798106161493,0.14198153933665217,1.4503089093042764e-05,1.2398936715014045e-07,7.3015800898190925e-06,8.637907538689568e-06,8.083481109967224e-06,1
0.8770256760104181,0.12294048278771334,1.4635727508016003e-05,1.0986822103032399e-07,6.851910806699613e-06,7.654136451483391e-06,4.589558881071649e-06,0
0.8583817470721811,0.1415788008348067,1.868067231121576e-05,1.2602092639585157e-07,7.290146467287972e-06,9.094106596341557e-06,4.2611467110105145e-06,0
0.8955229729242965,0.10444721843480631,1.2687351618871603e-05,1.0057552189141526e-07,6.36207467343069e-06,7.257878062173356e-06,3.40076102098768e-06,0
0.899801012015515,0.10017142241887932,1.1876563134981562e-05,9.437944262873463e-08,6.07746826219801e-06,6.880801510292302e-06,2.6363532555387932e-06,0
0.9252152508470711,0.07471156429399806,2.7126327496650774e-05,2.3550644125897154e-07,1.9567017233397083e-05,2.0140212369666588e-05,6.1157953896636224e-06,0
0.952154668712228,0.04776754828744229,2.84643145821306e-05,2.0795016310377352e-07,2.6400099556419587e-05,1.7310441273519277e-05,5.400194754721633e-06,0
0.9476035741829344,0.05231897597107037,2.7228116679526807e-05,2.1125201630290888e-07,2.877349584781293e-05,1.6036079206950007e-05,5.200902244680603e-06,0
0.9302053785032843,0.06972565149120756,2.362534811698066e-05,2.1204638142620543e-07,2.1272406061589026e-05,1.4749588065191209e-05,9.110616882840707e-06,0
0.6584577584561102,0.3414966467319489,1.6369745739688035e-05,1.6489716278324068e-07,1.2701686545310681e-05,1.2451458408749412e-05,3.907024084263429e-06,0
0.7049631994468757,0.29498843274681075,1.6999936056126563e-05,1.591997935057693e-07,1.4220431258842569e-05,1.2930805408972308e-05,4.057433796371875e-06,0
0.7041412710304616,0.29579435626926726,1.7212416365040594e-05,1.611896140081214e-07,1.3355535316963815e-05,1.309242610676402e-05,2.0551132868236115e-05,0
0.28664055595938437,0.7132636466660259,2.2953302495796344e-05,1.6232670467984022e-07,1.4243654006177037e-05,1.4149247806832284e-05,4.428884357634515e-05,0
0.29516597743377,0.7042627159927837,2.515767141345978e-05,1.646310438182053e-07,1.4445852464308126e-05,1.437359438803499e-05,0.0005171648241366424,0
0.24692703284831824,0.7525741281472537,1.9530193211930322e-05,2.738256882673665e-07,1.2689454946775583e-05,1.2060139521445827e-05,0.0004542853910597056,0
0.4768926176490382,0.5213380368096002,3.421776002377563e-05,2.5238839817060865e-07,2.172564825142996e-05,1.9730307344454654e-05,0.0016934194373438775,0
0.48541706684182623,0.5124918821674836,3.485082105209378e-05,2.5705782301812756e-07,1.939542492740651e-05,2.2068109918343365e-05,0.002014479576969339,0
0.49300936089085673,0.5045086313119096,3.57506139870219e-05,2.6369464837940027e-07,1.729036505159008e-05,2.0580480306812768e-05,0.002408122643239984,0
0.7553518704954213,0.2406692010379793,5.965753930061618e-05,3.947497000004893e-07,2.8840438425860234e-05,3.2463213219975995e-05,0.003857572525952861,0
0.927035612115476,0.06900911900569856,2.5672454935058355e-05,1.4712666100511373e-07,1.0777361735797612e-05,1.2248709465017715e-05,0.003906423226028343,0
0.19206639215079602,0.08508978166069389,3.1394275604809724e-05,1.846182306789646e-07,1.7874574061080778e-05,1.684718804855256e-05,0.722777525532565,6
0.1299964120021103,0.02761300430795545,1.8147272839144707e-05,1.0790682399952701e-07,9.090667940327838e-06,1.1077023907876298e-05,0.8423521608184229,6
0.05864787232403017,0.011218207654417504,7.832277206823028e-06,5.0129230590993217e-08,4.311427376617441e-06,5.145945966700962e-06,0.9301165802417716,6
0.08536258083692251,0.03387542820596003,1.1261497051686215e-05,7.70335784063916e-08,6.582646106413983e-06,6.861881723366028e-06,0.8807372078986576,6
0.09218098464536637,0.011533264999069677,4.155883245271553e-06,3.98585591453071e-08,2.278482347302925e-06,3.0034172486705407e-06,0.8962762727141635,6
0.9687321526938332,0.02297499551936849,4.304716459059268e-05,2.2094718087974742e-07,1.6424947533872383e-05,1.855842477215797e-05,0.008214600302720714,0
0.702816583445615,0.010672477755937994,4.468668317457345e-05,2.116565430528873e-07,2.450308675920446e-05,1.9882319909863015e-05,0.28642165505206046,0
0.49360572801138564,0.00818120190705052,4.01700145510226e-05,2.2441142604746423e-07,1.7813870091675216e-05,2.2989451753844632e-05,0.4981318723337414,6
0.505125501252027,0.007995076308435389,3.925613073668423e-05,2.1516018970205868e-07,1.8310680262488012e-05,2.2466432579139936e-05,0.48679917403576967,0
0.9501244170548804,0.022293529800640626,5.512182212509233e-05,3.021189679826239e-07,2.840198468241461e-05,2.876253760671045e-05,0.02746946468109684,0
0.34777357049599394,0.006397186698853673,2.9295112002905983e-05,1.605645217091689e-07,1.5094554031395104e-05,1.5286173936053764e-05,0.6457694064006604,0
0.5343882131673029,0.02161068686678984,4.582457366451528e-05,2.1294314373716504e-07,2.4108067665453895e-05,1.9928658100605318e-05,0.44391102572333296,6
0.4893795400227939,0.019952441857953744,4.1965013877767224e-05,1.9500807683510038e-07,2.2750979232112017e-05,1.8250173365055936e-05,0.4905848569447008,6
0.45214605100578775,0.0175931228410221,3.8363916931965196e-05,1.7827406616747488e-07,2.3968343209875716e-05,1.5192621392093625e-05,0.53018312299759,6
0.26816755419855287,0.006727687173094907,1.8305597844208297e-05,1.0171140211624289e-07,1.2341078467984088e-05,7.923703653912659e-06,0.725066086536984,6
0.3108004782601424,0.00796662460880203,2.1641889485352508e-05,1.2024884096841574e-07,1.681383268857525e-05,8.530404638564581e-06,0.681185790755402,6
0.45915814999774424,0.007393381945921669,2.998921904446018e-05,1.6662911221707216e-07,3.286067976251684e-05,1.182060251333113e-05,0.5333736309259015,6
0.13983591449691382,0.00157276192336222,1.265511028347837e-05,6.935964570576101e-08,2.186528211119722e-05,5.4028145527630086e-06,0.8585513310131307,6
0.11111296347496799,0.0010002374020733138,9.238014825900792e-06,6.373714431044637e-08,1.1913967296549846e-05,4.948343668833695e-06,0.887860635060023,6
0.07320264910727597,0.0009111865204282959,7.040400247428505e-06,5.740296761251176e-09,8.278755368747047e-06,3.57066613213865e-06,0.9258672688102507,6
0.028737736539124877,0.0008981971837134472,1.921154482310863e-06,1.3259747032213938e-08,8.755324069294388e-07,1.0234094903358286e-06,0.9703602329210351,6
0.016334252583941413,0.001231963307126424,8.980688862174851e-07,9.099210943902201e-09,5.179662256424299e-07,5.564265520942756e-07,0.9824318025480573,6
0.4620509330365972,0.5370640069591356,1.2602765220398152e-05,2.5353778162957686e-07,1.038804837624509e-05,7.405630546416408e-06,0.0008544100223425611,1
0.44789802998031836,0.5510966010934102,1.2851321221350982e-05,2.585381395661273e-07,8.857371119695122e-06,7.5516868984122464e-06,0.0009758500088924546,1
0.5513903010206794,0.44689934320958274,1.968785238797447e-05,2.48997326593369e-07,1.8119951124652657e-05,1.0168589794144364e-05,0.0016621303791045396,1
0.5964699755177167,0.40099954334819793,2.271020630403887e-05,2.8715389565833335e-07,2.0896668352909035e-05,1.1726833427045655e-05,0.0024748602721056585,1
0.709452651602671,0.28413050033041154,2.8640125040743124e-05,3.0595954724721177e-07,2.675181159526782e-05,1.5007626987713347e-05,0.006346142543746458,1
0.767418840649576,0.21698894548617115,3.30554881316261e-05,4.57366785200573e-07,2.757338205341161e-05,1.7968335308826347e-05,0.015513159291973878,1
0.7350803905748767,0.25567153791707037,2.7627770774652702e-05,3.491068220015377e-07,2.530099059180206e-05,1.753826009539174e-05,0.009177255379769033,0
0.6883969445471084,0.3063514980894703,3.2845398759732816e-05,3.5275413966780026e-07,2.973705857291674e-05,1.607742497497134e-05,0.005172544726974041,0
0.6013896632336182,0.39441775571203136,2.2141334226922377e-05,2.115029948183227e-07,1.7581867905932872e-05,1.5169508884487798e-05,0.0041374768403383356,1
0.5727596738659684,0.42302849873820736,2.3672000367661027e-05,2.1679175114252893e-07,1.89553558114241e-05,1.7048699666067586e-05,0.004151934548227974,1
0.5338573619783805,0.4615473032344127,2.5827451257886535e-05,2.365316956227631e-07,2.068133324990419e-05,1.860106677918299e-05,0.004529988404224107,1
0.6914472740997928,0.29483958506029334,2.429304715944335e-05,1.771562269928731e-07,1.472668216531713e-05,1.1965326770009956e-05,0.013661978627592285,0
0.7095081246944643,0.2751132208102076,2.2129576649433317e-05,1.757252406015979e-07,1.5118443681611165e-05,1.1862457798519246e-05,0.0153293682919579,0
0.6083752970783048,0.3805772704441439,2.7813641370877052e-05,1.4279481156683107e-07,1.2285288722943899e-05,1.0712166977470835e-05,0.010996478585668447,1
0.47870574136040195,0.5184501739363696,3.385917628523064e-05,2.0597016591807802e-07,2.1679673700204412e-05,1.7108425835430773e-05,0.0027712314572416893,1
0.7868122044065932,0.20774428490982486,3.226240011380047e-05,1.8105723269393047e-07,1.7975374576129405e-05,1.5031212112463984e-05,0.0053780606395467095,0
0.9323748899624753,0.059612533471874875,2.6505085259175667e-05,1.245950360465399e-07,1.011983385956745e-05,1.068723405621096e-05,0.007965139817438753,0
0.8670120848927659,0.12608730551311936,2.5053744353377796e-05,2.304135323132594e-07,1.4124173638932807e-05,1.5342649137034825e-05,0.006845858613453063,0
0.8459982803741253,0.14948122600169306,3.52964382911869e-05,1.9757578728296723e-07,9.857047827948535e-06,1.4505497250019308e-05,0.0044606370650253566,0
0.813654269521287,0.1848225223536693,2.2875912929442445e-05,2.024853092370225e-07,8.70587245212973e-06,1.4646258233966869e-05,0.001476777596118957,0
0.8191103669422076,0.17827487056105717,2.567098955142171e-05,1.814346176961309e-07,7.80079624549192e-06,1.2109854657373246e-05,0.002568999421663252,0
0.8538637296751639,0.1454003132644387,1.7685994577728505e-05,1.7129620075327067e-07,7.364894178800585e-06,1.1204513615755442e-05,0.0006995303618243654,0
0.8793028971796226,0.12059738019337869,2.248781049698205e-05,1.6334289544560116e-07,7.139396080175374e-06,1.0597969889603091e-05,5.933410763634904e-05,0
0.8694195851690792,0.13053078813170504,1.8580189212509086e-05,1.8036155883147983e-07,7.591445229358506e-06,1.1797480228980536e-05,1.1477222986032691e-05,0
0.8718894945948252,0.12805834132345464,2.0556741438172534e-05,1.5396818852133834e-07,6.331555051610223e-06,9.58560800431857e-06,1.553620903721227e-05,0
0.9152348287937475,0.08472487229784503,1.6948578689009144e-05,1.1312725070301065e-07,5.536769802303706e-06,6.550766489231995e-06,1.1149666176265403e-05,0
0.49639119188870523,0.5034600307217463,5.947401901438479e-05,4.970929658228834e-07,2.2778483120380094e-05,2.2693443486784227e-05,4.333435096111091e-05,0
0.31437140074233716,0.6854122351444796,6.720708558341385e-05,5.735528106779056e-07,2.6487540962882724e-05,2.7487722030651054e-05,9.460821179558769e-05,0
0.15456260014419487,0.8452208475852326,6.371462137114293e-05,4.977053320770882e-07,2.4723876162822236e-05,2.5657460480617367e-05,0.00010195860722572976,1
0.06034904421322202,0.9395376060302664,3.6455954609678336e-05,2.834397454444232e-07,1.9725091834695222e-05,1.3326270273748913e-05,4.3559000047973765e-05,1
0.13555610371456278,0.8643516167031958,2.6444917826917173e-05,1.8115852995226461e-07,1.1797857810283413e-05,1.0261664250143595e-05,4.3593983824104114e-05,1
0.14765504884701713,0.8522582775223829,2.592091916157902e-05,1.6540656833792018e-07,1.1414473008924326e-05,9.369399660614498e-06,3.980343220064712e-05,1
0.1814739109552042,0.8183857099632389,3.521384711093126e-05,1.9461556758479045e-07,6.646504098074356e-05,1.2093658619319387e-05,2.6411919278327114e-05,1
0.22761660415692395,0.7717233609321218,3.949024130703184e-05,2.2857328028498945e-07,0.0005945318638846263,1.420383402812994e-05,1.158039845437998e-05,1
0.08147464129096679,0.9070890061837444,2.8145560340204608e-05,1.5699355698783543e-07,0.011390374872799782,1.1510521161107484e-05,6.164577430825657e-06,1
0.009547320831414761,0.7958849276496084,3.2511274455773186e-05,1.3172231119575642e-07,0.19451495608947997,1.0734369129963687e-05,9.418063599904784e-06,4
0.0057438315036203065,0.697697381155776,2.2922090124079784e-05,8.528221083007456e-08,0.29652248805404496,7.080054087503439e-06,6.21186013631141e-06,1
0.008570294315724838,0.8900817396878401,3.69816466443908e-05,1.0920734099162977e-07,0.10129447373821958,8.446864572979568e-06,7.954539657164281e-06,1
0.009000679095589966,0.935709526417184,3.873172327169611e-05,1.1437534275308189e-07,0.05523290234701961,9.715070510440649e-06,8.330971081887963e-06,1
0.00869611688031366,0.9772075845969272,3.6059936829057995e-05,1.1200327429843913e-07,0.0140435473559604,9.086525963701954e-06,7.4927007317826666e-06,1
0.0069377895435555,0.9725833074733798,2.8410336294186543e-05,8.791486991788582e-08,0.020436389758663288,7.790952139821817e-06,6.224021097253221e-06,1
0.013894822273814653,0.9824828088206544,2.0215550122773885e-05,4.786135286187325e-08,0.003587932383974129,7.456452757980399e-06,6.716657323000267e-06,1
0.02080418593983325,0.9726340044208792,2.4026121975105865e-05,8.294143290620345e-08,0.006524539093069506,7.289561157564052e-06,5.8719216524666515e-06,1
0.02412972999231072,0.9707056618682803,3.1284349502673656e-05,8.750626400985992e-08,0.0050830974233506175,1.1624458083929791e-05,3.851440220778686e-05,1
0.014507156201299746,0.6892839765270454,0.0003645844340519515,8.349409794505648e-08,0.2957346024638996,0.00010335618797471758,6.240691630486949e-06,1
0.0640230370726289,0.9326107930084085,2.2281338061708238e-05,6.266010169480199e-08,0.0031513264167969107,9.11146065832291e-06,0.00018338804334389687,1
0.02672518373938149,0.9725906606686794,6.209899105091874e-05,6.95059276802001e-08,0.0005325430499610972,7.2028705143050366e-06,8.224117448500796e-05,1
0.0047728912391824365,0.1923106934212885,0.8021133449900884,1.562338169252879e-08,0.0006423919296565375,0.00015870338952856433,1.959406874187507e-06,2
0.003566035403044991,0.14439014644861503,0.8511281193168763,1.527974154430302e-08,0.0007386098098026937,0.00017541028072383697,1.6634611955908834e-06,2
0.0008003703493563977,0.042996112053445716,0.9494189428160716,1.5506337208078416e-08,0.006345697952238293,0.000425101438373189,1.375988417752982e-05,2
0.0007395431586088963,0.047411219996837485,0.9476893792764147,1.2935090710437367e-08,0.0038665942654894855,0.00028009161263167575,1.3158754926943902e-05,2
0.0007100260340085078,0.030125882076779183,0.9654599584348476,1.4281462600043123e-08,0.002647160609883378,0.0010430441342276257,1.3914428791130304e-05,2
0.0013355179925535843,0.11166394154441683,0.6301414889351861,2.3799380603618124e-08,0.004973583118008022,0.25187624747348786,9.197136966880766e-06,2
0.0026126832271876313,0.08478157570321929,0.8352994789039536,4.4320244488535054e-08,0.0012239698269328407,0.07606681345918254,1.5434559279607294e-05,2
0.002678344952365778,0.0984013757318951,0.7256774661781085,6.121060531011606e-08,0.0019377024319878532,0.17129815155744504,6.897937592405296e-06,2
0.0009502515281304244,0.05720832390931505,0.9136356969670341,3.3190446631048543e-08,0.0007031073972606143,0.02749676577544303,5.821232370186446e-06,2
0.001083090029410919,0.03398950146428698,0.956425078371779,2.995642683769283e-08,0.0011025952743693892,0.007396329057960215,3.3758457667745106e-06,2
0.0012058429471456954,0.028689888048847038,0.9623825101706797,2.8875426454367404e-08,0.0015110769616575944,0.0062073989704314,3.2540258118211703e-06,2
0.0009458475505135496,0.025099558400389497,0.9688845191059489,2.5301531887452896e-08,0.0013047066450329414,0.0037611064057863934,4.236590796817627e-06,2
0.0010848273802264868,0.027429538931706174,0.9675167598440129,4.918167532734169e-08,0.0020199118864917534,0.0019459344617817436,2.9783141056452987e-06,2
0.004229650713210425,0.044278524875355704,0.9409244169237102,8.355344230381686e-08,0.006253909624801762,0.004303800839712812,9.613469766812983e-06,2
0.005199756576229683,0.04567281949885785,0.9351708892013146,9.001401261949321e-08,0.006036597945668082,0.007907291102311254,1.2555661605715625e-05,2
0.004109817667192062,0.048067597381445636,0.933575562228212,9.460607964250864e-08,0.0015603409427675588,0.012677788610504736,8.798563798299707e-06,2
0.001244056124594181,0.07404058994669925,0.855803514291569,2.754351807108842e-07,0.01572260535128584,0.053184502507395516,4.456343275780009e-06,2
0.003416266005492483,0.21413038076024707,0.19434995593554957,6.466892847578687e-07,0.003902002122377222,0.5841978738524314,2.8746346175264078e-06,5
0.0025259514982702144,0.13989976088553657,0.11170407506593927,5.130024766785242e-07,0.003063661380624461,0.7428039773709223,2.0607962305957114e-06,5
0.9750649289526987,0.021991326037789423,6.453548980444511e-06,1.2435573149131964e-07,6.3622652307598135e-06,4.680564013836759e-06,0.0029261242755552596,0
0.9820403412984393,0.015610493367014902,4.823444067341576e-06,6.206545268778831e-08,2.821955410204983e-06,3.3553097467152747e-06,0.0023381025598685646,0
0.9807783094044372,0.018299092720023873,4.267714873869125e-06,6.198569162552471e-08,2.7819063949759278e-06,3.3509977976674257e-06,0.0009121352707805524,0
0.9767004907817218,0.02279894479997201,4.42342642332287e-06,6.320666364177747e-08,2.876342620065352e-06,3.464752733083728e-06,0.0004897366898660897,0
0.95316182438149,0.020576543461098825,4.74088519740786e-06,5.385778319445665e-08,2.7378092146474466e-06,3.297879707701871e-06,0.026250801725508185,0
0.9320817291390876,0.06789285823967454,7.891907856325694e-06,1.3778241180395176e-07,8.514108464622414e-06,5.9941729892238686e-06,2.8746495159477936e-06,0
0.6977051660968859,0.30225252185302853,1.3875121091380775e-05,1.717151184896472e-07,1.5222449491269044e-05,9.412780106076634e-06,3.6299842782806414e-06,0
0.6803935262554164,0.31956482545561643,1.3783396555204547e-05,1.6826090128066446e-07,1.491623506205568e-05,9.2234328470073e-06,3.5569636015186836e-06,0
0.4168091787827834,0.5831391693272931,1.727509056181251e-05,1.9357797149100387e-07,1.5206384372065904e-05,1.0236751852794253e-05,8.740085165379416e-06,0
0.3583350516810718,0.6416171918325512,1.7251092110506296e-05,1.933090541440203e-07,1.5185259754884251e-05,1.0222531019045562e-05,4.904294438406824e-06,0
0.23344284836980125,0.7661194085940208,1.3204452763667423e-05,1.5496444402216524e-07,0.0004122573370059702,8.194798960040001e-06,3.9314830044251175e-06,1
0.20725900922385054,0.7908670961774891,1.439265165986646e-05,1.6127847797524134e-07,0.0018467203005982974,8.528696449872728e-06,4.091671474319097e-06,1
0.19340003049177243,0.804487808510782,1.7318091141814635e-05,1.9405981932965703e-07,0.0020799813971451,1.0332157487406813e-05,4.33529185195253e-06,1
0.16766277979168476,0.8292699859295256,1.3143419944173322e-05,1.4728007139202678e-07,0.0030397108931907186,8.377211101632226e-06,5.855474481597087e-06,1
0.17370994648281823,0.8219173725144977,1.5259492503205408e-05,1.6927803880529584e-07,0.004339289096954683,9.725930583219013e-06,8.237204603973283e-06,1
0.3071357663597797,0.6362452099167487,5.940081463705999e-05,2.826766947814348e-07,0.05642292693076007,0.00011769126316709759,1.8722038212541365e-05,1
0.002185370572348531,0.08406538106728934,2.783225473426359e-06,2.9632671193469296e-09,0.9137428487599794,1.299006368780847e-06,2.314405273632653e-06,4
0.12789955727682592,0.8261041984377739,0.007001164265825872,3.222233497028828e-07,0.034609901837721654,0.004338737519974998,4.611843852794942e-05,1
0.4253044394809384,0.5259108235747165,0.004609886074697607,3.5315649312132916e-07,0.03791115509938096,0.0062480942242558535,1.5248389517494989e-05,1
0.38892904491098645,0.5912513189514059,0.0013772879592589893,2.8151025147155044e-07,0.01469049643987985,0.003739416763270136,1.2153464947063179e-05,1
0.3297748841048213,0.6529636618259801,0.001225567924976372,2.393340710890787e-07,0.014213664770624974,0.0018136060809791621,8.37595854687523e-06,1
0.21052653160661353,0.7803106272349724,0.0007491912211885654,1.852885011000655e-07,0.007196276340564323,0.0012120898224763862,5.09848568413797e-06,1
0.3163543588159673,0.6787541201868565,0.0007763441294494752,2.2547339426262616e-07,0.0032115914359215217,0.0008947665756377473,8.593382772978699e-06,1
0.6910964851138927,0.3069015465726765,7.452690306844467e-05,2.0740021717234175e-07,0.0018554146329659226,6.556287101044364e-05,6.256506168854756e-06,0
0.5847319815247785,0.413710522170874,1.3636565939551505e-05,1.6125664351005222e-07,0.0015228657319401985,1.0937688699660181e-05,9.895061124600167e-06,0
0.5650941713010935,0.43373343193511765,1.9700420264673862e-05,1.8680244120643682e-07,0.0011316612975311518,1.2296922346279941e-05,8.551321205499015e-06,0
0.5147797817317085,0.48326875534061514,2.1934220905426188e-05,2.0798368542635275e-07,0.0019091767485037185,1.3691251637095021e-05,6.452722944688162e-06,0
0.8289980273165943,0.17095930565670478,1.4815027742522682e-05,1.513439332102614e-07,1.0037319809450182e-05,9.585179428752525e-06,8.07815578699842e-06,1
0.7510242475773037,0.2489178047349941,2.220617070967337e-05,2.0128784697187898e-07,1.101980545199029e-05,1.2320545295816733e-05,1.2199878397674911e-05,1
0.8651727456758005,0.13478806448865074,1.8494314516687413e-05,1.2367206463086838e-07,7.282894537901073e-06,8.68713561925516e-06,4.601818810129451e-06,0
0.8682823793101908,0.13167974894335416,1.7989806643525985e-05,1.202984045668469e-07,6.836784309046238e-06,8.681149597839657e-06,4.243707500061644e-06,0
0.9309728540556672,0.0689570124821249,2.6072918029111253e-05,2.1043859391854791e-07,1.8807162026026518e-05,1.91646457353575e-05,5.878297823293768e-06,0
0.9582000504491937,0.041730240801689446,2.5864495739447226e-05,1.8714021937339546e-07,2.37581945054901e-05,1.5039131019177213e-05,4.85978763360406e-06,0
0.9486563675863304,0.05127925072842462,2.6075302491327793e-05,1.8866549255829483e-07,1.8896777521352085e-05,1.4321542748945553e-05,4.899396990623418e-06,0
0.9467426535618927,0.05319648200314179,2.1439541004020858e-05,1.9242794082148675e-07,1.998728635685564e-05,1.4599495711655191e-05,4.645683952020904e-06,0
0.7423436301934712,0.25759425497298527,1.8240682627196402e-05,1.546062701040211e-07,1.3817356968329663e-05,1.2535707744319693e-05,1.7366479933679806e-05,0
0.40261875459814545,0.596641488896271,3.0950105383333834e-05,2.282863494128051e-07,1.7347937327472087e-05,1.633478552641455e-05,0.0006748953909968952,0
0.634705123046679,0.36312239686083186,3.047891718686493e-05,2.2469310075463227e-07,1.3785654513051824e-05,1.9299748883001153e-05,0.0021086910788054238,0
0.7514517733564755,0.24614102949167607,3.63059046507919e-05,2.402335922192226e-07,1.4539450537305467e-05,1.9756200769256372e-05,0.0023363553622990116,0
0.6932751453243914,0.302239163137237,6.168657140256471e-05,4.0796179831305307e-07,3.635812393353514e-05,3.090926811538164e-05,0.004356329613121879,0
0.8497300927934013,0.14548486690059861,3.071878437600597e-05,2.42471561542284e-07,2.8729026387620478e-05,1.8370883099977553e-05,0.004706979140575004,0
0.852524407527682,0.1420567831737701,3.4165761452517897e-05,2.4557828837300863e-07,1.997429725959384e-05,1.8798286389155394e-05,0.005345625375158192,0
0.7869171887685791,0.2037174496092374,4.938897641497164e-05,3.3364098795496077e-07,2.1070109466408997e-05,2.8698300457698755e-05,0.009265870594856424,0
0.603574134007776,0.3646832976016257,6.793683663084996e-05,4.005932836715525e-07,3.17620717003008e-05,3.9779976510612274e-05,0.031602688912472914,0
0.6434018233044846,0.3152964716141023,7.241974447709621e-05,4.270269956838259e-07,3.385793673464149e-05,4.2404914286150914e-05,0.04115259545891956,0
0.15418262325494725,0.08189036823753312,2.767809111266773e-05,1.627647114434148e-07,1.5758735627170385e-05,1.4852962739762848e-05,0.7638685559533286,6
0.18935904847222368,0.0853749998044946,3.149950818196779e-05,1.8523706490368974e-07,1.7111341382801615e-05,1.6903659267654175e-05,0.7252002519773845,6
0.11413537641835353,0.024045969392100155,1.5803016664667826e-05,9.396747120137934e-08,8.500498953587246e-06,8.869130833066456e-06,0.8617853875756238,6
0.23911227844416363,0.06699617979944333,2.2900242539793758e-05,2.026885511527156e-07,1.3078889143645432e-05,1.527296278876611e-05,0.6938400869733697,6
0.9381663987056116,0.04722172468721416,7.87832062247792e-05,4.0436873093929073e-07,4.017806454080312e-05,3.300358194589724e-05,0.014459507385732056,0
0.9299337317149357,0.0572781603088496,7.585546506868002e-05,3.893415819751731e-07,3.1298401442926594e-05,3.270268681858316e-05,0.012647862081302403,0
0.9764839139873273,0.018557812049823662,3.6305580265855336e-05,1.7242537736093466e-07,1.6316100487207518e-05,1.5544765003382794e-05,0.004889935091715279,0
0.9577608203028412,0.02151209886035165,6.544933833699964e-05,3.587233837924728e-07,3.052827380565791e-05,3.7456904679692334e-05,0.020593287596601225,0
0.9550749281074363,0.019301712860576428,5.872436453998492e-05,3.218642585869692e-07,2.6042016982660997e-05,3.0901124971472306e-05,0.025507369661234344,0
0.9526499436828391,0.021441478573170053,5.740490039294268e-05,2.667558769637796e-07,2.7394519718491234e-05,2.774341728661654e-05,0.025795768150715995,0
0.9513001104992576,0.02150371953899417,5.8365017047043865e-05,2.6753022390841e-07,2.747404135034833e-05,2.7823951708778176e-05,0.027082239421418217,0
0.472615401928565,0.007469077190124648,3.0868159069573204e-05,1.7151276710183277e-07,3.5051578168548445e-05,1.216754439950074e-05,0.5198372620869055,6
0.4942466014322805,0.008885321726895677,3.2624503681317443e-05,1.8127154551377818e-07,2.972112226233198e-05,1.4120264516033047e-05,0.4967914296788187,6
0.3037887956904053,0.0034950793558850284,2.1262391446557268e-05,1.1814023583272275e-07,2.347453340093282e-05,9.202610234366737e-06,0.692662067278392,6
0.04088836393931428,0.0006720508772063474,3.636302407815618e-06,3.073911568405247e-09,4.554837516424799e-06,1.912080923164925e-06,0.9584294788887203,6
0.03454207954906437,0.020919309163278898,1.9829232895616923e-06,2.2374034375900297e-09,1.3343751447510886e-06,1.022824057295967e-06,0.9445342689277617,1
0.015185565085625713,0.0009243186537845277,8.963135164273754e-07,8.727905855339325e-09,5.390633008503696e-07,5.779093221189875e-07,0.9838880942465446,6
0.03370412070192251,0.0018654623311469124,1.660681175404146e-06,1.684210282934452e-08,1.1775827985624032e-06,9.045725860864746e-07,0.9644266572882677,6
0.2657942847190035,0.7327357859184799,9.466521599676434e-06,1.9089960208704212e-07,4.572817907950446e-06,5.576020723333548e-06,0.00145012310268357,1
0.5746448439897659,0.4233429902103488,2.1682227333336414e-05,2.741558558281291e-07,1.9950779295938487e-05,1.1196017546531632e-05,0.001959062619853703,1
0.757087725843615,0.23237573947143259,3.375154457605761e-05,3.8369519746081903e-07,2.8154000624119898e-05,1.834669836725745e-05,0.010455898746187643,1
0.740474057985838,0.2496225855574933,2.7182206970866676e-05,3.434766405146779e-07,2.4606575083172978e-05,1.725541375416392e-05,0.009833968784220095,1
0.7432451143069568,0.25448385155490594,2.6357823620938817e-05,2.631667945086201e-07,2.0284207974881394e-05,1.5765929753642696e-05,0.0022083630099932125,0
0.7517909763239454,0.2456954529469841,2.897349188925484e-05,2.6073532921719755e-07,2.0590219050040108e-05,1.7065512988924753e-05,0.002446680769813301,0
0.6470823235089541,0.3484392452593236,2.099701743149772e-05,1.4809293908555236e-07,1.2116589303283474e-05,1.0616020395103324e-05,0.00443455351165311,0
0.6007659702431057,0.3862687945421978,1.7524431779652116e-05,1.3284590855544816e-07,1.0874813712087816e-05,9.528031467501211e-06,0.012927175091828681,1
0.5735593885355164,0.4091041837417093,1.746188026760598e-05,1.369679902770817e-07,1.082781109757122e-05,9.823677188038725e-06,0.017298177386230726,1
0.5207896974153385,0.4748868568118192,2.7774767892415685e-05,2.4336789031917595e-07,2.1279061263925733e-05,1.7454936643175935e-05,0.004256693639152478,1
0.5207888205451411,0.4748860572296962,2.777472112715453e-05,2.4336748055290923e-07,2.1279025435692676e-05,1.913863909751014e-05,0.004256686472021849,1
0.7689321503710002,0.21661614024767445,2.5237888820735524e-05,1.9012550594721706e-07,1.5804795265353086e-05,1.284128616073677e-05,0.01439763528557255,0
0.7675058002082138,0.21621432265329327,2.519107315980826e-05,1.8977282782571204e-07,1.5775477760175724e-05,1.2817465891813282e-05,0.016225903348853283,0
0.537591197572087,0.45907165245117887,2.7111786206697224e-05,1.3919149783383654e-07,1.1975279212910208e-05,1.0441853946090239e-05,0.003287481865870593,1
0.5261041221676969,0.4713501526391319,2.283335750643958e-05,1.9155529193179135e-07,1.6480375175875787e-05,1.4370075845726043e-05,0.0024918498293512305,1
0.4787638680082666,0.5177236068745095,2.7440952214206808e-05,2.0657533472077382e-07,1.6186080952513312e-05,1.5504971727378504e-05,0.003453186536995043,1
0.49927430392578426,0.49749409155271257,2.966815833830999e-05,2.1368543452617132e-07,1.8435679728836753e-05,1.6038636100284114e-05,0.003167248361901171,1
0.49730365661942894,0.499943273623307,2.7772129291011244e-05,2.147374159343428e-07,1.9184214114781682e-05,1.611759490731436e-05,0.0026897810815351723,1
0.869467867953537,0.12579862664032546,3.289547285646706e-05,1.881671851182405e-07,1.832809847897698e-05,1.6132386341175337e-05,0.004665961281275769,0
0.8990224447028226,0.09183875798442041,2.719875041398393e-05,1.5549953650253207e-07,1.588649956593209e-05,1.3338091106728573e-05,0.009082218472133714,0
0.9514728606528667,0.03969742668858012,2.6196762048325092e-05,1.0429548602907006e-07,1.0002113820626015e-05,1.0335949204823845e-05,0.008783073537993165,0
0.8786652434447004,0.1160167399058271,4.243853801916117e-05,2.9294864731954364e-08,2.536898087713124e-05,2.2224527370131196e-05,0.0052279553083413805,0
0.8670819030177244,0.12609745898087996,2.5055761863265397e-05,2.3043208688830106e-07,1.4392913965143206e-05,1.5343884638838442e-05,0.00676561500884171,0
0.9086050209526122,0.0881592326935243,1.9073808645246543e-05,1.7541743711557898e-07,7.902890881428773e-06,1.1681076978121259e-05,0.0031969131599216545,0
0.8986786241431566,0.09869602290586332,1.7577720236864562e-05,1.616582556548749e-07,7.387649882301837e-06,1.159867045509648e-05,0.0025886272521504763,0
0.8598511993577811,0.1369103479983361,1.9939982873004014e-05,1.7835407397886228e-07,7.82043954409912e-06,1.279656346670681e-05,0.0031977173039250094,0
0.8600511718342434,0.13823625750472146,1.8221460437966577e-05,1.6128659271049953e-07,6.592897923871894e-06,1.1745576037396185e-05,0.001675849440043144,0
0.8602426744004043,0.13654841202811685,2.0761466574805186e-05,2.0108342398841265e-07,8.422471198063058e-06,1.3152900952112183e-05,0.00316637564933,0
0.8727007719552755,0.12712500548859257,1.8506012010210035e-05,1.7923841006008697e-07,7.507482796815166e-06,1.07932768702428e-05,0.0001372365460447268,0
0.8929108841072226,0.10700545436915317,1.6108085948986144e-05,1.46532701322544e-07,5.989804397832334e-06,9.50729538754693e-06,5.190980518846477e-05,0
0.8532374860543153,0.14670822020384072,2.338404524680675e-05,1.702347919181813e-07,7.039659202961054e-06,1.1045128066268273e-05,1.2654674535962579e-05,0
0.9632685607098675,0.036717470929593196,5.768475666888161e-06,6.166198540197174e-08,2.4719087546796556e-06,2.7922701936633616e-06,2.8740439385631683e-06,0
0.9374151870815497,0.06256079301833532,1.0214250069024208e-05,8.153241153966857e-08,4.179556198263747e-06,4.721230172051895e-06,4.8233312641091215e-06,0
0.12052101486838758,0.8792918440628054,5.305612947669403e-05,4.1444676232326654e-07,2.757526899370288e-05,2.119274828986379e-05,8.490247528460942e-05,1
0.16493420543558507,0.8349610308569156,2.9317796785600404e-05,2.008389287454159e-07,1.5538743471574777e-05,1.1376453847837202e-05,4.8329874465668874e-05,1
0.03717131122776874,0.9537447705180028,6.676704680326732e-05,3.028958066907431e-07,0.008986908605830651,1.9149574262021557e-05,1.0790131525820893e-05,1
0.05114604280621584,0.5865276718104542,2.0562989235328243e-05,1.0365718694310933e-07,0.3622956024213432,5.9460672854368474e-06,4.0702482791818045e-06,1
0.04247758581903776,0.5117801172132488,1.7942425476068537e-05,9.044703231134845e-08,0.44571552426689004,5.188295725085846e-06,3.5515325900597337e-06,1
0.017221566435941468,0.9280150078993331,3.2100299588151725e-05,1.5600994399845653e-07,0.05471592098243211,9.125627990700008e-06,6.1227447705147684e-06,1
0.016739652909254613,0.930588802426891,3.182868481124958e-05,1.5468987513064767e-07,0.052625194677737186,8.295673901338793e-06,6.070937529579049e-06,1
0.016688248982570954,0.9279021634711804,3.71698202386509e-05,1.6059577415993948e-07,0.05535417647650603,1.1774630069663657e-05,6.306023660251529e-06,1
0.015012177666173441,0.9225498845570002,3.634111189851757e-05,1.596694336365731e-07,0.06238346063368819,1.1706712236593435e-05,6.269649569536162e-06,1
0.0114820301644397,0.739396710415196,3.08434549460499e-05,1.3551475795191172e-07,0.2490739158443421,1.1043424771462452e-05,5.321181546825431e-06,1
0.009929456536002922,0.7588254798251183,2.8630220955197903e-05,1.2579062461192535e-07,0.23120111729613962,1.0250981670572168e-05,4.93934948905083e-06,1
0.009386157178200233,0.7577502808726386,2.8589654073353893e-05,1.2561238870471032e-07,0.23281967787510272,1.0236456796214197e-05,4.932350800237979e-06,1
0.007977991988698151,0.9100092526520206,3.0393306597786444e-05,1.1110790524503971e-07,0.08196556410256997,8.59386759232815e-06,8.092974615725313e-06,1
0.007594331293858598,0.9731128977265981,3.214036085247126e-05,9.982895060729348e-08,0.019245753661006518,8.098855656713006e-06,6.678273076868321e-06,1
0.007516094231482718,0.9758023749725385,2.856568951312951e-05,8.83956054464366e-08,0.016639118593618392,7.2983459678054035e-06,6.459771274044381e-06,1
0.006047087138662207,0.9923065854671386,2.426126887575906e-05,9.907098383810194e-08,0.0016070442779185187,8.50216487220546e-06,6.420611549121747e-06,1
0.023411507988248172,0.9700861950427802,3.225156462003238e-05,1.2162348494146297e-07,0.0064494358070727046,1.0656997777748813e-05,9.83097601642185e-06,1
0.013812489093405019,0.6041338727804735,0.0009855857038275806,9.161394107457956e-08,0.3808888831888146,0.00016481460338180838,1.4263016156642673e-05,1
0.0023321950852054525,0.37574523999109927,0.00024072467688600988,4.3858861944590405e-08,0.6213376393558949,0.00026715548825605325,7.700154379630343e-05,4
0.03589133275170217,0.930832733734641,1.99545296085734e-05,8.494087049552658e-08,0.03292669484116207,6.844123155242593e-06,0.000322355078860278,1
0.010510708124693622,0.28133072182170654,0.7068271295534281,2.8855278409684054e-08,0.0011487429570143665,0.00016531567444404513,1.7353013434833806e-05,2
0.003515190650743252,0.12606734891466706,0.8696234770931626,4.3197540797714345e-07,0.0006068993737629093,0.00018504509421183853,1.6068980444419523e-06,2
0.002163846982827898,0.06209845406023844,0.9351452807690736,8.309587907401351e-09,0.00047176103133947237,0.00011966037537928125,9.884715532307044e-07,2
0.0008005264368153353,0.04485154798642037,0.9509952993874452,1.3899463563276622e-08,0.003024117776698659,0.0003208850267560907,7.609486400946755e-06,2
0.0008337041544053733,0.041376597166148325,0.9480268136978066,1.511750176121817e-08,0.002529436270668666,0.00722515727233319,8.276321136033821e-06,2
0.0013794858111300713,0.05820645910033696,0.9360768375502532,3.722556041987147e-178,0.002882346674289401,0.0014396619266451643,1.5208937345145101e-05,2
0.00110297079555899,0.053532881169077125,0.5771495637164819,1.016745715258707e-08,0.0013791252939045907,0.3668293058105769,6.143046943500877e-06,2
0.0019153273017320953,0.06600540192530639,0.8768044209624837,3.217823604973267e-08,0.0011787282744476068,0.05408352852479856,1.2560832995873917e-05,2
0.002435117920486157,0.07466940858624295,0.8527295031171315,4.5204814431648745e-08,0.001248398548675631,0.06889715333856003,2.0373284089552114e-05,2
0.0029162584258364504,0.08772822892262565,0.8623434449445584,5.080761476659727e-08,0.0012696292853273802,0.0457246938230618,1.769379097566474e-05,2
0.004379073852104091,0.14464056952308163,0.7927038228035697,7.129219167336925e-08,0.004134178728490103,0.054125784616135264,1.6499184427484375e-05,2
0.00094529730617396,0.023958171969983923,0.969430957953263,2.3569403437442357e-08,0.0014933511282582367,0.004168064263699417,4.13380921809213e-06,2
0.0027460520232711386,0.1661450933870285,0.1646233493792887,5.020077769249425e-07,0.003425212335933662,0.6630575593639256,2.2315027754885882e-06,5
0.9587185315022517,0.03703244955809793,7.272546310293363e-06,1.1387256331334586e-07,1.015801155075622e-05,6.242067722466946e-06,0.004225232441503219,0
0.9734591135318019,0.023343038541090388,6.326941239879813e-06,9.906640482966849e-08,6.532127427681968e-06,5.430449530379924e-06,0.003179459342504934,0
0.9841247982731048,0.013872639895805401,5.1576403026422494e-06,6.545111406011954e-08,3.0174768801567743e-06,3.5877851045642814e-06,0.0019907334776883582,0
0.9825539780127253,0.01633882149752529,4.9838477925195965e-06,6.412944050997289e-08,2.882255286950538e-06,3.466890636839673e-06,0.0010958033665927356,0
0.9678685156826904,0.03175648008265769,5.024128790014825e-06,7.467743118922539e-08,2.9013792834297902e-06,3.4949111179764373e-06,0.00036350913802917097,0
0.9674923989614004,0.0320070757353094,5.08026830864934e-06,7.551187537149955e-08,2.933799239835291e-06,3.5339631877051345e-06,0.0004889017606787016,0
0.9702996138471246,0.029181789992197737,5.255152526989995e-06,7.81113119558426e-08,3.0347929582090776e-06,3.6556170752910003e-06,0.0005065724868054781,0
0.9788505124278521,0.02086457821639788,5.3014642802291605e-06,6.727625870171061e-08,3.0615374878665333e-06,3.6878327027267898e-06,0.00027279124502057114,0
0.9716232596509554,0.028357728178504044,4.855297839929345e-06,6.247532969431582e-08,2.8198205156130283e-06,3.377468036962088e-06,7.897108818583517e-06,0
0.9403362549042986,0.05963992073541959,7.282812996808214e-06,1.140333177259408e-07,7.464018295333924e-06,6.250879677699233e-06,2.7126159941627848e-06,0
0.9192910021522993,0.08068043837912746,8.717814426790235e-06,1.5220166267142398e-07,9.892487010610236e-06,6.621477178075104e-06,3.1754882948877913e-06,0
0.8864274223985824,0.11354540278039808,8.463705967794213e-06,1.477652606026651e-07,9.05194807018832e-06,6.428473142932147e-06,3.0829285777763387e-06,0
0.8745452690711516,0.1254228116150841,1.0607626464214663e-05,1.7612603126788275e-07,9.798624359346901e-06,7.662298006710184e-06,3.6746389027536516e-06,0
0.8171124363644771,0.18285575200945128,1.1140936695997736e-05,1.7082863651634033e-07,9.503908235444748e-06,7.431836802575267e-06,3.5641157012874614e-06,0
0.8530296364636866,0.14694342576270153,8.503264568017835e-06,1.341694766951829e-07,9.664075628657541e-06,5.8369935803482595e-06,2.799270358146788e-06,0
0.8120832482446747,0.1878800183888347,1.103603127209688e-05,1.5176538055705295e-07,1.3695804466499394e-05,8.319210139814827e-06,3.530555231582111e-06,0
0.6896036293319752,0.3103531075972528,1.4064011555857851e-05,1.7631720760499086e-07,1.5630422124831076e-05,9.665049406836603e-06,3.727270476973456e-06,0
0.5824213016620908,0.41753059036876233,1.597411879218566e-05,1.9566617100424042e-07,1.7600674531011956e-05,1.0347179604833804e-05,3.990330047744878e-06,0
0.5575325794433508,0.4424146601144185,1.7324048452267872e-05,2.1220139095280835e-07,1.9088060026009626e-05,1.122159182302739e-05,4.9145405383629574e-06,0
0.4303745587646049,0.5695791928396639,1.670632400435737e-05,1.8720459382041316e-07,1.4705728073929995e-05,9.899716160274822e-06,4.749422898906987e-06,0
0.3772466032232619,0.6227094781411192,1.5240801375648195e-05,2.316957890049368e-07,1.4233221909082382e-05,9.581630792963844e-06,4.631285752067759e-06,0
0.3279623486932339,0.6719939626942969,1.4308947878416444e-05,2.1584251484470318e-07,1.581991206538854e-05,8.995790459274234e-06,4.348119551132976e-06,0
0.2719132178531714,0.7280425239159213,1.3846518766885324e-05,1.7545374974715717e-07,1.650664670723951e-05,9.27831035716468e-06,4.451301326225143e-06,0
0.4804137561776877,0.519515123048181,1.4842733562055275e-05,1.9219441984360984e-07,3.912554260448715e-05,1.2509120339372753e-05,4.451183205385441e-06,1
0.23116254415430854,0.7670136411083948,1.4314417122926173e-05,1.6040181206676178e-07,0.0017967881513227216,8.482336777365638e-06,4.069430261881659e-06,1
0.2173248178023594,0.7794596536205157,1.2082395285538848e-05,1.5282415952944484e-07,0.0031908437358929825,8.692555847559069e-06,3.757065939147228e-06,1
0.016466912856576227,0.14886009591299498,4.940952233595259e-06,2.0374899630443075e-08,0.83465266394572,2.866497476781092e-06,1.2499460098736935e-05,4
0.02850345872682977,0.5877283101468198,1.553691513395634e-05,6.84722130902827e-08,0.3837287497069046,9.743029177966781e-06,1.4133002920808557e-05,4
0.0013121813425604212,0.023679420647666836,8.367047799626376e-07,3.260601510138634e-09,0.975006506300363,3.608746642769105e-07,6.90869363790405e-07,4
0.009859188975746055,0.14677438478612642,0.00021556500462133744,4.489360997480225e-08,0.8429010330731072,0.0002463496700192613,3.433596769884815e-06,4
0.37455151419109256,0.6080470259759414,0.0014515085054711099,2.8373348395302773e-07,0.012805997557485965,0.0031331723634460615,1.0497673078924842e-05,1
0.6904797325113267,0.3081048242403624,1.2869363398894603e-05,1.1524370017581343e-07,0.0013834255498512903,1.0085583413492954e-05,8.947507946817722e-06,0
0.4830014690195414,0.5160414113115221,1.2813453654769958e-05,1.51523084132703e-07,0.0009248823680166502,9.974535596082386e-06,9.297788584986681e-06,0
0.47247068172345785,0.525774587198687,1.9942453933314243e-05,2.2093540224007732e-07,0.0017162529151405611,1.2447998779598118e-05,5.866774599550482e-06,0
0.46939686191308055,0.5290731787286727,1.64332234876375e-05,1.5134768372202674e-07,0.001495411524479972,1.1192768007035294e-05,6.770494588396003e-06,0
0.43152541522985627,0.5668058811417641,2.0007682086168295e-05,2.0546079791703275e-07,0.001625877454929377,1.4369857618824214e-05,8.243172947331746e-06,0
0.43977588161163184,0.5583129668249053,2.0390215078671777e-05,2.0938906574590292e-07,0.0018675065833053286,1.4644599321191528e-05,8.400776691817797e-06,0
0.9371457688637036,0.060778755081827604,2.3076303380333805e-05,2.4210342773813746e-07,0.0020291410512490774,1.6433511507145573e-05,6.583084904182507e-06,0
0.9027029979711024,0.09721453860444323,2.3469784090688714e-05,2.462316031722906e-07,3.4760754315791455e-05,1.5071489241819968e-05,8.915165202834745e-06,1
0.87991559428089,0.12000542761445654,2.814436677464857e-05,2.476599409877158e-07,2.568346683618888e-05,1.5158915785535405e-05,9.743695316021192e-06,1
0.6924889577628772,0.30744470157326037,2.6584582382617315e-05,2.3270183934419238e-07,1.2874725969659583e-05,1.4235888693869804e-05,1.2412764976877895e-05,1
0.6299184262722635,0.37000695386072496,3.016995558859556e-05,2.5342959680442367e-07,1.4949687701367883e-05,1.38946983035301e-05,1.5352095821276693e-05,1
0.8701951039687132,0.1297652068913505,1.846886419058971e-05,1.3645228849454696e-07,7.209361413884481e-06,9.154237154448852e-06,4.720224888693802e-06,0
0.9057440710970109,0.09423126819897729,8.95988309772463e-06,1.0524013327984367e-07,5.864071645239558e-06,7.3783846100633625e-06,2.3531245254020873e-06,0
0.9586275700331318,0.04130924463338557,2.535741406225162e-05,1.8525225242716688e-07,1.7944499058322624e-05,1.488740851741208e-05,4.810759592231361e-06,0
0.7702095525716167,0.22970574817111106,1.8849525379929633e-05,1.378677833863705e-07,1.1429168760767864e-05,1.2050989530938158e-05,4.223170581728185e-05,0
0.7801889446062076,0.2184654502740561,2.6649965573066674e-05,2.346077650184076e-07,1.751839297695133e-05,1.6787107657836107e-05,0.0012844150457633336,0
0.7739677787672267,0.223330776177031,3.3406293406347556e-05,2.210470705778476e-07,1.3378241233432808e-05,1.652625068822812e-05,0.002637913223343768,0
0.8465940489952004,0.14857753185504938,3.13717932415116e-05,5.533501090094877e-30,2.147514437555976e-05,1.8761404722988883e-05,0.00475681080741024,0
0.8449885849439314,0.15010086992804866,3.317314191952675e-05,2.3917477069130523e-07,1.4347640566186027e-05,1.830811618691079e-05,0.004844477054576737,0
0.9181992973178505,0.07818109108422175,2.083814886839749e-05,1.5458731871170265e-07,7.957554124307846e-06,1.3296907392977035e-05,0.0035773644002232564,0
0.7956110603919446,0.19849030493480474,4.445756817761121e-05,3.0032748288253317e-07,1.8622706070504075e-05,2.5832822256930878e-05,0.00580942124926269,0
0.3291676420763194,0.08793122225020858,3.618563370612591e-05,2.1337057400595126e-07,1.9710184539786683e-05,2.097182933538551e-05,0.5828240546553167,0
0.2578949123994071,0.042770853324867096,2.7308280611020508e-05,1.7896444896397656e-07,1.4832394874827458e-05,1.6142764851046564e-05,0.6992757718709399,6
0.9319702005103092,0.055613376540848795,7.365073387131679e-05,3.780254094168186e-07,3.038871666245176e-05,3.175218662981958e-05,0.012280253286269015,0
0.9578724852973753,0.036468433892819806,4.390326167237554e-05,2.0850889603752398e-07,1.979108453655423e-05,2.067906377197128e-05,0.005574498890927957,0
0.9696622026349468,0.02365756158025182,4.44436332283599e-05,2.110752720263784e-07,2.136770404320886e-05,1.902919136321132e-05,0.006595184180894421,0
0.5022612013824632,0.009199131001783677,4.0874403644445303e-05,2.0898079792509613e-07,2.3188934567918028e-05,2.150836479961221e-05,0.4884538869319433,0
0.9542748478051477,0.021970188356834675,5.9975009194641685e-05,3.066375080621996e-07,2.6596630209913027e-05,3.155922194827549e-05,0.023636526339156718,0
0.9496512074122395,0.023778620816786496,6.708266563290004e-05,3.4297721167635947e-07,2.9748604882129577e-05,3.529931486496196e-05,0.026437698208382175,0
0.9577608136827825,0.02151209871165967,6.544933788461273e-05,3.656353977639864e-07,3.052827359464597e-05,3.7456904420789585e-05,0.02059328745426008,0
0.956222770428556,0.023083432430595928,6.53442344901233e-05,3.5814731673726517e-07,3.047924903173357e-05,3.739828205130069e-05,0.020560217227958397,0
0.9459187465482761,0.0293077171650766,6.435479062059152e-05,3.2289127558806133e-07,2.853889630624972e-05,3.779364364071694e-05,0.024642526064804375,0
0.9473861205266054,0.025289588181944867,6.53298149738289e-05,2.994552036353695e-07,3.075256598580039e-05,3.114423174947561e-05,0.027196765223536788,0
0.9395389998737778,0.026178546865321485,6.178172271857873e-05,3.3862143137370697e-07,3.183355474577975e-05,3.223898802038063e-05,0.03415626037398472,0
0.9451768604262608,0.02504042568660384,6.71501863405213e-05,3.6804561632595336e-07,3.6392596451134495e-05,3.972988516203771e-05,0.029639073173565154,0
0.9690149312684677,0.01884182273578974,4.8294964134964704e-05,2.62790737953892e-07,2.583060343481808e-05,2.0659068368963875e-05,0.012048198569065836,0
0.9649858956600328,0.009977057957068129,4.7099340609423056e-05,2.616980889073008e-07,2.731081636875328e-05,2.038727281457455e-05,0.024941987255017378,0
0.9617619814942835,0.010131064685739582,4.782637010058693e-05,2.6573768321913214e-07,3.373050292397555e-05,2.0701972519258606e-05,0.028004429236749936,0
0.40171263519107686,0.007329927786040099,2.3838719532966725e-05,1.3245508881978703e-07,2.6342869528912407e-05,1.0317674984946191e-05,0.5908968053037474,6
0.21451395753728542,0.0024852680565676986,1.6413150782751275e-05,8.995657072171813e-08,1.7890699609244482e-05,7.007225375310472e-06,0.7829593733738088,6
0.04078252625992205,0.0005862995797308277,3.575154730559447e-06,2.421440849458528e-08,3.7914013977623785e-06,1.8739552493800175e-06,0.958621909434561,6
0.036568444676038744,0.002570187672853146,1.824136238520355e-06,1.848210162877579e-08,1.02693886571928e-06,1.1302004259663222e-06,0.9608573678934763,6
0.4722312391111278,0.5265342893164389,1.8445485012235588e-05,3.267551206217169e-07,1.4864975575112726e-05,9.721336168747437e-06,0.0011911130205567231,1
0.7703329567443171,0.2230990341757153,3.5556989327174785e-05,3.2526526491390945e-07,2.7387105268826954e-05,1.749360081031743e-05,0.006487246119296001,1
0.7581258887981016,0.23422946261600672,3.478864349580098e-05,3.374856703424813e-07,2.597326906872077e-05,1.687410801873552e-05,0.0075666750796380255,1
0.7230144448776868,0.26792162657429053,3.223253188820483e-05,3.4876309154805186e-07,2.7790844820501394e-05,1.7520991930703986e-05,0.008986035416291598,1
0.6985725551808943,0.2975164808152524,2.1989493714950022e-05,1.5509292040521704e-07,1.268931005084076e-05,1.1117813018801425e-05,0.003865012294148484,0
0.533308754510955,0.4489659289563924,1.897779200043117e-05,1.4885854159804668e-07,1.1767801844963589e-05,1.0676496430904645e-05,0.017683745583834724,1
0.4990253039496794,0.4864077511135954,1.7469887134723424e-05,1.4138635418759832e-07,1.1753196238015833e-05,1.0140572987330148e-05,0.014527439894011085,1
0.7389945340849855,0.24642717040998188,2.362290697518932e-05,1.9767818775420226e-07,1.6432636275264177e-05,1.3381839610836759e-05,0.014524660443983638,1
0.7729169693468294,0.21651071594885601,2.5225605863752065e-05,1.9003297430054897e-07,1.5797103274087268e-05,1.2864296317923678e-05,0.01051823766588424,0
0.553492718384067,0.4433503434440235,2.662592018004061e-05,1.3442476362811847e-07,1.156517533490361e-05,9.167777497615281e-06,0.0031094448741332535,1
0.546912525761555,0.4503063417003974,2.6384475312984318e-05,1.332057947074652e-07,1.1460301880677915e-05,9.084643739076762e-06,0.0027340699113201144,1
0.5309100541335634,0.46601976082418545,1.9131347231867015e-05,1.378540047994036e-07,1.1860208588756302e-05,9.401651965350834e-06,0.003029653980460197,1
0.5259136174934573,0.4707967092854401,1.9086729086582726e-05,1.3753250156496775e-07,1.1832548199579235e-05,1.031739952892953e-05,0.0032482990117859004,1
0.4734960667659014,0.5236061724568855,2.674870101104894e-05,2.089225194696639e-07,1.736735757829611e-05,1.568114490516697e-05,0.0028377546511991767,1
0.4733376905976731,0.5234310353331056,2.6739754037528864e-05,2.0885263853418705e-07,1.7361548500378548e-05,1.5675899835951345e-05,0.0031712880142088103,1
0.49120812607073827,0.5054110523024519,3.0091933219921997e-05,2.167376805970576e-07,1.698234519791951e-05,1.6267729225550318e-05,0.0033172628814859277,1
0.5935583433421111,0.40260279364739776,2.4921596204343877e-05,1.5060717619619961e-07,1.3454945905905647e-05,1.3835964699881734e-05,0.0037864998965048123,1
0.6121132857504998,0.3844025884367774,2.5990125674644492e-05,1.4379877457501375e-07,1.4283836271903196e-05,1.3210491154247843e-05,0.003430497560847362,0
0.7409653443940486,0.2545276086768672,3.294573710531424e-05,1.84795259578843e-07,1.835610379468904e-05,1.6976752056671727e-05,0.004438583540868021,0
0.8886559705365585,0.10530222196382524,3.1186058218665006e-05,1.782956027218852e-07,1.7375678066607635e-05,1.5294066202881247e-05,0.005977773401525396,0
0.9225554705617972,0.07141699235443169,2.3311358333439704e-05,1.332747042022419e-07,1.0824812183576063e-05,1.1431739199060943e-05,0.005981835899350878,0
0.9437099688758567,0.050034280983789384,2.4717273942789637e-05,1.2274517742996444e-07,9.43723452750841e-06,8.96670043912136e-06,0.00621250618626721,0
0.9487288503505388,0.045058791070576705,2.564755622349097e-05,1.0210896815615862e-07,9.792423051942148e-06,9.304179505549914e-06,0.006167512311135344,0
0.9453502411759741,0.04572750378070251,2.602818886859347e-05,1.0362435645667699e-07,9.93775135752198e-06,9.44226184075744e-06,0.008876743216899938,0
0.8714285868063764,0.12283532148021112,5.465605757899774e-05,3.154855932463574e-08,2.7320651777398782e-05,2.3934291098936905e-05,0.005630149164397563,0
0.850990915564194,0.14431328422282164,4.658675841620218e-05,2.299125423247805e-07,2.485000850160273e-05,1.9639966409663215e-05,0.004604493567114934,0
0.8371919502472791,0.1576074204463037,4.486030648513793e-05,3.1269066980660223e-07,2.8616475164902252e-05,2.2616757292674297e-05,0.0051042230768047385,0
0.8354049319472204,0.16329459419596987,2.0201845646265258e-05,1.903854517498812e-07,8.185638088615034e-06,1.3771045913534162e-05,0.0012581249417098258,0
0.8900064088035516,0.10995557445853682,1.5168705971720781e-05,1.4955175247488043e-07,6.2640435638897796e-06,9.782205556785478e-06,6.652231066614082e-06,0
0.9099071812563467,0.09005908009484681,1.3576900022157166e-05,1.4398578898529146e-07,5.6066940291361405e-06,8.456923880657548e-06,5.954145085552182e-06,0
0.22461976761152447,0.7751590072184448,5.875917707040623e-05,4.5899599035596303e-07,5.690457661937558e-05,2.3661935535574887e-05,8.144048481525587e-05,1
0.17798475720519405,0.8218891429605986,3.098079651359875e-05,1.9769465749831096e-07,3.556067674644207e-05,1.1787429173279642e-05,4.7573237116486324e-05,1
0.1392378364828993,0.8606495921919636,2.608221770123663e-05,1.66348642778726e-07,3.68439383239688e-05,9.427702781476263e-06,4.005111768769734e-05,1
0.1458602502611679,0.8539712534922809,2.6574103365294795e-05,1.6948581897883529e-07,9.002692911231262e-05,1.053206411482359e-05,4.119366413987202e-05,1
0.17006562328253919,0.8295180514958488,3.5976944079124016e-05,1.9883295823566783e-07,0.00033693790593190034,1.2355732632354336e-05,3.085580601036873e-05,1
0.019029331012042013,0.9179230800412507,0.000440588491948502,1.528296655085832e-07,0.06253833037870164,5.6522572007217564e-05,1.1994674384580742e-05,1
0.015946776893963375,0.9447549619090729,3.485643051145278e-05,1.6398841765621768e-07,0.03923868550210264,1.1684818707055992e-05,1.2870457224932503e-05,1
0.016595034177711243,0.9095667338622945,3.64353412715891e-05,1.574223873218501e-07,0.07377773562787335,1.1541962328050297e-05,1.2361606134064802e-05,1
0.008268729461441901,0.573105329382411,0.0002920395631247024,9.500376472341325e-08,0.41825994236139874,7.013376862798628e-05,3.7304592309020895e-06,4
0.009635107509723283,0.7186646671829283,0.0005094665931576307,1.0926754908804319e-07,0.2709743726400589,0.00020846833793358133,7.808468648906842e-06,4
0.007217279531844161,0.7208380077200767,2.7495263209591543e-05,1.0051361438907132e-07,0.2719020212422936,7.774430553622301e-06,7.321298407989492e-06,1
0.006763865276183922,0.9811043830688941,2.5706765966130283e-05,7.954875868133696e-08,0.012093583900242913,6.56817826987818e-06,5.813261684450673e-06,1
0.06757505389458918,0.9284849652116289,2.2061009024813914e-05,8.693503252003289e-08,0.003904662885386548,7.015411808797153e-06,6.1546525292076745e-06,1
0.06989888227932183,0.92763133352305,2.106253809716803e-05,8.300039369786606e-08,0.0024344568775573686,6.852892580029288e-06,7.328888999939977e-06,1
0.009156290254806798,0.9882578461903884,2.5430052709249294e-05,1.0384371707274498e-07,0.0025457189769164906,8.911755685579249e-06,5.6989257764579e-06,1
0.02599197122847301,0.9672974682455113,3.9412003144548025e-05,1.3603718522280834e-07,0.006647764685478868,1.191996744139038e-05,1.1327832765505348e-05,1
0.012614553441505732,0.4243660422407114,0.003910378550682471,8.56776835338443e-08,0.5589107228826673,0.0001848783833109334,1.3338823438587097e-05,1
0.0022276246673098654,0.255575525534121,0.0005478791216216724,3.971749461206664e-08,0.7415959121755765,8.362449904316044e-08,5.29351593771707e-05,4
0.034766714777240165,0.9254459254838109,1.7904889510010886e-05,8.444931044887651e-08,0.03940738332464854,6.804515632058015e-06,0.00035518255984779096,1
0.12075322539711081,0.8778104548046212,2.533525063492897e-05,7.89449369033071e-08,2.802278402833545e-46,1.1804714892703247e-05,0.001399100887803661,1
0.04126738371476017,0.863141552984295,0.00014755077138182813,8.310871171883154e-08,1.4792339491906983e-37,1.1351120873041045e-05,0.09543207829997824,1
0.03635318200082216,0.9630302740327135,0.00012811203547428589,6.553919568247403e-08,0.0004205629299560449,7.431943761221855e-06,6.0371518077365264e-05,1
0.025063233424116965,0.9740342222017847,0.00012354126785591504,6.320089520781134e-08,0.0006813125662833659,7.3878228494548635e-06,9.023951621401049e-05,1
0.002906438227700979,0.09175765579187616,0.9047807989019356,9.832032897731332e-09,0.0004417294748994548,0.00011219819672918172,1.1695748258682505e-06,2
0.008078308649273553,0.31901216347139655,0.5088150928197576,3.2255699248136616e-08,0.16071976589902745,0.0033721035439345684,2.533360910979948e-06,2
0.013288532475647947,0.35273505650747383,0.5974639436645627,3.567160059599056e-08,0.03246743421070982,0.004042195824383132,2.8016456219652993e-06,2
0.0019428363882694128,0.12664952316204775,0.8338731355864268,3.574575577712085e-08,0.0045403278269116,0.032982448175112054,1.169311547675975e-05,2
0.0012279432423058967,0.04022948068952224,0.9140469712645399,2.0344835642570945e-08,0.0010145273569643824,0.0434661837413909,1.4873360441230168e-05,2
0.0012092967364342301,0.04051613925120224,0.9190859629527244,2.6680094302618606e-08,0.0006099893886393676,0.03856656058271805,1.2024408187432606e-05,2
0.0010412428343611327,0.025155967559163214,0.9650040653412739,2.4747762433793387e-08,0.0014189733798827331,0.007370065803457446,9.660334098861331e-06,2
0.001107420077806775,0.02675478056832534,0.9653878695660718,2.632063155257197e-08,0.0016034678959651245,0.005139492651985913,6.94291921346449e-06,2
0.020097959864339588,0.40962268825700576,0.2907556582525962,3.431180801520618e-07,0.012520485993405581,0.26699922862485753,3.6358897150719413e-06,2
0.01684506648906029,0.10627858953936024,0.8444762910709539,2.2094096493996032e-07,0.005711158523796444,0.026676514679575006,1.2158756289103921e-05,2
0.019975294646717254,0.15207055511775772,0.7611629267774576,5.478417530155357e-07,0.0029353457970354526,0.06384217451706176,1.3155302217416586e-05,2
0.9591718592653298,0.03660709623241211,7.2246657537868904e-06,1.1312285592481477e-07,1.0091133840350858e-05,6.200971569407076e-06,0.0041974146082386764,0
0.9601066602191981,0.03444967094204951,6.956038855387118e-06,1.2759404015866627e-07,9.829002203819382e-06,5.970407579802177e-06,0.005420785796073468,0
0.9716987638286069,0.024667153409777768,5.609263283243485e-06,9.46206855177538e-08,5.574941701521492e-06,3.843836640052892e-06,0.0036189600993049714,0
0.9842379769221354,0.012671451436484472,4.197517177156597e-06,5.997862990288422e-08,2.7612105047072724e-06,3.287804005292863e-06,0.003080265131063111,0
0.981959709455141,0.016895018418993202,5.445528593617368e-06,7.007009774935233e-08,3.185905892478598e-06,3.8138584274286238e-06,0.0011327567628545009,0
0.9668989030200437,0.03303649624086389,5.726402433519494e-06,7.368422943167341e-08,3.3069346116715234e-06,3.983430434882533e-06,5.15102873826567e-05,0
0.9312296851409263,0.06874419246865551,7.995049817379967e-06,1.395831358381099e-07,8.147659351126357e-06,6.862196578101904e-06,2.977901535884276e-06,0
0.8613077019107123,0.13865975482586615,1.0854129821179487e-05,1.8934635793326369e-07,1.1168511060230976e-05,7.84035689548147e-06,2.4909192867305655e-06,0
0.8375172797175826,0.1624467469801088,1.1355448721294187e-05,1.7917290475770473e-07,1.2905621642384183e-05,7.794851113708049e-06,3.7382079264628135e-06,0
0.7976167219528217,0.20234777078264005,1.1074116152124807e-05,1.7248978296298494e-07,1.3157780891768598e-05,7.504104365838641e-06,3.5987733456576287e-06,0
0.2533331013320821,0.7466199088715506,1.5118984180705421e-05,1.7467024700410412e-07,1.8027840934647457e-05,9.236877320673797e-06,4.431423684372067e-06,1
0.5266756158018316,0.4732701585756824,1.2379381099887797e-05,1.9354751410221204e-07,2.4122673760744937e-05,1.2597187510756511e-05,4.932832600583786e-06,1
0.5157360728754543,0.4841907305952276,1.2665031738131235e-05,1.9801356700805796e-07,4.239896375799253e-05,1.2887863968931993e-05,5.0466562860600796e-06,1
0.5509862934273974,0.44894759740965695,1.3193419247190015e-05,1.9104497871421024e-07,3.5421338691908644e-05,1.243430808716281e-05,4.869051940814987e-06,1
0.3106092897981015,0.6881323027484592,1.3762391536492503e-05,2.3616069652690196e-07,0.0012294478711522426,9.76627418067464e-06,5.194755873311371e-06,1
0.290071688731538,0.7076784464804032,1.2337054226450288e-05,1.655542125049816e-07,0.0022239852818296407,8.754804994312192e-06,4.622092796046754e-06,1
0.26725369594461507,0.7305627182465393,1.296853552490959e-05,1.640325030827418e-07,0.0021577462920024846,8.674334258786111e-06,4.032614556119919e-06,1
0.00858382437561236,0.10206372850795856,3.237100508403695e-06,1.3348762512603625e-08,0.8893391295491762,1.878006505777139e-06,8.189111476382557e-06,4
0.002868059111218793,0.04650920699578136,1.3175988691049528e-06,6.105752986262761e-09,0.9506191263246455,8.660380366540415e-07,1.4178256957604875e-06,4
0.003839232546011064,0.09162047976810264,8.673328941009727e-05,2.2863682532841034e-08,0.9044050126418398,4.583448106568982e-05,2.684409887991296e-06,4
0.04769178342564204,0.47525917312680044,0.0015315186415693232,1.826213623235082e-07,0.47397098665201426,0.0015227213329714422,2.3634199640327108e-05,4
0.4826522777515118,0.5003028572528609,0.0012662103996974189,2.4056688719359613e-07,0.013497126184152412,0.002272387265021556,8.900579868786454e-06,1
0.3432214116890331,0.6376836630954441,0.0010909439690375876,2.481834266040143e-07,0.01475994163846287,0.0032361298385263377,7.661586069319223e-06,1
0.8269428176556133,0.1719800302487705,0.000364247119817365,1.0194715634386242e-07,0.00039973946529269346,0.0003064665193533273,6.5970439964423854e-06,0
0.7288022756147239,0.27041021678405014,1.1175833091852042e-05,1.0007832696393958e-07,0.0007551633890521544,9.024391502416859e-06,1.2043909252600046e-05,0
0.4411013649907717,0.558860566893998,1.8971384301588502e-05,1.9481895700900417e-07,7.185132463529999e-07,1.3161275057441702e-05,5.022123667777749e-06,0
0.9342175872786758,0.065708310597504,2.1326012751897925e-05,2.2374037566267392e-07,2.8820580343319254e-05,1.4894550423453567e-05,8.83723992591898e-06,0
0.92201345824117,0.07791009240126556,2.7466820926987403e-05,2.404243052855607e-07,2.1207591155593876e-05,1.4708322284826133e-05,1.2826198891482747e-05,0
0.8969596663957218,0.10300609740097022,1.594965142809023e-05,1.0728482017673597e-07,6.573191895790668e-06,7.613555486467054e-06,3.992519677359956e-06,0
0.8974594305313961,0.10250616621557135,1.5872241174267047e-05,1.0676412258038415e-07,6.874967137453226e-06,7.576603753361066e-06,3.972676845040299e-06,0
0.7234703907834208,0.2764733463368366,2.0147244622049083e-05,1.8051003723185142e-07,1.6132409242657873e-05,1.519974837175711e-05,4.6029674688916334e-06,0
0.9458588394636189,0.054071824398726806,2.917408545573358e-05,2.1091692779051172e-07,1.752400120705783e-05,1.6949896296075357e-05,5.477237767627672e-06,0
0.9594911851017164,0.04044670786640043,2.5068959181343345e-05,1.813841865667687e-07,1.7569818031344375e-05,1.4576559521615698e-05,4.7103109623362435e-06,0
0.9657467339533501,0.03419221242510913,2.372158103201168e-05,1.716353538431412e-07,1.8533099114930988e-05,1.4170159559466981e-05,4.457146480265027e-06,0
0.9211238672110589,0.0788154067984637,2.36235205227509e-05,2.0250561774355862e-07,1.818575297013232e-05,1.4085948661397137e-05,4.628262705526985e-06,0
0.7205151612295199,0.2790724658812632,2.2279053868065612e-05,1.74734740184414e-07,1.5616263675929605e-05,1.404751833484455e-05,0.00036025531859800917,0
0.758002925142539,0.24078647263351838,2.3661227663028887e-05,1.6630979937649886e-07,1.5126986560811766e-05,1.5060981887819828e-05,0.0011565867180316214,0
0.7357400947958328,0.263005441469537,2.5381300454912607e-05,1.9624925062121296e-07,1.7394603093794312e-05,1.5928534546034593e-05,0.0011955630472847948,0
0.7200332948230002,0.27859185053940466,2.595277787629929e-05,1.9554644354377995e-07,1.7060095647554028e-05,1.6554309496777305e-05,0.001315091908130896,0
0.8620962724484906,0.132914745785546,3.2074112407446915e-05,2.334770298114774e-07,1.628213639324395e-05,2.0113456102303094e-05,0.004920278584030701,0
0.8976981237557734,0.09894318677647151,2.329888814192868e-05,1.5938656037404717e-07,8.888859115356133e-06,1.3709716622560249e-05,0.003312632617314821,0
0.8916737567333819,0.10292128890028661,2.3433233798653517e-05,1.603056124762816e-07,9.663988734935951e-06,1.378876935983893e-05,0.005357908068825685,0
0.809761731645983,0.18216254156430095,4.210529299317167e-05,2.844369851754286e-07,1.8485864973644803e-05,2.4465992958120563e-05,0.007990385201806047,0
0.8240362173867883,0.16826196372159152,4.5366922486442336e-05,3.064705109835883e-07,1.9354238381293263e-05,2.6361217965278212e-05,0.007610430042276231,0
0.16444266197314464,0.05863137513543526,2.4193426293470823e-05,1.4227267456613117e-07,1.047856648805592e-05,1.409945785468859e-05,0.7768770491681094,6
0.18679271837250397,0.0605306727937659,2.3438255270508695e-05,1.3783179050579208e-07,1.168141363429363e-05,1.365935888391114e-05,0.7526276919741509,6
0.14009236063595168,0.030902954980764723,1.3141610500178328e-05,8.377339300928413e-08,7.212475366615997e-06,7.54756567084251e-06,0.8289766989583529,6
0.16945286553389233,0.030141339037173916,1.589582434671333e-05,1.0133058959445593e-07,8.724063274525537e-06,8.394033603413442e-06,0.8003726801771196,6
0.1695217478660234,0.020311564629702572,1.7373596857460558e-05,1.0330641275711869e-07,8.40505910607115e-06,1.0992554784945601e-05,0.8101298129871127,6
0.12446317354509008,0.020374231833522053,1.4152301773135178e-05,8.437986902484433e-08,5.636718958265411e-06,8.978632673877446e-06,0.8551337425881135,6
0.135833366645657,0.021425948319881094,1.5195610910639578e-05,9.208829696610562e-08,6.756788466419379e-06,9.022932740873424e-06,0.8427096176140471,6
0.33267107429256076,0.03762139670362864,3.506469900544975e-05,2.2979603238241016e-07,1.6960238638650992e-05,2.0680676962871717e-05,0.6296345935931713,6
0.2597616955467233,0.029514980299037732,2.3455735547118847e-05,2.0760518348246217e-07,1.3396144799355203e-05,1.56434402636467e-05,0.7106706212284454,6
0.13374537223760974,0.018436571572991594,1.7061803295962736e-05,1.1652116727231954e-07,9.281537841654539e-06,9.76277734821585e-06,0.8477818335497456,6
0.9152855512268373,0.06408321141446885,8.140482817285655e-05,4.246866293618248e-07,3.287254323998528e-05,3.6239281781292774e-05,0.020480296018870428,0
0.9379701629044181,0.05082579715355327,7.24107668701797e-05,3.716610596183878e-07,3.6928231334714015e-05,3.3952391325958274e-05,0.011060376891437722,0
0.9529746131970394,0.02423799545185087,6.837862284091875e-05,3.4960312293770544e-07,3.3436077627785984e-05,3.598125558848225e-05,0.022649245791929642,0
0.945919220513816,0.027795455965876122,6.34987798249279e-05,3.480325049002712e-07,2.8159288151225156e-05,3.729093410422493e-05,0.026156026485722482,0
0.9448476639732919,0.0335052268449708,6.39921579920304e-05,2.9736646099776526e-07,2.6282861552626215e-05,3.480600976011563e-05,0.021521730785971437,0
0.9432155608108307,0.03273541825754282,6.252188850308624e-05,2.9053423579456514e-07,2.9836426780834055e-05,3.0118445351704017e-05,0.023926253636755355,0
0.9399530065840718,0.030741711628251175,6.677905711211376e-05,3.660114821999041e-07,3.619145990964874e-05,3.888891571924233e-05,0.02916305634345387,0
0.5703806063845773,0.01426415435603584,4.117628870945995e-05,1.9134293380259616e-07,2.2323378517472208e-05,2.2658760603248667e-05,0.4152688894886228,0
0.9604358722756695,0.02952098578202597,6.35250353204184e-05,2.9519577915068053e-07,3.049593116811944e-05,2.320656287655571e-05,0.009925619217160009,0
0.9688218033010818,0.02125940674936591,5.8776575501354316e-05,2.7313006460232865e-07,2.684689133186593e-05,1.9552411813082484e-05,0.009813340940841127,0
0.9689965232255241,0.010018524121335488,4.729509260394875e-05,2.6278574580874193e-07,2.7424324258824226e-05,2.0472005408805263e-05,0.020889498445122976,0
0.09588227062089862,0.0007957071480753765,5.12177023716079e-06,3.5337354927770885e-08,4.431203351431515e-06,2.569300100637688e-06,0.9033098646199818,6
0.06529557794716351,0.0008261951109456931,4.912139404439544e-06,3.273219992796847e-08,5.125085280794218e-06,2.5412210734081314e-06,0.9338656157639323,6
0.8107002487232837,0.007931099444786881,4.029264392781846e-05,2.684913370902746e-07,4.022706507998536e-05,2.0778568704905224e-05,0.1812670850628796,6
0.04129741584023352,0.002130736157387764,1.4571884987674728e-06,1.547350099675249e-08,8.081676316078141e-07,9.462212560551958e-07,0.9565686209514912,6
0.27173105079855914,0.7255955528956832,2.182966579129762e-05,1.7430404980895518e-07,9.693244825109821e-06,8.764298243572677e-06,0.0026329347928480246,1
0.2299369603154612,0.7684410252057683,1.0440320701008132e-05,1.3841023438217103e-07,5.759594040938386e-06,6.149613030942579e-06,0.0015995265407631708,1
0.5495834880468107,0.448707217190764,2.7698251884753636e-05,2.999661895258799e-07,2.1829040366098404e-05,1.2014119605786093e-05,0.001647453384379017,1
0.7599544685538607,0.2359340526342917,3.5320212511132146e-05,3.2309929768066225e-07,2.6971184631202013e-05,1.7377109533092723e-05,0.004031487205874468,1
0.793944416293723,0.2017497586316775,2.5814755148900395e-05,2.7783850367821057e-07,2.340475653721717e-05,1.391914864385379e-05,0.004242408575765871,1
0.6873944002893249,0.30708380845256616,2.9685149263734373e-05,4.107336498220834e-07,2.5594495012777892e-05,1.6136283135175098e-05,0.005449964597047445,1
0.5948485323082359,0.4038085017143425,2.5873185219494298e-05,3.022950488031801e-07,2.1908377905270256e-05,1.8084561628853685e-05,0.001276797557619432,1
0.7986451285135785,0.19869691618353777,2.319169853013736e-05,1.6357212679939855e-07,1.3383057248583392e-05,1.1996984996693405e-05,0.0026092199899814678,0
0.5489716262750008,0.4473023144470514,2.31212376510444e-05,1.4641014783286767e-07,1.217081527141847e-05,9.546541294611012e-06,0.00368107427358282,1
0.6212759198133067,0.37567654072706863,2.1930068482606425e-05,1.681784792039698e-07,1.4704816471728087e-05,1.1358959792250355e-05,0.002999377436399008,1
0.6396026616707376,0.3575731605059525,2.3669674934584784e-05,1.815192659753006e-07,1.587127856598305e-05,1.2287960200134186e-05,0.002772167390343241,1
0.7652458503693504,0.22516780890984578,2.326474029539906e-05,1.9468102316945238e-07,1.6183487312306577e-05,1.3178946331532349e-05,0.00953351886584129,1
0.7907310944504663,0.19895735604129405,2.5807003499583075e-05,1.9441283826040872e-07,1.61611935776518e-05,1.2897588340117415e-05,0.010256489309983947,0
0.7810135781517756,0.20843472261943694,2.703632438178362e-05,2.0367372598204048e-07,1.6931034708049353e-05,1.351196709496932e-05,0.01049401622887685,0
0.6098453081135938,0.38782279670567776,2.0205134079151987e-05,1.4790013806494116e-07,1.2724523239702405e-05,1.0086798898133496e-05,0.0022887308243734325,1
0.5541249439466643,0.44339901973360624,1.8411434548603868e-05,1.3477038563786788e-07,1.1594910772292304e-05,9.191348940838547e-06,0.002436703855082114,1
0.9268086318605553,0.06724239735312561,2.427460088561695e-05,1.141099808879799e-07,9.268218742466047e-06,8.806111666050152e-06,0.005906507745044091,0
0.942103900742304,0.051554879640462355,2.5468459985938778e-05,1.0139594380959904e-07,9.724042809012185e-06,9.239208654977103e-06,0.006296686509839863,0
0.9162485286714431,0.08061976065974998,1.882575861907515e-05,1.7313617799860224e-07,7.776885864168521e-06,1.1436025210919188e-05,0.0030934988629347745,0
0.8795913936571689,0.12034691170475485,1.6265132909317884e-05,1.5753456554949282e-07,6.123175583729077e-06,9.48632707709851e-06,2.966246794062132e-05,0
0.8669799259959968,0.1329828207036112,1.529976251894556e-05,1.3949251744457658e-07,5.997492210545628e-06,9.124229283140825e-06,6.692323861907261e-06,0
0.8726935659252321,0.12726615139935732,1.5625153183800863e-05,1.5167644166474095e-07,6.521341030130861e-06,9.921181837942641e-06,8.063322917082245e-06,0
0.9301418078700122,0.06983481310975297,9.46039626258639e-06,9.327221734103533e-08,3.831312757728366e-06,5.845185295173697e-06,4.148853701679185e-06,0
0.916863058566057,0.0831181371691852,7.199879871706201e-06,8.194251985084601e-08,3.992486020623158e-06,3.7106436693793064e-06,3.819312676240642e-06,0
0.9214166695072192,0.07856438362647346,6.9454395115024255e-06,4.707836283813496e-08,4.812627119930867e-06,3.4573813462921023e-06,3.684339966919142e-06,0
0.9122153610252772,0.08776403881195008,6.668178612395335e-06,7.53026469161102e-08,6.882802122079498e-06,3.4366177207497933e-06,3.537261670412148e-06,0
0.1753958778003342,0.8240814821658018,3.317072667271523e-05,2.1155813609088328e-07,0.0004246918831706972,1.314649135099615e-05,5.141937453347327e-05,1
0.1683006340345297,0.8312104328076423,3.605034417898339e-05,1.992386168974412e-07,0.00040460477426908237,1.2380940776966505e-05,3.569785998620869e-05,1
0.03968374116325148,0.9385853076032254,6.247855090608064e-05,3.0090952784203e-07,0.021623009488583794,1.892317627638858e-05,2.623910822876524e-05,1
0.13518427537233602,0.8494100488998072,0.0004773326866706957,2.6290246195661724e-07,0.014729557003092503,0.00017325368561013155,2.5269450021298544e-05,1
0.0417640364943064,0.48491558057726236,0.0003305662652525769,8.284980731778572e-08,0.4729094891257406,7.228556801051963e-05,7.95911962015627e-06,1
0.013713840854444301,0.814666963021807,3.702977761690562e-05,1.5999070657795576e-07,0.17155387061392507,1.2757881842358906e-05,1.5377859658123047e-05,1
0.01941333299857151,0.760970169714108,5.3233534172958196e-05,2.3000059125618492e-07,0.21952683953810262,2.0551316288395763e-05,1.5642898165466992e-05,1
0.009610978347049699,0.8693000251142,0.00034417766523260314,1.2677744046919525e-07,0.12064267543284227,9.295690416134281e-05,9.059759073526162e-06,1
0.009455382792177155,0.9446350910012783,3.7331609334275926e-05,1.3647205180563202e-07,0.0458408493661513,1.1329789633874124e-05,1.9878969373301026e-05,1
0.009623002182376977,0.943647880333995,4.387996227801547e-05,1.4731488881729397e-07,0.046652563537692204,1.1057047005255824e-05,2.1469621763565016e-05,1
0.007309085794391057,0.9905951846566019,1.6677918269660712e-05,6.785080616188176e-08,0.002072810397455758,1.4239065230606288e-09,6.17195856896951e-06,1
0.031950657743894294,0.9640448117084779,3.09908837900714e-05,7.961793917006087e-08,0.003946699982110288,1.240389931773607e-05,1.4356164470683542e-05,1
0.02778728332879067,0.9674669458261367,4.081604967534831e-05,1.9211000287426717e-08,0.004682945872956114,1.328768500156898e-05,8.702026439582019e-06,1
0.002219533220132687,0.06909802670767574,0.00192274413991697,1.1398984433542392e-08,0.9267397601737013,1.8903988713067495e-05,1.0203708758068462e-06,4
0.03945429026231383,0.9587300544245022,0.00016943272982417726,9.231257542156055e-08,0.0009855684621830176,1.2608199309560706e-05,0.0006479536092917868,1
0.003955646364271372,0.12346898339074334,0.8721344817221363,1.0859523048037465e-08,0.00037535584674543377,5.3007897262726835e-05,1.2513919317920463e-05,2
0.001001771777506673,0.029041849321345684,0.969735368342465,4.002288192938603e-09,0.00017757487414084972,4.273476804927713e-05,6.969142041293586e-07,2
0.0010760071096846732,0.025829266316883367,0.9700969470227697,4.008428941010601e-09,0.00294275073276758,5.394290805599073e-05,1.0819014098320867e-06,2
0.0010546161575809882,0.045036604030096475,0.9458884803288823,6.9892046016449335e-09,0.007770324827696357,0.00024929515759172663,6.72508947440545e-07,2
0.012743019337215339,0.3462991232769677,0.5194742016836269,9.993514893541732e-08,0.11789633974893705,0.003584406009471631,2.8100086324641967e-06,2
0.0013912309644645575,0.10597125376378924,0.6153169125127024,3.815208588561279e-08,0.2762658251996297,0.0010498704876262582,4.868919701860131e-06,2
0.0008303262065362951,0.037554105426256576,0.9412919710713122,1.704306457115387e-08,0.0020862630082753237,0.018227544036768562,9.77320778643569e-06,2
0.0012401622693372612,0.05102746803097137,0.8797442317195788,2.173724807625609e-08,0.0008448815091192688,0.06713057357908349,1.2661154661988713e-05,2
0.0009215426610692144,0.0348352624103673,0.9295734125329919,2.0189128108371216e-08,0.00038507860701921925,0.034276704392151344,7.979207273089411e-06,2
0.004689670185380748,0.08180727896245378,0.8732681391047403,6.048138967256745e-08,0.004179476252438481,0.03602420591454952,3.1169099047682293e-05,2
0.004471652581289217,0.09907100267267396,0.8514371457807035,7.200935903485554e-08,0.003713260335293994,0.04126977602353171,3.709059714846128e-05,2
0.0022748365805604514,0.05312129596840119,0.9228968975575529,4.150726164757654e-08,0.0018663002493705012,0.019819237359351375,2.1390777501896348e-05,2
0.002141599059947868,0.056494128734829376,0.9188070101941616,4.5950275448893636e-08,0.0020525605816994028,0.020480974993328897,2.3680485757496835e-05,2
0.001359847134950865,0.02453622735997456,0.9666484732151793,2.4046112693566993e-08,0.001218128749958771,0.006227913049977483,9.386443845990998e-06,2
0.0021300742908260876,0.032372040298423777,0.9569729484966999,3.263253467677622e-08,0.0028645344647275266,0.005653434940753053,6.934876035166561e-06,2
0.0020256977588480117,0.02647828109975691,0.9654743680338072,2.669134902230173e-08,0.002244345669685201,0.003771608456658738,5.672289894562151e-06,2
0.0013368515244813186,0.02504588856287968,0.969374891366441,4.4854957491326196e-08,0.0014347936920347808,0.0028021645625272134,5.36543667847293e-06,2
0.004931099653298254,0.053334374210347674,0.9228782927004004,1.120530789727386e-07,0.00946820542227557,0.0093792944135809,8.62154701796548e-06,2
0.022442949375099937,0.3108999999364303,0.21864326020265876,3.385615862089871e-07,0.015758018020852232,0.43225184441635717,3.5894870153282025e-06,5
0.039291251882142594,0.37757621292877747,0.2082945529380824,4.1117015628847584e-07,0.01587255987108085,0.358960651914444,4.359295316441822e-06,5
0.960388544365522,0.03504985221731521,6.9083917053258295e-06,1.2061150334937787e-07,9.200427450468083e-06,5.247158952299524e-06,0.00454012682755148,0
0.9832424589613861,0.01306308260219508,5.7223705249813206e-06,7.261761269643911e-08,3.3402202513376465e-06,3.980625737279093e-06,0.003681342602292858,0
0.9829985175403779,0.014716704440518208,5.0447768619833665e-06,6.4913442609991e-08,2.951446136867318e-06,3.5331858824730473e-06,0.0022731836967796117,0
0.9759992720218442,0.02279267907622274,5.097874209711647e-06,7.577356521267528e-08,2.9825107341959937e-06,3.5462102979876057e-06,0.001196346533125754,0
0.9678139099342437,0.031740660398479864,5.4941860527375155e-06,8.166424827913212e-08,3.172832198171911e-06,3.821894844357037e-06,0.00043285908993292413,0
0.9659232214315493,0.033807498891303696,5.533503356013752e-06,7.120210910410244e-08,3.1955375096744175e-06,3.8754728847211155e-06,0.0002566039612872709,0
0.8471050987319904,0.15285662155787616,1.1570260109112337e-05,1.8256232434605065e-07,1.4775657411925059e-05,7.94230656233612e-06,3.8089237257539907e-06,0
0.7195820877505557,0.280369068443376,1.641855467156375e-05,2.5918138891542316e-07,1.8108226489853443e-05,1.1197196230329726e-05,2.8606472877591498e-06,0
0.5994756357382302,0.40047978487115554,1.505807873533628e-05,3.433083288331332e-07,1.6352922739056864e-05,1.0215289871866907e-05,2.609790939134864e-06,0
0.6108203815745211,0.3891363538111476,1.4629581572142466e-05,1.7919700278024842e-07,1.532511037910489e-05,9.47626032082444e-06,3.6544650564269044e-06,0
0.6598041270343349,0.3401470056852836,1.622624599856589e-05,1.9875446436928966e-07,1.787847444959542e-05,1.0510494121372736e-05,4.053311347719008e-06,0
0.6156542883913179,0.3842938516434095,1.7292743013759585e-05,2.118179322240851e-07,1.8834368511936914e-05,1.120131383467214e-05,4.3197219798747814e-06,0
0.6227115235543976,0.3772401380726286,1.4338427722049192e-05,1.9824568458884167e-07,1.826553850565153e-05,1.0483588930043114e-05,5.052572131453236e-06,0
0.5948245734399628,0.4051322517794274,1.1366246311181372e-05,2.2074908428027627e-07,1.89768747963381e-05,9.200284326240396e-06,3.410626091697937e-06,1
0.5682556815906733,0.43167837735877196,1.3239489295658447e-05,1.917120879194975e-07,3.618409076280717e-05,1.1439704244447175e-05,4.8860541640223226e-06,1
0.3395272328758132,0.6603762297820391,1.3175818181260991e-05,1.7957897192944655e-07,6.867183669552216e-05,9.496459537531006e-06,5.013648761438802e-06,1
0.2851833614304447,0.7117021269129683,1.2902425246923928e-05,1.7829349174068865e-07,0.003087928145304873,9.427899119620526e-06,4.0748934238931515e-06,1
0.31506776312866475,0.6813803673614756,1.364388345131928e-05,1.8853940828052253e-07,0.0035250264661736154,8.701557228998605e-06,4.3090635975899575e-06,1
0.005597388189109497,0.08747105867505933,2.3407937063210983e-06,1.0827548850753952e-08,0.9069230671776563,1.5233027903625202e-06,4.6110341294497965e-06,4
0.0035551605216946167,0.0875123850354904,0.00012098567671945122,2.202385081732046e-08,0.9087414172601098,6.744367633493856e-05,2.5858058001260065e-06,4
0.15546240085907315,0.7868675461249628,0.004256047081911556,3.3393181030373593e-07,0.04901709172357329,0.004348786058665076,4.779422000367197e-05,1
0.663532521504888,0.2925449129052952,0.0023301436107141774,2.701320850147803e-07,0.03789441405613176,0.003687090397309964,1.0647393575885363e-05,0
0.456603305590506,0.5256441498181421,0.0010367874850078641,1.9482657661917113e-07,0.014251721722887,0.002456926946855182,6.913610025121751e-06,1
0.40411739451943557,0.5880720068879514,0.0005753961443762304,2.1420500904429991e-07,0.005574508529539854,0.0016504263457156562,1.0053367972331208e-05,1
0.5190783140626948,0.4797366951971528,1.3841092122933886e-05,1.886716277928312e-07,0.0011527215930849752,1.0847116894040025e-05,7.392266422707189e-06,0
0.37920964403051227,0.6207238403796232,1.9076008925561677e-05,1.75687366980459e-07,2.8980215856902343e-05,1.3233857713087819e-05,5.049820002000656e-06,0
0.44539505349577474,0.5545427341305416,1.856188554247651e-05,1.9061377514781545e-07,2.5277859374202353e-05,1.3268294241824552e-05,4.913720750132474e-06,0
0.725661772511745,0.27428029557981193,2.6377835633903956e-05,2.0897769518581535e-07,1.1164141228646848e-05,1.2951894344574508e-05,7.229059540744697e-06,1
0.7989708567754495,0.20097200688653952,2.549531859970209e-05,1.9780793228794563e-07,1.126693268590419e-05,1.3333609201520172e-05,6.842669591458941e-06,1
0.8912435202048569,0.10873177345574786,1.0368807861292007e-05,8.201145951877252e-08,5.128091693034131e-06,7.045687596635583e-06,2.08174078487537e-06,0
0.7599586015417541,0.2399875726311265,2.127814397082806e-05,1.6777772833914178e-07,1.3663039953538155e-05,1.4829129385779209e-05,3.887736081038079e-06,0
0.7597187199344089,0.24022682929461187,2.124195589485624e-05,1.6790374283713498e-07,1.3919134443992914e-05,1.4840267248436683e-05,4.28150964919366e-06,0
0.9715582044183954,0.02838171057025449,2.3869942866538498e-05,1.7270881247692555e-07,1.729855291022529e-05,1.425878395869835e-05,4.4850228021541335e-06,0
0.9241535715718068,0.07578230776652702,2.5613812792883898e-05,2.0317168685216963e-07,1.8245568437995417e-05,1.5414623044164446e-05,4.643485704518508e-06,0
0.7439659705067705,0.25594326716252214,1.787822640897973e-05,1.6664495922831024e-07,1.2836315681528529e-05,1.264334252726673e-05,4.723780113029962e-05,0
0.7180275709097711,0.2818536335437269,2.2501081447792928e-05,1.8982873069628668e-07,1.57718915247998e-05,1.5499172295213922e-05,6.483357250387611e-05,0
0.7603348520926863,0.2388179928963567,2.4251498257290474e-05,1.8349234520088249e-07,1.6998827399265928e-05,1.5591497786116807e-05,0.0007901296951691038,0
0.8562819835585201,0.14281793246061544,2.1892098726230367e-05,1.5387496367226995e-07,9.845440020767849e-06,1.4063413278812725e-05,0.0008541291538753007,0
0.8802872880654403,0.11701454306899722,2.156000353914326e-05,1.6244819860770705e-07,9.593862271662834e-06,1.3543245179786759e-05,0.002653309306373136,0
0.7948102491848598,0.20145907161120286,3.0070185441482e-05,2.2585830023220234e-07,1.1618524988320416e-05,1.6548252126691613e-05,0.0036722163830805988,0
0.902377760592052,0.09265294664142844,1.9991902841431623e-05,1.7590259842322714e-07,9.053464508122658e-06,1.2894839357928325e-05,0.004927176657213764,0
0.9089186598862158,0.08747362110154362,2.5088840164791644e-05,1.7195389055435686e-07,1.0170572243967934e-05,1.6462422410957916e-05,0.0035558252235303677,0
0.8067342030079988,0.18991296925658357,3.756767186809907e-05,2.1956965284012982e-07,2.138204831417842e-05,1.9168781594723133e-05,0.00327448966398782,0
0.9155524967293744,0.08081678296092434,1.953147754589401e-05,1.453381817293041e-07,7.4814445135458205e-06,1.2501338138365192e-05,0.003591060711321679,0
0.9209577537843032,0.07576978059275527,1.973804577118508e-05,1.468753030349661e-07,7.560569541959335e-06,1.2633554414729218e-05,0.0032323865779107365,0
0.8217791811713305,0.1687693217170098,4.598568547527807e-05,3.0563108787612656e-07,1.844874297080821e-05,2.6289014556767977e-05,0.009360468037569092,0
0.7483214117419285,0.14217486999062479,4.801168330638871e-05,3.1909631982292235e-07,2.740983320496368e-05,2.5380874488335746e-05,0.10940259678012718,0
0.5558422971109723,0.2036072710790912,7.948773051313942e-05,4.674382155762785e-07,3.442742913149865e-05,4.5875775910674826e-05,0.24039017343616537,6
0.47418750403934795,0.0708566144405628,3.601496511622476e-05,2.182170490968307e-07,2.0429973163083674e-05,1.8416817030240018e-05,0.45488080154773075,0
0.5582251189342313,0.06093106763052567,4.8115250480207616e-05,2.8610160387634436e-07,2.3277363202767152e-05,2.7991165949801495e-05,0.3807441435540063,6
0.12845299558094356,0.009916823819157785,1.42855008226358e-05,1.0744609463338722e-07,9.591047091266096e-06,9.6781092979584e-06,0.861596518496592,6
0.961257370662413,0.029879957989129517,6.368960723417248e-05,3.016630713655508e-07,3.2922186669312136e-05,2.719600575244907e-05,0.008738561885730137,0
0.9512467192802742,0.026003040263362445,6.825464156711836e-05,3.489692371016708e-07,3.33754527230577e-05,4.008227097430274e-05,0.022608179121861794,0
0.9437437829636484,0.02996612439277544,6.42068187925599e-05,3.5191321845337217e-07,2.8473276441501228e-05,3.7706744212040946e-05,0.026159353890911716,0
0.9555329376987374,0.026716809127362098,6.387333131943648e-05,2.968142829151665e-07,2.9755537289450922e-05,3.5148639390771316e-05,0.01762117885161808,0
0.8302479356865989,0.00881377273313441,4.4776920131839624e-05,2.98372456732277e-07,4.470404283848004e-05,2.3164662822578508e-05,0.1608253475820168,6
0.03995703334252312,0.0016989037334046552,3.438325145724892e-06,2.4932393414419767e-08,1.728731799265082e-06,1.9243238935941725e-06,0.9583369466108401,6
0.04259340810818521,0.0019357144395757595,1.589125428791456e-06,5.166835200951575e-47,9.131444388413058e-07,9.972143232717472e-07,0.955467377968048,6
0.6226535243223205,0.37208175848276615,2.162697671079444e-05,1.7668799569766245e-07,8.032634530066047e-06,8.706492207609034e-06,0.00522617440346923,1
0.3262815492198115,0.6702761208004683,2.25961564715513e-05,1.8419176115596597e-07,1.07738915762553e-05,9.076248371475631e-06,0.003399699491539798,1
0.2347930211234165,0.7628905978800106,1.2834603455440028e-05,1.5060985606326614e-07,6.307445729933072e-06,7.572914676433411e-06,0.0022895154228551227,1
0.20101144593984038,0.7974481425837271,1.0116391081907836e-05,1.1871252664842161e-07,5.3862345973903384e-06,6.165714316841604e-06,0.0015186244239098724,1
0.47787491699245266,0.5200082517870347,2.7517348466757614e-05,3.1124903073477743e-07,2.094045949909624e-05,1.1932830390756789e-05,0.0020561293331252777,1
0.6124923820126352,0.3861037075214058,2.7015454040496208e-05,3.156409977484593e-07,2.2875605433988358e-05,2.053718996601877e-05,0.0013331665755206834,1
0.7368205154279692,0.2612885260258372,2.2821437298256085e-05,2.2785813374555092e-07,1.787818902892235e-05,1.492322398338172e-05,0.0018351078377492008,0
0.8139719344909321,0.1836923697983373,2.322573777907722e-05,1.6372637806051133e-07,1.3402700019321763e-05,1.2014593381792906e-05,0.00228688895317247,0
0.7830550647410773,0.20787445621709583,2.4273961269124297e-05,2.0312625699859405e-07,1.6885524584857865e-05,1.3475647324934294e-05,0.009015640782390826,1
0.8016586869036562,0.1898261972495412,3.419405592921463e-05,1.945956745170442e-07,1.6741953152541694e-05,1.3035671109771357e-05,0.00845094957093681,0
0.555372389243788,0.44247473803163767,2.249923709857716e-05,1.488863947211885e-07,1.2376661272466028e-05,1.1174999880134271e-05,0.0021066729399285295,1
0.5524352543761372,0.4452339358322894,2.3859321161045935e-05,1.5788661155927543e-07,1.3124833295788549e-05,1.1852254244312966e-05,0.0022818154962608965,1
0.7283708174953418,0.2695970501434992,2.4653241915650356e-05,1.7764290659572441e-07,1.5283429230830437e-05,1.631112975209448e-05,0.001975706917353961,1
0.760979864978785,0.23602708714987305,2.5975727930435667e-05,1.7251057647318402e-07,1.5411752170557337e-05,1.5848184042238563e-05,0.002935639696622309,0
0.8031403080496057,0.19326095732496043,2.733835131459124e-05,1.5629765682090564e-07,1.5231883041565475e-05,1.3407098516629471e-05,0.0035426009949041173,0
0.9196674180388011,0.0747216818317436,2.4444998168142866e-05,1.3975590154307693e-07,1.4278062296117435e-05,1.1988158865461513e-05,0.005560049154224143,0
0.9155002099719004,0.07916553577733634,2.3498300439844523e-05,1.3434348164445154e-07,1.348681254921958e-05,1.1523414397699084e-05,0.005285611379894684,0
0.9536625476851628,0.041862709052342455,2.4716327039231628e-05,9.840152522112642e-08,9.436872992859706e-06,9.75184262604873e-06,0.0044307398183114815,0
0.9740057929004297,0.022160531543904745,1.7903409634507763e-05,1.380535235427161e-08,1.1955259841003909e-05,9.448725205907621e-06,0.003794354355631586,0
0.8327875620196508,0.16012265486240068,3.406825936141894e-05,2.2854614960533381e-07,2.47023224712912e-05,1.9655987708173704e-05,0.007011128002257797,0
0.8954827999405288,0.09778884458761293,1.8969001651909435e-05,1.7445355127060029e-07,8.408053185067966e-06,1.2618136736771194e-05,0.006688185826733247,0
0.9116917634150394,0.0846344575487463,1.7476568384738723e-05,1.6072798530408e-07,7.21953788824931e-06,1.0616436803014946e-05,0.003638305765152852,0
0.8866861689788447,0.1106004679163774,1.8451190301020293e-05,1.6969135921070634e-07,8.156593915451368e-06,1.217503026114727e-05,0.0026744105989410815,0
0.8420268715119252,0.15619132442352238,1.8565419571981348e-05,1.6605923068633683e-07,6.866988694646814e-06,1.2093139844790774e-05,0.001744112457210154,0
0.8877284262956673,0.11091528555352866,1.5773320973558624e-05,1.4865032095233367e-07,6.391232722292453e-06,9.696076853082446e-06,0.0013242788699342498,0
0.892101621677749,0.10776151319991376,1.4758912203285386e-05,1.3909036908609335e-07,5.980201808940788e-06,9.926579251068931e-06,0.0001060603387047786,0
0.8777984756279616,0.12216406732167019,1.4097249749000202e-05,1.2824044355621115e-07,5.513708372285139e-06,8.320462030077666e-06,9.39738977298247e-06,0
0.9058280126868319,0.09413886890058477,1.2630547623422479e-05,1.226072152549457e-07,5.271507260168222e-06,7.95496842378884e-06,7.138782060760231e-06,0
0.9666286265133044,0.03335855310738428,5.4180633284782405e-06,4.302093479119294e-08,2.3542493873731307e-06,2.7179951099898817e-06,2.287050550558677e-06,0
0.9727112205487614,0.027279041914325505,3.916221214753288e-06,3.4855099809416636e-08,1.9614662676714175e-06,2.1023873035871943e-06,1.7226070276262422e-06,0
0.9212123116201838,0.07876655985089245,6.963312785275469e-06,7.925012726634134e-08,6.7741932413066105e-06,3.6179515867057566e-06,3.693821183592709e-06,0
0.8680945252864698,0.13185870418753728,1.0519928408230592e-05,1.1158046748989224e-07,2.576392547788965e-05,5.133717969268425e-06,5.241373669883906e-06,0
0.7281173900534317,0.2715246813880818,2.4291592266641883e-05,2.0145834711492569e-07,0.00030527508384578517,9.194037049712243e-06,1.89663869772179e-05,1
0.14372857712057557,0.854757626422595,4.3736236016553295e-05,3.174048370180867e-07,0.001340114849544956,1.4807452965430676e-05,0.00011482051346561959,1
0.2385229483298022,0.7603740095686641,2.96393706279555e-05,1.899260938005407e-07,0.0009881827797185577,1.0763939716538952e-05,7.426608537690156e-05,1
0.24196543937524942,0.7575270796383919,3.6817407435899286e-05,2.3592222877931178e-07,0.00036693921062598464,1.4660507024048286e-05,8.882793904388179e-05,1
0.024906359120172823,0.9736936249780844,3.338540783297941e-05,1.6079097805800315e-07,0.001341168911822698,9.112725693170426e-06,1.6188065416019235e-05,1
0.026158456366584367,0.9722808979506911,3.7215857716808706e-05,1.7923921107957687e-07,0.0014950469272774609,1.0158267483386074e-05,1.8045391035715826e-05,1
0.041357299908076114,0.9468429311259596,6.120210404685169e-05,2.947618977168787e-07,0.01169027927210413,1.8316878804762483e-05,2.967594911120886e-05,1
0.02840704627666836,0.9494274768361939,0.000520466078290008,2.0657113288084325e-07,0.021501455350432956,0.00012255178129660045,2.079710598520021e-05,1
0.04079555272914974,0.9360536926378787,0.000756111331297426,3.0009789457041446e-07,0.022203063329287103,0.00016629691158938804,2.4982962902832392e-05,1
0.12837606395542212,0.8543565728721321,0.0007461812889012748,2.6618315443215316e-07,0.016131917030112793,0.00036683908837802554,2.2159581899289312e-05,1
0.08261372350176885,0.8877695083074386,0.0010070911140729847,1.587985515664339e-07,0.02838380690915656,0.00021045609312911163,1.5255275882258751e-05,1
0.01116687781080435,0.5880851517453358,0.0006064579512512698,1.1549278812871421e-07,0.3998449830813106,0.00028531307443368484,1.1100844076235965e-05,1
0.009303934075136768,0.9078562626169833,0.0005712982873396825,1.2652436852150796e-07,0.08215149500698986,9.880193434925566e-05,1.8081554832507393e-05,1
0.00892765157028658,0.9176104620132904,3.4320996042567764e-05,1.2546624250783982e-07,0.07339967917461894,9.484952643007286e-06,1.827582687588476e-05,1
0.009424626404203797,0.9491293017270667,3.722775334484568e-05,1.3424219485308196e-07,0.04137363028781671,1.1144668872137462e-05,2.3934916501068483e-05,1
0.009539464773404777,0.9118421416060473,4.1577393460476404e-05,1.395846481393096e-07,0.07854129930193902,1.047683657829469e-05,2.4900503922047098e-05,1
0.010391496574428255,0.9239649872355494,4.4688484857833865e-05,1.5002928071210866e-07,0.06556065317233328,1.1260781733039347e-05,2.67637218174976e-05,1
0.044281094694877704,0.9283561226277609,2.6236568091487254e-05,1.2213988870212527e-07,0.02730548417395233,9.162678027517255e-06,2.1777117401384995e-05,1
0.05961399496729129,0.9337707898825397,1.9752054612581584e-05,7.783621810547399e-08,0.0065810190740945365,7.057698489147219e-06,7.308486754785251e-06,1
0.14751192318710915,0.8490067078058022,2.2215986916711477e-05,1.0437711170330048e-07,0.003439261165699461,1.0292947499224429e-05,9.494529861391775e-06,1
0.011242928101855077,0.9860939564092118,1.7595338774368252e-05,7.809445158404415e-08,0.002627880427847221,1.0457866408069724e-05,7.1037614518535954e-06,1
0.03592896459166252,0.9599340532165218,3.231313677994406e-05,8.477438690324987e-08,0.004077208529572903,1.2089811073143115e-05,1.5285940002602653e-05,1
0.02657005600254416,0.9651324638290237,4.5366780630871257e-05,1.954426955102593e-08,0.008223416971362446,1.3518197568804217e-05,1.5158674600570287e-05,1
0.019088570489079106,0.657230099413027,0.003391841319930883,1.5547101910470944e-07,0.3199540054922248,0.0002863046192574508,4.9023195461658694e-05,1
0.010778204031759322,0.40820561873520106,0.0033951716815510498,7.164170982787902e-08,0.5774340496241251,0.0001808278311031788,6.056454550613762e-06,4
0.0012012914624238574,0.03122992865392189,0.0010628624361062964,5.8141650380598535e-09,0.9664926445787008,1.2775536174437343e-05,4.915185076874577e-07,4
0.001219178828745355,0.0396614399391355,0.000901645842734303,6.8210873612198076e-09,0.9582023122492643,1.4703845148072746e-05,7.124738850964376e-07,4
0.016316295582613907,0.4847001620579217,0.0017731526746349808,6.800002334880204e-08,0.49701812080682506,0.00017628331039156063,1.591756758938412e-05,4
0.03168164998251669,0.6729280325987488,0.0019762691255011656,9.440706958812644e-08,0.2561105679139862,0.0001926412383310023,0.037110744733846526,1
0.047019564324872413,0.6967245908806352,0.00013152723949189245,1.251533342271727e-07,0.2556513038129627,0.00010977429908698597,0.0003631142896163893,1
0.06576938512380338,0.929873340476793,1.7741932994577326e-05,7.759241474355835e-08,0.0024624505157869723,1.160247090964134e-05,0.0018654018872978977,1
0.06598560286947533,0.9310356732678674,1.6024316898195166e-05,7.008060751480652e-08,0.0012673399685447471,1.047922290739171e-05,0.0016848102736995486,1
0.06361578342199553,0.9340984510264652,1.6737630057518314e-05,7.320020505342626e-08,0.0004982003974027745,1.0945699428469812e-05,0.0017598086244453508,1
0.057992160831735876,0.940440981782135,1.7468866556287206e-05,6.407854548460344e-08,1.2137214837969074e-65,8.809945154057937e-06,0.0015405144958735414,1
0.028840443269257887,0.7844419934654604,0.00011994144846440679,7.471490681147144e-08,1.6983528800171657e-37,1.0480600114496192e-05,0.18658706650179593,6
0.026640706245043857,0.9711069130226365,0.0004020227726020853,6.354705641650771e-08,0.0017018088994232173,7.457833688545113e-06,0.0001410276795494538,1
0.0012000449055264797,0.03267557313173277,0.9395146681927373,1.9879987323554763e-08,0.0014059231970842325,0.025192370674695902,1.140001823578458e-05,2
0.001957026357564188,0.10492600699979981,0.8781247072408916,6.837518660455663e-178,0.004227767570117777,0.010739608117627666,2.4883713998999317e-05,2
0.0010388448166368154,0.03494761831698122,0.9328836074193678,1.7982886591594687e-08,0.0007174573912986185,0.030392999364479586,1.9454708349191244e-05,2
0.001128333820245578,0.030340356086346446,0.9336385065866025,2.214355786062108e-08,0.0003856444047310254,0.03449838531570271,8.751642814148161e-06,2
0.007197506786192533,0.0675909592621032,0.9061211776225478,1.3613353636488052e-07,0.005818527235379638,0.013253609268533584,1.8083691706771484e-05,2
0.007740969591628442,0.06687253211717491,0.8895572459214025,1.4641258378845471e-07,0.016931582282009777,0.018886258451730187,1.1265223470218777e-05,2
0.015922196792453446,0.18594378672032627,0.10246248763797558,2.3143063335427272e-07,0.027779572543136156,0.6678892712088832,2.4536665918783807e-06,5
0.01658203350091669,0.17556289590488247,0.10228310847201667,2.1851029770566511e-07,0.022648979254093416,0.682920447674778,2.316683015083194e-06,5
0.025750007040865486,0.24941494582288073,0.1498102851247781,2.945567606467175e-07,0.030531329786694577,0.5444900147275845,3.122940435911934e-06,1
0.9736260476952124,0.022421921724076622,5.573659740241051e-06,9.480835779586498e-08,8.28625569364383e-06,4.1246026253428205e-06,0.003933951254294001,0
0.9854383652874849,0.010156432891301736,5.1195720030542764e-06,7.590655921545274e-08,2.956496692363852e-06,3.561303832082397e-06,0.004393488542126569,0
0.9762003863536503,0.02282515310489477,5.045812203553337e-06,7.499972818640587e-08,2.9520518633366203e-06,3.5339109996226526e-06,0.0009628537666600915,0
0.974680886521822,0.023180548174119214,5.0540732850788494e-06,7.51225188975826e-08,2.918671900968615e-06,3.515741266464956e-06,0.002127001695087437,0
0.9558179889176697,0.0437238811888433,7.366744331751942e-06,9.479125608216668e-08,3.965707611303881e-06,5.5494424883127006e-06,0.0004411532077993359,0
0.9797390154299923,0.020192797894592534,4.081174134720536e-06,5.421715880904814e-08,3.0419357029487444e-06,3.1362917468960904e-06,5.7873056671795884e-05,0
0.9784821083210543,0.021502188924476077,3.6836792652464053e-06,5.414760362010468e-08,3.0380332038650568e-06,3.1110700346814275e-06,5.815824361984311e-06,0
0.9770440480573579,0.022940484680899938,3.652321681916466e-06,5.231646462342317e-08,2.91172002617519e-06,3.0845868283995536e-06,5.766316740953407e-06,0
0.9722670595504023,0.02770873400916726,3.866019494186533e-06,5.6244820075929695e-08,2.591911439263277e-06,3.316203272157638e-06,1.437606140480813e-05,0
0.7201001602257945,0.27986142430160404,1.252430970485741e-05,3.398649054382438e-07,1.2854854267119479e-05,1.011282929874326e-05,2.5836144254273987e-06,0
0.6125297262909954,0.3874055639309633,1.309847407514457e-05,2.0402106311070852e-07,3.5798690131101184e-05,1.0774580494775276e-05,4.834012277058577e-06,1
0.33004808084880377,0.6664333505429216,1.3737116140596098e-05,1.8982775379676583e-07,0.003492157888815924,8.145266861015855e-06,4.3385087030763515e-06,1
0.30219261006234666,0.69407749221787,1.4525994712784937e-05,2.0072895357147406e-07,0.003701970317314844,8.613023442939639e-06,4.587655359192721e-06,1
0.411023659979755,0.5774915311823907,1.7127740684171888e-05,2.3668144815937662e-07,0.01145111163624233,1.0923430729860008e-05,5.409348749896362e-06,1
0.3905422662554302,0.5980956141900912,1.5972663504366045e-05,2.3417000615645652e-07,0.011329603157368988,1.0957613795128193e-05,5.351949803909752e-06,1
0.0008763080918878776,0.01725074264703305,4.250048537938747e-07,1.9811223672164106e-09,0.9818717462813625,2.787195210687244e-07,4.972742192389185e-07,4
0.005434607414232668,0.12748509119512003,0.00014340203898222968,4.0284504587588457e-08,0.8667837599876652,0.00014778783563824396,5.311243857133916e-06,4
0.07081033543256432,0.8213209964252444,0.001787168418531655,2.710798798708758e-07,0.10411553743626885,0.0019306090248032925,3.5082182707600196e-05,1
0.673639586757011,0.3039398671891827,0.004040103128289052,2.59698308148277e-07,0.014875831210251335,0.003494115876005897,1.0236140951916054e-05,1
0.5200248065162814,0.4622977768030599,0.0008402099026973269,2.2950834091793065e-07,0.013988503602723041,0.0028399822350852976,8.49143181226269e-06,1
0.7372262895781433,0.2611622595287606,0.0002436548455906567,1.7949004613351624e-08,0.0007427797210441517,0.0006125456075259652,1.2452769931017725e-05,0
0.7006159151141979,0.29907582422030055,1.1641755527288929e-05,1.3582354278431473e-07,0.00026976995235776497,1.0677860601458355e-05,1.603527347210619e-05,0
0.6749347939032225,0.32471765882551507,1.081816701811304e-05,1.262147935840323e-07,0.0003129664419424277,8.735579147219262e-06,1.4900868360938617e-05,0
0.5680108184936441,0.4306330528319526,1.3612853751808175e-05,1.8556044952578383e-07,0.00132666659364697,1.0992265248755878e-05,4.671401306345068e-06,0
0.4155507550827681,0.5844094877157456,2.0104528920281802e-05,1.8144996154719815e-07,7.152569763644988e-07,1.3418952140776557e-05,5.3370134873166084e-06,0
0.37558875839456307,0.6243588315757514,1.8498616116375794e-05,1.7036966018155997e-07,1.6010776714916116e-05,1.2833295189179216e-05,4.896972004905669e-06,0
0.9260360144951781,0.07389589038616999,2.3163622909004056e-05,2.1879514385969705e-07,1.8468916236955484e-05,1.4565342947033865e-05,1.1678441415169501e-05,0
0.9610177317796103,0.038920678966966826,2.6267210026304502e-05,1.9406829155646707e-07,1.5332350597135557e-05,1.308153180760132e-05,6.714092700348126e-06,0
0.8332362460303768,0.16671468591958113,2.301712231736101e-05,1.6653830653445686e-07,8.896916833527009e-06,1.1225822295038171e-05,5.7616502895115755e-06,1
0.9103949338668128,0.08957798591978874,1.2306217994473552e-05,9.598449812454831e-08,5.746062594217008e-06,6.439355973263739e-06,2.4925923383292087e-06,0
0.6791499392044226,0.32079081050018626,2.229243270187101e-05,2.4175794306671043e-07,1.7104233134940973e-05,1.624219215681103e-05,3.3696794546127334e-06,0
0.9554549219503895,0.04446463257232628,2.6156264591788395e-05,1.8778265749580317e-07,1.9515010557380272e-05,1.4254526995739727e-05,2.0331892481731546e-05,0
0.9469618085355411,0.05292647207296197,2.347558346491359e-05,1.8621100774697985e-07,1.6722436764664454e-05,1.412781739210641e-05,5.720734286765177e-05,0
0.7278123959638862,0.27167067924137106,2.280771193722676e-05,1.9241559643147626e-07,1.5986820875140915e-05,1.4449315254372934e-05,0.0004634885310798324,0
0.8729915465026347,0.12631321619649702,2.0349665478967313e-05,1.4358745899730305e-07,1.330201774641981e-05,1.3269576330479844e-05,0.00064817245385329,0
0.8423701598065084,0.1566327328816799,2.1054736995710393e-05,1.4835278169520976e-07,9.49211216195706e-06,1.2368115576667805e-05,0.000954043994295501,0
0.8781125190449313,0.12109489442672065,1.850146788647911e-05,1.300429316767409e-07,7.680072703808495e-06,1.095351890093132e-05,0.0007553214259250967,0
0.9318273360984419,0.06559425272316767,1.7076961120709685e-05,1.2860239425208272e-07,8.36106804631397e-06,1.1368736002890273e-05,0.0025414758108257634,0
0.9185536438475275,0.07855496361145714,2.0841321880614684e-05,1.5695086931918847e-07,9.27406024396023e-06,1.387480387975037e-05,0.0028472454041417873,0
0.930875435197373,0.06606423417300207,2.0620837153728903e-05,1.8143639781431577e-07,9.17594801040206e-06,1.3728019411781188e-05,0.0030166243886512825,0
0.9246692669719889,0.07068100836388512,1.8465945903434007e-05,1.4100571388248205e-07,1.1286880315266245e-05,1.1820093437930985e-05,0.0046080107387552055,0
0.9345772774395711,0.06224871001217705,1.4343411630764408e-05,1.1304034625628595e-07,9.028927365942138e-06,1.0515956680983255e-05,0.0031400112122277404,0
0.9493412669155075,0.048162266118916525,1.1782187316086563e-05,8.847156153099414e-08,7.066532698013624e-06,8.146291239694146e-06,0.002469383482760751,0
0.9227782741235862,0.07371390044777663,1.7088436195189997e-05,1.2432664852528414e-07,9.930403757263664e-06,1.0525671346882905e-05,0.00347015659068913,0
0.8069390393564528,0.18893249284557964,4.293302991058601e-05,2.5092825836905603e-07,2.4435800095500245e-05,2.2132518484199135e-05,0.004038715521218652,0
0.9009447149791433,0.09447372719042524,2.9457609528932918e-05,2.0436980987165926e-07,1.185912337344406e-05,1.7578973866878104e-05,0.004522457753852302,0
0.9235502982809086,0.07218167638715876,2.033857898949955e-05,1.5088127128034545e-07,7.766781211833206e-06,1.2978129825066438e-05,0.004226790960634745,0
0.9287578249099131,0.06695041456708561,2.0122782311634874e-05,1.5173202974956253e-07,7.810574950038433e-06,1.3051308250523623e-05,0.004250624125459348,0
0.923259098009378,0.07143662231778276,2.2012891872806526e-05,1.6598404300121958e-07,1.0006311675333537e-05,1.4277202469726603e-05,0.005257817282778294,0
0.7738513709037367,0.20767538419354847,6.105650757320159e-05,4.0579512164816155e-07,2.5984407664430896e-05,3.209319393060461e-05,0.018353704998425036,0
0.7536032740405817,0.17372012730142977,7.903297899958409e-05,5.238524627292221e-07,4.4855308399126444e-05,3.8310967085860805e-05,0.07251387555104111,0
0.6938158935733046,0.20331707229273205,7.22635808391783e-05,4.2495563856907434e-07,3.2845169913305534e-05,3.80419105363751e-05,0.10272345851703595,0
0.7046766242752089,0.1351785200189568,6.293711924107736e-05,3.650784401238892e-07,2.6632100365864906e-05,3.27189184424796e-05,0.16002220248934448,6
0.7457562838093241,0.11862699866773735,4.6437249447144055e-05,3.0932511727608997e-07,2.2872948928009372e-05,2.582878999260785e-05,0.13552126920945368,6
0.6284597584444136,0.09157867352310967,4.042592551604129e-05,2.6067281322945636e-07,1.927536954134942e-05,2.2804408313378114e-05,0.2798788016562928,0
0.10642365533836261,0.009180901594737606,1.213728494496996e-05,9.916785539914401e-08,7.725831303855648e-06,8.051948460977906e-06,0.8843674288343346,6
0.9558414426966862,0.030088074418680222,6.35712133849009e-05,3.011023040166372e-07,4.492834102376315e-05,2.714545056855532e-05,0.013934536777352376,0
0.9304970055486506,0.034935572458393384,6.302022395841323e-05,2.9284996096137e-07,2.588366876955072e-05,3.427736458667921e-05,0.03444394788568044,0
0.9143603009181728,0.03687874498546678,6.189869124241945e-05,3.3926252791853835e-07,3.1893823766185305e-05,3.604682502205006e-05,0.04863077549380185,0
0.9143557029823505,0.03737572868580661,6.273284762794642e-05,3.438344824841841e-07,3.155394263027033e-05,3.6532597639638314e-05,0.04813740510946273,0
0.9621070935963335,0.024376724173366553,6.363557304239234e-05,2.957094391399911e-07,3.0548996085656204e-05,3.0885988129026167e-05,0.013390815963603937,0
0.9634658895556533,0.023767401129581357,6.372544636324667e-05,2.9612707330328805e-07,2.9107346234373828e-05,2.598022798028496e-05,0.01264760016711426,0
0.9703187871949441,0.017800060489907246,4.735963008719216e-05,2.631443354579632e-07,2.5865359746910054e-05,2.050077889655311e-05,0.01178716340208259,0
0.9671737990350806,0.012538392871598485,4.427797458316923e-05,2.4602173149708913e-07,3.122792610027028e-05,1.916680863523544e-05,0.020192889362270545,0
0.1098817208667155,0.0009118856924255153,5.8695828112823916e-06,3.7071672736218265e-08,5.078188559914275e-06,2.9444350311366097e-06,0.8891924641627839,6
0.8664995926440708,0.006075314756394685,3.3095299841924246e-05,2.2833909035392054e-07,2.7398707615757843e-05,1.6602024940038517e-05,0.1273477682280464,6
0.9250398460214829,0.008106600096770037,4.5724158456996715e-05,3.0468440997416863e-07,4.564973947284866e-05,2.1749377180303756e-05,0.06674012592222713,0
0.5896891986738099,0.37434069620012295,2.6919171101743533e-05,2.4909764066081073e-07,9.870786740329482e-06,1.1060870144391151e-05,0.035922005200440095,1
0.8493270559411293,0.11501046001535581,3.167244417141393e-05,3.159240825561566e-07,1.0020427717318952e-05,1.0970273697201723e-05,0.035609504973846524,1
0.6098110801279362,0.36984982130755467,2.3530867759500947e-05,2.511917718904114e-07,9.861564299870492e-06,1.0616184942392333e-05,0.02029483875573568,1
0.5974474045337652,0.39421425686873524,2.1965881650439525e-05,1.827150429685455e-07,8.403312113040176e-06,9.003481484620391e-06,0.008298783207208447,1
0.3784987712238811,0.6168948527530377,2.664093668848507e-05,2.1716264240224427e-07,9.49556063497518e-06,9.838992463998574e-06,0.00456018337065132,1
0.2309640562958216,0.7668856493387306,1.3446286190626322e-05,1.577877520553503e-07,6.608051484487124e-06,7.148893042608433e-06,0.002122933346978154,1
0.22743462789261645,0.7706334532787468,1.2692585990813954e-05,1.4894332776108182e-07,6.237652576296371e-06,7.48911885477748e-06,0.00190535052788719,1
0.7074155473567536,0.28853800439152427,3.45660782825081e-05,3.2169579383109847e-07,2.7274189606180678e-05,1.730162549366874e-05,0.003966984662545989,1
0.6518155605494133,0.3471267110630914,3.0642487196215854e-05,3.08236506580699e-07,2.6419910466166725e-05,1.6577750479187245e-05,0.0009837800028473763,1
0.7470073630219992,0.2503579721163576,2.5549814704558593e-05,2.3088732998319987e-07,1.8125362367722654e-05,1.5095131558822911e-05,0.00257566366568212,0
0.5779198597790628,0.42037201818125514,1.935857309298769e-05,1.364653767765251e-07,1.117110467858457e-05,9.787628526086174e-06,0.001667668268007575,1
0.6826306144001909,0.3151694416480825,2.076508428584158e-05,1.5924438624096943e-07,1.3237702690948037e-05,1.1724433335410903e-05,0.002154057487028202,1
0.847813444958621,0.1422965583768011,2.171635552739869e-05,1.9609239996616903e-07,1.6300812555983083e-05,1.4148649671447167e-05,0.009837634754423112,1
0.85685263753211,0.13265562839684425,3.871502388422056e-05,2.1833526724104093e-07,1.8149822564621108e-05,1.4633617927168678e-05,0.010420017271402278,0
0.6077079917644672,0.39024479227084335,2.45086235602468e-05,1.6475520814187864e-07,1.3695807517303495e-05,1.1242206093787156e-05,0.0019976045723097565,1
0.8088872478802484,0.18881927716494024,2.445409072858239e-05,1.4981873376183322e-07,1.2155740519949009e-05,1.3763532150747616e-05,0.002242951772678353,0
0.8566600817933048,0.13764474570884203,2.467287874971716e-05,2.0005642256923277e-07,2.0557754731280497e-05,1.7205744177937672e-05,0.005632536063771853,0
0.8377380705445233,0.1571373064546618,2.8667468493460723e-05,2.745267571322332e-07,2.388609744462967e-05,1.9695964293452946e-05,0.00505209894382604,0
0.9030949459056026,0.09035343113769707,1.8657506219192813e-05,1.7158879932217515e-07,8.269982125069744e-06,1.2310664723213648e-05,0.006512213214833499,0
0.8960112511923737,0.10019281054830248,2.068928608892015e-05,1.9027461211182042e-07,9.170573179807635e-06,1.3763028611105086e-05,0.0037521250968318874,0
0.8762623453852016,0.12365322386226073,1.7935910760389266e-05,1.690309159100794e-07,6.516516690135383e-06,1.1196144701682247e-05,4.8613149469517984e-05,0
0.8705630698230148,0.12939976820452376,1.4002982250292778e-05,1.2738290708190473e-07,5.432233757580352e-06,8.264823578774698e-06,9.334549967768647e-06,0
0.889041295454191,0.11092699217592296,1.1558065519086305e-05,1.1194466348926956e-07,4.575952204729656e-06,7.263163602705555e-06,8.203243895931413e-06,0
0.9243146177070685,0.07565264867083184,1.1819849492020367e-05,1.1448014996047831e-07,4.922083422308747e-06,7.4881660733004475e-06,8.389042961915057e-06,0
0.9665501278420437,0.03343560393008274,5.2930726790223505e-06,4.3120303562022056e-08,2.610191431896832e-06,2.8205063874830806e-06,3.501337071277426e-06,0
0.929851153013017,0.07013387450757635,5.874414164111782e-06,6.6857268153385e-08,2.887482940207328e-06,3.027530752982957e-06,3.116194281330815e-06,0
0.9206856954487852,0.07929554917648898,6.904093216754285e-06,6.144771834056031e-08,4.56749920898563e-06,3.5871826785004124e-06,3.6351519031912203e-06,0
0.923796304200376,0.07618327228302313,6.9002037635792086e-06,6.141310148130063e-08,6.243633889941892e-06,3.585161822376307e-06,3.6331040233802342e-06,0
0.849986580123255,0.14984760501409702,1.1775638525221256e-05,1.258754119409839e-07,0.00014229983537974043,5.746503659591522e-06,5.867009671270794e-06,1
0.15306919728023935,0.845232670864657,4.107289552917449e-05,2.329490764986272e-07,0.0015828295557074044,1.389673460946706e-05,6.0099720181062174e-05,1
0.09858019932835695,0.899612416085528,4.371540293731229e-05,2.479363242306318e-07,0.001684664081198925,1.4790809002843041e-05,6.396635665164309e-05,1
0.09429665686947844,0.9041502992351864,4.164321783680256e-05,2.361837170847567e-07,0.001436140552900137,1.4089699279935364e-05,6.0934241601085224e-05,1
0.06385017812436378,0.9352224050347483,5.7829173725549284e-05,2.9768807427580395e-07,0.0007401210738442333,1.849871513369891e-05,0.00011067019011000202,1
0.056397958383103367,0.9426935792389349,5.212713077304056e-05,2.683355852704093e-07,0.000767569322931721,1.667471417599592e-05,7.182287449555292e-05,1
0.057455813092459854,0.9412580453246936,5.4210619713554105e-05,2.747575884932219e-07,0.0011261118605599952,1.707378561510383e-05,8.847055936930677e-05,1
0.042120662777220236,0.9343718486278101,0.001148851323361921,2.9955869703250923e-07,0.021908197921312503,0.0004197729227758693,3.0366868822470498e-05,1
0.007728518129814483,0.7205973905817512,0.009074662385506633,1.0509086638382879e-07,0.2623614880051866,0.0002277400588745611,1.0095748000070395e-05,4
0.00919590898183202,0.8973154250869131,0.0009519705024228894,1.2505533331505853e-07,0.09235443334854586,0.00017012335359725247,1.2013671355629025e-05,1
0.009016938227492725,0.914278195255455,0.0006158219800509621,1.280696188125965e-07,0.07597140635243094,0.00010496980717980923,1.2540307771901001e-05,1
0.008929164611556134,0.8992326495819627,3.527065407985465e-05,1.271849518751324e-07,0.09177977550163267,1.0558782771083003e-05,1.2453683045644426e-05,1
0.009644974314699493,0.8599531464448078,3.998812736537175e-05,1.3431950139523102e-07,0.13032665700684393,1.1151086793230335e-05,2.3948699988692097e-05,1
0.05489166394554939,0.9001943896530404,3.247593082158812e-05,1.4075709072060685e-07,0.04484452840193861,1.1691655617553403e-05,2.5109655941865423e-05,1
0.06907910612750363,0.9195241215740151,2.069813564699086e-05,1.0917170043480351e-07,0.01134886977521444,7.63028138800481e-06,1.9464934531548997e-05,1
0.14411802024182488,0.8524193096694477,2.057192394066963e-05,9.665282983633123e-08,0.003424162347489359,8.763874471264558e-06,9.075289996070211e-06,1
0.02632985809320379,0.9590515213370381,3.211986564202409e-05,1.9421128341252356e-08,0.01456111460924475,1.3433024408546952e-05,1.1933649334332352e-05,1
0.026341509361222773,0.959034486679195,3.211929512948226e-05,1.942078338348016e-08,0.014560855974959038,1.3432785811381412e-05,1.7576482898866133e-05,1
0.01986055034824701,0.9684131566147872,2.46260864493114e-05,7.489908900719461e-08,0.011668974543347012,1.166873657770768e-05,2.09487715028244e-05,1
0.025570055778952022,0.938869434595305,1.983792153532005e-05,6.033610959053652e-08,0.03551955138179197,8.760400397556283e-06,1.2299585908439604e-05,1
0.015936579421097493,0.5835904177954259,0.0032146965147102505,1.0430291680811455e-07,0.3968378942403865,0.00040248868846804657,1.7819036994927348e-05,4
0.001208144696685376,0.03658957455477327,0.0005791471040573751,6.018528058254696e-09,0.9616070049110382,1.56141865292344e-05,5.085283883046562e-07,4
0.03475389355821701,0.6579692371720182,0.0016726974259672273,9.291635280691224e-08,0.3053871993950678,0.00019512950563976004,2.175002673714732e-05,1
0.002739696983749196,0.09978351563166313,1.1411112147235656e-05,9.976660632894098e-09,2.282332549618399e-38,1.3001357481471946e-06,0.8974640661600317,6
0.0034098751971814467,0.12026332663198117,1.824777491798639e-05,1.1367053007690221e-08,7.113951322514941e-30,1.4813285236600292e-06,0.8763070577003427,6
0.029208351122603896,0.969741369610877,0.0004099662448198503,6.345769832105746e-08,0.0004956720694362521,7.4473466911580884e-06,0.00013713014787357925,1
0.026019286259913902,0.8121491476288885,0.15618635123529898,7.143131938819477e-08,0.005459560458770952,0.00011571651839096403,6.986646741721732e-05,2
0.000984332262514514,0.025340732602939987,0.9734684356644805,3.932613675737277e-09,0.00016020703961289732,4.5560463189317296e-05,7.28034649114319e-07,2
0.0007925243994097888,0.02592068230554213,0.9707888835057147,4.100197804901614e-09,0.0024400144352907556,5.714655734585366e-05,7.446964988269406e-07,2
0.006957655652673172,0.3700401037671699,0.45911217230939094,7.225868466878847e-08,0.1613829321548549,0.0025010237506100934,6.040106616032001e-06,2
0.0007863707610797805,0.04224405037758833,0.9513507579316274,1.5235109848436698e-08,0.005152415435059434,0.0004625184846759636,3.871774859317569e-06,2
0.012788983963480742,0.7200613195059646,0.23267217492126543,1.7601543401238359e-07,0.016180750329944184,0.01828052934136613,1.6065922544754066e-05,4
0.001408197817365023,0.030442623138883927,0.9482511020601656,2.3299051695291904e-08,0.000969973374536848,0.01891951954536355,8.560764633289791e-06,2
0.0017320004931965691,0.0439890059136267,0.905439178534664,2.96684308377274e-08,0.0006119168143089722,0.048216287449808444,1.158112596434337e-05,2
0.0013350666831617617,0.03759469206350587,0.9186632922365896,2.22086044959025e-08,0.0003745532302340198,0.042023762308185435,8.611269718852671e-06,2
0.005264386697818726,0.049476991776417185,0.878444340378232,5.6499305112729924e-08,0.024761842647700785,0.04203217479421146,2.0207206314782768e-05,2
0.005151878615631777,0.059816212849655784,0.9134313515712749,1.1261293455602546e-07,0.016376604887740568,0.005212696516851095,1.1142945911338048e-05,2
0.005710741870894544,0.06305899905999784,0.9141775124534788,1.210696014516693e-07,0.0054592108336229996,0.011581434987110763,1.1979725293563285e-05,2
0.00994775776112781,0.0893543938797256,0.8543870048529145,1.8889282739444533e-07,0.00865332059313362,0.03763712983900883,2.0204181262368625e-05,2
0.02586796478824146,0.3115655343909638,0.14573779939748208,5.729098248012782e-07,0.006991220958143049,0.5098333505667854,3.5569885593984177e-06,1
0.9643328405849342,0.03169027555538742,6.936764329557345e-06,1.211068523406477e-07,9.238213418889678e-06,5.2687089274003645e-06,0.003955319066150371,0
0.9740099475486231,0.022194567039569235,5.517143725807132e-06,9.384701627747951e-08,8.214026654343917e-06,4.082779817282784e-06,0.003777577614593801,0
0.9830976554293895,0.00901497774394083,4.559344706020244e-06,5.937402420656359e-08,2.630730327056981e-06,3.193206119785773e-06,0.007876924171492277,0
0.9772086890667699,0.02007051640224334,4.999969834498689e-06,7.43183383367997e-08,2.8849699082014016e-06,3.760969006557343e-06,0.0027090743038991867,0
0.9780019479637696,0.01945413076439092,4.591100601322133e-06,6.824100527029524e-08,2.6641125009414763e-06,3.4534182483304042e-06,0.002533144399483351,0
0.9752656708260748,0.024527082815984695,5.420723471244729e-06,7.059132119881061e-08,3.960632851110387e-06,4.08348543047175e-06,0.00019371092486660497,0
0.9783687352890958,0.021604653862007918,4.017799185302086e-06,4.108263187646337e-10,2.9351212038448065e-06,3.1107095667285977e-06,1.6546808114073807e-05,0
0.9696670479647265,0.03030891431148953,3.839073696605986e-06,5.585279889264283e-08,2.573846056744095e-06,3.293089642688909e-06,1.4275861589157434e-05,0
0.9486174971455025,0.051365817816726334,5.161034370648343e-06,8.372100224736936e-08,4.676485361588047e-06,4.427044171246043e-06,2.3367528655798697e-06,0
0.8247767656812082,0.17518707174279216,1.0904319941663614e-05,1.795364226303969e-07,1.2931805423528734e-05,8.401121961061023e-06,3.745792250638092e-06,0
0.7638727431899435,0.23609467422917277,1.05540469246667e-05,1.7232784303070727e-07,1.0911572765886707e-05,8.542858375671117e-06,2.401774974287079e-06,0
0.6442949013079429,0.3556584388127405,1.3984505245639995e-05,2.549147624211685e-07,1.8914846689304167e-05,1.054183655078724e-05,2.9637760685359096e-06,0
0.591238630798954,0.408710380224833,1.3871885596021932e-05,2.282126152104425e-07,2.2422059759333746e-05,9.320273209194685e-06,5.14654503335275e-06,1
0.6235828861438646,0.37612731068006405,1.4159655643290986e-05,2.835209642992369e-07,0.00025961008128111526,1.1709155982415194e-05,4.040762200313925e-06,1
0.48146174217234533,0.5162484287858339,1.635083440786058e-05,2.3663561687520072e-07,0.0022569459426278822,1.0153732579763874e-05,6.1418965884160705e-06,1
0.029205884607807438,0.637497079017625,1.711325577015374e-05,7.673499802446157e-08,0.3332518923989006,1.1695064849495117e-05,1.6258920049191695e-05,1
0.00398898831283455,0.09760122183520455,2.4335366018437127e-05,1.214210868957354e-08,0.8983394773127527,4.339231225025865e-05,2.5727188309751283e-06,4
0.004938700492625419,0.10750631559933611,0.00012137774139572566,1.4368994879369776e-08,0.8873368927603928,9.365447682052899e-05,3.0445604345548213e-06,4
0.013290464908188894,0.25792950288642413,0.000680203365503461,8.086497340689804e-08,0.7273491392496201,0.0007401434713837526,1.0465253906181972e-05,4
0.5152970021850356,0.4683148907206217,0.0008984238551159778,2.1853016272544157e-07,0.013549634078424664,0.0019328757626149511,6.9548680244036435e-06,1
0.37311813139054095,0.6080114359940986,0.0009891048540431097,2.3508734245866825e-07,0.015163854119307797,0.0027091091665016834,8.129388165399533e-06,1
0.5553617423980877,0.44163102583336183,0.0005820757432094302,1.744598374711038e-07,0.001382581445670474,0.001026646590304332,1.5753529528704793e-05,1
0.6023543593931127,0.39525352007226144,0.000443077002458193,1.6482713513833828e-07,0.0010954730033845045,0.0008385219944396796,1.4883707208335042e-05,0
0.7111160026921447,0.2870398371349715,0.0002781160685311041,1.4016229266028374e-07,0.0008411350701018552,0.0007121123726272301,1.2656499330973346e-05,0
0.7972722189079963,0.20259487222697162,8.040457193920481e-06,1.0503236354910723e-07,0.00010626906599832864,7.886702267066013e-06,1.0607607209231325e-05,0
0.5903088594851386,0.40904225443069403,1.5322511845879872e-05,1.9392724464439792e-07,0.0006104172457277302,1.1461769820952145e-05,1.1490629528269263e-05,0
0.5963661665519546,0.40290518855809077,1.2839298717800716e-05,1.750159140110105e-07,0.0006984057218300036,1.036762604573859e-05,6.857227447062709e-06,0
0.5579060908095077,0.44190454835669307,1.3580202748175838e-05,1.876283722147015e-07,0.0001573491310152517,1.0892480613979435e-05,7.351391049601391e-06,0
0.4907167955803397,0.5091862608499038,1.4492372688742714e-05,2.0023120033924726e-07,6.137655260272195e-05,1.3029235924673317e-05,7.84517733992018e-06,0
0.4933649422546561,0.5065820824958517,2.1200469612677836e-05,1.835694864905371e-07,1.429301849005817e-05,1.2306715629198551e-05,4.9914762738984015e-06,0
0.9120784255948967,0.08785954255780755,2.3875079707473217e-05,2.067282565854406e-07,1.619562982604403e-05,1.3859306984813948e-05,7.89510252094241e-06,0
0.8871897636753822,0.11273992594538647,2.3281520439799488e-05,2.442564482071492e-07,2.1347151547914413e-05,1.5827659236959976e-05,9.609791558587269e-06,0
0.6987168167330674,0.3012257635567077,1.7498421624142135e-05,1.9422666906988819e-07,1.6395044326646074e-05,1.2585762035485153e-05,1.0746255569637434e-05,0
0.7116458339094843,0.2883022120699549,1.5211559733999599e-05,1.8559548913094043e-07,1.4531991230579352e-05,1.1756168123994531e-05,1.0268705983189625e-05,0
0.7180171393776269,0.28193086193275196,1.4899294277319224e-05,1.8178555371440623e-07,1.534486600302642e-05,1.1514835527453152e-05,1.0057908259653745e-05,0
0.7108212122036497,0.2891265382148538,1.7255350437278364e-05,1.9897947536513333e-07,1.4828915098949952e-05,1.2324304557462946e-05,7.642031927444582e-06,0
0.7458376316795216,0.25410605492267063,2.1858979325144135e-05,1.719708514220062e-07,1.5097807797596615e-05,1.5199740940374844e-05,3.984898893187578e-06,0
0.8080494890972016,0.19189475074707607,2.132227607342626e-05,1.812906782822976e-07,1.5062508724774975e-05,1.4896381333284674e-05,4.297698912615291e-06,0
0.9741486440780216,0.025792938140812658,2.4742107545768953e-05,1.6565185668903847e-07,1.6045902532464586e-05,1.3676163960665468e-05,3.7879552698782353e-06,0
0.7889890023317351,0.20983164833664333,2.2893048794301362e-05,1.7985755376683075e-07,1.4935608199864746e-05,1.4965596646678727e-05,0.0011263752204267506,0
0.7920368433691728,0.20697924789903555,2.101833621848234e-05,1.7731965883327131e-07,1.4732577171404809e-05,1.4762157962560106e-05,0.0009332183407803526,0
0.9301855440039327,0.06626635144129746,2.0683924652246797e-05,1.5802496662334033e-07,9.204020954395115e-06,1.3770018987154283e-05,0.003504288565209634,0
0.9402462871289295,0.05634548383165509,1.4263039021223046e-05,1.1240693017328168e-07,8.997674863939973e-06,9.614744231857119e-06,0.003375241174368276,0
0.8863354449323105,0.11048001988622706,3.416031754762728e-05,1.9975954492037888e-07,1.1815195785829772e-05,1.9759097293346636e-05,0.0031186008112908765,0
0.8564349362833489,0.13539670160272949,2.9540795990927714e-05,2.1914770230730747e-07,1.3504937754148588e-05,1.7331774913974474e-05,0.008107765457560506,0
0.7551698484314177,0.1925891981474686,7.079013638284068e-05,4.6921662008063434e-07,3.217546142440667e-05,3.726624122221452e-05,0.05210025236546442,0
0.630849998347043,0.2782413004737822,7.72763054479288e-05,5.122087441462389e-07,3.623941890492479e-05,4.068077258687262e-05,0.09075399247349089,0
0.5621159791837965,0.09600619455111414,3.9830540812046875e-05,2.5683367773007427e-07,2.089611074605968e-05,2.2468549685032286e-05,0.3417943742301686,0
0.3451557915299007,0.050285941745485764,3.229746407247417e-05,2.082591978409595e-07,1.4370895647457258e-05,2.0585620264275987e-05,0.6044908044854315,6
0.5728847445266186,0.058299973962957274,5.451358333054051e-05,3.524639652285041e-07,2.43770654011951e-05,3.167337667279349e-05,0.36870436502105436,0
0.053981019327880485,0.0024998135068034907,4.544906983865338e-06,3.589062097666675e-08,3.210291358816162e-06,3.3046509571969264e-06,0.9435080714253952,6
0.05690015990875613,0.002627496449775314,4.561543694200229e-06,3.7723805771818514e-08,3.493834627152941e-06,3.4734425724759033e-06,0.940460777096769,6
0.9033662787269257,0.0647997500420271,7.206491954587188e-05,3.6988593709760474e-07,3.1981622152121255e-05,3.415434017348209e-05,0.03169540046323887,0
0.8792349269255718,0.11140562261729572,5.825508221993355e-05,2.759226785699015e-07,3.256340143134107e-05,2.7364888379886132e-05,0.009240991162422786,0
0.9412133864082831,0.029041212738766028,6.533050545674335e-05,3.340188465613356e-07,3.0472845243692924e-05,3.8979694959378436e-05,0.02961028378844447,0
0.9335539733272202,0.03579050263242624,4.986319054228168e-05,2.915898418687803e-07,2.7213643060827473e-05,3.384404886606545e-05,0.030544311568042236,0
0.8949967429962844,0.0585900416030809,5.725230190397133e-05,2.8725565128580553e-07,3.090415070745201e-05,3.3340991019657175e-05,0.04629143070135225,0
0.9611629293691544,0.024611965730526972,6.424967242616617e-05,2.98563110061301e-07,2.902235523504981e-05,2.619394971006653e-05,0.014105340359837426,0
0.9641210406936198,0.022736061240875113,6.574175246557259e-05,3.054966871552155e-07,3.00283177329545e-05,2.440627488172349e-05,0.013022416223737576,0
0.9622263694389983,0.025468720384507853,4.541440739051182e-05,2.523360936517392e-07,2.4802980569858622e-05,1.7901353205275784e-05,0.012216539099234576,0
0.958935145896068,0.023718909535278433,4.538825764907178e-05,2.521907978307844e-07,3.201097541223148e-05,1.9644565636526895e-05,0.017248648579157876,0
0.9643021458358484,0.011479981075793585,4.8075238249301414e-05,2.634889319411834e-07,3.450247414984863e-05,2.0524641115137096e-05,0.024114507245911576,0
0.9763665474273809,0.00972201410446261,3.901694811099141e-05,2.2264408984214842e-07,2.915405932917913e-05,1.734300566915841e-05,0.013825701810957639,0
0.9445112184991281,0.008687855858957542,3.972516867240159e-05,2.2360351847708998e-07,3.142314582349577e-05,1.7759814550966195e-05,0.04671179390934882,0
0.9509722047404093,0.00992109590730302,4.0428788359283054e-05,2.7893606651587674e-07,3.520425673381245e-05,2.165568498064934e-05,0.03900913168614768,0
0.941449346411611,0.01079123647037019,4.593742330309135e-05,3.061055071795264e-07,3.176333603117142e-05,2.3765031597104016e-05,0.04765764522158022,0
0.9489415386935057,0.019464598273494605,5.1238261448410596e-05,3.4142781374956726e-07,3.5428589568482834e-05,2.6423129187872565e-05,0.03148043162498122,0
0.6474842158396776,0.1010981508592911,4.0203627151248266e-05,2.9152933662131676e-07,2.0246965707948198e-05,1.820026160292829e-05,0.25133869091723254,6
0.7227423058928224,0.019897739027857797,5.424470528785902e-06,5.7191099990557586e-08,2.5117538889766335e-06,3.495585269851656e-06,0.2573484660785322,6
0.861199300436361,0.1040702459974626,2.2215660026680354e-05,2.1913824608912937e-07,8.421192355563785e-06,9.730560583518307e-06,0.034689867014964584,1
0.8789052048058802,0.08078597688362714,2.4142507671827076e-05,2.1526452734145213e-07,8.723506871908867e-06,9.558552932501273e-06,0.0402661784784891,1
0.5386228732499226,0.45759270759451476,2.1719237280788086e-05,1.774417457669435e-07,8.16078603784717e-06,8.743634058014706e-06,0.0037456180564401156,1
0.34462446364163396,0.6518686352886249,1.7610693933039563e-05,2.109709428560909e-07,8.83532995409429e-06,9.558465000803012e-06,0.003470685609910519,1
0.2574955174463648,0.7399459960245297,1.4684270949276025e-05,1.7591325470207458e-07,7.367136097275991e-06,8.668316006592283e-06,0.0025275908927976454,1
0.24831678723295184,0.7495733447155472,1.3857969668563443e-05,1.626187224527609e-07,7.3783501521498765e-06,8.176740501020424e-06,0.00208029237245678,1
0.3561174817202851,0.6428136643005703,2.3787377974625876e-05,2.454517390822789e-07,1.8092995608438786e-05,1.1082582503355867e-05,0.0010156455713191722,1
0.6232473438951349,0.37566826772855477,2.9646585450300313e-05,3.1185337043751044e-07,2.4777520084211432e-05,1.596376600987875e-05,0.001013688651395372,1
0.6235634670845419,0.3754150119722321,2.9433059044411895e-05,2.960707216662668e-07,2.6049431362778732e-05,2.0791186552660145e-05,0.0009449511955444126,1
0.7014576569073298,0.2970915811618541,2.399188287056858e-05,2.3321297887384973e-07,1.5136687923542365e-05,1.4207000904156488e-05,0.0013971931461390077,0
0.8423531391891887,0.15412413983265427,2.003428670605793e-05,2.191660630041968e-07,1.4963642591949099e-05,1.7141976331351094e-05,0.003470361906464804,0
0.5752612813153961,0.4233545967879447,1.7069863197644743e-05,1.3792294726459883e-07,1.187236052758976e-05,9.336704165073078e-06,0.0013457050458215753,1
0.6583489461486205,0.3399074642472696,2.0140039636261985e-05,1.544510104845623e-07,1.283923788696243e-05,1.1371519076803828e-05,0.001699084356499337,1
0.6826306144001909,0.3151694416480825,2.076508428584158e-05,1.5924438624096943e-07,1.3237702690948037e-05,1.1724433335410903e-05,0.002154057487028202,1
0.7663054699469397,0.22850432224883357,2.501997610175663e-05,1.97126004390574e-07,1.6959648968793778e-05,1.347465424336477e-05,0.005134556398908398,1
0.673968894995787,0.3243492430170415,2.7180899646896927e-05,1.827191464995892e-07,1.5189117773013533e-05,1.2467990089031532e-05,0.0016268412605159018,1
0.840265580156301,0.15711454933153263,2.4550764379370543e-05,1.4036058361755477e-07,1.2302486760016087e-05,1.2040028050890529e-05,0.0025708368723927405,0
0.9310463001985301,0.06516340285484183,2.360506852866794e-05,1.3216239346603592e-07,1.0914746289895695e-05,1.0199255015710599e-05,0.0037454457144004976,0
0.937596394539294,0.058879161423897,2.2870900664483115e-05,1.194168898206506e-07,9.862147778488798e-06,1.0022982508383149e-05,0.0034815685889680384,0
0.9642058750613546,0.03150770408608939,1.95693401313327e-05,8.653763706546982e-08,8.29910601745121e-06,8.57610099026596e-06,0.004249889767779896,0
0.967910756464721,0.028531090162175126,1.9644533703788493e-05,8.687015078535848e-08,8.330994646574803e-06,8.609053949684723e-06,0.0035214819206529856,0
0.8429656058626318,0.15377023404205228,3.0494479519869223e-05,2.9202266586373387e-07,2.0303520224577695e-05,2.1121851067333452e-05,0.00319194822183812,0
0.8940332531506808,0.10297166593574372,2.29517317164164e-05,1.8288992294534608e-07,8.791012339296884e-06,1.3122001949159896e-05,0.0029500332776473924,0
0.8454785466550682,0.15256350033152838,2.039988853166789e-05,1.8246772083558483e-07,7.63250716145136e-06,1.3288075923903024e-05,0.0019164500740654889,0
0.8444524259924285,0.1541211906813218,1.7657721532308182e-05,1.761035982672956e-07,7.50992368798644e-06,1.2738004479793536e-05,0.001388301572951317,0
0.8818387049148378,0.11812441503136635,1.3333421416888698e-05,1.2913972249157308e-07,5.5071530084661995e-06,8.447051205040137e-06,9.463288442979854e-06,0
0.8914749777244967,0.10849026178581646,1.3074398301562195e-05,1.1893572627822823e-07,5.072004416224437e-06,7.779606077799865e-06,8.715545164808742e-06,0
0.8995893080054426,0.1003877718084325,8.36198705729766e-06,7.442324565046848e-08,4.877175020002879e-06,4.344665430789815e-06,5.261935371107226e-06,0
0.6206696458370438,0.37834929170903364,2.786450966993698e-05,1.8741564932583464e-07,0.0009165022269028917,1.0852523574398676e-05,2.565577812608114e-05,0
0.34232801563049375,0.6558690114886772,4.732682335864238e-05,2.88728107787178e-07,0.0016942661530694153,1.6719140624720168e-05,4.4372035668429766e-05,1
0.16248451307623038,0.8351303296821071,5.501599577106506e-05,3.700355288098221e-07,0.002219591725688902,2.142734245629565e-05,8.875214221755524e-05,1
0.10098982232507493,0.896518982781187,7.276580815669453e-05,4.0291908944219184e-07,0.0022564250607521956,2.2346032505984035e-05,0.00013925507323393508,1
0.049911370020067174,0.9486837461996752,5.666011595934487e-05,3.137385938305957e-07,0.0011954288844806136,1.8124750485777627e-05,0.00013435629073807405,1
0.04455906844109736,0.9222489161167977,0.0009546804569900298,3.032100656888329e-07,0.031776275991929136,0.00042488960177127454,3.586618134880436e-05,1
0.10257566801003408,0.8724177438964347,0.0019894997312996624,1.6671016740942506e-07,0.02267785788018895,0.0003173246247345597,2.173914714072261e-05,1
0.014844096871444563,0.854906820794825,0.0005944574235876986,1.5483792231702806e-07,0.1294230615793267,0.00021121986210283808,2.0188630790962192e-05,1
0.014508877132524307,0.8581834160685887,0.0005810329718302051,1.513412644641736e-07,0.12650033982073047,0.00020644994799879493,1.973271706299922e-05,1
0.024282968697811765,0.8257874820075104,0.0011324318612961745,2.5290097563268987e-07,0.14837435922591488,0.0003895306685774851,3.2974637913757435e-05,1
0.024219314318669395,0.7957856870792104,0.002655553672351854,2.527302430291594e-07,0.17678629115554162,0.00051994866713775,3.29523768458932e-05,1
0.009294243252274063,0.8777227286125336,0.0012349911625580859,1.3167802780830092e-07,0.11146792216280396,0.0002652772256083487,1.4705906193972716e-05,1
0.171871769491359,0.8245470396479716,1.6935423853457225e-05,1.1167475041188776e-07,0.0035405326061234235,1.0125968333021278e-05,1.3485187608828433e-05,1
0.024294051369060387,0.9596552995082387,3.151580249831639e-05,1.9055884352659287e-08,0.015994224649628498,1.318039586258216e-05,1.1709218827270377e-05,1
0.027229264515070867,0.9140554551159281,0.00015475646852756655,1.204143931544726e-07,0.058470205362619244,7.761404702726517e-05,1.25840764337363e-05,1
0.0008380787610570102,0.03131282156000633,0.0002246481563455423,7.546695689071455e-09,0.9675778295049302,4.452291929017931e-05,2.0915516751121922e-06,4
0.0011809850134882971,0.03858687299361552,0.0012696043075489944,6.52634893888649e-09,0.9589371742001472,2.4805522739994744e-05,5.514361111690435e-07,4
0.04315715414651998,0.7349049849435896,0.0003963207429850506,1.112937505560469e-07,0.22122466619434497,0.00027596980671107564,4.079287209863186e-05,1
0.056235148427421465,0.761956076174723,1.9727051034705493e-05,7.786302130201511e-08,0.18090218318955953,1.1322130608516423e-05,0.0008754651636314015,4
0.06332846433451979,0.8394076035657063,1.9631790790524252e-05,8.585750231627562e-08,0.09589972989043904,1.2838357670544728e-05,0.0013316462033715142,1
0.0609324383769672,0.9324881831846804,1.775360011869146e-05,7.764343964222102e-08,0.004683308515454976,1.1610100713461182e-05,0.0018666285786256406,1
0.02988238762354129,0.9618633348927078,0.001917699948507692,8.622928770259212e-08,0.006245260235302861,1.065871349571101e-05,8.057235715653591e-05,1
0.026144657655245512,0.804698320444581,0.16287646636986727,7.315850153508455e-08,0.005931869310806761,0.00028025400258794013,6.835905841008841e-05,1
0.004078666940280177,0.0566905653106156,0.917441733158749,3.5316529570122825e-08,0.0026454656518438897,0.019123281643216864,2.0251978764945946e-05,2
0.0033300265656218218,0.09080707703077597,0.8888992357173798,8.225805274966503e-178,0.003471028142195666,0.013437645114901567,5.498742912535904e-05,2
0.0011522470787499832,0.03132751859892186,0.9395683850312186,1.8804754454577582e-08,0.0003781927893566438,0.027566297226878544,7.3404701198444774e-06,2
0.0076273077515214,0.08963652212356658,0.8644178258360734,1.7393616468339925e-07,0.022576854021200427,0.015722711931042764,1.86044004307595e-05,2
0.006895227732476051,0.13182874334760128,0.012478543926936205,1.3031422353577237e-07,0.007676519772089758,0.8411182790129288,2.5558937441612024e-06,2
0.014354904376438663,0.22158239033358387,0.04591097657829994,2.49897753129419e-07,0.009469291865500802,0.7086798921903046,2.294758119039788e-06,5
0.025448661938635955,0.5750167081921359,0.08454980339243962,4.969710039105833e-07,0.01478978945187491,0.3001892710835415,5.268970368157814e-06,1
0.020642464047606644,0.8797964148965256,0.05795943618779542,6.007570265537184e-07,0.015232040421154582,0.02636172104141397,7.32264847729894e-06,1
0.017131785766958146,0.7990325863265008,0.05015050818155283,1.3306930656992932e-06,0.011079698695243875,0.12259760994729706,6.4803893816047885e-06,1
0.9705314435751844,0.025281823381214413,6.0843531428971944e-06,1.034952897399591e-07,1.0097867780939327e-05,4.502524394433391e-06,0.004165944802993036,0
0.9749556602541832,0.01974393942017686,5.569752652942404e-06,9.474189795658267e-08,7.1126545262920825e-06,4.1217113145559255e-06,0.005283501465248393,0
0.9755876856521967,0.0183933555611303,5.395245376246738e-06,9.17735164804956e-08,5.313957059688408e-06,4.511776490558619e-06,0.0060036460342300525,0
0.9768278259230446,0.017414582260935497,5.6737262885394686e-06,7.300642147155442e-08,3.314647495955032e-06,4.3612967408363465e-06,0.005744169139072941,0
0.9754885357220265,0.019515255372833207,5.519094107175143e-06,8.203447555615194e-08,3.2243098330704754e-06,4.242433617323526e-06,0.0049831410331072756,0
0.9790794202584318,0.017685557401963738,4.1737240386753865e-06,6.203722132291855e-08,2.524977219365219e-06,3.1394682910032637e-06,0.0032251221328343928,0
0.9620283560792428,0.03724279557913288,6.662788233620366e-06,8.573313219954747e-08,3.6040725083916424e-06,5.045887154286498e-06,0.000713449860595796,0
0.9560257083686102,0.043548217417098356,7.334398685426069e-06,9.437504991212202e-08,3.9482951194281715e-06,5.637827321236062e-06,0.0004090593181153881,0
0.9701215156773488,0.02986102908493061,4.696467788324732e-06,6.344207039108493e-08,3.4408085435940826e-06,3.645086964819459e-06,5.6094323533321944e-06,0
0.9609439597608955,0.039038437412156575,5.027767707193837e-06,7.019503331347929e-08,4.2465145325055394e-06,4.138709997633976e-06,4.119639677225973e-06,0
0.8230042246665956,0.17695938073630377,1.0974282665494717e-05,1.80688338313476e-07,1.3014776607089393e-05,8.455024027285932e-06,3.7698254622608333e-06,0
0.8241689705258477,0.17579786845301001,1.027833315150964e-05,5.080257727012451e-179,1.3046001904288628e-05,7.47284935955601e-06,2.363836726736495e-06,0
0.006231340030628919,0.18549495496586998,0.0002312881096508509,5.517371046721825e-08,0.8075253905876704,0.0005098307493758835,7.1403830936813785e-06,4
0.22914910965975382,0.6871886189887312,0.006622698382135678,4.0494586537488605e-07,0.07126151650033381,0.0057444972835130545,3.315423966695969e-05,1
0.7367802494444329,0.235370632806567,0.0034435724444538255,2.417162660345755e-07,0.020778072885385416,0.0036177033332821626,9.527369612620133e-06,0
0.29551286708863744,0.6982596351263715,0.0004429434261416799,2.8598663056398115e-07,0.0031341578870597697,0.0026242862101012957,2.5824275057866483e-05,1
0.6199067079916268,0.3762022726445782,0.0007449230823348667,1.9752131493078512e-07,0.001957298733574115,0.001177093245857861,1.1506780713088515e-05,0
0.730136515091389,0.2686654969525551,0.0001957870784452078,1.5848284948373612e-08,0.0006336514137223465,0.00035753829577859066,1.0995319824950202e-05,0
0.8516710890933582,0.1480184887646486,6.916052708996596e-06,6.582288708015284e-08,0.0002884781373243581,7.273444796231456e-06,7.688684276559206e-06,0
0.4405071421869188,0.5585613066400548,1.617424754227224e-05,1.952355739264622e-07,0.0008990677602334833,1.1198961441926724e-05,4.914968234965274e-06,0
0.6303342181460081,0.3695214139067884,1.4035305956586154e-05,1.776359019512679e-07,0.00011164667452897745,1.1548450685623087e-05,6.959880130485407e-06,0
0.6560672085406181,0.34377600278246084,1.15084965894257e-05,1.8762304404265482e-07,0.0001297537524547821,8.978913663178329e-06,6.359891169379906e-06,0
0.3943907871000566,0.605551327039538,2.0658436738723946e-05,2.1784123557232068e-07,1.721241281871998e-05,1.4012558297853148e-05,5.784611314585201e-06,0
0.313808335659357,0.6861369827171916,1.9038868739373255e-05,1.828313539198064e-07,1.7082289229598137e-05,1.303007949153296e-05,5.347554637043545e-06,0
0.30990330036037794,0.6900425530573022,1.9147240162180536e-05,1.838720509396401e-07,1.668191076115061e-05,1.275556581473462e-05,5.37799353089219e-06,0
0.4907600368529093,0.5091887716564166,1.9819357789582698e-05,1.5953961976794903e-07,1.3208175350949062e-05,1.1450477002845079e-05,6.553940910991594e-06,0
0.6981684065236586,0.3017780487936274,1.658230528576647e-05,1.7111136462637017e-07,1.4411613370696385e-05,1.2194815797099172e-05,1.0184836895673936e-05,0
0.7181029690545112,0.2818375885562861,1.8030320428187922e-05,1.8605330682014095e-07,1.6893403816257938e-05,1.3259702592326432e-05,1.1072909059205568e-05,0
0.7364561406054355,0.26348683195059686,2.2665942430252463e-05,1.7831946130847032e-07,1.5655170228817863e-05,1.439600332296192e-05,4.132008524271333e-06,0
0.7946772440041067,0.20526755444116976,2.11134996808721e-05,1.6688838063483193e-07,1.4915024646454967e-05,1.4750523886070104e-05,4.255618129486422e-06,0
0.954815305874034,0.04513108305731465,2.4102625205758713e-05,1.6137043334033662e-07,1.3407438171336371e-05,1.2249582730585524e-05,3.690052110442244e-06,0
0.9794257275215467,0.020483443245154657,2.1262087125392378e-05,1.4235263519447636e-07,1.4445204818571593e-05,1.1983395715104634e-05,4.299619300453069e-05,0
0.9787635101746401,0.02113787455512874,2.3738297763727448e-05,1.5893121036373263e-07,1.4536650615856176e-05,1.4390398244721625e-05,4.579099239654883e-05,0
0.9562898535564079,0.042308470459083904,2.982691469597449e-05,2.141352136447308e-07,2.0742253274962525e-05,1.7827114432598607e-05,0.0013330655668911122,0
0.9717197885911663,0.026473084784704903,2.0807779093293395e-05,1.39310979632729e-07,1.3494387841877099e-05,1.160137329656018e-05,0.001761083772917655,0
0.9816435197112184,0.016680574935354055,1.8429065898490118e-05,1.2338516342968446e-07,1.1951730248707437e-05,1.0275122204858579e-05,0.0016351260499118576,0
0.9153662266674348,0.0834930920998078,1.4969778213773925e-05,1.1777518006965349e-07,1.140831801051692e-05,9.807940714075943e-06,0.0011043774206388839,0
0.9197017972421794,0.07949641497430833,1.504068156157427e-05,1.1833301428973855e-07,1.146235274157074e-05,8.61753137641692e-06,0.0007665488848183333,0
0.9163692767331367,0.08280791984681345,1.545128085596469e-05,1.554489694424935e-07,1.0868813877518309e-05,8.852783501665293e-06,0.0007874750928451217,0
0.9208796118119572,0.07841326421815722,1.4670658522590465e-05,1.1542184690810447e-07,8.490206002329004e-06,9.095819822071248e-06,0.0006747518636916854,0
0.9281703377593613,0.07108935762190005,1.4886878916379663e-05,1.050419781206131e-07,8.615337105499883e-06,9.627822400637463e-06,0.0007070695383381927,0
0.9228393381710049,0.07442422237493883,1.7469560008958644e-05,1.3217865971261082e-07,7.810296677285139e-06,1.113924770973849e-05,0.0026998881710007736,0
0.9382489962762933,0.057505948771646075,1.8346285481882166e-05,1.4016542796783872e-07,8.163808312472067e-06,1.1864694693131154e-05,0.004206539998145476,0
0.903628244234261,0.0911243351280968,1.883300534218762e-05,1.662064803329292e-07,1.1511236867346818e-05,1.2055049008906387e-05,0.005204855139943262,0
0.9377233573482509,0.06017645778904978,1.851579295530195e-05,1.1169049443001734e-07,8.921109984822908e-06,1.0710763249289902e-05,0.0020619255060155134,0
0.8613732279373434,0.13390109811993187,3.5771486674635305e-05,2.09181190698471e-07,1.1476514003779574e-05,2.0691033815663864e-05,0.004657525727039701,0
0.8850195654786914,0.11003935778814887,3.069969396626663e-05,2.08905021752851e-07,1.3288337703546212e-05,1.8887562450474803e-05,0.004877992234017874,0
0.8847927113032719,0.10961444506308535,2.2693979468386163e-05,1.6835475449725192e-07,1.160207717833768e-05,1.5726433552030294e-05,0.005542652788689549,0
0.8852014850683266,0.10448792891293725,2.2447534942304558e-05,1.665265115598042e-07,1.0053384980122715e-05,1.4533001511546918e-05,0.010263385570790375,0
0.6962317448452563,0.24266851503923642,6.829324443018851e-05,4.842078399788615e-07,3.133823476989465e-05,3.845687768527626e-05,0.06096116755078201,0
0.710194879889693,0.2638023847007986,5.817508184936717e-05,3.709875599428411e-07,2.3518680518727813e-05,3.321070315239422e-05,0.025887459956428088,0
0.7781116514398518,0.1935216489326217,5.222548858525438e-05,3.332210765504032e-07,2.444289411412268e-05,2.9814228760083883e-05,0.028259883794990594,0
0.5818618096438595,0.2123493790837115,4.926836602796982e-05,3.0991722236427106e-07,2.861215920953474e-05,3.0416197414483705e-05,0.2056802046325548,0
0.6675543742731662,0.20064442943472577,5.003502068020457e-05,2.9237046127289924e-07,2.6992208184780462e-05,2.62027121462771e-05,0.1316976739806353,6
0.7691392339513068,0.17128494321900375,3.725005845949897e-05,2.660085709965177e-07,1.9669920478476492e-05,2.2262474401124796e-05,0.059496374367779145,0
0.7822393620625794,0.16010901844677589,4.0953825622697446e-05,2.729422596477899e-07,2.0172055257940577e-05,2.2830792035452083e-05,0.057567389875469006,0
0.5076361467900777,0.041994022004504944,6.422289918219284e-05,4.1411949361384315e-07,2.6030700625135107e-05,4.093411829079945e-05,0.45023822936782565,0
0.16852665754525242,0.009022694479018649,1.7369326669961276e-05,1.1077663872865159e-07,1.129920580667333e-05,1.039636109564683e-05,0.8224114723055179,6
0.08949650208920372,0.008938977124472624,1.1953866728622332e-05,8.433039506576405e-08,2.180678665548426e-05,7.914387442191606e-06,0.9015227614151022,6
0.8938872864259583,0.0633991303783394,6.75872521691875e-05,3.3906400758329023e-07,2.999280883882896e-05,3.6329978912533015e-05,0.04257933409177404,0
0.9056139193885723,0.06367470077149047,4.171136124328709e-05,1.744699507457424e-07,2.7851698678032006e-05,3.3736474335847276e-05,0.030607905835729716,0
0.9183752533037726,0.05737550471299267,4.151165550739113e-05,2.8684886202416204e-07,2.77183502613259e-05,3.357495077888449e-05,0.02414615017782515,0
0.9248613249324256,0.05451882995997469,3.9444827531983535e-05,2.7256691529139897e-07,2.5438261824871567e-05,3.163610893052341e-05,0.02052305334239733,0
0.9179838249966735,0.05893259204037325,3.84813082485922e-05,1.783468130356512e-07,2.7497705057903135e-05,3.419732049855258e-05,0.022983228282334962,0
0.9069064363447891,0.06998168484654542,3.5051353778538996e-05,2.683719510487974e-07,2.5046752097305445e-05,3.114921071106522e-05,0.023020363120127636,0
0.9319696907014368,0.05123630728991269,4.935953409654657e-05,4.7191924350368276e-07,2.3785482131249136e-05,2.5203245949099617e-05,0.01669518182723041,0
0.9617362742735374,0.021319964704931384,4.800693951820999e-05,3.0221644762213473e-07,2.7951643342037314e-05,2.3308795128235536e-05,0.016844191427095253,0
0.9573956410762632,0.025340858091567633,3.988223524596799e-05,2.510692741555577e-07,3.186861864465424e-05,1.9557203823009448e-05,0.017171941705181572,0
0.9702713423856631,0.014959116415936228,4.194139102834096e-05,2.3303897116629062e-07,2.529068205967483e-05,1.81527216866042e-05,0.014683923364654948,0
0.9345660825775268,0.025294892444344706,6.779641704807881e-05,1.649688369087724e-08,3.47517486085148e-05,3.0509064771194558e-05,0.04000595125081711,0
0.6067899535211324,0.19779695079594123,4.891891653018769e-05,5.332463577982633e-08,2.6912946295174923e-05,2.6910955205010048e-05,0.19531029954026013,6
0.6098930424828648,0.231348864225377,2.922826349755671e-05,3.459355374902041e-08,1.5727668781936752e-05,1.74580765851979e-05,0.15869564468933978,6
0.2367621104960139,0.012337775928264677,2.187640733967745e-06,2.1489880581702792e-08,1.2405539634969987e-06,1.4324229489548332e-06,0.7508952314681945,6
0.8750064135752325,0.09749885788912029,2.444179805293375e-05,2.226515635700811e-07,9.078153831231363e-06,9.88656506565526e-06,0.027451099367133778,0
0.8695842448999078,0.0905303930514142,2.8129497118241884e-05,2.1298160534081278e-07,8.127295755939506e-06,9.744416432114402e-06,0.039839147857766335,1
0.676224941133677,0.3100542159156644,2.2122992857888098e-05,2.2073570816976234e-07,8.58130279805983e-06,9.80149389540194e-06,0.013680116425398988,1
0.4800238579676249,0.5048258302096565,2.7211996888419765e-05,2.5238599546723097e-07,1.0410276569431204e-05,1.1206885439461835e-05,0.015101230277826,1
0.40000421658056434,0.5954917532662615,1.7837871182143896e-05,2.29886290594916e-07,7.569845074733139e-06,1.0415463063625872e-05,0.004467977087563222,1
0.5282159050734059,0.4694996572628324,2.3468462976942983e-05,2.2351153035939302e-07,1.1525786382793815e-05,9.917856686552953e-06,0.0022393020461851433,1
0.38349327705055314,0.61539450698938,2.6736707793075858e-05,2.3594865043230988e-07,2.0331486259543223e-05,1.2232495138546928e-05,0.001052679322225081,1
0.36262191860750675,0.6368506437445511,2.489909859321627e-05,2.2776989990686424e-07,1.8287101243113143e-05,1.1172345258012454e-05,0.000472851332947815,1
0.415267683844402,0.5839478285092187,2.210091908758354e-05,2.6715794089540145e-07,2.064617666577376e-05,1.08536921697869e-05,0.0007306197005151757,1
0.5417400012937992,0.45732544721787194,2.5434077925130447e-05,3.256267655310091e-07,2.1256862031203483e-05,1.7882118095070506e-05,0.0008696528035119504,1
0.7229537993296304,0.27544954087452084,2.2391945467688437e-05,2.404857836168644e-07,1.56005511321086e-05,1.4712083315181508e-05,0.0015437147301501954,0
0.8839071211292696,0.11395980076160529,2.064094685574825e-05,2.2048706032690092e-07,1.6742130683084637e-05,1.5856233446108553e-05,0.0020796183110799375,0
0.8657342728183445,0.12817299330898374,2.6652080790637497e-05,2.109573870735729e-07,1.7536512504204947e-05,1.5377764944210745e-05,0.00603295655704587,0
0.7644737682003506,0.2319401247533851,2.7263560350832785e-05,1.9998516409235016e-07,1.6624411116439694e-05,1.3679248475762905e-05,0.003528339841157143,1
0.7291565490640348,0.2695564043932952,2.2443465163735454e-05,1.590317443391129e-07,1.3682226082878395e-05,1.3275163278850065e-05,0.0012374866564004085,0
0.7855171179033135,0.21298068359853478,2.1961836395086018e-05,1.5824955049527114e-07,1.3614930380020113e-05,1.4530436372634318e-05,0.0014519330454534388,0
0.8286910401146067,0.16796217577657757,2.8247506053258674e-05,1.6149543753950742e-07,1.4154938879039457e-05,1.385296033938208e-05,0.003290367208106372,0
0.9002693220529053,0.09584780709405426,2.3322314738903117e-05,1.3057928356862017e-07,1.310892273107992e-05,1.1200995297334632e-05,0.0038351080409893793,0
0.9624668370188151,0.03332582574011169,1.953404494403298e-05,8.638155811297562e-08,8.706719861038803e-06,8.560633167195721e-06,0.004170449461543043,0
0.9762029835818407,0.019762269440896298,1.8357853428824454e-05,8.251354751264814e-08,8.063125818088255e-06,7.959718904714782e-06,0.004000283765563875,0
0.9805859110285664,0.015788277580057027,1.1051705576263214e-05,9.835627571834354e-09,8.031957789872416e-06,6.677362478291496e-06,0.0036000405299043306,0
0.879608915695063,0.11130117189394088,2.6635861285351926e-05,2.6955771869044743e-08,2.2012588445865598e-05,1.8300149973874635e-05,0.009022936855519267,0
0.8905116315976216,0.10483849635782158,2.319749201098831e-05,2.347610598670851e-08,1.9171028079161812e-05,1.593782075491973e-05,0.004591542227605842,0
0.8712651050363949,0.12295271144769063,2.3951195916921407e-05,1.9420476305177973e-07,1.979390915342505e-05,1.6702475373164112e-05,0.005721541730708054,0
0.8251991093458385,0.17315889787561928,1.8418004243666798e-05,1.7252359904679208e-07,1.152513972756317e-05,1.2563902657963666e-05,0.0015993132083140555,0
0.862471769863103,0.137452162043636,1.800604420415248e-05,1.5218985702693358e-07,9.969056337600679e-06,1.1083113033696912e-05,3.6857689828605476e-05,0
0.875865631317818,0.1240651157919011,1.585677099627992e-05,1.4035563033420958e-07,9.193866223644366e-06,1.0070247858168995e-05,3.399164957255462e-05,0
0.8856157256546476,0.11435470304930895,1.199561411404126e-05,1.1304860219745337e-07,7.1222640141438005e-06,7.334789057595302e-06,3.0055802556695483e-06,0
0.9105705807817857,0.08934279451806842,7.218976967822758e-06,6.425024250097012e-08,6.980303120861381e-05,3.6228141369972156e-06,5.915627590011498e-06,0
0.6865153366459281,0.31262370310720133,2.6226312228071566e-05,1.9523524558650798e-07,0.0007943884666777273,1.342401129012648e-05,2.6726221429087188e-05,0
0.577899737324741,0.4208973169096007,3.737313237377528e-05,2.782149702893096e-07,0.0010858184532298273,1.2746765621857448e-05,6.672919946252007e-05,0
0.4678647898617263,0.5305687977553206,4.005597496925484e-05,2.704677983225968e-07,0.0014488230622261074,1.239181928238038e-05,6.487105867699856e-05,0
0.3358218017514582,0.6597570565349785,5.9692517576589216e-05,3.6582799077400336e-07,0.004164281556219601,1.5923234361533147e-05,0.00018087857741481343,1
0.06682174924317011,0.9294683217590116,5.595607810500443e-05,3.7635848740920054e-07,0.003542159424535225,2.0872972301193506e-05,9.056416438952103e-05,1
0.03551546741210934,0.950387502108152,0.0006179223837205903,1.9134203027503977e-07,0.013254768027051354,0.00018417780114795033,3.9970925788644536e-05,1
0.01591367493872859,0.8655786842777253,0.0006370995983875469,1.659707904683732e-07,0.1176535766880514,0.00019515833016349815,2.164019615291391e-05,1
0.014845381774450758,0.8549808214129542,0.000565078136258059,1.5485132506652377e-07,0.1294342644219337,0.00015410902476216287,2.019037831609753e-05,1
0.020149114774907145,0.5701912144175055,0.006383836281141938,1.7871488372437302e-07,0.40255831292070005,0.0006940410488428312,2.3301842018867746e-05,1
0.013102281856288702,0.5500513291174803,0.003804982925814197,1.0914824004465873e-07,0.43265432494886646,0.0003754598691543816,1.1512134155874402e-05,4
0.00924620858557504,0.8586698169300252,0.0007852445543420052,1.2888794339240198e-07,0.1310168215758065,0.0002646595054943978,1.711996081338995e-05,1
0.07653872341123322,0.9006732528204037,1.7359567020783155e-05,1.2851001992688673e-07,0.022729218578550512,1.0915673560717672e-05,3.04014392113866e-05,1
0.09748759798275987,0.8905765863560235,1.9480971167952237e-05,1.4421442596992295e-07,0.011844405725312162,1.1069016503595682e-05,6.071573380656561e-05,1
0.019976570750312575,0.9777407016020229,2.702403183837895e-05,1.4519460884285803e-07,0.0022301612393496677,1.3902964480308422e-05,1.1494217387342093e-05,1
0.046312041308620336,0.9513110955768893,2.7132661944130382e-05,7.895861836419274e-08,0.0023059660278815556,1.2374559058760633e-05,3.1310906987758095e-05,1
0.030907456146056306,0.9565715381035038,2.7887345064885525e-05,8.464319994356148e-08,0.012458859291157004,1.1244584168308063e-05,2.2929886849744415e-05,1
0.029810068565948606,0.9185606889181664,3.7442853049676814e-05,2.2639648080875374e-08,0.051561757474376434,1.5659820154698147e-05,1.4359728656336497e-05,1
0.02672040732452857,0.8884243530684361,3.466342715430672e-05,1.8150747817021055e-07,0.0847926041017041,1.4496781158339512e-05,1.3293789540400081e-05,1
0.027189714176663434,0.8962489479391431,0.0001520074442260179,1.7774868477780426e-07,0.07623394036071261,0.00015051046476131222,2.470186580857345e-05,1
0.010083683393354699,0.2862149454462675,0.004355666980044482,6.152756390356588e-08,0.6990413353126139,0.0002889103722510346,1.5396967904467986e-05,4
0.0010226699998126584,0.030715621600430697,0.0010306325503580574,5.195053366267258e-09,0.9672090820093573,2.1549695116836073e-05,4.3894987112026e-07,4
0.003390388943892117,0.08263660762066663,0.0013420325966078425,1.301721591401831e-08,0.9125857851200501,4.3873357803487574e-05,1.2993437639719737e-06,4
0.0035273581963277956,0.04800464836699456,0.0001388666588592059,9.042659796245567e-09,0.9482920255213684,3.603437266599683e-05,1.0578411243688415e-06,4
0.007266245741323525,0.10320033462582472,0.00021063049004755254,1.0050121912392446e-08,0.8892696715860225,4.497362783883882e-05,8.133878820934587e-06,4
0.004708464562991027,0.20506823337096236,2.3451334561808165e-05,2.0503348253246162e-08,0.00036772316733319805,2.9570540336062397e-06,0.7898291500067697,6
0.006801827044704551,0.2565936576163836,3.3877693996191455e-05,2.9619046037235906e-08,0.00046587493431544995,4.598126661671172e-06,0.7361001349648926,6
0.029519825626297222,0.9275142183114081,0.034437587015124664,2.4929907021317713e-06,0.008119963819476241,0.0003263174615164113,7.959477547526744e-05,1
0.003785685436104488,0.10556384085992299,0.8893444305216465,1.4547865364909277e-08,0.0011083276698108018,0.00019409820910005598,3.602755549709566e-06,2
0.0009790162902353237,0.04077963529319885,0.9567341409657119,6.457825954844709e-09,0.0012971964000740783,0.00020880907225442045,1.195520699651561e-06,2
0.006968259907884394,0.4441752547093645,0.3294203090591849,1.4820672505228166e-07,0.2166395891702531,0.0027876055802924294,8.83336629561631e-06,2
0.0011298014443543566,0.037726232775768725,0.9553176335279044,2.0658230749985636e-08,0.004330555447320823,0.0014829051357626401,1.2851010658287539e-05,2
0.0017074518394837564,0.048177617159102536,0.7526441891837323,2.6764371527115224e-08,0.19317212152370605,0.004286737872326924,1.1855657276839911e-05,2
0.005530770848390349,0.1017381940826225,0.8690661902336171,5.282569416147857e-08,0.014516081363561298,0.009094828803641783,5.38818424729559e-05,2
0.002039391277836253,0.041964682188665385,0.9168126644395179,2.9049689369268535e-08,0.0009827129977733936,0.03818918044741131,1.1339599106223454e-05,2
0.002019138166131358,0.032848661035687954,0.9259602812877736,3.127915683702172e-08,0.0009340902599547103,0.03822566964255914,1.2128328736350136e-05,2
0.006838793529616515,0.056436961670847476,0.8469531874272,9.767786674418467e-08,0.0018415030945723194,0.08791436956226495,1.5087037631916876e-05,2
0.011017346858823381,0.15322801347424053,0.7870363064466103,2.4482231222781016e-07,0.020597534433773417,0.028082719602639784,3.783436160055452e-05,2
0.017980769021467464,0.38675907616302385,0.06775708955438625,3.2344083915874775e-07,0.023772799790358578,0.503723276994796,6.66503512867634e-06,5
0.9483272377566986,0.030798691536106437,7.591145825756983e-06,1.1613074359237722e-07,6.627274477000982e-06,5.052225152295855e-06,0.020854683930996282,0
0.9749558943621988,0.019525319952904727,6.963381271762945e-06,9.876310659925365e-08,6.213646187478714e-06,5.275650983705824e-06,0.005500234243346939,0
0.9793751276160823,0.01737122726970511,4.746406833611582e-06,7.054943942073009e-08,2.738664700048902e-06,3.5945661832515854e-06,0.003242494927056092,0
0.9585629904386249,0.040684070408276325,7.287138415893234e-06,9.376693048920509e-08,3.919514481799002e-06,5.51872231789116e-06,0.0007361200109527913,0
0.9525518313236369,0.04701395658633441,7.831380886748252e-06,1.1611384245872062e-07,4.2710297679577956e-06,5.899457871472681e-06,0.0004160941076604659,0
0.8595256163991121,0.14044157951267247,9.35614994637541e-06,1.5782559616653082e-07,1.2612090080148965e-05,7.38519829317187e-06,3.2928242994457246e-06,0
0.7725621542438966,0.22739903563404673,1.034599459847109e-05,1.7034375996853988e-07,1.3685938217242319e-05,9.007528928627422e-06,5.600316552321372e-06,0
0.008223606353475884,0.1810294888435664,4.766895868814572e-06,1.717287293581389e-08,0.8107358115047244,3.2029138793056158e-06,3.1063156122496482e-06,4
0.010843358031120274,0.2377552300438005,6.182811730223931e-06,2.273409172044464e-08,0.7513868481650294,4.2459573966356895e-06,4.112256831194315e-06,1
0.005326778359131088,0.08823901777386753,9.1832137589204e-05,2.632421938383998e-08,0.9060306254938495,0.0003097754973298091,1.9444140136681776e-06,4
0.05769689885515298,0.8743684402749423,0.0024131806566022084,2.876885737171011e-07,0.062114375991234996,0.0033664200148900677,4.039651860348287e-05,1
0.441928525725039,0.5398050786024641,0.0008188192617450805,2.0095303890373952e-07,0.015063842481995632,0.0023764019622362206,7.131013481077947e-06,1
0.46965074107355675,0.5168211001958762,0.0005404386118712926,2.1227103119302154e-07,0.011075378832276942,0.0018991161540964144,1.3012861291303621e-05,1
0.4066148017987173,0.5866267186981797,0.00045780687500929766,2.4651195620018285e-07,0.004897723508311868,0.0013885128011034299,1.4189806722084726e-05,1
0.33840773225887255,0.6564891104343568,0.0005239107898685523,2.858024225161247e-07,0.002456519811823789,0.002096940505949746,2.550039670614238e-05,1
0.4919354187676108,0.5040056752963562,0.000432603075449646,2.428331462482363e-07,0.002329195726404223,0.0012778343616501806,1.9029939382715936e-05,0
0.5237349830242058,0.4728303246149524,0.0005307800890303021,2.278126636179446e-07,0.001832540527639218,0.001053291092033102,1.785283947535243e-05,0
0.2807744477196851,0.7191692005522913,1.9752057591716552e-05,2.12793072939841e-07,1.732756505460134e-05,1.3408751178287517e-05,5.650561126130346e-06,0
0.30143219905840773,0.6985131726949635,1.9142726416826313e-05,1.765099848555082e-07,1.679302704388113e-05,1.3039736203006533e-05,5.476246980184456e-06,0
0.24869630044982408,0.7512521937344261,1.8020110388815856e-05,1.726241984321459e-07,1.5843759688582926e-05,1.2302632888227765e-05,5.166688585842822e-06,0
0.3894009531826566,0.6105398692760945,2.3187628467691798e-05,1.877537795749919e-07,1.7232379882004946e-05,1.3078250598511847e-05,5.4915285210275534e-06,0
0.6879981346920292,0.3119480571070083,1.6937610470015742e-05,1.7905767145877563e-07,1.5971065052854508e-05,1.2421582841186164e-05,8.298884927038268e-06,0
0.7254849260413708,0.27446404203178837,2.0704171815523662e-05,2.2985938579009173e-07,1.4643356188696686e-05,1.1087865951474282e-05,4.3666734993902465e-06,0
0.8979841953449341,0.10198294930607373,1.5349130737197274e-05,1.1105724705736772e-07,6.26613541144709e-06,7.286828368818184e-06,3.842197227627334e-06,0
0.7920188665113804,0.2079282938887869,1.9785800503139725e-05,1.6582570514214074e-07,1.5272090248097124e-05,1.3387363245390009e-05,4.228520130960371e-06,0
0.7523580477161527,0.24758292728942052,2.2911530525085507e-05,1.802515731943609e-07,1.582479579998541e-05,1.593163721639111e-05,4.1767793121806525e-06,0
0.8205858015431329,0.1793619830089866,2.153795002616294e-05,1.575312570976039e-07,1.3059260678897784e-05,1.3923489231435893e-05,3.537216686814965e-06,0
0.977013944008837,0.02289724868846587,2.116595767594935e-05,1.417090351392557e-07,1.1773873860412977e-05,1.1699452321323779e-05,4.4026309804387556e-05,0
0.977562971697946,0.02233986899736172,2.325290008850574e-05,1.5719262252043285e-07,1.5226497005223538e-05,1.3232641577614486e-05,4.529007339812761e-05,0
0.9775610266751323,0.02184932614571841,2.2669939097071986e-05,1.6093196843481432e-07,1.5147972008748158e-05,1.4571556529292123e-05,0.0005370967795456881,0
0.9773887462711615,0.021329081025834154,2.1806771268628368e-05,1.5480441347640783e-07,1.570874649725013e-05,1.401673815273737e-05,0.0012304856426722454,0
0.979717010300461,0.019754498793300036,2.4138732852043026e-05,1.8426243326588136e-07,1.3077511191711e-05,1.2396431678940264e-05,0.00047869396808313506,0
0.982306880781534,0.016059988554797823,1.7956225438255817e-05,1.2021943067993306e-07,1.0995875870018038e-05,1.0885247021517187e-05,0.0015931730959075656,0
0.9269130038898991,0.07217572796722124,1.50784545956267e-05,1.1911158436172068e-07,1.1156387920126956e-05,9.43127730271389e-06,0.0008754829114771746,0
0.8958042787446788,0.10312275637894969,2.0238377085676288e-05,1.5312815872702496e-07,9.048180333382283e-06,1.2772929318348624e-05,0.0010307522614756263,0
0.9333352016249469,0.06452006388809817,1.775221421698265e-05,1.1936795841695718e-07,1.108275196383379e-05,1.1079346561987577e-05,0.0021047008062535766,0
0.8628642652829188,0.1322685690607922,3.493028376160811e-05,2.3030378896255744e-07,1.0889398166118967e-05,1.9780409607838086e-05,0.004801335260964485,0
0.8597417109073074,0.1337738045869152,3.952684105383535e-05,2.6074661803759224e-07,1.328433729357399e-05,2.1664439085791426e-05,0.006409748141726082,0
0.8629223751502523,0.1307560978269718,3.522393272306358e-05,2.396915239551951e-07,1.5246650790245069e-05,2.058670656144312e-05,0.00625023004117706,0
0.8216369724562085,0.17114670026565149,3.657019387492712e-05,2.628609823245087e-07,1.4516553916778254e-05,2.1092468048895804e-05,0.007143885201317171,0
0.8287321302706305,0.15780902289931803,3.254875535577375e-05,2.3395549489073778e-07,1.5233668506689492e-05,1.858127256098158e-05,0.013392249178133152,0
0.8220148012631832,0.16885909841727959,3.149311013296292e-05,2.2636767785035623e-07,1.4739598942148743e-05,1.797863103449794e-05,0.009061662611749762,0
0.6837852001037962,0.203844093454581,5.0832925988885264e-05,2.970328745182557e-07,2.7422651220695336e-05,2.505222610120065e-05,0.11226710160543749,6
0.7092713769228345,0.23648382795355868,3.879821683229765e-05,2.4741960535641164e-07,2.089524692034302e-05,2.1938647131129637e-05,0.054162915593117596,0
0.616426834159456,0.04867902839557652,7.444650890073916e-05,4.80042959129456e-07,3.0106012121936416e-05,4.745039916424184e-05,0.3347416544818215,0
0.20032106296335395,0.02019864365965496,2.7844530456092832e-05,1.9239475960199886e-07,5.531316441414413e-05,1.7714865588192618e-05,0.7793792284217731,0
0.1059822325676281,0.011325701045211556,1.5002783783853791e-05,1.0787880446992381e-07,2.7368759635700205e-05,9.93300714090634e-06,0.8826396539577954,0
0.077718113115042,0.007557246753817753,8.88129233594139e-06,6.386169481295722e-08,5.914625953589926e-06,5.880104750181362e-06,0.9147039002464058,6
0.0762492460599343,0.007414415303862566,8.417943359127215e-06,7.241972191071499e-08,5.802839925104478e-06,5.107557450608389e-06,0.9163169378757463,6
0.0723654464633741,0.006916425439769406,8.005200843140798e-06,5.9463358949626103e-08,5.507268906050604e-06,4.858451597765183e-06,0.9206996977121505,6
0.1636237225657771,0.006511268091929456,1.0205817991887968e-05,8.196616231916605e-08,6.8179177404355816e-06,4.582886986620325e-06,0.8298433207534122,6
0.17955469300220075,0.007500502384973557,1.0694257155044703e-05,8.994667081889666e-08,7.007314679925634e-06,5.029092683156584e-06,0.8129219840016367,6
0.9216178098219208,0.04740534301292362,6.669362766684918e-05,3.409881560004483e-07,4.619938054840975e-05,3.431730799182769e-05,0.030829295860792357,0
0.9152097643667152,0.05250375430590568,6.7370780856846e-05,3.444502741317373e-07,3.9272585929249014e-05,3.4665738200105604e-05,0.03214482777211889,0
0.9317144527810802,0.03858693303852502,6.981851891832963e-05,3.569649583250562e-07,3.73502228181462e-05,4.459428188812146e-05,0.029546494191811674,0
0.9287553729314862,0.035956415538796666,6.631611896738265e-05,3.39058046636054e-07,3.0829989803092853e-05,3.8945473114268866e-05,0.03515178088978555,0
0.8628572110522962,0.11456093791277737,3.664814364868718e-05,3.24255030575515e-07,2.562993935688646e-05,3.1874487296313645e-05,0.022487374209594124,0
0.8628602939869076,0.11456134723181194,3.3075337409064485e-05,3.2425618911836985e-07,2.5630030931049738e-05,3.1874601181854434e-05,0.022487454555569542,0
0.8665236992054197,0.11114114818119562,3.10169569233629e-05,3.0423612819561004e-07,2.4034994881562828e-05,3.299404709048851e-05,0.02224680237836084,0
0.8620660564083796,0.116259120564549,3.332399944581216e-05,3.2669396332508484e-07,2.5822718782254366e-05,3.2114236023742025e-05,0.021583235378856303,0
0.9394569388169852,0.04637971477101151,4.5835387801248434e-05,2.6922186181815463e-07,3.4058453208120173e-05,2.15082619222147e-05,0.014061675087209768,0
0.9626422404190571,0.019527324989513116,4.3458170403685645e-05,2.735807366886482e-07,2.5303160160012543e-05,2.317165709787902e-05,0.017738228023031474,0
0.9583220182553727,0.02815629201752362,4.48692543457226e-05,2.8246388526130994e-07,3.2546519305497025e-05,2.0035780876219728e-05,0.01342395570869072,0
0.9607616840737382,0.027622798548334958,5.042942888422164e-05,2.802010599920604e-07,4.696323349233788e-05,1.9875273733106852e-05,0.011497969240757442,0
0.9730110392628598,0.01274536400889821,3.8882857396509135e-05,2.2187892222839087e-07,2.407953163257553e-05,1.728340244199589e-05,0.014163129057848807,0
0.8704120587565656,0.10187114297118471,2.277203247324596e-05,2.0145663707445037e-07,9.158672794297948e-06,9.926993817175484e-06,0.02767473911652815,0
0.7157760606611245,0.2641844544864712,2.2786426847194822e-05,2.9605474841926116e-07,9.439714726040546e-06,1.0280323023295275e-05,0.01999668233305923,0
0.8791335107193587,0.09221224968255853,2.6641464018974196e-05,2.3832442107773076e-07,1.0255891204946672e-05,1.0582498761469394e-05,0.028606521419676154,0
0.5919528925849865,0.4039685049274679,1.5227270588143787e-05,2.0664472927291182e-07,6.476518909260285e-06,9.69178766301373e-06,0.004047000265655956,1
0.5257266158472003,0.4734902325995931,2.149742184107978e-05,1.7523546512020455e-07,1.110485759214358e-05,9.08488762811919e-06,0.0007412891506802077,1
0.4926845524099246,0.5062014134232937,2.4492664158145288e-05,2.9606957509784435e-07,2.1106992544905634e-05,1.7081112073351384e-05,0.0010510573284302897,1
0.4506078846136101,0.5488302537705908,2.4119419397792266e-05,1.7885104360408421e-93,1.7754448665342102e-05,1.3877641180811796e-05,0.0005061101065551665,1
0.6094392445336906,0.3880508625802676,2.343180085519994e-05,2.516536581579477e-07,1.732697072217224e-05,1.5395295013731113e-05,0.002453487165792723,1
0.8216968416433452,0.17624719202104536,1.7624323815355263e-05,1.79748305337392e-07,1.2493654365124532e-05,1.1751724604121122e-05,0.002013916884519339,0
0.8287722836629079,0.16619624105627404,2.745951162614477e-05,2.78743171746101e-07,1.8098448783021042e-05,2.0045696995379007e-05,0.004965592880241918,0
0.8834139069800092,0.11460800544357473,2.062942934808253e-05,2.203640300499832e-07,1.6732788688270618e-05,1.5847385775914874e-05,0.0019246576085738178,0
0.8502631369628006,0.14765208152418074,2.355711778694341e-05,1.615083413475849e-07,1.3221130738627063e-05,1.3050101285795576e-05,0.0020347916548658367,0
0.8607161298067085,0.13741368794868444,2.3562369054946213e-05,1.615443442063716e-07,1.3224077945557751e-05,1.3053010367455533e-05,0.0018201812428944684,1
0.7515810199025221,0.24682482850398796,2.547282376789334e-05,1.566475952917311e-07,1.2823228323460752e-05,1.265734616352664e-05,0.0015430415476395671,1
0.8738659727503812,0.12048114813275708,2.5682002047444075e-05,2.0423652158364666e-07,1.7283063307784837e-05,1.4887846619190447e-05,0.005594821968365546,0
0.8601852658305702,0.1359360997407977,2.826632833581454e-05,2.2373452995016598e-07,1.8598653673716315e-05,1.4995496008397391e-05,0.0038165502160843277,0
0.7431053238741179,0.2528199200921384,2.9694260405579746e-05,2.1781496852920936e-07,1.810657105780009e-05,1.4600868263669849e-05,0.004012136519048026,1
0.7695957796743259,0.2288730358618182,2.656360106864722e-05,1.7856945790140212e-07,1.4844161538011981e-05,1.2214385981589923e-05,0.0014773837458095743,1
0.740906016430707,0.25750822041800114,3.063378036152732e-05,2.0593057163040472e-07,1.7118642274115753e-05,1.4085922177643936e-05,0.0015237188759069057,1
0.7433731403059936,0.255324028852744,2.3368524558887372e-05,1.6864199676897399e-07,1.4516645891367149e-05,1.4084758087011918e-05,0.00125069227072838,0
0.7930553380998081,0.20554628903181713,2.0678588840493026e-05,1.4900290349202079e-07,1.2819399177537256e-05,1.3681411427410512e-05,0.0013510444660258679,0
0.8765039159151773,0.11789750345194738,2.5848797538730763e-05,1.4472480547085363e-07,1.4528999090357316e-05,1.241438780474564e-05,0.0055456437236358225,0
0.8957012381934244,0.0970942811783925,2.9930301031797095e-05,1.6757673110405037e-07,1.682311588434737e-05,1.5633877646820667e-05,0.007141925756889099,0
0.938645678304851,0.05787620486776915,2.2481314277529545e-05,1.173827244272996e-07,1.0188662887007189e-05,9.0586762956936e-06,0.003436270791195263,0
0.9569195669049596,0.03977467390808853,1.9071653294650477e-05,8.433681462812509e-08,8.500622528469346e-06,8.357993862265316e-06,0.0032697445804517208,0
0.9654116267134368,0.030636209404694976,1.8275075477533803e-05,8.081426549926252e-08,7.897073998873419e-06,8.008900241307695e-06,0.003917902017885166,0
0.8822123628435217,0.1094307332521546,2.8651368994975743e-05,2.9002766774157928e-08,2.1599487795235724e-05,1.8122171630673812e-05,0.008288501873136027,0
0.8899335526855658,0.1032270042796775,2.486303464070008e-05,2.5167969988047843e-08,1.8743565564650576e-05,1.5726026253655345e-05,0.0067800852403276666,0
0.8398874785338509,0.15713604819505764,3.173193168135636e-05,3.038728133253706e-07,1.6630726898485704e-05,2.0070646962914606e-05,0.002907736092735477,0
0.9213066677803919,0.07589506824643036,1.5866091070378693e-05,1.4591679534867372e-07,5.5219934102983735e-06,9.638125142842418e-06,0.0027670918467587804,0
0.9203428434318797,0.07759210895465496,1.4538386316565682e-05,1.3370619968360228e-07,6.443331073743771e-06,9.59316393493859e-06,0.0020343390259404044,0
0.869367090234228,0.1286528950712337,1.5937966767734007e-05,1.465778196283792e-07,8.969355160316263e-06,1.067442058826998e-05,0.0019442863742021486,0
0.8747908821718938,0.12514618136074918,1.5568526613696864e-05,1.3780424569119294e-07,8.58203425159532e-06,1.0730501829231272e-05,2.7917600416879823e-05,0
0.8668017431406388,0.1331255205941438,1.6561178198140495e-05,1.465906649987256e-07,9.418647322617621e-06,1.1414680230114154e-05,3.5195168801468494e-05,0
0.9002272398213678,0.09974441782767175,1.101294392694681e-05,1.0666493453358747e-07,6.9869882420852595e-06,7.399893748900195e-06,2.835860107730349e-06,0
0.9612776142780285,0.03871068926101525,5.436070347927075e-06,4.407761712122634e-08,2.3755734959577184e-06,2.6542409364737495e-06,1.186498558839881e-06,0
0.9536286633502623,0.04635994000886419,4.242919286121885e-06,3.440311839254678e-08,2.543345928023023e-06,2.0549307855384455e-06,2.5210417554358624e-06,0
0.9391014481713509,0.06088509154175471,4.5957986102998445e-06,3.743992255603259e-08,3.3577870641753307e-06,2.429167003777328e-06,3.0400942934606113e-06,0
0.9186992451278034,0.08127026690595772,5.7125652895636165e-06,3.9024185003433404e-08,1.6360897559332816e-05,2.8436669326547187e-06,5.531812272166348e-06,0
0.700064932329941,0.2992334720966379,3.142890297169931e-05,2.1138962529079383e-07,0.0006335850644982769,1.2240764845966397e-05,2.412945147990213e-05,0
0.7436016848377427,0.2558269976205724,2.5890967265130826e-05,1.927388535803968e-07,0.0005099809461557858,1.3252364032614416e-05,2.2000525377546456e-05,0
0.04700463908499104,0.9475247841508029,0.0005961927286599679,2.461749740825971e-07,0.004558618334322693,0.0002471254146121393,6.839411163710381e-05,1
0.03801465958220686,0.9418277381823739,0.0012960545001261935,2.0480660046709343e-07,0.018469243783265896,0.0003296775210571036,6.242162436949175e-05,1
0.020405621461048355,0.9103364416777502,0.0032598209992850307,1.599630841840711e-07,0.0657189018952547,0.0002582080535618847,2.0845950015744797e-05,1
0.019870129850604077,0.8166954329381152,0.00523983798650539,1.6852896359078207e-07,0.15764531254935535,0.0005313429808905049,1.777516556578227e-05,1
0.0270363599884581,0.7776079038598989,0.0077865340341588965,2.398020948138577e-07,0.1867814570333222,0.0007622127635141551,2.529251855300013e-05,1
0.013563514615463838,0.5548153983962207,0.003264153284585813,1.1299052831681527e-07,0.4278038811742302,0.0005410221491919694,1.1917389779203835e-05,4
0.013845936386228677,0.6672996876730981,0.002724458743145889,1.1520610601098137e-07,0.31577485770955965,0.0003427995761716992,1.2144705689884015e-05,4
0.009625509388525544,0.7386202334925733,0.004139787919195688,1.2355449603569735e-07,0.2470802233959671,0.0005210974796101816,1.3024769632196894e-05,4
0.1024729843817876,0.8781915254253532,2.244445279618595e-05,1.660655377442527e-07,0.01926066829061613,1.4113043238854356e-05,3.809834067044116e-05,1
0.1120582841947836,0.8757609385389645,2.238233287011156e-05,1.6560591509174904e-07,0.01207654116609918,1.407398230871525e-05,6.761417905857036e-05,1
0.02930419516971416,0.886951849537937,0.0003845990166054489,1.7590483657372644e-07,0.08297307547790594,0.0003660536495784766,2.005124342234716e-05,1
0.01801596691570721,0.5732024877038477,0.0018272291782332948,1.1368045511797096e-07,0.406513436561478,0.00041176932883384994,2.8996631444823548e-05,1
0.0010061637937513485,0.03772688900100329,0.0007712055530536742,5.111203618666559e-09,0.9604721015224983,2.3203153403753914e-05,4.318650861704486e-07,4
0.0011239027687153418,0.03071241484120562,0.0010305249506981345,5.191789338840259e-09,0.9671081038593247,2.4609484222962834e-05,4.389040440630422e-07,4
0.006605368045609587,0.1232557729922451,2.591523565647396e-05,9.867769409417036e-09,0.8700598466186049,4.3437037005110135e-05,9.650203109183566e-06,4
0.007415506859410775,0.13215097723918837,1.114326664867387e-05,9.757740024528465e-09,0.8603583481575312,1.5578121719071317e-05,4.843659776167586e-05,4
0.006762137189224818,0.15264727328795924,2.9188211724107877e-06,1.7438212144580013e-08,0.840538314083617,1.3735067020721577e-06,4.796567311234088e-05,4
0.04438666066734992,0.8860577187563334,1.150773366151777e-05,7.61786935551949e-08,0.06856305670744155,6.000153300444968e-06,0.0009749798032196908,4
0.0002672102290679798,0.010564106757954427,1.1236493809942669e-06,9.665259803951506e-10,2.0382562784104308e-05,1.3826910701240887e-07,0.9891470375651796,6
0.0002612411158418167,0.010334388357630241,1.1057557813008086e-06,9.66755039347438e-10,2.1666848013636924e-05,1.3942829499366762e-07,0.9893814575276829,6
0.004743077167367949,0.15969364490191695,2.4756180081637304e-05,2.1644166147393423e-08,0.0017596878549963567,3.1215861926385694e-06,0.8337756906652782,6
0.003264894799784121,0.08014331977830069,0.9155275217846083,1.1044636274448269e-08,0.0009264912287933134,0.0001349356759193184,2.825687958250816e-06,2
0.0010933215605774943,0.036458908918242536,0.9578576215035338,1.9991202166723624e-08,0.0033902792193957003,0.001188118470188225,1.1730336860153454e-05,2
0.007804237681304007,0.10118534597093522,0.8729154880363214,5.2176062239846574e-08,0.007904192405029249,0.010137464507939462,5.321922240856489e-05,2
0.00912463857689322,0.09882581640363608,0.8300371527796561,0.0,0.03525247034011118,0.026719969786275055,3.9952113428584464e-05,2
0.014717729675338336,0.11214477499894653,0.8425467845669712,5.484965878947424e-221,0.0058734342273342515,0.02466620818519819,5.106834621142487e-05,2
0.008812637450271086,0.08760786342544809,0.4868210951278954,1.8911459498012474e-07,0.003037245146920536,0.4137049771668138,1.5992568055996788e-05,5
0.01473638924793637,0.10208220868679029,0.5585013583866868,1.7754320448483927e-07,0.003215513302625265,0.3214464263883468,1.7926444409901224e-05,5
0.01201165760057673,0.25464983121114076,0.03454250323717045,2.2002640031821192e-07,0.00716203429205597,0.6916261366654326,7.616967223226064e-06,5
0.011164555382463125,0.18210520712089381,0.016234083567285916,1.879124813137988e-07,0.015964090663723774,0.774528003104699,3.872248453011509e-06,5
0.027394770602553867,0.7421850105776696,0.04649102481012681,2.1170344442666724e-64,0.035536200398718965,0.14837984580731967,1.314780361118873e-05,5
0.02114497628684752,0.7800273567933126,0.04618273122457449,7.215990023393417e-07,0.03668191865757715,0.11595593554626393,6.359892422041841e-06,5
0.021661082837076545,0.8984915973004081,0.044804659258483225,5.104247586356402e-07,0.016214777052985786,0.018820737056240065,6.636070047646309e-06,1
0.9549599806350071,0.028848209244264462,7.527735346900778e-06,1.1019387997583072e-07,7.294554344416258e-06,4.9929322698208056e-06,0.016171884704887424,0
0.9653756611352325,0.02766544242678085,6.0520310565801784e-06,1.0294548869951742e-07,9.010376905559807e-06,4.478605503024e-06,0.006939252479032452,0
0.9678681958880421,0.02617976062066829,7.831688217833708e-06,1.1080634994683161e-07,6.981365238476044e-06,5.918967610748188e-06,0.005931200663872621,0
0.9515106791173783,0.03438308165043705,1.114303092289206e-05,1.805977023786994e-07,1.0060316648111742e-05,8.530826227805592e-06,0.014076324460683664,0
0.9823193153459734,0.00973879833506735,4.158416294310067e-06,6.165575413300895e-08,2.4554301037952448e-06,3.1492670374476737e-06,0.007932061549769607,0
0.9736380668416721,0.020314427489317353,5.626726639525621e-06,7.240165557161119e-08,3.832347722768781e-06,4.261253198443119e-06,0.006033712939794095,0
0.9551277455427024,0.04356678176682746,7.361424441847142e-06,1.0914592078630584e-07,3.962843777982581e-06,5.658601559788238e-06,0.0012883806747695256,0
0.9413119451045219,0.058670445885645045,5.6510654599512436e-06,8.094680369584941e-08,5.041549554965772e-06,4.772636038740883e-06,2.062811975621083e-06,0
0.7800932144992263,0.2198705591418864,1.0286263050140993e-05,1.693602975827394e-07,1.2386357728567727e-05,7.816394117158608e-06,5.567983693877944e-06,0
0.7544576671004432,0.24550103272713447,1.167487935691463e-05,1.922234569047445e-07,1.42418387942585e-05,8.871585130488487e-06,6.319645683803687e-06,0
0.008076517707092465,0.19498118029387637,8.236877828525147e-05,2.338703989076842e-08,0.7967123949021802,0.00014540097065094754,2.1139608748166352e-06,1
0.45675301845021554,0.5258165000571687,0.0007092435591116756,1.948904571114408e-07,0.014256394632585188,0.002457732533575224,6.915876886344841e-06,1
0.7046294639656323,0.29364249525244945,0.00024880755333195705,1.4456028939057177e-07,0.0006072157726087607,0.0008605501675590605,1.1322728129010803e-05,0
0.7870166975196728,0.21171351242127015,0.00021708306285460354,1.0870650932836896e-07,0.0005569456259086046,0.0004843152189706707,1.1337444813889384e-05,0
0.7770371621814627,0.2225028832683481,9.14064669149811e-06,8.967301087602941e-08,0.000428619493340622,1.0045672915779081e-05,1.2059064230213815e-05,0
0.7733804543900337,0.22582138965476367,9.794943331400837e-06,9.609189475661076e-08,0.0007529864111023492,1.0764752238740948e-05,2.4513756635310647e-05,0
0.7744094409708699,0.2254860533892287,1.0976004772467087e-05,1.4330433036007974e-07,6.958942762369618e-05,9.316489369663755e-06,1.4480413805450424e-05,0
0.5951061935870878,0.40483056761443165,1.5344964125081712e-05,1.942114088000791e-07,1.7236547827752386e-05,1.2626056177136946e-05,1.7837018941684788e-05,0
0.6289182145778935,0.37102452380449413,1.8735066612256014e-05,1.9761523745718164e-07,1.7626308815205226e-05,1.3765164160208931e-05,6.937462787446602e-06,0
0.6701997532928411,0.3297473811751924,1.665075690465551e-05,1.7563018844047128e-07,1.5665350397866958e-05,1.223376499949983e-05,8.140029476017649e-06,0
0.642312438429639,0.3576282652836725,1.8546271463131916e-05,1.9048011662612603e-07,1.6989891073232067e-05,1.3268157396933971e-05,1.0301486638466396e-05,0
0.6155881713875585,0.3843515291114127,2.1478848665014738e-05,1.8512336100791062e-07,1.650344329029308e-05,1.2124374651301766e-05,1.0007711061138554e-05,0
0.6433265896201642,0.3566189461768908,1.879223044877939e-05,2.2801056051368298e-07,1.5303897937035547e-05,1.1917088470837467e-05,8.222975527787875e-06,0
0.647333823430373,0.352609957318309,2.0518711173116777e-05,2.2532922059664487e-07,1.5561554672668363e-05,1.1783120616861958e-05,8.130535634650668e-06,0
0.6677198600500552,0.33223045663815404,1.9332808507495356e-05,2.139653420001054e-07,1.4662156605614837e-05,1.1102101520146795e-05,4.372279815406609e-06,0
0.7444981154148278,0.2554487988242112,1.9761581216832617e-05,1.839760380579642e-07,1.4987341257916095e-05,1.2342484700693136e-05,5.8103777475622395e-06,0
0.9678710912912424,0.0320734957456259,2.377935521127775e-05,1.7205337369131014e-07,1.3664311766798079e-05,1.3329240869080814e-05,4.468001910997847e-06,0
0.9564269771379525,0.04350948605130293,2.6161429515917844e-05,1.870709074938616e-07,1.6924430282517047e-05,1.5515359038375046e-05,4.748521000342367e-06,0
0.7943593618722975,0.2055869976100514,2.2154076272389468e-05,1.6127799210379906e-07,1.415905141267374e-05,1.3875353943107213e-05,3.29075803088049e-06,0
0.8532134877251127,0.1466974744633781,1.9847587447415167e-05,1.4516773402983666e-07,1.2034330937167217e-05,1.2830732254387147e-05,4.417999313610397e-05,0
0.9769182225984034,0.021580214720331586,2.3693543351155818e-05,1.586315733371049e-07,1.4253169541423614e-05,1.3353773982555195e-05,0.0014501035628162193,0
0.9763591412431171,0.02237080760078782,2.2942649407537146e-05,1.647112744491193e-07,1.1374637041776277e-05,1.102883431858796e-05,0.001224540324052604,0
0.9420026026683066,0.054705845790480274,1.8033794262913437e-05,1.3644778425916174e-07,1.0882141404576459e-05,1.206228582635128e-05,0.0032504368719350214,0
0.933385893700646,0.062235906039321554,1.502282136148737e-05,1.3714225785275005e-07,9.33317295216537e-06,1.0452101860846846e-05,0.004343255021599769,0
0.797905275406499,0.1988854976735984,2.4923617348329655e-05,1.9369101792618798e-07,1.318158092108317e-05,1.4761885071699193e-05,0.0031561661455435505,0
0.7585351458388738,0.2366362507540936,3.256056971800749e-05,2.4517407050197095e-07,1.668524376956216e-05,1.8494721943804674e-05,0.004760617697530575,0
0.8130865869656343,0.1830577439412478,2.778452078766397e-05,2.367277371324679e-07,1.0876909270084538e-05,1.8000831098369525e-05,0.003798770104224351,0
0.9098357071830372,0.08596888373128073,2.4538298817094988e-05,1.5986883958065947e-07,9.460733582271001e-06,1.5505204232168644e-05,0.004145744980211035,0
0.8647851204837558,0.1268514324987734,3.078719925177868e-05,2.305103068034436e-07,1.0231188600134544e-05,1.978777387458174e-05,0.008302410345437551,0
0.8518416610808812,0.14176470546983083,3.481568498320983e-05,2.2966854603103405e-07,1.1700993302091895e-05,1.97155143211938e-05,0.006327171588135305,0
0.8377884438239531,0.15519919913060548,3.378740620481815e-05,2.2288530186790247e-07,1.3388640663884199e-05,1.769277792521891e-05,0.006947265335345457,0
0.8392990505516041,0.15363696064362983,3.386914358174407e-05,2.2342449862717984e-07,1.4540335769557315e-05,1.773557970909583e-05,0.0069976203212067855,0
0.757239225594682,0.23338463364430675,3.698058955283794e-05,2.659501881093613e-07,1.7307882782987778e-05,2.111129615975249e-05,0.009300475042327495,0
0.7730984372681912,0.209590258123069,4.3959510017993276e-05,3.159742610431217e-07,2.367492352273823e-05,2.5095387776375873e-05,0.017218258813161552,0
0.7306926313889198,0.2415437435209285,4.811978463826359e-05,3.411754292001683e-07,3.189977235927147e-05,2.7096921335567995e-05,0.027656167436389358,0
0.6912791972152104,0.2660891749028434,4.4120375618235115e-05,2.8135947512291674e-07,2.37615596290462e-05,2.7159592428473176e-05,0.04253630499479538,0
0.770795850449241,0.1318511351614232,4.6325934397336125e-05,2.9375146008174805e-07,1.842269498983048e-05,2.5698223590576562e-05,0.0972622737848978,0
0.6995238685167287,0.06466803915075349,6.0440715567833066e-05,3.9611928085426927e-07,2.482970171783077e-05,3.5577712170332724e-05,0.23568684808378096,0
0.4763490982526337,0.04052526309311493,5.9724493968260995e-05,3.7871135324210665e-07,3.21814792086635e-05,3.705177528559177e-05,0.48299630219443557,0
0.3615567974029352,0.03267466728324502,4.881829438529488e-05,3.0534699886194304e-07,3.4853555205504116e-05,2.861437377924152e-05,0.6056559437434509,0
0.31722577671561425,0.03536086022251672,4.826574974950923e-05,3.3044965546317325e-07,3.397021318878952e-05,3.10126212670386e-05,0.6472997840280081,0
0.2852655453597044,0.026783710393366623,2.762049532945189e-05,1.9112497674651018e-07,1.7716269383739756e-05,1.3481388197797892e-05,0.6878917349690412,6
0.09188001480628913,0.006670170563139664,8.073756162369013e-06,6.555543286666004e-08,5.799282363492182e-06,5.1991983877531236e-06,0.9014306768382249,6
0.09340097737985063,0.00632446616664666,8.917759413568958e-06,7.240837681995452e-08,6.405519791398069e-06,5.742705059821056e-06,0.900253418060861,6
0.10462206666754767,0.012424431563497011,1.04333525857234e-05,8.471434252565983e-08,7.237676081908825e-06,6.1831401218120466e-06,0.8829295628858234,6
0.9081144953718072,0.05590509761671362,7.24261123529081e-05,3.7173982302081685e-07,3.214191556466498e-05,3.3960974804951196e-05,0.03584150626893326,0
0.8964221618971101,0.04902724880225741,6.368769219939592e-05,3.260057055602029e-07,3.323469633578565e-05,2.9782850443172465e-05,0.05442355805594826,0
0.9020078741238711,0.06483101565324388,7.036644620760321e-05,3.292934143524363e-07,4.461489789027563e-05,3.3140340276212505e-05,0.03301265924509668,0
0.9190572060620666,0.04973295477105131,7.169647993914896e-05,3.3551756481432623e-07,4.545818787181691e-05,3.3766743524036375e-05,0.03105858223798227,0
0.8372188941619811,0.14029622880199888,3.993387870829258e-05,3.3209822873779444e-07,2.8046554446543967e-05,3.2814920868944535e-05,0.022383749583767456,0
0.8128450360408326,0.17748068500672454,2.8970223386150488e-05,2.8416032616421924e-07,2.244898403554816e-05,3.081685018250935e-05,0.009591758734512595,0
0.8705933500406897,0.12313372078620888,3.644371816217491e-05,0.0,3.1561918008716426e-05,2.56974373838097e-05,0.006179226099546809,0
0.9209519371961709,0.06538767823009362,3.85517679850387e-05,2.6391885027663874e-07,3.338758506528401e-05,2.108460182105809e-05,0.013567096700013818,0
0.9394569388169852,0.04637971477101151,4.5835387801248434e-05,2.6922186181815463e-07,3.4058453208120173e-05,2.15082619222147e-05,0.014061675087209768,0
0.9523321095231505,0.027696327917531866,4.4015149216534946e-05,2.758158598807246e-07,3.319912017050023e-05,2.419825664822114e-05,0.019869874217422395,0
0.9518498982236342,0.02547214705822384,4.297095363042271e-05,2.7051357756717184e-07,2.4164530666739725e-05,2.3733069518299898e-05,0.022586815650748913,0
0.953339339528595,0.02551200551492521,4.3038193973012596e-05,2.709368734006149e-07,2.420234298374181e-05,2.2947727978214062e-05,0.021058195754671306,0
0.9632442869174188,0.019377926769685628,4.5099718135918505e-05,2.839147160928009e-07,2.5361632216259474e-05,2.4589185831283648e-05,0.01728245186199614,0
0.9342255834141632,0.020950163783470324,5.920548233122277e-05,3.9451764800199075e-07,3.2257063628696075e-05,3.404972412140103e-05,0.044698346014637264,0
0.933014137134069,0.0274671868745564,6.343663310681884e-05,6.594835634455083e-08,3.701201326716598e-05,2.9992064023858325e-05,0.03938816933262031,0
0.7211379029931159,0.1318391499515159,2.752225833497651e-05,2.981928554032166e-08,2.0196383756889213e-05,1.6439077670481063e-05,0.14695875951632034,1
0.7465969369313697,0.15103830836574184,2.9536408832651384e-05,2.488372662991479e-07,2.4281460995206953e-05,1.805038603833885e-05,0.10229263760975602,1
0.6042964687679477,0.036197701255732365,6.709263702398222e-06,6.06359669883056e-08,4.95454213971123e-06,3.345876749852436e-06,0.35949075965776095,6
0.860869726162848,0.117323847813081,2.4015906982775376e-05,2.0867207997833274e-07,9.486703091945454e-06,1.0282542575137485e-05,0.021762432199341243,0
0.870400673847433,0.11348861917598507,2.7856151108801442e-05,2.240708732447674e-07,1.0186766941925209e-05,1.1041334778599953e-05,0.0160613986528795,0
0.3986257587177402,0.5852778745452412,2.5420862389143235e-05,2.536407301579391e-07,9.374733512094272e-06,1.0355427045334702e-05,0.01605096207334211,1
0.3273359671983789,0.6697028476268855,1.6136240737641687e-05,1.933074264714997e-07,8.095593034428206e-06,8.758183687805358e-06,0.002928001849849337,1
0.362442822408711,0.6342489360773579,2.654276145294573e-05,2.1636237048172276e-07,1.3035629935231344e-05,1.1977487954552878e-05,0.0032564692722178976,1
0.6904989673602429,0.30637519178552153,2.6118141337490614e-05,2.4874682872162573e-07,1.3336554876825056e-05,1.1785877058032535e-05,0.0030743515341345264,1
0.4398309921359989,0.5599977313991892,2.240439361976921e-05,2.7210207864807955e-07,1.9374090004571905e-05,1.4433895619743772e-05,0.00011479198348930648,1
0.8856700004648611,0.11264232133105166,1.425463087169324e-05,1.479756594926568e-07,8.691770593475347e-06,1.1573850521696047e-05,0.0016530099764409318,0
0.8748750771196837,0.12368282152571884,1.8957945785631387e-05,1.3754820795429857e-07,1.1259745627093815e-05,1.1114088786412457e-05,0.0014006320261902858,1
0.8527096430164742,0.13852784290477926,2.3894902775669086e-05,1.9424105817435368e-07,1.614691380452384e-05,1.401506985683414e-05,0.008708262951251388,1
0.8958385276228846,0.09762680421472622,3.1267071891632645e-05,1.889188284560191e-07,1.5704486310988025e-05,1.377126147528146e-05,0.006473736423882898,1
0.878222632896311,0.11204287610973532,2.3883283138048063e-05,2.0430292919260323e-07,1.6643241979353313e-05,1.39110438708046e-05,0.0096798491220363,0
0.8550488326725023,0.1409316864056424,2.692676863273597e-05,2.3195666694258774e-07,1.996675122840352e-05,1.5548833763711217e-05,0.003956806611563789,0
0.7593747045539576,0.23834339165211793,3.307037270334479e-05,2.39887560433986e-07,1.9941426377672502e-05,1.608046816819235e-05,0.0022125716391148335,1
0.7873442258183996,0.21084934403751032,3.128282662400523e-05,2.1029367883654357e-07,1.7481339618537046e-05,1.760349101734942e-05,0.0017398521931513828,1
0.803366729255754,0.19134034474647435,2.8667891474103215e-05,1.6059276987696569e-07,1.4492313335272143e-05,1.3768312501601716e-05,0.0052358368876907774,0
0.8454071076581439,0.1499389366955761,2.4931727932832307e-05,1.3966340182950982e-07,1.4013535906821262e-05,1.197394728852781e-05,0.004602896771749921,0
0.9278275058704332,0.0683099294086651,2.474487970605115e-05,1.3854408107348157e-07,1.202544023351708e-05,1.069218057530232e-05,0.0038149636763057993,0
0.9286816911147098,0.06614819263531084,2.3961802972172765e-05,1.3415971356820436e-07,1.1644883020332914e-05,1.0353392486558205e-05,0.0051240220117868525,0
0.9522978103066637,0.0438698161077774,1.9730961486140738e-05,9.356151400280385e-08,9.142719976011137e-06,9.391520465057684e-06,0.0037940148221177424,0
0.9779855006166583,0.014904581508718089,1.041535593306537e-05,7.428541537582853e-08,6.985301541477169e-06,7.186178224065015e-06,0.0070852567535095575,0
0.887442012227939,0.10676100704487076,2.7763252333947264e-05,1.1265375946362153e-07,1.4467266290014023e-05,1.695297159519179e-05,0.005737684583211655,0
0.8617536590611957,0.13551354551155034,3.300360141196272e-05,2.853552853997029e-07,1.71979811447567e-05,2.015286647781899e-05,0.0026621556229340032,0
0.8285228213113898,0.16986420095150215,1.8838742296404212e-05,1.732555858968233e-07,7.905036555327024e-06,1.373216665145552e-05,0.0015723285360187895,0
0.8373854325335411,0.16097744383167273,1.8585262926136886e-05,1.8535413360370517e-07,8.640273125256686e-06,1.469109257867166e-05,0.0015950216520224732,0
0.9243235823362432,0.07565006043798361,1.105312439877788e-05,1.0416642710553506e-07,4.139753997158283e-06,8.256188272923836e-06,2.8039926772878597e-06,0
0.9081603955035277,0.09182437021133145,5.2805257766270636e-06,4.369183096718549e-08,3.6242422651012694e-06,2.7380805900091892e-06,3.547744678034453e-06,0
0.9091077412105993,0.09087538346138772,5.498007328994748e-06,4.549130466099631e-08,4.7871187096085935e-06,2.850850045630214e-06,3.6938606241772186e-06,0
0.8570237691459769,0.14260415890277012,1.594123136674749e-05,1.1179243789672818e-07,0.0003393379036009513,6.161418379117693e-06,1.0519605468267447e-05,0
0.8782598711852406,0.12152539926693698,1.0964910083930509e-05,1.1720914927495772e-07,0.00019283348171430102,5.350868726943598e-06,5.463078148097809e-06,0
0.8608029116049207,0.1390059744018878,1.1958989236977247e-05,1.2684398201080055e-07,0.0001672338202746044,5.835978683288779e-06,5.9583610147077365e-06,0
0.7471225480836335,0.2524497446241734,2.5925660170694034e-05,2.1956730717731523e-07,0.0003742768314406982,1.0102096322747285e-05,1.718313695147104e-05,0
0.5932669109802643,0.4058999577856098,4.256792321743896e-05,3.5303010841643104e-07,0.0007463398659154798,1.6242600986004907e-05,2.7627813898602718e-05,0
0.4841599626889186,0.5100922418910004,4.6970462917305826e-05,4.3114233852797723e-07,0.005605722430702387,2.3553947474987156e-05,7.11174366477063e-05,0
0.3769500560393599,0.6137162739216547,0.0005137426175129992,3.6574271530305594e-07,0.008129177075055774,0.0006023749413684941,8.800966233282299e-05,1
0.10986095114718632,0.8133212010469982,0.0017721443849511773,1.5480094661835586e-07,0.07468276777916719,0.00034482068586988386,1.796015488061944e-05,1
0.025312490551091773,0.9239956893432081,0.0033337494816323373,1.6584552951692383e-07,0.047026940217692534,0.0003093520267021001,2.1612534143604536e-05,1
0.02100919759592138,0.8408756575354946,0.004168829903447274,1.612340970286652e-07,0.13362422315945588,0.00030090797190593247,2.1022599677882153e-05,1
0.02048257036779865,0.8029794653857798,0.005822843575724232,1.656986088428389e-07,0.17013384048554517,0.000563637845475559,1.747664106778115e-05,4
0.010873957194762807,0.835005413185004,0.002756574604446517,1.390160631145974e-07,0.15064110275176892,0.0007081585631367424,1.4654684817940101e-05,4
0.008853520753088229,0.7838194705542738,0.003130518588205825,1.2520343695604427e-07,0.20356600287646515,0.0006140458563223505,1.6316168207796115e-05,1
0.11699042401430766,0.8700190754974143,2.223558472888369e-05,1.6460637717368075e-07,0.012916374792376954,1.3981707265025062e-05,3.774379752984784e-05,1
0.05382391935753511,0.9430345896802419,2.3529351665607612e-05,9.463212601983008e-08,0.0030784972768279004,1.4830943810175933e-05,2.4538757793412294e-05,1
0.08481949638118463,0.9115834449649927,3.435512785176375e-05,1.1121599943585863e-07,0.003466632959811948,1.623589290877224e-05,7.972345725069977e-05,1
0.03160454361684468,0.9022431770588615,0.000548863243982257,1.8380432957700374e-07,0.06542335991964428,0.00015010258197037984,2.976977436756529e-05,1
0.0011171742247108388,0.03771093364495286,0.0010787150613181555,5.109042001959177e-09,0.9600659012032541,2.6839074279278795e-05,4.3168244293115537e-07,4
0.005531571433647424,0.09320635032856088,0.00013439386575583352,8.57407897991851e-09,0.9010199577008484,9.342120495991369e-05,1.4296892148529753e-05,4
0.004761239942516222,0.1418922118462774,2.56156620505802e-05,2.2458298494693725e-08,0.00453473700162037,3.1777722814318475e-06,0.8487829953169554,6
0.025137111693253562,0.9494906175607496,0.005872847068983894,8.247176755106592e-08,0.017504677982880627,0.00038859651690910005,0.0016060667054554865,1
0.00978474961525384,0.7306032813813801,0.2145117963415178,2.3916236723738425e-07,0.03913186026109002,0.005957939843639151,1.013339475198939e-05,2
0.002036531586407115,0.06463657977795546,0.9109311897093991,3.592426174377934e-08,0.02000236856051767,0.002363298872600772,2.999556885814599e-05,2
0.003595503237787227,0.034748811618203215,0.810806556395407,3.522748531599268e-08,0.002118418499329768,0.14872134621098193,9.328810805507759e-06,2
0.0022813240490418196,0.038463707234926835,0.9169437753794295,3.532740758469521e-08,0.001414048120188474,0.040884289773441,1.2820115564653768e-05,2
0.002799756004358705,0.049684649766773344,0.8882113907353544,4.2477103945236584e-08,0.00042598864134799823,0.05886492797578205,1.3244399279466524e-05,2
0.005517918801389509,0.06627293731432624,0.8341339647128195,1.4864151258282804e-07,0.0009027301654727136,0.09315777311813286,1.4527246346819397e-05,2
0.006077143829304193,0.045750721943641964,0.2050523390736043,1.1727621728793751e-07,0.0012011870087681954,0.7419099010701288,8.58979833528338e-06,5
0.02849389383200098,0.731898437354427,0.04640961358335138,8.199272999918815e-07,0.03848158717651982,0.1547014172856649,1.4230840736112423e-05,1
0.01580770076161058,0.8013370471227352,0.036295019409845475,7.242719828831429e-07,0.018828762820616317,0.12772466987688794,6.075736321489705e-06,1
0.01432541001282067,0.9130813419888741,0.045158198947050775,4.94827042990403e-07,0.01632651761045234,0.011101082977929196,6.953635829858222e-06,1
0.010884028734998037,0.9382357849556011,0.030986825761419208,5.009998951785241e-07,0.011979522322400479,0.007907239385909058,6.0978397765275115e-06,1
0.9406882069255398,0.03605249770591716,9.234137751816979e-06,1.245826250292669e-07,7.412133124658311e-06,5.419921135794917e-06,0.02323710459390563,0
0.9383809589606008,0.030440439005036214,7.286188880959772e-06,1.1146545621997611e-07,6.207426986059411e-06,4.849263546467644e-06,0.03116014768949343,0
0.9805060411617396,0.010783842152138056,4.472930518152729e-06,6.631897452369236e-08,2.522477125789588e-06,3.387456099786482e-06,0.008699667503403959,0
0.984518159975109,0.009120789687317134,3.638077285653413e-06,4.698308535613045e-08,2.658148582725756e-06,2.7552019962677458e-06,0.006351951926623725,0
0.9794238639926941,0.015234820699911411,5.574127932245608e-06,7.84777311908206e-08,3.3093869751783397e-06,4.671152893819968e-06,0.005327682161862286,0
0.7873593204851177,0.21260565013844623,9.946386873283225e-06,1.6376433623377054e-07,1.1977090739238637e-05,7.558126742855264e-06,5.38400774445327e-06,0
0.44404416632779203,0.48907722926611324,0.0026075521697729496,3.452398937056148e-07,0.05651742748745313,0.007739671702904013,1.3607806070794518e-05,0
0.44082520365329025,0.5415142951337087,0.00044006523896823307,2.007087424976468e-07,0.014682006916429981,0.0025311060044739407,7.1223443861753285e-06,1
0.672585159649321,0.3262727823492306,0.00021916196856609896,1.212706330472308e-07,0.0004309972477503668,0.0004791297060264973,1.2647808472676294e-05,0
0.8253128548281925,0.1740742260356456,7.71447664388879e-06,7.568177300122018e-08,0.000560513305922567,8.478296087409818e-06,3.6137375734798285e-05,0
0.7801736207574077,0.2192136431007764,9.322111251059703e-06,9.145324306007344e-08,0.0004954438041662703,1.0245104495697518e-05,9.763366865979522e-05,0
0.6690365351837333,0.3309139810734277,1.2152548615466813e-05,1.5866545957380672e-07,1.2285021672545442e-05,1.0315145841984741e-05,1.457236124950019e-05,0
0.7461593220449754,0.25379597942404425,1.1096049300189328e-05,1.4043560800396632e-07,1.1433986534287628e-05,9.12998822717844e-06,1.2898071310694014e-05,0
0.46708695770833875,0.5328547528355996,2.1760286438145577e-05,1.9653735564707173e-07,1.3855726783974256e-05,1.43544291988139e-05,8.122476285075986e-06,0
0.40162076694964727,0.5983108810862905,2.6226730891436454e-05,2.405992348137903e-07,1.9591797964691634e-05,1.5903902983660464e-05,6.388932987493733e-06,0
0.6241680775009318,0.37577429878787355,1.89749088463875e-05,2.001450646006383e-07,1.7851956973988113e-05,1.3570425637554238e-05,7.026274672057504e-06,0
0.6616090637569987,0.3383347329115024,1.8611670987310763e-05,2.0083297235011195e-07,1.581515040006499e-05,1.3623063859319867e-05,7.952613279878969e-06,0
0.7222777318643159,0.27766324477520077,2.3618544677980768e-05,2.43173456424683e-07,1.6369362472237574e-05,1.3722985068585631e-05,5.06929480820052e-06,0
0.9525283480076844,0.04740178336943807,2.887517597996939e-05,2.0518001583686912e-07,1.8562773441994342e-05,1.7017299246880283e-05,5.208194192803188e-06,0
0.7505881955307536,0.24935640575828777,2.1867690812222333e-05,1.7203938718608308e-07,1.510382474631053e-05,1.4268669012693407e-05,3.986487000056593e-06,0
0.7985385772314653,0.20140731946214058,2.2188318902042413e-05,1.6152727275476726e-07,1.4180936466593386e-05,1.4276679334760534e-05,3.2958444180150025e-06,0
0.8256611360378177,0.17427400276765107,2.1385843395585934e-05,1.556853844809114e-07,1.366806055998249e-05,1.3760340736498179e-05,1.5891264454718765e-05,0
0.9741062450063606,0.02390881617614745,1.8513730245465402e-05,1.2445498798919207e-07,1.0340323949309305e-05,1.126875480660914e-05,0.0019446915535025774,0
0.9809005994862158,0.018119062788825257,1.9925892232598066e-05,1.3340662425016457e-07,7.579535111006308e-06,9.712325899145836e-06,0.0009429865650922715,0
0.9105903669110911,0.08153270728232294,2.0718563712411186e-05,1.8370834336404697e-07,9.262862329571143e-06,1.3858050822090218e-05,0.007832902621378653,0
0.827875599112948,0.16589664580728664,3.392666242122519e-05,2.5546045405212396e-07,1.2880716102509146e-05,1.9270675955490742e-05,0.006161421564832331,0
0.9020047559194969,0.0929542562802719,2.7502285407441074e-05,2.0657070594771186e-07,1.0626339197811272e-05,1.720681320119429e-05,0.004985445791718937,0
0.836108381465437,0.15614167984748775,3.5233708817337696e-05,2.324261228598905e-07,1.5126156212790815e-05,1.8450134402388305e-05,0.007680896261519956,0
0.7533394343979952,0.23764988041337137,4.319048446503478e-05,2.8476528525538813e-07,2.1336536489065433e-05,2.239380374852852e-05,0.00892347959864564,0
0.7899726624700945,0.20122609685642165,3.31226720738428e-05,2.3808072082746756e-07,1.5502276536027243e-05,1.8722552272258176e-05,0.008733655091881166,0
0.7202133356225848,0.2656502209609545,3.939983005131395e-05,2.5125614521260176e-07,1.844015058828204e-05,2.3996139380424495e-05,0.014054356040295394,0
0.6876079921554836,0.2795514869102404,4.203303658931193e-05,2.64404180562838e-07,2.2329639689114036e-05,2.5251838374676173e-05,0.03275064201544203,0
0.8677765031457116,0.04617904147440363,3.676015564216087e-05,2.3442271177402177e-07,1.9797624522108843e-05,2.108707174601913e-05,0.08596657610526254,0
0.8763348787007469,0.04650174461179162,3.70170387903997e-05,2.361846265221482e-07,1.7324941979146532e-05,2.1234430027904165e-05,0.07708756409203746,0
0.7675203736102707,0.20570663679195916,4.222688522399353e-05,2.4899314328884234e-07,2.417101409565228e-05,2.0408579751577083e-05,0.02668593412555562,0
0.7709532769919315,0.20704178574300064,3.825853287467065e-05,2.506092454198338e-07,2.432789724059452e-05,2.1277262372089132e-05,0.021920822963335043,0
0.8552107180087879,0.08812934767027013,5.6425017406663915e-05,3.6960724765394613e-07,2.318000934417302e-05,3.2742478096657586e-05,0.056547217208846805,0
0.3741175073855241,0.02966192415556613,3.744075572328487e-05,2.5065487600109224e-07,2.0339928801418087e-05,2.0981699226121676e-05,0.5961415554202829,6
0.37411642452581007,0.02966183830098281,3.744064735336036e-05,2.5065415049623886e-07,2.3234307351851104e-05,2.0981638495906233e-05,0.5961398299258555,6
0.26249864935907186,0.020812217751156253,2.663228559707319e-05,1.7587139095778726e-07,1.8450339935686382e-05,1.4336882071230225e-05,0.7166295375107771,6
0.08866569991786617,0.008621781281377814,9.788724195637125e-06,8.42125747187526e-08,6.747776405110985e-06,5.952813566222552e-06,0.9026899452740144,6
0.16548379181882245,0.012896024527854748,1.624360417881289e-05,1.2355526690948043e-07,1.0277285435253612e-05,7.667838156368559e-06,0.8215858713702854,6
0.2791149017175349,0.026265852677709194,2.7024966613295713e-05,1.8700410886671293e-07,1.7334286836528684e-05,1.3190714416981342e-05,0.6945615086327802,6
0.04819952165105798,0.004140213435827838,5.03103034961097e-06,3.7779552331696985e-08,3.320371522080564e-06,2.664857412111776e-06,0.947649210874278,6
0.8865007738509059,0.04829211494543815,6.121635885634052e-05,3.0909529256540694e-07,3.6259727167035244e-05,2.8236814319390282e-05,0.0650810892080209,0
0.8633279921620404,0.06825408593433847,6.240130064802804e-05,3.4488454352521015e-07,3.4971145295092365e-05,3.1962290580850936e-05,0.06828824228255401,0
0.758322604857028,0.21354802159079292,5.418497069581753e-05,2.535690654942372e-07,2.9784898261134543e-05,2.7754975553577528e-05,0.0280173951386031,0
0.8254957687141417,0.14980934022432216,6.555517846612006e-05,3.623156499337482e-07,4.3718171098898996e-05,3.087438741506761e-05,0.024554381008906112,0
0.8823354628455599,0.0873013152857539,6.671381317391543e-05,3.1220021059036277e-07,3.10360255773214e-05,3.586048179197861e-05,0.030229299347932292,0
0.8305470152840407,0.1480272611408253,4.213443755684368e-05,3.503985221096312e-07,2.9251624880014898e-05,3.411154069277089e-05,0.021319875573482208,0
0.8073819155224476,0.1841524565058908,3.42919408222058e-05,3.0340784587588274e-07,2.3982125046449878e-05,3.367520985514433e-05,0.008373375288091964,0
0.7353264836410719,0.25790891179308056,3.107637200488867e-05,2.749571724892053e-07,2.1975506926328153e-05,2.7028474734785767e-05,0.006684249255009124,0
0.8137322606783701,0.18032544587947455,3.406346851402659e-05,2.754837741724869e-07,2.3479615100346725e-05,2.5145996527806414e-05,0.005859328878239132,0
0.8910674814820021,0.09701573399232713,3.8779627872126804e-05,3.21904740719821e-07,3.1532328779400524e-05,2.0617518635392732e-05,0.011825533145642931,0
0.9603050740727196,0.024104363699363862,4.0663533091600824e-05,2.559877518134058e-07,2.3676005706891982e-05,1.9743353180488074e-05,0.015506223348185745,0
0.9616517747833224,0.024138166877748512,4.072055831242761e-05,2.563467407395089e-07,2.3709208169911867e-05,2.021394381113418e-05,0.01412515828189483,0
0.9648963209843548,0.0235162623342132,4.5804434551662704e-05,2.5450320175504684e-07,2.3538701420241995e-05,2.0068573546866147e-05,0.011497750468711291,0
0.9755928411166792,0.011792793718199083,3.962934107036544e-05,2.2613861413650655e-07,2.165479809031196e-05,1.958248625969955e-05,0.01253327240108696,0
0.9441847270583709,0.02154319055859407,6.407235255884024e-05,4.3395999194307973e-07,3.689126587155533e-05,3.3584202773505495e-05,0.03413710060183935,0
0.8840479826615484,0.0682258921558276,7.13018512975241e-05,1.580291970374249e-08,3.328986874828357e-05,3.1403331786601554e-05,0.0475901143278719,0
0.7755578155490798,0.11123250377828671,2.6811075468616807e-05,2.9048746847411597e-08,1.8764800530738953e-05,1.6014287297695965e-05,0.1131480614605895,1
0.9031585539196301,0.08007085773188602,2.3976412229473097e-05,2.0991617962243602e-07,9.586792647483209e-06,9.845221056883684e-06,0.01672697000637052,0
0.8374657159237038,0.14772183644617048,2.6321746706107507e-05,2.354643513967548e-07,9.600568572149456e-06,1.0405960230005404e-05,0.014765883890266274,0
0.4905183247394829,0.4955121096850914,2.5465992911765548e-05,2.5409102718307944e-07,1.0068655549293693e-05,1.0373811387587891e-05,0.013923403024549842,1
0.4213878900429861,0.574317422608264,1.723618702767818e-05,2.0694883080641303e-07,8.822708490909793e-06,1.0197627607214251e-05,0.0042582238767933855,1
0.6537571595551903,0.3452548226597859,2.293633378866654e-05,1.8696470438742455e-07,1.1848151945471595e-05,1.0542117254263343e-05,0.0009425042173310293,1
0.5254207591169608,0.47383370650566453,2.4631320552967798e-05,2.4568449670696257e-07,2.09502031372008e-05,1.3036643866250513e-05,0.0006866705253214254,1
0.5180513904927373,0.4815217850891026,2.4603399459817273e-05,2.4632827527476605e-07,2.1290125784843578e-05,1.3248166898765793e-05,0.00036743639774150044,1
0.5251456736397884,0.4745683340455109,2.7127504785837038e-05,2.715995192988192e-07,2.8054383220801964e-05,1.4607319266461483e-05,0.0002159315079081633,1
0.39825020122855204,0.6016368638684151,1.9897141088666594e-05,3.739680713154645e-07,1.4015522640783828e-05,1.4155415923276024e-05,6.449285530896267e-05,1
0.7845263452584357,0.21313109587748133,2.8002911850528052e-05,2.389295141060051e-07,1.9548607872405786e-05,1.7789034660354304e-05,0.002276979380185499,0
0.8740582485704539,0.12303224258500085,2.1068680464594365e-05,1.4444753670607757e-07,1.1824527152771981e-05,1.1671564259589086e-05,0.0028647996251317835,1
0.8723365035872862,0.1257647343135402,2.0004151472200163e-05,1.371490924128077e-07,1.1227073885746955e-05,1.108183968894955e-05,0.0018563118850342816,1
0.8393756762332284,0.15818654689728934,2.2123370493983723e-05,1.6985190554708747e-07,1.4119486910646676e-05,1.2505416300615543e-05,0.002388858743871591,1
0.8357972357415152,0.15959913682771568,2.4530257812226314e-05,1.8479468352889272e-07,1.5361653475944984e-05,1.3333485840590128e-05,0.004550217238956741,1
0.8675081696628968,0.12611107434431468,3.535877305190799e-05,1.994075268219113e-07,1.657639315718988e-05,1.4535836445984743e-05,0.006314085582606531,1
0.892921792993471,0.10175608434721663,3.258956216263746e-05,1.9690944918023132e-07,1.6368732404430757e-05,1.4353738765884326e-05,0.0052586137165300945,1
0.7993720128459166,0.1968869395081879,2.7263621664040907e-05,2.1579787460455744e-07,1.7938893626246213e-05,1.4465655689124764e-05,0.0036811636770417576,0
0.793840880573041,0.202314934478725,2.801525507172506e-05,2.2174722696349053e-07,1.8433452709867994e-05,1.486446074202583e-05,0.003782650032483203,0
0.7896347283520038,0.2083711923381349,2.8899091255604404e-05,2.0962970578692362e-07,1.742614471946933e-05,1.4052182634713122e-05,0.0019334922615454725,1
0.8858564544060336,0.10904510187082575,2.407423855162989e-05,1.3478922901628483e-07,1.4221819719269406e-05,1.0402398753386743e-05,0.00504961047688738,0
0.9404639379131612,0.056795743826863365,1.866698713870408e-05,8.851629353160475e-08,8.921887816716692e-06,8.885091172938979e-06,0.002703755777553635,0
0.9614235331037533,0.03698625117733293,1.8334362903127597e-05,8.693903501349244e-08,8.49557919818579e-06,8.98497430442743e-06,0.0015543138634730351,0
0.9154933722487275,0.0788671287411949,2.5317089233555134e-05,1.0272806825836558e-07,1.3118013079619216e-05,1.7348919306513432e-05,0.005583612260389358,0
0.8708403619403897,0.12605169615604217,2.9155421484673265e-05,2.5208320494659616e-07,1.5459637993203314e-05,1.9979194686195597e-05,0.0030430955661991145,0
0.9540210576188807,0.04250092662569974,1.3308664642977611e-05,1.223967319019771e-07,5.071900644903015e-06,9.701114751200005e-06,0.003449811678648481,0
0.8702034590470861,0.12857273893230928,1.8002337943431575e-05,1.655633671732524e-07,6.081600983575025e-06,1.3122484551540848e-05,0.0011864300337590746,0
0.8549738477898279,0.14273063435875827,1.928699551434299e-05,1.7737806778453101e-07,8.093130750687687e-06,1.405891287442187e-05,0.0022539014342064616,0
0.898437305215825,0.10113877403600668,1.4964263520250439e-05,1.492412623290279e-07,5.813198785458769e-06,1.1828801218543442e-05,0.00039116524338196396,0
0.8945733437187383,0.10520545521417732,1.4450979700472964e-05,1.4412219147779676e-07,7.20864749884516e-06,1.259422513816021e-05,0.00018680309255552212,0
0.8870651153198668,0.11285508014515032,1.4329691427196715e-05,1.4291256195042576e-07,1.497769170738436e-05,1.2488520760192687e-05,3.786571852627471e-05,0
0.9421304772412553,0.057845877505994056,9.454987926865744e-06,8.910533122892147e-08,3.3056726144996905e-06,7.062451993307574e-06,3.733034884523973e-06,0
0.9315997225148605,0.06837721884345592,8.900987891115008e-06,8.388434553668797e-08,5.284863713064259e-06,6.558704494822214e-06,2.230201239149079e-06,0
0.9000797288701261,0.09975482538151538,7.463434747443887e-06,6.23893167628973e-08,0.00014895380374678398,3.6127267567865516e-06,5.35339379058433e-06,0
0.8088487668895029,0.19085209650419457,1.365994598605589e-05,1.0903672126867655e-07,0.00027260328036913194,6.313899571887738e-06,6.4504436542427015e-06,0
0.17027942367125876,0.8274856207841134,0.00042543892035038573,4.812994452363017e-07,0.0014093151167927228,0.0003419335423673353,5.778666567209967e-05,1
0.16373817335653243,0.8322751248805623,0.0006461733294433297,4.968300299289949e-07,0.0023852386253222584,0.0008951416506054063,5.965132750417028e-05,1
0.3683038538345776,0.6256523189307815,0.00038518928195824216,3.629553454103618e-07,0.0052103585543762385,0.0004043386258520295,4.357781710891548e-05,1
0.343138557780457,0.6518297307840406,0.0003748964065870012,3.373203890804179e-07,0.004047436377202392,0.0005685413458344922,4.0499985489496e-05,1
0.34336835026336754,0.6366095953991652,0.0024741764304197977,3.2483759109602366e-07,0.0164137514914289,0.001055635026763119,7.816655126454081e-05,1
0.10573691592564263,0.8552058261653227,0.006632544428561745,4.7178176447830336e-07,0.03084475869989723,0.0014903396286937076,8.914337011746433e-05,1
0.09535628624029224,0.8429824295248727,0.007026065430141692,4.6503862094663747e-07,0.053230201801993206,0.001316023899979892,8.852806409924167e-05,1
0.11214639380801414,0.821027900699133,0.0014727750811949077,1.5269083751273844e-07,0.06503349426496634,0.00030157019334802837,1.7713262506012964e-05,1
0.10799925070626629,0.8130533741174973,0.0015641154577175841,1.6216060568579894e-07,0.07703482754572619,0.00032945818677919045,1.8811825407709755e-05,1
0.024577660822212098,0.9000775483113326,0.004143042268213686,1.7258579132031373e-07,0.07077343146689077,0.0004099414963646214,1.820304919496888e-05,1
0.013166647633985383,0.8684239237316681,0.004076080101538009,1.4457975132307323e-07,0.1131534966620129,0.0011644660977659892,1.5241193278140781e-05,4
0.009448197227335172,0.7271512598092392,0.003302574893201231,1.258510046615136e-07,0.2592269152524788,0.0008576531507937674,1.3273815947212041e-05,1
0.00923411411132827,0.7280048713413816,0.0026407937869595464,1.211385503344305e-07,0.2594086158503741,0.0006987069896428221,1.2776781763292864e-05,1
0.008943806390697126,0.7918126342507136,0.0025321424619676267,1.264802253040536e-07,0.1960556748451514,0.0006422823794108147,1.3333191834133649e-05,1
0.00919652638726337,0.7863017972735834,0.0028337787342948414,1.29683936337374e-07,0.20102171382188908,0.0006323831809362723,1.3670918096762487e-05,1
0.1152280793147691,0.8749725223773367,2.246316174603397e-05,1.4076281423339245e-07,0.009692659341982178,1.4124807402612605e-05,7.001023394920359e-05,1
0.012633475399668423,0.98387095067774,1.7498271167788454e-05,9.991428141327899e-08,0.0034347121626197245,1.4715298902758615e-05,2.8548275619954084e-05,1
0.02774587324948777,0.8258185631121601,0.0010855259983372071,1.660935073963111e-07,0.1447455955748833,0.0005821961076856295,2.2079863938430693e-05,1
0.016473090446120383,0.49321480082528424,0.0020150618327043077,1.0394492995442719e-07,0.4876499549780864,0.000616087757987586,3.09002148869023e-05,4
0.0020316289477527952,0.04737574042068216,0.0016681736229728736,7.022532896900553e-09,0.9488815854921583,4.153273845191961e-05,1.3317554490596694e-06,4
0.0012024807054517434,0.029405700608350818,0.0010251315600129415,4.192886162492644e-09,0.9683416712965887,2.4216913010729672e-05,7.947236988739764e-07,4
0.00022171804381038507,0.011887053810460062,1.1219215057759715e-06,8.834178910030867e-10,0.000263961312930321,1.5269149981437685e-07,0.9876259913363757,6
0.00022577837564823042,0.00848172062595183,1.1257749844766758e-06,9.683543541071968e-10,0.00027301758960191007,1.5321595133730786e-07,0.9910182034495079,6
0.03243725355729113,0.9263826280813261,0.0011662268837428868,7.562414844666282e-08,0.03800348751537121,0.0003695865109785425,0.0016407418271416126,1
0.030853698295423605,0.9297116351222517,0.007665502906417107,1.0122718413165261e-07,0.029099642401210345,0.0008668139362399169,0.0018026061112730479,1
0.030104540123744885,0.8864654774581279,0.06645114075069371,9.876928843752459e-08,0.015863195520470694,0.0011139945333949785,1.5528442794998597e-06,1
0.009202815629460919,0.49286662103403417,0.4716796303685786,1.7979620104138303e-07,0.015904960441248665,0.010336317690396835,9.475040080082919e-06,2
0.008596675609248254,0.03228724746196399,0.5655429849074576,3.429755068103936e-08,0.37614302989740733,0.017386159164099444,4.386866227286159e-05,4
0.011715377191306308,0.05972887574377649,0.8791626373077311,4.573045103708931e-08,0.007569542331048884,0.041806347493938925,1.717420174709281e-05,2
0.0076160471522484915,0.034241647670041585,0.9130471585337371,3.67552990383363e-08,0.019398172070641435,0.025683141492653157,1.379632537921396e-05,2
0.004272599433340134,0.06303368713786445,0.8614442295077115,6.086318346160143e-08,0.003606687355959757,0.06761357613196221,2.9159569978515947e-05,2
0.0029600320946933144,0.046501063432361656,0.875511181041644,4.485202723218172e-08,0.0009453860311052259,0.07407299399291965,9.298555249039392e-06,2
0.008452668965188242,0.08000843776126246,0.4929934830064998,2.143580270104428e-07,0.0012497289241034653,0.4172798152039034,1.565178101592591e-05,5
0.01784547293273586,0.41539961660597824,0.020172754303901225,3.229289310022535e-07,0.003030555946844563,0.5435461184701438,5.15881146521697e-06,1
0.04012586193487955,0.8698662214743631,0.03921428882375318,6.158933118474465e-07,0.006912385765187713,0.04386869972062428,1.1926387880199897e-05,1
0.019145381284960586,0.8963118031297932,0.034143747580570406,7.227591049857154e-07,0.02021000616873604,0.03017525746225389,1.3081614580806022e-05,1
0.019823268141456934,0.8874349560828917,0.03247817109344857,4.987511956701233e-07,0.028899102323118497,0.031354482637523044,9.520970365661776e-06,1
0.014652734561529867,0.8801676570527005,0.033364787201571176,5.94044543850184e-07,0.02061036784996529,0.05119549711229819,8.362177391182227e-06,1
0.014143599495811317,0.893073112004082,0.033348163950422685,5.937485745821599e-07,0.016159858019107805,0.043269043766266835,5.629015734709153e-06,1
0.01866421993644932,0.8907344344436948,0.040947183184681414,0.0016981320847703017,0.01674421330399375,0.03120523665279816,6.580393612338832e-06,1
0.9295373682517939,0.04138720520694456,1.0200962910327686e-05,1.5605620486370814e-07,8.905714985353594e-06,6.789167613975508e-06,0.029049374639547137,0
0.9607843500720444,0.03239460355491631,8.451354578110238e-06,1.1957367643599456e-07,9.581588225751579e-06,6.430815503297022e-06,0.006796463041055478,0
0.9570316474562516,0.034455593835344064,1.1241393460356962e-05,1.8219188697615984e-07,1.0282000526336666e-05,9.256720292604898e-06,0.008481796402238237,0
0.9563579966866477,0.03220828970670043,9.981690735236617e-06,1.6177559096018546e-07,9.716203388455402e-06,8.387153681494474e-06,0.011405466783255694,0
0.9822024115044986,0.01308681114104239,5.428157804263103e-06,8.048188042951738e-08,2.9221194516068346e-06,4.11087232185501e-06,0.0046982357230005815,0
0.9875945965477314,0.008890206735335639,3.7113441840836595e-06,4.5795304595251946e-08,2.590947850330557e-06,2.685547653674123e-06,0.003506163081940153,0
0.9731490076094139,0.020747352190464537,5.7466389013963874e-06,8.520391661616104e-08,3.914019627795116e-06,4.352065591183135e-06,0.006089542272084476,0
0.9528018892964781,0.046925573352327096,7.330530931254378e-06,1.0868787075990054e-07,3.997879336363491e-06,5.522162570031667e-06,0.00025557809048603204,0
0.9634676463430257,0.03651083275751928,5.236859421734386e-06,6.819695331696816e-08,4.972741635999306e-06,3.918280472936979e-06,7.324820970778235e-06,0
0.8637469713813295,0.13621403421102754,8.068455443158544e-06,1.1049772082777378e-07,6.764908449603688e-06,5.696723210320482e-06,1.835382281922942e-05,0
0.02364185231501124,0.7812793930993738,0.00012330611482372475,7.907769400947174e-08,0.19479511412079278,0.00015411948759186516,6.135784712459039e-06,1
0.026413607926174993,0.6586632929801727,0.00015337464294508228,6.473546961615555e-08,0.3145399652957418,0.00022687199046980195,2.8224290258171683e-06,1
0.030483507206526442,0.6406219067620607,0.00036099057928084123,1.2469784178391864e-07,0.3280072219424976,0.0005196413216663732,6.607490126035803e-06,4
0.022966732760924282,0.8201838515658658,0.0011716034496603645,2.2691833026160777e-07,0.1535775262594111,0.002067598202504493,3.246084330370406e-05,1
0.3740114432816565,0.5489459184917249,0.004133646588338142,4.128588468840959e-07,0.06481884397010972,0.008073461767808637,1.6273041515304044e-05,0
0.4461035135109858,0.5287953500077331,0.0004547677538751287,2.288375468743898e-07,0.02087427376983397,0.003761985503021324,9.88061700388983e-06,0
0.5007765491502497,0.48462085193104226,0.00039054364228705403,1.8757628663090682e-07,0.011448026468006993,0.0027484855485704457,1.535568355689904e-05,1
0.38519238411863455,0.5972718485697657,0.000535570250828183,2.117508199978771e-07,0.014413817461617363,0.0025713121567173904,1.4855691616752185e-05,1
0.30815817898431164,0.665505535709154,0.0003705228786769699,2.3428331811009292e-07,0.023041526054692684,0.0029159005050754428,8.101584771326327e-06,0
0.7340396731607726,0.2654667079939699,1.2248530943593492e-05,1.1673714014377496e-07,0.0004524774295588526,1.3077548256175528e-05,1.5698599358857468e-05,0
0.7137621522111872,0.28566357408020454,1.407979211092301e-05,1.3812779267241336e-07,0.0005260067641458209,1.5473848956448153e-05,1.857517560235672e-05,0
0.6465719014124185,0.35333962499957244,2.073712274948227e-05,2.306136427489731e-07,1.2339962613269955e-05,1.4992635224432494e-05,4.0173253779035556e-05,0
0.3464489009726929,0.653490471493717,2.5164894245260355e-05,2.1434720032125865e-07,1.5645951197094008e-05,1.3910511129541167e-05,5.691829818034504e-06,0
0.38164394591221146,0.6182993851898877,1.9934173435303024e-05,2.5263337069890293e-07,1.7282156677923224e-05,1.3396069449863612e-05,5.803864967099367e-06,0
0.3506004792246726,0.6493450393530052,1.9872470928034896e-05,2.0579511193808928e-07,1.6272331561578133e-05,1.2666089222401747e-05,5.464735498198116e-06,0
0.3574825954343021,0.6424554262318627,2.4607184806255714e-05,2.243644136078824e-07,1.781588658374394e-05,1.3521094066651886e-05,5.809803964978785e-06,0
0.6310717131694843,0.3688725163040977,1.8255702395659048e-05,1.8903624995397073e-07,1.717531379652888e-05,1.2473579064618537e-05,7.676894911425747e-06,0
0.665954006836646,0.3339935653020653,1.6529524051591395e-05,1.711802365567248e-07,1.5551292212172622e-05,1.2095102227792246e-05,8.080762560822476e-06,0
0.6562537790306603,0.34369333599382645,1.7173173716811016e-05,2.3419810869270017e-07,1.5152816279765501e-05,1.270522737074027e-05,7.6195600374141335e-06,0
0.5976787893984287,0.4022658961016013,2.1042386456195783e-05,2.3011722263443645e-07,1.4473452436692396e-05,1.202719424319565e-05,7.541349611168015e-06,0
0.6712188151961528,0.32872189882831093,2.2958794720545996e-05,2.534733240311741e-07,1.7062704043088386e-05,1.430423654006794e-05,4.706766908407808e-06,0
0.7392045242609766,0.26074239730534954,1.976044623546562e-05,1.7968709784758452e-07,1.4986480478969212e-05,1.234177582572994e-05,5.810044035881664e-06,0
0.9628425868143377,0.03709973808580052,2.484157649022242e-05,1.7973897967285721e-07,1.4642175438401567e-05,1.1793260960143e-05,6.218347993435181e-06,0
0.96631383843979,0.0336270124129129,2.4931135639299725e-05,1.8038697679501489e-07,1.5444568242951293e-05,1.3908641713935848e-05,4.684414724033731e-06,0
0.9094807051563852,0.08934885168530132,1.5665237597494027e-05,1.1053408536558052e-07,1.0239935822980548e-05,1.0325880708437953e-05,0.0011341015700991294,0
0.9168736887775949,0.08197256994005833,1.54314077368231e-05,1.088841793479054e-07,1.0087087661446805e-05,1.0940694622253688e-05,0.0011171732081465887,0
0.9719746991680089,0.026104498268411536,2.1764840685641974e-05,1.493850393463044e-07,1.383910864020155e-05,1.3805357348616033e-05,0.0018712438718656793,0
0.9786181305807682,0.020018488091492367,1.808768905955172e-05,1.1410906304519576e-07,9.287010813237087e-06,8.77457054379284e-06,0.0013271179482598052,0
0.9740108715947241,0.023770959602684036,2.2045729865593015e-05,1.5827205471439218e-07,9.375025467428922e-06,1.0547458908739579e-05,0.0021760423162951667,0
0.9875700469569502,0.011473741360263343,1.731387070958429e-05,1.1591877628900919e-07,6.779473577247739e-06,9.178470168383111e-06,0.000922823949554854,0
0.7448886286184114,0.25078296357473895,3.137211068794021e-05,2.2090527273964072e-07,1.0331809457244586e-05,1.5885860380558927e-05,0.0042705971210510695,0
0.8543161454575099,0.14050168291259763,3.246817435037352e-05,2.1164345798719755e-07,1.1636616906548127e-05,1.8590189718844316e-05,0.005119265005458751,0
0.8617041019087779,0.13142808588527,3.789063541747662e-05,2.4995306422150286e-07,1.196024922111963e-05,1.8724748756229005e-05,0.006798986619493166,0
0.7776135398852483,0.21542114055398157,3.517058953423773e-05,2.320097440357174e-07,1.509905852230472e-05,1.9648381453275615e-05,0.006895169521516061,0
0.7135507351396952,0.27780839188096895,3.855514541023224e-05,2.2564847482511635e-07,2.1729667231184073e-05,2.0287166104470833e-05,0.008560075352115068,0
0.7581956224198164,0.229270101052989,3.762543465533969e-05,2.4646218971482497e-07,3.262286952650597e-05,2.0925168449299804e-05,0.012442856592373963,0
0.7658866927849846,0.21374210142273123,3.8007103787813295e-05,2.4896228070374466e-07,3.295379307396893e-05,2.1137431535748292e-05,0.020278858501606066,0
0.7859021077912794,0.18605460936981572,3.92473191040611e-05,2.572209755112945e-07,1.901015891863277e-05,2.2625313636581927e-05,0.02796214282626993,0
0.8100881193552629,0.15905289515091758,4.0455149066973315e-05,2.651369098580026e-07,1.6619414162229456e-05,2.3321604042000272e-05,0.030778324189638502,0
0.8842667494066093,0.06948472381592562,6.829151019505748e-05,4.3326157129369437e-07,3.202060526851557e-05,3.85161736800311e-05,0.04610926522675018,0
0.33026376459639306,0.031740271123877235,4.0172618745474013e-05,2.6821772185347463e-07,1.9178462909613837e-05,2.4438186572839123e-05,0.6379119067937798,6
0.27375415351570637,0.017920904840593724,2.6505918578650394e-05,1.8341246279488712e-07,1.2963537666773436e-05,1.2937370370652958e-05,0.708272351404621,6
0.18136057694982238,0.01187249800455163,1.9042468992692346e-05,1.17149699859888e-07,8.588270316132008e-06,8.57093463058832e-06,0.8067306062219867,6
0.798818866341636,0.17639092956423538,6.904479512033566e-05,3.8160234483223264e-07,4.956448497131033e-05,3.201108323584109e-05,0.024639202128456508,0
0.8270125326198395,0.1463704967454235,6.266838130290347e-05,3.4636066643906865e-07,2.9173787823340968e-05,2.951479849941956e-05,0.026495267306444862,0
0.8617538429253023,0.10969335951178112,6.722619299892193e-05,3.715511478862669e-07,3.129556963091135e-05,3.1661381688732765e-05,0.028422242867450084,0
0.8811413329584304,0.0933972205647088,6.997416525337457e-05,3.867388626735354e-07,3.745901464736049e-05,3.9838571526441835e-05,0.025313787986570944,0
0.8509053709378435,0.12192373776011332,5.2397674919231525e-05,3.3752722075722856e-07,2.9882693931164358e-05,3.335136439107039e-05,0.02705492204158088,0
0.7134139729969737,0.28246373678138176,2.881655404884573e-05,2.549627807553131e-07,2.015290432787894e-05,2.829829638188932e-05,0.0040447675041051165,0
0.7104264747604752,0.28560172606910283,2.9136687312480564e-05,2.577952522218965e-07,2.1097729705796636e-05,2.534144644544891e-05,0.003895965511705885,0
0.7197187442761125,0.27688015137331423,2.765671947787964e-05,2.2367004287477903e-07,1.9063505761648436e-05,2.041646967556765e-05,0.0033337439856154388,0
0.7718427142829506,0.22398889146031334,3.0307000305589565e-05,2.4510383681545983e-07,2.5350335303011172e-05,1.9936080380514246e-05,0.004092555736910061,0
0.8374915913806058,0.15766065735278045,2.9678732543285044e-05,2.3651278788842203e-50,2.7506501340333692e-05,1.91576852391099e-05,0.004771408347490972,0
0.8438825593182151,0.15091104975879893,3.188159904521288e-05,2.8569096204384873e-07,2.9548136720129036e-05,2.1545204729924597e-05,0.0051231302915287,0
0.9083498356736568,0.07768934207089774,3.871405537100507e-05,2.6307764748612013e-07,3.058379228881611e-05,2.1017397732110835e-05,0.013870243932405907,0
0.9286214126295365,0.04864747897895732,3.326127637821816e-05,2.6466540171443385e-07,2.7644081278083478e-05,2.2416548798092813e-05,0.02264752181965018,0
0.9430512044461732,0.02262637121478417,4.366748634960187e-05,2.4918165629829693e-07,3.968619587457409e-05,1.9410166606693094e-05,0.03421941130855557,0
0.9601951108272245,0.013297953969649098,4.594998451712622e-05,2.6762217236511885e-07,2.390338934208108e-05,2.3629895140046264e-05,0.026413184311954607,0
0.959593677636376,0.013289624588674817,4.234625720304961e-05,2.921655309310322e-07,2.388841708117078e-05,2.36150941864971e-05,0.027026555840947323,0
0.7643033710067897,0.11804409885354299,2.9293241891921433e-05,2.1112837465507457e-07,2.2112082333335622e-05,1.6981136717394945e-05,0.11758393255034984,0
0.8967888783312138,0.07491142301292275,1.1137808486384545e-05,1.0843875118663873e-07,7.96401082939716e-06,4.712323322429647e-06,0.028275776074473895,0
0.909397840556088,0.07109504961662429,2.0478309896546632e-05,1.7064721875684734e-07,7.3182082582742224e-06,8.66421948693101e-06,0.019470478442427306,0
0.37913967249899255,0.6177016909485652,2.6960250180967576e-05,2.202597539028709e-07,1.3270443631719685e-05,1.2193241104590672e-05,0.003105992357771167,1
0.8127962549912201,0.18590213639376782,2.7358805195747274e-05,2.2406481608981446e-07,1.403587294161201e-05,1.2403883493139892e-05,0.0012475859885655166,1
0.7579322983296096,0.24089936588269534,2.4131513683339266e-05,1.9763374667643512e-07,1.238017733321085e-05,1.1143697617626349e-05,0.0011204827653142689,1
0.3874631538689189,0.6124354096664814,2.1429497206846754e-05,2.749740333282915e-07,1.7264550385700773e-05,1.3772000820185951e-05,4.869544215361081e-05,1
0.4127211582869531,0.5871961985269302,2.093890260427821e-05,4.3478538734917577e-07,1.5201091097983719e-05,1.4635649664901809e-05,3.143275736213801e-05,1
0.8393756762332284,0.15818654689728934,2.2123370493983723e-05,1.6985190554708747e-07,1.4119486910646676e-05,1.2505416300615543e-05,0.002388858743871591,1
0.8723157611996324,0.12057730977970833,2.2356566398467435e-05,1.8729199387606107e-07,1.556925044487561e-05,1.3789449966124576e-05,0.007055026461855785,0
0.8987378118302453,0.09495186561737574,2.3569062486702686e-05,2.160063631752247e-07,1.787386688729695e-05,1.4707933980088493e-05,0.00625395568266192,0
0.728326771847479,0.2702067430770078,2.7499285454162338e-05,1.98611261671962e-07,1.6764409504349268e-05,1.6265648009006112e-05,0.0014057571212842746,0
0.9231668963234247,0.07247269233222783,2.3819510486507283e-05,1.3336303231921997e-07,1.1575732157512982e-05,1.1338046795671757e-05,0.00431354469187531,0
0.9530298380902215,0.04476193022360005,2.0132200215231712e-05,9.546413304124665e-08,9.328641647703931e-06,9.866026028893994e-06,0.0021688093541536594,0
0.9624122600254742,0.03638045202319622,1.8034063705863803e-05,8.55150573948873e-08,8.356429797304728e-06,8.99215376427548e-06,0.0011718197890045942,0
0.9806549897452116,0.01807843765976362,2.680158579869592e-05,4.0992595009041906e-08,6.705530895127232e-06,7.632687697625688e-06,0.0012253917980384783,0
0.9152949504267227,0.07819559285052924,2.5101519903989362e-05,1.0185336182597319e-07,1.3006316144054422e-05,1.9659968832266216e-05,0.006451587064505763,0
0.9297365883803209,0.0655322520336915,1.985293291088546e-05,8.055639526265563e-08,1.0878107032778877e-05,1.3604523327747926e-05,0.004686743466320788,0
0.8672123354467877,0.12583289371119885,3.272290583158769e-05,1.3277833296191154e-07,1.6955326212342654e-05,2.562917748450572e-05,0.006879330654151861,0
0.8963269255093781,0.10081600192265674,2.4898842271101187e-05,1.0103096547883764e-07,1.3556099726080828e-05,1.950122800857029e-05,0.0027990153669938374,0
0.8651107537075535,0.1336941620010311,1.756379753538644e-05,1.6153021176723605e-07,7.027774970850475e-06,1.2802818308862719e-05,0.0011575283703886476,0
0.8625628784036165,0.13466292857778012,1.9827314974244415e-05,1.82347261753204e-07,8.41271000880031e-06,1.445276914951976e-05,0.0027313178772092506,0
0.8823846374797522,0.11688057561435512,1.7022676526079336e-05,1.6977018144146358e-07,7.686985292394613e-06,1.345591492438435e-05,0.000696451558968356,0
0.9069843925055671,0.09267429724793368,1.3733912316685155e-05,1.3697075088824508e-07,6.185231387650866e-06,1.0856245516334995e-05,0.0003103978865276983,0
0.8864561820657194,0.11326074317666063,1.555745086767934e-05,1.551572252768934e-07,5.941395094426794e-06,1.2297698014473039e-05,0.0002491230564177974,0
0.938627754178217,0.06133750113912965,1.0998645548148671e-05,1.0365300963024741e-07,4.680691639871158e-06,8.21549501448761e-06,1.0746197440855737e-05,0
0.9405911584773332,0.05938445566383867,9.706470634608448e-06,9.147534482863083e-08,3.505288822474468e-06,7.25029829880451e-06,3.83232572742294e-06,0
0.9468013883409871,0.05317303115355369,8.855286575372518e-06,8.34536489659117e-08,3.597003497632354e-06,6.6145019760253664e-06,6.430259761134714e-06,0
0.9372985244833082,0.06268052242357472,8.826787909438092e-06,8.318507294156259e-08,3.7216256837151255e-06,6.109884506613596e-06,2.211609944215864e-06,0
0.9220955174494968,0.07789250700718245,5.496800159387834e-06,4.457003631488751e-08,2.387837047672015e-06,2.846582385841372e-06,1.1997536915304073e-06,0
0.9141502360498237,0.08583427140807343,5.184603387705005e-06,4.2133174670921364e-08,4.661655121211063e-06,2.5166543548709915e-06,3.087496064236933e-06,0
0.8657478226723506,0.13411380819471552,7.567646642459398e-06,5.881069308808278e-08,0.00012009528880886667,3.815739600022964e-06,6.83164718934777e-06,0
0.8738079715056056,0.12606886215238947,7.4364218549645956e-06,7.868139405912269e-08,0.0001076817584618992,4.024689441911609e-06,3.94479085243524e-06,0
0.8767974413259411,0.12310450929042263,7.386956650452713e-06,7.755191585308687e-08,8.27007043043382e-05,3.965619668152258e-06,3.918551097607177e-06,0
0.8965613171750217,0.10332299454690937,7.59995136878356e-06,7.978803950383763e-08,9.989703655811858e-05,4.07996392170539e-06,4.031538181029241e-06,0
0.2802679251180997,0.7184660189701098,5.187662695658983e-05,4.617116631553006e-07,0.0011619897570153157,2.6899288319678595e-05,2.4828527835716653e-05,0
0.16045526685796838,0.8360119563035866,0.0006685671317930383,4.830311943761848e-07,0.0020292823861967164,0.0007764497031153315,5.799458614565277e-05,1
0.37020468051308014,0.6210805234147136,0.0006780527992757089,3.613286865432777e-07,0.006791348846942052,0.0012016505831236241,4.338251417839039e-05,1
0.31699131061168545,0.6466923041498259,0.0026740229872682657,3.3807967382778227e-07,0.03260363438000707,0.00097127417678364,6.711561475589084e-05,1
0.028838818991655246,0.8945023439540304,0.004206264629510944,1.7561348879353855e-07,0.07201502000082784,0.00041885442256970516,1.8522387917067422e-05,1
0.029822710238790007,0.8991712606773397,0.003855384000492232,1.7241201477320407e-07,0.06672275922433302,0.00040952872647661247,1.8184720553823108e-05,1
0.02979221326684623,0.8767171168013943,0.004461713015147914,1.8586058782727573e-07,0.08848755724913601,0.000521610632155061,1.960317473265553e-05,1
0.03341284673318934,0.8249406292098079,0.012341432363206548,2.493935133038936e-07,0.12703549795118704,0.002246561705521076,2.2782643574932607e-05,1
0.03229750668430769,0.8264375400507357,0.011477749661163923,2.4984605478445956e-07,0.12726601249651615,0.0024981172769919444,2.2823984230180702e-05,1
0.013578995032234299,0.9169493834895552,0.003697882113582224,1.534830691053629e-07,0.06493871435945482,0.0008186917659506668,1.617975615361122e-05,1
0.010872763316282176,0.8998371153575969,0.001999514401191026,1.3806105598920102e-07,0.08674773641729103,0.0005281784359468029,1.4554010636064917e-05,1
0.010402226715983936,0.8613135556257324,0.002388941346400527,1.422838161267817e-07,0.12487766482545942,0.0010024700404006866,1.4999162206980813e-05,1
0.0680394992691258,0.8655228095300105,0.0003666451289710064,1.242523695557808e-07,0.0657520402814338,0.0003026893103742965,1.619222771497164e-05,1
0.07748230327838208,0.9012163296230228,1.9009859161741694e-05,1.2420773701701421e-07,0.02124078692404966,1.140472509442327e-05,3.004138255235294e-05,1
0.013119118261167271,0.9818272175705568,2.143820016967964e-05,1.2286849609537965e-07,0.004987166286708811,1.279916740325159e-05,3.21376454981536e-05,1
0.036328044566973104,0.9414448305585904,3.774767142992195e-05,1.408606617493815e-08,0.022091722865801185,1.8052927486340784e-05,7.95873236529371e-05,1
0.018743537773518216,0.5921691330844722,0.0038998305479567338,1.2496926236622124e-07,0.38440462339784987,0.0007683647225331411,1.4385504407570512e-05,1
0.00019107475395717548,0.010072122577659342,1.1237121508273275e-06,8.848278718855816e-10,0.0005332313714717047,1.5293520338643523e-07,0.9892022937647297,6
0.00019111832242699458,0.009602908290302095,1.1239683773455606e-06,8.850296285050877e-10,0.000776845939960332,1.5297007535489273e-07,0.9894278496238282,6
0.03731276930123879,0.693373456875648,0.2589477422277142,9.55545347351813e-08,0.008877388145335246,0.0014702225643084541,1.832533122051761e-05,1
0.0022357831744771388,0.16323568210972375,0.6793338817435729,5.844094472847976e-08,0.15294787690976924,0.002242965353580365,3.7522679317505155e-06,2
0.015264541260515394,0.046378744067948646,0.6312324540048975,5.1761598691716885e-08,0.22507352048853257,0.08199382275999767,5.6865656509627706e-05,4
0.016159271533907033,0.050240850879289624,0.8119667898186412,5.2529301210391946e-08,0.028081078928290686,0.09350890585246352,4.305045810674169e-05,4
0.010862646945672572,0.05622982859589113,0.8625867681473189,6.360135595883017e-08,0.0019289291530962976,0.0683478611745491,4.390238211594329e-05,2
0.01231359832017868,0.15233749708212022,0.6248821736308673,1.3411653544664224e-07,0.0019431612403137462,0.20845918033646452,6.425527352015344e-05,5
0.010570833443446002,0.12415839404926178,0.6347310995265517,1.1243337351904541e-07,0.0016074901367909126,0.22888857934378112,4.349106679511274e-05,5
0.002379601969962889,0.04675526876036393,0.00896679489257002,5.71950195737154e-08,0.0008385746209492325,0.9410588979907847,8.045703496541849e-07,5
0.03418127892186995,0.8877628543468593,0.033497918586962126,2.9937131266901393e-76,0.005927759237838699,0.0386189881018959,1.120080457397788e-05,1
0.021878137792291488,0.9172065270425467,0.03129367966092931,2.693752492663563e-76,0.010151323170696475,0.019459868567276183,1.0463766259768774e-05,1
0.017403839286810774,0.9213584034823991,0.03293719625487669,6.324713824821052e-07,0.011704311641398695,0.016583303272964093,1.2313590168229298e-05,1
0.01515181773867785,0.9349788563926332,0.030312938708789868,5.98522596821442e-07,0.012747229100766823,0.006801352771858864,7.2067646766761664e-06,1
0.014359617948811616,0.9319903679108936,0.032889813410921155,5.685927592844426e-07,0.014533951434637158,0.006218510652269695,7.170049707573432e-06,1
0.011515701129337915,0.9261696768928845,0.02547115018189252,4.7414504746031775e-07,0.025299869899871156,0.011537356770656697,5.770980309720007e-06,1
0.9717354113041987,0.014599867748679017,1.1494790037612845e-05,1.816741367781807e-07,1.587832956148606e-05,7.903666289902324e-06,0.013629262487096378,0
0.9594584759044505,0.03326421779482544,1.0014051027920275e-05,1.623000617749406e-07,8.538245230185625e-06,8.414344540750198e-06,0.007250177359863236,0
0.9863110164583331,0.010236714321465622,4.381431811089506e-06,5.4063701559307536e-08,2.251706732856036e-06,3.1704264914222174e-06,0.0034424115914645547,0
0.9861402159672051,0.010706793625317594,4.462717240014105e-06,5.506670499744767e-08,2.349791136673242e-06,3.277681381696797e-06,0.0031428451510138694,0
0.9865562973598727,0.01221241717261263,4.681592591111432e-06,5.6830515661702895e-08,2.747508294074636e-06,3.923202884015314e-06,0.0012198763332299497,0
0.9718488134205787,0.02641990845403937,5.656573925006065e-06,8.386854669470423e-08,3.9403937269615026e-06,4.283857253849853e-06,0.0017173134319294348,0
0.8926914477571397,0.10728605391679995,7.88060939136531e-06,1.1488511673579727e-07,6.5012682913793405e-06,5.375866707532115e-06,2.625696553022644e-06,0
0.8799900333539888,0.11997778247310426,7.99987488467789e-06,1.09558508179381e-07,6.5145941688159175e-06,6.471463467510645e-06,1.1088681877872249e-05,0
0.01925854332355068,0.636426572644146,0.0001641847842486934,4.161887320905953e-08,0.3439338321642043,0.00021401695055747296,2.8085144197601504e-06,1
0.006503433646643912,0.21417579378888668,0.00015680250356726462,2.1677940100640906e-08,0.7790054564041364,0.00015680994731040042,1.6820315151221212e-06,1
0.02929736282304507,0.8354222458067733,0.0011839199928116175,2.4374726968196183e-07,0.13208940847382758,0.0019719509201205883,3.48682361523199e-05,1
0.3027942551769343,0.6644716518953858,0.00026834563273045404,2.0936670651999947e-07,0.030671528826848066,0.0017827411364238661,1.1267964970999525e-05,0
0.7237340119914971,0.27431325648157845,0.00016030309309394514,1.7248934844420345e-07,0.0004678740329786605,0.001310871631427202,1.3510280076343749e-05,0
0.6417370618293861,0.3576332066133373,1.2637166802798939e-05,1.1438901073398531e-07,0.0005901601201648951,1.1437054133241811e-05,1.5382827165006926e-05,0
0.7562752853114436,0.24285515387208734,9.396278296580142e-06,1.3857176251312794e-08,0.0007515899317267628,1.0150303701990869e-05,9.841044556717178e-05,0
0.6468915140540964,0.3528176949404748,1.6484965736389475e-05,2.4311229243725348e-08,8.809405423742999e-05,1.3534973648758397e-05,0.00017265270057700355,0
0.5543393109747304,0.44541354522059745,1.8412886600616453e-05,2.312928560154185e-08,3.3140126180943696e-05,1.2876941268293692e-05,0.0001826907213368504,0
0.542836302937166,0.4570650261890073,2.364600669154497e-05,2.629627940906085e-07,1.1857662692839255e-05,1.7095715597752083e-05,4.580852605041003e-05,0
0.6666453821977099,0.3332901878411986,1.8431725042499004e-05,2.0497574834986633e-07,1.1755293517105118e-05,1.3325866536915026e-05,2.0712100246586606e-05,0
0.3447951213921629,0.6551472100458048,2.3554218574993396e-05,2.0062793660480915e-07,1.4476058722389945e-05,1.4110131781995591e-05,5.327525016358858e-06,0
0.5948827769239695,0.40505356255106406,2.2489183013050587e-05,2.1631818991028507e-07,1.9976718463950178e-05,1.5067944320839682e-05,5.910360978668359e-06,0
0.6342446456502441,0.365695478607436,2.3003722509231842e-05,1.8872049990808147e-07,1.6832941902369815e-05,1.3419197355602246e-05,6.431160052664528e-06,0
0.73317808725304,0.26677794699344504,1.3326911504052401e-05,1.4610047781867807e-07,1.3272859464377515e-05,1.032303874729506e-05,6.89684332153745e-06,0
0.6779443575447415,0.3220008072312113,1.7084327403031448e-05,1.8219890242366965e-07,1.5074422391015729e-05,1.2639496211419582e-05,9.854779139394217e-06,0
0.6602720435671943,0.3396687854855919,1.9024128289630356e-05,1.9212285973905046e-07,1.653787061291306e-05,1.3026496489260581e-05,1.0390328962421077e-05,0
0.5630758006389244,0.43685759630699084,2.440335650319418e-05,3.7360447672958923e-07,1.7912276901178474e-05,1.5167933532158788e-05,8.745882671609726e-06,0
0.9725009423353455,0.02744006749674027,2.4826559037197755e-05,1.7963032224988727e-07,1.60800386418586e-05,1.1689351090897626e-05,6.214588821833525e-06,0
0.9635480632123672,0.03639101094897289,2.4922923671983537e-05,1.779304672212705e-07,1.609748852969503e-05,1.4757265679562813e-05,4.970230311314821e-06,0
0.6548720301631508,0.3450594625090512,2.1927037925774926e-05,1.71257333557404e-07,1.5027288393633371e-05,1.3910164117204104e-05,1.747158002794654e-05,0
0.7548845262443763,0.24503479262947558,1.8961224329990737e-05,1.7514257903798893e-07,1.2118444787976817e-05,1.1217563104561982e-05,3.820875134654968e-05,0
0.9405026384868672,0.05821217649934342,1.4853658385376167e-05,1.1733581665345586e-07,6.950224228482771e-06,9.290671686798393e-06,0.001253973123672438,0
0.9867358049162951,0.009036178441148634,1.680922333792313e-05,1.1460126277810182e-07,6.511103177031417e-06,9.074149204658e-06,0.004195507565573877,0
0.9465462091626122,0.047009720580180436,1.3579439732331472e-05,1.242701870225441e-07,9.809516676982647e-06,9.665979862756377e-06,0.006410891050748226,0
0.7553142412848942,0.2372303805690389,3.8278968573203855e-05,2.7376107415740346e-07,1.380346202398895e-05,1.9485757167155614e-05,0.007383536197228379,0
0.852789593149766,0.13940175871644675,4.439865283984879e-05,2.669130973784174e-07,1.5763348050016343e-05,2.0611808490864504e-05,0.007727607411308964,0
0.8306026723295162,0.1595603862820786,3.410900082519089e-05,2.846757689535024e-07,1.2662538305559282e-05,2.1736358027786637e-05,0.009768148815477449,0
0.8509691717198518,0.14178696551659478,3.781681229706861e-05,2.4946607541930754e-07,1.5248098636118215e-05,2.1126718749948655e-05,0.007169421667794946,0
0.8869658701585621,0.06585761906976567,4.8872274136886134e-05,2.619522077300505e-07,2.7606313792897095e-05,2.5379765410590657e-05,0.047074390466124244,0
0.8921343168479765,0.06371126570192787,4.032584085045707e-05,2.522286908077736e-07,1.8431629203055045e-05,2.2688776438159996e-05,0.04407271897491307,0
0.8904276134072716,0.06050814390563478,3.63085093351739e-05,2.3035193922286018e-07,1.9935734911483992e-05,2.071003607324615e-05,0.048987058054834776,0
0.7636833329036053,0.2255991446358549,3.789776212085082e-05,2.483761837738251e-07,3.285898914764084e-05,1.95848615136477e-05,0.010626932471573909,0
0.7697999026801234,0.21137314083478642,3.758586094264645e-05,2.463320307679055e-07,3.25885574161557e-05,2.0903159757257956e-05,0.01873563257494317,0
0.8089372351864771,0.1675628152392219,3.991708694287435e-05,2.6147346190409187e-07,2.5382541261352133e-05,2.2199657650106436e-05,0.023412188814984646,0
0.8441429575945842,0.11319930944964691,4.127443430226532e-05,2.7050638100289935e-07,1.6955985425871968e-05,2.364258862083778e-05,0.042575589441038945,0
0.8391509740073897,0.11331159623454767,4.873057200195758e-05,3.1920544152315724e-07,2.360354641031351e-05,2.7691422366672734e-05,0.047437085011842274,0
0.6962320332481293,0.0646654325027319,6.022736277867321e-05,3.8190003036669915e-07,3.7343326120844025e-05,3.253570036919404e-05,0.2389720459598397,0
0.6308953616721055,0.05876427713734929,5.473121110615176e-05,3.470490856499369e-07,3.249151950063609e-05,2.9566599021390648e-05,0.31022322481183157,0
0.4385992332227564,0.03670125183275816,5.329900824252995e-05,3.5585777114596323e-07,2.8405431806534177e-05,3.2349608780642066e-05,0.5245851050378846,6
0.3392912664703084,0.03192869447350838,3.3390992920443325e-05,2.273216533481571e-07,2.2998056445828892e-05,1.7413499340908097e-05,0.6287060091858228,0
0.04999316697249763,0.0037410424933111753,5.5896236855787125e-06,3.828790026072116e-08,2.464914396678115e-06,3.2480671423593125e-06,0.9462544496410663,6
0.0961696130393879,0.011507942962189247,1.151553975042126e-05,8.028913758725447e-08,5.758217816977331e-06,6.479489286186993e-06,0.8922986104624316,6
0.04408531608922439,0.004323035198131471,4.4331007587067545e-06,3.735724760069264e-08,2.710387546119885e-06,2.831554041304047e-06,0.9515816363130505,6
0.8244310759157125,0.109456577653927,5.83222116273351e-05,3.223399051876944e-07,3.8970702507234826e-05,2.9874179817028277e-05,0.06598485699650387,0
0.8066979128258366,0.1671195415413131,6.400696090225613e-05,3.537588361775305e-07,5.188826634156493e-05,3.2786058796153195e-05,0.026033510587974085,0
0.8087109187523595,0.15744855176511427,7.23129458156247e-05,4.0622874722289716e-07,4.0774291639563315e-05,3.464979845045412e-05,0.033692386217873745,0
0.6787262452580642,0.2952353068461325,6.161767232138664e-05,3.4614645485095764e-07,3.0313746267740894e-05,2.9525002789484673e-05,0.025916645327969896,0
0.773055097461501,0.2060186103391314,6.139070216819195e-05,3.3929908630258806e-07,3.0059907480956647e-05,3.144594185462295e-05,0.02080305634877736,0
0.8349180055385603,0.1379370426611913,6.65160307598852e-05,3.6762616592121924e-07,3.519814061973542e-05,3.537579688946449e-05,0.027007494205813297,0
0.7714635961868772,0.22379674163275878,3.136751999673946e-05,2.8288080180479194e-07,2.2808212508522128e-05,2.7538643496186664e-05,0.0046576649235608785,0
0.6084574869979404,0.38839589866463353,2.49546380539576e-05,2.2079336412655634e-07,1.7452067044026006e-05,2.4505835866310056e-05,0.003079481003097493,0
0.6344561533618293,0.3631521778351443,2.5815102529701542e-05,2.1060204758497435e-07,1.7226450124769266e-05,2.0691475782917823e-05,0.0023277251725415493,0
0.8500230371654065,0.14140728540121464,3.6228155315342916e-05,2.908322405156209e-07,2.483513582978378e-05,2.15986370768578e-05,0.008486724672916371,0
0.8912713193905988,0.08690759471527294,3.616916650080836e-05,2.5402029134252963e-07,2.65322083455851e-05,2.1514932513655508e-05,0.021736615566476946,0
0.9593560697390661,0.03181192681682757,3.494856475475431e-05,2.454478623610955e-07,2.3723913653317428e-05,1.8927699886219472e-05,0.008754157817949651,0
0.9555374618645025,0.03566043319225166,3.774813171424788e-05,2.4447088502226257e-07,2.3629483309517482e-05,2.1169970308366732e-05,0.008719312887028553,0
0.9500694993855221,0.03652191671450388,4.391471824157249e-05,2.5059244628143877e-07,2.4607464034685914e-05,1.7775070035186863e-05,0.01332203605521639,0
0.9594184758382905,0.026003332228375687,4.434685259283412e-05,2.5305835312408776e-07,3.55624362690584e-05,1.794998219825783e-05,0.01448007960392057,0
0.9583127113122613,0.013267260720020898,4.172719416330916e-05,2.8789434160683096e-07,2.353919055987642e-05,2.2756693843948635e-05,0.028331716994809096,0
0.9476090971679744,0.03008766443623973,6.22944259166665e-05,4.1419735119543577e-07,3.562102471915425e-05,3.495987027846658e-05,0.022169948877520638,0
0.9375234144434409,0.03954747113978894,1.1506525416011834e-05,1.1202861389967e-07,4.9203919692298885e-06,4.868324692805278e-06,0.022907707146078503,0
0.9062162522883771,0.08855264789187152,1.7047345348540483e-05,1.4272589508606868e-07,6.3015361300057235e-06,7.2465785877026915e-06,0.005200361633790157,0
0.8500149940031998,0.13357124005590285,1.5962453118738752e-05,2.0174542867292564e-07,6.215932504948185e-06,8.958254212508989e-06,0.016382427555632413,0
0.43418026573350016,0.5556995857033176,1.939037921360576e-05,2.9340515849616044e-07,1.0677532684487436e-05,1.240026057464216e-05,0.01007738698555103,1
0.7628729080430897,0.2363805625189092,2.027762592153613e-05,2.7266562489935595e-07,1.944694398590653e-05,1.188748830601e-05,0.0006946447141627333,1
0.538537814559595,0.46139128635337273,2.6510097967146523e-05,3.383571016486074e-07,1.8556231414871928e-05,1.872643925772592e-05,6.767961290836525e-06,1
0.38371464050684173,0.6162263752149609,2.1343772989225707e-05,2.72417596337445e-07,1.8168478917392586e-05,1.3750597167965837e-05,5.4490115264945736e-06,1
0.4545382780627097,0.5452784292295819,1.8433446466483048e-05,2.2343135357319995e-07,1.64021250967093e-05,1.562852802414347e-05,0.00013260517676752463,1
0.7969695400408585,0.2020010308977934,1.3662228843261178e-05,1.3941235515300673e-07,7.100549046378586e-06,1.289695632194403e-05,0.0009956299147814152,0
0.8999054897788908,0.09353017572120596,3.140901934554471e-05,1.8977648940963585e-07,1.5775782141136997e-05,1.3833780777067968e-05,0.006503126141150087,0
0.8078483714187554,0.1887961610984899,2.646099521751945e-05,2.0944490054281766e-07,1.741078218811139e-05,1.4039794519048498e-05,0.0032973464659294075,0
0.8493506864736746,0.14882264356757624,2.546230311807685e-05,1.4417116180826978e-07,1.3681225148152018e-05,1.2366896656904092e-05,0.0017750153626641034,0
0.9369532968530073,0.06016556554533482,2.1919399514215856e-05,1.1444877292431256e-07,9.93399983555214e-06,1.1875933191041528e-05,0.0028372938203439562,0
0.937511877760179,0.05961170025430052,1.9592504067831052e-05,9.290496790944311e-08,9.078563071893917e-06,1.1382336680302516e-05,0.0028362756767324267,0
0.9771098659557214,0.02178859932527075,1.6298970753370584e-05,7.691310187003208e-08,7.293395248220631e-06,7.935545877889299e-06,0.0010699298940265462,0
0.8964445291011658,0.09950954875130875,2.8607148303790278e-05,2.3201510825816344e-07,1.4654527334644534e-05,2.203787437623864e-05,0.003980390582402485,0
0.8979343703433172,0.0995348329986683,2.40241384282734e-05,9.74817171729632e-08,1.3061543692880626e-05,1.646290516084324e-05,0.002477150589015467,0
0.9044103127879763,0.09300660849700895,2.4197401578546328e-05,2.0921524130619652e-07,1.315574412443461e-05,1.6581636361936188e-05,0.0025289347177087675,0
0.8610336809998776,0.13670562079005152,1.8744976529540586e-05,1.7239324367570148e-07,7.8057543285376e-06,1.3663817760828218e-05,0.0022203112682081375,0
0.9075573034715313,0.0923741623340692,1.2899979966105188e-05,1.286537951938238e-07,6.368791208435239e-06,1.0197047020440156e-05,3.893972240921915e-05,0
0.9180940446838454,0.08184966246711409,1.187179077942157e-05,1.1839948151336311e-07,5.462437404255321e-06,9.384294325469367e-06,2.9455927050010212e-05,0
0.9460862129041103,0.053890007585401696,9.763177083471345e-06,9.20097555489647e-08,4.154913543957066e-06,7.292655473229576e-06,2.4767546316718543e-06,0
0.8976331298634087,0.10235132868178225,6.260420047648405e-06,5.0761741518580836e-08,3.861596745177036e-06,3.242031894713963e-06,2.1266443800227536e-06,0
0.9087301007767536,0.09125109900930514,6.444147261919238e-06,5.225146797299811e-08,4.493681811723036e-06,3.4609940622472708e-06,4.349139337336733e-06,0
0.9007610831058549,0.09913392695532351,6.276413966486072e-06,5.0891425975490776e-08,8.279500370997091e-05,2.7552304823997353e-06,1.3112399237053238e-05,0
0.8831003547573609,0.11682019982376769,7.241313206733166e-06,5.3784602125764256e-08,6.467136690421268e-05,3.696896281396183e-06,3.782057877168375e-06,0
0.3662663483580743,0.6329623763306098,4.9917710832682466e-05,4.0665733776096063e-07,0.0006751002752093811,2.7762089694934923e-05,1.8088578240996643e-05,0
0.1615341302903002,0.8373824810307825,4.6250749332063744e-05,3.826853626710204e-07,0.0009760824742627969,2.6125546933218267e-05,3.454722302640321e-05,1
0.14092570957922318,0.8573259697606653,0.00038282647837390777,4.330919501003331e-07,0.0010826885894101449,0.00024602493160917545,3.634756876807527e-05,1
0.15162173099012033,0.844963281827398,0.0006060875674372449,4.5513975743461197e-07,0.0019121065135611086,0.0008416921289553227,5.464583277057708e-05,1
0.3235789389120901,0.6432816879079606,0.0018942864250059213,3.448664153774937e-07,0.03026261722410999,0.0009430116785043192,3.911298591363944e-05,1
0.30815502986871535,0.6463518657028348,0.0021984874532156346,3.216560638925903e-07,0.04202389076558635,0.0012320763534841206,3.83282000999445e-05,1
0.14946189959784245,0.7368241081693506,0.002072028368689534,1.798050112394868e-07,0.1111943179303057,0.0004186734668527784,2.879266194790581e-05,1
0.0319271420459229,0.8880918093374658,0.004124867568082457,1.8827197800159084e-07,0.07520989743503209,0.000626237831515353,1.9857510003453436e-05,1
0.03090667240559541,0.8727871643073046,0.004558589770722932,1.898961613114603e-07,0.09086948929421146,0.0008578655093801361,2.0028816624149283e-05,1
0.029467343422003803,0.8728542337808244,0.005923798923383429,1.8991075391328057e-07,0.09087647217509606,0.0008579314321966233,2.0030355741864507e-05,1
0.03153741235372278,0.8263317044442788,0.011373602328719468,2.4981405888949173e-07,0.12812234884461052,0.0026118611532743026,2.282106133510915e-05,4
0.029041577744813953,0.7862002166612349,0.010680276787770442,2.3079523279039852e-07,0.1715022473878488,0.002551108080504385,2.4342542594660464e-05,4
0.015701843783465702,0.9104535183592743,0.00482136817583739,1.5803445109573624e-07,0.06748794483559983,0.001518507261250034,1.6659550121736956e-05,1
0.012562428666001085,0.8817441366418629,0.003478047478181319,1.4759025819116342e-07,0.10068675708574844,0.0015129239854502676,1.5558552497684626e-05,1
0.05663159880339365,0.8289474063358989,0.0003781353465250385,1.3134954671537458e-07,0.11352098732845099,0.0005078943340973754,1.3846502087361952e-05,1
0.05642158500292644,0.8258733205097788,0.0003767330615305709,1.30862447320722e-07,0.11687595014538249,0.00043848526450391764,1.3795153430640474e-05,1
0.0696234480072999,0.9108908037047659,1.618973404911242e-05,1.3247215215328657e-07,0.01944080526415204,1.1357410361646615e-05,1.72634072189297e-05,1
0.035446885253878166,0.9008178781303022,0.00031240771871991996,2.0131046733666518e-07,0.06314759247395836,0.00020245482068029512,7.258029199361905e-05,1
0.002794398176697332,0.027093799709285563,0.0006322045646578526,6.4817786016327e-09,0.9693841750737389,9.484334414886675e-05,5.726496929086051e-07,4
0.012067407037083755,0.10420575432872202,0.00032323663639884434,1.3341216219188148e-08,0.8831026860341145,0.0002972287046858656,3.673917778643288e-06,4
0.048241847770519125,0.6564748232173547,0.00022173070433609754,1.261637434782766e-07,0.08567214454737011,0.0001818035283315258,0.20920752406834509,6
0.0062492080246987535,0.3934023189988018,0.0002884430102277194,5.6448806436585764e-08,0.10388823566228488,5.7115930326475014e-05,0.49611462192485406,1
0.0002222648853303268,0.007334541605688835,5.575256639077668e-05,9.886562887679986e-10,0.0007974138882267715,8.308525166287713e-06,0.9915817175405407,6
0.022611021544574828,0.845685804143756,0.021555776316349775,1.0173981616427097e-07,0.10827038061888022,0.0009374309953181025,0.0009394846413049339,1
0.0032154271048493777,0.19865315940165432,0.7822386562248219,7.246805091071357e-08,0.01240977490267372,0.003476943415510148,5.966482439492274e-06,2
0.00894124632538852,0.5705294710680865,0.38945402863967465,2.0151434717218944e-07,0.020636276442066483,0.010427805072036323,1.0970938400199546e-05,2
0.011969543288554253,0.13821011306051542,0.0808209519238872,6.03234561990815e-08,0.01183288505534479,0.7571554676458102,1.097870243190786e-05,4
0.010081912744428158,0.052087402988303375,0.21388085995387346,5.394134758208017e-08,0.004464908983706607,0.7194639959933316,2.086539500936746e-05,5
0.0023863831428975516,0.0409050215549938,0.00843775695672504,2.1736539469729923e-08,0.0005800358388955238,0.9476894438944408,1.336875507831675e-06,5
0.0022784446794950025,0.03406641448019057,0.006764848001225449,4.396923634134148e-08,0.0007325126022991325,0.956157115821909,6.204456443574411e-07,5
0.05098202169754815,0.8683596070612049,0.03210634963373939,2.893788882676771e-07,0.003997840654476351,0.0445458036922498,8.087881893304982e-06,1
0.03334398856648425,0.9144206314601964,0.03126704023967204,5.394462009942378e-07,0.0049102959000685365,0.016048760063263993,8.744324113967605e-06,1
0.028782373421174765,0.9218902848189732,0.028348435160417823,5.335425009831576e-07,0.005096602021008982,0.01587312240970617,8.648626218100743e-06,1
0.03079245341207666,0.9240945908383937,0.023934370562548,1.0533603305586574e-06,0.0053265927773456356,0.015842307213048842,8.631836256375031e-06,1
0.03045255262318298,0.9138940239580957,0.035535068393970914,2.050289463199326e-76,0.005030558419964522,0.015079153523900575,8.643080885303075e-06,1
0.030421966363650077,0.9183029791520806,0.031032217036801573,2.4581960826995632e-76,0.005012905649480373,0.015221207294611627,8.724503375522561e-06,1
0.012201113037151554,0.93132140489907,0.039479419120047515,5.964555283428567e-07,0.009962239947676905,0.007028047967280365,7.178573245340313e-06,1
0.010652241408457962,0.9135645610557848,0.044991880390559354,4.7335672614897497e-07,0.02248192174523625,0.008303160657851959,5.761385383463032e-06,1
0.9782017545401613,0.013345584098241667,1.079375803460281e-05,1.705943881630267e-07,1.280720540012651e-05,7.421645914392813e-06,0.008421468157859975,0
0.9554362170727091,0.03925238027266636,7.204374111502007e-06,1.2254692792369988e-07,9.200089721435988e-06,6.024661248693015e-06,0.005288850982614857,0
0.9725003540247398,0.013828946559161864,1.338937628128724e-05,1.7217514591303345e-07,1.3063718382419439e-05,8.74779439143706e-06,0.013635326351897315,0
0.968490232049029,0.01603407098513886,1.3079303610173547e-05,2.2414723111547626e-07,1.1663739346018537e-05,9.852770763197818e-06,0.01544087700488167,0
0.959336788669729,0.033259998924722894,1.0012780955052557e-05,1.622794774076037e-07,9.760479076428012e-06,8.413277357182725e-06,0.007374863588681914,0
0.980348267481055,0.013227471682994449,4.969720447346289e-06,8.032995146269138e-08,2.9166032461348013e-06,4.103112058535118e-06,0.006412191070246931,0
0.9849669315984836,0.010085953173330007,4.033205783989489e-06,5.678320325627617e-08,2.364971642665452e-06,3.379850821196368e-06,0.004937280416735023,0
0.9859103318911564,0.010009145928016357,4.405914911907357e-06,5.436580532650795e-08,2.2642890952730923e-06,3.2359624191770178e-06,0.004070561648595492,0
0.9844436684502478,0.013096003461272807,4.671490536916103e-06,1.6455023326708878e-08,3.4549695360975786e-06,3.91473730154903e-06,0.00244827043608137,0
0.9788855819123645,0.018580218341110868,5.526421192452627e-06,8.193880606507233e-08,4.585284755310549e-06,4.185289510397833e-06,0.0025198208122603595,0
0.9452045085258343,0.054730978214557406,7.338337210119235e-06,9.012264449653324e-08,5.8467669793594065e-06,5.178028943007729e-06,4.6060003831095674e-05,0
0.9352549465659978,0.06471381381742279,6.409531469770479e-06,8.637191490229873e-08,6.1990978877632226e-06,5.092501432751541e-06,1.3452113873946659e-05,0
0.8969883133891208,0.1029889759108607,7.991499701880249e-06,1.1626840491246769e-07,6.579547600452149e-06,5.366072740426319e-06,2.6573115707074256e-06,0
0.8937155458103059,0.10626172041064447,7.978637024691495e-06,1.1655231198935512e-07,6.595613703086759e-06,5.379175750029373e-06,2.6638002600550316e-06,0
0.8795482493058572,0.1204292046050794,7.703480352201875e-06,1.178492578175788e-07,6.592284539013894e-06,5.439032988630696e-06,2.6934419254628796e-06,0
0.8798799858264219,0.12008866740927322,7.524759710807703e-06,1.0701791156692036e-07,6.210373441287194e-06,6.087121145301366e-06,1.1417492095880865e-05,0
0.030980780512977146,0.8099649247523666,0.000466303502999892,7.236622113092277e-08,0.158278066084561,0.00030669765549668783,3.1551253774738507e-06,1
0.06214041837060448,0.8529682338722078,0.003920481705303254,3.2870565319736306e-07,0.06967411665310043,0.011249374470457029,4.704622267365257e-05,1
0.5100109264337758,0.4576723240189658,0.0020343128599235294,2.894931394676653e-07,0.020255632601054945,0.010008757830807291,1.775676233322798e-05,0
0.5092350232178232,0.4878849158565588,0.0003168192500169509,2.487136855931355e-07,0.0007043876083893934,0.001839124779325487,1.948057420061454e-05,0
0.6482487093985633,0.3498991000138004,1.459698705606819e-05,2.152692970446474e-08,0.0016708106104927254,1.388221088522664e-05,0.00015287925227254446,1
0.4467475137636629,0.5530712572328053,1.9185330226363676e-05,2.5468498864095437e-08,7.109670525127346e-05,1.3761310192835462e-05,7.71601893625515e-05,1
0.5847984982150849,0.4151213982467628,1.858920051238634e-05,2.0672700343925578e-07,1.1855727435579994e-05,1.343971898912544e-05,3.6012164211745276e-05,0
0.48099994086880793,0.5189362765916687,2.3004961617353622e-05,2.6182132423227627e-07,1.4610176649731798e-05,1.654408402683291e-05,9.361495905205232e-06,0
0.4285184738967246,0.5714238571769297,2.1778618996250128e-05,2.0223342518867234e-07,1.289381011204145e-05,1.443638093190168e-05,8.357882880516684e-06,0
0.4131861947929616,0.5867514789612662,2.3038079479132045e-05,2.1392861152655928e-07,1.4908290569143955e-05,1.5324726734169175e-05,8.841220378196336e-06,0
0.3512675825525193,0.6486749934370356,2.2011303700880294e-05,2.0439410511123656e-07,1.4919439996188942e-05,1.4861339834743966e-05,5.427532808261422e-06,0
0.37407763430613433,0.6258596978311537,2.576278013672859e-05,2.1943981727004367e-07,1.6017679104557988e-05,1.4840903195747764e-05,5.827060457657873e-06,0
0.4402872689697325,0.5596585245196328,2.0057584613779236e-05,2.182256999617857e-07,1.4347581700092198e-05,1.4089384247529143e-05,5.493734373271729e-06,0
0.6632809223817863,0.3366580323679355,1.936410220140548e-05,1.974427708822748e-07,1.731252547779135e-05,1.3294154659905652e-05,1.0877025168167212e-05,0
0.7630159120353681,0.23693408729325682,2.0154047868319775e-05,1.704892433763222e-07,1.2956714671851381e-05,1.1710022854471557e-05,5.009396737080938e-06,0
0.9632736635672879,0.03666675869590003,2.508452826496471e-05,1.924426856045194e-07,1.545380369636729e-05,1.2189889834033643e-05,6.657072330991577e-06,0
0.795568242410384,0.20437898539812188,1.8125660394986502e-05,1.719128673290388e-07,1.5832701102689454e-05,1.4258175660018616e-05,4.383741469085579e-06,0
0.9507196862013735,0.049210875845275684,2.6625438431783503e-05,2.1158427824425643e-07,1.914217135093071e-05,1.7548458431158268e-05,5.910300858253225e-06,0
0.7719821536720255,0.22796599949400823,2.047136003207768e-05,1.6105405298742663e-07,1.4570668031810072e-05,1.3357563130265977e-05,3.286188718998454e-06,0
0.6505892811355453,0.3493482245174805,2.187042284187591e-05,2.166220618341722e-07,1.4988488296873369e-05,1.3874248408424354e-05,1.1544565365287545e-05,0
0.9237439131965118,0.07540688082045748,1.491118377771304e-05,1.0746288878518835e-07,8.796381314187094e-06,7.868186608240795e-06,0.000817522768441964,0
0.938636320911356,0.06021445671046338,1.527860516970393e-05,1.0885248798823988e-07,7.189285835047063e-06,9.564700262299827e-06,0.001117080934425748,0
0.930336075445133,0.06784798086762243,1.6446102957617155e-05,1.4850167231941678e-07,8.321047638759406e-06,1.0763304005998921e-05,0.001780264730969999,0
0.9463798541107041,0.05264301942992627,1.5025935623034092e-05,1.1821700017502945e-07,7.002419911233834e-06,8.60908271752309e-06,0.0009463708041177665,0
0.955921980020544,0.0215339264705459,2.9330104114001317e-05,2.2536485236096365e-07,1.1363248740461265e-05,1.6117380471087448e-05,0.02248705741073229,0
0.9578377211252247,0.01756555943828793,3.254906863899956e-05,2.21598572915466e-07,1.1737250234823546e-05,1.6647855911612522e-05,0.02453556366312883,0
0.8743117971294239,0.1166032442535261,3.647424966933054e-05,2.69032147110763e-07,1.3839459168223345e-05,2.2328072562965426e-05,0.009012047803502421,0
0.7946608854455297,0.19794848261987072,3.947970869792907e-05,2.612344281597488e-07,1.596741489212323e-05,2.2123353976119563e-05,0.007312800222605202,0
0.791616119813584,0.20032635168608626,3.9607537544004895e-05,2.620802625543853e-07,1.446585516582468e-05,2.0419452364826555e-05,0.007982773574992486,0
0.658318162172015,0.33404992493118196,3.864919720725578e-05,2.2312372014752598e-07,1.8833521515590784e-05,2.1606462852423583e-05,0.0075526005915076315,0
0.28356258650720384,0.02170824780924441,2.8378242996093098e-05,1.8998401185825495e-07,1.2371704275839235e-05,1.68575158160388e-05,0.694671368236452,6
0.35600360829268746,0.027743087187497587,3.562796146013845e-05,2.385187502080472e-07,1.553227249468945e-05,2.0280324574012373e-05,0.6161816254425359,6
0.33364890793839835,0.027915574004413617,3.2835706143528646e-05,2.235413312561677e-07,1.4384811590988992e-05,1.8963621615920428e-05,0.6383691103765063,0
0.23026772391926079,0.019265927551253434,2.2295397030916257e-05,1.5427700293789926e-07,9.927674706119498e-06,1.3087739485634131e-05,0.7504208834412602,0
0.062129018325701175,0.007095517499761529,5.214447801344037e-06,3.873339187999128e-08,2.408254906887372e-06,2.8531878413779807e-06,0.9307649495505959,6
0.11145463092121304,0.0166361814979036,7.731272653492626e-06,7.264296653815905e-08,5.479810789930232e-06,4.93171191625238e-06,0.8718909721425572,6
0.7463253130389104,0.2338112154920899,6.39592434664271e-05,3.5349510760291447e-07,3.423906850717946e-05,3.0604070889446515e-05,0.01973431559102907,0
0.853624155761097,0.12447572359991331,5.763826727608813e-05,3.185598263603805e-07,3.085528337959473e-05,3.28153429944328e-05,0.021778493185513212,0
0.6800994159955145,0.31680253263846,2.8660332850889256e-05,2.1360665155071977e-07,1.8205798059614645e-05,2.141201057740345e-05,0.003029559617886008,0
0.6733109198218791,0.3232429667520585,2.807547567069467e-05,2.0924768668639913e-07,1.7834281379339668e-05,1.9100005503675203e-05,0.0033808944158220224,0
0.6710988256858448,0.3256096502725412,2.828103548926452e-05,2.1077973255504006e-07,1.7964858388529483e-05,1.7144250964803857e-05,0.0032279231170388675,0
0.7290385417859695,0.26667106989738165,2.7116333365035903e-05,2.2897752607884538e-07,2.253300947895109e-05,1.7092387632377533e-05,0.004223417608646246,0
0.7793424158224935,0.2150415537684106,2.9007317258960424e-05,2.501191688656574e-07,2.4613496789097838e-05,1.69145685632868e-05,0.005545244907315544,0
0.8251242701379791,0.1697065893947969,3.263956290017073e-05,0.0,2.5784992106102216e-05,1.6925510010290017e-05,0.005093790402207391,0
0.9086937325136856,0.08599098341097344,3.012117236865208e-05,2.396790818971595e-07,2.8849445589169506e-05,1.8485528039326026e-05,0.005237588250261761,0
0.959353837445646,0.03181185279472341,3.494848343411268e-05,2.454472912367075e-07,2.372385845093948e-05,2.125452226050133e-05,0.008754137448193821,0
0.9539751550125984,0.03165405620805184,4.163496376234805e-05,2.3758338520247913e-07,2.7450569122806838e-05,1.6852308893732384e-05,0.014284613354185573,0
0.9430691163394826,0.028363483306952982,6.417217525681922e-05,4.266825582016078e-07,3.6272605746189476e-05,3.60136703959126e-05,0.028430515219606982,0
0.6922804543498561,0.2532074307128197,3.9799303245393114e-05,3.326768244810782e-07,1.6847305661037676e-05,1.52940005874222e-05,0.05443984165100589,1
0.8834264895977963,0.10476565421768069,2.4395542981384924e-05,2.086140994009628e-07,8.581839728646842e-06,1.0298095037961115e-05,0.011764372092675451,0
0.8854336999267238,0.10288208918749503,1.679618947989353e-05,2.12282812766096e-07,7.568398153754141e-06,9.666425081233874e-06,0.01164996759025335,0
0.5837840842198466,0.41400152595222356,1.5378547948439163e-05,2.832207770013417e-07,8.468372204097881e-06,9.834671087116544e-06,0.002180425015913216,1
0.7688022003037336,0.22920034695523175,2.2927744789181665e-05,2.1265038784782364e-07,1.2161624482511828e-05,1.0804829110329138e-05,0.001951345892264685,1
0.7668720223561788,0.23040460924263997,2.2188605100815596e-05,2.326030094010647e-07,1.2661469882641702e-05,1.1248909926814924e-05,0.0026770368132615274,1
0.7590960982621758,0.24056815837689646,2.0177236020273777e-05,3.025200280458243e-07,1.9350666601455607e-05,1.1884949842125334e-05,0.0002840279884357614,1
0.6593492682067078,0.34056716857924507,2.2198969814884232e-05,3.2159701327905684e-07,2.004002631890652e-05,1.6496716700581043e-05,2.450590419944612e-05,1
0.43608945879769273,0.5638479688144941,2.0904476314781405e-05,3.1232401467966314e-07,1.921461589777751e-05,1.454235349854201e-05,7.598618087231897e-06,1
0.3585384464782974,0.6414076121874375,1.915758926987303e-05,3.6706867656569326e-07,1.4287216753346116e-05,1.3221177562115975e-05,6.908282003189593e-06,1
0.6258929364357809,0.37405543721669793,1.8666240809950665e-05,2.6286076192985114e-07,1.5820528101111704e-05,1.2387144500942523e-05,4.489573347168449e-06,1
0.6730735743169928,0.3268442410207251,1.527073164202184e-05,1.7714128711048962e-07,1.2119171665230024e-05,1.0291463350898018e-05,4.432615433676315e-05,1
0.7726091366209419,0.22683109502105803,1.2866123121660248e-05,1.2712703976345838e-07,7.467167706094471e-06,1.0453074601893568e-05,0.0005288548655305713,1
0.7966672541858495,0.2002782188820897,2.6929677731896095e-05,2.603311368460006e-07,1.8398378847332956e-05,2.1394622257317852e-05,0.0029875439220871615,0
0.6949685283903104,0.3018476996375086,3.172551990707198e-05,2.098992628623737e-07,2.0287941969183038e-05,1.6766513598502617e-05,0.0031147820974433632,0
0.6672601370424515,0.33068633728525487,3.1284867819487414e-05,1.2166048580084949e-07,1.1759174268824915e-05,1.0672138388217253e-05,0.0019996878313312772,0
0.7701453147072461,0.22754449258729023,3.5163637945217847e-05,1.4907934594389287e-07,1.2738365476207748e-05,1.3153922916137002e-05,0.0022489876997802997,0
0.839693601203547,0.15824646220654967,3.190121053126021e-05,1.699162392698276e-07,1.4124834858632403e-05,1.2638829836587094e-05,0.002001101798437658,0
0.8785050746666878,0.11340916441650228,3.196292123225968e-05,1.8576725629696512e-07,1.544250172091591e-05,1.3817871391436349e-05,0.008024351855208963,0
0.8749468693284175,0.11679820213479397,3.268631839303343e-05,1.8997161248811083e-07,1.5792002375720877e-05,1.413060278603783e-05,0.00819212964162143,0
0.8545060205617089,0.13825676276482954,2.434914880594076e-05,2.936446120787471e-07,1.7909055369152477e-05,1.576551642858679e-05,0.0071788993082457534,0
0.8577624167283343,0.13637706592874885,2.176995571176022e-05,2.0531035252729943e-07,1.615184458400832e-05,1.3981672226515923e-05,0.005808408560042003,0
0.8268817142476642,0.16953740136221976,2.2094337538145054e-05,1.9371276963458236e-07,1.6392514106492202e-05,1.4122769543234477e-05,0.003528081056158811,0
0.8211083676529864,0.17583989921936743,2.399187846126437e-05,1.9079578742086063e-07,1.614567094701944e-05,1.5651928933491723e-05,0.002995752853516925,0
0.7562218880081054,0.24264414835279044,2.4969953886507408e-05,1.8244653292507757e-07,1.5399974628108043e-05,1.4252765691573036e-05,0.0010791584983649526,0
0.838504816972031,0.1599296526647795,2.2354980506671606e-05,1.3825409861172293e-07,1.2125789076641936e-05,1.1859335310055959e-05,0.0015190520041975853,0
0.8551467547329895,0.1432014108704815,2.3805719239292215e-05,1.3479134956859564e-07,1.27911211808341e-05,1.2575203329970695e-05,0.001602527561429329,0
0.9474383840077197,0.04929575387612141,2.2478046053400226e-05,1.19293163394792e-07,1.0354486424507693e-05,1.2378617982749855e-05,0.00322053167253479,0
0.9639588706559971,0.03484586429348149,2.2768325604585252e-05,1.074412963329834e-07,9.450496822009591e-06,1.1085306865805859e-05,0.0011518534799327986,0
0.9793898333323238,0.019517020175859167,1.6193854240067764e-05,4.9352762712684445e-08,8.247559025954145e-06,8.234161583497714e-06,0.001060421564204718,0
0.9763657827888257,0.017525131673140626,1.4208014821129206e-05,7.78018043592445e-08,5.260393259519434e-06,7.129199943019153e-06,0.006082410128205825,0
0.8712152950170912,0.1233959749921739,2.490351669414587e-05,2.5208948537967408e-08,1.2757275288246173e-05,1.8901230682597984e-05,0.0053321427591213,0
0.8776596472376215,0.12078379377470666,1.9025589960872074e-05,1.749739809505638e-07,8.465168385730868e-06,1.5290231759701275e-05,0.0015136030235846447,0
0.8778335741302382,0.12148489817236888,1.8188025944725785e-05,1.672710970711437e-07,8.321022165192071e-06,1.2384731625373126e-05,0.0006424666465605121,0
0.8963114608276833,0.10315216255669418,1.4053954649348573e-05,1.4016259000954757e-07,6.8402398530178095e-06,1.1109229375478582e-05,0.0005042330291545037,0
0.9451348451860567,0.054843648638892656,9.069115905697657e-06,8.546881106368035e-08,3.203432175217417e-06,6.875831336071143e-06,2.272326822403965e-06,0
0.9251987317049146,0.07477292096657635,1.1035117879543913e-05,1.0828783797810277e-07,5.613329028255476e-06,8.711586137900958e-06,2.8790076253013636e-06,0
0.9213380613627291,0.07862356179729502,1.1784906430152586e-05,1.156455283963137e-07,1.1439795666028484e-05,9.166017131358355e-06,5.870475219780358e-06,0
0.6751390515515513,0.3248147959971377,1.8165485995443982e-05,1.8235674345546596e-07,9.769751696844251e-06,1.312610664240698e-05,4.9087502327899e-06,0
0.9050007306966237,0.09498414198110354,6.255744228684256e-06,5.07238282936153e-08,2.6967551661490833e-06,3.999043030191489e-06,2.1250560194900056e-06,0
0.9022239055381756,0.09768962924883598,6.471014092110025e-06,5.2469313912917025e-08,7.541270613548891e-05,3.134041723354153e-06,1.39498172343385e-06,0
0.8808101148556363,0.11910424424038461,6.9831968694787175e-06,5.662227642296868e-08,7.106973319346226e-05,3.3821021001989644e-06,4.149249539572572e-06,0
0.8702286996767531,0.12968428778792138,7.000137127848689e-06,5.6759634141793986e-08,7.061503231832356e-05,3.390306606599378e-06,5.95029963851639e-06,0
0.654897616460193,0.3447551258704521,2.0255003041594003e-05,2.033326493038517e-07,0.00030475570763560596,1.3881316586989654e-05,8.162309441494749e-06,0
0.6689915796823562,0.33066679047877207,1.9984552500126498e-05,2.0106887086998618e-07,0.00030136274835973535,1.2010033743153447e-05,8.07143539766827e-06,1
0.7075596562155065,0.2920233668137966,2.037759246975814e-05,2.055268620505297e-07,0.0003743718223751431,1.2879961751401545e-05,9.142067238469073e-06,1
0.20395094773599784,0.7953965243221035,4.176770234281779e-05,3.402628517171884e-07,0.0005583788797119914,2.132359961036493e-05,3.071749738173054e-05,1
0.10637702552707215,0.8900432503550386,0.0005997771014662159,3.6188037309717875e-07,0.0022163718914640198,0.0007305442084069515,3.266903617898154e-05,1
0.10398202497133896,0.8894071207936277,0.0018404321768915647,4.271563871926053e-07,0.0031835697815652585,0.0015316779244691338,5.474719572010315e-05,1
0.2637749592500114,0.7195482181447374,0.001568324379637056,3.755135487342828e-07,0.013813110352137564,0.0012722518570990814,2.276050282887385e-05,1
0.2432600200164368,0.7331271618400688,0.0022387365294722246,2.752207646972666e-07,0.020676438222916673,0.0006623599061296474,3.5008264211251545e-05,1
0.155817670695003,0.7200264462502972,0.0025065860722340775,1.9591699715638865e-07,0.12115822979339819,0.0004773328973925815,1.3538374677913295e-05,1
0.142419285992885,0.7394107914183002,0.0022975903403899653,1.794876132964548e-07,0.11545500403739078,0.0004047391599794048,1.2409563441334294e-05,1
0.03183408212527917,0.872473998295582,0.006275443243763906,1.8496106335741217e-07,0.0885079363928564,0.0008888466817877102,1.950829966761258e-05,1
0.02579030967812926,0.8736136522246982,0.00837968637271454,1.900759839409646e-07,0.09095553837700358,0.0012405754885100268,2.0047782960521436e-05,1
0.017397588863521492,0.9065452851528212,0.004938955762641349,1.625134217954814e-07,0.0701844655647508,0.0009164104321489246,1.7131710693997192e-05,1
0.014690053270554313,0.9201327468363569,0.003273533241058271,1.5082047395726472e-07,0.06083160071769268,0.0010560160410487973,1.5899072815161406e-05,1
0.01633186000343526,0.9119253318209624,0.004901680662462514,1.5469642903126017e-07,0.06545208716404051,0.0013725779875048943,1.6307665165608528e-05,1
0.07063304109571741,0.8538634653403767,0.0003026763023388816,1.2941463717741058e-07,0.07479001496762257,0.0003813162223243743,2.9356656982805003e-05,1
0.07314045504089985,0.8841749049593353,0.0002936403177286314,1.3400874867162794e-07,0.042094755849464836,0.00025907311216549365,3.703671165716362e-05,1
0.039564582021198745,0.8795649081642096,0.0006953055403243789,2.0854939758910338e-07,0.07912606912256678,0.0010293742670314818,1.9552335271357e-05,1
0.037064184787615646,0.8623143859473734,0.0012997695053483832,1.9536952028071152e-07,0.09764073458164302,0.001662413139132339,1.831666936702886e-05,1
0.019943966146280672,0.4715689879580023,0.0028857818435943355,1.1052779212831478e-07,0.5037999569647805,0.0017928141135428958,8.382446007154637e-06,1
0.0026280791759650856,0.039326728075645176,0.0020581562298385113,6.320602021896972e-09,0.955903364133437,8.308965514104398e-05,5.76409371349171e-07,4
0.0026641050614547735,0.04165026325868457,0.0014877292627622813,6.173842166928791e-09,0.9541321236132962,6.520960440180561e-05,5.630255583123043e-07,4
0.002048170973562512,0.04039757924298977,0.0011055255945472352,5.760190966442401e-09,0.9563807010956146,6.74923058245897e-05,5.250272702145783e-07,4
0.022192793532106982,0.8751182285029053,0.03070193121610038,1.018370067286162e-07,0.06959054994844695,0.0009553245750776335,0.001441070388355636,1
0.023436138471941207,0.8476787296714956,0.024060177474722905,1.1426247910224835e-07,0.1025292241456779,0.0012403385553589185,0.0010552774183242325,6
0.02748501910393741,0.8398958352424203,0.03435316255172672,1.1571812242667086e-07,0.09644612632401206,0.0012564551891085048,0.0005632858706722625,1
0.02892413788580527,0.9276451930720994,0.019320145711835327,7.784550168407269e-08,0.02165784911584744,0.002389435282929107,6.316108598203783e-05,1
0.031033713417590203,0.9222732755467008,0.01873683456749469,7.766832541140253e-08,0.02651861687225895,0.0014105918217415555,2.6890105888462652e-05,1
0.04512993149494131,0.855456467453749,0.0433032257192263,1.1011812450237375e-07,0.051732187043388764,0.004339953387881448,3.812478268873581e-05,2
0.0350640852604174,0.8386253884253696,0.0895388459843635,1.1793235625488472e-07,0.03424696768710474,0.002496521542778231,2.8073167610164416e-05,1
0.016308070376034735,0.4848393562300146,0.48409254483857217,6.818091662198158e-08,0.012175889324302275,0.002567840947065309,1.623010309407139e-05,1
0.016014256912433363,0.454769841997552,0.5141373401936844,7.201693855320523e-08,0.01160207758023752,0.0034625999791980445,1.381131995600885e-05,1
0.0029698403906691343,0.1570150623281013,0.8288355048724727,2.517779353098925e-08,0.009187004617044173,0.0019636011449296353,2.896146898961739e-05,2
0.0019639799815350948,0.13716523071886078,0.8538650841210939,4.910731258942429e-08,0.004410505545776078,0.0025918932083024105,3.2573171193393113e-06,2
0.0014153959464473123,0.10793172060726935,0.8690240320753692,3.864125561848221e-08,0.02012692991860206,0.001496951464147997,4.931346908515693e-06,2
0.002508284448673789,0.16849693123170786,0.8213900652784115,6.032455476500321e-08,0.005244991644457724,0.0023519685307809525,7.698541413486009e-06,2
0.003847580081133589,0.19818274391602628,0.7895489692174975,7.095254317955914e-08,0.004930755108929337,0.0034808258523639155,9.054871506103197e-06,2
0.01208785941075744,0.05199925252265653,0.8656989429598468,6.028957860114794e-08,0.007118088867939363,0.06300835629308678,8.743965613429135e-05,2
0.020923850275226835,0.046269868666540925,0.8264315497802893,4.865125708023905e-08,0.00443469771930192,0.10192110464634026,1.8880261043740246e-05,4
0.003208330247056115,0.04821082503869264,0.008613215550691779,3.0785977619144574e-08,0.000611066395545535,0.9393558002734961,7.31708540295698e-07,5
0.001774974768677295,0.03380850902179814,0.002107320686007529,4.606649493345929e-08,0.0001617441823141491,0.9621468049755361,6.00299172053488e-07,5
0.003439147399436539,0.10290026613874714,0.00545402712695014,5.142573418709662e-08,0.0002786468892151111,0.8879251862049432,2.6748149737285028e-06,5
0.04217331470214967,0.8867854557862644,0.031916359827766534,3.154631542624735e-07,0.004160614514600908,0.034950217439525325,1.3722266538805348e-05,1
0.024920258852333035,0.9237871652095728,0.03187412504349158,2.966700253855975e-07,0.004635199719315961,0.014776433207524075,6.5212977372976324e-06,1
0.028799333368577373,0.9182091771284198,0.034052095086238354,2.948786800108641e-07,0.004796881060053278,0.014135736557027656,6.481921003757451e-06,1
0.013090157466035271,0.923087138813714,0.036150505241024554,5.002494940119228e-07,0.020494172374237746,0.007170496019807879,7.02983568644048e-06,1
0.9775316453070925,0.013379880104511445,1.0876795741351439e-05,1.7047752385145988e-07,1.3797575693042745e-05,7.416561775636447e-06,0.009056213177662262,0
0.9795132030085557,0.011515142847225,1.0060144589490329e-05,1.3543774406153818e-07,1.104791834439449e-05,7.234708306497821e-06,0.008943175935234852,0
0.9695214669822001,0.013519426224521116,1.4285053602863148e-05,1.8369273794223445e-07,1.3937610940576934e-05,9.33297482744956e-06,0.016921367461169914,0
0.9628279555429945,0.021893563501174614,1.2307663593201997e-05,1.8248251900430487e-07,1.0975613410941017e-05,9.460691331685594e-06,0.01524555450497621,0
0.9841463990635533,0.010221211053447784,4.0898364129945435e-06,6.610761390444617e-08,2.428155851514796e-06,3.4273076305432676e-06,0.00562237847548982,0
0.9851585312257299,0.009419209502544637,4.038204571090232e-06,6.527304314779177e-08,2.5345232198942327e-06,3.3840398349963835e-06,0.005412237231056106,0
0.9831891719115807,0.015904423596562585,6.148306211294687e-06,6.1401188511159e-08,5.16489653422382e-06,4.656257747416714e-06,0.0008903736301752347,0
0.9100581431583274,0.08954654651164647,1.0706831394473637e-05,1.4970931355918064e-07,8.155800561221892e-06,7.606360874875586e-06,0.00036869162788181114,0
0.9401491637309405,0.0589844076055165,7.689964344599875e-06,1.0752567598279801e-07,5.438826204319407e-06,5.4631143206517585e-06,0.0008477292329974098,0
0.944764695624302,0.055083346077419756,7.385582742431046e-06,9.070287026030917e-08,5.884409514764026e-06,5.2113660228847644e-06,0.00013338623712801215,0
0.9211181010315795,0.07885113155424515,6.312648201022385e-06,8.506636027896421e-08,6.105395427686618e-06,5.015525730668438e-06,1.3248778455464624e-05,0
0.9087570485985328,0.09122246201178423,6.869117690537726e-06,9.769330288286739e-08,5.9466879367345025e-06,5.5567424277455994e-06,2.0191483252024656e-06,0
0.8729672980448986,0.1270094417522948,7.764900947547886e-06,1.087303109145319e-07,6.609019812765627e-06,5.741920208958807e-06,3.0356315262884626e-06,0
0.026637749231971306,0.5895461809114239,0.0003810166446363816,1.3597783671156383e-07,0.3825316002918159,0.0008974884626250846,5.828479690825323e-06,4
0.022977109687285977,0.4882825961368338,0.0002680939635596017,1.1378874923723978e-07,0.4876935594053175,0.0007736496394840095,4.877378770045298e-06,4
0.34262373374036786,0.6369988906327674,0.0005637152468030009,2.460064957832376e-07,0.01295623293845421,0.006837042440092563,2.0138995019248784e-05,0
0.4641224867414188,0.532889228310026,0.00048307898601811136,2.487037908600748e-07,0.0008005662088520577,0.0016849010497131556,1.9490000180950427e-05,0
0.529912458900022,0.46775000286765395,0.0004098665564666539,2.1200910452847766e-07,0.0007530264142279847,0.0011578188797749947,1.661437274974203e-05,0
0.3991957739154364,0.5995961588633761,0.00023049166695707045,2.0563813489994364e-08,0.0006484601594219565,0.00030805958430708065,2.1035246687766552e-05,0
0.5329524030119395,0.4668511705418953,1.729295514924668e-05,2.5502812905868693e-08,7.11924947725543e-05,1.3779850986124126e-05,9.413564244427125e-05,1
0.2897968437840236,0.7101177845065296,2.390645813814489e-05,2.1219872030420873e-07,1.0898906042705709e-05,1.3388800780456918e-05,3.696534576511095e-05,0
0.4523194458824387,0.5475991374200804,2.9302034823455495e-05,2.600909869591043e-07,1.5475339809439508e-05,1.6410590997889252e-05,1.9968640863182528e-05,0
0.5460605191088663,0.453876923705997,2.3148197208608438e-05,2.3508164891183052e-07,1.5689971713925912e-05,1.4832612373484657e-05,8.651322191713829e-06,0
0.5464819740701427,0.45345136056909846,2.3791720220773547e-05,2.4161695053593386e-07,1.6126155048945028e-05,1.712671844394418e-05,9.379150094885107e-06,0
0.6411503743579111,0.35879089531526753,2.0890713111783895e-05,1.973391141703789e-07,1.8224024190207716e-05,1.4026445858069348e-05,5.391804547002326e-06,0
0.6994671774119022,0.3004822562338757,1.692519298640188e-05,1.723220439031056e-07,1.3759269021259134e-05,1.3387193433069225e-05,6.322376737546917e-06,0
0.7460338783203603,0.25392023362905847,1.6209378780904456e-05,1.4987312895406527e-07,1.2901028114828618e-05,1.0652664261169494e-05,5.975106295633711e-06,0
0.6595250910772753,0.3404121625193312,2.2149491864045327e-05,1.939764911273047e-07,1.6124920816304107e-05,1.3787437741239275e-05,1.0490576480728843e-05,0
0.6432153530103167,0.35673010027165253,1.9284722014868263e-05,3.399132496137655e-07,1.294066537058019e-05,1.4024228483764918e-05,7.957188911842971e-06,0
0.5849594528487975,0.4149761816275006,2.1027840861861013e-05,3.556961759744626e-07,2.0212352046334178e-05,1.4442975769967278e-05,8.326658848000136e-06,0
0.5937708569668139,0.40617191453373236,1.9066351793536837e-05,2.484646111338693e-07,1.5635622011016236e-05,1.4131166405219334e-05,8.146894632701336e-06,0
0.6358031225430831,0.36414328951284114,1.7853457689678783e-05,2.3265868952259336e-07,1.464097164724065e-05,1.3232221048544569e-05,7.6286350006669665e-06,0
0.8044262525032974,0.195519785106912,2.12217718818478e-05,1.8043615069815378e-07,1.4698969465393054e-05,1.2162632162463569e-05,5.698580129995115e-06,0
0.9607828905820635,0.03916234608184186,2.30574796166836e-05,1.768916382973606e-07,1.4205001583661223e-05,1.1204840426296323e-05,6.119122829709016e-06,0
0.752303474294541,0.24764627047137686,2.1363088357172373e-05,1.5551973158433103e-07,1.2664805556939475e-05,1.2898555448349378e-05,3.1732649879602524e-06,0
0.7509404524662532,0.24871996556126788,2.173961496218849e-05,1.5267578832014596e-07,1.389416205653238e-05,1.3113855432948873e-05,0.0002906816642390217,0
0.818034985384241,0.1813050994206119,2.0774979544846065e-05,1.4590122156537846e-07,1.2316153544182403e-05,1.3629810244656026e-05,0.0006130483505919302,0
0.8667289880624057,0.13227572920435302,2.09630561241842e-05,1.4722207016665083e-07,1.2427652090989287e-05,1.3753201369172378e-05,0.0009479916015864972,0
0.914553445610895,0.08473519687087094,1.535135743681465e-05,1.2596351321516964e-07,9.056047844198343e-06,8.807423494717864e-06,0.0006780167259451206,0
0.9381514271817838,0.058562779347744794,1.801971879330259e-05,1.3634128605846102e-07,9.004814632239651e-06,1.1018458086914506e-05,0.003247614137672931,0
0.9519970204406153,0.04543480159273828,1.4951072383428749e-05,1.0651897924920459e-07,7.035166607884177e-06,9.359658447814694e-06,0.0025367255502278595,0
0.8163273366086669,0.17820917464040117,3.485185544398471e-05,2.3727626481420898e-07,1.2567639124512872e-05,1.7924292907041246e-05,0.0053979076871914795,0
0.850939099624825,0.1421673994665055,3.267570062831794e-05,1.8057011252594183e-50,1.3542267499799536e-05,1.7177944481978197e-05,0.006830104996059448,0
0.8549050128128325,0.13668414943972343,3.141543254282372e-05,1.7360570944858754e-50,1.3019956204034015e-05,1.8043479883838277e-05,0.008348358878813338,0
0.873331090148811,0.11880355317512774,3.343457643239553e-05,2.4509008224503066e-07,1.3856779474763519e-05,1.9898798697165878e-05,0.007797921431374802,0
0.8398514769990341,0.15274170724909822,3.810192262987965e-05,2.521177156133809e-07,1.5410174666531435e-05,2.1644007543490983e-05,0.007331407529312563,0
0.8676556409475549,0.12730999265394288,2.803868744789039e-05,1.8553000321868618e-07,1.2165136848201448e-05,1.625256696459851e-05,0.004977724477238202,0
0.6652418204152972,0.32730908667630976,4.239938264340889e-05,2.2795490612253667e-07,2.9620771440371874e-05,2.208586860831219e-05,0.007354758930794804,0
0.7078655840854474,0.28524841424682434,3.5084771242422165e-05,2.2258818224335882e-07,2.9447359056727768e-05,1.859561679077418e-05,0.006802651332456056,0
0.7005151459732805,0.2926801692141792,3.472045286687895e-05,2.2027683854356108e-07,1.9328594638677876e-05,1.840252090724602e-05,0.00673201296728893,0
0.8812582189520693,0.09954032348219306,4.013824587342134e-05,2.8385933507628926e-07,1.7831309147969613e-05,2.4469095139609145e-05,0.019118735056241686,0
0.9097961480714357,0.06106984331772468,4.187903492956318e-05,2.961702672865011e-07,2.138022194672254e-05,2.5166065844873393e-05,0.029045287117851128,0
0.9057510951880829,0.060798320134952455,4.1692836173552884e-05,2.946989739849621e-07,2.1285163148533915e-05,2.4255320412680638e-05,0.03336305665825577,0
0.8755601759755519,0.05135512731389115,4.570516161534366e-05,3.230594382639441e-07,2.3333548662007417e-05,2.6589540104175714e-05,0.07298874540073723,0
0.830844932649879,0.05307781074523534,4.723831962234104e-05,3.403299533896662e-07,2.411626150446262e-05,2.7940715366524193e-05,0.11597762097843893,0
0.36854889492715737,0.023924140239248392,3.022996322490581e-05,2.018342871613779e-07,1.314339079937102e-05,1.657037328807921e-05,0.6074668192719948,6
0.4978094256220065,0.02692645789904859,4.2006561865390156e-05,2.812216087041579e-07,2.1583089515248268e-05,2.154239257761702e-05,0.47517870321337813,0
0.5180186634526067,0.02934598849602353,4.2985254989955396e-05,2.9263817512675054e-07,2.103513365076805e-05,2.241693474703707e-05,0.4525486180898068,0
0.31352553907623526,0.022353451402958184,2.5868418362645647e-05,1.7900116558582222e-07,1.1518666490219496e-05,1.5185157724091311e-05,0.6640682582770641,0
0.07291721686163227,0.003976923368181835,5.942061629683728e-06,4.070203573942987e-08,2.5306556573585933e-06,3.4528648479582815e-06,0.9230938934860151,0
0.773097058886272,0.19298860580861874,5.67324686126983e-05,3.456085733382381e-07,3.3090079791415896e-05,3.2765635198095954e-05,0.033791401512933875,0
0.6321180251174561,0.36551912249736745,2.5988369533809984e-05,2.1190449096893678e-07,1.7342071412777253e-05,2.351926062434664e-05,0.002295790779114598,0
0.66335149379267,0.33414795977803735,2.7502827511966426e-05,2.2437066758624492e-07,1.8352671111025767e-05,2.4889832635281894e-05,0.0024295767273667477,0
0.7006352499035389,0.2954037724208164,2.53328536133246e-05,2.2005657727440802e-07,1.875552834363204e-05,1.6510582699831237e-05,0.0039001586544106263,0
0.7084249468841772,0.2859771399748489,2.63677515444148e-05,2.273591881065096e-07,2.1434787457699655e-05,1.863769646246903e-05,0.005531245546321075,0
0.8369275000501126,0.1559371191282546,3.115064832071411e-05,2.2736596597451313e-07,2.643217142679298e-05,2.005009230632205e-05,0.0070575205436128816,0
0.8539539485171946,0.13530033015931317,2.9260629800801684e-05,2.2098656703033202e-07,2.229312294872992e-05,1.8717052291192193e-05,0.01067522953188461,0
0.9185732923623764,0.07708674686721965,3.0448657762774512e-05,3.3979616433580534e-86,2.261796570396743e-05,1.8259445221629182e-05,0.004268634701715422,0
0.9442299527269521,0.041819211715568176,3.080046856956392e-05,2.51702619635588e-07,2.4328471053309025e-05,1.9606538679634158e-05,0.01387584837655768,0
0.9263247220497915,0.04204409159574556,6.142391923208143e-05,4.084093283081971e-07,3.5123254016984614e-05,3.0683882281229985e-05,0.03150354688960435,0
0.8842896618139223,0.07283474835000699,4.9051529882905066e-05,2.9851981252936484e-07,1.771400478806998e-05,1.7060681422418826e-05,0.04279146510016487,0
0.8354796944690013,0.1349517111451886,5.301642630567331e-05,4.207735618833558e-07,2.155666529832288e-05,1.9738788714032314e-05,0.02947386173192995,0
0.776516555250076,0.1632392197881292,5.712198360858176e-05,3.941406352608803e-07,1.9959934888861767e-05,1.8216189425930917e-05,0.06014853271323627,1
0.7342277713067372,0.18343754317799654,5.246885752566391e-05,3.6203415095464127e-07,1.8334009320850655e-05,1.6732308426104513e-05,0.08224678830584262,1
0.7718844111837785,0.15742168367281834,4.208249023269031e-05,3.332050760587068e-07,1.687405719627947e-05,1.586762725894613e-05,0.07061874776363913,1
0.9019867040874179,0.08892783502029775,1.2378210824948823e-05,1.4030810794514735e-07,5.675641322963962e-06,7.123821014422399e-06,0.009060142911013964,0
0.7800132803229459,0.2179486836997364,2.2641746682575554e-05,2.0254446851983552e-07,1.091765622790271e-05,1.029134435985775e-05,0.001993982685578836,1
0.8139505593165779,0.1840111008623281,1.9797773207728998e-05,1.86073025064064e-07,9.657418667142823e-06,8.998674196629078e-06,0.001999699881997526,1
0.7827679190041635,0.217126760409487,2.0627175677238155e-05,2.772770789219518e-07,1.6716270352723814e-05,1.089324299169789e-05,5.6806620248748864e-05,1
0.7837097346743536,0.21619574482849255,1.9764711131449865e-05,2.7030074421109345e-07,1.648533906387978e-05,1.0533376707428539e-05,4.746676950712425e-05,1
0.7828983171578199,0.21703639348662984,1.927584512551758e-05,2.692023001741964e-07,1.6229464212415686e-05,1.3697503796465924e-05,1.5817340116000177e-05,1
0.6346337880203264,0.3652952567932883,2.5752902172826615e-05,3.4496418598923763e-07,2.079693935547612e-05,1.769536473640378e-05,6.365015934727249e-06,1
0.6548215259590184,0.3451336045399151,1.4856628127893141e-05,1.723376646509162e-07,1.1790530465021212e-05,1.0012384964934754e-05,8.037619844002532e-06,1
0.8782861172189337,0.11376717201309006,3.183807575054355e-05,1.8504165920804599e-07,1.5928323272607462e-05,1.3763899515786435e-05,0.007884995427778013,0
0.8957939690774444,0.10003901945722524,3.128150895891062e-05,1.895504595880981e-07,1.631643928028106e-05,1.3817304305140599e-05,0.004105406662326487,0
0.8687565569217439,0.12692654611841336,2.2048986292293584e-05,2.1847338818440178e-07,1.541831189971675e-05,1.4160878568037528e-05,0.004265050309694664,0
0.8193337415109524,0.17689858019013874,2.4136326594439854e-05,2.0646751933940366e-07,1.6242879343224346e-05,1.7125586327542893e-05,0.0037099670391242206,0
0.7967440965734431,0.20021162271098625,2.338371648794303e-05,1.9963297461200628e-07,1.7493296179086438e-05,1.6376887423181374e-05,0.0029868271825058278,0
0.8379933241907037,0.16076186631202152,2.2834520811186548e-05,1.7693658147915095e-07,1.523064093032852e-05,1.7904769118849643e-05,0.0011886626298327453,0
0.8236838381924948,0.17519708697794215,2.265022874570001e-05,1.7848892211541016e-07,1.5073817917174471e-05,1.3671901046922103e-05,0.0010675003929312963,0
0.7825013359423052,0.21524193019994367,3.56571701389627e-05,2.526367955410968e-07,2.5838779692029184e-05,2.6215202040034492e-05,0.002168770069084629,0
0.9369913239043134,0.0583092687814949,2.194457399916614e-05,1.1693456680381413e-07,9.849340793288078e-06,1.1811012631534207e-05,0.004655685452201006,0
0.9394049470711531,0.0583194316298368,2.265348037164405e-05,1.0017602277413018e-07,9.962806057673528e-06,1.2273156583189576e-05,0.0022306316799747374,0
0.9375063213519669,0.06068638596496873,2.3572895257437584e-05,1.0424177006889975e-07,1.0050885091161856e-05,1.2771275312547564e-05,0.0017607933856331314,0
0.9376219429363309,0.06010840574732874,2.334838580750651e-05,1.0324896616414283e-07,9.955159951823056e-06,1.2649641038775712e-05,0.0022235948805759513,0
0.9596557987355103,0.03918712639239774,1.7082190833943378e-05,7.553920677703615e-08,7.1631136746112015e-06,8.490731451316023e-06,0.0011242632969252627,0
0.9710150805214056,0.027828809544181723,1.7284389809304002e-05,7.643335146599026e-08,7.247902227758614e-06,9.089338950145927e-06,0.0011224118700739244,0
0.9669302677023269,0.032116415229213637,1.5997842573231918e-05,7.549211015556119e-08,7.158647669900416e-06,7.788934381692732e-06,0.0009222961517243391,0
0.9692195179055841,0.02976563912848203,1.9448900959894957e-05,9.177728602766036e-08,8.072696249391798e-06,8.484915589141073e-06,0.0009787446758493816,0
0.9162055026235775,0.08131020579749416,2.1099000926154182e-05,9.479795402156229e-08,1.242362739901401e-05,1.6013685479662996e-05,0.0024346604671697933,0
0.9241711482849584,0.07465704600150483,1.7308312395635077e-05,1.5918057361840892e-07,7.1349523776247535e-06,1.261658695324267e-05,0.0011345866812366484,0
0.8728874217538451,0.1257554393236326,1.831749593207909e-05,1.684618028073346e-07,8.243415363578082e-06,1.2472891332852324e-05,0.001317936658090904,0
0.9016754089412058,0.09828743273980105,5.602445320598144e-06,4.5426645348343884e-08,2.5056759459218047e-05,2.6726108267786597e-06,3.7810767412280872e-06,0
0.6548987534071399,0.34475572438887386,2.0255038205661316e-05,2.0333300230320462e-07,0.00030475623671230844,1.2145272454119636e-05,8.162323611820869e-06,1
0.07800994524731594,0.914901622039031,0.0018812473886750782,3.6777300616487837e-07,0.0037086103768342207,0.0014438753272489246,5.43318478885762e-05,1
0.07076279051425095,0.9180590755485892,0.004146009709430549,4.462718150059327e-07,0.005489757680844506,0.001516002913483673,2.5917361586336867e-05,1
0.061318892318297985,0.9291307082038278,0.0029853966231571044,3.837141039154712e-07,0.004902307960120005,0.0016398527119572165,2.2458468536044063e-05,1
0.21513977452441363,0.6405919171064314,0.0025464880014114785,2.443481876293984e-07,0.14080766143839707,0.000868924044336227,4.499053682261667e-05,1
0.1800125448184458,0.6629354956386289,0.003142840265804318,2.357597265333996e-07,0.1533196553609852,0.0005747069875943726,1.4521168815068158e-05,1
0.02910485839339564,0.8942707138584323,0.005804737777389247,1.714723571267822e-07,0.07010151344430281,0.0007076827383179889,1.032231580507587e-05,1
0.017829445625689395,0.9076474087273317,0.0036936615305887266,1.6291122009675922e-07,0.06957054843902315,0.0012415991206677184,1.7173645479055327e-05,1
0.01617128279286815,0.9082307745562084,0.004492631516666597,1.6281557399331483e-07,0.0695297031745366,0.001564447686179937,1.099745796624719e-05,1
0.015270458645343106,0.913406330424497,0.0042423686891604135,1.537459038549007e-07,0.06565653885033758,0.0014137648021191878,1.0384842639171463e-05,1
0.07364584705201944,0.8787297491011343,1.6969069980125928e-05,1.3884905171930538e-07,0.04757521041240909,1.190412953265002e-05,2.0181385872747724e-05,1
0.04037822019425617,0.8976529947407519,0.0002471997043000825,2.128381766480028e-07,0.061164111041737045,0.0005375074015663153,1.9754079211660737e-05,1
0.0012769987563103964,0.024368517190723575,0.0006921620585267505,4.009021275358473e-09,0.9736212733413986,4.067923156889618e-05,3.6541245050658815e-07,4
0.00174188215970575,0.021266578363698992,0.0004933127027184415,4.149098480983365e-09,0.9764401112159223,5.743802651951427e-05,6.733823365801835e-07,4
0.009477617542688613,0.09193429557457211,2.6027911523146683e-05,1.240401568772428e-08,0.8985092709319862,3.928096637279184e-05,1.3494668841544139e-05,4
0.024102490596116105,0.790831204635093,0.11231491194169366,1.0895815685332174e-07,0.07033653068285858,0.002112040134119113,0.0003027130519627604,1
0.025364937199998418,0.7696275116032053,0.16497470063077904,1.0822947544239157e-07,0.03142929952367806,0.008563508470617046,3.9934342246374484e-05,1
0.0055854039266253425,0.29731289557284,0.663681245633307,4.735208912020516e-08,0.02627343922184566,0.007092500213754369,5.44680795384431e-05,2
0.005341918220369278,0.2674066538183766,0.6837147436107857,4.528785938613482e-08,0.032289324759687814,0.011204557163411462,4.275713950991596e-05,2
0.0014738728605132687,0.10714860925301721,0.870341026398234,3.836088942171329e-08,0.019178455738478938,0.0018531018219290938,4.895566938233679e-06,2
0.007245136136245945,0.07237158297666971,0.9002163147131053,5.626134093413941e-08,0.012644280719240017,0.007502411837519682,2.0217355878556926e-05,2
0.007035719441604012,0.03598179250209213,0.007388127340498394,1.888049460081574e-08,0.0011510584635537448,0.9484410335917708,2.2497799863883045e-06,5
0.007382630853230241,0.051665552776317895,0.03457924884354288,2.075258742933333e-08,0.00214219591629368,0.9042281312054733,2.2196525546403897e-06,4
0.001808065790534212,0.03722209184044595,0.001774939816981326,1.701807827072135e-08,0.0001691483504789603,0.9590239104108028,1.8267726784063052e-06,5
0.0034825749202811143,0.11054364575845578,0.0052765135777939984,5.207510796611045e-08,0.00024974291113356574,0.8804457126321349,1.7581250927288908e-06,5
0.023751170560628906,0.9249284405914067,0.03535540143040927,2.9703654075759205e-07,0.003594250941863645,0.012360277432118942,1.0162007031638721e-05,1
0.023814667775872753,0.926760637827393,0.03156456218114685,2.9762494252477637e-07,0.004322701755639352,0.013526950697982598,1.0182137022650283e-05,1
0.024612299671414022,0.9312627653314269,0.029649552420147732,3.004387632569262e-07,0.004326342552116456,0.01013846118463604,1.0278401495677566e-05,1
0.014365969541804299,0.9440432231696354,0.02345184740651778,1.9393293995737802e-76,0.010190762695690983,0.00793819012333718,1.0007063014340906e-05,1
0.011956973906738336,0.9446623839937089,0.02593615398463316,2.1828818782170382e-76,0.007696968590575201,0.009740958059556984,6.561464787263179e-06,1
0.011686362105373166,0.9480898543896947,0.02446999656317923,2.190801917314914e-76,0.007724895109541161,0.00802230656079604,6.585271415635075e-06,1
0.012225631212525795,0.9222305689137366,0.042645972950341504,5.906333928779276e-07,0.01296284416648041,0.009927283621932454,7.1085015905508855e-06,1
0.9718191695587317,0.013079020169376045,1.0699967612769788e-05,1.436986354034108e-07,1.151475135729306e-05,8.25625676372822e-06,0.015071195597523209,0
0.9683387553095232,0.013966737240669219,1.4864410543966685e-05,2.1705098577493364e-07,1.3281647680259075e-05,8.908933227215742e-06,0.017657235407370363,0
0.9641718604182641,0.02210308548139378,1.2360748194523323e-05,1.8326959054685217e-07,9.641414535830202e-06,9.50149656037612e-06,0.013693367171460963,0
0.9579936915911256,0.033689279328117466,1.0015222209379482e-05,1.623190433861436e-07,8.539251818457768e-06,8.415328630434787e-06,0.008289896959055349,0
0.9846964130285496,0.009613741116228343,4.092122116771784e-06,6.614455973981642e-08,2.5705519328749564e-06,3.429223064121982e-06,0.0056796878135485325,0
0.98171139848456,0.010935350275450203,5.1842319096664335e-06,4.946816684984844e-08,5.270292950918446e-06,3.7513367530866e-06,0.007338995910209258,0
0.979647419216537,0.013091020478100757,5.637275556004521e-06,5.379112907025531e-08,3.2875043980290252e-06,4.079161455158963e-06,0.007248502572823844,0
0.9870190648689917,0.012282958728938153,4.985566008630778e-06,4.757248816281223e-08,2.9381441208552134e-06,3.6075810899283836e-06,0.0006863975383626357,0
0.9850914924568005,0.014172573995638638,5.025582347075682e-06,5.471514778961469e-08,3.85750271091043e-06,4.149232889036709e-06,0.0007228465144659964,0
0.037554764483922004,0.8313647617071654,0.00047271175236138164,1.400787059037443e-07,0.1301618896085105,0.00044061355715378016,5.118812181123689e-06,1
0.4521717738261096,0.47866238037188663,0.001974055414005532,2.755523275527558e-07,0.06236620502250478,0.004805980936683657,1.932887648208551e-05,0
0.43450222175646985,0.5628262751332337,0.00038013204149519274,2.3077341234720072e-07,0.0012220571735182145,0.0010509982594211337,1.8084862449627944e-05,0
0.40820651067640273,0.5893983315480832,0.0004185351577135094,2.389439259680207e-07,0.001143414181375864,0.0008115577717561052,2.1411720742629033e-05,0
0.1567904589204394,0.8404832868765048,0.0008150789614459479,1.9766725640479405e-07,0.0014049441087379206,0.0004883205395518039,1.771292606394836e-05,0
0.36384308918516556,0.6360921711003962,2.5849740959748144e-05,2.2876812066337846e-07,1.4026284489129048e-05,1.6215945043844226e-05,8.418975824837989e-06,0
0.4673647783553771,0.5325791171776799,2.2324838467935878e-05,2.0730554820449699e-07,1.3217193800815669e-05,1.4850285121009346e-05,5.504844005174157e-06,0
0.4222782682942778,0.5776586026160613,2.32572413200955e-05,2.08440240488834e-07,1.723162572722869e-05,1.6193110036627175e-05,6.238672336470318e-06,0
0.4457773576823037,0.5541674537303244,2.4142830878414038e-05,1.7365620291166081e-07,1.3172964811533136e-05,1.2501558722063006e-05,5.197576756871429e-06,0
0.6548093802944376,0.3451317071137587,2.119161737033112e-05,2.001815341257949e-07,1.785520987655284e-05,1.4196116361656133e-05,5.469466661300002e-06,0
0.6451693688265112,0.3547666493074099,2.2623631050830104e-05,2.1759086989667681e-07,1.7373815024858907e-05,1.7366078191073248e-05,6.4007509422309655e-06,0
0.7548668470142847,0.24508761147143704,1.6499007290604527e-05,1.5255105582404436e-07,1.1635757000692819e-05,1.1172329683499883e-05,6.081869247816839e-06,0
0.767511598514275,0.232392013573534,2.745683957220998e-05,1.872207726138051e-07,1.2611484692736066e-05,1.379456823374807e-05,4.233779891950135e-05,0
0.910988011763748,0.08831417562415171,1.4799382536688861e-05,1.0393502365935704e-07,8.09821864348263e-06,8.490742919474144e-06,0.000666320332977175,0
0.9398094519301222,0.05946835629960059,1.561343154363033e-05,1.0965203263500769e-07,7.242092666656798e-06,9.634955017464327e-06,0.0006895916390164585,0
0.950585222857566,0.04698690584434658,1.5960130314092704e-05,1.101577881528203e-07,7.275495862554337e-06,9.679394974908411e-06,0.002394846119147343,0
0.9503720453132092,0.0440947796916217,1.6502306524394678e-05,1.2699967192878617e-07,7.522649281555204e-06,1.0055857536716661e-05,0.005498967182154406,0
0.8661405421872771,0.12827601244996426,4.122937230099837e-05,2.478602110636671e-07,1.4638123093704073e-05,2.0664012513030597e-05,0.005506665994639914,0
0.8656916734187056,0.12882932287946147,3.291477668506364e-05,2.4127972253905034e-07,1.388581387065974e-05,1.7930441201052214e-05,0.005414031390353478,0
0.8668391032424081,0.12756655784437865,3.7293218054016246e-05,2.4159952641148757e-07,1.390421880332896e-05,1.7954207079387374e-05,0.005524945669750234,0
0.8823625785152799,0.1113325550300918,3.476369365585451e-05,2.5641517592614004e-07,1.3190421276612755e-05,1.847363347226175e-05,0.006238182291047827,0
0.8742160220461438,0.12058499157164898,2.7059983127273296e-05,1.995930122623677e-07,1.1123689590130793e-05,1.7134823915584835e-05,0.005143468292562014,0
0.827695857153858,0.16635599760436334,3.6401703203607885e-05,2.684970481953471e-07,2.3112284351898742e-05,2.3288037839799133e-05,0.005865074719335184,0
0.7613837043253094,0.23154192046237967,2.9283040022825346e-05,2.1683088685576888e-07,2.1037833926284945e-05,1.893105422999258e-05,0.007004906453244918,0
0.7225743629302647,0.26911194391097476,3.5604073706762956e-05,2.3299198571250447e-07,2.1072798298288257e-05,2.211084890882202e-05,0.008234672445861034,0
0.7060142883451407,0.28538763409331447,4.026808663548823e-05,2.413302392315671e-07,3.6757775997655125e-05,2.2914151760691173e-05,0.00849789621691177,0
0.8032678107561747,0.1863456978496069,3.4081348231281404e-05,2.410247044164209e-07,2.1149154129751473e-05,1.8625100081481197e-05,0.010312394767071426,0
0.8346990005474338,0.012616416848552931,2.8971568281628702e-05,2.0488812925395146e-07,1.2646805119979884e-05,1.7661660224575947e-05,0.1526250976822578,6
0.8723337659259742,0.03975252575142145,3.740558480766111e-05,2.6948970742142643e-07,1.8764455811164534e-05,2.1761159182282716e-05,0.08783550763309594,0
0.7805041034234722,0.04361362925847319,5.701419017850928e-05,3.816932776442132e-07,2.485575659183987e-05,3.245389954287167e-05,0.17576756177846353,6
0.8098834296401872,0.03752278023471189,5.853733139354192e-05,3.918902612523385e-07,2.759642268696822e-05,3.001993301348308e-05,0.1524772445477457,0
0.8287496891419175,0.04116650794876347,6.0299650204776766e-05,4.1051238618523257e-07,2.950805343479849e-05,3.144644190724257e-05,0.12996213825138617,0
0.3642823816366341,0.017294204570725735,2.6585491520140802e-05,1.7699846523432102e-07,3.272200639748302e-05,1.4049341840749794e-05,0.6183498799544166,6
0.22271538959236784,0.01844211383297813,1.4000639659778086e-05,1.0067280113285006e-07,6.259347698478332e-06,7.293894603817299e-06,0.7588148420198909,6
0.9017102808322286,0.05908272959056431,5.738816044533959e-05,3.464577250550623e-07,2.7985672787182736e-05,2.4367874783810723e-05,0.039096901411465615,0
0.8585524683466675,0.03942904348108116,6.342952506414183e-05,3.3176372109356167e-07,6.296617767449822e-05,2.6994360998426664e-05,0.10186476634479301,0
0.8394353653378982,0.12566117903271426,7.093914531134406e-05,3.63341343370691e-07,3.3011948048550586e-05,3.1456515211730394e-05,0.03476768467947284,0
0.6834767112617399,0.3140040319971723,2.9477741425328924e-05,2.4498747508976386e-07,2.1440237838448156e-05,2.42074299507946e-05,0.0024438863443979326,0
0.7198352884929992,0.27676127090030955,3.6424854318294394e-05,2.760080611941754e-07,2.304143356913519e-05,3.0083996131174393e-05,0.003313614314611411,0
0.7035014393023269,0.28996473837790526,2.6184497375831017e-05,2.2577905644772324e-07,2.142216584351371e-05,1.8508165676964108e-05,0.006467481711814874,0
0.7669348467312207,0.22678122991902777,2.6273436277673213e-05,1.91767604874236e-07,2.1358116995555138e-05,1.4790299632648488e-05,0.006221309729240814,0
0.9578096660624086,0.030501146301715774,3.037290448149622e-05,2.2888562100325542e-07,2.2905287832945373e-05,1.782919378395657e-05,0.01161785136415614,0
0.9332477085006046,0.040295651483043995,5.160714465088011e-05,3.7408289863111705e-07,3.2171176712485784e-05,3.15740541840547e-05,0.026340913557905594,0
0.9360765401786619,0.03340928477655083,4.316917380335445e-05,3.129188754215239e-07,2.691106296143519e-05,2.6411572311717557e-05,0.0304173703168353,0
0.8872154291174037,0.08092290881230563,6.758580743846696e-05,4.1131647910554443e-07,3.4966323785039074e-05,3.0902297157327706e-05,0.031727796325430796,0
0.8872570072095216,0.0847026754868321,5.959519997403725e-05,3.626869124442889e-07,2.7371695011719874e-05,2.5053931071670445e-05,0.027927933790676613,0
0.8985552816406375,0.0787759982670893,4.7769462745848824e-05,3.8673031906714103e-07,2.395669314549333e-05,1.8141795846699924e-05,0.022578465410216172,0
0.8121617439037417,0.16390102959101743,6.26104450112382e-05,3.9895908545032336e-07,2.0439087081145367e-05,1.871545602342417e-05,0.023835062558039567,0
0.7985868498190163,0.14810964557966422,5.518586040972342e-05,3.807814208335525e-07,1.9283402133087136e-05,1.7862728776068152e-05,0.05321079182857976,0
0.8557650177274038,0.09889456626153668,3.340273046282211e-05,2.3047822523598002e-07,1.8137723714103073e-05,1.0811898377729598e-05,0.04527783318027978,1
0.9178706535844062,0.0808881550710831,1.2895318559949977e-05,1.1780157668671565e-07,6.547671462825766e-06,5.876498412741243e-06,0.0012157540544983434,1
0.8910723975930638,0.10745417101063807,1.6037854413249355e-05,1.5392951750680713e-07,7.595543463396315e-06,7.3085767959190735e-06,0.0014423354921079348,1
0.8011872514187327,0.19872598446611542,1.8227104587749533e-05,1.9906645110692355e-07,1.3716287123610033e-05,9.919811017811601e-06,4.4701845971636565e-05,1
0.7984428408607736,0.20148908983599315,1.8334145191338405e-05,2.0023548994017305e-07,1.3796837473537592e-05,1.3028327511869448e-05,2.270975756654466e-05,1
0.7445707375785972,0.2553733653980582,2.078774320828695e-05,2.2222106559830676e-07,1.4351759263478263e-05,1.501930181818397e-05,5.515997989270666e-06,1
0.7381748502101164,0.2617700614407514,2.0853491180821983e-05,2.636963920689235e-07,1.6082547037987665e-05,1.3417353154639438e-05,4.4712613669184816e-06,1
0.8879305782430773,0.10431490775482033,3.223082259388519e-05,1.8732428860154565e-07,1.6124811236706076e-05,1.3933687669104854e-05,0.0076920373563138635,0
0.9035176244985568,0.09227167094720475,2.260024802887585e-05,1.924466260278578e-07,1.599774585069439e-05,1.4028420717643392e-05,0.004157885693015303,0
0.8672657772941874,0.128928680450939,2.304701948596056e-05,2.219195787930952e-07,1.647307206235793e-05,1.4384251708068795e-05,0.0037514159920383505,0
0.812885177393648,0.18379512044091031,2.2062749418970314e-05,2.0807166173899456e-07,1.889190312475763e-05,1.734080795124286e-05,0.003261198633285095,0
0.7639118073637504,0.23423101809702065,2.794466537440212e-05,1.9754964314728462e-07,1.595512504967711e-05,1.9168496208808533e-05,0.0017939087029530325,0
0.7585313241334929,0.23950618922968506,2.8197096446930667e-05,1.860809017428113e-07,1.9031683071852812e-05,2.1461616598844072e-05,0.0018936101598027674,0
0.9459675649469388,0.05108204723429292,1.6817565490801187e-05,1.264068325030841e-07,9.556707804513738e-06,1.1348123330196896e-05,0.0029125390153102956,0
0.9405298345186495,0.057826032097038536,2.2461825269403587e-05,9.93285041777888e-08,9.418967936143218e-06,1.1164687722017648e-05,0.0016009885748803337,0
0.9670531408924946,0.03199029182963673,1.7213865972629646e-05,7.612148779855784e-08,7.218329307997976e-06,8.70560708558681e-06,0.0009233533540146037,0
0.9702903231126916,0.0286001201757989,2.077547983918856e-05,9.803727004908324e-08,5.58072519853284e-06,9.063658307629591e-06,0.0010740388108942012,0
0.9119794464787335,0.08557006187107284,1.9838360099976343e-05,1.9281055336610318e-08,8.177906160233056e-06,1.4460229193491636e-05,0.002407995873684526,0
0.9141700126330542,0.08373376006532543,1.8976194684077432e-05,8.188157816235298e-08,8.227846425502915e-06,1.3831794713334421e-05,0.0020551095842191187,0
0.9249728034409479,0.07360924070821563,1.7323326170842393e-05,1.593186518605304e-07,7.100775603144861e-06,1.2627014811788378e-05,0.001380745415598756,0
0.9015531665486117,0.0970171218421999,2.159707575447525e-05,1.6821962262746307e-07,9.498766109360578e-06,1.5978935517212412e-05,0.0013824686121848841,0
0.9187830658763536,0.07975345282517289,1.908622706517267e-05,2.3138280851437626e-08,7.867856672894479e-06,1.3912566278721195e-05,0.001422591510175727,0
0.8395641113310909,0.15933604673873303,2.525924808617039e-05,2.4188879692243156e-07,1.6824543470640683e-05,2.1137632835045686e-05,0.0010363786169871948,0
0.9475397957308876,0.05241600765690412,9.122463798762296e-06,9.097995441177325e-08,4.5159242349138925e-06,7.832863850416987e-06,2.2634380369849618e-05,0
0.9437735699698568,0.05619731733755313,8.515628360807331e-06,8.492787662900535e-08,4.264581557274039e-06,7.421485808702618e-06,8.826068986615533e-06,0
0.7858619477269115,0.2140964873176378,1.5421875259916343e-05,1.5133517808269708e-07,9.793577203777847e-06,1.2174676899806498e-05,4.023490909150185e-06,0
0.7602228998594283,0.2397378106753148,1.4623230521203936e-05,1.4349806088904476e-07,9.286402247739888e-06,1.1373597428844601e-05,3.862736998075539e-06,0
0.7038710556108329,0.2960756723165906,1.8357486521539744e-05,1.8014239157469353e-07,1.2985102453114426e-05,1.4202342364593993e-05,7.546998845694645e-06,0
0.673439101087062,0.32649942145164895,1.5032121742798078e-05,1.5090203306040223e-07,2.3859323012140588e-05,9.874817278289182e-06,1.2560297222773464e-05,0
0.5955833980694832,0.4043217251284392,1.82431289583054e-05,1.8313617307618699e-07,5.782359101822975e-05,1.3697214703366949e-05,4.929731224551754e-06,0
0.6120564095061941,0.3876779274737819,1.9654051267099254e-05,1.9729991180384035e-07,0.00022789959568557912,1.26010768692434e-05,5.310996290263585e-06,0
0.6064126249680837,0.39326684193627814,2.071000322527967e-05,2.0790023157439302e-07,0.0002788514505503548,1.2418077376245863e-05,8.345664254503314e-06,1
0.08615208940617636,0.9116149411981045,4.4756209368482644e-05,3.6289947224352763e-07,0.0021494069913492024,2.373731618110877e-05,1.4705979348167008e-05,1
0.06600358885257136,0.9241795992342134,0.005346328126957001,3.929259014828511e-07,0.0030942119254467673,0.0013206293942917815,5.524954061843114e-05,1
0.060926372647652514,0.9267730883472498,0.00489125427763602,3.119752588395979e-07,0.0057235409301805585,0.0016481493797399103,3.7282442282173945e-05,1
0.05849771359279633,0.9241229811712228,0.004903690463537021,3.1108316574519433e-07,0.011085299534812182,0.0013683356902045348,2.166846426147795e-05,1
0.06839402149933249,0.8887250816509482,0.005881171447191062,3.389793303065586e-07,0.035351316832117306,0.0016250157222008246,2.3053868879796855e-05,1
0.19961668246322997,0.6623834916047623,0.0027280521572134206,2.5266039325058404e-07,0.1344615571048386,0.0007634429903707349,4.652101919167076e-05,1
0.12096268779299256,0.7624739979290175,0.0029927046823278415,1.8255015911681802e-07,0.11310672114839347,0.00045246338698786044,1.1242510121590963e-05,1
0.03053918382228797,0.8806874081768887,0.005663362986698855,1.8675016129667586e-07,0.08235535241678214,0.0007421344686852638,1.2371378495713843e-05,1
0.025502119626718563,0.8928982787191663,0.006516343939256375,1.7120919890781496e-07,0.07416843507659446,0.0009043449548941781,1.0306474171541474e-05,1
0.024098422428792867,0.7052374542361657,0.005641761273289354,2.1459325110080214e-07,0.26229029844011054,0.0027206603461167166,1.1188682273782617e-05,1
0.021743379362564368,0.8596768242127778,0.0061150143541592525,1.6483913554432613e-07,0.1112246132829439,0.0012288639712205096,1.1139977198890726e-05,4
0.022712982212004112,0.8630659638091123,0.005850371581606532,1.5910552473964705e-07,0.10735588003364929,0.0010038907634849436,1.0752494618249173e-05,1
0.01949383936975388,0.9013232161979243,0.003574588450896473,1.7165092499001298e-07,0.07413066749206906,0.001467189187167016,1.0327651264180039e-05,1
0.018455449481011355,0.9033942303836147,0.0047833844682939625,1.6852146591487846e-07,0.07196638021913303,0.001390247564105877,1.013936237511407e-05,1
0.015619761595183204,0.9170607362123284,0.003451197657920881,1.4700201382457744e-07,0.06271748471658627,0.0011418282056979373,8.844610269363463e-06,1
0.06926571821802792,0.857192140549489,0.0002968170581905009,1.2690941311547667e-07,0.0728228423357643,0.00040592404417598833,1.643088493901236e-05,1
0.052679261092882256,0.926368144423055,0.00011522972505955576,1.348269147413494e-07,0.02051028077574451,0.00028603060631977786,4.091855002429952e-05,1
0.038079876057514804,0.9493602911502437,2.7296966503365555e-05,3.2511457620993712e-06,0.012477709963296372,1.8701980392554624e-05,3.287273628706433e-05,1
0.04237792161091293,0.8779248020612831,0.0017393912542838278,2.2768297647909404e-07,0.07637938793653827,0.001552273761850351,2.5995692154894368e-05,1
0.0267299332813588,0.5359007507443598,0.0016610886478013493,1.3898169608647153e-07,0.4336234451480641,0.0020695056813308404,1.5137515389189055e-05,4
0.013875380318197014,0.08177863478299914,0.0004555159725814245,2.2837719102234874e-08,0.9031841860511765,0.000696013772369384,1.0246264957675955e-05,4
0.022570430918066813,0.8452250423972177,0.04127028072372997,3.1790252112526636e-06,0.08859408871258516,0.002336978223188932,7.45716053777915e-145,1
0.020789055620375297,0.7674056073763682,0.14353731128300976,9.876143141801384e-08,0.06515655249076797,0.0026304375168675017,0.00048093695117970537,1
0.03011834284325197,0.937195613057488,0.013975790726480017,1.3559550609822064e-07,0.016550769334507637,0.0021245540323430257,3.4794410423458124e-05,1
0.02800435069054923,0.8358571483442908,0.115291810331226,1.260781220467399e-07,0.018637178502216415,0.0021859544329646983,2.3431620630865463e-05,1
0.005331556897752079,0.2829583485459697,0.6714731489546445,4.4894184632887934e-08,0.03045073363641415,0.009734526265638014,5.1640805396995244e-05,1
0.0017707065121093306,0.10851628764894308,0.8814503317563835,3.8850539824796814e-08,0.005933375320472506,0.002324920835745681,4.3390758060555e-06,2
0.004942836880032089,0.06755138761407226,0.9115460387756683,5.251414288332881e-08,0.009868922904083035,0.006050564371921396,4.019694008002921e-05,2
0.022809169645254705,0.10684842169456975,0.8397269234035319,1.0662893075830088e-07,0.0075833183438760296,0.022985960072345886,4.610021149111137e-05,2
0.00794960544009279,0.027989353563631275,0.010886781752484392,1.6453595422668898e-08,0.0013836920806180862,0.9517884401912899,2.1105182878984816e-06,5
0.0016061769182881673,0.015122213297419236,0.0019406509595715903,8.930743838874839e-09,0.0003040160306489698,0.9810259816124693,9.522508588792385e-07,5
0.0026272296167751483,0.07088696668886117,0.0030454133756420867,2.7327427445928586e-08,0.00013491177578885675,0.9233027179783412,2.7332371642407277e-06,5
0.015427730481894884,0.5953208661932773,0.02074207174230562,2.7079578401761794e-07,0.0012505160500976655,0.36725052745159825,8.017285042222835e-06,1
0.034597818039029594,0.9133492310650975,0.03726896703588149,3.1311326128588145e-07,0.003457994610661804,0.01131496412348334,1.0712012585290427e-05,1
0.011284312488569651,0.9414472093036631,0.03210543224267814,1.93399645941975e-76,0.006488073440021965,0.008668560407516705,6.412117550600384e-06,1
0.014149803626658644,0.9242547143989543,0.025458681583597174,4.885500338459768e-07,0.027147445669201912,0.008982919863265541,5.946308288444451e-06,1
0.9790670538763857,0.01298432844045634,1.1054632180334317e-05,1.8956499104850326e-07,1.2619834915494277e-05,6.720680219942711e-06,0.007918032970851203,0
0.9727380294061059,0.012155499478899844,1.2900209656399316e-05,1.8913399561377994e-07,1.2415334908513281e-05,7.763070653209962e-06,0.015073203365780519,0
0.9689161261917181,0.015812995733441394,1.2405875937951508e-05,1.8393868783208376e-07,9.676614288677725e-06,9.536185487956605e-06,0.015239075460437967,0
0.956672821462884,0.025798783652403356,1.213552798261092e-05,1.799303091885967e-07,9.465742206718514e-06,9.328373620313234e-06,0.017497285310593625,0
0.9861709940891273,0.008184887773339105,4.0982500620868324e-06,6.624361109591166e-08,2.5744013296487204e-06,3.434358319329522e-06,0.00563394488421133,0
0.9863558848125988,0.008186422304197359,4.099018416077659e-06,6.625603067553253e-08,3.419667809210257e-06,3.4350022046172936e-06,0.005446672938742987,0
0.9836995623379363,0.010506736520024733,4.981034659296951e-06,4.752924982995849e-08,3.0367448418041888e-06,3.7408611972336098e-06,0.00578189497209078,0
0.9741081615241987,0.024377195867464903,7.1864850466991875e-06,7.176915201041743e-08,4.914450426303033e-06,5.4424951401926235e-06,0.0014970274085712527,0
0.9712609560539408,0.026463080501001525,6.4757844502618205e-06,7.210750515708465e-08,5.431135171114065e-06,4.904264765105576e-06,0.002259080153165846,0
0.9606705365883134,0.03624149895319053,7.350560806077282e-06,1.0898484849132336e-07,6.164795883483245e-06,5.566753594393241e-06,0.0030687733633635414,0
0.9582800287282086,0.039036357476356254,6.934348979229745e-06,1.0281378425745261e-07,5.815725788765392e-06,5.251546531386987e-06,0.0026655093603515988,0
0.9326023154207166,0.06726958978221467,7.290504819055503e-06,9.044174579124144e-08,5.808656868498108e-06,5.144277767741521e-06,0.00010976091586763685,0
0.9152623259023421,0.08470648162675296,7.839118808907429e-06,9.724753060850389e-08,5.610878222444465e-06,5.53138714097596e-06,1.211383920165575e-05,0
0.03767618732703095,0.8255074690496716,0.0004752880226308314,1.2633286685230127e-07,0.13586618785435323,0.0004701273260328866,4.614087413454775e-06,1
0.040639289554257996,0.8030169336557835,0.000439749046412205,1.371365814706915e-07,0.1554954081303494,0.00040566806641792696,2.814410197330554e-06,1
0.03695097575503285,0.7344266937066081,0.00045718544159692237,1.404637802515465e-07,0.22725463347835587,0.0009078314429659486,2.5397116604083664e-06,1
0.02670976411738468,0.5322203977269866,0.0004571882076913889,1.2422766988314107e-07,0.4393395142562322,0.0012700194053364869,2.9920586988201956e-06,1
0.3013322885532635,0.6667322642797671,0.00033641998940250667,2.305550337974807e-07,0.02745993840051523,0.004117276208219201,2.15820137985573e-05,0
0.13431734443200488,0.8653988800834592,1.3144657170766705e-05,1.501487463673355e-08,0.0002476571033324073,9.526744933401251e-06,1.3431964224606328e-05,1
0.47516871910987685,0.5247719398839142,2.3519332257318704e-05,2.183974622709986e-07,1.3924381713096374e-05,1.5879513277002788e-05,5.799381499147335e-06,0
0.4329382667045604,0.5669998447574592,2.1658270875923114e-05,2.3685966834525434e-07,1.8603427224361954e-05,1.5142385327576011e-05,6.247594884157268e-06,0
0.5216711878191502,0.47827557615217803,1.8655284562785916e-05,1.8227417401796383e-07,1.4782609800688604e-05,1.4160345189518879e-05,5.455514944868641e-06,0
0.44866214903849333,0.551280972013366,2.429906813145467e-05,1.7477999689642682e-07,1.3333581077261269e-05,1.3840306722551752e-05,5.231212212425544e-06,0
0.7034996812803351,0.2964458033004027,1.9309935071111796e-05,1.8572021265425455e-07,1.4829062554714108e-05,1.4428057809198541e-05,5.762643614385174e-06,0
0.6656068146315075,0.33434171398705664,1.743746884204279e-05,2.0322890099571289e-07,1.4442940087331394e-05,1.1955282829799116e-05,7.432460775601923e-06,0
0.7997716476214877,0.20017482942920745,2.0722460930667653e-05,1.7367589931795436e-07,1.4949962515667475e-05,1.1777450343758994e-05,5.8993996153230285e-06,0
0.8314964019357939,0.16843089626755076,2.0052082572564617e-05,1.5914174540156822e-07,1.4656515984232705e-05,1.079184856071936e-05,2.704220779251508e-05,0
0.8309562063503406,0.16898283916794943,1.89033379737736e-05,1.5351515877152007e-07,1.414743516149578e-05,1.178844289627955e-05,1.5961750519664732e-05,0
0.8193557331630072,0.18058135595520983,2.0279797883664395e-05,1.798701783978789e-07,1.433436244569475e-05,1.1944201278656417e-05,1.617264999661183e-05,0
0.7921421961549897,0.20779524781839911,2.0634634569130643e-05,1.7687582804801955e-07,1.4095734210672201e-05,1.174536274079484e-05,1.590341926249655e-05,0
0.7943131758392651,0.20502621134975132,2.7560296171748852e-05,1.4810968708919312e-07,1.2502579676852873e-05,1.4118476807229415e-05,0.0006062833486405334,0
0.7937653349929426,0.205286335969357,2.0207523038054265e-05,1.7779977415278536e-07,1.384885078603703e-05,1.3071088877589754e-05,0.0009010237752245842,0
0.9549825815884481,0.04129348087094404,1.5865508835188056e-05,1.1142235374111385e-07,7.359015528842445e-06,9.790510403113921e-06,0.0036908110834869734,0
0.935877674996561,0.05899211317009184,1.4369307767729236e-05,1.3875995053425532e-07,8.669418646522078e-06,1.1213923113857422e-05,0.005095820423868259,0
0.9517138066843027,0.04490514865708435,1.592086830303198e-05,1.1028857316305288e-07,7.284133706657662e-06,9.690886852079023e-06,0.0033480384811779033,0
0.9557327412670473,0.03995259241226466,1.513351193009916e-05,1.280171400724365e-07,7.314893433640096e-06,9.087343815262882e-06,0.004283002554369309,0
0.9640682282383476,0.014638213753209678,1.986625847212239e-05,1.8623778747330033e-07,1.0001382419896212e-05,1.397458144581032e-05,0.02124952954831721,0
0.8395043005136315,0.1520684995430592,4.573295201828181e-05,3.113562791876617e-07,1.7680526576543132e-05,2.1445110139010138e-05,0.008342029998296148,0
0.8615667483226868,0.13249756909313945,3.1307527126733177e-05,1.7300941027975678e-50,1.3207760714649582e-05,1.6458681910709296e-05,0.00587470861442178,0
0.861719381994484,0.13235485842079053,3.341754402271929e-05,2.4648604703608767e-07,1.3737125585958083e-05,1.923740685716022e-05,0.005859121022212657,0
0.8334088002406386,0.1595345996390074,3.654634880020747e-05,2.6956394650788536e-07,1.5023299822253843e-05,1.9487421049953985e-05,0.006985273486735206,0
0.7525619907837677,0.23852955728605663,4.32513252716273e-05,2.592090547874522e-07,2.5561587607330176e-05,2.4611733855058775e-05,0.008814768074386947,0
0.7686570496880287,0.22357777744080065,3.4354024081640446e-05,2.4282578443382933e-07,2.131836291655091e-05,1.8083282669858545e-05,0.007691174375718311,0
0.7522793423789452,0.2380186063440863,3.462834275904515e-05,2.4476476101099395e-07,2.148859115839543e-05,1.8924026865553412e-05,0.009626765551424379,0
0.7738510747233311,0.21927684133003633,3.351199107545159e-05,3.030609452622431e-07,2.0795839989659165e-05,1.831395235523882e-05,0.006799159102266796,0
0.9179707802418349,0.02121709904902954,2.8520635910441774e-05,2.0169911687276375e-07,1.697588398627289e-05,1.738676263371214e-05,0.06074903572748815,0
0.9297655286247187,0.01879252697853228,2.9086604089546417e-05,2.057016672458324e-07,1.7312756213756605e-05,1.791478537543515e-05,0.05137742454940275,0
0.8606612630924625,0.012288032443293325,2.6740073927423246e-05,1.8900782661776257e-07,1.3414118190598083e-05,1.630129565287176e-05,0.1269940599686468,6
0.8495358422777665,0.02883171937372379,4.878405766578332e-05,3.2659495485136085e-07,2.2998408770627938e-05,2.4606917620849163e-05,0.12153572236949767,0
0.8756361555542262,0.030637172673595007,5.0084523260468304e-05,3.4096909492479773e-07,2.450920998061166e-05,2.5689920512974623e-05,0.09362604714932968,0
0.7757028844565713,0.03433542541117762,4.380379105782029e-05,2.9821066507083445e-07,2.143568997152352e-05,2.488221942071937e-05,0.1898712702211361,0
0.2314235272488652,0.008794550874279524,1.4251909728741587e-05,9.762297587701807e-08,1.804772508597831e-05,8.14550447315013e-06,0.7597413791145915,6
0.24540984022733986,0.011861704522205335,1.4327273969095992e-05,1.0302149316865728e-07,1.904575813174558e-05,8.674692772658306e-06,0.7426863045040881,6
0.34909376803071196,0.024751814468666068,1.9098637842867966e-05,1.4654734791840755e-07,9.111605067000275e-06,9.477045385158382e-06,0.6261165836649791,6
0.8822078702220831,0.044129098940470096,4.315288221385933e-05,3.5004984146662986e-07,1.4341706803216633e-05,2.294041598869482e-05,0.07358224578259971,0
0.7783016923418384,0.04140559613434834,3.610588568654332e-05,2.7241126130384635e-07,1.9037392005581906e-05,1.640032049564239e-05,0.1802208955143642,0
0.7868646036649071,0.17538321711722063,6.495333889570342e-05,3.622324310599397e-07,3.4681720800604346e-05,3.089707662062148e-05,0.03762128484912437,0
0.7277122952382828,0.26884702101754065,3.682344386752566e-05,2.7902835957983916e-07,2.329357114914333e-05,3.041319899777247e-05,0.0033498745018024374,0
0.7424423657644342,0.2547889388851239,2.439181365140392e-05,2.3130111664132886e-07,2.0915002798381998e-05,2.0745167923356774e-05,0.002702412064952132,0
0.9499692467206825,0.0368280502802169,3.0987682440247494e-05,2.5323253862291596e-07,2.5341758736966918e-05,1.9968376785707112e-05,0.013126151948599233,0
0.9364928168949078,0.03573931325912402,4.067853246862676e-05,2.7056343922362585e-07,3.2669480493666226e-05,2.107571444474082e-05,0.027673175555121724,0
0.9252443618933668,0.04164932530878809,4.9956487949540894e-05,2.8119330858353013e-07,3.2489293590814624e-05,2.190373500752305e-05,0.03300168208798867,0
0.9398654539322961,0.032079437806061636,5.4494791984141954e-05,3.067383534661175e-07,2.937294515678741e-05,2.5976253819646223e-05,0.027944957532328146,0
0.938039303918221,0.03327627527230722,4.5861678394038306e-05,3.324359389729837e-07,2.718105841455982e-05,2.6277497653167775e-05,0.02858476813907111,0
0.8784147394878975,0.09822855741914291,5.81619590156088e-05,4.312318088774126e-07,2.6713416586452414e-05,2.4451393951278117e-05,0.023246945091597613,0
0.8698426286587756,0.10889656766495082,4.8508845326952e-05,3.927161862941608e-07,2.4327498270659846e-05,1.6938704616968697e-05,0.021170635911872702,0
0.8633558718980019,0.11676264226752014,6.52490569415841e-05,4.2410723191046684e-07,2.7633444492404615e-05,1.9895173559156418e-05,0.019768284052253,0
0.9294635827464739,0.06938098486848529,1.1258904408381232e-05,1.0067291731200473e-07,5.595622794729245e-06,5.022040073057364e-06,0.0011334551448473106,1
0.808917746022418,0.19099197132124188,1.784238460847248e-05,1.4639772549764553e-07,1.2531543130902172e-05,9.793324913150402e-06,4.996900596197384e-05,1
0.8056282863977239,0.19428799771843291,1.7769828648281932e-05,1.5508481377898973e-07,1.3380647039186641e-05,9.75350041053351e-06,4.265682293154059e-05,1
0.7559297000794107,0.24402055500388448,1.7899839358053757e-05,1.9134936083872325e-07,1.3708217267817358e-05,1.2551553312697107e-05,5.393957405279395e-06,1
0.6246519902909675,0.3752952066823768,1.981044306425206e-05,1.9899858464097097e-07,1.5279070665118035e-05,1.1904932555932874e-05,5.609581785689784e-06,1
0.6547715488455809,0.34517215892137054,1.6267355474592733e-05,1.7961095843859783e-07,1.1847844743491613e-05,9.866288644709954e-06,1.8131133227299553e-05,1
0.763764909316838,0.2351046366440633,2.8752836386678793e-05,1.9792988155583315e-07,1.2851988219937841e-05,1.6442268258714737e-05,0.001072209016351646,0
0.7526890443206219,0.2455420075647669,3.306011358471915e-05,1.7192674933161254e-07,1.5414324947804015e-05,1.4195639978422747e-05,0.00170610610935079,0
0.8876097994139794,0.10398042211220046,3.206313963112314e-05,2.1582532160769562e-07,1.6073107046339434e-05,1.3889009314166177e-05,0.008347537392506998,0
0.8968105348282529,0.09490471300364044,1.9180631287064686e-05,1.778185553089288e-07,1.5306560938497527e-05,1.3226625494979283e-05,0.00823686053183081,0
0.8689168843654487,0.12104953444145217,1.955060677150861e-05,2.1076874660292118e-07,1.6408782090873745e-05,1.3707492932078198e-05,0.00998370354255815,0
0.866077169539939,0.13012415563772442,2.253775129493572e-05,2.109324452375982e-07,1.528701095517053e-05,1.4364537759280668e-05,0.0037462745898819553,0
0.7616806670281413,0.23710345186802465,2.41097202311945e-05,1.9008964207015521e-07,1.6863592582122567e-05,1.4552864475262498e-05,0.0011601648369033238,0
0.7678401869424312,0.23053046206897534,2.5434261552710324e-05,2.0053279874305197e-07,1.711190829882987e-05,1.531745168360602e-05,0.0015712868342592679,0
0.7071313310635554,0.291018718026523,2.645031593861536e-05,1.7455338532828134e-07,1.7997682549522592e-05,1.8112770364079892e-05,0.001787215587683819,0
0.7450637934237233,0.2530389140632753,2.447463311156877e-05,1.6151527543967844e-07,1.4045362882067037e-05,1.675985308923148e-05,0.001841851148643193,0
0.7362118137238354,0.26156303561805866,3.605645616680584e-05,2.3769185420585943e-07,2.0303275774539254e-05,2.4664419796535136e-05,0.002143888814513918,0
0.9328466532604672,0.06283342098173661,1.9320621421689278e-05,1.0640738433029806e-07,1.0836090281941382e-05,1.3037130423502743e-05,0.004276625508284801,0
0.9339026121792036,0.06433636553642649,2.319820478723873e-05,1.1000270633368294e-07,1.060634868676824e-05,1.1368558319887356e-05,0.0017157391698696253,0
0.9697489117081499,0.029071462742478106,1.617618417411451e-05,7.633368511903004e-08,7.238451223395852e-06,7.057136933073394e-06,0.0011490774433562333,0
0.9087983292611858,0.08703188451844315,2.7564957786660115e-05,2.2356253748495057e-07,1.5659796019407488e-05,2.0668613570489446e-05,0.004105669290456928,0
0.9055909588072565,0.0918042494138062,2.4977034264711475e-05,1.1225015964318794e-07,1.2867671501617976e-05,1.7241372718237584e-05,0.002549593450293275,0
0.896278489021403,0.10086927484567644,2.1866387932451113e-05,9.827049561706117e-08,1.2904926000536865e-05,1.6596115624248005e-05,0.002800770432867852,0
0.9042409945786977,0.0939859861852954,2.4259818055504423e-05,9.841331566742183e-08,1.5297576900135216e-05,1.6625087770709647e-05,0.0017167383399646528,0
0.8233201136531012,0.17549565337105502,2.7048513550176233e-05,2.590232448278778e-07,1.6434631808165612e-05,2.0530076107880345e-05,0.001119960731132689,0
0.9077024567702011,0.09200632179104212,1.6860485263074947e-05,1.6146017022757372e-07,1.0110973895957421e-05,1.2797266845167109e-05,0.00025129125258225546,0
0.9435108062853359,0.05644376674694877,1.0284059574800998e-05,1.06796776883654e-07,7.416811648914029e-06,9.332515959624543e-06,1.82867837552259e-05,0
0.9344512723659394,0.06551329994455365,1.0615976076803432e-05,1.1024362706480367e-07,6.885168189219775e-06,8.737864648221734e-06,9.078436965873412e-06,0
0.8880486036395473,0.11191501601777486,1.3602033348545052e-05,1.3347703209862532e-07,8.516794335082143e-06,1.0579334798541743e-05,3.548703163620682e-06,0
0.7795117020982677,0.22044859586695514,1.3940526904854646e-05,1.3679867630600015e-07,9.050972309458312e-06,1.0842606955548425e-05,5.731129930879487e-06,0
0.719753415416567,0.28019854508626574,1.700048616375315e-05,1.6682611924446122e-07,1.066049657851406e-05,1.3222569762597979e-05,6.9891185431921195e-06,0
0.8092326245321797,0.1907164933506459,1.439696522176343e-05,1.4127771486706887e-07,1.3387041289063146e-05,1.1197613714150247e-05,1.1759219234470773e-05,0
0.6979974029212187,0.3019468860598794,1.5546055150634453e-05,1.5255375789607162e-07,1.6333755232945173e-05,1.0980876587833972e-05,1.2697778172801091e-05,0
0.5769284376868465,0.4227330855072225,2.210037996171741e-05,2.2185772073249296e-07,0.0002847509507704499,1.51460046839479e-05,1.6257612794008086e-05,0
0.5435500343921594,0.45608662947286227,2.3113178286761487e-05,2.3202483678865075e-07,0.00029982689947630306,1.5840103527568873e-05,2.432392885093914e-05,0
0.4691731304244254,0.5304406146867836,2.6297819581085133e-05,2.639942988582213e-07,0.00032300272641519695,1.7344990234361663e-05,1.9345358261557335e-05,0
0.44937099355963167,0.5502446513566183,2.6422669814650467e-05,2.6524762519467817e-07,0.00032080262852197033,1.7427336456080594e-05,1.943720133204131e-05,0
0.5043439887105028,0.4953097073169859,2.382292118759409e-05,2.3914968905623833e-07,0.0002926048097273373,1.5712646216874558e-05,1.3924445690419477e-05,1
0.05271139018266057,0.9372631692433986,0.003973168052047631,4.5535324130185974e-07,0.004022537543271271,0.001994629086420027,3.4650538960541854e-05,1
0.052436464204388904,0.9363269144019574,0.005539960083533534,3.533761406106787e-07,0.003672691601084481,0.002004317446825958,1.9298886069203812e-05,1
0.07348088610595195,0.8893188027238343,0.0063825739903638976,4.4260648392721697e-07,0.028641544517506362,0.002136238393666605,3.9511662193079025e-05,1
0.18730716093203295,0.7419440801307083,0.002417003601170904,2.437000784984081e-07,0.066761379780647,0.0015397882187242794,3.034363663799432e-05,1
0.027381251370898953,0.8587965068496495,0.007111725869918991,1.8685215212562307e-07,0.10522173063808189,0.0014773502685445975,1.1248150753959102e-05,1
0.0331210953612277,0.2669201864192932,0.0034948863706986406,5.643759118609945e-08,0.6960225959342441,0.0004377820393100814,3.397437635209915e-06,4
0.02314578268718267,0.8580427445567019,0.006637877588586599,1.6452580817486404e-07,0.11101319676838683,0.001150329726808386,9.904146525556947e-06,1
0.026945264891380927,0.8894250821610196,0.006107910647913578,1.6405076139862561e-07,0.07654142879278203,0.0009702790808242016,9.870375318086907e-06,1
0.022705653242651867,0.8977576332808717,0.0031069342074016865,1.6430338551110723e-07,0.07515161511821414,0.0012681142726250422,9.885574850130121e-06,1
0.023206449569890163,0.8931747330605748,0.004523233794893317,1.7000997820650922e-07,0.07780254896986596,0.001282630311473603,1.0234283323953681e-05,1
0.018456821214534184,0.923096386396647,0.0028057160647244686,1.4627533168925992e-07,0.05459555575150456,0.001029711767904567,1.566252935336134e-05,1
0.04739838511093035,0.8605819371875606,0.0003741543344613144,1.309526477613344e-07,0.09082008097256715,0.0008112895991490739,1.4021842683764596e-05,1
0.045129334386726914,0.9321412618062335,2.8745949544016908e-05,9.799542409045347e-08,0.02261771707581909,1.800182864944335e-05,6.484095760282735e-05,1
0.03938496034952426,0.8660003257501909,0.004010608594504772,2.099924840057456e-07,0.08798563648136712,0.002590146400005506,2.8112431923327065e-05,1
0.006314044605277207,0.06847391237939579,0.005134778367414734,1.7099190307592578e-08,0.9172042634777602,0.002871454183153,1.5298878087578742e-06,4
0.03281840118530582,0.8685267724966167,0.027217261289036208,1.2103902590218418e-07,0.06936207456239779,0.0019287373052505668,0.00014663212236674787,1
0.02485178240047323,0.8200117201507536,0.04308776235091438,1.1305212753619823e-07,0.10653990267436213,0.005363209042380758,0.0001455103289883035,1
0.02337004208932807,0.7231167195430899,0.14032364615915424,1.0760904858121697e-07,0.10924727467461605,0.0034181878748500987,0.0005240220499128939,1
0.021660295181909598,0.7560693143295246,0.13826924592627102,1.1011408702205489e-07,0.08020780892594226,0.0032570047270223624,0.0005362207952431974,1
0.018707493590638193,0.7543157869969559,0.12739910991217354,9.592690323912259e-08,0.09710147642288985,0.0022095281851310837,0.000266508965308052,1
0.030624907747069306,0.9114919804035005,0.032156226548088716,7.956924491399682e-08,0.022861608700143102,0.002828340518666327,3.685651328714225e-05,1
0.024102005069847502,0.8195739056567576,0.13555038037840025,7.17887313875995e-08,0.01778067494250347,0.0029597095881556267,3.325257560397838e-05,2
0.02839880346062587,0.8356635019907245,0.10731473247729198,8.305816202267718e-08,0.02482960120419427,0.003750086906716917,4.319090228455056e-05,2
0.009726676402867264,0.409966947218892,0.5322795078411133,6.504537475711293e-08,0.044127329076111575,0.003733271004778083,0.00016620341086311205,2
0.0032129659001567017,0.15653629395488627,0.8049603774831778,5.721247415827148e-08,0.019055205512869582,0.01620975686103768,2.5343075397580084e-05,2
0.0018521426531641,0.11157066773464382,0.87476350225246,3.955000880584368e-08,0.005058663600606633,0.006752063335384423,2.9208737322720838e-06,2
0.03330889289500921,0.12596395853371445,0.6382229901970466,1.290941285060279e-07,0.014112863128256433,0.18825814239681643,0.0001330237550284724,5
0.008148129577873659,0.04780206477048677,0.01672439141667483,2.547378251660129e-08,0.0031165085996110327,0.9242038231034095,5.0570581614749115e-06,5
0.007492758127651974,0.025552137290435303,0.010149906661262493,1.533992887697551e-08,0.0007143097560387139,0.9560894517531136,1.4210715690984952e-06,5
0.001296345114601682,0.026153045768946555,0.0024012385397422288,1.0716338368473755e-08,0.0003161045900704178,0.9698329377492629,3.1752103763215525e-07,5
0.0029631495983415608,0.09192953803466254,0.002936494182095421,3.543948765372583e-08,0.0002080803082423184,0.9019591578472185,3.544589951925589e-06,5
0.0017217488020248599,0.05028955314051325,0.0017802410768605118,1.837508620973094e-08,0.0001007452422977632,0.9461066901475201,1.0032156972253854e-06,5
0.01982696542758407,0.6974805805540685,0.023068727180859408,2.717983442269962e-07,0.001446751403171509,0.25816865666874356,8.046967228744814e-06,1
0.01902516904927874,0.7135408371462891,0.02181088339763891,2.569782869739366e-07,0.0015234744361891143,0.24409177079345323,7.608198863975476e-06,1
0.03761180904594748,0.925916157283357,0.026861161980630526,3.042131957614525e-07,0.0033417584516939494,0.006258401495426538,1.0407529748900605e-05,1
0.03628129941688713,0.9257868874027987,0.026980260608177875,3.055620344350403e-07,0.0044088024651591775,0.006531990869665828,1.0453675277159812e-05,1
0.023328722054413303,0.9432174151868005,0.021155028649659558,2.9899339517280874e-07,0.006031564251064996,0.006256741911095709,1.0228953570527864e-05,1
0.01928695185624072,0.9514862242319059,0.016956535933461515,3.016145504341777e-07,0.006222182123430688,0.006037485613703791,1.0318626706799625e-05,1
0.012454849783136076,0.9450168047443426,0.02934530122290897,2.9280917057262523e-07,0.007551896137759673,0.005624418872918098,6.4364297641239166e-06,1
0.013451189471874575,0.9457182569742252,0.02518377890767999,2.988309622071416e-07,0.008757353839068562,0.006882928024102777,6.1939520866822295e-06,1
0.9752826839499925,0.013349097639859649,1.085177200587566e-05,1.7008531418209867e-07,1.3765832255677536e-05,7.431814842523432e-06,0.01133599890572962,0
0.9676491227112077,0.01369541546470831,1.4219374358511017e-05,1.6059758424140028e-07,1.3873529154109741e-05,9.227191945206191e-06,0.018617981131041895,0
0.9688716135271654,0.01268787036080853,1.31394958611721e-05,1.6896191201099854e-07,1.2819915581670085e-05,8.016047183749291e-06,0.018406371691487518,0
0.9613885060280478,0.022531269691268004,1.1459350042343645e-05,1.8522752787573707e-07,9.744417360066497e-06,9.603004588741994e-06,0.01604923228116497,0
0.9897950734871105,0.008771381671455481,4.09436034608537e-06,6.618073820378179e-08,2.5756555990198694e-06,3.4310987138132473e-06,0.0014233775460371744,0
0.985356297332942,0.008317493180215171,4.164646832819974e-06,6.731684035030982e-08,2.7882698605480053e-06,3.489999214465108e-06,0.006315699254094539,0
0.9876876090165974,0.006808548374003215,4.17450021260344e-06,6.747610917199414e-08,2.7091942537395238e-06,3.4982564062714144e-06,0.005493393182417408,0
0.9878731788034604,0.010617550283629042,4.2664078486501495e-06,1.5028145752626834e-08,2.9703028646218234e-06,3.288624424323542e-06,0.001498730549627054,0
0.9872802415565598,0.011234516508557823,4.205693166926097e-06,4.578874790899305e-08,2.8279778011547255e-06,3.241824448250949e-06,0.0014749206507180285,0
0.9832861575386753,0.014712415085670833,5.5754688877226755e-06,5.162098367496801e-08,3.797709835999906e-06,3.885417890734373e-06,0.0019881171580557015,0
0.9632875444128896,0.035130058932546594,8.538668433580302e-06,9.225325917936048e-08,5.665680307833253e-06,6.227681322771116e-06,0.0015618723712402826,0
0.9467642112153514,0.051442680391008244,7.569728458888184e-06,1.0890038981158466e-07,5.612938119567129e-06,5.52098455497705e-06,0.0017742958421173905,0
0.9212826992877732,0.07779242151367569,7.535645812526874e-06,9.348282181612807e-08,4.163430958376884e-06,5.353483151412074e-06,0.0009077331558070841,0
0.9189684796892033,0.08089554089212381,8.013349971873341e-06,9.940894068105314e-08,5.32024563737301e-06,5.654326981266664e-06,0.00011689208714176137,0
0.932462867344771,0.0674860724380083,7.181085394889349e-06,8.908435230606162e-08,4.767686220851728e-06,5.067069957710891e-06,3.3955291294798655e-05,0
0.9251663909764783,0.07480298589311303,7.124893752607976e-06,8.838727160274446e-08,4.2501576801634166e-06,4.667628159634912e-06,1.4492063544565664e-05,0
0.04337501663706914,0.6943588501962744,0.00044421576248308164,1.4258005112276715e-07,0.2608692433796968,0.0009499534686814341,2.577975743851062e-06,1
0.009489126487999443,0.15296474612622213,0.00022231907766941206,4.119499786455008e-08,0.8369469958215703,0.0003731515127780729,3.619778762741879e-06,4
0.156134521769273,0.8231466019970174,0.001089055959712502,2.1256872226910795e-07,0.016587461166112545,0.0030205259348110533,2.162060435140881e-05,0
0.18401606322772623,0.786995332073995,0.0007380584837750501,2.0054007545172116e-07,0.025832102324018603,0.0024109174560332913,7.325894376402195e-06,0
0.13217798956553753,0.8583989781969846,0.0008050221170340451,2.490403984816997e-07,0.005945874300394358,0.002665013361910614,6.873417740277764e-06,0
0.2602180225034778,0.7397235577076129,2.5970588725540832e-05,1.8966018872812915e-07,1.2536298936089409e-05,1.2360962157556997e-05,7.362278901209809e-06,1
0.38537309978353224,0.6145704858572748,2.208291420700536e-05,2.0949877672513683e-07,1.4060110304517156e-05,1.4498752354381688e-05,5.563083550513829e-06,0
0.38247789108865526,0.6174557423171617,2.5525454215581773e-05,2.1029045435019258e-07,1.8175380879330755e-05,1.6161418899901017e-05,6.294049733878521e-06,0
0.35397933401901577,0.6459534944567944,2.7516983687901905e-05,2.15775846688425e-07,1.589388984740401e-05,1.7086645809107223e-05,6.458228998664248e-06,0
0.4413480515872553,0.5585959509139453,2.2584709301348287e-05,1.770991627201108e-07,1.3911110319425693e-05,1.4023954547876217e-05,5.300625467917732e-06,0
0.40229944699755016,0.5976410734274628,2.3851284114334055e-05,1.870310744356523e-07,1.657983398937e-05,1.3263535558008086e-05,5.597890250968746e-06,0
0.7491629297412461,0.2507889184049621,1.7444421164061763e-05,1.6129242323156895e-07,1.2302500514582681e-05,1.1812518229124306e-05,6.431121460691768e-06,0
0.7369609336048727,0.2629880755750792,1.7664589357528697e-05,1.452862063335622e-07,1.4096726505393673e-05,1.227104856508473e-05,6.813169413766386e-06,0
0.7228526986768818,0.2770937350467481,1.8612049357908183e-05,2.189335297686489e-07,1.4852820192590392e-05,1.2703871916987314e-05,7.178601372851321e-06,0
0.6785135494195083,0.3214335483130098,1.7909901398015932e-05,2.3521833989563384e-07,1.4687259080621525e-05,1.2814755915596971e-05,7.255132747836409e-06,0
0.6621032104131845,0.33784815850859456,1.6476971542199575e-05,1.7779806941592028e-07,1.351216539534507e-05,1.1789476884831766e-05,6.674666329219641e-06,0
0.7614778563815093,0.2384677645572621,2.186077447636606e-05,1.7561759426365644e-07,1.4022406359680115e-05,1.2234666377316415e-05,6.085596420855048e-06,0
0.7570909034791643,0.24280599470695513,2.9133690064177282e-05,2.0020735562704907e-07,1.424811030725256e-05,1.4637033313110267e-05,4.4882772840574314e-05,0
0.7922121985131413,0.20668215788532424,2.7956769190142564e-05,1.5024034251929647e-07,1.2682437522766406e-05,1.432158039798912e-05,0.0010505325740809033,0
0.849546595019699,0.14971171008010642,2.284383452346378e-05,1.4343272438121183e-07,1.117199618084588e-05,1.1702346952218683e-05,0.0006958332898137504,0
0.8477134351692719,0.1515167365755097,2.2790842282750576e-05,1.2247852845854004e-07,1.0288061721664882e-05,1.0209799911043704e-05,0.0007264170727744905,0
0.9506035770414776,0.047167780466893544,1.573292095098005e-05,1.1049119834676274e-07,7.297516316370983e-06,9.02633517553954e-06,0.0021964752279876962,0
0.961027107276054,0.03567267261108653,1.5404621261186166e-05,1.084288753252659e-07,7.161307857016884e-06,8.762709027626775e-06,0.003268783045838429,0
0.8686254139808779,0.12669522123361984,3.845188900906778e-05,2.3237980963251573e-07,1.8235315386763046e-05,1.7487049536838526e-05,0.004604958151760126,0
0.8769753164019863,0.11697525955632222,3.684977112339328e-05,2.387267100116811e-07,2.029572118016078e-05,2.1213229769728172e-05,0.005970826592908251,0
0.8373877079351976,0.15440125708052177,4.467207174793892e-05,3.0191936581522603e-07,2.2544616531716518e-05,2.3563790924818282e-05,0.008119952585710374,0
0.7928144228504846,0.19875477273041384,3.2676135715067836e-05,2.3096590572392497e-07,2.0277150596065585e-05,1.8701218888381307e-05,0.008358918947996388,0
0.7922990299458079,0.19501887357084297,3.583145992838027e-05,2.532687973857527e-07,2.2235184581805373e-05,1.9536979636432315e-05,0.012604239590404962,0
0.6096958868658747,0.01859031418336623,2.7127898872487263e-05,1.9265232511598786e-07,1.3090987502686099e-05,1.661562151222448e-05,0.37165677179054635,6
0.8018863660537768,0.03425797092992651,3.214838295165034e-05,2.3224110640133393e-07,1.4892584628786606e-05,2.0179601037555867e-05,0.16378821020657214,6
0.8171686874882401,0.028975409470285027,3.7514405660688e-05,2.710054527386235e-07,1.7685813183895025e-05,2.2932242618153212e-05,0.15377749957455938,6
0.8612613978268373,0.028391314651294804,5.01360321171058e-05,3.3564602718968245e-07,2.185717287015285e-05,2.5020283996408422e-05,0.11024993838685702,0
0.8705888980787491,0.029168731124211915,4.9466590277495553e-05,3.31164310459988e-07,2.332017708500192e-05,2.468620041941128e-05,0.10014456666494663,0
0.7810222538802166,0.034570880010792816,4.41041748148769e-05,3.0025563966789816e-07,2.1582684853319198e-05,2.4786779179982633e-05,0.1843160922145027,0
0.3998203866231729,0.01886237537412744,2.241684180075069e-05,1.6382384775413646e-07,1.430286172505609e-05,1.3524027535963118e-05,0.5812668304477903,0
0.9281657958579699,0.055116562451176965,9.165327129447068e-05,3.382770673757579e-07,1.6309854084093274e-05,2.2873562390853484e-05,0.016586466726016283,0
0.9360103896072229,0.03170066676270482,7.14252266344801e-05,3.3101323931714364e-07,1.5113115211687395e-05,2.3034338747699846e-05,0.032179039936238864,0
0.8614229949688346,0.0236381134170916,3.316203402158743e-05,2.8529416317465586e-07,1.127437185509211e-05,1.7175926168417875e-05,0.1148769939878655,0
0.8371279550544409,0.03128063733831553,3.8856137076618206e-05,2.5466093415183026e-07,2.0570641262851747e-05,1.772118310179969e-05,0.13151400498486823,0
0.7880784641487626,0.17576570315153,6.246242604453403e-05,3.469332624695844e-07,3.111061664583734e-05,2.9592114547554663e-05,0.03603232060920707,0
0.6433393785901246,0.34622100830386043,4.391104333139121e-05,3.0532377947273113e-07,2.8478585804963417e-05,2.8946410324481814e-05,0.01033797174277475,0
0.7378826901923234,0.2590608372861503,3.046209084150724e-05,2.744370752554093e-07,2.2910286065727092e-05,2.991276368709472e-05,0.0029729129438566216,0
0.7349557244130512,0.2620452962532612,3.081302331405406e-05,2.77598673120736e-07,2.3174197737666422e-05,3.0257367745169333e-05,0.0029144571462179063,0
0.747518190202198,0.24775873766410092,3.0459426217178383e-05,2.939000350603786e-07,2.580231594108798e-05,2.5849531201755047e-05,0.004640666960306034,0
0.7833249784445294,0.21134028534738036,2.5931817616208735e-05,2.459045668718912e-07,2.2235494488492884e-05,1.808094573430458e-05,0.005268242045684381,0
0.7815736779638327,0.2114696842833655,2.669236971792854e-05,2.4605512874538733e-07,2.2249108785091307e-05,1.8092016293501462e-05,0.006889358202876252,0
0.769454063959918,0.22353753498154436,2.6278459645273752e-05,2.422396302605271e-07,2.0128813755086625e-05,1.7811469161206764e-05,0.006943940076345705,0
0.712431828055708,0.28338014312649656,2.6019050868736137e-05,2.243524735453173e-07,2.128681008463296e-05,1.839122200147414e-05,0.004122107382367105,0
0.6855952518032687,0.3085621549020069,2.644306695727719e-05,2.280086045382237e-07,2.163370782487481e-05,1.702006095979411e-05,0.00577726845037779,0
0.7107147215205643,0.28247987593900403,2.6426234063964768e-05,2.2786346084060702e-07,2.1619936430794216e-05,1.48763152195924e-05,0.00674225219125661,0
0.9099832126481534,0.07930792342154738,2.9683351241988426e-05,2.4257349365635164e-07,2.4275075334517664e-05,1.912786937214328e-05,0.010635535060857107,0
0.9482177388948451,0.03300548127875467,3.658423611881261e-05,2.4333121538514753e-07,2.4350902877634052e-05,1.8954442720216863e-05,0.018696646913468003,0
0.9396022874143805,0.037575279787703635,4.367806209569574e-05,2.9051408647420845e-07,2.9072637857501253e-05,2.2629783041915556e-05,0.022726761800834206,0
0.8337104388247432,0.1420107030579031,5.2060933081985164e-05,4.2080762853051086e-07,2.8241700341209467e-05,2.6805522645902155e-05,0.02417132915365622,0
0.8575468179933924,0.11948679861020373,5.546443899065342e-05,4.112315121279105e-07,2.759901757707044e-05,2.6195522285437954e-05,0.022856713186038578,0
0.8490740963711167,0.13129309895803287,5.622216594719245e-05,3.654340505368814e-07,2.2637458151055563e-05,1.7142772659419396e-05,0.01953643684004242,0
0.7918629327013937,0.17400418679774335,4.9219015115201006e-05,3.199148192525669e-07,1.9817688915668202e-05,1.5007432965726076e-05,0.03404851644904722,0
0.7116196240207452,0.2721761932375198,2.4575205636999715e-05,2.197423084236752e-07,1.5861567503841666e-05,1.1294714619650992e-05,0.016152231511665983,0
0.6756631094777393,0.3225032329195087,2.4981259143600686e-05,2.2337308719322036e-07,1.5734278714187992e-05,1.1694364590392653e-05,0.0017810243272166437,1
0.8298960992901354,0.17005620800663493,1.381350432274295e-05,1.4766642148162827e-07,9.809594265641535e-06,9.899731659648433e-06,1.4022206560212429e-05,1
0.5769784788193136,0.4229717263063884,1.7498603787752303e-05,2.464179248081449e-07,1.5812630386841814e-05,1.2028486975460715e-05,4.208735223016831e-06,1
0.5756864820236742,0.42426433458461743,1.7999605569803827e-05,2.554541328503048e-07,1.5255522985335411e-05,1.1343573677840317e-05,4.329235342482952e-06,1
0.56507960077598,0.4346946196557873,2.269954817911029e-05,2.242887260359062e-07,1.5313394271907058e-05,1.6766153450594308e-05,0.00017077618360496286,1
0.6189042800679947,0.38041904617688405,2.7966787190904976e-05,2.230254451380418e-07,1.5227143309555661e-05,1.852698626732887e-05,0.0006147298129082689,1
0.6939542372396887,0.3055758014570981,2.022710622660299e-05,1.6130416909346146e-07,9.798161511648179e-06,1.3399727209636243e-05,0.00042637500409617077,1
0.8228810228483919,0.175971948140374,2.7722697129421576e-05,1.8582811625793594e-07,1.1287829116466383e-05,1.5436960369537322e-05,0.001092395696502317,0
0.7841322910376005,0.21355006133008142,3.941466641152943e-05,2.4214639686889734e-07,1.7704594288394342e-05,2.0515129708147146e-05,0.0022397710955132997,0
0.7485733042779992,0.24970786960413593,3.109263176730838e-05,1.2257940180171706e-07,1.1743199362169632e-05,1.1114733960423958e-05,0.0016647529733729701,0
0.7417087133052735,0.2567225178682487,1.97028373460112e-05,1.2451999303406762e-07,1.0718638772685714e-05,9.262134154884464e-06,0.0015289606962110816,0
0.8892172859807975,0.10135762029682231,2.002115852626964e-05,1.8561086084550535e-07,1.4406962017212591e-05,1.271019815284938e-05,0.009377769792823145,0
0.8959946462098107,0.09523938611122518,1.976314799645214e-05,1.8656482095290488e-07,1.4481007614386351e-05,1.2520024916940771e-05,0.008719016933615152,0
0.9095457428055425,0.08625156760932508,1.911989388947031e-05,1.8153396231359487e-07,1.425450496444356e-05,1.2182413167865804e-05,0.004156951239148541,0
0.8792797335466069,0.11266770426954058,1.9872620065157408e-05,1.895694941938066e-07,1.4840938656673784e-05,1.3349150312031358e-05,0.008004309905324265,0
0.8432247829068183,0.15318377520654533,2.2406543774315156e-05,2.0536676360832755e-07,1.614339681896113e-05,2.128439968712395e-05,0.003531402179592411,0
0.8350121066234517,0.16180909450471584,2.285284821032301e-05,2.0511010390304842e-07,1.61232214049995e-05,2.1257799239930074e-05,0.0031183598928736112,0
0.7382069384493173,0.26012268846747805,2.4267038660538685e-05,1.9132999673368146e-07,1.6326612800718277e-05,1.5529094732941272e-05,0.0016140590070137474,0
0.6978777997383921,0.3003243561677342,2.4145094808001724e-05,1.8361880634514637e-07,1.6021069041848222e-05,1.661440158685402e-05,0.0017408799096306393,0
0.6566127838032875,0.34160173722292747,2.367357714640992e-05,1.8003300513456468e-07,1.5708201477198622e-05,1.7375793333915182e-05,0.0017285413688223968,0
0.6785390649731505,0.3194450223522846,3.343913444581625e-05,2.2043791083335416e-07,1.882947023896183e-05,2.1031595991857516e-05,0.001942392035977245,0
0.8289865322935465,0.16566721227216583,2.5513151982524643e-05,1.5423294318710162e-07,1.3302227032709333e-05,1.6004191939733934e-05,0.005291281630389547,0
0.9257375578675264,0.07239833336043901,2.3685543220224704e-05,1.1231359836263699e-07,1.0829162537931237e-05,1.1607858846310873e-05,0.0018178738938317135,0
0.964838012577828,0.03384520265355171,1.6781385642039536e-05,7.918956619635388e-08,7.509264244486018e-06,6.731465405907054e-06,0.001285683463761738,0
0.9734089740981484,0.02538652693264705,1.5326764445333097e-05,7.232536415700428e-08,3.905912925567409e-06,6.1479776967753975e-06,0.001179045988772929,0
0.8981573562735525,0.09823805228008813,2.917382693486646e-05,1.3111111175709977e-07,1.4944818677244545e-05,2.0138372653475704e-05,0.003540203316981983,0
0.8945778404578716,0.10250438844507799,2.6863541139778688e-05,1.090030398996653e-07,1.732324605429057e-05,1.84086489257035e-05,0.0028550666578907938,0
0.8945778404578716,0.10250438844507799,2.6863541139778688e-05,1.090030398996653e-07,1.732324605429057e-05,1.84086489257035e-05,0.0028550666578907938,0
0.9088364836692673,0.09084145150491711,1.6861342006789432e-05,1.6146837461693902e-07,1.0111487671996354e-05,1.2797917121701946e-05,0.00028213261064027835,0
0.87279862399342,0.12716277494962214,1.4386555332604428e-05,1.41175562411343e-07,9.083589835971983e-06,1.1189517152422544e-05,3.800219074542555e-06,0
0.6009322344912097,0.39899776601272013,1.7016560875869865e-05,1.6698386072400321e-07,3.483481499966557e-05,1.0985409269786986e-05,6.995727064116124e-06,0
0.4297517839891334,0.5698907639422401,2.5098518713937494e-05,2.4629227867365327e-07,0.0002978771641223306,1.6181929635864792e-05,1.8048163875523636e-05,1
0.40250578842259943,0.5970784149581806,2.441344422095628e-05,2.450777361960936e-07,0.0003593778233990095,1.7490668742975706e-05,1.4269605120795108e-05,1
0.15239178410275575,0.8454880014463395,4.9719705034829105e-05,4.031452835670533e-07,0.0020273849160558238,2.636980154253882e-05,1.6336882987996015e-05,1
0.07717255646319011,0.9191706038139378,5.370805716631604e-05,4.0902029424729074e-07,0.003559393599072628,2.6754086990026614e-05,1.6574959348922366e-05,1
0.058737793159982246,0.9378465364188575,0.00043168673888140926,3.446852206283103e-07,0.002740680072101567,0.00022899105196722163,1.3967872989290978e-05,1
0.0550536670368844,0.9368696749157656,0.004119227577753752,3.540188924501398e-07,0.002733908281510145,0.0011906240673471803,3.254410184660021e-05,1
0.055978115509588075,0.9363214577793945,0.0031456053496940243,4.104002476066327e-07,0.0022217058780438013,0.002314440823559455,1.8264259472248686e-05,1
0.055757376075114266,0.9309523512094007,0.00350921420602018,3.12443932783184e-07,0.007966700363364086,0.001794466056513259,1.9579645654811628e-05,1
0.060260616003208985,0.8818823167727073,0.004067668019178837,4.1604969074466484e-07,0.05149463996866537,0.00225720226016592,3.71409263831332e-05,1
0.1797763587894973,0.6018653652686015,0.0022394119797502633,3.2731944045945923e-07,0.2147052861234362,0.0013795140623137458,3.3736456960430484e-05,1
0.11076445999092988,0.6799547246533676,0.0018157814358574081,1.5764721908144972e-07,0.2070101248818385,0.0004450464997907586,9.704890996556758e-06,1
0.03043394361196614,0.8503854378312117,0.005045223181507084,1.8443344049167425e-07,0.11312413435513628,0.0009988586808273377,1.2217905911012626e-05,1
0.03207660414258539,0.7316840236703576,0.011166423890009278,2.2863273250930687e-07,0.22304255027307066,0.0020170511572512482,1.3118233993204027e-05,4
0.024496306793899976,0.8908890567538782,0.005147755189464905,1.669407301210999e-07,0.07788980616877675,0.001566863898361327,1.0044254888685427e-05,1
0.026943175440124617,0.8940272144633234,0.003470419616992748,1.636206617799176e-07,0.07458614032753152,0.0009630420336761938,9.844497689573504e-06,1
0.03030245656736261,0.8903784002545002,0.002863241347817763,1.6487313905667002e-07,0.07534121690706747,0.0011046001951335058,9.919854979558173e-06,1
0.024340591195855774,0.8975638917990729,0.003243798967782306,1.7070573422934667e-07,0.07376111617401615,0.0010801549910009092,1.0276166537734306e-05,1
0.022847713497089066,0.8306571326444855,0.006753400094558443,1.7595206710723886e-07,0.1385580748358807,0.0011729109899358686,1.0591985983454736e-05,1
0.04766183849276228,0.9156013744327103,0.00015295948273979793,1.8509845411127981e-07,0.036279427730133776,0.00024675178220788546,5.746298099198112e-05,1
0.05288037487408617,0.8980901078035056,0.00019841632921545975,2.351398726278692e-07,0.04847451857783872,0.0003092528937407964,4.709438174044853e-05,1
0.044818447287912566,0.9134529334077758,0.0011668007403815705,2.5716976636574387e-07,0.03948768230715595,0.0010304979168085373,4.338117019951036e-05,1
0.03687362503772463,0.8308062593069083,0.0026801576306679383,1.9480801909682232e-07,0.12592007994225188,0.003702362096310647,1.7321178117596545e-05,1
0.031060486972673336,0.8848641923307611,0.057850189108878854,9.320787498052025e-08,0.019514471688105342,0.006667392758280304,4.317393342614901e-05,1
0.031031999350630186,0.8840526249946529,0.05625816297833318,9.312238788831121e-08,0.0213580093590093,0.007255975859223505,4.313433576309104e-05,1
0.006974011405309283,0.3391473961822993,0.6154479818046861,1.1243522234191034e-07,0.03546114988279336,0.0028345551988041614,0.00013479309088544288,2
0.0016961295755506297,0.08694344523912707,0.8872913689997538,3.1095538893031615e-08,0.013546786773092657,0.010501407770852608,2.0830546084264764e-05,2
0.010553412361383527,0.12504965682158864,0.0010301366177149149,5.2292845635460426e-08,0.0003086723852507777,0.8630519600379585,6.109483258028225e-06,5
0.0027438822979524054,0.11839788513036803,0.0032392328853007783,3.735030821488315e-08,0.00021269458893452228,0.8754025320405567,3.7357065794341352e-06,5
0.012452761232876306,0.6391867016094549,0.011587738644451416,1.9649873435678243e-07,0.0011566157018974368,0.33561016869482085,5.817617764949606e-06,5
0.01744796675918943,0.7453459055780275,0.020648979053122452,2.6367731012548907e-07,0.0010246367886984852,0.21552444161090958,7.806532742419284e-06,1
0.9641174571230842,0.013731836465724335,1.1522231572086169e-05,1.8612295003839728e-07,1.39104238230389e-05,8.639056382153234e-06,0.022116448576464096,0
0.9705696902488122,0.012077832708231425,1.236423096305386e-05,1.5899271373390536e-07,1.2063506762616555e-05,7.543079265582449e-06,0.01732034723325121,0
0.9653339131291412,0.01664093549343664,1.5119736456081349e-05,2.474259752618169e-07,1.6241963632016283e-05,1.1097976214204065e-05,0.017982444275144824,0
0.9886586329308631,0.0098861247310518,4.189409876893977e-06,6.771710715598002e-08,2.635448786604218e-06,3.510750795051718e-06,0.001444839011519504,0
0.9902102126332941,0.008335690035851608,4.185162095204862e-06,7.819175033415817e-08,2.952744578012679e-06,3.5071911283252624e-06,0.0014433740413024095,0
0.9905100759321918,0.007673095612252376,4.186429479136353e-06,6.766893237235869e-08,2.71693618659288e-06,3.4564095626794414e-06,0.0018064010113949915,0
0.9881182635540168,0.010395846689727982,4.37785288776434e-06,1.49626210083538e-08,3.4271888235847308e-06,3.2498834006045858e-06,0.0014748198685220148,0
0.9883152487101096,0.010397919141537067,4.378725629485909e-06,1.4965603864094456e-08,2.9966687523317415e-06,3.250531277293606e-06,0.001276191257090103,0
0.987010491032879,0.011450068669628088,4.372944907303371e-06,1.4945846517881742e-08,2.992712599104495e-06,3.2462399789000393e-06,0.001528813454160731,0
0.9632007309251102,0.03566169616122553,8.031836256347759e-06,9.460330499614588e-08,6.193528337464464e-06,6.3863243514406664e-06,0.0011168666214142462,0
0.9486970565471612,0.05001265002301473,7.344513940691326e-06,1.0566038603125507e-07,5.847781845830721e-06,5.356724253795244e-06,0.0012716387493977093,0
0.9141381483710308,0.0857462090839392,7.613540946583696e-06,9.444914336553957e-08,4.433291780707471e-06,5.408821512333571e-06,9.809244164709526e-05,0
0.9114465792789195,0.08843116525100184,8.022574303336167e-06,9.952337235100753e-08,4.671467976415672e-06,5.291523878566278e-06,0.00010417038054781276,0
0.0452297808500999,0.7502352706075665,0.000793042394042369,1.398084310595618e-07,0.20292231789559595,0.0008165776964286653,2.870747835542711e-06,1
0.007126520104516852,0.12481249362453924,0.00014851773221214264,3.14168866526634e-08,0.8676215790000937,0.00028905260942063075,1.8055123307129501e-06,4
0.20847461262314,0.7478679756506009,0.0009970773193769304,2.3307893907779678e-07,0.03930544872092213,0.003327570758673469,2.7081848347430398e-05,0
0.18672264745670497,0.7931063564713822,0.000749466495414863,2.0363978037388462e-07,0.016815659057571073,0.0025982277499925757,7.4391291540726095e-06,0
0.21445643981423634,0.7752979704533912,0.0006735986865750639,2.2529241169230844e-07,0.008059925034501926,0.0015058048540923328,6.035864791683699e-06,1
0.17295496327213522,0.8176204799500615,0.0005884899546796827,2.1045636188307957e-07,0.007730667998637569,0.0010981525439774347,7.03582414662489e-06,1
0.03237505893442083,0.9673656390701757,7.3371908819372505e-06,8.492985777894032e-09,0.0002383682081965852,4.9004126517972545e-06,8.687690687362982e-06,1
0.0969485762705878,0.9030044771565543,1.7840222811264365e-05,7.738300343006045e-51,1.1989372200988417e-05,7.665142187616894e-06,9.451835658100602e-06,1
0.10282686619690139,0.8971283218202499,1.7543498520785618e-05,1.055860431211439e-07,9.328371064558979e-06,8.339551996738348e-06,9.494975223436464e-06,1
0.08023821271283291,0.9197144311037152,1.8975169234426525e-05,1.1375948318939805e-07,1.2345810257474047e-05,1.0044472022086857e-05,5.876972454724698e-06,1
0.20996055945430958,0.7899769517651997,2.751190890495431e-05,2.0506623382229568e-07,1.3762628652749721e-05,1.3048861902955209e-05,7.960314796399483e-06,1
0.33668581944792214,0.6632604835619381,2.0656600746445354e-05,1.738631092177108e-07,1.4100464402854062e-05,1.3562292363162754e-05,5.203769518138486e-06,1
0.35470134172172707,0.6452494115772518,1.718108576304158e-05,1.6873371258993983e-07,1.36844654316897e-05,1.3162170813367274e-05,5.05024530050464e-06,0
0.37779664518311384,0.6221342087823899,2.8067029918414067e-05,2.0790723928337175e-07,1.8430453457574964e-05,1.6217924413443607e-05,6.222719467350496e-06,0
0.24620836927897813,0.7537314595271594,2.256041567314519e-05,1.949947512239751e-07,1.5569599681238575e-05,1.5562666292994795e-05,6.283517463766499e-06,0
0.24848407375466458,0.7514571482338875,2.20380598353073e-05,1.9047991213034815e-07,1.520910670964963e-05,1.5202333854610452e-05,6.138031135991885e-06,0
0.7482997620286459,0.251653822945036,1.6213134938306225e-05,1.5864093343569664e-07,1.2100259430193388e-05,1.1618331974614956e-05,6.324659041497443e-06,0
0.7466642795745223,0.2532867128241644,1.6119286629105175e-05,1.823044140660568e-07,1.3576712595522612e-05,1.1818382058424065e-05,7.310915616378775e-06,0
0.7109667328501309,0.2889830844562216,1.4767483490106291e-05,1.6511167242020447e-07,1.4212756768641895e-05,1.210677713330149e-05,8.930564582949645e-06,0
0.8289543347758628,0.17099378587058328,2.0919505605454277e-05,1.778661596671522e-07,1.3590018649886467e-05,1.157454911563686e-05,5.617414023497803e-06,0
0.8354054115308214,0.16452068300851685,2.0433755507475336e-05,1.6151544833754343e-07,1.4612410778132e-05,1.1252218967456126e-05,2.7445559960548496e-05,0
0.8014404456285135,0.19845616353655976,1.7230498557686924e-05,1.6265652005041046e-07,1.4715644300171785e-05,1.1305939474730474e-05,5.9976096074357884e-05,0
0.7474166969309365,0.25247518840455396,3.027557855500664e-05,3.046558835825243e-07,1.557579772306054e-05,1.45077064453832e-05,4.74509259025622e-05,0
0.7570926850664624,0.24280656607833745,2.913375862161461e-05,2.0592218734237567e-07,1.279130694337878e-05,1.3734988989062497e-05,4.48828784587737e-05,0
0.7021934187768848,0.29668848093445094,3.099464879117143e-05,1.787039090124128e-07,1.5003066913071279e-05,1.2590804720398785e-05,0.0010593330643305456,0
0.9325046009916312,0.0654017259163585,1.5319570581120007e-05,1.2699396397247133e-07,7.934305503999915e-06,9.541733548954963e-06,0.002060750488412449,0
0.9480867299298908,0.04687744869116235,1.5070987068843146e-05,1.2403660741239834e-07,6.990486660510929e-06,9.300215783527074e-06,0.005004335652826781,0
0.9409793177191531,0.049029295278628995,1.435454477939404e-05,1.4121645811968343e-07,8.601203824046806e-06,1.1255170133657828e-05,0.009957034867022608,0
0.9339566295600372,0.05535392970183163,1.4592915568693897e-05,1.415830526215196e-07,8.845799899053025e-06,1.1442072876287153e-05,0.010654418366734463,0
0.8799400488986312,0.11535566129269484,3.88538548420997e-05,2.2937816161992084e-07,2.0011682676396237e-05,1.9220033798371246e-05,0.004625974859195369,0
0.8555256247110798,0.1391365418427753,3.904024479533072e-05,2.299138737523811e-07,2.0058419912081533e-05,1.946374147606412e-05,0.005259041126087756,0
0.8538556220386265,0.14027045702457155,3.4706747690293145e-05,2.1910489076876006e-07,1.9115409749321528e-05,2.0025107117835105e-05,0.005799854567353613,0
0.8238310657574754,0.1686987174791896,4.4771844455737035e-05,2.900488877470295e-07,2.465895564866378e-05,2.392788364781601e-05,0.0073765680306948685,0
0.8574832608929521,0.13503367148559609,4.016857523858314e-05,2.5668935203777977e-07,2.1822843026739653e-05,2.124330415510222e-05,0.007399576209679133,0
0.7863106848111645,0.2069971308132981,3.5056433077649186e-05,2.2940824193405517e-07,2.0129846353493118e-05,1.8332922412015523e-05,0.006618435765452239,0
0.7240987648494397,0.02281763313421302,3.096160169967553e-05,2.1987786760761832e-07,1.8848480726155968e-05,1.9159444881337756e-05,0.2530144126111724,6
0.6107940708234223,0.02013119769339401,2.571409829592249e-05,1.8547207143483445e-07,1.5899129829284264e-05,1.616143529290861e-05,0.369016771347694,6
0.467980670170876,0.011554293773128292,2.0059615006854314e-05,1.4507882887791708e-07,9.858303732393075e-06,1.2641699028552778e-05,0.520422331359399,6
0.565586633230829,0.012642833742602989,2.538017431987093e-05,1.8306352609805863e-07,1.24394155684574e-05,1.5122864215254523e-05,0.42171740750893816,6
0.8829211066871288,0.04076945665288466,3.3942062292010113e-05,2.451987122367772e-07,1.572349800360202e-05,1.958939430247128e-05,0.07623993650667645,6
0.8307645963421489,0.028141199028853064,3.643435504265092e-05,2.6320312716350466e-07,1.6878040699091595e-05,2.102780146198516e-05,0.14101960122866697,6
0.3783673273801852,0.012711370616264482,1.888839129608746e-05,1.3581859878397934e-07,2.5109014659663755e-05,1.0827558380736114e-05,0.608866341220615,6
0.9193370056015632,0.028198078286505744,3.4570707058322294e-05,2.8387467216648286e-07,1.3443275786032096e-05,2.0489287879890428e-05,0.05239612896653498,0
0.8825146565898877,0.019952751800408737,3.2355974032216744e-05,2.5631020223412927e-07,1.1707615973647331e-05,1.7835951320049257e-05,0.09747043575817559,0
0.7648723528308033,0.20108586834375997,6.062312947963559e-05,3.367173102833155e-07,3.0194519498285575e-05,2.872073189269921e-05,0.033921903727255856,0
0.6485182936856224,0.3409170839141581,4.455307785961937e-05,3.029617005399942e-07,2.8258266681178784e-05,2.872247196591736e-05,0.010462785622012303,0
0.6657074074165572,0.3259572607563505,4.0085148591024535e-05,2.843235310140241e-07,2.4977530883554553e-05,2.8094260565209365e-05,0.008241890563521535,0
0.7286618406699915,0.2667025577105499,3.439199999956846e-05,3.3184505622660583e-07,3.0643269364545044e-05,2.9959549647098115e-05,0.004540274955391119,0
0.7572878614529444,0.23780634558802785,2.8313891228205108e-05,2.938924220144376e-07,2.5666617134540517e-05,2.3963347746528426e-05,0.004827555210496405,0
0.7521897356890301,0.24158131679666944,2.8405100717850042e-05,2.9483915793308617e-07,2.574929877765643e-05,2.3463406065613015e-05,0.00615103486958121,0
0.7558137823060335,0.2366679082472771,3.40622430253558e-05,2.9248548686071997e-07,2.4303974889465542e-05,2.3738583258884507e-05,0.007435912160028979,0
0.7738231435023768,0.2156811033232721,3.1895591104388336e-05,2.738808916938618e-07,2.240608890988483e-05,2.222860498233292e-05,0.010418949008462979,0
0.7641917754983542,0.22547719699812369,3.1131937888692515e-05,2.7296989385534607e-07,2.2331560532091636e-05,2.215466696144038e-05,0.010255136368245984,0
0.7264154729704908,0.265645109946606,2.9284739728528316e-05,2.5677336000921646e-07,2.1006528416328037e-05,2.0627955697533414e-05,0.007868241085700766,0
0.7498310388107473,0.24538431733918112,2.7649103523532824e-05,9.740412677417418e-220,2.2620395289783616e-05,1.6998769890381223e-05,0.0047173755813678725,0
0.7343332916917273,0.2592477470421265,2.7150444511120708e-05,4.556398681268916e-130,2.221243038177224e-05,1.707598115590682e-05,0.006352522410097329,0
0.7318400543010093,0.26011051731125684,2.5071168840584818e-05,1.829923558207024e-07,1.647075315002562e-05,1.4437997380821788e-05,0.007993265476006576,0
0.7090585944517278,0.2843616008826928,2.365202780859944e-05,1.7729598407614617e-07,1.5958034832177987e-05,1.3988556747308804e-05,0.00652602875020709,0
0.898375573324103,0.0932243088750311,3.1835492249234805e-05,2.461774408877392e-07,2.9442403670660633e-05,2.1317749611404883e-05,0.008317275977893727,0
0.9248498650319659,0.06055902054972982,2.938016321837913e-05,2.2719087669010377e-07,2.1958778468562947e-05,1.9673606995873232e-05,0.01451987467874477,0
0.8817109872598476,0.09327841808326555,5.477125810777045e-05,2.5214591776011345e-07,2.9952666022019573e-05,3.1362326420424763e-05,0.024894256260418916,0
0.857091992011353,0.1290034297405785,3.9899092641358606e-05,3.2375988248806454e-07,2.259153496838696e-05,2.24302632069573e-05,0.01381933359736933,0
0.826322342799018,0.1526519374641844,4.6865076644650587e-05,3.788096101289478e-07,2.5423083542926907e-05,2.413024121795511e-05,0.02092892252578207,0
0.7332953162326273,0.2558072630842176,4.610142556009653e-05,3.2667484106811626e-07,2.192415808305396e-05,1.5324550423681685e-05,0.01081374387424707,0
0.7130515722592885,0.28098767659489465,2.5370807974216334e-05,2.2685628731563755e-07,1.6954430047260712e-05,1.1876722334043356e-05,0.005906322329173957,0
0.6182854661141777,0.3804962159290118,2.2185832214568056e-05,1.983774238612927e-07,1.673191859554221e-05,9.838635863665357e-06,0.0011693631927128124,0
0.6011051902511911,0.39780876492907774,2.288884838216367e-05,1.9357398669335998e-07,1.5561641505024525e-05,1.064044355905633e-05,0.0010367603122982333,0
0.6038905346486554,0.3950183881198109,2.2994908563708647e-05,1.944709515309217e-07,1.5633749568112875e-05,1.068974824039067e-05,0.0010415643542100433,1
0.545410678832347,0.45397314707011927,2.642679764084862e-05,2.2349488665686107e-07,1.8176122011417188e-05,1.604067418262692e-05,0.0005553070088121436,1
0.6108483128577231,0.38910013045284375,1.876754519167732e-05,2.0721602750254363e-07,1.470503484676567e-05,1.2038730143306165e-05,5.838163223892685e-06,1
0.6427595732154726,0.35718491712304845,1.604120758137484e-05,1.7711401663922693e-07,1.1683136648675705e-05,9.72912803526943e-06,1.7879075196883313e-05,1
0.5065821859011775,0.4933367608164425,1.9541412009070207e-05,2.0959137242470652e-07,1.4625137970768118e-05,1.5694978117240196e-05,3.09821629103644e-05,1
0.6856796275364732,0.31416028973945365,1.704059019685773e-05,1.6209680996863736e-07,1.106777512931658e-05,1.224178392804805e-05,0.00011957047800902738,1
0.8810509853200011,0.1120077104779831,1.924610543113255e-05,1.8273227865259246e-07,1.5015456327157614e-05,1.2264612988414546e-05,0.006894595294990466,0
0.8650951117121332,0.12736701221162314,2.0597886462705713e-05,1.960065903541458e-07,2.4078110199711537e-05,1.3155557362925714e-05,0.007479848515628102,0
0.8302669019676432,0.16452114958079214,2.249619064927208e-05,2.0702511259321338e-07,1.8580636086585807e-05,2.1282930639617528e-05,0.005149381669076604,0
0.8214547213946801,0.1723591785970309,2.283203535757274e-05,2.20042394188383e-07,1.8613477877758523e-05,2.2805395496953288e-05,0.006121629057162506,0
0.8203252431191547,0.1752518827354163,2.448285654588551e-05,2.197398417804932e-07,1.7273230587417177e-05,2.1759848244575196e-05,0.0043591384702094125,0
0.7622808911496642,0.23653079360476267,2.576323257266887e-05,2.0068500213088547e-07,1.8123638443311858e-05,1.5364023028412436e-05,0.0011288636665264136,0
0.7067536912821195,0.29185304182365523,2.538815430336588e-05,2.0016927272779006e-07,1.7080887818008817e-05,1.772071264520162e-05,0.0013328769701858516,0
0.7164044740863701,0.2817504000508189,2.4786078528613828e-05,1.8849336437034246e-07,1.644638294201249e-05,1.6609579002915332e-05,0.0017870953289730435,0
0.6644251561696178,0.3338593720298636,2.550060365994424e-05,1.9392719069249127e-07,2.0138360842851702e-05,1.8716783540778367e-05,0.001650922125284238,0
0.8538164376585207,0.1425587679433577,2.3704559303497053e-05,1.3271943226104035e-07,1.144673753289492e-05,1.266252918579445e-05,0.0035768478526669915,0
0.8880017520102198,0.1097569642109056,2.4452294623189864e-05,1.1437308083843601e-07,1.1027735736542848e-05,1.2884376332753718e-05,0.002192804999101162,0
0.9257369353089384,0.07239828467255353,2.3685527291694833e-05,1.1231352283173234e-07,1.082915525531849e-05,1.2280351126754985e-05,0.001817872671311362,0
0.9267285290129329,0.0717774397258599,2.200551053071028e-05,1.113503883678314e-07,1.055896035478833e-05,1.0563249927343642e-05,0.0014507921900058876,0
0.9755735949869908,0.021985545507932306,1.9766262885861568e-05,9.327488305454572e-08,5.43053558641242e-06,7.928779998173671e-06,0.0024076406517230618,0
0.9291614903825675,0.06582214040947458,3.032085129683441e-05,1.9018387527475753e-07,1.2858853130772485e-05,1.7427087764075207e-05,0.004955572231891162,0
0.9192171092321273,0.07774596508152382,2.4887066739630607e-05,1.1184583345513857e-07,1.28056099594494e-05,1.7179269122749943e-05,0.0029819418946936487,0
0.9129142892247532,0.08483283368767419,2.3055529464212736e-05,9.355143408007875e-08,1.4479898196362084e-05,1.5799151180200725e-05,0.002199448957297647,0
0.9003986662652481,0.0972527267393456,2.6430958502094633e-05,1.0724776786497605e-07,1.6313211251742486e-05,1.8112955503456727e-05,0.0022876426223809136,0
0.8836561976856863,0.11460528470447734,2.4639702590341292e-05,9.997946549920055e-08,1.5207646499255396e-05,1.6885420050199486e-05,0.0016816848612308916,0
0.8536760257357172,0.1454129166037182,2.2997244715113574e-05,1.033527184719494e-07,1.3495607182091529e-05,1.7455124970065293e-05,0.0008570063309788678,0
0.9224879738792959,0.07745069806555417,1.4123927868513678e-05,1.4667262109123538e-07,9.184946609525324e-06,1.1625211767948915e-05,2.6247296282707093e-05,0
0.9224888013681894,0.07745076754027282,1.4123940537940027e-05,6.88335556952776e-08,9.184954848593497e-06,1.1625222195980385e-05,2.5428140399531364e-05,0
0.8997176818771062,0.10022716646833878,1.4488574340890523e-05,1.504593618883486e-07,9.303764899213864e-06,1.1925347289829236e-05,1.928350866315648e-05,0
0.8744997450097867,0.12545624227370356,1.592747011020751e-05,1.6540184927057996e-07,1.035781009001014e-05,1.310968270884579e-05,4.452351751440004e-06,0
0.6449103197580188,0.3550361325607307,1.5893625082116976e-05,1.559644687590892e-07,1.9677823312654853e-05,1.1286194672431668e-05,6.5340737147156835e-06,0
0.5866710587847627,0.41307927634800634,1.8844862011454236e-05,1.8492501724869674e-07,0.00021360545110140518,1.2051745068385117e-05,4.977884032514002e-06,1
0.07250660316301472,0.9236780087041943,0.0004813791845050293,3.8436272294798007e-07,0.0030561660094448034,0.0002618828293946222,1.5575746723834055e-05,1
0.06299461261457008,0.9298884120106317,0.0023382577303865566,4.452931254841084e-07,0.003043367447132581,0.0017054042340179036,2.9500670135636265e-05,1
0.07437706544099235,0.9191349642159906,0.0024175716725248564,3.1204021167218105e-07,0.002254839487142922,0.0017965745753025855,1.8672567834840634e-05,1
0.05983908927231452,0.9277457340754836,0.0031877141245087275,2.9920830226544326e-07,0.007024612533237123,0.002182005848149681,2.0544938004286967e-05,1
0.05291515209197747,0.8481225423053612,0.004135907014361698,2.888181652029668e-07,0.09234464102823631,0.0024455073523351814,3.5961389562819886e-05,1
0.15554738085681563,0.48600410058965626,0.0014131783358388855,1.8662635467972851e-07,0.35606413074605614,0.0009366603236501395,3.436252162845526e-05,4
0.1132378669223885,0.5785597206740625,0.0012013578183177644,1.4230477737918837e-07,0.3063979001400774,0.0005942471501641769,8.764990212275036e-06,1
0.10333196925774894,0.6580872776406985,0.0014464493619224593,1.390532150511325e-07,0.23668981688316054,0.00043514096453154793,9.206838722867704e-06,1
0.02945184319692168,0.8304002313566536,0.0038082413746298384,1.8623098785636124e-07,0.1351817311863805,0.0011454296688924515,1.2336985534066807e-05,1
0.030641809418121013,0.7461381220174347,0.008777209826574038,2.288736436425516e-07,0.2125194896285182,0.0019100066402859255,1.3133595422560365e-05,4
0.027557833204019357,0.894086262454163,0.003928611523708065,1.5727230006780968e-07,0.07298120860843967,0.0014355137966036745,1.0413140766046523e-05,1
0.019400053630162988,0.9138502814238394,0.004196122131573732,1.531162213815931e-07,0.06121033808848903,0.001323076550352529,1.9975059360728295e-05,1
0.041643921305938254,0.8386268567192251,0.00031906708342690213,8.722378429786476e-51,0.11896887653447179,0.0004184393681506813,2.2838988787197086e-05,1
0.048698435713506794,0.8948566664234301,0.00018709464516691466,1.5942892139991972e-07,0.05582937641348085,0.00037877338526088515,4.949399023326234e-05,1
0.036463969942087844,0.9027109852073903,0.0008278968664350051,2.2519389392046004e-07,0.05879067533126155,0.0011688147191428364,3.74327397884402e-05,1
0.042038515344280714,0.890022337035897,0.0008734455408251824,2.398893748338442e-07,0.06523473289989697,0.0017689207395568292,6.180855016841847e-05,1
0.0076637274482294505,0.07064141111969947,0.0045518780976935526,1.596029672829094e-08,0.9134321630130258,0.0037098435809859646,9.607800693515174e-07,4
0.007811525264700233,0.07670094148914895,0.001427073515197617,2.1196662458261778e-08,0.9137079222778023,0.00034840416298718903,4.112093501161223e-06,4
0.059614504848505924,0.6378869667227836,2.8427792900450684e-05,1.3954039581188677e-07,0.3024292128010083,1.365979144749112e-05,2.7088502958655724e-05,4
0.021086086910857525,0.7349782623541823,0.14933831355232502,1.0141938755489109e-07,0.08870925069937584,0.005654131191489647,0.00023385387238220078,1
0.02163553169953691,0.8725674966305658,0.07459595724954286,2.3184877701166278e-07,0.018350857574374824,0.012799538338819966,5.038665838271833e-05,1
0.024581011862324156,0.8835601068120456,0.05628390828728998,1.9328152051202433e-07,0.02980233432947335,0.005745346098063404,2.70993292831103e-05,1
0.00701910509384821,0.36985687663907985,0.5969804015048304,8.979862843022062e-08,0.02446000435990786,0.0015664695255226595,0.00011705307818257445,2
0.0019320295737062644,0.08816904289008835,0.892760094815414,3.221937073998154e-08,0.013399424276484407,0.0036922273711410716,4.714885379501766e-05,2
0.0018240354437503224,0.09131020374678539,0.8906556046926759,3.0418413364304666e-08,0.012554327883440642,0.003610978704300507,4.4819110634052266e-05,2
0.012853700136994509,0.06646354023954484,0.009120551789451757,3.7002011171833666e-08,0.004247952901422966,0.9073057368735391,8.481057035675755e-06,5
0.011398593913889365,0.09960252885088289,0.11137270385099665,3.952345625704613e-08,0.0005370006091041137,0.777085245837189,3.887414481692182e-06,5
0.07085389430008861,0.3048600479358573,0.05200237096194263,1.1725708312097465e-07,0.001935466653062514,0.5703404965976678,7.606294298024415e-06,5
0.0027648869693597594,0.019508590757030417,0.001654452121360029,8.623694550543133e-09,0.000213221101926422,0.9758581687649506,6.716616783028995e-07,5
0.0030549889297541767,0.16099690030271177,0.003808490741187885,4.423766506449332e-08,0.00018060078382140326,0.8319545504379863,4.424566873436932e-06,5
0.00248431953503212,0.126693465480276,0.0033810386412617796,3.9272579388127025e-08,0.0002548709925109523,0.8671812946714071,4.971406932655599e-06,5
0.010413445254917348,0.6029996179786739,0.010544805379191304,1.6431928426305093e-07,0.0008810285013599701,0.37515504388953747,5.894677035805568e-06,5
0.012540593147892262,0.7420297477306036,0.013269948548987174,1.9524827792807555e-07,0.0010468600716438733,0.23110565105010403,7.0042024911741225e-06,1
0.013682826586214945,0.9358553159345654,0.020068859215478393,3.307357629148499e-07,0.0027442060481188044,0.027638669588547174,9.79189131235836e-06,1
0.015000765240392414,0.9541029497142423,0.020291351181017114,2.9450778933538675e-07,0.004608383066224839,0.005986180795182748,1.0075495151086326e-05,1
0.02407285193630796,0.9439084281755091,0.017831544305761206,3.0214143873863815e-07,0.00612633556434848,0.00805020122439242,1.033665224211309e-05,1
0.023580197534326837,0.9452755800810334,0.017928809827975796,2.9595807042775714e-07,0.006646647471291557,0.006561963479512144,6.505647790021741e-06,1
0.9665809499237367,0.019645438762460953,1.2254250325770666e-05,1.8746777300342116e-07,1.4300324570390093e-05,8.044003094447537e-06,0.013738825268038593,0
0.969304390707313,0.012605746954054206,1.2427291421898115e-05,1.9080818451477435e-07,1.2525233797068497e-05,7.831788319132803e-06,0.018056887216910268,0
0.9660660335610644,0.017505533741173602,1.389381989105279e-05,2.060000448591899e-07,1.541603185217597e-05,1.0679942656207008e-05,0.016388236903317557,0
0.9887056189446596,0.0094798773469947,4.7921709212547065e-06,8.054710422211084e-08,2.9800329540613e-06,3.372000650260774e-06,0.001803278956715995,0
0.9898654364482884,0.00867127697793413,4.18370488520803e-06,6.762489237044376e-08,2.746767668506251e-06,3.5059699775414364e-06,0.0014527825063539728,0
0.9870228696781103,0.0106405049615578,4.43778600975449e-06,4.654269342494138e-09,4.208472734095939e-06,3.294374538908154e-06,0.0023246800727801335,0
0.9685483134155707,0.030524321043817627,6.153417954818416e-06,7.247827980661001e-08,4.5826462091025005e-06,4.876793535145496e-06,0.0009116802046325481,0
0.94853531470735,0.04937643917716705,7.439013346267788e-06,1.0701988289565794e-07,5.615274945932599e-06,5.425647433995923e-06,0.002069659159873703,0
0.9078839769660514,0.08960626345257902,9.026381169390257e-06,1.2985623371738788e-07,7.1869028178248815e-06,6.583394806589774e-06,0.002486833046342188,0
0.9057335619414746,0.09338461981944689,7.716031785162473e-06,9.572058486358834e-08,4.391551584209107e-06,5.481633185169027e-06,0.0008641333019390513,0
0.8807141344747078,0.11891664178087052,9.3710488419995e-06,1.1625176009076774e-07,5.631557385361176e-06,6.657392522789174e-06,0.00034744749391134826,0
0.043741816076625334,0.7363210426588371,0.000453810680112513,1.309680594813497e-07,0.21878400515465346,0.0006965066461183345,2.687815593592589e-06,1
0.14993602306678933,0.8056145837174414,0.0007369488841037514,2.0394335967538158e-07,0.042221756258015865,0.001457106669585947,3.337746070380159e-05,0
0.10923015841797787,0.8625224081392592,0.0007700727003991071,1.8101906639125335e-07,0.026322246842918732,0.0011365308738459736,1.8402006532880517e-05,0
0.12041356856138352,0.8590066250128222,0.0007529729243106027,1.669120289936406e-07,0.019063243467755293,0.0007494962868012754,1.3926834898188741e-05,0
0.13506985949203457,0.8163361075398153,0.0005263648039848442,1.4302015331677057e-07,0.04743707897397753,0.0006259519765147978,4.494193519672261e-06,1
0.08242925780978921,0.9169963242791246,1.655215637713557e-05,1.4324964273259537e-07,0.000529637168929976,1.1533684252395388e-05,1.6551651883770544e-05,1
0.09951502938994075,0.9004492995166645,1.4254436659828619e-05,8.803287107057661e-08,7.77757422240563e-06,6.953141570736826e-06,6.597908070440626e-06,1
0.08987648238510815,0.9100764732862505,1.7231716544930248e-05,2.0001892453794816e-07,1.095794725024354e-05,9.119654933308971e-06,9.53499098817428e-06,1
0.111861582017712,0.8880950347552893,1.7695645714428344e-05,1.5158392823702755e-07,1.001425650338419e-05,9.64059923803764e-06,5.881141614605378e-06,1
0.2998103952455394,0.7001347464834973,2.2288069775208968e-05,1.7299072511206704e-07,1.3764082633263346e-05,1.3494241536584578e-05,5.13888629304115e-06,1
0.32427473279176594,0.6756655089678603,2.0514592364294776e-05,1.8836845760158053e-07,1.3218982205836381e-05,1.5033817204712013e-05,1.0802480141304312e-05,0
0.7564682037763755,0.24348549378101406,1.5722197514196377e-05,1.584785707148714e-07,1.2228556576218916e-05,1.187502394613469e-05,6.318186003120577e-06,0
0.7295104492057816,0.27044586449379476,1.3994999711072114e-05,1.9841527856692468e-07,1.2389240580301397e-05,1.0983674846864898e-05,6.119970006763488e-06,0
0.8156865227207606,0.18425982444639905,1.9538745572355314e-05,1.6569014694257876e-07,1.3575024345503821e-05,1.0986621867385704e-05,9.386750908079258e-06,0
0.8399351000396302,0.15999311851227282,1.918100003493718e-05,1.7292011278593146e-07,1.3212111635506733e-05,1.095327223441988e-05,2.8262144079245762e-05,0
0.8367930148179878,0.1631354049870833,2.006690977468445e-05,1.722732416992442e-07,1.4033989916342068e-05,1.0912297503378432e-05,2.6394724492588845e-05,0
0.8168124005150162,0.18307869731739654,2.1079264331612997e-05,1.6583661023400097e-07,1.5003349188790345e-05,1.1553259272598665e-05,6.110045818408734e-05,0
0.7958657057834847,0.2040217827854059,2.182199639631998e-05,1.712495018875195e-07,1.5493057121702356e-05,1.1930356589043711e-05,6.309477150045418e-05,0
0.7772015681921869,0.22270358633604828,2.0555247117954052e-05,1.7820529275684088e-07,1.534517305015783e-05,1.181647914745767e-05,4.695036715667878e-05,0
0.7984549455282997,0.20146047270343598,1.827459230990493e-05,1.8928122384847558e-07,1.2572980008012417e-05,1.2289107011144985e-05,4.1255807711454046e-05,0
0.846667892976816,0.152625502673925,2.134100933953448e-05,1.486172576289122e-07,1.2545425902776252e-05,1.4166860697803306e-05,0.0006584024360611414,0
0.8273925001541507,0.16956787569725051,3.23454758596833e-05,1.8649228819906805e-07,1.231064083843212e-05,1.4286303771807823e-05,0.0029804952358408227,0
0.9353575716112202,0.06193955052453251,1.6621806878516163e-05,1.3370211191126742e-07,8.3534159360829e-06,1.0045752466364601e-05,0.002667723186854418,0
0.9526437015995901,0.034836082500249034,1.477457254828549e-05,1.2222492558192356e-07,7.239823809407721e-06,9.631936506304351e-06,0.012488447342371329,0
0.8457976229263184,0.14513433799795109,3.790088130602308e-05,2.2375217370531022e-07,2.0717658419364845e-05,1.894211250773833e-05,0.00899025467132352,0
0.8091539715584771,0.18277427035461133,4.847441228100749e-05,2.861742192585679e-07,2.6029455780745046e-05,2.228189320552044e-05,0.007974686151425069,0
0.7974006277032839,0.19478022427501862,4.952643810012774e-05,2.9821450023521564e-07,2.6181095050573612e-05,2.3974474997641952e-05,0.007719167799048986,0
0.7848924319366609,0.2071983816998163,3.9632258647211446e-05,2.877482003925346e-07,2.524899285903124e-05,2.5138822104906715e-05,0.007818878541711266,0
0.9513578341705384,0.025790719700272642,2.9097294401791485e-05,2.1125957455357843e-07,1.8537358294608706e-05,1.6974974961816582e-05,0.02278662524195606,0
0.9513549474443207,0.025790641442918722,3.2131639022376614e-05,2.1114824474550161e-07,1.8537302046290488e-05,1.697492345427283e-05,0.022786556099992715,0
0.9513583857545537,0.025790734653372536,2.97324671727444e-05,2.111490078604384e-07,1.853736904231073e-05,1.576015352689525e-05,0.02278663845332385,0
0.814265597180774,0.17811372649810686,3.354752108028898e-05,2.3824211260791677e-07,2.0915949393197087e-05,1.9981764407118198e-05,0.007545992844126194,0
0.8363969704127404,0.03373785067750189,3.294991327029475e-05,2.391526221846027e-07,1.533578925914025e-05,2.1080916503343326e-05,0.12979557313810267,6
0.8385602144192912,0.027314342538481542,3.620306357992495e-05,2.615322690900069e-07,1.677089603530733e-05,2.3053646149698455e-05,0.13404915390419317,0
0.8714192910775856,0.03631415483606203,4.3868794055728133e-05,2.9289571776826953e-07,1.907328500143605e-05,2.4093407879202406e-05,0.09217922570369826,0
0.8933003724127266,0.023241649045462238,4.390444282433423e-05,2.939273649646569e-07,1.938553140506032e-05,2.2227550325775607e-05,0.08337216708989095,0
0.9534368810814643,0.03283255754469965,6.867280003058305e-05,3.3320304988854824e-07,1.5773808633218118e-05,2.318672189285466e-05,0.013622594840229875,0
0.8302565120674473,0.026565520736168996,4.24046086215703e-05,2.701185975907546e-07,2.0941671471352507e-05,1.9068903830346718e-05,0.14309528189386284,0
0.8329793817229035,0.040406400523771376,5.035146626129945e-05,3.1944404095730753e-07,0.00010457407495820268,2.2551011853767776e-05,0.12643642175621106,0
0.7932113719498454,0.16772085205359494,6.286925593331275e-05,3.491929060588921e-07,3.1313246122650164e-05,2.9784853725849232e-05,0.03894345944787187,0
0.6495989077011585,0.3372147858278276,4.468377164951025e-05,3.03850420573212e-07,2.549832640390268e-05,2.5917308668878183e-05,0.013089903213871039,0
0.6487477356388933,0.34276395075258215,3.8840989694102985e-05,3.021387456503721e-07,2.7057794440599963e-05,2.7189569862854157e-05,0.008394923115781435,0
0.7448607408023286,0.25018241335729696,3.0005697578433824e-05,3.112898419128138e-07,2.8745157708985655e-05,2.8552846689179563e-05,0.004869230848555904,0
0.7376543722776324,0.2564993954609518,3.076332659026985e-05,3.1914975634094914e-07,2.9470958713051706e-05,2.5577397654758154e-05,0.005760101428701411,0
0.748555331571475,0.2435422618023387,3.305684342953512e-05,2.8969591337400163e-07,2.3221824887481705e-05,2.3524502701896762e-05,0.007822313759254077,0
0.7593614028385454,0.23315729830307771,3.351424479422585e-05,2.937043815874005e-07,2.354314093862811e-05,2.3850006849395146e-05,0.007400097761413026,0
0.7667988942539208,0.2254321340058598,3.156216628461274e-05,2.767422063913593e-07,2.2030721323417382e-05,2.246083379445431e-05,0.007692641276610393,0
0.7525112284648445,0.23952492486133126,2.9410800000889245e-05,2.7684051314902247e-07,2.364033552488391e-05,2.0148371264074972e-05,0.007890370326521077,0
0.705065290105903,0.289823507408375,2.7840977212187415e-05,2.620639499013684e-07,2.5788947799119632e-05,1.736791686720029e-05,0.00503994257989346,0
0.877363635845582,0.11437052689089544,3.0109946357680584e-05,2.3283414252151466e-07,2.7846567856543116e-05,1.9717647681402943e-05,0.00818793026748467,0
0.8923436420722554,0.1004657074841799,2.9318767541423515e-05,2.2671611630266645e-07,2.7114862315395845e-05,1.766019880929429e-05,0.007116329898782318,0
0.8886575770937638,0.08276183682661255,2.8007676904888832e-05,1.3046255722765999e-07,2.2611884687544384e-05,1.8339812128898733e-05,0.02851149624334526,0
0.8577559068103696,0.13137494905486072,4.163442975505143e-05,3.8058262550436506e-07,2.5617211642104614e-05,2.4692998856485517e-05,0.010776818911890243,0
0.7680190984842796,0.22372169771719513,3.591570691591068e-05,2.759169064016102e-07,1.916461971911158e-05,1.756674833981266e-05,0.008186280806644006,0
0.8187617933902792,0.1740078097893512,3.328693420795678e-05,2.358713165573172e-07,1.5830052949753793e-05,1.142942453894862e-05,0.007169614537356171,0
0.6946988622150372,0.29566449940216416,3.54247325361152e-05,3.317406540100311e-07,1.6573686944383605e-05,1.7224747269948326e-05,0.00956708347539443,0
0.7126631309227989,0.2767507186713281,3.704361467769098e-05,3.469009384204777e-07,1.733109127445092e-05,1.801190453980342e-05,0.010513416894442624,0
0.7123880376938337,0.254826632667828,3.121265986746189e-05,3.3541705537041056e-07,1.63248823150984e-05,1.7415634589696348e-05,0.03272004104451063,0
0.6009928282116218,0.2202306106336448,2.3009674232075142e-05,2.483507969502758e-07,1.0803189430389157e-05,1.3216182078304284e-05,0.17872928375819563,6
0.6016628516702948,0.39733208868362635,2.319894101083747e-05,1.9317107077308485e-07,1.5254981136245785e-05,1.0618295933840944e-05,0.0009557942569271573,0
0.4854844204514265,0.5144358966981328,2.833359533312368e-05,2.3962092432151755e-07,1.867916179248418e-05,1.7338144243823875e-05,1.5092328146935225e-05,1
0.7304680880529784,0.2694740176590736,1.627717390483516e-05,1.7965028717601658e-07,1.2293582299652003e-05,1.20845296408788e-05,1.7059351815449773e-05,1
0.7024423609065517,0.29750574070953817,1.8627011691613914e-05,2.1585321472279164e-07,1.5233398524233385e-05,1.3367479306406287e-05,4.454641173035656e-06,1
0.6005465936077846,0.3992714359377686,2.661092576459285e-05,1.7837579740630525e-07,1.2179284802628087e-05,1.4817887469857824e-05,0.0001281839806122771,1
0.5784968677712472,0.4205549474301604,3.387830300213149e-05,2.272088270260228e-07,1.4680055499242963e-05,1.8864615458935786e-05,0.0008805346158049516,0
0.6377147572330307,0.36113100454288755,2.9221421254384454e-05,1.1520240586678128e-07,1.0237272484933983e-05,1.0445829276164794e-05,0.0011042184986604386,0
0.8896844918883439,0.09843346289550263,2.0084896390036206e-05,1.7589558037306313e-07,1.5141031908144678e-05,1.3053830785013553e-05,0.01183358956149007,0
0.8548492587261853,0.14128844174863248,2.24147109817565e-05,1.9176579793992218e-07,1.7806118829377658e-05,1.710964105322716e-05,0.003804777288519641,0
0.741199592611402,0.2577631391162703,2.430701835924332e-05,2.036677612075278e-07,1.70992367178803e-05,1.391601140224196e-05,0.0009817423380870584,0
0.7292578779705289,0.269636058846588,2.47459516361104e-05,2.0734556966999632e-07,1.7408012722142912e-05,1.6693146914451935e-05,0.0010470087260410728,0
0.7330777715658254,0.2664504399500396,2.1649799063438686e-05,1.7069474533076926e-07,1.4565761050065855e-05,1.5145822121479604e-05,0.00042025640715484953,0
0.6802434041422311,0.3182581658831862,2.353498204368865e-05,1.7897901601050756e-07,1.3747393644393912e-05,1.5455788845734404e-05,0.0014455128310328854,0
0.6819159271965635,0.31621207864904044,2.9111597645282746e-05,2.2367322366370204e-07,1.8519649597920366e-05,2.134027153726581e-05,0.001802798962391771,0
0.9266638628403088,0.07177243116924109,2.200397500860417e-05,1.1134261845117239e-07,1.0735541645754263e-05,1.0562512834525317e-05,0.0015202926183428233,0
0.9726651385409361,0.025159320105869847,1.9349981468767234e-05,9.131049551596715e-08,5.316167429793905e-06,7.761798318706594e-06,0.0021430220954812874,0
0.9136405063236629,0.08259495299190918,2.8864685998215725e-05,1.297217907062688e-07,1.761621987165472e-05,1.992497605663511e-05,0.0036980050807106147,0
0.9266128983619186,0.07103287362649974,2.1686630979270293e-05,8.799691334893728e-08,1.4074440992695253e-05,1.351612849305695e-05,0.002304862814203289,0
0.8911097050111153,0.10021123999609659,2.7235011444760866e-05,1.1051033904034169e-07,1.7675293220098148e-05,1.9400455900004333e-05,0.008614633721884047,0
0.9062134569512341,0.09016463663281316,2.2886300832631058e-05,9.286476231240369e-08,1.485301663120642e-05,1.4263819174139238e-05,0.0035698104145523426,0
0.9065941331986654,0.09020251240618764,2.2895914760841596e-05,9.290377233698953e-08,1.4764679123140724e-05,1.793249860192053e-05,0.003147668398888716,0
0.899665494294139,0.09812536792229982,2.2487952493191162e-05,1.0106389055867717e-07,1.5372595900386057e-05,1.5438404158748776e-05,0.0021557377671183454,0
0.895805286751578,0.1023280904239898,2.4415939628585486e-05,9.907151211653134e-08,1.5069539798919547e-05,1.513405071008385e-05,0.001811904222782425,0
0.9208018245504647,0.07880268900797473,1.8120192076408035e-05,7.352552701883205e-08,1.1183798772986937e-05,1.12316752880465e-05,0.0003548772498961103,0
0.9082952997087023,0.09162316301323147,1.5539435047957913e-05,7.573202145488229e-08,1.0273215657877904e-05,1.2790296358672116e-05,4.285859898035061e-05,0
0.595854882821183,0.4040906306821536,1.9261551582383935e-05,1.8901400055060104e-07,1.343947231304173e-05,1.367778714602181e-05,7.918671621410333e-06,1
0.3168592749131561,0.6826852945054048,2.569380823754905e-05,2.5213386697262434e-07,0.00039291828464269897,1.809012241124239e-05,1.847623228059479e-05,1
0.36690568192016854,0.6318782263608599,2.6671208426408886e-05,2.617251150631609e-07,0.0011197336473103322,1.584438550940644e-05,5.358075261044292e-05,1
0.060750163488046155,0.9357640473789337,0.000486018730131372,3.286771074665139e-07,0.0024461885513061593,0.0005289393451214914,2.4313829353734698e-05,1
0.09134689486696569,0.902852573896241,0.002751986730356192,3.148491395496416e-07,0.001658809126997356,0.0013661296223626282,2.329090793754204e-05,1
0.07236344016110292,0.9164801539583077,0.0029690092188588563,2.6449692889717e-07,0.005618106701555156,0.0025463826108518806,2.2642852394257633e-05,1
0.034106347044139854,0.7217322703834843,0.005368982199688579,2.1419905181241362e-07,0.23730482746414552,0.001474165529139882,1.3193180349888734e-05,4
0.013991691701673383,0.9293535204368875,0.003792403295435516,5.030114967096076e-134,0.05223374079087402,0.0006138261567882766,1.4817618341288763e-05,1
0.042185011674861925,0.7850487135221401,0.0002981598588131859,8.886352471292554e-94,0.17197995627309806,0.0004607635369320665,2.7395134154428276e-05,1
0.04002503757161599,0.7614543776512878,0.00037374774505213746,1.25848511455062e-07,0.19758236891000514,0.0005476840258340923,1.665824769326374e-05,1
0.04388602686191189,0.8537757534667956,0.0005279800179079232,1.4825935461518004e-07,0.10098179024986484,0.0008043911534843498,2.3909990680841945e-05,1
0.04041327803459756,0.838351434325073,0.0010995651510866068,2.2596242038269987e-07,0.1166774335756089,0.0034276792415964302,3.0383709617182608e-05,1
0.042546908040366274,0.8173321822113891,0.0012432885108746325,2.2029706229088024e-07,0.13461584598244666,0.004237690291206505,2.386466665451445e-05,1
0.005907068837114551,0.05082328452760721,0.001747124864853706,1.1721649726530675e-08,0.9391849296972259,0.0023372998397521933,2.8051179668015223e-07,4
0.01957637841048995,0.8389102291171904,0.0001111798122824839,1.6172057382593315e-07,0.14131708398860218,1.3517950683556993e-05,7.144900017757303e-05,4
0.029366031601919307,0.8397634066544857,0.0012311016885254854,1.1579515277049064e-07,0.12861167439957577,0.0009636154381543169,6.405442218669548e-05,1
0.01671599148873101,0.7987080968303218,0.14348302392851994,1.7471987950840016e-07,0.0261455312580326,0.01493098320929674,1.6198565218264085e-05,1
0.0028827632935183303,0.14346938281211744,0.8314237667955248,4.114427899011516e-08,0.017470432656180736,0.004699981471373197,5.363182700655623e-05,2
0.0017480137354736014,0.08980019428210415,0.8873052238446167,3.224889132640309e-08,0.012703666732600628,0.008404588131673262,3.8281024640132235e-05,2
0.0011227687250392833,0.03980124849192249,0.9430397852664122,1.8754425929037254e-08,0.003810649693743384,0.012206055350223939,1.9473718232693705e-05,2
0.0036941111395758074,0.02780170296435116,0.0029596370210615078,1.2654752431568862e-08,0.0002639760424879503,0.9652798166892015,7.434885696614029e-07,5
0.01324203775269587,0.15997566512386774,0.002074688373748232,5.518436391983006e-08,0.0006518268809801403,0.8240518748896717,3.8517946723578946e-06,5
0.005276966292496371,0.1060809694006016,0.0007032955617881934,3.649822538238917e-08,0.0002958502595797105,0.8876388210415148,4.060945794009024e-06,5
0.000745823579212624,0.03735005798833986,0.0009328888576923533,1.1373480369312783e-08,0.0001217437189895044,0.9608483793548993,1.0951273860045072e-06,5
0.0006345112289023744,0.0432611257280202,0.0008894209323198645,1.2676383344535935e-08,4.298149871936723e-05,0.9551707273546097,1.2205810451433078e-06,5
0.0034511476591421396,0.195518251909914,0.004523849912443756,5.372321408501244e-08,0.0006647093942277875,0.7958366141076662,5.373293392148191e-06,5
0.005544115696482513,0.2570888498473826,0.004507055248396212,6.75443929943161e-08,0.0002494282497914995,0.7326075817546299,2.9016589243879235e-06,5
0.017618931873486187,0.8577681123984489,0.014639437987123308,2.2266991960928384e-07,0.0012570136650608915,0.10870829349834848,7.987907612744289e-06,1
0.01354235166146077,0.9525337404190003,0.0198839757648619,2.4153768068902613e-07,0.0012114819251835174,0.01281954393511058,8.664756702323921e-06,1
0.011263910939168249,0.959677503501579,0.013175493060407181,2.696906075266197e-07,0.0013323560224486847,0.01454248222103093,7.984564758255195e-06,1
0.9669616237047373,0.01488472114462288,8.862233568006742e-06,1.4324805588393905e-07,8.942483078709212e-06,7.426605287874315e-06,0.018128280580649112,0
0.9862460037642844,0.011604975152266977,4.780249378462776e-06,8.034672619604943e-08,2.9726194892732156e-06,3.363612082593414e-06,0.002137824255772201,0
0.9807597625660074,0.017460601042735113,5.803054692059172e-06,6.130294379942949e-08,5.534478090742408e-06,4.307876851968547e-06,0.0017639296786788109,0
0.9763249419304808,0.021500314838413373,4.532689313920699e-06,4.788291908600917e-08,2.872343179347489e-06,3.3894110917035716e-06,0.002163900904601852,0
0.9410894979639478,0.05772895374344249,8.341248558472336e-06,9.824773018774741e-08,6.506981501386446e-06,6.709879956642085e-06,0.0011598919348629318,0
0.9434599137847487,0.05539710216785633,9.116402313966555e-06,1.3115130497243837e-07,6.523371283580292e-06,6.726780799377351e-06,0.001120486341693036,0
0.9321889384472518,0.0657291175154128,7.416574312664695e-06,9.466206330593828e-08,5.607277719622505e-06,5.409281515637805e-06,0.002063416241723994,0
0.8921223065318384,0.10739036768031718,8.466761263833387e-06,1.0503369641801478e-07,5.509331309512916e-06,6.047014959537384e-06,0.0004671976466152379,0
0.8797077361016707,0.11995564432500422,9.360340477118013e-06,1.1611891836876241e-07,6.3796727455747405e-06,6.299878260502977e-06,0.0003144635629234916,0
0.06401397568154002,0.7350752383454726,0.0004636257677512471,1.3729114756280457e-07,0.1996409904716031,0.000794336745306076,1.1695697179324365e-05,4
0.07096630123578752,0.5950186453261324,0.0003593211467341344,1.36603408829536e-07,0.33274785000666063,0.0008957487074195337,1.1996973856998197e-05,4
0.08754257588156165,0.8090115873038138,0.0005286460326196462,2.0713855316414938e-07,0.10152531343861639,0.0013723216478145244,1.934855702095453e-05,1
0.07066252961135888,0.7894182423118116,0.0005673441173377337,2.1491832756624278e-07,0.1379124709519691,0.001419122833033175,2.0075256161842027e-05,1
0.11078275450500671,0.7181449362929581,0.0013016561298831982,3.1000113785472146e-07,0.16403123933796712,0.005718274252553243,2.0829480493666302e-05,1
0.17611310331157598,0.7706895018399785,0.00046461065792599815,2.0087660594192065e-07,0.04980141656374041,0.0028983084208393686,3.285832933365198e-05,0
0.08025593442741336,0.91926111438068,1.3165770836760184e-05,1.1394237256423866e-07,0.0004484294451086753,8.076664031286497e-06,1.3165369557079081e-05,1
0.04695894729940803,0.9524648054754773,9.302930333806563e-06,8.178336788010473e-08,0.0005510932531598419,5.6870242096358464e-06,1.0082234043441372e-05,1
0.32703953178057804,0.672890821784357,2.813479446804705e-05,2.1374285264518336e-07,1.8473771284889137e-05,1.6426745517921134e-05,6.397380941359977e-06,0
0.32314435931464763,0.67678050871509,2.7359387681512456e-05,2.403569629937996e-07,2.0689845863751954e-05,1.867262645974841e-05,8.169753294389043e-06,0
0.41046525019471536,0.5894666366782755,2.7191703484099493e-05,2.2037044754962408e-07,1.6011910105428313e-05,1.758791821074946e-05,7.101224761099362e-06,0
0.5669274882609042,0.43301424941696043,2.1457153172730187e-05,1.81218061529294e-07,1.5599189281093272e-05,1.3342254202653797e-05,7.68250741730756e-06,0
0.7738062589768251,0.22614633379803195,1.57089895134961e-05,1.5834543505930604e-07,1.3630321351207536e-05,1.159669066073388e-05,6.312878182437219e-06,0
0.7607682939535101,0.239181871845227,1.6792352153822102e-05,1.5567745167205012e-07,1.3400662246009074e-05,1.1065223214263227e-05,8.420286197138284e-06,0
0.8370485821237508,0.1628410575340064,1.881648844674711e-05,1.6568890139930582e-07,1.2818291802537748e-05,1.0694205628710473e-05,6.786566746352426e-05,0
0.7844823846431459,0.2154316379520339,1.9957311771117138e-05,2.0072796466571707e-07,1.2468656443950414e-05,1.0727924379739998e-05,4.262278426083034e-05,0
0.8238048793869283,0.17514113114800076,3.0249892247525532e-05,1.652334330945797e-07,1.3948069185379164e-05,1.4780071638604365e-05,0.0009948461985663734,0
0.8264159862837139,0.17229327631233982,3.0408528585805495e-05,1.6609994946340065e-07,1.5115819219397504e-05,1.456244552142127e-05,0.0012304845106699948,0
0.720077760852003,0.2790324251253507,2.5673607530009732e-05,1.728567252747525e-07,1.346383597560684e-05,1.192616395891033e-05,0.0008385775584565124,0
0.80462710555341,0.19448695611329375,2.6303422102641233e-05,1.4135521594976904e-07,9.335965309745474e-06,1.1783359004987175e-05,0.0008383742316629496,0
0.869108966654729,0.12760126152012166,2.8776338555028786e-05,1.6582700601373127e-07,1.0952232396668618e-05,1.270989228357427e-05,0.003237167534908134,0
0.9561985886655542,0.041548574200283066,1.4461011804551446e-05,1.1491267240847028e-07,6.495845063135604e-06,8.198710243685257e-06,0.0022235666543791452,0
0.9112993331432984,0.08403444229210935,1.877916100736697e-05,1.3662749028022894e-07,8.89936037161167e-06,1.0330684700554532e-05,0.004628078731022832,0
0.9515727174144019,0.040931424850125374,1.6236688397699933e-05,1.2745991906989684e-07,7.283053851454013e-06,9.047789277266659e-06,0.007463162744027433,0
0.9559927972353516,0.03399340990283156,1.530639179245263e-05,1.236953167737961e-07,7.064695014880532e-06,8.072030740279464e-06,0.009983226048952623,0
0.9394328952413427,0.044618241883994644,1.4470866848659021e-05,1.5654634225385493e-07,8.771817523818828e-06,1.1746647334842423e-05,0.01591371699661297,0
0.9627930793357456,0.016339944335141722,3.1396796884315183e-05,2.0990926048415137e-07,1.7431141514239888e-05,1.7466140615261532e-05,0.020800472340838077,0
0.8218005793326626,0.16775203194221602,4.905757704069237e-05,2.822837398529094e-07,2.613721244699859e-05,2.351157605239932e-05,0.010348400075841733,0
0.9466832265759632,0.024663060319506266,2.8547908636276845e-05,2.020225759823625e-07,1.804555201503685e-05,1.623277040233064e-05,0.02859068485090103,0
0.947219104702132,0.024417172357414262,2.5097582420023214e-05,2.0000843342011138e-07,1.7865639873059336e-05,1.492079966768961e-05,0.028305638910059595,0
0.9472820764179375,0.024509040023265444,2.554850226637058e-05,1.95386499679918e-07,1.7452788263217498e-05,1.5848125833194167e-05,0.028149838755934742,0
0.9263172585539465,0.02363837560241142,2.6830930745213996e-05,2.0817041023891601e-07,1.729580720957474e-05,1.6268488012173377e-05,0.04998376244726493,0
0.8896317829068708,0.028443331045498198,3.835534810004287e-05,2.770804519953306e-07,1.808226757571882e-05,2.0713625242898254e-05,0.0818474577262602,0
0.3684938079518413,0.01072404712076431,1.9939440015312035e-05,1.3935288158726648e-07,2.576240351445734e-05,1.1777308552779463e-05,0.6207245264224303,6
0.9616092887816434,0.02562729058286184,5.717418499035355e-05,2.7741133032574383e-07,1.3375244009258328e-05,1.9304323199746704e-05,0.012673289471965108,0
0.9630584091914028,0.024473381387971362,5.490652826336372e-05,2.664085732341909e-07,1.2844751758991142e-05,1.853867033786022e-05,0.012381653061692309,0
0.865531149008566,0.020545508290586625,3.173969001586664e-05,2.443727734865625e-07,1.382248884208451e-05,1.588184733303473e-05,0.11386165430188287,0
0.8974674424205518,0.029570403378235917,4.507173612044666e-05,3.006722875884374e-07,3.7090983181863776e-05,2.122582816441553e-05,0.07285846498145795,0
0.8458098791761582,0.024861205876160915,4.786584069153052e-05,3.036745244909303e-07,9.451416562151106e-05,2.1437769760737202e-05,0.1291647934970826,0
0.8754149443910159,0.04334493749788725,6.173792789182472e-05,3.229159396871621e-07,2.844398612393195e-05,2.5268300854833006e-05,0.0811243449802863,0
0.8688179732778744,0.06962893944253394,6.415343652686204e-05,4.0721599385504544e-07,3.448868441363293e-05,3.186655248425653e-05,0.06142217139017303,0
0.7912456521595458,0.17094979452093406,6.19985353331778e-05,3.4832754352080237e-07,3.1235646292669774e-05,2.971104152586002e-05,0.03768125976882503,0
0.7459815106969481,0.24966730050619726,3.288576132425646e-05,3.17311506043253e-07,2.930121082024811e-05,2.9171530346879113e-05,0.004259512982857285,0
0.7548413529282019,0.23969017589908856,3.090868194209271e-05,2.982348597665949e-07,2.72228083649159e-05,2.7417749109269806e-05,0.005382623698433681,0
0.7510225732244374,0.24291244479087365,2.8777768081877508e-05,2.708818557410764e-07,2.6656692154966246e-05,1.7952311079469808e-05,0.005991324331516793,0
0.7628683892306765,0.22991921347837438,3.0076134747953723e-05,0.0,2.7859362230817568e-05,1.792142060325509e-05,0.007136540373367196,0
0.7473031332414957,0.24726538612168786,2.7189782997416304e-05,2.4077827813988047e-07,1.8344960003572035e-05,1.7260155191829803e-05,0.005368444960345375,0
0.7328546781149735,0.26012495168801353,2.2802873461300632e-05,9.471620618295417e-08,2.0443022420110047e-05,1.4810303397578772e-05,0.006962219281527768,0
0.8153909267648244,0.17841754951901284,2.6031862279670008e-05,1.808236086574072e-07,1.3004000555045059e-05,8.757431683040804e-06,0.006143549598036364,0
0.7104932844460874,0.27053706748481937,3.582567644815573e-05,3.3549535831065114e-07,1.676127110958913e-05,1.7419700260695168e-05,0.01889930592591647,0
0.7820209326850436,0.20639836799695696,2.9354613691487968e-05,2.414956516984661e-07,1.871181309516492e-05,1.3641263476146105e-05,0.011518750132085084,0
0.7827569452171288,0.2131590756786275,2.8488097976295597e-05,2.3082335032410623e-07,1.8412993562829204e-05,1.3038421669593595e-05,0.004023808767684859,0
0.7116581582215061,0.2838913083308402,2.590048860112075e-05,2.045013494302259e-07,1.674051845382558e-05,1.1652310641427032e-05,0.004396035628607876,0
0.621205263878621,0.3779162652138779,2.3035000370333052e-05,1.9090672953324615e-07,1.5076163041168083e-05,1.0493828821433373e-05,0.0008296750085387234,0
0.6186641935459856,0.3804584317365471,2.3006256404400133e-05,1.9066850871962129e-07,1.5057350420812642e-05,1.0480734215255787e-05,0.0008286397079180392,0
0.5154119133671404,0.4837336579040282,2.5162564751330862e-05,2.0853930393384482e-07,1.858568745558687e-05,1.4526095201171227e-05,0.0007959458421192675,1
0.49838066722369545,0.5007574643567494,2.5400528760041398e-05,2.1051147367203413e-07,1.812075626424857e-05,1.466346942669801e-05,0.0008034731536305925,1
0.46480180241698443,0.5349694983492438,3.118487912826434e-05,2.584503229673903e-07,1.9791144059534186e-05,2.0523250540215195e-05,0.00015694150972077317,1
0.7228591754456402,0.27709082455241807,1.4908255732760586e-05,1.3850245572424307e-07,9.191359935242248e-06,8.888738265006964e-06,1.6873145552941383e-05,1
0.7657208086749057,0.2326045657346021,3.0797779368436484e-05,1.8910889274856747e-07,1.1385513155402662e-05,1.6030084635742466e-05,0.0016162231044397231,0
0.7771980945717674,0.22141905017781588,3.2772883320360606e-05,2.0134219907310298e-07,1.526825458324775e-05,1.705811601212739e-05,0.0013175546543019215,0
0.7594101402684851,0.23764629823716504,1.4869074420199052e-05,1.2767344463950763e-07,1.099008681747166e-05,9.47509618222993e-06,0.002908099563485316,0
0.8738663491036835,0.11972222968796258,1.988993104400716e-05,1.8884508530412272e-07,1.6321859987407433e-05,1.3736572432298847e-05,0.0063612839998049365,0
0.8641856652054055,0.12914069811014806,2.0931696701047643e-05,1.987361364060817e-07,2.4552200054778856e-05,1.3447398273669913e-05,0.006614506653280388,0
0.8586931787540075,0.1378467567087293,2.0882157770291688e-05,1.8709452073021866e-07,1.7065552783513425e-05,2.059125528053641e-05,0.003401338476907959,0
0.8154004693935536,0.1775093383822083,2.1238114746077127e-05,2.0649894344653674e-07,1.9558829900754453e-05,2.2478839425077114e-05,0.007026709941222839,0
0.6197670418236835,0.37929088437188724,2.8008073445038886e-05,1.985288983274273e-07,1.4735661591256097e-05,1.729337359091465e-05,0.0008818381669037804,0
0.6739102404454375,0.3242143632198772,2.9061234486388987e-05,2.2328626825710033e-07,2.5128346827150428e-05,2.1303352797890422e-05,0.0017996801143057722,0
0.8532814184458145,0.1428014897210271,2.3340879888034795e-05,1.4179002753444356e-07,1.2222647555691578e-05,1.3520850893702812e-05,0.003867865664793462,0
0.9531183091324221,0.04575236245275656,1.65775453490952e-05,7.822766562890838e-08,7.418050642937057e-06,7.421064222435672e-06,0.0010978335269415677,0
0.9693008396067035,0.029307942995490735,1.5262080010182433e-05,7.202012521735409e-08,4.193067202260706e-06,6.022426693984975e-06,0.001365667803773947,0
0.9499116565121223,0.045778768835004306,2.573536841955992e-05,1.8439934919213283e-07,1.6100267885974537e-05,1.5283254486904896e-05,0.004252271362731581,0
0.9037046785772018,0.09331390141661948,2.9373596845677798e-05,1.3200890467129537e-07,2.3027733671877257e-05,2.0276271631139907e-05,0.0029086103951253845,0
0.9037646535979248,0.09448855834512365,2.588020679389685e-05,1.1630913876424539e-07,2.2846002124595863e-05,1.7864822806007166e-05,0.0016800807160884548,0
0.8713737458179669,0.12401669489113111,2.6038554235121732e-05,1.1702077351512116e-07,1.77997606588687e-05,1.5965293867307757e-05,0.0045496386613672335,0
0.8976135761031722,0.10152162986296927,1.9925387091558144e-05,1.9081042695129077e-07,1.1727858413864698e-05,1.2217562516485828e-05,0.0008207324154096543,0
0.8729351001046327,0.12665076430440014,1.9377569856846326e-05,1.8556439383954645e-07,1.180894803524993e-05,1.1881659816982657e-05,0.00037088184886423735,0
0.9171692526615125,0.08257577164887477,1.4108350043428128e-05,1.3510504378132361e-07,8.536067666219486e-06,9.830926515342843e-06,0.00022236524034392088,0
0.8425298316905588,0.15742115306940838,1.6892849009830118e-05,8.232793532700967e-08,1.078634051707913e-05,1.3904272871646114e-05,7.349449698628877e-06,0
0.8029741519644236,0.19697556088792167,1.7164958612364954e-05,1.782527844970567e-07,1.134785923935807e-05,1.4128242562160595e-05,7.467834456296451e-06,0
0.8135723781094087,0.18638003974113015,1.6241637561056445e-05,1.6866438104690618e-07,1.0737446038860324e-05,1.3368269638821375e-05,7.066131841282949e-06,0
0.6614378961715686,0.3385065017674672,1.9238115830162063e-05,1.8878402503360165e-07,1.1629036517764561e-05,1.49629443661216e-05,9.583180225111754e-06,1
0.5445015936150606,0.4554452422826297,1.8393799234846817e-05,1.8049872897480691e-07,1.3966287852403712e-05,1.3061589024374722e-05,7.561927469234201e-06,1
0.36284030815471735,0.6369300276511687,2.0806003190153054e-05,2.0416973583976816e-07,0.0001887382740803859,1.4419826203652018e-05,5.49592090394436e-06,1
0.3623451144502264,0.6372836373705224,2.5000782255827613e-05,2.4533318880656855e-07,0.0003183968572923977,1.7327063337902403e-05,1.027814317634419e-05,1
0.3268235267985201,0.6728105277131079,2.53719682990701e-05,2.489756450584302e-07,0.00031717713176368257,1.6445388749519828e-05,6.7020239146684095e-06,1
0.0994153116136511,0.8968901619115722,0.0005184462170169345,3.347899959105064e-07,0.002459372081436205,0.0006916073571612236,2.476602916658839e-05,1
0.06967911259371613,0.9250782054661822,0.002653223476351624,3.376266267231784e-07,0.0015599342341915245,0.0010042107345155722,2.4975868415967447e-05,1
0.06650361350727226,0.9280960172250369,0.002477085494900627,3.4926862976405586e-07,0.0017766242653437941,0.0011204731553395315,2.5837083477318784e-05,1
0.08413586302174136,0.9098895969647153,0.00274511783190243,3.1730314003893384e-07,0.001833339851360791,0.0013767775242959474,1.8987502844054576e-05,1
0.05266370141740989,0.8817620570955045,0.0031921163672343506,2.8612219183228465e-07,0.06005936278923945,0.0022861083388078115,3.63678696123092e-05,1
0.07937953857369764,0.8412995239165443,0.004657161982811177,3.261045632463566e-07,0.07186119156432845,0.002766826096821703,3.543176123351475e-05,1
0.08922384438945263,0.7605147762477826,0.006974372121620371,3.6387427825220056e-07,0.1400083420619155,0.003237072590981067,4.122871396954911e-05,1
0.1513893272981623,0.5160639562741298,0.002922364935436009,2.180588965956847e-07,0.3283866411597755,0.0012240613535031294,1.3430920096714829e-05,4
0.04231522908801858,0.6311275418486062,0.00963985176699067,2.9437991058472057e-07,0.3139364416334328,0.002962509516262067,1.8131766778919313e-05,4
0.058938238979153436,0.8296275129689028,0.00593505903392169,2.431023754118569e-07,0.10278775119210236,0.0026962212983347076,1.4973425209668042e-05,1
0.01416623378003552,0.923378389244544,0.0025566922936805705,2.0747947557578496e-215,0.059072647030741325,0.000808100509613338,1.7937141385403315e-05,1
0.03645575996718879,0.8693270408212175,0.0006838076912882543,2.200379149362206e-07,0.09124791945096679,0.002261678972877167,2.3573058546594228e-05,1
0.054934488798085934,0.7919959437705992,0.0002174095517757459,6.744160138071484e-08,0.15212897222697858,0.0007102006637234376,1.2917547235650422e-05,4
0.0022277324772044544,0.08649305963935315,0.8963368620564105,2.9535331301976053e-08,0.012273432885055145,0.002630383916124709,3.849949052089274e-05,2
0.002140243320120713,0.08885596251049634,0.894144660926098,2.9463095751475767e-08,0.01179755846469178,0.0030415839125519793,1.9961402945602585e-05,2
0.004386822004091812,0.06409143755404044,0.8908098993534918,3.6867552299345334e-08,0.004560604982692048,0.03611291769711705,3.828154101453768e-05,2
0.004700829908791702,0.08186756776033251,0.8166100411301835,5.8149844382412504e-08,0.003414134086616581,0.09335229816670224,5.507079752897194e-05,2
0.014456392970913143,0.06813178958936598,0.008449254489359997,3.793076971910638e-08,0.003622395351631802,0.9053314357345431,8.69393341623822e-06,5
0.039022030583020235,0.21347564555499254,0.002359885141538476,7.964668722695527e-08,0.001687279903502539,0.7434513440729086,3.7350973502424534e-06,5
0.005785267555969493,0.11102015819368714,0.00039162922012061314,3.6685760548752556e-08,0.0002682727539139134,0.88252580754049,8.828050058264988e-06,5
0.0038346138299665653,0.18574935248306756,0.004244605599375622,5.127243839487689e-08,0.00040746260367811204,0.8057587860399912,5.128171482639857e-06,5
0.008523234919561714,0.4223353627107155,0.0067660853831559365,1.1354151998973333e-07,0.0006929277581611515,0.5616709194806443,1.135620624130708e-05,5
0.026926309079469243,0.8449073003718283,0.015285243972248222,2.2652906533365374e-07,0.00136640920240128,0.11150638449703464,8.126347953336653e-06,1
0.015647309894238216,0.9568406691279591,0.01391459355953913,2.3835244121760573e-07,0.0009396440579053113,0.012650488253068597,7.05675484824713e-06,1
0.9539417272731872,0.021177031798329707,1.3802084570219259e-05,1.9339625338545225e-07,1.8248606948061694e-05,8.298386628077922e-06,0.024840698454083477,0
0.9363367382191083,0.01329267683374696,1.452390261699018e-05,2.061686834670592e-07,1.540875442125487e-05,1.024826005712797e-05,0.05033019786136591,0
0.9777909472043819,0.02073643748418977,5.769021503261726e-06,6.094342027761592e-08,6.313839883593109e-06,4.268650550571167e-06,0.0014562028560703231,0
0.9720719528536687,0.02633581345222304,5.7352791154020015e-06,6.058696875055142e-08,5.253064896783865e-06,4.243683671450754e-06,0.0015769410794558207,0
0.9786571165626786,0.018584894168526107,4.662095887509496e-06,1.5934106434771685e-08,4.421191869819332e-06,3.1359533001863537e-06,0.0027457540936312017,0
0.9657989167459073,0.031789539634776216,5.607795265522501e-06,5.192028037167278e-08,3.0673447927557767e-06,3.5410353105790203e-06,0.0023992755236670366,0
0.9173010161425115,0.08148498956286722,8.904660371093911e-06,1.2810512171189904e-07,6.3718563260242e-06,6.570541354617829e-06,0.0011920191314478445,0
0.8709716072910426,0.12737579020480685,9.263064081094713e-06,1.1822988909505077e-07,5.1961941501779655e-06,6.756019585278232e-06,0.0016312689964446444,0
0.03981322165260435,0.6350772772267661,0.0005671236923530175,1.291446810428699e-07,0.32358461029889524,0.0009529187280353516,4.719256664919728e-06,4
0.03672418719930227,0.7540744074741867,0.000651588892485572,1.6169039230387935e-07,0.2069566043007606,0.001579276198146811,1.3774244725627676e-05,4
0.11143309057476135,0.8194110266176067,0.0006306938650070879,2.157850942059817e-07,0.06483301012545888,0.0036743358476810112,1.7627184390677463e-05,1
0.17234692443200145,0.7364168267166679,0.0006986609595112002,2.6067706396472353e-07,0.08794776805073827,0.0025652096406710858,2.434952334623823e-05,1
0.20344583309976325,0.7086161262057372,0.000792393723067325,2.6544491507247184e-07,0.0838046229605949,0.0033159636834787913,2.479488244340535e-05,1
0.16025766147768641,0.8034029111629315,0.00040892009414707263,2.06869949377768e-07,0.03446620520825764,0.0014400712008215187,2.402398620648856e-05,1
0.14534400590870672,0.8330851494552903,0.000333864936587404,1.641719279259656e-07,0.020574195616670246,0.000650880663726859,1.1739247090378825e-05,1
0.15186716887740292,0.828476488598498,0.0006237938834263545,1.6097977321587934e-07,0.018385712693692453,0.0006367733140847845,9.901653122389375e-06,1
0.07830380360806538,0.9216580917472761,1.5076033220041199e-05,8.5220556685648e-08,9.700356038986227e-06,6.855904764074067e-06,6.387130078637295e-06,1
0.31764198982046765,0.6822989811328373,2.0402939319293942e-05,1.8781067724685696e-07,1.52316255064732e-05,1.4989300367869672e-05,8.217370824161757e-06,1
0.2304754461645158,0.7694513642892393,2.5935502181754542e-05,2.1011002285410805e-07,1.808619951398303e-05,1.595364956346174e-05,1.300408496268354e-05,0
0.3181904172896795,0.681744434153397,2.468085709534493e-05,1.96715162328808e-07,1.4293139259856193e-05,1.4435381246511845e-05,1.154246415948772e-05,0
0.32479607448778464,0.6751396024199606,2.3739132001785077e-05,1.823204530319117e-07,1.5694082767791467e-05,1.3423418229763718e-05,1.1284138802403533e-05,0
0.819266822749877,0.1806178254907741,1.9854486357202975e-05,1.963359244684405e-07,1.4884561195940037e-05,1.183370591847275e-05,6.858266995278626e-05,0
0.8123277263959975,0.1875622577369252,2.3519637421583177e-05,2.1724809982544444e-07,1.1584585078657341e-05,1.1610844510135304e-05,6.308355196666228e-05,0
0.8136238533979419,0.18626271997293153,2.1744491026144153e-05,2.028009696066025e-07,1.3413061223465373e-05,1.1135000268326208e-05,6.693127563915534e-05,0
0.824972925478602,0.17390150780816083,2.7551112162301142e-05,1.916870534445029e-07,1.493053303029991e-05,1.4675460450771862e-05,0.0010682179205403967,0
0.8472755363121701,0.15175372555552852,2.7038123538487753e-05,1.453035189392976e-07,9.596735451794577e-06,1.1136859541381597e-05,0.000922821110250711,0
0.8846812831882666,0.11216976781116546,2.1873248729960685e-05,1.5694537015115914e-07,1.0365634698454001e-05,1.1063576722775834e-05,0.0031054895950466455,0
0.9615203734005319,0.03385334031494863,1.5123757762767761e-05,1.227912555222308e-07,6.919594336420087e-06,7.906240549124565e-06,0.0045962139006156194,0
0.9383480081645102,0.053800617869875195,1.7791138542359547e-05,1.4282138345706403e-07,9.432800003070453e-06,1.1542148919308558e-05,0.00781246505676629,0
0.9384499659063976,0.045730978919271775,1.483175667298093e-05,1.6045046095974062e-07,8.616545768065744e-06,1.3028333236746423e-05,0.015782418088191676,0
0.9538657632165513,0.034880770602671134,1.4793525529329664e-05,1.223817170349493e-07,7.249111133489309e-06,9.690207013229902e-06,0.011221610955384537,0
0.9027213164883474,0.022694808472183206,3.802380078793436e-05,2.542153562225105e-07,2.1110378070919148e-05,1.9019541320033698e-05,0.07450546710393437,0
0.9190646703759495,0.02277218210124681,2.689113301666613e-05,2.086374954721683e-07,2.6487359131902184e-05,1.5618554786561077e-05,0.05809394183837304,0
0.8220587156504896,0.02625574792276969,3.238286491939336e-05,2.3430328996175598e-07,2.974573373284725e-05,2.0741353784304437e-05,0.15160243217101413,0
0.9008533324542394,0.02877118762255792,4.1002159138850153e-05,2.7548142419100684e-07,1.7665393034829544e-05,1.954298493136021e-05,0.07029699390467364,0
0.9057586329871324,0.022659873861339493,4.706295048677545e-05,2.930328679957608e-07,2.9914956861576744e-05,2.2159906143020514e-05,0.07148206230516856,0
0.8870299293313797,0.0218032543349861,4.5503140960384906e-05,2.8332086621266466e-07,3.152297609572987e-05,2.372730114773133e-05,0.09106577959456418,0
0.7859491435335114,0.01945482828374845,3.928194879833124e-05,2.528044078505115e-07,2.51805575970619e-05,2.0608293990135882e-05,0.19451070457794675,0
0.9746377938608403,0.017236478193065494,3.7435713034518666e-05,2.3032185438169604e-07,1.3390044767086252e-05,1.602749070028394e-05,0.00805864437573793,0
0.9660460895062469,0.01554408472691831,6.96251687669845e-05,2.5697498379917217e-07,1.2197897227758644e-05,1.8141036184022604e-05,0.018309604689672288,0
0.939650733107388,0.019272625450697047,3.151696203269527e-05,2.9507026591237007e-07,1.4976874956781452e-05,1.9095249030865766e-05,0.041010757285628745,0
0.8854328290271479,0.014055154656263377,2.6639620413616715e-05,2.2242131048698898e-07,1.2580845396908648e-05,1.5701734783629904e-05,0.10045687169468398,0
0.8704590194216831,0.018902893036722348,3.138554366390988e-05,2.4164610141747315e-07,1.340646527259324e-05,1.5704640237044923e-05,0.1105773492463197,0
0.8713163462008267,0.043511872371147786,6.172522505256749e-05,3.2415958968592157e-07,2.8553532785958024e-05,2.334498355874794e-05,0.08505783352703868,0
0.7898528943729974,0.17353946303720275,5.497259468450674e-05,3.3734604934214546e-07,3.0250900543130582e-05,2.877436099161286e-05,0.03649330738753114,0
0.647547894078969,0.34091071235492687,4.211556820845454e-05,3.084466505003111e-07,2.5884029904616843e-05,2.717557580886026e-05,0.011445909945531728,0
0.6883703732182193,0.3045486670650644,3.876822584920062e-05,2.8406528575315933e-07,2.446952370339146e-05,2.608480401145159e-05,0.0069913530978665825,0
0.7487078662879978,0.24705194923237836,2.991015403362646e-05,3.1236614555647e-07,2.502593591242357e-05,2.310059885715649e-05,0.004161835424674871,0
0.7866978010018655,0.2066382914902586,3.134568041298646e-05,2.9505332225828805e-07,2.331559973526082e-05,2.1470772346931374e-05,0.006587480402058614,0
0.7418257044012647,0.2514068245654786,2.308200817017699e-05,9.587564692991186e-08,1.6654761134087567e-05,1.4991599396711062e-05,0.006712646788908738,0
0.7289439479227229,0.2638577014375647,2.2681190556929257e-05,1.7001857229118011e-07,2.033393238168003e-05,1.4731271220555245e-05,0.0071404342269809785,0
0.7520800006353542,0.24420211620601132,2.3336989884327944e-05,1.0870603044460342e-07,2.3462508763153216e-05,1.6613375260354784e-05,0.0036543615786963778,0
0.7663611462739619,0.2300804392711927,2.2336011809329716e-05,1.040433745650542e-07,2.2456146889887718e-05,1.5900788741281008e-05,0.003497617464030263,0
0.757366083199727,0.2383071996382723,2.4912539418954336e-05,1.028221791518745e-07,2.21925708217886e-05,1.5714155326534826e-05,0.004263795074254295,0
0.7571951359568332,0.2390969235732033,2.4978010289373785e-05,1.030923987972622e-07,2.225089353647108e-05,1.6427139632467664e-05,0.0036441813341065326,0
0.6882336279648035,0.30350018383872535,3.089171977827126e-05,2.999359918470109e-07,1.4984733321455496e-05,1.5862328834407097e-05,0.008204149478545319,0
0.7197050969431092,0.2703300539797282,3.430710500111194e-05,3.212744496703481e-07,1.5636556035960935e-05,1.6990828394358367e-05,0.009897593313281449,0
0.735516720119484,0.2608615482913476,2.6618075433646036e-05,2.206021118215912e-07,1.7623999819873334e-05,1.2126135127674116e-05,0.0035651427766753116,0
0.43848094639975166,0.5607015989935469,3.004114648458189e-05,2.489714319339419e-07,1.8265167917374736e-05,1.9770542424824653e-05,0.0007491287784428975,1
0.767904186579726,0.2319627027475947,1.853609545761656e-05,1.9019234720967904e-07,1.4538592182821612e-05,1.5102961171800676e-05,8.47428315197175e-05,1
0.7971950004900109,0.20276040163896206,1.1577641008573354e-05,1.2823929861790618e-07,8.338460277329609e-06,8.930700219843472e-06,1.5622830222556844e-05,1
0.719908895809315,0.28002901428035104,1.86622016777314e-05,1.694766155787011e-07,1.1623184633459021e-05,1.0988456070317536e-05,2.064659133678292e-05,1
0.5853714911253731,0.4144638011156879,2.856838429395514e-05,1.914968450975265e-07,1.3075174150083928e-05,1.4495085889822226e-05,0.00010837761775985282,1
0.5228947613673491,0.4762945765860042,3.438925957027198e-05,2.1116180884269274e-07,1.3650403179851333e-05,1.7899431477743013e-05,0.0007445117906098544,0
0.7875021473805988,0.21159535510028818,2.923260750844429e-05,1.794982025145928e-07,1.0806890762235235e-05,1.6548347359406163e-05,0.0008457301752804354,0
0.5613564452603285,0.43649724658028016,1.9329725189018598e-05,1.7145701214886365e-07,1.3690199479435226e-05,1.1970245709081303e-05,0.002101146532001838,0
0.6899018803220199,0.3066152438620332,2.103907706176881e-05,1.5652576711290768e-07,1.347368495147418e-05,1.0680663468653943e-05,0.0034375258646977265,0
0.8368832387920996,0.15511950780617925,2.5088832314022297e-05,1.9399963291192018e-07,1.696250918105025e-05,1.4516768364663044e-05,0.007940491292228435,1
0.8314363021329323,0.16092975690796876,2.5196339710930888e-05,2.0126619924400518e-07,1.739541550137754e-05,1.5060517126792046e-05,0.00757608742056068,0
0.8524841626507723,0.14020762412392063,1.9863581993668315e-05,1.885949140668312e-07,1.70045068701507e-05,2.0756385622648104e-05,0.007250400155906633,0
0.8436429961868124,0.15122750967358653,2.096144661765496e-05,1.9901859719124324e-07,1.7944349771950945e-05,2.190359570309554e-05,0.005068485728911252,0
0.828087458890158,0.17058396615328608,2.1071229006351326e-05,1.983600467954416e-07,1.4593634326936898e-05,1.66830102773984e-05,0.0012760287228985362,0
0.73474839987041,0.26389526934722307,2.186863113662783e-05,1.8892792921434414e-07,1.593407550103139e-05,1.9942461867285147e-05,0.0012983966859329613,0
0.7283108384269683,0.2706561075184047,2.811929309343301e-05,2.320574091620351e-07,1.93264044614778e-05,2.2140192029413073e-05,0.0009632361076335308,0
0.8409187075736707,0.15681907984288007,2.631346194956472e-05,1.230784986470146e-07,1.186710323775417e-05,1.3834791792962855e-05,0.002210074147970561,0
0.9355265164504899,0.06274959583594379,2.120300873329144e-05,1.0728963791699483e-07,1.034475739872153e-05,9.206333148160568e-06,0.0016830263246481328,0
0.9479893657430535,0.050618358236893875,2.0582269272835292e-05,9.712553002591525e-08,9.210067751121716e-06,9.063902329067365e-06,0.0013533226551695771,0
0.8988480628843664,0.09758703605871191,3.025150634176893e-05,1.3595434831540843e-07,2.3870999443247296e-05,1.8887884159881645e-05,0.003491754712628545,0
0.8658921946830962,0.12120493117276958,2.4991094069233734e-05,1.1228515486659993e-07,1.6410164955495793e-05,1.3936280754111362e-05,0.012847424319200794,0
0.8476073683638962,0.13710011361723068,2.8268501975607847e-05,1.2701057078111494e-07,1.8562243780898506e-05,1.7332565285840618e-05,0.015228227697260161,0
0.850371164232883,0.14471388975695168,3.012291108457192e-05,3.048470295472595e-08,1.8699158959040085e-05,1.8469578735492515e-05,0.004847623876683302,0
0.8568462108986068,0.1385944922747045,2.8576626053090705e-05,2.891984623368397e-08,1.8764570534751132e-05,1.752148865693822e-05,0.004494405221597781,0
0.8703431891042392,0.12831920022767368,2.2137099221639668e-05,2.1199032844555096e-07,1.3741870301821308e-05,1.357370837671805e-05,0.0012879459998584753,0
0.8886917042873114,0.11003935375242868,2.0629125735686618e-05,1.975496019811786e-07,1.2878574787728777e-05,1.2649070865126611e-05,0.001222587639269192,0
0.8905725542669667,0.10903586546583027,1.878104867156504e-05,1.7985195967071486e-07,1.123249501547819e-05,1.151589352897563e-05,0.0003498709780274944,0
0.9046411996874358,0.09504389552135192,1.5170811047657212e-05,1.4527943271060767e-07,7.53086655038627e-06,9.44174646799037e-06,0.0002826160877134794,0
0.8524497462093023,0.1473264464032114,1.5897971869044565e-05,1.6509551916260797e-07,8.391638255551732e-06,1.0805938413954117e-05,0.00018854674342854067,0
0.8128615879244475,0.18705683824735417,1.748479303311184e-05,1.815741660024608e-07,9.640198271240296e-06,1.0804412003349352e-05,4.346285072467665e-05,0
0.6316639915566616,0.3682763517996271,2.042203509716029e-05,2.120765160798655e-07,1.38841490013967e-05,1.9499985301011954e-05,5.638397795556186e-06,1
0.5251033885062886,0.47483993558660553,2.1220530514133762e-05,2.203686439374374e-07,1.1836710190823789e-05,1.746632830127781e-05,5.931969455747958e-06,1
0.5461060315526041,0.4538397990729067,2.0282037341398846e-05,2.1062268270039905e-07,1.1313223198152655e-05,1.6693867412395787e-05,5.669623854567837e-06,1
0.4255903738521315,0.5743581923997494,1.912810150567654e-05,1.986394160643661e-07,1.2385634012293118e-05,1.437431959444247e-05,5.347053590509708e-06,1
0.11451275994910685,0.8807504630267101,0.00042080424129921227,3.8600009821330945e-07,0.003226933409700183,0.0010600990858981886,2.855428718727973e-05,1
0.08727208359833195,0.7652812307904278,0.004861635652421223,3.751397024299947e-07,0.13917452400614794,0.003367645672005099,4.250514096351762e-05,1
0.1467202067904894,0.4839269964148379,0.0036527473673014527,2.108606862592855e-07,0.362918562348623,0.0027682886579446534,1.2987560117475909e-05,4
0.05890715110711468,0.1517112756408926,0.000933956267131773,6.24608842802976e-08,0.7878872430568341,0.0005564643086042391,3.847158538522247e-06,4
0.062298735230242305,0.7972089964137852,0.007170220886389987,2.9369509549045467e-07,0.13051370366880183,0.0027899605187805933,1.808958690478575e-05,1
0.03347352655577036,0.8643121186117364,0.00592869103451121,2.0460499592792108e-07,0.09482339312255911,0.0014494718961788704,1.25941742480277e-05,1
0.028837233300432225,0.8772196742944136,0.008123880114520468,1.6229264490078377e-07,0.08453385603558752,0.0012744484200780896,1.0745542323201283e-05,1
0.020367843012266993,0.8508156916545669,0.009831917000873129,1.6788811172015785e-07,0.11724018090059972,0.0017340929926591413,1.0106550922444007e-05,1
0.020968353707543783,0.9163430449809026,0.004361673099503298,1.938625243958864e-177,0.057252836423143785,0.0010658822237493942,8.209565157406505e-06,1
0.0182392791256659,0.9199365937203109,0.003589773773026173,4.979145962320766e-134,0.05747736026198651,0.0007423256442077322,1.4667474802833642e-05,1
0.07650697166334089,0.7890648950217517,0.0003851359199815248,1.7028119816006285e-07,0.1331601102739994,0.0008399768883053005,4.273995142299312e-05,1
0.047391383436374813,0.8485383308879371,0.0005382729980888337,1.4624374720540737e-07,0.10258964222512214,0.0009265650613065565,1.5659147423546258e-05,1
0.051695277497063964,0.8797472551418143,0.003438181388643656,2.4589342064734785e-07,0.056052139630324065,0.009054970395642417,1.1930053090957787e-05,1
0.06140010462971403,0.278908828146512,0.0007879937629140651,7.518043997305027e-08,0.6551564209966471,0.0037400495413081377,6.52774246471239e-06,4
0.02722982188629453,0.9288327290958812,0.0027209985490160523,1.1153940230258057e-07,0.039601447732641376,0.0014634376355369746,0.00015145356122781635,1
0.02355259834246989,0.9363683051779113,0.0077355520830253086,1.0229122546476901e-07,0.030851214505739265,0.0013533316573952974,0.0001388959422336651,1
0.016326378901986252,0.8357906335037981,0.11443182755969811,2.0153870934478957e-07,0.023972063558728256,0.009472077645928586,6.817291151424012e-06,1
0.014121596594988569,0.7489674742866378,0.12040215209871774,2.2638061196515747e-07,0.044434336817118246,0.07207015315571846,4.060666207343481e-06,1
0.012176609420187383,0.7907929890913901,0.07818039680139291,2.340039016400829e-07,0.038011598759335484,0.08083070199348141,7.469930311144351e-06,1
0.015772678124685892,0.8273338145174675,0.10244031151476765,1.769221224422789e-07,0.02960465452224396,0.02482355876369482,2.4805635017920938e-05,1
0.0021461000542246484,0.08909911511893145,0.8908713717243271,2.9543720938375293e-08,0.012250683640271659,0.005607855102286424,2.4844816237736307e-05,2
0.00200060998242826,0.07624658139501156,0.9067849843472475,3.008957306211259e-08,0.008468660692705554,0.006473829642007443,2.530385102673662e-05,2
0.0019626494240898183,0.035876702673149574,0.9453348021435304,1.991641651308859e-08,0.0039083742368236,0.01289677133111289,2.06802748774281e-05,2
0.008433780722666217,0.11061435843641422,0.837528889960879,5.645002121402513e-08,0.00894394281767657,0.03438910437895801,8.986723338465546e-05,2
0.029570556649118902,0.1952574286325208,0.030739811469871852,9.340828418399274e-08,0.010544146041856807,0.7338709304306824,1.7033367665026094e-05,5
0.007561998875385052,0.10206555136463351,0.013950190935965888,4.0244868872133265e-08,0.0013628837134887983,0.8750529838752584,6.350990399429537e-06,5
0.020762376232901468,0.16529814630757023,0.0009638066208333451,6.078414086286028e-08,0.0007890202668114163,0.8121845254063327,2.0643814099472567e-06,5
0.0009579649828911884,0.04560266750565046,0.0007845712316058807,1.2833621051868308e-08,0.00010340216845567237,0.9525501455566582,1.2357211178229818e-06,5
0.010416266505900532,0.4071122817463162,0.006141017335552082,1.095345036616255e-07,0.0004753822674992715,0.5758510609079136,3.881702314711195e-06,1
0.02002306060440208,0.9448724660602283,0.017911050100808474,2.533308405572214e-07,0.0015280758399792563,0.01565759385259142,7.500211150263001e-06,1
0.03901233776845162,0.9370263383095153,0.013745864263406456,2.457809457393467e-07,0.0036401492870129634,0.006566247613992282,8.816976675537288e-06,1
0.03155311606763681,0.9468862769051607,0.009427352421298111,2.564899347813046e-07,0.0016636376453586811,0.01046053077296327,8.829697647737433e-06,1
0.019358142181365137,0.957640689908671,0.009419216321164174,2.3855172926237634e-07,0.0009135849724691885,0.012661065409553626,7.06265504741836e-06,1
0.9533409457709803,0.01081300902507049,1.2866267438407352e-05,1.9319426825807926e-07,1.2770239453059482e-05,9.352746983732158e-06,0.035810862755805715,0
0.9596052057673365,0.01118797013214528,1.0803649871071395e-05,1.6944139916942708e-07,1.0020328077225926e-05,8.719114067163901e-06,0.029177111567103748,0
0.9660450341564508,0.013391207960822648,1.0876152240512108e-05,1.7057850589425978e-07,1.0087573641164231e-05,8.749011063802378e-06,0.02053387456727526,0
0.9677940114286796,0.015021380378363815,9.637533943267375e-06,1.5115236567066997e-07,8.835927310360797e-06,7.638074249851368e-06,0.01715834550508737,0
0.970712624253517,0.027574775361434243,5.979990878326401e-06,6.271705790277376e-09,5.670987403687673e-06,4.022433811413917e-06,0.0016969207012492917,0
0.9746720681357959,0.021728170116509155,6.004382688742466e-06,6.2972874778977075e-09,5.694118818507046e-06,4.03884093392221e-06,0.003584018107966191,0
0.9484406512678379,0.04797824223489782,7.639437519225535e-06,7.07304241862527e-08,4.178609914353965e-06,4.823913272093986e-06,0.0035643938061342396,0
0.9361972581199955,0.06259583517900028,9.652168758035727e-06,9.964065697049856e-08,6.300404734450318e-06,6.852781874983296e-06,0.0011840017049798521,0
0.9219378682486795,0.07702261651861779,8.339362851648567e-06,9.82255193144068e-08,6.283207853048162e-06,6.755455843871887e-06,0.0010180389806346587,0
0.9206427952650827,0.07797794914862867,9.204205494113024e-06,1.2404059611657956e-07,6.0486255299447845e-06,6.0828107753836765e-06,0.0013577959038929884,0
0.8741609575237055,0.12402807172075528,8.19386963619094e-06,1.045831368394971e-07,5.200672294352122e-06,5.95671896523443e-06,0.0017915149115068775,0
0.1653707673660759,0.7397802868139076,0.0012706771287473043,3.0098271768394437e-07,0.08983729922044832,0.0037087405534526703,3.192793465078184e-05,1
0.16436437768375786,0.7030934233133338,0.001226864815545921,2.8057547301327595e-07,0.12784072255743403,0.0034620259361128124,1.2305118342619121e-05,1
0.2556313975195983,0.7195917449597649,0.00024575314352363355,1.99726800906069e-07,0.02355614987083809,0.0009609723649104346,1.3782414563781862e-05,1
0.21436925226650047,0.7665407628967628,0.0002503339115915039,1.5389509164943004e-07,0.018046359268553087,0.00078341886767385,9.718893826755573e-06,1
0.19730417402329534,0.7831254199142957,0.0003064652956621559,1.4937781046284538e-07,0.018729995082922175,0.0005287820707657982,5.0142352481319205e-06,1
0.1210228745451085,0.8759690862471178,0.00012472008930495879,1.6291762482144444e-07,0.0026213726101188333,0.00024532132041077816,1.646227031442739e-05,1
0.07098432253731518,0.9289143317886613,1.0925200360598502e-05,9.938939845465386e-08,7.927621448010447e-05,6.594361576722601e-06,4.450508207623393e-06,1
0.09726619534718865,0.902693630920446,1.788596600919444e-05,1.4227250429580272e-07,9.773782325615969e-06,8.595750877386303e-06,3.7759606488624954e-06,1
0.0941422447309714,0.9058076025443634,2.2334857417866063e-05,1.447108345709672e-07,1.0962540917901426e-05,1.037901280117363e-05,6.331602693602794e-06,1
0.15796722281496153,0.8419754497946025,2.5569445843005e-05,1.6566820992994404e-07,1.2186626396784884e-05,1.2157089176321615e-05,7.2485608098844625e-06,1
0.32607385798526567,0.673854306316389,2.5741556476593358e-05,2.0853881994242743e-07,1.633513483555168e-05,1.6643627808069393e-05,1.290684040538178e-05,0
0.32725006234083553,0.6726771603633791,2.8965304832855882e-05,2.129718997813905e-07,1.547433856127198e-05,1.5628335567746262e-05,1.2496344923813304e-05,0
0.32608999172807296,0.6738424079309469,2.6904881009428966e-05,1.978223138004305e-07,1.4373583847748223e-05,1.4516626400171087e-05,1.1607427409036151e-05,0
0.7536778493482903,0.24627405316561132,1.6732590069092548e-05,1.593278223132829e-07,1.3714884912879014e-05,1.1324683820318904e-05,6.1659994736911476e-06,0
0.8333294848859452,0.16654964820848767,2.0814088809012134e-05,1.8070777245219524e-07,1.4721096737856715e-05,1.1759465610205877e-05,7.339154663765379e-05,0
0.8096860507862651,0.19018954059857457,2.0529507792597768e-05,1.7862214693528274e-07,1.5652174329196585e-05,1.2443983101557805e-05,7.560432778992364e-05,0
0.8034401017702281,0.1964372924775968,2.1382249024861895e-05,2.3117269528723364e-07,1.4729468600181843e-05,1.2692779669872128e-05,7.357008218486195e-05,0
0.8389252960349421,0.16015071688042307,2.0541782691626326e-05,1.4167623320233664e-07,1.3286419018755428e-05,1.2098090619000868e-05,0.0008779191160723601,0
0.853956765712384,0.14501888532968235,1.8574105676735702e-05,1.8495503442529346e-07,1.4406175070172915e-05,1.4160060599321512e-05,0.0009770236615529383,0
0.9042700298723797,0.09496634858550525,1.869642452377255e-05,1.3008050295019995e-07,1.0131989672731245e-05,9.761068552831807e-06,0.000724901978862863,0
0.8980042759656331,0.10115940844541707,1.9640155898026796e-05,1.1695503403081394e-07,9.824094262985348e-06,9.923741879523522e-06,0.0007968106418752778,0
0.9410549489990155,0.05673507977206628,2.1094007145675417e-05,1.1522140938160388e-07,7.058859725958915e-06,9.604847070422194e-06,0.002172098293566667,0
0.931079791347324,0.0664488288251226,2.0870411226002674e-05,1.140000654795776e-07,6.984035998946466e-06,9.50303594467469e-06,0.002433908344318463,0
0.9491329643436778,0.04862379037398544,1.4858706910358234e-05,1.1842965418927603e-07,6.674488565029099e-06,8.424184572999846e-06,0.0022131694726341762,0
0.9515732834443223,0.04349102261762193,1.5072578527754357e-05,1.2900608127154136e-07,7.948942110043108e-06,1.0281984212896089e-05,0.004902261427123797,0
0.9382408363978366,0.05442332459596948,1.974118739371091e-05,1.4866602706797927e-07,9.818816108897919e-06,1.2010859296469983e-05,0.007294119477367955,0
0.9577629203195049,0.013848297565241726,1.9681816844429638e-05,1.8119022740590232e-07,1.1851805717196e-05,1.4782413373512205e-05,0.028342284889090883,0
0.9361555108790344,0.018565986290824288,2.7914510044965275e-05,2.214210800768827e-07,2.1436762640164046e-05,1.80691581746134e-05,0.04521086097820151,0
0.9437883538776229,0.02605586769366014,3.1098804073111444e-05,2.466792637906126e-07,2.3882120095763486e-05,2.013036262980059e-05,0.030080420462654564,0
0.9444141327642731,0.022858010453255452,2.4443381775607763e-05,2.0953363498230562e-07,2.658718998575907e-05,1.5145275143775754e-05,0.03266147140193148,0
0.8528840771911995,0.04039234683119032,3.6270499802532555e-05,2.8140823347362056e-07,3.572589349685842e-05,2.10661554479953e-05,0.10663023202062932,0
0.8811816442259078,0.021046637904757234,4.5203133787310834e-05,2.8145290082936596e-07,3.588693728587612e-05,2.3570864462443926e-05,0.09766677548089843,0
0.5115397958696041,0.01199532050495941,2.2218714524254495e-05,1.604112622537058e-07,1.9829426892038767e-05,1.3433978152969687e-05,0.4764092410946049,0
0.3771964651064797,0.00890866398450853,1.650135665674507e-05,1.1913396012706014e-07,1.4222879062173292e-05,9.977123770103083e-06,0.6138540504155627,6
0.3566874974481291,0.009917723436784284,1.8977193983851566e-05,1.3262793057675892e-07,3.994850516524695e-05,1.0608800547242677e-05,0.6333251119874597,6
0.8823898159145365,0.014498666605421113,2.8306910552402686e-05,2.179428418194591e-07,1.2091414358119603e-05,1.5385579253836533e-05,0.10305551563303628,0
0.918501576349052,0.022727141787945677,4.003377206524631e-05,3.0823123690945047e-07,2.025390475433426e-05,1.973599905751634e-05,0.05869094995588829,0
0.8051667846366598,0.15119701810383265,4.982226641527211e-05,3.2764758663364293e-07,2.9381208334230247e-05,2.836630480146821e-05,0.04352829983236996,0
0.7734479947367117,0.19851746692690372,4.866857923005479e-05,3.147402174277121e-07,2.767486882923176e-05,2.7248840843188212e-05,0.02793063130726468,0
0.66097437451546,0.3257598861896454,3.759694483333822e-05,2.9938231532946665e-07,2.512337478890382e-05,2.3127729255473426e-05,0.0131795918637014,0
0.7007913736232099,0.28644494419280475,4.01502003037355e-05,2.9079483255998844e-07,2.50492101816818e-05,2.6228383681837455e-05,0.01267196359498559,0
0.6753426786868052,0.30919864501206634,4.0794430479057467e-05,3.10674986930257e-07,2.6761696476163692e-05,2.802148403333698e-05,0.015362788015152803,0
0.7794259479419577,0.21523491230926808,3.058985625137519e-05,2.965488665614003e-07,2.787628135384009e-05,2.9422436392154726e-05,0.0052509546259105365,0
0.7763181683063165,0.21951151842949457,3.365107562057792e-05,3.4590255149167577e-07,2.964889008842101e-05,2.7571026997510612e-05,0.004079096368930912,0
0.7685336587373939,0.22643286248529854,3.386600092002725e-05,4.236888813027395e-07,2.9494984963477315e-05,2.7081000252324925e-05,0.0049426131022904255,0
0.6962428383752732,0.29958426764708973,3.462019948002801e-05,3.211071574129373e-07,2.4398397981084475e-05,2.010608865086709e-05,0.0040934481843674965,0
0.733648584628999,0.26210702695335586,2.9043648105311212e-05,3.0331680677254503e-07,2.458038137821025e-05,2.051852465405725e-05,0.00416994254670091,0
0.7874052553535182,0.20523730892455289,3.113316049979872e-05,2.930528965024603e-07,2.2327776852633476e-05,2.353905930183013e-05,0.007280142672378044,0
0.7873857221550004,0.20681898457416298,3.1373090374712596e-05,2.953113291084734e-07,2.2499847423733764e-05,2.37204647056893e-05,0.0057174045570032705,0
0.7470451444019596,0.2462225778389859,2.8485050343144014e-05,2.753670360549138e-07,2.0980286518183503e-05,1.934487122776681e-05,0.006663192183929404,0
0.7392012357987694,0.25574548242227163,2.154442146832178e-05,1.0035606767004415e-07,2.1660298950424084e-05,1.6680863725841774e-05,0.004993295838746878,0
0.712705125757042,0.2842575982339856,2.990470525044786e-05,1.3483024675059286e-07,1.9723853200280738e-05,2.0918456136239472e-05,0.0029665941641386965,0
0.7167105488429646,0.2801914316827909,2.1369847010181714e-05,2.1796228377038485e-07,1.5821260251027065e-05,1.0751948585712713e-05,0.0030498584561137413,0
0.6936276577576507,0.3033735580578518,2.06815944766559e-05,2.109424350112166e-07,1.5853444370427976e-05,1.0405663661401824e-05,0.0029516325395540534,0
0.6598536351472372,0.3337872338296018,2.480660507099292e-05,1.979135032216859e-07,1.4233027008225725e-05,9.762954279280614e-06,0.0063101305232991815,0
0.5614198797757597,0.4315008191706544,2.4024962537357516e-05,2.501926805698929e-07,1.264504156690726e-05,1.3430083037634012e-05,0.00702895077376333,0
0.6868858667866314,0.3047418168311784,3.0493405783551693e-05,2.9722188744801883e-07,1.484913728853181e-05,1.5718791487646515e-05,0.008310957825742864,0
0.6119755099423779,0.379694507314169,3.0944995703850046e-05,3.0045326209595575e-07,1.5010576024386308e-05,1.5889685040424556e-05,0.008267837033422301,0
0.7652162724056883,0.20223155830073905,3.4818522967271496e-05,2.6113401877833876e-07,1.822158530368178e-05,1.3737068105124512e-05,0.0324851309831778,6
0.7904510007604197,0.20563449240074688,2.8113627192958922e-05,2.5813318981539497e-07,1.8085766357476234e-05,1.3722148277063832e-05,0.003854327163816247,0
0.769086158174021,0.22793785594914753,2.823934724203574e-05,2.3004092249841107e-07,1.8166643272377604e-05,1.2616210029704499e-05,0.0029167336353650617,0
0.7744235824097537,0.2224448625094467,2.81498806743804e-05,2.2931211770063004e-07,1.831984602359155e-05,1.2604909820173336e-05,0.0030722511321637667,0
0.7366239402486441,0.260466990458496,2.570719505006843e-05,2.130530259857278e-07,1.7020900029427705e-05,1.1711174299873324e-05,0.00285441697045463,0
0.425703366291226,0.5736673321012771,2.4182873259538513e-05,1.8932678709786506e-07,1.5738399187532307e-05,1.3187820624873221e-05,0.0005760031876379224,1
0.6843013687209237,0.3156348289795382,2.3001130311882306e-05,2.389715812310459e-07,1.882095335087334e-05,1.5329589368871484e-05,6.411654925337734e-06,1
0.8114310622494835,0.1875902230783555,2.6559623013436906e-05,1.6308516402445447e-07,9.818725356930593e-06,1.5035192027747445e-05,0.0009271380465987381,0
0.713234541149656,0.285241481681378,2.9270190371097114e-05,1.7555470675868442e-07,1.560038052659765e-05,1.5918196166397713e-05,0.001463012847195203,0
0.7878444168302889,0.2095399861397727,2.83322950959844e-05,1.9045921384371015e-07,1.6652949879066705e-05,1.4251842896735092e-05,0.0025561694828527266,1
0.8750116578937491,0.1228165573393477,2.387798564135076e-05,1.747978549372612e-07,1.528358675063761e-05,1.3079921506430224e-05,0.0021193684751496136,1
0.8159714334488557,0.18053725222006548,2.5132023062279367e-05,1.84349794795937e-07,1.768653044521694e-05,1.6745455901341828e-05,0.0034315659718751955,0
0.8564666963215013,0.1379445152132973,2.0421806509061883e-05,1.9389498051729349e-07,1.748238304626648e-05,2.1339700520697114e-05,0.005529350680144929,0
0.8402118063350437,0.15559997422550917,2.156750818998754e-05,2.0871849291953652e-07,1.926174618314243e-05,1.7387983952621053e-05,0.004129793482628465,0
0.836583267233376,0.1627393195294958,2.0651214345943758e-05,1.8689669126808712e-07,1.565193453884547e-05,1.5161295416689525e-05,0.000625761896135331,0
0.7977116635279261,0.20160728324633098,1.986205983213297e-05,1.9335541600207243e-07,1.6451228560750288e-05,1.6394546320919116e-05,0.0006281520356129419,0
0.9408435240820592,0.057717803159210955,2.0913007504475256e-05,9.868624841036772e-08,9.515227362264333e-06,8.468091585050105e-06,0.001399677746029562,0
0.9843258936124868,0.014421605938216574,1.849380126276642e-05,8.870351767252634e-08,5.758901775625773e-06,6.624968305297134e-06,0.0012215340744351753,0
0.9767534232190372,0.018891960632446705,3.1817095730268246e-05,4.8663736893443894e-08,7.530495992214362e-06,6.559096468640687e-06,0.004308660796587842,0
0.8778849813686115,0.10974198058163613,2.7691587047807406e-05,2.8024177448430763e-08,1.8080634880699496e-05,1.5442210355258398e-05,0.012311795593291038,0
0.8609883748523066,0.12641594083341157,2.4849561643554935e-05,2.5148017837057993e-08,1.631722903018151e-05,1.2944766604261779e-05,0.012541547608986164,0
0.8611511272974577,0.13712919107602042,2.212704957452109e-05,2.118940905431908e-07,1.5501976530377794e-05,1.473751820919781e-05,0.0016671031881172259,0
0.8677827226690433,0.13106383661107435,2.1144259068394087e-05,2.0248264597671516e-07,1.3703341867095804e-05,1.2964932919286936e-05,0.0011054257033813984,0
0.873792565410866,0.1258536730964266,1.820004614859438e-05,1.742881360441828e-07,1.2071476873367243e-05,1.2303794461543068e-05,0.000311011887087654,0
0.8779309723157104,0.12182038919571014,1.3450298863737598e-05,1.396771922917264e-07,7.937296573286364e-06,9.077655469692146e-06,0.00021803356048044636,0
0.7759109988498835,0.22403345688300955,1.884972975916701e-05,1.9574861160271784e-07,1.0165265273509614e-05,1.1647849996517191e-05,1.4685673466291341e-05,0
0.8037833172182012,0.19616852242147523,1.635592649049848e-05,1.6985123621913797e-07,8.633366543433672e-06,1.0258444738076321e-05,1.274277131539841e-05,0
0.7721521149319109,0.22779478298583622,1.907926372943784e-05,1.9813225086812025e-07,1.2551856999022576e-05,1.5939427754415603e-05,5.3334015191469455e-06,0
0.6433618242681236,0.3565780242524436,2.059143035384332e-05,2.1383563341106562e-07,1.3999314261505574e-05,1.9661732404063382e-05,5.685166780004366e-06,1
0.6444624736108937,0.35548143359608275,1.9563595393110644e-05,2.0316188534726067e-07,1.4580593918856674e-05,1.6344053932436155e-05,5.401387893658384e-06,1
0.5548082184340638,0.44513628326827964,1.9795984059967725e-05,2.055751697534924e-07,1.3669181895200991e-05,1.6293803607217355e-05,5.5337529244138935e-06,1
0.11438963886154793,0.8824666634475911,0.000294285600415439,3.8558508112778106e-07,0.0024899189048720846,0.00034875891869451126,1.0348681797748285e-05,1
0.06405100391774733,0.9327989020323182,0.00041228347075721906,3.025097138927152e-07,0.001953459022132918,0.0007759300175155069,8.119029814761233e-06,1
0.039386428576844316,0.9560833942907743,0.001893927486753715,2.6755788093310016e-07,0.0016163623872396202,0.0010124387396561673,7.1809608508657155e-06,1
0.044277554385237304,0.9474681404471859,0.0023469916464702928,2.624250195630278e-07,0.0046359447568751246,0.0012654089010043516,5.69743820737238e-06,1
0.051787692183796065,0.9386399087104961,0.001986315882227244,2.2082027522450204e-07,0.0053708855573448375,0.002210182676939311,4.79416892155131e-06,1
0.07524061774608971,0.8757326914072211,0.0038349663680121754,2.8194987028043626e-07,0.04274555858241,0.0024355617348254858,1.0322211571379359e-05,1
0.0839864672803975,0.7813619383130559,0.00512197814178368,3.553023836088247e-07,0.1260261272616112,0.003490126046706198,1.3007654061971587e-05,1
0.14549312158549582,0.42798428640793224,0.0024406966640729117,2.544694721800532e-07,0.42244255161207117,0.0016040556292543516,3.503363170124376e-05,4
0.029245424021466706,0.8383095585343414,0.005509684572626128,1.7653305233675964e-07,0.12542779345629665,0.0015027162863920328,4.646595824719235e-06,1
0.01675707823793906,0.9121476008585098,0.002439043071643191,1.4797710308136273e-07,0.06773258228439892,0.0009172486706943978,6.298899711444498e-06,1
0.016583009289817957,0.91227868874327,0.0024393935949541114,1.4799836938236228e-07,0.06774231636793174,0.0009488106911206622,7.633314536240162e-06,1
0.07768980517467398,0.7791709754925014,0.0003190231962040452,1.6775019844715815e-07,0.14196163411585863,0.0008417478937374845,1.6646376825917966e-05,1
0.04057146915692444,0.8595166513721161,0.0005915296169822403,1.6024871359617436e-07,0.09801954066686215,0.0012938241006353877,6.824837766211187e-06,1
0.0344302275966387,0.8764529314533382,0.0006875037163923541,1.9282909713391635e-07,0.08397960198027725,0.004443321941814045,6.220482442457791e-06,1
0.04394156446910294,0.8847034291998918,0.0028190000268199142,1.9920474201514998e-07,0.06063343780205581,0.007887201460343133,1.5167837044378287e-05,1
0.02360116278754149,0.866866418055944,0.04342030738622398,1.0853829120599411e-07,0.06142559422026594,0.004609495756696788,7.691325503664473e-05,1
0.010424207456959081,0.6644874188831613,0.06490398634399898,1.6179906522251037e-07,0.026282643595973834,0.23389867967585307,2.902244988320525e-06,1
0.01204718568337921,0.7418790451401468,0.14660910406981278,2.2217924001440598e-07,0.03338162401631207,0.06607661635372268,6.202557386438962e-06,1
0.01038284554253148,0.7511485486709536,0.13765227327922472,2.2491656961428238e-07,0.03379289784867318,0.06701560166643343,7.60807561398493e-06,1
0.015092926833817296,0.8553623779977862,0.059656481320109436,2.087174021128054e-07,0.03243892889296088,0.03743114299793577,1.793323998811617e-05,1
0.01758120795270442,0.8450802350171683,0.05606025139025859,1.9854493861404952e-07,0.02957129279800348,0.05166366541288024,4.314888404634827e-05,1
0.0038143077233493876,0.12317317710229328,0.857372564773458,3.5137761782122907e-08,0.011729641153873805,0.003864471815298282,4.580229396532011e-05,2
0.009371668017275148,0.06550588830121987,0.8718094248020366,4.790290944305869e-08,0.005258271260169507,0.04793937214797025,0.00011532756841915123,2
0.023627201254599273,0.15038556272398357,0.0010724116463820476,5.211841160417153e-08,0.0010259327121431028,0.8238871310705331,1.7084739471711941e-06,5
0.003982363343538534,0.09168754845675899,0.00031616095121596766,2.7588376298909072e-08,0.0002184481397479516,0.9037888126620326,6.638858329497086e-06,5
0.0014556148316028684,0.05621400735186243,0.0005320248380555185,1.54262314412438e-08,0.0001329522499646387,0.9416631307003641,2.2546019188504778e-06,5
0.00610709118282918,0.28608143016867327,0.006540243246703345,7.629327927174433e-08,0.00128259590082382,0.69998121709579,7.34611190115638e-06,5
0.0011096562378722127,0.05649903151697674,0.0011125644482618939,1.4378939592624937e-08,0.0004042727695464394,0.9408736939117442,7.667366588297411e-07,5
0.014694637737258591,0.78981791902028,0.006880269969376161,2.1158791208927214e-07,0.0032302779977657027,0.1853690933281136,7.59035929373955e-06,1
0.046499815659843735,0.8981951944390292,0.015733218390964167,2.3663240630146084e-07,0.0020922716507027544,0.03746910234156619,1.0160885487534152e-05,1
0.05574754597555852,0.9250056661770972,0.009081241166213472,2.3894791922880374e-07,0.002372953451154663,0.007776204323275139,1.6149958781819157e-05,1
0.04898784337263242,0.9266850871444959,0.01424085038389775,2.393817480801746e-07,0.002279477799489215,0.007790322637426941,1.6179280309667637e-05,1
0.042373043168940916,0.9379471625041647,0.009709200642647135,2.4229097293337203e-07,0.0015940329557297898,0.008369145076998277,7.17336054625563e-06,1
0.8638443716918532,0.018293998308034822,1.23705490741748e-05,1.867315519237676e-07,1.432651415290533e-05,8.740326481926078e-06,0.11782600587885105,0
0.8702561421381874,0.018727326345505824,1.3082398732578396e-05,1.9124257059368954e-07,1.4665864805351387e-05,8.947357687324474e-06,0.11097964465251114,0
0.9170447691223218,0.018135624932598193,1.6077732147582265e-05,1.9945095708470934e-07,1.7057249201258353e-05,1.134466296851383e-05,0.06477492684980557,0
0.971165434593193,0.009424508383200577,1.4215938748313474e-05,1.8669475376353328e-07,1.3139608991858421e-05,9.613567206870608e-06,0.019372901213905447,0
0.9568969774863362,0.010586112952654901,1.4603756684050068e-05,1.9019331694115882e-07,1.3282804643752972e-05,9.860452797055613e-06,0.03247897235356723,0
0.964147889723234,0.007291916083651141,1.0934951547122118e-05,1.7150069764437103e-07,1.014210968685036e-05,8.796310492193854e-06,0.0285301493206912,0
0.9516776653263196,0.04561477681258648,7.167668232134973e-06,6.636250551292292e-08,4.098642155329492e-06,4.526015145479914e-06,0.0026916991730556628,0
0.9490534051433449,0.04775128273643782,7.64437308893181e-06,7.077612060539968e-08,4.18130956605682e-06,5.347098007103582e-06,0.003178068563434767,0
0.921564362018472,0.0768444212138631,8.4645309071829e-06,8.738050915620697e-08,6.1146515943407246e-06,5.344917460539528e-06,0.0015712052871935858,0
0.9109093242338071,0.08694222861166308,7.994153414131535e-06,1.0203404222265671e-07,6.0439545855772106e-06,5.2831200431858156e-06,0.002129023892444431,0
0.8760827892025441,0.12237535258174935,8.084683344875044e-06,1.0318952852588035e-07,5.131371445622289e-06,5.8773435197974735e-06,0.0015226616278676015,0
0.8668101391215078,0.13178236210987876,8.706154022202359e-06,1.1112172122291619e-07,5.525820646895021e-06,6.424068146186421e-06,0.0013867316040771013,0
0.8856982229626003,0.1130064319578267,8.690678860211773e-06,1.1092420270530072e-07,5.580194890462984e-06,6.433623853566439e-06,0.001274529657766174,0
0.8511748711605072,0.1468709675317747,1.112075664375189e-05,1.419407026803652e-07,6.933604116660985e-06,7.53046194642372e-06,0.0019284345443086755,0
0.8603888820675681,0.13791364577518347,1.0354392116659683e-05,1.3215914527654502e-07,6.455788765589983e-06,7.116682995010736e-06,0.0016734131342256737,0
0.04226857280123248,0.7490721813983336,0.000564319295725007,1.6894350952632001e-07,0.20677242437886134,0.001309746856972874,1.258632536519202e-05,1
0.06336620273135804,0.8520826693612621,0.0006146796228754149,2.397226356154952e-07,0.07954125830491537,0.004378347108563055,1.660314839047292e-05,1
0.10320854148444425,0.7812768801107524,0.0012651059442678899,3.1573327166326363e-07,0.10789053217361691,0.006343099493166773,1.5525060480090623e-05,1
0.24369006623597625,0.7350116354747473,0.00024387061083291838,1.8536010947165988e-07,0.0201779078210803,0.0008661434416090567,1.0191055644601031e-05,1
0.16130432281556825,0.8322871521560721,0.000374881088607817,1.8221471623865044e-07,0.005516830108239534,0.0005003737155899195,1.6257901206280348e-05,1
0.13122954817248594,0.8661868036425788,0.0001468522245209395,1.4913043260838522e-07,0.002126304177217722,0.00029311151027213973,1.7231142491697395e-05,1
0.10397901069455634,0.895974287657056,2.125460662153838e-05,1.6841209899341472e-07,1.2472714961951696e-05,8.336200323571771e-06,4.4697143818408896e-06,1
0.14741480846641578,0.8525307469193676,2.4283655754533683e-05,1.5733738635204542e-07,1.1573807349821626e-05,1.154575544372715e-05,6.884058282052763e-06,1
0.16718771935159918,0.8327590879321114,2.1705441887852776e-05,1.6487364798397482e-07,1.2283466005822395e-05,1.1825138788503579e-05,7.21379595919275e-06,1
0.367951626056403,0.6319699162078337,3.1583170026492105e-05,2.3994050728563455e-07,1.7835381894463187e-05,1.871669800577724e-05,1.0082545329372013e-05,0
0.3456334807377375,0.6542962607642618,2.850435700028532e-05,1.9379003724939728e-07,1.547340778788332e-05,1.4092931299710193e-05,1.1994011875685723e-05,0
0.4577905532092718,0.5421405530237673,2.760133988409837e-05,1.8765077508042567e-07,1.615291508208875e-05,1.3337819255729789e-05,1.161404196387942e-05,0
0.7832456048282765,0.2167105875683382,1.467930704127991e-05,1.479663130351977e-07,1.2736890047179059e-05,1.0517131828282371e-05,5.726308155427457e-06,0
0.7710974893110579,0.22885396029096236,1.7652800722803492e-05,1.632191162221406e-07,1.2449458077951422e-05,1.177697666346911e-05,6.507943399327041e-06,0
0.717348230494285,0.2826003556203857,1.7572606937465178e-05,2.223778772977748e-07,1.4169095346501988e-05,1.2158267243616254e-05,7.291537924540266e-06,0
0.8130768620922786,0.1868784349296167,1.5538173423026647e-05,2.0452836879381757e-07,1.2770947805960028e-05,1.1142758362595788e-05,5.046570144218301e-06,0
0.836827893609347,0.16309814525946706,1.414292202540735e-05,1.6787977803731954e-07,1.2685736844431594e-05,1.0872926615628408e-05,3.6091665922546236e-05,0
0.8327072731270071,0.16716997418219806,1.9230990702049613e-05,1.8057284562794317e-07,1.4710105119702205e-05,1.1750685316319478e-05,7.688033681117516e-05,0
0.8167809561414111,0.1819744196742412,1.970113273407988e-05,1.4806322019531076e-07,1.3643534996585605e-05,1.0226589641183104e-05,0.0012009048637555211,0
0.821177653378574,0.17782507415048526,2.782196119366977e-05,1.519713897106617e-07,1.425190038525902e-05,1.3331961435493552e-05,0.000941714676536669,0
0.8544292168032073,0.14462921932393527,2.0836855172968506e-05,1.4429450816042515e-07,1.3531961248479985e-05,1.2907092273798591e-05,0.0008941436696540228,0
0.828131320603627,0.17083288193688262,3.015077944397521e-05,1.6469205104071177e-07,1.5444845968343144e-05,1.4731645207039256e-05,0.0009753054968199973,0
0.9177449323358583,0.08151138743316176,1.4342419235370575e-05,1.1339335999719055e-07,1.0319289897046432e-05,1.014299559545682e-05,0.0007087621328920367,0
0.9278247557709032,0.0713534464002067,1.9299218727147647e-05,1.1492478953430532e-07,9.653555957593953e-06,9.751473772360502e-06,0.0007829786556437104,0
0.9440034912818186,0.055268169498477356,1.7147473979310556e-05,1.0211137901376076e-07,6.744061659114885e-06,8.664244140425604e-06,0.0006956813285462159,0
0.8472901972436203,0.14956530227505108,2.2135483732180452e-05,1.616321889255151e-07,1.0489906692601588e-05,1.1196216236104354e-05,0.0031005172424787447,0
0.8827099263568466,0.1142390167834858,2.1401649921035488e-05,1.4320636844038527e-07,9.45822677225552e-06,1.0979436108936906e-05,0.0030090743404968196,0
0.9480212808019134,0.049471273046230474,1.5068360787325578e-05,1.201006768629499e-07,6.768664485778775e-06,8.543048412678029e-06,0.002476945977493558,0
0.9480213385352713,0.04947127605897161,1.5007462905583994e-05,1.2010068417693694e-07,6.768664897982315e-06,8.54304893293942e-06,0.0024769461283365942,0
0.9506346576688721,0.04666818330491689,1.4159773814960072e-05,1.1103534610925045e-07,6.257758270034267e-06,7.880245272010844e-06,0.0026687502135078482,0
0.959160513410516,0.03809005542793935,1.4205509554543286e-05,1.1322341804549785e-07,6.381074184599073e-06,7.3905231020634326e-06,0.002721340831285407,0
0.9572111809583573,0.03707199690064438,1.579345276238815e-05,1.1091630900494377e-07,6.795114473855893e-06,9.746045032498744e-06,0.005684376612420435,0
0.9456456146255232,0.04094735249260655,1.5284129998165845e-05,1.088918496522863e-07,9.311245985284496e-06,9.568158911021481e-06,0.013372760455126219,0
0.8821528622035638,0.07870720006859992,3.438838579793853e-05,2.719465787104357e-07,2.2167508710659117e-05,2.1546977658959618e-05,0.03906156290908988,0
0.8969793554305644,0.0209419699256088,4.552900791092484e-05,2.8348192425566073e-07,3.3164956512816757e-05,2.1437638984713382e-05,0.08197825955849418,0
0.5440911037639706,0.012758630367068504,2.363257953209135e-05,1.70618867662915e-07,2.109125204297213e-05,1.428883551232747e-05,0.4430910825830057,0
0.9803109743020395,0.01378220016646701,3.613662507758311e-05,2.3053884283534183e-07,1.4726817536004849e-05,1.627478841663073e-05,0.0058394567616203525,0
0.8108723170226777,0.12491481257546491,4.824753236945455e-05,3.627448364704123e-07,3.0124766669926737e-05,2.901724847429168e-05,0.0641051181095072,0
0.8043807376592769,0.11212906232487387,4.421607258982055e-05,3.1223290665562647e-07,2.714475904332224e-05,2.6632303496927678e-05,0.08339189464781246,0
0.7085349264119949,0.2790313079632646,4.426864840383511e-05,3.0740777571198376e-07,2.6480257291725666e-05,2.6062309353629307e-05,0.012336647001915986,0
0.7144873928303842,0.26568649540120726,3.356935213393867e-05,2.7219240290582485e-07,2.3446787723913508e-05,1.975809546121678e-05,0.01974906534068651,0
0.7162428475481791,0.26505940216129537,3.6198533988631146e-05,2.7567437372574097e-07,2.3746726406271522e-05,2.486458642224117e-05,0.018612664769334597,0
0.7177471361519117,0.26335823246595086,3.596620927750892e-05,2.739050764039282e-07,2.3594318263053117e-05,2.470500377561976e-05,0.01881009194574501,0
0.6860936733756778,0.2985020931223565,3.6712112054347155e-05,2.9834448540314393e-07,2.6028459699799106e-05,2.690932835231783e-05,0.015314285257373914,0
0.7811539731835294,0.21164900644795287,3.179919633632031e-05,3.012341726691122e-07,2.746180207768396e-05,2.716996512383508e-05,0.007110288170806917,0
0.7812227391546999,0.21166763817738815,3.33044343353282e-05,3.179288618274606e-07,2.7464219574816144e-05,2.9324882614922066e-05,0.007019211202525089,0
0.7738687622127887,0.22126216642435415,3.0586310290802724e-05,2.9924388999822007e-07,2.218810374734281e-05,2.0378563156898658e-05,0.004795619141772359,0
0.7239843467232581,0.27252095599485404,3.4186180309597034e-05,3.0978013237929904e-07,2.4159567379442383e-05,2.1096083173098447e-05,0.0034149456708936297,0
0.6954342138258249,0.30192320749632673,3.2052412789054136e-05,3.209023560901474e-07,2.523228472156519e-05,2.0082737205106563e-05,0.0025648903407765916,0
0.7912042744624607,0.20393007716796172,3.0121460910932476e-05,2.911863350342924e-07,2.2185563046046427e-05,2.3389130392701105e-05,0.004789661028892728,0
0.7529199466444149,0.24263661105357595,2.8424221568356474e-05,2.7477899990197336e-07,2.093548388984973e-05,1.9303560968489317e-05,0.00437450425658268,0
0.7307119955727112,0.2664468984328062,2.7916295411760563e-05,1.1521966026075946e-07,2.458228076875122e-05,1.915144241867513e-05,0.00276934075622298,0
0.7498233270975011,0.2474464734250112,2.393627558676078e-05,9.879281976120041e-08,1.7122858051137463e-05,1.5394869719046312e-05,0.0026736466813109872,0
0.7371906966882238,0.26013010215381144,2.1552188285960946e-05,1.7528392135440992e-07,1.7357752508777808e-05,1.1513449883247351e-05,0.0026286024833654083,0
0.5573805857760907,0.4362275014192513,2.3759561005765877e-05,2.483925986173431e-07,1.25540632414743e-05,1.225948108101339e-05,0.006343091306731051,0
0.616999143463135,0.3769096807477987,4.094860099989569e-05,2.609279714024748e-07,1.7511682487129794e-05,1.4006342291047498e-05,0.006018448235316548,0
0.4179451340930272,0.5813199241729694,2.5879970267127386e-05,2.0261329446991476e-07,1.7511844793840126e-05,1.4228258639236554e-05,0.0006771190470085035,1
0.7032999664453643,0.2966232973249224,2.048308947237187e-05,2.1016976707764532e-07,1.4773779878812583e-05,1.520716000741952e-05,2.606203058754198e-05,1
0.6926768364764745,0.30725645359855946,1.6532554823578424e-05,1.83261026486936e-07,1.4008751488625836e-05,1.3260136277741579e-05,2.2725221349473923e-05,1
0.6861905280057772,0.3137498460156776,2.2683363809020113e-05,1.461997705802855e-07,9.506297934229276e-06,9.479241434143125e-06,1.7810875597175457e-05,1
0.7866520642367407,0.21163408810658085,2.4791411756391218e-05,1.666562054786451e-07,1.457171528151287e-05,1.2369942528091788e-05,0.001661947930906946,1
0.840415385045666,0.15615792267442194,2.402866004939267e-05,1.91938874318696e-07,1.7507423403473327e-05,1.7125083195399662e-05,0.003367839174389375,0
0.8404879741086931,0.15520943110342583,2.3283931143301438e-05,2.0763525238036081e-07,1.8721263471273437e-05,2.285192784008698e-05,0.004237530030173984,0
0.8762935819476149,0.1212904838302232,2.2007386070332626e-05,1.9517960857014517e-07,1.7547435334603364e-05,1.6392514995387652e-05,0.002359791706153225,0
0.8170028810042004,0.18120879950766403,2.2481834251395677e-05,2.1608450412258263e-07,1.647383636126666e-05,2.107282359940914e-05,0.001728074909419281,0
0.7508478264145726,0.2476409020825316,2.4623424086561215e-05,2.0631891509089047e-07,2.4705324844338594e-05,1.5634382565724223e-05,0.001446102052484272,0
0.7381710930022333,0.260993684934324,2.3952794490256438e-05,2.0069973027520277e-07,1.572801267332948e-05,1.520857339996127e-05,0.0007801319831488492,0
0.6201312713603253,0.3788483915704933,2.451299089040704e-05,1.936859590376438e-07,1.488483409065301e-05,1.2078499393054704e-05,0.0009686670588482294,0
0.716105308327247,0.28295499150694126,2.6628619722316737e-05,2.398960471963044e-07,1.78061078177875e-05,2.0478850915094933e-05,0.0008745466913091839,0
0.8479623276982422,0.15011055709409987,2.484537370020793e-05,1.178133554712833e-07,1.1359443505836603e-05,1.1651889252420188e-05,0.001879140687844066,0
0.8838920886976299,0.1141770029113945,2.5091196998085322e-05,1.1897901584433336e-07,1.1471835289447944e-05,1.0107410512164136e-05,0.0018841189691600694,0
0.9254400413908667,0.07294000053954071,2.4667356721162103e-05,1.169692233650285e-07,1.1278053149589582e-05,9.936676223529808e-06,0.0015739590142748896,0
0.9426712378879112,0.05602641418595385,2.0300163141824423e-05,9.579430132927422e-08,9.236388775941598e-06,7.984483013517524e-06,0.0012647310969021812,0
0.9479970361895387,0.05061876780415492,2.0582435809719256e-05,9.71263158956806e-08,9.210142272349868e-06,8.095506816934308e-06,0.0013462107950914265,0
0.9673753947929901,0.031509351793282424,1.5839911192814322e-05,7.474684884217284e-08,4.351819153418137e-06,5.582591508133674e-06,0.0010894043450242234,0
0.9850055005658905,0.013390755034166736,1.5249220814797932e-05,4.723711949974445e-08,5.591438844021558e-06,6.366811171488002e-06,0.0015764896919930782,0
0.9788412230663812,0.015238611109322025,3.3803841537445694e-05,5.170243269567147e-08,7.990916008440685e-06,6.968664253155582e-06,0.005871350700065223,0
0.8551390495035729,0.1313803496884993,8.659974196105728e-05,1.5171815511355121e-07,2.801923924963445e-05,1.990507112943521e-05,0.013345925037432467,0
0.9084774258692042,0.07442789882313024,4.798108284376507e-05,2.156334555970499e-07,7.121742085405978e-05,2.6756645369127245e-05,0.01694850452514321,0
0.93962262944105,0.05566351347683529,2.8329637292813864e-05,1.2728525217526595e-07,4.320436405154779e-05,1.5798019001530767e-05,0.004626397776516529,0
0.8898394818649379,0.10403717355183191,2.7666076004197482e-05,1.2430386681257005e-07,2.7849537103951396e-05,1.4411960334237516e-05,0.006053292705920987,0
0.871431399286577,0.11853657575441715,2.310038814244374e-05,2.337783585006658e-08,1.6183887220062457e-05,1.3071270817444273e-05,0.009979646034990025,0
0.821242593391612,0.17332856647740635,2.840688094961959e-05,1.276323084483073e-07,1.865310902207659e-05,1.627103685500455e-05,0.005365381471846784,0
0.844678569397002,0.1546650173877294,1.6340672559996447e-05,1.6969282887031086e-07,1.1753198500929138e-05,1.197939076867988e-05,0.0006161702606099312,0
0.8456983248912333,0.15394665412539685,1.7843071164370653e-05,1.8529477354737388e-07,9.813242802776778e-06,1.1864396070823898e-05,0.00031531497855821365,0
0.3316052710909488,0.6680881439444525,2.0622430354740722e-05,2.1415755882924824e-07,0.0002628713119209152,1.7112287729969833e-05,5.764777034491832e-06,1
0.3640026243497593,0.6353628714154798,2.4350298573219248e-05,2.2831114092546538e-07,0.0005758417450962749,1.5080452818927446e-05,1.9003427131737278e-05,1
0.3248314436081979,0.6742057141973851,3.1377347597659153e-05,3.0790655522914624e-07,0.0008999336644142983,2.2934926617538814e-05,8.28834923249066e-06,1
0.04630497514936999,0.9517336226686756,0.00020734231330290533,2.4539109296217426e-07,0.0015479492940894644,0.00019927915495987188,6.586028509297122e-06,1
0.03761716770334197,0.9553161474894202,0.0019473211564569259,2.5620169825516576e-07,0.0039006693761547678,0.0012128757475562983,5.562325371503278e-06,1
0.059073548597266275,0.9315307039012348,0.002404390706682418,2.1914779513065533e-07,0.005017604149035319,0.0019687756398249793,4.7578581612296806e-06,1
0.10107469724132986,0.651351938142494,0.004709630616876296,2.2342631248732714e-07,0.24073359400340236,0.0021217369110312556,8.179658553534483e-06,1
0.21654594377708977,0.45461690163021135,0.0026113594470745403,2.1138223870024894e-07,0.3241317715715019,0.002089329810674895,4.482381208879484e-06,1
0.020550511332153937,0.9031052165831505,0.003922251143649694,1.4702134145990254e-07,0.07125067461967181,0.00116768276325359,3.5165367788391576e-06,1
0.09683619887855455,0.8220060963978923,0.00035072775283080605,1.7414029140596825e-07,0.08007469616946651,0.0007148261752293582,1.728048573505589e-05,1
0.05556401750935886,0.8229215586938087,0.0003474964331850727,1.4605929046907882e-07,0.12032695642076406,0.0008336076188714247,6.2172647215807105e-06,1
0.03485771089931462,0.8679842812221151,0.0010204682099996339,1.8078198466348978e-07,0.0925143999452669,0.0036192118230726597,3.7471182466186123e-06,1
0.029693713407249675,0.9108142853807728,0.0021714814864888837,2.46025658534495e-08,0.05365708643067143,0.003648643479604333,1.4765212647088877e-05,1
0.02029502249316303,0.8847336554980467,0.0645198599396267,1.825714354913827e-07,0.02610857843955208,0.004330819137445811,1.1881920730016167e-05,1
0.018447470874505125,0.8561395552749765,0.05596819024164401,2.0388237283644646e-07,0.025247864592893292,0.04418761014665107,9.104986957214436e-06,1
0.024351998030280875,0.824922447349237,0.09553971482776355,1.9644828338481843e-07,0.023249345289131466,0.03189360482796654,4.269322733707742e-05,2
0.02440071182327222,0.738919746599322,0.18338094093269125,1.714558765476353e-07,0.02052652160738971,0.03273464584217731,3.726173927102774e-05,2
0.02998709986070466,0.24175105372263736,0.001679769112835684,7.673654492782975e-08,0.001399257051593141,0.7251802280440156,2.5154716686460875e-06,5
0.003972871760841192,0.12647945600990487,0.0004983462117518839,3.485656676652675e-08,0.0003947156191327405,0.8686500718637958,4.5036780066487855e-06,5
0.001327721308722799,0.051406373978020656,0.0005638996106253659,1.4106922098194907e-08,0.00019536731738052724,0.9465045618984471,2.06177988141866e-06,5
0.03870567465017406,0.9114173621858568,0.013233991235088777,2.3249829409766203e-07,0.004844453202913844,0.03178829816572094,9.988061951574873e-06,1
0.05210611467896099,0.9298131682055882,0.008324013891407927,2.3685480416416384e-07,0.002569382686113297,0.007178586916716227,8.496766409301292e-06,1
0.05175474500040644,0.932692303459678,0.0069582249262109585,2.4525721840529423e-07,0.0019208065075659027,0.006664876660079197,8.798188841212737e-06,1
0.963558388112088,0.00511526232109781,1.1106206485785852e-05,1.8667380317241599e-07,8.849319446974782e-06,7.756616472416985e-06,0.031298450750605784,0
0.9540921547425575,0.009919059874296227,1.2011407799345593e-05,1.088422701231862e-08,9.321812977537039e-06,7.584278410813664e-06,0.03595985699973146,0
0.9339878221234884,0.03133447769936347,1.775245629193105e-05,1.208104678648291e-08,3.882281686720228e-05,1.0465670325144747e-05,0.034610647152617004,0
0.9602541239919432,0.03719057697191082,6.12385073591846e-06,6.469180413098824e-08,7.081272484476908e-06,4.119200974952708e-06,0.0025379100201465593,0
0.9607760433080434,0.03670327895764009,6.04361158540575e-06,6.384416501755288e-08,5.848574899980652e-06,4.065228204995617e-06,0.0025046564754610543,0
0.944935668999861,0.05090680113971561,6.8670154692557546e-06,7.202001066013144e-09,4.7337489676728164e-06,5.1349511926426e-06,0.004140786942792803,0
0.9429331791234264,0.05449213830159823,6.066734592232152e-06,5.616941169478853e-08,4.065161415234228e-06,4.2435689716295425e-06,0.002560250940584745,0
0.9070573010067622,0.09034604357053676,8.331284146167692e-06,7.713594884331005e-08,6.018396110296006e-06,5.827579624428287e-06,0.00257640102687156,0
0.8777736345516535,0.12098489153953199,8.550186282892995e-06,1.0427214269886679e-07,5.185207290530674e-06,5.5139750248080365e-06,0.0012221202680737023,0
0.3390459895392714,0.617399047209225,0.00812183908040266,3.644491399801936e-07,0.032348488909966715,0.0030714539428403093,1.2816869153968466e-05,1
0.4106713229346582,0.5141151860242238,0.0014018817087069666,3.601623394369142e-07,0.06757637413467275,0.006211064401326509,2.3810634072252346e-05,0
0.18207606374613156,0.808346678608985,0.00020260755525998452,1.728082414557202e-07,0.008892531299163411,0.00047278227578185383,9.163706437013125e-06,1
0.08407797014483594,0.9158494364157053,1.0785601419768002e-05,1.0421235881511718e-07,5.224950411263051e-05,6.830622053851247e-06,2.6234995137721707e-06,1
0.12548331229593257,0.8744742772137925,1.8616283957649087e-05,1.4750719750268398e-07,1.0133393286276815e-05,9.598414646646024e-06,3.914891186817711e-06,1
0.09287673467338053,0.9070814721030696,1.9034313596552393e-05,1.3466079882913567e-07,1.1246904893522134e-05,7.346910413541768e-06,4.030433847572379e-06,1
0.37118490657865105,0.6287434050334897,2.6653765964657424e-05,1.9597595145564273e-07,1.7068367365264277e-05,1.5640976563790303e-05,1.2129302014028576e-05,0
0.7783247559793994,0.2216311577940506,1.3901733560084664e-05,1.5699094000381146e-07,1.253513786447066e-05,1.1416802244087088e-05,6.075561941306211e-06,0
0.8322822244747353,0.1676176666266805,1.4455132085061228e-05,1.74900007146773e-07,1.4247975555897006e-05,1.0345024921448269e-05,6.088586601470446e-05,0
0.8500414207475668,0.1498536648755677,2.0328515359446195e-05,1.7415042874710683e-07,1.424521044521497e-05,1.1332749831753753e-05,5.883375080035856e-05,0
0.8461348162973281,0.1534370369775967,1.7161808683017835e-05,1.6732802121735366e-07,1.2278336738129636e-05,1.0599052587418701e-05,0.000387940199045505,0
0.8332600635874551,0.16623850576650492,1.8244491319256957e-05,2.1146879504794587e-07,1.3916975174025922e-05,1.121432314972113e-05,0.0004578433876019497,0
0.8083888849378746,0.19028056598374285,2.1817794796121527e-05,1.5882991886403197e-07,1.4155428616658129e-05,1.0770702727727437e-05,0.0012836463223229928,0
0.9196191456749976,0.0795848988476738,1.1935971410181794e-05,1.4418037795276678e-07,1.1230231028451562e-05,1.1013267461873229e-05,0.0007616318270503621,0
0.9515354125818622,0.04603267013714455,1.8563857423342086e-05,1.090429069873322e-07,7.201862273474876e-06,8.509702822504253e-06,0.0023975328155668336,0
0.9500613161246629,0.0474061514929246,1.7120973050767266e-05,1.0195356881023092e-07,6.246026191268074e-06,8.650853799951895e-06,0.0025004125758016915,0
0.8557955531471197,0.1397816390799402,2.258291926961984e-05,1.8911758650448014e-07,1.0690540171935782e-05,1.2409948039319597e-05,0.004376935247872592,0
0.9381487945037682,0.059037397945209805,1.6983476631982804e-05,1.2607970631887187e-07,8.18255549162335e-06,1.0327586461292873e-05,0.0027781878527306314,0
0.9226375665888542,0.07472556633185162,1.8612070591154752e-05,1.2454025966921375e-07,8.225402480737904e-06,1.0381665652706806e-05,0.002599523400309925,0
0.9382990379022477,0.058885083512302254,1.692649780618558e-05,1.3491074922708516e-07,7.603334309974083e-06,8.826212912987772e-06,0.002782387629671704,0
0.947153393697197,0.05030383072039838,1.5530093759466254e-05,1.2178085315667936e-07,6.8633562885751185e-06,8.6625633712452e-06,0.002511597788132243,0
0.963052584765906,0.03427202062348519,1.4557784032971626e-05,1.0039487577151381e-07,6.539314870831496e-06,8.253575523596242e-06,0.0026459435413055694,0
0.9633297924124742,0.03263348970807168,1.5449075233643277e-05,1.084977698186557e-07,7.165858071849764e-06,9.533531723735683e-06,0.0040044609166551975,0
0.9450566969860876,0.04371014098486517,1.562515776940933e-05,1.0973438509469672e-07,9.217567691673753e-06,9.642191201104649e-06,0.011198567378000002,0
0.9306937155681743,0.04262557737969565,1.448151455174119e-05,1.208049550716597e-07,9.310233289461998e-06,1.0938263223682013e-05,0.02664585623611007,0
0.9264606778491581,0.04760918644059829,1.6656131205604315e-05,1.2818348729540141e-07,1.0650105753107541e-05,1.1606351114777474e-05,0.02589109493868292,0
0.8686158376779444,0.07813214279818727,2.060385869582137e-05,2.1020311382359926e-07,8.638636540220072e-05,1.9610868469966325e-05,0.05312520822818653,0
0.8944630643593333,0.041167805766604414,3.700158062034954e-05,2.8708039577048425e-07,3.6445997040430266e-05,2.3366388214305733e-05,0.06427202882779146,0
0.889459449306699,0.03903547078002884,3.827275062731111e-05,2.769190252371545e-07,2.3007775541529944e-05,2.2539321886652297e-05,0.07142098314619168,0
0.868218536385267,0.09267874039468828,3.8439945398674455e-05,2.585650632111737e-07,2.3108285165431917e-05,2.544657645443505e-05,0.03901546984796299,0
0.9281464710966069,0.05259438007593448,3.898907097604151e-05,2.6731203843783806e-07,2.3438393606061174e-05,2.581008805266012e-05,0.019170643962785536,0
0.9468689273189187,0.027880494077412436,4.079806434173872e-05,2.7472662813996756e-07,2.2761068101884888e-05,2.6525997497684276e-05,0.025160218747099436,0
0.8884154706107685,0.03180032712725464,4.01577349851676e-05,2.698079871485819e-07,2.235355928728024e-05,2.2194226439938812e-05,0.07969922693327736,0
0.8992402262231285,0.021888744047166658,4.4437103262665076e-05,2.766832865300602e-07,2.292317701419001e-05,2.0923508351756926e-05,0.07878246925778937,0
0.8962244069780914,0.02033467442690988,4.549068812813732e-05,2.832433298680361e-07,2.1978646596029894e-05,2.3720807703660343e-05,0.08334944520924101,0
0.8952013197815812,0.02130544198398306,4.5758982919646674e-05,2.849138412025603e-07,2.409524845746332e-05,2.3860708184817285e-05,0.08339923838103253,0
0.5772179672912611,0.013535436685056699,2.5899553386996557e-05,1.810069587475693e-07,1.4840815707157556e-05,1.5158808023743707e-05,0.4091905158396055,0
0.9765899851212119,0.012171733608317414,4.0878484727382965e-05,2.2581555694563856e-07,2.0042485733526757e-05,1.5941350122498745e-05,0.011161193134330335,0
0.979405920213929,0.007937520686581991,3.350613049043234e-05,2.192676452773105e-07,1.5103936708571674e-05,1.5479103172430813e-05,0.012592250661472222,0
0.8489741620176126,0.021015377947906904,3.4141164805392e-05,2.1660127218194668e-07,1.5010843442379599e-05,1.529087173414847e-05,0.1299458005532263,0
0.8866501338487061,0.01949887128217627,3.4102792787882956e-05,2.625669643605985e-07,2.224465059514611e-05,1.853579959719774e-05,0.09377584905917286,0
0.9098135277684981,0.027978396304013796,4.454186841741339e-05,3.4294033482984635e-07,2.94282220931982e-05,2.22811679436542e-05,0.06211148172869863,0
0.7566222107915995,0.17568040916330097,4.229387815442479e-05,2.9369469090362004e-07,2.3694787598723494e-05,2.505106277029441e-05,0.06760604662188506,0
0.761807438050373,0.188976153438945,4.4595529027684116e-05,2.957074175924616e-07,2.385717096098193e-05,2.5783211609014596e-05,0.04912187689166646,0
0.6612710655928034,0.30933873601350415,3.9893017851973174e-05,2.949464021970447e-07,2.3181648130703614e-05,2.5005822832540943e-05,0.029301822958475096,0
0.6853018208776508,0.29538272652381503,3.711376639950346e-05,3.009317909043917e-07,2.525340269503533e-05,2.184425056881942e-05,0.01923094024708014,0
0.7823253821934639,0.2108117278993981,3.2916269826064264e-05,3.14223388274313e-07,2.7972067586550203e-05,2.7824240971638507e-05,0.006773863105365464,0
0.8661638522881714,0.12513268875844497,2.2365298798708595e-05,2.007342243823097e-07,1.3831201801473017e-05,1.3670037070264982e-05,0.008653391681488844,0
0.8505999996089773,0.14472013355807906,2.268722290551396e-05,2.139610109578801e-07,1.550650168971472e-05,1.4689457454406964e-05,0.0046267696898829635,0
0.6950751883911948,0.3026131615484022,3.143945919358222e-05,3.147655870969552e-07,2.4154974862939237e-05,1.9698685431600404e-05,0.0022360421753277516,0
0.6854406703040367,0.3108984999038318,2.7722168172999445e-05,3.1142146252707946e-07,2.346197915125534e-05,2.15126774755189e-05,0.0035878215458692176,0
0.7666405505344888,0.22839087911026792,3.3961595333325805e-05,3.261132637565991e-07,2.6127318069071995e-05,2.381394929427186e-05,0.004884341379282834,0
0.7625521749327562,0.23243807065010214,3.355453937121717e-05,3.243741521090162e-07,2.598798511876324e-05,2.4274757382407646e-05,0.004925612761117161,0
0.7714291322180714,0.22351757586943713,3.22667852073171e-05,3.119253397316885e-07,2.4990619734669564e-05,2.3343142152914318e-05,0.004972379440056894,0
0.7365784432227357,0.2598373686870901,2.7625827621152377e-05,2.763338548097839e-07,2.10539486920549e-05,1.941279142831624e-05,0.0035158191885778503,0
0.648217687311412,0.3466615392419007,2.496589215794723e-05,2.402143578732609e-07,2.433159250056095e-05,1.8738059879206996e-05,0.005052497687791465,0
0.6744028107834301,0.32111634865623045,2.627936768462387e-05,1.0514231876825255e-07,2.2693336932540385e-05,1.7476419033861344e-05,0.004414286294369611,0
0.6040843977389204,0.39333639967289613,2.6133468625710786e-05,1.0786135237776224e-07,2.3280198117973325e-05,1.6484284411933342e-05,0.0025131967756755174,0
0.5943426770470979,0.4012538789013299,3.2118493129306066e-05,2.284782444053208e-07,1.533388103137213e-05,1.1276602967648222e-05,0.0043444865961995245,0
0.515997437973211,0.4804059549536783,2.7693527357393357e-05,2.646780156418457e-07,1.3370139037405139e-05,1.2804932703420909e-05,0.003542473795996864,0
0.532105831049669,0.46246509367845057,4.261885151323691e-05,2.677190912364794e-07,1.9263216109452665e-05,1.295884752848754e-05,0.005353966637637997,0
0.7199656814349777,0.2696995862648059,4.7497265021719606e-05,3.090713435013893e-07,2.1566588209690807e-05,1.6161198063836162e-05,0.010249198177577567,0
0.7681229617619847,0.22865808426863674,2.645861976304755e-05,2.1553491467628472e-07,1.9209158582454987e-05,1.2533672766206861e-05,0.0031605369833523174,0
0.6182814954818866,0.37889058605357423,2.4158265150335697e-05,2.0021598944653717e-07,1.4747762230066924e-05,1.0980511409573486e-05,0.002777831709759653,0
0.35039484334318427,0.648935695382884,3.813235487699039e-05,2.273761949164534e-07,1.9652099560436878e-05,1.6052274349982946e-05,0.0005953971689493417,1
0.3428434002948962,0.6565582874703735,3.3044095870699614e-05,2.173647498943552e-07,1.7294721304661603e-05,1.709376080689713e-05,0.0005306622919980791,1
0.6776004937621323,0.32234200662351253,2.103794374319159e-05,2.2086043978782816e-07,1.632859738666611e-05,1.3686365991595602e-05,6.225846794078942e-06,1
0.6467642228651986,0.35316199670934273,2.7763119406872114e-05,1.7894002503560415e-07,1.243684832641362e-05,1.1602040774835765e-05,2.179947692540615e-05,1
0.4822099165338499,0.5177042878384995,2.8459630456856788e-05,1.908678617488506e-07,1.3083398052322676e-05,1.5847310434594137e-05,2.821442084492366e-05,1
0.6542353194734629,0.34512454049715097,2.694312888816505e-05,1.6544002118687503e-07,9.960502175630922e-06,1.4023759026978508e-05,0.000589047199274162,0
0.5894138197047674,0.4092516608049987,2.1997564262060636e-05,1.6055837413194453e-07,1.3868259993980594e-05,1.6069792279245863e-05,0.0012824233153243853,0
0.5309992818368607,0.467049223666156,3.058877167873286e-05,2.579600677749012e-07,2.144376177992018e-05,1.764480820331258e-05,0.0018815591952534437,0
0.7608633808611239,0.23741453272197044,2.6623942755125223e-05,1.7897509500667968e-07,1.7170881422868825e-05,1.625724381299323e-05,0.001661855373819605,1
0.7776424589522685,0.21904418182408397,2.5400894042393704e-05,1.8632203196474077e-07,1.787574699829121e-05,1.6963187292554963e-05,0.003252933073282453,0
0.8785107090744527,0.11946946579726359,2.1676973942135715e-05,1.9224924193586152e-07,1.774186872601499e-05,1.61096778162384e-05,0.001964104358557528,0
0.8425282632826363,0.15558565546914277,2.13739593794768e-05,1.8956185945700602e-07,1.5594754641491657e-05,1.6579389111001383e-05,0.001832343583229688,0
0.81273604968452,0.1866049879454299,2.0521500495417597e-05,1.8285885891314805e-07,1.4730035587460389e-05,1.719227583517141e-05,0.0006063356992731191,0
0.7973065661917327,0.2018655406559338,2.3751960208563723e-05,2.778559335779062e-07,1.7919673438996834e-05,2.244467357053198e-05,0.0007634989891819202,0
0.7315565939475727,0.2676377730988385,2.4562558203197643e-05,2.058089217212651e-07,1.6128399000226615e-05,1.5595736417147913e-05,0.0007491404510465879,0
0.6649946116869573,0.3345479947350092,2.3913623913777924e-05,1.7071236543943508e-07,1.4390241380669023e-05,1.0664515850680526e-05,0.00040825448452292036,0
0.6405571077520188,0.3583961761512565,2.1046960908678258e-05,1.7841812775277866e-07,1.3236015798891995e-05,1.112054863196613e-05,0.0010011341532573464,0
0.6577514507927136,0.3412001342328895,2.7939351144751976e-05,2.473746002639565e-07,2.553011632282473e-05,2.551736759352299e-05,0.00096918076473544,0
0.8305606137506494,0.16747109940286567,2.5923027689784634e-05,1.4521649853671428e-07,1.2136129514200277e-05,1.1346967327792241e-05,0.001918735505454678,0
0.9324050994525682,0.06599264751500937,2.1755292843496378e-05,1.1008425838603047e-07,1.0614211852431597e-05,8.436487883523619e-06,0.00156133695558446,0
0.9837229139075448,0.013322574662438488,1.6674734382179976e-05,5.1652896249831686e-08,1.0054974295716815e-05,6.961987529424161e-06,0.002920768080913204,0
0.9121474080218733,0.0722932163612896,5.24275198674132e-05,2.8803814430571475e-07,4.324335752606542e-05,2.0940188374958342e-05,0.015442476512924116,0
0.9066658525508317,0.09071975148306037,2.7333839527696965e-05,1.228111260740955e-07,3.0781510565354306e-05,1.4238889931330147e-05,0.002541918914957418,0
0.8163495536475552,0.16486568394600665,3.2128997031368105e-05,3.251488303984579e-08,2.1097201254124658e-05,1.6736809033729957e-05,0.01871476688423554,0
0.8097713314014304,0.18608059090353388,2.8603124731099517e-05,2.8946663174633735e-08,1.8781970640405676e-05,1.6383442360089333e-05,0.0040842802106411235,0
0.7921532746093404,0.20661153608642313,2.2845149433680012e-05,2.37239808773635e-07,1.6055589299654882e-05,1.419004938138152e-05,0.001181861276313102,0
0.8473821858910389,0.15189883982084096,1.60484202936031e-05,1.6665787950418405e-07,1.1410198684760573e-05,1.1591279056451886e-05,0.0006797577322056603,0
0.8267373475795108,0.17288738061612757,2.4022199680654296e-05,2.0639426470562153e-07,1.429519902925547e-05,1.4570312521648191e-05,0.0003221776988652713,0
0.8104831940289084,0.1894592526270954,1.8832032787243815e-05,1.955648340245882e-07,1.1023861612713334e-05,1.2829998865166254e-05,1.4671885897221296e-05,0
0.7134204905099736,0.28651460103458226,2.360401981759477e-05,1.9143778873553376e-07,1.4319706481964479e-05,2.078370695520628e-05,6.009584400745136e-06,0
0.7620062793506416,0.23794243105823282,1.6706069615030306e-05,1.5663798958024697e-07,1.117249312639042e-05,1.0216662104226582e-05,1.3037728290367611e-05,1
0.5144054256911229,0.4855322686144909,2.2285797395046085e-05,2.314311109111899e-07,1.501722618429569e-05,1.8618268637892923e-05,6.1529710583012515e-06,1
0.35486234342514367,0.6450719978154561,2.4176334546848144e-05,2.510637543165224e-07,1.4573918485957439e-05,1.9899210155727422e-05,6.758232457399125e-06,1
0.332227189309318,0.6677090143809604,2.303937391776006e-05,2.3925676994940113e-07,1.6442108085298632e-05,1.771454206530787e-05,6.361028883304411e-06,1
0.2951896587911552,0.7047327433629416,2.1775374593084518e-05,2.261305280332972e-07,3.1515304908760105e-05,1.8068989399160566e-05,6.012046474258112e-06,1
0.2751610576391819,0.7245110533444811,2.1542407771829447e-05,2.2371123967251836e-07,0.00028222527472213923,1.7875675846476566e-05,6.021946756733859e-06,1
0.3368077338202007,0.6627140484107569,2.114363671192948e-05,1.982451182887477e-07,0.00042282987816571273,1.4001390263293709e-05,2.0044618783344567e-05,1
0.3323876450029324,0.6670110124252281,2.3630827060699212e-05,2.453988278482471e-07,0.0005484569047181321,1.8728548133113335e-05,1.0280893099710092e-05,1
0.2857209393743622,0.7134537237755741,2.5818304001790784e-05,2.6811509909470326e-07,0.0007741300826669181,1.7903121062269795e-05,7.217227233590208e-06,1
0.03649938034404261,0.9528648105776868,0.0019124733601798133,2.545706624820467e-07,0.007122046535721871,0.0015955076973087415,5.5269143975540874e-06,1
0.07431846308484812,0.9102686806345796,0.0019398483567705706,2.2669559543384386e-07,0.011750938902143257,0.0017155844772834656,6.257848779546608e-06,1
0.10199054542295576,0.8216230320988084,0.0033399186177469884,2.4406517584624214e-07,0.07125353944283763,0.0017850358351339216,7.684517341516819e-06,1
0.11556027280458447,0.7099722031588406,0.003699710510876582,2.70357035533519e-07,0.16729844781235917,0.003459197559515044,9.897796788529143e-06,1
0.024020377142970454,0.8819315346182219,0.004880923729591552,1.781105133423285e-07,0.08737784777019311,0.001784448054095101,4.690574414501242e-06,1
0.02291083178804169,0.8957911196071897,0.003992027398207633,1.5529977540008394e-07,0.07614738751321384,0.0011543906871709839,4.087706400596816e-06,1
0.024868859655132546,0.8898497628003977,0.004449612490212842,1.651789486381888e-07,0.07956096718333706,0.0012662849519703004,4.347740000606672e-06,1
0.05773014962581644,0.8467997884327859,0.000319578812307709,1.431516080488329e-07,0.09433398912524545,0.0008129268738557618,3.4239783806555824e-06,1
0.06754144643824794,0.8264928259776236,0.0006522333666143375,1.5698693914811244e-07,0.10399586380831961,0.001313716554460766,3.756867794477983e-06,1
0.060089632574624685,0.829843978314401,0.0006721100439876745,1.6177108375186388e-07,0.10716511631652759,0.0022251296218094106,3.87135756594236e-06,1
0.037732856765243177,0.8985542809818716,0.0019983002218791762,2.0500628194185835e-07,0.05664453945414599,0.0050542079929841765,1.5609577593948513e-05,1
0.018548511486635926,0.15312180941162462,0.0001711922911546379,4.06490305483876e-08,0.8275787024596514,0.0005757078568984422,4.035845004510461e-06,4
0.029810519753558237,0.7493003906694833,0.0004165975818673706,1.0180102984733164e-07,0.21965352329297874,0.0008111676699647432,7.69923111790532e-06,4
0.024914509980921172,0.899839482960301,0.027204907489969142,1.1266677057259508e-07,0.04615260225312493,0.0017646314035754003,0.00012375324533789664,1
0.023255837241890665,0.8874525331236259,0.034174488730395434,1.1111582991954475e-07,0.05105913819120909,0.0039358419058129,0.00012204969123613258,1
0.012196238014349657,0.8598891992886313,0.08314710647250549,1.9445635180515032e-07,0.029216360732543436,0.015545472415549417,5.428620068872339e-06,1
0.012128710057507465,0.8353435712740516,0.10245958351505174,1.8890557470453072e-07,0.02838237662962174,0.021679539327806245,6.030290386353994e-06,1
0.01132804684020762,0.7961762213743498,0.10704747520104702,1.8851398517652073e-07,0.023921078517202488,0.0615217268256412,5.262727566841343e-06,1
0.021887128029178374,0.7529054296753314,0.11917953065131447,1.61787177541715e-07,0.0134062656020825,0.09260137349508356,2.011075983215029e-05,1
0.014417633808391726,0.1682745945426355,0.7957303259106692,6.331526938778868e-08,0.015462426510201806,0.006076230901721117,3.872501111149891e-05,2
0.04209949901385381,0.28832686033787586,0.13718044526982207,1.4018255670176675e-07,0.023519527226355585,0.5088511723923356,2.235557720040932e-05,5
0.005180040819133703,0.08219069307566329,0.00740903867744435,3.2668006820135694e-08,0.0006926774901303886,0.9045211182787706,6.398990850880198e-06,5
0.0076879878169068645,0.19297121384795174,0.012020545600937084,6.840519432143745e-08,0.000985153291320684,0.7863297394327087,5.291604980691255e-06,5
0.0008794273172481598,0.032528605837442076,0.0008471467916480968,1.121081535331648e-08,0.00012184478621550905,0.9656206294147442,2.334641886450696e-06,5
0.014713912832787867,0.767078744930689,0.007060594987647252,2.0187348202807117e-07,0.007255808245005831,0.2038847603857581,5.976744629745778e-06,1
0.043687915804020996,0.9182859283094289,0.005213798044953087,2.506086956126066e-07,0.006459838758780659,0.026343278310065527,8.99016405546137e-06,1
0.05292290081644953,0.9314643013027908,0.005962341853039866,2.372754035057946e-07,0.004010850557433388,0.005623331277721426,1.603691716138689e-05,1
0.05808744971268352,0.9277258113060365,0.006792479566355172,2.439512485304324e-07,0.001948712042550553,0.00543655208175002,8.751339375763032e-06,1
0.9090892883380188,0.014953805757297055,1.6110756218162237e-05,1.9986063442126073e-07,1.6484517736840474e-05,1.1367965194669807e-05,0.07591274280490003,0
0.9558282753911748,0.004174263176312851,1.4180396749684689e-05,2.3834498261357536e-07,1.1298804941489754e-05,9.903642540302521e-06,0.03996184024329819,0
0.9167077111178017,0.005021174109936945,1.2354624552045864e-05,1.9376644886623e-07,1.1067283599490423e-05,1.0008093197727008e-05,0.07823749100446327,0
0.9338065811663196,0.06346287291705296,7.522821206871514e-06,7.947040138861044e-08,9.584456725881334e-06,5.060216812272195e-06,0.002708298951481001,0
0.9355724739655815,0.05995603648433317,7.285393051899197e-06,7.640787873715025e-09,6.2008718510478005e-06,4.900511043856448e-06,0.004453095133350479,0
0.9096092661934182,0.08634138727691018,7.0505820736422115e-06,2.40974720167163e-08,5.617089358172645e-06,5.570677711617912e-06,0.004031084083056142,0
0.9065490803552294,0.09228928966264228,8.058602205330188e-06,8.319005170050664e-08,4.4158684734837225e-06,5.283800847535167e-06,0.0011437885205502192,0
0.8918294633040555,0.1068392700646378,8.613498339874346e-06,1.0504425264146847e-07,5.2236024936966e-06,5.5548046733576665e-06,0.0013117696815470284,0
0.8692879373499782,0.12930087738369533,8.008775543285013e-06,1.1143936541229977e-07,5.541616341928767e-06,5.892982169153751e-06,0.0013916304529067267,0
0.30113627531699033,0.6757983413833587,0.004816148635955783,3.6600093890532897e-07,0.0127176803783073,0.005523673026640968,7.5152578081750225e-06,1
0.2567162993457506,0.5100824920862294,0.006757199715930045,3.045311024878732e-07,0.22308209981959193,0.003355351430699385,6.253070696073055e-06,1
0.30262317161373675,0.6712976970995581,0.007798834649387798,4.508617770478462e-07,0.010754877102865752,0.00749335239052216,3.161628215253536e-05,1
0.41861497587226537,0.5509102990381527,0.008433419159758294,4.1207440722266295e-07,0.012563240874392987,0.009464012471250206,1.3640509773180335e-05,1
0.20383689137271693,0.7421000862661232,0.00036072811379815953,2.6620504715688737e-07,0.05001605144469018,0.0036737618128886906,1.221478473560385e-05,1
0.16413022463188118,0.7704787940454906,0.0004025802903844472,2.3675734335315986e-07,0.062163918040233544,0.002815166722227217,9.079512439841376e-06,1
0.17402128897090444,0.7497440263261781,0.00040937452124285763,2.06827824483506e-07,0.07204306118704054,0.0037670935795311397,1.4948587278435583e-05,1
0.14324205328108724,0.5254056268138299,0.0001591943398945569,1.4740905355875505e-07,0.3292998325173093,0.0018867816405128501,6.363998312463377e-06,1
0.226235577994068,0.7387103486922333,0.00032035575549963527,2.5521206120788293e-07,0.029083040838640113,0.0056332713848820685,1.7150122615565996e-05,1
0.2988840211630205,0.6703113205889785,0.0003290297043477729,2.672034014184382e-07,0.024963414680945803,0.0054900724077618455,2.1874251544291643e-05,0
0.3522129312621997,0.6192851162086109,0.00033559395259183763,2.5182926592143323e-07,0.02552323914437413,0.0026319955365229843,1.0872066434604054e-05,0
0.0792023439438734,0.919961380070405,1.054638532173838e-05,1.1500546758982342e-07,0.0008105095503266863,8.198420295749423e-06,6.906624310029359e-06,1
0.11022018057187154,0.8897319970639426,2.124360817950915e-05,1.5440046549836414e-07,1.227954941337675e-05,1.0046965263925488e-05,4.0978408637253055e-06,1
0.10609020960826057,0.8938633822719831,2.099745475855938e-05,1.3539744124774802e-07,1.1294359783097885e-05,9.930549311937433e-06,4.050358461555663e-06,1
0.12540615508842518,0.8745491958414605,1.9606611041533217e-05,1.3783078534069155e-07,1.067245757246193e-05,1.0109019771092357e-05,4.123150943790952e-06,1
0.20530509951882017,0.7946464722097835,1.8610632584242183e-05,1.702290763273052e-07,1.4217576668281899e-05,1.0334831128981657e-05,5.095001938471396e-06,1
0.1876186267939443,0.8123356906390505,1.7464560420285805e-05,1.6236962090414426e-07,1.3561152910011107e-05,9.634717725681247e-06,4.859766328431777e-06,1
0.09659299099660137,0.9033546836080059,2.362319369079984e-05,1.5313839186757145e-07,1.0874533352802185e-05,1.0977702930186934e-05,6.696827027179626e-06,1
0.2471278426926782,0.752824481023748,1.7376704913808844e-05,1.455087472306285e-07,1.0470528905212368e-05,1.0677744491629572e-05,9.005796516021559e-06,0
0.32055173858563213,0.679384232493676,2.421421800286035e-05,1.8705043693614133e-07,1.3459788802718918e-05,1.459097748682656e-05,1.1576885962806428e-05,0
0.26911150928238226,0.7308240794539081,2.8874086068921855e-05,1.6464859501886154e-07,1.417289522297484e-05,1.1009237907508642e-05,1.0190395915088952e-05,0
0.3170867764693953,0.6828532728361496,2.697881025902823e-05,1.5384117072403353e-07,1.3242595804730288e-05,1.0053942117479984e-05,9.521505103272236e-06,0
0.7637123783925848,0.23617007192447523,2.209520105744125e-05,1.8126707046898403e-07,1.5603407954001692e-05,1.2831470281200117e-05,6.68383365769527e-05,0
0.7491841062276103,0.2507666786646259,1.7792308346340897e-05,2.1309068066197045e-07,1.4344322947484163e-05,1.1607547605620785e-05,5.2578381834352275e-06,0
0.8562403896402807,0.14334195028214947,1.850956471654287e-05,1.7379888659841635e-07,1.4216454892188276e-05,1.1309873406728056e-05,0.0003734503856677834,0
0.6412983724743297,0.3580025609879398,2.67935916101885e-05,1.7647331522759383e-07,1.390775794781489e-05,1.233061760104472e-05,0.000645858097256091,0
0.8898456479098208,0.10698579045031746,2.638731753185196e-05,1.8358994425300575e-07,1.4736019084138948e-05,1.4055550010446789e-05,0.003113199163290938,0
0.9182968073322295,0.0791580004330554,2.0853948568653585e-05,1.4509149141638638e-07,1.1645904655385543e-05,1.1108128617779356e-05,0.0025014391613818834,0
0.9404279336287767,0.0572912889335354,1.789418668955097e-05,1.2248731097960288e-07,6.924028287283664e-06,8.895451220431474e-06,0.002246941284179761,0
0.9110937204083901,0.08526658405483616,2.147709003453484e-05,1.554998316800126e-07,8.790177730324653e-06,1.0386452475988005e-05,0.003598886316701058,0
0.8793107398374523,0.11771261405936592,1.677114114348819e-05,1.311890917952699e-07,8.66453212772058e-06,9.247935003564236e-06,0.0029418313058151963,0
0.9557813515239539,0.04209203318925046,1.2839529449419472e-05,9.531641473258925e-08,6.186022125078956e-06,7.180948007083757e-06,0.002100313470799052,0
0.9170138942049559,0.07961219080565113,1.659705524476132e-05,1.2107263932376125e-07,7.996379568247602e-06,1.0092605110094897e-05,0.0033391078768306138,0
0.8847968662193391,0.11129467593007983,2.2282376105421547e-05,1.6270478964708444e-07,1.0559518330991662e-05,1.1270514986208058e-05,0.0038641827363688442,0
0.9529230385100147,0.0382648516568516,1.6014802818031928e-05,1.3140732568507497e-07,7.428263653785911e-06,9.882638825047253e-06,0.008778652720511171,0
0.9448860279866554,0.04391861119694681,1.586800549620793e-05,1.1143988761602563e-07,9.360828028213692e-06,9.006044804221216e-06,0.011161014498181356,0
0.9614545932104321,0.033939550551636485,1.468685199805923e-05,9.497142970522763e-08,8.798203214707807e-06,9.542739968896268e-06,0.004572733471319926,0
0.9645723266674333,0.029746060076608464,1.318524799766434e-05,8.811436710564818e-08,7.5718450257343024e-06,8.85374154546168e-06,0.005651914307022203,0
0.8240673201044931,0.02698377658684012,3.068096809174213e-05,2.663672629683606e-07,0.00010946792981039808,2.4372053965201624e-05,0.14878411598953642,0
0.7959427735028297,0.1967345851786359,3.121639093970893e-05,2.2586337299408934e-07,1.8765824357681686e-05,1.9994222560645134e-05,0.007252439017303386,0
0.8801847363121789,0.10458749598955279,3.907748523787849e-05,2.588001737095154e-07,2.2720799765435612e-05,2.4526559421140598e-05,0.015141184053670119,0
0.8822368556645205,0.025077828801419812,4.089735311358157e-05,2.7477726339286415e-07,2.2765263226497812e-05,2.1351874047020737e-05,0.09260002626640906,0
0.8731964422274373,0.021002894684460247,4.5824525744005284e-05,2.808679306170252e-07,2.37530845935258e-05,2.352187490309307e-05,0.10570728273493127,0
0.38330400029086653,0.010067430760156267,2.0889925004998527e-05,1.3462993966862057e-07,1.1038349780099653e-05,1.1274867131108145e-05,0.6065852311771213,6
0.3725525936802514,0.01035885366381456,1.9821280224393903e-05,1.3852708571037397e-07,1.135787797166603e-05,1.1080669179570801e-05,0.6170461543014727,6
0.9840782781814686,0.00679947284052733,3.1919553874716616e-05,2.0550982037721858e-07,1.39250944569332e-05,1.4507875562504921e-05,0.00906169094428933,0
0.9795329503828567,0.007255908259475522,4.366470482149922e-05,2.412068280879501e-07,1.5505567559681972e-05,1.7027890152904906e-05,0.013134701988305545,0
0.8294496609616338,0.024607906097779346,4.0608027514387105e-05,2.5762889082878056e-07,1.5084618828299418e-05,1.8187198463750124e-05,0.14586829546688987,0
0.9156886298207556,0.021652167847617695,4.555537986828363e-05,2.90189102617384e-07,1.7899050859294074e-05,2.0485772322900987e-05,0.0625749719394738,0
0.9001906340429638,0.02515823598008898,4.363178822677939e-05,2.910664355742151e-07,1.722102660126383e-05,2.0547707257889625e-05,0.07456943838842575,0
0.8887735288924584,0.03171060372490361,4.4454293787474374e-05,3.422660731973427e-07,2.9536998687635922e-05,2.0471996269715337e-05,0.07942106182782,0
0.6858697354098858,0.12404751678638708,3.908739006188623e-05,2.73174193190304e-07,2.3558241289513987e-05,2.5164573467024503e-05,0.18999466442471546,0
0.7348141391297041,0.1346292874610058,4.489303853047755e-05,2.9647709147839775e-07,2.5567857550130076e-05,2.7477236916409323e-05,0.13045833879920168,0
0.6844639752837075,0.2968488604263553,3.65908906109022e-05,2.9669212560633003e-07,2.4897621158154988e-05,2.1536498733028168e-05,0.01860384258730957,0
0.7284051606509582,0.2563752292173461,3.653410929142574e-05,2.646046623368909e-07,2.2793176012033826e-05,2.554867964035862e-05,0.015134469562089668,0
0.6948204557455526,0.28466947145125165,3.6715679811167384e-05,2.99106276250105e-07,2.555148728788883e-05,2.6978038454362997e-05,0.020420528491366125,0
0.786588945733565,0.2040354189093148,2.8482292301377753e-05,3.0900584557726667e-07,2.6188791208112486e-05,2.796304573346839e-05,0.009292692222031669,0
0.838059941211082,0.15495809232723953,2.6127749808098093e-05,3.0620423675596276e-07,1.846020891688242e-05,1.643983143741259e-05,0.0069206324672793145,0
0.8431117376748495,0.15139960804304023,2.5388657266262305e-05,2.3943797785106435e-07,1.715327298801721e-05,1.643857435925482e-05,0.005429434339518583,0
0.7855725196785968,0.2119303043657241,2.0603051125749117e-05,2.243825066261556e-07,1.6628622876723125e-05,1.4042324178917172e-05,0.002445677574990979,0
0.7156282342286825,0.2777125269924194,2.889454379322394e-05,3.0175963862154895e-07,2.4610834747066073e-05,2.208579520048773e-05,0.006583345845518785,0
0.7841709959629498,0.21211601641197536,3.133848503047096e-05,3.1347058597216837e-07,2.388340595497944e-05,2.2021692233760715e-05,0.0036354305712695354,0
0.7805098206397713,0.21579452727412582,3.1192170401837615e-05,3.1184356381252384e-07,2.3771897958680174e-05,2.1918876296170636e-05,0.003618457297882503,0
0.6448497398120501,0.35180855358707214,3.206393359405069e-05,2.837923967176097e-07,2.1633551815987057e-05,1.994721443469231e-05,0.0032677781086365466,0
0.6444982394848259,0.35233744142418577,2.9183249829773312e-05,2.807925138089817e-07,2.289108549774024e-05,2.190338239549266e-05,0.0030900605807514846,0
0.635834882926339,0.36163927196173357,2.8893616409989003e-05,2.4632799983636505e-07,2.4950850426097043e-05,1.921495805548137e-05,0.002452539359035825,0
0.5839887873138175,0.41286460476748615,3.1647540179595224e-05,5.856338401732143e-257,2.3085471445176694e-05,1.3421752341975312e-05,0.003078453154729665,0
0.5738486886462758,0.4232888347941052,3.771062770133856e-05,2.4027786316961036e-07,1.7279676526877344e-05,1.1624470814274173e-05,0.0027956215067132203,0
0.7636101116508857,0.23307105275420473,2.6483780578183952e-05,2.1479773726833378e-07,1.9143458982211554e-05,1.274570671022991e-05,0.003260247850901891,0
0.5039545772847834,0.4930243710904657,2.661005119493421e-05,2.1957252617850452e-07,1.710834153731457e-05,1.3334090266074834e-05,0.0029637795692263893,1
0.41521227736643246,0.5839832520141737,3.664726080995225e-05,2.555245458510671e-07,2.151498604637237e-05,1.803948788334356e-05,0.0007280133601082595,1
0.35909557466412606,0.6402875064903457,3.745533612260568e-05,2.4248084057734927e-07,1.7944079467009063e-05,1.8787119732440344e-05,0.0005424898293655626,1
0.6931012316485247,0.3067536007166742,1.911230866641489e-05,2.04737152835647e-07,1.5650437006321037e-05,1.5144134005682164e-05,9.50560179697877e-05,1
0.6862729658595857,0.3136540872941362,1.886289591790537e-05,2.0206536383819924e-07,1.4204084859526209e-05,1.4620753320384585e-05,2.505704681629297e-05,1
0.6934595813502467,0.30647331672774253,1.7294480900561615e-05,1.8526400139055796e-07,1.4161878930256903e-05,1.2486698606495975e-05,2.2973599572137075e-05,1
0.6674220654422557,0.3325103858610665,2.5785337406379086e-05,2.370553618594893e-07,1.9851620064565767e-05,1.6412330257488916e-05,5.262353587510285e-06,1
0.7024358186921409,0.2975058181133493,2.091773584566285e-05,2.1959847381633155e-07,1.6235298042138695e-05,1.4800288980747921e-05,6.19027316755974e-06,1
0.6702378002484553,0.329708941629642,1.927714788920096e-05,2.096533868045086e-07,1.579009652903814e-05,1.2359129375839912e-05,5.622094721815133e-06,1
0.6131824497055276,0.38675846473326936,2.4143273395543057e-05,1.8493564173939637e-07,1.4080667368437321e-05,1.1194547696442259e-05,9.482137100858142e-06,1
0.547462329792477,0.4519541391003876,1.7922225659411427e-05,1.5445563086015042e-07,9.940411329196804e-06,1.309265153620843e-05,0.0005424213629796213,0
0.6140364963772627,0.3848351934594049,2.760587674850441e-05,4.0088362097493156e-07,1.720054551155696e-05,1.8095087272230264e-05,0.001065007770179422,0
0.5421792042755262,0.45648098414474764,2.9471064952917014e-05,2.5212303038127424e-07,2.221119151020472e-05,2.3295982405173175e-05,0.0012645812178275105,1
0.742732995243536,0.2557520785128605,2.6417601381487145e-05,1.8875066501435413e-07,1.7216615559631715e-05,1.5800145085109994e-05,0.0014553031309123782,1
0.7463072269601324,0.25199122892445924,2.821325468538023e-05,1.8965898417849974e-07,1.729946656232011e-05,1.587617964941733e-05,0.0016399655555272554,1
0.8766963175276138,0.12126135055051765,2.5751343991525675e-05,2.0057740093370094e-07,1.851043926590998e-05,1.9012257107082376e-05,0.00197885730410306,0
0.6345285560229021,0.3651589916208767,1.7555258130381437e-05,1.4881845894187583e-07,1.1040153254218595e-05,7.67900838260044e-06,0.0002760291179947695,0
0.5746169887063319,0.4236957416168667,3.193787011049725e-05,2.2588373389196712e-07,1.887770520076947e-05,1.7650166297763024e-05,0.001618578051458706,0
0.8993483900267506,0.09897294070598456,2.2464201919623583e-05,1.136714712847074e-07,1.0960082219346704e-05,8.71175193159152e-06,0.0016364195597229506,0
0.9842105558248154,0.014439565087880947,1.397726749973349e-05,4.7198996971790766e-08,7.351189753720498e-06,6.01499101814336e-06,0.0013224884400349815,0
0.6524674539308615,0.12661913644415587,3.3096309463581445e-05,2.480152014549201e-08,1.600144129340232e-05,1.3666423998407574e-05,0.22085062064870706,0
0.8581433044439176,0.13383740846728265,2.6720441114858336e-05,2.2309610412164037e-07,1.6108925027649133e-05,1.4494771418403064e-05,0.007961739855134724,0
0.8393876953174182,0.15975898643370662,2.0821851674040973e-05,1.873492196203916e-07,1.3491490736448533e-05,1.3030389514669961e-05,0.0008057871677301201,0
0.8224581805117454,0.17673210913546197,2.3068135370169992e-05,1.9819712187682127e-07,1.3569526661986966e-05,1.399163882172462e-05,0.0007588828548166067,0
0.820951474267917,0.17876030756658745,1.8336735629275175e-05,1.7993876264349632e-07,1.075505255622831e-05,1.1690796861274147e-05,0.00024725564168628645,0
0.8194592131331765,0.1804674279707109,1.917478220488483e-05,1.9912418068303251e-07,1.122449965272737e-05,1.306350921899005e-05,2.9696980855324535e-05,0
0.7969631586804273,0.20297743348586544,2.0175724486784688e-05,2.0951865659752497e-07,1.0649621400226398e-05,1.2654223826364613e-05,1.571874533716774e-05,0
0.7665101986948512,0.2334435997469118,1.8968499825284055e-05,1.9698200199289405e-07,1.001239592669164e-05,1.1721241813369897e-05,5.30243866947634e-06,0
0.33803313351132824,0.6618959954360187,2.6767185918369573e-05,2.5632918195765345e-07,1.4879569588182276e-05,2.031654579015973e-05,8.65142217437042e-06,1
0.29862370228179064,0.7013076293380591,2.3786935337086153e-05,2.2778956647999689e-07,1.8910972287099994e-05,1.8054507577198276e-05,7.688175382469086e-06,1
0.26182088863461844,0.7380998279922415,2.47317310298714e-05,2.3683716333187794e-07,2.924648883413355e-05,1.877161639145148e-05,6.296699721025933e-06,1
0.41120658495795004,0.588361471671033,2.0971675227533845e-05,1.9663278805059678e-07,0.0003813950266627042,1.422911219830446e-05,1.5150924140392592e-05,1
0.3111946118010814,0.688303158522666,2.2124125743686734e-05,2.297522008316583e-07,0.0004585764727360236,1.5114765857172791e-05,6.1845597149074885e-06,1
0.2663905525929417,0.7330905165400688,2.285984340713653e-05,2.373924011417904e-07,0.0004738260159244442,1.5617393637762187e-05,6.390221618823212e-06,1
0.07151090215526516,0.9216948571106707,0.0028949127942969853,2.589320491521754e-07,0.002092389910109772,0.0018010574943312207,5.621603277040091e-06,1
0.08583326717284198,0.8796138596244528,0.004216217170229073,2.1906124191861145e-07,0.02818273862079624,0.002146279231036815,7.419119401278396e-06,1
0.0781606828864324,0.8250871856057524,0.0038774978215767313,2.0306914261923507e-07,0.09027752975755547,0.002588903974927224,7.996884612783185e-06,1
0.05142059597173206,0.840770948822534,0.004350585527929364,2.1806753160098947e-07,0.10096492278605776,0.002485862856047611,6.865968167721179e-06,1
0.06679746795666444,0.8715166046776937,0.0002552885383246866,1.8142845153736237e-177,0.0609310683663538,0.0004941348740961559,5.4355868671908535e-06,1
0.029650850651195576,0.8723609514573556,0.0008863450626968059,1.9297077059833984e-07,0.09163083504168884,0.005464599763599431,6.225052693063677e-06,1
0.028839842733153525,0.8969209453337256,0.0020600431739004155,2.113405118495576e-07,0.06127383142403646,0.010889034116476067,1.6091878196181678e-05,1
0.06742617057910492,0.8449478385872349,0.0021048235457949726,1.7404526148654135e-07,0.07757967674720236,0.007937151403443728,4.165091957384967e-06,1
0.06761845570201486,0.806196514660072,0.0007439249762500365,1.6630396529780343e-07,0.12365866147218195,0.0017716301431650735,1.064674235058013e-05,4
0.024428116476902864,0.899484239091083,0.020817559823062718,1.1081406434574157e-07,0.05122310251768909,0.003925153045441112,0.0001217182317570013,1
0.01947136619287269,0.8725660036488598,0.034456797080190366,2.2911729704962244e-07,0.06924032085483865,0.004147207450538521,0.00011807565540307113,1
0.024267382251237313,0.917736283720437,0.03173548378982893,1.7378022822689373e-07,0.023738995365465965,0.002512048173458266,9.632919344138068e-06,1
0.012968415954721216,0.8963258612353574,0.038552893875073074,2.0296966090858533e-07,0.03297039603485814,0.01917474918758816,7.480742741299328e-06,1
0.009227482679353811,0.7787083710201098,0.143391752724607,1.8186964555100415e-07,0.028381254983265197,0.04028769446518923,3.26225782950072e-06,1
0.011885923256333487,0.8288028263759907,0.10198615022834184,2.003618706197158e-07,0.0262704987956478,0.03105080702264113,3.5939591743432044e-06,1
0.01650781158494118,0.7165350231792432,0.12369645610344926,1.5186712821556695e-07,0.014950871479604805,0.1283065406311319,3.1451545014287897e-06,1
0.04463953118292354,0.2627537201641855,0.09134724393733641,1.400988927125134e-07,0.028091365465701786,0.5731456569160529,2.2342234907226385e-05,5
0.006384633242277756,0.10675773200023574,0.00962362204170526,4.243256975428266e-08,0.0009616013943998503,0.876264484170945,7.884717866576256e-06,5
0.021127556232766374,0.30033946031853564,0.001397237766321616,8.874693273995536e-08,0.0010088457959376745,0.6761234522889357,3.358850570387266e-06,5
0.0026744992166776622,0.04224577904359978,0.0002536424809832847,1.3253217165816514e-08,0.00021425433305115375,0.954611031001738,7.806707328571183e-07,5
0.0013394031089016,0.058725254972272434,0.0019146025350881132,1.601046022372161e-08,0.00047201935142257925,0.9375471624098873,1.5416119678582442e-06,5
0.0013502593308377193,0.06546379009928115,0.0021342970505575268,1.044760590761275e-08,0.000681237648419435,0.9303692441327114,1.1612905866516584e-06,5
0.05338501764518885,0.8966228324180718,0.011103412334649692,2.452901658782701e-07,0.011751374313198967,0.027132509384715297,4.608614009651222e-06,1
0.9499576188374681,0.009780396330691206,1.4945480687192876e-05,1.72688744441024e-07,1.312910529214692e-05,1.0091184757023883e-05,0.040223646372359576,0
0.9703547843107694,0.00611177984324879,1.4279770581035408e-05,1.9939202817669074e-07,1.2729537972577896e-05,1.033735419080842e-05,0.023495889791209538,0
0.9728782996057812,0.00612767420494366,1.4316906709030177e-05,1.9991056927211563e-07,1.2509815894811488e-05,1.0364237627498009e-05,0.020956635318474814,0
0.9647158589481987,0.006542024634726928,1.3201856090252803e-05,2.291311661986579e-07,1.0867017954940267e-05,9.525172074577612e-06,0.028708293239788456,0
0.9600529742237396,0.007487256716369525,1.4069410537781816e-05,2.3647951952299402e-07,1.1210372185931396e-05,9.826129351568028e-06,0.032424426668296036,0
0.9272528954557098,0.006553825123521912,1.5879325416055523e-05,2.878618975268679e-07,1.3904471458361198e-05,1.2863342630238186e-05,0.06615034441936622,0
0.9288123027139341,0.0680240899276292,7.549173600064118e-06,7.974878568181305e-08,8.711953355829256e-06,5.077942718472786e-06,0.0031421885399766803,0
0.9168308806824549,0.07812976587730606,7.106558400567986e-06,2.4288787848175818e-08,6.048658957723868e-06,5.314074316267099e-06,0.005020859859776824,0
0.9163612584398292,0.07959518509731935,7.4584948297382794e-06,2.5491635806686687e-08,5.942067122759741e-06,5.8929703216371504e-06,0.004024237438941511,0
0.9162898707731936,0.07955613292675333,6.180724273836958e-06,6.482231328616992e-09,4.260656945034812e-06,4.980292256801413e-06,0.004138568144345983,0
0.13338104374262452,0.7489182462709345,0.0004104132179797315,2.520176463203141e-07,0.09991519140683648,0.017365357610043628,9.49573393490013e-06,1
0.16276711267614138,0.7557019850233371,0.00035270848189734237,2.3066306877027428e-07,0.07906917908464044,0.0020994353608950168,9.348710020024286e-06,1
0.15041865018418438,0.7827536297406041,0.0003307732254800191,2.3465946432189907e-07,0.06410643142821686,0.0023805973989700054,9.683363080408456e-06,1
0.1453248788459595,0.778612394879214,0.00038597607272442425,2.1479158498650045e-07,0.07338348633175575,0.002282986854484881,1.0062224276657443e-05,1
0.11935915997421113,0.7973966166456707,0.00045147318102727355,2.199734865237616e-07,0.07988296346325112,0.002899351435349138,1.0215327004025992e-05,1
0.10969865174072768,0.8104278426088305,0.00041735766800298494,2.2356834026273723e-07,0.07649880888975738,0.0029467332562798315,1.0382268061585285e-05,1
0.22593631932836244,0.75003317109431,0.00022090931867753259,2.1911969013793765e-07,0.022208079081549432,0.0015865790491562896,1.4723008254393291e-05,1
0.3010360555051541,0.6785675944098927,0.00020889282323793446,1.908464861574601e-07,0.019342551344211194,0.0008318917853094064,1.2823285708598006e-05,1
0.10362794161352477,0.8944171119911016,5.401014500860277e-05,1.1931097262667797e-07,0.0018154747712745482,6.980382518864339e-05,1.5538342929432314e-05,1
0.11322880856765404,0.8859125240175281,1.4305052477231373e-05,1.2215167789024292e-07,0.0008309591975919741,9.814939964604803e-06,3.466073106373194e-06,1
0.14862404802244603,0.8513209074261242,2.4057108045316424e-05,1.558695503386959e-07,1.257369600310676e-05,1.1438042483479362e-05,6.819835347512689e-06,1
0.24759852525331616,0.7523458016715387,2.1506138952616056e-05,1.6613101804159067e-07,1.1803339022587771e-05,1.1915320425300148e-05,1.0282145726337097e-05,0
0.25225949643444795,0.7476761357382701,2.8966593544969213e-05,1.6517610006001095e-07,1.4218302678027493e-05,1.0794710813618354e-05,1.0223044145193206e-05,0
0.840974143784425,0.1567947115649725,1.796183877795972e-05,1.6865591539705983e-07,1.33419240860286e-05,1.0975197193547296e-05,0.002188697034629525,0
0.8468378056802834,0.15090093526628606,1.789662037443737e-05,1.6804353546854755e-07,1.4173441217448251e-05,1.0935346883779211e-05,0.002218085601419601,0
0.6590683122581825,0.3359344329547813,2.9641953760823828e-05,1.9687059004026936e-07,1.770818464101579e-05,1.3755824553688833e-05,0.004935951953490628,0
0.8298047126383833,0.16892055978761014,1.7148992724131736e-05,1.6078167880924608e-07,1.1440892171010256e-05,9.40458764334728e-06,0.0012365723197893064,0
0.8421042124359264,0.1568091810059852,1.727395396600315e-05,1.5893670792275725e-07,1.1679999412175398e-05,1.0022969694646339e-05,0.001047470698307716,0
0.9097776044263036,0.0876709752159736,1.787293022567954e-05,1.8593665962336015e-07,1.2911859800619901e-05,9.90017601124005e-06,0.002510549455025613,0
0.9326624641096979,0.06389936257869858,2.5657392109012206e-05,1.4875759268194116e-07,1.249547422180335e-05,1.1844314044475555e-05,0.003388027373635444,0
0.970458404184002,0.027265905254920918,2.025239677854164e-05,1.2001942582784142e-07,6.78452235426984e-06,8.716224884172225e-06,0.002239817397634206,0
0.9057343080272232,0.09053251781727628,1.7135776554150252e-05,1.340413835953258e-07,8.852914969624737e-06,1.0273667649145037e-05,0.003696777754943896,0
0.9148256551174786,0.08185954822905954,2.0384360609543406e-05,1.3639930877491477e-07,9.008646808253461e-06,1.0454391982085242e-05,0.0032748128547530455,0
0.940320297826874,0.055955549145979,2.020941232569258e-05,1.3947525724236186e-07,1.171576825108771e-05,9.635421455381255e-06,0.003682452949857838,0
0.9606890308439867,0.03530236488787277,1.4605759889936067e-05,9.421566255594291e-08,7.95315182324162e-06,8.801445175951598e-06,0.003977149695588965,0
0.9562856734888003,0.03591798762120246,1.621471569040779e-05,1.2575998567746201e-07,1.0074796021912168e-05,9.486575621501745e-06,0.007760437042677681,0
0.9547013907251108,0.036312580534168866,1.5701685295958724e-05,1.0843415451803992e-07,1.0045397124438885e-05,1.0129709225623789e-05,0.008950043514919754,0
0.8117298322711631,0.18096185052143596,3.1835549772110475e-05,2.3034324072048316e-07,3.427250446274016e-05,1.9698662003585586e-05,0.007222280147921798,0
0.8050309451540326,0.18671294970742455,3.157282349822392e-05,2.1237358739471595e-07,1.7605661823557307e-05,2.0126699824258202e-05,0.008186587579809303,0
0.794320649981771,0.19858485865680522,3.1640681246118804e-05,2.0954812606123357e-07,1.872757979275061e-05,1.985893012265988e-05,0.007024054622136134,0
0.8333117123557149,0.16106392068499878,3.4540986608719674e-05,2.2875610546632012e-07,1.8628836136607494e-05,2.1679275300510043e-05,0.005549289105134986,0
0.8739349406795174,0.11154012034441282,4.065395167734758e-05,2.6797841246383556e-07,2.3526583324029106e-05,2.539638348254914e-05,0.014435094079173606,0
0.9298489753225355,0.05078040938051172,4.325497648669478e-05,2.906174400609225e-07,2.503180543357057e-05,2.806032141854086e-05,0.019273977576174075,0
0.9003948592588493,0.021592436134107863,4.331428483373619e-05,2.7412133832068874e-07,2.2710919913151755e-05,2.0729767177767627e-05,0.07792567551377998,0
0.8757638407117662,0.021018546969273206,4.419932140341531e-05,2.797224329682041e-07,2.1705437872285126e-05,2.3425942796005708e-05,0.10312800189445588,0
0.8860276037489154,0.021311521152781003,4.649789299910607e-05,2.8499513683279634e-07,2.4102123653139235e-05,2.3867516458159066e-05,0.09256612257005632,0
0.3373879303164024,0.009044272311198458,1.730587782432069e-05,1.209474258737613e-07,9.91651630449647e-06,1.0512438710277091e-05,0.6535299415921341,6
0.9753544051237312,0.007603330481956816,4.665028285554341e-05,2.576993661812405e-07,1.322981365874329e-05,1.6726841116387063e-05,0.01696539975731516,0
0.955349045853222,0.016704714886354957,5.8070999847244845e-05,3.1739454975344237e-07,1.9577100370960935e-05,2.093073994938846e-05,0.02784734302570551,0
0.8047196940106726,0.14870109222671665,5.06363251989241e-05,3.2746565145275076e-07,2.791539149416931e-05,2.817925661952338e-05,0.046472155323646666,0
0.7353539785469978,0.22107951859820896,5.028497980708194e-05,3.26513100113088e-07,2.6342520975019096e-05,2.846920926729479e-05,0.043461079631643654,0
0.7332269117690555,0.2522442138241282,3.689813526821522e-05,2.685000059452788e-07,2.3818570974272987e-05,2.592479125177502e-05,0.014441964409315855,0
0.8096304390780419,0.17961718423223894,2.50736326614295e-05,2.528907695430249e-07,2.217579273790531e-05,2.2809607979540923e-05,0.010682064765570676,0
0.8616502893456278,0.1349610826861376,1.899666133523856e-05,2.45907494899563e-07,1.4204878802130384e-05,1.3198243322268977e-05,0.0033419822772802273,0
0.8581694444581592,0.1404766844305223,2.0495911914769408e-05,1.932949683639729e-07,1.3318614316408829e-05,1.3163422386800879e-05,0.001306699867732258,0
0.6517593330006234,0.3431066351574822,2.858639116775014e-05,3.2112985139822577e-07,2.525320194321153e-05,1.8148465387251878e-05,0.00506172265354485,0
0.7267107305769236,0.26859184135314873,3.0685058971926174e-05,3.067737198896293e-07,2.4590770095404648e-05,2.1562526848299312e-05,0.00462028294029214,0
0.6790461946380181,0.31706919495384744,3.22580378678596e-05,3.224995683442424e-07,2.458420733995551e-05,2.2667866085431093e-05,0.0038047777972729634,0
0.592198769021384,0.40550162968970693,3.411999439495807e-05,2.908846665117475e-07,2.9464047165572244e-05,2.086295532978883e-05,0.0022148634073522844,0
0.560093969347325,0.43749311737899105,3.063834326409643e-05,2.613393235967048e-07,2.645749529026085e-05,1.87340706888286e-05,0.0023368220251171563,0
0.5730492351577434,0.42447490899705226,2.102976925241861e-05,2.7837988949705657e-07,1.4382364524643777e-05,1.4556356083301953e-05,0.002425608975454411,0
0.5814873089872684,0.41589103681091166,2.5346574731347357e-05,2.9212211034582256e-07,1.5092349825601379e-05,1.527493047605502e-05,0.002565648224676647,0
0.474689108662709,0.5232551562415827,1.9690438998661617e-05,2.1157251434659778e-07,1.1506844617628114e-05,1.2656578362796361e-05,0.002011669661214794,0
0.5913699928397347,0.40628005044425025,2.3688496356023263e-05,1.9628617926703908e-07,1.5918996824457897e-05,1.1647264557000136e-05,0.00229850567209842,1
0.46561051367157924,0.5313309784584348,2.907375900995273e-05,2.3663269407752633e-07,1.9924305487899646e-05,1.3153131765616858e-05,0.002996120041028429,1
0.3166213608464272,0.6829175667426131,3.2054793287089286e-05,2.1085709692367807e-07,1.658392972458486e-05,1.658199308306374e-05,0.0003956408377680134,1
0.35694302635894637,0.6428804022420622,3.2584898725019845e-05,2.3807845740056091e-07,1.8241636957109765e-05,1.8446028454245026e-05,0.00010706075639779258,1
0.58824777689044,0.4116525415002402,2.106844462581572e-05,2.161758901492128e-07,1.7579873527385468e-05,1.666027876692331e-05,4.41568365095731e-05,1
0.6934568185535713,0.30647209571431466,2.1278489440570906e-05,1.8526326328442912e-07,1.4161822508234514e-05,1.2486648858521726e-05,2.2973508043537248e-05,1
0.6685752546502142,0.33136794956519255,1.9152368933645104e-05,1.8792913506174767e-07,1.4142431204236737e-05,1.359790452584047e-05,9.715150794434186e-06,1
0.5512743887488165,0.44858346010916356,2.483215809297751e-05,1.6645253308127703e-07,1.0021461590739142e-05,1.3827407866623305e-05,9.330366193640926e-05,1
0.5538729795263334,0.4456953171226042,1.8226969433509777e-05,1.570819448444488e-07,9.457294807815192e-06,1.304898207097898e-05,0.0003908130228052003,0
0.4932836993268211,0.5054611940740652,2.958944441503507e-05,2.4966338977364044e-07,2.074568834510023e-05,2.0888143371717422e-05,0.0011836336595921256,1
0.6352142477716078,0.3632904118481351,2.8957806028079998e-05,2.608847709603416e-07,2.4075951157919587e-05,2.2307168396077876e-05,0.0014197385699038971,0
0.7456797906102001,0.25235249831149126,2.8183566345781847e-05,2.8292462855476894e-07,2.446647162503023e-05,2.7477400331822405e-05,0.00188730071537734,0
0.6959240713882734,0.3034578829125829,2.8080247374992976e-05,2.66868889538485e-07,2.227345101004132e-05,1.9898456344415427e-05,0.0005475266755245137,0
0.774746122220937,0.22495646512811662,2.143594339591197e-05,2.1201351672044117e-07,1.5822008214222673e-05,1.6639753724495416e-05,0.00024330293209500422,0
0.7184838839242175,0.28113116590930853,2.438035704515483e-05,2.1462844312344603e-07,2.446144932987778e-05,1.2200691618173297e-05,0.00032369304003779286,0
0.5933112220055012,0.40623734005821005,2.23683731102925e-05,1.270687508764386e-50,1.3187289402561963e-05,8.46199525094392e-06,0.00040742027852490905,0
0.5874269410422731,0.41131956716862117,2.7001096561452327e-05,2.3906730811221404e-07,1.7999394994530284e-05,1.8541035686469192e-05,0.0011897111945551595,0
0.5835142130605051,0.4150727791821661,2.8687678346628125e-05,2.36478198599707e-07,1.9763112830910393e-05,1.6826163393171278e-05,0.0013474943245595024,0
0.8143403108919552,0.18402413735817547,2.706007944105714e-05,1.5158607372487409e-07,1.2668451875728645e-05,1.0900529433626006e-05,0.001584771103045386,0
0.9253346342393648,0.07293169271046099,2.3113294355434193e-05,1.1695595441223455e-07,1.1276768585053994e-05,8.963473862407806e-06,0.0016902025574168293,0
0.9380703414372318,0.06040855268344339,2.0818983585388185e-05,1.0534647539541446e-07,6.236355563743635e-06,8.07339639272706e-06,0.001485871797307791,0
0.9852964165563219,0.013446537307105776,1.3016032528867895e-05,4.3953060204827564e-08,6.8456388176108664e-06,5.601332217079984e-06,0.00123153917994882,0
0.984368446185571,0.01336971733829622,1.6821619804736652e-05,5.1265955488968615e-08,8.760895119881694e-06,6.909834079233778e-06,0.002229292861173525,0
0.8118809577530086,0.18567582702874913,3.1051360142356724e-05,2.1449653524219118e-07,1.5446437535656276e-05,1.5142288753745239e-05,0.0023813606352753557,0
0.7512948374553767,0.24812756167925115,2.8071095084113647e-05,2.2698365950020194e-07,1.572125365776098e-05,1.6023811809608115e-05,0.0005175577211610218,0
0.8146472036378218,0.1850755639017361,1.8041249891531013e-05,1.770391550413886e-07,1.058174119354603e-05,1.1502406528053897e-05,0.00023693002367381133,0
0.8176490356913773,0.18227996657103493,1.9367365616140613e-05,2.0112409982525267e-07,1.0222934570045267e-05,1.2147220764945054e-05,2.9059092536661565e-05,0
0.7832345947567576,0.21670878849250338,1.918780247402153e-05,1.9925939214965644e-07,1.0246026984141628e-05,1.2034598678296885e-05,1.49490632104229e-05,0
0.751929236973542,0.24802598726376615,1.842087896790461e-05,1.9129512881824895e-07,9.836500205393238e-06,1.1241197445447544e-05,5.085890944300802e-06,0
0.7209636726400533,0.2789900214467044,1.9153360627718254e-05,1.834173108975808e-07,9.431418496970193e-06,1.2661270415896269e-05,4.87644639089744e-06,1
0.42745060212629304,0.5724647088633413,3.136062131032182e-05,3.003170535249219e-07,1.9213926972522007e-05,2.380300644236793e-05,1.0011138586907354e-05,1
0.14387081813151073,0.8553309681841692,2.5720000009283855e-05,2.6709424254693884e-07,0.0007439556767968529,2.1169780075564626e-05,7.10113319579087e-06,1
0.05613813523659213,0.9391690027741156,0.0014969214573507912,2.485751705851812e-07,0.001552259658857636,0.0016380355500094988,5.3967479040464475e-06,1
0.05933151742681908,0.934729098986505,0.0018748637413151122,2.638374819748049e-07,0.0019973540794427846,0.0020611738246413187,5.7281037945360425e-06,1
0.057427740558838765,0.9376006882547498,0.0021633979337696576,2.6947668894446683e-07,0.001717663150464271,0.001084390090405924,5.850535082915984e-06,1
0.06870180728640717,0.9226901042231866,0.0019168767121824047,2.2933453588075597e-07,0.004845627260753721,0.0018403761632157538,4.979019718366504e-06,1
0.06831438220463092,0.9174868453395802,0.0017469491840112438,2.2804126639008129e-07,0.010997091312039886,0.0014495529765751766,4.950941896286627e-06,1
0.08480861330660018,0.8969238941911473,0.001707796109597057,2.229303468772566e-07,0.01455887883153111,0.001995754650664571,4.839980113162215e-06,1
0.08477249960377463,0.8892453621376774,0.0028943457448761434,2.1448571750466304e-07,0.021587122911609524,0.0014931909598281119,7.26415651668396e-06,1
0.06020438060162002,0.8719245497053432,0.003472411468474554,2.0846440181903494e-07,0.06156322659963613,0.0028281629326425005,7.06022788178166e-06,1
0.047030754936459696,0.8546299711027752,0.003148714152790213,1.9568642192392923e-07,0.09270959542096985,0.0024741412345979136,6.6274659850690216e-06,1
0.06477488411847596,0.6942809688659332,0.0026679588693659553,1.8677997415757388e-07,0.2365310530184605,0.0017381103151688944,6.838032621308229e-06,1
0.09378709206921805,0.3925219541180427,0.0021068068985791136,1.8407535420723415e-07,0.5099656210518884,0.0016144384508861938,3.903336031398412e-06,4
0.13013396555807938,0.5453349235582521,0.0038627586318679473,2.339158155987342e-07,0.3180634552235006,0.0025989362068861506,5.726905598229565e-06,4
0.03885284197935436,0.8556945053524303,0.0066603528805844305,2.389582556308049e-07,0.0967791948241428,0.002007015646767409,5.850358465127373e-06,1
0.033045501445497935,0.8758752041238925,0.004075973759474033,2.1101026991656125e-07,0.08541535510658735,0.0015825911465158088,5.163407762460793e-06,1
0.027070579920017105,0.9048691521154517,0.0024452789550792548,1.7821250420518466e-07,0.0645328172287546,0.001074232769954931,7.760798238311205e-06,1
0.10840665371761317,0.8219527137088561,0.00034475277616170856,1.5068073701206397e-07,0.06840945456067382,0.0008777221551087333,8.552400849181676e-06,1
0.029248432039796574,0.888572916232712,0.0016046161803275113,2.0465248370868754e-07,0.07113596535100604,0.0094222829049669,1.5582638707388696e-05,1
0.0030071600836196833,0.04311461662930237,0.0007486028402205128,8.219872261494826e-09,0.9529973544632879,0.00013190787070757463,3.498929897794529e-07,4
0.03237206778153587,0.7542072664681194,0.0003584674731757837,8.676576414023554e-94,0.2119372253117518,0.0011194764532573393,5.496512159701444e-06,4
0.01931787934891601,0.8708643814051573,0.03837099839470599,1.3302969920089537e-07,0.06748670783094676,0.003842755089568331,0.00011714490100626023,1
0.012909362805963366,0.9080271542303432,0.032240906660595293,2.0204541560207957e-07,0.03150214629259358,0.015311205013039305,9.022952049403705e-06,1
0.0169283755843464,0.33018086214712367,0.6184202152855505,1.423898582282346e-07,0.02148585536288132,0.012966454267355041,1.8094962884955552e-05,1
0.04889573679365906,0.48718862972735294,0.3769913231492387,2.0322994589886224e-07,0.050962661588464964,0.03592311812403653,3.8327387301914316e-05,1
0.0234548200392375,0.4960404040105672,0.15546056408493242,1.8083755483231076e-07,0.031715355658379796,0.29331213899937464,1.653636995350246e-05,1
0.005439206448532385,0.14616702272850807,0.012943688722302695,5.848583306514837e-08,0.0011558002850448749,0.8342872599132608,6.963416518163131e-06,5
0.011336490493981199,0.22772482877655875,0.01149513640197402,7.857361525589214e-08,0.001661335298928969,0.7477664253950428,1.5705059899001032e-05,5
0.004738992902234265,0.1116954875197509,0.0036832657319604213,4.1831732033958855e-08,0.0009405489294159598,0.878939899826493,1.763258413432627e-06,5
0.000276253467340242,0.008422224700377793,0.0006310111789150209,3.0766242822658852e-09,9.326201152747189e-05,0.9905770631417115,1.8242350370356948e-07,5
0.001252903352293324,0.040790627880277326,0.0029176061525708714,1.4900746618610608e-08,0.000365982539611409,0.9546718092461249,1.055928375369204e-06,5
0.0008808324531030648,0.0430048784843236,0.0035742620748770012,1.4554043075018624e-08,0.00028350873297805376,0.9522548536456952,1.6500549800136906e-06,5
0.0015854522285200113,0.08223709030265043,0.006152485363469234,1.3099525468697471e-08,0.0018308358982278728,0.9081933676007241,7.555068829114117e-07,5
0.03025763320585946,0.7622391305105436,0.017854219361341742,2.039439587621585e-07,0.018319900566150113,0.171325080627932,3.831784214298495e-06,5
0.9143851233325123,0.007349362632233518,1.3789425635589451e-05,2.3166695327603292e-07,1.1585904394259559e-05,9.63058684052676e-06,0.07823027645143046,0
0.9071199814331454,0.007664316220791419,1.4360190460017772e-05,1.812676343088931e-07,1.1653168067099915e-05,1.0029211145297522e-05,0.08517947850875661,0
0.9141590376918435,0.005974689400376933,1.565509141322527e-05,2.13132744693225e-07,1.3708124623048226e-05,1.2681697709425683e-05,0.07982401486128905,0
0.9394662443175124,0.05415835821112107,1.0269758914579518e-05,6.9888603522053494e-09,1.2159735974713842e-05,6.054120960742338e-06,0.006346906866656365,0
0.9321130095083301,0.06428250358116588,8.126219001136832e-06,2.7773782779390502e-08,9.70967301287535e-06,5.46609162692821e-06,0.003581157153080383,0
0.9056758117661641,0.08895845327983681,6.911191523799938e-06,7.2483321094400835e-09,4.601153887550645e-06,5.2048239115651105e-06,0.005349010536343935,0
0.9160799793414628,0.08167510578482884,6.17930847616381e-06,6.4807464657392375e-09,3.878186831354082e-06,4.622813628690818e-06,0.0022302280840256383,0
0.3632823046670574,0.6113677771221626,0.005108650715407461,3.595445130428752e-07,0.013957984731444087,0.006275540534231158,7.382685184124295e-06,1
0.5958533133014856,0.38984552188545823,0.0032898010116706906,2.3468330830961446e-07,0.008987945723738403,0.0020178142640231087,5.369130315589225e-06,1
0.5315682544227992,0.4547117938124577,0.0030935884895381886,2.6205472317764507e-07,0.008699887067969377,0.0019157034194851503,1.0510733027235368e-05,1
0.3692159681026571,0.5146785881026131,0.00151551435040495,3.8673014781172954e-07,0.10943029537323688,0.005125455649135595,3.3791691804601095e-05,0
0.2182383014738032,0.595378563038973,0.00040943833117490475,1.799134769941412e-07,0.18261593642635698,0.003352546330214832,5.034486000166401e-06,0
0.1778171349012516,0.6805761468429732,0.0004425699307614822,2.0402796995187133e-07,0.1359484452381651,0.005210089415983073,5.4096428957296445e-06,1
0.19385011370228444,0.6959552788868006,0.00033211356806046876,2.070778752505772e-07,0.10895118713689166,0.0009025544357690357,8.54519231843203e-06,1
0.17232539035242955,0.8244781286568913,0.00015777798941756028,1.68048925871499e-07,0.002713668101490896,0.0003057272040282714,1.913964681653318e-05,1
0.2017455361314171,0.7930125191199858,0.0001536258706850776,2.081607713887092e-07,0.004778815444239401,0.0002940000951651509,1.5295177736150615e-05,1
0.12920721799978058,0.8656013932539589,7.126631696265189e-05,1.5743067512558567e-07,0.005016061830291661,9.067587043068812e-05,1.322729790022777e-05,1
0.0930913671624372,0.9051629208474821,1.433648625330289e-05,1.4411871282753733e-07,0.0017011138196275366,1.1348411794382883e-05,1.876915369275875e-05,1
0.1457439277760927,0.8535530820722542,1.2724495416681136e-05,1.3438855956826476e-07,0.0006682577388359444,1.058222547588016e-05,1.1291303364950427e-05,1
0.1616039893559631,0.8383473942483874,1.9897810285596015e-05,1.5289451170241654e-07,1.2769789328522307e-05,1.121972775659516e-05,4.576173767210276e-06,1
0.21076525953806088,0.7891910458540393,1.679152012010393e-05,1.5358988724525643e-07,1.2827867274469477e-05,9.324644074006808e-06,4.596986543823847e-06,1
0.24793148284766542,0.752021491216096,1.8254741213882977e-05,1.6697378347388532e-07,1.3469453073593631e-05,1.0137198018109405e-05,4.9975701497529024e-06,1
0.22464749059342445,0.7752897430001948,2.4448112706422788e-05,1.8885723104748676e-07,1.47934486954579e-05,1.5072826552316344e-05,8.263161195578751e-06,1
0.24849902153433065,0.7514275994562319,2.710266289067176e-05,2.093631491726986e-07,1.6399705686816125e-05,1.6709418095478393e-05,1.2957859615232194e-05,1
0.3041492981758878,0.6957887985796753,2.3730861521196937e-05,1.833165958895142e-07,1.3191108799968207e-05,1.3452165654901088e-05,1.1345791864828965e-05,0
0.13741253536732378,0.8625308048188411,2.4230000333028052e-05,1.5707204260852015e-07,1.1296679366405784e-05,1.1259686100694479e-05,9.71637599223326e-06,0
0.2279050974943674,0.7720284381759719,2.991005450738249e-05,1.7055599404334595e-07,1.4681402127663154e-05,1.1146301629341253e-05,1.0556015402343067e-05,0
0.2800145062636216,0.7199299867568594,2.5447710744137138e-05,1.5619092472589523e-07,1.3437817418619278e-05,1.0438243322326008e-05,6.027017109182612e-06,0
0.7741038111794347,0.2258525594131031,1.4121512252489708e-05,1.9569996210422225e-07,1.3746038269801397e-05,1.069968140599981e-05,4.866475571969002e-06,0
0.7952170431272778,0.2047275839180367,1.3475877612817495e-05,1.5726716660839372e-07,1.237445659521127e-05,1.0667873051968254e-05,1.8697480258796603e-05,0
0.8351580203987399,0.1636752414071714,1.6477960318611678e-05,1.547227717477352e-07,1.2239709886121197e-05,1.00685050166536e-05,0.0011277972960955962,0
0.6404963220997609,0.3586817191067151,2.2762643381952044e-05,1.6648285798973495e-07,1.401048063626408e-05,1.1598281103820339e-05,0.000773420905543895,0
0.8769632987140334,0.11967522552068903,1.8566892277868804e-05,1.8013684088838665e-07,1.6650145717088344e-05,1.1643892851336746e-05,0.0033144346975902883,0
0.8907875780668318,0.10623063492353305,2.587485206262349e-05,1.651321470857594e-07,1.3057072570383634e-05,1.0083721536520812e-05,0.002932606231318508,0
0.925154658888507,0.07213430441483719,1.98931343793438e-05,1.5650233263087445e-07,1.2561806528916517e-05,1.0282347515935493e-05,0.0026681429058987714,0
0.9197341533881338,0.07734350253163251,1.6929507874662945e-05,1.5635918603343288e-07,1.2550316733000347e-05,1.0001644142623622e-05,0.002882706252297323,0
0.919510968115343,0.07751547759119032,2.01615342382622e-05,1.5341647830625026e-07,1.1422397568040961e-05,1.2890274299734728e-05,0.002928926670882479,0
0.9062842460725334,0.09153026470594876,2.233149117256598e-05,1.1143937635596246e-07,8.682929040182942e-06,8.872978828735502e-06,0.002145490383099921,0
0.9349981976750227,0.06250210084373363,2.2608013656234158e-05,1.3181444759059912e-07,7.451277658809594e-06,9.572820068566555e-06,0.0024599375554126193,0
0.9753695496435375,0.022331160005674085,1.9911326990906736e-05,1.0099402109683508e-07,6.670264490182014e-06,7.881568183830919e-06,0.002264726197102478,0
0.8923446468577134,0.10264132847778926,1.9220828119839415e-05,1.5035130662970885e-07,9.930122305983148e-06,1.0598740279278594e-05,0.0049741246224854156,0
0.8721300728461073,0.12264889111569428,2.001438824349299e-05,1.5655878118474092e-07,1.0340101992388924e-05,1.103632484088835e-05,0.005179488664340283,0
0.8792115269910952,0.11585657866427557,1.8905988671045422e-05,1.4788853435946028e-07,9.767465722521706e-06,1.0425131653956438e-05,0.004892647870047285,0
0.9644388828766883,0.03328488476332776,1.4211696164769552e-05,9.14680160092556e-08,8.323988049481719e-06,7.858878484003944e-06,0.002245746329269486,0
0.9516689453388553,0.04284691387984631,1.8530115855196324e-05,1.1926183293294056e-07,1.0853346507402415e-05,1.1141210024601838e-05,0.0054434968470784785,0
0.9537584566326209,0.03832019318674961,1.5952005773479367e-05,1.1130484426167644e-07,1.0048170929604493e-05,9.672931268240933e-06,0.007885565767813919,0
0.8908615275144407,0.038837233415956726,3.8854694769339897e-05,2.5732468951170626e-07,2.2997431406602224e-05,2.2743788181534947e-05,0.0702163858305559,0
0.8953871301036315,0.03903452769646589,3.9052077754034444e-05,2.586319064530036e-07,2.270602710671794e-05,2.28593272900309e-05,0.06549346613584554,0
0.8969425174105953,0.03965086781552074,3.9287328390873676e-05,2.627156043845927e-07,2.3064546506748575e-05,2.260241431371147e-05,0.0633213977690684,0
0.8871381169339697,0.03716103094497703,3.7124583980455626e-05,2.458666089833835e-07,2.1973408327039e-05,2.1152831691011786e-05,0.07562035543044557,0
0.79648339334256,0.19686821114202094,3.1726831182290625e-05,2.1011867501827645e-07,1.7418730740326303e-05,1.9913001194935468e-05,0.006579126833626522,0
0.7886188131573102,0.20516094566216245,3.2768736297897614e-05,2.1648725887381995e-07,1.9006029208315156e-05,2.0516553534652317e-05,0.006147733374227904,0
0.9215713741180298,0.05106776518845193,4.3499747430202296e-05,2.922619838979844e-07,2.517345523045709e-05,2.74682451176039e-05,0.027264426983756383,0
0.8972176547583165,0.015449303695772064,3.8533799861444004e-05,2.5889724561513685e-07,2.144960566339533e-05,2.434408262135147e-05,0.08724845516051971,0
0.5739960359645905,0.01497378616128919,4.638023553504177e-05,2.604153196130935e-07,1.8036784255831858e-05,1.789473985332585e-05,0.4109476056991566,0
0.6592577002671062,0.01597639797186613,5.778637742394149e-05,3.1921591734336337e-07,2.2168874411353212e-05,2.2534907567374577e-05,0.3246630923857077,0
0.9802495559421649,0.012358780552484116,4.2801336886966524e-05,2.3643752432618644e-07,1.3354575422896104e-05,1.5346770005536473e-05,0.007319924385511137,0
0.9769381543704897,0.009146376400173198,5.124281720520933e-05,2.8005387742865654e-07,1.4369920295558565e-05,1.81683113488226e-05,0.013831408126610142,0
0.9443227395233338,0.02078930826619885,6.65667429773032e-05,3.6382913108799663e-07,2.238101864222739e-05,2.3638333404519423e-05,0.03477500228631211,0
0.8359927522681222,0.07063818851234692,4.479225372286772e-05,3.7398249742378225e-07,3.105801748454896e-05,2.286611345834586e-05,0.09326996885236752,0
0.779266871856961,0.08880495234645026,4.028753432530018e-05,2.9606026982889955e-07,2.5238183917850138e-05,2.3943755893546867e-05,0.13183841026218232,0
0.7966925265218784,0.14893910953279163,5.1757935247634944e-05,3.4320044420809024e-07,2.9256731869553075e-05,2.6452441652616758e-05,0.05426055363611575,0
0.8338524576304013,0.1309634016801077,2.0387396351303208e-05,2.132257615860946e-07,1.3662099933718057e-05,2.0321888583484876e-05,0.035129556078861056,0
0.8385219364331091,0.1396046655457248,2.118313426436227e-05,2.173599761551366e-07,1.5453524301545006e-05,1.7332332538461932e-05,0.02181921167008569,0
0.9166276012946208,0.07680141980206034,1.1740791321899632e-05,1.0898443605521212e-07,5.650987408825421e-06,6.686405813774723e-06,0.006546791734338133,0
0.7868281148534719,0.21170533205041472,2.187205608396904e-05,2.036241016524876e-07,1.563421691607844e-05,1.2618257858234146e-05,0.0014162249411534132,0
0.6735045488177547,0.3227469634463134,3.0475394047935556e-05,3.108122250421428e-07,2.491449388690248e-05,2.1846385504149613e-05,0.003670940650267958,0
0.6436221722288095,0.35380565545431153,3.256629319912678e-05,3.1482070508951177e-07,2.5222588624124127e-05,2.21165397537883e-05,0.0024919520745969883,0
0.6190007799832512,0.37835931545580503,3.0323688849809074e-05,3.079789739413194e-07,2.3464998597640787e-05,2.163589976894135e-05,0.0025641719947537213,0
0.5075779382216463,0.48968974686804995,3.225866234729328e-05,2.751603415794142e-07,2.174362362090995e-05,1.9330350687947248e-05,0.0026587071133060795,0
0.4466179353510649,0.5517483565421595,3.103325722895561e-05,2.5483240293921797e-07,2.1586928213280706e-05,1.826762304564087e-05,0.001562565465884661,0
0.6347914451647448,0.3632414638874344,2.973272970068108e-05,2.3334131570435258e-07,1.9766411858164567e-05,1.2724115203928298e-05,0.0019046343497422166,0
0.657923885998573,0.3395676878260582,2.8343388159783727e-05,3.64559291940647e-07,2.1849639773934737e-05,1.2458574553341053e-05,0.002445410013589877,0
0.5277675766717456,0.46988444282482156,3.117589626960699e-05,1.2322431930758195e-07,1.9549600765423786e-05,1.4166351082485039e-05,0.002282965430995826,1
0.6207786273001673,0.37682068981468025,2.4904642162753807e-05,2.9248738311753406e-07,1.7032409516302385e-05,1.7099193347562234e-05,0.002341354152742633,1
0.5331568241169042,0.4654548609901098,1.8982794737428267e-05,2.3763075138386299e-07,1.4551189595365503e-05,1.4005350237830072e-05,0.0013405379276638883,1
0.45893124106419947,0.5397297070415648,1.8014188389036332e-05,2.2550552653961339e-07,1.3808708058074479e-05,1.338108743305467e-05,0.001293622404829186,1
0.35097316672644396,0.6476432477331231,1.8345946312991053e-05,1.5184610183450408e-07,1.1486491710022806e-05,8.284517220480552e-06,0.0013453167390877,0
0.35084673954439105,0.6479285933627457,1.8354029367388706e-05,1.5191300382365526e-07,1.1491552552115459e-05,8.28816730220482e-06,0.0011863814306377635,0
0.3762159522328708,0.6224642515600084,2.0415468386217707e-05,1.6555558276491448e-07,1.3426716064000066e-05,9.032487892626098e-06,0.0012767559791953037,0
0.36023028602828655,0.6392779026542686,3.5880499640174613e-05,2.398988878477865e-07,1.8868069204774282e-05,1.8865865825547997e-05,0.00041795698388651754,1
0.33541809994281485,0.6644421571317636,3.5402743006811964e-05,2.3670458213423754e-07,1.8616836771789065e-05,1.833958227456172e-05,6.714705878626064e-05,1
0.7008959267233695,0.2990508399513316,1.7304697788006164e-05,1.6979919816039178e-07,1.2778079767827833e-05,1.2286084775469418e-05,1.0694663769365111e-05,1
0.572645388103906,0.42729218774415445,2.2007769898613332e-05,2.039946621732389e-07,1.8597817754699065e-05,1.483870091943806e-05,6.775868704686506e-06,1
0.7090632376963286,0.29087861463723125,2.0258395458120794e-05,2.2344791217946235e-07,1.733689684067808e-05,1.4333774423708798e-05,5.995151805505809e-06,1
0.6235935304715219,0.3763500401679614,2.4553196362838018e-05,1.8807562055579022e-07,1.4718467949260421e-05,1.2040784541951283e-05,4.928836042087274e-06,1
0.44104397245509586,0.5580788968546296,2.1788316770836624e-05,3.0671448232573714e-07,1.364912490660002e-05,1.3844480130776408e-05,0.0008275420539840019,0
0.4046186617209031,0.5944695648950312,2.3397636881541272e-05,2.119357694298094e-07,1.7610725488251213e-05,1.7731653573472808e-05,0.0008528214323527654,1
0.7202070607010825,0.27924273559983337,2.777221857706148e-05,2.4854394828686476e-07,2.15237986612619e-05,2.074687458563353e-05,0.0004799122633118012,0
0.6657728085768888,0.3338814221795163,2.492215132802895e-05,2.6703062906366404e-07,1.636451697079951e-05,1.2471822387652745e-05,0.0002917437222790533,0
0.6357655448127738,0.36394094700616875,2.383244752287883e-05,2.3035138650251092e-07,1.6270786114670238e-05,1.5873922888057576e-05,0.00023730067314529094,0
0.9223422915546511,0.0759385087766327,2.3038550695438183e-05,1.1657774280999959e-07,1.1240301825101327e-05,8.934487823790709e-06,0.0016758697506291471,0
0.9383179262060016,0.0602568208760276,1.942132530011085e-05,9.827416211185428e-08,5.817685075443753e-06,7.531398301785546e-06,0.0013923842351312914,0
0.9678712843972773,0.024700710945992167,2.5281835806156826e-05,1.1930228247193109e-07,2.015014568966536e-05,8.192586844958094e-06,0.007374260786107301,0
0.7405512811920633,0.2582183958658801,3.819538854683873e-05,2.4316015042850034e-07,1.6841663460546908e-05,1.716578408613957e-05,0.001157876945812895,0
0.8133870948801104,0.18642022571652406,2.071749418761567e-05,2.0330119518338437e-07,1.1915119173225877e-05,1.4454070765712145e-05,0.00014538941804378356,0
0.8122342718796632,0.18769356236915108,1.9593932752817354e-05,1.9227566379006558e-07,1.083845324076915e-05,1.387523338011632e-05,2.7665856148059223e-05,0
0.7832186685856541,0.21670438196951747,1.918741231221388e-05,1.9925534043999678e-07,1.0245818643013729e-05,1.2034353968628804e-05,3.528260456417622e-05,0
0.7832319538295293,0.21670805778915606,1.9187737776177046e-05,1.9925872028255845e-07,1.0245992436367788e-05,1.203455809977859e-05,1.832083428209589e-05,0
0.5434754291678427,0.4564718314633986,2.1478236017099185e-05,1.566449685548106e-07,1.0733248701584365e-05,1.2238861640593551e-05,8.13237743074539e-06,1
0.33964297631818763,0.6602721337776267,3.129515191793656e-05,2.9969010245712733e-07,1.942684153991089e-05,2.375331455797241e-05,1.0114906067406972e-05,1
0.29652834951798496,0.7033919214477039,2.91936430742598e-05,2.795655348459031e-07,1.8778194213872237e-05,2.21582495862122e-05,9.319381901943695e-06,1
0.2584236281992517,0.7415073807797389,2.5207301861349188e-05,2.413913470464971e-07,1.6262496629344282e-05,1.9132579124091675e-05,8.147252047502805e-06,1
0.26868814420244613,0.7312333567015253,2.6897057293175243e-05,2.575728623118439e-07,1.739931490295465e-05,2.0415119384751102e-05,1.3530031585255572e-05,1
0.30350058011491815,0.6961147140967893,2.270916898220314e-05,2.174686097335108e-07,0.0003331192805481154,1.7236472780157948e-05,1.1423397372249959e-05,1
0.2441423250780013,0.7555262518909704,2.2728551631646435e-05,2.360289766738856e-07,0.000283397370146324,1.8707559848537808e-05,6.353520425067503e-06,1
0.053157711274274266,0.9415078679053361,0.0014292276208135008,2.632762091432092e-07,0.001644062187015281,0.0022551518181991434,5.71591815278276e-06,1
0.07227517772020106,0.9215290648031442,0.001853293593320822,2.7351512545088334e-07,0.0020371217866464518,0.0022991303690826186,5.9382124792557745e-06,1
0.0668808308283118,0.9273520022927878,0.0019684606103327956,2.5856107128349994e-07,0.0019005368101733982,0.0018922973482453334,5.613549077457291e-06,1
0.06319632892923768,0.8503191217587239,0.0034292919473365466,1.976496513520231e-07,0.08125660541377723,0.0017917603450528729,6.693956220455087e-06,1
0.051824788921485544,0.7053176845460379,0.002319291382099871,2.1532508245707897e-07,0.2375607420881505,0.0029693946653921483,7.883071751499569e-06,1
0.16908320120130158,0.6763914189627145,0.006665590164184885,2.6351767623992447e-07,0.14558131143869177,0.0022717630744787214,6.451640952229123e-06,1
0.12040040535152824,0.7921054886372894,0.00035450526902043665,1.9049429864382033e-07,0.08534350508000767,0.00178760952202581,8.295645829773818e-06,1
0.08708852279900943,0.8608755165804483,0.00028884077352377553,1.6485317567528245e-220,0.05091749052423385,0.0008170577715445943,1.2571551240126242e-05,1
0.04345970102787225,0.866266870596074,0.0007896291546000023,1.3843146616991717e-07,0.0872157256027537,0.0022646241077861557,3.3110794480671248e-06,4
0.018653317061817082,0.9280301455936907,0.026239133414575448,1.8337250566974542e-07,0.023436445700127047,0.0036250192800390143,1.5755577245161492e-05,1
0.01609329280216999,0.913968416865753,0.031118688793755622,2.0336740787156185e-07,0.03221851452611629,0.0065896106601933315,1.1272984603837755e-05,1
0.013862924736139095,0.909066214801824,0.027898570882899633,2.1696968563620357e-07,0.03408440685748636,0.01507797631128235,9.689440682610127e-06,1
0.019670333833095098,0.9136192393851208,0.024566794960644272,1.8771644420317063e-07,0.027242487653104892,0.01489403788838718,6.918563203531424e-06,1
0.013983370221345118,0.823100374159894,0.11502923348748414,1.9485538701089883e-07,0.02472575712524981,0.023155630390742143,5.439759897970252e-06,1
0.014618784407674543,0.8274879925862325,0.10621191499522312,2.0396745615049812e-07,0.024896163769745926,0.026779246132974315,5.6941406931512025e-06,1
0.009504965562869387,0.6773457324506219,0.264314011441621,1.663227879986788e-07,0.017996814393018618,0.030835326440535497,2.9833885458412743e-06,1
0.016425852816151765,0.7546493682083636,0.07122089153290777,1.8524738008506084e-07,0.016774589463535942,0.1409254560746944,3.656656966324746e-06,1
0.04736656718735401,0.4756016763844732,0.41695377581724996,2.2376459663363603e-07,0.03558286987309378,0.02446839429230979,2.6492680922792248e-05,1
0.006103079449747425,0.10512750832747675,0.008965351981389287,4.3024862456306177e-08,0.001729028858119769,0.87807042536087,4.562997534274807e-06,5
0.0013264751412374381,0.04706267997364697,0.003997402157814785,1.534309618576035e-08,0.0007082428072329784,0.94690458535667,5.99220301676016e-07,5
0.9733196765130736,0.003941280605128877,1.471073781732566e-05,1.733157578770162e-07,1.2410303965217003e-05,1.0127824715512287e-05,0.02270162069954169,0
0.8636420578135942,0.0076393531729352405,1.4286019143083062e-05,3.66386423009103e-51,1.2958804722884442e-05,9.58368451177155e-06,0.1286817605050926,0
0.835850576862429,0.007704379697198182,1.394636593859021e-05,5.274820821405306e-08,1.3069110662491565e-05,9.665261273484945e-06,0.15640830995429003,0
0.8928383876499285,0.10370901909100981,7.783820413033705e-06,8.163529434774885e-09,9.300555521692004e-06,5.2357776204707534e-06,0.003430264941977213,0
0.9167321767163539,0.07912919868240503,7.992127947356353e-06,8.381998592295638e-09,7.883103316349727e-06,5.375895437751802e-06,0.004117365092540963,0
0.8898310281288294,0.10446970332770425,8.108423427705344e-06,2.7712961087180137e-08,6.991741241815209e-06,6.406480088209927e-06,0.0056777341857476874,0
0.8785205910031901,0.1143916948908967,7.994791929090876e-06,2.7324591470391148e-08,6.657830360495348e-06,6.6861024047094715e-06,0.0070663480566274,0
0.7636078062540612,0.11544323143477665,7.497769937796083e-06,0.11170504360782722,5.726744307368221e-06,4.868472823285449e-06,0.00922582571626644,0
0.9037481985926712,0.09348266582507304,6.111685639888541e-06,2.0888512770137942e-08,4.068879591112695e-06,4.572224186466028e-06,0.0027543619043253966,0
0.910000516295281,0.08764498011293355,6.110020508895958e-06,2.0882821687177864e-08,3.879330183961542e-06,4.639539850209836e-06,0.0023398538184206145,0
0.5217577095632705,0.45865491489090743,0.0027128251900093553,2.988582401493864e-07,0.009637279387796866,0.007227302206146652,9.669903629223777e-06,1
0.35087409896752486,0.40993352609922307,0.0011426571445353115,3.080245745714385e-07,0.234536858166141,0.0034856370387121843,2.6914559289100557e-05,0
0.17318513489108986,0.6581232883832087,0.00045738414888325644,1.667225016756041e-07,0.16228612081475127,0.005942886680914537,5.018358650607916e-06,1
0.15548278909947097,0.7705622689660648,0.00038577027553442526,2.1215037588503975e-07,0.07120099446270335,0.0023589338252344954,9.031220616025235e-06,1
0.15920680422795505,0.7769012525802323,0.0003889437912306023,2.1389561804214565e-07,0.06156133538452266,0.0019289957565095282,1.2454363931868014e-05,1
0.169738545035325,0.7657461690351434,0.0003486922782402005,2.1082441242719246e-07,0.06226098540220039,0.0018862391809363098,1.915824374225134e-05,1
0.12373324322365581,0.8103336853636524,0.0003689957721110872,2.2310019951129912e-07,0.06304371539598412,0.0025034969389067315,1.664020549012029e-05,1
0.2767966554314001,0.7088045400428973,0.00023481490350106757,1.877970971686856e-07,0.013355334883843786,0.0007948922191962882,1.3574722064423321e-05,1
0.30524670889642913,0.6719734370032626,0.00020132776489906464,2.180676503268963e-07,0.02037291873798037,0.0021945869151229155,1.080261465580775e-05,1
0.19247314590641532,0.804915775381775,0.00012406511154846437,1.623666671200384e-07,0.0019958943943211836,0.0004776238724975917,1.3332966775144607e-05,1
0.16274072904332218,0.8342088292199267,9.673171605281588e-05,1.364335822688984e-07,0.00271023990032088,0.00022779481580856477,1.5538870986523884e-05,1
0.19212302185735758,0.7928510774224593,9.190421970394344e-05,2.0562427707455016e-07,0.014799599118570811,0.0001251110033816164,9.080754249702472e-06,1
0.18869622831070434,0.8112544836242022,2.01486035742994e-05,1.5482160402384176e-07,1.1994368196268343e-05,1.2356419561271672e-05,4.633852157559973e-06,1
0.19265942174974243,0.8072844326532433,2.252400292590358e-05,1.7307414130050216e-07,1.4455197233789147e-05,1.3813167216550034e-05,5.180155496642881e-06,1
0.21912530531980073,0.7808290190189519,1.8043886620868872e-05,1.650451234755921e-07,1.3313871791302147e-05,9.213012873413085e-06,4.939844838413831e-06,1
0.18136781676038757,0.8185610897680073,3.064087917066375e-05,1.958277769688579e-07,1.4091389268481785e-05,1.4045244158884305e-05,1.2120131230125563e-05,0
0.20688139408488582,0.7930585805159007,2.8211690192638764e-05,1.7454391863886494e-07,1.5016809166829537e-05,1.1400946791611446e-05,5.221409143754911e-06,0
0.2743826700554502,0.7255609355511988,2.5692425975129164e-05,2.1971991736222274e-07,1.4790573866709385e-05,1.1229186160547995e-05,4.4624874314262506e-06,0
0.33126904544659463,0.6686747676443242,2.6174199780200694e-05,1.6056573879368627e-07,1.4310130421464993e-05,1.0736237487918315e-05,4.805775652761976e-06,0
0.3445092573450193,0.6554070874659277,2.8710839313977712e-05,1.7612676469761003e-07,1.569697864855203e-05,1.1776726392433874e-05,2.729451793336246e-05,0
0.8392352241101756,0.16068493780239992,1.2876438551988991e-05,1.5027154930171612e-07,1.1824011358706507e-05,1.0193340707059806e-05,4.479402525731573e-05,0
0.8592371637523966,0.1403126646887159,1.2726342170532039e-05,1.4202634124637359e-07,1.1952325470015913e-05,1.0121975671325785e-05,0.0004152288892342951,0
0.8606476508925811,0.13826141083807458,1.2773595370949567e-05,1.5333965982510316e-07,1.2189660500250515e-05,9.683275921903503e-06,0.0010561383978913987,0
0.873539679113427,0.12514349006498143,1.3030957092496494e-05,1.5642913915241612e-07,1.379456466069341e-05,1.0148406368884137e-05,0.0012797004643304041,0
0.7673761540794527,0.23023227057480097,1.720686104876271e-05,1.7324973424780003e-07,1.4612552142830424e-05,1.0285358331167975e-05,0.0023492973244892334,0
0.5982133584844163,0.39901604139353253,3.380974902485876e-05,2.6936865078410153e-07,2.2392137000961037e-05,1.8878223903806006e-05,0.0026952506434707447,0
0.7351446402026914,0.26091789591931325,2.7673393286104683e-05,2.184334770908663e-07,1.753276793085106e-05,1.284684651558954e-05,0.003879192436785585,0
0.7349142447817014,0.26083612386360244,2.537618845122968e-05,2.183650197150514e-07,1.7527273135367774e-05,1.2842820294830402e-05,0.004193666707794906,0
0.8101310473970129,0.18535980762907664,2.343895896417604e-05,2.0169493721049985e-07,1.6189233326484175e-05,1.304825563450911e-05,0.004456266831048166,0
0.9021636203325009,0.09469981346361647,2.7540782549774164e-05,1.721856778281749e-07,9.733404173971357e-06,1.0788907708654649e-05,0.003088330923772209,0
0.9764110187608108,0.022355054247521773,1.182301997934212e-05,7.923638776499839e-08,4.854293567720514e-06,6.605138671537479e-06,0.0012105653030610706,0
0.972594374701641,0.025796623465524658,1.114338371194141e-05,7.975336166686388e-08,6.699194688779316e-06,6.6482335728536995e-06,0.0015844312674988103,0
0.9515569324391311,0.04546881211465331,1.8448068508470337e-05,1.1873376732157083e-07,1.0805290235602018e-05,1.1091879155384458e-05,0.0029337914745489685,0
0.9506240676806107,0.0439189208042762,1.9211516898079053e-05,1.2688581312092163e-07,1.1252452572723521e-05,1.1550901587734203e-05,0.005414869758241599,0
0.9491172661999697,0.044777129133166546,1.900675116821002e-05,1.2581571897676994e-07,1.1157554779902973e-05,1.0933996720443207e-05,0.0060643805484762395,0
0.8571622201738086,0.04027122479828489,3.373487992105183e-05,2.6808085200324294e-07,2.2022153349217317e-05,2.2454409178459157e-05,0.1024880755046059,0
0.8852633789760814,0.039059737267261474,3.911726364449132e-05,2.584289215200458e-07,2.2688206484919166e-05,2.223361481905283e-05,0.07559258624278727,0
0.8274443182805543,0.1622660661951052,3.245186234509471e-05,2.348025145943189e-07,3.7663366384655886e-05,2.008001345347989e-05,0.010199185479642924,0
0.8222406541675292,0.16775451552050585,3.224777780701134e-05,2.3332587937929743e-07,1.9385845577751564e-05,2.0654829951512313e-05,0.009932308532749106,0
0.8214968367813223,0.17198354369218816,3.4211653148216754e-05,2.255127514093769e-07,1.9798402744026133e-05,2.137190179738905e-05,0.00644401205604852,0
0.8359991603267546,0.1464345454742816,3.6841565648669284e-05,2.428483300607078e-07,2.132034226094837e-05,2.3014799071364456e-05,0.017484874643652854,0
0.8435717452204381,0.14168691714779352,3.5647106649262487e-05,2.3497482174952123e-07,2.0629104680904246e-05,2.2268624651621157e-05,0.01466255782096495,0
0.8901849094271396,0.08446205893813973,4.029099667190439e-05,2.655859241043666e-07,2.331653999918326e-05,2.5169646741720036e-05,0.025263988865383773,0
0.9175370263090429,0.016195582022119268,4.353572266817843e-05,2.755227428634428e-07,2.282702611098149e-05,2.3074230925380475e-05,0.06617767916639043,0
0.3977589261563773,0.0088205633872228,2.1575250054205365e-05,1.3904667500903152e-07,1.1400479256600835e-05,1.1822864715062075e-05,0.5933755728156991,6
0.6224054684387372,0.011152635257699502,5.5749954271968524e-05,3.045267865814682e-07,1.563384768954078e-05,1.976633179318598e-05,0.3663504416430219,0
0.9470754258961628,0.00798345822583201,5.4252865955228695e-05,2.9509892771792476e-07,2.3588515800901467e-05,2.0832379270742033e-05,0.0448421470180507,0
0.9549369614773722,0.01896172095722693,5.326385059161061e-05,3.179770134839816e-07,2.2562517145776833e-05,2.0969150807052327e-05,0.02600420406984293,0
0.9427168840999229,0.020173207962289576,5.5024187847093946e-05,3.284859567354735e-07,1.9633811396560966e-05,2.1342052904877585e-05,0.037013579399682354,0
0.9306477743491187,0.022022004818342343,4.841654917049136e-05,3.582061473564628e-07,3.0337852534343117e-05,2.3273002668696517e-05,0.04722783522201818,0
0.6392172057150471,0.02089960201152224,3.377727483211787e-05,2.4821844444825566e-07,2.115982247941677e-05,1.956138533919927e-05,0.3398084455723354,0
0.6603347233553727,0.3206426883965483,4.395213317846086e-05,3.129890302899892e-07,2.5251422048638462e-05,1.790648302278153e-05,0.018935165220798744,0
0.7113991184389188,0.277654868615988,4.045962773069726e-05,2.869540000374689e-07,2.4718358975412912e-05,1.641698728300298e-05,0.010864131017103835,0
0.8379154844093769,0.12257107276814266,2.0731897839472425e-05,2.036523110091616e-07,1.5508735314410687e-05,2.0866281592977038e-05,0.03945613225542242,0
0.8925489034985001,0.09007387985858364,1.2592878326843198e-05,1.335500385601429e-07,6.727712991759572e-06,8.535244690082705e-06,0.01734922725686896,0
0.9063037790349272,0.08808698033733725,1.3960045185007083e-05,1.3532377057278884e-07,6.812949788362298e-06,8.413811137395653e-06,0.005579918497854288,0
0.8492614662487886,0.1454826546765808,1.918195372791134e-05,1.9569666354025744e-07,1.4375244311749092e-05,1.2872272932298498e-05,0.00520925390699495,0
0.7807292203326208,0.21776533453815375,1.995131330135256e-05,2.2006082918272273e-07,1.553034229681872e-05,1.2979451755767245e-05,0.0014567639610423592,0
0.6234415667190116,0.37456403808881045,2.5476600141558307e-05,3.0412968148071615e-07,2.3059397900198342e-05,2.0693533750660396e-05,0.001924861530703951,0
0.5608165004295685,0.43760988719501887,2.8521167616804798e-05,2.8648336135458384e-07,2.3377184505516625e-05,2.093099976803466e-05,0.001500496540160844,0
0.6113120052143093,0.3864470132437089,2.9243546339883057e-05,2.925154677437079e-07,2.3435552966552933e-05,1.8681967224580003e-05,0.0021693279599830527,0
0.5718876710753494,0.42627670357768227,3.010398200282558e-05,3.0574754722945126e-07,2.4495671605877216e-05,2.147913931201186e-05,0.0017592408065001083,0
0.46117522885105644,0.5372049669798132,3.018223017333925e-05,2.4784411718020153e-07,2.099494846002397e-05,1.3827701267733602e-05,0.0015545514451119355,0
0.5901195332763919,0.4077296402827269,3.47197681189126e-05,2.499388579971994e-07,2.117239457409898e-05,1.3629180128237868e-05,0.0020810551592019316,0
0.36454757477500144,0.6342216465433715,2.1806860745950394e-05,2.059407719040968e-07,1.7717624183281745e-05,1.0278915993458518e-05,0.0011807693399323623,1
0.42447590748526515,0.5741445104133766,2.525702673512145e-05,2.3051944790159853e-07,1.9832192076856396e-05,1.2570238592304185e-05,0.0013216921245060584,0
0.28237614789694593,0.7160595464059476,2.2098908475539748e-05,1.535346909250681e-07,1.3676331576606057e-05,8.372255420061687e-06,0.0015200046669432907,0
0.454022306375713,0.5419382268697797,2.8475235766797765e-05,2.3176128520854267e-07,1.7440978647565024e-05,1.6820449654978692e-05,0.003976498329152807,1
0.4373244478310745,0.5614833291415852,2.6962013433907524e-05,2.2910502281390037e-07,1.754399243619778e-05,1.666557297249613e-05,0.001130822343474932,1
0.3442972954577441,0.6551058931115542,3.585367636684235e-05,4.1421406621229704e-07,1.7243702215296095e-05,1.645419106659927e-05,0.0005268456469868696,1
0.6167497432211617,0.3831730240305656,1.996558037067311e-05,2.1800261769321318e-07,1.47070912392363e-05,1.582024599498101e-05,2.6521828050142234e-05,1
0.5208798699050634,0.47900756492322794,3.285742454889073e-05,2.203621855079284e-07,1.4237691182747748e-05,1.829615488847898e-05,4.695353890328928e-05,1
0.4107535579920129,0.5882024101393672,2.6438817477479277e-05,1.7966244656196535e-07,1.6623638752864522e-05,1.7746171597080487e-05,0.0009830435783456967,1
0.3979100834413952,0.6009946205100746,2.7675247659308248e-05,1.880644891896157e-07,1.8016711955382468e-05,2.039971105353158e-05,0.001029016313372711,1
0.3701248940396159,0.6291615109033714,2.320986473572178e-05,2.0368697619146744e-07,1.6679367875463203e-05,1.6220028933207634e-05,0.0006572821084923155,1
0.4211029459682134,0.5779177554675767,2.545126204944683e-05,2.2482012271764026e-07,1.897665102335254e-05,1.7563000406048196e-05,0.000917082830608106,1
0.44839253448725985,0.5505395224619959,2.6652090016775533e-05,2.305576898408123e-07,1.9460948459468804e-05,1.8011220487488853e-05,0.0010035882340905958,1
0.5022823126168056,0.49663005557070844,2.7665921705865054e-05,2.2281871452468627e-07,2.073184132794263e-05,1.9095731964805305e-05,0.001019915498772815,0
0.4243177095724746,0.5743547244970841,2.364490713556714e-05,2.3672521832362656e-07,2.02002877003916e-05,1.8493029250595097e-05,0.0012649909811364823,0
0.5744296652162779,0.42408682091112687,2.5635958917969925e-05,2.565245134164625e-07,2.199302791944247e-05,2.4500629680768284e-05,0.001411127731563783,0
0.541102870129226,0.45778557544210285,2.4957228491350577e-05,2.497328426626359e-07,2.141074670772033e-05,2.443865170290241e-05,0.0010404980689267026,0
0.7828972245430348,0.21699548818825218,2.3408429099460866e-05,2.796021507263411e-07,1.817322359367216e-05,1.589629047213557e-05,4.952972339688748e-05,0
0.52582367900814,0.4739744177517819,2.563206576444264e-05,2.086295377498224e-07,1.647131476774447e-05,1.1742074492689715e-05,0.0001478491555154701,0
0.5436733061944032,0.4560217022017629,2.1808341667301292e-05,2.1078748775427962e-07,1.4888897266790148e-05,1.1863528098814377e-05,0.00025622004931329356,0
0.6345341187447473,0.3651903271907339,2.3786286013523695e-05,2.2990521463229927e-07,1.6239270927456388e-05,1.4353120496428614e-05,0.0002209454818666873,0
0.4458030491116783,0.5529778440164994,3.197776322688469e-05,2.429238604631966e-07,1.862763885164003e-05,1.88401333562047e-05,0.0011494184125271794,0
0.9634427154381616,0.03394135951598207,2.1198172780796563e-05,6.46040390189877e-08,1.705173943762927e-05,8.006220978398682e-06,0.0025696043086203308,0
0.9212598232846151,0.07456142193702027,2.3171212535084474e-05,1.1724902712937519e-07,1.2482150142163982e-05,8.051584392350663e-06,0.004134932582268,0
0.9617594055163509,0.030193733613408998,2.7860318795359114e-05,1.4097638469170738e-07,1.8557367616375067e-05,9.680965449649026e-06,0.007990621241993739,0
0.7837055293853105,0.2159155637350563,2.3903277283617614e-05,2.1037050152890187e-07,1.2573976651746331e-05,1.3667976609639346e-05,0.0003285512785866813,0
0.7939426419931684,0.2057468667060541,2.2777535440405263e-05,2.0046295314803767e-07,1.1748774887531392e-05,1.4151594185746164e-05,0.0002616129333105131,0
0.7723509622141035,0.22751727744441502,2.0351002368243126e-05,1.8756892330634994e-07,1.0573137362287069e-05,1.3535579773498167e-05,8.711305305414521e-05,0
0.4066886721453021,0.5932510215644492,2.5575955386175745e-05,1.8653043592766276e-07,1.0286044094922398e-05,1.4573849502733717e-05,9.683910828929324e-06,1
0.24257764818103114,0.757341934904082,2.6654932887958298e-05,2.5525421921986875e-07,1.9867147393053405e-05,2.0231344684619873e-05,1.340823570199448e-05,1
0.3430910185979492,0.6565309597256673,2.5804350530691633e-05,2.4710883253294963e-07,0.0003194041052370437,1.9585744677864935e-05,1.2980367105283746e-05,1
0.16931309640574344,0.8303623803195271,2.3342203017257175e-05,2.2353069996785977e-07,0.0002756961559982483,1.7716951564858235e-05,7.544433449149635e-06,1
0.056775520399138274,0.938654628272351,0.001208839232714075,2.79084979034706e-07,0.0015437193440005362,0.001809523331262021,7.490335554772933e-06,1
0.052135283458857144,0.9422576092845435,0.0012990584819494904,2.624444786443415e-07,0.0013524974083969164,0.002948245199047369,7.043722726829728e-06,1
0.07090931000680172,0.9235396658790412,0.001857337127306893,2.741118834116571e-07,0.0018623324661895494,0.0018251292402481434,5.951168528994963e-06,1
0.07122416012136204,0.8749354793587758,0.0029198182443331672,2.0038331903446277e-07,0.04882910755578438,0.002086883868699956,4.350467725554791e-06,1
0.0637746806844235,0.8623349668860125,0.004604011055768154,1.9475806206117906e-07,0.06555816238358293,0.003723132380170327,4.851851980487477e-06,0
0.11098214022587673,0.41503398040479694,0.001651627726820055,1.63317700524323e-07,0.4701151406696561,0.002213484487211014,3.4631679388433425e-06,4
0.08579594335510454,0.8403859458187066,0.000367038162850683,1.5092094768220092e-07,0.07214678084256272,0.0012891566912363757,1.498420859149756e-05,1
0.04549985539228236,0.8791651142837592,0.0009139013180372235,1.8415229557393198e-07,0.07083580216532027,0.003579202111191369,5.940577114046233e-06,1
0.05062536780916324,0.8647991006020522,0.002108533717925724,1.9336228527900255e-07,0.07011727567350866,0.012345520961444192,4.007873620402578e-06,4
0.019355171068266765,0.9267676253224508,0.025214567311424917,1.8312304016833327e-07,0.02509184343001371,0.0035624318289338985,8.177915869341275e-06,1
0.021592582228279887,0.9181219980957956,0.03032131094831267,2.0429162257367863e-07,0.025682726220321226,0.00427205495241982,9.123263247939832e-06,1
0.015661364163436994,0.9091398573340093,0.02472099619439182,2.0563264214110322e-07,0.033062905277621055,0.017407092507101884,7.57889079670918e-06,1
0.019073558561375544,0.908572415816124,0.03143130865336805,1.8922166984973839e-07,0.027694286937368917,0.013224322046410613,3.918763683020469e-06,1
0.06202370330277651,0.6977129391257194,0.155360502533175,3.1517603983241493e-07,0.055647786209885156,0.02919486117842438,5.989247397981777e-05,1
0.0562860528541087,0.652070179333255,0.20250284357004197,3.0419134190652713e-07,0.05370831732739967,0.03537449765707261,5.780506678017083e-05,1
0.05690768059274092,0.7117399236309322,0.048944242944484115,2.8007279689578353e-07,0.05248474014778341,0.1299162756552061,6.856956056386272e-06,1
0.008537567102124577,0.19485060086371214,0.024180324346055996,1.190940188906739e-07,0.004436212646006671,0.7679908440655168,4.331882564966779e-06,1
0.025835163504585756,0.5145266981744016,0.010787710053608884,2.0426700258269405e-07,0.010475792499365314,0.438364738569121,9.692931914885363e-06,5
0.001590141809943271,0.06145974508646173,0.005110019041348079,2.0756194611676376e-08,0.0010212625253850135,0.930816564156863,2.2466238044127043e-06,5
0.0015254698863373063,0.05224690292328238,0.005168679578518803,1.7644832132112e-08,0.0009164335438693861,0.940140586569228,1.909853932019351e-06,5
0.004567237530508327,0.1322973228856825,0.006202004794818328,3.3783775827119485e-08,0.003986085973160575,0.85294661537311,6.996589444102903e-07,5
0.890561910058938,0.007738358766967684,1.9616782091495312e-05,2.198180594692229e-07,1.8799064562578693e-05,1.2588326442041107e-05,0.10164850718293852,0
0.973254572005032,0.006998910738162889,1.7569947181893662e-05,2.0619689019090778e-07,1.198009044137441e-05,1.097211590613991e-05,0.01970578890638566,0
0.9692675912622031,0.006366515489782695,1.696942398361059e-05,1.991492869914472e-07,1.2298331080937905e-05,1.059709997309955e-05,0.024325829243689562,0
0.9713738381832171,0.005768216809639029,1.6195540073124704e-05,1.9006716203916432e-07,1.1737470526180211e-05,1.1023929833632334e-05,0.02281879799954882,0
0.9191821806401913,0.006407201520935874,1.822373836158094e-05,5.7269451702523366e-08,1.5740117498077354e-05,1.2947171684763138e-05,0.07436364954187663,0
0.943366487456112,0.005850702694200737,1.6576207614134287e-05,5.2295301509794084e-08,1.4976436965450708e-05,1.1822642383075656e-05,0.050739382267423354,0
0.9338527189340574,0.008739731471528435,1.6409038010050035e-05,5.1767907967654526e-08,1.4825400908447392e-05,1.1703412068614388e-05,0.05736455997551925,0
0.9249200996391773,0.009498547042890335,1.6252079973127146e-05,5.127273029756617e-08,1.3677314387832636e-05,1.159146494639648e-05,0.0655397811858946,0
0.8695207810857867,0.12649852982586896,8.974404645687514e-06,9.412192547759018e-09,1.0723133917836183e-05,6.036622700372157e-06,0.003954945514887735,0
0.8559729546083921,0.13569917706078657,9.38524604571569e-06,3.504057087514787e-08,7.815760137110952e-06,6.767356386873169e-06,0.008303864927681003,0
0.9109682951650501,0.08728053257696013,6.160512249566692e-06,2.105539230548708e-08,3.782957547535123e-06,4.67787989221252e-06,0.0017365298529082964,0
0.1819470554164261,0.6563810557052676,0.0004339568570787628,1.662811415297249e-07,0.15828542084257965,0.002947339823826113,5.005073680169935e-06,1
0.11137772255241087,0.6506195293213592,0.00047001902252228413,1.735078641357704e-07,0.22139168294339306,0.01613612681830087,4.7458341496570516e-06,1
0.2598574312472975,0.6990679738950019,0.00014386491211671932,1.8521740311247233e-07,0.04042626538083361,0.0004969072482462053,7.372099101016314e-06,1
0.3474289826149415,0.6242741333588029,0.00018409619226268276,2.528724465907866e-07,0.026358258950255228,0.001746227234227841,8.048777063414675e-06,1
0.3908045810354449,0.5793178605248877,0.00020105361339461397,2.8444290917101605e-07,0.02777785584231653,0.0018892763600256953,9.08818102143071e-06,0
0.18786122838201652,0.8085481791722923,0.00012056243844206197,1.5822378803741956e-07,0.003117449539283326,0.00033942947573368555,1.2992768444158595e-05,1
0.1304862510437498,0.8658740911841272,9.008553025829718e-05,1.3600713239689673e-07,0.0033389885266699513,0.00019273495778034542,1.771275028193969e-05,1
0.19340793169254902,0.7868180234304003,1.9092620528481053e-05,1.986001592699136e-07,0.019733479874006237,1.5638471546176375e-05,5.635310810756081e-06,1
0.18222852709166648,0.8021831687464341,1.908209881482243e-05,1.9849071310953567e-07,0.01554745283868706,1.5629853372499173e-05,5.940880311875587e-06,1
0.11706436877167443,0.8828923942624264,1.374633750534815e-05,1.0753196262132749e-07,1.8552125478980655e-05,7.781333260427444e-06,3.0496376917379284e-06,1
0.17166294302228421,0.828284178605163,1.7961950535102068e-05,1.4050897504846407e-07,2.0404997010144816e-05,1.016764815112128e-05,4.203267881338383e-06,1
0.19115833038632743,0.8087792963563326,2.499991006449039e-05,1.9525383251009127e-07,1.575075008613739e-05,1.5583343750071342e-05,5.843999606859834e-06,1
0.15900698547657907,0.8409484449767513,2.0296108851831598e-05,1.4260306935541802e-07,1.1503514569001976e-05,7.780229913678914e-06,4.847090265849587e-06,1
0.14195608600495385,0.8579907855963256,2.3097875457193422e-05,1.622886416224415e-07,1.2712294257313751e-05,1.1639735848930923e-05,5.516204515244547e-06,1
0.128501621883504,0.871436486959617,2.6007900804777034e-05,1.6850902427913518e-07,1.319954545329669e-05,1.2085876812829249e-05,1.0429324783931569e-05,0
0.15514096102008706,0.8447998134054603,2.5525883455240106e-05,1.631375191411499e-07,1.1739061343059219e-05,1.1700619407922371e-05,1.0096872727418522e-05,0
0.2309926581998263,0.7689420927261926,2.7775422059501525e-05,1.7996105511630103e-07,1.2949650555517377e-05,1.3205928863714741e-05,1.1138111447122704e-05,0
0.19794366681674094,0.8019941437565202,2.934845149355968e-05,1.7592161159603543e-07,1.4405738314345625e-05,1.093701426122659e-05,7.322301058207849e-06,0
0.8291374929675863,0.17077570705231795,1.2970049505996924e-05,1.51364014662661e-07,1.1909971228667456e-05,1.0267445696903317e-05,5.1501149649354676e-05,0
0.4892769692827267,0.5095286129968905,2.458200688424505e-05,1.7616115609582777e-07,1.6566960004113995e-05,1.1661010235234302e-05,0.0011414315821032268,0
0.4823877808660053,0.5165067223025381,2.6138100126123087e-05,1.8416383285414914e-07,1.577337262712175e-05,1.2184361122682402e-05,0.0010512168337476996,0
0.4718506319721739,0.5253219789410791,3.18988956133557e-05,2.808056435601563e-07,2.2191794112819195e-05,1.4545041557221474e-05,0.0027584725498199527,0
0.7690432299851154,0.22641518656667717,2.1841320159536093e-05,2.3409300015632878e-07,1.7264754190968283e-05,1.4391846800917095e-05,0.004487851434055879,0
0.843916983769909,0.15251427726836797,2.3398583434044253e-05,2.0407989801811701e-07,1.6136688619419285e-05,1.2802707609599208e-05,0.0035161969021622985,0
0.7067829174797202,0.28908303025227927,3.4488773288975583e-05,2.290510771749762e-07,1.8111170900266947e-05,1.3471305185849721e-05,0.0040677519675481714,0
0.7160119958076175,0.27926375668961356,2.5566397763238754e-05,2.201171227301333e-07,1.7658650255729273e-05,1.186268120651547e-05,0.004668939656420357,0
0.9177295892054828,0.07884938595618327,2.3559109755861378e-05,1.7277681623680975e-07,1.4586713342013292e-05,1.31976161766636e-05,0.0033695086222431496,0
0.8900828466485621,0.10670675863463858,2.930536996898038e-05,1.5681525153273e-07,9.814847676247956e-06,1.1480172409476488e-05,0.0031596375114929048,0
0.9587802068403855,0.034928694001878806,1.7208268247939915e-05,1.0833780966237834e-07,9.145263378376556e-06,1.0428095316921342e-05,0.006254209192982547,0
0.9509755180573729,0.044017142931450315,1.8750192279983963e-05,1.4099662873350028e-07,1.0982248329441521e-05,1.1273530712134668e-05,0.004966192043226543,0
0.9482751012877448,0.04634221623797591,1.8950551589530043e-05,1.4250327926590717e-07,1.1099601562928063e-05,1.117454073860597e-05,0.005341315277108799,0
0.9392977083847663,0.05479956864406675,1.8415551596292855e-05,1.216287214987978e-07,1.0786244628009987e-05,1.0834369213833917e-05,0.005862565177007257,0
0.9353523218019694,0.05981764659760582,1.6024794213303326e-05,1.3863443467015784e-07,1.2171109414596243e-05,1.1244080995294702e-05,0.004790452981366946,0
0.8964921809769921,0.03955517632686536,3.961343237654647e-05,2.617068693714681e-07,2.2975986804793688e-05,2.0708303325286738e-05,0.06386908326676656,0
0.8879647100624244,0.03917892584436774,3.914049975973216e-05,2.5447532719068064e-07,2.3166594507772616e-05,2.1246479703116327e-05,0.07277255604391021,0
0.8854065055251219,0.09184204068220424,4.217866605380102e-05,2.780288631876811e-07,2.440894084016116e-05,2.634886729797473e-05,0.022658239289618666,0
0.8966732946903966,0.05324090540345141,4.284223259895174e-05,2.824028908528117e-07,2.4792949109257057e-05,2.7729352448724677e-05,0.04999015296910414,0
0.9538670299154313,0.022389222711295082,4.082107254629801e-05,2.742647567406605e-07,2.2722802111998448e-05,2.6421169936856948e-05,0.023653508063921427,0
0.9426370473788013,0.016272554122096716,4.5041886622943505e-05,2.850547409235611e-07,2.3616751003913424e-05,2.3872508127957758e-05,0.040997582298606096,0
0.8478288832473954,0.016264012108459958,4.115411681750143e-05,2.5638462156100644e-07,2.1682523850405494e-05,2.0900148461031913e-05,0.13582311147039422,0
0.5822901956732318,0.010889907540030242,2.4514042674693944e-05,1.9842280387584208e-07,1.4517984762357298e-05,1.437666843144478e-05,0.4067662896680656,0
0.5826939383438002,0.01265405458766762,2.8542432990718623e-05,1.9947753205274038e-07,1.7202722471889838e-05,1.5956045924873738e-05,0.4045901063896126,6
0.44596062370141265,0.014487017165741377,4.482191716308711e-05,2.90059431642731e-07,2.0581584901460448e-05,1.912811211880482e-05,0.5394675374592312,0
0.9285653829817143,0.01838512342823409,5.389653105606697e-05,3.217540187575954e-07,1.945525885780435e-05,2.1218227280579962e-05,0.05295460181883862,0
0.6814781173107266,0.298611453027571,4.213335173474367e-05,3.0003724389848277e-07,2.4206493975112295e-05,1.7165495573734755e-05,0.019826624283174926,0
0.8389487314393923,0.05589267496078883,4.9621183274150784e-05,3.5193099456786646e-07,3.031550930520824e-05,2.0134400153198212e-05,0.10505817057609161,0
0.8885243741290936,0.09793403322433274,1.390621383532503e-05,1.3243848429418862e-07,6.959771295965869e-06,1.2430626086314994e-05,0.013508163596871866,0
0.9044875507465351,0.08350069460722562,1.385555236394911e-05,1.316599051456562e-07,6.918856203661153e-06,1.2357548941664882e-05,0.011978491028825046,0
0.9059707609266798,0.08373960518107769,1.465852907301459e-05,1.3929004752993286e-07,6.86878712746826e-06,1.0598560433539617e-05,0.010257368725560793,0
0.9065741935668319,0.08055713688284717,1.4936200571903113e-05,1.4192857122390234e-07,7.145472116167044e-06,9.706633299387893e-06,0.012836739315762442,0
0.9253509479802118,0.0700438864014208,1.1944468339439319e-05,1.1578547717855442e-07,6.003630402137247e-06,7.813803096617055e-06,0.0045792879310523164,0
0.8877236328697654,0.10864755607928156,1.80896543079219e-05,1.8455288980839537e-07,1.3431908711624249e-05,1.213750793998567e-05,0.003584967427103871,0
0.8596709039499083,0.13921704405110094,1.997779888810947e-05,1.869736654197967e-07,1.3863578255115211e-05,1.2731089429892042e-05,0.0010652925587521967,0
0.8252685134690445,0.17316324581357873,2.9766660364420152e-05,2.1679704002382904e-07,1.5531282229738824e-05,1.4882000736432407e-05,0.0015078439770061034,0
0.4193396081838176,0.5797112652740106,2.327722068363283e-05,2.490481249142417e-07,1.9953066303359443e-05,1.5942116346873156e-05,0.0008897050907130371,0
0.510789031584019,0.48752069384300223,3.1683385223432324e-05,2.8401564363413873e-07,2.3237440831899208e-05,1.995244649282588e-05,0.0016151172847871426,0
0.566062975616134,0.43215885097447204,2.467525301533459e-05,2.212457847770116e-07,1.8741795856359234e-05,1.2343729007767571e-05,0.0017221913857297208,0
0.5485489715107655,0.4493622006662359,3.796183283684654e-05,2.7327766459228214e-07,2.3149431782635845e-05,1.4901846577990363e-05,0.002012541434136445,0
0.5622909642090897,0.4355703008938427,3.203127277768322e-05,2.3058505779276677e-07,2.3360299890295356e-05,1.2864785060212718e-05,0.002070247954281431,0
0.5768831950530635,0.42076922438712716,3.0144014129823662e-05,2.0025201692692471e-07,2.396653209084853e-05,1.3198644085709919e-05,0.002280071117485886,0
0.6817976691445355,0.31544141961363653,2.720423125542084e-05,1.42605031577169e-07,1.60576647416583e-05,1.6394433783873533e-05,0.002701112307015303,1
0.6390831018203951,0.35863108887307094,3.0147800704056885e-05,3.082650345625253e-07,1.795118904707135e-05,1.8021575399576895e-05,0.0022193804763487304,1
0.5019066451371951,0.4962923939816793,2.4498146132929933e-05,2.504966096372398e-07,1.4587161990752668e-05,1.4644358041846794e-05,0.0017469807183505155,1
0.33042489559736976,0.6683160854539075,2.059814098258072e-05,1.8799806235707995e-07,2.0013555159094012e-05,9.600498342056114e-06,0.0012086187561765058,0
0.4541544541851005,0.5420959635018757,2.8553863603796225e-05,2.3182874168746686e-07,1.7752564482018856e-05,1.6825345417904002e-05,0.003686218710778349,1
0.3442029313752071,0.655667505985183,3.314385118562134e-05,2.1802094243063882e-07,1.7346931550539743e-05,1.700684967524666e-05,6.184698625615901e-05,1
0.6110619734850632,0.3888594835098662,2.03043411292052e-05,2.2170152004218832e-07,1.495646031874141e-05,1.608867187762132e-05,2.697183022494107e-05,1
0.6718036271194706,0.3281220040113973,2.2512755081490654e-05,1.9600951860651296e-07,1.4173118085166543e-05,1.3180892661785343e-05,2.430609378505456e-05,1
0.7190470434466166,0.2809042997275309,1.6334664998939754e-05,1.6028092793166086e-07,1.2278650332540764e-05,1.1597375545903141e-05,8.285854047145438e-06,1
0.6567675091428229,0.3431641112641826,3.2042251893084166e-05,2.1254130590218143e-07,1.6827146196871134e-05,1.3306315316227844e-05,5.991338282363473e-06,1
0.3487195275055197,0.651210037533267,2.5250184394210337e-05,1.6934333393376764e-07,1.36241036605861e-05,1.4060179426166368e-05,1.733115039843347e-05,1
0.5434684966578918,0.4564581846064811,1.560741358729846e-05,1.4683383412742638e-07,8.840295798985844e-06,1.2197659449908448e-05,3.652653295682974e-05,1
0.30365897858382834,0.6954602928041184,2.4034283624238083e-05,1.6332266755020105e-07,1.5646427827583414e-05,1.613220870305336e-05,0.0008247523692309526,1
0.33304268966633965,0.6659646382170848,2.8997164423281695e-05,1.739171707673375e-07,1.6661388778457387e-05,1.8865124650535543e-05,0.0009279745215524853,1
0.317961964962687,0.6810380555247156,2.938225965863417e-05,1.6563894142411884e-07,1.556835168326471e-05,1.6776378562949207e-05,0.0009380868837510545,1
0.3260069288161936,0.6163218239999257,1.9127834582552574e-05,1.9463683516730257e-07,1.7492115009939514e-05,1.521304579591989e-05,0.057619219551656845,0
0.6545855920212996,0.3451635815428158,2.8882875170548975e-05,2.6650798435033665e-07,2.295712910823745e-05,1.6923825235263168e-05,0.00018179609838619073,0
0.7263979043956129,0.2735092647057808,2.1165547974000216e-05,1.992479454002592e-07,1.4057933751410981e-05,1.1906256856439197e-05,4.550191207921182e-05,0
0.7062294528320616,0.29367221504981045,2.2470141092653166e-05,2.6701849963378655e-07,1.5431021934539517e-05,1.2477793595391776e-05,4.7686143005810295e-05,0
0.5832904418476766,0.41645090760400844,2.3946508205397084e-05,2.3145383459720535e-07,1.692707970174273e-05,1.4449801770035312e-05,0.00020309570480295952,0
0.5732623428219868,0.42646632651059374,2.4993480944139754e-05,2.4157329974102594e-07,1.706344186063109e-05,1.705685598746425e-05,0.00021197531532740784,0
0.5275826149921251,0.4712231318435938,3.560967328619102e-05,2.705142083622033e-07,2.074329367234738e-05,2.3039536038604327e-05,0.001114590147075692,0
0.9362457945536704,0.062234137316328805,2.3573663758633377e-05,1.1124160105279652e-07,6.1084674869528876e-06,8.525531230829937e-06,0.0014817492259232756,0
0.9578481436000644,0.04102045539135764,2.8367141417683456e-05,1.3605992593467177e-07,8.380338450231309e-06,1.1340634592778755e-05,0.0010831768341914973,0
0.9173186594706264,0.07706535685557694,3.296888942900387e-05,1.6682641036733094e-07,1.7760081706994234e-05,1.1456102918989281e-05,0.005553631773331212,0
0.7839338654691134,0.2158528076395128,2.00858094210482e-05,1.760588953285942e-07,9.924324623442185e-06,1.2704978951454452e-05,0.00017043571948242316,0
0.7318391654745502,0.2680641368736119,2.0719748883532897e-05,1.9427069828586205e-07,1.4291296984065896e-05,1.0798619899648156e-05,5.06937153722334e-05,1
0.41196555701261606,0.5879766170756223,2.4514509670534522e-05,2.012243914189649e-07,9.85915574332035e-06,1.3969009922686665e-05,9.282012033564102e-06,1
0.26276907209156536,0.7371623873317655,2.5222843775596593e-05,2.415401802550848e-07,1.588001923715659e-05,1.9144375583138105e-05,8.051797893120882e-06,1
0.21560034547847576,0.7843400218058709,2.1981814492546042e-05,2.22514128072524e-08,1.3839503591064927e-05,1.668440388356709e-05,7.104742273381771e-06,1
0.1938473920802075,0.8060888469180555,2.342961958072058e-05,2.24367822565299e-07,1.4751025418516796e-05,1.778330155846006e-05,7.572687356671363e-06,1
0.16190145440718554,0.837513095572473,2.506737889329901e-05,2.4005141015336354e-07,0.0005330141862173244,1.9026376275717707e-05,8.102027544927723e-06,1
0.3537109948426462,0.6451175117673574,0.00016585280757249027,1.9454863097146506e-07,0.0008079039547025036,0.00019236968851999144,5.172390570509405e-06,1
0.045044399489174124,0.9524392203004464,0.00038298117086139395,2.8722789726378237e-07,0.001167480446598529,0.0009579949459944686,7.63641902785909e-06,1
0.05431694839034759,0.9400714536004876,0.0022020269413656653,2.5381095543927684e-07,0.001797636319997352,0.0016061705162418913,5.510420604625752e-06,1
0.039852771939600254,0.9517686712375015,0.0024117211818589514,2.4780041110005115e-07,0.0039722618053404345,0.0019889461079760132,5.379927311637026e-06,1
0.10889328472680301,0.48314367151478627,0.0013872455234450061,1.4070652647138936e-07,0.4050281645704675,0.001542341678652957,5.15127931879155e-06,4
0.12433561174793581,0.5422450656852909,0.0032142866043410687,2.478989213089356e-07,0.3274444224409245,0.002754296371917917,6.069250668687561e-06,1
0.16110625217544117,0.7204221353269001,0.0004264486022754658,0.0,0.11533186719505607,0.0026957743653633773,1.7522334963879624e-05,1
0.07607312616857524,0.854961585171867,0.0007028167165506132,1.5995259703068345e-07,0.06685617351176226,0.0013948637232798768,1.1274755367895496e-05,1
0.03633150774569044,0.889382793152497,0.0013027459908260227,1.9023904172857865e-07,0.06961298263722816,0.003365227608026654,4.552626689842966e-06,1
0.035336422481993826,0.8823050701684517,0.001056661492278534,1.924265645190397e-07,0.07315659599659056,0.008141068955443496,3.988478677151328e-06,1
0.00847257518496669,0.10542298690133668,0.0005211904072493972,2.012930726651441e-08,0.8853265636857027,0.0002558068528783858,8.568385587526386e-07,4
0.018037052899289557,0.21667471056509158,0.000921955990313359,4.3178103058024736e-08,0.7638854619951303,0.0004764884277300061,4.286944342338793e-06,4
0.020959733348650988,0.8108200237568652,0.08855734007098999,2.073534600912884e-07,0.07715806799920137,0.0024788706724475835,2.5756798384719375e-05,1
0.013767190504563095,0.9297813692034559,0.020979403919226966,2.1366665033885977e-07,0.03130873817546736,0.0041535425970329375,9.541933603488286e-06,1
0.02300667148692652,0.9113600363462798,0.03757047432401574,1.898022269989995e-07,0.02319858805592727,0.004860109197654496,3.9307869691179275e-06,1
0.021952796248152603,0.7815192692866623,0.13379961987298147,2.1767078688596638e-07,0.05515727916788164,0.007522698805008914,4.811894852606091e-05,1
0.01849386158788888,0.9060187237964291,0.045105455559079626,2.089593161487074e-07,0.02097828031929057,0.009396799327124743,6.670450870926221e-06,1
0.03740005743506943,0.7564554531196287,0.02512101114786065,2.2938280850189958e-07,0.034871747035038154,0.146145885954537,5.615925057417356e-06,1
0.014840363989793473,0.36804099765203846,0.02404027355829305,1.5891203398081913e-07,0.004663196314891241,0.5884104143337535,4.595239196107918e-06,1
0.02084208055065018,0.39693119235261476,0.015623532833618862,1.6096131581431417e-07,0.008547980480271715,0.5580501588286995,4.8939928292673196e-06,5
0.002402895897411617,0.07125936243593432,0.007222071260643577,2.406572289786544e-08,0.0009508803732113004,0.9181597543026313,5.011664444946128e-06,5
0.00297317526775596,0.08817134950323857,0.005289498418271314,2.9777241784663592e-08,0.001718861375942181,0.9018438626072043,3.2230503459215052e-06,5
0.005191372748932002,0.13386931140565986,0.0051698771519336,4.0325702181485164e-08,0.006083273301379885,0.8496852899247446,8.351416480289656e-07,5
0.9794001764888741,0.015271869409997847,1.2703866363081577e-05,9.377710090982184e-196,6.815110332935723e-06,7.5213227569657855e-06,0.005300913801675075,0
0.9843284626235403,0.01025690286186654,1.3046441615799852e-05,1.4910855979691027e-231,6.2727202137840896e-06,7.724144399653333e-06,0.005387591208363873,0
0.9854787634808659,0.007946130345398402,1.275322031582889e-05,1.2669237340945343e-07,6.462456075785851e-06,7.87903168275974e-06,0.006547884773287936,0
0.9620072767704959,0.01761814774235495,2.062083703628434e-05,6.480251237609637e-08,1.986367383468205e-05,1.4650205797244253e-05,0.020319375967968435,0
0.8733087673980128,0.12190788566494919,9.44602320920971e-06,3.2199485730375634e-08,1.1256892160065881e-05,6.337103618193681e-06,0.004756274718564941,0
0.8915382256371303,0.10591369372041487,6.891983815533845e-06,2.573177583008908e-08,4.411134152446085e-06,5.23331034856842e-06,0.002531518482362357,0
0.5446874128000749,0.4418117627833377,0.0027596486161091294,2.8788329006380025e-07,0.006063001083828657,0.004668572036919621,9.314796439908498e-06,1
0.31970245559449745,0.6664439315474843,0.0038845348413510646,3.556275887837887e-07,0.00658398277938872,0.0033610188124949575,2.372079719473889e-05,1
0.3236246321933308,0.6378140078816409,0.0005816123898518732,3.113275407617118e-07,0.03392714632485057,0.004019264580027189,3.302530275796893e-05,0
0.21306539743477862,0.7064648570545624,0.0004122045702436723,1.9931639291678746e-07,0.07593405843016389,0.004112606276364786,1.0676917493699732e-05,0
0.13667598353440907,0.7670426158415545,0.00037598771299924617,2.1571062779359948e-07,0.09303371748925417,0.0028611420803766334,1.0337630778764554e-05,1
0.18798022530856603,0.7101736435716505,0.0003012020817748105,1.8493942298456297e-07,0.10000234349875292,0.0015335376360983356,8.862963734366839e-06,1
0.20022091369301093,0.7714857292018741,0.0003587415554327908,2.0090597122395799e-07,0.026648730183224882,0.0012706996390801075,1.498482140617512e-05,1
0.23672975331080384,0.7462629479250223,0.00022172897981264752,1.9433759649246715e-07,0.01623183999779841,0.0005390405379478632,1.4494911018342476e-05,1
0.23980128672029224,0.7430073440238342,0.00020973195707853906,1.9685909795984983e-07,0.016442445712346047,0.0005260654993569098,1.2929227994134576e-05,1
0.37216060519572136,0.6020487053843876,0.00016629638119717815,2.481082496633755e-07,0.024750795432059915,0.0008656845592472245,7.664939137048679e-06,0
0.4035059960733425,0.5620211523631985,0.00018153025545562763,2.690052762618002e-07,0.03343529816001259,0.0008498371792121935,5.916963502330209e-06,0
0.16665107003507024,0.8235941597182977,1.6012868379582887e-05,1.70335851365826e-07,0.009721669976580924,1.2193844550573183e-05,4.7232212695993714e-06,1
0.07712912603198663,0.9224063286674729,1.1437571596704946e-05,8.981993846846524e-08,0.00044037288220194677,5.918604860788192e-06,6.726421942358722e-06,1
0.10604057053652075,0.8939083566097603,1.737071532266171e-05,1.3588398437441625e-07,2.0547387068348203e-05,8.953954145760731e-06,4.064913197980899e-06,1
0.18349812316599137,0.8164551518333808,2.1451482782090332e-05,1.5095921017893377e-07,1.21775883329009e-05,8.426720629188824e-06,4.5182496732399105e-06,1
0.19982856218734762,0.8001237036615242,1.8718499939845947e-05,1.5680414809631105e-07,1.2282686276992462e-05,1.1246374642187653e-05,5.329786121139961e-06,1
0.43989521841501156,0.5600434566353297,2.8237728466191737e-05,2.458781949025203e-07,1.5196784773747743e-05,1.2559468566618046e-05,5.085089657145714e-06,0
0.4916502864548116,0.5082878079540809,2.7892890298335065e-05,2.428755388514996e-07,1.6340741784125745e-05,1.2406092768881645e-05,5.022990717322829e-06,0
0.48937529688181813,0.5105675823074678,2.392370928999733e-05,2.4241936487029103e-07,1.7018704933497167e-05,1.2479569471754585e-05,3.4564076538784805e-06,0
0.4404843552114917,0.5594414765299296,2.4283596213557628e-05,2.2711605534134887e-07,1.4682755756429922e-05,1.2916140945553996e-05,2.2058649607862037e-05,0
0.5964513735854813,0.4034285908304974,2.5396281193946446e-05,1.887967532518316e-07,1.6826168412268355e-05,1.3062208283962256e-05,6.456212937800363e-05,0
0.8632449784940013,0.13595073068704042,1.3111948280978364e-05,1.4795195168400397e-07,1.2067350045656825e-05,1.04031201184663e-05,0.000768560448561681,0
0.8688622131152935,0.1291838348370704,1.3246403875167168e-05,1.590154537651576e-07,1.2440756998494177e-05,1.051879340930479e-05,0.0019175870778992284,0
0.5089112483431575,0.48836114468754876,3.3730221871331404e-05,3.029010799712099e-07,2.233946630778991e-05,1.7122148548529007e-05,0.002654112231486028,0
0.7237838080544946,0.27202687193078556,2.929921531163453e-05,2.150578338050877e-07,1.7004718901669817e-05,1.264831297686032e-05,0.004130152709695754,0
0.9352654166845383,0.06396051970366708,2.1632586880063683e-05,1.3879182210069727e-07,1.0244582928019056e-05,9.458341527305985e-06,0.0007325893086371149,0
0.9473410526881255,0.04682830706484089,1.962879927843942e-05,1.641365514628582e-07,1.3988879362585531e-05,1.206637942584546e-05,0.005784792052415071,0
0.9536676233055625,0.03883009447995761,1.5059305657388239e-05,1.3013583922649435e-07,6.130136584722961e-06,1.1272551571126346e-05,0.0074696900848274,0
0.963585045925837,0.03142431624728912,1.4642815579312491e-05,1.1675082225903044e-07,8.435220826620576e-06,9.334932276231314e-06,0.004958108107369476,0
0.9543178645138911,0.03994581719120902,1.784085407617098e-05,1.3415863906375828e-07,1.044963629962339e-05,1.0520187222193728e-05,0.005697373458662951,0
0.94182192936209,0.053869855988013755,1.721465447385248e-05,1.2505621160004876e-07,1.0183997795439043e-05,1.0734586070644986e-05,0.004269956355344576,0
0.8986320982436188,0.040275802666028114,3.9991690343269736e-05,2.636129883508027e-07,2.314333038512362e-05,2.3299583030019925e-05,0.061005400873606154,0
0.8956511497373395,0.04014219949958085,3.9859029636151266e-05,2.627385295534862e-07,2.3066559172213797e-05,2.2604386652456847e-05,0.06412085804908904,0
0.8960390534207097,0.03972830335471182,3.987629245596226e-05,2.628523207805805e-07,2.307654922611838e-05,2.079894043879181e-05,0.06414862859013662,0
0.8968906618664829,0.03940217624600875,3.954895051416452e-05,2.606945828417945e-07,2.2887115305148648e-05,2.242853820782021e-05,0.06362203658889812,0
0.8581840831991583,0.038698366294687696,3.5863535156827366e-05,2.560380014257329e-07,2.2882438472752724e-05,2.1559539042585865e-05,0.1030369889554803,0
0.8934008784189954,0.038156430463024735,3.841705906527537e-05,3.3044268805822626e-07,2.3094526979433157e-05,2.1759366104098795e-05,0.06835908972314296,0
0.9090127351383442,0.037655258099713304,3.691950613785576e-05,3.415890583739527e-07,2.2194268674218884e-05,2.2844426370988703e-05,0.05324970697170107,0
0.8459617732413771,0.14208834797344927,3.574810290031032e-05,2.356405581393167e-07,2.068755156288387e-05,2.23317166615263e-05,0.011870875773490958,0
0.867945168525889,0.1145802345468562,3.701578153313689e-05,2.439967078744106e-07,2.1421161599615027e-05,2.307103642663315e-05,0.017392844950987446,0
0.942890978892843,0.036086490733919674,4.512002914449527e-05,2.764191555857282e-07,2.3808861984619102e-05,2.717212946390094e-05,0.020926152933488724,0
0.9444334108572561,0.02216686279737307,4.519383892393492e-05,2.768713369626803e-07,2.2938756969917032e-05,2.9937371051809085e-05,0.03330137950708865,0
0.9181636749265146,0.016576027662956117,4.5321586753474247e-05,2.7765395939973784e-07,2.5071040578802987e-05,2.325271413151941e-05,0.0651663744151059,0
0.6167120600338777,0.011533660299441726,2.5963181022118453e-05,2.101524927694984e-07,1.5376209932544137e-05,1.674870924674043e-05,0.37169598141398646,0
0.8481405104299422,0.05722118922804,4.731012408071551e-05,3.602960504128288e-07,2.90680718841885e-05,2.0612975170136206e-05,0.09454094887483225,0
0.9214838594119775,0.06909155241258534,1.2810352063024524e-05,1.2172807645609823e-07,5.9492931487903335e-06,8.130315876658589e-06,0.00939757648627262,0
0.9359421650993762,0.05679192011726584,1.1648202558446927e-05,1.1226578151391304e-07,5.8211295184907995e-06,7.152049865659346e-06,0.007241181135633855,0
0.9336772661745413,0.06130534907970668,1.1827382800500883e-05,1.1199410805231659e-07,5.807042889552188e-06,7.1337052952506195e-06,0.004992504620658697,0
0.8536818220768516,0.14435893041125683,2.746561267195252e-05,1.7356203434200217e-07,1.3398190834127334e-05,1.2750886101345863e-05,0.0019054592602498538,0
0.8456854914243815,0.15223648158304096,2.6353949153068492e-05,2.3604347772770567e-07,1.4341628471341038e-05,1.2770152249537228e-05,0.0020243252192260037,0
0.8352250738402021,0.16319859404123332,2.1187971909965298e-05,2.53040291638322e-07,1.4787020425656257e-05,1.3440847521524952e-05,0.0015266632384160306,0
0.7753547008140976,0.22392372073949177,1.9124603524986987e-05,2.0077382071446144e-07,1.3833930109823397e-05,1.2441630535866365e-05,0.0006759775084192536,0
0.4778035475869256,0.521213953807691,2.4476892101700198e-05,2.4859667146998426e-07,1.9916897066954828e-05,1.746422035889318e-05,0.0009203919991843717,0
0.5763782353110853,0.42166208693172136,3.424213056985124e-05,3.081483316320436e-07,2.43503889548877e-05,2.1647797353944363e-05,0.0018791292919828706,0
0.5529650577286533,0.44544432025999553,3.285117401612216e-05,2.956309755484343e-07,2.336124685014745e-05,2.0768437772570085e-05,0.0015133455217366425,0
0.48220758880147235,0.5160964716536487,3.1701986417259466e-05,2.8528932228596e-07,2.3341649994225052e-05,1.8250281195400396e-05,0.0016223603379496325,0
0.49284783660764053,0.5055474242407317,3.2448561442147464e-05,6.09765549047631e-175,2.1885533056983128e-05,1.462544094346465e-05,0.0015357796161851731,0
0.4513014336360844,0.5467369301372458,3.560419536998117e-05,2.573039766979624e-07,2.6067162010263264e-05,1.4355485073678108e-05,0.0018853520802391025,0
0.6035956480076499,0.39433486657606787,3.5851603863231635e-05,1.417052919321727e-07,2.71519567326991e-05,1.6290996185147324e-05,0.0019900491542092866,1
0.6320250267358803,0.3656679705607826,2.5218266011542337e-05,2.578599255039173e-07,1.4885421946948483e-05,1.5197606151357632e-05,0.0022514435493017457,1
0.27909812410286955,0.7198670611767631,1.836151314562443e-05,1.877487694714163e-07,1.1060411348642971e-05,1.0243318037266502e-05,0.000994961729066485,1
0.3112619805480163,0.6876004234362031,1.926129629632257e-05,1.757967568654131e-07,1.4607767415622398e-05,8.774367887595968e-06,0.0010947767874242478,0
0.39039322438656254,0.6073892075638019,2.864254102458808e-05,2.263156502584623e-07,1.9560436802095842e-05,1.3538534393607534e-05,0.002155600221765115,0
0.43059758393773034,0.5658479935983634,2.7072782324559038e-05,2.1980384677073232e-07,1.6125360805321406e-05,1.5988986199436324e-05,0.0034950155307301753,1
0.35288306561560473,0.6469872936002379,3.4660840778655015e-05,2.2351901021278967e-07,1.7784387716052593e-05,1.743572963160732e-05,5.953630702101409e-05,1
0.39396841546288974,0.6058561878141695,1.9898693250634546e-05,1.8730413488698366e-07,1.369478860553997e-05,1.5551422560299096e-05,0.00012606451438941993,1
0.3140973880346286,0.6849343913185812,2.086796878691336e-05,1.8998727564851342e-07,1.2604182672482458e-05,1.356980835276195e-05,0.0009209886997024612,0
0.30382959423452593,0.695411113778795,2.6077944378561284e-05,1.6656316349431005e-07,1.565521902314543e-05,1.686998637758779e-05,0.0007005222737363451,1
0.350529979323712,0.6485495658854842,2.269870366326539e-05,2.4914564398655066e-07,1.6574246215194443e-05,1.5339560845018705e-05,0.0008655931344363172,1
0.5263598896250361,0.47248534478191684,2.5828716574974265e-05,2.554898832400905e-07,2.3872970829842804e-05,2.1572109747805786e-05,0.0010832363060111537,0
0.30759931962781734,0.6767191763875188,1.76362979638911e-05,1.8205092873464184e-07,1.720881178537928e-05,1.776680862089691e-05,0.015628710015364977,0
0.44783228435872036,0.5514628512833446,2.6568316303216797e-05,2.6585408541905484e-07,2.1976213948151016e-05,2.7966354683384028e-05,0.0006280876189148718,0
0.45493463608303547,0.5443702072851491,2.622660768452808e-05,2.624348009124827e-07,2.1051459310035686e-05,2.760666518256832e-05,0.0006200094648374566,0
0.7278347288197523,0.27209320715508556,2.1329904314681988e-05,1.982163658746145e-07,1.3098347924931516e-05,1.1844613807746794e-05,2.559294274905221e-05,0
0.5476544657292204,0.45225056689118925,2.545239174841111e-05,2.0716709975302572e-07,1.5171455045848534e-05,1.1659765649538666e-05,4.247660004689546e-05,0
0.5473892040334808,0.4523129256228496,2.5521814455112417e-05,2.2943011932105322e-07,1.6001573662447438e-05,1.3110431030278291e-05,0.0002430070944025384,0
0.5261271859956922,0.4728680446084995,2.741550338653729e-05,2.0826597132348249e-07,1.5970038066670697e-05,1.627354464479806e-05,0.0009449020437387993,0
0.5248616262466462,0.4739514609538478,2.9634350838268472e-05,2.0959186682309437e-07,1.7516150482343417e-05,1.5071716399887645e-05,0.001124480989918644,0
0.9658380802807223,0.032897778651612614,2.8603767301705836e-05,1.3719487639655516e-07,8.450243449293235e-06,1.0246625293168594e-05,0.0012167032367447514,0
0.8859992146509575,0.11198007484964102,2.7551731778325715e-05,8.524898975000531e-08,9.64680982686656e-06,1.1490205712084865e-05,0.00197193650309431,0
0.9496201545842462,0.047055029500888156,2.400411209478364e-05,1.2146359565587531e-07,1.0831494576374379e-05,8.341002181131264e-06,0.0032815178424174685,0
0.7884407572724692,0.21134215016798644,1.9156045349551545e-05,1.8797866572487954e-07,1.0596234274067029e-05,1.356514811080493e-05,0.00017358715314438533,0
0.6550173324212244,0.34492085910409553,2.1329150109731423e-05,1.99984512792752e-07,1.2517448806074858e-05,1.1116224724160646e-05,1.6645666527389143e-05,1
0.18010765807852877,0.8198312775900201,2.1523187475179648e-05,2.0611135796863216e-07,1.6042221518062448e-05,1.6336301665151434e-05,6.956509434864142e-06,1
0.14110039314745546,0.8585560117872035,2.3089897159324376e-05,2.2111455677057828e-07,0.0002952957189059363,1.7525449046384697e-05,7.462885672678094e-06,1
0.13595975909100264,0.8637276918741272,2.233559025217081e-05,2.1389112756717483e-07,0.00026582754434219556,1.6952923011494265e-05,7.219086136831086e-06,1
0.07518669991903072,0.9218111467102019,0.0003949824799172388,3.291989449348701e-07,0.0013818087765189412,0.0012162806280526799,8.75228733350744e-06,1
0.07119088167762634,0.9261608657193257,0.0003789499684334195,3.2143500454565696e-07,0.0011283090017993392,0.0011320452338966223,8.626963914089857e-06,1
0.047848736766365696,0.9465142880117599,0.0012534807450866534,2.814218481104278e-07,0.0014183506438099837,0.0029573093565650405,7.553054564535734e-06,1
0.04353676522360385,0.9510763446296221,0.001319501549130134,2.645424501898206e-07,0.0012348784282454608,0.0028250569965052146,7.188630442873855e-06,1
0.03359878213767003,0.9549999868842769,0.0025235518702862595,2.510143043616219e-07,0.006710709812338133,0.0021612685778503136,5.44970327390381e-06,1
0.22313563965356328,0.7457063640589962,0.0020361152442835077,1.7078644057819608e-07,0.027477546778656138,0.0016404555801110624,3.707897949180285e-06,1
0.17105783774185035,0.8051308024253933,0.002519871292258258,1.8253397496066067e-07,0.019287182307771704,0.0020001607532791816,3.962945472257631e-06,0
0.2086788476584099,0.7519715625656278,0.0034907176137828552,1.7222133640855913e-07,0.03281456202952229,0.0030403988607384637,3.7390505821918877e-06,0
0.15699992968076865,0.7760600540493603,0.0021405808043287572,1.9027494328666576e-07,0.05966368189210633,0.005129119107311343,6.4441911812027985e-06,4
0.09733746432634466,0.39618949859025393,0.0026211851901078373,1.7798487499780927e-07,0.5019688236186161,0.0018792580379263788,3.5922518761960066e-06,1
0.11769402324719884,0.7871325366354868,0.0004251263506888158,2.1555473538337354e-07,0.09244276765851309,0.002285444975786683,1.988557759021887e-05,1
0.04444675216090133,0.4761049965708975,0.002660122776807717,8.901747195205209e-08,0.4758667950704499,0.0009166531477338244,4.5912557379292945e-06,4
0.01935680406219906,0.8347503807071897,0.06516992407370453,2.2937328888844347e-07,0.0778873826701484,0.002810601492394414,2.467762107489586e-05,1
0.02939712362362793,0.9130716860081198,0.02988425996830979,1.8165034240124656e-07,0.02454574519972846,0.0030928914017962802,8.112148075025875e-06,1
0.02060955304013398,0.8565452485565267,0.033545276294174885,2.022675221078122e-07,0.012956489366620489,0.07633730219399978,5.928281022153197e-06,1
0.01521440367977225,0.4982650796957301,0.019793667784272145,1.4462855239816357e-07,0.0033297292748615186,0.4633868328815664,1.0142055245219519e-05,1
0.012319910772551594,0.22890001572030905,0.011879564555505918,7.702551323747565e-08,0.0032015626147445606,0.7436885208654401,1.0348445935430512e-05,5
0.009841487101348795,0.15534455731918853,0.008993827485669898,5.207114498994688e-08,0.003753756250037066,0.8220618415506448,4.478221966065061e-06,5
0.015569913280191274,0.3808356258306365,0.030659043644840706,1.3007437550369485e-07,0.012346234141235144,0.5605822767605181,6.77626820279151e-06,5
0.016242980149947035,0.3485405686624111,0.033492137417187276,1.371414169169203e-07,0.01301701459000238,0.5887000176109406,7.1444280946288536e-06,5
0.01927301762935436,0.3781966106700428,0.021783252016817117,1.6352449239617935e-07,0.013805878708793422,0.5669366486749056,4.428775594236669e-06,5
0.0032912147933837114,0.08450433047260172,0.010587246728668568,3.527931764007063e-08,0.00163307619883898,0.8999767496420528,7.346885136551822e-06,5
0.025894367535297953,0.7454995974271194,0.029863584288849682,1.8911665296315986e-07,0.03435773148106609,0.164380613562221,3.9165887927895845e-06,5
0.7563243965920318,0.005162348862743139,1.8151422049891044e-05,2.080027787500258e-07,1.637458152745949e-05,1.1074510299387178e-05,0.2384674460285697,0
0.43189774428283895,0.008126084996206706,9.51765481808794e-06,1.0665115221507333e-07,7.595373186650965e-06,5.670498349194596e-06,0.5599532805434482,0
0.9761335401688733,0.01841343435082465,1.2997405731843972e-05,1.525345873104018e-07,8.421069460880832e-06,8.05615533457865e-06,0.005423398315187405,0
0.9820482812172096,0.010363069874309131,1.2799363981135707e-05,1.386177654869785e-07,6.708912469202828e-06,8.280488812190947e-06,0.007560721525453037,0
0.9827762979730653,0.009712900485335832,1.2901212537295406e-05,4.0543018871816814e-08,8.689253700613468e-06,7.685463004177355e-06,0.007481485069338131,0
0.8268921190480983,0.16788920298035478,9.539288230840235e-06,1.6101918672156462e-08,1.0003206348053623e-05,6.399672817203214e-06,0.005192719702232397,0
0.8445200472843625,0.14795854753171767,9.160707779599378e-06,3.122690606368201e-08,9.606214635311553e-06,6.873348966612494e-06,0.007495733685632288,0
0.8853204531404227,0.10786467585190279,8.279484531497276e-06,3.1927855276668565e-08,6.4676522512312345e-06,6.428656300137623e-06,0.006793663286736202,0
0.8773958161084658,0.11524627648199189,8.93912850991595e-06,3.447161478210098e-08,7.064212729696759e-06,6.9408408934630455e-06,0.007334928755794223,0
0.8558528658426787,0.14109727642984057,8.419883434648071e-06,3.051564479170372e-08,5.9676461233730206e-06,5.7148021979824135e-06,0.0030297248800797982,0
0.5068192392685021,0.4790743777322632,0.002471081945581888,3.078823233755518e-07,0.008394764795080965,0.003233827603418583,6.400772829955475e-06,1
0.03745610800768405,0.8217880468563432,0.0004994281465434888,2.0206031073759503e-07,0.13961042584907754,0.0006311883652330554,1.4600714807898213e-05,1
0.2453065854875584,0.7278493219465366,0.00036329058567685104,2.626409665550451e-07,0.021031740588617835,0.00542259028270026,2.620846794360372e-05,0
0.21199929230213008,0.7708969182982702,0.00022498395483665714,2.0075263640261506e-07,0.016224787594151708,0.0006388437132368518,1.4973384738070269e-05,1
0.25408561389031287,0.6985109859293924,0.0001192649247951751,1.819604291411838e-07,0.04681481554282524,0.0004629078479149613,6.229904330304199e-06,1
0.3349018782964199,0.614392293626065,0.0001245171948327134,1.9303707578620785e-07,0.05008857062466363,0.0004865836246534778,5.963596289533415e-06,1
0.231004232278058,0.7588965348211381,0.00018797858558167353,1.980777270126631e-07,0.00965132376377273,0.00024113338346727942,1.8599090255304135e-05,1
0.1249333449082322,0.8700333427121344,0.00012379084314652106,1.4421093765291026e-07,0.004771528606482121,0.00012038862900873002,1.74600900583661e-05,1
0.09523582465619604,0.8913584084492548,1.286365366016016e-05,1.1735010920649383e-07,0.013381635322147693,7.720044760416862e-06,3.4305238716259975e-06,1
0.12059455189390764,0.879359887540236,2.1525455773184125e-05,1.3934279467131432e-07,1.0421075927642336e-05,9.306309283508305e-06,4.1683820776277665e-06,1
0.18088329902344064,0.8190639279035254,2.680397527136422e-05,1.514415621785487e-07,1.2216498738406466e-05,8.453646085018036e-06,5.147511376849682e-06,1
0.11656970760768581,0.8833829579029499,2.3107453817343575e-05,1.423304624723387e-07,1.1481523897515816e-05,7.765356852138265e-06,4.837824335071588e-06,1
0.24275352247079202,0.7571899318919814,2.320421027959298e-05,1.948870651410734e-07,1.526577395836069e-05,1.125653826387405e-05,6.624227659721134e-06,1
0.4521549974928979,0.5477705910296585,2.8398891530407074e-05,2.4333979762510726e-07,1.9236884149907445e-05,1.8981861614196748e-05,7.550500351411162e-06,0
0.5670980231958009,0.43284797459187163,2.1439326350794034e-05,2.387231351258595e-07,1.3972971016500168e-05,1.3372883826531008e-05,4.978307998512612e-06,0
0.5248178038183157,0.47512078458579127,2.661786940074941e-05,3.4819476091400446e-07,1.5335737332957424e-05,1.3925692831046192e-05,5.184101567388746e-06,0
0.5113174790373323,0.48862454963403423,2.4792924295519292e-05,3.243222144291647e-07,1.609924768596528e-05,1.1926159543965445e-05,4.828674893751391e-06,0
0.69059931726726,0.3082814879422045,1.966572959282825e-05,1.7739619887532087e-07,1.5475010750320857e-05,1.336257748697289e-05,0.0010705140765065932,0
0.8060485146107179,0.19246242046933665,2.6654995375548474e-05,2.1870617602171184e-07,1.729319494903397e-05,1.3709939736557593e-05,0.0014311880837081063,0
0.7773356498666933,0.2190578675974677,2.7253505559778572e-05,2.1899496462093885e-07,1.7316029592464413e-05,1.2879869586115761e-05,0.0035488141361358938,0
0.8510408448228465,0.14527563064696342,2.7821578626369705e-05,2.2369315877054294e-07,1.64977483213748e-05,1.4033121996918462e-05,0.003624948388086773,0
0.9782656368852893,0.018571566185767115,1.2464217683143817e-05,1.282433592616071e-07,6.507648619674676e-06,8.739488192793063e-06,0.0031349573310885596,0
0.971352178069566,0.023262480558948733,1.4947792278435623e-05,1.0399936817340099e-07,5.878931959018748e-06,6.930731714646932e-06,0.005357479916164913,0
0.9537666026773585,0.036850573735931036,1.817585048310971e-05,1.4229998116926366e-07,9.262244980658921e-06,1.1480682605160056e-05,0.009343762508660633,0
0.9561017536083386,0.032719454078174115,1.8290851450118943e-05,1.4320033163457323e-07,1.0447233624009415e-05,1.1553322375318087e-05,0.011138357705706156,0
0.9589860163810743,0.03454956348680543,1.4331079402978691e-05,1.198368743078988e-07,8.54594958151333e-06,1.0051255827487132e-05,0.006431372010434014,0
0.9566723244395856,0.03569358989164032,1.4177639581105957e-05,1.1954775058175136e-07,8.234008462120921e-06,9.380780693347606e-06,0.00760217369228687,0
0.9353358389338055,0.05756873471618629,1.632506150377194e-05,1.4123212082512281e-07,1.1736880815891667e-05,1.4115623955297416e-05,0.007053107551612288,0
0.9417415443550706,0.05243103873159788,1.7673316985606117e-05,1.4250929559207024e-07,9.749913130642808e-06,1.1409113107983588e-05,0.005788442060811633,0
0.9409385294917458,0.054081565014611865,1.72859464033833e-05,1.2453006466599356e-07,9.667643643513417e-06,1.211513982174757e-05,0.004940712233708885,0
0.9284857211623894,0.059318991202150555,1.6039516738717503e-05,1.3876180285726508e-07,1.1794145142227197e-05,1.159623059883933e-05,0.012155718981177474,0
0.9321508556453323,0.0642460822003174,1.858569962459e-05,1.3400126492104937e-07,1.176435032846468e-05,1.1528634225598342e-05,0.0035610494689070106,0
0.9308435615933983,0.06555842936323075,1.8559634128406516e-05,1.3381333497867794e-07,1.1747851426901562e-05,1.1512465903852166e-05,0.0035560552785770328,0
0.8433174731234693,0.038353893923792286,3.6059150128712753e-05,3.283873811868735e-07,2.254553583294829e-05,2.1624025918686202e-05,0.11824807585347699,0
0.8427243479424469,0.15040747265848267,3.236903858397272e-05,2.143718501164468e-07,1.7771316781619616e-05,1.8679668359100247e-05,0.006799145003495773,0
0.8689090565439122,0.11349724175961237,4.33054762929822e-05,2.6028733371838624e-07,2.2851361751914965e-05,2.461139172705165e-05,0.0175026731793697,0
0.8825145625306993,0.09590296390409174,4.546929580929009e-05,2.6887717289873353e-07,2.3605488046486263e-05,2.853584210060748e-05,0.021484594062079535,0
0.8704666082585288,0.0995183166851153,4.49588919811673e-05,2.746402812699773e-07,2.411144764246593e-05,2.65588826651352e-05,0.029919171193785697,0
0.8752382232224792,0.09595049180059584,4.3347073584978324e-05,2.647941698962607e-07,2.3247029656249695e-05,2.554847934258556e-05,0.028718877600171,0
0.9553690267559957,0.02288673251539687,4.666151057327812e-05,2.858627442308216e-07,2.462226834285108e-05,3.090958832289686e-05,0.021641761498624224,0
0.9398279998029443,0.017257297165416813,4.639096207963398e-05,2.842052810692042e-07,2.3546373357138738e-05,2.5484121442510123e-05,0.042818997369478445,0
0.9097455187694727,0.015986584618077386,4.4906057142584115e-05,2.751082973879674e-07,2.2792689353180904e-05,2.4668413036174353e-05,0.07417525434462048,0
0.5598713542907169,0.012415512121706699,3.160349295797206e-05,1.9571716717759354e-07,1.6046910179074076e-05,1.6390745332247808e-05,0.42764889672194,6
0.5220963833682035,0.01175567786894268,2.9923895132587273e-05,1.853155913511773e-07,1.5194081807325409e-05,1.541348531132392e-05,0.4660872219850112,6
0.9438925039942753,0.046819401939762355,1.1914922836103722e-05,1.13219420576901e-07,5.8705769674346e-06,7.816306543130157e-06,0.009262379040194967,0
0.9354260883624036,0.0601212116634447,1.1715894872468206e-05,1.126759202417405e-07,5.709068624189275e-06,7.071827295893393e-06,0.004428090507438693,0
0.92970141164443,0.06664842992992137,1.682897490466781e-05,1.2045952971403058e-07,5.9180959297496785e-06,6.96178575773656e-06,0.003620329109526624,0
0.8481707642144907,0.14959198395383097,2.6949869657230868e-05,1.7030292601982818e-07,1.3338382691263429e-05,1.2511452868349167e-05,0.002184281823535611,0
0.8384309649107439,0.1593460909291959,2.5435318257984765e-05,1.3674204721457595e-07,1.2960500886827059e-05,1.1808323736766315e-05,0.0021726032751314102,0
0.8374577320974387,0.1614060389366588,2.5931507211907867e-05,1.830501790478179e-07,1.3367112287238004e-05,1.1916112258928367e-05,0.0010848311839654953,0
0.8507049059252199,0.14853371739021828,1.9347182348307647e-05,1.8596134602721887e-07,1.3268237305488467e-05,1.2533245849211411e-05,0.0007160420577127972,0
0.8293312478434053,0.1699526795995279,1.892221757670412e-05,2.087100145744845e-07,1.4729281804279636e-05,1.3388365278065023e-05,0.0006688239823929192,0
0.6937154700331549,0.3059425521309641,2.0932128967345716e-05,2.042698030774793e-07,1.6069984157641197e-05,1.2658270936321924e-05,0.0002921131820165115,0
0.6718887639227951,0.32778088706711656,1.976411959876111e-05,2.1309705022361467e-07,1.7350546744961383e-05,1.3198362349160884e-05,0.0002798228843453102,0
0.40594045252935546,0.5931106718875825,2.6261716493812544e-05,2.410902918690144e-07,1.931550611117907e-05,1.6936888006960755e-05,0.0008861203821582316,0
0.4056549295930889,0.5934406607456892,2.5520821679814602e-05,2.29664407314592e-07,1.8400094954530434e-05,1.6134205636059425e-05,0.0008441248745441755,0
0.5058428084446753,0.49221191731349884,3.0500859014950087e-05,1.7366820857439914e-255,2.1695012327514933e-05,1.5317404906304773e-05,0.001877760965577099,0
0.37526785395994955,0.6223359642529349,2.9222615315858794e-05,2.1118564967275724e-07,2.1380032880968637e-05,1.151596547632941e-05,0.0023338519877927487,1
0.32128091016554444,0.6766251516291539,2.643259363452787e-05,1.9755195590277586e-07,2.0010268042558936e-05,1.0778166583426052e-05,0.0020365196250850042,1
0.651944568079794,0.34466075806832847,2.4943364624391988e-05,2.472392975263595e-07,1.5327844200097927e-05,1.4453931333577748e-05,0.003339701472422028,1
0.6591140595622605,0.33604814385447795,2.1291689459171612e-05,2.4123842077194374e-07,1.4955813924668645e-05,1.4217977067599039e-05,0.004787089864389283,1
0.6367965341174923,0.35913646880758116,2.1625351701647176e-05,2.4501887006885746e-07,1.5190186608983869e-05,1.4440787104394766e-05,0.004015495730641434,1
0.2700351162865291,0.7293195062164908,2.3890468751062783e-05,1.7810501966601137e-07,1.45120716747504e-05,9.936822524759758e-06,0.0005968600290100418,0
0.6477321611521445,0.352214019038824,1.8275826218261844e-05,1.757236468949874e-07,1.3937951368896113e-05,1.2346129725864054e-05,9.084178071546928e-06,1
0.6266981899816234,0.3732313779907978,2.9541733709603328e-05,2.1650378335476273e-07,1.8265922699822745e-05,1.3547287527487623e-05,8.860579858639635e-06,1
0.5767615665399042,0.4231713241646658,2.5592723441468272e-05,1.822489072067473e-07,1.4299824944325852e-05,1.2491096640069187e-05,1.4543401497070902e-05,1
0.5471259361459739,0.45280959091443457,1.9042739949029646e-05,1.7154363976166452e-07,1.3221927927184014e-05,1.1091364519221898e-05,2.094536355634522e-05,1
0.37222056419747584,0.6276881348775282,1.8944063903658475e-05,1.783183174907897e-07,1.3037788322214072e-05,1.4805351239117547e-05,4.433540321353423e-05,1
0.25753450161639974,0.7422229186477357,1.8924551419826528e-05,3.089780791998165e-07,1.143036514602542e-05,1.1754557464343186e-05,0.0002001612837551741,1
0.5020515280521282,0.49750245069934196,2.390196539911183e-05,2.3883950020221437e-07,2.1035539972752127e-05,2.503489201034686e-05,0.00037581001164745386,0
0.4844016302644258,0.515096589967654,3.2047218942612575e-05,3.847316675077275e-07,2.586598614596696e-05,3.164940194669911e-05,0.0004118324292172245,0
0.478911306371409,0.5209881874849674,2.496183540901523e-05,2.945311724940544e-07,1.9082628650707013e-05,1.2970089101557988e-05,4.319705928980013e-05,0
0.6399510761861922,0.35992088070762135,3.1548714713009374e-05,3.212151120125689e-07,2.492352665251997e-05,1.6260896942151936e-05,5.498875276667787e-05,0
0.47540493768356057,0.5243229610153416,2.1231135829742284e-05,2.0520853222101265e-07,1.4312242238353435e-05,1.5943381885481394e-05,0.0002204093326120283,0
0.5610337304063114,0.4379757809880918,2.9787005952471305e-05,2.262814452116226e-07,1.735148219772289e-05,1.627186121522966e-05,0.00092685197478594,0
0.5929049993171159,0.4060265498556575,2.8404769527811e-05,2.1426634698947555e-07,1.661880500844417e-05,1.3907675427346542e-05,0.0010093053109161212,0
0.8204989072337946,0.17186223008899096,3.4938943426514675e-05,1.197841502375147e-07,1.662497216534462e-05,1.7035925604398207e-05,0.0075701430518682776,0
0.6749647652987081,0.3204860589126311,2.8962508461630386e-05,1.3651516728423358e-07,1.3884260664082812e-05,1.0195860098685817e-05,0.004495996644268963,0
0.6957882330487706,0.30391390249592654,2.4975687604853898e-05,2.1892032716265648e-07,1.2340395464695994e-05,1.5454584402579543e-05,0.0002448748675037734,0
0.685532889620243,0.3142479587616658,2.353521434979882e-05,2.1691682480782973e-07,1.246997481293582e-05,1.5313148033263182e-05,0.00016761636407032094,0
0.6299998689768818,0.36991670082636396,2.2477701029347414e-05,2.093486377934548e-07,1.1800845603739439e-05,1.5107274368144492e-05,3.3835027115408515e-05,1
0.25927039839893334,0.7406788918491702,2.159616340052443e-05,1.7726949858101315e-07,8.453230567374153e-06,1.2306059753521901e-05,8.177028676344461e-06,1
0.21490402317875745,0.7850414197218019,2.0662985676500394e-05,2.0916409074149094e-08,1.3009183776390263e-05,1.4185529967516475e-05,6.6784836110729385e-06,1
0.2070527411948107,0.7928932517419404,1.9908086234522435e-05,2.015225108723172e-08,1.2533907563787838e-05,1.5110424637524244e-05,6.434492562045047e-06,1
0.16723465987266647,0.8327177945891151,1.752623856919078e-05,1.774119099648006e-08,1.1034323017257099e-05,1.3302579864245822e-05,5.66465557691463e-06,1
0.17459745928721912,0.8251668716416076,2.058744032745017e-05,1.9715041221855629e-07,0.000192541211251797,1.5626060781674384e-05,6.717208400172706e-06,1
0.14907387381149648,0.850688244274557,2.086195606836255e-05,1.9977924273952187e-07,0.00019417898125072925,1.583442081015756e-05,6.806776574336524e-06,1
0.14599759644681007,0.8536691556362722,2.2075481254787775e-05,2.1140025957969385e-07,0.00028299553010529573,1.675549783680908e-05,1.1210007461311843e-05,1
0.09016828133547171,0.9080768853928588,0.0002705316959502802,3.0885062539228563e-07,0.0012091635650670416,0.0002665399470834129,8.289212943280647e-06,1
0.08880912667619055,0.9086325657579203,0.00037836803489662294,3.153516022056153e-07,0.001248983886565812,0.0009221766007747011,8.463692049730807e-06,1
0.059774522590891443,0.9375069171503065,0.0006720701384505468,2.681477142901191e-07,0.0010468318355657496,0.0009921035378099852,7.286599261289992e-06,1
0.04112051136981049,0.9553801713160006,0.0011606396269343417,2.6057787491540607e-07,0.0012023783399489163,0.001128957871665075,7.080897765225065e-06,1
0.02883593161658936,0.9641430962553785,0.0013922241922243136,2.518870083081539e-07,0.002319638113191389,0.0033033892852963745,5.468650311869075e-06,1
0.034462018648165525,0.9589886624590327,0.0022791263806211763,2.505403877561564e-07,0.0025753459898265893,0.001689156567766754,5.4394141994109e-06,1
0.21446733413384428,0.7618228774157821,0.0020428631541795908,1.843372968701122e-07,0.019497517894684735,0.0021652209673087373,4.002096903642523e-06,0
0.3833471446284092,0.5954031747500669,0.002283536365751581,1.3741645372564293e-07,0.016879485407725516,0.0020835007907058258,3.0206408874093313e-06,0
0.18950322547277546,0.772001857200704,0.002062007779678713,1.8528026566700624e-07,0.030740215033074756,0.005686234200996378,6.275032505269999e-06,1
0.14218704158958717,0.7235195001785024,0.0034921963007800228,1.9789686318982153e-07,0.12759275711556917,0.0032010618957117403,7.2450229862701716e-06,1
0.098454663293276,0.645233198825394,0.002248102353857941,1.8566915765105576e-07,0.25202128741367646,0.0020360442389957705,6.518205642147287e-06,1
0.11540813287599103,0.8186390094443128,0.00045669375500879446,1.8500757286618039e-07,0.06325524271870075,0.0022362090749794565,4.52712343446129e-06,1
0.024568312838373026,0.9278267435509829,0.02219279269864743,1.932316265492839e-07,0.021029592751349836,0.0043752430957315885,7.121833288912365e-06,1
0.026402385920418794,0.9166898416253906,0.031532518497648335,1.8601746753524874e-07,0.022229694257628076,0.0031385177365050167,6.855944941672486e-06,1
0.03193101212590832,0.803993894641105,0.12286931089912477,2.2263615913379344e-07,0.036335098745929335,0.0048212443433591065,4.921660841429889e-05,1
0.0619851444755925,0.8315874113126641,0.04957853300197793,2.7406571157220424e-07,0.05214840371375864,0.0046446071701310805,5.5626260164405636e-05,1
0.06587931503077735,0.7937893661591662,0.07580369206495306,3.0304212772589536e-07,0.05502981829700927,0.00944423229940714,5.327310655915921e-05,1
0.012658186889217396,0.3769932502352122,0.018083927531977236,1.2685931232924277e-07,0.006818028912713083,0.5854394929496285,6.986621939229714e-06,1
0.014532784413713062,0.270014502716225,0.011990453553326756,9.08606562906133e-08,0.004749312487243485,0.6987030213282798,9.834640555558263e-06,5
0.006134883368378965,0.11378690330981313,0.006145932073630909,3.82138832825063e-08,0.0024088366540514737,0.8715192701586734,4.1362215689205035e-06,5
0.0027060224128155,0.07795216731644987,0.006084747043185459,2.6400992307005206e-08,0.0017456554944920981,0.911510048669052,1.332663012811897e-06,5
0.002501543199059427,0.0549311839102699,0.005370893817351985,2.4501967214271816e-08,0.0023911259770355627,0.9348034253058874,1.8032884283018486e-06,5
0.0030966668581183117,0.07175126125140385,0.008989389904261388,2.858643464157661e-08,0.0030891069537024394,0.9130703371303216,3.209315757855703e-06,5
0.0071388244997635806,0.11017647212191559,0.009380179879593067,4.389587526087993e-08,0.0051421850051754535,0.8681613516939494,9.429037276881749e-07,5
0.8544119114990755,0.010485867379792133,1.7035288077806962e-05,2.207468006204786e-07,1.789614711204132e-05,1.1673488480351722e-05,0.13505539545066161,0
0.7576395926674667,0.012466246112011284,1.671044253856828e-05,2.0601020823502765e-07,1.650929918797893e-05,1.0894190927827006e-05,0.2298498412776595,0
0.46786892926475376,0.013217597383004381,9.88763349764892e-06,1.1079698994762065e-07,7.890627237788588e-06,5.851059105056066e-06,0.5188897332354114,0
0.9591402218020317,0.03581162239819617,1.1567499546740123e-05,1.3575353466517806e-07,6.529269525914615e-06,7.146484822029885e-06,0.005022776792342769,0
0.9819338040861699,0.010069886262182654,1.3143718738521164e-05,1.3469610350039634e-07,6.283002496147578e-06,8.046223903281138e-06,0.00796870201040605,0
0.9628649888653414,0.018605559211414466,1.86542637637568e-05,1.7455369983049718e-281,2.27138031468798e-05,1.105070707720919e-05,0.01847703314925628,0
0.9622272468998941,0.01859323604457701,1.864190833804889e-05,2.539487820713105e-86,1.6741165659745258e-05,1.1043387775196445e-05,0.019133090593756074,0
0.9594503037272787,0.02686683915367223,1.8588108655852557e-05,5.8414512422535385e-08,2.3434025603237866e-05,1.1061335000045351e-05,0.01362971523527756,0
0.8311382367285116,0.163581240918697,9.560982051206202e-06,1.6138536931587195e-08,1.0142639405099045e-05,7.173384574575937e-06,0.005253629208223537,0
0.8510931491980914,0.14613175257464786,7.463709726178663e-06,2.7939083097143237e-08,5.6596433466867695e-06,5.065821288302829e-06,0.002756881113816474,0
0.8402286482096143,0.1571671592163321,8.027345420904219e-06,2.6632346033731907e-08,5.689432300797346e-06,5.4483760507386334e-06,0.002585000787935124,0
0.16069196896483992,0.7165695531169568,0.00034193465779226305,2.027346449528607e-07,0.11849620237306467,0.003890269525256437,9.86862744481849e-06,0
0.1352608683935707,0.7227627456576712,0.0003109491026171119,2.0325807509480966e-07,0.12303806938677748,0.01862160463130114,5.559569987119891e-06,1
0.13413022287943274,0.735751957074359,0.00028865060486812184,2.1934213243586503e-07,0.12822546530703613,0.00159422539002923,9.259402142196798e-06,1
0.2075471016955576,0.7650902768730694,0.00017461837573494086,1.9924050352585256e-07,0.02630006720308493,0.0008728760116204779,1.4860600429258298e-05,1
0.3204902498319236,0.6678501094976665,0.0001226466595354885,2.1672955526069322e-07,0.01119860752981926,0.00033275600575702054,5.41374574281322e-06,1
0.3670826940708421,0.6143321614074441,0.0001402117233303997,2.4562347182802096e-07,0.01813484430330162,0.00030370737696852075,6.1354946414413545e-06,0
0.17629571146910158,0.8124760055981001,0.00016014908071184888,1.910925647239346e-07,0.01083507169076056,0.0002198701797732233,1.300088898811645e-05,1
0.08593750435155603,0.9140253695455798,1.1374460927908554e-05,8.932432658616389e-08,1.4375922918068262e-05,5.8859469571459936e-06,5.40044773425902e-06,1
0.08365287809107501,0.9162977096455688,1.56745229920488e-05,9.204334952425121e-51,1.7265357199315497e-05,9.030321275903525e-06,7.442061888867513e-06,1
0.11180778189283098,0.8881439644414935,2.4597604347114326e-05,1.390484946192047e-07,1.1210896870039135e-05,7.582322312390058e-06,4.72379365143228e-06,1
0.5144504559343608,0.4854766578722913,2.974305127884649e-05,2.2878609938405266e-07,1.9406341770959976e-05,1.6409095153640045e-05,7.0989190451231165e-06,0
0.6084964658899484,0.3914462039091576,1.9825115267916737e-05,2.014673412544608e-07,1.5297916125576204e-05,1.607924819103836e-05,5.926453968291948e-06,0
0.5923443126784487,0.40759707836070475,1.9744158342552584e-05,2.0064463852164756e-07,1.642484205933515e-05,1.6013587715519193e-05,6.2257280907270495e-06,0
0.5870154473584547,0.41292058645070034,2.119959848313083e-05,1.950292284243933e-07,1.6262675125794182e-05,1.508452439479307e-05,1.1224363612699184e-05,0
0.5740949729557439,0.42584090475716063,2.1134796600736195e-05,1.9805635431625057e-07,1.62129641861383e-05,1.5386416420240458e-05,1.1190053534073707e-05,0
0.623107883677607,0.3768356283721327,2.042701950640322e-05,1.9142370231489393e-07,1.3352636872370901e-05,1.4871145168198428e-05,7.645725010988677e-06,0
0.659417295174355,0.34053591202097827,1.8650236391133637e-05,2.310954489805847e-07,1.1693887678415443e-05,1.2945593188645318e-05,3.2719919595038448e-06,0
0.5911480431046426,0.40879868480022064,2.1339736828420757e-05,4.1628774900387154e-07,1.3471384367942194e-05,1.4404065988522387e-05,3.6406202027069826e-06,0
0.49608055424770725,0.5038592906281153,2.3582082113014737e-05,3.077905101715842e-07,1.8370491807144717e-05,1.216332350373266e-05,5.731436243269414e-06,0
0.5676880798367171,0.4322554411326729,2.4888758120350473e-05,2.0522831973600914e-07,1.406108875668267e-05,1.1775339654446395e-05,5.548615758808893e-06,0
0.6037100152272774,0.39616855624150316,2.5470820386490578e-05,2.2803083744082192e-07,1.6602883762456972e-05,1.3241198089936011e-05,6.588559814304884e-05,0
0.6323359030753694,0.3675465316703762,2.3762299393666607e-05,2.1622884209166636e-07,1.574358262956551e-05,1.3098728646379308e-05,6.47444147426829e-05,0
0.6505388196691039,0.34904085027351983,1.8622252271417235e-05,1.7171083130112799e-07,1.471450024061558e-05,1.2934320482404996e-05,0.0003738872735503944,0
0.8801519729416551,0.1170576889817513,1.3241935961430537e-05,1.5896181903252307e-07,1.2436560823471018e-05,1.0515245498338984e-05,0.00275398537249132,0
0.9774998673281583,0.01974590445332621,1.5297945137761402e-05,1.1775814391159284e-07,7.194631810378912e-06,9.37608906300064e-06,0.002722241794360266,0
0.978848924167104,0.016348898460000434,1.8205903657060306e-05,1.0789153143160573e-07,5.6572981590533315e-06,7.835455340409235e-06,0.004770370824207683,0
0.9102440245411657,0.08483570461555857,1.6521352473065248e-05,1.3748358537383242e-07,9.168510154426013e-06,9.961822595730437e-06,0.004884481674467044,0
0.9284981435226932,0.06282980939392036,2.4091239589324702e-05,1.8723849565274915e-07,1.5163279625686513e-05,1.3811016308810141e-05,0.00861879430936703,0
0.9396609260693669,0.04994355109551404,1.5969028976724295e-05,1.250226241017423e-07,8.611097572315591e-06,1.1312333193848086e-05,0.01035950535275208,0
0.9476825534422346,0.04447370753903003,1.5274794158653904e-05,1.0521630380837198e-07,7.88371227162852e-06,1.0236164540545632e-05,0.007810239131460629,0
0.934093073929475,0.055737472880182076,1.8239434867759555e-05,1.2166218713423745e-07,9.621010320301573e-06,1.2056700635127021e-05,0.010129414382332643,0
0.9271788544820083,0.061218428114471014,1.5648658073624656e-05,1.35380388447207e-07,1.0714012306874054e-05,1.2444652906421248e-05,0.01156377469984503,0
0.9428322836524625,0.05326202770051558,1.638815840011442e-05,1.3614728982974071e-07,1.0528814212767488e-05,9.634578424632662e-06,0.003869000948694551,0
0.9278119376377912,0.06790580036764923,2.3843392258126644e-05,1.3370689353572214e-07,1.173850663134954e-05,1.1738058239292666e-05,0.004234808330537161,0
0.8959197000263682,0.04318182337254519,4.063189968263659e-05,2.678330524609209e-07,2.3513821757942082e-05,2.3868569874113982e-05,0.06081019447671933,0
0.8549391388366276,0.036050310178283806,3.383232751472603e-05,2.413798725511903e-07,2.1191422219823327e-05,2.0325259365341845e-05,0.10893496059611604,0
0.8853516080828392,0.03586315346512236,3.5162417715270684e-05,2.6729969346761006e-07,2.113798984996814e-05,2.1757204972436365e-05,0.07870691353980719,0
0.902151404814835,0.03797135259731108,3.722942441575737e-05,2.830127841290534e-07,3.4197608780286596e-05,2.3845594419003954e-05,0.059781686947454345,0
0.8276986544371944,0.16676370422382922,3.0080849880999117e-05,2.176472683781254e-07,1.6773706361734038e-05,1.9266903995906328e-05,0.005471302231469405,0
0.8857415578520424,0.09341968389358883,4.343472705817888e-05,2.653296184687962e-07,2.329403820198167e-05,2.5088163467800064e-05,0.020746675996022278,0
0.8673384046184502,0.10192228181652092,4.5300939152468484e-05,2.812744937631556e-07,2.4693883934908473e-05,2.713857180586539e-05,0.03064189889564175,0
0.9363641451563786,0.04040653543824279,5.052151149981237e-05,3.036592747471979e-07,2.665910721602738e-05,3.346653596774015e-05,0.023118368591420423,0
0.9569622933770651,0.017522615647115977,4.673932786188912e-05,2.8633947683972434e-07,2.2005289529197695e-05,3.09611361687728e-05,0.025415098882782063,0
0.958648864882176,0.01683643343681783,4.4477278867264324e-05,2.751264787879277e-07,2.1143566684190794e-05,2.8957140276045107e-05,0.024419848568699897,0
0.5289192853065738,0.009891772445984616,2.231184086040776e-05,1.559331312728283e-07,1.3187311381260048e-05,1.4364426932249253e-05,0.46113892273513635,0
0.9361489779061685,0.055596347154939336,1.2312724961628496e-05,1.1867047155534629e-07,6.153221183058697e-06,7.448060580833425e-06,0.008228642261695,0
0.8448232076121007,0.15332214606962363,1.8278974446192868e-05,1.859883025582118e-07,1.2219667949659472e-05,1.2468875921049361e-05,0.0018114928116560684,0
0.8462245438714797,0.15204118788478524,1.8259833474079104e-05,1.8579354344176181e-07,1.4323230583830394e-05,1.2521936450228254e-05,0.001688977449683327,0
0.41281680838428314,0.5865536627577462,2.2113677933792684e-05,2.2845799575185779e-07,1.863251827109454e-05,1.462409704912939e-05,0.0005739301067208516,0
0.42244945685411267,0.576858143822664,2.726278542569512e-05,2.508950813309237e-07,2.04624363075643e-05,1.6394619460889196e-05,0.0006280285869478599,0
0.41840681903922483,0.5806163582683288,2.706820961601859e-05,2.4849413625476956e-07,1.990868222113612e-05,1.6264308801799692e-05,0.0009133329976712207,0
0.46690771415807386,0.5312813896057278,3.6012856673215215e-05,2.602572853558894e-07,2.0565959559782666e-05,1.3908021293842166e-05,0.0017401491413860982,0
0.44862762982589627,0.5496092057675347,3.3109935466871566e-05,2.475868054955744e-07,2.0173476715097496e-05,1.3500922571679461e-05,0.0016961324850097075,0
0.4048058441270121,0.5933711719609814,2.9609630505500597e-05,2.2129649858798733e-07,1.8040783925508394e-05,1.313133137654851e-05,0.0017619808697001333,1
0.591744197643583,0.40048385104196427,3.730516697374511e-05,2.7881140999028636e-07,2.4129729778180603e-05,1.6299678147192363e-05,0.007693937928143916,1
0.25471005102844185,0.7445870834287699,1.8156004509583134e-05,1.799628024699241e-07,1.047976879104372e-05,1.0678665093046326e-05,0.0006633711415920797,1
0.24143784408835606,0.7579859676365025,2.1360419151546397e-05,1.5924333309245662e-07,1.2132791209344368e-05,8.884492655840153e-06,0.0005336513287915915,0
0.293907508435566,0.7053912789680221,2.600250012865784e-05,1.2193147475881284e-195,1.4769509097349159e-05,1.0815285027298656e-05,0.0006496253021587925,0
0.3239233633604101,0.6746953873207516,2.7232347877115836e-05,3.854270570417898e-92,1.536961497566847e-05,1.1326818682675713e-05,0.0013273205373027796,0
0.39909763966364864,0.5976614136471969,2.6885390203225973e-05,2.090788070358071e-07,1.573402997782249e-05,1.5208824637982891e-05,0.003182909365528264,1
0.39004358989710575,0.6098564564542079,3.098211613285887e-05,2.3413010691224096e-07,1.7939113255579806e-05,1.879028220735588e-05,3.2008006983683186e-05,1
0.5751623910386021,0.42477589506151475,1.9893912167104505e-05,2.0412442625235144e-07,1.4608244608218847e-05,1.6209291956981876e-05,1.0798326724657067e-05,1
0.6218192612435225,0.3781290559618077,1.786077205205075e-05,1.8472660687441536e-07,1.5252501709168145e-05,1.2680530597841852e-05,5.704263703981511e-06,1
0.723708392827944,0.27622395393768606,3.09617155443174e-05,2.0646125618656805e-07,1.6492607750636967e-05,1.4172502384144857e-05,5.819947434522384e-06,1
0.5837184699677512,0.41620883399443126,1.750350864750677e-05,1.5767770762138058e-07,1.1528644976171354e-05,1.121400585637524e-05,3.229220062974709e-05,1
0.35059425590302773,0.6493239031531383,1.763085183542368e-05,1.6595720174988438e-07,1.2134002257360497e-05,1.3779036821021155e-05,3.813109571832597e-05,1
0.25390996877670546,0.7458941333719663,2.0006697561254955e-05,3.266461035970422e-07,1.253304313748755e-05,1.1257972146162545e-05,0.00015177349237966068,1
0.20114547886715578,0.798230884838679,1.6603932539583436e-05,1.2732193888915405e-50,1.0811637923320744e-05,1.262117459347848e-05,0.0005835995491086695,1
0.241247090690312,0.7581171622991878,1.9304413154038186e-05,4.369549203348684e-295,1.288457953196455e-05,1.5137410340612628e-05,0.0005884206074737703,1
0.2729522123749429,0.7261750910491767,2.5754878633071225e-05,1.500629169244717e-07,1.5009245564011682e-05,1.5198794926727036e-05,0.0008165835938399567,0
0.5285784441203439,0.47092922398306813,2.637990599984385e-05,1.5426716237988667e-07,2.4065130627972453e-05,2.6961982284372604e-05,0.0004147706105134116,0
0.4200993524023143,0.5794800466811607,2.3075409840530076e-05,2.2351969588120666e-07,2.0406016678303125e-05,2.8263729546076474e-05,0.0003486322407642384,0
0.45651424863447226,0.5433867130174124,2.3293960479816844e-05,2.429297245885526e-07,1.9146452528342644e-05,1.301346894166772e-05,4.334153644107714e-05,0
0.7212558706081466,0.2786511185880808,2.558919430215914e-05,2.2527024209217858e-07,2.404629151710145e-05,1.2805631511463294e-05,3.0344416200099876e-05,0
0.5639706709656401,0.4358261335676275,2.4985488711634995e-05,2.1865697569752508e-07,1.5503352987199956e-05,1.230643812318359e-05,0.00015018152993458194,0
0.9355399809357873,0.0629867420034496,2.1586670684978867e-05,1.0186519299602194e-07,6.620566676413194e-06,7.806925430801067e-06,0.0014371610327779134,0
0.6705938926133395,0.32278149059623595,2.9024574698243538e-05,9.789960580443241e-08,1.4100919372620338e-05,1.3923464814645292e-05,0.006567469931933467,0
0.6940943341819219,0.30564440752245325,2.2452396847324118e-05,1.8812817608072937e-07,9.482585837132998e-06,1.3015222244551258e-05,0.00021611996251970228,0
0.6161634201934068,0.38378340446584613,2.114312406854127e-05,1.9824031168662335e-07,1.0751497270751478e-05,1.1019272559270015e-05,1.0063206536872488e-05,1
0.45342567617992374,0.5465274369149965,1.91664466916327e-05,1.8354262627695856e-07,1.0131569583045463e-05,1.020229542610487e-05,7.2030507527960845e-06,1
0.3323838028226326,0.6675711577664093,1.9219487986921874e-05,1.57760845537162e-07,7.522945642112667e-06,1.0951767830827466e-05,7.187448652592871e-06,1
0.1313794385630314,0.8685311599671367,1.6916429484791883e-05,1.6199590590900436e-07,5.292469103054986e-05,1.3946939009962765e-05,5.451414400790749e-06,1
0.1047751739536376,0.8950463703741829,1.6483971012959205e-05,1.5785457679605295e-07,0.00014392401688438728,1.2511488989158924e-05,5.378340716248081e-06,1
0.1379034910306052,0.8604222204129331,0.00015379124900045038,2.8098634925858563e-07,0.0008873316732357083,0.0006210011235296232,1.1883524346420154e-05,1
0.10034026935968239,0.8972191375192258,0.0003043283586971224,2.3224968868356402e-07,0.0013629401122752904,0.0007667812878619985,6.311112568968288e-06,1
0.1015941963522933,0.8960795777962094,0.00030449181054552783,2.310673472651136e-07,0.0014222812791226279,0.0005942050541668462,5.016640314923372e-06,1
0.03588030423717485,0.9592193314940594,0.001202812997787637,2.436965501044247e-07,0.0022794704390061557,0.0014125463059199061,5.29082950201064e-06,1
0.03007928609037835,0.9629165303927292,0.00198241644272246,2.6087460017153914e-07,0.0036799048798977743,0.0013359375421982326,5.663777473753202e-06,1
0.36425853882065634,0.6098592963390755,0.0016375001281144197,1.4785933088968972e-07,0.022722242262777467,0.0015185910886808093,3.6835013648130308e-06,1
0.04674685190512792,0.8918108261753405,0.002598222679122336,2.1865479802437375e-07,0.053511148817835405,0.00532532641372958,7.405354046189291e-06,1
0.05345621785804626,0.8685655110101032,0.0026231635618628813,2.1058220488355401e-07,0.07113443217191275,0.004213332862685779,7.131953184105555e-06,1
0.13663539006767053,0.7737017375921602,0.00242048153308989,2.2453847981884998e-07,0.08351049757408366,0.0037205283971596627,1.1140297356236986e-05,1
0.15484276112220857,0.5439774137412576,0.0026410750318049425,2.5612096882278786e-07,0.2940353151081767,0.00449380226255107,9.376613032046905e-06,1
0.07364576839959455,0.8651669581980777,0.0005345828029660687,2.2348466646111473e-07,0.05753237755283946,0.0031103521495672412,9.73741228846078e-06,1
0.02324400088436296,0.8804108125211788,0.00879627618186597,1.8864091805944156e-07,0.0861066456671897,0.0013449108971942956,9.716520729023407e-05,1
0.025844712867769827,0.8554088054210394,0.035663632642656186,2.3134780763691436e-07,0.08107335839666001,0.0018900341744839675,0.00011922514958299306,1
0.028752533683030383,0.9234528802123162,0.020436136100620044,2.1510221518129208e-07,0.02444010093600314,0.0029102060600992535,7.927905715818205e-06,1
0.029208359217445818,0.9194238559679931,0.02791004744118726,1.847317309246692e-07,0.020840686298184675,0.00261005778621361,6.8085572445469154e-06,1
0.1174908923643791,0.7598254114193179,0.05836029612575496,3.4323394437153305e-07,0.05008181896593316,0.01420345904116114,3.7778849509223406e-05,1
0.09088734145054332,0.7574915740902248,0.0751044560214126,3.153773798851811e-07,0.054270361499721004,0.02221123880934668,3.471275137169564e-05,1
0.08781979612274658,0.7616163520864025,0.06405401067002774,3.925385491424188e-07,0.06963988222814636,0.016826360677597667,4.320567652996465e-05,1
0.0765997119762841,0.7922196796198745,0.013351401677455469,2.31039070067673e-07,0.0745308116007986,0.04329250761159969,5.656474917668924e-06,1
0.060210336123483824,0.7422869621387492,0.007568425407527525,1.9231996334086092e-07,0.020661766511026396,0.16926509111417773,7.226385071922134e-06,1
0.04601771358628128,0.6231349075382353,0.015590460880459024,1.805294575123614e-07,0.013195812143825519,0.3020576871033216,3.23821841979703e-06,1
0.033825717404013536,0.6624267633516853,0.017736164929217126,1.7936316627810152e-07,0.010298430827350142,0.2757094866780177,3.257446549923057e-06,1
0.012155691501096098,0.3597454371862818,0.013686794765376868,1.205858585744272e-07,0.007745076457781496,0.6066561667051886,1.0712798416537889e-05,5
0.9331373022612044,0.05995578804362743,1.109759619243391e-05,1.243553630975726e-07,6.805344614237119e-06,6.5670608909013095e-06,0.006882315338107485,0
0.9278257427832706,0.06826174203355537,1.1571218150111124e-05,1.2966258724743743e-07,5.11236632948543e-06,6.847329174356666e-06,0.00388885460693294,0
0.9287975336843274,0.06536639922453569,1.1126293253083975e-05,1.3057563829800472e-07,4.795366058053542e-06,7.421949736493653e-06,0.00581259290645107,0
0.953851636706205,0.0408312959436576,1.2032741852159104e-05,1.4121351218073387e-07,7.79606000092943e-06,8.300130833790365e-06,0.005288797203938098,0
0.9497682793823503,0.04338190863623119,1.2478215665451473e-05,1.464414911843948e-07,6.983431791304414e-06,8.131862531239044e-06,0.0068220720299393585,0
0.9722959491752867,0.0217971462239075,1.3223970591781534e-05,1.551935007984177e-07,7.400793439851205e-06,8.617859624533467e-06,0.005877506783648638,0
0.9731510208978634,0.018075835221428953,1.4412175135949334e-05,1.476951745846691e-07,1.2968784047920755e-05,7.880399174345678e-06,0.008737734827174585,0
0.9832768275764342,0.010533238302206047,1.4785541319726311e-05,1.3589616726263393e-07,8.406970079648538e-06,8.084551187390923e-06,0.006158521162605758,0
0.6955913160384888,0.2911779610741307,1.2336939738778078e-05,4.593951106715828e-08,1.0095340793284481e-05,7.980945307168116e-06,0.01320026372203012,0
0.3762055003584303,0.6146989265098126,0.0031409822531630106,3.477615454689523e-07,0.0038528406780212587,0.002078206316588023,2.3196122439233055e-05,1
0.044820517100233714,0.8445865024684236,0.0007624825816077115,2.9747182302837896e-07,0.10839741698543574,0.001414337331788178,1.8446060687961075e-05,1
0.2267711262446305,0.7326722173979877,0.0004410730780691985,2.253901000133761e-07,0.038041543738283265,0.0020499050027912567,2.3909148138255817e-05,0
0.15992285310952783,0.8150554233123521,0.00038233281141298887,2.110479347082429e-07,0.023790618449123977,0.0008244796102137399,2.4081659434735908e-05,0
0.11004536675464277,0.680154459787757,0.0002868558974513693,1.8158725644377054e-07,0.17637152808485837,0.03313664106415502,4.966823878939751e-06,1
0.3432388618110716,0.6361891797950493,0.0001674995242020452,2.4936042322486295e-07,0.019793034876794922,0.0006049457915052843,6.228840953583317e-06,0
0.17395381724373835,0.8080095484299323,1.7743364568803222e-05,1.8143392025420653e-07,0.01800286492988654,1.0244946205217065e-05,5.59965174861357e-06,1
0.2062663271913456,0.7815832966431944,2.460788207510271e-05,2.5293321674693297e-07,0.012102130775843628,1.5578217456900762e-05,7.806356867861264e-06,1
0.23475994550874785,0.7537176827480762,2.3335998920559384e-05,2.398601088450398e-07,0.011476619965083968,1.477304160711515e-05,7.4028774555215935e-06,1
0.15058647752640042,0.843165085704083,1.1744093576350132e-05,1.261670907491249e-07,0.006222349955975759,7.770661366161718e-06,6.4458915078723594e-06,1
0.08135459089095115,0.9178563583300324,1.1585163305341431e-05,9.281083071197217e-08,0.0007590223938604519,6.115687041786676e-06,1.2234723978178692e-05,1
0.09738843767324722,0.9025587229153832,1.6497558566510544e-05,1.295563208321923e-07,2.3273975174421522e-05,8.536998391425767e-06,4.401322916339632e-06,1
0.11467008627381536,0.8852831681572714,2.382884270056728e-05,1.347027401235687e-07,1.0860516913704424e-05,7.345348072815088e-06,4.5761584860650656e-06,1
0.6289465780482416,0.3709949315521507,2.2417092179363147e-05,1.8798503875930718e-07,1.5388522683134105e-05,1.4663881642434685e-05,5.832918063813419e-06,0
0.5630228260885544,0.43691556032168216,2.3813759273367334e-05,1.9698228708099723e-07,1.612504065710645e-05,1.5365717200028095e-05,6.112090345855479e-06,0
0.5434929000502428,0.45645338936121116,2.3827985490498604e-05,2.0648413444686075e-07,1.3090520064544511e-05,1.1273468168844518e-05,5.312130687836362e-06,0
0.3179481067631807,0.6819778791785626,2.895799167168229e-05,2.17558612385199e-07,1.4685630450701699e-05,1.21113773198428e-05,1.8041500201901975e-05,0
0.8948337328817242,0.10161745482436922,2.1797157868666586e-05,2.114770258826394e-07,1.5417357376502687e-05,1.3527302174406995e-05,0.0034978589994610833,0
0.9542448940115276,0.04342051245539163,1.5645566897095764e-05,1.1768039711193766e-07,8.55691927784424e-06,7.527523545847612e-06,0.0023027458429628494,0
0.9478519528259672,0.05094327495394163,3.3071895632047844e-05,1.9251460740358727e-07,1.5858414818133754e-05,1.2057130682276407e-05,0.0011435922643515182,0
0.955531591211733,0.042310716619656595,2.205841687287187e-05,1.422670328566511e-07,1.1686101599255711e-05,9.485779319139084e-06,0.0021143196037863806,0
0.969492845861344,0.029245343106512542,2.095416964706269e-05,1.4516218903946108e-07,1.00044985059622e-05,9.337274256563434e-06,0.0012213699275449323,0
0.9850601749531881,0.012214713745999502,1.3863879747370424e-05,1.2468732082783397e-07,6.520190087457414e-06,8.477825625643934e-06,0.0026961247180312944,0
0.9762281610390767,0.017920243613029487,1.4409218985891883e-05,1.2374574210561296e-07,6.61723328762057e-06,8.26547048700775e-06,0.005822179679390807,0
0.9771277398369536,0.016351379292387728,1.332639967223608e-05,1.1291216842139824e-07,6.3827595028066896e-06,8.200071324554986e-06,0.006492858727990689,0
0.9723860421138777,0.02554861934593266,1.6848283408201284e-05,1.0742721769570158e-07,5.632951843744815e-06,7.801735274586271e-06,0.0020349481424455002,0
0.9102216233265299,0.08406920774084417,1.8480089717460128e-05,1.457356410046706e-07,1.0529367505918464e-05,1.0679801767764794e-05,0.005669333937993673,0
0.927266123247493,0.06311375037091513,1.9584379068043516e-05,1.7413182546880943e-07,1.4101852036942646e-05,1.4128263003348764e-05,0.00957213775565815,0
0.9400197898260761,0.05630273565326637,1.611713755969966e-05,1.173953918677513e-07,1.0497406479402798e-05,1.0473130052634644e-05,0.0036402694511738025,0
0.8589709991428051,0.039232951914011736,3.895619603680706e-05,2.567873266644918e-07,2.2544086226132645e-05,2.288420414494081e-05,0.10171140766944871,0
0.8440757450380758,0.03846462804839395,3.412938808128365e-05,3.276206207279395e-07,2.249289365973291e-05,2.157353540355896e-05,0.11738110347576497,0
0.8691807731218937,0.03982560742958397,3.964307873057378e-05,3.409882436960248e-07,2.383155227305181e-05,2.3763843506489377e-05,0.09090603998576868,0
0.922559641796862,0.03263113110817499,3.6640163293267005e-05,2.6510658725587677e-07,3.7518051491821246e-05,2.346817032625206e-05,0.04471133560326428,0
0.8539182689561371,0.14017402168790397,3.269234690414329e-05,2.165130382945634e-07,1.763181753600138e-05,1.8866244558540233e-05,0.005838302433921898,0
0.8870602994536141,0.09596820351160057,3.754830220547038e-05,2.47506921235923e-07,2.1729333166031355e-05,2.340294361109562e-05,0.01688856894888147,0
0.8910687599625796,0.08443847411324788,4.610126064779763e-05,2.7709138063483624e-07,2.432663659336925e-05,2.7763045514872566e-05,0.024394297890035853,0
0.9544513784370844,0.017990266008606877,7.385367347933725e-05,2.9398141583729926e-07,2.295324551389783e-05,3.3890120289811365e-05,0.027427364533609815,0
0.6580352382978859,0.010924864259732193,2.6356912330001706e-05,2.129122430603426e-07,1.5578132352184258e-05,1.745115517808094e-05,0.3309802983302784,0
0.4446938675161048,0.009861376297041202,2.4121096368456206e-05,1.5545396874566094e-07,1.2913916406107186e-05,1.1944054891261862e-05,0.5453956216652195,6
0.8772579793485197,0.12152417023043699,2.2913272031333202e-05,1.573922339966479e-07,7.823451265182753e-06,9.445341622359972e-06,0.001177510963890417,0
0.822771833749924,0.17711183457985016,2.201558218393525e-05,2.7059519484982237e-07,1.6313437990779053e-05,1.437801243192139e-05,6.335404242404512e-05,0
0.6584300813579665,0.34145581341155784,2.008008229219687e-05,2.1517672315446379e-07,1.540955979704971e-05,1.3334155219437973e-05,6.506625644369416e-05,0
0.4005930393676593,0.5991942200242796,2.303836196499038e-05,2.300239942511567e-07,1.876023757264346e-05,1.381180903665926e-05,0.00015690017549265344,0
0.433951810756127,0.5654438703250846,3.649421044167705e-05,2.636735633014613e-07,1.9961492114246096e-05,1.4090585506589273e-05,0.0005335089571625575,0
0.5077125489874548,0.48931888893294634,3.48624968382566e-05,2.605553784572812e-07,2.25497617713881e-05,1.5232406767433024e-05,0.0028956568588433935,1
0.5239403817457243,0.4730219425219015,2.2616473719717396e-05,2.2417509262235706e-07,1.3897956059722539e-05,1.3105567876468042e-05,0.0029878315596256273,1
0.42241916776203714,0.5768572946281517,2.106381498590319e-05,2.556073603079357e-07,1.4884776190145433e-05,1.4943139182208995e-05,0.0006723902720923853,1
0.27398972421654766,0.7254628655257626,1.5952715354895317e-05,1.9358465996485404e-07,1.0541104126486689e-05,1.1486961319472729e-05,0.0005092358922288787,1
0.22055883249177088,0.7790251681710019,1.2886293051679686e-05,1.56373921499914e-07,8.91983401507426e-06,8.531548915967881e-06,0.00038550528732306564,1
0.5331299775667222,0.4632094844235312,2.9201075027501936e-05,1.1358829578091902e-07,1.5709740151756353e-05,1.7688078536863208e-05,0.003597825527734632,1
0.7075923608229403,0.29235716386259974,1.732914035594005e-05,1.66621180598559e-07,1.2538921030044523e-05,1.1827013283616329e-05,8.613618609641241e-06,1
0.6225370925051109,0.3773951561132953,2.8872233370708823e-05,2.1159718722358046e-07,1.6559224470989222e-05,1.3482470808794822e-05,8.625855756201135e-06,1
0.5661536766882216,0.4337802885262519,2.468515739189156e-05,1.7578601859969522e-07,1.4291918032142887e-05,1.204813888848657e-05,1.4833785195291243e-05,1
0.34853423603554134,0.6513881740967978,1.7078319544226543e-05,1.6075627817685015e-07,1.1260639140737226e-05,1.2154045280531683e-05,3.693610741714967e-05,1
0.23682244023414029,0.7630804099343095,1.988220551490485e-05,3.2461354216382314e-07,1.2455056044295236e-05,1.5113093630608692e-05,4.937486281819853e-05,1
0.18489027814972983,0.8148578287853321,1.6415765588806453e-05,1.8337399169509337e-160,1.0689113157811965e-05,1.2478142939211213e-05,0.00021231004325225115,1
0.24073551803725052,0.7587604055487733,1.946848032457638e-05,1.7650872565915018e-07,1.3563300010796639e-05,1.5132856205148747e-05,0.00045573526870991144,1
0.46428605162979025,0.5354898080401713,2.5909991831768393e-05,2.509768422118904e-07,2.2004882544322035e-05,2.8552444527341125e-05,0.00014742203429302355,0
0.4063744301217033,0.5934866413359162,2.0364483143034786e-05,2.1545211908821784e-07,1.780589254666123e-05,1.4822925730132275e-05,8.571978884161984e-05,0
0.5417193716530464,0.4581100845241499,2.452304041217065e-05,2.605343535727566e-07,2.064042266951355e-05,1.7612792850440012e-05,0.00010750703251802867,0
0.504833450037746,0.49509191947239617,2.5514660814535565e-05,3.4710730557398627e-07,2.017476668259592e-05,1.3748614942692783e-05,1.4845340112370861e-05,0
0.45917693546821214,0.540726547486619,2.4995247681763646e-05,2.1874237994632248e-07,1.6447171445525284e-05,1.1287071383354615e-05,4.356881227824276e-05,0
0.46220825552245803,0.5376215891388633,2.524910821261178e-05,2.2697860765966406e-07,1.706645084304742e-05,1.1712059399635973e-05,0.00011590074161568539,0
0.534410825537233,0.4652975064341087,2.7116353146609116e-05,2.4008778820615866e-07,1.7022853794635697e-05,1.7648308768900575e-05,0.00022964042515986684,0
0.8625280874434119,0.1362398599068425,2.6503336913719258e-05,1.4767070254960728e-07,7.581143510508295e-06,9.585061910301068e-06,0.0011882354367085577,0
0.6829004980126829,0.3151125610803083,4.01326319799746e-05,2.0443652281943585e-07,1.1253152373743201e-05,1.3269637742074796e-05,0.0019220810483903232,0
0.6751974787058455,0.3245858666988838,2.41237822408291e-05,2.114530892649625e-07,1.2155879100607115e-05,1.492743802088102e-05,0.00016523604281917925,1
0.6270242893675431,0.37288752365437355,2.358123978691395e-05,2.314031894576978e-07,1.1761990070713603e-05,1.5145950821412583e-05,3.746639421477315e-05,1
0.4568648180175176,0.543083007424003,1.931182030446059e-05,1.8493475989040758e-07,1.0377873482378413e-05,1.1004381204589262e-05,1.1295548728068691e-05,1
0.4327998820833803,0.5671459382145744,2.2064303057444446e-05,1.6217693943170527e-07,1.1026122068597342e-05,1.2572817995910044e-05,8.354281984173948e-06,1
0.4817876037672057,0.5181592775037047,2.163503970898317e-05,1.5778856849313377e-07,1.072198947922864e-05,1.2513126754599455e-05,8.090784578181097e-06,1
0.4164020909482076,0.5835454025189782,2.1385694685972148e-05,1.5597004655968612e-07,1.0598417960554136e-05,1.2368912280277507e-05,7.997537840760682e-06,1
0.19741067561255463,0.8025363332759797,1.855483061008112e-05,8.338791051252024e-08,9.905045809915927e-06,1.4082715222308967e-05,1.0365131912874185e-05,1
0.1719468976536856,0.828000518136786,1.7932706559555574e-05,1.7172802612556096e-07,1.1762390233700112e-05,1.3611092890742689e-05,9.106291818237706e-06,1
0.11070703505535055,0.889116476080108,1.6989070400718705e-05,1.6269153325709248e-07,0.00014089909540143593,1.2894864173658802e-05,5.543143032437741e-06,1
0.09164390124529553,0.9081704852367956,1.672567639954785e-05,1.6016920726217554e-07,0.0001505755230254989,1.2694945650211456e-05,5.457203626223122e-06,1
0.12062836121951358,0.8785407127848801,2.3668232506414168e-05,2.4578727182906974e-07,0.0007761758951906258,2.044120189524902e-05,1.0394878742429487e-05,1
0.10459432365115376,0.8942110489283261,0.00014376855441599451,2.2697496965853302e-07,0.0006797246965723648,0.00036473941628881347,6.167778273343008e-06,1
0.08532457112109745,0.9122689254146156,0.00029653171271742804,2.2629963983069942e-07,0.0013564590524295574,0.0007471369725214628,6.149426978282945e-06,1
0.10181045334814783,0.8941083653739502,0.00031300545199041915,2.3055904104254835e-07,0.003025188478240741,0.0007377511840129343,5.005604616809257e-06,1
0.044323648181015765,0.9452301928691128,0.0017854513230923638,2.426126658052555e-07,0.00593154374483519,0.0027236539716931746,5.267297584860588e-06,1
0.05694704870753571,0.9276797202791321,0.001852984716057386,2.0994569619966502e-07,0.012357907253087965,0.0011549465827111896,7.18251577937807e-06,0
0.0658458383508587,0.8961807102119015,0.002416686386596179,2.1684768799275357e-07,0.03332400918526077,0.0022271368645142083,5.402153180807852e-06,1
0.04278275221947372,0.8971587748728769,0.004177284853295719,2.1996601180198563e-07,0.049973559031172614,0.005901037321386059,6.37173578330491e-06,1
0.04304387987325296,0.8862728599366521,0.0035852769814940354,2.118948728506105e-07,0.0621223180487703,0.00496827685461516,7.176410342736307e-06,1
0.11563805658109083,0.6614034046537025,0.006572162786657961,2.408801828585818e-07,0.21368194408916813,0.0026940146022896554,1.0176406908059565e-05,1
0.05954167405172064,0.8383126534138035,0.0002959179398570031,2.174020659296159e-177,0.10054992787446716,0.0012846425444771148,1.5184175674520257e-05,4
0.030236532606796634,0.9241143826331928,0.02727252567871983,2.119008937283584e-07,0.014880928760445411,0.0034799560163962747,1.5462403555385058e-05,1
0.07580385403047353,0.8279943361298643,0.03920270412711071,2.649752917661088e-07,0.049691138978250664,0.00719173007000998,0.00011597168899921989,1
0.07824904590256979,0.7376572905845563,0.014275669149652597,3.459284904279944e-07,0.1534625218254065,0.01634779116158453,7.335447739813641e-06,1
0.1355226870459775,0.6494059330575641,0.01711953610650719,3.129649182642017e-07,0.15506992219434063,0.042873946384606586,7.662246085708511e-06,1
0.05523781808841515,0.8709992801276645,0.010315141279459726,2.32008829867394e-07,0.027958763952211124,0.03547879323591907,9.971307500649372e-06,1
0.025122318411203774,0.6420080563014068,0.021717854161051355,1.6421102762910323e-07,0.007738109954330434,0.30340885549033825,4.641470641700305e-06,1
0.003025371574018331,0.060411960732483054,0.004267596684875623,2.8045696146919374e-08,0.0033084295253801425,0.928985565326415,1.0481111318170183e-06,5
0.0024434440204600737,0.05271039614589308,0.007123043144784141,2.3285689108036056e-08,0.002935483988591702,0.9347868541910072,7.552235746354643e-07,5
0.0017100499313736001,0.039413618237274586,0.007905491369814614,1.668569804578201e-08,0.0018835521766342527,0.9490867304855494,5.411136555823237e-07,5
0.02691108185715687,0.4041841746350464,0.010499748653566822,1.447707632587702e-07,0.024539745275266027,0.5338625080056694,2.5968025312463174e-06,5
0.6176471699260087,0.032396014207694966,9.788421176595856e-06,1.529548458145193e-07,1.1667626412363055e-05,6.563097397120546e-06,0.34992864376646454,0
0.9209962730217037,0.07433361087116347,1.2168648248140828e-05,1.3635715744783396e-07,5.442120540162059e-06,7.2008615757692415e-06,0.00464516811961134,0
0.9184387077688598,0.07715839250989402,1.1051145860232419e-05,1.296937256461606e-07,5.113594061436225e-06,6.712819466093947e-06,0.004379892468132787,0
0.9782513593956693,0.015047242541743173,1.4479888847431351e-05,1.4838910095905558e-07,8.233177917847434e-06,7.917424194581781e-06,0.006670619182526564,0
0.7856038657523083,0.20493029123242207,1.0507251473686089e-05,1.3483820518141517e-07,1.1018243929601292e-05,6.797015574547553e-06,0.009437385666086671,0
0.7743759466314651,0.21896006683481214,9.160186195850012e-06,1.1441044756958499e-07,6.946061510928796e-06,5.773722446081537e-06,0.0066419921531221645,0
0.07653726449256226,0.88231740990108,0.0003029671591158162,2.033194492291387e-07,0.03755070019089584,0.003287227992029944,4.226944866983956e-06,1
0.13394340376295105,0.8256990805772376,0.0003282076420673995,1.8553198434461852e-07,0.036075769663840206,0.003949543212309751,3.8096096096976413e-06,1
0.028733636106833466,0.7946933219275107,0.00026554775037401307,1.6625366004552486e-07,0.17597517612511138,0.00031922275357889446,1.2929082931368611e-05,1
0.04295249950872989,0.809386050839777,0.0007320576002621598,2.8507387150204936e-07,0.14234460103734523,0.004566828669337781,1.7677270676413466e-05,1
0.2790245259060542,0.7101956459940573,0.0001238646701335343,2.385927064397306e-07,0.010387189882848577,0.0002633787587551008,5.1561954448810674e-06,1
0.3648200372739032,0.6170429402795127,0.00014003826073584862,2.467073006746015e-07,0.01773897402472465,0.0002501452578059549,7.618196017112526e-06,0
0.08887601849573697,0.9110743617175129,1.6653212981345282e-05,1.3077868432470402e-07,1.977540075440225e-05,8.617544945251007e-06,4.442849384651875e-06,1
0.07026402160594249,0.9296942237485554,1.7602252761354285e-05,2.4055905247297467e-207,9.688591138266281e-06,6.941572911687936e-06,7.522228690595608e-06,1
0.19846718900864313,0.8014804860889185,2.6576344912444892e-05,1.5015545827772787e-07,1.2112751217212029e-05,8.381854252910004e-06,5.1037965975905975e-06,1
0.657119246115005,0.3428266467377058,1.9483089587650984e-05,1.9830468265794786e-07,1.6233292433238678e-05,1.2039338117629509e-05,6.153122467875458e-06,1
0.5631021624738631,0.4368368437839793,2.4267113453828458e-05,2.407238879501272e-07,1.766567041878271e-05,1.235806003860671e-05,6.462174358303135e-06,1
0.5409332706384328,0.4590027817646805,2.4145946050782388e-05,2.2144136773182938e-07,1.8783339005307824e-05,1.3925848372784466e-05,6.8710220900735795e-06,0
0.4806268947603407,0.5193068904699196,2.7131578371196136e-05,2.086984259780165e-07,1.708412798855295e-05,1.531473887866351e-05,6.4756260754093136e-06,0
0.45782890905772305,0.5421061269407869,2.527368228911521e-05,2.1205090871243992e-07,1.7349468435982633e-05,1.5552598233794553e-05,6.576201622571437e-06,0
0.4281228021555212,0.5718162328817435,2.3550181768420905e-05,1.8192087760952357e-07,1.4753957124147371e-05,1.4519231375175925e-05,7.9596715899677e-06,0
0.6880952451615527,0.3118533172945792,1.7297759014158115e-05,2.2967418818579121e-07,1.5524449185005535e-05,1.304347503189323e-05,5.342186449018157e-06,0
0.34725096108264886,0.6526734892463303,3.105942689499308e-05,3.158645324876025e-07,1.332897146784263e-05,1.2554000278509373e-05,1.829140784717398e-05,0
0.3601558071811085,0.6397412572615084,2.9339753694213334e-05,2.2042675382348942e-07,1.3028549386015848e-05,1.2271045295221814e-05,4.807578225372827e-05,0
0.35658582619871004,0.6433087946311995,2.889075633041301e-05,2.16939754897078e-07,1.383071186307216e-05,1.208325684116551e-05,5.035750530102747e-05,0
0.38598294688648355,0.613484962030937,2.500582516933275e-05,2.4742798459268767e-07,1.7866114318364485e-05,1.3091098873860793e-05,0.0004758806162333285,0
0.40753153291713906,0.5917991867444807,1.6389858948261498e-05,1.5112652668946102e-07,1.2950559358924162e-05,1.0276181439423112e-05,0.0006295126121068819,0
0.8871709277755011,0.10971666246432946,1.2460193708790534e-05,1.3414885165778647e-07,1.2615940478974902e-05,9.696461100034596e-06,0.0030775030160300736,0
0.9301981318738181,0.06706383924755968,2.0436252786917394e-05,1.5371423479009918e-07,1.2154253149224615e-05,1.0815390580831555e-05,0.0026944692678705154,0
0.9314498987101225,0.06707841451754216,2.7500237276226524e-05,1.7050881387446114e-07,1.5217086408878969e-05,1.067891459817617e-05,0.001418120025237886,0
0.9845539493054927,0.012643828778176266,1.2544337940781184e-05,1.29067710315602e-07,6.7492508446195986e-06,8.795665809666062e-06,0.0027740035940256066,0
0.9832897951243835,0.011746679992350446,1.588140415007831e-05,1.1086288498124556e-07,5.508784210336648e-06,7.537865125232612e-06,0.004934485966895667,0
0.9757222802409786,0.01836705898041748,1.4102251811632306e-05,1.2683116328713174e-07,6.4359874027748765e-06,8.643250304797156e-06,0.005881352457921173,0
0.89115837444608,0.09898895444437433,2.5885601887996722e-05,1.8704970737034453e-07,1.4569329456615688e-05,1.5403995517978472e-05,0.009796625132975596,0
0.9193343094111244,0.07089836412409316,2.7467483156904123e-05,1.9881074353624662e-07,1.610044390882977e-05,1.6372545273726773e-05,0.009707187181699566,0
0.8908372630951069,0.09712455771836913,2.1645295943782494e-05,1.6956601461478207e-07,1.1181933085709992e-05,1.4890467446228111e-05,0.011990291924033275,0
0.9338524804944376,0.05543562122733642,1.8447754478400113e-05,1.186275664965765e-07,9.005346094553943e-06,1.1741718382244298e-05,0.010672584831704492,0
0.9420520139355275,0.04710090444690465,1.8417548985053323e-05,1.1843333124833783e-07,9.692476449037873e-06,1.1410576877898092e-05,0.010807442581924762,0
0.9274687710102305,0.06324634477203724,1.723793257412237e-05,1.3598061595994272e-07,9.228849665711589e-06,1.2566426711891334e-05,0.009245715028164604,0
0.9318723777593463,0.06354502850872773,1.7107368833023128e-05,1.5598331730561564e-07,1.3849541707952854e-05,1.2512238680820982e-05,0.004538968599386837,0
0.9343968402811003,0.06117540266168031,1.6469426505935534e-05,1.501666215062767e-07,1.1405894595168616e-05,1.169058431142902e-05,0.004388040985185463,0
0.9368080670195381,0.05891158779813455,1.6584481470070466e-05,1.179047189082009e-07,1.035118899386854e-05,1.0350793595112139e-05,0.004242940813549177,0
0.9143344136708997,0.036690970145385984,3.631349205380909e-05,2.627429870515281e-07,3.335626629179371e-05,2.3258936098038484e-05,0.048881424746283465,0
0.8268886549397088,0.1666005065239224,3.0051412267252943e-05,2.1743427518661746e-07,1.6757291337194443e-05,1.7697668527559723e-05,0.006446114729961742,0
0.9025733914761797,0.08198017236825127,3.764958060239968e-05,2.481745174450541e-07,2.021018153522563e-05,2.3466067972868045e-05,0.015364862150941043,0
0.94473520734783,0.037383018930977736,4.4972007178035194e-05,2.659365168162794e-07,2.165663637441154e-05,2.930908009504054e-05,0.017785570061027902,0
0.9626210001828082,0.017290374659882052,5.4655561171891925e-05,2.771879555987638e-07,2.064432050593335e-05,3.282766332364628e-05,0.019980220424352907,0
0.917306822958043,0.014430471918255082,3.600906418226684e-05,2.516075187506031e-07,2.316975557948831e-05,2.5413696423386602e-05,0.06817786099999819,0
0.7761914638796459,0.010050301514127228,2.64608640599408e-05,1.9445246984430667e-07,1.790652449693381e-05,2.0177626039129282e-05,0.2136934951391612,0
0.35026640528232283,0.007767385788327367,1.899915949738543e-05,1.2244446527574697e-07,1.0039259021267964e-05,1.1279479609977414e-05,0.6419257685867561,6
0.9409994453535997,0.04723718678347449,1.8526084192460124e-05,1.2110619698362095e-07,5.8163612868312945e-06,8.08760412284928e-06,0.011730816707126905,0
0.8989397772318406,0.0973546295984116,2.4083980142860113e-05,1.5779258764715334e-07,8.243335774188446e-06,1.003639047369044e-05,0.003663071670769419,0
0.7318056578893732,0.26812372542510415,1.795525096319745e-05,1.980387608521422e-07,1.4684024364904088e-05,1.227214327811851e-05,2.5507228155600073e-05,0
0.36511685602901295,0.6347838191451822,2.1153427131692783e-05,0.0,1.7865455453623772e-05,1.1637085868465666e-05,4.866885735113674e-05,0
0.3986480199130548,0.6008279306853855,2.569208236603626e-05,2.2725622073691118e-07,1.720450545497703e-05,1.2144460635731952e-05,0.0004687810968820294,0
0.393833431529344,0.6053781607318455,2.5902360898723436e-05,2.2911621417612587e-07,1.7456424299159826e-05,1.2243857770085481e-05,0.0007325759796284265,0
0.41546217359807464,0.5836579544743719,2.504728532108519e-05,2.2917966259519275e-07,1.6677304795115826e-05,1.3398141554945428e-05,0.000824520016219653,1
0.4414310579866695,0.557612533466398,2.6612891284964502e-05,2.435047697658622e-07,1.7719736640082565e-05,1.4235605976914716e-05,0.0008975968082609342,1
0.42492505917283074,0.5741660225028711,2.534621609352606e-05,2.319148433818166e-07,1.747553144998861e-05,1.3558043785983631e-05,0.0008523066181253966,1
0.21747372983294375,0.7823749086853552,1.3607617026156376e-05,1.651271182577761e-07,9.419131221619399e-06,9.0091114506571e-06,0.00011916049488455554,1
0.24543055711185438,0.7541532643954875,2.27613420112848e-05,3.114625612343637e-07,1.1625098192078002e-05,9.177292229313316e-06,0.0003723032976642586,1
0.32392464895939305,0.6746980650766712,2.2590339515432846e-05,1.655558345093744e-281,1.6042955561945268e-05,1.1326863636971159e-05,0.0013273258052214473,0
0.6124252493085447,0.3872468139785085,2.1484254339526765e-05,2.1369901784651106e-07,1.52934540101469e-05,1.7060013094051735e-05,0.00027388529248528883,1
0.40205872428514483,0.5977667419332283,2.8888511036568333e-05,2.1830885109728876e-07,1.494984082150233e-05,1.7428025153312338e-05,0.00011304909576438143,1
0.5520155545382102,0.4479191493216714,2.3799582259193765e-05,2.129200904183115e-07,1.7048971352246318e-05,1.6997494717914326e-05,7.237171698585171e-06,1
0.6878128831243913,0.31213329694689396,1.8546787093089542e-05,1.7789206104713238e-07,1.3387100591466721e-05,1.2297532943655091e-05,9.41061602561368e-06,1
0.553286902797734,0.4466548101442944,1.870614439175254e-05,1.7190441808826685e-07,1.324994277797895e-05,1.0777376360487147e-05,1.5381690023226617e-05,1
0.2328755655660485,0.767038953975175,1.9417337319385834e-05,2.8022057162588945e-45,1.3113445787190698e-05,1.337157494820444e-05,3.957810072172685e-05,1
0.21618500113346267,0.7833205232358765,2.1450747679852858e-05,1.5850813942122563e-07,1.2768760590239601e-05,1.3589588119507958e-05,0.0004465080261317487,1
0.23433792123201275,0.7650469342438747,2.3318323670212342e-05,1.7230840409627328e-07,1.4588508534984373e-05,1.4772744477022935e-05,0.0005622926390260266,1
0.2547455896984981,0.7449673225120953,1.817134321623311e-05,1.8167165776674792e-07,1.6642026535689364e-05,1.557549669722332e-05,0.00023651725129996627,0
0.4764438191921688,0.5233777760835463,2.5584624369278817e-05,2.478251739742337e-07,2.153967604005073e-05,2.6124386110091347e-05,0.00010490821259135836,0
0.29517149006950394,0.7047555105896679,2.029191885682639e-05,2.145719200463506e-07,1.762951730624335e-05,1.787287573393499e-05,1.6990457011064417e-05,0
0.4421479352429388,0.5577709738765916,2.1314489558335646e-05,2.2589171968811983e-07,1.7784444473100955e-05,1.4040833238973724e-05,2.7725221479385294e-05,0
0.6974968287956294,0.30243694894053685,2.551189164027366e-05,2.1376335746945685e-07,2.2888825655613366e-05,1.170486350342343e-05,5.90291967716094e-06,0
0.503245865157089,0.495929189873732,2.4186318855909787e-05,2.2851770765165668e-07,2.2309982830575777e-05,1.482493618533163e-05,0.0007633952135993706,0
0.5255031599150427,0.47260538655764295,3.51928004938708e-05,2.084649461329019e-07,1.6168840042102755e-05,1.353111605966796e-05,0.001826352305772636,0
0.6050018184074961,0.39324324106759445,3.555468973301661e-05,1.8111638286192493e-07,9.969501660554986e-06,1.1755965893899366e-05,0.001697479251239245,0
0.676549447127629,0.3216768886500416,3.3632065784171255e-05,1.5852518757907438e-07,9.711660242582988e-06,1.3213120716743458e-05,0.0017169488503983202,0
0.7034176354533358,0.2963878442583581,2.2158403374799834e-05,2.1744086657667328e-07,1.1271507041544968e-05,1.413153600404421e-05,0.000146741401019141,1
0.6394653144825166,0.36038804701164623,2.2810810638215598e-05,2.2384295242728893e-07,1.1377710869150712e-05,1.465111331061964e-05,9.75750280666879e-05,1
0.6994642344694422,0.3004367693314492,2.5203867319915875e-05,2.363142975943925e-07,1.50630132794691e-05,1.3135631359183178e-05,4.5357372852525574e-05,1
0.36018355807946356,0.6397728854863242,1.849840760034173e-05,1.34912498147553e-07,7.24069834418635e-06,1.0698982861825357e-05,6.983432907652094e-06,1
0.3550033602622326,0.644951528663691,1.9182458136183328e-05,1.5745689048036742e-07,7.50845131456184e-06,1.093066725164582e-05,7.332040483441007e-06,1
0.22719507011813442,0.7727516844889281,2.17506768663525e-05,9.775047448467224e-08,1.1545438259343867e-05,1.4931640140023056e-05,4.919887197445391e-06,1
0.11880911757161589,0.8811438463470286,1.6509696640021166e-05,1.670798670588831e-08,1.2592439571292955e-05,1.2530502760925653e-05,5.386734396834488e-06,1
0.10531323530852357,0.8941787666884307,2.1504358524821782e-05,2.2331611001445752e-07,0.00046023786596854894,1.658793804724189e-05,9.444524395248927e-06,1
0.03753992720599052,0.9533933177375012,0.001916596374408152,2.472044341484194e-07,0.004819794228164191,0.0023247502612838366,5.366988218174849e-06,1
0.038639870210066894,0.9500260593160615,0.002016555121249208,2.5444767642819733e-07,0.006793945837450274,0.002517790823214797,5.524244280797148e-06,1
0.03427256750946819,0.9545241152796254,0.0017818427648360873,2.1311870951123994e-07,0.008211172581955074,0.0012027976767073137,7.291068698495256e-06,1
0.05612997606362774,0.9325159673269829,0.001862644830067476,2.1104020029548493e-07,0.008323013145119112,0.0011609676338120822,7.219960190390641e-06,1
0.05491501409062046,0.9035559388499133,0.0024119676583708592,2.1642427959702576e-07,0.03527320261505088,0.003838961633108431,4.698728656407651e-06,1
0.061159022913820915,0.8953257271728562,0.0022550232116545017,2.1986625781751062e-07,0.03082521570281029,0.01042846714768491,6.323984915595499e-06,1
0.09840827589087796,0.8707812497981126,0.004058880895487982,2.8541644942347376e-07,0.01979178620320586,0.006950479146942216,9.042648924084568e-06,1
0.07774842223279108,0.6299359074619879,0.005568938318800866,2.6934083223332396e-07,0.28264710495055356,0.004079096801848346,2.0260893185952977e-05,1
0.08196058475116431,0.7299682444139709,0.00915478989706722,1.981009135825673e-07,0.17582508659699658,0.0030827227311499518,8.373508737402707e-06,4
0.06896578968416082,0.6544974372631915,0.0039626679563755625,2.098168543159205e-220,0.27140545627592244,0.0011540450056350628,1.4603814714706429e-05,4
0.05385856857656921,0.9071007771719838,0.013619085588477,1.8225576332655722e-07,0.023193222000886162,0.002219639039857176,8.525366463496849e-06,1
0.02214813280945849,0.932523508324331,0.014000778957251407,1.8736372860298693e-07,0.026299347803937164,0.005023980346734034,4.0643945593288155e-06,1
0.02281421175660383,0.894734615986351,0.06218873983572921,2.0607876636956066e-07,0.01431004335450419,0.005941783442114659,1.0399545930778818e-05,1
0.026854600002388252,0.9393998445567564,0.01491722534872702,2.2183308955034097e-07,0.013993292807695928,0.004818628295676638,1.618715566609336e-05,1
0.05162459452190457,0.908712033326617,0.015539558413725193,2.479065510135434e-07,0.02018869732786396,0.00391059658104736,2.4271922290813632e-05,1
0.09677052573306415,0.8072475245405913,0.0313359718492479,3.028990726393908e-07,0.058252003311690725,0.0062754022280417186,0.00011826943829145572,1
0.09355108561673153,0.760103864874764,0.07257077978579554,2.8177263730016603e-07,0.06820235860309806,0.005477009263252263,9.462008372121013e-05,1
0.11886509373066323,0.6234465858651461,0.010820463870277594,2.674210110427928e-07,0.23968845038349404,0.007172591524032826,6.547205375169459e-06,1
0.07163046916688284,0.7848807041268774,0.02840678100717293,3.389962119937276e-07,0.10360621591121807,0.011468302343544533,7.188448092257909e-06,1
0.041290694247058106,0.8775571990931288,0.011513508698175133,2.3460119059573505e-07,0.019674163074224458,0.049959992164694184,4.2081215285400425e-06,1
0.033230975702911614,0.7951544787772141,0.012791622564111179,2.1367248799668636e-07,0.022905168283718944,0.13591370828330057,3.832716255668977e-06,1
0.017150332536628496,0.3734818912328411,0.01802773924245414,9.255230154041852e-08,0.010493857100808773,0.5808441705851649,1.916749801143629e-06,5
0.014539474654772023,0.46132544200899533,0.011975046016270039,1.349312364665888e-07,0.008509667955949268,0.5036449647313267,5.269701450223971e-06,5
0.0038111614419827225,0.08059190061281886,0.007715191486137686,3.374524413597412e-08,0.0042551690382572815,0.9036235457618552,2.9979137041382157e-06,5
0.0034614800143033093,0.0676347322108618,0.007527734105028514,2.9485394707330717e-08,0.0038545785694644764,0.9175203032265887,1.1423883585068577e-06,5
0.7519508149994598,0.0381990386121275,1.2580717615899982e-05,1.8444179461757638e-07,1.3285133818618932e-05,1.0060712986440435e-05,0.20981403538219714,0
0.908121447683215,0.08549954793384923,1.299083905247869e-05,2.0010030029698754e-07,1.0748252839280513e-05,8.160880487098962e-06,0.00634690431025655,0
0.9225470267156284,0.07118829902681158,1.0952900887666488e-05,1.385377512495686e-07,5.827365411168265e-06,7.316016177208324e-06,0.006240439437332725,0
0.9146032504721756,0.08117841645380948,1.169970598246834e-05,1.3730507922181026e-07,5.379238922290218e-06,6.598172327224173e-06,0.004194518651703743,0
0.9044264901325074,0.08934452693067595,1.1982314360850686e-05,1.406217066516518e-07,7.54048068069974e-06,7.382541164778486e-06,0.006201936978903586,0
0.9770818699877923,0.01783152450025928,1.6096269968861946e-05,1.418001646776467e-07,7.82651488579747e-06,8.687311022510342e-06,0.005053853615906484,0
0.9453965023501681,0.04145601886170924,2.4696174796490025e-05,2.4415258760456825e-193,2.4652304325621087e-05,1.3254466774714833e-05,0.013084875842225775,0
0.7425334739734533,0.24550650901019758,1.1437740219091311e-05,1.4677904743556293e-07,1.5061339275620553e-05,7.398937638590604e-06,0.011925972220168347,0
0.8076699892215798,0.18459584626557785,1.1074728226800862e-05,1.29238312575136e-07,7.937604311383958e-06,6.8339403086862475e-06,0.007708189001682895,0
0.7298566367568037,0.26096534641799046,1.1795382711849008e-05,1.4732397207477976e-07,9.315083547146298e-06,7.2345212889693226e-06,0.009149524513685978,0
0.04144976619957556,0.9465979909821463,0.00016050491303339727,1.9557999324768203e-07,0.011153049843367152,0.0006223656637611937,1.6126818123013736e-05,1
0.03713415039873161,0.8066559318484112,0.00048116200269350036,1.9833964350190542e-07,0.15475165962393575,0.000962565924184925,1.4331862399401507e-05,1
0.1922483502576655,0.7873441357407094,0.00032074963064600563,2.8261715632698577e-07,0.017314640101211507,0.002743639796750531,2.8201855860730214e-05,0
0.1644559994979628,0.8274135199628756,0.0002932304365964434,2.1191711918914157e-07,0.007165187507439013,0.0006347995624544214,3.7051115552519276e-05,1
0.2520976024563987,0.7382420530231601,0.0001734523259809656,1.9832710432793366e-07,0.00923114935521855,0.0002452918297921539,1.0252682345056698e-05,1
0.37545767097518906,0.6133115000868273,7.685853277660704e-05,2.3721614308671398e-07,0.011038815827057145,0.00010174913288938934,1.3168229117354898e-05,0
0.5320883755087102,0.45396322684096724,2.614518744535803e-05,3.131251662019043e-07,0.013892822328147411,2.0290307443417327e-05,8.826702120200155e-06,0
0.4889579384665711,0.49801706504322846,2.251448097311043e-05,2.6964238108403724e-07,0.012976661124850377,1.7950278439736653e-05,7.600963556137876e-06,0
0.08170525636413761,0.9181860831361476,1.600572868153691e-05,9.398824322579777e-51,7.417492769827604e-05,9.221133703560937e-06,9.25870963134385e-06,1
0.06409382809600825,0.9358670157770465,1.5257865198512706e-05,1.0784798536910878e-07,9.96529442889521e-06,5.880956770153827e-06,7.94416256218805e-06,1
0.09500178038204027,0.9049469826615794,2.4756595987540435e-05,1.0505383735723152e-50,1.014800931739005e-05,7.838340771492496e-06,8.494010304020394e-06,1
0.16508494916298241,0.8348611969639855,2.594987896847629e-05,1.47264197211263e-07,1.063714953743139e-05,8.21615356312609e-06,8.903426765830509e-06,1
0.6807843866477546,0.31915699510553025,2.075102690875296e-05,1.9446000903187617e-07,1.5140416187744846e-05,1.4765344347024804e-05,7.766999262433649e-06,0
0.7665201337908965,0.2334332275465374,1.521939675385896e-05,3.1193827422819434e-07,1.5105997706575099e-05,1.287921589871952e-05,3.1221139327949873e-06,0
0.5356675710484257,0.4642688762070972,2.223308038814967e-05,2.792359829113151e-07,1.7020594788402243e-05,1.1098202699842782e-05,1.292163061796283e-05,0
0.46710241434320915,0.5324721640039822,1.750992069705621e-05,2.0645937767416665e-07,1.3835583824919641e-05,1.0978442379575552e-05,0.0003828912465293631,0
0.9004734414445801,0.0978553856043039,1.2764205987043505e-05,1.3708522896820796e-07,1.1747311566502717e-05,1.0138002295763968e-05,0.001636386346037717,0
0.8813283216338089,0.11703961781888247,1.8258407877133215e-05,1.915295977980979e-07,1.5144330779683893e-05,1.3206584618220633e-05,0.0015852596944355417,0
0.8768512913247123,0.12158240831316211,2.08570059072706e-05,2.0543150897620478e-07,1.624356110111428e-05,1.4454237177325932e-05,0.001514540126431007,0
0.9136964847594018,0.08110697306261813,1.9486239592486434e-05,1.8905639072235873e-07,1.33883064473728e-05,1.3706088845971213e-05,0.005149772486703591,0
0.967174908773715,0.03177544221939242,2.5792831057952164e-05,1.5085800945414388e-07,9.533758966873478e-06,8.589161668481164e-06,0.0010055823971897606,0
0.9870592151064463,0.010343723812074922,1.3419909150677656e-05,9.037249192506308e-08,5.656288107807627e-06,7.195600278574705e-06,0.002570698911449494,0
0.9771233729681845,0.0180126795937293,1.344478889408006e-05,6.67576724167616e-08,3.355782397848334e-06,4.8481725480260975e-06,0.004842231936573869,0
0.8944194564029266,0.09926457513668431,1.760885333699431e-05,1.3893778918625897e-07,1.0816214902422996e-05,1.1432416366616722e-05,0.006275972037993988,0
0.8658465571897873,0.12458061983738705,2.5150365993517944e-05,1.817368829088743e-07,1.415551277113394e-05,1.4966471582000004e-05,0.009518368885595983,0
0.9248250323021472,0.06509934694996694,1.6300716402002743e-05,1.285874305054547e-07,1.0523478725790764e-05,1.272754251883799e-05,0.010035940422808691,0
0.9268889479879503,0.05771160135572202,1.6501257688979862e-05,1.3016939096453467e-07,9.159283012138168e-06,1.2029391837504398e-05,0.01536163055439805,0
0.9288253873820141,0.0631261957882352,1.6285564565753485e-05,1.2846790596170568e-07,9.901702449299382e-06,1.1872151877687394e-05,0.008010228942951754,0
0.9377972334493269,0.05755172251232332,1.687603628323837e-05,1.1997748122850205e-07,1.0533162664774041e-05,1.0910269197446636e-05,0.004612604592722864,0
0.9360128707279016,0.05946087871967179,1.6739114971736176e-05,1.1900406106011494e-07,1.0447703352994814e-05,1.0821750285642676e-05,0.004488122979755106,0
0.940497421645951,0.054093568338319346,1.689681264407081e-05,1.1792759383472616e-07,1.0546130211451307e-05,9.996308440452426e-06,0.005371452836839861,0
0.8258297971302151,0.040643852747550994,3.7815787047049207e-05,2.457029122369019e-07,2.197293119890758e-05,2.0929815728861492e-05,0.13344538588534668,0
0.8269736503854573,0.03744279862833912,3.115782112990193e-05,2.4644090434227635e-07,2.163574452565315e-05,2.1171987832146568e-05,0.13550933899181145,0
0.961898558837623,0.017699395099177517,8.499567910697163e-05,2.811046324463425e-07,2.0936025576541204e-05,3.329151951329238e-05,0.02026254173436996,0
0.9531532779315792,0.01753847773363285,8.422292497114191e-05,2.785489170310869e-07,2.174831923315643e-05,3.2111064836849124e-05,0.02916988347682964,0
0.9547684899694073,0.014125022971157019,8.557788653564169e-05,2.5912523319464175e-07,2.1847153788526086e-05,2.7786356895461787e-05,0.030971016536982615,0
0.91474288793679,0.013926300798552619,3.590841639634747e-05,2.419012981414812e-07,2.1154033732579438e-05,2.3573329466937798e-05,0.07124993358376353,0
0.8231498323485591,0.011786558612748804,2.6715116696296124e-05,2.090230320190354e-07,1.924828235027854e-05,2.168956031786052e-05,0.16499574705629563,0
0.2088512591821045,0.0027218248968807874,1.2978858732197696e-05,8.364524849491907e-08,6.948601927293015e-06,7.27022953863043e-06,0.788399634585568,6
0.24324093977563108,0.002744684449044837,1.4679240180330857e-05,9.460374890700924e-08,7.75659020211004e-06,8.366316747626943e-06,0.7539834790244451,6
0.9327961736254693,0.05812025162744798,1.897759450443409e-05,1.2405774876401877e-07,6.3211217194316785e-06,8.564550043175452e-06,0.009049587423067053,0
0.8064200161739199,0.1934417172314959,2.018951273922735e-05,2.0542800226018042e-07,1.482865819530216e-05,1.3772136395994754e-05,8.927085925145827e-05,0
0.7832174771800591,0.21673124859162227,1.797671863339013e-05,1.9827554009917445e-07,1.4146848117160221e-05,1.3363186183780355e-05,5.589199844284412e-06,0
0.6706614970441425,0.3292844507822099,2.0307711271997362e-05,2.0399371116122703e-07,1.5586316949376432e-05,1.2203762039767087e-05,5.75038967533281e-06,0
0.38060401127116933,0.6192711488814125,2.205069167722812e-05,2.368207744585715e-07,1.862325416248456e-05,1.0793546568887626e-05,7.313553423503683e-05,0
0.35653885332041707,0.6433157033128281,2.1208146342132556e-05,2.1175040741584365e-07,1.7159964944428404e-05,1.0381130829559843e-05,9.648237423141839e-05,0
0.4274631800730134,0.5723044953783168,2.5977020645290794e-05,2.3763042545919517e-07,1.895953928529475e-05,1.3931106486529171e-05,0.00017321925182701097,1
0.2592497637044354,0.7406510381518426,1.5522109603446244e-05,1.8845804305163016e-07,1.1298126151144616e-05,1.0276627795885405e-05,6.191282212851818e-05,1
0.25925121368303583,0.7406551805978776,1.5522196418286253e-05,1.8845909709359186e-07,1.1793114560537264e-05,1.0276685272853468e-05,5.582526373772197e-05,1
0.22747910348405115,0.7724195726201735,2.0903283003873767e-05,1.8494120437486633e-07,1.5367621947323047e-05,1.0084854383012945e-05,5.478319523663849e-05,1
0.6205364570222855,0.37903397575105163,1.963497132432354e-05,1.27101969428157e-07,1.4224585017915294e-05,1.586767819107962e-05,0.0003797128901601951,1
0.37302832859553103,0.6267485229239903,2.6911070430868586e-05,2.11920797359767e-07,1.3680308806719548e-05,1.546083229680215e-05,0.00016688434814707325,1
0.6138036118018902,0.38613549057310115,2.654965153228769e-05,2.0336831562315709e-07,1.2833393922788236e-05,1.3019837785682595e-05,8.291373452179436e-06,1
0.18818854091944398,0.8116796327394565,1.5851040743114203e-05,2.7211630948292703e-07,1.1043102363301531e-05,1.1829322321857411e-05,9.283075936192468e-05,1
0.2032444601471489,0.796582786551812,1.9791849701794213e-05,1.5859655306459534e-07,1.2186891168469685e-05,1.2381652752654814e-05,0.00012823431086311226,1
0.31042993359833854,0.6894472850533961,2.152901343827941e-05,1.9415448158221207e-07,1.8501610241999654e-05,2.0116282946825873e-05,6.244028715668538e-05,0
0.4372430776195348,0.5626628133140362,2.5280778398266916e-05,2.448819734198487e-07,2.1333846642540987e-05,2.785906022322563e-05,1.939049919148692e-05,0
0.3438604658464516,0.6560534479465765,2.3209299597752247e-05,2.4542104730254987e-07,2.0964997206455396e-05,2.2233304420090646e-05,1.9433184700512722e-05,0
0.4583373268487224,0.5415934269963842,2.136696546114802e-05,2.2700401094918194e-07,1.7606121321972397e-05,1.4109970328776321e-05,1.593609377044897e-05,0
0.5006456099973943,0.4992734701942831,3.095310605132563e-05,2.710019775089095e-07,2.9017681463083195e-05,1.2480249079469797e-05,8.197769751090365e-06,0
0.49322412910716346,0.5066258355465364,3.0307674543361702e-05,2.46686169907738e-07,1.8548256312782972e-05,1.4007796613101515e-05,8.692493266103371e-05,0
0.5421876856622869,0.45585335383984815,3.6291347659324244e-05,2.1497220251650763e-07,2.513859136842234e-05,1.3953491346208701e-05,0.0018833620952883995,0
0.7362643946656054,0.262671059979637,3.542973761441051e-05,1.9740662323769412e-07,1.2822183146372766e-05,1.2813338546968314e-05,0.001003282688826386,0
0.6144983071550564,0.38355234938885424,3.611277848696672e-05,1.8395929942765435e-07,1.0443526000685345e-05,1.1940494922459944e-05,0.0018906626973798153,0
0.6084124533808396,0.38930156771412744,3.325400378499318e-05,1.8213740767679296e-07,1.0340095655333124e-05,1.1822238931770073e-05,0.0022303804292531644,0
0.6704822896233978,0.32771993367872554,3.4310435398896585e-05,1.5915775367244707e-07,9.940813845358468e-06,1.2197814367299366e-05,0.0017411684765112783,0
0.7033750673701263,0.29636990802562696,2.2157062434921292e-05,2.1742770790615516e-07,1.1401997209836794e-05,1.413068081877421e-05,0.00020711743607531658,1
0.36674509716637044,0.6332123174505975,1.737982959869014e-05,1.2774514403749262e-07,8.613173472964257e-06,9.903482279742141e-06,6.561152536537063e-06,1
0.30603673140946797,0.6939013389528319,2.2148590678227276e-05,8.984882908098842e-08,1.2201192360189325e-05,1.5177657624252958e-05,1.2312348208394361e-05,1
0.12160141949595482,0.8780013545816154,2.163276737956812e-05,2.0716072219154878e-07,0.00035130139656815954,1.309940197041566e-05,1.09851957896133e-05,1
0.12160681750694222,0.8780403299568917,1.9949551322955386e-05,2.071699182672129e-07,0.00031396623220056547,1.3099983466224327e-05,5.62959925801988e-06,1
0.12270871210490061,0.875375278836653,0.00022852719961862256,2.171477124767785e-07,0.001135231641008913,0.0005428494206700078,9.18364943633785e-06,1
0.10154441205356232,0.894259127583319,0.00026057663317456773,2.343678463083538e-07,0.002790979247465126,0.0011366520852813295,8.018029351207493e-06,1
0.09664561065301075,0.8992696690232446,0.0002763341119543201,2.3568101132942278e-07,0.0026599491159140067,0.0011430207565091767,5.180658355723446e-06,1
0.10883131270115451,0.8847818805870247,0.00032844443408995127,2.50858344961611e-07,0.004058351320550146,0.0019943137815540543,5.44631728179871e-06,1
0.059158045220554956,0.9181409706196769,0.0023589906843249553,2.1617477860850233e-07,0.019033718417461244,0.0013033070040986132,4.751879104631923e-06,1
0.06039377169040183,0.9094692755599862,0.0021472417829111086,2.411292690632719e-07,0.020741396682223627,0.007242601854865775,5.4713003420505605e-06,1
0.09996301989588477,0.8856895939201898,0.003608160496091341,2.2597459109664395e-07,0.008600997889725591,0.0021188070809447382,1.9194742572696522e-05,1
0.08918156739504891,0.8951187451521843,0.0037512182528091423,2.583111126353005e-07,0.008534502424075264,0.0034026176128047966,1.1090851964693677e-05,1
0.15595691817240862,0.6758979028686389,0.0055506266520779805,3.6956392694438973e-07,0.15668050029619682,0.005903022635185617,1.065981156495911e-05,1
0.13141651766141002,0.6690266660584464,0.0069101679792342155,3.260141656138821e-07,0.18758098312788937,0.005054481990615962,1.0857168238529422e-05,4
0.0755073448470648,0.8154787084009099,0.021741904100554554,2.0899818796595263e-07,0.085123164962541,0.0020732158732468275,7.545281749522614e-05,1
0.06885543590787775,0.8991689595632254,0.007851951207425534,1.9336996327421343e-07,0.022549134002792875,0.0015602231397652548,1.4102808950037383e-05,1
0.047800138524126144,0.9089976845977679,0.018190141619945522,1.709610683958032e-07,0.023545375733739823,0.0014589193096907881,7.569253661490723e-06,1
0.0236724776848139,0.8729993293256076,0.07918103806908756,2.1383140694244242e-07,0.019934200538425435,0.004201949775960429,1.0790774698025609e-05,1
0.02421949943834081,0.8962922895040455,0.0595789627116428,2.1953675662542245e-07,0.0147964417641886,0.005100453011804524,1.2134033221388659e-05,1
0.03894953546343295,0.9287581673621064,0.013034308167631148,2.48475733280255e-07,0.013659630262872915,0.00558419901986334,1.3911248360208848e-05,1
0.05808890122945542,0.8915157064873694,0.019301512307713733,2.7781206295989923e-07,0.025180099890259846,0.005904700548650475,8.801724488187251e-06,1
0.11047098291399435,0.7117538098743511,0.015231921250352713,3.891690325985779e-07,0.1517999051730557,0.010730031220231384,1.296039898202688e-05,1
0.05776600548320314,0.8367286932896139,0.010046469012344244,2.43983195118294e-07,0.060351316142657555,0.03509752373091595,9.74835806985658e-06,1
0.05502098438214875,0.8301896605420462,0.0074418430348658325,2.207172259043923e-07,0.03816078934726604,0.06917701596105966,9.486015387607838e-06,1
0.04546344484464398,0.8875184533990892,0.009622844350167923,2.2306128426405946e-07,0.01945078491619936,0.037940198372727094,4.0510558880342355e-06,1
0.02772574020420934,0.6894534483447408,0.015530245047417837,1.9445385209034201e-07,0.019122842978210132,0.2481640409865378,3.487985032006847e-06,1
0.02918769155682902,0.4921098967834087,0.008910493021419164,1.3957643836099155e-07,0.010222398329604398,0.4595668458596338,2.53487266657976e-06,1
0.011744924867275785,0.6672699674987796,0.019264891044540374,1.4388232703060442e-07,0.008442692767093462,0.2932704050256736,6.9749143101001374e-06,5
0.0013055523094471719,0.0288521727685113,0.012446782717844936,1.1986734760082896e-08,0.0017121218418286947,0.9556828147197874,5.436558456616206e-07,5
0.9138214640029242,0.0813388695813944,1.2754307260374572e-05,1.8698673573551833e-07,1.0369175054569742e-05,8.034482792224713e-06,0.004808321463838544,0
0.9054075088676738,0.09123145625128058,1.122799246546322e-05,1.3176915704398455e-07,4.571854478142125e-06,7.2853469972172145e-06,0.0033378179179478678,0
0.9036406020719248,0.09234394485541834,1.1401948061251381e-05,1.3381066021479598e-07,5.888635660311265e-06,7.707719442750572e-06,0.003990320958832386,0
0.8746209875418518,0.12088259370635068,1.2218978825412774e-05,1.4339914679453895e-07,8.090857879908923e-06,7.528354828087e-06,0.0044684371611171956,0
0.8968353474758106,0.09872687302262036,1.2451861902283385e-05,1.5074819345395892e-07,7.346930921138927e-06,7.596384144212928e-06,0.004410233576408123,0
0.9441471495834968,0.04966211480101868,1.4580517739767006e-05,1.4321589778960268e-07,8.766153981066062e-06,8.52564170965045e-06,0.006158720086156393,0
0.9514340460093336,0.03905847424913316,1.4849413819434589e-05,1.45857106706119e-07,7.169279696360771e-06,9.046116001943072e-06,0.009476269074908636,0
0.9715972312870184,0.021308881817205978,1.5004430901410094e-05,1.3218160336712796e-07,6.719542716682773e-06,8.397835918933575e-06,0.007063632904635108,0
0.9792461311195275,0.01628074386930561,1.613192361522421e-05,1.4211425564004408e-07,7.788473931981342e-06,9.215715892036692e-06,0.00443984678347168,0
0.9754648289791259,0.02033275112205434,1.60696311278132e-05,1.2823301083628763e-50,8.337154963404959e-06,8.624590391860824e-06,0.004169388522336651,0
0.6655736324665631,0.3204087767062958,1.250729867736573e-05,1.6050455340746204e-07,1.387360486334525e-05,7.881769628186517e-06,0.013983167649418732,0
0.7081999541752171,0.2820896872919213,1.3904580752846301e-05,1.6226172929587708e-07,1.0511749711801187e-05,7.968057868953945e-06,0.00967781188279887,0
0.7764178349698234,0.2149660253158731,1.2762529464524845e-05,1.4893437910233095e-07,9.173037622721384e-06,7.313602267853134e-06,0.008586741610569316,0
0.10040349435664511,0.8829658974468954,0.00022850141837058946,2.2692608946105108e-07,0.01570865471316941,0.000645860261831054,4.7364876999084366e-05,1
0.18645309244183011,0.8080156542962065,0.0002925888683172898,2.416371218850111e-07,0.004839632726863596,0.00035595353835539195,4.283649130522168e-05,1
0.20675225864296387,0.7878253041450335,0.00015888931193639547,2.2680012458883003e-07,0.004932417045768492,0.0002858450188882424,4.5059035284905874e-05,1
0.27286610225272895,0.7161021355293836,7.543897242032382e-05,2.081357195997952e-07,0.010796741397878238,0.00015328052593220596,6.093185937050779e-06,0
0.5544887452692328,0.43117030550667784,2.2395075452732226e-05,2.682123330688149e-07,0.01429287020528623,1.785507916152143e-05,7.560651855864599e-06,0
0.5244422121825917,0.4659131021459494,2.106311692848779e-05,2.522602678885696e-07,0.009600818820719788,1.5440495308642193e-05,7.1109782341115295e-06,0
0.10954812579374194,0.8889823186521629,1.655862789186551e-05,1.3003590192152722e-07,0.0014377111742216902,7.842940093934294e-06,7.312775985522138e-06,1
0.07774713824437031,0.9221864687889126,1.6053534577289797e-05,1.3613024750386905e-07,3.825471726635336e-05,7.323930466965329e-06,4.624654158879808e-06,1
0.16152304179795376,0.8384220662967543,2.6206449450509717e-05,1.4872022119159285e-07,1.1122388643554348e-05,8.422890648242613e-06,8.99145632850529e-06,1
0.41281081578993684,0.5871163895291244,3.356040040432866e-05,2.2642716673297375e-07,1.9196186752620405e-05,1.2789623133588554e-05,7.022043481468381e-06,0
0.37876518574155565,0.6211830298782433,2.011214476460768e-05,1.55362666079012e-07,1.2600060774459299e-05,1.2119154599067469e-05,6.797657396888088e-06,0
0.5347346458165863,0.46521167863700447,2.3437307205642204e-05,2.943604484896397e-07,1.5138535788137383e-05,1.169932288129286e-05,3.1060200857641172e-06,0
0.5875577379707747,0.4117831397392455,1.8308990095061938e-05,1.71415499548134e-07,1.3981098679363379e-05,1.20657743438813e-05,0.0006145950113618746,0
0.8852096218394052,0.11309817166588734,1.2632534710317943e-05,1.3536667239314462e-07,1.1600042457468274e-05,9.204555393648888e-06,0.0016586339954734427,0
0.8891995648218056,0.10926473807851386,2.0422958152175096e-05,1.9316245218375495e-07,1.416742355190949e-05,1.3319175204016906e-05,0.001487594380320409,0
0.9191506731348008,0.07556892625387839,1.7387000686916227e-05,1.839026088378954e-07,1.4541261358590737e-05,1.3332453275487123e-05,0.005234955993391009,0
0.9197695293685854,0.07561980616123147,1.7398707204766253e-05,1.8402642888091448e-07,1.4551051864654517e-05,1.2948167801508705e-05,0.004565582516883255,0
0.9316521263267855,0.06451788590727546,1.7614918877538692e-05,2.0288561385738176e-07,1.3879132967618336e-05,1.2350264728332099e-05,0.0037859405637516506,0
0.9602272727718999,0.03690609873824669,1.3194401580018678e-05,1.1844449829392294e-07,9.659095245798534e-06,8.333798837490131e-06,0.0028353227496918996,0
0.9338007147406943,0.06478711807887065,2.90009811502537e-05,1.850581684619466e-07,1.373298924878549e-05,1.302076138115865e-05,0.0013562273904866268,0
0.963655520733968,0.035104212762001,3.0502091564881345e-05,1.6564243413697937e-07,1.0312175691825485e-05,9.430918856156087e-06,0.001189855675483939,0
0.9875237206936658,0.008980116220607954,7.582917971071555e-06,6.069472158640171e-08,2.219154553175397e-06,4.539345435906697e-06,0.0034817609730447056,0
0.9793562280659005,0.016341340659262654,6.952576557812301e-06,5.993599526511666e-08,2.9462670554611142e-06,4.07520919676101e-06,0.004288397286031593,0
0.9794052234724729,0.015769646094629056,9.757085335239751e-06,6.117191531034274e-08,2.8523227232635993e-06,4.159242718061329e-06,0.004808300610205959,0
0.9621475735277346,0.030472701715290273,1.2434917702808842e-05,7.709980997019983e-08,4.198890033969318e-06,5.8892953432233535e-06,0.007357124554085045,0
0.944298889809311,0.0500844309089434,1.777059819184494e-05,1.4319619972059995e-07,1.1153573239941482e-05,1.179255316513468e-05,0.005575819360949026,0
0.9023452418205221,0.08640139217098017,8.111230365142546e-05,1.5308518317849366e-07,1.11058967811855e-05,1.5152322200152599e-05,0.011145842400682055,0
0.928396821828052,0.05298748481750056,1.636367180013301e-05,1.2908405118655704e-07,1.1646157034240463e-05,1.2776697874144638e-05,0.01857477774368744,0
0.9250074912928601,0.051756392335664446,1.6467762412308657e-05,1.2990516505844563e-07,1.0289461567854503e-05,1.2004973831593694e-05,0.023197224268498292,0
0.9278697129150988,0.0640299467820263,1.651871809222485e-05,1.303071265298615e-07,1.0043460927171192e-05,1.2042120444998058e-05,0.008061605696283931,0
0.9295498564688914,0.06533881692929679,1.5190565802456569e-05,1.2906044338143467e-07,1.133058162085809e-05,1.1639866414916508e-05,0.005073036527530137,0
0.9287927001489654,0.06653154048021127,1.546786108320692e-05,1.3141636957579884e-07,1.1537415049742782e-05,1.152051267783555e-05,0.004637102165642996,0
0.9357895873464844,0.055863589159968065,1.7180018266310456e-05,1.4578207447355516e-07,1.1623129162073524e-05,1.0225481050410209e-05,0.008307649082994228,0
0.9111731770530224,0.03704787927828303,3.589329733866309e-05,2.5970270619841895e-07,3.2970290556052143e-05,2.1572944195015592e-05,0.05168824743389843,0
0.8507246724961317,0.1432126305202356,3.241274620233683e-05,2.1466131447568597e-07,1.9184551877526227e-05,1.870489134537121e-05,0.005992180132893148,0
0.8526943717160147,0.13437264314754044,3.505209822679877e-05,2.3157233144149058e-07,1.8858176516870404e-05,2.017846256456233e-05,0.012858664826805118,0
0.8835094477648281,0.10133742488371149,3.6935290742095795e-05,2.4346613720388047e-07,2.1374581298706655e-05,2.1214850257481498e-05,0.015073359163025034,0
0.9533146855503712,0.01328907311526514,8.193506189016193e-05,2.480949562859687e-07,2.119189289248311e-05,2.7852628286650777e-05,0.03326501365633815,0
0.8130580929551622,0.006623318273873122,2.6387591882503722e-05,2.064604293391134e-07,1.9012300222097437e-05,2.1423648351796328e-05,0.18025155877007906,0
0.8189340448057707,0.011029483065394368,2.657829439281457e-05,2.0795251404051924e-07,1.91497016718122e-05,2.1578476558132707e-05,0.16996895770369833,0
0.7862973191242387,0.01108732074193686,2.8401228736712623e-05,2.0491604781721516e-07,1.767352508733087e-05,2.1263393494475386e-05,0.20254781707045816,0
0.3951228277886571,0.00733922530181067,1.92941353490049e-05,1.2434550518363206e-07,1.0515936429491668e-05,1.2902881126944964e-05,0.5974951096111215,6
0.44491458124952904,0.008509954568017345,2.2371872847220164e-05,1.441806943287068e-07,1.19774197401273e-05,1.3659467357395486e-05,0.5465273112418144,6
0.9173363177330986,0.07675475442528308,1.3795025059168625e-05,1.273732428876331e-07,6.267529799081686e-06,7.901594622907429e-06,0.005880836318894152,0
0.8085919346733711,0.19129832784244782,1.7373465701550427e-05,1.8572242415401296e-07,1.3021722921524627e-05,1.2451051118164224e-05,6.670552201545872e-05,0
0.7824350067655947,0.2174746343472896,1.877938078880643e-05,2.007516625711115e-07,1.4073792856228444e-05,1.3458629048781752e-05,4.384633275923671e-05,0
0.38686867840015854,0.6130284915040642,2.3018977716520994e-05,2.472200060599807e-07,1.9441035177052876e-05,1.1321153234627292e-05,4.8801709642843264e-05,0
0.37708409770558154,0.6227892128995637,2.3385488949545278e-05,2.3348984549618079e-07,1.892169943137818e-05,1.1446913670911815e-05,7.27018029573917e-05,0
0.3591362854454044,0.6406560932094564,2.2659487895115924e-05,2.2237659002579202e-07,1.8136532552004473e-05,1.090208279956495e-05,0.00015570086530244167,0
0.4159277548878186,0.5838188829832051,2.849295647770271e-05,2.6064549367843967e-07,2.097817053991066e-05,1.5156919381987472e-05,0.00018847343708310366,1
0.3964190422221245,0.6033920548789736,2.738934246711451e-05,2.505499453682697e-07,2.0165625764415997e-05,1.3444569761455762e-05,0.0001276528109634464,1
0.36637770070560843,0.6335458890073162,1.8754246582587865e-05,2.2752715636158493e-07,1.3027926718903297e-05,1.2138133709399877e-05,3.226245290801684e-05,1
0.24409815848159266,0.7558491288028638,1.6218465335523992e-05,1.9030484673373444e-07,1.190861515080838e-05,1.0377334105606858e-05,1.4017996104896185e-05,1
0.21906243182921065,0.780884605907708,1.917959310150683e-05,1.6969090678029896e-07,1.4100404029014025e-05,9.25325478865167e-06,1.0259320255407015e-05,1
0.22403464438236312,0.7759114128760155,1.9614925681298618e-05,1.7354249945095223e-07,1.4198807893857414e-05,9.46328235583181e-06,1.0492183191031316e-05,1
0.23482394069475127,0.7650542659136509,2.293960486986504e-05,3.139018816610254e-07,1.2151539850229621e-05,9.249167180535988e-06,7.713917781551648e-05,1
0.24816842751077192,0.7517094618061669,2.2539470465116834e-05,3.084265065061213e-07,1.1939581135494604e-05,9.087834410194239e-06,7.823537054381575e-05,1
0.2461571693595315,0.7533061531852342,2.0420328857989127e-05,3.07634761734246e-45,1.4524813418823246e-05,1.025500446673998e-05,0.000491477308490576,0
0.2258964624617328,0.7733531322539335,2.0461891386474815e-05,8.040340603614481e-233,1.3329304922403347e-05,0.0002655892990368969,0.00045102478898787325,0
0.6134578118191426,0.38605976951783344,2.104567895864776e-05,2.130439569751762e-07,1.67654288406169e-05,1.887301068849908e-05,0.0004255215005791407,1
0.32833688982488796,0.671579539089103,2.684626669792646e-05,2.0741026486077567e-07,1.5058830498849459e-05,1.573873909517426e-05,2.5719839452335188e-05,1
0.3784432723825067,0.6214589622540997,4.254894819121217e-05,2.496999697769146e-07,1.9822370678960312e-05,2.003985288844177e-05,1.5104491665362035e-05,1
0.6713241978427671,0.32859946440987875,3.357762632316086e-05,2.1925775990033624e-07,1.8583269260847988e-05,1.4979601589639507e-05,8.977992420809323e-06,1
0.615064032577439,0.3848563745817561,3.375729918686805e-05,3.1439517957136654e-07,2.2414559540127952e-05,1.5392366477300913e-05,7.714220420991746e-06,1
0.4898756944347993,0.5100419593105063,1.9377131715182622e-05,1.7455595736016934e-07,1.3454316487607707e-05,1.4303011847580976e-05,3.5037238686609374e-05,1
0.21858595219809995,0.7813381507542383,2.1128516278933723e-05,1.8218323617703658e-07,1.4773932264419248e-05,1.523262442269521e-05,2.457979145959623e-05,1
0.18243241110455485,0.817505666770446,1.7637984076415144e-05,2.935212650517001e-07,1.191176442871409e-05,1.1559763181014786e-05,2.05190920480405e-05,1
0.1957292081524596,0.804149977941009,1.8652927979489492e-05,2.8301994117304867e-07,1.1485596681685289e-05,1.1146188998909225e-05,7.924617293013338e-05,1
0.4127684163990067,0.5871432124753463,2.5630924658648613e-05,2.4827366120244233e-07,2.1065287755135704e-05,2.5588472864808873e-05,1.5838166707174866e-05,0
0.3981739848725882,0.6017658585743294,2.1137310318184964e-05,2.0247919449628337e-07,1.5695781933392264e-05,1.1395921261380418e-05,1.1725060374846878e-05,0
0.4221223157643241,0.5778102052276574,2.371021375678063e-05,2.271256328520364e-07,1.760632450952739e-05,1.2783070551332691e-05,1.3152273568108818e-05,0
0.5143759666955551,0.4853356220565074,2.2988436294155207e-05,2.0244719648766732e-07,1.4478200585412262e-05,1.2211723441530647e-05,0.00023853044041990934,0
0.5214601473167833,0.4782745346405178,2.4647814227813736e-05,2.1706047449771093e-07,1.5398224740525825e-05,1.4402108036645058e-05,0.0002106528352197316,0
0.5803365572881086,0.4177897172265666,2.9956732558559988e-05,1.389619865197047e-07,8.23422355956144e-06,1.0650015324839015e-05,0.0018247455518953742,0
0.5888608346806703,0.4108530749459356,2.202388906580353e-05,1.803902438481003e-07,9.035540161349215e-06,1.1474667981682395e-05,0.00024337588594142907,1
0.6770497662851176,0.32267909130121786,2.481504662563843e-05,1.8749976758422237e-07,1.1315195254013784e-05,1.3236463790963627e-05,0.00022158820822636187,1
0.6586910351270256,0.34097082551721514,2.4772168332566957e-05,2.4308979569089744e-07,1.287407703046887e-05,1.556500251808286e-05,0.00028468501808239497,1
0.35494872857400417,0.6450070217548209,1.8860070048046765e-05,1.3755017298747509e-07,9.346757637274363e-06,1.090771283767818e-05,4.997580478675995e-06,1
0.17451428183704615,0.825428667418848,2.0548756750707183e-05,9.232570321560145e-08,1.0824146226154225e-05,1.4106533006385595e-05,1.1478982419323348e-05,1
0.13695791397721124,0.862821469674668,1.918064611444761e-05,8.620040976794918e-08,0.00017984906945401428,1.1760432204371164e-05,9.739999938126229e-06,1
0.14924498047126974,0.8505073889302657,1.8032712489539575e-05,7.317056484730696e-08,0.00019728299028374909,9.983161863553452e-06,2.2258563262832754e-05,1
0.13823436215702567,0.8614914916777888,1.82656007270548e-05,1.5792778622567224e-07,0.00021251977775036288,9.838680735574563e-06,3.3364178186247645e-05,1
0.09508875276081596,0.9042965103915935,1.8538909609448236e-05,1.9252084051300186e-07,0.0005755362116901553,1.2327080035801399e-05,8.142125414512903e-06,1
0.09462740034045737,0.9025558973289783,0.00023924628070907172,2.284037100152147e-07,0.0020090092810380582,0.0005604043766285172,7.81398847868066e-06,1
0.0894032546218935,0.9064694170841037,0.00024028366249192426,2.293940779624341e-07,0.0029605055422850766,0.0009184618248913331,7.847870256383447e-06,1
0.04372833995098903,0.9469459467243826,0.0019612068309467043,2.2366952150371511e-07,0.006653357798833741,0.0006968515534878138,1.4073471838703643e-05,1
0.059602743457485646,0.9251949206404584,0.0026948541355514355,2.1360441161935533e-07,0.011525637524774306,0.0009769352591309634,4.695378187801643e-06,1
0.05739019203751539,0.9224082358426573,0.0025502712409552343,2.3732190434257055e-07,0.013306577490894375,0.004336074247351963,8.411818721440188e-06,1
0.07806139874234945,0.9080784137050252,0.0037333088159596075,2.31686868209014e-07,0.0087526845282105,0.0013507896429870883,2.3172878600022303e-05,1
0.1366047342395882,0.8460145671071297,0.005165623886182383,2.520791882314184e-07,0.00898887762534899,0.003206039079174254,1.9905983388189585e-05,1
0.14989142716538062,0.8306990795883605,0.005559858019852555,2.663433153996967e-07,0.009640615346859003,0.004194897159744247,1.3856376487603479e-05,1
0.09346198540434232,0.768625866950207,0.00814970945386472,1.8492287025748055e-07,0.12800295515438687,0.0017525792799115124,6.718834417250812e-06,1
0.04197949042271481,0.9173879503334122,0.018769758890647126,1.887252639491205e-07,0.019512685483164427,0.002338560653811554,1.1365490985913781e-05,1
0.052406645275324765,0.9034140197378607,0.015835993425780483,2.8151978782196137e-07,0.02005467270642436,0.008280716625638104,7.670709183863537e-06,1
0.1686353036888594,0.6466935268829461,0.010967905477819367,3.116577420689645e-07,0.1423799756214875,0.03131534642834562,7.630242800034069e-06,1
0.043108855403395555,0.8611768925059113,0.020879914555886208,2.6042640433825804e-07,0.07057506341284542,0.00425349132798108,5.522367575816972e-06,1
0.06581405269191283,0.7640869522662608,0.008786448831288813,1.7219248337913922e-07,0.1422090732926946,0.019098766003395398,4.5347219641956574e-06,4
0.05251430281198566,0.7649914477112921,0.014126738480599949,2.013294097143911e-07,0.03301213160636831,0.13534803690038824,7.14115995592309e-06,1
0.07325172467847713,0.8295193214600635,0.012234411164318927,2.4032143166368613e-07,0.02501927223042641,0.059970719417840046,4.310727442539703e-06,1
0.002233322012076011,0.046066602718017415,0.004314685882816762,1.8584600879370007e-08,0.0025108930773480777,0.9448733677844933,1.1099406476172995e-06,5
0.774451173979012,0.05053422672745534,1.4274890053928088e-05,2.7925283716564516e-07,1.731998009448004e-05,1.1911928140535958e-05,0.17497081324240674,0
0.7845918146062416,0.05140597064572954,1.4528740185535186e-05,2.82014691166686e-07,1.761998229433239e-05,1.2123757759870733e-05,0.16395766025309794,0
0.9148002101564223,0.08195248052181224,1.2086002691363868e-05,2.265799940902704e-07,8.183204440128557e-06,7.613489205504114e-06,0.0032192000454341818,0
0.9232742595069925,0.07279129533879479,1.0800647243074212e-05,1.4924985599015554e-07,5.83635904968237e-06,6.412997130400957e-06,0.003911245900933483,0
0.9166839695521632,0.07817091330837492,1.0426147952037787e-05,1.381143846837182e-07,5.8095571844587276e-06,7.215700352928363e-06,0.005121527619587563,0
0.8798062110759493,0.11614112708992365,1.153547323293842e-05,1.3537768115566982e-07,7.3066899032406575e-06,7.107233497028885e-06,0.004026577059812752,0
0.8663590919417254,0.12983174139815148,1.2270372506215606e-05,1.420445614406093e-07,1.0866483732651167e-05,7.457240045208107e-06,0.0037784305192775395,0
0.8517152906823748,0.14424736138188962,1.203063060478924e-05,1.4118873506344473e-07,6.835789289332533e-06,7.114671451800837e-06,0.004011225655654529,0
0.9336715660063535,0.058309978689810554,1.4371131357964669e-05,1.266025481124285e-07,7.1999016031966695e-06,8.043384244735772e-06,0.007988714284082198,0
0.5218424831156752,0.4626400483456837,1.7412407571415452e-05,2.031968754731519e-07,1.633527223787769e-05,1.006316267440317e-05,0.015473454499281926,0
0.06833172622550808,0.9258263277989796,8.726865298411161e-05,2.357497520230201e-07,0.005605350418856045,0.00010651997069307381,4.257118322697168e-05,1
0.13372133613892795,0.862180463896121,7.409789134831878e-05,1.2977513690412458e-07,0.003898755987361689,8.557168078735204e-05,3.964463031689307e-05,1
0.20463604350527267,0.790897014983185,8.295048628411304e-05,2.3370809285314184e-07,0.004265429625578685,8.721698792560573e-05,3.111070366116691e-05,1
0.20421563811060556,0.7856213637721051,1.7535032412809003e-05,2.04587093615084e-07,0.0101181671292428,1.4590405834501041e-05,1.2500962705770004e-05,1
0.3541890830103104,0.6415527463551407,1.5095123277096775e-05,2.3114093137414094e-07,0.0042242018909234725,1.2467443440416224e-05,6.175035976715795e-06,0
0.19346982689878972,0.8064743701627506,2.435664247151589e-05,1.7113290044841547e-07,1.3879041861079524e-05,1.2274067589493584e-05,5.122053636973478e-06,0
0.26786362469257863,0.7320854767350489,2.221600445801578e-05,1.5609250263952942e-07,1.2659251217376034e-05,1.1195333700244834e-05,4.671890494195714e-06,0
0.22716427819187227,0.7727835700789546,2.2872264739290894e-05,1.4819277584925483e-07,1.2018575821084476e-05,1.0628746093137743e-05,6.483949743786938e-06,0
0.33106582796923734,0.6688301315766887,2.8559831412637232e-05,3.003805834640601e-07,1.3672290008908046e-05,1.1727259403487502e-05,4.978069266550663e-05,0
0.8859140089965495,0.11210712275189826,1.7160982053408346e-05,1.5593722182321945e-07,1.4133252507795062e-05,1.00329408606797e-05,0.0019373851389085557,0
0.8831072734274336,0.11536373875235215,2.1781063552158795e-05,2.0833644348744945e-07,1.5280353934300395e-05,1.4767670899362569e-05,0.001476950395384776,0
0.9362784222773916,0.058683843937321296,1.65915987384908e-05,1.7548962858764128e-07,1.2771348053786359e-05,1.2722534434189011e-05,0.004995472814432033,0
0.90449359615716,0.08967933468323848,2.0209851578264914e-05,2.1375995183955805e-07,1.5765157531060905e-05,1.5040229506665535e-05,0.005775840161033857,0
0.9792851333211081,0.015901245866647217,1.7450570036458866e-05,1.1310440522840678e-07,7.147848108568522e-06,6.439644971051333e-06,0.004782469644723546,0
0.9836342987834653,0.011757606956790626,7.531554227928752e-06,6.028359910010002e-08,2.963354178530209e-06,4.098843714530976e-06,0.004593440224024106,0
0.9821358643015801,0.011578392985146617,8.53970508026144e-06,6.91520892043473e-08,3.6257062330729722e-06,3.7966765859402782e-06,0.006269711473285021,0
0.9793754598593245,0.015635386099573538,1.0831474686669873e-05,6.065110837543641e-08,2.903499707740875e-06,4.12383165662021e-06,0.004971234583942625,0
0.9785722009834291,0.015175013097063322,9.732251777471299e-06,6.133356919315165e-08,3.1653905802235717e-06,4.6849856513538495e-06,0.0062351419579292225,0
0.9734256084821232,0.020630263551862513,1.3070525119774975e-05,7.026200490188349e-08,3.943215258354016e-06,5.3792223084490225e-06,0.005921664741322698,0
0.9004331105458961,0.09316825320136721,1.9506093082467992e-05,1.538267953420382e-07,1.198159190998483e-05,1.1883694575570217e-05,0.006355111046373367,0
0.9574307528903645,0.03674073628059417,1.4444299595322156e-05,1.1353218670485507e-07,8.843038865375317e-06,9.704566472624671e-06,0.005795405391921373,0
0.9462113605992237,0.04802450873346422,1.8194697704231807e-05,1.1220179060417888e-07,8.739414115724299e-06,9.59084614565258e-06,0.0057274935075559835,0
0.9353880790532039,0.0511079296110948,1.6415601001628826e-05,1.2430547669440243e-07,1.0402896934714248e-05,1.1976334560674237e-05,0.013465072197727374,0
0.9459561235001173,0.040982961575355074,1.610514231708225e-05,1.2195455973603764e-07,1.0206153014250749e-05,1.1749833132366636e-05,0.013022731841503847,0
0.9258475273944758,0.06787911812809666,1.5590726632273945e-05,1.3407817119542723e-07,1.3760000029924922e-05,1.2831351675824329e-05,0.006231038320918307,0
0.9356087756841985,0.056431061684282746,1.7354690365149996e-05,1.472642650350991e-07,1.1741303446544669e-05,1.032944521441937e-05,0.007920589928227598,0
0.8487794989644064,0.03939096495778471,3.2778977139811424e-05,2.5926333988731513e-07,2.3455727988486752e-05,2.250267782985989e-05,0.11175053943151081,0
0.8696626784114575,0.03554516747965529,3.425809921393695e-05,2.4787137807731815e-07,3.242809487020495e-05,2.0590141262209725e-05,0.09470462990216263,0
0.9112580281046548,0.0053163516445113,3.9883955974708985e-05,2.69255731313653e-07,2.2249749171849777e-05,2.3227557003845445e-05,0.08333998973295194,0
0.9348168022526432,0.05391759458859461,1.9213165199749887e-05,1.2898415937565809e-07,6.194715794011096e-06,8.904653669405792e-06,0.011231161639939955,0
0.9232266038963423,0.07024624797060275,1.6095139567005608e-05,1.2517378166770327e-07,6.1593030755931745e-06,8.541419169986746e-06,0.006496227097460882,0
0.8989996929293423,0.09918354532766022,1.3181529615512061e-05,1.2170867150627217e-07,5.988798810321157e-06,7.550193137373117e-06,0.00178991951276276,0
0.7713935616094719,0.22855253372033948,2.0051317655417075e-05,1.982820419139998e-07,1.4702062980296679e-05,1.3363624386909193e-05,5.589383124291574e-06,0
0.7551450430620055,0.24480364634751695,1.8247589037088626e-05,2.114563956798954e-07,1.4923102025729095e-05,1.3564540597236854e-05,4.363902421870766e-06,0
0.6416449487351954,0.35830075595972555,1.9399550549851176e-05,2.153062632084204e-07,1.527915645023095e-05,1.3335191992975006e-05,6.066099822909349e-06,0
0.4312774626987688,0.5686374993433426,2.0871834044426474e-05,2.532177993536854e-07,1.4498941518256279e-05,1.3508679822247185e-05,3.590528470428876e-05,1
0.211382446269594,0.7885656756541809,1.913408060985433e-05,1.692482059149557e-07,1.40636179620186e-05,8.27857438556857e-06,1.0232555061908564e-05,1
0.23087316860277657,0.769080071053086,1.8661273917044886e-05,1.6506605124893168e-07,1.3505286364413622e-05,8.821048573227323e-06,5.607669231458227e-06,1
0.23787509067207555,0.7618224900717847,1.893625918545929e-05,3.227443148009848e-07,1.3469206761166672e-05,9.509710831824178e-06,0.0002601813350465172,1
0.24251799066404617,0.7566505995827999,2.2386722397366297e-05,0.0,1.4583180186604455e-05,0.00030098758094824785,0.0004934522696213829,0
0.5936094488059034,0.4058798230219562,2.0796671119926002e-05,2.2225900000243313e-07,1.6756570343888874e-05,1.9689347410824715e-05,0.0004532633242659522,1
0.5460247743116848,0.453896694433559,1.9638330543880825e-05,2.034529222043207e-07,1.543699493547401e-05,1.8023365834384704e-05,2.5229110520234256e-05,1
0.3476863250512379,0.6522212973389374,3.4740126267858754e-05,2.2061718765053773e-07,1.7490089291207193e-05,1.9744928215950113e-05,2.0181848862022274e-05,1
0.6421890454850885,0.35773059370596816,3.5492494288393464e-05,2.1545940940728655e-07,1.9643037651097316e-05,1.5833859688168725e-05,9.175957906236475e-06,1
0.6669354090648534,0.33300461499936834,1.9712128080918688e-05,2.027599984594302e-07,1.586764158958049e-05,1.2980892727944854e-05,1.121251338131572e-05,1
0.6439015720971626,0.3560226394526278,2.138796345385222e-05,1.8511131530140302e-07,1.6807872183472106e-05,1.2693933232988913e-05,2.4713570023907195e-05,1
0.6417710143227398,0.3581569828204807,1.898088621726815e-05,1.8150526008075644e-07,1.6180895540809997e-05,1.2440128059465719e-05,2.4219441701883677e-05,1
0.30443528314147517,0.695480818350594,2.4112957159635444e-05,1.8657655397518033e-07,1.7705315059439025e-05,1.97855003160695e-05,2.2108158841417693e-05,0
0.4755582905533488,0.5243344665476832,3.0203491821455166e-05,2.5101913655686627e-07,2.47667427283285e-05,2.6259489741693983e-05,2.5762155539939498e-05,0
0.36809987422984686,0.6318228185630708,2.3896852613667368e-05,2.3147659199288347e-07,1.8336391997670355e-05,2.0075857654927526e-05,1.4766628224016896e-05,0
0.7170160843019543,0.28292071865582497,3.0327713551056647e-05,2.162476899164959e-07,1.5249290983245853e-05,1.0862329349358351e-05,6.541460647025491e-06,0
0.7925825028028647,0.2066234493422987,2.5277517868575902e-05,2.072495891316967e-07,1.1029143798273769e-05,1.4630693774068602e-05,0.0007429032498065631,0
0.6441486762889322,0.3544663252963028,3.479835248729497e-05,1.9372621905618105e-07,1.0164261041954638e-05,1.3676017399571448e-05,0.0013261660576170437,0
0.5675873859646301,0.43055383306610784,3.116590982523143e-05,1.7070058872183137e-07,8.56659078010022e-06,1.2050533133049192e-05,0.0018068272349349975,0
0.6357508496861365,0.36248800296824885,3.2438267490300306e-05,1.5047322270204117e-07,9.398387832682211e-06,1.1367699483109736e-05,0.0017077925175858154,0
0.5844614853879622,0.4153009510955964,2.1474199433427883e-05,1.7398938843396242e-07,8.083841954560176e-06,1.1293364432357305e-05,0.00019653812123258984,1
0.5939737068951781,0.40593484368302396,2.1657915959165763e-05,2.2491075646075428e-07,1.167966139616563e-05,1.3383117930741443e-05,4.450381575551136e-05,1
0.603416490032541,0.39650996163777547,2.2343405983008956e-05,2.1396597293561407e-07,1.0875673991517448e-05,1.2731858155760666e-05,2.738342558024983e-05,1
0.4693824110050134,0.5305655128065757,2.1708779759988522e-05,2.078886355161409e-07,1.070621283609178e-05,1.2370231505841368e-05,7.083075673417374e-06,1
0.3954731688413585,0.6044838869234906,1.7458817928289946e-05,1.6718995157555803e-07,8.678592473665322e-06,1.0097712075446574e-05,6.541922721820992e-06,1
0.30839241143136087,0.6915444982747802,2.322609267434518e-05,1.043549916486235e-07,1.3676113022173757e-05,1.4240859595617682e-05,1.1842873575026369e-05,1
0.27597996854384454,0.7239661321220808,1.926618717849604e-05,8.656310944343783e-08,1.1755001822711424e-05,1.2029070801264158e-05,1.0762511162712453e-05,1
0.12385373498209691,0.8758651847668871,2.0834785796131703e-05,1.9951905350350212e-07,0.00024063183858866712,1.2616196038275181e-05,6.797911539249057e-06,1
0.09157584378960527,0.9074331017031417,0.00010404136849028966,1.8897154653203733e-07,0.0006512793917089086,0.000227552757461382,7.992018046141857e-06,1
0.06628194929751742,0.9168986924641812,0.003845025175150035,2.0477670718202545e-07,0.01244400592718997,0.0005216337562529742,8.488603000864743e-06,1
0.14332113028134616,0.8417110115673885,0.003059142257012413,2.2173680649724302e-07,0.008865073046313154,0.0030331802696442413,1.0240841489218713e-05,1
0.062225878433563885,0.9032880869267561,0.011361572179114977,1.85824636747618e-07,0.019558210651010356,0.003554875176704316,1.119080821360058e-05,1
0.04619212285269888,0.9007536456776287,0.030743999708963663,2.481364062938898e-07,0.015741794269317502,0.006556156949213168,1.203240577192166e-05,1
0.018790171746034118,0.20919506281024947,0.0039193944950493345,4.622450026097818e-08,0.7625976917881498,0.005496415604966884,1.2173310501358376e-06,1
0.06492446042730861,0.8505377079886928,0.016427665621149133,2.229905153667897e-07,0.04099684723579361,0.027105186256543786,7.909479996722728e-06,1
0.026468565287462678,0.8410686589077534,0.010420161481872765,2.3884458692422047e-07,0.01735151252199163,0.10468652525706125,4.337699271196958e-06,1
0.0012335245675324216,0.022911530157181,0.006821699567742205,9.325974915894453e-09,0.001371905238094346,0.9676608453036849,4.858397900269888e-07,5
0.005032020843854037,0.10866874065256657,0.04554371044774095,3.8410160502194534e-08,0.005549381639205844,0.8352041070162827,2.0009901893993357e-06,5
0.6402156513051465,0.03277409991508976,1.1778524513779437e-05,1.6780919302609317e-07,1.3581614692992349e-05,7.4534752615630065e-06,0.32697726735610255,0
0.6525281748801838,0.0329930914052008,1.1854550089445187e-05,2.1597072414578906e-07,1.4377596372808504e-05,8.291639675197039e-06,0.31444399395775385,0
0.7708978210010483,0.05573589031138602,1.4577718869097463e-05,2.1838402953150045e-07,1.836855085603552e-05,1.1912153893830016e-05,0.17332121187991742,0
0.9175569775455159,0.07956429561444904,1.1565440483609452e-05,1.695571479677552e-07,9.241112824346992e-06,7.285564841200967e-06,0.002850465164737867,0
0.9003465295349292,0.0920833449217768,1.1122437116644111e-05,1.6541626369988356e-07,9.251403554289193e-06,8.060461679939495e-06,0.007541525824679322,0
0.8961829888852751,0.09971448880777,1.1160539968363708e-05,1.3097754993250368e-07,7.950141962821014e-06,7.004596077414089e-06,0.004076276051396554,0
0.8468696681702943,0.14977515840160108,1.1831276279271776e-05,1.388491581972053e-07,6.065677963816206e-06,6.996777338420976e-06,0.0033301408473647696,0
0.8514657176977549,0.14450940883278643,1.2030800080815525e-05,1.3960270698033664e-07,6.098597027264963e-06,7.034749574750416e-06,0.003999569720068733,0
0.8400770853414394,0.15531649417568916,1.2930519235899883e-05,1.5004284634996372e-07,6.009046219422567e-06,7.2370874712413626e-06,0.0045800937870983105,0
0.9601875850504054,0.03696325556758064,1.3913221028671637e-05,1.2256858495034457e-07,6.423772928250121e-06,7.787096229798376e-06,0.002820912723242206,0
0.9758233482400208,0.021080217044296384,1.413978491326682e-05,1.2456450053872332e-07,6.5283781052528085e-06,8.526798805225272e-06,0.003067115189358383,0
0.9838466326156909,0.0135931769728399,1.4455489338748792e-05,1.273457001339964e-07,6.329567858680779e-06,7.58701133817295e-06,0.0025316909972329877,0
0.06042976535568416,0.9011310401159177,0.0003571943741239832,2.0773390407529953e-07,0.03716389766923802,0.0009040386444507344,1.3856106681412083e-05,1
0.11011152594231527,0.8455013214380953,0.0006353425054605619,3.320351104851648e-07,0.03787376270677788,0.0058469127890561755,3.080258318446885e-05,1
0.4977864498582826,0.49543182571024685,0.00034413864748878846,1.7973903493154075e-07,0.004021673903015247,0.002395222989674898,2.0509152256491665e-05,0
0.5500445341002232,0.4452290101487532,0.00033020552827370346,1.750458286263983e-07,0.002987798311592747,0.0013732812889930574,3.499557633524602e-05,0
0.1573515444160256,0.8393646392186541,2.3717562243591372e-05,2.1275223640362e-07,0.0031987963571860722,1.749561758189072e-05,4.359407607244368e-05,1
0.2062528993413292,0.790506268458489,1.5948357981436195e-05,2.1917476648089374e-07,0.0031809608675723157,1.4272434640331564e-05,2.943136522119837e-05,1
0.24780648694203777,0.7493021918655246,1.6846666219145966e-05,2.3365336675085822e-07,0.0028449245758537848,1.3706164368541353e-05,1.5610132629777926e-05,1
0.21971703732366943,0.7723574999049286,1.682397222751447e-05,2.3098751862573778e-07,0.007884642662291734,1.3556017721733757e-05,1.0209131641848074e-05,1
0.32029730524876115,0.6753256596596244,1.5183851845611636e-05,1.7798956011358848e-07,0.004338322693442433,1.2722504028210976e-05,1.0628052738125069e-05,1
0.5589376075291146,0.4336290630913476,2.223868965071761e-05,2.6633939448882633e-07,0.007385586098648549,1.7730396354330075e-05,7.5078554896845334e-06,0
0.5494412919713533,0.44481969675142896,2.1090104623812763e-05,2.5258348326431323e-07,0.005695088220874949,1.546027886605542e-05,7.120089369690194e-06,0
0.25347962221080933,0.7432726891251897,1.3984428609638472e-05,1.5510920620417927e-07,0.0032192465007200265,9.51293203609245e-06,4.78969342897851e-06,1
0.11501985892397434,0.8836444238177996,1.5910674015682038e-05,1.3491882309657884e-07,0.0013081903224275492,6.89784364345636e-06,4.5834993161753315e-06,1
0.11907393014428864,0.8807107715705083,1.6870767320279215e-05,1.4306019150067558e-07,0.00018595806617606561,7.4663113955699345e-06,4.860080119776004e-06,1
0.1992349349608468,0.800718838327369,2.0414374941428262e-05,1.4269648864224216e-07,1.1171757263643839e-05,1.0229176644678124e-05,4.268706445853902e-06,0
0.37233218520604644,0.627614614371029,2.0525401494326593e-05,1.7194049234690542e-07,1.3944538336254322e-05,1.3412317522487607e-05,5.1462250792269066e-06,0
0.44140752062954164,0.558536470983799,2.1608749706012495e-05,1.810156583041658e-07,1.4680542972925732e-05,1.4120231090296098e-05,5.417847231809629e-06,0
0.8255352934412751,0.1744184436464659,1.4963653987185108e-05,2.3720935281899655e-07,9.692004853248154e-06,9.844455981437674e-06,1.1525588084435635e-05,0
0.6828888755454722,0.31704985397743424,1.8508206049047216e-05,2.7699943084583546e-07,1.821192518618926e-05,1.0814427958976845e-05,1.3458918468481822e-05,0
0.9015470902517198,0.09703331647776287,1.3427667721766085e-05,1.5271359857215662e-07,1.1266262462634551e-05,8.500668176157282e-06,0.001386245958558225,0
0.9439066016694244,0.05137691090421827,1.5720013741979223e-05,1.6172383846528207e-07,1.3141327383821848e-05,1.1378949266616633e-05,0.004676085412126394,0
0.9491187429573525,0.047015867694563764,1.3195610693475937e-05,1.479961807457835e-07,1.202584777353726e-05,1.0729332102531397e-05,0.003829290561333537,0
0.9188335412496293,0.07527944758242233,1.9385010284015726e-05,2.0503559111621608e-07,1.646907557569668e-05,1.442638024982958e-05,0.005836525666247786,0
0.9360634296050029,0.05977222944491513,1.5714470085570824e-05,1.6621222356172233e-07,1.314247469938816e-05,1.16947537069892e-05,0.004123623039366556,0
0.9428591477769459,0.05355788205903376,1.531369887906948e-05,1.4155793740561842e-07,1.1193049289543085e-05,9.960068987425238e-06,0.00354636178892705,0
0.964699562584682,0.03297261779468608,2.6987470745717988e-05,1.5866621851687506e-07,1.2939158331711312e-05,1.1163357657816967e-05,0.0022765709676778865,0
0.9836658925854941,0.010235856756718507,1.0693857978454263e-05,7.129518613352015e-08,3.738070732592583e-06,3.6054447666931828e-06,0.006080141989123422,0
0.9826954760060845,0.011633628194610248,1.0201359863954302e-05,7.119210412044656e-08,3.734383011140354e-06,3.274672103470169e-06,0.005653614192222513,0
0.9825976759252003,0.012062411498135596,1.1548920580637904e-05,6.722735026298956e-08,3.2024803498849017e-06,4.5709679943374415e-06,0.005320522980389221,0
0.9657635697567005,0.025325994178397395,1.618168841071229e-05,8.698639572744193e-08,4.881814622008819e-06,6.644485576286301e-06,0.008882641089897383,0
0.9243006829477743,0.07064502028195749,1.8100046249518178e-05,1.2275042868753003e-07,9.852678299378396e-06,1.0313668477213545e-05,0.005015907626813176,0
0.9353122367211505,0.05903534821836574,1.8315679145018726e-05,1.2421280231889742e-07,9.970057090616952e-06,1.0235524703597465e-05,0.005613769586741852,0
0.9530466581849186,0.03453377687493759,1.9859315668025984e-05,1.228686856815186e-07,1.0596293997285696e-05,1.110833839481643e-05,0.012377878123398023,0
0.9349559673421349,0.05600930939015329,1.5116052051492422e-05,1.2999603306259664e-07,1.2086175850320402e-05,1.2440688904214054e-05,0.008994950354872898,0
0.9231093942855172,0.06887182976280051,1.6011952941840133e-05,1.3603902401991936e-07,1.1227033482884057e-05,1.1862784551680914e-05,0.007979538141682199,0
0.929702334137574,0.059834064522109875,1.7196042510054497e-05,1.624356769577828e-07,1.2714114576688986e-05,1.2073332398424851e-05,0.010421455415154013,0
0.9251720176756497,0.06713186108297696,1.699191841217182e-05,1.4700126389624928e-07,1.3299302791566335e-05,1.2758927210755097e-05,0.007652924091694723,0
0.8588877907004228,0.03692786787086386,3.237732370709336e-05,2.4305173456344953e-07,2.2384394639105043e-05,1.7719862458206273e-05,0.1041116167961746,0
0.8982207938094026,0.037207542289198134,3.746168948332348e-05,2.7105066569362804e-07,2.320711050199443e-05,2.1390347170051133e-05,0.06448933370357826,0
0.8573560545829555,0.029675698731637255,3.37733117778755e-05,2.44363742434701e-07,2.0922200500230406e-05,2.0298769527651e-05,0.11289300803985902,0
0.9326994474011835,0.04975307081716059,3.9522065387156985e-05,2.793552367336882e-07,2.27493946813204e-05,2.5220677322324264e-05,0.017459710289028346,0
0.9687658521198727,0.016856617827251355,4.652142660008946e-05,2.8039952798520067e-07,2.0883511020291705e-05,3.320801324474487e-05,0.014276636702482933,0
0.9605522413232922,0.013116836724964467,4.452782804114548e-05,2.4758388266468014e-07,1.9330656082123192e-05,2.932162159398499e-05,0.026237494262143408,0
0.808809696702544,0.1896723494617005,1.914642427825511e-05,1.845192531776973e-07,1.4074115582663823e-05,1.388581786837683e-05,0.001470662958772961,0
0.800581768928935,0.19799401857725,1.751445631232616e-05,1.7317960222166652e-07,1.32091892648202e-05,1.3032463407231416e-05,0.0013802832052282777,0
0.8174039241124734,0.18068097008655862,1.743856711063817e-05,1.7285270574919168e-07,1.2589377895248826e-05,1.2018908690814686e-05,0.00187288609456565,0
0.7809627957451715,0.2189853597815923,1.8124878855318244e-05,1.9375503404637987e-07,1.5067425299912236e-05,1.2996642990457867e-05,5.461771056478672e-06,0
0.7561801015305407,0.24376566975855288,1.9574981384676424e-05,2.076858960197044e-07,1.5551119892218065e-05,1.3322669947980386e-05,5.572253785484526e-06,0
0.6565514423453653,0.3433993374078671,1.8481487703338663e-05,2.038429276747639e-07,1.5114387222531628e-05,9.67438968248026e-06,5.746139231538085e-06,0
0.39752367477045103,0.6024136292921386,2.228553115754436e-05,2.5402884951075056e-07,2.0683249361640432e-05,1.1632956317578642e-05,7.84017172405328e-06,0
0.3921532708257071,0.6077768969862654,2.3806675364626588e-05,2.5131231035926845e-07,2.046206638663985e-05,1.150855556016449e-05,1.3803578405757516e-05,0
0.3995580207183207,0.6003738971252868,2.3439914139618542e-05,2.1442169391871024e-07,1.8107477611594217e-05,1.0517602177668186e-05,1.5802740769696725e-05,1
0.27738774079768097,0.7225622739102084,1.5451985402232033e-05,1.874640115894991e-07,1.1334565315470639e-05,9.195300440428447e-06,1.3815976940837781e-05,1
0.2732127191154955,0.7267394971096187,1.554131526933104e-05,1.8854776457044076e-07,1.1400091860241367e-05,9.248459626442189e-06,1.1405360365166385e-05,1
0.23096928493625113,0.76897959592131,1.8811857900909553e-05,2.0251580106309716e-124,1.3149046039139568e-05,9.098002226252987e-06,1.0060236272273244e-05,1
0.24969214718771443,0.7502494073605336,2.3126951599870563e-05,3.16390671984927e-07,1.2247884079323522e-05,1.0445953161611883e-05,1.2308272239230003e-05,1
0.2649271235584211,0.7346181513635142,2.4707566352415038e-05,1.7696913123828606e-07,1.3459066952332385e-05,1.578382913561681e-05,0.0004005976464929887,1
0.5469439924531544,0.4529076454949444,2.1413728388245234e-05,1.1327252690385104e-07,1.4905958486168686e-05,1.611959474547035e-05,9.580949775440358e-05,1
0.3062059146527566,0.6937055877019361,3.439665113304886e-05,2.1843594865084657e-07,1.8234259075909948e-05,1.954971039122218e-05,1.6098588758564536e-05,1
0.3457362802922503,0.6541724334296287,3.1386870719390693e-05,2.3664266967958446e-07,1.876055744741742e-05,1.9254362686976655e-05,2.164784459742067e-05,1
0.34711632140722504,0.6527949589121018,2.8504448789199712e-05,2.3789038734373864e-07,1.8859474007766476e-05,1.935588287549169e-05,2.1761984613384986e-05,1
0.6623434467487753,0.33756684403350656,2.0387639307280176e-05,2.1918491632512756e-07,1.4103358835596139e-05,1.3267729124924249e-05,4.173130553404111e-05,1
0.4821528800046338,0.5177582523860116,2.1223889506578708e-05,1.9119219532499225e-07,1.4736594183120816e-05,1.4339434128580492e-05,3.837649934110559e-05,1
0.4364174549789265,0.563485690902074,2.1962452100660935e-05,1.978454246354696e-07,1.5788938337975044e-05,1.6211337013906576e-05,4.269354612220701e-05,1
0.38673703713892404,0.6131792223352623,2.3915970296160754e-05,2.061285905981589e-07,1.7734182508211702e-05,1.6890054731087496e-05,2.49941896875298e-05,1
0.378727379205286,0.6212022793450175,2.6040065529153072e-05,1.9556623104321227e-07,1.5559405814273456e-05,1.52678801407259e-05,1.3278531981357471e-05,1
0.33465771702507363,0.6652603560870709,3.147530393109952e-05,2.0863798209740853e-07,1.9788476428288403e-05,1.628839338199595e-05,1.4166076131999388e-05,1
0.32262771638979876,0.6772748535716586,3.06667763073694e-05,2.0327855579117396e-07,1.9280156322505567e-05,1.9198653374980613e-05,2.8081173981917822e-05,1
0.4707578796936933,0.5291354105656257,3.0382998932519075e-05,2.525110077713419e-07,2.4913937842850563e-05,2.6025197514423093e-05,2.5135095383261405e-05,0
0.35934207569321974,0.6405865830072089,2.2185767068083556e-05,2.3459795355422126e-07,1.8583650299956528e-05,1.79859912109797e-05,1.2351293038805707e-05,0
0.35759044044855876,0.642340494577542,2.2246511196339816e-05,2.3524027744302894e-07,1.9293829721771835e-05,1.4904282104082654e-05,1.2385110599685049e-05,0
0.3618545161844553,0.638081849168612,2.3947201930889286e-05,2.3551644946588558e-07,1.9222204616957394e-05,1.3262270708487098e-05,6.967453226743101e-06,0
0.3354961733593272,0.6644468759766984,2.1755623102120015e-05,2.139626635177009e-07,1.6602720241962152e-05,1.2048545957261103e-05,6.329812009775952e-06,0
0.5937594906037018,0.4061637566816858,3.957795343495999e-05,3.580709128093606e-07,1.4040574430869971e-05,1.417544268414279e-05,8.600673149805347e-06,0
0.7100423540619752,0.28988680384333193,3.107444372035178e-05,2.215721491385595e-07,1.6844548218009115e-05,1.1129782054631721e-05,1.1571748550877977e-05,0
0.5749996195158305,0.4248947456146416,2.376103110280573e-05,2.140620692440312e-07,1.5185518497870757e-05,1.2654104416110377e-05,5.382015344185075e-05,0
0.6583270585705597,0.3413149123428658,2.376463604420608e-05,2.092827837934546e-07,1.6542221299304956e-05,1.5155326058482297e-05,0.0003023576203887777,0
0.6511369019732697,0.3485702337673561,2.5907954208788235e-05,2.281578716005827e-07,1.6214606602319693e-05,1.6464609475618232e-05,0.00023404893121591164,0
0.6551509696439395,0.3434477657429947,2.8002643312483125e-05,1.970351332417882e-07,1.0337870312355894e-05,1.3909608744080827e-05,0.0013488174555635816,0
0.5570796292745943,0.44101833469361046,3.449486161183809e-05,1.8893378111014723e-07,9.912815519772995e-06,1.3337697346376595e-05,0.0018441017235361844,0
0.49119284459342627,0.5065303867294805,2.995225736147448e-05,1.3894122717033793e-07,8.232993459676444e-06,1.1416031355301758e-05,0.0022270284536895163,0
0.6690393840359931,0.330585100296408,2.7693177688263914e-05,2.2392780887372225e-07,1.2384457481427471e-05,1.5808085375974948e-05,0.00031940601924445976,1
0.5793835822296529,0.4205188116851277,2.2436017071341736e-05,2.329910957728287e-07,1.2099275062565012e-05,1.5249883489818521e-05,4.758791849983974e-05,1
0.5841699134515115,0.41575717464469886,2.262136269088701e-05,2.349158526874465e-07,1.1940535189849126e-05,1.3978462434567354e-05,2.4136627621509923e-05,1
0.44316688061656717,0.5567849961117884,1.9564335813731458e-05,1.873529107606715e-07,9.725222992914355e-06,1.1315487154161423e-05,7.33087277288092e-06,1
0.37339769094055925,0.6265198381196534,2.809592090920363e-05,1.2623516288122245e-07,2.1363626326660863e-05,1.566768708689732e-05,1.7217470301927703e-05,1
0.06326719554538585,0.9366974868008195,1.4089661717365845e-05,6.332083946921307e-08,8.853992689229967e-06,7.857098247867381e-06,4.453580300716284e-06,1
0.10247879000558088,0.8972485595795484,2.1531939550724698e-05,2.061951700051957e-07,0.00023048622798389808,1.3400675386661808e-05,7.025376779321666e-06,1
0.1077728338741883,0.8919613031479537,2.121767483482315e-05,2.0318569348454607e-07,0.00022450932895725763,1.3009948943915277e-05,6.922839428589575e-06,1
0.08847094467354283,0.9106376278344224,9.75803899332235e-05,1.9580514708247129e-07,0.0006821566760822121,0.00010111158177778143,1.0383039094284092e-05,1
0.09349316516184668,0.9024033430537226,0.000384757667459275,2.376601726828897e-07,0.002847886098483999,0.0008624796941890479,8.130664125646866e-06,1
0.060939606285977714,0.9201630438295682,0.0023945207957865046,1.9813178628864562e-07,0.01368003850343945,0.002814475113323396,8.117340118606021e-06,1
0.05768951420705108,0.9313423766016022,0.0018677907458095919,2.0800250530077877e-07,0.00862690565030324,0.00046608875604145945,7.116036687183101e-06,1
0.13333719036586478,0.8540413079690564,0.003341088316824164,2.2498504788852415e-07,0.00635988227049334,0.0029099152322637303,1.0390860449680484e-05,1
0.1239370340845728,0.8607956842491155,0.005295064071735726,2.52593213971918e-07,0.006161379379794941,0.003799740273432836,1.0845348134147177e-05,1
0.12322593533582063,0.6735020952221622,0.007153513289685471,2.888918077782339e-07,0.17980639267568543,0.016299563444400846,1.221114043770858e-05,1
0.11011820108671584,0.6517346208426755,0.006392582963670086,2.581619372133981e-07,0.22079096094305287,0.010952463779496597,1.0912222451817243e-05,1
0.09233128570747724,0.78388652468862,0.008972973104444424,1.9675276875262352e-07,0.10912621594262811,0.005670075012861299,1.2728791200146445e-05,1
0.1446615085754841,0.615796542144744,0.009585084749966917,2.573673832637067e-07,0.22491030572603754,0.005035422798858008,1.0878637526236846e-05,1
0.1383119888961684,0.6309856160063256,0.009531555391410429,2.467786400782512e-07,0.21497749715536968,0.0061826647091415545,1.0431062944282333e-05,1
0.15363537566210997,0.7290739581713844,0.006910344633450532,2.7878893251169225e-07,0.10204329530638988,0.008330835690937026,5.911746795841407e-06,1
0.18815517716953317,0.7013907943674009,0.014129008738324464,2.5682423044576743e-07,0.09279225251205654,0.003526222621552907,6.287766901678555e-06,1
0.03483929102445026,0.8822556214511925,0.017859564996544973,2.456706340003896e-07,0.06268733029557791,0.0023530985184967413,4.848043103472396e-06,1
0.010741374093053818,0.7529233991015171,0.16334048368390608,1.8343506118024192e-07,0.054780015217503794,0.018208553186091714,5.991282866198646e-06,1
0.010533761825334218,0.725536744659971,0.1384632419484068,1.7988957726905954e-07,0.030343617372921197,0.09511867915368581,3.7751501034447467e-06,1
0.004774615035844357,0.11955388258597931,0.009543706558153207,3.776602764961012e-08,0.014369238323931624,0.8517573024548946,1.217275169206908e-06,5
0.0031124301478238844,0.07248124479366905,0.006772427023778536,2.335375374429015e-08,0.003381283928011899,0.9142521070988333,4.836541296142368e-07,5
0.7049317239111307,0.0351044523532853,1.277294544274264e-05,1.8197675479686948e-07,1.3881461416912628e-05,8.082746931791034e-06,0.25992890460503765,0
0.7558983322032163,0.036736754435383476,1.3447471320564993e-05,1.9564738770876528e-07,1.5697627669708576e-05,8.689946825797322e-06,0.2073268826681963,0
0.6909606039290522,0.046942736854577075,1.377914224006552e-05,2.510336794936144e-07,1.6519548309344823e-05,8.411877370795847e-06,0.26205769761477105,0
0.7304219502946514,0.057108033869877284,1.524798239789936e-05,2.7563930335444915e-07,1.8280512491533743e-05,9.30857348364038e-06,0.21242690312779497,0
0.8883899958230058,0.10295193243136858,1.1413238317158419e-05,1.8008474276691978e-07,1.3254817331374351e-05,7.73791660254216e-06,0.008625485688631768,0
0.8505898501002486,0.14565306473379375,1.3165580717899203e-05,1.5450825056467865e-07,1.1306851782131768e-05,7.531062255364274e-06,0.0037249271629519903,0
0.8630482477758875,0.1329896663639943,1.1336051593493198e-05,1.315410012875163e-07,5.330762768196186e-06,6.344679240168645e-06,0.003938942825515074,0
0.957389042339827,0.04010364624804095,9.655289012138864e-06,8.505831317318309e-08,4.1794070562868294e-06,5.822486502999383e-06,0.0024875691712473434,0
0.9648440170977306,0.03302587144652436,1.1930499283005862e-05,1.051017885689941e-07,5.610300981723131e-06,6.679637297699291e-06,0.002105785916394234,0
0.03236850388157663,0.5867659565784794,0.0003557029120099842,1.325868056018309e-07,0.37958147046202506,0.0009255111160708408,2.722463032582224e-06,1
0.06970689192935692,0.8890015534153752,0.00036855998293628046,2.0088056374253035e-07,0.03931641648341239,0.0015985017585093703,7.875549846169355e-06,1
0.4712999565598982,0.5184958133654057,0.00047974276152976586,2.262601319998375e-07,0.007036158247414088,0.002664101365390833,2.400144022938179e-05,0
0.31097430332964027,0.6867938518111938,1.6507143501259767e-05,1.8304743903841127e-07,0.0021972305394206805,1.227171695016378e-05,5.65241185490639e-06,0
0.5497997468200483,0.44644262385799977,2.2286821802785046e-05,2.3824622231431724e-07,0.0037123312261859165,1.6057092189869178e-05,6.715935551074439e-06,0
0.5658463481360351,0.4246467496657266,2.4024918912502194e-05,2.8773198674466436e-07,0.009455086368264896,1.9392286653082635e-05,8.11089242124636e-06,0
0.15099054270081455,0.8489518014159688,2.03475272422557e-05,1.443186874888121e-07,2.512220559564378e-05,7.481397677538823e-06,4.560434013720731e-06,1
0.09219008042649089,0.9077738664181025,1.5209991331722372e-05,1.1648900540744757e-07,1.032104659461025e-05,6.448231987261014e-06,3.957396487551478e-06,1
0.11146176182556124,0.888495740582522,1.728622032407947e-05,2.321526465982158e-07,1.086299994690151e-05,6.7036117068119204e-06,7.412607292346198e-06,0
0.17187217515658249,0.8280829177051587,2.09644380257378e-05,1.4654142981178066e-07,1.0641984123283669e-05,8.175828976043669e-06,4.9783457038670514e-06,0
0.26291936714984515,0.7370354287255674,1.934142175686468e-05,1.4621669047740022e-07,1.0618401230410842e-05,1.0724073081685846e-05,4.374011827979456e-06,0
0.5544887404972939,0.44546675381423356,1.7440529115177927e-05,1.5434727470835988e-07,1.030154580549161e-05,1.0929078099509993e-05,5.680188177579968e-06,0
0.6741197034954011,0.3258237929390946,1.659648004718278e-05,1.6573863112622478e-07,1.0450393266301714e-05,1.2426654977420911e-05,1.686429858232381e-05,0
0.6719483473203527,0.3279509942278455,2.1514717377923247e-05,1.8699085746420417e-07,1.2564640170036627e-05,1.5026284111879642e-05,5.1365819284467586e-05,0
0.8491349627732055,0.15082627821535544,1.0909267719239264e-05,2.0954120524306332e-07,8.561527418865744e-06,8.89743396985844e-06,1.01812411258108e-05,0
0.743966860666396,0.25593598430952963,2.0307869589388728e-05,3.0393374177081365e-07,1.4435184947440499e-05,1.1487523490669414e-05,5.0620512305267646e-05,0
0.8278837401499678,0.1714525842167848,1.7355362996915488e-05,1.6002918252306525e-07,1.2657805695556114e-05,1.0534479195858517e-05,0.0006229679561763874,0
0.91410644191879,0.08470285109586524,1.898592586130614e-05,1.7550178783925618e-07,1.1881222392311208e-05,1.1073386637889225e-05,0.0011485909486654373,0
0.9521830083729841,0.045288181268568456,2.907759650064752e-05,1.4272928211764446e-07,1.0758017668009828e-05,1.0042485235879084e-05,0.0024787895297608557,0
0.9424336729547016,0.05592510534425531,2.985653968282664e-05,1.7553420600649515e-07,1.3026225126490362e-05,1.2350147001348113e-05,0.001585813255026557,0
0.9787270444885715,0.010530142974041796,6.7349169156155585e-06,5.8361589483553396e-08,3.579186251539022e-06,4.23088809799995e-06,0.010728209184532184,0
0.9821690661891631,0.012185462623161511,1.0776282637258946e-05,6.791315020304721e-08,4.174650443855558e-06,4.253205858300223e-06,0.005626199135585824,0
0.9806750676733512,0.012877152797762303,8.219696921730809e-06,6.317366932939185e-08,3.2603571004268868e-06,4.825542329348421e-06,0.006431410758865442,0
0.9442870148801588,0.04701854184265237,1.7856173906392772e-05,1.0187488103195826e-07,8.785771446690953e-06,9.462096770995162e-06,0.00865823736018381,0
0.9444768142654857,0.044188060700428716,2.0113091250336807e-05,1.3298065802322196e-07,1.1468358602117935e-05,1.235118845922009e-05,0.011291059415115979,0
0.9559112401047245,0.02473656373910282,1.559446163609948e-05,1.1497569461171901e-07,1.088771551574882e-05,1.0587315230360312e-05,0.019315011688096108,0
0.9405669499316747,0.021565857270063545,1.4121888364318947e-05,1.0411862633065157e-07,9.859596736571001e-06,9.587563023971024e-06,0.03783351963151058,0
0.9233685683692407,0.06369199934603142,1.725829745481072e-05,1.4662808156667575e-07,1.2100927606177775e-05,1.2786164509656275e-05,0.012897140267075358,0
0.9355514697736913,0.05433490075838184,1.676087007855499e-05,1.424018928542549e-07,1.2883194613194367e-05,1.0276213881094223e-05,0.01007356678746124,0
0.916777166441522,0.03431792422651445,3.752495342244892e-05,2.715084062026883e-07,3.9596043324063865e-05,2.2012178082185525e-05,0.04880550464872882,0
0.8696641207342803,0.035545226430795274,3.4258156030493054e-05,2.4787178916837055e-07,3.242814865172564e-05,1.8931690047704844e-05,0.09470478696840513,0
0.8318063787424923,0.15806106031716036,3.327351089018354e-05,2.399970209995835e-07,2.210306394197663e-05,1.962372678487498e-05,0.010057320641709269,0
0.9491609352196319,0.033336462466342726,4.0398438943482244e-05,2.662941506895077e-07,2.1685760418151007e-05,2.404149972590277e-05,0.017416210320787284,0
0.9515734381309525,0.03292221945373779,3.9896442936276035e-05,2.6298514658230643e-07,2.141629047258276e-05,2.611627734835996e-05,0.015416650419405556,0
0.15292165885972228,0.0015754485788460016,8.883671910202284e-06,6.409606270274948e-08,5.358262516605488e-06,6.072366902532405e-06,0.8454825141640397,6
0.15751205562245188,0.002362153036011029,1.0489703907329952e-05,7.108442349837802e-08,6.090963019294818e-06,6.548236407675076e-06,0.8401025913537794,6
0.9215251724109494,0.07061552694622482,1.9690775539663992e-05,1.3219051124753733e-07,6.1310270910799e-06,9.020216149236844e-06,0.007824326433534645,0
0.8757741298437092,0.12292802895326566,1.5670875761769985e-05,1.511487506518575e-07,8.113534298849378e-06,1.0452294628396927e-05,0.0012634533495854356,0
0.8037308253070141,0.19477270614189035,1.8343926305538662e-05,1.778012467969117e-07,1.3171159809422516e-05,1.2164225300958598e-05,0.0014526114384329563,0
0.7787732712942014,0.22110150692550978,1.8824267050305566e-05,1.8707679487608302e-07,1.4350307047336914e-05,1.3426875033363335e-05,7.843325436329392e-05,0
0.7919584629901505,0.207974036010103,1.7706612893882333e-05,1.7596947490421742e-07,1.3421985436054018e-05,1.2629680505219929e-05,2.356675143639106e-05,0
0.7681693756101301,0.23177918391716965,1.7827964339855874e-05,1.7717547349665342e-07,1.5346796947485907e-05,1.2716237431757911e-05,5.372298507738026e-06,0
0.7766360185199153,0.22331357128625826,1.945318814181817e-05,1.9644447580808797e-07,1.508296671083902e-05,1.0140010623244073e-05,5.53758387468223e-06,0
0.7410395783681835,0.25891094321875724,1.8462905056964375e-05,2.001594917696151e-07,1.4841270675321208e-05,1.0331771176247392e-05,5.642306659062469e-06,0
0.4253034539354106,0.574634276005009,2.2153627703226758e-05,2.5252530523756634e-07,2.0560829482211663e-05,1.1509309722239119e-05,7.79376736754344e-06,1
0.4753588184374626,0.5245710948784186,2.5424508803555263e-05,2.5231974000958887e-07,2.2458422097445515e-05,1.3570403250587208e-05,8.381030227416874e-06,1
0.24496080271317175,0.7549979707715657,1.5016345685814927e-05,1.761577047573703e-07,1.1413346639192228e-05,8.636187302015122e-06,5.984477930973714e-06,1
0.2612929455960622,0.7386481882868544,2.0403910826848972e-05,1.8048033618685688e-07,1.499694773168846e-05,9.99046281493367e-06,1.3294315373993246e-05,1
0.23666841026666002,0.7631995490626399,2.2067437945114588e-05,1.8191460174848186e-07,1.3771903571981706e-05,1.1372465458410635e-05,8.4646949123053e-05,1
0.23926872467587426,0.7605890579854321,2.2912430579574274e-05,1.8888036274712853e-07,1.4299248754043946e-05,1.4097222085731359e-05,9.071955691152901e-05,1
0.5060422768166425,0.49387525811167143,2.5887561721740866e-05,2.1365013507089578e-07,1.4691278264479567e-05,1.5178969126359233e-05,2.6493612438524782e-05,1
0.2984974225010615,0.7014208134254454,2.9195665252511198e-05,2.2012198126388602e-07,1.8215276352460617e-05,1.7910161630484627e-05,1.6222848276462092e-05,1
0.3012757976826546,0.6986432603055215,2.8245315208190273e-05,2.199907367604025e-07,1.8364047278689257e-05,1.7899482959245136e-05,1.6213175641067356e-05,1
0.5979144847711461,0.4020043928560476,3.287977380193523e-05,2.8468263031383666e-07,2.4083698919955707e-05,1.6360529196720955e-05,7.513688257357611e-06,1
0.6077949611287511,0.39212738372954264,2.02468901371686e-05,2.176717399044166e-07,1.7917123047349566e-05,1.2080009737432592e-05,2.719344704434547e-05,1
0.5683147076602296,0.43160681597790035,2.071990347960796e-05,2.015204549420014e-07,1.8288214106017653e-05,1.2376522917364605e-05,2.689020091226735e-05,1
0.5363354265253036,0.46358228067820134,2.107002017653212e-05,2.0492566752498406e-07,1.8268786361217324e-05,1.5404483445871253e-05,2.7344580843732556e-05,1
0.4009382463726682,0.59898973253204,2.235244308054066e-05,2.0135859933311574e-07,1.7323798410540555e-05,1.6499204469609466e-05,1.5644290731593593e-05,1
0.4690619589947966,0.5308611095631123,2.379018800941214e-05,1.95961280595212e-07,1.3967652931288357e-05,1.5298721708707297e-05,2.3678918161079284e-05,1
0.29100010974489227,0.7089341657199754,2.284759604151366e-05,1.8988479426960908e-07,1.8952978769712523e-05,1.811657651344034e-05,5.6174990135237905e-06,1
0.34866613582079675,0.6512567278841047,2.4631883469007968e-05,2.385964600422242e-07,1.890039153818724e-05,2.080361415522128e-05,1.2561809475981176e-05,0
0.3234495570598174,0.6764905929175229,2.401703897311542e-05,2.178409355789912e-07,1.6903659971339254e-05,1.2266937046608112e-05,6.444545733254315e-06,0
0.6021014408743578,0.3978249553230814,3.835950426579084e-05,2.735172953231164e-07,1.410083814845926e-05,1.2596085108136033e-05,8.27385774307192e-06,0
0.6118916917352539,0.3880247514067549,3.641181264186989e-05,3.541940903581209e-07,1.879487817037207e-05,1.2855477158088928e-05,1.514049593050363e-05,0
0.7030567898730691,0.29686551739229394,3.0039395001152495e-05,2.3029594453991725e-07,1.5945367975538428e-05,1.156798668406641e-05,1.990968903159571e-05,0
0.7102737470504445,0.28965523952984945,3.165021506475919e-05,2.256776094113429e-07,1.5914267272153415e-05,1.143710089552984e-05,1.1786158864389717e-05,0
0.5583724279458457,0.4415181911000826,2.4901559777170774e-05,2.192950795152613e-07,1.5025150812354928e-05,1.4099095188249862e-05,5.513585321414114e-05,0
0.689985823848154,0.3096456884219082,2.8074872974451827e-05,2.472407976209422e-07,1.596292964201699e-05,1.7904076173808052e-05,0.00030629861034994196,0
0.811392791629258,0.18786765066087963,2.2928037331526753e-05,2.0191529425219416e-07,8.898402690534062e-06,1.4254121568499638e-05,0.000693275232977484,0
0.43988321759834076,0.5600317060091341,2.9854560299676758e-05,1.2110916331532534e-07,1.7147466058732728e-05,1.5031473250966238e-05,2.2921783752330007e-05,1
0.19015938898712248,0.809789366109665,1.9326220298292823e-05,8.685463977794022e-08,1.0258516763015841e-05,1.0777264542587226e-05,1.079604696904296e-05,1
0.07954968511644904,0.9204069627857631,1.7995584949949406e-05,8.087458511270557e-08,9.55220457078402e-06,1.0035235892521518e-05,5.688197789318161e-06,1
0.08077291175755398,0.9188237715449188,2.0360748470158998e-05,1.949795550162671e-07,0.0003599371982637148,1.2484511150200098e-05,1.033926008833325e-05,1
0.08497795448048759,0.9143951660604797,2.092146779642932e-05,2.0034914174268052e-07,0.0005861031232428693,1.2828324968793962e-05,6.826193882817846e-06,1
0.1050350977835476,0.8927112814085287,0.00027512004218568936,2.3483946739604873e-07,0.0012757765550168968,0.000696186536832422,6.302834421202641e-06,1
0.10502958390600395,0.8926644180191342,0.00024596809576589397,2.3482713936386745e-07,0.0013867632572108165,0.0006679336266072302,5.098268138333221e-06,1
0.10501530228730875,0.8925430360963769,0.00025743688964710755,2.3479520824942375e-07,0.001603178826287903,0.0005757135302804048,5.097574890594349e-06,1
0.05683299700508209,0.9320578659019109,0.001923465882213389,2.0404878495884118e-07,0.008690351216292448,0.0004881351709525935,6.980774763470182e-06,1
0.047146552782252715,0.9387376906919225,0.003747530818514293,2.0551115138693938e-07,0.009789140119791115,0.0005703610284724665,8.519047895538522e-06,1
0.11345543941236248,0.8733495092052821,0.003857923122898826,2.3007151916250017e-07,0.00603663849993278,0.0032915989304201205,8.660757584375692e-06,1
0.137969372964289,0.8395288494374598,0.005542572018880903,2.6995614278851827e-07,0.011303773145785597,0.005648104325120127,7.058152321951982e-06,1
0.18537884514386993,0.7556550967205843,0.011494392071128252,3.915039740911507e-07,0.029617456692354393,0.017841414122624452,1.2403745464710465e-05,1
0.12351747182958173,0.645796893022593,0.01114254747897674,3.028500459195106e-07,0.21034585665393454,0.009185840795878362,1.1087368989649977e-05,1
0.16634571539927834,0.6128411800137482,0.007428326641473795,3.3218708199249234e-07,0.2045657718849856,0.008808152304857948,1.0521568574079863e-05,1
0.16126039771972067,0.6800632474159019,0.0101930910118634,3.055128228098401e-07,0.13368365141140087,0.014792187694297554,7.119233992678851e-06,1
0.12544617800690608,0.7450992866578462,0.008655345247766715,2.24092946212796e-07,0.11239350432986168,0.008399975250063401,5.486414609909614e-06,1
0.0789609717464536,0.7399532562300813,0.013996738118981625,3.6770674341122194e-07,0.16292693767423586,0.004154982640835489,6.7458826686850365e-06,4
0.08694578073551544,0.7427948920596971,0.009562514597543335,2.8650688601437105e-07,0.15672431119033106,0.003965200429688223,7.014480338780053e-06,1
0.03249118874481591,0.8886548155961953,0.021168269656606373,2.235937498186339e-07,0.05344551913090564,0.004235572194068852,4.411083658082514e-06,1
0.09062256555437002,0.8499631547520177,0.012570357324828545,2.156394087073529e-07,0.02645144904952114,0.02038430997508772,7.947704766340156e-06,1
0.009542419664456313,0.6490556229316088,0.17316947024828613,1.750094518811235e-07,0.15794762059569958,0.010280900409003908,3.7911414934547577e-06,1
0.01067932159784737,0.7193715245869245,0.19880721631048334,1.721710991741495e-07,0.05930560688003749,0.011832545282946782,3.613170661273655e-06,1
0.005338013921806032,0.15089761387042722,0.021060340883383395,4.297588544994515e-08,0.006949193314497243,0.8157539050072967,8.900267040272395e-07,5
0.883885919464812,0.10268302583639212,1.2091262244147504e-05,2.0044548947742212e-07,1.245668768282086e-05,1.0406605586165515e-05,0.013395899697793217,0
0.890360114608128,0.10199557249631842,1.2006229079366385e-05,1.760472849597959e-07,9.845975488570822e-06,7.60863961713565e-06,0.0076146760040835875,0
0.8855283716901243,0.1057071418514566,1.2273963957224017e-05,1.8245356017272846e-07,1.0204265755495288e-05,9.009763390911592e-06,0.008732816011755264,0
0.88253620990642,0.10767030096501544,1.270606740706959e-05,1.6299941470380736e-07,1.3578490035245134e-05,8.658110533942841e-06,0.009758383461173793,0
0.8471724852798345,0.1494058792507338,1.2001088985541758e-05,1.408420413621505e-07,7.170142625342788e-06,6.864942019565036e-06,0.003395458453759843,0
0.11637947598052369,0.8794944920993187,2.4202191275265998e-05,1.7163940145832462e-07,0.004072690553839387,1.4405893084902276e-05,1.4561642556576476e-05,1
0.053980079602522595,0.8797594407855527,0.0004162136349907051,1.9568280089731363e-07,0.06500707386333895,0.0008329783900162083,4.0180407781672016e-06,1
0.06325577905869939,0.8947360676132713,0.00039886124960745507,2.2648781718392988e-07,0.04020937535337339,0.0013845832214991628,1.5107015732025801e-05,1
0.5268104808893955,0.4707386596881332,1.991385402332236e-05,1.0510849958667908e-07,0.0023630767543902855,1.727263924392275e-05,5.0491066314090525e-05,0
0.32986229417960655,0.6691401038526853,1.6822186299707245e-05,2.1372588025674943e-07,0.0009349356810670485,1.4343109575611312e-05,3.1287264885563937e-05,1
0.26597526789573955,0.7299536951770444,1.668470823489019e-05,1.9466607675605805e-07,0.004030480115913812,1.391452366141276e-05,9.762913329180222e-06,1
0.3327052621971783,0.6651288367741723,1.5898383011334223e-05,1.762969041163555e-07,0.0021326192388841725,1.1763151081102316e-05,5.4439587685325315e-06,0
0.39336158650544134,0.6016311031981805,2.0134613344432644e-05,2.519690112281879e-07,0.004963350411519132,1.579262753958212e-05,7.780674963916786e-06,0
0.5791755051695526,0.41577823149842635,1.8747422784209316e-05,2.2452659356263882e-07,0.005006726667436155,1.4235523007568884e-05,6.329192199654663e-06,1
0.12402170936049012,0.8739110860804603,1.5319334919264333e-05,1.4412734242605164e-07,0.002039587646700853,7.36863730341128e-06,4.784812783582248e-06,1
0.18367628286698665,0.8162802224503329,1.6795336706287706e-05,1.321667309225415e-07,1.5312374531114366e-05,6.867066389773936e-06,4.387738322497119e-06,1
0.1271677346712495,0.8727911454419804,1.7346604649592083e-05,1.3552768608421391e-07,1.2007893432022156e-05,7.025677225558549e-06,4.6041837768266986e-06,1
0.10718149258898915,0.892779579434529,1.667539040713172e-05,1.2771208089095592e-07,1.1315422712725103e-05,6.470781390789999e-06,4.3386698905015014e-06,1
0.09905232533129042,0.9009106762600974,1.664048285554088e-05,1.180257736627809e-07,1.0457205854558736e-05,5.773090127599816e-06,4.009604000823353e-06,1
0.11766462338672493,0.882294630405668,1.7263889472541523e-05,2.3185274493156258e-07,9.719465992664355e-06,6.127967930164721e-06,7.403031466639296e-06,0
0.11570081271557368,0.8842611410979087,1.599082615115675e-05,1.2459753192971343e-07,1.103947044720663e-05,6.658430809608148e-06,4.232861577721966e-06,0
0.22015642156120827,0.7797968182414596,2.1674415977016605e-05,1.403070730269292e-07,1.0549500801591413e-05,1.029063987227086e-05,4.105333608036882e-06,0
0.8685089971969583,0.13142869479116642,1.0892419353402784e-05,2.0921758802377683e-07,9.35169539848626e-06,7.907618098212506e-06,3.394706143710095e-05,0
0.9538196041305449,0.0413379338867328,1.3421422037659256e-05,1.5052878172079752e-07,1.082878189032009e-05,1.0751671690885452e-05,0.004807309578321558,0
0.9564585338208326,0.03938047559134223,1.2785882923016036e-05,1.4340085381608477e-07,1.0316011005392397e-05,1.0242552173729457e-05,0.004127502740869189,0
0.9689166775803769,0.027806660569696245,1.2127645112626922e-05,1.254293777010293e-07,1.0192118438198702e-05,8.825257543647178e-06,0.0032453913994545764,0
0.9651909310926956,0.032270528164925066,1.1396212900810399e-05,1.1096208221212697e-07,8.363609927872324e-06,7.807333266338415e-06,0.0025108626242023144,0
0.9491059674244066,0.0481573834150417,1.5110236669812275e-05,1.4791842236940958e-07,1.1149141771501476e-05,1.0407595068928648e-05,0.0026998342686191685,0
0.9227060078934602,0.07533569967693819,3.3503699863241546e-05,2.1494398376979218e-07,1.5950786948421898e-05,1.512292023877153e-05,0.0018935000785674247,0
0.9829695520278269,0.010277457737801903,8.39908788175198e-06,5.993562629160759e-08,3.6842686306398694e-06,4.216920520276425e-06,0.00673663002171221,0
0.9679688855801908,0.025460118695090607,1.7196867814955814e-05,1.351543138862756e-07,1.0985172152107142e-05,7.682346065002803e-06,0.006534996184372648,0
0.9642160241362716,0.030940348409412618,1.9505535340836148e-05,1.1092120825056941e-07,9.182337315909492e-06,7.80445735924084e-06,0.004807024203091259,0
0.9417146193002334,0.04542727343917986,1.9047936726140928e-05,1.1613399537943227e-07,1.0015488904224383e-05,1.0786477407887994e-05,0.01281814122355308,0
0.9294384263823757,0.058808040945442834,2.6881962115687083e-05,1.6389752386403316e-07,1.4134653908417869e-05,1.5222734158005852e-05,0.011697129424475304,0
0.9442167306324831,0.024011804804464135,1.4657521225079218e-05,1.2605272906578714e-07,1.1719553389512223e-05,1.1707725286023709e-05,0.031733253710423306,0
0.9443887542057077,0.020968950523932876,1.5094703193975301e-05,1.313408380844712e-07,1.075647576958894e-05,9.767027824841608e-06,0.034606545722732834,0
0.9251077646800092,0.057847561197650735,1.6573765905380752e-05,1.408122386002653e-07,1.273937752824311e-05,1.0345282303322988e-05,0.017004874884364654,0
0.9299802560092033,0.0551279239760712,1.7080227604310252e-05,1.4776524842954994e-07,1.3368420983935144e-05,1.0772932285289937e-05,0.014850450668603259,0
0.9334935244516438,0.056868387030137094,1.6754011373037067e-05,1.4494307160775696e-07,1.3113096756853292e-05,1.0567179443390942e-05,0.009597509287574163,0
0.8485648245483165,0.036967540362004066,3.246427440148506e-05,2.6624940182236776e-07,2.27960306733416e-05,1.813163253076239e-05,0.11439397690267203,0
0.8936689420617634,0.08928004008484687,4.1737453514613284e-05,2.6725389516116184e-07,2.5153844293224077e-05,2.417048099212561e-05,0.016959688820694714,0
0.913811353023875,0.06780226477020593,3.756446198008271e-05,2.481703087726237e-07,2.295720060674763e-05,2.2456324629917894e-05,0.018303156048393544,0
0.14810496873470627,0.002314809520163844,1.0858768142211957e-05,6.998183571801856e-08,5.813551006131151e-06,6.4466669626310224e-06,0.8495570327771832,6
0.7910415968207322,0.20882647513738042,1.821236753731496e-05,1.7652609377745273e-07,1.3078267941904814e-05,1.210451777418681e-05,8.835636254004501e-05,0
0.7696851208210634,0.23026642459527125,1.773557710101312e-05,1.8959339659424473e-07,1.5444951228431817e-05,9.740003504290416e-06,5.344458434922793e-06,0
0.7761411765230476,0.2238083016040593,1.949628485956896e-05,1.9687968015947159e-07,1.5116381612008058e-05,1.01624748678005e-05,5.549851873507342e-06,0
0.7759709867844141,0.2239791515700749,2.005703528489943e-05,1.9908255449671071e-07,1.3717396696402213e-05,1.0276182158827093e-05,5.6119488164611566e-06,0
0.4805417679660923,0.5193907041243293,2.475454465756432e-05,2.642589083621811e-07,2.1866617642261063e-05,1.2482307631079836e-05,8.160180739144737e-06,0
0.4703991522055182,0.5295476636488256,1.6830702278814817e-05,2.3772802000248026e-07,1.4975484678634685e-05,1.3243877735916191e-05,7.896352942774248e-06,0
0.4596347075610832,0.5403108992868784,1.7172792003718086e-05,3.1017300308564114e-07,1.5279866477393945e-05,1.3513064037015156e-05,8.11725651739654e-06,0
0.45331126507148817,0.5466371834639306,1.6379536365279516e-05,2.4307279419629225e-07,1.4743665876980304e-05,1.244289008155701e-05,7.74229946325631e-06,0
0.22828514802427863,0.7716607082276241,1.984871966813978e-05,1.7556945964842614e-07,1.4588880236250225e-05,8.915847821743812e-06,1.0614730911503881e-05,1
0.24376197208564984,0.756180323545653,1.8821513883385153e-05,4.1163883923204594e-299,1.3253309641189167e-05,1.0407779754377434e-05,1.5221765418135903e-05,1
0.27053680414653763,0.7293934863198454,2.031350211931643e-05,1.3298502956354523e-50,1.2698567172458577e-05,1.1232808232527778e-05,2.5464656092767733e-05,1
0.27118163275667595,0.7287460425809706,2.081918055404203e-05,1.3866413580347801e-50,1.3240857626534453e-05,1.1712503665424823e-05,2.655212050728714e-05,1
0.5389788102232556,0.46094120076371653,2.1966189629431955e-05,1.9981805814332877e-07,1.5161199545106905e-05,1.788343535835548e-05,2.4778370436841902e-05,1
0.3035500337837173,0.696347189532985,4.4612099986298964e-05,2.2599621334792332e-07,1.7038326665626764e-05,2.0226343455613426e-05,2.0673916976957768e-05,1
0.1926642042316558,0.807280711252805,2.0854402955277676e-05,1.9897859895304708e-07,1.672842256845214e-05,1.0429157799141205e-05,6.873553617373573e-06,1
0.5884347370001015,0.41148481102659423,2.9580501022516035e-05,2.676902971548152e-07,2.2646174490388982e-05,1.538399064759308e-05,1.2573616846926385e-05,1
0.6123699297668511,0.3875366478568313,2.5532091012663696e-05,3.055227749465482e-07,4.0807011601251255e-05,1.6529041129741713e-05,1.0248709799009054e-05,1
0.5268779326042761,0.47302172080521065,1.991954653050374e-05,2.0249103951435755e-07,1.8376295777291943e-05,1.376253842155726e-05,4.808571874448788e-05,1
0.405216072911639,0.5947053021864741,2.2192561399385665e-05,2.0377043065394575e-07,1.661214069177981e-05,1.4993895074337265e-05,2.4622534290687603e-05,1
0.2960608155596,0.7038593337616621,3.193443027148529e-05,1.7918496591542218e-07,1.855611266687012e-05,1.4808235912505208e-05,1.4372714921138602e-05,1
0.3310084668797255,0.6689079459493049,3.2436854091395446e-05,2.1501173739358417e-07,2.0393001573566906e-05,2.473870008320124e-05,5.803603483861328e-06,1
0.3673232853285452,0.6326017593442435,2.3894075655741012e-05,2.3144969302140417e-07,1.7861087441681124e-05,2.01804758926834e-05,1.2788238528087785e-05,0
0.32085493547050603,0.6790838283570049,2.3888592231337375e-05,2.166758894451891e-07,1.832453391975773e-05,1.2396291116661742e-05,6.4100793320213095e-06,0
0.3423827704864333,0.6575586160771382,2.3251297710636608e-05,2.113697493111955e-07,1.69951297913114e-05,1.1902535221244393e-05,6.253103956067793e-06,0
0.3879595032223859,0.6119773646671959,2.447382627464346e-05,2.2302975950026068e-07,1.8615239531283047e-05,1.2559127200028872e-05,7.2608876526861694e-06,0
0.7041163814466042,0.29580469024840894,3.0476651020190587e-05,2.3364815212952674e-07,1.6177470124160722e-05,1.1841039511761114e-05,2.0199496178707287e-05,0
0.5165884748764095,0.48334775049970496,2.7222889938454985e-05,2.2103502992127988e-07,1.5416059250343028e-05,1.3059459222647042e-05,7.855180444253908e-06,0
0.5024648837971115,0.497484130976234,2.0848454997840936e-05,1.874186306865847e-07,1.3071487882764725e-05,1.107329442707561e-05,5.8045707161097276e-06,0
0.6116288728174171,0.38825911835911675,2.5359704202996882e-05,2.233297190796117e-07,1.587148193520063e-05,1.4651509595989337e-05,5.590279801285181e-05,0
0.42947711780255554,0.5688149321903825,3.0026339407740835e-05,1.6401492650625185e-07,1.0479406643675683e-05,1.0494049243873952e-05,0.0016567861968402179,0
0.42680504434909944,0.5707684988119945,3.027010266799191e-05,1.7467365608787066e-07,1.0317280582531875e-05,1.0579243233796767e-05,0.0023751155387656754,0
0.5912370332321718,0.40866569724640306,2.2665198997636356e-05,2.353710791704576e-07,1.1481783044531267e-05,1.540565969835196e-05,4.748150860535628e-05,1
0.6176354485375797,0.3822708094393743,2.308184877657769e-05,2.210374834700142e-07,1.1164660788439667e-05,1.468448979168772e-05,4.4589986205939405e-05,1
0.6076560834220863,0.3922507808116476,2.3652436886707915e-05,2.265015761075623e-07,1.1512846021792401e-05,1.347777826302078e-05,4.426620351852552e-05,1
0.5952765399524583,0.4046460448120266,2.347233837943894e-05,2.2477690833035046e-07,1.1575954670386865e-05,1.337515341476101e-05,2.8767012142042706e-05,1
0.42047625890258267,0.5794768174603305,2.0361682035681272e-05,1.9498849507023313e-07,1.0041858823249934e-05,1.1776169440066496e-05,4.548938292849325e-06,1
0.39996709218875587,0.5999896480222812,1.85365204731151e-05,1.775102972611735e-07,9.10830255532219e-06,1.0562163287404541e-05,4.875292349596234e-06,1
0.18044028922324304,0.8195093111583638,1.8329710760154322e-05,8.237619155400369e-08,1.4752137941047264e-05,1.0221561112430285e-05,7.013832388133988e-06,1
0.14005793691012455,0.8598913937466065,1.760084603982933e-05,7.910057522791478e-08,1.334207148493364e-05,9.815109784366143e-06,9.832215384488633e-06,1
0.0627870834667899,0.937175423780639,1.3490200814018808e-05,1.0941077974815972e-07,1.210623444204301e-05,7.5228089435650795e-06,4.264097591780454e-06,1
0.11438112515184376,0.8853352844677523,1.6463204044041542e-05,7.398785871038994e-08,0.0002485984443886986,1.009467086915253e-05,8.36007324328564e-06,1
0.09712971852078933,0.902636436543261,1.9946256145150116e-05,1.91010274161669e-07,0.00019496930608309233,1.223035870286596e-05,6.50800474459921e-06,1
0.07742214592014633,0.9215246912202455,0.00013343934305144644,1.981460815907748e-07,0.0006733870167505922,0.0002356311809448814,1.0507172779629128e-05,1
0.08443707496325699,0.9138832571568605,0.0003165182381298063,1.9650302174460935e-07,0.0009797206970849736,0.0003778927027754136,5.33973887070453e-06,1
0.08821456823114132,0.9097935546994839,0.000321343523694519,1.9949868859732902e-07,0.0010837860964820582,0.0005811268079099695,5.421142599742031e-06,1
0.10503663113928836,0.8927243136615287,0.00027512405852789294,2.3484289570194922e-07,0.0012611180177172472,0.0006961967001173184,6.3815799245993474e-06,1
0.10557872969437983,0.8920884927219588,0.00024054267295897265,2.272852688205968e-07,0.0015297737998072748,0.000557299296987496,4.934528638723633e-06,1
0.09606963465372997,0.8999916418939045,0.00030398549087680106,2.141376163133966e-07,0.003059535551210799,0.0005703391891295535,4.649083531940335e-06,1
0.22311450473956254,0.7704716046137855,0.0017860021909134932,2.0904386619074115e-07,0.004233873998699352,0.0003892669186639999,4.538494508774978e-06,1
0.06388405978962212,0.9173830649408886,0.006640546861185552,2.432748585236502e-07,0.00883848189941881,0.003247505173141008,6.098060885131451e-06,1
0.05069852218232462,0.9399627408903558,0.002576474817940027,2.3083768093948736e-07,0.0062019131767619305,0.0005522208371415966,7.89725779492094e-06,1
0.1196981812168714,0.8688190400737849,0.005120635518744363,2.216702427863726e-07,0.002766706766777384,0.0035868702516458667,8.344501933272733e-06,1
0.11473125674442516,0.8730407185837529,0.004563714075456421,2.481186360214493e-07,0.003040892860652058,0.004614486485728256,8.6831313490722e-06,1
0.19370201833342518,0.7876928011712325,0.005656294858110956,3.2011842234903086e-07,0.007155585428323854,0.005785781981781588,7.1981087038661866e-06,1
0.18699764661072746,0.7172101056297158,0.004943924170400585,3.0389618800450294e-07,0.08283068565783826,0.00800606953084768,1.1264504282016736e-05,1
0.194601684033625,0.6372521467533818,0.004881149660577083,3.000375256177639e-07,0.15644681489162926,0.006806920220907272,1.0984402353862723e-05,1
0.05241879947224898,0.8522225560787812,0.015955896239601135,2.2899553313851302e-07,0.07482196437935655,0.004574948390992769,5.606443486276226e-06,1
0.05916724945001944,0.862236331922077,0.00979420142850026,2.7395040542187013e-07,0.06507606875138645,0.0037201903215724193,5.684176038913481e-06,1
0.08316264254424116,0.7912619449320322,0.011540591678980154,2.3786814497400733e-07,0.11061051421189362,0.0034182450951641854,5.823669543700131e-06,1
0.026745643844829182,0.8860193420413824,0.01603509654060786,1.9133744588112418e-07,0.06837701956358785,0.0028187407679328503,3.965904213614698e-06,1
0.028581564086453362,0.26780995352653625,0.004220593772164766,7.767563267663246e-08,0.696562039114046,0.0028243789123303105,1.3929128364553294e-06,1
0.02947789197459708,0.21919092526626163,0.004726996971340195,6.183684824095675e-08,0.7443018891996691,0.002300754928408509,1.4798228752602963e-06,4
0.01046659101645773,0.6961318407463274,0.21588839013574054,1.6990931344276168e-07,0.06484609069950151,0.012663395735279321,3.52175738006705e-06,1
0.006129670406719243,0.15007111067339626,0.01979915852976679,4.442529854109242e-08,0.018720387197705815,0.8052787087231953,9.200439181644584e-07,5
0.7475482292098712,0.05145061861004377,1.38427827007064e-05,1.5346893500710077e-07,1.6290558757039296e-05,9.40602956618452e-06,0.20096145934012624,0
0.8930781531984398,0.09296845916406611,1.1526571459135901e-05,2.307661390863078e-07,1.166587007679823e-05,8.928914559945882e-06,0.013921035515259344,0
0.8822338870486932,0.10715097069025419,1.1799237286562357e-05,2.3807123165023247e-07,1.2297309303648726e-05,9.587573037258474e-06,0.010581220070193286,0
0.8791711291749572,0.11318341317607788,1.3054110535469479e-05,1.6746427581333516e-07,1.4428651012338912e-05,8.155274055853664e-06,0.007609652149085476,0
0.837911367204604,0.15871282529473604,1.3498243834465243e-05,1.5841230897800275e-07,1.2203430899006272e-05,7.2485431462534e-06,0.0033426988704713285,0
0.8216368460688329,0.17672577984924875,1.1813045828738579e-05,1.3863520979042818e-07,1.0801971162761216e-05,6.153302366373626e-06,0.001608467127350691,0
0.9390598585660036,0.05940515525402431,1.2051153902785273e-05,1.0115900836428562e-07,4.852459955286712e-06,6.747189298608948e-06,0.0015112342178070445,0
0.0956874461853717,0.904260838666712,2.004770368193218e-05,1.5049786507764872e-07,1.243771055905512e-05,1.462928153881746e-05,4.449954271321105e-06,1
0.1352095904417539,0.8647103159367298,2.375984870952397e-05,1.6819956190823487e-07,2.8743302536033134e-05,1.733413875704741e-05,1.0088131951848176e-05,1
0.1753154960518411,0.8244603557943064,2.6569176322069788e-05,1.6824609660171798e-07,0.00016552410370832286,1.5943923851351275e-05,1.594270387411351e-05,1
0.04434986872199019,0.930952978559591,0.00014714601133292152,2.5826749128224463e-08,0.02436086313271629,0.00017184750494379198,1.727024267677144e-05,1
0.07905470128942393,0.8494486560573181,0.0005429335204010308,1.8146225039706964e-07,0.07013841248212269,0.0008113891445063596,3.726043977549295e-06,1
0.08113604007191592,0.8476354160158596,0.000433374850482076,1.8107489959477354e-07,0.06998869445378746,0.0008025754427217501,3.718090333631973e-06,1
0.04097299417462149,0.8734148176637269,0.0003835657944279448,2.085370291212901e-07,0.08427071062121248,0.0009368936752886996,2.0809533693344157e-05,1
0.05496436490647309,0.8600312996293697,0.0009031438547810309,3.0291163523748057e-07,0.08167464619715521,0.0023981416746573195,2.8100825928656913e-05,1
0.5005530484941314,0.4946039222207725,0.00038454817621045103,1.9397495097010153e-07,0.002534486765700947,0.001904454089100095,1.9346279133699774e-05,0
0.6286329534115114,0.36884619540138003,2.0381396963488624e-05,9.846433194468005e-08,0.002437330417800659,1.5741506600273396e-05,4.729940141226727e-05,0
0.2264539688298048,0.7711931341204514,2.0928652074841833e-05,1.0654445189870967e-07,0.002285015700628252,1.382706970663104e-05,3.301908288224097e-05,0
0.48898989194434783,0.5100705859506013,1.6801586411464198e-05,1.6408957621887388e-07,0.0008889845630622209,1.3223993830905645e-05,2.034787217008798e-05,1
0.4146168166440117,0.5841373118300268,1.8148790298178346e-05,1.7724679301005184e-07,0.0011912817253749723,1.4284335125506494e-05,2.197942836975735e-05,1
0.3085672611120699,0.6880493646537653,1.461114018957959e-05,1.7910175638277075e-07,0.003349971926243239,1.2840684915556514e-05,5.771381060045803e-06,1
0.3490503860384035,0.6487079516006018,1.4689284924662852e-05,1.5143154319212985e-07,0.002210923163584733,1.0868544160684852e-05,5.029936781123002e-06,0
0.5221601268412835,0.4726574963680167,2.497658713091742e-05,2.508932017367836e-07,0.005134245011725667,1.583185670848246e-05,7.072441932967844e-06,0
0.20668761988821618,0.7904436922125494,1.4890519899364909e-05,1.4228707596249335e-07,0.00284148848222225,7.4428913546639875e-06,4.723718681992542e-06,0
0.1900131907449188,0.8097804844893394,1.4520448552640048e-05,1.3638074495484196e-07,0.00018000636191885095,7.133937223044752e-06,4.527637302611121e-06,0
0.14891345816251025,0.8510335053203075,2.1749023393798242e-05,1.6441760392449226e-07,1.4145596140246709e-05,1.2058995417314983e-05,4.918484626793869e-06,0
0.233801284106197,0.766148903722888,2.1733303242803962e-05,1.7220507922607158e-07,1.2384195639409836e-05,1.0952085586389678e-05,4.570381367154144e-06,0
0.4612027079897307,0.538763345062626,1.3642883691162862e-05,1.1878756377447638e-07,7.928196540286859e-06,7.885537061383943e-06,4.371542786681685e-06,0
0.6051979154440182,0.3946816767750794,2.8425520604451177e-05,2.4426427116451617e-07,1.6588521257443714e-05,1.4198937347937116e-05,6.0950537421136806e-05,0
0.6909440976393015,0.3086167681156262,2.0904993361080877e-05,1.4750161653351096e-07,9.173388943099612e-06,9.109897717315168e-06,0.00039979846343413296,0
0.8317956368234241,0.16710721274776677,2.1325874431208343e-05,1.7580582139592606e-07,9.358077150762723e-06,1.0107435429710068e-05,0.0010561832359759586,0
0.8886453489074119,0.11035351187758151,2.078970901768548e-05,1.7420047103898334e-07,9.272624960528126e-06,1.001514056173571e-05,0.0009608875399958388,0
0.8974152426376913,0.10127906173266361,2.1060074551038088e-05,2.0687986257904367e-07,1.1012136569663919e-05,1.3053204381196182e-05,0.0012603633342806366,0
0.9703335105686516,0.02605144123394297,1.1682405178319572e-05,1.2082451275246048e-07,8.691907824162126e-06,8.62502670059921e-06,0.0035859280331895626,0
0.9298869612755527,0.06863739882822498,3.31065854116673e-05,2.1239628418490021e-07,1.576172460494771e-05,1.4944281344625041e-05,0.0014116149085768809,0
0.9287371184114623,0.06855159570825864,3.248740750028583e-05,2.0842392986350154e-07,1.546693999942865e-05,1.4664185579405915e-05,0.0026484589232700314,0
0.9424455615948408,0.053220925402011045,4.098638661012617e-05,2.1243864038961957e-07,1.375042990756618e-05,1.4946650554714386e-05,0.004263617097435043,0
0.9857955309135956,0.008582293361536028,6.6157595180009e-06,4.7209851318204946e-08,3.0549117084270828e-06,3.321566872670077e-06,0.005609136276917861,0
0.9601032168979624,0.0342063244632099,2.5909743385669976e-05,1.6328564807585502e-07,1.4355409729328918e-05,1.1488369149387245e-05,0.005638541830915277,0
0.9482015592782007,0.048383257812079375,3.273303049478779e-05,1.701805770070492e-07,1.3878149056927354e-05,1.1973479076400246e-05,0.003356428070514775,0
0.9685316332767903,0.02471150423901609,1.5637051856970527e-05,1.3977351637638836e-07,1.064631237612942e-05,9.834516461869452e-06,0.0067206048299821245,0
0.9719234759404629,0.023260482188548835,1.6523568787746965e-05,1.138994681058467e-07,9.428885176655929e-06,8.0140088274573e-06,0.004781961508728413,0
0.9650111926499377,0.028085094502938678,1.6406053786557322e-05,1.1308941936263065e-07,1.0092683347373027e-05,7.957013497393323e-06,0.006869144007072894,0
0.9475834811642438,0.02197826724326683,1.529094950159735e-05,1.4016224852155517e-07,1.3179170135177204e-05,9.747894273456163e-06,0.030399893416330433,0
0.9574670356974845,0.02081591993769888,1.623696226047263e-05,1.1243826213476206e-07,9.57106478782543e-06,8.79801308259456e-06,0.02168232588642362,0
0.9547189488448568,0.010636942295385506,1.641350323479784e-05,1.27219798456776e-07,9.5435942678718e-06,8.191805974504295e-06,0.03460983273648232,0
0.9357365411308813,0.04577385360065034,1.6936035371479324e-05,1.4389011328421392e-07,1.3017834912155262e-05,1.057140954067265e-05,0.018448936098530787,0
0.8377257940031879,0.02726776224282013,3.7422402458258446e-05,2.7076640797744206e-07,3.9487832332425926e-05,1.8439241468782243e-05,0.13491082351132466,0
0.9148071455080637,0.06720781553747474,3.7513264922034015e-05,2.4844074328567373e-07,2.3395414927483843e-05,2.248079558797174e-05,0.017901401038280487,0
0.9562674076249519,0.02904315990100611,4.0328466600400215e-05,2.709550825578612e-07,2.4591094616319e-05,2.3999858511266216e-05,0.014600242099231454,0
0.9607876708855606,0.02317755165710735,4.1288003407991556e-05,2.7740192759896763e-07,2.5176191507235387e-05,2.7027195128282964e-05,0.015941008665361054,0
0.964061198317305,0.008415632355622853,4.355756876603292e-05,2.597016026521619e-07,2.3915114647334294e-05,2.754004204644942e-05,0.02742789690000951,0
0.9178993320016913,0.005959710243373998,4.628072957100562e-05,2.569023704292934e-07,2.365734203888383e-05,2.4510606382511096e-05,0.0760462521745718,0
0.1468984349322362,0.0015606089762844517,1.1683187344881404e-05,7.683247698594678e-08,6.626619652279016e-06,7.972626881642226e-06,0.8515145968251234,6
0.1408528626009065,0.0015350462898717269,1.0803903100777347e-05,7.255590142826435e-08,6.257775112226262e-06,7.5288621796557155e-06,0.8575874280129278,6
0.11850606711543182,0.0014626138680100876,9.27589218220771e-06,5.978062652520008e-08,5.317641060896327e-06,5.663528813115433e-06,0.8800110021738753,6
0.1778418635472715,0.002488711993344889,1.1674544394720435e-05,7.5239293924883e-08,6.250300073008499e-06,6.358794807495253e-06,0.8196450655808145,6
0.7928065169375851,0.20712771719380121,1.717177172336371e-05,1.6985410190850899e-07,1.2955538358632697e-05,1.2190767977077833e-05,2.3277936452564108e-05,0
0.791248978394745,0.20868527291229003,1.7099580364744073e-05,1.6952040849816228e-07,1.3080569169652368e-05,1.2166818134858493e-05,2.323220488698276e-05,0
0.7089715040642339,0.2909812508282126,1.7931136555232872e-05,1.9439449906032756e-07,1.4413812469450713e-05,9.225967059503627e-06,5.479796970086544e-06,0
0.6579834159096078,0.3419719583840697,1.515730865602313e-05,2.818157118150138e-07,1.2939717859100167e-05,1.1468369801754788e-05,4.778494293921749e-06,0
0.5625571440491701,0.43739744211005543,1.558424145981686e-05,2.672832186077498e-07,1.3946139535082658e-05,1.0703087398277999e-05,4.913089162517084e-06,0
0.27794829176931324,0.7219779609060827,2.0629254941801467e-05,1.8614766367995274e-07,1.4913650431620476e-05,1.163709705002704e-05,2.6381174516892355e-05,1
0.25479360575619064,0.7451275574401658,2.134849340699928e-05,1.9211721107145726e-07,1.4637460572984889e-05,1.5431543172873167e-05,2.7227189279628817e-05,1
0.31173579493688036,0.6881591066403894,4.304697459860197e-05,2.0299961426839055e-07,1.47721940162936e-05,1.8291710271709332e-05,2.8784544229399486e-05,1
0.5278770012712992,0.47205320578780297,2.009236899887639e-05,1.827726257755393e-07,1.3867893632218359e-05,1.2985248255845574e-05,2.2664657385130295e-05,1
0.18183999396127323,0.81809906244026,2.0890651572314842e-05,1.9777871307442477e-07,1.990823901762904e-05,1.0447285508090341e-05,9.4996436558425e-06,1
0.5261368324740779,0.4737566134820358,3.305810474193075e-05,2.8246114197743453e-07,4.0572927785023704e-05,1.7192595006754822e-05,1.5447955210603184e-05,1
0.5975625562048671,0.402089308649592,2.4853210517777958e-05,3.10838396578948e-07,0.00026452759828124326,1.681662076634148e-05,4.162687757907633e-05,1
0.253856416425653,0.7458683238247206,1.8655823820972998e-05,5.714251062685839e-137,0.00014320253803744586,1.2969416680213253e-05,0.00010043197108782138,1
0.5101006932178508,0.48980136816694525,1.855771828240356e-05,1.8864745039572273e-07,1.6534960025780387e-05,1.3408042320088275e-05,4.924924712533323e-05,1
0.48702656608846184,0.5128803012545177,1.7844129154275576e-05,0.0,1.5618348376602697e-05,1.2314684967899572e-05,4.735549452157431e-05,1
0.5130026934795625,0.486900765941265,2.133831626703121e-05,1.4226786286875501e-50,1.6550789572883708e-05,1.304989200172998e-05,4.560158133093515e-05,1
0.2884193183310109,0.7114967739221708,2.936799825125504e-05,2.005340742594459e-07,1.9759063276660257e-05,1.8494989904729723e-05,1.6085161311278214e-05,1
0.3272995196274131,0.6726067858982024,3.668183327735916e-05,2.0582277465547203e-07,2.1314682157639833e-05,1.8982759680489094e-05,1.6509376494215352e-05,1
0.3170184787206441,0.6829044881015388,3.316879129082708e-05,1.8611099951920869e-07,2.08531693943335e-05,1.6890544409956612e-05,5.934561722555504e-06,1
0.280119970580397,0.7198106620445843,2.117910448052778e-05,2.05151155504466e-07,1.7609050588447138e-05,1.957311337020629e-05,1.0800955423933896e-05,1
0.5085367995866029,0.4913772245915803,2.8298356635126418e-05,2.3199062678098777e-07,1.907614172932999e-05,2.4455194001311352e-05,1.3914138824186717e-05,1
0.33171766525310376,0.6682110885708347,2.2465720920250945e-05,2.3755825691477408e-07,1.9483944704259237e-05,1.6551802819134645e-05,1.2507149361233082e-05,0
0.3111146370060153,0.6888229600947671,2.2846445534921725e-05,2.2280348202568372e-07,1.8625978477113477e-05,1.4116315394530688e-05,6.591356328995225e-06,0
0.726991338662179,0.2729421706996181,3.2978915583766676e-05,2.3515173008128722e-07,1.0852302515035788e-05,1.2411144529191197e-05,1.0013123844904688e-05,0
0.5745075383250868,0.42543691273498635,2.3794333192517674e-05,1.9937223339694374e-07,1.3912479761656065e-05,1.1785726766015561e-05,5.857027973339278e-06,0
0.6143592351497069,0.3855392215375549,2.9458340550653322e-05,2.412833273640019e-07,1.6731517123532058e-05,1.5512781259672407e-05,3.959939047694027e-05,0
0.7049619156352351,0.2946468809242314,2.907880947699922e-05,2.560819440039186e-07,1.0722916992264692e-05,1.8544312574223182e-05,0.00033260131954598274,0
0.6232329397407439,0.37645983862264587,2.309632737135856e-05,2.1810489061681292e-07,1.1161077954841106e-05,1.5973741316216154e-05,0.00025677238507718157,0
0.47639885034563756,0.5224911499415296,2.6874227759552758e-05,4.4761605734392764e-07,1.23125685477268e-05,1.3339307127178779e-05,0.0010570259933409493,0
0.58852455913797,0.4113744610802985,2.492006388503874e-05,2.2302649827515871e-07,1.6089159592914687e-05,1.4567326760309192e-05,4.518020499489795e-05,1
0.6114899743857037,0.3884152762588191,2.3448708320972893e-05,2.2455062105552503e-07,1.2677268230638952e-05,1.4513908549559601e-05,4.388491975497252e-05,1
0.27297771748566724,0.7269417098380517,2.1098704645165493e-05,9.479662282907403e-08,2.0454466440454208e-05,1.1765690236230444e-05,2.715901833640966e-05,1
0.15100399956784272,0.8489513225329222,1.529581666675267e-05,6.874146243782462e-08,1.4972956521827476e-05,8.529710417668687e-06,5.810674166792917e-06,1
0.09409984081432309,0.9055913263221628,1.6266985858715755e-05,7.308767760621271e-08,0.00027721088990612666,9.974356622052916e-06,5.3075434496809755e-06,1
0.06909208828626677,0.9300400874708263,0.00010053961828036173,2.0174314489287705e-07,0.0006212674882167629,0.0001351174775480702,1.069791571691571e-05,1
0.07362169305483857,0.9253089021238831,0.00013517060742530357,2.0071686202203965e-07,0.0006816939573519227,0.00024169604504119127,1.0643494598122493e-05,1
0.08709300069520363,0.9110697423344842,0.0003309095233812185,2.0543751808011414e-07,0.00103618675255906,0.00046444153859003076,5.513718263455616e-06,1
0.03553260092645135,0.958796341550085,0.001312320050550095,2.457403274688066e-07,0.0030679507527641347,0.0012852057784256932,5.335201396361954e-06,1
0.07536075820341255,0.9174562646099934,0.0016750428732180526,2.4892365074391885e-07,0.00497416825529618,0.0005281128207669111,5.404313661969259e-06,1
0.07238082397570014,0.9221400038961441,0.0022660518268918335,2.5468431512866027e-07,0.002718322171591886,0.0004890140634776792,5.529381879245671e-06,1
0.06568695570593638,0.9252255789183896,0.003101381109776159,2.386290102145195e-07,0.005361651048170145,0.0006189491284712127,5.245460246086146e-06,1
0.04383445797760051,0.9410525669201812,0.005597371346914935,2.145080547044655e-07,0.007467935112103648,0.002039033382116493,8.420753028488097e-06,1
0.038234748090639654,0.9440611201917811,0.007728216298437455,2.1189859988397598e-07,0.007352143425377032,0.002614342761769502,9.217333395418601e-06,1
0.04687650777076836,0.928486100147424,0.00880793791718716,2.396883425914561e-07,0.013410256673642937,0.0024092650286841,9.692773951037078e-06,1
0.06402996170396677,0.9060188421185559,0.009670830582771359,2.617323739354643e-07,0.017270897968482662,0.003002191327524795,7.014566324605791e-06,1
0.07944604718429589,0.8531777957110593,0.009787114070996228,3.247480082132621e-07,0.04980192666532166,0.0077767963629236094,9.995257394952063e-06,1
0.08080571653807235,0.8402978337914787,0.009954614400287356,3.303058670384247e-07,0.06488395951206419,0.0040473791322635806,1.0166319966907315e-05,1
0.08098665201154367,0.8007005379292083,0.010541880790316349,2.477044488477452e-07,0.10429272221484856,0.0034727678591019995,5.19149053210721e-06,1
0.03187805819621045,0.8892685841581974,0.013932689225562648,1.9203912547002387e-07,0.06212876694870447,0.0027873291100434672,4.38032215601679e-06,1
0.02533857023634752,0.8936677517924058,0.020063926146517478,1.8823311028260997e-07,0.05837315822383311,0.0025525038079954746,3.901559790211708e-06,1
0.021205202225879988,0.88309102619966,0.029497551474735165,1.9293327789823397e-07,0.06358185289483287,0.0026201752901488244,3.998981465648306e-06,1
0.03540819548237052,0.29420000179988365,0.01938795855250037,7.480061486307629e-08,0.6473396108706733,0.003662368434080012,1.7900598770265361e-06,1
0.02281623260340175,0.6920416808282489,0.040293149740571334,1.753993424730583e-07,0.24162379151324256,0.0032207724186084424,4.197496584655016e-06,4
0.007504078075402712,0.5271038217816677,0.2498827635868999,1.2443958491365904e-07,0.20639261280944513,0.00911362133270784,2.977974291729192e-06,2
0.011709781644920612,0.6183851416977396,0.30509263645465556,1.497761557865198e-07,0.0580033469144871,0.006805839060193922,3.104451847349392e-06,1
0.8423821748699495,0.030799908072107553,1.8291125939373664e-05,2.386344970008139e-07,1.7774262771126438e-05,1.0599278191359452e-05,0.12677101375654415,0
0.8839291045081311,0.10858505598434169,1.2814016756447663e-05,1.6438423978009277e-07,1.602942984317306e-05,8.731668887526149e-06,0.007448100007800429,0
0.8138469014746594,0.18490323277791115,1.2236495453533461e-05,1.4360471794439637e-07,1.1062715160910106e-05,6.867501707205661e-06,0.0012195554303897785,0
0.8117658269902513,0.18757425916275153,1.2301474999834927e-05,1.443673030697055e-07,1.1121461573618554e-05,6.903970248942415e-06,0.0006294425728716747,0
0.8758786334952101,0.12352171972726168,1.1132880722644251e-05,1.2309242525002092e-07,4.4827124713036015e-06,6.233067329523885e-06,0.0005776750245792939,0
0.10784299278529266,0.8920817130662088,2.2377677790770164e-05,1.706583819674596e-07,1.6174660863685652e-05,1.5625091801794902e-05,2.094605966032757e-05,1
0.10137900600406405,0.8985326157604108,2.031892079244125e-05,1.7063135163464493e-07,3.2082105869911445e-05,1.7491557137656684e-05,1.8315020373627024e-05,1
0.16449031482508597,0.7401403343465232,0.0007967078831962079,3.353412853337328e-07,0.08709812420699199,0.007464798503404962,9.384893512464003e-06,1
0.5480677667159446,0.44378752522013487,0.00027821058881966065,2.043421671128227e-07,0.004034893756525505,0.003812442746817495,1.895662959073897e-05,0
0.44020992846607276,0.5557782514089056,0.00027428916780025046,2.178523631580032e-07,0.0026137556577908744,0.0010991522459320596,2.440520113523486e-05,0
0.512531898809533,0.48478951017063837,1.953450263462078e-05,9.803838473238096e-08,0.002589073056711336,1.6033775061761774e-05,5.3851647036324696e-05,0
0.41058079094967453,0.5879768343491718,2.0073394900656665e-05,2.0757318214781625e-07,0.0013928894098112646,1.4768054268177297e-05,1.4436268991460522e-05,1
0.475735273446046,0.5228902049511261,1.6610105849956633e-05,1.6221951684338006e-07,0.0013354087284487193,1.1885148845168198e-05,1.0455400167151522e-05,1
0.290181373346526,0.7075525642606425,1.6180489996002372e-05,1.663956830541796e-07,0.002232053760701784,1.2005943253185323e-05,5.655803197343058e-06,0
0.41322153194980143,0.5831624315083058,2.0803007781688343e-05,2.518790925309391e-07,0.0035735656297226784,1.4686891641498489e-05,6.729133654337989e-06,0
0.4565321686267,0.5374264073336611,2.541895198111506e-05,2.821126990372539e-07,0.005990301741421871,1.74729102129112e-05,7.948323324035267e-06,0
0.529011224453367,0.46493103422343285,2.6296324537997323e-05,2.641501427983671e-07,0.0060109080276901225,1.2826678272863362e-05,7.446142556252131e-06,0
0.22890436532051325,0.7708942554651627,1.498414658476684e-05,1.401961338028469e-07,0.00017538000270229546,6.85013149763144e-06,4.024737405533067e-06,0
0.2126626362310039,0.7872891533554767,1.6953633283257277e-05,1.5738611662569792e-07,1.860354135002901e-05,7.638395895056658e-06,4.857456874303279e-06,0
0.3408779712756872,0.6590746468333875,1.8465718212433296e-05,1.69319077885728e-07,1.4173108280837646e-05,9.241872998130432e-06,5.331872356222171e-06,0
0.27530677776271223,0.7246505353919985,1.60792888479005e-05,1.4929600358659967e-07,1.323471493820581e-05,8.14896183882467e-06,5.074583660687231e-06,0
0.21850147187012242,0.7814504199392786,1.9938717689298312e-05,1.5073211005585296e-07,1.245440140175869e-05,1.1055250660631848e-05,4.509088737325144e-06,0
0.284507899721893,0.7154156203355888,2.0651699777470192e-05,1.5089602312849911e-07,1.0065923347473389e-05,1.0011761339443202e-05,3.5599662030680814e-05,0
0.8710987768204316,0.12882747314876494,1.279127751471743e-05,2.51600989894485e-07,1.028002473831674e-05,9.29446546001744e-06,4.1132662100605216e-05,0
0.7799813184414195,0.2199403783153664,1.5070565231703234e-05,2.4589176625743823e-07,1.1678509606397978e-05,9.083559366522737e-06,4.222471724325319e-05,0
0.6891018918538815,0.3104238492111361,2.616137600380835e-05,3.2840118727425245e-07,1.2263712026643855e-05,1.1154397833681416e-05,0.00042435104793111297,0
0.6086801236789431,0.39076404601291403,2.5955322867575975e-05,1.8313577117628478e-07,1.1389540656409534e-05,1.1310710912910957e-05,0.0005069915979347797,0
0.8844115173646485,0.11409385342866361,1.93307316679707e-05,1.8682375504939548e-07,9.944557577590849e-06,1.1787752696280645e-05,0.0014533793409911174,0
0.9551288832972678,0.037946597290247824,1.3589352113229546e-05,1.289818470114607e-07,8.952148744898802e-06,7.954119060262182e-06,0.0068938948107190095,0
0.9622899882081646,0.03152824514959717,1.3695693772137726e-05,1.2999117721837226e-07,9.022202588554715e-06,8.016362955995666e-06,0.006150902391744093,0
0.9708268363634357,0.02606468600783981,1.16883446122944e-05,1.2088594096052894e-07,9.08998320721108e-06,7.4548565506775075e-06,0.0030801235584135014,0
0.9736723245686657,0.023365481153709296,8.48498868255893e-06,1.1478792964867526e-07,9.527761113516352e-06,6.581788922666374e-06,0.0029374849509766258,0
0.9349511237972413,0.06348552610524029,3.000220388000879e-05,1.9880971160483214e-07,1.4753478080513499e-05,1.3988325057890058e-05,0.001504407280788429,0
0.9282155302247147,0.06851309643672603,3.246916224268356e-05,2.0830687687025164e-07,1.5458253609029356e-05,1.4655950024031993e-05,0.003208581665806693,0
0.9072941834030941,0.0901316718242692,2.9863615684509243e-05,2.8672659761796656e-07,1.200152699178685e-05,1.2084451019365686e-05,0.0025199084523431937,0
0.9667349624141097,0.014712699063146758,8.457255384073668e-06,8.338678226796416e-50,3.4195205606877286e-06,5.546295170467343e-06,0.018534915451628303,0
0.9754949504440328,0.013670512864985622,7.393923239692684e-06,1.0113514977572561e-07,3.0543107294757907e-06,4.2624673607342476e-06,0.010819724854502142,0
0.9362002518090204,0.05820198591960442,3.947213308735828e-05,2.0521749080261007e-07,1.8041886710874237e-05,1.4438588559578284e-05,0.005525604445526836,0
0.9128618565048638,0.07100430308665939,3.366531101695194e-05,2.6542557971334867e-07,1.7230460560000906e-05,1.6156602320422616e-05,0.016066522608999732,0
0.9165644098844732,0.07235395961654498,2.8633881774642478e-05,2.3400077812637895e-07,1.755797878913357e-05,1.646370855025083e-05,0.011018740929089717,0
0.9735002742856584,0.019897735343912898,1.65503757705663e-05,1.1408425270800292e-07,1.0181467408648064e-05,8.027010340611706e-06,0.006567117432655881,0
0.9513703148545788,0.03677711629357554,1.52782894201642e-05,1.0579961222039431e-07,1.001344681812434e-05,8.25323088740137e-06,0.011818918085107842,0
0.9488875739933319,0.03558536735751614,1.7943169049073924e-05,1.023712146730541e-07,9.357878945426763e-06,7.98578797397122e-06,0.015491669441968699,0
0.9553788835192799,0.03254792953628433,1.8851644129849085e-05,1.0755434019925264e-07,9.831674839985841e-06,8.415858393726437e-06,0.01203598021273199,0
0.9638239823171009,0.02681033101064058,2.177940799514383e-05,1.2425811991321392e-07,1.071611991979209e-05,9.436288222444168e-06,0.009323630598001365,0
0.9694979998260869,0.010801602180536116,1.9955311137411535e-05,1.1385109479425961e-07,9.818609726809174e-06,8.645968132060875e-06,0.019661864253286254,0
0.9643460067500623,0.012625956773887887,2.3325696653080822e-05,1.3308016510017302e-07,1.1476940172241646e-05,1.0413190415393145e-05,0.022982687568643828,0
0.9573969018807285,0.025896114898187522,1.6250191550256158e-05,1.3565667466204637e-07,1.2272950206066845e-05,1.096284398289196e-05,0.016667361578669992,0
0.9432143975011495,0.03904990925499003,1.7250775240236307e-05,1.4400955196100048e-07,1.3028640609232325e-05,1.1637866357314728e-05,0.017693631952101777,0
0.9338297513193732,0.045281497600317834,1.675386677563113e-05,1.4234239214886692e-07,1.2252784844488842e-05,1.0565266412586166e-05,0.0208490368198841,0
0.9149683612391393,0.0645979935064593,3.3018070158971373e-05,2.387932622591959e-07,2.2486921342114297e-05,2.108908406000017e-05,0.020356812385578144,0
0.9382270451983906,0.0453799793062429,3.8654866351108e-05,2.5971065568170194e-07,2.1382722613971545e-05,2.3003882899661025e-05,0.01630967431284613,0
0.9505499494413854,0.03281963474219329,3.9258489722713996e-05,2.8283901892143145e-07,2.5669646089766503e-05,2.505247870421525e-05,0.016540152362885818,0
0.9660586487508601,0.018710095339188472,4.220215022962813e-05,3.042061015469619e-07,2.7594394697127975e-05,2.9623189421314945e-05,0.015131531969501464,0
0.9604226451059955,0.021253032148397386,4.577008323785613e-05,2.7587094106253244e-07,2.26998322309452e-05,3.0040067957401412e-05,0.01822553689123963,0
0.9386642726951336,0.006030356907743752,4.359884499301562e-05,2.599477022991928e-07,2.1963786525733824e-05,2.480115617635881e-05,0.055214746661725135,0
0.9267590401618626,0.006043326237289883,4.350396992438099e-05,2.59382032357684e-07,2.388568641064929e-05,2.474718659540255e-05,0.06710523737588464,0
0.5789898186030761,0.008716291625928324,2.630315105293703e-05,1.6951672342070122e-07,1.3898727811212451e-05,1.5615735844556046e-05,0.41223790263956345,6
0.1622594114834765,0.002084722283600973,1.0968527805697339e-05,7.06892071839071e-08,5.872313970192199e-06,5.974247499395103e-06,0.83563298045444,6
0.8006544524370561,0.1980632409175797,1.9148423463021603e-05,1.8453851986032772e-07,1.429305449697967e-05,1.4763071005426174e-05,0.0012339175578789659,0
0.7614622510679195,0.23737346326042968,1.864416065613216e-05,1.7967880322706563e-07,1.3235008228367924e-05,1.3521554490664501e-05,0.0011187052694724285,0
0.7873560442680835,0.21255903418134153,1.7108845584832703e-05,1.6583004235688713e-07,1.2795812366622272e-05,1.1371082043732839e-05,4.347998053746998e-05,0
0.7845013101238077,0.21543628801961684,1.699188531668734e-05,1.680747605252322e-07,1.2969019778800795e-05,9.238793050760616e-06,2.303408366842796e-05,0
0.7279307131869981,0.27202108417643517,1.938969266917032e-05,1.9245863073246962e-07,1.3260988096509939e-05,9.934270496202479e-06,5.4252266738654015e-06,0
0.6850965163242011,0.31485773076175805,1.667942271494128e-05,2.7803909617638045e-07,1.2766312549256198e-05,1.1314682044376064e-05,4.714457636194904e-06,0
0.6328862448332333,0.3670638381789949,1.8175600231634793e-05,3.0063017376460685e-07,1.4073381013800848e-05,1.2230022454574553e-05,5.137353898207633e-06,0
0.5841091523501422,0.41583777487280205,2.0074555491193962e-05,2.5872059614525516e-07,1.7740823204954337e-05,1.0279863213379785e-05,4.7188145500839385e-06,0
0.24852535381253238,0.75142654741839,1.6314688441585823e-05,1.6010974298121918e-07,1.4033628307082897e-05,8.130765487674389e-06,9.459577098428173e-06,1
0.27015028477134256,0.7297942926388375,1.819931087520749e-05,6.798789224534567e-275,1.5107956643222544e-05,9.258786917875094e-06,1.2856535383748213e-05,1
0.24490875311672355,0.7550233813770079,1.9089033692299e-05,1.7178410884072982e-07,1.3762881028487478e-05,1.0496261193814032e-05,2.4345546245199462e-05,1
0.2772714667482979,0.7226380347225794,3.248923873697983e-05,1.9385824769070405e-07,1.4770110608493e-05,1.557138947610452e-05,2.7473932053535554e-05,1
0.3673382659154321,0.6325489224453504,3.8845029404782474e-05,2.395020267300943e-07,1.833157074395642e-05,2.1435094770816473e-05,3.396044227122795e-05,1
0.2653030426140832,0.7346076299786071,2.9556856632342605e-05,2.01127971843358e-07,1.6627946071659004e-05,1.8000670793416578e-05,2.49408058403345e-05,1
0.17651254173839268,0.823390558115663,3.391011633440478e-05,1.9395796369397795e-07,1.7934632646701243e-05,1.735896514153628e-05,2.7502473857965872e-05,1
0.15882563823985568,0.8411062771968284,2.1401092466128623e-05,2.8379156806811114e-07,2.3143912464232673e-05,1.0702553838722234e-05,1.2553212978654564e-05,1
0.29325319781118747,0.7055450911868125,2.121946194380393e-05,2.675122331402239e-07,0.0011109949794908317,1.5209432695088157e-05,5.4019615637389475e-05,1
0.4646131223159621,0.5352939448284023,2.3978943870703306e-05,2.2017286023123342e-07,1.7818410158679516e-05,1.4611566207247662e-05,3.630376253862237e-05,1
0.26179696239252653,0.7381151199528677,2.79769436084205e-05,3.684396277635408e-07,1.5472827780304643e-05,1.6829343478421338e-05,2.7270100110904414e-05,1
0.37046585928851816,0.629451218793237,2.405045113458918e-05,2.3296442232489107e-07,1.976634399804998e-05,2.401061703547193e-05,1.4861541654286542e-05,1
0.33287167618770763,0.6670666538000077,2.308473078851375e-05,2.251272913961403e-07,1.8820244845509142e-05,1.2879806099321665e-05,6.660103259977081e-06,0
0.2974977232283755,0.7024425031935394,2.1675665582225248e-05,1.9753014618807096e-07,1.5674673450650063e-05,1.1123207222995646e-05,1.1102501683120266e-05,0
0.7196121299519326,0.2803102407120825,3.1471742889503004e-05,2.488814931629587e-07,1.961574500545766e-05,1.3288156072027208e-05,1.3004810524889489e-05,0
0.7489566752839703,0.25096252119151474,2.976162769266349e-05,2.359889394733592e-07,1.7539122606621093e-05,1.2461861229932903e-05,2.080492404626697e-05,0
0.5670690848146519,0.4328712283187863,2.556680995270052e-05,2.1422378008508363e-07,1.4948841943127238e-05,1.2663663820422974e-05,6.293327065332713e-06,0
0.6725473893597076,0.3273634860571906,2.7987913715633098e-05,2.5214186614504203e-07,1.7484490109839676e-05,1.6210907146571452e-05,2.718913026366875e-05,0
0.6275328272447218,0.3717715579863813,2.1787121282545604e-05,2.1235187572932794e-07,1.4276895723108583e-05,1.3776188457664743e-05,0.000645562211557779,0
0.23820030193651517,0.7603941388019555,1.9680628955246786e-05,2.6301237069488883e-07,6.91121415590204e-06,7.726146398039294e-06,0.0013709782596494,0
0.36185353646339985,0.638059705198792,2.219627480122221e-05,1.8454815962258993e-07,1.5094482059348034e-05,1.2054053509458724e-05,3.7228979278616914e-05,1
0.47750905755221357,0.522384500680558,2.8686841914889326e-05,2.3579417401703057e-07,1.7435276811154617e-05,1.4001557353239982e-05,4.6082296975115876e-05,1
0.43989317219052393,0.5600536774991529,2.1284802761579332e-05,1.756623620967617e-07,1.5172262387337247e-05,1.0606270887121041e-05,5.911311925062534e-06,1
0.19838580683927406,0.8015485848720192,2.015267473765126e-05,2.0399839372214877e-08,1.903825723796495e-05,1.1238136766327132e-05,1.5158820125277792e-05,1
0.20534786069041158,0.7945843494628001,2.0800530045690906e-05,9.348038656416934e-08,1.9650286964440718e-05,1.1599413204880372e-05,1.564613618677465e-05,1
0.15010841407818923,0.8498469109782356,1.5205099126168683e-05,6.833376557897949e-08,1.4884153823643754e-05,8.479121791520567e-06,6.0382350682276755e-06,1
0.13892812859802434,0.8610223089247343,1.540504458852884e-05,6.92323474455051e-08,1.5079878888861268e-05,8.590621355775025e-06,1.0417700060840117e-05,1
0.11822776775060612,0.8817251636529294,1.6088599862464215e-05,7.230433701043895e-08,1.2948444607501701e-05,8.971805876233635e-06,8.987441781187027e-06,1
0.0930914045691474,0.9068714669116965,1.3359146634815966e-05,1.0834787934115189e-07,1.1988625175886616e-05,7.449726595496977e-06,4.222672870411526e-06,1
0.11235513148559391,0.8875340281756983,1.969224873341514e-05,1.4760567978756053e-08,7.743463166194522e-05,8.94101492088832e-06,4.757682823565771e-06,1
0.08535505712018594,0.9144296482160679,1.3176667131509223e-05,1.0686789953802692e-07,0.00018956420799827328,8.200665736195061e-06,4.246254980680944e-06,1
0.10436928843836797,0.8952690527172646,1.7881995642831646e-05,8.036409945125353e-08,0.000323651318876863,1.0964625112773072e-05,9.080540635362729e-06,1
0.07473892924609403,0.9248544133024894,1.8486898129826907e-05,8.308261278691051e-08,0.0003673642278892253,1.133553052692051e-05,9.387712257775822e-06,1
0.08238033801318272,0.9161839137962567,0.0001797417486307009,1.962916135748964e-07,0.0008132689535132621,0.0004372072027010052,5.3339941019402716e-06,1
0.07950920008112959,0.918606477838692,0.00031462125827125655,1.9532532570852577e-07,0.0010505674239816734,0.0005136303362359773,5.3077363638427104e-06,1
0.03696483463816331,0.9585356728735336,0.0009895955716593256,2.4567351786267786e-07,0.002708364441428677,0.0007959530507861809,5.333750911178754e-06,1
0.05120379866711792,0.9427783960072708,0.0011400963402970117,2.465061456595083e-07,0.0035828996940191053,0.0012892109572827865,5.351827866760508e-06,1
0.07692927193891036,0.9189225439572777,0.0015731747233672898,2.493214807247208e-07,0.0020292103033199655,0.0005401368048034863,5.412950840453358e-06,1
0.06664221111634422,0.9221814325574351,0.006072964371167556,2.4546231411553683e-07,0.00379102189303209,0.0013059717068614884,6.152892845424417e-06,1
0.06840876083872621,0.921051424952114,0.005633727282502058,2.399417617612554e-07,0.0034124413796576634,0.0014873910935828047,6.014511655603724e-06,1
0.06505904090515213,0.9262625468157112,0.0027696869457986334,2.46013553982968e-07,0.005347345727815894,0.0005557258072388723,5.4077847293418e-06,1
0.08019622407163311,0.9095522823298223,0.002806660310235401,2.3043082268815476e-07,0.006919011998195343,0.000520525608763645,5.065250527574357e-06,1
0.06362912362762498,0.9262160450388703,0.0036872682257780417,2.388844657005833e-07,0.0057990901970060545,0.0006629829506747599,5.251075580095989e-06,1
0.06224352803170408,0.9268847859219019,0.0044379345304199425,2.3941257381687303e-07,0.005721606600470992,0.0007066428186592058,5.262684269781887e-06,1
0.04230053972724415,0.9453158571376303,0.004915466039837427,2.154798496108633e-07,0.006680888424958045,0.0007822965870642896,4.736603416115715e-06,1
0.04060419729452781,0.9462499422847586,0.005405520503364479,2.0715575508151796e-07,0.006640221014550919,0.0010946866413908082,5.2251056524266386e-06,1
0.06347332097380518,0.9029214870771806,0.007117338383281446,2.594570188382993e-07,0.02339256331092132,0.00309040536528327,4.625432509408644e-06,1
0.013884414115023634,0.630353268264253,0.0620552013152897,1.4824482727785618e-07,0.28573712271725954,0.007966297683775186,3.5476595716837092e-06,4
0.00790753715436326,0.5269067114600213,0.25888023343191424,1.3627854593133225e-07,0.1992450166267747,0.007057438523591547,2.926524788935549e-06,2
0.00603758007349175,0.3520116990414331,0.5601507523831918,8.424887429471808e-08,0.06523317312927691,0.016563573247933526,3.1378757985659537e-06,2
0.8869646965238133,0.09512921983400696,1.3442445255064551e-05,2.0611862871397227e-07,1.5170995222694314e-05,1.1243115308813754e-05,0.01786602096776471,0
0.8774005070718577,0.11737256698350075,1.3475001839874599e-05,2.029130899347897e-07,1.1348526677161578e-05,1.1132944457055977e-05,0.005190766558577631,0
0.838467511950752,0.16026641703903283,1.2226675084502554e-05,1.4348946833472272e-07,1.038182258517317e-05,6.861990210769346e-06,0.0012364570328663612,0
0.8335302041036966,0.16541565008593684,1.2640821557409733e-05,1.48349796821367e-07,1.1428256466121977e-05,7.094422088059993e-06,0.001022833960457995,0
0.8351719690394864,0.16424537811251758,1.2551391088273664e-05,1.4730026124603104e-07,1.1138855052310854e-05,7.044230928197252e-06,0.000551771070665795,0
0.10996051300605895,0.8899439469314385,2.158027306700151e-05,1.8049134089486406e-07,3.393598100066622e-05,1.7690391752913338e-05,2.2152925341089954e-05,1
0.07034425813240176,0.9242162575347656,2.6194840666870894e-05,2.1714041211012612e-07,0.005372461900101633,2.00346085313138e-05,2.0575843120864197e-05,1
0.07102526950085995,0.8914036862705266,0.0005190616007874691,2.0651265120203615e-07,0.036081709962405555,0.000957441451650253,1.2624701119217427e-05,1
0.08021468702124877,0.8510404734099803,0.0006044740785177558,1.9084121738288915e-07,0.06736118452078872,0.0007745532546070786,4.4368736398346676e-06,1
0.08869555193357842,0.8527644679660061,0.0007872986017509902,3.1430534687440367e-07,0.053529324360169175,0.004193885023366543,2.9157809781850518e-05,1
0.5379271265749824,0.45712879842623383,0.0003146321891356508,1.7636216047207653e-07,0.003574166263861422,0.0010242654176020201,3.0834766024309336e-05,0
0.43190935703548244,0.5657159689950833,2.320740469699936e-05,8.948836098237531e-08,0.0022887652784690424,1.3456605860475041e-05,4.915519204683911e-05,0
0.3537095809598801,0.6460366559106736,1.6048513104183788e-05,1.9463096339200377e-07,0.00021855286877815912,1.3137026058777035e-05,5.830090541803569e-06,1
0.4237513269820103,0.576046366306166,1.8257247983311252e-05,1.633362656982975e-07,0.000165206200140194,1.3128114089151001e-05,5.551813345287997e-06,1
0.463592999897412,0.5353857530556912,1.9223393300062418e-05,1.7197976817491846e-07,0.0009791352573224133,1.361856496098197e-05,9.097851545153606e-06,1
0.3709267109142692,0.6266492681953235,1.3524408333952642e-05,2.0702368802651247e-07,0.0023904755267128135,1.3615473338425991e-05,6.1984583339207015e-06,1
0.3184551559824211,0.6795525955904289,1.7626868957102763e-05,1.8086309431101072e-07,0.0019553417631159357,1.2951380265455604e-05,6.1475517171470215e-06,0
0.3820754121543359,0.6157314987728421,1.5415162057890772e-05,1.7093847502105067e-07,0.0021607583185086366,1.1466160578052886e-05,5.278493202332392e-06,0
0.5422419420625524,0.4533197311943939,2.3567393309188654e-05,2.599382975505706e-07,0.004389652922786655,1.7519074035686537e-05,7.327414624448947e-06,0
0.606692651155555,0.38913024851994216,1.9689692596321658e-05,2.3581159169628575e-07,0.0041380737928237285,1.2453721873108846e-05,6.647305617879527e-06,0
0.6444343295762205,0.355195331016023,1.974161082934455e-05,2.1535998596936768e-07,0.0003338627908478555,1.045203267007404e-05,6.0676134232376065e-06,0
0.29388064938618647,0.7060766127896551,1.65241753201767e-05,1.5080598319907701e-07,1.3368570830215996e-05,7.568364030509112e-06,5.12590799412797e-06,0
0.21289946207940025,0.7870460319595702,2.2142795717396266e-05,1.6739443193030648e-07,1.4910908677139205e-05,1.2277326997531504e-05,5.007535205525882e-06,0
0.24538027335140922,0.7545760515528573,1.6757538408437892e-05,1.556665112551335e-07,1.2302171438711565e-05,1.0328277226385028e-05,4.131442148674091e-06,0
0.22743391363227775,0.7724936104074156,1.9548586395073093e-05,1.428358913109166e-07,9.528250668205847e-06,8.47258608281359e-06,3.478370126931453e-05,0
0.6467904343773182,0.35309482440228956,2.7904817578505587e-05,3.358665014473845e-07,1.4259157871315537e-05,1.2407342269157105e-05,5.9834036171790264e-05,0
0.9232276950827858,0.07670421941479487,1.1324502490575466e-05,2.3986897502955984e-07,9.273767700332029e-06,7.666251183899161e-06,3.9581112069656695e-05,0
0.843452944766111,0.15648705135947363,1.1235316706627608e-05,4.309054841055049e-179,6.998196867998431e-06,7.307805215261974e-06,3.446255562559219e-05,0
0.8668138674788227,0.13286889122728382,1.57101430679241e-05,2.3898420659252554e-07,8.399146425767514e-06,9.032681502012359e-06,0.0002838603386910574,0
0.9036033689577062,0.09558882939977914,1.3799007543025391e-05,1.1811281687556126e-07,7.345647009356425e-06,7.933857740258274e-06,0.0007786050174049738,0
0.8540617274442632,0.14517617823749146,1.3598818486100542e-05,1.1451855032956414e-07,7.122113154158899e-06,7.692424166740555e-06,0.0007335664438879654,0
0.9649029124267008,0.028712323412818742,1.4511155161489506e-05,1.470981625737998e-07,9.569548029602274e-06,7.84815617248994e-06,0.006352688202954332,0
0.9261810576750805,0.07264211722576358,3.07168952098895e-05,2.0354561626531396e-07,1.5104925024607964e-05,1.4321545066607106e-05,0.0011164781882383851,0
0.9332782194449628,0.06342617050634031,2.958752296909843e-05,2.058875005791618e-07,1.6471487624529455e-05,1.4485728769005318e-05,0.003234859421833512,0
0.9344757778440791,0.06026803501535069,3.1101548190795586e-05,1.9846209735801476e-07,1.6184494245608707e-05,1.396329599985002e-05,0.00519473934003661,0
0.9275578990234089,0.06307493951282456,2.9764054631536665e-05,2.421629682834126e-07,1.7644235910966823e-05,1.3140530690568743e-05,0.009306370479565224,0
0.972475252767662,0.017139917794828378,1.9188991620507214e-05,1.0947900982094145e-07,9.858556552393811e-06,8.566458982794555e-06,0.010347105951344176,0
0.9672469880078777,0.01204699521490433,2.2696962504576452e-05,1.2949304633019506e-07,1.186846305549121e-05,9.833833867979627e-06,0.02066148802474361,0
0.9572450539384799,0.012269830386519954,1.907630389584206e-05,1.3210023054772058e-07,1.3052618131681697e-05,1.0031826093701062e-05,0.03044282282664841,0
0.9666728587584505,0.012278337137637674,2.2683490257871537e-05,1.2941618308180313e-07,1.1861418286295356e-05,9.827996794587192e-06,0.02100430178239007,0
0.9498304789801022,0.008139406202125962,1.8545483311016323e-05,1.600539463428211e-07,1.2783622802604528e-05,9.577239924505874e-06,0.04198904841778711,0
0.9402725458573374,0.0263835389417203,1.719697069523363e-05,1.4356039136900412e-07,1.235762980430579e-05,1.1540310522156172e-05,0.03330267672952907,0
0.9343018035294376,0.026997369002914922,1.7087769718033913e-05,1.426487811033069e-07,1.2279158701783266e-05,1.1527898170002716e-05,0.03865978999227673,0
0.7935440175537092,0.028092968290408114,3.137742194301173e-05,2.447336865797992e-07,1.993687502349467e-05,1.6666408422296426e-05,0.17829478871680732,0
0.961020794404516,0.023318134889220098,4.491782976523397e-05,3.2361191152822485e-07,2.937007514394584e-05,2.797581005883838e-05,0.015558483379384392,0
0.9657865847960839,0.013464094557452816,4.0026771300148844e-05,2.586991222501594e-07,2.2525007303239565e-05,2.743373406783109e-05,0.020659076434669865,0
0.8907763440982466,0.007771619660562252,4.174371550795398e-05,2.661280826949947e-07,2.525441407233907e-05,2.5390815473478382e-05,0.10135938116805476,0
0.7355814572084897,0.007242048238532322,3.475276735847429e-05,2.333895759060855e-07,2.1393841113607688e-05,2.211098586040597e-05,0.25709800356906964,6
0.4151004691173049,0.0068912175824600115,1.9560056066179672e-05,1.2605929257642115e-07,1.0650895421884735e-05,1.0653810439419533e-05,0.5779673224790149,6
0.9071731766651473,0.09034891243001027,2.1011613999580392e-05,1.5249625544533463e-07,1.0393508475448531e-05,1.0603155772934778e-05,0.002435750130338832,0
0.7955931573188049,0.19982862198637813,2.977625247341727e-05,2.0483791114280099e-07,1.6687414404897836e-05,1.660850826066635e-05,0.004514943681766902,0
0.7523113374276591,0.2465692669583182,2.0620703042735772e-05,1.8120519714568042e-07,1.5661545292742595e-05,1.449640537942254e-05,0.0010684357551107467,0
0.7493698950378894,0.25002290663799775,1.7532684224740228e-05,1.6993816170718738e-07,1.2590188593666254e-05,1.1626274413014229e-05,0.000565279238719567,0
0.7968244419622902,0.20311188574089487,1.7569337401555626e-05,1.71202204806637e-07,1.3058364246331831e-05,9.410703517289861e-06,2.3462689444935434e-05,0
0.7546370223133911,0.24531485745656786,1.8118750150354853e-05,1.9038097710944604e-07,1.4617412519780077e-05,9.827026809546398e-06,5.366659584347088e-06,0
0.7301409768833665,0.2698107451551528,1.9232139461678745e-05,1.9089478569899213e-07,1.3620235447552991e-05,9.853548423528567e-06,5.381143362261634e-06,0
0.6639715136249084,0.3359817654728578,1.7011051957731036e-05,2.8356721885225243e-07,1.3171670404041383e-05,1.1446419637733879e-05,4.80819301557678e-06,0
0.6303323584784037,0.3696162156064701,1.9101317936655243e-05,2.648039360845594e-07,1.6880727677605426e-05,1.0689024586183938e-05,4.490040989690036e-06,0
0.27257927232149504,0.7273400448274728,2.614038089782583e-05,1.7942260126959702e-07,1.4374856508902675e-05,1.4560104188130992e-05,2.542808683597674e-05,1
0.27876833207590146,0.7211381068883018,3.300716356181864e-05,1.968454338628686e-07,1.5062672723646716e-05,1.738244834398686e-05,2.791190573342558e-05,1
0.38444409335739216,0.6154554548198491,3.7475838965687486e-05,2.1773454231962372e-07,1.6374491361055762e-05,1.938365991750284e-05,2.7000097972236205e-05,1
0.3252704560277339,0.6746455156387983,2.310937653969437e-05,2.053200681524288e-07,1.6974521193535725e-05,1.827847034699231e-05,2.5460645319399825e-05,1
0.17663208108542147,0.8232666343230106,3.5982197897374576e-05,2.2467224233938383e-07,2.4523636413525607e-05,2.0001283636550943e-05,2.055280137813884e-05,1
0.17441724886047774,0.824008600173031,2.1366194609354898e-05,2.7087338705181543e-07,0.001524960102059171,1.0735433102010049e-05,1.681836333383303e-05,1
0.3040917525331659,0.6938788858564832,2.0344199266158075e-05,2.564778594081555e-07,0.0019423874522193868,1.4582072358552178e-05,5.179140864734431e-05,1
0.14138860166275108,0.8585141634752934,1.1531084440015872e-05,3.864377871431644e-217,1.4334037057691741e-05,9.707513440593739e-06,6.166222701725328e-05,1
0.42147418582848134,0.5784221847817763,2.198401049272224e-05,2.120788057718647e-07,1.6440645872718916e-05,1.3395953822957796e-05,5.1596700748151954e-05,1
0.4101361494929978,0.5897606932024348,2.188602112238651e-05,2.0095580087179604e-07,1.6367364951682523e-05,1.3336244013385394e-05,5.136671867916658e-05,1
0.2521175412412223,0.7477622578288893,2.918346028245016e-05,4.55168126572549e-07,1.6465598007919238e-05,1.6949030447172344e-05,5.7147673024334025e-05,1
0.3060427550004296,0.6939017884230783,2.1502915903226253e-05,1.95955879911579e-07,1.6167351704841485e-05,1.1210874175366061e-05,6.37947882878641e-06,0
0.6529539273705509,0.3469535170818247,3.981119100676619e-05,2.9824528798853813e-07,2.236153301520992e-05,1.5148215917020982e-05,1.4936362397505816e-05,0
0.7293323063436926,0.2705924269110732,2.898180533260165e-05,2.2980549233031296e-07,1.6495924729243375e-05,1.213533211212242e-05,1.74238775679347e-05,0
0.6117932580212708,0.38814609097114994,2.5979798799079118e-05,2.1768420522094837e-07,1.5190315361211453e-05,1.2868224026479126e-05,6.394985187304259e-06,0
0.6759485887551544,0.32385927164489514,2.2486281146988927e-05,2.1291896116021646e-07,9.693824159971785e-06,1.4127315849537631e-05,0.00014561925983286444,0
0.27115625196413523,0.7282134787508009,1.672151641447711e-05,1.494246903207935e-07,7.5623336718311115e-06,8.701309789529902e-06,0.0005971347004977026,0
0.29877820888811746,0.6995046477757599,2.5222992389508992e-05,3.299003586174301e-07,8.668839501693636e-06,9.6910212272896e-06,0.0016732305826455262,0
0.4590796803324684,0.5408636136667703,2.4129675911817888e-05,2.357249371893261e-07,1.5255714628247539e-05,1.2007538695478843e-05,5.077346588785784e-06,1
0.1613790056837752,0.8385679840663186,1.6346743741001768e-05,7.346447040616753e-08,1.6001700899010426e-05,9.11575978062406e-06,1.1472581015211837e-05,1
0.10898274690154988,0.890949389709531,1.9101177945853936e-05,1.1471377010294033e-07,3.546824678137878e-05,8.564371367022628e-06,4.614879054856532e-06,1
0.07919556189172257,0.9207130931592433,1.2092795719210399e-05,1.224110910558225e-08,6.787942432108937e-05,7.414886698042654e-06,3.945601186678133e-06,1
0.08493307206062625,0.9147997449551579,1.3687294188581591e-05,6.151254554357747e-08,0.0002380911427258128,8.392578355548119e-06,6.9504564003963725e-06,1
0.07434285611070446,0.9253575102137008,1.2732392344727371e-05,5.7221087907726476e-08,0.0002725714429300042,7.807065365472292e-06,6.4655538666359995e-06,1
0.09402219019279426,0.9056677256296876,1.5344496782644915e-05,6.89602374421923e-08,0.00027772440617921946,9.154324579769523e-06,7.791989739123753e-06,1
0.07364322383140015,0.9255795101253487,0.00010005741891103785,2.0077556197485275e-07,0.0005664888778430025,0.00010367824827939722,6.840722655714225e-06,1
0.06731609647021013,0.9266362089591775,0.003065405111530073,2.796404056365518e-07,0.0023643780647367983,0.0006113416651407702,6.290088799012065e-06,1
0.07454197232791575,0.9219386142539172,0.0015136437334178098,2.451967626132396e-07,0.0016439921866567525,0.00035620890112241855,5.323400207658799e-06,1
0.05188951447862876,0.9432670719494505,0.001898030609712192,2.508692322306558e-07,0.0024042271322025875,0.0005354584071213802,5.446553652335077e-06,1
0.05368114750885321,0.9408692739239458,0.002240414191669082,2.547220597755465e-07,0.002702858968086762,0.0005005204840425719,5.530201343005837e-06,1
0.05679293886384103,0.933631208724834,0.002681792846354035,2.5276249437426785e-07,0.006317347997193866,0.0005709711475310659,5.487657751675712e-06,1
0.03789710353377041,0.9404346331949853,0.007811259486245952,2.1401823072458075e-07,0.012779241813439026,0.001072216288155841,5.331665172737735e-06,1
0.03298140652537797,0.9416236203328641,0.007785013688475166,2.1553807318950248e-07,0.016325774885251672,0.0012785324964463222,5.436533511185536e-06,1
0.04508444478102995,0.9129473037817927,0.007312012563603611,2.1411496497992287e-07,0.03210518078395932,0.002546738059369525,4.105915279779784e-06,1
0.044839018681625493,0.9079774944203329,0.007739298586299131,2.4613847348483057e-07,0.03690698422272238,0.002532874386629367,4.08356391720904e-06,1
0.059763873426354946,0.19910028413441871,0.0064140038148704755,9.595139338676837e-08,0.7296972770371989,0.0050224906755423175,1.974960221325695e-06,4
0.08047723258752804,0.3294206628117879,0.008887651763213239,1.2732802386881008e-07,0.5754880821895001,0.005723574727463123,2.6685924837512883e-06,1
0.02984938847937006,0.875291543293919,0.02753914212057273,1.9122928617113922e-07,0.06451025662404129,0.002805514590453338,3.963662357361221e-06,1
0.02472357431764191,0.884846267467486,0.02579009595905684,1.9405610766761064e-07,0.059444367838209874,0.005191478106828773,4.022254669139846e-06,1
0.012732396115345773,0.11438169422866502,0.003143892475007713,2.9224989732158834e-08,0.8671135097565537,0.0026278724449849493,6.057544532794921e-07,1
0.012528307233067694,0.12210367559570771,0.00584782677110351,3.078356839223339e-08,0.854905997132742,0.004613425799617009,7.366841937263323e-07,4
0.02246124585935439,0.690770266903798,0.03525928671550016,1.7679093369880153e-07,0.24640736553320913,0.005097427398332106,4.2307988726507106e-06,4
0.006131965174158634,0.3605087450177576,0.5129197793645105,8.218122128197904e-08,0.11547726790687995,0.004960193669674816,1.966685797051212e-06,2
0.006407894781004026,0.28271424128640715,0.612233978397582,7.441276993773621e-08,0.09378512983479843,0.004857084039026132,1.5972484122973717e-06,2
0.004398214043272608,0.24285119020792406,0.6550188713419698,5.8277845094497405e-08,0.09292302325937567,0.004807248217544456,1.3946520682241513e-06,2
0.00487434376915872,0.3000717800176646,0.6265822643151783,6.494241465353761e-08,0.06029696365747112,0.008173029155663364,1.5541424492474666e-06,2
0.903658365821741,0.09066806414974599,1.1983039414115999e-05,1.890753974016915e-07,1.4078522371696e-05,1.0614413602139764e-05,0.0056367049777275345,0
0.8974536523916099,0.09771783451607148,1.1319820602648725e-05,1.7861074348469502e-07,1.1797655376514835e-05,9.994254216469e-06,0.004795222751379801,0
0.8587461473855673,0.13893769534253297,1.675664870482157e-05,1.9665220488063628e-07,1.8504267177889148e-05,1.0445660370585074e-05,0.002270254043441744,0
0.8536305274614147,0.14402885027626608,1.697719119198296e-05,1.9924044117621892e-07,1.3609129770210695e-05,9.702728494836803e-06,0.002300133972420905,0
0.8389993426249844,0.1604596491891156,1.236462971303898e-05,1.4510847237025946e-07,1.061897978538865e-05,6.939414637606955e-06,0.0005109400532916994,0
0.8144741188786356,0.18496122450357436,1.2240333220330489e-05,1.3687664098840003e-07,7.313080927674601e-06,6.869655581256502e-06,0.0005380966714197723,0
0.8436949117645538,0.1557405687990656,1.1251463504205824e-05,1.2581867690507894e-07,5.768418607357917e-06,6.371117336164724e-06,0.0005410026182559028,0
0.11849708452459648,0.8814141264748699,2.0720411278645534e-05,1.8222344498319863e-07,3.426165120257988e-05,1.6683962565897905e-05,1.694075204152871e-05,1
0.08553784125881063,0.9094327792652598,2.1390306798738616e-05,1.9469817362152936e-07,0.004966273477613067,1.7624367152154897e-05,2.389662619214904e-05,1
0.07775088366277705,0.8916859679282871,0.0003611047569268261,2.065780477607757e-07,0.02940004155729307,0.0007822205445952887,1.9574972072837347e-05,1
0.10652095984423726,0.787689793254995,0.0005758170550205701,2.29683216836796e-07,0.10420352215086551,0.001004713710654541,4.964301010102242e-06,1
0.12137451708687086,0.7960780315206722,0.000440101882947148,3.2935029318596966e-07,0.08068335679494769,0.0014182123554723643,5.451008796570196e-06,1
0.14747684492525578,0.7484947828013361,0.00046190627055980735,2.8592719443406797e-07,0.1017672639699402,0.0017818393992459383,1.7076706467818586e-05,1
0.06428351817312893,0.9055808411714111,0.0005891351973475678,2.1154806636129593e-07,0.027312088553908456,0.0022096018121776535,2.4603543959701723e-05,1
0.5441380389354006,0.45108162066055435,0.00032897704102475433,1.677800118999824e-07,0.0032492217753801256,0.0011684308305687857,3.3542977059487847e-05,0
0.5643207648258373,0.43004714695831486,0.00021375853815114407,1.7374023984004205e-07,0.00500645117452527,0.000368484965300118,4.321979763150131e-05,0
0.14279469048015375,0.8545368315826368,2.5577551299175476e-05,1.8740673866476303e-07,0.002571393296266082,1.4278011079697897e-05,5.704167182570646e-05,0
0.11869125714623388,0.881084874791205,3.5876488049700595e-05,1.4616884339209288e-07,0.0001411518994087915,1.177806295176377e-05,3.4915443307369383e-05,0
0.12804237020404913,0.8717584052461659,3.62034997256725e-05,1.9005616789493183e-07,0.00013903099761005566,1.574280867407677e-05,8.057187607217824e-06,1
0.3756583867413147,0.6242661269388057,2.7599390017680737e-05,1.7129921960274987e-07,2.5345478441244737e-05,1.330830215764667e-05,9.061850043671416e-06,1
0.5072561614094636,0.49255903668524176,1.8321810659234574e-05,1.7221055875526523e-07,0.00013079128757984324,1.4161684645372678e-05,2.135491185142394e-05,1
0.37775516741254866,0.6203780068706679,1.6658092222251275e-05,1.709228174309722e-07,0.0018304123355100427,1.377468535998453e-05,5.809680873813354e-06,1
0.5181795332638582,0.48010652060299236,1.5327203786492805e-05,1.572670399210915e-07,0.0016788804282385147,1.1261696284694406e-05,8.319537799891644e-06,0
0.41045746618307855,0.5876148046775914,1.5310670148332918e-05,1.570973940829626e-07,0.0018926756147826292,1.127519358997015e-05,8.310563414898988e-06,0
0.12878414200212465,0.8711784545001248,1.5186025884729088e-05,1.2872334004552688e-07,1.1405021321770189e-05,6.310702539552941e-06,4.373024664261527e-06,0
0.12458650480714475,0.875377362184485,1.577304640014431e-05,1.2080128432198565e-07,1.0703118975177226e-05,5.92232124712105e-06,3.6137204633361866e-06,0
0.17521174067223438,0.8247479080966343,1.6606506810922023e-05,1.3994203368920332e-07,1.2399009204335112e-05,7.01946501745281e-06,4.186308065033687e-06,0
0.21968176004711407,0.7802648899335695,2.1664740683801044e-05,1.8460292132804102e-07,1.4588987496112147e-05,1.2012263902284985e-05,4.899424312869892e-06,0
0.20339027575303217,0.7965633047258254,1.7892030799616286e-05,1.6620519947268883e-07,1.3135033614051279e-05,1.0815109011466055e-05,4.411142518025729e-06,0
0.30366217843990934,0.6962978437506251,1.5658328032421194e-05,1.4545556975528867e-07,1.0662791473731242e-05,9.65079410106497e-06,3.860440288672469e-06,0
0.31659101207431967,0.6833020995160742,2.9459802652684423e-05,3.274307053292084e-07,1.4895709753529497e-05,1.1115607613359386e-05,5.1089858881325935e-05,0
0.45695321098315866,0.5429288118301664,3.380869612210847e-05,3.469046181970749e-07,1.4574407193214098e-05,1.2815104555452807e-05,5.6432074185686183e-05,0
0.8072134887288952,0.19251864592570114,1.6084209938502066e-05,2.854478406768651e-07,1.2294092790181105e-05,9.12295909156573e-06,0.00023007863574281962,0
0.9117265958178286,0.08471604954303298,1.2039928229271197e-05,1.3887869322471745e-07,7.392460132859575e-06,7.3245973642394345e-06,0.0035304587747190513,0
0.973421823404498,0.0221021739533479,1.3540966254549745e-05,1.0312274703098211e-07,5.627648463354007e-06,6.359426746562601e-06,0.004450371477942676,0
0.9555539315731616,0.037689998444809227,1.7841288661316466e-05,1.4423728216662137e-07,9.499904876427699e-06,8.894899102972187e-06,0.006719689652106348,0
0.8275433020538142,0.16903164796790526,4.24402893846624e-05,2.8724765493570633e-07,2.2980492648359763e-05,1.85821601489518e-05,0.003340759788443687,0
0.9001956048455542,0.09556272920077995,2.746099374523986e-05,3.426154230912614e-07,1.2935654894523465e-05,1.4161832544325838e-05,0.00418676485705876,0
0.8573095324406248,0.13789839437038745,3.6010310088747705e-05,3.4574225036891205e-07,1.4471747596755278e-05,1.3398023585521446e-05,0.0047278473654663936,0
0.9724007527697046,0.017091700386698487,8.796626156841522e-06,8.408234794488819e-08,4.061967706344188e-06,4.9636340870272566e-06,0.010489640533298919,0
0.9752278439506701,0.01782532974980418,1.744081726746596e-05,8.389674466739511e-08,3.6432318877971044e-06,4.952677366891044e-06,0.006920705676259014,0
0.9367293193992398,0.057831435835727564,2.3747757981514287e-05,1.7861580705486225e-07,1.4566038250816813e-05,1.256696073134803e-05,0.005388185392261741,0
0.9037880833523452,0.07051499244349836,2.8386563375339617e-05,2.2631050312121512e-07,1.698094786426055e-05,1.592264006590623e-05,0.025635407742347866,0
0.9140229525136229,0.07934633038396924,3.462732247639311e-05,2.035828539273334e-07,1.5107688395803155e-05,1.3673912136174757e-05,0.006567104596545617,0
0.9122842602754829,0.08030366135318268,3.4364397579202814e-05,1.7924807565014035e-07,1.4992975875914921e-05,1.3941604018283079e-05,0.007348600145785269,0
0.9678434531443544,0.019892302954742293,1.7327453532779032e-05,9.885837114336514e-08,9.338186217061781e-06,7.712625642169724e-06,0.012229766777140282,0
0.9608590812532145,0.01317477111303042,2.7728634697789605e-05,1.5801821083798174e-07,1.3779958728591228e-05,1.2328094128431298e-05,0.02591215292798912,0
0.9035007312259149,0.007609969737767597,2.18190750502312e-05,1.516526640996255e-07,1.1117958796135167e-05,1.2108490884385701e-05,0.08884410185892261,0
0.941285195719061,0.025927667492034845,1.6582032700246338e-05,1.3842688612598396e-07,1.2245372508261337e-05,1.1186713513487646e-05,0.032746984243296,0
0.9506961183940248,0.032353447529683395,1.6569593340440843e-05,1.4334762586588677e-07,1.1256017433347552e-05,9.599313053703734e-06,0.016912865804838452,0
0.9301160733757261,0.04773822870748343,1.4978910223304625e-05,1.30947907042701e-07,1.0467226883806876e-05,9.221121265280219e-06,0.022110899710511046,0
0.6997574487885404,0.0315846782163316,2.294337020908538e-05,2.0034005033241406e-07,1.632041179739927e-05,1.3578548979698676e-05,0.26860483032409116,0
0.9538832608066745,0.025646910862924366,4.359080849930493e-05,3.1421597820729266e-07,2.681274603861585e-05,2.9863379485461767e-05,0.020369247180399435,0
0.9466121768698551,0.018508144110208645,3.8832164982876275e-05,3.0095963175904036e-07,2.536194904762904e-05,2.8603483961263612e-05,0.03478658046231266,0
0.9626612654369654,0.016463685674225258,4.083930718721347e-05,2.943823089985362e-07,2.5618522860632667e-05,2.72469195635122e-05,0.02078104975688898,0
0.9640109740187647,0.01382776241162585,4.142880339726502e-05,2.679010356542693e-07,2.3313998825690958e-05,2.554657771309073e-05,0.022070706288637828,0
0.9162029012942844,0.007913933824518972,4.3008443117615225e-05,2.5642757209922875e-07,2.2327222775428487e-05,2.446530670326002e-05,0.07579310748102838,0
0.4562583690641523,0.00681868811054096,1.9354188159643392e-05,1.2473252937214667e-07,1.0538795664306253e-05,1.0541680001532394e-05,0.5368823834289519,6
0.9129332317643863,0.0843644168993838,2.462885636809422e-05,1.5825799416055525e-07,1.2130784809771917e-05,1.1813073396154983e-05,0.0026536203636617216,0
0.7924673013042925,0.200192303408607,2.3412211849832045e-05,2.0573568491205067e-07,1.510964606110074e-05,1.5357017248737654e-05,0.007286310676255875,0
0.7935655631901812,0.201986987980194,3.0353548260081756e-05,1.9725177394421632e-07,1.6069398850751026e-05,1.599341498215012e-05,0.004384835215758029,0
0.7420199828466033,0.2567106550015629,2.0024778567996772e-05,1.7596848859577203e-07,1.3421910205860846e-05,1.331289315791775e-05,0.0012224266014134641,0
0.7476730044509688,0.25193361489134497,1.7335253435078858e-05,1.670645114200076e-07,1.274276371161167e-05,1.2572278165539331e-05,0.00035056329786238116,0
0.7832264413487121,0.21671220873086536,1.731979513334391e-05,1.650071215706096e-07,1.258583730940506e-05,8.66560684634962e-06,2.261367401188885e-05,0
0.7878152120871516,0.21212158209727527,1.7843735891168757e-05,1.6999874853020115e-07,1.2966571208794827e-05,8.927749936561336e-06,2.3297759788179763e-05,0
0.7091561162143446,0.2908020486400692,1.455242155852266e-05,2.109893977078476e-07,1.235167498773627e-05,1.0365794826976115e-05,4.354264815144918e-06,0
0.7106311752381238,0.28932591210421926,1.4478552198770622e-05,1.9979926592612434e-07,1.2288976809323825e-05,1.0313177149285129e-05,5.632152233421572e-06,0
0.6836474219678985,0.3163054860956518,1.6217085143389434e-05,2.2379044966842666e-07,1.2791073153017787e-05,1.1551546703890493e-05,6.308440999900808e-06,0
0.6827131259382092,0.3172396430469445,1.626497967409583e-05,2.2445137846473455e-07,1.2828849512978795e-05,1.1585662323523986e-05,6.327071957221915e-06,0
0.6863736496169079,0.3135808211129958,1.6266466505892408e-05,2.1204748523977645e-07,1.2127936187577021e-05,1.0945401972331756e-05,5.977417945200162e-06,0
0.2864965972040033,0.7134473109179496,1.886528682189153e-05,1.9853750728138288e-07,1.6750149603967456e-05,9.373034216217641e-06,1.090486989803423e-05,1
0.28295778056286436,0.7169614058794777,2.468500561521481e-05,1.8913231866049402e-07,1.5160716398602584e-05,1.396048689038606e-05,2.6818216435101747e-05,1
0.28611927233926016,0.7137957394778752,2.3445430182867176e-05,2.0273592664460048e-07,1.631729282442246e-05,1.62755695656358e-05,2.8747154364905967e-05,1
0.2877413990012672,0.7121806802204731,1.9451985719213282e-05,2.0258640862746171e-07,1.6748520092133328e-05,1.6396027241230112e-05,2.5121658798425588e-05,1
0.4327628425134655,0.566674670591044,7.733008440900769e-05,3.8190898985816195e-07,0.00042071523751865996,2.9122996245023384e-05,3.493666832782797e-05,1
0.2741755826345152,0.7187256437163689,2.010780697079993e-05,7.284549594211181e-222,0.006996710436613488,1.4254326057005849e-05,6.770107947460429e-05,1
0.27242920679331234,0.7245987761802091,2.0701036945681324e-05,2.3652231647379356e-07,0.0028207745892225,1.6958321114279372e-05,0.00011334655687973407,1
0.13163846600851153,0.8681680660507779,1.1257459667464673e-05,1.471538197776104e-07,0.00011194248852464143,9.921814290640464e-06,6.019902440778794e-05,1
0.24129427403863704,0.7586130043014736,2.2425726133357632e-05,1.839752708678077e-07,2.0573500146334112e-05,2.2876772833453906e-05,2.6661685505291743e-05,1
0.258687157501958,0.7412232449025199,2.2202207189058e-05,2.1506142829469183e-07,1.8135622206077675e-05,2.2648758271860287e-05,2.639594642679086e-05,1
0.310823649762957,0.6891071975171984,2.10506647743961e-05,2.2259509269497836e-07,1.8112196992989865e-05,1.5567213856367926e-05,1.4200049128157114e-05,1
0.31204744193086564,0.6878865755124106,2.2674948156511583e-05,2.2113100247040017e-07,1.8793029347927427e-05,1.2651173550325957e-05,1.1642274666498838e-05,1
0.2864650226341546,0.7134773260251105,2.1752801536712492e-05,2.1261511428067376e-07,1.7232008365175154e-05,1.2163969231529359e-05,6.289946487427035e-06,0
0.7185537139646048,0.2813681354891241,3.306664924940891e-05,2.4386072267242837e-07,1.9220029950788312e-05,1.2877546261942595e-05,1.274246008617868e-05,0
0.7869103487656558,0.21302130860619536,2.926342378364986e-05,2.1581260374841112e-07,1.5777674264776335e-05,1.2394777287314745e-05,1.0690940209361217e-05,0
0.8068425163158157,0.1930605243745925,2.5814093510957235e-05,2.273312892748813e-07,1.107922980903177e-05,1.6404960623283445e-05,4.3433694359500306e-05,0
0.6972678447303231,0.3025839439308248,2.4945423089914238e-05,2.1968695798006217e-07,9.030239491668574e-06,1.5853320968738552e-05,9.816266834377889e-05,0
0.2972465181223787,0.7020579245946043,2.1168083642113995e-05,1.8915953939255501e-07,9.573301112589423e-06,1.2096517677335827e-05,0.0006525302210455561,0
0.23419138624880154,0.765078271226348,1.6757695303734136e-05,1.497479875140254e-07,7.578695634804814e-06,8.72013605596791e-06,0.0006971362498682633,0
0.3672179296660242,0.6327207927551322,2.9141432173604772e-05,1.5163703091887124e-07,1.5168562143582125e-05,1.2638990845919581e-05,4.1769566496209494e-06,1
0.18973179552426375,0.8102105718348682,1.9218714527419486e-05,8.637149434861525e-08,2.1694619102738933e-05,1.0717313961735209e-05,5.915621781738638e-06,1
0.11388130367064649,0.8860696460775829,1.8653449833353735e-05,1.1202490034257458e-07,1.7322754172810615e-05,8.59604440301446e-06,4.365978460895232e-06,1
0.07956831784609346,0.9200273483199898,1.2266311156171403e-05,5.5126456204553725e-08,0.00037846560051645614,7.317919597535715e-06,6.2288761905759875e-06,1
0.09444123177550462,0.9051127571316955,1.503909613845157e-05,6.10234960426384e-08,0.0004101287075299554,8.100739070611208e-06,1.2681526564994845e-05,1
0.06820428887366238,0.9313026130634433,1.7843922880119136e-05,8.01929953222669e-08,0.0004551714596641591,1.0941280203262507e-05,9.061207151795416e-06,1
0.06738945472744409,0.9316337212160216,1.9824087038148724e-05,1.8984035262588764e-07,0.0009345879388227565,1.2155448805481575e-05,1.0066741515007526e-05,1
0.06018286405323023,0.9336736723398226,0.003654194719713943,2.0712271395973848e-07,0.0019210863173417059,0.0005625903680479235,5.385079129806988e-06,1
0.04231657760477907,0.9422527525274911,0.0053331439177554665,2.434508973311258e-07,0.009354970915981196,0.000737026086894322,5.285496201479043e-06,1
0.025295336495831034,0.9550480380721941,0.004412433433441685,2.0945209548582757e-07,0.014631624734161368,0.0006078104548126036,4.547357463942389e-06,1
0.024502111403680332,0.9503182422452021,0.006585171215356594,2.1054107084512736e-07,0.01766613096501615,0.0009235626297620676,4.570999911713919e-06,1
0.027731972265695563,0.9414546741984107,0.0076852877732636795,2.0857736539875897e-07,0.02220073151010812,0.0009225973087196754,4.528366436991143e-06,1
0.059220999747664316,0.1857217778960879,0.0033400290421855766,8.744341306211275e-08,0.7489063560174791,0.0028091909683599717,1.5588848099854935e-06,4
0.07387663152547538,0.4085982878250161,0.0064327092960027,1.190170668917295e-07,0.5067219888512782,0.004367813765938678,2.44971922213314e-06,1
0.028924503453765807,0.863233497438015,0.04651941609223593,1.8185404700174012e-07,0.05723500550604486,0.0040836263167116586,3.7693391795099515e-06,1
0.028496320252291523,0.8875821156672489,0.024617597568896952,1.9885819247773733e-07,0.05396230286760959,0.005337342996950223,4.121788810483245e-06,1
0.016150324058778438,0.13792040585477872,0.002794515902716105,3.5949630703165416e-08,0.8386402486445631,0.004493724451584529,7.451379484398216e-07,4
0.020741464955249193,0.6634824613793393,0.03192787958856611,1.5100082301736482e-07,0.27509487434185015,0.008749555120632167,3.6136135401581817e-06,4
0.020719514636864434,0.7123153810764348,0.04595204733565007,1.746907617943541e-07,0.21652977831567632,0.004478923405132291,4.180539480159199e-06,4
0.010750507531494402,0.6060547425017643,0.08981512901072998,1.4001767055521554e-07,0.2845978230305171,0.008778307133039323,3.3507747843304718e-06,4
0.006210946216740045,0.28650100838520626,0.6118750364814636,6.469228203254045e-08,0.09090261579523728,0.004508780272566511,1.5481565042174436e-06,2
0.11592239792760489,0.8840127653662465,2.018481745984875e-05,1.663008506167829e-07,1.8799638679006824e-05,1.5519508881887653e-05,1.0166440277087532e-05,1
0.13850646178839138,0.8614134387614402,1.8834077596770074e-05,1.6091851337539618e-07,3.0838880044281655e-05,1.5017219023999299e-05,1.5248354989653408e-05,1
0.06672067656132812,0.7882993367778974,1.891344263595745e-05,1.7759606832118767e-07,0.14492768090871466,1.6386022624434026e-05,1.682869073125715e-05,1
0.06005493232079498,0.9175984806774344,2.24384493434228e-05,2.17476009179014e-07,0.02228581589303298,1.7897109103306334e-05,2.02180742813999e-05,1
0.19521109254044877,0.7424050969676516,0.000513130947129571,4.105863187131719e-07,0.05993938668443288,0.001923835773911126,7.046500107294342e-06,1
0.36606357768796316,0.6311284438636328,2.9557978287677566e-05,1.0432230580201961e-07,0.0027070108785309075,1.6007357883215428e-05,5.529791139628179e-05,0
0.45916913213466976,0.5397238731395425,1.9496491824064315e-05,8.963277974985792e-08,0.0010232158581457383,1.495822299623537e-05,4.9234520041819086e-05,0
0.3363585007747329,0.6635789140504713,2.46585670708168e-05,1.7022432037679864e-07,1.6346372635405028e-05,1.2872902948150996e-05,8.537107820998779e-06,1
0.40793568845008876,0.5920058582657435,2.1386109071969106e-05,1.5857277795533973e-07,1.5227493418987514e-05,1.199177635909664e-05,9.689332539713519e-06,1
0.5559148129763094,0.4440128190808218,2.6775753098493937e-05,1.9208820685766842e-07,1.2951710648912692e-05,1.2911148127006531e-05,1.9537242787541434e-05,1
0.5263505754535878,0.47357164204828495,2.7808473320948884e-05,2.048759036462373e-07,1.5160603593036095e-05,1.377066912593384e-05,2.083787618372309e-05,1
0.5149378258233925,0.48499190038875756,2.300562061004593e-05,1.6987354392606285e-07,2.2952033993686968e-05,1.3197540866800407e-05,1.0948718835563826e-05,1
0.3651989354266234,0.6330471541358872,1.6692972495237953e-05,1.6821535462813932e-07,0.0017199143862184959,1.1417209434691743e-05,5.717653986481407e-06,0
0.3696022616610137,0.6283377420132987,1.6580076957714585e-05,1.6748804275236353e-07,0.0020254764309446853,1.2209061688432416e-05,5.563268054196248e-06,0
0.6844391372848655,0.3152812470029916,1.7537955601340098e-05,2.0645367258242754e-07,0.0002454506832917915,1.0903266457464515e-05,5.517353119882577e-06,0
0.22803068999353784,0.7719274501432836,1.676200340727279e-05,1.5560715388026403e-07,1.3047615427706943e-05,7.092084998448931e-06,4.80255219146211e-06,0
0.23649939512958104,0.7634527368099496,1.9907507666040466e-05,1.6432799204830614e-07,1.4637760971345257e-05,8.242659915412834e-06,4.915803924576594e-06,0
0.27641233690304917,0.7235476950387661,1.5654508694626054e-05,1.454200906189511e-07,1.0660190633948539e-05,9.648440104994191e-06,3.859498660328122e-06,0
0.7566461257231748,0.24327616861012022,1.993265877546127e-05,2.4384693817921286e-07,1.0244673559875718e-05,9.216474005619983e-06,3.80680134257032e-05,0
0.8397321905951014,0.15992648546789165,1.1950322159439087e-05,1.1401162643295247e-07,7.090586651755354e-06,7.658373145122032e-06,0.00031451064342427924,0
0.928659449473665,0.07072131836632292,1.0354424701222129e-05,1.1836301664846802e-07,7.935879691817303e-06,7.950664124674442e-06,0.0005928728284775585,0
0.9493293116639642,0.04951647686912821,8.623152736296552e-06,1.0019144492489318e-07,6.231084883455346e-06,6.730045831203072e-06,0.0011325269920116439,0
0.9270489978335331,0.07002013873193684,1.1044358735032278e-05,1.3888397002950736e-07,7.969875084383858e-06,8.057130177019201e-06,0.002903653186563412,0
0.9593743336678408,0.03814150654490352,9.519974727648823e-06,1.1971468117588112e-07,6.869842895014457e-06,6.945054710990001e-06,0.002460705200240827,0
0.9647476677475434,0.03406940130469689,1.6294578910389238e-05,1.247336295518476e-07,6.51355697825197e-06,7.870140377372852e-06,0.0011521279378642645,0
0.9491602489037817,0.04671633307536055,1.5992549995744442e-05,1.217930579390786e-07,9.398847882763937e-06,7.510797108330775e-06,0.004090394032812966,0
0.936638006063063,0.05948040570498972,1.6012338224586036e-05,1.2934833093299216e-07,1.0814376933798412e-05,8.430181550108001e-06,0.0038462019869079838,0
0.8793598105976654,0.11104993234937942,1.6343025370828603e-05,2.3942887410796786e-07,1.4476134975531889e-05,9.52067300237419e-06,0.009549677790732208,0
0.8558497848989398,0.1403436600032879,2.6666469622397097e-05,3.27326881422403e-07,1.2358426651017874e-05,1.3795600752536822e-05,0.0037534072738649067,0
0.9195969600405647,0.07635159993832841,2.6889581849499198e-05,2.3951831367912067e-07,1.3971262925005868e-05,1.4139487006526331e-05,0.003996200171012269,0
0.954650088934164,0.0161913167655118,8.723619935620389e-06,5.883077520599624e-08,3.6077560103223023e-06,5.0719436382169825e-06,0.02914113214996455,0
0.9738558027214596,0.015745913693552462,2.2487185298965825e-05,1.1877426083633072e-07,1.121944608894121e-05,9.019838377099023e-06,0.010355438340962135,0
0.9607266422749002,0.013148974401750018,1.9099667905668514e-05,1.3705275321455258e-07,9.898098082411588e-06,8.56482825623789e-06,0.02608668367635219,0
0.977791956579251,0.007038945300198095,2.0855432095030142e-05,1.0489855217391754e-07,9.147665398690338e-06,8.183861962987004e-06,0.015130806262542077,0
0.974943404105419,0.007017143638804843,1.927454066394729e-05,1.1751558442209477e-07,1.0247932151080339e-05,9.168203959723452e-06,0.018000644063417087,0
0.916461455608548,0.005774854091538384,2.0360563585882195e-05,9.838182290746876e-08,1.01299961305671e-05,8.821550448507356e-06,0.07772427980792586,0
0.8362746789299538,0.005297162270637648,1.5624406143475017e-05,1.0447730012216626e-07,1.0033555784950948e-05,7.568116907130127e-06,0.15839482824327283,0
0.9390455990733501,0.0153860861271324,1.7422385008262854e-05,1.3743566026423396e-07,1.079179497081571e-05,1.0437450271223988e-05,0.0455295257336069,0
0.9369174198204818,0.021754417328946552,1.7208403034569167e-05,1.3574767358357644e-07,1.0659249995689888e-05,1.0309257362600573e-05,0.0412898501925054,0
0.9477026275652897,0.022076748422966325,1.543947335880843e-05,1.3357068004819927e-07,1.149771884155926e-05,1.0687200419792492e-05,0.0301828660484439,0
0.7053564524693107,0.031756829850030255,2.312694812522238e-05,2.0194304102748824e-07,1.5006725247327596e-05,1.3220200043091298e-05,0.2628351618642022,0
0.9127658998886351,0.0727632013615055,4.0845783055401214e-05,2.6658387159645144e-07,2.4074891757388554e-05,2.040910231816909e-05,0.01438530238885683,0
0.9315761781226339,0.051442146072101805,4.483136423652569e-05,2.918792970513749e-07,2.6476235965676467e-05,2.234566705931236e-05,0.01688773065870559,0
0.9618404287035012,0.017993356591314246,4.15286581497586e-05,2.9935136312901213e-07,2.554431547907002e-05,2.51514175484728e-05,0.02007369096264397,0
0.9625655666550939,0.01627952028016394,4.069771039518337e-05,2.9336163569490935e-07,2.5033198757866308e-05,2.715244988053718e-05,0.02106173634407278,0
0.6661123062420051,0.006482932851170008,3.192296972674218e-05,2.0892555516432662e-07,1.8207829591364527e-05,1.931812666360772e-05,0.32733510305528785,0
0.8990982672824783,0.09784873367882727,2.9822831471143063e-05,1.8355302972851655e-07,1.4069698763901544e-05,1.4882704053699991e-05,0.0029940402513761394,0
0.8978719447119451,0.09947357768131329,2.3038102966169162e-05,1.5117385710745151e-07,1.07231259039455e-05,1.1284282219439859e-05,0.002609280921794909,0
0.7051709200028418,0.2947748542901021,2.1934368888320505e-05,1.9542500904013644e-07,1.5173940953842635e-05,1.0430752342738798e-05,6.4912198621334814e-06,0
0.6949571587583907,0.30500195211709297,1.4279746544432498e-05,1.9705581317937159e-07,1.0739645973600018e-05,1.0117859288464063e-05,5.55481689666101e-06,0
0.7098727861207549,0.29008358755728453,1.471933956638948e-05,2.0312205253034132e-07,1.2493350170418419e-05,1.0484691727778286e-05,5.725818443391752e-06,0
0.5852561739265655,0.41468566518932176,2.228224926494997e-05,2.3818972791310994e-07,1.7514838674707504e-05,1.1414781386985795e-05,6.7108250581353e-06,0
0.3179831805512173,0.6819609186330186,1.9508792336767937e-05,2.2169432549720303e-07,1.8703836717189505e-05,1.0624271174317758e-05,6.842221210282958e-06,1
0.3043205293981446,0.6955969998864486,2.3320333167628902e-05,1.9834322755495263e-07,1.617642577666474e-05,1.4666061941645538e-05,2.81095512934682e-05,1
0.28590837409644165,0.7140102210355034,2.4321991573044278e-05,1.8635096675106952e-07,1.547839858197711e-05,1.499429522309967e-05,2.6423831710072152e-05,1
0.27958047020901045,0.7203449853009625,2.061415845211051e-05,1.7825352246431513e-07,1.4133678704071173e-05,1.4342753284224806e-05,2.52756460642166e-05,1
0.29000356201933536,0.7099179265935127,2.1711144236975888e-05,1.8773931256822867e-07,1.4885804708256089e-05,1.5106005226096583e-05,2.6620693668277074e-05,1
0.2403248915410613,0.7595931630207013,2.824935313011754e-05,1.8097624138188615e-07,1.496193271562054e-05,1.6111278801802783e-05,2.2441897348492507e-05,1
0.2488528475262684,0.7510569858565426,2.4481595308488592e-05,2.1591082941058156e-07,2.1180906538827814e-05,1.7514255440033802e-05,2.677394907232905e-05,1
0.6361544067104822,0.36335913969256844,5.634230811949384e-05,3.3251248580024186e-07,0.00036544137207292644,2.31043063992046e-05,4.12330978720834e-05,1
0.4395852416748482,0.5597043081448889,6.36575247446713e-05,3.1438451358106217e-07,0.0005700741722195368,2.1844701895812166e-05,5.455939688935385e-05,1
0.45341666994870344,0.5455836815016204,5.9856317088886755e-05,2.9700400195130803e-07,0.0008626038287582684,1.9906280567111833e-05,5.698511926009627e-05,1
0.1744434039437114,0.8233070809704152,1.5134394204614704e-05,2.610956074436416e-07,0.002185744463205495,9.846627279105046e-06,3.852850557677531e-05,1
0.2990812925429402,0.6934719747883675,2.112787050174168e-05,2.413991572665058e-07,0.007351651637477084,1.532551686688563e-05,5.838624468928489e-05,1
0.3004210870047176,0.6994417482097203,3.125863470853096e-05,2.593899994557663e-07,2.0204281557343875e-05,1.9147044855090675e-05,6.629543444181067e-05,1
0.23166230436041613,0.7682513854921055,2.319593758919089e-05,1.7384799075870589e-07,1.848341442116248e-05,1.9262906813730347e-05,2.5194040663573416e-05,1
0.29051408751044,0.7094125424926373,2.0519403161890877e-05,2.1697739704744142e-07,1.8286782686946366e-05,1.716590368306854e-05,1.7180929993593113e-05,1
0.28646352186713675,0.7134735881752711,2.1801608018442343e-05,2.126140004073357e-07,1.7517965060116698e-05,1.21639055054812e-05,1.1193865007764501e-05,1
0.30383950441804947,0.6961041225163709,2.0180789110622647e-05,2.0124490547223193e-07,1.4846154461153554e-05,1.06292223160561e-05,1.0515654786159831e-05,0
0.8206273008004545,0.1793241370600765,2.1262788780877742e-05,1.568093277013466e-07,1.1464050065558925e-05,8.997807605161281e-06,6.680683689799932e-06,0
0.8325647846805918,0.1673917434338644,1.9940152253186982e-05,1.5811149281754153e-07,7.564934265681613e-06,9.072526573461368e-06,6.736160958790963e-06,0
0.6867816446840288,0.31315654436464185,2.75411785128375e-05,2.0622360846706682e-07,1.005052475416933e-05,1.458414119713052e-05,9.428883256886726e-06,0
0.7219253423179236,0.2778876013414398,2.232439363258626e-05,1.9660432730344227e-07,8.078444149353224e-06,1.3879196187962398e-05,0.00014257770233950718,0
0.7686525405711256,0.2310578035255424,2.5385376437723388e-05,2.2734056250491292e-07,1.0998843826220622e-05,1.5820030457493492e-05,0.00023722431204814307,0
0.3001661767577603,0.6997731180807895,2.9982025446923576e-05,1.3903931131386549e-07,1.390838650219682e-05,1.2845767250173422e-05,3.82994293961009e-06,1
0.3620676569410208,0.637871962302724,2.5768358888014198e-05,1.57421098963794e-07,1.556990207377408e-05,1.4547702307274624e-05,4.33737188711275e-06,1
0.3278893870728831,0.672050155935499,2.572367846543207e-05,1.571875976411872e-07,1.57237966779789e-05,1.4522477670753813e-05,4.329851206045934e-06,1
0.21767286806482525,0.782267004977599,2.4736166857315337e-05,1.3921194753292913e-07,1.9358299588757163e-05,1.0609911028309303e-05,5.283368153732428e-06,1
0.12214486851319381,0.8778047446747073,2.1407356820568772e-05,1.5036941465599994e-08,1.5144764803474579e-05,9.182107823239184e-06,4.637545710213389e-06,1
0.08998098832526526,0.9099438470320014,1.4661821449797575e-05,6.174797629424184e-08,4.676015838627315e-05,9.337959692548917e-06,4.342955228299481e-06,1
0.09110316032494031,0.9081420352671868,1.4816888621377979e-05,6.012185412121233e-08,0.0007242359491236222,7.460155592283185e-06,8.231292681476743e-06,1
0.06069199559613939,0.938916603052355,1.1902484656400301e-05,5.349137085979652e-08,0.00036610305717567137,7.2981944954381506e-06,6.044123807151845e-06,1
0.061201524904271686,0.9383478623479304,1.4235783821910293e-05,1.441038011505124e-08,0.00042298885131946974,8.728893346772401e-06,4.644808929650071e-06,1
0.06313314064538653,0.9362765441423069,1.6524788083418046e-05,7.426462568673393e-08,0.0005581920691243493,1.0132432085416124e-05,5.391658387808784e-06,1
0.06107588362590302,0.9382024132863969,1.7976124273457463e-05,8.078712620866461e-08,0.0006867586387315214,1.1022341553812723e-05,5.865196015223726e-06,1
0.06539658053677538,0.9337709051076323,1.7362623289197467e-05,1.6626876795833045e-07,0.0007986742749477001,1.0646163836678298e-05,5.66502475063525e-06,1
0.019636086502205535,0.9787961255464037,0.00039893726944712995,1.9988013340644415e-07,0.0007326806999694064,0.00042537097679085437,1.0599125049842055e-05,1
0.019616086781901052,0.9777992034385365,0.0008984529453128726,1.9967655176291745e-07,0.0010003984793198173,0.0006788554006381418,6.803277739701046e-06,1
0.05799240166438473,0.9353069922306109,0.004317580081606086,2.115300626942257e-07,0.0018496893774943093,0.0005278227874001846,5.3023284410610814e-06,1
0.06175374023614123,0.9350729800711033,0.0013620045380198518,2.4571382156895027e-07,0.0013955115751996315,0.00041018323978033957,5.334625933981067e-06,1
0.08698109506191717,0.9100270028213062,0.0014282318386599044,2.420287766805247e-07,0.0012065670098650235,0.00035160661854806164,5.25462092691978e-06,1
0.04627842682167339,0.9443420554223206,0.0018418950897476007,2.445049546077789e-07,0.006989044990421141,0.0005430247903301027,5.308380552257645e-06,1
0.04651940259178058,0.9420383774793296,0.0023439709263989713,2.457781130485068e-07,0.008500831954964115,0.0005918352476648219,5.33602174880331e-06,1
0.05009415810756263,0.9373435856599481,0.004242965397072672,2.470481978752143e-07,0.007635977119876035,0.0006777030711276259,5.363596214951152e-06,1
0.02387624140878962,0.9516287484407934,0.006386213882271912,2.1083141082336147e-07,0.017365201577635984,0.0007388065556943722,4.577303403994774e-06,1
0.024331639415504806,0.9512079566938744,0.0063833900225470745,2.107381852689516e-07,0.017147800555619055,0.0009244272948599529,4.575279409344864e-06,1
0.0992677802765343,0.51164375536586,0.007440431538310648,1.7619810086160535e-07,0.37622550183850306,0.0054191613905467,3.1933921445075198e-06,1
0.10343768627740409,0.502574552443091,0.008478116941261006,1.4303428276868494e-07,0.3802573343716437,0.005249222868570303,2.944063747103008e-06,1
0.027617598311050696,0.8653929835936028,0.04582999854688358,1.8227759991546759e-07,0.05736831050392087,0.003787148648664038,3.7781182780157615e-06,1
0.02105636913164699,0.15675139882166303,0.0037177685312588128,4.0858021443011424e-08,0.8137334209876426,0.004740154794244926,8.468755222199002e-07,4
0.012255938394640816,0.6909226904982233,0.07716526526522675,1.5962483068436966e-07,0.21260239479064402,0.007049731431033153,3.819995401218189e-06,1
0.00436406850816039,0.1807442361473609,0.7433812710760628,3.83164844664794e-08,0.06795356128061618,0.003555435558207153,1.3891131081015051e-06,2
0.8744203145384902,0.11760643617911798,1.2547720380868646e-05,2.1705781516986687e-07,1.3750466550251947e-05,1.0910488042955801e-05,0.007935823549602643,0
0.8723650003339932,0.1216677034648139,1.1903920382683525e-05,1.917721754348855e-07,1.2963113303470187e-05,9.920782067954417e-06,0.005932316613263634,0
0.8162304780448539,0.18120123156719098,1.8479621469565202e-05,2.0707547814005256e-07,1.520833736038994e-05,1.0999317892420391e-05,0.0025233960357544816,0
0.786322285717541,0.21070023235963573,1.8008416859410144e-05,2.0179534184990424e-07,1.5328594033541208e-05,1.0718850605360129e-05,0.0029332242659832657,0
0.14287685101395597,0.8570619782552882,2.671329085919874e-05,1.6871754323632743e-07,1.4956418532908567e-05,1.504965609138463e-05,4.282647729231551e-06,1
0.052519918131020284,0.9432427281156693,2.1735560873008222e-05,1.9784073433036635e-07,0.004181845884442767,1.790883640371625e-05,1.5665630856784028e-05,1
0.07293791367925133,0.9152857374198137,2.041952588609152e-05,1.900699227382638e-07,0.011716769000343238,1.564173518424105e-05,2.3328569598583483e-05,1
0.06800371127974164,0.9025450665309754,0.00010028884836631688,2.01814323194755e-07,0.029142561859822474,0.0001894076111640029,1.8762055606985746e-05,1
0.10760424597499772,0.8147983284109623,0.0005266490647738138,2.3201902608627705e-07,0.07613513103865117,0.0009303987051303057,5.014786458609542e-06,1
0.29125454090593916,0.6684701598629218,0.0005262076451066132,2.92249606588113e-07,0.038138833213927845,0.0015925539580316237,1.7412164466505592e-05,1
0.22208841575869068,0.7252817689324517,0.0005709287184142461,3.1708717062180524e-07,0.0504428363125436,0.0015863305221490316,2.9402668579930802e-05,1
0.3459578083639874,0.63992034268515,0.00046952504222708716,2.34527177059325e-07,0.012661945612816928,0.0009432565403546487,4.688722828686489e-05,0
0.49892645780150896,0.49471702124307015,0.0004493537342945205,1.947426988948719e-07,0.005455442354566875,0.0004030857332909404,4.8444390569495134e-05,0
0.49717898493312823,0.49928053088792207,0.00016100994266489218,2.0171071892342884e-07,0.0030840583741091705,0.0002450363891835809,5.017776227315887e-05,0
0.5676492740480102,0.4322798757633173,2.5804771916816412e-05,1.9011385140874082e-07,1.08027967706975e-05,1.2778442449372948e-05,2.1274063684267454e-05,1
0.37548743861048534,0.6243991259637447,1.7881562213900286e-05,1.7978845942917306e-07,7.573324374699291e-05,1.352980656205748e-05,6.111024787546961e-06,0
0.4000290749908418,0.5981829973566931,1.6626190829883027e-05,1.6795387425682054e-07,0.0017539029779752742,1.16517887131764e-05,5.578741072358001e-06,0
0.659090412806666,0.3395114216814506,1.8508152260172135e-05,1.9387531580242492e-07,0.0013638879920251856,1.0110330596939889e-05,5.465161685357156e-06,0
0.6526910085604617,0.3471754845853395,1.8914761027923295e-05,2.0620513047942124e-07,9.491911344954081e-05,1.0890140409663672e-05,8.576634181128021e-06,0
0.7058349214913673,0.2941161471816634,1.4387348763202496e-05,1.7928884400667716e-07,1.7739554038314532e-05,9.168022960932896e-06,7.457112362953817e-06,0
0.7224827185110315,0.27747062640165643,1.4715865105186254e-05,1.8338267089312985e-07,1.4751090933215813e-05,9.377362806370714e-06,7.627385796618335e-06,0
0.8546831695000721,0.14525024532079117,1.513584406362849e-05,2.3763915877966796e-07,8.507393243718086e-06,8.981843881101133e-06,3.372245878961022e-05,0
0.9019501866385162,0.09790363135634156,1.3720957072778049e-05,2.1542483410371793e-07,9.050583610203016e-06,8.142228065306775e-06,0.00011505281155968752,0
0.900404376530198,0.09937311443406531,1.2920324899921967e-05,1.4482675936291667e-07,6.667021193422846e-06,7.66712055544147e-06,0.000195109742328479,0
0.8761404553119401,0.1235118701406298,1.539764995110956e-05,1.2038589143533545e-07,8.071507283904346e-06,8.086544389068358e-06,0.00031599845991481923,0
0.8791187452608493,0.12038815555396197,1.1522026996749285e-05,1.142214499585155e-07,7.658200261892712e-06,7.67246738185614e-06,0.0004661322690981841,0
0.9645964208106411,0.03423028512126645,1.6371525787766146e-05,1.253226514192236e-07,6.070412575243157e-06,7.907305052194284e-06,0.0011428195020259004,0
0.965839483437931,0.03289316172130994,1.612775641428858e-05,1.2548415305967256e-07,6.552749116324912e-06,7.917495091448943e-06,0.001236631355984029,0
0.9592815756138594,0.0363849671330737,2.0153949068039142e-05,1.6738226824598835e-07,1.2980878951330341e-05,1.1864199900091694e-05,0.004288290842879222,0
0.9507267204422054,0.04364995653216136,1.9205390328397794e-05,1.8303522432756965e-07,1.419480161025193e-05,1.2973694961458131e-05,0.005576766103508808,0
0.930106379036325,0.06528136124990114,2.0116310119169763e-05,2.2801783734944393e-07,1.514875146053773e-05,1.309894457125438e-05,0.004563667689785533,0
0.9239739189256285,0.06994333515940367,2.6007747506848202e-05,1.9182717334300033e-07,1.5511238719325917e-05,1.3412382977252485e-05,0.006027622718590738,0
0.9681773206338086,0.016496512249932968,9.812013469777325e-06,7.005385804800599e-08,4.161248848570501e-06,5.247239517900346e-06,0.015306876560563992,0
0.9170869214099325,0.06827027473433386,3.390331322207422e-05,2.122584924147946e-07,1.9856586551829816e-05,1.2261425368408643e-05,0.014576570272098735,0
0.8901061865409405,0.06281281674817579,2.7773744234941293e-05,2.3275450366553837e-07,1.5497583642755664e-05,1.5661576452054742e-05,0.04702183105205052,0
0.9325538147698976,0.05404779010328824,6.391979258083124e-05,2.332305810015017e-07,1.88416477890534e-05,1.8195187819923566e-05,0.01329720526804317,0
0.9638751140615306,0.022627826293709342,5.4442666815715964e-05,2.6871470220822615e-07,1.8950915220007968e-05,2.1026254058248724e-05,0.013402371093963682,0
0.9614098972987386,0.02164216386516142,5.2071157926896105e-05,2.570095572894355e-07,1.6825519593178713e-05,2.0110355713913266e-05,0.01685867479330864,0
0.9655976476932419,0.014747008155992147,5.2297971706079455e-05,1.211400212623767e-07,1.6898808911826285e-05,2.0197953262379498e-05,0.019565828276864265,0
0.8881353392845162,0.010653505383885131,4.211500131504141e-05,2.0755843770670329e-07,1.8216832741899227e-05,1.91197774159261e-05,0.10113149616168822,0
0.9487833316224277,0.013268668525636412,1.8901620459799035e-05,1.5779081553411116e-07,1.3958323911433045e-05,1.2684243832460503e-05,0.037902297872916484,0
0.9546157529958075,0.012239986834819437,1.7711262584115032e-05,1.3971445736083963e-07,1.034070984591083e-05,1.0610511842931815e-05,0.03310545797064278,0
0.4063269043406035,0.015936619973735983,1.389244941165225e-05,1.1103610706619967e-07,8.773483772006811e-06,7.818967337509162e-06,0.5777058797490323,0
0.9299161350064081,0.04972949023442995,4.330209241734234e-05,2.826152072830931e-07,2.4549767314616215e-05,2.1636427768753255e-05,0.020264603856454035,0
0.9592738734461902,0.02314966824577193,4.459331170032552e-05,3.214423301564576e-07,2.804641783112923e-05,2.455297782756283e-05,0.017478944158348556,0
0.9636975672855688,0.02304000373688828,4.4798953867496756e-05,3.2292466225679954e-07,2.8175753956307418e-05,2.46662039455264e-05,0.013164465141111144,0
0.8998806509705097,0.012950220838315107,3.896848987473617e-05,2.518592881352632e-07,2.013946735809286e-05,1.8899901133247605e-05,0.08709086847352084,0
0.773825216501869,0.22517354831097824,1.9608401972081722e-05,1.7230956372821213e-07,1.3980563666460227e-05,1.4066062969757435e-05,0.0009534078489807455,0
0.760962941240415,0.2380254171943829,2.0112114172425247e-05,1.7673595347732823e-07,1.4339704635545932e-05,1.4427400295397485e-05,0.0009625856101453844,0
0.8229662287697449,0.17660984631180415,1.897959455576529e-05,1.5284777956710705e-07,1.0988876957258707e-05,1.173714336277171e-05,0.0003820664557956695,0
0.8005861346176527,0.19904181097406326,1.9310411774382044e-05,1.698047522660442e-07,1.2509193554475273e-05,9.612066018816093e-06,0.00033045293218412184,0
0.7887037995704116,0.21102671078810256,1.921432631256728e-05,1.668021430823542e-07,1.2287997039383781e-05,9.442098586708464e-06,0.0002283784174039984,0
0.7617732806332352,0.23812236789794847,2.010474385556298e-05,1.745319771652002e-07,1.2857439233409088e-05,9.991100862709303e-06,6.122365288733295e-05,0
0.799519506821658,0.20040332062140223,2.0156832138412947e-05,1.7598969503166094e-07,1.2964826539688978e-05,9.221352071529359e-06,3.465355649508945e-05,0
0.5224012883048672,0.4775568716124179,1.4706749882136205e-05,1.8520779028539246e-07,1.0955725701471236e-05,9.840553715719947e-06,6.151845625221277e-06,0
0.5708240121358972,0.42912852857974104,1.55545441326373e-05,2.10705498210344e-07,1.1062583245215e-05,1.0505047197786805e-05,1.0126404287952438e-05,0
0.6784669359652666,0.3214864957576242,2.0218074168243607e-05,1.597791928219733e-07,1.4252553938668229e-05,1.0485353130600155e-05,1.4525166786917907e-06,0
0.6068199924126146,0.39312021196417235,2.4325737195895313e-05,2.3535358289388954e-07,1.7315360380392072e-05,1.1284777270856106e-05,6.6343947831605625e-06,0
0.2759478270897517,0.7239897476032868,2.2866574421052246e-05,1.7602507495127014e-07,1.490741353297691e-05,1.179783607562747e-05,1.2677457856938224e-05,1
0.21576281673747394,0.7841671630416536,1.9174653295933426e-05,1.6580591926527025e-07,1.382795063586787e-05,1.3341185970459274e-05,2.3510625051126363e-05,1
0.20133343307734222,0.7985883745601831,2.5087490905150703e-05,1.68855169916718e-07,1.4082253302934588e-05,1.4910766336277875e-05,2.3942996760597094e-05,1
0.24914452396738818,0.7507603390723819,2.438412213308256e-05,2.1505118305657528e-07,4.172536024056333e-05,1.580385961169976e-05,1.300856706152711e-05,1
0.5434129631969269,0.45561558031736216,6.515161397469066e-05,3.2248697663207035e-07,0.0008363481091471612,2.3699190271154916e-05,4.59350853411746e-05,1
0.09661684587555283,0.9032944404568645,1.63621090599215e-05,1.537351311029693e-07,1.4844619402636148e-05,1.2983160508371343e-05,4.437004348061365e-05,1
0.14848970749951573,0.8514354645008831,2.0102755582025188e-05,1.7798949948920322e-07,1.6018648136174337e-05,1.669419509285963e-05,2.18344112901662e-05,1
0.16024257104956824,0.8396900026345064,1.6586672974740994e-05,1.606666197747572e-07,1.4038994050792393e-05,1.692027930107995e-05,1.9719702978708172e-05,1
0.1739505154922925,0.8259750165501295,1.8597568132582837e-05,1.8014513292949796e-07,1.4987606173001602e-05,1.8592205247808215e-05,2.2110432891473143e-05,1
0.6792698531802072,0.32065276333780374,3.1430973061069636e-05,2.485590815376439e-07,1.959033393873431e-05,1.3125652365209147e-05,1.2987963542637194e-05,0
0.7459766643724918,0.2539496740539362,3.173729795574393e-05,2.340569906790978e-07,1.7111488829603555e-05,1.2348544348747802e-05,1.2230185447394745e-05,0
0.5413980560412474,0.4585363475725916,2.6853944443944947e-05,2.2953916297185393e-07,1.6017571278319968e-05,1.4757716020464312e-05,7.737615255345422e-06,0
0.7787280679614941,0.22114511155795868,3.172808218606793e-05,2.4456924102785375e-07,1.0066448097455964e-05,1.7265258218490967e-05,6.751612280421326e-05,0
0.3629183324118674,0.6368396218003674,2.308496417806525e-05,1.741373377444238e-07,8.956821014567972e-06,1.2111194972240016e-05,0.00019771867026248323,0
0.24258695912570688,0.757186476097669,1.9876731731158685e-05,1.637686153312866e-07,8.292619830808707e-06,1.1390053714511327e-05,0.00018684160273248283,0
0.27976019684331477,0.7201716361573502,3.416660341761142e-05,1.513131172708338e-07,1.5139960635087473e-05,1.4540041493382211e-05,4.169080671663047e-06,1
0.22314416344118937,0.7767876278389253,2.7685831720274833e-05,1.94470636657124e-08,2.168641065379941e-05,1.290364692030961e-05,5.9133835272152015e-06,1
0.15939452463256065,0.8405505429584864,2.5433795948570764e-05,1.786519018355443e-08,1.2116909877070579e-05,1.1854031552291047e-05,5.509806384990373e-06,1
0.1092158498498754,0.8907379858274432,1.958547043287154e-05,1.102244942814298e-07,1.2737341227907895e-05,9.48842202178113e-06,4.242864504468112e-06,1
0.07787540589219481,0.9220184456071325,1.2689294902990943e-05,5.3440719050043046e-08,8.229682163423715e-05,7.350267195203041e-06,3.7586762211689138e-06,1
0.07633689012042726,0.9230088495845983,1.2702925354966209e-05,5.349812343382513e-08,0.0006305819456079092,7.159212212029725e-06,3.7627136760562727e-06,1
0.053391274548979586,0.9460769625645118,1.3974902696210968e-05,1.4146299384885662e-08,0.0005046452180889062,8.56893000714157e-06,4.559689416921844e-06,1
0.017258647507016864,0.981472951123152,0.00029266879332019165,1.7866965453974566e-07,0.0007279926546430046,0.00023808686384494676,9.474388368693122e-06,1
0.05418580624851538,0.9386652374439648,0.005316160671838931,2.1228956714188217e-07,0.0013266523957098028,0.0004961537477051646,9.777202699023602e-06,1
0.04879202565890995,0.9449052079500216,0.001575619518998559,2.446507636209772e-07,0.004240805915946849,0.00048078475918720984,5.311546172076054e-06,1
0.044187824935513736,0.9443275569138625,0.002104316089880007,2.4203196551486684e-07,0.0087919908378626,0.0005828145007567223,5.254690158834665e-06,1
0.03901912763472936,0.9468863006085985,0.003337827488379396,2.3443741583473508e-07,0.010108310873297343,0.0006431091506228077,5.089806956815972e-06,1
0.018190756281865342,0.9540626042302776,0.004281873821234591,2.0642492031020257e-07,0.022693129161551733,0.000766948444863171,4.481635287243178e-06,1
0.05057641132654583,0.900939951289108,0.008199768496708615,2.3307521094985968e-07,0.037303810347145284,0.0029753559641884503,4.469501092866908e-06,1
0.025458258418963153,0.8616259219129587,0.048913915883332985,1.8636206786958148e-07,0.058498506746057485,0.005499347898443614,3.862778176108363e-06,1
0.021703663336688016,0.8184611759903123,0.05642271101680165,1.8298833483620614e-07,0.0942294307737902,0.0091784567846665,4.379109406437282e-06,1
0.01424869507011508,0.7259554873050257,0.04022758589704795,1.4182468253999443e-07,0.21653165304035593,0.0030330428442309825,3.3940185418474377e-06,1
0.011713210604890412,0.7361733515434545,0.08778813667415682,1.5619673621693056e-07,0.1603603398398043,0.003961067183576753,3.737957380915116e-06,1
0.00413614160832218,0.18324117482907892,0.7427568644104824,3.750927455321648e-08,0.06652198975021581,0.003342432043838034,1.3598487878718122e-06,2
0.8657388429612304,0.11264224167000458,1.2834993432764431e-05,1.964597538020286e-07,1.3144583922440345e-05,1.2786732851832216e-05,0.021579952598804294,0
0.8697859001732949,0.12164060563218553,1.24812176537285e-05,1.910446592938306e-07,1.2728295041548033e-05,1.2434287297443883e-05,0.008535659349867561,0
0.8573989563157252,0.13657305842340847,1.3800325403267544e-05,2.1833691588416723e-07,1.5345589434644824e-05,1.1822542281261897e-05,0.005986798466831509,0
0.86670570664258,0.1270915103174626,1.2899162911231915e-05,2.4838634022075566e-07,1.7168182590601207e-05,9.97287875244912e-06,0.006162494429362998,0
0.8318402355832969,0.16337455604083997,1.2290316568765186e-05,1.8338547360233023e-07,1.8338475480580225e-05,1.0100487882310637e-05,0.004744295710457746,0
0.8554280061557179,0.1408491280190706,1.3475924132721614e-05,1.777644305953482e-07,1.543177099227547e-05,1.0865806036096417e-05,0.0036829145596196855,0
0.8033180577455411,0.19562059496807432,1.4873926197612039e-05,1.745570032240771e-07,1.3259540153922993e-05,9.272019970956216e-06,0.0010237672430587613,0
0.7894083049584668,0.20993143377794377,1.7474196628534194e-05,1.954039400260711e-07,1.5916995694251893e-05,9.986774822452623e-06,0.0006166878925042178,0
0.776018877129685,0.2233774849911285,1.704139881978332e-05,1.9056420983060835e-07,1.552276636258006e-05,9.564162871015482e-06,0.0005613189869233857,0
0.7766892478744056,0.22276971674594062,1.6995032369482134e-05,1.9004572035343948e-07,1.4165478234230527e-05,9.538140577474851e-06,0.0005001466827519764,0
0.1384990711874111,0.8614434359740093,2.4974810635642473e-05,1.577375365486695e-07,1.3294185209581695e-05,1.506216885705616e-05,4.003936340920388e-06,1
0.1682333665653481,0.8316878686026643,2.273630842118209e-05,1.771152165211601e-07,3.1645505486124366e-05,1.5482771646046507e-05,8.723131217772883e-06,1
0.0733539100529046,0.767750332630581,2.068688577200181e-05,1.753785468202912e-07,0.15885065234912893,1.711405879681145e-05,7.128644269432953e-06,1
0.08084146354505997,0.9134300015386829,2.4612196568910357e-05,2.0865640753683948e-07,0.005673076061449276,2.036143012734648e-05,1.0276571703569535e-05,1
0.06863429836365814,0.8901069533432063,2.1445596561452373e-05,1.9115502618528757e-07,0.04120792521641717,1.5766895186600694e-05,1.3419429944184208e-05,1
0.35463730059042664,0.5099870076181923,0.0007729908886151315,2.774672506228902e-07,0.1324770548396119,0.0021198940143321104,5.474581571305932e-06,1
0.0764003801385568,0.9016905848975166,0.0009100548027148706,4.7232005578231436e-07,0.01750960220729792,0.0034486242226666733,4.02814111913575e-05,1
0.1142104619870178,0.8284524038557447,0.0009659400541770884,2.5546261786033534e-07,0.049464746205121674,0.006887345452004453,1.8846983316499056e-05,1
0.4170849845211184,0.5249585629652161,0.0011767997259129097,3.338121258679231e-07,0.05441608291364465,0.0023305082209452103,3.272784103681101e-05,0
0.6016828014332245,0.3949480667671007,0.00033348086292665996,1.9657752897197937e-07,0.002282829985367165,0.0007133241290252529,3.9300244826830914e-05,0
0.6532079100186554,0.34669038879758407,2.1694513490879204e-05,7.578188538063696e-08,2.6345223345810074e-05,9.787764064753981e-06,4.3797900973768446e-05,0
0.6917864181959328,0.30807825249439763,2.012995268345165e-05,7.03166617502772e-08,2.322648153655829e-05,9.081891953148438e-06,8.282066683463404e-05,0
0.6404300814135341,0.35949239919952025,2.9981332020651878e-05,1.8259196385596766e-07,9.762630908125052e-06,1.3976009767563494e-05,2.361682228561797e-05,1
0.6105368055231548,0.38939838195931703,2.059815889525012e-05,1.6282897927747241e-07,1.139667200265038e-05,1.2463305376459325e-05,2.0191552274499814e-05,1
0.3701161015757088,0.6296303981891811,1.8031375555827384e-05,1.8129474336705358e-07,0.00021593989712687459,1.3185444179425191e-05,6.162223504698759e-06,0
0.4713959931421127,0.528368872035549,1.3188924629902401e-05,1.620054317043049e-07,0.00020292885689124566,1.091517844213131e-05,7.939856943087481e-06,0
0.5343035982468752,0.46536929149305567,2.1598334581968002e-05,2.1033119150798272e-07,0.00028720817819311516,1.1715772944644549e-05,6.377643157761562e-06,0
0.6982141085686568,0.3017391872584171,1.4045217297542404e-05,1.6271399988254195e-07,1.6261576776047176e-05,8.954882783412818e-06,7.279782069213062e-06,0
0.7111715580056469,0.28877729966949056,1.7432106243561625e-05,2.339678728548897e-07,1.7951863035302645e-05,9.818421241180583e-06,5.705966469595291e-06,0
0.7080348568864112,0.2919165378664717,1.6295626200915993e-05,1.918291933611959e-07,1.6929934610073496e-05,9.780373682605463e-06,5.4074834300152006e-06,0
0.6951251782416642,0.3048298932846716,1.5998506227905266e-05,1.883315502481657e-07,1.3830700668601094e-05,9.60204703662194e-06,5.308888180530909e-06,0
0.3482019923570199,0.6517512053027044,1.8065585483694235e-05,1.6565011121556722e-07,1.4684465416038092e-05,9.041611312185724e-06,4.845027952624175e-06,0
0.22460521116489446,0.7753529221675991,1.7903650001866646e-05,1.477095682281558e-07,1.2211058623176363e-05,7.4129670416607714e-06,4.191282271616688e-06,0
0.8707147036585887,0.12904921470267694,1.7448263020909316e-05,1.4263010602451429e-07,8.071788171935254e-06,8.99932889378407e-06,0.00020141962854193081,0
0.8579287628251396,0.14157730433093393,1.5400892605722705e-05,1.4423605532795714e-07,8.366530110887247e-06,7.650003418120163e-06,0.00046237118173640305,0
0.8402631680467146,0.1594242456945183,1.0372182788967945e-05,1.0116130702216315e-07,6.291402339280708e-06,6.7951932733770815e-06,0.0002890263190587017,0
0.9071511831294818,0.09210423691382032,9.339567797977184e-06,9.422131902309263e-08,5.7580918357555145e-06,6.219177347078834e-06,0.0007231688983982716,0
0.9786708207254997,0.01970640375794879,7.086200974262665e-06,7.88902905787652e-08,5.197553706083987e-06,5.714766792259143e-06,0.001604698104788063,0
0.9790740519960799,0.01930263317929175,7.0891206258573864e-06,7.892279490139631e-08,5.199695198545425e-06,5.587814624307724e-06,0.0016053592713846227,0
0.987551021651801,0.010733332704657053,7.474693969520536e-06,8.137687628542514e-08,4.119338493839458e-06,5.13452099597716e-06,0.0016988357132064463,0
0.9881741517816348,0.010181407995759294,7.090333547017517e-06,7.719235037993871e-08,3.907515683383093e-06,4.870495917838611e-06,0.0016284946851073707,0
0.9659861319784616,0.032525212849154925,1.6130205177235993e-05,1.2550320598536207e-07,6.079158326281714e-06,7.91869724679642e-06,0.001458401608427144,0
0.9834337645823132,0.013923358192627546,1.3711545834583734e-05,1.0016557132986537e-07,7.170088829238308e-06,6.320004558338602e-06,0.002615575420265683,0
0.9755011092715984,0.0142432863249573,7.839412445967969e-06,5.905658178922866e-08,3.6199606104061397e-06,4.338488901097922e-06,0.010239747484905052,0
0.9672889789077481,0.01936858380673873,1.0467297846472437e-05,7.348274240133881e-08,4.364927010841153e-06,5.254642307913378e-06,0.013322276935605516,0
0.9250652346218767,0.0679663517564112,3.354099583687078e-05,1.909146731230438e-07,1.4513866211808226e-05,1.3529713552703781e-05,0.0069066381314377,0
0.941794667056242,0.0455913934703105,2.811368920264543e-05,1.6477934498358405e-07,1.4858745180988984e-05,1.2512999832410024e-05,0.012558289259886196,0
0.9263203951482486,0.06340132368039642,5.928552792001648e-05,2.1632107307420768e-07,1.8093899297328826e-05,1.642697118011955e-05,0.010184258451884318,0
0.9387789743086241,0.04967780165426112,7.14883792559761e-05,2.4682654233003156e-07,1.9940004246451676e-05,1.9840698971663494e-05,0.011431708128098362,0
0.9365057262644625,0.04864959290077439,8.010112886137845e-05,2.765636160639852e-07,2.2052700373601686e-05,2.163952737761899e-05,0.01472061091453455,0
0.9647849778389576,0.01586631073808264,7.790131440950627e-05,1.2622691130827915e-07,1.9090311086978018e-05,2.1045241807195248e-05,0.019230548328744698,0
0.9680125368728271,0.011412978118602094,7.57553999191683e-05,1.227497920824964e-07,1.7123368963884695e-05,2.046551745094978e-05,0.020461017972444564,0
0.9668718363788231,0.014270835286258372,0.0001024166095675234,1.6595011766318625e-07,2.304711234585993e-05,2.766924328985917e-05,0.018704029419597475,0
0.8010605394858576,0.00694353135810737,2.352764539785486e-05,1.890145692380101e-07,1.0816527677496119e-05,1.314543720944681e-05,0.19194825053118106,0
0.9637103619185563,0.009982322698701149,2.2213459096128574e-05,1.543938156425316e-07,1.0761409219690324e-05,1.2227763464237261e-05,0.02626195835714691,0
0.9493075321080316,0.009072096683148788,1.936178872605483e-05,1.8682339772344233e-07,1.304287751341436e-05,1.2275046482693483e-05,0.04157550467269963,0
0.9505867510681851,0.014156480188033631,2.051734508779792e-05,1.618501064965159e-07,1.1979039402398609e-05,1.2291587457737215e-05,0.035211818921726805,0
0.9445283319984353,0.013675916959714223,1.5943162553348884e-05,1.3872409659729722e-07,1.0767650025678917e-05,9.289697149051942e-06,0.04175961180802548,0
0.3587820949730273,0.013427064234858021,1.253521772361169e-05,1.001883639100857e-07,8.388491694599416e-06,8.633970915647834e-06,0.6277611829234168,0
0.9115286218980465,0.07202024065808706,4.0161414820398494e-05,2.6622251020355494e-07,2.2003378489226606e-05,2.038143724752061e-05,0.016368324990799238,0
0.9652423926151847,0.019455269452161274,4.518067649971805e-05,3.2567623660048695e-07,2.7790675294749718e-05,2.1762380645503073e-05,0.015207278523977403,0
0.8279908974953619,0.16871905569917792,2.9249083992169045e-05,1.9007444053208637e-07,1.5421940371325754e-05,1.551625453409465e-05,0.0032296694521221324,0
0.8326824479099916,0.16411506618380664,3.066852224938085e-05,1.8488770731026206e-07,1.5001107931966576e-05,1.5092848458848642e-05,0.0031415385398546004,0
0.832162474932546,0.16731106790658318,1.919168226666188e-05,1.5455577894447875e-07,1.0731970532545165e-05,8.894700911991933e-06,0.0004874842513806771,0
0.8546029619399509,0.14464206492633083,1.498456096191133e-05,1.2951490799575977e-07,8.670963687993983e-06,7.541015883308049e-06,0.0007236470782769493,0
0.6680456887472144,0.33190398249084596,1.2823546069056512e-05,1.614918761865764e-07,8.737510926889538e-06,8.580467807631629e-06,2.002574525982698e-05,0
0.2902278598882887,0.7097116425297425,2.3530572868305964e-05,2.1039092610870036e-07,1.7150574902282813e-05,1.3109278438293429e-05,6.496764834016625e-06,1
0.17951134586376719,0.8204331482033002,1.815174769296239e-05,1.5731370578246735e-07,1.614637198321303e-05,1.1534504975311707e-05,9.515994575255147e-06,1
0.2740807289692662,0.7258378499960412,2.5287133001103566e-05,2.0910717681958418e-07,2.549769732692091e-05,1.5367041553945757e-05,1.5060055633820821e-05,1
0.29614946506110396,0.703518435914171,2.3911701722870995e-05,2.1187811875356108e-07,0.0002853670451486963,1.5570674831820922e-05,7.037724903070738e-06,1
0.09622872340829049,0.9015734854577087,1.1101950937647993e-05,3.2601577328618486e-247,0.0021397548556668657,8.894965235173393e-06,3.803936216128937e-05,1
0.11937297606146956,0.8805083491086394,1.9480588467297975e-05,1.8828870005982757e-07,2.3120902181973377e-05,1.746229862455395e-05,5.842275191724672e-05,1
0.14714750072593338,0.8527864594918971,1.6846220840607053e-05,1.6318072723572638e-07,1.3312182268232785e-05,1.5689921909591797e-05,2.002827642387289e-05,1
0.2735645236852614,0.7263738603134797,2.1159239297151595e-05,2.216886274082483e-07,1.8427941589198336e-05,1.0698967993376519e-05,1.1108163751626456e-05,0
0.6366804281154201,0.36322369708101304,4.0405949626008854e-05,3.0270091845810996e-07,2.463212665562015e-05,1.5374522434232833e-05,1.5159503932621877e-05,0
0.6792684755957524,0.3206521130421075,3.4877436358912354e-05,2.486888775880575e-07,1.8171673955167444e-05,1.3125625745899351e-05,1.2987937202565438e-05,0
0.7647360153240467,0.235201896185196,3.0088780788816845e-05,2.2189946650322658e-07,1.0616906132332025e-05,1.1707129084793774e-05,9.453775284763765e-06,0
0.7829188616750513,0.21702098904245976,2.814064898186165e-05,2.2313570944100722e-07,1.0676054878536806e-05,1.3336915399680342e-05,7.772527519228945e-06,0
0.7989751341576828,0.20090477645133983,2.71666836526219e-05,2.4156520451854407e-07,1.1022425458219503e-05,1.705318957971599e-05,6.460552708219492e-05,0
0.19764505304149207,0.8022927617112261,2.4585458306769813e-05,7.665099388176943e-08,1.3231931078161286e-05,1.1458643416236202e-05,1.283256348663645e-05,1
0.2199729725040026,0.7799666485108194,2.64579726191195e-05,1.4890204765057486e-07,1.4239721130912065e-05,1.2331373691559382e-05,7.2010156885449026e-06,1
0.20414197358698521,0.7957968737597355,2.6994964382792976e-05,1.8961785085956677e-08,1.4528730915387433e-05,1.2581651602209346e-05,7.028344593547458e-06,1
0.19016801402400957,0.8097791064858024,2.4502698535277788e-05,1.7211169352313573e-08,1.0513666072557995e-05,1.1420071236742798e-05,6.425843174188125e-06,1
0.07787843060642739,0.9220542571998065,1.2689787760658326e-05,5.3442794710537636e-08,4.2614892802279774e-05,7.436583354660215e-06,4.517487053852164e-06,1
0.07787060504076913,0.9219616051512994,1.2688512635228381e-05,5.343742454455314e-08,0.0001430949886603056,7.435836094207457e-06,4.517033116975484e-06,1
0.05630747922778788,0.9432669717476507,1.1957633533816153e-05,1.2104289209110167e-08,0.00040234577597321393,7.332009891568027e-06,3.901500873444663e-06,1
0.05333529508323789,0.9462179913008072,1.2441470712862282e-05,1.2594060460983101e-08,0.00042257150314183863,7.62868221997166e-06,4.059365819825155e-06,1
0.030042852718987344,0.9693682697191959,2.8884997881634735e-05,1.6116856409474598e-08,0.00054573338135765,9.046914544205392e-06,5.1961511771590446e-06,1
0.022928472781196755,0.9758446547151434,2.8544891898449847e-05,1.5071160943253583e-07,0.001182092903557545,8.092150844015579e-06,7.991845750823887e-06,1
0.029199397175117294,0.9693753755896987,0.000376262687212394,1.5106315001885408e-07,0.0009213275519418167,0.0001194754458436683,8.010487036333263e-06,1
0.04103266522478677,0.9552821523950217,0.0015119030465327243,1.795348716192713e-07,0.001883546076348503,0.00028351209454018116,6.0416278985419275e-06,1
0.04657412143018124,0.9416237075982575,0.009968031354299836,2.0147342930818888e-07,0.0013250858013335793,0.0004995732875577397,9.279054940542759e-06,1
0.04096433404688069,0.9557604636346169,0.0019007324588276868,6.422957338339528e-08,0.000971611200850854,0.0003981942654189387,4.600163831700606e-06,1
0.06743272807079737,0.917717995674843,0.005976661037785079,2.079237153236179e-07,0.008457182091230985,0.0004107110264099779,4.514175218034347e-06,1
0.06110243750856994,0.9136179643874023,0.007749241815605297,2.0620613769251326e-07,0.01688342335964479,0.0006422498372823016,4.4768853573500326e-06,1
0.05324261678282036,0.8991102438379364,0.00755982959556924,3.2364139593328047e-07,0.03822011151411677,0.0018623288306395243,4.545797521989976e-06,1
0.062401352458258896,0.8851926904940731,0.007006814624578794,2.4182735454391837e-07,0.04384609226628498,0.001548497187232726,4.311142216849584e-06,1
0.06543003278425004,0.21867664150907806,0.002605701098204355,1.025672807644023e-07,0.7121359058643009,0.0011497876735100897,1.828503375909751e-06,4
0.069396295371848,0.2293046312404369,0.003463152593614721,1.0852781002984363e-07,0.6954497591392899,0.002383778557040904,2.274569959728811e-06,4
0.10062732843080813,0.4050385735300728,0.005609209357910025,1.5938446386501911e-07,0.4851608584596264,0.0035605902388396826,3.2805982791922966e-06,4
0.055242357756588915,0.8992613021266257,0.011216247207098361,2.4255917826300374e-07,0.03227237017285751,0.0020031559889528293,4.324188698446305e-06,1
0.06478969050784164,0.8715887232107933,0.014323909460233392,2.3030909220716797e-07,0.046610048977223595,0.0026828218456644336,4.575689151295593e-06,1
0.039126472083658916,0.9052642640117681,0.020176189308372044,1.9853398939851787e-07,0.031731599372225666,0.003697161621022371,4.115068963502836e-06,1
0.02969181217745904,0.8973427176564139,0.02892304896295426,2.018139157209452e-07,0.03791568538070248,0.0061223509556500525,4.183052904453642e-06,1
0.026490467328220264,0.8989922972836126,0.025760680602770702,2.0053273076270093e-07,0.04267835552200566,0.006073842233230853,4.156497429120927e-06,1
0.02466718354313873,0.8390173790059797,0.0558313696107073,1.8332918341099395e-07,0.0733231787525561,0.007156318492152145,4.387266282674011e-06,1
0.012004044280135025,0.7695400753984551,0.05962984717088973,1.5033948885812593e-07,0.15492733966686417,0.0038949453570708563,3.5977870961386016e-06,1
0.020071220124281492,0.791709970002294,0.04362365343905935,1.508625197358271e-07,0.14040092257907233,0.004190472688980526,3.610303792563259e-06,1
0.8462769941251522,0.12573529012037332,1.4360090731560514e-05,1.947295024934551e-07,1.6108496786138433e-05,1.2674118126316694e-05,0.02794437831932783,0
0.8487983279078097,0.14661398147373633,1.2121463701389641e-05,1.9455077457114847e-07,1.808652882396915e-05,9.96172039562486e-06,0.004547326354758486,0
0.7470658815261315,0.25242401863532055,1.6252835074611528e-05,1.8174615278089732e-07,1.2583275084345357e-05,9.28874772140073e-06,0.00047179323451502874,0
0.1492071368843562,0.8507235952254055,2.6812451750839404e-05,1.809720176754617e-07,2.1728123508796448e-05,1.5819919253853128e-05,4.726423707225005e-06,1
0.12805205849894308,0.8718340972417038,2.6011418996094604e-05,2.20518685825728e-07,5.959008515064395e-05,1.9058772661805085e-05,8.963463858696896e-06,1
0.11140195612446616,0.883958931963582,2.865145703176035e-05,2.2144646664161261e-07,0.00457068013063977,1.8575000547509057e-05,2.0983877266368244e-05,1
0.08971837641949916,0.865479873304702,2.2226465826864506e-05,2.2206563257310783e-07,0.044750051313646004,1.7289427539444172e-05,1.1961003153866497e-05,1
0.11921154460265841,0.7885951703623485,0.00014406388346831515,2.231941765235222e-07,0.09159053367227905,0.00045261350759466957,5.850777474472529e-06,1
0.3301358228423259,0.5506605818640361,0.0003291736890085928,3.05369147917916e-07,0.11768566242399334,0.0011811463550640182,7.307456424301541e-06,1
0.35547650102712686,0.5178466893342797,0.0005052457832520161,2.871721846129306e-07,0.12481406209481502,0.0013503425836235326,6.872004718350097e-06,1
0.3862743685319846,0.5606144311795149,0.0007165577257392329,3.2059070275666305e-07,0.05051190778898966,0.001874742476197236,7.671706871514889e-06,1
0.3199704517109383,0.6526367334067246,0.0003781338970405655,2.6179250990913826e-07,0.026043673317239672,0.000955148337908371,1.559753763864474e-05,1
0.09152156333923522,0.8681234414640386,0.00043923772938050807,2.576413720896229e-07,0.03745993341710581,0.002430617679238383,2.4948729629559586e-05,1
0.2960926277798486,0.6896416850135034,0.0004617523356689888,2.3528871013474552e-07,0.0127381020512836,0.0010185580552035914,4.703947578160281e-05,0
0.8033816693712028,0.19647606016506908,1.640677935997356e-05,5.615061718104771e-08,3.609073242217066e-251,7.252247556232507e-06,0.00011855528619482948,0
0.37210388927736465,0.6278361428291379,1.8703645833837236e-05,1.712816082441367e-07,2.128894147306682e-05,1.398214837873729e-05,5.821876203590103e-06,1
0.2942567712066872,0.7056841517812912,2.213142178684376e-05,1.6731863874998613e-07,2.1038408566760757e-05,1.0182221883427547e-05,5.5576411457961504e-06,0
0.15075085215665082,0.8492118301051488,1.5294901257500995e-05,1.2996462248277142e-07,1.1722028554081668e-05,6.371556804414717e-06,3.799286961970188e-06,0
0.23543933420859156,0.7645195097108971,1.6105051092237197e-05,1.4764088037490306e-07,1.3081134998867712e-05,7.405637660227338e-06,4.416615879792057e-06,0
0.3472054319191918,0.6527408898509345,1.9519707415699323e-05,1.9266527066537417e-07,1.7683165375900928e-05,1.0516168555096412e-05,5.76652325616092e-06,0
0.4007202107600786,0.5992266927162031,1.9893789956501062e-05,1.9635757570047892e-07,1.6716994928110707e-05,1.0717704109334577e-05,5.571677148631553e-06,0
0.42704143085883883,0.5729144390134119,1.6476664178845344e-05,1.856768607241635e-07,1.3618395811033111e-05,9.175058992423952e-06,4.674331906187727e-06,0
0.5534669366311288,0.446495535852492,1.3339826193317173e-05,1.47665128442206e-07,9.855561670236577e-06,1.046705983669136e-05,3.7174035505377682e-06,0
0.8390636975283269,0.16066893003899793,1.5535799765049142e-05,1.3569058239448234e-07,6.5867102637942345e-06,7.183451856777142e-06,0.00023793078020711356,0
0.8212095494724974,0.17796356268958122,2.2302919810487546e-05,1.3951761260667992e-07,1.40969873651455e-05,9.15969461804456e-06,0.0007811887185150755,0
0.9710361274012986,0.0272389186711568,1.6575328923423024e-05,1.2688274726240744e-07,7.366999124722949e-06,7.824670694385915e-06,0.0016930600460549302,0
0.9814748460160867,0.012837570192492835,1.060866795856094e-05,1.0107565485504011e-07,6.657149192095114e-06,6.5711221818814135e-06,0.005663645776433189,0
0.9158524197446437,0.08057009063351558,2.4237280378542237e-05,1.3587442751023314e-07,1.2310554425381443e-05,1.3713068626750867e-05,0.0035270928439826675,0
0.962537585934366,0.026375402703191966,1.0415881727274856e-05,7.579663956954661e-08,4.343486175702046e-06,5.228831127300479e-06,0.01106694736677225,0
0.9088232945500919,0.08020588159881921,2.5581292165134416e-05,1.8615572188061517e-07,1.5256897177186888e-05,1.2841427411757526e-05,0.010916958078612756,0
0.9623675613523955,0.021079787902333114,7.352948086682639e-05,2.682944179085398e-07,2.0717467878336587e-05,2.0373718603266433e-05,0.01643776178350521,0
0.9783747185840389,0.010604658725657072,4.065814310295297e-05,1.1405608949328974e-07,1.812561703184465e-05,1.896001883983872e-05,0.010942764855239632,0
0.8993556937906888,0.014898258346907738,3.3406462885372087e-05,2.717597392937291e-07,1.8416954798817796e-05,1.9000458310609445e-05,0.08567495222666915,0
0.9528347074243729,0.009105804279903243,2.1074357559761474e-05,1.875175446196561e-07,1.3091338643304712e-05,1.2320654717639806e-05,0.03801281442725847,0
0.9575443031080849,0.008938261615433775,2.0187462122615445e-05,1.5924784032524977e-07,1.2920783514519017e-05,1.3001691794691678e-05,0.03347116609120891,0
0.5290821564379642,0.018667155388922684,2.039937118854209e-05,1.4851694111083381e-07,1.3014136785333978e-05,1.3250911163656661e-05,0.4522038752370346,0
0.880339819694928,0.09696324578200279,3.389171505966304e-05,2.736798814461563e-07,2.0515450033766674e-05,1.870953384399339e-05,0.02262354414425033,0
0.924085219952668,0.06231749899990681,4.083522021288883e-05,2.9117005551382704e-07,2.0752443730187204e-05,2.0723385418059357e-05,0.013514678828008586,0
0.9553323194175771,0.030854578744827128,4.039079420586387e-05,2.7984214335148155e-07,2.1454168700326107e-05,2.1424127807858552e-05,0.013729552904738412,0
0.9618552871461692,0.017433167701262183,4.237187924214041e-05,3.05429560563501e-07,2.4798010448450358e-05,2.040945457597352e-05,0.020623660378741505,0
0.9549776331544437,0.018611245604087872,4.123772996605804e-05,2.972542631444821e-07,2.2603892610402445e-05,1.7936191114970192e-05,0.02632904617351358,0
0.955028151284442,0.016420082299103106,4.0926828197149676e-05,2.9501318740381365e-07,2.2433476096142975e-05,1.9713410308166538e-05,0.028468397688665905,0
0.8856279985148594,0.1114043253234188,2.545416773479385e-05,1.693054773957157e-07,1.2434137717764084e-05,1.2637706180059366e-05,0.0029169808446118184,0
0.8833111647256177,0.11474082563530187,2.100893636336329e-05,1.569068889299346e-07,1.1523560228714076e-05,1.1712220953661254e-05,0.0019036080146458034,0
0.8348959859292733,0.15979758040926262,2.320601747261574e-05,1.89118292890312e-07,1.3130330561262651e-05,1.4002575979684165e-05,0.0052559056191573686,0
0.8476807925552831,0.15190530044122916,1.9437967269561346e-05,1.4754618572162059e-07,9.104508777151885e-06,8.719745579339777e-06,0.00037649723567600296,0
0.8800528659422718,0.1192668059405882,1.9008766358020407e-05,1.1584429410047338e-07,7.194096039084066e-06,6.74504329517709e-06,0.0006472643671538394,0
0.8598615533517168,0.13940476961228826,2.0482457686357653e-05,1.248253467599578e-07,8.356999714135511e-06,7.267965805041504e-06,0.0006974447874426008,0
0.8548353422079212,0.14442348784970266,1.8349995272496657e-05,1.2955012517890397e-07,8.673321462253043e-06,7.543066406615099e-06,0.0007064740091096358,0
0.8832542598020204,0.1162565891856386,1.5102052586023176e-05,1.3110294346585903e-07,8.982262797819349e-06,7.593023958322519e-06,0.00045734257005543744,0
0.8176937457685233,0.18226356904401075,1.0870838742995385e-05,1.3854761992541084e-07,7.3637205249795765e-06,8.024193581406208e-06,1.628788699677596e-05,0
0.6645014614326965,0.33545623741499875,1.788279210651853e-05,1.313831675284141e-07,1.3771930609311226e-05,9.230302207770545e-06,1.2847442135262767e-06,0
0.7692540859059843,0.23068199832174763,2.7047544276869007e-05,2.4876503589832557e-07,1.3363594749724456e-05,1.5574130370871525e-05,7.68173783465413e-06,0
0.4250823683910129,0.5748481442108315,2.297736769518506e-05,2.630649469392682e-07,2.021148752097423e-05,1.791216617502877e-05,8.123311817423534e-06,0
0.3503016285114555,0.6496361552552403,1.9901631640402035e-05,2.2785123783279634e-07,1.953636521800131e-05,1.5514454824683542e-05,7.035930383111967e-06,0
0.30766487787471275,0.6922785773319248,1.8084106040915505e-05,2.1752860110579534e-07,1.775219774137333e-05,1.4097590151703894e-05,6.393370827263775e-06,0
0.30274509788332593,0.6972001995186868,1.7483498911237663e-05,2.0016634517979526e-07,1.7162613909759172e-05,1.367528384769835e-05,6.181034973180575e-06,0
0.23608894884118198,0.7638601341108079,1.8152548738026476e-05,1.5088847845200837e-07,1.6513094816176465e-05,1.1088617586684858e-05,5.011898390618044e-06,0
0.2835161746177519,0.7163289580763484,2.5592090501339863e-05,2.1162896534822385e-07,0.00010648177254787562,1.55523648398285e-05,7.0294490455365e-06,0
0.30856094021565683,0.6910932762527945,2.1637120720364284e-05,2.1920076341398872e-07,0.0003005374494297665,1.6108807412887992e-05,7.2809532221921225e-06,0
0.7220449438617355,0.2774079933871752,3.5224285219070896e-05,3.01189749580441e-07,0.00048094813457546403,2.1067107003093303e-05,9.522034542030624e-06,0
0.7510173676997814,0.24847390087241905,4.812697789918387e-05,3.179242765640234e-07,0.0004335303315235802,1.827090540556694e-05,8.485288694526836e-06,0
0.7752617956804977,0.22436696777307014,4.0834860473201124e-05,1.4926710607972422e-07,0.00030469159723421933,1.4620148538243133e-05,1.0940673080496663e-05,0
0.2727467231462795,0.6990872182013431,2.5969402936369666e-05,3.292703748090678e-07,0.028087547841013517,1.7603045127531358e-05,3.4609092925231874e-05,1
0.19575188118156997,0.7864559005851675,1.659465017151775e-05,2.3460951492138205e-07,0.017737916023850168,1.2633806039863097e-05,2.483914368594797e-05,1
0.1077977154557844,0.8885491950241489,1.2244708801516787e-05,8.360518093841916e-307,0.003601831069908469,9.810551291031733e-06,2.920319006565682e-05,1
0.1231050710598944,0.8767475913801617,2.0994483689108114e-05,2.02814861999294e-07,8.429662666571851e-05,1.695079236890233e-05,2.4892842358298807e-05,1
0.10902576374160933,0.8909090699372801,1.4973402408222501e-05,1.451157258683328e-07,1.6971537486674465e-05,1.5274561162471105e-05,1.780170432735213e-05,1
0.13793965266335506,0.8620073642540572,1.6157043328911166e-05,1.5764958402116943e-07,1.4726444401708242e-05,1.1890246093483795e-05,1.0051699179410458e-05,1
0.4932022785883304,0.506617107089744,2.1007195524552218e-05,1.7066642135553456e-07,6.976734617324742e-06,1.107767611624109e-05,0.0001413820492461673,0
0.4391189167828966,0.5606324732045023,2.1774586673669252e-05,1.7642320173559378e-07,9.074395309074557e-06,1.1287959006003387e-05,0.0002062966484106988,0
0.07155464391306762,0.9284129851093913,1.4033115925302455e-05,9.857132037244442e-09,7.55264434848138e-06,7.1290032709557895e-06,3.6463568640889285e-06,1
0.029340683804057584,0.9706074701322018,2.7125298117345668e-05,1.0468556357598899e-07,1.1458207166476115e-05,8.032023317454298e-06,5.125849575831201e-06,1
0.029627174996409857,0.9703143741187802,2.6886272471899125e-05,5.749727602471601e-08,1.355203115026803e-05,7.745989249243316e-06,1.0209094662700943e-05,1
0.07787899809414636,0.9220609760623093,1.2689880229120446e-05,1.2037610314669886e-08,3.478628673898527e-05,7.987276430767375e-06,4.5503625352489225e-06,1
0.028471185980372765,0.9711147168403773,2.7433587277458597e-05,1.3214393339601422e-08,0.0003741710286178524,8.220035071554247e-06,4.259313889963323e-06,1
0.026912211691020618,0.9718797334717111,0.0002153418747090969,1.5009925821558384e-07,0.0009316769287916043,5.292656015532885e-05,7.959374354030793e-06,1
0.030834888600764825,0.9604731550563798,0.0061456694416616225,2.0550652956820556e-07,0.002136168318512571,0.00040044827285188483,9.464803299628694e-06,1
0.0342120574784476,0.9582901825195994,0.0058553870777100945,6.076701262572893e-08,0.001421713265107795,0.00021385303838025965,6.745853742310944e-06,1
0.03835920462419697,0.9555175186243181,0.004789127297729072,6.129874163966016e-08,0.0010329367252335097,0.0002967611740252519,4.390255755496332e-06,1
0.06531389991222131,0.8663430607729027,0.017539060869220947,2.1282205513318586e-07,0.04827552927069481,0.002523668189538163,4.5681633669567195e-06,1
0.04523120533940204,0.9060609755234863,0.013433525281787456,2.0194223645583979e-07,0.03309393661822111,0.002175969582222837,4.1857126438521116e-06,1
0.03281478954485173,0.8272444473749114,0.0456579855428926,1.952834628659569e-07,0.08585782739548034,0.008420081513239586,4.673345161173376e-06,1
0.02556115774873615,0.8178235792945988,0.07856381039016219,1.7869824001019468e-07,0.07147101596836616,0.0065759814571142595,4.276442782229182e-06,1
0.013184676838446608,0.8664436946361543,0.05897620071760474,1.3451534449272016e-07,0.05766640294672249,0.003725609220787468,3.281124939999515e-06,1
0.8766937933176329,0.11725859830827286,1.154894098237798e-05,1.9563989541350223e-07,1.1504085193077743e-05,1.1711174034303551e-05,0.006012648533989161,0
0.8499662999110134,0.144533547432995,1.4836881467715512e-05,2.2444118595599161e-07,1.62013453788694e-05,1.236228683748501e-05,0.005456527701121721,0
0.838495832335371,0.15503305980561943,1.4539718987706322e-05,2.190570236905932e-07,1.743107103540523e-05,1.2065725589063033e-05,0.006426852286373673,0
0.8564510724343389,0.1393939736176101,1.3201660821871962e-05,1.9879698878482858e-07,1.7570793162999014e-05,1.0206752454676382e-05,0.004113775944622478,0
0.83266179138164,0.16373792994213754,1.1518163332988882e-05,1.8481279387541018e-07,1.5068083862997408e-05,9.488767657266452e-06,0.0035640188485752274,0
0.8242805563203606,0.1735544737847836,9.989796897700369e-06,1.6028964180635761e-07,1.3068671894740338e-05,8.207423473432898e-06,0.0021335437129481757,0
0.7054256139079064,0.2940200601499438,1.5450743728103316e-05,1.9433673741533122e-07,1.1962279669726776e-05,8.830340056951365e-06,0.0005178882419575874,0
0.6767719210049058,0.32270067820804654,1.4823149751956836e-05,2.153142020335253e-07,1.3502195024626984e-05,8.471660350356559e-06,0.0004903884677187519,0
0.25301040287221216,0.7469279546846205,2.4788011418518614e-05,1.7877244231960183e-07,1.5067015819869508e-05,1.7070766870860505e-05,4.537876615929599e-06,1
0.2065910501990379,0.7933450364479198,2.3406850928564416e-05,1.862033455571944e-07,1.9316576540184947e-05,1.6277223016846225e-05,4.726499211222125e-06,1
0.33030722641136273,0.5509464799172882,0.00025136957256627053,3.0552769285065375e-07,0.117746763768253,0.0007405435524467158,7.3112503903756325e-06,1
0.13819803576429598,0.8461931188481876,0.0003826334752528665,2.1031493730551165e-07,0.014165052951437012,0.0010254442165893087,3.5504429300024766e-05,1
0.090915796578945,0.8867769000506691,0.0003716273133615971,1.7747994351166982e-07,0.020010005269673316,0.0018962741362772183,2.9219171130131105e-05,1
0.07973754351927705,0.8825334360469728,0.0008205379739656261,2.678340312543115e-07,0.03438740399027687,0.0024918339240800878,2.8976711396228748e-05,1
0.21578223566523813,0.7084433798474982,0.00217421387925917,3.347744819419499e-07,0.06664921119501709,0.006939698294261444,1.0926344243977083e-05,1
0.6353158283647992,0.3639430780429323,2.6039252459465357e-05,1.854241542317524e-07,0.0006524735509089842,1.4765849707668276e-05,4.762951503809531e-05,0
0.7549098271489179,0.24474689099924815,1.975965434107633e-05,6.902315929167981e-08,0.00028954469717952806,1.0321523528705332e-05,2.358695362526014e-05,0
0.7509771440799782,0.24885665476789065,1.882234156612192e-05,6.574899832433374e-08,4.2260078778797925e-251,8.491946061517657e-06,0.000138821115504955,0
0.8034637241170881,0.19639017575157647,1.6455147031391437e-05,5.7480065952098934e-08,5.0791748838185205e-251,8.225246589555585e-06,0.00012136225764850261,0
0.41893607594637866,0.5810120066241655,1.812029220238638e-05,1.6593945468447096e-07,1.2196487321198972e-05,1.2656395794187882e-05,8.778314683315375e-06,1
0.38967585167326474,0.6102772420911399,1.678216324438828e-05,1.536853261578647e-07,1.3119549058116334e-05,1.162706086417198e-05,5.2237771023503015e-06,1
0.366400242266677,0.6335481240125194,1.7851088754208402e-05,1.6347418133838497e-07,1.5509514619973666e-05,1.2553142138633163e-05,5.556501109440608e-06,1
0.42357840024795895,0.5763504356899708,1.7578938829599657e-05,1.757359091643198e-07,3.088799745479215e-05,1.3224835812874998e-05,9.296554063867801e-06,0
0.41018409899494723,0.5897520621596546,1.6374140312224885e-05,1.646322298911667e-07,3.03088375846307e-05,1.1395371994731765e-05,5.595863276699289e-06,0
0.3787462378900563,0.6211865205811805,1.7246900690455704e-05,1.734073157575998e-07,3.1924333241178204e-05,1.2002758335789178e-05,5.894129179932922e-06,0
0.2806482604569615,0.7192907498830352,2.311845183883788e-05,1.7091133832791776e-07,2.1490149521282236e-05,1.0400856606589847e-05,5.809290698139525e-06,0
0.261046423477141,0.7388269234527612,1.9375240410999546e-05,1.840240583054658e-07,9.058838757653793e-05,1.02504249037026e-05,6.254993147948469e-06,0
0.39230252259384385,0.6076506671608461,1.5487635578195288e-05,1.7974119055828034e-07,1.4871080953271276e-05,1.016236947322044e-05,6.109418114668058e-06,0
0.42928968565069353,0.570661365977965,1.5988440213570806e-05,1.82831629748196e-07,1.6600879632344567e-05,1.0103300579334154e-05,6.072919286415277e-06,0
0.7079434190307677,0.2920051385390826,1.7387314708464575e-05,2.0468035496877873e-07,1.815252188678876e-05,9.928167685089376e-06,5.7697455144863804e-06,0
0.3181891848247663,0.6817705459945265,1.4809932918395435e-05,1.49167174233447e-07,1.3461036305448198e-05,7.486118601214858e-06,4.362925708118043e-06,0
0.7624363880906257,0.2373214963391498,1.4039115409720193e-05,9.663888993444825e-08,6.479343174804775e-06,6.491414100505053e-06,0.00021500905864963498,0
0.9306061368048324,0.06881663981318756,1.036865356468819e-05,9.198281419971844e-08,5.72057547954521e-06,6.178656827548522e-06,0.0005548635132940264,0
0.9123847009673735,0.08645902606192928,1.4891806551318789e-05,1.1853828940576742e-07,7.244160488609652e-06,7.895196647648069e-06,0.0011261232687202387,0
0.9653764074985222,0.03320172808703377,7.958541590384857e-06,7.424898837487698e-08,4.89176934030337e-06,5.256904340495551e-06,0.0014036829501843766,0
0.9783393562855905,0.014325503198884608,1.007423729853191e-05,1.572481293956477e-07,8.119016918971418e-06,5.8089489549827775e-06,0.0073109810642232416,0
0.8909653101368016,0.09576642850106543,2.2897731130346543e-05,1.9937943027874896e-07,1.5122170141514005e-05,1.2709101468156927e-05,0.013217332979962753,0
0.9174687624655689,0.07367121362038823,3.1519643568289326e-05,2.2936925797171736e-07,1.8798579754246887e-05,1.6267699270910556e-05,0.008793208622191453,0
0.9491320769976862,0.03789684275095869,6.367758731845572e-05,2.5024425342391094e-07,1.9024266469700095e-05,1.7275978571563936e-05,0.012870852174741964,0
0.9714093847101514,0.018905919423086753,3.785982748944354e-05,2.071387160630554e-07,1.6734180827937716e-05,1.6159664085906663e-05,0.00961373505564284,0
0.9333221844568476,0.014986842296872855,5.6824187550965925e-05,2.8893366672632455e-07,1.809931653019002e-05,1.8213569347088846e-05,0.05159754723918482,0
0.9784866784242521,0.010786074994820267,4.3907239074141734e-05,2.1165985592346476e-07,1.6334853046694063e-05,1.9496793077384632e-05,0.010647296035873093,0
0.9760589581408197,0.010010804535602998,4.0746869407530844e-05,2.1113470730698971e-07,1.925033560551206e-05,1.9448419644143745e-05,0.013850580564212785,0
0.8348077387707877,0.006130937382547339,1.6752341932867774e-05,1.3984862839223464e-07,1.1346802873859617e-05,1.1417855090232607e-05,0.15902166699813972,0
0.966059973519438,0.007847697526676769,1.816720413549904e-05,1.4331113072827133e-07,1.1627737566669719e-05,1.170054895986125e-05,0.026050690152092434,0
0.9237640827093205,0.026645565806163844,1.6466306464249544e-05,1.4327605836694165e-07,1.1678572563583089e-05,1.176847878399829e-05,0.0495502948506455,0
0.48290280583072187,0.016514843848810773,1.6439436307098438e-05,1.3139302910629484e-07,1.1513614814841842e-05,1.1723089252908544e-05,0.5005425427870634,0
0.9337978461401433,0.05610553172883283,3.548168702725706e-05,2.6719814952368963e-07,1.905388717771248e-05,1.8266424244083177e-05,0.010023552934425273,0
0.9473454914141535,0.018151286005141924,4.090815973402114e-05,2.9472411819136744e-07,2.2423243235699247e-05,1.7792845817533002e-05,0.034421803607798826,0
0.9084450630362074,0.08794548528990877,3.0237033752700903e-05,1.8546120010463806e-07,1.4945433970533012e-05,1.532016808542646e-05,0.003548763576875256,0
0.8911872481627406,0.10750069770857261,2.7474690339328865e-05,1.653564496732002e-07,1.1607356702903698e-05,1.1678342461053155e-05,0.0012611283827336426,0
0.8721528698869833,0.1269597560166838,1.371696961217083e-05,1.2557268929714955e-07,8.97886882583536e-06,8.56297297725556e-06,0.0008559897122285142,0
0.8392330419120553,0.16067858960652434,1.1618342050524763e-05,1.4515185886094516e-07,8.146399888763018e-06,8.406688002494925e-06,6.005189961948882e-05,0
0.8439732160774187,0.15594592514905256,1.1713078209230763e-05,1.4633542958710597e-07,7.868155619399059e-06,8.4752362794636e-06,5.2655967990988164e-05,0
0.8457691240301882,0.15413610623405272,1.2210432116337844e-05,1.5254903939601036e-07,7.731213787319424e-06,8.835106827747399e-06,6.584043398812278e-05,0
0.7461286614587341,0.25381204507823585,1.816513550040114e-05,1.645188039809557e-07,1.1711424632813045e-05,8.851285679982138e-06,2.0401098412948428e-05,0
0.6931761559295718,0.30677572294759126,1.870606286421076e-05,1.790536752243649e-07,1.415151915885263e-05,9.655237969873914e-06,5.429249168796685e-06,0
0.6667796510947368,0.33317316157688137,1.783592679884274e-05,1.7072476808979637e-07,1.4797863587053186e-05,9.206112419602622e-06,5.176700808196558e-06,0
0.6406297241626221,0.3593154715389289,2.1000001527323375e-05,2.0425249234694605e-07,1.7241343230013137e-05,1.0601016727522786e-05,5.7576844720697205e-06,0
0.6367700476680112,0.36317562999250236,2.0575489627259112e-05,2.036014114414144e-07,1.718638424648352e-05,1.0617533083861171e-05,5.739331117470389e-06,0
0.643515282557035,0.35642958219154053,2.088339354498626e-05,2.0664822458526957e-07,1.7443571566781635e-05,1.0776420191402336e-05,5.825217896750785e-06,0
0.430168169820695,0.5697609665206507,2.3036874497781444e-05,2.637462327190498e-07,2.131386722540595e-05,1.8104821122671933e-05,8.14434957593273e-06,0
0.30856794040453195,0.6913729543552292,1.784585397116845e-05,2.0431490196307913e-07,2.0787219496725533e-05,1.3958711571368591e-05,6.309140297493064e-06,0
0.37114516252729074,0.6285147718076328,2.8467513190576017e-05,2.4227017778080743e-07,0.00028724410128100277,1.6630600508905905e-05,7.481179918016515e-06,0
0.76750658457171,0.2320378011268924,4.418338286743583e-05,2.57953702279865e-07,0.0003865873279795688,1.6853617198748245e-05,7.732019649711201e-06,0
0.7807749987176227,0.21875758447934157,3.9559012446687356e-05,2.8705502045978014e-07,0.00040503875577083684,1.540948663662467e-05,7.122493161272807e-06,0
0.38246193822540064,0.585865485484397,2.5625056026500858e-05,2.6093305082035024e-07,0.03159344877208505,1.8431246052910218e-05,3.481028298721583e-05,1
0.14328610702362263,0.8383850918066235,1.7019428362607458e-05,1.9905751516925462e-07,0.018276884211861213,1.2016896347747517e-05,2.2681575667297582e-05,1
0.14176339701138174,0.8245015776878531,1.5370421517690957e-05,1.5921477144231163e-07,0.03369427322207193,1.2189149108948938e-05,1.3033293295303651e-05,1
0.103100066855584,0.888413773087089,2.20229977454629e-05,1.7959592891428243e-07,0.008393209417047595,1.499329976490446e-05,5.5754746839939706e-05,1
0.5752056255625899,0.42467616281848036,4.555631104823875e-05,4.1215849900063174e-07,3.943311462889862e-05,1.5718218254115573e-05,1.7091816499394493e-05,1
0.6280737234013845,0.3718507468779152,3.254178022197768e-05,2.494803910978641e-07,1.2128317636790139e-05,1.2060970655750753e-05,1.8549171794898214e-05,0
0.720130961220419,0.27978491771064595,3.6072161628245526e-05,2.531291227751718e-07,1.2784458690611318e-05,1.495568126972492e-05,2.005563822363255e-05,0
0.5102722220822202,0.4896489872964539,2.5725663956792997e-05,2.490788057322344e-07,1.8457802545514196e-05,1.62526579700506e-05,1.810541804763e-05,0
0.5414434200153507,0.4584741222333107,2.8515377435486837e-05,2.754696150225609e-07,1.2695359258183664e-05,1.797468644889921e-05,2.299685858079942e-05,0
0.3078287622008172,0.692081619439142,2.386089790780978e-05,1.934283688630636e-07,9.943849832372018e-06,1.1263735303366818e-05,4.435644862847781e-05,0
0.31191348946868913,0.6878140399664271,2.4177519589367807e-05,1.9599506252426081e-07,1.1879915853315506e-05,1.1413199201421101e-05,0.00022480393517727322,0
0.02501942343912583,0.974948992828178,1.2710224372252467e-05,6.628739787376604e-08,1.0162025446402743e-05,6.208569297571934e-06,2.436626182125331e-06,1
0.02872350884904907,0.9712255124361393,1.0738859806090127e-05,7.377575687894887e-08,1.473924460214244e-05,5.585995552448534e-06,1.98408390940568e-05,1
0.04205194839178055,0.9578563580219039,2.9197110770802814e-05,1.4060328974213972e-08,4.862402390452687e-05,8.645504041978516e-06,5.212887269256528e-06,1
0.03999845181116271,0.9595877337696078,2.9815117131234394e-05,1.4357939679740131e-08,0.0003707271969389273,8.828500795630684e-06,4.429246424122381e-06,1
0.0379904673342739,0.9614318278290126,2.9362589453632627e-05,1.4140017842645844e-08,0.0005352715833657799,8.694503637606214e-06,4.362020238526273e-06,1
0.02498089655226125,0.9746734210268482,2.753411919217599e-05,1.3259489163028835e-08,0.0003056099619757588,8.250157849754183e-06,4.274922383902147e-06,1
0.026490832854350114,0.9725710669302083,0.0001649527040063185,1.2414234505533694e-07,0.0007250197718518134,4.377388250618761e-05,4.2297147322137835e-06,1
0.025584666414758334,0.9728935366667456,0.0003622997970707158,1.5296497682730884e-07,0.0009957753891100495,0.00015869612167402649,4.872645664321403e-06,1
0.05356152430028943,0.9436911657554716,0.0008571209678413291,1.5699051389263007e-07,0.0016678696809322882,0.00021592292789666866,6.239377054677902e-06,1
0.038328642192724256,0.9547562166377405,0.005632913489619464,6.124990229043277e-08,0.0009801414284067108,0.000296524731608529,5.500269998239707e-06,1
0.03227238483073032,0.9149260132817373,0.022389356720087523,1.9271073484868858e-07,0.02931793429779698,0.0010899342685752739,4.183890337613273e-06,1
0.03425182901506505,0.9024476177160129,0.018360811917457063,1.9492844036529883e-07,0.04358361468179523,0.0013518914054788558,4.040335750474991e-06,1
0.08984970766008236,0.8424952049750799,0.012320056729748546,2.3010621830175793e-07,0.05349219102723596,0.0018378732428712544,4.7362587637870294e-06,1
0.07502520217319524,0.861525544722844,0.011854168474997264,2.1947542584548407e-07,0.04980764793122793,0.0017828567721188085,4.360450190623894e-06,1
0.03963273439831215,0.9081775409324089,0.01608764817535057,2.0318812153492843e-07,0.03247546724505391,0.0036221945243041257,4.2115364488165985e-06,1
0.02670232029538698,0.9101953984756234,0.026156653174041304,2.0470450567347805e-07,0.03192548300849277,0.0050156973749870305,4.242966962675704e-06,1
0.042894872585199896,0.8917913292574376,0.020517307382682884,2.3237653058890485e-07,0.03920944201324249,0.005582649309065579,4.167075840833335e-06,1
0.859678887899744,0.12433499103957134,1.3687477148626463e-05,1.8560854979033419e-07,1.1604413120456626e-05,1.2080473966065283e-05,0.01594856308789969,0
0.8542998752171923,0.13879819784279485,1.3555172768841449e-05,2.1914598298772526e-07,1.2886298332367458e-05,1.3337487678018681e-05,0.006861928835250738,0
0.868349633685108,0.12684001600179579,1.3834588154621616e-05,2.2366328132267836e-07,1.660310225494425e-05,1.2319439620436742e-05,0.004767369519784924,0
0.8350144974204894,0.16136901821848584,1.550543080815372e-05,1.8430814035635845e-07,1.4544492381756998e-05,1.1247640596139293e-05,0.003575002489098499,0
0.7148209004211118,0.2847938908084737,1.387122091527713e-05,1.7446977725344593e-07,1.1119344971293686e-05,7.927618232655096e-06,0.00035211611651793476,0
0.27646194817257036,0.7234748735336889,2.547726314166933e-05,1.8374336200493783e-07,1.530779705435504e-05,1.754543405099802e-05,4.66405613167075e-06,1
0.14019374297303033,0.8572350863424899,2.9181970739719755e-05,2.252279834425823e-07,0.002511616194238818,1.6598091544050073e-05,1.3549199973863105e-05,1
0.11558784137395386,0.8806163752614768,2.7539513263936275e-05,2.1233079962742603e-07,0.003743642082503682,1.4225537319131566e-05,1.0163900683101341e-05,1
0.13328512055881522,0.8625276360788596,2.827722367419942e-05,2.2024494349532774e-07,0.004123761201857919,1.4509561840726795e-05,2.0475130008726684e-05,1
0.1349065262911576,0.8582700745339233,2.8926557651323838e-05,2.3028978816378735e-07,0.006763607585289873,1.6231934206257194e-05,1.4402807983568114e-05,1
0.38170348875365023,0.5209506396937809,0.0005095411747076211,2.864582162300168e-07,0.09418841234732526,0.002625817256370394,2.1814315949381446e-05,1
0.13508425702404703,0.8478411845014936,0.0002879175711443217,2.0652024115650387e-07,0.015743909864728893,0.0009994307390666136,4.309377927842374e-05,1
0.5527807947303954,0.4406143503791074,0.0002817633821099158,1.8685172552670393e-07,0.005426653006019773,0.0008588958114578488,3.735583918425392e-05,0
0.6963971645609097,0.3029546623872911,3.152963701690909e-05,1.5405743923442695e-07,0.00056837229541481,1.4203837616371692e-05,3.391322431193952e-05,0
0.6538996332939119,0.3456229371571857,2.3436566671562444e-05,8.083055994068305e-08,0.00041024013903682576,1.2087168058196292e-05,3.158484457599358e-05,0
0.66880475993317,0.33103970319337916,2.228395973106079e-05,7.68553247580779e-08,3.3151726808385627e-05,1.1492722890944405e-05,8.853160869560345e-05,0
1.8399165720711924e-147,1.2062706987578701e-147,1.0391303876434345e-151,3.605969721742679e-154,1.0,5.703052877652975e-152,3.9572001200538786e-151,0
7.444257971793424e-148,6.93261927002861e-148,4.248879392059585e-152,1.3306908923294176e-154,1.0,2.1045657918331904e-152,1.2963622128986381e-151,0
0.36694255456777636,0.6330112446122854,1.7047340296647856e-05,1.5611372714363874e-07,1.1880265757756826e-05,1.1810781501464364e-05,5.306318655157896e-06,1
0.38509214419076887,0.6148582859869568,1.7496344239621827e-05,1.6022555208642122e-07,1.4163491855340067e-05,1.2303680698167475e-05,5.4460799291972695e-06,1
0.5218762470421051,0.47805883597666776,1.5972530481035556e-05,1.5967671273838318e-07,2.633601296898921e-05,1.215725014432494e-05,1.0291510920149963e-05,0
0.42805254321091635,0.5718967577962297,1.576497247215611e-05,1.5760176408827762e-07,1.7559353191712326e-05,1.1860168270663852e-05,5.356897155481805e-06,0
0.42771418550900797,0.5722160002954916,1.5189899636949561e-05,2.0585081246637223e-07,3.725752778976533e-05,1.0994740750118696e-05,6.166176511008747e-06,0
0.29471724760473467,0.7052424949594253,1.2593603919254948e-05,1.4582665646654024e-07,1.4316466032795796e-05,8.244878969892313e-06,4.956660261629239e-06,0
0.3115852500727686,0.6883785083636744,1.2222484056561341e-05,1.4152930289945016e-07,1.1709579279744096e-05,7.35737806371936e-06,4.810592854117544e-06,0
0.27184909593310413,0.7281052701264167,1.9047690350386566e-05,1.521726226123238e-07,1.3261410012051765e-05,8.118115084438735e-06,5.054552409774673e-06,0
0.7268666303764476,0.2730811408698526,1.757459897051616e-05,2.0688503176214936e-07,1.8348048437204698e-05,1.0267327993515396e-05,5.83189326697285e-06,0
0.6943701662735003,0.30558387482697535,1.585971325004974e-05,1.8669770416836747e-07,1.5759510010553886e-05,9.518745715690049e-06,4.634232843864156e-06,0
0.3865326579196296,0.6134218033172228,1.6384796446171266e-05,1.8165821176157412e-07,1.4363795880066652e-05,9.784714468709255e-06,4.8237981407999116e-06,0
0.42771495852069613,0.5722409152517038,1.5809854470737026e-05,1.7528383100761262e-07,1.3859770748893937e-05,9.626787328736248e-06,4.654531220623092e-06,0
0.4688857099654963,0.5310700532226118,1.7293550593149373e-05,1.755949617105763e-07,1.2878942920896934e-05,9.468198807574039e-06,4.420524608658162e-06,0
0.8029686171661321,0.19675026397508188,9.997750746732973e-06,8.725938008648984e-08,5.374460555237837e-06,5.8613749669412835e-06,0.00025979801313698536,0
0.980873228105875,0.013852676507969274,7.896114472978495e-06,1.4083436463018566e-07,5.788951620609496e-06,5.322995935090082e-06,0.00525494648976215,0
0.9388368984867859,0.058928958904344485,1.5598260422498415e-05,2.5236188020078446e-07,9.79819902852132e-06,1.0715664076625028e-05,0.0021977781234618836,0
0.9185068486584557,0.0752211577686485,2.292773094962901e-05,1.724228898839178e-07,1.3587572209108103e-05,1.3253004498096767e-05,0.006222052842349041,0
0.8828168027922614,0.09983471136412098,2.2717560454291984e-05,1.7484329832846238e-07,1.5328013244904356e-05,1.2882097861070567e-05,0.017297383328759006,0
0.9583006520499836,0.032310941155652126,1.1944018953632627e-05,8.532685818551249e-08,4.980728714649079e-06,6.013488418020574e-06,0.00936538323141986,0
0.9114969680838313,0.07389064324111197,2.4971851693036547e-05,2.2706173090629926e-07,1.895420997224073e-05,1.6002988088261432e-05,0.01455223256357222,0
0.9138612361441661,0.07451848439958808,3.407751047104714e-05,2.6001735431758675e-07,1.9767244872171526e-05,1.795067890656369e-05,0.011548224004641736,0
0.9536079504613475,0.03521143214976941,3.0420332341912674e-05,2.1551179963466709e-07,1.9132819155342593e-05,1.636551664275415e-05,0.011114483208943551,0
0.8903544323766842,0.01106440782921214,3.5060628099803416e-05,2.46362913451126e-07,1.7733341651065397e-05,1.78452842337195e-05,0.0985102741772056,0
0.9482894365348673,0.011059789857038269,5.769662817846371e-05,2.490361484028987e-07,1.7875168831176643e-05,1.8632722060240196e-05,0.04055632005287637,0
0.9194988005827147,0.020706062069534452,5.14367811241046e-05,3.268545614599162e-07,2.1218699035503475e-05,2.1476061319871207e-05,0.05970067895171005,0
0.8925565818759733,0.012059116366306771,3.394230416350452e-05,2.7611877863733626e-07,1.6198148723971902e-05,1.8142111126440352e-05,0.09531574307492723,0
0.8997648339249478,0.011167612115541528,2.729190711576709e-05,2.0829729318026495e-07,1.6900475550221757e-05,1.700630414872215e-05,0.08900614697540256,0
0.9013564383822535,0.005861935947511882,1.6853177559870262e-05,1.337126202456923e-07,1.0848949761736576e-05,1.0916884486121934e-05,0.09274287294580656,0
0.9480193296124821,0.013347837656248777,1.9984073135346985e-05,1.585530546163286e-07,1.3648193172267318e-05,1.552514106656622e-05,0.03858351677084048,0
0.9408729002034499,0.02806751769966047,1.7035658013172964e-05,1.48230080444204e-07,1.2708467381222418e-05,1.2175394666360205e-05,0.03101751434674849,0
0.9664022352383093,0.016888681216010316,4.233761449537848e-05,2.9366956141958963e-07,2.4271886347025084e-05,1.771989179415412e-05,0.01662446048348271,0
0.9488670313906404,0.018280013343125227,5.139357473072823e-05,3.115724648796131e-07,2.5310017702189944e-05,1.8810000561243686e-05,0.03275713010077535,0
0.8744621162785551,0.12435886250725821,1.2221978384575625e-05,1.3256146055634195e-07,7.88137140273147e-06,6.720349470329205e-06,0.0011520649534684988,0
0.8970400501182945,0.10153864685533004,2.5950146927870065e-05,1.652699349431022e-07,9.316744298821998e-06,8.450191979316735e-06,0.0013774206732344032,0
0.8839254050113301,0.11527964362225643,2.1055674178556376e-05,1.2831867497783514e-07,8.735547501927767e-06,7.3847528908055885e-06,0.000757647073167036,0
0.7694457379175006,0.23028446029291794,1.3875764118286691e-05,1.7335459277465068e-07,9.72923010685567e-06,1.0040091712860324e-05,0.00023598334905082066,0
0.6631777088120633,0.3367680052267706,1.8837777684687277e-05,2.0359633689843635e-07,1.5642467270596894e-05,1.3862931802897534e-05,5.7391880709059544e-06,0
0.793100521562748,0.20646022137773593,3.89852849254372e-05,2.324299463075554e-07,0.00037621444746889526,1.6805702102196042e-05,7.019195073332788e-06,0
0.8035571756435168,0.1960936563866892,3.6189465248004505e-05,1.4953971138033485e-07,0.00028810261766479695,1.4407173203601078e-05,1.0319173966072275e-05,0
0.1463703679569135,0.8290298398909515,1.6140883084475396e-05,1.8797316951098318e-07,0.024546232993461554,1.1775182694658242e-05,2.5455119724836425e-05,1
0.15894954950563184,0.8197878146239146,2.0245786540124186e-05,1.8526689941646957e-07,0.021174208354385764,1.4554850700601334e-05,5.344161192772199e-05,1
0.08900453035622481,0.9019387619109938,1.5465726969794928e-05,1.4940492595800387e-07,0.009012717693066465,1.003742883582991e-05,1.8337478983363864e-05,1
0.06794832925873162,0.9277528646307334,1.8536636986253468e-05,1.6412310869194417e-07,0.004242696727193742,1.7275236345953133e-05,2.0133386900264507e-05,1
0.11344902440331352,0.8863437112455592,1.5754212652181595e-05,1.5227159208896332e-07,0.00017204442134375762,9.604645819115845e-06,9.708799720287413e-06,1
0.15887710240096992,0.8410625407563553,1.779379379749279e-05,1.6215468340411193e-07,2.5349905797719678e-05,9.21259818385638e-06,7.838390212061824e-06,1
0.60191108443344,0.3978541409057413,4.3689924416159385e-05,3.3156100450590756e-07,0.00015749234388212326,1.665599140714178e-05,1.660484010856063e-05,1
0.599359330951751,0.4004607464951647,4.093507433201575e-05,3.138272794023184e-07,0.00010711203917862787,1.5171779999177099e-05,1.6389832295117508e-05,1
0.6144430119082102,0.38549060610520614,2.4760496899315128e-05,2.3394266921958216e-07,1.3986205406997793e-05,1.5176877003742816e-05,1.2224464604466162e-05,0
0.03001230685062742,0.969936864486108,2.546180390092846e-05,7.060277402994191e-08,1.0108782129522848e-05,6.557092126538607e-06,8.63038233342245e-06,1
0.01692374005866363,0.9830228154885637,1.8398433720809734e-05,9.115861861029138e-09,2.488070646988948e-05,6.783204369792415e-06,3.372992350233825e-06,1
0.020344316957487778,0.9787042946211579,2.524893613290017e-05,1.646742731340405e-08,0.0009136522409202781,8.214388714276214e-06,4.256388159382775e-06,1
0.018683946589164956,0.9788513789901961,0.000548584138610338,1.1558947248277885e-07,0.0017698231256819982,0.00014061676792999123,5.534798943941334e-06,1
0.01867063020737898,0.9781537341638122,0.0003001713296162777,8.087637362906919e-51,0.002805976382093417,6.395706290495103e-05,5.5308541940730756e-06,1
0.039601945984408145,0.9479590089137879,0.011032816377693223,1.9318681458595323e-07,0.0011912374579828209,0.00020829704228274184,6.501037030332876e-06,1
0.04094311882293925,0.9506790464665239,0.004331574881712075,2.3439749625813986e-07,0.0036870484578345737,0.00035388803322002,5.088940273748578e-06,1
0.043975426701263566,0.9466132250728247,0.0032137442430512503,2.3301456647566235e-07,0.00577599196484458,0.0004163200875879664,5.058915861465327e-06,1
0.039138549132651725,0.9013016775700394,0.013949389218526356,1.9959985543052534e-07,0.044509914671744075,0.0010964422368106943,3.827570372443965e-06,1
0.0411623012598459,0.9021849208618794,0.007488262515960685,2.0632967736261982e-07,0.04769158555541272,0.0014687668543180432,3.956622905991887e-06,1
0.08788804226198885,0.3302927145162084,0.0024585428360671116,1.715071535879974e-07,0.578186433165026,0.001171577981881359,2.517731674732802e-06,4
0.03942258768910146,0.8689274829803915,0.03268864568226234,1.8551409160750504e-07,0.053800247017538785,0.005156246334045435,4.6047825690395566e-06,1
0.03133662667601834,0.8469097055833318,0.05429079364365813,2.1089314896734817e-07,0.058002634499977286,0.00945549738293438,4.531320931179875e-06,1
0.031242595791419404,0.8331395839288983,0.07839641561578252,1.852118410688731e-07,0.050502223996709165,0.006714477731418421,4.517723931095417e-06,1
0.8548713154341617,0.12884917924673434,1.3405014536376381e-05,1.8177822552674353e-07,1.1300696615864714e-05,1.1911789475282567e-05,0.016242706040250816,0
0.8657674051295533,0.12180325209182967,1.3517398583485274e-05,1.8330220542288846e-07,1.1395438625833764e-05,1.2011654723910879e-05,0.01239223498447834,0
0.8603645716599422,0.13121051937797565,1.3312721587759079e-05,1.805266902611339e-07,1.1418580666201294e-05,1.1749717264334392e-05,0.008388247415873793,0
0.8706311336484592,0.1252492848460332,1.3661085256258776e-05,2.2085826630285178e-07,1.5868514185743314e-05,1.3478158898775946e-05,0.004076352888900281,0
0.8389887298203095,0.1583692843575487,1.3585047050223951e-05,1.9474367944757603e-07,1.5287759965161156e-05,1.3117272237551912e-05,0.002599800999209564,0
0.8261989005056335,0.17327862347523926,1.4203210407245839e-05,1.541923788508962e-07,1.216793721202819e-05,1.001619404918824e-05,0.00048593448507985377,0
0.8166164772321386,0.18290783499146956,1.1254067907282004e-05,1.547313391967235e-07,1.1073909780320382e-05,7.668695653505807e-06,0.00044553637171140277,0
0.13205456345147878,0.8649677777099268,2.763920142239713e-05,2.1668886551915343e-07,0.0029150798944708213,1.4517514880044938e-05,2.0205538955736638e-05,1
0.13752696474173037,0.8569438978550277,2.780445008776948e-05,2.213564779433751e-07,0.0054751233949610284,1.4834813616068707e-05,1.1153388099139124e-05,1
0.37876708499439643,0.5473587888387261,3.186459945487846e-05,3.070931979605472e-07,0.0738008982356319,3.3565928054977697e-05,7.490310537820421e-06,1
0.3765301199627229,0.5314728450028349,0.00019924503138540558,2.9818046029256234e-07,0.09145739812548247,0.00033282077717079723,7.272919943308091e-06,1
0.3421809112446007,0.5357119882804994,0.0002460094979578816,3.7513375906169727e-07,0.12105886851845184,0.0007963435436885083,5.503781042684365e-06,1
0.3855822213616095,0.5294486390843413,0.00046720884538517125,3.0289850292094617e-07,0.08265199227983268,0.0018273682749951768,2.2267255333294278e-05,1
0.21422385145055278,0.7298394513675036,0.0001851239782822998,2.0308813765263253e-07,0.05469060840204587,0.001043485115580735,1.7276597896819194e-05,1
0.42487459403486383,0.5598426236281162,0.0005830208925357756,1.9565511122195886e-07,0.01350488897418381,0.0011131022580207854,8.15745571683703e-05,0
1.600176612071701e-147,1.6747229182904753e-147,1.2589334802276881e-151,6.749389530338614e-154,1.0,5.142176806553077e-152,1.8087585139513896e-150,0
0.19042655103556053,0.8093476155792049,3.3577221301918773e-05,3.069906547217964e-07,4.729555930611425e-135,1.1156014865170512e-05,0.00018079315841276403,0
0.2662468220532892,0.7336568519289216,3.9880902192069524e-05,2.9790275439253023e-07,7.579175776312598e-238,1.990486992383724e-05,3.62423429189328e-05,1
0.516596690922988,0.48334478201639586,2.1047626715376498e-05,1.659721671152515e-07,1.1646627562636753e-05,1.2388893226223157e-05,1.3277940944743942e-05,1
0.6057820445516777,0.39416192865199173,1.6580265935381535e-05,1.518364194744267e-07,9.884237286143441e-06,1.1560316472657035e-05,1.7850140216959063e-05,0
0.6068500465711484,0.3930968858650903,1.2248747023875327e-05,1.738949184234839e-07,1.1832308817694942e-05,1.0804675276216251e-05,1.8007937725293366e-05,0
0.45193019818761326,0.5480188704006296,1.3164480437869943e-05,1.9633537969555944e-07,1.9493177790945606e-05,1.219897649727217e-05,5.878441651380365e-06,0
0.6860270363854701,0.3139239077194801,1.8201113540420647e-05,1.945699831627541e-07,1.5479723253813643e-05,9.695744571628505e-06,5.484743700870714e-06,0
0.39028870984125114,0.6096665150073293,1.6672298638508375e-05,1.8063075172090442e-07,1.4056424448123732e-05,9.209423338782274e-06,4.656374242390148e-06,0
0.3793457239826013,0.6206092549312704,1.692053651022116e-05,1.6779737986023954e-07,1.4121105137999781e-05,9.158814785974556e-06,4.652832314418657e-06,0
0.36431602913721445,0.6356366548063498,1.7891175662441125e-05,1.7659118183060534e-07,1.4598683751744124e-05,9.638803231433011e-06,5.010802608177768e-06,0
0.44382471516049216,0.5561297563499961,1.669715511118252e-05,1.8494747606025128e-07,1.4623879476198272e-05,9.111365350705169e-06,4.911142097644447e-06,0
0.5725195177912152,0.42742929868790125,1.949514067145382e-05,1.8812151783181358e-07,1.3797698218368038e-05,1.0331847687920976e-05,7.3707127877425696e-06,0
0.708857984188687,0.2910714013049255,1.6856581271594947e-05,1.6177337046171556e-07,1.0797183099403717e-05,1.0207184216708984e-05,3.2591784429422406e-05,0
0.5324938298169056,0.46741015610420755,2.3717072705511513e-05,1.8782512848763268e-07,1.247425339190529e-05,1.0896372780952984e-05,4.873855488004814e-05,0
0.7303203178316795,0.26945883557542394,1.060600633830333e-05,9.256817475432178e-08,5.288572160798689e-06,5.71713465729266e-06,0.00019914231156533115,0
0.9495457891541748,0.04985956395131574,1.219186690277623e-05,9.864066534542968e-08,5.537695949526167e-06,7.145472459878876e-06,0.0005696732185321157,0
0.9647403004857165,0.03443055841902275,1.231066280283714e-05,9.960180663049844e-08,6.028181950343859e-06,7.215096975878019e-06,0.000803487551725015,0
0.9677101626550739,0.03172703469122532,1.288729054486039e-05,8.750001712531486e-08,5.410360430781292e-06,6.3384503786382365e-06,0.0005380790523291912,0
0.9609404827427823,0.03817954883572483,1.3070663032029747e-05,1.1733377317988739e-07,6.319243046288264e-06,7.4032421669306025e-06,0.0008530579394743953,0
0.9727532550445469,0.025205515689914457,1.2623329871177588e-05,1.957704919820057e-07,5.315558718491155e-06,7.129986559781394e-06,0.0020159646198970997,0
0.940359395287151,0.057609596857833116,1.4539036065493771e-05,2.099744723304733e-07,7.524894464396738e-06,7.936225406510153e-06,0.0020007977246070396,0
0.9344771784395225,0.06073306618459216,1.518145724931302e-05,1.452037309976507e-07,1.0891008767181628e-05,1.042932940410706e-05,0.004753108376733901,0
0.8641635671937498,0.12845638202954945,1.9745484244894913e-05,1.8286597239646915e-07,1.3901981522101324e-05,1.2944652794229086e-05,0.007333275792166997,0
0.9453585697090101,0.04721455046370742,1.2425550328368798e-05,9.042104973469602e-08,5.18153023333919e-06,6.400693791011498e-06,0.007402781631880146,0
0.9631297195253874,0.02948780737442085,8.76891905330112e-06,7.852549380506486e-08,4.017352771809169e-06,4.828831314218822e-06,0.007364779471558895,0
0.9560950404353528,0.035585828479189174,1.1578939111236782e-05,8.595453897411042e-08,4.925579206322658e-06,6.084519982184378e-06,0.008296456092619227,0
0.9049048069352202,0.0834830039770203,3.3743528901330025e-05,2.5746901663245983e-07,1.9573513130030346e-05,1.8184172923228116e-05,0.011540430403788266,0
0.9391750354727442,0.04640158270764449,3.975473464814515e-05,2.8164105216615555e-07,2.3836213280089062e-05,2.2036807826525204e-05,0.014337472422804417,0
0.9567690265410317,0.02970873908116587,4.0073019131124033e-05,2.8389592765376024e-07,2.4027050846662566e-05,2.2213238987433422e-05,0.013435637172909553,0
0.9733476695891711,0.014055279110876867,3.3220374077296175e-05,2.3534859913646805e-07,2.0893900906467724e-05,1.8360422317073273e-05,0.012524341254052255,0
0.9826630142429291,0.008108140745297192,2.5775441304247e-05,1.588543211573656e-07,1.2259584986565428e-05,1.4632674748552582e-05,0.009176018456413169,0
0.9801340198524539,0.00906586339482664,2.5920844398826383e-05,1.7171375465663125e-07,1.4286565694234323e-05,1.581720600004426e-05,0.010743920422871766,0
0.9838137983637162,0.0077998786528158375,2.3968640890608197e-05,1.5878129809417566e-07,1.3210586716098234e-05,1.4625948316907431e-05,0.00833435902624644,0
0.9712987258570537,0.010757429672711604,4.666611946119907e-05,2.46038779300897e-07,1.6081503950406793e-05,1.9353320786107776e-05,0.017861497487257592,0
0.9669796711696168,0.005951880109811173,3.9652024086748735e-05,2.0869656761046548e-07,2.0513511233611913e-05,1.9382994630423737e-05,0.02698869149405374,0
0.9448803924731839,0.008471922872670264,4.7643120294113264e-05,1.9359614010863093e-07,2.0059199115547132e-05,2.4172464963681013e-05,0.04655561627363257,0
0.9019958855712078,0.011195303261556298,2.9669324032870096e-05,2.0881378593630444e-07,1.545497017976239e-05,1.6037090642248118e-05,0.08674744096859499,0
0.9012643280833686,0.005963529258082934,1.685145532085793e-05,1.3369895605149448e-07,1.0847841099322255e-05,1.0914181976442678e-05,0.09273339548119576,0
0.9575011336505717,0.0078369173488886,1.7930442691115126e-05,1.4225961044302218e-07,1.2245659023322966e-05,1.308558107156035e-05,0.034618545058143005,0
0.9577147457421963,0.007614443746228781,1.7934442852819792e-05,1.4229134760956168e-07,1.2248390947855859e-05,1.4217162682076204e-05,0.034626268223744566,0
0.9404559916333971,0.012375742467349266,1.7131839927685172e-05,1.490669752042654e-07,1.2081913708579694e-05,1.221628664491834e-05,0.047126686791997184,0
0.9042151567831609,0.026936388739886852,1.698201851036005e-05,1.5061051389702537e-07,1.2668452732459464e-05,1.2137058482577368e-05,0.06880651633671293,0
0.9644477762983297,0.027446075667332724,4.456959847520703e-05,2.7596836103697324e-07,1.845749790820507e-05,1.8865980807246343e-05,0.008023978988785981,0
0.9474979897278862,0.04874617923095163,2.0996798654409567e-05,1.3241406761123662e-07,1.1547141571934177e-05,1.0938168045578374e-05,0.003712216518822701,0
0.9327694299576015,0.06412418432170253,2.1920693365054608e-05,1.531108892011742e-07,1.2916410489958847e-05,1.2545665291079383e-05,0.0030588498406608536,0
0.9108554946651929,0.08674102460252361,2.1216555621148823e-05,1.4819265261558365e-07,1.1353805243792332e-05,1.2142672725710055e-05,0.0023586195060402554,0
0.8778777195004182,0.12088511523857885,1.7600478436129145e-05,1.2214616079892125e-07,9.192827217014378e-06,9.930383864281256e-06,0.0012003194253248739,0
0.8881138208287995,0.1107359454933417,1.6065087367973065e-05,1.2173754569446214e-07,8.212926236386985e-06,7.00306224160778e-06,0.001118830864467176,0
0.8616711799275418,0.13677836637290772,2.2914016442493083e-05,1.396438890242475e-07,9.75164777235106e-06,7.865111656974428e-06,0.0015097832797893432,0
0.7973894932143675,0.2023334161776139,2.003609753924607e-05,2.0400446100586717e-07,1.0784258286643103e-05,1.0222070812413313e-05,0.0002358441769193862,0
0.7954172457501731,0.20428499872188421,2.018920886562444e-05,1.7784543461843594e-07,9.740932831321892e-06,1.030018556591541e-05,0.00025734735524516754,0
0.8047167956153324,0.19494274777999335,2.058149886587496e-05,1.813010918487601e-07,9.930205752726253e-06,1.026283446651337e-05,0.00029950076449737953,0
0.8627581060105376,0.13708784579348723,1.5302854947474886e-05,1.3480185910951883e-07,6.910899378054935e-06,7.71674619585111e-06,0.00012398289359503512,0
0.7073806455734963,0.2925553781786001,2.008941132223968e-05,1.7540104256902984e-07,1.2749428975391778e-05,9.211459850189732e-06,2.175054671318154e-05,0
0.3438377939824555,0.6560845276888383,3.19666999089563e-05,2.791018811643878e-07,2.128835916685406e-05,1.4657471442602066e-05,9.486696306658517e-06,0
0.2902718901270186,0.7096628025847411,2.697935806032698e-05,2.3555730208907574e-07,1.797895062763463e-05,1.2106809831898525e-05,8.006612418418957e-06,0
0.6729730671687216,0.32698383083410526,1.6917530016093305e-05,1.6117470850828656e-07,1.2738453832458022e-05,8.28380834860987e-06,5.001030267581874e-06,0
0.6556447962079233,0.3443056211584379,1.890839786048419e-05,1.739439389487462e-07,1.5514945223331423e-05,9.711034403439633e-06,5.2743122126442315e-06,0
0.6461193825755889,0.3538251696101733,2.00457451049995e-05,1.9835941067305732e-07,1.6169793979438464e-05,1.3442351666265359e-05,5.591564076394191e-06,0
0.8008779031797815,0.19905415329928192,2.9175476619341797e-05,2.4058093252982805e-07,1.4583803982735417e-05,1.6514642518583133e-05,7.429016883490388e-06,0
0.7631042355761227,0.2368027540972121,3.528248816705092e-05,2.909393397732686e-07,2.848135232852207e-05,1.997148793307805e-05,8.984058896600966e-06,0
0.8012156796763473,0.1982959322193658,4.005825040537076e-05,2.1734209344654016e-07,0.00042082783182537505,1.5947352299029137e-05,1.1337327663806581e-05,0
0.8953245882082544,0.10419463589613495,1.3917544726984284e-05,1.1634135433836192e-07,0.00045045522590328647,8.217878575357254e-06,8.068905050437851e-06,0
0.5403713323787238,0.4424987268218453,2.5181117320383905e-05,2.4917828866396514e-07,0.017058117785986877,1.760093761587387e-05,2.8791780218838016e-05,1
0.47462954438860955,0.5079063797538694,2.8903247311495445e-05,3.004958334654048e-07,0.01738031136360054,2.1265352995650994e-05,3.329539777985791e-05,1
0.09884661932867843,0.8865724473719767,1.5941129787386105e-05,1.5407823075727898e-07,0.014535336480893654,1.0600453505914137e-05,1.890115692706713e-05,1
0.07566788605596028,0.9184396635771253,1.7038843608500342e-05,1.6468813141619752e-07,0.005838056103693943,1.698803184786729e-05,2.0202699632673116e-05,1
0.08171309502415214,0.9149892746708602,1.6263369869656024e-05,1.5719282692564568e-07,0.0032510940734626977,1.0832436700554787e-05,1.9283232127784345e-05,1
0.6502450102423388,0.34928680733107076,3.5704077232105174e-05,2.737240277235394e-07,0.0003935307314953879,1.3233013831746307e-05,2.5440880003328322e-05,1
0.5475674548321194,0.4523426647088918,2.7255266422180682e-05,2.63296453488702e-07,1.2654056025634344e-05,1.7180374663750082e-05,3.252746542379645e-05,0
0.5844193834519816,0.4155134851567336,2.567402584978087e-05,2.4815107411527593e-07,1.1132283042976043e-05,1.466156217237906e-05,1.5415369145561623e-05,0
0.5331748666168217,0.4667561907230031,3.0225162305937658e-05,2.7171119069711655e-07,1.2372162685021033e-05,1.7658415670934457e-05,8.415208322577298e-06,0
0.5889804660422396,0.4109490926523084,2.5291407321632917e-05,2.389588287021067e-07,1.7157550405836016e-05,1.5502297055379384e-05,1.2251091840545684e-05,0
0.02186061246687014,0.9780774274641041,1.3614463399757445e-05,7.052662794481422e-08,3.7420256860802645e-05,6.605621444868065e-06,4.249200692279497e-06,1
0.02913996696207943,0.970178652746009,2.9629721684568348e-05,1.4268659579701824e-08,0.0006378044179906988,9.530178956579958e-06,4.401704619889993e-06,1
0.02708729783417998,0.972301985257072,2.913162356175362e-05,1.4028792576312702e-08,0.0005686589296340573,8.584618137269316e-06,4.327708622502883e-06,1
0.025490373329569688,0.974054595418306,2.751663762584086e-05,5.8830564348295494e-08,0.00041203259056160174,8.108707911137127e-06,7.31448546127986e-06,1
0.02140450298499563,0.9780123445913459,2.452305928829511e-05,1.3192667824418973e-08,0.000545771776322306,8.723834633570596e-06,4.120560746552043e-06,1
0.02301230917818968,0.9763593285011839,2.4966557769391513e-05,1.3434628844840993e-08,0.0005908145636805939,8.237463505790782e-06,4.330301041807736e-06,1
0.02125565449647921,0.9779743450961611,2.2144955546284835e-05,1.0188277337708873e-07,0.0007367585887120621,6.946802757825974e-06,4.0481775703293436e-06,1
0.021250107047518608,0.9777191065305785,0.00017087684494027861,1.0185618330029916e-07,0.0008108236140731142,4.493698565736096e-05,4.047121048712539e-06,1
0.01996132990371874,0.9780428266252112,0.0001948664555627588,9.91920291985896e-08,0.0017494012462526678,4.7535312824661796e-05,3.941264400714516e-06,1
0.02056421651610752,0.9773891155741353,0.00022509548062942482,1.0032635842746976e-07,0.0017694068553998623,4.8078911893827237e-05,3.986335475926874e-06,1
0.03400895512821501,0.9585244098090391,0.0039025127268325042,1.8863310088238322e-07,0.0033228786174158455,0.00023592017775865003,5.1349076380614875e-06,1
0.03624171225479374,0.9535338438452425,0.0030155453131888166,2.303080024400754e-07,0.006792183773007428,0.0004114843513788492,5.000154386005669e-06,1
0.056086737291318765,0.9255242757693101,0.008327352678265914,2.0139237903403813e-07,0.009748659985094256,0.0003084005084791105,4.372375152692207e-06,1
0.10927248278185046,0.8680196679469522,0.008659807695307702,1.8913432022825166e-07,0.013614352498604917,0.00042939369919160465,4.106243772747576e-06,1
0.03704631026156506,0.9315108634076312,0.011744485864318368,1.964687197820378e-07,0.019143995104643777,0.000549883414195754,4.26547892614666e-06,1
0.04121556251280299,0.9225844741051914,0.0116162691950711,1.943238353526342e-07,0.024019320755924955,0.0005599601952503111,4.218911923812695e-06,1
0.04209698733409473,0.9187616567224423,0.014643876811630754,1.9351863587603448e-07,0.023919794393315576,0.0005732897894237284,4.2014304570296326e-06,1
0.03648190723147519,0.9111781094643867,0.019260749607957622,1.9218025649749924e-07,0.0318229111503123,0.0012521469922293497,3.9833733825971125e-06,1
0.04132940952245319,0.9043202633951251,0.008527984812949347,2.0026834336224222e-07,0.04465898462340125,0.0011593169882848757,3.840389442859907e-06,1
0.042291333212578074,0.8960625896003876,0.00933887215637329,2.049295002983835e-07,0.05110565303030729,0.0011974172980485664,3.929772805145437e-06,1
0.05406399433427811,0.4283399072051895,0.002066077588435619,1.0796452132714736e-07,0.5144907344696131,0.0010372537160602776,1.924721902091071e-06,1
0.06987849166451095,0.8693615266704056,0.008159280830252393,2.2147165855778498e-07,0.0502606720260215,0.0023354072266051767,4.4001105456606815e-06,1
0.06084952991795387,0.8659400630521503,0.012749443138254801,1.83941323871435e-07,0.056187153618926775,0.004269061078872618,4.5652525175106395e-06,1
0.029057429761297708,0.9045679259786092,0.012850416321550368,1.9440343526308471e-07,0.05043271791494368,0.0030872861663393016,4.029453824370815e-06,1
0.8568633576079047,0.1293102106314159,1.3239023292875763e-05,1.7952730713984884e-07,1.1764470896545308e-05,1.17642884977973e-05,0.013789484450684932,0
0.846093047088725,0.14422754693670284,1.2724513271212518e-05,1.7753215610586119e-07,1.0845455047915837e-05,1.1546846742704304e-05,0.009644111627354271,0
0.8388688264301788,0.154154501885401,1.1747734840697065e-05,1.6390416286863273e-07,1.0012919741131588e-05,1.0553804233245653e-05,0.006944193321442517,0
0.8448870932597276,0.14929251461802814,1.3261128496918071e-05,2.1439217998488342e-07,1.5975450953505907e-05,1.308355769002031e-05,0.005777857592923824,0
0.8296468211320592,0.16722774701202983,1.3017999837168117e-05,2.104615278241182e-07,1.5705104725564036e-05,1.2843684601792933e-05,0.003083654605218607,0
0.8204239313398707,0.1774958647148095,1.277472238171691e-05,2.023760366441634e-07,1.4092786161953169e-05,1.2350257134837054e-05,0.0020407838036048567,0
0.8204227715469379,0.1774956137976414,1.3382203933828683e-05,2.1262537167005778e-07,1.409276623967498e-05,1.3146141226411351e-05,0.002040780918649235,0
0.8523669546250279,0.14721784497350035,1.4841602115808278e-05,1.6546863999549977e-07,1.305779207137017e-05,1.074868952409682e-05,0.0003763868491208488,0
0.8308699391694254,0.16892134455870847,9.979330989105294e-06,1.4976842923968784e-07,1.2131019912558865e-05,9.148354093671937e-06,0.00017730779844157582,0
0.8173919665377023,0.18237634876244735,1.107751822245103e-05,1.6624987244753712e-07,1.3465992287959497e-05,1.0155095495752384e-05,0.0001968198439718579,0
0.7670756929777436,0.2327365193754276,1.4231478147421672e-05,2.0689908193517552e-07,1.2266332429946245e-05,9.19593559718909e-06,0.0001518870015723769,0
0.11030606536416222,0.8895805948018891,2.800186201024351e-05,2.1042013618586358e-07,5.78601784392502e-05,1.7194932767342632e-05,1.0072440595855642e-05,1
0.15264128918090572,0.8436949752777829,2.7659811153629834e-05,2.113596734449254e-07,0.003601963005371165,1.4192756158115981e-05,1.9708608955201384e-05,1
0.22327522383937054,0.6901581589793345,0.0001342223900170504,2.708275756231992e-07,0.0858658853521997,0.0005597805400913776,6.458071411241997e-06,1
0.22464246404155763,0.6899551516205481,0.0001074190813122678,2.2118850809459423e-07,0.08507089925606133,0.00021794745923662555,5.897352775889334e-06,1
0.2028473692415797,0.7555810435511915,9.336934630351911e-05,2.0934909583950886e-07,0.04087476338707802,0.0005971292255915777,6.1158991597987675e-06,1
0.2178381507971915,0.763705766437137,0.0001481800883424848,2.3113759722458886e-07,0.017793345874033688,0.0005077268905856414,6.598775112465613e-06,1
0.10477112898701477,0.8628929572825905,0.0007367891597304171,2.6187347680009e-07,0.028699921257903927,0.002867134945198459,3.1806494085250944e-05,1
0.606981055320382,0.3929182403583346,2.472900914271302e-05,7.15348872695769e-08,1.0106138410630494e-24,9.835494715236848e-06,6.606828253804243e-05,0
0.3074838991192582,0.6918758290182422,4.174187497107026e-05,2.2378638612064125e-07,8.039486189743574e-135,1.5525526062607905e-05,0.0005827806750797465,0
0.4427387808144629,0.5572053722527911,2.1616825382885612e-05,1.8083648914630847e-07,1.4513243517744155e-05,1.3389379950881694e-05,6.146647405371458e-06,1
0.6375422761163269,0.36240398908403426,1.8438883073051744e-05,1.5911872952667353e-07,1.0292371647052553e-05,1.2114767171293036e-05,1.27296590180132e-05,0
0.6759578438423303,0.3239822509901635,1.7164206246665092e-05,1.4811887902769384e-07,1.0541670143551838e-05,1.12772753932316e-05,2.0773896843739382e-05,0
0.3769695919384079,0.622981262361405,1.641640242589427e-05,1.6411408182751933e-07,1.4636685857440897e-05,1.2350246441211314e-05,5.5782513806375395e-06,0
0.7264605586661976,0.2734945550642803,1.5000459550228451e-05,1.9429522750627314e-07,1.521317439063706e-05,9.906103948319017e-06,4.572236405476258e-06,0
0.3990492028042674,0.6009052286382965,1.6942519402713044e-05,1.709352394540896e-07,1.4385173893244614e-05,9.3300872746654e-06,4.739841626057103e-06,0
0.48688826722205975,0.5130675339575941,1.6720231647253658e-05,1.6503361896269843e-07,1.364322717967518e-05,8.987472959452571e-06,4.682854940789489e-06,0
0.832708380254583,0.1669504671728104,1.7122600794257317e-05,1.3770643233014264e-07,6.67026151331923e-06,8.688666859124237e-06,0.000308533337007511,0
0.9174144338334257,0.08199604899967589,1.0427450428858739e-05,9.41382417432221e-08,5.697511610595979e-06,6.213693743767135e-06,0.0005670843728733233,0
0.987744043703972,0.011622394174906413,6.4850672269539246e-06,6.149588324487214e-08,3.973762750832116e-06,4.4547260359950464e-06,0.0006185870692241827,0
0.9653945346086896,0.03263808260512904,1.258896947139815e-05,1.9523760941946742e-07,5.301089895725503e-06,7.110578908146187e-06,0.0019421869102969418,0
0.8529402436463981,0.13423817403569077,2.3510757937167537e-05,1.667688924571735e-07,1.54066739813916e-05,1.2818419198086325e-05,0.012769679697901931,0
0.9462774097428361,0.044704317162077144,1.1843940942218173e-05,8.618866325349334e-08,4.581340957756332e-06,6.26787077027158e-06,0.0089954937537534,0
0.853636281413554,0.12696781370569563,3.19622500632314e-05,2.4915770738872505e-07,2.0420395806964675e-05,1.7597173032976295e-05,0.019325675904139732,0
0.8708788188786042,0.1071060917103698,3.256587580052205e-05,2.4848331787268235e-07,2.0365124384739822e-05,1.7549543163807074e-05,0.021944360384359183,0
0.8926419654202192,0.08358531183374157,3.032394030486447e-05,2.607494300041613e-07,2.1370426879141993e-05,1.8415857514993355e-05,0.023702351771910088,0
0.9656464749897848,0.008752157356293554,3.8265806000342044e-05,2.0007926411097667e-07,1.544112067299754e-05,1.7939667338048522e-05,0.025529520980645898,0
0.9794747665614328,0.009327528131875077,3.2173985702001275e-05,1.168692485508173e-07,1.627693346035487e-05,1.9427661987759584e-05,0.01112970985629333,0
0.9780397233704323,0.009995640230001738,4.522921139613854e-05,2.206504307784935e-07,1.7028700816841374e-05,2.1053423710697154e-05,0.011881104413211448,0
0.9692907724956527,0.01143370530248831,4.959982763201928e-05,2.615062316090715e-07,1.7092482366506142e-05,2.113227999013153e-05,0.019187436105638753,0
0.9226393155822675,0.009676959445671955,2.8533183694558614e-05,2.3211588094975184e-07,1.3616776009856788e-05,1.5250944275445177e-05,0.06762609195219967,0
0.9137472994355539,0.009583696912644404,2.8258192670607895e-05,2.2987884408555613e-07,1.3485543154177517e-05,1.5103961981866775e-05,0.07661192607515084,0
0.878403526831063,0.0060991452861107855,1.5741196072498526e-05,1.3340633801536415e-07,9.873825938138361e-06,1.0025743615721669e-05,0.11546155371086185,0
0.8764104407529432,0.00622024389104635,1.623437218698094e-05,1.3001198133569062e-07,1.054869354398267e-05,1.0613204959274885e-05,0.11733178907333892,0
0.8764104407529432,0.00622024389104635,1.623437218698094e-05,1.3001198133569062e-07,1.054869354398267e-05,1.0613204959274885e-05,0.11733178907333892,0
0.9176073539254912,0.024509116514294927,1.5810825637203235e-05,1.4022341177538588e-07,1.0678272677002592e-05,1.0754390132024751e-05,0.05784614584835591,0
0.9437337022564879,0.030320459310120413,1.5650131397242463e-05,1.3945204298192593e-07,1.1988799663803293e-05,1.1617513386629975e-05,0.02590644253690132,0
0.9616415079839281,0.027216499082516846,4.44399136389097e-05,2.751653717135619e-07,1.894273521648555e-05,1.6456334271421503e-05,0.011061878785056647,0
0.9221296971335856,0.07606313174722637,1.9931255209543663e-05,1.3921513143802712e-07,1.2437203260102461e-05,1.2576588039250997e-05,0.0017620868575478337,0
0.921290525376672,0.07676639571243442,2.527043211069706e-05,1.473514630008136e-07,1.0593723382661806e-05,8.708237775355217e-06,0.0018983591661615729,0
0.9359050644922845,0.062388276442033555,1.9777402515696904e-05,1.0897331953300676e-07,7.74355009973448e-06,6.137664395822057e-06,0.0016728914753511325,0
0.7284080400465622,0.2715334886240464,1.849964105493598e-05,1.6152072731949235e-07,1.149813416131723e-05,8.282710513143508e-06,2.0029322934765654e-05,0
0.32806117790052425,0.6718627359368846,2.9650182250992332e-05,2.5887632025476384e-07,1.9177038667481167e-05,1.3305324655658116e-05,1.3694740696696487e-05,0
0.2996241657771421,0.7003112866570278,2.6623840065440248e-05,2.324532675330133e-07,1.784289300785634e-05,1.1947273465381309e-05,7.901106023994498e-06,0
0.25701652208067727,0.7429105719130329,3.44182729584161e-05,2.3653942658713974e-07,1.8053911444829784e-05,1.2157287547612952e-05,8.039994912329754e-06,0
0.6098932379836646,0.39004683961376796,2.151834930905248e-05,1.974686758249995e-07,1.7684898599005717e-05,1.4394503661643987e-05,6.127182321842775e-06,0
0.7979756243357206,0.2019526608204557,2.960031245930468e-05,2.4408412817197246e-07,1.7578134587027348e-05,1.6755118865126097e-05,7.5371937838706106e-06,0
0.8501984664153945,0.1495084542295823,1.9987436460146427e-05,2.0485651527524884e-07,0.0002557325483674872,1.2071553881265968e-05,5.082959798971969e-06,0
0.8690305576650694,0.13070391727027855,2.4680441693075077e-05,1.4714458926078657e-07,0.0002257005863985456,1.055324521914901e-05,4.443646752128154e-06,0
0.37558773315895344,0.6106496990116561,3.0759397761840854e-05,2.7376438160019785e-07,0.013694343404166259,1.8204215750202853e-05,1.8987047330559156e-05,1
0.25938648043482354,0.7291513364664147,3.5548814602899416e-05,3.163910854735933e-07,0.011383335734373633,2.1038717848304637e-05,2.19434408513637e-05,1
0.2343042322208544,0.717501062536247,3.974378954668552e-05,3.172437509918838e-07,0.04812099087952298,2.109541663054573e-05,1.2557913447539523e-05,1
0.5839338751566191,0.4159963748945518,2.6114892281063185e-05,2.524122476103941e-07,1.1241028110881462e-05,1.646153909275352e-05,1.568007709677533e-05,0
0.025405079696593356,0.9735936730899061,2.5357634511527072e-05,1.2563933258519401e-08,0.0009628278149760922,9.348948928823229e-06,3.7002511511176883e-06,1
0.024216060772712687,0.9749984939681238,2.677039206009764e-05,1.3263911465975701e-08,0.0007453531172713664,9.165673135572987e-06,4.1428127850894345e-06,1
0.02471105175645215,0.9744571100090539,2.675552735935296e-05,1.325654646085351e-08,0.0007920944211926004,8.834516975490544e-06,4.1405124201133315e-06,1
0.023389267269376547,0.9759446490049919,2.5423845274970668e-05,1.2599901332328765e-08,0.0006283180471212755,8.394803423131078e-06,3.934429911031342e-06,1
0.021259927214400315,0.9781709331857618,2.56634179012609e-05,1.0190325340284998e-07,0.0005312211218007593,8.230601378379997e-06,3.922555504304214e-06,1
0.02126136937634806,0.9782372871710788,2.5665158772919256e-05,1.0191016598504873e-07,0.0004639516371434739,7.701924900847595e-06,3.9228215898946856e-06,1
0.03142147686483857,0.9587501206312732,0.003981309546863051,1.6819583296502845e-07,0.0056366512082377685,0.00020146449144004368,8.80906151449195e-06,1
0.03664628977343136,0.9524530626712692,0.0034339749643012294,2.2557856102720906e-07,0.007120002645222119,0.0003415468924449109,4.8974747701288675e-06,1
0.03837197219182389,0.9152858094219328,0.010421449769644202,1.9765759133715443e-07,0.034934726086679455,0.0009820545472355366,3.7903250924651133e-06,1
0.03984540928866641,0.9074896061383075,0.01172717474256665,2.0097021751724715e-07,0.03968739087382421,0.00124636413768287,3.8538487347771614e-06,1
0.04721143919534721,0.88943933103044,0.008322152434538153,2.3045596639855027e-07,0.05380795423956916,0.001214784223701021,4.108420437958454e-06,1
0.09563700245730418,0.8359866147223136,0.010286251302976782,2.4234846841027814e-07,0.05633811490639586,0.001746786022475995,4.988240065261092e-06,1
0.07262459745585507,0.8686253342232391,0.006774220296065845,1.9856950751250085e-07,0.049653587000851124,0.0023176660700356126,4.396384445469867e-06,1
0.03425931298718381,0.9079838816848688,0.012818515086452252,1.951375686597392e-07,0.04176289786605393,0.003171152567461829,4.044670410532189e-06,1
0.023186043036558444,0.917616985195106,0.020608511209024682,2.0124307128095897e-07,0.035313715882799177,0.0032703722125865795,4.1712208537045875e-06,1
0.03375268723356108,0.8939555448277835,0.030691404278930492,1.8773429017763588e-07,0.03731791109050516,0.0042782986368258245,3.966198103705886e-06,1
0.8432924746164668,0.1462066722679459,1.2760595939401235e-05,1.7803558077484928e-07,1.106862249984061e-05,1.1579589923583807e-05,0.01046526627164356,0
0.9349083616109092,0.06379271966633944,6.099213014222928e-06,7.784781276752714e-08,3.325185119722309e-06,4.3154871128571815e-06,0.00128510098969189,0
0.9115833428104848,0.08635700809543002,6.940861858378887e-06,9.543388107741693e-08,4.076355005934684e-06,5.254565881958181e-06,0.002043281877458161,0
0.7898075049230512,0.20787996283451024,1.2396565049891616e-05,2.0035524748500343e-07,1.3791556119707007e-05,1.3014891219257331e-05,0.002273128874802119,0
0.8030431089443246,0.19491997383060417,1.250780522752384e-05,1.9808866542586873e-07,1.3794228058047928e-05,1.2867656149003597e-05,0.0019975494469714095,0
0.8481943726513037,0.1513040268635356,1.0932321862520798e-05,1.6465862329938605e-07,1.1040194981309852e-05,1.0696071590111879e-05,0.0004687672381035214,0
0.8506432254684462,0.14917701090357227,1.169647287017805e-05,1.7616261785355322e-07,1.3670460310837732e-05,1.1293727455639284e-05,0.00014292680472690328,0
0.8304920704146781,0.16932646876298502,1.0003264427101155e-05,1.6148665320001305e-07,1.1890409785814502e-05,9.170294599072964e-06,0.00015023536687143707,0
0.8298837627253507,0.1699343929281257,1.0177543664650484e-05,1.506666145070846e-07,1.193309931625255e-05,9.203218239003358e-06,0.00015037981868914574,0
0.21019842594427948,0.789735763189282,2.9220674936830795e-05,1.7465476450541327e-07,1.5304606604590324e-05,1.6677574737311965e-05,4.433355395418815e-06,1
0.1941980862504472,0.8057396387369193,2.337506284205807e-05,1.810464164856473e-07,1.8296882326634626e-05,1.5826422928757334e-05,4.595598119643677e-06,1
0.12996051579334236,0.8699214563311445,2.928135716121285e-05,2.2003490908266704e-07,6.058580863050265e-05,1.7407992004759188e-05,1.0532682807466767e-05,1
0.4892422405735538,0.5009926366317538,2.7393030758189476e-05,2.810796758454215e-07,0.009704311109990128,2.628175957773751e-05,6.855814690570222e-06,1
0.41118926321551663,0.5782394468295013,2.968637524232399e-05,3.0461166578449384e-07,0.010505294400738933,2.8482068440711143e-05,7.522498894193009e-06,1
0.38526201929875564,0.5970778100602806,2.781452215478653e-05,2.8540459579213875e-07,0.017590970279496205,3.0130960401435755e-05,1.0969474315543183e-05,1
0.20801268406276843,0.768258462310728,0.00012423791879270766,3.036780667231269e-07,0.023173145664789705,0.0004253295465419245,5.8368183125528416e-06,1
0.06202558506616901,0.8843759727581304,0.000323448894618258,2.4825152466317654e-07,0.05210116654014349,0.001155366695622928,1.8211793791478477e-05,1
0.05909372033453224,0.8997470988888557,0.0004692906340398895,2.6042006314389646e-07,0.03916108261944888,0.001498813655715191,2.9733447344792992e-05,1
0.08762462641765502,0.8812460511391479,0.00046113124289818294,2.3022104238522415e-07,0.02905744458346113,0.0015837244417064881,2.6791954089013603e-05,1
0.09206791429080746,0.8566375968063616,0.0009400818868368083,3.5507180326938077e-07,0.04235100091964787,0.00793574474210755,6.730628243523202e-05,1
0.5147116667704588,0.4693443094233416,0.001481163510634963,2.845715601902334e-07,0.012009101407423403,0.002355744369872533,9.772994670834404e-05,0
0.5910716892668603,0.40635716220451124,0.0003973656131101373,1.866345269827085e-07,0.0015087112065671465,0.0005811838994310793,8.370117499316729e-05,0
0.5733159497821562,0.4264879899188276,3.0013592455620494e-05,8.6821875493564e-08,0.00012761834501797144,1.193733757300644e-05,2.640420209408586e-05,0
0.5852083368116975,0.41463511257103813,2.839647822163044e-05,1.4824198579313694e-07,6.8746493773436695e-25,1.2283570892485127e-05,0.00011572232616456682,0
0.2046846856296446,0.7948298272321914,3.3420751613585154e-05,9.122694213748451e-08,5.4394069088389804e-135,1.3641812970989126e-05,0.0004383333466373192,0
0.2213547790283683,0.7780807933949563,3.9991116585113095e-05,9.981133477891793e-08,2.9830936841572896e-05,1.4925498208487093e-05,0.0004795802137053557,0
0.10575357078214652,0.8941537741682511,4.71936455613094e-05,1.7766413144145054e-07,2.4841677727379928e-05,1.4403243480862795e-05,6.038818701399557e-06,0
0.31780347574239076,0.6821335467692587,2.7361171109978198e-05,2.0871047567870225e-07,1.4923518178025122e-05,1.4232252039117923e-05,6.251836547605132e-06,0
0.3568981496609872,0.6430407108196698,2.566015806383431e-05,1.7487382850684863e-07,1.139459214384419e-05,1.3224513498172793e-05,1.068538180855293e-05,0
0.6032923131752876,0.3966641264866083,1.4469836618044365e-05,1.7064513425591913e-07,1.014890404236698e-05,1.0819127432506529e-05,7.951824876868329e-06,0
0.274421056683753,0.7255281258016424,1.7803395639648422e-05,1.5319189240936056e-07,1.611410448018494e-05,1.1539817344407963e-05,5.207005247929309e-06,0
0.4132139714413495,0.5867349866867381,1.6963163551333402e-05,1.6673126452222743e-07,1.3241508914625963e-05,1.2308544461365283e-05,8.36192372045876e-06,0
0.7325777295799314,0.26737166715563415,1.699892800305162e-05,2.0358592445872035e-07,1.7967527925364837e-05,1.037978830456653e-05,5.053434276964728e-06,0
0.33257564730634587,0.6673746933905242,1.988726247312327e-05,1.8385835336367525e-07,1.5969919414367914e-05,8.618931975870673e-06,4.999330913420197e-06,0
0.27694676761670395,0.7230134629778764,1.6799060906295767e-05,1.4215698454782416e-07,1.175202996549393e-05,7.134304526347047e-06,3.941853037129335e-06,0
0.3873138390049464,0.6126209519955663,2.319938384893112e-05,1.8401586533144382e-07,1.3240510286643844e-05,9.123047269226928e-06,1.9462042217132514e-05,0
0.8282473261950397,0.17148596644848052,1.6603522530227376e-05,1.1843793626790691e-07,6.050610683580469e-06,8.57957525776592e-06,0.00023535521007183812,0
0.9863394616651346,0.012676717553967935,7.457773248971804e-06,8.143797650186448e-08,4.070361364505987e-06,5.122897805077466e-06,0.0009670883105023183,0
0.9880666819789918,0.011075714308992731,7.325056642888309e-06,6.946124262226326e-08,3.7084186594547597e-06,5.031732039197389e-06,0.0008414690434312167,0
0.9638114587352176,0.033084535367502124,1.1953552224306771e-05,1.7863405937899522e-07,5.90090842186085e-06,6.751678643489459e-06,0.003079221123931161,0
0.8666400987508045,0.12352228608870568,2.40049557538706e-05,1.702743865278701e-07,1.5730523372577028e-05,1.308786328824321e-05,0.009784621543688497,0
0.9103769471338212,0.08026681503441763,1.9692843080544908e-05,1.7547433922620654e-07,1.50370083657554e-05,1.2875801127827288e-05,0.009308456704847683,0
0.9630268762961472,0.023043092635134748,7.5780792610381245e-06,6.999507396952606e-08,4.0458597761267325e-06,4.954786929289814e-06,0.013913382347677373,0
0.8378429186208628,0.1537479703445235,3.232310086577534e-05,2.3521603741695626e-07,1.8781118559354143e-05,1.7105541146272405e-05,0.008340666058004844,0
0.8911089613664361,0.09605384063825806,3.772012560350364e-05,2.6722693427173896e-07,2.3416473278648986e-05,2.1390601177146754e-05,0.012754403568312285,0
0.9583738272385315,0.029230275338596363,3.9099981359402534e-05,2.770024749807503e-07,2.459187046079717e-05,2.1519508647955358e-05,0.01231040905992878,0
0.9723976037692099,0.011689702825149731,4.5244542176499344e-05,2.584609524615207e-07,1.9946728482580786e-05,2.3707159778100898e-05,0.015823536514250554,0
0.9731036208193671,0.007406188909115057,4.528949882393765e-05,2.320641198515847e-07,1.79095524687343e-05,2.2048845246198665e-05,0.019404710310859052,0
0.8945054213912518,0.014150655000345888,2.9931195955964534e-05,2.3191554727229848e-07,1.7164804762507244e-05,1.8017607933726933e-05,0.09127857808420294,0
0.934530977763031,0.013009823256841814,1.7820346873288287e-05,1.5804549964256832e-07,1.1690269015640163e-05,1.2093679727186025e-05,0.05241743663901132,0
0.9430815459539421,0.014838760383127605,1.575660149612783e-05,1.3974250747369708e-07,1.0278010462695864e-05,1.082892891261519e-05,0.04204269037955145,0
0.9267395813291027,0.021989400060182827,1.4153526708277655e-05,1.2580741935492872e-07,9.322520304774068e-06,9.648760161487105e-06,0.051237767996120655,0
0.6246450708362139,0.014257522896231273,1.9657246674609356e-05,1.6013882582078274e-07,1.3242465269019876e-05,1.3340894209296554e-05,0.36105100552257613,0
0.9502081364119117,0.04436554738161403,2.209789111972784e-05,1.5732261997886045e-07,1.2356099853656861e-05,1.264707922372465e-05,0.00537905781365716,0
0.9289707884368921,0.0687786632073969,2.160399869212152e-05,1.5089885137141468e-07,1.2079938471586307e-05,1.236441439267394e-05,0.002204349105303423,0
0.9306947495449237,0.06730292167200576,2.0755711503624342e-05,1.4497376480750962e-07,1.1476371155307246e-05,1.1878922124689292e-05,0.001958072804522147,0
0.9182782692351593,0.07988772546305861,2.0423178170274084e-05,1.4265109765869332e-07,1.2597552638797004e-05,1.1863927068085947e-05,0.0017889779928072463,0
0.9031195518125165,0.09582082659387345,1.5534782222521677e-05,1.236193068464714e-07,9.894107363081201e-06,7.854046355825458e-06,0.0010262150383617554,0
0.8037520114398927,0.19577090702938885,1.8094627528051796e-05,1.6111218742384373e-07,8.722902041807335e-06,9.074262771125585e-06,0.0004410286261900844,0
0.7975236233331342,0.20208155451257598,1.9078496744817378e-05,1.6987242973368662e-07,1.0379504514862345e-05,1.0548595315557514e-05,0.0003546456852849668,0
0.8247354491388462,0.1749943889991728,1.2785786541584907e-05,1.4987315432948794e-07,8.140901067831592e-06,8.239740368768277e-06,0.00024084556084862468,0
0.7940056251960959,0.2056358976432423,1.9709357251137663e-05,1.7286025761916524e-07,9.467885202034516e-06,9.984712382702397e-06,0.00031914234556853404,0
0.8406888792412939,0.15904696381207792,1.6531303200648167e-05,1.44987241016174e-07,7.5816273392059795e-06,8.397153912669989e-06,0.000231501874934903,0
0.6756560736640835,0.324283604744668,2.0491622637230735e-05,1.615956155002914e-07,1.134321283209831e-05,8.286550745494542e-06,2.003860941819174e-05,0
0.5315260827743011,0.46841404388625724,2.4711478061119995e-05,1.937596988007581e-07,1.3862856080939975e-05,1.0855220299268016e-05,1.0250025301406708e-05,0
0.24426288714177766,0.7556673681266568,3.262653845141786e-05,2.2812245240595063e-07,1.7411484477397253e-05,1.172468492876855e-05,7.753901255257996e-06,0
0.6383330302979217,0.3616160338550895,2.195591688007477e-05,1.6751109925925628e-07,1.42628808025739e-05,9.35189842023728e-06,5.19763978669384e-06,0
0.7940411443203763,0.2058880915471785,2.884304508364382e-05,2.428806526583504e-07,1.7491464246317047e-05,1.6537811904374262e-05,7.648930558295603e-06,0
0.8698310927488334,0.12989435930972346,1.661245616857743e-05,1.3315012643076364e-07,0.00024357588781101174,1.0033210619031156e-05,4.19323671832276e-06,0
0.9045375119656104,0.09523171821699702,2.2584862793586704e-05,1.0884766482472526e-07,0.00019508480162007245,7.4262278722138864e-06,5.565077442194029e-06,0
0.905281057264462,0.09450309685049257,1.404788974049345e-05,9.785002341446104e-08,0.00018823781040759355,6.675904093554689e-06,6.786430780392472e-06,0
0.20330698478302808,0.7316318529463631,0.00039835251670048544,2.9774249650106363e-07,0.0644209086037314,0.0002229143910166542,1.8689016663720436e-05,1
0.19675249399104824,0.7153314099562094,0.00032983067894942606,2.99762526805669e-07,0.08739173453170612,0.00017446231268395806,1.9768766876080546e-05,1
0.17545907970959865,0.7281976418407957,0.0001457112508601831,1.98689434098539e-07,0.09604840931364084,0.0001338306509275585,1.5128544742885335e-05,1
0.10562318274775782,0.8407623215397623,1.877167725013856e-05,1.5279011779526865e-07,0.053582000339880975,8.599323778640778e-06,4.97158145238308e-06,1
0.10775806819333125,0.8854286906007647,1.7351697509998308e-05,1.6771200590133353e-07,0.006764729076778434,1.041907382912066e-05,2.0573645780551373e-05,1
0.10114497064394774,0.8958575488435522,1.711961769049645e-05,1.6546884945883284e-07,0.0029496172355208267,1.0279718197071084e-05,2.029847224225668e-05,1
0.610367891149508,0.38920021136729566,4.504830600603126e-05,4.1074777671683665e-07,0.00035259941354971974,1.69377926934019e-05,1.690122317077788e-05,1
0.6519152780726017,0.3473352935874006,4.281673995439929e-05,3.052990160074756e-07,0.0006742631205895875,1.6098742204819374e-05,1.594443823289237e-05,1
0.656551134560001,0.34280170995605064,3.647148625698202e-05,2.796073414928642e-07,0.0005845549633677426,1.4743992850465973e-05,1.1105434131522521e-05,1
0.7051032525692464,0.29479265570013097,4.0730126111389253e-05,3.122560512184903e-07,2.691592325866171e-05,1.71513738418763e-05,1.8982051359594968e-05,0
0.4953670587393123,0.504569484691082,2.4234411675505136e-05,2.3423655187601645e-07,1.043158439878261e-05,1.400535053941483e-05,1.455098644011877e-05,0
0.02452090272168283,0.961853264272532,0.0034683046975828523,1.6874022489606465e-07,0.009878277627140148,0.0002733802684247744,5.701672412652178e-06,1
0.027140274719872817,0.9585220801542068,0.0026269426883036517,1.9010679852765434e-07,0.011407736842221225,0.0002986481316123104,4.1273569845445425e-06,1
0.055795282586800006,0.902245584730323,0.01596571304395643,1.9029626161578318e-07,0.025520261552541782,0.00046883631975119675,4.13147036610774e-06,1
0.042609897604720615,0.921378830898476,0.009399598578479102,1.9433173186910927e-07,0.02606145061993564,0.0005458088832940415,4.219083362933649e-06,1
0.03822134659475201,0.92750989406544,0.00780451758356871,1.95624859172971e-07,0.025672513951718157,0.0007872850215638907,4.2471580980343125e-06,1
0.09146687489631126,0.24778173727824104,0.003220309003268244,1.1814084296796366e-07,0.6555453908061474,0.001983093831377318,2.4760438117941818e-06,1
0.08016720490200538,0.8588381621170409,0.007503343772242034,2.2243180800310126e-07,0.05170814092747386,0.0017783475524688075,4.578296961180532e-06,1
0.08143535006620736,0.8599369828061826,0.00713313894000463,1.9658333281322934e-07,0.04915693119772909,0.0023330479965614223,4.352409982002392e-06,1
0.07998494514741135,0.8606273358650307,0.007569479545291793,1.9674114891817613e-07,0.04919639413337956,0.0026172926636627825,4.355904074714432e-06,1
0.07747745650611335,0.8565330879487104,0.011119578719179738,2.1824114910859374e-07,0.052563630276489574,0.002301341670938204,4.686637419465128e-06,1
0.03629214181018499,0.9005705743595201,0.010695886174518025,1.9354435230824229e-07,0.05020985205730864,0.0022273404067417635,4.0116473741239e-06,1
0.03239014530408496,0.82848733340827,0.08030799712918231,1.7964298712999454e-07,0.05553665478786648,0.0032733078402668514,4.381887342229098e-06,1
0.8331239397170656,0.162151623362421,1.3039277961582452e-05,1.9597738719935287e-07,1.3345995480276795e-05,1.282987772333134e-05,0.004685025791961195,0
0.8074951375502398,0.1885170369807425,1.2638159881373238e-05,1.899486735275199e-07,1.4044326576581226e-05,1.2435201274461692e-05,0.003948517832611632,0
0.7898075049230512,0.20787996283451024,1.2396565049891616e-05,2.0035524748500343e-07,1.3791556119707007e-05,1.3014891219257331e-05,0.002273128874802119,0
0.7932006214885984,0.20531555057375103,1.1340032785700973e-05,1.7959441481083942e-07,1.2506350681530996e-05,1.166628676658048e-05,0.001448135673001891,0
0.8273824036283883,0.1724336086611145,1.0019395929838103e-05,1.6385139987308865e-07,1.2064528243441366e-05,9.30458076585247e-06,0.000152435354157987,0
0.8284038126376592,0.17141356683690126,1.0089706802217175e-05,1.5142493428735756e-07,1.1993159770130013e-05,9.24953893490296e-06,0.0001511366949980674,0
0.22722892572651246,0.7727052026426926,2.6443065913360467e-05,1.9070878240026957e-07,1.602166571040566e-05,1.5682078670360272e-05,7.534111718711648e-06,1
0.14295853866898223,0.8543497134456716,2.7560603451489388e-05,2.1938635818322633e-07,0.0026347460322505853,1.4698238932458371e-05,1.452362435349849e-05,1
0.16903878509659565,0.8264718806894524,2.8401376548512807e-05,2.45262505635857e-07,0.0044303952974359415,1.5383757278328642e-05,1.4908520183417735e-05,1
0.19639203958074483,0.7885867475854471,3.906313033422459e-05,3.260161807446585e-07,0.01494937554137999,2.39819305329915e-05,8.466215380331852e-06,1
0.2336181112377587,0.7572120807912162,1.8586467908381774e-05,1.8391791542803328e-07,0.009114001822905171,1.6836515873546195e-05,2.0199246422489064e-05,1
0.19361506224884825,0.7939445735034992,1.6109207547150305e-05,1.9655551581954648e-07,0.012395291949472337,1.7183534232591902e-05,1.1583000884574383e-05,1
0.19022381369244473,0.7915682629529658,0.00013349636960011645,2.3909638725660025e-07,0.017856633694339208,0.0001912736692270395,2.6280525036072587e-05,1
0.1066949140364195,0.8623710993990057,0.0007440243869704927,2.6444505930476583e-07,0.026440008344135374,0.0036995620235042073,5.012736490558474e-05,1
0.3349169261925917,0.6402457262625868,0.0020223892964860053,4.0924549906064774e-07,0.01952861351886625,0.003145388969810195,0.0001405465141600592,0
0.528661175878735,0.46715507554050495,0.0007259485004734785,2.1409644008288429e-07,0.002133747740191943,0.0012345749364912634,8.926330716335352e-05,0
0.601495042147813,0.39786141967516053,2.7412980262672322e-05,1.4837336008790138e-07,0.0005728554045584372,1.367977504855892e-05,2.9441643796570004e-05,0
0.13977590560682293,0.8597058403698038,3.127644940505709e-05,9.29144700778057e-08,2.7667942835622927e-05,1.2775022290528502e-05,0.0004464416943720285,0
0.13272520594840323,0.8669918921858711,2.9647848981487094e-05,1.5119463911321266e-07,3.362186952473964e-05,1.0252118821473229e-05,0.00020922883375877767,0
0.22583347635987178,0.7740958811051789,3.648212870311037e-05,1.746558908152349e-07,1.4170953610464126e-05,1.3878228394332648e-05,5.936568350670279e-06,0
0.30837288364625676,0.6915562716475123,3.2059903700590684e-05,2.0376064691264346e-07,1.634219480798733e-05,1.5313005628596754e-05,6.925841447016262e-06,0
0.5032152569639826,0.49672197757529635,2.1824740343845192e-05,2.1108772105050342e-07,1.8506974734836935e-05,1.4914850081373092e-05,7.307807839883552e-06,0
0.2885100672322583,0.7114467757548648,1.7459569624452197e-05,1.456559915613405e-07,1.3105890336720164e-05,8.044541602245033e-06,4.401355321926567e-06,1
0.42931496325283475,0.570639761218681,1.6292720589273478e-05,1.806373668847142e-07,1.4283077220038923e-05,9.722402940594447e-06,4.796690367519036e-06,1
0.3305832295193984,0.6693645590286733,1.9000806609590475e-05,1.5079205605979559e-07,1.0058987945714389e-05,7.4719767551378185e-06,1.5528888561693684e-05,1
0.4154917124187775,0.5844167412902361,2.473760091686663e-05,1.9621689388750143e-07,1.3031585676708062e-05,8.6591091280066e-06,4.492177837078388e-05,0
0.4881300799515736,0.5116419464134494,2.3464123975238364e-05,1.8582192478900348e-07,9.000892785308764e-06,1.0780160139799996e-05,0.00018454263615180124,0
0.4537966741166326,0.5457373428088517,2.219978173887028e-05,1.7590124844042956e-07,9.180703698570603e-06,1.0199281356771731e-05,0.0004242274064730643,0
0.8723275703059369,0.12718002819912766,1.2617526828230109e-05,9.148277771060834e-08,4.614475640801046e-06,6.626959240341936e-06,0.00046845105044833235,0
0.8915921604132593,0.10798836555725694,9.970417658297019e-06,8.4750683352528e-08,4.757911093536773e-06,5.581334383014755e-06,0.0003990796156655735,0
0.9340692556156187,0.06543715296447494,1.1415351822993155e-05,1.1173915866734793e-07,5.447437703880625e-06,7.029009256695541e-06,0.00046958788196403397,0
0.9168137283294037,0.0812349269466821,1.5402762910216852e-05,2.359990605608267e-07,6.4078444673629845e-06,7.902801838650824e-06,0.0019213953156374125,0
0.9138047832492945,0.08108274834515398,2.0301794703387408e-05,1.7009341181338906e-07,1.1342474283862573e-05,8.93490470154199e-06,0.005071719138451026,0
0.9252718721579549,0.0697091729735389,1.6982372011109683e-05,1.3724660299415746e-07,1.1194193669341455e-05,9.857804771173086e-06,0.004980783251451473,0
0.9243260942874177,0.07035417474233462,1.6965013273509805e-05,1.3049709509307426e-07,1.1182751388462129e-05,9.847728496420556e-06,0.005281604979994177,0
0.8894167616929166,0.10324407741977389,2.2350883950404906e-05,1.747494648391673e-07,1.4974891350412323e-05,1.3431832891286556e-05,0.007288228529652513,0
0.9199314901408238,0.07107788801854173,1.7947225320094433e-05,2.0700598428748122e-07,1.5182771931217553e-05,1.3000614696784787e-05,0.008944284222702137,0
0.8906363098354885,0.09410389388866706,3.08156614767327e-05,2.642727914144326e-07,2.0115941711550648e-05,2.1154132155589597e-05,0.015187446267709154,0
0.9636077719433693,0.02262985363030957,3.9731893479799454e-05,2.814792346935318e-07,2.498931057373655e-05,2.1867294960553153e-05,0.013675504448072298,0
0.9780927877483826,0.01277533851127659,3.1676730399774137e-05,2.4987356085965013e-07,2.018661422171416e-05,1.9942582139733692e-05,0.00905981794001888,0
0.9739132624437021,0.009750630985221557,4.105554674679073e-05,2.413680365626795e-07,2.102175439223124e-05,1.875040731760764e-05,0.016255037494583086,0
0.971817602008547,0.008018202617161903,3.214986916291115e-05,1.9848334178571413e-07,1.6034936374542445e-05,1.5418957527442204e-05,0.020100393127884437,0
0.9748424623046179,0.011515754009606896,3.841803800349473e-05,2.518408461328949e-07,1.943582166201348e-05,2.3099934907241098e-05,0.013560578050356025,0
0.9719493445877416,0.011412917132063456,4.4173253868147186e-05,2.523411823584781e-07,1.947443511888834e-05,2.314582791633863e-05,0.016550692422109266,0
0.9725653787865667,0.011903795544081082,3.9971415278604575e-05,2.6202366305060647e-07,2.022168073399714e-05,2.4895357374245436e-05,0.015445475192302657,0
0.9647094320233826,0.010691666514579154,5.3677468885075306e-05,1.5240770073369242e-07,2.1226541921413258e-05,2.6132464155887716e-05,0.024497712579375264,0
0.9006090902495255,0.006732726891345273,3.103808873207082e-05,2.1844720187053402e-07,1.6699146838453273e-05,1.6587400512864975e-05,0.09259363977584376,0
0.9385422022755634,0.01917034498010205,1.3891467880843488e-05,1.232009678379217e-07,9.129378299991701e-06,9.448859188324352e-06,0.042254859837997365,0
0.950117747504736,0.04516411569741296,2.249564741342121e-05,8.210480938685665e-08,1.2778204054736414e-05,1.2874723360933028e-05,0.004669906118212728,0
0.9335979521258683,0.06446306145368455,2.1163343268595878e-05,1.4782097684419333e-07,1.1104378695858366e-05,1.2112218197955728e-05,0.001894458659307939,0
0.9186113597018256,0.07968923959264516,2.037243555277886e-05,1.4229667240600152e-07,1.2063520396185021e-05,9.778667881053654e-06,0.0016570437850267738,0
0.843871342018803,0.1545368606781548,3.262075857713009e-05,1.9662747788029012e-07,1.57374557931765e-05,1.3824982296093002e-05,0.0015294174788980349,0
0.9376363555097543,0.058938316262545726,2.5718788171345965e-05,7.037899275840976e-08,1.0781680599327043e-05,8.662289393610371e-06,0.0033800950905426177,0
0.9455047135608159,0.05237977847332305,2.334528757045155e-05,5.7679438651740763e-08,8.534232823709471e-06,6.922344690368721e-06,0.0020766484213379653,0
0.9351929289169066,0.0629316715179518,1.864667844249352e-05,1.02743039513421e-07,7.039239220411627e-06,5.7867586143327444e-06,0.00184382414582487,0
0.9219534754367252,0.07694747857615135,1.4600961938346612e-05,1.1578022157123455e-07,6.0543430377151244e-06,6.74131266703436e-06,0.0010715335892587826,0
0.8065363236992287,0.19297705726251357,1.911312226437567e-05,1.7018073081300285e-07,8.899037406981095e-06,1.0057411297607314e-05,0.0004483792865577576,0
0.650852762894311,0.3490802513753603,2.2670146013350314e-05,1.7799459517315708e-07,1.2937947323036432e-05,9.127483074090362e-06,2.2072159323020863e-05,0
0.8903125971182604,0.10945972487323229,1.9816695209006904e-05,1.1245168974048007e-07,0.000195733942171422,8.473529225065047e-06,3.5413902119155103e-06,0
0.875450615688126,0.12402674567531555,1.3324698927959892e-05,1.1859230763442127e-07,0.0004924536347179366,8.516689713095765e-06,8.225020891809694e-06,0
0.7642742559278227,0.23341143948519444,2.6312193193455094e-05,2.460439992575337e-07,0.0022631745052011116,1.5232323217632925e-05,9.339521371550049e-06,0
0.09809977812430479,0.855369503449531,0.00010378518917703083,1.5529553796248058e-07,0.0463690496347117,4.955647197857223e-05,8.171834758887407e-06,1
0.11510120882986315,0.8828946946244471,1.6897562044435665e-05,1.4787662774741114e-07,0.001960413047376805,8.497668664522586e-06,1.8140390976466764e-05,1
0.66431925410506,0.3351907424140035,3.541127878589307e-05,2.714792989356377e-07,0.00042056618756968037,1.3124493847783395e-05,2.063004143429274e-05,1
0.5062316295818728,0.49370420398012643,2.4765929623320188e-05,4.5325174295979593e-07,1.0406037996113564e-05,1.367109466125942e-05,1.4870123977059836e-05,0
0.04312303367948407,0.9432183121397893,0.0035559293972411725,1.9074434602929624e-07,0.009798819785975906,0.00029957305455885047,4.1411986049087815e-06,1
0.08021141217215964,0.8840882000907201,0.009653533949247513,1.9076808769490464e-07,0.02558353723039405,0.0004589840753372962,4.1417140537519185e-06,1
0.03681397289843201,0.9261608596187916,0.008223730684737977,1.9534032886732828e-07,0.02813903224105094,0.0006579682359207755,4.240980737974575e-06,1
0.06298716986455559,0.8621441147951631,0.009322788461918653,1.83146814545503e-07,0.06320246683245821,0.0023387308764568717,4.546022633032876e-06,1
0.03826518130966282,0.9053513402011281,0.031201919349589616,2.0269024485990857e-07,0.020637436217027075,0.004539638064907469,4.2821674401750714e-06,1
0.9325532498134832,0.06552034184436356,6.348186295310949e-06,8.102560395551478e-08,3.688507209680642e-06,4.394009087882977e-06,0.0019118966139561422,0
0.9349560710462685,0.06367419969992431,6.16931582652792e-06,7.874257584500465e-08,3.694259316145387e-06,4.36508823063611e-06,0.0013554218478580543,0
0.8853185306882511,0.1129361418202571,1.0328842991512562e-05,1.4201717219445527e-07,8.120277711524892e-06,7.81943036624287e-06,0.001718916923250301,0
0.7742580396137527,0.2234951425101654,1.5619589323358723e-05,2.146988394717828e-07,1.1062922996360365e-05,1.182126498522344e-05,0.0022080993999374376,0
0.8064026346465356,0.18960356406921425,1.2660849453261314e-05,1.9023313517288167e-07,1.4065358954285056e-05,1.24538238726049e-05,0.003954431018834763,0
0.8117230268543961,0.1881163187425089,1.0997039833166132e-05,1.837882094983886e-07,1.2322814484114535e-05,1.1938711783341956e-05,0.00012521204878489768,0
0.23484732599891162,0.765086962068515,2.2027750241945386e-05,1.742271600962845e-07,2.05862578165316e-05,1.604070606255904e-05,6.882991292158824e-06,1
0.15674083997911079,0.8431441951561044,2.7791017363623365e-05,2.1326196172603817e-07,5.9752568900054215e-05,1.6872152424010873e-05,1.0335864135374525e-05,1
0.2620863215481621,0.7322697299592438,1.8964933090748425e-05,1.8766292646219406e-07,0.0055991175254543665,1.7179347824291778e-05,8.499023298467254e-06,1
0.18529813224567346,0.8099004074475479,1.572322933500604e-05,2.2066134620324498e-07,0.004729304545459053,1.6636769702836987e-05,3.957510093559957e-05,1
0.2734607319060765,0.7215562639017088,2.22128461506687e-05,2.2298672812437602e-07,0.004913466161816381,1.7240388897882272e-05,2.9861808621568316e-05,1
0.2598294976171641,0.7282278133439088,2.3651506268867995e-05,2.3742891668789024e-07,0.011882983413272003,1.8398845899457907e-05,1.7417844570021147e-05,1
0.1282021971197826,0.8541065035784929,0.00018320265441333693,2.4447405971328165e-07,0.016926612973976095,0.0005633045212553034,1.7934678020224453e-05,1
0.08081505819878321,0.887061358707321,0.0005618065976476194,2.7230229914115105e-07,0.028964138635766808,0.002546724569404068,5.064098877826087e-05,1
0.1734049273534791,0.7794616117797571,0.0010135779210695725,3.329860963247356e-07,0.041842898683225264,0.004229048210941642,4.760306543106014e-05,1
0.6090142156153006,0.3864036374996708,0.00048103417600836335,2.1214533956546054e-07,0.003190645426891664,0.0008218515969688355,8.840353982013097e-05,0
0.43083790449992143,0.5633046056173053,0.0009174108192999663,2.2862741965476805e-07,0.0045037748043346894,0.00034202528233919817,9.405034937975638e-05,0
0.22298198216142812,0.7751916667869904,5.102434447585533e-05,2.735513762045069e-07,0.0016999313585487777,2.0841148865614554e-05,5.4280648315191254e-05,0
0.1014899519710659,0.8983940581780641,3.1432395223947624e-05,1.6851524132919387e-07,3.832907856376687e-05,1.2838719140725286e-05,3.3221142700231696e-05,0
0.06902873085898834,0.9308808687471338,2.6322829844187578e-05,1.4112185826300135e-07,2.5363947230399993e-05,1.0751691589228569e-05,2.782080335581398e-05,0
0.34652379041962483,0.6534218806179395,2.095887628594835e-05,1.6715644577824502e-07,1.2954449123044058e-05,1.1405786206967405e-05,8.84269437413848e-06,0
0.683819345003933,0.3161322066487554,1.5127341922864472e-05,1.9593868645333425e-07,1.551269720762222e-05,1.274875587800272e-05,4.863613616409381e-06,0
0.2123768041448462,0.7875800670144452,1.6750121531484373e-05,1.3410160106077753e-07,1.3028696533803823e-05,6.7265100600232624e-06,6.489410982182226e-06,1
0.2823072016006089,0.7176410902139945,1.839617653976819e-05,1.4599365916763093e-07,1.0499191111963037e-05,7.234208858227106e-06,1.5432615227291316e-05,1
0.5872083541599711,0.4127167060649412,1.7469807942759687e-05,1.6521039260441828e-07,1.097231407169977e-05,7.290783124223112e-06,3.904165955653324e-05,0
0.6861058620035132,0.31382135182036397,1.6752366216881654e-05,1.581754880521319e-07,9.744375873945914e-06,7.591833249514792e-06,3.8539425294403324e-05,0
0.7716749953890405,0.22825966489787594,1.4500229800140258e-05,1.391593591513676e-07,6.74063877669972e-06,8.78034011582473e-06,3.517934503159026e-05,0
0.9354018676384395,0.0640040163729804,1.138447312301778e-05,2.182895905152819e-07,5.446725197267331e-06,6.783981367564552e-06,0.0005702825193017281,0
0.9249624896989748,0.07419740107457569,1.0762440029297076e-05,2.0636252565703102e-07,5.14912307826785e-06,6.4133132767173915e-06,0.0008175779875397446,0
0.9114720143390692,0.08738723657130792,1.0481778147148197e-05,1.6060039423791604e-07,4.356050255791188e-06,5.849087065262036e-06,0.0011199015737606204,0
0.9360598092514526,0.05955794446524014,1.59279405940215e-05,1.9247469550715792e-07,6.126638162088956e-06,7.009953227221759e-06,0.004352989276628064,0
0.8881634197500085,0.10377435038194524,2.2211002962702462e-05,1.7365581110285802e-07,1.6042910804381094e-05,1.3347770978761918e-05,0.008010454527489403,0
0.8990808177054501,0.08589074093629533,2.296479833706198e-05,2.0639013467842622e-07,1.6319360063234234e-05,1.328597329636707e-05,0.014975664836423158,0
0.9084549649555549,0.07032373585553751,2.0553283483638278e-05,1.9528230914791313e-07,1.7404181825502667e-05,1.379213438897818e-05,0.02116935430690019,0
0.9125647463224327,0.06676814683037634,3.191039264561876e-05,2.736611234503471e-07,1.7824074927469506e-05,2.1905635992005514e-05,0.020595193082502454,0
0.976126112373117,0.010141851495223422,3.236216386952785e-05,2.3549631379880499e-07,2.0510361435818017e-05,1.8794355809049887e-05,0.013660133754231503,0
0.977221309164113,0.00933853789701394,3.1767231031668523e-05,2.311670454952829e-07,1.8675365061163102e-05,1.8448848027731703e-05,0.01337103032770687,0
0.9789116255837872,0.007733480996889691,2.7946210976716616e-05,1.9798397180113145e-07,1.5994593613995896e-05,1.538016452590622e-05,0.01329537446623473,0
0.9385161054473213,0.011036192530994797,4.5402219279958486e-05,2.906871265327893e-07,2.1344178462855192e-05,2.189632344993814e-05,0.05035876861336476,0
0.9465909851200807,0.00608235139573878,4.5108794708948946e-05,3.0328216806689186e-07,2.2268990020413574e-05,2.2237189383724205e-05,0.047236745227899155,0
0.9565460757838453,0.006987076866309204,5.917686110800888e-05,2.51630468975089e-07,1.9419585801216226e-05,2.456141937128628e-05,0.03636343785309595,0
0.9548264787627861,0.006410664318841186,3.3081525118483084e-05,2.2478336504790327e-07,1.8701951501494985e-05,2.135708714053133e-05,0.03868949157124729,0
0.9688302001249943,0.005995502836200053,4.102761404351368e-05,2.1022615374110072e-07,1.6358689703321332e-05,2.0179427688872955e-05,0.02509652108121598,0
0.9687118279049961,0.0036354102189282748,2.839835593091419e-05,2.053180452925105e-07,1.7224035559317128e-05,1.9708302580198573e-05,0.027587225863959834,0
0.9266308739841482,0.004642018578705736,3.193488895457158e-05,2.5978856625580454e-07,1.738160794437898e-05,1.746160639167547e-05,0.06866006954528889,0
0.8871884337594867,0.00644516770870657,3.286305864150344e-05,2.0911717856298682e-07,1.704196645670951e-05,1.6246393913087658e-05,0.1063000379956169,0
0.9565359924365745,0.00873913666696872,2.0254290587246197e-05,1.613141649637838e-07,1.228437261892832e-05,1.3033333864293676e-05,0.03467913758522142,0
0.9429662487965302,0.008577645097328267,1.988000908742123e-05,1.5833322088452413e-07,1.1201442424178673e-05,1.1629872121344732e-05,0.0484132364492877,0
0.9372316732550502,0.008225749445348337,1.9064436901838037e-05,1.5183764181112598e-07,1.099276802355691e-05,1.1038006092255386e-05,0.05450133025094219,0
0.21824124790598692,0.002660975755670586,1.1309267228292557e-05,8.156043251149865e-08,6.015987299678907e-06,5.452899068563716e-06,0.7790749166243134,6
0.21504100648149635,0.002591624305432184,1.5028830004020628e-05,7.60533469332222e-08,5.60977860415139e-06,6.016393032474519e-06,0.782340638158084,6
0.19242423774727488,0.002029612189425094,1.5213542741487112e-05,8.354389799990455e-08,6.716124400738945e-06,5.531089234886954e-06,0.8055186057630249,6
0.9633557661204246,0.03203618685328076,2.1973668687951976e-05,8.283494907074766e-08,1.1866788408805944e-05,1.257598416186915e-05,0.004561547750087192,0
0.9321820460184602,0.06664251253752272,2.0482715850232042e-05,1.275973907909038e-07,9.590702168211985e-06,8.732725052206984e-06,0.0011365077035557607,0
0.8006187002899847,0.19797440674502448,2.9698145817037582e-05,8.400985776512144e-08,1.3455136211007506e-05,1.258635169922694e-05,0.0013510693214056702,0
0.852627605930828,0.14699791237242257,1.825563048220428e-05,1.4476038983439335e-07,7.657863454471322e-06,8.555109460460878e-06,0.0003398683329624652,0
0.8419047850711812,0.15776702866657996,1.8385814177962724e-05,1.6851512271011305e-07,8.908190534416547e-06,8.61611725574171e-06,0.00029210762514814825,0
0.8403350436849204,0.1593252906487866,1.8537622470935753e-05,1.4699648188603392e-07,8.051276995468337e-06,8.687258954444256e-06,0.00030424251139020685,0
0.8578159928518125,0.14172238345397065,1.892324870243083e-05,1.5005435510799751e-07,7.93791563756058e-06,8.86797441231252e-06,0.00042574450110937425,0
0.8832641710629939,0.11660653833124192,1.901051114344899e-05,1.1761712541993612e-07,7.891951771060686e-06,6.6245063114758635e-06,9.56460194128367e-05,0
0.8833096147468287,0.11661253770360931,1.3404823937166577e-05,1.1762317678671431e-07,7.373592637390622e-06,6.624847140392333e-06,5.032666267035274e-05,0
0.6145104219528127,0.385432843629513,2.311141261098525e-05,1.763268713871718e-07,1.5013507522827865e-05,1.2853369200076163e-05,5.5798014688882015e-06,0
0.8751745357552039,0.12477052060385228,2.1761311907267925e-05,1.4914057632876443e-07,1.6737288825679477e-05,1.1451197456649248e-05,4.844702177848737e-06,0
0.876820456329396,0.12312304286278256,2.2364872846011527e-05,1.8655440700238227e-07,1.720150595554268e-05,1.176880218177454e-05,4.979072431207358e-06,0
0.906729408913566,0.09306155222617651,2.0476183209043783e-05,9.868489116792688e-08,0.00017644781092159776,6.970698058763783e-06,5.045483176955138e-06,0
0.8927860924786514,0.10695541824025984,1.1957998803866479e-05,9.894220472455798e-08,0.00023080910816417632,8.242707409021015e-06,7.380524507018084e-06,0
0.8846384810449833,0.11504342764156067,1.2723290024432433e-05,1.0527433452830595e-07,0.0002886396573867763,8.770226412600283e-06,7.852865297566291e-06,0
0.8450184649713227,0.15426887450334437,1.8260455488729787e-05,1.5108963924176004e-07,0.0006748691077860538,1.215756317284627e-05,7.222309246131257e-06,0
0.15400471374592978,0.7948653623205447,0.00022395442915513277,2.0988771097065043e-07,0.05078862769782547,0.00010196533698188531,1.5166581852156688e-05,0
0.2022567750002292,0.7278525094565585,0.0004811721466465912,2.8192590994007657e-07,0.06901439487099104,0.00037627412364948096,1.8592476015340464e-05,1
0.16377880223355026,0.7738766847560338,0.00014887247164963366,1.9273375616509895e-07,0.06209434858740323,9.526599367115541e-05,5.833223935959702e-06,1
0.11746781775963125,0.8344920792881292,0.00014357018918763998,1.557901225938239e-07,0.04779845854970976,9.284922571462127e-05,5.069197505232405e-06,1
0.1000242366058839,0.8597995407639454,0.00013826238212729774,1.496629749480575e-07,0.03993625875840849,9.712655860529488e-05,4.425268054700414e-06,1
0.0881010563521294,0.9068862451048048,1.7092209851518122e-05,1.9080657964426856e-07,0.004971374022668983,8.574496987832115e-06,1.5467006977738533e-05,1
0.3153276926117043,0.6845615422045419,2.8441972997781982e-05,2.4829610130424345e-07,3.88970042915564e-05,1.4845991833830631e-05,2.833191852945421e-05,0
0.32667577948566356,0.6732406362021286,3.063137672381199e-05,2.2138482862023704e-50,1.3215174266443313e-05,1.690889286875844e-05,2.282886834881181e-05,0
0.05334612992528024,0.9107023483901133,0.009158052933261033,1.9843452395546757e-07,0.026110373781906896,0.0006785883769486487,4.30815796576171e-06,1
0.08921658928885459,0.8734043199616016,0.009178386192621036,1.8846272564937073e-07,0.02774298700931831,0.000453437421913379,4.091662965551861e-06,1
0.06379654432138883,0.8626172141040003,0.005429029847400815,2.421934331968902e-07,0.06712716620374763,0.001025485661598303,4.3176684311337e-06,1
0.15898924523256713,0.68309929020011,0.0033154271400197503,3.1038384293609064e-07,0.15132450932009245,0.0032659116473931905,5.306075974513313e-06,1
0.03707783755111601,0.8369495159693152,0.017999721973781826,2.0547146536498988e-07,0.10558683206652608,0.002381474553994702,4.412413800720661e-06,1
0.02941665576301925,0.8705397224807494,0.01376581969448665,1.8957924805418177e-07,0.08422337862222641,0.0020503043987096068,3.92946156048881e-06,1
0.034732882096569107,0.8788307177645583,0.017943523893537566,1.8937812012899986e-07,0.06589469574877127,0.0025940658257172255,3.925292726300179e-06,1
0.03724494213283576,0.8884917241827581,0.030853404806717437,1.8633546007840612e-07,0.03923246470806713,0.004173341188662674,3.9366454988955334e-06,1
0.9343119378863988,0.0635244281586459,6.169781515218167e-06,7.874851970134807e-08,3.7471025465455555e-06,4.270523073361241e-06,0.0021493677993006796,0
0.9346383745399865,0.06331087378511478,6.134113620187117e-06,7.829326955551565e-08,3.7254403110237455e-06,4.2458349108497145e-06,0.0020365679927870427,0
0.9264957924291086,0.07208646077865113,6.451609072606875e-06,8.234564917840777e-08,4.7169794474943695e-06,4.564824305218111e-06,0.001401931033766098,0
0.8151082786793022,0.18471444365193432,1.1116422695469547e-05,1.892816401142973e-07,1.0732069180733958e-05,1.0839259933512252e-05,0.00014440063531365982,0
0.83373987620703,0.16607776093723545,1.1238870213842295e-05,2.064454152920652e-07,1.4121583679397128e-05,1.1142696490559516e-05,0.00014565325993542763,0
0.26294571375339004,0.7369780893735335,2.4476599824988138e-05,1.838458166457257e-07,2.5734005355619412e-05,1.792890230245852e-05,7.873519776814882e-06,1
0.2823324023874324,0.7176073407250823,2.5637127953624887e-05,1.848963154384233e-07,1.4647127783193041e-05,1.509441326738672e-05,4.69332216594977e-06,1
0.1618846488807924,0.8349992353293731,2.696125067201476e-05,2.0918124544699553e-07,0.003061050848345524,1.4046475191275408e-05,1.3848034380204284e-05,1
0.22667247360793139,0.7678951951106383,3.221368055660931e-05,3.043670010852973e-07,0.005369519814570934,2.2389404905885613e-05,7.904014395751875e-06,1
0.46545202757119425,0.5130818326811746,3.2072884397850635e-05,2.878622651657923e-07,0.021399088161951837,2.78667410775645e-05,6.824097938778593e-06,1
0.42201986154637217,0.5725235231606615,1.960656405006457e-05,2.2050971970677628e-07,0.0054081435227608925,2.291696128652705e-05,5.727735148974929e-06,1
0.2827732104379588,0.7148687721289975,1.999142104029463e-05,2.2757944303411258e-07,0.0022925910235274483,1.8024287724078536e-05,2.7183121308929922e-05,1
0.31246371919728877,0.6856851980526109,1.533372546865236e-05,1.9130534471526745e-07,0.001776322438360611,1.8259164323646594e-05,4.0976116602615586e-05,1
0.3775192077733892,0.6189798645420282,1.979344523218603e-05,1.986992374005761e-07,0.0034078277298374908,1.5204513539412672e-05,5.7903296736060824e-05,1
0.08982086980474323,0.8888964367504543,0.0003579385599869167,2.3086107242975287e-07,0.01946637843205844,0.0014119630730178253,4.618251866668178e-05,1
0.04745416473700077,0.9206066292674168,0.0005177003237529602,2.537026049658154e-07,0.029027542721259278,0.002342957403289706,5.075184467569662e-05,1
0.42450355772969334,0.5682464845350839,0.0009901881735463608,2.4561613213125866e-07,0.005706094025378547,0.000487089941215109,6.633997895042134e-05,0
0.1985290622925941,0.7987820425051531,5.685496594987296e-05,2.8949389802709387e-07,0.0025470671020654573,2.723952623467758e-05,5.7444114104747915e-05,0
0.12761138691033244,0.8707851210600859,3.681672095273795e-05,1.9738166856509242e-07,0.001514724330433154,1.3693658013389422e-05,3.805993851373783e-05,0
0.2982789173858579,0.7016026164036864,3.089699959477995e-05,1.491532937621938e-07,1.8466611185769965e-05,1.2118533231109233e-05,5.683491315029218e-05,0
0.1674152631362762,0.8323942597290994,3.642393373400901e-05,1.4879062810307324e-07,2.265107136139815e-05,1.3148119647081434e-05,0.00011810521925387418,0
0.3005307301361022,0.6994046868728895,2.5976404285570943e-05,1.874444275728124e-07,1.495889285383847e-05,1.2716392387939883e-05,1.0743857053433215e-05,0
0.29456598712796583,0.7053705418482153,2.6008584570910327e-05,2.0033333799160085e-07,1.6653354193629583e-05,1.3954497232605939e-05,6.654254483629071e-06,0
0.6924742271364634,0.3074752786155174,1.525856488274104e-05,1.9763836737030168e-07,1.727289580645235e-05,1.2859345662353846e-05,4.9058033003403414e-06,0
0.2632002605771948,0.7367649863044968,1.2192298758260982e-05,1.2531952776155419e-07,1.3131983113573734e-05,6.209774061492101e-06,3.0937428472045523e-06,1
0.6921352323842127,0.30752192634080594,1.860488779528771e-05,1.4962754507778673e-07,7.247699605433276e-06,8.680401406320692e-06,0.00030815865862909343,0
0.9120863665295876,0.08735474992902352,1.3792095163466723e-05,9.2319962489781e-08,5.04403818861184e-06,7.24386432709745e-06,0.0005327112237470273,0
0.9128523158676224,0.08649952158136436,1.3671837117632146e-05,2.621482517241384e-07,6.541079144978655e-06,8.147016314603763e-06,0.0006195404701841664,0
0.772624266202221,0.22647698392799556,1.322642566306567e-05,2.495100683260585e-07,6.2257333156172424e-06,7.129663526348077e-06,0.0008719185372099545,0
0.8759635421054719,0.12319093240812838,1.1439395787566932e-05,3.4892143987917876e-50,5.384570955104109e-06,6.5548817725411e-06,0.0008221466378844687,0
0.8767364950476663,0.12225860087799635,1.2974078309403832e-05,2.0884892105078246e-07,6.166444173160131e-06,6.993636471934024e-06,0.0009785610664620398,0
0.9217068377353106,0.07434072103078103,1.5721147283053006e-05,1.2092911563896211e-07,1.036283784595042e-05,9.125698141214378e-06,0.0039171106215224105,0
0.898604164673782,0.09514620495318502,1.8315168327532814e-05,1.4319638859820782e-07,1.3228966397386127e-05,1.0806057832761078e-05,0.006207136984086638,0
0.9431849640623801,0.03228255951381122,3.2981114668262876e-05,2.8284355485675115e-07,1.7792633263954182e-05,2.2640658187976083e-05,0.024458779174133662,0
0.9830677001477971,0.009333341505925486,3.736302528976887e-05,2.30667754234368e-07,1.863502866049035e-05,1.8409000874888367e-05,0.0075243206236981375,0
0.9736896571149937,0.009323250336501715,4.104612061062478e-05,2.413126197393991e-07,1.9494998769584012e-05,1.874610232336087e-05,0.01690756401418123,0
0.977950868623291,0.008979986371683908,3.842528673153617e-05,2.2590457922652937e-07,1.825022453786548e-05,1.8028864114214588e-05,0.012994214725062252,0
0.9655723787334524,0.00610535335597048,4.5566048523122326e-05,3.0111229869359213e-07,2.2109663807047298e-05,2.26300215311788e-05,0.028231661064417407,0
0.956061589782114,0.005938743535249337,4.6251010177118054e-05,2.9612149936379797e-07,2.17432061904407e-05,2.2305673484370778e-05,0.03790907067128542,0
0.9459440276177171,0.006156028524521891,4.56552094523244e-05,3.0695590506438574e-07,2.2538740177688797e-05,2.2506554331488776e-05,0.04780893639789454,0
0.8323970636873723,0.005638268423277251,1.6327625092389134e-05,1.300404571700471e-07,9.525336905565762e-06,1.0398478304409688e-05,0.16192828640859086,0
0.9385460920295642,0.00886760588913916,2.055203772824155e-05,1.6368555542118465e-07,1.2160722350419411e-05,1.1899303337447194e-05,0.05254152633232498,0
0.11214310394923506,0.001220481369296677,7.23150671537806e-06,4.992565883087732e-08,3.6825715632677158e-06,3.3053673663206364e-06,0.8866221453101645,6
0.11191210604675407,0.0010953304417423348,6.725911890869243e-06,4.79955105983734e-08,2.590467384853591e-06,3.4952373270028846e-06,0.8869797038993904,6
0.9613075602456741,0.033780735799816754,2.2012451570687942e-05,7.354607766768839e-08,1.1549904717931586e-05,1.259818040619983e-05,0.004865469871736528,0
0.940018076981677,0.051190256994388166,1.95152666073144e-05,1.2605461356080445e-07,1.1919355615824039e-05,9.734226079284317e-06,0.00875037112101878,0
0.9426900867117133,0.05119918891090497,2.5857408907939992e-05,7.075832586508336e-08,1.0591226040520022e-05,8.910511068372798e-06,0.006065294473038889,0
0.9548084098621261,0.04080228865333576,2.3209831461764603e-05,5.734476587088803e-08,8.484714737224589e-06,6.953727906984587e-06,0.004350595865666519,0
0.887025005144616,0.11201794848844471,1.8294913922174777e-05,1.6768197669818138e-07,7.945863598561236e-06,8.573518801582163e-06,0.0009220643886402063,0
0.8905306115174608,0.10813129474696,1.884996354160512e-05,1.4947323091946034e-07,7.907174012099366e-06,8.833630894387869e-06,0.0013023534939001985,0
0.6393579498168408,0.36056891711731875,2.3107256818999878e-05,1.8352488513706603e-07,1.3255022606679291e-05,1.0336604942202618e-05,2.6250656587355647e-05,0
0.8856519275930035,0.11429652497957964,2.079040546526055e-05,1.4028930925266315e-07,1.5287969943209922e-05,1.0771586250061565e-05,4.557176449198069e-06,0
0.8679556711222444,0.13199281998205206,2.140629516824329e-05,1.308586502674149e-07,1.4982500233718561e-05,1.0556358634178604e-05,4.432883017207639e-06,0
0.8799702780678863,0.11980124556502693,1.5355544885162968e-05,1.2544735711463802e-07,0.00020025831220209976,8.861089457230478e-06,3.875973184754681e-06,0
0.8912614005390045,0.10850077680089443,2.1967230419548918e-05,1.2705700406313438e-07,0.00020282787754457703,8.974788350003087e-06,3.925706782598379e-06,0
0.6827956003494308,0.31400663180361116,3.1524457168547625e-05,2.6083789989947816e-07,0.003136033446893726,1.667698318622296e-05,1.3272121809708288e-05,0
0.20360689825335868,0.7327111382855054,0.00040004929215926844,2.8380784801937876e-07,0.06288412791117852,0.0003787858637080748,1.8716586242063573e-05,0
0.2072589067611824,0.7176191203355639,0.0008625889563443769,3.5544348501107125e-07,0.0736749090825941,0.0005767783337252965,7.34108710493296e-06,1
0.17689298032139775,0.8230395613301562,2.0295057265656536e-05,1.4668024278198793e-50,1.1896629483340766e-05,1.1203118689847702e-05,2.4063543007191566e-05,0
0.10707270314572652,0.3578012299218641,0.002904386949794031,1.5985362875271125e-07,0.5297898605540775,0.002428761075268337,2.898499640843677e-06,4
0.10451054916197994,0.834649796634487,0.006486385568312465,2.2801945210152965e-07,0.05238251360433354,0.001965833704420643,4.693307014039682e-06,1
0.08157653495646612,0.8513823825403657,0.005742936232124161,1.9462773389753734e-07,0.05960934243982826,0.001684300091006764,4.309112474936838e-06,1
0.027298529924785257,0.8613936159795359,0.015780173395201096,1.8168000783245966e-07,0.09389413546027237,0.0016295978283761019,3.765731821464563e-06,1
0.03252791642580156,0.8489542011691903,0.030338161805218023,1.8318689185194768e-07,0.08648252112304268,0.00169321932443185,3.796965423725717e-06,1
0.9554696247096265,0.04183991798812359,6.0740195472558595e-06,7.974039391579506e-08,4.438413242898832e-06,4.3869227984017445e-06,0.002675478206267325,0
0.9497190752921024,0.047823438993350585,5.908512627566157e-06,7.756760094580717e-08,4.568113581428706e-06,4.267386456177093e-06,0.0024426641342808,0
0.9155220928565624,0.08194503355414094,5.950350417525808e-06,7.594779262906969e-08,3.4842105119783147e-06,4.0725281241626535e-06,0.002519290552450151,0
0.9120545494373754,0.08466730559483948,5.95345647612864e-06,7.598743706647405e-08,3.4860292556279217e-06,4.120789882891056e-06,0.003264508704733594,0
0.8874664544835031,0.11074025563367508,9.911054450888128e-06,1.2650056809334202e-07,7.450467476680166e-06,7.01254861207414e-06,0.001768789311714146,0
0.8608358532796988,0.13761567314184164,1.2316356161540775e-05,1.5720083660071377e-07,9.047325004062626e-06,8.714415477627007e-06,0.0015182382809795795,0
0.8303693295316462,0.16855561271841005,1.0471305176219964e-05,1.4362323154410668e-07,6.17323222394931e-06,7.90785959669857e-06,0.0010503617297153906,0
0.8030617126339036,0.1967923926361082,1.1084377173682722e-05,2.413436124040683e-07,1.2021546546168482e-05,1.1561380531142295e-05,0.00011098608212479626,0
0.09024126539777814,0.9096141299215247,1.2903240476865483e-05,1.153643719194733e-07,0.00011167398700476691,8.617326860284384e-06,1.1294761983494206e-05,1
0.22100306032234862,0.7789286114688309,2.7112966194544487e-05,1.7432261427576417e-07,1.7642312483100486e-05,1.4949961355115149e-05,8.448646173442803e-06,1
0.12216206300716338,0.8777234259849568,2.6338234543994738e-05,2.2200831216515044e-07,5.9992622287469524e-05,1.9187516625826918e-05,8.770626110045836e-06,1
0.14757842069246435,0.6957132287427815,2.616646977588604e-05,2.007955521324243e-07,0.1566484622080597,1.479755270633011e-05,1.8723538660050467e-05,1
0.1617476459946839,0.834292575952283,2.6812833859225904e-05,2.0900421547816185e-07,0.0038992326572065373,1.4034587667324488e-05,1.9488970084546838e-05,1
0.45310624858250287,0.5423992775901411,1.8785183896194473e-05,2.1701324608847273e-07,0.00444808437943686,2.2140982879808275e-05,5.246267897101972e-06,1
0.12149223363772567,0.860857659988797,0.0004638889241256126,2.891186594007353e-07,0.016596085369073893,0.0005320365967711048,5.7806364847227715e-05,1
0.05009394658639967,0.918236384267603,0.0004972746363458251,2.5304940813696086e-07,0.02895280679626741,0.0021687134878206745,5.062117615534323e-05,1
0.08995228169781652,0.8803319771762042,0.0008772160322782642,2.7946726787244964e-07,0.025179155406491873,0.0036071167374521823,5.197348248934113e-05,1
0.4178649156727257,0.5727203444458495,0.0008650461298451979,2.417750392712677e-07,0.008111053755616783,0.0003977666225700581,4.063159835364078e-05,0
0.3475241160928553,0.6463912485044203,4.48502275415946e-05,2.62349644862285e-07,0.0059749448992960546,2.0488654535446558e-05,4.4089271706434056e-05,0
0.2698501553961092,0.7300447563135558,2.788861529947124e-05,8.266029326452734e-08,2.098932232808802e-05,1.2120204625213057e-05,4.4007487789068334e-05,0
0.2744889844631008,0.7254230599109479,4.6112982498602e-05,2.1158410506098477e-07,1.716715536626819e-05,1.7272142536916545e-05,7.191761444443485e-06,0
0.318312700162753,0.6816335485352865,1.7914575700463682e-05,2.1300927095440853e-07,1.6151430897456203e-05,1.3094614515457163e-05,6.3776715763108155e-06,0
0.36136987614538607,0.6385737924221402,2.0577991345569263e-05,1.8763976208730367e-07,1.5429265781482408e-05,1.375864436255758e-05,6.3778912221930135e-06,0
0.2869054321697639,0.7130433083777336,1.909807499554363e-05,1.6703098519730185e-07,1.37346447026134e-05,1.2582304648882295e-05,5.677397170374075e-06,0
0.6721007934173244,0.32784419727679087,1.9223812450887784e-05,2.0550263897791904e-07,1.641603116722719e-05,1.3371034704975355e-05,5.79292492256438e-06,0
0.15562588866037033,0.8443292446795918,1.6785651532134002e-05,1.4003384794158826e-07,1.5068924374602626e-05,8.640581908361043e-06,4.231468374769909e-06,1
0.42466825967998095,0.5749964014380994,2.1402860008042722e-05,1.8507617827524883e-07,9.664628832209719e-06,8.16746607760804e-06,0.00029591885082336315,0
0.8380559235261972,0.16143018269424067,1.454734640623103e-05,1.0417481404053256e-07,5.79331850677077e-06,7.546362974467877e-06,0.000485902576860616,0
0.8063001281165111,0.19259255296944447,2.1830987053372213e-05,1.3434139325129336e-07,8.468237019915599e-06,1.0372137452583578e-05,0.0010665132111252092,0
0.8035373883908882,0.195887113086641,1.1061071495784575e-05,2.0866171821306254e-07,5.206492144739344e-06,6.484767345707773e-06,0.0005525375297663734,1
0.8865978420228405,0.11283160711566896,1.0434288012686812e-05,2.00070432157527e-07,4.630621949824235e-06,6.21776824425456e-06,0.0005490681128517943,1
0.9364678762278282,0.06277768523196649,1.0410158480907046e-05,1.9960776466693573e-07,4.980579416614434e-06,6.203389511727094e-06,0.0007326448050315027,0
0.9500309879206728,0.04904928370610179,1.0935995250304412e-05,1.7893221755266147e-07,5.283127749795462e-06,6.516734434010724e-06,0.000896813583573906,0
0.9055788459568249,0.09340641906343974,9.912285817333974e-06,1.5956202427086318e-07,4.711206119103929e-06,5.811269497179059e-06,0.0009941406562774798,0
0.9098206185777248,0.08625276704901876,2.3741017116918355e-05,2.8250194966140983e-07,8.992284523945438e-06,9.46002463696761e-06,0.003884138545029068,0
0.9524308507964494,0.03862658964862832,9.374530722065133e-06,1.0920134784771902e-07,6.8926028335415915e-06,5.781113258683766e-06,0.008920402106760227,0
0.8718060432245754,0.12204318114398348,2.0037033332570158e-05,1.970901911775885e-07,1.3207721014302771e-05,9.51911957047713e-06,0.006107814667332788,0
0.8846687787367111,0.09929591985542052,2.6889868093584568e-05,2.416656752593131e-07,1.9108612800830798e-05,1.4303711765267004e-05,0.01597475754953348,0
0.9102158898765931,0.0779050921778877,1.9859549544070562e-05,1.8564214282589476e-07,1.6545019476242378e-05,1.3469687910401139e-05,0.011828958046445643,0
0.9686155991987709,0.02045703715501058,9.081521881942958e-06,8.628599732470533e-08,4.987508777703316e-06,6.703305686187407e-06,0.010906505023875327,0
0.9716565173273063,0.01484755036173136,3.08392420381846e-05,2.5025970262268674e-07,1.574290463067773e-05,2.0032432374760728e-05,0.013429067472216083,0
0.9772023269785655,0.009356884770479992,3.240598735986563e-05,2.4218317593855776e-07,1.9565328667994547e-05,1.881373051290723e-05,0.013369761021237802,0
0.9749829055478091,0.009300884457102627,3.130796893660362e-05,2.3397723590557537e-07,2.0378058572402842e-05,1.8176261193301088e-05,0.01564611372914997,0
0.956971222054831,0.005826746735914645,4.263619576072353e-05,2.721160643735419e-07,1.9333404436787018e-05,2.1896686214951417e-05,0.037117892806777394,0
0.9675567307100116,0.006549916085866906,4.038242931793029e-05,3.2303786101697606e-07,2.8678824016336067e-05,2.585701780043245e-05,0.02579811189512559,0
0.9843724790008936,0.002967563264136165,4.440651540343157e-05,2.46442878392102e-07,2.1878834627111987e-05,2.003478727204628e-05,0.012573391154788982,0
0.9361356734173553,0.00439555052209622,4.163449944532349e-05,1.7171294695144774e-07,1.7188421606639634e-05,1.6550832886865842e-05,0.05939323059366276,0
0.11787587407758542,0.001375393497715379,6.933134184613434e-06,4.86518239752102e-08,3.5886121018278582e-06,3.22103213148143e-06,0.8807349409944574,6
0.8672267680010463,0.12997408092444188,2.2875609470344683e-05,1.1632708112178304e-07,1.0291210045501261e-05,9.657280450841802e-06,0.0027562106474640765,0
0.9573723878958013,0.03924533768689591,1.5175733273354095e-05,5.396018890978286e-08,5.8946956620561585e-06,6.694725798762586e-06,0.003354455302379978,0
0.9560805675557986,0.04184410776019426,1.5155256057628183e-05,5.388737829766854e-08,5.886741716600194e-06,6.685692341074726e-06,0.0020475431065137867,0
0.904805741641605,0.09390807647124096,1.76343314579719e-05,1.479799114411883e-07,8.011897127689152e-06,8.45963163867161e-06,0.0012519280470184798,0
0.8777582849164551,0.12139385707591277,1.1735112752626102e-05,1.1811694605380103e-07,6.590049521636171e-06,6.921405520545073e-06,0.0008224933228911703,0
0.8755260848545845,0.12348367329427384,1.064103762806417e-05,6.513028740551437e-08,6.573290569652792e-06,6.903803907325708e-06,0.0009660585887492769,0
0.868753788451232,0.13119877954318673,1.8698203909244497e-05,1.1568489546263477e-07,7.2520851480431744e-06,6.73576229673206e-06,1.4630269331860334e-05,0
0.657292036409609,0.342639400537997,2.257580659160284e-05,1.7930394525211567e-07,1.3033120450807527e-05,1.009887048977164e-05,2.2675950916607635e-05,0
0.48873709828299755,0.5112105330090253,1.9030870548626512e-05,1.5061371252388092e-07,1.6780772658359865e-05,1.1185442519064507e-05,5.221008538785467e-06,0
0.6940228131958712,0.30203954200262456,0.0002833513550338693,2.69556612901515e-07,0.0034739774217781736,0.00015909686273305395,2.0949605346252375e-05,0
0.7318208871163793,0.26399942867447584,0.00034892255723732756,2.4143791015712515e-07,0.003474295266026481,0.0003387785343164232,1.7446413654602842e-05,0
0.14269700947555158,0.8297321751578492,0.00036963550718141486,1.753572167521596e-07,0.026970676541265715,0.00022307798792517634,7.249973010253983e-06,1
0.22559377390664168,0.7678663265917196,3.413614169887036e-05,3.6419998126807526e-07,0.00646013588836625,1.5756762043633964e-05,2.950650954873271e-05,1
0.1442742052000513,0.8550439910029186,1.9598752883386776e-05,2.004206275508981e-07,0.0006332282883265057,1.1229532327734981e-05,1.7546802864717936e-05,1
0.8687384048394778,0.0361205537225992,1.3988362518810576e-05,1.6044260143335464e-07,1.298507389159588e-05,1.025761198756535e-05,0.09510364994692384,0
0.8409462385382569,0.04701581255813708,1.3540855081314033e-05,2.5874996864586527e-07,1.2587734338337976e-05,9.92945651910245e-06,0.1120016321076989,0
0.8470434617606837,0.04731804924582931,1.36390321255408e-05,1.883852808826308e-07,1.2094475623591018e-05,1.0001449364899088e-05,0.10560256565109225,0
0.9544095323584262,0.04339107297892668,6.0672804301802705e-06,7.965192204867787e-08,4.439862807196925e-06,4.382055513054704e-06,0.0021844258119745755,0
0.9549005770316862,0.042408832704483077,6.070402052120752e-06,7.969290304342996e-08,5.5900071060709864e-06,4.384310085064581e-06,0.0026744658516840913,0
0.744669863242348,0.2550862886781176,1.2100648559051906e-05,1.9845752293280816e-07,9.537945709958346e-06,1.0158411114648092e-05,0.00021185261662798254,0
0.24765340190150525,0.7522842154869166,2.3344207636444532e-05,1.683596534922241e-07,1.7038831300210074e-05,1.3671565152529457e-05,8.159647835415644e-06,1
0.41475766994857693,0.5299569023397208,2.9618590973892947e-05,3.453117821422807e-07,0.05522439847484982,2.614134273568294e-05,4.923991360626779e-06,1
0.4375846451092154,0.5476954421860206,2.4661425421757253e-05,2.2222847355348385e-07,0.014661626624635384,2.5041138358212124e-05,8.361287875031708e-06,1
0.44423360006617596,0.5547694370933635,2.032574760244187e-05,1.9448444918482762e-07,0.0009162229579835769,1.8562594376780415e-05,4.165705604855986e-05,1
0.525191411611093,0.47291046769783035,1.7670608805691893e-05,1.6249609295725474e-07,0.001833128055508641,1.3893090210186129e-05,3.3266440459124695e-05,1
0.19811366580204778,0.7581928814931755,0.0015159851834061135,3.7475431498655544e-07,0.03701966379461543,0.005124706511464551,3.272246097558694e-05,1
0.2241778332329535,0.7657808648393071,0.000659723849729528,2.2636386762823883e-07,0.008355911292515023,0.0009558671800080258,6.957324161923477e-05,0
0.3593810444550071,0.6356466197828161,0.0003411073280931275,2.579887418707732e-07,0.004348068220929195,0.0002395458259561619,4.335639845638985e-05,0
0.33853787137189106,0.6613373694171436,2.9047305699295865e-05,9.770171411917365e-08,2.480868006470136e-05,1.55806601417573e-05,5.522486334533729e-05,0
0.39438404045220016,0.6052320489103072,2.7276313410400555e-05,9.174491440397304e-08,1.8907737170589976e-05,1.614959359482782e-05,0.000321485248402251,0
0.25961406368581424,0.740283924167425,5.545316748273244e-05,2.346323867845362e-07,1.9037208096172846e-05,1.9153631730282216e-05,8.133507064859332e-06,0
0.22713034667850382,0.7727909910927454,4.0540049749460006e-05,1.909469975952033e-07,1.5492736439225774e-05,1.5948191130399993e-05,6.490304433982014e-06,0
0.19794562406762012,0.8019824643218859,3.7231719422567285e-05,1.7536448729052026e-07,1.4228428918016349e-05,1.4315444061935238e-05,5.960653604187583e-06,0
0.27910385700663004,0.7208484273867528,1.8514920526847828e-05,1.5077752297845566e-07,1.3929337216455951e-05,1.0442677601399167e-05,4.677893749559705e-06,1
0.21990745185803479,0.78003276268013,1.9622417375946507e-05,1.7710522052506643e-07,2.395341556124645e-05,1.068085227302972e-05,5.351671404266986e-06,1
0.27462948849148333,0.7252938143013969,2.0402538611230624e-05,1.6191632330355793e-07,1.07479068333306e-05,7.141671050346612e-06,3.824317430126441e-05,1
0.4313776222219585,0.5671171505466628,3.0097454835973264e-05,1.9376797565278988e-07,9.792171009587315e-06,1.172246175082157e-05,0.001453421375806555,0
0.5246654710508353,0.4738166204325999,3.304956644519369e-05,3.302726571984925e-07,1.2909647895061117e-05,1.1499948737582143e-05,0.0014601190808297211,1
0.45503618750087615,0.543551122027487,2.4381194585048797e-05,2.0916270143052724e-07,1.0993023088127645e-05,1.0106258622835229e-05,0.001367000832639458,1
0.9193448440797269,0.07988524071605103,1.0449367760352119e-05,1.6734692614331942e-07,4.941062048205706e-06,6.094796627125342e-06,0.0007482626308601374,1
0.9493451137017404,0.04943979888183877,1.0790353900872585e-05,1.0372465876022955e-07,4.950953363142867e-06,6.54899180718665e-06,0.0011926933926911544,0
0.9032211506914837,0.08250984563965949,1.7830568088717046e-05,1.7421005874785952e-07,1.1707780854527082e-05,8.479808511676313e-06,0.014230811301343217,0
0.8526857291372443,0.14076684418512445,2.5195336916941627e-05,2.2732744240073975e-07,1.4061322019991044e-05,1.0979527154213152e-05,0.006496963164097953,0
0.8211643883866993,0.1710852544317622,2.7884728162647142e-05,1.9674928422820183e-07,1.8176363910040882e-05,1.3904709685856381e-05,0.007690194630495621,0
0.969789986613105,0.017644138928632192,2.4801195746734748e-05,2.3064912084697048e-07,1.6758748870200146e-05,1.791845271799324e-05,0.012506165411807012,0
0.9668712244631674,0.012539607459625743,2.826110410215511e-05,2.4236509981035407e-07,1.7610020917086303e-05,1.8828632710570263e-05,0.0205242259543771,0
0.9734126038169093,0.008913155065384768,3.0010341707680955e-05,2.242795377612488e-07,1.9533445377287053e-05,1.742290630489559e-05,0.017607050144778518,0
0.979736654601841,0.0071077851852221876,3.39130405053318e-05,2.483731857034956e-07,2.0065402940452802e-05,1.9986139826319256e-05,0.013081347256479277,0
0.14136479905565072,0.0018851873027942458,8.32811932904434e-06,6.006092178854446e-08,4.109352167196061e-06,3.7912446590181215e-06,0.8567337248644781,6
0.11864404540097646,0.00120040194617349,7.328200373589912e-06,5.142411860745549e-08,2.775520051493545e-06,3.5432418863684707e-06,0.88014185426642,6
0.9391410955476569,0.04883045803725795,1.969476478110451e-05,7.049193855835506e-08,1.189060248496328e-05,8.515034978146345e-06,0.011988275520902487,0
0.9378105083491682,0.036367498003619395,1.1106616756603791e-05,5.72100624221842e-08,6.410857975904434e-06,6.9106580495521955e-06,0.02579750830436814,0
0.9392841926328702,0.059397093989941675,1.4393768170915042e-05,5.1179764142924584e-08,5.835873578251606e-06,6.142292242270378e-06,0.0012922902634324891,0
0.8873058699530233,0.11147249482027469,1.1862758357167535e-05,1.2848771341962208e-07,7.431611383924836e-06,6.996691289891318e-06,0.0011952156779578237,0
0.7821739219288992,0.21766584027930785,2.524710735022504e-05,1.5818846549449845e-07,1.1397743544056047e-05,9.940170551061575e-06,0.00011349458188244039,0
0.5198197526339943,0.4801242812371344,1.9872492179600697e-05,1.6105998528023321e-07,1.783267024432448e-05,1.2747082761350519e-05,5.352823700852578e-06,0
0.5331358591804959,0.46678136929092123,2.3430687034479937e-05,1.9442508756817466e-07,3.8833843346586426e-05,1.4305380589872364e-05,6.007192524344479e-06,0
0.862275488758536,0.1376637862288141,1.6880131264964014e-05,1.3790248869540088e-07,2.9705307777725707e-05,9.740869132762903e-06,4.260801985695558e-06,0
0.8768146077309354,0.12310032668209828,1.5778405164570382e-05,1.2890192058842738e-07,5.607046460162111e-05,9.105105725735482e-06,3.982709553677978e-06,0
0.8883574240596432,0.11155554076645287,1.5990447750144054e-05,1.306342057111568e-07,5.765039234068211e-05,9.227467278748572e-06,4.0362323287964125e-06,0
0.8920293767376188,0.10781876984204429,2.1829150265152525e-05,1.2625835760643003e-07,0.00011707860565498525,8.91837522293266e-06,3.901030836277273e-06,0
0.8795954808423512,0.12018440075215686,2.152487622557805e-05,1.2449845673844821e-07,0.0001858283129914905,8.794063006352493e-06,3.8466548117119215e-06,0
0.8788107178524618,0.12095558489754736,2.0046756114100395e-05,1.2721194000273352e-07,0.00019483106948101046,1.0068181271874341e-05,8.624031183931968e-06,0
0.8460709945080226,0.15357275748493324,1.8815055874024844e-05,1.5255925252070974e-07,0.00031523872807311343,1.1700483528997901e-05,1.0341180315690723e-05,0
0.6966773947685537,0.30201314720304023,3.483343963552639e-05,2.824420798482798e-07,0.0012463421688659936,1.7072878796037343e-05,1.0927099028711259e-05,0
0.8135945919184313,0.18324028884462168,0.00021802482137607895,1.5467382790648646e-07,0.0027381600650103243,0.00020472508103345745,4.054595699141544e-06,0
0.1848442184521118,0.7682113106139979,0.001480614374628957,2.502865410653232e-07,0.04509007100710901,0.0003659601657881751,7.575099822888124e-06,1
0.1562931314581645,0.8170341535970701,0.000265993099651605,1.6723578424187228e-07,0.026184014440175724,0.00021314041113297912,9.39975802101368e-06,1
0.12611325145914865,0.8506295592740473,0.00020758605904042928,1.6890231522048735e-07,0.02283456196260002,0.00020886986367612303,6.002479172562364e-06,1
0.15704237347059072,0.8362739927461932,9.303128166130776e-05,2.988062653871318e-07,0.006485923518651872,9.337051202346194e-05,1.1009664614060866e-05,1
0.20951619599609064,0.736538590392706,3.3726985203298414e-05,3.2598656922127986e-07,0.05385108703007327,2.2876791234588912e-05,3.719681812303891e-05,0
0.8658763481159816,0.029571718845455213,1.4006808451879043e-05,1.606541711208996e-07,1.2852615333857129e-05,1.0271138318750329e-05,0.10451464182228778,0
0.8443335017521675,0.037408806208117505,1.359539654686783e-05,2.5979219252443106e-07,1.2638436710875899e-05,9.969451564278871e-06,0.11822122896270058,0
0.8590871195112768,0.03521091911774362,1.3647227072325386e-05,1.884984712716278e-07,1.2101742531038005e-05,1.0007458687595865e-05,0.10566601644421746,0
0.9516358947325096,0.04550999622129295,6.0496481279896685e-06,7.942044325421858e-08,5.578904805940987e-06,4.369320692584261e-06,0.0028380317521274163,0
0.8761134993162498,0.11973324768347358,7.237686693424979e-06,9.23788162941468e-08,5.042141605086893e-06,5.009692473840875e-06,0.0041358711006879555,0
0.8749154671006045,0.12132293705923693,7.261242759782454e-06,9.267947610698823e-08,5.0800049005102925e-06,5.025997220556639e-06,0.0037441359158016073,0
0.8266681411930467,0.17102162367387624,1.0982496512530505e-05,1.401760079921428e-07,7.653022367900734e-06,7.601728625914308e-06,0.0022838577095626424,0
0.7751792650528331,0.22444879818107497,1.2670475068427408e-05,1.8009243717924865e-07,9.279737001106347e-06,9.915845036555967e-06,0.0003398906165486784,0
0.790818828030971,0.20901740819042527,1.052464981033132e-05,2.399826560639517e-07,1.2415090831589299e-05,1.1496184962145775e-05,0.00012908787034344164,0
0.09547276804151937,0.9043842262494864,1.2927257491597502e-05,1.2117615414453037e-07,0.00011051324711084693,8.414764925820035e-06,1.1029263311599166e-05,1
0.08708465720387178,0.9128420842901747,1.6051777123846176e-05,1.289312603561257e-07,3.241830367552135e-05,1.050460641958043e-05,1.4154887474186129e-05,1
0.12256238861809925,0.8773779730106434,1.6193252802942614e-05,1.3344656198077483e-07,1.6701674981109096e-05,1.1959391127798315e-05,1.465060578355796e-05,1
0.20540968999114867,0.7945233953898069,2.1783593016100267e-05,3.323858988349799e-07,1.9194879364154345e-05,1.3683554041175794e-05,1.1920206724338759e-05,1
0.12353459699903138,0.7248934424946379,2.389333445320743e-05,1.8335202741937335e-07,0.1515244917204908,1.4505837463153105e-05,8.886261895999082e-06,1
0.45678430314129687,0.5159701687189409,2.9189465734265242e-05,2.4807061415019676e-07,0.02717880393057077,2.7953081224070477e-05,9.333591618926877e-06,1
0.5111754761582717,0.48862393683135213,1.8940648298418504e-05,1.8123129459104972e-07,0.0001270162650863398,1.563053226100534e-05,3.881833343578911e-05,1
0.5022890866349196,0.49760261386426474,2.3892673313661395e-05,1.9119350601975227e-07,1.9877496360275283e-05,1.6591861934101517e-05,4.774627570167322e-05,1
0.47233356764197487,0.5275683601231541,1.9223021232049497e-05,1.7343011302506272e-07,1.5907144331345038e-05,1.95890733725671e-05,4.31795658220027e-05,1
0.5750032027541738,0.42399511236807996,1.713195073645175e-05,1.5754267948667715e-07,0.0009443504151054143,1.3469583288003153e-05,2.6575385937002668e-05,1
0.3043318135477855,0.6936686492269147,2.163977138145195e-05,1.9899587731473597e-07,0.001933801855650344,1.726894251706333e-05,2.6627659873446765e-05,1
0.0895190250153849,0.886710663762864,0.0004019928134546554,2.5678123529302896e-07,0.02279153494026792,0.0005130589155242539,6.34677712689971e-05,1
0.0744471961185279,0.9037718626053349,0.00038579809706947737,2.347244659857686e-07,0.02084833203660579,0.0004996210481801603,4.6955369815381714e-05,1
0.3934769746918019,0.6020334576830074,0.00035302266175416534,1.4177445828973186e-07,0.0038151615886552414,0.00030209333163693923,1.914826868603436e-05,0
0.6348292076642591,0.36463390303237236,2.0666097918861955e-05,6.115845707405628e-08,0.00048224698646046386,1.2014350100331411e-05,2.1900710431865067e-05,0
0.3325239657729787,0.6674146145610121,2.3572786800007915e-05,1.918600221420111e-07,1.7007908049022173e-05,1.4125772923201133e-05,6.5213382147646984e-06,0
0.2726858523195198,0.7272619694871314,1.9491440613155913e-05,1.677169194995763e-07,1.4437015553733065e-05,1.2381308127777993e-05,5.700712134733504e-06,0
0.242526208313747,0.7574161036294674,2.3144251226859774e-05,1.8396411361598717e-07,1.5292609675842335e-05,1.2814276146393199e-05,6.252955622934635e-06,0
0.6396424433030575,0.3603012414828671,2.0819977387644036e-05,2.058831095277212e-07,1.6783108266017843e-05,1.3395790031480781e-05,5.110455280745245e-06,0
0.1367018892860777,0.863250339357066,1.6818990966542925e-05,1.3557218473916502e-07,1.7255206731776134e-05,7.15815989509491e-06,6.403427077924999e-06,1
0.13583476475610334,0.8640945243760442,1.8518633782159774e-05,2.8789348456979414e-07,1.6676836871322936e-05,6.583984649080397e-06,2.864351906515477e-05,1
0.5463726167690202,0.4532830636461159,1.8543428082444457e-05,1.469299197818731e-07,7.113302342687214e-06,6.480663179145293e-06,0.0003120352613396964,0
0.44070662959241474,0.5580090249397041,3.0365731345751935e-05,1.8177390341843334e-07,1.0892175249702457e-05,1.1826951022145786e-05,0.0012310788363602678,0
0.41753870844228885,0.5811388118874655,3.084159794383612e-05,1.8462251351958e-07,1.1062868401228934e-05,1.2012293205560848e-05,0.0012683782881814116,1
0.9085695158997006,0.08458644753103475,1.5433097166768642e-05,3.059746681080642e-50,1.4520910115315629e-05,9.435143750020132e-06,0.006804647418232594,0
0.8847364461535715,0.10045610400592753,1.949954040521316e-05,2.6685073643348733e-07,9.965191091057629e-06,9.063789632113037e-06,0.014768654468636278,0
0.97223379711405,0.013626342931741565,8.251581571314108e-06,7.191491844358443e-08,4.156830750132614e-06,5.739579502526805e-06,0.014121640047466166,0
0.9623151496466981,0.021014142947623302,1.0071303362186622e-05,8.777431982616924e-08,4.824851132034449e-06,7.005329322840333e-06,0.01664871814754172,0
0.9684448857750771,0.018076578170767355,3.1695231345078e-05,2.3561935862763788e-07,1.7119881687379403e-05,1.8804944376577364e-05,0.01341068037738791,0
0.9690346358468555,0.018116651080258478,2.90909846844366e-05,2.3576284282142532e-07,1.7130307114373e-05,1.8816395949566978e-05,0.012783439622294696,0
0.9723781889806925,0.013643189856757498,2.5933438868283112e-05,2.4117889059021133e-07,1.752383206730925e-05,1.8736479600483718e-05,0.0139161862331234,0
0.9694093268204149,0.014729634008176678,2.799858882811288e-05,2.603846187138081e-07,1.8919302265984957e-05,2.0842897242935343e-05,0.015793017998452737,0
0.9702804400943746,0.007192456697495715,2.960083756234613e-05,2.440458065837554e-07,1.4487552607196383e-05,1.858054041680154e-05,0.02246419023173676,0
0.9539907161928557,0.006000452255715698,3.735625665032767e-05,2.988300963499719e-07,2.1640715548545057e-05,2.3919348327470853e-05,0.03992561640080592,0
0.969798411804872,0.003070123098443309,2.8853202679970737e-05,2.266121009871996e-07,2.0102228760759377e-05,1.857287879501791e-05,0.027063710174347694,0
0.12257587176385826,0.0010310726052541691,6.814609792058302e-06,4.5518177183597274e-08,3.1128280772915565e-06,2.9050628637205015e-06,0.8763801776119773,6
0.13153669183202527,0.001343292158842131,7.36920219904379e-06,5.3145381259988143e-08,3.6361927382015e-06,3.3516466910731395e-06,0.8671056058221231,6
0.9575490005412102,0.04089486138159765,2.1536227213694276e-05,1.1162624892057578e-07,9.719412851638643e-06,9.091840211965427e-06,0.0015156789706661019,0
0.9335836408737153,0.06222494299413557,2.4176305226020487e-05,1.2531026155888374e-07,1.0876363120627175e-05,9.145510127945031e-06,0.004147092643413165,0
0.8535319921485759,0.13130971975594669,2.860524169801514e-05,2.2408246081498565e-07,2.1350209574868755e-05,1.6209438620113625e-05,0.015091899123123547,0
0.8329471513336394,0.15556147154106004,4.399642213049526e-05,2.2347559552969176e-07,2.13138417591883e-05,1.618182756206041e-05,0.011409661558253474,0
0.9399242236887699,0.056331229051457585,1.8385728948743978e-05,8.169496918065624e-08,8.901799534783507e-06,9.616583193719974e-06,0.003707561453126102,0
0.9580393381622379,0.04014988199984647,1.3888642324565466e-05,5.5719024593964396e-08,5.966915799820001e-06,6.558869424332449e-06,0.0017843096913427799,0
0.9239676385329213,0.07434258286473865,1.76386018655155e-05,6.946382319798957e-08,7.739993019651806e-06,9.225801312175983e-06,0.0016551047423195833,0
0.8626437342388883,0.1368586268132086,2.436904733112136e-05,1.4209550356904266e-07,1.1059509005911185e-05,8.856793352406833e-06,0.0004532115027099887,0
0.46835979321879795,0.5315769211008531,2.2839246452179322e-05,2.03890095235185e-07,1.6430530773357913e-05,1.2811947533433858e-05,1.100006549465004e-05,1
0.18281043419666393,0.8171130298985482,2.9792990768670443e-05,2.3474180555441338e-07,2.0795604660026415e-05,1.7575267498713698e-05,8.13730005503439e-06,1
0.31655844336781824,0.6833867711032776,1.8245859521832037e-05,1.7329731374960207e-07,1.6379156072420436e-05,1.3979882801344362e-05,6.007333194789923e-06,1
0.8674661589537181,0.13248857272597478,1.69817451869531e-05,1.3873262517410706e-07,1.4061885022564188e-05,9.799506586502192e-06,4.286450885801213e-06,0
0.8723813957193295,0.12752575882586367,2.2116397389384077e-05,1.2791977592515138e-07,5.76130425825475e-05,9.035731034060813e-06,3.9523640249560855e-06,0
0.8779495001670656,0.121849264052077,1.637092029105411e-05,1.1920531541367524e-07,0.00016797984285528227,8.685518077970681e-06,8.08029431787011e-06,0
0.5743382397428693,0.42424455840761743,3.911128153575576e-05,3.1712836337942505e-07,0.0013441024430080868,2.140195711538161e-05,1.2269039490580045e-05,0
0.1448980889821706,0.8230635531739865,0.0009766936506858607,1.9096975360206993e-07,0.030723113211450215,0.00032838126491976574,9.978747033447071e-06,1
0.13474632015361873,0.8467203012013228,0.0002911962262043517,1.6321286389456616e-07,0.018030913548242322,0.00020193682099396454,9.168836753836234e-06,1
0.1090029162815365,0.884754019314034,9.8941039437829e-05,2.3332685932540555e-07,0.005963828405154857,0.00017081411547037323,9.247517507267616e-06,1
0.16066564245878565,0.8264334197114992,2.6207827831952942e-05,2.2033210914827602e-07,0.012834471276541424,1.4897316377412292e-05,2.5141076855503107e-05,0
0.1998829773770931,0.7530394371378539,2.721710991814988e-05,2.3476154462809424e-07,0.047009572596348075,1.1573930819446964e-05,2.8987086422645233e-05,0
0.9399281054207673,0.0220341906101343,1.480275229710006e-05,1.52032614063742e-07,1.719754134179079e-05,1.0414804989441032e-05,0.037995136837855915,0
0.961685432741151,0.03577891624159844,6.858357203591238e-06,8.727792163480081e-08,4.772974750991181e-06,4.710830318303601e-06,0.0025192215770560977,0
0.9448268486434317,0.05179598853748288,8.06503136991665e-06,9.614009338173293e-08,5.453296540887464e-06,5.122706436493731e-06,0.0033584256446448813,0
0.8596221841422029,0.1367013471373702,8.463795509361779e-06,1.0273805273145941e-07,5.672822587272643e-06,5.234984785184585e-06,0.0036569943794923974,0
0.808900920130044,0.18888374578458786,1.0773883661606783e-05,1.3751336051258424e-07,7.50765297829707e-06,7.45733356247939e-06,0.002189457701805238,0
0.7997357502953475,0.19834916808949082,1.2868928364855703e-05,1.6425363789227204e-07,9.285336761477127e-06,8.907455697741336e-06,0.00188385564069978,0
0.8503326137668095,0.1486134202527179,1.0847421966451145e-05,1.3845197278492445e-07,7.687198736882099e-06,7.675073750462855e-06,0.0010276178340462084,0
0.8424590091911933,0.15677031934191557,1.0746980903923452e-05,1.371699849265575e-07,7.012601790784661e-06,7.55254543445752e-06,0.00074522216877717,0
0.8393279411619625,0.16038380675839328,9.635530374245514e-06,1.3666018142313727e-07,7.165492511583316e-06,7.524475779683638e-06,0.00026378992079729714,0
0.7592734511875054,0.2405349979844374,1.3437231584934057e-05,2.115307057088402e-07,1.4764024104451655e-05,1.3196583560665455e-05,0.0001499414581013257,0
0.3387168051553138,0.657071612015969,2.2845119461276485e-05,1.9833767711923318e-07,0.004168871976115327,1.5132014669901021e-05,4.535380793645653e-06,1
0.2724414790419997,0.7148868015496314,2.653218899133402e-05,2.475203820509904e-07,0.012621157726634616,1.7357558410229274e-05,6.424413950671141e-06,1
0.17729366519998457,0.819706386333469,1.3727910246234623e-05,1.3409188888435105e-07,0.0029644783336847985,9.403297515792535e-06,1.2204833210758906e-05,1
0.13991008883657688,0.8599538638614148,1.3115431027727123e-05,1.2294003526431047e-07,0.00010306240659828962,8.556715344712016e-06,1.1189809001943563e-05,1
0.16986150872686,0.8300776190555017,2.039658052381891e-05,0.0,2.022455282973896e-05,1.2829994774282876e-05,7.421089510535185e-06,1
0.17119868439809469,0.8287330644863388,2.3744700353856433e-05,1.7528054341175722e-07,2.1567751019755468e-05,1.3174243674124748e-05,9.589139975468493e-06,1
0.4545975580433355,0.5401846852370674,2.2458829478897567e-05,2.596487925496167e-07,0.005153299256828286,2.766332140537371e-05,1.4075663091900005e-05,1
0.3231895258487658,0.6758869609235886,1.9352518604535828e-05,1.851722256302205e-07,0.0008656158893490916,1.63632523667265e-05,2.1996395099618283e-05,1
0.5317398813515469,0.46816345252765335,1.5175909516378946e-05,1.8233172136607032e-07,2.6528403250585248e-05,1.572544002098491e-05,3.9054036290369556e-05,1
0.5420206362324126,0.4578627494340898,2.3234441856521286e-05,2.1907933804093494e-07,1.3730909351772628e-05,2.0506300567603846e-05,5.892360238379079e-05,1
0.3998904474950861,0.5990976002687305,3.3625421546481055e-05,2.220131200051771e-07,0.0009294099570529958,1.6017040661444473e-05,3.267780380245728e-05,1
0.5305736241524578,0.46918676094949296,2.411130671500328e-05,2.562803246236154e-07,0.0001663371619452908,1.9241273964177036e-05,2.966887510012052e-05,1
0.1015194305154976,0.8931075392618152,4.2213015788706263e-05,1.6009699839349135e-07,0.005222934166084231,2.333920105190697e-05,8.438374276385771e-05,1
0.09960727779634361,0.8831228325316927,0.0011920295418415602,2.750534114143724e-07,0.013793039704988417,0.0022324071213092357,5.2138250412930634e-05,1
0.10905631334246965,0.8676257059988732,0.001832538871066037,2.9713804997383695e-07,0.01877406484112861,0.0026695586661307493,4.152114228170112e-05,1
0.45044535139744585,0.5443921954486155,0.00039796701712356704,1.9714131260226295e-07,0.004223711949414324,0.0005158237450825097,2.475330100565961e-05,0
0.3933575577158395,0.6015566794843912,0.00040631549829222863,1.9795033034537088e-07,0.004347222214240149,0.00030529167159317166,2.6735465313479148e-05,0
0.4541734377947103,0.5418439236018718,0.00048384074465953193,1.694942157487312e-07,0.0032483318074892106,0.00022181214063728616,2.848441641587692e-05,0
0.40430794184434954,0.5917219753091627,2.989853625023709e-05,2.05816694364245e-07,0.003888292453759615,1.7097435082858947e-05,3.458860470083215e-05,0
0.1920810176068771,0.8077273341161014,2.5168718487454777e-05,9.531485328163843e-51,1.5494094995615684e-05,8.843951880685854e-06,0.00014214151165767918,0
0.1257084879223536,0.8741156216727488,0.0001348658071360987,1.8049687284598714e-07,1.6125232021906597e-05,1.3547594702630432e-05,1.1171274164382454e-05,0
0.18332004717468203,0.8164931091972791,0.00014054241636994136,2.163693459433701e-07,1.933000749958747e-05,1.7662773782917834e-05,9.09206104062953e-06,0
0.18673115970635518,0.8131765968629181,4.661520480241077e-05,1.935438492928992e-07,1.7290822976882994e-05,1.6165084235469682e-05,1.1978774862907358e-05,0
0.1773817513579109,0.8225164508017072,6.130534611458611e-05,2.0767834210480684e-07,1.6272506405161426e-05,1.6953305285531004e-05,7.059004234579918e-06,0
0.38614943961919507,0.6137832768970605,2.659084744237125e-05,2.0837748518950808e-07,1.7937063259358934e-05,1.5464427390962857e-05,7.082768166559849e-06,0
0.3335507920458296,0.666387069679635,2.3848587804435727e-05,1.9410477950842864e-07,1.7206900139475162e-05,1.4291044106179664e-05,6.597637705576066e-06,0
0.2976779806826591,0.7022684901233679,1.9153604945950464e-05,1.7784099158591273e-07,1.5765156276284084e-05,1.2387761566841968e-05,6.044830192516223e-06,0
0.3087962232086628,0.6911415491001428,2.4731659145491685e-05,1.9362321074765563e-07,1.723404570637234e-05,1.3487093988618693e-05,6.581269143081366e-06,0
0.6558492842856449,0.3441004394183429,1.8058563262322288e-05,2.468573298083162e-07,1.6295391929217774e-05,1.2501036026894947e-05,3.174447463972421e-06,0
0.729843289482447,0.2701061556335248,1.4955812288384196e-05,1.9371692856359644e-07,1.7701020999599404e-05,1.2895868936580104e-05,4.8084648751348124e-06,0
0.16851035580121013,0.8314279926923209,1.6198985694969944e-05,1.305745324195844e-07,1.5339791751071277e-05,6.894285749579903e-06,2.3087868740763257e-05,1
0.24922448727037458,0.7506920827720828,2.3445027303719097e-05,1.7106431527841862e-07,1.0532868460103e-05,9.918821481355007e-06,3.9362175982436984e-05,1
0.29369123663564023,0.7062383837099421,2.0279887287546344e-05,1.4797018522632752e-07,7.1636646013343285e-06,6.526546345571992e-06,3.626158599829026e-05,0
0.34559509923943715,0.6533610828156207,1.4241594324441972e-05,1.9238514016588872e-07,7.319873266649501e-06,5.903288903349068e-06,0.0010161608033076033,1
0.7746585829996651,0.22178305441501797,1.7813907584001934e-05,2.8237291048380963e-07,8.98817709388661e-06,9.241839562495283e-06,0.0035220362881660423,1
0.7786681765073458,0.21778004645589974,2.992641485286969e-05,3.7432471722948377e-07,1.1908840761682898e-05,1.2528287634054395e-05,0.003497039168788545,0
0.8852643486059643,0.09548599918996435,1.8920136995484816e-05,2.496549017184251e-07,9.318150386460488e-06,8.475277000865517e-06,0.019212688984787025,0
0.9501839024944767,0.016321246183642377,8.72075109813132e-06,7.477581858229857e-08,4.322196684309335e-06,5.967909926176271e-06,0.03347576568835364,0
0.9739399569671777,0.009663141422759298,9.08227424900919e-06,7.91546452343613e-08,4.351037757069929e-06,6.317387117296405e-06,0.016377071756294163,0
0.9694486791576934,0.017501547783654068,3.068698072497564e-05,2.2812411866999267e-07,1.6575284579396472e-05,1.8206744078802314e-05,0.012984075925150785,0
0.9465437560552107,0.010983810158885205,2.696534142875723e-05,2.2704658156784967e-07,2.0140770515530137e-05,1.860924902254827e-05,0.042406491378355414,0
0.9775368749717837,0.006116881602291759,3.1711394716486e-05,1.2076840586672384e-07,1.4066795915822804e-05,2.0598119839477848e-05,0.01627974634704706,0
0.9751920095672376,0.0032372457932886207,4.2397367468859385e-05,2.633616555227691e-07,1.6267118492551232e-05,1.795825644611135e-05,0.02149385853541086,0
0.9849586036924477,0.002799635356025516,4.5202250813736945e-05,2.3697404900731633e-07,2.1038205944418007e-05,1.9265010585143394e-05,0.012156018510134403,0
0.07053769901086246,0.0009535684930391176,4.319516137730964e-06,3.1298322934890695e-08,2.350105082703887e-06,1.975653988143767e-06,0.9285000559225668,6
0.1253650674651965,0.0012912764371596948,7.299875171302195e-06,5.1225352404600034e-08,3.5048248786513697e-06,3.626029070279928e-06,0.8733291741431711,6
0.9447280843061758,0.05103046548016205,2.446490439828654e-05,1.2680612444712252e-07,1.100619724393646e-05,9.254682585365658e-06,0.00419659762331024,0
0.8205522719330521,0.17046457445242919,4.179973863326911e-05,2.1640877091333345e-07,2.024966967001184e-05,1.537389019262829e-05,0.00890551390725185,0
0.7848010174970481,0.1905890180223903,2.841649620407214e-05,2.2242455303581462e-07,1.676695146973297e-05,1.6171754918439662e-05,0.024548386853416333,0
0.936709105330783,0.04607459177242426,1.3649687717327634e-05,7.030939335215e-08,8.931330939279095e-06,8.49298453028354e-06,0.017185158584212393,0
0.9409056563626816,0.052651810300068644,1.3670831081835158e-05,1.9249359578532434e-08,8.945165569748097e-06,9.352569993379838e-06,0.006410545521245019,0
0.9387975995498741,0.05905647670610687,1.5578579495897705e-05,7.04661557458623e-08,8.129473487081306e-06,9.35892558477821e-06,0.002112786299295454,0
0.9290990910146237,0.0690432984922244,1.7150674488194002e-05,1.218909130600506e-07,8.79384266662597e-06,9.890310351234807e-06,0.0018216537747325974,0
0.8981974090688809,0.10022775019639149,2.6128292720721243e-05,7.810567260658122e-08,1.2277453029898744e-05,9.573524205214353e-06,0.0015267833590992092,0
0.6679554315293006,0.33154957717221367,3.511007421926117e-05,1.0775682864062301e-07,1.664693997831865e-05,1.3207908886008536e-05,0.0004299186185733016,0
0.6137635417777748,0.3861541204186238,2.9833479361245465e-05,2.0520042087057726e-07,1.5055520733525264e-05,1.1783647056165857e-05,2.545995602975327e-05,0
0.5148882809377433,0.4850535822285379,1.9781409415317718e-05,2.008093119040839e-07,1.7487101989400643e-05,1.3706479278542186e-05,6.9610337236234065e-06,1
0.20132713514975925,0.7985905464112969,3.1939515214670664e-05,2.336561856302691e-07,1.9992101189360992e-05,1.7547191835317264e-05,1.2605974518763807e-05,1
0.18072668945539597,0.8191972121985142,2.8114972399992062e-05,2.2556590348125097e-07,2.1593999888194355e-05,1.8344589525503293e-05,7.819218372614908e-06,1
0.18204257138615063,0.8178889015682855,2.4417840222255755e-05,2.0884038001905015e-07,2.013451095526727e-05,1.666327922018513e-05,7.102574786170317e-06,1
0.8862495979358943,0.1136972209923422,1.590710183959468e-05,1.2995331002930873e-07,2.3949450475268735e-05,9.179371585968182e-06,4.015194552751066e-06,0
0.8977405107201004,0.10218884503137791,1.5779372874129318e-05,1.0013214227376151e-07,4.043507113146562e-05,7.542247018982609e-06,6.787425354675224e-06,0
0.8682117008198209,0.131572188169401,1.7573163778009908e-05,1.2795948509495554e-07,0.00018031590389657744,9.420290698287754e-06,8.673692920003293e-06,0
0.829992201182509,0.16974059314160303,2.0706693648294935e-05,1.678973331947615e-07,0.0002161269891599794,1.2491402184654246e-05,1.7712693561843325e-05,0
0.639879321288072,0.3592554643875265,3.5518739345624546e-05,2.879987368268848e-07,0.0007819765943304535,2.120636649799854e-05,2.6224625490537262e-05,0
0.5182129235244051,0.4801172425079195,4.191649502472853e-05,3.3987404513046996e-07,0.0015889256388851478,2.293698886154413e-05,1.5714970858794043e-05,0
0.5129876843069382,0.48381171017984687,4.307573637978681e-05,3.492735917384043e-07,0.003111228813255164,2.128462254799822e-05,2.4667067440197364e-05,0
0.6019258429753622,0.3930827856557302,0.0003226238081267921,3.1534310605627153e-07,0.0044534660234346775,0.0001926954304380413,2.2270763802026278e-05,0
0.7459674768873463,0.25046059843408586,0.00028260159839710135,1.9893758545367999e-07,0.0029922993519753685,0.0002912152977273482,5.609492882523343e-06,0
0.23496010124164618,0.7383714047355896,0.0015352325022300849,2.845414394917342e-07,0.024590239056266106,0.0005298602671864658,1.2877655642215467e-05,0
0.11790443836189235,0.8548573159898647,0.0009267309805789451,1.6999495869381052e-07,0.02603581339095475,0.0002666485311695547,8.882750581024116e-06,1
0.12881063769527848,0.8529783097585963,0.00029812788604362034,1.6441915066654997e-07,0.017583525764573366,0.00032129078839724615,7.94368796044063e-06,1
0.1262225297668078,0.866241549987833,0.00022729050357927978,2.493259466600339e-07,0.006896458249300468,0.0004038428973687074,8.079269164092734e-06,1
0.2998445804052892,0.6944719941533936,0.0003181389693472904,3.183292757448355e-07,0.005030639736457786,0.0003207357425199106,1.3592663716414092e-05,1
0.8698447560757135,0.023532395671471196,1.4243418754499716e-05,2.4182928194981105e-07,1.6764372077127986e-05,1.0444643736077021e-05,0.1065811539889658,0
0.9510718626730206,0.045986643346492266,8.549288077159216e-06,1.0237519541394215e-07,6.005894878986946e-06,5.6484923451098135e-06,0.0029211879299904197,0
0.8439065416632947,0.1540197371525249,9.336116473348415e-06,1.1916229938161143e-07,6.504014790108447e-06,6.071877046968095e-06,0.0020516900135707115,0
0.12604697763828648,0.8718758450002279,1.221091400390565e-05,3.1209188620105415e-137,0.0020468919951000517,7.656358217930398e-06,1.0418094163584742e-05,1
0.07370891808321654,0.9262149061794104,1.1096752819835516e-05,9.670092771789174e-08,4.828155586207267e-05,7.233212411968645e-06,9.467515351438401e-06,1
0.1842718010590533,0.8156442088961416,2.7277134675656372e-05,1.8450274456179158e-07,2.1889093248756163e-05,1.5219313967346644e-05,1.942000016886471e-05,1
0.1447387801589784,0.8551924453208939,3.18653887965448e-05,2.2357975343878488e-07,5.526454420523902e-238,1.6231937584283125e-05,2.045361399324535e-05,1
0.3662536623819759,0.6334477107883507,2.587588509315009e-05,2.155915270450092e-07,0.00023297796200448032,1.957211923406766e-05,1.9985271814646375e-05,1
0.5440499385695922,0.45586476997813635,1.937474525765866e-05,1.8538489866318176e-07,1.5879155296462804e-05,1.6425829497983518e-05,3.342633732063808e-05,1
0.6394332782927024,0.3604499386503024,3.0508440199636403e-05,1.9442819551716895e-07,1.2368952502175631e-05,1.4372815458031884e-05,5.9338420639844645e-05,1
0.6734956403148424,0.3264378785961249,1.604141688657521e-05,1.4472567605983304e-07,9.232529505176134e-06,1.617868648375467e-05,2.4883730480851337e-05,1
0.5573983423292572,0.4425212288220035,1.700095290261815e-05,7.725131776584331e-08,3.905036143720968e-05,1.280007854876966e-05,1.150020453277879e-05,1
0.29135297775310426,0.7085469373505175,3.352301016817729e-05,1.2329037719359444e-07,1.8697312517460108e-81,1.7999974856637538e-05,4.8438620975939126e-05,1
0.04979800398082724,0.9237493611583204,0.0001524491089940826,2.675072171262569e-07,0.026098024106152588,0.00013577526165552077,6.611887683303833e-05,1
0.4542732858430431,0.5233200143296184,0.0015251737734308698,3.4611386772399667e-07,0.019425982125493485,0.001419419530142519,3.577828440403391e-05,0
0.5481786146394731,0.4505499857596988,2.047354196468711e-05,1.4093655601839493e-07,0.0012189624370762893,1.1707765615269894e-05,2.0114919615914263e-05,0
0.1487836983350993,0.8510456627725923,2.240960529504648e-05,8.486599116524208e-51,1.379555949297819e-05,7.874436316387762e-06,0.00012655929120418082,0
0.15755951240104848,0.8421781236126045,2.7012843751864172e-05,2.870268639421508e-07,2.2016985977297895e-05,1.1609158763890657e-05,0.00020143797099013067,0
0.1935289863828098,0.8063357170345486,9.069820428631014e-05,1.945132134642598e-07,1.6119047553875415e-05,1.6246047043340557e-05,1.2038770544564614e-05,0
0.3529919101771248,0.6468340188258761,0.0001195256786772835,2.5489473005368223e-07,2.2771788776551398e-05,2.08076977622072e-05,1.0710937052929045e-05,0
0.2445090101884083,0.7553862363878019,5.286802588271002e-05,2.4246470458338974e-07,2.1661314996112542e-05,1.9793003527030534e-05,1.0188614679490534e-05,0
0.5649075750785869,0.43504098253238394,1.7726484069743168e-05,1.8608603997900965e-07,1.435880988617674e-05,1.2845928955618448e-05,6.325080077657427e-06,0
0.5520090166794007,0.4479358109488388,1.8581266938413712e-05,1.8810229033455874e-07,1.619178136204498e-05,1.3817608573718993e-05,6.393612596039202e-06,0
0.3582661299892809,0.6416778315248868,2.1783920915532025e-05,1.8053818239790926e-07,1.536188065705444e-05,1.2575638143447473e-05,6.136507934019692e-06,0
0.7307352223851933,0.2692174810119419,1.461720443704609e-05,1.6835674513688858e-07,1.529478514680304e-05,1.1895602460475957e-05,5.320654075454847e-06,0
0.7657671005309853,0.23418904510208777,1.3942267787125646e-05,1.8348104835077735e-07,1.3918835209480998e-05,1.0792542196983689e-05,5.017240684835527e-06,0
0.12921030776565173,0.8707383905182419,1.6205215349959492e-05,2.7501798481321926e-07,1.8149239514598806e-05,8.466332252775685e-06,8.205911004039785e-06,1
0.11284220169750046,0.8871095407158022,1.6178412826882718e-05,2.515120552806089e-07,1.6598014617832995e-05,7.725099654618787e-06,7.504547542508961e-06,1
0.16561815336880636,0.8343129435811717,1.642584884520457e-05,1.324031993696591e-07,1.236862733389034e-05,6.990838670436736e-06,3.2985331972970994e-05,1
0.4766690740007865,0.5221989160491083,2.5778845081269394e-05,1.8117145574180891e-07,1.085607564712384e-05,1.178775332087598e-05,0.001083406104600062,1
0.681747603946501,0.3176912394817423,1.4952128178126982e-05,1.0665804205141323e-07,5.931414561219875e-06,7.726246568127862e-06,0.0005324401244069569,1
0.3708206879204354,0.6278491393317243,1.9375109890505045e-05,2.1886854748629127e-07,9.509608271796933e-06,8.561795985113173e-06,0.001292507365145383,1
0.3841319921210009,0.6147586657361637,1.4822080490727967e-05,3.241380438190485e-07,8.739185788847147e-06,5.899753736367997e-06,0.0010795569847756442,1
0.41513860311862355,0.5824811181405092,1.765874564948958e-05,2.631783831044969e-07,7.81369736712221e-06,8.613618030147894e-06,0.0023459295014373583,1
0.35801624568715457,0.6398005806494237,1.476025212978381e-05,2.568978875130755e-07,8.022460752857358e-06,8.408062431597643e-06,0.002151725990219943,1
0.5529123284136934,0.4455925937212957,1.5655065702931755e-05,2.482826302070414e-07,7.898912818024741e-06,8.121834296297313e-06,0.0014631537695633126,1
0.8695040731078153,0.11363109144695582,1.8873590652591473e-05,2.584499002643351e-07,9.295226354614236e-06,8.454426562547207e-06,0.01682795375175881,1
0.95172089661485,0.03674183540219413,1.1119972845886553e-05,7.846039184258369e-08,4.7010726267016704e-06,6.03073018154524e-06,0.011515337746910078,0
0.9541124372109975,0.027967360493864567,1.458736793678228e-05,1.4098105033201323e-07,7.22982144768137e-06,9.178561976143856e-06,0.017889065562726975,0
0.9767005368406869,0.00836668851792691,1.0739406375318978e-05,7.983573347815851e-08,4.3884763768234925e-06,6.371745242260091e-06,0.01491119517765843,0
0.9623898444654083,0.012424602770381108,2.864918530018341e-05,2.3218235629207073e-07,1.6870152320119956e-05,1.8530634837161928e-05,0.025121270609397024,0
0.9715212453659877,0.01020929396929742,2.5300019111365365e-05,2.050396194503173e-07,1.4897986509513315e-05,1.6364354190655752e-05,0.01821269326528385,0
0.9554982958057874,0.011292111648559389,2.9751043126679928e-05,2.4111217205381884e-07,1.8886650658516336e-05,1.924332962451231e-05,0.03314147041007121,0
0.9833175243834117,0.005842705343950746,3.685998883748807e-05,2.699561205997689e-07,1.5947970186782066e-05,2.1609063198724434e-05,0.01076508329429384,0
0.9825152676222153,0.0041175135874569595,2.9173193710435987e-05,1.21383454321227e-07,1.475777939982704e-05,2.0703021793610805e-05,0.01330246341196948,0
0.981498935580952,0.002805477905690504,3.536193343549052e-05,2.5898462447290395e-07,1.8114289734302762e-05,2.072998509819342e-05,0.015621121320465106,0
0.6698939715062516,0.0029097223271886234,6.24802357634463e-05,2.766476504833386e-07,2.517990093051817e-05,2.249031038310875e-05,0.327085879071832,0
0.6679483500235679,0.002945350880580366,5.7903544278461843e-05,2.8003510621883826e-07,2.781647910030198e-05,2.225170387552275e-05,0.32899804733349125,0
0.7944645936786949,0.0026090266752187815,6.337218831524938e-05,3.3763451373082924e-07,2.386092652450445e-05,2.384552574642532e-05,0.2028149633709863,0
0.7046025244245829,0.0028531687844899414,5.631691973540173e-05,2.590677632424012e-07,2.1162011747341362e-05,2.1148352954741922e-05,0.2924454204387264,0
0.0641533932883352,0.0008574887099244572,3.7171239180947018e-06,2.9425114981804605e-08,1.905295420158879e-06,1.7267598803587336e-06,0.9349817393974068,6
0.09103371792814287,0.0009776066393607098,5.36307827687053e-06,3.867757079435661e-08,2.6463090247806286e-06,2.4392251800299034e-06,0.907978188142444,6
0.9412681869486078,0.054300435595011236,2.542788694032902e-05,7.331616419545554e-08,1.2038999195947066e-05,9.656036125538713e-06,0.004384181217955196,0
0.849540299915753,0.13586018442849393,3.636944588830644e-05,2.230344998403825e-07,2.1250361570912145e-05,1.6133632334194042e-05,0.014525539181459669,0
0.8458236646925349,0.13870334518915903,2.556751894615023e-05,2.5322393504871606e-07,1.5719182178424e-05,1.5847375710356245e-05,0.015415602817536284,0
0.9063746273586315,0.04458250775056251,1.3207654914367098e-05,6.93433626202879e-08,8.200913061753413e-06,8.217946900473449e-06,0.049013169032566875,0
0.8872941057788705,0.048524967366219585,1.296652042352205e-05,6.679040603315637e-08,8.48431754862667e-06,8.067910391003346e-06,0.06415134131614093,0
0.8858227786496876,0.04957703480928048,1.324764691835136e-05,7.699265832015831e-08,9.237464935996342e-06,8.242830361414627e-06,0.06456938160615759,0
0.9420935529732328,0.05578883763798099,1.3274671346091095e-05,1.2339853783572817e-07,8.902610537378436e-06,1.0012640035624944e-05,0.002085296068329273,0
0.5927674532860665,0.407149478696798,2.88986425328715e-05,2.1635725211282698e-07,1.4684464253600341e-05,1.2424328790960124e-05,2.6844224305880303e-05,1
0.3531167468695117,0.6468047002794496,3.506438140371993e-05,2.1076752687272743e-07,1.800732261172553e-05,1.411423084220827e-05,1.1156148654040754e-05,1
0.20132713442508635,0.7985905435367865,2.9655205812305122e-05,2.3815835966066687e-07,2.236850317509936e-05,1.7454196306905894e-05,1.2605974473388859e-05,1
0.2893932901339821,0.7105457391871216,1.999479311753596e-05,1.935677349825595e-07,1.8879252948020717e-05,1.5319906638863178e-05,6.583158457084857e-06,1
0.3100456869817256,0.6898945741707424,2.1321610271020524e-05,1.806454460505174e-07,1.7935673057031526e-05,1.4297172865504013e-05,6.003745892487488e-06,1
0.6554568068461241,0.34447459953535886,2.2503230499381553e-05,2.2696768267525658e-07,2.3429674237822206e-05,1.6032071032376268e-05,6.401675064702582e-06,0
0.8506709880895699,0.1492739584070408,2.3710787314799122e-05,1.4833406354715067e-07,1.3850586469347428e-05,9.845318960563873e-06,7.498476581046001e-06,0
0.8264774903002079,0.17339056051842403,2.246112910705829e-05,1.660648799244073e-07,6.986199483740739e-05,1.2965684083091608e-05,2.649430846059786e-05,0
0.20202532122548147,0.77739875969297,0.001374062491898321,2.9205310924085374e-07,0.018430280027441095,0.0007560238511032868,1.52606579967571e-05,1
0.18023652716840027,0.8114016303975033,0.0002622723875284345,2.7247540028974705e-07,0.00771021615335448,0.0003798382030875207,9.24321472553875e-06,1
0.3371447045092809,0.6565399924823178,0.0003126470511711399,3.128340723780468e-07,0.005555264612614245,0.00043372049207367045,1.3358018469779794e-05,1
0.9180167687969,0.02080964875447149,1.6585222215318986e-05,2.837899328020152e-07,1.9296081153970916e-05,1.1843926340898303e-05,0.061125573428985676,0
0.9235142339063251,0.025932831201668224,1.6448505787168806e-05,2.2009855573208787e-07,1.9359739110512186e-05,1.1746293684333362e-05,0.05050516025486894,0
0.9452117322790562,0.04642532153392225,1.0439578668209561e-05,1.619795673497998e-07,7.373797378944706e-06,6.995922329388011e-06,0.008337974909077651,0
0.9356051961325783,0.05716190974723069,9.689006262873392e-06,1.2725350786128319e-07,7.826196228888422e-06,7.02113888170355e-06,0.007208230525309437,0
0.8947214478061294,0.10198221433455859,9.03288207566318e-06,1.1650434498522928e-07,5.976574201541542e-06,6.697471641986065e-06,0.003274514427047934,0
0.9311170503043219,0.06691979238764541,7.197994758275094e-06,8.772764114613049e-08,3.856621758571885e-06,4.863678654771082e-06,0.0019471512852197467,0
0.7900866199340907,0.20009535825549588,1.3879549875849137e-05,1.93647203843384e-07,1.2175397903098485e-05,1.2723417531341483e-05,0.009779049797899252,0
0.7593611725518814,0.2288411145913831,1.5194039719984413e-05,2.119869400073241e-07,1.317515740539493e-05,1.4161170729689247e-05,0.011754970501940423,0
0.7472932792943983,0.2382777946754035,1.5820593616461495e-05,2.2072860751061133e-07,1.3718459013208392e-05,1.5063409535097291e-05,0.014384102839426031,0
0.7088395851598706,0.2735453874536672,1.5523584151781566e-05,2.1658473736606387e-07,1.634563805943636e-05,1.3413403096164332e-05,0.017569528176417548,0
0.6967048667480937,0.2849459628080238,1.6170561944167342e-05,2.2561135865889636e-07,1.7026876665381455e-05,1.3972434685691995e-05,0.018301774959228558,0
0.5776564205393424,0.40022896564089394,2.0375672188072782e-05,2.8428097315427576e-07,2.1207847725434214e-05,1.7605927970091806e-05,0.02205514009090684,0
0.7140905075086855,0.27796966160794984,1.3569141940563361e-05,1.8931639850340088e-07,1.5885605762164006e-05,1.2478257439884653e-05,0.007897708561823485,0
0.7559547739745022,0.23870928967499896,1.3096976716636897e-05,1.8272875868919176e-07,1.2806572456507635e-05,1.2044051707191829e-05,0.0052978060208599504,0
0.7637010655584299,0.23601787101046556,1.1751034196407741e-05,2.273907588148454e-07,9.012498938952084e-06,9.644499083926973e-06,0.00025042800812651825,0
0.7456581830700971,0.25420868672725133,1.1448702582102827e-05,2.220185196950413e-07,8.799573402226752e-06,9.41664217567075e-06,0.00010324326597189227,0
0.16684743542823655,0.8302173191934237,1.6389648578522515e-05,4.365070465181074e-137,0.00289918709454767,1.0708558794894627e-05,8.960076418713284e-06,1
0.0874483960437379,0.9124648493870566,1.2503899169573314e-05,1.1179396964882958e-07,5.48315054262826e-05,8.362169297963702e-06,1.0945201342186358e-05,1
0.12261906285841376,0.8772837647274798,3.528038755322988e-05,1.9748094884131306e-07,2.317141347676541e-05,1.772620302851691e-05,2.0796929099098996e-05,1
0.23888120572252175,0.7559629218572117,1.5246118641349865e-05,1.833138150870922e-07,0.005117275274455724,1.6302022738636167e-05,6.865690615765486e-06,1
0.6364641014030176,0.3634552842791156,3.076281229840611e-05,1.9604929144439696e-07,1.082029290845868e-05,1.4492652565709805e-05,2.4342510802886776e-05,1
0.6858738646551298,0.31407585629599255,1.5894550499503052e-05,1.3965605461821015e-07,1.2182183485782188e-05,1.181745582487626e-05,1.0245203012908473e-05,1
0.08634278432381036,0.9002121595377391,0.0006041082407073509,2.605546688833287e-07,0.0120566000462464,0.0007196531338362712,6.443416299140259e-05,1
0.07054516674549807,0.9120664762660781,0.0012858188329059157,2.4368327924911033e-07,0.01421347679970604,0.001852189707460247,3.662796507241394e-05,1
0.15096111534877163,0.8144988067186797,0.0011696227520267995,2.6654248568690366e-07,0.030954886577417427,0.00239468086507318,2.0621195545614313e-05,1
0.25854840919449745,0.7411635877943755,3.8443188348917454e-05,1.8628561302304957e-07,4.98014286563074e-05,1.646142340941148e-05,0.0001831106850992165,0
0.44369992283179466,0.55623662019429,1.925235310877562e-05,2.0807065630074718e-07,1.3149724880977287e-05,1.319195507858418e-05,1.7654870190638172e-05,0
0.5120903648612927,0.48786217494131845,1.547670458275327e-05,1.8872418488092022e-07,1.1492053653685418e-05,1.1965363177366854e-05,8.337351790268843e-06,0
0.5458744307321083,0.45407125713026864,1.8291552365237437e-05,1.851694453924792e-07,1.5939323064028143e-05,1.3602167797612605e-05,6.293924950925693e-06,0
0.6342347739264602,0.3657180451265448,1.4411616800661073e-05,2.0463745666306244e-07,1.3915567229212309e-05,1.2519294571852464e-05,6.129830936443248e-06,0
0.42310810136895466,0.5768332058393788,2.3266018230817938e-05,1.8936321830729256e-07,1.4611684204874804e-05,1.418925436904648e-05,6.4364716433949264e-06,0
0.33342802261460547,0.6665049544692213,2.6882420032953464e-05,2.1046143523275807e-07,1.8116448972364946e-05,1.4659983929628967e-05,7.1536018029942676e-06,0
0.3326862372108245,0.667245821671138,2.7250704339251824e-05,2.1334471893944225e-07,1.8364641056046336e-05,1.48608230655866e-05,7.251604857567513e-06,0
0.645403573171731,0.35454750773922,1.7120924614239816e-05,1.693511491442854e-07,1.4577689487343541e-05,1.1796389785965856e-05,5.2547340122957305e-06,0
0.6599373249123265,0.34000614857144135,1.8366995146770303e-05,2.0353887773782828e-07,1.7520557570805036e-05,1.4119892270600536e-05,6.315532366197467e-06,0
0.7172226545735816,0.2827296333900824,1.6698474832223008e-05,1.6517249888723114e-07,1.4217992690295851e-05,1.1505320091661975e-05,5.125076222890809e-06,0
0.6706662223158345,0.32927674859771944,2.0839176945809105e-05,1.9563815507197318e-07,1.7143240976374463e-05,1.3627447737422718e-05,5.223582631230864e-06,0
0.7130188283074568,0.28692947155588894,1.5383368963700807e-05,1.9925490699847725e-07,1.82070576856961e-05,1.296452585652462e-05,4.945929241211813e-06,0
0.7425536887997036,0.25739487589060317,1.5216271415759467e-05,1.9709055623413624e-07,1.800928860782472e-05,1.3120453646872052e-05,4.892205466501085e-06,0
0.3237707294690283,0.6761666747355286,2.0120290941218607e-05,1.769640485508807e-07,2.456117821237326e-05,1.2249904522923773e-05,5.487457718010025e-06,1
0.16252236468910752,0.8374330573588308,1.5852263437714483e-05,1.2777972183865716e-07,1.5011459636832097e-05,6.7467208117331616e-06,6.839728453580013e-06,1
0.34605748393131064,0.6535474238210492,1.703325638766114e-05,1.5006732496648153e-07,9.367080340585347e-06,6.619045247876675e-06,0.00036192279833898296,1
0.8275321899512055,0.1718449613755407,1.3039966684399822e-05,1.1099926858452867e-07,6.172836715394256e-06,8.040722494723057e-06,0.0005954841480907474,1
0.7983415893179188,0.20094679357381473,1.4311735834544171e-05,1.0985371731562634e-07,6.120594412338673e-06,7.395335203008622e-06,0.0006836795890993868,1
0.4138830408941093,0.5842802218338797,1.7145490037074974e-05,2.2738803724543492e-07,9.278991621869673e-06,8.895065127951604e-06,0.0018011903371869136,1
0.8415388764312611,0.1424436407330566,2.5856238627411906e-05,2.8585990770954587e-07,8.39276613248159e-06,9.704363441711067e-06,0.015973243607572817,0
0.9109451551675951,0.07539164384723944,2.233292206564224e-05,1.3426325342418135e-07,8.040370232666533e-06,9.124742587187809e-06,0.013623568687026492,0
0.9621511414165795,0.010838338554463955,2.1445760508802803e-05,1.5423336053505773e-07,9.139886213295697e-06,1.1317975360398664e-05,0.026968462173513418,0
0.9690986136770441,0.01689258299190947,4.441787368094082e-05,2.726198598623647e-07,2.1343502763174113e-05,1.999494921638125e-05,0.013922774385526157,0
0.948506662551027,0.013502738148492222,4.311156664575232e-05,2.883140571916206e-07,2.258403975101759e-05,2.067858498102044e-05,0.03790393679504557,0
0.369339875186123,0.003319543418078118,2.4750850365062097e-05,1.5796681366782538e-07,1.2931220012791555e-05,1.271182263326237e-05,0.6272900295359741,0
0.4931641251669211,0.004411698731245065,3.304877779923458e-05,2.109264953551003e-07,1.452703891909878e-05,1.7437550781050064e-05,0.5023589518078391,0
0.561841172876941,0.002503345674236748,3.985515490555761e-05,2.6349231460632256e-07,1.70084160148566e-05,1.7967165903051113e-05,0.43558038721968423,0
0.7543089701624972,0.0035458764646358267,7.142241714204827e-05,3.162415066581484e-07,3.1412937396963515e-05,2.5128679237120925e-05,0.24201687309758427,0
0.7676623434187975,0.0034524720223384356,7.117535374845824e-05,3.0791116524459786e-07,3.058546697385404e-05,2.3110958131157554e-05,0.22876000486884546,0
0.0979526471258736,0.0009166476144478245,6.710942840565095e-06,4.1938988356134856e-08,2.8694543400125486e-06,2.6449085173206157e-06,0.9011184380149924,6
0.9457052038342246,0.048800756098746075,2.350056283066549e-05,1.2180776374059742e-07,1.1083323752206995e-05,8.889524187224855e-06,0.0054504448484952485,0
0.9386296455124682,0.034773033278277146,1.3677673752244337e-05,1.2959463589461353e-07,8.591598261305907e-06,8.59887372916375e-06,0.026566323468876173,0
0.9472878146637408,0.03894789539409979,1.3803840247740223e-05,7.247347890732227e-08,8.57109717993226e-06,8.58889991554442e-06,0.013733253631337278,0
0.9478673618383565,0.048427490938129335,1.3647736139060025e-05,7.165389481878323e-08,8.231121389556282e-06,8.491770237005943e-06,0.003674704941853891,0
0.9463934797432388,0.04862534342901598,1.3790808034953904e-05,7.240505665803988e-08,8.662663292116583e-06,8.870630055918637e-06,0.004949780321305838,0
0.9558248003137227,0.04252019337802287,1.2537638248998825e-05,5.8309003795317014e-08,7.194495532619224e-06,7.043404068778376e-06,0.0016281724614003604,0
0.7735880856908396,0.22624642193648659,2.6265498569849234e-05,1.7850170690635578e-07,1.2491223781280346e-05,1.005669555384279e-05,0.00011650045306179991,0
0.7493626651687166,0.2505704260845412,2.2659070439908458e-05,1.729118083625313e-07,1.3286774629049864e-05,9.741763507497689e-06,2.104822635733695e-05,0
0.5760739716009826,0.42385243900703623,1.9797763265758658e-05,2.1426622281333952e-07,1.5423491503204586e-05,1.207165022481292e-05,2.6082220764536465e-05,1
0.49522333650736733,0.5047137321562476,2.4992077374273672e-05,2.024373488814694e-07,1.729561808718433e-05,1.3556393224289564e-05,6.884810350438606e-06,1
0.2588150387563437,0.7410847818604692,4.1845989046711484e-05,2.729881280505746e-07,2.4744259111770755e-05,2.4031933785064894e-05,9.284213115485516e-06,1
0.5931030008909133,0.40683832805630094,2.0050913017617625e-05,1.8410632233994884e-07,1.8279291714325082e-05,1.457108370941362e-05,5.585658022046854e-06,0
0.6733770983034534,0.3265581728736415,2.3112013477309416e-05,2.2187729349098532e-07,1.946432594304099e-05,1.5672506710166385e-05,6.258099481049087e-06,0
0.8759642438607866,0.12399432480170432,1.5722492249801826e-05,1.2844513918218317e-07,1.2538963285948538e-05,9.072840550954393e-06,3.968596283198479e-06,0
0.8506686605037819,0.14927354996717515,2.5727490977385233e-05,1.2946807717821334e-07,1.3850548571701132e-05,1.0583565352874162e-05,7.49845606389217e-06,0
0.6131126160112242,0.386815566101452,2.7659239675516562e-05,1.7204347500540315e-07,2.162798619922172e-05,1.2432909558546316e-05,9.925708415530089e-06,0
0.6884204273378007,0.3115315859716829,1.72301156739807e-05,1.7322039741675606e-07,1.1371106219803583e-05,9.053797406632423e-06,1.015845081857727e-05,0
0.5179961687256047,0.48084148801413956,2.3193186870945187e-05,2.048291874275625e-07,0.0010958952527181526,1.4139658538729981e-05,2.8910332940497325e-05,0
0.6226318541430483,0.37616396717005596,3.457322228714288e-05,2.8033214382533574e-07,0.0011207304680502142,1.8765859268176456e-05,2.9828805146276995e-05,0
0.6179221687182515,0.3797454181878171,3.766109201854626e-05,3.0536970423750436e-07,0.0022424228142324336,1.845879321958419e-05,3.356502475655988e-05,0
0.6673233918303757,0.3311371594288041,3.284038841474642e-05,2.662817024083462e-07,0.0014714401885573044,1.6096026602205566e-05,1.8805855543515502e-05,0
0.7496465727635998,0.2480386978296925,0.000788347536265246,1.7916056256560498e-07,0.0012035195427641228,0.00031457479445303556,8.108372662718895e-06,0
0.20685683224863186,0.7793524862686763,0.001352150172983149,2.916639512566899e-07,0.011681159435448295,0.0007445165141465545,1.2563696162504144e-05,1
0.12053805350991051,0.8671486258632558,0.0008544099998256664,1.7689495486915582e-07,0.011193044006719376,0.0002581323490616031,7.557376271969406e-06,1
0.1322367567610856,0.8613312843075084,0.0010288347881244832,2.308611220273645e-07,0.00510200530860173,0.0002925292197269181,8.358753830804016e-06,1
0.9119697031492213,0.01585973049463096,2.064080155106026e-05,2.5343038120658987e-07,2.317695909383465e-05,1.3325288073353006e-05,0.07211316987704833,0
0.9003470061948037,0.01480155120039371,2.0045321974546304e-05,2.451243171645178e-07,2.1560990321644633e-05,1.308187693012805e-05,0.0847965092912594,0
0.8929451416829489,0.02997239761530188,1.9103676522925594e-05,2.5542174294841465e-07,2.1383734743512907e-05,1.2974329195830797e-05,0.07702874353954428,0
0.8839416754122953,0.10655001159236525,1.2628261249486537e-05,1.6585710635192635e-07,1.0728913654039816e-05,9.1510701574039e-06,0.009475638893172334,0
0.8813776206450452,0.11121753302193639,1.1126813353711906e-05,1.4613738418182202e-07,8.573226783473588e-06,8.008477813597047e-06,0.007376991677683533,0
0.8679972319079098,0.12838628016925552,1.3521256041137541e-05,1.5922157214442712e-07,8.331803550474273e-06,8.725504668799853e-06,0.003585750137002089,0
0.7367345841599587,0.2500381220846625,1.740278450318798e-05,3.1048422573552824e-07,1.8249988584769175e-05,1.5486629362514432e-05,0.013175843868702485,0
0.7302336129900925,0.25822822788791244,1.6915087472770797e-05,2.9944288572491766e-07,1.7944994478689322e-05,1.4516839340147069e-05,0.01148848275781779,0
0.6882022137703112,0.3025283802951313,1.4898909989613312e-05,2.0786929587847092e-07,1.4564638251831664e-05,1.2873643317817015e-05,0.009226860873702414,0
0.6459868484848201,0.34722620913923075,1.2824774513926795e-05,1.7893099897030202e-07,1.3167754105913635e-05,1.2229019393091687e-05,0.006748541896937283,0
0.7114978704160188,0.2877379913847965,1.3357849460905342e-05,1.7049402298041535e-07,1.056257111541317e-05,9.800154158019391e-06,0.0007302471304274495,0
0.7277099598067324,0.2719504568207656,1.2577357265524837e-05,1.6599862931086713e-07,9.947905285133068e-06,9.477179304832352e-06,0.0003074149320174207,0
0.7092488863877535,0.2904162008707659,1.1886807844897972e-05,2.111777104126042e-07,9.09011475662559e-06,8.956842596574284e-06,0.00030476779857220067,0
0.7137780104412869,0.2860598960890098,1.2910975926809218e-05,2.498364453687683e-07,9.9021205194667e-06,1.0596505245196214e-05,0.00012843403156669926,0
0.5351854582761758,0.44590415507892445,2.7603793335878975e-05,2.5166963556398373e-07,0.01885817350121158,1.9104168947204095e-05,5.253511769559394e-06,1
0.0826856846997601,0.9172397322557676,1.7344872671253618e-05,1.3977243443544071e-07,3.174730236976191e-05,1.1403621770452356e-05,1.3947475226338452e-05,1
0.0628615847362008,0.7756540385257182,2.446266800689195e-05,1.758147868956243e-07,0.1614291194543522,1.4426697582119058e-05,1.6192103352906264e-05,1
0.07932538196328973,0.9075259877015663,2.474134685934404e-05,2.0575476062150726e-07,0.013102189737592602,1.627071268424082e-05,5.222783247382831e-06,1
0.39168851232945995,0.5907356353096753,3.0064442990775615e-05,2.3652558437185666e-07,0.017515061036174645,2.500959858192779e-05,5.480757532920756e-06,1
0.1825051915801582,0.8126278766584795,2.0814208919613273e-05,1.9506445958603788e-07,0.0048213091510311565,1.7307546992827635e-05,7.305789959218015e-06,1
0.6360990839676588,0.36382390541500337,2.8665911412999604e-05,1.826858860175669e-07,1.1604834485636754e-05,1.387394542942407e-05,2.2683240123715633e-05,1
0.6347581167558882,0.36513335231825833,2.4558553930652596e-05,1.0398158041530181e-07,1.4999259123673258e-05,1.6578105764626626e-05,5.229102545424897e-05,1
0.6517682855489002,0.3481479486553378,2.953740021957701e-05,1.6605297013175424e-07,1.2124441394778476e-05,1.5302275538694912e-05,2.66356256387254e-05,1
0.7797538551853546,0.2201900467653977,1.5357775813200455e-05,1.323888143140284e-07,9.564331214319304e-06,1.1997671246839686e-05,1.904588215918026e-05,1
0.07797681654679241,0.9142685155611047,3.7734296702832105e-05,2.6873997379451274e-07,0.0076271815321003154,2.1744421536571623e-05,6.77389017891541e-05,1
0.07749233400466851,0.9131771295529009,0.0002356112924215514,2.593107144076344e-07,0.008574206299151009,0.00045509738814169463,6.53621520018649e-05,1
0.08168659117160805,0.9040734757067532,0.0006512131521361777,2.425973581693884e-07,0.012595063037191602,0.0009374680737031111,5.5946261249735586e-05,1
0.5469318145521548,0.449949247121088,0.00046658016102662077,1.7476565438284603e-07,0.002321060483572593,0.0003061797989133588,2.494311759026364e-05,0
0.48107436727972863,0.5166500952684854,2.1300972830660107e-05,1.7023380156798706e-07,0.00221438955678639,1.5380371420206093e-05,2.429631694707107e-05,0
0.44559124411881396,0.5541327370241083,2.521977157471101e-05,9.763136136868326e-08,4.112853595398121e-05,1.4482438299030785e-05,0.00019509047988881757,0
0.42070033964521514,0.5792382470551795,2.1551939625217335e-05,1.604480883421065e-07,1.1647781218120229e-05,1.3400874649057576e-05,1.4652256024429965e-05,0
0.4708454489141895,0.5290414432225472,2.8277602024936234e-05,2.4171745839906815e-07,1.2161453810708986e-05,1.5332256204893904e-05,5.7094833764289244e-05,0
0.5746170620154516,0.4252846597930064,3.236211823068933e-05,2.4336253598185355e-07,1.3227489496907952e-05,1.6357535957185868e-05,3.6087685321235676e-05,0
0.6113658218663236,0.3885707584547346,2.2681317376717604e-05,1.888986123560942e-07,1.3915801958427867e-05,1.4458735179881673e-05,1.2174925814317607e-05,0
0.6423441649297138,0.3576040918929896,1.804908251296927e-05,1.66489316675851e-07,1.2264951712231988e-05,1.2455250982706201e-05,8.807402772112018e-06,0
0.6052390851190056,0.39470694760302744,1.845516234587087e-05,1.7472539608303907e-07,1.332709393383042e-05,1.2767199085019005e-05,9.243097206148485e-06,0
0.6579323076095318,0.3420091478748036,2.161572668426012e-05,2.029284025969712e-07,1.7172366635683674e-05,1.413526006627665e-05,5.418233875692578e-06,0
0.7743892350219239,0.22556340820816317,1.481158865993799e-05,2.1873683677319285e-07,1.5961287341733613e-05,1.1667803051942439e-05,4.6973540226391545e-06,0
0.6226693777818398,0.37728114767244575,1.7347883338224837e-05,1.6823391790956173e-07,1.5542017984621596e-05,1.1651687410999812e-05,4.76472306244273e-06,1
0.1372243158335561,0.8627291416700296,1.3609775401548115e-05,1.0970378595645832e-07,8.057836116241697e-06,5.792318258235881e-06,1.8972862852227453e-05,1
0.12475468114858007,0.8751919589112889,1.4218435613530279e-05,1.1460998959652028e-07,1.0423901427619748e-05,6.05136394818349e-06,2.255162915231722e-05,1
0.14919480793205234,0.8507156406028967,1.9729576138181156e-05,1.4395489453219803e-07,8.33486399035786e-06,7.600763790341957e-06,5.37423062374508e-05,1
0.3867918110979624,0.612190321684465,1.5134970304776943e-05,2.0072399120289558e-07,8.721246378311658e-06,7.852009261881196e-06,0.0009859582676367497,1
0.2926635427141848,0.7060715956695094,1.865334027575467e-05,2.935935544248269e-07,1.0406979254541003e-05,8.188866563683625e-06,0.001227318836657394,1
0.3266621431056297,0.6721901228376936,1.795589496095992e-05,2.039146241105675e-07,8.3140322366676e-06,7.313229385809212e-06,0.0011139469854690755,1
0.2866369988730075,0.7123414569105332,1.4924428722893705e-05,2.1711471784415865e-07,8.260784682087376e-06,6.662109680082447e-06,0.0009914797786563035,1
0.9057170086476953,0.08128579242837011,1.3802111542933101e-05,1.6965200562725477e-07,6.9803059986695404e-06,8.092790866187885e-06,0.01296815406352128,0
0.938153144920218,0.04912955926130331,1.5503091676031628e-05,1.2596719612189966e-07,7.547514403689523e-06,8.56541727729859e-06,0.012685553827925728,0
0.9690921893460352,0.02158629284911636,1.0641939252391661e-05,1.146478509917476e-07,5.879396486823423e-06,6.780669839120094e-06,0.009298101151419255,0
0.9582880511319323,0.02559231536233861,1.261688921380525e-05,1.359244025226555e-07,7.514676426474612e-06,8.842686651168272e-06,0.016090523329034875,0
0.9537543514070457,0.026253189369870318,1.7470928213183846e-05,1.5786676414817336e-07,8.727775359324266e-06,1.0072357022931775e-05,0.01995603029572447,0
0.9646347161959952,0.018820984089972806,4.917149679868646e-05,3.0179577398889755e-07,2.3627695133062978e-05,2.2134818709367e-05,0.016449063907616728,0
0.9669592351170472,0.016733531911523956,4.8197051817607604e-05,2.958150047135936e-07,2.315945864575129e-05,2.169616696185686e-05,0.016213884478998897,0
0.9701754313691531,0.013401542001929216,3.946511249720699e-05,2.6406629076683814e-07,2.0673840891447155e-05,1.936759881069104e-05,0.01634325601042732,0
0.4021197696733572,0.0035814558203087175,2.6703695639222317e-05,1.7043041556413892e-07,1.2654328044671308e-05,1.4089690444208466e-05,0.5942451563617904,0
0.7626459100896914,0.0036416697927228246,4.4382650187777034e-05,3.2505077848649176e-07,2.650527201963104e-05,2.6871246101270538e-05,0.23361433589849864,0
0.7111368132529016,0.0021359625793966833,5.102000806258989e-05,2.484527764975614e-07,2.106314284156598e-05,2.0281824894746542e-05,0.2866346107391263,0
0.6805292147509105,0.003000826818206132,5.542928053727262e-05,2.800900822581668e-07,2.2806771116951537e-05,2.267081663536557e-05,0.3163687714725114,0
0.8596127947490195,0.004478973433388033,9.804415353291036e-05,3.5822929841265687e-07,3.558367351493582e-05,2.6887697659135502e-05,0.13574735806358718,0
0.5921768385655047,0.0026983896642890142,7.108358419536363e-05,3.142193064561407e-07,2.6747032054764916e-05,2.5477285517227723e-05,0.4050011496491326,0
0.060001526260940935,0.0006128960954674596,3.478901593560734e-06,2.3863966453253528e-08,1.4492729124481368e-06,1.359301377174716e-06,0.939379266303742,6
0.07996012023733466,0.0005834108063580067,4.636105230144016e-06,3.180195148109135e-08,1.8439564916351753e-06,1.7916205833859198e-06,0.9194481654720507,6
0.07537127654572132,0.0006315366180169101,4.37004307095946e-06,2.9976864375145996e-08,1.8205128482783136e-06,1.6888009929771955e-06,0.9239892775024853,6
0.9236931843362254,0.06887551128673702,2.6026909995545627e-05,1.1897259390162959e-07,1.1493481823544613e-05,8.682613641587812e-06,0.007384982398983134,0
0.8471021977069618,0.13547027824537966,1.9583750648000317e-05,2.2239441142226811e-07,1.6728405945893724e-05,1.6087330299277367e-05,0.017374902166353803,0
0.9435406275104411,0.0349549684443578,1.374923638601854e-05,7.218679550982406e-08,8.537192484078311e-06,8.554924797395213e-06,0.02147349050473812,0
0.9451802273197712,0.048290202549703405,1.3609045807103995e-05,7.14507612772029e-08,8.161391611239092e-06,8.753715551901937e-06,0.006498974526793704,0
0.7999020051354433,0.19010223649669464,2.9952700476001812e-05,1.3241620311056327e-07,1.5660240989805998e-05,1.5855913846680982e-05,0.009934157096346671,0
0.758838066718363,0.23854764563083555,6.185525667165584e-05,1.428183603948698e-07,2.3801247960591484e-05,1.6967168283341572e-05,0.002511521159525747,0
0.732735610182335,0.26506708919247823,5.616597618853434e-05,1.4369114008405089e-07,2.3128407110104776e-05,1.876954511061633e-05,0.0020990930056374547,0
0.722353071742784,0.2758534417306405,3.631939615898336e-05,1.2806634312094315e-07,2.022404323741434e-05,1.8465228749085622e-05,0.0017183497920869775,0
0.7122664545973683,0.28680789225094466,3.5640277671821284e-05,1.256716936940649e-07,1.7985728278760582e-05,1.4077220024629334e-05,0.0008578242540183118,0
0.7736203772085808,0.22625586603274786,2.6266594958003005e-05,1.7850915801779613e-07,1.2613844768532375e-05,1.0057115345678913e-05,7.464069444097322e-05,0
0.45819985746111797,0.5417386076773426,2.2746029314893255e-05,2.0697052516359764e-07,1.7682918583514576e-05,1.3859961318690643e-05,7.038981797357888e-06,1
0.2415942383615013,0.7583038656207924,4.280175484876253e-05,2.7654883508371775e-07,2.5067009621393193e-05,2.4345393114815153e-05,9.405311286213969e-06,1
0.6767210759572111,0.3232148579160272,2.2875391806875305e-05,2.196057053461973e-07,1.9265049435910267e-05,1.5512050992135143e-05,6.194028821242554e-06,0
0.8894707193579234,0.1104922163140587,1.5285780094789886e-05,1.3120201503639204e-07,8.968151515817775e-06,8.820830902220938e-06,3.858363490097256e-06,0
0.6478842531596256,0.3520609146922071,2.2507361401581472e-05,1.6064281700585778e-07,1.2394481864590168e-05,1.079852778742363e-05,8.971134296744721e-06,0
0.6076134389078454,0.3923308160019565,1.7964181065617916e-05,1.5864954785845556e-07,9.502782784544886e-06,1.13823984235216e-05,1.673707837683212e-05,0
0.6674703955951856,0.33247685948642114,1.578198548447128e-05,1.393776232979621e-07,9.056887453983382e-06,9.851951534384698e-06,1.7914716297211827e-05,0
0.5652433661277353,0.43370469684010327,1.8611004653362336e-05,1.6436193014657663e-07,0.000998616883258743,1.1346144552084743e-05,2.3198637767191977e-05,0
0.1267326314969669,0.8667473904869463,0.0009377733167632097,1.804974032768031e-07,0.005376208628228798,0.00019752083719051818,8.294736501256292e-06,1
0.9066680356215804,0.08504937965436772,1.4372046591008521e-05,1.8280377033249263e-07,8.944114381301505e-06,9.561706084813482e-06,0.008249524053224313,0
0.7792311535740564,0.20266184821835578,1.2679814774638444e-05,1.7901389793059027e-07,1.684735907752686e-05,1.2004643272244656e-05,0.018065287376565715,0
0.7498489762858521,0.23737896583829957,1.7302244115396054e-05,2.3051043800130583e-07,1.752765548891054e-05,1.417922747449882e-05,0.01272281823833158,0
0.5359414430820586,0.45677535718674944,1.6870964245355917e-05,2.353833576360852e-07,2.5562689222679495e-05,1.8228440652974768e-05,0.007222302253713257,0
0.7276866847128532,0.2719417587504318,1.2576954991009886e-05,2.234386719815474e-07,9.777107780585914e-06,9.541449587659911e-06,0.0003394375856838576,0
0.7065342826063653,0.2932962909251457,1.358485901868568e-05,2.4134481361835147e-07,9.238690809979799e-06,1.023634313894006e-05,0.00013612523070769333,0
0.46633958874531795,0.5289905939753369,2.7965822179076686e-05,2.550915039971324e-07,0.00461834272878013,1.8436046926447192e-05,4.817589955446335e-06,1
0.0886312595810468,0.9111686646087964,1.813266048482587e-05,1.4612076702966372e-07,0.00015446821688610998,1.194874096812442e-05,1.538007105059812e-05,1
0.0849891225601157,0.9149177110008792,2.4139782742600903e-05,1.5199978516669592e-07,4.04745688049588e-05,1.2401215348593132e-05,1.5998872323636565e-05,1
0.063928738545118,0.9359546536917167,3.619002828199088e-05,1.727918999228301e-07,4.786363893425796e-05,1.4184404992762679e-05,1.8196899056229048e-05,1
0.055650468778980666,0.7960624155528492,2.8031959897486607e-05,1.569080846996109e-07,0.14822952735764708,1.2875284986664267e-05,1.6524157554030162e-05,1
0.04644403858870465,0.9480195657288835,3.520131669241001e-05,1.970383519850045e-07,0.005471442135921339,1.6168223198736737e-05,1.3386968247554679e-05,1
0.04542747486979369,0.9474426319199574,2.569119168991295e-05,1.928723478931175e-07,0.007079559383053872,1.5217304220789397e-05,9.232458936442522e-06,1
0.5662983787714033,0.4336255653778299,2.888702547340072e-05,1.840950307488592e-07,1.0145561429200154e-05,1.3980961891014485e-05,2.285820694247632e-05,1
0.648590415550343,0.3513186625170585,3.388682664109093e-05,1.0134933511348675e-07,1.3718420068618236e-05,1.640080361727642e-05,2.681453293621815e-05,1
0.2449739161212598,0.7548633195856354,4.9445625349020774e-05,1.6074946223916302e-07,2.350027702718825e-250,2.3829422940593485e-05,8.932849535280798e-05,1
0.18398464020069416,0.8158873142104847,3.956742346116712e-05,5.263344832032059e-07,6.923303738667887e-250,1.9573680343370095e-05,6.837815053322503e-05,1
0.05978558666686357,0.9137158791270114,0.001208767392813332,2.3810777224742793e-07,0.023748569897529503,0.00150516889582469,3.578991218528969e-05,1
0.33220723595363116,0.6577293480907795,0.00036174562183799116,2.3512021362633384e-07,0.008931573056960507,0.0007540555350654368,1.5806621511692898e-05,0
0.7718013454340962,0.22785950659960946,1.2998008722629322e-05,4.465710332034603e-08,0.00030545553745576224,8.772720886461123e-06,1.1877042126224135e-05,0
0.4447240737710852,0.5551462306051285,2.0760338571509964e-05,7.357907482289243e-08,1.5163933794527336e-05,1.2951913064531479e-05,8.074585928078703e-05,0
0.6505465872206223,0.349362545655689,2.3162234033602783e-05,1.9471632027556687e-07,1.1864831260700355e-05,1.2345272494501492e-05,4.3300069579618504e-05,0
0.7240571939690602,0.27587098508411917,2.371092098907021e-05,1.6728628030905725e-07,1.1806471623208101e-05,1.2674114059944316e-05,2.3462153868066126e-05,0
0.6266605736955584,0.373292546311527,1.4244682549027093e-05,1.900322657592208e-07,1.1986630234719997e-05,1.1599336487744232e-05,8.85931137735296e-06,0
0.571647832329102,0.4282962769592408,1.9769736106242702e-05,1.8581991510671084e-07,1.4338275103192733e-05,1.528084606188936e-05,6.316034470968518e-06,0
0.5926679498445377,0.4072843970070268,1.6574735910859172e-05,1.677897312845575e-07,1.2947026292995462e-05,1.2260409486859564e-05,5.70318701340068e-06,0
0.6900515983708769,0.3099040431603645,1.5806084780434613e-05,1.5634544753571723e-07,1.2063960079906102e-05,1.1480893531165985e-05,4.851184919528217e-06,0
0.6715986906649342,0.3283511726183905,1.7787710655856178e-05,1.7594664471040578e-07,1.4457867975158275e-05,1.22558082010324e-05,5.459383198642323e-06,0
0.6120472785102998,0.38789496519912015,2.1205020761668465e-05,1.9858497685720244e-07,1.70941274629862e-05,1.383271270659469e-05,5.425844671931417e-06,0
0.6606243339000283,0.3393204409531968,1.8980049473051155e-05,1.9270886408081043e-07,1.7483614633014188e-05,1.3423403900089001e-05,5.1453699045895315e-06,0
0.7670525981692902,0.23289359025033457,1.622785669919351e-05,2.1019323433067643e-07,1.8535703628654874e-05,1.3620385096564456e-05,5.21744171644879e-06,0
0.7772252738127753,0.22272290854593793,1.5519170963984355e-05,2.010138984782081e-07,1.7726232051650806e-05,1.3381633233746871e-05,4.98959113905762e-06,0
0.6871142809450052,0.31283126364312625,1.904350850497824e-05,2.0688743632974102e-07,1.7449685935684136e-05,1.2619945190284953e-05,5.135384801290908e-06,0
0.7370585327844557,0.26289254712475546,1.4910826481558689e-05,1.7321285099966912e-07,1.6289688591445612e-05,1.2752361441663697e-05,4.7940014232119725e-06,0
0.21600185764398702,0.7839539211636434,1.4683670544105889e-05,1.291473266795073e-07,1.6626603847807582e-05,8.77705613203706e-06,4.004714518859246e-06,1
0.13634392632879389,0.8635668738093847,1.988817604962308e-05,1.603118452758615e-07,1.5332054009833052e-05,8.464404580999732e-06,4.535491533565094e-05,1
0.15365968936779945,0.8462611397641566,1.7512772904040927e-05,1.4116452575333658e-07,1.2839064960303828e-05,7.4534333779583245e-06,4.122443227569657e-05,1
0.41103421584680266,0.5878244040308396,2.0099888290791243e-05,1.5424321307537467e-07,1.1053509920335609e-05,7.63406558704326e-06,0.001102438415346429,1
0.2849480226070471,0.714209295220926,1.5300115578181966e-05,2.8035197072588933e-07,7.614867397677786e-06,7.829772605045859e-06,0.0008116570644752952,1
0.2705022381303682,0.7287198101854675,1.3460530970931966e-05,2.500436821024601e-07,6.791639373560861e-06,6.402369351416673e-06,0.0007510471007864492,1
0.5153398699547354,0.48351050789585925,2.0355203933611084e-05,2.959643478269288e-07,9.420804450353309e-06,9.910834333931177e-06,0.0011096393423396563,1
0.7321519765879939,0.26469017963752384,1.6935529580265948e-05,2.8860809184865126e-07,1.3269808929077517e-05,9.664498466607952e-06,0.003117685329414456,1
0.7701829127086162,0.22679225807365974,1.5091130631304727e-05,2.571766294462221e-07,9.254281562682244e-06,8.611966230779924e-06,0.0029916146626696844,1
0.772548712578843,0.20626721822448277,2.093719199253534e-05,2.045863631684097e-07,9.783623026028042e-06,9.378816960965319e-06,0.021143764978331377,1
0.7163690734463525,0.25978415482074735,1.971793914383955e-05,2.7001218257554136e-07,9.711067224154885e-06,8.832652542110573e-06,0.02380824006180759,1
0.9616420862198749,0.03141184112887755,7.715579246692642e-06,7.474430340595042e-08,4.478417587418816e-06,5.5276409079824274e-06,0.0069282762692019426,0
0.9549254096163681,0.022443891236258007,1.975288629692667e-05,1.5843691572974828e-07,9.153182503497966e-06,1.138795378175071e-05,0.02259024668787621,0
0.97448468461497,0.008030303480220543,4.535978010010023e-05,2.590597694082039e-07,2.029251083763795e-05,1.9691720476577865e-05,0.01739940883362596,0
0.3739334873461316,0.003205195978695613,2.4290747004089834e-05,1.525253723684111e-07,1.1324892277570915e-05,1.2609458672297742e-05,0.6228129390518465,0
0.7995230094467877,0.003926400022555112,9.255481090641654e-05,3.256922269551639e-07,3.235169742307001e-05,2.6587075458782484e-05,0.19639877125464186,0
0.792958716705661,0.004608265613890826,0.00013590678623062456,3.685701159684161e-07,3.6610848783435996e-05,3.0087305357930722e-05,0.20223004416996015,0
0.7154492424901578,0.004366122694679323,8.833145162983807e-05,3.271646611201804e-07,3.2497957421435167e-05,2.45560721357294e-05,0.28003892216931475,0
0.5644465482334149,0.002744994124880135,7.925020962918024e-05,3.1964625478703077e-07,2.7208985722103088e-05,2.5917309122628397e-05,0.43267576149097636,0
0.961110377300347,0.003896980045334216,9.170629473481051e-05,3.698863862889316e-07,3.0337188978829026e-05,2.9990840406027297e-05,0.034840238443812815,0
0.7680814350906208,0.004352606583509046,8.162737508231778e-05,3.290378469002045e-07,2.832346627662155e-05,2.733075237207394e-05,0.2274283476942922,0
0.10455693286244264,0.0009765993564615745,6.9279715565461085e-06,4.5605715078461995e-08,2.952999848115985e-06,2.673843210606337e-06,0.8944538673607655,6
0.7546032974853498,0.24358118447462454,3.6791723480518855e-05,1.1872946173852205e-07,2.0487077926941686e-05,1.74238820283669e-05,0.0017406966271280872,0
0.6630751594835613,0.33604764610225596,3.475579323279373e-05,2.3620219507501478e-07,1.797440321893357e-05,1.3307511766624058e-05,0.0008109205037693356,0
0.6153413199613211,0.38460269805719643,1.9384121105345685e-05,1.955083314859062e-07,1.6502911777901815e-05,1.4385083352044868e-05,5.5143569157626886e-06,0
0.672587307912628,0.32735034703124294,2.215731778914561e-05,2.1271213375251157e-07,1.8950314916349792e-05,1.5025117221855303e-05,5.999594067986597e-06,0
0.8860973435953378,0.11386188629426454,2.1162756518977178e-05,1.2170790730294642e-07,7.101540563131093e-06,8.193309149694523e-06,4.190796258534304e-06,0
0.8898177898253682,0.11014332178245734,1.9892893690173096e-05,1.0382126865310104e-07,6.631609712899046e-06,8.183376319625966e-06,4.076691183117694e-06,0
0.6481654423617109,0.35178415927595974,2.24896683436095e-05,1.6051653553628198e-07,9.34474201171731e-06,9.439353358642154e-06,8.9640820796343e-06,0
0.6551829951327098,0.34476279835827006,2.2846562732971503e-05,1.6306381413805843e-07,7.726827136187818e-06,9.58914890926716e-06,1.3880906427638533e-05,0
0.6675243382619438,0.33242565790290457,1.708289609681163e-05,1.5086653446503308e-07,9.790798345694741e-06,1.0554323775047714e-05,1.2424950399604454e-05,0
0.6398378124884986,0.36009799020843936,1.712506280213476e-05,1.512389271006762e-07,1.5134347268699141e-05,1.044024444867606e-05,2.134640961552627e-05,0
0.45461377682461135,0.5447182843640286,1.7895655318951868e-05,1.733268520836687e-07,0.0006141591561695666,1.0946773711393024e-05,2.4763899308124886e-05,0
0.3872176519699606,0.6115644514826025,1.6738544255584605e-05,1.6211975099962857e-07,0.0011647544358586877,1.3078751535984584e-05,2.3162696035551887e-05,0
0.7371585790911791,0.2610183881329925,0.0007913108228113132,1.7974423367789605e-07,0.0006795632138658528,0.00034445354953939906,7.525445378088211e-06,0
0.1793208617574283,0.8148442762083828,0.0011262865152777831,2.3311019167390958e-07,0.004360436939575684,0.0003398493397243903,8.056129419377823e-06,1
0.14809224186047035,0.8468499079944038,0.0010523308864413422,1.8217219451486709e-07,0.0036654464221900058,0.0003331185652727511,6.7720990272666586e-06,1
0.9124229587559421,0.082756068463706,1.479322750781399e-05,1.8359428607913202e-07,9.735640367884608e-06,9.35199824374727e-06,0.004786908319946211,0
0.8424998895161259,0.15379895368945173,1.2154016231594113e-05,1.5697497295782075e-07,1.0154348931761241e-05,8.6023887403007e-06,0.0036700890655458557,0
0.8582374391439634,0.13844581131038233,1.0940728772838258e-05,1.4130478111348392e-07,7.672927420231495e-06,7.743646232880132e-06,0.00329025093844721,0
0.8515285388319285,0.14445819265990964,1.2009426289245514e-05,1.5510752421843665e-07,1.0206494625424634e-05,8.500050643303016e-06,0.00398239742907989,0
0.7777147570757666,0.20686839362772558,1.2943003021961865e-05,1.8272959527162098e-07,1.719705085035239e-05,1.2213868266771369e-05,0.015374312644773335,0
0.7885527921555815,0.19788217860894572,1.5197700100665456e-05,2.558651729113746e-07,2.052808933851102e-05,1.3688761814536073e-05,0.013515358819046227,0
0.7194750576989667,0.2687265057414826,1.5645065934416615e-05,2.0759017765860772e-07,2.741887412895409e-05,1.5967297324578723e-05,0.011739197731985075,0
0.7009779837524692,0.2934269814349287,1.541015649914118e-05,2.0530295958111284e-07,2.7116774360652744e-05,1.3936448165002188e-05,0.005538366130617469,0
0.7525005414625918,0.24342927382125334,1.4791357217153877e-05,2.0636872173603326e-07,2.044424599055598e-05,1.400879460880687e-05,0.00402073394961667,0
0.32699650357706206,0.6597465131514151,3.231762068645589e-05,3.506143813405062e-07,0.013199938950369184,2.0642834565421944e-05,3.7332515203659367e-06,1
0.26097468400040585,0.7311480143418008,2.6008375189311157e-05,5.870842692903632e-247,0.007826027485449815,1.6349168075873842e-05,8.916629078178952e-06,1
0.08595468933491952,0.9106891879412372,1.671547854485307e-05,1.3470050621009423e-07,0.0033149959800818107,1.0098543350654333e-05,1.417802135984004e-05,1
0.0816063897507111,0.9153315352489839,1.821550345659683e-05,1.467883512812036e-07,0.0030162590389042534,1.2003331369326118e-05,1.545033822363355e-05,1
0.05548283414696213,0.8101213252275447,2.5105442602218386e-05,1.405269887890822e-07,0.1343510608266934,1.184193513150128e-05,7.691894076993435e-06,1
0.06319650853814315,0.9306604344917608,3.4683655128936004e-05,1.9414075635685885e-07,0.0060787234247393135,1.6265646556319007e-05,1.3190102915108174e-05,1
0.05585188012194977,0.9363667681221555,2.9127559486305098e-05,1.6842590391500037e-07,0.007730959478022648,1.3487839053433786e-05,7.608453428303796e-06,1
0.059774412994889975,0.9323423634993749,2.5587280717289885e-05,1.706684904478003e-07,0.007839465957580592,1.3667429279846157e-05,4.332169666813119e-06,1
0.1966528082522032,0.8002808898196833,2.4766447138627448e-05,1.97048587087959e-07,0.0030161179466279046,1.7840383858667232e-05,7.380101901086388e-06,1
0.5625214632463675,0.437409173484774,2.2984032635046106e-05,1.8286721268371514e-07,9.6028982648935e-06,1.3887716149898877e-05,2.270575459595394e-05,1
0.5950683592778194,0.40486637702627465,2.5944050876642493e-05,1.758298242427759e-07,1.562483557483372e-05,1.649909460968033e-05,7.019885020675821e-06,1
0.6305608045734228,0.3693848912755169,1.998404803191357e-05,9.243066681498973e-08,1.3766677865443322e-05,1.3351309589187134e-05,7.109684906778479e-06,1
0.7574946725237116,0.24243673797399587,1.9602874069144466e-05,8.663083067290682e-08,1.1974113766502283e-05,1.2615460421557419e-05,2.431042320472391e-05,1
0.221592717679379,0.7782712993863004,4.4726355654217474e-05,1.844802363682642e-08,5.663202844771262e-250,2.109700365188483e-05,7.014112699074768e-05,1
0.5343657853291882,0.46057281699730857,0.0002424541894963494,1.7231887959121376e-07,0.004074853779849422,0.0007192651755222032,2.4652209755628262e-05,0
0.5046882173676532,0.4947154406589579,3.3620880568382215e-05,1.1129217812821162e-07,3.8427565128168474e-05,1.9590442246638247e-05,0.0005045917932674283,0
0.5054116940000734,0.4942568489779848,2.65502831404634e-05,8.677424060105425e-08,3.572652298636201e-05,1.527462017171109e-05,0.0002538188214028369,0
0.606001171453337,0.39373782517906547,1.883140568811534e-05,7.290057201232735e-08,1.8335204385791623e-05,1.0526182503618115e-05,0.00021323767444801766,0
0.6380259901370483,0.361893287448075,1.7496441303871497e-05,1.443268586255864e-07,1.1513171283244256e-05,1.0914454760554378e-05,4.065402067049115e-05,0
0.7835477745743114,0.21635664232185864,2.4462635357971493e-05,1.5644931360573282e-07,1.1095397211683944e-05,1.2154607257697578e-05,4.771401468914119e-05,0
0.8014230140649692,0.1984612193181279,2.19374639604775e-05,1.4029973176004553e-07,9.393002692527717e-06,1.0738864844083053e-05,7.355698567402492e-05,0
0.6972548350389206,0.30266611870238963,2.37783514474017e-05,2.0325870622636138e-07,1.339170855664461e-05,1.6467913145577443e-05,2.5205026833848027e-05,0
0.6679243571284871,0.3320187395584969,2.013521828412205e-05,1.9894217619694759e-07,1.1898232006293312e-05,1.4153990529535852e-05,1.0516930019672087e-05,0
0.6444605154879169,0.35548896986584205,1.591411964141186e-05,1.997943998460966e-07,1.216615646895475e-05,1.3408170157696967e-05,8.826405573263379e-06,0
0.5787211470311383,0.42122175132547457,2.111862479006985e-05,1.8893522797338313e-07,1.4410941895443013e-05,1.4961217257581504e-05,6.421924216114804e-06,0
0.6297342382305937,0.3702174016421008,1.68029479346782e-05,1.7240913087903368e-07,1.3150421940854814e-05,1.2374147506947275e-05,5.860200792344312e-06,0
0.7303587298153563,0.269589854576155,1.6262756818699728e-05,2.4027809202388764e-07,1.752509744306461e-05,1.2229897976641488e-05,5.157578158252832e-06,0
0.6763128935227655,0.3236279885899981,2.0735732174887458e-05,2.2527164408602206e-07,1.7907858051034565e-05,1.4657305551412914e-05,5.5917198150077755e-06,0
0.6503329726684064,0.34961612552609583,1.7622334317568765e-05,1.9144789250123449e-07,1.68826623132444e-05,1.1453218385018775e-05,4.7521425893790794e-06,0
0.3694803679908623,0.6304633125815012,1.915404125983678e-05,1.684655901524471e-07,2.1581755637385497e-05,1.0191235144923913e-05,5.223930004265033e-06,0
0.16143992640378826,0.8384702101883565,2.3760216710575723e-05,1.907799352445914e-07,1.5641395134470833e-05,1.007310816657602e-05,4.019790790824552e-05,1
0.26244349034903225,0.7365214690227226,2.0223725123573754e-05,1.449902873438984e-07,8.107881387122248e-06,7.1798660396895575e-06,0.000999384165407407,1
0.19493671482106092,0.8045786340774959,1.0710526315904661e-05,1.7036803440426196e-07,5.529527991102034e-06,3.6441090143085244e-06,0.00046459657008753464,1
0.17551016559763577,0.8238777085535207,1.1402307147043026e-05,2.1180998503452317e-07,6.88044006672905e-06,5.5488973669992925e-06,0.0005880823942777016,1
0.8896347521247651,0.10432929820542909,1.0437086273609667e-05,2.1554299866069042e-07,7.756130884699922e-06,7.850103802400206e-06,0.006009690805846413,1
0.9254691915255511,0.04723435132426846,1.6688702154085722e-05,1.4063468890038506e-07,8.758993852555124e-06,9.18970669050805e-06,0.027261679112794545,0
0.9369252851674474,0.033274219100810055,2.0005875090220572e-05,1.629262442671667e-07,9.412539000258128e-06,9.760668046807248e-06,0.029761153723360977,0
0.963195855567666,0.014948318868154805,1.9541812145235375e-05,1.5914695281457946e-07,1.1854169892391247e-05,1.0416403479187063e-05,0.02181385403170958,0
0.9626994837732098,0.018960544042854712,4.351495053848611e-05,6.246390475373631e-07,2.582704211572589e-05,2.1044886374923804e-05,0.01824896066585897,0
0.9811585653437381,0.005169192749534451,3.134014974835122e-05,1.967896668490351e-07,1.4298552688442417e-05,1.6268841916179867e-05,0.013610137572707742,0
0.8587288490130619,0.0032984811300150814,0.00015996272963761962,2.97661269625098e-07,2.0500681250462902e-05,2.4861133612387533e-05,0.13776704765115289,0
0.7574059347899519,0.0040939231646170875,0.0001401900209645691,3.801859621405931e-07,3.646982670789736e-05,3.103553608970006e-05,0.23829206647570686,0
0.8014817205769316,0.0044717308695297634,0.0001274075954403781,3.7092705197509136e-07,3.684496821958697e-05,3.027970797081108e-05,0.1938516453548562,0
0.6722733634166649,0.004584625639686187,0.00012667629524413707,3.4353764166973014e-07,3.295428949767916e-05,2.5784982648481708e-05,0.32295625183861704,0
0.9673494251190423,0.004424482665087297,0.0001297477923791635,3.518673365043377e-07,3.035730318829152e-05,2.6410186441968743e-05,0.028039225066524575,0
0.9762037245946698,0.005380459643579873,7.000918443846465e-05,3.312495656854541e-07,2.7521759891035268e-05,2.4849646985783862e-05,0.018293103920869518,0
0.6260636267656803,0.0049601720442557385,5.130345295271462e-05,2.8804236878594926e-07,2.394444997649667e-05,2.1751137978212347e-05,0.36887891410678786,0
0.642612290478977,0.004779346950188441,6.922883837763994e-05,2.7905966472901183e-07,2.4021361304113726e-05,2.3179432595958488e-05,0.35249165387889203,0
0.8797559194708372,0.11668227155869859,2.875989215595428e-05,7.194983792393876e-08,1.1819024226529652e-05,9.47608541505328e-06,0.0035116820188288234,0
0.8257372830199866,0.1592044150127432,2.8347948917618234e-05,2.207400557153402e-07,1.6306495854229976e-05,1.5680947885390597e-05,0.014997745834557168,0
0.7741703237939195,0.16848121411219483,2.8989165769227226e-05,2.312791410647463e-07,3.0444466888719064e-05,1.570096822946729e-05,0.05727309621385717,0
0.9054918158673855,0.027250575094908257,1.3037597744761092e-05,6.845052160841809e-08,9.785206770518664e-06,8.196471035174022e-06,0.06722652131163416,0
0.9264600242900923,0.022749961537382717,1.1964218790073985e-05,5.671432693142524e-08,8.114865483910822e-06,6.948296656339028e-06,0.050762930077267635,0
0.9372543159669589,0.030851116415103467,1.6224621131856434e-05,7.691003343854135e-08,1.1004531120883805e-05,9.422552591095543e-06,0.03185783900306018,0
0.7586554593333082,0.2137436670969541,3.0034074651362434e-05,1.1988053006935546e-07,1.3424930666197742e-05,1.4207153983939369e-05,0.027543087529906186,0
0.7801850826148783,0.208165768414741,2.9583874281497714e-05,1.3075285208398633e-07,1.736981005235936e-05,1.549953354774492e-05,0.011586564999647124,0
0.624119455640169,0.3756917691764692,3.290291038118658e-05,2.2360990596122432e-07,1.54825112612318e-05,1.2598068590207851e-05,0.00012756808322314324,0
0.5387871006174991,0.46115351027919216,2.1185752988833715e-05,1.9497933070142374e-07,1.5731209681075704e-05,1.1956698616202405e-05,1.0320462691978006e-05,1
0.5274248528396244,0.4725107233132477,2.4515404187291484e-05,1.9775772884244945e-07,1.7241916631324822e-05,1.5743110168380662e-05,6.725658412030102e-06,1
0.5689271760004863,0.43101248628862937,2.2740226461765846e-05,1.8343795207639318e-07,1.6572257286352342e-05,1.4603140446164424e-05,6.238648737977119e-06,1
0.5343772380147491,0.4655679554347444,1.973015663634402e-05,1.8262645934085276e-07,1.52678414981613e-05,1.3414875706370893e-05,6.211050206303867e-06,1
0.660467624352724,0.33947220226832625,2.07098033556008e-05,2.0887916854471837e-07,1.8608839813497385e-05,1.475437219881213e-05,5.891484413319548e-06,0
0.6718839199734346,0.32805646332140925,2.0977031635350727e-05,2.115744341601065e-07,1.7515839329615153e-05,1.494475476468099e-05,5.967504992458419e-06,0
0.8630444788352887,0.13691665099248798,1.480848780204417e-05,1.3132850911174537e-07,8.539461117641733e-06,1.0351545742980473e-05,5.039349051599793e-06,0
0.8898186615349075,0.11014342968430577,1.9937651104054518e-05,1.0382137036155339e-07,6.631616209552084e-06,7.15899692585073e-06,4.07669517684611e-06,0
0.7577957003886351,0.24213261506653935,1.7246482323185264e-05,1.5374082884776395e-07,7.660746224061023e-06,1.0579472574347655e-05,3.60441028750879e-05,0
0.6841520406779554,0.3158008897390146,1.696183462342156e-05,1.4312791571873908e-07,9.451775537921004e-06,1.001294534337856e-05,1.0499899609520626e-05,0
0.685643287620426,0.3142911404779013,1.7830834638411357e-05,1.5747190717961877e-07,1.4486923957012703e-05,1.0870516184368623e-05,2.2226154985591967e-05,0
0.6468722340430354,0.3528746387834252,1.761060635667071e-05,1.5552697480579247e-07,0.00019290473401281603,1.2270915217514118e-05,3.018539097781204e-05,0
0.619084319860246,0.38059532170733845,1.6555577075207854e-05,1.6034763788926136e-07,0.0002518906215574879,1.2584212152432491e-05,3.916767399239146e-05,0
0.6041468564832613,0.3955423220579144,1.7205759046013583e-05,1.6664492023365073e-07,0.0002617830427040139,1.30784279578458e-05,1.858758419613081e-05,0
0.405734509596435,0.5937930879544692,1.571533939893106e-05,1.5220958712579352e-07,0.0004255930510181531,1.5551895606605846e-05,1.5389953485073914e-05,0
0.3664738972911129,0.632396034710641,7.627617962000667e-05,1.597774632643633e-07,0.0008773895142443715,0.00016684747188598992,9.395055032448732e-06,0
0.9396968619227287,0.012522771553424222,1.6236509328466997e-05,2.7566860596822325e-07,1.88903710539328e-05,1.1594901655405566e-05,0.04773336907320347,0
0.9258217036541092,0.017258771064234638,1.5796230122480017e-05,2.6819340594241287e-07,1.8154983900134393e-05,1.1113788368004574e-05,0.056874192085859594,0
0.917540150657609,0.027602618757266748,1.8117870529081867e-05,2.502479719381769e-07,1.7503584425392986e-05,1.2747230014873293e-05,0.05480861165218309,0
0.8927198548415571,0.043853894561374104,1.8798665928197563e-05,2.4279382382681556e-07,1.8080866702206287e-05,1.3305349362051238e-05,0.06337582292125257,0
0.8221521188118489,0.16475446607005448,1.409868503459446e-05,2.3736239432975573e-07,1.702513817468632e-05,1.2698864963671528e-05,0.013049355067529545,0
0.2947312524509583,0.7006617013202311,2.427613578982792e-05,1.6354424738426094e-07,0.0045652891740734615,1.3294654339073054e-05,4.022720361032402e-06,1
0.2969016086517894,0.6889815577064352,3.2652744485882066e-05,3.497005406142012e-07,0.01405951864445242,2.058903111657268e-05,3.723521179962302e-06,1
0.34437432165958326,0.6295674869030263,3.7140749024478055e-05,2.9592729480662054e-07,0.025983243135158096,2.5942233547783855e-05,1.1569392365320778e-05,1
0.13605503606925756,0.8577403162044945,2.2527938806796672e-05,1.983566392709503e-07,0.006156964659460342,1.7527678688664767e-05,7.429092652784117e-06,1
0.19886059457894903,0.7963564786467783,2.516458371649705e-05,2.1603523725903888e-07,0.0047284567273963305,2.0998215045977896e-05,8.091212876778392e-06,1
0.2582937024538941,0.7416098253280162,2.3256711267926683e-05,1.850367180244465e-07,3.254657010547139e-05,1.667554969993408e-05,2.380835029805036e-05,1
0.5894210015845224,0.41050746965326274,2.381675299069948e-05,1.8949256223839384e-07,9.603250375553982e-06,1.4390873455459047e-05,2.3528392831060282e-05,1
0.667247709556938,0.3326673221898169,3.1667875785563984e-05,9.471285668961274e-08,1.2820121143488832e-05,1.5326858936550387e-05,2.505868452262762e-05,1
0.2604703846040454,0.7394089574447277,3.997046625493478e-05,2.91520912720192e-07,3.728039416527039e-05,2.1317448637576744e-05,2.1798121256190727e-05,1
0.06792737630548075,0.9035541329929964,0.0021052971874499756,2.3224948394384948e-07,0.02560388483410141,0.0007748276148223765,3.4248815665387054e-05,1
0.08407001266238888,0.8434018198905354,0.0014193693255404281,2.2533765525182596e-07,0.06985500150709711,0.001234198384432159,1.9372892350747497e-05,1
0.10862544547212125,0.821723515977752,0.0016635066288502734,2.578974989279898e-07,0.06632915199633072,0.0016404473466365976,1.7674680810181096e-05,1
0.33642869809998915,0.6291387253787522,0.0004706629409277769,2.251197742568808e-07,0.033018125400163315,0.0009290830737303114,1.4479986663061635e-05,0
0.7060369277171156,0.29380769614995367,1.5835740160966053e-05,5.6125246039032165e-08,1.110298370057267e-05,9.879565748451292e-06,0.00011850171807476665,0
0.6719887817928551,0.3276017762594081,2.3203637254146995e-05,7.68089141882697e-08,2.6520997270745643e-05,1.139367868021944e-05,0.00034824682561728404,0
0.6532950912074375,0.3464258684930834,2.241375473925455e-05,7.419423711671079e-08,1.859991344085724e-05,1.3060198315049932e-05,0.00022489223874686194,0
0.7434755785655927,0.2564276943459541,2.1894814502775492e-05,1.5508951540669007e-07,1.1383240417087315e-05,1.2048964013389454e-05,5.124498000457675e-05,0
0.7058694360046079,0.2940629053057147,2.3062449340497865e-05,1.971391341292007e-07,1.241609272006254e-05,1.621167870877841e-05,1.5771329773912105e-05,0
0.6407807819610266,0.35916273218220507,2.1152546139994604e-05,1.892387012366712e-07,1.3726584228977127e-05,1.4985248400278509e-05,6.432239297740172e-06,0
0.6512748993244928,0.3486649212277241,2.0471185727820355e-05,1.8314299253945e-07,1.2660445323645925e-05,1.506071012195838e-05,1.1803963617141893e-05,0
0.45524306456289887,0.5446948565008549,2.0995413211356975e-05,2.2009071094724795e-07,1.894533376035212e-05,1.533072451957252e-05,6.5873740439012555e-06,0
0.5826662676952364,0.41728514134348504,1.764413153121289e-05,1.71106832904914e-07,1.580742758264366e-05,1.0122205536198517e-05,4.846089795767879e-06,0
0.13993246319211355,0.8600164007044115,2.007409164774276e-05,3.1207486805044716e-07,1.4946562899281522e-05,8.160645534883741e-06,7.642728525011258e-06,1
0.6264226265475051,0.37277004370512556,1.2747540793522981e-05,1.1981601287662898e-07,7.45157181025904e-06,8.048264585626161e-06,0.0007789625541669336,1
0.9545909035423116,0.0385884506451716,1.047403063465274e-05,1.5946348115599872e-07,7.531549741312866e-06,7.971961711032962e-06,0.006794508806948541,0
0.9619362941500638,0.0280109649274976,7.040582334252805e-06,8.654102744165854e-08,3.7720378706964445e-06,4.4898520172177365e-06,0.010037351909188993,0
0.9094750092390059,0.03899789936853054,1.9076960345486316e-05,1.488277095185827e-07,9.363121000478464e-06,9.823541053979962e-06,0.05148867894235414,0
0.9609663921946827,0.02262772518395756,5.853364234260311e-05,3.5925702989068074e-07,2.8126356656601057e-05,2.345107830956037e-05,0.016295412287020746,0
0.9642245549095398,0.020543258849919407,5.6755909801776615e-05,3.483459898973179e-07,2.72721275759867e-05,2.554898377999082e-05,0.015122260873393273,0
0.9624716981818631,0.019784156354091413,5.2088273938242695e-05,3.485295345931717e-07,2.7286497353467688e-05,2.6478639482737918e-05,0.01763794352373674,0
0.9902533268038759,0.0027017489852467305,9.980307926146988e-05,1.718428050704709e-07,1.3371900098396617e-05,1.558163144294707e-05,0.006915995757269512,0
0.8384813434157751,0.0030940792937006164,0.0001500956702725751,2.7930048380505767e-07,1.9236127692390834e-05,2.1448633327004767e-05,0.1582335175587484,0
0.832776756268744,0.007360345156621839,0.0002129359441659765,3.3251381488419977e-07,2.4675960807719684e-05,2.5521724888981535e-05,0.15959943243095678,0
0.7956593744458652,0.005054077425103547,9.605869258122948e-05,4.0476923101228754e-07,4.018551723165507e-05,3.036493792995252e-05,0.19911953421205747,0
0.9772458819857118,0.005147223803435766,5.8514695961654994e-05,3.168903332280182e-07,2.632872784253932e-05,2.161194104247574e-05,0.017500121955672833,0
0.9771332249426073,0.005050816498043563,5.931525777778293e-05,3.109549893809221e-07,2.6752875559464287e-05,2.1207150211579793e-05,0.017708372320811187,0
0.717489886861233,0.005018631929201559,4.6287711090174386e-05,3.067133741748188e-07,2.6401783235179178e-05,2.3161054221148957e-05,0.2773953239476445,0
0.09153582442342686,0.001046958629019447,6.6654307844724915e-06,3.815345486453649e-08,2.5253616813652917e-06,2.0243542604714684e-06,0.9074059636473725,6
0.10804265216192634,0.0011701944579409244,6.704180297601095e-06,4.189672690087246e-08,2.8665628225732586e-06,2.6739345237889747e-06,0.8907748668057618,6
0.9380984520047588,0.057322916479716234,3.127654971064187e-05,6.99287183824445e-08,1.2803664748878021e-05,8.707998913188846e-06,0.004525773373433925,0
0.9418279151074849,0.05365290182308765,2.313703834537074e-05,6.768010180369336e-08,9.026039990010528e-06,8.913743854006863e-06,0.004478038567136483,0
0.6884919839032335,0.305286130273598,2.4281994679673883e-05,1.822432313184912e-07,1.3228923635054032e-05,1.3300101430429529e-05,0.006170892560192097,0
0.8574258416425877,0.1182670339843166,2.6874347107471367e-05,2.3447566364256066e-07,2.0697146268102324e-05,1.6656698984949342e-05,0.02424266170507164,0
0.7982818233586644,0.13745249763830406,3.918758519713413e-05,2.3590106981834683e-07,3.464158176993747e-05,1.68266643971827e-05,0.0641747872705977,0
0.7751377710495156,0.1866949669866382,2.8268476546073034e-05,2.2552939352690386e-07,3.391877769013379e-05,1.6087517311695952e-05,0.03808876166290465,0
0.7840282894223068,0.16959293837049844,2.8469548633009026e-05,2.271335714438833e-07,3.4557601918204076e-05,1.620194691932654e-05,0.046299315976152694,0
0.7778727612121141,0.18662183204069654,2.9496193259132462e-05,3.563631798546864e-08,2.0567661101454425e-05,1.5453595854300192e-05,0.035439853660656356,0
0.7515950074071512,0.2046520836736134,2.8499765895562994e-05,3.4432467642286145e-08,1.7542007844347716e-05,1.4931549309531206e-05,0.043691901163718336,0
0.8503460226126921,0.1472366606167826,2.6855828115130413e-05,8.833710771545244e-08,1.5166813335901741e-05,1.0607532432869454e-05,0.0023645982595338517,0
0.5723321578969119,0.4275828740537203,4.045562373071159e-05,2.2226335284236377e-07,1.7641468542059886e-05,1.4884058831674968e-05,1.176463491053931e-05,1
0.6313916890430671,0.3685523190421636,1.9588820891767213e-05,1.9757293444011278e-07,1.6677185478417347e-05,1.3955745953272758e-05,5.572589511234732e-06,0
0.6579775603870778,0.34196253295034973,2.1079057500024926e-05,2.126034674839521e-07,1.7601031013746797e-05,1.501744148002354e-05,5.996529111189171e-06,0
0.6660905668364469,0.33384699456659783,2.1786590385678616e-05,2.091531191740131e-07,1.976991924401865e-05,1.4773722953494247e-05,5.89921125306979e-06,0
0.8598353389017009,0.1401277057731072,1.4851269307349664e-05,1.4477872836266205e-07,8.447701015734187e-06,8.526377014085908e-06,4.9851991261944065e-06,0
0.7586396862017099,0.24131239404430374,1.98062324665005e-05,1.288996596526747e-07,6.1079485556888e-06,8.508007398311234e-06,1.3368665906264332e-05,0
0.7581772854515063,0.24177348975868568,1.559033285142182e-05,1.4570607463686054e-07,7.923864072332696e-06,1.019330823208591e-05,1.537157857741547e-05,0
0.7233832978597498,0.27656174651677184,1.567884016777499e-05,1.38466701848339e-07,8.669747525831551e-06,1.0924877571568964e-05,1.9543691511366044e-05,0
0.7053682830649857,0.2945634760111319,1.4870716119043835e-05,1.3132980457055978e-07,1.738800127084362e-05,1.0361783860519204e-05,2.5489092827480043e-05,0
0.3802389237520192,0.6190340076502073,1.614814531076346e-05,1.5640149208395776e-07,0.0006883639746123456,1.0234694159240894e-05,1.2165382199081058e-05,0
0.8148299487271224,0.18349818714289642,0.0008055600133596089,1.69409958069481e-07,0.00030329777087176736,0.0005577817751700161,5.0551606216852705e-06,1
0.9172822902689951,0.019116356025442774,1.7918932691032097e-05,1.7255777266472162e-07,1.643524362138455e-05,1.1913241692731873e-05,0.06355491372978428,0
0.894113242373091,0.04579375646494202,1.856255668654021e-05,2.397443592615216e-07,1.9348802831296114e-05,1.2794757528877339e-05,0.060042055300561066,0
0.8901902273260243,0.04282669758027715,2.029842505499882e-05,2.440932565902753e-07,1.8952133248220086e-05,1.3376559603802115e-05,0.06693020388253496,0
0.8981984307945733,0.042017550273215444,2.0337007660691172e-05,2.394814743982976e-07,1.8594060633535602e-05,1.3123829232498605e-05,0.059731724553210186,0
0.9319988745997771,0.04052051972949137,1.7231002726902988e-05,2.1318923364296123e-07,1.3097650581496699e-05,1.1364010897024375e-05,0.027438699817292186,0
0.9188343996035951,0.04271883872327314,1.9338903039090625e-05,2.3926906540164444e-07,1.4784631976477019e-05,1.2925050826607987e-05,0.03839947381822427,0
0.8190483255075914,0.1672219586623811,1.5501565115175412e-05,2.2044484461339964e-07,1.5826871497256956e-05,1.4681427716565086e-05,0.013683485520853791,0
0.8325487530178083,0.15331633224357175,1.6710990023838942e-05,2.2692319520114816e-07,1.7253273349962358e-05,1.5112880019491e-05,0.014085610672031316,0
0.8325487003554607,0.15331632254564362,1.6710988966795783e-05,2.9017755174701983e-07,1.7253272258617407e-05,1.5112879063535282e-05,0.014085609781054874,0
0.855786058456036,0.13358944773962153,1.4619909062266693e-05,2.508802802979592e-07,1.4775693992068482e-05,1.2699617132867671e-05,0.01058214770387527,0
0.803488872487015,0.19471068056249063,1.2742822309409622e-05,1.6577795966469142e-07,1.2551590233269707e-05,9.285661254116428e-06,0.001765701098737823,0
0.7275416816889163,0.270825514112902,1.7724150484326526e-05,2.2622366937337063e-07,1.6091044572747815e-05,1.2915542053263146e-05,0.0015858472374019115,0
0.8408752710817249,0.15871276309889046,1.3623196435549338e-05,2.012029998806402e-07,1.041172086123321e-05,1.1205179381896283e-05,0.0003765245197060176,0
0.19804880798542718,0.7963538640140574,2.772950764553175e-05,1.669682210451454e-07,0.00555175159219567,1.3572992140711497e-05,4.106940312400768e-06,1
0.1908532468024863,0.8027754055340567,2.8630445558917922e-05,1.8475749351928292e-07,0.006324372815635074,1.4030001397101291e-05,4.129643372288395e-06,1
0.08966957662909705,0.8985975669299481,2.6605173444618833e-05,1.5350155411889128e-07,0.011687386821450476,1.1780315224262255e-05,6.9306292814060515e-06,1
0.21113409446824746,0.7887635644470862,2.6231740567500576e-05,2.0870686000100796e-07,3.9767235163593446e-05,1.8808708097623007e-05,1.7324693977570778e-05,1
0.4987506789537749,0.5011803095344992,2.2593943590285418e-05,1.7976355818380507e-07,1.026540465394524e-05,1.3652011388561166e-05,2.2320388535021674e-05,1
0.5379709371066785,0.4619567655885733,2.3956247147853444e-05,1.9060241567923498e-07,1.0009096655157975e-05,1.4475160459827889e-05,2.3666198069601316e-05,1
0.6657057014338968,0.3342134975144787,2.662892961932824e-05,9.942923250186575e-08,1.1676087594797931e-05,1.6090084007493555e-05,2.630652117015597e-05,1
0.21713960546366606,0.7827277401491016,5.0189909270934706e-05,3.852091302962065e-08,4.449737574691961e-05,2.6648748110546432e-05,1.1279833190717859e-05,1
0.25592727961225126,0.743831543430478,4.265289671205274e-05,1.5918292627324438e-07,0.00014003648732959507,2.074983705619933e-05,3.7578553246742904e-05,1
0.1746993316163279,0.8251778274677356,3.071163213839617e-05,2.538365513674859e-07,3.80837065770982e-164,2.2718674343985266e-05,6.915677290296976e-05,1
0.06838071172526243,0.8987161433454318,0.0019397872820231608,2.411597817858141e-07,0.030158128185321445,0.000781602654410614,2.3385647768572387e-05,1
0.6146732925681332,0.383303931463301,0.00013112412728295193,1.504318834646196e-07,0.001759053711491392,0.00010486137525140082,2.7586322656278804e-05,0
0.7035837734492228,0.2961622664658106,1.695247092674601e-05,5.824340188300163e-08,0.0002027488444077393,1.1441698413178611e-05,2.275882781712411e-05,0
0.6470640935270555,0.3527017474396628,1.7953972983518288e-05,6.363271566945348e-08,1.5041636912890735e-05,1.1201084049977634e-05,0.0001898987066196307,0
0.6592621579312755,0.34039164393874266,2.5458369311717732e-05,9.138698859376759e-08,3.1836178841419204e-05,1.6086588943186145e-05,0.0002727256058969403,0
0.7037024784472997,0.2959551819432568,1.9148301166834083e-05,6.338489974935479e-08,1.592008599018065e-05,9.402387581627395e-06,0.0002978054498049311,0
0.8105163186673091,0.18938389073520678,1.698142114664547e-05,1.4515815782213518e-07,9.804995487967976e-06,1.1760637365883805e-05,6.109838532577447e-05,0
0.705165708270287,0.2947581145987716,2.2380611730911097e-05,2.0022544183614314e-07,1.2545246190359495e-05,1.622215966493658e-05,2.482888791331164e-05,0
0.6150474351430966,0.38489711854596387,1.8908700827248786e-05,1.8466831819378966e-07,1.438872482713244e-05,1.3361963055497543e-05,8.602253911398527e-06,0
0.7372170984905636,0.26273490030191793,1.5587055956144525e-05,2.581704983264084e-07,1.6049399145009337e-05,1.2786653422901904e-05,3.319928496031046e-06,0
0.6404054147742559,0.3595486307634946,1.668677784993604e-05,1.6182273999938568e-07,1.4949731698831528e-05,9.572984356591133e-06,4.583145603951506e-06,0
0.17026983199619608,0.8296184562500608,2.6097414450700302e-05,1.9055071550934828e-50,2.0948307320231898e-05,1.0609284467079015e-05,5.405674750518704e-05,1
0.17406208336930923,0.8255856048636614,1.7382690886749737e-05,1.2382742244839876e-07,1.0850920221495571e-05,7.533566097794993e-06,0.0003164207624008977,1
0.6107662579544679,0.3886199200494289,1.146518574139569e-05,1.0776296892668049e-07,6.701971482482081e-06,7.238639190469252e-06,0.0005883084367199207,1
0.5930742982317633,0.4051468124878604,2.1266738078066664e-05,1.676559304563555e-07,1.1240819399465232e-05,1.0147572021711866e-05,0.001736066494946855,1
0.6547983437958104,0.341338373997598,1.6926806603112597e-05,3.079729942743331e-07,9.093167762029599e-06,1.0106713500226498e-05,0.003826847545732258,1
0.9421604184027326,0.04874455481526167,1.1308632018601922e-05,1.6719854867126682e-07,8.766507399753797e-06,8.412518134452713e-06,0.009066371925904284,0
0.8831302382057372,0.07576863983017511,1.8324177100795806e-05,1.414881806634324e-07,9.298735380724734e-06,9.615760044220876e-06,0.04106374180338128,0
0.9111927165955813,0.05617166494090058,1.6848460002707917e-05,1.3009358835874946e-07,8.549872132108003e-06,9.005411265673136e-06,0.03260108462652942,0
0.8831272579979076,0.02243483522398711,1.706440707268551e-05,1.7162834493708143e-07,1.4765969067484129e-05,1.1233329056652578e-05,0.09439467144456337,0
0.9719381069855596,0.017241690563946022,3.606850124320283e-05,2.4559953809226443e-07,1.7845032170125768e-05,1.8668577773914874e-05,0.010747374739769062,0
0.9770125367701955,0.006870451703659504,3.703316681181412e-05,2.5216818968293986e-07,1.8322304236109523e-05,1.9167875875380387e-05,0.016042236011032118,0
0.9763167795597248,0.006280972899946091,4.013097343734332e-05,2.519886138539508e-07,1.8309256424740742e-05,1.915422590944055e-05,0.01732440109594371,0
0.8040229630437536,0.004641462765010778,0.00025537659154816367,3.93366172324953e-07,3.1858405488829856e-05,2.9509504407037312e-05,0.19101843632361906,0
0.7174278229088465,0.004240420905981917,0.00027508876270275826,3.6816345430545725e-07,2.9178879942405197e-05,2.763332784998786e-05,0.27799948705122196,0
0.6780986223964951,0.004221280352516696,0.0001334400009701611,3.377215198483334e-07,3.239637054206049e-05,2.534844067445737e-05,0.31748857471728165,0
0.6771204539674222,0.004234150519140502,0.00013384684318469036,3.387511913863305e-07,2.9225709679315543e-05,2.5425724964504442e-05,0.31845655848441734,0
0.9703466377179238,0.005509676543033815,8.050988052955096e-05,3.277798101640793e-07,2.701382849795179e-05,2.6975420311060237e-05,0.02400885882989341,0
0.9587234907822834,0.005851939221087549,7.53697932699528e-05,3.5337286991723723e-07,2.780429982486687e-05,2.8651904309960906e-05,0.03529239062635432,0
0.9611809991927083,0.007771157497392443,5.330270548050701e-05,3.128699911628363e-07,2.8537978171289025e-05,2.3679822764118644e-05,0.030942009933492137,0
0.6679282730047273,0.003994872570668239,4.0659767048615025e-05,2.783202623597136e-07,2.3957713798913434e-05,2.1016985987978353e-05,0.32799094163750653,0
0.4420454146530948,0.002057655537639484,3.7871891982739377e-05,2.117073140457976e-07,1.8743290986962458e-05,1.876392578386789e-05,0.555821338993198,0
0.39541193331692814,0.002034501293274438,3.996806901502103e-05,1.89360174515858e-07,1.7764679421236754e-05,1.6783266449959297e-05,0.6024788600147367,0
0.14539923663491264,0.0014609648586768797,8.370037778390821e-06,5.230724285215094e-08,3.5788475330316095e-06,3.338354875250831e-06,0.8531244589589809,6
0.0738381908714273,0.0009554107428406622,5.638382206226932e-06,3.3766157350729986e-08,2.3102714336557333e-06,2.0728217766781368e-06,0.9251963431441582,6
0.08728736812285189,0.0012006491831210956,6.09225810001611e-06,3.825195330778576e-08,2.8215061911927183e-06,2.348193814098284e-06,0.9115006824839684,6
0.10916365104333292,0.0010780894528222393,7.3542047131848805e-06,4.606231171637903e-08,3.15157101890943e-06,2.904948482580807e-06,0.8897448027173184,6
0.7375696715454143,0.2389862191919687,4.10818111655793e-05,2.580278886280962e-07,4.088747493785937e-05,1.8560274498656788e-05,0.02334332167412637,0
0.7421942444020093,0.24048466635569185,4.133939473516674e-05,2.596457273435816e-07,4.041259633183307e-05,1.8676647696971186e-05,0.017220400957807462,0
0.7505172202551164,0.22854786947995692,4.047845231579374e-05,3.851022869130189e-08,2.401854584747991e-05,1.8287684134320646e-05,0.02085208707240055,0
0.8410385734308538,0.1567025664639946,2.2910538141606285e-05,9.994494390633938e-08,1.1183594762080074e-05,1.2001403050264917e-05,0.00221266462425395,0
0.6289655413666149,0.3708409819222879,3.1538122630583275e-05,2.1027919282081898e-07,1.4840308444729925e-05,1.2075510266522084e-05,0.00013481249056243648,0
0.5933787098320807,0.406514060732238,3.3839961700334337e-05,2.161133516009102e-07,1.5873399304632154e-05,1.3323308134930421e-05,4.39766531895235e-05,0
0.59770099114281,0.40223234734393537,2.6882125805504643e-05,2.0125649820681854e-07,1.5041897905251367e-05,1.1557372261608318e-05,1.2978860784115627e-05,1
0.32971662528621176,0.6702040040113035,3.4010661526907154e-05,2.0673821795459462e-07,1.8869383438296544e-05,1.3771032989234004e-05,1.2512886312354628e-05,1
0.4038560625228692,0.596078113344451,2.18420256092495e-05,2.1192616046708476e-07,1.9653167766666813e-05,1.6909492242844342e-05,7.207520900537035e-06,1
0.632751735199532,0.36719309295947794,1.9631016094880995e-05,1.9799851544596037e-07,1.5772426000399416e-05,1.3985807259073465e-05,5.584593120211274e-06,0
0.7515529555730549,0.24839771767119057,2.038777560443291e-05,1.32684362911087e-07,6.287287840704906e-06,8.757816307114788e-06,1.3761191639477264e-05,0
0.695756817836552,0.3042006966993324,1.55505267687174e-05,6.820530223302175e-08,7.948562299041131e-06,1.0167282125114048e-05,8.75088762061781e-06,0
0.36197552211625433,0.6376058372398037,1.7451298057603236e-05,1.690230675092914e-07,0.00036470497873487427,1.2166343657565531e-05,2.414900042452725e-05,0
0.7246614466858327,0.273832077263403,0.0008040446450912455,1.9479960339317553e-07,0.00024488222800715323,0.0004507068454532649,6.647532609377752e-06,0
0.9038854508059295,0.0356108093341706,2.0154676306028355e-05,2.423646446328497e-07,1.9560275523157243e-05,1.2934597799096317e-05,0.06045084794562706,0
0.8981991180901167,0.042017582424769113,1.991493148036217e-05,2.394816576479498e-07,1.8594074861588745e-05,1.2780737580885863e-05,0.05973177025953373,0
0.9091177706285845,0.04809920999055617,2.0571590054283882e-05,2.545203890916101e-07,1.5573387598489506e-05,1.4022037382940722e-05,0.04273259784543454,0
0.9053051279158254,0.04760077252923074,2.0866985227853277e-05,2.6950716367637165e-07,1.6835077395863038e-05,1.4558479520972465e-05,0.047041569505635324,0
0.849432400811379,0.14052459338524126,1.4497229737663032e-05,2.636297201906622e-07,1.5674800860812402e-05,1.324150728463252e-05,0.009999328635776381,0
0.8541236869716043,0.13700856055679217,1.4134497959180304e-05,2.550402281218052e-07,1.5282605351981236e-05,1.291019464255798e-05,0.008825170133421654,0
0.8479500189214622,0.1421172527361493,1.479152236813231e-05,2.689813829033825e-07,1.5992998093034388e-05,1.3510308847461367e-05,0.009888164531697113,0
0.7934011213910215,0.20600277411313658,1.5617159047200343e-05,3.143401715781156e-07,1.240359382064642e-05,1.2672993302723781e-05,0.0005550964094995231,0
0.20133259089900896,0.7927701182721625,2.4231262597118e-05,1.6482449459011413e-07,0.005856324189427648,1.25163415314165e-05,4.0542107777514915e-06,1
0.33764366295200765,0.6386676431222746,3.4462996139094134e-05,3.484924039655969e-07,0.023628044728039182,2.2153897613695015e-05,3.683811521663109e-06,1
0.3459405851074869,0.635302359374245,3.207844153845017e-05,2.707609142065571e-07,0.01869719231564286,2.1992218814238327e-05,5.521781358425762e-06,1
0.254793582778736,0.7270433960897416,4.431833732822101e-05,2.8624468444079663e-07,0.018092182477157482,1.9604701899036774e-05,6.629370453417694e-06,1
0.2728930798064067,0.7071234753764696,4.8197236143841555e-05,2.8509235012253334e-07,0.019906612808345964,2.1743536387412505e-05,6.606143896279811e-06,1
0.3424482040922057,0.6397781905612604,4.20078571530086e-05,2.7132168171706287e-07,0.01770435998366213,2.0682427384597184e-05,6.283756652671462e-06,0
0.19752735717602135,0.7950833905816815,2.4438120021167533e-05,2.0440109390317868e-07,0.007341812972648331,1.787790513124012e-05,4.918843402579251e-06,1
0.2428000414282727,0.7571035511583708,2.6072404989421973e-05,2.0743914282068365e-07,2.4742277033264606e-05,1.8694461146684516e-05,2.6690831044407285e-05,1
0.4413845115163241,0.5585325602676946,2.725190676306419e-05,1.0603408299595072e-07,1.4512818936226632e-05,2.03618374231469e-05,2.0695618775884377e-05,1
0.07850171752829949,0.9187765674356695,3.7354195140839084e-05,2.3499002833115755e-07,0.0026009603681521197,1.9143371094155404e-05,6.402211161556899e-05,1
0.08058203790226628,0.8746120178194304,0.0011758033240573927,2.3367630553142268e-07,0.042417693414890316,0.0011921875909419802,2.002627210815382e-05,1
0.22737063213936404,0.6744449400330643,0.0018773789722567318,3.4660235324703484e-07,0.09423280692475264,0.0020593304630888436,1.456486512004844e-05,1
0.624657629965222,0.372165950017406,0.0002785008876988047,1.4556835306667283e-07,0.0024107367115186306,0.0004652256894603469,2.1811160341148475e-05,0
0.6189650325272918,0.3802469967416031,2.011982506733297e-05,1.4729471481213484e-07,0.0007271131506201299,1.3579434616999648e-05,2.7011026085622207e-05,0
0.7711193926889914,0.2286716494101138,1.337540688227445e-05,4.595372566980171e-08,0.00017023604977264931,9.027437496388206e-06,1.627305301769474e-05,0
0.6837306061991906,0.3161913975150877,1.6203852865521794e-05,5.86168499544524e-08,1.0061634463421765e-05,1.0318155624464928e-05,4.135402591835971e-05,0
0.7601437168771356,0.23977279941879903,1.2376105972723994e-05,4.386356341185973e-08,8.18999706773123e-06,7.721176997379348e-06,5.51525604640049e-05,0
0.7015460359160253,0.2978211576514497,2.685309339239966e-05,8.888938072404118e-08,2.0577372380433417e-05,1.5646942208352218e-05,0.0005696401351632115,0
0.5695581949362842,0.43029876811850853,2.4547015314166904e-05,1.8684937869452371e-07,1.3119931698599111e-05,1.536550369722764e-05,8.981764511851466e-05,0
0.8060088067743694,0.1939179208947936,1.6739330332089993e-05,1.4308875171277223e-07,1.002439248505005e-05,1.1330771526591709e-05,3.50347477415394e-05,0
0.7694409037007799,0.23047090125072997,1.9260929024999117e-05,1.7231557700804837e-07,1.1328080063090212e-05,1.4170320790500319e-05,4.32634030346802e-05,0
0.6420231236702492,0.35792655720211447,1.7958061402334643e-05,1.753840746377955e-07,1.3665328269120305e-05,1.2559034510562686e-05,5.9613193797612845e-06,0
0.6232827396139415,0.37666701224807503,1.7207923035579932e-05,1.8276990694113944e-07,1.6280502044794456e-05,1.169950234383878e-05,4.877440652334573e-06,0
0.7743887881310916,0.22556327803819867,1.4610214756052057e-05,1.697207699883763e-07,1.5961278130664216e-05,1.2495265741301016e-05,4.697351311851925e-06,0
0.7561364979273074,0.2438184105483234,1.3825186956793599e-05,1.606014295284946e-07,1.4836902909374224e-05,1.1823877186798086e-05,4.444955886852478e-06,0
0.6564441754579275,0.3435071980647567,1.6652475814390336e-05,1.6482569841755128e-07,1.5227155147813384e-05,1.1913825226539336e-05,4.668195428674022e-06,0
0.48520373684102863,0.5147541515043857,1.711189570660207e-05,1.9398692384179335e-07,1.1126132839311907e-05,8.979731782673711e-06,4.699907333115874e-06,1
0.14218275486650048,0.8576885702389447,1.682976117060814e-05,1.381435932697874e-07,1.4256245707366319e-05,8.00997939404141e-06,8.94407646898622e-05,1
0.17578035107151796,0.8238477073442673,1.8746519195686416e-05,1.335427965097599e-07,1.1692311187191766e-05,8.922243812329985e-06,0.0003324469672228748,1
0.6903564635832355,0.2972880332217779,2.7913746097184433e-05,3.041230440053266e-07,1.548525848586692e-05,1.366303585190972e-05,0.012298137031507641,0
0.8937926770890792,0.08659905694539624,2.0516157416039213e-05,2.5455149146348e-07,1.3339579475990938e-05,1.176984890476368e-05,0.01956238582823651,0
0.9225205397781315,0.06545924519491218,1.8065501026196555e-05,2.0960876311330293e-07,1.2958541266102156e-05,9.916081788727708e-06,0.01197906529411214,0
0.8466687589291374,0.09583414887052773,2.055518470105745e-05,1.5626723925814795e-07,9.47944865713586e-06,9.453302477299622e-06,0.05745744799725996,0
0.8403028621817061,0.07510212823203123,1.69014289730945e-05,1.4551182296195033e-07,8.576751616862211e-06,9.07673065032652e-06,0.08456030916319962,0
0.7890583829405056,0.06414049900501305,1.4080822125898548e-05,9.597016004054203e-94,9.79816562373259e-06,7.4466406137164686e-06,0.14676979242611793,0
0.78634707424274,0.0816427698519464,1.4326469033149232e-05,1.1474299068750456e-93,1.5541396403349418e-05,8.86110040288031e-06,0.13197142693947433,0
0.7171112393899148,0.06127627052182684,1.448792613167292e-05,1.5623924679787702e-07,1.694349964425751e-05,9.381398005147037e-06,0.22157152102523034,0
0.8698511178116085,0.02492094671063472,1.7087511609658976e-05,1.7186072297543944e-07,1.478596160966948e-05,1.2352815384773941e-05,0.10518353732842971,0
0.8965633818113501,0.022860405260315093,1.8835662715081744e-05,1.751650114606345e-07,1.5070244614206528e-05,1.2590317385981525e-05,0.08052954153860808,0
0.9162052369753046,0.013759510821392564,2.1543085297631294e-05,1.79726873418532e-07,1.4704797712992501e-05,1.291820986543295e-05,0.06998590638355331,0
0.8454875800786008,0.010859977505500133,2.1175520914775565e-05,1.6296930910298257e-07,1.2368181141711137e-05,1.1952772116411468e-05,0.14360678297241716,0
0.9768478208631352,0.008198928885289239,5.815489559932407e-05,3.219502550165867e-07,2.5205596397196843e-05,2.4459346734877115e-05,0.014845108462589187,0
0.9837618988297149,0.00522849970775624,8.915097326818504e-05,2.629383985532382e-07,2.2057770117247993e-05,2.1710285670354875e-05,0.010876419495074648,0
0.9850733379218171,0.0039024233083384827,9.601260969322124e-05,3.345316744645873e-07,2.744034918352826e-05,2.2852425419610127e-05,0.01087759885387372,0
0.6034903610895173,0.0031659487522720034,9.248141345419782e-05,2.7616620951852115e-07,2.5060831104411062e-05,2.0728269792857097e-05,0.3932051434776498,0
0.9662978662175077,0.003999864653650636,0.0001199384583772527,3.5815790642024687e-07,3.2127301349552556e-05,2.9475458108842112e-05,0.029520369753099792,0
0.9252199277325456,0.007448595123270514,7.863116434989577e-05,3.534724469018198e-07,3.055058477400502e-05,2.8659978133609005e-05,0.06719328194447931,0
0.4852311132618643,0.004449559440123492,2.886913016247698e-05,2.1172584353944586e-07,1.7871387120089625e-05,1.571347549525714e-05,0.5102566615793909,0
0.6416145160193476,0.0031518557796918513,3.5461074769724115e-05,2.556139423583081e-07,2.158721100746457e-05,1.89374543444121e-05,0.35515738684689635,0
0.7107514579571468,0.25948436888150805,3.992746855256871e-05,2.5077765844744346e-07,3.928142723882118e-05,1.80387562122156e-05,0.029666674731683294,0
0.7119014786763581,0.27132925137690855,4.5911751471955824e-05,2.511834254703614e-07,4.588066499147322e-05,1.8067943550715724e-05,0.016659158403293853,0
0.7364196793374054,0.24622241174308862,3.9640259326953954e-05,9.273935728516461e-09,2.502422815094723e-05,1.7908998494269056e-05,0.01727532615959799,0
0.7520523597757378,0.21902757934468556,4.435388739968406e-05,3.690606344070861e-08,1.9965537802140328e-05,1.7525900358969376e-05,0.028838178647952455,0
0.8567576959345151,0.14112799130320253,2.0402339358979864e-05,8.900317618852642e-08,1.1762400038686645e-05,1.0687514029656647e-05,0.0020713715056788996,0
0.45843241930445144,0.5414893695113279,3.2373862429357404e-05,2.2205859490417236e-07,1.9069928200185807e-05,1.4791538140470588e-05,1.1753796855785566e-05,1
0.39912143825654217,0.6008078467322138,2.5170776207956262e-05,2.1325716199325203e-07,2.013216312880797e-05,1.701569225105633e-05,8.183122494165618e-06,1
0.5816419931427115,0.4182918522828456,2.2913185838227693e-05,2.1038754564749095e-07,1.9861262100912905e-05,1.6786726864094943e-05,6.383012094037482e-06,0
0.6730874872827773,0.3268646516209035,1.5852894532275655e-05,1.896290658601689e-07,1.4237216457523485e-05,1.1406104750750544e-05,6.175251512687375e-06,0
0.8789500408686786,0.12101644659572779,1.3657092350577289e-05,1.2301432101346173e-07,7.3699906636984865e-06,7.642121960355058e-06,4.720316297848986e-06,0
0.7743912666851099,0.22555232914511872,2.3437027221961928e-05,1.525290000150715e-07,6.641329542877026e-06,1.0353930815778612e-05,1.5819353190788396e-05,0
0.7292253022155378,0.27071463107121146,1.30392532634155e-05,5.4042433564135614e-08,6.076328618944286e-06,1.1226806555670661e-05,2.967028237930795e-05,0
0.9123672893925324,0.022673172281974255,1.676516065360276e-05,1.3134056454858546e-07,1.410896385542932e-05,1.1146166701312855e-05,0.0649173866937185,0
0.919936231837021,0.030681561037041703,1.6859135703721107e-05,2.1317446968113557e-07,1.698211330568095e-05,1.1208645170563805e-05,0.049336944057287516,0
0.9258693619984393,0.037258020130519,2.0116545873890162e-05,2.373607054945028e-07,1.7363420146035014e-05,1.2652466532537684e-05,0.03682224807778352,0
0.8670475207197454,0.1233248824943322,1.3637059188325234e-05,2.083993628676139e-07,1.5291763564817748e-05,1.3385185417484553e-05,0.009585074378388514,0
0.8773340756440876,0.11967743373386251,1.0564017097606689e-05,1.374327568713692e-07,7.779520195447703e-06,7.697971600736746e-06,0.002962311680399052,0
0.7061081764129045,0.2918909920193628,2.025183034341597e-05,2.837350028458173e-07,1.554784441523789e-05,1.5892746705840717e-05,0.0019488554112652291,0
0.1132413323529067,0.8782004720229379,2.4982025599386132e-05,1.5042475422768355e-07,0.008518145515397757,1.1217640021659598e-05,3.70001838226217e-06,1
0.24867544407353412,0.7448036700248702,2.2681829054818522e-05,1.8937441871287197e-07,0.006480480237523773,1.3687380858358897e-05,3.847079740045791e-06,1
0.3119665868614635,0.6638271371975578,3.305799695804303e-05,3.324385490920855e-07,0.024148045418414484,2.1298511508559282e-05,3.541575548358727e-06,1
0.3261145806612878,0.654838774257748,4.227091916068449e-05,2.7302075496563437e-07,0.01897654429540398,2.1233738790485543e-05,6.323106854105855e-06,0
0.3374704919222266,0.6425879565776943,4.3742870540269126e-05,2.825278412771306e-07,0.019869009675855368,2.1973136743664306e-05,6.5432890985889316e-06,0
0.35613674943258006,0.6242070338366305,4.3116973308871344e-05,2.7848527636394413e-07,0.01958471287518506,2.1658732926925218e-05,6.449664092263114e-06,0
0.33947206974021527,0.6403702554811457,3.591703741791664e-05,2.855466860547646e-07,0.020091839578163958,2.30159446281445e-05,6.6166717429382e-06,1
0.33340559437579187,0.6665218079955424,2.476262734950791e-05,9.634857870327935e-08,1.5576746189690083e-05,1.701163798822242e-05,1.5150268559566459e-05,1
0.06869085150954665,0.9043815150082729,0.0011228761504579728,2.4268001685009196e-07,0.02499081059033956,0.0007525338618029338,6.117019956312244e-05,1
0.09775067921396469,0.855021486895914,0.0008565348997979117,2.544620867077419e-07,0.04532789791617699,0.0010137827050931804,2.936390696656911e-05,1
0.3272447696428773,0.3023192922770235,0.000706739008690276,1.8877687203761113e-07,0.36833371461539893,0.0013868466528303566,8.449026307585725e-06,0
0.640624254280408,0.3545672056109683,0.00015681045510368863,1.441105468731176e-07,0.003994302849341734,0.0006320867276567431,2.5195965974636626e-05,0
0.5624843831830293,0.4345475412666748,0.00021032864477435627,1.6993892831870345e-07,0.0023226557168874048,0.0003926470701696998,4.227417953613199e-05,0
0.23519514183302523,0.7613714238155672,2.1146679999424306e-05,2.1728233159095314e-07,0.0033364276477152554,1.9631136308628907e-05,5.6011605052541675e-05,0
0.6994122741954776,0.3002742807140205,1.2513925270427441e-05,6.034295006497136e-08,0.0002600296772345709,1.1854146799182784e-05,2.8986998247518087e-05,0
0.7199903824066014,0.27947861340835806,2.410797441084105e-05,7.879204755983135e-08,1.9789826558930302e-05,1.3869537672602778e-05,0.0004731580543507142,0
0.7001526327527822,0.29971095776404666,2.5705474404739676e-05,7.582248931544374e-08,2.173471953227672e-05,1.1968437623438225e-05,7.692502912138973e-05,0
0.6709775731773633,0.32868243142796083,4.702853715432068e-05,1.9957335393856202e-07,1.4834789772348838e-05,1.629167472104672e-05,0.0002616408196744254,0
0.5863904397498496,0.4133295001605659,2.797363521561298e-05,2.0353050979072925e-07,1.2565734665497189e-05,1.387264192615664e-05,0.0002254445472673722,0
0.6332611738651832,0.36602007288680144,4.251201509804224e-05,2.0702129589351303e-07,1.4536335530014652e-05,1.6083563983581755e-05,0.0006454143121077665,0
0.6397581650293424,0.3601385207588067,2.398449061581066e-05,1.8256749802418743e-07,1.2819272513490403e-05,1.4673819881859615e-05,5.1654061341471464e-05,0
0.7893470988036329,0.21060086205832337,1.4922002239860733e-05,1.4573296615640551e-07,1.0537573791123606e-05,1.0520751166677832e-05,1.5913077879807656e-05,0
0.7785047943800782,0.22145147953426336,1.2250294888923331e-05,1.2380092258974719e-07,9.845159017503978e-06,7.988587327326151e-06,1.3518243501942847e-05,0
0.6786157638561885,0.32132406308534217,2.167294198231235e-05,2.2105665408510768e-07,1.829176303692171e-05,1.4500201969392608e-05,5.4870948267905604e-06,0
0.7682395126319163,0.2317151773686399,1.38104719081897e-05,1.6043049094742853e-07,1.5087579951624591e-05,1.1811292262772539e-05,4.440224830258334e-06,0
0.5484340002710503,0.4515122002392823,1.9045702044397816e-05,1.8469879072838318e-07,1.706309858860654e-05,1.227494885379239e-05,5.231041390012072e-06,0
0.628345159649115,0.37161511907832956,1.575103533972033e-05,1.7855969585513893e-07,1.0241303158411078e-05,9.224237283277755e-06,4.3261370783575665e-06,1
0.35915098683771146,0.640439145183754,1.678509664273889e-05,1.424841248652879e-07,1.3028273148002348e-05,9.524621080066483e-06,0.0003703875035389173,1
0.9075677686333917,0.08954543086524745,1.2245433970892627e-05,1.2248772529161435e-07,7.512749510463092e-06,6.090283032631148e-06,0.002860829547121455,0
0.8353330773565406,0.07166785637988175,1.7332427976572224e-05,1.4922248262218761e-07,8.795465159121163e-06,9.13863273713666e-06,0.09296365051522223,0
0.7991955241748527,0.0683199154127464,1.6649719473658255e-05,2.281572280527321e-07,1.4183597446550895e-05,1.160905570056862e-05,0.13244188988255215,0
0.77887750010917,0.07972989846307041,1.6230414941490847e-05,1.6682056180971819e-07,1.5600571244436993e-05,9.35650492119715e-06,0.1413512471160907,0
0.8675055270670975,0.03556380414938807,1.733579410329983e-05,1.7435786883459086e-07,1.5000802453859546e-05,1.1411980433381525e-05,0.09688674584865531,0
0.9292920040715419,0.014228557511711358,2.051089110796728e-05,1.7111561686423123e-07,1.2986426445577412e-05,1.2550252468977907e-05,0.05643321973110741,0
0.9662067088552723,0.02256011801731006,3.363377856553938e-05,2.5844151073286365e-07,1.8778117861896402e-05,1.896499330904411e-05,0.011161537796170419,0
0.9732327172463061,0.012282524762696055,3.511262818968599e-05,2.5119261341263085e-07,1.8251419778983484e-05,1.9093720111008355e-05,0.01441204903030455,0
0.9718996218416861,0.008568923637410153,0.00010533301360667311,3.8558271506606364e-07,2.7731251398988608e-05,2.6949333962806135e-05,0.01937105533922051,0
0.9618842127329993,0.006019902011543402,7.444464998900157e-05,3.674797268409548e-07,2.9937263336563714e-05,2.9795705515716546e-05,0.03196134015688923,0
0.9603905521084602,0.006862246367633389,4.2526876718035144e-05,3.0583522510332964e-07,2.6326192460906595e-05,2.314739070549575e-05,0.032654895228796846,0
0.9683202840129714,0.006371977853176093,3.948857299705549e-05,2.896087059400754e-07,2.4445335584359215e-05,2.149364115370579e-05,0.02522202097541173,0
0.08817368783483234,0.001206919888627177,3.869724140661531e-06,3.3545011430754695e-08,2.2951406890974617e-06,2.126472317682652e-06,0.9106110673943817,6
0.7985837588911912,0.18532550340073708,3.306808128540571e-05,2.4818529393713706e-07,3.535335183118985e-05,1.5862191278058918e-05,0.01600620589838298,0
0.7250291912908746,0.26100460089549826,4.2333972076273835e-05,2.658924989469288e-07,4.800866002899056e-05,1.9125985930543483e-05,0.01385647330309256,0
0.7090531137134756,0.27660935351598664,4.407007232326569e-05,4.192720982439799e-08,3.152975110364077e-05,1.991033540850303e-05,0.01424198068449257,0
0.7365350739059033,0.2330654188269763,4.643500647251684e-05,3.879357453999212e-08,2.1542624185211057e-05,1.842223901902819e-05,0.03031306860386923,0
0.7871679095739682,0.2119432064825683,2.5908191101664116e-05,1.8163518554629817e-07,1.583096840526084e-05,1.023323414976166e-05,0.0008367299146212273,0
0.595499971061458,0.40435871425493314,3.3084608280660817e-05,2.1128941117761946e-07,1.8145093200988417e-05,1.4149179278817386e-05,7.572451343727495e-05,0
0.4796931959889262,0.5202316808748713,2.967160142145241e-05,2.1012426571069076e-07,1.769409401928525e-05,1.3996580910724568e-05,1.3550735585297886e-05,1
0.6343646357209735,0.36557255687668827,2.4620277546769345e-05,2.1181347367235338e-07,1.8805703615003047e-05,1.31953605466256e-05,5.974247156219323e-06,0
0.6752335149335817,0.32471820678199825,1.590343885326562e-05,1.9023366663855356e-07,1.5153883467677554e-05,1.0835788155892568e-05,6.194940276402769e-06,0
0.7864291422109627,0.21351335205518512,2.405464983646782e-05,1.5654850977990215e-07,6.951537884174407e-06,1.0626782050719447e-05,1.57162155709674e-05,0
0.7950266681383928,0.20492884077742715,1.3909459217400383e-05,1.4177716331612815e-07,8.717190087377965e-06,1.0213916693981503e-05,1.1508741017933125e-05,0
0.7083930472796234,0.29155298099029564,1.9457089863600804e-05,8.533966176577396e-08,1.023904537282306e-05,1.2721480430803614e-05,1.146877475212459e-05,0
0.7933379563420011,0.2066177999868595,1.5263292980671634e-05,6.694548205994507e-08,7.757644434384339e-06,1.2159002474169071e-05,8.996785767972583e-06,0
0.7863040753448579,0.21365023558924276,1.1729281840502714e-05,4.861313158161259e-08,5.784126741153746e-06,1.00914697701458e-05,1.8035574415824215e-05,0
0.3498783333913862,0.6496607554777084,1.6466276541000732e-05,1.594827251376664e-07,0.0004195312361732535,1.1479626243105856e-05,1.327450922298154e-05,0
0.9353275331535166,0.03010143005936553,1.6540360956022742e-05,2.0914373886654595e-07,1.6684966637293804e-05,1.1161653336591254e-05,0.03452644066244907,0
0.9430568874224615,0.02939893441963129,1.6557952077058184e-05,2.093661688869057e-07,1.6897101286615147e-05,1.1173524056663302e-05,0.027499340214318244,0
0.9249048629627523,0.03747855901692467,1.8079840387498676e-05,2.335098457851145e-07,1.4586463205145217e-05,1.2447197199970496e-05,0.03757123100968457,0
0.9116946733213993,0.05038107473688102,2.0770634344894523e-05,2.575520751396797e-07,1.5574630339437304e-05,1.3912678833307469e-05,0.03787373644612679,0
0.9249391363967817,0.03792219420352975,2.402006714853109e-05,2.4750511257033855e-07,1.546069376841115e-05,1.3369953004359296e-05,0.03708557118065461,0
0.9276377399166088,0.0694915611493927,7.129078042459326e-06,9.790170647192961e-08,5.38277365492416e-06,5.288542127404698e-06,0.0028528006384673254,0
0.9054481367087217,0.09138304538907237,9.18641553346087e-06,1.287430579802157e-07,6.997041513014101e-06,7.211238620871821e-06,0.003145294463480462,0
0.8177341270602393,0.1783540483502626,1.4785172710045497e-05,1.9780048376962448e-07,1.084380567361266e-05,1.1079327384050816e-05,0.0038749184832465194,0
0.7452786646604455,0.24926985243543145,1.9263543697257295e-05,2.698887721789937e-07,1.6767004074574344e-05,1.5117182765504287e-05,0.005400065284813643,0
0.7467915328145044,0.24996121672202265,1.9649503095308846e-05,2.9531160371071634e-07,1.8338088235098257e-05,1.6541182688060493e-05,0.003192426377850752,0
0.803677760957966,0.195288291307307,1.4271425545502525e-05,2.1448468923810172e-07,1.1838798706805612e-05,1.201385378664204e-05,0.0009956091719987429,0
0.8124880743201908,0.18696207813941695,1.3213022863412034e-05,2.2087657242815457e-07,1.1334045651593066e-05,1.1501637171268855e-05,0.0005135779581334845,0
0.869632287674206,0.12983487452495066,1.1029736523487988e-05,2.4693093987529004e-07,8.771797886216332e-06,8.884996954993306e-06,0.0005039043385389379,0
0.8545212524639186,0.14482357527561307,1.4834296394282646e-05,2.4089364969423057e-07,1.2052786329536861e-05,1.0361541701053137e-05,0.0006176827423937217,0
0.13268773405481735,0.8586716749960411,2.3780340189782105e-05,1.56336418627667e-07,0.008597938074515681,1.1803378902522329e-05,6.912819114757266e-06,1
0.39825719194731585,0.5731105444483717,3.4461159618029495e-05,2.5087151278300033e-07,0.028570259305182127,2.217342050754997e-05,5.118847492089711e-06,1
0.33503975438457256,0.6421667690015993,3.99498931279148e-05,2.773301511625047e-07,0.022725242910008315,2.1580201882166522e-05,6.426278658719197e-06,1
0.1407915184887823,0.859128408355526,2.3014146277978374e-05,1.5121653669278354e-07,2.0277731287364715e-05,1.1444684677230668e-05,2.5185376912664288e-05,1
0.1117300612591562,0.8879416064287559,3.240171900285656e-05,1.172221921488965e-07,0.0002239887929297724,1.5280165049138947e-05,5.654441291396385e-05,1
0.09641027756897363,0.9004882276376743,3.377508985374497e-05,2.1867074070828431e-07,0.0029969179765020754,1.650758706662528e-05,5.407546918922425e-05,1
0.052839661976807756,0.9275051141577982,3.233521050646648e-05,2.5139411038326897e-07,0.019577321775450223,1.828309440107706e-05,2.7032390925839363e-05,1
0.06086607705469312,0.9284838428523015,0.0005228944882523214,2.491475896943487e-07,0.009281268576093519,0.0007918182957846899,5.3849585285345646e-05,1
0.0811485893756665,0.8807611887792182,0.0004098938286148938,2.3531922321685172e-07,0.03643956244622543,0.001211320745974498,2.9209505077168787e-05,1
0.11229349854345526,0.8513978322797606,0.0004907694402325546,2.672107676952589e-07,0.03474173523920824,0.0010324649529603533,4.34323336151334e-05,1
0.36746009973123045,0.6268798202122999,0.00023130500974485229,1.9505068118945043e-07,0.0048108151303768104,0.0005787698718621088,3.899499380459813e-05,0
0.612266358721752,0.3872683158708776,2.3445311718877873e-05,1.610027958770327e-07,0.0003778255564931958,1.4888501716835107e-05,4.900503464580396e-05,0
0.5986264730636662,0.4012441302894633,1.944118645082836e-05,9.220178403118809e-08,1.3573155497892275e-213,1.3787588007163716e-05,9.607567062849266e-05,0
0.6022593582366338,0.3958525445652197,2.1124826700938167e-05,9.951905114797677e-08,2.303807898917508e-05,1.7339699845409314e-05,0.001826495073559813,0
0.7275170386354082,0.27185714597248223,3.0254384061724804e-05,2.1236505488666437e-07,1.578562910360681e-05,1.7159395314884447e-05,0.0005624036185745176,0
0.6067122486245088,0.3928694088561954,2.1787431256887555e-05,1.8212304354645173e-07,1.300120980446918e-05,1.4927214700598862e-05,0.00036844454049027526,0
0.6001280889001884,0.39977131737522925,2.3871132834220635e-05,1.8170463014435758e-07,1.3587029674553275e-05,1.4681989844590456e-05,4.827186759898353e-05,0
0.6710607544155494,0.3288597254115535,2.2678090832592386e-05,2.028868027179321e-07,1.5033385933386992e-05,1.6196852684948933e-05,2.5408956643551747e-05,0
0.6664798138274641,0.33347450263099804,1.6463839402886895e-05,1.667914433228459e-07,1.3324176103466516e-05,1.0850324309823455e-05,4.878410278313027e-06,0
0.5955767888211722,0.40436523362737814,2.0456236710427998e-05,2.244581293559155e-07,1.8297300321573702e-05,1.3428029633648314e-05,5.571526654636465e-06,0
0.6101299144297212,0.38981274416043493,1.812669311849386e-05,2.0014025816427476e-07,1.7734645762837606e-05,1.2243884476455429e-05,9.036046227959887e-06,0
0.7351800960878119,0.26476961756009093,1.7437566079238442e-05,1.6990018234711162e-07,1.5695953125509515e-05,1.228061581339619e-05,4.70231689666942e-06,0
0.6950002420875305,0.30495279534623093,1.6611758475056898e-05,1.6185405584662907e-07,1.4952624762650695e-05,1.0756704196390387e-05,4.479624748413454e-06,0
0.6703556222642562,0.3296065957569782,1.2490909819997711e-05,1.4442140117101375e-07,1.2315068010689304e-05,8.741274858994104e-06,4.090304674707408e-06,0
0.8436931092790987,0.15627878284310848,9.833310950097145e-06,1.1667164437342091e-07,7.622831220107555e-06,7.315023298426474e-06,3.2200406797141754e-06,0
0.2821991030836508,0.7163167074143995,2.8383434553096868e-05,2.0219237423257097e-07,1.7717992338140405e-05,1.2301230096152031e-05,0.0014255846525880436,1
0.198628988110507,0.8006984067885301,1.209819060517232e-05,9.542585677394588e-08,5.931594967030328e-06,5.400506393826883e-06,0.0006490793831398442,1
0.813644174028644,0.18533767998681763,1.5915438324558652e-05,1.3019825797586993e-07,8.097262173769662e-06,8.74565931230222e-06,0.000985257426469711,1
0.8301306214985856,0.1670329617809591,1.294617130470499e-05,1.2949700909891827e-07,8.562727036457639e-06,6.438795686783946e-06,0.00280833952941815,0
0.8085759401627151,0.16547193722897585,2.0527866153151642e-05,3.3102299852188165e-07,1.2355143281275844e-05,1.1012818289787467e-05,0.025907895757586476,0
0.916593308151033,0.06956711583532524,1.7037713696593245e-05,1.8110130484446519e-07,1.4530844503878267e-05,1.0556304990998611e-05,0.01379727004914563,0
0.872471429748297,0.07243036123809832,1.7738400044380477e-05,1.7946017840059825e-07,1.5223090966439737e-05,1.1194359802830022e-05,0.05505387370261288,0
0.7874123841807782,0.06186938988195508,1.6401461979779956e-05,1.79127782669022e-07,1.234245190609353e-05,1.1654953973365415e-05,0.15067764794162491,0
0.7930004897311134,0.08183904552995572,1.3962460135078453e-05,1.6759393436451487e-07,1.689644116969988e-05,9.399881253445257e-06,0.1251200383624381,0
0.8298323920525209,0.01096797490544242,1.4941990130826439e-05,1.552570487705812e-07,1.17890537255713e-05,1.1393095802475466e-05,0.15916135364532907,0
0.9662011940632063,0.0181434215670835,5.723538589720755e-05,3.436096359204563e-07,2.6901316791168773e-05,2.3771225093016973e-05,0.01554713283229287,0
0.9788877941283077,0.005502781301030831,8.599483164234312e-05,3.147932403236876e-07,2.8108267680013127e-05,2.3615128005881526e-05,0.01547139155009279,0
0.9788877941283077,0.005502781301030831,8.599483164234312e-05,3.147932403236876e-07,2.8108267680013127e-05,2.3615128005881526e-05,0.01547139155009279,0
0.9725972823821033,0.005280001896251857,8.378500016352882e-05,3.025342372283313e-07,2.7013646524425193e-05,2.2695483330463274e-05,0.021988919057389106,0
0.9255146038717054,0.007401729940205933,5.2970383327821365e-05,2.870310135979833e-07,2.470753231148108e-05,2.1543751855627423e-05,0.06698415748958021,0
0.9685454101364201,0.007245008161827073,4.103961748522029e-05,2.811007962878351e-07,2.418438320519246e-05,2.121583249627439e-05,0.024122860767769837,0
0.9685454101364201,0.007245008161827073,4.103961748522029e-05,2.811007962878351e-07,2.418438320519246e-05,2.121583249627439e-05,0.024122860767769837,0
0.23359861326554793,0.0015497668870414069,1.329474245666995e-05,9.583244597225791e-08,8.093280098409856e-06,7.116042960070903e-06,0.7648230199494496,0
0.857074650806871,0.08870745306888415,2.5310783789601276e-05,2.6008434963779965e-07,2.2367526649991284e-05,1.4643505101280577e-05,0.05415531422435465,0
0.7687609673094922,0.11804966101189884,3.870074400696058e-05,2.3297038763888003e-07,2.2743682366681333e-05,1.4950813351546562e-05,0.11311274346849624,0
0.7429013607659244,0.23861042381921457,3.938713185145827e-05,9.214715935842878e-09,3.740032494296973e-05,1.6009771915231457e-05,0.018395408971435562,0
0.7431012345118415,0.23913480279465432,4.1838157108360055e-05,3.9803819219563204e-08,2.5040585604363535e-05,1.70060454055038e-05,0.017680038101566643,0
0.7367822112599305,0.23843851700352042,5.3107138471457484e-05,3.862860190222171e-08,2.145101253100101e-05,1.8343897040990775e-05,0.02468633105990354,0
0.8770789002046908,0.11627289162232327,2.9386678783097028e-05,1.2819646332254705e-07,1.6634375792770356e-05,1.4000669513898618e-05,0.006588058252432625,0
0.7940466241677105,0.2038530104438941,2.7204917558380542e-05,1.1867874698286326e-07,1.4566722637916538e-05,1.4250960782733613e-05,0.0020442241086691374,0
0.5819439638214828,0.41791738921300603,4.499004347674149e-05,2.1679477383704354e-07,1.9787264084129827e-05,1.4517850679948865e-05,5.9135012496715585e-05,0
0.6389276006168936,0.361010456826323,2.479737042970731e-05,2.1333704133427294e-07,1.8940972450317003e-05,1.197365713378931e-05,6.017219728330625e-06,1
0.6487746738449574,0.3511713891967559,2.0554735393962072e-05,2.0301235877248322e-07,1.6151073878308153e-05,1.1302126945061243e-05,5.726009710553128e-06,0
0.6521134194227179,0.34783462658848285,2.0144566032901406e-05,2.031781823997214e-07,1.4564199083424757e-05,1.131135869674803e-05,5.730686803640201e-06,0
0.7073640893470058,0.2925874768110778,1.6660194278171407e-05,1.9928581948151452e-07,1.4285187096132845e-05,1.0799451996613824e-05,6.48972272593396e-06,0
0.7043610119998175,0.295589624224504,1.626101253390061e-05,1.9451088950766081e-07,1.5494604109134195e-05,1.1079420535608222e-05,6.334227610191739e-06,0
0.7890259205912905,0.21091991738901056,2.4342341714881064e-05,1.5842081867433864e-07,7.034677776268243e-06,1.0753877598168437e-05,1.1872701790921e-05,0
0.8440099962233237,0.15595007832544092,1.38324618680535e-05,1.304905399367388e-07,7.056236578764712e-06,1.006100258285319e-05,8.84525966587621e-06,0
0.8440109486446543,0.15595025430698353,1.3962309068788155e-05,1.304906871885181e-07,7.056244541360252e-06,8.802734417691038e-06,8.845269647291143e-06,0
0.8185098321810486,0.18144996157470844,1.4378666953632749e-05,1.3438193656869273e-07,7.18306463218085e-06,9.401093974175118e-06,9.109036746492441e-06,0
0.7788646513003995,0.22108491402225952,1.684066457802962e-05,7.386390406144369e-08,8.260388181001822e-06,1.5333209992646214e-05,9.926550685404577e-06,0
0.7888152584089336,0.2111331268631431,1.7055817283166255e-05,7.480757339807457e-08,8.668703810388935e-06,1.57620290963763e-05,1.0053370159941644e-05,0
0.7499092059184125,0.2500304783808029,1.5515260256699675e-05,6.430448160751002e-08,8.041419178464725e-06,1.2837618475413518e-05,2.3857098392359332e-05,0
0.821897014336445,0.17805478999976843,1.0354007595921082e-05,4.579330105200589e-08,5.287980636261732e-06,7.366524181891436e-06,2.5141358071546096e-05,0
0.7863090166943335,0.21365157822565112,1.099164911078334e-05,4.861343707980315e-08,5.744734228176127e-06,7.820184428428358e-06,1.479989881085684e-05,0
0.7195927632945841,0.280369063680715,1.180491933670713e-05,1.1125146385847129e-07,6.91869241026488e-06,1.0078170592668917e-05,9.259990897350701e-06,0
0.38246231573087514,0.6170016814082486,1.8291168632231807e-05,1.771575627408747e-07,0.0004880291421807891,1.1592942295435805e-05,1.7912450204978573e-05,0
0.9321498733801243,0.016715420367748892,1.4976003596141368e-05,1.1164050614337856e-07,1.157291298871993e-05,9.903894010077414e-06,0.05109814180102576,0
0.766857280263658,0.20883091448995555,1.7150676745785533e-05,2.0624085505466028e-07,1.679260437557488e-05,8.91402988443563e-06,0.024268741694525496,0
0.7717389523113475,0.20899658850000252,1.70550908012299e-05,2.0083477172356866e-07,1.2144834504647152e-05,8.680371095742534e-06,0.019226378057476498,0
0.7750925248382706,0.20585162374328245,1.6449797946010463e-05,1.978126253644928e-07,1.2581933836146478e-05,8.549749532169204e-06,0.019018072124507512,0
0.7532315342432496,0.22811413036394446,1.4459864006673563e-05,1.9172870816802927e-07,1.1594174706437286e-05,8.225035019376535e-06,0.018619864590365375,0
0.9339103860106978,0.04426827826886933,2.4926745415377886e-05,2.8060841974472217e-07,1.629556656807501e-05,1.4091926433451463e-05,0.021765740873596378,0
0.9437600906563676,0.03816365549277695,2.1489331905135683e-05,2.419123462283152e-07,1.520126550552353e-05,1.1662890397257323e-05,0.018027658450701502,0
0.8334312428323067,0.16181556681904005,1.6397721582675108e-05,2.2313374540433885e-07,1.4553579430442704e-05,1.2498310260168115e-05,0.004709517603634465,0
0.8277228163080246,0.16617967506124715,1.891456673568598e-05,3.291266841052207e-07,1.5380490217318038e-05,1.4416644550729866e-05,0.006048467802540554,0
0.8550727449378165,0.14436330602520156,1.263782370776863e-05,2.1126120891327782e-07,1.0427409870935115e-05,1.056107826783254e-05,0.0005301114639266922,0
0.1523779852979298,0.8314706735097475,2.2591432514593538e-05,1.6858111694718182e-07,0.016109729727271028,1.1994592037010527e-05,6.85685938311722e-06,1
0.4660106051137804,0.528323238417231,2.2349504833486194e-05,1.7305756997877692e-07,0.005622725847417392,1.7754902348810137e-05,3.1531568189331906e-06,1
0.39517133817714245,0.5686698579521287,3.419414096404895e-05,2.4892766137440373e-07,0.03609863595912391,2.0645658336444688e-05,5.0791846431775e-06,1
0.37299939016636974,0.6130645437395476,2.9209847559558152e-05,2.869070874230361e-07,0.013880917545456556,2.0587032334218065e-05,5.064761645114284e-06,1
0.3676312376272754,0.6176065912603069,2.958888619738534e-05,2.474379229042841e-07,0.014706763898831823,2.0522101832941098e-05,5.048787632584123e-06,1
0.39210276474906514,0.579753988746109,4.175893130229949e-05,2.5139439966754936e-07,0.028074135142239977,2.127573999951812e-05,5.825296884356649e-06,0
0.5059425037521651,0.4929516077540984,2.3769837554256292e-05,1.5939894876426267e-07,0.0010498006859699098,1.164898781524987e-05,2.0509583448292456e-05,1
0.22522401567571831,0.7747150407399283,2.590326828332311e-05,1.8344037607562863e-07,1.4883676803743391e-05,1.3770527813908288e-05,6.202671076435828e-06,1
0.0970603896172734,0.8998960864290069,3.428993162270256e-05,2.1328285883240988e-07,0.0029629837168074517,1.809477184730128e-05,2.79422505832675e-05,1
0.06835113138353557,0.8884768338372196,0.0004445199144209574,2.373806669144134e-07,0.041666633088717105,0.0010191412901059474,4.1503105333977555e-05,1
0.3126302570755545,0.6118881463476846,0.00018439216385254562,1.796637571595653e-07,0.07374677027639191,0.0015414458502504324,8.808622508873602e-06,0
0.30491300290959217,0.6812925608133369,0.00022100151923070923,2.0122671402958024e-07,0.01215955912052292,0.0013886967116089723,2.497769899441049e-05,0
0.22560036742005674,0.7625368779178208,0.00030140281058332695,2.8601221763757017e-07,0.009753407584382997,0.0017504780154909466,5.7180239447529016e-05,0
0.27283664973508903,0.7018862625932001,0.00035831219017619343,2.9801596698420913e-07,0.023263146728536608,0.0015957506796053344,5.958005742585994e-05,0
0.37148337527452957,0.6202804317432036,0.0003135045298692,2.3583827088210598e-07,0.007195679812317142,0.0006659777984230565,6.0795003386611585e-05,0
0.6243950688755255,0.3741323545688601,2.174597255721476e-05,1.0244526905812887e-07,2.371548134154863e-05,1.7849549363255422e-05,0.0014091631070834365,0
0.6057879217176726,0.3934987366804746,3.656183227698528e-05,2.3334778649890352e-07,2.0323237184211472e-05,1.8854829559999245e-05,0.000637368355045422,0
0.6154280705788169,0.38385890663739214,3.236268865557481e-05,2.065476835438905e-07,1.798910384149568e-05,1.662119693090905e-05,0.0006458432466794388,0
0.42935048535528403,0.5692667602482796,5.295288662838524e-05,3.378588346336728e-07,4.5468346910927535e-05,2.711510677861985e-05,0.001256880197283658,0
0.6396853034735082,0.36026092563965145,1.7473560268209e-05,1.929288944358176e-07,1.637843753014199e-05,1.1802718340172854e-05,7.923241807316836e-06,0
0.571053882546501,0.42890151078460764,1.7086569595300385e-05,1.5901132374523417e-07,1.1263447962197773e-05,8.918506310063782e-06,7.179133700085873e-06,0
0.7380909314403067,0.2618570529513211,1.7697067374245e-05,1.759901371817659e-07,1.6550876642878168e-05,1.2720806015738226e-05,4.870868202049672e-06,0
0.6368222636336247,0.3631273585886086,1.986028457117383e-05,1.8020213907242718e-07,1.5358103669232806e-05,9.994357030912048e-06,4.984830356296693e-06,0
0.7323805865142673,0.2675928313603932,9.63746479988948e-06,1.1434794155298824e-07,6.930001262396153e-06,6.74440292770683e-06,3.15590840790517e-06,1
0.36010504096742346,0.6394122611107523,1.9376437463914268e-05,1.7362414580226047e-07,1.3770506701030686e-05,9.865912827778334e-06,0.0004395114406856717,1
0.3442138133362485,0.6552155980386264,1.378104956980494e-05,1.109160395882709e-07,6.8980665777332835e-06,6.850323403942267e-06,0.0005429482695341807,1
0.6337007077145501,0.36018750718559484,3.229163085591368e-05,2.3403969434699417e-07,1.4623674617210033e-05,1.0603641415871847e-05,0.006054032113271576,0
0.6365875515536387,0.3593277327457995,2.8050101789019675e-05,2.8079600026042125e-07,1.42900069554306e-05,9.656481229113487e-06,0.004032438314587991,0
0.6212276644244693,0.37219316318742374,2.744772721310039e-05,2.6683198966792966e-07,1.3983129748908992e-05,9.449108762909578e-06,0.006528025590392465,0
0.8586054340025998,0.11985600589558243,1.7743983291601187e-05,3.072550181657494e-07,1.1474036049629731e-05,1.046411058414896e-05,0.021498570716874332,0
0.9484929363029401,0.04429407591134646,1.0640082486526598e-05,1.7486643920007234e-07,9.952253975475042e-06,7.516735942017366e-06,0.00718470384687028,0
0.8674387025236937,0.06450868514560777,1.2324895138993515e-05,1.5963966283854516e-07,1.2628672155949775e-05,1.0110579127920161e-05,0.0680173885446129,0
0.9658858957338392,0.018137500863875666,5.721670839849925e-05,3.4349750653702575e-07,2.6892538143104425e-05,2.3225998605362672e-05,0.015868924659631457,0
0.9733249000291584,0.010613501019528813,6.445940295440337e-05,3.568525229994273e-07,2.7938106983582193e-05,2.4129014166836333e-05,0.015944715574684923,0
0.9682608648885853,0.007814056336861247,8.196404669475791e-05,3.0003812271411357e-07,2.349008800913962e-05,2.0496112463305577e-05,0.02379882848926331,0
0.9709881727377468,0.008033237424052085,7.367984982359653e-05,3.0558366234550565e-07,2.7285933366974784e-05,2.0874937670337785e-05,0.02085644353367796,0
0.9722527588158186,0.008043699673226202,7.409339596629018e-05,3.0598164540641025e-07,2.3965313451036575e-05,2.295410065442533e-05,0.019582222719237753,0
0.9802780627044952,0.005392899539461857,7.805122546955267e-05,3.085073216428393e-07,2.5018033320033917e-05,2.314357158322722e-05,0.014202516418348465,0
0.9638386816737237,0.009896549003335812,4.0594651244100894e-05,2.8723708931206187e-07,2.4712316472963395e-05,2.1678963752639622e-05,0.026177496154381443,0
0.9663098290323999,0.007228285349271726,3.9635722853977185e-05,2.858558173709191e-07,2.412856119670419e-05,2.1166862449296367e-05,0.026376668616011033,0
0.9614277433171889,0.0072710559706031415,3.987025212495504e-05,2.8754726013076904e-07,2.4271332753767888e-05,2.134064859659596e-05,0.031215430931472544,0
0.9535347315985883,0.007295171380508794,4.016067274988816e-05,2.894900381904204e-07,2.4448128616613637e-05,2.149609693643784e-05,0.03908370263256161,0
0.20348242040670705,0.0013753661100164047,1.1791145844639564e-05,8.383857022116528e-08,6.810472476262881e-06,6.225437129898989e-06,0.7951173025892554,0
0.7239900759807886,0.09988936203087219,3.554060978741541e-05,2.1394704033615338e-07,2.088653231001862e-05,1.3729995041858314e-05,0.17605019090415988,0
0.7949222941100442,0.1653754717636419,3.122189361428688e-05,9.276016043436452e-09,3.900761333057943e-05,1.6116275550046132e-05,0.039615879067802895,0
0.7545023839536904,0.21653977607191027,4.1134176547527455e-05,9.22116342999749e-09,3.742649377748717e-05,1.6020973878651577e-05,0.028863249109032114,0
0.7215501646769112,0.24438773461675764,6.104681985541495e-05,2.471185678666983e-07,2.078640176161051e-05,1.599260090597546e-05,0.03396402776524019,0
0.8622220562415229,0.12721458303093802,2.8888897681334894e-05,1.2364035639456474e-07,1.6628771612616318e-05,1.2382982066230642e-05,0.010505336435822311,0
0.8862635762502963,0.10877725578181069,2.7492240280305683e-05,1.1993216377946285e-07,1.5562025895583256e-05,1.178431666402711e-05,0.004904209452889176,0
0.8432042041905152,0.1537334787509126,2.825170129086535e-05,1.2324523690023747e-07,1.599191999633727e-05,1.3314881677271895e-05,0.003004635310370868,0
0.634696809924023,0.365149019584749,3.248328287952498e-05,2.1636072532544832e-07,1.8079832698355097e-05,1.1178501613245256e-05,9.221251331148231e-05,0
0.603521443228036,0.3964094788770978,2.0171691891610513e-05,1.9050797356971273e-07,1.5287636024444843e-05,9.79062814946003e-06,2.3637430827228315e-05,1
0.570859865113356,0.42908168019985105,2.1827145739971604e-05,1.9745087006563213e-07,1.5386244982127725e-05,1.0592561310037031e-05,1.0451283890862558e-05,1
0.6391011313690846,0.3608470665912784,1.85361522517602e-05,1.715745048524467e-07,1.3604738749064889e-05,8.42487991060935e-06,1.106469422068098e-05,1
0.6757561382032958,0.32418681869083166,2.173845141640031e-05,2.1470353247168627e-07,1.7081189715992588e-05,1.1952999286450266e-05,6.055761921375053e-06,0
0.6652018318053616,0.3347451714497632,2.0548882796910674e-05,2.0725612307568187e-07,1.4856513637840051e-05,1.1538386270206188e-05,5.84570604705374e-06,0
0.7657503361147416,0.23419363767035828,2.539452492573701e-05,1.8124950089925795e-07,7.891860989287384e-06,1.2057469062082344e-05,1.0501110422115697e-05,0
0.8078384765483677,0.19210706842763411,2.3200548688156896e-05,1.509899893741438e-07,6.5281494645873e-06,1.052963634404523e-05,1.404569951193908e-05,0
0.7956762670835619,0.20427298937656366,2.06998419170724e-05,1.514205137935098e-07,6.7238291795727535e-06,1.0278684864863314e-05,1.2889763399089406e-05,0
0.7996074323935073,0.2003461011469781,1.61970729837927e-05,1.5137662213927307e-07,8.185645172644827e-06,1.1671348643856952e-05,1.0261016092156718e-05,0
0.7772768873639455,0.2226711409978525,1.4968938480168035e-05,6.32564161456536e-08,7.7040738585417e-06,1.032835086694223e-05,1.890701858032045e-05,0
0.812879183428759,0.15450660750648745,1.5845916423564816e-05,2.0036287088308175e-07,1.681273689670422e-05,8.659974854689928e-06,0.03257269007370761,0
0.7603145762760594,0.22093865815565653,1.3313372191707355e-05,1.9840467623815933e-07,1.2271207773636398e-05,8.372748946457254e-06,0.01871260983469596,0
0.9311770138168792,0.04814370834306113,2.505781151326053e-05,2.8208387311804004e-07,1.6381249487656914e-05,1.0944871205405503e-05,0.020626611823979922,0
0.8586545094994981,0.13844746488486143,1.4232261424636616e-05,2.642448308170539e-07,1.1648648943556479e-05,1.0410967674100867e-05,0.0028614694927672894,0
0.8295083908242252,0.16653816003599195,1.896100503381409e-05,3.5479295545626424e-07,1.551897373621683e-05,1.3870066364421243e-05,0.00390474430169287,0
0.742332399149818,0.2534543094549337,1.9924095839605916e-05,3.220947151555123e-07,1.2850045941764728e-05,1.6101713674321385e-05,0.0041640934450775284,0
0.8236061086068234,0.17579620644767593,1.3393829014134171e-05,2.238990331669473e-07,1.105118635147183e-05,1.119285090496113e-05,0.000561823180196909,0
0.43302683607431414,0.533545892951842,3.49641396562686e-05,2.949724112699567e-07,0.03336485605151953,2.0998368852288896e-05,6.157441404599067e-06,1
0.4582551287847431,0.5091008765367734,3.6681960739447575e-05,2.88189126107583e-07,0.032580507103588174,2.0504734217925846e-05,6.012690811933876e-06,1
0.5069339458833255,0.47722287656475376,3.1990033916881345e-05,2.69881585356796e-07,0.015784791139153338,2.0492817692073936e-05,5.633679573151414e-06,1
0.5159047348468844,0.4840168895018104,3.419991312386971e-05,1.6043111881575958e-07,1.1513284024046063e-05,1.1859632078213067e-05,2.0642390960312576e-05,1
0.402823456332553,0.5971111554372989,2.5545970473206496e-05,1.7090460937387666e-07,1.6372790781257064e-05,1.647531508578161e-05,6.823249198336278e-06,1
0.16134731484979006,0.8385556522536187,3.615291826411273e-05,2.223162290268065e-07,3.205245858608297e-05,1.948361292455777e-05,9.121590587334982e-06,1
0.13655302389089316,0.8633258393959007,4.4514340102547485e-05,3.188867176893034e-08,3.816934047615316e-05,2.206056696778369e-05,1.6360576987977114e-05,1
0.11414682442679577,0.8819236499624306,2.739912862026451e-05,2.1738388901733684e-07,0.00386057665716576,1.7957166873342172e-05,2.3375274225545343e-05,1
0.07164122041599627,0.8955591858210067,0.00018359043286504936,2.4031264980389217e-07,0.03240159468976708,0.00018065945900000552,3.350886871534943e-05,1
0.49135565845243107,0.5082750273850778,2.52219131752787e-05,1.5856756552468538e-07,8.577540414813829e-05,1.2838510653232702e-05,0.00024531976694885536,0
0.18600461670931892,0.8136684308848655,2.3568321078701822e-05,1.242781451829801e-07,6.722688333235715e-05,9.834661740467423e-06,0.0002261982615186578,0
0.19216221818331422,0.8075345221160465,2.67601210232089e-05,1.4100888836206138e-07,1.227462071710207e-05,1.047049336029674e-05,0.0002536134566502922,1
0.3020975221223378,0.6958340546805502,5.589818490717742e-05,3.9569733915364215e-07,5.1877793659496526e-05,3.1756978072810214e-05,0.0019284945431334943,1
0.3359058202697643,0.6639864162561374,3.226441491343611e-05,1.6931437186084742e-07,1.2807889733560603e-05,1.3680839537381301e-05,4.88410155421725e-05,0
0.25085628184708786,0.749045247215287,2.6117917150578998e-05,1.6021776085691416e-07,1.2550079296365093e-05,1.1903068209807688e-05,4.773965520723113e-05,0
0.5386685820228659,0.4612068857409601,3.059021847105666e-05,2.2003141274834673e-07,1.560090761104923e-05,1.7565540639431544e-05,6.05555380396103e-05,0
0.6700735400340233,0.32986318406880577,2.0835699065368e-05,2.034879889393894e-07,1.5313298193588986e-05,1.6158753183119677e-05,1.0764658740029737e-05,0
0.7452632770544377,0.2546832238745624,1.9500474193415108e-05,2.02712945118782e-07,1.5574595582869766e-05,1.3189523199369893e-05,5.0317650789037354e-06,0
0.5762458783415503,0.42369643944511154,1.7791870785556088e-05,1.964434212555635e-07,1.76671447863525e-05,1.1017969354467251e-05,1.1008784990462122e-05,0
0.6558298384194649,0.34411820258380954,1.8998562180868545e-05,2.0051314921405563e-07,1.5774446749950732e-05,1.2008313164892031e-05,4.977161480659767e-06,0
0.6375356745717862,0.3624086220738682,2.0193726337303265e-05,2.0881396643619056e-07,1.7612176930302122e-05,1.250543174847936e-05,5.183205363058235e-06,0
0.2650430816271505,0.7342620261451264,1.8221386526147444e-05,1.603376352217433e-07,1.6546643023793138e-05,9.110928234091535e-06,0.00065085293230369,1
0.3918100588308621,0.6078057955156764,1.7727251147964914e-05,1.504818184754162e-07,1.3193541146822669e-05,1.005924205080944e-05,0.00034301513729748036,1
0.6572520178723398,0.34076654465807354,1.5089618002671284e-05,1.2746576366386686e-07,7.30573879492969e-06,8.39087855308944e-06,0.0019505237684725786,1
0.5630355416612627,0.4326119119128383,2.860380064970018e-05,2.4010396043065707e-07,1.5868068914744945e-05,1.3103237875619813e-05,0.00429473121449834,1
0.5948139193642183,0.3986874208875629,3.84770365652768e-05,2.821319318780314e-07,1.740052637446942e-05,1.6422694921100186e-05,0.006426077358425784,1
0.6437180043872843,0.351196924732308,3.3606699673621744e-05,2.4416910751284445e-07,1.6060839547693347e-05,1.1062574953892285e-05,0.005024096597124994,0
0.6914109010127125,0.30278764301036454,2.7160752878563455e-05,2.2520134997362213e-07,1.5099064474955996e-05,1.0203202359126731e-05,0.005748767755860143,0
0.9466622513506611,0.04144491069102241,1.092568415582715e-05,1.8096357201790272e-07,9.584919892182721e-06,8.39466948467037e-06,0.011863751721211709,0
0.9332556110381836,0.054288769528741475,1.1904624146387434e-05,1.5419605307117363e-07,1.359764194854718e-05,1.0275867339651598e-05,0.012419687103587438,0
0.9167356883953175,0.06146854546120967,1.1899137955763948e-05,1.54124992537877e-07,1.1309513758509146e-05,9.44381866244875e-06,0.021762959548103575,0
0.9173173319495578,0.06321743573897853,1.2350597324225566e-05,1.5997257343440713e-07,1.1738602483928244e-05,1.0858628276859805e-05,0.019430124510805575,0
0.9174667215009927,0.060332784277427,1.2352608678562781e-05,1.6810199429151024e-07,1.2517676589205335e-05,1.0860396656842369e-05,0.022164595437661496,0
0.8673120938512313,0.049499310845799935,1.1576372269924624e-05,1.4994433179535898e-07,1.1919750575989743e-05,9.496537417103881e-06,0.08315545269837397,0
0.8225062889055085,0.06638226679786374,1.633377620415335e-05,2.018215746546074e-07,1.47271252402018e-05,1.1360883229952081e-05,0.11106882069037871,0
0.8615574222811482,0.0638325722363015,1.3377083255727566e-05,1.6959634674442792e-07,1.3268565335767983e-05,1.0937661117022425e-05,0.07457225257649489,0
0.9712043303082293,0.01929677639142549,2.876862185206418e-05,2.210577107374943e-07,1.60618460042991e-05,1.7642769162280964e-05,0.009436199005615856,0
0.958239322128692,0.009998960515277844,8.741356330975936e-05,3.355058025332619e-07,2.6705703401971797e-05,2.738818231004079e-05,0.03161987440120577,0
0.9566698462071089,0.009733445407528928,4.0292716510491516e-05,2.905941050863295e-07,2.4528511304980356e-05,2.151772004330903e-05,0.033510078843398405,0
0.6792354196815528,0.18006317435272828,3.343878312938447e-05,2.0129448329014074e-07,1.9651329237656983e-05,1.2918548583251783e-05,0.1406351960102853,0
0.7568326454082542,0.12293192845833498,3.9451843981784686e-05,2.3743224034004318e-07,2.4567870733399036e-05,1.5241600186392209e-05,0.12015592738626885,0
0.729786421898788,0.23898332491046828,4.6892621153611386e-05,9.248120521667711e-09,2.4931866485193108e-05,1.6067809493785358e-05,0.031142351645490764,0
0.7450192587573317,0.22531097681154771,6.171969914912645e-05,3.784436878268127e-08,2.0473144656639977e-05,1.616887691884082e-05,0.02957136486602752,0
0.9034940403611643,0.09298810778694537,2.5458684853923306e-05,1.1106098049411166e-07,1.4410928644766034e-05,1.0912650300936743e-05,0.0034669585271102322,0
0.778924363399314,0.22022960880589165,2.2116082685321358e-05,1.9556430090632162e-07,1.2036836135283352e-05,1.0104032743864012e-05,0.0008015752789289249,0
0.6850071680504236,0.31494619202673707,1.613363283990743e-05,1.929871997907891e-07,1.3570569046322775e-05,1.0458124945989304e-05,6.284608807365823e-06,0
0.6524874763191788,0.3474683538537943,1.680534637316779e-05,1.7719034798953478e-07,9.082990966677473e-06,1.1508169215712545e-05,6.596130123429821e-06,0
0.765377089954549,0.23457778708336446,1.609215040949615e-05,1.6222724357015817e-07,7.879928782728519e-06,1.1589643847878223e-05,9.399011802810788e-06,0
0.8090700680301994,0.1908720009963016,2.438372166699632e-05,1.7461627617753575e-07,7.851552947959445e-06,1.1451552043592785e-05,1.406953056455278e-05,0
0.7788959282568996,0.22105403060385043,1.8339796554286196e-05,1.3386434615195427e-07,8.54697952685469e-06,1.4004632368772528e-05,9.015866453734472e-06,0
0.8056190781020569,0.19433938482563717,1.3894566713965445e-05,6.503233328059185e-08,7.6176798055480755e-06,9.51462270745823e-06,1.0445170745644463e-05,0
0.818108780781018,0.18184738080402343,1.2915672607956098e-05,6.045070298877255e-08,7.187900190375976e-06,8.844302554194853e-06,1.4830088902945473e-05,0
0.8243759634415418,0.17559423139908206,9.59780582467904e-06,4.244880134541985e-08,5.467082801267281e-06,7.169130558620758e-06,7.5286913900979245e-06,0
0.7170176521407803,0.28293090087899314,1.5420455484826944e-05,7.101509456832306e-08,1.1366659490053228e-05,1.1993659855086572e-05,1.2595190302145258e-05,0
0.531721256093266,0.46820064469400224,2.0884517376738977e-05,2.0494019716232088e-07,2.370812740197407e-05,1.624347594017021e-05,1.7058151815769074e-05,0
0.32453762923324586,0.6749279172509838,2.34694627645308e-05,2.3560144779294968e-07,0.00047256350879054556,1.8574708561932684e-05,1.9610234205464227e-05,0
0.5049495722387433,0.4944943919587483,6.0224343715072176e-05,1.5649277145747327e-07,0.00038327588793095975,9.002033108652631e-05,2.2358747004483422e-05,0
0.8274569839359218,0.10937276890784313,1.548749256768337e-05,1.9583079897018234e-07,1.5390457814923724e-05,8.464092111383371e-06,0.06313070928294204,0
0.8049066548702528,0.1650555962207082,1.692780150418605e-05,2.1404271084465582e-07,1.7227353768455092e-05,9.251237445215213e-06,0.029994128473610136,0
0.9331171618490727,0.045740928972084274,1.8094173502829877e-05,2.4572226733230026e-07,1.8616585081853344e-05,9.534038718785062e-06,0.021095418659272176,0
0.8381249511947924,0.1615039083802354,1.0812127855027818e-05,3.2547148036953425e-07,8.596808468999084e-06,9.158192406793288e-06,0.00034224782476114426,0
0.5545325192701238,0.41590538495602786,3.449155345040884e-05,2.7136333354399657e-07,0.029500645309538203,2.1022937000550855e-05,5.664610525642114e-06,1
0.3966530530451455,0.5770467017783923,4.352439374260109e-05,2.973579019628588e-07,0.02622864515552637,2.3952560527858728e-05,3.825708763560714e-06,0
0.43577656042284013,0.5350893794567644,4.525059127924808e-05,2.9211282358539263e-07,0.029058733939343117,2.0765779067075407e-05,9.017697882548014e-06,1
0.5058643682281394,0.4940265806334834,3.3000919060430986e-05,2.0407370445781937e-07,1.1683952515832225e-05,1.81378279550966e-05,4.6024365141407756e-05,1
0.5439708990170563,0.45592126901007757,4.1513867784735164e-05,1.0512241098317377e-07,1.2437376708970022e-05,1.3275203433317645e-05,4.050040252801928e-05,1
0.3492235655199071,0.6506834869671334,3.374343304069083e-05,2.994501160363011e-08,3.2237739073532595e-05,1.709239730282174e-05,9.84399853083264e-06,1
0.2033691933706194,0.7965206867546728,3.668525063948664e-05,1.3220467377737438e-07,1.4203771508178875e-238,1.7565530722907735e-05,5.57368886717674e-05,1
0.16831760730154152,0.8299777343699529,3.294120046088351e-05,2.3299566283107736e-07,0.0015965522988702458,1.620268317721059e-05,5.872915033429789e-05,1
0.12311377236331038,0.8737248587832296,2.5594494610643247e-05,2.227019345029555e-07,0.003102201146488854,1.7963859628915276e-05,1.5386650797117715e-05,1
0.15402243729750997,0.8431758894444042,2.359372321369707e-05,2.0529289137175001e-07,0.002747130805784785,1.655958980171018e-05,1.4183846394139957e-05,1
0.07597773982499514,0.9025753691386809,3.1380371899307446e-05,2.4219535910024586e-07,0.021346511744294777,1.6409761825624972e-05,5.2346962945070114e-05,1
0.08207189911522231,0.8816491290573661,0.0005571518084712641,2.4367740099000143e-07,0.03507022757052485,0.000599678032815102,5.167073819954825e-05,1
0.5607785449576327,0.4382283749836018,2.147350338635221e-05,9.035990630590219e-08,0.0009046715966621111,1.721067436462363e-05,4.963392444606058e-05,0
0.13372617126708056,0.8659850001602333,2.473214401467955e-05,1.775430642586009e-07,2.1516215123710596e-213,1.3591501875886923e-05,0.0002503273837314471,0
0.4488385373083099,0.5481576497943532,3.231007303755201e-05,2.1388553687049242e-07,1.6117017926572337e-46,2.057892827885233e-05,0.0029507100104836093,0
0.12011177349391274,0.8795810637481298,2.2488319458704494e-05,1.1697103336697324e-07,6.327418229366755e-05,9.256418696170348e-06,0.00021202686647541275,1
0.09659615599674104,0.9033446869613083,1.6227909782763867e-05,1.0483361754038358e-07,1.4335006892426336e-05,7.136097143691847e-06,2.1353194514088976e-05,1
0.09719405695167598,0.9026481882040515,1.573160150834514e-05,1.0880066883001181e-120,1.4271854496629805e-05,6.943582286613324e-06,0.000120807805981206,1
0.21364082741630444,0.7862529028173959,2.602734219265475e-05,1.5974583637478293e-07,1.2506556572188404e-05,1.1861789271060122e-05,5.5714332427345324e-05,0
0.7560861853596098,0.2438609078326833,1.9151410322482108e-05,1.9803585952816978e-07,1.5742762813462938e-05,1.2898928813084681e-05,4.915669898440069e-06,0
0.6439550894903592,0.355991525774043,2.0554579127805366e-05,2.0795158683963455e-07,1.6180783249867953e-05,1.1282326876438983e-05,5.159094756673503e-06,0
0.5693193862116397,0.4306403329412912,1.6288652037340083e-05,1.4248131459819594e-07,8.553884469671662e-06,8.61933038974964e-06,6.6764988579150894e-06,1
0.2529868014223126,0.7465654380970224,1.777306356737879e-05,1.563926531578685e-07,1.2175236277055477e-05,8.092331198871945e-06,0.00040956345696863854,1
0.49974462267902403,0.4971048152643304,2.4279195507306097e-05,2.348350097197801e-07,1.3468977504866554e-05,1.1122160934380808e-05,0.003101456887689215,1
0.6119711488344349,0.3783546224254803,2.8438405218448976e-05,2.448387170134939e-07,1.4714732193079038e-05,9.990828549553147e-06,0.009620839935406801,0
0.8363795738188842,0.15809315483161396,1.610636865258721e-05,2.2701855794833325e-07,9.902167387508291e-06,7.415848569488368e-06,0.005493619946334232,0
0.9360292095949455,0.05463920745740621,1.289897687260376e-05,1.8152662871880326e-07,9.689887083256818e-06,5.976141627482974e-06,0.009302836415436019,0
0.9246496587711873,0.054259792146576974,1.453857933292702e-05,1.612512707292956e-07,1.2615678711355059e-05,1.0945423771273185e-05,0.021052288149149473,0
0.9069661963671581,0.08085124062558426,1.7461062401320172e-05,1.924639701297414e-07,1.623315505416261e-05,1.281245863338261e-05,0.012135863867198804,0
0.8684232291788655,0.11294803230445045,1.6980212712746512e-05,1.871638206902927e-07,1.5786119967009387e-05,1.2177819002288265e-05,0.018583607201181334,0
0.8943567271552771,0.035852916279422595,1.6323051566563112e-05,1.675195810415665e-07,1.3375810370352712e-05,1.1911680607138546e-05,0.06974857850317515,0
0.9410538663673224,0.028652546278083363,5.409068561610953e-05,3.486090695233083e-07,2.7307031645866156e-05,2.5899235583496535e-05,0.030185941792679135,0
0.951351342537998,0.03090106241382722,6.903257444904999e-05,3.836585850501855e-07,3.0036762817896775e-05,2.594153841507004e-05,0.01762220051390753,0
0.9684169452307018,0.010710395346029744,7.680764770064432e-05,3.0477446081207095e-07,2.3870763475144467e-05,2.0819659742704036e-05,0.020750856577888954,0
0.9639900248264488,0.00782889653181034,7.7510299814097e-05,3.033812465711298e-07,2.376164315211249e-05,2.275902419313172e-05,0.02805674429333488,0
0.9405262971830327,0.008959038072698936,6.640739310504953e-05,3.0343588297096484e-07,2.7677459805035473e-05,2.5204185647362054e-05,0.050395072269827965,0
0.7518555423464783,0.220098230556791,3.0745808835710246e-05,3.714606189226016e-08,3.7421444219343316e-05,1.5870527692100295e-05,0.027962152169921657,0
0.8275625226339197,0.16104853320798906,4.443710014269999e-05,2.9281234404216897e-07,2.940364840383086e-05,1.894973331642008e-05,0.011295860863884169,0
0.724453568452493,0.23207806113098883,5.313093222720054e-05,9.106138206802924e-09,2.0563529004463003e-05,1.5821127502413267e-05,0.04337884572164583,0
0.7199328727534087,0.23639839349933048,5.33757021617421e-05,2.455952000090636e-07,2.0658263529858537e-05,1.5765608920145754e-05,0.04357868857744914,0
0.7623836582935684,0.23521042493119132,3.0645737189932276e-05,1.217823798729229e-07,1.5959596938975807e-05,1.5638396180777856e-05,0.00234355126255071,0
0.7005023181029171,0.2986217132819062,2.559061920057042e-05,2.26288336181753e-07,1.3174764188119351e-05,1.2551297325638482e-05,0.000824425646126238,0
0.6480837753624541,0.35175978019810467,3.462848373934849e-05,2.2092418540099586e-07,1.7964754599430613e-05,1.2253769611727669e-05,9.137650730536526e-05,0
0.682279868101465,0.31766674078555884,2.1076443830976944e-05,2.1257710600633594e-07,1.427168982699939e-05,1.1834616632329874e-05,5.9957855797227755e-06,0
0.6866694233415991,0.31328299371131385,1.6172783111327724e-05,1.9345550729024838e-07,1.443334638425351e-05,1.0483502889955528e-05,6.299859194121254e-06,0
0.815772592401521,0.1841719927178835,2.3207938280753854e-05,1.5119185956713553e-07,7.575946942494116e-06,1.1609504443880544e-05,1.2870299068898393e-05,0
0.7768277899340212,0.22311937546977978,1.8122469511029105e-05,1.5618575549268903e-07,8.043522323883534e-06,1.2802985571076864e-05,1.370943303752925e-05,0
0.7860980439153087,0.21385501629735332,1.774252873966233e-05,1.2950481766724247e-07,8.268632067081677e-06,1.3029720943865211e-05,7.769400769818663e-06,0
0.7915697395605189,0.20838814156726085,1.617560285285738e-05,1.2599177030323369e-07,8.044330789256961e-06,1.021430478333764e-05,7.558642024422253e-06,0
0.6913950861981109,0.3085504496710248,1.670820108168889e-05,7.692617462656628e-08,1.103676510882599e-05,1.2995237446866833e-05,1.3647001052429843e-05,0
0.6251574057196516,0.37477896426153495,1.907738124735183e-05,8.783410937397147e-08,1.4044763702028781e-05,1.4837928868682366e-05,1.5582110885985297e-05,0
0.5157327924551145,0.4841680411307206,2.122137505705954e-05,2.0824578848507896e-07,4.389802559149282e-05,1.650547575212866e-05,1.733329197570478e-05,0
0.5830916117843578,0.41668398215098434,1.5765953912005103e-05,1.5269980970018462e-07,0.00018100910893742878,1.203878197359867e-05,1.5439520025261533e-05,0
0.5161683707585901,0.48353942119089544,1.6577302621696288e-05,1.6055805882750158e-07,0.00024688268654250793,1.3085961814953475e-05,1.5501541476632242e-05,0
0.7923001843336108,0.17849967752646126,1.3015527178911568e-05,1.857654836143817e-07,1.5220256656912608e-05,8.029054534303426e-06,0.02916368753607431,0
0.7344936909327585,0.18392263072820197,1.3032373057346652e-05,1.932615593893762e-07,1.167512291025957e-05,7.454994356508986e-06,0.0815513225871561,0
0.9311568904288654,0.04932909300923861,1.7200401526816785e-05,2.45422397874727e-07,1.6718432343489333e-05,9.522403765835444e-06,0.01947032990186169,0
0.9348289406949329,0.0495236240393704,1.7268231921084633e-05,2.4639022981655983e-07,1.722407031187329e-05,9.559955703260118e-06,0.0156031366175305,0
0.9403566014340348,0.044884792231552825,1.5216876570892815e-05,2.411230633861306e-07,1.653938726087633e-05,9.355589329666118e-06,0.014717253358187545,0
0.9277926094773691,0.05961832058541758,1.4363478734832944e-05,2.322703166073786e-07,1.4527590202726843e-05,9.012102223379246e-06,0.012550934495735779,0
0.9429777563969552,0.040255656547692205,1.4827224933611237e-05,2.3969824427589593e-07,1.5489473877838747e-05,9.643564510349145e-06,0.01672638709378669,0
0.8674208731538673,0.13208097365243104,1.1230131465527937e-05,2.4005859380767003e-07,9.265929514712367e-06,7.5527488813171294e-06,0.00046986432524619755,0
0.8477758909482784,0.1518684418162029,1.0936628616384595e-05,3.060618465812509e-07,8.69580001016284e-06,7.765828592437524e-06,0.0003279629164529396,0
0.5212193261640129,0.45081516711184744,3.241949502156221e-05,2.55061351571564e-07,0.02790735979315751,2.014806200610541e-05,5.324312603060405e-06,1
0.5170210970986913,0.4581391336535238,3.308798051025011e-05,3.32884536835413e-07,0.024782580993003293,2.016744565426923e-05,3.5999440803029827e-06,1
0.42337032916107536,0.5657711832061639,3.276878868088466e-05,2.6839014090379174e-07,0.010802319609768317,1.7822331042952077e-05,5.308513127584377e-06,1
0.423999806542192,0.5689633337362388,2.4936414682838723e-05,2.354006427187796e-07,0.0069873609811529755,1.9523749248749197e-05,4.803175841888506e-06,1
0.4761202176574991,0.5143244563301135,2.7387395021539612e-05,2.58537984408014e-07,0.009500962080198691,2.144272301282213e-05,5.275276169923782e-06,0
0.46962420760908175,0.5303017016204573,2.348168634546965e-05,1.575490864973367e-07,1.5812558494748282e-05,1.437802167896048e-05,2.0260954855486708e-05,1
0.31987450156509467,0.6800074720827003,3.555533168855388e-05,2.1986988415755122e-07,1.2588340536001514e-05,2.0075961761463628e-05,4.958684833477782e-05,1
0.45795325576500734,0.5418972112690759,5.6131418175135316e-05,2.428127000304335e-07,1.6816732101979408e-05,2.1580903772807132e-05,5.476109916690242e-05,1
0.3887827963595065,0.6111075018186793,3.5747790561690454e-05,3.172374316161288e-08,3.5699878188357895e-05,2.194646944083142e-05,1.6275959880149987e-05,1
0.10401044478727588,0.8896273724398543,3.4531798536718844e-05,2.6651823546943184e-07,0.006251722721576213,1.805773976217685e-05,5.760399475916159e-05,1
0.06832432976918884,0.9121141922987106,3.1772197570347825e-05,2.5864130351808146e-07,0.019457410861974812,1.7192462287930244e-05,5.4843768964119264e-05,1
0.12841764887572224,0.7785612040552137,0.0009526776189213438,3.3811738674855934e-07,0.08987868598327865,0.002134481442315673,5.496390716157134e-05,1
0.518704135523326,0.43370578363326523,0.0005869062493017362,2.611106590921586e-07,0.044921355854368655,0.002063369344942103,1.8188284137196294e-05,0
0.39734117533328495,0.5916658100960223,0.00011198355148041094,2.0924291174572078e-07,0.01060919079733304,0.0002176917964904063,5.3939182477150496e-05,0
0.2566191742626451,0.7431318561528604,1.8837638263296073e-05,8.457000381891808e-08,0.00020003699232253706,1.1998109722010982e-05,1.8012274182742025e-05,0
0.22763982585298026,0.7697545921494059,2.80265607497938e-05,1.8552963299204264e-07,3.860720628158968e-66,1.7850674088621707e-05,0.0025595192331421975,0
0.08975219872733527,0.9098915537268799,1.405842710171087e-05,8.284883578074666e-08,4.4816158215536585e-05,6.555915110531831e-06,0.00029073419652132765,1
0.09041584135839872,0.9094620041404656,1.4744987208907168e-05,1.055435353588967e-07,1.3439478001718576e-05,6.950381531120246e-06,8.691411085848366e-05,1
0.15802786951328796,0.8418196774025324,2.6411069219567166e-05,1.9384106518777227e-07,2.5488539198184637e-05,1.5790197402543848e-05,8.456943729428947e-05,1
0.3099370902781556,0.6899560808585384,2.6191471518633068e-05,1.6066897280015317e-07,1.2585423353333746e-05,1.1936590127157729e-05,5.595470933398256e-05,0
0.8111292040118931,0.18881539907779793,1.5664874670608204e-05,1.5878041687493686e-07,9.607353056509515e-06,1.0286695907972943e-05,1.9679206256972784e-05,0
0.7805373191261364,0.2194185198955087,1.251922127707965e-05,1.2689582362596123e-07,7.603415315368884e-06,8.184008415832547e-06,1.5727437523045768e-05,0
0.7332414631048363,0.2667197278984105,1.3887070501654654e-05,1.465744568033996e-07,1.0963290049864037e-05,9.826525055277492e-06,3.985536689570846e-06,0
0.7262494614734994,0.27369281235297443,2.054568916175e-05,2.1245345090692159e-07,1.8735018819399526e-05,1.2959467010161881e-05,5.273545083860505e-06,0
0.7968260915130513,0.20313689723421258,1.280234032857458e-05,1.5783483462146285e-07,1.152474059888726e-05,8.608541745842918e-06,3.917795228210312e-06,0
0.8423626365276919,0.15760477290064848,1.0699650434201305e-05,1.3858848846528011e-07,1.0789270144627836e-05,7.523002480790832e-06,3.4400601115485366e-06,0
0.39010276185879017,0.608479481495286,1.867605622362965e-05,1.4065642274152677e-07,1.6959523633464542e-05,8.508934539721495e-06,0.0013734714751044018,1
0.4208921615207046,0.5766113999725814,2.2249717610025297e-05,1.7064007625844882e-07,1.703576024032429e-05,1.0322779510782719e-05,0.0024466596092766134,1
0.41886673003260166,0.5765300641690582,2.7204737059965174e-05,2.3111146493584726e-07,1.8049115450464817e-05,1.2490745031692278e-05,0.004545230089333059,1
0.4287409679132456,0.5627665105005747,2.9661699489058174e-05,2.7988745825528513e-07,1.5697883244918954e-05,1.4849507901525374e-05,0.008432032608086117,1
0.42379899221456613,0.5668927483056331,2.9632547924840082e-05,2.5511961588661877e-07,1.5332611078687734e-05,1.3592756962097568e-05,0.00924944644421925,1
0.8039890695733264,0.18842782266885877,2.4779671686000932e-05,2.2908882704383147e-07,1.2920138636195036e-05,9.56948025306334e-06,0.007535609378412499,0
0.9228420208270506,0.06093392335387382,1.451015723012652e-05,1.609360335875895e-07,1.2591015770842011e-05,1.0872265395620868e-05,0.016185921444645396,0
0.8645589525807345,0.12297962958608634,1.732014745421209e-05,1.7121869617125924e-07,1.6102149612839535e-05,1.2362755783043884e-05,0.012415461561632719,0
0.8974018520020298,0.09496917423909586,1.7706238226123198e-05,1.7864049608400414e-07,1.503361512085448e-05,1.2731404184658797e-05,0.0075833238608465055,0
0.9610227441245557,0.028953170103844288,2.4617036678183343e-05,2.2856888951761049e-07,1.8250368725498742e-05,1.787741423323854e-05,0.009963112383073713,0
0.9390305519054047,0.03109845598938764,5.752002206229138e-05,3.783679014372455e-07,2.8621872479376848e-05,2.713746558240255e-05,0.029757334377182258,0
0.9313048480417745,0.03411635235195677,6.677899130395688e-05,4.105635321166499e-07,3.1057330752128517e-05,3.0502022379456805e-05,0.03445005069830127,0
0.9614695942914117,0.01762048755066072,6.026615282354032e-05,3.025880315606807e-07,2.369951639828636e-05,2.067030105646717e-05,0.020804979599617485,0
0.9553001096342254,0.010281576607775303,7.039606129590827e-05,2.980447216085603e-07,2.564214635765606e-05,2.4743410483202025e-05,0.03429723409514082,0
0.9235159898188349,0.020162400722578386,5.109269560208773e-05,3.098401035551241e-07,2.8261611409206852e-05,2.3450503227019023e-05,0.05621849480824511,0
0.9558252888145077,0.017037321343945266,3.941437180995191e-05,2.842594169760313e-07,2.3993811990000058e-05,2.1096637558639715e-05,0.027052600760771754,0
0.810761682917744,0.17922795194633753,8.548104879596064e-05,1.4603542851757905e-07,2.4809061726066216e-05,1.7055621573479775e-05,0.00988287336839434,0
0.6852937824208486,0.2923526381160276,8.095609905235123e-05,1.318291209173048e-07,1.840264925418738e-05,1.539645291251638e-05,0.022238692432783858,0
0.8556242812343736,0.13709817974860244,2.8786847365530603e-05,1.1943104076583888e-07,1.440755589586873e-05,1.3151662186856682e-05,0.0072210735205349265,0
0.7871684016780732,0.21020402676184166,2.8276463211613792e-05,1.238532629532073e-07,1.6958380715283652e-05,1.7555416353710423e-05,0.0025646574465416354,0
0.6477264602666354,0.35155742724879974,5.180284106369655e-05,2.837259837999505e-07,1.822710837420905e-05,1.8868810755325092e-05,0.0006269299983878002,0
0.7176844227419676,0.28225369852496845,1.9534331128938698e-05,1.887724157848731e-07,1.4682632907369642e-05,8.180062238735134e-06,1.9292934373030026e-05,1
0.7080190543572082,0.29194280270693845,1.4099997718527245e-05,1.565421583410974e-07,8.024539859249903e-06,1.016710937149137e-05,5.6947467456441825e-06,0
0.7649825427623733,0.23496537087408292,1.963391968174915e-05,1.667169013645197e-07,7.25909094152387e-06,1.2532191980829372e-05,1.2494444038168308e-05,0
0.8132319773330937,0.18671018282818475,1.8953395387855716e-05,1.4674821052662937e-07,6.385395478177512e-06,1.1194547720767834e-05,2.11597519241706e-05,0
0.814439811423639,0.1855056561260591,2.337599628787791e-05,1.5228670057820908e-07,6.762292210981189e-06,1.1693573530799585e-05,1.2548301571878385e-05,0
0.783009996583038,0.2169512603012022,1.4828924104486447e-05,1.1550248955861991e-07,7.829764889008796e-06,9.36392614173576e-06,6.604998134881192e-06,0
0.679338290139885,0.3206057171582369,1.8891305650513826e-05,8.697739931966224e-08,1.2701824867595461e-05,1.4812874627772063e-05,9.499719332859429e-06,0
0.5819766155436381,0.4177880336630312,1.5749442920771756e-05,1.525398938946859e-07,0.0001922889485280919,1.243245740101712e-05,1.472740458696009e-05,0
0.7661784315693991,0.23346925098216317,3.818983659489514e-05,9.923617264338026e-08,0.0002658192054479629,3.403090206866143e-05,1.4178268153615856e-05,0
0.7705996460823318,0.22900120467327806,4.4080794083453396e-05,9.412202409467592e-08,0.00025212017950260743,8.940655944631722e-05,1.3447589333892227e-05,0
0.8086124315057387,0.1167034253606597,1.4703917622990998e-05,2.0986321419900982e-07,1.6789806347610547e-05,9.070593518039323e-06,0.07464336895289882,0
0.7477001917534877,0.1659914027327812,1.3266700523467328e-05,1.9673648228415276e-07,1.2535953507214064e-05,7.58903824320696e-06,0.08627481708497506,0
0.9280136687393372,0.05636234347968105,1.5090558394511652e-05,2.302441287833398e-07,1.555266392165622e-05,8.815391987814494e-06,0.01558429892254918,0
0.9289114766714935,0.0567926423534152,1.52057674131629e-05,2.3200192988213724e-07,1.5671400889565796e-05,8.853734425679602e-06,0.014255918070432999,0
0.9272961058123438,0.058517085196955206,1.5845878261735837e-05,2.2609550325689002e-07,1.527243015895128e-05,8.772519094817212e-06,0.014146692067682442,0
0.9290635397228459,0.05690611605530082,1.7112886211247847e-05,2.4417369338581106e-07,1.5558629657453373e-05,9.473953956728218e-06,0.013987954578334742,0
0.9413848364913305,0.04247169954327661,1.4797778657122998e-05,2.5141270250369937e-07,1.6060088306947714e-05,9.62727417288837e-06,0.01610272741155349,0
0.8751991942467602,0.12271038550367745,9.99232194954396e-06,1.6971804042017741e-07,7.973115941577424e-06,6.498964017883528e-06,0.002065786129612996,0
0.528588512525244,0.46648509512404057,2.608235411377648e-05,2.3456130465753029e-07,0.00487701841194038,1.816064174939645e-05,4.8963816073403625e-06,1
0.5249547620583391,0.4655744506764944,2.7999268946883404e-05,2.374643826855515e-07,0.009418835524938282,1.8758024597261015e-05,4.956982301397001e-06,1
0.48436338608424134,0.501988167107508,3.488607559062165e-05,2.8554603473676585e-07,0.013589181368992932,1.8961560741179357e-05,5.1322568912676035e-06,1
0.601841998925524,0.39804206891408894,1.9029865546460754e-05,1.2767983904147784e-07,6.85003375385327e-05,1.1854534814564205e-05,1.6419742648389917e-05,1
0.34859235597772553,0.6512883793274749,3.592838127343176e-05,2.22176777810818e-07,1.2720418482915127e-05,2.02866004714816e-05,5.010711779390499e-05,1
0.5235635909969218,0.47635414853205255,4.582658742577279e-05,1.5152350720029808e-07,1.4680443655146334e-05,1.2610699322906495e-05,8.991217114569545e-06,1
0.44186436516438715,0.5580731154746108,2.4511311780338437e-05,1.5378658666905966e-07,1.6062888570945857e-05,1.3148917389137138e-05,8.642456674835371e-06,1
0.18268648371610413,0.8171989389609725,3.8660368364005815e-05,2.7125592855199253e-07,7.392157215035112e-238,1.8127053026761318e-05,5.751864560415464e-05,1
0.14322560589067915,0.8565163358749448,3.4757641435614794e-05,2.4387290398073156e-07,0.00015504738178085198,1.629714449320013e-05,5.171219376255986e-05,1
0.06358788079437865,0.8796864874382134,0.0005084443200806904,2.5100743868247503e-07,0.055413190805707994,0.0007637189567515456,4.002667742893777e-05,1
0.12134480258336126,0.8010052122125855,0.0009909189954751768,3.0756237016283616e-07,0.07471714924979764,0.001891618329120642,4.999106728965275e-05,1
0.2000104534901023,0.7670751312590566,0.00018220197958753367,2.008154130650099e-07,0.03159727926669028,0.001116484493060644,1.824869608982777e-05,0
0.2036249602685678,0.7653531490442844,0.00027176133818188926,1.8698999909508578e-07,0.02932713876857616,0.0014064582035729712,1.6345386817733613e-05,0
0.21214385547015904,0.7877772341261853,1.9776082418625142e-05,9.071543431397729e-08,1.893851296808773e-05,1.420605820961249e-05,2.5899034625121987e-05,0
0.19911136832001108,0.7987292839301833,2.3999934546148372e-05,9.233802110779324e-08,1.8631091881460548e-05,1.4460155680648313e-05,0.002102164229676214,0
0.0793865723720548,0.9205355946877578,1.2684340049529594e-05,9.266893259289777e-08,1.2238594370937712e-05,6.687609819024433e-06,4.61297270152849e-05,1
0.10050991182549127,0.8993368868960909,1.647541408636631e-05,1.203026005695867e-07,1.532686691250905e-05,8.50773702844352e-06,0.00011277095778997653,1
0.298502181843818,0.7014266189231769,2.3253973787650477e-05,1.4526438619936172e-07,1.1891394745209507e-05,1.0792136203495264e-05,2.511646388284748e-05,1
0.7821350776902753,0.2178203090538735,1.691441909920621e-05,1.7210397149358584e-07,1.1716693388111328e-05,1.1538053934341851e-05,4.271985458030981e-06,0
0.736936822240067,0.2630160109314859,1.5411112384060993e-05,1.899973217429591e-07,1.4446370291792563e-05,1.2648252156723919e-05,4.471096292821169e-06,0
0.831448529213897,0.16851175065268187,1.2662377799123034e-05,1.5610929365612235e-07,1.3766359369761283e-05,9.260323315349263e-06,3.87496364305165e-06,0
0.7708738984280178,0.22909227237636218,1.199712491412751e-05,1.553941802120377e-07,9.344038614529492e-06,8.475424899862108e-06,3.857213011224506e-06,0
0.3794555758821487,0.6172026210330137,2.9780755305301907e-05,1.6037814377902831e-50,1.5398297485290295e-05,1.095769512681223e-05,0.0032856663369200717,1
0.4202866584537678,0.570501314926484,2.9057257851965372e-05,2.501666910558738e-07,1.4101494483205151e-05,1.332886544108738e-05,0.009155288835280927,0
0.5371883189007625,0.4541462478492685,2.725977776504693e-05,3.0903458648520665e-07,1.3229176948684697e-05,1.2793703767570183e-05,0.008611841556901272,0
0.6648413162271085,0.3230540037080469,3.483922358935873e-05,2.999461727843706e-07,1.884744303138466e-05,1.6350929561352253e-05,0.012034342522489682,0
0.9267711314384228,0.06387213398483965,1.656584251391142e-05,1.675973619641404e-07,1.4128402785258373e-05,6.997195575804518e-06,0.009318875538500616,0
0.9219514283414901,0.06087511882067101,1.4496154143247284e-05,1.44196526288245e-07,1.2578864759316728e-05,8.318756971252122e-06,0.017137914865438652,0
0.7730840542662761,0.217292839636869,3.3013040936098645e-05,2.6950423261392045e-07,2.4897711961204515e-05,1.789200594950158e-05,0.009547033833775672,0
0.8636593917915352,0.1280968056640976,2.2548466872088212e-05,2.274943585713588e-07,2.0275022341389296e-05,1.4907209686860225e-05,0.00818584435110832,0
0.9539927510381828,0.0341062419583642,2.443696019330029e-05,2.2689688152103338e-07,1.811686515677635e-05,1.7746638869980745e-05,0.011840479642351373,0
0.9620449976848887,0.02619059193763705,2.2138282955820352e-05,2.0555369101444269e-07,1.4935338467382707e-05,1.607729069862408e-05,0.011711053911661232,0
0.9482670108677341,0.033103865307715655,5.8092831580375915e-05,3.8241474350445115e-07,2.9939382034700223e-05,2.5857434567278633e-05,0.01851485176162424,0
0.9598107191781514,0.016196684527713546,5.7386566553820936e-05,2.8334046208810305e-07,2.2977156858664465e-05,2.125560661523735e-05,0.023890693623645102,0
0.9485765600297055,0.018278757797737525,6.99006029521768e-05,2.959470368601855e-07,2.5461672974199553e-05,2.4569262541533196e-05,0.033024454687052465,0
0.9505941823664484,0.02078714274005125,4.474584524173469e-05,3.2271040476924826e-07,2.723938880062873e-05,2.3471338134816807e-05,0.02852289561091849,0
0.95582569208931,0.01703732853220705,3.941438843937487e-05,2.842595369086817e-07,2.3993822113293405e-05,2.0674733786785822e-05,0.027052612174606847,0
0.822958584061557,0.16894193176485311,3.077752355593645e-05,2.4328290790081287e-07,1.4646924846521725e-05,1.6213608950685452e-05,0.00803760283332891,0
0.7692725091795596,0.225532152688447,2.763361151076495e-05,2.581104829946397e-07,1.3150747177580606e-05,1.4308849782762721e-05,0.005139986813039313,0
0.6443440585094645,0.3545624022867483,3.426050778951466e-05,2.501298906975323e-07,1.5299726414011723e-05,1.6546389569363775e-05,0.0010271824501234955,0
0.6186942780402997,0.38121633481959527,3.00450050955842e-05,2.3177642255000122e-07,1.844100613282809e-05,1.1911505458162911e-05,2.875784699585457e-05,0
0.6457199332810176,0.3542207808817145,2.3184254079721852e-05,2.338364895286234e-07,1.922084307368154e-05,1.005149230220093e-05,6.595411322830444e-06,1
0.6699676338372196,0.32997733552967495,2.087017979012342e-05,2.437917435958527e-07,1.573627088899259e-05,1.2231369854893506e-05,5.949020827630941e-06,0
0.6799432594691525,0.32000833240561666,1.6557815922149317e-05,1.8412948918460323e-07,1.3464817633214315e-05,1.1751519376280597e-05,6.449842810212279e-06,0
0.7768132088786018,0.22314786583669957,1.3681030496591606e-05,1.4490140424971002e-07,7.293088715049396e-06,9.411064985314668e-06,8.395199097356848e-06,0
0.7986388740294922,0.2013048398297251,1.741071516956977e-05,1.4783907292383896e-07,6.432861732065438e-06,1.0977680487637383e-05,2.1317044320619768e-05,0
0.8275853904423937,0.172359520988273,2.2860198996799316e-05,1.4892645587855234e-07,6.7901507380169615e-06,1.143555186293414e-05,1.3853741279926237e-05,0
0.8251850407975126,0.17470030841476564,2.70343256978692e-05,1.6396996562406755e-07,7.93547391125641e-06,1.534050002880111e-05,6.417651811824453e-05,0
0.8274650463086538,0.17242592135144502,2.2870728672814903e-05,1.5547183907939762e-07,7.80423129483092e-06,1.5086787725847253e-05,6.311512036870767e-05,0
0.8274464896849335,0.17242205455011433,2.2870215776822394e-05,1.5548508082687025e-07,8.593095400454374e-06,1.5086449391504035e-05,8.475051930285876e-05,0
0.7907455298174497,0.2092094897429131,1.5233902668053573e-05,1.186568675822909e-07,9.783309583466775e-06,9.619655372764833e-06,1.0224915145463167e-05,0
0.5791521547251494,0.420791468245267,2.0445138436363245e-05,9.961514114634948e-08,1.3093976532015676e-05,1.2754765052010999e-05,9.983534422093023e-06,0
0.5097288487977774,0.4901950876659376,2.189359728338117e-05,2.1484231897290774e-07,2.0165844863451298e-05,1.5906899092797815e-05,1.7882352726483742e-05,0
0.6311895224897756,0.36864091034005764,1.5940775542919242e-05,1.502284398229328e-07,0.00012906489084330784,1.1907044501671651e-05,1.2504230839184852e-05,0
0.6786114799874929,0.3212271621640949,1.2109367543986159e-05,1.1728425250236641e-07,0.00012383667313297929,8.537654108482387e-06,1.6756869374142158e-05,0
0.8179379869347986,0.11915220551881878,1.5750185732053747e-05,2.126292711287223e-07,1.701110077681098e-05,9.190146523805191e-06,0.06286764348407892,0
0.9315958448036222,0.056266663721922794,1.5874042682384297e-05,2.2649736478550147e-07,1.4432302547509068e-05,8.788111346243862e-06,0.012098170520514151,0
0.9267408801857487,0.06103430527109346,1.6492871184380248e-05,2.7310757233124994e-07,1.3283340087433416e-05,9.167755706535207e-06,0.012185597468607423,0
0.9279224622363175,0.058306028019046115,1.5044855840654676e-05,2.2572002320931792e-07,1.608037831632926e-05,9.122712576897524e-06,0.013731036077879451,0
0.9273083704493761,0.058729478129307164,1.4059785493361145e-05,2.2735932487268746e-07,1.6197162775885714e-05,8.821555449354652e-06,0.013922845558273455,0
0.9336466663908599,0.051691230952128076,1.3715849951991714e-05,2.2179757910335127e-07,1.5800941940894778e-05,8.60575937973276e-06,0.014623758308160397,0
0.9454762500544646,0.037926447833399005,1.4214344846500806e-05,2.1887117350079295e-07,1.4931598535144519e-05,8.918530890735443e-06,0.01655901876669053,0
0.23975100787920417,0.7525267696704215,2.223153806249083e-05,1.9432063531968152e-07,0.0076830787312362776,1.1712238901207975e-05,5.005621538949199e-06,1
0.4663144244406895,0.5205297073980346,3.0995165750693536e-05,2.995951055054637e-07,0.013099101602300512,1.8425921366606176e-05,7.045876752607097e-06,0
0.40809561657997784,0.5732693523225758,4.176449703089859e-05,2.741027375884152e-07,0.01856548589968346,1.948547421019899e-05,8.02112378392989e-06,1
0.336721352537312,0.6632112580029506,2.383191568655869e-05,1.5989893105029352e-07,8.672166968547654e-06,1.4162331163532314e-05,2.0563146987877608e-05,1
0.22559192734714711,0.7742656009854787,4.807240212614409e-05,3.3729435668265985e-07,9.191809836755403e-238,2.254016242834671e-05,7.152180846286144e-05,1
0.08770555782088546,0.866322268307427,0.0005079690081713029,2.766697508020153e-07,0.04482523144781512,0.0006104278077075406,2.8268938242620167e-05,1
0.19432530096010894,0.7011086864161344,0.0004590573442004672,2.9241508048084807e-07,0.10205677593724624,0.002020005697367974,2.9881229861582694e-05,1
0.20493500308265064,0.7734108714577822,0.0006160407934338132,1.9125062183728751e-07,0.020184429447899548,0.0008391052801936611,1.435868741823494e-05,0
0.19170745716260829,0.7952532950309658,0.00029982587670163835,1.9041112691194884e-07,0.012419887026370409,0.00030867966030059325,1.066483192640892e-05,0
0.07494251775409222,0.9238629859910688,1.2924201573169326e-05,7.749789122431909e-51,4.416172773918131e-05,5.8166317245964635e-06,0.0011315936938021056,1
0.10543895275691442,0.8944600532271993,1.5809842774385832e-05,1.1550315181105565e-07,1.5465768427872638e-05,8.335820499032221e-06,6.126708103315512e-05,1
0.2947396067902297,0.705190677745393,1.970467406196568e-05,1.4042022519660368e-07,1.1488827280272484e-05,1.0066003036856309e-05,2.8315539772744655e-05,1
0.30918752640994845,0.6907389622598774,2.0670582750249484e-05,1.4730352177393553e-07,1.2052001177658947e-05,1.0937895934064302e-05,2.9703546790466996e-05,1
0.28912508399519593,0.7107707380426984,2.511771328178405e-05,1.5408210986549516e-07,1.2069465249175292e-05,1.144723190382125e-05,5.538946956116812e-05,1
0.3431428864789345,0.656736495633596,2.8950901546399735e-05,1.8126470866427778e-07,1.3711880306688321e-05,1.4646443569859769e-05,6.312739733784509e-05,0
0.6776019690505828,0.32233621773993937,2.145212814093091e-05,1.9791204986081317e-07,1.6267068432804635e-05,1.5252718144185607e-05,8.643382710048975e-06,0
0.8058016195559661,0.19415869724875454,1.303393875998835e-05,1.6069011726374617e-07,1.179125502052607e-05,1.0708641984715019e-05,3.98866939700808e-06,0
0.8537685413929254,0.14619326649649997,1.2175259531925301e-05,1.5010381112941248e-07,1.3236771228560522e-05,8.904081168840564e-06,3.725894834238486e-06,0
0.4679899833967298,0.5319444019238003,2.515612678774481e-05,2.1014714335028497e-07,2.1167659630852458e-05,1.2712738256986291e-05,6.368007650885243e-06,0
0.22322379913288096,0.7766066668186787,1.660499862164624e-05,1.316642067237377e-07,7.25507568436137e-05,7.302349999629899e-06,7.294427876874245e-05,1
0.2905905238669132,0.7076329943772026,2.0159764848394286e-05,1.2050509054388458e-50,2.1346982652277133e-05,8.468303541893175e-06,0.0017265067048416768,1
0.9240662475874284,0.06807026062879575,1.2583989300141344e-05,1.4618295413219503e-07,1.2752149150046364e-05,7.612819070281145e-06,0.007830396643301605,0
0.9030934101110425,0.0742991493978939,1.3230782293740688e-05,1.5698243799991066e-07,1.4132430316453675e-05,8.095935773159188e-06,0.02257182436024223,0
0.862396493152697,0.12827226195978852,2.822123183637744e-05,2.3769401794081762e-07,1.9650017410993935e-05,1.1928935560041372e-05,0.009271207008689056,0
0.8363305575080852,0.14999821666969404,3.5674697850386545e-05,3.0062853225384353e-07,2.3991484094906425e-05,1.801020653196255e-05,0.013593248805211152,0
0.9209204806558396,0.04304752049530059,6.25983165150301e-05,4.1177302796661813e-07,3.276290089777905e-05,3.238220387718866e-05,0.0359038436545419,1
0.9006284697054193,0.05310525166978809,5.475523135291109e-05,3.970399235272573e-07,3.0034329067693092e-05,2.949731207379949e-05,0.0461515947123748,0
0.9382209478465549,0.04211057124691073,5.837530458289437e-05,3.8427421287212303e-07,2.9056914322000037e-05,2.5983164833491225e-05,0.01955468124858298,0
0.9409581968978975,0.03344863962757823,7.566620005071595e-05,3.853953285614006e-07,2.9141687542365022e-05,2.6327007800117472e-05,0.025461643183802365,0
0.9512058055078912,0.024139296758743475,6.285915772763148e-05,3.156071511327145e-07,2.3864650925524226e-05,2.3676185886034153e-05,0.024544182131674745,0
0.8582788571000391,0.12724977566557025,2.8470283014499894e-05,1.3430402959007138e-07,1.729434030727942e-05,1.444027028468078e-05,0.014411028036754571,0
0.8189118857095609,0.17245638462814486,3.087618904924524e-05,2.440628156174946e-07,1.6014488749266257e-05,1.613417884783066e-05,0.008568460742832311,0
0.7681671425112441,0.2270614257665527,2.8945770881769532e-05,2.703666475167471e-07,1.377519961797379e-05,1.5248641074068027e-05,0.004713191743981807,0
0.6847893057022144,0.3151610170296023,1.654349374118415e-05,1.8397022084404885e-07,1.4764185850300325e-05,1.1741354546093202e-05,6.444263824652886e-06,0
0.7289660104656275,0.270993676719899,1.5294977135958768e-05,1.6199537494779926e-07,8.304078320232743e-06,1.0521285206642194e-05,6.030478435612067e-06,0
0.8641718746622912,0.13578362512437142,1.1843293873812092e-05,1.2472048576726768e-07,5.297513811056266e-06,9.251130006378784e-06,1.7983555160412284e-05,0
0.8498505185252756,0.1501017984903322,1.3145638625560244e-05,1.3176585968774023e-07,5.621970177752248e-06,9.784175984220655e-06,1.899943374479317e-05,0
0.8199192016086271,0.18002792323093303,1.6355613391903966e-05,1.3887991948693503e-07,6.04302571540121e-06,1.0312425207521305e-05,2.0025216205679542e-05,0
0.8373612755877516,0.16253293578340494,2.4558413126301168e-05,1.599897459078737e-07,7.294570228256846e-06,1.4968123536322635e-05,5.880753220680585e-05,0
0.8338961971873194,0.16596523980972613,2.3910900043561876e-05,1.5577141742521875e-07,7.538697799884259e-06,1.4573470357227484e-05,9.238416333640401e-05,0
0.8425664158175474,0.15728805967891973,1.969169863934628e-05,7.15961095523166e-08,8.386539593148169e-06,1.4101608483777842e-05,0.00010327306070676901,0
0.832729656108661,0.16722263695644674,1.4335112920075457e-05,6.187101207281213e-08,8.869756725699212e-06,9.0521023420989e-06,1.538809189240505e-05,0
0.5444069667709319,0.4555313005380898,2.0834535148174015e-05,9.592421597249322e-08,1.3988754410115126e-05,1.6336581641693882e-05,1.0476895562423164e-05,0
0.5205619289751686,0.47937240764907,1.9623535106935164e-05,1.8493535995084643e-07,1.580395091220227e-05,1.4657900750768809e-05,1.539305363138118e-05,0
0.6613041441892944,0.3385295098964284,1.426921879426215e-05,1.344754194162317e-07,0.00012677689438270282,1.2182007952017504e-05,1.2983317728746548e-05,0
0.6985284476640153,0.3012937151779594,1.2070220273856929e-05,1.1690509493712305e-07,0.00014494107520605432,9.528114748598745e-06,1.1180842701905917e-05,0
0.9245038521130966,0.060886976651837024,1.6453059607458448e-05,2.357116450893972e-07,1.3251275887709952e-05,9.52653450325129e-06,0.01456970465342312,0
0.9201134708933233,0.05670660749422415,1.3575512039620139e-05,2.040864908443941e-07,1.6048389355438332e-05,8.87246308755183e-06,0.023141221161479236,0
0.8945853013268457,0.10326469122991366,7.179487311424356e-06,8.281822577291982e-08,5.401737824586565e-06,4.690858310316738e-06,0.002132652541568588,0
0.8610761086236011,0.13722693628479546,8.658922256641301e-06,1.6640935216028256e-07,6.5242086514540294e-06,5.8662837107144355e-06,0.0016757392676325492,0
0.8330737556531134,0.16629205634629338,1.1597697786348115e-05,2.0616945634147663e-07,8.146207803629852e-06,7.324714566245251e-06,0.0006069132109806244,0
0.8317286550791613,0.16791314094686058,1.1491124624401331e-05,1.961417706075259e-07,7.749991927486885e-06,6.720415603329963e-06,0.0003320463000521469,0
0.8307601956282361,0.16887850868099563,1.155701780594207e-05,2.740690950348294e-07,8.755309271558973e-06,6.758952263565906e-06,0.0003339503423321174,0
0.8221120179411906,0.17757085384766366,1.1436709750688469e-05,2.712160476152951e-07,8.664166880910106e-06,6.688591862981989e-06,0.0002900675266036135,0
0.47974733211160975,0.5150211173707968,2.807820755676023e-05,2.2738328922427077e-07,0.0051784158392995435,1.9536639333314545e-05,5.292448114585951e-06,1
0.22661784465914978,0.7694552615654908,2.176359650597299e-05,1.8828222427282178e-07,0.0038862189499302003,1.311696705797409e-05,5.605979641032623e-06,1
0.26398575075387953,0.731780634270688,2.0697991489134442e-05,1.7906341327751701e-07,0.00419455281767406,1.2853607261429686e-05,5.331495594788719e-06,1
0.24485239343117823,0.754497294632051,2.5972015603711873e-05,2.0160016280193933e-07,0.0005762038280665215,1.8288838953480154e-05,2.9645653984443864e-05,1
0.26000490278700933,0.7398577589842256,3.384380547147691e-05,2.4225133970636833e-07,1.8835118687063763e-05,2.197664762060382e-05,6.244040564625674e-05,1
0.20127600625584213,0.7986267883456667,4.130890590461562e-05,2.959821439546817e-07,8.065986069450843e-238,1.9779416608815742e-05,3.582109383368997e-05,1
0.1417381641640197,0.8533360396224091,2.4502661625116785e-05,2.1320171495457786e-07,0.004874028310500293,1.5832274603640154e-05,1.121976512724638e-05,1
0.12942542640429852,0.8658558176290647,2.390594847346537e-05,2.0800961504255748e-07,0.004666916748749192,1.6778729535641357e-05,1.0946530263528346e-05,1
0.45381944576230815,0.405710350441009,0.000997445410140321,2.749582282100669e-07,0.13640659403397024,0.003053389570102299,1.2499824241713775e-05,1
0.19679817159734175,0.7933928602116306,0.0003646237269063545,1.9102911282477326e-07,0.008547507405234762,0.0008807887602980107,1.585726947585745e-05,0
0.16697514676612124,0.8229032787523206,0.00026604422893076324,1.9703148874179226e-07,0.009543080673129041,0.00030027597818810324,1.1976569821423452e-05,0
0.6178465194567412,0.38016391793358345,1.7488575902370747e-05,6.804606829296448e-08,0.0019351228792261663,1.2933922914461532e-05,2.3949185563866292e-05,0
0.3097070952852121,0.6900253324924447,2.9078332465818495e-05,1.0433255961380052e-07,1.8685057720112793e-05,1.5541528784677265e-05,0.00020416297081302784,0
0.28303110760521594,0.7159865637967856,1.7968703166047834e-05,8.242475315696476e-08,4.21825891120147e-05,1.767621112142802e-05,0.0009044186698455569,1
0.17290006779879677,0.8264756761991874,1.6431843191362166e-05,1.1495390504152828e-07,6.154162517360783e-05,8.210268157906344e-06,0.0005379573115880093,1
0.09428915765558021,0.9052460051821692,1.2008956826845023e-05,1.6202982625223983e-07,4.497673883306267e-05,5.731202383497045e-06,0.00040195823438089783,1
0.05434835299875549,0.6292281304238959,1.0152982121412723e-05,6.269064188829708e-08,3.4749447315056044e-05,4.916866615091907e-06,0.3163736345906552,1
0.26608157251985937,0.7338029162864651,3.0624761049750967e-05,2.128260200102507e-07,1.9663059717359358e-05,1.5256401709552593e-05,4.975414517892529e-05,1
0.2360598517794308,0.7638531129911995,2.8066610984967168e-05,1.6536559200692733e-07,1.2953316046095113e-05,1.2285516354029992e-05,3.356442039265114e-05,1
0.8171949765397168,0.18274116952333522,1.5605850234399172e-05,1.5586227764152705e-07,1.0697748493579035e-05,1.256095509231611e-05,2.4833520850122978e-05,0
0.7704381394942049,0.2295167544278558,1.454933883097148e-05,1.7557159056026907e-07,1.288324032558651e-05,1.1376925061656004e-05,6.1210021305554065e-06,0
0.7827077067693342,0.21725148066824296,1.3771828604199219e-05,1.6618912247857915e-07,1.2194765665433212e-05,1.0768947222427377e-05,3.910831808600029e-06,0
0.7871606395430908,0.21279810272800667,1.3514519542282136e-05,1.6308409057361136e-07,1.2964289208361625e-05,1.056774317122444e-05,4.048092890132058e-06,0
0.7879632120369054,0.21199729998081865,1.3627326916038335e-05,1.6220971751573094e-07,1.155894205618335e-05,1.011311448920999e-05,4.026389097036856e-06,0
0.23400007738225698,0.7658240667446281,1.6950756759979993e-05,1.3826471014053527e-07,7.424334029659817e-05,7.472711237954633e-06,7.705080011023016e-05,1
0.2092803493345949,0.7874687988471418,2.020134496715487e-05,1.6057372254617575e-07,8.848072980354772e-05,8.90572731916393e-06,0.0031331034424510237,1
0.3836491158725231,0.6121646838369988,2.799106541943971e-05,1.5602342050573286e-93,3.0177613899726026e-05,1.1971396559207594e-05,0.00411606021459982,1
0.462046693370171,0.5227844603608534,3.907371417982729e-05,3.1165004405578915e-07,2.7191766170189315e-05,1.6526017514664277e-05,0.01508574312106696,1
0.264909114387355,0.7337496693284479,2.5760342647959516e-05,1.9383363732733217e-07,1.0494439328862054e-05,1.0327443909451196e-05,0.0012944402246736657,1
0.32515573333034864,0.6693294636792235,2.906876953086655e-05,1.4796267043579728e-93,1.4446805447476107e-05,1.0230354701799135e-05,0.005461057060747637,1
0.9181586448058604,0.07051471534353572,1.3205573159177732e-05,1.566833331309996e-07,1.3084061068631782e-05,8.09893128754545e-06,0.011292094601755313,0
0.8236667199297116,0.1677609682819537,2.8697714337656985e-05,2.4183391199419565e-07,2.154171638326709e-05,1.2130341688810152e-05,0.008509700182013049,0
0.9237813816219784,0.05426943105352796,4.819008273114981e-05,3.368486967072978e-07,2.6372000530605244e-05,2.4146948911877685e-05,0.021850141443623253,1
0.9416812579145538,0.03152632107218271,6.32816673411017e-05,3.1244693563113216e-07,2.4471692539826643e-05,2.134377949569022e-05,0.026683011426951026,0
0.9453924313186577,0.03165056655685066,6.353106090057823e-05,3.1367829151504975e-07,2.4568135676762745e-05,2.142789550218575e-05,0.022847161354120474,0
0.9514921420437816,0.025413673968933594,6.394096591009182e-05,3.157021567117746e-07,2.6233155605860334e-05,2.1566149162445345e-05,0.022982128014449505,0
0.9389617477252165,0.023245201205479765,7.33785854708756e-05,3.1067221199729616e-07,2.581519418374609e-05,2.330597711260463e-05,0.037670240640324405,0
0.9514200597339499,0.020753951746903202,4.1400950605156755e-05,3.2219513054578057e-07,2.7195895455807654e-05,2.3433861265920023e-05,0.027733635616689536,0
0.9552686006371341,0.017257372620241872,3.698402477002476e-05,2.878212339260221e-07,2.4294458375439176e-05,2.0886168851369843e-05,0.027391574269393214,0
0.9135048143016099,0.024389948514099296,4.599920473884457e-05,3.5222164571601643e-07,3.277194775505379e-05,2.803968373146749e-05,0.06199807412641984,0
0.8936211832349785,0.030975177487555,5.806203157509771e-05,3.8726477619672425e-07,3.4658965044651375e-05,3.089968088221194e-05,0.07527963133518825,0
0.8204713535278588,0.17241397718789758,2.974492988159311e-05,2.425476331390242e-07,1.591506814439796e-05,1.6164606505089027e-05,0.0070526021320794245,0
0.7493436840943732,0.24603675887033452,2.8028095242538018e-05,2.617951402281616e-07,1.2853075971196331e-05,1.4645923455316916e-05,0.004563768145482893,0
0.6164261640915202,0.3835072439991929,2.8601896713296152e-05,2.460681885065136e-07,2.022626171921659e-05,1.0577273493865857e-05,6.940409171963635e-06,1
0.6728095525959259,0.3271331558178078,2.3118560168085018e-05,2.2833441254248315e-07,1.76894828962588e-05,9.814984798244684e-06,6.4402239911756374e-06,0
0.6878707217312706,0.31208134828968187,1.6509486730749557e-05,1.8314225699144602e-07,1.2984054477622816e-05,1.1688512205087374e-05,6.5647833771705285e-06,0
0.8636631761012603,0.13628652310995973,1.8183292186859965e-05,1.2152822186075738e-07,5.264566725625332e-06,9.208141790284628e-06,1.7523259855305413e-05,0
0.8927252218825805,0.10716869431096272,1.438148926534306e-05,1.1941763148671133e-07,6.078536900447972e-06,7.887797109170984e-06,7.761656555046723e-05,0
0.5562160899681989,0.44370191847916246,2.199162666935897e-05,2.2255757573510252e-08,2.158246452316001e-05,1.385439052788305e-05,2.4540815160515086e-05,0
0.734656516962797,0.26519731647896855,1.0771980050192126e-05,1.0151687741835982e-07,0.00011638762980270387,9.196323114982407e-06,9.709108389277859e-06,0
0.729365409122934,0.27047996088905796,1.083578097759791e-05,1.0494903781065587e-07,0.0001271483686127221,6.503528013409922e-06,1.0037361366572076e-05,0
0.715415044520402,0.2844150446623114,1.1738483931975488e-05,1.1369209072826518e-07,0.00013476967703078747,7.045321351953749e-06,1.6243642880941922e-05,0
0.6791970487906169,0.3206095726593654,1.2452943495729544e-05,1.2061192824857203e-07,0.0001560985540220096,7.4741328789613e-06,1.723230769266274e-05,0
0.7116261872766634,0.28815723818919475,1.188157330697829e-05,1.150779707362239e-07,0.0001810050316016853,7.131202172235735e-06,1.6441649090352946e-05,0
0.9377838866300345,0.030068096332268254,1.7408449330767797e-05,2.581559052530763e-07,1.727779692417446e-05,9.958270143539718e-06,0.032103114365393495,0
0.9254537340125474,0.03793307314172043,1.6672884707729845e-05,2.4724796351027633e-07,1.619708627817264e-05,9.537500258464616e-06,0.036570538126524096,0
0.9392045437969727,0.03639151626026831,1.666462781507782e-05,2.596415589546057e-07,1.4748214243428081e-05,9.532777013676252e-06,0.024362734682127882,0
0.9301965400156296,0.05036491542879774,1.33610528031345e-05,2.1435340189381268e-07,1.2128182805103088e-05,8.54879598499022e-06,0.019404292170577663,0
0.9026506266356386,0.0637666782331454,1.7572111047404745e-05,2.294956120366008e-07,1.2997997601907648e-05,9.977100091854445e-06,0.03354191842686279,0
0.9087723377469237,0.06089333004765671,1.682151772706203e-05,2.191544617886297e-07,1.5951379554291717e-05,9.527528572062346e-06,0.03029181262510449,0
0.9058910244928149,0.059325830494069906,1.554774917989212e-05,2.1351304719114627e-07,1.678964883766933e-05,9.282273520781606e-06,0.03474131182852983,0
0.9120798526457558,0.061514592719666666,1.5797232525137645e-05,2.2139037968648748e-07,1.740908473685322e-05,9.624732943275064e-06,0.026362502193992606,0
0.8971000872746614,0.10128246494698792,6.604802607779332e-06,9.070197329313888e-08,4.986922188449561e-06,3.943180691097616e-06,0.0016018221708898005,0
0.8122488296699142,0.18743034832682703,1.1572693832753231e-05,1.9753407375244364e-07,8.767185039614844e-06,6.76812015779936e-06,0.00029351647015484893,0
0.37249044743419774,0.6152161735748222,3.373665513776844e-05,2.431355198286144e-07,0.012233618498317788,2.076947213146174e-05,5.011229873213886e-06,1
0.0921396115076594,0.9011207247980124,2.147736688908221e-05,1.4322797848974997e-07,0.006702574271068287,1.2235026415660579e-05,3.2338019768180227e-06,1
0.13592757925098833,0.8602193516222411,2.8916174514520472e-05,1.868150177898634e-07,0.0038059786414494623,1.3769585432204902e-05,4.217910356609467e-06,1
0.19634609952461501,0.8034953580926094,3.700569605677827e-05,2.6488390775311935e-07,2.0594808048824578e-05,2.4029837391672442e-05,7.664715737030782e-05,1
0.2033547606712499,0.7965275608155397,3.443490791882226e-05,1.5168326310564155e-07,4.048593989550035e-05,2.3635557850546437e-05,1.897042428251145e-05,1
0.21883014908570583,0.7810963199900323,3.8422198927206216e-05,1.3559040764597327e-07,1.6820274685410966e-238,1.8015380267475358e-05,1.6957754659400716e-05,1
0.30732278428876464,0.6925476404898407,2.7321482870113243e-05,2.155242256367958e-07,5.936142159401197e-05,1.6090016144359704e-05,2.658677656043386e-05,1
0.1717916749367523,0.8262490770907042,2.4683203892716954e-05,2.1477264311181472e-07,0.0019112678045119607,1.5820082193717782e-05,7.262109301880761e-06,0
0.15445167076730193,0.8418714895895524,2.4173468930684695e-05,2.1033735482598285e-07,0.0036257672406596513,1.5619568359090027e-05,1.1069027841246912e-05,1
0.13697312650139043,0.8569119113273496,2.4826963360702238e-05,2.1650934151142975e-07,0.006061420205284501,1.4616693364383839e-05,1.3881799909003842e-05,1
0.10019107789068496,0.8703239137592124,3.089574034835909e-05,2.5122763221557777e-07,0.029407360250506838,1.551003117724581e-05,3.099110043795503e-05,1
0.08491343941188623,0.8722025468349053,0.0001827586719724315,3.198606014634441e-08,0.04238891316241774,0.0002833971677721979,2.8912764985878917e-05,1
0.3204343670796784,0.6077823260298387,0.0002600755987314277,2.7402528242121605e-07,0.0706215174838182,0.0008760157377372032,2.5424044913652542e-05,1
0.18559893415436612,0.7393271220516083,0.00030898348308020245,1.9666801808644271e-07,0.07362209509992697,0.0011367488222671052,5.9197207332118065e-06,1
0.218051578958915,0.740554170958631,0.0004489313355719212,2.672639697686745e-07,0.03895020910209557,0.0019789917968427123,1.5850583974000242e-05,0
0.18048241262037154,0.7586639296809543,0.0001778340353486165,2.0012031406628729e-07,0.06007512001003767,0.0005940884442693696,6.415088704338579e-06,0
0.15522720297998444,0.8326515294367386,3.582087122123791e-05,1.9936555690578264e-07,0.012057529043507584,1.5599856708684778e-05,1.2118446282452611e-05,0
0.22048675658553266,0.7684364129442808,2.9431889667379257e-05,2.4401469190241535e-07,0.011009457230554824,1.9037274720048092e-05,1.8660060552285216e-05,0
0.4708705096450458,0.5262308596430265,2.3135930888099105e-05,9.001928699177173e-08,0.0028322182235564096,1.4964892747235147e-05,2.822164544901796e-05,0
0.22296119536795395,0.7769046610133686,2.7796661760044372e-05,9.973394703955376e-08,3.005413979599894e-05,2.1388214538990217e-05,5.480486863518395e-05,0
0.3180450833668861,0.6819094829757195,1.7056350859912952e-05,1.3168985512108356e-07,1.0780178763396965e-05,9.663684499282546e-06,7.801753416678707e-06,1
0.6187700541440456,0.3811427163500385,2.1743095985863932e-05,2.0816203468746292e-07,1.4369725402091435e-05,1.3307752061930816e-05,3.760077043125132e-05,0
0.7833447117847597,0.21653371505432886,1.309473542889853e-05,1.821006841125107e-07,1.1124085837814235e-05,1.1749938484380717e-05,8.542230047611907e-05,0
0.8426634135151219,0.15720651243707792,1.544933449941876e-05,1.5128548333573276e-07,9.47050575883046e-06,1.2192110824082903e-05,9.28108112345728e-05,0
0.7559770943133131,0.24397629283141012,1.4558030988713169e-05,2.0029787460141963e-07,1.5144771612927742e-05,1.0485347519542023e-05,6.224407280827952e-06,0
0.7664587012734689,0.23349715383823552,1.4072458075936534e-05,1.6981691581925358e-07,1.3285821811137614e-05,1.1004025875211238e-05,5.612765617236868e-06,0
0.8089634976866357,0.19099807280536074,1.2328185869609298e-05,1.4876821737372467e-07,1.0076780168790527e-05,9.885808406081066e-06,5.989965341722993e-06,0
0.8530646822968142,0.1468952248905979,1.4419085903510239e-05,1.4671399205295504e-07,1.2374425093721825e-05,9.510835260877448e-06,3.6417523378491923e-06,0
0.8625141177979789,0.13745057997988905,1.1562476918593388e-05,1.4254906411036343e-07,1.1602888706849295e-05,8.455937446429187e-06,3.5383699960584257e-06,0
0.19773561401179013,0.8021359781737611,1.867610580608132e-05,9.990089503331146e-94,1.932255188855823e-05,7.665216075810958e-06,8.274394067828076e-05,1
0.5809245540879852,0.41232302761799383,3.235832882270662e-05,2.38552815726305e-07,1.442665587497206e-05,1.300420088842789e-05,0.00669239055561925,0
0.7052715074824967,0.28383011273803554,3.377802575057895e-05,3.122788871907484e-07,2.431126359538029e-05,1.6646921441502407e-05,0.01082333128979317,0
0.7809152019867169,0.20958367429849278,3.473678752033714e-05,3.2114266924692696e-07,2.5001319026146995e-05,1.7432595767415987e-05,0.009423631869806921,0
0.8733647477588351,0.12240590851482837,1.6874722081712364e-05,1.877341505987702e-07,1.3769286922080306e-05,9.269733798957204e-06,0.004189242249383324,0
0.901460337985436,0.08433907081573991,3.91982719921098e-05,2.9917839227040156e-07,2.3875756522119822e-05,1.6691739473759854e-05,0.014120526252443848,0
0.8619128897107406,0.10492133035037325,4.7575862857483446e-05,3.3924645057373497e-07,2.566250628163579e-05,1.8508825895498766e-05,0.03307369349740074,1
0.8581781946456971,0.10296119403386386,5.215808842014796e-05,3.7192066107662766e-07,3.2519173018223485e-05,2.667505383256029e-05,0.038748887084506904,1
0.8720854272606327,0.11064213795082944,5.112994110278333e-05,3.350440858279069e-07,2.8825370362873463e-05,2.094913244060211e-05,0.01717119530054579,0
0.9206015974170478,0.053208267811758234,6.186509878135281e-05,3.05452769323547e-07,2.538148649779786e-05,2.0865996146259255e-05,0.026081716736999157,0
0.8965386748002843,0.06479566069713476,6.107842191402383e-05,2.9746876585024113e-07,2.471805864017895e-05,2.23154823022305e-05,0.03855725507095859,0
0.9347214865533796,0.03951334086031643,6.281396562956577e-05,3.101377049692541e-07,2.5770779517134058e-05,2.1186032037062558e-05,0.025655091671415116,0
0.9394833476491466,0.03156870102171987,4.7910560648453065e-05,3.139481416904982e-07,2.608740636718735e-05,1.8560328287707445e-05,0.028855079085688254,0
0.9517910542293163,0.021785261436702657,4.507316311571613e-05,3.0872856082545606e-07,2.6561325759266498e-05,2.2835015547624888e-05,0.026328906100997314,0
0.9565935937201332,0.021849568776672348,4.053884774765907e-05,3.154859768028044e-07,2.662958818889819e-05,2.2893701384924053e-05,0.021466459879896167,0
0.9523990099752652,0.021626772565627717,4.012548024505016e-05,3.1226902176868814e-07,2.6358050960369433e-05,2.2660258337261044e-05,0.025884761400542612,0
0.8621180149795433,0.030710401492157497,6.119582969686759e-05,4.081667252906556e-07,3.652962297054456e-05,3.2567437922141206e-05,0.10704088247098431,0
0.653198395403158,0.34602539145047223,2.628142584496664e-05,2.4510242173384307e-07,1.4992210588994256e-05,1.6300203278627492e-05,0.0007183942042352423,0
0.6392691741963037,0.3606452696292843,2.2849832804852712e-05,2.3375406886078243e-07,1.9707122902716846e-05,1.3762239574975253e-05,2.900322506059315e-05,0
0.7040715716541965,0.2958770714547732,2.01530629013115e-05,2.3541485473128115e-07,1.3884970151483538e-05,1.1338835642177578e-05,5.744607480439418e-06,0
0.7545101970703654,0.2454447853281797,1.6362865023062915e-05,1.645147323746652e-07,8.273766342713365e-06,1.068491258201677e-05,9.531542774793065e-06,0
0.8515738518161449,0.14836772200589537,1.799030386447022e-05,1.4193572346070186e-07,6.175991676664136e-06,1.3652111460414409e-05,2.0465835234570984e-05,0
0.8368464833883796,0.16299428211693948,2.3981512088096973e-05,1.6044387345022048e-07,6.9813293147068005e-06,1.5021692432588593e-05,0.00011308951697189563,0
0.8491116368467113,0.14948164053195345,2.312265674715624e-05,8.164721153966975e-08,8.419749252462738e-06,1.2613210633915023e-05,0.0013624853574901582,0
0.8575699533622975,0.14110848458503752,1.78609763751743e-05,8.009876897740077e-08,8.11738439539177e-06,1.0998144160103296e-05,0.0012845054489652344,0
0.8005182118722504,0.1984616870765764,1.9740716731785444e-05,7.659147886966298e-08,8.404938546462756e-06,1.0241222965909339e-05,0.000981637581450108,0
0.812439907051622,0.1867938995949123,1.74066615676454e-05,7.512795846141634e-08,8.00788023239914e-06,1.0573970725611601e-05,0.0007301297129815059,0
0.8998017136822206,0.10007566042153408,1.4685304548685044e-05,5.722664834471413e-08,6.0997816982002e-06,8.054430290856964e-06,9.372915305918881e-05,0
0.488415401027244,0.5115250797466437,2.0273381354138207e-05,9.877828665196748e-08,1.3420526042193092e-05,1.6822650338671986e-05,8.90389009057548e-06,0
0.7029146667717373,0.29693474207121195,1.1533378539699745e-05,1.1170555984381683e-07,0.00011606403453350833,6.922219134667845e-06,1.595981928290408e-05,0
0.9469602509925839,0.02754690984933212,1.5948764399051357e-05,2.3650973345617034e-07,1.5020964878880145e-05,9.123276940049976e-06,0.02545250964213258,0
0.9230962222904001,0.05197099768394309,1.4103116038998568e-05,1.9775702899392094e-07,1.2035754481062686e-05,8.483646003484045e-06,0.024897959752104185,0
0.9183749626862958,0.053298533203097305,1.4522053770170363e-05,2.028084902290579e-07,1.234319309654969e-05,8.671986057601069e-06,0.028290764069192616,0
0.7415663636027344,0.252751559984887,2.026076096979093e-05,2.769322468219408e-07,1.601437847240599e-05,1.1881935720816113e-05,0.005633642404968911,0
0.8095876550359041,0.18894428334993402,1.2063429727281435e-05,1.9912961980557998e-07,8.987866075435722e-06,7.074605776449243e-06,0.0014397365829628864,0
0.32161357129676416,0.6740768343404177,3.505146774485347e-05,2.418698515862327e-07,0.004250687298946016,1.8498018619825382e-05,5.115707655949697e-06,1
0.06157407025093902,0.9331205817913936,2.117116898862724e-05,1.5920175159644942e-07,0.005269107089594154,1.191747829498424e-05,2.9930190380781797e-06,1
0.0949355982475819,0.9004020829838363,2.2595584901626522e-05,1.8016023642445488e-07,0.004622483970948287,1.3486382440377338e-05,3.572670055335932e-06,1
0.12133381863577862,0.8761109365200157,2.7069066275792662e-05,2.0078058878069843e-07,0.0025074609210769495,1.6532494026812016e-05,3.98158223737849e-06,1
0.13210565718337994,0.8651201374349141,2.9696684397054872e-05,2.184391636136574e-07,0.002725050834655699,1.346915287543201e-05,5.770270614196523e-06,1
0.1527881196684928,0.8471160867097225,3.886189800363978e-05,1.8826621530199817e-07,2.993808737308002e-05,1.657875617385973e-05,1.0226614018822047e-05,1
0.10437135827359195,0.8955311259391843,3.1377834128362e-05,2.422825530646486e-07,3.2061694490815486e-05,1.8299690557542168e-05,1.553428549367466e-05,1
0.21162071646743422,0.7883129129003869,2.4727457710825745e-05,1.950613808345698e-07,1.9034386047115947e-05,1.5818114825709613e-05,6.595612214256489e-06,1
0.22060132825053755,0.7767989091306492,2.4486099959924722e-05,2.2100850738164523e-07,0.0025305731891595786,1.721901105813886e-05,2.7263310128360915e-05,1
0.22265421196501944,0.7186224634377579,0.0002353012645384739,2.2986288103757654e-07,0.057530286891587706,0.0009402043494389601,1.730222877642272e-05,1
0.22534603193170608,0.7735648460220853,2.953358128643953e-05,1.0596598459690054e-07,4.239963696018998e-05,2.272469183932923e-05,0.0009943581701379771,1
0.20003046332838492,0.7996040910643916,2.1375428219758004e-05,7.669467090762359e-08,3.925009983125568e-05,1.6447379493754004e-05,0.00028829600500777263,1
0.01150726030478079,0.024746340578576918,1.5634995398213093e-06,8.697188763091308e-09,1.41558537639211e-06,6.169750890707747e-07,0.9637427943594483,1
0.33894486363630927,0.6609802562332978,2.1778253685488226e-05,1.879039676816461e-07,1.798414874874001e-05,1.4659688832068752e-05,2.0270135158981965e-05,1
0.5841724418668894,0.4156951367769778,2.2393064762734598e-05,1.9314145951976747e-07,1.3378230983499403e-05,1.546031257147983e-05,8.099660635566234e-05,1
0.863709591612915,0.13611515506047733,1.410832200364853e-05,1.3815380290059886e-07,8.648459568793383e-06,1.1133827506731869e-05,0.00014122456372585228,0
0.7815240817639526,0.21843373034556554,1.267269330983215e-05,1.6465381101940628e-07,1.0572326879020489e-05,9.685104915706632e-06,9.09311156639347e-06,0
0.836590315065954,0.16337066304288814,1.2009339047944732e-05,1.333763969845118e-07,9.816161991597745e-06,9.608225644592976e-06,7.4547880767449635e-06,0
0.8506307874799819,0.1493326072570203,1.2060864703799642e-05,1.5544723606244159e-07,1.0247978016006067e-05,9.046551317205233e-06,5.094421724699943e-06,0
0.8523759172878728,0.14758661760135267,1.2304097023520499e-05,1.5182534383086377e-07,1.2134743848897928e-05,9.23902270287535e-06,3.635421855630429e-06,0
0.8554538311297465,0.14450796364511545,1.208564924942558e-05,1.4899904248901337e-07,1.2567155078508649e-05,9.704949633175786e-06,3.69847213431288e-06,0
0.880058069489501,0.11990995851309286,1.0727044979740963e-05,1.3224936432719557e-07,9.985028919099147e-06,7.844964532457347e-06,3.282709610572099e-06,0
0.7194827342190632,0.28045423459068575,1.7961441760678812e-05,1.7296202734456176e-07,1.3458233800727489e-05,9.428658147716082e-06,2.200989451457246e-05,0
0.6301555782020936,0.36977862332892836,1.716206419686926e-05,1.6779799714087078e-07,9.35433712569065e-06,9.147151991696722e-06,2.9967117666792626e-05,1
0.529809714013796,0.46599500907229796,2.649100401379489e-05,2.3846294874972017e-07,2.1677038339671803e-05,1.1917888995041259e-05,0.004134952519609003,1
0.8682043308961063,0.11183039361003844,1.5873392179115326e-05,1.7678031488235562e-07,1.397809839676725e-05,7.853294716504179e-06,0.019927393928247904,0
0.6422761480811721,0.35126727623147674,2.8396683189969892e-05,2.3039853105450616e-07,2.052309277127622e-05,1.1556745219248555e-05,0.006395868767639646,0
0.8271701782429874,0.13333660028672367,5.144930633991558e-05,3.7097891468097053e-07,3.243683068776244e-05,2.024010606778264e-05,0.039388724248278585,1
0.9251886217639468,0.05003493008468732,6.182270882230014e-05,3.0524347311875285e-07,2.6261487773335243e-05,2.0851698767936797e-05,0.024667207012529283,0
0.9189833288993093,0.05340044009908907,4.677987085465166e-05,3.0653896186066825e-07,2.6372944576682087e-05,1.921050123420446e-05,0.027523561145973947,0
0.9398188914970146,0.03194228682611272,4.430477316239918e-05,3.1348893747789e-07,2.6970882667976315e-05,1.9646049506312903e-05,0.028147586482598456,0
0.9028823378377833,0.031021701361602098,5.3278688102932497e-05,3.2326593562477847e-07,2.7812042397522905e-05,2.1655098080959856e-05,0.06599289170609775,0
0.9525940354701561,0.021924661428414313,4.067817175936155e-05,3.105857571037847e-07,2.6721108823119387e-05,2.297238251418359e-05,0.025390620852576026,0
0.9373141704689764,0.023290113317605603,4.314225341041808e-05,3.357464929290159e-07,2.725946049335751e-05,2.436393537376422e-05,0.03930061481764733,0
0.5857055921072308,0.4142007901353028,3.46926745094984e-05,2.669027053734144e-07,2.2066194080553995e-05,1.571386112104688e-05,2.0878125049729553e-05,0
0.749066369041252,0.25088724919847066,1.9479200892735895e-05,1.9646730664344215e-07,1.2787741223330853e-05,8.376945826574292e-06,5.541405027993057e-06,0
0.7655628411998474,0.23439365504958637,1.4105312249813806e-05,1.568566743077071e-07,1.1320447467896663e-05,1.0010912730974384e-05,7.910221443151976e-06,0
0.8494961724829387,0.15037335052475023,2.242122708434522e-05,1.5000507506383866e-07,6.849156745871756e-06,1.4428263403091464e-05,8.662834000233644e-05,0
0.8473960842586129,0.1512274089356645,2.7064242769731364e-05,8.220660281726934e-08,8.777371003982421e-06,1.2699627792297832e-05,0.0013278833575538554,0
0.8167255907258445,0.18230973432208286,2.0140389431504846e-05,7.814215828780441e-08,8.575105847148024e-06,1.0448567880829413e-05,0.0009254327467547974,0
0.8971219086527795,0.10270690070887986,1.5276186149451137e-05,1.4850770900497251e-08,1.3554775917405853e-05,8.439935498779623e-06,0.00013390489000412529,0
0.8963989777440089,0.1034851810807701,1.4759668515715266e-05,1.149630577790413e-07,1.3096462519403043e-05,8.154564826409958e-06,7.971551630139117e-05,0
0.5484682833576939,0.45143677051590125,2.190518849821014e-05,9.842016024146817e-08,2.219397244398109e-05,1.2704396009348424e-05,3.804414929303881e-05,0
0.5492087604571603,0.450724829532045,2.352988410026671e-05,9.54522373696032e-08,1.4865594097054064e-05,1.2321286823213524e-05,1.559779353679e-05,0
0.39974352158376125,0.6001920204828216,2.5702697379266197e-05,1.1548239335680863e-07,1.4063788019518554e-05,1.788752578527419e-05,6.688439839615637e-06,0
0.44923276727180267,0.5507080650873127,2.0410376939983905e-05,9.944577220912928e-08,1.2757432916223608e-05,1.6936327914127514e-05,8.964057342301108e-06,0
0.6668786808175736,0.3330798858801243,1.5633095931016255e-05,7.315100483437226e-08,6.775719269718344e-06,1.2357493166848266e-05,6.593842929826045e-06,0
0.7199090502571518,0.2800593290082322,1.2869465025559414e-05,1.3567279640197993e-08,5.077030459038504e-06,1.0172925875726055e-05,3.4877459759866596e-06,0
0.7166184291528515,0.283346836155923,1.3366704375572965e-05,5.9117738892225036e-08,5.996995769944677e-06,9.98432876820307e-06,5.327544573028124e-06,0
0.7787455371764526,0.221220066123811,9.10301792340811e-06,8.578830914668016e-08,1.0826257623486108e-05,7.771486184997532e-06,6.610149695275881e-06,0
0.7566657445032603,0.24324767458229152,1.0009435311852142e-05,9.433053281250486e-08,6.147962152993751e-05,7.729183065776944e-06,7.268344007802608e-06,0
0.7356828511109075,0.26419367349596395,1.2311194076702201e-05,1.1602267866583397e-07,9.488036094830121e-05,7.228051002045505e-06,8.93976442310767e-06,0
0.7370286411910261,0.26282770243812326,1.1691323801394811e-05,1.1018092121173031e-07,0.00010928513839406145,6.82773965909618e-06,1.5741988074915358e-05,0
0.7659306266180266,0.23393199842586856,9.160406183936465e-06,9.050874578231114e-08,0.00010958400967599842,5.60868566242436e-06,1.2931345836569379e-05,0
0.7487927618290396,0.25103352989023003,1.1068913218823697e-05,1.0936561463461911e-07,0.0001401272835439386,6.777216383472382e-06,1.562550196939786e-05,0
0.9309186034740102,0.04198978623240244,1.5145408542123937e-05,2.0557855360566695e-07,1.2511782819339644e-05,8.885404252005687e-06,0.027054862119420275,0
0.8852294590787643,0.06504051966374427,1.891950969909876e-05,2.3408015410234839e-07,1.650441059238035e-05,1.0552002304039165e-05,0.04968381125474187,0
0.8896417953256143,0.06737898491189642,1.9599741286609956e-05,2.424962662195398e-07,1.8505594759374143e-05,1.093138873597404e-05,0.04292994054144104,0
0.8489484438797351,0.1469219290915096,1.0033039482649677e-05,1.2413299633898314e-07,7.505854958926037e-06,5.595739922503298e-06,0.004106368261394818,0
0.7827441951528413,0.21690700096639895,1.1526684585500827e-05,1.9674874285443538e-07,8.131999979424888e-06,8.157344135964168e-06,0.00032079110331601174,0
0.10083881497761683,0.896672159384488,2.223883033152126e-05,1.445209150998413e-07,0.0024497929680408017,1.3500864681329723e-05,3.3484539263866546e-06,1
0.08138630323782664,0.9158466880333417,2.212127900265842e-05,1.663463348041289e-07,0.002728121977628131,1.3300392577541225e-05,3.2987332885678123e-06,1
0.24405452764812013,0.7527713710550159,2.39139148503561e-05,2.0317481874662761e-07,0.0031290866510007933,1.4848159327859377e-05,6.0493968661304985e-06,1
0.2921749848669283,0.7052212704004234,2.2367409094790278e-05,1.900355636918233e-07,0.00256164117053508,1.3887933283575755e-05,5.6581841713578e-06,0
0.3287161228925483,0.6687687497222802,2.0503978617443446e-05,1.7420368706890194e-07,0.0024720425758403405,1.2571389327225014e-05,9.835237699378482e-06,0
0.4537976625152503,0.5343638067650572,5.4377670970203136e-05,3.3605163406551185e-07,0.011750256824157364,2.1915128878799677e-05,1.1645044051914744e-05,0
0.15384339223531007,0.8460418267461335,2.8117983420989145e-05,2.0116100670314135e-07,2.0357301012057556e-05,1.4228069682696221e-05,5.187650343401726e-05,1
0.09206886998841195,0.9078614237083708,2.690565265926611e-05,1.2985902020055796e-07,2.3495103969715945e-05,1.1470017804025297e-05,7.7056697641379e-06,1
0.1127220820793771,0.8871701890265014,4.370384183630311e-05,2.1172298110368393e-07,3.3668181500346894e-05,1.864436311363737e-05,1.1500784690383843e-05,1
0.10749595343293887,0.8923995226029245,3.853237569867505e-05,2.4375673750105385e-07,3.335438608018777e-05,1.9565718866001173e-05,1.2827726754113291e-05,1
0.1347721138204972,0.8651080155230698,3.4336193353466936e-05,2.520460673802925e-07,3.506177441460633e-05,1.9128581106269502e-05,3.109206149135486e-05,1
0.14237819571402976,0.8536865478753397,2.3304093152572084e-05,1.8560185055569934e-07,0.003882840351370703,1.4155382721801144e-05,1.4770981534959275e-05,1
0.31031378297363954,0.6430547274662699,0.00014953887414536168,2.811381904544274e-07,0.0460904098523505,0.0003728164256896533,1.844326971464354e-05,1
0.21651469747579696,0.7549896638668304,0.00027189414834851225,2.0569296176386528e-07,0.02725953360754903,0.0009421855123797906,2.1819696133578993e-05,1
0.2294221934881881,0.7366280845372579,0.0003460136594406282,2.4628168111171514e-07,0.03247487925534835,0.001100480766198548,2.8102011885335516e-05,1
0.22793455029116746,0.7672202740416679,2.3785483913895897e-05,2.20448997842131e-07,0.004796762237177679,1.4188397955756094e-05,1.0219099119426783e-05,0
0.22285645713963703,0.7739700706619597,2.8930852103645912e-05,9.104817099119822e-08,0.003113209786088861,1.5135935411705166e-05,1.6104576628299952e-05,0
0.1616598288370383,0.8380005031984079,1.9183538301452084e-05,6.883020736462778e-08,2.127315172389853e-05,1.3571877838587864e-05,0.00028557056648243026,1
0.1216890094658172,0.8781291297210723,1.4325177854661651e-05,1.0511387770383464e-07,3.291010856775028e-05,7.45704121959462e-06,0.00012706337159106276,1
0.07323158300098999,0.926661112200639,1.5134928605575777e-05,9.801940448240232e-08,3.17746861938231e-05,6.953741556417987e-06,5.334342261077768e-05,1
0.16519577490967413,0.4636435860326818,2.527454654549207e-05,1.4059326313124735e-07,4.557573921766687e-05,9.973629802225977e-06,0.37107967454881535,1
0.7182044946428465,0.2817088579780188,1.4031079901118375e-05,1.3236891565736768e-07,9.581798268004372e-06,1.0595678503720249e-05,5.230645354639449e-05,1
0.5814609405298293,0.4183894000146391,2.171397665300258e-05,1.8728428587936292e-07,1.2972525123832454e-05,1.4991465874912235e-05,9.979420359420856e-05,1
0.600208876796162,0.3992666869127852,2.2652628206464597e-05,1.9538020901168237e-07,1.353330130289897e-05,1.5639516803446934e-05,0.0004724154645308886,0
0.854863649488681,0.1445671238949861,1.4573425842217824e-05,1.4270826827397188e-07,9.855911216998216e-06,1.1500872284275947e-05,0.0005331536987212393,0
0.8427666672843734,0.15719478147028396,1.2049615701197736e-05,1.372539350548634e-07,1.1346697897239554e-05,1.0449608198377807e-05,4.568069610781411e-06,0
0.8368428167175788,0.16311220737601242,1.6212795299561846e-05,1.4725553125300135e-07,1.360396371616022e-05,1.0841318920534743e-05,4.170572941246076e-06,0
0.836666553778709,0.16329319180368496,1.2754362604201253e-05,1.410240153448081e-07,1.3262510723794735e-05,1.0193407264118336e-05,3.903112998650247e-06,0
0.7921742108657055,0.20777611403742055,1.768106753700727e-05,1.828317261291411e-07,1.542073436952294e-05,1.1852192168886595e-05,4.53827107249238e-06,0
0.8789003404195278,0.12106495504308615,1.1428633528915182e-05,1.4089896352462248e-07,1.1468577523742292e-05,8.1690163688028e-06,3.4974110010660497e-06,0
0.7160325814738211,0.2838862924453623,1.72355075105755e-05,1.743723923766518e-07,1.1804086832464248e-05,9.505541206704392e-06,4.24065728744566e-05,1
0.7722141949283267,0.2273710717199608,1.8440216629356106e-05,1.8656048785517753e-07,1.5177275496209537e-05,1.0169949386366936e-05,0.00037075934971295333,0
0.8856176104433436,0.10614957356837719,7.940732518699793e-06,1.0429397938937918e-07,5.591096879148368e-06,4.387063560697102e-06,0.00821479280134123,0
0.7089306312243149,0.28598925314912227,2.0074207996598492e-05,1.9844402184996386e-07,1.5978502765372325e-05,1.2011057399039564e-05,0.005031853414379968,0
0.6653272479773005,0.3234224524602727,3.405584595596086e-05,4.4801239711987e-07,1.8237039245901645e-05,1.2110350155960866e-05,0.011185448314672141,1
0.7599650785432595,0.20386492460773795,4.5815808708281196e-05,3.30358175823309e-07,2.628509261210665e-05,1.8023893688872082e-05,0.036079541695817535,1
0.746261600016874,0.2247984868659154,5.052033591348314e-05,3.642805067706339e-07,2.7671659477303543e-05,2.17917946204898e-05,0.02883956504669235,1
0.6793371193779562,0.2950247087349248,4.708427536314405e-05,2.852339816525906e-07,2.3710993747426024e-05,1.6119742021344677e-05,0.025550971642005326,0
0.6970280581998681,0.28365442333303087,6.307282455422303e-05,2.670394065984715e-07,2.297461773623627e-05,1.50835848078216e-05,0.019216120400596077,0
0.7679478112174442,0.2138591250938258,4.4960330267495376e-05,2.946158831419766e-07,2.4480999391706665e-05,1.5423664834306278e-05,0.018107904078353387,0
0.8664445616601939,0.10829097323719925,4.3562394390370765e-05,2.8545549418209665e-07,2.4559037720613427e-05,1.4910111834082747e-05,0.025181148103167662,0
0.8627871320864755,0.11088369510776797,4.4605373036641274e-05,2.92289920734149e-07,2.5147034598976335e-05,1.4961765212248048e-05,0.026244166342988,0
0.9298892909579486,0.04352967453033113,3.992243253250845e-05,3.0481554104457397e-07,2.622467082580466e-05,2.0419133940492858e-05,0.02649416345888045,0
0.9509438142898623,0.023667739778361917,4.343378095168048e-05,3.3801525132325026e-07,2.8531242610289814e-05,2.2488037322997058e-05,0.02529365485563931,0
0.901782203807076,0.025973746108812482,4.868700001152063e-05,3.247347647276966e-07,2.9060262107611856e-05,2.357720644879105e-05,0.07214240088077875,0
0.7565836983785086,0.24336685011206327,1.969351466134778e-05,1.9523596270958159e-07,1.33105770529769e-05,8.32444395435923e-06,7.927737796603106e-06,0
0.7490645440708582,0.25088663795516714,1.9479153435038696e-05,1.9646682798489763e-07,1.2787710068215499e-05,8.376925417597524e-06,7.977718225568258e-06,0
0.7606093360431295,0.23934398979525084,1.5123511548374719e-05,1.809043365301503e-07,1.30851755609185e-05,9.80334528276785e-06,8.481224890805902e-06,0
0.764239697352951,0.2357145732420132,1.452785019500781e-05,1.7377915785833101e-07,1.2569797015484192e-05,1.0310799073080585e-05,8.1471795944799e-06,0
0.5765089118596011,0.4234247821209236,2.112340270395073e-05,2.21732659111306e-07,1.542272332643113e-05,1.4151430340896306e-05,1.538673044493658e-05,0
0.8367985393050068,0.1623430600187802,2.905354273575175e-05,8.824902541827948e-08,9.268674652668199e-06,1.3633087093215138e-05,0.000806357122705737,0
0.8578680028113536,0.14094467487648898,2.522400485999833e-05,7.661695051397636e-08,8.976943219145516e-06,1.1836114384524862e-05,0.0011412086327431258,0
0.8793543303135318,0.11995706596856058,1.655234476790729e-05,7.142275542845538e-08,6.537834381210318e-06,1.0055001548453585e-05,0.0006553871144548701,0
0.6474199335537145,0.3525411489607265,1.5746511824500068e-05,7.368170499825145e-08,6.3826943038701655e-06,1.2447145026909943e-05,4.267452698511778e-06,0
0.7266278182516132,0.27334159118996043,1.1499522463739686e-05,5.085963954129106e-08,5.910287124020896e-06,8.589627609714531e-06,4.54026158939133e-06,0
0.7784553910220103,0.22142212851643805,1.0954529067069476e-05,1.0609916236168357e-07,9.469767421958366e-05,6.574799436117141e-06,1.01473596664713e-05,0
0.7650159190772948,0.2305818666906893,1.4070338228676155e-05,1.7479057561849492e-07,1.0693965089783175e-05,7.879311955016295e-06,0.004369395826166853,0
0.8605832733756962,0.13734044577375862,8.995419576219847e-06,1.4848633603372398e-07,6.137222856181006e-06,5.087594990457621e-06,0.0020559121267862412,0
0.8608923118948837,0.1373897652170938,8.998649863434703e-06,1.4853965800595735e-07,6.0687967971685e-06,5.089421963942603e-06,0.0016976174797397915,0
0.7392636328754952,0.2600903395996144,1.273365732926401e-05,2.1019298823256813e-07,8.672874172267101e-06,8.557929929023245e-06,0.0006158528704715038,0
0.08728111785569491,0.9112785382656313,2.2006094589863803e-05,1.4163360860730125e-07,0.00140334414771456,1.157044581414065e-05,3.2815569464239387e-06,1
0.07346223348600306,0.9232088227935393,2.5175780101742764e-05,1.7262317943895893e-07,0.003286135991053801,1.4213982040271017e-05,3.245344082545338e-06,1
0.510495902260465,0.48222127249017555,3.470134316840406e-05,2.9846211147080407e-07,0.007217443939113009,2.1168880217003148e-05,9.212624749336787e-06,0
0.16474908839444283,0.8351393721570062,3.2670868887567124e-05,2.337331513746993e-07,5.24308113936292e-22,1.8358459807523273e-05,6.027638670464018e-05,0
0.13578418194968234,0.8641189410918103,2.8848522214789592e-05,2.0638740992688384e-07,5.432410189083827e-25,1.45977319272634e-05,5.322431695527363e-05,0
0.07068089937819301,0.9292143984110605,2.5147155549141755e-05,2.179858483933314e-07,3.598207884326797e-05,1.646455149602479e-05,2.68904390095656e-05,1
0.16352601991513555,0.8363953942062462,2.380031623792497e-05,1.8385099560503132e-07,3.0017500362316183e-05,1.4909030925849042e-05,9.675180096643807e-06,1
0.15068167756996376,0.7763527246572388,0.0002652131615343816,2.308506813740642e-07,0.0715435950691114,0.0011413544122967812,1.5204279173292333e-05,1
0.16493644917551145,0.6274140037521788,0.00040179427018900455,2.4639048192315217e-07,0.20551197089569392,0.0017224617504882464,1.3073765456616932e-05,1
0.5470122019884381,0.4513462010507399,1.6215514137977472e-05,1.6866989407884082e-07,0.0015884173478577786,1.5092969194112012e-05,2.170245973792911e-05,1
0.27568084597684545,0.7206376693815958,2.5663345560449973e-05,8.535264841097373e-08,0.00363156383627511,1.418910626652091e-05,9.983000808212483e-06,0
0.3381614485680957,0.6616157771001914,3.6008718275606864e-05,2.0030362144891996e-07,6.493188515717217e-05,1.420945871717754e-05,0.00010742396594149582,1
0.3670684674055886,0.6328441707055811,3.276496534839663e-05,2.0216180853410186e-07,1.7947626669893826e-05,1.5772041662575666e-05,2.0675093340970022e-05,1
0.6028654334098777,0.39642084063473576,2.2491167459093276e-05,1.939876008656842e-07,1.3436840224614743e-05,1.552804328926591e-05,0.000662075916812746,0
0.6003282512581822,0.39895346299006096,2.263485726463696e-05,1.9522693362584281e-07,1.3522684454911282e-05,1.5627247633583145e-05,0.0006663057354700031,0
0.8661440730485751,0.13357000594552212,1.0828443067948841e-05,1.4025669029545194e-07,1.0987461180270716e-05,7.649804154056957e-06,0.0002563150408100352,0
0.9512853847510364,0.04306415734918002,7.025102741511741e-06,8.275079527665127e-08,4.588208108221418e-06,4.201206387499995e-06,0.005634560631751017,0
0.7992940954544328,0.19802845055886917,1.998574858985199e-05,1.9361097963387308e-07,1.6591200361801106e-05,1.3165005502113996e-05,0.002627518421264749,0
0.7995658783225782,0.19822964009296307,2.1496004403762594e-05,2.0824151029998256e-07,1.9238054599471125e-05,1.4159840697320459e-05,0.002149379443248079,0
0.7438431903076829,0.24998060403054292,2.422803549385279e-05,1.964729125755292e-07,1.7510292197848796e-05,9.811496908116923e-06,0.006124459364261838,1
0.7207468335729933,0.2734962895479062,2.4050286434093697e-05,1.950314884250944e-07,1.7381827883230125e-05,9.73951482972309e-06,0.005705510218465279,1
0.5250818772156213,0.46921142562882306,2.8013891650525415e-05,1.5299254748811685e-88,1.6172684971247725e-05,9.961815001093234e-06,0.005652548763932729,1
0.6449056086254483,0.34269543221891785,3.44066642342536e-05,4.652470481887653e-130,1.986329313020111e-05,1.2235102076577678e-05,0.012332454096192911,1
0.7504638859693601,0.2270714335880109,5.1622643228942964e-05,2.990068394605325e-07,2.2609417506732196e-05,1.6304859945500603e-05,0.022373844515108456,1
0.7169605387359023,0.24836072336042003,5.3836076173018106e-05,3.1166402562615525e-07,2.395031197507416e-05,1.7003966227057067e-05,0.03458363588527718,1
0.5874298999297815,0.3936390975277669,3.368849915702622e-05,2.429133402097659e-07,1.9502931895457635e-05,1.3728029020377401e-05,0.01886384016903856,1
0.581720522876022,0.3986333724553734,4.060704798820528e-05,2.4599529017919217e-07,2.044915109181943e-05,1.3902202651941232e-05,0.019570900271582425,0
0.5848282543764376,0.39567160751960706,4.030534587496865e-05,2.4416759517129897e-07,2.0297218055463547e-05,1.3798912111837137e-05,0.01942549246031785,0
0.5598486903470589,0.4248692798404122,3.800344166094002e-05,2.257134723934133e-07,1.9419159187821797e-05,1.1789624598005073e-05,0.015212591873609732,0
0.7748608188092944,0.2061129862241558,3.4133156598716775e-05,2.552826663620953e-07,2.1963131767945784e-05,1.336450106486467e-05,0.018956478894452126,0
0.7964880243973405,0.1809864630613219,3.788585050430955e-05,2.624078823679344e-07,2.180468731053676e-05,1.3462781594687366e-05,0.022452096814045634,0
0.8692287821497138,0.10631076545642218,3.67441086687886e-05,2.8054841986287346e-07,2.4136859742750514e-05,1.4393478081777511e-05,0.024384897398950715,0
0.47747942227205176,0.5224278598740563,3.5395215356318345e-05,2.877755038021769e-07,2.1169606113130487e-05,1.2370067935336081e-05,2.3495188983450218e-05,0
0.7642798020751916,0.23566775644286717,2.3146326500454157e-05,1.9120401920205279e-07,1.3187403934519755e-05,8.152530505168045e-06,7.764016981570928e-06,0
0.549526053608402,0.4504221615814013,1.6125571828154745e-05,1.8737560412075647e-07,1.3523018338724281e-05,1.1827769824348672e-05,1.012107460139666e-05,0
0.8767781068954998,0.12317386600232406,1.6048176484375826e-05,1.1451672892836419e-07,5.833347132055507e-06,9.518795230906183e-06,1.6512266600020757e-05,0
0.7513044912904915,0.24857984086066057,2.1434828038375028e-05,1.6050983417631428e-07,1.2919831998375083e-05,1.2541338776674557e-05,6.861134020041576e-05,0
0.6655065180316696,0.3342073232222815,2.6936132960067897e-05,1.9127869685827483e-07,1.4282492630472678e-05,1.353982125598972e-05,0.00023120902050570235,0
0.7215252925756921,0.278167579785846,2.7507306111368437e-05,1.953347080245089e-07,1.537390956820785e-05,1.382692937155681e-05,0.0002502241587028533,0
0.8293344694033123,0.16985774197353914,2.535740827532656e-05,7.90988941169542e-08,9.26774397077538e-06,1.1930701411513561e-05,0.0007611536705967297,0
0.795795737632496,0.2024349598645364,1.8955348324930183e-05,7.354434899308162e-08,6.1817074328307795e-06,9.83378421511489e-06,0.001734258118645781,0
0.8705571772010117,0.12837782051756533,1.771428742943904e-05,7.643649503454279e-08,6.996777738666597e-06,1.0760403390894393e-05,0.0010294543763690585,0
0.587388958226186,0.4124624402142435,2.0284567096464776e-05,8.228715896690082e-08,2.092923729369962e-05,1.0621895467705644e-05,9.668357255358553e-05,0
0.6177122936261759,0.3822426310872823,1.7202545617537905e-05,8.051504612589893e-08,6.938312798288944e-06,1.3598096043110584e-05,7.255817036864981e-06,0
0.7140536591701425,0.2859120805955982,1.20283648717722e-05,5.3198583121904236e-08,7.160678797936814e-06,1.026893193176199e-05,4.749060074685163e-06,0
0.725934724606936,0.2740308056569586,1.19513974410605e-05,5.285817457061364e-08,7.5192389623716124e-06,9.228746261483316e-06,5.717495265778885e-06,0
0.7049682188498283,0.294996824264486,1.213886889051539e-05,5.368731598701793e-08,8.585180912341428e-06,8.371967795207638e-06,5.807180771596358e-06,0
0.7701041244544896,0.2297783710210775,9.189962284907712e-06,8.900860042402662e-08,9.585155038885594e-05,5.5157239967882054e-06,6.858279162069024e-06,0
0.7118900343639026,0.28795974811703257,1.1109414069969787e-05,1.0759928792340307e-07,0.0001278249134741198,6.667759874991069e-06,4.507832357820025e-06,0
0.9412648911871596,0.03397128087046951,1.4450893826236562e-05,2.3839715940854242e-07,1.16815382561896e-05,8.91450749596029e-06,0.024728542605633477,0
0.9311836571903255,0.04580620875189975,1.6174273793076384e-05,2.1041948505350534e-07,1.1917578457595571e-05,9.026857009892763e-06,0.022972804929029117,0
0.8499786919306715,0.0971412034413943,2.4890961375501496e-05,2.931072372519128e-07,2.2872285972098246e-05,1.5419392486068266e-05,0.052816628880863414,0
0.8826312652972463,0.07867738613916907,1.9697544323275965e-05,2.4370632664174765e-07,2.1558007240810974e-05,1.3293760938699346e-05,0.0386365555447553,0
0.7715106623517567,0.22730963459609035,9.889144265668725e-06,1.6323894467356622e-07,5.664259368484345e-06,6.3592517278405465e-06,0.0011576271578464337,0
0.07607000025258114,0.9224240010264362,2.944506552780041e-05,1.7221512820554213e-07,0.0014604594689341388,1.2506856915389838e-05,3.4151144771269995e-06,1
0.10368544839027237,0.8959583405887119,2.5854322880514748e-05,1.7727575470707773e-07,0.00031176898788375275,1.4894965196014572e-05,3.5154693008222772e-06,1
0.19024314546069193,0.8093483185701601,2.4803182002885574e-05,1.8333144046812048e-07,0.00036726307916299706,1.2650819880760823e-05,3.635556660898948e-06,1
0.12248509476616552,0.8774253331430397,2.5883806995386615e-05,1.891011618011079e-07,2.229986246161281e-05,1.4539171976522962e-05,2.6660148199379928e-05,0
0.06347498300491043,0.9364249800744069,3.0006066501014673e-05,2.0305993168549525e-07,4.058715158539887e-05,1.6221170518474052e-05,1.301947214617169e-05,1
0.2869876304261695,0.7127872956092813,2.123890029914754e-05,1.675420606601911e-07,0.00018207011528322104,1.2780486414116989e-05,8.816920492139068e-06,0
0.2811704524133975,0.7171066535332953,2.1242241836084216e-05,1.6383127661554734e-07,0.00167855252183018,1.2431186424131847e-05,1.0504271940126087e-05,0
0.2554390058499252,0.7414333707822576,1.9791276652765787e-05,1.722071743905924e-07,0.0030879462525959553,1.389078866669513e-05,5.822842727420568e-06,0
0.2552557241187359,0.7391808622429948,1.9021010167622152e-05,1.692520310453303e-07,0.005522433511824878,1.1988172385904787e-05,9.801691859581839e-06,0
0.28979563894154925,0.6219851745188508,0.00010158017605831311,2.719267567516375e-07,0.08775760853455274,0.0003450841199108353,1.4641782321267183e-05,1
0.2316140189057499,0.7356083793522186,0.00021318398320902413,2.2173561067929092e-07,0.03183398901311019,0.000718527787101527,1.1679223000031967e-05,1
0.22553290721825975,0.7591409199547998,0.0002233192208447321,2.054302346054662e-07,0.014092468764502214,0.0009971530065622303,1.3026404796451111e-05,1
0.33291485234645407,0.5827229651853115,0.0004882780862864277,2.6022560526904317e-07,0.0816179250706414,0.0022484363868463743,7.282698854797989e-06,1
0.2479830152703616,0.7457320342510766,0.0002490088349813729,1.6355284588963908e-07,0.004973491350001927,0.0010436245162490894,1.866222448346141e-05,1
0.23125879385739587,0.7653489872829776,2.2988173395303948e-05,9.357605583230609e-08,0.0033435869842856117,1.560215016047498e-05,9.947975729362532e-06,0
0.22285488027797537,0.7719896080213564,2.5131570920928437e-05,8.348785672491672e-08,0.005107542030886598,1.387910150520426e-05,8.87550949875828e-06,0
0.23267579873413413,0.7644982136243696,2.256452743723913e-05,8.597997521296392e-08,0.0027750335632454296,1.4293393676730092e-05,1.4010177161784445e-05,0
0.17501677327304457,0.8249385256450682,2.16170150558168e-05,1.1698984638399827e-07,8.296632664830714e-06,7.629014415119659e-06,7.041429904991612e-06,1
0.5704284524581762,0.4294312713040376,2.7820837657572156e-05,1.9709576882782702e-07,1.4320793771228287e-05,1.5376804847615383e-05,8.25607057410823e-05,1
0.597460832879495,0.4018564416126258,2.3598957534673683e-05,2.0354235338866953e-07,1.4789196561271214e-05,1.54572136886631e-05,0.0006286765977411015,1
0.8102618310283308,0.18969539174751937,1.2445012769460045e-05,1.389598646885909e-07,1.0924640778933265e-05,1.0900806860155521e-05,8.367803876740901e-06,0
0.8146383721491185,0.18529980784255898,1.5487058282232375e-05,1.6434719952155198e-07,1.1077804532444594e-05,1.1485026709055714e-05,2.3605771599056074e-05,0
0.8291383272858852,0.17081453209257644,1.7411232841428304e-05,1.5814054852734243e-07,1.3096076189743814e-05,1.1996313426385995e-05,4.478858532443098e-06,0
0.8447750166940005,0.15515801179464964,1.1857265008090639e-05,1.4618338628584302e-07,1.0726767873541995e-05,8.671523575793273e-06,3.5569771506134434e-05,0
0.6853358609984948,0.30715561575083783,2.3875623970901672e-05,1.9697983972832361e-07,1.7555471161463137e-05,1.0746952701461991e-05,0.007456148222993857,1
0.6892182480263654,0.3041601552742172,2.4053659503235445e-05,1.9505884172490142e-07,1.7384265696493634e-05,9.74088080334747e-06,0.006570222834572491,1
0.6196333257024706,0.3737435778277642,2.2532780900815413e-05,1.8282133816088144e-07,1.628508335739777e-05,9.124978795565973e-06,0.006574970805373284,1
0.3679025666420047,0.6269227834310445,2.0829575992336997e-05,1.8505510703425817e-07,1.2450565150282501e-05,7.239524361322328e-06,0.005133945206339833,1
0.35400832202730703,0.6412263829600442,1.9181917460358493e-05,1.4001814736821023e-07,1.1465702092802874e-05,6.666864404836065e-06,0.004727840510543431,1
0.5612437703663253,0.4146456096737489,3.442356311993885e-05,2.4397366853464063e-07,1.8748540077310755e-05,1.3310872217990422e-05,0.02404389301084188,1
0.45326945283049164,0.5373224190952148,2.817180719767719e-05,1.9966495412808703e-07,1.745786095930057e-05,1.1283885365273586e-05,0.00935101485581712,1
0.5286119960352386,0.4616563617148865,3.650339741609887e-05,2.17472176176379e-07,1.8068603360496565e-05,1.2283805055147648e-05,0.009664568971867087,0
0.8222512363830488,0.1597319753711047,3.516469748210346e-05,2.684893081088675e-07,2.309935937411231e-05,1.409354812797537e-05,0.017944162151554408,0
0.8719333084480363,0.10770717418242569,3.583934571657111e-05,2.7364037866140886e-07,2.3542529460447045e-05,1.4039062470846974e-05,0.020285822791511525,0
0.8701923431809137,0.1091713679317852,3.632655324362459e-05,2.7736030293803867e-07,2.3862571507244364e-05,1.4229912408863786e-05,0.02056159248983857,0
0.9201385585177504,0.06011588758174752,3.8691747429167216e-05,2.954190207968414e-07,2.5416245344740487e-05,1.6772955595392995e-05,0.019664377533111798,0
0.934501789491943,0.04127539805803656,3.785496473391297e-05,2.890300220858294e-07,2.4866570654504538e-05,1.6410208500132253e-05,0.02414339167610993,0
0.8452202290620591,0.042265296948044165,4.553861302925584e-05,3.051662362449235e-07,2.7309089678486492e-05,1.849768346599516e-05,0.11242282343748673,0
0.8741047129902226,0.035016963279647144,4.276033612797231e-05,3.593957227077481e-07,3.0439904360335575e-05,2.0417406505040984e-05,0.09078434668741409,0
0.7384519764584723,0.261498969776142,1.8607384832006895e-05,1.9717920346796476e-07,1.438446834809518e-05,8.244048992290138e-06,7.620684009678003e-06,0
0.7415982902955328,0.2583526973897168,1.903748562685543e-05,1.920121645116523e-07,1.3888627164270266e-05,8.09735732160732e-06,7.79683247328231e-06,0
0.7317655686338055,0.2679068344933045,2.5084997311542997e-05,1.878432965070009e-07,1.6920108088172145e-05,1.467702231773449e-05,0.00027072690187591525,0
0.8289820550254827,0.16858712840231047,1.76257942833355e-05,1.4264775576202997e-07,6.374658085008503e-06,1.0853327522110706e-05,0.0023958201445607352,0
0.8563173622188218,0.14252105177379826,1.9312610145888844e-05,8.333319843659344e-08,8.023355967095465e-06,1.1826839022916863e-05,0.0011223398690457134,0
0.7246824720457055,0.2751158040137102,2.1955613160987373e-05,9.864671859274931e-08,2.6774600867272274e-05,1.2733640901927739e-05,0.00014016143893560217,0
0.5853074147104186,0.414552758931871,1.8639034214886088e-05,8.374530693151482e-08,2.1973345528382048e-05,1.0810117973513723e-05,8.832011468656958e-05,0
0.49278525770562237,0.5071524634194898,2.4943382624716465e-05,2.524296565712749e-08,1.382842166090439e-05,1.5343375423280407e-05,8.138452213122653e-06,0
0.6936556806874842,0.30614636304653964,1.2361844429719583e-05,1.231864089533695e-07,0.00016616488823089197,7.524757214181592e-06,1.178158969257131e-05,0
0.5697012142994536,0.4300086615722476,1.6695468021072257e-05,1.6637118862030226e-07,0.00024085218016218,9.875035882101372e-06,2.2535073044575207e-05,0
0.8826134547392073,0.08795052056054588,1.8555959796620478e-05,2.4140406889549606e-07,1.4415776724477721e-05,1.2699461538148105e-05,0.029390112098118763,0
0.8770203409729114,0.09455643800460305,2.0917790812958093e-05,2.721303489498065e-07,2.0376380429049458e-05,1.3451264719810966e-05,0.02836820345617486,0
0.8308069542625794,0.1672413385543234,9.086554942248759e-06,1.5116295376372787e-07,6.188838417412491e-06,5.8431436193337724e-06,0.0019304374831642158,0
0.7722032051520381,0.2267753908670407,9.583691636857049e-06,1.286964799394128e-07,5.489303591938415e-06,6.162829256354552e-06,0.0010000394599560239,0
0.5443178643843617,0.4550207563632162,1.715578409607928e-05,2.831885161806923e-07,1.5062196198371234e-05,1.1955465195439568e-05,0.0006169226184160967,0
0.19284955313308974,0.8069931581037948,2.4297708368918845e-05,1.7959525817413112e-07,0.00011416014001157513,1.5089853230595966e-05,3.561466246343962e-06,1
0.1834751982710926,0.8161861863510024,2.508769913563025e-05,1.6451816757275184e-07,0.0002956295394169953,1.283520073362592e-05,4.898420451292547e-06,0
0.4289845095398931,0.5614967414422759,4.860100742011302e-05,3.2223924351877805e-07,0.009434046778013792,2.100336304680273e-05,1.4775630106690705e-05,0
0.08119244788305298,0.9187467400855797,1.876885971105976e-05,1.3904050510482616e-07,2.503716684277916e-05,1.0035961735109346e-05,6.831002573243332e-06,0
0.08150218692154655,0.9184131884757828,2.1817558805895075e-05,1.6918643545651527e-07,2.5758040141689356e-05,1.3014826548502128e-05,2.3864990738989157e-05,0
0.09529202616126209,0.9046382661156334,2.3726647848881284e-05,1.4982165492446583e-07,2.9527046732985002e-05,1.1240940191355275e-05,5.063266676419114e-06,0
0.2795402268931936,0.7203458467684551,1.9795506066156455e-05,1.5291492190213032e-07,7.177323126581225e-05,1.2400331541094261e-05,9.804354556379547e-06,0
0.2548256996393596,0.7379355782574999,1.9098536524440106e-05,1.6896689535724755e-07,0.0071977014444465385,1.1967976139153728e-05,9.78517913512296e-06,0
0.2968187144720073,0.6985334127633602,2.2305854418747346e-05,1.4767502916474254e-07,0.004605919947258472,1.3603463770093143e-05,5.8958241562596185e-06,0
0.246156446479746,0.750566978993086,2.254417807376417e-05,1.6561141919670754e-07,0.0032319520064097657,1.5300809050936146e-05,6.611922214439663e-06,0
0.29854146986045194,0.6991066101624707,2.4641204837990933e-05,8.195315330208057e-08,0.002308337443243485,1.3261459588402558e-05,5.5979162542663115e-06,0
0.44304126183821585,0.5567020928972883,3.05274174660936e-05,8.859349615328324e-08,0.0001870116680069648,1.4727867908547846e-05,2.4289717617871008e-05,0
0.3618587170966999,0.6378974715627153,4.0666681204561766e-05,1.1801861290312959e-07,3.456928837551457e-05,1.8977976567560435e-05,0.00014947937582443992,0
0.136091978281734,0.8637496252921324,4.057707420663582e-05,2.2571575164608487e-07,4.616610410034784e-05,1.6012185060017222e-05,5.5415347014872685e-05,1
0.1662206100062734,0.8337318163314342,2.3088421525000248e-05,1.1823687958056693e-07,8.752246092488567e-06,7.727911723400184e-06,7.886846071949636e-06,1
0.2821684315939029,0.7177861839998354,1.9920229358556835e-05,1.2638751670904326e-07,1.1220496997316068e-05,9.860364792038608e-06,4.256927596770113e-06,1
0.8443589928782027,0.15502517447848332,1.3329576000777706e-05,1.3052803976856786e-07,8.95732662512926e-06,1.0281347477332593e-05,0.0005831338651710535,0
0.8118702722989429,0.18806500722764696,1.1768695491182015e-05,1.5219145740299168e-07,1.0052002392954764e-05,9.824580453107596e-06,3.2923003615506924e-05,0
0.8264263949368721,0.17351895270399204,1.7710870653859638e-05,1.6086206103877564e-07,1.222755786332647e-05,1.2485145710836693e-05,1.2067922847086707e-05,0
0.8689673402525512,0.13099680397287541,1.1276151544901079e-05,1.3901907530794218e-07,1.172540607698606e-05,9.264449686569245e-06,3.450748189890415e-06,0
0.8876734426358049,0.11125364844099185,7.873860380986858e-06,9.371004470167254e-08,5.485517433240392e-06,5.208441149441983e-06,0.001054247394194817,0
0.9012134755551585,0.0954172720851935,8.580838482039904e-06,9.84727708802031e-08,5.7643137732192315e-06,5.47315534407026e-06,0.00334933557927796,0
0.7479261183934593,0.2487926593955591,3.394888645691748e-05,2.4757489682549e-07,1.8158282753681e-05,1.6434894044061415e-05,0.0032124325728301816,0
0.622162521391983,0.3707890770785535,2.547720461661834e-05,2.0733567370728432e-07,1.8478416093397732e-05,1.131195294772872e-05,0.006992926620132024,1
0.4577999255158285,0.5366481715589085,1.7839752571421403e-05,1.4765642717182693e-07,1.2274416256975659e-05,7.373691160113701e-06,0.0055142674088473065,1
0.37262461331055463,0.6220009677707453,1.9160127528451178e-05,1.8545601166743047e-07,1.1810379438888606e-05,7.311911419218152e-06,0.005335951044301869,1
0.36729472664506996,0.6255249071665399,1.993020274273421e-05,1.384673601217267e-07,1.1505894803633693e-05,7.55063301522223e-06,0.007141240990468542,1
0.44074101944160304,0.5513423072887873,2.368047317819951e-05,1.8132185676272773e-07,1.5065066106559478e-05,1.0241872683999362e-05,0.00786750453578421,1
0.36743973610717773,0.6209970832458336,2.6061575044492475e-05,1.9944944537968273e-07,1.723839366436601e-05,1.2358995185874636e-05,0.01150732223364839,1
0.5196394890032898,0.4670858510929919,3.214343246729616e-05,2.0685428042256633e-07,1.7186419026519318e-05,1.058847725250818e-05,0.013214534720691585,0
0.7125382348658214,0.2783949311883188,3.007183418150923e-05,2.2568228004953724e-07,1.9416475568254266e-05,1.1819575521605585e-05,0.009005300378308696,0
0.782790169301727,0.20835288429214974,3.3245805935460666e-05,2.495022166028267e-07,2.146581331875374e-05,1.2800659108267303e-05,0.008789184625544027,0
0.7926148333999865,0.19966053156691402,3.314527046842632e-05,2.48747720774963e-07,2.140090060250127e-05,1.3057272183980624e-05,0.007656782842123731,0
0.9347050708591457,0.027482917801478733,3.39535553965068e-05,3.2576187661290674e-07,2.5030459153002138e-05,1.619516235848155e-05,0.037736506400591,0
0.8512211064226215,0.05353377583846564,4.3466590338411984e-05,3.6533170837485597e-07,3.0942667260878e-05,1.9924779810300895e-05,0.09515041836979499,0
0.908462936783553,0.07561404225044921,2.395370133550017e-05,1.641355603863197e-07,1.5085062376239664e-273,9.56785850191341e-06,0.015889335270599828,0
0.7582790699355434,0.24167122382597775,2.0252826387487813e-05,2.1094966534829634e-07,1.4504246286715227e-05,8.467140930243868e-06,6.271075209117904e-06,0
0.7514665141113837,0.24848462745109137,1.9252182073660613e-05,2.3628131360710707e-07,1.326428517356079e-05,8.205106402763772e-06,7.900582561312287e-06,0
0.7272985102638528,0.27264759457892124,1.4700285187826957e-05,1.6332053546915812e-07,1.0971657561856523e-05,1.0299911663285305e-05,1.7759982277600798e-05,0
0.8167237564302596,0.18323266569977545,1.0646395484703511e-05,1.1705452908511458e-07,7.392207669350959e-06,8.544018073327868e-06,1.687819420865906e-05,0
0.88688418877654,0.1111355929980496,2.1411882251966516e-05,1.8707308792081955e-08,7.602574316398918e-06,1.1108201553244868e-05,0.0019400768599799137,0
0.42040064916074116,0.12762729912795542,1.4477551915250309e-05,1.288980118737722e-08,2.505713795224873e-05,8.023678330878329e-06,0.4519244804533038,0
0.524867715426357,0.4750585275142447,1.9861525402457565e-05,8.923796811470433e-08,2.0123367005656748e-05,1.151912863398422e-05,2.216380038802258e-05,0
0.6398961980751735,0.3600526695527616,2.1163193565142725e-05,1.8834494703193575e-08,1.0414901050841171e-05,1.2847471681226791e-05,6.687971272853671e-06,0
0.5773440045265279,0.4226001198745754,2.3079331793548576e-05,9.958646302116627e-08,1.0232082028786983e-05,1.5300723192382436e-05,7.163875419041495e-06,0
0.608422440611973,0.39153181718268,1.859101436428034e-05,1.5703013902685714e-07,8.69904723165659e-06,1.336564863964508e-05,4.92946497228046e-06,0
0.7125300688525864,0.2874337137057195,1.359759941670348e-05,6.364240319881638e-08,6.436593339705419e-06,1.2469169044289248e-05,3.6504374900453316e-06,0
0.7480932401459315,0.25187392263214914,1.2602690945300504e-05,5.5738690084686553e-08,5.471307372417356e-06,9.731668411133637e-06,4.975816500410558e-06,0
0.7606523721793794,0.23931855339628497,1.1261855404181815e-05,4.9808494937846205e-08,6.7043634008313365e-06,6.6119715709081645e-06,4.446425464893403e-06,0
0.8083754780528388,0.1915940218677214,9.172466650949434e-06,8.644280515649667e-08,1.2262954973559609e-05,5.356725670103581e-06,3.621489339804761e-06,0
0.7020187661371796,0.2978242115093543,1.191144866743041e-05,1.1536732600652501e-07,0.0001319900514810245,7.1491330665582355e-06,5.856352925057976e-06,0
0.6221734455179153,0.37754650884378693,1.5244901689722662e-05,1.5191622129535968e-07,0.00023505462609888192,9.017054868729011e-06,2.0577139419012477e-05,0
0.3458621717969463,0.6536825257726823,2.661486262723859e-05,2.6521846076258505e-07,0.0003796285405549758,1.454839151819344e-05,3.424541721035242e-05,1
0.3818590296638402,0.6175867833994692,2.6348277717734967e-05,2.8215192478944335e-07,0.00046596946119021633,1.5477266015517774e-05,4.610977984233028e-05,1
0.9282909536613551,0.03266523483336234,1.2447275030254137e-05,1.8717325608266568e-07,1.3890004844495157e-05,8.91331605301076e-06,0.0390083737360988,0
0.9226381461661586,0.048345229443852784,1.6011525490592344e-05,2.0830220829411948e-07,1.2047941095477876e-05,9.015721206579083e-06,0.02897934089998773,0
0.8821063105562524,0.08618974526016812,2.0520850040477982e-05,2.669663413405277e-07,1.6654561465716985e-05,1.4119034428423262e-05,0.03165238277130359,0
0.8805029738994558,0.09192943222292273,2.1875958020315987e-05,2.845956412372233e-07,2.2033208361952147e-05,1.4067417776663835e-05,0.0275093326978214,0
0.84746857787952,0.15101249287604931,8.190714159500937e-06,1.0655723265921238e-07,5.701719738653512e-06,5.267069806219684e-06,0.0014996631834935728,0
0.842980990734179,0.1552138381031886,9.672963607773185e-06,1.1982525439862895e-07,6.503097757860024e-06,6.220235935845216e-06,0.001782655040076638,0
0.765886480198055,0.23271190865436137,1.0836090513945593e-05,8.734238796516121e-08,6.126435771660023e-06,7.225372934028822e-06,0.0013773359059758752,0
0.6332635559647463,0.36580664289140713,1.6154005095582364e-05,2.0630398013075923e-07,1.5285082025745486e-05,1.2353320574190667e-05,0.0008858024321710542,0
0.26612108600268725,0.7322908430832229,2.328080025558933e-05,2.364021499190534e-07,0.0015443882453020092,1.5477490285022177e-05,4.687976097250468e-06,1
0.06880533326571629,0.9302788481950949,2.1077225656068008e-05,1.6511583685056968e-07,0.0008785432130971892,1.292877978787373e-05,3.1042048107276442e-06,1
0.10796212220700722,0.8902905531549068,2.5881067205771908e-05,1.8659706182386643e-07,0.00170084880240332,1.670785580501026e-05,3.7003156102725033e-06,1
0.10187063840613826,0.8979967040286289,2.478959058689597e-05,1.716251561228629e-07,8.892565947446971e-05,1.5367274988069537e-05,3.4034150275974906e-06,1
0.12016600686405236,0.8797456329863386,2.661323452961354e-05,1.918758345385334e-07,4.1628357849071835e-05,1.6121685010621482e-05,3.80499638545856e-06,1
0.22492340763048188,0.774992781301323,2.3938498977223303e-05,1.8605138685625454e-07,4.036471673983977e-05,1.5632306496019183e-05,3.6894945952948123e-06,1
0.34380158906909825,0.6543078937901479,1.8566251079631104e-05,1.7196628776389206e-07,0.0018540913222151937,1.2567417830075786e-05,5.120183341107329e-06,0
0.3338060453091149,0.6641697901132108,1.9277846316160302e-05,1.785573001708419e-07,0.001986727298950154,1.2664448698567152e-05,5.316426409245376e-06,0
0.44176025174418354,0.5487875984870603,4.0749689567481694e-05,3.23198249974034e-07,0.009378230646142766,2.236424414892252e-05,1.0481990646955357e-05,0
0.5702710094531903,0.4295354482280973,4.530400224609906e-05,2.9128218747666667e-07,0.0001046941648304026,2.0706730629190254e-05,2.2546138819325857e-05,0
0.056366415413088504,0.9435297306416913,2.4711261320414717e-05,1.7005523390242808e-07,5.601826835431782e-05,1.2721213326478373e-05,1.0233146985209972e-05,0
0.12129365558179704,0.8786298732495761,2.1902591519174196e-05,1.6401920060862985e-07,3.5495709505657484e-05,1.336286570477512e-05,5.545982696720154e-06,0
0.22681477136396594,0.7691420358119689,2.2743902545732628e-05,1.7177220251097697e-07,0.00399895408658727,1.3100630517581581e-05,8.22243221191935e-06,0
0.39516486604355544,0.555188618100213,0.00011335297593686566,2.1380334370395053e-07,0.04922219508530047,0.00030520179742298686,5.552194227594087e-06,1
0.14626789434251533,0.6488430961827217,0.0002486725467447916,2.0117144881759326e-07,0.20390563188564326,0.0007264351005350543,8.068770391100678e-06,1
0.4408345880472135,0.3737983661936647,0.0006078016136177134,2.808725693112333e-07,0.18333818647649566,0.001402454094797378,1.83227016417743e-05,1
0.23404844260974414,0.7555679151247883,0.00021575067234528607,1.6571003672339826e-07,0.00947042922102584,0.0006831799877984599,1.4116674261208241e-05,1
0.44874798196346377,0.5511594352596196,2.8760559536938253e-05,8.346590482251047e-08,2.834283574502236e-05,1.5245309898187065e-05,2.0150605831732117e-05,0
0.18433313386034486,0.8155711141217368,2.4133219853132293e-05,1.4274111794753271e-07,2.5311215711099277e-05,1.112053367618234e-05,3.504430755993623e-05,0
0.03497672756760126,0.9649384339777771,1.8757089086548712e-05,7.51266263098413e-08,3.6901670351318825e-05,1.0601822587301552e-05,1.8502745970166514e-05,1
0.1484037316062459,0.8514755130715383,1.8023316295838072e-05,5.5480339484346565e-08,2.35677304193182e-05,1.0939115833824845e-05,6.816967932732588e-05,1
0.3103836688134319,0.6890288738109525,2.357621293797761e-05,1.535231620735465e-07,1.2025682093837422e-05,1.1012655339662774e-05,0.0005406893020820211,1
0.8590164700439374,0.1399583142368128,1.4076945078781972e-05,1.2627358227134145e-07,9.424060301191803e-06,9.9476813118967e-06,0.0009916407589757202,0
0.7369495685876947,0.2629264924431047,1.4011173376603969e-05,1.6528325259687347e-07,1.2387396112019372e-05,1.2965764019808689e-05,8.440935243951035e-05,0
0.8092352966275025,0.19060359611378355,1.6544742839481455e-05,1.4801554510349764e-07,1.2946567763754357e-05,1.1992141375952388e-05,0.000119475791189669,0
0.8097671227151875,0.1900665289364138,1.627879256773917e-05,1.791964544519792e-07,1.3918236922165407e-05,1.1648081862627202e-05,0.00012432404059181204,0
0.8465064559479157,0.1533603838288312,1.103604708355834e-05,1.194387789922208e-07,1.1485427662952399e-05,8.832976570416626e-06,0.00010168633315706877,0
0.8773002690047887,0.1206534322130284,1.146124620803025e-05,1.2386411606706855e-07,7.956843110275132e-06,6.884416298346544e-06,0.002019872412449985,0
0.7621597651949783,0.23442107283861566,1.578322326415335e-05,1.5199850751424492e-07,8.589012155235769e-06,7.763591421704499e-06,0.003386874141057563,0
0.8276081680540566,0.17066024179747902,1.6344119925762176e-05,1.6595464864769703e-07,1.312210813597763e-05,1.198175361777804e-05,0.0016899762121362228,0
0.8148913877204959,0.1835052203154159,1.609298105248354e-05,1.634046390010448e-07,1.2920477735119192e-05,1.1797645564414582e-05,0.001562417455097049,0
0.6808125260988067,0.31555423599062354,2.3986157033029192e-05,1.8132981860012305e-07,1.4698316476918985e-05,9.887925311515452e-06,0.003584484181929512,1
0.5702687762555597,0.4250545605973422,2.2389052785833744e-05,1.88530585631912e-07,1.567221237531756e-05,1.0285972865850355e-05,0.004628127378485463,1
0.47988196117761567,0.5145684868677584,1.7445462692016963e-05,1.4400486000681657e-07,1.2827447674722226e-05,7.852593198599686e-06,0.0055112824462006625,1
0.4064732941657813,0.5867498693811245,1.8323649240841702e-05,1.6533903297028088e-07,1.3744339837245295e-05,8.27555080573307e-06,0.006736327574177478,1
0.43058299814329065,0.5632332788194535,1.771276769473528e-05,1.5454452309678257e-07,1.3296169979572746e-05,8.427321625764447e-06,0.006144132233432593,1
0.4326122684014986,0.5608802027967399,2.2983040613854344e-05,1.5967729994774004e-07,1.3268327020258423e-05,8.707212239094097e-06,0.006462410544588518,1
0.5027284605214218,0.48500412540780935,2.5205927171839328e-05,1.930450401044131e-07,1.6608545003787005e-05,1.0685980176664614e-05,0.01221472057337638,0
0.7768256894757902,0.21293527692704645,4.1734799108905394e-05,2.437925856972049e-07,2.09745877384449e-05,1.3633911139202504e-05,0.010162446506591186,0
0.9104873256964244,0.04762182208604457,4.014474002434486e-05,3.2463534401447767e-07,2.7479050517828523e-05,1.6139157099292308e-05,0.0418067646345458,0
0.8749774101586367,0.09287093376091926,2.5768653210628526e-05,1.2186649596326443e-07,2.1808568822647254e-05,1.2348685507623154e-05,0.03209160830640683,0
0.9172409409470266,0.07372428622150785,2.1384166981484406e-05,8.744246133242e-08,1.0016254803979718e-05,8.157099068003548e-06,0.008995127868150914,0
0.9102339343637305,0.08398542892780525,2.1983238535334517e-05,8.989213782569878e-08,1.0296857426208316e-05,8.38561795386005e-06,0.005739881102410789,0
0.7391973928371581,0.2607514722206318,1.9743175114258618e-05,1.957282824655706e-07,1.5001783911801743e-05,8.246526003337212e-06,7.947728898054914e-06,0
0.7919711553529369,0.20798579110102994,1.5036944594769943e-05,1.7986884042481676e-07,1.1650357576640319e-05,7.753696646842605e-06,8.432678374391003e-06,0
0.8299924235526995,0.16992050929529087,1.2839402947661002e-05,1.1911794436086064e-07,7.522516119144771e-06,8.872063165414538e-06,5.771405183299657e-05,0
0.870395393561979,0.12952976879396053,1.0176588729970769e-05,9.45097325314187e-08,6.65822346389602e-06,7.039210769327969e-06,5.086911136482621e-05,0
0.8654903463829617,0.13426161526809427,1.1516926501988766e-05,1.0695741688777987e-07,6.7545565608734626e-06,7.966330880956302e-06,0.00022169357758324384,0
0.8069356638256922,0.1917976041097874,1.9382097500174758e-05,7.026504740351146e-08,1.1491485517677864e-05,1.1151570055220697e-05,0.0012246366464001067,0
0.8269858388871895,0.17029915727783482,1.7753079764230385e-05,1.243044979247722e-07,6.420692970406996e-06,9.098864964921162e-06,0.002681606892778409,0
0.866383612390335,0.13127884253829059,1.9541880159816535e-05,1.7073510036417864e-08,6.899384132952009e-06,9.22054980400905e-06,0.002301866183767642,0
0.8645901583308538,0.13285467825959973,2.2838230462667824e-05,1.9953492388116497e-08,8.529213287217275e-06,1.1848172155695065e-05,0.0025119278401485403,0
0.8196030635314515,0.17908108495707778,2.7089424357334856e-05,1.1688986410691988e-07,1.191916810221568e-05,1.65892781285125e-05,0.0012601367510185835,0
0.8039385248628969,0.19540744547440658,2.372832068655763e-05,1.066115055080565e-07,4.756505313753706e-05,1.3761199103643318e-05,0.0005688684782633183,0
0.5612393485154938,0.18784577502409516,1.6855719727767334e-05,1.500715572860144e-08,1.7763779923061087e-05,9.341694916568141e-06,0.25087090025868813,0
0.5079384844858635,0.49199128058458147,2.889163435589887e-05,2.5712534007109998e-08,1.5566512647818798e-05,1.7539151313303527e-05,8.211918703736797e-06,0
0.5215864785561045,0.47835360808203453,2.4477031112381497e-05,1.7457746379822376e-07,1.3531159884281471e-05,1.4859192356241512e-05,6.871401044295832e-06,0
0.6331162722377542,0.36684055049913666,1.6187729383953083e-05,1.3673064556258236e-07,7.662663676480496e-06,1.4844350678824011e-05,4.345788724243558e-06,0
0.730842241266584,0.2691195014000586,1.4343182377635886e-05,1.21150566543329e-07,6.789524336822469e-06,1.3152877961687387e-05,3.850598114661415e-06,0
0.712153440152934,0.28780399227139103,1.595914946760025e-05,1.3479993132933446e-07,7.554462521107458e-06,1.4634740031401075e-05,4.2844237236611175e-06,0
0.7664662834403013,0.23350566954771135,1.0644556458094896e-05,4.707832922999223e-08,6.729455531526919e-06,6.4232192542103915e-06,4.202702414399119e-06,0
0.7179188841167947,0.28192344863083907,1.1576983788729079e-05,1.1536523271691583e-07,0.00013327110199258323,6.847554688249056e-06,5.856246664098742e-06,0
0.6717633217830861,0.32800749407607793,1.4504543691425028e-05,1.6706547080061338e-07,0.0001917463730906187,7.928569212287837e-06,1.4837589370806028e-05,0
0.2561424938125156,0.743518697151089,2.075610078256961e-05,2.2226780245996024e-07,0.00026882565894430883,1.219236022552227e-05,3.681264864048246e-05,1
0.9154018136507641,0.031416150654347094,1.4417255338837406e-05,1.991919723555502e-07,1.2733524553168148e-05,9.146274606310254e-06,0.053145539448418135,0
0.9294919050431735,0.03244557708570076,1.62695102263951e-05,2.0571898082047494e-07,1.162568625891294e-05,9.445974494171972e-06,0.03802497098116523,0
0.9286410271757111,0.04074653991030206,1.5728922462274666e-05,1.9888354678888053e-07,1.1110097353439846e-05,9.132112665469925e-06,0.030576262897958808,0
0.9078152594695374,0.07101428249236004,1.6907735802664304e-05,2.1996147131751086e-07,1.2266623694474028e-05,1.0654756453886394e-05,0.0211304089606804,0
0.8845746209990805,0.08457995611188523,1.9965930879288775e-05,2.5974711124478515e-07,1.5910268150003218e-05,1.2839167579225924e-05,0.03079644777531442,0
0.6856744484419973,0.3128205776592565,1.5210971032352176e-05,1.942604231619383e-07,1.3313411591940697e-05,9.645797435747331e-06,0.001466609458263,0
0.47944198941610927,0.519407927660511,1.9806159109433456e-05,2.6297942706258576e-07,2.123530721179618e-05,1.574700189914925e-05,0.001093031475732518,0
0.2300474722943863,0.7687208172276704,2.5263348832086404e-05,2.3818645455385326e-07,0.0011843323374650986,1.715324541669707e-05,4.723359774941299e-06,1
0.10245648782661662,0.8967167208505201,2.2882882244488045e-05,1.7915165595772563e-07,0.000784459550675141,1.4027802255010404e-05,5.241936032577406e-06,1
0.07033227632667434,0.9295903585679651,2.5712830477762335e-05,1.7630558145600583e-07,3.219337989376703e-05,1.578635914088478e-05,3.496230266774684e-06,1
0.07886010632337409,0.9210598932203891,2.555500930057165e-05,1.746876982246096e-07,3.5165118159598404e-05,1.5641494267476284e-05,3.4641468110213208e-06,1
0.2534906424792211,0.746123224805403,2.370669484904142e-05,2.0387441621019103e-07,0.00034048131289933416,1.5670606289785128e-05,6.070226921398868e-06,0
0.31083374996455887,0.6872033416716119,2.1291165502740293e-05,1.831011857598215e-07,0.001921908487138482,1.4073892382243623e-05,5.451717620093251e-06,0
0.5025987272913002,0.49183382780671486,3.3053558915076544e-05,2.9100820048760404e-07,0.00550549818682049,2.0640200218145064e-05,7.961947830820262e-06,0
0.19714705949934963,0.8027743815406201,2.218548971844267e-05,1.605329663742346e-07,3.770599722270071e-05,1.3078837495170725e-05,5.4281026273811725e-06,0
0.24528156538872614,0.7543909107973292,2.1649306840360136e-05,1.613269685910687e-07,0.0002885356415783683,1.308248974112109e-05,4.095048816189659e-06,0
0.16720586044432592,0.8289910268396743,1.9771877556924295e-05,1.6180983353203266e-07,0.0037619156179490108,1.2406577457816286e-05,8.856833202427752e-06,0
0.22042010414257154,0.7428915292740293,1.793147696068871e-05,1.4876092674292835e-07,0.036650802208525825,1.3016817403244177e-05,6.467319582924483e-06,0
0.2653185093157803,0.6930478959368156,5.4086060857172414e-05,1.6415386853482478e-07,0.04146434669235987,0.00010836330467253588,6.6345356458453814e-06,0
0.35344499393906204,0.5652090558212812,8.488341259330665e-05,2.0323110828731042e-07,0.08093097185440125,0.00032167783807231286,8.213903481603153e-06,1
0.2396976000406955,0.7219987199046224,0.00023123137486858852,2.162508022886969e-07,0.03762690226705677,0.0004397144104168192,5.61575153774224e-06,1
0.12568166391651023,0.48133193002918906,0.00029807108598266057,1.8191347406341844e-07,0.391741468642046,0.0009428153072805451,3.869105517337307e-06,1
0.10522196554784344,0.8894716531153789,2.788605092836843e-05,1.564215497724165e-07,0.005256380495259459,1.727021004602764e-05,4.688158993957074e-06,0
0.1943492255923464,0.8017220417921448,2.401838859234248e-05,1.5405504227591082e-07,0.0038865144998416084,1.4191175028397185e-05,3.854497004126178e-06,0
0.41941588841601146,0.580502917453331,2.697619687737182e-05,8.489668320808468e-08,1.8130362100734126e-05,1.5506646068088907e-05,2.049602892804404e-05,0
0.3161847750290695,0.6837203936488354,2.8576400410247814e-05,8.71407747842331e-08,1.4413386599975397e-05,1.5916536448970116e-05,3.583785786100904e-05,0
0.07306978100501224,0.9268446943285595,1.1208032075333026e-05,4.026240985893038e-08,1.7349707802431475e-05,7.992267360756617e-06,4.89343967797085e-05,1
0.26429895891266336,0.7356237929779732,2.6094025412372406e-05,1.5665966680138333e-07,1.2689636191972751e-05,1.2221605112922398e-05,2.6086182979192556e-05,1
0.5403753654407688,0.45947209043107723,4.225778949866714e-05,2.4052641593296737e-07,2.0118524221380863e-05,1.8765130172471913e-05,7.116215784564338e-05,1
0.25254825288822436,0.7467688269557456,2.654061475852115e-05,1.7291730061260407e-07,1.3537755045758578e-05,1.2397353366601925e-05,0.0006302715155587392,1
0.25891715083351763,0.7403900792519691,2.692341008686551e-05,1.7541128711090741e-07,1.3733010108044685e-05,1.2576160413678549e-05,0.0006393619226174873,1
0.8362751214413334,0.16329494181580026,1.533178639144847e-05,1.3752981058264642e-07,1.0402633750879405e-05,1.0892159029086746e-05,0.000393172633884158,0
0.7535484080148812,0.24625618482829714,1.5539478730834625e-05,1.6792192112116435e-07,1.557278504233074e-05,1.3441574867414085e-05,0.0001506853962600978,0
0.7898923036781463,0.2093541969635696,1.548641261094022e-05,2.2590230541822194e-07,1.5349473088599005e-05,1.269549146549778e-05,0.0007097420788136565,0
0.8464868188162361,0.15335088897185736,1.5362594450066448e-05,1.6911097338332213e-07,1.3441641569220451e-05,1.1233940461965195e-05,0.00012208492445185768,0
0.8605363483982819,0.13937033431568663,1.8036080128960783e-05,1.6381583262101617e-07,1.2951755762893064e-05,1.2714399696286453e-05,4.945123461069118e-05,0
0.9005243414903489,0.09938936803736578,1.0214647614896501e-05,1.134444526798909e-07,8.201762246260566e-06,8.423856933842796e-06,5.933676103766482e-05,0
0.5970243307948507,0.3985637943693529,2.4084676615162422e-05,1.8207460393327078e-07,1.621856689238995e-05,9.928538498051074e-06,0.0043614609791868654,1
0.47036325571877136,0.5257288862609157,1.655557934978178e-05,1.489837613417679e-07,1.327095073669298e-05,8.12409297129824e-06,0.0038697584134938577,1
0.4341525523145589,0.5592410986509503,2.342519110639653e-05,1.627491910001859e-07,1.4002054969112477e-05,8.87472263273035e-06,0.006559884316591697,1
0.48842392998973483,0.5011487175919465,2.667990091049199e-05,1.8665960908120202e-07,1.605917725799971e-05,9.457472749865058e-06,0.010374969207791407,1
0.4906470635881086,0.5019968771428684,2.6361724205190744e-05,1.869755175623697e-07,1.6086356305043417e-05,1.0350002637272696e-05,0.007303074210357861,1
0.7164098032207551,0.27439890715749443,3.0648498384651936e-05,2.3001001381538184e-07,1.9788810236762517e-05,1.2073691956139015e-05,0.009128548611159026,0
0.8856643211683668,0.08146813112747438,3.15044014019486e-05,3.1214780036883045e-07,2.14109340626439e-05,1.4770279501247053e-05,0.03279954994139272,0
0.9071173523957939,0.07460044795515637,2.1148149923842074e-05,8.647735885942908e-08,9.905705396585074e-06,8.06706916304657e-06,0.018242992247207622,0
0.8784521757282127,0.11675282265626356,2.2666304044441136e-05,8.793835507447198e-08,1.0073057849095399e-05,8.971857498764436e-06,0.004753202457776201,0
0.7275158224003492,0.2724372885375486,1.5512127833533364e-05,2.252680785229856e-07,1.2436032608198545e-05,9.56841379875074e-06,9.147219783126485e-06,0
0.7456460086398009,0.2542978395376211,2.0343518634731097e-05,2.2027861932768473e-07,1.5979946962458258e-05,9.280893590758947e-06,1.0327184770625716e-05,0
0.7554398120158851,0.24451154679865073,1.9448164323857795e-05,1.9615427167201233e-07,1.2767366280156403e-05,8.264474002593172e-06,7.965026585868077e-06,0
0.7855868290068025,0.2143711384892716,1.4915727097272863e-05,1.784188616358026e-07,1.122764592412006e-05,7.691191681292048e-06,8.019520361448698e-06,0
0.7230437754814455,0.2768900329979584,1.635305307498162e-05,1.7979784139581642e-07,1.0609698849554468e-05,1.312376392812763e-05,2.5925206902243446e-05,0
0.8550459129650655,0.1449156570028786,1.047111500855064e-05,9.937963362873266e-08,6.276005684098105e-06,7.2538960472617136e-06,1.4329635682455941e-05,0
0.7825107597171819,0.21282339082116675,3.839938257349475e-05,9.307281451324851e-08,8.51538966064666e-06,1.3235957245540539e-05,0.00460560565935724,0
0.8279268551594489,0.16953253869650864,2.1239471019474862e-05,1.8556675133280294e-08,7.498729300642414e-06,1.0021533176146211e-05,0.0025018278538712045,0
0.8005539301364394,0.19628242871379192,2.6049103862463268e-05,1.1240091965135938e-07,1.106978032288134e-05,1.5154979359523974e-05,0.0031112548853041992,0
0.7699237394404023,0.22948284634871183,2.591182547267057e-05,1.1642200729647104e-07,1.7266122030925167e-05,1.6522878814832445e-05,0.0005335969625601058,0
0.8027001026061561,0.1967159941099753,2.221198921036124e-05,2.2478766783541237e-08,1.4800767960566376e-05,1.4163649193540955e-05,0.0005327043987374236,0
0.7610547262221128,0.23885007272029096,2.2856781507967443e-05,9.034793069858901e-08,2.324384168152387e-05,1.266757415705859e-05,3.634251231920789e-05,0
0.4793976809493861,0.3062765862675557,1.4397766246429533e-05,5.691126664502009e-08,1.5173410279474828e-05,7.979459905983059e-06,0.2142881252353597,0
0.519502038736772,0.4804368226235387,2.4374258283190148e-05,1.8852071355881605e-07,1.4611874071051342e-05,1.6045974577474972e-05,5.91801204403545e-06,0
0.5683718520805743,0.4315807326259985,1.8885595943817497e-05,1.4606910216288945e-07,1.1191285606951973e-05,1.2549744514556105e-05,4.642598259724594e-06,0
0.7754019943252626,0.22445909336998732,1.0823292687811777e-05,1.2072133412898793e-07,0.00011739339067022542,6.1992832819975455e-06,4.37561677602885e-06,0
0.31065886488826805,0.6889001066502398,3.373732625603672e-05,2.670466148574248e-50,0.000339717117599966,1.6575740312282908e-05,5.099827732375235e-05,1
0.24127766179825705,0.7583375977590444,2.7512441850526555e-05,2.741628834089479e-07,0.00029711060958454566,1.5039032185473268e-05,4.480419619451072e-05,1
0.9014241094822393,0.0265038403639567,1.260845650468236e-05,1.9615041571800451e-07,1.2539090331416939e-05,9.006615804257814e-06,0.0720376998407481,0
0.8736818101972291,0.09111898202389185,2.1509532287692154e-05,2.798286195486165e-07,2.2916225564844698e-05,1.2689907785477358e-05,0.03514181228462157,0
0.8325051621504066,0.1654830777233915,8.295918612156194e-06,1.0792589174315413e-07,6.07857553725864e-06,4.894315728302743e-06,0.0019923833904323613,0
0.7568425602805401,0.24176857186086714,1.1059342690711474e-05,8.914187258667278e-08,6.814612771117957e-06,6.765457255410919e-06,0.0013641393040029703,0
0.24593463264419937,0.7528202787393578,2.608756700176456e-05,3.099293604620937e-07,0.0011917405050333358,2.1633285464583454e-05,5.317329582846865e-06,1
0.13202565504622024,0.8671220454812222,2.454004579222179e-05,2.0945241125397316e-07,0.0008069960355326478,1.6400389888660408e-05,4.1535489326400666e-06,1
0.08873233093193517,0.9111687732873722,2.3677024197474764e-05,1.769877414537065e-07,5.76736459033313e-05,1.38583650003177e-05,3.5097578500255817e-06,1
0.04957486504066589,0.9503269779045469,2.0946898875496072e-05,1.565798257210311e-07,5.9928397949504695e-05,1.4020119741167405e-05,3.1050583953791536e-06,1
0.09068354362331686,0.9092331294652793,2.4838396313690122e-05,1.8266910932705552e-07,3.963091584370819e-05,1.5052507842959835e-05,3.622422294063281e-06,0
0.22767704564969873,0.7722424536721377,2.4565835159951747e-05,1.7633690611962565e-07,3.695422777675021e-05,1.355396268706189e-05,5.2503156338162965e-06,0
0.22393534767514364,0.7757037099309668,2.5114197752881426e-05,1.8878986709120788e-07,0.000315289507921366,1.4728803975516345e-05,5.621094372738072e-06,0
0.4003434767532586,0.5942319827149597,4.7807228168700776e-05,3.447730943671015e-07,0.005336117811513845,2.4453557273103458e-05,1.5817161731664446e-05,0
0.23283529903542252,0.7671001352190361,2.431096805386779e-05,1.8554617010575386e-07,1.8980687429810844e-05,1.4814669578651653e-05,6.273874308804933e-06,0
0.15283588484172392,0.837522537770965,1.601367426279427e-05,1.437258273060128e-07,0.00960888613787493,1.2885579722442663e-05,3.648269623520037e-06,0
0.25573117900382863,0.7347834774876953,1.7502746306923754e-05,1.4827785149107687e-07,0.009448540956000877,1.3293686404690136e-05,5.857841912070897e-06,0
0.2864995069470253,0.4751090280826835,0.00025127440955553587,2.3115586922451845e-07,0.23742679797548022,0.0007071586126829189,6.00281670318494e-06,1
0.1282184610709972,0.868568117400167,1.561333722880451e-05,1.2575305541188445e-07,0.0031700538628945145,1.1523713297553587e-05,1.6104862359318686e-05,1
0.05151454234357166,0.9425967844001233,1.4302390404769285e-05,8.937058502152997e-08,0.005861418397134307,8.096203701408888e-06,4.766894479527613e-06,1
0.13569519084392503,0.8641851634686533,2.467585163767132e-05,1.441154010015461e-07,2.823239554379078e-05,1.5746188924058958e-05,5.084713591528489e-05,1
0.04956582663864899,0.9503179669450856,9.095338037916174e-06,5.896374314413316e-08,1.3887701818601617e-05,6.486004354812337e-06,8.667840831096177e-05,1
0.35810773894035336,0.6417838355040396,2.813743462427276e-05,1.5756726370392477e-07,1.4208405916867535e-05,1.1302750311733428e-05,5.4619397490384445e-05,1
0.5547511913302104,0.44490330750373014,3.551116859313934e-05,1.9885955279387293e-07,1.7931879884969516e-05,1.5514409840358443e-05,0.00027634484818830874,1
0.276704846687214,0.7226273802218978,2.859965080690249e-05,1.7173640443345795e-07,1.3927986611327931e-05,1.2319143285966039e-05,0.0006127545737797337,1
0.33652809970010666,0.6627797763447352,2.6898305895341086e-05,1.7524772838885215e-07,1.3720205039338793e-05,1.2564434026172352e-05,0.0006387657624688653,1
0.36736449519973274,0.631978196456808,2.55452554470079e-05,1.6634513789463402e-07,1.303004523329257e-05,1.1932412323455757e-05,0.0006066342853174335,0
0.4457133669723782,0.5526510894696002,3.249824548447877e-05,1.9812484000782678e-07,1.551939335176753e-05,1.5457089811637034e-05,0.0015718707045338377,0
0.5628665735515795,0.43547688473354434,2.781733327254706e-05,1.7053233892859652e-07,1.5772342456803093e-05,1.5291032291355967e-05,0.0015974904745165441,1
0.6154784176300673,0.3824110538223389,3.116846651861721e-05,1.812330655136293e-07,1.4818212963358451e-05,1.528272777738566e-05,0.0020490779072689343,0
0.7756872829134143,0.22387088266035599,1.723932389316969e-05,1.546408806558207e-07,1.2110741409067058e-05,1.224733065046305e-05,0.00040008238939645644,0
0.7555117150670368,0.24422342264637845,1.6140894264099367e-05,1.7297073616630834e-07,1.3530428614070067e-05,1.384571522602791e-05,0.0002211722777444059,0
0.7603797815653975,0.23924602814535337,1.62880830069217e-05,1.7601145040187448e-07,1.3053772964254115e-05,1.4089113990018249e-05,0.0003305833078377261,0
0.7709964230789407,0.22825436844580504,1.5539761009863065e-05,1.679249714703793e-07,1.4364204430170109e-05,1.344181903742519e-05,0.0007056947658053921,0
0.8060013987137657,0.19284447423178191,1.5385914174772123e-05,1.942098550569493e-07,1.6011243580508827e-05,1.2904829568678286e-05,0.001109630857273155,0
0.8802652262245858,0.11865621122616682,9.972649121036028e-06,1.1271696653005311e-07,7.1132286558731396e-06,8.085149838613827e-06,0.0010532788046652656,0
0.8726022728305378,0.12629973797306027,1.1150313603548982e-05,1.4348860999211853e-07,7.95322579628641e-06,9.249112018379289e-06,0.001069493056373674,0
0.871865767017723,0.12440635610739136,8.748703072263154e-06,1.0611010937904572e-07,5.455525923160617e-06,6.472832501960954e-06,0.003707093703278825,0
0.6413127601143657,0.35495459697723386,2.6210341397922886e-05,1.9804032244309492e-07,1.6061259513321427e-05,1.4203933298286808e-05,0.00367596933386865,1
0.6463657450917812,0.34946093100898734,2.580468145780628e-05,1.9507744409972475e-07,1.73768142727219e-05,1.3984097675250633e-05,0.00411596322838165,1
0.5429596106586748,0.45144198588493617,2.5327511065318327e-05,2.0589991650838782e-07,1.834084214321654e-05,1.4759905006276981e-05,0.005539769298257632,1
0.5362933038027015,0.45844396442005997,2.431924273076696e-05,2.0042804780863314e-07,1.7853427278011776e-05,1.4367654909313444e-05,0.0052059910242725485,1
0.46560235232325625,0.5298636119466932,2.2582705174488825e-05,1.671136431369078e-07,1.4377548686487517e-05,8.340976307328822e-06,0.0044885673862390275,1
0.4131644898359531,0.5822030659828208,2.156209488466054e-05,1.651013917990479e-07,1.371739417489195e-05,8.240540816734378e-06,0.00458875904995816,1
0.4326081666834292,0.5628903442085137,2.2621343537311122e-05,1.5716436819289648e-07,1.305951587231336e-05,7.844388087328664e-06,0.004457806696191946,1
0.48575306223717296,0.5034303947636383,2.520722141412645e-05,1.787869880410745e-07,1.4856239584915295e-05,8.745152550766294e-06,0.010767555598650953,1
0.8178827401189555,0.12306907192039095,1.7828389766574592e-05,1.5968994883010096e-07,1.3738854416371743e-05,8.19285946964053e-06,0.059008268167052236,0
0.7364697785033121,0.2519201635416477,2.628835616121383e-05,2.223169623785815e-07,1.9470825454541937e-05,1.14059253185868e-05,0.011552670531143613,0
0.8907575779178498,0.09089176955984633,3.5587860084781075e-05,2.930069251452729e-07,2.238744899379264e-05,1.5547597237405373e-05,0.018276836609062597,0
0.8443745480515634,0.09979931809969755,3.4200543551768466e-05,3.151377934764434e-07,2.515461279924179e-05,1.7048407060620434e-05,0.05574941514753388,0
0.9144123101091689,0.07610922609096948,2.3630535296844908e-05,9.33121578435856e-08,1.6630905888024951e-273,7.954887678654427e-06,0.00944678506472825,0
0.8732582749313118,0.12227343606557507,2.3738071725944447e-05,9.209648719643565e-08,1.0549358609704908e-05,9.396088414019767e-06,0.004424513387876511,0
0.711966615247035,0.2879830506075192,1.7726236725851415e-05,2.3079509214140052e-07,1.3202286882243821e-05,9.80317743556548e-06,9.371649310130311e-06,0
0.7394633213444947,0.26048921062297686,1.9451478024705574e-05,2.026029701403251e-07,1.4780138878525619e-05,8.124687057971241e-06,4.909125596900001e-06,0
0.7540498231359625,0.24590229076160264,1.9693525888275546e-05,1.9523607401018424e-07,1.3309883675889223e-05,8.22578802017364e-06,6.461668776337906e-06,0
0.8609564277830892,0.13900266883545698,1.1869120910556215e-05,1.2824188990948308e-07,5.4367892146282065e-06,9.360603418835871e-06,1.4108626019882442e-05,0
0.9022450231670874,0.09768345534699178,9.864559809704832e-06,9.36229178073826e-08,5.912458547755223e-06,6.833703130293393e-06,4.881714151546208e-05,0
0.9116824877457009,0.08804405338463622,1.0757159416859222e-05,9.990147840907348e-08,5.017740051012401e-06,7.440795184296565e-06,0.0002501432735320613,0
0.9362527060233173,0.0628656023094189,1.0877280696467701e-05,4.512334959769545e-08,5.676483257040619e-06,7.161401191053197e-06,0.0008579313787694972,0
0.7797669767331882,0.21862721816814304,3.0484490562345267e-05,1.1051405424081528e-07,1.1502227629211254e-05,1.5298105010889793e-05,0.001548409761412251,0
0.7813353683229535,0.21668822226253995,3.2071510790492536e-05,1.0757154257638015e-07,1.2939096155406697e-05,1.5162426739775413e-05,0.001916128809278284,0
0.7808700105976519,0.21656387703361235,2.6100297201325898e-05,2.280352159443954e-08,1.0323407189381913e-05,1.241483690916346e-05,0.0025172510239145503,0
0.8431199837579398,0.15681468803256968,1.9457241706394896e-05,1.7316257810042876e-08,1.715370114028775e-05,1.0779071030079618e-05,1.792087935587891e-05,0
0.8199677218992071,0.17997580258792528,1.8890010229429893e-05,1.3469535167616775e-07,1.833203020476418e-05,1.2456375771214086e-05,6.662401310537678e-06,0
0.6578685919329663,0.3420760789844867,2.1757591924104013e-05,1.9363488246109644e-08,1.294966293979026e-05,1.320831117648618e-05,7.394153018343497e-06,0
0.7159412795323522,0.28400861980717185,2.0399399524864258e-05,1.8159303099465674e-08,1.1572610442793841e-05,1.2383797695891714e-05,5.7266935092979945e-06,0
0.6078277405292927,0.3921065779434698,2.5939303726847292e-05,1.8500682687101508e-07,1.5170521007711988e-05,1.7104792985335265e-05,7.281902690674131e-06,0
0.5792627979304487,0.42067099519355217,2.7263249199014935e-05,1.9444959963528442e-07,1.4544992452662727e-05,1.6550612786506978e-05,7.653571961276221e-06,0
0.5801363954915165,0.41981640629227385,1.9276502728714116e-05,1.4909253882165813e-07,1.1555872885637745e-05,1.1478054170970104e-05,4.7386938854424415e-06,0
0.7669843916118093,0.23298712378805456,1.2297448193356534e-05,9.815311216448997e-08,5.437418344939196e-06,7.531923686231223e-06,3.1196567992405053e-06,0
0.7444674114862952,0.2555050764048532,1.1936422076537594e-05,9.527155199190204e-08,5.339211687669026e-06,7.113133019854314e-06,3.0280705154579845e-06,0
0.7515689093141669,0.24840022263755246,1.2213813568052709e-05,5.4018778384444105e-08,6.499500979385915e-06,7.2784357014343495e-06,4.822279253584115e-06,0
0.7523007473075979,0.2476685675447306,1.1290184324996464e-05,4.9933786984169964e-08,8.159391139231422e-06,6.728028081398837e-06,4.457610339000066e-06,0
0.7963326541315033,0.203641805495521,8.604271625536322e-06,4.746719341912013e-08,8.364037170253256e-06,5.127443401293602e-06,3.397153585228788e-06,0
0.7847360812596832,0.2152285892246583,9.276070225779304e-06,1.0396116158493396e-07,1.668723535779473e-05,5.49411459007964e-06,3.7681343233039485e-06,0
0.7208022885963037,0.27914757001832985,1.246276042156581e-05,1.300586690558907e-07,2.4615417453873072e-05,7.290533932136359e-06,5.642614889969814e-06,0
0.28665930197424033,0.7130476500905868,2.0936254455345304e-05,2.1573519428592297e-07,0.00023379246047511843,1.183401812113942e-05,2.6269466927059292e-05,1
0.9357666601558536,0.01812464756356689,1.4737994480514615e-05,2.0362337491732668e-07,1.3016805915655146e-05,9.349750801870827e-06,0.046071384106006606,0
0.9499170592758,0.02260497959834385,1.696087564525976e-05,2.1446091511131883e-07,1.220160838279391e-05,9.914474786703346e-06,0.02743866970612625,0
0.9135702777363414,0.0586313358910128,1.596940771241632e-05,1.985043733702784e-07,1.2758495884438498e-05,9.216813675322286e-06,0.027760243151000268,0
0.8846830676639318,0.08311696260580129,1.7674358434594794e-05,2.196974057499391e-07,1.7011359744579524e-05,9.533959678282122e-06,0.03215553035500378,0
0.7877614006267611,0.2104496747665114,1.0757653967059742e-05,7.784709560170654e-08,5.951162977488789e-06,5.697934805792609e-06,0.0017664400078815552,0
0.20928861373246407,0.7905060857321119,2.8917915712274448e-05,2.593554460830247e-07,0.0001547792946549858,1.689640660945809e-05,4.44756300126034e-06,1
0.35926621213103566,0.6405302144663917,2.3565929636330446e-05,2.422203415795346e-07,0.0001554196975714736,1.954220119593906e-05,4.803353827287601e-06,1
0.13332794486239982,0.8664952107743565,2.8686327043190275e-05,1.7690083739915164e-07,0.00013062154056240659,1.3851560302443504e-05,3.5080344979721133e-06,1
0.06750621807390478,0.9324329967509193,2.168560211806553e-05,1.594825033830628e-07,2.1497445772245635e-05,1.4280024797290036e-05,3.162619984824456e-06,0
0.08793328117579613,0.9119853004600488,2.4417047088861334e-05,1.7712909653497622e-07,3.842898421145358e-05,1.488264276437256e-05,3.5125609939159576e-06,1
0.1650660327179421,0.8348487370905591,2.3806714642193552e-05,1.9183547046600315e-07,4.161960067514435e-05,1.5807844765791017e-05,3.804195945161065e-06,1
0.4915971357271906,0.5055843430178227,3.239053083623921e-05,2.8028931268259783e-07,0.002755122703298162,1.9879946761230592e-05,1.084778477840447e-05,0
0.18731823949398055,0.7948334385429254,1.808621836395397e-05,1.5097613240132322e-07,0.017812716862809577,1.3535597788567555e-05,3.832307999477028e-06,0
0.28999708264633334,0.6995650595403001,1.7583621349181648e-05,1.5283678378438262e-07,0.010402149668257504,1.3702412425724157e-05,4.269274550402565e-06,0
0.2341242022704173,0.7262535454952335,0.0001465911408547875,1.9764356530820567e-07,0.03904530109590787,0.00042207459758302813,8.08775643821836e-06,1
0.21126535026839355,0.7753247799946708,0.00021265571679574392,1.353352967674208e-07,0.012666483527436845,0.0005192795072940805,1.131565011232684e-05,1
0.17591900565233765,0.8026662536552079,0.00024144556995689504,2.0118673824300053e-07,0.020385012304454837,0.0007721482887742795,1.59333425301281e-05,1
0.0517319796266573,0.9435496173364878,1.7982484230325432e-05,1.227646095239467e-07,0.004681962935194673,1.1348370634731263e-05,6.986482185914897e-06,1
0.04221689870693232,0.9577176974591107,1.7163331814780952e-05,1.1146359267339917e-07,2.644697601440333e-05,9.477594408680542e-06,1.2204468126660656e-05,1
0.047162240216602945,0.9527597096598562,2.6268407409118093e-05,8.726554570507124e-08,2.726398651500928e-05,1.4640813365289695e-05,9.789650705580446e-06,1
0.05053696614073333,0.9493324302084888,1.0759366931363364e-05,3.8650678219111194e-08,2.52084046701816e-66,7.67264509366549e-06,0.00011213298807452562,1
0.08344037733639464,0.9165343449883412,7.959281232921797e-06,5.89626913906068e-08,9.642708348854143e-06,3.8753180945461454e-06,3.7414048966561607e-06,1
0.2794974614635597,0.7195840553629583,2.7248517006222163e-05,1.818309791695177e-07,2.5032688879656962e-05,1.4281828243931051e-05,0.0008517383083731835,1
0.28444052719371105,0.7148752272940316,2.4092504354754987e-05,1.5696738210195748e-07,1.2289030429818062e-05,1.1253819577649298e-05,0.0006364531905130513,1
0.30312326414077784,0.6962576528449917,2.783780300004282e-05,1.6627805054159668e-07,1.3024790187934934e-05,1.1927599955819033e-05,0.0005661265430361417,1
0.7510573042890665,0.24841539648933586,2.0573956057037697e-05,1.8455333300484147e-07,1.4453343014630246e-05,1.461635294864852e-05,0.000477471016244356,0
0.7817529061166151,0.21786072125608805,1.4142430060413111e-05,1.5282520515659034e-07,1.1954568585600018e-05,1.2233134441440832e-05,0.000347889669004311,0
0.8135593966838139,0.185517226457273,1.5770069875818466e-05,7.997519857098814e-08,1.2771906779125005e-05,1.3641035106251614e-05,0.0008811138719533091,0
0.8876144401747523,0.11162801324375908,1.5639587112949973e-05,1.402908570676741e-07,1.166943377679035e-05,1.1536777365927391e-05,0.0007185604923759936,0
0.8811135372713602,0.11790400156682776,1.268955744961574e-05,1.601748901646401e-07,1.3205298882259442e-05,1.0643278932216481e-05,0.0009457628516576026,0
0.8436183857386754,0.15563060653319705,1.5310536257194236e-05,1.6853791837638234e-07,1.4441894536811223e-05,1.1777885474632418e-05,0.0007093088739403536,0
0.8678975742930433,0.1305476945314356,1.535082682877692e-05,1.629015242064509e-07,1.3640364718019727e-05,1.058888299607498e-05,0.0015149881994543073,0
0.898004185248793,0.1008667068815917,1.1056044833250933e-05,1.4227550556325044e-07,7.499444870228381e-06,9.250493585142582e-06,0.0011011596108208383,0
0.932098431405861,0.06682869732314713,9.326025695244874e-06,1.1746931819460798e-07,6.511039529819469e-06,7.637640577050769e-06,0.0010492790958715396,0
0.8750084997127923,0.12196325533113424,9.099973677411625e-06,1.103705537016013e-07,5.674571635033894e-06,7.322535551781265e-06,0.0030060375046556415,0
0.6531489394029517,0.3426865199247441,2.887926553151862e-05,2.1820620231352438e-07,1.7696731653125172e-05,1.5650279219396635e-05,0.004102096189697843,1
0.3851525293385787,0.6106938471236582,2.1944306258113174e-05,1.8085491034899862e-07,1.6109920867313397e-05,1.1786302235590952e-05,0.004103602153491758,1
0.3953425565376697,0.5994496263225007,2.4896915069219468e-05,1.938475333523245e-07,1.694921023745252e-05,9.680390284850447e-06,0.005156096776704936,1
0.4082291665890238,0.5866748167433771,2.436633946261165e-05,1.8971646842673476e-07,1.577079270354602e-05,9.4740924791462e-06,0.005046215726485544,1
0.5522826993495303,0.435063011866104,3.502160063358933e-05,2.130009993449314e-07,1.7697117121923468e-05,1.08167132247353e-05,0.012590540352386053,1
0.7504873978499031,0.23394759867382256,2.6789764672075494e-05,2.2306372116299022e-07,1.953622761635768e-05,1.1709066971639496e-05,0.015506745353293022,0
0.7279196648516976,0.2565590659931425,3.0304917969024254e-05,2.2260031479325329e-07,1.9505861913866726e-05,1.1426449524888132e-05,0.015459809325437328,0
0.7369550259801713,0.25317785809915305,2.5988581009072782e-05,2.1978180571789593e-07,1.924879294603694e-05,1.1275859635638788e-05,0.009810382905279256,0
0.6785188867009813,0.3017118469273829,3.4552596784198154e-05,2.4394471881473914e-07,1.9191225074056448e-05,1.1641284812789293e-05,0.019703637320245996,0
0.45001004382924525,0.002936819280542398,1.45773709145776e-05,1.3559327239469488e-07,1.1212703672556012e-05,6.093907608832659e-06,0.547021117314744,0
0.8947654510792125,0.06258832964158573,5.003908233740175e-05,1.200297022247523e-08,1.910050540532527e-05,1.809335090310824e-05,0.04255897433758557,0
0.9238140282274891,0.036748194341361666,2.2252247283996878e-05,1.2173752221250203e-07,5.6144690180094674e-213,1.2683394704034309e-05,0.039402720051639,0
0.9394623052283112,0.04693822708730727,2.03186357369494e-05,1.225217260692378e-07,1.926989213950493e-05,1.3703939714418458e-05,0.013546052695064578,0
0.889600492494851,0.10133744512640908,2.8110911812513297e-05,1.198465851134479e-07,1.8886593083228335e-273,1.021695506008827e-05,0.00902361466528232,0
0.8767150007156075,0.11249420552878954,2.7965215684432155e-05,1.2168952570965587e-07,1.4904486833360668e-05,1.0374066263816314e-05,0.010737428297295919,0
0.8784757395282463,0.1176927742622654,2.1900525875956307e-05,9.074715098498567e-08,1.0394808255428073e-05,8.624138952248613e-06,0.003790475989253561,0
0.7292959925506415,0.270651660329791,2.138705990643796e-05,2.3202750228634045e-07,1.3272785055056422e-05,9.775903650665659e-06,7.679343453183297e-06,0
0.7669998564697874,0.23295267405719017,1.9522183855776727e-05,1.935374373146644e-07,1.3194082039641473e-05,8.154220173650022e-06,6.405449515868604e-06,0
0.8988824177483681,0.10108102889418107,1.210015566739891e-05,1.251936089834703e-07,5.76653637648213e-06,7.465149588367331e-06,1.1096322209675369e-05,0
0.7989687613410791,0.20099075872216293,1.0488871462421308e-05,1.1532259077093782e-07,4.829677367431798e-06,8.417600818276975e-06,1.662846451897881e-05,0
0.9410361742710978,0.05749866390231168,1.1831952130914482e-05,4.9083711942804873e-08,5.356924102706974e-06,7.789939273179902e-06,0.0014401339273719396,0
0.7809084316208229,0.21697924202261318,3.418698704042018e-05,2.0185789884454043e-07,1.3883269714473646e-05,1.4715301525129745e-05,0.0020493389403853693,0
0.9503488292279889,0.04845624942854468,2.6267765274268442e-05,1.1650023318697709e-07,9.735643485103451e-06,8.529747893638488e-06,0.0011502716865801703,0
0.8615982058970514,0.13834060438808934,1.546430255576576e-05,1.102960039229736e-07,1.1116617824961003e-05,8.497820464207833e-06,2.6000678010423912e-05,0
0.8582328993777858,0.14171283853670735,1.6517216530870045e-05,1.1780569946274152e-07,1.6215877672224248e-05,9.705394867683379e-06,1.1705790736571094e-05,0
0.7363719831894662,0.2635814287096779,1.808253516841765e-05,1.2897001741145388e-07,1.1376398330661384e-05,1.192391376279324e-05,5.07628357660293e-06,0
0.5621624508303503,0.4377876633289549,2.044789095994797e-05,1.5815254559769622e-07,1.211707528178389e-05,1.2136068617251685e-05,5.026653290057813e-06,0
0.7519317042966164,0.24803882262519975,1.2056100853757647e-05,5.332125274149529e-08,5.419193433713191e-06,7.184451800018184e-06,4.760010843645321e-06,0
0.769036445781614,0.23093341069449494,1.2330349814457456e-05,5.453419035083929e-08,5.542467797875785e-06,7.347881789801221e-06,4.86829029838982e-06,0
0.7104497226070557,0.28951920869297304,1.1802705230006247e-05,5.22005444576535e-08,7.520380760324924e-06,7.033448696505654e-06,4.659964739899184e-06,0
0.7378030248525804,0.2621690434161543,1.0083868319039448e-05,4.459853959200028e-08,7.812771634533008e-06,6.009162230364803e-06,3.981330541835909e-06,0
0.7394972117547379,0.26047539637357275,9.737583297054412e-06,5.121639931225386e-08,7.762300086097037e-06,5.8851612921803475e-06,3.955610614685632e-06,0
0.37918704150661386,0.6206838780093554,3.208709618033577e-05,1.7332590834005579e-07,1.9666670869357406e-05,1.5764953322740597e-05,6.138843774997908e-05,1
0.24842379876701795,0.7514765580630492,2.9875689221467266e-05,1.352976368234328e-07,1.6592561277566965e-05,1.5814325710377134e-05,3.7225296086856866e-05,1
0.3086523611427703,0.6912545260815103,2.4031903339579335e-05,1.088329613456382e-07,1.7587499144804017e-05,1.2720990101186444e-05,3.866355017234822e-05,1
0.29096870789513823,0.70889763025007,2.2090637418354563e-05,2.204307887591949e-07,6.5062402418197e-05,1.2091591996696212e-05,3.419679216964662e-05,1
0.37626247914123356,0.6234680733950926,1.901322526737328e-05,1.8972292031107556e-07,0.00021040449372720395,1.040713122579861e-05,2.943289053319983e-05,1
0.9332741884886016,0.011590320370779346,1.666371532052888e-05,2.435425390328094e-07,1.5050831067576297e-05,9.740769807740407e-06,0.055093792281884296,0
0.9267338557637477,0.01870897670756374,1.639231910179994e-05,2.072718312955314e-07,1.1594205769926139e-05,9.582125229236781e-06,0.054519391606756354,0
0.9155657937691116,0.05897134055578099,1.9401776730394066e-05,2.671120752835193e-07,1.680925663539599e-05,1.2486864627298415e-05,0.025413900665038975,0
0.9043402813267881,0.06730530319750185,1.7977480095074414e-05,2.47503209798351e-07,1.5128564331042674e-05,1.149189274787615e-05,0.02830957003532618,0
0.899090713057048,0.0727038575427937,1.796219698173562e-05,2.2327532244296562e-07,1.5253510783868297e-05,9.68922647975903e-06,0.028162301190590343,0
0.8619039422663249,0.13516496641005007,7.265995141108197e-06,9.031842873394392e-08,5.111264263879703e-06,3.919446635320404e-06,0.002914704299156113,0
0.837669378271202,0.15958134786116765,7.5390593973208395e-06,1.0379326745624221e-07,5.77241152261373e-06,4.504198961417366e-06,0.0027313544044813404,0
0.8493686879094401,0.14734237971482494,7.998028332033629e-06,1.1011207765313234e-07,6.236960264932809e-06,4.778409216318772e-06,0.0032698088658439026,0
0.8272651412971823,0.16943256495298215,1.0870652048508048e-05,9.745243928398775e-08,7.150976260129327e-06,5.5098217134833454e-06,0.0032786648473741627,0
0.787436803655194,0.2103629590083616,1.0753221277293403e-05,7.781501871718604e-08,5.9487108016418155e-06,5.450301584407155e-06,0.002178007287762433,0
0.5700194929795624,0.42988822655843595,1.568542266130782e-05,2.0755313121940253e-07,1.0892351873111852e-05,9.87045451090467e-06,5.562467982505217e-05,0
0.08475573840665336,0.9151763734863978,2.402506211613328e-05,1.795893540824671e-07,2.404171896558802e-05,1.608038734799097e-05,3.5613491651727185e-06,0
0.27009321529599184,0.7298136608010855,2.6584278470587764e-05,2.1300467216271608e-07,4.506418695084153e-05,1.711615825859957e-05,4.1462745706120434e-06,1
0.3842019778713894,0.6156463900252934,4.478362376392886e-05,3.8851491427823705e-07,7.355904584031773e-05,2.449189350610349e-05,8.409025292623319e-06,1
0.4396066943360147,0.5602417928491129,3.821170305574027e-05,3.3066244082489736e-07,7.230948849543054e-05,2.6580780455836097e-05,1.408018042429211e-05,0
0.48065535781949087,0.5191817285843957,4.382904622263104e-05,3.3240741726900093e-07,7.686514556664209e-05,2.6326179291624843e-05,1.556081761520457e-05,0
0.27424038867386413,0.7254668005344073,2.6553430888462465e-05,0.0,0.0002456001097541192,1.1581108292211862e-05,9.076142793824515e-06,0
0.1315012125675764,0.868433011990009,2.7370264292012135e-05,1.5919614202763459e-07,2.1817313250403828e-05,1.2387707825556077e-05,4.040960904712101e-06,0
0.1440824233164088,0.8558550540827639,2.2091679316131568e-05,1.6101874922475756e-07,2.2067095636117485e-05,1.4115582007027658e-05,4.087225118997787e-06,0
0.32634323574755264,0.6711914820664625,1.7779073724103754e-05,1.5381113803345984e-07,0.0024256587473943172,1.4236008096542285e-05,7.454545631833956e-06,0
0.2593795831434074,0.7332490669745046,1.848581427998882e-05,1.6319516143184636e-07,0.007334124539986213,1.401771180878829e-05,4.558620851592492e-06,0
0.28042723618126786,0.7112869502081229,1.823518723715439e-05,1.3187955109752547e-07,0.008249241967850892,1.3617508421374507e-05,4.587067548869679e-06,0
0.2320099167696696,0.7465312025345209,0.00010510225553989949,2.0204310600587655e-07,0.021000224940182787,0.00034508366729148855,8.267789689224047e-06,0
0.3193547208710424,0.6544206151037265,0.00016065311323083144,3.0921037176389033e-07,0.02546797577540196,0.0005893994292128464,6.326497013761917e-06,1
0.2360645139689237,0.734099909656118,0.0001151077984228293,2.0406361130836971e-07,0.029442948107034364,0.0002720171398206726,5.299266069183551e-06,1
0.14641263837767565,0.8068749017653083,0.0002264023198708935,2.071158548207265e-07,0.04574368490841009,0.0007293223750374572,1.2843137842664114e-05,1
0.08199333591719603,0.9099098798018771,0.00014158026371854086,1.1297721919541675e-07,0.007607509736316816,0.0003351714494028408,1.2409854269441432e-05,1
0.04687084308731443,0.9432491716304446,1.910799054595195e-05,1.4105290513203786e-07,0.009836625630081038,1.103726105049762e-05,1.3073347658209047e-05,1
0.0439417364278988,0.9382256786479736,1.8757502398959965e-05,1.1720900601194613e-07,0.017790041852640097,1.0834810187642488e-05,1.2833549894823699e-05,1
0.04289104041577403,0.939363998335762,1.5896957680093903e-05,1.1195504850963298e-07,0.017706613306551707,1.034913392258056e-05,1.198989526098904e-05,1
0.05238243424604478,0.947520184734357,1.784663786624687e-05,1.2397704578180848e-07,5.296646716577121e-05,1.2869335559448273e-05,1.3574601960974884e-05,1
0.09974000155866361,0.9001960424360951,1.2221948467456052e-05,9.05407102211374e-08,1.9090737522933277e-05,5.951024068672531e-06,2.6601754471967576e-05,1
0.5021083545836564,0.4970380896816946,3.5712960783759395e-05,2.1764726027124852e-07,2.996351984004079e-05,1.7095001100215295e-05,0.0007705666056647077,1
0.5904027835949298,0.40870559626208885,3.746759758288487e-05,2.3316357866188056e-07,3.2099652926957074e-05,1.831372298823065e-05,0.0008035060059045102,1
0.5500732337741457,0.4486465204296649,3.6275655441735176e-05,2.4480391530841707e-07,3.370217922395051e-05,1.9228007723684796e-05,0.0011907951498847714,1
0.8252466289162647,0.17439854505917715,1.3857700730945425e-05,1.497483776238313e-07,1.1867731213070253e-05,1.1682907211367633e-05,0.0003172679370250206,0
0.8508376636772831,0.14801456824337084,1.37756334263984e-05,1.516417546061034e-07,1.0513468963678308e-05,1.0842362559478969e-05,0.0011124849726420474,0
0.843692354459889,0.15469738009665981,1.742910613159413e-05,1.8495602784536776e-07,1.2661548731613355e-05,1.3484039418575387e-05,0.0015665057931415378,0
0.8541091389589729,0.1448165230812912,1.27092954077183e-05,1.580576138272813e-07,7.728022505071364e-06,1.02766174472823e-05,0.0010434659667618237,0
0.8892741889515525,0.10972203207891038,1.1480342090292595e-05,1.4773560523407932e-07,7.223341251354772e-06,9.60549929592382e-06,0.0009753220512943975,0
0.9428776809551173,0.05421096729384917,1.0019117733685489e-05,1.1507222012372219e-07,5.916302259929468e-06,7.634467660246323e-06,0.0028876667911593465,0
0.8404829865999849,0.15363258566267463,1.0519490498730178e-05,1.275874010367278e-07,6.238220878450405e-06,7.63306566902907e-06,0.005859909372893531,0
0.8045785550092911,0.18577894523106014,1.5282931726444994e-05,1.2833218057278452e-07,7.620499964276619e-06,8.649195104119248e-06,0.009610818800673191,0
0.45262882085622586,0.5413838383333608,2.8800457131028904e-05,2.421359474233144e-07,1.8316522578944624e-05,1.736657870422568e-05,0.005922615116051773,1
0.36840991605106455,0.6276560545353919,2.90623213783299e-05,1.91175790331116e-07,1.5892103538776056e-05,1.2465444533320695e-05,0.0038764183683029684,1
0.36370728653163664,0.6322331571522494,3.328451842410597e-05,1.8128933070814012e-07,1.5597147723370798e-05,1.1814613380918747e-05,0.003998678747254895,1
0.4050417859982561,0.5894539754706922,2.563587996034343e-05,1.9633792644554753e-07,1.6891847029881572e-05,9.848271959120974e-06,0.0054516661941759696,1
0.5525562546241223,0.4352785061805484,2.943789301404432e-05,2.131065024630497e-07,1.7705882813370032e-05,1.0822070931865833e-05,0.01210706024206742,1
0.8355317450376734,0.12912226260479137,1.6475898836468953e-05,1.6709194235809263e-07,1.437568166953969e-05,8.485338698926145e-06,0.035306488346387846,0
0.6707661076420752,0.3084391243216412,3.5323016990187645e-05,2.493839609560201e-07,1.9619132350232773e-05,1.3005029961674861e-05,0.020726571473020605,0
0.7912854960968528,0.1774216585301821,3.4311237027698085e-05,3.667587188506393e-07,1.9775600743593833e-05,1.4172828683271322e-05,0.031224218947791704,0
0.4570498816985063,0.012265997105168553,1.665363032729706e-05,1.5408231829320983e-07,1.3116723927321615e-05,8.360764999854492e-06,0.5306458359947523,0
0.8961651226537727,0.09296209496756082,2.9161309232994047e-05,1.243247943119327e-07,1.3725746e-317,1.0598723652720948e-05,0.010832898020986474,0
0.8917862116060289,0.09911644427988939,2.9018818997724798e-05,1.213763865373304e-07,1.6402530417919642e-05,1.054693535286227e-05,0.009041254452926462,0
0.9107140702735229,0.08568526110903009,2.262882442026419e-05,9.165757191596591e-08,1.0499094185140993e-05,8.757070793485382e-06,0.003558691970476317,0
0.8602014387844286,0.1377926568880873,2.358375479598676e-05,1.9960357218477876e-07,8.757534979116971e-06,9.715511123305726e-06,0.0019636479230136583,0
0.7493529519772871,0.25059900856214007,1.9802487086470368e-05,2.148365244139107e-07,1.1860153646983869e-05,9.05160441162889e-06,7.1103789033880545e-06,0
0.7496126985325098,0.25034718052994037,1.7905067355395335e-05,1.7541554684953813e-07,7.76666408399506e-06,7.3605212426042384e-06,6.9132693209580045e-06,0
0.9105347305068714,0.08943388437765368,1.1170003442254799e-05,1.206881590073092e-07,3.88582136872072e-06,5.511613176968501e-06,1.0696989328061111e-05,0
0.8420345544252698,0.15792872239402658,1.1890613070403964e-05,1.2774005749657976e-07,4.337214524008106e-06,8.861350915443729e-06,1.150626213632874e-05,0
0.9381539415380912,0.05939214304449456,1.161488107685175e-05,5.0622062956191944e-08,5.080541450576662e-06,8.034086679738832e-06,0.002429135286143988,0
0.8607869385161457,0.13799088923808944,1.8419771233181763e-05,6.677636921647328e-08,7.969541419819054e-06,9.243637974709944e-06,0.0011864725187679763,0
0.7759480313169863,0.22186230351179573,3.361212640460256e-05,1.0997280646620831e-07,1.320658994678251e-05,1.5223181822615428e-05,0.0021275133002376222,0
0.9529076088619691,0.04570418908174848,3.3907070133558086e-05,1.449444109482536e-07,1.1999700406368029e-05,1.0612333127233097e-05,0.001331538008204429,0
0.8882806701150827,0.11165763687124919,1.602373502137242e-05,1.1428604260714205e-07,1.0507509642202597e-05,8.10621139037339e-06,2.694127157126271e-05,0
0.7827705922077698,0.21718535023200433,1.689446881857758e-05,1.2049637494939175e-07,1.0628941410868305e-05,1.1140483753227323e-05,5.273169867938216e-06,0
0.7798997079463695,0.22005891354767484,1.7039204800496546e-05,1.215286750076687e-07,9.090446388596684e-06,1.0343935118826507e-05,4.783390972644432e-06,0
0.4693731282117952,0.5305724210803486,2.240303171012193e-05,1.7327442233537366e-07,1.3430163673281115e-05,1.2936957457297337e-05,5.507280593071026e-06,0
0.7477387558684132,0.25222711424958094,1.4807613594588226e-05,1.1818820743828986e-07,6.623507703042407e-06,8.824128748927573e-06,3.756443751951654e-06,0
0.7752912375623502,0.22468018090854575,1.2447410994884899e-05,5.505192397496063e-08,5.5037256369292e-06,7.417640695987882e-06,3.1576998522434747e-06,0
0.7893415574912888,0.21063158805035084,1.166911088626546e-05,5.160968860352247e-08,5.219642270452196e-06,6.9538373748185435e-06,2.960258140147793e-06,0
0.8074285420054552,0.19254755562663126,1.002846267467658e-05,4.4353493668594864e-08,5.309353608993984e-06,5.976144989865367e-06,2.5440531463987585e-06,0
0.7437013684911131,0.25627047788812435,1.0634750413771392e-05,4.7034959439534245e-08,6.935561631807858e-06,6.33744298258339e-06,4.19883077481354e-06,0
0.7618467967767637,0.23812949423294036,9.497938116612959e-06,4.85541006820584e-08,6.093034466605057e-06,5.659995667429493e-06,2.40946794476145e-06,0
0.4774387494517734,0.5224815186269262,3.245115581727134e-05,1.4315437720514903e-07,1.5258392061335762e-05,1.5722098759429467e-05,1.615712028530429e-05,1
0.502495615680265,0.4974212291553298,3.154073729578669e-05,1.391381752192154e-07,1.716034426192116e-05,1.4822624256272009e-05,1.9492320415942608e-05,1
0.4323057992665149,0.5675887419681519,3.442244763189938e-05,1.8692053301324316e-07,2.0915733538726755e-05,1.5488338132023986e-05,3.444532549744757e-05,1
0.37110638454575295,0.6288100848917724,2.181364479241929e-05,9.878716333678495e-08,1.49766267849068e-05,1.1546782439747463e-05,3.5094721294274694e-05,1
0.678427919800869,0.006053681465144285,1.297234102189356e-05,1.5023867387497432e-07,1.1009851328211097e-05,6.945496541167025e-06,0.3154873208064215,0
0.913527588416071,0.011048424862320907,1.6228623835048063e-05,2.052019949591739e-07,1.4431984758711302e-05,9.48643721000602e-06,0.07538363447380934,0
0.9532206780187559,0.024317674809618866,1.7169793468559247e-05,2.171025657256487e-07,1.2474367311760698e-05,1.0241416126862561e-05,0.022421544492152286,0
0.9490707863169472,0.033886641796783204,1.759559282849651e-05,2.8000064359153485e-07,1.5170018169070214e-05,1.1342328040127125e-05,0.016998183946588252,0
0.9421513838036506,0.03483946573266261,1.9415302260444924e-05,1.9379253962440374e-50,1.556133290574421e-05,1.0233867546615464e-05,0.022963939960974233,0
0.8937555510857533,0.058871424329560135,1.943768872626057e-05,2.676064901959664e-07,1.5998461728561393e-05,1.2509977367802157e-05,0.04732481085037367,0
0.8667139485570724,0.13122961425649188,6.479702797865825e-06,8.054458666716413e-08,4.719670573270701e-06,3.4953022725388074e-06,0.0020416619662053433,0
0.8694009685402816,0.1278877693799116,6.880413689716876e-06,8.552553936885359e-08,4.969622367815052e-06,3.600121120346571e-06,0.002695726397089502,0
0.8306819293140515,0.1668287723466757,9.08794709330685e-06,9.603319085304272e-08,7.04683302973426e-06,5.429579434489587e-06,0.0024676379465244317,0
0.7838377991505342,0.21470701695960245,1.095431247299651e-05,7.927020268057575e-08,6.09440408202064e-06,5.552225243772866e-06,0.001432503677861941,0
0.6308026319112244,0.36905586369891524,1.3000905096734208e-05,1.6935238554975325e-07,1.3390638885516694e-05,8.256621134254501e-06,0.00010668687235808119,0
0.6685945873661369,0.3311826708296559,1.2617521206437977e-05,2.0524556971215966e-07,1.624614628225195e-05,9.944741827645304e-06,0.00018372814932144198,0
0.7261387071056868,0.2736608213330479,1.2630405193373472e-05,2.580422966674276e-07,1.2721769949820064e-05,9.954896589558356e-06,0.00016490644723578783,0
0.7139988161515587,0.2858784253423141,1.280920787731542e-05,2.4988961120796807e-07,1.2319833560987812e-05,9.297233019671229e-06,8.808234205788728e-05,0
0.735532033811864,0.2643885624403534,1.32490619842582e-05,2.5742593657359454e-07,1.2691382717101782e-05,9.57762472022086e-06,4.362825242415907e-05,0
0.7494857550076476,0.2504387327841725,1.2328861888092915e-05,2.3954668052724865e-07,1.2393388846765877e-05,8.912420557159825e-06,4.163799020744902e-05,0
0.7302956187842716,0.26963179329523,1.294526218384477e-05,1.7885819199231866e-07,1.2443488633507448e-05,8.783719759877937e-06,3.8236591729021594e-05,0
0.7369991599165036,0.2629189906201593,1.3064089539897365e-05,1.8970002461097166e-07,1.2557710101824676e-05,8.864347419677349e-06,4.717361625129624e-05,0
0.5929100974139658,0.40695942730732687,1.6475166849353212e-05,2.044306132026429e-07,1.1485428393170387e-05,8.601058647988824e-06,9.370919420359662e-05,0
0.41259271102532785,0.5873319330255845,2.739546467308659e-05,3.2546763924429216e-07,1.809790392017957e-05,2.271786815795074e-05,6.819244697196917e-06,1
0.41578340631318533,0.5841373223668593,2.7452717680673348e-05,2.8217035171181424e-07,1.813572621824281e-05,2.2765345588741678e-05,1.063536011591753e-05,1
0.273231684079268,0.7266852271561538,3.420810376061008e-05,3.0666037563962365e-07,2.3325405959327435e-05,1.998740283458486e-05,5.261191648206716e-06,0
0.3315356344976351,0.6683769749626813,2.5856522280251363e-05,3.0718446889087573e-07,3.451490619972714e-05,2.144169011898292e-05,5.270236615818562e-06,0
0.16099846370706108,0.8389322600865003,2.7744262787428225e-05,2.47872601298007e-07,1.910146721305918e-05,1.792999944654273e-05,4.252604390274686e-06,0
0.29842918846547434,0.7014998408560288,2.27495454360547e-05,1.94309303143864e-07,2.473046812941389e-05,1.4232633312316442e-05,9.063722315873614e-06,0
0.3522391438976147,0.6476790217899735,2.0409399817655136e-05,1.5605372762831098e-07,4.0744330931750985e-05,1.4976437119697826e-05,5.548090815080395e-06,0
0.21147901504806627,0.78816629438726,3.641113564273245e-05,2.3997923092105015e-07,0.0002954463710767976,1.5459854458104686e-05,7.133224265107789e-06,0
0.14456732532146468,0.8553653724278323,2.732857165821788e-05,1.611444207328751e-07,2.2084318507377615e-05,1.3637801010760396e-05,4.090415106171289e-06,0
0.1534366674450977,0.8464998208761189,2.6672228806147573e-05,1.65686782809376e-07,1.911318056527106e-05,1.335486631431131e-05,4.205716314682991e-06,0
0.2600965869719676,0.7369216902456471,1.8147769954866e-05,1.5774036176510686e-07,0.002945730998482471,1.3280024675670398e-05,4.406248910636123e-06,0
0.226971606686619,0.5527660431671974,0.00014636286346771525,2.1684253915656012e-07,0.21986052185933236,0.00024961746267130783,5.631118173104847e-06,1
0.23011951499027805,0.713018228603355,0.00013041446844763913,1.9133778996161805e-07,0.05650735475292933,0.00021932705412795262,4.968793071901223e-06,1
0.08092488531077975,0.9093763959162966,0.00021313543589583772,1.2890542177173034e-07,0.009020283330187359,0.0004541897759317771,1.0981325486594586e-05,1
0.042759653789962895,0.929527626253256,1.937414823940217e-05,1.430176494516518e-07,0.0276668505628512,1.3096780017669709e-05,1.3255448023499364e-05,1
0.06747060381156117,0.9324638440949566,2.482972055618977e-05,1.2614066368516332e-07,2.247858799641806e-05,1.414534964826084e-05,3.9722946176223154e-06,1
0.06830588547318359,0.9316221151272963,1.9856071738248962e-05,6.101763675824582e-08,1.8978135968973568e-05,1.168116752980731e-05,2.1423006646242965e-05,1
0.06317360590344802,0.9366822031688182,7.854292291753341e-06,5.0918225506217e-08,8.118018173608967e-05,5.583864748738803e-06,4.952167073159074e-05,1
0.08688489466921466,0.9130867816393647,8.098657473363487e-06,6.762277670558986e-08,8.51404345205433e-06,4.317037558442688e-06,7.326330159952233e-06,1
0.36177423052552155,0.638118778631724,2.5382990043844875e-05,1.5469280953730163e-07,2.3678988119108342e-05,1.2113105383334399e-05,4.566106639873065e-05,1
0.5155638661943177,0.4836841855354109,3.173291744682826e-05,1.9339148564396453e-07,2.960263443787231e-05,1.5189842756281986e-05,0.0006752294841447814,1
0.606237530092245,0.3929854420105133,3.174005497095653e-05,1.959123910725619e-07,1.5346089159846324e-05,1.5284481359841162e-05,0.0007144613593600363,1
0.6433954919050002,0.3558640956377495,2.1482672955207915e-05,2.0031998438657674e-07,1.4555062250787452e-05,1.5674538274399038e-05,0.0006884998637855774,0
0.6708072316982172,0.3270467677010652,4.013674378804715e-05,2.3988399897833835e-07,1.8866898193846934e-05,1.8864694951369198e-05,0.0020678923797854817,0
0.6590288647650376,0.33841962398574815,3.6664010366652307e-05,2.2003355701340687e-07,1.7305659139761264e-05,1.7047931584709962e-05,0.0024802736145662255,0
0.7378245864033471,0.2594169738967631,3.070585121285805e-05,2.2145221422336256e-07,1.6004060552637897e-05,1.7678966016918438e-05,0.0026938293698928503,0
0.8009399904263272,0.19855115574029433,1.7266496362029407e-05,1.5488462423533104e-07,1.1621628198996012e-05,1.2264851493815188e-05,0.00046754597269948355,0
0.8315938893410254,0.16716978995339615,1.299577347483176e-05,1.7441693180583767e-07,1.2035914594725247e-05,9.892384585532299e-06,0.0012012222159916129,0
0.875976214223986,0.1227416996086521,1.226119107998335e-05,1.544402517734683e-07,7.940363100747057e-06,9.585979340863483e-06,0.0012521441935882942,0
0.9000514699191304,0.0986892504607652,1.1790787252332004e-05,1.4851511080602361e-07,7.013319873768881e-06,9.949459123231427e-06,0.0012303775387444364,0
0.9350718241204939,0.061265049392957883,1.0686599468236719e-05,1.4479951246594197e-07,5.3029398285451095e-06,7.9965979468333e-06,0.00363899554979227,0
0.8023607637301433,0.189483422708454,1.5393531694932738e-05,1.2926089866047665e-07,7.675648221888178e-06,8.71178785288516e-06,0.008123903332734609,0
0.4748150813814156,0.5204599195262454,2.7687349601863268e-05,2.3277764644453693e-07,1.935039186918994e-05,1.669537861099193e-05,0.004661033194610495,1
0.4099553646884384,0.5864307692228904,3.7112669119175974e-05,2.0492594653591767e-07,1.702824681068909e-05,1.338545525330256e-05,0.0035461347915414884,1
0.39760398578911377,0.5969770844420487,2.6716739500940467e-05,2.0801669753361476e-07,1.7292058211307983e-05,1.0203430590378254e-05,0.0053645095238373935,1
0.7700053194162804,0.21242753606676354,2.1973476961574702e-05,2.0146186022880782e-07,1.7341768607994516e-05,9.881909153571424e-06,0.017517745900372694,1
0.48221747526372466,0.5083018488975606,3.1126861085620674e-05,2.3839179196357475e-07,2.0509932828209187e-05,1.2106119955920792e-05,0.009416694533053103,1
0.8383108196665081,0.12871634005804333,1.937364831925707e-05,1.778314650136036e-07,1.5582889016656086e-05,9.035452113347026e-06,0.03292867045453462,0
0.8765860828637209,0.09390025176407563,1.7304801801936242e-05,1.849824936334919e-07,1.5061435150882963e-05,8.864927735322304e-06,0.02947224922502156,0
0.6885358317054497,0.3002976377311738,3.070200510944914e-05,2.586466797485482e-07,2.1059237106741213e-05,1.2395141182899448e-05,0.011102115533297718,0
0.7597149933490267,0.22667602201494583,2.6700971707514733e-05,2.428914757124448e-07,1.854861087642169e-05,1.1909465396866069e-05,0.01355158269657087,0
0.7272027623918426,0.25675236537531027,3.064216750842364e-05,2.5228736035379497e-07,1.9370571975254638e-05,1.2096721175170628e-05,0.0159825104848277,0
0.4147428265899661,0.004605518294463011,4.9811892939222016e-05,2.003340340817395e-07,1.1856403336825508e-05,1.1157649005899556e-05,0.580578628836255,0
0.3973239643922275,0.006270682944889443,2.305220179362252e-05,8.759912905995378e-08,8.475871765443153e-06,8.984865575748947e-06,0.5963647521246191,0
0.9511788930110547,0.026313454946247834,3.321958862744127e-05,1.5710385910652074e-07,1.615845892857203e-05,1.5919274061388998e-05,0.022442197617220747,0
0.946393188708159,0.0424615385646008,2.231903087835335e-05,1.244578156014335e-07,1.2510624716872327e-05,1.06100637550324e-05,0.011099708550074323,0
0.9233749598341795,0.07012529666508177,2.9068955953577992e-05,1.2158609329810245e-07,1.3466907343357896e-05,1.0565157708231536e-05,0.0064465208936403595,0
0.9237813548724744,0.07253141283400316,2.3175077904789124e-05,9.387016003421366e-08,1.0397083360409787e-05,8.96846403010837e-06,0.003644597798066841,0
0.9041644809338111,0.09292366478239586,2.3104629372408195e-05,9.573648148841558e-08,1.0603797610492964e-05,9.098299067174898e-06,0.002868951821261673,0
0.8802571171143139,0.11767069574161172,2.4366569771925702e-05,2.062290085035003e-07,8.74910864184104e-06,1.0037997838081069e-05,0.002028827238814044,0
0.7371669518841729,0.2627945383005205,1.4855130119113102e-05,1.7465870197595224e-07,8.288055886654765e-06,7.163005649035751e-06,8.028964949648928e-06,0
0.7230521290154648,0.2769197980582606,1.199757449267886e-05,1.3676199849907328e-07,4.602437987420536e-06,5.738599646454817e-06,5.597552149544697e-06,0
0.9147907533702758,0.08517000686114666,1.2955964228893978e-05,1.364379005898033e-07,4.392919023507039e-06,9.464721865535762e-06,1.2289725558943574e-05,0
0.9224878470753973,0.07716396813706566,1.0028922975826316e-05,9.304363247291534e-08,4.673291812953005e-06,6.9300136840722416e-06,0.0003264595154317288,0
0.7933787692946327,0.20126872937111542,2.9877791069737814e-05,2.0140721221850403e-07,1.963647010315946e-05,1.4950290381133543e-05,0.005287835375485564,0
0.9169597963690992,0.08153329417255534,3.2627948224982486e-05,1.3947647842446993e-07,1.1396624704127858e-05,1.021198984334931e-05,0.0014525334190944102,0
0.8484416385343883,0.15014829410102198,2.5048019244921074e-05,1.0116770498316272e-07,1.4491110491259421e-05,1.3640408687276246e-05,0.0013567866584612252,0
0.8843181104484059,0.1156387846062113,1.736661535566153e-05,1.2386386443807955e-07,1.2229612304962749e-05,8.785558112420623e-06,4.599295745086446e-06,0
0.7832768486988781,0.21667633774938413,1.6905395307881567e-05,1.2057430591994737e-07,1.2936188738367685e-05,1.1147688855552707e-05,5.703704529786649e-06,0
0.6550444023949169,0.34489043716992807,2.6272103498837503e-05,1.1259702387189732e-07,1.4752098857670795e-05,1.3972051705657237e-05,1.0051584068941612e-05,0
0.4919523762670697,0.5079967773652502,2.144979169625929e-05,1.6590166516187086e-07,1.2858715595550106e-05,1.1099010710534075e-05,5.2729480126947475e-06,0
0.7732298467764418,0.22673961170395385,1.2827691935268066e-05,1.0834988390192734e-07,6.072148027313803e-06,8.089583099745134e-06,3.443746658232346e-06,0
0.7732296729506299,0.22673956073179177,1.2827689051540836e-05,1.0834985954434905e-07,6.072146662265539e-06,8.314386120883009e-06,3.4437458840614304e-06,0
0.49128607263252094,0.508638970950701,3.7278995827104816e-05,1.273190922570058e-07,1.4469628875301265e-05,1.5185444209731491e-05,7.895028773861144e-06,1
0.43743514701492653,0.5624811605804414,3.5546938870793394e-05,1.519080135161099e-07,1.857958311240121e-05,1.5005926569619097e-05,1.4408048065871961e-05,1
0.47630111820289206,0.5236104979985398,3.6007687776506025e-05,1.7963447775271603e-07,1.8999306380242505e-05,1.5344918919376563e-05,1.7852251014200678e-05,1
0.28966361573217053,0.7102304513661649,3.063955420167656e-05,1.394238889104332e-07,1.785458410914922e-05,1.485306181722982e-05,4.244627764754025e-05,1
0.38799621261028683,0.6119290790282629,2.0253723475987856e-05,9.216364159058964e-08,1.1802450092622032e-05,9.818348035934068e-06,3.274167620402525e-05,1
0.4222577265952814,0.5776591004605788,2.2042202867197193e-05,1.003020351950542e-07,1.3884672947586647e-05,1.1512877850517407e-05,3.563288843934447e-05,1
0.9001779352502458,0.007721513258250707,1.6836493232932076e-05,2.3448697678193557e-07,1.4866725865856989e-05,9.378581962792537e-06,0.09205923520346505,0
0.8914586221766327,0.06840591028477543,1.9594861903687618e-05,2.6977035663896463e-07,1.6151012109252987e-05,1.3076588210633325e-05,0.04008637530601169,0
0.9082228900704481,0.06745219596445634,1.9384603445908297e-05,2.6687564375860434e-07,1.595476914566092e-05,1.2391379803086163e-05,0.02427691633705693,0
0.8515295953920842,0.14644313090818264,6.437171300257633e-06,8.862313018341819e-08,4.213073599816356e-06,3.845877682750435e-06,0.0020126889540199693,0
0.8591046329686093,0.13814386699188674,6.469011090672312e-06,8.041168564322355e-08,4.550625835589515e-06,3.489534917211474e-06,0.0027369104559749054,0
0.8558196492866458,0.14118724780585837,7.595931005185453e-06,9.441962729624987e-08,5.251101135201694e-06,4.097421707862483e-06,0.0029760640340205495,0
0.5583052522680066,0.44138673284922003,1.3057389957502054e-05,2.2948166044667594e-07,1.4170128079186481e-05,7.995039517938627e-06,0.0002725628435581624,0
0.5645689214887805,0.43512854236498655,1.4366704710864471e-05,1.8714356401885806e-07,1.479738166893956e-05,9.124013817708307e-06,0.00026406090247145644,0
0.5598959419123432,0.4399475896566765,1.391458081476232e-05,1.8334419055992955e-07,1.5362755622715395e-05,8.938778829160133e-06,0.0001180689715230147,0
0.757216716389378,0.24270399945634766,1.2719316170460243e-05,1.846936660379009e-07,1.1821074301292484e-05,8.63040911740149e-06,4.592866101933594e-05,0
0.6430585504997847,0.35684759006287536,1.6237332602340523e-05,2.1569480776760173e-07,1.1122849080241109e-05,8.476894423992711e-06,5.78066664256493e-05,0
0.6738235183608238,0.32609555230430315,1.4000473099574586e-05,1.8598063042897373e-07,9.590562264894211e-06,7.309115065730476e-06,4.9843203812412216e-05,0
0.360385966918962,0.6395391212414745,2.63358631858173e-05,2.496176941024886e-07,2.2786967747371796e-05,2.0556620457843453e-05,4.982770478297516e-06,0
0.252090980498278,0.7478376753941632,2.3706397348594186e-05,2.1190225295261325e-07,2.5745235600993276e-05,1.7450662717524803e-05,4.229909638791458e-06,1
0.35827265917087664,0.6416060973515069,5.0491208070907165e-05,3.5429577017505127e-07,3.432670944088473e-05,2.841825037374714e-05,7.653013960819457e-06,1
0.4030598517381238,0.596823815391048,3.885506744739947e-05,3.362297519645117e-07,3.805833698418385e-05,3.2177364539403675e-05,6.905872105261158e-06,1
0.35207531404317494,0.6478571234775854,2.234217240090886e-05,1.9082983271658518e-07,2.4287622979352553e-05,1.639470749111441e-05,4.347146535428906e-06,0
0.336859670186763,0.6630695481770736,2.3333431799242726e-05,1.9929641608047953e-07,2.01317126858208e-05,1.712209458632995e-05,9.995100675914628e-06,0
0.20079379249350662,0.7991176283808219,3.064395642977898e-05,1.553906233499995e-07,4.0684563402336034e-05,1.3150851829355179e-05,3.944363386690555e-06,0
0.14582301564382824,0.8541113458067486,2.7095255183531685e-05,1.5976865735120427e-07,2.1895774612569305e-05,1.2432257602100311e-05,4.05549336768782e-06,0
0.2575268208721501,0.7392385414595922,1.8163828526080766e-05,1.571397464229785e-07,0.0031980229361565932,1.2008357114407167e-05,6.28540671406002e-06,0
0.31399843637171077,0.6789167389158048,1.7292399893179812e-05,1.642101508345828e-07,0.007049797504804063,1.330627400242897e-05,4.264323633958577e-06,0
0.3472498122013396,0.6452154191377605,1.839044338668336e-05,1.7463726845879788e-07,0.007497449902879864,1.4218575073888542e-05,4.5351022910210004e-06,0
0.31235381818488706,0.6694599144220796,2.695731869892454e-05,2.5598907016904064e-07,0.018132275439718386,2.013094297448882e-05,6.6477025714236435e-06,1
0.09898879007242141,0.8634216320560736,0.0001664352154462359,1.2746506604953577e-07,0.036867608833984995,0.0005445534233596193,1.0852933648029606e-05,1
0.05332096802246157,0.9231516360199599,0.00018444204086668432,1.3550454182779566e-07,0.022994405407892857,0.0003367309934027059,1.1682010874423665e-05,1
0.03725775675899856,0.8271371410335148,0.00010862643956515069,1.277199468625103e-07,0.1352849811472717,0.00020035600920063448,1.1010891502255168e-05,1
0.058465666625147746,0.941472530854515,2.322615263080623e-05,1.1799417158452246e-07,2.3178311576631358e-05,1.2166018424234469e-05,3.1140435340198527e-06,1
0.08337217731522846,0.9165298729336603,2.0119309106799972e-05,6.428273282996194e-08,2.635039836341541e-05,1.6734152579219037e-05,3.46816083292154e-05,1
0.08145074964707344,0.9184342734164365,9.165669461163457e-06,5.952448268338605e-08,7.757851344224938e-05,6.6111427069263565e-06,2.156208639700969e-05,1
0.08955590434206587,0.5096439407403927,5.725875644193598e-06,2.0271500646504647e-08,2.6698552083941145e-05,4.062981544485684e-06,0.40076364723676805,1
0.22016869057471625,0.7797876782515697,1.358222465116905e-05,1.0570684947217933e-07,1.4900403182301337e-05,7.343349947068673e-06,7.699489083997292e-06,1
0.5976627277081997,0.4012530358065562,3.623699096074457e-05,2.066553987073473e-07,2.9342272453356084e-05,1.6181997276178955e-05,0.0010022685691551967,1
0.6170991012462768,0.3821315741672646,3.032253255701986e-05,1.7772576971217897e-07,1.4413729862373466e-05,1.3496676021906517e-05,0.0007109139222474523,1
0.5076397856917229,0.4905914816785679,2.9909493925174782e-05,1.538279128263353e-07,1.4227369047744642e-05,1.4170252417066768e-05,0.0017102716864064436,1
0.28998049553974387,0.708025972278929,2.620466075598078e-05,1.4750407292401333e-07,1.3174714307552853e-05,1.2493254604492038e-05,0.0019415120475858737,1
0.3111171621505701,0.6874051630976219,2.4825571169658784e-05,1.397412166625328e-07,1.2481360118635649e-05,1.1835764034979819e-05,0.0014283923152679811,1
0.4169700672029994,0.5822273059401654,3.0038974914374005e-05,1.996475645066112e-07,1.5102462736454237e-05,1.5575888087184717e-05,0.000741709883532675,0
0.4002285142584853,0.5982186906007729,2.8974970294547983e-05,1.766452701756039e-07,1.4054858108127213e-05,1.3891544040692257e-05,0.0014956971230282415,1
0.5788935890654532,0.42027767806831096,3.71687818220819e-05,2.221454751715471e-07,1.767510180031865e-05,1.7328586236529418e-05,0.0007563382509017808,0
0.8411717408531896,0.15768944951588637,1.5163592790271685e-05,1.3310425258126152e-07,7.756255673113469e-06,9.54102197925928e-06,0.0011062156562290184,0
0.8745864644948197,0.12422704161486835,1.2154938414556178e-05,1.3960268618538243e-07,7.737838460219563e-06,8.256321647721938e-06,0.0011582051891033665,0
0.8592412563825981,0.13953584487148635,1.3366152832773442e-05,1.5351380449488393e-07,7.892730908354304e-06,9.988707678031286e-06,0.0011914976406917892,0
0.9000604627315353,0.09359351358377076,1.6689745268824497e-05,1.6162686154691315e-07,7.636891551601665e-06,1.0836011776729795e-05,0.006310699409235314,0
0.7332347230717853,0.2590822098311405,1.7942070433376327e-05,1.6201913717627887e-07,9.62086690612813e-06,1.067261914534417e-05,0.007644669521452145,0
0.425500420599061,0.5718258880940057,3.659959025588249e-05,2.2261143111157476e-07,1.8505292464139217e-05,1.4548267102698983e-05,0.002603815545679474,1
0.42442786873154154,0.5709662741095852,3.055257695646308e-05,2.2490172437572157e-07,1.8056822280254254e-05,1.103165833095312e-05,0.004545991199581245,1
0.7955964969860385,0.17599367412032316,2.175178829796529e-05,2.0282911543111636e-07,1.686082373467254e-05,1.0305559589975798e-05,0.028360707892900277,1
0.7961897733743422,0.1748671599996072,2.2058969161597178e-05,2.0163647802007037e-07,1.734770558098836e-05,1.0239594955405754e-05,0.028893218719874415,1
0.808792492843692,0.14879595040357738,2.0399221595747637e-05,2.0688070452835625e-07,1.8118896753027824e-05,1.0505909641252947e-05,0.04236232584403605,1
0.15899128605599097,0.0012647708705641832,6.548792595301797e-06,5.9693925046477e-08,4.21276141933589e-06,2.9178201577142817e-06,0.8397302040053474,0
0.42451032851315995,0.006623122592735913,5.201260174424195e-05,2.0918486962992435e-07,1.2380223847944333e-05,1.3107963973451811e-05,0.5687888389196688,0
0.8830084436910988,0.010793147249419242,3.3707557558765495e-05,1.4884731625629106e-07,1.8191246850883395e-05,1.8305086019662857e-05,0.10612805632173632,0
0.8951210513282096,0.0928125043818008,3.1015358746397884e-05,1.3240841091199985e-07,1.618219957947554e-05,1.3795156227998126e-05,0.012005319167024828,0
0.7268680131358476,0.27309752383644625,1.4057272266318799e-05,1.652779146107122e-07,7.317812282543418e-06,6.935141287499168e-06,5.987523955383104e-06,0
0.7930063723652004,0.20696337151131372,1.161096337957246e-05,1.3235496535227788e-07,4.528066329845528e-06,5.553678402719949e-06,8.431060408280338e-06,0
0.9291948725906499,0.07030724164950738,1.0803348628539452e-05,1.002283895981142e-07,4.367441131043974e-06,7.465143965113854e-06,0.0004751495977285327,0
0.9451878540650326,0.05362113329339136,1.0388084365694831e-05,4.527521696304579e-08,3.865789042201264e-06,7.18550363780856e-06,0.0011695279893134348,0
0.9004723117410707,0.09560785050187559,5.812837348455261e-05,1.2409963749900218e-07,1.1882497255309161e-05,9.046777933438827e-06,0.003840656008742988,0
0.9427640213083369,0.05630410556940403,4.142094053476467e-05,1.903886309951294e-08,1.2628669187821548e-05,1.1259086395664113e-05,0.0008665453872777478,0
0.7876263385606882,0.21092875631920335,7.443521855482761e-05,3.125338839392083e-08,2.0730686541646775e-05,1.8482437645838393e-05,0.0013312255239778254,0
0.8502415800070209,0.14834709106056018,2.411989554328785e-05,9.741905947484573e-08,1.4447864352203356e-05,1.3134980035260503e-05,0.0013595287734286304,0
0.8433069353855275,0.15563665505138896,2.5423504664721773e-05,1.1422797859995967e-07,1.636184451708894e-05,1.5401321122034065e-05,0.0009991086648009006,0
0.9260004907634228,0.07394798056379846,1.2171563950885381e-05,1.0834981623319537e-08,1.490241382138887e-05,6.157445202739917e-06,1.828641482228111e-05,0
0.9116973428178302,0.08825456658166637,1.3232793857542618e-05,9.438022037917547e-08,1.5637499787233822e-05,6.694308421313846e-06,1.2431618216849907e-05,0
0.5516515544370713,0.05089581148361694,7.926546915836263e-06,5.653448945220907e-08,5.512657551287588e-06,4.0099430507168775e-06,0.39743512839730455,0
0.873164979321776,0.12678809754303888,1.8723907234906513e-05,1.6667799768836943e-08,1.3033731154820835e-05,1.0128194488690208e-05,5.020634506740479e-06,0
0.7691260890939868,0.2308163873663072,2.104008805771118e-05,1.5006416400510658e-07,1.449534695240435e-05,1.4598497821980253e-05,7.239542709795176e-06,0
0.6106419930141206,0.3892886328934367,2.9654145641789005e-05,1.2709178558454524e-07,1.695876815355715e-05,1.5344283280259175e-05,7.289803581509883e-06,0
0.5825998055035579,0.41734467423160376,2.342149832986875e-05,1.811516693744321e-07,1.4040713779889818e-05,1.2119253394209128e-05,5.757647664911937e-06,0
0.8007667772267444,0.1992074231053855,1.1161008147311124e-05,5.223814578210698e-08,5.283202461247156e-06,6.30691356824871e-06,2.9963055476981617e-06,0
0.8007661913850034,0.199207277365044,1.1160999981906877e-05,5.223810756462951e-08,5.283198596051176e-06,7.038509911643185e-06,2.996303355598154e-06,0
0.7859377884175992,0.2140307613273766,1.1991516348697124e-05,5.612526851552146e-08,6.830024829649155e-06,7.562262056514733e-06,5.01032652086365e-06,0
0.8042116486545943,0.1957622606693601,9.947988278917046e-06,4.6560709847519845e-08,5.666089673258413e-06,6.2735430710129785e-06,4.156494312624126e-06,0
0.6415246844539177,0.35842809291453115,1.9979606732843037e-05,8.655859630413511e-08,1.001671359738596e-05,1.1374824320767966e-05,5.764928303682186e-06,1
0.4861008999245196,0.5138201176743247,3.6994838204304195e-05,1.263486076774137e-07,1.4597697286568516e-05,1.5069693781586337e-05,1.2193823275791374e-05,1
0.4647761273100644,0.5351359321768271,3.4904275887103734e-05,1.833426710008585e-07,1.939150892688056e-05,1.5240610718542144e-05,1.8220774905066104e-05,1
0.426937678793805,0.5729849993209863,3.075377658577579e-05,1.1310880246527708e-50,1.7085646902610652e-05,1.3428335788567395e-05,1.6054125931807438e-05,1
0.28970882714785884,0.7101822154900976,2.9538758964441252e-05,1.3441477057081218e-07,1.7213117819502838e-05,1.4319432000061216e-05,4.775163848904636e-05,1
0.3589310104167165,0.6409717413544528,2.2231577194271092e-05,1.046086302016206e-07,2.6069915786412012e-05,1.4261738734793933e-05,3.458038848507572e-05,1
0.968913192926922,0.010360813522331556,1.7452453345950405e-05,2.5507005601494585e-07,1.3839183915194578e-05,1.0410016723720743e-05,0.02068403682670534,0
0.9731161298155152,0.012685145324516867,1.6098453349094864e-05,2.2163389171442717e-07,1.3899215316366326e-05,1.015167529857835e-05,0.01415835388211212,0
0.9125542556711098,0.043956664181773214,1.8969854997156168e-05,2.6116563480394755e-07,1.5635851851152034e-05,1.2451416137702784e-05,0.04344176185849608,0
0.9150195112199478,0.06737957432825756,1.9300868135444017e-05,2.657228260108572e-07,1.6640219124605217e-05,1.2608240287645758e-05,0.01755209940142099,0
0.910766137620326,0.06715803662942484,1.930006710164303e-05,2.6571179785586265e-07,1.64481019788429e-05,1.2421404933418041e-05,0.022027390464437583,0
0.831165117840022,0.16605928472807652,6.693009532115265e-06,8.319605129129832e-08,4.626907475596292e-06,3.610364882079397e-06,0.002760583953960234,0
0.8506611558631484,0.14627983101204364,6.850002607891072e-06,8.51475207942104e-08,4.735437492241042e-06,3.6950505955526712e-06,0.003043647486591558,0
0.8216992034589526,0.17491290504784077,7.395327156871e-06,1.0181444780661897e-07,5.662360441010819e-06,4.418326364580362e-06,0.003370313664796208,0
0.5129426928824181,0.48672444906543527,1.2929297784524972e-05,1.6541395523280843e-07,1.672000527790753e-05,8.727127259466031e-06,0.0002943162078693027,0
0.5695741290210312,0.4301116142394735,1.4719011877034896e-05,1.7532458606135253e-07,1.6250908703971267e-05,9.455548356369476e-06,0.00027365594597187465,0
0.5397478041130389,0.4600930440544608,1.5005169650661076e-05,1.7873313641978562e-07,1.6376258249687237e-05,9.816016748898233e-06,0.00011777565471452849,0
0.7691975195317481,0.23053444289935682,1.2361236159826646e-05,1.7451619818904068e-07,1.424807133491128e-05,9.353805269772063e-06,0.00023189993993223609,0
0.7944574377876771,0.20538802084687388,1.1642814450221897e-05,1.9188070528206254e-07,1.346115788401058e-05,9.297175468453282e-06,0.00011994833694096719,0
0.7079525582848415,0.2919202297642267,1.5308787849514523e-05,2.0336012898325814e-07,1.0486780127114862e-05,9.930672404843198e-06,9.12823504213641e-05,0
0.4477253212708304,0.5521801925092015,3.949659076610682e-05,3.4578576959026924e-07,1.8316572340717228e-05,2.789780179468051e-05,8.429469297200318e-06,1
0.28566695296089445,0.7142388452140138,4.6647909874818036e-05,3.5635433344978056e-07,1.669016440598742e-05,2.321565945865055e-05,7.291737018668994e-06,0
0.35156467610685654,0.6483606078632665,2.7018774769562347e-05,2.560904956054261e-07,2.123951530217283e-05,2.1089671306956e-05,5.111978002454337e-06,0
0.11047130109876398,0.8894701465701088,2.4977272850108672e-05,1.9649632822292778e-07,1.5142327757815598e-05,1.421366878725334e-05,4.02256540402797e-06,1
0.35336145723432855,0.6465176285255724,5.0868940076449006e-05,3.377607383811741e-07,2.9757703125174745e-05,2.7914804704278436e-05,1.2035031454596027e-05,1
0.3384765368091155,0.6614108467210943,4.683536101538033e-05,2.91573169585749e-07,2.7617700982756904e-05,2.7161234568577442e-05,1.0710600053854164e-05,1
0.2886600231929277,0.7112594726784883,2.688290765588527e-05,2.1319142629882833e-07,2.8208806287995996e-05,2.0402531901510195e-05,4.7966913124871346e-06,1
0.39948962693843526,0.6004234658094367,2.994355466983215e-05,2.2415293980646782e-07,2.3860670613475906e-05,1.925758582442558e-05,1.3621288080410373e-05,0
0.2768988763292056,0.7230177521223075,2.8549168288734253e-05,1.7201231690473148e-07,3.572652605654957e-05,1.4557561091334784e-05,4.366280733237292e-06,0
0.14202377387491671,0.8579058538987401,2.471394414024395e-05,1.6197144074045576e-07,2.8597699899178514e-05,1.2789357230517629e-05,4.109253632296547e-06,0
0.1085724065752786,0.8913675220166868,2.1420261055538682e-05,1.40385141461602e-07,2.4786419923594984e-05,1.0162737782878316e-05,3.5616041311625204e-06,0
0.17104461279290395,0.8270936614152907,2.0908192605849452e-05,1.8088191481924852e-07,0.0018207834753780094,1.5204523589568075e-05,4.648718316988005e-06,0
0.236508461855511,0.7603025316495817,1.835668240041781e-05,1.5880817270582405e-07,0.0031511178292396263,1.3021033273914432e-05,6.352141820860333e-06,0
0.08199414061090231,0.46530809961228836,0.00012347031678960305,1.0592483944202793e-07,0.4522839903487964,0.00028558814792772755,4.605038456270064e-06,1
0.15704016525096526,0.7924865106100775,0.00015151433072029975,1.7016169598958673e-07,0.049868966796663146,0.00044132285564761164,1.1349994230441436e-05,1
0.11459337130769137,0.8270691419560623,0.00015942782265322144,1.220984266469199e-07,0.057622066886725734,0.0005509625040344496,4.9074244062609595e-06,1
0.05112625134294193,0.8947358009127631,0.0001961496834267003,3.3892053673327065e-137,0.05363462443011693,0.0002991889787786427,7.984651972659952e-06,1
0.038386757573974646,0.8565493239286674,0.00012851727893811385,4.227385355952845e-94,0.10477275557301532,0.0001514891638507716,1.1156481553653456e-05,1
0.03544506500238574,0.932103101136052,1.801653592699238e-05,1.3299591743080397e-07,0.032410267434330474,1.1090301588482309e-05,1.2326593798743727e-05,1
0.027511970650461466,0.9634303780292961,1.0534966629772004e-05,5.172184738474843e-51,0.009036034425775094,6.389966012699312e-06,4.691961824968583e-06,1
0.04542905274757314,0.9545305614243959,1.2218455457346997e-05,8.192411268259146e-08,1.754779493653894e-05,8.422891236751976e-06,2.1147622874965855e-06,1
0.04046973443347209,0.9594877373112742,1.4243373842824575e-05,4.55086698293285e-08,1.368980732259418e-05,1.0892633059550302e-05,3.6569323587298027e-06,1
0.05554645109181609,0.9444005435655282,1.5975565921266072e-05,4.829962860366578e-08,1.4288887764841596e-05,1.2573413092304471e-05,1.0119176248808475e-05,1
0.06431129007268489,0.9356060076871903,1.6408494043562356e-05,4.960851916954923e-08,1.765028063359062e-05,1.2914144941663301e-05,3.567971198686496e-05,1
0.379751408905657,0.620164680200288,2.117472260437246e-05,1.650878785646299e-07,2.3270733764241034e-05,1.1615169571783877e-05,2.7685180236103172e-05,1
0.6382784291406941,0.36063187927224394,4.510194542211644e-05,2.683953286755326e-07,3.432120427681253e-05,1.864591934803572e-05,0.0009913541226865164,1
0.7016407608284279,0.29772845197183473,3.2681748497608e-05,2.0533372715433353e-07,1.593903734046511e-05,1.4169091733757825e-05,0.0005677919884387173,1
0.6493718335891681,0.34994657858230144,3.099032102077669e-05,1.9344092440956622e-07,1.4908642037629083e-05,1.2046169543769304e-05,0.00062344925500397,1
0.35456955407726853,0.6441264592978915,2.7281646932266016e-05,1.3587547165194337e-07,1.3011299588675282e-05,1.1508344202395777e-05,0.0012520494586452098,1
0.2812719522043399,0.7179770193723437,2.4983899132871792e-05,1.6605009418513428e-07,1.2560961442295298e-05,1.1911247994640672e-05,0.0007014062646523977,1
0.2772773696750413,0.7220459434650857,2.6298367534558853e-05,1.7133901252735886e-07,1.3414190327746018e-05,1.2284197568785496e-05,0.0006245187654293326,1
0.41004129247676624,0.5885752648223048,2.637925451681164e-05,1.3567149194792334e-07,1.2548102289994557e-05,1.249772717694304e-05,0.0013318819454532567,0
0.27928729108041445,0.7189208523512688,2.2470949302613108e-05,1.6929973874664437e-07,1.2362675883654372e-05,1.2137991274902829e-05,0.0017447156521169268,1
0.3470104223945772,0.6513086539700458,2.3765828952283014e-05,1.7896175398411892e-07,1.3594382964959472e-05,1.4075760721550998e-05,0.0016293087009842085,1
0.328555220445582,0.6707697835983141,2.5062337908545432e-05,1.7912877119136203e-07,1.3550306003631707e-05,1.2847550874581498e-05,0.0006233566325459832,1
0.6801405890752655,0.31819799941647997,2.4146970914764218e-05,2.0615393451222955e-07,1.20161572927558e-05,1.4777283085610925e-05,0.0016102649430267482,0
0.821841688412069,0.17690880709927123,1.6334661836302803e-05,1.4338376036341624e-07,8.957820790892355e-06,1.0277865526956059e-05,0.0012137907567455245,0
0.8637572888589876,0.13515171701498593,1.4765519558681534e-05,1.2961001208718764e-07,8.097313517512187e-06,9.290551955137223e-06,0.001058711130982748,0
0.8478946270341681,0.15065493020420018,1.4415297521340072e-05,1.4502878518393025e-07,7.992519158248078e-06,1.0636349459689586e-05,0.0014172535667070555,0
0.9437704025835417,0.05108994856818548,1.0916366183493611e-05,1.112352890678263e-07,6.6087311846780986e-06,7.94087928616185e-06,0.005114071636329324,0
0.9275131129101787,0.06598859257446352,1.569213728360567e-05,1.5583769568079442e-07,8.010228593623981e-06,9.887985010605305e-06,0.00646454832677414,0
0.8907839550735517,0.10649665807892221,1.2573281455516848e-05,1.1975020577137387e-07,6.599419643610902e-06,8.782429190444606e-06,0.0026913119670307017,0
0.48190077411580284,0.5155709125898785,2.9034439500961825e-05,2.1949367047901657e-07,1.9551726051947395e-05,1.573437124544618e-05,0.002463773263849777,1
0.44637506635073704,0.5512049896439475,2.790880408995185e-05,2.0811576960755544e-07,1.6869544508149257e-05,1.4918748107363164e-05,0.0023600387928402198,1
0.4190801970818198,0.5782064961375923,2.907179865261962e-05,2.243156133908509e-07,1.8637188063260875e-05,1.608003150860353e-05,0.0026492934467501087,1
0.45314964160492255,0.5440342870253911,3.0491811770898107e-05,2.3527231811544803e-07,1.954752222778526e-05,1.5332681007254303e-05,0.0027504640823621767,1
0.8147617505718167,0.1544978453176389,1.9843402144518152e-05,2.1211927492023834e-07,1.6198666002351704e-05,1.0165405420269559e-05,0.030693984517702368,0
0.8536125927257787,0.08889821303903402,1.474536080829554e-05,2.100850431354408e-07,1.1596008158215689e-05,1.0955645543531935e-05,0.05745168713563425,0
0.8932950611918271,0.10044792628244642,2.1973706007535407e-05,2.1569979643281312e-07,1.5287287643669237e-05,1.058174608510875e-05,0.006208954086193805,0
0.8584250566936787,0.13370011659172937,2.2008895606938295e-05,2.1604522698627333e-07,1.6507123499246684e-05,1.1527176365544356e-05,0.007824567473893129,0
0.8527211914647456,0.13869619891920035,2.1976461599353058e-05,2.1572684606176123e-07,1.7573874807559955e-05,1.058307307896762e-05,0.008532260479722126,0
0.8590906689834701,0.13262126299110183,2.4768811747904925e-05,2.3332661791966157e-07,1.763118886821542e-05,1.3777035166311317e-05,0.008231657663027562,0
0.9243887811887255,0.05532793577587972,2.70308641527662e-05,2.475538825581651e-07,2.1282398167312544e-05,1.535274467847141e-05,0.020219369474513728,0
0.1623807063290797,0.0012967922561115954,6.688401569714086e-06,6.096649667446873e-08,4.638461869185775e-06,3.3001814942436526e-06,0.8363078134033789,0
0.4020960284419563,0.011194759644494344,6.101770018288572e-05,1.0585650467907508e-07,1.3202491337226039e-05,1.0322580163842996e-05,0.5866245632853608,0
0.4540843199755256,0.011859208892718569,6.89993054892586e-05,1.197033857796114e-07,1.4757729632776592e-05,1.2609704923493927e-05,0.5339599846883245,0
0.8911015090498952,0.10471506048567737,3.185379445788132e-05,1.3164541526607582e-07,1.3233129459422396e-05,1.233956899193263e-05,0.00412587232610274,0
0.8922855235899424,0.1026511786864066,2.7136640062370912e-05,1.1203628262301579e-07,1.2293364609923082e-05,1.0501538821022824e-05,0.005013254143875124,0
0.8698902379179314,0.12855341053785752,2.2038578480029427e-05,1.9838852938394786e-07,1.0213400615380254e-05,8.678502251421875e-06,0.001515222674334824,0
0.8577218038541063,0.13890468493150032,2.755425769904321e-05,2.332083382483644e-07,9.893686161437964e-06,1.135119066006579e-05,0.0033244788715345113,0
0.7358044683520882,0.26416022010117585,1.4165487058617453e-05,1.844342339258928e-07,7.086782608480824e-06,7.770679264214119e-06,6.104163570634883e-06,0
0.7012688217474182,0.29869046649238046,1.8012112926628246e-05,1.785670190484574e-07,9.087623396572099e-06,7.523478709217939e-06,5.909978149883124e-06,0
0.8713466934078026,0.12862115321779058,9.794059313055093e-06,9.960275797074533e-08,2.970587125544218e-06,4.927317035155259e-06,1.4361808175110462e-05,0
0.8939119486289654,0.10606184849666606,7.652583653493271e-06,8.268361219082097e-08,2.4550530240875716e-06,4.090332227503826e-06,1.1922221851111553e-05,0
0.8820134869859296,0.11795105564453778,1.0376640103344865e-05,1.092753087198969e-07,3.308969970031129e-06,5.905982482321769e-06,1.5756501668077166e-05,0
0.9224882708176042,0.0774270633966781,1.1192977454213052e-05,1.0623071160101071e-07,4.628991656821489e-06,7.753968402209712e-06,6.098361749310247e-05,0
0.939381858131143,0.05898961223911806,1.2467854411706982e-05,5.433964470079112e-08,4.6397481256221675e-06,8.624093728660793e-06,0.0016027435938285167,0
0.9438222629095349,0.054493989473849445,1.0586026645008069e-05,4.613792459292046e-08,4.630503473174645e-06,7.32242156396426e-06,0.0016611625270090103,0
0.9142999787083042,0.0843165326008137,4.273779268704908e-05,2.0060498042119917e-08,1.3306329910180205e-05,1.186373956383267e-05,0.0013155607682231465,0
0.9065233396793233,0.09341218277884702,1.7785796048320574e-05,1.4978088262612448e-07,7.421868459716153e-06,8.993853054367565e-06,3.012624338462281e-05,0
0.8909389101851682,0.10900702141828272,1.58183806973117e-05,1.3321253747217675e-07,6.600881988200141e-06,7.998978013868515e-06,2.351694331204036e-05,0
0.9202272355506802,0.07972954749106564,1.5196244372466571e-05,1.0838413325631173e-07,8.852691866432458e-06,9.22475798498599e-06,9.834879896748676e-06,0
0.8010510654542874,0.19889904441288134,1.8130659858219864e-05,1.2931325700833035e-07,1.2655762851697494e-05,1.2579814196846114e-05,6.394582667410364e-06,0
0.789306568008696,0.21064493657459069,1.8828393265834147e-05,7.441270636069862e-08,1.2822393370061468e-05,1.0338441168359578e-05,6.431776202722399e-06,0
0.6615509162089841,0.33837799904028104,2.859746647603005e-05,1.225630682986544e-07,1.662595039897909e-05,1.4797513710445489e-05,1.0941257081119318e-05,0
0.6579274089777699,0.34200347690479765,2.945920696267202e-05,1.262563170767776e-07,1.7043357920564043e-05,1.5243413932992085e-05,7.241882299326686e-06,0
0.6917088312151175,0.3082264883777996,2.6020992605156287e-05,1.11520812395661e-07,1.5128044043627032e-05,1.3464339407721323e-05,9.955510214079724e-06,0
0.8172667470640639,0.18269900541650475,1.387208812150718e-05,6.4927124147661e-08,6.675529231384516e-06,7.838903048785356e-06,5.796071905659921e-06,0
0.8469740046023224,0.15300095655337773,9.866763015239163e-06,4.6180541935339286e-08,5.42778857559583e-06,5.575555605207438e-06,4.122556561889736e-06,0
0.5042238704873488,0.49567786429282373,3.852905613010162e-05,1.417053735445564e-50,2.065765133030988e-05,1.682333556298462e-05,2.2255176803924064e-05,1
0.5042248486330606,0.4956788258601072,3.852913087275709e-05,2.0228999879996884e-07,2.065769140416248e-05,1.682336819863418e-05,2.0113026357888808e-05,1
0.43710847502614,0.562792799452538,3.537755960683712e-05,1.695013186769134e-07,2.4496307310612522e-05,1.811518957698672e-05,2.0566963508960523e-05,1
0.36804611289226913,0.6318617727993838,3.397025487629877e-05,1.6275862612667865e-07,2.0837901855110194e-05,1.7394574806787437e-05,1.9748818182922378e-05,1
0.9515338151332046,0.030638282793389874,1.7023057055906172e-05,2.152471647430629e-07,1.1728391452842909e-05,1.0153890981863291e-05,0.017788781486749904,0
0.9766305437337565,0.00981213250770735,1.6148222892336626e-05,2.2231908906340986e-07,1.421871054608678e-05,1.018305994353726e-05,0.013516551446065275,0
0.9452840297350511,0.021025805970034495,1.7903423751263995e-05,2.4648364628321575e-07,1.4735663469486841e-05,1.1370214521729412e-05,0.03364590850952564,0
0.9466069720542255,0.02907307135063067,1.7594708496640162e-05,2.422334390222966e-07,1.4481571058826416e-05,1.1137724546414475e-05,0.02427650035760286,0
0.94278396679145,0.039707625311032974,1.9886514768403243e-05,2.737856591052863e-07,1.7169783001152496e-05,1.2990812378195441e-05,0.01745808700171005,0
0.9275684630568631,0.07052462495042168,6.116563929261563e-06,8.42091993662577e-08,3.519976671024237e-06,3.936583068150498e-06,0.001893254659847553,0
0.7118502146689053,0.28576637428419,1.0709605875147275e-05,1.4744345791268453e-07,8.784240620206422e-06,8.000857355172154e-06,0.0023557688995963556,0
0.7351787186151796,0.26252651582435815,1.3281953750943306e-05,1.181457316599081e-07,9.324595240341955e-06,8.41795408758925e-06,0.0022636229116515397,0
0.5686591133332968,0.43047344025574374,1.3915239529099556e-05,1.702288158459958e-07,1.4319776782606753e-05,8.422813236372474e-06,0.0008306183525956407,0
0.454444230626945,0.5449081950922126,1.5747550576361612e-05,1.854376363086186e-07,1.8743994443751978e-05,9.783562991902329e-06,0.0006031137351942077,0
0.5835048550324317,0.41623115040765235,1.4501311499818085e-05,1.7273146168318085e-07,1.601055092829134e-05,9.315696818700351e-06,0.0002239942692075121,0
0.7837240493443294,0.21601864956316275,1.1582900622545285e-05,1.635276403194633e-07,1.2272490114169886e-05,8.764835125027623e-06,0.0002245173390058463,0
0.7947248472142656,0.20496641566456117,1.4535042373294183e-05,1.6331428972549483e-07,1.1285396809844597e-05,8.441826608893024e-06,0.0002743115410917128,0
0.7862742990728168,0.21366524040384985,1.3106610064470595e-05,1.3668601157885218e-07,9.894035456147394e-06,7.06539281742768e-06,3.025779898384848e-05,0
0.4647095670677126,0.5352049710675065,3.777699980167298e-05,3.3073105034783063e-07,1.6210870520499224e-05,2.4541339935524788e-05,6.601923472832332e-06,0
0.3316246005453585,0.668299166118338,3.170397981836509e-05,2.775628186616862e-07,1.9017607844604302e-05,1.9693585730749225e-05,5.540600091164405e-06,0
0.30559604617939157,0.6943282748291647,3.107210926280632e-05,2.4506913148949836e-07,1.9287803861112773e-05,2.0182035332377206e-05,4.8919738559339195e-06,0
0.20335102435184446,0.7965493857373154,3.8046615665936934e-05,2.7203615253015084e-07,2.5004480436085378e-05,2.5341281437185697e-05,1.0925497148456004e-05,1
0.15180677701165118,0.8481193973177642,2.3703493849018303e-05,1.5526770790651463e-07,3.268462576240413e-05,1.334103990724772e-05,3.941243358181186e-06,1
0.20936454855107026,0.7905142620664919,1.9920791541322957e-05,1.6924887606335919e-07,8.341931353359578e-05,1.338389365203222e-05,4.2961348348490525e-06,1
0.3194229644302573,0.6788429777731885,1.9746693308804807e-05,1.7083349882886447e-07,0.001693331971504035,1.3975157392263242e-05,6.833140850533369e-06,0
0.26707157544099186,0.7301937565110999,1.854165521781864e-05,1.6040841802744082e-07,0.0026959335541136046,1.2258143542154425e-05,7.774286616719054e-06,0
0.39711483453901153,0.5967234755149464,2.241018750382582e-05,2.1280911226705545e-07,0.006116805296682188,1.6735277411143924e-05,5.526375332766768e-06,0
0.12785098654521543,0.7859125140116494,0.0001853237611686267,2.0309370628909838e-07,0.08535462050599482,0.0006837583555944924,1.259372667102744e-05,1
0.04011618510621326,0.8254861682923342,0.0003293852694591213,8.722951928976923e-51,0.13373056466459002,0.00033207702540904153,5.6196419944246956e-06,1
0.20677401690905117,0.7931334557383508,1.4835135580249546e-05,4.949321001927273e-08,4.5233274097600627e-05,9.661017979105419e-06,2.2748431730802167e-05,1
0.6121771730363388,0.38689163663365894,3.9284129750012714e-05,2.6984911891750426e-07,3.77614032654332e-05,1.8986684108803532e-05,0.0008348882637591571,1
0.4025883450521515,0.596788748290242,3.2582613008286236e-05,2.159665785422786e-07,1.6764412780032764e-05,1.4902813605927272e-05,0.0005584408516338522,1
0.23063380424282529,0.7683515424731923,2.881842403815909e-05,1.8832922376315734e-07,2.6319306147450276e-05,1.3600753949047068e-05,0.00094572647062406,1
0.42316240072658784,0.5750197193846842,4.796694225496868e-05,3.085845583580584e-07,4.3162889871841685e-05,2.4237628160657928e-05,0.0017022038438819235,1
0.2911580097239595,0.707148177373628,2.2208952595440786e-05,1.6723814341213737e-07,1.3306375956670502e-05,1.1996470162337233e-05,0.0016461338655548224,1
0.26799000694109926,0.7313451520653044,2.3364581153198134e-05,1.669943453258684e-07,1.263238990024836e-05,1.1977240356600985e-05,0.0006166997878408459,1
0.28362872070740913,0.7157718639012793,2.5384052482773694e-05,1.7775657577894287e-07,1.584223260690855e-05,1.2749133684234733e-05,0.0005452622159618168,0
0.35727549430629923,0.642134739576744,2.4928975527506556e-05,1.745698142742899e-07,1.555821826427046e-05,1.3617419299722076e-05,0.000535486934050841,0
0.8698017411911732,0.12868867094018258,1.3723462927747855e-05,1.3806840642599185e-07,7.348925349156716e-06,1.0125878240149672e-05,0.0014782515337207988,0
0.898888784571099,0.09766563173970579,1.3386945253512838e-05,1.346827843522902e-07,6.7745917751751425e-06,9.877578156351411e-06,0.003415409891225838,0
0.9277696875574645,0.06734507955475783,1.524250484820173e-05,1.3535010237188114e-07,8.041444849835404e-06,9.662390715318704e-06,0.004852151197261843,0
0.7799497453930933,0.21426373874161264,2.629796012190528e-05,1.9007919830924902e-07,1.1293019831673948e-05,1.2527571666905004e-05,0.005736207234475346,0
0.49316527935309895,0.5044281880637195,3.1227746275195047e-05,2.3607456415691913e-07,2.0310571154425435e-05,1.6922970151920484e-05,0.002337835221035932,1
0.44988873647367966,0.5468111835830645,3.260736614246142e-05,2.591825136597325e-07,2.1545381532811703e-05,1.6599538084610338e-05,0.0032290684749823,0
0.8791308313221393,0.11609362312907592,1.5138962072535702e-05,2.1158937145953978e-07,1.2980625109562123e-05,1.0380097895873598e-05,0.004736834274335304,0
0.8670418655514519,0.11926407065372456,1.6498581533566094e-05,2.143721273374448e-07,1.4146405856666166e-05,1.2431214592826112e-05,0.013650773220713293,0
0.9220619747422834,0.05879275195126173,1.8687040781819845e-05,2.4693075733044714e-07,1.5704554143904294e-05,1.5314099829014764e-05,0.019095320680942943,0
0.9378270300190147,0.04093480909301958,1.9006544501693192e-05,2.511526829118894e-07,1.5364188450991907e-05,1.5575934322715993e-05,0.02118796306800744,0
0.9631551970524713,0.018274599236367622,1.8155088889554427e-05,2.39901539320271e-07,1.4675903187913747e-05,1.4878163263268553e-05,0.018522254654281044,0
0.9535808024907209,0.022384130544121358,2.843476128135128e-05,1.255634703801554e-07,1.5345631635077944e-05,1.2878791315586009e-05,0.023978282217455345,0
0.8701821967180798,0.1272136362429621,2.7808718717420582e-05,1.1492791944811916e-07,1.2566885543165346e-49,1.0772581698063837e-05,0.0025654708106234154,0
0.840091873242511,0.1575857713788055,2.987640878013701e-05,2.628992046291162e-07,1.2399033448903103e-05,1.156179489856652e-05,0.002268255242351131,0
0.9343746638552589,0.06558548795984703,1.2709130137651298e-05,1.3364051576855372e-07,4.026747874311193e-06,6.3971113372536695e-06,1.6581555028920392e-05,0
0.7363702806021911,0.2635875701013442,1.8563610920125203e-05,1.8403441496758748e-07,9.365869823811422e-06,7.753833883491626e-06,6.28194742230452e-06,0
0.7195085270697329,0.28045707076837195,1.4260003528253547e-05,1.7615298800505958e-07,8.002871869015487e-06,7.035158553884424e-06,4.92797495579252e-06,0
0.7332805043176219,0.2666824807371865,1.564842059903165e-05,1.7591440006761654e-07,7.436304852376692e-06,7.381453365067462e-06,6.372851974703183e-06,0
0.9314034377548444,0.06852030366734391,8.817546491594276e-06,8.015523296503099e-08,2.7616439013315887e-06,5.694996148816991e-06,5.890423603707159e-05,0
0.807116975194449,0.1899354141752787,4.223017683038755e-05,9.083891206678497e-08,1.5411851504284636e-05,1.2277312901137639e-05,0.002877600450124324,0
0.9066329270625036,0.08992910797252004,7.388438160066082e-05,2.115064403752396e-08,1.7039268953440923e-05,1.0306725540150064e-05,0.0033367134382379345,0
0.9544449590020073,0.04444040052701351,3.898887212865189e-05,1.4662834791058815e-07,1.2139110673511329e-05,1.0823063048880129e-05,0.0010525427967803703,0
0.9366511398735949,0.062226793689298225,4.049870910508681e-05,1.5230650399416152e-07,1.2609195524784429e-05,1.1242184195436122e-05,0.0010575640417776135,0
0.9169223843407014,0.08303673223241671,1.5826585182065345e-05,1.1287991133344172e-07,1.1145119352518453e-05,9.607401306196613e-06,4.191441129799157e-06,0
0.9185799513886145,0.08135803635947722,1.860802683888996e-05,1.3271798025290087e-07,1.2988979808379442e-05,1.2911031481131365e-05,1.7371495799523124e-05,0
0.849460420529493,0.1504761173237607,1.9043097026321734e-05,1.358210301917326e-07,1.3292672291666741e-05,1.3212901471704127e-05,1.777765492638301e-05,0
0.8249663852046434,0.17497493832858466,1.760705723316668e-05,1.2557876740049398e-07,1.2290271981369624e-05,1.2216516678296967e-05,1.64370421117774e-05,0
0.8262647069370479,0.17369367312805906,1.5525522894704303e-05,1.1073264558329947e-07,1.0696145394398961e-05,9.74343713241237e-06,5.544096826165466e-06,0
0.844665439198067,0.15530322268958519,1.2499588143939516e-05,5.850325517742008e-08,6.4940860707211985e-06,7.0633244794759175e-06,5.222610398580445e-06,0
0.6698378839827047,0.3301088656474386,2.056462350445016e-05,1.0583306897918833e-07,9.907131796369811e-06,1.1639446135988919e-05,1.1033335351064376e-05,0
0.6136949757358714,0.3862404141640973,2.5153356404531292e-05,1.1241528855839736e-07,1.2169119618040214e-05,1.3622751719205598e-05,1.355245700095078e-05,1
0.45070966253971173,0.5491698879468686,4.1207781609658994e-05,2.2820625925872326e-07,3.2060059685388184e-05,2.1100572911246613e-05,2.5852892954147225e-05,1
0.295539270545876,0.7043642884243476,3.4125259553536246e-05,1.6350128609205857e-07,2.0746762334050836e-05,1.999603858953361e-05,2.1409468013276125e-05,1
0.30258702491961703,0.6973510243764919,2.420986322793796e-05,2.347449857956119e-07,1.4052049125481911e-05,1.4360938054486721e-05,9.093108497519812e-06,1
0.9661339827437764,0.016167550916408126,1.5979538113837192e-05,2.0205244343663943e-07,1.1063433453079933e-05,9.390601927252152e-06,0.017661830713877984,0
0.9640275837958969,0.014471063037355649,1.7781330506809337e-05,2.448027394076463e-07,1.0418416462998782e-05,1.138448531223248e-05,0.02146152413172593,0
0.9573366573053862,0.02021938493136925,1.7657917466223843e-05,2.431036623671298e-07,1.0481564237864656e-05,1.1268612857876834e-05,0.02240430656502031,0
0.9643514868300571,0.033447599503204334,6.171378565095166e-06,8.49638545371157e-08,2.6774267101032437e-06,3.880140317925549e-06,0.0021880997572909164,0
0.8780719867211391,0.11755732968668418,1.1427537257751152e-05,1.5732750843977218e-07,8.08330820186842e-06,7.574530753768334e-06,0.004343440888454899,0
0.6162670177872296,0.3807232351855052,1.0520918566402679e-05,1.448457237299447e-07,9.426600053849686e-06,7.85989416197938e-06,0.002981794768759368,0
0.6578695615676261,0.3396212753172423,1.272791459307738e-05,1.752303270072337e-07,1.2343014572891256e-05,9.508681297445576e-06,0.0024744082743414202,0
0.49978811373734644,0.4994860280115325,1.4434874643363553e-05,1.6998002459472044e-07,1.6847396735044715e-05,9.105265883316093e-06,0.000685300733834811,0
0.5909057342360466,0.40877304683298954,1.468523876928045e-05,1.7492229980827244e-07,1.6213620624081663e-05,9.433852385458867e-06,0.00028071129688520414,0
0.7883890104707213,0.21099196558938482,1.1732321365912621e-05,1.6563716559071366e-07,1.285693450782603e-05,8.877902501028817e-06,0.0005853911443534533,0
0.7887505023139986,0.21119693954186944,1.0330477568605802e-05,1.5851161114185528e-07,1.2196069988256401e-05,7.582564541951693e-06,2.2290520422278756e-05,0
0.7832965958683268,0.2166556985607253,9.020434394828813e-06,1.4752472075698708e-07,1.0986305820241845e-05,6.805804927821316e-06,2.0745501084344745e-05,0
0.7031519778732593,0.29678602752535443,1.0976115318594292e-05,1.4139574411953202e-07,8.288914045023719e-06,7.002632699597616e-06,3.558554357885623e-05,0
0.6820606251118502,0.31784122877432325,1.2925865514894968e-05,1.8419598911172034e-07,1.1047473079622483e-05,8.994831166266371e-06,6.499374807691975e-05,0
0.5506642106346489,0.44926854742336275,1.7616274179443494e-05,2.870240324027297e-07,2.196302083385421e-05,1.1741612073109349e-05,1.563401086952852e-05,0
0.377300514379888,0.6226126723772885,3.2799605187484804e-05,3.108826073633742e-07,2.543935317663235e-05,2.2057685210971566e-05,6.205716641026111e-06,0
0.36427833976219065,0.6356565138681995,2.041186911248339e-05,1.890609656489662e-07,2.3527638990123784e-05,1.6158878216884736e-05,4.8589223246450404e-06,0
0.33724288130166863,0.6626779601894948,2.380528838108751e-05,1.8490970629453543e-07,1.317303159908808e-05,1.7183380691899114e-05,2.481189845813499e-05,1
0.3451504717743767,0.6547757465007331,2.0638024461550188e-05,1.603077005660852e-07,1.3676716293573621e-05,1.6617068044385817e-05,2.2689608390130987e-05,1
0.37099003492415744,0.62894583973539,2.244852729700855e-05,1.7437094324522032e-07,2.2172956574291695e-05,1.4903334629605187e-05,4.426151008416983e-06,1
0.3190823377068975,0.6777402783559103,1.749275621857176e-05,1.520469843429149e-07,0.0031410887644960513,1.1957702251411447e-05,6.692667241895545e-06,0
0.2554205502045932,0.7257742197059337,2.062298194764652e-05,1.6645130854263127e-07,0.018763172017489334,1.394193491395269e-05,7.326703813746679e-06,1
0.2675316506977829,0.7267720712394221,1.791562248307524e-05,1.7626265018336963e-07,0.005622480139230179,1.4763731316584717e-05,4.0942307114906445e-05,1
0.04499315553388602,0.8521476470311293,0.00034761363156095016,9.891678072491338e-08,0.10212389372645139,0.00038580359278756566,1.7875674042045578e-06,1
0.05359447930595914,0.729884399023495,0.00046116972013163015,1.2570443650638284e-07,0.2154519627432815,0.0006050552674575901,2.808235238523155e-06,1
0.03159297181902252,0.9088740624724279,1.074003148514437e-05,8.936122053842272e-08,0.059512442133853066,6.611159255181552e-06,3.0830227356045007e-06,1
0.023479540652058872,0.9673597762671499,1.1088705640492042e-05,9.081005984477897e-08,0.009138898302679678,7.472253736750644e-06,3.1330086746373464e-06,1
0.3685232171012577,0.6306174347349616,2.9539879845784083e-05,2.1630738108252707e-07,3.0269026925539473e-05,1.8174458871654533e-05,0.0007811484907565524,1
0.22452405609348314,0.7746672330508884,2.663624949507306e-05,1.7406865082998987e-07,2.432636858116959e-05,1.2570884342191109e-05,0.0007450032845590412,1
0.2638092446487735,0.7354693282514602,2.4755085159805774e-05,1.7189904310808119e-07,1.2559063668215353e-05,1.2330809823082225e-05,0.0006716102420723866,1
0.30354743485948926,0.6957189664315323,2.5108694252196202e-05,1.7435450081399637e-07,1.3398545694723556e-05,1.3713389478743403e-05,0.000681203725051994,1
0.24335071378526624,0.755895358415787,2.7121510042955963e-05,1.6622431367078653e-07,1.2574140382376686e-05,1.1923745256441616e-05,0.000702142178951397,1
0.26085717160129074,0.738431736825148,2.707102585798783e-05,1.6264246832426116e-07,1.2733334885583473e-05,1.1660696443264128e-05,0.0006594638739063423,1
0.26796423868125013,0.7312748304434912,2.1429712493010965e-05,1.6697828818354128e-07,1.3880608208520197e-05,1.1977830003861555e-05,0.0007134757462651921,1
0.28111336068254916,0.7182255008183828,2.2945442316501522e-05,1.6399862221934844e-07,1.363291387477687e-05,1.1762379813756874e-05,0.0006126337644407878,1
0.6540811559688423,0.33966653293968074,2.965614250129668e-05,2.217946305802547e-07,1.229091765177221e-05,1.4617844323019009e-05,0.006195524392370144,1
0.8108140005626675,0.18397933447447154,2.390579301711124e-05,2.0960627247752132e-07,1.2847101525066854e-05,1.5024749502107048e-05,0.005154677712544215,0
0.7052884617350604,0.2903811471745762,2.3658062728486677e-05,1.769387269285888e-07,1.0310579699138377e-05,1.1530436286451183e-05,0.004284715072922322,0
0.38303140705545285,0.6144996478656785,2.9350229335055197e-05,2.1886446823504145e-07,1.882990813151951e-05,1.5689266975817056e-05,0.0024048568099580983,1
0.5306374428151763,0.46678759850168794,2.9708826680348563e-05,2.6690454278891357e-07,2.1117759711025376e-05,1.7695397336776026e-05,0.0025061697948646844,0
0.8461714996595322,0.13499153857035767,2.0946285449886722e-05,1.95608075096761e-07,1.714060514972073e-05,1.0809328676714071e-05,0.018787869942758686,0
0.8412602973559609,0.1410179852840856,2.226165988979518e-05,2.198015622585009e-07,1.7905815656022262e-05,1.0382358479065029e-05,0.01767094772436645,0
0.8345227873683461,0.14515991457129482,2.0751435880202458e-05,2.2637610368459547e-07,1.8431738800702267e-05,1.0738185490679424e-05,0.020267150324083945,0
0.8493251571695997,0.13762259164164675,1.5293910023868982e-05,1.9871938811551954e-07,1.3113482385914035e-05,1.0436651840306163e-05,0.013013208425115379,0
0.811575932637342,0.17596791594019934,2.0616211466110546e-05,2.24677796294956e-07,1.4826476430710118e-05,1.1799975626004633e-05,0.01240868408113941,0
0.8668567391338242,0.12152515101300508,1.6575126908331113e-05,2.153667094954827e-07,1.396103271476005e-05,1.25173601079742e-05,0.011574840966730431,0
0.8880219884077939,0.09711205791190007,1.7997166749195317e-05,2.3331907514706602e-07,1.5124785296374096e-05,1.4748745478456743e-05,0.01481784966370689,0
0.9372869146026338,0.029179072583038444,1.9274675296738588e-05,2.54695766113623e-07,1.5580935480638713e-05,1.5795668512334347e-05,0.033483106839271894,0
0.8663325163335217,0.1287683777681778,6.081997438257429e-05,3.255494437474314e-07,1.8667241805621488e-05,1.878405970754854e-05,0.004800509072961146,0
0.7654497805239263,0.23301814187194886,2.1425833513946048e-05,2.67395213430697e-07,1.1981689456704294e-05,1.175952060754826e-05,0.0014866431653330222,0
0.9419219563637136,0.05804512821117147,1.0498004424418268e-05,1.1038983082433754e-07,3.326177050882568e-06,5.284146310142055e-06,1.3696707498622781e-05,0
0.8455507438415996,0.15440867064284053,1.465018872424665e-05,1.6916819479919804e-07,7.553591426660358e-06,7.411967588220872e-06,1.0800599626220498e-05,0
0.8646947453946235,0.13527861815014558,9.820596384653963e-06,1.1194632622098945e-07,3.0731969508140438e-06,4.942554226238279e-06,8.688161342924857e-06,0
0.8950704246278516,0.10483225183911725,1.1174858777074347e-05,1.0158420026269279e-07,3.4999509919645754e-06,5.490302560205798e-06,7.705683650149522e-05,0
0.8613285108733516,0.13823790367388722,1.151024907659591e-05,1.0678667962012777e-07,5.08845368631428e-06,7.741981617229532e-06,0.00040913798170141857,0
0.7784215998027199,0.21717992580218093,2.4622102794689213e-05,1.1877016365808456e-07,1.1372201983194004e-05,8.69376168222417e-06,0.0043536675584753244,0
0.9010086716296399,0.09770406421902138,8.028952420767522e-05,5.447694879641522e-09,1.285525838591512e-05,1.0795294489449872e-05,0.001183318626560797,0
0.9089967873732521,0.09039771750309732,2.046664454663127e-05,1.7397506208231298e-07,1.0481715859243555e-05,1.0868187985631754e-05,0.000563504600196953,0
0.8933914883683735,0.10613716214036367,2.293934141614333e-05,1.931808278267305e-07,1.1638832155008588e-05,1.2600171839390583e-05,0.00042397796502442964,0
0.9116466192710149,0.08811882437651446,1.5428443150294925e-05,1.2992872662656918e-07,7.02346017900992e-06,7.918817182294222e-06,0.00020405570323278228,0
0.915278515759885,0.08462056020898048,1.6695298176276552e-05,1.4059738961108528e-07,6.932931431702814e-06,8.442414277569574e-06,6.871278985949915e-05,0
0.8824363492069475,0.11749154129233279,1.8637315789799273e-05,1.569518508586255e-07,8.378637311349746e-06,9.424446287695215e-06,3.5512149479979984e-05,0
0.918641552739761,0.08128523561847968,1.5080409838335693e-05,1.2699780711602697e-07,6.978861999035645e-06,8.40764565268227e-06,4.2617726462099036e-05,0
0.8816353618127705,0.11833047481911789,1.5215925428645449e-05,9.835240834266009e-08,6.8239973653726385e-06,8.556007806756353e-06,3.4690851023708195e-06,0
0.8660090656098738,0.13394102015403983,2.063483289136239e-05,1.333790389635536e-07,9.097699839061058e-06,1.326220269396335e-05,6.786121623271724e-06,0
0.921709766595066,0.07823594164056803,1.607054124215476e-05,1.1461987849094037e-07,1.3404123486895711e-05,1.1150417273831572e-05,1.3552062484682323e-05,0
0.8090292795096691,0.1909129764109341,1.726691545631982e-05,1.2315277511159627e-07,1.2052842472604268e-05,1.1980512010690858e-05,1.6320656682068487e-05,0
0.8333556009695662,0.16659097439694096,1.6399295996774258e-05,6.48125403108357e-08,1.1168144901895745e-05,1.029179568662992e-05,1.5500584367140798e-05,0
0.8990751125971631,0.10088880141323334,1.420606437332963e-05,5.535911411028253e-08,6.051886184340997e-06,6.6837201566209115e-06,9.088959775285127e-06,0
0.8174490906689936,0.1825037900251369,1.6093946903693418e-05,9.875394761122253e-08,4.578719536390763e-06,8.51596850872809e-06,1.7831916972989198e-05,0
0.7213872544845621,0.2785276936895307,2.5987891107625776e-05,1.1972002998296444e-07,1.0613321730533751e-05,1.3013191902092006e-05,3.5317701136926425e-05,1
0.6702745307516791,0.3296181210854025,2.8914555428822084e-05,1.4168031486039652e-07,1.6402926549307056e-05,1.4232369078259322e-05,4.765663154700868e-05,1
0.5354885349423947,0.46435628642237065,5.4987760030051305e-05,1.7043443554898915e-07,1.9731912161102373e-05,1.7120838507227647e-05,6.31676901007536e-05,1
0.4379502090891242,0.5619196867616675,3.873678441066538e-05,2.0905859446770613e-07,2.5852032772031127e-05,1.7386275795557103e-05,4.7919997635566205e-05,1
0.2779569908958853,0.7219389686598521,4.026007091282584e-05,3.5047006578600413e-07,2.8114147504509735e-05,2.0632942040579467e-05,1.4682813738712851e-05,1
0.9825655001640992,0.005081067616943237,1.52859369498583e-05,2.0454214438736969e-07,1.13661443300033e-05,9.43915518679488e-06,0.012317136440346621,0
0.8814497104847672,0.1133441534118615,1.3967849599754737e-05,1.7645052168664454e-07,6.8247480915388105e-06,8.495207966416143e-06,0.005176671847191751,0
0.736866678068502,0.2603086239019006,1.2360558445292152e-05,1.6352312452350006e-07,6.79497399294697e-06,8.873402808820195e-06,0.00279650557122566,0
0.7307038564200632,0.2672407797069232,1.3134100733597033e-05,2.2046788208630666e-07,1.1380150903993622e-05,9.428713666672257e-06,0.0020212004398273164,0
0.5563684599785732,0.4419093711904935,1.4600677995830374e-05,1.7861396640577436e-07,1.702687157747829e-05,8.091951852715955e-06,0.0016822707155408126,0
0.47603049687985777,0.5230013986034314,1.3573763439435867e-05,1.6862181180924645e-07,1.53345861678214e-05,1.049329019700262e-05,0.0009285342550947126,0
0.5147310250154077,0.484363894010466,1.3304728872109617e-05,1.6461171743904851e-07,1.336373963309238e-05,1.017441680483357e-05,0.0008680734770987812,0
0.5393377728081086,0.46033226603706856,1.4490363724541903e-05,1.706334445665919e-07,1.551752546567702e-05,1.0618473564837034e-05,0.00028916415862320204,0
0.6661355831050262,0.3335744531198343,1.7775605235428573e-05,2.661305735559581e-07,1.517819341123637e-05,1.273062734040832e-05,0.00024401321857900308,0
0.8244444365663655,0.17548782294861517,1.1853608659271975e-05,2.3258206171831223e-07,1.455008611500562e-05,8.700541878829859e-06,3.240366630452874e-05,0
0.795692737680801,0.2042477325364454,1.3263608458538123e-05,1.487892047214831e-07,1.1080473139911809e-05,8.529073983130288e-06,2.6507837967239572e-05,0
0.7233353110198036,0.2765797507307743,1.132536712184325e-05,1.5650213631752457e-07,8.052043781476418e-06,8.454072669115021e-06,5.6950263713318694e-05,0
0.523434086567909,0.476501331346284,2.226658503154979e-05,3.4588790636641005e-07,2.2008388761305713e-05,1.4260208997742233e-05,5.701015110150824e-06,0
0.4050853146158606,0.5948598661890127,1.6748583260584778e-05,2.2489596813765235e-07,2.1590167005781778e-05,1.1587253377081099e-05,4.668295515120627e-06,0
0.4176776035732593,0.5822721077009828,1.6460523525118854e-05,2.2354222146195624e-07,1.719103159189537e-05,1.1773433406150425e-05,4.640195013421576e-06,0
0.42267515000673844,0.5772739595588174,1.665747502534869e-05,2.2621692228872262e-07,1.7396723680446234e-05,1.1914303492612675e-05,4.6957153234443895e-06,0
0.25327246688283683,0.7466422157544207,3.479130363851669e-05,2.5948211036421683e-07,1.9874367361338055e-05,2.3471667388022e-05,6.9205422443141234e-06,1
0.3130078419902425,0.6869125759455852,2.8985744009650744e-05,2.16982913481105e-07,2.021492336476454e-05,1.892119979959185e-05,1.1243214084906013e-05,1
0.29812968083806646,0.701788806538603,2.763350186570482e-05,2.3602434193871777e-07,2.4693413349826378e-05,2.05816377877079e-05,8.368045985592259e-06,0
0.3377489226661635,0.6621823693093487,2.4290800514105998e-05,2.0747353101931234e-07,2.1809124316969825e-05,1.7732584351615245e-05,4.6680417739521225e-06,0
0.3382080240067481,0.6616853540679756,3.5362838191412855e-05,2.7206207839926675e-07,1.8587441902724157e-05,2.0242273365152275e-05,3.215730973869619e-05,1
0.36099852658628856,0.6389146181506428,2.5555401680179392e-05,1.843069012551373e-07,1.2979034771108136e-05,1.6835880712112228e-05,3.1300639004224035e-05,1
0.30775272627195127,0.692168239828038,2.244030615664658e-05,1.774902461858681e-07,3.6440179586698e-05,1.5470594076162273e-05,4.505329944995251e-06,0
0.3250687768611707,0.6729411716910275,1.8064687224272486e-05,1.562820506456908e-07,0.0019558934482704887,1.1970039293462642e-05,3.9669909629961196e-06,0
0.3263602567082511,0.6716556153623423,1.7873880024037352e-05,1.5463133064370582e-07,0.0019503307217438345,1.1843606454856875e-05,3.925089853410878e-06,0
0.24686492146323036,0.7509959906829164,1.8131986033300772e-05,1.5686426918899453e-07,0.0021039058974520295,1.2861648325755604e-05,4.03145777281553e-06,0
0.47918514403344026,0.5149488492797388,2.724210063237085e-05,2.779272787956729e-07,0.005805828861494518,2.5987001370457435e-05,6.670796044758562e-06,1
0.18420978727520565,0.8093831770710976,1.9552032964597006e-05,1.914605938111135e-07,0.00635652441603183,1.4980596746375642e-05,1.57871473602407e-05,1
0.10954481230024143,0.5783541756743683,0.00014143314885243843,1.3165915927528374e-07,0.3110704790532618,0.0008801863364000085,8.781827716683594e-06,1
0.15778255044249762,0.7132189598884705,0.00021727994891762635,1.907226442286943e-07,0.12754636002929462,0.0012251638322786896,9.49513589662534e-06,1
0.16197986569031073,0.6263529284861227,0.00034376840654197423,2.290797606328075e-07,0.20970858966810813,0.0016070356582747907,7.583010880996467e-06,1
0.015744697257973582,0.019853617021290744,3.3884985885307504e-05,1.0801703666030512e-08,0.9642924746912376,7.513284363612964e-05,1.8239827301712658e-07,1
0.0845593867041679,0.8069897147278866,0.00026436445482889,1.241903265091991e-07,0.1075230962652083,0.0006610693611341616,2.24429644756375e-06,1
0.0706053046963792,0.6991143657384301,0.0005583309058891944,1.3714723760139688e-07,0.22917910425300586,0.0005396917856637565,3.0654733943398033e-06,1
0.04428289162828259,0.9556730298407454,1.3133819591788638e-05,4.3767457878422963e-08,1.1334536912991379e-05,1.0545821282130212e-05,9.020585727242277e-06,1
0.3087005852566803,0.6907337871263446,2.346690477863068e-05,1.6025009090286645e-07,2.049207090300765e-05,1.2379412107723475e-05,0.000509128979094891,1
0.2562883170016102,0.7431371031686421,2.6066200001113785e-05,1.5336612641479826e-07,1.2007086881213113e-05,1.0995626561918499e-05,0.0005253575501768863,1
0.2791708719913377,0.7200711939408873,2.745867880525438e-05,1.648097125383851e-07,1.246713201018925e-05,1.1822271872856858e-05,0.0007060211753742012,1
0.30564501413571116,0.6935465001346854,2.922120734305074e-05,1.7538858356546933e-07,1.3954869288872294e-05,1.3794722506901523e-05,0.0007513395418808745,1
0.23217498455012275,0.7671506707153644,2.28385388201871e-05,1.5859056609311744e-07,1.1586737079679195e-05,1.1376154717741127e-05,0.0006283847133289705,1
0.24073833443017703,0.7585887321321293,2.108666519976784e-05,1.5878708028250034e-07,1.2748635418515668e-05,1.1390251242381432e-05,0.0006275490987527851,1
0.29423195423074716,0.7050514596120531,2.229329749498641e-05,1.7370726065005797e-07,1.4439975725517207e-05,1.2458706960601463e-05,0.0006672204697582164,1
0.40374588589293986,0.5955742007633512,1.9082020024329e-05,1.7368382520878693e-07,1.5479256094790267e-05,1.2745292246718684e-05,0.0006324330915178936,1
0.5217341780405803,0.4776427168857551,1.9836172152240235e-05,1.8054808937987412e-07,1.3582285312508297e-05,1.4409668194757567e-05,0.0005750963999156779,1
0.5678359804225187,0.4315179931912221,2.360592552940019e-05,1.8627982429393168e-07,1.4013472699789912e-05,1.4867121932293953e-05,0.000593353586273436,1
0.6972117384208156,0.29898477843717025,1.9540121292307747e-05,1.829992132485335e-07,1.0872382474141885e-05,1.234005087675195e-05,0.00376054758815768,1
0.5823061527216301,0.41199556029430345,2.6770496864288438e-05,2.0021324291266498e-07,1.1094968687907024e-05,1.3195477314520142e-05,0.005647025827956804,1
0.6558753846121183,0.3397580494593462,2.0598366470221206e-05,1.7704450868129406e-07,1.1054962080269205e-05,1.1932256514794923e-05,0.004322803298961765,1
0.7020395453215162,0.2933558982217454,2.182944317665698e-05,1.8752739935579963e-07,1.114141188906855e-05,1.2359389958684304e-05,0.0045590386843146315,1
0.6127701784289794,0.3845335073906137,3.039857320228048e-05,2.233869581825997e-07,1.856976065066276e-05,1.742542883663909e-05,0.002629697030758982,1
0.599197098830998,0.3991659428838987,2.5187758031887516e-05,1.8422111080047374e-07,1.6418372572801902e-05,1.3064263577646753e-05,0.0015821036698103945,0
0.44437636300940836,0.5524129990436197,3.7356782813361956e-05,2.6637784820109733e-07,2.214351689989688e-05,1.7368926713497397e-05,0.0031335023426968776,1
0.8517655449532608,0.12950327589323465,1.968802616668436e-05,2.018538436893908e-07,1.5879919701186216e-05,1.0419229713298972e-05,0.018684990124079575,0
0.8418096141124108,0.14717864977865383,2.663241606304559e-05,2.294040514568017e-07,1.804730516732919e-05,1.088752116077271e-05,0.010955939462492657,0
0.8283117089599203,0.1664133935159631,1.5027814123991902e-05,1.95261906391023e-07,1.2885323341526035e-05,1.1153447843438078e-05,0.005235635676901328,0
0.8836931526365561,0.10957708221525288,1.7909436062093153e-05,2.3218171596926047e-07,1.5051056590916446e-05,1.4676849852175578e-05,0.006681895623969741,0
0.920000575639536,0.06355421185395571,1.7531522038646823e-05,2.3166172026392384e-07,1.4733458351995303e-05,1.3179865352712447e-05,0.016399535999044576,0
0.9118010196941523,0.027177565925989543,1.795254996842012e-05,2.3722518784394511e-07,1.4512178206095467e-05,1.4678718996818211e-05,0.060974033707498904,0
0.9521694186400423,0.018900936448356744,1.9104018978979347e-05,2.524407117002718e-07,1.5442983217607848e-05,1.2564213852536249e-05,0.02888228125484005,0
0.6227194558096045,0.003615238436709954,1.4696759511458328e-05,1.9023087548473684e-07,1.1637315541518797e-05,1.0297400197695856e-05,0.37362848404755916,0
0.04024623686819719,0.0010160474247505095,8.661038327949285e-06,1.558800297530036e-08,1.8553947931209486e-06,1.4934494833262663e-06,0.9587256902364449,6
0.08006784578561627,0.0011414332048470342,6.320910818832504e-06,2.5790550765280948e-08,3.1519699998059935e-06,2.716808992882928e-06,0.9187785055291744,6
0.9019926588357189,0.031164591812745196,0.00010211089491648775,5.465662453507925e-07,3.161532563126707e-05,3.1281852445019094e-05,0.06667719471229748,0
0.9202607161399932,0.07306164232454104,3.0885431298968206e-05,1.2764336237557808e-07,1.3870302823704791e-05,1.1964443070138478e-05,0.006620793714910483,0
0.7486800590150713,0.25128508261920257,1.5948692543125468e-05,2.0569435699096932e-07,6.705474053794191e-06,7.593682257914671e-06,4.404822514324977e-06,0
0.8759004561038822,0.12407286102727136,1.0258206420032587e-05,1.1693470308317536e-07,3.8181806351522545e-06,5.040763108574847e-06,7.448783979464123e-06,0
0.9292732286865296,0.06833372620081334,1.0623173875380336e-05,4.6299826331053684e-08,4.646752287297809e-06,7.348116538088258e-06,0.0023703807701301776,0
0.9055801521625482,0.09201533626233542,1.024624830493382e-05,4.701976001124677e-08,5.1316674256676375e-06,6.6867165934457556e-06,0.0023823999230323935,0
0.9225121129797453,0.07721687282190495,1.6436389745577974e-05,1.3841702426988732e-07,6.904852126274561e-06,8.43615679587732e-06,0.00023909838265766058,0
0.9194194152430746,0.08049163053943433,1.514187169318531e-05,1.2751540052833218e-07,6.318580266826599e-06,7.771731247802425e-06,5.95945188829141e-05,0
0.8965017833639716,0.10346024941126972,1.562939609697088e-05,1.1782794892349581e-07,7.009429580096809e-06,1.0045161020375098e-05,5.165410112186708e-06,0
0.9073155927246725,0.09264708529186685,1.5406299156882488e-05,1.2974224372362962e-07,6.792489481161109e-06,9.901774502275709e-06,5.0916780765289886e-06,0
0.8644263003623094,0.1355404385947752,1.373496993456227e-05,1.0354612077615767e-07,6.0556164627570915e-06,8.827595368795387e-06,4.539315028577368e-06,0
0.8494978849249849,0.15045778076455327,1.4708626408921233e-05,1.0165727997841743e-07,4.550928384453598e-06,7.782938520585892e-06,1.7190159867826056e-05,0
0.8124054337103359,0.1875468878361598,1.7278718494358596e-05,1.987946090234416e-221,5.483828628152227e-06,9.736129509050465e-06,1.5179776872854702e-05,1
0.6486979380302265,0.3512274259172111,2.9482281766728547e-05,2.8588472986416325e-07,9.354375729288959e-06,1.7043239428294268e-05,1.8470270908262946e-05,1
0.6449569719749064,0.35497020959801767,2.979645371039522e-05,2.889312023847334e-07,9.454058733064319e-06,1.722485724539302e-05,1.6054126184854028e-05,1
0.5228506287869664,0.4770375330159911,5.845235574663741e-05,3.585338865053795e-07,1.1731513913482314e-05,2.1374275127501482e-05,1.9921518368372763e-05,1
0.4103794089836761,0.5894981652187004,3.694000862663002e-05,2.520285860992043e-50,3.243131841935105e-05,1.8972867836044805e-05,3.4081602741582984e-05,1
0.32594253910577287,0.6739677905403589,3.46725355426731e-05,3.557791117255542e-07,2.4080950322939702e-05,2.098408743531767e-05,9.577001455562298e-06,1
0.931265719182732,0.06130043743424353,1.4886432901506808e-05,1.874398303024743e-07,7.246502645418808e-06,8.90499371821339e-06,0.007402618013928894,0
0.9187943661542306,0.07481293968698838,1.4687076309477715e-05,1.8492966779229833e-07,7.149458707419781e-06,8.757096869737454e-06,0.006361915597226653,0
0.7614451387229505,0.23628574321101736,1.3545311707594982e-05,2.2737043402852454e-07,1.158358595117192e-05,9.723913970755674e-06,0.0022340378839685294,0
0.5346418427958572,0.46389461020051437,1.178613412664616e-05,1.4476798472289483e-07,8.424171659993451e-06,6.1876441442467e-06,0.0014370042857126462,0
0.506650174556914,0.49187130494741216,1.4590733774056405e-05,1.7921662025913894e-07,1.5985501713027152e-05,9.578416578551836e-06,0.0014381866269880083,0
0.5430283680324699,0.4550796000077144,1.4876438270451453e-05,1.8405756905038765e-07,1.8454990390781904e-05,1.0508284180143827e-05,0.0018480081894053798,0
0.5138926100545462,0.48500902187109857,1.407825473062674e-05,1.7418210562793824e-07,1.5840243198583173e-05,1.0839305792459136e-05,0.001057436088527932,0
0.624408851372467,0.374748812925749,1.3049439651776846e-05,1.764858192891947e-07,2.0842992036523066e-05,1.3058402356152303e-05,0.0007952083819203135,0
0.6558855121224579,0.34318859786657485,1.3176589161488483e-05,1.782054399006914e-07,2.000923608594671e-05,1.0544804927829865e-05,0.0008819811753520024,0
0.6916762605354705,0.3075271309487484,1.2079048018557606e-05,1.633618563459462e-07,1.9293050765233058e-05,1.0595318568191482e-05,0.0007544777365728705,0
0.6065670040218151,0.3925505953153894,1.4383587254001129e-05,2.0454629152816838e-07,2.0296320533594804e-05,1.096337302475493e-05,0.0008365528356916389,0
0.684422125367094,0.31468574998937776,1.5727942504290454e-05,2.1357411870404786e-07,1.8403243055102713e-05,1.1447250958658006e-05,0.0008463326328916658,0
0.708187752640869,0.2917291539996322,1.6448721468249183e-05,2.4626490184888565e-07,1.4051572832581936e-05,1.1780332678692363e-05,4.056646761732148e-05,0
0.8303717517226077,0.16956584481668263,1.3281955291769612e-05,1.6087262336578892e-07,1.2455112252939476e-05,9.221734258983888e-06,2.7283786282574253e-05,0
0.7957054623434989,0.20425099885192155,9.823164550904138e-06,1.4879158414805509e-07,1.1519771631018358e-05,8.529210379485845e-06,1.3517866433763302e-05,0
0.6339312277639509,0.3660094395120526,1.6078653942918263e-05,1.9115034048514419e-07,1.7986561470940698e-05,1.091313861131305e-05,1.4163219630661293e-05,0
0.6528488921890231,0.34707910184948515,1.888029499012644e-05,2.870245951353233e-07,2.326813429561746e-05,1.2814709302234819e-05,1.6755798308360933e-05,0
0.5339953507158549,0.4659421272874757,2.0949113174097568e-05,3.160057126271351e-07,2.1711656589828517e-05,1.3963018380637434e-05,5.5822028123101845e-06,0
0.4496464607346004,0.5503024045255221,1.6737441166324157e-05,2.2730290286328438e-07,1.7480238670336646e-05,1.1971499488480292e-05,4.7182576495150445e-06,0
0.5117422000466384,0.4882073080239521,1.520124156500824e-05,2.3861515008167773e-07,1.9967721672584902e-05,1.0799145560492466e-05,4.285205461425852e-06,0
0.7374476095455207,0.26244601802408063,4.3570418442666995e-05,4.308668483026143e-08,1.8291685654395638e-05,2.9994804663499306e-05,1.4472434953334776e-05,0
0.27062795701264386,0.7292750563038689,4.336553601762978e-05,2.7886881180121655e-07,2.1358234234609283e-05,2.5728230823433272e-05,6.255813599596134e-06,1
0.2586215365905422,0.7412811545826096,4.372501961984681e-05,2.8118052691460816e-07,2.1818118411647888e-05,2.5176836403247152e-05,6.307671886477837e-06,1
0.2049016769705771,0.7950271835299607,2.7648637580697965e-05,2.0621034792707113e-07,1.472163326380712e-05,1.8652926368291037e-05,9.910091901116674e-06,1
0.3158491637283687,0.6840659044201444,2.927591251778093e-05,2.500525637411273e-07,2.4785159359481483e-05,2.175532216866498e-05,8.865404877367626e-06,0
0.2588915303333025,0.7410241223523132,3.319898571047124e-05,2.6417515100626695e-07,1.7941975002123563e-05,1.9664502357843004e-05,1.3277676162907368e-05,1
0.3431335358661199,0.6567503235029948,3.6264606134509376e-05,2.2866176206578494e-07,1.6285895794599513e-05,2.0636742190054857e-05,4.272472500399323e-05,1
0.4183730979112014,0.581544402993817,2.4998392503996844e-05,1.8028972177513306e-07,1.3687300100092698e-05,1.8115291806197744e-05,2.55178208495174e-05,1
0.4156467064327423,0.5842668863046955,2.552675422459831e-05,1.8410029429849186e-07,1.4211959486464764e-05,1.7013328257176975e-05,2.947112029956261e-05,1
0.29486515275875064,0.7034719993774121,1.837443015821901e-05,1.5896171292210895e-07,0.0016271954868975584,1.303362237579166e-05,4.08536269255681e-06,0
0.46371719669478983,0.5331245672133617,2.1170407487038685e-05,2.0079077806332705e-07,0.003108697359793449,2.0099354517249397e-05,8.068179272684218e-06,0
0.49391380572243104,0.5028208735474543,2.167503729171367e-05,2.2113141029669714e-07,0.003217603939154233,2.0578454097658634e-05,5.24216816099805e-06,1
0.506761054328682,0.4875752210949714,2.3858990410394526e-05,2.434123700319035e-07,0.005611092052306484,2.2759757951848274e-05,5.770363307782779e-06,1
0.33031986571430344,0.6665251902494839,2.0742445399381913e-05,1.8832216167038154e-07,0.003113529018428179,1.559376908860553e-05,4.890481134860814e-06,1
0.2087843228649816,0.7851144556804199,2.1199431429216413e-05,1.6767562247619253e-07,0.006059103034817294,1.4044483252715583e-05,6.706829476860738e-06,1
0.19007038232244494,0.8016905942698443,0.00010744355140542125,1.4050602169607934e-07,0.007997845984210133,0.00011907045112578955,1.4522914947765244e-05,1
0.0983423438695395,0.8427588504037173,0.0002302026920725731,1.3076268403368932e-07,0.057891052991205075,0.0007727913617319702,4.62791904963903e-06,1
0.07991695226518132,0.8918123277588591,0.0003000497255523698,1.2987461804706587e-07,0.027218681936890123,0.0007467974174107353,5.0610214882856444e-06,1
0.06391798131175118,0.7267797223723125,0.0005523612615565854,1.5283034170002084e-07,0.20818516198808595,0.0005615911196839033,3.0291162681511243e-06,1
0.032366001344624876,0.9384686722447371,1.0245862621386386e-05,8.474823686268897e-08,0.029145276602831997,6.3500693842450385e-06,3.3691275633148885e-06,1
0.27612817699562564,0.7237498962658366,2.6337862506239456e-05,1.902164128255073e-08,3.103075408585306e-05,1.4585503376717967e-05,4.9953596927622106e-05,1
0.15138627354054993,0.8478614297830049,2.329169763525913e-05,1.7407756583638835e-07,2.399807426518767e-05,1.344759253524685e-05,0.0006913852344437072,1
0.21931701043409418,0.7800747355564521,2.3964766594599495e-05,1.766138752582514e-07,2.4334969157088045e-05,1.3636932827894018e-05,0.0005461407269990233,1
0.2632404953195693,0.7360513946337758,2.420932932749197e-05,1.7832275583014066e-07,2.495363898654747e-05,1.4793728532750896e-05,0.0006439750270524439,1
0.2088661310289981,0.7906722662867055,2.2494503689413175e-05,1.5103904061010933e-07,1.3147731029577272e-05,1.082878550591702e-05,0.00041498062503070033,1
0.5126217606642006,0.48638254041137796,2.126768792018406e-05,1.935776918069851e-07,1.7252260894856846e-05,1.3729792871705504e-05,0.0009432556050429161,1
0.5755384918328942,0.4196705878458119,2.188742984281672e-05,1.8812410529834433e-07,1.1171007391186074e-05,1.2392220838229535e-05,0.0047452815391164065,1
0.35321615788025573,0.6448260831269852,2.5917351774930958e-05,1.9024205998070136e-07,1.4390977565216894e-05,1.364462295940267e-05,0.001903615798399431,1
0.35193182059392014,0.6455097755840443,2.748927590070068e-05,2.1419130565149e-07,1.842785464681486e-05,1.3710854945647725e-05,0.002498561645236809,1
0.5688206782925632,0.4273363753686158,3.586965594333977e-05,2.8511311066606684e-07,2.3700945957225488e-05,1.826028257884897e-05,0.0037648303412308594,0
0.8734009797456986,0.119836974816145,1.898856216887015e-05,1.9074267969255593e-07,1.553857591009236e-05,1.2036239930696282e-05,0.006715291317467114,0
0.834360492756366,0.14086736087796212,2.1858021493577713e-05,2.195667873841221e-07,1.788669006119893e-05,1.0420644398678662e-05,0.024721761442930985,0
0.8238543039619927,0.1666083778994508,1.6659241777999966e-05,2.1645964487995429e-07,1.4031881671376752e-05,1.2364272192154999e-05,0.009494046283270358,0
0.8522362209476119,0.1386337978289523,1.7559064480963706e-05,2.2763942470718764e-07,1.4756604969037077e-05,1.4356989609635948e-05,0.009083080924951548,0
0.8559800332069358,0.13667692052430097,1.6186400933388408e-05,2.098439242336101e-07,1.3603021089387584e-05,1.3234645289331759e-05,0.0072998123575267965,0
0.43922867808214383,0.003263995007409436,1.6878766579728206e-05,1.8588043503932275e-07,1.1371178679777173e-05,9.061500944545768e-06,0.5574698295838076,0
0.19689434727447472,0.001409266947232717,6.394462271883599e-06,6.442405719078613e-08,3.691214195123976e-06,3.7998259266572114e-06,0.8016824358518417,6
0.004980299221398841,0.00012864890414276896,1.4048758231377385e-06,2.2357586236155355e-09,2.3176273039275307e-07,2.26548567723708e-07,0.9948891864515785,6
0.005015678489463849,0.00015432730906850254,1.4148558416336721e-06,2.251641103795371e-09,2.416672529622829e-07,2.2815793337643848e-07,0.9948281072687986,6
0.01070126346672635,0.0004649658046242045,2.7130545472786818e-06,4.804016990889792e-09,5.071928678195502e-07,4.867892075247552e-07,0.9888300588880098,6
0.016316863400828066,0.0007678033576115605,3.147559105780328e-06,1.431624520312144e-08,8.375333906183237e-07,8.038405927262903e-07,0.9829105299922261,6
0.11970046877264563,0.0019775043454823464,1.0713248315159393e-05,4.36676857013844e-08,5.336808684094098e-06,4.600008828489796e-06,0.8783013331483586,6
0.9147441911933254,0.07662733522055855,4.129921234496086e-05,2.949719429384611e-07,1.6913905676884392e-05,1.7019751360737412e-05,0.008552945744790706,0
0.9131182499647261,0.07629003377250436,3.109352156411148e-05,3.0171876296525015e-07,1.7300794004259836e-05,1.3524915730108893e-05,0.01052949531270789,0
0.7998615766317413,0.1959186207688989,6.293724141674866e-05,3.36882482148673e-07,1.9317086467597017e-05,1.9437971038332503e-05,0.00411777341795475,0
0.9117701755088664,0.08810908524755208,1.4218301395396174e-05,1.5698828881398568e-07,4.732276484923544e-06,6.40708917967691e-06,9.522458823279229e-05,0
0.9184174095779877,0.08150390847527068,1.4432702983915095e-05,1.593555574183412e-07,4.80151823930741e-06,6.982034820372833e-06,5.230633514072075e-05,0
0.7549898632853164,0.24496978099076952,1.805372077841854e-05,1.7897950758289355e-07,8.658535580263108e-06,7.5408578911249e-06,5.923630157059955e-06,0
0.7768038140643653,0.22316163299430553,1.3991504508195473e-05,1.6450465236571112e-07,7.346036330986207e-06,7.091384858130422e-06,5.959510979622596e-06,0
0.8176839363295204,0.17874431344948036,3.1647761286738175e-05,1.5360757332758236e-07,1.5588976660000226e-05,1.1246620192896996e-05,0.00351311325528636,0
0.955325664174956,0.044081431805761725,2.7893407242850592e-05,1.544036594522628e-08,1.024174986930585e-05,9.057631252292801e-06,0.0005456957905520384,0
0.9447497370371549,0.054596817899753784,2.912229527457718e-05,1.244906716330239e-07,9.798622888088853e-06,1.0171678453895764e-05,0.0006042279758030124,0
0.956134246540494,0.04341373889252792,2.1042364208733806e-05,9.332504350966575e-08,7.345585780606544e-06,7.625248718027933e-06,0.00041590804322728654,0
0.9289299537584279,0.07052783908019389,1.6712654530868187e-05,1.420645725753135e-07,7.583902463645656e-06,8.914359905913936e-06,0.0005088541799053143,0
0.9015023042534084,0.09819184487361733,2.0901123979761463e-05,1.7601623166382446e-07,9.62551305856997e-06,1.0727730470785252e-05,0.0002644204892337276,0
0.9437099960561449,0.056041682113398494,1.4598907679551297e-05,1.2294289621222626e-07,6.723177980593089e-06,7.4930490296001135e-06,0.00021938375287056954,0
0.9229886760568757,0.07694635311904585,1.447494352367867e-05,1.218989473987933e-07,6.040276550045535e-06,7.4297267703085145e-06,3.690397828690823e-05,0
0.928869812036257,0.0710153915438234,1.6031133056871537e-05,1.3500420516639114e-07,7.112735318162833e-06,8.228490718197034e-06,8.328905662138917e-05,0
0.9180082756335167,0.08196387947895577,1.1521519683283093e-05,9.702705364820359e-08,5.013566246264019e-06,7.404989911314002e-06,3.807784632915083e-06,0
0.9400082966931387,0.059967436395070836,1.0566682392722717e-05,9.514839604657315e-08,3.1838290710050305e-06,5.591265774432707e-06,4.829986156309185e-06,0
0.8521467543728868,0.14781389499698222,1.4537793247369361e-05,1.3090652847638753e-07,4.469442151702303e-06,7.692543676317559e-06,1.2519944527090736e-05,0
0.8521446596436172,0.14781353164396735,1.389048878092222e-05,1.3090620668470628e-07,4.469431165013395e-06,7.69252476666812e-06,1.5625361496181615e-05,1
0.7783176215673159,0.22163343727084847,1.9707699090749556e-05,2.0557072123607952e-07,6.035975055125193e-06,1.1073848067926249e-05,1.1918068900590752e-05,1
0.7599512828392533,0.23999688983007506,2.086990580618235e-05,2.1769368250196756e-07,6.391929888358063e-06,1.172689744375457e-05,1.262090385090511e-05,1
0.7620728826111843,0.23787735144559302,2.0685592724175127e-05,2.157711154368324e-07,6.335479403691842e-06,1.1770695715081772e-05,1.0758404264265175e-05,1
0.5752436347363394,0.4246819790898891,3.3391649194798504e-05,3.1918427786853025e-07,1.1849208377230396e-05,1.9028417754405167e-05,9.797714167093501e-06,1
0.4951674776226228,0.5047451274052958,4.0644415906997975e-05,4.31326227659967e-07,1.410163106149288e-05,2.034210322941004e-05,1.1875495655731154e-05,1
0.4195787697032153,0.5803405111131655,3.6365098282878175e-05,3.7314670422564136e-07,1.3607377520036957e-05,2.0452851391990996e-05,9.92070972031901e-06,1
0.5271966297415621,0.4727334496986213,2.9116570985440485e-05,2.98768682461791e-07,1.618591427686185e-05,1.637605637078558e-05,7.94324950122906e-06,1
0.3671538434324755,0.6327556167358206,3.3197176409799096e-05,2.88497698725336e-07,2.783042885969833e-05,2.0054240498771863e-05,9.169488236760587e-06,1
0.7140323638616398,0.2859080957241264,1.3055157031553252e-05,1.2811052358871195e-07,2.757569829252187e-05,8.118197394688903e-06,1.0663250991424805e-05,0
0.8638923958798618,0.12842053827045496,1.4317667157163108e-05,1.734268556067539e-07,6.7077988237727965e-06,8.212396596461974e-06,0.0076576545602502506,0
0.8223101352645038,0.17357736525356907,1.417718546415029e-05,1.7045650173537377e-07,6.5929115640405915e-06,8.206625957396518e-06,0.004083352302439919,0
0.7672967052742344,0.23068638310185707,1.266631438160673e-05,2.2126166950870732e-07,9.087865407900309e-06,9.462661442861678e-06,0.001985473521006491,0
0.5379438478054681,0.46053048413144193,1.0042608534920923e-05,1.3826063686324195e-07,9.761314376462739e-06,6.013629884387946e-06,0.0014997122496573062,0
0.563358209976686,0.43532116783510655,1.2853262230600389e-05,1.653340123734815e-07,9.510243972600064e-06,7.327491876403383e-06,0.0012907658561154868,0
0.5713013681049344,0.4268154092430297,1.5575188288181002e-05,1.8340795841338226e-07,1.7483872157553634e-05,8.494332771370357e-06,0.0018414858508604096,0
0.5523384339825925,0.4462966924744205,1.5286910737211217e-05,1.8001330301008935e-07,1.656106020048463e-05,1.1202179644129837e-05,0.0013216433791020479,0
0.7073343458628235,0.29143487047687355,1.3269767072690796e-05,1.7080925777493235e-07,1.9940517565553107e-05,1.1078341915319789e-05,0.0011863242244916788,0
0.7668355419075832,0.23246522063791122,1.246476428906514e-05,1.7597781054614807e-07,1.4831693935375654e-05,9.432145489821237e-06,0.0006623328729808754,0
0.8262785614966311,0.1736508992287465,1.5334746694617086e-05,1.7426094654074246e-07,1.2495149000000092e-05,9.989195843868273e-06,3.254592213746758e-05,0
0.7743564357032869,0.2255796395426692,1.2256599295736735e-05,1.7941544244730623e-07,1.1493286912309913e-05,1.0243170833324686e-05,2.9752281560130878e-05,0
0.5280219358903283,0.4719230379096626,1.664744361925161e-05,2.511174215635156e-07,2.191014889548343e-05,1.1095866412791427e-05,5.12162365993136e-06,0
0.4252659140656581,0.5746768403437438,1.7356888850304704e-05,2.330641500307178e-07,2.254285983480093e-05,1.2274930578224982e-05,4.8378471847830546e-06,0
0.6339802081093653,0.36595912646195444,1.5982522547741995e-05,2.599395469912693e-07,2.4449261320267162e-05,1.6534269612611836e-05,3.4394356526553517e-06,0
0.201730989504854,0.7981833935408772,4.028610706668264e-05,2.2176687364805415e-07,1.7838254636037436e-05,2.1139808771092085e-05,6.1310169215114335e-06,1
0.18667681481100895,0.8132407548708728,3.657260213920769e-05,2.6615864970918047e-07,1.8323845093327542e-05,2.129702340319735e-05,5.970688833026295e-06,1
0.5330810273502679,0.4668432801374668,2.7455179035746813e-05,1.9082619380142203e-07,1.8697053280846505e-05,1.9461579564664946e-05,9.88787419016744e-06,0
0.5711247555535446,0.42881540582786065,2.2501155615421584e-05,1.7844250779820072e-07,1.8102287123071152e-05,1.4991772862550334e-05,4.0649604860276955e-06,0
0.3453687697438618,0.6545450281550437,2.942743010570756e-05,2.3888652160630716e-07,2.275864634232573e-05,2.2199364896433614e-05,1.1577773228340034e-05,1
0.41937682914677876,0.5805608204245086,2.4693645318145893e-05,1.7809186903960062e-07,1.3897154883470272e-05,1.6458069442259008e-05,7.123467199494711e-06,1
0.3433331389737598,0.6541098678986098,1.8592927108529864e-05,1.8292630411874737e-07,0.002517707085039889,1.5400407386814565e-05,5.109781790979886e-06,0
0.5129424815354219,0.4817608850629152,2.2956172391945725e-05,3.0565932822310154e-07,0.00524229178927503,2.084067803317613e-05,1.0239102634480844e-05,1
0.27173457108581883,0.7239155066173609,1.7861915063532408e-05,1.7491034670716532e-07,0.004302812534909452,1.4650462594252484e-05,1.4422473906150218e-05,1
0.13900189363524817,0.6822697574091983,0.00030764929753653855,1.9658320116371344e-07,0.17703355187613468,0.0013790664579673472,7.884740713756994e-06,1
0.16143315361360785,0.7496169113734994,0.00041139516519195,1.5726623726111703e-07,0.087518614324575,0.001016639083406715,3.1291734818701204e-06,1
0.07181655716773054,0.8966388480883885,0.0002461722955520636,1.2074261833240678e-07,0.030611454728787246,0.0006777943434137882,9.052633509556158e-06,1
0.04958411463092026,0.79663713933438,0.000627285018624179,1.3074240395369578e-07,0.15277978352345367,0.00036895541960692464,2.5913306111077793e-06,1
0.049290587220839274,0.8263781103904553,0.0002574923415537624,1.280685771275669e-07,0.1237097337705116,0.00036140987303016095,2.538335032826973e-06,1
0.030219929111045474,0.9542219836949696,9.56649660867755e-06,6.026758531807892e-51,0.015539711658582644,5.663305867114568e-06,3.145732926515927e-06,1
0.03562213171767684,0.9525069175113469,1.1106794265177763e-05,9.186939801493007e-08,0.011847425715945516,7.559420771040919e-06,4.766970596578994e-06,1
0.07864190794665991,0.9212788537462505,1.277983906154996e-05,1.2543170166681236e-08,2.659371088183804e-66,1.2826639054680022e-05,5.3619285803369465e-05,1
0.050839203785285204,0.9490714037543247,8.123554540881906e-06,4.883332368087907e-08,3.137373424931564e-05,4.921486022371081e-06,4.492485225377476e-05,1
0.13901333839289268,0.8607534565919198,2.196935854681129e-05,1.6428073826816755e-07,2.1965640517201558e-05,1.2684132630634405e-05,0.00017642160275471909,1
0.6429481513666163,0.35598887979942756,3.740149457318607e-05,2.534241698005598e-07,3.546297394423622e-05,2.102417245748715e-05,0.0009688267688114227,1
0.2617405857727651,0.7370267159150549,3.839362761763463e-05,2.886437805324561e-07,4.24844519856262e-05,2.3946005724202332e-05,0.0011275855830720479,1
0.414990634014186,0.5839654796874357,4.298372419103459e-05,2.6222960216523196e-07,2.4957072670645338e-05,2.0320183782688743e-05,0.0009553630881317292,1
0.22790740081389715,0.7719795101041643,2.3656166208814793e-05,1.6087030301443357e-07,1.4231599717549845e-05,1.1539686764895885e-05,6.350075894441294e-05,1
0.21551096369906125,0.784174051128882,2.6785736046114075e-05,1.5593385436510516e-07,1.3573817519736357e-05,1.1179720522652783e-05,0.00026328996411379677,1
0.2566877945190125,0.7429904163456407,2.3842303350743216e-05,1.5533990288196922e-07,1.383713352396975e-05,1.0148044601062484e-05,0.00027380631396840924,1
0.32967765647635655,0.6697341468203656,2.293243606872391e-05,1.6067285753249474e-07,1.4312174413062277e-05,1.1519484656510031e-05,0.0005392719352819685,1
0.39934382078678604,0.5988540573278966,2.2323342456310118e-05,1.606289050065353e-07,1.3819637097472791e-05,1.1781118220477769e-05,0.001754037158638042,1
0.3750082815030937,0.6230770855176343,2.5614935609849214e-05,1.8431375439747135e-07,1.5857352683454768e-05,1.3518252708803365e-05,0.0018594581245155476,1
0.46798531604387905,0.5289778773746232,3.1756958644431834e-05,2.402618426537551e-07,2.1007481564260007e-05,1.6872079630119166e-05,0.0029669297998163213,1
0.4899870482310724,0.5071492947186886,3.423007313532599e-05,2.589725463873478e-07,2.2643466535474227e-05,1.818601479286445e-05,0.002788338523229109,1
0.3424193415298019,0.6553817088371763,2.7306076749269557e-05,2.1276385206628015e-07,1.8305044306295613e-05,1.3619480512923074e-05,0.002139506267601162,1
0.8283229001883623,0.16344045960803694,2.061831341073137e-05,2.1273654172288532e-07,1.863175903166372e-05,1.4105810918107906e-05,0.008183071583698602,0
0.8305817415426813,0.15924429462579268,2.1606913280485918e-05,2.229367609769886e-07,1.952510826858113e-05,1.4782151536209372e-05,0.010117826721679718,0
0.9016058567646803,0.07870470437745326,1.6043177184747257e-05,1.7162251179999986e-07,1.3703414005977101e-05,9.803155000893391e-06,0.019649717489163186,0
0.9021037542383213,0.07742964308962406,1.5707234828409763e-05,1.6765171708364173e-07,1.4431402951881109e-05,9.576341422226333e-06,0.02042672004113511,0
0.8546404713802617,0.13764004843290897,1.5499789675616752e-05,2.0094255070735722e-07,1.3025994271745084e-05,1.1652447543896146e-05,0.007679101012787648,0
0.9375811899509302,0.04114306255640119,1.7339058377038197e-05,2.244320765113779e-07,1.3729563538757673e-05,1.3029121169221834e-05,0.021231425317506877,0
0.9441795598505676,0.029973039915210158,2.354089809076066e-05,2.371739953162456e-07,1.4509046518893329e-05,1.6360587522792403e-05,0.025792752528094598,0
0.2598239654045639,0.0017921943120756934,6.424189722812992e-06,8.315297221118508e-08,5.086857605900817e-06,4.2230594955749875e-06,0.738368023023564,0
0.21464793082619527,0.001438092528635549,8.385863418273666e-06,7.086330636055269e-08,4.335041061718898e-06,3.842964574389554e-06,0.7838973419128085,6
0.2260972272368549,0.001875718568607886,9.48944295308654e-06,8.154442372203318e-08,5.092042855569692e-06,4.653196661321953e-06,0.7720077379676435,6
0.2833305964138024,0.0037018911085339528,1.5255830052488181e-05,1.3109598489411762e-07,8.34865513185919e-06,7.311577828860876e-06,0.7129364653186655,6
0.00668534409567775,0.00021703432911841745,1.6949123115506057e-06,3.0011882919658176e-09,3.221156910483631e-07,3.0410926377844055e-07,0.9930952974367491,6
0.882989253965626,0.04609236180112792,8.56562305521337e-05,4.6903125484433876e-07,2.7130427426282843e-05,2.6701992735331342e-05,0.07077842655127728,0
0.857612237237697,0.07220898370827356,8.476292492435561e-05,4.641397454134961e-07,2.6847485212415882e-05,2.6423518650847328e-05,0.07004028098549682,0
0.841187205992096,0.13679999170569349,6.513884867364222e-05,3.4866696619537065e-07,1.7502455239528575e-05,1.98496426458587e-05,0.021909962688685208,0
0.899222016326421,0.09234138875874287,3.8545122623170594e-05,3.3310104825805375e-07,1.910025629889636e-05,1.921978396615109e-05,0.008359396650899674,0
0.8814400233676735,0.10821138149117115,3.6689540547777465e-05,3.758667712439531e-07,2.1552473949095634e-05,2.1687347371440898e-05,0.010268289912515877,0
0.8876013288056597,0.10566726267336021,2.9622376360640158e-05,3.670299029539972e-07,1.8496951251046415e-05,1.972661951460184e-05,0.0066631955439510095,0
0.9087398959039987,0.08476647098897785,2.3109921634911707e-05,2.09682356705599e-07,6.965817660794649e-06,1.0308473272164289e-05,0.006453039212099161,0
0.8789684015980785,0.11820534983555069,1.7632540690554548e-05,2.043643754445918e-07,6.789150017556977e-06,1.0047028921040686e-05,0.0027915754823663323,0
0.9064840106653024,0.09267881496357473,1.7455508194289125e-05,1.846049359328954e-07,5.755521852193357e-06,8.785796678669444e-06,0.0008049929394616774,0
0.7444887403079536,0.2554755773649312,1.4285862499339837e-05,1.9542184247087496e-07,7.208294333421157e-06,7.836712923153716e-06,6.156035516655242e-06,0
0.7693754777503643,0.23059225770776148,1.1310059714864858e-05,1.9978915772779011e-07,6.817606016795252e-06,7.214744305681644e-06,6.722342678898445e-06,0
0.9144770267914666,0.0854837933561752,1.668986508308453e-05,1.3096580047927218e-07,4.2167326957332175e-06,6.534358211557684e-06,1.1607930567429656e-05,0
0.8784241351634882,0.12053272652450477,2.551537567467933e-05,1.7591347638900467e-07,9.900582469486294e-06,1.3744893040968616e-05,0.0009938015473455067,0
0.8793356618174648,0.11938874896520486,2.74896227336108e-05,8.894400588170574e-08,1.0322357629646258e-05,1.480840137443159e-05,0.0012228798915868016,0
0.8622531146325395,0.136047516446662,2.348147477833667e-05,5.596591951721022e-08,1.0934244154225565e-05,8.349317388419584e-06,0.0016565479185579879,0
0.6873378810504398,0.3103573904477586,2.098816117303318e-05,1.0124104176598079e-07,9.693794640766613e-06,7.582150572109545e-06,0.002266363154374205,0
0.7192926591904681,0.27789955590062626,2.4317380558873085e-05,1.1730026849438047e-07,1.1231460030998964e-05,8.357704271029219e-06,0.0027637610637762087,0
0.7752854556337376,0.2195058800105919,3.526713610579344e-05,1.711747995803603e-07,1.7371799434314076e-05,1.2532832306191322e-05,0.005143321413024463,0
0.9538398547457853,0.04542007336662389,5.5879312563689874e-05,4.471274616257892e-09,9.448199387007959e-06,8.788812850659357e-06,0.0006659510915148837,0
0.958194781174192,0.04128748623941051,2.3015557775775212e-05,1.020763593632666e-07,8.127905248310716e-06,8.340286798742192e-06,0.0004781467602153022,0
0.93281196808723,0.06689133925185088,1.6141431462068188e-05,1.3720893692722743e-07,6.765845042817941e-06,7.944606368050859e-06,0.0002657035691092094,0
0.9301501701937065,0.06963037603906713,1.6212903953746586e-05,1.3653496630273384e-07,6.732611195877248e-06,8.198814156228612e-06,0.00018817290295392852,0
0.9216751054958722,0.07828660528094926,1.303133636639085e-05,1.0974178819172047e-07,5.642982802315357e-06,8.375363404887783e-06,1.1129798816875897e-05,0
0.9184071322490923,0.08156613722587851,1.0424837879471477e-05,9.520299550197554e-08,5.000973598722848e-06,6.571848995905024e-06,4.637661559789776e-06,0
0.9441332184922338,0.05584708906241124,8.382025517934222e-06,7.54765075746152e-08,2.9682805901965084e-06,4.435274067774001e-06,3.831388671370942e-06,0
0.7010142714924374,0.2989369895995571,2.2720552571786402e-05,1.9076931429086419e-07,7.634883014338085e-06,1.2336828167212247e-05,5.855874937687824e-06,1
0.33742744807945213,0.6624952473317962,3.7158487226556246e-05,2.8193955529382617e-07,1.247334239089202e-05,1.8736373333489714e-05,8.654446245325906e-06,1
0.30449106386380625,0.6954432114572416,2.582216617048522e-05,2.6778427427200856e-08,1.8826778316455765e-05,1.4248153126244321e-05,6.800802911301559e-06,1
0.3681425184318324,0.6317925169701835,2.348557115063417e-05,2.3046439116862333e-07,2.028735969393557e-05,1.4775790587372118e-05,6.185412161020551e-06,0
0.5903472548072805,0.4095775288794553,2.1963792468157762e-05,1.9214445218816085e-07,2.2798443323108872e-05,1.2175944235195498e-05,1.8085988785659816e-05,0
0.7010118098914344,0.29893657356239506,1.4719618277766886e-05,1.32814779740619e-07,1.583315064090637e-05,8.531479578266829e-06,1.2399482893615485e-05,0
0.40572017776980784,0.5942170943598686,1.7888324335619253e-05,1.6140594217396128e-07,1.924134961502985e-05,1.0368059203631892e-05,1.506873122722084e-05,0
0.8464741508620238,0.0053950033155008344,1.8433490704847766e-05,2.1706632588022672e-07,1.2155661895250016e-05,1.0017117704264024e-05,0.1480900224858452,6
0.9279536359633554,0.006098398885455991,1.8811404130096937e-05,2.3785982685374769e-07,1.3849137418569395e-05,1.0814481138058572e-05,0.06590425226867519,0
0.931248341781317,0.006670622896536289,2.123705712906267e-05,2.68530870777479e-07,1.8870566284748376e-05,1.2480257450786281e-05,0.06202817891041125,0
0.9220416297717292,0.07198881997428747,1.5027305365150912e-05,1.8202255221562248e-07,6.909424143131054e-06,8.402439040194762e-06,0.005939029062882795,0
0.7801010031165397,0.21667063395782044,1.2988796187598368e-05,1.5733052432394353e-07,6.085225395521769e-06,7.4501763752626884e-06,0.0032016813971569346,0
0.4847728894543539,0.5133713221601134,1.7656255587959022e-05,2.0791387755291346e-07,1.890783426302972e-05,1.1870297546543846e-05,0.0018071460842577374,0
0.5018605806616564,0.49663536587848073,1.6870798455336163e-05,1.986646096500076e-07,1.806669933437159e-05,1.2279177779049495e-05,0.0014566381196845892,0
0.795163423984267,0.2047867677192359,1.419266223814405e-05,1.562014451432655e-07,1.1868438581304468e-05,9.126495751522804e-06,1.4464498480905158e-05,0
0.4348090222490172,0.5651347643736317,1.706869078769384e-05,2.2919429541090666e-07,2.2168552631123482e-05,1.1989421259693934e-05,4.757518377132863e-06,0
0.5994567779718164,0.40048731711754676,1.5188819474234489e-05,2.2425830485269307e-07,2.2413249443234308e-05,1.3948427494219075e-05,4.130155920401774e-06,0
0.5721143129862769,0.42783034133765185,1.4095790490813974e-05,3.196454865760517e-07,2.2571391146274154e-05,1.527132828176073e-05,3.0875206659935057e-06,0
0.5657620549188953,0.4341427229347737,3.6461254624605284e-05,3.4558860817514613e-07,2.4673294060359236e-05,2.7058920941678085e-05,6.683088096139484e-06,0
0.5058587642133304,0.4940525751486348,3.260071092734291e-05,3.5715603048295934e-07,2.2060868052090676e-05,2.766642507256732e-05,5.975477952346199e-06,1
0.23871931908378533,0.7611954444795996,3.252227685758122e-05,3.117144230012129e-07,2.5475663110393658e-05,2.0545534975135738e-05,6.381247248949416e-06,1
0.4250480914508131,0.5748776157592549,2.5481350891666762e-05,1.6692802486259086e-07,1.1524881192094787e-05,1.6571314917757146e-05,2.054831490557236e-05,1
0.48681674112421397,0.513123115756248,2.4796501837686916e-05,1.788336756692807e-07,1.3853843429151745e-05,1.6774509660645083e-05,4.539430934828068e-06,1
0.4951301203691968,0.5048103872430557,2.4799006690789566e-05,1.7885174080162439e-07,1.3198435663178032e-05,1.6776204161056628e-05,4.5398894917541935e-06,1
0.40015330472288224,0.5997786645594548,2.238298341469238e-05,1.7703685542058722e-07,1.4165450181635528e-05,1.4794851015752872e-05,1.6510396195423623e-05,0
0.25031005118672855,0.7476333394428024,1.9076489451358402e-05,1.508843411247691e-07,0.0020123025719826445,1.2638048219112619e-05,1.244137647478292e-05,1
0.14374542544385668,0.8288028201617373,0.0002571426321289145,1.735738550884389e-07,0.026425906675637836,0.0007569539233486972,1.1577589435461548e-05,1
0.39120163379083284,0.4545228820763775,0.0014531641315912963,2.489003950621374e-07,0.14894717738457586,0.0038706907679133657,4.202948314105894e-06,1
0.35367241586559534,0.44809252940747674,0.001299923622617492,2.2265310310528464e-07,0.19505521121328928,0.001875937503088672,3.7597348292403543e-06,1
0.1521799436711441,0.7781226030754268,0.000367508601490129,1.4832958844031572e-07,0.06838167366683408,0.0009451728435755258,2.9498119410342245e-06,1
0.06244545143168172,0.9026506245113644,0.00024184862637088614,3.806587188962529e-137,0.03411808071531757,0.0005382570283192331,5.737686946217985e-06,1
0.035233880601591744,0.9365472071798464,4.9699006579096974e-05,8.504817326120027e-08,0.02810390156433375,6.243620426431264e-05,2.7903952113255564e-06,1
0.0313763113330497,0.9625727424148673,1.1378420209525562e-05,9.411614099014697e-08,0.006023657181218924,7.744292729288494e-06,8.072241784206073e-06,1
0.0651768703950825,0.9347734710826254,1.1813405597000478e-05,8.441651895905641e-08,1.8475636481759374e-22,2.6520398547716158e-05,1.1240301628449474e-05,1
0.03178094512232768,0.9681245748684674,8.913162289438828e-06,6.240222633793686e-08,4.075155333433378e-05,7.149095408854565e-06,3.760379594613543e-05,1
0.04493729671637461,0.9549546173260329,9.851530053824918e-06,1.2266649786448603e-07,3.921583724341612e-05,4.962758775278161e-06,5.3933165021976146e-05,1
0.048517217618761176,0.9512559290478426,1.103730561190646e-05,6.454692477842308e-51,4.393603614032679e-05,5.560099292358017e-06,0.00016631989235145345,1
0.07911644405978209,0.9204152945768339,1.5539259112044414e-05,9.087465947627347e-51,6.224256477731566e-05,8.794226122331457e-06,0.0003816853133724041,1
0.0725535726395708,0.9272885594485766,1.4839708954500649e-05,6.255346924166641e-08,8.290035529776402e-05,9.578353374838984e-06,5.048694075624242e-05,1
0.2501044877898861,0.7495063996717175,2.057942190079435e-05,1.5069393913558997e-07,2.015954003498967e-05,1.2405757549171485e-05,0.0003358171249721268,1
0.25708886002589,0.7424580544306232,2.950175375181218e-05,1.995848253758459e-07,1.620867283969586e-05,1.5121699672133653e-05,0.0003920538323977294,1
0.2570905207655577,0.7424628505526429,2.9501944326902513e-05,1.7707359477579207e-07,1.620877754429466e-05,1.5121797355115661e-05,0.00038561908897820124,1
0.4287531864626321,0.570502138212889,2.4279313867957875e-05,1.891821119515589e-07,1.654128547926556e-05,1.4759405711443848e-05,0.0006889061373085308,1
0.45310759522586136,0.5467334135069529,3.337352823548108e-05,2.2545656827339704e-07,1.9486186440454932e-05,1.5882859150889515e-05,9.002323679046685e-05,1
0.34298713803227365,0.6568779484970116,2.9644448987683037e-05,1.9702876800091537e-07,1.7227363969621165e-05,1.3974565711410512e-05,7.387006327796495e-05,1
0.23342228865780254,0.7662886677383629,2.43679155844455e-05,1.4563082407072054e-07,1.5514131360771792e-05,8.722318644027255e-06,0.00024029360742116467,1
0.2509227902336458,0.7477387725083292,2.1809101609907582e-05,1.5280237412977874e-07,1.2385925661442988e-05,1.0953615548441723e-05,0.0012931358128309039,1
0.26572448402449306,0.7326258963957348,2.13340267148289e-05,1.4947382932514082e-07,1.3314604273201921e-05,1.071500930731879e-05,0.0016041064656472682,1
0.27611572675310353,0.7223950272603372,2.1186521579313187e-05,1.5037193359945042e-07,1.2493602043857725e-05,1.077938977914866e-05,0.0014446361012234322,1
0.5800734259353615,0.41665052562061866,3.3191605291563394e-05,2.511158684078019e-07,2.1703916933648115e-05,1.763428966233619e-05,0.0032032675162639297,1
0.5363835141623522,0.4614871964030901,3.2671507263070523e-05,2.471809918950539e-07,2.054771636727582e-05,1.7217735709554918e-05,0.0020586052942258683,1
0.7972838236351589,0.1949041437320202,2.2153435514014937e-05,2.2857569213588334e-07,2.0018973618171725e-05,1.3414424479082943e-05,0.007756217223517471,0
0.8256116839286116,0.16545041774368455,2.0871873311888145e-05,2.3164686405462464e-07,1.8860888683751875e-05,1.43472621776392e-05,0.008883586656666507,0
0.8937138426502966,0.09953102942579195,1.4523108583628306e-05,1.70438369348821e-07,1.3022491869399011e-05,8.276195143523114e-06,0.00671913568994558,0
0.9000638681145936,0.07965277306300148,1.5353394038120736e-05,1.7710450757827557e-07,1.3382798115215552e-05,9.404705342569869e-06,0.020245040820401395,0
0.9026913472331769,0.07800379713977179,1.599979032885184e-05,1.7157873953508152e-07,1.5034979639786396e-05,9.800654709450072e-06,0.01926384862363376,0
0.9068386457561903,0.07590304727822673,1.6136289446975054e-05,1.7261858384601004e-07,1.3782946623715296e-05,9.860051083794649e-06,0.017218355059844516,0
0.9039727266631022,0.07759006129774616,1.5739776970736443e-05,1.679990567712601e-07,1.341409470939948e-05,9.596181621276984e-06,0.018398293986793414,0
0.8992198141088353,0.08244748736481192,1.603670455996001e-05,1.7116832371904894e-07,1.3667148790857168e-05,9.777211573598091e-06,0.018293046293104683,0
0.8064529242823893,0.18567898597057766,1.498465008766444e-05,1.942641721654654e-07,1.2593071924910145e-05,1.0179459958588082e-05,0.007830138300889744,0
0.7998783519152899,0.191158818640162,1.6600869387204416e-05,2.1521718090615328e-07,1.3951339603265198e-05,1.3573531184500575e-05,0.008918488487192403,0
0.8549386559181326,0.13696331116625418,2.1461830758337228e-05,2.1656960026181507e-07,1.4039009470686676e-05,1.3720619176892274e-05,0.00804859488660694,0
0.9412478262947265,0.03218989212714407,2.5282019183283894e-05,2.547157494265188e-07,1.558215795368438e-05,1.615537204220986e-05,0.02650500731320091,0
0.23213733324759742,0.0015913390125145983,9.258414160959739e-06,7.823664736433687e-08,5.216252929873342e-06,4.242825796335161e-06,0.7662525320103535,6
0.2514083537688027,0.004943605122912868,1.3536988830076938e-05,1.1632568513636308e-07,7.263959286008406e-06,6.308419830089754e-06,0.743620815414653,6
0.057739384075986645,0.001089994071509306,1.2340174432662325e-05,2.3300670718611118e-08,2.415389125054506e-06,2.3610480677769447e-06,0.9411534819402078,6
0.05831145776048125,0.0013150552669796494,3.782875560940348e-06,1.7277006336168502e-08,1.7597218719315712e-06,1.7626761237697026e-06,0.9403661644219761,6
0.8012673376959398,0.05216334839851708,6.483960601781307e-05,4.4926348589222277e-07,2.57610949324582e-05,2.5784924174075655e-05,0.14645247901693276,6
0.8832216888841471,0.1072099030689641,4.3135146421354085e-05,3.723881864977062e-07,2.1353034994905916e-05,1.669275981305021e-05,0.009486854717472928,0
0.925935246347757,0.06868974895253697,2.4144533574205887e-05,1.818525133954151e-07,6.873770936335369e-06,8.372174100091049e-06,0.005335432368582172,0
0.8650493705147376,0.1326820553937455,3.4878385259741414e-05,2.3740700045389373e-07,7.733469644343159e-06,1.1671481364737591e-05,0.002214053348247512,0
0.8702493153654189,0.1279821755285417,3.511946732557393e-05,2.390479757939588e-07,7.452920158672485e-06,1.2429506331901476e-05,0.001713268164247456,0
0.7765383613397526,0.22342209900494991,1.583205181364603e-05,1.8614482654915495e-07,8.597683648849875e-06,7.810727011506872e-06,7.113047996988037e-06,0
0.9138677763843442,0.08525882302293646,1.088708978930677e-05,4.745007211674254e-08,6.659027420464045e-06,7.900023235798186e-06,0.0008479070022014411,0
0.792967309263751,0.19813546029483223,3.5197564844992924e-05,1.627239927194983e-07,1.558076587353394e-05,1.1911102663425546e-05,0.008834378284042264,0
0.7534775933365078,0.2414602558715621,3.427511330667601e-05,1.663598550578257e-07,1.688315127618638e-05,1.2180298566338973e-05,0.004998645868925748,0
0.8122467042140317,0.18503021602402686,3.18130635600465e-05,1.5440989488323265e-07,1.5670400848494985e-05,1.1305363428100185e-05,0.0026641365242100557,0
0.8440872909882671,0.1544107079024245,7.957591493468811e-05,1.6476271632682163e-07,2.0910798197579797e-05,1.2063361540944646e-05,0.001389286271919002,0
0.9541398416213256,0.045539567550432807,1.550625244962561e-05,1.305839880215952e-07,6.4391653183341976e-06,7.95875365614838e-06,0.0002905560728296346,0
0.9417910952745527,0.05796078648587834,1.5098836063295481e-05,1.271529812915571e-07,6.269980566989499e-06,7.749959529476389e-06,0.00021887231042786253,0
0.9463247224201032,0.053391931951697315,1.53253621410667e-05,1.2906064265089283e-07,6.36404835470425e-06,7.749987073874676e-06,0.0002537771699870212,0
0.9159050382577945,0.08393092716837791,1.468000720287186e-05,1.2362586582182428e-07,6.167003856534012e-06,8.612046872816804e-06,0.00013445189002942942,0
0.9098186525409415,0.09012163369253977,1.4202983062996144e-05,1.3825019536883182e-07,5.678803649748921e-06,8.909248377337593e-06,3.0784481233320156e-05,0
0.9423223790178731,0.05764738542848156,1.0368326224126386e-05,9.468691276459082e-08,4.868852869441691e-06,7.226393128430789e-06,7.677294510434208e-06,0
0.9511379931875307,0.048833546594877326,8.209820827163032e-06,8.187800369078553e-08,2.9889666870360722e-06,4.811449259649943e-06,1.236810281434363e-05,0
0.9041099077592997,0.09586587240654723,1.0040376249578623e-05,9.462212520013949e-08,3.721224347285254e-06,5.560340185626072e-06,4.803271245618518e-06,1
0.849598369815054,0.15036639718354528,1.5271105295995718e-05,1.579108734819956e-07,5.836354863784155e-06,9.579885077954731e-06,4.387745289494288e-06,1
0.3957795052425506,0.6041625057435104,2.6396101566737547e-05,1.964190607298575e-07,1.2665002509058121e-05,1.2702190653654429e-05,6.02930014865204e-06,1
0.28116857900184544,0.7187676647057596,2.5307652750970094e-05,1.910152783793157e-07,2.073187885601888e-05,1.1665392564495494e-05,5.860352945079708e-06,0
0.18443185128911666,0.8154863362851352,3.4193153087026e-05,2.5443859562993674e-07,2.3984710050500038e-05,1.556985012006952e-05,7.81027389477379e-06,1
0.23844478932128998,0.7614588580337149,4.1571013251875236e-05,2.8807781009433286e-07,2.716532589261742e-05,1.9669212702929134e-05,7.659015337524918e-06,1
0.40877398230616485,0.5911528673411833,2.6077646469290302e-05,2.5590047940960147e-07,1.9475851203003284e-05,1.438912202846888e-05,1.2951832471630333e-05,0
0.7278456997839479,0.2720958363167799,1.4102989922703684e-05,1.272509561676096e-07,2.55542717737932e-05,8.174082251832893e-06,1.050530436762929e-05,0
0.1880494869337654,0.0010028249204078314,3.807548801621729e-06,4.5786655077723397e-08,2.6140337775279064e-06,2.3402116680101263e-06,0.8109388805649246,6
0.7613818527785954,0.004414551959509111,1.5903834032029194e-05,1.8943752078931484e-07,1.4200904826795271e-05,9.879972209884273e-06,0.23416342111330601,6
0.7350310982976143,0.00397967503260359,1.4337149454907734e-05,1.7077605578967802e-07,1.280197557938843e-05,8.906697460384176e-06,0.2609530100712317,6
0.830539748491076,0.0043395317839652475,1.7452304723589073e-05,2.0788203223436993e-07,1.639108359545063e-05,9.806454337810325e-06,0.1650768620002697,6
0.8906390455966553,0.006445353806676433,1.9344638440588214e-05,2.3042244652267264e-07,1.3572243287954859e-05,1.0633472323089397e-05,0.10287181982016996,6
0.8963794264159909,0.00657298753466082,2.124056334870684e-05,2.5012142949774934e-07,1.4563056293542279e-05,1.1371964393091201e-05,0.09700016034388342,0
0.9773692427926546,0.01151060922368397,1.6039115997258402e-05,1.9104892342649752e-07,1.0278569752990686e-05,8.879201646927413e-06,0.011084760047340754,0
0.7824291392870099,0.21504139148500948,1.3900246778122621e-05,1.7559117068334559e-07,6.94622848872357e-06,8.046316831504853e-06,0.002500400844711481,0
0.6970881215426126,0.3012393484518684,1.4853293216280791e-05,2.2659494009835296e-07,1.533486780637601e-05,9.690748549340833e-06,0.0016324245010069585,0
0.7209033659056869,0.2775800272057009,1.3697640997517451e-05,2.0812031514960136e-07,1.4090986861429912e-05,8.900647301519405e-06,0.0014797094931365033,0
0.49249698365330075,0.506180883970688,1.2922868467088474e-05,1.4331115843805508e-07,1.2701804368063041e-05,6.233301716972402e-06,0.0012901310903007763,0
0.5694927490626913,0.42877781764780964,1.4943197894341968e-05,1.6571607197436248e-07,1.341268976201133e-05,8.856865891325056e-06,0.0016920548198793301,0
0.6668474306362726,0.3319441762650781,1.4549232365821304e-05,2.0540637572348458e-07,2.1925098023177965e-05,1.1009472241687687e-05,0.0011607038896429864,0
0.7156516653275181,0.28335359108307206,1.3179181217651564e-05,1.8606396412227576e-07,1.9860486986312898e-05,9.972748124138985e-06,0.0009515451091174778,0
0.7965816905509239,0.2033444654792381,1.2569384598703443e-05,1.9692256153098147e-07,1.575323579942938e-05,9.419991518721271e-06,3.590443535932199e-05,0
0.72695742819353,0.2729864908161807,1.93019947376235e-05,3.1288356202402e-07,1.314324619903923e-05,1.4078404518261583e-05,9.244461272316123e-06,0
0.686515340038409,0.31343320572728844,1.8835166813112096e-05,2.1339996351048446e-07,1.3394163197847764e-05,1.2784079247456487e-05,6.227425080966567e-06,0
0.43380436595101085,0.5661422990193501,1.7108070739925866e-05,2.297230799859744e-07,1.934555396707023e-05,1.201708259836185e-05,4.634599253699536e-06,0
0.47885243953812134,0.5210991942677368,1.453825914088527e-05,1.9743690044752806e-07,1.931910869950033e-05,1.0328154840982233e-05,3.983234560161435e-06,0
0.539098004745011,0.46084538978495015,1.4879838520076776e-05,3.4006223542757884e-07,2.381606475980749e-05,1.4310247161009553e-05,3.259257362495767e-06,0
0.5353564502879646,0.4645866617527385,1.4951937076412415e-05,3.3906003392707696e-07,2.3942326637595693e-05,1.4379585827536267e-05,3.2750497214145276e-06,0
0.5618615100243224,0.4380848251390306,1.3808064661751365e-05,2.3518386962692638e-07,2.1906681976071735e-05,1.4690408504741673e-05,3.0244976348304185e-06,0
0.5985253682777653,0.4013795231704561,4.093185541233874e-05,3.2762421771465934e-07,2.1752246339890243e-05,2.5761138064380884e-05,6.335687744389361e-06,0
0.5981920302125213,0.40171629496481676,3.7677959968011426e-05,3.298639738625321e-07,2.1737721259702207e-05,2.555027669194966e-05,6.379000768302804e-06,0
0.1423604293166567,0.8575540678814654,4.212993943299401e-05,2.4771441363377817e-07,1.7054041068248065e-05,2.0209624631812148e-05,5.861482331256053e-06,1
0.39888063586119543,0.6010263106606353,3.8596407157985496e-05,2.0836840050970528e-07,1.699703571337322e-05,2.125063716096287e-05,1.6001029736438983e-05,0
0.5324150991974873,0.46752846188583397,2.328550222061728e-05,1.6882865611724313e-07,1.3816784144219186e-05,1.53692485819965e-05,3.7985530757758653e-06,0
0.48950632834247626,0.5104336764224751,2.5112238644286894e-05,1.820731828002662e-07,1.3727259085836468e-05,1.6825996056190414e-05,4.147668079656087e-06,0
0.44571560116042397,0.5542182619077708,2.7899064661471807e-05,1.7717004036393565e-07,1.3754243355927131e-05,1.7588062491479685e-05,6.7183912559141265e-06,1
0.4701629075695247,0.5297745709011153,2.5053929607530295e-05,2.08851618739154e-07,1.4787526911222962e-05,1.7884663656875372e-05,4.586557565413305e-06,1
0.49380105300822125,0.5061379450870748,2.553464494854603e-05,1.8415720261469304e-07,1.3589954337189162e-05,1.7018587346347816e-05,4.674560869433257e-06,1
0.6121259204189783,0.3854026930115654,2.1321289330106014e-05,2.1752242985587515e-07,0.0024243521705178558,2.0338973947662266e-05,5.156613230854214e-06,1
0.31031291942245015,0.6882785481071827,2.2724865800209973e-05,1.838103327768125e-07,0.0013429061382811654,1.670153536715515e-05,2.6016120585837068e-05,1
0.14857473912678,0.8426749319654822,1.8673549380530992e-05,1.8285816413215654e-07,0.008699585696989778,1.680898104837018e-05,1.507782215501448e-05,1
0.13481005158852188,0.8391220148621851,0.00027204408554153993,1.8363248556070325e-07,0.024814632775251394,0.0009688245435659255,1.2248512448789588e-05,1
0.3777924162900711,0.5605605538306118,0.0003291073745570868,2.050171263700823e-07,0.05973135169727028,0.0015803898882212363,5.975902142112841e-06,1
0.11397899932596915,0.8176795616387411,0.0003194886501664591,1.4164903758415167e-07,0.06720803230648026,0.0008109594729422652,2.816956663166798e-06,1
0.07371021416253815,0.897592755764981,0.00021576394622736732,3.810717545933305e-137,0.02786937530968499,0.000602987529712887,8.903286855615219e-06,1
0.07283948250873992,0.8880914489201269,0.0004669271070433791,4.2327378267536744e-137,0.03815019670006758,0.0004477026877807419,4.242076241530798e-06,1
0.0619712014686892,0.8828805684239124,0.0006445862900837066,1.2726420885880086e-07,0.05390083424587118,0.0006003591756556416,2.323131579120058e-06,1
0.06494103813445544,0.8540659216856344,0.0006423083794384077,1.2548969326811866e-07,0.07970862713739749,0.0006396884345165243,2.290738864441507e-06,1
0.06701299128105845,0.9329004451470175,1.162399252316188e-05,1.185908623049876e-08,5.658034345658233e-05,9.337786574610549e-06,9.009590283233608e-06,1
0.05399420613312388,0.9458471565577605,1.4679682549035296e-05,8.753997229526885e-08,6.178547451006471e-05,7.853053140928148e-06,7.423155894291874e-05,1
0.03381317129348237,0.9660284808179096,8.454289550936451e-06,5.0415822725934323e-08,3.1085268249325406e-05,4.118405831086348e-06,0.00011463950915403764,1
0.036198769056377,0.9635469219451346,8.448937068817149e-06,5.4547156930501495e-08,2.8275838527842125e-05,4.893327137652366e-06,0.00021263634859700149,1
0.09470510384602576,0.9052416997259924,1.545134839894283e-05,1.1320265361500468e-07,1.3729811911206925e-05,8.481773165566876e-06,1.5420291852583643e-05,1
0.127195692025238,0.8722048142033355,1.8387237451386172e-05,3.997298015148077e-306,2.2754113438211003e-05,1.0942523710269138e-05,0.0005474098968266245,1
0.11216466119687517,0.8870643425421019,2.165171587534601e-05,1.6182066480442645e-07,2.1974163280513594e-05,1.2252922048605484e-05,0.0007149556391539216,1
0.2447703557952965,0.7521067580147526,6.461192132182296e-05,4.5648307879560176e-07,6.349287410905208e-05,3.7787581842887655e-05,0.002956537329598271,1
0.47181353825821715,0.5280180539094093,4.6266885741152624e-05,2.7224101965483693e-07,2.590988528890499e-05,2.5114870748590087e-05,7.084394957519992e-05,1
0.22929744452632045,0.7705971109833389,2.9258747787826225e-05,1.7561390503690253e-07,1.6075161991443277e-05,1.259728749006088e-05,4.733767916630373e-05,1
0.2788518601098198,0.7210260321639064,3.277193659123097e-05,1.9670041254473694e-07,1.893836247697549e-05,1.5470947725824037e-05,5.472977906729439e-05,1
0.21176178189739292,0.7881419733505067,1.874556013082084e-05,1.3551167878733825e-07,1.4436133277695018e-05,8.847028137550981e-06,5.408051887567175e-05,1
0.3701296482333862,0.6297363512172897,2.946227830177206e-05,1.9581798935477371e-07,1.6924527318871564e-05,1.4001807797207016e-05,7.341611791702314e-05,1
0.25194696774896075,0.7479408713324577,2.716878470649788e-05,1.6563670298180163e-07,1.3769084616044343e-05,1.0826386387645045e-05,6.0231026168479825e-05,1
0.2614455342804031,0.7384376934737698,2.8475443356787824e-05,1.7017878560262177e-07,1.5158929133100581e-05,1.111743907656654e-05,6.185025547502317e-05,1
0.25552744717162806,0.7430536231628154,2.079332962207985e-05,1.486167650349219e-07,1.2354247436049527e-05,1.0445982750171117e-05,0.0013751874889832915,1
0.4115574757737228,0.5859419105434207,2.78791793254448e-05,2.0395279145702683e-07,1.754698858737775e-05,1.30257705507053e-05,0.0024419577916015953,1
0.5177250384332256,0.47968994579997176,2.9454386935355277e-05,2.228414048889398e-07,1.9484312004151842e-05,1.5648751739543258e-05,0.002520205474718635,1
0.7748465848765693,0.2185473440147832,2.400875525682719e-05,2.3556242661806254e-07,1.9646662172064608e-05,1.4359513020018012e-05,0.00654782061577188,0
0.7739962949543795,0.21719771814703964,2.5348931392556686e-05,2.145457767166938e-07,1.3907816182789352e-05,1.35924012178146e-05,0.008752923204010941,0
0.7658702372893973,0.20901900369111168,2.247692218730315e-05,2.26454463080461e-07,1.440228189887533e-05,1.526782899367471e-05,0.025058385531948144,0
0.8987174704585638,0.08227594228465993,1.861898014018682e-05,2.409990372326104e-07,1.4743042286545906e-05,1.662444416090145e-05,0.01895635979115147,0
0.9279878907929786,0.0399772060362733,3.303769404417509e-05,2.791793900908236e-07,1.7078713678297477e-05,1.770698091338722e-05,0.03196680060272205,0
0.31138960262550824,0.0021381183873600026,1.1534627448963578e-05,9.747139893664234e-08,5.962782975206239e-06,6.182133287169924e-06,0.6864485019720215,6
0.22716761649195136,0.0016601882265682958,9.498418547163356e-06,8.162155255353312e-08,5.549867441068859e-06,4.552254857306417e-06,0.7711525131190821,6
0.0052903514844707105,0.00012381544365282576,5.534194600737811e-07,2.206390060496308e-09,2.4953170929945795e-07,1.9172306900152555e-07,0.9945848361912479,6
0.12809542066018886,0.004538290297546517,6.645578852087026e-06,6.199492733471577e-08,2.9610522046100007e-06,2.96602327080961e-06,0.8673536543930097,6
0.6909769993468602,0.0988413819601171,7.115930197331307e-05,3.8964984197006396e-07,1.7190862379695384e-05,2.2182801555646132e-05,0.21007069607727222,0
0.856199781395816,0.1011828132814097,5.4262352190811254e-05,4.2140187594520213e-07,2.123707234717282e-05,2.3990447787702702e-05,0.04251749404857253,0
0.8381682872695598,0.11691418631020943,5.332927826465482e-05,4.141556161167449e-07,2.0871888058711394e-05,2.3769951249498414e-05,0.044819141147042,0
0.9170628367939032,0.07671758685713893,2.405025718648805e-05,2.0519356026283601e-07,7.75602989765124e-06,9.149307201390106e-06,0.006178415561112127,0
0.8830374732250362,0.11539069635994514,2.664722259392361e-05,2.330260517385903e-07,7.265171573740167e-06,1.2116391180318065e-05,0.0015255686036190568,0
0.9356032139392203,0.0643364902237419,1.631427148101707e-05,1.7292353353358708e-07,5.589645204763133e-06,8.22985040408364e-06,2.9989146414398482e-05,0
0.9570019899627425,0.0429748980537933,1.1548300286822914e-05,1.0272231679238031e-07,3.1728934561811013e-06,4.669633125371969e-06,3.6184342789094855e-06,0
0.9346413013920888,0.06532685599511091,1.3473848229783295e-05,1.536222439763367e-07,4.1944957536629875e-06,6.3025739320633414e-06,7.7180726407049e-06,0
0.9359465854437602,0.06403423549094198,8.380643812461237e-06,9.948143342541686e-08,2.9296661836076885e-06,4.174289093090323e-06,3.5949847749509685e-06,0
0.9525667006998341,0.0473549757042904,1.0002579544530474e-05,1.0353679908856843e-07,3.6866245779487393e-06,5.165825970191824e-06,5.9365028983773706e-05,0
0.7712465254893142,0.22806239950895899,1.9004745613606467e-05,1.3870424660166348e-07,7.481608763712959e-06,7.319326895211627e-06,0.0006571306162076898,0
0.7687197925210794,0.22265503837164888,3.4121286500463626e-05,1.5774818515239462e-07,1.5104334024492229e-05,1.1546882527385829e-05,0.008564238856034443,0
0.8588052311152993,0.13973827937341024,7.992328993334717e-05,1.6548195968594693e-07,1.4545518882906577e-05,1.2116022075260198e-05,0.0013497391984392292,0
0.9263209784358339,0.07238732248789727,7.766500914512088e-05,1.6080616705192888e-07,1.7191620064320583e-05,1.1773676559890326e-05,0.0011849079643325353,0
0.956841186766598,0.04252176893428497,5.693879638229303e-05,4.556050947374286e-09,1.0126211019841579e-05,8.955084572581995e-06,0.0005610196510914911,0
0.949807500238681,0.04947157587978789,2.5434403434691254e-05,1.1280418795335475e-07,8.878783313261575e-06,8.258798523269637e-06,0.0006782390920721613,0
0.9379990079339211,0.06049681518458953,2.328026537760166e-05,1.369241632091558e-07,7.548408350594049e-06,9.472688282150075e-06,0.0014637385953154586,0
0.9459622095805831,0.053790438866825024,1.5059131528610348e-05,1.2681861446123686e-07,6.25349276224392e-06,7.615355096749807e-06,0.00021829675459001071,0
0.9272408724271588,0.07251247943504953,1.5016306586183041e-05,1.2645796950288087e-07,6.2357091691460115e-06,7.593698659062001e-06,0.00021767596540773785,0
0.9214452354413695,0.07831014190374452,1.4384483144967552e-05,1.4001689618659037e-07,6.351107603465897e-06,8.43867726859624e-06,0.0002153083699730266,0
0.9273810841233042,0.07251815106603272,1.3320575041170737e-05,1.1217757593382902e-07,5.867492952230038e-06,8.561259842821618e-06,7.290330525095692e-05,0
0.9304285657760895,0.0694896304224355,1.3392205082620596e-05,1.1278079947253134e-07,5.799250425398904e-06,8.607297149432551e-06,5.389226801795344e-05,0
0.9455364035586744,0.05442643061256494,1.0520703557683054e-05,8.859880437380653e-08,4.5557990044198385e-06,6.761755900795273e-06,1.5238971493405521e-05,0
0.9495574612190261,0.05041077553834121,8.672003777061953e-06,7.919554683977486e-08,4.072278356318295e-06,6.044110413739086e-06,1.2895654538722296e-05,0
0.9316808051122626,0.06828051188861937,9.621661186964811e-06,9.595853877483788e-08,3.5676921632412576e-06,5.638872707362327e-06,1.9758814521705007e-05,0
0.6238152932033089,0.3761261704139245,2.6952346433615585e-05,2.137539922721019e-07,1.1353874546091525e-05,1.4333411576622062e-05,5.6829962180465e-06,0
0.2370658254314225,0.7628777900037729,2.385049327638782e-05,1.800170350645649e-07,1.5837403203923843e-05,1.099372469125013e-05,5.522926598102835e-06,0
0.1860622899866303,0.8138676001983491,2.7223033127401287e-05,2.0547204840877878e-07,2.3829148592141204e-05,1.2548274284948394e-05,6.303886967788952e-06,0
0.1409064961978576,0.8590219531349021,2.7707458431927613e-05,2.0901878635909829e-07,2.545788958732928e-05,1.1760237782751933e-05,6.416062651878941e-06,1
0.1616449846395394,0.8382817749596709,3.009817167711452e-05,2.2396695949808456e-07,2.3442066667581473e-05,1.260128213859374e-05,6.8749133468882275e-06,0
0.37935825300271087,0.620554596201712,3.354610858550823e-05,2.7125477171138395e-07,2.780667996554299e-05,1.8315004649741743e-05,7.211747604697513e-06,0
0.13190109075045747,0.0007747784919472536,2.9697999075745676e-06,3.537458518482046e-08,2.7743257219542596e-06,1.8080381032422685e-06,0.8673165432192773,6
0.1944518548631168,0.0015984797381350757,4.42792062912244e-06,5.274289863334248e-08,4.110829638810884e-06,2.6775097654787015e-06,0.803938396395816,6
0.907482953687987,0.005038941078216117,1.780130387771412e-05,2.1203911375206364e-07,1.5895199965691882e-05,1.1058741386342317e-05,0.08743313794945347,6
0.9307987749375123,0.0050048600250897175,1.8539146755867085e-05,2.208278828808066e-07,1.6882364507302785e-05,1.0190705012536329e-05,0.06415053199323954,0
0.9770602760144244,0.016849981055045593,1.4914908066756068e-05,1.7765799122881812e-07,9.384754602714064e-06,8.2009642384054e-06,0.00605706464563088,0
0.9758899629139806,0.01968800330131917,1.3128110306977572e-05,1.6255245537250748e-07,8.733703867321898e-06,7.503669630362689e-06,0.004392505748440206,0
0.8346340817701111,0.1625516043854786,1.3602749387819839e-05,1.6476720879462863e-07,8.050440962661585e-06,7.827850446279205e-06,0.0027846680364050167,0
0.7946987134889749,0.20300114347705173,1.3231850207623548e-05,1.6027458594884723e-07,6.301999681714502e-06,7.589588472561834e-06,0.002272859321025526,0
0.7200785126962673,0.2783999937918992,1.3745293983197486e-05,2.0884434890105867e-07,1.37504787276501e-05,8.9316119339316e-06,0.0014848572828398427,0
0.5232659785246994,0.4753070991412193,1.344238325066393e-05,1.5829279380753158e-07,1.2664474295531184e-05,8.840860472297336e-06,0.001391816323268945,0
0.5548595648963394,0.44348858583975487,1.4274001554505147e-05,1.6808563948391157e-07,1.2339001778852495e-05,9.387803767498032e-06,0.0016156803711655974,0
0.5750177718418791,0.4237886292293623,1.3690661797510444e-05,1.6121643495731562e-07,1.1885207183326785e-05,9.964559209780587e-06,0.0011578972841331258,0
0.5852289163427701,0.41347675149480184,1.4695271594243495e-05,1.7304636782308458e-07,1.245611346077267e-05,9.439381721640746e-06,0.0012575683492837453,0
0.5670793229288322,0.4315665399881844,1.5179145570865275e-05,1.9604597526499118e-07,1.5267510059714752e-05,8.837475311082077e-06,0.0013146569060665514,0
0.8148791797661851,0.1850652445860911,1.2866915502282338e-05,2.077641510308092e-07,1.3146062986520794e-05,1.1909706880287998e-05,1.7445198203567064e-05,0
0.8257380751450007,0.1742006248663358,1.6673515375740834e-05,1.8350519117615186e-07,1.1280498490858152e-05,1.1832866684764528e-05,2.1329602920853893e-05,0
0.7103285065456132,0.2896274785312894,1.4452180325121116e-05,1.828937464495015e-07,1.3130760650973289e-05,1.302735559670127e-05,3.2217327782324683e-06,0
0.5180542702582589,0.48188921830668463,1.830918127894435e-05,2.0744061656590096e-07,2.0264749184140104e-05,1.1676544204999965e-05,6.053519771807236e-06,0
0.5288015707219477,0.4711375196941007,1.9602798497291745e-05,2.220971295626264e-07,2.055278221121835e-05,1.5075987785767663e-05,5.4559183277827675e-06,0
0.5481127846043127,0.4518144066149472,2.205048219118916e-05,2.4701915698301594e-07,3.033301399169709e-05,1.4531800667896967e-05,5.646464732323333e-06,0
0.47614280677110965,0.5238072867713229,1.518974821966743e-05,2.0396430423273986e-07,1.972821097116541e-05,1.0669610956077583e-05,4.114923116284682e-06,0
0.5835689523341991,0.4163724041866765,1.6124406067618238e-05,2.6524464648008375e-07,2.375435124962543e-05,1.4273165653515118e-05,4.226311507241423e-06,0
0.7803371698779537,0.21957817442550775,3.6124965808350174e-05,3.567835737650405e-08,1.4743573029428244e-05,2.273584283891064e-05,1.10156365043505e-05,0
0.2984386396482122,0.701466725534182,4.077666394877546e-05,3.1964070317196837e-07,2.4340680374867835e-05,2.2861568309538444e-05,6.336264269392626e-06,0
0.12956683381806597,0.870352309861316,3.9657793505650845e-05,1.9635177043611892e-07,1.702693699192449e-05,1.8716362546970555e-05,5.2588758029984975e-06,1
0.49368555158639277,0.5062073500155457,3.888987540877823e-05,2.3664539102123022e-07,1.6609881065108495e-05,2.0842472949497577e-05,3.051952324695776e-05,1
0.47912682881238844,0.5208022422820809,3.136419568727522e-05,1.7894223706906654e-07,1.5103619546773243e-05,1.7240367481500742e-05,7.0417805780885265e-06,0
0.44927001151070933,0.550652618195875,3.5725061814824866e-05,1.9974750883863492e-07,1.63471550176431e-05,1.9770944187797953e-05,5.327384886665051e-06,0
0.4548866275952286,0.5450499144644929,2.698380220635223e-05,2.0735850273142033e-07,1.4688564491446471e-05,1.693963465093314e-05,4.638580427144659e-06,1
0.3883797121088181,0.6112520836632838,2.1046939224391e-05,2.227375186964293e-07,0.000323015558379163,1.813478966606732e-05,5.784203109972662e-06,0
0.44217998594348296,0.5541304704886644,2.4220683329252064e-05,3.2777495883743634e-07,0.003637419377724718,2.086940020406311e-05,6.706331635778394e-06,1
0.29968400490531777,0.700265931105578,2.6861957578433694e-05,1.720716963748567e-07,7.189877765757237e-07,1.5218909491892135e-05,7.092062560782982e-06,1
0.23495013999664582,0.7614042004134529,1.8059987449049517e-05,1.7694255432787345e-07,0.0035938819161064556,1.653906303629386e-05,1.7001680755160934e-05,1
0.19973141807795505,0.7520378150374325,0.00022274125132963702,1.9585221876651e-07,0.046707287968920194,0.0012898477015577104,1.0694110586062727e-05,1
0.3935988517783617,0.511011621138047,0.0020663940923215237,2.4788429379107507e-07,0.09111928616603038,0.0021994131505838374,4.185790361732592e-06,1
0.14515137593526703,0.7979723444016676,0.0002572540092151389,1.5661156050084194e-07,0.055729895497278005,0.0008860781066941687,2.8954383176087865e-06,1
0.12430123403935081,0.8169773997716676,0.0002553975622278392,1.780953678624156e-220,0.057739573859607034,0.0007204218148644775,5.972952282226721e-06,1
0.0793607429497875,0.8812917084432449,0.0003779522962905494,4.2003295440665666e-137,0.03832401483533026,0.0006357679065458041,9.813568801196103e-06,1
0.09198550748434013,0.8941040694496409,0.0005978863533711437,1.283985444298632e-07,0.012657259022094724,0.0006528054538162409,2.343838192629736e-06,1
0.037377749860829174,0.9551723156592619,1.195495022698761e-05,1.0794767959959297e-07,0.007419908250565877,8.704773227259712e-06,9.258558209087096e-06,1
0.05032051372582047,0.9469647005751834,1.3276782183429017e-05,1.09760825859915e-07,0.0026840779966270513,7.902154443083105e-06,9.419004916970559e-06,1
0.03791216362630297,0.9619883215090348,9.580036112894647e-06,5.7129034848617004e-08,3.5224484637454686e-05,5.124942752356483e-06,4.952827212498985e-05,1
0.035414604820000084,0.9644959957550444,8.641973666403348e-06,5.15350473558508e-08,3.1775357113714915e-05,4.252019464587271e-06,4.467853966338471e-05,1
0.49154330640180016,0.5078952437929756,4.459028652463344e-05,3.016615427118883e-07,2.471761714613755e-05,2.4841541714618978e-05,0.0004669986982962007,1
0.25368995219938134,0.7460635852111954,3.0096320701054025e-05,2.0360718085128587e-07,1.604590713597635e-05,1.5426456566149136e-05,0.00018469029783912532,1
0.5460364614459001,0.4538127828504233,3.9921312835700066e-05,2.3961167757815283e-07,2.193332316880539e-05,2.2255033407045162e-05,6.640642258749081e-05,1
0.25986794874326075,0.7400196626924759,2.5418749249833904e-05,1.659531359792243e-07,1.3795389128500743e-05,1.0789291355910348e-05,6.221918139337432e-05,1
0.23880512065834136,0.7605009322461276,2.176411835596766e-05,1.5248720534744885e-07,1.3583025236554056e-05,1.0712412762216657e-05,0.0006477350519711361,1
0.3336285963473685,0.6655589503916305,2.2866779513835755e-05,1.8341329790411534e-07,1.633781305437824e-05,1.0739495815809552e-05,0.0007623257593191638,1
0.44358275419407944,0.5534606130321239,2.971872771276802e-05,2.1778495697359313e-07,1.8746855240235876e-05,1.3948200580709324e-05,0.0028940012053059925,1
0.40960050587579067,0.5872669711191744,2.7005956369789887e-05,2.222166129134752e-07,1.9462036710315514e-05,1.4224572453595353e-05,0.0030716082228882456,1
0.8905102182078934,0.10431370558074966,1.5427325590185716e-05,1.8104995923315517e-07,1.368093385265442e-05,1.2553253475203232e-05,0.005134233648479667,0
0.891044508949505,0.09018175416905742,2.0662069311390296e-05,1.853904133781446e-07,1.5958343913298727e-05,9.51640253892273e-06,0.018727414675260602,0
0.902875832598749,0.07943208695824253,1.572067808929433e-05,1.6779520419611709e-07,1.339781784569395e-05,9.5845374705738e-06,0.017653209614398747,0
0.826311653973147,0.16218113212486257,2.219482106998114e-05,2.2361230094966717e-07,1.4221523173022982e-05,1.5425083243135105e-05,0.011455148862203527,0
0.9502357471319515,0.022288975253575243,2.036043686074739e-05,2.635399814667958e-07,1.6121977645953644e-05,1.5299481272193654e-05,0.027423232178712807,0
0.6000657517891096,0.0041767876600850955,1.4317493821286638e-05,1.8532176308982875e-07,1.1337002094383816e-05,1.1754051474929153e-05,0.3957198666816516,6
0.3884022859375273,0.003360029832102714,2.1621302278817023e-05,1.853358545699222e-07,1.2014065424002047e-05,1.2495563547205212e-05,0.6081913679632655,6
0.23051366944248478,0.0016198635433231213,9.286997827667136e-06,7.847818875724598e-08,4.800879159956455e-06,4.376940952311235e-06,0.7678479237180634,6
0.218190158213485,0.001594579092799241,9.123049656406032e-06,7.839594278578285e-08,5.330541710700158e-06,4.37235387192163e-06,0.780196358352534,6
0.21819094807088915,0.001590964823849128,9.123082682223412e-06,7.839622658234073e-08,5.330561007481795e-06,4.3723697000236285e-06,0.7801991826956454,6
0.009276994685455045,0.00020981232846744907,6.283247863678754e-07,4.9604087186414794e-09,2.7996093873770216e-07,2.804309420553077e-07,0.9905119993090016,6
0.004089894347863702,0.00013733487367374926,3.3007918062390593e-07,3.250404215557481e-09,1.4707246836373557e-07,1.4987832000991374e-07,0.9957721404980895,6
0.054663350426090225,0.0025541491498528445,2.253773280899881e-06,2.0014002451711455e-08,9.559250833983088e-07,9.74162242254191e-07,0.9427782965494479,6
0.06941437160419002,0.006896184307141901,4.228889160113491e-06,3.945023932798102e-08,1.884254456881946e-06,1.9202023030592824e-06,0.9236813712925087,6
0.8555882162248997,0.10522574465933192,4.65352452648368e-05,3.6139309964327467e-07,1.8224917549301434e-05,1.89169486389577e-05,0.03910200061121589,0
0.9364979991029002,0.05087536419066813,1.701033943974822e-05,1.9715294901130447e-07,5.942998372535932e-06,9.437327879499094e-06,0.012594048887791299,0
0.9078510408185845,0.07914834223430794,1.8932514358978794e-05,2.2069225277870986e-07,7.1889912022089564e-06,9.93089930113109e-06,0.012964343849992246,0
0.928860603605938,0.062476822011666225,1.796577756102157e-05,2.0942320960040244e-07,6.821905129879099e-06,9.423805229568534e-06,0.008628153471265778,0
0.8727120773281873,0.12437901113413584,3.5187342007739404e-05,2.395099789681214e-07,7.801973607880007e-06,1.1774868689004884e-05,0.002853907843393081,0
0.8810702659616738,0.11709509686963758,2.640548378869928e-05,2.3091208135631582e-07,7.521899389095617e-06,1.039077991407129e-05,0.0017900880935151655,0
0.907281944980331,0.09263006286289092,2.2482798807738156e-05,2.171049516396254e-07,7.20369617325555e-06,1.0332551258171522e-05,4.775600558734706e-05,0
0.9364120529485632,0.06353104116558671,1.6053791056716443e-05,1.9143570711093703e-07,5.9051722253251244e-06,8.470026114236858e-06,2.6285460746857835e-05,0
0.9458702774389751,0.05357941490551083,1.061474991752779e-05,1.0987338063084201e-07,3.506959666864496e-06,6.100634154948943e-06,0.0005299754383940462,0
0.7300884624386232,0.2622280373293873,3.3838187625536456e-05,1.4452794017607605e-07,1.4663841813841613e-05,1.0579184448467576e-05,0.007624274490161483,0
0.9392766443454424,0.05978430528762225,6.365291832416012e-05,1.3179399487678723e-07,1.1141886134050835e-05,9.64950472150765e-06,0.000854474263760977,0
0.95358861738729,0.04549160494279321,5.967267198893644e-05,4.774806476803165e-09,1.0612413803423387e-05,9.385056556956856e-06,0.0008401027527609164,0
0.9581312269558591,0.04061365647745665,2.6341175016110393e-05,1.4581129445211229e-08,9.195324190924264e-06,8.553236087602395e-06,0.0012110122502600137,0
0.9578460676682252,0.04060156902949181,2.6333335348127858e-05,1.4576789805328388e-08,9.192587475929412e-06,8.550690471051045e-06,0.0015082721121978829,0
0.9402583283161876,0.05883598571560639,2.4332310481276404e-05,1.3316516061406446e-07,7.426618831223344e-06,9.21263294202213e-06,0.0008645812407904878,0
0.9530659722764114,0.046388751391162,1.6296174694663626e-05,1.385243193015229e-07,7.575253894271183e-06,9.583390290550322e-06,0.0005116829892278249,0
0.9632620999422126,0.03623117494313674,1.5144018852088692e-05,1.2873051144094364e-07,7.039675870789936e-06,8.90619906840307e-06,0.00047550649034811487,0
0.9522419432652278,0.04725837121150222,1.5111279935361275e-05,1.2725777582176722e-07,6.275148040542001e-06,8.105357760255056e-06,0.00047006647975818955,0
0.9213641318503719,0.07830324921660954,1.438321705427347e-05,1.4000457220612547e-07,5.770184450211724e-06,8.437934514709813e-06,0.00030388759242742875,0
0.9388403078491144,0.06098337279522335,1.2433711614505655e-05,1.0470896522594519e-07,5.47684428357537e-06,7.79941963842981e-06,0.00015050467116060364,0
0.9497901170577953,0.05008461407573516,1.0461946771242948e-05,8.810399136069402e-08,4.53035544851133e-06,5.883057047982712e-06,0.0001043054032104748,0
0.9451441487677836,0.05481864157859227,9.931984773756065e-06,9.070210133469495e-08,4.663951685126293e-06,6.922277035780425e-06,1.5600738028018242e-05,0
0.9466394073639104,0.05332376285920395,9.847838207968554e-06,8.993364764584188e-08,4.624437375928069e-06,6.863629559645563e-06,1.5403938094496887e-05,0
0.9355794484348507,0.06437881969064493,1.064308449617616e-05,1.0030214492759745e-07,4.088088260812018e-06,6.580305769252058e-06,2.0320093833100244e-05,0
0.6464664447937439,0.35347165705800104,2.7101155021571863e-05,2.402900184342537e-07,1.2377642417354939e-05,1.57905613291919e-05,6.388499468388242e-06,0
0.2745990244745407,0.7253311399086765,2.460504779558943e-05,2.1621757717940622e-07,2.507533659561599e-05,1.3305454787496613e-05,6.6335600269896665e-06,0
0.25980123407163436,0.7401243820402805,2.9027397623740356e-05,2.550791056440637e-07,2.157868886198641e-05,1.5696889918279133e-05,7.825832575659344e-06,0
0.25690144257148784,0.7430211118578691,2.6942585696758973e-05,2.3675875985682868e-07,2.8432957671258225e-05,1.4569504551449776e-05,7.263763963661198e-06,0
0.6584085250312617,0.34153384102583645,1.7906564890785893e-05,1.6157052628688377e-07,1.4103079399436341e-05,1.037863141555776e-05,1.5084096669957927e-05,0
0.19915982074584407,0.0014970611051566736,5.459658141479498e-06,6.503237524964984e-08,3.7766933669025967e-06,3.244088039527793e-06,0.7993305726770761,6
0.9001848922036665,0.004350678280404137,1.763982504388958e-05,2.1011566875898434e-07,1.606341220324753e-05,9.696360671946244e-06,0.09542081980234153,0
0.9275345100811934,0.011978393149357213,1.4379045248274668e-05,1.7127509490257052e-07,7.350450464812535e-06,7.960191962671e-06,0.06045723580667885,0
0.9357096110280618,0.025587092457638724,1.4505779235146966e-05,1.727846788321112e-07,7.415235843579239e-06,7.976004694443787e-06,0.038673226709847415,0
0.8263128735775886,0.17177190941015308,1.2153615672022609e-05,1.472141604575111e-07,6.80369523237534e-06,6.795630508643765e-06,0.001889316856684803,0
0.7946817864123704,0.20299681955422647,1.3231568369313907e-05,1.6027117210137516e-07,6.198963683825358e-06,7.589426814384601e-06,0.0022942138033634455,0
0.800555721977132,0.19752022019277873,1.3858132253490033e-05,1.743516683343026e-07,6.894065282399732e-06,7.98951768508433e-06,0.0018951417631999825,0
0.7733088748979617,0.22471098670902265,1.3171023053050349e-05,2.0753833012385148e-07,6.854397716913835e-06,7.813838607005823e-06,0.0019520915953083677,0
0.7352604498889369,0.2631579509260427,1.297063810782569e-05,2.027958688187393e-07,8.966685276071355e-06,7.694958272885039e-06,0.0015517641074948468,0
0.7352769813951141,0.26316386773727873,1.297092973806914e-05,2.0280042845629165e-07,9.848952378639972e-06,7.695131285387262e-06,0.001528433053776674,0
0.4849457007865628,0.5134039542422851,1.3179000622456519e-05,1.5963443016962492e-07,1.5547734326508003e-05,8.53182629062797e-06,0.0016129267754823057,0
0.5993500286484024,0.39912620622398015,1.4405946549728468e-05,1.7159552806624354e-07,1.6712695871159576e-05,9.583835655515856e-06,0.0014828910540129814,0
0.5637609336305055,0.4347715035466351,1.4455869117715618e-05,1.7022724816644423e-07,1.2253189384732502e-05,1.0593196071623113e-05,0.0014300903410372327,0
0.7991927283196516,0.20021986816359405,1.3946501991760832e-05,2.2778089860935902e-07,1.4384856965703672e-05,9.622013902981888e-06,0.0005492223629954536,0
0.7899956310031754,0.20992576444195118,1.2589726398202049e-05,1.7973389003243933e-07,1.1701915936643243e-05,1.1544044140951865e-05,4.258913450737138e-05,0
0.7989215242688851,0.20102388780178543,1.267713364586894e-05,1.9467527095733055e-07,1.3300256432109913e-05,1.1159410333492215e-05,1.7256453647266466e-05,0
0.8230099656781681,0.17693680473727993,1.330541698875619e-05,2.4867567889016097e-07,1.5056147636064074e-05,1.114753441351309e-05,1.347180983488427e-05,0
0.8230185816806097,0.1769386570695787,1.3305556281729595e-05,2.4397723746933066e-07,1.5056305257247539e-05,1.1147651115846878e-05,3.0077599193450984e-06,0
0.8207708715027677,0.17916601026504828,1.732855475805783e-05,2.0298029027730422e-07,1.5751548404128355e-05,1.291752208452776e-05,1.6917626647022624e-05,0
0.8243505469602096,0.17560285007981125,1.6549908438333696e-05,2.359475422712881e-07,1.4560777300302045e-05,1.1897949611001356e-05,3.358377087241725e-06,0
0.5844080640340811,0.4155239471694105,2.08969345162498e-05,2.2749196397782397e-07,2.8281223353892404e-05,1.3383042491321566e-05,5.200104182915951e-06,0
0.5407670132933209,0.45918513959459634,1.3282934290763313e-05,2.8414669635124724e-07,1.8596085749430732e-05,1.2774471474794695e-05,2.909473871259084e-06,0
0.9033596031831111,0.09660375915802269,1.6275041414628453e-05,1.070630105413776e-07,6.912089090959363e-06,1.1371673695014353e-05,1.9717916550940755e-06,0
0.7543961866826272,0.24554413788459417,2.7067128886357882e-05,2.3429326825014834e-08,9.681835613385953e-06,1.4930213487513584e-05,7.972825464620392e-06,0
0.5120093411282792,0.48791716405142743,3.4908385287926765e-05,2.1935168576347917e-07,1.5820234568384625e-05,1.739118230956429e-05,5.155666441784293e-06,0
0.36130999302989114,0.6386297826790602,2.5942343067081772e-05,1.6956225474875512e-07,1.48863502782904e-05,1.543603143738623e-05,3.7900040110708187e-06,1
0.47296522543659086,0.5269670568737207,2.8659068531607223e-05,2.2023217836188677e-07,1.703926896051339e-05,1.7460991699211014e-05,4.338128318815612e-06,1
0.45717699756050056,0.5427620573078946,2.5851446881826093e-05,1.7612252047937951e-07,1.4413707390465168e-05,1.6033242580901466e-05,4.470612231124204e-06,1
0.3320764501911876,0.6678411234270843,3.985790732207399e-05,2.1363578844874802e-07,1.7483759228804e-05,1.944824779271744e-05,5.4228315961254784e-06,1
0.5612899247511562,0.4386490803271789,1.959514689339447e-05,1.9188278102939612e-07,1.7062984927592088e-05,1.6564415535532164e-05,7.5804915273294255e-06,0
0.4975329460580353,0.5023993392421716,2.0946478089595198e-05,1.8921821400910198e-07,1.5652653183456174e-05,1.3499824746886246e-05,1.7426525559005575e-05,0
0.3496245899363113,0.6500514548250088,2.2877698648224707e-05,2.78141902076914e-07,0.0002773992990727509,1.7709268238643373e-05,5.6908308180403344e-06,1
0.6427113228636154,0.35694664685541455,2.556332532279838e-05,2.285418320116057e-07,0.0002874055640770441,2.341500921706621e-05,5.4178405212536135e-06,1
0.29131067943408445,0.7086084969465304,2.7181975502711615e-05,1.7412165967109363e-07,2.9392906509173735e-05,1.53789673222356e-05,8.695648391451126e-06,1
0.2906840527078644,0.7092509129770093,2.8073957097985332e-05,1.8132285937282354e-07,1.622306281170406e-05,1.4496445707735367e-05,6.0595266497077585e-06,1
0.4487893963019031,0.45282791365006847,0.0014360769892476759,2.626113757883635e-07,0.09416425801778841,0.002779296323959339,2.7961056572522154e-06,1
0.14459001473658986,0.8010439652443032,0.0004236697147474891,1.266602908638477e-07,0.053046927819066884,0.0008911284136406558,4.167411361005714e-06,1
0.025856523893378173,0.9741044229192032,9.268757091232683e-06,6.623294482919539e-08,1.6806251738642984e-05,5.818687395201563e-06,7.093258248738905e-06,1
0.030236870201841015,0.9697338282276202,9.041930052629494e-06,6.330374645422331e-08,8.336446927169541e-06,5.080335878004578e-06,6.779553934533255e-06,1
0.026179778501005904,0.9737702402213969,7.280784868731886e-06,5.0973736429636815e-08,7.841758695364856e-06,4.090811626871044e-06,3.071694866993628e-05,1
0.019794548048800563,0.9801521510701594,8.687969773271372e-06,5.180933788682565e-08,9.182745531671782e-06,4.1578714187545885e-06,3.1220484978372704e-05,1
0.04568011103260922,0.9542263522172656,1.2391867051539496e-05,7.80944579798582e-08,5.017300864089612e-05,6.2673395963269464e-06,2.4626440378469535e-05,1
0.2960004636647803,0.7037866730735463,3.2597311810916835e-05,2.1617727200903294e-07,1.7442956676895482e-05,1.635951263177016e-05,0.00014624730328184737,1
0.6623793965527791,0.33748725576332883,3.8075171899121426e-05,2.059686190588667e-07,1.885374006021563e-05,1.9130280061008057e-05,5.7082523252748517e-05,1
0.23122873534541064,0.768713071153863,2.6149505374193618e-05,1.5751580847675168e-07,1.4243094123013902e-05,1.3444546233754792e-05,4.198839186873319e-06,0
0.306689647252369,0.6932395672353615,2.4414642457643035e-05,1.561717972804454e-07,1.412896708834864e-05,1.1168380170185446e-05,2.091735075597314e-05,0
0.24196514664175114,0.7579297516097598,2.606942315245723e-05,1.503014633430418e-07,1.3878082007622498e-05,1.0146940761682862e-05,5.4857001103837216e-05,1
0.25901832906396316,0.7405142922638841,1.9475402220280126e-05,1.656838664264181e-07,1.5659498815450723e-05,8.60158099921071e-06,0.00042347650625136434,1
0.24788259589915784,0.7516430213434134,1.9768085936568382e-05,1.6817382628481807e-07,1.5894835690996483e-05,8.710990495551072e-06,0.0004298406714793025,1
0.2690055867173687,0.7302225910768755,2.1877886245577048e-05,1.6512872401422637e-07,1.4709087365425518e-05,1.0546209517280653e-05,0.0007245238939034279,1
0.2984152159217217,0.7007937752430942,2.197929866308607e-05,1.693256310603765e-07,1.508293311985086e-05,1.0838904777146051e-05,0.0007429383729928781,1
0.2840821066508591,0.7151244319230861,2.1699567179816314e-05,1.6947464627975755e-07,1.8054226785310837e-05,9.945960667976945e-06,0.0007435921967757567,1
0.8081852097932926,0.18498282322105075,2.0716515327273112e-05,2.1884550132963798e-07,1.781859062225354e-05,1.3023397144907096e-05,0.006780189637060879,0
0.8492846261721951,0.1442474082724193,2.2955382831937425e-05,2.2401407606283274e-07,1.853648067385791e-05,1.4694193940198533e-05,0.006411555483863525,0
0.7810101478640694,0.21272823313575281,2.1277349338044806e-05,2.3614704707629058e-07,1.9227297490426405e-05,1.4625985163692557e-05,0.0062062522211383635,0
0.8154551733633003,0.15552404834668848,1.6384340984882353e-05,1.7130183329621723e-07,1.4745603717618515e-05,1.1024309985029388e-05,0.02897845273349052,0
0.7699057533773258,0.21914058459059269,2.951189733316357e-05,2.4467083792070544e-07,1.586065729731721e-05,1.581728440542613e-05,0.010892227522207826,0
0.9212191090244092,0.04049882991730002,2.6064705159822495e-05,2.829709288894199e-07,1.7310659902982317e-05,1.6427520420329027e-05,0.038221975201878915,0
0.5845111614292507,0.004391930912218501,2.408796362695912e-05,2.036579282182344e-07,1.2452183658096793e-05,1.261825952862411e-05,0.4110475455937887,6
0.25682319273772064,0.0018769173506204867,1.0738388749736706e-05,9.227683085608604e-08,6.152350663378462e-06,5.1465285618764796e-06,0.7412777603668529,6
0.008558175354843723,0.00018218744119211962,7.084920844282213e-07,2.9250791264036388e-09,3.178522761499961e-07,2.7417753678825537e-07,0.9912583337569877,6
0.24940852150096066,0.0342446183288637,1.2323674803881761e-05,1.2329811220659997e-07,5.28483233627354e-06,6.421551644365039e-06,0.7163227068132789,6
0.5254504870832348,0.07469715792979092,2.6410097832190035e-05,2.6880714466135284e-07,1.3399891986568851e-05,1.4007212833472973e-05,0.3997982689771773,0
0.904264094073248,0.04232210783415692,1.9595125723272475e-05,1.7480673194210238e-07,5.811067241655252e-06,7.174078699763421e-06,0.053381043014198354,0
0.9319700853792797,0.05511275650729317,3.586748436164689e-05,2.441395096909558e-07,8.110512181483869e-06,1.2002467207396236e-05,0.012860933510166797,0
0.9027521199743286,0.09714712657822032,2.2071911872357018e-05,2.1313722551272641e-07,7.072044208152921e-06,1.0143717547678262e-05,6.125263659736861e-05,0
0.8193970145634661,0.1805739486243235,1.1361503877745733e-05,1.1554321704079996e-07,3.5166759837846074e-06,5.715886519818974e-06,8.327202612078779e-06,0
0.9284513923162856,0.07015595289234813,1.7799208893132565e-05,1.2990575668953033e-07,4.717714924796268e-06,7.212916282673965e-06,0.0013627950455091234,0
0.8627260488836285,0.13391193150084194,1.3117770313705696e-05,5.450813499233317e-08,4.70369233734961e-06,8.650834353753727e-06,0.0033354928103898514,0
0.7770663594699154,0.22088927826992816,3.564033837637067e-05,1.5218698491050862e-07,1.5648623715609034e-05,1.1142609576550723e-05,0.001981778501502878,0
0.9183063923578306,0.08002193128896352,8.546066719778447e-05,1.7694715389909406e-07,1.4649152876316607e-05,1.2955464310820288e-05,0.0015584341216670675,0
0.9574219955798224,0.04122335444866705,5.52001538029903e-05,1.1857961859423171e-07,9.817004244062663e-06,8.681638480841464e-06,0.001280832595364154,0
0.9574042716108819,0.04101005534370765,2.6598271097028427e-05,1.1796606040977895e-07,9.285072723812852e-06,8.636717689161337e-06,0.0015410350178398232,0
0.961437598342563,0.03727017019176294,2.4172659175525882e-05,1.0720822275112687e-07,8.438326594760323e-06,7.849097873081556e-06,0.0012516641738080309,0
0.9650819651778242,0.03441035236536433,1.5172630040505652e-05,1.289737185416361e-07,7.052975741498015e-06,8.923025311298951e-06,0.0004764048519997818,0
0.9369489637024631,0.06282131113573776,1.4329325928404696e-05,1.2067264682237973e-07,5.941280492298442e-06,8.406319209921681e-06,0.00020092756352183816,0
0.9296130567586288,0.07015418004839621,1.4217133476466589e-05,1.1972783195833739e-07,5.9236739195605305e-06,9.174286112893606e-06,0.00020332837163398106,0
0.9536874321332914,0.046201291022614395,8.741769997569508e-06,7.983267455859051e-08,4.500115580064014e-06,6.369294376008524e-06,9.158583146591477e-05,0
0.9536514644170928,0.04625589959450826,9.216439698232962e-06,8.416751198241026e-08,4.327939524738363e-06,6.182043956165143e-06,7.28253977079804e-05,0
0.8040138791730476,0.19592503117432697,1.905747923750723e-05,1.4385112530957255e-07,8.108793721300793e-06,1.0380762163650394e-05,2.339876637778571e-05,1
0.788731304055248,0.2112082782829423,2.244631812002449e-05,1.869749684446315e-07,1.0958268245390084e-05,1.235207221221945e-05,1.4474028263576418e-05,0
0.476830587317728,0.5231118158837779,2.3938592254749865e-05,2.1224943252807167e-07,1.3502366831197963e-05,1.2367940154366944e-05,7.5756498213105106e-06,0
0.5441947335408902,0.4557153497650069,2.821329714779291e-05,2.468165974862334e-07,2.2525915751367025e-05,1.5984886261692034e-05,2.2945778344458365e-05,0
0.5675463711931036,0.4323626064310127,2.7818502761338658e-05,2.5100571544994707e-07,2.3684411262970543e-05,1.6123583079922498e-05,2.3144873064063896e-05,0
0.3527980646049001,0.6471397827909977,1.744201497313191e-05,1.6152357115065094e-07,1.9623775336770632e-05,9.721554369493272e-06,1.5203735851762483e-05,0
0.2718108668279889,0.7278195741991257,1.5505528977614805e-05,1.6767872571524747e-07,0.0003368967852907709,9.502007106744782e-06,7.486972784702667e-06,0
0.9211515348612249,0.004863386787117494,1.8482767893379028e-05,2.201563295991797e-07,1.652572879456586e-05,1.2576240989850415e-05,0.07393727345765035,0
0.9401021687426467,0.00488834876622583,1.8577633156253215e-05,2.2128631122321576e-07,1.6917411505336118e-05,1.2640790218318443e-05,0.05496112536993624,0
0.9589347836579329,0.008040680547781351,1.6243127500653495e-05,1.9429868339423806e-07,1.4854198453376774e-05,1.1099145188445627e-05,0.03298214502446009,0
0.8770391279699259,0.12049671041854795,1.2834868968582889e-05,1.4167739665232047e-07,7.866013260223042e-06,6.0919938409428e-06,0.002437227058059964,0
0.8485450929308656,0.1497305498785144,1.2862466029023648e-05,1.532104567280956e-07,5.032234865799954e-06,7.07242870352266e-06,0.0016992368505649596,0
0.8634103146346386,0.13420841190004504,1.3646802280790627e-05,1.6536547265448673e-07,7.799227661299087e-06,7.63352280483552e-06,0.0023520285470967957,0
0.7736838419110811,0.22436801799715736,1.3373222676045455e-05,2.0722157145180023e-07,6.610068980883247e-06,7.80191261174846e-06,0.0019201476659216588,0
0.7229160589709712,0.27577640241853674,1.2319112953084798e-05,1.8327865979857156e-07,8.225268209069942e-06,7.30843458470648e-06,0.001279502516085668,0
0.6814703092818045,0.3171891282862154,1.3103260188448484e-05,1.9494487756356282e-07,8.748830364139878e-06,7.773637622965732e-06,0.001310741758926912,0
0.7185318331446487,0.2803067739207765,1.3815876400102723e-05,2.1601116573907887e-07,9.228820024306342e-06,8.196404179836387e-06,0.0011299358228045507,0
0.7110007829765801,0.2876581096009675,1.3671069930179679e-05,2.13747117229322e-07,1.0385287933466783e-05,8.110496321299394e-06,0.0013087268211502113,0
0.5001688683477745,0.49824793833752135,1.4977516363190346e-05,1.784037460218741e-07,1.8342742844851442e-05,7.968465994796775e-06,0.0015417261857553284,0
0.5826678565734376,0.415971885003146,1.3193092077624212e-05,1.5714868815261372e-07,1.1443425688090863e-05,9.779320784010338e-06,0.0013256854361784096,0
0.7425947266809519,0.256942900343128,1.322268006018969e-05,1.707772809684617e-07,1.0380550204100854e-05,7.698398307909661e-06,0.0004309005700669294,0
0.8242271590147525,0.17572736780251566,1.1861966981641024e-05,2.403559597209131e-07,1.0056465025375271e-05,9.787684337419929e-06,1.3526710427668347e-05,0
0.800331258759615,0.19961290220969935,1.2699503042613544e-05,1.9133212555323326e-07,1.3323725358228852e-05,1.2337566690474449e-05,1.7286903468876284e-05,0
0.816943827742533,0.18300736527438463,1.724775615803041e-05,2.4589656736442273e-07,1.5678102979677945e-05,1.2135240093175204e-05,3.4999872841165848e-06,0
0.5993557186187689,0.4005757434091301,1.6855859712711313e-05,2.087560221938317e-07,3.0722588561209306e-05,1.6848612514757595e-05,3.902155290244972e-06,0
0.5916752709806546,0.40826104771650384,1.5661436633029464e-05,1.939633616484396e-07,2.854555520482672e-05,1.5654702978771914e-05,3.6256446631627823e-06,0
0.6072395101460646,0.39270860052327483,1.7269757833505642e-05,1.9566408559437023e-07,1.8106678576610425e-05,1.1510651742363513e-05,4.8065784226273055e-06,0
0.6260418155571716,0.3739061180972336,1.8742902591782142e-05,2.040423545345332e-07,1.6451783314847924e-05,1.2003533896393582e-05,4.664083437296609e-06,0
0.6571938808942397,0.34275773107477014,1.263291519015356e-05,1.931360999684381e-07,1.9992312855570925e-05,1.2012687283512458e-05,3.5569795609215964e-06,0
0.49768435598002186,0.5022405137239158,1.8383070037650467e-05,2.8759047399506976e-07,3.596942735087923e-05,1.590784642270494e-05,4.582361777128806e-06,0
0.890683735572196,0.1092622625046793,2.669850597929507e-05,1.273398829070101e-07,1.0123734743307023e-05,1.4272330418701162e-05,2.780012100452555e-06,0
0.4830763346839949,0.5168625028087064,2.724941169213443e-05,1.726972153435236e-07,1.4133383523779051e-05,1.5721421310076447e-05,3.8855935574438825e-06,1
0.4362845191108471,0.5636513426086374,2.7931471788802653e-05,1.8170888756186723e-07,1.4870890607486707e-05,1.6541795253982105e-05,4.6124139776501015e-06,1
0.4388215748481708,0.5611224465291419,1.8342669908523895e-05,1.6088248128615232e-07,1.6347686691337932e-05,1.2652568000620977e-05,8.474815605429576e-06,0
0.4217331209036681,0.5781955018301782,1.6968445394632702e-05,1.795752523937695e-07,3.597286308298973e-05,1.3593047124605525e-05,4.663335299096239e-06,0
0.42207527718387816,0.5775294461665343,2.9536590422382717e-05,0.0,0.0003389730277119127,1.987364131763069e-05,6.893390135664513e-06,1
0.6698363490220834,0.33008365309795745,1.7137090678707526e-05,2.1134229291877215e-07,3.59864920201251e-05,2.1652848815868682e-05,5.010106151471773e-06,1
0.35356695651082437,0.6447696278752968,1.7489071089080685e-05,1.4842173414972188e-07,0.0016133197763234745,1.5994124909304504e-05,1.646421982294974e-05,1
0.17584675425594085,0.811029931266011,0.0002351457810442931,1.6477645861537323e-07,0.012541755826801714,0.00033266122355858743,1.3586870185025523e-05,1
0.17874310589711165,0.7963902577760482,0.00021704092719023667,1.8235991203533046e-07,0.02330954657057899,0.0013299090784383908,9.957390720681324e-06,1
0.0612988024598296,0.9298793749371885,0.0002797902115479467,8.595093887220779e-08,0.008147308654544105,0.0003914270621603148,3.210723790589602e-06,1
0.04431228033084942,0.9532884717949152,1.0418452443894037e-05,9.407381419273872e-08,0.0023740328842810497,6.633852236818412e-06,8.068611459598228e-06,1
0.027970959932891084,0.969468204722589,1.0062442060155884e-05,8.323108113426808e-08,0.0025388699444577213,5.453636978264535e-06,6.3660899426964416e-06,1
0.040694874701494355,0.9592676989676474,9.87512612372421e-06,6.913706218706247e-08,1.144688007437249e-05,8.545402261468996e-06,7.4897853364078184e-06,1
0.031053856696860765,0.9688870713270853,1.0488013429516171e-05,6.254361441300973e-08,1.7416794942634516e-05,7.730446263384784e-06,2.3374177804193386e-05,1
0.6080935326406276,0.3917912967207599,3.934198405338505e-05,2.431849837773438e-07,1.588379789921869e-05,2.0020008539470293e-05,3.968166313659186e-05,1
0.400686881469087,0.5990673271624568,4.4177173290389404e-05,2.683092386211637e-07,2.2783162115694518e-05,2.209501112971211e-05,0.00015646771268178805,1
0.49127129740810493,0.5085772329617065,4.964115175809034e-05,3.014946100091114e-07,2.5306535847007843e-05,2.4827794964992558e-05,5.1392653008474536e-05,1
0.5140760149754162,0.48579117779911923,3.4103462694199464e-05,2.3426226872348433e-07,3.133914749397662e-05,1.9048440402618526e-05,4.808191260506386e-05,1
0.26306915188930197,0.7368725041069012,2.5850022530182894e-05,1.6310541270133056e-07,1.4756255918924321e-05,1.3928937295902345e-05,3.6456826389892206e-06,0
0.2844740425061984,0.7154271578907033,1.9559354579226122e-05,1.7218079324167223e-07,1.3607278918461326e-05,9.941452973148996e-06,5.551933583415255e-05,1
0.2693353322764709,0.7303245215218612,2.1219104467134993e-05,1.8679155409911113e-07,1.4761952993629835e-05,1.0577328556224682e-05,0.00029340102409692096,1
0.30009472832134126,0.6990131153744312,2.3166633109137434e-05,1.8093250059456814e-07,1.6116832334156008e-05,1.0594236379170002e-05,0.0008420976699046676,1
0.3327591054771735,0.6664476716277791,2.387614992677023e-05,1.8393872414284233e-07,1.6384616180216342e-05,1.1774320894768209e-05,0.0007410038693214337,1
0.36466364586325944,0.6346002668947047,2.3707864176403548e-05,1.888850278502544e-07,1.570167652672844e-05,1.2097282988501664e-05,0.0006843915333163081,1
0.37022308737589465,0.6277191655645485,2.3149905855393427e-05,1.904873724155905e-07,1.6388497190636426e-05,1.2193514224229533e-05,0.0020058246549142303,1
0.40088484775576955,0.5967673964238936,2.7316042152355486e-05,2.0066921306124788e-07,1.7584098944210646e-05,1.285200995076424e-05,0.0022898030000763716,1
0.806960789216064,0.18865602698264242,2.313927557716624e-05,2.0567686436512393e-07,1.8022905847682114e-05,1.3172728726731778e-05,0.004328643214277791,1
0.7947560963997843,0.20052159747401715,2.150644397283145e-05,2.2719016391988892e-07,1.8498020291463644e-05,1.3584350205824634e-05,0.0046684901215644625,0
0.8739503798309102,0.1208774952385998,1.4224873661702505e-05,1.703627460629473e-07,1.4510247261327846e-05,1.0801405538338222e-05,0.005132418041282629,0
0.8750398818131522,0.11966527508943833,1.4665184572506238e-05,1.7563608469989823e-07,1.4959391509604987e-05,1.2111280100001759e-05,0.005252931605142859,0
0.8912185564869562,0.10264304733945806,1.771963965339176e-05,1.7915354908812777e-07,1.5690514329340775e-05,1.227894492959864e-05,0.006092527921124117,0
0.892269211602152,0.09643790221440046,1.9692049304531365e-05,1.7944813265433915e-07,1.543874105971915e-05,9.419596302932663e-06,0.011248156348647504,0
0.9169653435006881,0.06884581570501977,1.5560861283880577e-05,1.6608939396668214e-07,1.3261615295431673e-05,8.722939395274499e-06,0.01415112928892361,0
0.8219899338476074,0.15735134354599042,1.8731105501745467e-05,1.6425780992189884e-07,1.4139256574352797e-05,8.58412691786542e-06,0.020617103859598057,0
0.73832933906751,0.25218407824777306,1.923354041548612e-05,1.9011427486777662e-07,1.2324057033650254e-05,1.229035540430666e-05,0.009442544617588644,0
0.6591012864002505,0.33053628241320376,2.5521063734912718e-05,2.115845002493935e-07,1.3715853006427152e-05,1.3368975918465345e-05,0.010309613709385625,0
0.8345169099658708,0.14995636672497584,2.3745496747807267e-05,2.577924910512773e-07,1.6395349762722956e-05,1.4999935322551015e-05,0.015471324734829017,0
0.5882925409961173,0.004200795162149333,2.3384050595861246e-05,1.977065131555362e-07,1.2088298421540377e-05,1.2249521122608228e-05,0.4074587442650804,6
0.25164193469110224,0.00237936888476729,1.2246186893878963e-05,1.0528876683961728e-07,7.155371558129566e-06,5.86916269211904e-06,0.7459533204142195,6
0.0034986872496966994,6.042399744076317e-05,3.6467091288770897e-07,1.4839295541751304e-09,1.6344837504399124e-07,1.384288616639959e-07,0.9964402207207835,6
0.0053037776866128854,8.314693858621214e-05,6.311529994117057e-07,2.3364022882314428e-09,2.4429284240563234e-07,2.603049708802303e-07,0.9946119372875859,6
0.01440133674434034,0.00022214471199532958,7.565007358727238e-07,3.1232875571166305e-09,3.4270784269472974e-07,2.9120475113130714e-07,0.9853751250070472,6
0.005163986043729441,0.00032328147380406377,2.6790712944937155e-07,2.4992379734460717e-09,1.1937063932928412e-07,1.216479948982346e-07,0.9945122210574647,6
0.09283440227722847,0.012362859521119736,3.858954906200764e-06,4.8854416581374095e-08,1.8137296727050202e-06,2.5444116987528734e-06,0.8947944722509577,6
0.9378401334682266,0.04990581722466368,3.475436545914261e-05,2.3656283382640261e-07,7.705971141872766e-06,1.1629980166193913e-05,0.012199722427508905,0
0.9347704257624743,0.05070228542055364,3.13834144812436e-05,2.136177532448236e-07,6.958541269015625e-06,1.0501946536569285e-05,0.014478231296931902,0
0.9085050775398295,0.08785575607162995,2.0560623353461222e-05,2.262044762310243e-07,7.49959606510596e-06,1.035997001899815e-05,0.003600519994626966,0
0.897732706604054,0.09851725548398921,2.1186725784550688e-05,2.86433085464804e-07,7.727970236833657e-06,1.0675446952912061e-05,0.0037101613358970307,0
0.8827414003000302,0.11718282925408083,1.2953990931571417e-05,1.3757273679656864e-07,4.299281503121789e-06,6.805679916913157e-06,5.15739208006575e-05,0
0.8977662559476689,0.10128394286523693,1.1221040672569342e-05,1.1614910218991932e-07,3.517115583518268e-06,6.449088722110119e-06,0.0009284977930139114,0
0.8416279680217855,0.15546172018687668,2.1518737243207404e-05,1.5281604186982848e-07,5.265077206369774e-06,8.427767729336351e-06,0.0028749473931167567,0
0.7710577257946954,0.2239559161787521,3.536475092524155e-05,1.5101020530691432e-07,1.5325380871234812e-05,1.1056449806132708e-05,0.004924460434744608,0
0.9154221439956324,0.08100593411993845,3.312560215385432e-05,1.6078051511342576e-07,1.6532253288882e-05,1.1771798412847791e-05,0.00351033145005855,0
0.9371359048058355,0.0616526171998529,2.473321806262933e-05,1.3535923595694425e-07,7.999211057215229e-06,9.36442347558122e-06,0.0011692457824802088,0
0.9481114603864506,0.05155167906472959,1.3506308741638388e-05,1.0269492973989241e-07,5.3482244753932205e-06,7.869119922802307e-06,0.00031003420075020524,0
0.9450896759462293,0.05447204904796585,1.1882247540678287e-05,1.254246813315926e-07,5.651198006128002e-06,8.314900584731523e-06,0.0004123012349920901,0
0.9560965170012737,0.04378197436584452,8.763852354021892e-06,8.003433778887912e-08,6.973682540328794e-06,5.805062168488213e-06,9.988600148133597e-05,0
0.9418832141355081,0.05801318500614031,9.07409875104589e-06,8.286760835690791e-08,4.671192810606355e-06,6.611430655170701e-06,8.316126852625123e-05,0
0.9452215515158334,0.05468102241419554,9.869623976346649e-06,8.517086428999971e-08,4.801025839083606e-06,6.255739470300502e-06,7.641450982094753e-05,0
0.5955526107503589,0.4043877719026395,1.8605485872686474e-05,1.397634489800888e-07,1.075548021853974e-05,8.430606181712647e-06,2.1686011279431577e-05,0
0.5813246650929454,0.41859933078963835,2.3123849836262108e-05,1.7370516571986728e-07,1.4060139395243686e-05,1.2535126215070536e-05,2.6111296803789036e-05,0
0.6613542962019126,0.3385732005204022,2.5391389777834166e-05,1.992457694560962e-07,1.5941925494175477e-05,1.3162714521488092e-05,1.7808002122278105e-05,0
0.4784989679935922,0.5214438068837174,2.311440574993599e-05,2.240831223741763e-07,1.384609781160157e-05,1.2428060860320871e-05,7.61247514627426e-06,0
0.3508503188940496,0.6490775288583287,2.756218908604018e-05,2.477722084329672e-07,2.1798316844137302e-05,1.4942312674712363e-05,7.601656808392127e-06,0
0.3348684880111027,0.6650546561437082,3.056850975497492e-05,2.7479773637903686e-07,2.1009605278020194e-05,1.657213181917304e-05,8.43080060063149e-06,0
0.3029829829570815,0.6969171713944781,3.362007260666012e-05,3.205013613670859e-07,1.99788543922392e-05,2.471163228494134e-05,2.121458779547235e-05,0
0.3921097915359041,0.607789664518452,2.9015551142192762e-05,2.7772873359978927e-07,2.4972557632436585e-05,2.045852377229052e-05,2.58195843633382e-05,0
0.5359176231048824,0.4639981279947871,2.6622529096665427e-05,2.4100232051959764e-07,1.9371796872398503e-05,1.5608329105681353e-05,2.240524293529831e-05,0
0.5788057363721915,0.42112293283421415,2.203308728674926e-05,1.9880404367655844e-07,1.748458489304542e-05,1.305412893750607e-05,1.8560188433570666e-05,0
0.9108776767676323,0.004458972178318802,1.807890265188913e-05,2.1534571412578224e-07,1.614307439421994e-05,1.100658154647158e-05,0.08461790714974218,0
0.9235638709080768,0.004555659690372456,1.8470922168532638e-05,2.2001522999122772e-07,1.649311777589062e-05,1.0171249382697604e-05,0.07183511409699371,0
0.9478008160236449,0.025056269983450317,1.480562301655327e-05,1.7635624921314695e-07,7.836290821131719e-06,8.097729365133145e-06,0.027111997993452788,0
0.9228505079448123,0.0730267065093511,1.4177207278792425e-05,1.6955617605903244e-07,7.273379455813335e-06,7.78549119772591e-06,0.0040933799117280935,0
0.8792103499850622,0.11840119571071507,1.3896532860564828e-05,1.769200319703265e-07,7.265016725892073e-06,7.773212970820743e-06,0.002359342621633621,0
0.8473689517146931,0.14964233145977757,1.3804900466759266e-05,1.757534383887287e-07,6.826534693406549e-06,7.947288005272226e-06,0.002959962348925655,0
0.8352217109991364,0.16183241616039748,1.3607003849607208e-05,1.732339699583897e-07,6.728674652622534e-06,7.83336169225291e-06,0.0029175305663017735,0
0.7070652359788975,0.29156883487876833,1.335498056675068e-05,2.053341101239448e-07,7.995742047914614e-06,7.79127019996639e-06,0.0013365818154094447,0
0.5825847431346122,0.41574383015132327,1.5109246776869791e-05,1.8618156347959444e-07,1.4966270324172078e-05,9.09815798416633e-06,0.0016320668574158095,0
0.5802609137385931,0.418452312355063,1.3138592729346404e-05,1.5649952258652512e-07,1.3713477760383481e-05,9.738923384659802e-06,0.0012500264129468252,0
0.6568073597659874,0.34186941486839517,1.3312454423810361e-05,1.7318859817097487e-07,1.088304912793267e-05,7.807097077244728e-06,0.0012910495763902912,0
0.8193638108353006,0.1799344697859667,1.3246470423570982e-05,1.8910395988126084e-07,1.439603367236831e-05,9.30371184869717e-06,0.0006645840588282954,0
0.7895347051946628,0.21039156092908692,1.767065470946773e-05,1.8208014807010448e-07,1.134474477113743e-05,9.83576863299034e-06,3.47006279885508e-05,0
0.8026592956839564,0.19727892371907096,1.1589848914810953e-05,1.707320174024776e-07,9.759092796919038e-06,9.222755139499851e-06,3.1038168103889414e-05,0
0.7954652910916568,0.20448595904417194,1.653529478830426e-05,1.8440638485397386e-07,1.5775588658334287e-05,1.1890977872674104e-05,4.363596467423531e-06,0
0.8126402906042884,0.18731684290773373,1.263245289467857e-05,2.2438653095330003e-07,1.4542665719848897e-05,1.2004657537638648e-05,3.4623252947042426e-06,0
0.7434532460647069,0.2565004923897731,1.564268057965286e-05,2.506539983083651e-07,1.3439112885496415e-05,1.3409964481148045e-05,3.519133575366207e-06,0
0.6017553404096876,0.39818400656925945,1.7832259263514152e-05,2.2084851048997798e-07,2.0647127854592887e-05,1.7824592261353043e-05,4.128193162978623e-06,0
0.587855588234297,0.4120872689168029,1.5309195395797502e-05,2.1542688705380883e-07,2.1376683707400103e-05,1.349042939911028e-05,6.751113510875473e-06,0
0.5360847960409688,0.4638604811878562,1.575458283063815e-05,2.1083756988745494e-07,2.167132608956578e-05,1.3203037885128285e-05,3.882986799912653e-06,0
0.522430515088337,0.47749797490367774,1.5956500818063538e-05,2.368736827942196e-07,3.580957787091895e-05,1.5144562799523438e-05,4.362492813911812e-06,0
0.7524096546181769,0.24753886818286736,2.4133257646094862e-05,1.8225968400539438e-08,1.1287363059742872e-05,1.3576393180242904e-05,2.461959101286747e-06,0
0.676315656527043,0.32363247486799396,2.3505764391001104e-05,1.7752071655781473e-08,1.232213117307276e-05,1.3625012076029398e-05,2.3979452514771217e-06,0
0.21675637763846542,0.7831754690210125,3.2581616080402255e-05,2.09039348269156e-07,1.3888766321075344e-05,1.8343586196312666e-05,3.1303325760934713e-06,1
0.2515402297352012,0.7483995453206457,2.3711289015683612e-05,1.7500198400800866e-07,1.2523920877826474e-05,1.56696353405418e-05,8.145096935046379e-06,1
0.5037558606319119,0.49617945730158897,2.9618027336233798e-05,1.7869267515346044e-07,1.4624046518701617e-05,1.6267215574518724e-05,3.9940843944549045e-06,1
0.5159491616561644,0.4839914201876497,2.336707398772152e-05,1.837228246939344e-07,1.5035709396392282e-05,1.6725133208113295e-05,4.10651676900035e-06,1
0.4922058667930882,0.5077175605352134,3.552645476691424e-05,2.0333703858388725e-07,1.6951024220737077e-05,1.8634259263500905e-05,5.257596408640855e-06,1
0.497734471405983,0.5022018354274898,2.6135316347050843e-05,1.8848927633892942e-07,1.5425791477404763e-05,1.715904521020328e-05,4.784524216113674e-06,1
0.44582142282814924,0.5541159007008598,2.6585844960183063e-05,1.811258783644027e-07,1.4823163762503133e-05,1.6488721246953344e-05,4.597615143055022e-06,1
0.5398399967011271,0.46009474352377566,2.1771152410742503e-05,2.1319101579158622e-07,1.9460026143684816e-05,1.840386383326929e-05,5.4115416936430176e-06,0
0.5531194444808748,0.4468212820946611,2.0192611733873663e-05,1.7627786721975828e-07,1.5583038305610247e-05,1.2847724528711e-05,1.0473772028550909e-05,0
0.3789805622188467,0.6209546080037149,2.2931320057724882e-05,2.1260001575071475e-07,1.9589470358616827e-05,1.6699846983185926e-05,5.396540023191542e-06,0
0.6490617405823551,0.350875714009235,2.20208119870189e-05,2.2020090551261433e-07,1.8508318629055228e-05,1.7279887924821094e-05,4.516188963377984e-06,1
0.6247859216782009,0.37515028126599864,2.288700446546766e-05,1.8338204748028423e-07,1.890290599555924e-05,1.747648612619121e-05,4.347277165690544e-06,1
0.6075605152780604,0.3923787074382781,2.2256007607951143e-05,1.7832618724922623e-07,1.8381751106149193e-05,1.3723670014815779e-05,6.237528745223101e-06,1
0.6315164762854527,0.36842691207423295,2.1590421754143164e-05,1.6082477480810772e-07,1.4496967393126451e-05,1.4236926930449238e-05,6.126499461869873e-06,1
0.37901769096157173,0.6209101375937103,2.1647238313458802e-05,1.7121752398025763e-07,1.4679898045805837e-05,1.571721256278383e-05,1.995587827195303e-05,1
0.19446639695431478,0.7901891580818067,0.0001891340379393043,1.75449215548336e-07,0.01419954433417411,0.000940116360451119,1.5474782098390135e-05,1
0.43360999330251093,0.4746610516517323,0.0013331794391331004,2.603095569687785e-07,0.08647888640904314,0.003912233283857039,4.395604166616322e-06,1
0.34076795986011665,0.5610356239786038,0.0006258933585999309,3.4115278185123095e-220,0.09576376018570225,0.0017990317097184322,7.730907258790754e-06,1
0.06529626682387998,0.9190065796534991,0.0003403380856173858,1.320260319429036e-07,0.014347767549256638,0.0009989170361241208,9.998825590871512e-06,1
0.030983783682049452,0.966494653174951,1.1146293471980998e-05,9.219611410099799e-08,0.0024973526088699367,5.920246744777201e-06,7.051797798796168e-06,1
0.022300700844349687,0.9760014992775261,8.931898317603463e-06,7.387983444885232e-08,0.0016783023527037354,4.84090548395431e-06,5.650841784623582e-06,1
0.2136294077918491,0.7862643014143672,2.1710347426260677e-05,1.1241811855738284e-07,5.678847828151352e-05,9.907620772660417e-06,1.777192918479692e-05,1
0.06373616772735628,0.9362169279106412,1.3565449581405402e-05,9.938581736987524e-08,1.2235618484832509e-05,7.521158536098736e-06,1.3482749582872427e-05,1
0.11798585095078297,0.8819142003835742,2.680085527430636e-05,1.798242814333701e-07,2.2952215739952165e-05,1.4808358892452221e-05,3.52074114547053e-05,1
0.1340594446799329,0.8658653562935396,2.0561660175918654e-05,1.3877756128576366e-07,1.6840494479105724e-05,1.0375419592754999e-05,2.7282674718553036e-05,1
0.25504007740438756,0.7446496012196181,5.4592106783394994e-05,3.4046939552868335e-07,5.110498824426652e-05,3.0785177720984756e-05,0.0001734986338501892,1
0.25506956954673776,0.7447357104784595,5.660756223046716e-05,3.4050876648551886e-07,4.5174802378958236e-05,3.078873763538277e-05,6.18083637914926e-05,1
0.2743453474654036,0.7255373832810408,2.7981259908415155e-05,1.8887530450477234e-07,1.594583106810151e-05,1.2218914814167795e-05,6.0934372460295356e-05,1
0.4688224393125672,0.5310974020507736,4.1090096359561885e-05,2.0249206681342457e-07,1.7448562077131884e-05,1.5167869956816345e-05,6.249616198971787e-06,1
0.31328709315941583,0.6866516805802452,2.929746203588473e-05,1.653319022321048e-07,1.5273919967223367e-05,1.1386823395365795e-05,5.102723038274011e-06,1
0.24378118435137924,0.7561548639987956,1.9826668690369305e-05,1.4938269011169153e-07,1.3793247103374192e-05,1.0077320987311975e-05,2.0105030354113803e-05,1
0.2543979930054724,0.7455001214153273,2.0530348985276758e-05,1.8072844681530254e-07,1.4282791582127113e-05,1.0434981283903972e-05,5.6456728902184226e-05,1
0.24657760634298692,0.7533203999243061,2.0373953943696144e-05,1.7332815135752262e-07,1.638199324659536e-05,9.175158312082064e-06,5.5889299053374844e-05,1
0.4207717832686464,0.5782181883301748,2.3418851055345956e-05,2.0840776753880726e-07,1.889799926816552e-05,1.3340637994523469e-05,0.0009541625050933985,1
0.7720123846707191,0.22672735915393735,2.2539470809086723e-05,2.1995532660940614e-07,1.630907687578585e-05,1.3158653029253983e-05,0.0012080290193025066,0
0.8668000569380173,0.12796455892494604,1.4108491265013739e-05,1.6896890417972086e-07,1.2910216104909577e-05,1.0713032629442477e-05,0.0051974834281330725,0
0.8654535971518796,0.12783813805439123,1.4993241125664966e-05,1.7595568841182601e-07,1.4333975099891714e-05,1.2075828296190163e-05,0.0066666857935188594,0
0.8769002414970476,0.11517811706201078,2.0176041751430805e-05,1.8462788802172904e-07,1.61784411335875e-05,1.3458472839133301e-05,0.00787164385732918,0
0.8960587509156078,0.09828353281332268,1.571510479000206e-05,1.7145455610671511e-07,1.3936136102314718e-05,1.1757426520181491e-05,0.005616136149100883,0
0.5930592927315272,0.3934324919926949,1.7874312706401096e-05,1.9038371895189685e-07,1.234152360349298e-05,1.1010654298383829e-05,0.013466798401450424,0
0.38637769022332785,0.0035466048319991814,2.6461837523243316e-05,1.9844875191414647e-07,1.27160929362324e-05,1.3218863625313019e-05,0.6100231097018363,6
0.6168639183426129,0.003926366091349615,1.8977725134078388e-05,2.0613928414024689e-07,1.2603900313236758e-05,1.169036114861389e-05,0.3791662374401576,6
0.6060435234213256,0.004303142599274855,1.864483732113888e-05,2.0252339999325083e-07,1.2382815605763217e-05,1.2547966308465003e-05,0.38960955583676443,6
0.23987540281791314,0.0016964316644945904,9.567705647758746e-06,8.226004860667909e-08,5.481630583586542e-06,4.691573172077658e-06,0.7584083423481404,6
0.010151243535772887,0.00016198709663615003,4.767034374192855e-07,4.212232843023986e-09,1.9708181996084535e-07,1.9098023823905543e-07,0.9896859003898624,6
0.04257352369943761,0.004454922441093373,2.0540946434888385e-06,2.101543260637168e-08,8.826552127525942e-07,9.370501132662951e-07,0.952967659044067,6
0.10196223771746872,0.013353177816843788,4.054679964809515e-06,5.548226873605303e-08,2.534016764661722e-06,2.655828199306273e-06,0.88467528445849,6
0.08005991246873967,0.0186792823946218,3.4249165356984854e-06,6.032092782593696e-08,1.8934832017393142e-06,2.2116646888743254e-06,0.9012532147512845,6
0.8993805204509272,0.09867095257411329,2.1003092846702364e-05,3.203006090915719e-07,5.812146968718075e-06,1.1218051448598801e-05,0.0019101733830867332,0
0.9073257600698972,0.092599303902952,2.2527408396103874e-05,2.175357237426729e-07,7.217989496953758e-06,1.0353052747436109e-05,3.462004078662019e-05,0
0.9701491311270262,0.02982045118031176,6.930502480866976e-06,9.873042809545155e-08,2.907549544922963e-06,4.142776545976924e-06,1.6338133662343155e-05,0
0.9179851378356412,0.08195556923457073,1.1431888717976443e-05,1.5812466220492455e-07,4.2348374055429495e-06,7.822377187480458e-06,3.5645701815002884e-05,0
0.9294407788568826,0.06855692103707561,1.6713247499132514e-05,1.186896935792295e-07,4.808528583541646e-06,6.042707108052426e-06,0.001974616933157542,0
0.8866235318900103,0.11057656826214,2.363797328316561e-05,1.678658684351175e-07,6.8004829570800195e-06,9.510829472933018e-06,0.002759782696268146,0
0.43525560753003545,0.5584621137314298,1.5625835205712737e-05,6.698085793606623e-08,5.040599671504242e-06,7.0530894311452574e-06,0.006254492233368446,0
0.5002849647790757,0.4978691205531088,2.171554156072075e-05,7.692661428281733e-08,9.706625326319915e-06,1.0120352429713225e-05,0.0018042952218844325,0
0.48275898314603966,0.5103815991306649,3.492887160297465e-05,1.6848714471179615e-07,1.6132585678253028e-05,1.2004795445449115e-05,0.006796182983424051,1
0.885188456600034,0.11085921227089117,3.9013306958972076e-05,1.8940499304907454e-07,1.947067616422432e-05,1.3864103746900026e-05,0.003879793637211694,0
0.9303691431580795,0.06622269574023362,6.816660226955924e-05,1.4643382565269487e-07,1.152576186479727e-05,1.072094471844681e-05,0.0033176013590085337,0
0.9405269158108452,0.057994137830466246,2.1648524645902386e-05,1.2732699021141244e-07,7.101024163276475e-06,8.808736602134171e-06,0.0014412607462871286,0
0.9481628314026873,0.05069973675627634,1.499268043825345e-05,1.2744407145404537e-07,7.107553782264737e-06,8.817196931422296e-06,0.0011063869658129199,0
0.9298877610673508,0.06958591151033465,1.52606384603694e-05,1.2851558017545935e-07,6.327424893370839e-06,9.847657668306066e-06,0.0004947631857122318,0
0.9546376087981954,0.04463281210484496,1.082233280840286e-05,9.88330479180069e-08,5.16853331458099e-06,6.528140107559934e-06,0.0007069612576811051,0
0.9495997233953597,0.05026311361639193,9.665544490473728e-06,8.826888238355659e-08,5.525264695854843e-06,6.327643739591523e-06,0.00011555626644019117,0
0.941869821784067,0.05801236013427705,9.073969729190884e-06,8.286643008754548e-08,4.671126392334078e-06,6.61133664924562e-06,9.737878245501745e-05,0
0.941883676311505,0.05801321347283471,9.602726735772207e-06,8.286764901950698e-08,4.6711951027304334e-06,6.611433899356932e-06,8.214199227306746e-05,0
0.9088276049964148,0.09106919393004391,1.2544577171338689e-05,1.0167609298443509e-07,5.7314147708215295e-06,8.112028950564524e-06,7.671137655557369e-05,0
0.8851444361865881,0.11474264274331694,1.4010818346288213e-05,1.1356024595392621e-07,6.3276738660197954e-06,9.060182937521983e-06,8.340883469941192e-05,0
0.8561926349188866,0.14375271308566157,1.7038307582379636e-05,1.3186865858042811e-07,7.728586055689119e-06,7.962062548463719e-06,2.179117060661536e-05,0
0.796343796000527,0.20359395604544145,2.015222848308827e-05,1.5211459546457073e-07,9.018920770639514e-06,9.322247218220716e-06,2.3602442964045668e-05,0
0.6079856693620346,0.39193416646321805,2.6004636061532953e-05,2.3586897016642017e-07,1.9091836364271917e-05,1.5164677062895033e-05,1.9667156288580114e-05,0
0.6583812718190761,0.34156187622708845,2.4596648749973613e-05,2.2309815051722136e-07,1.2201241031329995e-05,1.2982721608544112e-05,6.848244295025317e-06,0
0.7099709876607857,0.2899678830180268,2.76766426638282e-05,2.4817277783917385e-07,1.1090641533398362e-05,1.4441886129649248e-05,7.67197808273382e-06,0
0.4289620906238055,0.5709774072376974,2.5310116431935497e-05,2.986406306471626e-07,1.2886633808778139e-05,1.3608641762238372e-05,8.39810586352667e-06,0
0.31702859169717096,0.6828920749527675,2.7916170645458266e-05,2.698224178548504e-07,2.659711226964433e-05,1.6272087009810184e-05,8.278157718798626e-06,0
0.27325266590735875,0.7266573607286061,2.7954009659190694e-05,2.726135529103268e-07,3.040526285097822e-05,1.6449029466486456e-05,1.4892448505380415e-05,0
0.3797894441775581,0.6197369096385711,1.9177983663941597e-05,2.23084994665068e-07,0.0004365426254240288,1.1752539196237095e-05,5.9499505919006025e-06,0
0.40941818751364717,0.5898776969903116,2.0892836348147475e-05,2.4303275917519937e-07,0.0006614277908050053,1.4014846860988636e-05,7.536989267971129e-06,0
0.05038526609437753,0.0008864264792979925,1.3647946157300265e-06,1.625666539714976e-08,9.156025972140156e-07,8.097539873130337e-07,0.9487252010184587,6
0.9415012101648661,0.009053502396375417,1.6119621813285252e-05,1.928213205867132e-07,1.4454566396454566e-05,9.85533237822589e-06,0.04940466509684975,0
0.9182101764129443,0.00582746961544497,1.9519540922660268e-05,2.3250578645925022e-07,1.7429453950989597e-05,1.1883653728977828e-05,0.07591328881722159,0
0.9185466978329978,0.005464243593538777,1.9526694778932858e-05,2.3259099916919382e-07,1.7435841796327206e-05,1.0752624065229516e-05,0.07594111082182353,0
0.9487256244578975,0.018766979911133345,1.4817864539238773e-05,1.7650206334221528e-07,9.023064167940543e-06,8.104424695523058e-06,0.03247527377550283,0
0.9414369517509154,0.03775552358713174,1.4328543778538818e-05,1.7067354981578774e-07,8.725101353473623e-06,7.836797518439108e-06,0.020776463545752622,0
0.931512462358692,0.04583422726589554,1.568068543161219e-05,1.8677950024247885e-07,1.1330318239144225e-05,8.576332569255288e-06,0.02261753625967207,0
0.9030292309070443,0.09540923686115783,1.3378901488965387e-05,1.476826867235056e-07,7.596587324649284e-06,6.316561165423957e-06,0.0015340924991322999,0
0.8657221734611072,0.13143981011434727,1.529240240168446e-05,1.9469117577426756e-07,6.798545606927684e-06,8.682315392167282e-06,0.002807048469968911,0
0.8605000643469396,0.13672577982666567,1.4018825820690577e-05,2.1722536047172154e-07,6.929175408986284e-06,7.841619186488188e-06,0.0027451489806181767,0
0.4885295667098849,0.5102698001676806,1.2836372144688868e-05,1.5289964106275423e-07,1.5631746815052145e-05,8.263610508181199e-06,0.0011637484933256267,0
0.5709986466066469,0.42763601393804984,1.4482784092644326e-05,1.7251077363559544e-07,1.5225291762064464e-05,8.5852217518948e-06,0.001326873646922995,0
0.7884624751134448,0.21037236166303402,1.438550268202335e-05,2.894538367203125e-07,1.400142854515676e-05,1.0828028652627485e-05,0.0011256588098046915,0
0.8225118785122573,0.17685136701205442,1.7360150553237957e-05,2.503859476608151e-07,1.645964426286938e-05,9.43976285191192e-06,0.0005932445320728284,0
0.8043270666025913,0.1955894179430993,1.2669335484058067e-05,2.360333169339958e-07,1.5349798312623026e-05,1.2292966676135066e-05,4.296732051948017e-05,0
0.7900013389471573,0.2099235002199602,1.4851436812691684e-05,1.7834486784937414e-07,1.020744441013666e-05,9.633992918175218e-06,4.0289613873851e-05,0
0.810959439302262,0.18899668720935275,1.1699735600870383e-05,1.6356428290123785e-07,9.241824629606789e-06,8.83556203292487e-06,1.3932801838984748e-05,0
0.8039986202796577,0.19595727299461663,1.3197731862126878e-05,1.7593594861624412e-07,1.4911474818579437e-05,1.1942946332841581e-05,3.8786367633271284e-06,0
0.7760339803930527,0.2239162748966212,1.471783651614975e-05,2.550837326173464e-07,1.771578261712021e-05,1.3646954834963516e-05,3.409052625240407e-06,0
0.777859032617656,0.22209385705124543,1.340600040741495e-05,2.38126827027041e-07,1.7633368942110304e-05,1.2739762038475871e-05,3.093072883608684e-06,0
0.6923961325114487,0.3075604318186474,1.206681176762343e-05,2.1381409303925021e-07,1.6714102460942074e-05,1.1439033139610368e-05,3.0019084426302102e-06,0
0.718211884080193,0.281737732962934,1.5106368488349808e-05,1.8708896782310106e-07,1.826617640341634e-05,1.3326177408281653e-05,3.4971456050236836e-06,0
0.504965716161501,0.4949585870576836,1.8706008204066353e-05,2.316696941219348e-07,3.409478979246291e-05,1.8697965532456045e-05,3.9663475922800014e-06,0
0.5223707990228601,0.4775534151465945,1.756138741709997e-05,2.577660115758352e-07,3.395096567313425e-05,1.556722417689456e-05,8.448487266606532e-06,0
0.48560271868542493,0.5143215961453605,1.7724402789832312e-05,2.6015875091110256e-07,3.2086321335677614e-05,1.6291621300039086e-05,9.322665038132397e-06,0
0.6796408504932173,0.3203093438470307,2.1568688234199327e-05,1.961914346268671e-08,1.3028043115769238e-05,1.2502194473096352e-05,2.687114785479344e-06,0
0.6730721818204681,0.32687203344781207,2.272892053354635e-05,2.2447925733138928e-08,1.1797780756340783e-05,1.4304820879009695e-05,6.9307616251346535e-06,0
0.26073668827693436,0.7392040330275317,2.7157402184657916e-05,1.6019252159871726e-07,1.3110010725374653e-05,1.457866025592439e-05,4.272429846477796e-06,1
0.33115053954371965,0.6687831935931218,2.9434326148437054e-05,1.8770525952408632e-07,1.5361628252125027e-05,1.7087672555839316e-05,4.195530942599706e-06,1
0.3874423306061265,0.612481145481042,3.608831646746474e-05,2.112418208859122e-07,1.760999986626857e-05,1.780475388947951e-05,4.8096007874611816e-06,1
0.4888673198538717,0.5110670698243479,2.688719303669461e-05,1.9391185057698935e-07,1.5687001353240444e-05,1.792004721879469e-05,4.92216832117682e-06,1
0.47039700397499196,0.5295365784821626,2.817271727028825e-05,1.9193703149684656e-07,1.5707937902956438e-05,1.747291020972736e-05,4.8720404311721035e-06,1
0.6611206236091535,0.33881582343394584,1.8744005509158412e-05,1.912286616657331e-07,2.157238640081007e-05,1.851204637113174e-05,4.533289957809974e-06,1
0.6729771311400047,0.3269497459871067,1.6193366955658895e-05,2.013781673364924e-07,3.157028850095546e-05,2.0631984975338877e-05,4.525854289338672e-06,1
0.38084944863624814,0.6190892630093359,2.20079359869617e-05,2.0120007357229194e-07,1.3707448302071188e-05,1.7373683657695435e-05,7.998086395555646e-06,1
0.3654079349194511,0.6345157932074572,2.3427617682429552e-05,1.852993270669443e-07,1.4051928177592872e-05,1.700987634646429e-05,2.159715155820809e-05,1
0.14147410868026367,0.83729027834984,0.00022035401338511116,1.7212052645010056e-07,0.019350963406111667,0.0016519297018496386,1.2193728023533846e-05,1
0.41394844236481637,0.5079556733783652,0.0014974732364879267,2.464018980471503e-07,0.07270262591638961,0.00389137794351238,4.160758530460444e-06,1
0.4366280629444781,0.4751406375505287,0.0020005373378017078,2.324660309595127e-07,0.08085769778373318,0.005368906480857894,3.925436569372484e-06,1
0.09521018737162616,0.9046767447082288,1.5022531144155013e-05,1.3272118233372513e-08,6.072489445485409e-05,1.0912594846774578e-05,2.639462758118784e-05,1
0.13821677876418265,0.8616098945492444,2.799341272727876e-05,1.5543389406409752e-07,0.0001069069783447894,1.3698675882533988e-05,2.4572185724111767e-05,1
0.0522754541667103,0.9476504685301124,1.1338064091391234e-05,7.145331418384539e-08,3.486150588409272e-05,5.2740691891963685e-06,2.2532210698566552e-05,1
0.11959795045287441,0.8803405333301182,1.5838225590496133e-05,1.1603706803478124e-07,1.4073584566875365e-05,8.781623810916806e-06,2.2706745971319217e-05,1
0.1695902553422149,0.830145467329441,5.668091105002696e-05,3.401834174463321e-07,4.247157489189158e-05,2.5286646291068214e-05,0.00013949801269391585,1
0.20276417560069138,0.7970356721302245,5.8524386451534304e-05,3.116281396946172e-07,4.347171321230946e-05,2.6109062684182603e-05,7.173547859620138e-05,1
0.1694018124402125,0.8304863435557134,4.813751710621604e-05,2.7088016945519734e-07,3.464586443501938e-05,2.2695085659268258e-05,6.094656704109348e-06,1
0.3549865233710063,0.6449364588795409,3.2766372681578595e-05,2.411216312259219e-07,1.9754197889691197e-05,1.9474491413685467e-05,4.781565836453754e-06,0
0.2626872816889874,0.7372379883386129,2.8516690978274658e-05,1.8869291862603382e-07,1.5137678588662412e-05,1.4569595127448943e-05,1.631731478660893e-05,1
0.30032924906899583,0.6996170412561252,2.4304782900265728e-05,1.5335653658250088e-07,1.4167595210531809e-05,1.0350819026500813e-05,4.733121204828688e-06,1
0.26608469853828287,0.7337839556084462,2.162383122673044e-05,1.5745148829116484e-07,1.453827938946783e-05,9.738025096517047e-06,8.528826606996585e-05,1
0.3350529067828161,0.6648172203662398,2.501852085785042e-05,1.7387901260534026e-07,1.605511445243725e-05,1.1537534201959615e-05,7.708780241939469e-05,1
0.3284985325091689,0.670815097235802,2.08715870875446e-05,1.836879916914728e-07,1.66564594667032e-05,1.0780099446422505e-05,0.0006378784210368008,1
0.32039764013989425,0.678051919559836,2.0434893165201177e-05,1.8470124128286388e-07,2.00300851425549e-05,1.0839564037758391e-05,0.0014989510566828612,1
0.40735264046537956,0.590815458993581,2.3013017058508047e-05,2.2374175437482587e-07,1.886135669822921e-05,1.2489597038217852e-05,0.001777312828490171,1
0.8255825783575967,0.17298848832435057,1.9452527161674654e-05,2.0530435115174717e-07,1.6151372453479992e-05,1.3358133102258695e-05,0.0013797659809839892,0
0.8480034588874975,0.1509910079404455,1.538724428777493e-05,1.7540541045988357e-07,1.4939744372324193e-05,1.1676858604100203e-05,0.0009633539193823986,0
0.8791070793805104,0.11474379312234173,1.6186152685403316e-05,1.765937714597305e-07,1.5474433287040637e-05,1.2872824914030228e-05,0.0061044174924903445,0
0.8699273233511283,0.12395989424735745,2.0418151266038947e-05,1.868433953498152e-07,1.608341610867944e-05,1.3619972521112218e-05,0.006062474018222866,0
0.8904169858586833,0.10404269297312935,1.5689718235102993e-05,1.7037504394023612e-07,1.3603808375211052e-05,1.1683399411988934e-05,0.005499173867121352,0
0.907220536664938,0.08207499159952483,1.894447058444079e-05,1.725452048829621e-07,1.3777087588677124e-05,9.061995647002156e-06,0.010662515636512054,0
0.9097908346556832,0.08116447328744471,1.4430403909899573e-05,1.5670011808904587e-07,1.2511916825119551e-05,8.211100172577437e-06,0.009009381935846389,0
0.828837720470343,0.14814277628789074,2.6206105192492564e-05,1.819836153653951e-07,1.5665087895687365e-05,1.0390426163532588e-05,0.02296705963889931,0
0.7692213403907878,0.2089080868694627,1.8540049621330975e-05,1.6258239249997145e-07,1.3995037210847124e-05,8.496569462928782e-06,0.021829378501061755,0
0.7457954359361654,0.2064690053444429,2.0274431231086124e-05,1.7788482673366115e-07,1.530424272335048e-05,9.528087813318834e-06,0.04769027407279748,0
0.6429353961152652,0.3468566349804828,1.9894634722122714e-05,2.1201375195299198e-07,1.373647804192325e-05,1.2538776715434883e-05,0.010161587001020756,0
0.8036887416935762,0.1889711707243483,1.768225663372979e-05,2.3592022429261164e-07,1.455618381453664e-05,1.3317301486159393e-05,0.007294295919916824,0
0.8379001035597263,0.14971515793122167,2.3707301486394076e-05,2.6530118543924184e-07,1.6368977407711864e-05,1.4975807528682953e-05,0.012329421121443668,0
0.9378316756071016,0.03014049429069549,2.9176533371034517e-05,3.2353817920815433e-07,2.0565929956010416e-05,1.7981221988798847e-05,0.031959782878708015,0
0.5986310179983173,0.0046902768925555244,1.8981038801102983e-05,2.0617527775610463e-07,1.2606101057981147e-05,1.196297447418739e-05,0.39663494881951616,6
0.6489684707238158,0.07209967052768208,1.887112438098141e-05,1.9601674307748196e-07,6.116852621626308e-06,7.593464301353095e-06,0.27889908129045543,6
0.6280718552647909,0.06176100453769125,1.759096958610524e-05,1.8271961416980852e-07,5.7019055281177996e-06,7.078348744969239e-06,0.31013658625404433,0
0.7350066445656159,0.04909778503444257,1.7727038440938097e-05,1.8413297848346327e-07,5.746010644199005e-06,8.146918669375262e-06,0.21586376629920842,0
0.8865342182698365,0.08760446301627202,2.8269875578755604e-05,2.7298780827374305e-07,9.163347082870943e-06,1.1849160551196339e-05,0.025811763342870307,0
0.9124110773256875,0.07466908327353049,2.7560721686711294e-05,2.4155649383377586e-07,8.148063599917657e-06,1.1496259460837365e-05,0.012872392799540715,0
0.9314772110083425,0.0658466543049755,1.5051640947553652e-05,2.024296708943087e-07,4.843444250189234e-06,7.592907441713343e-06,0.0026484442643717496,0
0.926608559719605,0.07331004797468343,1.727538258412375e-05,1.595788504068163e-07,5.294939361476492e-06,7.594744565225153e-06,5.1067660350121566e-05,0
0.9247269167580406,0.07521101213846729,1.0698912295577712e-05,1.5918322057518255e-07,4.349148545607961e-06,6.957597231704023e-06,3.990626219859567e-05,0
0.8189148663954303,0.18092370372482935,2.3312107868104778e-05,3.1197896807205485e-07,6.981671114966503e-06,1.3717461029551733e-05,0.00011710666075960625,0
0.8874795599486405,0.11192468767336003,1.5458204852876565e-05,1.1890676444625712e-07,4.543097273806346e-06,6.274627492361475e-06,0.0005693575416161902,0
0.8768165503387712,0.12012653301328846,2.4562439334774547e-05,8.194385100432018e-08,7.060268955881268e-06,8.889639391783694e-06,0.0030163223564067644,0
0.45215080896458437,0.5437259881329608,2.9548160655361528e-05,1.4253209427708268e-07,1.0568289498109526e-05,1.0674522716439421e-05,0.0040722693974906245,1
0.7663463486949375,0.21991277526740677,3.5253288764840106e-05,1.7115054923397062e-07,1.7364978545058475e-05,1.2527911396210594e-05,0.013675558708400612,0
0.8235398790829872,0.16719445366717442,3.297243706810126e-05,1.6007728389347783e-07,1.5529610838034264e-05,1.1717368352829644e-05,0.009205287756295533,0
0.9305567050738169,0.06569804782844581,6.762655379924802e-05,1.45310180623614e-07,1.1590211665869652e-05,1.0636008259789343e-05,0.0036552490138317163,0
0.9424931022487555,0.05617059217983799,2.153886044233858e-05,1.2668199415731165e-07,6.333146181215328e-06,8.068684823359272e-06,0.001300238197965531,0
0.9321595104444191,0.06695460597472166,1.391441620133731e-05,1.182783732307135e-07,5.93889858242948e-06,8.610281582269748e-06,0.0008573017061199857,0
0.9434808381266181,0.05571948713129869,1.22646367416809e-05,1.1200463451339596e-07,5.623886657957603e-06,8.582487013993048e-06,0.0007730917270351492,0
0.9439324403916881,0.055388513327731766,1.0523019533013217e-05,9.609962215733266e-08,4.825276964952284e-06,7.36374671278714e-06,0.0006562381377473986,0
0.9439324403916881,0.055388513327731766,1.0523019533013217e-05,9.609962215733266e-08,4.825276964952284e-06,7.36374671278714e-06,0.0006562381377473986,0
0.9460375856879831,0.053325483559947984,1.0131073599835287e-05,9.252024496751209e-08,4.592108215813462e-06,6.11116559346383e-06,0.000616003884415022,0
0.9157262035130808,0.08414184763364305,1.1272350818144738e-05,9.72758297643732e-08,5.48337481497049e-06,8.500520898217131e-06,0.00010659533091516013,0
0.9095220529579918,0.09031826049789449,1.280066294959087e-05,1.1046454550998985e-07,6.474129298553845e-06,8.682960390456204e-06,0.00013161832692961168,0
0.6960347943646478,0.30390105947415036,2.7571261251826126e-05,2.500786775969282e-07,1.465666369330652e-05,1.5019410746869537e-05,6.6487468322382314e-06,0
0.704433705896705,0.2955035520628065,2.696774300087033e-05,2.4460460643543427e-07,1.4335838180239148e-05,1.4690644919962108e-05,6.503209781082309e-06,0
0.7730848160195262,0.22685550105086977,2.537815809597432e-05,2.312709272832003e-07,1.3152299357959867e-05,1.428728725399767e-05,6.633913968919038e-06,0
0.6716324878410324,0.3283125954724896,2.3212215711422368e-05,2.2503134322857684e-07,1.1038081573235895e-05,1.3770469721182606e-05,6.670888128948898e-06,0
0.5729799028461001,0.42695870285790294,2.574560315966607e-05,3.014232686576112e-07,1.119352231184733e-05,1.5611143296977305e-05,8.542603959830482e-06,0
0.5267508489978066,0.473184198177559,2.7667133709235068e-05,2.5094826630191385e-07,1.1586882433975242e-05,1.6490963775005793e-05,8.956896450202953e-06,0
0.43848896780616015,0.5614441840597879,2.624261086138856e-05,2.3590976855559245e-07,1.772695717826118e-05,1.4226928625574082e-05,8.415727618150398e-06,0
0.365540723002366,0.6343870561267926,2.5026609678992876e-05,2.440649146605377e-07,2.4188371862578663e-05,1.5269982092636038e-05,7.491842292573592e-06,0
0.4609552595868533,0.5389690544647814,2.267744958527596e-05,2.302758065444222e-07,1.5526303558668067e-05,1.5843887422982735e-05,2.140803199166702e-05,0
0.45332512234563527,0.5466137446041934,2.0310973233186966e-05,1.9533254829809572e-07,1.2975062033141197e-05,9.492217384155557e-06,1.815946497259491e-05,0
0.1271083591733634,0.0013963254937711328,3.946906636481862e-06,4.356783528178529e-08,2.564611076650038e-06,1.8905359741815444e-06,0.8714868697113428,6
0.11714532897577695,0.0019337065038108742,3.078104527129727e-06,3.811313563630175e-08,2.123646270235049e-06,1.7754764959966405e-06,0.8809139491799832,6
0.27911769533393216,0.004841967541482182,6.469898740154098e-06,7.706579272798928e-08,6.07648403941904e-06,3.912269100870084e-06,0.7160238014069125,6
0.9160393134308644,0.08186352423590289,1.3963174823895146e-05,1.558355566914774e-07,7.154141406499317e-06,7.282739485576688e-06,0.002068606441959795,0
0.7434741111869436,0.25517435015883455,1.4128912791720595e-05,2.1723339248651785e-07,8.673010517932272e-06,8.10730004080185e-06,0.0013204121974789446,0
0.7682548942533586,0.23034655945902807,1.4620328076559559e-05,2.24788949734196e-07,8.97466500450951e-06,8.389278648608121e-06,0.0013663372269340922,0
0.7788329850735691,0.2207605910859964,1.1709167201293837e-05,1.6369613827066677e-07,9.815598230470393e-06,7.379190409448983e-06,0.0003773561884551669,0
0.7900201221447765,0.20881672444651714,1.2858892442689765e-05,1.9699015997696297e-07,1.4455814644289987e-05,1.055837575884959e-05,0.0011250833357004664,0
0.8223525129608954,0.1773416822936441,1.702056903453859e-05,1.9347579361015893e-07,1.5619570513241796e-05,1.1090652448440907e-05,0.00026188047767068646,0
0.8058890727233144,0.19404850811414748,1.2324310502633356e-05,1.5310032295215322e-07,8.767260023099873e-06,8.270310465771886e-06,3.290418122371443e-05,0
0.8158971210356359,0.1840568246341755,1.653214922752061e-05,2.1864368264106169e-07,1.4491655337677375e-05,1.1193567898974356e-05,3.6183140417383795e-06,0
0.6266537615567782,0.37327756453719435,1.6801638025869266e-05,2.08084498827198e-07,3.098016646863303e-05,1.6794414140597584e-05,3.889602893288491e-06,0
0.5123825081786942,0.4875385285562331,1.751353792175715e-05,2.3985393726396464e-07,4.037774007278791e-05,1.6097802043227008e-05,4.734331097532107e-06,0
0.5220860584344712,0.47783537893274125,1.601978465586838e-05,2.3781312909846285e-07,4.3032943238612275e-05,1.4892297206536594e-05,4.379794557621676e-06,0
0.43014803321414125,0.5697231605676719,1.951118936967162e-05,2.896429069497223e-07,8.553307089236378e-05,1.8137973586288296e-05,5.334341431531649e-06,0
0.7709824074483159,0.22895928111765018,2.1431734274345945e-05,1.8571722462379587e-07,1.2919847034184923e-05,1.6698918390820995e-05,7.07521710990902e-06,0
0.5316019192241882,0.4683087435135974,3.60915317197917e-05,3.1645914119246375e-07,2.3390699223863913e-05,2.5540787295525888e-05,3.99778483421209e-06,0
0.18907476970222156,0.8108641421826277,2.8887424786773807e-05,1.8234326972660797e-07,1.2115054339878778e-05,1.5964562161732175e-05,3.938730592774841e-06,1
0.3428824423397662,0.65704732087384,3.172087073236835e-05,1.8864587050350083e-07,1.543860700185356e-05,1.8672107595576085e-05,4.2165551934869135e-06,1
0.6837436753545727,0.3161968930325052,2.257508049731731e-05,1.823992621434556e-07,1.2911309861314154e-05,1.7382825735001846e-05,6.379997566690671e-06,1
0.387434971429253,0.6125133250291044,1.9204131281976265e-05,1.8401104341772525e-07,1.1916217604465707e-05,1.3632058044703476e-05,6.76712366824331e-06,1
0.39460936561767745,0.6053169835875946,2.4780036529363654e-05,1.787149269994985e-07,1.1952911696953909e-05,1.6492857580833865e-05,2.0246273994003398e-05,1
0.6232626048191537,0.37667163368410334,2.0587953013014842e-05,1.846788890656371e-07,1.271766545594913e-05,1.7043246843923204e-05,1.5227952540882185e-05,1
0.3716421986821534,0.628156507565518,1.944568968621398e-05,9.415592527481317e-08,0.00014832340808609224,1.5773990127175415e-05,1.765650850387003e-05,1
0.19950793711474205,0.7949744719675177,1.73057846818492e-05,1.6955325992852445e-07,0.005466814408489869,1.8955393981366575e-05,1.4345777327179208e-05,1
0.06699818205503603,0.9279472465296023,8.898330352496085e-05,8.972733325919645e-08,0.004669140392150434,0.00028759592870695197,8.762063646201736e-06,1
0.04925838714974266,0.9499021465864222,1.2608569616452959e-05,1.1774004548827459e-08,0.0008103965245236383,7.504443700216184e-06,8.944951990065984e-06,1
0.03300441649204617,0.9669686451538256,1.1017990944924634e-05,1.1835559032224337e-08,4.249821670419427e-25,6.916811434439231e-06,8.991716189661374e-06,1
0.06241016045117879,0.9374021200767491,1.99587000655942e-05,1.1902056089806336e-07,9.142467155811215e-05,9.647511131006033e-06,6.656956875672748e-05,1
0.06401912377300369,0.9359294530427048,1.423520099599001e-05,1.0205366148781407e-07,1.130530157328529e-05,6.753700712590815e-06,1.9026927348022934e-05,1
0.05780173079708152,0.9421667681730028,1.1080921967979723e-05,9.214243995420972e-08,1.1175518675679633e-05,6.9732910215839e-06,2.1791558104042217e-06,1
0.061058902326580004,0.9389040047109448,1.2060014337624883e-05,8.835640685880499e-08,1.0716328712992935e-05,6.686766043466062e-06,7.541496974225662e-06,1
0.08643478430505432,0.9135202061939833,1.4633914109699151e-05,1.0721380860879084e-07,1.300345335975166e-05,8.113884213756797e-06,9.151035470585447e-06,1
0.16266691670757882,0.8372482948808612,3.6019318678958326e-05,2.0268845868988672e-07,2.5924071431424257e-05,1.723651122234001e-05,5.405821768712255e-06,1
0.47727150233745985,0.522667730849763,2.7579978191007265e-05,1.8848510985256223e-07,1.361800708014477e-05,1.5836791420574382e-05,3.5435509755758087e-06,0
0.55283727708238,0.44709490619440445,3.13898892336491e-05,1.9677640289717162e-07,1.579444255620477e-05,1.653343784880975e-05,3.902177173941678e-06,1
0.48308711786766045,0.5168525357602742,2.8176678308547703e-05,1.737794896720615e-07,1.3948573744923393e-05,1.4601203953262234e-05,3.446136568783161e-06,1
0.25776557445508663,0.742159214196341,2.8700420378904768e-05,1.898091406913852e-07,1.5235208719915897e-05,1.4663465169461493e-05,1.6422445163338842e-05,1
0.28353209967027787,0.7164136946274213,2.4529245975803973e-05,1.547728372339593e-07,1.4298437851957012e-05,1.0446412419890178e-05,4.776833216036141e-06,1
0.6945013264913653,0.30536241147729287,2.2652877799901762e-05,1.9049414364837008e-07,1.7905509905677864e-05,1.285068993142665e-05,8.26624595610093e-05,1
0.8718655407341419,0.12690802635599416,1.536967952645974e-05,1.7520518265362405e-07,1.2417313637668821e-05,1.166352930156517e-05,0.0011868071822155669,0
0.8715462030239903,0.12480662317332596,1.5883410024550154e-05,1.8106140402751244e-07,1.3834154074688468e-05,1.1732661409546854e-05,0.0036055425157710177,0
0.8642885999793528,0.13048810383850304,1.4672093804352104e-05,1.6335870116010998e-07,1.3278090384764562e-05,1.2059572882997269e-05,0.005183123066370834,0
0.8626693143895088,0.13271811573092093,1.4175727069779622e-05,1.5744548535418352e-07,1.3552853985784908e-05,1.0686837504939244e-05,0.004573997015524626,0
0.8531047342967266,0.1402975213818385,1.9461874043247174e-05,1.8089372700420212e-07,1.55712706751629e-05,1.3052020229169618e-05,0.006549478262760383,0
0.831389413792213,0.16227112520657916,2.4405098496313727e-05,2.22396830552367e-07,1.91338133677548e-05,1.4898028674744676e-05,0.0062808016638382196,0
0.7781617402467286,0.20197898804311307,1.5319629699386825e-05,1.60170046225572e-07,1.3787383261630733e-05,8.564200503575514e-06,0.01982144032664742,0
0.757630003365403,0.21925384135484927,1.5686846603093716e-05,1.640093784807047e-07,1.4117871680143807e-05,8.789479070423965e-06,0.02307739707301586,0
0.8158167132511744,0.15563643871149002,1.8561422639172602e-05,1.6285514560018527e-07,1.2996559595153204e-05,8.72304938325446e-06,0.028506404150572318,0
0.824802626860796,0.1365081692492574,1.8088808289278727e-05,1.5870849799342967e-07,1.2665638809428659e-05,8.500941498880423e-06,0.03864978979285097,0
0.7417233105879283,0.24765084418665217,2.2825011327111736e-05,2.4324227900748143e-07,1.575979007811943e-05,1.4092359237670422e-05,0.010572924822497613,0
0.8885802855770673,0.08931719469374505,2.6222772034161902e-05,2.9078396017211384e-07,1.848388518433095e-05,1.6572516644997786e-05,0.022040949771363887,0
0.5599094328216272,0.004245705324190773,1.6889347894856607e-05,1.8728574763922443e-07,1.190494913810239e-05,1.043247427998658e-05,0.43580544779712144,6
0.4215065686879116,0.005330506452086553,1.789156729990422e-05,1.72382087809382e-07,1.1617195644305824e-05,1.0448958360341464e-05,0.5731227947566095,6
0.5556711844309704,0.003964250586228021,1.6201533436736548e-05,1.7589161043314704e-07,1.0760115393994836e-05,1.021116562572487e-05,0.4403272162767346,6
0.24704063400980866,0.0017499558108314006,7.243740405098859e-06,7.864151689021482e-08,4.810870708464659e-06,4.987846123318187e-06,0.7511922890806062,6
0.004605127305570478,7.721282141442505e-05,6.448225780535834e-07,2.118678428362319e-09,1.9799292914014205e-07,1.976416213593699e-07,0.9953166172972081,6
0.08572951078441081,0.009358261086828044,3.1051207678989702e-06,4.125737846668976e-08,1.7070437432580974e-06,1.7331872077514405e-06,0.9049056415196637,6
0.10409752976892962,0.01121033285812406,3.5942436382783883e-06,5.03976658001964e-08,1.8557485136152333e-06,1.925985367398425e-06,0.8846847109977612,6
0.2995044316891706,0.01813584389989021,5.02986643885662e-06,5.997935534318792e-08,1.850169065169473e-06,2.5476636328984957e-06,0.6823502367324468,6
0.5240515841076929,0.04056737377712963,9.522429471352415e-06,1.1355156005345625e-07,3.5026982619362063e-06,4.823179214778539e-06,0.4353630802566693,6
0.5138265743172139,0.04208242974144532,9.185955104475986e-06,1.2217656595491732e-07,3.812613331031762e-06,5.147606750817417e-06,0.4440727275895885,6
0.5404956203512203,0.043142885260495555,9.998306580832198e-06,1.329811380000439e-07,4.149778278281491e-06,5.1515370998562696e-06,0.41634206178518696,6
0.5925247093919112,0.05500657917824104,1.4720026286822047e-05,1.9578173875612718e-07,6.109519131759046e-06,7.584360502887441e-06,0.3524401017421877,6
0.9096485100730204,0.06960541974008692,2.4110986230231692e-05,2.5044384732046596e-07,7.815292102097763e-06,1.0551830697576015e-05,0.020703341634015545,0
0.9192450733202799,0.0703150789063575,2.3031881065898167e-05,2.3923504621882497e-07,7.465512877489592e-06,9.267691905161012e-06,0.010399843452467576,0
0.9073160004733949,0.051926770506749036,2.2192851390311537e-05,1.945096877707116e-07,6.453969303200664e-06,9.257187843591291e-06,0.040719130501631104,0
0.9152837436498507,0.06197155251096541,2.2803769094045735e-05,2.1498630902478058e-07,6.741716091770919e-06,9.51201674506863e-06,0.022705431350943942,0
0.8999597356470288,0.07212852484893374,2.364426442592849e-05,2.2291021793689168e-07,6.876059056941209e-06,9.468262077674956e-06,0.027871528008258973,0
0.9359986267213785,0.06391641294430986,1.6255023473979782e-05,1.6151441774195978e-07,4.982197250624046e-06,6.860433992922206e-06,5.670116517634695e-05,0
0.9065021636431394,0.09340980019958109,1.3029626308782713e-05,1.8022439769667025e-07,4.826704513481885e-06,8.915644134896582e-06,6.10839579248843e-05,0
0.8322704314112449,0.16766795126394993,1.117606008085876e-05,1.5423919349149181e-07,4.53291668733516e-06,7.630164275194604e-06,3.8123944568244754e-05,0
0.8732587355973124,0.12596073388375353,2.5174725323789985e-05,1.3653915807782355e-07,6.145647711145768e-06,7.20507667539993e-06,0.0007418685300657897,0
0.7820133337432151,0.20779815793114753,3.331124559471789e-05,1.6172215923553166e-07,1.5689185471722905e-05,1.1837770260011908e-05,0.010127508402151658,0
0.9090772252896473,0.08206743063913981,2.7099291685082405e-05,1.743636446537884e-07,1.6915576526001726e-05,1.2762582475541238e-05,0.008798392256881591,0
0.9064937460984458,0.091782660907254,1.4823453580916398e-05,1.260055721952084e-07,6.410382929690385e-06,8.025601860732146e-06,0.001694207550356616,0
0.8949837975850137,0.10352356880744844,1.4488321975595329e-05,1.231568130002834e-07,6.183850877938756e-06,8.96541615971448e-06,0.0014628728617116114,0
0.9157037061257,0.08247218874099156,1.3668779153543573e-05,1.161903553075867e-07,5.8340567052119375e-06,8.654012433072006e-06,0.0017958320946613166,0
0.9352883705405514,0.06283722732948216,1.4235057784745144e-05,1.1987877930458667e-07,6.019256885505709e-06,8.928731165482965e-06,0.001845099205351535,0
0.9433372630164637,0.054839116841873176,1.2777028268149499e-05,1.1668395986633022e-07,5.858841180464101e-06,8.941045829441024e-06,0.0017959265424251712,0
0.9454935533940554,0.05275222400441433,1.2290800729991005e-05,1.1224357252760775e-07,5.635884021424236e-06,8.600795920700623e-06,0.0017275828772856264,0
0.9482112242123846,0.050273758104211023,1.1094916269217626e-05,1.1711389892386353e-07,5.0875172980507e-06,7.76394579044418e-06,0.001490954190147618,0
0.9222741912907699,0.07638903860451068,1.2944598373830352e-05,1.182142643374256e-07,6.494181292271703e-06,7.808312063259121e-06,0.001309404798725636,0
0.9365273286636717,0.06288326489323166,1.2628931466307975e-05,1.0898257224615918e-07,5.634798020306168e-06,7.198538503997473e-06,0.0005638351925338742,0
0.9098227313536756,0.09002146896550714,1.4313982761451172e-05,1.1078363837309699e-07,6.244801139576818e-06,9.68091082288501e-06,0.00012544920245494316,0
0.8992494246138594,0.10061723387347146,1.3529785905910119e-05,1.0429111263342382e-07,5.878821715780527e-06,8.320663197576151e-06,0.00010550795073746628,0
0.8382724134444145,0.16139492962092325,1.9091162550571613e-05,1.8734196948835547e-07,1.0979777519689848e-05,1.3683150378635724e-05,0.0002887155022438702,0
0.8300630321660425,0.16973268507157524,2.0077423054474557e-05,1.9702016403205147e-07,1.1546999179482762e-05,1.4390029844549074e-05,0.00015807129013987935,0
0.7041527869529242,0.2957842463661396,2.720664977030562e-05,2.4450706131925295e-07,1.4330121235569843e-05,1.4684786483007958e-05,6.500616386121798e-06,0
0.7939582311883931,0.2059877980959637,2.259684507641732e-05,2.059248466628018e-07,1.1979686105075331e-05,1.3239485451029228e-05,5.948774164092077e-06,0
0.5057827295309157,0.4941521688721944,2.755222785633214e-05,3.250958850733403e-07,1.1978995999367975e-05,1.6103220180003514e-05,9.142056969028007e-06,0
0.4821840868798923,0.5177577080101173,2.4233730815499063e-05,2.363325883631728e-07,1.0278233706599592e-05,1.6081533059929884e-05,7.375279820191819e-06,0
0.6229912529679015,0.37623367327051166,2.1638776354460383e-05,2.496591821946069e-07,0.0007272598530546811,1.725394139258319e-05,8.671531603059284e-06,0
0.11847012325324636,0.0019815889158154784,3.048306692451466e-06,4.890603420481523e-08,2.261219651423372e-06,1.7955553256200072e-06,0.8795411338432344,6
0.14565564049740654,0.0008293593994452845,3.1400510720916767e-06,3.740252124430535e-08,2.788857184272929e-06,1.8987507035087927e-06,0.8535071350416671,6
0.7469067858339619,0.008053967999506787,1.2292343729283111e-05,1.6527312416302004e-07,1.4128227579333287e-05,8.39014190315873e-06,0.2450042701801954,0
0.9396840626049883,0.05517251379692225,1.2338540165937203e-05,1.6589424488492346e-07,6.9726423861216155e-06,7.61734673029716e-06,0.0051163291745621045,0
0.9257335676423458,0.06792951898748441,1.2706597054914752e-05,1.7084284649017586e-07,7.050889850779742e-06,7.84457109412882e-06,0.006309140469323468,0
0.931519593553472,0.06458850618305009,1.1786196058432034e-05,1.5807962395931728e-07,6.6441888153835e-06,7.258523690971883e-06,0.0038660532752890974,0
0.9313347473085807,0.066265626156063,1.4271673920160258e-05,2.2204068534363499e-07,7.448524343994484e-06,7.972967871195924e-06,0.0023697113285358075,0
0.8934382438390552,0.10425345089898935,1.4534074027166294e-05,1.8179166986300432e-07,5.333617339249638e-06,8.086744270742225e-06,0.0022801690346484936,0
0.7863472734985019,0.21214870378343542,1.4095585211854636e-05,2.1672097774205925e-07,8.652552436339183e-06,8.11463114501993e-06,0.0014729432282918943,0
0.7612104764415742,0.2374805334139182,1.4395709845234212e-05,2.1677186060236534e-07,8.587468302736424e-06,8.027337448422459e-06,0.0012777628570505898,0
0.6317430413446627,0.36667545606413454,1.4861082507482385e-05,1.9193803762347116e-07,1.5420416340673706e-05,1.0469889815213414e-05,0.0015405592645016987,0
0.7252942592616504,0.2745188288538048,1.5220730559528988e-05,1.82779566344069e-07,1.083965537895059e-05,9.873550436186983e-06,0.00015079516860406545,0
0.7685091289110398,0.23142685467178387,1.2700706072561567e-05,1.6210651866831644e-07,1.0174905843704064e-05,9.254971262592305e-06,3.1723727478728124e-05,0
0.7479669361618765,0.25198303851503295,1.4695641973369369e-05,2.0502705732074416e-07,1.7227781387536617e-05,1.3246814626033745e-05,4.650058046584117e-06,0
0.7190570312501974,0.28088986869328847,1.6860772860710205e-05,2.2418823017184028e-07,1.5855750616216318e-05,1.5968724200474908e-05,4.190620606688073e-06,0
0.7242134739724121,0.27573551846145616,1.667286900533493e-05,2.0066395915105518e-07,1.6090026397908995e-05,1.4293111722245325e-05,3.7508950474049015e-06,0
0.6401345137656274,0.3598154284846826,1.647036608771212e-05,1.982267638982867e-07,1.556430635287483e-05,1.4119512515969709e-05,3.7053379695826383e-06,0
0.6028321232801634,0.3971089799525973,1.6977723405663324e-05,2.1555946491228659e-07,2.027644069575409e-05,1.739771557259974e-05,4.029328100479147e-06,0
0.6903129835566546,0.30963416512868713,1.4759965975480186e-05,1.9404763829071007e-07,1.891356451377279e-05,1.5661504911835867e-05,3.3222316187670322e-06,0
0.3985371679116302,0.6013989726736274,1.552426052392473e-05,2.304570911183798e-07,2.942872988965593e-05,1.443164852714173e-05,4.244318710543919e-06,0
0.5166885900211042,0.48326342170710834,1.3663826521159617e-05,1.8493783070435025e-07,1.915236666040512e-05,1.158114840009956e-05,3.405992375138836e-06,0
0.48686458479299255,0.5130145581360568,1.8465740456693153e-05,2.7412325530341125e-07,8.001876080593211e-05,1.704992978338309e-05,5.048516649382828e-06,0
0.584886733319824,0.4150354865014793,2.824349887577928e-05,1.296561487883816e-07,2.8150339109382857e-05,1.8868792508218904e-05,2.3878920545930423e-06,0
0.6695796636237198,0.3303628746755532,2.0955154253768174e-05,1.815874086415773e-07,1.3079491838923806e-05,1.632758255917762e-05,6.9178846666886475e-06,0
0.18236502813821026,0.8175912658894546,1.8313543070810763e-05,1.45398000449449e-07,1.0409083135470706e-05,1.1698904407476551e-05,3.1390437208372537e-06,1
0.34703451675097535,0.6529024147392708,2.9363825024443043e-05,1.7176515949980613e-07,1.4057104918599256e-05,1.5636571982457276e-05,3.839242668901013e-06,1
0.3603790112182199,0.6395528080231028,3.171612495170656e-05,1.8300281805087737e-07,1.4976784705535212e-05,1.665958769390777e-05,4.645258508006856e-06,1
0.5560717404023549,0.4438564415637612,2.6405950698198783e-05,2.3324521989108726e-07,1.9846714568592424e-05,1.9411535104086805e-05,5.92058829307087e-06,0
0.2651956401761945,0.7329967360053233,1.788677667343433e-05,8.97944149432493e-08,0.0017576724666975704,1.9257267314570397e-05,1.271751338158307e-05,1
0.1633415861020175,0.7933849511623076,0.0002901451172474889,1.969587346023374e-07,0.0411679602004111,0.0017979112373617066,1.724922191968727e-05,1
0.1439074500862022,0.8313461058134435,0.00025707007880318444,1.735248808660695e-07,0.02261776042770965,0.0018591468506779165,1.229321828277343e-05,1
0.20901632215052796,0.738982280138264,0.00045441883466340225,1.6682443409848447e-07,0.04505059249184377,0.006492778779962731,3.4407803041512893e-06,1
0.34428928004491094,0.6272547818808307,0.0008337742479084353,2.8966445755519165e-07,0.025303461017986122,0.0023066061943746155,1.1806949531656021e-05,0
0.14382598324072404,0.8484191769606365,0.00047738375528995705,4.849807482541732e-180,0.006404184417279239,0.0008618853687385439,1.1386257331492363e-05,1
0.059877695832878206,0.9360397704562744,1.3268211507250188e-05,1.1974305041137189e-07,0.004049783060921242,9.08707679724079e-06,1.0275618571212512e-05,1
0.09125831659425743,0.9084783820454431,2.7250766793039883e-05,2.238408435427214e-08,9.486570264560192e-05,1.2069765406514812e-05,0.00012909274137011762,1
0.07516240389297216,0.9245979350474604,2.2166397731186223e-05,1.3038873446294983e-07,9.375418987774547e-05,1.0568987052299856e-05,0.00011304109617161455,1
0.11637525856912183,0.8835692196113828,1.9847085226179705e-05,1.51143684192125e-07,1.7714367030663806e-05,1.1444470227479217e-05,6.36475332701047e-06,1
0.3390141118806988,0.6608990533187923,3.27726489625612e-05,2.1674066984525258e-07,1.6881962928554127e-05,1.8210864419899325e-05,1.8752583528031e-05,1
0.39573637605784034,0.6042032540956457,2.6085763603406104e-05,1.962785336372694e-07,1.657085000011474e-05,1.2332077104367004e-05,5.18487727250164e-06,1
0.2544222456438603,0.7455264841645926,2.3108667853003568e-05,1.4588581422050086e-07,1.3674025936741268e-05,9.841422565734661e-06,4.50018937750719e-06,1
0.414298573065693,0.585640029566102,2.446088823769798e-05,1.8796854530678895e-07,1.7677378152735776e-05,1.2686960976707411e-05,6.384172292551957e-06,1
0.6592390155327567,0.3406707986551453,2.1318700610539312e-05,1.9989326069363e-07,2.0152786151457077e-05,1.1140528137267716e-05,3.737390393809571e-05,0
0.7014386511255272,0.2954636187746164,1.8893868150626884e-05,2.76031155133633e-07,1.706720609335228e-05,1.2107019004124615e-05,0.003049385975453106,0
0.8234312110946626,0.17556669421588303,1.4941374432498488e-05,1.7032275995315258e-07,1.2071281784813843e-05,1.0425215980398975e-05,0.0009644864944967814,0
0.8671452486349279,0.1284981246601543,1.472058804232039e-05,1.6389863471246355e-07,1.4361992881914352e-05,1.209943221084661e-05,0.0043152807931479235,0
0.8512957400237897,0.1447669564719677,1.4988883997858871e-05,1.668858347268389e-07,1.4623753118163903e-05,1.204130915366656e-05,0.003895482672138283,0
0.8264042083303383,0.16957181543048697,1.961146839136599e-05,1.8269411848831633e-07,1.5726247763559945e-05,1.2120153964661247e-05,0.003976335674936603,0
0.8443396775280688,0.1458290285090647,2.5502957458557094e-05,1.9945509238833543e-07,1.5373476669837428e-05,1.2788911043236526e-05,0.009777429162602406,0
0.7887133341829218,0.19336639973731393,1.4919650434473962e-05,1.5598817638880124e-07,1.342740932425288e-05,9.071265272498351e-06,0.01788269176655657,0
0.7908020160988242,0.19110813026520615,1.4500296366404836e-05,1.5416643622490961e-07,1.3270594548740442e-05,9.794831952314992e-06,0.01805213374666573,0
0.7804931101862085,0.2023944293239398,1.561622980776493e-05,1.6327106459231053e-07,1.4054317871010609e-05,8.749911854636927e-06,0.01707387675925373,0
0.8018389339850961,0.15236358121323482,1.922771886600991e-05,1.686127383367979e-07,1.4514127335447635e-05,8.831803782795124e-06,0.04575474253894651,0
0.8049096649508665,0.1604220799839054,1.9096645997876185e-05,1.675511152844453e-07,1.4415186410027839e-05,8.771598520763168e-06,0.03462580408318422,0
0.6774762158239691,0.3137424785189382,2.8725478929974177e-05,2.1116871881433458e-07,1.8167807719498844e-05,1.1059462086606297e-05,0.008723141739637971,0
0.8809288037012347,0.1050770920150758,2.5818648454398805e-05,2.8089033908213835e-07,1.8199026900130845e-05,1.594806309997072e-05,0.013933857654895835,0
0.500568233128502,0.006358700203394458,1.3153428911044845e-05,1.6418999896659788e-07,1.043685176967012e-05,9.145959918689029e-06,0.4930401662375053,6
0.5745549410113705,0.004530077123366205,1.303479267328018e-05,1.7224189019750107e-07,1.0536844876460546e-05,9.821648950793295e-06,0.4208814163368724,6
0.5944196631715096,0.0037209965575672054,1.3894362971884567e-05,1.7984487195177886e-07,1.1001954956543418e-05,1.135530791424283e-05,0.4018229088002085,6
0.2354476093910476,0.0016327573583235107,7.339867538946911e-06,7.394899304998471e-08,4.930383198321946e-06,5.101102974647116e-06,0.7629021879479239,6
0.06702826325493334,0.004584553403089578,1.6111114997827211e-06,2.6492848336329843e-09,8.599780806035286e-07,8.038872876084671e-07,0.9283839057158243,6
0.4245026417838356,0.01964607992082937,7.620121459159139e-06,8.688090721852308e-08,2.563471729002222e-06,3.690325220192592e-06,0.5558373174960195,6
0.3206650253635194,0.01968022517183097,5.452535140342869e-06,6.216714552029455e-08,1.899175350652709e-06,2.5504967291543403e-06,0.6596447850902839,6
0.41177429197134474,0.024880829281273727,6.605454437702959e-06,9.994289946521282e-08,2.4297280276894454e-06,3.3457103194034764e-06,0.5633323979116972,6
0.6001187845326994,0.03674295928741134,8.720218864687361e-06,1.4831187673934487e-07,3.619310383611793e-06,4.886618428452543e-06,0.3631208817203358,6
0.547434722470339,0.04160865135774541,1.0209501180230477e-05,1.4266739540180693e-07,4.2374341982103226e-06,5.260353208393617e-06,0.4109367762159333,6
0.9132841762867399,0.05534441678963714,1.5044197152357496e-05,2.000933299497806e-07,6.244065637747338e-06,8.430436458846734e-06,0.03134148813104414,0
0.921397951543842,0.05680871283911141,2.1971451447398e-05,2.2822023036128197e-07,7.0398557611081586e-06,9.693808442194106e-06,0.021754402281165736,0
0.9258588774883822,0.06553066028841088,1.5398258516609416e-05,2.3480205673500747e-07,5.664043352091328e-06,7.799329009947417e-06,0.008581365790271621,0
0.9331042461581222,0.06449189437715053,1.5154171459201001e-05,2.310800681062238e-07,5.5742591941390245e-06,7.675697154712315e-06,0.002375224256851377,0
0.9394685493377003,0.06044052941228569,1.6315283897415205e-05,2.0730189875461743e-07,5.000667191097647e-06,6.885866909584925e-06,6.25121301173018e-05,0
0.9554763675634306,0.04448306134948729,1.01912190808892e-05,1.215266365545643e-07,3.5788836696690087e-06,5.12022358660206e-06,2.1559234108336474e-05,0
0.9724577573001517,0.027509396381154877,7.168724764745657e-06,1.0212409083984139e-07,3.0074907966567513e-06,4.402314591212969e-06,1.8165664449877863e-05,0
0.9274849565416236,0.07243147537906791,1.0645020192783979e-05,1.4724078091328007e-07,4.399072684493786e-06,6.922550720914009e-06,6.145419492944018e-05,0
0.900361798802551,0.0956513575841716,2.7068742227396493e-05,6.704027467108886e-08,6.8026286775151e-06,7.272832058145389e-06,0.003945632370039532,0
0.8938313551772853,0.0896716045975228,3.569488382597656e-05,1.7329444104947382e-07,1.6811849654344666e-05,1.2684321900004947e-05,0.01643167587537066,0
0.8931958788607105,0.08801559857664809,2.6435731884235346e-05,1.7009413434089984e-07,1.6501377633969956e-05,1.245007479880273e-05,0.01873296528419005,0
0.9341887798924412,0.06369036362349825,2.390955343553298e-05,1.4062535558614055e-07,7.998955275470357e-06,1.0237069348609067e-05,0.0020785702806453608,0
0.9305195413880208,0.06764030886330474,2.381564323667654e-05,1.400730175785337e-07,7.967537562772853e-06,1.0432824931583556e-05,0.0017977936699256711,0
0.9266568995687832,0.07163016102254412,1.2883080221678943e-05,1.0951158487515372e-07,6.256416375019207e-06,8.156568714900205e-06,0.001685533831776366,0
0.9367761486475126,0.06149320299788252,1.2009871093523587e-05,1.2796170911824423e-07,6.324737493297744e-06,8.24563981607288e-06,0.0017039401444928714,0
0.9393774949973462,0.05831791966087097,1.1905425247278712e-05,1.027390061141976e-07,5.158648374218448e-06,6.887924379413395e-06,0.0022805306047757987,0
0.9306725235297962,0.06732306003011677,1.305329182767384e-05,1.1264463058136701e-07,6.361372814991038e-06,7.44042550837406e-06,0.0019774487053054375,0
0.8152905136818979,0.18435486028727982,2.214505450586345e-05,1.9410887316336798e-07,1.0941790052518618e-05,1.5486598200658103e-05,0.00030585847918988596,0
0.7389906592051015,0.260953787108928,2.3814721064204615e-05,2.1600585829861328e-07,1.2807053235354552e-05,1.2973040087592103e-05,5.7428657249323455e-06,0
0.8682105063425473,0.13174885147070464,1.7309453055915537e-05,1.5835019923029123e-07,8.488708296782216e-06,1.0803530996111776e-05,3.882144200124821e-06,0
0.8664107688770274,0.1335483338219585,1.7181711139003767e-05,1.6051301420477922e-07,8.681022874039592e-06,1.0951090258615476e-05,3.922963728261037e-06,0
0.8702245517394609,0.12973668855377857,1.6461271835593068e-05,1.61571157761089e-07,8.317022453961054e-06,1.0928884603101024e-05,2.890956709929265e-06,0
0.6800203158469236,0.3199211200178958,2.424900575702809e-05,2.3561121346208086e-07,1.056655066573986e-05,1.5448851974477545e-05,8.064115570070425e-06,0
0.6206715267435874,0.37926753262761953,2.5331753498417722e-05,2.3374108446816992e-07,1.1452533181853777e-05,1.6696762269320294e-05,7.22583875914198e-06,0
0.4507153644923148,0.5492321229293173,2.284159179904559e-05,2.2929847827125135e-07,1.029369652542194e-05,1.299387123086343e-05,6.154120334211529e-06,0
0.4320090384508594,0.5679363483592991,1.8456582508458174e-05,2.146934048221288e-07,1.8905322954747004e-05,1.1310454381451784e-05,5.726136592093274e-06,0
0.4437174334214659,0.5561097195227773,2.0778188041200425e-05,2.4169913008301645e-07,0.00013210749348241247,1.2224044655116858e-05,7.495630447911851e-06,0
0.6877427572975532,0.3116839573595467,1.792625149138934e-05,2.068256177633905e-07,0.0005354909594880278,1.3806024995456244e-05,5.855281307368785e-06,0
0.6790570420816556,0.32053417917651206,1.8435264863105775e-05,2.126984018814559e-07,0.00036957629696157966,1.316672643640452e-05,7.387755169355402e-06,0
0.02781685087440525,0.0002482872363533819,7.369815509917285e-07,9.318725114880386e-09,5.351978612938992e-07,4.3410695913366005e-07,0.9719331462841447,6
0.17394309713599604,0.0030650378036944413,4.715189846768768e-06,5.962097421215673e-08,3.3650620394455277e-06,2.7774056533223472e-06,0.8229809477817958,6
0.02923461013525368,0.00016437432217110315,6.164511159263825e-07,7.41296726260661e-09,5.813774393453369e-07,3.763216044454489e-07,0.9705994339794483,6
0.04021930211977586,0.0003804911686632453,8.588447444624015e-07,1.0327806714720617e-08,7.70075839700678e-07,5.242943420094802e-07,0.9593980431688279,6
0.1818521173007149,0.0016351683282996873,3.726162755606994e-06,4.438395377228461e-08,3.3271777456277083e-06,2.2531653120164534e-06,0.8165033634812183,6
0.46494063414695747,0.02058670977289325,9.811813783252165e-06,1.3192188189472633e-07,9.120605485338853e-06,6.697055645518906e-06,0.5144468946833534,0
0.5258533025891,0.009165462236811002,9.415137486602632e-06,1.265884863867154e-07,7.276255860765872e-06,6.42630415241018e-06,0.46495799088810297,0
0.911949340174542,0.085230568990238,1.2211179340323588e-05,1.6675323807603465e-07,7.338130160610536e-06,7.656789020656268e-06,0.002792717983460358,0
0.9322285080825785,0.06423555499077638,1.545251772358574e-05,2.3088090937272666e-07,7.953417468153149e-06,8.355193762932755e-06,0.0035039449167808853,0
0.9055804928631542,0.09253805753624274,1.5280667090181098e-05,2.2923970772485816e-07,7.5515217553102545e-06,8.295801421620338e-06,0.0018500923706282312,0
0.8634402580648457,0.13480135606229843,1.570581816505538e-05,1.9644780296655738e-07,6.900555913632819e-06,8.738701538617639e-06,0.0017268443494357336,0
0.7657383418435137,0.23285394494105247,1.341292320470011e-05,2.0622498375285908e-07,8.233501455168612e-06,7.837451073395696e-06,0.001378023114716652,0
0.780666057494415,0.21792024237690766,1.3780483062609648e-05,1.7544257466709912e-07,8.459127486032581e-06,8.052223972557664e-06,0.0013832328515814836,0
0.5980137539359102,0.3988129121712327,1.3911027609788653e-05,1.8112842630917533e-07,1.578838089112509e-05,1.1560673402221317e-05,0.0031318926825275872,0
0.7979867920999164,0.2009968102573253,1.328173275179418e-05,2.0395974314595582e-07,1.2060402703480556e-05,9.7566222765856e-06,0.0009810949252833398,0
0.8080330360933818,0.19169716590440622,1.3086889916390097e-05,2.492622796291534e-07,1.5075293030196976e-05,1.2361862671185191e-05,0.00022902469431453938,0
0.825291107905011,0.17442398286624913,1.3843563646472733e-05,1.6624172867804226e-07,8.026355073718704e-06,8.98019469863363e-06,0.0002538928735921413,0
0.7683290894398989,0.23153077039298936,1.140392886310788e-05,1.455549948623212e-07,7.4474818636889455e-06,8.310013105233898e-06,0.00011283318828488063,0
0.8137939458353641,0.18614702179432424,1.2067074902205054e-05,1.5401911450673753e-07,7.876982069062574e-06,8.793245887701434e-06,3.01410483382476e-05,0
0.8262371451520325,0.17371863036820548,1.1977126743332037e-05,1.6427690899480202e-07,8.441055959647299e-06,9.37888299831548e-06,1.426313715182039e-05,0
0.7905687442288997,0.20938901299918466,1.2508195767022274e-05,2.385343853614637e-07,1.3546595616799017e-05,1.2761566369647484e-05,3.1878797768984295e-06,0
0.8066396273836777,0.19331950726020977,1.3382067118219275e-05,2.3026310614381946e-07,1.1532078519387966e-05,1.1880562680247686e-05,3.840384688570301e-06,0
0.7539809510449598,0.24596130122642745,1.3311647503792517e-05,1.7143466335186937e-07,1.2861855090308234e-05,1.1223160997179676e-05,2.017963035790461e-05,0
0.6420831919365576,0.3578671168706146,1.638118312612599e-05,1.971534149650609e-07,1.538452296100271e-05,1.4043058845442854e-05,3.68527448028039e-06,0
0.4860139433432857,0.5139252941908165,1.744585589229581e-05,2.1784094471423616e-07,2.417853945968836e-05,1.4620399585352913e-05,4.299830015887452e-06,0
0.4330731753259141,0.566860862247942,1.5614379548378536e-05,2.3179490480670615e-07,3.184853951020084e-05,1.3998755010903871e-05,4.268957169881534e-06,0
0.5752438665736235,0.4246877899838331,1.6743528549118906e-05,2.2662113306365472e-07,3.300818707991707e-05,1.4191433751618876e-05,4.173672029786467e-06,0
0.6113444388404475,0.3886050916873425,1.909155399544115e-05,1.4461182243100294e-07,1.5447549431377256e-05,1.3784535208062473e-05,2.0012217526742142e-06,0
0.3625296451217641,0.6373638045792575,4.927371168857553e-05,3.40787828105581e-07,2.5188925042059472e-05,2.7441748627531135e-05,4.305125792071805e-06,1
0.6483084659949376,0.35162525742652273,2.2443313821426753e-05,2.162961133094959e-07,1.7550705135408816e-05,2.0938721447938986e-05,5.127542021358877e-06,1
0.26334807868762944,0.7365869150388514,2.6683490042211615e-05,1.864970762868165e-07,1.5187475684577684e-05,1.8214855580308744e-05,4.733955135591884e-06,1
0.41428360860456387,0.5856537357329069,2.0578350338274062e-05,1.8459275076417193e-07,1.7032902533111678e-05,1.591342263783388e-05,8.946394269431433e-06,1
0.4835296651377818,0.5164074948301873,1.878339131740095e-05,9.09490801214731e-08,1.5104110754778985e-05,1.4233316111569335e-05,1.4628264767091114e-05,1
0.39430754607201995,0.6056058186277721,2.2827558507715462e-05,1.105309159891957e-07,2.8621573217006307e-05,1.7297827149810773e-05,1.777781041742842e-05,1
0.12371782950893938,0.8688716200780082,0.0005292837760069868,1.5100608778128376e-07,0.00573534706660133,0.001134332308091847,1.143625626450592e-05,1
0.04432344611814291,0.9556122176375406,1.0477409957848582e-05,1.4147328664787225e-07,1.4537484438154491e-05,5.623055549636394e-06,3.355682108442071e-05,1
0.06305033302866685,0.9368347886911844,1.5802307320446613e-05,1.1063404054031117e-07,2.19258192322465e-05,8.878749157318763e-06,6.816077039815701e-05,1
0.039524454789975405,0.9603617926957255,1.8056237067036925e-05,1.0767552277273808e-07,1.976090855789191e-05,9.489642499324399e-06,6.63380506521405e-05,1
0.04313806520168668,0.9567413643420271,1.9775002393603114e-05,1.1792510879526147e-07,2.5161942485154392e-05,9.558716503628022e-06,6.595686979507809e-05,1
0.06571892257953707,0.9342306703100833,1.9059377489355883e-05,1.385219164387325e-07,1.4977451804874606e-05,9.167469298826129e-06,7.064289869957237e-06,1
0.0591515062811167,0.940806192581038,1.625877376157021e-05,1.1816736940407798e-07,1.2776650263434564e-05,7.121290302310212e-06,6.026256148498602e-06,1
0.2136016139187324,0.7863362927588544,3.071430466159564e-05,1.8711486330635585e-07,1.358603021605817e-05,1.389528879272233e-05,3.7105838797187093e-06,1
0.3205435387132868,0.6793906415766702,2.9543608382011857e-05,1.986424925878658e-07,1.435187571365807e-05,1.778640076358042e-05,3.939182691312374e-06,0
0.3158579858082747,0.6840850402062686,2.645460415134825e-05,1.7495652032291871e-07,1.3627389323421136e-05,1.324755777021962e-05,3.4694776913526436e-06,1
0.3700758872359781,0.6298550599514846,3.054400117448161e-05,2.0617397291997398e-07,1.6891066305656076e-05,1.732303526808483e-05,4.0885358160023355e-06,1
0.29514749935206597,0.7047801621597115,3.0697152509509396e-05,2.3097625866008383e-07,1.950021158664898e-05,1.7329769982047332e-05,4.580377885740805e-06,1
0.25616768759169195,0.7437656330303762,2.8825612725652242e-05,1.8563853830004644e-07,1.8311325361233115e-05,1.3627344175845786e-05,5.7294571306953514e-06,1
0.2523990089739743,0.7475376269471526,2.8559664169400845e-05,1.8029814127410068e-07,1.6899528396927845e-05,1.21628700197884e-05,5.561718145669976e-06,1
0.7232205408553376,0.2766946584328133,1.9150204890599656e-05,1.9281656884919637e-07,1.525320957796261e-05,1.1727360677020476e-05,3.8477120134695714e-05,0
0.8492945263799946,0.15060483042750042,1.3174241696153212e-05,2.022329499917189e-07,1.2510764654629871e-05,1.046149038124024e-05,6.429446282290269e-05,0
0.8837863281484388,0.1160995990290862,1.3296615040031558e-05,1.5961820989732993e-07,1.4075790031085404e-05,1.0834574766677478e-05,7.570622442738817e-05,0
0.8465932001928635,0.15260390723235584,1.4733857001670197e-05,1.679571849709619e-07,1.2691586053917107e-05,1.118102511950262e-05,0.0007641181494203793,0
0.8860675519252477,0.10876058843214562,1.9647486221746967e-05,2.148166145118649e-07,1.599798584643148e-05,1.324528021837601e-05,0.005122754073705653,0
0.8618661741231846,0.13504928339390257,1.4582731260355377e-05,1.6196595700342944e-07,1.3941974652352706e-05,1.1956756812928274e-05,0.0030438990542304405,0
0.7764615892823019,0.21933758227396793,2.3000648777004796e-05,2.1389791097714445e-07,1.840261256522549e-05,1.4182817223531557e-05,0.004145028467253302,0
0.8106035009028425,0.18447654378427006,1.9973413811623826e-05,1.857456948631658e-07,1.5980549050760382e-05,1.2601148888958281e-05,0.004871214455441168,0
0.7589404001420645,0.23527460121302687,2.2901230114253674e-05,2.128617654775972e-07,1.8323068585831703e-05,1.4121513008329733e-05,0.005729439971434615,0
0.8493098287736333,0.14679823398374608,1.5944366687824942e-05,1.7314027787699017e-07,1.4903856403671226e-05,1.2621082070186604e-05,0.003848294797180844,0
0.8811425300876508,0.10964892044523981,1.9874225862016898e-05,1.5069690830962696e-07,1.2032583035459285e-05,1.1572635628166126e-05,0.009164919325675392,0
0.8016339610301194,0.18320924427557292,1.755407331151387e-05,1.4779442525144285e-07,1.2722094005044674e-05,8.633652173744535e-06,0.0151177370803919,0
0.708806945562128,0.28144266069114504,2.095781896557576e-05,2.280076312305838e-07,1.4772729556167116e-05,1.1671277054317761e-05,0.009702763913519739,0
0.805877702910466,0.18272110663478056,2.396602066292044e-05,2.6073493670077587e-07,1.6893148202700406e-05,1.514627346922684e-05,0.011344924277481969,0
0.8372771125521098,0.14942186677891042,2.453928550987477e-05,2.6697169063192274e-07,1.7297230639046673e-05,1.5508570834500272e-05,0.013243408610305775,0
0.5318184512318411,0.004118624373289618,1.2136024768835695e-05,1.6036556146787743e-07,1.0199092531513327e-05,9.144431977193939e-06,0.46403128448003034,6
0.012271025692745897,0.00038888309976966765,4.236116938969429e-07,3.5852818201562744e-09,1.6774785359318326e-07,1.745101303681498e-07,0.9873393217525247,6
0.041368942920067056,0.0026513709608507272,1.1405527525457572e-06,1.3690703313793984e-08,5.629818819384857e-07,5.390192406561637e-07,0.9559774298745037,6
0.48129496366323454,0.019040926499373317,5.495062790841817e-06,4.771529533622054e-08,1.7711719292111378e-06,2.549623836187931e-06,0.49965424626354044,6
0.8173802057412796,0.025980987710939,8.785868381512568e-06,1.339722906948874e-07,3.269376084293258e-06,4.414154004417394e-06,0.15662220317702036,0
0.935858911320442,0.05465237145539033,1.513908134861305e-05,2.013553244979847e-07,6.283447144344501e-06,8.552703419014871e-06,0.009458540636931126,0
0.9314321442901448,0.05805496939443209,1.5574479425121056e-05,2.0714627831891118e-07,6.464158294346871e-06,8.727594955276402e-06,0.010481912936470066,0
0.9315105975727566,0.06324227570665482,1.5814837306696526e-05,1.8858626924668036e-07,5.817276285807179e-06,8.010329172007991e-06,0.005217295691554773,0
0.9555778279114433,0.04435425487518016,1.2200873745591217e-05,1.212312625765686e-07,3.7395922391499884e-06,5.107778736222918e-06,4.674773739303444e-05,0
0.9653778200561671,0.03459009209176684,1.0212944426191733e-05,1.0147864597475654e-07,2.9884828478414578e-06,4.275551199206408e-06,1.4509394946667748e-05,0
0.9152666566254887,0.08411795944821815,9.923838103976844e-06,1.3695745856977444e-07,4.091840665303373e-06,6.615095297343835e-06,0.0005946161947680767,0
0.8750818799960052,0.12303870682368614,1.5129357457298989e-05,2.3135329053416096e-07,5.469216330481497e-06,1.122039429749682e-05,0.001847362858933087,0
0.9059267067161154,0.09072464751387503,3.140878713210751e-05,1.747907308583082e-07,7.067633740461813e-06,8.898912449159884e-06,0.0033010956459569836,0
0.9300786593949707,0.06613988892926469,1.598165630418134e-05,1.1360982738703247e-07,4.60272569494087e-06,5.78408192652347e-06,0.003754969602011616,0
0.9194918169992116,0.07735143573224515,1.658091912181229e-05,5.531634490833608e-08,5.612992429624419e-06,6.000967158362041e-06,0.003128497073488709,0
0.8983759969239598,0.0891850989372985,2.8158956750653448e-05,1.811817956627675e-07,1.757702722799424e-05,1.3262180535374874e-05,0.012379724792432035,0
0.8957719837418778,0.08892658894362859,2.8077335809284306e-05,1.8065662603905253e-07,1.7526078838054806e-05,1.3223198529455171e-05,0.015242420044690674,0
0.9396485143982215,0.056001060770333955,2.3444393784159172e-05,1.26299648588308e-07,7.184090210151732e-06,8.044332302620867e-06,0.0043116257154992175,0
0.9367060751499207,0.06093709119797561,2.1915654080817838e-05,1.2889812669766245e-07,7.331895064364405e-06,9.383365157796739e-06,0.002318073839674021,0
0.9357176324707812,0.0615888609453033,2.2114523345017596e-05,1.300677872297443e-07,7.398426894592381e-06,9.468512647247305e-06,0.002654395053241443,0
0.930699273183099,0.06611826361540296,2.1995920660008772e-05,1.293702190046494e-07,7.358748296014861e-06,9.417731945104949e-06,0.003143561430378126,0
0.9239305383331282,0.07308310475588965,1.3205552797203805e-05,1.1395858118410322e-07,7.1370527750033984e-06,8.29894883336162e-06,0.0029576013979951696,0
0.9178300519407306,0.0799943301512255,1.3171299263341448e-05,1.1366298703674407e-07,6.553290858529532e-06,8.277422409647974e-06,0.002147502232525484,0
0.91523914794687,0.08224788806215988,1.4367058347868139e-05,1.2398190444999446e-07,8.554692268513802e-06,8.96791473789354e-06,0.0024809503437114243,0
0.9148188101750936,0.08405416729244009,1.3871087977688755e-05,1.1970188069309692e-07,7.259087790712278e-06,8.588380849404762e-06,0.001097184273967977,0
0.8428363035721873,0.15566844644792416,2.136565330638139e-05,1.96920648619662e-07,1.7297414687945096e-05,1.533376108717191e-05,0.0014410562301583585,0
0.8337558037075223,0.16528293138522232,2.296785751765401e-05,2.0132101912633242e-07,1.5409931133938983e-05,1.7592587331087736e-05,0.0009050932102535862,0
0.7939942485513468,0.20559043312433814,2.603627201741352e-05,2.2821670731661237e-07,1.2864426325497378e-05,1.7843686262251878e-05,0.00035834572300249716,0
0.827285337177597,0.17238233368926512,1.9989147307065513e-05,2.0066381974488835e-07,1.1457029097315925e-05,1.4656156485487484e-05,0.00028602613642820076,0
0.8092903527603864,0.19054132484981984,2.0624761984769255e-05,2.0704452559264932e-07,1.1821339577661367e-05,1.3747845637678335e-05,0.00012192139806809827,0
0.8545137097653809,0.145445323498479,1.7369325292304492e-05,1.4772098009955322e-07,8.915889745053083e-06,1.0548742936014903e-05,3.985057186882509e-06,0
0.8686264799237523,0.13133466857362405,1.666402699905339e-05,1.8363339489263205e-07,8.004675887009619e-06,1.1063496788980213e-05,2.935669553796316e-06,0
0.8789056421957473,0.12105848831153723,1.5904929698112717e-05,1.3526672820507587e-07,5.921797438766195e-06,1.0340359531753218e-05,3.567139318698448e-06,0
0.864640540659694,0.1353208589405591,1.690766239958391e-05,1.4379467358847103e-07,6.764639954501316e-06,1.0992271664925904e-05,3.792031054371258e-06,0
0.6758794946395827,0.32405845447390164,2.639922072904858e-05,2.378333509976197e-07,1.155419872105562e-05,1.6989084013015396e-05,6.870549701517175e-06,0
0.6219106620409948,0.37802777675456406,2.5438840583963017e-05,2.2861970169302017e-07,1.1376165564624933e-05,1.633092794934429e-05,8.186650641584193e-06,0
0.4949356783298958,0.5050050087393335,2.31010276781407e-05,2.9424562204673084e-07,1.142833267149105e-05,1.3141456234364307e-05,1.1347868564465274e-05,0
0.36957485116100086,0.6303660481549535,2.4504643148278274e-05,2.370823041132508e-07,1.092508550791547e-05,1.613254836299889e-05,7.301324722186084e-06,0
0.4243920050238846,0.575548764192487,2.407029507183688e-05,2.4448103001615345e-07,1.1266029187542562e-05,1.6636003498124172e-05,7.013974840938719e-06,0
0.4513096329749069,0.548585442198916,2.5534857499727048e-05,2.970303682034269e-07,5.4858914981531326e-05,1.502244746845958e-05,9.211575859190584e-06,0
0.04120877116304646,0.0002856416243800063,1.0047392892724498e-06,1.3444483609487485e-08,8.918319291508014e-07,6.263028284327551e-07,0.9585030508940431,6
0.251887479201487,0.0032984451691265666,6.499218788352035e-06,8.217903591836091e-08,5.559417392743018e-06,3.854343729962578e-06,0.7447980804704395,6
0.05507909524679405,0.0004993228271947921,1.0105148690153287e-06,1.3553296560425027e-08,7.442207063093939e-07,6.880373440838163e-07,0.9444191255997952,6
0.12427096492546545,0.002279672852121452,2.5576559543490044e-06,3.492679948314028e-08,2.0298777928590288e-06,1.7730699130348135e-06,0.8734429666919534,6
0.885174231502423,0.025219547996921828,1.7228664158157797e-05,2.5745070145211757e-07,1.3916907200763532e-05,1.1664432206298483e-05,0.08956315304638854,0
0.9357739912430572,0.06177034912026021,1.4922705878550456e-05,2.2296482457888871e-07,7.680723085366168e-06,8.068723900716704e-06,0.0024247645189931152,0
0.9382137893418877,0.05838271029485881,1.415664642215256e-05,2.1600197751751082e-07,7.52746436033061e-06,7.816750116926889e-06,0.0033737835003767717,0
0.9351459181004277,0.06283486099199605,1.3681717292083912e-05,2.1950499125439303e-07,6.8086953839865905e-06,7.943518322255706e-06,0.0019905674715865814,0
0.6243853391317917,0.3725518682464919,1.1822892759953564e-05,1.669158544813989e-07,1.454951683189464e-05,1.0653544110289674e-05,0.003025599752159946,0
0.8282021472771224,0.17143686198163705,1.2066994123323349e-05,1.5307368724601565e-07,6.807577528236703e-06,6.900345339833844e-06,0.00033506275056176846,0
0.8163012700262257,0.18295984077446342,1.3343375574273703e-05,2.3896355303391916e-07,1.434024953580797e-05,1.0659353429786852e-05,0.0007003072572178663,0
0.8697603422978812,0.13004682877481233,9.472844394722538e-06,1.3243196712432852e-07,5.821337859790998e-06,7.1538286960595125e-06,0.00017024848438890603,0
0.7661397310418789,0.23359133501753213,1.2588960142392955e-05,1.5951881477117292e-07,7.38282456734238e-06,8.783066476643174e-06,0.00024001957058766545,0
0.7756013076829356,0.22425226139922363,1.2249509463709025e-05,1.4869106275370596e-07,6.926580088574138e-06,8.489057220490563e-06,0.00011861708000534131,0
0.7692097175139486,0.23074720123508888,1.2765821085607714e-05,1.5664239827632687e-07,1.4344436125362143e-05,1.2560812343200868e-05,3.253539010127e-06,0
0.7737492448681583,0.2262079579902701,1.2788759252297122e-05,2.3898128562091146e-07,1.4245166317935484e-05,1.2330382364650568e-05,3.1938523510295137e-06,0
0.784632975590979,0.21530762985133386,1.3155506369023649e-05,1.784040960700531e-07,1.236651212710355e-05,1.1679422665186943e-05,2.201471242966186e-05,0
0.7251136649267609,0.2748304931957814,1.6012392193000456e-05,2.8567814485702713e-07,2.039881666946902e-05,1.5165228594929984e-05,3.979761855562563e-06,0
0.7074380011780325,0.29250776073153817,1.5709592480343464e-05,2.7810235764071685e-07,1.9467443338294727e-05,1.4878449030354387e-05,3.904503222637347e-06,0
0.676978992671179,0.32297344576676984,1.4623239467788046e-05,1.944370049193768e-07,1.5259815953270005e-05,1.3849571422835162e-05,3.6344982022173852e-06,0
0.621439028138264,0.378511494298046,1.615466226297564e-05,2.042804320885096e-07,1.611484826704891e-05,1.3185277048586443e-05,3.818495679265056e-06,0
0.5908949124453513,0.4090503697629963,1.663870892556411e-05,2.1874726381997868e-07,1.8814443519855868e-05,1.5300785417872798e-05,3.745106525299559e-06,0
0.43559263512798096,0.5643496898969081,1.5845174954823637e-05,2.260284217704324e-07,2.1972431804616148e-05,1.5169902280149456e-05,4.461437649598386e-06,0
0.48079522165604194,0.5191465021811771,1.596452592689094e-05,2.2773094079783683e-07,2.2304696394836974e-05,1.5284166880475037e-05,4.495042637982256e-06,0
0.4656939087509869,0.5342256621899036,1.7852164121708145e-05,2.6501473659994046e-07,4.083540272446682e-05,1.6595712089235677e-05,4.880765437342137e-06,0
0.2077437277044661,0.7922161643316987,1.8274291866739502e-05,1.1132896096263998e-07,1.0138879138336201e-05,9.75721382883884e-06,1.8262500403839952e-06,1
0.496151251154511,0.5037740865121727,3.063431100904088e-05,1.8662753333004435e-07,2.346922302621703e-05,1.7789512369981185e-05,2.5826593778403746e-06,1
0.19536884089996157,0.8045577204410627,3.5931038190060325e-05,2.228475598063731e-07,1.596208185476428e-05,1.7985582918838763e-05,3.3371084522643314e-06,1
0.08437978119634096,0.9155788995071665,2.0908069916530658e-05,1.1857334635947594e-07,9.548571062816407e-06,8.798994592944652e-06,1.945087573844572e-06,1
0.09879906427349469,0.9011631017163267,1.850695777440804e-05,1.049562165711951e-07,8.451999738424476e-06,8.286595388592481e-06,2.483501060608674e-06,1
0.445975185132403,0.5539586205222505,2.740374293860164e-05,1.8287156708196334e-07,1.605481247908431e-05,1.8100568899877734e-05,4.452349461618216e-06,1
0.4763261944454362,0.5236130761467347,2.4998322481601834e-05,1.77979869284841e-07,1.4493854989196234e-05,1.7616390225045747e-05,3.4428602637658542e-06,1
0.4754014244165428,0.524534421524415,2.834713771156234e-05,1.8168466768858893e-07,1.3792184741958633e-05,1.7983089979617985e-05,3.849961941366783e-06,1
0.5192418090572054,0.4806955912693901,2.768112830582333e-05,1.7578605873603786e-07,1.3344405050754315e-05,1.693628234660013e-05,4.4620716425555506e-06,1
0.5638640678427826,0.43607028448117374,2.3835101655617417e-05,2.138065931927906e-07,1.637255402186912e-05,1.973132155537222e-05,5.494892217728558e-06,1
0.59680329845933,0.40313269734206225,2.166437027557497e-05,1.900169202639786e-07,1.721434677175728e-05,1.4925932537773181e-05,1.0009532102408232e-05,0
0.6493705035602046,0.3505543339842759,2.3465909335166543e-05,2.115493291001774e-07,2.581382301210594e-05,2.167406048663023e-05,3.9971133564953804e-06,1
0.6512468083251708,0.34869026295103145,1.7729245351389432e-05,2.2047810976544125e-07,1.760685107924754e-05,2.3206331284163226e-05,4.165817973078888e-06,1
0.2503978198429866,0.7495221597817615,2.760264528860098e-05,1.8415019084992847e-07,3.149344295056189e-05,1.60657539359944e-05,4.674382886054227e-06,1
0.4420123637283292,0.5579240589862113,2.0774174033273664e-05,1.8634933639570086e-07,2.1135167188123087e-05,1.67513899266765e-05,4.730204974837605e-06,1
0.17113832384770866,0.8066460676585536,1.7212861300638948e-05,1.6864284398972544e-07,0.02216754644055618,1.64118013364303e-05,1.426874770039037e-05,1
0.1428956726879628,0.831396629515615,0.0002583407319341914,1.743825844704975e-07,0.022697245349065576,0.002739583351294336,1.2353981543802798e-05,1
0.4636676299942168,0.5114648429711194,0.000797440177285157,2.6260169174576653e-07,0.02030532832880139,0.00376076795514145,3.7279717439416006e-06,1
0.489384070664013,0.4880733381053987,0.0013548235361380528,2.420032666566756e-07,0.017568416348488065,0.003615673792322571,3.4355503730382783e-06,1
0.09177935506901408,0.9044698952700636,0.0004892874549740885,1.499006302660549e-07,0.0020321318817168033,0.0012178219365112021,1.135848709003924e-05,1
0.0529112879366734,0.947029356581037,1.4687084151997789e-05,1.028262158519493e-07,1.6364433410868902e-05,9.747336261916293e-06,1.8453802248769448e-05,1
0.08248292164904215,0.9174591112370206,2.228165770409831e-05,1.610248592525767e-07,1.9529939979016582e-05,1.218627600740568e-05,3.808215387330244e-06,1
0.1834677065946225,0.8164563230307322,3.0948104911686064e-05,2.0828770567942295e-07,2.2732428614068796e-05,1.715299601289048e-05,4.928557401034984e-06,1
0.26197323665034333,0.7379563272453274,3.2071167719803254e-05,2.1187543045460402e-07,1.6503008710639636e-05,1.7448453819981343e-05,4.201598648345384e-06,1
0.20435870758683536,0.7955829803724593,2.7091364767339095e-05,1.7897678755670443e-07,1.3940528534682727e-05,1.3551968959542527e-05,3.549201656227752e-06,0
0.26744590644496524,0.7325000942958141,2.457461823753317e-05,1.6260850331104047e-07,1.2658964325506356e-05,1.3380147514165609e-05,3.2229206402350893e-06,1
0.33563951574054546,0.6642931288060188,3.042347337873166e-05,2.829353659991654e-07,1.740658459179654e-05,1.3393544810233284e-05,5.848915289172521e-06,1
0.8673759079465612,0.1307082747059177,1.2873455090627121e-05,1.5453841827962655e-07,1.2284955211345556e-05,9.787498160153512e-06,0.0018807169006408195,0
0.859767720955296,0.1380814759330405,1.2935253743218972e-05,1.5528027553209876e-07,1.1394287088927385e-05,1.0337114554449422e-05,0.0021159811760014936,0
0.8553189601717189,0.14100383510571327,1.5931042968999588e-05,1.6803873209609683e-07,1.446471707290726e-05,1.1975834504999282e-05,0.003634665089288808,0
0.8778955991132756,0.11777009994659302,1.63749498007554e-05,1.7781599070281505e-07,1.5306340178072975e-05,1.3261868513417171e-05,0.004289179965648479,0
0.7929800645236208,0.19167501903327966,1.8498783273149596e-05,1.6503967116751866e-07,1.4206558925228036e-05,8.824576556169703e-06,0.015303221484673921,0
0.6907501084207763,0.288882257229143,2.1138315852901163e-05,1.8868751972686796e-07,1.623364765725983e-05,1.0106715059664637e-05,0.02031996698399099,0
0.8481807135909479,0.1295942037877775,1.9385253494221844e-05,1.7363486995077024e-07,1.4938599563315826e-05,9.114446357594462e-06,0.022181470686989366,0
0.868091323788328,0.09995354064828386,2.1023697766193866e-05,1.743931922169387e-07,1.3917346653576496e-05,9.154252230796783e-06,0.03191086587354546,0
0.8597685704081908,0.11047257888031412,1.9755638132930015e-05,1.7695242721629817e-07,1.522402414152493e-05,9.288591664602642e-06,0.029714405505129035,0
0.8603254665779576,0.12718497955979882,2.1163203520260385e-05,2.787896293348786e-07,1.7094278129776045e-05,1.4715388090540473e-05,0.012436302202873742,0
0.4833539487644755,0.007595523410343445,1.2369702884826765e-05,1.62950041043739e-07,9.991452442135765e-06,8.8000472366519e-06,0.5090192036725764,6
0.45159835341665355,0.006487892247961339,1.1558541230978021e-05,1.442815318807169e-07,9.336248096261339e-06,8.036988342125166e-06,0.5418846782761838,6
0.003489064136486401,3.0040617721890983e-05,2.672114513340706e-07,3.2083250734412024e-09,1.467131998545433e-07,1.4381712899335078e-07,0.9964803342956864,6
0.15158746585794444,0.010069920257851377,3.939806325670704e-06,4.7266983563714396e-08,2.116843430928972e-06,2.262578490469799e-06,0.8383342473889737,6
0.1522477854403904,0.013135485211082201,4.717190333809635e-06,5.8898135179970105e-08,2.685166484688323e-06,2.6855923298471822e-06,0.8346065825012439,6
0.7414833891529972,0.010995411341154199,5.424709341528609e-06,5.936547124695419e-08,1.7191601395864815e-06,2.706901564054995e-06,0.24751128936933214,6
0.9731569228093311,0.01730774104863963,6.3529342315264e-06,7.575646478423049e-08,2.230980650619796e-06,3.191810855817164e-06,0.009523484659826343,0
0.9544807850129443,0.035462301391340906,1.2549797170998088e-05,1.5723117527355566e-07,4.6162749612115315e-06,6.3052091189476965e-06,0.010033285083288124,0
0.9617520885712445,0.03140766272878198,1.3336483155315932e-05,2.033628459414566e-07,4.905646873941313e-06,6.755024917378391e-06,0.006815048182180882,0
0.9664883852110622,0.024222399343721123,8.891123114082536e-06,1.0602345790732608e-07,3.3085432207082574e-06,4.467035584140946e-06,0.009272442719839567,0
0.9676273125397798,0.029227558009790343,9.03072898308686e-06,8.973182572289462e-08,2.642546316050335e-06,3.780628046337341e-06,0.0031295858152582618,0
0.9536295500972776,0.04141476264726041,1.0718832397925647e-05,9.380229927365744e-08,3.379275965102107e-06,4.973371846342086e-06,0.004936521972953715,0
0.9589269756192565,0.0368422509688742,1.0389505198258888e-05,9.241481584172052e-08,2.8545147110635275e-06,4.201066514123451e-06,0.004213235910629571,0
0.9671248950330783,0.032837238733870885,8.864066505701405e-06,9.253655222306206e-08,2.7168541371070533e-06,3.7108563991695915e-06,2.2481919456478948e-05,0
0.7750615280112013,0.22258651934438942,2.4476013435262323e-05,2.8113650992698336e-07,7.406351927766324e-06,1.560988644216026e-05,0.002304179256094264,0
0.7818523190109133,0.21572193769979797,2.450301894622879e-05,2.8144670076431024e-07,7.414523696372999e-06,1.5627109547573813e-05,0.002377917190397778,0
0.8163237191375062,0.18264368678097784,1.299084955049875e-05,1.7345209222233707e-07,4.569478499749663e-06,9.565840912582234e-06,0.0010052944604607736,0
0.7581281021760167,0.24081801546844847,1.5707930479296793e-05,1.7782546226692846e-07,6.4457271864121824e-06,9.807031212234477e-06,0.0010217438411946052,0
0.9246423660468588,0.07294792120434326,2.058259009312627e-05,1.4631678113652834e-07,5.313704948162482e-06,8.28991603469321e-06,0.002375380220940945,0
0.9200894161928138,0.07579426225959067,1.6591695448162556e-05,1.1794645185998542e-07,5.034782650791825e-06,6.682529337471626e-06,0.004087894593707398,0
0.7935053284899972,0.20206048690302916,3.932683431316051e-05,7.174754827714235e-08,7.279913304290688e-06,7.783498378600255e-06,0.004379722613429292,0
0.5120892542699735,0.48304738482450066,3.15434804947619e-05,1.5215696124526548e-07,1.0464966414465723e-05,8.668344921641422e-06,0.004812531956733835,1
0.5085372913321063,0.48571029564623547,2.829575504052692e-05,1.4333200844774337e-07,1.1283526547510199e-05,1.0448804503485664e-05,0.005702241603558299,1
0.8867655489040763,0.10619354812778597,2.779503551414775e-05,1.7884023508245989e-07,1.7349864924378087e-05,1.3090782525784783e-05,0.006982488444938369,0
0.8983759969239598,0.0891850989372985,2.8158956750653448e-05,1.811817956627675e-07,1.757702722799424e-05,1.3262180535374874e-05,0.012379724792432035,0
0.9008901766041985,0.08943469082788327,2.8237761924791693e-05,1.816888479333582e-07,1.7626217995386666e-05,1.3298752221196893e-05,0.009615788146928905,0
0.9403160641381387,0.05604084532059876,2.3461049266217965e-05,1.2638937500863952e-07,8.020031925613079e-06,8.74422793289679e-06,0.003602738842762857,0
0.9271777904276084,0.07013409850687026,2.193702466897972e-05,1.1490635637159652e-07,7.196410494814339e-06,7.318665765647022e-06,0.0026515440582354144,0
0.9378616147173213,0.05887650026721958,2.2189803930327627e-05,1.1623041669090064e-07,6.525229238315407e-06,7.40299839298406e-06,0.003225650753480668,0
0.9218860525728803,0.0756997360427136,1.7484911599275843e-05,1.0283847072552354e-07,6.4406171544288096e-06,7.114862528856109e-06,0.0023830681546531214,0
0.9402758971593961,0.05703100506708822,1.4194614323689393e-05,1.1652962187197254e-07,7.298073146486963e-06,8.062082548577764e-06,0.002663426473874898,0
0.9202923880787368,0.0762873977945165,1.630628721988292e-05,1.1642247443485673e-07,7.291362665315155e-06,8.478380024996363e-06,0.0033880216743621475,0
0.8277238335075745,0.17027825045070497,2.8380057376261934e-05,2.2948193723070186e-07,1.3916485848801337e-05,1.6598990442202906e-05,0.0019387910261159692,0
0.7140438405368724,0.2853738074996582,2.6643411716606194e-05,2.3623147749381013e-07,1.8082119868288137e-05,1.884726810615919e-05,0.0005185429323010508,0
0.7729620995922682,0.22664100707990872,2.5461127136166584e-05,2.3093919955939917e-07,1.3692455594415611e-05,1.686742060267193e-05,0.00034064138529022744,0
0.8260768660885971,0.17381937761641778,2.0714852493206708e-05,2.079489116211333e-07,1.2070065502869387e-05,1.3807897259332573e-05,5.6955530818218624e-05,0
0.8649028656349314,0.13505389268813434,1.8121371850070946e-05,1.6577778821291297e-07,8.80995419815828e-06,1.1310282412846227e-05,4.83429068468094e-06,0
0.8717639376433037,0.12819536884295132,1.7380297570970966e-05,1.589982984531356e-07,7.669877787367397e-06,1.0847747928433867e-05,4.636592159770661e-06,0
0.8734591441069525,0.12650142889261878,1.7150638881504544e-05,1.568973366772494e-07,7.568530035764086e-06,1.0704408635033781e-05,3.84652553995713e-06,0
0.8743137793932617,0.12564884763437506,1.6281954859578784e-05,1.5981112052276342e-07,7.68523225511873e-06,1.0377613487470649e-05,2.868360640574253e-06,0
0.8441108213259382,0.15584612182312063,1.8612897944833815e-05,1.582971981140792e-07,7.742667058005403e-06,1.2368509421544452e-05,4.174479318938244e-06,0
0.5514022937284048,0.44854510967679656,2.099235393121966e-05,2.6107771114393553e-07,9.897182524490698e-06,1.4584181348661554e-05,6.861799283203895e-06,0
0.4105532683513529,0.5893898695432104,2.3799570106610422e-05,2.2989335541864513e-07,1.0593808656636572e-05,1.5643367768400636e-05,6.595465549612663e-06,0
0.036234166355670845,0.00032411366872692735,6.957624435609199e-07,8.797532242261616e-09,7.763829210137384e-07,4.4660947921201475e-07,0.9634397924232263,6
0.046985644754615793,0.0005635919542653037,8.383602424550173e-07,1.1448467114223797e-08,6.731063206769795e-07,5.811850181233276e-07,0.9524486591910706,6
0.20551167243459817,0.006197515675040666,4.498877803113538e-06,6.533074417996083e-08,3.5470710650722878e-06,2.959968771403456e-06,0.7882797406419775,6
0.9040177488153113,0.09419094536665662,1.0708855762174824e-05,1.6812881676539168e-07,6.23880778198838e-06,6.557833744341225e-06,0.0017676321919268606,0
0.8937577118642851,0.10442489589804688,1.1052737604104379e-05,1.6235383936460964e-07,6.157880328485498e-06,6.653304838578652e-06,0.001793365961057281,0
0.9403888303901942,0.05553032376564892,1.3464999402865564e-05,2.0705452553974752e-07,7.159697296553077e-06,7.434849505887844e-06,0.00405257924342618,0
0.9367525427032635,0.06120214720090543,1.3289896891739292e-05,1.2798055811270816e-07,6.524241177561922e-06,7.716029881826399e-06,0.002017651947321575,0
0.8897986685293825,0.10856129710792238,1.5155440963680014e-05,1.9370131445343026e-07,7.5803488523256484e-06,8.616527897411045e-06,0.0016084883436673066,0
0.8780891969155789,0.12025238728018046,1.5639535657339957e-05,2.3367520292323825e-07,7.442779120758945e-06,8.456314570662021e-06,0.0016266434996889453,0
0.8631704959149971,0.13516424642911898,1.48415499806273e-05,2.2819025777688725e-07,7.956988293259228e-06,8.2578235841126e-06,0.001633973103768135,0
0.8644561689822912,0.1339825052241654,1.5271295756230968e-05,2.3479764039134005e-07,8.187387551424275e-06,8.496933704388777e-06,0.0015291353788908332,0
0.7854548673294791,0.21172411094012472,1.2495325439702108e-05,1.73892702527586e-07,1.548559572882775e-05,9.71827008980023e-06,0.0027831486464353202,0
0.6199352800086805,0.3775684015156829,1.1909919063227967e-05,1.5507300811294295e-07,1.3517214100013688e-05,9.734983634680713e-06,0.002461001285830543,0
0.8119620084282788,0.1876704768910405,1.2181349006089747e-05,1.5732798890378937e-07,7.227534163902634e-06,7.092123242010367e-06,0.00034085634627999833,0
0.8631849139960931,0.13649284485441643,1.0478602759943529e-05,1.389962070798849e-07,5.876981259283818e-06,6.265752442722506e-06,0.00029948081682141804,0
0.8527526591068328,0.14683429500580683,1.2126843221602204e-05,1.6794257201256033e-07,6.8630116887391085e-06,8.09671701735877e-06,0.00038579137286055403,0
0.8524916293109056,0.14719632081673556,1.0414547668704804e-05,1.3814653132345924e-07,6.072534075077713e-06,7.462523146809733e-06,0.00028796212093702483,0
0.8363424483839518,0.16361309012922648,9.083207292139816e-06,1.2684622186402496e-07,5.908966540440662e-06,7.24189346464207e-06,2.2100573302643692e-05,0
0.7659392525477281,0.23400790587356785,1.2849105401195015e-05,2.1825186423532364e-07,1.329794397850423e-05,1.3395007641787127e-05,1.3081269818161868e-05,0
0.7795511774860379,0.22040739032047996,1.3004186247731802e-05,2.505355159890881e-07,1.254202034717845e-05,1.2633566411880905e-05,3.00188495950473e-06,0
0.8023247789459608,0.19761604605564276,1.7444192982032526e-05,1.792326247947876e-07,1.2107111263268148e-05,1.1733663220082177e-05,1.7710798306260006e-05,0
0.6787104801225775,0.3212426194870095,1.4268376525221581e-05,1.1387502688299834e-07,1.5458356098440086e-05,1.3513483124533153e-05,3.546299637895681e-06,0
0.6226971461545848,0.3772367277652482,1.7418561876065167e-05,2.1572496161927256e-07,3.053540768039837e-05,1.392396401439655e-05,4.03242163447111e-06,0
0.6318918584265848,0.36805165864807377,1.6328873362249467e-05,2.0648338242290525e-07,1.942270574878437e-05,1.6665188695489695e-05,3.859674152638759e-06,0
0.5362800416548336,0.46364303746585267,1.6284222790728373e-05,2.4173870373351137e-07,4.374328682262457e-05,1.2199539293462253e-05,4.452091703230507e-06,0
0.4505227561364679,0.5494077359830688,2.8079666574992448e-05,1.8738216313052027e-07,1.6966593885836945e-05,1.9949109718384048e-05,4.325128120998861e-06,1
0.6373103015333589,0.36262446176662977,2.3387088003732006e-05,1.9195168606328122e-07,1.3891211051490862e-05,1.9055469214156725e-05,8.71098005607804e-06,1
0.6612559196214891,0.3386606701251595,2.7397229061297432e-05,2.2796112758983806e-07,1.6433611534646134e-05,1.8040538131541406e-05,2.131091349617543e-05,1
0.5578429676048253,0.4420729624904107,2.7218849898408804e-05,1.9630377731042653e-07,1.5032250178617493e-05,1.8116059447959126e-05,2.3506441461663058e-05,1
0.4218815740226837,0.5780498340364849,2.648181114387695e-05,2.0945628578165444e-07,1.556149758149576e-05,1.796116850556122e-05,8.378007314650796e-06,0
0.5996440244214558,0.4002973463834478,1.9405559872400284e-05,1.9092138242099174e-07,1.5814693350581323e-05,1.4917792586025362e-05,8.300227905033474e-06,0
0.5574878991326517,0.44244854477290274,1.9914184323027157e-05,2.107496940853996e-07,1.8377614676692982e-05,1.958065082548996e-05,5.472894926229137e-06,0
0.7037921152032841,0.29615781527253476,1.3681450057555986e-05,2.1066824637078162e-07,1.4782153385216604e-05,1.776448037326512e-05,3.630772118706295e-06,1
0.7034203207799229,0.2965191177901531,1.537774687626925e-05,1.8964527560055726e-07,2.314103098439338e-05,1.8073377811354065e-05,3.7796289761642493e-06,1
0.6887901864118147,0.3111542100705523,1.5820715169305742e-05,1.967439282683631e-07,1.5711496481226633e-05,2.0157188962988608e-05,3.7173730913533e-06,1
0.6575496661858335,0.3423827592621659,2.4011288597890666e-05,2.1646601975497062e-07,1.6580701632791184e-05,2.2676084108679685e-05,4.090011641588611e-06,1
0.6637231516116391,0.3362096574214839,2.4708963104251838e-05,1.953081631166165e-07,1.6091984486826526e-05,2.200770520936148e-05,4.187005913567678e-06,1
0.2871239688853979,0.7128068716856222,2.7441089537363164e-05,1.9498974446988237e-07,1.720876327301449e-05,1.9365057346283685e-05,4.949529078951041e-06,1
0.2548331079984716,0.7257569733288066,1.907350099249499e-05,1.4490414992305934e-07,0.01935946875010702,1.6747807822064854e-05,1.4483709650296875e-05,1
0.19477271935633378,0.7819112922286616,1.975895213787718e-05,1.7733536849955672e-07,0.02325661887759496,2.1335485537099053e-05,1.8097764366034432e-05,1
0.2576324598412659,0.7162250348235959,0.002704804261656383,1.8023526906323397e-07,0.020210460988523655,0.0032239346074063703,3.125242282994277e-06,1
0.4846787440733622,0.48496863437689464,0.0009068377469134636,3.123715373050345e-07,0.025670371896843656,0.0037712629616769035,3.836572772089725e-06,1
0.037129544664657836,0.9619488403390618,1.1302287347154654e-05,1.0747485329906352e-08,0.0008947688638518831,7.368013244923313e-06,8.16508435097597e-06,1
0.03334413889070232,0.9666010950753504,1.4005207765816662e-05,8.351784827183778e-08,1.3291574092655163e-05,7.2092741638788595e-06,2.0176460076550938e-05,1
0.023218395678048162,0.9767266243131076,1.0721245137714845e-05,5.791317976016369e-51,1.1840644562762168e-05,5.271501880665351e-06,2.714661726286451e-05,1
0.02588749783967688,0.9740518912117357,1.2519667697156432e-05,7.465906430156872e-08,1.3045438571207086e-05,6.4445824995010744e-06,2.852660075570338e-05,1
0.19845181200846737,0.8014696638764285,3.0688091241846e-05,2.2529890070789941e-07,2.4589022959680463e-05,1.8553909041079766e-05,4.467792960500114e-06,1
0.21217349235529812,0.7877563904147856,2.6178367768036662e-05,2.0567831648715817e-07,2.4080691292154552e-05,1.557378584528359e-05,4.078706694269371e-06,0
0.1682775570152591,0.831653231901326,2.5129145158619485e-05,2.0026085178228518e-07,2.343413313042192e-05,1.6478349431911297e-05,3.969194842200881e-06,0
0.2187375828504177,0.7811965851820464,2.3902256498012282e-05,1.9048344922185824e-07,2.229000060910484e-05,1.567382146504568e-05,3.7754055145935115e-06,0
0.16655553051781374,0.8333812384741561,2.4691724811018738e-05,1.8049695413552953e-07,2.1121400489428164e-05,1.3659913828220966e-05,3.577471947270961e-06,1
0.28725330046735076,0.7126427361926292,4.1334112979344285e-05,2.767174389084513e-07,3.407671066452704e-05,2.2788349945144395e-05,5.487448992064483e-06,1
0.2604532692725932,0.7394390825069109,4.090060537792313e-05,3.049998494976046e-07,3.7559583035504666e-05,2.2834728507224515e-05,6.048303725661338e-06,1
0.28034049199604355,0.7196021396851598,2.6633960669871277e-05,1.6843095242887143e-07,1.4579554713792497e-05,1.2083938798032737e-05,3.902433662254868e-06,1
0.3569950116561271,0.6429472131071619,2.8449697723922405e-05,1.6795603393990316e-07,1.4792077813202623e-05,1.0085387434678233e-05,4.2801177052281365e-06,1
0.7519238986687988,0.2480295822689593,1.7446357984362882e-05,1.6358451898323367e-07,1.4417997227469888e-05,9.94421546065176e-06,4.546907050616858e-06,0
0.8597710852407136,0.13829123779836494,1.2825565213605047e-05,1.5396352787184584e-07,1.2985878961889612e-05,1.0249457758654236e-05,0.0019014620954597048,0
0.8517402708217932,0.14647176310672244,1.4425639310198098e-05,1.6533794048798292e-07,1.5000372969330259e-05,1.17833536827043e-05,0.0017465913675818805,0
0.8707065327082008,0.12798597279478102,1.4192396863291503e-05,1.6266465683124743e-07,1.4253862746617271e-05,1.1592833305297053e-05,0.0012672927394463368,0
0.8258500908050844,0.17028785417885547,2.0374528284321692e-05,1.802529306877703e-07,1.55161111455537e-05,1.1811581840130835e-05,0.0038141725418593376,0
0.8395716534061396,0.15709447099411775,2.0493433103962743e-05,1.8130487858634784e-07,1.560666246392274e-05,1.1880513694099547e-05,0.0032857136856021965,0
0.8586151774560131,0.13784787884722843,1.6990836573902066e-05,1.7921730803728942e-07,1.542696509900454e-05,1.2483630803108233e-05,0.003491863046974287,0
0.8606467622028098,0.136326563700862,1.6672458448050107e-05,1.847604060723789e-07,1.590411309806886e-05,1.2976296411178226e-05,0.002980936467965158,0
0.8372612274781669,0.1582998443826819,1.9714684322175496e-05,1.8324354149168124e-07,1.5773541909367206e-05,1.2437917462961127e-05,0.004390818751915064,0
0.7774440427945591,0.20527379926811806,2.6263851769786867e-05,1.670329398231523e-07,1.4378138815140242e-05,1.037227105849124e-05,0.017230976642739548,0
0.7361238318895332,0.24457941712673772,2.1907243993565554e-05,1.9555122375701872e-07,1.6824163410556442e-05,1.047435729157812e-05,0.019247349667809725,0
0.8636300577420856,0.0927486144276388,2.015903477672743e-05,1.805656749772944e-07,1.5534888321282565e-05,9.263884239224634e-06,0.043576189457263464,0
0.7399171752810808,0.2527885722880403,2.344834725039743e-05,2.1848380977995032e-88,1.636210220930033e-05,1.3725274442786739e-05,0.007240716706976425,0
0.7885614282228913,0.2035618573937331,1.973036290589005e-05,2.5386969172069817e-07,1.593692140189517e-05,1.2683747549511844e-05,0.007828109481826433,0
0.8385180947586575,0.14891443950180172,2.3252013777061564e-05,3.916884156165151e-07,1.8781485052674315e-05,1.6541934878356474e-05,0.012508498617417265,0
0.4513398066908452,0.006875774347306942,1.3758189264484659e-05,1.5282736461028903e-07,9.8944206696001e-06,8.517483977905673e-06,0.5417520960405713,6
0.19704361294895334,0.0014305462748633478,6.3826384318054655e-06,6.43049322797269e-08,3.933834536104123e-06,4.435842434188015e-06,0.801511024155849,6
0.20807648435171933,0.001453846671419276,6.486597324395902e-06,6.535231568070272e-08,4.357219022384453e-06,4.508092377858004e-06,0.7904542517158212,6
0.21273624216753195,0.0042722759447459575,9.924555712364402e-06,9.379974140951186e-08,6.3779248806606315e-06,6.470434825282455e-06,0.7829686151725622,6
0.002902331340067165,2.1749597095128262e-05,3.0295083916379645e-07,2.694325575838248e-09,1.2072980638195604e-07,1.1849119034707778e-07,0.9970753741966762,6
0.8350841739947744,0.013373645274971797,6.467099168350192e-06,6.97714750556426e-08,2.020506807683554e-06,3.181386603820363e-06,0.1515304419661988,0
0.8694197803508873,0.0189922983719497,8.216391044880634e-06,8.708984486544196e-08,2.449123153491447e-06,4.426077782027209e-06,0.11157274259533766,0
0.9775231053000658,0.01705925487022245,5.902515762144489e-06,7.038538589841943e-08,2.0728057265215513e-06,3.0890252062721806e-06,0.005406505097631095,0
0.9580180653380587,0.03203071175993291,1.40211353995151e-05,1.4637384853659597e-07,4.297506081729976e-06,5.869813813721693e-06,0.009926888072864603,0
0.9669076720496287,0.026839986502614762,1.112438959928682e-05,1.3265436067987568e-07,4.139580941685765e-06,5.589062658816803e-06,0.006231355760196357,0
0.9686402389968681,0.026168986739635292,8.869144953674856e-06,1.1111781853817147e-07,3.114606583049212e-06,4.4559934218229424e-06,0.0051742234007195066,0
0.9673350812718782,0.026384949011488825,8.942338490461399e-06,1.1203482983760276e-07,3.140310196272667e-06,4.4927669687820156e-06,0.006263282266147619,0
0.9588513424219832,0.023603960910388633,8.873419724401402e-06,1.0581235132758476e-07,3.1161077682384795e-06,4.458141131702167e-06,0.017528143186652575,0
0.9612442952614704,0.035137405480426966,1.0806094095064764e-05,1.073723454551182e-07,2.9689724365957685e-06,4.369517044839782e-06,0.003600047302180798,0
0.9590181634410987,0.03728551276928145,1.1039191442621427e-05,8.419077556699711e-08,3.0330158915065843e-06,4.463771529790172e-06,0.0036777036199802282,0
0.9125642070403542,0.08684928744738976,1.2924251732209239e-05,1.7876686782241017e-07,4.624067950259589e-06,8.843540591530858e-06,0.0005599348851141261,0
0.8888051367870913,0.10952937440043893,1.5793891056894024e-05,2.1672382671900808e-07,6.4955959217972164e-06,1.113206323260376e-05,0.001631850538431646,0
0.7572909400375135,0.24022584565379282,3.227825085885962e-05,3.60753892567478e-07,9.853204674336287e-06,2.043934711619016e-05,0.00242028275215179,0
0.7508571285790897,0.2480033442564179,1.2878564972711062e-05,1.932756983157634e-07,5.278903577524892e-06,1.065910799154222e-05,0.0011105173122524432,0
0.8264330447636347,0.1686156777301751,1.9075934560866655e-05,6.565032261174857e-08,6.661589163795503e-06,7.122043775340011e-06,0.004918352288367404,0
0.5088865931216155,0.48763750061869143,3.686613343297172e-05,1.4277539814591706e-07,9.8197265125488e-06,8.133879563081787e-06,0.003420943744786307,1
0.502553793788658,0.49198769094388467,2.7962824528525515e-05,1.4164555057127569e-07,1.3562512347414963e-05,7.854796036419293e-06,0.0054089934889943216,1
0.8075580135139828,0.18602968870854475,2.531233164515259e-05,1.8824925138834824e-07,1.5800142969449418e-05,1.2197363037157753e-05,0.0063587996905693145,0
0.8848123327482365,0.10595964306223006,2.7733813342757047e-05,1.7844631626489988e-07,1.7311649596196005e-05,1.3061948379088908e-05,0.009169738331899088,0
0.899134933008042,0.09149054345787111,2.8182745062497662e-05,1.8133485563206557e-07,1.5769439630625836e-05,1.2219645975258369e-05,0.009318170368562593,0
0.8987689077489239,0.0917411370744402,2.8595410931149134e-05,2.1724409385977426e-07,1.3785213893867081e-05,1.5029382207202626e-05,0.009432327925509772,0
0.8066777239495204,0.19105458445554807,3.0912648694742296e-05,2.4593120081945593e-07,1.4529115881520862e-05,1.7788805956164298e-05,0.0022042150931983803,0
0.7884019099156053,0.20952242146950872,3.203993342653072e-05,2.62129904286907e-07,1.5587206722180916e-05,1.8960497843016328e-05,0.0020088188469898818,0
0.7028333655145721,0.29665025695402775,2.7267299735446483e-05,2.473216657445399e-07,1.8953700340366208e-05,1.9494951218248466e-05,0.0004504142584405643,0
0.7722310874118339,0.2270079946953883,3.000450607063283e-05,2.721488557073494e-07,1.6224630041023628e-05,2.1451936489854595e-05,0.0006929646713207445,0
0.7424460399503379,0.2570137366874975,2.430641271332838e-05,2.204656324190366e-07,1.784505089889608e-05,1.737804383765073e-05,0.00048047338908242983,0
0.815244546798332,0.1846517594417503,2.079564371023376e-05,2.09229433573995e-07,1.172940011828861e-05,1.3892924468302285e-05,5.706656218728576e-05,0
0.818879073070464,0.18104690443547847,2.0339707997486382e-05,2.0514476211806664e-07,1.1907303082436433e-05,1.3621700525065951e-05,2.794863769025555e-05,0
0.8141972055542271,0.18574619559816272,2.3458199415472153e-05,2.1133738122857148e-07,1.2670414544017002e-05,1.4032893100095233e-05,6.226003169261205e-06,0
0.8472775787995045,0.15268111972912532,1.6803880264716948e-05,1.4455998866546606e-07,8.767743465582598e-06,1.1050775579053274e-05,4.534512072254081e-06,0
0.845473378363651,0.15448521475591792,1.69614547146326e-05,1.4425216133581247e-07,8.749073354419654e-06,1.1027243958938298e-05,4.524856241789718e-06,0
0.852062144410602,0.14789601372791097,1.731949339887099e-05,1.5844205021496418e-07,8.933757201697159e-06,1.0809797580964597e-05,4.620371255238452e-06,0
0.8734585075304723,0.1265013366984562,1.715062638212961e-05,1.5689722233056818e-07,7.56852451982411e-06,1.0704400833667435e-05,4.575322113664797e-06,0
0.8634857946439479,0.1364741264108097,1.7414724291613176e-05,1.5931324070202873e-07,7.729918359048994e-06,1.0869235039687536e-05,3.905754311650783e-06,0
0.8738682846608022,0.12609520988933567,1.5854887475842118e-05,1.4925452239622754e-07,6.659181689652734e-06,1.018297335182038e-05,3.6591528225376226e-06,0
0.6824608691044026,0.31747683516057407,1.757676866844345e-05,2.0279343062219163e-07,2.475999359051387e-05,1.401505018160619e-05,5.741129152277998e-06,0
0.7611164728442749,0.23883908700025866,2.500309057861668e-05,1.3398145911700014e-07,5.696495083459738e-06,9.301194345538096e-06,4.305393999647752e-06,0
0.030790989060592668,0.00011606278488022901,8.333333151387202e-07,9.672312053589103e-09,6.958088762428451e-07,3.93855582837811e-07,0.9690910154844408,6
0.029982529585776383,0.0001608139901321781,7.538581833647861e-07,1.0087426756711154e-08,5.761478377185186e-07,4.699164425235444e-07,0.969854846414201,6
0.03408258499387982,0.00024258192234364326,9.450636797554701e-07,1.1417764081078938e-08,7.91333264242116e-07,5.318893715866754e-07,0.9656725533796969,6
0.24614815371575954,0.0032743496970745562,6.549510176497901e-06,8.281494277538662e-08,5.602436535053538e-06,3.884168898630316e-06,0.750561377656613,6
0.028025909744808855,0.00014810294407481493,5.602867800431288e-07,6.764918557363274e-09,3.7381881948166745e-07,3.156052409628604e-07,0.9718247308353574,6
0.8334721505483264,0.023867147864616266,1.4141561039062071e-05,2.0971009090846396e-07,1.0365012033569621e-05,9.501427359029439e-06,0.14262648387653468,0
0.9459993863742896,0.038450935564011704,1.5898789112120092e-05,2.3757816459707892e-07,1.174240364063816e-05,9.73601830569916e-06,0.015512063272475368,0
0.9369769204114878,0.06009029700961459,1.3263866923243282e-05,2.2544642397562752e-07,7.705983214110878e-06,8.09526007475557e-06,0.0029034920222615673,0
0.913652297040725,0.08457939868202459,1.2921971292453134e-05,2.291539595653032e-07,7.4165648048967225e-06,8.292698339213731e-06,0.001739443888853991,0
0.8718899720844175,0.1268336148441736,1.491807965206065e-05,1.8456714996983626e-07,7.772367296113332e-06,8.06622249483549e-06,0.001245471834815805,0
0.8666057636190319,0.13212153606846302,1.5540041188950464e-05,2.3400330227421166e-07,8.096411249591955e-06,8.402517799378248e-06,0.0012404273389651488,0
0.8227082812847195,0.17426302296490656,1.328102978050441e-05,1.8482705168632432e-07,1.095931373937134e-05,9.121086950487327e-06,0.002995149492851988,0
0.6690003807021043,0.3305293649008764,1.4850594487510734e-05,1.7764134132598403e-07,1.47798495640064e-05,9.379091219453316e-06,0.0004310672204068368,0
0.820088278106039,0.17968214458411716,1.390926375098378e-05,1.6069429705006882e-07,7.485735172517496e-06,9.174344828808752e-06,0.00019884727179457186,0
0.798800850268579,0.201045920961421,1.4446697958369182e-05,1.6690329658538567e-07,8.354841862174978e-06,9.528828490174542e-06,0.00012073149839267317,0
0.798668239818371,0.20128058504947388,1.2687937442380613e-05,2.008393521415717e-07,1.2907194006564444e-05,1.278127429607426e-05,1.2597887057907598e-05,0
0.8230598815724017,0.17689871113370434,1.2762644732136485e-05,1.81973485529728e-07,1.361991834613457e-05,1.1757321502666103e-05,3.085435827557474e-06,0
0.6518187133082002,0.348129040090443,1.5899095690156016e-05,2.1140134877296952e-07,1.7126575230045805e-05,1.5057926241606868e-05,3.9516028462806186e-06,0
0.6528748516534143,0.3470785749052286,1.5483632139519346e-05,2.0587716320403906e-07,1.3747251574556232e-05,1.3288338031545557e-05,3.848342448254439e-06,0
0.6185100077432257,0.3814243108214109,1.730143603093755e-05,2.1427438443474055e-07,3.0330081577340616e-05,1.3830336534452088e-05,4.005306836176694e-06,0
0.6164351011615554,0.38351649050913733,1.4049745204050405e-05,1.7637773677939892e-07,1.8825345406387276e-05,1.2337150443959764e-05,3.0197105161219627e-06,0
0.43343336188198506,0.5665026820290766,1.9230663026305185e-05,2.5735662463278836e-07,2.6652137200263298e-05,1.3076205780988945e-05,4.739726306144704e-06,0
0.23335917113315552,0.7665725529868122,2.8359587758727923e-05,1.6452090851840034e-07,1.734461652070939e-05,1.5450541126963045e-05,6.9566137172711515e-06,1
0.23780999246809262,0.7621137183538015,3.559704523138852e-05,2.4619699461759223e-07,1.7510888246063338e-05,1.9824874839885635e-05,3.1101727938780265e-06,1
0.3223794882750992,0.6775449903938082,2.984182131835743e-05,2.740219450522247e-07,2.0254004587456652e-05,2.1689801673538014e-05,3.4616815682528646e-06,1
0.442535418661212,0.5574011861268857,2.6876556705286435e-05,1.673197912051547e-07,1.5150038290803083e-05,1.733924577548683e-05,3.862051339630423e-06,1
0.5332116779834962,0.46672574622883434,2.66832469925289e-05,1.6611634311724702e-07,1.2021552030456307e-05,1.773737346383937e-05,5.967498839351143e-06,1
0.5305782381995007,0.4693630555319858,2.2108291611268145e-05,1.6705501037665694e-07,1.2517212853349845e-05,1.7837601360902337e-05,6.07610767768261e-06,1
0.48515838562827784,0.5147692880232241,2.8063526718711187e-05,1.977441327251948e-07,1.370124274670383e-05,1.9572650664357874e-05,1.0791184235703954e-05,1
0.6543764592080773,0.34553515079109787,2.2722658947689884e-05,1.9709184735112216e-07,1.4961786288207063e-05,1.9508087667801428e-05,3.100037607378016e-05,1
0.5976194093605219,0.4023235054782587,1.927486140597306e-05,2.0398380766969852e-07,1.7355157258002785e-05,1.4887862006476354e-05,5.363296741069154e-06,0
0.7029383398534196,0.2970057409031806,1.5701927967248427e-05,1.9526670928611976e-07,1.6124542543886614e-05,2.0005842070472683e-05,3.891664109010318e-06,1
0.3111764778103845,0.6887641552951417,1.9898281156453948e-05,1.9184298418041365e-07,1.4984989668181002e-05,1.9422127487147407e-05,4.869653177787328e-06,1
0.30140918008980055,0.6985150914774342,3.106812136940159e-05,1.9635033835127795e-07,2.0302688191723954e-05,1.9177207103841915e-05,4.984065761887463e-06,1
0.4147895526428856,0.585152465788809,2.1514264422303143e-05,1.9298812514598196e-07,1.2773917569303952e-05,1.8601677284573338e-05,4.89872090401051e-06,1
0.3311259262873974,0.6688236822499326,1.808525030294932e-05,1.9724081257690495e-08,1.156743681688476e-05,1.5838174993250552e-05,4.8808764755824525e-06,1
0.23054699672503076,0.7598726501091505,1.9507107660799453e-05,8.97070810705361e-08,0.009527236977963104,2.0814228760921045e-05,1.2705144352890167e-05,1
0.16161430547535283,0.8301792781472942,0.0007199741841678035,2.5176329795351925e-220,0.006389423893269415,0.001089115987304489,7.902312611370594e-06,1
0.037122369619389785,0.9617629499238326,1.130010325294933e-05,8.260260111516868e-08,0.001087914979714015,7.2192647085509085e-06,8.163506501035583e-06,1
0.027453886357122807,0.9706315463197538,1.3625441502569329e-05,9.247251897058003e-08,0.0018822679968270336,8.678010581549552e-06,9.903401693240114e-06,1
0.03665995659520084,0.9632237682444097,1.5443232828612087e-05,1.0480942143721586e-07,7.941547682756414e-05,9.835757459657934e-06,1.1475883852517438e-05,1
0.021804195178820162,0.9781635273994704,1.0557881594458318e-05,5.5763456796194345e-136,6.82766543723823e-06,5.191178073640405e-06,9.70069660420199e-06,1
0.01962263348730745,0.9803494625891113,1.0231781778012797e-05,4.647182585997748e-51,8.03461005416207e-06,5.030838880422071e-06,4.606692868715013e-06,1
0.025450704002609542,0.9745008982101612,1.164685845188035e-05,7.33993589654217e-08,1.3279091448867043e-05,5.827267369055346e-06,1.757117060047469e-05,1
0.060784160834453906,0.9391795908994686,1.5382390562826454e-05,1.0409593079826842e-07,1.0809537765176381e-05,7.4903876227552354e-06,2.461854196081756e-06,1
0.10021142952450944,0.8997426567457508,1.9662295971338017e-05,1.330589671616938e-07,1.3397080057112722e-05,9.5744687912539e-06,3.1468259529580906e-06,1
0.2303904535306656,0.7695306474738712,3.1003068318900736e-05,2.2558103418235985e-07,2.4619814883029424e-05,1.8577143414643664e-05,4.473387812259954e-06,1
0.16026308147298507,0.8396444493947691,3.512438031436217e-05,2.563518598868247e-07,3.120558896013633e-05,2.0799222015434573e-05,5.083589096150923e-06,1
0.22019491986645284,0.7797179923660109,3.284048976606252e-05,2.396831077381881e-07,2.9516072227999538e-05,1.9738483257951115e-05,4.753039176572959e-06,0
0.18947820276102423,0.810450026227383,2.6566361508380752e-05,2.1160348430007813e-07,2.4774406309828986e-05,1.6022434473840135e-05,4.196205816374131e-06,0
0.17257210673763712,0.8273601333288231,2.4602261976616194e-05,1.9606197935141984e-07,2.2942789292288603e-05,1.6132847620049247e-05,3.885972671480421e-06,0
0.22430062786514665,0.775609854315398,3.691886535719092e-05,2.471588993370454e-07,3.0436687814452852e-05,1.7013819419280985e-05,4.901287965069465e-06,1
0.2406780840021658,0.7592102485285163,5.0870830559622135e-05,2.904954503830142e-07,3.5773420898631755e-05,1.8972048370325978e-05,5.760674038801624e-06,1
0.8646909632850732,0.13525569161672377,1.5341843575974856e-05,1.4405499927766605e-07,1.0570589295648509e-05,9.529166763987432e-06,1.7759443567965382e-05,0
0.8605223790612211,0.13742661924892186,1.2745377764513424e-05,1.408130620252479e-07,1.1970203318319207e-05,1.0137115749801355e-05,0.0020160081799622115,0
0.8615419350446072,0.136422177214035,1.2795254453117087e-05,1.4119916522649823e-07,1.1882713897093734e-05,9.795263803433767e-06,0.002001273310038926,0
0.8555339857019207,0.14263544010293044,1.4159975555753912e-05,1.5934118569400044e-07,1.446407509964188e-05,1.1003948327744155e-05,0.0017907868549798893,0
0.849664982933047,0.14871879344143143,1.4646943733931746e-05,1.678743977537025e-07,1.4961501403279662e-05,1.169352461434874e-05,0.001574753781372163,0
0.870679420990836,0.12660389199490774,1.5382084883306187e-05,1.622483879941242e-07,1.3966286216252653e-05,1.1563166533590363e-05,0.00267561322823523,0
0.4080010270644859,0.5901117156509188,2.7997868285440234e-05,2.075352245213474e-07,1.786456174667426e-05,1.3291748793913673e-05,0.001827895570544801,0
0.8165545781779905,0.17871000685979804,1.9154525244044767e-05,1.7803698927923053e-07,1.5325363660584952e-05,1.181119424819916e-05,0.004688945842069325,0
0.7826797998948004,0.21042446301673334,2.255374928154225e-05,2.0974190349131446e-07,1.8045052291585983e-05,1.3907247002757151e-05,0.006841021297986938,0
0.7689240719054208,0.22479169310047586,2.315660888389268e-05,2.1534828489409426e-07,1.8527394846391325e-05,1.4278986410392264e-05,0.006228056655677994,0
0.8380721894368827,0.1542701204228504,2.4159169492397517e-05,2.2004039813556952e-07,1.8941002850585145e-05,1.474790195622934e-05,0.0075996220255693655,0
0.8747575264654078,0.119973515574545,2.09429928311241e-05,1.908476308188824e-07,1.5230483497406794e-05,1.199227866668682e-05,0.005220601357421099,0
0.8449275704400897,0.1266065051233951,2.2680418281133542e-05,1.8935548407005666e-07,1.6299655853808885e-05,1.0762635956612102e-05,0.02841599237093943,0
0.8313380064418167,0.15034765007952158,1.9116563492221462e-05,1.6772586840033768e-07,1.443022121738824e-05,8.983941081587292e-06,0.01827164502700228,0
0.8642587587642632,0.09918707837129963,1.9434052392660195e-05,1.7407196459008508e-07,1.4976204808102474e-05,8.930725784176508e-06,0.036510647809487866,0
0.7144007358046847,0.2749029850294436,2.0966502147727888e-05,3.203246627244811e-07,1.6356781009383994e-05,1.3251951013737731e-05,0.0106453836070382,0
0.7285905350940522,0.26179924696099877,2.0741226855577072e-05,3.193595318319084e-07,1.6471954037454596e-05,1.2813059920711362e-05,0.009559872344603407,0
0.8557221357988263,0.13219146840367235,2.3729079927199055e-05,3.9972476404995557e-07,1.91668284837359e-05,1.532696263356676e-05,0.012027773201692843,0
0.9249654408016175,0.06243373230004022,1.7974343750996832e-05,2.5121802131803034e-07,1.5411771078108717e-05,1.4833453400937507e-05,0.012552356112091144,6
0.27227496091875103,0.001739533802196358,6.444330147353485e-06,8.515544768980049e-08,5.415803010328294e-06,4.844725029767025e-06,0.7259687152654174,6
0.20253632668429067,0.00144122023645316,6.33881435024433e-06,6.38634056873749e-08,3.9068242820532015e-06,4.405385324216142e-06,0.796007738191894,6
0.006333217348354036,6.71120308188155e-05,1.450923578683485e-06,8.832454900165928e-10,3.411295165505383e-07,3.599859363414799e-07,0.9935975176985501,6
0.004691502300876658,4.4795228093294205e-05,1.0083489821303056e-06,2.536349770696803e-09,2.6086885345387583e-07,2.8258166691964235e-07,0.9952621481351779,6
0.004310759656450901,4.01132300211591e-05,9.029563277935321e-07,4.840868535007821e-09,2.2936555170872475e-07,2.5304622584580737e-07,0.9956477369045541,6
0.003362622702493951,1.9374008604794667e-05,3.642587871911409e-07,2.796448242485651e-09,1.4257103548407534e-07,1.2298234629385084e-07,0.996617370680284,6
0.010569744481773564,8.43803631537357e-05,3.718832310299214e-07,5.810043871799673e-10,1.745023147276447e-07,1.8789534150475392e-07,0.989345140293181,6
0.014977127981015737,0.00013728318194489788,5.995547116070117e-07,4.9603472266844976e-09,2.320842940923832e-07,2.4144011116042974e-07,0.9848845107975753,6
0.13842409460706478,0.00398930479038581,5.979831674630489e-06,5.281115651531766e-08,2.7444252796704205e-06,1.9378058883616937e-06,0.8575758857285503,6
0.8988590544967172,0.01287740844633053,8.144116944254038e-06,8.613007252437957e-08,2.394267628450123e-06,4.3773002576081e-06,0.08824853524204924,0
0.9688665414111465,0.021384086564758906,7.112752357695677e-06,7.539179866371895e-08,2.3134774050321488e-06,3.4376578410503265e-06,0.009736432744691948,0
0.9779055441388007,0.016519493659717298,5.930368606577007e-06,7.429911520580744e-08,2.0825869008150465e-06,2.979507453978771e-06,0.005563895439405663,0
0.9569647000928635,0.036795168783808604,1.4675462027491052e-05,1.4581945749009295e-07,4.498058503701576e-06,6.19377995463385e-06,0.0062146180033847845,0
0.9446808775942498,0.052799296793850266,1.2983046494049112e-05,1.0562496520566885e-07,4.116372226469928e-06,6.325930534354674e-06,0.002496294637679842,0
0.9733199023822575,0.02634103349190167,6.725480934001602e-06,9.160659812047543e-08,2.6977571941612884e-06,3.8438571924689305e-06,0.00032570542392215896,0
0.9233552489838232,0.07554279152611745,1.1066943774185117e-05,1.5307678277012428e-07,3.959556117744132e-06,7.572660183280567e-06,0.00107920725320135,0
0.8284165650134715,0.16573507489796688,1.7206213863596507e-05,3.1379530117641194e-07,7.631483658843958e-06,1.5665207276757895e-05,0.005807543388461242,0
0.5266056143385264,0.46904635404994893,3.814978250000104e-05,1.4774672249046665e-07,1.016164147901075e-05,8.417094696870152e-06,0.0042911553461261855,1
0.5431553822867602,0.45284058894964846,2.8114361958771412e-05,1.4241316268132702e-07,1.0399339998997277e-05,8.11324309713097e-06,0.003957259405373642,1
0.8828744179604552,0.10572757039371228,2.7673070781866693e-05,1.7805548338168188e-07,1.5484255281767367e-05,1.1998658301481605e-05,0.011342677605983722,0
0.9051179825742915,0.07671949763544107,3.113635550001689e-05,2.2515175478654054e-07,1.4286994150991176e-05,1.5577086786057914e-05,0.018101294202075194,0
0.9435410045652706,0.04426966355385413,2.7934531216285736e-05,1.3402279894298062e-07,8.504410487109807e-06,9.272345100860839e-06,0.01214348657127233,0
0.9048246438942198,0.08580948827229301,2.0815282977022948e-05,1.121361016824635e-07,7.115591128175742e-06,7.75811758346717e-06,0.00933006670569678,0
0.8965413268005163,0.09436152253573793,2.0624727171036298e-05,1.1110953935996756e-07,7.050450663643133e-06,7.687095039565715e-06,0.009061677281331877,0
0.9369361098545645,0.05738468805654482,2.2167906487123994e-05,1.1611571766264357e-07,7.291710340633843e-06,8.033446654551779e-06,0.005641592909690606,0
0.9304095325269491,0.06253620656788661,1.7698045894808416e-05,1.5272698014812107e-07,1.0266119978136968e-05,9.661859968992523e-06,0.007016482152342048,0
0.7470218385827632,0.24657140926972873,4.107075881744875e-05,2.5605624524827675e-07,1.578579584855968e-05,1.8521175212450988e-05,0.006331118361384239,0
0.7918833488030939,0.20620592444176603,4.3537214510285335e-05,2.7143339926157593e-07,1.793060420112259e-05,1.9529390374922928e-05,0.0018294581126544304,0
0.7158780729339059,0.2822299773511448,3.29662025461922e-05,2.50423317158498e-07,1.4620982969855573e-05,1.801773375375385e-05,0.00182609437236217,0
0.7368714678894578,0.26261418720056434,2.2126300932363838e-05,2.157804759844751e-07,1.7551484191186018e-05,1.5462937966624088e-05,0.00045898840641161515,0
0.76752892279359,0.2321725461287236,2.3042708102383204e-05,2.2471747706508183e-07,1.2931395362712872e-05,1.4921337224136433e-05,0.00024741091952015234,0
0.7657874723172182,0.23410199979485455,2.293883835647126e-05,2.242076143799602e-07,1.4984568665987481e-05,1.4887482122334538e-05,5.7492791168125837e-05,0
0.8518499598275283,0.14811009582011236,1.6261508824659218e-05,1.4876340424227967e-07,7.974787212060798e-06,1.1221163262239799e-05,4.338129655984031e-06,0
0.8707555507529954,0.12920441499391877,1.6742695951425036e-05,1.5641169679408364e-07,7.902706282706536e-06,1.0671275582115425e-05,4.5611635728644615e-06,0
0.8681184714441091,0.1318417697918449,1.7236439978117486e-05,1.57682261579206e-07,7.740912319179687e-06,1.0757960575916252e-05,3.86576891110839e-06,0
0.8080792763938845,0.19187327468523907,2.0418930707101103e-05,1.9625687420426591e-07,9.283387349739165e-06,1.2245647443677058e-05,5.304698501680809e-06,0
0.7123445014639228,0.2876066305234664,1.79928985384048e-05,2.0759456361231485e-07,1.1087539956490465e-05,1.3629590176330493e-05,5.950389375909567e-06,0
0.04552038029202436,0.00015838652095437577,5.328922379551692e-07,1.1335111114328222e-08,8.90103884909777e-07,4.6156459486937985e-07,0.9543193372911923,6
0.029612307394005558,0.00011254515946488012,9.187818549546881e-07,1.104678649013502e-08,6.395940264519545e-07,5.181140392883848e-07,0.9702730599098224,6
0.025310499581628332,0.00014279528083858858,6.966114608120603e-07,8.957161845678486e-09,5.941680737302734e-07,4.172637612291497e-07,0.9745449881370755,6
0.035188935479404305,0.00025045634347726776,1.0945027661482328e-06,1.1788394678405197e-08,8.170206333563772e-07,5.491549652793463e-07,0.964558135710359,6
0.04117922508799781,0.0006888754879933674,6.750633488992213e-07,1.0051370083587922e-08,1.2739626971621002e-06,4.554018468744929e-07,0.9581294849447458,6
0.21620459578362056,0.004258615991005895,3.4291587151121412e-06,5.347071707669393e-08,2.61240955850049e-06,2.422621305148256e-06,0.7795282705650778,6
0.9387555096886986,0.04217477020069417,1.540582250525479e-05,3.07183766691486e-07,1.2292754657385929e-05,1.088385721549847e-05,0.019030830492462247,0
0.9418047173806794,0.040339819336047834,1.5103697937077099e-05,3.011595662418699e-07,1.2051680661413936e-05,9.651316818964e-06,0.01781835542828919,0
0.9225602849798723,0.07366286059423319,1.0815408210525724e-05,2.0666662139195982e-07,6.300883531136999e-06,6.623083781960166e-06,0.003752908383749323,0
0.9412692671732293,0.05493517389828067,1.1824183020508e-05,2.1004992461027932e-07,7.393861103776894e-06,7.5424073640965745e-06,0.0037685884270769,0
0.9141719654815027,0.08239699688520019,1.3319591300513279e-05,2.399046239455489e-07,1.0419342459978838e-05,8.681746893385022e-06,0.0033983770480193166,0
0.880495879214983,0.11741766518371279,1.325519009504749e-05,1.8511039992353015e-07,9.164817751817774e-06,8.089964395804976e-06,0.0020557605186615193,0
0.6986183099878834,0.30038092063780275,1.2767636551640332e-05,1.646755635758301e-07,2.092218769663665e-05,1.0371613956530173e-05,0.0009565432605455454,0
0.6754321373550148,0.3241615076513829,1.4993367814178326e-05,1.793491817276685e-07,1.5932209089157327e-05,9.50023364427806e-06,0.0003657498338729932,0
0.7862963175360598,0.21337628917269658,1.2279540412698073e-05,1.585961782087341e-07,8.532150860968184e-06,7.054783118598276e-06,0.00029936822067306776,0
0.8146432152277312,0.18496568710753764,1.6914295987765443e-05,1.738595597582105e-07,7.89442786717955e-06,9.578270939361867e-06,0.0003565368103769617,0
0.8202716220104551,0.17948015904820538,1.391237339026499e-05,1.6073022284077345e-07,7.48740872882917e-06,9.02556998756034e-06,0.00021763285901002822,0
0.7703433284824548,0.2295983059019499,1.1880880201379908e-05,1.5054650318419123e-07,7.3286166162781255e-06,8.594987864147937e-06,3.0410584410166773e-05,0
0.7321744058687505,0.2677652113058422,1.2203482605423713e-05,1.6657982957421508e-07,7.709621338200085e-06,9.171844204816766e-06,3.113129742928364e-05,0
0.8198346207508472,0.1801220975203536,1.2827152767370791e-05,1.9325531050638738e-07,1.395018484899895e-05,1.2461578392895298e-05,3.849557479493298e-06,0
0.8100384496965125,0.18990479086626175,1.7121696892194116e-05,1.9094611053975843e-07,1.1991078552048773e-05,1.2312675491683346e-05,1.5143040179336568e-05,0
0.6715094371294656,0.3284311281398169,1.7633009468593548e-05,1.919596365548548e-07,2.3863934626143827e-05,1.3030250061135317e-05,4.715576924999528e-06,0
0.5454600164333404,0.4544814159231603,1.5224014452278362e-05,2.247779480105327e-07,2.7558231036590222e-05,1.1420893895418647e-05,4.139726166936267e-06,0
0.49854324612823814,0.5013613678010423,1.7713175563353763e-05,2.738852408317101e-07,5.853303646824119e-05,1.3821840300381447e-05,5.044133146706824e-06,0
0.17594095381656788,0.8239944040916982,2.9695548548491203e-05,1.7203338942370613e-07,1.4306789649285853e-05,1.745780091466599e-05,3.009919232057669e-06,1
0.5850754290864498,0.41483373337067647,3.1298500273844714e-05,2.3722265127658411e-07,1.573643718754796e-05,2.0464875032345996e-05,2.310050772873873e-05,1
0.5103461832210537,0.4895822198386141,2.871826865517896e-05,2.0352193445395644e-07,1.4728529887336126e-05,2.11507569910344e-05,6.795862864124466e-06,1
0.5818522733250601,0.4180839580169964,2.602920378436346e-05,1.745501083433095e-07,1.1804357552929478e-05,1.8086441950726188e-05,7.674104547053247e-06,1
0.6124337896269099,0.3874474586214843,2.9504668100027023e-05,1.9797719031257745e-07,1.2826782209043242e-05,1.9568677544670003e-05,5.665364656172165e-05,1
0.6022845979117587,0.3976466900684763,2.204369991942311e-05,2.158598997868319e-07,1.7609340132304233e-05,1.8510287333684912e-05,1.033283248001379e-05,0
0.6803484074891031,0.3195836060553745,2.4711889001485966e-05,2.101105483902661e-07,1.735030251098219e-05,2.152665174623736e-05,4.187501715393521e-06,1
0.6320004454508444,0.3679317036665396,2.3337193799380258e-05,2.3077552532293086e-07,1.7734619434352637e-05,2.22680371147296e-05,4.28025674227849e-06,1
0.30098199431241773,0.6989599201306769,2.0377039196200777e-05,1.96458778395162e-07,1.157794566962531e-05,1.857610158830337e-05,7.358011672887771e-06,1
0.42614647972776276,0.573790447503833,2.5719805121704033e-05,2.0342924517327457e-07,1.3618693649031118e-05,1.8367086944699408e-05,5.1637534437084365e-06,1
0.4794588493495117,0.5204834383005551,2.17343558631258e-05,1.949623982929184e-07,1.1409717601425085e-05,1.936272319407616e-05,5.010590876229238e-06,1
0.30866283953320844,0.6912804423158577,1.8692489755684135e-05,2.0386346922139927e-08,1.780254063885071e-05,1.4816826096739951e-05,5.385908095358498e-06,1
0.19843114859711758,0.7975403154127345,2.0637572432369635e-05,9.49057346420454e-08,0.003971659550609341,1.993120114997718e-05,1.621276022168486e-05,1
0.12105988627750923,0.8595171331292313,0.0004540039317584682,2.0954229429278199e-07,0.013607852513218416,0.005347744204532981,1.3170401455256585e-05,1
0.18376085034730286,0.7984439730565396,0.0003054851973407719,1.69403877651095e-07,0.01421734231081331,0.0032661450158874214,6.034668238491367e-06,1
0.24530748113830228,0.7365432821820858,0.0022004245797786733,2.219537309872045e-07,0.012126517336501687,0.003818473803841869,3.5990057587475613e-06,1
0.46786092835249976,0.5158684195547888,0.001514086580988724,2.7210213348599523e-07,0.012157285592427689,0.0025951469982504975,3.860818911114758e-06,0
0.10618403443942294,0.8903536082918109,0.0004189046091047232,1.4209961267443524e-07,0.0016760398672348272,0.0013565033156970954,1.0767377116409956e-05,1
0.05654211549597814,0.9413865967632653,7.273227072656956e-05,8.731055516667413e-08,0.0017316704410659269,0.00025816893099683765,8.62878741213493e-06,1
0.03460194172857536,0.9632892954103734,1.0696646887516254e-05,8.535763361271496e-08,0.00208208502599769,7.46004779058382e-06,8.435782741742873e-06,1
0.03183762599908372,0.9661066740836,1.6181639252613107e-05,1.0235975339987585e-07,0.002018847766826631,9.60587029549319e-06,1.0962281188235837e-05,1
0.03154099394400798,0.9667833470943353,1.4904162921153871e-05,1.0115088661216057e-07,0.0016400859223110408,9.492425145601527e-06,1.1075300392109053e-05,1
0.035772394243160324,0.961047683620778,1.648684328036938e-05,1.1189214879543186e-07,0.003140571578248184,1.0500430420285137e-05,1.225139196435857e-05,1
0.02446774135077174,0.975500114985547,9.719406964297688e-06,6.0268613045935545e-136,8.736445337823004e-06,6.2371666098307315e-06,7.450644769533032e-06,1
0.10244401817990756,0.8975175990637901,1.4183258767727452e-05,1.0893803438776309e-07,1.1312351863788671e-05,8.43139249895508e-06,4.346815137273727e-06,1
0.10841255080017208,0.8915402574878358,1.862172607815413e-05,1.363586047143856e-07,1.4882118161859546e-05,1.0324956681158512e-05,3.226552466299897e-06,1
0.1593156777938063,0.8406277652462096,2.1897527585769333e-05,1.6034583989467924e-07,1.7500074462286423e-05,1.3204867485698776e-05,3.7941446105052772e-06,1
0.15415825219309065,0.8457782359389843,2.4860374376805645e-05,1.820414470963213e-07,1.9867923492748562e-05,1.4991553178995404e-05,3.6099754295324948e-06,1
0.21154346823431644,0.7883715581638513,4.0735875353075366e-05,2.3262027231044796e-07,2.513850309233471e-05,1.4253623593345834e-05,4.612979521128213e-06,1
0.24930299804382358,0.7506173523005326,3.28895703366645e-05,2.0572631411923304e-07,2.7321343572424544e-05,1.4466472918636704e-05,4.766542502154116e-06,1
0.3279780776327449,0.6719394648734242,3.248834401628183e-05,2.2636079053653585e-07,2.858069027344688e-05,1.5917469090707098e-05,5.244629660201223e-06,1
0.40325596048642953,0.5966588509692572,3.445181888969699e-05,2.2004633728903095e-07,2.9130344876313997e-05,1.5778770122495343e-05,5.607564087506262e-06,1
0.42365230365018614,0.5762593844801451,3.538488302212976e-05,2.2954555025218923e-07,3.038787705376118e-05,1.645992618960782e-05,5.849637853095976e-06,0
0.825861973349793,0.17409872183938804,1.5996521109117497e-05,1.4709530467430342e-07,1.0622278819387343e-05,8.661189933383932e-06,3.877725652273351e-06,0
0.8818991673374,0.11678484403397878,1.5634248428715638e-05,1.351066365772288e-07,1.2381728865405966e-05,9.664773981980766e-06,0.001278172770708281,0
0.8533221734864337,0.14503998861620948,1.3344615746938029e-05,1.5223082988987441e-07,1.356729677363534e-05,1.0603850141530718e-05,0.0016001699038645976,0
0.8145352424466433,0.18271086845389314,2.0932158796311924e-05,1.8266864211403274e-07,1.5724054765901253e-05,1.2724038277498401e-05,0.0027043261789819134,0
0.4285778184485749,0.5690770211797062,3.1184447061182316e-05,2.3127703368417212e-07,1.9897817733148406e-05,1.4804549846028298e-05,0.002279042280044919,0
0.39286715104877745,0.6041495703621528,3.149444309650386e-05,2.335760952440054e-07,2.009561648188764e-05,1.548760832444925e-05,0.0029159673450716776,0
0.8651194933779013,0.130530822862291,1.4826845377364516e-05,1.646772581906714e-07,1.4175362539083873e-05,1.2156912262519263e-05,0.004308359962370492,0
0.813481356789618,0.18302144857115626,2.4505326853748968e-05,2.032996303841843e-07,1.6232713140005456e-05,1.512800171095511e-05,0.003441125297890585,0
0.8906895040925848,0.09022300773232278,2.273264657849329e-05,1.7520182743406396e-07,1.5081313890423726e-05,1.424376655610107e-05,0.019035255246239814,0
0.9219752279076571,0.051153969298374194,1.934602869676136e-05,2.504058878767102e-07,1.3967263003930058e-05,1.3979758466836769e-05,0.026823259337913026,0
0.9270323292559672,0.053388798663508305,1.7783567079798405e-05,2.310684163234561e-07,1.497888753185984e-05,1.3429961313313704e-05,0.0195324485961832,0
0.2614163989949807,0.0018069903689082712,7.870654677664625e-06,7.929666100499634e-08,5.043189919501537e-06,5.029398704732543e-06,0.7367585880961481,6
0.2510014146069254,0.0017975829978650454,7.824743432596424e-06,7.883410628933566e-08,5.256087163228088e-06,5.438084786690155e-06,0.7471824046457207,6
0.014235629762430113,0.00014158254696417321,2.6518322894421964e-06,1.850320989368629e-09,7.146360912126213e-07,7.541386187860933e-07,0.9856186652332853,6
0.002743529909534513,1.8823290719238118e-05,4.530908317817589e-07,2.629817952897044e-09,1.4432760845721208e-07,1.367396598474276e-07,0.9972369100118282,6
0.005005883763921475,3.766203915588623e-05,2.8439033053860337e-07,3.6308042008581982e-09,1.595283638830797e-07,1.5882945717409753e-07,0.9949558478179669,6
0.009571300426840929,0.00011226047036747687,4.692351941457513e-07,5.911134157708441e-09,2.299941324289278e-07,2.412483376154764e-07,0.9903154927139933,6
0.011295792316447773,9.785655493832388e-05,4.09939191872107e-07,5.865261771848537e-10,1.9678234770881894e-07,2.107624274488216e-07,0.9886055330581206,6
0.9136144952890132,0.013016704406178208,9.040894727687398e-06,9.561416221194987e-08,2.6801830298596583e-06,4.7493953808270315e-06,0.07335223421750793,0
0.9187669923460448,0.020118547360699984,8.498975970327721e-06,6.898917685412728e-08,2.43343465576437e-06,3.906333905475432e-06,0.06109955255954662,0
0.9717441992277877,0.012749644720275134,6.064388287934547e-06,6.636581720271413e-08,2.035633387830934e-06,3.0260980097084973e-06,0.015494963566434714,0
0.9782218634853429,0.01851002892718507,6.269656525612963e-06,5.486681533264748e-08,1.865353662919422e-06,2.909023305257837e-06,0.0032570086871631394,0
0.9337352557178984,0.0634256686663801,1.883421242374012e-05,1.739783158064672e-07,5.772723829370951e-06,8.28005005092926e-06,0.002806014651101631,0
0.9730682726095181,0.026116705048393092,6.723742213530723e-06,9.158291531340443e-08,2.697059750260253e-06,3.842863450422337e-06,0.0008016670937593689,0
0.8870191156591469,0.11001724592441432,1.5553545544673677e-05,2.3920656657897266e-07,5.552295855456033e-06,1.160127002892223e-05,0.0029306920984433,0
0.8935594728148792,0.10362209940271418,2.083209918014967e-05,1.9611914920529767e-07,5.878037339272125e-06,1.056026667957805e-05,0.0027809612600584637,0
0.8604245567038908,0.13511018335026018,2.475527046046147e-05,2.2471472688633874e-07,7.124199936654823e-06,1.2852814888109529e-05,0.0044203029458371014,0
0.7618406930083715,0.2342383523196396,1.80576903247759e-05,1.9108075784058928e-07,5.478777513723643e-06,1.053805755548758e-05,0.003886689065836851,0
0.5239762152429029,0.4656252731877874,3.654438366813814e-05,6.01713103072288e-08,5.400054420500271e-06,6.903885695932843e-06,0.010349603074214815,1
0.903549273985124,0.09080678976473622,2.0785943385382347e-05,1.1197804342136928e-07,7.013014704428585e-06,7.747182348906584e-06,0.0056082781316573686,0
0.8159172508375108,0.17702870777624738,4.485858229756505e-05,2.7967148601587086e-07,1.696013343978517e-05,2.0229323402770393e-05,0.006971713675615708,0
0.7779709043571976,0.2199307190255931,4.431808781182356e-05,2.8265440625072726e-07,1.7086673488046516e-05,1.8488472770923806e-05,0.0020182007287321752,0
0.7176935425847665,0.28070935021357063,3.330263032356606e-05,2.5297894545314835e-07,1.5043057105081743e-05,1.6547395834610375e-05,0.001531961139454408,0
0.746817074612815,0.2526686761812525,2.318063905244159e-05,2.107274151475194e-07,1.187700369668667e-05,1.5100833073181151e-05,0.00046388000269508,0
0.8822094596793214,0.11775418204527514,1.5633371331790336e-05,1.4604829136906023e-07,7.045185745712147e-06,9.964226444957815e-06,3.5694435896915805e-06,0
0.8553831848357517,0.14457482417925568,1.8065516590970268e-05,2.1581377996671412e-07,9.022557237362084e-06,1.1514400466617424e-05,3.172696917262368e-06,0
0.8103330128896007,0.1896212001689227,1.94852736696362e-05,1.782550238691202e-07,9.39125727279549e-06,1.1685714356185503e-05,5.046441154110185e-06,0
0.7509279335844792,0.24902019529045955,2.171326494456137e-05,2.1927385911796787e-07,9.457938713939721e-06,1.4553814577077383e-05,5.92683296642238e-06,0
0.8348950673434614,0.16507736511812743,1.245688519691836e-05,1.1929794031069916e-07,4.894211883441428e-06,5.746642284737133e-06,4.350501105917223e-06,0
0.7730793558107396,0.22687495750166906,2.2723967432404784e-05,1.528988848246192e-07,6.990235605586497e-06,1.0382990628965905e-05,5.436595039611454e-06,0
0.8244534931131106,0.17550413215465965,2.4260513153670226e-05,1.2097614133024782e-07,4.723317223819628e-06,7.989250367959538e-06,5.2806753430244e-06,0
0.03458953333884264,9.478576351097296e-05,5.924886877711536e-07,6.6185278325985994e-09,6.235924960662625e-07,3.550789870929471e-07,0.9653141031189477,6
0.02820463657441783,0.00012791268902128685,7.747836680765108e-07,9.183338241892387e-09,6.606329724316518e-07,3.739446179587584e-07,0.9716656321919641,6
0.02754527121647063,8.35279176477097e-05,7.753448369683524e-07,9.016100866807763e-09,6.413572549914632e-07,3.742154627061587e-07,0.9723694009322261,6
0.022912660919171837,0.00035131746107848455,6.070496066503373e-07,6.871429727908524e-09,4.526448048108123e-07,3.57572667092748e-07,0.9767345974812414,6
0.21829780303161375,0.0027928277393705664,5.808468033904854e-06,7.344487371996176e-08,4.278035449587015e-06,3.444695905189856e-06,0.7788957645847532,6
0.038589043171762996,0.00032141986270415354,6.127711080623003e-07,8.724413310151032e-09,7.699301694317999e-07,4.32265020833479e-07,0.9610877132748211,6
0.941547343725137,0.024984334834303557,1.2255690524576682e-05,1.9110242921425352e-07,9.97936764006365e-06,8.658361843473938e-06,0.03343723691812216,0
0.9403364437397282,0.03588145407542631,1.3546402125863836e-05,1.8909298950185521e-07,1.0887797670998496e-05,9.570219731620133e-06,0.023747908672327515,0
0.9520965091352694,0.02533797649678259,1.6661118429156217e-05,2.4194550585346623e-07,1.182068965376425e-05,9.914993147480325e-06,0.022526875621211726,0
0.9369560346455537,0.0586231265918599,1.1931852083586941e-05,2.2800022977067675e-07,6.951305843108931e-06,7.306765910753457e-06,0.004394420838519034,0
0.9390079098945845,0.05783524874131607,1.2254411753047e-05,1.9239401425809085e-07,7.574734010128552e-06,7.504293334030565e-06,0.0031293155309880583,0
0.7269750673620768,0.2720828212687987,1.2010755014691741e-05,1.6956809783766424e-07,1.6599173085271025e-05,1.1073927431250794e-05,0.0009022579454953815,0
0.7470614496693415,0.25257120432650093,1.3748508785676041e-05,1.7756861219517996e-07,9.552829106815102e-06,8.68626239785251e-06,0.0003351808352550167,0
0.7561671924450232,0.24345486565966593,1.5074663164100572e-05,1.8266761311165194e-07,8.141726632131152e-06,9.737061813406365e-06,0.000344805776087863,0
0.8034958344664399,0.19610664130629574,1.3794381424446452e-05,1.8372193754836311e-07,8.342248108824656e-06,9.793262373739777e-06,0.0003654106134196553,0
0.7826197217041807,0.21711104923987004,1.4700158620515646e-05,1.7812954480913482e-07,8.254096457201158e-06,9.464205473027378e-06,0.00023663246585364106,0
0.7967850966568667,0.20315348458250648,1.1885398939330215e-05,1.7265864135811736e-07,8.405037388699558e-06,9.695392838959307e-06,3.126027281838687e-05,0
0.8262411228887762,0.17371333004175799,1.686210679760676e-05,1.8805108680419038e-07,1.2625022629109006e-05,1.212599723101593e-05,3.7458917213557665e-06,0
0.7997721203054696,0.2001856532227213,1.298687362989343e-05,2.5007529822185944e-07,1.2917366244210794e-05,1.3075785948681424e-05,2.996370688252263e-06,0
0.8072593666347258,0.19270013150237045,1.468271477636691e-05,2.6269900866259395e-07,9.48768536576381e-06,1.1552424601469602e-05,4.516339151608577e-06,0
0.8174470887338069,0.1825149252728092,1.3654723873577524e-05,2.2536055831827492e-07,9.765526725054686e-06,1.0140248602201689e-05,4.200133624737071e-06,0
0.5707700143578038,0.42918006568814204,1.6770883593280693e-05,1.900119060455163e-07,1.7548015687087295e-05,1.0314804663314351e-05,5.096238204327655e-06,0
0.6251339645047254,0.3748076165020165,1.8647897235038815e-05,2.1127822381345977e-07,1.9551604870186486e-05,1.4341598776548994e-05,5.666614152497998e-06,0
0.6920476264410598,0.3078998155301872,1.5548464076775144e-05,1.6995335053254201e-07,2.1128169022364798e-05,1.1536459934554925e-05,4.174982368590771e-06,0
0.6926325221656374,0.30733403865267006,1.1569829413858712e-05,1.4325742497732377e-07,1.1557053315886726e-05,7.2788628283066515e-06,2.890178709633174e-06,0
0.09270983171184782,0.9072477693996125,2.1243122008565292e-05,1.0311261915494852e-07,9.640752232256867e-06,9.435644052208509e-06,1.9762576274845746e-06,1
0.5867393352150669,0.41311878469538793,2.9293776254513456e-05,1.8114918032646428e-07,1.2412796310663956e-05,1.8825697104785125e-05,8.116667069477481e-05,1
0.4307593538188133,0.5691728445543338,2.4871656636425117e-05,1.9672086595583072e-07,1.6329970473130753e-05,1.686908850124406e-05,9.53419037626923e-06,0
0.7185050121726259,0.28143719631496306,1.8529794136122237e-05,1.890432507534672e-07,1.5610627897366762e-05,1.9694416501668378e-05,3.7676306252998435e-06,1
0.6821870727858063,0.31776060911265197,1.8633818173292774e-05,2.0377654653697358e-07,1.0916489272620627e-05,1.847881535829978e-05,4.085202190873592e-06,1
0.35286648242492735,0.6470832827836315,2.1625172556377272e-05,1.7203317014872133e-07,9.53582367586125e-06,1.4761841807159483e-05,4.1399202315994666e-06,1
0.3921966188518685,0.6077364865460511,2.5533325424072686e-05,2.0312341581046922e-07,1.1041484285819829e-05,1.997500529847565e-05,1.014166365632695e-05,1
0.4145088492246018,0.5854311304093115,2.391941612436224e-05,1.902843999627176e-07,1.181623788454147e-05,1.926433687778595e-05,4.83009080014304e-06,1
0.32429274222122373,0.6755738793873631,2.5763571514291588e-05,1.1847859963081742e-07,6.583455867232026e-05,2.4881750403344658e-05,1.6780032223478736e-05,1
0.18757515221613452,0.8089187254580066,2.0126955150977933e-05,1.8054362739252224e-07,0.0034485275942715407,2.1475610636788998e-05,1.5811622172363344e-05,1
0.1505609247682975,0.8361541004215408,0.00042342977648279805,2.0173974645253255e-07,0.004826659927141095,0.008022003380351467,1.2679986440107683e-05,1
0.14017879011237985,0.8496682746049343,0.0004768993403299198,1.9850894504213185e-07,0.0056465371806626325,0.004016823332480282,1.2476920267997664e-05,1
0.13448508232751957,0.8529080696884153,0.0003182871979352857,2.1648251561546339e-07,0.00578516244144331,0.006479825860441146,2.335600172990035e-05,1
0.48930687605154166,0.4904004735789897,0.0016276375782824138,2.7865462778019715e-07,0.015714085990439476,0.0029466943547876755,3.953791331293625e-06,0
0.04617751331666898,0.9520779173677586,1.1065639665812033e-05,8.825587473030118e-08,0.00171697124507605,7.717390469033775e-06,8.726784486841899e-06,1
0.035089777302928234,0.9628059876966267,1.6561710907222324e-05,1.0476396228333652e-07,0.002066266127795102,9.831491381229612e-06,1.1470906399509881e-05,1
0.013505344674206155,0.9864291654562709,6.199833381973912e-06,3.305955585107106e-51,5.075062346827768e-05,3.890836035484115e-06,4.648576637240016e-06,1
0.018408402299143076,0.9815656350830608,9.66534776357115e-06,6.09117328037465e-08,9.060277675228083e-06,5.257910622288122e-06,1.9181700019017276e-06,1
0.08381782550220145,0.9161383308586349,1.8484399735714596e-05,1.250878911101398e-07,1.2594509991509906e-05,9.681330425534206e-06,2.958311119819853e-06,1
0.15171931905991157,0.8481773387182328,4.0173933943566245e-05,2.932055339690243e-07,3.327130475802179e-05,2.3789361231348767e-05,5.814416388763823e-06,1
0.3369201732429189,0.6630152691401047,2.7078337853374462e-05,1.813750384124724e-07,2.122415219383008e-05,1.2478876204733067e-05,3.5948756862046603e-06,0
0.2152422266458561,0.7846670537403013,3.870787539126904e-05,2.5913569620357085e-07,2.9455051827701807e-05,1.7158756926681707e-05,5.138794000658062e-06,1
0.4102336599482185,0.5896831900220125,3.6944799068842145e-05,2.5644621074427574e-07,2.3517088801037692e-05,1.6570621578813487e-05,5.86107410938331e-06,0
0.7268603313131046,0.2730898275985548,2.0773863515210328e-05,1.7525718272252563e-07,1.3903119547273982e-05,1.1330418384170233e-05,3.6584297111143934e-06,0
0.8215901865172505,0.17836957127699116,1.5798323845709943e-05,1.4039378387814263e-07,1.0276722360112921e-05,8.266594439077778e-06,5.760171329976995e-06,0
0.8695826046991697,0.13038051922211472,1.524236860142058e-05,1.3676807783787743e-07,9.876512779264784e-06,8.014949904694907e-06,3.6054793524398885e-06,0
0.9062369919751545,0.09229123376282213,1.6334136262496884e-05,1.1874378483370396e-07,9.915865977817059e-06,8.47494676913419e-06,0.0014369305692289616,0
0.8744575627448791,0.12396717349830232,1.2996951416955862e-05,1.4291927793299335e-07,1.2866386597124026e-05,1.0490801634435515e-05,0.0015387666978922978,1
0.8627034291019525,0.13446008009635307,1.4619456981582665e-05,1.6677378435241223e-07,1.486341122890994e-05,1.1616859857416882e-05,0.00279522429984222,0
0.5136337947880029,0.4843559643018553,2.5132605044583573e-05,1.862963557638576e-07,1.6036327126634327e-05,1.297673171631731e-05,0.0019559089498985176,0
0.6400620869593099,0.3568413803813059,2.9641097726111704e-05,2.208789713062272e-07,1.901318694473528e-05,1.5385631890997693e-05,0.003032271863851071,0
0.8930683082982378,0.1014316531777937,1.5274351898882778e-05,1.6664586457653295e-07,1.3545276966457423e-05,1.24287783994205e-05,0.005458623470839227,0
0.9069057546564941,0.08809907079082357,1.5921641921663078e-05,1.7370791252410426e-07,1.4119292983256472e-05,1.2955479912293242e-05,0.004952004429952559,0
0.8418023938118788,0.1545217312616318,2.1336131614222163e-05,1.9412371744348123e-07,1.5500050900125237e-05,1.447813104938283e-05,0.003624366489208147,0
0.8536857940841661,0.1069892889845392,1.956626588771106e-05,1.888207551533397e-07,1.4569826549680764e-05,1.0118578889800228e-05,0.039280473439212114,0
0.8712144874826786,0.09933545933194736,2.2637020662239332e-05,2.0276114211931302e-07,1.7444465561438062e-05,1.0643343435423051e-05,0.029399125594572924,0
0.8979327103321791,0.06671802894820741,1.3974701109750233e-05,1.61201005618093e-07,1.3132006253751498e-05,7.908158182458805e-06,0.03531408465306188,0
0.9269088700752713,0.06155683797198301,1.8012109341233512e-05,2.517458512618991e-07,1.3277882503588434e-05,1.3431996935411976e-05,0.011489318218114138,0
0.7700311253632206,0.003303256591958071,1.748419932473593e-05,2.2666885699198957e-07,1.469368843167848e-05,1.4328366755098563e-05,0.22661888512145273,0
0.23237103230352996,0.001647017613289949,7.243958014300892e-06,7.298270684197865e-08,4.641628623180121e-06,5.034447226587255e-06,0.7659649570666092,6
0.25100149037024416,0.00179758354045503,7.82474579444977e-06,7.883413008495265e-08,4.954244559407713e-06,5.438086428144455e-06,0.7471826301783888,6
0.21523317015393098,0.0017710780056696422,7.6092424492506464e-06,7.795884311247032e-08,4.899238108310088e-06,5.377707932172478e-06,0.7829777876930666,6
0.010283367144695563,7.363384543113427e-05,1.6436667566029146e-06,1.0100303992053194e-08,4.874042003855826e-07,5.279721575996637e-07,0.9896403298664548,6
0.013004190980055168,9.105523410868479e-05,2.326792014719621e-06,1.2454557138468106e-08,6.152790200507604e-07,6.608008570792022e-07,0.9869011384593872,6
0.004826221520392465,2.4581191111154456e-05,3.888627475214959e-07,3.4342591129211292e-09,1.9692315083746921e-07,1.531290338402485e-07,0.995148454939305,6
0.014453408893299442,0.0002557591828311542,4.821498489280205e-07,4.74515411648736e-09,2.3591673363015913e-07,2.548991232233538e-07,0.9852898542130094,6
0.23640850575179992,0.012419797878459643,1.8186815346605097e-05,1.5384544715145822e-07,6.851638128552679e-06,7.304787191767638e-06,0.7511391992836264,6
0.3470359398109734,0.024089920172868363,2.218119650038232e-05,2.31915206277955e-07,9.026349247690455e-06,1.1011643566725453e-05,0.6288316889116372,0
0.6389057120379412,0.010864416769786073,1.194981632918326e-05,1.3719814213181624e-07,5.473474481921815e-06,6.5143509277343465e-06,0.35020579635239185,0
0.7478056754920718,0.012718829708695634,1.1277575630239567e-05,1.2948001723183527e-07,5.781459979797946e-06,6.147884054923094e-06,0.23945215839955042,0
0.9222681880378548,0.02080186807286319,8.531363483483943e-06,6.871503322077111e-08,1.9878110862731915e-06,4.4817265924497174e-06,0.05691487427308658,0
0.9574581766291341,0.018443012741989603,6.970231194132291e-06,5.3541533397769905e-08,2.169877873584109e-06,3.3687760677506846e-06,0.024086248202207443,0
0.9833602718542862,0.013088655061081814,6.0490955390908225e-06,7.120720299001244e-08,2.0304770400405657e-06,2.897776758637382e-06,0.003540024528091368,0
0.9818269179429354,0.014441909436264106,5.531298677127954e-06,6.306516894003972e-08,1.6250116309416389e-06,2.5664367249422694e-06,0.0037213868085985377,0
0.9775578757756617,0.017483187227211008,5.118261234864413e-06,5.83559175335621e-08,1.4951678996373747e-06,2.587041870990298e-06,0.004949678170204082,0
0.9772867450311572,0.017478338174600733,5.116841658577867e-06,5.833973221731721e-08,1.570618858277846e-06,2.646174076887937e-06,0.0052255248199162005,0
0.981333031559004,0.013969874152931602,6.5629008846999945e-06,7.482699401892504e-08,1.9914260910521946e-06,3.53536116194423e-06,0.004684929772932801,0
0.9683861347536616,0.028288750422377752,1.0598756571957567e-05,9.790448236145175e-08,3.046603190375074e-06,4.621868328401219e-06,0.0033067496913876484,0
0.9657597189950327,0.030475582776584756,1.048874228900557e-05,1.1627670548793392e-07,3.834111861166659e-06,5.4891830227082165e-06,0.003744769914504295,0
0.922783567492593,0.07022286878339645,1.1060091842680804e-05,1.6455701203410687e-07,3.733424312670065e-06,7.265374244445926e-06,0.0069713402765988345,0
0.9149930455951656,0.08004563045777452,1.0966717956622029e-05,1.631677534356791e-07,3.923697098561842e-06,7.2040369394285e-06,0.004939066327311743,0
0.9179714628233507,0.07873706791755336,1.0787437261034557e-05,1.4921067857104213e-07,3.99610632590756e-06,7.381405227414608e-06,0.0032691550996030057,0
0.8710523747691178,0.126213332700496,1.8763878977639886e-05,2.482391708406778e-07,6.660047431117589e-06,1.3915866637023592e-05,0.0026947044981696366,0
0.8930324155164255,0.10422804685938146,1.4679855173445229e-05,1.9600347024704147e-07,5.9720871246638445e-06,1.0273212309983343e-05,0.002708416466114719,0
0.8192071452459748,0.16763684085687316,2.959457374511276e-05,2.688878451046665e-07,8.210759264553006e-06,1.5381001536254994e-05,0.013102558674760897,0
0.39826960279711554,0.5895114777567991,2.1722848862219475e-05,1.2176267276801732e-07,6.055182531573267e-06,7.53546944093636e-06,0.012183484182577812,1
0.8618562970699495,0.1253633759215703,2.4704966643431904e-05,2.1439023574277702e-07,1.0717898086591312e-05,1.3655036399774896e-05,0.012731034717114285,0
0.8694037476826317,0.11130248960985394,2.5772654308140756e-05,2.2365565242762173e-07,1.0963649707478494e-05,1.665817091024154e-05,0.01924014457693581,0
0.8296077445481571,0.14547042763979665,2.7136610608529717e-05,2.0616134512876775e-07,1.175826914550982e-05,1.5355171599571742e-05,0.02486737159934755,0
0.4421852941779755,0.206239622521966,3.459504552597526e-05,1.9374920714034397e-07,1.0906425460614324e-05,1.4430699028776436e-05,0.35151495738083594,0
0.9192767759533733,0.07517330310543235,2.2265900003582112e-05,1.2190242680525721e-07,7.655097896968183e-06,8.433799166152795e-06,0.005511444241700622,0
0.8822816388940029,0.10907296305688301,2.1614876996885435e-05,1.2904603142890716e-07,8.103694320882171e-06,8.928028266402882e-06,0.008606622403498486,0
0.7726137485097854,0.19815960118067658,2.993247512158219e-05,2.640442856028819e-07,1.8091888435639557e-05,1.670404869286024e-05,0.029161657853002426,0
0.8497259630626037,0.13852833121821204,2.23339130398888e-05,2.1916314651823844e-07,1.7117653770234088e-05,1.386476462750293e-05,0.011692170224600033,0
0.7440750655499133,0.2550978024195201,2.3262490470116448e-05,2.1099697983502871e-07,1.272535056404974e-05,1.4757163812552107e-05,0.0007761760287399958,0
0.7625333522620582,0.23737625391683165,2.146884027060898e-05,1.9564534897693217e-07,1.1355844315365085e-05,1.402004458877217e-05,4.335344658638684e-05,0
0.8523248801628283,0.14757992898720637,1.9702157596715306e-05,1.6949321430518814e-07,1.0112291922515116e-05,1.4441572372709131e-05,5.0765334859095475e-05,0
0.8558186063446412,0.14414087541947251,1.702414019736571e-05,1.5968634552866817e-07,8.536959204170296e-06,1.0894690325370732e-05,3.902759813657976e-06,0
0.8595525935060011,0.14040728693529933,1.6768575425378112e-05,1.566534650520083e-07,8.677923722273397e-06,1.0687770356868227e-05,3.828635729944062e-06,0
0.8326783453919454,0.16729554456223744,1.2632161046783218e-05,1.0753801354365939e-07,4.115046785502246e-06,6.17011613778238e-06,3.0851838336492514e-06,0
0.02518220749655224,6.104210892794275e-05,6.722383486877746e-07,8.500083040983467e-09,4.92143334372723e-07,3.787454453170948e-07,0.9747551987673085,6
0.018953772545648707,6.878557697606927e-05,5.037900361301143e-07,6.370147062697471e-09,3.688229162897474e-07,2.9877128778243385e-07,0.980976264122988,6
0.012113681213329152,0.00011240155118988667,3.4812886697203246e-07,3.3786520757142216e-09,2.484470982405e-07,2.050596295450164e-07,0.9877731122212342,6
0.2525841208345108,0.0012036641240495414,5.1944692322711015e-06,6.568119762034792e-08,3.7991170668078548e-06,3.0805656137888395e-06,0.7462000752083292,6
0.1952180483805647,0.0008432483309261243,3.5120515399619693e-06,4.4407954101642446e-08,2.445601063943882e-06,2.0828124538011178e-06,0.8039306184154973,6
0.032434572179830194,0.00016625909472662738,5.929848991948003e-07,7.497966896777066e-09,4.343192351775896e-07,3.474369463812344e-07,0.9673977864863956,6
0.04159954149410083,0.0003178596633544045,6.823372088982755e-07,8.627777556739843e-09,4.712727214469551e-07,3.997895335679234e-07,0.9580810368153032,6
0.7639217298359032,0.01571708757352133,1.0212321245724417e-05,1.4078954545569515e-07,7.908302235264506e-06,7.1472253630866055e-06,0.2203357739521858,0
0.9209079516182206,0.0219344918655814,1.1612131952977643e-05,1.7685647322322728e-07,9.455341060653683e-06,8.545380719516458e-06,0.05712776680599201,0
0.9554481786998665,0.02497154716370839,1.5673999805668835e-05,2.444039715559408e-07,1.1940802486572872e-05,1.0015741745836657e-05,0.019542399188415608,0
0.9333838953149842,0.06311341539825364,1.2924837587146129e-05,2.409806714867642e-07,7.34372179843329e-06,7.722752548718787e-06,0.0034744569941562377,0
0.922965776424567,0.07335410232509494,1.2331368027488097e-05,2.4077758981169024e-07,7.459334849588482e-06,7.716244352380471e-06,0.003652373525518696,0
0.9151507803511028,0.08060525311489854,1.2653693411059295e-05,2.470711923396825e-07,9.329327497867865e-06,7.91793660704889e-06,0.004213818505290409,0
0.8979465390756953,0.09658473926092259,1.3666158211185986e-05,1.9845399788364306e-07,9.430182590128285e-06,8.132699229793138e-06,0.005437294169353036,0
0.900535480692668,0.09569333948536266,1.2921729929231389e-05,2.4691534660843e-07,9.735085400056302e-06,7.912942189816955e-06,0.003740363149103521,0
0.8881736517856325,0.10940289243766502,1.2253083378008266e-05,1.6732547059982615e-07,8.805153042202839e-06,7.296547770202669e-06,0.0023949336670412748,0
0.844261200650101,0.15227759254562295,1.1214245454188055e-05,1.629376835532522e-07,1.2263028263371142e-05,8.448103212588911e-06,0.0034291184896623234,0
0.8111671598906399,0.1880405832663074,1.3820552237710433e-05,1.7862089482003926e-07,1.3464795514421264e-05,9.179392585188892e-06,0.0007556134818206642,0
0.7746476058628219,0.22497821300943663,1.5117758871023547e-05,1.924677478632941e-07,9.561762663848906e-06,1.0125303831006941e-05,0.00033918383462748047,0
0.7310208452441916,0.26858703757113783,1.4274810908009094e-05,1.8436605757015942e-07,9.429878154385708e-06,9.827597067014877e-06,0.0003584005324835797,0
0.7677037587291162,0.23190406408154068,1.4276995345175378e-05,1.8439427062817835e-07,9.431321184100546e-06,9.82910095861994e-06,0.0003584553775844092,0
0.8044816570016338,0.19523751772306647,1.5311119376667358e-05,1.9492946598993419e-07,8.597149150918547e-06,1.0254809393654414e-05,0.0002464672679125942,0
0.7774879998099359,0.2223362158430005,1.6163761081886256e-05,2.457269329117313e-07,9.54620237981249e-06,1.0825876599976688e-05,0.00013900278006880886,0
0.809692866184661,0.19026256736508448,1.2267102662117248e-05,1.7545567905245115e-07,8.541197422240633e-06,9.884681765596149e-06,1.3698012725500204e-05,0
0.796834910252272,0.2031145757683005,1.1885791811686562e-05,1.7898199729324762e-07,1.1686171387939298e-05,1.1770469950739428e-05,1.499256427987902e-05,0
0.8050671925295069,0.1948916667471959,1.2652948532368212e-05,2.4364523501132924e-07,1.2585228355925019e-05,1.2739574692410955e-05,2.9193264817087247e-06,0
0.7888520622201532,0.2111090686012924,1.1954328371645086e-05,2.3019260199005352e-07,1.1890347298418024e-05,1.2036171553104057e-05,2.758138729254246e-06,0
0.812133608630283,0.18782835596732592,1.405224439879797e-05,2.494690764714557e-07,8.975825066706875e-06,1.043545464133758e-05,4.322409207894952e-06,0
0.6506977771847088,0.34925352538391063,1.722071117630919e-05,1.9510839341707833e-07,1.4360390265698276e-05,1.1688292360768384e-05,5.23292918433712e-06,0
0.5907868894933184,0.4091524428890268,1.953485601073492e-05,2.2132735012313954e-07,2.048154712051005e-05,1.449374916590275e-05,5.936138007530728e-06,0
0.6949235905165779,0.30502967627302563,1.534885131147675e-05,1.7194455335464824e-07,1.5728629108661516e-05,1.1259888239654595e-05,4.223897183441626e-06,0
0.5988327082304544,0.4009939929030392,2.1054798626429255e-05,2.925915326993696e-07,0.00013381474327157358,1.2888387491795633e-05,5.248345583914485e-06,0
0.703525488110805,0.29621005154329105,2.7011567641827463e-05,1.670362774378049e-07,1.1445744797687733e-05,1.783355307215156e-05,0.00020800244411497466,1
0.672948447116188,0.3269852958202803,2.379596021224441e-05,2.2933216312566238e-07,1.8276110015060385e-05,1.9385072782628657e-05,4.5705883585619515e-06,0
0.7242077237356518,0.2757339117893159,1.9734889717503866e-05,2.0133778486968365e-07,1.4155991064215436e-05,2.025959586421145e-05,4.012660601643505e-06,1
0.6929298927677618,0.30700970476860756,2.109387481013054e-05,2.0122308650289637e-07,1.2722668938702046e-05,2.2070887071706377e-05,4.313809723513225e-06,1
0.4544581142591618,0.5454824092971912,2.5229420566880558e-05,1.8195590831784348e-07,1.104671380096029e-05,1.834203310567742e-05,4.6763202652216555e-06,1
0.4225734990967352,0.5773589498638644,1.9642212104802867e-05,9.84745796539503e-08,1.8707455136118303e-05,2.000107958766733e-05,9.101817992087575e-06,1
0.1795082052431384,0.8170674158186076,2.1226966010501632e-05,9.761617118729454e-08,0.0033653758615125972,2.1002710075086156e-05,1.66757844843383e-05,1
0.1139606728291594,0.8759656291864791,9.868208471825344e-05,1.8023007779976248e-07,0.00967972493957351,0.0002811069585293151,1.4003771462620761e-05,1
0.24322781921146885,0.7420034231382981,0.0016091074484787082,1.7849355091699161e-07,0.007202522946200846,0.005951066108139296,5.88265386328767e-06,1
0.44053551091370236,0.5441783199545274,0.0014492430912633877,2.870345930154873e-07,0.011050471891767218,0.0027820944206669463,4.0726934796906255e-06,0
0.05235595701759286,0.9444301397175907,5.620583724930475e-05,9.11070902547598e-08,0.0030541942516254706,9.291427338055093e-05,1.049779547092695e-05,1
0.07821265830741303,0.9141577426825479,1.970677930353439e-05,1.8165440058138294e-07,0.007581840686706914,1.3743887869611727e-05,1.4126001758736321e-05,1
0.0647676769973647,0.9298784257260089,2.1216275756001314e-05,1.7914967550194484e-07,0.005305002369173351,1.3830988009477302e-05,1.3668494011944118e-05,1
0.03304320232417121,0.9642360517341807,1.4369289925531863e-05,1.2133390690042455e-07,0.0026879908065826482,8.530009420442755e-06,9.734501812820193e-06,1
0.03725975189853726,0.9613367671796527,1.5593995373797425e-05,5.99908846813289e-166,0.0013729744267225571,9.12147188480137e-06,5.791027828913093e-06,1
0.012984707973230387,0.9869523268191817,5.960827205052329e-06,3.178509610870692e-51,4.879416565010355e-05,3.7408426746022534e-06,4.469372058384061e-06,1
0.017889079713069165,0.9820923102259544,7.378829523691969e-06,5.667492905244327e-08,4.794888845558563e-06,3.994302087283775e-06,2.3853655909585567e-06,1
0.028769200818004884,0.97120505685991,1.019019000433084e-05,7.406142456977108e-08,6.051731718441856e-06,5.732074597167858e-06,3.6942643403798237e-06,1
0.039146426079244755,0.9608263445153493,1.0879696997138948e-05,8.356420939732096e-08,6.358497125504075e-06,6.467554259202115e-06,3.4400928146832823e-06,1
0.18461851424935188,0.8152891419634066,3.564171754775572e-05,2.6012759516762374e-07,2.986134201783456e-05,2.14221362139371e-05,5.158463866756825e-06,1
0.17555407686755825,0.8243388641307762,4.4551836663129586e-05,2.794297205044006e-07,3.401484586519381e-05,2.2671654487108966e-05,5.541234929693124e-06,1
0.18675955251832413,0.8131681142922795,2.9276147339057407e-05,2.0655640523304547e-07,2.4170826480029726e-05,1.1393805982383077e-05,7.285853189826434e-06,1
0.27843148179515825,0.7214794605693623,3.6774388318838663e-05,2.3002609293409545e-07,3.0548459211846344e-05,1.6175209565472902e-05,5.329552290230407e-06,1
0.4895645928360991,0.5103560448385058,3.210824160822882e-05,2.6821900821674086e-07,2.3868661792429206e-05,1.6987061775977236e-05,6.130141210279901e-06,0
0.6591610388720803,0.34078098846843924,2.5427157970088273e-05,2.2604065822185266e-07,1.2997491543872562e-05,1.4605925343756882e-05,4.7160439644993844e-06,0
0.8741805689980652,0.12403201116951461,1.8282755294431272e-05,1.9748918296702035e-07,1.5381758528478337e-05,1.3413633031305603e-05,0.0017401441963830152,0
0.867004869178133,0.13024860234235683,1.4828035828870797e-05,1.6915318077882726e-07,1.5075470622415533e-05,1.2027839674569159e-05,0.002704427980203447,1
0.6097969508140247,0.3885152816505841,2.0769053286695793e-05,1.6738176511087032e-07,1.4917596411954847e-05,1.1659209602578801e-05,0.0016402542943248844,1
0.4859631310817947,0.5133843244676101,2.3687924898113777e-05,1.938225363818051e-07,1.727408222377163e-05,1.3500978292838907e-05,0.0005978876426441435,1
0.8763851823662557,0.11911316953260043,1.66797664115453e-05,1.7676491298311772e-07,1.5489429954615073e-05,1.1985182406333964e-05,0.00445731695745824,0
0.8524235325047304,0.13775315993097526,1.5503061066598176e-05,1.8567082692607367e-07,1.5125404776375338e-05,1.2513665719274024e-05,0.009779979761905136,0
0.8760528358795631,0.1184351671063901,1.5176863843873801e-05,1.7811062352690133e-07,1.450952376535501e-05,1.2281916065289713e-05,0.00546985059974886,0
0.8860697380732323,0.10772388566476786,1.5001044972298018e-05,1.6366403795783344e-07,1.3302908711362253e-05,1.1223194903538966e-05,0.006166685449374683,0
0.8954237445433669,0.09924067330921489,2.0268146471929606e-05,1.854707243040895e-07,1.5075395577635793e-05,1.2718579559314286e-05,0.005287334555084905,0
0.8068453585088289,0.18917260672405295,2.6200894189612342e-05,1.8555115171993662e-07,1.4815563673064502e-05,1.3964265340629162e-05,0.003926868492763144,0
0.8222082920419769,0.08627399734724538,1.8413055044302485e-05,1.784712874270899e-07,1.3146063504440939e-05,9.372698556790586e-06,0.09147660032238457,0
0.8773783790234385,0.09422656710118305,1.964495470465615e-05,1.762643527424152e-07,1.5172775708639036e-05,9.047946457393456e-06,0.028351011934155183,0
0.6073474224715711,0.004314561679657903,1.6160937643108906e-05,2.0951381275434183e-07,1.3581621787831747e-05,1.3213825490283453e-05,0.38829484995003705,0
0.004680923638501045,2.3565401784363364e-05,3.531091833244514e-07,3.292342322291843e-09,1.887853025630861e-07,1.8895993064471058e-07,0.9952947768129556,6
0.19217880514310362,0.006751070668882464,7.79835837865556e-06,7.674877933612197e-08,3.862135829446421e-06,4.122773693117039e-06,0.8010542641713334,6
0.747873579460521,0.011676108980778501,1.2482773869522234e-05,1.4414069069968686e-07,5.546539155147114e-06,6.264386557148531e-06,0.24042587371842783,0
0.7481446907112508,0.018009653727991102,1.5131797543105403e-05,1.7472941288445506e-07,6.523670964754682e-06,7.593779243727558e-06,0.2338162315835935,0
0.8200096728999229,0.016040239642473197,1.5922136476874795e-05,1.2202830611602367e-07,5.88159909032843e-06,6.963539277697174e-06,0.163921198154453,0
0.9857379132205288,0.010978934972381574,4.871431491487447e-06,5.554168522138165e-08,1.4611665462667085e-06,2.51926023712298e-06,0.0032742444071292573,0
0.9816970366403882,0.013988149015555196,6.292322732525046e-06,6.669563408381584e-08,1.8873572359880967e-06,3.3896037434983656e-06,0.004303178364710631,0
0.970484795007258,0.024092722451923808,1.031068446764639e-05,1.208478859405306e-07,3.160245439755296e-06,4.496246862696982e-06,0.00540439451616191,0
0.9454577725549798,0.04976520948202345,1.7446364718115045e-05,1.7335191448175249e-07,5.347345727990872e-06,7.669913125258919e-06,0.004746380987510972,0
0.8894869368153218,0.10833321817744736,1.4019554470541679e-05,1.9237637405540562e-07,5.1521543409639095e-06,1.0397330453635486e-05,0.0021500835915918594,0
0.8782386783183254,0.11311048413885179,2.1974312578724558e-05,2.0708288805080858e-07,7.179126419204441e-06,1.142057116424341e-05,0.0086100564497725,0
0.470874829533714,0.5150614749157522,2.1728235923545124e-05,6.748795356937826e-08,5.946822938077406e-06,7.743376617800445e-06,0.01402820962710093,1
0.34059970360107555,0.5375394462911752,3.865158991633505e-05,7.613504757833747e-08,9.449878766298065e-06,7.827527138619013e-06,0.1218048449768804,1
0.23472888588569032,0.5933564246569221,1.7410776895586828e-05,6.469465105515525e-08,1.079179083478641e-05,6.474346685356833e-06,0.17187994784832072,1
0.7972711149321458,0.1856759094303141,2.4860007259470676e-05,2.157356815675782e-07,1.0785160250753257e-05,1.570485723553542e-05,0.017001409877112843,0
0.38888818794093805,0.18155830598938658,3.2647530877290296e-05,1.7411519925938444e-07,9.801198520038058e-06,1.1089821210390901e-05,0.4294997934038685,0
0.8879678281598005,0.07453330829044186,2.0759523607571268e-05,1.1791849809370182e-07,7.31973081744241e-06,7.510516409936516e-06,0.03746315586042474,0
0.9086838641124036,0.08270579949969922,2.4097430226134347e-05,1.2466713319588039e-07,7.828712964619004e-06,8.625074918924678e-06,0.008569660502654222,0
0.8422780342072143,0.15573502250242732,2.96743667646263e-05,2.5394368548103756e-07,1.4954905088934126e-05,1.8271021106826175e-05,0.0019237890537127113,0
0.8371437798685717,0.16281316003764368,1.7001926188650895e-05,1.6701228159312855e-07,8.438301189026511e-06,1.2597668681361333e-05,4.8551854439529675e-06,0
0.8489650770980971,0.1509922211809173,1.7345072416747103e-05,1.7038305463604875e-07,8.608609611285574e-06,1.1624479292859894e-05,4.953176609972272e-06,0
0.8708146620939903,0.12914324382256476,1.6890535297109467e-05,1.6591807339938606e-07,8.894400721297399e-06,1.1319853448233133e-05,4.82337590489251e-06,0
0.861144011930273,0.13881526055598883,1.5732716594650183e-05,1.6454383972860953e-07,8.820731923786933e-06,1.1226095586668698e-05,4.783425793132473e-06,0
0.8603683208806997,0.1395907240894986,1.582060425162199e-05,1.6546303079493873e-07,8.870007168586147e-06,1.1288807911785475e-05,4.810147439246652e-06,0
0.8545742017363305,0.14538425175110248,1.6477217425261624e-05,2.2036708671679012e-07,9.238145038956968e-06,1.1757334895437554e-05,3.853448120612862e-06,0
0.8838654655097755,0.11610079054213489,1.6182026249867807e-05,1.3527090350917688e-07,5.469677075728483e-06,7.761920685420153e-06,4.195053175043178e-06,0
0.8838654655097755,0.11610079054213489,1.6182026249867807e-05,1.3527090350917688e-07,5.469677075728483e-06,7.761920685420153e-06,4.195053175043178e-06,0
0.7784835644888101,0.22147280124905702,2.092943023149149e-05,1.5266264432509823e-07,6.070578590489225e-06,1.1996766661502253e-05,4.48482400513527e-06,0
0.03962440408313443,0.00010223511167859964,9.31903976042467e-07,1.0037116590051479e-08,7.956018408516521e-07,4.165929690083025e-07,0.9602712066692844,6
0.013373509418768498,3.268683033802895e-05,3.505600123471759e-07,4.4326379499411174e-09,2.566437539766313e-07,1.9750882740619227e-07,0.9865929946056619,6
0.03653703970305829,0.00030767449339692913,6.604730932454844e-07,8.35131787688198e-09,4.561717403611384e-07,3.869790866441538e-07,0.9631537738283067,6
0.03928710357108722,0.0006900702937202449,5.963802235585263e-07,8.511899604566561e-09,7.646812166894577e-07,4.217356891631204e-07,0.9600210348261635,6
0.9312727881154667,0.020243330948077374,1.225142837910737e-05,1.7485980295130576e-07,9.64859356193288e-06,8.876812653899678e-06,0.04845292924205838,0
0.9411034972215233,0.05616380031060085,1.0913563614876121e-05,1.6249773743867672e-07,6.3352444973369885e-06,6.659201821096586e-06,0.002708631960205342,0
0.9326143993793725,0.06426236838363525,1.1633274069531672e-05,1.8139711752222757e-07,7.072068256022122e-06,7.433703597267304e-06,0.003096911793951898,0
0.8709406144287473,0.12397499731728069,1.3255145725693854e-05,1.924854535666863e-07,9.14656793229118e-06,7.888106647697814e-06,0.0050539059482128485,0
0.8336524995158977,0.1635182650733549,1.1977996219233679e-05,1.7360824389940813e-07,1.2687687849579931e-05,8.921790635879769e-06,0.002795474327798937,0
0.780669103401866,0.21823510835186372,1.2767477321751186e-05,1.6911505339612372e-07,1.510277113225893e-05,8.690883945868816e-06,0.001059057998816855,0
0.7362582953357869,0.26274296155387294,1.0951412280594535e-05,1.546122743145563e-07,1.1455014198190271e-05,7.945580867524606e-06,0.0009682364907194589,0
0.7725166203017692,0.226608522158804,1.2369858543547253e-05,1.7463792918801128e-07,1.1936226133784142e-05,1.0860030245330443e-05,0.0008395167865749483,0
0.8365036861865933,0.1633453813818588,1.3750826990095423e-05,2.0904469721855667e-07,9.510397708363867e-06,9.20978449187953e-06,0.00011825237766044861,0
0.7796849779282338,0.22024915506506249,1.4193393495953121e-05,2.1409944129910502e-07,8.157682686931771e-06,9.506198819920265e-06,3.379563225975327e-05,0
0.8020349576691412,0.19792058477811217,1.3045665980084593e-05,1.6530588321079054e-07,7.581233649828372e-06,9.31287068246447e-06,1.4352476551119625e-05,0
0.809915385365655,0.19004467290692278,1.4480383097330497e-05,2.570698100406595e-07,9.356942561080711e-06,1.139322914598618e-05,4.454102807883254e-06,0
0.78272457164563,0.21723396155139918,1.561506419406649e-05,2.772137697711465e-07,8.48539800666338e-06,1.228600122638199e-05,4.80312577399218e-06,0
0.586563108236368,0.41338153417317947,1.704129422263063e-05,1.9307562292196848e-07,1.983880820936997e-05,1.310600338974799e-05,5.178409007820774e-06,0
0.585765339456256,0.4141755255916979,1.83574355564593e-05,2.07987331185585e-07,2.137100847286737e-05,1.3620170332370718e-05,5.578350353215347e-06,0
0.5780057327774172,0.42192911171911046,2.3329921244414917e-05,2.539783813368803e-07,1.870058710323e-05,1.6631920775316257e-05,6.239095968170783e-06,0
0.4387362177067301,0.56120352696887,1.9612325711702792e-05,2.3538725240395777e-07,2.2119827696629493e-05,1.2818086474674325e-05,5.469697264632138e-06,0
0.6694898982748475,0.33045895273244347,1.857936257294897e-05,2.0452743632960313e-07,1.731956846389008e-05,1.040435274335524e-05,4.641181492492166e-06,0
0.1448148635501264,0.8551480079271105,1.7306218807387095e-05,1.0562200864850721e-07,8.095279549389162e-06,9.86250743528248e-06,1.7588949621716791e-06,1
0.2729155661688158,0.7270253811523413,2.1352682899325025e-05,2.219056032291023e-07,1.1055675650631026e-05,1.98906365733864e-05,6.5317781164326785e-06,1
0.2501312886058331,0.7498199158279728,1.733327024421537e-05,1.5603208588432598e-07,1.068322541594024e-05,1.4439225473743173e-05,6.1838129743013504e-06,1
0.24988883444887036,0.7500606480401857,2.0758968070690562e-05,1.589907890159054e-07,8.396296049286572e-06,1.5468206638455785e-05,5.73504939636886e-06,1
0.37122991711708636,0.6287198156118045,2.168369276941201e-05,1.3757533474528638e-07,9.760099725023305e-06,1.3750578221741076e-05,4.935325058372554e-06,1
0.3408597412961116,0.6590777084422147,2.3398418528077137e-05,1.4845466110142698e-07,9.609995924404156e-06,1.4837960842593366e-05,1.4555431717605e-05,1
0.36157086159457763,0.6383498208550801,2.5613698155225977e-05,1.5839202107764312e-07,1.2475236776885083e-05,1.691065292774653e-05,2.4159570461267647e-05,1
0.47016909654590605,0.5297393423122299,3.012063366002668e-05,2.1272298661736213e-07,1.763334789388333e-05,1.843582524154739e-05,2.5158612082046128e-05,0
0.38376952337615305,0.6161718827437832,2.384033856495144e-05,1.896553199774552e-07,1.0978485211543056e-05,1.9021409642059433e-05,4.563991325198357e-06,1
0.421825559087513,0.5781158139153599,2.355911514154887e-05,2.0812750398028038e-07,1.2947806954551806e-05,1.7258305244847143e-05,4.653642282307131e-06,1
0.44633998085585824,0.5536016203150724,2.4745739142285285e-05,1.8362025851178158e-07,1.0562816564357704e-05,1.8245721774472078e-05,4.660931329795894e-06,1
0.5442625676995406,0.4556780860126462,2.0501146467891596e-05,2.0048511217249277e-07,1.0998353147566473e-05,1.96271322595481e-05,8.01917082598648e-06,1
0.19913208234756558,0.7988519175165085,1.971673014196568e-05,1.768638104197794e-07,0.0019598794477381793,2.0737742510861062e-05,1.5489351724622968e-05,1
0.2808094029976758,0.7027270703862168,0.0022408523295264974,2.168855689708903e-07,0.009148359811072983,0.005067686937279748,6.410652658960172e-06,1
0.04024906943343066,0.9567058201642747,1.1952477005082128e-05,1.0092640204769367e-07,0.003018261345030503,7.095322175232833e-06,7.700331681711516e-06,1
0.010551337656543543,0.9886836227363872,5.088436246946514e-06,2.7133219868399777e-51,0.0007542964178545167,3.193355352330395e-06,2.4613976152860847e-06,1
0.05060167968477614,0.9493712433288394,1.0905820688491295e-05,8.376485888369645e-08,6.15596410107532e-06,6.483083771771847e-06,3.4483529641100397e-06,1
0.03914648507612301,0.9608277925595402,1.087971339373561e-05,8.356433533544564e-08,6.358506708281314e-06,6.467564006337409e-06,1.93301589321268e-06,1
0.05726019392564472,0.942713630950307,1.0289270848347788e-05,9.27826211154334e-08,6.8133454486303595e-06,7.181024516391782e-06,1.7987006137375667e-06,1
0.14361023220606056,0.856305735122735,3.3106387373980886e-05,2.408849674182579e-07,2.629007942727946e-05,1.9618446764050194e-05,4.77687267154898e-06,1
0.34445166601387994,0.6554747192022514,2.974840445435013e-05,1.9915516987951872e-07,2.331696528352672e-05,1.64009096156048e-05,3.949349345421464e-06,0
0.3370797361060405,0.6628532214993789,3.0001622361653474e-05,1.870707076450833e-07,2.1890648265708162e-05,1.1255288691286656e-05,3.7077645545968663e-06,0
0.29610497913431116,0.7038196429273734,3.4193621808750204e-05,2.1948498429162752e-07,2.1233522677334683e-05,1.47757758298575e-05,4.955533015045186e-06,1
0.5166204464971045,0.4832961494841769,3.756100554437268e-05,2.679925415118707e-07,2.2477336310835092e-05,1.697271900463001e-05,6.124965317305311e-06,0
0.8544606816991882,0.14546979829830384,1.4258015394235137e-05,1.2585172021385086e-07,7.603192489221331e-06,7.995348663064329e-06,3.953759424110265e-05,0
0.9008843740475465,0.09789680399294402,1.4285286343836312e-05,1.452627091046787e-07,1.0654235866844522e-05,8.915812376218169e-06,0.0011848213622134814,0
0.893048008262963,0.105232563444898,1.758732791500511e-05,1.8713284216434614e-07,1.4796677349402231e-05,1.2903414110944822e-05,0.0016739537399214073,1
0.8887280085552619,0.10974326745591818,1.2716424614766362e-05,1.5920838314898816e-07,1.2588677912061448e-05,1.0977932435297397e-05,0.001492281745474653,1
0.30805936195951267,0.6904099812874657,2.2152010102344146e-05,1.642886653260328e-07,1.4134502964715853e-05,9.864725981121765e-06,0.0014843412253080527,0
0.44532333152580106,0.5516644295156917,2.6395311186298325e-05,2.1719196196205705e-07,1.9021970866493573e-05,1.3902933533015173e-05,0.0029527015509593613,0
0.5027970894317034,0.4944351176665529,2.36570786405424e-05,1.946606080134889e-07,1.704864388643161e-05,1.2460652181873333e-05,0.002714431866426714,0
0.8742879861648845,0.11468808981739945,2.0881534587751103e-05,1.7983897966300154e-07,1.435194453394714e-05,1.2200432211585085e-05,0.010976310267403106,0
0.6768761564639705,0.3176034397304022,2.2699559210008385e-05,1.9139559318068307e-07,1.6475267754202152e-05,1.4565967506769518e-05,0.0054664716155632485,0
0.8270926173563483,0.12390442061215637,2.057841198874852e-05,1.8504018825336223e-07,1.592819665332712e-05,1.3763790102195214e-05,0.04895250659256281,0
0.8972838776186399,0.08004148071601842,1.983999753923807e-05,1.78451572993281e-07,1.5637227397239723e-05,9.160220161137062e-06,0.022629825768671157,0
0.8970262389321148,0.09704879977480482,1.757325454488302e-05,2.2745993382773833e-07,1.347741849420628e-05,1.2136212449136764e-05,0.00588154694765815,0
0.921876404488519,0.06331501184826822,1.7914316210397234e-05,2.50379047713045e-07,1.5360301565401108e-05,1.3295772083348565e-05,0.014761762894305796,0
0.7900783828464852,0.05260149911227381,2.90166836576554e-05,2.623803330972903e-07,1.6812992717120348e-05,1.464830828192593e-05,0.15725937767625114,0
0.9484659803908697,0.02608801895552262,1.68709952895658e-05,2.187191502211313e-07,1.417835290670019e-05,1.382584375427727e-05,0.025400906742507067,0
0.9592534775500187,0.01720279906430852,1.7062879677114633e-05,2.2120677999430415e-07,1.4339612187332909e-05,1.39512891760483e-05,0.023498148397852386,0
0.23110953018247649,0.0015244878000022905,8.089931846803135e-06,8.12783476945557e-08,5.2688257801010665e-06,5.71472375095527e-06,0.7673468272577956,0
0.008540091536630098,6.857863350985209e-05,1.7497505472818092e-06,9.581179203965223e-09,5.25826770322613e-07,4.981817025943555e-07,0.9913885464896606,6
0.003854541615579929,2.928367152438469e-05,5.773304445180552e-07,3.1613114551816804e-09,1.765447777307048e-07,1.814395754878941e-07,0.9961152362367864,6
0.004678608254737477,4.4055453906477886e-05,2.5470828246913433e-07,3.4557326084222873e-09,1.7076897211104212e-07,1.8154065471967123e-07,0.9952767258177141,6
0.006209453076716502,8.031037070455116e-05,2.924293665963103e-07,3.6921286573868326e-09,1.4365565892253e-07,1.5809456239897077e-07,0.9937096386808624,6
0.017722356584506167,0.00019963016291966448,9.225628572138313e-07,1.113185333550784e-08,4.639579632061051e-07,5.297919016536561e-07,0.9820760858079988,6
0.007522418913000244,8.669048610956726e-05,3.550591864955064e-07,3.433084885633175e-09,1.7403091793013595e-07,1.9597279570569978e-07,0.9923901621049052,6
0.027706441898036584,0.0009562957672997908,1.247840316178483e-06,1.2906027866600755e-08,4.503411794127481e-07,6.596982312113773e-07,0.971334891548909,0
0.24230389282216047,0.008450705328709675,1.2023329635797762e-05,1.4507623091869557e-07,5.568159548722057e-06,6.356397682596279e-06,0.7492213088860318,0
0.7563978560707078,0.00950483594117973,1.4766166228730114e-05,1.4859510062936544e-07,5.6856238870196395e-06,6.4579762059011175e-06,0.23407024962669018,0
0.6921445831639602,0.009938776051938188,1.2612671079608543e-05,1.2692401665050858e-07,4.856433474913642e-06,5.5161460641347534e-06,0.2978935286094663,0
0.9017812387032571,0.01594466829610231,1.4340038805384395e-05,1.110110521057623e-07,5.4045411911231956e-06,6.594793662852894e-06,0.08224764261592894,0
0.9760972784961677,0.014854299940328667,6.104055061273735e-06,6.959545779914626e-08,1.7932787667919566e-06,2.8321867964029058e-06,0.009037622447421526,0
0.9850317645153793,0.011972549403753549,6.1301871817280225e-06,6.497707420893213e-08,1.7907759436845254e-06,3.302263139194171e-06,0.0029843978775285136,0
0.9856382189337921,0.012198726968784114,6.2459946645946325e-06,6.620457855506406e-08,1.873461315839906e-06,3.3646473324620617e-06,0.002151503789532405,0
0.9489191398430541,0.03937164841451843,1.4272298921957479e-05,1.5127959370445824e-07,4.443058597827349e-06,6.954112933912025e-06,0.011683390992379724,0
0.9220876446939121,0.07364139922304103,1.1260371550461038e-05,1.6753686344512291e-07,3.981181572281533e-06,7.396937982911136e-06,0.004248150055077652,0
0.8895104464433834,0.10512538794193607,1.4744364372411031e-05,2.154430664283329e-07,5.039413845070474e-06,1.0088969754340232e-05,0.005334077423642386,0
0.8951487356090354,0.10078574725803988,2.7865044760954032e-05,1.9494472758758672e-07,6.647966885087015e-06,1.0497028563730899e-05,0.004020312147987236,0
0.707143286383022,0.1944495864374114,3.959062667983002e-05,3.415600288552073e-07,1.5859662634069833e-05,1.7902329426162522e-05,0.09833343300079773,0
0.6163632381443903,0.36296176778573475,1.94902218093688e-05,7.704172917195991e-08,6.635292158606498e-06,9.301034462690513e-06,0.020639490479715212,1
0.24785953163125435,0.5341550280284095,2.0736440690183106e-05,1.390528962918083e-07,1.5358287083829515e-05,7.711023284814799e-06,0.21794149553638084,1
0.8573912450317842,0.12319582842231822,2.6298397937721838e-05,2.2434002702737137e-07,1.2511439641087781e-05,1.5520927535763734e-05,0.01935837144075582,0
0.7751096021476868,0.20997696482107714,2.3926361955654828e-05,2.0763348739447125e-07,1.0380111526755762e-05,1.511504380338246e-05,0.014863803880462954,0
0.7751096021476868,0.20997696482107714,2.3926361955654828e-05,2.0763348739447125e-07,1.0380111526755762e-05,1.511504380338246e-05,0.014863803880462954,0
0.7813384580666626,0.2019493527663964,2.4363205158001993e-05,2.114244221682584e-07,1.0569629731340014e-05,1.5391011547702514e-05,0.016661653896081808,0
0.7381664179828418,0.2431448768477209,2.301704171398799e-05,1.9974238663767413e-07,9.985615884688142e-06,1.4877079020869814e-05,0.018640625690431272,0
0.22212482855296087,0.17109143494579848,2.020427345525452e-05,1.1315383180701586e-07,7.1606994797601615e-06,8.303304561070453e-06,0.6067479550699129,6
0.38766152695045547,0.15572802166541827,2.8066032935708287e-05,1.4575137007879014e-07,8.110169317288057e-06,9.146075323331572e-06,0.4565649833551799,0
0.8148240248117041,0.1818495128199928,2.8641046131912522e-05,2.4510085989232987e-07,1.4434145467970854e-05,1.7634787712523777e-05,0.003265507288130928,0
0.8116442689545141,0.1854507151088223,3.604688329994699e-05,2.532991251441834e-07,1.5062096165298788e-05,1.6568338842639244e-05,0.0028370853192306567,0
0.821172355081571,0.17655405640006872,3.5493579263384215e-05,2.263729566808714e-07,1.2875699517099186e-05,1.480709358535619e-05,0.0022101857730376807,0
0.8455144360685293,0.15077230466210512,2.0958295023418782e-05,1.6636865678764302e-07,1.0187961303514426e-05,1.0794286524670725e-05,0.0036711523578573085,0
0.8629620803414858,0.13687247233551814,1.893683629445006e-05,1.629093279028788e-07,2.026238694552847e-05,1.0655926836640719e-05,0.00011542926359162599,0
0.8617794826508287,0.1381312994095654,1.8910885375654987e-05,1.7499531689177746e-07,1.4246977007180447e-05,1.0835094258640798e-05,4.504998764747172e-05,0
0.872058435885704,0.12785965947671382,1.746401649884506e-05,1.6315033500872552e-07,8.243176206933785e-06,1.2306363616420374e-05,4.3727930924784596e-05,0
0.8622216397502311,0.1377187794143432,1.6397054427164377e-05,1.7149195305546107e-07,8.664636741516827e-06,1.293556848337288e-05,2.1412083820428877e-05,0
0.8355575138499896,0.1643991313804492,1.6273949360649838e-05,1.7020443349630015e-07,9.124180416520608e-06,1.2838451405081618e-05,4.947983945400439e-06,0
0.8339474357265729,0.1660106540335374,1.6663136941626332e-05,1.7427483154633158e-07,8.522193141858796e-06,1.1484321184189498e-05,5.0663137902183926e-06,0
0.5622648446355507,0.4376770149726805,2.4944431840956464e-05,2.2226982591709736e-07,1.15570773806541e-05,1.3802775203694626e-05,7.613837517412396e-06,0
0.9239321765420273,0.07604650541721762,1.0205748958162585e-05,9.083307072300214e-08,3.324704017227718e-06,5.243893523249476e-06,2.4528611858828967e-06,0
0.905527374360947,0.0944493178087922,1.155938200310181e-05,1.0288065749081282e-07,3.167253049058175e-06,5.287755327861588e-06,3.1905592234628993e-06,0
0.8863522932566705,0.11362215952928258,1.2886066517446157e-05,1.1468839730614212e-07,3.3474340272987614e-06,6.140144795756939e-06,3.058880309096215e-06,0
0.7852303051238758,0.21472169977542613,2.133813181705001e-05,1.5112378613836655e-07,5.887700145363351e-06,1.2609638422194768e-05,8.008506527001172e-06,0
0.772652463660085,0.22729846310838875,2.135486728729939e-05,1.5124231233590703e-07,6.9328061921663255e-06,1.2619528145928757e-05,8.014787588711435e-06,0
0.04015165870331721,0.00010916275523935904,7.367115810866213e-07,7.478190336981192e-09,7.035193523790244e-07,4.089369449894198e-07,0.9597373218953746,6
0.026278088255153514,6.512781963046837e-05,6.942211266409076e-07,7.82556175118846e-09,6.203000842565946e-07,3.4869022526247836e-07,0.973655112888218,6
0.018952472195541574,3.366819926525022e-05,4.846778540800231e-07,6.128484064986488e-09,3.548309549271875e-07,2.7307208825144295e-07,0.9810127408958118,6
0.028728007253243263,0.00010475265451185078,7.51034589118342e-07,9.496418028840882e-09,6.269944441376009e-07,4.423846719739942e-07,0.9711654101821215,6
0.020700962054527185,7.548315854438557e-05,5.411840227526057e-07,6.842973393038568e-09,3.8622364538878454e-07,3.1877561946118767e-07,0.9792223017606675,6
0.020481054221117158,0.0001329767939709948,4.458539305203469e-07,7.15313443702205e-09,3.281521466555162e-07,2.626229838935958e-07,0.9793849252027165,6
0.9161430822497528,0.08069265373501974,1.2404503667657942e-05,1.484606521157323e-07,9.230090918851823e-06,7.92652205951996e-06,0.0031345544379293004,0
0.8696761466146007,0.1267846385451379,1.3262382508879025e-05,1.9259054298045722e-07,9.151561595158734e-06,7.8924132406793e-06,0.003508715892373608,0
0.8549454261065127,0.1409954143520211,1.2623718183193775e-05,1.8331613778338027e-07,8.710858281766433e-06,7.512345573575509e-06,0.0040301293032899334,0
0.8653431191083005,0.13042424981401543,1.3017000437128865e-05,2.043666410242695e-07,8.889926563489487e-06,7.570267450363636e-06,0.004202949516591902,0
0.8450402331721227,0.1539314910170865,1.2058760263451114e-05,1.767942471331652e-07,1.3327099207360273e-05,9.08552049788613e-06,0.000993627636574915,0
0.6699095179548815,0.3297112606816806,1.5723807545005606e-05,1.8808662948782879e-07,9.752341814337411e-06,9.83712267635954e-06,0.0003437200047727304,0
0.8380345001171196,0.1616219350243015,1.2002834987990146e-05,1.413411780062073e-07,7.124540649035726e-06,7.745640819751185e-06,0.00031655050094414437,0
0.7956155183028322,0.20431960076885453,1.4272852465460192e-05,2.1529803562980663e-07,7.119569639749613e-06,9.288377598956825e-06,3.398483057331835e-05,0
0.5760207797524469,0.42393796553101387,1.3006812734042421e-05,1.7880253419583962e-07,1.537228147064162e-05,8.992904880557038e-06,3.7039149197237298e-06,0
0.5390176217730095,0.4609306283349635,1.5608626088339342e-05,2.1456923821205704e-07,2.0763108222785633e-05,1.0718762198751456e-05,4.4448262788989315e-06,0
0.6550454852860491,0.3448901249129955,1.987228430393195e-05,2.52635989719535e-07,2.817234074446679e-05,1.1128382628981251e-05,4.964157288110471e-06,0
0.2486197242789483,0.7513338103299098,1.801809752947168e-05,1.259732315120458e-07,7.911724400807623e-06,1.2865330099865924e-05,7.5442658801842905e-06,1
0.3072371691650341,0.6926452744088254,2.338930274592575e-05,1.4202402988765996e-07,7.265384892039936e-05,1.381751141387676e-05,7.553739030365588e-06,1
0.29874899716056597,0.701126992454364,2.338772271621567e-05,1.4376317086169813e-07,6.740461339212032e-05,1.3986712360210426e-05,1.908757343058103e-05,1
0.5796724072700808,0.4194813263536387,2.9139386382107387e-05,1.8019445197071815e-07,1.2347375928465514e-05,1.9238379661110446e-05,0.0007853610398568002,1
0.5629118102677225,0.4359595225746056,2.5666049489833616e-05,2.0179844140880984e-07,1.5632872282369208e-05,2.0552193860418626e-05,0.0010666142435979558,1
0.5866190519160517,0.4113737799318658,2.8793537750414748e-05,1.9841478078370965e-07,1.4610687312253056e-05,1.8310875181720425e-05,0.0019452546370576122,0
0.4290443352263996,0.5708543095720403,3.6734584972926474e-05,2.260805545318644e-07,1.8740620710565436e-05,1.8915512193987186e-05,2.6738403127971208e-05,0
0.5609929864399152,0.4389400443328875,2.3324971885277676e-05,2.036228077421071e-07,1.7819527388884036e-05,1.587404063689735e-05,9.747064478335304e-06,0
0.38657690945253687,0.6133649941474587,2.494717453463204e-05,1.8096190025518266e-07,1.1466248747050891e-05,1.7147227711509903e-05,4.354787110924397e-06,1
0.39259018530956824,0.6073516631466157,2.5253018850875193e-05,2.0332803048483966e-07,1.2240202990775415e-05,1.590657461182134e-05,4.548419332090099e-06,1
0.42428261813303175,0.5756606317512646,2.230561233692653e-05,1.8044057755824614e-07,1.1772258628309383e-05,1.7854428340982965e-05,4.637375819805568e-06,1
0.5680997149327978,0.431845805025235,1.942892224165725e-05,1.8999960129595079e-07,1.0423131624615499e-05,1.6838225888208224e-05,7.599762611553158e-06,1
0.42244266925776114,0.5775022637309113,2.0680385988469802e-05,1.7724860785074187e-07,1.0677477460934948e-05,1.4941443128489306e-05,8.590456141836505e-06,1
0.341168865687564,0.6587521576184321,2.064323654640732e-05,1.0349313156573958e-07,1.9660841635131527e-05,1.588773443725587e-05,2.268138825342822e-05,1
0.3766453959928464,0.6232906956807556,2.3110265456413433e-05,1.0488172534111218e-07,1.3569434171287804e-05,1.867054989417447e-05,8.453195150975393e-06,1
0.23977938518083988,0.7591549011292242,2.1690905370711037e-05,8.724742813409588e-08,0.0010067989573978656,2.0855015151022716e-05,1.628156458810969e-05,1
0.10126832015942389,0.8967911684200314,1.7609248859176427e-05,1.7813481348700478e-07,0.0018894058699041837,1.7189374596277423e-05,1.612879237180409e-05,1
0.12006219669058284,0.87098757695215,0.0003576329263948917,1.9299674329375252e-07,0.005950820446345998,0.002626844389522756,1.4735598260585459e-05,1
0.13708802581795781,0.8492721353288928,0.00030079761245511776,2.0539922868336536e-07,0.009202434057453414,0.004124883864749432,1.1517919262797155e-05,1
0.1819517096204902,0.8067450473114213,0.0018685161529852212,1.7437010663936607e-07,0.007303383903891377,0.0021279839510849013,3.1846900205755356e-06,1
0.10366666556016034,0.8927379367122229,0.00042607288196429527,1.2023198877241895e-07,0.001931910670098103,0.001227949842692818,9.344100872692412e-06,1
0.016645325525541214,0.982887723621645,6.194730986737431e-06,4.042363213591487e-08,0.000454672049622753,3.7935238633624874e-06,2.2501247084576495e-06,1
0.033255082970610736,0.9667133149891005,1.0745888284691977e-05,6.408141045201321e-08,8.016556383505573e-06,8.519279847243707e-06,4.256234362882311e-06,1
0.04970364286654552,0.9502625136311461,1.4009519857787754e-05,1.0029493719192388e-07,7.96313025757118e-06,7.766518668300468e-06,4.00403858739483e-06,1
0.1366091150934012,0.8633258812044353,2.56840741273199e-05,2.0405740664268403e-07,2.054557818502191e-05,1.4525549415627764e-05,4.044443028932907e-06,1
0.2965525571127352,0.7033903772921528,2.2023737685560876e-05,1.796918486889611e-07,1.9408529092289767e-05,1.1892121827768377e-05,3.561514657778247e-06,1
0.3223736303421188,0.6775622489427244,2.7567990822140713e-05,1.9450459166538385e-07,2.1008454492869022e-05,1.1494660195009032e-05,3.855105054990697e-06,1
0.39413405526483086,0.6058074114742938,2.2910516402093764e-05,1.8955597684997244e-07,2.047395426198933e-05,1.1202211336850457e-05,3.757022897511791e-06,1
0.43082621098784396,0.5690936745750969,3.4123393869149e-05,3.3892293742441944e-07,2.3598377169089313e-05,1.6794703208341582e-05,5.259039875359088e-06,0
0.6172371936613861,0.3819175453867931,2.7614257943779607e-05,1.8834335525963955e-07,1.1622912032111005e-05,1.3161599678306136e-05,0.0007926738388113357,0
0.8908385998853,0.104804731543829,1.963358867387509e-05,2.072637820180534e-07,1.684180415302868e-05,1.4291507458807191e-05,0.004305694406803219,1
0.853471321031069,0.14469159441674337,1.854500978796638e-05,1.9577209903201539e-07,1.54797872457252e-05,1.3499118786217476e-05,0.0017893648642686138,1
0.8784347358103307,0.11230383962544703,1.4707006610852892e-05,1.7613696206922547e-07,1.3915687276372777e-05,1.1167504642697159e-05,0.009221458228729943,0
0.8946975994232518,0.09524042568544723,1.4994637050065282e-05,1.7958173863743083e-07,1.4187841586842163e-05,1.1385911715616747e-05,0.010021226919209765,0
0.7604817652545051,0.2350498188421715,1.95187952600891e-05,1.8123177926098783e-07,1.4470677979281115e-05,1.4683013701433561e-05,0.00441956218460338,0
0.8805468601731598,0.11355435655142071,2.3224991506392218e-05,2.1113340445655875e-07,1.496365383042877e-05,1.035772918190851e-05,0.005850025767496431,0
0.9570258069264037,0.01812731176156254,1.797987282771992e-05,2.3309487309234615e-07,1.5110251517091342e-05,1.4701059253470152e-05,0.02479885703356255,0
0.005068587346792241,3.1348373672963745e-05,6.152824843537697e-07,4.778288862804035e-09,2.361245993286556e-07,2.742440013003622e-07,0.994898933850161,6
0.004632753480279844,3.0493535849642928e-05,6.148613103554292e-07,4.2602778239376e-09,2.442874279959435e-07,2.445133960365522e-07,0.9953356450614582,6
0.007226659237004169,5.465046441939483e-05,1.0774392442591907e-06,5.899777254917226e-09,2.8457341861326697e-07,3.067640230093727e-07,0.9927170156221132,6
0.006530649062225089,4.7228592138840276e-05,6.565214336451822e-07,5.098550884109354e-09,2.4592658203416314e-07,2.651035646174273e-07,0.993420949695505,6
0.957036386330374,0.006728220262616842,6.55668414283275e-06,6.844860022238229e-08,1.918598327953135e-06,2.74489291039445e-06,0.036224104783027976,0
0.9689174560597443,0.0281390668148434,8.456006008942376e-06,9.64112550488486e-08,2.5158382629114098e-06,3.923455527256136e-06,0.0029284854143580108,0
0.9231824020410502,0.07149836093653886,1.2376416663790669e-05,1.8414188370689638e-07,4.17776050448522e-06,8.13006800907731e-06,0.0052943686353496885,0
0.9100591647596831,0.07301076518243453,1.046958334452573e-05,1.5577116148066396e-07,3.800705924967705e-06,6.8774692166534604e-06,0.01690876652823478,0
0.8674666943445396,0.11758406758054375,1.4694712951987768e-05,2.5360616787844143e-07,5.773911058299281e-06,1.1258000922149275e-05,0.014917257843816157,0
0.8748335333914032,0.1093184104935751,1.5988247263761797e-05,2.1939078324968447e-07,5.676696552736723e-06,1.185737325141559e-05,0.015814314407170516,0
0.880210769611194,0.10630437091084344,1.5472868598412204e-05,2.1231875545352314e-07,5.4937091217395055e-06,1.1475152667754897e-05,0.013452205428819124,0
0.5312884390873791,0.11697346307456188,2.9047585186311495e-05,2.585180462177883e-07,1.05260668892067e-05,1.4257207690415394e-05,0.3516840084602469,0
0.47324961768164214,0.4854492637703765,1.807969394316793e-05,7.344952230409339e-08,5.527394682694924e-06,8.631411563247828e-06,0.04126880659826986,1
0.2927010122015316,0.5401233603322438,1.7436669700002546e-05,7.178984484432857e-08,1.1019372242060839e-05,7.766119726204733e-06,0.16713933351471152,1
0.7256083774715861,0.2492880051869678,2.7033937539671213e-05,2.797195531702171e-07,1.4287199743497186e-05,1.542646566831266e-05,0.025046590018941516,1
0.7201896494124292,0.2474263619776861,2.4728697688306028e-05,3.093891557694022e-07,1.5287544213220564e-05,1.5311263274065522e-05,0.032328351715553344,1
0.7854894125782725,0.1849278138583172,2.4916028080880428e-05,2.125476398340513e-07,1.2089989446447442e-05,1.583083133599719e-05,0.02952972416690728,0
0.705608067457286,0.27113982805091924,2.2382160906732274e-05,1.9093233719552835e-07,1.0860482588664662e-05,1.4220894803113743e-05,0.02320445002115913,0
0.7134303965679426,0.26774728147346316,2.2630288212661536e-05,1.9304900174103495e-07,1.0980881253344375e-05,1.437854679793694e-05,0.018774139193328793,0
0.1228573728716329,0.18795045159616,1.2519542676719556e-05,1.1285897625771786e-07,4.817746722497018e-06,7.272444816847027e-06,0.6891674529390148,0
0.07659392465430108,0.1447249145154593,7.58422763383001e-06,6.836896431138886e-08,2.918548126642113e-06,4.405582405817344e-06,0.778666184103109,6
0.8078102478849092,0.18933878690890713,3.5550565692163546e-05,2.503733439279502e-07,1.4888118469906259e-05,1.6376962995832084e-05,0.0027838991856816084,0
0.8204522184517019,0.1758769360244161,2.9806929643042965e-05,2.1043797991931548e-07,1.273839390627233e-05,1.3764784046052579e-05,0.0036143249783067133,0
0.863864409652971,0.13593973655962713,1.856599046913433e-05,1.698452446878663e-07,9.637377371629465e-06,9.835088631099145e-06,0.00015764548568541554,0
0.8696838628957919,0.13023241396453336,1.7516523813025476e-05,1.6024452226506324e-07,1.16902126542574e-05,9.921776959589064e-06,4.443438172569036e-05,0
0.8696054721707208,0.13030993153291043,1.758433904470411e-05,1.6427439851767291e-07,7.924390213491565e-06,1.239115127112127e-05,4.653214144086312e-05,0
0.8666078690580993,0.1333319609094939,1.7992139037657672e-05,1.6808410091181173e-07,8.108165461739888e-06,1.2678515577974289e-05,2.1223128228440724e-05,0
0.863782208961517,0.13615831238819553,1.7055245662450904e-05,1.6753604618743837e-07,8.464764412909062e-06,1.2637176032336978e-05,2.115392813379476e-05,0
0.851455407370112,0.14849988027685623,1.6583588744892065e-05,1.6124282194136954e-07,9.297783365827905e-06,1.3627610398743422e-05,5.042127700437479e-06,0
0.8374546273390072,0.1625013955288709,1.6310898976134024e-05,1.5859144964159343e-07,9.144896651438601e-06,1.3403526819156186e-05,4.959218225423857e-06,0
0.8374562807331851,0.16250171635683283,1.6310931178888088e-05,1.5859176275011412e-07,9.144914706290039e-06,1.2123423604394909e-05,4.265048729454547e-06,0
0.8339476384708995,0.16601069439305746,1.66631409926688e-05,1.6201631126992344e-07,8.522195213723562e-06,1.1962637538941143e-05,4.3571459863365574e-06,0
0.8339476384708995,0.16601069439305746,1.66631409926688e-05,1.6201631126992344e-07,8.522195213723562e-06,1.1962637538941143e-05,4.3571459863365574e-06,0
0.931799676002904,0.06817861786393613,1.0738014139260722e-05,8.726349761318267e-08,3.395794993022368e-06,5.165019057969697e-06,2.3200414721515006e-06,0
0.899767495012496,0.10020932052490794,1.120952562863631e-05,9.976687045421328e-08,3.6517020986428314e-06,5.529357998322514e-06,2.69411000009467e-06,0
0.8602326645172889,0.13974244597056562,1.242642804539591e-05,1.0075795611774866e-07,3.855601287146566e-06,5.802491530896802e-06,2.704233326155366e-06,0
0.836625226649573,0.16334076578681136,1.479048704565219e-05,1.333012370936246e-07,5.127903374247347e-06,1.024922298959634e-05,3.7066489690748293e-06,0
0.7969433729729969,0.2030133059206945,2.094983421962216e-05,1.3799829520111294e-07,5.475660312509347e-06,1.2887228119229072e-05,3.870385362103913e-06,0
0.8316636585824486,0.16829890357607002,1.6363426636285984e-05,1.158912602413013e-07,5.312347015922356e-06,1.058745909218469e-05,5.058717476842258e-06,0
0.03681483944025216,8.668364791119568e-05,6.391769074884257e-07,8.548244988864367e-09,6.77584211259121e-07,3.8089143828087405e-07,0.9630967707110347,6
0.025672736617657715,5.3283117663020045e-05,8.208600114949019e-07,6.402338200997214e-09,5.074870088290659e-07,2.852744404161462e-07,0.9742723602408803,6
0.018508610173015652,3.4702608949034075e-05,4.682567830816877e-07,5.920848681821871e-09,3.9275602213482785e-07,2.638203015005255e-07,0.98145555646408,6
0.02388322968909697,5.658984049366511e-05,6.359626293917612e-07,7.87449865330899e-09,4.476529315152623e-07,3.484961703840163e-07,0.9760587404841794,6
0.027625791280261887,8.393180932334647e-05,7.16427876090578e-07,8.870820524256045e-09,5.221343503988799e-07,3.9258968944874777e-07,0.9722886368876783,6
0.10988046631964214,0.0004956940518520396,1.8890281574655048e-06,2.3885718862299703e-08,1.3154161375910811e-06,1.1370863578062532e-06,0.889619474212134,6
0.9279244346578517,0.06828291934565507,1.2131454764082528e-05,1.5339555249105546e-07,6.701705187121698e-06,7.787173257788264e-06,0.00376587226773172,0
0.9281240967216752,0.07026809748792702,9.463156986227207e-06,1.1965639920693347e-07,5.230046942845665e-06,6.074394575956183e-06,0.0015869185354934218,0
0.9267990997820029,0.07150990110784981,8.58061088193024e-06,1.2216763290988565e-07,5.3624558834293865e-06,6.201878141275496e-06,0.001670731997607729,0
0.9355459460586475,0.061181527597269685,8.675553153529909e-06,1.2382274686491266e-07,5.432464689504674e-06,6.285900519498815e-06,0.0032520086029731643,0
0.9435562167780257,0.05380856920353925,1.116272658939702e-05,2.2085264880203267e-07,7.19997773818627e-06,7.1330220801935095e-06,0.002609497439378697,0
0.8828781151556698,0.11363049718367134,1.2538619660140395e-05,2.500132930260672e-07,9.290485295378931e-06,8.01222265677306e-06,0.003461296319753484,0
0.8428100827913019,0.1557665182408022,1.1466996844853665e-05,1.8128276045813513e-07,1.3223904417234843e-05,8.314586267123438e-06,0.0013902121976060939,0
0.8143031453127604,0.18479160115810034,1.1666296450570865e-05,1.5452906611489414e-07,1.1962249044076684e-05,7.941304767957559e-06,0.0008735291498105,0
0.7710637426827548,0.22855626942602175,1.2664308772679226e-05,1.6356564688083119e-07,8.516719958488153e-06,8.963564398292581e-06,0.0003496797324469684,0
0.846955640662932,0.1527970952869613,1.1734411646550204e-05,1.421920306550867e-07,7.85499013085298e-06,7.63643052701034e-06,0.00021989602577176251,0
0.7970020298230829,0.2029333215443134,1.4252046883748921e-05,1.569181019019566e-07,7.936208771331289e-06,9.325595900495506e-06,3.297786294634142e-05,0
0.7735581562364879,0.22639560046722573,1.4304453928369333e-05,1.5749511473633777e-07,7.965391474039789e-06,9.359887600800425e-06,1.4456068168510132e-05,0
0.6759525371852848,0.3239913469181976,1.6616626004289684e-05,2.0755100772154076e-07,1.1492452198385153e-05,1.112918841840561e-05,1.6670078888717134e-05,0
0.7406368274460834,0.259320106804819,1.5530153292680838e-05,1.8908273522114277e-07,1.0947880509587238e-05,1.1327315298599665e-05,5.071317261466397e-06,0
0.7172890778097725,0.2826673665489648,1.6250651399990675e-05,1.8411774369661774e-07,1.1152839801790693e-05,1.1029879235029957e-05,4.938153082347083e-06,0
0.26144826207287475,0.7385018009113344,1.855232670127642e-05,1.140402315266209e-07,4.893783620910976e-06,1.1235634835470957e-05,1.5141230401761929e-05,1
0.3334182566392597,0.6665322403382682,2.0010349186365762e-05,1.6212472118615238e-07,9.087425199613762e-06,1.2973943310630694e-05,7.269180054318836e-06,1
0.6185756782669825,0.3807663473361056,3.0173897286606104e-05,1.8659174267030346e-07,1.421533916804586e-05,1.9921383526851622e-05,0.0005934771851877049,1
0.5445997371948407,0.4547639006912032,3.370864578454713e-05,2.037595714365109e-07,1.546795163261419e-05,2.0140225971415462e-05,0.0005668415309962103,1
0.584365772391406,0.41319575240476253,3.126785804315993e-05,2.154651940649553e-07,1.6888124530176056e-05,1.9884386934002493e-05,0.0023702193691299794,0
0.4040979891842983,0.5958227312779893,3.523836026071752e-05,2.038040150515534e-07,1.81230687732979e-05,1.7662854704906007e-05,8.051449958385468e-06,0
0.6597762264524846,0.34015592382020216,2.426529064528076e-05,2.17405833898881e-07,1.540753298183294e-05,2.3298763258855437e-05,4.660734593234632e-06,0
0.7269429645519416,0.2729900205120125,2.398684957837044e-05,2.1928528497205738e-07,1.535766602387844e-05,2.3080781009132844e-05,4.370354149356871e-06,1
0.7263778297425456,0.27356765557047574,1.898439251248807e-05,1.8393848235427507e-07,1.1223611365814797e-05,2.0384364584467942e-05,3.73838003347916e-06,1
0.512317976355477,0.48762140854265457,2.1938289824047268e-05,2.1453924555562222e-07,1.1769344671354383e-05,1.811160834589027e-05,8.5813197815336e-06,1
0.5207781465361,0.4791547548225634,2.332070499042075e-05,1.9987840149379052e-07,1.0222882775417319e-05,1.687392586509109e-05,1.6481249304099158e-05,1
0.3874434500416828,0.6124872876675072,2.6892650329298035e-05,2.125492473434088e-07,1.2173198560668203e-05,1.706773582081584e-05,1.2916156851829212e-05,1
0.36991722702127333,0.6299890635883543,2.738661135793664e-05,1.1015729244360562e-07,1.807009554427749e-05,2.3260786890989442e-05,2.488173928674366e-05,1
0.38964132806940677,0.6102622961742163,2.5912073420506713e-05,1.0422625173653444e-07,1.3543989388213497e-05,2.200838978800514e-05,3.480707752843242e-05,1
0.34487787543819204,0.6550550268712629,2.3909593834843875e-05,9.617166891695222e-08,1.4038768192258303e-05,2.03075860526733e-05,8.745570796133122e-06,1
0.2956860330151619,0.7035643427845931,2.185959990017074e-05,8.79259689134736e-08,0.0006912476737752002,2.0020811013390175e-05,1.640818958739477e-05,1
0.11637716948225842,0.875678201340181,0.0003460080348859766,1.929559317638728e-07,0.0061007352630984705,0.0014843169999834169,1.33759236610797e-05,1
0.12053786362785535,0.867347257156705,0.00030719951034446246,2.0977075569732153e-07,0.007896140238339821,0.003899566640007191,1.1763055992494921e-05,1
0.1446184091878207,0.8463796764997997,0.0017625131533096489,1.6910313050893262e-07,0.003621167086388248,0.0036045358379161287,1.3529131635047755e-05,1
0.37401263367000787,0.5976849982943904,0.0006954141822040082,3.146622065547591e-07,0.019789529803674946,0.007810000278205446,7.109109310799782e-06,1
0.4357960838460845,0.5075479527116448,0.0013476605390072643,3.233310206142565e-07,0.04230739930618148,0.012995990162696999,4.590103364439499e-06,1
0.4172128454573324,0.5752316258175886,0.0006313985679656864,1.2577074374266762e-07,0.005724818820619485,0.0011970058697169134,2.1796960332746428e-06,0
0.0480024750084531,0.948779356132908,9.233641059588043e-05,1.0009021031687622e-07,0.002854518361437732,0.00026357746321943506,7.636533175610444e-06,1
0.042913077208290074,0.9535838352935967,1.2743588256064735e-05,1.0760652468228841e-07,0.0034741351914450423,7.89111019942006e-06,8.21000168794617e-06,1
0.043866491584166334,0.9560987680100345,1.3392388120381621e-05,9.72837267075557e-08,9.011463403449904e-06,7.533340173993459e-06,4.705930374895732e-06,1
0.3157779142255102,0.6841633162687707,2.342365503912866e-05,1.8437911098913944e-07,2.0635564870476838e-05,1.0871489922484058e-05,3.654416776092099e-06,1
0.32654566248267525,0.6733945940697463,2.3616078008190496e-05,1.884558485822065e-07,2.10918301307351e-05,1.1111865371860483e-05,3.7352182192268743e-06,1
0.4010363865749279,0.5989052906344379,2.493684954208912e-05,1.7031926424098035e-07,1.7511440177451443e-05,1.1760064650610063e-05,3.944116999758655e-06,1
0.2634564137060058,0.7364758075883528,2.8979922813674764e-05,1.978298420610172e-07,2.0350613410177833e-05,1.3666753103004572e-05,4.583586472228144e-06,1
0.820785128171855,0.1791775728679089,1.5784700022788508e-05,1.2932644128926396e-07,8.770345663887354e-06,9.833690506383499e-06,2.780897601809381e-06,0
0.4317445570746317,0.5680859754184465,2.380517589657047e-05,1.6264980910488294e-07,9.826308332203682e-06,1.3572941007941109e-05,0.0001221004318759122,0
0.42950143460495016,0.569675203849739,2.908485330755031e-05,2.55899510229381e-07,1.699535817794447e-05,1.4441276225604044e-05,0.0007625841580893586,1
0.5618768605962111,0.43737790058946596,3.0021480543473563e-05,2.4185350825305594e-07,1.7837104772137044e-05,1.7016902557352807e-05,0.0006801214729416211,1
0.3856914918940305,0.6136202431398712,3.235846336459104e-05,2.2235698384677847e-07,1.6399203163683102e-05,1.3990066919264194e-05,0.0006252948756670196,1
0.4115454564590888,0.5875865162212099,2.6561716473493935e-05,2.2820409704514768e-07,1.8380365338233922e-05,1.3910960885346834e-05,0.000808946072907152,0
0.8049868235592038,0.19079037868625043,2.062382750049957e-05,2.1786636397970408e-07,1.7738868409571858e-05,1.2965129122534578e-05,0.004171252063149062,0
0.7930577686107131,0.2010341768960331,2.146048648775066e-05,2.267046774032876e-07,1.8458491557999242e-05,1.3555321577349135e-05,0.005854353488953415,0
0.8968313841807509,0.09500411477960828,1.6120981143607648e-05,1.8376957313644123e-07,1.302429752438895e-05,1.2672138404338319e-05,0.008122499852995346,0
0.9061735067486549,0.08615499088966097,1.550414979354358e-05,1.8568386595310077e-07,1.3159969163428252e-05,1.2804141668562748e-05,0.007629848417192582,0
0.7367939179241849,0.25588300189598673,2.3535162413204732e-05,2.0583757083231596e-07,1.7718428292837114e-05,1.4751629495564548e-05,0.007266869122055938,0
0.740235348645778,0.25291601672351505,2.728417349455456e-05,2.481967037110338e-07,1.8745011601680477e-05,1.2169591566738249e-05,0.0067901876573400665,0
0.8682819607616997,0.1221759439469766,2.2901496871930745e-05,2.0819258428538744e-07,1.5859718847266236e-05,1.0213459169382123e-05,0.009492912423850709,0
0.9026327905322781,0.07638781628069768,1.6721024200613672e-05,2.0120536052831974e-07,1.3385366264871081e-05,1.0567213980231426e-05,0.020938518377218142,0
0.9622027808405482,0.013452814487085869,1.806308027158386e-05,2.3315095133820697e-07,1.5113886759635943e-05,1.6392967093492153e-05,0.024294601587289615,0
0.0076924306609837635,6.952681033860518e-05,1.3741740847895577e-06,7.524620114716927e-09,4.35250652966459e-07,4.318662993752538e-07,0.9922357937130203,6
0.007314099067917896,4.697740742285709e-05,7.156482544407293e-07,7.1402405268337005e-09,3.528431373484304e-07,3.750996060685139e-07,0.9926374727934208,6
0.0065328124872306055,5.9946427246836575e-05,7.300762049600887e-07,5.669777846549638e-09,2.734794882680756e-07,2.9480500476985963e-07,0.9934059370550468,6
0.002875030266756137,2.1863359242260963e-05,1.4520704415331793e-07,1.8928428435170873e-09,8.811384992794613e-08,8.854940222937704e-08,0.9971027826108625,6
0.5800151044541075,0.0034880802926406523,1.1364021348370635e-05,1.0016261275336949e-07,5.0830543165465035e-06,6.045671299460854e-06,0.41647422234367476,0
0.9203159888723115,0.012414485053766347,1.2173445659816832e-05,1.473491072267599e-07,6.402592555030905e-06,7.0127014228284745e-06,0.06724378998517687,0
0.8366941411074238,0.013288652051881551,1.000292415558601e-05,1.3023778469600844e-07,5.047229140815561e-06,5.487246220032557e-06,0.14999653920339343,0
0.9189291214030944,0.016435038203048778,1.183942018047118e-05,1.473864543927388e-07,5.120360851307076e-06,5.997891001801469e-06,0.06461273533536896,0
0.9878632047454282,0.006802364280144056,6.558624338713476e-06,6.516830892008546e-08,2.0102314955448017e-06,2.860061734900516e-06,0.005322936888549579,0
0.9793004874242589,0.015963747917281883,1.282525729778433e-05,1.4217897861639908e-07,4.717599282933168e-06,6.766642461600516e-06,0.004711312980438464,0
0.9667838726801459,0.030080927171176962,1.784820206307492e-05,1.7542674141213512e-07,5.717979989357167e-06,8.348984138803286e-06,0.003103109555744731,0
0.9600684803779302,0.03647164523585715,1.797921656639704e-05,1.7361614879649737e-07,5.760706871286413e-06,8.26281364445271e-06,0.0034276980329816255,0
0.9631842417471841,0.03385290420515921,1.8533925193411653e-05,1.6244095628514093e-07,5.4793776066048415e-06,7.73095912629694e-06,0.002930947344774167,0
0.9708507276974864,0.016752269472939455,8.294624580796522e-06,9.457126273892553e-08,2.451260555011177e-06,4.2895641506564736e-06,0.012381872809025076,0
0.4780740046074828,0.07626031429807459,2.3527302125055022e-05,9.826610047078856e-08,8.525664157707943e-06,1.1547728688652992e-05,0.44562198213337073,0
0.2512820570716727,0.3942108507657206,1.8958702949132216e-05,1.5694216954033815e-07,6.80454320145605e-06,8.655322671887896e-06,0.3544725166516146,1
0.8158321810193748,0.13327531230814563,2.9057961714682628e-05,2.2075816911033838e-07,1.1249687090773566e-05,1.2507565240856905e-05,0.050839470700264115,0
0.20486446862155902,0.30225814079155994,2.08763169674067e-05,1.6281650077573578e-07,9.140593500300235e-06,1.212678985525482e-05,0.49283508407005727,6
0.45100142443790586,0.0632275143506128,6.2318234245817e-05,2.9916127910887086e-07,2.3334325038910223e-05,1.9437349758378354e-05,0.485665672141159,6
0.6652521729492751,0.09140426586344685,8.339798280852335e-05,4.4127951754809055e-07,3.1060913406001806e-05,2.8671171447522924e-05,0.24319998984009847,6
0.8663877875419383,0.13077934971365854,2.303535195550885e-05,2.061519611518732e-07,1.3857455457862537e-05,1.3171712478637559e-05,0.0027825920725498584,0
0.7629461181418925,0.23328104593449717,3.9599081405998524e-05,2.795709184922319e-07,1.6923202198851396e-05,1.8286781312373368e-05,0.003697747287774572,0
0.7813334138230339,0.21519188825270313,3.646987272971047e-05,2.5747859430889395e-07,1.5585892613099216e-05,1.684171863131348e-05,0.003405542961694624,0
0.8678550616490214,0.13195488757273802,1.7379838886428883e-05,1.7058710399944874e-07,8.255397278807062e-06,9.401874917457416e-06,0.0001548430800537648,0
0.8692798407499688,0.13063295137881384,1.762792812821996e-05,1.646816114620036e-07,1.1470271043182834e-05,1.2421867178397704e-05,4.5523123256397145e-05,0
0.8668235665480154,0.1330804405125607,1.7528085981417934e-05,1.637488775917729e-07,1.9566310021838742e-05,1.2351511440765927e-05,4.6383283102164154e-05,0
0.8233743953073437,0.17658018580478144,1.772404207653129e-05,1.723314901611833e-07,9.71421323534424e-06,1.3173746349566536e-05,4.634554723469928e-06,0
0.8193154584633574,0.18063915077621584,1.7917723122786942e-05,1.7378783965161418e-07,9.796306702313036e-06,1.3285075850433225e-05,4.217866911806561e-06,0
0.813534200713505,0.18641932787093984,1.8369252896817853e-05,1.7776753563314018e-07,1.0020639558369855e-05,1.3589300605641787e-05,4.3144549586640275e-06,0
0.766132896810461,0.2338307370756273,1.602366537190273e-05,1.4211104967904507e-07,8.010706797635477e-06,8.411378182364557e-06,3.7782525102060393e-06,0
0.9404294874995738,0.059552915004671275,8.715354908262964e-06,7.06672379375119e-08,2.7499637227773842e-06,4.182706867186006e-06,1.8788030186937842e-06,0
0.9331480922955726,0.06683150791306877,9.81596137819227e-06,8.119390946878876e-08,3.196373541469478e-06,4.805767603498012e-06,2.50049492606678e-06,0
0.9087993427676928,0.0911776966909259,1.142730369119943e-05,9.073598020795512e-08,3.614013666355544e-06,5.225341769428137e-06,2.603146273984778e-06,0
0.9087994457143431,0.09117770701932076,1.0966208694495218e-05,9.073599048631336e-08,3.961832720890734e-06,5.225342361342552e-06,2.60314656886306e-06,0
0.8508095829840776,0.1491635992361172,1.279245362612408e-05,1.1989194287688797e-07,4.446622065519626e-06,6.674924532667755e-06,2.78388763791853e-06,0
0.036944093619528856,9.504300808615369e-05,5.718221754970988e-07,8.578257244984223e-09,6.799631593259535e-07,3.8222871995850864e-07,0.9629592207800729,6
0.027444132337851933,7.12899688627263e-05,7.300625986098569e-07,9.231238779241648e-09,5.272462829616077e-07,4.0637531147805343e-07,0.9724829047778535,6
0.039629554084737784,0.00020820210260188703,6.876884462705018e-07,1.2417526274891917e-08,3.628512253244037e-07,4.111474416221287e-07,0.9601607697080209,6
0.031111509639251703,0.00017076684779857097,5.640403567953506e-07,1.0184824230492706e-08,2.9760967441803263e-07,3.3722211115471007e-07,0.9687165144559832,6
0.14429462191613662,0.0006916721059458758,2.5716259998398294e-06,3.251679198555097e-08,1.6875236414121104e-06,1.5479710189820891e-06,0.8550078663404653,6
0.023627820459365564,0.0001603279442138895,5.788743011571891e-07,7.319546169498174e-09,4.180591146133061e-07,3.3916937818437526e-07,0.9762105081740803,6
0.8771947685302234,0.021978834464813465,1.578077441201994e-05,2.395148356048881e-07,1.001682155090076e-05,9.582869755102774e-06,0.10079077702440975,0
0.9204130945631527,0.07639405641483818,1.4171351533395545e-05,1.6755403863271757e-07,7.323599016187938e-06,8.56389084472083e-06,0.0031626226265760817,0
0.8407652602304551,0.15772788654238182,1.1483838530375427e-05,1.7169894382499052e-07,1.3896397133179454e-05,8.823671012396374e-06,0.0014724776215430603,0
0.8523261081429457,0.14693577978488215,1.1562146419597643e-05,1.648174348509795e-07,1.3301752165993193e-05,8.470027769736609e-06,0.0007046133283817408,0
0.8202234493326739,0.17928707287902226,1.2723911765219253e-05,1.7586676235494384e-07,1.3614021379648518e-05,9.037856718658855e-06,0.00045392613167793294,0
0.6893102200522206,0.3103565569567321,1.612405081561033e-05,2.082498815635517e-07,1.3437636561051712e-05,1.1184070903915341e-05,0.0002922689828850819,0
0.6486323886144467,0.35105042629119443,1.5268219770253503e-05,1.9719641144787695e-07,1.3228656952647794e-05,1.0806564623029008e-05,0.0002776844566015411,0
0.761901973762376,0.23803484277095813,1.2739418049987456e-05,1.5029844218319152e-07,8.016414080557929e-06,8.395212160632312e-06,3.388212393250857e-05,0
0.7183753037533986,0.28156330310731414,1.331060314811557e-05,1.5377794644576936e-07,8.201999150893472e-06,8.663418997847948e-06,3.106334004377092e-05,0
0.6976018171979823,0.30235599350696896,1.5066279386044064e-05,2.2726643913085176e-07,1.2259568808011933e-05,1.0057927386659837e-05,4.578253028659424e-06,0
0.6610613642692317,0.3388934098283787,1.6886924367999354e-05,2.547298553710756e-07,1.1679396950191758e-05,1.1273351218661471e-05,5.1314999975475405e-06,0
0.8087403805619929,0.19122730667310553,1.2699676219956698e-05,1.438856617955241e-07,6.9903899982938175e-06,8.619709547777543e-06,3.859103473872137e-06,0
0.7009242414579989,0.29902046401409665,1.6375493155524594e-05,2.028067906872582e-07,2.0479534534969258e-05,1.4445743668103845e-05,3.790949754939683e-06,0
0.7051478377315961,0.2947975913936167,1.6091819789433076e-05,1.992935600056489e-07,2.035898303229036e-05,1.4195499434656516e-05,3.7252789707102167e-06,0
0.6116386760418313,0.3882969557962364,1.784214091647963e-05,2.209708925340227e-07,2.643501318370339e-05,1.5739556160035248e-05,4.130480779573255e-06,0
0.5509078132881503,0.4490502346485383,1.3419411387092145e-05,1.8447446061467663e-07,1.5078571903273347e-05,9.448196036942965e-06,3.821409523370093e-06,0
0.29911408205670686,0.7008519939261134,1.555618120734304e-05,9.445991480504462e-08,4.795077467287462e-06,8.952197835195759e-06,4.526100754917142e-06,1
0.5068630015295138,0.49267368339172624,2.6756384756352967e-05,1.6545825724213538e-07,1.1762889261780459e-05,1.7665076455334727e-05,0.00040696527002911237,1
0.5136835784581077,0.4859513647209747,3.28511589592858e-05,2.369242865441591e-07,1.7483762908046583e-05,2.0424834070332545e-05,0.0002940601406933993,0
0.5251792599481508,0.4747534988870061,2.1610822821508453e-05,2.1162101033916978e-07,2.275312549838747e-05,1.7293906108062356e-05,5.371689404683036e-06,0
0.5600815392079795,0.43985173073379374,2.3733602202736016e-05,2.1954436299574667e-07,1.9221787412238386e-05,1.7982312141463452e-05,5.572812107228906e-06,0
0.7143863106309785,0.285558020775501,1.897778892258007e-05,1.799948822912082e-07,1.2577093786961783e-05,2.0074995307214845e-05,3.858720621499144e-06,0
0.7016803621947212,0.29826008266730863,2.0098967312036426e-05,2.050521495027352e-07,1.3802216334441e-05,2.136221431219317e-05,4.0866878620150785e-06,0
0.6901948624138837,0.3097420035293888,2.301664179839894e-05,2.2107256498604783e-07,1.5112783339337842e-05,2.155792047388782e-05,3.225638550971972e-06,1
0.44069044365574067,0.5592468082346065,2.4590941440332304e-05,2.031912952528875e-07,1.1974714472909805e-05,1.8938578561658127e-05,7.040683882729129e-06,1
0.4255831783931615,0.5743571361827778,2.3991117052991948e-05,1.908547971709997e-07,1.1645633058029435e-05,1.9013249654576227e-05,4.844569497864401e-06,1
0.3763389275187029,0.6235922706542623,2.9281677275929475e-05,2.0680637031587267e-07,1.4876170755779868e-05,1.9090446544801477e-05,5.346726088125738e-06,1
0.36949711630675774,0.630435298772088,2.549611537545971e-05,1.0255314178460773e-07,1.4070158627643928e-05,1.8590210701529263e-05,9.32588330787582e-06,1
0.27412115102512247,0.7257723527449154,2.317528539586484e-05,9.321805671574869e-08,4.727577834366046e-05,1.8556182540978074e-05,1.7395765624894228e-05,1
0.24240765520103272,0.7567197448653126,2.1556469738703926e-05,1.6011982580225787e-07,0.0008125331624648099,1.948509662375216e-05,1.886508500175705e-05,1
0.1405614398715601,0.8577542837795683,1.718226721500914e-05,1.7381547561209714e-07,0.001634927621129737,1.625493683856809e-05,1.5737708212540992e-05,1
0.10207387161857404,0.8875942992760666,0.00014581572090482622,1.9486512467708255e-07,0.009373541229230377,0.0008049325752404065,7.344714858953652e-06,1
0.10037761095704184,0.8888701223173355,0.00014590909803217128,1.9586277516822674e-07,0.009755055421267896,0.0008437240259699908,7.382317577236318e-06,1
0.17916166975751643,0.8088930314611603,0.0011886242299874853,1.6648666112726645e-07,0.008929887501193395,0.001823579856455844,3.040707025244462e-06,1
0.17596043946003873,0.8101927876334188,0.0011322832011770331,1.5578902815855508e-07,0.0112263567922747,0.0014847623510305067,3.2147730321014205e-06,1
0.12833097990173492,0.860682827335052,0.001396686430960533,1.5282966721449827e-07,0.006951022742753768,0.002612429495578979,2.590126425267319e-05,1
0.1265731404949227,0.8623453479176033,0.0018356461052067227,1.8169501206010512e-07,0.00471294986353045,0.004520767322846772,1.1966600878168777e-05,1
0.3430158954220036,0.6476910548473434,0.00034121489772564876,9.327746767622514e-08,0.008076784745689515,0.0008733402452161986,1.6165645541841277e-06,0
0.06231910450659484,0.9351035762559943,0.00026757841439116714,1.0528500575298132e-07,0.0018051809443763826,0.0004974687033424777,6.985890295045311e-06,1
0.045321918621547296,0.9488645174090867,7.325615653094789e-05,1.2565138829519275e-07,0.005605946541779684,0.00012415473050435695,1.0080889162719673e-05,1
0.03972870160445624,0.9576381155942099,1.2637776136014772e-05,1.0671304991842646e-07,0.0026040512385205094,7.825589006882226e-06,8.561484620576897e-06,1
0.030844825433555795,0.9676983425760404,9.636439956117021e-06,6.288245683628376e-08,0.0014334706607292405,6.480474987974439e-06,7.1815322736640936e-06,1
0.18055551369537717,0.8193691100133952,2.9445625540704796e-05,2.3394255736150964e-07,2.4407069428128586e-05,1.665288329045209e-05,4.636770411123996e-06,1
0.14588008404453887,0.8540399316467606,3.2297510971861325e-05,2.1555944959375664e-07,2.5640728527578632e-05,1.7555855110710167e-05,4.274654640738323e-06,1
0.3683473348811673,0.6315966809473097,2.2120688777648698e-05,1.7652267126526552e-07,1.975627832492808e-05,1.0431980579667865e-05,3.4987011694094498e-06,1
0.33995590243532336,0.6599912235196271,2.2596040425410322e-05,1.8031596827769904e-07,1.586765038177705e-05,1.0656153488920713e-05,3.5738847851920084e-06,1
0.38217826224655743,0.6177707241110136,2.1811705372996247e-05,1.489744566449565e-07,1.5316865635442304e-05,1.0286265909154038e-05,3.4498310546471126e-06,1
0.4186584025395004,0.5812904863215795,2.185339156986087e-05,1.4925917434223431e-07,1.534613899418749e-05,1.0305924862837764e-05,3.456424318861645e-06,1
0.39772333287199446,0.6021964612454789,3.538451507332956e-05,2.2585771569684906e-07,2.323382059029682e-05,1.560301319901668e-05,5.758675948124809e-06,0
0.6218695492740528,0.3780743099792786,2.447531511932574e-05,1.9228851275283342e-07,1.4220268153155608e-05,1.324102547924445e-05,4.011849404192246e-06,0
0.7998062369631811,0.20016161316442,1.568288661702811e-05,1.3961372264626395e-07,7.272124267450754e-10,1.0411947585144768e-05,5.91469726153907e-06,0
0.8476265378720895,0.1523326861482104,1.8250180662974042e-05,1.3450438287181034e-07,8.274818830519056e-06,1.1224237298989852e-05,2.8922385247147395e-06,0
0.5126168599984016,0.4872219576962973,2.2469848527279308e-05,1.5352613185706967e-07,1.0496018982453385e-05,1.281158055051684e-05,0.0001152513311091472,0
0.3066031752747105,0.6925934779065237,3.49481539170551e-05,2.3054240353075567e-07,1.2032555286206222e-05,1.3003472077137253e-05,0.0007431320950817806,1
0.34400333463338256,0.6551941187794529,2.8461386527720947e-05,2.2476304098757003e-07,1.6395433133914797e-05,1.2936205648388319e-05,0.0007445287988135427,1
0.3439901241635884,0.6552280351608419,2.9927174373162695e-05,2.4109377629691325e-07,1.778107325703378e-05,1.5597085720243403e-05,0.0007182942484431831,1
0.5638272078535573,0.4226865228363251,3.678133198624019e-05,2.656128931739175e-07,2.322407043477998e-05,1.9164759951867797e-05,0.013406833534851604,0
0.5583264659668019,0.4212020655993008,3.750611760625239e-05,2.936339560108145e-07,2.5378750576637e-05,2.13591199231266e-05,0.02038693081183531,0
0.8867822692925771,0.1071457467720429,1.975427985927143e-05,1.96552851915726e-07,1.6003503762443726e-05,9.637387980288614e-06,0.006026392210926267,0
0.7803853859297476,0.144462281408101,2.9649958219958777e-05,2.228439791736931e-07,1.8250701513342943e-05,1.16975322691081e-05,0.07509251162617014,0
0.898850969154567,0.034634421365526136,2.353040135287346e-05,2.1989483330609328e-07,1.2165830873239383e-05,1.2945306371865996e-05,0.0664657480464756,0
0.9649082260852972,0.01883493688332966,3.3744234457123564e-05,2.8575083059296406e-07,1.745073073431279e-05,1.6350193255732734e-05,0.01618900612209532,0
0.9640209202364931,0.01323406320960888,2.3015085567604477e-05,2.3122915772435327e-07,1.4989307507917415e-05,1.6257844764839556e-05,0.022690523086899984,0
0.18687068225119677,0.0018675699298907186,8.488928342129258e-06,7.867730483048231e-08,4.807321835482355e-06,5.531843047124617e-06,0.8112428410483831,6
0.021108812917967186,0.0003614394525669609,3.434907472360515e-06,1.8335390812760175e-08,9.914924286146181e-07,1.0475497490718164e-06,0.9785242553444249,6
0.00673078257419396,5.871785520668654e-05,9.935169536966974e-07,6.3023029104249495e-09,3.203974947413395e-07,3.6171290961836157e-07,0.9932088176409385,6
0.004640185686080414,2.7229053776247967e-05,5.373554787473633e-07,4.173107092690995e-09,2.0621885124772198e-07,2.395103393315796e-07,0.995331598002367,6
0.005371348745882716,3.1737414103705426e-05,4.834840032642656e-07,4.823867106168175e-09,2.3837690025927535e-07,2.534131230524424e-07,0.9945959337421199,6
0.0027931150094082863,3.256038720088518e-05,1.5682291463787802e-07,2.2413449007657128e-09,9.319693594028155e-08,8.753394468343907e-08,0.9971739848082506,6
0.5823821382044718,0.0024423415338994062,1.1211545403635386e-05,1.8666395105935326e-07,5.9255005647088795e-06,6.458583921206983e-06,0.4151517379677883,0
0.9437309450305958,0.009974142739666497,1.1651765831105221e-05,1.4103462083014326e-07,6.158164867234297e-06,6.712179698799037e-06,0.046270249084719536,0
0.9415106034260592,0.009609074988128217,1.1740856122117385e-05,1.4211298230725158e-07,6.2052506659085485e-06,6.763501537167579e-06,0.04885546986450493,0
0.9426550598779545,0.012607513543697598,1.4351147240824834e-05,1.5569511956291539e-07,6.156998121103523e-06,6.8886925457062825e-06,0.04470987404532086,0
0.8367802853990204,0.01486700177075968,1.0256460893555883e-05,1.3353882572947554e-07,4.940978090098386e-06,5.62632740123772e-06,0.1483317555250094,0
0.8940024618244554,0.015682672766796298,1.1915689012109156e-05,1.3279121361322744e-07,5.329811746289212e-06,6.036529054343424e-06,0.09029145058772205,0
0.9828538667342946,0.008293651055797064,7.205750320732579e-06,7.354695653914645e-08,2.27172307256999e-06,3.482604601566967e-06,0.008839448584956801,0
0.9806266756352706,0.01473053873570118,1.4202719215779116e-05,1.3119556652758153e-07,4.353161885094183e-06,6.24391523893585e-06,0.004617854637121851,0
0.978442915051997,0.018313140467654098,1.3255376235617022e-05,1.4694721599711714e-07,4.666085363903925e-06,6.9935744443826474e-06,0.0032188824970888234,0
0.9705044919190638,0.026393825589747632,1.7912233730469428e-05,1.688705494351063e-07,5.20911011456029e-06,7.471636223079301e-06,0.003070920640570966,0
0.9529387008113257,0.037980751875537136,1.3786406129223144e-05,1.6439795413695877e-07,5.071145019498713e-06,6.982914149063339e-06,0.009054542449885137,0
0.8602134770785929,0.05910977932527687,1.317665250386772e-05,2.330327127627091e-07,5.008847222484894e-06,9.063630089679394e-06,0.08064926143360136,0
0.850287625431117,0.06358137034434966,1.3399252292533087e-05,2.029178217864783e-07,4.518300869818377e-06,8.959046460086322e-06,0.08610392470708918,0
0.771691666352201,0.15816389216890298,2.0418809811670748e-05,2.710878774609041e-07,7.3779289594116765e-06,1.3022353631537466e-05,0.07010335129861599,0
0.4345609472731019,0.06483569477909361,2.3971833079052433e-05,2.3923660728847765e-07,8.817571576842492e-06,1.1943107584187262e-05,0.5005583861989571,6
0.3535422525480833,0.28824026220509724,2.1061080166102554e-05,8.671218205035148e-08,8.570119178013062e-06,9.130799359940176e-06,0.3581786365359332,1
0.22642466768473693,0.26682550025976043,1.5407676836070172e-05,1.2537903879858997e-07,5.908598016677715e-06,6.914623649407527e-06,0.5067214757779618,1
0.22100626923530375,0.3037409129813179,1.6962700398372754e-05,1.3803294902950994e-07,6.504924720168702e-06,7.612483736537044e-06,0.4752215996415742,1
0.6190056696569847,0.3509598127281386,2.306224835567663e-05,2.300869876214792e-07,1.1245393910946686e-05,1.3160087463058942e-05,0.029986819798159446,1
0.08324079060642689,0.07674368227747835,2.2700031467247075e-05,5.0140222570330334e-08,3.298057118035953e-06,3.417680247314979e-06,0.8399860612070396,6
0.5373546250724169,0.0715951317639464,8.076491558728677e-05,3.4564541277302313e-07,2.4485265835230802e-05,2.0919012638194152e-05,0.3909237283241633,6
0.7285828571009759,0.26296654471461844,4.294728637624509e-05,3.430425683657266e-07,2.3676588153190286e-05,2.5882379038441717e-05,0.008357748888269219,0
0.8717191234315974,0.12164409813328206,2.4111896253434932e-05,1.7285894941801452e-07,9.888919202938137e-06,1.0091125365134696e-05,0.006592513635349546,0
0.8719675092896292,0.12578256571763247,2.0994779129225725e-05,1.6593750276692672e-07,8.506373172544768e-06,9.608806239675513e-06,0.0022106490966941543,0
0.8558635711411363,0.1440734443913043,1.9199644977228767e-05,1.7490496421577377e-07,9.859278282356458e-06,1.4782281037015193e-05,1.896835829873187e-05,0
0.8406756396010665,0.15929474420526069,1.2794321444995028e-05,1.1347057045185015e-07,6.396261741104039e-06,7.295340950658729e-06,3.016798965403961e-06,0
0.7864928148246448,0.21346821997370344,1.6833132596699645e-05,1.4929007110309357e-07,8.415383533553473e-06,9.598277023797173e-06,3.9691184265263644e-06,0
0.5959830611692347,0.40396978477148354,2.0746523131579282e-05,1.8399723852129004e-07,9.352393532681893e-06,1.1979280672552931e-05,4.8918647063976474e-06,0
0.9381529450937419,0.06182898793561222,8.588789530840798e-06,6.964100025297867e-08,3.005421362509187e-06,4.534030483567448e-06,1.869088268630779e-06,0
0.9403774869950915,0.05960458698935018,8.714872997755057e-06,7.066333043347043e-08,2.781814562537902e-06,4.182475586829439e-06,2.1761890807314225e-06,0
0.9154065389488035,0.08457152486688843,1.0558124321794343e-05,8.73327998466372e-08,3.398491838597047e-06,5.169120971900977e-06,2.7231143757192906e-06,0
0.9103558060549242,0.08962020686695077,1.1600888936945024e-05,9.450727070741202e-08,3.677681108944659e-06,5.868824557300303e-06,2.745176251107003e-06,0
0.8443615473952288,0.15561255031424465,1.2695503382615257e-05,1.0293971590590922e-07,4.412922424728007e-06,5.92813563068837e-06,2.762789372309325e-06,0
0.842316837105653,0.15765355166737346,1.3783964724230079e-05,1.1779408190605613e-07,4.361371794844027e-06,8.612921009061388e-06,2.735175363493487e-06,0
0.8287740993056332,0.171185259029666,1.7196060554031244e-05,1.2178825212398997e-07,5.5826596103810985e-06,1.1287228434950064e-05,6.453927849279996e-06,0
0.8343094995844536,0.16565105008029757,1.6640133059155602e-05,1.1785098767345857e-07,5.887698793628191e-06,1.0922326217479107e-05,5.882326190942472e-06,0
0.8533385641927022,0.14662517050972615,1.501673848897813e-05,1.0635356437768273e-07,5.3133008475037455e-06,9.85675510623089e-06,5.972149564766712e-06,0
0.038893821941401556,8.438871756540912e-05,1.0825524138218806e-06,1.0511336971285333e-09,6.01831076093746e-07,3.4387155082196536e-07,0.9610197600348587,6
0.019973428391023035,4.705261743059999e-05,5.300965355711358e-07,4.63774287080891e-09,3.6761479686570576e-07,2.0664786219164604e-07,0.9799784099946087,6
0.018921635551350093,5.742509087209799e-05,4.7059804071662865e-07,5.950452592928988e-09,3.4452317300797274e-07,2.619493530299028e-07,0.9810198563367585,6
0.021957820406877906,7.247953069773543e-05,4.464338218529015e-07,7.1624380236379554e-09,3.2857895142851127e-07,2.6157091696009953e-07,0.977968656316296,6
0.03796746407823076,0.00019300134761834577,6.675974144352972e-07,1.1510927484354019e-08,3.3635959770534625e-07,3.735074973622422e-07,0.9618381455987138,6
0.03744220366509127,0.00020744669719118347,6.851933534414724e-07,7.89913801675798e-09,3.610156888139065e-07,4.096557035555252e-07,0.9623488858738337,6
0.10437245219416633,0.0005337200885953738,1.951773282584156e-06,2.4679096352540406e-08,1.4594282505484493e-06,1.1574937479438552e-06,0.8950892343428608,6
0.01894931596587336,0.00045831886899487106,5.238933780450432e-07,6.6243427300701464e-09,3.7835226289966524e-07,3.0695539759019135e-07,0.9805911493397506,6
0.7242893056977554,0.028637824432228558,1.593233600027596e-05,2.757000651776781e-07,1.1438911763225195e-05,9.565490744032056e-06,0.24703565743144335,0
0.9124474657794325,0.08447129427892813,1.3831781099551813e-05,1.6475639234681297e-07,7.20131703627097e-06,8.36390985069521e-06,0.00305167817726054,0
0.9237413425509589,0.07213031226436453,1.2953401802902529e-05,1.6378861932352421e-07,7.308720086834095e-06,8.314780550111332e-06,0.0040996044936174375,0
0.9508671331552699,0.04657871137569811,8.293373815858869e-06,1.1807805549765062e-07,5.182946974787799e-06,5.994269463298549e-06,0.002534566800722267,0
0.9134419091347271,0.08455992247358413,1.2918995733271167e-05,2.5784987237531464e-07,7.730468595705858e-06,8.290788768752067e-06,0.0019689702887187785,0
0.9008013759609925,0.09707061072297085,1.4125238045828207e-05,1.7599822122557884e-07,9.57663212996937e-06,8.081289835706741e-06,0.0020960541578040276,0
0.8215465943783282,0.17781643498167857,1.2170783133083208e-05,1.7182737825783677e-07,1.3301328630192885e-05,1.0972101352626234e-05,0.0006003545994989854,0
0.7169483926668196,0.28274216676826897,1.1949684743894907e-05,1.6870590643997253e-07,1.589985679631772e-05,1.0772778604981327e-05,0.0002706495388596617,0
0.6854156158914372,0.3142879121277197,1.240507618127704e-05,1.622044911689925e-07,1.3116177657854722e-05,1.0568998121355162e-05,0.0002602195243915437,0
0.6758524044254224,0.32385778120769027,1.2197179801487374e-05,1.59486109918698e-07,1.120731693929728e-05,1.0391872530562754e-05,0.00025585851150608947,0
0.6964626555068741,0.30350017804471263,1.2526175915550466e-05,1.5818964927032258e-07,1.0256654960484393e-05,1.056178817011142e-05,3.6636397179003976e-06,0
0.6845438398983297,0.31541604602742135,1.2933543572935852e-05,1.6807617391054665e-07,1.1710438583971142e-05,1.1409406324465468e-05,3.892609593685569e-06,0
0.6778071355049736,0.32214103677477773,1.68253728205154e-05,2.08378448907607e-07,1.6056263620166976e-05,1.4842607827260913e-05,3.8950975317151175e-06,0
0.6733984368863313,0.32654315649439397,1.618966738010638e-05,2.0050538035526919e-07,2.398669938973483e-05,1.4281816298520318e-05,3.747930825916131e-06,0
0.49737885814391153,0.5025596961790452,1.8772005336035422e-05,2.3706652055888602e-07,2.5307270509743905e-05,1.245002270375267e-05,4.679311973230174e-06,0
0.5361978848407671,0.4637520940623547,1.6208228294922464e-05,2.2238599765687062e-07,1.752189486454713e-05,1.1679045667424787e-05,4.389542053687203e-06,0
0.5153457806744145,0.4846055562260507,1.577150540236202e-05,2.0619089588468617e-07,1.704977585998065e-05,1.1364359415885432e-05,4.2712679605648514e-06,0
0.6872001321937656,0.31275976342499123,1.4229759801250596e-05,1.7018868043636453e-07,1.3125950113690037e-05,8.716523743577124e-06,3.861958904134528e-06,0
0.27510610972915894,0.724852777541192,2.042514041399126e-05,1.2080733096501914e-07,6.883889993345509e-06,1.1449207094595699e-05,2.233684815985466e-06,1
0.3209097500103678,0.6790468440060544,2.160637731605739e-05,1.2779392075013737e-07,8.109404408255798e-06,1.1199543543012181e-05,2.362864389723889e-06,1
0.5581377732005162,0.44121449842989985,3.6613394805027934e-05,2.049166482660761e-07,2.1133985589397526e-05,1.971565373068071e-05,0.0005700604188105451,1
0.5078262334239497,0.4894045902808241,2.7920319133025653e-05,2.1952255982802888e-07,1.8541746103296154e-05,1.892466122651568e-05,0.0027035700462036266,0
0.4932028984265969,0.5005035720910828,2.8354317276628997e-05,2.044928277732244e-07,1.5117950640461071e-05,1.7628973950978723e-05,0.00623222374762438,0
0.5591779293019284,0.4407475204419769,2.4529627074619083e-05,2.2003665320545873e-07,2.4540487121165696e-05,1.9674797072605257e-05,5.585308173188051e-06,0
0.5475019513321678,0.45243165210447134,2.123209689110182e-05,2.0791238875190998e-07,2.27778829605148e-05,1.690111964318319e-05,5.277551477383977e-06,0
0.6955042866167691,0.3044381151494434,2.0646547594700577e-05,1.958222277204421e-07,1.2235755974006968e-05,2.0269694901365663e-05,4.250413089847609e-06,0
0.746538948104891,0.2533959369965207,2.3707262074802457e-05,2.1672932508269296e-07,1.4609629240814819e-05,2.2486291290511488e-05,4.09498665732963e-06,1
0.7376458988256659,0.2622991319880476,2.0751259572591135e-05,1.8970585753820852e-07,1.0761299660536782e-05,1.968252875097924e-05,3.5843924449994727e-06,1
0.39506565487054085,0.6048728991596922,2.5702078412181566e-05,2.0446588424353052e-07,1.0751862595423376e-05,1.7129659393988205e-05,7.657903481131827e-06,1
0.3901144075886517,0.6098233693112298,2.7845479813858494e-05,2.0198563703628996e-07,1.2020298530612526e-05,1.7028226571532373e-05,5.127109565477603e-06,1
0.3684325663242251,0.6314975034240209,2.80890240574858e-05,2.2722531206146557e-07,1.2986761339555894e-05,2.2859459294992852e-05,5.767781749648175e-06,1
0.30483698969610323,0.6950973239682783,2.649547050849543e-05,2.1433430873878184e-07,1.2958012343393931e-05,2.0510063795656053e-05,5.508454662195492e-06,1
0.268406770295656,0.7315264844521989,2.2861359167676347e-05,1.0916376271750427e-07,1.6080141923752056e-05,1.8511534054456243e-05,9.183053236525794e-06,1
0.2831653172124888,0.7167696047144976,2.2596132023508342e-05,9.562922113044421e-08,1.6362891091109192e-05,1.733508441674011e-05,8.688336260971666e-06,1
0.35470273574315403,0.6452371333417412,2.011557651471345e-05,9.231817810020902e-08,1.4408759207638883e-05,1.715719575092525e-05,8.357065453259611e-06,1
0.08448460501954531,0.8995537461657427,0.00023703165894485453,2.0393660153371984e-07,0.013169964747166345,0.0025467618416181695,7.686630381148857e-06,1
0.14041578146140207,0.8464048384348442,0.0018808619165216808,2.005339422541585e-07,0.006295610134752957,0.004989500168360956,1.3207350175839886e-05,1
0.5445926899824687,0.4349838871724614,0.0012538987675934214,2.5957836076568484e-07,0.01583762850110563,0.0033279509463722263,3.685051637862316e-06,0
0.5016981304350271,0.4899612258427917,0.0010908622269432176,1.0481417420607554e-07,0.00603320946206629,0.0012146497628981174,1.817456099399893e-06,0
0.08097186446766168,0.9153673898976444,0.0003104512386941316,1.0999610119650932e-07,0.002566040922809009,0.000776844995312794,7.298481776639473e-06,1
0.138823540223728,0.8611061360741353,2.819466328665598e-05,2.0547333322327812e-07,2.3224718421411337e-05,1.462634022667308e-05,4.072506868822787e-06,1
0.14533588333929032,0.8545816783627241,3.376153906982602e-05,2.2602170342154222e-07,2.5560675979327448e-05,1.8407934723449153e-05,4.482126509690531e-06,1
0.3716354383222661,0.6283062745726031,2.3943830990011483e-05,1.4977015646743432e-07,1.9594635715555917e-05,1.1128792895079259e-05,3.47007537374412e-06,1
0.35900526660504817,0.6409369413575914,2.595347473082072e-05,1.6234060342850584e-07,1.669986098522757e-05,1.121503673326422e-05,3.7613243078804447e-06,1
0.6513221597283322,0.34862828978750193,1.9361157651775504e-05,1.723587857589069e-07,1.1031429268976922e-05,1.291516548289823e-05,6.0703729764096986e-06,0
0.7047931097421581,0.2951639380978863,1.711491463562405e-05,1.5236206212560777e-07,8.364292207853707e-06,1.1416773662007292e-05,5.903817387768842e-06,0
0.7102781312857053,0.28967824489832644,1.7040121444009342e-05,1.5169623088134008e-07,8.692406230034336e-06,1.1313022637483537e-05,6.426569425793265e-06,0
0.28608034316758335,0.7138392731907963,1.9992832757117666e-05,1.6686138265556746e-07,9.039434981596e-06,1.1238966587514101e-05,3.9945545911436876e-05,1
0.2598738386879971,0.7392864414513123,3.2710625909999655e-05,2.1644388816866993e-07,1.1296720303358505e-05,1.2457397961800679e-05,0.0007830386726274456,1
0.2876732122964321,0.7114897596928449,2.9355113942869167e-05,2.270257394485878e-07,1.5069830184982908e-05,1.3066434944465676e-05,0.0007793096059111225,1
0.32603520863000324,0.6730885593951571,2.8984760699450156e-05,2.2578431720472042e-07,1.7843512750616124e-05,1.4599017357483855e-05,0.0008145788997147506,1
0.3235678207966575,0.6757081562525292,3.106777206665323e-05,2.1348776713357737e-07,1.5745083449220955e-05,1.258459546133083e-05,0.000664412012068916,1
0.35995795347164994,0.6392586759838402,2.388189645424007e-05,1.8355692640702236e-07,1.581693779663729e-05,1.2186085492955751e-05,0.0007313020678395479,1
0.35403962925679927,0.6448910419359822,2.1733545129810243e-05,1.934099845676976e-07,1.7538030323824903e-05,1.2380597033954444e-05,0.0010174832247462678,1
0.9036089677124391,0.08841789911259908,1.6116024539196738e-05,1.70790621703975e-07,1.3882170314471575e-05,1.2608216982288565e-05,0.007930355972504426,0
0.9029140193290337,0.09124674690501784,1.5568224540223418e-05,1.6792956146947115e-07,1.3649618169283031e-05,1.23688089279723e-05,0.005797479184749757,0
0.5869661882603427,0.38671147231582065,4.011481126150983e-05,3.1405731856876315e-07,2.7143939560009602e-05,2.2844728250021373e-05,0.026231921887446465,0
0.8141773185018841,0.12382159745070849,2.0491549044515958e-05,1.9147270543999333e-07,1.6548964907234735e-05,1.3927845856314008e-05,0.061949924214893835,0
0.8976505758544857,0.09667860652854567,2.2081730431275568e-05,1.9885753647862918e-07,1.6199640955278726e-05,9.70927881199804e-06,0.005622628109233333,0
0.9005570185915834,0.09286428560729368,1.8739270373834966e-05,1.7333840169858175e-07,1.408187643141164e-05,9.098884137966181e-06,0.006536602431778025,0
0.8272697867892059,0.16571707679329867,3.0460780345570933e-05,2.536302612801235e-07,2.0604724421216178e-05,1.3313566634143111e-05,0.006948503715833056,0
0.8595511339826681,0.0770897055853227,2.606391108061587e-05,2.158613540409052e-07,1.4804380915199391e-05,1.1631647576996461e-05,0.06330644463108201,0
0.9354615560961842,0.02691666734701146,3.182654734597649e-05,2.6951159169353145e-07,1.645900453433598e-05,1.5421010674598097e-05,0.03755780048265787,0
0.8459576495438776,0.025189770576495907,3.865398422441899e-05,3.265006407544102e-07,1.904410114240026e-05,2.0031114725802628e-05,0.12877452417889335,0
0.7540755189360618,0.032163431250175435,2.7888695475403715e-05,2.3556891030062507e-07,1.5270629666914168e-05,1.4335610972202007e-05,0.213703319308738,0
0.9658947702555506,0.013823149344482802,2.2895991888498074e-05,2.3003264116006858e-07,1.4055399344259589e-05,1.4614926042806174e-05,0.02023028405004982,0
0.32647656683966514,0.002644157095543511,1.1226185232401785e-05,1.1096542908298796e-07,6.780183070120116e-06,7.802038194705691e-06,0.670853356692865,0
0.24160159919785432,0.005435148882617572,2.0352304086165998e-05,1.2382606790471445e-07,7.565990743109754e-06,8.706276533840885e-06,0.7529265035220972,6
0.03874113675202926,0.0005336373441178066,5.2806361553232674e-06,2.58002460037806e-08,1.3951569852190261e-06,1.4740368232807248e-06,0.9607170502736431,6
0.04463693652147969,0.0006148486660921185,6.084267025175734e-06,2.9726643037881283e-08,1.607478226189599e-06,1.6983623514263274e-06,0.9547387949781823,6
0.003766669366031358,4.388481802960521e-05,8.47188591914402e-07,4.710243850322984e-09,2.332156146682825e-07,2.449132044224111e-07,0.9961881157882843,6
0.005061463496214964,3.7406926854564283e-05,5.544808324946173e-07,4.392805343495278e-09,2.1707549113154968e-07,2.5211964971636457e-07,0.9949001015081518,6
0.004925818054262399,3.7518440590585604e-05,5.545563686088247e-07,4.39340376895324e-09,2.1710506300875229e-07,2.5215399560812284e-07,0.995035635296316,6
0.004965309245376029,3.781923284302496e-05,4.351091902166772e-07,4.4286264966236145e-09,2.2076465556142294e-07,2.3264987335724064e-07,0.9949959785694354,6
0.005363080133642936,4.072880046691276e-05,4.783526763019936e-07,4.7834037337120786e-09,2.384501105453962e-07,2.5128745305414906e-07,0.9945952181922465,6
0.005746051482570265,4.993582009074715e-05,5.136638936556247e-07,5.124981061425686e-09,2.1170556108406892e-07,2.692315994152987e-07,0.9942030129713038,6
0.008926587248041514,6.967921509556816e-05,7.167539627428569e-07,7.151272515217253e-09,3.0951579560609477e-07,3.4034640512155514e-07,0.991002359769427,6
0.018887385310257368,0.00024239982417867937,8.519001878363142e-07,1.2927454205799596e-08,5.055417759645506e-07,5.491023495939725e-07,0.9808682953937963,6
0.6750132667559687,0.0036859081108347744,1.162303171899273e-05,1.9351489432062308e-07,6.142978379429167e-06,6.427909321233469e-06,0.32127643769888253,0
0.9580091349609777,0.009904023444553035,1.1946596646199447e-05,1.5554434459936505e-07,6.313988181366181e-06,6.8264227726755185e-06,0.032061599042524376,0
0.9435579112647872,0.012326467716394434,1.4031232450722267e-05,1.5222437463506238e-07,6.179221140037291e-06,6.465833136742949e-06,0.04408879250771616,0
0.8402453014663679,0.01308983230098153,1.2011715637528513e-05,1.3031470383222506e-07,5.3514095207031415e-06,5.490487017167105e-06,0.1466418823057711,0
0.978949371411362,0.01354850610034134,1.101776686707196e-05,8.89411004023239e-08,3.429901803155858e-06,5.368356947405081e-06,0.007482217521578664,0
0.9821890844757056,0.014346529425659617,1.179648690976797e-05,9.597158263004666e-08,5.735366228674381e-06,5.478402073603841e-06,0.003441279871840074,0
0.9785244497660904,0.019129043973693242,1.3014500942190545e-05,1.3794753217870842e-07,4.533087592150849e-06,6.5652576618368526e-06,0.002322255466487955,0
0.9735950971123521,0.023666584074276988,1.3990493518987189e-05,1.407703255941768e-07,4.5503128426276566e-06,6.6996012474450245e-06,0.002712937635436135,0
0.9637663849358149,0.03100826542077278,1.688457382132882e-05,1.7538219249106916e-07,5.409973236156616e-06,7.4494770927585e-06,0.005195430237069508,0
0.9248903123639762,0.02344047677317636,8.508412739957755e-06,1.2659198472813114e-07,3.0082076650746338e-06,5.589176261941526e-06,0.05165197847419564,0
0.7897243759943755,0.09280478965397666,1.9521678219180234e-05,2.810198258375655e-07,5.932135507406898e-06,1.1027773372845505e-05,0.11743407174472263,0
0.8594260579174283,0.040091908356192474,1.1706282902572487e-05,2.052329277375928e-07,4.301762341762664e-06,8.052228585591953e-06,0.10045776821962192,0
0.8107310999848502,0.06186126889493908,1.81903455411373e-05,1.7124894905826748e-07,4.780844333484804e-06,9.44433810021997e-06,0.12737504434328695,6
0.19630545116584458,0.22665725417050664,1.6917983481177943e-05,1.2260566376124114e-07,5.777900266860815e-06,6.761672687223704e-06,0.5770077145015498,1
0.5867243173490272,0.08256992398342691,2.1040573747076384e-05,1.4432396976628853e-07,8.570454472174008e-06,8.177008692118095e-06,0.33066782630666464,0
0.05456899543202888,0.027550651715273843,7.506189637585956e-06,4.707252334110283e-08,2.978884479798351e-06,2.667002807249816e-06,0.9178671537032492,0
0.2166208585832127,0.18792458801540593,2.529198016715766e-05,1.6728686546009625e-07,9.416821651088163e-06,1.2459748571633712e-05,0.5954072175641261,6
0.12659956570965997,0.11728359091760934,1.463299101110483e-05,9.678590534924454e-08,5.448219778081382e-06,7.045699695466434e-06,0.7560896196763408,6
0.08692119769864948,0.0091538732529132,1.2153245565944376e-05,6.124741451065496e-08,4.344454271848836e-06,3.874652284035679e-06,0.9039044954489011,6
0.7469184564054553,0.24979173450277192,6.129421277620613e-05,3.387533310838188e-07,2.3530314433353517e-05,2.5558758370473192e-05,0.003179087052861398,0
0.7722511658889876,0.22504468735053285,2.613304413478293e-05,2.596702985230454e-07,1.803708838434473e-05,1.781141127624918e-05,0.002641905546385542,0
0.8718438757666763,0.12790674758488302,2.09977906332911e-05,1.6469724820771395e-07,7.607059858588693e-06,9.536987840889022e-06,0.00021107011285985972,0
0.8677462397490336,0.1321670919309808,1.6502116933940384e-05,1.7259077080714646e-07,1.5207135266318923e-05,9.994071549765735e-06,4.4792405464598536e-05,0
0.8677422183789477,0.13216647943303445,1.7569737503296193e-05,1.7258997097497085e-07,1.520706479235309e-05,1.3560597866638647e-05,4.479219788451215e-05,0
0.8620725349969921,0.13783071222751905,1.926621477799255e-05,1.6732629591691678e-07,9.648576179146778e-06,1.4141761740251182e-05,5.352889649527065e-05,0
0.8041172071914685,0.19585182321499292,1.385730274142001e-05,1.1542956528328332e-07,6.506688996747683e-06,7.4212902180235885e-06,3.068882017046035e-06,0
0.9148869540244011,0.08509076874484237,1.107285009854168e-05,8.978265839962249e-08,3.5344881859847203e-06,5.17044147239746e-06,2.4096683409431944e-06,0
0.855240282689082,0.14473053033307823,1.3536786829966711e-05,1.0976114523066456e-07,5.537709182501542e-06,7.0568516083406275e-06,2.9458690736329555e-06,0
0.785043027909472,0.21490572458721077,2.7357246989940103e-05,1.4669889203492747e-07,5.731112052414265e-06,1.3898037711961608e-05,4.114407671061334e-06,0
0.8458610871057826,0.15409795665680617,1.6261833883205246e-05,1.1880975981822517e-07,5.93559793907912e-06,1.1011184379299431e-05,7.628811449988597e-06,0
0.8370351979711329,0.16292382436924338,1.607169665128463e-05,1.1742060783086406e-07,6.36648980285984e-06,1.0882438990981955e-05,7.539613570932459e-06,0
0.028128304057858967,5.6862261265715814e-05,8.529996839423736e-07,6.832397266972206e-09,5.035473883383888e-07,3.0443694879047744e-07,0.971813165864457,6
0.024891697689319585,5.55297278750854e-05,3.681210080709186e-07,5.7797435293009976e-09,4.5813649066949667e-07,2.5753295894512014e-07,0.975051683012604,6
0.025260909524210857,5.96779289654687e-05,6.704267470765547e-07,5.8654729054282885e-09,4.6493190560912516e-07,2.613528758308172e-07,0.9746780099698222,6
0.02433871943110204,9.024859424354282e-05,6.904754364468218e-07,8.730680954179286e-09,5.054946422778811e-07,3.8433987864644696e-07,0.975569442934016,6
0.018389119435858102,0.0004811883141969553,4.942239539852285e-07,6.249189231643763e-09,3.5270992697781895e-07,2.89571727094991e-07,0.9811285494951477,6
0.929770252357842,0.06688098483000866,1.1562116418055348e-05,1.3772142395995405e-07,7.904035818758945e-06,6.991471214577813e-06,0.0033221674672737006,0
0.9036123905924063,0.09401301080160572,1.3425027514752407e-05,1.5991137255338556e-07,6.989546657698743e-06,8.117950903671417e-06,0.0023459061695391688,0
0.9030625145286556,0.09382755331648399,1.3355045360889215e-05,1.5907778452042194e-07,6.953111460147341e-06,8.075633546141218e-06,0.0030813892867087135,0
0.9324725433306273,0.06435227165029182,1.315406547837615e-05,1.5668382526536897e-07,6.662641452755823e-06,7.954103454893819e-06,0.0031472575248695915,0
0.9299230628306167,0.06586074294629013,1.2761289476315531e-05,1.6135946494342434e-07,7.052841151162338e-06,8.191463767319627e-06,0.004188027269233487,0
0.8993053711511054,0.09905157711197193,1.2602509734327961e-05,1.7570593238975847e-07,9.186566950293746e-06,8.067868843258311e-06,0.0016130190854625572,0
0.8488803867117304,0.14869059728004738,1.1415036119181419e-05,1.9288146087914465e-07,1.3018952645966249e-05,8.420114772648622e-06,0.002395969023223854,0
0.8303679703835815,0.1689770014022312,1.0627587882318952e-05,1.664304407864384e-07,1.271163023885344e-05,7.633380327490057e-06,0.0006238891852977342,0
0.8106370294434493,0.18837285421709574,9.920575544435004e-06,1.4642110570678033e-07,1.2029517472637016e-05,7.524633741165147e-06,0.0009604951915910294,0
0.8322885766051195,0.16654781046443773,9.923802540664542e-06,1.5814495002155746e-07,1.299271324520218e-05,8.1271263536974e-06,0.0011324111433534088,0
0.8005970257444602,0.1991089124766988,1.145154687595244e-05,1.616731852975805e-07,1.2515282431338077e-05,1.0323701572313725e-05,0.0002596095747760333,0
0.6994397852102169,0.300485800944905,1.199949620229129e-05,1.5690126745973335e-07,1.2687348444627073e-05,1.0018988978231672e-05,3.955110998567175e-05,0
0.694713226665538,0.3052385133304168,1.5934217013260667e-05,2.627382199321346e-07,1.4317785945874451e-05,1.4056469160310237e-05,3.6887937058064818e-06,0
0.6717643621503728,0.3281885176623171,1.5080174314769585e-05,2.4865596799839703e-07,1.4997205356138299e-05,1.3303070054289687e-05,3.4910816169060925e-06,0
0.6024950339968629,0.3974446488326155,1.7498405634289874e-05,2.2127246027453119e-07,2.6128481616624485e-05,1.2332892999941967e-05,4.136117810503553e-06,0
0.6856410717818254,0.31432011566180146,1.5169054729999699e-05,2.032346792937184e-07,9.516114244189013e-06,9.208263286194837e-06,4.715889433693607e-06,0
0.6789232329967951,0.3210346154791531,1.5902724237591022e-05,1.8396583592182503e-07,1.1496454460881575e-05,9.634300696703675e-06,4.934078820783455e-06,0
0.4994928051633094,0.5004464444123061,1.8501510048580107e-05,2.3365050956396533e-07,2.494260529211254e-05,1.166136082347001e-05,5.411297710657503e-06,0
0.5454884711375874,0.4544438675894672,1.9114162242165876e-05,2.3412840398482464e-07,3.1050825045532255e-05,1.2295721632614074e-05,4.966435621026112e-06,0
0.5002293075408842,0.4997154246645248,1.719242927682388e-05,2.068813044966904e-07,2.3177782588469734e-05,1.0405131567467363e-05,4.285569853824974e-06,0
0.6727833041701525,0.32716770270222173,1.690774992935314e-05,2.335315597373546e-07,1.6976230231217142e-05,1.0286850086502626e-05,4.58876581899904e-06,0
0.6619026338510844,0.33804507431705577,1.73992787354127e-05,2.412958027786892e-07,1.928107058615851e-05,1.0628857840363416e-05,4.7413288949214e-06,0
0.13217517042845697,0.8678027584328862,8.642565010267507e-06,7.365768626863485e-08,5.146708574556105e-06,6.917064382657181e-06,1.2911430030936124e-06,1
0.19417037424440703,0.8057716844963932,1.0429201652449351e-05,8.410711836625205e-08,5.7767560081856865e-06,8.012999374557414e-06,3.3638195046152595e-05,1
0.6842560662714611,0.31566507642343455,2.2613163590824598e-05,2.028455149267631e-07,2.1081118183651623e-05,1.823427107999124e-05,1.6725906735001624e-05,0
0.7162890016449964,0.2836525966823123,1.943591184607307e-05,2.0401250156948156e-07,1.297186013608568e-05,2.172392052134585e-05,4.065967686196877e-06,0
0.4355371334214795,0.5643978999397012,2.637540144625023e-05,2.098223222457248e-07,1.2365502153073759e-05,1.8157393625172475e-05,7.858519272735547e-06,1
0.4364620013508798,0.5634761486017307,2.603540064579358e-05,2.0539552130182318e-07,1.0612991120573915e-05,1.720754214801095e-05,7.788717954138861e-06,1
0.3040884923766298,0.6958313047953024,3.2461050905986295e-05,2.408700150215375e-07,1.6461026708021188e-05,2.4849450334388577e-05,6.190430104428775e-06,1
0.37574241628235294,0.6241803260129544,3.1940995006363444e-05,2.5868049986354177e-07,1.713443849360669e-05,2.2139604968863514e-05,5.783985723902113e-06,1
0.2896647869014133,0.7102666248431335,2.5600232782584497e-05,2.308605190735872e-07,1.2640927036520424e-05,1.8538133633746742e-05,1.1578101481276075e-05,1
0.22264976447749868,0.7772579510171551,2.4531522481598242e-05,1.1341226279784659e-07,2.5744460242514502e-05,1.986391581073793e-05,2.2031194548586852e-05,1
0.26404592788305914,0.7358992976801777,2.0984819072678904e-05,2.2569899943823138e-08,1.1338160531996137e-05,1.722915934167971e-05,5.199727916877623e-06,1
0.22521586483623532,0.7736167453671909,1.89287766228551e-05,1.5009701621693615e-07,0.00111872610148365,1.3019354828048296e-05,1.6565466623149552e-05,1
0.08448460501954531,0.8995537461657427,0.00023703165894485453,2.0393660153371984e-07,0.013169964747166345,0.0025467618416181695,7.686630381148857e-06,1
0.07443661314665075,0.9206423014265075,0.0014733061477586436,3.659445588159323e-137,0.002709769028360596,0.0007305195108751475,7.490739847393493e-06,1
0.09568076626677803,0.8979371222883563,0.0016179497867685059,1.1429642415103403e-93,0.003959186886517681,0.0007958298312412379,9.144940338070892e-06,1
0.08128315443548231,0.9128974498876821,0.0011475059640239582,1.1762540003885878e-93,0.004074501409946592,0.0005879770087359867,9.411294129164094e-06,1
0.044656067928158336,0.9530110488856826,1.3210646532082675e-05,9.691975687193908e-08,0.002304435133781691,8.983390945690536e-06,6.157095142680311e-06,1
0.03283657162929709,0.9660179236887837,9.035961944934124e-06,9.815045749778606e-09,0.0011219833304070722,7.018883584248618e-06,7.456690937053733e-06,1
0.13969775921663463,0.8602275063990753,3.0196338427208946e-05,2.2006087622664672e-07,2.4291616544211574e-05,1.5664734667895497e-05,4.361633774726002e-06,1
0.274069223452244,0.7258661586913756,2.654449170726951e-05,1.9399284698095236e-07,2.1722908313023116e-05,1.2309485683149547e-05,3.846977829921057e-06,1
0.33093250513016503,0.6690085384544784,2.609358339015626e-05,1.6321699183267896e-07,1.6790014429342378e-05,1.2127970898252231e-05,3.7816296470139943e-06,1
0.24820419171660477,0.7517303991878442,2.6079620596149708e-05,1.7270464431933414e-07,1.774157904430751e-05,1.19247684148186e-05,9.490422851265176e-06,1
0.36822235641563084,0.631706049815275,3.118596656827368e-05,2.3805837093150746e-07,2.0893238474145746e-05,1.4097960489945997e-05,5.178545190701323e-06,0
0.5849666751586098,0.4149681226740679,2.1945868657994616e-05,1.953686521409801e-07,1.420826402570378e-05,1.4382095255155635e-05,1.4470570731332644e-05,0
0.7017723076702326,0.2981891997327918,1.6468777882824817e-05,1.333248150204279e-07,8.055373278896459e-06,1.0933704763329925e-05,2.901416235529339e-06,0
0.23595413217650427,0.7637788410853388,2.7828925671649076e-05,1.8414202444494597e-07,9.75611830017782e-06,1.1524633001871255e-05,0.00021773291915900433,1
0.3029035389280665,0.6962666210330948,3.173012808370701e-05,2.13738752635715e-07,1.5591261853228882e-05,1.118369099671309e-05,0.0007711212191524344,1
0.3007686450686324,0.6984093336754746,2.6874638837940146e-05,2.1223230093779173e-07,1.6772510220195718e-05,1.2475593386715252e-05,0.0007656862811471743,1
0.4457107631134718,0.5533844821492526,2.7574000650105553e-05,2.119345428775609e-07,1.82622118776385e-05,1.4346355553234254e-05,0.0008443602346517605,1
0.43326045249222284,0.5657887407898432,2.6084913479804205e-05,2.0782342822801342e-07,1.7275992077567107e-05,1.447622988341601e-05,0.0008927617590649336,1
0.7177590930384521,0.2802016925034702,1.803099930132403e-05,2.012114291011544e-07,1.7365926504571872e-05,1.2259104027337745e-05,0.0019913572168152537,1
0.8686099997768534,0.1267707045338486,1.5246804799572255e-05,1.738044840293766e-07,1.313343377359453e-05,1.0638327401848314e-05,0.0045801033188390145,0
0.8941502668651361,0.09230305297882571,1.499521723538864e-05,1.661735990637878e-07,1.326833875667781e-05,1.3463031935234911e-05,0.013504787394511874,0
0.7685045513812611,0.22715102214060792,2.1366452801117465e-05,1.7797230894741012e-07,1.2931301105969492e-05,1.3257530159935064e-05,0.004296693221755001,0
0.6586055704471812,0.3353267163719457,3.2090486310036246e-05,2.2419498339133358e-07,1.7561503820548923e-05,1.704156903743986e-05,0.0060007954267216924,0
0.564152465244391,0.4292357763969652,3.45499823609232e-05,2.2267118757505677e-07,1.7442142782025718e-05,1.6542924578953775e-05,0.006543000637734305,0
0.8167234328371277,0.1270697516696096,2.3827144885657607e-05,2.779331418376926e-07,1.893216998722812e-05,1.5933585380459195e-05,0.056147844659867815,0
0.8811477084632944,0.11339995962089243,2.4184182703410697e-05,2.0029344055786722e-07,1.5446187358327265e-05,1.1440851336211482e-05,0.0054010604009744455,0
0.8728069403780129,0.06997991257014201,2.8249422114718854e-05,1.8210820056930973e-07,1.2434128799299436e-05,1.0720790542256051e-05,0.0571615606021884,0
0.263511702997766,0.0039389243757069455,2.219799176611421e-05,1.3505547205574176e-07,8.252127105952914e-06,9.495821897781024e-06,0.7325092916302852,6
0.04463693652147969,0.0006148486660921185,6.084267025175734e-06,2.9726643037881283e-08,1.607478226189599e-06,1.6983623514263274e-06,0.9547387949781823,6
0.004026665210124657,4.655782556304141e-05,1.070077381182933e-06,4.99714300728749e-09,2.423905456873847e-07,2.6121514535280116e-07,0.9959251982840972,6
0.0067094922376620255,7.170942165779742e-05,5.751038790697406e-07,5.750890877587072e-09,2.4183210283122984e-07,2.736988462218652e-07,0.9932177019549612,6
0.010337722647793906,8.962698218578289e-05,7.573038011748517e-07,8.84893251813257e-09,3.7310825240765324e-07,4.2114216250338843e-07,0.9895710899668717,6
0.0076297601243703024,7.928233379030447e-05,3.6501381058495255e-07,5.118140529596405e-09,1.845680509723343e-07,1.955936572017403e-07,0.9922902072481801,6
0.9637488297322613,0.00910760576656865,1.2085538757262785e-05,1.5735336688768936e-07,6.3563581448600675e-06,6.683690547191426e-06,0.027118281560353716,0
0.9640991843779375,0.010489501248955698,1.2133608873324988e-05,1.5797923841571904e-07,6.412827459765786e-06,6.710274863106532e-06,0.02538589968267193,0
0.919937163241091,0.016344442709200744,1.127571921082216e-05,1.468095396936128e-07,5.431998634712116e-06,6.1854560381906285e-06,0.063695354066285,0
0.9859953035815201,0.01169452105229852,4.981061311216667e-06,7.095911400129732e-08,2.0897016614082043e-06,2.9774787659552306e-06,0.002300056165328653,0
0.9477644103030815,0.015910502776986572,7.042849466778264e-06,1.0478667636254651e-07,2.4137270277113435e-06,4.626447759319685e-06,0.036310899109001885,0
0.8757653345164006,0.029189561305268157,1.0894810178037337e-05,1.9276633389584837e-07,4.0035666773638695e-06,7.806174513350517e-06,0.09502220686062865,0
0.46785440269385936,0.06662673378007197,2.0770338092906494e-05,1.9443221130229664e-07,6.0208471370525705e-06,9.3400156312983e-06,0.46548253789299615,6
0.1733171608803115,0.015342929327303712,8.45184226106332e-06,7.284237530691434e-08,2.812507784444331e-06,4.017239371130616e-06,0.8113245553605928,6
0.2184497803457022,0.03248228700434402,1.4156281584340603e-05,5.806702721137039e-08,5.129857298066701e-06,6.948221181809545e-06,0.7490416402228623,6
0.2492703581302395,0.04086930349630659,1.5694642899364827e-05,7.161773102465134e-08,6.051589371502768e-06,8.416148836754213e-06,0.7098301043746154,6
0.1987514394481679,0.03146178515772244,9.584299581600667e-06,5.720389613131382e-08,5.120503870495156e-06,5.881194845801928e-06,0.7697661321919156,6
0.17381295252522413,0.04875266662026347,1.5351471383389522e-05,1.0294276583404713e-07,9.51536333899849e-06,5.708576272181808e-06,0.777403702500752,6
0.6168717011344403,0.09056138189345288,2.9554977097337948e-05,2.3427476130171677e-07,1.36463931518682e-05,1.2279141581981936e-05,0.2925112021855143,1
0.0433094588114189,0.009941172896823936,5.210848540973595e-06,3.619321359037936e-08,2.013930230611687e-06,1.7276582245302099e-06,0.9467403796615474,0
0.02045582829091899,0.01033591685105913,2.4861685777055186e-06,1.6444080124252352e-08,9.256612545186666e-07,1.0473635232477972e-06,0.9692037792205863,6
0.1709925450859553,0.11991758967225073,2.029944303232927e-05,1.3426509798840245e-07,8.431435666897821e-06,9.289108520103531e-06,0.7090517109894765,6
0.1619090748182147,0.09503060680329414,1.867849223594925e-05,1.235437635575154e-07,7.758168802525302e-06,8.54735477694211e-06,0.743025210818912,6
0.12061305928204656,0.20300729702850095,1.8953663620660427e-05,9.459165842410869e-08,6.526779311677667e-06,6.5001122598439586e-06,0.6763475685426019,6
0.7396098012983715,0.08048038567401392,8.938824271076975e-05,3.9315516582668774e-07,2.5608635001073946e-05,2.3045169731249933e-05,0.1797713778250057,0
0.8621004199597961,0.12850461662456003,2.3930872777189536e-05,1.8380728144361862e-07,9.910676240191651e-06,1.0643576788750215e-05,0.009350294482556072,0
0.8703501267237423,0.12217674111926564,2.251234223231491e-05,1.7657671138477477e-07,8.642167093337655e-06,1.022488212636629e-05,0.007431576188828695,0
0.8793356534053121,0.12043909914407423,2.1135816077541068e-05,1.920018490262087e-07,8.036065004157373e-06,9.618939431342625e-06,0.0001862646282514788,0
0.8725530135391614,0.12722364807826594,2.212954675212187e-05,1.8037781840848265e-07,7.68366160176474e-06,9.39546522414452e-06,0.00018394933117632102,0
0.8452425983198124,0.1327875561974566,1.711417315481791e-05,1.6811489912678032e-07,8.629064665473532e-06,9.734890936503782e-06,0.021934199239075042,0
0.859249554025252,0.14065008986750932,1.8697518231460844e-05,1.7074901651137893e-07,1.4950690403841941e-05,1.4431036650002179e-05,5.210611293664294e-05,0
0.8555279625535168,0.14438146062187457,1.9587881092054637e-05,1.7000946642295692e-07,9.63015579886335e-06,1.4368532779417255e-05,4.6820245471962705e-05,0
0.8525371523039846,0.14742030850685586,1.3523824399237667e-05,1.1994040292558432e-07,6.760961960361847e-06,8.525552318768297e-06,1.3608910078155019e-05,0
0.8382407036231468,0.16171475444825237,1.4772854969444298e-05,1.230559986265557e-07,6.936586049528895e-06,8.74701375715649e-06,1.3962417826171419e-05,0
0.8263756300161612,0.17358051401438754,1.4545348542276936e-05,1.211608990911615e-07,6.829760529876029e-06,8.61230710415067e-06,1.3747392375720572e-05,0
0.816529088537332,0.1834411760270061,1.2845834490767715e-05,1.1392743052955482e-07,6.4220146444729365e-06,7.3247137653042155e-06,3.0289453307942596e-06,0
0.8129985670338479,0.18697225648718202,1.2604362826095018e-05,1.1178586111095253e-07,6.301295778924121e-06,7.1870262661051415e-06,2.972008237937027e-06,0
0.7138715913676347,0.28608699648183283,1.8931527167778332e-05,1.6337142479526803e-07,8.304004282670246e-06,9.669753627520764e-06,4.343494029653039e-06,0
0.9202057983092424,0.07977394019022338,9.842566974903028e-06,7.980707953406788e-08,3.1417779869646957e-06,5.055413776555091e-06,2.141934716172169e-06,0
0.9055514443078054,0.09442515271563759,1.1160426186200166e-05,9.049275687402127e-08,3.9052980812104435e-06,5.818032925472845e-06,2.4287266072410565e-06,0
0.8828514808528848,0.1171230521734985,1.1771952267137289e-05,9.545123068506536e-08,4.900936396923386e-06,6.136827101816832e-06,2.5618066204067114e-06,0
0.8454001093695128,0.15457115394275459,1.328335755135141e-05,1.077062493232977e-07,5.530169424701254e-06,6.9247365920623235e-06,2.8907179152669827e-06,0
0.849716026849075,0.15025516618546841,1.3593342417581465e-05,1.1616507457386114e-07,4.792022707999012e-06,7.608085398486587e-06,2.6973498577475916e-06,0
0.8168744185991271,0.18308411748628567,1.9732395041189082e-05,1.22820829913526e-07,6.658778290844285e-06,1.1181193436086801e-05,3.768726988862936e-06,0
0.8391229592828698,0.16083497298834354,1.890171614615651e-05,1.1591515459366447e-07,6.164487934227766e-06,1.0742914904790889e-05,6.1426946469682035e-06,0
0.01812633281205604,4.027791592067392e-05,2.680686544841867e-07,4.208855341569957e-09,3.05734772155196e-07,1.8753755497825256e-07,0.9818326237221864,6
0.01781548571388876,3.5638483035870986e-05,5.920869406635933e-07,5.18008853803035e-09,3.5385809725441084e-07,2.2959036936063068e-07,0.9821476950875795,6
0.033401545934956076,0.00017174014138139211,7.391682022851543e-07,9.469117877248774e-09,3.9428855536723946e-07,3.4581044021337163e-07,0.9664252251873469,6
0.015789249206472684,0.0001304345591164764,4.772696727324027e-07,4.38811815327257e-09,2.408594430110209e-07,2.4929525717781947e-07,0.9840793444219197,6
0.11330123331478485,0.003948385212739379,3.1100175694733766e-06,2.9949200322910833e-08,1.818021478482016e-06,1.8221964994337137e-06,0.8827436012877281,6
0.13354304668022937,0.004183994834143149,2.6909643750559035e-06,4.859049328700066e-08,1.564296336546443e-06,1.576668219645463e-06,0.8622670779662029,6
0.4278386624373509,0.015871454391401776,8.510486041955123e-06,1.5367305443504545e-07,4.906976265214165e-06,4.986395583853907e-06,0.5562713256403018,6
0.9141709733716066,0.08093747905157118,1.259557486445672e-05,1.6935012999342598e-07,7.201248719916043e-06,8.597112380847352e-06,0.004862984290727185,0
0.9336384798324334,0.0616376380116254,1.3031870146531044e-05,1.6478080823722245e-07,7.199116137124591e-06,8.365149331017645e-06,0.004695121239518385,0
0.8427284518585565,0.15631380070695813,1.087750744581091e-05,1.7493873131383164e-07,1.2593257349502063e-05,8.023615534616095e-06,0.000926078115424274,0
0.8080966953780687,0.1913015633848502,1.0074814756168254e-05,1.5994840742606654e-07,1.2216545259906043e-05,7.336079991677759e-06,0.0005719538486658137,0
0.8105221033012339,0.18888376068748877,9.947482214489667e-06,1.5792686779998718e-07,1.2062144033072274e-05,7.243361491744463e-06,0.0005647250966702617,0
0.809858892212264,0.18954562688854262,9.245319388713794e-06,1.5848025817962963e-07,1.210441090354689e-05,7.268742901644142e-06,0.0005667039457413114,0
0.8293953248513023,0.17031110295900867,1.0174981001293404e-05,1.6214771055008195e-07,1.4011868154734894e-05,1.0354002559371875e-05,0.00025886919026316227,0
0.7297203311266777,0.2702089880777575,1.0794026499672987e-05,1.5239029847166235e-07,1.158943832945722e-05,9.730939370319952e-06,3.841400106693763e-05,0
0.7616762851217869,0.23826431823311975,1.2389203619662655e-05,1.569876348017135e-07,7.3130651246407445e-06,8.815410443921774e-06,3.072197827016216e-05,0
0.7800988812085214,0.21985970204951746,1.256984676618639e-05,1.525794873543916e-07,7.10771729962254e-06,8.711054819549077e-06,1.2875543588523108e-05,0
0.6702621729528524,0.32969054048226354,1.5568005363380622e-05,2.4945742324324963e-07,1.4620820372123126e-05,1.3345947831780719e-05,3.5023338932725137e-06,0
0.6779836888561244,0.32197013189496493,1.5203447247400896e-05,2.4361584456235896e-07,1.4278442616943466e-05,1.3033423941664255e-05,3.4203192603210955e-06,0
0.609913405868335,0.39002436333581514,1.8041947242711307e-05,2.1714130683558307e-07,2.444603250010478e-05,1.5466778245808476e-05,4.058896554430579e-06,0
0.6856397902209109,0.3143195281526929,1.5169026376873767e-05,2.7269832619743424e-07,1.1315774999824797e-05,9.20824607463794e-06,4.7158806190239136e-06,0
0.7019847866539312,0.2979756140963936,1.1970993652924765e-05,1.5279277348749455e-07,1.3204730659291872e-05,1.0394345357834885e-05,3.876387231635796e-06,0
0.5746016789074946,0.4253389797931935,1.8480779761733955e-05,2.1393761721628548e-07,2.4541434332451855e-05,1.0677501849785286e-05,5.427645750613138e-06,0
0.6619041453386552,0.33804584625978884,1.746992318009837e-05,2.0894120595656844e-07,1.6959315336062456e-05,1.0628882111888707e-05,4.741339721981645e-06,0
0.17537093473556806,0.8245888496052187,1.947932413820888e-05,1.1521316918475179e-07,7.311069075834289e-06,1.1179802086495006e-05,2.1302507435087914e-06,1
0.31127145667811884,0.6882856523404022,2.4561003895584956e-05,1.444342637486231e-07,1.1942673155533273e-05,1.3126407772353538e-05,0.0003931164623919696,1
0.7412233180240694,0.2587048141316075,2.1665921508545266e-05,1.9434852567674e-07,1.4680542190471275e-05,1.9301756332529717e-05,1.602527576578591e-05,0
0.591777215669899,0.40816172155270736,2.1543006897663945e-05,2.1095693223165895e-07,1.4165757708245848e-05,1.9788223100955737e-05,5.35483275454097e-06,0
0.32089937368991583,0.6789924149610367,3.425559061322782e-05,2.5418599815134733e-07,1.741595740094292e-05,2.6223198998821456e-05,3.006241603630952e-05,1
0.3360975920368462,0.6638219166767468,3.3647532441090076e-05,2.5100076953363213e-07,1.6573271552845835e-05,2.2030939883249897e-05,7.988541760198962e-06,1
0.2816113868156834,0.7183027492911095,3.139832349600111e-05,2.3422232739830836e-07,1.7222887299078364e-05,2.5261757414681657e-05,1.174670266999563e-05,1
0.2307418436559368,0.7691703061886286,2.4276263283960517e-05,1.1591997769515311e-07,2.1998795305463903e-05,1.9657224717040188e-05,2.1801952150456393e-05,1
0.20270580666791266,0.7972358286867203,2.0833012544876652e-05,2.1693795566748186e-08,1.5243304846594453e-05,1.710452167634871e-05,5.162112503666588e-06,1
0.24682236563622315,0.7516090474510696,1.938184237629007e-05,8.51626191490566e-08,0.0015198852642555754,1.4686301047682923e-05,1.4548342408622284e-05,1
0.17811701783177952,0.8198652869036839,1.7012213618106472e-05,7.475061663970227e-08,0.001974947891457687,1.2890750313223138e-05,1.2769658530894235e-05,1
0.17047373396372206,0.8132355749670336,0.0020313970734272425,2.552675641863045e-07,0.009086454607596337,0.005155771963717759,1.6812156938845072e-05,1
0.08078140249903763,0.9176648846684671,0.0001631809754932661,1.010699595105142e-07,0.0009392532589140365,0.0004411836806093246,9.993847519356921e-06,1
0.034708661736794044,0.9637761816896837,9.834890373267712e-06,1.0682858067125675e-08,0.0014924355422526656,7.639468936952983e-06,5.235989101301958e-06,1
0.05091734073358453,0.9490520572765282,1.165717390465053e-05,9.28991241358962e-08,9.606273415697649e-06,7.500039759907858e-06,1.7456036829147285e-06,1
0.10207662883013799,0.8978464106538592,2.77250475515712e-05,2.1013166817131136e-07,2.2939615741341254e-05,1.7104832380923205e-05,8.980888661073531e-06,1
0.35386000186170347,0.6460896663681251,2.227639238573164e-05,1.3934022398223544e-07,1.4333828512462007e-05,1.0353788306213277e-05,3.228420742939404e-06,1
0.6761404610297042,0.3238167461828543,2.0056070488112887e-05,1.4349334881734406e-07,8.669747545387538e-06,1.062963114292752e-05,3.2938449163598852e-06,0
0.4059583907063022,0.59397260706722,2.7487378289039565e-05,1.6700618290857622e-07,1.087810515250155e-05,1.3820044356190172e-05,1.6649692497035067e-05,1
0.30323818167703,0.6964247857809299,3.06201593365538e-05,2.0261141934070603e-07,1.1796489858170905e-05,1.1661272137033263e-05,0.0002827520092890199,1
0.3043633372642018,0.6953012781992001,2.9386243245059867e-05,1.9444668420993647e-07,1.4183993930086423e-05,1.1191351939067544e-05,0.0002804285007995618,1
0.3459464238246527,0.6532308873341768,2.507405594617889e-05,1.9271989772073458e-07,1.6606502920319888e-05,1.3007654114827556e-05,0.000767807908291536,1
0.42036563740596405,0.5786119770479943,2.65897757054046e-05,2.0436976232972659e-07,1.7610361436947475e-05,1.3834277484468845e-05,0.000964146761652347,1
0.705475938697706,0.2930787866750693,1.9395001098940586e-05,2.1575950170228752e-07,1.8188455409273026e-05,1.2839750698021798e-05,0.00139463566051678,1
0.6922052563922896,0.30553562423269703,1.8334665098431127e-05,2.2008065389400819e-07,1.7055363543002517e-05,1.2814746577018609e-05,0.002210694519141086,1
0.9030513468192506,0.08399004997802359,1.5993878346908116e-05,1.6870151213222348e-07,1.3470183135859623e-05,1.2132097707294275e-05,0.012916838342023626,0
0.806883835195652,0.14025340354813084,2.3814318017133257e-05,2.7864202293795996e-07,1.8833265378449648e-05,1.5850345845342205e-05,0.0528039846849533,0
0.8478051594031354,0.1465928233510911,1.84874017179048e-05,1.816896054049581e-07,1.4768059401835765e-05,9.542255401429876e-06,0.005559037839646845,0
0.8411521874781063,0.10304609071103156,2.0218615911715047e-05,1.6745060992713735e-07,1.143332614811508e-05,9.023043934286068e-06,0.055760879374258124,0
0.8802283738262527,0.09476981930206695,3.248914187525237e-05,2.0943929900288163e-07,1.4272514009068888e-05,1.2329784429846457e-05,0.024942505992067127,0
0.8070558148859979,0.047886701148342425,2.9708059818384557e-05,2.329792122228569e-07,1.3741790876362582e-05,1.33306879161382e-05,0.14500047044783662,0
0.7904369921635646,0.01692206548175377,4.630131766052376e-05,2.5327596421160707e-07,1.5475607302267062e-05,1.5727717875198302e-05,0.19256318443587953,0
0.053850313506000336,0.0006038281544808676,6.338522720459833e-06,3.096889099688514e-08,1.674653202626811e-06,1.7693352884653233e-06,0.9455360448594162,6
0.05042868662247295,0.0005761144042840109,6.047605124139822e-06,2.954751953119179e-08,1.5977920622848773e-06,1.6881285480456625e-06,0.9489858358999891,6
0.004026665892941041,4.6557833458022604e-05,9.237066972614144e-07,4.997143854671352e-09,2.205721567457556e-07,2.5983081838181293e-07,0.9959253671667847,6
0.014359471059148872,0.00016820994555843518,1.030699818616327e-06,1.2043506354039192e-08,4.995131013864069e-07,5.731796801105832e-07,0.9854702035591861,6
0.008041533515979868,9.081583334472442e-05,3.7995619837635235e-07,5.16018668125992e-09,1.8505380293111222e-07,2.205214128160533e-07,0.9918668599590745,6
0.6257823294324153,0.0022397326618403116,9.402627441813184e-06,1.2862218006306959e-07,5.0272909297987255e-06,5.157944925499755e-06,0.37195822142026713,6
0.7447614888593682,0.003897536997285264,1.1881615022936642e-05,1.9782011536325482e-07,6.279644241126263e-06,6.570914181748508e-06,0.25131604414978537,0
0.8529259202725715,0.013593894878846585,1.210591801702369e-05,1.3133670231725835e-07,5.089816543958777e-06,5.533546389967155e-06,0.1334573242309285,0
0.9291627325441821,0.014937105050964244,1.1421305531946563e-05,1.4870506940576157e-07,5.762909446314955e-06,6.5262653863657625e-06,0.05587630321941976,0
0.9624323363826797,0.019607484817189047,1.2423633060944801e-05,1.5522795563879992e-07,3.4495672876503566e-06,6.186503320580308e-06,0.017937963868506886,0
0.9663072623724486,0.019404933314942082,1.2003995619486174e-05,1.6842676907160008e-07,4.803933198185426e-06,5.964126662759677e-06,0.014264863830360085,0
0.9870282841448498,0.008470762754290125,4.084066945427477e-06,7.032342485439514e-08,1.6346477608226702e-06,2.7339185583012544e-06,0.004492430144170351,0
0.8082873886186698,0.020299826063982382,7.883397734588807e-06,1.1098825629980225e-07,2.658324663471432e-06,5.490554047999533e-06,0.17139664205264543,0
0.7727052548548463,0.022783388236186308,8.680647523514247e-06,1.4186081034013034e-07,3.2282933564185005e-06,6.8769386870823956e-06,0.20449242916858998,0
0.729377175475419,0.02376869935361456,9.056058696897563e-06,1.4792780768495644e-07,3.367907065381538e-06,7.174345028580474e-06,0.24683437893236782,6
0.1443024177077814,0.015478378580023728,9.956933984382673e-06,7.57722750322933e-08,4.084445642176722e-06,4.2018670067199826e-06,0.8402008846932865,6
0.23045777972685508,0.18597468019615593,2.0084839434048896e-05,1.0805705675037275e-07,6.489942078209249e-06,5.818459546241044e-06,0.5835350387788737,6
0.3612128780889881,0.048997574696531924,5.2704844808542473e-05,2.3654942052063213e-07,1.7278976672667342e-05,1.3939448109569113e-05,0.5897053873954687,6
0.680862913453374,0.31739601577887294,2.8285760249359046e-05,2.4320064729405874e-07,1.4341671118080166e-05,1.5112797197430914e-05,0.0016830873385408084,0
0.718431694452691,0.2759130763455436,3.27120255491727e-05,2.4743321004624184e-07,1.505101399601781e-05,1.5375814024116415e-05,0.005591842914985937,0
0.832944665872073,0.1461926424737715,2.3146342970009613e-05,1.8154952870082266e-07,9.306684834217156e-06,9.987455602850912e-06,0.020820069621219624,0
0.8747911674124831,0.1217100336979332,1.8752910248638036e-05,1.759021995187454e-07,8.609154561804194e-06,1.0185823723540127e-05,0.0034610750988503564,0
0.8796782911155695,0.1173632361773083,1.272204307847308e-05,1.7892781440991663e-07,8.090568903965903e-06,9.324224863304723e-06,0.0029281569424620146,0
0.831293272120635,0.16864978862725033,1.3412790589725369e-05,1.1895566373804958e-07,6.705452857295628e-06,8.455555509862481e-06,2.8246497494059468e-05,0
0.8190174909223352,0.18095253375388978,1.3085951010702233e-05,1.1292646612567952e-07,6.3655909365879804e-06,7.4085222911678565e-06,3.002333070311278e-06,0
0.8190179726217424,0.1809526401798565,1.3085958707112765e-05,1.1292653254259049e-07,6.365594680465754e-06,6.8203836447568565e-06,3.002334836112468e-06,0
0.8774629316634921,0.12251078287984357,1.1810238156197756e-05,9.576166646884739e-08,5.03704987964498e-06,6.772268584744612e-06,2.570138377267217e-06,0
0.01683819153451747,3.845054505812291e-05,5.648959426229891e-07,5.075453854227459e-09,3.580161805677969e-07,2.2615132357381393e-07,0.9831222037815239,6
0.01790801883770632,3.521647380440005e-05,4.4661227743166387e-07,4.648557970573747e-09,2.9677961941539923e-07,2.0712975981039104e-07,0.9820558095182746,6
0.012921428099917798,3.3391076893131733e-05,2.1331482412524978e-07,3.3491839569351e-09,2.0966477668464323e-07,1.4822248809617862e-07,0.9870446062719163,6
0.02217809799036479,7.14023179616993e-05,4.5523396221149805e-07,6.204263381011411e-09,3.6763073719666066e-07,2.7312254879810576e-07,0.9777493975001619,6
0.017113283834856174,0.00012352372192882412,5.376407146268514e-07,6.9412780799033816e-09,3.159637494898832e-07,2.5152836881641026e-07,0.982762080369104,6
0.01946955326628717,0.0002548149954301861,5.065043731864204e-07,6.404468357257462e-09,3.61474022131003e-07,2.9676697161696323e-07,0.9802744605884474,6
0.01735977437493979,0.000474535613019072,4.6287025317422275e-07,4.492237473082322e-09,3.359154027640953e-07,2.712012187020816e-07,0.9821646155329291,6
0.9136423090598806,0.07885853830085275,1.1039066869328033e-05,1.5074712232909878e-07,6.707451047045305e-06,7.652724871264728e-06,0.007473602649356449,0
0.9389929398041444,0.056179528119991426,1.2052142320837628e-05,1.6844531741757314e-07,7.225727423260478e-06,8.551179287093526e-06,0.00479953458151575,0
0.908589220515286,0.08850133869687636,1.235007275271466e-05,1.76267715171618e-07,9.425696260613779e-06,8.948285758649363e-06,0.002878540465350524,0
0.8779393261942625,0.12094665266867821,1.3081867858674906e-05,1.9074006401055966e-07,9.616533652823733e-06,7.4233468559344035e-06,0.001083708648627817,0
0.8704252548746779,0.1290002639802906,1.302253388541444e-05,1.8910756572541015e-07,9.534228056572866e-06,7.29475556189465e-06,0.0005444405199619451,0
0.8469936239645853,0.15168967368063807,1.198336719430557e-05,1.8728646153794436e-07,1.3128748597740202e-05,8.589947754470294e-06,0.0012828130047685476,0
0.8465462491575817,0.15154545980894998,1.1569363434832134e-05,1.8464840023790413e-07,1.2943820956365339e-05,8.46895230955478e-06,0.0018751242483674177,0
0.8704885664654748,0.12837998539965842,1.1284425651903766e-05,1.8148303892079164e-07,1.2473188981867272e-05,8.32377209676877e-06,0.0010991852650972752,0
0.8593028444431422,0.13981128194679476,1.113942150895862e-05,1.7915099355760117e-07,1.2312909306684745e-05,8.216812161350254e-06,0.0008540253160925706,0
0.7881408636625812,0.21178563498308722,9.135598627889771e-06,1.5659946058119471e-07,1.1960759276401911e-05,8.92462883058208e-06,4.332376813621795e-05,0
0.7657268060615445,0.23420879822209728,1.012341731356966e-05,1.4292262354690458e-07,9.281633224304328e-06,9.126377455324765e-06,3.572136574154108e-05,0
0.8187186055364591,0.18124434668769732,1.3764831070925522e-05,2.2542277654821285e-07,8.824419882584636e-06,1.006438960468192e-05,4.168712508872865e-06,0
0.6856173168467007,0.31432709440042655,1.684379793088967e-05,2.981808676492054e-07,1.830772510204289e-05,1.595264735898811e-05,4.186401613211874e-06,0
0.6365529576591088,0.3633923118807852,1.7810769316590935e-05,2.921746404987929e-07,2.0420718835935354e-05,1.2136533240159075e-05,4.070264072884323e-06,0
0.7183989808756672,0.28156337180466084,1.1380918288503271e-05,1.4526129747885294e-07,1.2553841812319205e-05,9.881986292015088e-06,3.6853119813546754e-06,0
0.5905061407765246,0.409437644031891,1.8810286357992285e-05,2.1078078076153406e-07,2.177626216588324e-05,1.0519945981286476e-05,4.8979162983296896e-06,0
0.7511972712100298,0.2487649838502452,1.478896596188954e-05,1.5375800738427605e-07,1.1491403839085486e-05,7.821701453116397e-06,3.489110463616989e-06,0
0.7430560189105808,0.2569021017667795,1.4927610223906605e-05,1.9267856138008586e-07,1.4533153873494953e-05,9.141536048288629e-06,3.0843439328348594e-06,0
0.8054427341986095,0.19443183190557128,1.0921489316753284e-05,1.7849508567241586e-07,0.00010503511618144303,6.6448230312445745e-06,2.653972204219862e-06,0
0.41042681142900167,0.5893236180844608,1.706403246026924e-05,1.454310321002039e-07,9.56963751832762e-06,1.3216995611401187e-05,0.00020957438991539202,1
0.5827821429052212,0.4161797784414594,2.6105881844117004e-05,2.0525660833904633e-07,1.6429954227435832e-05,2.00809566882815e-05,0.0009752566039511214,1
0.5650481303813749,0.4348894435759455,2.276452923172617e-05,2.2291852169177125e-07,1.3675382080971695e-05,2.010475266127916e-05,5.65846018389249e-06,0
0.603615869925859,0.3963188559742227,2.3083236411697316e-05,2.2710416166553565e-07,1.4856468388111308e-05,2.177396759206008e-05,5.3333233645938886e-06,0
0.6803422784304117,0.3195958033264339,2.0766965176777745e-05,2.0265104989065938e-07,1.3502520766250148e-05,2.3101683835550826e-05,4.3444223259437335e-06,0
0.7283100317197202,0.2716163858072013,3.058638063591576e-05,2.2203569922204964e-07,1.5302602782208784e-05,2.30462840756828e-05,4.425169885540152e-06,0
0.7260191931974826,0.27392003514703334,2.1503114786986198e-05,2.1077219097303358e-07,1.2350638319913801e-05,2.2506441939072846e-05,4.2006882473003804e-06,1
0.3698171228884094,0.6300955051578746,3.418134371878014e-05,2.604736778501185e-07,1.3805347520731392e-05,2.1312250498220794e-05,1.7812538300458683e-05,1
0.3587150089380241,0.6412196206782044,2.6762063001212034e-05,2.0393618911337086e-07,1.1867158721184218e-05,1.7264395784766457e-05,9.27283007515697e-06,1
0.31896981363592425,0.6808732138865666,3.273318605188719e-05,2.57039163356357e-07,2.1225353670484274e-05,2.416830525540308e-05,7.858859336825262e-05,1
0.21975115484001242,0.7801587203514437,2.3431622707241057e-05,9.916510608916099e-08,2.560366350985696e-05,1.9946957291486578e-05,2.1043399929195126e-05,1
0.28378581001601305,0.7161127999258265,2.541537699339518e-05,1.1167359786528765e-07,3.752766925148139e-05,1.9258121623255217e-05,1.907721669413913e-05,1
0.15368982162076203,0.8436630237578707,1.7506016916596987e-05,1.69117307663368e-07,0.002603074249035972,1.3264922373813318e-05,1.3140315733108167e-05,1
0.08852287521916721,0.906697016568593,1.61821710646e-05,1.6361284356403695e-07,0.004738216633218617,1.2833173015950968e-05,1.271262209721642e-05,1
0.16477185498569683,0.8245474151396955,0.00044793268336719866,1.8706268263015527e-07,0.007299228012218763,0.0029299656095186006,3.4165068203258735e-06,1
0.11559970611603418,0.8766177224527929,0.0023166471231885664,1.2830176481543488e-07,0.004215423784287758,0.0012451895983571389,5.182623574724476e-06,1
0.11973253194727863,0.8782010647513977,0.0001821278141428237,1.1280512783742546e-07,0.0013505286038498665,0.000522479851443213,1.1154226760044514e-05,1
0.04376107109884792,0.9546790082643517,1.6528015435653107e-05,1.0196513299414774e-07,0.0015292866400317695,9.258201140108506e-06,4.745815060033347e-06,1
0.05988495661135164,0.9400686428915579,1.7770223878236842e-05,1.4118265591656323e-07,1.5311643300391268e-05,1.03791895600077e-05,2.7982576958249774e-06,1
0.0536995867572964,0.9462471093987972,1.9279117448272305e-05,1.536404226021762e-07,1.964625581869978e-05,1.1179658044979663e-05,3.045172171788726e-06,1
0.06845191988551064,0.9314889311480679,2.14934516832417e-05,1.7778221332443075e-07,1.9747760402711557e-05,1.420630667351537e-05,3.5236654487495215e-06,1
0.09851660808582464,0.9014128328561052,2.5106688359549828e-05,1.9018708976100554e-07,2.334467828090937e-05,1.520552842275997e-05,6.71197591734127e-06,1
0.11101744577768148,0.8889010461111865,2.9721448695132348e-05,1.8641332712417332e-07,2.8682947369566128e-05,1.6338507333639334e-05,6.578794406608814e-06,1
0.17481631433156283,0.8251143777338489,2.274629806510027e-05,1.7230676423289856e-07,2.5206262170565343e-05,1.5102114073526496e-05,6.080953514665635e-06,1
0.1531915091643929,0.8467481997835881,2.024459287155831e-05,1.674987813608392e-07,2.0608969289667667e-05,1.3361815393963998e-05,5.908175682535902e-06,1
0.2500553695446215,0.7498810482869108,2.41128481200876e-05,1.6509688915120952e-07,2.3001274308701664e-05,1.3028993010214524e-05,3.273956139300324e-06,1
0.31035701195364856,0.6895917861810517,2.0403497193573467e-05,1.4911314002916882e-07,1.8230544463583888e-05,9.461720320743324e-06,2.9569901816970104e-06,0
0.3996451094724558,0.600296790971803,2.4362081439567717e-05,1.762157326991498e-07,1.774087632600331e-05,1.1792974446365888e-05,4.027407796712983e-06,0
0.5770078192865188,0.4229363776208086,2.522726945648827e-05,2.534429669264201e-07,1.4174975129689554e-05,1.3408009421400176e-05,2.73939569813064e-06,0
0.21953999832019172,0.7804206991355791,1.715361751230346e-05,1.265221010002255e-07,7.633850124425755e-06,9.513395488856537e-06,4.875159002676753e-06,1
0.3465197025285153,0.6534061676322984,2.8298819859519703e-05,1.844655639517541e-07,1.2009042977645595e-05,1.525683970689422e-05,1.8380671078133252e-05,1
0.19647411883479204,0.8034680348408226,2.4473700159980938e-05,1.649066789228262e-07,8.737001088752231e-06,1.0320777996612015e-05,1.4149938460878322e-05,1
0.2972823345297393,0.7025975214629997,2.6958607427440996e-05,1.9884527043250157e-07,1.4504850624225088e-05,1.0196324661949948e-05,6.828537927712643e-05,1
0.36458049012406785,0.6348442677197781,2.5482716737689074e-05,2.2127437307566546e-07,1.7487096297216515e-05,1.2776040420531342e-05,0.0005192750283255135,1
0.34891929244678604,0.6505431534033562,2.3095633299859817e-05,2.0740131196980006e-07,1.5296197099664193e-05,1.1981308894433243e-05,0.00048697360925184,1
0.4757153765559848,0.5238466762719769,2.7761675879435228e-05,2.1438211831404787e-07,1.8805245674362066e-05,1.5479347946425265e-05,0.00037568652041972643,1
0.8985441698814486,0.09709735717697124,1.5749078504793596e-05,1.6690188715935483e-07,1.3566086944567606e-05,1.189481350079126e-05,0.004317096060742953,0
0.8659305734322984,0.13046175868781237,1.5863011858843738e-05,1.6769744296551084e-07,1.3390011978021458e-05,1.098884808368996e-05,0.003567258310525703,0
0.7730138677181303,0.22180950044594516,2.9038725272426272e-05,2.2614577504869986e-07,1.7714312035191864e-05,1.626317751575484e-05,0.005113389475326239,0
0.6605823583601473,0.3345694611334965,2.8396029774869667e-05,1.984882589783063e-07,1.5539714186999848e-05,1.455786332045963e-05,0.0047894884108148,0
0.5785013930274975,0.41683364236502257,3.355171163046768e-05,2.16237432363553e-07,1.693817781805469e-05,1.5509074253134776e-05,0.004598749406345825,0
0.8694405498691703,0.11717724908670019,2.059342731335221e-05,1.89258768644138e-07,1.4460480848867055e-05,9.19008148168847e-06,0.01333776779571696,0
0.7825918344864767,0.1585161332125692,2.7566096870252312e-05,1.7770318548022056e-07,1.218738601628056e-05,9.618821379754102e-06,0.05884248229350227,0
0.792646534696816,0.03239757053261419,2.9259517553634886e-05,1.8885243618655585e-07,9.848364011725442e-06,1.0430922950164247e-05,0.17490616711361798,6
0.9696910576120311,0.012570911714975274,2.181283059589053e-05,2.1560931487228574e-07,1.3174108716003583e-05,1.3698552410246239e-05,0.017689129571956584,0
0.9669617694434047,0.012681372889181154,2.3578780326374734e-05,2.1500246184677088e-07,1.3137028927788014e-05,1.3659996525124781e-05,0.020306266859172924,6
0.03959605656910682,0.00044399395669590127,4.6607064632210675e-06,2.27713801454198e-08,1.2313700446230183e-06,1.3010428252914007e-06,0.9599527335834841,6
0.0030193513972657624,1.1952802555713057e-05,1.2674066981614377e-07,1.701765650377007e-09,6.277076816229774e-08,6.741466112639419e-08,0.9969684371723139,6
0.0027027472906142377,9.298734345557566e-06,1.2036243615986767e-07,1.6161241671650677e-09,6.243714856204764e-08,6.257399797871574e-08,0.9972877069853334,6
0.004966546165241522,3.4762416607852705e-05,4.352175812905139e-07,4.429729722187183e-09,1.8517261716339094e-07,2.303276296219075e-07,0.9949978362705928,6
0.0034142751442735636,2.968393928880766e-05,2.1786323886004087e-07,2.965287132696975e-09,1.1799225185760502e-07,1.3902822362684158e-07,0.9965555630674362,6
0.014041107217567069,0.00017759475314466986,9.068629790617069e-07,1.1444480147447949e-08,4.872429064519369e-07,5.446705699412962e-07,0.9857793478083527,6
0.030585519157739216,0.0003300479021194019,1.3936957546870567e-06,1.812972134398818e-08,7.116195212427011e-07,8.021450937490447e-07,0.9690815073500503,6
0.1482088882875477,0.0005386017234510843,2.2611052789523074e-06,2.9439525674174965e-08,1.2089423015578843e-06,1.2403614385197611e-06,0.8512477701404564,0
0.9759860176911691,0.01904675721361961,1.1804567055514889e-05,1.306306860805762e-07,1.771977671477597e-05,6.217031208289189e-06,0.004931353089546823,0
0.9744929367236106,0.018945613542646185,1.1615607819681783e-05,1.3851196198008343e-07,4.272645908665742e-06,5.883389146798422e-06,0.006539539578906013,0
0.984335072475453,0.009435278343595066,5.296328587965844e-06,6.31568210117524e-08,1.8599289979171194e-06,2.66095609791674e-06,0.006219768810447124,0
0.15987094595336518,0.01713051760623441,9.447865871660077e-06,5.169667624087312e-08,4.039118102760825e-06,5.351791135496038e-06,0.8229796459686142,6
0.19545257892598206,0.02096308036504409,1.4048945931547565e-05,5.7858025771260985e-08,5.313048856909526e-06,6.79917876934813e-06,0.7835581216773901,6
0.17066026101806786,0.0219820685317543,9.463420306806433e-06,5.0975806880825304e-08,4.958867490672612e-06,5.240878208713336e-06,0.8073379563083647,6
0.15265455544665815,0.015465755273429306,1.1500537238307486e-05,8.435491051135856e-08,4.547085942549374e-06,4.677807485408512e-06,0.8318588794943358,6
0.0782322992025922,0.04330071127570031,6.6518550155431275e-06,4.381118777684882e-08,2.1940180723487e-06,2.2962942085506715e-06,0.8784558035432233,6
0.12059253466428967,0.12053729942815988,1.2066505033546427e-05,6.598179022130345e-08,3.75962285659442e-06,3.552867241961891e-06,0.7588507209306282,6
0.02260680414030272,0.002933450841532847,2.493309096291851e-06,1.64913091258636e-08,9.723691058060523e-07,7.872013291503311e-07,0.9744554756473242,6
0.020417555837678916,0.007344410613232877,2.4876233498711094e-06,1.645370231571111e-08,1.0822698276669846e-06,1.12152460673124e-06,0.9722333256776016,6
0.05229420486953536,0.012123310960717336,9.501849351754275e-06,5.083344617563552e-08,3.0826954961507544e-06,3.493152696561143e-06,0.9355663556387566,6
0.27105167021061166,0.034667748455551206,3.833569604458159e-05,1.7940724895394294e-07,1.2091970541101814e-05,1.2328436543545993e-05,0.694217645823459,6
0.34086742480734833,0.03343720528733108,4.677194496020292e-05,2.0556454510529423e-07,1.575702457149829e-05,1.3004485831323072e-05,0.6256196308854124,6
0.8337556767100167,0.14776896677835158,1.72612111858376e-05,1.939886157662749e-07,8.411688442034703e-06,1.145767968930372e-05,0.01843803194369871,0
0.8394771779867731,0.15269847123389632,1.7644307474856983e-05,1.7155622779921133e-07,9.259424626215587e-06,1.1130865114335117e-05,0.0077861446258874235,0
0.8669881145023465,0.13295027568804357,1.2792263851483263e-05,1.1345232201948572e-07,9.885512882159209e-06,8.064369332350747e-06,3.075421122197185e-05,0
0.8311896296186214,0.16875121707578786,1.3454371261981126e-05,1.1932443535449804e-07,6.726240271795279e-06,8.481768375861095e-06,3.0371601245939406e-05,0
0.8330992088529039,0.16684012017582464,1.36515842218066e-05,1.1780765203269518e-07,6.6407401893319655e-06,8.544841662555084e-06,3.171599754561821e-05,0
0.8305600772650771,0.16937943667749836,1.3609976729741886e-05,1.1744859619950601e-07,6.620500447171484e-06,8.518798572911239e-06,3.161933307834738e-05,0
0.8324072688779851,0.16755284401237508,1.3463206353392256e-05,1.1618202719588181e-07,5.974143416171883e-06,7.757940172601364e-06,1.2575637670372478e-05,0
0.819148678741326,0.18081217550841497,1.3203396331105952e-05,1.1393997175361162e-07,6.422721585059396e-06,7.475013161681793e-06,1.1930679209360849e-05,0
0.7457620194589558,0.25419835389944695,1.7684074565736773e-05,1.5260641322731802e-07,7.91067607647755e-06,9.771365348379957e-06,4.10791919322562e-06,0
0.6553171554763205,0.34464176485981546,1.822832072699365e-05,1.573030375416641e-07,8.249035104224325e-06,1.0223163536656072e-05,4.221841458638965e-06,0
0.6165074520347644,0.3834465800346446,2.071803761392305e-05,1.787882875983413e-07,9.193391585804039e-06,1.1079231035573568e-05,4.798482068102591e-06,0
0.8730817795851402,0.12689432653471483,1.1333933096510662e-05,8.94207177883174e-08,4.290584042316471e-06,5.779988037376659e-06,2.399954250851516e-06,0
0.8642846565494293,0.13568394459027788,1.5169646161788941e-05,1.0872736651727272e-07,5.129629864197991e-06,7.968912801718206e-06,3.0219440984970016e-06,0
0.8545197379587384,0.14543699158158285,2.5077920852273073e-05,1.0414341928300966e-07,5.612346277902016e-06,9.395099139192394e-06,3.0809499904276126e-06,0
0.8321434922935929,0.16781264177283206,2.083100826484749e-05,1.2774657733142879e-07,7.484878586029423e-06,1.1839440791504903e-05,3.582859355196223e-06,0
0.05319438536455122,8.163117873283745e-05,5.944899597042046e-07,9.333885930174463e-09,6.08336514042817e-07,4.1589791136368435e-07,0.946722355398445,6
0.06676921648297052,0.00011071219145283725,7.998081659619398e-07,1.2557517692687774e-08,7.812315382609018e-07,5.565706269594188e-07,0.9331179211577277,6
0.024827708946441717,8.624196410636237e-05,8.783003218422193e-07,8.673574572776955e-09,5.136181965717753e-07,3.818259556416665e-07,0.9750842666714032,6
0.016026618764988215,5.5173835876843295e-05,3.678685678566425e-07,5.332674384953315e-09,3.144484334021507e-07,2.3475367347982944e-07,0.9839172849957859,6
0.022694050237062773,0.00015918198413959858,6.213493883228302e-07,7.267488128434245e-09,3.8725319824093745e-07,3.205237375874013e-07,0.9771454313849853,6
0.44121357837644126,0.012406778024154751,7.979502603536106e-06,8.648440084366848e-08,4.403746111558876e-06,4.67528603507144e-06,0.546362498580253,6
0.8655110548722759,0.033605728498149155,1.6705240930132832e-05,2.008843863360275e-07,1.7728063092556916e-05,9.308477714706661e-06,0.10083927396345128,0
0.8949037571828646,0.09363826355148537,1.0762843809968431e-05,1.5809558478807224e-07,1.2827850887351212e-05,7.162906220391713e-06,0.011427067569147544,0
0.9076211230059895,0.07458394608626745,1.088032499970787e-05,1.5982126786230328e-07,6.4316090121245905e-06,7.241092502718345e-06,0.017770218059960763,0
0.9292828207262417,0.058235117738810675,1.1908643615890808e-05,1.779527782368819e-07,7.16126650444934e-06,8.062584820933701e-06,0.012454751087228263,0
0.9320491864660179,0.05655859690310561,1.086886548926955e-05,1.624152063395007e-07,6.535995607913664e-06,7.358617214610442e-06,0.01136729073735839,0
0.9343850667046426,0.05545163339100412,1.0840509665910247e-05,1.5923641978763018e-07,6.092377029618828e-06,7.515077036809989e-06,0.010138692704201025,0
0.9350160973892484,0.05874216509322449,1.2120551608112518e-05,1.655156452617371e-07,7.4834258648099355e-06,8.402453562680207e-06,0.006213565570846389,0
0.8706653831116024,0.1285662975533294,1.3000117052068244e-05,1.8878203823416518e-07,8.970588193081134e-06,7.282198457327206e-06,0.0007388776493274736,0
0.8398221234191976,0.15869256255326994,1.1881903946014177e-05,1.8570070584503106e-07,1.2428532599790565e-05,8.517216610736663e-06,0.0014523006736699492,0
0.8654141482276223,0.1323953231817162,1.197522956837118e-05,1.8715927965810553e-07,1.2671933717940633e-05,8.584114520748219e-06,0.002157110153574701,0
0.8690860350127838,0.12851056358315946,1.162385093283737e-05,1.8166762941972924e-07,1.2300112304917775e-05,8.332238393418432e-06,0.0023709635347960046,0
0.8596720351465221,0.14024747223942882,1.092530695651484e-05,1.7570747229623267e-07,1.1943446174779025e-05,8.058874062228392e-06,4.938927938315514e-05,0
0.7869926127525576,0.2129357057128909,1.1287095393882291e-05,1.5633905624986167e-07,1.088479249719681e-05,1.0438230329498256e-05,3.8915077274698626e-05,0
0.8105966224181612,0.18936276134494454,1.159825331029225e-05,1.5831833602388106e-07,7.460886573373648e-06,9.038696668580233e-06,1.2360082006162019e-05,0
0.8145150866484934,0.18544722365438387,1.3866843911031184e-05,2.306501075664513e-07,9.029049443432624e-06,1.0297772835807806e-05,4.265380824902985e-06,0
0.808565413328846,0.19138825160109946,1.4041598874144741e-05,2.3750663778219312e-07,1.6264365435942647e-05,1.270658197431919e-05,3.085017132142568e-06,0
0.7543978127290701,0.24555466655562247,1.459390191837684e-05,2.6244618458891326e-07,1.5349882334265643e-05,1.3931959636429146e-05,3.3825252337385964e-06,0
0.7315653828579226,0.2683884076062005,1.438208854803055e-05,2.5460194069384313e-07,1.4861944060881902e-05,1.3136339405743302e-05,3.574561921596915e-06,0
0.6745771682352873,0.3253717735846607,1.653135459279067e-05,2.926497738882953e-07,1.7874152227047562e-05,1.2251277329821658e-05,4.108746128384648e-06,0
0.6596226311246303,0.34032592286886887,1.7227421631171847e-05,2.9003712306995276e-07,1.771457951382554e-05,1.2141903215786913e-05,4.0720650170615225e-06,0
0.55227396639674,0.4476786874410395,1.6670702107614785e-05,1.9564355523114883e-07,1.5124211808424045e-05,1.0392083490133362e-05,4.963521259151233e-06,0
0.7164443196272693,0.28350330849954686,1.7486709842984663e-05,2.5833864375374727e-07,1.7467399971579464e-05,1.242977669676727e-05,4.729648028953468e-06,0
0.5148169272112231,0.48512212434263907,1.6839588692521667e-05,2.1308926793500147e-07,2.8260550471950175e-05,1.1115073576341623e-05,4.520144129113713e-06,0
0.5812361639884783,0.41869485863034284,1.9659933754995677e-05,2.403152786267821e-07,3.070239125564367e-05,1.3396582442655558e-05,4.978158446951219e-06,0
0.7860207667233519,0.2139442185764113,1.285867298220544e-05,1.6098245273017724e-07,1.1780352871158411e-05,7.637730343397376e-06,2.576961587292164e-06,0
0.8031745489345793,0.19679326051602217,1.1817431099725952e-05,1.5914078807969726e-07,1.082642886851737e-05,7.019258691490899e-06,2.3682899508066075e-06,0
0.7145012585733278,0.2854527961955638,1.7264595029926853e-05,2.3535180963653488e-07,1.253122446389769e-05,1.1841886679931738e-05,4.072173124867123e-06,0
0.7073826762811312,0.29257279239972134,1.7939107117139166e-05,2.3681157930327252e-07,1.0811090766040812e-05,1.1370565100181963e-05,4.17374458459058e-06,0
0.336171062985833,0.663787707654381,1.5624022693400637e-05,1.2717685643037255e-07,8.538238422377576e-06,1.239120520438966e-05,4.548716609302586e-06,1
0.4546861613148521,0.5446485007232045,3.406554240174251e-05,2.0416822893133952e-07,1.2705599432005978e-05,2.018061894158481e-05,0.0005981820329393013,1
0.5776835152500918,0.42224825077374256,2.366474314386718e-05,2.3173374261982654e-07,1.421616942068867e-05,2.0852250234257553e-05,9.269079624300101e-06,0
0.6869258137951774,0.3129973900697657,2.623914421938471e-05,2.570803411052392e-07,1.56866023978546e-05,2.9388387234254103e-05,5.224920864231003e-06,1
0.33015373210267585,0.6697347903592795,3.4256431420235486e-05,2.5419223717291054e-07,2.2539074008070728e-05,2.4364686457726687e-05,3.006315392141435e-05,1
0.2634445674698587,0.7363866500128031,4.036716334533245e-05,2.627063440796197e-07,2.7511892418976846e-05,2.7545533999469e-05,7.309522123032738e-05,1
0.24104641526412188,0.7566140180990728,1.8838350933959716e-05,8.277455129589059e-08,0.002292230644344892,1.4274478539588062e-05,1.4140388435740399e-05,1
0.10561459821891789,0.8786708176212401,0.00035260082584493324,1.9135753333860636e-07,0.011438258875950557,0.003916320591241578,7.212509271804415e-06,1
0.13753349971898593,0.8511425105196956,0.000402517390795986,1.6809664872313587e-07,0.008081854574155353,0.0028363795879313724,3.0701117869242847e-06,1
0.5205368942885912,0.46484270489912977,0.001172469104146092,2.2777550176811598e-07,0.010969654923033917,0.002473754995689244,4.294013907979266e-06,0
0.11824617730538708,0.8769839360688861,0.0019047816121871115,1.3785001974222019e-07,0.0014203351339163162,0.0014340608064859909,1.0571223117702246e-05,1
0.020881454109137592,0.9790881640051037,1.047209062739929e-05,5.725860612654659e-51,1.1598383127050277e-05,5.168691668408974e-06,3.1427203358414715e-06,1
0.0538502039452718,0.9460886194641981,2.2375192329326207e-05,1.5571098955358296e-07,2.1822978667313312e-05,1.1330323020276571e-05,5.4923855237024845e-06,1
0.19468769559085713,0.8052408940012351,1.8995204110475812e-05,1.571616460944021e-07,3.32223463548963e-05,1.3492141340956057e-05,5.543554455371996e-06,1
0.18292692264608695,0.816995635842545,2.0599504391806737e-05,1.7034593270741023e-07,3.602824511195359e-05,1.4631662981427137e-05,6.011752950139517e-06,1
0.2543612147619356,0.7455720964822242,2.335961949932272e-05,1.5993965092333128e-07,2.8392182580259646e-05,1.1605328654164967e-05,3.1716854554321866e-06,0
0.29018844658659143,0.7097592042133096,1.733391976325493e-05,1.2824050553170192e-07,2.2733303946522625e-05,9.25983819020256e-06,2.8938976934778896e-06,0
0.6382514443776501,0.3616959285299444,2.303836800861772e-05,1.9436150953619207e-07,1.218165174353537e-05,1.3155485584232388e-05,4.057225559251541e-06,0
0.6074709280997272,0.3924834432804158,2.014554917492968e-05,1.584957136837404e-07,1.0520251398041232e-05,1.166768786472723e-05,3.1366357056100653e-06,0
0.31501723859384717,0.6849259017263909,2.857244650810039e-05,1.737436340560295e-07,1.1311025883491716e-05,1.283449510622626e-05,3.9679686299023175e-06,0
0.1555479553521422,0.8444194118643727,1.4270325933730233e-05,1.0525544351204912e-07,6.350702953861888e-06,7.927276290203875e-06,3.9792228638232216e-06,1
0.2696844161474419,0.7302479897943217,3.440031213213923e-05,2.0116296305074673e-07,1.3096073961093261e-05,1.5302336097512458e-05,4.5941730827740886e-06,1
0.24082651913807754,0.7591156100772871,2.289785756932998e-05,1.6889339306390583e-07,9.833350977321546e-06,1.0365541813297705e-05,1.4605140882176152e-05,1
0.25445968453211015,0.7454379380983103,2.441392680850058e-05,1.8007584003074796e-07,1.0484418042855817e-05,9.233871767395849e-06,5.806507712071875e-05,1
0.7996145810623826,0.1997949319393064,1.932483709373603e-05,1.7810931719676333e-07,1.5623455412785417e-05,1.282281346006409e-05,0.000542537783027288,1
0.8308433128475715,0.16746577813965532,1.4852600650672367e-05,1.6931079177041186e-07,1.1999560582700343e-05,1.127113565350089e-05,0.0016526164050944436,0
0.9017229856557677,0.09030767035002679,1.5780241354927073e-05,1.6644809474259146e-07,1.3290256207308539e-05,1.3018663844964676e-05,0.00792708838470351,0
0.720844468760196,0.27352901189863427,3.258040417707981e-05,2.2773703764887642e-07,1.782961114714777e-05,1.6703076968704047e-05,0.0055591785118392556,0
0.6098344064195459,0.385133282698868,3.113964481146298e-05,2.1766612913260711e-07,1.704115624935277e-05,1.5964439275737403e-05,0.004967947975120345,0
0.5407221424951448,0.4533046764345846,3.645929927033231e-05,2.2175813256787423e-07,1.8434359273370196e-05,1.4492501704353932e-05,0.00590357315188985,0
0.5641618541694866,0.42597553115563,4.9811523546139237e-05,2.9701692233402315e-07,2.5671139984497964e-05,2.0968761156572192e-05,0.009765866233273931,0
0.5839845163835381,0.3983417117147247,3.648922868554835e-05,2.9698755106680313e-07,2.500614176171086e-05,2.0966687607757657e-05,0.01759101285613116,0
0.858309080513174,0.13740511701854327,2.0797049520144856e-05,1.790062109168151e-07,1.4285485911476813e-05,9.300733444546392e-06,0.004241240193195886,0
0.7073533773615633,0.2782623756807514,3.1203106474041436e-05,2.168654346895725e-07,1.6715420302245805e-05,1.1242179288463882e-05,0.0143248693861858,0
0.02810524821546268,0.0003151465433767354,3.3081655942081624e-06,1.6163106800261817e-08,8.740254395993744e-07,9.234791217136221e-07,0.9715744834078982,6
0.023727194269768895,0.0001917234912718231,3.6632193507335403e-06,1.829228462341393e-08,9.166499448737128e-07,9.62692109051458e-07,0.97607552138527,6
0.002825365949609333,1.0453044612092433e-05,1.4323619030717425e-07,1.7114674473673032e-09,6.316171893674719e-08,6.630029027354272e-08,0.9971639065961116,6
0.0029794471408890236,1.1438473338087728e-05,1.2674580769214586e-07,1.7018346373952146e-09,6.574847665911462e-08,6.741739401529317e-08,0.9970088527722598,6
0.039738408426321765,0.00016412748950833867,6.2937035389773e-07,8.927197391810695e-09,3.686977634904258e-07,4.0111926199830986e-07,0.9600960559695932,6
0.00743610123793205,0.00011826440713579935,3.5259381850158225e-07,4.26404529073004e-09,1.7676840825242745e-07,2.0293625825156717e-07,0.9924448977924017,6
0.7904425185721441,0.0050725642888179035,1.1776668779615321e-05,1.4660527538740389e-07,5.692377597273466e-06,6.2271581006243305e-06,0.20446107432928512,0
0.959515181083968,0.012412463593111666,1.429565365113537e-05,1.7796358882024239e-07,6.719153002367549e-06,7.55912364551491e-06,0.02804360342903241,0
0.9566051133595466,0.016617864967447212,1.5034877681125008e-05,1.5163946416392712e-07,6.504276479071382e-06,7.2168899161555014e-06,0.02674811398946576,0
0.9588897123670257,0.017324181941915966,1.3372809801405932e-05,1.5476536207686142e-07,1.165380763630382e-05,7.3656589800081666e-06,0.023753558649278764,0
0.9742872299447258,0.017274290622765375,1.281131528496388e-05,1.3342104012824905e-07,1.8751326541037957e-05,6.462759210393489e-06,0.008400320610431984,0
0.9783832630236601,0.0181779916883276,1.0760088912965996e-05,1.226812842184822e-07,5.395658676724306e-06,5.428003462574993e-06,0.003417038855676013,0
0.9783316888517319,0.017111791897774675,1.0759521709195725e-05,1.226748172378175e-07,5.495048046029484e-06,5.210695726237958e-06,0.004534931310194993,0
0.9770846081167174,0.011533559883982792,7.77531781674236e-06,1.1568466932626756e-07,2.67662415426037e-06,5.247226228673955e-06,0.011366017146430792,0
0.11654048382714699,0.013395822557769546,7.388097527205174e-06,4.044466516152712e-08,3.1585332468160337e-06,4.18502499838404e-06,0.870048921514646,6
0.13544636012073358,0.015583774716424912,8.983974263890084e-06,4.224059041304759e-08,3.949675095531349e-06,5.054451366551229e-06,0.8489518348215253,6
0.15072461805402032,0.01781039880116701,9.427073472558683e-06,9.16407157172015e-08,5.117041416741543e-06,5.081833687588313e-06,0.8314452655555201,6
0.15791004806512493,0.010380538024058295,9.295706259030422e-06,8.875450371406434e-08,3.5383490383045307e-06,4.651927126456329e-06,0.8316918391738893,6
0.0902987237680186,0.0591825468554325,7.355256824537968e-06,4.844401105162541e-08,2.426024975303039e-06,2.608524857499088e-06,0.8505062911258805,6
0.13541992502694344,0.015661909780345647,1.3432139932556583e-05,5.6155421795969706e-08,3.5263879691290113e-06,2.9432977372265216e-06,0.8488982072116501,6
0.06423717219154246,0.006373972611200779,1.2227934280675062e-05,5.6469422064163715e-08,3.906842957099541e-06,3.880443463839526e-06,0.929368783507133,6
0.08473173038477094,0.015284961315875588,1.031676622511232e-05,7.090045391401545e-08,4.765841409813327e-06,4.87210941633658e-06,0.8999632826818483,6
0.04354170736973993,0.010131929323354417,7.99174652948251e-06,4.275462618029908e-08,2.592771167042943e-06,2.937995531842539e-06,0.946312798039051,6
0.22494802496860508,0.034867134283220406,3.85274166885767e-05,1.6935033484242258e-07,1.1414138904532244e-05,1.1637349487862972e-05,0.7401230924927588,6
0.357380971506414,0.042394930912869035,4.649055486236622e-05,2.2919740656842534e-07,1.75685411371523e-05,1.5749896948420056e-05,0.6001440593903624,6
0.8087418846924019,0.18717540979695965,3.7239464182426167e-05,2.3228412684638152e-07,1.4529401601082778e-05,1.4616949322138432e-05,0.00401608741140587,0
0.7190680337443881,0.27724052446808023,3.7954111386725225e-05,2.2297343723349397e-07,1.2609122435749164e-05,1.2881226582520513e-05,0.0036277743536894756,0
0.8432684858945999,0.15044124646778587,1.3817082340728904e-05,1.9265741089082247e-07,7.845847661681338e-06,1.2056962099505783e-05,0.006256355088101478,0
0.8246025043993579,0.17000171941225675,1.68088690471758e-05,2.3409900420027162e-07,6.768340930030609e-06,1.4643740377504771e-05,0.005357321139026406,0
0.8180111514635846,0.1774777660204319,1.7329049799284196e-05,2.4439381223150394e-07,6.830737116690208e-06,1.5287717897018895e-05,0.004471390617358248,0
0.8992466907567732,0.09782268454974023,1.3478806891376786e-05,1.3084143516043978e-07,4.735148517935508e-06,8.932413905865237e-06,0.0029033474827361515,0
0.851290524532383,0.14855126840890423,1.4375488552911799e-05,1.240546537109016e-07,6.378958179675621e-06,9.467704363274625e-06,0.00012786085296345596,0
0.8294255804119445,0.17053120618701845,1.4137275528397897e-05,1.2199897162700378e-07,6.2732538820000855e-06,9.3108171393533e-06,1.3370055515612172e-05,0
0.8021097392728778,0.19785054167210256,1.3671686352475524e-05,1.1798112529239037e-07,6.0666540248065795e-06,6.932999979878866e-06,1.2929733537233379e-05,0
0.8059192566361665,0.19404080276989397,1.3736618273876212e-05,1.1854146151988604e-07,6.09546682025464e-06,6.965927374361036e-06,1.3024040009514598e-05,0
0.8048258424840581,0.19514316850606578,1.381465741358205e-05,1.1921490774165938e-07,6.277291547141317e-06,7.538320878849119e-06,3.239525128844774e-06,0
0.6860487658067117,0.3139028229866984,2.162707660851384e-05,1.8663292656616436e-07,9.787106383375716e-06,1.180136707452061e-05,5.009023596988441e-06,0
0.6360932127460812,0.3638618432182097,2.0052272269652415e-05,1.730430018689402e-07,9.074445219019785e-06,1.0942034839754531e-05,4.702240378694456e-06,0
0.8672357034947746,0.1327336088344164,1.4980856590607406e-05,1.0631427666511332e-07,5.0180902826478036e-06,7.626175248859309e-06,2.9562344100520403e-06,0
0.8717357944338544,0.12823760608288615,1.1728796744331223e-05,1.0023116512570784e-07,5.069792484442598e-06,7.373297949776809e-06,2.3273649157071004e-06,0
0.8651743565497385,0.13479442711336528,1.4558427244786142e-05,1.061103629686708e-07,5.564304845816296e-06,8.171879766896549e-06,2.815614675747955e-06,0
0.2835355303304091,0.7163271683588334,2.5460360625879883e-05,7.36598461558645e-08,1.686229150883581e-05,1.3374923350690664e-05,8.153007542585809e-05,0
0.02765597133087317,5.9551844586673256e-05,7.776372202564388e-07,8.094026700801991e-09,4.3798268200897913e-07,3.587410844831886e-07,0.9722828943695266,6
0.02686135108412869,5.6959421876653364e-05,7.931628463012648e-07,8.255624973724241e-09,5.118146514686966e-07,3.6590339587919484e-07,0.9730800103574759,6
0.05516192364166415,9.015098269001826e-05,6.601182693718165e-07,1.0364293839052277e-08,5.846501541958087e-07,4.5936320068670297e-07,0.9447462108797279,6
0.04747140198088666,8.251923746704738e-05,5.961363343007465e-07,9.359735101269154e-09,5.279829629655999e-07,4.1483944207547023e-07,0.9524445304631718,6
0.02260678017659964,8.726430623788116e-05,7.242590400652156e-07,6.556804876996858e-09,4.47903251229904e-07,2.8864204338231904e-07,0.9773044881560229,6
0.01986044270640715,0.00015252053838834994,4.6600904567181175e-07,8.243803532230673e-09,3.609219716313047e-07,3.0106218609473445e-07,0.9799859005181975,6
0.5788543482553561,0.01679476521193874,9.600627475891594e-06,1.1745322689997667e-07,6.326332130221599e-06,6.34943904499212e-06,0.40432849268082716,6
0.8797060499628889,0.03401446122539511,1.4748590777608964e-05,2.0332766094299746e-07,2.7720684480416806e-05,1.0074194386375974e-05,0.08622674201441076,0
0.9430944725120471,0.05294488243675026,1.118306958354695e-05,1.6777415779706009e-07,7.0539140038171695e-06,7.736604657977835e-06,0.003934503688799512,0
0.9256855375987532,0.07027892967981215,1.1603906302066852e-05,2.2481639011156277e-07,9.07723599823082e-06,8.027745412528744e-06,0.004006599017331791,0
0.9148960936977236,0.08058344515718517,1.2244035599407743e-05,1.909206944921154e-07,9.621272846389215e-06,8.650127908456655e-06,0.0044897547880424875,0
0.9071794632938543,0.08904701608660924,1.2283136987749292e-05,1.9153040067576415e-07,9.248065449019609e-06,8.677752134783552e-06,0.0037431201345640578,0
0.9049360894199477,0.09178666774253401,1.225276188588369e-05,1.4550734585550745e-07,9.07455962888641e-06,8.656292827985836e-06,0.0032471137158297993,0
0.8411615338862622,0.15817651091587906,1.2124277267457044e-05,1.7979509340833526e-07,8.543544487543519e-06,6.9355303295810385e-06,0.0006341720506807727,0
0.8196495816151997,0.18028812601203478,9.77310133663742e-06,1.6752732468461065e-07,1.2273010329634228e-05,9.54740959031185e-06,3.0531324184219904e-05,0
0.8083977994234415,0.19155648191191021,9.638940580572457e-06,1.6522758463618085e-07,9.975391289893668e-06,9.80853088847972e-06,1.613057430492349e-05,0
0.7842613331254773,0.21569350308384605,9.693556688393603e-06,1.4036583667221616e-07,9.704151720401824e-06,9.067731237445788e-06,1.655798519384212e-05,0
0.7849715325058706,0.2149833914690872,9.674719448614476e-06,1.4009306734644758e-07,9.685293891569077e-06,9.050110148194102e-06,1.6525808486428926e-05,0
0.8646750108982834,0.13529359411158037,1.1372938584815538e-05,1.922621573209895e-07,7.977591624430495e-06,8.520980406502105e-06,3.331217363243337e-06,0
0.841704759834457,0.15825718673442624,1.5442946145295576e-05,2.0462797637301136e-07,9.889180109439969e-06,8.998698854767024e-06,3.5179780308758348e-06,0
0.731566457348847,0.26838880180324004,1.4382109671807018e-05,1.910671772562447e-07,1.4861965889448952e-05,1.0658486162655942e-05,4.647219011722171e-06,0
0.6803505952138078,0.31960004728621416,1.6167582053570207e-05,2.884468973915527e-07,1.690144996558761e-05,1.1981687911849406e-05,4.0183331495966636e-06,0
0.6306746422732699,0.3692770438228197,1.781409602100614e-05,2.0621993794262878e-07,1.4107867677030118e-05,1.0953873793072017e-05,5.231846481371444e-06,0
0.5299868167868149,0.4699558437376957,1.73002118302475e-05,2.1847964296363405e-07,2.3323088440822455e-05,1.186320841875701e-05,4.634487156688555e-06,0
0.7558307988255439,0.24413103609592593,1.4880187116192903e-05,1.5470641601224387e-07,1.1562285003155291e-05,8.476582021461726e-06,3.0913179734374817e-06,0
0.7399200760475052,0.26003730111366863,1.5751651024440898e-05,1.6478625384191244e-07,1.4631200334937637e-05,9.028870506507209e-06,3.046330706348909e-06,0
0.7219462004447766,0.2692205365741901,1.3711660993515317e-05,2.3022682641035908e-07,0.008806545530106825,9.647902284357463e-06,3.1276608221004205e-06,0
0.41251081347698787,0.5873432585227606,1.941520785003491e-05,1.3883000844807268e-07,6.828479816642441e-06,1.2616874806386535e-05,0.0001069286077700514,1
0.5132786981846001,0.48615302399073296,2.175078908088689e-05,1.5553077026916013e-07,8.42157619498981e-06,1.515380820139292e-05,0.0005227961204194238,1
0.622207097779966,0.3774076878520118,2.6355628090718434e-05,1.753452209002509e-07,1.068073777268573e-05,1.7084386851263193e-05,0.0003309182700866706,1
0.550221820195258,0.447283966526203,3.5441770677231025e-05,1.672817767337483e-07,1.3251202485225238e-05,1.96847304998307e-05,0.0024256682930999885,1
0.5309036694389045,0.46389643337877684,2.9233377491310274e-05,2.5763594251034435e-08,1.552037818005181e-05,2.0056342335377557e-05,0.005135061320717455,1
0.511325562339756,0.4843523587400814,3.320784725148576e-05,2.394967412710339e-07,1.9625955452189354e-05,2.1528937944165394e-05,0.004247476682773508,1
0.7205170410048263,0.2793740357407891,1.925376804389047e-05,1.8853987559552432e-07,1.0512220363379224e-05,1.594254873636863e-05,6.302617736531723e-05,0
0.5758135666226034,0.4241173238418411,2.3419661804407534e-05,2.2933381730924985e-07,1.358818532722502e-05,2.269926919757414e-05,9.173085408936293e-06,0
0.6491974167906367,0.35073797017162234,2.257678760140337e-05,2.3793448185190023e-07,1.3942269687583629e-05,2.3360399023629846e-05,4.495646946394596e-06,1
0.2699439838049311,0.7299989593796562,2.2903740336485476e-05,1.8801724880530015e-07,1.0242747407638868e-05,1.6620788396310964e-05,7.101522023349704e-06,1
0.3169122388478116,0.6829271639979421,3.57105840847476e-05,2.5031580308016437e-07,2.402285509762674e-05,2.3993124751931728e-05,7.662027450895697e-05,1
0.3628692058182079,0.6370544227320646,2.966093252336849e-05,2.3830546901389057e-07,2.0486266701253753e-05,1.8401453582133173e-05,7.584491451713186e-06,1
0.3185634043165605,0.6813533034829872,2.9271173757648994e-05,2.351740217677906e-07,1.9427018860151853e-05,2.2564401829725872e-05,1.1794431983059818e-05,1
0.3192324546172664,0.6806894512459554,2.927488512801666e-05,2.3520384011067157e-07,1.843759419007794e-05,2.256726283055243e-05,7.57919078941403e-06,1
0.22778915149122775,0.7721635246383317,1.7705058414660015e-05,1.3198787706537525e-07,1.2743472719566612e-05,1.3344200713682887e-05,3.3991507156451118e-06,1
0.20653704575636997,0.7933814948127275,2.172968552747383e-05,1.037599828360617e-07,2.2932596682795797e-05,1.7178459308238487e-05,1.9514929401324235e-05,1
0.19861977470076242,0.7991752700683469,1.7326510275326648e-05,7.613161675305616e-08,0.002161418110118749,1.3128903902371225e-05,1.3005574977759889e-05,1
0.21032686053126334,0.7871066602667194,1.636552330142787e-05,7.190909930211124e-08,0.0025253567974966497,1.2400730402268666e-05,1.228424171773875e-05,1
0.13243508548816912,0.8579275372206109,0.000132248515827967,1.7752533372684926e-07,0.008501422388594977,0.0009948198651919674,8.708996271487585e-06,1
0.16926014291425873,0.8129162893712617,0.00047330667214379553,1.959237247940647e-07,0.014636161215842148,0.0027103255581592193,3.5783446094697755e-06,1
0.2270939828847936,0.7611091989229941,0.0033468186234904256,1.325299705222091e-07,0.007088957439371586,0.0013586115571052847,2.298042274371276e-06,0
0.09470905430934698,0.8996668543441174,0.0025189283627874448,1.3023923347676155e-07,0.0016827020388377075,0.0014122035630538428,1.0127142623085054e-05,0
0.019984722694740865,0.9794503004332955,1.149016839560802e-05,6.194802740006733e-08,0.0005408531276304786,5.937265547369917e-06,6.634362362745786e-06,1
0.33685055107164813,0.6630949401638477,1.5987249318057527e-05,1.1554188007975661e-07,2.4584994707535785e-05,8.580934745357407e-06,5.240043853216895e-06,0
0.3783395608167467,0.6216060984764377,2.221378428098695e-05,1.606766762850305e-07,1.754093662284361e-05,1.0753046328680679e-05,3.672262906996283e-06,0
0.5494636881361012,0.4504765488412449,2.491108018658009e-05,1.9571206894745064e-07,1.6332104903040033e-05,1.424084804953692e-05,4.08327744574795e-06,0
0.5890578172359735,0.4108961419617735,1.8298369394360823e-05,1.6289752849002554e-07,9.266319033862593e-06,1.199172818105118e-05,6.321488115370102e-06,0
0.3767009470942556,0.6232216614906555,3.88043763859329e-05,2.3087806027297658e-07,1.3949458374432572e-05,1.860114804050348e-05,5.805554227748996e-06,0
0.19732605887868296,0.8026329822395745,2.0495995848063266e-05,1.336029365052812e-07,8.067947741048307e-06,9.210102497901474e-06,3.0512327188046953e-06,1
0.21972357819595498,0.7802281252617114,2.3801779655483435e-05,1.551516539912226e-07,1.0100654240922203e-05,1.0695593026292647e-05,3.5433637569483386e-06,1
0.29997632442552574,0.6999667724282495,2.7415130787761935e-05,1.78705245896478e-07,1.1634035818538047e-05,1.3593992122728198e-05,4.081282249958765e-06,1
0.3247283825915322,0.6751570802798428,2.4259963450582558e-05,1.8119508955654001e-07,1.5048596999148536e-05,1.0602672202952932e-05,6.444470088284283e-05,1
0.7236206350822125,0.2762508743976528,2.1836608066651602e-05,1.836299118631155e-07,1.7260305975143298e-05,1.2387630476682596e-05,7.68223457043382e-05,1
0.9064638283585438,0.08812732550381054,1.4679896787520155e-05,1.6183898446972913e-07,1.2480664713923224e-05,1.2658164330929601e-05,0.005368865572828746,0
0.742449301706794,0.25285465536126006,2.7868343537828205e-05,2.03823234233714e-07,1.5965756470402683e-05,1.5899349238150184e-05,0.004636105659464967,0
0.7457768014051362,0.24997870996670335,2.628228390646902e-05,2.1891882544963265e-07,1.714821505534374e-05,1.606473375001879e-05,0.004184774476622906,0
0.5672246573298998,0.4206921525988986,3.998246112238919e-05,3.010271511323905e-07,2.6017743619212686e-05,2.125187475560681e-05,0.011995636964553249,0
0.7967787409084156,0.1458825536049258,2.3181382648624663e-05,2.1660646747249017e-07,1.8721273199984753e-05,1.5210911259268793e-05,0.05728137531308314,0
0.792738347049368,0.14318929052295887,2.3153530149323997e-05,2.7091040248648343e-07,1.7838123876152196e-05,1.4877314530783089e-05,0.06401622254871427,0
0.8107006401157416,0.16004195993228879,2.3762844046443907e-05,3.8642197852839706e-07,1.4771130916880358e-05,1.5268829536787247e-05,0.02920321072549115,0
0.6081321226622604,0.33103970656992543,3.563754158054035e-05,3.575792354815347e-07,1.3245606750879624e-05,1.0425146501366932e-05,0.06076850489374604,6
0.03306202509351816,0.0002989737493948393,3.8916096043958454e-06,1.9013710127116608e-08,1.0281727738134498e-06,1.0863483453826268e-06,0.9666329760126532,6
0.04051784969061337,0.00045445600675080554,5.1731178089814205e-06,2.7399726434153747e-08,1.2590050033696714e-06,1.2553699237994362e-06,0.9590199794101733,6
0.02521002893561868,0.00020706163374209797,3.570130646832016e-06,1.79135750107023e-08,8.972019843952627e-07,8.66370108619275e-07,0.9745775578143244,6
0.013243595291607523,7.860503015262893e-05,5.927236117300238e-07,7.499024524797362e-09,3.0464433284088095e-07,3.2532804147836546e-07,0.9866765694832293,6
0.0032454740351373417,1.1881577108419101e-05,1.4502032730327457e-07,1.9472093051831746e-09,7.522825234548064e-08,7.713779827557556e-08,0.996742345054167,6
0.008692780828615555,5.421828758678329e-05,7.996068849110819e-07,7.977921345786255e-09,3.873242023393651e-07,3.796886280872451e-07,0.9912514262861609,6
0.018444251806039244,8.014949707882742e-05,4.793877848778896e-07,5.665076322780655e-09,2.1000963574559957e-07,2.4062794344090586e-07,0.9814746630064416,6
0.033376710850406846,0.00012425175548893592,4.3612464530418105e-07,7.529182451844666e-09,2.6008402313617216e-07,2.5556842940227365e-07,0.966498078087824,6
0.03260491763443844,0.0001624613999648438,6.883006668277352e-07,7.257085318229404e-09,3.133696898397301e-07,3.4538229307637494e-07,0.9672312666558616,6
0.0315278180136107,0.00017102965848153553,7.349295563892296e-07,7.748716150728283e-09,3.3669611761781184e-07,3.6878019689445247e-07,0.9682997041733207,6
0.0341619735832298,0.00020084396264196243,6.806128419299034e-07,7.477267254907406e-09,3.1077481991178314e-07,3.558612855160558e-07,0.9656358277279137,6
0.03006337054208031,0.00014200543448729484,5.214855922852077e-07,6.7897274070786435e-09,2.742740111571165e-07,2.8839825792280803e-07,0.9697935330758435,6
0.8835946921873984,0.01025400834828543,9.470983746250668e-06,1.4450403836281212e-07,5.648044847509446e-06,5.794831583652299e-06,0.10613024110010034,0
0.9213292391585279,0.011718227680682855,1.192452435015917e-05,1.8313820576246394e-07,6.375670362215156e-06,6.813810408769965e-06,0.06692723601746227,0
0.9517349739998546,0.019853321071362236,1.4404356600427321e-05,1.6670359467125518e-07,1.2398479035503861e-05,7.663132848557084e-06,0.028377072256703894,0
0.9548956452414863,0.01950248822933211,1.3376982202518283e-05,1.4803121152895183e-07,2.080029703481982e-05,6.338600785548731e-06,0.02556120261794739,0
0.9704562913145645,0.019253562909721814,1.2102815478495849e-05,1.3393113716304522e-07,1.8451263604397974e-05,5.734844715940726e-06,0.010253722920777822,0
0.9785810382419131,0.015636302883247494,1.063421850037472e-05,1.0392741098477402e-07,4.4570280986789155e-06,4.9742988911049485e-06,0.005762489401938344,0
0.9861008388941825,0.009929503750872044,6.213813928453996e-06,7.084687485424287e-08,2.920091054127327e-06,2.8831132070095644e-06,0.003957569489881051,0
0.9821101823338542,0.008160547942654769,5.651252204468069e-06,5.615240794814753e-08,1.653653400733975e-06,2.2851219520093974e-06,0.009719623543526047,0
0.0593326811768962,0.005371982538135496,6.012444840721286e-06,2.0376780901226364e-08,2.0933152989323467e-06,2.4600322894878574e-06,0.9352847501157582,6
0.11938781731361561,0.013560424842329485,6.054315691883811e-06,3.7232539043182615e-08,3.3624365049716417e-06,4.455194778453123e-06,0.8670378486645405,6
0.12683244045231495,0.006772109152486114,5.410882625742638e-06,7.133068572831253e-08,2.8437189402973624e-06,3.4220624610215544e-06,0.8663837024004862,6
0.09278935477081725,0.012744681838986376,4.2814142556947465e-06,5.6441108756034646e-08,2.250120664649838e-06,2.7077406807516288e-06,0.8944566676734864,6
0.23629061900635387,0.04572896236592371,1.8585393012092426e-05,8.92434672336322e-08,5.198389418216378e-06,4.805419650331035e-06,0.7179517401821744,6
0.37064119726625466,0.013920561814530009,2.4679097854041973e-05,1.0150823018378422e-07,5.912806012655631e-06,5.465830263166364e-06,0.6154020816768553,6
0.0699081085821578,0.01126973412974813,1.4828511521576016e-05,5.964964416085505e-08,4.126866960291089e-06,4.09898071103574e-06,0.918799043279257,6
0.10778432457123818,0.019056222277156816,2.0702037829527545e-05,9.560340160082514e-08,6.596589108276401e-06,6.569636828250424e-06,0.8731254892844373,6
0.2542923295794534,0.049129122410689736,2.8700699925150444e-05,2.0328778846286985e-07,1.3695322968296985e-05,1.3969450034795884e-05,0.69652197924914,6
0.6509657262705901,0.34334775591181943,4.845562614636188e-05,2.7671510026754385e-07,2.1583542201889313e-05,2.0878006904231583e-05,0.005595323927237667,0
0.7248978709032879,0.27182970746263274,3.8379345250058434e-05,2.5390273324137753e-07,1.653826017440596e-05,1.4882753913387934e-05,0.0032023673720082265,0
0.8391464137980469,0.15553557785089112,4.178317871728997e-05,2.4101681354056245e-07,1.5445175867941712e-05,1.3475029830783786e-05,0.005247063949832524,0
0.7579628747768747,0.23770173789889837,4.324492686215134e-05,3.248735974058612e-07,1.3996056381521858e-05,1.409003429692411e-05,0.004263731433089112,0
0.7920734977078182,0.19526687110952115,1.935211597837345e-05,1.8449435521397556e-07,9.088148458614412e-06,1.0292409401628962e-05,0.012620714014466702,0
0.810028443134923,0.17753473643665763,1.730814090751517e-05,1.8934062460894703e-07,8.424370545968666e-06,1.1114217297253739e-05,0.01239978435904415,0
0.9108777938973093,0.0861714606481565,1.4935258751469803e-05,1.671991638544508e-07,4.855939619249568e-06,9.875396327750664e-06,0.0029209116606721706,0
0.8451354303974398,0.1544457425137216,1.609619659444576e-05,1.3890366836834236e-07,9.531592585052143e-06,1.0074980971746564e-05,0.0003829854150191729,0
0.8135909327199432,0.18635273667464203,1.4579235065233406e-05,1.2581290373056725e-07,6.46936835784595e-06,8.68484652918792e-06,2.6471342558816065e-05,0
0.724997516089862,0.2749592592710639,1.931004505940985e-05,1.666378811523438e-07,8.738558090177762e-06,1.0537019593388702e-05,4.472378450049828e-06,0
0.48881589584802004,0.5111411111807035,1.7979612264836858e-05,1.793386418254225e-07,1.0858747069376683e-05,9.811034937165899e-06,4.1642383633032e-06,0
0.5067680635051978,0.493178843726951,2.307099934272626e-05,1.9300744476604233e-07,1.3281646208069114e-05,1.1182709118978595e-05,5.364405736655725e-06,0
0.8740572898249126,0.12591696210792666,1.0721198479338001e-05,9.695796922626248e-08,4.904230965225464e-06,7.774318350660451e-06,2.251361396352109e-06,0
0.8475516237527597,0.15239340292339065,3.396538503364918e-05,1.188676278044047e-07,6.649108888109573e-06,1.0723415414546494e-05,3.516546885703042e-06,0
0.318170357731351,0.6816298723042686,2.9262318500792616e-05,1.385997065701763e-07,1.6314903803140266e-05,1.5166936386918518e-05,0.00013888720598285756,0
0.033351070556503375,5.5790068932789645e-05,7.098334964539968e-07,6.210237224233112e-09,3.8877171798262253e-07,2.7484211822324125e-07,0.966591759716994,6
0.014938270431837363,5.0728583049930445e-05,3.54374872258422e-07,4.635647604439572e-09,2.3174383886002025e-07,1.7334989612822606e-07,0.9850102368808578,6
0.01839667872379807,0.00014804518598212233,5.65482694703482e-07,8.196162200669646e-09,3.797931993102625e-07,2.9700111206578416e-07,0.9814540256170515,6
0.03154456942305804,0.000247209494520723,4.7486177192472924e-07,6.777514694487882e-09,3.9258708914547666e-07,3.140530015568603e-07,0.9682070328030439,6
0.7798966680942451,0.025419168117234603,1.1927755252728758e-05,1.4820852302825942e-07,8.126415777726113e-06,8.012048776809135e-06,0.19465594936018984,0
0.8995879932764211,0.0854874377279776,9.542048014230652e-06,1.4878872402512027e-07,1.0116011360739785e-05,6.579400684869422e-06,0.014898182746817605,0
0.9265663973558367,0.061125915680012056,1.2137998626903603e-05,1.905663305550773e-07,7.0714035162157615e-06,8.217866504561323e-06,0.012280069129172993,0
0.9343703638046337,0.055471460443263475,1.1079620440780199e-05,2.1633644375974478e-07,6.473121715948244e-06,7.665037087570281e-06,0.01013274163641472,0
0.8764916551311861,0.12219354356948296,9.99398394125486e-06,1.5583574053800706e-07,7.43644267362646e-06,6.011307007580238e-06,0.0012912037299681084,0
0.8410560732832314,0.15783987459152882,1.1612468889713608e-05,2.4920229880460994e-07,1.3661048784202952e-05,8.938223963536927e-06,0.001069591181303566,0
0.8411760685478641,0.15874912464932514,1.1221020683797043e-05,2.0848210948930997e-07,1.3394557417817368e-05,8.378485581266484e-06,4.160425701824865e-05,0
0.848036908412671,0.15189388574836102,1.116224996452861e-05,1.886100978899795e-07,1.2922913369911258e-05,1.0230767813996008e-05,3.470129772155887e-05,0
0.8527601821186419,0.1471722115612382,1.1224419855053323e-05,1.8051798897485624e-07,1.2487435357168047e-05,1.0287749669535986e-05,3.3426197248914035e-05,0
0.8325831661111439,0.16737000637219596,1.0420963447150749e-05,1.675963113419372e-07,1.0325791184119066e-05,9.551341151178132e-06,1.636182456630928e-05,0
0.8186560259398347,0.1812884126121245,1.4786312910629344e-05,1.6339717185066894e-07,1.081574669693633e-05,1.0521159034624968e-05,1.9274832226712205e-05,0
0.7583466487297384,0.24160477026734833,1.4540421503233256e-05,2.7713746930708156e-07,1.667902056056367e-05,1.2282619620930541e-05,4.80180375912322e-06,0
0.7604259878159769,0.2395258636291893,1.4725491811017645e-05,2.750218617486984e-07,1.66278933331984e-05,1.1755000001053626e-05,4.765147826772848e-06,0
0.6738861345294971,0.32606921865351973,1.464292023115503e-05,2.059261913303298e-07,1.4043667203099963e-05,1.1341983415179009e-05,4.412319942430085e-06,0
0.6577546563034723,0.3421917049506422,1.851576642599093e-05,2.0748050451716407e-07,1.9163330991684665e-05,1.1265967092072144e-05,4.4862008711435355e-06,0
0.5463108175840715,0.45362061641495355,2.0337316456246826e-05,2.491107579243733e-07,2.953608305966777e-05,1.3526444846411923e-05,4.917045854757961e-06,0
0.5770289320448121,0.4229010477202261,2.045756706125211e-05,2.5058370148692127e-07,2.971072418624179e-05,1.4655240620415544e-05,4.946119392564457e-06,0
0.5393655165518075,0.4605595213962096,2.227799032386711e-05,2.7288197371319084e-07,3.0921056650298145e-05,1.6747211769490853e-05,4.742911265640545e-06,0
0.8111188963607568,0.1888496445306684,1.1880598752909435e-05,1.2006426039642746e-07,1.0660380984275076e-05,6.5784896149097655e-06,2.2195749624334288e-06,0
0.7713946025994002,0.22325323919641726,1.1700615732526851e-05,1.9091739954191692e-07,0.0053301144630726075,7.558570737144351e-06,2.593637240780202e-06,0
0.8441276111923817,0.15578004208702467,8.909420344961553e-06,1.4689465807757498e-07,7.528868360824477e-05,5.815675609724657e-06,2.186046372838569e-06,0
0.46923803961784766,0.5303917977231275,2.2989676274281827e-05,1.606165728274882e-07,8.680082601727456e-06,1.7011052666500078e-05,0.00032132123090955857,1
0.4538948077410082,0.5440276984009398,3.4124232652711157e-05,1.8153091277010712e-07,1.1046313541753595e-05,1.7342711000937753e-05,0.0020147990699439355,1
0.5277427478105279,0.4690564324270443,3.0444152207858034e-05,1.6636851950911874e-07,1.3178858942246717e-05,1.9622956825692875e-05,0.003137407425932557,1
0.5103254512279622,0.4863182831470652,3.3208401321969923e-05,2.395007372565124e-07,1.6090904759378972e-05,2.1529297152908426e-05,0.0032851975210010874,1
0.6579487019508032,0.34198274722204514,2.0766498936205147e-05,2.0335308481235695e-07,1.112303063404407e-05,1.9690185386417615e-05,1.6767759110051684e-05,0
0.5978167088438138,0.40211375949591954,2.606723946878544e-05,2.5495313761448004e-07,1.3601580806152082e-05,2.501817494108608e-05,4.589711913030151e-06,1
0.15105534017691474,0.848856020801623,2.1769413163868628e-05,1.5387352630417408e-07,1.0609360788198504e-05,1.4581608665207804e-05,4.1524765318750584e-05,1
0.299873741235932,0.6999760009590449,3.745958270718868e-05,2.497168249210193e-07,2.155473264461694e-05,2.3604451238755874e-05,6.738932160747892e-05,1
0.3179425197634386,0.6819762080192755,3.148698958730321e-05,2.5297659861253857e-07,1.9755799998315436e-05,2.1624552283884988e-05,8.151898817805266e-06,1
0.23171735360047652,0.7681799066909659,2.147600319103796e-05,9.928621917275743e-08,4.489940592288527e-05,1.6977910078560384e-05,1.9287103145870622e-05,1
0.24725117162890395,0.7526315137807131,2.8570371644490894e-05,1.1576349124488326e-07,3.3562374482700574e-05,1.9795518059923478e-05,3.527056270460053e-05,1
0.2887381367649599,0.7111600117424776,2.8157433726034636e-05,1.1409031962140147e-07,2.768194880516034e-05,1.950940627516466e-05,2.6388613436439546e-05,1
0.11736360642836906,0.8613585126097139,0.0017620437039994308,1.4618944621893019e-07,0.018126518927962854,0.0013865021411635782,2.6699993448405887e-06,1
0.5418809180520247,0.4388172484083266,0.000780619921388334,2.4710676831035893e-07,0.01561977423495106,0.0028976842753400166,3.508001200881801e-06,0
0.09762893695095418,0.8991752685060713,0.0013776388639844903,1.3102766075742627e-07,0.0010398107407826713,0.0007665049943525036,1.1708916194204081e-05,1
0.0950981769480156,0.901860145268154,0.001418866227858653,1.0431561191803522e-07,0.0009500578996002878,0.0006606295961350458,1.2019744624463099e-05,1
0.024123007705772713,0.9750635115293904,1.1987890279300692e-05,6.353952636811206e-51,0.0007890852484445049,5.697828996401624e-06,6.709797116774645e-06,1
0.06779000398871929,0.9282825609262719,2.5400919027475067e-05,1.7676729563368546e-07,0.0038746192789508023,1.2702613122563248e-05,1.4535506612125633e-05,1
0.22073118730089764,0.7791408678797088,2.0153162639460247e-05,1.4728364133747485e-07,9.322264410700272e-05,1.1501018723356643e-05,2.920710282637086e-06,0
0.5469571643649505,0.45299340989146825,1.9001545428044787e-05,1.6915741075121964e-07,1.0043767525148152e-05,1.2315069890313143e-05,7.89620332695976e-06,0
0.15454937677373534,0.8454161942958216,1.4197911619735637e-05,1.0952920053375393e-07,6.463399547507218e-06,8.024805496806633e-06,5.633284578361233e-06,0
0.28507842313067416,0.7148683744080986,2.4813114836737167e-05,1.7138985928434554e-07,1.0355231263897916e-05,1.3776956220033593e-05,4.085769047289309e-06,0
0.31544452975394616,0.68449917401094,2.76196446607975e-05,1.98336830148842e-07,1.0368474830498311e-05,1.3794575917035131e-05,4.315202875391718e-06,1
0.24618220241298183,0.7537635618150255,2.670994401460023e-05,1.741084932245169e-07,1.1334778877499308e-05,1.2040639299829075e-05,3.976301307774264e-06,1
0.22529411171495536,0.7746538630502544,2.0593597263362598e-05,1.3000808716475808e-07,8.843799869184811e-06,9.322435204834074e-06,1.3135394365675102e-05,1
0.7328909364052983,0.2669924308901513,1.8613801138446225e-05,1.6808417236516432e-07,1.5807365384134376e-05,1.1344862684969569e-05,7.069859117035867e-05,1
0.7075779880510916,0.29230336416635805,1.893539413682952e-05,1.7098818388702587e-07,1.6080471236754894e-05,1.154086931359796e-05,7.192005967895843e-05,1
0.8441007430675976,0.15418169624267838,1.4329084835909246e-05,1.720124154973942e-07,1.2622072174466352e-05,1.1450984599885983e-05,0.0016789865356981542,0
0.8937510144825387,0.10099055050625853,1.5408219887514564e-05,1.6986840542377467e-07,1.3099875907707848e-05,1.2078696580251448e-05,0.005217678350421766,0
0.8946468325979487,0.0996709471532389,1.481542790169798e-05,1.6333315150646447e-07,1.259589157272484e-05,1.2775029942455928e-05,0.005641870566244058,0
0.7690255357394264,0.22850601580755478,2.3639894042881965e-05,1.905004323477398e-07,1.384158280619892e-05,1.4899906754060611e-05,0.0024158765689833574,0
0.5831003697313225,0.4102272827355888,4.042988505749853e-05,2.6898968649176626e-07,2.1059295239168758e-05,1.92824858193906e-05,0.006591306877286122,0
0.5343591930244305,0.45985810329597915,3.797805454264913e-05,2.4491088417012357e-07,1.852643437485494e-05,1.9104415128551894e-05,0.005706849864660177,0
0.5822793764850505,0.4090453969197891,4.0363915619295254e-05,2.8216429573736626e-07,2.4387429098585998e-05,2.218965578331052e-05,0.008588003430363544,0
0.5011031646506411,0.31507478884584744,3.465447644821045e-05,1.8363744148144691e-07,1.4244737479406371e-05,1.013756779727021e-05,0.18376282608434522,6
0.41800136139870236,0.07111263783511777,2.833949253405145e-05,1.2260057155342545e-07,7.925425724266249e-06,6.771620961545837e-06,0.5108428416263883,6
0.7730368347711747,0.008073144585044108,4.32175955183004e-05,2.3408480502032125e-07,1.4411601865044285e-05,1.2922476822048492e-05,0.21881923488477067,6
0.5532198147039316,0.003321279393073338,2.4753876987991154e-05,1.4817236657109263e-07,9.053592452957712e-06,8.655730231765944e-06,0.4434162945309559,6
0.03944335184540346,0.00021302584918693652,4.55447470224818e-06,2.2840670256059502e-08,1.1445754077266298e-06,1.1052426739598136e-06,0.9603367951719555,6
0.041971144191617515,0.00025142825752613214,5.375514956066347e-06,2.695818345580458e-08,1.350909297957709e-06,1.304486008237354e-06,0.9577693696824106,6
0.041971144191617515,0.00025142825752613214,5.375514956066347e-06,2.695818345580458e-08,1.350909297957709e-06,1.304486008237354e-06,0.9577693696824106,6
0.02292833970514931,0.0001624399350963904,3.981914118207567e-06,1.731166004306346e-08,8.675095840043293e-07,8.376980719995621e-07,0.9769035159263202,6
0.016039858851873787,0.00015779488829192537,9.175636670662646e-07,1.009179138388766e-08,4.3442552842991844e-07,4.3780930640670514e-07,0.9838005463695411,6
0.0029568702382601468,1.093957280718819e-05,1.4990299866097425e-07,1.7911262643945888e-09,6.610152817451612e-08,6.938618168204172e-08,0.9970319030070979,6
0.02011235638356789,6.870845679552582e-05,5.994344219503838e-07,6.170360398594917e-09,2.459292307647783e-07,2.7300608908904024e-07,0.9798178106195343,6
0.01808556836545677,7.215307332483283e-05,4.3092119769500684e-07,5.894737851299193e-09,2.277494946824041e-07,2.383132430805128e-07,0.981841375682545,6
0.020117580725069327,9.963209512895995e-05,3.9005478862703036e-07,6.494124168746073e-09,2.0855010082278545e-07,2.139700982641192e-07,0.9797819681106897,6
0.025824723483670962,0.00014359770300466552,5.251028437064966e-07,6.2053055600158815e-09,2.4825042905407764e-07,2.6357454520509086e-07,0.9740306356802009,6
0.039501878424813765,0.00016284054181224346,6.865146931388586e-07,7.785919558064832e-09,3.160526613636194e-07,3.3071219244119097e-07,0.9603339399679076,6
0.8752960064878861,0.010025046576802185,1.3040886478561863e-05,1.2363936195792314e-07,5.833105401192428e-06,6.660366013907465e-06,0.11465328893805594,0
0.8819380590247677,0.010458377727393107,1.0778291283490733e-05,1.794505899242575e-07,5.696518079141176e-06,5.960740767394517e-06,0.10758094824711899,0
0.8146586661392602,0.010136291594073579,9.110934294594675e-06,1.6787850656862063e-07,5.127518260704357e-06,5.574534939709814e-06,0.17518506140066464,6
0.892345096376061,0.012313655638314403,1.0775019799908033e-05,1.8457557168460488e-07,6.312222489012722e-06,6.867288812365324e-06,0.0953171088789517,0
0.9477604199916269,0.01300234487619548,1.3535865943236318e-05,1.427151515905279e-07,1.6538125428660984e-05,6.73728743781142e-06,0.039200281138216206,0
0.9762650279055453,0.01590160069925362,1.228777402539592e-05,1.4009920455262726e-07,6.360519568883874e-06,5.950808347213643e-06,0.007808632194055164,0
0.03401628423740867,0.002712826700215038,3.3121325877466428e-06,1.122515080707644e-08,1.030795189935403e-06,1.35518134947983e-06,0.9632651797280982,6
0.04208847372610506,0.0038086351612085807,5.0380930733089034e-06,1.6641804520056513e-08,1.7096195995108934e-06,2.0091189414624448e-06,0.9540941176392675,6
0.2158017160102503,0.031208367815682668,2.1266137115450185e-05,8.890682390782196e-08,5.178780104987615e-06,4.659910748825859e-06,0.752958722439274,6
0.2179967676916731,0.040388335070937136,3.457921405422862e-05,1.6293871547598762e-07,9.267670356616465e-06,1.1137418506689092e-05,0.7415597499957569,6
0.7359408274076731,0.26011432530472545,4.156767246244084e-05,2.749954587273737e-07,1.8980041062200052e-05,1.9326820647885494e-05,0.0038646977579701084,0
0.7369225708193701,0.2586747276993294,4.133761699867994e-05,2.734735017824225e-07,1.8874996399121773e-05,1.6029913411727594e-05,0.004326185480989328,0
0.7648190614687154,0.21678251257773629,3.239433548708907e-05,1.8346343836883383e-07,8.473835311286337e-06,1.009274415949943e-05,0.018347281575152,0
0.7664184648074048,0.2157036098068142,2.706307364902158e-05,1.8177525092937737e-07,8.354972332131187e-06,9.95904121977784e-06,0.017832366523329056,0
0.7688619452376318,0.21916846777711255,2.1142133590304382e-05,1.823258532806881e-07,8.102255267938111e-06,9.989207435939689e-06,0.01193017106310817,0
0.896056190418585,0.09774635069934315,1.3466185274740209e-05,1.8541572281887627e-07,5.575992323657852e-06,1.1705298886081228e-05,0.006166525989864312,0
0.8907558944078191,0.10406792088163336,1.3304764531017387e-05,1.8488116140085503e-07,5.924983610535681e-06,1.1564986094214818e-05,0.0051452050951504595,0
0.9006909655441389,0.09727070161726271,1.4599308609028859e-05,1.41400365546892e-07,5.0337170988777385e-06,8.445977510912163e-06,0.002010112435014137,0
0.8397386248318799,0.15970401116142507,1.599341065003872e-05,1.5952716342741513e-07,1.2025893499125537e-05,9.77032134038059e-06,0.0005194148540418853,0
0.829804968625094,0.16995487624951594,1.5830233240509744e-05,1.3660851216193714e-07,7.700532361572323e-06,9.908508369702699e-06,0.000206579242906078,0
0.8298158650670836,0.169957107982899,1.583044111250944e-05,1.366103060132448e-07,7.700633479795688e-06,9.908638481585293e-06,0.000193450626637503,0
0.8318205298681354,0.1680694322902979,1.4600943650152716e-05,1.2600024004089903e-07,7.10255100978376e-06,9.616189209547067e-06,7.859215745722525e-05,0
0.8284542521237854,0.17143414313575378,1.4893251137505348e-05,1.2852273546685723e-07,6.6087093886148135e-06,9.80870307530127e-06,8.016555412407038e-05,0
0.8226341131613093,0.17730262662229887,1.5403072557922223e-05,1.329222881868519e-07,6.8349367970240625e-06,1.0144471732401556e-05,3.074481301632862e-05,0
0.8026519993668283,0.1972877685304926,1.560621324742504e-05,1.3467531020054627e-07,7.110436137761718e-06,8.623239558194201e-06,2.8757538425601948e-05,0
0.7804815829116939,0.2194864271722249,1.4227312713470591e-05,1.227759561290738e-07,6.540038184923083e-06,7.763496789462666e-06,3.3362924371839295e-06,0
0.7814121751080998,0.21855539685166203,1.4440727878184802e-05,1.2461764270952147e-07,6.638141274001254e-06,7.879952228339238e-06,3.344601214897491e-06,0
0.636980963554055,0.3629694545380793,1.9762917982551216e-05,1.9712632382120585e-07,1.4260454428115465e-05,1.0784141277971745e-05,4.577267853250962e-06,0
0.5106004904241005,0.4893264793757457,3.0156103054975446e-05,2.382143963765862e-07,1.8030424511877394e-05,1.7923572276582528e-05,6.681885914118149e-06,0
0.36259797617468503,0.6373016980125057,3.4318202982304825e-05,1.9093730313191177e-07,1.911452399953e-05,1.769590185931136e-05,2.9006246665088494e-05,0
0.02116574255131543,4.684319222790833e-05,6.494344399206243e-07,6.759629760782935e-09,3.5866241358809146e-07,2.9959833352759056e-07,0.9787860998016399,6
0.03844349985409617,8.402741256975615e-05,6.152792627459678e-07,9.660291750814758e-09,6.897828445099504e-07,4.281606260043464e-07,0.9614707298503091,6
0.016867768221062552,4.15041114640705e-05,4.1498539161478164e-07,4.477267539595106e-09,2.3230732929058182e-07,1.7590688232594896e-07,0.9830898999906026,6
0.020058288014387877,0.00011210767284317288,4.921849924758656e-07,6.304741627194446e-09,3.3056451540559425e-07,2.3576561452660022e-07,0.9798285394929048,6
0.01868876748210932,0.0001518529643749737,4.374993290007405e-07,8.655849884445195e-09,3.527834123027972e-07,2.9387473916965954e-07,0.9811582867401853,6
0.5107909060215374,0.013317734923218198,7.63521867809213e-06,1.0204975756997287e-07,5.201897609178581e-06,4.9236235126630975e-06,0.47587349626568687,6
0.7145058981201009,0.021559918125509673,1.0589529294339746e-05,1.4153607680789173e-07,7.214678379364657e-06,6.8287311234776816e-06,0.2639094092795154,6
0.8024670075434449,0.029913318423647545,1.2112558838771982e-05,1.6189237599643745e-07,8.205676123645908e-06,7.810867247091748e-06,0.16759138303832197,0
0.8226082634194701,0.02833860283159504,1.118685872533256e-05,1.4951978050941533e-07,7.215556992559612e-06,7.213923133718413e-06,0.14902736789030285,0
0.8716600654785905,0.03961327478142772,1.3156969359822142e-05,1.8365693310425253e-07,1.0549649636122787e-05,8.48436258692663e-06,0.0886942851014658,0
0.9502756254093355,0.03852727774364241,4.605996643502282e-06,7.182109777991373e-08,4.375566109122579e-06,3.1759112326378866e-06,0.011184867551939155,0
0.950364016394305,0.03927346929408451,7.5165608392368856e-06,1.4987615691242296e-07,5.914750690767524e-06,5.310276351551968e-06,0.010343622847571947,0
0.9454204750898046,0.04247811910833944,8.333018879217445e-06,1.6615588855162816e-07,8.3263314382511e-06,5.8870850695910815e-06,0.01207869321058032,0
0.8881029395717256,0.10106216310454517,1.0766445907172812e-05,1.6788070510907818e-07,6.542138592175882e-06,7.6062449721258015e-06,0.010809814613552909,0
0.9211386156914001,0.07207223595656415,8.27964326114409e-06,1.2910410368629242e-07,6.1347984111180175e-06,5.849376430165877e-06,0.006768755429829672,0
0.9242756775276841,0.07231768768014138,8.307840703364104e-06,1.2954378513019537e-07,6.1556912948175776e-06,5.869297270800008e-06,0.0033861724191203996,0
0.8976032199317062,0.10197210374783065,1.0234703448800636e-05,1.224918617406447e-07,8.080127853852634e-06,6.156098000949544e-06,0.0004000828992978291,0
0.8411709269925333,0.1587481543204741,1.098806298806777e-05,2.084808351754754e-07,1.3394475545709172e-05,8.378434369101973e-06,4.79492332546505e-05,0
0.8411761067759409,0.1587491318638358,1.1221021193747403e-05,1.63036131844996e-07,1.3394558026546252e-05,8.37848596203503e-06,4.160425890899517e-05,0
0.8308401482256723,0.16911077602897728,1.09819599078098e-05,1.6872885642407894e-07,1.0595874226813406e-05,9.728122665711323e-06,1.760105969368303e-05,0
0.7939310627538195,0.20601865780779116,1.2612680904995102e-05,1.9964810460574783e-07,1.2164429017656447e-05,1.2705464145585648e-05,1.2597216216347374e-05,0
0.6348023098317814,0.3651502801401679,1.3040210648228356e-05,1.9094291070559029e-07,1.9180378839691374e-05,1.0516735692910576e-05,4.481759959195621e-06,0
0.6756973579260788,0.32425742907406985,1.4988757011907598e-05,2.0942351472951763e-07,1.4448395210380922e-05,1.1124039569282067e-05,4.442384545108751e-06,0
0.8148882944117124,0.18508264480886813,1.0459310460508255e-05,1.3349827928756517e-07,8.719345815358573e-06,6.646523260999291e-06,3.1021016031878155e-06,0
0.8084321280440704,0.1915253635071351,1.5582717073079088e-05,2.501133043784272e-07,1.202539484986834e-05,1.0389363112461318e-05,4.260860454650962e-06,0
0.620649363464797,0.37929056160586644,1.8346882582675787e-05,2.2473003434609972e-07,2.4210284950338018e-05,1.2857222199723674e-05,4.435809569318437e-06,0
0.6681786841885234,0.33176830084235304,1.8809458128493687e-05,2.0083357960868838e-07,1.7056263402987e-05,1.2935390698336146e-05,4.01302331420431e-06,0
0.8433872276638495,0.15657921439801864,1.1180284038522147e-05,1.303720817357481e-07,1.4249112324176443e-05,5.757568146219197e-06,2.240601541244404e-06,0
0.8178826365727806,0.18196109355139745,1.114005659134353e-05,1.323738165218492e-07,0.00013739767200462405,5.522983926788772e-06,2.0767894828978925e-06,0
0.7817409271019786,0.21497446528072556,1.1048175177349172e-05,1.5918713132192597e-07,0.0032636245156101346,7.278280522839657e-06,2.497458854240213e-06,0
0.8377931552374751,0.1621456206166162,9.776070251368512e-06,1.5963402012023842e-07,4.259277451978259e-05,6.320037021395896e-06,2.375630095964394e-06,0
0.2909094007708503,0.7090292043680275,1.902730062265382e-05,1.420355521130339e-07,9.535802680097476e-06,1.1933293504233319e-05,2.075642876317039e-05,1
0.3689909719465854,0.6307755323888391,1.814596877212142e-05,1.3625799286844094e-07,9.623963560084395e-06,1.4431212496397839e-05,0.00019115826175411106,1
0.29300965537672974,0.7063119534931562,3.036020602912181e-05,1.5288331074815505e-07,9.827865095254309e-06,1.3390456731130301e-05,0.0006246597189474649,1
0.5242494910084703,0.47194654186717555,2.923948667196748e-05,2.1087671601659535e-07,1.6690150984721966e-05,1.7926311268335692e-05,0.003739900298713047,1
0.240361237822628,0.7595669534124343,2.4894630197509014e-05,2.0330938601197218e-07,1.1424833475949077e-05,1.59361702368063e-05,1.934982164133548e-05,1
0.31463397680912025,0.6852834649496988,3.350328977453174e-05,2.492658028399171e-07,1.9466011379444858e-05,2.130735180905856e-05,8.03232241493695e-06,1
0.32468939684932663,0.6752014484724007,2.623619897099328e-05,1.2097338809068159e-07,3.0491923527582757e-05,2.148390331466857e-05,3.082167907130121e-05,1
0.2713060646874599,0.72858993272699,2.2698147819615318e-05,9.129886405493346e-08,3.368478235875607e-05,1.8282979047852588e-05,2.924537745976141e-05,1
0.2653562803116496,0.7344024207121075,1.9511077969605226e-05,7.847949838324681e-08,0.00019134822241691693,1.57158475023693e-05,1.4645348855503224e-05,1
0.23672874570092062,0.7614472143354619,1.6118558343435157e-05,6.483375113484204e-08,0.001782774476333928,1.2983229592854457e-05,1.2098865596003066e-05,1
0.2430804023178288,0.7547442232139957,1.5173517160474184e-05,1.5341466108486343e-07,0.0021353357711538256,1.2791535907311395e-05,1.192022929288597e-05,1
0.18079657700817747,0.8162130524917247,1.558774972553376e-05,1.5760283630533698e-07,0.002949238758398763,1.3140741083270194e-05,1.2245648053999106e-05,1
0.10330670646924124,0.8796247191206943,0.00027454294564501153,1.941739777093775e-07,0.012867364338567383,0.003921770519104947,4.702432769703142e-06,1
0.08138187122770131,0.9057978795494374,0.00030056707720692175,1.8349599630670052e-07,0.01025052508431926,0.0022660300240388348,2.9435413001613824e-06,1
0.5004141660574302,0.4776043758870616,0.001143460385225929,2.689485754819708e-07,0.018544838882592486,0.002289071765120465,3.8180739937533e-06,0
0.10047330051985395,0.8917515732432797,0.0017214555819534637,1.41970531956653e-07,0.004916168672913613,0.001126326450556523,1.1033560910847086e-05,0
0.043170407908031685,0.9541012371642393,1.6480939469416352e-05,1.1463225728862343e-07,0.0026911946851486024,9.095628068802143e-06,1.1469042784934258e-05,1
0.2936361072381963,0.7030491155807254,1.7668760748068013e-05,1.1257521130414695e-07,0.003284100099146032,1.0288819465730916e-05,2.606926507314466e-06,0
0.43722154997046536,0.5602727798190174,2.1707289793027005e-05,1.5449216616794813e-07,0.002470493815898776,1.0344577260328342e-05,2.970035399025398e-06,0
0.5340121838220908,0.4657102702018023,3.1242624331375285e-05,2.454553797524769e-07,0.0002245100552465199,1.6426734303491396e-05,5.1211068457403e-06,0
0.496511236819729,0.5034429362049898,1.8193862355283885e-05,1.6173858782110201e-07,1.000923083429337e-05,1.1768792110237404e-05,5.693351393717666e-06,0
0.13081880299800466,0.869156461231664,1.1353281648893962e-05,9.867910915978205e-08,5.158657919718543e-06,6.310438591811711e-06,1.81471306166058e-06,1
0.17740282634429766,0.822559311807648,1.835914853958825e-05,1.3824043060007647e-07,7.790989339462747e-06,8.840348840146724e-06,2.733120904621984e-06,1
0.2725006206089321,0.7274531536255913,2.2771394555896086e-05,1.5990131279189305e-07,9.011758845946821e-06,1.1121337357696133e-05,3.1613734040826963e-06,1
0.18454311784574878,0.8154058472144473,2.512088967911268e-05,1.6375025900836163e-07,1.0660439032112981e-05,1.1350121565495099e-05,3.7397392682256357e-06,1
0.23403348601408666,0.7659058740340574,2.9848757470321123e-05,1.945688162034673e-07,1.2666783034410616e-05,1.3486267015010091e-05,4.443575520030948e-06,1
0.23220511650466968,0.7677304086406114,3.173640879548859e-05,2.0687345180204888e-07,1.3467837142082885e-05,1.433914572621804e-05,4.7245896033544605e-06,1
0.689862982073441,0.3100612865165317,2.444092708407203e-05,1.722120547442886e-07,1.4941012370825811e-05,9.48068740802201e-06,2.669657110986628e-05,1
0.7085505267926124,0.29137486397805257,2.380831522372602e-05,1.677546383807011e-07,1.4554289657777806e-05,1.0073294077895927e-05,2.600557573736758e-05,1
0.72182054083287,0.2781057904913604,1.8280458210051835e-05,1.8405940036618297e-07,1.5524281159254376e-05,1.114169463124899e-05,2.853818236863576e-05,1
0.7385411830409123,0.261351680552363,1.693034595648804e-05,1.7046560260889561e-07,1.4377727720601845e-05,1.036794512396746e-05,6.528992232088138e-05,1
0.846740611236501,0.15136946158236703,1.5545543708816313e-05,1.604131121719058e-07,1.3038667589749753e-05,1.143236954861106e-05,0.001849750187172319,0
0.8906065259693897,0.10608998581243487,1.5319556342595385e-05,1.6927075659211292e-07,1.351563517139191e-05,1.2036200043704967e-05,0.003262447555861227,0
0.7996694775459172,0.19653223799414007,2.8088971414053878e-05,2.08810762635976e-07,1.5171994237658753e-05,1.6665331742990463e-05,0.0037381493517856163,0
0.6330794408783357,0.3613345443090054,3.805029804294919e-05,2.530250838701118e-07,1.981980555436214e-05,1.814757403819711e-05,0.005509744109939651,0
0.47887565685432243,0.5147507978801289,3.4332921339364186e-05,2.2584267063244857e-07,1.7969270772685273e-05,1.7616988106196408e-05,0.006303400242659912,0
0.5458392942428615,0.4225033068556825,2.481831113883907e-05,1.7242805155745429e-07,1.3290303075756787e-05,9.96489115235775e-06,0.03160915296803755,0
0.43505294883579976,0.003354057525186982,3.107217965955118e-05,1.8004315905500848e-07,1.099519004968157e-05,1.0274249048312196e-05,0.5615404719770966,0
0.012894312272045643,0.0001243884103055256,5.212948027118826e-07,7.4242367333254535e-09,3.0702869390750013e-07,3.2208354405798796e-07,0.9869801414863714,6
0.007712060343292748,7.77559971513633e-05,6.41502987599693e-07,6.400470624669966e-09,2.7702017416238487e-07,3.046139220057893e-07,0.9922089541220016,6
0.032068199506206714,0.00012627291656809855,4.2583298953427555e-07,7.29449865940144e-09,2.5394656847455144e-07,2.4953753358066903e-07,0.9678045909656349,6
0.03518297878816782,0.00016618809199646462,6.102914011595718e-07,7.945976483452524e-09,3.225498280580858e-07,3.3751071846186194e-07,0.9646495548219115,6
0.24877896331257773,0.00111574109130229,3.920861398745086e-06,5.104950259844667e-08,2.0015001831648603e-06,2.168362105652256e-06,0.7500971538229297,6
0.30225375262664395,0.001574007418574357,4.544925020797498e-06,5.9174793001662046e-08,2.320068815620016e-06,2.5134893039785335e-06,0.6961628022968482,6
0.8574057881653211,0.00941717138495124,1.277434315551234e-05,1.2111229093018562e-07,5.819440162492119e-06,6.524234463878913e-06,0.1331518013196548,6
0.8496039035918015,0.011770504727905971,1.0799801508195014e-05,2.008025728049805e-07,4.486453695440089e-06,6.22139248978451e-06,0.1386038832300261,6
0.8481800636315111,0.011089670867030405,9.842286794244525e-06,1.6859790009360592e-07,5.539114171256713e-06,6.272826152095172e-06,0.14070844267644084,6
0.939618535849341,0.01423065420305484,1.2312908097136082e-05,2.1091952435653902e-07,1.826785494583229e-05,7.84743764683075e-06,0.04611217082738978,0
0.9634294875113154,0.02480136911646151,1.5038116709728183e-05,2.0179032796899842e-07,1.3709514951628575e-05,7.71157181151246e-06,0.011732482378422376,0
0.9834844215348957,0.009309244903242933,6.832865865867509e-06,6.789324873022177e-08,3.200842154183473e-06,2.860513739006015e-06,0.00719337144685382,6
0.025054877623358365,0.001482368448382839,2.439569121634644e-06,1.7617603711556448e-08,7.592377567852008e-07,9.981661321883797e-07,0.9734585393376444,6
0.032199045585214595,0.0019299112796350472,1.843811822123867e-06,9.326001901424088e-09,7.283157605057387e-07,9.65011106818699e-07,0.965867496670459,6
0.03201170849287355,0.001959304882431842,3.5572598821860336e-06,1.1750323530148372e-08,1.0421496096855379e-06,1.4185839969626578e-06,0.9660229568808824,6
0.05131499743101422,0.006119297184722644,2.4451341667891727e-06,3.204959049059032e-08,1.1677302372857044e-06,1.7675271599111533e-06,0.9425602929431087,6
0.05055202325913216,0.00542977543148904,2.408778826061456e-06,3.1573062945273854e-08,1.2833131740049056e-06,1.6548522253429988e-06,0.9440128227920904,6
0.04383262234041972,0.010338427555259384,2.5124789187264435e-06,2.6026636483409652e-08,1.2275193466453203e-06,1.3641450427986059e-06,0.9458238199343763,6
0.06673610508396086,0.019230579217124906,6.949369734057965e-06,3.850447840325343e-08,2.23685121022366e-06,2.0181514185602112e-06,0.9140220728220729,6
0.1938224925890957,0.027312728769817628,1.4238937178050516e-05,7.889389542343128e-08,4.595531794583588e-06,4.135098917508926e-06,0.7788417301793013,6
0.2613293840219513,0.019252727500335277,2.2471931601442055e-05,9.394785968470581e-08,5.4724180356027484e-06,5.058733205126883e-06,0.7193847914470115,6
0.3155993197991216,0.060784689055061306,6.627256093290558e-05,2.6229271289191785e-07,2.010537721787537e-05,1.7928604053360437e-05,0.6235114223109,6
0.20339774294211968,0.036724260821049015,3.329590645000784e-05,1.568917159038059e-07,1.0569659577684724e-05,1.0724085403206496e-05,0.7598232496936844,6
0.2626635992825464,0.04513225780962855,3.091916040427561e-05,1.9420621696216267e-07,1.3669844731262752e-05,1.2551251448849132e-05,0.6921468084450236,6
0.6022400772864285,0.3894422402542289,6.179091945750471e-05,3.1776275866544127e-07,2.1407402973519435e-05,2.172017140775004e-05,0.008212446202744975,0
0.6695075813818563,0.32373021622598674,4.5016876613511344e-05,3.3406221928936574e-07,2.3056769955216108e-05,2.5204816484618693e-05,0.006668589866884487,0
0.7168787521154237,0.278581714361533,3.530875314393756e-05,2.8880344248689824e-07,1.9933036875166542e-05,2.179006588501138e-05,0.004462212863696818,0
0.7893121038340273,0.2027577088798725,3.7366054520008314e-05,2.6344695879450565e-07,1.4513408021449808e-05,1.461085974599694e-05,0.00786343351685384,0
0.8116514930028658,0.1667368590970544,3.357410940654711e-05,1.901450194695764e-07,8.78244512679012e-06,1.0460313246998867e-05,0.021558640887280024,0
0.9115279276788316,0.08134465494140634,1.6384438583075237e-05,1.8342262942349042e-07,5.64921468953208e-06,1.191663043192314e-05,0.007093283673428365,0
0.907075982870508,0.08650571757801802,1.631259739634948e-05,1.579942788137643e-07,5.624444461043213e-06,1.1864379336002992e-05,0.006384340136001931,0
0.902244098920815,0.09143733865220446,1.6062821384207977e-05,1.5557509442856602e-07,5.538323822259771e-06,1.0221616547191345e-05,0.006286584090132598,0
0.8395770963590659,0.15993613660105863,1.6016656637734204e-05,1.382172707026412e-07,1.5725505244722063e-05,9.150782718562006e-06,0.0004457358780039512,0
0.8231538461402983,0.1764650594624725,1.5873286983232844e-05,1.369800485535397e-07,7.721475624636675e-06,9.935456701015166e-06,0.0003474271978716934,0
0.8412602402523266,0.15853602675214523,1.3953745503434543e-05,1.27430122727869e-07,7.183152560375366e-06,9.242780099270702e-06,0.00017322588724255953,0
0.8406439560175283,0.15915246023616186,1.3943523371258684e-05,1.2733677090649676e-07,7.17789037934351e-06,9.236009091456069e-06,0.0001730989866970939,0
0.8421352489987796,0.15771209701472674,1.3968259025858499e-05,1.2756266491471362e-07,7.190623876641958e-06,8.517871021457107e-06,0.00012284966990486733,0
0.8026630423879163,0.19729048284876505,1.560642796032943e-05,1.3467716308609538e-07,7.110533964336967e-06,8.623358198173126e-06,1.4999766032579512e-05,0
0.7869168438074909,0.21303804283162256,1.5146678828604055e-05,1.3070971397157284e-07,6.9626541504247305e-06,8.494856823136664e-06,1.4378461370368081e-05,0
0.6157513969977346,0.38419205942685125,2.2246161554055785e-05,1.8875617401978973e-07,1.4156491049484593e-05,1.4705919767739772e-05,5.2462468687067796e-06,0
0.3351996159683091,0.6646941423189797,3.697595274463976e-05,1.7650983979294966e-07,1.4536325926963217e-05,1.504112002154902e-05,3.951180417826903e-05,0
0.03474104041082203,5.796409259156779e-05,7.709610095517701e-07,6.996745183330551e-09,4.625792424732462e-07,3.0800898678975477e-07,0.9651994469506024,6
0.03918282183957906,8.467871814675551e-05,8.375791523498918e-07,8.671990325515676e-09,5.688004460431109e-07,3.5490333319929653e-07,0.9607307294873524,6
0.01926074043761511,4.758806253625077e-05,4.664026617175143e-07,5.032007246238214e-09,2.7199291191462915e-07,1.977019909351667e-07,0.9806907303702768,6
0.016489689014542966,5.643784061084387e-05,3.078522421317484e-07,6.138407169769329e-09,2.4922976763829885e-07,1.8859949600308858e-07,0.9834531213249333,6
0.014050137081190748,0.00010182943695648597,3.581838252723416e-07,4.459609698978069e-09,2.2363542598647208e-07,1.7521312532704617e-07,0.9858472719898665,6
0.7703282128197542,0.025822136110519534,1.1416859115332305e-05,1.355806048750656e-07,9.282012506323622e-06,7.36224047417308e-06,0.20382145437702542,0
0.810895521896181,0.026557036289396294,1.1266104850432197e-05,1.3379032663687632e-07,9.12076740003174e-06,7.2650255449627125e-06,0.16251965612630073,0
0.9651035605804982,0.027278792843513967,5.0288708407950306e-06,7.841495605273929e-08,4.832883658706862e-06,3.5527809156393773e-06,0.007604153625616436,0
0.9629388187870537,0.030674199961796548,5.8707441525286795e-06,1.1705946251429633e-07,3.393102210029857e-06,4.1475449352379745e-06,0.006373452800389483,0
0.8351669899580293,0.16478150159273067,1.0826540598198e-05,1.8293756980223625e-07,1.2755918588091379e-05,9.923073165441589e-06,1.781997931843881e-05,0
0.8179936501977875,0.18195853926043357,1.0626269844622834e-05,1.982728743646989e-07,1.1582434025412998e-05,1.091496831545133e-05,1.4488596718980534e-05,0
0.8285487186017098,0.17139963551083628,1.0736991582300993e-05,1.6789155600597352e-07,1.0543293239136914e-05,1.0682948576434742e-05,1.9514762500283474e-05,0
0.8162432746417778,0.18372637055468535,1.0531059779542032e-05,1.5819269536658903e-07,7.634493725447274e-06,8.57917930206344e-06,3.451878034506422e-06,0
0.8373360242874357,0.16263259910036887,1.0276057222482362e-05,1.6303169388924788e-07,8.494051485014916e-06,8.841610104396673e-06,3.6018616899274948e-06,0
0.7555931348230741,0.24436274495809407,1.3045525610825371e-05,2.069698612961452e-07,1.5672268568949982e-05,1.0622866500992241e-05,4.572588289971498e-06,0
0.5021890563084642,0.49776274123572556,1.4517545955134559e-05,2.1453171790381664e-07,1.7774528022891063e-05,1.1014614213753267e-05,4.681235900437901e-06,0
0.6351584835480678,0.36479620874331764,1.45661825665693e-05,2.066845886301616e-07,1.6851326411784563e-05,9.566452484297247e-06,4.117062563364524e-06,0
0.7733611433438963,0.226597285111108,1.4895883669341777e-05,1.720927576066113e-07,1.2263404898352394e-05,1.0519126453519704e-05,3.721037216913095e-06,0
0.7217126596871936,0.2782470235604892,1.4482998550668731e-05,1.7321742928390586e-07,1.1371611004606058e-05,1.0358237394656123e-05,3.930687937993645e-06,0
0.7474013424862842,0.25256237952746047,1.3597145803305109e-05,1.6262258353524513e-07,9.504390435384497e-06,9.764329911653845e-06,3.2494975213539634e-06,0
0.7338818916130931,0.266059926502704,1.3151015780574445e-05,1.7448703286380984e-07,3.3460754005164533e-05,8.396857175582683e-06,2.9987702087494928e-06,0
0.8741393110203706,0.12582885974788102,1.259985118595296e-05,1.6335036767041744e-07,5.788324628966372e-06,8.247749432380722e-06,5.029956133319995e-06,0
0.6951172419181985,0.3048431939664905,1.6880692439398254e-05,2.158046652931432e-07,8.607655346909619e-06,1.0058208596816968e-05,3.801754262724051e-06,0
0.6463303078103185,0.3467638863159321,1.9767760770238234e-05,1.9612706888343535e-07,0.006868308658688686,1.4604651344827279e-05,2.9286758767632374e-06,0
0.7093260900307836,0.2904919867086342,2.208253007969086e-05,1.9406070246265065e-07,0.0001435260919051562,1.2511604375216497e-05,3.6089735196055255e-06,0
0.6053851888562372,0.3941049309418657,2.0865604731163563e-05,2.012438264173161e-07,0.0004719979555680925,1.2806712705227926e-05,4.0086850661784284e-06,0
0.4968413453853562,0.5030868147362391,2.3931608419525896e-05,2.1760122338112804e-07,2.5048314004093277e-05,1.797987733715642e-05,4.6624774207647035e-06,0
0.600586740191006,0.39935284947280403,2.1299555904285915e-05,1.8026758749481557e-07,1.4789455669909433e-05,1.9966096805224808e-05,4.17496022301374e-06,0
0.6005881459426464,0.39935378421026274,2.1299605758676046e-05,1.8026800943462856e-07,1.244885978912355e-05,1.9966143538479905e-05,4.174969995052964e-06,0
0.5989359099188337,0.40100578001813725,2.13877152515967e-05,1.810137191478063e-07,1.2500356644787801e-05,2.0048736934934667e-05,4.192240478525326e-06,0
0.27010947912029903,0.7292078660469373,3.577916730986815e-05,1.801712922796996e-07,1.2308919989116243e-05,1.6749056957782226e-05,0.0006176375172147404,1
0.5056364325547462,0.487204366192259,2.991612196982021e-05,2.3491801103015403e-07,1.742557243972976e-05,2.3973452420767847e-05,0.0070876511881533665,1
0.5013496647287742,0.49539050138898283,3.1708828075139216e-05,2.352883126579746e-07,1.6367182243112624e-05,2.3884459412561e-05,0.003187638124199672,1
0.49212559413328977,0.5059105417146961,2.97145169421318e-05,2.2048997005482345e-07,1.4813662576539782e-05,2.1463257947765748e-05,0.001897652224577521,1
0.6057482380454686,0.3941828148127732,2.3435512669759738e-05,2.2948903472823882e-07,1.3597382065324889e-05,2.05624393884503e-05,1.1122318599677955e-05,0
0.6866973780138006,0.31324458658576937,1.987395819523217e-05,2.0964688990119162e-07,1.1809760480561179e-05,1.6741717206465642e-05,9.400317657960154e-06,0
0.7108538522227551,0.2890798943589134,1.905151643030978e-05,2.161770762723308e-07,1.1304183887660301e-05,1.555132949243524e-05,2.0130211444825528e-05,0
0.59545591485506,0.4044776785798764,2.438049656964781e-05,2.389761078755524e-07,1.3561634448371438e-05,2.346266582983853e-05,4.7627921079344686e-06,0
0.30920907584318214,0.6907257372076686,2.4423408025563298e-05,2.150690178421554e-07,1.3413014932165893e-05,1.9012173930161906e-05,8.123283243697812e-06,1
0.26240824819128056,0.7375307899583302,2.395410233645488e-05,1.96639690842389e-07,1.2363250113474751e-05,1.5448511567667352e-05,8.999346680793583e-06,1
0.2812651991713267,0.7185790696844625,3.758149774679924e-05,2.4771176161500105e-07,2.556387225757922e-05,2.3414922883778207e-05,6.892313956116332e-05,1
0.31289301619783616,0.6870065075585904,3.0011355406400867e-05,2.4213584370516867e-07,1.9807148104908124e-05,2.2767009149605357e-05,2.7648595068841896e-05,1
0.21750527507911901,0.7824075238369157,2.0798421656057773e-05,9.59001544946988e-08,2.733517412433853e-05,1.6398894157687824e-05,2.2572693872587307e-05,1
0.13726261531730288,0.8582745967151764,1.6099636229007503e-05,1.6277835979233096e-07,0.004420305499526379,1.3572270208680156e-05,1.2647783197012318e-05,1
0.13920802149847034,0.8239186993861605,0.0019707520363783245,1.7697466122395347e-07,0.0322214171616842,0.0026779425588061936,2.990383839174995e-06,1
0.24154548943666676,0.7423849023641822,0.003578536975432727,1.8238750296820866e-07,0.010303089260243611,0.0021849632260131334,2.836349958773364e-06,0
0.4537161897553927,0.532340946402329,0.0008036453397566163,2.3203719656990333e-07,0.010414101775751132,0.0027209167636457875,3.967925928233778e-06,0
0.054410750838231915,0.9413566495158382,2.4353245380428865e-05,1.748298150004064e-07,0.004179830578257493,1.3864804150830482e-05,1.4376188326155734e-05,1
0.16432075438422392,0.834903992935063,2.0323781106846228e-05,7.864455585865026e-51,0.0007430641652265664,7.609325015445074e-06,4.255409364178276e-06,1
0.5327579242688121,0.4660649735870647,2.8913983122110538e-05,2.4393070742750776e-07,0.001127330105075316,1.6333255670758498e-05,4.280869547682862e-06,0
0.09764771724131109,0.9023276744255476,1.2113037327181645e-05,9.120855972016363e-08,4.7681192397540196e-06,5.832703801872821e-06,1.8032642127165365e-06,1
0.1665188675354199,0.8334420584403452,1.9308820038630847e-05,1.4539125225573115e-07,8.193997164639286e-06,8.551317565158628e-06,2.8744982141938382e-06,1
0.22519888694847146,0.7747449611106434,2.661969395463024e-05,1.7352019914399742e-07,1.1296479865233253e-05,1.4099381057464039e-05,3.962865808572574e-06,1
0.7318247449400158,0.26812659595477767,2.2000579315741607e-05,1.66461381131777e-07,1.1329471176535655e-05,1.0000876790905297e-05,5.161716542076096e-06,1
0.7263257420172005,0.27359950324769966,1.9554784113831644e-05,1.833540247167493e-07,1.5456684300619986e-05,1.1145993145891155e-05,2.8413919514886478e-05,1
0.8142594627879303,0.18561383103500662,1.8977747984791074e-05,1.884824022692767e-07,1.4983315448558217e-05,1.2227875330493154e-05,8.03287558970976e-05,0
0.8335628819506635,0.16633204407037683,1.3030951479272585e-05,1.564290717688941e-07,1.3193832462727451e-05,1.0179541615396577e-05,6.851322433037039e-05,0
0.8395620387301761,0.16032114640890635,1.3180619272460496e-05,1.5822574747590783e-07,1.2378973418269022e-05,1.0247672239750396e-05,8.084937023954907e-05,0
0.8591677338151311,0.1390733061433423,1.502248684632678e-05,1.6202078661527122e-07,1.3169342273232698e-05,1.154694577060166e-05,0.0017190592458497602,0
0.6551110064606704,0.3426116997568945,2.236618206870181e-05,2.011647716609084e-07,1.6062252676383915e-05,1.5734013319602798e-05,0.0022229301695986547,0
0.7201095409096673,0.27672310035266756,2.036658613388889e-05,1.8812671061881147e-07,1.3202017321671446e-05,1.4714247162713554e-05,0.0031188877603361845,0
0.7688405409974781,0.22807179004549766,2.7761173813235842e-05,2.0637394620691975e-07,1.4994937440618427e-05,1.647084773424332e-05,0.003028235624089987,0
0.7764500114783386,0.2182854868983541,2.658938683264528e-05,1.9766299237891308e-07,1.5483216186797157e-05,1.577562046957075e-05,0.005206455736825808,0
0.7612274263547657,0.2345280384074613,2.6496210116680987e-05,1.9378773745871648e-07,1.517966209715081e-05,1.546633368751766e-05,0.004187199244134067,0
0.8087138353221739,0.1613809032789742,2.334884248259337e-05,2.232974824513033e-07,1.880149010001579e-05,1.7209126804210484e-05,0.029845678641982475,0
0.7049693280739623,0.2889281131087251,1.8340302993634875e-05,1.6395703215917726e-07,1.309135420117135e-05,9.48030466808778e-06,0.006061482898417498,0
0.060330250919537816,0.0004725099725478969,6.215827473451475e-06,3.529878627371487e-08,1.6157641140594053e-06,1.7071864929147954e-06,0.9391876650310477,6
0.215975385410084,0.0011057098980669512,1.559346850469198e-05,1.048576247823956e-07,4.956204647644804e-06,5.071322263591081e-06,0.7828931788388084,6
0.024045920928093868,8.06930967486814e-05,6.104024577614763e-07,6.421325832478587e-09,2.754301382356087e-07,3.056064719317819e-07,0.9758721881147637,6
0.02428603565365773,7.451469948405963e-05,4.604215643131401e-07,6.202007596609688e-09,2.660229139958055e-07,2.951685851085972e-07,0.9756384218317872,6
0.03327328371949245,0.00015760057116560142,6.053931183194916e-07,6.865901294392564e-09,2.7735108868415207e-07,2.9163379524020306e-07,0.9665679344654384,6
0.030319492424479753,0.0001571798344194466,5.259283366991555e-07,6.84757181151912e-09,2.7796245244627443e-07,2.908552380740028e-07,0.9695222261475017,6
0.23401874933989786,0.0010709350855776267,3.763407183204159e-06,4.899945324246436e-08,1.8990225726635644e-06,2.0812848744949847e-06,0.7649025228604409,6
0.07756438548211556,0.00033673699177513014,1.1833382160726912e-06,1.5407029525598247e-08,6.040641112622648e-07,6.491369975587446e-07,0.9220964255797549,6
0.3911293448536979,0.005308216410126886,5.827369651939499e-06,5.7807707084071044e-08,2.268868515491134e-06,3.2096783132384524e-06,0.6035510750119875,6
0.8404214597942196,0.011614356786322205,1.1497165347423497e-05,1.779548030642464e-07,5.801186440655481e-06,6.569612557718321e-06,0.14794013750030927,6
0.9110614856869003,0.012425487259982044,1.2300111334495614e-05,1.6825798370207632e-07,1.2288677135722307e-05,7.028425132856299e-06,0.07648124158153106,0
0.02548457098694305,0.001203445822269191,2.4814079474844734e-06,8.409741363446243e-09,7.72258751354713e-07,1.0152847694934168e-06,0.9733077058295782,6
0.02553449280968151,0.0018729889740894997,1.742929228118633e-06,9.935788755403543e-09,7.392565920141824e-07,1.028109001618865e-06,0.9725889979856184,6
0.056864526841637876,0.004299290869848527,2.6237987801990222e-06,3.458906414164166e-08,1.2811762734248867e-06,1.7460290017771063e-06,0.9388304966953941,6
0.04919851399280438,0.003394391610339228,2.1993518325619562e-06,3.072770739849941e-08,1.119567286272513e-06,1.6946256272633709e-06,0.9474020501244029,6
0.04641020175354773,0.008691811161332644,3.488964697317567e-06,3.146690257209729e-08,1.4841038607072646e-06,1.649287997060837e-06,0.944891333261662,6
0.10791811976842075,0.009450755400843195,1.0401613361732792e-05,4.5116941558427114e-08,2.833205322428061e-06,2.364733230603751e-06,0.8826154801618797,6
0.12432503029665998,0.010430077835965538,1.2331650632148956e-05,5.155463285566423e-08,3.237472558137308e-06,2.7021546517617122e-06,0.8652265690348995,6
0.017419759878031894,0.002166568535361012,3.3282350426172325e-06,1.5370013040331512e-08,1.0633759830039894e-06,8.034351197373419e-07,0.9804084611704486,6
0.09124012449613847,0.021360668651325788,2.3664739704091625e-05,9.366001086258516e-08,7.1792686417427455e-06,6.436091670318388e-06,0.8873618330925087,6
0.31601713416371097,0.0733294758244166,6.441123773639664e-05,2.619929768374079e-07,1.774948755016597e-05,1.790811606883896e-05,0.6105530591775402,6
0.5578064001426538,0.4310523114711311,3.81021587863811e-05,2.916248068477056e-07,1.926442729981038e-05,1.81219359926309e-05,0.01106550823932923,0
0.6290146514064303,0.36111718165802803,5.631928389215361e-05,3.3551862167374833e-07,2.2164006432902537e-05,2.2933845375249172e-05,0.009766414281219759,0
0.7660150528951408,0.2284670419126055,3.497100724641271e-05,3.2389018526080135e-07,2.2497898033002756e-05,2.221640800212153e-05,0.005437895988787052,0
0.8489669655048798,0.12740179211556804,3.51176706112515e-05,1.9888688874053805e-07,9.621599846061765e-06,1.094122350798629e-05,0.023575362998698002,0
0.8685696525559943,0.11986710623573657,2.0987432347874117e-05,1.640199984250453e-07,5.030063281865987e-06,9.455417043589998e-06,0.01152760427559749,0
0.8768903270881765,0.11269984740109347,1.9732594852470853e-05,1.5394351353562676e-07,5.021586935086665e-06,9.943581219529416e-06,0.010374973804209384,0
0.9026531031533016,0.08948710502556469,1.6930704344245037e-05,1.9197859945954336e-07,6.155268947429005e-06,1.2845629496499889e-05,0.00782366823974596,0
0.9102670078730432,0.08413388615191189,1.4102193576660818e-05,1.3658560005503685e-07,4.862316075339363e-06,8.973966140008803e-06,0.005571030913653024,0
0.9101320221877546,0.08555861645724677,1.3978087533076059e-05,1.3538358149378726e-07,4.764079986173754e-06,8.894990948890782e-06,0.004281588812948972,0
0.902230990169558,0.0943199607558724,1.4280456761742907e-05,1.3458132783435535e-07,4.790965910797502e-06,8.202716393632078e-06,0.0034216403541753996,0
0.9019587091403103,0.0963832825994907,1.427614711431605e-05,1.3454071302189655e-07,5.250471332801459e-06,8.200240925501831e-06,0.001630146860113451,0
0.8959907451466063,0.10215821915019953,1.3218833816426406e-05,1.2457642196727746e-07,4.861613392636887e-06,8.24767963861022e-06,0.0018245829999244964,0
0.8175999633984968,0.18209036806083762,1.625240426785529e-05,1.3940273506351719e-07,1.5860380039526057e-05,1.0111179349489824e-05,0.0002673051742736227,0
0.8389409949837331,0.16091045717332075,1.4251531672655254e-05,1.301496024604696e-07,7.336447851833534e-06,1.0383732420023407e-05,0.00011644598139888398,0
0.7921236639259813,0.20781754591318025,1.4553665091682421e-05,1.3290878268611913e-07,7.017168997272278e-06,8.637774845881114e-06,2.8448643120933454e-05,0
0.7322962401978582,0.2676640974299293,1.4896447324304467e-05,1.3603918104125674e-07,1.137511662470859e-05,9.60362627220911e-06,3.651142810049983e-06,0
0.7176869881848621,0.2822741407041109,1.459926437959853e-05,1.3332521015027368e-07,1.1148183948661136e-05,9.412034688437733e-06,3.578302800065708e-06,0
0.7072472081934406,0.29271208483156963,1.5352476384451016e-05,1.518628525291569e-07,1.0986017726277373e-05,1.0690366739895384e-05,3.526251286536315e-06,0
0.9469354876220137,0.03983489376583225,8.088678549411939e-06,1.1290912478580349e-07,5.329496603136984e-06,5.4332844449496985e-06,0.01321065424343185,0
0.9454944129164794,0.04177702486767622,7.945979146644021e-06,1.239012942081387e-07,9.454676562793766e-06,5.707076152521355e-06,0.012705330582688232,0
0.9614684724048048,0.030962421682539144,6.036177622246477e-06,9.412184523318519e-08,1.1337963173682752e-05,4.264419854604263e-06,0.007547373230160312,0
0.9594676345905259,0.03298229577121071,6.429955566969401e-06,1.0026200695288934e-07,8.462359362794842e-06,4.542614863245631e-06,0.007530534446463123,0
0.9630242685648158,0.03251363645176049,5.144098158110389e-06,7.180599615826419e-08,3.839278993326839e-06,3.6341863497573887e-06,0.004449405613926339,0
0.9632081178296363,0.03318203741587168,5.266947600176507e-06,8.212727621666828e-08,3.93096722861503e-06,3.720976638688422e-06,0.00359684373574859,0
0.9371747755627405,0.059917961199030874,9.687852857764846e-06,1.1594699726801597e-07,7.648398423231771e-06,7.129301609686549e-06,0.0028826817383407616,0
0.9001785058382142,0.09948638102293102,9.890198207457822e-06,1.2099580960341415e-07,6.071937169011962e-06,6.101092923182651e-06,0.0003129289147455284,0
0.833100597139946,0.16574688864063505,1.2657261371845902e-05,2.2197638319739816e-07,1.0394073744828782e-05,8.990514618472558e-06,0.0011202503933006815,0
0.8254627271952194,0.1740508688658933,1.2627838023135479e-05,2.2146037200537021e-07,1.4086328868094987e-05,8.969615070068362e-06,0.0004504986965538453,0
0.8307400229245281,0.1692097291009996,1.122028518659388e-05,1.8149784288411828e-07,1.2848511726647708e-05,1.0464323154665403e-05,1.5533356561398576e-05,0
0.8364231759589874,0.1635272688837653,1.0887483426408968e-05,1.7540271893833615e-07,1.2417028518647523e-05,1.116088427054909e-05,1.4914358312826599e-05,0
0.8334084811517213,0.16653132581495655,1.2772168993683631e-05,1.867683376246403e-07,1.3481921024456729e-05,1.2043282404616076e-05,2.1708892561505205e-05,0
0.8237391045809475,0.17620200045168094,1.321355074931435e-05,1.9907682548588425e-07,1.4370412421800957e-05,1.2836964016671037e-05,1.8274963358457634e-05,0
0.8284736460915747,0.1714889961025797,1.0150019228577118e-05,1.420868628469268e-07,7.448119320155144e-06,7.705720355839747e-06,1.1911860078231273e-05,0
0.7276598127252912,0.2722948101944117,1.316192310283232e-05,2.0881653068261334e-07,1.6336596318296975e-05,1.1113217927615275e-05,4.556526417574319e-06,0
0.5335843340652512,0.46636019002755796,1.6369971400344032e-05,2.2794356506898845e-07,1.9569255444099343e-05,1.433484475958702e-05,4.973892021659739e-06,0
0.49740220855959993,0.5025550646072818,1.3414122672582547e-05,1.8678486782187986e-07,1.552089319590577e-05,9.871957375690785e-06,3.7330750063300244e-06,0
0.7606937915917585,0.2392787941067116,9.268808021533846e-06,1.212590402896894e-07,7.412697346493844e-06,6.037164195620774e-06,4.5743729258753735e-06,0
0.7285432065568235,0.27141560783019814,1.543273014545066e-05,1.770737034534822e-07,1.2335434579589653e-05,9.702117144570402e-06,3.5382574053397128e-06,0
0.8016107089237612,0.19833355696154956,1.5655339993410746e-05,1.825552247321671e-07,2.7973664058468575e-05,8.78512359098257e-06,3.1374318216854465e-06,0
0.7353463404922087,0.26314950099828527,1.239407000077946e-05,2.0005198213232265e-07,0.0014792791228603894,9.146684364608566e-06,3.1385802981415843e-06,0
0.8016935691353673,0.1982652162929156,9.862834304377569e-06,1.4786608146891666e-07,2.0864828202210323e-05,7.797786092679384e-06,2.5412570362154468e-06,0
0.7081906296520091,0.2917709413919531,1.6065371276358063e-05,2.1030078003242055e-07,8.238542809721938e-06,1.0276013320641634e-05,3.638727851335267e-06,0
0.7585832567913323,0.24122676658149134,1.8951738215926206e-05,1.6699829689840297e-07,0.00015786023792200744,9.891962492572494e-06,3.105690248861969e-06,0
0.5707036560314146,0.4292361672064494,1.985470156852581e-05,1.829727770481831e-07,1.994349150253785e-05,1.6275092403061954e-05,3.92050388479459e-06,0
0.6322622544423095,0.3676775456084049,1.90211345420031e-05,1.6993359511971437e-07,1.854624061183499e-05,1.882152336851834e-05,3.641117168203175e-06,0
0.633081712384315,0.3668650167000199,1.8979099824707324e-05,1.6955805965340774e-07,1.1709257329468493e-05,1.877992977103211e-05,3.6330706802048777e-06,0
0.6005881459426464,0.39935378421026274,2.1299605758676046e-05,1.8026800943462856e-07,1.244885978912355e-05,1.9966143538479905e-05,4.174969995052964e-06,0
0.43763505295362304,0.5587483647999975,4.177797106685795e-05,2.106256449435539e-07,3.721595270665287e-05,2.3834327688152982e-05,0.003513543369272862,1
0.4692447265140185,0.5297069529232515,2.943707144920761e-05,2.1843124742622293e-07,1.6237043572375428e-05,2.126285475115064e-05,0.0009811651617098016,1
0.6004739699915324,0.399453951333823,2.49103423477945e-05,2.621310339382712e-07,1.6080951987213644e-05,2.0340313426186933e-05,1.0484935849674863e-05,0
0.29863723216640153,0.701218891679356,3.104502054695524e-05,2.5047559969177676e-07,2.0489355164622413e-05,2.3794215638238354e-05,6.829708729292877e-05,1
0.32022272893385045,0.6797003532560754,2.8881523306157573e-05,2.3143163261593612e-07,1.8141891403269793e-05,2.2205328272234765e-05,7.457635459847962e-06,1
0.271954549892545,0.7279253683345499,2.7047725932853662e-05,1.1416702579199352e-07,2.85756793358636e-05,2.3544105931018406e-05,4.0800094679629475e-05,1
0.09073481502810128,0.8940231383146842,0.0002790368898603369,1.9735237670937246e-07,0.012647176339621662,0.0023081976127984345,7.438462557469717e-06,1
0.17430740739816525,0.8040810948351037,0.0029087873582556447,1.6554609606768044e-07,0.015338531928989487,0.0033612156607922385,2.7972725976451735e-06,1
0.19831376825084046,0.7886049533207989,0.002684092228987283,1.6230820899946e-07,0.008510806961594593,0.0018836928373243934,2.5240922454234223e-06,1
0.341092444431639,0.6299993228133713,0.0008309942548481909,3.217323556453069e-07,0.022616206930711258,0.005456142428833664,4.567408240913626e-06,1
0.5584776636133785,0.42464808821544886,0.0009720894111814713,2.702289021768269e-07,0.013462275957384145,0.0024357763238123933,3.836249892429759e-06,0
0.5481015183126686,0.43069559276979935,0.0013402551698924927,2.0632164251659617e-07,0.016675725723028455,0.003183171673420818,3.53002954771625e-06,0
0.4710235484327821,0.5171988994669701,0.0009707143692196219,2.3942370772702406e-07,0.008319313620482867,0.0024831904487077117,4.094238129780732e-06,0
0.1008647959715874,0.8900240230826431,0.0025052049631010065,1.6365535747220604e-07,0.00543660415444672,0.0011564893267054085,1.2718846158915309e-05,1
0.044404613452930036,0.947786041909903,0.00015505636582955205,1.7175808578438828e-07,0.007470627572119079,0.00016936533991613088,1.412360121624929e-05,1
0.08051311772978152,0.913072952942889,2.6872255416823623e-05,1.3652731454893856e-07,0.006363235934154615,1.0567823597745329e-05,1.3116786845813783e-05,1
0.053161739733148056,0.9459231083283308,1.716060088726349e-05,6.640436776755986e-51,0.0008838173195377815,6.3826304556405176e-06,7.791387640616552e-06,1
0.3356814121942286,0.6621014832758584,2.1362089687511852e-05,1.1295010424678863e-07,0.0021839838743154556,9.224469832195752e-06,2.4211459735266455e-06,0
0.5317762272158376,0.4659515958925042,2.1702361114255262e-05,1.6856630949772097e-07,0.002234394977619049,1.267038277967513e-05,3.240603835841418e-06,0
0.4155849978886601,0.5843534116399842,2.036243891611362e-05,1.6194742747186046e-07,1.32598607866401e-05,1.3077020060116275e-05,1.4729204165287169e-05,1
0.6751247712293647,0.32482379752499846,2.498462321858775e-05,1.849589242958384e-07,1.1975322426002845e-05,1.1573294002827408e-05,2.7130470652982696e-06,1
0.7515477671894752,0.24834074804612327,1.715017529128047e-05,1.726789856149377e-07,1.3660178546972486e-05,1.0300279788719063e-05,7.02014517887611e-05,0
0.8517261892521236,0.14816915412174095,1.2985153369068878e-05,1.55879291817727e-07,1.3147461896917397e-05,1.0095701344407928e-05,6.827243023307943e-05,0
0.5841389118837622,0.41427737985973623,2.113386882864106e-05,1.9008116289880177e-07,1.5177268078766445e-05,1.3515948928514745e-05,0.0015336910895027735,0
0.6299894636386397,0.3683343149385742,2.0982326167591088e-05,1.8871816564190015e-07,1.506843785885858e-05,1.4760507554801039e-05,0.0016252214330394132,0
0.6621067646058701,0.3360330197619947,2.1713590129863284e-05,1.952952625975843e-07,1.5593594387544183e-05,1.5274932273655345e-05,0.0018074382200815174,0
0.701553621404284,0.29434869149959647,3.607960417418648e-05,2.2132673750608718e-07,1.7336830144492103e-05,1.6241431510026196e-05,0.0040278079035531884,0
0.6496090189459849,0.3453319885218441,3.676034946108988e-05,2.2550270165180178e-07,1.7663939204606235e-05,1.759046862928906e-05,0.004986752272174346,0
0.8134881522258202,0.18231407213629897,1.86433008814778e-05,1.8933769899351344e-07,1.511790527381846e-05,9.842689850593386e-06,0.004153982404175935,0
0.7271704926197518,0.2663644835877255,1.869302108733357e-05,1.6711023043794894e-07,1.3343125259663357e-05,1.0509110174202786e-05,0.006422311425770982,0
0.959545386111779,0.020746716002191454,5.4629492189973404e-05,5.99125170138071e-07,1.9323287616056498e-05,1.8474121257884494e-05,0.019614871859795567,0
0.956048633635099,0.020313850787196344,5.724270175587519e-05,8.628472681088327e-81,2.2390329973060114e-05,1.9441164460543412e-05,0.02353844138151522,0
0.42709922407507106,0.004408681098585027,3.1815249365783684e-05,1.8506683362835684e-07,1.2444449853416899e-05,1.0560927442399275e-05,0.5684370891328486,0
0.055212584715825165,0.003723554182543266,8.754320311514325e-06,3.80464685623129e-08,2.8462121971223578e-06,2.5053693140988183e-06,0.9410497171533402,6
0.5497256860328736,0.004789006166618307,7.09427735310767e-05,3.5933012674395307e-07,1.7958194630823126e-05,1.738771172931956e-05,0.44537865979048996,0
0.059764919078567534,0.0007639841967392388,3.183148673630421e-06,3.4991404263384175e-08,1.5070791207701842e-06,1.5188178902586323e-06,0.9394648526876043,6
0.014781552756769997,0.00021994378002938167,5.975926800548342e-07,8.5108646849135e-09,3.519661026571291e-07,3.692244144654407e-07,0.9849971761691388,6
0.01134069871831863,8.033587366164461e-05,4.314379403524314e-07,6.609411437558062e-09,2.553472141675857e-07,2.559068828602064e-07,0.9885780161065709,6
0.0339607581808989,0.00012507274824216218,4.80443570192072e-07,5.4488199991785635e-09,2.2375730721640414e-07,2.110810510299435e-07,0.9659132483401105,6
0.06474335798074568,0.0006784673367936396,1.0195647720032063e-06,1.497165547005109e-08,5.019217094425931e-07,5.615698219095186e-07,0.9345760766545018,6
0.608862164998792,0.007787093304360009,8.025294369152008e-06,1.3361522443414008e-07,4.2415103899009045e-06,4.5857455358578755e-06,0.3833337555313286,6
0.8983747133098632,0.012219841760926687,1.2434969229474057e-05,1.701027570442283e-07,1.1724168792127993e-05,6.821379112681603e-06,0.08937429430931881,0
0.9266510400033793,0.016040150558511983,1.2535768730829927e-05,2.0871129149637676e-07,9.531467237311879e-06,6.876674111843152e-06,0.05727965681673752,0
0.015354788591018163,0.0005574596942064273,1.6233261319350515e-06,5.066979577840163e-09,5.205329497865981e-07,6.11722402674122e-07,0.9840849910663114,6
0.027457572011134017,0.0016267372520501766,1.1381605105937892e-06,1.8612177581748017e-08,5.904322903485907e-07,8.430865376465085e-07,0.9709131004452995,6
0.026437410732163515,0.0015662972992776768,1.2198544485184927e-06,1.7920658940605142e-08,5.781008958961291e-07,8.117624191053811e-07,0.9719936643301363,6
0.0926536888306269,0.0063189199789456365,7.905558361752469e-06,3.842128088758856e-08,2.4127384025854255e-06,1.9682439211338893e-06,0.9010150662284612,6
0.5782803524194072,0.40911158460902264,3.9841316761708145e-05,3.0493590587167155e-07,1.7139388381807336e-05,1.8949104597083183e-05,0.012531828225923703,0
0.7222944929056387,0.2700019452637123,3.3903455938043915e-05,3.342284667156877e-07,2.3068271933570127e-05,2.34897465635452e-05,0.00762276612774696,0
0.8242876909722913,0.14522567732216624,2.8425918844135743e-05,1.9092910871111272e-07,9.800080981204172e-06,1.04605596965902e-05,0.030437754216911816,0
0.8639119176717731,0.1268728464480415,2.353077414770262e-05,1.683249704428869e-07,5.49070534387429e-06,1.0872514056828914e-05,0.009175173561666514,0
0.913828189388214,0.07727622089840944,1.3995080614881192e-05,1.7304811183690326e-07,6.033799502567673e-06,1.168027883176936e-05,0.008863707506315483,0
0.8955124227058607,0.09997410480665382,1.4653787310487875e-05,1.3809965514065182e-07,4.859657248639627e-06,9.258606029092454e-06,0.004484562337242011,0
0.9004313876481951,0.09756071094104195,1.3306215979299088e-05,1.2539992556416134e-07,4.893750742965893e-06,8.302200339567e-06,0.0019812738437755945,0
0.8905811599891401,0.10699418217569782,1.366341007854529e-05,1.2876618036771476e-07,5.025119337259612e-06,8.525065876746516e-06,0.002397315473689245,0
0.8907041006449951,0.10700895223318423,1.3665296249813826e-05,1.2878395594997225e-07,5.282184736415928e-06,8.526242723099414e-06,0.0022593446141553645,0
0.8372158798566632,0.1625729104997898,1.6312179503833603e-05,1.6172187837602075e-07,7.88694221566265e-06,1.0148367578484979e-05,0.00017670043237027816,0
0.8483064917479963,0.15148687352129306,1.4988942680137227e-05,1.3688387858448093e-07,7.716054586465419e-06,1.0921013518023878e-05,0.00017287183604736904,0
0.8485525086443989,0.15123990005814342,1.5058330454864013e-05,1.3751755021387043e-07,7.751774241203623e-06,1.0971569774188699e-05,0.0001736721054374279,0
0.869317200320915,0.1305285360137999,1.2996185717722482e-05,1.1868537666792935e-07,6.339145124766228e-06,9.548051761463397e-06,0.00012526159730454018,0
0.8170420350021599,0.18290260220706228,1.3265256465396963e-05,1.21142617871748e-07,6.395952210213224e-06,8.814949766798007e-06,2.6765489717557808e-05,0
0.7968948721591546,0.20304684515322474,1.4494350247109014e-05,1.323671003169149e-07,7.069904332031747e-06,8.602570773970986e-06,2.798349516740508e-05,0
0.7322879290241173,0.26766105958445663,1.4896278257531982e-05,1.360376370687397e-07,1.1374987523170987e-05,9.603517276146987e-06,1.5000570731979205e-05,0
0.7322879290241173,0.26766105958445663,1.4896278257531982e-05,1.360376370687397e-07,1.1374987523170987e-05,9.603517276146987e-06,1.5000570731979205e-05,0
0.7545957686176333,0.24534912580713497,1.6380289074736464e-05,1.4018177992038356e-07,1.1721506135574314e-05,1.1406062001292969e-05,1.54575362402679e-05,0
0.5895355103124569,0.4103747424283043,2.7496721288780594e-05,2.2930992916049857e-07,1.658867132161219e-05,1.8386610244495835e-05,2.7045946454909202e-05,0
0.9196351481392447,0.05102133783201717,1.0360143127534083e-05,1.1527143249084566e-07,6.826127069942722e-06,6.959060637460468e-06,0.029319253426470605,0
0.962789562962485,0.029136641695619064,6.0444715367014e-06,8.76215076546256e-08,7.955030134968806e-06,4.44813327462656e-06,0.008055260085441903,0
0.9561904095694249,0.03835846791627116,6.068829749289479e-06,1.1249734905683074e-07,4.535960999924532e-06,4.466058510152211e-06,0.005435939167695431,0
0.8964622445892442,0.10237612271063448,1.045552953913832e-05,1.2791202308428033e-07,6.3056445094120136e-06,6.449836084302361e-06,0.0011382937779652782,0
0.8121507502672034,0.187347966224006,1.3636258507063294e-05,2.283571217692815e-07,1.3641755353374079e-05,9.248948072432183e-06,0.0004645281897356982,0
0.8113642876566308,0.1885861126812546,1.0761322849733698e-05,1.8229758728919681e-07,1.1454634484001097e-05,1.1599605107890729e-05,1.560180208562445e-05,0
0.8053781667724479,0.19456297761253652,1.2861535458490472e-05,1.8807514980976086e-07,1.1817666534318569e-05,1.2127548872880258e-05,2.186078900008605e-05,0
0.8609529653180278,0.13900811251720915,1.0888255084965557e-05,1.5242118975933524e-07,7.195875637124238e-06,8.26617634492467e-06,1.2419436506202365e-05,0
0.7288319881104306,0.27112897678232073,1.203746197504143e-05,1.7645279228504867e-07,1.3935515290974129e-05,7.554533640494514e-06,5.331143550056447e-06,0
0.7669117753084168,0.23305361301125357,1.1627110087663599e-05,1.656505523553159e-07,9.212034186955849e-06,7.667180937908924e-06,5.939704564708316e-06,0
0.8023351908947348,0.19762594424902985,1.3714414720323243e-05,1.6730718079184388e-07,1.23036715419299e-05,9.16699563804355e-06,3.5124671543608237e-06,0
0.751298943405132,0.24865822665809909,1.7448479568704026e-05,1.7633276218049158e-07,1.2283818600355931e-05,9.661519930599044e-06,3.2597859071490434e-06,0
0.8024262977984781,0.19753225956496007,1.5214652866482344e-05,1.7498771500850122e-07,1.3230252461150632e-05,9.587822905162106e-06,3.2349206140436313e-06,0
0.7565678199242728,0.2433963831222233,1.377625939271674e-05,1.6064346928680903e-07,1.1368536816047052e-05,7.730661961821994e-06,2.760851864008989e-06,0
0.7790478352804014,0.22054345662458133,1.2255911090188654e-05,1.731632519072009e-07,0.00038564500267220756,7.917290255573334e-06,2.7167277474840727e-06,0
0.7748282194977971,0.22492834901416975,1.1139406053427344e-05,1.7099542992608113e-07,0.0002216201952796797,7.81817409981914e-06,2.6827171703965617e-06,0
0.8377592776229059,0.1621663569366782,8.554394635642788e-06,1.566168094535057e-07,5.713050861908707e-05,6.195210955511455e-06,2.3287093963115277e-06,0
0.8532522338121822,0.1466915717838216,8.6340547843344e-06,1.289604796728939e-50,4.009528394278451e-05,5.358573836317297e-06,2.10649143278269e-06,0
0.7347820886657309,0.264978401869986,1.8859243974852894e-05,1.5834768376706523e-07,0.0002080305114916001,9.739965113277805e-06,2.721396019587245e-06,0
0.6791790779417842,0.32038795112046353,2.4662322918484818e-05,2.1673185512033012e-07,0.0003897870153928997,1.3973273271512572e-05,4.331594314143202e-06,0
0.6921264401758911,0.30697396354558476,3.223315422699025e-05,2.1251426543889356e-07,0.0008481538834996489,1.4749424798967362e-05,4.247301733002526e-06,0
0.6211821621700149,0.3744534694043989,2.7923273790331458e-05,2.0483267222333018e-07,0.004318286931598761,1.4216288441108184e-05,3.737099084038039e-06,0
0.6559384541343757,0.3439716483925629,1.9612416421881367e-05,1.9182119295011735e-07,5.1456497261942645e-05,1.481574767184645e-05,3.820990513075941e-06,0
0.6780847815001957,0.3218580939047399,1.981033751250724e-05,1.8594791629002046e-07,1.3733675131990591e-05,1.9602444302495575e-05,3.7921902011368325e-06,0
0.6059918977650036,0.3939458151946528,2.2050697990750397e-05,2.4426071841278393e-07,1.545864017422724e-05,2.110406829583163e-05,3.4293731642453187e-06,0
0.35712689246625406,0.640623653668365,4.650630562698075e-05,2.51462974718246e-07,1.4813194115986555e-05,2.157356797448725e-05,0.0021663093346886387,1
0.42853535622754463,0.5674892517897618,2.5928792492994303e-05,2.3510995939143393e-08,1.358119963465404e-05,2.1001223565830044e-05,0.0039148572560041995,1
0.4502565072770894,0.5484055157142141,2.82458858379741e-05,2.0959231929348207e-07,1.55800035979419e-05,2.0621449545659024e-05,0.0012733200773956067,1
0.7251787459335406,0.27476005702397555,1.9011670445925392e-05,2.487423198900418e-07,1.4703012577024762e-05,2.2944640162565877e-05,4.288976978561063e-06,0
0.3694004834333567,0.6305235420489048,2.8757870270703072e-05,2.3607391501832803e-07,1.4842582614606158e-05,2.133391067112896e-05,1.0804080267014752e-05,1
0.4150678487645465,0.5848057604984576,3.329861737655997e-05,2.5374699739001295e-07,1.217742267904844e-05,2.076186590592526e-05,5.989908403700664e-05,1
0.2882785460448593,0.7115859503365876,3.4396805373702774e-05,2.222914150078815e-07,1.9884234621911e-05,2.101206784127234e-05,5.998821930114482e-05,1
0.29806853689958723,0.7017958904955629,3.559072907901794e-05,2.274202540669541e-07,1.4758485822604756e-05,2.1718724367358204e-05,6.327724532698439e-05,1
0.2776071280834034,0.7222378260821237,3.469518072829723e-05,2.40462934914555e-07,2.1491481134967664e-05,2.2729728458280498e-05,7.588898121652362e-05,1
0.2965317119687882,0.7033118657964726,3.105374424006257e-05,2.505459836768439e-07,1.9419699883211487e-05,2.6627100233718994e-05,7.907114439854803e-05,1
0.20921556921108667,0.7906889348578593,2.261937338648064e-05,8.772546496606551e-08,3.9671379312286035e-05,1.6076114168665468e-05,1.704133872170062e-05,1
0.18060362891887208,0.8193214455332075,2.0025456685499383e-05,9.537011230258875e-08,2.107830264856299e-05,1.578943585602408e-05,1.793698261806714e-05,1
0.26179911872918005,0.7381209392329047,2.488405995377224e-05,1.0503430571592222e-07,2.1705785012346322e-05,2.16607098504275e-05,1.158644879287544e-05,1
0.1154045866357466,0.8597817320758501,0.000369895760088379,2.01517216244488e-07,0.018854357305108295,0.005585546202032973,3.6805039574546903e-06,1
0.1775923109498059,0.8106165612805227,0.0013331595340789356,1.493241705916444e-07,0.008741929911000293,0.001713365833639006,2.5231667824491073e-06,1
0.5703649148435594,0.4130097019555816,0.0012076117389638707,2.5530335799657774e-07,0.012428738890937218,0.002985152905173059,3.6243624266750076e-06,0
0.2951741825500783,0.6868971428091118,0.004188794745099961,1.7117821222806746e-07,0.011606341139171344,0.0021303993835352906,2.968194790969761e-06,0
0.05755664080882082,0.9372190807019488,0.0015187821500646263,1.6299594296835008e-07,0.0030156200048173805,0.0006788712080594765,1.0842130345821246e-05,1
0.03372565854918913,0.9650368944349219,1.567379752535287e-05,7.963237367789074e-08,0.001208046551847497,6.163901197925026e-06,7.483132944717393e-06,1
0.5227541155982233,0.47570106465865575,2.9292711853407475e-05,2.550550906362952e-07,0.0014897298496629192,2.1066029256670818e-05,4.476097257295449e-06,0
0.5832921731095259,0.4153666714408371,2.560818904038124e-05,2.3029708917477693e-07,0.0012945041090387161,1.6771248529187707e-05,4.041605939511703e-06,0
0.16916204616424665,0.8307950693407266,2.2019562016156572e-05,1.5112378887736035e-07,8.517072921227445e-06,8.908744817447535e-06,3.287991483045711e-06,1
0.693346897734292,0.30659528741256614,2.7283542943445685e-05,2.1143701635931275e-07,1.2517616150467965e-05,1.3390899036214465e-05,4.411357995137419e-06,1
0.6573199142663557,0.34262694954667156,2.527510535919764e-05,1.985720059372691e-07,1.1755974385899904e-05,1.1763588915103746e-05,4.142946306588216e-06,1
0.6861680372413942,0.31377879053892993,2.4631228440797944e-05,1.9351343429349912e-07,1.1805937585948497e-05,1.2504134417847852e-05,4.037405796941608e-06,1
0.7578277038022481,0.24212431223323164,1.9192608684319892e-05,1.6191704179855484e-07,1.4278510479956596e-05,9.848010263127174e-06,4.50291805091533e-06,1
0.6399561283257778,0.35817093245490883,2.1862107727606012e-05,1.966310519846943e-07,1.5700252161075026e-05,1.537941044761913e-05,0.0018198008179250527,0
0.6231354421498151,0.3750749170524548,2.0624262942291344e-05,1.854976916809738e-07,1.3478088359789587e-05,1.4508619613496574e-05,0.0017408443291228313,0
0.6497728492383079,0.34552948558738034,3.651440857206559e-05,2.2399400176905638e-07,1.816612772317586e-05,1.6065394264636268e-05,0.004626695249750092,0
0.6072379338673731,0.38720004642016037,3.430324888764092e-05,2.294073175980059e-07,1.860515281303508e-05,1.6453650433927513e-05,0.005492428253014363,0
0.6164879535975578,0.3773196101078739,3.342791049583951e-05,2.2367057317642037e-07,1.751124624244848e-05,1.603379189640905e-05,0.0061252396753603,0
0.6172858156883442,0.37651398072161474,3.565901667797182e-05,2.1886135746632379e-07,1.7134731087430177e-05,1.5689043980822458e-05,0.006131501936937366,0
0.5286659603176032,0.4633234751390727,4.429485142363544e-05,3.2103796844422257e-07,2.7747276362261425e-05,2.474180652317741e-05,0.007913459571046545,0
0.8336867729444618,0.14988221269493546,2.5107142002628618e-05,2.29731630405773e-07,1.985567959114899e-05,1.6095915361007262e-05,0.01636972589201764,0
0.840499273467726,0.1486569677936867,2.4975564837529783e-05,2.285276926314473e-07,1.97516233815079e-05,1.604806400041531e-05,0.01078275495867498,0
0.5153411997434442,0.4710642660482216,2.142839236895886e-05,1.4490862488305493e-07,1.0614436445736855e-05,7.922278981448043e-06,0.013554424191913245,1
0.7720642764615314,0.12351072794772838,6.75860582074189e-05,2.6050145385055143e-07,1.8271423342338786e-05,1.4380788189995721e-05,0.10432449681954661,1
0.928415417040485,0.050817310584004675,5.2857179564777515e-05,3.0614820985284247e-07,1.869639351125437e-05,1.787477615998593e-05,0.02067753787806458,0
0.9502860247062821,0.02862868825215763,5.6897669826909624e-05,3.309693246353245e-07,2.021221269433684e-05,1.932398231732863e-05,0.020988522207397026,0
0.9569131480911279,0.021852462469908688,5.7294463916741364e-05,3.3327744502637764e-07,2.241057660409537e-05,1.945874428559297e-05,0.02113489237671209,0
0.950506579909695,0.023350846431151345,5.9291446807905025e-05,3.4355553762884663e-07,2.098084952894862e-05,1.9605161196083614e-05,0.026042352646083147,0
0.1179975303330917,0.0055433505790184285,1.0073441603807309e-05,5.0360528871043405e-08,3.55536719900566e-06,3.316253214635529e-06,0.8764421236653435,6
0.15602184716375786,0.0017497729165470823,1.374102571438468e-05,8.374188345937343e-08,3.630412595303009e-06,3.8358268341768456e-06,0.8422070889126677,6
0.17832699914191594,0.0011780806575756467,1.047453522395476e-05,7.04355726856377e-08,3.2241128580509436e-06,3.4065380429009335e-06,0.8204777445788107,6
0.36045164604195035,0.002298372281003663,2.837966090533218e-05,1.6544009342639003e-07,7.819698010976937e-06,8.00132590095345e-06,0.6372056155521354,0
0.06234228502004486,0.0007988114203052454,2.27635657188888e-06,2.8800023184420924e-08,1.169987352329251e-06,1.2494231891276985e-06,0.9368541789925133,6
0.024559165680842873,0.000214287304852291,1.023851233151274e-06,1.990147265578549e-08,6.059679403569908e-07,6.072960977291213e-07,0.9752242899975611,6
0.033126843156779086,0.000149980970104602,5.761238459269323e-07,6.533951807150544e-09,2.670136555575183e-07,2.890931021748158e-07,0.9667220371085609,6
0.024316144144932623,0.00011804353616264292,3.779659423403325e-07,4.921105694223914e-09,1.929420160239228e-07,2.0733858981124408e-07,0.975565029151251,6
0.051319947342699505,0.00019859910796762772,9.154577438895528e-07,9.931770645082475e-09,3.4105276990348916e-07,4.21006875221674e-07,0.9484797661001731,6
0.061037368581741365,0.0002690033440430208,8.439801957219616e-07,7.438850995095375e-09,3.8448100129617644e-07,4.453709638531278e-07,0.9386919468032038,6
0.060632261625143034,0.0006469125511218695,9.548240920445024e-07,1.1050310183088214e-08,4.4004674351932894e-07,5.079674203652284e-07,0.9387189119351691,6
0.029970872214760844,0.001357552385747624,1.527655928660588e-06,9.136749135233383e-09,7.387812461924919e-07,9.4542811473907e-07,0.9686683543974527,6
0.021214099333748498,0.0019521469605104245,1.0278905320993566e-06,8.0409826835471e-09,5.963148640197538e-07,7.455585828693442e-07,0.9768313759007794,6
0.034272102180409054,0.0006861354958873918,1.6140684085141408e-06,2.3711984237887343e-08,7.344202541633723e-07,1.0740954197349479e-06,0.9650383160276369,6
0.025613700934602968,0.0008488429583888367,1.2625661486467812e-06,2.0403164989072253e-08,6.549829415395679e-07,9.242139267216174e-07,0.9735345939408263,6
0.02410645966483417,0.0009072485034820055,1.55891971078217e-06,1.6344587805493528e-08,6.910164339959401e-07,9.014000622642708e-07,0.974983124150889,6
0.2265028210533687,0.04537968535503789,3.4304280484873184e-05,1.61643216898092e-07,1.0960860259820646e-05,1.1048866747859432e-05,0.728061017940884,0
0.56252333909246,0.42662936702043863,3.776208021506932e-05,2.890219268316974e-07,1.909248378999537e-05,1.796018972160386e-05,0.010772190111447658,0
0.7903096026330613,0.1741942282746986,2.99855717219796e-05,2.855080594328129e-07,1.5186857362042484e-05,1.649386604216258e-05,0.03543421728905443,0
0.8676211381422556,0.10869676353354074,2.3952340913032224e-05,1.6313483204404453e-07,5.489960342134568e-06,8.937776228620822e-06,0.023643555111887746,0
0.9024663257445483,0.08840844010590095,2.1265725332119583e-05,1.5483691127927472e-07,4.933183027235557e-06,1.0001287925198779e-05,0.009088879116354696,0
0.8989263909871846,0.09637989790557301,1.4733866268434282e-05,1.388543321563682e-07,4.886213952391512e-06,9.309201790252124e-06,0.004664642970899241,0
0.9015610065217825,0.09388755550702063,1.4777048973208223e-05,1.3926129293114715e-07,4.900534696907871e-06,9.336485634510351e-06,0.004522284640599439,0
0.8386541892834982,0.16108959032214168,1.4973029741986667e-05,1.3673855648003323e-07,7.70786287461349e-06,9.91794076299866e-06,0.0002234848224242767,0
0.8482641990188108,0.15147932107016918,1.4988195399172489e-05,1.3687705417271094e-07,7.715669898843457e-06,9.927986297682876e-06,0.0002237111823702278,0
0.8782883424755066,0.12150717738679763,1.3927853878778162e-05,1.1729169958901375e-07,6.264706963062239e-06,9.435932633885593e-06,0.0001747343525204683,0
0.8559636565324705,0.1438083828642857,1.5527190111836662e-05,1.3076031195545672e-07,6.984083610945213e-06,1.0519461301361551e-05,0.0001947991079076434,0
0.8584521787762959,0.14138231432357712,1.3809984382390542e-05,1.2611724961479525e-07,6.6585972434056275e-06,1.0145934243479985e-05,0.00013476626700787434,0
0.8263124312175639,0.1736285208335634,1.4429867424725612e-05,1.3177822230074827e-07,7.0384515675036515e-06,9.588850153203939e-06,2.785900150485498e-05,0
0.8117602027141648,0.188177593752979,1.5100926182829393e-05,1.3790654819588002e-07,8.074667816832285e-06,9.735452236822656e-06,2.9154580071282097e-05,0
0.7656494953901005,0.2342971692419979,1.5574922757868183e-05,1.4223523841850992e-07,1.1893209094393966e-05,1.0041034223042463e-05,1.568396658785445e-05,0
0.5502736146928847,0.44958480195374906,4.444583566719365e-05,2.1565281630277854e-07,2.208037066880737e-05,1.9454705854287153e-05,5.5386788359453885e-05,0
0.5313074018442254,0.4685153795543842,5.5464320925502735e-05,2.691149087952569e-07,2.7554274692887473e-05,2.494133381379299e-05,6.89895570493794e-05,0
0.9094563422879844,0.08906734755229097,1.1358883081827981e-05,1.231112071007836e-07,6.169724035924652e-06,6.263122255343615e-06,0.001452395319144162,0
0.8981407143188302,0.1007537832300719,1.1217553708308275e-05,1.2157943415731137e-07,6.092959161552305e-06,6.130521608748285e-06,0.0010819398371849731,0
0.8270612474291293,0.17286320069942873,1.127232494415905e-05,1.7543437167606565e-07,1.1029250460902881e-05,1.1202427263225165e-05,4.187243440207705e-05,0
0.8533481417185638,0.1466151067703014,1.0792078798266151e-05,1.5107484877715162e-07,6.811175884523059e-06,8.193160959093467e-06,1.0804020643998235e-05,0
0.7142748468037701,0.2856865698772099,1.2004378440292162e-05,1.807140046845611e-07,1.605827537480892e-05,7.272001310100164e-06,3.0679498899085253e-06,0
0.8284152660736624,0.17155286944570106,1.055530948637762e-05,1.588997095897797e-07,9.955271070042557e-06,6.39418565444548e-06,4.800814716022916e-06,0
0.7984288677244014,0.20153356753419369,1.3384964783016551e-05,1.8000464577451476e-07,1.1737214037964056e-05,9.168960893385196e-06,3.0935970445806e-06,0
0.7589036923000602,0.24103731622058724,1.0988940081471439e-05,1.6868570233015342e-07,3.747480350674367e-05,7.712569801061413e-06,2.6464802611223627e-06,0
0.8578968421613636,0.1420743121365325,9.571280571581766e-06,1.47619396773792e-50,1.072532703352323e-05,6.136711797452818e-06,2.4123827013784164e-06,0
0.8683358541799943,0.13163796730152696,8.78668585805563e-06,1.3124021694254757e-50,9.53090925935383e-06,5.717193799397179e-06,2.143729562166992e-06,0
0.7153869143888172,0.2835150569742236,2.980696214086319e-05,2.4806998189716894e-07,0.0010519200035396937,1.3296989210338016e-05,2.75661208647532e-06,0
0.6393432500518406,0.35921752306904287,2.706234944327836e-05,1.9649834003864985e-07,0.0013942752786769079,1.3778595510525972e-05,3.914157145910879e-06,0
0.6637188768428967,0.336223266401163,1.9757226045493817e-05,1.8986496510960227e-07,1.3880450778033757e-05,2.0247190803226908e-05,3.7820233483687185e-06,0
0.3341875711955882,0.6623448561554324,5.0659201463221625e-05,2.7230687293304927e-07,1.704780683445124e-05,2.3361812369091256e-05,0.003376231521440119,1
0.3587100843352951,0.6370995424894345,3.738941023213849e-05,2.060806929106033e-07,1.632465318921374e-05,2.497842934564698e-05,0.0041114746018104656,1
0.420815936407898,0.5779550467479495,3.144772541587246e-05,2.3335085839495968e-07,1.776788190734957e-05,2.3342680904651203e-05,0.0011562252050661794,1
0.38011146548919034,0.6178214149327401,3.0256153482517175e-05,2.2450906364475953e-07,1.7462308375904158e-05,2.2458213648357622e-05,0.001996718393498989,1
0.38487780494879725,0.6149366514761423,3.125100451544213e-05,2.3189113466700838e-07,1.6939963678513404e-05,2.3196661021009535e-05,0.00011392405471087284,1
0.39768695753130606,0.6021720816715923,2.9649596179783052e-05,2.4128247271347975e-07,1.551153365269286e-05,2.4008185558388887e-05,7.155019923787418e-05,1
0.3548921359926032,0.6449989220021388,3.353032185291224e-05,2.7286304064626516e-07,1.5893329440265407e-05,2.657144267155403e-05,3.267404825257095e-05,0
0.6933417597252042,0.30657897366379006,2.7502480200957925e-05,2.641575062068417e-07,1.8071102229580595e-05,2.816421387372403e-05,5.264657195223759e-06,0
0.22264084967758893,0.7772491837872961,2.806560916176502e-05,1.7643803744640781e-07,1.578259481001325e-05,1.6849902480928487e-05,4.909199062463934e-05,1
0.182771910447874,0.8170730732818758,3.893013032532884e-05,2.236487336379074e-07,3.249426273981045e-05,2.1140368212815325e-05,6.222786023846778e-05,1
0.29851715042439597,0.70138230257149,2.606145783531567e-05,1.2411622863627368e-07,2.8513965716145695e-05,2.268559380979741e-05,2.316187052414227e-05,1
0.2603792535794914,0.7395503719499128,2.1056235061434506e-05,8.887725856542818e-08,2.290750498580383e-05,1.6517705985893977e-05,9.804147304068674e-06,1
0.32548480656719997,0.670164908810896,1.6301918903804094e-05,7.496742142084052e-08,0.004308172901939867,1.2928138316506598e-05,1.280669532266205e-05,1
0.2534515208245232,0.7438255356409256,1.580909070985328e-05,1.5984074540277582e-07,0.0026853763794614845,1.253730389417467e-05,9.06091974040819e-06,1
0.1107763950845381,0.8783401742560544,0.0002654620411017961,1.9389041907295964e-07,0.00921392711412357,0.0013887824417860674,1.506517197704428e-05,1
0.12697566491402756,0.8611409286655389,0.00023684345918169875,1.6441211858405644e-07,0.009862254756703994,0.00178114097478233,3.0028176469447485e-06,1
0.4765941506200066,0.49566435450723495,0.0012608733255319447,2.253609670127535e-07,0.022642620252380813,0.0038339201538318407,3.855780046889341e-06,0
0.10070638728170866,0.8894937661485981,0.003882309360571382,1.5439200215941851e-07,0.004833168231723296,0.0010722156618415788,1.1998923554739488e-05,1
0.08012321333270808,0.9182791757604256,2.5985831877680997e-05,1.212178763916869e-50,0.0015522292567568938,9.471752361026901e-06,9.924065870649732e-06,1
0.36735934654033103,0.632582240463069,2.1376930825630363e-05,1.5025395670618292e-07,2.1798541116535613e-05,1.2132789242978296e-05,2.9544814580943604e-06,1
0.414304331234578,0.5856457616887376,1.738761786137191e-05,1.3862758378854044e-07,1.0874309638073224e-05,1.0262748668894155e-05,1.1243772932052074e-05,1
0.15802484840832512,0.8419324822517573,2.18874413500039e-05,1.502170235364629e-07,8.465969209573336e-06,8.897449292027178e-06,3.2682630422744743e-06,1
0.64252445829792,0.3574173827312668,2.7344722305195444e-05,2.1191113299944083e-07,1.2545685077157635e-05,1.3185093643091308e-05,4.8715586547831305e-06,1
0.651689336119571,0.34825249765394645,2.7376781605889152e-05,2.1163037860883772e-07,1.2535631717928682e-05,1.3174527900204717e-05,4.867654879990423e-06,1
0.7358542824439499,0.2640848874888983,2.6420899877972205e-05,2.075738562857266e-07,1.6458167469716192e-05,1.3412667756653792e-05,4.330758191136452e-06,1
0.6144692773041405,0.38389740051930893,1.9760696638855472e-05,1.8390719618377404e-07,1.5203494132183067e-05,1.4384219714194661e-05,0.0015837898588692764,0
0.6490317803767343,0.34945175303835335,2.572497402254066e-05,1.831999399595247e-07,1.3781778928323708e-05,1.4328901982561863e-05,0.0014624477300389405,0
0.6948949117710109,0.3023462827680311,3.63696102893306e-05,2.2310575112862535e-07,1.809408974690496e-05,1.637197935178913e-05,0.002687746675818776,0
0.6244840428718883,0.37007891715468216,3.3861483536511686e-05,2.2657166777319627e-07,1.8365551255404637e-05,1.62417564327176e-05,0.005368344610537149,0
0.6298145091565414,0.36474067331642396,3.638276713194499e-05,2.2330345995764928e-07,1.810063535157757e-05,1.600747543971739e-05,0.005374103345651609,0
0.6050297199822963,0.38722053918269583,4.2654207524992106e-05,2.6706258138219657e-07,2.0202113126665967e-05,1.915437748042949e-05,0.007667463074294411,0
0.5847057798084274,0.4063213463633846,4.9244576854216614e-05,3.550687386313307e-07,3.068855209291181e-05,2.751029273088269e-05,0.008865075337771184,0
0.8427505425325925,0.14759926369293278,2.409944451192491e-05,2.2913980181598455e-07,1.9804527911117096e-05,1.6091048582526933e-05,0.00958996961366751,0
0.7960248468717935,0.20008126543532126,2.5228619850196097e-05,1.9572097263272235e-07,1.5619397689081255e-05,1.0146062547953823e-05,0.0038426978918253405,0
0.951814970588489,0.02951855019202363,5.7211196090387083e-05,3.315018318730211e-07,2.229117904153488e-05,1.935507329670092e-05,0.01856729026922695,0
0.9560735578089097,0.023426317186502975,5.7467169022169054e-05,3.3298502924686324e-07,2.239091368863304e-05,1.9441671291414826e-05,0.020400492265555965,0
0.092322000381891,0.0025074412538154092,1.1513314887419607e-05,5.812833901018739e-08,3.8031451103538836e-06,3.5547014989138983e-06,0.9051516290744579,6
0.08586199480447727,0.0009639517944085528,8.9574911603669e-06,4.5224515089004055e-08,2.99332676001396e-06,2.7654855283692535e-06,0.9131592918731504,6
0.14457020674345353,0.0011867136809694818,1.1209682544753668e-05,6.470114421109972e-08,3.866563036153397e-06,3.1291987950184374e-06,0.8542248094300567,6
0.30003039102168616,0.0031135900804738657,1.8396505593624606e-05,1.2171239237173848e-07,5.642588091984111e-06,5.886484330258821e-06,0.6968259716074316,6
0.281166123203732,0.0022525835439761027,1.6597193850262418e-05,1.1160713376038448e-07,5.275227206428199e-06,5.3977547497304154e-06,0.7165539114693517,6
0.8180863016117831,0.005007017193609745,5.8325388585698546e-05,3.400096205848421e-07,1.6070908198460925e-05,1.644418669872976e-05,0.17681550070150387,6
0.6009330426894717,0.0033921223660063208,4.049194595161861e-05,2.3604902622333526e-07,1.1157102626232086e-05,1.1416248312601213e-05,0.39561153359860524,0
0.0742719135969787,0.001213308212504962,3.79660649788544e-06,4.1734963213321947e-08,1.7975240773839752e-06,1.8115251477349245e-06,0.92450733079983,6
0.041600327035484434,0.0006613199708221963,1.3890139908574558e-06,2.1078073481391084e-08,8.633474334970116e-07,8.165404445015858e-07,0.957735263013751,6
0.005823976937048678,2.9390638543543753e-05,2.507490495258922e-07,3.3668444388597727e-09,1.2418831680106427e-07,1.3337598914441168e-07,0.9941461207442079,6
0.02900584363793866,0.00013132324583214007,5.04453687662199e-07,5.721124212140664e-09,2.3223673449925946e-07,2.430086154005525e-07,0.9708618476960674,6
0.029697909878441515,0.00011246855829846758,3.228667561472874e-07,4.688690975007388e-09,1.8382972149793803e-07,1.8163452254036092e-07,0.9701889285435689,6
0.020916155904267493,9.99552768047568e-05,3.4981424033131287e-07,5.8241487579308985e-09,1.7650764918441242e-07,1.9189557354582425e-07,0.978983164777316,6
0.029036276108558804,0.000125467849763475,4.607547322599911e-07,5.577040416183686e-09,2.3248548876906484e-07,2.632805551293322e-07,0.9708372939438611,6
0.6128325225214656,0.008579611626392555,9.82266488000895e-06,1.0656576490058673e-07,7.600228800160106e-06,4.4898843450117766e-06,0.37856584650835184,0
0.00909113688507031,0.00010592660714064082,5.172943796653495e-07,2.719911990844114e-09,2.0788494316999244e-07,2.815732449433599e-07,0.9908019270353092,6
0.017616960171057388,0.0004975427924748705,2.3005298056900357e-06,7.599098857797089e-09,7.806586317158981e-07,9.174181462620579e-07,0.9818814908307851,6
0.016148474545357727,0.0016901335902749128,1.7878612394215219e-06,8.928268783714822e-09,7.069488136431082e-07,8.356130540828442e-07,0.9821580525129915,6
0.014582816303681965,0.0004751164959170733,7.57875870430427e-07,1.22529652666216e-08,3.9316416606640254e-07,5.547744448311093e-07,0.9849403491329544,6
0.06207258681857789,0.0030607482797284486,2.6623611348396358e-06,2.8169326700768407e-08,1.191651789990556e-06,1.3934220589405056e-06,0.9348613892973832,6
0.01010923858755104,0.0007955230072089294,1.3643531902495163e-06,6.846341217302211e-09,4.2992919524253897e-07,3.603113991203865e-07,0.9890930769651141,6
0.6497824854823121,0.3104305004847254,4.506230815868983e-05,3.465207352368569e-07,2.0975860079205347e-05,2.1533238725336257e-05,0.039699096105264134,0
0.7845905736356286,0.1687366264786998,3.194088251478742e-05,3.180796148552136e-07,1.695318056800403e-05,1.7640805807651532e-05,0.04660594693716641,0
0.8177806525603257,0.10945082685386784,2.4121887952187976e-05,1.9295886144565829e-07,9.777760218536103e-06,1.0615109142150254e-05,0.07272381286963216,0
0.8366238969499674,0.13080176592571013,1.725504635158381e-05,2.199783354055048e-07,8.950639934240754e-06,1.1142562172454121e-05,0.03253676889752891,0
0.8329148790124323,0.1345753162540569,2.391929129357472e-05,1.92809126270863e-07,8.609986563679058e-06,1.0563561465399386e-05,0.03246651908506194,0
0.9101487863656255,0.081051790465997,2.105596826441571e-05,1.5028372257549536e-07,5.341467242398783e-06,9.70718653278515e-06,0.008763168262615395,0
0.9057513802144647,0.08558182481237296,1.5634122004911382e-05,1.7727654947224542e-07,5.796620297755952e-06,1.1861889186342822e-05,0.008633325065123779,0
0.9286783222993306,0.06571926134071815,1.553118072818462e-05,1.4636835222484366e-07,5.313917457700304e-06,1.0901709841654575e-05,0.005570523183571372,0
0.8921975721742191,0.10425733090523703,1.4776180520369237e-05,1.3925310849151877e-07,4.957276811658442e-06,1.0670433419821429e-05,0.0035145537766836195,0
0.8949414180161154,0.10269450928105803,1.2923748377977559e-05,1.2889084179398483e-07,6.834186348350688e-06,9.876412531726114e-06,0.002334309464726513,0
0.8976865334911531,0.10054033385489149,1.3150068403915508e-05,1.3114797167649523e-07,8.011980567978777e-06,8.79254477522451e-06,0.0017430469122366064,0
0.8637436731606936,0.13604950631773494,1.4410972757698737e-05,1.2136022550157193e-07,6.482012387939804e-06,9.763239140353105e-06,0.00017604293706006329,0
0.8291249972831733,0.17081503254334862,1.4196044877404994e-05,1.2964287907736243e-07,6.924400022450196e-06,1.0429565584976398e-05,2.829052011425478e-05,0
0.8113262411190888,0.18860715315998394,1.567470714135919e-05,1.431465017227929e-07,7.645646616282627e-06,1.190495553548899e-05,3.123726513245118e-05,0
0.7675806420000184,0.2323501479105406,1.693238522304364e-05,1.425939888652046e-07,1.1923206541740263e-05,1.0066360053356003e-05,3.014554363400645e-05,0
0.7675789317602195,0.2323496302131828,1.806876494012471e-05,1.4259367115276958e-07,1.1923179975746746e-05,1.1158011543728542e-05,3.0145476466981043e-05,0
0.77807332125486,0.22185328435256513,1.83158022793778e-05,1.4454322117639544e-07,1.2086194474325079e-05,1.2290225201982136e-05,3.0557627398248194e-05,0
0.562547463697487,0.43728454499969477,6.549536476856276e-05,2.113680753197802e-07,2.1641662421234092e-05,1.9068166151652313e-05,6.157474140139957e-05,0
0.969842605883383,0.026541338986865236,5.901455414604491e-06,5.683050544265757e-08,3.1497339821894253e-06,3.6971994275807902e-06,0.0036032499104220327,0
0.9612901165992249,0.03311396368545667,7.0239946385957626e-06,8.881453702251787e-08,3.748857366464423e-06,4.50869778408292e-06,0.00558054935099224,0
0.9182369148437047,0.07915492102535777,1.2954122585111448e-05,1.4040092295130336e-07,6.888950367030404e-06,8.315243219762346e-06,0.0025798654138423616,0
0.813478335143184,0.18643395787446168,1.2570400568380801e-05,1.7374496854881193e-07,1.3449771206090504e-05,1.109454979616717e-05,5.0418515815059296e-05,0
0.7925461960216604,0.20737968234361184,1.268772913194161e-05,2.1624162310448347e-07,1.2261363273055209e-05,1.1657250424001362e-05,3.7299050275840426e-05,0
0.811723592576591,0.1882358087544928,1.4344819655930124e-05,2.6334202936562964e-07,1.2647822303500009e-05,9.484123917614262e-06,3.858561009803169e-06,0
0.7770682369665075,0.2228928079975985,1.1104932273876765e-05,1.704662402433319e-07,1.7892922500301792e-05,7.112300073093665e-06,2.674414806708118e-06,0
0.8568993250109982,0.14307131126394423,1.0211009120590152e-05,1.3678274931697702e-50,8.602405110361283e-06,7.507946904553453e-06,3.0423639218220567e-06,0
0.87561298513749,0.12436315659405972,9.216306024866956e-06,1.1884222825090907e-50,6.251523684176671e-06,6.224965903465014e-06,2.165472837559371e-06,0
0.6942247050750444,0.305735285042022,1.6729974530657532e-05,2.1086664958855402e-07,8.422095968341421e-06,1.0908709646745614e-05,3.7382361384935187e-06,0
0.7724282125031858,0.22724740227006685,1.8476698916553342e-05,1.4066546163091482e-07,0.00029223158494292624,1.1118771730728793e-05,2.417505695497858e-06,0
0.7104348051093868,0.28949744758042034,2.6066429108686742e-05,2.2514006721121068e-07,1.2534097323504091e-05,2.400892600509673e-05,4.912717688340346e-06,1
0.714663163000063,0.28527170115575456,2.7128555667021126e-05,2.218537348375807e-07,1.235113917518917e-05,2.059328804576157e-05,4.84100755970051e-06,1
0.7126662751793079,0.2872702922559734,2.4834881917800046e-05,2.18904249249964e-07,1.0258192206444388e-05,2.334393867579842e-05,4.776647669445186e-06,1
0.6566597484523452,0.34327635523811206,2.2818096045695923e-05,2.5276136543485033e-07,1.5438209342077507e-05,2.183852218787859e-05,3.5487206015476734e-06,0
0.6450246519182066,0.35491255620001716,2.2413791151353547e-05,2.482827859363102e-07,1.519239164733262e-05,2.1451573978523963e-05,3.4858422130534684e-06,0
0.6215630368413081,0.37837553199052754,2.1747704320824916e-05,2.4090438694783127e-07,1.524622648462833e-05,2.081408205113342e-05,3.3822509207220296e-06,0
0.3177083604574781,0.6793890608066186,4.7653996256525335e-05,2.0535894257949416e-07,1.5454964929246153e-05,2.023575624121856e-05,0.002819028659533595,1
0.3731239477058739,0.619733243258263,4.063895408571253e-05,2.4374485791968135e-07,1.8688927403460225e-05,2.3839731586245838e-05,0.007059397677929741,1
0.36580893931222014,0.6271053059364086,4.5343922156866787e-05,2.7808543281074597e-07,2.4195424362438013e-05,3.370591023065938e-05,0.006982231409188702,1
0.2875801876504107,0.7084031035303633,4.680049626977399e-05,2.550286670140811e-07,1.9418481121785518e-05,2.7526814936284166e-05,0.003922707998230989,1
0.3368270921069167,0.6617513980644224,4.134874446092413e-05,2.544780915263287e-07,1.9376559012243032e-05,2.706148524601135e-05,0.0013334685618503082,1
0.2966845968786541,0.7032238602116414,3.551902727094517e-05,2.9071459282301334e-07,1.995188802816814e-05,2.8309829424627148e-05,7.471450388075157e-06,0
0.24179811018461767,0.7581423352716977,2.233458113149178e-05,2.1098482066821692e-07,1.0693111862425509e-05,1.7339201789134828e-05,8.976664081035378e-06,1
0.2670211344914297,0.7328347698438852,3.615897758277202e-05,2.410466006773571e-07,1.9541432719984043e-05,2.310465855497238e-05,6.504954922670358e-05,1
0.24923022248363694,0.7506398204418884,3.4194890178571845e-05,2.120479930880853e-07,2.1467165230826166e-05,2.004380968205417e-05,5.403916139032809e-05,1
0.1715507317107442,0.8282841977756371,4.212854215226251e-05,2.42023209879535e-07,3.5163918181135305e-05,2.5857864163787824e-05,6.167816591149015e-05,1
0.2617194081962416,0.7381684798048411,2.5564788874407558e-05,1.0790762661663163e-07,2.7008969662650277e-05,2.0054471513396434e-05,3.937586124017021e-05,1
0.1316007429679557,0.8597544883228863,0.0002722732368501948,1.87516464426721e-07,0.00717314835093707,0.0011762780978319845,2.2881507074180168e-05,1
0.17034543561573415,0.8222951511153883,0.00029950281894403237,2.3554692831699498e-07,0.005651315323754918,0.0014038163678030415,4.543211447282499e-06,1
0.16099593485313085,0.8300396884329418,0.0008581185518753857,1.7734775856060227e-07,0.00628213673419224,0.0018189029246438706,5.041155457259038e-06,1
0.3331670649525233,0.6508662930987277,0.0005243246773137256,2.7475323325658e-07,0.012195477872454152,0.003234084147741625,1.2480498006413367e-05,1
0.4790478404037709,0.5044179812627057,0.001375165939440128,2.53617315144459e-07,0.012387282227866149,0.00276713732105682,4.3392278451854104e-06,0
0.1532324966099168,0.8375539465077868,0.003301755335749165,1.202000402548748e-93,0.0050812275488118985,0.0008247191629274624,5.854834807956392e-06,1
0.09172967687466382,0.9047009730130612,1.5884812166172852e-05,2.4027961900473842e-173,0.003541451795077369,7.439348948307264e-06,4.574156083290642e-06,1
0.12455623786545514,0.8691669301457824,1.978189327299914e-05,1.2245512262647045e-07,0.006245799089807707,8.505034733899817e-06,2.623515825299794e-06,0
0.47834364879609403,0.520609389120769,2.557877378250879e-05,1.935348133513535e-07,0.001001092713503895,1.630998703622842e-05,3.787074001190669e-06,0
0.41705858990146916,0.5828754381681567,2.4324350102018905e-05,1.8327672577613998e-07,2.2790580393243337e-05,1.4799329985920636e-05,3.8743931672919875e-06,1
0.4236528883707308,0.5762945946784191,2.492354577178643e-05,1.8405474001276513e-07,1.3159081464591362e-05,1.4145722344493324e-05,1.0454652924549649e-07,1
0.4139281260104307,0.5860233692039868,1.9641349866723812e-05,1.2663979501741483e-93,9.9271645281829e-06,1.1126146532564547e-05,7.810124655134866e-06,1
0.11820016899714118,0.8817676674290704,1.4365202384997723e-05,8.02627361769396e-94,6.74125052164272e-06,6.556005435068252e-06,4.501115446790707e-06,1
0.6168224295130001,0.38311988418255755,2.5990011844399078e-05,2.0418861614745572e-07,1.4093476581707899e-05,1.2704599265978789e-05,4.694028133972334e-06,1
0.7061869177520912,0.2937610870852374,2.1528010055923536e-05,1.8161948494852045e-07,1.3981382474926112e-05,1.251291020816095e-05,3.7912404475024143e-06,1
0.7337044742645348,0.266249396392214,2.137373147865625e-05,2.3058117648508978e-07,1.0373838650348434e-05,1.1657596571132226e-05,2.4935953745643934e-06,1
0.7545575869818512,0.24539385558487609,1.9366755549093054e-05,1.6338621910771343e-07,1.5053706051257473e-05,1.0562957774056267e-05,3.4106276791899977e-06,0
0.8518291514230033,0.1480677701565708,1.9815384796838225e-05,1.3981756874443612e-07,1.3149051247151717e-05,1.0263720823048157e-05,5.9710445989993155e-05,0
0.8525205792352917,0.14737959322908198,1.6508609822191122e-05,1.44107057433039e-07,1.307418976327091e-05,9.742410295655059e-06,6.035821868756932e-05,0
0.4449952393360882,0.5542799115282112,2.1051464462638982e-05,1.4809889891296322e-07,1.2342678976840385e-05,1.0317534678944123e-05,0.0006809893586829168,0
0.6086276633910068,0.39004570148510126,1.9991161888624202e-05,1.7980348654090884e-07,1.4864242994815181e-05,1.4063249886090455e-05,0.0012775366656359196,0
0.81318536443559,0.18441555803988188,3.096962126915627e-05,2.205496010261202e-07,1.7886783529439397e-05,1.760221657392302e-05,0.0023323983535545466,0
0.7691461935794108,0.22815269971329652,3.242127286886819e-05,2.3316691731855859e-07,2.0780578857403926e-05,1.5203437997069415e-05,0.0026324682506520267,0
0.683568057183267,0.3132105891690317,3.513300616482349e-05,2.5266912797405486e-07,2.251867803150999e-05,1.8122044016116998e-05,0.0031453272503608187,0
0.8358789978423006,0.16048407572099413,2.1364213608609195e-05,1.8662531124138235e-07,1.4893523754338663e-05,1.2222742611126366e-05,0.003588259331419909,0
0.8000898655057237,0.19575815356007992,2.4594305658615706e-05,1.941158535946715e-07,1.549130210353214e-05,9.736813219871859e-06,0.00410196439736088,0
0.060408198978558564,0.0006946592085392321,6.167441073865238e-06,3.113813085740603e-08,2.0609751186685974e-06,1.904101129600876e-06,0.9388869781574493,6
0.09231095689993786,0.0042727251030888385,7.810320698757175e-06,4.612775530354108e-08,2.8433532294574366e-06,2.571216684752357e-06,0.9034030469786051,6
0.13559070751879948,0.0055728077257231065,1.032248635098375e-05,5.160558747897949e-08,3.6432662071123935e-06,3.398240630247271e-06,0.8588190691567016,6
0.09911258413785147,0.0034524716888347192,7.742864823890238e-06,4.572936089572313e-08,2.732802621379119e-06,2.5491138984699077e-06,0.8974218736626092,6
0.4952572902812466,0.007794850386333141,2.5857879255532816e-05,1.738802242637235e-07,1.0391143094202599e-05,8.40952343081183e-06,0.4969030269064154,6
0.45208947191177595,0.0034353060760212504,2.3905283954732732e-05,1.5815880280353784e-07,7.475540239897125e-06,7.649174387699387e-06,0.5444360338548175,6
0.620413883265363,0.004714357920826256,3.2947050778523254e-05,2.1704534857890338e-07,1.0258874045724609e-05,1.049715660393135e-05,0.37481783868703394,6
0.8108715074805137,0.005837404407652731,7.431005083015725e-05,3.977574137146013e-07,1.987867011337326e-05,1.9247178939709015e-05,0.18317725445453664,0
0.03741031188751495,0.0006068653335689325,1.0863942749610161e-06,1.6643011833311195e-08,6.429841366577583e-07,6.712319334538731e-07,0.9619804055255592,6
0.02870515278317589,0.0001076737322680721,3.378494923941958e-07,6.2738842219987e-09,2.014773898758013e-07,2.0671357500975766e-07,0.9711864211702145,6
0.025174713725263,9.443096875513056e-05,2.9629747374953e-07,5.459591276235757e-09,1.6675246008004208e-07,1.8128992774587758e-07,0.9747302055065289,6
0.0260240979240474,0.00010273498605856352,3.588224307329681e-07,5.9861155966560846e-09,1.8141624392287649e-07,2.054466696497265e-07,0.9738724154184341,6
0.025423205544295405,0.00012237250890213472,4.2741039624150216e-07,6.628794564132775e-09,2.1609348262128438e-07,2.4471726113140885e-07,0.9744535270968678,6
0.02246346268471597,9.986479919766472e-05,3.8357632766452743e-07,4.994152749719774e-09,3.6165056199288417e-07,2.1917992678369802e-07,0.9774357031151171,6
0.019421851591501588,8.54860722356685e-05,3.940545736771423e-07,3.490220797875391e-09,3.242691195793957e-07,1.739745610773807e-07,0.9804917665477877,6
0.08059509019258017,0.0006485209382594904,9.105387802799197e-07,8.481131945602549e-09,6.179999598444082e-07,4.80131786496137e-07,0.9187543717175017,6
0.0077740417605832775,0.00010042414432902285,4.701860046205481e-07,2.448279902968301e-09,1.8876132792865016e-07,2.5567094381253657e-07,0.9921246170285315,6
0.012031148342556856,0.0002024794483915285,1.5424376691473242e-06,5.094972601898075e-09,4.6786660964754e-07,6.151019228935671e-07,0.9877637417078773,6
0.012031152860002428,0.00020216798056194558,1.5424382483005371e-06,5.0949745149541496e-09,4.678667853217054e-07,5.511668422030555e-07,0.9877641125925853,6
0.011813362545059405,0.00027749767547745904,1.542660730140045e-06,5.8898978296841164e-09,4.5194428606230673e-07,5.512463427036844e-07,0.9879065880382063,6
0.009883742618020872,0.0002791392416469222,1.2906792240968739e-06,4.26336533148074e-09,3.7812273889733387e-07,5.147042817098998e-07,0.9898349303707221,6
0.012539783823338176,0.000933682310178997,7.140069977088362e-07,5.534536225754576e-09,4.288754537321063e-07,5.178898226480973e-07,0.9865248675596726,6
0.016935109454742057,0.00026212315680739575,8.520437829411506e-07,1.3775425878237154e-08,4.4155215991391613e-07,6.237065132902501e-07,0.9828008363105686,6
0.018037915264373993,0.00039918421753843883,8.957217941157374e-07,1.402602989758674e-08,4.502639823460539e-07,6.353451621307926e-07,0.981560905161119,6
0.029921701916587624,0.0006940107723275698,1.452082802709685e-06,2.0287420511560787e-08,7.401611776705209e-07,1.118846331882163e-06,0.9693809559333519,6
0.60486451374564,0.31797498366089477,4.339115419528137e-05,3.5891617729812287e-07,1.959738357100299e-05,2.0734669839025743e-05,0.07707642046968255,0
0.7383551225287325,0.09952936775927802,2.1623561338855535e-05,1.7297393075600688e-07,7.989344445978974e-06,9.515692308533094e-06,0.16207620813996537,0
0.8833978367544921,0.09635797019108747,1.3538351191851655e-05,1.4944323117262027e-07,5.029198254341077e-06,8.187645411878137e-06,0.020217288416330963,0
0.8788592998550734,0.11022197874717535,2.226615614433283e-05,1.592786557444159e-07,5.765754225541221e-06,9.77772693403349e-06,0.010880752481791567,0
0.9146855338479082,0.0796231591489223,1.5204276928709573e-05,1.4463245467624633e-07,5.2508955260596405e-06,1.0772417879956617e-05,0.005659934780380254,0
0.9207176924250557,0.07425496298916257,1.4573857050611811e-05,1.3734637947953406e-07,7.208355143633365e-06,1.0524328063952377e-05,0.004994900699143933,0
0.8708887639065147,0.12474721156273724,1.443074949926851e-05,1.359977108336893e-07,7.137572916921806e-06,1.0266987363526506e-05,0.00433205322325749,0
0.893302630231463,0.10589043306637376,1.4191687208455338e-05,1.2960308343332367e-07,9.988960463305102e-06,8.688970935102069e-06,0.0007739374804730872,0
0.867739546260655,0.1320363889494629,1.4953999143714669e-05,1.2593325507898131e-07,1.0640246367959148e-05,1.0047339360255604e-05,0.00018829727175514183,0
0.867739546260655,0.1320363889494629,1.4953999143714669e-05,1.2593325507898131e-07,1.0640246367959148e-05,1.0047339360255604e-05,0.00018829727175514183,0
0.7850142183190352,0.21491388764220634,1.774289835119833e-05,1.4002202259931163e-07,1.186265368886881e-05,1.2977118297035241e-05,2.9171346398827153e-05,0
0.6302000847853995,0.3696026797433382,7.516035360820368e-05,2.425591389353632e-07,2.4835268968989393e-05,2.1882008225810785e-05,7.511528132053131e-05,0
0.9651746457255501,0.030318044757732702,5.9410066118564425e-06,7.512075091578299e-08,3.0780585647114516e-06,3.8135284441865995e-06,0.004494401802345171,0
0.9580256295182273,0.03700769264115022,6.234217976568441e-06,7.882824685599101e-08,3.289642812661169e-06,4.0017406365878745e-06,0.004953073410949887,0
0.9189779546322723,0.07363785407455369,1.2950772346784807e-05,1.247148180632146e-07,8.71991582541754e-06,8.31309270386695e-06,0.007354082797479871,0
0.9110549775827108,0.0866700622382191,1.4184015297462751e-05,2.5611944419731e-07,7.543002372212013e-06,9.104710585863105e-06,0.002243872331370282,0
0.8383708690069007,0.16127795842774842,1.3528525918591183e-05,1.7657248810429794e-07,7.430842619249301e-06,8.946651618381963e-06,0.0003210899727066868,0
0.785865355957522,0.2132850114499236,1.2761437273090121e-05,1.8206873872504378e-07,1.163353586487624e-05,1.0968700330799877e-05,0.000814086850346962,0
0.7065436656130432,0.2927880502141278,1.3335222168661018e-05,1.719962200640044e-07,1.3881123042884292e-05,1.0914022962457024e-05,0.000629981808435017,0
0.7671824501517307,0.23248110987733686,1.2916186277898986e-05,1.9663672023178078e-07,1.3402326504276112e-05,1.086322967946346e-05,0.00029906159175052276,0
0.8272718677690566,0.1720981304375053,1.3518620398905494e-05,1.8821385789923467e-07,1.3299425450656836e-05,1.0259912974893968e-05,0.0005927356207557378,0
0.8104772424998222,0.18945754411772667,1.062563290053219e-05,1.744826188824957e-07,1.0197822473544046e-05,9.86968511269417e-06,3.434575934528502e-05,0
0.7925456457056856,0.20737953834651413,1.2713178301772718e-05,1.9153815852898327e-07,1.2261354759199342e-05,1.2350852204192558e-05,3.7299024376702544e-05,0
0.841216311396219,0.15872302546140582,1.2577955768547243e-05,1.535644707407357e-07,7.531253012798079e-06,8.61278574979124e-06,3.1787583373255165e-05,0
0.7915478896845103,0.2084035890635935,1.380985215171939e-05,1.7695014663126362e-07,1.0309413324754374e-05,9.742831296380739e-06,1.4482204976735155e-05,0
0.7895988355635261,0.21035170130283545,1.3973177365812692e-05,1.7860423880854773e-07,1.0405783518605639e-05,9.833905202442678e-06,1.5071663312992895e-05,0
0.7843146309717266,0.2156354853985618,1.4211253276450731e-05,1.7250375282356227e-07,1.0050358938867119e-05,9.84856925055558e-06,1.5600944492564426e-05,0
0.6339879007536146,0.36596969663667844,1.5380803520917038e-05,1.8745798755562025e-07,1.1376161524043644e-05,1.0702335119048727e-05,4.755851555297688e-06,0
0.7807076900177095,0.21925031497293984,1.4160971328836286e-05,2.3224798890147743e-07,1.2586825561079374e-05,1.0695816744664127e-05,4.3191477269252255e-06,0
0.73614795914055,0.26380567993893456,1.3954467465537148e-05,1.9530234753419424e-07,2.052203005339402e-05,8.62505653107462e-06,3.064064117826024e-06,0
0.7757784524311881,0.2241849440713107,1.035563137619182e-05,1.8118702559042226e-07,1.628358852198947e-05,7.321641708604682e-06,2.461448868699567e-06,0
0.8354025554220573,0.16456878965721536,1.0108885307204716e-05,1.6598665954606035e-07,7.184096547965423e-06,8.444073534606995e-06,2.751878678011713e-06,0
0.6934353442400735,0.30652615548807627,1.6350034132280855e-05,2.3798958070913695e-07,7.5979368343396815e-06,1.0660971105281312e-05,3.6533401976728904e-06,0
0.6198199858503771,0.38010866373985047,2.647014573342529e-05,2.3331809663888625e-07,2.3132737261426356e-05,1.6913094902929833e-05,4.6011137782430905e-06,1
0.6803741762824532,0.31956872553854676,2.461109525270516e-05,2.1693170707815533e-07,1.1202560100465256e-05,1.633398655473522e-05,4.733605384975445e-06,1
0.6861541971627759,0.3137822033513438,2.416545512164684e-05,2.1300366269896877e-07,1.1858434047756967e-05,2.2714700408064358e-05,4.64789264027722e-06,1
0.7163134380967165,0.2836301380192349,2.1065982815674777e-05,0.0,1.4321127630952023e-05,1.7977167681136643e-05,3.059605920852577e-06,0
0.6642341237060478,0.3357024047996056,2.1919455851978393e-05,2.5567689274706043e-07,1.5616284503647425e-05,2.2090423058043326e-05,3.5896540401664075e-06,0
0.6351272722697654,0.3648109266393598,2.2069869721798715e-05,2.444730881437119e-07,1.4931976280368703e-05,2.112241699035199e-05,3.432354794123738e-06,0
0.2118661791834114,0.7817137038450432,5.212386378498743e-05,3.2798415111069574e-08,1.8946106089111892e-05,3.0204828449636197e-05,0.006318809374806441,1
0.2893018064348868,0.709116756101924,3.154878911198438e-05,2.3410077909441924e-07,1.820835172184634e-05,2.3417697382892092e-05,0.001508028524193402,1
0.30410970555129047,0.6957303919520805,3.473569242172937e-05,2.5774848693707885e-07,2.133914921755696e-05,2.7264000929165418e-05,7.630590557353835e-05,1
0.29680901100529294,0.7030698064021746,3.5796211809042745e-05,2.929832808001694e-07,1.9451400756339095e-05,3.0991050752184406e-05,3.4650945933903325e-05,1
0.34496260100232107,0.6549435377015769,3.481872659404212e-05,2.849828022368987e-07,2.3155383200899663e-05,2.8368332459449842e-05,7.2338710454095245e-06,0
0.17413964548105443,0.8257979318899148,2.26783170766757e-05,1.8560889323901572e-07,9.199075179705344e-06,1.2694437652462404e-05,1.7665190228891563e-05,1
0.12967210252989908,0.8702223364799407,2.439343560254998e-05,1.7251138557978785e-07,2.220506742261734e-05,1.61723308896262e-05,4.2617644859803565e-05,1
0.12185143686379316,0.8779024850555517,2.856182119978519e-05,1.8039261162477207e-07,2.6209515355209658e-05,1.7051588759690123e-05,0.00017407476272868227,1
0.15896081205764276,0.8408985025181617,3.240857111050905e-05,2.2188407334603477e-07,3.2237872577264495e-05,2.097356392229285e-05,5.484353251201409e-05,1
0.27819254256790804,0.7217177891636816,3.216425483329029e-05,2.2140204792687382e-07,2.8185762316985543e-05,2.2642832276991233e-05,6.454016935164552e-06,1
0.18011774223266536,0.8198282763200514,1.880667359911656e-05,1.3704051295555634e-07,1.6995799911934104e-05,1.4047111171019259e-05,3.99482208814493e-06,1
0.1473266733428199,0.8525894103160861,1.8320518061392553e-05,1.6004083699634437e-08,4.561172673238167e-05,1.3910470752907039e-05,6.057621463538532e-06,1
0.37806215543586874,0.6201038078101517,1.4652340709962687e-05,7.326459664432281e-08,0.0017920717981377804,1.2634486036324595e-05,1.4604864498816665e-05,1
0.25404692588782257,0.7422450094310212,1.6971588673808014e-05,1.7159439679854659e-07,0.0036641294980951774,1.345921588253311e-05,1.3332784107782684e-05,1
0.17778271494196252,0.8142161060238376,0.00023989339995597955,2.0321921731389644e-07,0.0054541267020440124,0.0023028090774427556,4.146635539886466e-06,1
0.08232115817347482,0.9105977942178171,2.3948966965874764e-05,4.4572812654095235e-201,0.007037009535344558,1.0437304832408314e-05,9.651801565335751e-06,1
0.11144923181707142,0.8839911542138366,1.8273939863137572e-05,5.6599004287764724e-179,0.004527025902646776,9.182972202412677e-06,5.131154379555353e-06,1
0.1122813742841738,0.881240598721682,1.7646100492282105e-05,1.318946816358743e-07,0.006445643540204063,8.805848017589684e-06,5.7996107486514276e-06,0
0.45755438392177283,0.5416335180365497,2.842062357626005e-05,2.1402872631780867e-07,0.0007630329619473866,1.5903578022277107e-05,4.5268494053167005e-06,1
0.46479902462843964,0.5350001655751688,2.737465872067588e-05,2.0615182223746092e-07,0.00015355045990620526,1.5318278278775435e-05,4.360247663740612e-06,1
0.43332763908000316,0.5666234032122878,2.010102223051422e-05,4.872259665001992e-137,1.0159492917798174e-05,1.1386535055308959e-05,7.310657505515979e-06,1
0.48318651107408356,0.5167538226634553,2.2897224409782208e-05,1.4053957368151595e-93,1.5605375494599007e-05,1.2058882177012581e-05,9.104780379680945e-06,1
0.7613314437472639,0.23860734997991817,2.596869827290879e-05,2.0430951424866097e-07,1.5728100224414633e-05,1.5040278280358097e-05,4.2648865260720716e-06,1
0.7445022240012985,0.2554454407946428,2.262589491283285e-05,1.7800990833278045e-07,1.271117889149875e-05,1.3104228492891153e-05,3.7158918533368085e-06,1
0.8236725292079656,0.17628214494296288,2.0006110198033913e-05,1.573986733416519e-07,1.0082524012913098e-05,1.1794176340042052e-05,3.2856398470969892e-06,1
0.8697235789252951,0.13023580954169164,1.790149129035242e-05,1.408405208232589e-07,9.72616968994541e-06,9.903037054302328e-06,2.939994457884267e-06,1
0.8461654657590333,0.15377085856000425,1.9683635242819767e-05,1.3888794247096786e-07,1.2115774838776316e-05,1.019547886585829e-05,2.154190407244018e-05,0
0.8774975937367123,0.1206639421536501,2.4189540995044384e-05,1.7509746999875638e-07,1.4475199518707402e-05,1.273355767133594e-05,0.0017868907139825417,0
0.7152973495716249,0.28168080258280975,3.2957138705701326e-05,2.370207507499625e-07,2.1124044776349772e-05,1.6999704365406192e-05,0.002950529936967167,0
0.76932939335584,0.22585862882965008,4.1528581088180245e-05,2.988430356363825e-07,2.3504031754118527e-05,2.3153993850972738e-05,0.004723492364781142,0
0.7420078958926396,0.2524463457763597,4.72864724405246e-05,3.402772885174377e-07,2.9410128683687863e-05,2.622454558110188e-05,0.005442496907006779,0
0.8569626717908374,0.13567489545947095,1.924766660428903e-05,1.9841214449109057e-07,1.7660226227527495e-05,1.3820673827800016e-05,0.007311505770887481,0
0.8329590766726263,0.16413178749231563,2.123742486875795e-05,1.859733853065312e-07,1.510833263578722e-05,1.2180045707634548e-05,0.0028604240584605644,0
0.9150608235403623,0.06463015557514483,3.958847956179798e-05,3.132894502437857e-07,1.8471084700054133e-05,1.8291724779591183e-05,0.02023235630600117,1
0.9406847220069304,0.03869095577047585,6.326494534793694e-05,3.177929939806822e-07,1.9407537523862998e-05,1.813500931167692e-05,0.02052319693741615,0
0.9445254530885403,0.030838845913119323,6.45156152741644e-05,3.2407536944392733e-07,1.979120059967435e-05,1.8493516074517407e-05,0.024532576591022717,0
0.9465308547901717,0.0234260993587253,6.465259382167685e-05,3.2476344121077546e-07,1.9833220967923966e-05,1.8532781219235015e-05,0.029939702491653047,0
0.16165675157453763,0.005766103806444966,1.0790821141359557e-05,6.373059139711337e-08,3.808562460105612e-06,3.5525652033173733e-06,0.8325589289396211,6
0.1860908559071831,0.0013872870192630435,1.2651610154104705e-05,7.302380328927786e-08,4.419803339884824e-06,3.5317149340501195e-06,0.8125011809213225,6
0.581297582633233,0.008262778567473839,3.0350129111128007e-05,2.0408816995874553e-07,1.259395085772599e-05,9.870497087791282e-06,0.41038662013406657,6
0.696428052066172,0.0052950762946538795,3.14457533400846e-05,2.1145564912272134e-07,9.994671089753034e-06,1.022681701386581e-05,0.29822499294208155,6
0.9132267813415991,0.007071368785280683,4.221099751430424e-05,2.7807346796962787e-07,1.3143431554909305e-05,1.344871364342702e-05,0.07963276865693968,0
0.8764523567860689,0.006900064793778942,4.5406634911861975e-05,2.604324255844966e-07,1.2309609346558412e-05,1.2595524271778297e-05,0.11657700621919628,0
0.8836560924248645,0.008921321956317748,5.996722479130969e-05,3.439455453654784e-07,1.652680633581514e-05,1.6634543318091333e-05,0.10732911309882723,0
0.795166390840295,0.0051831015108989515,5.5713687696682925e-05,3.0326204835092945e-07,1.5148146620586365e-05,1.4666931286073784e-05,0.19956467562115443,0
0.8405818353694969,0.00619635814150457,6.710985672236776e-05,3.651025470433751e-07,1.8246682123278226e-05,1.7667034760361546e-05,0.15311841781284558,0
0.5097656505501574,0.008527066426042522,4.684085579418172e-05,3.555908436523137e-07,1.8077584825493347e-05,2.051743526800395e-05,0.4816214915570689,0
0.042653407390263284,0.0006059692062538413,1.1201135888479844e-06,1.5952563517918676e-08,6.629409648811786e-07,6.920655118118775e-07,0.9567381323308538,6
0.031662510245846924,0.0005270800113074497,1.0190372796633292e-06,1.9962708974912864e-08,6.031187945185999e-07,6.044407071477373e-07,0.9678081631833554,6
0.026031957714008742,0.00040658327429839923,7.306277331149528e-07,1.1192848018656813e-08,4.128557113015486e-07,4.333709398851961e-07,0.9735598709644604,6
0.007634150271892692,3.3872045644995735e-05,2.50291345993916e-07,3.3606987860878307e-09,1.2983683657632428e-07,1.331325319451615e-07,0.992331461061049,6
0.01934750316571797,0.00010895937005519893,3.645812484316289e-07,4.746837364644466e-09,1.949301952839662e-07,1.999962257270562e-07,0.9805427732097202,6
0.019197622210986382,0.0001129812524944397,3.6175691574517677e-07,4.710064634330137e-09,1.8466771953654586e-07,2.0006317688519656e-07,0.9806886453386423,6
0.025512412213190838,9.216398737930449e-05,3.173820526058659e-07,5.848096724258788e-09,1.8927158096139435e-07,1.7854900354512854e-07,0.9743947327486959,6
0.08401814883817513,0.0003788862776821468,8.532459848337686e-07,1.0621880000248876e-08,6.502093680344606e-07,4.322573518591028e-07,0.9156010185495579,6
0.007764503205410769,8.781452488616738e-05,2.9750504176884263e-07,1.5626779084323544e-09,1.1943666165707236e-07,1.6177298786128945e-07,0.9921471019923339,6
0.0074942547077411,4.541674399365869e-05,5.018258301708874e-07,1.9043554067846115e-09,1.7378791508328354e-07,1.7823211599823365e-07,0.9924594727980486,6
0.008911665665311996,7.141676976324053e-05,8.350157583453381e-07,2.744280535783077e-09,2.819210972510012e-07,2.9687222822948253e-07,0.9910155010115603,6
0.012359924870229756,0.00021002090496870563,1.515798899157216e-06,5.006979546513943e-09,4.4407473264160246e-07,5.416476760634407e-07,0.9874275476965141,6
0.011096515879764075,0.0003930622607611985,1.107866475815987e-06,4.786496667340844e-09,4.917188220554636e-07,5.177961627895284e-07,0.9885082996915174,6
0.016934569717747275,0.00029398581754835115,8.520166275482636e-07,1.36492157284894e-08,4.4153808725400985e-07,6.236866352091542e-07,0.9827695135741388,6
0.018851173187969916,0.00041909930247310573,1.073488295530035e-06,1.356731779361984e-08,5.033698812773731e-07,7.759982024576033e-07,0.9807273610858598,6
0.015405053891627128,0.00038031349262093305,6.994248784433913e-07,1.1978753824431812e-08,3.845422717557227e-07,5.928128057526223e-07,0.9842129438570423,6
0.014113035171391263,0.0003045683391445203,6.964748445817829e-07,9.568876797670957e-09,3.4864304356034237e-07,5.277212398296579e-07,0.9855808140814594,6
0.5328336600318124,0.35484727208143535,3.148541708804969e-05,2.8694093219447145e-07,1.6226476977521343e-05,1.5913843662736092e-05,0.11225515520809161,0
0.8933239780252817,0.09641633145885968,2.062035840621513e-05,1.4750561105473753e-07,4.69960405994382e-06,9.527741638296803e-06,0.010224695306142936,0
0.8973916941317731,0.09182663239582507,2.2418956827340366e-05,1.6001184300633348e-07,5.907177492326129e-06,1.0804696523566255e-05,0.010742382629715566,0
0.9208494298658537,0.07164944486447496,1.4141764000835312e-05,1.3452517673042541e-07,6.674535846849075e-06,1.0019614355291454e-05,0.007470154830291493,0
0.9087972749188495,0.08548371253342389,1.5256092094023015e-05,1.437758725671349e-07,7.903694611643232e-06,1.0708618503471593e-05,0.005685000366644752,0
0.8918013600881499,0.10489110535278934,1.3345976032811309e-05,1.331017933127375e-07,6.9855863699389535e-06,8.791666083534023e-06,0.0032782782287811793,0
0.8875524834707579,0.10922390754125952,1.3897266573298455e-05,1.3859991195125347e-07,7.274144334979152e-06,1.0463437478955713e-05,0.003191835539683682,0
0.8941898964113254,0.10281253628413203,1.4001194959179838e-05,1.3963640823319655e-07,7.4639298328010395e-06,1.069980421389355e-05,0.002965262739128561,0
0.8936846718888257,0.1040880681317672,1.4199614992041436e-05,1.305905976231243e-07,6.924312597208632e-06,8.755176783496043e-06,0.0021972502844368903,0
0.8890812899551964,0.11071528642929279,1.5321787402655774e-05,1.290305384332974e-07,1.1045806235563447e-05,1.0294450077247453e-05,0.00016663254125716992,0
0.8766181125570699,0.12318387193582245,1.7696151814491945e-05,1.2057123806101326e-07,1.2542441888932629e-05,9.71102532663301e-06,0.00015794531683936542,0
0.8875690319446022,0.11186603940287562,1.816416042118184e-05,1.4108998986395676e-07,9.91705674114804e-06,1.031894935331598e-05,0.0005263873960164206,0
0.9087919360906495,0.09105664528717598,1.260124600391244e-05,8.98758333051161e-08,8.201169315718176e-06,9.757493513200917e-06,0.00012076883750827773,0
0.8509934301049461,0.1488289183245523,1.401517553062856e-05,1.2476142748353383e-08,8.899015167936643e-06,9.354776989923084e-06,0.0001453701266704345,0
0.8509933346160196,0.14882890162464238,1.4015173958002944e-05,1.246849119101258e-07,8.899014169389092e-06,9.354775940235058e-06,0.0001453701103586313,0
0.8543592942731776,0.1454313944528257,1.5659815885713804e-05,1.3187720351410962e-07,1.0059011013157655e-05,1.0609313469449594e-05,0.00017285125642493946,0
0.8507156057379524,0.14912298053737721,1.605731986776558e-05,1.3522473415695289e-07,7.222534387511352e-06,1.2433627150876114e-05,0.0001255650185302642,0
0.9088549704058139,0.086951104874829,1.2812749817997545e-05,1.3886867969418114e-07,6.8457718557538956e-06,8.224496128596633e-06,0.0041659028328751195,0
0.8987364540898644,0.1002540866749504,1.1347503492163682e-05,1.1702994128715511e-07,6.293958679210953e-06,7.504303210392443e-06,0.0009841964398620024,0
0.849317320937635,0.1495636084250865,1.3576481807807408e-05,1.0636001778114997e-07,7.6165778190842766e-06,8.978365689556391e-06,0.0010887928519441674,0
0.841747429160534,0.15790312125395348,1.3455475800435012e-05,1.0541204014762546e-07,7.390718223243222e-06,8.945752409768904e-06,0.00031955222703887264,0
0.7476729666834926,0.25200996610737003,1.3530182587172775e-05,1.849922366282596e-07,1.5059317441572798e-05,1.1372260252611027e-05,0.00027692045661937154,0
0.8085485321567686,0.19068478994471846,1.3684939131462954e-05,1.732485024799859e-07,1.3648601958791533e-05,1.1062847770095834e-05,0.0007281082611500952,0
0.8230940999909006,0.17684113763490647,1.0610740616280662e-05,1.7094425600048247e-07,1.074125005570536e-05,1.0219614815568912e-05,3.3019824449433037e-05,0
0.8395829862686648,0.16038686640135866,1.1262590467578508e-05,1.9780374421838096e-07,9.548816651723839e-06,6.831310808341569e-06,2.306808304530736e-06,0
0.7323968081317695,0.267558608330937,1.4156171369162806e-05,1.981253320717404e-07,1.8371160341535473e-05,8.749726825774595e-06,3.108353424820444e-06,0
0.781640443905949,0.2183230462320019,1.1220268681091221e-05,1.616667327710414e-07,1.5199914035542719e-05,7.3916517154833926e-06,2.5363608844649838e-06,0
0.8422679798495076,0.15770705213203395,8.789391148573643e-06,1.5217814340101318e-07,7.612362449494167e-06,6.149412951794601e-06,2.2646737652734135e-06,0
0.900581093966919,0.09939535646735058,8.001194736599173e-06,1.3853143402352914e-07,6.603314843427012e-06,5.5979589156250525e-06,3.2085658005952127e-06,0
0.8392115392744447,0.1607566294337358,1.2818887869193997e-05,1.639172143494455e-50,7.504840670572361e-06,8.363016795614119e-06,3.1445464842506444e-06,0
0.7655922158165507,0.23436338646651783,1.574919518260225e-05,2.2324124332716898e-07,1.3232574206896744e-05,1.1235093821761524e-05,3.957612477061651e-06,0
0.6896070342594883,0.31033971392852355,2.2641672618781953e-05,2.1160842335567646e-07,1.092766065567633e-05,1.5297878797913613e-05,4.172991492387427e-06,1
0.7039632223860313,0.2959819002328106,2.327037216974922e-05,1.9420671515487572e-07,9.120714614203838e-06,1.8054357891303606e-05,4.237729767757329e-06,1
0.7136700016382338,0.2862737721964572,2.4432496875733188e-05,2.0390541787020515e-07,8.184406276236164e-06,1.89559943242368e-05,4.44936241481901e-06,1
0.7130227770950939,0.2869168849329165,2.7291359843440957e-05,2.73183819494808e-07,1.1845893443395555e-05,1.5772676255478557e-05,5.15485862772627e-06,0
0.6839910409124638,0.3159530452978168,1.9368910592608798e-05,3.045227137700638e-07,1.4756763598491615e-05,1.832683452936103e-05,3.1567582850558243e-06,0
0.691172819929067,0.3087654140467413,2.0917508869649248e-05,2.6622744393111067e-07,1.4911706878191948e-05,2.2480677338518178e-05,3.1899036613196103e-06,0
0.6911736939554965,0.3087658044977611,2.091753532100131e-05,2.64163204891612e-07,1.491172573487373e-05,2.1218214786263335e-05,3.1899076951300083e-06,0
0.68184464711834,0.31809547799989896,2.0718938621234387e-05,2.800255311169419e-07,1.4797241284987024e-05,2.0931824084080963e-05,3.1468522395269917e-06,0
0.6429184214398447,0.3570201439070783,2.1216046349059324e-05,2.474720560371715e-07,1.5115147842485192e-05,2.1381527107000467e-05,3.474459722337711e-06,0
0.24658127601454402,0.7470195072242075,4.360771877544018e-05,3.207893464983785e-08,1.982804392311545e-05,2.9542242046275715e-05,0.006306206677568949,1
0.19251521923522744,0.806004531229104,4.6495032969227095e-05,2.7339862505987934e-07,1.8236485563699728e-05,2.9073515971304146e-05,0.001386171102539324,1
0.19816455997143376,0.8005609850223053,4.363164458782737e-05,2.553778400304076e-07,1.9445067974570184e-05,2.7157165509574366e-05,0.001183965750349073,1
0.2609564558414136,0.7374330502470947,3.440921766260708e-05,2.5532595353353344e-07,1.9859245166284888e-05,2.554090566027164e-05,0.0015304292170488624,1
0.2814791301859848,0.7183560358525655,4.5144644110076426e-05,2.653057228460674e-07,2.1964817234663705e-05,2.8212907686548018e-05,6.924628669559257e-05,1
0.2594388335999893,0.7404360779473216,3.9965416160370014e-05,2.834190815052124e-07,2.1340449992398913e-05,2.9979373277126774e-05,3.351979417751123e-05,1
0.29551076491101236,0.7043596117166502,3.661791672145199e-05,2.997087355039115e-07,2.5556932897025303e-05,3.1702452807229824e-05,3.5446361176315166e-05,1
0.2848345517503788,0.7150656880564947,3.400565475035329e-05,2.783280070993296e-07,2.8316208834233846e-05,3.0095052717335328e-05,7.064948817538481e-06,1
0.5575023433511903,0.442430322616016,2.496350985063675e-05,2.4469076771984553e-07,1.3261834037671708e-05,2.398731290015794e-05,4.8766852374522656e-06,0
0.10133119054257987,0.8985927891381065,2.02686609527388e-05,1.37323149098933e-218,1.5179235681463615e-05,1.27653171973189e-05,2.7807105482072522e-05,1
0.09402743265960364,0.9058684786891299,2.339890537095599e-05,1.6019973289913355e-07,2.5844164198842543e-05,1.5088491897984496e-05,3.959689006595666e-05,1
0.31197038122897747,0.6879460891637331,3.0990350076227447e-05,2.1332149643790193e-07,2.7157061337067103e-05,1.8950410894282056e-05,6.218463485484996e-06,1
0.26898983925570313,0.7309438021134768,2.3744651345690208e-05,1.7302258069268998e-07,2.2026776086941825e-05,1.537045751537761e-05,5.043723291689356e-06,1
0.18174380643925614,0.8181858398199376,1.894904669601248e-05,1.2140849562076426e-07,3.0515726266628317e-05,1.450211687551371e-05,6.265442472462165e-06,1
0.16930943017024463,0.827667830891526,1.7622442852151395e-05,1.781749787513136e-07,0.0029751181351099477,1.3002937089610478e-05,1.6817248198948852e-05,1
0.19635989119023511,0.7939322199764021,0.00031339650535901166,2.6865068055606103e-07,0.007899313118059768,0.0014903035967140216,4.606962549466017e-06,1
0.1848631908373118,0.8046091788946685,0.00028928236264014873,1.9924941501134316e-07,0.008565282204829506,0.0016683677968990485,4.498654235978255e-06,1
0.13539964591075357,0.8522468742352264,0.00012734581008222296,1.6829444109201845e-07,0.011574667332938004,0.000647783006068141,3.515410490758286e-06,1
0.42100185728471223,0.5562459457452185,0.0013580410961141218,2.4858885289163595e-07,0.018212639137262007,0.0031770149537243657,4.253194115928852e-06,0
0.089462143634812,0.9025306729227094,0.0013240822416784423,2.021229993201015e-07,0.005975508738369179,0.0006923696619609572,1.5020677470433477e-05,1
0.08129852588340732,0.9022960022911309,0.0006119575678872249,1.9884253185808802e-07,0.015272117184143777,0.0005048474861174051,1.63507447813455e-05,1
0.08903487745765916,0.8973228214619705,0.00024900701854551347,1.5222357351311463e-07,0.01314012731109174,0.00023838973084472882,1.4624796314761412e-05,1
0.08938576074539648,0.9008504413223639,1.891316595020581e-05,3.661069705379345e-94,0.009728439826199213,8.82264368859572e-06,7.6222964015009055e-06,1
0.15463867503338316,0.8361011061290516,2.0466977605650946e-05,1.960168549449863e-07,0.00922388388393603,1.0854703738031656e-05,4.817255430531122e-06,0
0.28862909948466,0.709531190019203,3.371014375593828e-05,2.665493461627993e-07,0.001779048062387198,2.1605706370652167e-05,5.0800342772363825e-06,1
0.4818319171200776,0.5181155908237781,2.281164255369272e-05,2.593165586696101e-07,1.5773366151073467e-05,1.3528288229534666e-05,1.194426514968447e-07,1
0.47393986213241146,0.5260036996015047,2.2751039570052807e-05,5.514593793431911e-137,1.26586810595362e-05,1.198189355486285e-05,9.046651899269737e-06,1
0.402420123146068,0.5975206615103448,2.6814809699722507e-05,1.828169565579929e-07,1.4796355743667829e-05,1.3458100133574034e-05,3.963261053759364e-06,1
0.5024178562734766,0.49752339864545986,2.89479992942977e-05,1.9381088784222882e-07,1.0648792494169081e-05,1.4522611527161228e-05,4.4318668600249395e-06,1
0.5928735114880092,0.40706445077548836,3.078251215017312e-05,1.9777726427658613e-07,1.1715061719627819e-05,1.4819819515669847e-05,4.5225658525816515e-06,1
0.8758152524628774,0.12414731374629523,1.704517282720628e-05,1.3464758794026172e-07,7.975662970609316e-06,9.467588197278504e-06,2.8107192447024787e-06,1
0.8729700713489218,0.12699077099750433,1.622335127532269e-05,1.342101706046193e-07,1.0606386104537341e-05,9.392117706068675e-06,2.8015883175015984e-06,0
0.8269251887257928,0.17301740374818927,1.9531599539442746e-05,1.378151769089326e-07,1.1988420502691081e-05,1.0116729347209202e-05,1.5632961451735482e-05,0
0.6904447869339781,0.30910435467477754,2.552777387287618e-05,1.5204665093855754e-07,1.253227638458687e-05,1.0698605085789452e-05,0.0004019476892501038,0
0.8656073287234202,0.1326134290287056,2.346114892523428e-05,1.6982495951097843e-07,1.4039324338582835e-05,1.2103135893447519e-05,0.0017294688137575206,0
0.8692370336214992,0.12872548696137634,1.9292529171517282e-05,1.7955009441574586e-07,1.6002076704402826e-05,1.2767124680972367e-05,0.001989238136473124,0
0.750000429321573,0.24414065554771647,4.683966000199163e-05,3.370619899930849e-07,2.6509955967464246e-05,2.611515181231281e-05,0.0057591133009390096,0
0.8228888606934953,0.1697796051145911,2.1243744655066223e-05,2.1898846341683745e-07,1.914742706208467e-05,1.4025280051687583e-05,0.007276898751681278,0
0.7919373507444298,0.20425762746072987,2.22270128136752e-05,1.8943166588309254e-07,1.5117483244299539e-05,9.480243307924415e-06,0.003758007623808305,0
0.9319736295559112,0.03865526311681573,6.320658303203748e-05,3.1749982791528325e-07,1.93896339466202e-05,1.8118279649832325e-05,0.029270075330816613,0
0.19546905925192581,0.0022000422981474344,2.0109274519945455e-05,1.0152755639660016e-07,6.719920619218792e-06,5.662466558128072e-06,0.8022983052606731,6
0.20391047592652378,0.00260451108724289,1.9195417578207156e-05,9.85531542689869e-08,6.437211331393741e-06,5.493471618636074e-06,0.7934537883325508,6
0.5239664259052799,0.0033470415099828604,2.9844983285421978e-05,1.7626447608576198e-07,1.0668498284329825e-05,9.449336210698207e-06,0.47263639350248077,6
0.2771868174247603,0.0017506872191230614,1.5965702764150913e-05,9.21524077823547e-08,5.507060160501148e-06,4.456848590648598e-06,0.7210364735921936,6
0.7081635355141854,0.007821861516676482,2.9319755429504424e-05,1.971594653629186e-07,1.2166391704222957e-05,9.535398005129606e-06,0.28396338426453377,0
0.9086444337372624,0.008092851802543146,6.366457736609079e-05,3.4635894767232433e-07,1.7309935715072506e-05,1.6760046232606074e-05,0.08316463354193296,0
0.906673073115573,0.009660174640597506,7.516636896833523e-05,4.0893296607492817e-07,2.0437189228406196e-05,2.169673730393997e-05,0.08354904301536266,0
0.5044544835456498,0.008459332380140641,4.023002475348005e-05,3.0540493335777954e-07,1.5091933449955196e-05,1.7528339819070295e-05,0.48701302837125354,0
0.1533190192407481,0.0033783233856380292,9.072527456059283e-06,9.051936872701647e-08,3.917788669035598e-06,4.308036321445726e-06,0.8432852685017986,6
0.2187780496631576,0.003882391404046035,8.089695762903388e-06,8.8927613451587e-08,3.8301106318574134e-06,3.8599436945035615e-06,0.7773236902550937,6
0.006845022662893097,2.943797134711256e-05,2.84975822738064e-07,3.1655404013907883e-09,1.3161938033400122e-07,1.3740172751511715e-07,0.9931249822032888,6
0.018946448715037895,0.00010636316500706728,3.662792875124646e-07,6.801827128655636e-09,2.1843156930801152e-07,2.241083757064991e-07,0.9809463724988955,6
0.05373560211314407,0.00020488462619682235,7.055543608602024e-07,1.20861123161416e-08,1.0467847740690532e-06,4.1345386417500466e-07,0.9460573353815476,6
0.05383132750589589,0.00020486395401782,7.852977865287635e-07,9.524427973003767e-09,7.189704193577322e-07,4.134121480518963e-07,0.9459618813353045,6
0.0058973378670816555,7.574441305579145e-05,3.158248129452589e-07,1.7293352085785647e-09,1.2985406062797966e-07,1.8059240873949013e-07,0.9940262897192451,6
0.007704701212282642,8.4273142455079e-05,7.331411268585337e-07,2.4094694073879597e-09,2.2125934146615532e-07,2.60652853268852e-07,0.9922098081824713,6
0.019901913853601492,0.00043010919573618916,8.763850019696593e-07,1.4168962765925817e-08,4.3864692073723707e-07,6.415245845601322e-07,0.9796660062251923,6
0.012967166688362938,0.0002875203535278513,6.500358319079639e-07,1.050462848338054e-08,3.221427161353755e-07,4.758342122203429e-07,0.9867438544407204,6
0.016692305026596143,0.00038993267771807367,8.478167707020427e-07,1.142003983004624e-08,4.3874029995861715e-07,6.532524744718769e-07,0.9829158110661008,6
0.015152210735867545,0.0003539560352013404,6.996232806272678e-07,1.198766335524468e-08,3.982604842589752e-07,5.929809658494621e-07,0.984492130376537,6
0.009761988749321085,0.00024983689869620846,5.555734942134469e-07,7.633031342822316e-09,3.1025085202582443e-07,4.0007328163494357e-07,0.9899869008213236,6
0.009314389313881212,0.0003251349445609939,1.0604745757141958e-06,5.778493513008189e-09,2.887910126542042e-07,3.041123742442509e-07,0.9903588165851016,6
0.5322981150096295,0.301777612092907,2.514717572549059e-05,2.7642596398305084e-07,1.4022891388529737e-05,1.4591663366915145e-05,0.16587023474101853,0
0.7473532329940704,0.1359816336359972,3.0209581218435134e-05,3.1606594725515254e-07,1.6083568470511185e-05,1.7529127103846495e-05,0.11660099502719222,0
0.44234704420647564,0.022960724889576668,2.4289967386274287e-05,2.0848138974810925e-07,1.0203672907512115e-05,1.1469038994649084e-05,0.5346460597432695,0
0.8873932012039464,0.1025073964961411,1.5560035116045614e-05,1.5721568900838884e-07,4.7850202891159064e-06,1.0154938891123884e-05,0.010068745089927219,0
0.9036990183501921,0.0861333867136876,1.5568125309681882e-05,1.6010452146058007e-07,4.872944859384806e-06,1.0341535516458981e-05,0.01013665222591312,0
0.9200187013529108,0.06677000929072732,2.5425165945947747e-05,1.2975050334408551e-07,7.057206812841389e-06,9.184497029772681e-06,0.013169492736070102,0
0.921101022161546,0.0716690207557487,1.4145627780031688e-05,1.3456193137993086e-07,7.276395842737787e-06,1.0022351890545147e-05,0.007198378145260292,0
0.8977454598411231,0.09899497338886161,1.4056867850329827e-05,1.4019164388121138e-07,7.618001280686636e-06,9.259966301200672e-06,0.003228491742939249,0
0.9055946683665923,0.09103888758028733,1.4179770490229257e-05,1.4141737377412186e-07,7.647101821952498e-06,1.083627279569614e-05,0.003333639490638831,0
0.8912680842583381,0.10614662271268004,1.4343365311975096e-05,1.3191263629805832e-07,7.133136010464021e-06,8.843810134781181e-06,0.0025548408048880326,0
0.910608297976415,0.0886277923712991,1.5687915714583317e-05,1.3211384274905214e-07,1.1162451368275227e-05,9.621092240363124e-06,0.0007273060791200278,0
0.917867488314774,0.08149020690541454,1.5812976694630792e-05,1.331670283316771e-07,1.1626017386482528e-05,1.1636900040111296e-05,0.0006030957186618492,0
0.9186249777863648,0.08122319877998886,1.273759027860688e-05,9.084828121231035e-08,8.289905182127795e-06,8.629545142637185e-06,0.0001220755447617227,0
0.8593701575934692,0.14044886166165702,1.5123304863126147e-05,1.273590422643402e-07,9.84258094455208e-06,1.1710393484445669e-05,0.00014417710653938468,0
0.8556555545312887,0.14418570990761012,1.6555576677581643e-05,1.5101469235539284e-07,1.1068827023539829e-05,1.2655287169722233e-05,0.00011830485553794177,0
0.8535410868757439,0.14625035902275177,1.7307095789060466e-05,1.354166451952742e-07,9.918444034345631e-06,1.1676452223791152e-05,0.00016951669281197007,0
0.8943515953399264,0.10538836022233983,1.8485296857142722e-05,1.432075141549301e-07,1.0824114688040564e-05,1.2353908613881283e-05,0.0002182379100604676,0
0.6481456443250568,0.351179294630795,7.730061768188597e-05,2.4946624601887757e-07,2.1012418659612516e-05,2.250419973927409e-05,0.0005539943418213542,0
0.9689231865349924,0.029328698477370057,4.732048693374534e-06,5.983414502635372e-08,3.1421198989665814e-06,3.0374991092327496e-06,0.0017371434857910303,0
0.9463994470205255,0.049740122094421996,7.325281196931311e-06,7.10931464445052e-08,4.950965364493716e-06,4.70209343824205e-06,0.003843381451906492,0
0.9014935223251284,0.09647495644519433,1.3221099758002942e-05,1.4329450692309446e-07,7.063950667195374e-06,8.486615700772275e-06,0.0020026062690446595,0
0.9055418232733639,0.09314952179553285,1.4423917123616672e-05,2.487017781378412e-07,7.327868889308034e-06,8.356526100515589e-06,0.0012782979172117237,0
0.9173788625272797,0.08111269736468787,1.1988426361305698e-05,2.0587285816736624e-07,5.834214929151861e-06,7.539903412242757e-06,0.001482871690471631,0
0.7803610896060714,0.2188701509335744,1.2767178695673694e-05,1.7837014384198444e-07,1.1071059923578716e-05,1.0803132849004236e-05,0.0007339397187419782,0
0.8213672939148255,0.1780687446605718,1.2591190123134233e-05,1.6550970156918886e-07,1.2812270980201174e-05,1.0568683750357095e-05,0.0005278237700472897,0
0.8230921263232626,0.17684071359392448,1.1148450323092344e-05,1.7094384609942014e-07,1.154231999867064e-05,1.1278623372890536e-05,3.301974527238763e-05,0
0.802278485904198,0.19763777778690922,1.7428402797456857e-05,1.918703500837243e-07,1.1807115269365066e-05,1.2372272733801895e-05,4.193664774219762e-05,0
0.8316052122091097,0.1683362505422885,1.4070111203489768e-05,1.4223908104282038e-07,8.97649081473948e-06,7.831648612534016e-06,2.7516758889938502e-05,0
0.7912020407445162,0.20873818819304343,1.1498672238254272e-05,1.4570342158060483e-07,9.637454834509619e-06,8.022394345473033e-06,3.0466837600687935e-05,0
0.7599129291638153,0.24002578072377995,1.7268253768240736e-05,2.052928434868717e-07,1.4772201801294359e-05,1.1720561162468577e-05,1.7323802829325666e-05,0
0.5414286465383724,0.4585226729778226,1.5337006189708738e-05,1.9434020140248324e-07,1.7123428662812076e-05,1.1095253873328169e-05,4.930454877643626e-06,0
0.7466813048103742,0.25327643776937664,1.2915918180377928e-05,1.726123215039937e-07,1.8837799122919055e-05,7.623006327004388e-06,2.708084297463119e-06,0
0.7604078576724541,0.23955476934275866,1.0989982142907645e-05,1.7738867951764336e-07,1.5312110922245644e-05,8.110483305930894e-06,2.7830197367360774e-06,0
0.721616458756928,0.2782308008589997,1.879835608022723e-05,1.5696353899528483e-07,0.00011992672091361243,1.1160735717889809e-05,2.69760782147254e-06,0
0.5996771786191406,0.4002161589314736,2.6001606692766477e-05,2.052365279079035e-07,6.0316663212711105e-05,1.623130377151393e-05,3.907639181031417e-06,1
0.5713380028782628,0.42860228099691505,2.409430035270281e-05,2.442692282116829e-07,1.1525895147985726e-05,1.8891328531435847e-05,4.9603315617176345e-06,1
0.7208808503653062,0.27906648278303325,2.4679360326054996e-05,2.0596565736397313e-07,8.24577872805909e-06,1.5041428631230983e-05,4.494318317731468e-06,1
0.7713914634703473,0.2285563871713687,2.1115782181586306e-05,2.023408963448482e-07,1.1278405848055317e-05,1.5137605924763476e-05,4.415223433399058e-06,0
0.24795081687977075,0.7519172808958735,4.575461044290234e-05,2.6780364794227825e-07,2.435262665680481e-05,3.209797761739242e-05,2.9429205990606678e-05,1
0.44740991849484707,0.5525035456400587,3.130706188019678e-05,2.5624068129904324e-07,1.968243639366662e-05,2.87858317377591e-05,6.5042944014716365e-06,0
0.15631945578360118,0.8436283657113176,2.0839561519700347e-05,1.7028168296038806e-07,9.081788042932875e-06,1.5045071402753955e-05,7.041802432982608e-06,1
0.0959456211745403,0.9040013901089345,1.8517931404395026e-05,2.6661416999215183e-07,9.221452853562108e-06,1.1662697835169705e-05,1.3320020262118216e-05,1
0.23032523846191308,0.7695880425211848,3.6522181020566796e-05,2.219887789362561e-07,2.4277889610526983e-05,1.967551477690242e-05,6.021442715047449e-06,1
0.2989931921972152,0.7009369928517303,2.817950410149112e-05,2.0533847607601116e-07,1.7619065569300595e-05,1.8241239439171395e-05,5.569803468498213e-06,1
0.22995455755446997,0.7699447169799265,2.3283413486175743e-05,2.1989628816704404e-08,5.184043967671701e-05,1.7834821415799405e-05,7.744801396049057e-06,1
0.317233005749807,0.682677593570173,2.8768739665278584e-05,1.3265076668519302e-07,1.9376150466360426e-05,2.35577120808181e-05,1.7565427040930695e-05,1
0.33939012682186404,0.6588515715131176,1.7433971154084868e-05,7.980029175023964e-08,0.0017024604748374478,1.7217949193873594e-05,2.1109469541082177e-05,1
0.2705635143803599,0.716165001382367,0.0014975710581075744,2.1798320699421454e-07,0.009607116487865414,0.0021631888011636098,3.389906929528482e-06,0
0.24047843439538955,0.7398286373508544,0.0023367264485543177,2.0935501726404152e-07,0.014843577965704638,0.002508490687106521,3.923797373300542e-06,0
0.40463255337656495,0.5723857322311491,0.0010994182900522544,2.4268046925982435e-07,0.01964461920102722,0.00223328211523464,4.152105502319836e-06,0
0.2671188273388542,0.7189893276469657,0.00437603037806646,1.9003011060992912e-07,0.008734953538627856,0.000778236644461581,2.4344229137657236e-06,0
0.11902637327083901,0.8655072685367348,0.0002464921856977196,4.875092472102508e-94,0.015009887264058433,0.00019424604372962086,1.5732698940122424e-05,1
0.1884527230372808,0.81067204320934,2.133270010721877e-05,4.637446739549921e-137,0.0008331325695248637,1.3295860245976464e-05,7.472623501223028e-06,1
0.3151120258082536,0.6831137237867038,3.549156930810019e-05,2.5662510540974665e-07,0.0017128100410356136,2.0801276591517935e-05,4.890893002171084e-06,1
0.30315841962262136,0.6953202925752384,3.414521560633047e-05,2.4689016927220594e-07,0.001463005307269597,1.9185029503379598e-05,4.705359591651258e-06,1
0.30057813429026636,0.6981562256266556,3.294120114910252e-05,2.3818443033125509e-07,0.001210738242358285,1.7183013990795455e-05,4.5394411496615685e-06,1
0.37634798512880757,0.6230002321620601,2.4597853158250774e-05,1.8209570023662812e-07,0.0006119262812635133,1.2830899913109901e-05,2.2455790970790333e-06,1
0.45536458556294623,0.5445666063608599,2.2453811173954684e-05,2.2557972564363505e-07,3.1977945637360066e-05,1.1712510111649479e-05,2.4382295453204213e-06,1
0.49642886938894515,0.5034996198270294,2.7586231976185666e-05,2.167292021897992e-07,2.3415905640420846e-05,1.5770144646066798e-05,4.521772560557676e-06,1
0.4677043342327899,0.5322517595029957,1.8069907790381412e-05,1.6063666477200942e-07,9.140704368249202e-06,9.963065691370007e-06,6.571949699712066e-06,1
0.2779574462851554,0.7219938054231251,2.4037329560320816e-05,1.6388076153472773e-07,9.707249430622387e-06,1.1092376268572254e-05,3.7474556983230496e-06,1
0.47309964029500484,0.5268373407953336,3.1315103408333804e-05,1.8044588420720255e-07,1.191775276154954e-05,1.500479346145962e-05,4.600814145826537e-06,1
0.6119267540258292,0.38801057560316865,3.049680461354601e-05,1.831195784121796e-07,1.2094339923040655e-05,1.5227121776128827e-05,4.668985111176723e-06,1
0.6640182670186793,0.33527341969040647,2.2385736470983756e-05,1.7705863055304349e-07,1.844629361929594e-05,1.2709699082124822e-05,0.0006545945031111761,0
0.6094917864391195,0.3897505957391474,2.5356492721553722e-05,1.62656667570802e-07,1.2273208879323922e-05,1.2689972236717788e-05,0.0007071354912280176,0
0.6332737871990353,0.36498363856259947,2.8780343068126213e-05,2.049621648921137e-07,1.6944095369399815e-05,1.3088702191879339e-05,0.0016835561355711085,0
0.7802900501107544,0.21713476579708516,3.0144323004911695e-05,2.4435370261462063e-07,1.932115632351145e-05,1.6910952304670555e-05,0.0025085633068247554,0
0.7101947810943988,0.28622472955756045,4.503440788470328e-05,3.1781335409294884e-07,2.132943630815614e-05,2.022323466508704e-05,0.0034935844558286766,0
0.6561670505785941,0.3391756156871189,3.83487097395187e-05,2.8149239944741454e-07,2.2139402650176936e-05,2.2136817250507664e-05,0.004574427312247442,0
0.8676138199363328,0.12742571207331835,2.3155754421146344e-05,2.0027776265157914e-07,1.6863245973085085e-05,1.40322597747546e-05,0.004906216452417103,0
0.8342829424571928,0.15411768976529355,2.5960039084138295e-05,2.450045311092705e-07,2.117571472196857e-05,1.7205128841756232e-05,0.011534781890334682,0
0.8362462554415161,0.16105734847278788,2.505080585591889e-05,2.3560849688803003e-07,1.881245497644934e-05,1.5438911492893638e-05,0.0026368583048741244,0
0.7667081663835082,0.23002067944081092,2.4629701789447682e-05,1.943952251795323e-07,1.5513597189379466e-05,9.750826443883993e-06,0.0032210656550331726,0
0.7141516325240513,0.00809956215068719,3.826099140617261e-05,2.391451897736916e-07,1.4604536072517652e-05,1.3646934720191692e-05,0.2776820537178727,0
0.5736703184682805,0.005411953791871979,4.4855966264155985e-05,2.103894662208596e-07,1.361472431998994e-05,1.328650255002328e-05,0.42084576015724695,0
0.349424357404191,0.005726882177984204,2.6601588161975874e-05,1.571089839648268e-07,9.50910224852135e-06,8.757802137503329e-06,0.6448037348162927,6
0.44458051391483683,0.003337633968580483,2.976109788541318e-05,1.7576904889981285e-07,1.0504019915914603e-05,9.79797916907371e-06,0.5520316132505634,6
0.9700531912943352,0.012175654825077417,4.0236406250315925e-05,2.705680258319799e-07,1.6696315233208708e-05,1.3085721291752669e-05,0.017700864869785997,0
0.8550950773590472,0.0057890544207322495,3.9690627033517205e-05,2.2764792615380805e-07,1.0564841696640197e-05,1.1009938462367007e-05,0.13905437516510177,0
0.9103903367091362,0.009111361030481309,6.646091091022324e-05,3.5574353322927174e-07,2.027409548362598e-05,1.72141591950842e-05,0.08039399735126047,0
0.2808346461166055,0.006016800317554093,9.858803140815139e-06,1.0837488336978526e-07,4.667704179949677e-06,4.704061331112852e-06,0.7131292146223052,6
0.08505035418380387,0.0015484180856286116,2.2334923113167154e-06,3.180920963534392e-08,1.321895888649866e-06,1.379969866403498e-06,0.9133962605632915,6
0.00878929242713455,0.00010495732476979433,2.912129956240286e-07,3.910159805966536e-09,1.442288687654999e-07,1.5489917675261762e-07,0.9911051559968946,6
0.03404250823397077,0.00020991978783513917,6.335104208683324e-07,8.248287451989965e-09,3.2339098337182825e-07,3.475211456361722e-07,0.9657462593073567,6
0.019102376484532953,0.00010051205095071502,3.5176278703270285e-07,4.811899313590442e-09,1.8807656472978477e-07,1.9296447653413608e-07,0.9807963738487888,6
0.03957118972108654,0.00021365838042771592,8.206524981540256e-07,1.3557300527237567e-08,7.611741992346954e-07,4.6893027928869504e-07,0.9602130875842086,6
0.007877399601552811,0.00014416723970713368,7.849718447994495e-07,2.592915177392877e-09,2.3810499642304535e-07,2.804977465990065e-07,0.9919771269912371,6
0.00526045411105958,0.00014119265781481455,7.870450446890329e-07,3.004947756825801e-09,2.3057598075279378e-07,2.8123857303899936e-07,0.9945970513665793,6
0.00996604724962074,0.0007614059692568534,1.1464355988322083e-06,4.953133155409886e-09,5.071339635763601e-07,5.358226527464939e-07,0.9892703524357742,6
0.015380965136623658,0.0003821996947346733,8.020153446424873e-07,1.2848200495904011e-08,4.014235302073556e-07,6.41404517999868e-07,0.9842349774770485,6
0.014303258115926292,0.00036526375376994577,8.377971346568963e-07,1.3044036167441495e-08,4.4215418913586464e-07,6.455322308225567e-07,0.9853295396027129,6
0.013913409856285374,0.0003315116864002267,7.198455985196475e-07,1.2123555247908313e-08,4.109526124638285e-07,5.999788381618542e-07,0.98575333555671,6
0.5564305651121285,0.35352634348213297,2.7323719133978748e-05,2.858727867880746e-07,1.6166073476657976e-05,1.2142639719418724e-05,0.08998717310062163,0
0.7318073670159294,0.15358962799557938,2.8218828167637502e-05,2.9523781183010837e-07,1.5198541325888636e-05,1.6241708579674752e-05,0.11454305067260623,6
0.30571704231905017,0.013263353760786698,2.0757398685875324e-05,1.898351338350073e-07,7.91237740374936e-06,8.233305408179577e-06,0.6809825110035315,0
0.45273504277154025,0.02150991743849087,2.244599169269529e-05,1.9265450084597274e-07,9.320094086749616e-06,1.0598365568105366e-05,0.5257124826841204,0
0.8099561708210805,0.10637193016315168,1.6271044795216148e-05,1.8609250800709976e-07,7.545181566170376e-06,1.0727852022866847e-05,0.0836371688448756,0
0.8173842554512442,0.10947067382646347,1.64202660767054e-05,1.8779915701887882e-07,7.73895935470239e-06,1.0826236843671343e-05,0.07310989746086036,0
0.9009558232336968,0.08635347725040317,2.218441552881768e-05,1.5833784069985925e-07,6.894254725930313e-06,1.1249838090934009e-05,0.012650212669713813,0
0.8999904287486674,0.08614086618024079,2.2129795234688343e-05,1.5794799678354803e-07,7.0136821162589644e-06,1.1222139841925105e-05,0.013828181505902273,0
0.9153263427237616,0.0674211190032342,1.964494782111553e-05,1.4945339611503236e-07,7.032770974347811e-06,9.152695370558743e-06,0.01721655840544217,0
0.8934983683074776,0.10311182635798381,1.4711644081933285e-05,1.4672184372802002e-07,7.972851751220247e-06,9.691300358263242e-06,0.003357282816503638,0
0.9031073587999037,0.09336110688221988,1.612519788213012e-05,1.4829974118303653e-07,8.019263763215251e-06,1.1363642302941617e-05,0.0034958779141870525,0
0.9031073587999037,0.09336110688221988,1.612519788213012e-05,1.4829974118303653e-07,8.019263763215251e-06,1.1363642302941617e-05,0.0034958779141870525,0
0.8903200144143035,0.10781013863163413,1.5545896743801798e-05,1.3397995379516788e-07,7.652021711895056e-06,1.2108725460561539e-05,0.0018344063301922436,0
0.9331912867539789,0.0659700408932978,1.715598327985165e-05,1.3539025197439391e-07,1.1820113755892285e-05,1.0928958172541335e-05,0.0007986319072628129,0
0.9310167740806164,0.06824760086086135,1.711600658526013e-05,1.3507476701118545e-07,1.1792570649213504e-05,1.0037892754528685e-05,0.0006965435137660376,0
0.885074758136074,0.114764698806917,1.3854503116384107e-05,9.881443566983312e-08,9.88460997329068e-06,9.386238484405102e-06,0.0001273188909995761,0
0.8713400023658924,0.1284738113531357,1.5341899750317296e-05,1.291999120827108e-07,1.0945805418447296e-05,1.1290230629408971e-05,0.00014847914526142124,0
0.6722282980195123,0.3269305528277015,3.7777967476463025e-05,2.6757468607479906e-07,2.022421174462072e-05,2.3082540316843012e-05,0.0007597968585623942,0
0.896424066865537,0.10219645669428766,1.3902205464354132e-05,1.506765483674926e-07,7.427861173649101e-06,8.971362874741514e-06,0.0013490243341144315,0
0.8929754020131094,0.10564271690789098,1.4324358407018137e-05,2.586536066655835e-07,7.6210943547880306e-06,8.737218336718342e-06,0.0013509397542942523,0
0.8741332986445897,0.12459992938123612,1.5331400974932558e-05,1.4069673161141163e-07,6.867272118497489e-06,8.288722832691007e-06,0.0012361438815164437,0
0.7797664748566352,0.21949952084719798,1.2803891231022351e-05,1.7021738077662685e-07,1.1102895201244972e-05,1.083419769160174e-05,0.0006990930946623025,0
0.8239634927091599,0.17595806237374695,1.6912748774994682e-05,1.8619348347915308e-07,1.2500310326654065e-05,1.2006214393498043e-05,3.683945011424394e-05,0
0.7538155197701062,0.2461039329999184,1.6791993935100608e-05,1.9963085028847772e-07,1.3657096632947188e-05,1.0991625228583113e-05,3.890688332840614e-05,0
0.7519892347429109,0.2479476135405774,1.7088195815821463e-05,2.03152232771933e-07,1.7118853200743455e-05,1.1598349601737387e-05,1.714316566082977e-05,0
0.7015453598303084,0.29840439923634204,1.595597028228671e-05,2.0150358415365623e-07,1.7789246881496022e-05,1.2316855816762903e-05,3.977356784737501e-06,0
0.722227285046265,0.2777259413261351,1.4385201109354102e-05,1.8641781336157508e-07,1.667072568865992e-05,1.1958591992882254e-05,3.5726909954517004e-06,0
0.8331013623828906,0.16687241807470166,9.545401623438033e-06,1.7460909137780267e-07,6.783644760813588e-06,6.542538053369141e-06,3.1733488789044705e-06,0
0.8639466719607807,0.13602971572490227,8.945039815224036e-06,1.5149889543148924e-07,5.466599060295243e-06,6.794633995479939e-06,2.2545425507071405e-06,0
0.7792046213811822,0.22075250515594824,1.557703858150109e-05,2.208213056756636e-07,1.2259751573519209e-05,1.0956407460037138e-05,3.859443949068493e-06,0
0.7977526764816738,0.20220794003556836,1.4544617006160956e-05,2.234497944674196e-07,1.1459001019235225e-05,9.729244630849573e-06,3.427170307101031e-06,0
0.8577790502839416,0.14218900914593535,1.2239662205054855e-05,1.5487238632420362e-07,9.172153181511774e-06,7.628310432687787e-06,2.7455719173303226e-06,0
0.4948896739854567,0.5049598329807004,3.544356885355868e-05,2.5046127998130764e-07,8.933400225394223e-05,2.1053147721149037e-05,4.411853734204314e-06,1
0.7303604677157499,0.2695824987261722,2.5767341233635484e-05,2.1504558082506424e-07,8.609290979014407e-06,1.7993240826496767e-05,4.448639457883789e-06,1
0.6523441863388876,0.3475951915469766,2.774958489021849e-05,2.3158872101953085e-07,9.995402585560966e-06,1.759210600105673e-05,5.053431938018514e-06,1
0.7711188062321358,0.2288280319953074,2.237957761141274e-05,2.0258138342045966e-07,1.1003545190715669e-05,1.5155597337504878e-05,4.420471033814249e-06,0
0.7043601516022211,0.29558218767448424,2.035843824014307e-05,2.560634041367645e-07,1.3386503660179466e-05,2.056761958996108e-05,3.0920984004271025e-06,0
0.17420804922927174,0.8196898124857581,5.302943418679285e-05,3.3748988278759585e-08,3.280871508449041e-05,2.8508011759371765e-05,0.005987758374951213,1
0.23315789404827694,0.7651033569497311,4.284171072638945e-05,2.7292647028621784e-07,2.9846699928754643e-05,2.662131744001724e-05,0.0016391663474266903,1
0.23727957673553943,0.7615115165140507,4.719594057375107e-05,2.5822717626649227e-07,3.355848062393352e-05,2.518754455667291e-05,0.0011027065574794209,1
0.2515915868296783,0.7482691837845784,4.6238812810122614e-05,2.717359256664392e-07,3.0288222936756992e-05,3.2569286217351055e-05,2.986132785319441e-05,1
0.24773857969547236,0.7521227590209572,4.3603547333905415e-05,2.7777656522953955e-07,3.0961524552357006e-05,3.3293295449416933e-05,3.052513966973772e-05,1
0.5893150317048975,0.41060430492855143,2.4429191525448678e-05,2.764434416361398e-07,2.0182593196775745e-05,3.0106450491089906e-05,5.668687896059757e-06,0
0.5066997925403832,0.49323000576897563,2.6126513691299675e-05,2.374879860716117e-07,1.3838087723670525e-05,2.491101410166197e-05,5.088587138468006e-06,0
0.09777296824717026,0.9021493868579193,2.3205632364299273e-05,1.6188007896746325e-07,2.2352514702949592e-05,1.5512900174944435e-05,1.6411967589242283e-05,1
0.1002770538623144,0.8996521457790098,2.2311042280845444e-05,1.6423639627998242e-07,2.5782757328128528e-05,1.5746955668316026e-05,6.795367002345112e-06,1
0.09627090678990703,0.9036494658164607,2.54890186743642e-05,1.5980730808486495e-07,2.5975059028206376e-05,1.4515778834690053e-05,1.348772978692924e-05,1
0.19699031474423817,0.8029059554403191,4.096694981046851e-05,2.3699440936046783e-07,3.2163881312417884e-05,2.393351966693587e-05,6.428470243355579e-06,1
0.2735676873590476,0.726354327372704,2.213578973060501e-05,1.0206667073743508e-07,3.024072488825842e-05,1.812622197643545e-05,7.380464982344255e-06,1
0.3715143200720762,0.6270896059014162,1.6593512974711132e-05,8.569716011516842e-08,0.0013402826966945004,1.6387905017240786e-05,2.2724214660905985e-05,1
0.34742861355922905,0.6504009542823818,1.4218213614130953e-05,1.4375588729857305e-07,0.0021305749764992487,1.3067537948249508e-05,1.2427674440471214e-05,1
0.22158720163481735,0.7750337200891388,1.577409215752752e-05,1.594868860446104e-07,0.0033321848401737402,1.5906505531557536e-05,1.5053351294814794e-05,1
0.1435586524438302,0.8527578611380249,9.380881899738691e-05,1.8155592747024205e-07,0.0033048324186187384,0.00026044906743210276,2.4214557168859294e-05,1
0.1327014990167957,0.861001575355015,0.000123695040410134,1.6565003038813705e-07,0.005740471155853316,0.0004254851842528696,7.108597642674726e-06,1
0.15074458519947087,0.8426869259180926,0.00018741223197001316,1.8499926341683974e-07,0.005687007323479712,0.000681700105806976,1.2184221916516876e-05,1
0.493009251309293,0.4878548433140006,0.0008632563113694966,2.4180330979431276e-07,0.016369648432106455,0.00189932611819477,3.4327117259300263e-06,0
0.293229311544577,0.6817983577808079,0.002593833823274617,2.0147718922355142e-07,0.020202181442740053,0.0021723377827609987,3.776148650205442e-06,0
0.10558911534213264,0.8806976245605965,0.0010006310121073937,4.567964534027693e-137,0.012291256327556623,0.0004104207334060293,1.0952024200843836e-05,1
0.09465673308317647,0.894233990137029,0.0010005926982705972,4.7384746555822826e-94,0.009755479464594556,0.0003447391228696469,8.465494059899931e-06,1
0.4252893025700937,0.5736324341865854,2.873799515779945e-05,2.257779448987792e-07,0.0010289106792746548,1.642856990645551e-05,3.960221037102164e-06,1
0.46321081580955475,0.5366480588198872,2.4574947453954615e-05,1.9307126686057323e-07,0.00010009083676719812,1.2879980158351318e-05,3.3865349116539956e-06,1
0.5277168816028425,0.4722059355549167,2.9324886627895843e-05,2.303888145599853e-07,2.7402377259984675e-05,1.5418426954380247e-05,4.806762583956881e-06,1
0.5240689826703722,0.4758544166388798,2.9122175237841765e-05,2.2879622743612105e-07,2.7212955419905893e-05,1.5263228535248474e-05,4.77353532761936e-06,1
0.14548235179718738,0.8544877204571323,1.4925661052929207e-05,9.113449531199259e-08,5.746751467891822e-06,6.841767264888615e-06,2.3224313994069477e-06,1
0.33168945025367197,0.6682564169724979,2.6586171352969577e-05,1.6256175524978709e-07,9.959092092976263e-06,1.3280124675664664e-05,4.144823953229067e-06,1
0.5477915859692157,0.4521514786033447,2.7925015404916093e-05,1.6941536786955028e-07,1.0903655690541639e-05,1.3728016085322286e-05,4.209324890856645e-06,1
0.8428528489293987,0.15709193775677957,1.854144049852253e-05,1.5213931373019617e-07,1.132730816363952e-05,1.1414763263833528e-05,1.3777662581886743e-05,0
0.6365667431065299,0.36271443787804675,2.9242551904711913e-05,2.0104132217383192e-07,1.3418030173085734e-05,1.3595448985612562e-05,0.0006623619430376244,0
0.6310267208229691,0.3681249981745254,2.1123335984371514e-05,1.7069104095309745e-07,1.5212529622854353e-05,1.1864403451496256e-05,0.0007999100424058679,0
0.7590207481104493,0.2374448787787396,4.252892996575844e-05,3.5186566642603136e-07,2.5950687269716876e-05,2.4829754848574752e-05,0.003440711873060791,0
0.7180927471731341,0.27859041355028547,4.195009020218986e-05,3.470766007400164e-07,2.5597485585692863e-05,2.1837069321867973e-05,0.0032271075548697976,0
0.6923033361438692,0.3038906021445913,4.787159488286711e-05,3.3783573161335205e-07,2.2673199937214962e-05,2.1497307116522336e-05,0.0037136817738713836,0
0.7215882037331011,0.27371419983005835,4.6078594477971896e-05,3.8749505986951036e-07,2.7038891069037757e-05,2.6636209655389065e-05,0.004597455246578279,0
0.7324770189814769,0.2608289909486415,4.285207850353861e-05,3.9520794493940756e-07,3.0304917646334116e-05,2.702241471621377e-05,0.006593415451070751,0
0.8581616197830618,0.134193429006969,2.304084488260983e-05,1.9221081315218997e-07,1.6184014530414567e-05,1.3497757735701856e-05,0.007592036382007268,0
0.7055567395773086,0.2907752989561805,2.0266026282804348e-05,1.6918616417403415e-07,1.3501802827657828e-05,8.639831008292722e-06,0.003625384620228176,0
0.5989455630124569,0.39358149813554216,1.7029394583983918e-05,1.40986559294082e-07,1.0872571781666218e-05,7.870035529687649e-06,0.007437025863546332,1
0.4715753098632367,0.5180390209300428,3.219032968446064e-05,1.6941654496285967e-07,1.2303197696596975e-05,9.790851399842518e-06,0.010331215411394694,1
0.6611244214767652,0.005335838984493645,4.161239523941477e-05,2.2451583656777313e-07,1.3711125183443846e-05,1.417861021590713e-05,0.3334700128922659,0
0.6763589502240919,0.0053540154720518,4.238791946343921e-05,2.2870010591669298e-07,1.3966657451106258e-05,1.4442854934870609e-05,0.318216008171901,0
0.5370717299391159,0.005051893565254461,4.1994278985714886e-05,1.9686399627273963e-07,1.2746142353511796e-05,1.2438860229747153e-05,0.45780900035006417,0
0.5736793805562757,0.005396238546162091,4.485667483962225e-05,2.1444671673889735e-07,1.3614939387470066e-05,1.3286712432688252e-05,0.4208524081241857,0
0.2357739184065679,0.0016157324959910238,1.456123366128251e-05,1.0205060198308395e-07,6.7545400363125495e-06,5.691638225869897e-06,0.7625832396349156,6
0.19527512987561987,0.00319559981652959,1.4472229673008157e-05,1.0142682855882772e-07,6.7132536304917885e-06,5.656848694041686e-06,0.8015023265490244,6
0.9646429435181142,0.01736474147490218,5.732713697927841e-05,2.858350625006797e-07,1.3229647543547727e-05,1.3824094520382556e-05,0.01790764829287774,0
0.9626044402743459,0.018364792648538308,6.062865866908802e-05,3.0229656238153347e-07,1.6249923854131783e-05,1.4620236632232977e-05,0.018938965961398126,0
0.9690164013630976,0.010746620191848322,4.3841545837098755e-05,2.7008762192956837e-07,1.4518535228196582e-05,1.441855707788305e-05,0.02016392971928916,0
0.9646558505218182,0.01208173819211363,4.961818388202479e-05,3.056748349831214e-07,1.687148900278582e-05,1.6318371141887977e-05,0.023179297567206405,0
0.17548488248581567,0.0038952221068732796,4.278386562118695e-06,6.093242155610624e-08,2.5321697226642307e-06,2.6434138602737495e-06,0.8206103805047444,6
0.11258044265070233,0.0030226894795600946,2.899044149477539e-06,4.441189280639177e-08,1.715803776351297e-06,1.719564466122026e-06,0.8843904890454529,6
0.037712018195817903,0.00020228474912653734,7.668556767612574e-07,1.177745699508277e-08,2.9241246679199137e-06,4.3819015659693336e-07,0.9620815561070973,6
0.048153548073390506,0.00025829241863960115,9.794160534495776e-07,1.7382136333679375e-08,3.50669747169e-06,5.595142286316804e-07,0.9515830964980798,6
0.019385121865991013,0.00012546121271048673,3.527468480240642e-07,5.4867367375772785e-09,3.204150347020665e-07,2.3022612895397975e-07,0.9804885080465501,6
0.00603454814896771,3.92157094966456e-05,5.034806616216173e-07,1.6546899456955642e-09,1.699869962338165e-07,1.7900192228976768e-07,0.9939253820172657,6
0.007991586283010567,0.00011767013767666613,7.963503877868783e-07,2.630500725211163e-09,2.333021126629117e-07,2.8456369582852195e-07,0.9918894267326157,6
0.005019825220110553,9.164989644852269e-05,5.002185572538734e-07,1.6523195038269298e-09,1.465461033111903e-07,1.787454913781845e-07,0.9948876977209694,6
0.004361493624618001,8.362359093238521e-05,4.4252013967270366e-07,1.4617303716829714e-09,1.2964253557839417e-07,1.581278396482916e-07,0.9955541510322045,6
0.009569139505023782,0.0001755531728492408,5.095412411673468e-07,8.726697147123403e-09,2.9005630183615934e-07,4.3187278881950164e-07,0.990254067125098,6
0.014067405792714266,0.00025077232593410405,7.278640433153434e-07,1.246581936280914e-08,4.143365356646857e-07,6.169170400179578e-07,0.9856800502979132,6
0.010892812905458769,0.00016578200851596742,7.334960415969638e-07,6.540422434538047e-09,2.711134635984516e-07,3.1688539125340556e-07,0.9889400770507065,6
0.04963032181380088,0.008948860455677169,5.313437866617445e-06,3.890070314101381e-08,2.189132075851466e-06,1.652333642458816e-06,0.941411623926234,6
0.5034675372667954,0.34833100564321984,2.875891955911328e-05,2.6209311962171453e-07,1.396918184964778e-05,1.1132582293900785e-05,0.14814733431316246,6
0.5897275247531272,0.23358467983712855,2.327802840196472e-05,2.435449880586077e-07,1.3131664358523163e-05,1.0261164363719613e-05,0.17664088100763203,6
0.7119803358892068,0.0892670119765652,1.9597710100892443e-05,1.647035039424041e-07,7.900153480897502e-06,9.06071717745686e-06,0.19871592884996478,0
0.8838332380533681,0.08937509181288335,1.3285498928040201e-05,1.47858095324861e-07,4.183665661448709e-06,8.523716424776935e-06,0.026765529394639012,0
0.869044353488405,0.10609933983248383,1.68079588651624e-05,1.7285512271425372e-07,5.4364927308856314e-06,1.2281284973501678e-05,0.024821608087418748,0
0.8784463622157412,0.09918450579115755,2.0055525659219952e-05,1.960186412213506e-07,7.914271853779043e-06,1.3115955875422655e-05,0.022327850221071463,0
0.900001708753357,0.08136425398482468,2.209345718005206e-05,1.7841101884737656e-07,8.27312754021936e-06,1.3147799151042328e-05,0.01859034446692813,0
0.8938819308869518,0.08740883830393593,2.2538744692002203e-05,1.8451535374223535e-07,8.498343867908966e-06,1.3597651237907883e-05,0.018664411553960855,0
0.8849880899584601,0.08852851512483136,2.814852934982405e-05,1.7036412426427502e-07,8.595198604642446e-06,1.1738486091235507e-05,0.026434742338538608,0
0.855908442623537,0.11567863866699424,2.704533576304575e-05,1.6368723514620734e-07,8.903045778447394e-06,1.1278432835401089e-05,0.028365528207856712,0
0.9082212474172359,0.07230997795003906,2.188221192200459e-05,1.6647389018449067e-07,7.833697816910913e-06,1.0195049718627547e-05,0.01942869719937737,0
0.892157722616249,0.10295711267229081,1.6998813388309552e-05,1.4650169558384862e-07,7.960888920927311e-06,1.200915594883496e-05,0.004848049351506443,0
0.9055801298446797,0.0916827183709691,1.6898098515191742e-05,1.4563369972171282e-07,7.784500688378938e-06,1.19380038872169e-05,0.0027003855475605945,0
0.9014364672456251,0.0961148660919391,1.5160834579274855e-05,1.3066135391882708e-07,7.462485907563648e-06,1.1808799884549634e-05,0.002414103880710392,0
0.9532355016987449,0.04589638874110904,1.752448030862943e-05,1.5985272238081862e-07,1.2074000503612372e-05,1.1163703599167386e-05,0.0008271875230122321,0
0.9543300058625009,0.0448290678256984,1.7544601901490035e-05,1.3845712212967995e-07,1.2087863860359834e-05,1.3411310259126805e-05,0.000797744078657252,0
0.9503022548157124,0.04929597815667048,1.3172750550018939e-05,9.395197365687448e-08,9.398207959432788e-06,8.924360341139808e-06,0.0003701777567931767,0
0.8813097269779218,0.1185163356628754,1.6334421937462057e-05,1.1918615931708948e-07,1.009744114703231e-05,1.0415171379234174e-05,0.0001369711385799089,0
0.9129255193731379,0.08690105435692234,1.4290464547670627e-05,1.203453805088223e-07,1.0195650266505433e-05,1.0516470787215067e-05,0.0001383033389579341,0
0.8970013622115142,0.1027083302459801,1.95717516961488e-05,1.3956574166729045e-07,1.0227042164350013e-05,1.2039748251763871e-05,0.0002483294346516482,0
0.8960719269086603,0.10360126565341767,1.9741906444387956e-05,1.40779111528348e-07,1.06405676954545e-05,1.2143924136693755e-05,0.00028414026053396273,0
0.8959925137181788,0.10359208412814454,1.9740156844015644e-05,1.407666351656098e-07,1.0639624689202596e-05,1.2142847897463734e-05,0.0003727387576108408,0
0.8628963189683478,0.02075401377430248,1.1496530920830777e-05,1.4536729078466049e-07,1.1483714679252498e-05,7.418934424175606e-06,0.1163191227100348,0
0.9108709952055517,0.08688449845665862,1.0918827517193047e-05,1.0005368666103704e-07,7.855263574480569e-06,7.046131210951904e-06,0.0022185860618002665,0
0.877841170444025,0.12090981376521015,1.5351608110936724e-05,2.5829938308053527e-07,7.860091708494561e-06,9.994547168668255e-06,0.0012155512443936026,0
0.7783498310428096,0.22064486491038998,1.2643801781149615e-05,1.6808912098781483e-07,1.0439299307755863e-05,1.0698735688920975e-05,0.0009713541209017709,0
0.7776981553402555,0.22174305125024632,1.2706732094100933e-05,1.7752564489086174e-07,1.1408488031983523e-05,1.0751985083109594e-05,0.0005237486786440025,0
0.7371466906253683,0.2627707159329671,1.2422698121342504e-05,1.7538391948473507e-07,1.4154530635644007e-05,1.1128989484709654e-05,4.471183950352884e-05,0
0.8269580479226811,0.17214139161825923,1.227998344519423e-05,1.6141892667908918e-07,9.761288513991178e-06,1.0307465793358411e-05,0.000868050302380323,0
0.831942998466192,0.16753166416989848,1.1780296320252638e-05,1.754991514646671e-07,1.147154211949135e-05,1.12065638007976e-05,0.0004907034625174264,0
0.6872204225576873,0.3127429412902766,1.1308331776876457e-05,1.5016355599090972e-07,1.3665271742785245e-05,8.327048962043336e-06,3.185335998367553e-06,0
0.8707070956144378,0.12925809684065148,1.2854751862956918e-05,1.9731719041886562e-07,1.0127637918361364e-05,8.59885313519084e-06,3.02898480387735e-06,0
0.5675903861890275,0.4323376044592592,3.6627120661968834e-05,2.426687617022935e-07,1.045138748587727e-05,1.9722793542872033e-05,4.9653812609847784e-06,1
0.581057937207542,0.4188726160026878,2.9786423305928405e-05,2.351109364254972e-07,1.1595147374208496e-05,2.2577735300096436e-05,5.2523728534391014e-06,1
0.5478861580623656,0.4520469908416796,2.9274725582733082e-05,2.3300927759305726e-07,1.1491498244725443e-05,1.9940364760527967e-05,5.9114980891968295e-06,1
0.5978787099248223,0.40206345028958484,2.6037773533585508e-05,2.0724507849087636e-07,1.0220865367709518e-05,1.611604708406296e-05,5.257854529011108e-06,1
0.6728714977365143,0.32705774004841376,3.26705159340763e-05,2.3167286652884015e-07,1.1883270794435066e-05,2.0099162438628485e-05,5.877593038144321e-06,1
0.7401539167952069,0.25978684522465045,2.613174038158419e-05,1.9913095557083534e-07,9.959982527412834e-06,1.7895128883253405e-05,5.051997394768141e-06,1
0.7397044831182712,0.2602451860320646,2.2128609467711984e-05,2.00309603558116e-07,8.645391366657416e-06,1.4985640057858544e-05,4.370899168388443e-06,1
0.691943503753986,0.3079967289240761,1.9739506459901342e-05,2.631036289985778e-07,1.4395340007386763e-05,2.2216897337003055e-05,3.152474504717897e-06,0
0.6931643670916808,0.30678012579952396,1.9191958605045826e-05,2.7957349925512155e-07,1.3686738851176466e-05,1.9428058912220562e-05,2.920778927436123e-06,0
0.27205354034676715,0.7259801561621176,3.777754964604596e-05,2.735562104937889e-07,2.260734824984279e-05,2.5099817584432808e-05,0.001880545219424273,1
0.26619890605999835,0.7319830590031844,3.187697891463357e-05,2.503157492080809e-07,2.0686700201587576e-05,2.2967417308100614e-05,0.0017422535246436174,1
0.24554866734396788,0.7533035784905653,4.3801538837882994e-05,2.5078280591996136e-07,3.259103110276606e-05,2.446141877661127e-05,0.001046649393943674,1
0.2420783038689124,0.7577324200071767,4.317522572914894e-05,2.791852920785338e-07,3.313284392277201e-05,2.723180451208104e-05,8.545706445497562e-05,1
0.5716144334710824,0.4283020303685376,2.7130847154973602e-05,2.680753544330904e-07,1.8986164457998107e-05,3.1404088358906623e-05,5.7469850536810756e-06,0
0.3955921664068896,0.6043331748760422,2.7891008351668418e-05,2.5298116618582714e-07,1.4612224335762425e-05,2.6536152428400022e-05,5.3663507861458396e-06,1
0.11805599576470338,0.881894627197769,2.2459420078296448e-05,1.588339477945618e-07,1.0221299098717928e-05,1.2846656094916936e-05,3.690828307892493e-06,1
0.16121141245778012,0.8386718516827403,5.049083696960899e-05,2.1740121755075842e-07,3.8469083230652277e-05,2.0222395996566624e-05,7.336142065067101e-06,1
0.18296175237969095,0.8169871215370679,1.9261740533973515e-05,1.451359525451054e-07,1.4889246488560055e-05,1.2893149458396978e-05,3.936810807879369e-06,1
0.1833554823918514,0.8165637871363376,2.013535143042602e-05,1.5759904312549456e-08,3.899239497859948e-05,1.334668601917161e-05,8.240279478382449e-06,1
0.21910995751881227,0.7808102312867605,2.405118071132097e-05,2.4583214125894707e-08,2.606319863021385e-05,2.0874602314573268e-05,8.797629556997448e-06,1
0.3214948370047788,0.6784367124229402,2.174495243239439e-05,1.0026454565792104e-07,1.995048307780627e-05,1.7806179018390856e-05,8.84869320681475e-06,1
0.2918539275202749,0.7079110919112953,1.781754816745863e-05,8.155603387607994e-08,0.00018969085060124323,1.7596773356758578e-05,9.79384027079577e-06,1
0.2987341283027732,0.7000114416861928,1.479320837833189e-05,7.767892227571919e-08,0.0012007289738297747,1.555202774346604e-05,2.3278122160073184e-05,1
0.1592865505461957,0.8345945900534181,1.6098902324183658e-05,1.776888865692547e-07,0.0060725433230804406,1.7721891292802437e-05,1.2317594802325766e-05,1
0.2941664321926856,0.6875809278032832,0.0004002952601826329,2.990808130736909e-07,0.015398882912548076,0.002439577187008688,1.3585563478471988e-05,1
0.36325012941536555,0.6081251379936993,0.000548572651516502,2.6968796967987313e-07,0.026960472061741018,0.0011078250109586322,7.593178749417156e-06,0
0.14624529769214561,0.8126007025340227,0.000125052649010082,4.42615562625075e-137,0.04093710881763358,8.511238032721302e-05,6.7259268608557335e-06,1
0.3822875581522386,0.5831179342272987,3.3238814464491194e-05,3.008204411938294e-07,0.0345336957869799,2.1995706933302975e-05,5.2764916437708225e-06,0
0.37986268420116165,0.6171155093600892,3.100079785204307e-05,2.8056577340250423e-07,0.002965048848015522,2.0555009145015432e-05,4.921217963152094e-06,1
0.5110559184637086,0.4876844642949082,2.9219414053197608e-05,2.2988461836252887e-07,0.0012093974175088667,1.6736157932838865e-05,4.034367270144971e-06,1
0.5242882501264072,0.4736928744185364,2.8621185541545885e-05,2.8753956876356713e-07,0.0019709920604386753,1.636179367743081e-05,2.612875829944446e-06,1
0.1322012243577601,0.8677689783650502,1.4727980711687656e-05,8.86659070985764e-08,5.594018413451538e-06,7.243366060736094e-06,2.1432460969200794e-06,1
0.4386483667952453,0.5613107163314554,1.811312600902201e-05,1.315174950513836e-07,7.84489243958522e-06,1.0446006888958279e-05,4.381330466938825e-06,1
0.7414093807639328,0.25853529116092006,1.8591809292146273e-05,1.5255260813933037e-07,1.2244778187733111e-05,1.0523844735811304e-05,1.3815090323450832e-05,0
0.32829329428800946,0.671075119660089,2.2885865247536598e-05,1.6880493832912261e-07,1.2323216828583488e-05,1.049047376418899e-05,0.0005857176911229257,0
0.6304956307536099,0.368895396578061,3.159276994764505e-05,2.2105377823171026e-07,1.4290837474849877e-05,1.2251239753876906e-05,0.0005506167673745109,0
0.670834033533755,0.326536100484295,3.053746824679886e-05,2.4173535250246086e-07,1.9706240244467953e-05,1.522235942718285e-05,0.0025641581786790034,0
0.686271026211239,0.31055997717614914,3.311745381610589e-05,2.495212089312142e-07,2.3039534833303487e-05,1.683264181185864e-05,0.003095757460941659,0
0.7495556377281931,0.24683057038867032,5.1829616598030116e-05,3.6577416868635917e-07,2.6976462805630927e-05,2.157534690278617e-05,0.003513044682661438,0
0.8608833038305883,0.1369331505238047,1.4808885108047081e-05,1.5039612613893977e-07,1.2946047535141848e-05,9.83271498773801e-06,0.002145807601849865,0
0.5925708999387884,0.4006607224906422,2.4490570665678047e-05,1.73108011669328e-07,1.3342712622142086e-05,9.658029811837003e-06,0.0067207131494580255,1
0.7032432609356862,0.27861384263568106,4.801552376507656e-05,2.793884974957821e-07,2.4037066332755017e-05,1.5943438337628754e-05,0.01805462101169953,1
0.6611828029156452,0.007142809068592001,2.9177615775196833e-05,2.2326934065096764e-07,1.3635001994018795e-05,1.2740971791100568e-05,0.33161861115686186,0
0.19389496140139348,0.004319927382764362,1.8220978882590896e-05,9.355018901941773e-08,6.188669227832036e-06,5.214813466946733e-06,0.8017553932040757,6
0.3961439853435719,0.008823573472502514,2.9997771312415485e-05,1.7431092923286888e-07,1.088224440950518e-05,9.716698498715887e-06,0.5949816701587757,0
0.4527289398784925,0.006598180626246912,2.9807107179590704e-05,1.732030188545298e-07,1.0483202007143163e-05,9.654939714242096e-06,0.5406227610433407,0
0.968060164741966,0.01189822666582001,3.4910779664736204e-05,3.0502356585507227e-07,1.4796605909418332e-05,1.628360330977204e-05,0.01997531257976435,0
0.9373091934936374,0.008838434756213069,3.764651930543276e-05,2.9236318031939437e-07,1.4189888998861684e-05,1.5303610587704904e-05,0.05378493936807713,0
0.9478560861986695,0.015935473402197132,4.497912750200522e-05,4.487704498104618e-07,2.17875871386126e-05,2.35753429182785e-05,0.0361176495711246,0
0.008524170390375058,3.603840950195628e-05,2.7853003798626756e-07,3.476800380981343e-09,1.4448545506043768e-07,1.543234432409598e-07,0.9914392103843863,6
0.007114559613745397,3.241875344111906e-05,2.419052081488901e-07,3.0196244754574695e-09,1.2548658785091437e-07,1.3099950711619509e-07,0.9928525202218859,6
0.009213506809512752,6.615062121949418e-05,4.0500418316317584e-07,4.829529792235135e-09,2.656758736975138e-07,2.0348026618260702e-07,0.990719463579415,6
0.003283098958281266,0.00016198645122568293,4.495636728121178e-07,1.9423234375675145e-09,1.9886769697782525e-07,2.1011768998626694e-07,0.9965540540991098,6
0.009228743601820648,0.00013352032769019403,4.0756115100060306e-07,6.551600495459289e-09,2.143924472022179e-07,3.240810385251248e-07,0.9906367834842519,6
0.010960036333408809,0.00013839246704408465,1.0467060819790932e-06,6.58078571077413e-09,3.1037594048126675e-07,3.188410038625846e-07,0.9888998886957352,6
0.07683737810879712,0.015446274579308295,9.02488880193263e-06,5.894539933167214e-08,3.1354469417680387e-06,2.608024799490814e-06,0.9077015200059521,6
0.8842638082561863,0.08911123965907489,1.2606576718356167e-05,1.3620985377383958e-07,4.14568620979396e-06,8.798121549869334e-06,0.026599265490406945,0
0.8666143956964588,0.09039609962192066,2.2152373074897253e-05,2.0676915780849933e-07,8.530608159524505e-06,1.383529205853504e-05,0.04294477963916981,0
0.9149812180621877,0.06999594071119775,1.6923888058228256e-05,1.4218502269270982e-07,7.68861220562947e-06,1.314267722720503e-05,0.014984943864100972,0
0.885195724979106,0.10468923227658641,1.7087021268755553e-05,1.4726190182613164e-07,8.002198459548636e-06,1.146819551095729e-05,0.010078338067166482,0
0.9036893445763403,0.09149129154131144,1.6862816517848277e-05,1.4532962717756943e-07,7.768247218655072e-06,1.2387440877670678e-05,0.0047822000481069615,0
0.9586442479777134,0.04000453310972753,1.6975428803528695e-05,1.3396536622778804e-07,1.1128062022944854e-05,1.0351861714276889e-05,0.0013126295946521197,0
0.9579126299723222,0.04048947202679062,1.7610465610462162e-05,1.3897690021574143e-07,1.2133242578660976e-05,1.2473058846200283e-05,0.0015555422569515295,0
0.9581045033218862,0.040497582213854424,1.761399305014542e-05,1.3900473778935937e-07,1.2135672910845558e-05,1.2475557244807052e-05,0.0013555502363156358,0
0.9541566377435776,0.044820923964440464,1.7541414665827073e-05,1.384319693516391e-07,1.2085667921631722e-05,1.3942227201996662e-05,0.0009787305502228412,0
0.917804419892621,0.08194054358780142,1.5331069053187935e-05,1.3984512419199253e-07,1.025013835159684e-05,1.1518104704127708e-05,0.0002177973623445112,0
0.8961071916051887,0.10360534285646746,1.9742683382397893e-05,1.408494103382252e-07,1.031636097390945e-05,1.214440205792584e-05,0.00024512124251933616,0
0.6334017811586262,0.3652722152620431,4.80217134649853e-05,3.2170449401256793e-07,2.2222843397613153e-05,2.578855331180188e-05,0.0012296487646621724,0
0.6334492727630064,0.36529960287612057,4.737240368244811e-05,2.2314965058538305e-07,2.2224509636197e-05,2.579048690246717e-05,0.0011555138110012147,0
0.8871138979992674,0.11118460677637779,1.3907657258298123e-05,1.4343351500217616e-07,7.305859354797758e-06,8.48304926232934e-06,0.0016716552249645068,0
0.8681335523532899,0.1305903964632439,1.3610094405902697e-05,1.4036466702437e-07,7.149546015430962e-06,9.048549202908908e-06,0.0012461026291752028,0
0.7818206536638623,0.21720773268439186,1.3582459054326712e-05,1.6388936329341993e-07,1.3269339170489404e-05,9.609014886800997e-06,0.0009349889492709644,0
0.6818687276617714,0.3180473204979267,1.2305138455179926e-05,1.7372420958729434e-07,1.4020582126233196e-05,1.1023672565971878e-05,4.642872294509719e-05,0
0.8245999343435588,0.17485341921314354,1.1627815005056975e-05,1.6894665356215946e-07,1.1043236597503524e-05,1.078815160229858e-05,0.0005130182934392684,0
0.8186910902013307,0.18124046258627025,1.1425820743502863e-05,1.7519688262782217e-07,1.1445694730080364e-05,1.1559232463475136e-05,3.384126757931127e-05,0
0.8336156687571542,0.16631294033919927,1.1634111222405266e-05,1.7839068755474681e-07,1.338863106960463e-05,1.1731583394471985e-05,3.445818727278426e-05,0
0.8119449310955682,0.18800455716740744,1.2480355233365453e-05,2.3548990054460807e-07,1.3078793177909066e-05,1.2313153496135325e-05,1.240394521634775e-05,0
0.7529569652379038,0.24699575345936328,1.1720845833373705e-05,2.2569666116150698e-07,1.1083772836725223e-05,1.0741890021990477e-05,1.3509097379806503e-05,0
0.778768501417431,0.22118252708012556,1.1333100797437433e-05,2.0287984065184368e-07,1.4930708534077536e-05,1.03865304692916e-05,1.2118282801742608e-05,0
0.752223806607196,0.24771884061649285,1.2872310723866357e-05,2.1225065550364905e-07,1.9102256877676514e-05,1.1355389383825897e-05,1.3810568670154277e-05,0
0.6927337885955944,0.3072023502929161,1.5977115831513028e-05,2.634455756268284e-07,2.795157878921942e-05,1.597024645058948e-05,3.698724842719212e-06,0
0.6969859374307001,0.30297842585142243,1.1352048753018562e-05,1.439436669801234e-07,1.31051922618448e-05,7.982136243444502e-06,3.0533969520312515e-06,0
0.6687709408437059,0.33117994447993515,1.604850304514705e-05,2.0267215510472507e-07,1.6474794240391783e-05,1.2388284421749889e-05,4.000422496547057e-06,0
0.7972500821267038,0.20271570367438735,1.1158891876935832e-05,1.4460807377131084e-07,1.2783047738218017e-05,7.356242448710961e-06,2.7714087710615137e-06,0
0.7687157545968423,0.2312486818861769,1.2347956018168827e-05,1.3640608051050671e-07,1.3525931665475179e-05,6.939005364946289e-06,2.6142178517002074e-06,0
0.8697981493846848,0.13017795153418146,8.639039618727881e-06,1.4957498053311152e-07,4.815892460061789e-06,6.830225563367996e-06,3.4643485108348992e-06,0
0.8084716213253138,0.19149386136251328,1.4368552052823408e-05,1.8636798540857883e-07,7.76703516312141e-06,8.940950357653017e-06,3.25440661398903e-06,0
0.8602654954441689,0.13969906603759813,1.280597074469031e-05,2.0669033836487942e-07,1.0245662647109404e-05,9.007323995895341e-06,3.1728705070576004e-06,0
0.7345909695344159,0.26519035242261774,1.9055820887481924e-05,1.698000890716759e-07,0.00018520371755806513,1.1330485007724976e-05,2.9182194240679465e-06,0
0.5146944169812345,0.4850620300326916,3.482049507269108e-05,2.4059192232219174e-07,0.0001846071378762295,1.9303966390404415e-05,4.5807948121580916e-06,1
0.5653665189246371,0.4345652936490238,3.101840649256146e-05,2.332228052010214e-07,1.0785251778670276e-05,2.0233629929832103e-05,5.916915332919955e-06,1
0.6180862288534291,0.3818450065550735,3.145362316376241e-05,2.4976619376402197e-07,1.3780400735125334e-05,1.7699063928587844e-05,5.581737476139826e-06,1
0.7390365600567544,0.2609070886341746,2.698482067969694e-05,1.9135451586521964e-07,8.906748508584889e-06,1.5413678006598994e-05,4.854707360073526e-06,1
0.7044344653682665,0.29550281084731606,3.0395786238707576e-05,2.155423239268276e-07,9.282083316108995e-06,1.7362015015847534e-05,5.468357522912859e-06,1
0.6918001066184113,0.3081374757987153,2.818012469350272e-05,2.1474020009310609e-07,9.247540771894024e-06,1.9327169748023282e-05,5.448007459776639e-06,1
0.7514251695726759,0.2485220873769358,2.3936774239337823e-05,1.828526987234908e-07,7.874342046636757e-06,1.6457212695065013e-05,4.2918687085134535e-06,1
0.6438996462190402,0.3560357762850704,2.4561879577759153e-05,2.239366965215646e-07,1.4869128982626035e-05,2.0124324891907074e-05,4.79822574059565e-06,1
0.7986647311795948,0.20128619310596604,1.8807291233278814e-05,1.8021990060490185e-07,9.788944013954469e-06,1.6366731845326364e-05,3.932527445956781e-06,1
0.779163634998601,0.22078313945891534,2.03976302735558e-05,1.9545924263517072e-07,1.0616694253762046e-05,1.775069789830641e-05,4.265060815419338e-06,0
0.2805267830251125,0.7175432557995742,3.8563111196063414e-05,2.7924464827617147e-07,2.3077454535171694e-05,3.105649518896978e-05,0.001836984869744958,1
0.3223832033523202,0.6775312899315973,3.3391716023530905e-05,2.477758087215699e-07,2.1300397849002125e-05,2.427740039250711e-05,6.289426008850655e-06,1
0.550027095982868,0.4498897371203335,2.713986246497571e-05,2.651192911918589e-07,1.856078983453742e-05,3.105779590908979e-05,6.143329298525076e-06,0
0.5827313084754249,0.4171873587649794,2.7027222190596455e-05,2.6111865257723536e-07,1.8493463121092884e-05,2.950032890562997e-05,6.050626725643491e-06,0
0.10681664689703026,0.8931008970517927,2.5250950477208326e-05,2.0348000813774526e-07,3.2011217396857754e-05,1.7680822632566565e-05,7.309580662320411e-06,1
0.14381026639333003,0.856091914690702,4.429352349497601e-05,1.9071709869291717e-07,2.9505156302256812e-05,1.7393824985386694e-05,6.435694086772986e-06,1
0.13920216911422437,0.860737063797281,2.6909694640494345e-05,1.3746515319054778e-07,1.8366073968291033e-05,1.1440603649248503e-05,3.91325108365203e-06,1
0.17507921318670916,0.8248694319070237,2.0587062192428123e-05,1.396270137274849e-07,1.5032898278048246e-05,1.1620525534715472e-05,3.974793248284452e-06,1
0.18246938708299465,0.8174594874937868,2.0377618987495393e-05,1.169813013077171e-07,3.0502919716968268e-05,1.4232469725013006e-05,5.895433487669792e-06,1
0.20580013146313106,0.794120731572963,2.2442895507106914e-05,9.860348359390073e-08,2.4707707562154804e-05,1.7388313014932615e-05,1.4499444338233753e-05,1
0.32904400796283406,0.6694891470029635,1.472405545262506e-05,6.198438420478934e-08,0.0014221299019948187,1.3532442161938103e-05,1.6396650208860972e-05,1
0.25468560631842085,0.7420075408939587,1.5838669866098778e-05,1.7481661523080354e-07,0.003252158696025638,1.743542385296269e-05,2.124518126055674e-05,1
0.1453752085138743,0.8485973561704954,0.0001066729457264752,1.5554881875496167e-07,0.005596233231682463,0.0003143342971348437,1.0039292267805347e-05,1
0.13668681610246078,0.8483208855045076,0.00017045379573456596,1.6402743978660852e-07,0.01426996659653874,0.0005452017447812185,6.51222853751757e-06,1
0.14107774877308624,0.8527728258563025,0.00017371925354994387,1.6787614474827556e-07,0.005485487837465646,0.00047899392590408565,1.1056477546580925e-05,1
0.15566654253466725,0.8365939135425623,0.0002095817001128667,1.9623873548608537e-07,0.006402665160816603,0.0011141763592044333,1.2924463901197755e-05,1
0.37772922156440336,0.6204638162138428,3.838036247080179e-05,3.0153249437012557e-07,0.0017407535607924548,2.2237784700261672e-05,5.288981295802901e-06,1
0.49536812872925884,0.5033672747523611,2.8995029963312934e-05,2.5246313937419213e-07,0.001211746036599783,1.9172378949645584e-05,4.430609727889949e-06,1
0.28820832721112716,0.7064930555817239,3.1335867106468344e-05,2.09797995483821e-07,0.0052464264353379135,1.6611844125526738e-05,4.033262583386526e-06,1
0.2783436574404823,0.7215788399761441,2.7665396539474674e-05,1.8861605411166233e-07,3.040083991716585e-05,1.4934654085941822e-05,4.313076777021042e-06,1
0.23181399991575335,0.768150068686982,1.8180929568549287e-05,1.0698095952918122e-07,6.5540214333252755e-06,8.739573943986576e-06,2.349891359463194e-06,1
0.2763859687429273,0.723583890308713,1.618287465588209e-05,1.1164345029309764e-07,6.318551714701556e-10,8.887691208286411e-06,4.9581071901885115e-06,1
0.3839690737100368,0.6159911303616796,1.6954539135591044e-05,1.228288835920189e-07,6.532527614177015e-06,1.073117820675101e-05,5.45485444333377e-06,1
0.28514627627017886,0.714755797748759,2.0862619796873023e-05,1.5620287025046496e-07,1.237525160324275e-05,1.1819725547514592e-05,5.2712181244376704e-05,0
0.297135572595229,0.7022505736668709,2.8331845480842324e-05,1.6632396029702104e-07,1.368580285157286e-05,1.1888164072727291e-05,0.0005597816015346764,0
0.8683518245174151,0.12282796453576658,2.1536586211863806e-05,1.840422805291106e-07,1.565312750850252e-05,1.3025294883158278e-05,0.00876981189593448,0
0.5004986781794404,0.49308872540154597,2.2494898354032946e-05,1.5900189423628e-07,1.2255449997446961e-05,8.871022316436429e-06,0.006368816046451392,1
0.5535519981666712,0.4365856447573952,2.8768739825748366e-05,2.1947319937669242e-07,1.8882280047191874e-05,1.2396831830966282e-05,0.009802089751030162,1
0.6553170495995485,0.007152566631553579,2.6562666322565247e-05,2.2033543748024655e-07,1.3455829271662897e-05,1.3914609911451628e-05,0.3374762303279548,0
0.43199573495518295,0.005013974013920072,2.0596733415098778e-05,1.538620117585085e-07,9.77361719486364e-06,9.537996270100243e-06,0.5629502288220052,6
0.9175507719854727,0.05629078995928033,5.863429287085122e-05,3.040461956971672e-07,1.8762198945008367e-05,1.6299567505186877e-05,0.026064437949730384,0
0.9253486330319745,0.05784609138647592,6.266441667839117e-05,3.1228321526803543e-07,2.9512764195257816e-05,1.5111147440344762e-05,0.016697674970020435,0
0.9420380115862398,0.027604637415047102,3.026666861265372e-05,2.644468922047832e-07,1.2250737296986708e-05,1.4117428196386454e-05,0.030300451717714855,0
0.9606593392698811,0.018635751038906804,4.447491201082701e-05,3.453925345505761e-07,1.741801509365271e-05,1.966322894935427e-05,0.020623008142623807,0
0.2717523644766913,0.012703565849863553,6.6254235004832164e-06,9.435872421945396e-08,3.921267174942624e-06,4.093537612152511e-06,0.7155293350864335,0
0.2889956063291939,0.01467853047685524,9.580568139377395e-06,1.1353959850983074e-07,4.650525630830773e-06,4.398394109290789e-06,0.6963071201664728,6
0.025166542927895903,0.0004953397559186547,7.622708471512557e-07,1.0235122994438802e-08,3.775293810015442e-07,4.054596754283973e-07,0.9743365618211588,6
0.007366977496717496,3.0546308161204205e-05,2.504877773922338e-07,3.1267579115162664e-09,1.2764382416456452e-07,1.3878623855589478e-07,0.9926019561505233,6
0.010884121335877302,4.383868358287584e-05,4.046701642032787e-07,4.4873819120736615e-09,1.8318865865320956e-07,1.9467480923591332e-07,0.9890712529595258,6
0.02314935912273513,0.00018059787776144435,1.3026069764291534e-06,1.2943063889224819e-08,7.34474371845619e-07,5.453239132373346e-07,0.976667447651178,6
0.0034685948420189144,6.333707221620028e-05,3.8287459746890493e-07,1.1418788650449062e-09,1.1730569756394423e-07,1.2352677454577487e-07,0.9964674432368164,6
0.003635774155691176,6.638979204811696e-05,3.068342018130846e-07,1.1969151358259485e-09,1.4692497627544185e-07,1.2948051729443513e-07,0.9962972516156503,6
0.004736033856817154,6.664579517626465e-05,4.84405033080882e-07,6.392953164383156e-09,2.3357526884566032e-07,3.1336782920361774e-07,0.9951962826069223,6
0.061598282199782764,0.009908325024305715,5.554154756120828e-06,4.4801533925843936e-08,2.3105926254070093e-06,1.9146008018533977e-06,0.9284835686261943,6
0.08041593063560129,0.003423842022867087,3.803889455219732e-06,3.264887710473084e-08,1.67581382289835e-06,1.3755795055897644e-06,0.9161533394098709,6
0.6039377920845315,0.06059228521500249,1.6623770589764575e-05,1.397098564461482e-07,6.7013104293439675e-06,7.685759354605564e-06,0.3354387721502358,0
0.8416159027708893,0.12097509619899266,2.6774681418497893e-05,1.9173837484644661e-07,1.0199332909290635e-05,1.544068490691422e-05,0.037356394592508634,0
0.8791350898184739,0.09909180214817878,1.9511613052058073e-05,1.6642738402441988e-07,8.848869500733232e-06,1.3396229631720885e-05,0.02173118489377872,0
0.8671891331926921,0.12143184524186601,1.981969374720545e-05,1.7081302521475302e-07,9.818599716628972e-06,1.4559565672032516e-05,0.011334652893280825,0
0.9585912140361003,0.0400023199862694,1.6974489691963662e-05,1.3395795502031906e-07,1.015054161640872e-05,1.0351289030477972e-05,0.0013688556993364362,0
0.9570209585555329,0.04146243853363996,1.7594072937132806e-05,1.3884753379375373e-07,1.1533607612900506e-05,1.1653849004416732e-05,0.0014756825337388052,0
0.9627163674337367,0.036386522271233096,1.4240471167293106e-05,9.517929935851482e-08,9.811386872391744e-06,1.0698310255797399e-05,0.0008622649474352108,0
0.9507697221119152,0.048761496671886714,1.4801202419101288e-05,1.2347171955056179e-08,8.923243914179733e-06,1.0262092238139843e-05,0.0004347823304547296,0
0.9182248485142139,0.08160073704347878,1.4373417508903416e-05,1.025154874092572e-07,1.0254833743605089e-05,1.057751655592381e-05,0.00013910615901159098,0
0.9028621226538138,0.09687127098375646,1.6831391650484317e-05,1.1257692643853284e-07,9.645824934475825e-06,1.1355048207492937e-05,0.00022866152071090667,0
0.8959596200801617,0.10371932549847304,1.976440352877413e-05,1.2158999657766994e-07,1.0652693259418432e-05,1.2157762865331847e-05,0.0002783579717150241,0
0.8930904160889257,0.10330832196574137,1.2015695180842814e-05,1.5193183642628778e-07,8.388265770351297e-06,7.753961192418024e-06,0.0035729520913529156,0
0.8935676816821623,0.10511476685077902,1.400883593634987e-05,1.3490387895769305e-07,8.987976570462106e-06,9.313648933292089e-06,0.0012851061017392367,0
0.7847918999383457,0.21418946673281153,1.3634078093391959e-05,1.6451221158711878e-07,1.3319768222715651e-05,9.645533172100913e-06,0.0009818694371428976,0
0.7773767230617593,0.22201154382943222,1.2462435834990126e-05,1.6867762866245978e-07,1.3664117823118698e-05,1.0545270271278605e-05,0.0005748926072506531,0
0.6952446552593912,0.30466754649242217,1.3449968188369742e-05,1.7586713812579426e-07,1.4193529268350366e-05,1.115965213149599e-05,4.8819231460450356e-05,0
0.741632584097274,0.2577680934294885,1.1312154406947067e-05,1.4791382356630019e-07,1.1652723533887796e-05,9.445092394930384e-06,0.0005667645890781943,0
0.8073527781715721,0.19206831933003854,1.1579102111093874e-05,1.6347401285302657e-07,1.1166391297749027e-05,1.0438694087809757e-05,0.0005455548368798775,0
0.7854540633425581,0.2144930776138197,1.1309216923213548e-05,1.8151412786494563e-07,1.1169824987469387e-05,1.2136470095140576e-05,1.8062017488567768e-05,0
0.763640406568934,0.23630972838984982,1.1971424902916238e-05,1.973960105115825e-07,1.4667437462596899e-05,1.0184765223521824e-05,1.2844017616415972e-05,0
0.7834915502611761,0.2164779716132424,1.2006934324134403e-05,1.4709826434788677e-07,9.671928823199959e-06,6.031329910256091e-06,2.6208342593402606e-06,0
0.8526637970205734,0.14731235343847293,8.6249288126841e-06,1.388266907613642e-07,4.808026293516572e-06,6.819069232061096e-06,3.4586899246885326e-06,0
0.8085852638757017,0.19138940888516615,1.0089062651797112e-05,1.4862332965475456e-07,5.312156869671289e-06,7.374187707035067e-06,2.4032085740937785e-06,0
0.7951283403119481,0.2048341452156406,1.3704190951920491e-05,1.9703552619685193e-07,1.0453494436218447e-05,8.954171448906405e-06,4.2055800479113636e-06,0
0.7970374534601569,0.2029270217831484,1.344027288397849e-05,1.934115852210869e-07,8.03860301495216e-06,9.727881069575856e-06,4.1245881407849785e-06,0
0.8430515942644505,0.15692098015749967,1.1465488704830154e-05,1.5616647655412896e-07,5.584861239458741e-06,7.492041679470652e-06,2.7270199496277083e-06,0
0.7593773958088128,0.24058223524804645,1.5016288182362188e-05,2.3069972713249534e-07,1.1591215242247689e-05,9.992429082817336e-06,3.538310906341805e-06,0
0.6488550253938713,0.33868627607234314,2.0206861991774772e-05,1.8884949425909427e-07,0.01242150225218086,1.3837743678882732e-05,2.9628264397977645e-06,0
0.7814904299319686,0.2182691590255358,1.6175712713806785e-05,1.4413640198552367e-07,0.00021199604666359396,9.61798872246185e-06,2.4771579937856707e-06,0
0.5537810132264619,0.44614437974577903,3.814396930006209e-05,2.282205430912594e-07,1.1429827270486886e-05,2.0135262466490236e-05,4.669748178907846e-06,1
0.746813871425534,0.25313195951965856,2.3626512837756552e-05,2.0214669089524093e-07,1.1350391644330964e-05,1.4472459673690984e-05,4.517543960787827e-06,1
0.7289313459226159,0.27101326306853385,2.4972556345143576e-05,1.9876658782639145e-07,9.720200365627307e-06,1.545673224896234e-05,5.042753302656037e-06,1
0.6074922939415383,0.3924387884901712,2.7407913914289092e-05,2.3196533025368378e-07,1.540222066599668e-05,2.0503199075192386e-05,5.3722693046814505e-06,1
0.7724088579116583,0.22754008170198842,2.02207977836771e-05,1.9376475439896652e-07,8.820925577927308e-06,1.7596812370215848e-05,4.228085867184667e-06,1
0.7062409334884502,0.2936994669929338,2.022445145520674e-05,2.0419835050186828e-07,1.358549914404085e-05,2.0986360831919352e-05,4.599008834360721e-06,0
0.26603086960047034,0.7322428888303202,3.1856856763282364e-05,2.501577388958539e-07,2.067364184641759e-05,2.7821563143509638e-05,0.0016456393497175062,1
0.1503035841302872,0.8496376461632535,2.3636841838035874e-05,1.6707313958968804e-07,1.675509957811383e-05,1.4596295148609068e-05,3.6143967549523276e-06,1
0.15858684101015016,0.8413298856814025,2.9164053669792434e-05,2.062657243630366e-07,3.01944076294784e-05,1.924630719671686e-05,4.462274226883958e-06,1
0.10762442248884789,0.8923128299380628,2.966255943560966e-05,1.3946978620201723e-07,1.7367786252027713e-05,1.1607440198105588e-05,3.970317417354679e-06,1
0.18603993120852932,0.8138977420562332,2.0069610387946632e-05,1.5708448913697224e-08,2.3643735422948373e-05,1.2791357224017653e-05,5.806323753437136e-06,1
0.225028849739603,0.7748935473751961,2.2352620824077983e-05,9.820685927133196e-08,2.6870725144261595e-05,1.7318369970135487e-05,1.0962962403164341e-05,1
0.49684693638564775,0.5030950084099971,1.9931563040649663e-05,8.756987478095889e-08,1.4898152734534467e-05,1.5832287168684818e-05,7.305631536463946e-06,1
0.36206281703331855,0.6378845147057282,1.6643465874767674e-05,8.190233883120566e-08,1.6316961960681502e-05,1.642987194401355e-05,3.196058834896166e-06,1
0.3375029367773102,0.6610895460330753,1.8123230778310198e-05,7.629401445880621e-08,0.00134629546480414,1.6461424337392075e-05,2.6560775680029475e-05,1
0.374833047374231,0.6225384412199306,1.4320606900026213e-05,1.4479115361730807e-07,0.0025895611348894145,1.1356870799832962e-05,1.312800209563402e-05,1
0.19736045779084815,0.7967871989485444,1.5291033117512472e-05,1.68772168091415e-07,0.005817356512809426,1.5439681267595982e-05,4.087261244834604e-06,1
0.14535341387033632,0.8496626064555441,1.721224798148185e-05,1.899772492307797e-07,0.004943067635646951,1.634932863680335e-05,7.16048460493223e-06,1
0.17144356145859804,0.809365701015893,0.0002171679847521423,1.8027540030521698e-07,0.018458910596674726,0.0005046192894298997,9.859379252053126e-06,1
0.4916700750158567,0.49156777185303363,0.0006293401261662413,2.831691200279682e-07,0.013689333391430906,0.002439176491317644,4.019953074952309e-06,0
0.33310412295884073,0.6464340732464299,0.002208090532631217,1.8987595767865368e-07,0.016717775237781417,0.0015324557385297433,3.2924098293612456e-06,0
0.488873225231084,0.49261025957406274,0.0006402235186637778,3.046555278049263e-07,0.01563943498242515,0.002234053726813006,2.4983114233967705e-06,0
0.48772008145641554,0.4993628243892796,0.0005260571537352549,2.6028330204307423e-07,0.011376279295046922,0.0010108023630268487,3.6950591939666764e-06,0
0.4195113829341054,0.5618013345588488,0.0005501484376856477,2.6096546475033376e-07,0.01720768023316067,0.0009254900684500317,3.7028022843775206e-06,0
0.3862159710796247,0.6127720640314286,2.5100184950435152e-05,2.1855026532056284e-07,0.000966412989603478,1.6596991214867816e-05,3.636172912354636e-06,1
0.2568854568081863,0.7415619063746134,2.7448338766715047e-05,1.8377045170162156e-07,0.0015069208336504,1.4550978389974167e-05,3.5328959415026913e-06,1
0.21547888012004224,0.7844749952657201,2.3339808039227368e-05,1.60460204799487e-07,8.413739328456113e-06,1.1193928500567522e-05,3.016678164673531e-06,1
0.2189001114728163,0.7810655207672045,1.5490453980722043e-05,1.2050301189356933e-07,6.318581804337697e-06,8.406458790983452e-06,4.031762391454618e-06,1
0.5400413744652443,0.4598922844634635,2.5921453827473466e-05,1.8738544902944434e-07,1.0592624977466299e-05,1.3426861699072988e-05,1.62127453392625e-05,1
0.5889803585823158,0.41094699837579346,2.469204433575441e-05,1.9483054223919373e-07,1.5175379838866967e-05,1.5723886160607718e-05,1.6856901013365947e-05,0
0.4356765590187111,0.5642420170358384,3.564129820574224e-05,1.8750153941256855e-07,1.5049986938725294e-05,1.432236919048772e-05,1.6222789576035838e-05,0
0.5813754839674992,0.4179449974261879,3.8558331174906935e-05,1.7361605928803026e-07,1.6039238397362035e-05,1.2754401346182552e-05,0.00061199301933517,0
0.6800662155295847,0.3173347477332294,3.298485409369727e-05,2.483919325405798e-07,2.29472863186597e-05,1.676524521657538e-05,0.002526090959624346,0
0.6453832764185625,0.35183775914815807,3.5592188779239556e-05,2.6816693161310556e-07,2.4761187189276072e-05,1.8090477859431042e-05,0.0027002524125198536,0
0.656156116864479,0.33521308516196413,4.23018570332245e-05,2.980504355900325e-07,2.8015270835306817e-05,1.8433757935881257e-05,0.008541749037316674,0
0.787962539405539,0.20846501955931215,3.737584281297287e-05,3.377269536109849e-07,2.6704220953313704e-05,1.9567074889357198e-05,0.003488456169539656,0
0.7943845132355334,0.20279275645112835,4.2606546814036974e-05,2.945997172097819e-07,2.3294131122905635e-05,1.741670552587995e-05,0.0027391183301581244,0
0.8645553879058223,0.12708601147109697,2.3632538844064092e-05,2.303884465231733e-07,1.6622359354086904e-05,1.4484470176258859e-05,0.00830363086625975,0
0.6162567826655658,0.3751833287889486,3.1705680698460315e-05,2.4187876227650914e-07,2.0809932783338394e-05,1.3978558108042538e-05,0.008493152495133402,1
0.6248749413036905,0.3642451160702769,3.0221209359811545e-05,2.3055391189899446e-07,1.8050145202778425e-05,1.3022720231446985e-05,0.010818417997326668,1
0.6747008596710035,0.3135103421560857,3.351508169835798e-05,2.514322703957253e-07,2.163186464678449e-05,1.4202023672257379e-05,0.011719197770623241,1
0.85005132636195,0.11729407412320227,3.305364287764376e-05,2.7990280586780396e-07,1.8135044124535316e-05,1.565334717584417e-05,0.032587477577863976,0
0.648727688586592,0.010395005095128975,3.2746255040397345e-05,2.4106217547792623e-07,1.508302255067758e-05,1.3481215066855779e-05,0.3408157547634457,0
0.6450731004403943,0.009029934663318173,2.5231728753043414e-05,2.136657584465209e-07,1.3843512376792744e-05,1.1949091707687536e-05,0.34584572689769133,0
0.6534840417206021,0.009875766620075785,2.6602952659277095e-05,2.2066960979247186e-07,1.4297295441977503e-05,1.2340776658276966e-05,0.33658672996495265,0
0.3725950876712059,0.007930405252067358,1.9935991195378248e-05,1.4892612580362902e-07,1.0521509364609066e-05,9.232017807390606e-06,0.6194346686322335,6
0.18456740854684145,0.004530188530790651,1.5332354984917507e-05,7.867816507482976e-08,5.207561794389383e-06,4.388094172687312e-06,0.8108773962332508,6
0.8311608678018056,0.1146268413612043,5.487717592238609e-05,3.280769749216936e-07,2.1714806370943467e-05,1.829774068164337e-05,0.05411707303704035,6
0.8641526987648975,0.10582956729327288,4.425359778428241e-05,2.9958692373160285e-07,1.906875666592561e-05,1.670001889651372e-05,0.02993741198155904,0
0.8891093703622318,0.09847595876804902,4.117861938021767e-05,2.78770010153063e-07,1.8038300121953557e-05,1.5539611607041506e-05,0.01233963556859985,0
0.9038958207474236,0.0857446916475814,4.8290165804797416e-05,2.8340613149135043e-07,1.748853396795012e-05,1.5798045162790734e-05,0.010277627453928028,0
0.9016908011594135,0.08614658338288553,5.967582691274301e-05,3.044587788395976e-07,1.9908173097914613e-05,1.6321685613805626e-05,0.012066405313297604,0
0.9122779322978389,0.0802873331205292,5.002284960766177e-05,2.887867308870028e-07,2.6797147152960086e-05,1.3974170419319815e-05,0.0073436516277212305,0
0.9298392261240597,0.057343351467133326,3.606173900092145e-05,2.7390503882074363e-07,1.8693208966742875e-05,1.3247112209188854e-05,0.012749146443591323,0
0.9311272044368692,0.05667132077114504,3.611169036503952e-05,2.742844417754253e-07,1.8355053909127243e-05,1.3265461610626684e-05,0.012133468301659156,0
0.9519435082977046,0.037774590072546264,3.0196363480999887e-05,2.6383261998969926e-07,1.2464693340728583e-05,1.2759970888068017e-05,0.010226216769419528,0
0.9440988979258481,0.04230798285425284,3.40466737581282e-05,2.974736724570672e-07,1.3780732243279071e-05,1.5880554224762672e-05,0.013529113786000255,0
0.9365469190729568,0.03632113961524691,3.087200480560697e-05,3.080193914954293e-07,1.5128231780376874e-05,1.4757687764931962e-05,0.027070875368053814,0
0.05933063861821602,0.0018897729681560133,1.6456677389580756e-06,2.2096623239841242e-08,8.150487784557415e-07,8.555493977741195e-07,0.9387762500510896,6
0.024646240419128777,0.00043664947634383,7.241078511237516e-07,9.722702823002952e-09,3.756257426985638e-07,3.7644903724288105e-07,0.9749156241991935,6
0.02545547755251733,0.00020331128123808327,1.4664330312746133e-06,1.4570884968762641e-08,8.408956257784405e-07,6.459583038839616e-07,0.9743382433083987,6
0.0025832666782598895,7.970435763506958e-05,3.472802846039026e-07,1.5004117925541914e-09,1.8339650858217228e-07,1.6231233881132772e-07,0.9973363344745612,6
0.003164845757944477,0.00011515393747569831,4.2215234072365664e-07,1.8238937778992264e-09,2.2293596501400753e-07,1.9730614375557101e-07,0.9967191560862365,6
0.004186519565421048,6.418883014982455e-05,3.7583438039767266e-07,4.218353973985363e-09,2.0269193795782823e-07,2.3900061207827326e-07,0.9957484698591448,6
0.01194322598120151,0.00014660513847385335,9.288714684990556e-07,7.532084283793176e-09,3.184414366567425e-07,4.267476757885667e-07,0.9879084872876593,6
0.14881550652760966,0.016974917653595177,1.139262535211757e-05,9.905547408126933e-08,5.094358211913273e-06,3.9431432094162e-06,0.8341890466365477,6
0.060749809276342076,0.002517762259705555,2.9444650353628315e-06,2.48407209386034e-08,1.2017256555847268e-06,1.0466022006700539e-06,0.9367272108303398,6
0.480222383633369,0.05583196120945551,1.3218425543526292e-05,1.420568525858993e-07,5.653616045415731e-06,6.111347436234868e-06,0.4639205297112978,6
0.7860007372303145,0.08014287289952804,1.5135667351787463e-05,1.7310715650438292e-07,7.474178021822993e-06,9.979273098986993e-06,0.13382362764452838,0
0.8832399978234984,0.08312959784111669,1.3054583850533362e-05,1.4105042130670828e-07,6.358826103981279e-06,9.110785430965939e-06,0.03360173908957805,0
0.8405100305111706,0.10966216132768537,3.552586237045442e-05,1.901047647355501e-07,9.278528820032809e-06,1.2089113814413053e-05,0.04977072455137438,0
0.8504474548879349,0.1154131399489593,2.668781832162848e-05,1.7386209972744782e-07,1.0306360283477529e-05,1.4866934234656125e-05,0.03408737018816625,0
0.8500140876798891,0.11809743156708302,2.557957593867218e-05,1.9825666233004696e-07,1.0546066754807708e-05,1.6601331086732557e-05,0.03183555552258531,0
0.9138967136019466,0.07160062281456558,1.8863384918387805e-05,1.4614202083390087e-07,7.902585686308703e-06,1.4046324613295027e-05,0.014461705146249039,0
0.895335160017767,0.09031297126537136,1.8667657352359055e-05,1.446256428266611e-07,7.820588003050536e-06,1.3586183354191083e-05,0.014311649662509128,0
0.9207519179714662,0.0757614229216653,1.718120363418549e-05,1.4807359826131179e-07,8.511501907427009e-06,1.035893549306952e-05,0.003450459392235487,0
0.9640607997449259,0.03436872386491194,1.772349484607298e-05,1.3986889552957425e-07,1.2211117358606144e-05,1.1739574657029489e-05,0.0015286623344048687,0
0.9657836724647544,0.03284559529226155,1.4285842649832596e-05,9.548254957181423e-08,9.842646875164076e-06,9.340479493934997e-06,0.0013371677914155139,0
0.9604369745263909,0.03875323007447379,1.4797029482356852e-05,9.88991784171227e-08,9.024549509663072e-06,1.0233927257424994e-05,0.0007756409937073221,0
0.937664006491053,0.06216926164541392,1.3874187708988223e-05,9.273116386366257e-08,9.276087860525429e-06,1.0605166826514745e-05,0.00013288368997330986,0
0.7417393064100316,0.1466738044625907,1.8217849024148158e-05,2.0535949864003905e-07,1.6145523502805855e-05,9.762664121847979e-06,0.1115425577312302,0
0.8147480105887706,0.17790384944478743,1.8703914360627998e-05,1.801170782787158e-07,1.8607201964427153e-05,1.2435129715612856e-05,0.007298213603322994,0
0.7362405744891556,0.26367983071748013,1.1726168698859104e-05,1.6555030210481144e-07,1.3360898933990512e-05,1.0504997132734917e-05,4.383717829665738e-05,0
0.6889090686331145,0.3107587131136889,1.2265777210688096e-05,1.6038306594640123e-07,1.2862706199599392e-05,1.0241320519761772e-05,0.00029668806620037355,0
0.8223905400506092,0.17755034135612205,1.3223535762444506e-05,1.9912639221174164e-07,1.4944893357878988e-05,1.3314068346399783e-05,1.7436969409723123e-05,0
0.7414807156271765,0.25848071934781913,1.0279314838167416e-05,1.533790451497041e-07,1.4434192798388102e-05,1.0411730628178583e-05,3.2864076943924314e-06,0
0.6827336215986064,0.31721805773065626,1.2777434723102844e-05,1.7698194408694684e-07,1.9253437704776355e-05,1.201395096759219e-05,4.098865397951227e-06,0
0.6509984982480722,0.34894906861748026,1.3584415415248921e-05,1.8815954075104157e-07,2.1530110715330664e-05,1.2772712540422377e-05,4.35773623607585e-06,0
0.6232270764163991,0.3767253278941567,1.3001907883772208e-05,1.8009115162598235e-07,2.0606887207962847e-05,9.98662976062652e-06,3.8201734400618305e-06,0
0.7194535032762446,0.28050681006157396,1.1899013957595089e-05,1.6481482148566198e-07,1.5049053007242116e-05,9.077655250115551e-06,3.4961251448692502e-06,0
0.8377736868120993,0.16219618792397214,7.715374534120331e-06,1.3499184283126014e-07,6.599424799548197e-06,5.6030576713473615e-06,1.0072415080614981e-05,0
0.8742358422269434,0.1257327692558787,7.041274763726597e-06,1.2741174864705277e-07,4.721662048837187e-06,5.714340004361969e-06,1.3783828612343042e-05,0
0.789714763047168,0.2102492332170919,1.3255440317695734e-05,1.9058349866338743e-07,1.0565792070937376e-05,8.660962595443162e-06,3.330957257308606e-06,0
0.7625545247084908,0.2374087280143798,1.4375945544792812e-05,2.3574302643921105e-07,8.598227148863632e-06,9.924832591166894e-06,3.612528818011015e-06,0
0.7854668342325389,0.21449865709777877,1.2453838679448256e-05,1.9133204891975287e-07,1.0893962788221793e-05,8.035019147099408e-06,2.9345170184647663e-06,0
0.6897372332494782,0.30998452809787863,2.024055570778552e-05,1.5958456564984378e-07,0.00024018737516902605,1.4593048407387742e-05,3.058088793291575e-06,1
0.6910224064900593,0.3089259998885403,2.3201769392110766e-05,1.831367825697251e-07,6.9181814182325845e-06,1.4673845470541352e-05,6.616688336886143e-06,1
0.7853772329107878,0.21458008033244225,1.949738219095061e-05,1.5518748165307315e-07,6.801200938558866e-06,1.25004098389832e-05,3.7325763198009677e-06,1
0.757389187996056,0.24256238209510134,1.8922710218992384e-05,1.899969536771847e-07,8.200295911101303e-06,1.6971036004841446e-05,4.145869753983128e-06,1
0.2912586372934759,0.7085761154134854,3.634055872919944e-05,2.547316538170739e-07,2.5362503686026937e-05,2.5317557120793114e-05,7.797194184873029e-05,1
0.2960878366830673,0.7037522879542552,3.609316034634626e-05,2.5299749778261474e-07,2.1837909504840538e-05,2.4250168992649843e-05,7.744112633581969e-05,1
0.3110617933923167,0.6888152802720205,3.605632603809242e-05,2.675479552270181e-07,2.4191964977180142e-05,3.277989458291128e-05,2.9630602109348717e-05,1
0.5320453950385434,0.46787830589937435,2.4520739117612907e-05,2.39534042692793e-07,1.9393250484365927e-05,2.7061770477857686e-05,5.083767959666314e-06,1
0.2340633129489133,0.7658408621210758,3.107428737463078e-05,2.769429536791529e-07,2.7351044806850697e-05,2.8045624595542387e-05,9.077030279979599e-06,1
0.24638922933699242,0.7535105387409324,2.863500903673745e-05,2.7554774864860726e-07,3.964924196949176e-05,2.2640822018406943e-05,9.03130130171603e-06,1
0.21126663013500518,0.7886547770467627,2.168869056882642e-05,2.1463209194472126e-08,3.264056173161005e-05,1.6308643343323598e-05,7.933459379441803e-06,1
0.24655252847798695,0.7531559588424613,1.736276112566478e-05,7.984590268286513e-08,0.0002520496980214654,1.483581493571754e-05,7.184559566417408e-06,1
0.36086146045937767,0.6349783965126564,1.4325254927316147e-05,1.4483814835978322e-07,0.004127808580535011,1.1494013816452914e-05,6.370340538565832e-06,1
0.1504233270994937,0.8310319232327228,1.8595567609615445e-05,2.05245403515014e-07,0.018499832320858025,1.5460042548979576e-05,1.0656491363381402e-05,0
0.4345745738684473,0.5515156689262811,0.0006558871037365896,2.951138284065528e-07,0.011408265747256292,0.0018411197167416166,4.1895237088235366e-06,0
0.5266937940341461,0.4623607297984021,0.0003995959445281079,2.6084976137066457e-07,0.007141331752546383,0.0034019526731376903,2.3349474780858234e-06,0
0.5100054642093352,0.4796446489465486,0.00040304648490836097,2.4379483323309605e-07,0.007695748323522248,0.0022473872568671855,3.4609839851749113e-06,0
0.508060116117273,0.47522916349896227,0.0006073381964978626,2.6114935500353077e-07,0.014772085869174736,0.0013273278147976888,3.707353939456986e-06,0
0.3440173034662809,0.6369499854197295,0.00023970345856132172,2.6302976887054986e-07,0.018428533998113863,0.00035959699699553756,4.61363054984076e-06,1
0.16320705341209793,0.8367484028172759,2.1803331762662526e-05,1.3430707928309494e-07,8.257300124155514e-06,1.1474001877164264e-05,2.8748297827357894e-06,1
0.16275677461098442,0.8372021398721213,2.031528546465819e-05,1.2267085679945803e-07,7.541896424873893e-06,1.0479906559679714e-05,2.6257575883804336e-06,1
0.637332105756999,0.3625673618552387,3.710811965738178e-05,2.8607959264540875e-07,2.4921423964884298e-05,1.772630838509226e-05,2.0490456162383344e-05,1
0.5809157420146819,0.4190200419491933,1.9939812566825014e-05,1.8849554935336494e-07,1.4442886228015832e-05,1.3303222133772798e-05,1.6341619646820655e-05,1
0.37057617894549105,0.6292147738088156,2.5629202805040453e-05,1.5806795021720422e-07,1.2972880269466892e-05,1.1976141304696648e-05,0.00015831095336392743,0
0.3511411195604396,0.6483734574343071,3.444642072956315e-05,1.6077514323046835e-07,1.4872638205491902e-05,1.047647764524898e-05,0.0004254666935298512,0
0.5498770876490071,0.4477187454611489,3.507448622698337e-05,2.6426633685654504e-07,2.440102586611916e-05,1.7827344658563548e-05,0.0023265997667552174,0
0.6738062162415288,0.3089130658027802,4.093170633138849e-05,3.266017279451976e-07,2.753241882028208e-05,1.985394444838079e-05,0.01719207328436276,0
0.8518460836566724,0.1458703080493732,2.251653020727943e-05,2.0754118891234256e-07,1.7148312148982456e-05,1.359259639761138e-05,0.002230143314011642,0
0.5840239128413325,0.40739865478121995,1.6399804359695305e-05,1.448372978787815e-07,9.375137578192005e-06,8.793262861140944e-06,0.008542719335350722,1
0.5887250714849868,0.40590064995309816,1.9804221528980864e-05,1.4600318013098875e-07,1.0245948099385353e-05,8.86404510617687e-06,0.005335218344000525,1
0.5592761655172539,0.4281711657468744,2.952030623222568e-05,2.250888108739249e-07,1.937556850706612e-05,1.2720691770864103e-05,0.012490827080550701,1
0.8502992784115304,0.11476017554471728,3.487102497710673e-05,2.9529264809659094e-07,1.913215977338845e-05,1.651401215789671e-05,0.03486973355419573,0
0.2925437818772607,0.009666641111462678,1.2183616017742596e-05,1.1692964696670417e-07,8.26098422235752e-06,6.6346712822332585e-06,0.6977623808101073,6
0.2925569921815621,0.009620948602007517,1.3156514625246076e-05,1.1693492712069813e-07,8.261357260932143e-06,6.6349708819239975e-06,0.6977938894387352,6
0.8133603218909564,0.17276443468494715,4.674862422792486e-05,2.7948135013616985e-07,1.885987055368739e-05,1.5587431185525305e-05,0.013793768016779215,0
0.8957037883741144,0.09506438697096598,5.489178909706725e-05,2.8005120232770724e-07,1.6968040240063215e-05,1.56110297225591e-05,0.009144073744657527,0
0.9308142762544328,0.05223238999084448,2.5477781562948342e-05,2.925653793168938e-07,1.9578410188145712e-05,1.4009917701207898e-05,0.016893975079891092,0
0.9257358395294228,0.04723948721321485,3.0447158396318483e-05,3.0446375314502583e-07,1.4953598226200467e-05,1.3215388320263738e-05,0.02696575264866635,0
0.9184151567486942,0.0439929681463269,2.6894189784619264e-05,3.0221441045781275e-07,1.3003227102770103e-05,1.311088154674833e-05,0.03753856459213435,0
0.7612344697762762,0.061271807038069316,2.0261134216082944e-05,3.103903474884158e-07,1.1991583711265913e-05,1.2017866801919607e-05,0.17744914221057762,0
0.023682793368471032,0.00023164423985333493,9.222488608427614e-07,1.0226804994937673e-08,4.1748946847825745e-07,4.539333833503446e-07,0.976083758493158,6
0.004949662046962306,3.955771359730715e-05,5.782804221493366e-07,5.780416932566601e-09,2.7774907404445307e-07,3.275029059843974e-07,0.9950095909266212,6
0.003919809850198473,5.3584169472718154e-05,3.951247366428569e-07,3.949616190839113e-09,1.8977908559780177e-07,2.237746507064657e-07,0.9960257933522396,6
0.005380968284892217,5.518842977119764e-05,3.081614097179031e-07,3.5288847433595597e-09,1.3381798350698626e-07,1.7455958025158266e-07,0.9945632232174783,6
0.03324611024585675,0.005076131694614532,2.804718728132071e-06,2.2623730660796463e-08,1.087039998284379e-06,9.281711516381789e-07,0.96167291550592,6
0.04805606174537394,0.004621722963203164,3.5645341559805273e-06,2.5057568688895985e-08,1.275098204068948e-06,1.0557385430985814e-06,0.947316294862951,6
0.8826585685432328,0.08108201709001275,1.3296950461035584e-05,1.4798554269182993e-07,5.990262579084541e-06,8.531063504507271e-06,0.03623144810466702,0
0.8802319143719324,0.07854212217893912,1.5918817387429245e-05,1.460956652404416e-07,7.227460930333877e-06,9.865015593058438e-06,0.04119280605955247,0
0.8327952849226793,0.10683076888645984,2.3410894004183994e-05,1.867259106913167e-07,9.193364471383092e-06,1.1707236724301878e-05,0.06032944796975042,0
0.8692839455973328,0.09725628075679464,3.507064781626969e-05,1.7398722030087183e-07,9.4632680784172e-06,1.4938631299176929e-05,0.03340012711145857,0
0.8462244559694948,0.12013683726516891,2.566754252291724e-05,1.8097803067115407e-07,1.0728185098507097e-05,1.6091627104766582e-05,0.03358603843257946,0
0.8439782053097188,0.11981794143550263,2.595223360148914e-05,2.0114497699949026e-07,1.0699707792414458e-05,1.684318862406097e-05,0.03615015697978336,0
0.8918433744962554,0.0899607528564988,2.6874534818276952e-05,1.4406160630915023e-07,7.655133289134396e-06,1.1364384224910157e-05,0.01814983453330718,0
0.8725320171924085,0.11448559911225144,2.332628952100522e-05,1.8071788832731413e-07,1.0387946732337947e-05,1.201084304564415e-05,0.012936477898152911,0
0.9295841628923063,0.06404567208667254,1.7346013063924477e-05,1.4949398334075349e-07,8.593147862242086e-06,1.2132522249825457e-05,0.006331943843861679,0
0.9204339842463871,0.07489243181383932,1.7175271000252137e-05,1.4802246875534801e-07,8.508562903494867e-06,1.0355358574156961e-05,0.0046373967248267865,0
0.9456717650567769,0.05407411204581494,1.4721839464495013e-05,9.839662951022428e-08,8.978691924555488e-06,1.2312060092865635e-05,0.00021801190929672182,0
0.9640044059692124,0.03541793484190611,1.164225987383345e-05,8.994117167690488e-08,7.323920852211884e-06,8.867814387204256e-06,0.0005497352525965885,0
0.8168044976949945,0.15918807995083484,1.8318554018148296e-05,2.3162800909669913e-07,1.7994454496329732e-05,1.0692302699564343e-05,0.023960185414947512,0
0.8202479098027748,0.17157475493459962,1.8830173820674404e-05,1.8275015921156642e-07,1.8513472403261705e-05,1.2519072185260026e-05,0.008127289794057104,0
0.8024470243232634,0.18569391669528965,1.7935072024105772e-05,2.267790908514871e-07,1.6265610050624255e-05,1.1744251904196532e-05,0.011812887268377096,0
0.7715668913859505,0.21689763914428126,1.7859823715691027e-05,2.0132368202152694e-07,1.7077316094977635e-05,1.0425987806298988e-05,0.011489905018469302,0
0.7908711448534238,0.20853329962959904,1.3622636955876163e-05,1.678580270947258e-07,1.359066292802264e-05,9.723291208599537e-06,0.0005584510678575877,0
0.7643005139202953,0.23561587575770432,1.276082546291596e-05,1.727162977896211e-07,1.4486296995900224e-05,1.0740531719414992e-05,4.544995152439591e-05,0
0.7496229245715834,0.2502958666441887,1.2509839544869558e-05,1.5837198445630708e-07,1.2701417660825739e-05,9.84851658059267e-06,4.599063845698721e-05,0
0.8068480032287538,0.1930784465117632,1.0398869311970224e-05,1.6530958153340675e-07,1.0805498553636909e-05,1.0863931977361993e-05,4.1316650058540155e-05,0
0.7993267706410959,0.20062071092725425,1.219815086062074e-05,1.836856508096998e-07,1.2225703285051417e-05,1.2079798336897621e-05,1.5831093516548395e-05,0
0.7304477155327188,0.26951415306810567,1.143270877602883e-05,1.5835596653082546e-07,1.4459302342191163e-05,8.721915043852564e-06,3.3591170468649595e-06,0
0.6788921011424495,0.3210634541115586,1.3495209857400868e-05,1.8692394273051225e-07,1.6502119201810588e-05,1.0295379352442209e-05,3.965113637641476e-06,0
0.7799584524066614,0.22000512092588484,1.2366501448066218e-05,1.899902609090506e-07,1.2727081417004986e-05,8.229156714473814e-06,2.913937613316446e-06,0
0.49770692204357087,0.5022112397901801,3.2926161142956485e-05,2.298438926443169e-07,2.4205883512744376e-05,2.0055813903596345e-05,4.4204637971031865e-06,1
0.48977822223954437,0.5101242168573827,3.513214032687693e-05,2.2821554020712633e-07,3.8607003646836595e-05,1.920439698730849e-05,4.389146571682433e-06,1
0.5774412710540817,0.4224967620427195,3.2622708173962404e-05,1.9518608873663418e-07,7.728838303414798e-06,1.7426358900900778e-05,3.99381173175795e-06,1
0.6631660660251452,0.3367734922308821,3.150427826523344e-05,1.998622339470782e-07,7.914000936923864e-06,1.6788459021391263e-05,4.03514351540299e-06,1
0.6180790405099689,0.38186397219703816,2.7105499653479933e-05,1.9672111160604608e-07,7.789621034533184e-06,1.7500706133692184e-05,4.3947450595322735e-06,1
0.6783319828651555,0.321618447658072,2.3251391826666387e-05,2.0173815826642823e-07,7.153622670400801e-06,1.2539334235739085e-05,6.42338988125471e-06,1
0.7031922515167086,0.2967591786511132,2.131964223689061e-05,1.6521994495216903e-07,6.87396279704946e-06,1.348350336495172e-05,6.727503834210788e-06,1
0.7159016676915599,0.2840472957593425,2.3329219258868358e-05,1.8568660911804378e-07,7.853605953265017e-06,1.4957125992775956e-05,4.710911283574835e-06,1
0.5826589932286992,0.4172690422196363,2.886694689488803e-05,2.453051745331192e-07,1.5719060015149998e-05,2.1452022227374916e-05,5.6812173525352666e-06,1
0.6049552097890943,0.39497354734797147,2.9216428730484097e-05,2.778926498183613e-07,1.569307518577859e-05,2.03836405099516e-05,5.671825858172039e-06,1
0.6257839520635511,0.37414524431180984,2.358733524899128e-05,2.444083763208793e-07,1.566159353509507e-05,2.6073421075141967e-05,5.236866403301171e-06,1
0.7899243561476309,0.21003267970624115,1.71685479597391e-05,1.6451672749979802e-07,7.100565675997795e-06,1.4940642814817906e-05,3.5898729498819364e-06,1
0.23876732142587778,0.75960878173208,3.404604044259998e-05,2.497896555293221e-07,2.680216828080987e-05,2.436454663450223e-05,0.0015384342970288624,1
0.24351781191561644,0.7562928378025701,3.8162175859965145e-05,2.5422935676191827e-07,2.4921173334270603e-05,3.474326098181878e-05,9.126944228081116e-05,1
0.29639251571887737,0.7035128194053739,3.3516042155357624e-05,2.48698343156065e-07,2.688608552072476e-05,2.7701206535392926e-05,6.312843194314849e-06,1
0.44628855099845227,0.5536144221230198,2.9725132261209547e-05,2.678368973693451e-07,2.9451453903746535e-05,3.1376153949510806e-05,6.206301515963308e-06,0
0.3434604681758331,0.6564681862559126,2.6104842099021326e-05,2.2093744643161664e-07,1.924704009634927e-05,2.0993071930642168e-05,4.779676681667966e-06,1
0.3593545507866709,0.6405416763919993,3.162064710788393e-05,2.8606960263144544e-07,3.507055764692952e-05,3.152425108235535e-05,5.27129588990396e-06,1
0.34529998031735737,0.6545975606899102,3.4255035510838536e-05,2.871932033911731e-07,2.980861890479823e-05,3.2816145059151444e-05,5.2920000542477545e-06,1
0.2674054264512035,0.7324919124230964,3.253093902629562e-05,2.731594144655772e-07,3.716378886203354e-05,2.7662470884582148e-05,5.030767512822094e-06,1
0.06448953175515325,0.9354645822551505,1.9406097083997034e-05,9.119069727929138e-08,1.566459909561982e-05,7.64689875501771e-06,3.0772040644032477e-06,1
0.10230181512112684,0.8976319062630541,3.0323731115542315e-05,1.3056658318357383e-07,2.019948641776413e-05,1.1907963745252581e-05,3.7168679572460246e-06,1
0.24508794278704074,0.7548270558330442,2.419338181914527e-05,1.0629429373449798e-07,3.305169648850692e-05,1.921758809187006e-05,8.432419221710838e-06,1
0.42112449820086634,0.5788030843859331,2.3922811895385187e-05,8.940943668038313e-08,1.6757812196503296e-05,1.900266562324869e-05,1.264471404873713e-05,1
0.3552722095096857,0.6446648490913242,2.1069240185097374e-05,9.560997000092205e-08,1.5581565590816517e-05,2.038826309456487e-05,5.806720149667037e-06,1
0.14035755184108545,0.8386403162252922,0.00019745912319857705,1.60618217268891e-07,0.01954879918264848,0.0012529279228952054,2.7850866627651417e-06,1
0.4872319219106614,0.4991492561246076,0.0006716837627862237,3.022214731545778e-07,0.010948602357835674,0.00199394319668765,4.290425948296787e-06,0
0.4047071474581179,0.5841214379772091,0.0006369092428910447,2.80631285207406e-07,0.008660504874166846,0.001869735891113112,3.983925216795911e-06,0
0.4784349264645285,0.503558134395139,0.0006653997507272155,3.0254110317192004e-07,0.015744885620960613,0.0015922633030509424,4.087924490582784e-06,0
0.508075698674267,0.4758648195443808,0.0004295972231290303,2.7822333694015627e-07,0.01413330466944018,0.0014923539936398287,3.947671806209099e-06,0
0.4178295715185487,0.5664632690821283,0.0005547304245322591,3.2403664948244773e-07,0.014022397534799893,0.0011251096928852912,4.597710455954547e-06,0
0.431961634885624,0.5405250292265873,0.0005831894698071855,2.6871039353882643e-07,0.02595966239308363,0.000965502043888465,4.713270615770477e-06,0
0.4155832025405568,0.5630836185793641,0.00023600422400359345,2.7784905690028753e-07,0.020649050089794493,0.00044477374653576076,3.072970688451501e-06,1
0.4220835312200906,0.5584383786376063,0.00020864975827598013,3.541205828116018e-07,0.01906181427664116,0.00020405408842593336,3.2178983772320104e-06,1
0.3669182681269313,0.6213578869336965,2.911325167374489e-05,2.63482959731879e-07,0.011668904764635474,2.1264618496870654e-05,4.298821606384823e-06,1
0.13408872561171767,0.8658789325517915,1.3779394799304829e-05,1.0208631770922044e-07,6.5926318541989764e-06,8.721346687611409e-06,3.146376832026127e-06,1
0.2674062254828785,0.7325430657430688,2.401633879040347e-05,1.4628291158772224e-07,8.686259662383967e-06,1.2497110436127571e-05,5.362782252286431e-06,1
0.15988744389310972,0.8400679453918387,2.150987743612601e-05,1.2988422433596862e-07,7.985379679611795e-06,1.2205414702647169e-05,2.780159008904738e-06,1
0.3308831421796224,0.6690797294780979,1.6210245294157926e-05,1.2610239725127392e-07,5.491030432367091e-06,9.676507827354616e-06,5.624456328524136e-06,1
0.5690104224359575,0.43084515369099186,3.1796331554762044e-05,2.9789120692694385e-07,3.4309033512221386e-05,2.1452945296428046e-05,5.656767148027282e-05,1
0.5990526718355397,0.400846183725452,2.2613366864886663e-05,1.9492090944668716e-07,1.618079689226569e-05,1.4037432157288563e-05,4.811792218444168e-05,1
0.4557569576616641,0.543219292622457,3.614623765141619e-05,2.281924403573607e-07,2.1070143499341838e-05,1.5393808122211543e-05,0.0009509113341656569,0
0.7940691811474291,0.2011369616723764,2.429346690749215e-05,1.8722022616131764e-07,1.7597777810233516e-05,1.2629832231124605e-05,0.004739148883019565,0
0.7744702704281079,0.21529128888063298,2.3954927271959908e-05,2.397685408282193e-07,2.1077707332655604e-05,1.1596618494804856e-05,0.010181571669619038,0
0.6989716690149854,0.2820560982876555,4.313360563523e-05,3.4417109364849063e-07,2.7212201079496844e-05,2.0921976797324756e-05,0.018880620742753273,0
0.7779067319277552,0.20765559703474484,4.275291471277805e-05,3.663176637300097e-07,3.089664746289537e-05,2.2174360772622583e-05,0.014341480796887992,0
0.8224950289951751,0.17374755662915814,3.654124403680557e-05,3.1713276454425594e-07,2.5075829232391967e-05,1.9619491887042623e-05,0.0036758606777460806,0
0.7489298621810524,0.2437973813190326,5.033931330933378e-05,4.0910786998010287e-07,3.1370776997195784e-05,2.525198648734225e-05,0.007165385315251104,0
0.8631012953712064,0.12902092174989047,2.376231015518567e-05,2.1693879726063557e-07,1.9785323304380766e-05,1.5971574495894138e-05,0.007818046732150242,0
0.8758073567068134,0.12076135910144706,1.3735653240699368e-05,1.598433050224485e-07,1.3451724441152675e-05,1.0474183535689623e-05,0.0033934627872168645,0
0.7830603950947582,0.21494629570526305,2.7935687241238875e-05,2.204884272749206e-07,1.8218091531438164e-05,1.4440556199944999e-05,0.0019324943765788348,0
0.8482379490799254,0.14983011140216176,2.0402450526165052e-05,1.880551221678289e-07,1.553825509552711e-05,1.2288372291946486e-05,0.0018835223848769405,0
0.8980310508791479,0.09966956412874368,1.4575634675385012e-05,1.349754961651339e-07,1.0777287228894908e-05,1.0485849836502408e-05,0.0022634112448715184,0
0.8578418165873636,0.13874842910381882,1.9364683879436377e-05,1.7932377374427114e-07,1.4318330893534423e-05,1.431195471501216e-05,0.0033615800155559045,0
0.5271095605728748,0.46906429681806733,1.4236056811939609e-05,1.3072260015522432e-07,9.173615091160971e-06,7.936340997045821e-06,0.0037946658735575223,1
0.5668601868417744,0.4253271380345481,1.540683899517554e-05,1.3386923466664933e-07,9.805810279100527e-06,8.127377317055432e-06,0.0077792012278515565,1
0.5127426950711672,0.4778183461534425,2.9337792002836236e-05,2.063607402455987e-07,1.6164522833718654e-05,1.1662291697573261e-05,0.00938158780811594,1
0.7121030006369251,0.26594819183553703,2.4691668329377312e-05,2.631349264567744e-07,1.7048644750827265e-05,1.3744248265969136e-05,0.02189305983126524,0
0.7741298725266121,0.1975177558773019,2.813991617746503e-05,2.6599777269712563e-07,1.6651943032506705e-05,1.3623057931720302e-05,0.028293690681171706,0
0.7975418465197774,0.17990652807978,2.4513911280146467e-05,2.6669563528359883e-07,1.7279344873639116e-05,1.3651642411145083e-05,0.022495913806242347,0
0.5592261958861114,0.016011202904657244,2.412785978878485e-05,2.0013888957780475e-07,1.2967099712616635e-05,1.2639158768257204e-05,0.4247126669520722,0
0.38028477439818914,0.012376199080695302,1.9231896556220414e-05,1.3860749104249474e-07,9.521040633052559e-06,8.757920394366529e-06,0.607301377056041,0
0.355699227345708,0.01286728018309409,1.55634619697471e-05,1.4688407839844716e-07,9.89883054250515e-06,9.105430092129464e-06,0.6313987778645151,6
0.35474804448090747,0.01550776183324184,1.552184338526755e-05,1.464912925621461e-07,9.872359869335977e-06,8.312020065672966e-06,0.6297103409712378,6
0.29427665185964536,0.009153838715073373,1.263604585667945e-05,1.212717455084712e-07,8.172760938226083e-06,7.544803058355435e-06,0.6965410345436824,6
0.2846847177151485,0.012103470230305583,1.2552019874222993e-05,1.204653241266453e-07,8.510776930976065e-06,7.494632340663421e-06,0.7031831341600759,6
0.7970591635689053,0.18294925517311086,4.759438568637716e-05,2.845376391330168e-07,2.0501055749043242e-05,1.586943410541273e-05,0.019907331844803904,0
0.7607917104516709,0.22567913678027404,4.612661018703651e-05,2.757627097093723e-07,1.8608930456786684e-05,1.5380032546123506e-05,0.013448761432155327,0
0.8321123229345035,0.1617789706330775,2.8697511787363533e-05,2.608992419216484e-07,1.5807640883998916e-05,1.4543432723656018e-05,0.006049396947781971,0
0.8805290764885856,0.11325785450473116,3.439370733727231e-05,2.612355921927157e-07,1.9629001272361094e-05,1.2634368530458455e-05,0.006146150693950833,0
0.8818742105574864,0.11198981938928744,2.6471212155672893e-05,2.583107980956292e-07,1.940923494354188e-05,1.2492914120712327e-05,0.006077338381208207,0
0.9275123175804052,0.06113873787489002,3.2564986268437276e-05,2.9106959768281125e-07,2.187070090758041e-05,1.3795725362674159e-05,0.011280422062568013,0
0.9250970108279679,0.06447215604645735,2.8793419025191268e-05,2.8743130747181445e-07,1.9234839240848155e-05,1.2469550407544227e-05,0.010370047885593916,0
0.8109378428154316,0.08676605947849003,2.2423512462911674e-05,3.4351689056722275e-07,1.9782373750521222e-05,1.3300478795335452e-05,0.10224024782417905,0
0.04970724921105565,0.0020941433974761992,1.8585698682518824e-06,2.3331968797863042e-08,1.2795365262281629e-06,8.602834346159527e-07,0.9481945856696703,6
0.020837765223954856,0.0003453716902814008,5.968967558942848e-07,6.630389827768623e-09,3.9823715366131816e-07,2.944549223399279e-07,0.978815566866542,6
0.003521855261330658,4.332625180711006e-05,4.38716512993075e-07,4.385353996381452e-09,1.8835590453039124e-07,2.484623850389823e-07,0.9964339385667056,6
0.006113250507912849,4.4657862019171846e-05,3.8718277285110056e-07,4.096618553594146e-09,1.5576470522015038e-07,2.0264306350947816e-07,0.993841341942908,6
0.005147498359020003,5.510190694746124e-05,7.210719916291167e-07,5.2072968473680505e-09,2.4625732524128186e-07,2.522950643275071e-07,0.9947961749023545,6
0.05748832039574122,0.0024301210886252186,3.327545972790123e-06,2.3391615321949866e-08,1.1316219173925622e-06,9.519216649534691e-07,0.9400761240344632,6
0.8667709881858624,0.09748200372687278,1.7190818374862922e-05,1.8103470548769335e-07,9.133550004846731e-06,1.2224251757104623e-05,0.035708278432422455,0
0.8561902627492172,0.10255141618152691,1.9485036699903594e-05,1.78824803980401e-07,9.726387123206783e-06,1.2075029582766436e-05,0.041216855791046066,0
0.8518880781369595,0.10337631992497136,3.320982119705229e-05,2.2253940494673417e-07,1.0471951179706967e-05,1.6913469230080103e-05,0.0446747841570572,0
0.8614816997074854,0.1000101626397638,3.773611620336546e-05,2.163883469022209e-07,1.0182503207285613e-05,1.607400951297665e-05,0.038443928635480455,0
0.8596104674330095,0.11126571316688233,3.329250982953706e-05,2.0627991364971156e-07,1.057923425676736e-05,1.3379823403693458e-05,0.02906636155270457,0
0.875179388485324,0.10330911854181132,3.091176739572449e-05,1.6570329105210543e-07,9.468808427598407e-06,1.1178131518012191e-05,0.02145976856223264,0
0.9097535003247261,0.07799829421689011,2.2458667041173393e-05,1.739960776304469e-07,1.0001566545460993e-05,1.1564099151003356e-05,0.012204007129568518,0
0.9655227480948237,0.032737905007651794,1.726376105400478e-05,1.3624080421391313e-07,1.1673190171991415e-05,1.1435059141256947e-05,0.0016988386463530243,0
0.9685691627639901,0.028924707367194682,1.615577432938201e-05,1.0798064637050589e-07,1.1130990702939824e-05,9.588851921172022e-06,0.0024691462712156014,0
0.9724124868916566,0.0260032331169916,1.4523997105287703e-05,9.707430689100933e-08,1.000673031526966e-05,8.620351752057566e-06,0.001551031837872223,0
0.8029490023474676,0.14016209888092215,1.682624733685108e-05,2.0042478896984436e-07,1.5236922881576999e-05,1.0174627174766592e-05,0.05684646054942805,6
0.8139424737890143,0.15905316566372096,1.8042782166574423e-05,2.2814102617863236e-07,1.7417553006917385e-05,1.1005290618389727e-05,0.026957666780446615,0
0.7867005278944416,0.20207129072526495,1.7177504385790362e-05,2.1720006601987405e-07,1.869266001668508e-05,1.1248181123611694e-05,0.011180845834701388,0
0.7772795386471656,0.22223538601324644,1.3548361257087095e-05,1.669428025093391e-07,1.4196027122855552e-05,8.788280191885742e-06,0.00044837572821368823,0
0.7389196457045152,0.2609989238582839,1.112244108887672e-05,1.4543319775023093e-07,9.245371704487192e-06,9.286691107849047e-06,5.16305001020791e-05,0
0.8064576234643671,0.19346588518784835,1.1907516522879328e-05,1.6811057458797293e-07,1.1350994813205535e-05,1.1048009619635383e-05,4.201671625421027e-05,0
0.8087070166484712,0.19124000148454615,1.1133261702587298e-05,1.7488782532148542e-07,1.1469734186550041e-05,1.0939361528448891e-05,1.9264621739636897e-05,0
0.7841790671333491,0.2157699256255846,1.2667478857609995e-05,2.4392503102087345e-07,1.2696091370927748e-05,1.2754204496938267e-05,1.2645541309977506e-05,0
0.7906272335396334,0.20932768114798317,1.3308617389262442e-05,2.0040759246681093e-07,1.4069196001901324e-05,1.3399732469432147e-05,4.107358930363047e-06,0
0.8081644402059055,0.19178660496218908,1.3953580294827246e-05,2.1011975559796578e-07,1.5769970544417014e-05,1.4049110998733676e-05,4.9720503115400725e-06,0
0.7726809922104134,0.22727655839115476,1.1964731477855306e-05,1.6749743095512232e-07,1.5762845630452143e-05,1.0965405697241837e-05,3.5889181950807118e-06,0
0.7072981139817208,0.2926613729663681,1.230138963110974e-05,1.7038818034017113e-07,1.5042300207666917e-05,9.384624185374896e-06,3.6143497065742434e-06,0
0.7101519839344276,0.28980792233388725,1.1931342571270353e-05,1.7759301050610621e-07,1.4436163197198983e-05,9.781451144215376e-06,3.7671817618504705e-06,0
0.7864601905713271,0.2135054279248544,1.110283640395981e-05,1.5011383823649947e-07,1.3354811192667102e-05,7.099179962238719e-06,2.6745624212182056e-06,0
0.6473021008830385,0.3526570306671601,1.4732162052285242e-05,2.41375106489442e-07,1.1738052353359864e-05,1.0454817887877333e-05,3.702042401292065e-06,1
0.6841712739873912,0.31579166049080243,1.3860254049134483e-05,2.159686611182599e-07,1.0322548962983917e-05,9.354374004507645e-06,3.3123761287498267e-06,1
0.5783735816889412,0.42155295218095046,3.808741686270367e-05,2.408867022384041e-07,9.467143997304563e-06,2.0807270408228557e-05,4.863412137890389e-06,1
0.5684704620369697,0.43146475442109344,3.1044158600306516e-05,2.2530635726328112e-07,8.921519024693041e-06,2.004370713608839e-05,4.548850818563008e-06,1
0.5979317695954341,0.402012953481636,2.5465329524559472e-05,1.990536881791991e-07,8.897195966059758e-06,1.566530664770616e-05,5.050037103561142e-06,1
0.6364020435140523,0.3635521659239337,2.1412134567768418e-05,1.6597970410392948e-07,7.159744336732172e-06,1.2841760760630132e-05,4.2109426448222664e-06,1
0.5862089216351062,0.4137250594366714,2.629786505691393e-05,2.193853927460831e-07,1.4573445143169591e-05,1.975262857808971e-05,5.175604051235075e-06,1
0.5884628215811328,0.41146476371578034,2.5961406585494593e-05,2.3832085627607905e-07,1.527150762227335e-05,2.5424006043543174e-05,5.519461979241386e-06,1
0.632588284352511,0.36734301148725673,2.193041707383303e-05,2.3996485417197783e-07,1.537685436695412e-05,2.5599387305149933e-05,5.557536632136449e-06,1
0.7686315719238388,0.23132347028708286,1.9028964706756094e-05,1.8234407525936397e-07,7.079099469031109e-06,1.468850236726751e-05,3.978878459916062e-06,1
0.83115482843717,0.16880325729996917,1.704879506549256e-05,1.8659914000201966e-07,8.331065858350978e-06,1.2165064622758243e-05,4.182738174498548e-06,0
0.6368575289228029,0.3630838734671281,2.0777031022196098e-05,2.0661616542852505e-07,1.1421829328098375e-05,2.083635552164915e-05,5.355778031424142e-06,0
0.6527831184338789,0.34715794311071674,2.016410435525726e-05,1.968860233802018e-07,1.2929764816467963e-05,2.015799281596155e-05,5.489707393278697e-06,0
0.24876284883689864,0.7500638754198604,3.3985446839319236e-05,2.493450911954373e-07,2.675446699364817e-05,2.4321183716121888e-05,0.0010879653006008881,1
0.22236362870962867,0.7774664696326548,3.959469885898099e-05,2.512187598043205e-07,3.0776769120411034e-05,3.077924649675566e-05,6.849972448050903e-05,1
0.4012732108796324,0.5986242351114655,3.228456830657584e-05,2.6330875610625926e-07,2.8953537653262483e-05,3.495121850484793e-05,6.101375681391562e-06,0
0.5272694893839237,0.4726459121169764,3.017258347460835e-05,4.160620764762354e-49,2.0358318179135983e-05,2.8726265030198545e-05,5.3413324160059435e-06,1
0.5324754846193281,0.46744883899565487,2.7841828474934255e-05,2.452392515339512e-07,1.4392201195214992e-05,2.7992263225970964e-05,5.20485286928429e-06,1
0.3604098050071232,0.6395164666622684,2.8620142699590693e-05,2.3788146375014992e-07,1.9459132162393582e-05,2.026493717513866e-05,5.146237107612955e-06,1
0.3504048751059281,0.6494945472519287,3.171951857924477e-05,3.404109352666225e-07,3.4326554048104016e-05,3.0418091228945248e-05,3.7730673514033196e-06,1
0.1795811226768826,0.820354165995143,2.464395169838103e-05,2.146212910328369e-07,2.0174361141874547e-05,1.6784620000180902e-05,2.893773842671904e-06,1
0.0639389754331199,0.936015081885034,2.195686237706376e-05,1.0323102132549418e-07,1.1748894140196552e-05,8.652018118250165e-06,3.481676189487916e-06,1
0.07440116531461445,0.9255448890014258,2.44272224474814e-05,1.0517765638668514e-07,1.6271656880597534e-05,9.592436966067804e-06,3.549190009220547e-06,1
0.05172681161088389,0.9482389826193952,1.6736780774145888e-05,7.864738089265722e-08,8.955681471526033e-06,6.594795232867325e-06,1.839864861691406e-06,1
0.10672575312916639,0.8931897056730577,2.2279233043804104e-05,6.934156659411521e-284,4.131574335217694e-05,1.1287518876025891e-05,9.658702503913202e-06,1
0.22017785289078845,0.7797430863964921,2.3354646019916734e-05,2.3111844931237927e-08,3.303470393781051e-05,1.8551353035193353e-05,4.09689788146853e-06,1
0.3226025704544674,0.6773453321938565,1.6373135386093606e-05,1.757079471223373e-08,1.688371762468906e-05,1.567878082800939e-05,3.144147042414384e-06,1
0.36194580142225313,0.6377728714128841,1.544541795728719e-05,7.10286417112998e-08,0.0002462220200549636,1.3197518572112918e-05,6.391179636648612e-06,1
0.145044494119694,0.8359472580157921,0.000248679667237828,1.957657538875089e-07,0.018034439036533872,0.0007091783351205206,1.5755059867862486e-05,0
0.1102857530056109,0.8753363847003126,0.00018151588265887423,1.485780362231782e-07,0.012880434765788535,0.0013126970964544343,3.0659711383958054e-06,1
0.40675168582245513,0.5779812253975423,0.0005271998479450533,2.9031034350793155e-07,0.012964611201938864,0.0017708682471324632,4.119172642816972e-06,0
0.5116479285435224,0.47331022363268765,0.0005796292238818918,2.907633360498951e-07,0.012748626669614075,0.0017091734041329342,4.127762824992082e-06,0
0.5124059589982466,0.47693060503104523,0.0005250475747431855,2.63383173461839e-07,0.008069332575722682,0.002065053371177975,3.739065890885427e-06,0
0.5736912975522734,0.4176153017927317,0.00043091858687269727,2.684641914172157e-07,0.006828098106674184,0.0014303042997231602,3.811197533458555e-06,0
0.485641066949086,0.49375745150400174,0.0005643169324241668,2.79673986676219e-07,0.018932560708566897,0.0010994186562103417,4.905575724245072e-06,0
0.4751859212564589,0.5007484059847438,0.0002532392376466507,2.9813993222934154e-07,0.023331583129531895,0.0004772548668291874,3.2973848571545585e-06,1
0.06706415902143376,0.9326732408115699,1.0932815849534218e-05,7.494484159703402e-08,0.00024154545250760763,6.151493811871036e-06,3.895459985757093e-06,1
0.1622676201292427,0.8376873685295225,2.162048073257095e-05,1.4863990142425098e-07,8.026440318778718e-06,1.2268174665115528e-05,2.9476056170096307e-06,1
0.23033848931495352,0.7696200812257933,1.9468561456572794e-05,1.3586458920044738e-07,6.640936716528312e-06,1.0638369936205494e-05,4.545726554557821e-06,1
0.38782616664984915,0.6121174288490633,2.2562916814460672e-05,1.7395208424271606e-07,1.228830081896757e-05,1.3620669184210821e-05,7.75866218569468e-06,1
0.39787526844019805,0.6020563618876773,2.5387644835411324e-05,1.724500080734082e-07,1.6114261292716263e-05,1.3503054711922682e-05,1.3192261276502893e-05,1
0.5403512632027034,0.45956862574566015,3.195106217676399e-05,1.943789500690923e-07,1.5140205257742339e-05,1.6007576369661682e-05,1.6817828882157357e-05,0
0.5245382788176182,0.47538437618912366,3.059437065513344e-05,1.886905923071178e-07,1.4697138227772512e-05,1.5539126358688793e-05,1.632566742420435e-05,0
0.46935001162902823,0.5305692673552632,3.192978071650559e-05,1.969267256237191e-07,1.533865187366447e-05,1.621739184478874e-05,1.7038264548121323e-05,0
0.2894548386446693,0.7101885628318084,2.9631883174536035e-05,1.431458187307632e-07,1.3417203369081623e-05,1.0580152205608753e-05,0.000302826138954223,0
0.38453780158594264,0.6145974128828859,3.147268003731299e-05,1.9868811054584154e-07,1.8623238945080113e-05,1.3403453002726905e-05,0.0008010874710757207,0
0.7516856799984878,0.24732196298950423,2.7509638743193314e-05,1.772027569931808e-07,1.6362012310654022e-05,1.1954056127398415e-05,0.0009363541020698013,0
0.7936606238827079,0.20372807340667365,2.2652086343446657e-05,1.9769686274738037e-07,1.6665780854441847e-05,1.1960942936209055e-05,0.0025598262036216897,0
0.8641751844704136,0.12745139438234696,2.2790853137911133e-05,2.1572651654721968e-07,1.96747604813474e-05,1.5882323370836064e-05,0.008314857483732955,0
0.8616388373996547,0.136355835551634,1.7643794357590092e-05,1.937927959473985e-07,1.6020730548800435e-05,1.3811282813059545e-05,0.001957657448195941,0
0.6930510456057968,0.3035870940141446,2.2201486350790698e-05,1.8732250619465203e-07,1.4956999685530352e-05,1.3746127959633542e-05,0.0033107684435565907,0
0.6444991472877932,0.35189101603339623,1.76122270187477e-05,1.4811162184580544e-07,1.0761651577760635e-05,8.99205137595204e-06,0.0035723226372162803,1
0.4377904112684432,0.556600520313131,2.3107916630460737e-05,1.7619510567428307e-07,1.3801606863164781e-05,9.957507981473044e-06,0.005562025191845043,1
0.5140904778503956,0.47930782311486375,2.5283559290891095e-05,1.8967886676836416e-07,1.6318937763362296e-05,1.0713914135729253e-05,0.006549192944683846,1
0.7522249835325814,0.23092545649830348,2.4318811222434015e-05,2.5455541695873004e-07,1.5927281361223906e-05,1.3059912497044457e-05,0.016795999408617257,0
0.7757236154111739,0.2080362307362861,2.4611620380577583e-05,2.576203758771089e-07,1.669135423428829e-05,1.3217159574161475e-05,0.01618537609797519,0
0.8216193276614705,0.1490056947730703,2.4636631669340795e-05,2.680307544240903e-07,1.7365847916898208e-05,1.3719984621031205e-05,0.029318987070497543,0
0.44812448790589315,0.014033134709907897,1.7639914537436644e-05,1.6333394110146737e-07,1.1219516912739682e-05,9.446257119891839e-06,0.5378039083616879,0
0.34301486498118583,0.013431962823046642,1.446901936296214e-05,1.3655500161783832e-07,9.202732082913e-06,7.765891377503662e-06,0.6435215979979426,6
0.33890325652339864,0.015035022318092789,1.4986253543511054e-05,1.4143652901025165e-07,9.422052730724227e-06,8.819395062518596e-06,0.6460283520206429,6
0.6839101147653743,0.2969719497508016,2.6735153071832618e-05,2.545440030613228e-07,1.798332627981064e-05,1.4475933178202723e-05,0.019058486527291335,0
0.7548337141148014,0.2205242369949926,4.507299904538974e-05,2.696050740900729e-07,1.9414980420066544e-05,1.5028726140042971e-05,0.02456226257952633,0
0.7740045690928646,0.21414895983517104,3.2534825048544414e-05,2.6134511477690074e-07,1.7626766596577847e-05,1.456828723003904e-05,0.011781479847974391,0
0.7859608338232569,0.20925944577308322,2.7105860196261415e-05,2.464289736768321e-07,1.4930900874237282e-05,1.3736809556943475e-05,0.0047237004040586485,0
0.8269474461843921,0.16873908360655915,2.618841478427725e-05,2.5541731538291426e-07,2.4639181952620897e-05,1.1312749404911974e-05,0.00425107444559167,0
0.859461833755544,0.13653589438126384,2.4342060850013876e-05,2.3753416082655464e-07,1.581487615143339e-05,1.0515170034677048e-05,0.003951362221995113,0
0.9157071345374262,0.07556352359571743,2.5284488178508106e-05,2.903457609329901e-07,2.1816312482312767e-05,1.2595987310553253e-05,0.00866935473312428,0
0.9196287989699772,0.07220199225218978,2.9209937113155756e-05,2.915892137803549e-07,2.1909744381535134e-05,1.2649931670671855e-05,0.00810514757545399,0
0.9005381896216405,0.07794763580637117,2.3875710607985372e-05,3.3197817793626436e-07,2.1822336250213056e-05,1.338906421941289e-05,0.021454755482732846,0
0.05065148866635477,0.0018621852524590796,1.5745777813707392e-06,1.8813950653006683e-08,1.0840215474633516e-06,7.456966818388863e-07,0.947482902971225,6
0.026667628549651566,0.0008048765488968958,8.145873844241611e-07,9.048519453624193e-09,5.608044819728668e-07,4.0184380741077836e-07,0.9725257086172582,6
0.026025692563559615,0.0003522539562368803,7.325406860544618e-07,8.137136389634476e-09,4.801041761238519e-07,3.6136938037104404e-07,0.9736204713288247,6
0.002597443464321358,2.7392101013401692e-05,2.753137720562039e-07,2.75200115516186e-09,1.1820155619749556e-07,1.5592099775884864e-07,0.997374612246338,6
0.00329956293616418,3.500185301284347e-05,4.1833567787805004e-07,3.6953244636051646e-09,1.5119112282494446e-07,1.8113628797008497e-07,0.9966646808524098,6
0.02683954016539042,0.000614435314164918,1.5008392658636044e-06,1.7865096435449536e-08,6.296136063910333e-07,7.329413252497847e-07,0.9725431432611509,6
0.09914379101111573,0.0029193359308620605,5.788064494711963e-06,6.599268752277716e-08,2.3970329769044854e-06,2.707445102493908e-06,0.8979259145227606,6
0.08200336525607389,0.004747957616567677,5.4419211093415726e-06,6.204612951712697e-08,2.1981103777259136e-06,2.5455318732377498e-06,0.9132384295178686,6
0.050879178283550715,0.006218814084451473,2.887355519604932e-06,3.292021896897276e-08,1.1472220417923652e-06,1.339688141253387e-06,0.9428966004460761,6
0.032904163747363276,0.0026504079693695963,1.4695427345974954e-06,1.675500930825167e-08,5.805873819989501e-07,6.818450174347471e-07,0.9644426795531239,6
0.05323814128895974,0.002382975986015574,2.7772616551288583e-06,2.2402253398877823e-08,1.0188918828053565e-06,9.116595865937692e-07,0.9443741525096467,6
0.10714196665620601,0.004542685760314329,6.400209210844257e-06,5.25321043931788e-08,2.2091547270928693e-06,1.9393439612877544e-06,0.8883047463434761,6
0.8345811638965939,0.1118801629955946,3.096766770220322e-05,2.1801830587825308e-07,1.025920355986371e-05,1.722964533377799e-05,0.053479998572909825,0
0.8485459332332119,0.10357643645230372,4.138967773255759e-05,1.828688642353798e-07,9.946345958412938e-06,1.6326414878241163e-05,0.04780978500705096,0
0.8287261928191991,0.11482513404289164,2.5266177669855456e-05,1.7177422878383399e-07,1.0560427845087243e-05,1.3000656356965878e-05,0.05639967410180851,0
0.7984309003831492,0.14077614308199513,2.6761400340209083e-05,1.9126920776883473e-07,1.0174376031365313e-05,1.1921298968583749e-05,0.06074390819030759,0
0.9013087958734668,0.07780258685999164,3.109523240877633e-05,1.6668675977669905e-07,1.0625789209187391e-05,1.124447505698211e-05,0.020835485083106797,0
0.907681742363318,0.07968701793255,2.240752250341832e-05,1.7359984089274157e-07,9.97879023835174e-06,1.1537764529071092e-05,0.012587142027020342,0
0.6812379818284106,0.02644081088465013,2.9000621342028684e-05,2.0924069042021148e-07,1.616579196081133e-05,1.6167926188532657e-05,0.2922596637067576,6
0.7509627080183048,0.03907981673812323,4.094504462720726e-05,2.9542020172744007e-07,2.3089591943805725e-05,2.2826975033099542e-05,0.20987031821176635,0
0.779143926324363,0.039604567868162896,4.149484143361583e-05,2.9938700857640357e-07,2.339963151092702e-05,2.313348826534614e-05,0.18116317845925556,0
0.951220621080435,0.04277036992309791,2.2004442055187717e-05,1.7365294112326608e-07,1.4878683499803538e-05,1.4575160967781283e-05,0.005957377057003137,0
0.9621068673756994,0.033513146700859614,2.3106495146540223e-05,1.8235003783252946e-07,1.5623855729351084e-05,1.5305131814632038e-05,0.004325768090712632,0
0.9684244270020702,0.02781991957220537,1.8713609401650174e-05,1.2507649574185737e-07,1.3298999286643025e-05,1.110699034318215e-05,0.003712408750197273,0
0.9179604410880171,0.07580795492589029,1.4542691939922786e-05,1.0614883006278958e-07,7.660020011596243e-06,1.0040117360509054e-05,0.006199255007950541,0
0.9259653144647636,0.06994515580042852,1.2446144161622522e-05,9.084587963540828e-08,6.55571291333745e-06,1.2029463791812382e-05,0.004058407568061415,0
0.9699176599217653,0.028825633444873728,1.2812793419249626e-05,8.648816453923921e-08,7.352224701057945e-06,9.095234251363997e-06,0.0012273598928249259,0
0.8310810898093753,0.1109650243642739,1.4864568618341023e-05,1.9936758270907458e-07,1.7782637045284976e-05,1.0120957767876112e-05,0.05791091829533661,0
0.8186801209515914,0.13358782270539796,1.6549296347880385e-05,1.9712590464892545e-07,1.4986131319059014e-05,1.0007158279174624e-05,0.04769031663115985,0
0.8189103790418287,0.16975710459161547,1.8365782824204895e-05,2.3222519129285207e-07,1.8270818805936498e-05,1.2210325996172622e-05,0.011283437213738296,0
0.8225781606302158,0.16882665984801018,1.7091959804668035e-05,2.4444110494917853e-08,1.6343113811870477e-05,9.244913626524312e-06,0.008552475090420425,0
0.779939120415923,0.2200173259848393,1.3068219465250712e-05,1.967875643469793e-07,1.3097737146526667e-05,1.3157688703821827e-05,4.0331663579004126e-06,0
0.7244576032964598,0.2754981734469145,1.3436388265046389e-05,1.8109816435568286e-07,1.6250892292836724e-05,1.1284283508782603e-05,3.0705943944599182e-06,0
0.7281234044740584,0.27183226469524946,1.2845833753707183e-05,1.779293481373178e-07,1.5107997524761682e-05,1.2078262984653452e-05,4.1208070807594835e-06,0
0.7695977002819232,0.2303667816525246,1.0628467984372258e-05,1.5854167100175176e-07,1.2887519782537973e-05,8.732143257251567e-06,3.1113928568275795e-06,0
0.7607926964717898,0.2391686224242186,1.2479795128188504e-05,1.7632650005618637e-07,1.5633619559860817e-05,7.249772151790992e-06,3.1415906518373173e-06,0
0.7922667445309733,0.2077041079843178,9.574487765984367e-06,1.6296284665940628e-07,6.0714176839089865e-06,8.384702946629068e-06,4.9539134658104235e-06,1
0.8617911606964929,0.13817764262802504,1.1551748107190472e-05,1.7333443842807087e-07,5.7250234404875095e-06,8.51406548307924e-06,5.232504012981642e-06,1
0.6879700958815,0.3119888327131046,1.5624391864610735e-05,2.1364257979971955e-07,1.095439258366563e-05,1.05450018864324e-05,3.733976480885747e-06,1
0.6291595328478736,0.37080076319323957,1.4749659798701252e-05,2.307598811795164e-07,1.1189271130327188e-05,9.99503456942269e-06,3.5392335070023294e-06,1
0.7457617827099304,0.25335937967017186,1.3077937221299353e-05,1.430670959996176e-07,0.0008529891052171401,1.0382955902892523e-05,2.24455446044881e-06,0
0.5829420126841428,0.4169929970443383,2.5531358879557277e-05,2.0599417713799497e-07,1.623092612513746e-05,1.886417533130035e-05,4.1578170058342665e-06,1
0.5745808613591165,0.425342380633189,4.0355708622570184e-05,2.4305208364186884e-07,9.552246152654748e-06,2.169987045987667e-05,4.907130375978709e-06,1
0.5271898630010083,0.4727410909361655,3.6364702103911576e-05,2.3069662279260372e-07,9.13495888077222e-06,1.8658026961516048e-05,4.65767825718108e-06,1
0.4965954079883198,0.5033362987857815,3.090481244770576e-05,2.2820134080973862e-07,1.1471497259673214e-05,2.059070220250565e-05,5.098012648030485e-06,1
0.7248407723585021,0.2751135399943696,2.0078362714694268e-05,1.6054752147032748e-07,7.30798366305259e-06,1.4067626286684783e-05,4.073126942415818e-06,1
0.5693798317664396,0.4305565773429315,2.62949144394466e-05,2.447390133370334e-07,1.4028652887487971e-05,1.8029725178312768e-05,4.992859110207442e-06,1
0.5723902582671682,0.4275475589794745,2.4983282843236816e-05,2.1144460222969642e-07,1.3788990893544322e-05,1.8302021550870408e-05,4.897013467300843e-06,1
0.5701750196847287,0.42976247931092465,2.511270933615828e-05,2.0865174789510497e-07,1.3860425089901768e-05,1.839683561023825e-05,4.922382562420923e-06,1
0.7851697405868511,0.21478673705674825,1.7838714031085873e-05,1.719249141275624e-07,7.040145958394903e-06,1.4673231757422816e-05,3.798339739761371e-06,0
0.584261714696763,0.41566264111357193,2.577157963041225e-05,2.587719891034887e-07,1.5421785408156518e-05,2.7484323203351265e-05,6.707729434015785e-06,0
0.5443629985145677,0.4555567634959404,2.700267454765751e-05,2.636590804456908e-07,1.8666568723571072e-05,2.6953568843757194e-05,7.351518296617281e-06,0
0.5412007097695622,0.45871651886139003,2.9166812363319542e-05,2.654878277299911e-07,1.8796040603707843e-05,2.7140519605103628e-05,7.402508647860625e-06,0
0.4592613964435984,0.5406613464657459,2.920229887354024e-05,2.473554161346253e-07,1.5027398364211163e-05,2.5325254763271076e-05,7.4547832384955504e-06,0
0.47088227457008847,0.5290460444962891,2.7092903718326407e-05,2.3390983663021996e-07,1.394191117560982e-05,2.3495913520873067e-05,6.916295370997555e-06,0
0.24657214380630213,0.7532556158307016,3.748459562746283e-05,2.5979561683947394e-07,3.1827518471117566e-05,3.1830080427541904e-05,7.083837285324341e-05,1
0.3626266667554181,0.6372737294305161,3.241883723220653e-05,2.536023693048753e-07,2.788621942242633e-05,3.3662806941918976e-05,5.382348099977939e-06,1
0.27614584416151566,0.7237824077751771,3.058581823121921e-05,2.3828468783552756e-07,1.892573087345345e-05,1.7455295192847405e-05,4.542934321940889e-06,1
0.25189391695094004,0.7480180371010705,2.9805293132833294e-05,3.1146681945230064e-07,3.269881101826023e-05,2.177812221220668e-05,3.4522548066808113e-06,1
0.17652456913897288,0.8234014234274437,2.706327040647241e-05,2.7145789430628585e-07,2.5319784258735406e-05,1.6997428199769106e-05,4.3554928241731355e-06,1
0.1421882093433474,0.8577448390350003,2.6365640907582244e-05,2.0692034306836453e-07,1.8303269248855593e-05,1.6559273197090986e-05,5.516517955816925e-06,1
0.050385642195364504,0.9495739872598702,1.7432197304567448e-05,8.195813685920062e-08,1.4071267444960663e-05,6.868810270858719e-06,1.916311608280717e-06,1
0.045143537620333074,0.95482464028159,1.5564893911655403e-05,8.451090872588902e-08,8.32861670902744e-06,6.133036547101992e-06,1.7110400004908171e-06,1
0.19189457444743338,0.8080326420081559,2.280419778368918e-05,1.0697703793464519e-283,2.9681544619799334e-05,1.6660067383231908e-05,3.637734624151893e-06,1
0.37416363218780013,0.6257847555358118,1.8909379167517596e-05,1.8712792250970135e-08,1.4921945849856193e-05,1.5020333355247325e-05,2.7419052230983434e-06,1
0.3535596459464185,0.6463865472384952,1.7129032926739065e-05,1.838198451778829e-08,1.756334464664183e-05,1.6402622144210654e-05,2.6934333841932966e-06,1
0.40481917582718147,0.5951246608898095,1.5701808949924002e-05,7.481028098972912e-08,2.0657962453258965e-05,1.503592411128721e-05,4.6927772135968436e-06,1
0.5077367622080473,0.4922113148600592,1.1484725502962118e-05,5.471825219034158e-08,2.345246992059619e-05,1.0670052245297748e-05,6.260965972564977e-06,1
0.38435221040620104,0.5977841012112884,1.8123426376460962e-05,1.8324026564414172e-07,0.01782416272736597,1.3554136069329062e-05,7.664852433227695e-06,0
0.2937615773332195,0.6917687494859998,0.00034432111755363433,2.0805379809335955e-07,0.012096210027035878,0.0020259803887761373,2.953593616840357e-06,1
0.3063602690158094,0.6780595807023874,0.0002799061105895328,2.2568179769815944e-07,0.013121098721836264,0.0021757159216359715,3.2038459438228133e-06,1
0.42374530567864405,0.5579925301913273,0.0007060128827714361,2.8777630532424124e-07,0.015154022285256948,0.00239775582764669,4.085358048124522e-06,0
0.5547249049710545,0.43691100253828413,0.00041511294415590535,2.610663905047927e-07,0.005519318321531428,0.002425693982432736,3.706176150749725e-06,0
0.5692086792699329,0.4183671977607045,0.0004200834032440388,2.6894754809070244e-07,0.010562006607323754,0.0014379459518381182,3.81805940860119e-06,0
0.3734897731210841,0.6107439604328679,0.00016295473394768953,2.4165553779087034e-07,0.01542575859811677,0.00017348074034195896,3.830718103733631e-06,1
0.2684542076666391,0.7288392337490069,2.1944526671322844e-05,2.247251764674858e-07,0.002659813577493017,1.8050702522017144e-05,6.52505249097954e-06,1
0.06367967245223839,0.9362864477146551,9.725187926364665e-06,7.712797840721101e-08,9.885261439715598e-06,6.660545734154481e-06,7.531710028143443e-06,1
0.1646465911321226,0.8353076566459114,2.2449356780399866e-05,1.5433838961080678e-07,8.375464655264872e-06,1.1712452575224183e-05,3.060609565654704e-06,1
0.4766264065898497,0.5232806236373052,3.375430275469556e-05,2.411313350054365e-07,1.8415293121612783e-05,1.985774827390508e-05,2.0701297359858556e-05,1
0.2734270660391425,0.7264700587800872,3.257764104277888e-05,1.8377697478534312e-07,1.431441583004753e-05,1.2679601153375894e-05,4.3119745769404224e-05,1
0.251872079964195,0.7480294563304581,3.01136528994217e-05,1.454731538279708e-07,1.3635346857896818e-05,1.0752169521798935e-05,4.381706291390613e-05,0
0.30157543631452044,0.6979988385046745,2.311341852494423e-05,1.6510720679927549e-07,1.5475666638181828e-05,1.2194168138686702e-05,0.00037477682029655264,0
0.7977071115247168,0.199490270868765,2.0760901486326524e-05,1.811914818540143e-07,1.432606958892134e-05,1.1014533321308756e-05,0.002756334910639825,0
0.6737476297746496,0.3187791164200043,3.5277252585457115e-05,3.5715545366613384e-07,2.0644132619507984e-05,1.7111248855659525e-05,0.007399864015831656,0
0.7737001497882461,0.2154147564057663,3.387638928132959e-05,2.706880639183392e-07,2.2973727252388514e-05,1.646360878362849e-05,0.010811509392606278,0
0.9046255005035313,0.0916708778940349,1.889446254507566e-05,1.6612332043561171e-07,1.3376074069795609e-05,1.0854900508606544e-05,0.0036603300419899387,0
0.8264879415771943,0.16892150307857864,3.003317028733982e-05,2.816792041495576e-07,2.1599426817560666e-05,1.5511492487321304e-05,0.004523129575430686,0
0.7830291288656474,0.20975445902488657,4.586952590896944e-05,3.525544634920671e-07,3.158590441344062e-05,2.2683218548003387e-05,0.007115920906132367,0
0.7477703491666516,0.24466826471656988,5.977294542215215e-05,3.5464851495306117e-07,3.177351375081409e-05,2.5771055848325562e-05,0.007443713953242206,0
0.8752649489147074,0.11808149197223826,2.373445623167463e-05,1.980386441547603e-07,1.7742591094951208e-05,1.4314502029796297e-05,0.006597569525053848,0
0.8983970235129605,0.09684953851558449,1.3056165742259229e-05,1.4621513886684355e-07,1.2529685400362256e-05,1.080169397368859e-05,0.00471690421119997,0
0.8477819913818285,0.14876679964599937,1.7086773273535236e-05,1.8767468602768018e-07,1.5514950186777304e-05,1.3375255529539934e-05,0.003405044318496198,0
0.7866299956104033,0.21167740230503576,1.916122242804236e-05,1.888024019041013e-07,1.5608177760606474e-05,1.2343670376246034e-05,0.0016453002115941803,0
0.6922795441211153,0.3056219181899629,2.567645895762009e-05,1.818026591932021e-07,1.4508654829750071e-05,1.3334079695464535e-05,0.0020448366927798365,0
0.6202313972009994,0.37611439569696054,1.9068256694263814e-05,1.4578778238114872e-07,1.163450866092665e-05,1.0692615374945872e-05,0.003612665933527631,1
0.38953031911864444,0.6017263184962773,2.04160272658472e-05,1.562440223999517e-07,1.1819175114509612e-05,8.829990448094793e-06,0.008702140948227388,1
0.7172112081848125,0.2709765290088893,2.642980170607582e-05,2.498325987293747e-07,1.5639973822042496e-05,1.2824328580596206e-05,0.011757118869590676,0
0.7726008105764022,0.21485476760291633,2.3283019091986158e-05,2.4371333692294714e-07,1.5523063312285404e-05,1.2503661845437881e-05,0.01249286836309497,0
0.784002633601769,0.20571350485205556,2.3127212906418943e-05,2.5160924619205014e-07,1.6301890106771362e-05,1.290875982123859e-05,0.010231272074094761,0
0.3463832544982474,0.015825640341211897,1.607063381464239e-05,1.4880343957298366e-07,1.02214071105147e-05,9.45755175600716e-06,0.6377552067644199,6
0.4045001432650064,0.0264318809473554,1.7062585335896025e-05,1.6103243141080334e-07,1.0852318152952226e-05,1.0041314223618026e-05,0.5690298585374944,6
0.7478025638526056,0.22583167450959332,4.3313067576980135e-05,2.5894226418159806e-07,1.865689829277294e-05,1.6051982693504697e-05,0.0262874807469738,0
0.7735174097705463,0.2145981505751141,3.3361669916696486e-05,2.678465669306656e-07,1.9298457025112227e-05,1.4938527841935676e-05,0.011816573152989049,0
0.7703640913710891,0.21700638598342437,3.112152887241987e-05,2.7085235977998934e-07,1.9515025655406004e-05,1.5106169042945873e-05,0.012563509069555981,0
0.9064405709238816,0.08955744401098731,2.5253747315881873e-05,2.5209641144791186e-07,1.7378261815159774e-05,1.0936626694428551e-05,0.00394816433289433,0
0.030822183949313287,0.0004674772157901665,1.0643252063088344e-06,1.1802287645192369e-08,7.776722838673874e-07,5.238637448067224e-07,0.9687079611713739,6
0.003523471909743011,6.914813788796253e-05,3.55877094311944e-07,1.5375539950808983e-09,2.667077850014236e-07,1.663303275998927e-07,0.9964065894996081,6
0.0027317766471027607,2.7388411762669286e-05,2.75276691967506e-07,2.751630507350935e-09,1.1818563645561231e-07,1.5589999784887832e-07,0.9972402828271778,6
0.003299562127268593,3.5263157742056875e-05,4.183355753220782e-07,3.1970495231248755e-09,1.355283933647525e-07,1.8113624356409945e-07,0.9966644365177275,6
0.4311781020885124,0.04052140879208197,1.1376763375670387e-05,9.561284363580811e-08,6.2905704424715006e-06,4.028410158017926e-06,0.5282786977625858,6
0.8314640362217328,0.09639875492206462,1.5197879843497554e-05,1.9361470499808623e-07,7.984226556591718e-06,1.6070291142807457e-05,0.07209776284395489,0
0.8356957771671784,0.10220097802134116,1.6675372714771195e-05,1.930339598628909e-07,7.83389814226586e-06,1.6029458365779196e-05,0.06206251304829756,0
0.8203637284050294,0.13127725365141718,2.7434423545544793e-05,1.9174142604012446e-07,9.348541289916175e-06,1.842907533786427e-05,0.04830361416195412,0
0.8184334040535016,0.12693529079291876,5.726868291363943e-05,1.913923700197265e-07,1.0180927525294e-05,1.1928975342798142e-05,0.05455173517542774,0
0.8258182186264339,0.11531701809825186,7.096411649349437e-05,1.7645066043271875e-07,1.0459807407870927e-05,1.2876785265195147e-05,0.05877028611548728,0
0.893077466801504,0.07701671438140029,3.081125083476123e-05,1.6516446954948392e-07,1.0528747697964403e-05,1.210257411690701e-05,0.02985221107997665,0
0.90038535020075,0.08147943543845768,2.200427134117638e-05,1.704756964187447e-07,9.799209530097624e-06,1.1499601784000693e-05,0.018091740802440814,0
0.34086356283554026,0.014186909103183917,1.5258141635129418e-05,1.1008812716839949e-07,8.604319946004673e-06,8.594890944733636e-06,0.6449169606206228,6
0.566341359039448,0.030727322682563847,3.472463620438378e-05,2.5053969597079216e-07,2.1466384711793296e-05,1.9560341515318255e-05,0.40285531637586075,6
0.6863084765553908,0.0387355978229797,4.208029625946993e-05,3.0361108952028404e-07,2.6013572121397204e-05,2.5482899815790713e-05,0.27486204524234337,0
0.8984598538901909,0.043988010281633065,5.863168378051802e-05,3.299715325055269e-07,3.5084858664895804e-05,2.930199317886228e-05,0.05742878732101936,0
0.9274832656907043,0.05964668841598351,1.9127592514999994e-05,1.3961456213008387e-07,1.1044643589354988e-05,1.0488313727286591e-05,0.012829245728918326,0
0.9443995365928748,0.047601094338320445,1.2693923406190083e-05,9.265444967411516e-08,6.6862247869084856e-06,8.76374754343713e-06,0.007971132518618553,0
0.9445554930505309,0.04760895509826993,1.2696019658095637e-05,5.1350229946148405e-08,6.687328938162753e-06,8.765194773099692e-06,0.007807351957599937,0
0.9395196829630527,0.05332807460316129,1.2628332005717928e-05,5.107646095336853e-08,6.350470623337982e-06,9.784150777967744e-06,0.007123428403918024,0
0.9376005568204236,0.052202085162483626,1.450949110043663e-05,6.42640567099299e-08,6.41049403674296e-06,9.90753952538055e-06,0.010166466228373644,0
0.6657917761013928,0.11986088812506093,1.4848758800989266e-05,1.7687005840182435e-07,1.3446218173811313e-05,8.97886390135364e-06,0.2143098850626115,0
0.794672170073675,0.19344665302241829,1.7308820860488005e-05,2.1886049039429134e-07,1.747767646549035e-05,1.127410174060587e-05,0.011834897444349584,0
0.8086505270566983,0.19123503556235796,1.4291576760082498e-05,1.761006981827762e-07,1.458424905618659e-05,9.04987876571879e-06,7.633557566364251e-05,0
0.8064071159700921,0.1935371677446896,1.3025228336292636e-05,1.762949601220281e-07,1.4786451446051969e-05,9.059861957251618e-06,1.866844851879424e-05,0
0.7794065178287441,0.22055781360286275,1.150693558966306e-05,1.7663719132320906e-07,1.2879243966649893e-05,7.958625440092643e-06,3.1471262053688333e-06,0
0.7243624890819299,0.2756113310492925,9.917255159298655e-06,1.5721999993277714e-07,6.2484698444752345e-06,7.308784442793911e-06,2.548139331132653e-06,1
0.7344217271134863,0.2655468205610792,1.1345529741738711e-05,1.8001866129778974e-07,7.1483691124333935e-06,9.262252291078732e-06,3.5161556278095517e-06,1
0.7612950014438207,0.23867127851755648,1.468061928740928e-05,1.9032641916447796e-07,6.508657842608165e-06,9.04731346871144e-06,3.29312160493143e-06,1
0.6831242373938259,0.31683140263511156,1.6519504018370377e-05,2.2588203663083238e-07,1.2517572428514837e-05,1.1149118797461956e-05,3.9478937814025026e-06,1
0.7682553624296107,0.23119507444149484,1.1027357055063678e-05,1.1800522890140253e-07,0.0005268045437699247,8.666853728571903e-06,2.9463691119882957e-06,0
0.583367474384263,0.4165626846142124,3.261054146458312e-05,2.1402051780239834e-07,1.309742013478237e-05,1.9599197552149928e-05,4.319821855547662e-06,1
0.5955173362515995,0.4044105556161897,3.7272926691053766e-05,2.5136156131400135e-07,8.830549013711695e-06,2.1190183534588632e-05,4.563111410060584e-06,1
0.656371792085085,0.3435772881416665,2.352598551650895e-05,1.9533989386734232e-07,7.692753259483981e-06,1.521811513027079e-05,4.2875794483471906e-06,1
0.5839028332340052,0.4160317738163038,2.680895947536868e-05,2.5499395755067104e-07,1.4654699045261718e-05,1.8469836702548353e-05,5.204460510412387e-06,1
0.60100707425552,0.39892411125769395,2.377699717341693e-05,2.3105729619603203e-07,1.4806061522168795e-05,2.4649131371396025e-05,5.351239422801288e-06,1
0.5079478502226739,0.4919498894625425,3.39057287806257e-05,3.6571319191052976e-07,2.1332361073500233e-05,3.844583873109705e-05,8.210673006500075e-06,0
0.5213947329320565,0.47851218287075153,3.942379362293387e-05,2.657644211571053e-07,1.8815622899932906e-05,2.716879543754168e-05,7.410220810236058e-06,0
0.46798424756831364,0.5319373349131582,2.8731095976569272e-05,2.4336413486020123e-07,1.7229724614609276e-05,2.4878839568004167e-05,7.334494234075678e-06,0
0.1689855986129097,0.8300574515743978,4.5393071476189764e-05,2.4224824791814653e-07,3.225570694962137e-05,2.863316701064016e-05,0.0008504256190080659,1
0.24120481431551655,0.7586264211423955,3.552418244375711e-05,2.606345166788868e-07,3.110622950285765e-05,3.0806380268746684e-05,7.106711535603774e-05,1
0.24912516174630303,0.7508010513021269,3.23946293432733e-05,2.2024413139419935e-50,1.92260969026809e-05,1.7551191110432996e-05,4.6150342134825405e-06,1
0.2134034701618279,0.7865171652061456,3.2461146226005364e-05,2.311554524847848e-07,2.0102875419517965e-05,2.156872579027245e-05,5.000729138163096e-06,1
0.3504045043733939,0.6494938600789565,3.1719485019616056e-05,2.662061556189999e-07,3.43265177302007e-05,3.0418059046242182e-05,4.9052796979252325e-06,1
0.15988529907228125,0.8400473511417688,2.761038294487947e-05,2.7694570178091496e-07,1.7677864472971326e-05,1.734104912765753e-05,4.443543702698046e-06,1
0.18636155980747385,0.8135654023556088,3.0051439209079412e-05,2.3572330702618568e-07,1.593533895901344e-05,2.0527633027681454e-05,6.287702414522092e-06,1
0.08566560619728604,0.9142924338787958,1.8877364620590027e-05,1.2233082083439166e-07,1.082084979158198e-05,8.878026226194133e-06,3.2613524589981177e-06,1
0.04293012278243756,0.9570333166497915,1.5782069259959864e-05,8.569008065871743e-08,1.2739284297430574e-05,6.218610169115789e-06,1.7349139639227937e-06,1
0.04834341634493013,0.9515974327122448,1.7569588169910268e-05,5.783084597629727e-284,3.1405487900494794e-05,7.494921051495212e-06,2.68094570306271e-06,1
0.12416967967792485,0.8757593433293059,1.92253740990567e-05,9.058909123475482e-284,3.350497141042207e-05,1.2684568866464782e-05,5.562078393266158e-06,1
0.1976457652124394,0.8022743282415836,2.2749121161063833e-05,1.0671866734849999e-283,3.674402789002744e-05,1.6619830043910312e-05,3.793566882011183e-06,1
6.567652141190107e-05,0.00011858616813883321,3.849084515854171e-09,3.8090684132735915e-12,3.709348429533498e-09,3.0574527079114114e-09,0.9998157266907546,1
0.48571970773322537,0.514220633011151,1.3966242754966429e-05,5.6682927742378776e-08,2.9566635898686478e-05,1.0722020441107215e-05,5.347673601108736e-06,1
0.1881937251925325,0.803691944728043,1.4769553120718183e-05,1.4933030769505896e-07,0.00808030792815929,1.329091573655041e-05,5.812352100359342e-06,0
0.11936800172272498,0.8740055460465233,0.00018704516591358053,1.401925205998995e-07,0.005435258672766106,0.0009934793889658183,1.0528810585916682e-05,1
0.314136722319097,0.6704996559638103,0.00036571944656685535,2.2566384188362907e-07,0.012818930199470786,0.0021755428161752783,3.203591037737617e-06,1
0.4955035178770182,0.4864272132886271,0.0005842651683562099,2.820889164967202e-07,0.015210567631032198,0.0022701493278656742,4.004618184246058e-06,0
0.6654586890325311,0.3283536749414314,0.0012397853757672586,1.3957256920732926e-07,0.0033270614710817874,0.0016184790815311197,2.1705250879283365e-06,0
0.49627146527228205,0.4904404800245106,0.0006674305780065694,2.7765645923844844e-07,0.011381193565330095,0.0012342801627318524,4.87274067954137e-06,0
0.37163872691113164,0.6144145103147195,2.0373332486056434e-05,2.1521663756066923e-07,0.013905464821281152,1.7296006042841163e-05,3.4133977012179905e-06,1
0.29603642567167104,0.696069882170132,2.6500090119125392e-05,2.1498214247380784e-07,0.007843724680658687,1.926422527864912e-05,3.988179997954988e-06,1
0.11218524722594134,0.887156830212524,1.871587097048484e-05,1.1815393655502877e-07,0.0006258050863798781,1.0547336092799878e-05,2.7361141549774703e-06,1
0.05030112272742073,0.9493124563800318,1.0336485753874362e-05,8.626893075354807e-08,0.00036371074309384584,5.688949032715966e-06,6.598445736291452e-06,1
0.09700188699254558,0.9029659126478801,1.1917115504176903e-05,1.0760604952517477e-07,8.483384407125043e-06,8.161743858911962e-06,3.5305097545427376e-06,1
0.1358353836642653,0.8641233760473966,1.95166552176291e-05,1.4395382236016816e-07,7.80783342388434e-06,1.0918663316788067e-05,2.8531825573590465e-06,1
0.11806744263603582,0.8818863310354023,2.3012110938576948e-05,1.5226950350074872e-07,8.258863150551431e-06,1.1785084583645103e-05,3.018000385700568e-06,1
0.14519705161265556,0.8547619611941867,1.4705578783065698e-05,1.0716936956520056e-07,1.0008999282026837e-05,7.711541778566942e-06,8.453903944752152e-06,1
0.20255994858171333,0.7973695839921356,2.40508491683633e-05,1.7518275862445139e-07,1.911936924868344e-05,1.2612161065392659e-05,1.4509863909916853e-05,1
0.24956790721020303,0.7503599982183696,3.129814198211752e-05,1.7415872179443314e-07,1.3565248677680929e-05,1.1988664178596118e-05,1.5068357867109156e-05,1
0.8470324746865091,0.15111267303465492,1.8331703121188627e-05,2.387011920917586e-07,1.6918504215975893e-05,1.3492609099741221e-05,0.0018058707612068907,0
0.8179595085104159,0.1800518601287517,1.7491911865949522e-05,2.2776608298549627e-07,1.5624083706345178e-05,1.2874500948119162e-05,0.0019424130982291978,0
0.8762688182411805,0.11962349188992137,1.346783413502275e-05,1.4391155834575984e-07,1.212501744903184e-05,1.0840307525516914e-05,0.0040711127982303134,0
0.8156240174811252,0.18217637526829336,2.025438389603158e-05,1.8669035041244494e-07,1.5425489373233186e-05,1.2199191932324456e-05,0.0021515414950295827,0
0.39674882441300774,0.5966402684628126,1.9196798106860715e-05,1.5700353343819113e-07,1.3507729851289583e-05,8.75952991364911e-06,0.006569286062774532,1
0.40219579866373695,0.5877584361812404,1.9851311054537637e-05,1.657100584429435e-07,1.4256791895514158e-05,9.03617890262189e-06,0.010002455163111393,1
0.37862623072052287,0.6152131014381631,1.9713128851592864e-05,1.4587857187891308e-07,1.2550598683232985e-05,8.239876797988957e-06,0.006120018358409453,1
0.3961759921033094,0.597696037995037,1.9540005616978748e-05,1.465903625132114e-07,1.261183727696543e-05,8.280081929263816e-06,0.006087391386467811,1
0.45772928199517254,0.5316753962686632,2.2856431937534838e-05,1.6913924087833194e-07,1.4551820096049846e-05,8.56976916116761e-06,0.01054917457572848,1
0.6154222969179,0.3682475595615658,2.6662644350824064e-05,2.5203358698041787e-07,1.5777759678668142e-05,1.2907883105032491e-05,0.016274543199812804,0
0.6549797827815549,0.3309224015856686,2.39601487426127e-05,2.264877464038329e-07,1.4178543724017452e-05,1.1625997944758959e-05,0.014047824454618647,0
0.6574746903998645,0.32284926703197125,2.6892496797375945e-05,2.9055981429421117e-07,1.9729134757136097e-05,1.8467210770054318e-05,0.019610663166025367,6
0.7774885504812636,0.21182758638574697,3.3532944517513826e-05,2.6922165738464746e-07,1.9397532866687906e-05,1.5015220357607552e-05,0.01061564821359007,0
0.7798708034391979,0.2095621645932158,3.060332762522028e-05,2.663424261189433e-07,1.919008305135787e-05,1.4854637838596858e-05,0.010502117576644992,0
0.8033941775316402,0.1908226922872948,2.4181987297203845e-05,2.4209408487056914e-07,1.5117569037498468e-05,1.3502242230131355e-05,0.005730086288415311,0
0.8004262621799684,0.1937242827808513,2.8717487634237273e-05,2.4577529220910246e-07,1.4466476990154795e-05,1.3328558738342979e-05,0.005792696740525613,0
0.8397155168444175,0.15581867209600203,3.0589888432484646e-05,2.6180001760232114e-07,1.5409701669457855e-05,1.4042155761215538e-05,0.004405507513699758,0
0.818558866297965,0.1778371812376712,2.4248947846263756e-05,2.60570500632518e-07,2.4876650416570222e-05,1.1540990365312247e-05,0.0035430253052350135,0
0.8832933157519505,0.11469075711991965,2.158347061728697e-05,2.7306989680546236e-07,1.4535699082857582e-05,1.1846513425934e-05,0.001967688375107225,0
0.8862338596755639,0.11085635781247129,2.145716310191449e-05,2.7147187854416887e-07,1.4450635467838815e-05,1.1777187055620878e-05,0.002861826054460958,0
0.8991195833506725,0.0970862101528559,2.0727799236797526e-05,2.622441079546881e-07,1.3959434870250087e-05,1.1376861316831733e-05,0.0037478801569397115,0
0.9092801099328133,0.08249247400916034,2.1013437339059797e-05,2.9927160711077673e-07,2.065827135439107e-05,1.2983214748729281e-05,0.008172461862977208,0
0.886411238526599,0.10142062078988626,2.0631326432925205e-05,3.160615053613037e-07,2.1031608477142908e-05,1.2747126389070227e-05,0.012113414560710346,0
0.004680019644834663,5.3714871996814404e-05,4.494685606989479e-07,2.108486166408097e-09,1.929721239140131e-07,2.545516917733665e-07,0.995265366382306,6
0.002197003082146368,3.071289005829243e-05,2.5637105380701717e-07,2.562652173037479e-09,1.0863520544561029e-07,1.4519299273527533e-07,0.9977717712658912,6
0.006406543226628106,6.321178189881557e-05,7.83313875630164e-07,5.986326289874938e-09,2.5377060266208467e-07,3.314980322303146e-07,0.9935288704226363,6
0.026852852033251436,0.0007340235659474046,1.494024664266848e-06,1.781570888986042e-08,6.886870603282222e-07,7.567342692048236e-07,0.9724101671390986,6
0.09168070599091352,0.0034013579421516855,3.3932995110302537e-06,3.868874552230701e-08,1.3251330009686312e-06,1.6400124852518426e-06,0.904911538933192,6
0.07910351712490861,0.0035889569940402316,4.2482934904199635e-06,3.136636967873245e-08,1.5214869926321712e-06,1.430219845958758e-06,0.9173002945143524,6
0.5038578606679873,0.049571020484977774,1.3525478377474184e-05,1.1172942831134698e-07,6.99136310093077e-06,4.73620053912084e-06,0.4465457540755891,6
0.8670978721693641,0.07722842819803427,1.3354591967355952e-05,1.4063580749906438e-07,6.123483029703285e-06,1.2400523526595952e-05,0.05564168039827059,0
0.8193137079604922,0.12379991579977119,2.739930899256118e-05,1.914960075623984e-07,9.336575671323924e-06,1.8405487135206533e-05,0.05683104337192986,0
0.8099321752266778,0.13334022168156195,2.430978199403023e-05,1.9097167889049134e-07,9.311011512654402e-06,1.835509170008363e-05,0.0566754362348746,0
0.8057035659887868,0.12964335942316815,2.4011053236085534e-05,1.886249391109417e-07,9.196593912979214e-06,1.4879788844342986e-05,0.06460479852711236,0
0.8060205454901248,0.11900921137628491,5.71774460617508e-05,1.8848959698114087e-07,1.0026517389063533e-05,1.1748053250661147e-05,0.07489110262729191,0
0.8029939743696367,0.13095555808912857,5.908248435196689e-05,1.7718563094057375e-07,1.050337567757179e-05,1.293042098059962e-05,0.06596777407459356,0
0.7441528421728598,0.16113361506350313,3.13432562885623e-05,2.1601683622187259e-07,1.1122939513694911e-05,1.3153186449468716e-05,0.09465770736454897,0
0.21447696850677958,0.012675234239690749,1.6623275954020885e-05,1.1993762811640898e-07,9.374141902694993e-06,9.26752208052583e-06,0.7728124123759642,6
0.2280269610567793,0.014230576217890268,1.6245355446144168e-05,1.1721091591740235e-07,1.0042698438485935e-05,9.150987175042007e-06,0.7577069064733548,6
0.8135594626514234,0.05524008503129079,7.398461321728321e-05,4.163758335258219e-07,4.4723022683416965e-05,3.40394991342984e-05,0.1310472888064173,6
0.8903822790838921,0.06956058033919084,2.4728689749070743e-05,1.8049763391078843e-07,1.4424304310381735e-05,1.4728872653609102e-05,0.04000307821257012,6
0.929249307319237,0.052967338330740514,1.7436011616432267e-05,7.052156738561717e-08,9.184007916556668e-06,1.0927395434736764e-05,0.017745736413487357,0
0.9517721084337226,0.037322811871514046,1.2286080476351876e-05,4.9692192875210565e-08,6.471403141985069e-06,7.699860648267165e-06,0.01087857265830391,0
0.9550567598376221,0.03745161626210813,1.2328480848381565e-05,4.9863685115468595e-08,6.271836255607579e-06,7.726433561955277e-06,0.007465247285918655,0
0.9550560101030021,0.037451586861998655,1.232847117032965e-05,4.986364597168931e-08,6.271831332117196e-06,8.511443269038901e-06,0.00746524142558179,0
0.9558035586921793,0.035359556224890475,1.163980771016515e-05,4.7078282685613505e-08,5.8533666117772e-06,8.035997458145768e-06,0.00881130883286753,0
0.945370196515964,0.045840136377029286,1.4822637998554498e-05,5.412894472067195e-08,6.7299939522971595e-06,9.239505720550761e-06,0.008758820840390476,0
0.9409305684812851,0.04643495996904545,1.545576729136676e-05,6.313353228181396e-08,6.489813345171972e-06,8.721548495476748e-06,0.012603741287005045,0
0.9398217168205498,0.04638023809667504,1.4237444038923264e-05,6.305913176336575e-08,6.48216534164577e-06,8.711270475123979e-06,0.013768551143787468,0
0.8379447189749888,0.11597029445559778,1.5896076775852533e-05,2.1372606628480545e-07,1.1327958112267655e-05,1.0849870682934995e-05,0.04604669893777606,0
0.7193728045677802,0.10489927536856564,1.3106655813229658e-05,1.7578998449099078e-07,1.2853591474891375e-05,8.924033611046698e-06,0.17569285999277034,0
0.8424934551054714,0.14593832862809994,1.978585258455058e-05,2.449887184104283e-07,1.896027940402342e-05,1.0683202507271346e-05,0.011518541943214482,0
0.7782428057098943,0.22171625048536012,8.97706216434753e-06,1.3249547490615142e-07,9.483795832051391e-06,6.242550048749587e-06,1.6107901225370746e-05,0
0.799145012908863,0.20080549163687136,1.0525835417249623e-05,1.6773889939617957e-07,1.0964291470593235e-05,1.1023583606552188e-05,1.6814004871927916e-05,0
0.7720149051009754,0.22794796041842003,1.1634352213728432e-05,1.6425403499131995e-07,1.0736502512826591e-05,1.0759371113956207e-05,3.840000729197093e-06,0
0.7840777099034564,0.21587978006174924,1.2822464464236755e-05,1.795050612082762e-07,1.2753837017145405e-05,1.2185226097027152e-05,4.569002154791355e-06,0
0.7277137171312021,0.2722415404105865,1.2519672252116546e-05,1.8675219816847894e-07,1.5357370518243947e-05,1.2677178813133192e-05,4.001484429679104e-06,0
0.8539009866640844,0.14607128618419218,9.17315501164202e-06,1.3809274557539988e-07,8.349499670645635e-06,7.546951381160366e-06,2.519452914423022e-06,0
0.777941300376599,0.2220166201508303,1.2638914476466718e-05,2.4330265980547616e-07,1.612884888493155e-05,1.0398306029221237e-05,2.670100520210463e-06,0
0.7733936775651846,0.22656337899126014,1.2897751387371265e-05,2.4828534316773556e-07,1.6650712628777733e-05,1.0611256707561154e-05,2.535437488301206e-06,0
0.7280328064901668,0.27191561018259097,1.4353326217498121e-05,2.0575707611265606e-07,1.7644992250700833e-05,1.5886149986917532e-05,3.4931017112347404e-06,0
0.6512532953820865,0.3487105084071644,1.461091860536691e-05,2.0379731875241222e-07,8.273027329049058e-06,9.785377416655801e-06,3.3230900791286267e-06,1
0.6588196816392374,0.3411426351327542,1.6134081522518474e-05,2.0625990760030112e-07,8.357130000375153e-06,9.352148926652644e-06,3.6336076510827345e-06,1
0.661006920002,0.33895837646187593,1.4525897223135019e-05,2.122629459333773e-07,7.504977897254716e-06,9.201983338436335e-06,3.258414719435247e-06,1
0.6190984101267505,0.38085672714058705,1.6252007795982782e-05,2.662766061424147e-07,1.2727093321642415e-05,1.1533390768872653e-05,4.083964169911137e-06,1
0.6094659728980875,0.3904824354727918,2.1268146484232354e-05,1.7941185121308364e-07,1.0363916344193782e-05,1.6429865469107616e-05,3.350288972064188e-06,1
0.5978039861839716,0.4021364124584614,2.6691762362369812e-05,2.0878260452127405e-07,9.367184493941992e-06,1.9119529068904e-05,4.214099037466476e-06,1
0.5283556196109339,0.4715745307132532,3.402852141753535e-05,2.541152293756046e-07,9.852180749362997e-06,2.142232217708304e-05,4.292536239612938e-06,1
0.4700456203483566,0.5298807732384244,3.887599821168701e-05,2.3188919239821608e-07,9.11353078211794e-06,2.070323924275091e-05,4.681755790068197e-06,1
0.5846846969550884,0.4152610709952106,2.561602111540643e-05,1.7839036732066908e-07,8.967539816417335e-06,1.4944294423392922e-05,4.525803978453591e-06,1
0.6386444182947444,0.36129914881539715,2.600641805628983e-05,1.818440204527058e-07,9.087562009177638e-06,1.6543641832814365e-05,4.613423939777363e-06,1
0.5919734023338945,0.40796232585043585,2.5571174340048352e-05,2.5025834130741534e-07,1.4345025562252597e-05,1.899989989270097e-05,5.105457533169926e-06,1
0.3027418423264713,0.6971891554294519,2.5522089129063082e-05,2.2034802030477344e-07,1.5576087685981016e-05,2.116842251533793e-05,6.515296726283496e-06,0
0.2428920031795561,0.7570112007366688,2.8532135360533455e-05,2.479334508610793e-07,3.240296344846094e-05,2.6641811049014957e-05,8.97124046613515e-06,1
0.28084097373365685,0.7190891579279768,2.978245883163078e-05,2.1797111873062438e-07,1.425183607559941e-05,2.054841696338843e-05,5.067655377089708e-06,1
0.26348821871201916,0.7364409163839172,3.180263683685074e-05,2.2350667796174179e-07,1.2540157280264603e-05,2.1102250536351748e-05,5.1963527323454674e-06,1
0.2223866727948043,0.7775364904510315,3.114763327878632e-05,2.2180194175090325e-07,1.997297463537825e-05,2.0695965463718006e-05,4.79837884459119e-06,1
0.1909218453698729,0.8090001127108968,2.655399480027496e-05,2.9726271382049027e-07,3.0239559158205774e-05,1.6677571234213133e-05,4.2735313237704e-06,1
0.18279652450866923,0.8171379311742496,2.685740413066317e-05,3.0065927549145673e-07,1.719576114773646e-05,1.6868131289629798e-05,4.3223612375777495e-06,1
0.14678896071073036,0.8531386399784274,2.56628977739498e-05,2.539119266387632e-07,2.6509748717499708e-05,1.5898781478198036e-05,4.073970945929865e-06,1
0.08899463271811295,0.9109617703989809,1.961095246587461e-05,1.334511185462225e-07,1.1241355727781155e-05,9.223032653762406e-06,3.3880909403060613e-06,1
0.0481603478219579,0.9517845821433253,1.7147629536292488e-05,5.64419560084082e-284,2.7990926330110188e-05,7.3149198690327675e-06,2.616558981260934e-06,1
0.07941816954687256,0.9205135314952035,2.1381623976301307e-05,7.685298899312428e-284,2.6704193578859967e-05,1.0760756842649779e-05,9.452383526048056e-06,1
0.24157626197639473,0.7583619636894977,1.99275969319708e-05,1.0280076226747059e-283,1.920415103371121e-05,1.6495921438914472e-05,6.1466647028869214e-06,1
0.35669861182761076,0.6432336443837684,2.1510281220013116e-05,8.593969822605191e-08,2.496958618035488e-05,1.6763650731208253e-05,4.414330791060608e-06,1
0.49890491748494664,0.5010334909629848,1.9423277631488007e-05,7.027696818207686e-08,2.443064482153538e-05,1.3293439830982976e-05,4.373912816406739e-06,1
0.3030799581584975,0.6945722147393688,1.7341155316663453e-05,1.753309689236719e-07,0.0023045709386086562,1.72096311362278e-05,8.530046103287835e-06,0
0.1308846705173186,0.8637218154828649,0.00017489152514707339,1.5201810170346126e-07,0.004601437383055639,0.0006068299260165549,1.020314749571992e-05,1
0.11472923231198683,0.8791375388529294,0.0001894789534156039,1.5580133833420332e-07,0.004999268098126709,0.0009344007074491915,9.925274754060832e-06,1
0.1886020144250372,0.7981211771367083,0.001039061046148727,1.523713386887179e-07,0.010532088643695647,0.0017027335502106022,2.7728268609002825e-06,1
0.511978815030989,0.47571423196673174,0.000619193571550324,2.883991052039437e-07,0.00900074308864171,0.002682633743481371,4.094199500509029e-06,0
0.6201143514882957,0.3756151067203947,0.0008801850830393966,1.339432577269516e-07,0.002749545081859171,0.00063859470078127,2.082982371868044e-06,0
0.42774887754359575,0.5562584212632438,0.0001797322096076033,2.2619220859025476e-07,0.01537157859314742,0.00043757672478595257,3.5874734109148352e-06,1
0.11577552476952092,0.8828323522902635,2.0276118828196564e-05,1.2793676749087377e-07,0.0013573280600573583,1.1426614357183543e-05,2.964210205409246e-06,1
0.06759895028376132,0.9323597910050306,1.0755687422557702e-05,9.711889031061144e-08,1.4709810592881603e-05,7.366309887545249e-06,8.329784414802121e-06,1
0.08329251607398125,0.9166753018598661,1.1349243272817466e-05,1.0247842552671514e-07,9.578388868216743e-06,7.077972446315115e-06,4.07398313957341e-06,1
0.06977180310245698,0.9302006108805262,1.2818241695243397e-05,9.597290099977327e-08,6.140958305915825e-06,6.6286493510991566e-06,1.9021947637249235e-06,1
0.11961045247869612,0.8803469794851398,2.020950648870062e-05,1.33724868928513e-07,9.224561476130184e-06,1.0349799894445914e-05,2.6504434356550353e-06,1
0.11806024229164856,0.8819023178507985,1.70735363484155e-05,1.2783319683311657e-07,7.942655418706434e-06,9.893806721899664e-06,2.402025866941715e-06,1
0.14405859401646134,0.8559047604849302,1.5915207236994603e-05,1.1916054049080361e-07,7.4037975742782995e-06,9.222575869961267e-06,3.984757386594089e-06,1
0.24420102461944582,0.7557234748067595,2.5123302986602594e-05,1.8299435051716587e-07,1.997192295310937e-05,1.506547880305433e-05,1.515687470123611e-05,1
0.43254537621868433,0.5673671273547327,3.345804578038682e-05,2.2103772191344434e-07,1.604910008612187e-05,1.820299066770252e-05,1.9565252326695325e-05,1
0.7160774828901708,0.2819530947804675,2.8441724440174503e-05,1.8653311597555001e-07,1.7798282865082358e-05,1.2583479940303931e-05,0.0019104123090001289,0
0.6911678185277903,0.3064163572540505,2.8574024851864495e-05,2.671994522929937e-07,1.7881073912277066e-05,1.1590323507383023e-05,0.0023575115964352533,0
0.7260346146552319,0.27180039431376773,3.042611477095042e-05,2.224977865914406e-07,1.8756490621045294e-05,1.3525521504942486e-05,0.0021020604063168285,0
0.7366246555941459,0.26063707207208725,2.8180818354404164e-05,2.2517781032207658e-07,1.7640031604627183e-05,1.325880379595632e-05,0.0026789675022016036,0
0.8494678369253386,0.1423609760783253,2.616342534249205e-05,2.020366659902533e-07,1.4589791310060834e-05,1.1896218859764363e-05,0.008118335524157787,0
0.8191601342745717,0.17368018940295968,4.489156819659801e-05,3.5407462815965756e-07,2.7442886210606888e-05,2.0729619286277445e-05,0.007066258174146931,0
0.7898108594887556,0.19760833567144767,4.490879368277663e-05,3.3357765848445777e-07,2.811956411630581e-05,2.1462258214479958e-05,0.012485980646124883,0
0.7623721814439964,0.22566758184159008,4.477759635003994e-05,3.3260313889787414e-07,2.8037415131502588e-05,2.1399557999191706e-05,0.011865689541793753,0
0.8837832719633106,0.11069950641448492,2.9007937785149342e-05,2.3264341752121948e-07,1.5878789853445523e-05,1.176771238961853e-05,0.005460334538758688,0
0.8330373677132962,0.1651498459979128,1.8233029981951525e-05,1.7258450222578743e-07,1.4871453721751012e-05,1.2474642098093938e-05,0.0017670345784867832,0
0.8697861783714207,0.12301098672336855,1.4230601799802297e-05,1.520621698096123e-07,1.2811733007917332e-05,1.05316507614858e-05,0.00716510885747154,0
0.7257168326972225,0.27217916510144113,2.051336202062651e-05,1.6962050023193127e-07,1.401507479111645e-05,1.2440595083230234e-05,0.002056863548941146,0
0.7017240261945261,0.29592269373663405,1.9947672712912855e-05,1.649429391742283e-07,1.3628586318472625e-05,1.2097525448272195e-05,0.002307441341420858,1
0.5223893273246408,0.47308585931119534,2.2305134620608857e-05,1.6997378392294435e-07,1.3307306109899979e-05,1.2466506216279558e-05,0.004476564443433047,1
0.39786114398110767,0.5924534896570274,2.00098846474087e-05,1.6694624433931304e-07,1.3877944460723605e-05,9.108360500627071e-06,0.009642203226011708,1
0.38388917305430276,0.6099077978416507,1.9659300267391845e-05,1.474853185532827e-07,1.2688834425713182e-05,8.33063306514911e-06,0.006162202850969627,1
0.7670914999223309,0.22322401037627143,1.8935301190500672e-05,2.2799887770986486e-07,1.5037751289597405e-05,1.1697434797853576e-05,0.009638591215242055,0
0.7769926760727995,0.2117662573457001,2.310325639721769e-05,2.5134861473395313e-07,1.628500366299965e-05,1.2895388178720075e-05,0.011188531584646702,0
0.6662810394031315,0.31350952703674956,2.7621899244539728e-05,2.9844063849549284e-07,2.0264246066461723e-05,1.8687791698088495e-05,0.020142561182471305,1
0.5799099307865276,0.39293062585440436,2.636688116584083e-05,2.48149404187339e-07,1.6849449904169293e-05,1.577171764348243e-05,0.02710020716095035,6
0.7741515939895574,0.20854172781734534,2.2596569605777356e-05,2.9960755134763474e-07,1.99589043019853e-05,1.84062039561835e-05,0.017245416907681933,0
0.6632039129251428,0.31827243341148165,2.0115449604796593e-05,3.682730799295288e-07,2.0346615519679267e-05,1.79581763329675e-05,0.018464865148838275,0
0.701936021697939,0.2818841779305268,3.0739430660427186e-05,2.4679373042049297e-07,1.643448231013327e-05,1.5298887966766863e-05,0.01611708077686654,0
0.7868294991032715,0.20495992841056773,2.9424898229848558e-05,2.518295838679904e-07,1.6663386749171625e-05,1.4045217353892265e-05,0.008150187154243932,0
0.8410363790065175,0.15518361431940417,2.3713129886360156e-05,2.607330200797817e-07,1.5346897573205426e-05,1.2800566202851326e-05,0.003727885347395889,0
0.888929852325865,0.1090154265529785,2.1100835660946506e-05,2.66963692661582e-07,1.4210661621708301e-05,1.1581609713667588e-05,0.00200756105046732,0
0.01909057785816924,0.0004598635091694561,9.563597499010451e-07,1.4583157959916404e-08,4.408213033289838e-07,4.804896950849316e-07,0.980447666378755,6
0.1638017447431978,0.004714040234227624,6.045397899224834e-06,4.9182982056848535e-08,2.4000052969934647e-06,2.921795733272539e-06,0.8314727986406629,6
0.38426946389965677,0.031328717917955044,1.0350072648403666e-05,8.54984694599027e-08,5.5604111970441135e-06,3.479359773964495e-06,0.5843823428402992,6
0.71165561659377,0.05879524521032841,1.3711139569205775e-05,1.5681478246676986e-07,9.523455245619996e-06,6.580024166792154e-06,0.22951916676213752,6
0.8160436609355884,0.07103446656146241,1.1649214175879163e-05,1.2052796712599808e-07,5.854453150892446e-06,7.998004511738644e-06,0.1128962503031434,0
0.8425326399464255,0.07631672802993315,1.1984698003342694e-05,1.2949066182114163e-07,6.289801704839407e-06,1.141780338124933e-05,0.08112081022989029,0
0.8266495410242443,0.09481131867361571,1.6395082799384548e-05,1.7265489759190104e-07,7.808377067463337e-06,1.5829989019603906e-05,0.07849893419835596,0
0.8090828658398732,0.12987700766529692,2.3869716401370445e-05,1.875146316379567e-07,9.964136424878403e-06,1.479220158876489e-05,0.06099131292578339,0
0.8061988132957394,0.13051013246799,2.3784630535358854e-05,1.8684621796456072e-07,9.928618316388445e-06,1.4739473384489877e-05,0.06324241466781656,0
0.742527142303258,0.1438961490835944,6.686186301718598e-05,1.9334151527387775e-07,1.188635301095745e-05,1.4632966874058302e-05,0.11348313408873022,0
0.7717977142767115,0.11999344773906011,6.315651301913103e-05,1.649082247556864e-07,9.775584102027693e-06,1.2034456507195707e-05,0.1081237065223753,0
0.46881363205213783,0.01402402653484617,2.9571660691551597e-05,1.4784561787275972e-07,1.0959423560347514e-05,1.0199741583805779e-05,0.5171114627415624,0
0.5661623309717216,0.015887108861613895,3.4889491713823885e-05,1.6540516583376646e-07,1.3415260142543562e-05,1.24853452355422e-05,0.4178896046644068,0
0.2654804714406102,0.038679578796648094,1.5215180333172471e-05,9.868414489634111e-08,7.624269223261529e-06,7.319511867748458e-06,0.6958096921171726,6
0.1340611266991766,0.008079730470304778,1.0390556707989492e-05,7.496829925775632e-08,5.85940781456695e-06,5.852986811619851e-06,0.8578369649108852,6
0.1377505578825187,0.00814083022510555,1.0676510174699948e-05,7.703146542571136e-08,6.020661732382288e-06,6.014064020130377e-06,0.8540858236249831,6
0.6912387177593303,0.07599905665995978,2.70175591434414e-05,2.27939517813019e-07,1.4375851777342888e-05,1.496866892268443e-05,0.2327056355613488,6
0.8577926238729968,0.05939701851814225,2.1675422942549633e-05,1.5821147803808925e-07,1.2121666010799206e-05,1.2008939373968046e-05,0.0827643933690556,0
0.929675969740292,0.055567295372568305,2.0277863418449407e-05,8.201570077831444e-08,1.0952593605835992e-05,1.12346427136023e-05,0.014714187771701004,0
0.9465473034516085,0.03892202742922351,1.4203598553557907e-05,6.640125726533531e-08,6.939648384317543e-06,9.806010950957074e-06,0.014499653460021687,0
0.8292680613824047,0.1098979741935739,1.5519858903495613e-05,2.3191574950115423e-07,1.220062402326705e-05,1.050750890314525e-05,0.06079550451644203,0
0.8323460816925216,0.11663936111031183,1.4537818115428787e-05,1.9546399542398651e-07,1.4549094359051343e-05,9.9227909369463e-06,0.05097535202975963,0
0.823076780478664,0.17682369010182034,1.1329501088430624e-05,1.767572676095292e-07,1.4644523212382078e-05,9.083620106750983e-06,6.429501784081679e-05,0
0.8199423749629761,0.18002150900877384,1.1144817039787127e-05,1.7373591456185487e-07,1.3548460354788052e-05,8.497959851968939e-06,2.7510550892460777e-06,0
0.7817506496439411,0.21821952686293597,9.567064043482464e-06,1.805636995606102e-07,1.0107101904773577e-05,7.256499643900036e-06,2.7122638312479655e-06,0
0.8015108421644017,0.19845252706928096,1.1339871352177638e-05,1.6476296844614487e-07,1.0769769064341617e-05,1.07927085227636e-05,3.563654409694992e-06,0
0.7989958072996615,0.20095614881401397,1.4355505796093575e-05,2.0584950281726204e-07,1.5500048346017606e-05,1.3763591652216125e-05,4.218891027530783e-06,0
0.7728649450328369,0.22708554330610234,1.774621009785202e-05,1.839897349550526e-07,1.5594074555187636e-05,1.204509273011301e-05,3.942293942795976e-06,0
0.7345518457836397,0.2654063380922545,1.189956753998112e-05,1.7755505456452212e-07,1.388172651686797e-05,1.20528550558715e-05,3.804419938392342e-06,0
0.7474902911222858,0.25246585956874484,1.4923094522969791e-05,1.7733337126128736e-07,1.3994085461196498e-05,1.1519411472777025e-05,3.2353841411948946e-06,0
0.7878108704138062,0.21214331401591058,1.3170855399099512e-05,2.0243875648213197e-07,1.6333472040447655e-05,1.3404828589383057e-05,2.703975497767051e-06,0
0.785611073993147,0.21435497128843248,1.191450099286152e-05,1.716695475714688e-07,1.1075128067684778e-05,7.734801591650808e-06,3.058618220652116e-06,0
0.7694605838674252,0.23050586674248952,1.2340397660402253e-05,1.778060604034136e-07,9.851944138784868e-06,8.011290403389256e-06,3.1679518224735926e-06,1
0.6272695555110194,0.3726919191128371,1.625867652443087e-05,2.0785274407791785e-07,8.421667707521702e-06,9.975511080932309e-06,3.661668086478679e-06,1
0.8287563873083279,0.1712139395505481,9.96397179981014e-06,1.0188959073284715e-07,9.487411364568771e-06,7.3945383468589194e-06,2.72533002192253e-06,0
0.5172058481233534,0.4827230762370905,3.7524313973225134e-05,2.5228314453500936e-07,8.796661338718731e-06,1.9983405837647012e-05,4.518975262213857e-06,1
0.4470967967410418,0.5528301200911461,3.71395832564824e-05,2.1550092809612069e-07,9.525204053191268e-06,2.1388593850973746e-05,4.814285723291625e-06,1
0.5527994590979575,0.4471437990804179,2.633131553189131e-05,1.8561146688197107e-07,9.330538664431836e-06,1.674780010658818e-05,4.146555854694602e-06,1
0.6103178622839259,0.38962414796844064,2.3679687594290422e-05,2.2038617476926955e-07,1.0553456589392246e-05,1.6816467936673753e-05,6.719749338292824e-06,1
0.8415051832015551,0.15845724721200813,1.612975568755384e-05,1.3606553987260282e-07,5.977879082292034e-06,1.2356838490143312e-05,2.9690476368145525e-06,0
0.4801678583158284,0.5197586022100198,2.77866370563657e-05,2.4762905159518543e-07,1.4261088758549982e-05,2.4097543330899372e-05,7.146575954443635e-06,0
0.18691705861592334,0.8129501513986733,4.091533630883845e-05,2.5667810404304716e-07,3.4434513063384654e-05,3.0338741700713444e-05,2.6844716226174647e-05,1
0.22690980569448513,0.7729648777242963,3.685068581989698e-05,2.495688233998979e-07,3.2616693852389566e-05,2.949844162948409e-05,2.6101191093210547e-05,1
0.26408324128929367,0.7358385491524971,3.000642720199743e-05,2.3424777254108252e-07,2.1093705413144075e-05,2.1807550607429435e-05,5.0676272140848475e-06,1
0.1702243288317088,0.829683527394441,3.5077481464094867e-05,2.464053997682072e-07,2.8166138925605663e-05,2.3679979788867503e-05,4.973768271897439e-06,1
0.18617691105772766,0.813738680963217,3.235799818986987e-05,2.2474556882641795e-07,2.5690244290238652e-05,2.1598433039427984e-05,4.536557967195205e-06,1
0.2216927171238978,0.7782202862890957,3.003317228260936e-05,5.853184806463561e-85,3.2886998141403734e-05,2.0782057373873822e-05,3.2943592088696737e-06,1
0.12493512693482052,0.8750038849555214,2.466244452175198e-05,2.454580465611673e-07,1.7120894728061604e-05,1.4990202253016507e-05,3.969110108561347e-06,1
0.1411395489543037,0.8588025759234871,2.4188545323729098e-05,1.667427712039346e-07,1.9082593630821486e-05,1.253289644463711e-05,1.9043440389334284e-06,1
0.40329450740191886,0.5949726621999502,1.4845569230738213e-05,1.5009888268214837e-07,0.0016982074551818735,1.3484307385733061e-05,6.142967449915223e-06,0
0.45883567074202686,0.539836174518259,1.4694998903909685e-05,1.4157109974628053e-07,0.0012745571795085365,1.724426388069445e-05,2.1516726321251406e-05,0
0.34507424045317564,0.6385634797478958,0.0006259713531527719,2.508045024269787e-07,0.013227121901282468,0.002505199059383751,3.736680607199714e-06,1
0.3030449695992917,0.693197681115392,2.6904612890838875e-05,2.574572864035018e-07,0.0037007611069002355,2.4395404138240935e-05,5.030704100430366e-06,1
0.14019776427873482,0.8573454880752396,2.5792421601094093e-05,1.962448132162247e-07,0.0024117246187439325,1.5142725389727535e-05,3.891635477435628e-06,1
0.11780227185187561,0.880467915296626,2.3763429630144882e-05,1.8080697816085845e-07,0.0016874370118215587,1.5032402227752258e-05,3.399200840607486e-06,1
0.09584459700354296,0.904118950242742,1.685564507661548e-05,1.2620179855288748e-07,8.07519596648123e-06,8.894375622637584e-06,2.5013352506718304e-06,1
0.17259069652436532,0.8273713824551682,1.6014886769127048e-05,1.2184176580592076e-07,8.272701759154777e-06,9.435036056701116e-06,4.076554115664785e-06,1
0.20780889942413255,0.7921165163331387,2.340453025180511e-05,1.8584923151156934e-07,2.028350340955179e-05,1.4072344525692507e-05,1.6638015310178597e-05,1
0.44430460848797787,0.5556304020743342,3.242569385928353e-05,1.8332882228184974e-07,1.501944813423424e-05,1.3725462131377641e-05,3.6355047409199646e-06,1
0.443950861327377,0.5559833490076935,3.391487551664814e-05,1.9174837748375713e-07,1.493530956881508e-05,1.2945262620094483e-05,3.8024688465744093e-06,1
0.41564354850073343,0.5842949185598014,3.037519959946558e-05,1.6049869115687056e-07,1.459842747246401e-05,1.2682113661811833e-05,3.7167000400798782e-06,1
0.47744307577194184,0.5224914851434975,2.1146837010265446e-05,1.6522669109200214e-07,1.5028470631354149e-05,1.3004453973178513e-05,1.6094096254880743e-05,0
0.7349232340899543,0.2628320418048993,2.9471124938347577e-05,2.7558835280676357e-07,1.596591072225617e-05,1.1661553075978528e-05,0.0021873499280569094,0
0.8807605475222448,0.11720434237250715,1.90185289901902e-05,1.8386836893029247e-07,1.4989346415935283e-05,1.1528091592366125e-05,0.001989390269880647,0
0.6241792573698706,0.3725868522833117,2.4375685418983824e-05,1.8417801305440314e-07,1.4705923699706298e-05,1.351537829718169e-05,0.003181109181388713,1
0.5144700636649335,0.4813073909138295,2.310759667940061e-05,1.7608885630010924e-07,1.3786057233332155e-05,1.2915008250201951e-05,0.004172560670217583,1
0.4368281005836959,0.5565806181865701,1.8009697789472064e-05,1.4985444226436573e-07,1.289266094077816e-05,7.652617832710374e-06,0.006552576398728497,1
0.4383414723896653,0.5549874488318753,2.1651367995814786e-05,1.6242993710583048e-07,1.3974588100918567e-05,9.174772228837578e-06,0.0066261156201967,1
0.5493392279586163,0.4365909993751665,3.392719695265662e-05,2.1821903610018004e-07,1.8140160476540855e-05,1.1201551101508246e-05,0.01400628553865018,1
0.8380158830291573,0.07816662717439156,1.2205367980814029e-05,1.7389640661018475e-07,1.0329050208447774e-05,8.338017176831828e-06,0.08378644346467845,0
0.7301176371352895,0.2600998976597195,1.802261837740763e-05,2.1700931620266848e-07,1.4312930648430703e-05,1.1133617640161184e-05,0.009738779029008706,0
0.7624022783577223,0.21298475824460608,2.3236192300418295e-05,2.5266242064949785e-07,1.6378707409058006e-05,1.4352891541345927e-05,0.024558742944000005,1
0.7907490201969534,0.2020849580386978,3.00102550127146e-05,2.568392921052793e-07,1.733194647816816e-05,1.4324622338769625e-05,0.007104098101227269,0
0.7923490830705486,0.20161473061799695,2.8944647746895912e-05,2.477194157263829e-07,1.5039727478913011e-05,1.3815982154344851e-05,0.005978138234658655,0
0.8844392606661411,0.1132025450337168,2.4842250309280275e-05,2.730834505423202e-07,2.6071261010749494e-05,1.1853311947564612e-05,0.0022951543934238506,0
0.8786165436018435,0.11931567469254369,1.8400364986671e-05,2.6205645045753765e-07,1.389842938165403e-05,1.1368720225171769e-05,0.002023852134568783,0
0.8950594432410213,0.1011408194206706,1.765899116327294e-05,2.5149786682278015e-07,1.607058506192034e-05,1.091066020372198e-05,0.003754845604012375,0
0.010504895911986604,5.692996124945404e-05,5.813379083837483e-07,5.916328918742282e-09,3.1509536557119776e-07,3.1009503556915256e-07,0.9894369616821254,6
0.0020899268454484046,2.237255069891429e-05,2.0718878509176657e-07,1.6154450309743747e-09,8.192574602052088e-08,1.0562491983269736e-07,0.9978873042489568,6
0.0019384147028234024,2.3797732096305236e-05,2.1029658117462617e-07,1.7803248343144518e-09,9.028746717683014e-08,1.1640548845366898e-07,0.9980373687952188,6
0.005357773322009818,8.267263838827993e-05,7.585958528118287e-07,4.909998864022959e-09,2.741648987213586e-07,2.808868759192309e-07,0.9945582354819756,6
0.17196793570566277,0.002428631023661143,6.3467858592038465e-06,6.022312734881757e-08,2.5196554362328412e-06,3.0674592727459797e-06,0.8255914391469805,6
0.5646559052926714,0.05572929479341436,1.5772689371867497e-05,1.2112803039608388e-07,9.09517102510342e-06,5.718204048129527e-06,0.3795840927214387,6
0.7865796400567113,0.0684697005984657,1.0775529580174309e-05,1.2496637558686383e-07,5.747322393361262e-06,5.243649600267987e-06,0.14492876787687364,6
0.7995360783332945,0.069597524666676,1.1413564572229687e-05,1.2702480559125956e-07,5.736024599080872e-06,5.703782000205027e-06,0.13084341660405246,0
0.8401014539414134,0.07312863452651416,1.1688984547015248e-05,1.240812535778599e-07,6.02704835481204e-06,7.437708346670445e-06,0.08674463370957024,0
0.8187150810993983,0.07305304304415189,1.4806297812611125e-05,1.3588546661699256e-07,6.722354830707457e-06,1.184059735971482e-05,0.1081983707209803,0
0.7928219521257583,0.10414919765069393,2.941816544937572e-05,1.7918305695453007e-07,9.745872714896857e-06,1.4134960438074066e-05,0.10297537204188847,0
0.8034769424240767,0.10613182646080126,2.3153738028965314e-05,1.818900813289055e-07,8.868229316150237e-06,1.4023978894812366e-05,0.09034500327880077,0
0.8009273072604255,0.11379509767793317,2.362910956292986e-05,1.8562448338813625e-07,9.050303751314608e-06,1.4311906500764087e-05,0.0852304181173431,0
0.7863328732837752,0.1173890742774614,2.404302521889816e-05,1.780090289108612e-07,1.0552185833159294e-05,1.2413871596105815e-05,0.09623086534708623,0
0.33872670833238405,0.014974827122857139,4.040439464529344e-05,1.1709698650363644e-07,8.605294170299382e-06,7.942311830101364e-06,0.6462413954471264,6
0.40558469192783864,0.015089179903008893,4.8379426693042416e-05,1.4020962631075482e-07,1.0303809824126634e-05,9.509967822335183e-06,0.5792577947551867,6
0.37739573212693633,0.008103139287570628,2.3256837391982713e-05,1.0216972391381936e-07,8.942421009322514e-06,8.322552999839808e-06,0.6144605046043681,0
0.4984390575338967,0.013605284631719563,3.071607632006814e-05,1.1674389919564405e-07,1.0587033769052332e-05,1.0119256585174893e-05,0.4879041187238101,0
0.35777564499585324,0.05197654209806651,2.6968915107518547e-05,1.2785505482008559e-07,9.295484617983624e-06,8.976774324340927e-06,0.5902024438769755,6
0.22927970953609772,0.04143949119795296,1.8716402400381152e-05,3.941805848024592e-08,6.451057816865322e-06,6.374037705300976e-06,0.7292492183499683,6
0.21205432647013958,0.051013146412649,1.4280840926269839e-05,4.3468516765078706e-08,7.23935922379488e-06,7.029010954280548e-06,0.7369039344375904,6
0.28916883698824364,0.048626229111956486,2.1151341585148155e-05,1.3718549580316073e-07,1.0236679002347925e-05,1.025681742635128e-05,0.6621631518762904,6
0.15858443654485066,0.009712654216805816,1.2167877969013364e-05,8.779174615460619e-08,6.861668846243116e-06,6.854149520523167e-06,0.8316769377502616,6
0.09351574060814248,0.005385930451258936,7.609805177738885e-06,4.282699923759229e-08,5.103786812638471e-06,3.5375859905657753e-06,0.9010820349356183,6
0.10236880096037126,0.00685421235776195,9.180041086303353e-06,5.166408382625594e-08,6.156921437728043e-06,4.267544829495145e-06,0.8907573305104295,6
0.5468934199916903,0.06583074049656237,2.340273686264672e-05,1.97442282911467e-07,1.5145711017827473e-05,1.2965931456717091e-05,0.3872241276901273,6
0.8518613175226453,0.05898631096094977,2.1525545722615956e-05,8.706206766684088e-08,1.4623519437752699e-05,1.1925902173148807e-05,0.08910420948700364,0
0.9137827267154108,0.05382262466137548,2.2551932824189527e-05,8.23545933796605e-08,1.1242165885067757e-05,1.276093599573119e-05,0.0323480112339153,0
0.8508011098785546,0.11129449081725445,1.67823675927426e-05,3.206864819003848e-07,1.3718925946666743e-05,1.1362273200620468e-05,0.037862215050969164,0
0.8380491967184075,0.13758511066136794,1.6530152186857364e-05,2.2573220212611065e-07,1.7469407548966703e-05,1.0364919247083361e-05,0.02432110240903941,0
0.8468837486219222,0.13631340945357617,1.678733062536794e-05,2.2570916010122933e-07,1.7467624327434224e-05,1.0363861229109254e-05,0.01675799739915994,0
0.8471404310955242,0.13910851081729766,1.7431484054798885e-05,2.3436993725382076e-07,1.813788158069432e-05,1.0761537125406246e-05,0.013704492814479873,0
0.8064285122439943,0.19351760629677628,1.2105278497711238e-05,2.0315022912020374e-07,1.5466823386615878e-05,9.317544045209439e-06,1.6788663070800976e-05,0
0.7769758506028398,0.22299233660492124,9.508630055302498e-06,1.5095962267873044e-07,1.0045369457854338e-05,8.603213547557876e-06,3.5046195553972027e-06,0
0.7782013641870735,0.22176860658578315,8.883918210725208e-06,1.5228523672218037e-07,8.843548652598925e-06,8.614080550752179e-06,3.5353944925436135e-06,0
0.7716929759384079,0.2282590973294672,1.8306480265199172e-05,1.8979852224118438e-07,1.2820834538404418e-05,1.2425371453423584e-05,4.18424734558114e-06,0
0.7551311222604643,0.2448177369148038,1.4487972454266535e-05,2.656586031489264e-07,1.9313509419854457e-05,1.3890596371974762e-05,3.1830878827995457e-06,0
0.7567642707212257,0.24319464300636437,1.1879503207295688e-05,1.9199841210186117e-07,1.287330030600549e-05,1.2881947193591894e-05,3.2595232909518947e-06,0
0.7502075773269901,0.24975063055455615,1.1797999608586468e-05,1.9717426294895183e-07,1.3220335896374543e-05,1.322921588484938e-05,3.3473928009228132e-06,0
0.7531909843692862,0.24676773184254203,1.1657090103138353e-05,1.8563353925230303e-07,1.306243870576434e-05,1.3071212636023727e-05,3.307413187448735e-06,0
0.6276894728207463,0.3722740320473068,1.555729730799816e-05,2.120778430159605e-07,7.252498745307547e-06,9.803782578854618e-06,3.669475471818591e-06,1
0.553099171063016,0.44685934963686524,1.5481624331685447e-05,2.148910403002649e-07,1.157686699521838e-05,1.0491046742626342e-05,3.7148710089129216e-06,1
0.5628824904139175,0.4370758924771788,1.5495963806616093e-05,2.4215036297986775e-07,1.1973696967607e-05,1.0194582850514147e-05,3.710714916023912e-06,1
0.5948557333009449,0.40509822927287714,1.6334669906542074e-05,2.545246845417613e-07,1.4520137088783284e-05,1.102437307456946e-05,3.903721423693303e-06,1
0.8444228632407845,0.15531698265800933,1.259330216345781e-05,1.5435127456304884e-07,0.00023444310569125117,9.6998452437938e-06,3.263496833226275e-06,0
0.677878650624027,0.3220724276799192,2.06450336727944e-05,1.8112629711382473e-07,8.126364002690984e-06,1.658686800440716e-05,3.382304076727656e-06,1
0.6133022272591246,0.38665192572767554,2.0538356640838676e-05,1.5740233630347062e-07,7.559905619632641e-06,1.4414316515344358e-05,3.1770320876701287e-06,1
0.6091648072227097,0.3907780159476652,2.1519110772413508e-05,2.0152075440982996e-07,1.2163963595151835e-05,1.862505530873893e-05,4.667179194357152e-06,1
0.5697070780660287,0.4302303336940133,2.3614788464724478e-05,2.0924732380972845e-07,1.2696940447719522e-05,2.122113877044887e-05,4.8461249513466555e-06,1
0.5518143894312224,0.4481196770114282,2.5655556562610453e-05,2.2095102212598284e-07,1.4384385553300517e-05,2.0555484015818906e-05,5.117180195451035e-06,1
0.5537339108438106,0.4461939843774054,2.554530762950433e-05,2.542897287097735e-07,1.869677572493642e-05,2.2513215426296186e-05,5.095190274644467e-06,1
0.5831367797649857,0.41679333321871675,2.4233666333814633e-05,2.2888668358757137e-07,1.4666969511871933e-05,2.5456525286890602e-05,5.300968481553151e-06,1
0.7032625289473022,0.296677553402772,2.005935298359675e-05,2.134924279175621e-07,1.2718219080585063e-05,2.26739138225392e-05,4.2526716112055906e-06,1
0.5898434938232654,0.410086877082815,2.5498856454138955e-05,2.159857440157065e-07,1.5291385857697695e-05,2.2113499990860848e-05,6.509365872813369e-06,0
0.18524284789651324,0.8145742028453551,3.162177334483006e-05,2.2476443021907225e-07,0.00012489782092851888,2.0979304954845383e-05,5.225594473301914e-06,1
0.3751160129020907,0.6247794976545135,4.026642605554121e-05,2.615012449443278e-07,3.476481391507636e-05,2.353948371018816e-05,5.657218470090384e-06,1
0.2464778753429125,0.7534373364133041,3.113424954130324e-05,2.4594241516327933e-07,2.4808142863291096e-05,2.3635486177536093e-05,4.964422786203809e-06,1
0.12152751124160056,0.8784162912703846,2.373716235291501e-05,2.3624898565561566e-07,1.3976077163002706e-05,1.4427801926489971e-05,3.820197586675561e-06,1
0.11007337143612725,0.8898733041287085,2.270865556948016e-05,1.9052721685813947e-07,1.7915093294575756e-05,1.0390881960450597e-05,2.1192771229849375e-06,1
0.12609597718483648,0.8738516599059392,2.2299799613667608e-05,1.856459648617331e-07,1.7592542601514514e-05,1.020380025661846e-05,2.081120787789374e-06,1
0.08794014742663057,0.9120001565599178,2.1797302216858904e-05,7.392486686598051e-284,2.4531716640575258e-05,9.504865995464887e-06,3.862128598621052e-06,1
0.5022617948451737,0.4976823882937806,1.6211882426790446e-05,1.6043339401158624e-08,2.3749420391517827e-05,1.3473212931008806e-05,2.366301956864427e-06,0
0.5301103489615218,0.46979769932467763,1.640779177618763e-05,1.7607986142063684e-08,5.815908644431255e-05,1.4787204873390904e-05,2.580022720482287e-06,0
0.5203781744883604,0.47938623047194895,1.557487818505968e-05,1.6714146729047674e-08,0.0002029760327074022,1.4036557614951447e-05,2.9908570366499106e-06,0
0.45026161260907593,0.5488127922092877,1.2127652866158414e-05,1.4349572325527276e-08,0.0008949387889071504,1.305792462894974e-05,5.456465661630956e-06,0
0.41084036734121065,0.5881510906321822,1.327556052969153e-05,1.57077893047467e-08,0.0009749839423026113,1.4293884457024641e-05,5.9729315283502685e-06,0
0.15922612762549468,0.8279751714058623,0.0012629143927647833,1.3243777267546344e-07,0.009991315767669512,0.001541733353062725,2.6050173734703263e-06,1
0.17498534757192707,0.8113917913192035,0.001726680219278876,1.3269075744892818e-07,0.010335289809358952,0.0015581483959544345,2.6099935197523545e-06,1
0.1573056308789623,0.829137830957515,0.001534951047445639,1.340917479728262e-07,0.010444413032129195,0.0015745998141204606,2.4401780794464716e-06,1
0.38324320733742917,0.6024357261353761,0.00018435766664463233,2.513875098567151e-07,0.013710697982599213,0.00041804972357108183,7.709766870001249e-06,1
0.2611268307769955,0.7267699199009078,2.616755100008554e-05,2.2943915117749863e-07,0.012046796207442164,2.1740541494474113e-05,8.315583008797695e-06,1
0.26280553918130384,0.7298699059509417,2.6279166851048217e-05,2.3041780776262374e-07,0.007266391143546651,2.4015906995979694e-05,7.638232553151048e-06,1
0.10044668454289632,0.8975935444052905,2.4066575721277e-05,1.6696811394653044e-07,0.00191631801178948,1.6080468264773682e-05,3.1390279238932556e-06,1
0.055051190873558406,0.9449194519312488,1.0299332436357045e-05,8.519051026724131e-08,9.323093477357376e-06,6.262868827882324e-06,3.3867099411077524e-06,1
0.04427208508769153,0.9557017021786047,9.876996765480789e-06,6.222369270586015e-51,7.5881378614341334e-06,5.499764973237839e-06,3.24783410387466e-06,1
0.503553535664024,0.4963741832666983,3.6697428471292807e-05,2.074804126508578e-07,1.6998098050770034e-05,1.4263619155948875e-05,4.114443187119641e-06,1
0.3606127135482867,0.6393155870021355,3.5378272019046915e-05,2.1840804401251685e-07,1.7002921626241626e-05,1.4770973452696063e-05,4.328874435888874e-06,1
0.5514669077835458,0.44846763034999454,2.2673866950575712e-05,1.928925870003532e-86,1.5031746957262313e-05,1.1658647656269892e-05,1.6097604895634807e-05,0
0.7083743927885873,0.29126499639260933,2.813576709443755e-05,2.0574910565122718e-07,1.760682065625847e-05,1.4865024397103604e-05,0.0002997974575499677,0
0.7359090515401332,0.2628176013171438,3.042370168826706e-05,2.8449602287302363e-07,2.0487626629488992e-05,1.1036999859288117e-05,0.0012111143185230715,0
0.7101456168102469,0.287005603459081,2.9063364852343503e-05,2.1253237224753642e-07,1.7551584676379155e-05,1.1500204776748365e-05,0.0027904520439943365,0
0.7667056920847141,0.2304327680739864,2.7432010368972714e-05,2.00602726795644e-07,1.5706629226347748e-05,1.085468727670852e-05,0.0028073459117007446,0
0.6921165988497773,0.30016303973439085,4.346597935272123e-05,3.142735722158412e-07,2.052254608676975e-05,1.6859941991641024e-05,0.007639198674828452,0
0.6585647251502239,0.3336752339368469,4.339447478235762e-05,3.057488020188811e-07,2.0488785065792964e-05,1.8359537634429355e-05,0.007677492366644548,1
0.8732258704735133,0.12284858620281737,3.2495104634522346e-05,2.4824943882068386e-07,1.381531904680251e-05,1.371216136953902e-05,0.0038652724891796984,0
0.8286511254158162,0.1687255956080735,2.2087566591548046e-05,2.431249702325214e-07,1.740819110124255e-05,1.3388390387668223e-05,0.002570151703059802,0
0.827921802053748,0.1696248666879812,1.9429630470839052e-05,1.8784283818344668e-07,1.531335373052454e-05,1.1777280976314893e-05,0.002406623150254917,0
0.8499071638211645,0.14856462538820686,1.2958173405298455e-05,1.5975603709398023e-07,1.249869738738635e-05,9.970479684335074e-06,0.001492623684114645,0
0.7703935310208359,0.22620404583684017,2.3758232533187226e-05,2.468274645688602e-07,1.809397735071503e-05,1.4309555903200413e-05,0.003346014549072222,0
0.7481934515992533,0.24965353428077586,1.7347156799620934e-05,1.7092776216523e-07,1.4130492351748103e-05,1.2543046419288942e-05,0.0021088224966379814,0
0.6760200765095622,0.3199760896241215,1.758983836235642e-05,1.7274803069325455e-07,1.255170994616824e-05,1.267662163465104e-05,0.003960842948342418,1
0.44757603294901827,0.5453545646753569,2.1543896967956375e-05,1.6162368263271292e-07,1.3905222352417413e-05,8.356092589121035e-06,0.007025435540032645,1
0.4908854529951854,0.4933448811631306,2.9736336906281818e-05,1.951868474353666e-07,1.6225535584174115e-05,9.894706209501489e-06,0.015713614076136646,1
0.5491607925159729,0.4295846125516498,3.271172832673673e-05,2.1471706977160015e-07,1.7849048242158526e-05,1.0884761711510994e-05,0.0211929346770272,1
0.841123454489145,0.09042701375081633,1.6359855345736e-05,1.6884933088622848e-07,1.059757107176243e-05,8.667320881709284e-06,0.06841373816340852,0
0.8338045832107085,0.08431553153941017,1.356680616435668e-05,2.45337413582586e-07,1.1794324208876977e-05,9.194400196056424e-06,0.08184508438189839,0
0.7920540853670506,0.19880327448565946,2.041373057957805e-05,2.4580056135311354e-07,1.5925542483055914e-05,1.2902569810745679e-05,0.009093152503855024,0
0.7386889355175441,0.251051837407661,2.130861438751963e-05,2.318240604752172e-07,1.5019997933970664e-05,1.1893685000648526e-05,0.010210772953412335,1
0.7706223385285887,0.2158956102504912,2.3553760174872136e-05,2.561155452769171e-07,1.660255438152872e-05,1.4549051789983983e-05,0.013427089739028392,1
0.711808600705125,0.2764702678865045,3.0700179828705164e-05,2.4647860229434795e-07,1.6413497305345135e-05,1.5279352989566044e-05,0.011658491899644761,0
0.710849831226688,0.27609787669274494,2.828278396442908e-05,2.461466083275238e-07,1.739005718848622e-05,1.5258772489018355e-05,0.012991114320316898,0
0.8445390181129809,0.151114913547472,2.408059940690595e-05,2.647734583660108e-07,1.558472012636974e-05,1.163045614772673e-05,0.004294507790407653,0
0.0059440380578246995,3.032541682789477e-05,2.639966932297269e-07,4.9292518195783186e-09,1.4590591062367399e-07,1.7012237845269304e-07,0.9940250515711132,6
0.000888192382916652,9.50805008341278e-06,8.80526039201048e-08,6.865436341261716e-10,3.4817402216094565e-08,4.488925028447835e-08,0.9991021311211999,6
0.0014867953056404773,1.5439868003483613e-05,1.756436704127506e-07,1.3694886741321686e-09,6.85477191584468e-08,8.954320861648179e-08,0.9984974297222692,6
0.02611420052594896,0.00027697587743699925,1.2908960096834027e-06,1.1924465360862086e-08,4.4228048942575665e-07,6.060248617713152e-07,0.9736064724707877,6
0.03457772712247886,0.0003769661898454308,1.5657815005416188e-06,1.6596540650327527e-08,6.18576845001019e-07,7.567564259262715e-07,0.9650423489763635,6
0.048765390641408425,0.0007393311769292945,1.8770289004999906e-06,1.9850971742796938e-08,7.054136953702225e-07,9.860475824823406e-07,0.9504916898405122,6
0.20518909065936125,0.005291027092684597,7.3079897705723115e-06,7.728740798484071e-08,2.7008104401633476e-06,3.358927983950218e-06,0.7895064372323516,6
0.1598491758660503,0.00521582808900082,8.889861506837486e-06,6.53286716216895e-08,3.1129273898836464e-06,2.8391986351441312e-06,0.8349200887287453,6
0.2070746480383218,0.016470868587116144,5.5774342022631e-06,4.6073308275798034e-08,3.031260029568553e-06,1.9411846360168952e-06,0.7764438874223859,6
0.778266447863674,0.06774605895877905,1.1109935621177801e-05,1.1494835060153014e-07,5.583432205950308e-06,6.890261679767172e-06,0.1539637945996895,0
0.7552972090645341,0.09733423983710336,2.364324692189261e-05,1.7504916234741144e-07,9.301747386080948e-06,1.2207458451305885e-05,0.14732322359644107,0
0.35447984328721344,0.013015426865071874,1.5910840656822876e-05,1.314876907251455e-07,9.973243160149826e-06,8.914286578582789e-06,0.6324697999896284,6
0.33449736770314253,0.007091115906284718,4.3748245229523796e-05,8.053695173238186e-08,8.147627917826721e-06,7.758326775908012e-06,0.6583517816536977,6
0.26937603161086143,0.03862699694984656,2.198951758464658e-05,4.6311469029237246e-08,7.579215613607609e-06,7.488726263069755e-06,0.6919598676683616,6
0.09765077172855907,0.005361758431115498,7.492555384758966e-06,5.4059099052702234e-08,4.225176648983143e-06,4.220546510140838e-06,0.8969714775026825,6
0.11625662397909328,0.005770367489965427,9.460335269221147e-06,5.324154323260692e-08,6.344910712226154e-06,4.397845770395409e-06,0.8779527521976462,6
0.49967421137381174,0.06041684159746626,2.2165042420946674e-05,1.7641636815680162e-07,1.3433303534478598e-05,1.1024341215487227e-05,0.43986214792518297,6
0.8795826253711924,0.05745869538593107,2.3223594733050176e-05,8.48073518116784e-08,1.4080925652937134e-05,1.1617047565883873e-05,0.06290967286757301,0
0.8831346400059316,0.06115180185346485,2.2315786245533227e-05,9.025826881155882e-08,1.516037447484656e-05,1.3985619309417401e-05,0.05566200610230485,0
0.9194869245160997,0.047403936354094255,2.00556224719847e-05,8.111682664203069e-08,1.3624917520542003e-05,1.2569142660734989e-05,0.03306280833032591,0
0.9232450592524291,0.03274547684995516,1.3853932223311962e-05,6.476658110463302e-08,9.423306847371904e-06,8.455408724886421e-06,0.04397766648323924,0
0.9096550937215258,0.03226347058604489,1.3650005368252776e-05,6.381323118312993e-08,9.284597829696139e-06,8.330946956075062e-06,0.058050106329044095,0
0.9119371563364596,0.03216344862422474,1.411234662540371e-05,6.247632419019056e-08,8.944962136208715e-06,8.634728828889726e-06,0.055867640525400844,0
0.8660396215246333,0.10929484192229204,1.5217808416172038e-05,2.3729059980878044e-07,1.1680943246146775e-05,1.0751029610910611e-05,0.02462764948120138,0
0.8594373472905235,0.11972269035026153,1.73987800722561e-05,3.230852684698365e-07,1.7449153559668367e-05,1.1447264835411473e-05,0.020793344075478924,0
0.8574469032263438,0.12664518208171024,1.632101999854944e-05,2.562396806624964e-07,1.703951210829234e-05,1.1049924101084685e-05,0.015863247996057588,0
0.8568386885707941,0.12579511591931875,1.5987276823536036e-05,2.389004507107786e-07,1.8003244097745265e-05,1.0823967834044947e-05,0.017321142120681143,0
0.8303782534601821,0.16039886441036946,1.7051562851946874e-05,2.3019213924343415e-07,1.7491989866730923e-05,9.949239241828741e-06,0.009178159145348936,1
0.8352343803575457,0.16473171119128754,1.1141760456868175e-05,1.8295233120452316e-07,1.1095676989966778e-05,7.986665072134332e-06,3.501396316657401e-06,0
0.7525099641801776,0.2474401591415628,1.4448431196204837e-05,2.1767503904342704e-07,1.7723995761018505e-05,1.3359605525610473e-05,4.1269707377931105e-06,0
0.7827018637518689,0.2172584724769174,1.3249468798627557e-05,2.208364110280029e-07,1.1744731958222692e-05,1.0962965438988317e-05,3.4857686070308717e-06,0
0.6427964234594582,0.3571685417451336,1.4216607533687267e-05,1.8471682687054952e-07,7.295003196802282e-06,9.460500484845839e-06,3.877967366193222e-06,1
0.5180402118546739,0.48191580796446754,1.5942967488511896e-05,2.3174940704448364e-07,1.2485081080280875e-05,1.1314077397002668e-05,4.006305485604981e-06,1
0.8484417715211859,0.15147831411698864,1.1583472973143997e-05,1.3035121265262324e-07,5.5557585339546354e-05,9.460112986876946e-06,3.1828393132755394e-06,0
0.7697700909102856,0.2301925010073574,1.574852867888216e-05,1.516811880436015e-07,7.892932955340485e-06,1.1008115288502625e-05,2.6068242462917332e-06,0
0.7337897623035993,0.2661685008462237,2.0177474234228706e-05,1.4001913011891863e-07,5.770762345311842e-06,1.2822427589931382e-05,2.8261668773315085e-06,1
0.5636001948750805,0.4363400154894395,2.907874576898043e-05,2.2351409977991635e-07,7.869158497448587e-06,1.8842597778855225e-05,3.7756193350836647e-06,1
0.5390913309061718,0.460844077905516,3.185285190027257e-05,2.4248348222657514e-07,7.958053958822122e-06,2.044174720122999e-05,4.0960517695955085e-06,1
0.5206431477673424,0.47928169145656113,3.941415524878796e-05,2.649889091230372e-07,9.239688590247441e-06,2.0989832369661835e-05,5.252110978556825e-06,1
0.4512299544295545,0.5487005769162684,3.608964303752839e-05,2.1284782440526257e-07,9.407936094055489e-06,1.9003211772775515e-05,4.755015448522259e-06,1
0.388826441216664,0.6111148106863722,2.579428766312256e-05,1.9756303631244304e-07,1.2748947071594597e-05,1.59782853060245e-05,4.029013886637406e-06,1
0.5843009301881187,0.41563737896268693,2.410883572831427e-05,2.0283196695098465e-07,1.3198900533105754e-05,1.9482734359030648e-05,4.6975466069315e-06,1
0.6056482017591815,0.39429559658508434,2.0788148600385088e-05,1.8969798192819082e-07,1.2349745588333484e-05,1.8480697346355105e-05,4.393366217090763e-06,1
0.5788887982994415,0.42104337717099044,2.568094030621562e-05,2.2116963223803627e-07,1.439861754058607e-05,2.240155892834549e-05,5.122243160651022e-06,1
0.5521425450341899,0.4477834415670786,2.549076848178579e-05,2.0738085180464963e-07,1.7624210083684992e-05,2.588814147048318e-05,4.802897843873456e-06,1
0.7482056155007357,0.25173336066445395,2.038665976288086e-05,2.0209018803377912e-07,1.458793278100886e-05,2.1821607875706287e-05,4.025544202843155e-06,0
0.6004920012374285,0.3994359552386055,2.552525843116118e-05,2.4873111420066713e-07,1.340420236220217e-05,2.641787605028169e-05,6.4474560081234984e-06,0
0.15104500167864612,0.8488775517044778,2.874932061122935e-05,1.8620186970681995e-07,2.7721592852487488e-05,1.676128111628457e-05,4.028220426618026e-06,1
0.15319093519553922,0.8467199954839981,2.9157769285478085e-05,1.8884728550126065e-07,4.000709950387857e-05,1.563015404181415e-05,4.085450345720572e-06,1
0.10271973055183978,0.8972302068925723,2.3707741621592867e-05,1.535488742903557e-07,1.0039648365907626e-05,1.2839798782698711e-05,3.321817943474494e-06,1
0.2622755826179438,0.7376497380026592,3.42182632245369e-05,2.2222281214395788e-07,1.452982904055464e-05,2.0901580525200528e-05,4.8074837945948115e-06,1
0.2602309987296814,0.7396882557841897,3.4873450030429985e-05,2.2283693173307855e-07,2.0083183744215e-05,2.074524599853406e-05,4.8207694242030276e-06,1
0.25378419315287637,0.7461262337091086,3.0752493924611334e-05,3.3824063175074717e-07,2.7165188962393433e-05,2.5881117009402325e-05,5.43609748700663e-06,1
0.2599051039065632,0.7400163466344776,2.8006105027552413e-05,2.3168367447711103e-07,2.3369867664772593e-05,2.226519684304589e-05,4.67660574936618e-06,1
0.25419608449227155,0.7457272723608246,2.756644631757993e-05,5.765401992465748e-85,2.152696940904591e-05,2.348109687782729e-05,4.0686342993099864e-06,1
0.0550313384390083,0.9449077074123908,2.1597553620560264e-05,6.680538892016841e-284,2.275644421697227e-05,8.312571171717129e-06,8.287579591652188e-06,1
0.13101514979572076,0.8614924350516987,0.0006269851918565485,1.1812413693054367e-07,0.005894669263556689,0.000966287278102934,4.355294927664533e-06,1
0.1518557862798451,0.8413304649310804,0.0005600923602614533,1.551396037883562e-07,0.004900824758500101,0.0013501445349608152,2.5319957483821613e-06,0
0.25232042969678264,0.7379479665259879,2.6570019645434816e-05,2.3296802800529935e-07,0.009674282388406516,2.207492075237303e-05,8.443480397010651e-06,1
0.0960752125698023,0.8966386254348894,1.739377633175847e-05,1.454862679491829e-07,0.007250664090520488,1.331844013952646e-05,4.640202048347299e-06,1
0.09241047490095763,0.9073469737904495,2.3972843652193058e-05,1.6631782339533184e-07,0.0001990961395441107,1.601783968064306e-05,3.2981678926820924e-06,1
0.06328045286094783,0.9366602009461316,1.4241991654239951e-05,1.0663281966193366e-07,3.1881146220692145e-05,9.43751760264278e-06,3.6789046232644348e-06,1
0.04857817141801597,0.9513898571927608,1.0623607654158856e-05,8.78727395711561e-08,1.1146316741921038e-05,7.081922955232819e-06,3.0316691323754088e-06,1
0.06790074664963157,0.9320697998818084,1.2144783332096883e-05,9.09305750434983e-08,6.088166280981566e-06,7.328362924335759e-06,3.8012254473163395e-06,1
0.2007106246134834,0.7992091244955835,3.0415069335670366e-05,2.2198141356525777e-07,2.733617524361592e-05,1.787565945419657e-05,4.402005485923571e-06,1
0.183612307745997,0.816308117330003,3.422777779787214e-05,2.130831484319133e-07,2.6240387397496307e-05,1.4668127340090613e-05,4.225548316365681e-06,1
0.2938500344511621,0.7060746610392081,3.925899247921952e-05,2.0293066554265307e-07,1.66253542025032e-05,1.5193012918169515e-05,4.024219364285959e-06,1
0.5630627070138403,0.43687623544760074,2.730239622544459e-05,1.7629973523540197e-07,1.6323942840626962e-05,1.2762154837984234e-05,4.492744919650083e-06,0
0.5374824472258869,0.46245168709680723,2.1889259649271515e-05,1.8667507069042305e-86,1.4808772691652908e-05,1.2023882727284307e-05,1.7143762237597366e-05,0
0.6305167795885955,0.369376511810545,2.8392945834491297e-05,2.0762978285405452e-07,1.7767758153982643e-05,1.2300179980046914e-05,4.804008710815396e-05,0
0.5719392390391914,0.4232741248739241,3.340734114792505e-05,2.2625982575132917e-07,1.6245159136654945e-05,1.245614706895553e-05,0.004724301179705114,0
0.624140605117363,0.3696478446657395,3.97356103524398e-05,3.8573590011975004e-07,1.6678150374440983e-05,1.9141474303116563e-05,0.006135609245967397,0
0.8016755114487198,0.19587540314064392,2.0658955242703786e-05,1.9463027240021647e-07,1.2802297587868634e-05,1.1513786956106518e-05,0.002403915740577287,0
0.8760639474569178,0.11936771609168058,1.2961302420582292e-05,1.4331213312430093e-07,1.250171545281347e-05,1.079515511514864e-05,0.004531934966279851,0
0.7769817697156742,0.2200961062625581,2.1459705455631038e-05,2.2294775844999945e-07,1.7619342299212085e-05,1.3209035600200683e-05,0.0028696129906540776,0
0.7078667930763735,0.289081317513272,1.701875329318961e-05,1.6713946175563352e-07,1.257358006025589e-05,1.2265052796217651e-05,0.003009864884743008,1
0.6745476751203301,0.3214293224996681,1.766972599212823e-05,1.735325990579853e-07,1.3593049029233527e-05,1.2734194946869396e-05,0.003978831877434494,1
0.5857967626709275,0.409000615853062,2.8470997793270266e-05,2.1684637881060932e-07,1.6985877437353583e-05,1.59126531630768e-05,0.005141035101238085,1
0.41197233536746053,0.5833828218433483,1.899820724513396e-05,1.5807959600558283e-07,1.2376106039559969e-05,8.620089352345928e-06,0.0046046903069580005,1
0.7954242967741617,0.190652942741127,2.0441109069243047e-05,3.3855242896565276e-07,1.6233611030228512e-05,1.2981383429152098e-05,0.01387276582875379,0
0.8211225792420896,0.17063713590145155,3.619766053564534e-05,2.811778192467459e-07,1.7071079237717322e-05,1.5248461495311525e-05,0.008171486477370949,0
0.6597372745757375,0.056415874406687,2.4340141642056727e-05,2.703727670761925e-07,1.7138763600237723e-05,1.1735653493156963e-05,0.28379336608607314,0
0.009650322017549142,5.693280670977851e-05,5.236408348385273e-07,5.329140538594413e-09,2.83822537463936e-07,2.793184840743699e-07,0.9902916530647441,6
0.0023132802545613998,2.348083923522609e-05,2.178019001722291e-07,1.6981951856813364e-09,8.612234078400398e-08,9.71488494431717e-08,0.9976628361349178,6
0.04233165977050903,0.00042072283170472235,1.9104650406470633e-06,2.0250022558805823e-08,7.510768505887764e-07,1.0291461084993331e-06,0.957243906459764,6
0.05545702855603134,0.00046443827600666556,2.1345967696839036e-06,2.257494285035966e-08,8.13057901014321e-07,9.811120498571116e-07,0.9440745818262986,6
0.30328140534849185,0.00575847262129797,1.0020611372957728e-05,1.0597539183181825e-07,4.37720738788435e-06,4.605714158557399e-06,0.690941012521899,6
0.15334408325982007,0.004315852509052309,8.520665456268099e-06,6.275638966754719e-08,3.239617530901877e-06,2.7274066878702126e-06,0.8423255137850628,6
0.27407596587749755,0.021188543908625613,7.36106408676941e-06,6.080727492401801e-08,3.8196070812222805e-06,2.561963797649919e-06,0.7047216867716363,6
0.7661704816363903,0.0654097684956431,2.2078680395998356e-05,1.7344469250879374e-07,9.433759670112563e-06,1.2709314854445226e-05,0.1683753546683534,0
0.7500835689407767,0.06189550835526468,2.3480043113737995e-05,1.7384083888812717e-07,9.23753959766188e-06,1.2123193218458464e-05,0.18797590808719003,0
0.24922761118802345,0.0067337213576392566,1.3536883539432293e-05,8.811018090253109e-08,7.4510040423205295e-06,7.026028580701595e-06,0.7440105654279938,6
0.21649780715432262,0.027859222682120925,1.767299900064846e-05,3.722057761029435e-08,6.0914237635895524e-06,6.01869737496057e-06,0.7556131498228397,6
0.09218780393944663,0.005021476979543349,7.0170439168206305e-06,5.062826401366286e-08,3.957027820247941e-06,3.952691530967582e-06,0.9027757416894778,6
0.5597217348187654,0.056866882905212114,2.731185781239389e-05,1.9934616528254698e-07,1.798047921904451e-05,1.2349173221089573e-05,0.38335354141960487,0
0.6272483247144292,0.04998118178673131,2.4004813707302774e-05,9.708662006986328e-08,1.5803320923314406e-05,1.0853879097047201e-05,0.3227197343984919,0
0.8451967218762758,0.04164768857846882,1.762027340348537e-05,8.237407604408082e-08,1.198513464186231e-05,1.2068612706486818e-05,0.1131138331504273,0
0.845120520297659,0.1362587710037403,1.671185509950117e-05,2.497279405086954e-07,1.724683043917872e-05,1.0233919452827963e-05,0.01857626636566894,1
0.8082691129688433,0.18133385401980237,1.5983136100612167e-05,2.2203857662956456e-07,1.7183557995714353e-05,9.596830400305136e-06,0.010354047448281046,1
0.7885803551986541,0.21137220200668574,1.8136109191755403e-05,2.061563342421176e-07,1.270151617074937e-05,1.2253706730673774e-05,4.145306232844352e-06,0
0.8037204781853388,0.19623151977627643,1.4194378229969383e-05,2.1385408141826511e-07,1.554409261554111e-05,1.3789837874319339e-05,4.259875583686182e-06,0
0.7602148869490073,0.23973611656136798,1.3779334488064726e-05,2.227699973138519e-07,1.61921504946064e-05,1.4364758090411636e-05,4.437476554300933e-06,0
0.7582892726448633,0.24166199407655775,1.3705311367942934e-05,2.2157326823488387e-07,1.610516563317274e-05,1.4287590051957526e-05,4.4136382578794935e-06,0
0.7563309801295658,0.243630205796827,1.2840610348532432e-05,1.9234228219334716e-07,9.77752818696741e-06,1.2494376419052774e-05,3.5092163706326587e-06,0
0.7309018042360511,0.2690593989897671,1.1324368970583267e-05,1.8302624465577595e-07,1.1670162056643238e-05,1.2279968323104067e-05,3.3392485868283127e-06,1
0.7296293629995838,0.2703349268345005,1.1003364810158146e-05,1.838939157806351e-07,1.1708653302730173e-05,9.692319205260656e-06,3.121934681591649e-06,1
0.7364772557989729,0.26348794694488226,1.0724674156103639e-05,1.7078526487405638e-07,1.1412099266457296e-05,9.446834408089751e-06,3.042863049110192e-06,1
0.7387105985099687,0.26125551382487383,1.0342154534564585e-05,1.6693213077127347e-07,1.1170664590546593e-05,9.233701736204994e-06,2.9742121652457635e-06,1
0.7414643416378441,0.2585033839579722,1.0380707706854828e-05,1.6755441534233582e-07,1.1212306257678574e-05,7.5285364600844125e-06,2.9852993438071774e-06,1
0.603564329212709,0.39639478112186044,1.738825064745698e-05,2.3703748910408048e-07,8.094415072620886e-06,1.0512306831903115e-05,4.657655389470585e-06,1
0.6984285977506366,0.3015249845171768,2.1254186586627296e-05,1.3541013671737926e-07,8.667458719926912e-06,1.3627538472034092e-05,2.733138271324549e-06,1
0.5495175988500716,0.4504224040777731,2.7455351696559727e-05,1.9915228422508236e-07,1.1819990542521634e-05,1.6992013327893147e-05,3.530564304058381e-06,1
0.5155645412849995,0.48436319321592036,3.8019542365982065e-05,2.5148254637505205e-07,1.0218728753486535e-05,1.9210437692671594e-05,4.56530772165907e-06,1
0.32698728823698997,0.6729494708016917,2.7834937277426344e-05,1.9659577228509924e-07,1.2686528523474282e-05,1.7738918566517637e-05,4.783981178645171e-06,1
0.39967504065755244,0.6002676063145329,2.218955608042885e-05,1.8366832612136478e-07,1.2346041472053761e-05,1.838004140656394e-05,4.253720629651553e-06,1
0.6252055967314388,0.37473893134762787,2.156707862730518e-05,1.7851592958629605e-07,1.19099855898305e-05,1.7681948600075113e-05,4.134392186385376e-06,1
0.5416793531507763,0.45825729441357876,2.346599289891027e-05,2.0364764267483033e-07,1.5126660790730573e-05,1.9839696823959263e-05,4.716437488810261e-06,1
0.5810247341942587,0.41891325019596864,2.3916024451390578e-05,2.0147464657870173e-07,1.3116431721916e-05,2.0115567606223053e-05,4.666111346478313e-06,1
0.5527708119054128,0.4471585791992234,2.842263634998331e-05,2.1990932133782124e-07,1.4599388971934125e-05,2.22739061009048e-05,5.093054619604065e-06,1
0.5426924218374043,0.4572291775264816,2.7897421423956232e-05,2.1584567092492857e-07,1.8343590630143162e-05,2.6944837076663147e-05,4.998941312437583e-06,1
0.6469244933693115,0.3530076489777934,2.336909167327839e-05,2.3028868116461097e-07,1.4756808970401598e-05,2.4567135722717377e-05,4.934327847537281e-06,1
0.7295911774042906,0.2703481619877373,2.070685718665196e-05,2.0526426158631133e-07,1.3859672901837674e-05,2.1800043324498216e-05,4.088770297653151e-06,0
0.5661231480233285,0.43379310491034484,3.150627600610178e-05,2.66871044847877e-07,1.5509932354829616e-05,2.842104279181477e-05,8.042944128981448e-06,1
0.5335227893863229,0.46639914564465096,3.053623600755425e-05,2.7213293737196224e-07,1.2920750139799966e-05,2.648209169256167e-05,7.8537582489065e-06,1
0.6152586915423516,0.38465596214198494,3.0024816705278068e-05,3.562127908772844e-07,1.9348966451370635e-05,2.7938916199634297e-05,7.677403516173017e-06,1
0.09732657946955679,0.9026212725822252,2.232798604105226e-05,1.5498863964177532e-07,1.4471443547245882e-05,1.2065036949432648e-05,3.1284930406556433e-06,1
0.24098289056057484,0.7589417911583307,3.2824385574458954e-05,2.2116083140760194e-07,1.859772161642967e-05,1.9210814124838278e-05,4.464198947248553e-06,1
0.26319060357007057,0.7367157272125778,2.9990434179501975e-05,2.6263603997022034e-07,3.2874986394408316e-05,2.523977203492055e-05,5.301388702883514e-06,1
0.2296798572750571,0.770245397098591,2.744659965954771e-05,2.1681213158305812e-07,2.186977927835786e-05,2.0836016169685144e-05,4.376419112749517e-06,1
0.34358437985779305,0.6563421744378152,2.4609815967187133e-05,4.4032310934689707e-07,1.7076936020841175e-05,2.7103353656978907e-05,4.215275637502704e-06,1
0.1528860468506842,0.8470685847597514,1.7802322043241365e-05,7.720855415506859e-284,1.469496508936271e-05,9.92706503317661e-06,2.9440373984984467e-06,1
0.2838771630105885,0.7160657160340356,2.094496446607655e-05,9.442176765421796e-284,1.970758902412771e-05,1.4155054909764721e-05,2.313346975996304e-06,0
0.397975803672802,0.6019560233251992,2.611999579176731e-05,1.6950992462198363e-07,2.056704233987871e-05,1.8295236805838207e-05,3.0212171367360364e-06,0
0.4733834124496229,0.5265553380720889,2.0327961852640633e-05,2.07776343691626e-08,1.996619143854984e-05,1.7967458492586602e-05,2.967088870042589e-06,0
0.6092339568472858,0.38781045780887163,1.349640813182547e-05,1.3002391863662014e-07,0.002922498134165489,1.3876081307201012e-05,5.584696319553136e-06,0
0.6060848993283061,0.3878518958651588,1.4512970001114747e-05,1.398174397342725e-07,0.006029695245242669,1.4143151304755436e-05,4.713622546878013e-06,0
0.5582456706589357,0.4352012292240369,7.277180324344441e-05,1.2683127374616717e-07,0.0063703223051726115,0.00010106469655210683,8.814480785478367e-06,1
0.14174190591519356,0.854514181944656,0.0004828478795643459,1.1171698380503569e-07,0.002118559396514081,0.0011382740870420377,4.119060046010304e-06,0
0.4253611318710098,0.5611746541610789,0.001948958308277931,1.1966456030354638e-07,0.010945764136500318,0.0005672979870214263,2.07387155116828e-06,0
0.3050300564886488,0.6873742604936692,0.0016350835416833207,1.7987515472296866e-07,0.005558502242719956,0.0003983522103177034,3.5651478060358913e-06,0
0.23222028842981438,0.7600067699208636,2.541389491661635e-05,2.7317417305310235e-07,0.007705516355791809,2.50075414178828e-05,1.673068302253179e-05,1
0.11392192722561024,0.8814008415600413,1.7140763391433616e-05,1.5437275274175403e-07,0.004634325977058515,1.4131947265862337e-05,1.1478153879803035e-05,1
0.103355582854371,0.8879945267657947,2.6833114216250385e-05,1.803095725424565e-07,0.008602643943870936,1.6843162641006465e-05,3.3898495334102025e-06,1
0.0828137339390005,0.9171224587640464,2.533478508882477e-05,1.729266602681439e-07,1.8394208007355742e-05,1.665432762488823e-05,3.2510495719029225e-06,1
0.06545723939745293,0.9345044877598011,1.4946258798470305e-05,1.018364376102178e-07,1.229246623861199e-05,9.017739543460593e-06,1.914541727593906e-06,1
0.05834939739723786,0.9416227058684438,8.415644143430816e-06,7.180846975194026e-08,7.278383628402157e-06,6.355395078657049e-06,5.775502997982707e-06,1
0.0712265294803377,0.9287478192211861,8.88579018326693e-06,7.582010179164788e-08,7.409569563855315e-06,6.110565369497294e-06,3.1695532576436136e-06,1
0.1279471090318017,0.87200624058064,1.7456590670901873e-05,1.3869087137301485e-07,1.5128729890448416e-05,1.1177505907420221e-05,2.7488702180922866e-06,1
0.4962804114472307,0.5036518664364512,3.462749137602708e-05,1.675648192113803e-07,1.5854790248734354e-05,1.3189903945107645e-05,3.882365929007548e-06,1
0.3034007078125977,0.6965526588959454,1.8532202055039436e-05,1.44797750260058e-07,1.3170322076217919e-05,1.1432859339460573e-05,3.353110236076814e-06,1
0.37164985166701137,0.6282919557733411,2.4119291522605163e-05,1.757979586344573e-07,1.5989997989603503e-05,1.3836483963523509e-05,4.070988213006859e-06,0
0.5779691106357627,0.42197381088997227,2.312179782760658e-05,1.913218136064775e-07,1.588761543937378e-05,1.3505082146368018e-05,4.372657038038199e-06,0
0.6816770405412076,0.31820864955514855,3.141892892799281e-05,2.2975796272965346e-07,1.9661405943125936e-05,1.3611073780345483e-05,4.9388737029792146e-05,0
0.4968120811995975,0.5001603131074784,3.4577841610794115e-05,3.356665404063393e-07,1.676778360053884e-05,1.5315201533100905e-05,0.0029606091996393197,0
0.6961632030633482,0.3026054626302864,3.838345668132712e-05,2.8849607477011534e-07,1.6241935381181987e-05,1.6174217584328154e-05,0.0011602462006435439,0
0.7972860335564905,0.20024338863909621,2.0681708657321583e-05,1.952828282812546e-07,1.2212396272160925e-05,1.1552390351655271e-05,0.0024259360263040536,0
0.8329599059092445,0.16535291052874182,1.8178492671271192e-05,1.9185803529657315e-07,1.3931654113839558e-05,1.0179082081302223e-05,0.001644702475112044,0
0.8043182267471837,0.1922208564176258,1.7222655575811067e-05,1.7824879687776632e-07,1.488491530754531e-05,1.2030226610975644e-05,0.0034166007888991367,0
0.6151545456841515,0.3813779548743898,2.363724109968414e-05,1.9480730307436967e-07,1.4647300065510485e-05,1.4287888394920057e-05,0.003414732204595468,1
0.5072496404120439,0.48789793555738176,2.877418380056677e-05,2.0217111359192738e-07,1.5836343570417764e-05,1.4500203680112859e-05,0.004793111128409764,1
0.40477358825638216,0.5906003016174103,1.8919471216611954e-05,1.574244521059904e-07,1.3543943403491166e-05,8.584364318275549e-06,0.004584904922817031,1
0.4528624831809534,0.5428448362906175,1.8670768779253882e-05,1.5535505785652834e-07,1.3365903980648815e-05,8.667558281843893e-06,0.00425182094232945,1
0.42077417655101435,0.5750676133482207,2.008325644388496e-05,1.5328421558085848e-07,1.3187739977509417e-05,7.668163146457454e-06,0.0041171176569815265,1
0.5493711637211292,0.4363506776896796,3.3226946232987096e-05,2.1809891734684794e-07,1.813017521814806e-05,1.1081404089594205e-05,0.014215501964732919,1
0.792415649197477,0.19490128540469634,1.862111307886459e-05,2.4118048616474045e-07,1.4788234124097975e-05,1.1825572082977571e-05,0.012637589298054601,0
0.810939867481528,0.17607839526037952,1.8654635327068964e-05,2.2461939611461024e-07,1.481485631648319e-05,1.179072750388405e-05,0.012936252419548851,0
0.5387718680711103,0.4390297025767954,2.5406600728342752e-05,2.979070739758521e-07,1.9252923824738206e-05,1.7755145137689077e-05,0.02213571677532944,1
0.6874869101850414,0.3018085893498969,3.143913628278412e-05,2.690682069796002e-07,1.791778373093682e-05,1.6679695821227088e-05,0.010638194781019721,0
0.6717700044545353,0.31639069476009946,2.6580972903261056e-05,2.922658196087627e-07,1.8945609235338416e-05,1.8117729421616088e-05,0.011775364207985731,0
0.7666366428960314,0.2198562430621721,3.033470934447713e-05,3.335392847140486e-07,2.1621087820962523e-05,1.6556212518563462e-05,0.01343826849282794,0
0.8658979719099102,0.12942982474946294,3.2381430640713065e-05,3.5595941200058414e-07,2.0951978520096195e-05,1.5635896275979742e-05,0.004602878075778044,0
0.8721837335448746,0.12315321035499635,3.231803297953601e-05,3.554487372084716e-07,2.0910957897815973e-05,1.560528369232639e-05,0.004593866376822388,0
0.8901554497880464,0.10387644575425395,2.0756521787496486e-05,2.9569288626756835e-07,1.7267904575354643e-05,1.2746582094670177e-05,0.005917037756356103,0
0.902245840683315,0.09021467526133409,2.103844385189181e-05,2.9970908656244533e-07,1.772685296952882e-05,1.2919710462462442e-05,0.007487499338980412,0
0.014116361317628986,8.408505035917452e-05,6.293173670531686e-07,8.095324278530152e-09,4.3114559687176933e-07,3.989864671790231e-07,0.9857980860872564,6
0.031705687730205066,0.000274619951364115,1.7389943707487025e-06,1.8432514852703417e-08,6.909237371206932e-07,8.404717799121258e-07,0.9680164034960281,6
0.04964901109071771,0.000401543703420487,2.658951803378429e-06,2.456168307729452e-08,8.949075345098789e-07,1.2200404359978853e-06,0.9499446467444048,6
0.049343528078736536,0.0004691426673523204,2.5272460018841796e-06,2.329268596329059e-08,8.486714897315284e-07,1.0123053255817138e-06,0.950182917738408,6
0.06308024029079812,0.0006595973719144904,2.506857913553169e-06,2.6511880340198896e-08,1.011798636981595e-06,1.152212230992405e-06,0.9362554649566255,6
0.24522755010743075,0.016843485642890385,6.735534115463707e-06,5.17262441322744e-08,4.0682785190550844e-06,2.358573901685786e-06,0.7379157501368986,6
0.8309517181181719,0.06105670619659075,1.2030900032300612e-05,1.2771076492345609e-07,5.882478966611652e-06,7.318211947438808e-06,0.10796621638352619,0
0.8324554243234256,0.04947077470348574,1.877152509797771e-05,1.722765190416937e-07,9.370222022564972e-06,9.372281249421616e-06,0.11803611466819962,0
0.7582475583900873,0.05544240368866681,2.453491492425827e-05,1.7165111129004093e-07,1.0175295241388193e-05,1.2868951580604955e-05,0.18626228710838824,0
0.261732181336707,0.005596010845539863,1.4534941608171654e-05,9.009091692595516e-08,6.829262673614655e-06,6.83705258457491e-06,0.7326435164699698,6
0.19907679494673608,0.005664186694279096,1.1070053913465271e-05,7.205384090621356e-08,5.831772509919795e-06,5.468208294530628e-06,0.7952365762704261,6
0.25906959862078116,0.010307353908383993,3.2692518403290094e-05,7.169151840085697e-08,7.058790392459109e-06,6.514956180548954e-06,0.7305767095143402,6
0.2792465416536747,0.009080183284204959,3.363788889145295e-05,7.511027054105871e-08,7.262909635792997e-06,7.043034635032884e-06,0.7116252561186874,6
0.16832607312138706,0.023945295748425334,1.901236568572872e-05,4.2625651006284765e-08,5.40701590330724e-06,5.9633090396199566e-06,0.807698205813908,6
0.06486562479301157,0.003708860910936861,6.040250105796082e-06,3.399374630937121e-08,5.301736077483959e-06,2.8079436535754713e-06,0.9314113303724684,6
0.4255744788393109,0.055896587277053274,3.707048152271307e-05,2.0639677533484856e-07,1.876224314181056e-05,1.2897830857991745e-05,0.518459996931338,6
0.7223364043061822,0.08931802752537657,3.788369339406757e-05,1.3683646052889835e-07,2.5261074948369326e-05,1.8245329681968085e-05,0.18826404123395626,0
0.6975652308217761,0.09475191544396644,4.0188443616939375e-05,1.4256059974360724e-07,4.2463642738731145e-05,1.9355330420636046e-05,0.2075807037568813,0
0.8191218390672456,0.1808427341687369,1.0662276827551175e-05,1.839517530021306e-07,1.1156289835782813e-05,9.903722051891627e-06,3.520523549297131e-06,0
0.8156119426990734,0.18435078112953757,1.1622552487139364e-05,1.7848068955137708e-07,1.1823398443146719e-05,1.0062923943768905e-05,3.5888158254248243e-06,0
0.8057165366030585,0.19423899227308947,1.3508983965129453e-05,2.0744950611345776e-07,1.4691711157841476e-05,1.1891670425401838e-05,4.171308797539306e-06,0
0.7673885714786189,0.23256465513314567,1.2988472472020107e-05,2.0998415999039558e-07,1.5851847276848905e-05,1.354029580936197e-05,4.182788517159158e-06,0
0.749602317287798,0.25035124485364124,1.3403256883906652e-05,2.1668996442542316e-07,1.4528844039950669e-05,1.3972702595160278e-05,4.3163650773646106e-06,0
0.7407364390446537,0.2592258405189492,1.1910031632887495e-05,1.8839770437852296e-07,9.94661780596694e-06,1.223814029940896e-05,3.4372489546013733e-06,0
0.7434998860300749,0.25646364224483914,1.1515757530063647e-05,1.8216091692425607e-07,9.61734128240589e-06,1.1833004365642174e-05,3.3234609908468968e-06,1
0.7305767661025555,0.26938717626112246,1.2194467545477119e-05,1.9129324188322536e-07,1.0099490183032917e-05,1.0082308347564156e-05,3.4900770041462376e-06,1
0.7336691278601314,0.2662967422793034,1.0684987878661943e-05,1.5818463191767634e-07,1.1436946296054273e-05,8.818138716587229e-06,3.031603042006354e-06,1
0.7728103709636647,0.22715182274014015,1.4283219044889723e-05,1.851826834499912e-07,7.313401224171276e-06,9.484359905074863e-06,6.540133337597445e-06,1
0.5367286010268805,0.4632317758436777,1.613981511956947e-05,2.1305938379042408e-07,8.649015186259251e-06,1.0866121645678215e-05,3.7551181065882945e-06,1
0.8027880980140814,0.19717619805028314,1.6342612498467093e-05,1.2679525424213735e-07,5.568045724180649e-06,1.1298741459774117e-05,2.3677406989852686e-06,0
0.7542196709194767,0.24574125167375466,1.858413900240303e-05,1.34413737152664e-07,5.5397411224770375e-06,1.230910669326628e-05,2.5100062132554627e-06,0
0.7413183750875108,0.25863539522255996,2.2203109684352777e-05,1.4145571300295364e-07,6.794002330425332e-06,1.4235959122175182e-05,2.8551630792073014e-06,1
0.7165302311528768,0.28342217612917664,2.1653595213071102e-05,1.379547637014524e-07,9.133041425855466e-06,1.3883627144293602e-05,2.7844993995606954e-06,1
0.44115480366214915,0.5587726361221026,3.856978038814391e-05,2.551221288190913e-07,8.895651635272403e-06,2.020828243501176e-05,4.631379161108417e-06,1
0.5619456733112724,0.437988417982904,2.4694330203034855e-05,1.9464023798080027e-07,1.7751111967349814e-05,1.876079556533807e-05,4.507827850035102e-06,1
0.5629794013852928,0.43695477830062657,2.5893706998000994e-05,2.1201391470137228e-07,1.333018872077549e-05,2.1474205819994153e-05,4.91019862696678e-06,1
0.5725971339114662,0.4273352711651963,2.7403314669535764e-05,2.1202270813938448e-07,1.3594087199614919e-05,2.1475096478977575e-05,4.910402281181243e-06,1
0.592769527037346,0.4071594896424745,2.6708284411995293e-05,2.2662723504119414e-07,1.4273307253081866e-05,2.452646116106827e-05,5.248640118267419e-06,1
0.6193676505636497,0.3805590471156949,2.748447032461847e-05,2.332133887806955e-07,1.4944223094997616e-05,2.523923976361942e-05,5.401174083286839e-06,1
0.6249065214297755,0.37499336072907574,2.7448664444083364e-05,2.9384733441895273e-07,1.7181085447036684e-05,2.6303237386985325e-05,2.8891006536392302e-05,1
0.13323472956539345,0.8667023806123221,2.7072903487267962e-05,1.7338620098200542e-07,1.8624642771214987e-05,1.3520870130815966e-05,3.4980196942379704e-06,1
0.09753294869805779,0.9024030137243111,2.4532643728827924e-05,1.6484726095369492e-07,2.2491378691505778e-05,1.3521215626001739e-05,3.3274923236746204e-06,1
0.4918380962494632,0.5014224637645237,2.733203196342471e-05,2.0083913832886585e-07,0.006690137845416802,1.820693289235703e-05,3.562336602280033e-06,0
0.543768272985194,0.44934243102445387,5.627706349365896e-05,9.83227511826285e-08,0.006721216081512704,0.0001070119263119125,4.6925962825092706e-06,0
0.3103975803639957,0.6868045078926684,0.0001644177380317513,1.492139362875441e-07,0.002203450554769288,0.0004118855882178586,1.8008648380549477e-05,1
0.24949320600616434,0.7486151833406565,0.00014218483235897605,1.3198628590790132e-07,0.0012748072941025377,0.0004560903794390374,1.8396160992484732e-05,0
0.1732010016672839,0.8209866302386418,0.0004963942616119376,1.2807038815778965e-07,0.004623769195496653,0.0006876468590922101,4.429707485169859e-06,0
0.3549905412616548,0.6315446048002297,0.0023746982214309454,1.346838447221916e-07,0.010557221519629883,0.0005303409406414156,2.4585725686518356e-06,0
0.23083032828654665,0.7649385329497606,0.0011798044146426234,1.4926027966722306e-93,0.0025739498765939397,0.0004722489034264211,5.135569029791979e-06,0
0.09585890743087906,0.8982604413065982,2.1960001823632475e-05,1.6674032655783193e-07,0.005833161182837528,1.2965611302702091e-05,1.2397726232174319e-05,1
0.0720909190653336,0.9224667491827215,1.692316353702742e-05,1.2849606467331282e-07,0.005405734196473108,9.99176421729749e-06,9.554131652602733e-06,1
0.15287250375614062,0.8470602873647822,2.5061791563251292e-05,1.855892484748084e-07,2.0598545966071352e-05,1.787384399238085e-05,3.489108306771367e-06,1
0.13276321496671226,0.8671690391744798,2.6689824828976433e-05,1.9429930045805087e-07,2.1194629505405696e-05,1.5816069015147796e-05,3.851036157879538e-06,1
0.1378787191767054,0.8620511233501073,2.7588692597137517e-05,2.0135337893008187e-07,2.1975619241658502e-05,1.6398867009590025e-05,3.992940960342599e-06,1
0.3543382136431426,0.6455774906441061,4.226181583194916e-05,2.041733885717466e-07,1.9543485527401435e-05,1.7555675758082975e-05,4.730562245294581e-06,1
0.33988071473419923,0.66006069452103,2.572997769592449e-05,1.6614615867221083e-07,1.5383803008742635e-05,1.3076822267596485e-05,4.233995639853122e-06,0
0.40334842147121097,0.595520479442952,2.5503804546441722e-05,1.700675213540074e-07,1.057126116361137e-05,9.362625691962052e-06,0.0010854913269135625,1
0.4471196015637961,0.5518683778009118,2.907111248371382e-05,2.1903432468542744e-07,1.4677889728031376e-05,1.3152525539725875e-05,0.0009549000732161371,1
0.8138598414025614,0.18418288198339638,2.5460798647914336e-05,2.0685714648120816e-07,1.2990410572140218e-05,1.3309109223503488e-05,0.001905309438452167,0
0.9015377202535989,0.09706293342958681,1.6029980483457745e-05,1.6918237485438066e-07,9.48883234753528e-06,9.80882722573647e-06,0.0013638494943827026,0
0.6762921189512283,0.32079319447593563,1.7101478239013516e-05,1.7782837307790194e-07,1.511679208514577e-05,1.1783221805526251e-05,0.002870507252333296,0
0.7939706291137066,0.20363964705590487,1.6570025937185497e-05,1.9525459896243884e-07,1.4320871228780874e-05,1.1548031286076157e-05,0.002347089647337395,1
0.6784530240030345,0.31908588039377334,1.6683198812755914e-05,2.0653872243958386e-07,1.5148500796046247e-05,1.3285528248796406e-05,0.002415771836611994,1
0.7319812547401136,0.2664796156787872,1.7773225304608965e-05,1.6010968694756723e-07,1.2044743629730456e-05,1.2778465125857643e-05,0.0014963730373522646,1
0.4335347702728979,0.5617727207592247,2.187953657441028e-05,1.6664320339825307e-07,1.3053393117359375e-05,1.1952055604038724e-05,0.004645457339378259,1
0.5280027479327962,0.4675557979975624,1.9322207439781063e-05,1.6077552511166531e-07,1.283059669901783e-05,8.969976603441843e-06,0.0044001705133739,1
0.41223672260271027,0.5842641934570426,2.0404431332619934e-05,1.5565396570337598e-07,1.2192590895809914e-05,8.492269104880568e-06,0.003457838994947945,1
0.45087196433256616,0.5424466879710401,2.2653335018242052e-05,1.6754847628803545e-07,1.4422516019206724e-05,8.512982975476228e-06,0.0066355913139044004,1
0.8322789042209721,0.11155766159808597,2.1661823004497565e-05,1.6707385264126903e-07,1.4138254754265142e-05,8.57618258944133e-06,0.05611889084674114,0
0.5997902104873163,0.38301063134945557,2.143763586744927e-05,2.5947785218653077e-07,1.6243784182836495e-05,1.4604252502617285e-05,0.01714661301282297,1
0.6539393110614237,0.33657409004761824,2.1219181423692822e-05,4.266261380428361e-07,1.703607415637054e-05,1.8353354778061433e-05,0.009429563654461955,1
0.6670808942400135,0.32124492072311606,3.3387216322266256e-05,2.8574062439468157e-07,1.8522625121507496e-05,1.7713228746613442e-05,0.011604276226055739,0
0.8615349057829531,0.13297530597607393,3.321508446402603e-05,3.6512351991326614e-07,2.149138325465071e-05,1.6038439476001507e-05,0.005418678210258549,0
0.8746398793534476,0.12108078568151706,3.177418447772235e-05,3.4946723878854014e-07,2.0559067882374225e-05,1.5342677667949137e-05,0.0042113095677683695,0
0.8753048119038341,0.1045743970881082,3.4672001421399446e-05,3.340586038866866e-07,1.9662884186008527e-05,1.4513230987784782e-05,0.02005160883285862,0
0.9027267289988731,0.09198585038855595,2.1049657139190795e-05,2.99868828609785e-07,1.7736301210884195e-05,1.3464979687122998e-05,0.005234869805705315,0
0.011944990741834298,6.969805850297411e-05,5.560239278253165e-07,7.033606911532312e-09,3.746000216540561e-07,3.4665862374419705e-07,0.9879840268834826,6
0.01468639860687449,8.748051559942429e-05,6.547300323936428e-07,8.42222415049174e-09,4.485558247471342e-07,4.150980669800532e-07,0.9852245940713779,6
0.028613978243402765,0.00033552503260420003,2.2995760626731334e-06,2.1242001600685564e-08,7.650507622224626e-07,9.231821259376767e-07,0.9710464876730407,6
0.055910830692155404,0.00042534940481127537,2.822923306003323e-06,2.601783364823491e-08,9.479625353913135e-07,1.1307408516010644e-06,0.9436588922585067,6
0.05033238738427715,0.0003746434255196401,2.5485229164472892e-06,2.3488787367276028e-08,9.437377063501233e-07,1.1088571206021536e-06,0.9492883445836725,6
0.1956692587729231,0.015841336470762555,4.573153015736536e-06,4.533695213876294e-08,3.353522635360114e-06,1.9101600954891545e-06,0.7884795225836156,6
0.22533293261698256,0.01806289791492157,5.2288389799689005e-06,5.183723828186134e-08,3.2561545088118713e-06,2.1860315048323978e-06,0.7565934466058638,6
0.35385814009367883,0.030678224631370054,6.809314203864166e-06,8.964553544629266e-08,5.195724865746602e-06,3.241712748744548e-06,0.6154482988775972,6
0.8837332627697273,0.03998985232466016,1.2897562163279137e-05,1.3582287456149534e-07,6.597378806767385e-06,7.77487205066924e-06,0.07624947926971734,0
0.5888550848861325,0.03802023166426063,1.3263158100097075e-05,1.1913577525002081e-07,6.72102982100424e-06,8.58278480973241e-06,0.3730959973411009,0
0.5555040361119037,0.035684515153015,1.1531162376394296e-05,1.2877890251574519e-07,6.340370132183342e-06,8.096680703382633e-06,0.4087853517429669,0
0.3789773506319439,0.006869259667357755,2.1754731122040214e-05,1.4727657868265512e-07,1.077504979408397e-05,1.0395606266282057e-05,0.6141103170369373,0
0.19077842739086065,0.004631065251957536,1.0716180747432048e-05,6.975051691107735e-08,5.645349948855246e-06,5.293407684087264e-06,0.8045687826682846,6
0.12138092726251501,0.0150022472936503,7.844976818218135e-06,5.106214621820932e-08,3.921800804359804e-06,3.875136258875952e-06,0.8636011324678071,6
0.7970999532966331,0.07376978146077777,5.750242581833308e-05,1.1301633129118525e-07,3.425328358348368e-05,1.506923093365693e-05,0.12902332728592236,0
0.8436036960140173,0.060407506730603786,2.9344628292776674e-05,1.0715999155233198e-07,3.460134366180658e-05,1.467894813868873e-05,0.09591006517529413,0
0.8638874032057806,0.050464881655977616,2.4514721334846647e-05,8.952225616695196e-08,1.7744616722901394e-05,1.5160059999682273e-05,0.08559020621792819,0
0.8454627144525372,0.04815289610758195,2.2563938141624183e-05,8.239843410246827e-08,1.652265326391446e-05,1.3953683233180498e-05,0.10633126676680821,0
0.8121006752899772,0.17824296031721065,1.7900255188214633e-05,2.142353801070798e-07,1.6726904355624504e-05,1.1438326870776693e-05,0.009610084671017698,1
0.8079503803833151,0.18613925405266704,1.5674392802300265e-05,2.995147052951029e-07,1.617615718236004e-05,9.035143191406224e-06,0.005869180356136371,1
0.8043212540072664,0.19368899691746444,1.5635206052308207e-05,2.4547241571248966e-07,1.5835844040173846e-05,9.012554890739666e-06,0.001949019997870472,1
0.7990896725071444,0.2008630986463954,1.396967903841572e-05,2.1452412887330665e-07,1.598000163009727e-05,1.2751079279375937e-05,4.313562383533817e-06,0
0.81168058103663,0.18827207766086382,1.4441856286588578e-05,2.111842939279951e-07,1.4073338110566597e-05,1.3617683401486514e-05,4.99724041382439e-06,0
0.7602629710586808,0.23969171246646617,1.2769348276399195e-05,2.0229090053691891e-07,1.52710778801322e-05,1.304421549195608e-05,4.029542304192427e-06,0
0.6318958655963874,0.36806831436184473,1.3280298973199872e-05,1.8230454426448567e-07,8.367390606245451e-06,1.0162724030138934e-05,3.827323613900384e-06,1
0.5256858230379291,0.4742786760998123,1.2935323107593057e-05,1.880298295956261e-07,1.0112508654429655e-05,9.014485606839144e-06,3.250515060095631e-06,1
0.7252158197268921,0.2747382912615178,2.2020536994047962e-05,1.597298876625607e-07,6.7581601255197115e-06,1.4118899061987459e-05,2.8316855207913633e-06,1
0.4378148111228033,0.5621163012458574,3.6648686230561754e-05,2.424149361358025e-07,8.452574588620068e-06,1.920174278324322e-05,4.342212800652741e-06,1
0.2918009735429497,0.7081428829027576,2.5490137903676632e-05,1.7954854387604284e-07,1.1208903291681554e-05,1.489581233515921e-05,4.369152218138718e-06,1
0.5741788487270378,0.42575034256764177,2.569081294228103e-05,2.0533834512684476e-07,1.6853406550530294e-05,2.33035536728181e-05,4.755593809612053e-06,1
0.5973439491866596,0.40258252819618123,2.7567069793158864e-05,2.3391426828618565e-07,1.4989135180652386e-05,2.5315091608905707e-05,5.417406308376295e-06,1
0.7323217487143417,0.267619908940821,1.943698512238129e-05,2.0603248455970376e-07,1.2946012273426642e-05,2.1649242008566187e-05,4.1040729482524666e-06,0
0.757080364711144,0.24285466997895994,2.6645622295406215e-05,1.935300260099599e-07,1.2992857416091001e-05,2.0553811554937267e-05,4.57948860342428e-06,0
0.6082691117518251,0.39164016809191304,3.9462669841692905e-05,3.7881184717962934e-07,1.566697020354109e-05,2.7621519165309367e-05,7.590185204269387e-06,1
0.6049313220778918,0.3949743630556025,4.0779389185473295e-05,3.9145135912434876e-07,1.789870861453125e-05,2.7401876503075944e-05,7.84344084362246e-06,1
0.5905589493631446,0.40934840321411475,2.5939966826447972e-05,2.776962107717713e-07,1.6236738492191612e-05,2.2889989668148485e-05,2.730303154324326e-05,0
0.654090950987432,0.34582689669509714,2.1594916515363044e-05,1.9401359866035668e-07,1.052240445801298e-05,1.4390630766801107e-05,3.54503521320604e-05,0
0.21090431225192385,0.7890212483140495,3.0495119693654838e-05,1.980477075565682e-07,1.871642005014173e-05,2.0533346897092863e-05,4.496499677919991e-06,1
0.09291177625415892,0.9070364328818277,2.4290820002775608e-05,1.5059444105090908e-07,9.113813399306764e-06,1.3720013194041955e-05,4.5156229761445885e-06,1
0.23024475728642685,0.7696578533477385,3.473833398378596e-05,2.5304967961999377e-07,3.1675031254507e-05,2.4318506431343242e-05,6.404444485356419e-06,1
0.24505743372423192,0.754853647054044,3.396277141626313e-05,2.4903546325894095e-07,2.4471832939513095e-05,2.393273338258988e-05,6.302848522558998e-06,1
0.2687158829168035,0.7312059103754471,3.007636765802462e-05,2.751668154653014e-07,2.1255314809950205e-05,2.1054905530717185e-05,5.544952935189525e-06,1
0.2694794152053311,0.7304304819928145,3.0162838689460498e-05,2.941295487801417e-07,2.6337756215726813e-05,2.8616978861262034e-05,4.691098539067572e-06,1
0.3021106528175512,0.6953873866688948,9.836881559058991e-05,1.4878717793620458e-07,0.002136516602701617,0.00024896916522151977,1.795714286247289e-05,0
0.31143865144156485,0.6704748211966183,0.0005611652313501997,2.500703821885376e-07,0.01504998482928574,0.0024714014876860728,3.725743112729757e-06,1
0.38655317550690405,0.6052168432356444,0.0005074117691476793,2.9330566706116957e-07,0.005921457046022804,0.0017966574637464905,4.161672867534409e-06,0
0.3221049413270289,0.6729634094836452,0.0017070751674500202,1.264962232995966e-07,0.002701359428318486,0.0005207185076498372,2.3695896842908817e-06,0
0.056448049675299775,0.9351350269116308,2.668451070630353e-05,1.636131258715148e-07,0.008374834027749814,1.1998429103769543e-05,3.2428323835933385e-06,1
0.06427548434672377,0.9303842782355015,1.880327064438773e-05,1.3593659319899132e-07,0.0053071055111566755,1.1637069135596954e-05,2.5556302448693905e-06,1
0.07487746295041375,0.9250779228274191,1.4980943194581581e-05,1.245605008297833e-07,1.3326254129161207e-05,1.1597335994308737e-05,4.585128348407484e-06,1
0.13011917166454004,0.8698353940105039,1.6522090629620303e-05,1.3119758497364448e-07,1.4561616618022989e-05,1.1617704603451874e-05,2.6017155198632186e-06,1
0.0433335045527676,0.9566321239202175,1.049346484498912e-05,1.5924332254285105e-07,8.017803270294781e-06,6.356135983359414e-06,9.344879593897697e-06,1
0.04876940481441935,0.9512006791390434,9.074735854293152e-06,7.140425223449117e-08,6.933786683848026e-06,5.754679044588075e-06,8.081440702142439e-06,1
0.4292480079157667,0.5706977126496019,2.2462675052535463e-05,1.5584690989958546e-07,1.4917672912317327e-05,1.3132370028816624e-05,3.6108697278036204e-06,1
0.45221824043870146,0.5477248054024041,2.521521983944109e-05,1.8439194898616274e-07,1.5312150352256522e-05,1.20281216625679e-05,4.214275091236263e-06,0
0.2791030204224089,0.72082009141263,1.9751452056319245e-05,1.4942008455916386e-07,9.320938518460654e-06,9.654982502249681e-06,3.8011371799247435e-05,1
0.4285406814861271,0.5705341944857646,2.7128945380879895e-05,1.7126596439953376e-07,1.1476844751303725e-05,1.0284141419778654e-05,0.0008760628305918889,1
0.5316101910389214,0.4674521745321654,3.143030510044368e-05,2.3668542543988428e-07,1.5869036750524783e-05,1.4219885488955732e-05,0.0008758785161479189,1
0.8316866271299949,0.16621242408071013,2.731992943523359e-05,2.5933297265890377e-07,1.443212832084741e-05,1.4503516871835307e-05,0.0020444338816945043,0
0.7287033359770788,0.2709177135647198,2.3311515080274783e-05,1.9597713619092943e-07,1.225581618471787e-05,1.159346368138631e-05,0.00033159368611880585,0
0.8216504716569816,0.17780552422186208,1.8592268485357767e-05,1.70937706118619e-07,1.0689926110493298e-05,1.0112200464726557e-05,0.0005044387883896817,0
0.9078423092237252,0.09052046115325271,1.620434288008432e-05,1.6495260072968253e-07,9.25159949410271e-06,9.563594094160172e-06,0.0016020451339528706,0
0.6832864577648115,0.31415457737005614,1.7320780050083764e-05,1.750819912233995e-07,1.5003386696475932e-05,1.1905086075882172e-05,0.002514560530318715,1
0.7652299510676576,0.231589469813622,2.4096747992767993e-05,2.3815850988148318e-07,1.746764158270691e-05,1.4085516744656621e-05,0.0031246910538903017,1
0.7241076767353244,0.2740044438743058,1.628889994346391e-05,1.8090583631377306e-07,1.3268466915254755e-05,1.2809646412391817e-05,0.001845331471262518,1
0.7413116448146205,0.2545383916823366,2.439531546234759e-05,2.0771480570968297e-07,1.6845869356837534e-05,1.620291352126183e-05,0.004092311689896644,1
0.4116666726944382,0.5836094123809221,2.273001698284902e-05,1.7312079853413206e-07,1.356079212337614e-05,1.2416644472145468e-05,0.0046750343502626164,1
0.37417822299368186,0.6221862310733883,2.1289064275617244e-05,1.6575678495644528e-07,1.2983958732089297e-05,9.835705874528133e-06,0.003591271447262579,1
0.3806293309706055,0.6143214179590063,2.3728997826155565e-05,1.8159821299221827e-07,1.58781813599687e-05,1.0863471658301207e-05,0.004998598821330959,1
0.48159345534908043,0.509795064210645,2.5575696860950497e-05,1.9981812795035615e-07,1.661052569894677e-05,1.0152574103441031e-05,0.008558941825483253,1
0.8151347849123184,0.13574844509566628,2.3723519852278696e-05,1.8297535988124764e-07,1.5483884586710126e-05,9.392433770469606e-06,0.04906798717844572,0
0.8552179840210801,0.1114973565956111,1.673002899619683e-05,3.0019386288512717e-07,1.454427693700411e-05,1.1338157265546504e-05,0.03324174672624713,0
0.884988458888694,0.0921920241164229,1.4473109712368312e-05,1.991474003723598e-07,1.1652316089955066e-05,9.293900565290469e-06,0.022783898521115026,0
0.48995636947813515,0.48560278595636075,2.2816542229265638e-05,3.531491647252633e-07,1.708971907639053e-05,1.554362365389282e-05,0.02438504153137979,1
0.7102993620437181,0.2788186194147011,3.6366671471389616e-05,3.112399462443646e-07,2.017557307203047e-05,1.929394665035496e-05,0.01080587111044082,0
0.7789257160014896,0.2078691638733483,3.195249280083363e-05,3.513273020880674e-07,2.277416424533092e-05,1.543242591478325e-05,0.013134609714899012,0
0.874151949871408,0.12016273977355701,2.654802035746305e-05,3.358804201579794e-07,1.923438283964033e-05,1.4746174889879813e-05,0.005624445896528092,0
0.8754380985581883,0.12131145301811551,2.7674545484570226e-05,3.4994954661655775e-07,2.005056481032963e-05,1.537190653836021e-05,0.0031870014573162774,0
0.9286659277401038,0.06876992444261996,1.786378315567691e-05,2.544835620841838e-07,1.5051904965478463e-05,1.0970151013084834e-05,0.0025200074945801077,0
0.919473331958297,0.07403987332368606,1.975622825954505e-05,2.6164611762838295e-07,1.3934904603296823e-05,1.2637603094905607e-05,0.006440204335941495,0
0.011350523191839174,6.596852252981318e-05,5.19815270978573e-07,6.683564692271022e-09,3.5595726487728435e-07,3.2940642931426177e-07,0.9885822964231012,6
0.013042745296957668,8.342332195418471e-05,5.817298853308155e-07,7.479636592277349e-09,3.9835493576384147e-07,3.686416599332991e-07,0.9868724751749706,6
0.010705182199663734,6.689202380518488e-05,4.821112829077222e-07,6.303566502154094e-09,3.3571909518188925e-07,3.1067782373989743e-07,0.9892267909647628,6
0.009170182453296106,4.3033069256885484e-05,7.506127685958203e-07,5.950100475783302e-09,3.6771247726668905e-07,3.2039017122586304e-07,0.9907853398119293,6
0.009951261760470129,4.634452380312083e-05,9.205554639949399e-07,6.407968985079477e-09,3.960084639480808e-07,3.4504464062337757e-07,0.9900007256991892,6
0.02296595208198111,0.00023018467545429143,1.8037138972985375e-06,1.8966621076588615e-08,7.279564101288652e-07,9.005604863625075e-07,0.9768004120451497,6
0.05067244253310998,0.0003871829991881824,2.5657412203008228e-06,2.3647482066637334e-08,9.501137771639676e-07,1.0277248433427654e-06,0.9489358072403788,6
0.5001934776225717,0.028067390987070298,9.940191476934048e-06,1.1503919938196479e-07,6.655007780753658e-06,5.4749945376013986e-06,0.4717169461573633,6
0.30380122147018196,0.02014730515550417,6.69879630436833e-06,7.267501852181526e-08,4.012059347532049e-06,3.2154884479085496e-06,0.6760374743551956,6
0.6465423258857246,0.051744908032659916,1.1482176996029049e-05,1.3500131697966606e-07,8.741423478407087e-06,5.971424837718954e-06,0.30168643605498635,6
0.8829483905627706,0.030821037580605476,1.3939933031217923e-05,1.442923836932164e-07,6.504980045674416e-06,8.25968986978624e-06,0.08620172296129348,0
0.6757096787105279,0.035643031018723084,1.5692845608047585e-05,1.4620653489025422e-07,7.952260126291586e-06,1.0669669070850175e-05,0.2886128292894088,0
0.2833068181310668,0.022241338026450494,1.8310417219622992e-05,1.1918062003874355e-07,9.153603719174728e-06,9.044687234528254e-06,0.6944152159536894,6
0.04577951039488673,0.006043691383830248,7.099487417243288e-06,3.9954996889410014e-08,9.343883819389624e-06,3.6682969602241203e-06,0.9481566465980893,6
0.062481054306284554,0.0057948532598265465,9.561276616855324e-06,4.913900759442211e-08,1.0017564064145179e-05,3.6803013098840874e-06,0.9317007841528904,6
0.6566852543328272,0.11868791895177527,5.852110372391261e-05,1.8183154271165936e-07,5.517759494000274e-05,2.4244827953982708e-05,0.2244887013572367,0
0.7733576847806786,0.08594901036072218,4.175212482142764e-05,1.524693820796303e-07,4.9677735681663794e-05,2.0885501387818146e-05,0.1405808370273262,0
0.8165529213761957,0.07333415658144883,2.535479235768677e-05,9.259000685756356e-08,2.8584149618144527e-05,1.56795652771968e-05,0.11004321094509577,0
0.819559770384307,0.1691397162944845,1.766272516749493e-05,2.754140763658522e-07,1.719414266066356e-05,1.2478306737211543e-05,0.011252902732566865,0
0.7960364014827535,0.20227158785358362,1.5033471197042722e-05,2.3441623787057958e-07,1.5706236453140076e-05,9.042521109323643e-06,0.0016519940186655163,1
0.780121678572232,0.21856291553935436,1.5927141790902717e-05,2.3046798947860385e-07,1.5455586215608618e-05,8.89021886373857e-06,0.0012749024735539223,1
0.9179718425576913,0.08200354642049754,7.180949951673569e-06,1.431842573692984e-07,4.729606027434965e-06,4.499183121703117e-06,8.058098453161498e-06,0
0.7783085952473666,0.22164413346138537,1.4077169283014973e-05,2.1208819838493755e-07,1.5786087547385615e-05,1.2849192960218247e-05,4.346753258887872e-06,0
0.8024101696237085,0.19754198890781388,1.3430951335267092e-05,2.587574692412903e-07,1.7432034483611765e-05,1.3529754055996072e-05,3.189971133733161e-06,0
0.732904869711892,0.2670541929799532,1.3975607439664757e-05,2.2165989386324754e-07,9.88210129303852e-06,1.2021161717501092e-05,4.836777810659711e-06,1
0.689317987486094,0.3106491069588696,1.1891648085827986e-05,2.2856700309494649e-07,7.296335412026507e-06,9.538693149567118e-06,3.950311385984024e-06,1
0.6265352309197414,0.3734280545583881,1.4231674308074707e-05,1.7897630751134387e-07,8.214631622337748e-06,9.977188602233889e-06,4.112051030460565e-06,1
0.5126235846800427,0.4873392393222083,1.5563149690931085e-05,1.3943042215467062e-50,8.215809425293662e-06,9.416581948010264e-06,3.980456684741527e-06,1
0.5208995077191059,0.47906015495915943,1.4412628534970502e-05,2.0931936245059973e-07,1.1267428697425792e-05,1.0826198259710597e-05,3.6217468801367253e-06,1
0.46932094891562237,0.530639972680275,1.4285673983265492e-05,2.0765873588076933e-07,1.1039696484411406e-05,9.955530405773187e-06,3.5898444932514225e-06,1
0.7770017266064526,0.22296207496066583,1.7743683355336845e-05,1.1304476787306288e-07,4.672883626107265e-06,1.1387108780842457e-05,2.281712351356141e-06,0
0.5311152399353714,0.46882134869059106,3.063230145124327e-05,2.1263102701039165e-07,1.1999092153707262e-05,1.6975567868888214e-05,3.591781536867804e-06,1
0.46339764729850996,0.5365388070915926,3.288989222035649e-05,2.2461303162207707e-07,9.19566571120684e-06,1.7157909012512054e-05,4.077529921779284e-06,1
0.2279770429339647,0.7719523688732536,2.8225683660755803e-05,1.9874604788904058e-07,1.760179473616479e-05,1.972566213677197e-05,4.836306200178378e-06,1
0.33995908325614604,0.6599787163114776,2.4679874702037322e-05,1.8837808539471038e-07,1.4079175746494287e-05,1.8668992678219825e-05,4.584011164241157e-06,1
0.3649763101115977,0.6349622006443186,2.444848687194784e-05,1.861080628927649e-07,1.2510038672859615e-05,1.7938404500597944e-05,6.406205975398697e-06,1
0.5694068723493577,0.4305257174697385,2.7328419177457017e-05,2.114432328003803e-07,1.3556933451520775e-05,2.1416403290302134e-05,4.896981751599743e-06,1
0.5834760723015557,0.41645366861482624,2.9018310628634284e-05,2.016854627643162e-07,1.7459598157460653e-05,1.8821451082832828e-05,4.758038286379267e-06,1
0.6574583887792608,0.3424743343192958,2.338365164685083e-05,2.2341714977422502e-07,1.4316483915999287e-05,2.417905352663402e-05,5.174295204196475e-06,1
0.73302354518896,0.2669230379418236,1.8643967064877275e-05,1.7856971655972524e-07,1.1442677867815109e-05,1.932549376489976e-05,3.826160802569639e-06,0
0.7117429491754829,0.2882002239451476,1.956524559368619e-05,2.0739204847393028e-07,1.2354805900100899e-05,2.0568280987061398e-05,4.131154840186748e-06,0
0.5437248042711375,0.4562067626851475,2.5224146832526692e-05,3.015877587924522e-07,1.3522053510522392e-05,2.2834376068165844e-05,6.550879545073376e-06,1
0.6189225387767443,0.38098278494491766,4.172255950930608e-05,3.2906348687526233e-07,1.6564163024701387e-05,2.8035643640133475e-05,8.02484867704528e-06,1
0.26233219635557353,0.7375853922516666,3.4380941388380436e-05,2.9398307557688224e-07,1.9748044983694126e-05,2.206429937657149e-05,5.92412393572813e-06,1
0.25873702086980876,0.7411832568423913,3.0699527826963735e-05,3.341600785992891e-07,1.8463439685669827e-05,2.4399390195182512e-05,5.82577001356279e-06,1
0.28120987449629,0.7186941267853818,2.720313976379071e-05,2.862822883517354e-07,3.147878571940544e-05,3.130812028286266e-05,5.7223902737183934e-06,1
0.2689025043064766,0.7310117076165709,2.364062037008157e-05,3.3678141305167485e-07,2.8959206411718753e-05,2.8802201130503555e-05,4.049267626963284e-06,1
0.08346793236010515,0.9164732800065661,2.3910079803306365e-05,1.5601837722081194e-07,2.100825322089454e-05,1.1293443620986398e-05,2.4198383063997106e-06,1
0.12688786371362445,0.8730340692827807,3.385084994087581e-05,2.0855503357773467e-07,2.6296011034555512e-05,1.4982794536913923e-05,2.7287930489286384e-06,0
0.4276517362467809,0.5695656528835531,2.2603749875242535e-05,1.7971866234852313e-07,0.0027415022259399432,1.5137458021716719e-05,3.1877171667039274e-06,0
0.5979669560939386,0.395189347960373,1.5272033718923726e-05,1.471302327470795e-07,0.006809264057169812,1.495111869537407e-05,4.061605871562634e-06,0
0.6839098209697813,0.30313516090267456,1.3140447209296929e-05,1.3033458331641668e-07,0.012927145122875077,9.992099823588535e-06,4.610123052911248e-06,0
0.18683879870288284,0.8090864353082117,0.00035016358581988204,1.5231023441865635e-07,0.0032653119481689695,0.00045391534784312013,5.2227968391997866e-06,0
0.21248677370710262,0.7776806123214073,0.00046271402300215343,1.9623567428082066e-07,0.007802896732630509,0.001563604265461506,3.2027147216243977e-06,1
0.3833437208041642,0.60466222120042,0.000528216945435803,2.908704231875287e-07,0.009073114933153749,0.0023883081268683683,4.127119534636661e-06,0
0.43619368433609607,0.5418939120514514,0.002391814733671718,1.3398888049594447e-07,0.018874901046243987,0.0006432317214948382,2.3221221615535453e-06,0
0.06548685336015761,0.9304500811519311,0.0007385765817952926,1.2047384054596435e-07,0.0029535974220118093,0.0003605776321317584,1.019337813209479e-05,1
0.045455338179090275,0.9463161205666146,7.179362794090704e-05,9.866412304281173e-08,0.00807315885855547,7.615792487798242e-05,7.332178797634997e-06,1
0.03899793073607762,0.9557983346898608,1.2632227773688162e-05,9.59656548767295e-08,0.0051770831587703,6.79157848212085e-06,7.131643380471688e-06,1
0.07210808522916921,0.9188150520586401,2.3884221804076096e-05,1.814458247359502e-07,0.009026471892328254,1.2841089455704523e-05,1.3484062778027748e-05,1
0.06484746522301453,0.9312553027625867,2.187873943102199e-05,1.3520018249244576e-07,0.003860090043376039,1.2267443938293784e-05,2.860587470992803e-06,1
0.12831840040583795,0.8716145870126122,2.1171605780719398e-05,1.655309368499037e-07,1.858959114464606e-05,1.347430852910036e-05,1.3611545158665732e-05,1
0.23905172027565444,0.7608538508357711,3.750611413981151e-05,2.525755878361431e-07,2.9571395091598684e-05,2.2090100074141794e-05,5.008703681122455e-06,1
0.31730643620452514,0.6826369640453729,2.377210773864295e-05,2.2057220695520777e-07,1.683011641533253e-05,1.2329410438376784e-05,3.447543302709263e-06,0
0.5269121617327924,0.4730109008986191,3.193507881750615e-05,2.338624799031186e-07,2.3308442890983203e-05,1.611225917150365e-05,5.34772522857228e-06,0
0.2648323510159033,0.7351256981792745,1.8741550973315612e-05,1.4178016498319956e-07,8.542130257453238e-06,9.161318681604988e-06,5.364024744777508e-06,1
0.4621372492423536,0.5373582505530601,2.9838904554314953e-05,1.8869875103490372e-07,1.2842961210359132e-05,1.1336881544938316e-05,0.00045029275852565757,1
0.44648794013753323,0.5526845632615782,2.7025473491413883e-05,1.7061274280581385e-07,1.1605931487901574e-05,1.024491691144262e-05,0.0007784496662548998,1
0.44472933116610724,0.5545087250179321,2.7021785184051527e-05,1.7058945839469699e-07,1.1431510849625957e-05,1.0243518734182812e-05,0.0007130764117345583,1
0.46091350344952,0.5381372496839374,3.0225777325932137e-05,2.2698910787998286e-07,1.521892819645196e-05,1.3637337893935483e-05,0.0008899378340184186,1
0.3706099369252189,0.628439800273655,2.669724474334983e-05,2.526777114553915e-07,1.2997490621916162e-05,1.2113790739483444e-05,0.0008982015973100783,0
0.8426473284864681,0.15691488729326453,2.41639117883933e-05,1.959330811099552e-07,1.2739725465254567e-05,1.2606259060171541e-05,0.00038807839087252535,0
0.7807278068112486,0.2191480098966809,2.2128744125900833e-05,2.3722050251094994e-07,1.1601231778790413e-05,1.0974255590946393e-05,7.924184007230393e-05,0
0.7881768801900049,0.20968376582774867,2.3440252507926195e-05,2.257209443016416e-07,1.3565759885861972e-05,1.2026397603667389e-05,0.0020900958513049212,0
0.9165390017299448,0.08196463102220962,1.0951574662187367e-05,1.3501749924526517e-07,1.0989851297845372e-05,8.009168877512539e-06,0.0014662816355088043,0
0.7734603906500213,0.22560178924371546,1.3949313968587616e-05,1.4356259939107612e-07,1.25235646705279e-05,9.450508918088634e-06,0.0009017531561066883,1
0.6893078712677687,0.3085203201624307,1.9352017982395138e-05,1.680776402140893e-07,1.4028204723725763e-05,1.1131285762652474e-05,0.002127128983691473,1
0.7756450371025392,0.22270191650443805,1.7987210461579648e-05,1.3821348786316674e-07,1.0397534710238219e-05,1.1030914295404288e-05,0.001613492520067737,1
0.6955460128601094,0.30043615521718925,2.3265157231628442e-05,1.9489131991108964e-07,1.58058723969468e-05,1.5202610096930381e-05,0.0039633633916559535,1
0.7967619423475935,0.1635275043107441,2.6410929142254275e-05,2.069067599099683e-07,1.8091053894868213e-05,1.1433695527111944e-05,0.039654410756338354,1
0.8725667680415188,0.09573315910393984,1.606375076321791e-05,2.271685312013776e-07,1.2977349358605475e-05,1.0886611880308813e-05,0.031659917974008085,0
0.8847723858364341,0.08695973707150478,1.4698136480834967e-05,2.0785644180897397e-07,1.2777847993194937e-05,1.0191626091359155e-05,0.02823000162505379,0
0.688844005473282,0.29769096259392525,2.2667214132434334e-05,2.4660475450341215e-07,1.5977646563327986e-05,1.2652005420461511e-05,0.013413488461922123,1
0.6704313131980547,0.3044801180174962,2.1989661077316433e-05,2.6615948054773657e-07,1.6662066237257555e-05,1.3662414956033714e-05,0.02503598848269791,1
0.593985135032739,0.3759292910105925,2.636798229622825e-05,4.049526132030855e-07,1.9979619786673227e-05,1.796301951482295e-05,0.030020858382457424,1
0.7409639090768607,0.2500576889282891,2.9153525441449184e-05,3.205518112011891e-07,2.07791980698506e-05,1.8188337615095873e-05,0.008909960381912448,0
0.7411018490268736,0.24965840711680667,2.9158952744712985e-05,3.2061148603861634e-07,2.078306638449852e-05,1.8191723607788244e-05,0.009171289502096596,0
0.808387327418419,0.17770405870228934,3.3087180415790275e-05,3.637175088476139e-07,2.3577337246969112e-05,1.597667894251298e-05,0.013835608965177834,0
0.9038019217532084,0.09304627280515008,2.126117588564487e-05,3.0288207857907316e-07,1.7914525500907114e-05,1.3056490226548757e-05,0.0030992703679500835,0
0.9089778969870494,0.08863546054760027,1.809819347862849e-05,2.396875556184482e-07,1.2994932120581526e-05,1.1576996525498882e-05,0.0023437326556700762,0
0.9006387424292144,0.09355751605765669,1.79724851488021e-05,2.3748861153133975e-07,1.2648309770676454e-05,1.1470786722530448e-05,0.005761412442875531,0
0.6239337881932899,0.01963358723830551,1.4130797334796226e-05,1.8714443936719704e-07,1.0015758687209336e-05,9.039144809709596e-06,0.3563992517231336,6
0.008331103539036822,4.316660552187692e-05,3.742410141924194e-07,4.811832526865589e-09,2.562714395944048e-07,2.371561650276226e-07,0.99162485737499,6
0.01174583494712381,4.52814774681409e-05,5.298188984770256e-07,6.499064246433554e-09,3.461310303613095e-07,3.203131331664005e-07,0.9882076808132817,6
0.009544764857244611,4.533469482198094e-05,7.907593248959103e-07,6.268341856341063e-09,3.873795949716661e-07,3.375262533513733e-07,0.9904083785144183,6
0.032425345705541675,0.0003126573230581201,2.8389876778924813e-06,2.601639187039445e-08,9.555891919235485e-07,1.235293014058257e-06,0.9672569410851245,6
0.0259875911728118,0.0002381337923800822,1.8660027210093362e-06,1.9621607722973407e-08,7.066907453771439e-07,9.316601266435742e-07,0.9737707510596074,6
0.04499376011113834,0.00036589337520045713,2.424661508783165e-06,2.2347202864010217e-08,8.048556301821984e-07,9.712144192707194e-07,0.9546361234349,6
0.18120810210964824,0.011350802489361234,3.253642667161818e-06,4.23623339108225e-08,2.365850528137598e-06,1.7848319300461995e-06,0.8074336487135313,6
0.7993518763471718,0.034822162088540005,1.1774511387877226e-05,1.228541169666121e-07,5.241738515858081e-06,6.344892871326594e-06,0.1658024775673963,0
0.6713894014032395,0.026123247210386114,1.3547190374031424e-05,1.4022710059203232e-07,6.341818806019563e-06,8.026981969416017e-06,0.3024592951681243,0
0.03737876557065544,0.006561940107762573,6.875097832954344e-06,4.589737509632729e-08,9.698795043554797e-06,3.439098110622373e-06,0.9560392354332198,6
0.7808021395375242,0.13304169549210848,9.012758181624743e-05,1.7713841633740134e-07,5.642622812371841e-05,2.3619061710055393e-05,0.08598581496030097,0
0.8081053995027481,0.11815261178606354,0.00010050378665860296,1.573143401434816e-07,3.563426836836256e-05,2.0975783709437022e-05,0.07358471755811177,0
0.7257565636440901,0.13239073978008592,4.947409617143197e-05,2.000962322333889e-07,3.9928420366633803e-05,2.2369924000578513e-05,0.14174072403905316,0
0.8397750935111601,0.0814038437908784,3.0768835129258866e-05,1.1236087503408911e-07,3.7830573193294934e-05,1.877563331562943e-05,0.07873357529544843,0
0.7974674797431923,0.17405861288948532,1.877389052490915e-05,2.3738548801264268e-07,1.0969911062864454e-05,1.2050948635859947e-05,0.028431875231610795,0
0.8181337551446541,0.15470613454145749,1.6389715518651956e-05,2.33350839064002e-07,1.1747568512061236e-05,1.1846128418538129e-05,0.027119893550599992,0
0.7941280647696468,0.1945649356620589,1.711463429841561e-05,2.668677201812563e-07,1.6968379047962452e-05,1.0936312321847351e-05,0.011261713374905925,1
0.7381376402015966,0.26013268874671963,1.6596473536629947e-05,1.9863134794290259e-07,1.5508584797753982e-05,9.98265539131302e-06,0.0016873847066102294,1
0.9161582795749044,0.08381742856420177,7.166763127623155e-06,1.1175101399186417e-07,4.720262126002626e-06,4.3107547164358695e-06,7.98232991003812e-06,1
0.9097392871335688,0.0902367460431425,7.116549753612716e-06,1.0316250393843218e-07,4.36187515504298e-06,4.458833545936724e-06,7.926402330165616e-06,1
0.9152443376265218,0.08473150025817092,6.901985708319447e-06,1.081544347564761e-07,4.623311692570273e-06,4.416094194156536e-06,8.112569277389974e-06,1
0.7913897105950298,0.20857142758320663,1.2382102999054538e-05,2.4314709264202873e-07,1.1942045799450792e-05,1.1353665604624371e-05,2.9408602678932497e-06,1
0.7665879597075864,0.23336859257937234,1.3571620260218424e-05,2.084113747865219e-07,1.3089287880472171e-05,1.2387743870975542e-05,4.190649654662559e-06,1
0.7890358347347571,0.21092038148043185,1.3207088219076395e-05,1.9897946028641688e-07,1.4244617205040765e-05,1.2055010603182304e-05,4.078089323395179e-06,1
0.8094060838503669,0.19054894684758167,1.4111834872028036e-05,2.105925117743446e-07,1.2084113726359078e-05,1.3579523830709862e-05,4.983237110645932e-06,1
0.7826629488318265,0.2172908679473265,1.3928772131301424e-05,2.0368142775139546e-07,1.409718660422124e-05,1.3133880111496151e-05,4.819700572296195e-06,1
0.77873428940407,0.22121975919664336,1.3858855186807776e-05,2.026590272882219e-07,1.4026424285473203e-05,1.306795321154507e-05,4.7955075756549506e-06,1
0.7672237719760179,0.23273243521689785,1.2889234946066637e-05,1.8982732092780267e-07,1.4219113845171336e-05,1.2427256791488272e-05,4.067374180704604e-06,1
0.6687260301073285,0.3312324202703291,1.468067840662497e-05,2.4007261767655224e-07,1.1380030517686557e-05,1.028521432439023e-05,4.963626476044813e-06,1
0.651132669120905,0.34883294851316815,1.2431452781198628e-05,1.9922484584274435e-07,9.443746011160628e-06,8.53521012961555e-06,3.7727321593282894e-06,1
0.6360706505427023,0.3638955262945283,1.2791936947600048e-05,1.7971961806191487e-07,8.028177817567936e-06,8.887689965181588e-06,3.935638421022709e-06,1
0.6398365120562819,0.3601255118342111,1.5072050857034664e-05,1.7940425590810803e-07,7.200188321435746e-06,9.188410599926051e-06,6.336055472964021e-06,1
0.452541705289288,0.5474175403891598,1.489832976739497e-05,2.1656439380152274e-07,1.1513145193525947e-05,1.0382483540383316e-05,3.743798657086618e-06,1
0.7904356031477561,0.20951932664673287,1.4442620370440397e-05,1.3546473003033757e-07,1.853561657320174e-05,9.831221557093709e-06,2.125282280307841e-06,0
0.8176089228789907,0.18235283958697782,1.2253110045902239e-05,1.1492819182572959e-07,1.5725605452105693e-05,8.340802190665231e-06,1.8030881509920869e-06,0
0.6935542957318312,0.3063948255937258,2.3112566104466064e-05,1.7594705584760787e-07,9.95034832507452e-06,1.4667700206639839e-05,2.9721127511122883e-06,1
0.5470829250844323,0.45287202655522707,2.0229116350061176e-05,1.5734640714189774e-07,8.886918126148904e-06,1.3117070458673589e-05,2.65790899856366e-06,1
0.3084683857091616,0.6914686537601087,2.5920195604468193e-05,1.9792038728250186e-07,1.5765058794983987e-05,1.7041054397334746e-05,4.036301545541845e-06,1
0.23241334951123055,0.7675199546866827,2.761017318619883e-05,1.976048831777073e-07,1.5739927777252874e-05,1.8339559256183808e-05,4.808536983997903e-06,1
0.29545500117733753,0.7044966006914061,2.0056092381821816e-05,1.5308539159946164e-07,9.462945363412351e-06,1.5000812894605097e-05,3.7251952248255865e-06,1
0.39034561569308346,0.6095865120333002,2.685827735308635e-05,2.0500553288290614e-07,1.37803118502882e-05,1.9971984778264064e-05,7.0566941019690966e-06,1
0.5735018968469662,0.42642988666707615,2.569714744919649e-05,2.0538897478851168e-07,1.6902458053787153e-05,2.0654725097812362e-05,4.756766382155468e-06,1
0.5872988591982387,0.4126353705819746,2.341339784217787e-05,1.9866920443265674e-07,1.605627808251461e-05,2.150073677390179e-05,4.601137883802772e-06,1
0.7262483170817272,0.27369201682658295,1.9877996671574905e-05,2.1070721701578094e-07,1.323974820482936e-05,2.214044811367718e-05,4.197191482712233e-06,0
0.592304921528639,0.4076498832399376,1.782252078962799e-05,2.0583948146509427e-07,7.33794882055596e-06,1.5271669405853584e-05,4.557252925820631e-06,1
0.5493715588819501,0.4505617258682662,2.4912026870284248e-05,2.978559552744953e-07,1.3354733566693719e-05,2.1680813486776763e-05,6.46981990449015e-06,1
0.2145207823662144,0.7853973913305066,2.745512504607008e-05,2.551320693057528e-07,2.3851911062716204e-05,2.5164394979694007e-05,5.0997401212439944e-06,1
0.26321001725147536,0.7366960436841612,2.9169976647285907e-05,2.6980593816178386e-07,2.9667093141238915e-05,2.9439138004071533e-05,5.393050632708133e-06,1
0.15097607234172222,0.8489379972923168,2.9092233806592944e-05,2.1393946586033469e-07,3.352647668827223e-05,1.6120077680332352e-05,6.977638319926103e-06,1
0.6268034776627462,0.37221535087727214,1.4237263240417428e-05,1.491368178314035e-07,0.0009496839761590873,1.3870588736152336e-05,3.230495028279373e-06,0
0.2885536586722344,0.7101504481151789,1.566001121186524e-05,1.6506469920560028e-07,0.0012598808871090892,1.3459651696920205e-05,6.727597869487987e-06,0
0.22527447772088288,0.7631992150160221,1.4297375585713776e-05,1.7108541414685338e-07,0.011491551232660185,1.686663925058447e-05,3.4209301845844756e-06,0
0.18189090055498405,0.8120383029284186,0.0006706964131252049,2.1927749156335872e-07,0.003205819811244712,0.0021881761281831217,5.884886552873574e-06,1
0.44827065628522544,0.540411428657171,0.0005844913346345496,2.6658985108051297e-07,0.008227175038520121,0.0025021975057573985,3.7845888403945263e-06,0
0.398694173461112,0.5957918188481038,0.0020306328703893553,1.2377598743640097e-07,0.0028307838422408065,0.0006503220766724088,2.145125494222929e-06,0
0.07634099243843029,0.9178002564655624,2.637131554633764e-05,1.6160808570530717e-07,0.005816190421891516,1.2822979109497616e-05,3.20477137440713e-06,1
0.08265934824652564,0.9122967081445875,2.7007069216830893e-05,1.6595218428349696e-07,0.005000312003805583,1.3167666598830933e-05,3.2909170812275915e-06,1
0.06539403369337428,0.9345676228454012,1.738371823940704e-05,1.7433555041254964e-07,7.940874819525887e-06,7.458569193009236e-06,5.385963422196972e-06,1
0.07141088723326283,0.9285364184529716,2.0210851528596558e-05,6.386390832665096e-182,1.57073997273542e-05,9.579866068189212e-06,7.19619644151274e-06,1
0.1709602451191912,0.8289700651792425,2.580210265743471e-05,1.9846308407858518e-07,2.3223761870482017e-05,1.3464996054935299e-05,7.000377899515367e-06,1
0.2709464462833831,0.7289981476679861,2.0233817024912177e-05,1.6742515431761897e-07,1.6796022849406896e-05,1.1874521889564083e-05,6.334261712590892e-06,1
0.34903436218985173,0.6508860253952894,2.630060359107043e-05,2.1793248330054648e-07,2.416642995826242e-05,1.5014741374000848e-05,1.3912707452139705e-05,0
0.3114033071989583,0.6885433520059713,2.646299248704198e-05,1.769233722669221e-07,1.0474319493423628e-05,1.2182978829689072e-05,4.043580887894203e-06,1
0.410344258251673,0.5891853755190339,2.7878886116916503e-05,1.7600036603574065e-07,1.197242454733457e-05,1.05684317405992e-05,0.0004197704865223079,1
0.2930121478738309,0.7061358424163299,2.56670384154796e-05,1.6500460002368565e-07,1.1057259300540644e-05,9.08389970744569e-06,0.0008060365078155516,1
0.35679224576430585,0.642239699139097,2.5069450759829876e-05,1.8579867543258443e-07,1.161319818865924e-05,1.1156798494409168e-05,0.0009200298504787936,1
0.32981969522427923,0.6692583417790128,2.683446260043359e-05,3.5401197095393134e-07,1.0510522835282263e-05,1.1767118502683677e-05,0.0008724968807986978,0
0.6086817631691626,0.39020093869874906,2.869626443103685e-05,2.194449656078545e-07,1.3534298958597733e-05,1.4560899715084945e-05,0.0010602872240181506,0
0.6632909403963374,0.33603840768986604,2.3263066089803878e-05,1.9830266435161526e-07,1.2230344570388992e-05,1.1722966293608936e-05,0.0006232372341783414,0
0.8572453541110683,0.142629756980816,2.316556369741362e-05,1.8783797551617265e-07,1.2355517110493187e-05,1.2273788716837102e-05,7.690620061553535e-05,0
0.8318494825713797,0.16642305475092634,1.917744342055254e-05,1.8467167265858935e-07,1.0409645513589731e-05,1.006698463123393e-05,0.0016876239324558771,1
0.7031456945705684,0.29608165189696006,2.082175031787336e-05,1.8074792070388123e-07,1.6271930967163024e-05,1.197667618321232e-05,0.0007234024270826057,1
0.6732080205609977,0.32441969693651523,2.1138371595782824e-05,2.0902912581205715e-07,1.5323125709246068e-05,1.2131141636676284e-05,0.0023234808344191698,1
0.6436394737818395,0.35385490109480805,1.8984495457712153e-05,1.8763192238294847e-07,1.376178903407915e-05,1.0919886711133431e-05,0.002461771320227023,1
0.649382424365804,0.3475445942118707,2.500491338524469e-05,2.2510200454688215e-07,1.5945846419292752e-05,1.4943064265685842e-05,0.003016862496250644,1
0.6814830999631758,0.31505557354143787,1.7122492176627975e-05,1.837771022747493e-07,1.3588530186514567e-05,1.3268516296399624e-05,0.003417163179624263,1
0.4412392496658359,0.554100727536556,2.308989757267395e-05,1.7586179143063706e-07,1.3775497896431054e-05,1.2613235145159655e-05,0.004610368305202382,1
0.4236906457730074,0.5706350735995397,3.2110903005326475e-05,2.541217107595308e-07,2.1963711558062776e-05,1.4977285311338151e-05,0.005604974605867289,1
0.5650847939640847,0.42097594381950654,2.2276751849196536e-05,3.44794414038999e-07,1.6879601443477994e-05,1.5053291233019417e-05,0.013884707777469137,1
0.46414703243914046,0.5241453186234104,2.130493626174598e-05,3.205031561668498e-07,1.2489462662265528e-05,1.4102126302507557e-05,0.011659431909066334,1
0.6982933486566392,0.293977870931499,2.3898237350724653e-05,5.866682238668633e-07,1.7727225579483073e-05,2.067058195649452e-05,0.007665897698751381,1
0.6837606070062006,0.30995507552019,3.3721109569562344e-05,2.885982110842291e-07,1.9225496990464143e-05,1.9616109800035048e-05,0.00621146615903825,1
0.83863683794539,0.15239455004099048,3.3174864323470825e-05,3.646813919004102e-07,2.3639819242610232e-05,1.7780461633361097e-05,0.008893652187028157,0
0.8547211295117452,0.13234678468595248,3.350173411355638e-05,3.682745740414525e-07,2.3872740850914315e-05,1.6176852884517418e-05,0.012858166199879404,0
0.013496642939550324,0.00040118939329631076,4.0671478837951986e-07,5.793970246791949e-09,3.4436992276175154e-07,2.497635920060017e-07,0.9861011610248801,6
0.019007363053973315,8.016365975251012e-05,5.589874255813735e-07,7.386465837399621e-09,3.933927922670956e-07,3.2803217925573997e-07,0.9809111854874113,6
0.008367040165594721,4.1465570534349227e-05,3.6539755625834024e-07,4.622216146717878e-09,2.461727376051265e-07,2.2781072474241353e-07,0.9915906502606363,6
0.010781048152813652,6.895717355344906e-05,4.80854127171003e-07,6.182618799256832e-09,3.292775904611689e-07,3.047167905518405e-07,0.9891488736425059,6
0.011155168377639394,7.135010167207836e-05,4.97540561700901e-07,6.397165910298748e-09,3.407040681493574e-07,3.152909678093348e-07,0.988772321587925,6
0.014844849880849359,7.050846711175066e-05,1.2298577959258703e-06,9.7490713758757e-09,5.857759018237607e-07,5.249502357351002e-07,0.985082291319034,6
0.025496932850474163,0.00020321813692647682,1.2151762892543812e-06,1.344104346957639e-08,5.701527373387269e-07,6.345238911876298e-07,0.9742974157186381,6
0.039640715646106356,0.0004908099538930919,1.7379163957733296e-06,1.842108882966465e-08,9.487038495588387e-07,8.46791883493392e-07,0.9598649225667828,6
0.04519706224574509,0.000962089959813842,1.9815160810645805e-06,2.100312986025852e-08,1.1016643671742112e-06,9.654847255816828e-07,0.9538367781261374,6
0.24327551784322757,0.01633909439142619,6.533833318264843e-06,5.397379973984255e-08,3.7676727207429695e-06,2.477507286066609e-06,0.7403725547782214,6
0.4097430944231181,0.02852090821914062,7.314673724383144e-06,1.0249084576132851e-07,5.649669503978946e-06,4.202133396184928e-06,0.561718728390271,6
0.8804219179075314,0.02782502376991284,1.3072535836697588e-05,1.3531394681508655e-07,5.74747201850285e-06,7.634983633723518e-06,0.09172646801711982,0
0.6798482918976468,0.016179576119702097,1.3613729838768858e-05,1.3587411932127364e-07,6.372967790950285e-06,7.130955786159102e-06,0.3039448784551159,6
0.596050645737103,0.014728953826070828,1.570805917820063e-05,1.3801930059486143e-07,6.038513553376106e-06,6.395338583476041e-06,0.38919212050621055,6
0.3379088465488932,0.018066181323728517,1.915830641316457e-05,1.7424122653845652e-07,1.4110839664173646e-05,1.1812788091429518e-05,0.6439797159519831,6
0.0724181284279238,0.011058878457240821,1.5642572818736048e-05,8.03930829886379e-08,1.750741169147094e-05,6.021097761491802e-06,0.9164837416394808,6
0.08580389311418565,0.013103001219539613,2.0387563278323568e-05,9.520914349313114e-08,2.0383335208781967e-05,7.134037291108667e-06,0.901045105521353,6
0.17891286540689755,0.028603674395782167,4.7694205565978235e-05,8.573792746576503e-08,2.6392838567243836e-05,1.3827688405822342e-05,0.7923954597268537,6
0.23650689489555796,0.03997972803603257,8.370526579181923e-05,1.1983701726655896e-07,3.872387687470697e-05,1.9327140079363246e-05,0.7233715009486463,0
0.3235472424863978,0.01576818396595991,2.3238551117608896e-05,6.54314892395444e-08,1.9540469983320998e-05,1.0744748160504062e-05,0.6606309843468916,0
0.8693852613490135,0.08887126614691566,3.185373319231447e-05,1.1632267908600131e-07,2.4137871222184046e-05,1.943765539515231e-05,0.04166792692158229,0
0.8087304569742698,0.16543167192589667,1.953168968289637e-05,2.4696744028277493e-07,1.220754689138855e-05,1.2537379443426729e-05,0.02579334751637569,0
0.770892331242153,0.2218670844704538,1.624656240828556e-05,2.2678428016289773e-07,1.5815549930399263e-05,9.859337522268035e-06,0.007198436053252114,1
0.9215817582312708,0.07838471157487413,7.1320082343770776e-06,1.1120908251006895e-07,4.697371428576e-06,4.468518968646846e-06,1.712108614094525e-05,1
0.9025121190101726,0.09746202170544711,7.675984693535344e-06,1.1969128288646135e-07,4.704763977547553e-06,4.809344307929193e-06,8.549500118406007e-06,1
0.9000843677788501,0.0998897817948123,7.452334712159625e-06,1.1955893904019342e-07,4.9919642937168836e-06,4.7465215419226886e-06,8.540046850782407e-06,1
0.8761319793466771,0.12383929117437462,8.169806492272622e-06,1.6760478749678455e-07,5.756143123246366e-06,5.2034917923961905e-06,9.432432752623907e-06,1
0.8621755462391767,0.13779655246768333,1.0466349575727812e-05,1.4933817712717238e-07,6.653374649402773e-06,7.342802420450452e-06,3.2894283170879376e-06,1
0.8066491474321651,0.1933042919836175,1.4514515731235878e-05,2.1870434199127905e-07,1.2549582693154001e-05,1.4102594621847808e-05,5.175186829236123e-06,1
0.6046728848617561,0.39529263941864135,1.3777848533682234e-05,1.9035319881700108e-50,8.081736804482533e-06,8.631364186933776e-06,3.984770077480686e-06,1
0.5901018627824018,0.4098598995089164,1.4734249735302228e-05,2.141759396977775e-07,7.173263816434893e-06,9.490196980907775e-06,6.625822209431681e-06,1
0.5046495511251848,0.49530585195457355,1.4727895297013195e-05,1.9710043886128686e-07,8.14272191894047e-06,9.332812418153386e-06,1.219639016869582e-05,1
0.536887738403998,0.46306481412323974,1.3845618314830997e-05,2.0108448582871238e-07,1.1207721935372522e-05,9.977638262589524e-06,1.2215409763723826e-05,1
0.49408632843441214,0.5058735276488429,1.4413135792345188e-05,2.0932672951692012e-07,1.126782525841997e-05,1.0631754615898962e-05,3.6218743487528587e-06,1
0.8260346522891048,0.17386038423729758,1.3732688066243762e-05,1.28805911515337e-07,7.973320211645509e-05,9.347964253773594e-06,2.020813249922241e-06,0
0.8225430758060107,0.17742596052011014,1.2378747315664889e-05,1.1610660809601942e-07,7.892121098649913e-06,8.755122740445977e-06,1.821576116217519e-06,0
0.6892959346971571,0.31065564891503583,2.4138302289964394e-05,1.7804291462324015e-07,7.304785180403073e-06,1.3787741244968414e-05,3.0075161772257806e-06,0
0.6134375026651578,0.3865077531962376,2.5338666881407962e-05,1.8689674402283305e-07,1.1735956067797407e-05,1.4325543088731398e-05,3.157075822472102e-06,0
0.4577837995816381,0.5421445408808492,3.8198662054664545e-05,2.5392841414987667e-07,8.54477317143062e-06,2.011372802182163e-05,4.548445850520345e-06,1
0.31450835470902716,0.6854351956498571,2.9544185984955437e-05,1.9322382147023417e-07,7.577209419629544e-06,1.53053032895145e-05,3.8297186000011914e-06,1
0.17451553475873927,0.825436576943182,1.9534975757990913e-05,1.398110245996825e-07,1.0935009430069574e-05,1.3876326415250085e-05,3.4021754510672817e-06,1
0.2818147041584439,0.7181376950338236,1.787114698540583e-05,1.3640800423675947e-07,1.0194987707056302e-05,1.4702832939762411e-05,4.695432096014318e-06,1
0.28258588509860755,0.7173659545456295,1.8620150484393272e-05,1.421250448132072e-07,1.0283130718239103e-05,1.4222725625812948e-05,4.892223889626931e-06,1
0.5925151947916731,0.4074185941929265,2.455150545462066e-05,1.9623222946470516e-07,1.678198033352328e-05,2.013659933764842e-05,4.544698045132547e-06,1
0.6209889795267423,0.37893803038874235,2.7367398384100154e-05,2.3222000074530868e-07,1.4880567176706058e-05,2.5131731532919148e-05,5.378167420850227e-06,1
0.6358711649324911,0.364057318326339,2.4857306542839956e-05,2.3749706259473022e-07,1.521871924411594e-05,2.5702835233102694e-05,5.500383087137722e-06,0
0.7132102377017004,0.2867320073346041,1.9465571769090242e-05,2.0633550366526942e-07,1.2291865174398943e-05,2.1681082298041064e-05,4.110108950374235e-06,0
0.7440638017125271,0.25587887236558426,1.9434348752782947e-05,2.2780273786261212e-07,1.3301216083396548e-05,1.970111175623768e-05,4.6614425582956505e-06,0
0.7382417134060638,0.26171320904003903,1.638806936929873e-05,1.6297035164667483e-07,8.785246629632498e-06,1.5516849639688326e-05,4.224417907052236e-06,0
0.6822006132556856,0.3177391572449456,2.2436607210171223e-05,2.0422684644656428e-07,1.0984700020792018e-05,2.090957617416279e-05,5.694389117091771e-06,1
0.6388668120573754,0.36102878964668916,2.9637916363527757e-05,2.947328048835044e-07,1.7564907567486763e-05,2.689084661456854e-05,3.00098925848851e-05,0
0.5463650078005775,0.453532553247094,2.376738117040843e-05,2.496280127328067e-07,1.4876840640933218e-05,2.3146222318443818e-05,4.039888018612564e-05,0
0.6273073072031419,0.37260493842303805,2.1541629784852343e-05,1.765202822665579e-07,1.0724004521246637e-05,1.4355121036397472e-05,4.0957098195493425e-05,0
0.33079534517204834,0.6690294079370769,0.0001353901031214258,2.0211899448882074e-07,1.3765606417268532e-05,2.1300127661016133e-05,4.588934680604203e-06,1
0.21311428382122452,0.78679845945451,3.640561437114084e-05,2.5260857762377143e-07,2.04992865829753e-05,2.5137295014397304e-05,4.9619197192561385e-06,1
0.19154594477463235,0.8083645282228727,3.1522496388155685e-05,6.08453380513287e-85,2.89405502772161e-05,2.44159696508459e-05,4.647986178787433e-06,1
0.22520919204190157,0.7747049922078091,3.0083847224439414e-05,2.462938269499759e-07,2.6672378904417985e-05,2.342028316915281e-05,5.392947164383006e-06,1
0.19584846696774597,0.8040623059378227,2.956126950452379e-05,2.611952652620223e-07,2.5684086619952113e-05,2.8499607949503202e-05,5.2209350920106685e-06,1
0.34858599903190696,0.6512703109931073,3.2596570345814066e-05,2.5508021473579726e-07,8.828979477171336e-05,1.7873773829857363e-05,4.674755823697033e-06,0
0.5353471198824684,0.4631392672519688,1.6019748236235724e-05,1.6780853413105725e-07,0.0014773964329363057,1.705241176504541e-05,2.9764640910337213e-06,0
0.5028754033693568,0.4945082262568857,1.6107701439282445e-05,1.7921125506307479e-07,0.0025798290300184314,1.5022860616694315e-05,5.231570428158349e-06,0
0.28696612581712205,0.7108078728211293,1.490360405419129e-05,1.5709177260489564e-07,0.0021956448177874546,1.1900659156273217e-05,3.395188978242239e-06,0
0.29290451954674923,0.704644750527259,1.535819981252968e-05,1.6188344938565128e-07,0.002420081245978036,1.2263657874851713e-05,2.864938876952114e-06,0
0.21468184383786165,0.7789862477234089,1.4178140082797201e-05,2.4328845176367834e-305,0.006300171502571074,1.4166395345946452e-05,3.3924007297515896e-06,0
0.22620305989157052,0.7605079632629472,1.3924243912449441e-05,2.4350607725362514e-305,0.013257445775049895,1.4211391232164287e-05,3.3954352875598095e-06,0
0.23383615412478434,0.760217464503188,0.0004031860620717735,2.4241232442493164e-305,0.004811806141571372,0.0007181330798985607,1.3256088486013289e-05,1
0.20221183863388273,0.7946537791699186,0.00037050028475648294,1.556044916349745e-07,0.0018843078292168727,0.000874825878032865,4.592599700800398e-06,1
0.26642542459234864,0.7241621360149464,0.0002960333615413233,2.3969670671110547e-07,0.007365740946307479,0.0017389985328563988,1.1426855293009272e-05,1
0.5359582337198745,0.4470289549953555,0.0005426677364169577,2.527559987644037e-07,0.014541241477730737,0.001925061115266278,3.5881993571377118e-06,0
0.5437994190422728,0.44498415729091,0.002482899039227333,1.418657406080448e-07,0.00811560854781651,0.0006155680273095213,2.2061867231940675e-06,0
0.33508794834019745,0.6456617614553678,0.0009935141567064198,1.223635052995138e-07,0.01779824492406921,0.00045628811397500734,2.1206461787698565e-06,0
0.052100083262580484,0.9397516482350134,0.00013047350333441552,9.725107816240183e-08,0.007855429956917199,0.00015403930754035383,8.228483536100526e-06,1
0.04048548230488526,0.9594458523269752,1.3426987991532179e-05,7.231335122706932e-08,4.350469840373672e-05,7.636147259650291e-06,4.025221133032222e-06,1
0.08678193225632083,0.9131756709564078,2.0427533041623593e-05,1.0758091412736695e-07,1.0077102434806114e-05,9.293298304117545e-06,2.4912725765358883e-06,1
0.13955462610390873,0.8603836459702179,2.9347427460371453e-05,1.8057973206373407e-07,1.405801258579753e-05,1.4562793478899958e-05,3.5791126160424823e-06,1
0.19082016701025842,0.8091202628410421,2.7182276530630864e-05,1.797689539804413e-07,1.4002230494948512e-05,1.4640961996480997e-05,3.564910723428682e-06,1
0.3446907707101653,0.655243875556058,2.8992345167810234e-05,1.959205343351366e-07,1.5260279484924454e-05,1.7019983728982223e-05,3.885204860607886e-06,1
0.3904917508971148,0.6094535424377194,2.1714752409614894e-05,9.602649519903431e-209,1.3301587040962116e-05,1.08350896594375e-05,8.855236055723829e-06,0
0.2131535832676869,0.7868124647849272,1.567852109436318e-05,1.0473377146595656e-07,6.4129891288775615e-06,7.33754569243021e-06,4.4181576986497115e-06,1
0.1982026072528896,0.8017300269580444,1.4064866477721854e-05,1.0047024483354837e-07,6.9822832467979885e-06,6.605044818565523e-06,3.96131242782285e-05,1
0.25421608692940867,0.7456982487903203,2.0766004424692103e-05,1.4833880947736533e-07,1.031774119088447e-05,9.751986635982468e-06,4.4680209209803425e-05,1
0.3153810329857088,0.683942325501422,3.053171450174519e-05,2.101802257935512e-07,1.29561029463281e-05,1.3938846502275432e-05,0.0006190046686929826,0
0.6353437647113712,0.3638954230027882,2.701462437311683e-05,2.06585192672534e-07,1.274117066347278e-05,1.3707611221765947e-05,0.0007071422943896024,0
0.6929119941171046,0.30639843462670424,2.3919325922132384e-05,2.038968569982469e-07,1.2575367184609272e-05,1.205367557606283e-05,0.0006408189906511926,0
0.6835843396301985,0.31601008220181787,2.425809989380723e-05,2.0678468704338202e-07,1.275347450670808e-05,1.2224394080483742e-05,0.000356135414815477,0
0.6549134162247957,0.3440481987660935,1.7570931282812466e-05,1.8083531379127329e-07,1.4560668215419757e-05,1.0945269670872224e-05,0.0009951273046279942,1
0.6770764180714112,0.322143694276191,1.4271932818259091e-05,1.484055681197376e-07,1.1644482507039419e-05,8.753169794936262e-06,0.000745069661709429,1
0.5495458165119533,0.446513156234196,1.997078567103888e-05,2.1434806819671722e-07,1.4349253534304785e-05,1.422918007654642e-05,0.003892263686500488,1
0.7458975733028117,0.252736693410086,1.541428458048992e-05,1.5125678150805313e-07,1.0095278106080161e-05,1.071024533025004e-05,0.0013293622223041611,1
0.7702219466895688,0.22770220445807832,1.6542019381802395e-05,1.3857185486507197e-07,1.0424493970140571e-05,1.1059515814296795e-05,0.002037684251331952,1
0.5934308341499506,0.40244144258982023,2.1365085019305123e-05,1.9401018371345628e-07,1.5197086620632052e-05,1.5133876558356049e-05,0.004075833201847257,1
0.433679428645905,0.5630322730187638,2.320723478768513e-05,1.6213358587079542e-07,1.2700148525354271e-05,1.1628614873531938e-05,0.003240600203558865,1
0.38385835504548277,0.6094724757932193,2.6281286074023893e-05,1.9438150864085802e-07,1.6732294344419198e-05,9.707056031409513e-06,0.006616254143339467,1
0.4015514898682903,0.5906793960510842,2.695989741700264e-05,2.106326275638733e-07,1.7509515823587546e-05,1.0677707003644332e-05,0.007713756327753658,1
0.7852308322182334,0.17172384999244575,2.1449993286408735e-05,2.891270924491685e-07,1.770886626548865e-05,1.0925896032254236e-05,0.042994943906644115,0
0.8675169296168086,0.09847412161120941,1.646491225583046e-05,2.3284163136301693e-07,1.5956157668882512e-05,1.1416700991806838e-05,0.03396487815943406,0
0.8867472324506583,0.084723711364456,1.3807680980566887e-05,1.9526389906613784e-07,1.2003729107990278e-05,9.57418798813024e-06,0.028493475322910085,0
0.5583964769828271,0.4280779191423075,2.1617556626852405e-05,3.319968114648563e-07,1.6380114233585897e-05,1.3431222424627635e-05,0.013473842984769023,1
0.5463256287040283,0.4447222947351807,3.6629662478062355e-05,3.080505325831098e-07,2.0916761955202012e-05,2.1026356803667776e-05,0.008873195729021508,1
0.8354953113384748,0.15738876915655484,3.274815703874553e-05,3.599907259489124e-07,2.3335755208404848e-05,1.7551762807926384e-05,0.007041923839189332,0
0.8208618438316878,0.048624273825294884,1.963547648376829e-05,2.797227191610651e-07,2.2215657080434314e-05,1.2058148062123172e-05,0.13045969333867186,0
0.9024956920750073,0.09291179665494638,2.1230447937112287e-05,2.811702823676962e-07,1.788863433568943e-05,1.3580627386538461e-05,0.004539530390104629,0
0.011057460786649034,0.00020602542353754258,4.5697068867813934e-07,6.982150013001596e-09,3.188621641780069e-07,2.11519792874189e-07,0.9887355194550177,6
0.01014554827330797,6.489242262542057e-05,4.525096901973837e-07,5.818178028167996e-09,3.0986798704451207e-07,2.8675494853664513e-07,0.9897885043532628,6
0.012773796746475595,6.339017514036932e-05,5.803197262738888e-07,7.587634052073192e-09,3.928984052201586e-07,3.739644269362877e-07,0.9871614583081915,6
0.015787822516583463,6.0181340002273466e-05,7.400953839592244e-07,9.078436919985525e-09,4.700942827862831e-07,4.4744019505421435e-07,0.9841503294351155,6
0.018177656557631663,7.735455747519093e-05,1.3492720726785524e-06,1.0695667243476858e-08,6.443808971211639e-07,5.75920805616527e-07,0.9817424086154506,6
0.026648618782163142,0.00024298232843711137,1.449692547110692e-06,1.6885029469612038e-08,6.817159224989761e-07,7.648619374864079e-07,0.973105485733963,6
0.02487919132427135,0.0002938648866831629,1.3173830127703765e-06,1.396363459137279e-08,7.579710502350481e-07,6.418888994770284e-07,0.9748242125824484,6
0.03802391446653823,0.0004460721751831203,1.602016329608005e-06,1.6980612638245335e-08,8.902409038188366e-07,7.80575192474832e-07,0.96152672354524,6
0.2156238052699293,0.008618096183622803,4.285025709562582e-06,4.959119028069861e-08,2.6547811097988143e-06,2.27963818049926e-06,0.7757488295102578,6
0.7113197186801715,0.015255233671985908,7.722816599396911e-06,8.039831324382639e-08,3.415097283683118e-06,4.041747089004737e-06,0.2734097875885571,6
0.0873283155609279,0.02265869566029208,2.4297668040737682e-05,1.4033501723090793e-07,2.4374446611265152e-05,1.2154309114103555e-05,0.8899520220199966,6
0.4575838176677734,0.053265728605484106,0.00010781913199655189,1.543597414154435e-07,4.987947595263841e-05,2.4894914885227848e-05,0.4889677058441666,0
0.3415365277321141,0.03357845476945306,3.0163523940440427e-05,1.1641450110581144e-07,3.313893945667438e-05,1.9461084348034923e-05,0.6248021375361864,0
0.8293860379148337,0.16047353603658973,1.8681664256278383e-05,2.4097557204228834e-07,1.5896613883556007e-05,1.1064847289013035e-05,0.010094541947575418,1
0.7878867966106733,0.1977160778659305,1.7391820145177015e-05,2.521142655276893e-07,1.6665836132627075e-05,1.0993925643106821e-05,0.0143518218272097,1
0.7620753895095775,0.23192816768928357,1.4803892464339168e-05,1.6471450923004604e-07,1.4411153236614105e-05,9.275294154576292e-06,0.0059577877467739985,1
0.7913381041526328,0.20744918412048238,1.347430502729711e-05,1.4155198520426773e-07,1.0359949034583125e-05,8.442248750301613e-06,0.0011802936720873892,1
0.9073261113215048,0.09263677252550898,8.31746916462444e-06,1.2334262178155004e-07,4.8482889468615445e-06,4.95605963679799e-06,1.887099261611642e-05,1
0.8569485269651957,0.14301629458786722,9.588669851085778e-06,1.9671297897791483e-07,7.12581705962772e-06,6.107190533498463e-06,1.2160056514067921e-05,1
0.8068569836054957,0.19309787038000295,1.351340943728163e-05,2.1847079673199883e-07,1.417181691654955e-05,1.276475256920729e-05,4.477564781530477e-06,1
0.7835547093348474,0.2164031692192594,1.2633967954231798e-05,1.9824655779088744e-07,1.1814709477439142e-05,1.2783426310818711e-05,4.691095592705285e-06,1
0.7700682723818408,0.22988978268769067,1.2165662977906089e-05,1.8284715234865556e-07,1.3595128741646778e-05,1.1970292288396903e-05,4.030999308254457e-06,1
0.5929497023058473,0.40700812044131,1.6040719364434427e-05,1.8975192659770227e-07,1.1089818932197618e-05,1.0447694134196336e-05,4.409268485317006e-06,1
0.6059048758424805,0.3940547879223319,1.645770186950923e-05,1.938977573965442e-07,8.503067788030041e-06,1.0675962552309756e-05,4.5056052204140166e-06,1
0.6042603313540009,0.3956994784580491,1.6526392384975752e-05,1.947070403091267e-07,8.538557561391937e-06,1.0720521469261463e-05,4.210009494074288e-06,1
0.5555616225653183,0.44439727303312787,1.4119898660252758e-05,1.6807068504935525e-07,6.755025868080902e-06,8.574462878531899e-06,1.148694346199775e-05,1
0.5637373502083234,0.43621588884681545,1.4493234162469396e-05,1.2984503765566e-50,6.318301886386579e-06,7.89118197809565e-06,1.80582268341301e-05,1
0.5033295246689664,0.4966291877850376,1.4449161670167124e-05,1.7369645381219415e-50,6.737657466618101e-06,8.297833605830828e-06,1.1802893253336026e-05,1
0.4900156475490041,0.509934701023909,1.4294388777922433e-05,2.0760212742289032e-07,1.0786286047408722e-05,1.0895411141682667e-05,1.3467738992446058e-05,1
0.8558614542070286,0.14402910525742113,1.2999775673436718e-05,1.2227353628391505e-07,8.535128792878726e-05,8.865780146135975e-06,2.1014182653495358e-06,0
0.8057805737285263,0.19417823273358847,1.2789723896594405e-05,1.1996136783881192e-07,1.7695719794014125e-05,8.706080064170608e-06,1.8820527626063328e-06,0
0.7973309284507103,0.20262718969176202,1.2655607198263778e-05,1.1870341866712952e-07,1.7510157421241634e-05,9.735072469624008e-06,1.8623170197047983e-06,0
0.5306346891150107,0.4692963996263739,3.503433417606348e-05,2.43187292614584e-07,9.956096634053682e-06,1.926292131736715e-05,4.414719195371015e-06,1
0.4928013724488985,0.5071215988726608,4.01441639999169e-05,2.773464572871481e-07,9.670574158829309e-06,2.1968676598739645e-05,4.967917225914197e-06,1
0.42514517710914757,0.5747848443083358,3.7052130167169466e-05,2.463067591414564e-07,8.28830201811018e-06,1.9510014977620758e-05,4.88182859449015e-06,1
0.32019658598395717,0.6797420178134934,3.2133079875130956e-05,2.1015561208025083e-07,8.241184090688294e-06,1.6646474313609893e-05,4.165308657878684e-06,1
0.15828931567156362,0.841670934677303,1.622555284757017e-05,1.1612561983278283e-07,8.065478390181616e-06,1.2516681832426221e-05,2.825812443376964e-06,1
0.7433807409638852,0.2565630012960042,1.9221390369805482e-05,1.9752010533266898e-07,1.2411138531624433e-05,1.9753785509210217e-05,4.673905594739958e-06,0
0.6255861253816685,0.37430407464683557,3.187317850705151e-05,3.1058847942935514e-07,1.765438901580754e-05,2.83374874537229e-05,3.162432803997451e-05,1
0.6256484375229461,0.37423449949304954,4.0590188207703236e-05,2.9894043008341165e-07,1.611460328855771e-05,3.0101162062804632e-05,2.9958090015347247e-05,0
0.590488250022335,0.40939995837584536,2.7393567857201687e-05,2.7241399129714844e-07,1.623479469520143e-05,2.3804346058429645e-05,4.408647921744817e-05,0
0.27166613968554715,0.7282306670702355,3.5356729488783465e-05,2.572238739622231e-07,2.0891920900751208e-05,2.5618763705454407e-05,2.1068606248490024e-05,1
0.21895570288980515,0.7809600853456936,3.0913823986124504e-05,2.4024387572261944e-07,2.601719970854612e-05,2.2844988316419735e-05,4.1955086143856355e-06,1
0.3571371747310548,0.6427747977495591,2.5886472715109125e-05,2.3600628613142966e-07,4.090620063994907e-05,1.737404422688903e-05,3.624795517933622e-06,0
0.5406079752734784,0.4571777343580985,1.6885959324903663e-05,1.8787000584577655e-07,0.002174310002232352,1.626130254956222e-05,6.645234310509302e-06,0
0.4445897420197121,0.5529325410838865,1.5265951807523456e-05,1.6984610706073328e-07,0.0024450133864453963,1.4081951421417232e-05,3.1857606201676595e-06,0
0.3044454960736938,0.6766865107249266,1.5221694435031025e-05,2.6619578946859905e-305,0.018834122537510933,1.560955981136372e-05,3.0394096224017495e-06,0
0.27207032176220314,0.7200568259390767,7.541866298991743e-05,2.4918096949216086e-305,0.007630600317090841,0.0001602809875841861,6.552331055076972e-06,1
0.2633253067734345,0.7322257459727225,0.0003603246042476045,2.336748429570222e-305,0.0033719409562361926,0.0007105371032107524,6.144590148348536e-06,1
0.22964421543160166,0.7657535892633398,0.0003996308444423843,2.562968441753361e-305,0.00329443319400106,0.0009045574775803379,3.5737890348285077e-06,1
0.3347795785647694,0.6499443020688351,0.00027941747570398105,2.577222602396476e-07,0.013083219278102048,0.0019094836699854814,3.741220343816203e-06,1
0.5506468555182229,0.4092223349916011,0.003949177775381872,1.3325114705892394e-07,0.03558742427532271,0.0005920019691244827,2.0722191998700753e-06,0
0.5040030945617673,0.473904934788305,0.0018834194800431189,1.427897255995562e-07,0.019540547108380085,0.0006656418794093566,2.2193923694115407e-06,0
0.3651664556095011,0.6263304453938495,0.0011335791027428158,1.4916858120313805e-07,0.006803113229534847,0.0005621312995562365,4.126196234286671e-06,0
0.04481280479475514,0.9485498626771125,0.0002589333026181102,8.364849552747793e-08,0.0061577047530591246,0.00021353326470482313,7.077559254592745e-06,1
0.0577955387153382,0.9344385610895017,8.314683334004494e-05,9.16212292622484e-08,0.007586484942455515,8.842466015593039e-05,7.752137979208235e-06,1
0.05764151223154499,0.9361073149994125,1.4677115309238556e-05,1.1150044216952228e-07,0.006219432395608368,8.66565374961556e-06,8.286103933114112e-06,1
0.03953169767826896,0.9532385834415398,2.0897310690600512e-05,1.4542627740353647e-07,0.007195291794210924,1.0501982214028219e-05,2.8823667983701853e-06,1
0.04669292411366637,0.9510495315195859,1.9141594028927168e-05,1.000398480915669e-07,0.0022260428885809815,9.619643552046225e-06,2.6402007374890202e-06,1
0.2095536258684618,0.7903734690190997,2.27073470165084e-05,2.2602058425279243e-08,2.7325416273788487e-05,1.7758959684106294e-05,5.090787405550222e-06,1
0.18899227136741556,0.8109390657004047,3.0371522237821057e-05,1.4749851302663243e-07,2.0830557374627364e-05,1.38977017188915e-05,3.4156523353950093e-06,1
0.47312331473533076,0.5268154181768055,2.556789309076493e-05,2.0377997778431035e-07,1.650287124176814e-05,1.4951481890874394e-05,4.041061662417997e-06,1
0.24715203119072585,0.752777262991523,2.809437946620108e-05,3.208584439283022e-07,1.9271225011535607e-05,1.8001708788037647e-05,5.017646041410144e-06,1
0.18319430406620893,0.8167299149666433,1.5100363765644759e-05,2.1184763981220797e-07,7.46569241959367e-06,6.897581750470888e-06,4.610548157233573e-05,1
0.32807519370799976,0.6717923390095917,2.9798147530659125e-05,2.050228753726318e-07,1.2644814525401921e-05,1.3603946298471832e-05,7.621535117862242e-05,0
0.5699257919347116,0.42996357194828644,2.2391487139312578e-05,1.87108317605807e-07,1.2365675572221153e-05,1.1055399812794047e-05,6.463644616014925e-05,0
0.6096602126388079,0.39018764321284477,2.768494006519957e-05,2.1335698029459457e-07,1.429744052201592e-05,1.2614993971275263e-05,9.733341680862015e-05,0
0.8954087894363975,0.10359311091148216,1.1438547957296648e-05,1.4102119447019907e-07,7.865715630770404e-06,8.365305002195633e-06,0.000970289062335789,1
0.7926443994780245,0.206825298262869,1.2054954946676695e-05,1.2185395288604907e-07,9.638264937363843e-06,8.021461532031453e-06,0.000500465723737723,1
0.6582706965959412,0.3394084841966205,2.0051310792462863e-05,1.9817571652974358e-07,1.5669842354031778e-05,1.1507286174915716e-05,0.0022733925924003553,1
0.6186099295345998,0.3795363536070973,2.8395783348611927e-05,2.3030048412798138e-07,1.688244762773501e-05,1.3891444946578418e-05,0.001794316881895843,1
0.8203134796187863,0.17799979242596078,1.529852715668503e-05,1.6634720529441606e-07,1.072306622112356e-05,1.1778773559384562e-05,0.0016487612411106027,1
0.5941658305092093,0.3964368951728234,4.085611875550817e-05,2.690549878277289e-07,2.035282993693052e-05,2.0987789894620982e-05,0.009314808524392227,1
0.5999124829506021,0.39616880219416933,2.552440970717266e-05,1.9612922742034725e-07,1.536307425153956e-05,1.529917378795516e-05,0.0038623320682545322,1
0.46504225183693176,0.526627290362471,3.61436522359172e-05,2.3724393347314392e-07,2.07436083217424e-05,1.3216909174077886e-05,0.00826011638693199,1
0.8027261264238047,0.16496458219685659,2.6483878340680367e-05,2.0845556631891842e-07,1.8554168995158297e-05,1.1519282778674343e-05,0.03225252559365759,1
0.8019653582353362,0.1636458060121492,2.6272158300116178e-05,2.0678911020591476e-07,1.8405841421614974e-05,1.1427194188559312e-05,0.03433252376949409,0
0.7599823590269099,0.23539602378003782,2.938207087226152e-05,3.2306473719141914e-07,2.152154758431949e-05,1.980213895996442e-05,0.0045505883708982274,1
0.7453318804125607,0.2513566201612192,2.858418809297567e-05,3.1429177522014807e-07,2.118079139502063e-05,1.9597930958598868e-05,0.003241822223998229,0
0.7386874392974182,0.2548580737893762,2.9693699490330355e-05,3.2641398485373665e-07,2.1159202996323132e-05,1.819193763659829e-05,0.006385115659097595,0
0.7587113451994237,0.23374100521277566,3.283280160085076e-05,3.6092119838202783e-07,2.3396071420357575e-05,2.0115118338554874e-05,0.007470944675242616,0
0.9157251519218679,0.07978231134463101,2.154165979217292e-05,3.0687779119036635e-07,2.0331842239820322e-05,1.3779702425104355e-05,0.004436576651252759,0
0.9035466009676764,0.09127752439184726,2.1255169680083893e-05,2.8149769041262004e-07,1.5261715901661603e-05,1.3596441314753148e-05,0.005125479815889222,0
0.8158620631187136,0.17789422608317898,1.7502867136922738e-05,2.3128307408518576e-07,1.2034691451313827e-05,1.1171056996188958e-05,0.006202770899449055,0
0.009044800921701221,4.398239690763482e-05,2.8995751436175816e-07,3.840118514184304e-09,2.0819637172257338e-07,1.705392636394648e-07,0.9909105441481229,6
0.010332811193648478,4.440806598765949e-05,4.4228878732162944e-07,5.844408779711505e-09,3.0263173912241237e-07,2.822870797849117e-07,0.9896217476883489,6
0.011151933795144061,7.100501709430244e-05,4.823745106032067e-07,6.374101957118648e-09,3.3005999979378626e-07,3.078714538196842e-07,0.9887759345076954,6
0.006874472093282266,3.524890024762951e-05,2.97353819756029e-07,3.929236563709522e-09,2.0346141748789167e-07,1.8978356188979858e-07,0.9930895844784344,6
0.007779606123084943,3.678421943857671e-05,3.2523805185261144e-07,4.297699105723447e-09,2.225409281953273e-07,2.0758043731649794e-07,0.9921828500003599,6
0.008995473358253087,5.7309748411237046e-05,4.012142816599819e-07,5.158643380925337e-09,2.671218384486137e-07,2.542490982665819e-07,0.9909462891494738,6
0.010170861995745044,6.378683283506791e-05,4.448001599737133e-07,5.7190521523546175e-09,2.9614059594994405e-07,2.818694267667887e-07,0.9897643226421852,6
0.009616475445052146,4.59987128947359e-05,4.289120910182674e-07,5.514770087883762e-09,2.855625821982458e-07,2.718011729937518e-07,0.9903365340514367,6
0.011842505370509286,4.409481781612934e-05,5.927644438370969e-07,7.0344470633547794e-09,3.6425360182500467e-07,3.4670003149958724e-07,0.9881120890591505,6
0.010670839904576472,3.777953395926133e-05,4.712014816602577e-07,6.160921722563157e-09,3.1902122623058085e-07,3.036474275862239e-07,0.989290280530407,6
0.01372530417622066,6.201744350984858e-05,7.256391673586049e-07,8.901108627775029e-09,4.609119734218921e-07,4.387003859489012e-07,0.9862110442276343,6
0.14366564977116555,0.005230013732581054,2.8550233684996133e-06,2.7068195727073078e-08,1.7688253514587825e-06,1.4581447851514035e-06,0.8510982274345527,6
0.26587567367468956,0.015792696536789136,4.7111143290890565e-06,6.133857301392654e-08,3.2328261314768184e-06,2.586712902041793e-06,0.7183210377965856,6
0.03893890110353449,0.010584277294127573,1.0938632642753003e-05,6.404854785580842e-08,1.1124435946530298e-05,5.82829442794618e-06,0.9504488661907728,6
0.7947817032064781,0.1762070859567293,1.9711038094138563e-05,2.49235201995273e-07,1.2547234125238533e-05,1.2738714518413793e-05,0.028965964614852773,0
0.7972107120676022,0.1878167873442421,1.9772821686025586e-05,2.5001642142828373e-07,1.6493018285257483e-05,1.155819700398962e-05,0.014924426534758995,1
0.7393840225867729,0.2565485232569148,1.663186953074089e-05,1.8078684761968972e-07,1.5659429446029617e-05,1.0259913842453008e-05,0.004024722156645473,1
0.7283194515674979,0.2705822099508498,1.5300232204160162e-05,1.2874407679969616e-07,1.609426978599509e-05,9.438449712106133e-06,0.0010573767858733064,1
0.7157135448703423,0.28320275831968106,1.6013868627715238e-05,1.4160898011219334e-07,1.1781806213460677e-05,9.878679729963014e-06,0.0010458808464252976,1
0.8297776641932395,0.17018867950121527,9.420059178555744e-06,1.437265117666482e-07,7.109882391485321e-06,5.705980579306224e-06,1.1276656884113195e-05,1
0.7972636007901339,0.20269097489903753,1.3136915130751752e-05,2.164763220010078e-07,1.5308986664091246e-05,1.2409116436899296e-05,4.35281627485724e-06,1
0.599393430567367,0.40056459238827763,1.586191074442028e-05,1.8687839564437049e-07,1.1296280782892337e-05,1.028947823081209e-05,4.3424962016238275e-06,1
0.6079717656207839,0.3919944037786827,1.3859209728259415e-05,1.6328341021758977e-07,7.287204153891421e-06,8.990344170568984e-06,3.530559070434686e-06,1
0.5275138680380603,0.4724025718037709,1.5459483418550885e-05,2.2471788166297357e-07,7.513515265297647e-06,9.84475731896409e-06,5.051768428441572e-05,1
0.49169998524299796,0.5082354112546852,1.4409910770757957e-05,2.0946137304119108e-07,8.450235752540067e-06,1.019742158791282e-05,3.133647283249672e-05,1
0.4901900238412236,0.5097405421042553,1.4425501527029196e-05,2.0950632116420424e-07,1.0512690948858918e-05,1.020845465516089e-05,3.4077901068931335e-05,1
0.46106236689390795,0.5388902560325946,1.4147453412534362e-05,2.0546813660158732e-07,1.0851142529556649e-05,1.043577575962419e-05,1.1737233659164292e-05,1
0.8483990335041718,0.151550148628098,1.2027566995390273e-05,1.3724119808195717e-07,2.8506060314668625e-05,8.202738828174019e-06,1.944260393929281e-06,0
0.7714705543630221,0.22839230025161214,1.4455458939399604e-05,1.3892313637695856e-07,0.00011019333052220721,9.970111034060445e-06,2.3875617335898464e-06,0
0.7658594108766478,0.234098522075129,2.092990833185912e-05,1.3994248161652386e-07,6.42344335005934e-06,1.1882315681518629e-05,2.6914383782210005e-06,0
0.7481766084363043,0.25177676412782296,2.3286881681789217e-05,1.6164353748442733e-07,6.617692323323001e-06,1.3626809956818876e-05,2.9344083733484524e-06,0
0.5824124809553225,0.41753212749348173,2.6078588235726964e-05,2.1958152093654106e-07,7.71408871348174e-06,1.7393102719606236e-05,3.98619000608577e-06,0
0.30279615985197983,0.6971512300669382,2.710792423981453e-05,1.8025980451943364e-07,7.979305382734645e-06,1.3769821377779999e-05,3.5727702772248517e-06,1
0.24094347615968034,0.7589893792224135,2.7881012274236582e-05,1.963191066423924e-07,1.7386854504074828e-05,1.690318325193043e-05,4.7772487692342105e-06,1
0.15828931237032423,0.8416709171236405,1.6225552509174406e-05,1.1612561741089815e-07,8.08633395290785e-06,1.2516681571381673e-05,2.8258123844425804e-06,1
0.5193447680811127,0.480595394322438,2.6672876876198847e-05,1.7651206592532493e-07,1.148618354425547e-05,1.5426131097966668e-05,6.075892865062672e-06,1
0.5500214637060005,0.44991786668975964,2.8248392363520486e-05,1.8693829384424293e-07,1.2164650293387495e-05,1.5740170880269683e-05,4.329452409076115e-06,1
0.597234324774886,0.4027057595274828,2.3569247687040797e-05,1.8838136133779998e-07,1.6110566086912456e-05,1.5684628940751033e-05,4.3628735552092104e-06,1
0.7084940627267879,0.29144663252554914,2.1012106194706333e-05,2.1894609261214462e-07,1.0944654012933413e-05,2.1453654490244193e-05,5.675386872301276e-06,0
0.7530109070009279,0.24693654434333823,1.8835371363862057e-05,1.8295133063921883e-07,1.0094059415520615e-05,1.8544601774276508e-05,4.891671849621286e-06,1
0.6541679223671731,0.3457337764239844,2.814540364595873e-05,2.742631432064355e-07,1.4780131885980328e-05,2.7616335867341823e-05,2.7485074299845934e-05,1
0.3201744886654613,0.6797131273225486,2.9597752864350114e-05,2.362520727546179e-07,1.3932760900229764e-05,2.1558773137158687e-05,4.705847301575183e-05,1
0.18536374758265084,0.814543453859018,3.5352450822296306e-05,2.7450025336122995e-07,2.7170221788084608e-05,2.5203483013450802e-05,4.7979024539688775e-06,1
0.15512365072138762,0.8447959126561699,2.9203469379617573e-05,2.3444823919256985e-07,2.538956151137292e-05,2.151484703015261e-05,4.0942962820648495e-06,1
0.4053719458619732,0.5945636025520182,2.626937944760316e-05,2.4066753326548776e-07,1.910287553581749e-05,1.5465917121953822e-05,3.3727463699981986e-06,1
0.2793001091655216,0.7195886013382574,8.190256449075655e-05,1.6968312198385516e-50,0.0007501108896904684,0.0002570974945198776,2.217854752001106e-05,1
0.14468117028429114,0.8534755275335226,7.965372572758816e-05,1.2657049908118807e-07,0.0013339988236067866,0.00041721056025937275,1.2312502093201547e-05,1
0.3907438106019839,0.5925806120208674,0.00045397170036665585,2.483060586318974e-07,0.013627693473386243,0.0025901388706540724,3.5250266830931135e-06,1
0.5913227642947468,0.37547449890431955,0.003015456274011025,1.6922250115193992e-07,0.029386878701648647,0.0007976009847816503,2.6316179911158335e-06,0
0.04419026431014401,0.9530762616215864,2.455721666708567e-05,1.3016084395099583e-50,0.0026914502649611175,1.1438584765776748e-05,6.028001875449727e-06,1
0.0388506070636388,0.9611053255620103,1.394280774125897e-05,7.906432848906278e-08,1.1867177719403247e-05,9.710881332622534e-06,8.467443229080712e-06,1
0.10211201197199127,0.8978111175837898,2.9237801957337646e-05,1.605089810484824e-07,2.673562261169469e-05,1.4380558033464978e-05,6.355952635526725e-06,1
0.19960537223624686,0.8003187300811393,2.3361026146822597e-05,2.25129587187835e-08,2.5564810979697755e-05,2.2104196096174598e-05,4.845136432316511e-06,1
0.12697798223626777,0.8729570148262096,2.3123321452145056e-05,1.254155435907364e-07,2.3787427342857588e-05,1.4634987652599793e-05,3.331785531503552e-06,1
0.2956407181081913,0.7042943250099264,2.7342014025870655e-05,1.9842910429052162e-07,1.625655804209629e-05,1.7224929618207536e-05,3.934951091736292e-06,1
0.2270582153771922,0.7728653639930373,3.285167938989795e-05,2.0872719644513478e-07,2.0104603959128832e-05,1.793371874386285e-05,5.32190048136969e-06,1
0.18914872652625456,0.8107789109275686,3.1025788056471155e-05,2.002135245978486e-07,2.0215082531375145e-05,1.581663398705477e-05,5.1048280774187e-06,1
0.20447886310520305,0.7954334863064129,3.678439926162156e-05,2.689941676227681e-07,2.7765683315094845e-05,1.6683654173377854e-05,6.1478574663014875e-06,1
0.11560991461189345,0.8843620152805156,1.278897194136526e-05,6.886975370975027e-51,5.402705428640121e-06,6.113483033365318e-06,3.764947187341998e-06,1
0.17612976979650677,0.8238098789769733,1.50170449793598e-05,1.630748394060174e-122,7.424499211215966e-06,6.859523187864732e-06,3.105015914146584e-05,1
0.32610071311147776,0.6737731571376396,2.9155451707815982e-05,1.9656015176835918e-07,1.2990331473744416e-05,1.303558302698895e-05,7.075182452237603e-05,0
0.3332280042495622,0.6666487493349551,2.8300807485757143e-05,1.948283035853021e-07,1.2875876525690523e-05,1.1746457380138382e-05,7.012844578744583e-05,0
0.6139158955992563,0.38591490282405366,2.744830223814427e-05,2.3955600194826705e-07,1.4397242629396703e-05,1.2763528598058528e-05,0.00011435294722252309,0
0.7137254144123021,0.2851089057148595,1.6304696834054165e-05,1.8710283458197224e-07,1.0436003581318911e-05,1.0156507977758965e-05,0.0011285955616106656,1
0.5753605548252038,0.4115954414306708,2.7666018247513407e-05,2.2782182884473516e-07,1.675275838646148e-05,1.5115691792398084e-05,0.01298424145387024,1
0.4361524636021421,0.5603431331538246,3.4804636503882025e-05,2.6566355123003734e-07,2.2961271562620057e-05,1.4331522724441032e-05,0.0034320401496911656,1
0.4780984738879741,0.5141769324144778,3.698224295192056e-05,2.432942993427391e-07,2.1272626779516068e-05,1.3553976322635482e-05,0.007652541557194543,1
0.8949585783196501,0.08362383768300612,1.3966703120192147e-05,1.975127403498241e-07,1.2141975254386708e-05,9.684453271720566e-06,0.021381593352957067,0
0.6161801369397613,0.3765179985537164,2.52170833628525e-05,2.9113584762354475e-07,1.9258065339139553e-05,1.9871824791665836e-05,0.0072372263971810635,1
0.5969126623505732,0.39736322042808647,3.635868131953693e-05,3.057716175029138e-07,2.0762022653669656e-05,2.0870806734659068e-05,0.0056458199390149524,1
0.5570484544335759,0.43862723079217164,2.7553399415362572e-05,3.0343673786513663e-07,2.0213992556315032e-05,2.0319905194984537e-05,0.0042559240403479,1
0.7748166283195957,0.22207955774489227,2.631068385483587e-05,3.3211557277338435e-07,2.212448552904387e-05,2.035690673021374e-05,0.0030346897438251206,1
0.7391289123883484,0.2576283925661406,2.7333887328926374e-05,3.004732733785289e-07,2.0249533156735427e-05,1.8213219028879106e-05,0.0031765979327230535,0
0.9317600472503684,0.06482657613336944,2.0433570082511168e-05,2.7000941424326867e-07,1.4380322030292751e-05,1.3041553377607713e-05,0.003365251161357244,0
0.8602287551406465,0.13427795541366946,2.447410123625708e-05,2.4493480237273384e-07,1.3044883432740659e-05,1.318880304471536e-05,0.005442336723167967,0
0.1926593975012945,0.012305710009323689,6.912004453256841e-06,7.610567091320674e-08,3.960118010184899e-06,3.578121249955595e-06,0.7950203661399975,6
0.008603084719858647,0.0001453104250829873,2.2964418481154554e-07,3.889113893579877e-09,1.5825477441882442e-07,1.42989367942721e-07,0.9912510700776173,6
0.007416462591379475,4.3800230788511444e-05,2.887565694652609e-07,4.11356316477544e-09,2.377121100253476e-07,1.8471091080785784e-07,0.9925390218846786,6
0.0074031304632397954,3.540727781829713e-05,3.314584797716522e-07,4.261752811119234e-09,2.2067957830330036e-07,2.1004491476745026e-07,0.9925606958142162,6
0.008313378331972017,4.010192076146979e-05,3.739278254809445e-07,4.807805679000796e-09,2.4895496684789367e-07,2.3695769764717365e-07,0.9916456550989707,6
0.014843249693632422,5.793764189581405e-05,7.492477107911794e-07,8.89146340287028e-09,4.6805530142091087e-07,4.3822501101918957e-07,0.9850971482449851,6
0.00857447443963729,3.1421704447444154e-05,3.876342218899066e-07,5.068286478293182e-09,2.6244303044322364e-07,2.497957644499171e-07,0.9913931989146121,6
0.020222499130463506,0.00010978210202644704,1.0827418984489785e-06,1.0001671835654213e-08,4.355901994026775e-07,4.721582625564596e-07,0.9796657182754778,6
0.014435681578893944,0.00013730617613669232,8.308786036729044e-07,1.2669744752568742e-08,3.977442690966955e-07,4.2084600608443355e-07,0.9854253501063458,6
0.12363129422666955,0.0022548262436686128,2.456886769086508e-06,3.05852672023066e-08,1.522160431600149e-06,1.254804660997806e-06,0.8741086150925329,6
0.30462417626336075,0.014283331716394964,5.382344977488584e-06,7.007797674306499e-08,3.526302685631552e-06,2.9879750725039226e-06,0.6810805253195319,6
0.6590098512812772,0.010524808148981784,9.90481258718304e-06,1.0252481235301508e-07,4.3549695764766445e-06,5.7910711015329426e-06,0.3304451871916636,6
0.059757338526113916,0.014524539499951142,1.5519722039197558e-05,1.140223708213936e-07,1.633629478821738e-05,8.539787456710828e-06,0.9256776121472798,6
0.18812999809730052,0.044838440512645315,5.3746251910011836e-05,3.5880389543132946e-07,5.391608550827901e-05,2.6885236819579566e-05,0.7668966550119208,6
0.2748988922540215,0.044657960476554986,0.00010073104651986083,1.4421205221546385e-07,4.579006130612842e-05,2.325831031075319e-05,0.6802732236392346,6
0.41213054672010874,0.03183641021010919,8.231308799689559e-05,1.1784389971451251e-07,3.7417672861479165e-05,2.3112370942889908e-05,0.5558900820940811,6
0.8139628953467061,0.17289819145102497,1.990941534679097e-05,2.517435729090704e-07,1.6606954565087788e-05,1.1638042787545047e-05,0.013090507045996654,1
0.8166305687287599,0.1739195490974667,2.0027025793898453e-05,2.532306921263127e-07,1.7013664589395687e-05,1.1627564211267915e-05,0.009400960688486556,1
0.7714798821675077,0.2284304178397099,1.4447116515580483e-05,2.094274284643283e-07,1.3437553628197316e-05,9.051758224415603e-06,5.255413698581528e-05,1
0.7226828795397651,0.277258142160416,1.3524530692668133e-05,2.0508754034574253e-07,1.4018249366565014e-05,1.044701679718227e-05,2.0783415422033444e-05,1
0.6964724579546194,0.30347290904022284,1.2164202843070287e-05,1.6971471615538913e-07,1.3384947855520539e-05,1.1110562740121676e-05,1.780357700284078e-05,1
0.5218483845006046,0.4781121558631721,1.536180952862964e-05,2.033989956829923e-07,1.1026872118483891e-05,8.702313117092063e-06,4.165242463530478e-06,1
0.5772303391823196,0.42271436284337033,1.3549562780113881e-05,1.8140743894713004e-07,6.4682409599428715e-06,8.080054865734826e-06,2.7018708265514845e-05,1
0.6561772561458269,0.34376777498207095,1.3832432951057371e-05,1.646489495372816e-07,6.603276492508398e-06,8.248739755291386e-06,2.6119773953846905e-05,1
0.8258538016843548,0.17411159465023504,1.0541791154501349e-05,9.779404523535998e-51,1.4368531674807566e-05,7.736058810441304e-06,1.957283770373591e-06,0
0.8202046192691264,0.1797547969163171,1.7730276336990506e-05,1.1584438126463667e-07,9.924518207536049e-06,1.0593271702904057e-05,2.2199039278553733e-06,0
0.7795115797369785,0.22044800859840458,2.1327582260068635e-05,1.259605758121543e-07,5.191351690824168e-06,1.1224363157220151e-05,2.542406933306722e-06,0
0.7427394744576931,0.25721597433762117,2.1313375226172474e-05,1.6225050928013437e-07,6.6568507834777414e-06,1.3677978654547022e-05,2.7407495123056716e-06,0
0.7704433732144681,0.22951066694488517,2.1893716694238382e-05,1.6666842515459648e-07,6.823411407908381e-06,1.4050416061964615e-05,3.0256280576238003e-06,0
0.5444779091083743,0.4554473383118028,3.7833647746902945e-05,2.7760525448896454e-07,9.679597953676896e-06,2.198917598455109e-05,4.972552883025157e-06,0
0.1616529799433939,0.8383080972254883,1.6160724784078672e-05,1.1566164802693852e-07,8.054025738180802e-06,1.1777896840587367e-05,2.814522107065142e-06,1
0.27587088310903674,0.7240863198322895,1.9138571950086493e-05,1.2665258754989114e-07,8.144301922083648e-06,1.1027900769046581e-05,4.359631445034839e-06,1
0.4973921787336294,0.5025516082286213,2.554542022549908e-05,1.6905093964412323e-07,1.0116215272496594e-05,1.4563285104450491e-05,5.819066207351559e-06,1
0.5192834524372858,0.480656717030899,2.666972778388311e-05,1.7649122629887517e-07,1.1484827445604985e-05,1.5424309835448656e-05,6.075175524086616e-06,1
0.594812169950456,0.4051291848011564,2.1304967653446227e-05,1.878790652772833e-07,1.5966855608695916e-05,1.6834305578277826e-05,4.351240481832144e-06,1
0.5948120804883091,0.40512912386809474,2.254611250594429e-05,1.8787903701951494e-07,1.606760679906506e-05,1.56428054265548e-05,4.351239827388045e-06,1
0.7370954155607191,0.2628437908564087,1.9643048505041487e-05,2.5297043447588075e-07,1.622761312551476e-05,2.140955333037344e-05,3.2603974767047533e-06,0
0.7073903969604701,0.29254957777198315,2.1930002604675114e-05,2.0916120371659194e-07,1.1246619641299178e-05,2.0807511939887037e-05,5.831972156869258e-06,1
0.23887507375225991,0.761013059895667,3.400144808599277e-05,2.1945485504406666e-07,1.783940135766673e-05,2.0025972168536667e-05,3.978007560584195e-05,1
0.22857990666298655,0.7713054195110793,3.730870468062724e-05,2.7451222227054656e-07,3.0333486907954103e-05,2.4949361399461157e-05,2.180776072405664e-05,1
0.1955092009393406,0.8043999917046579,3.185412934334366e-05,2.6895492373228243e-07,2.8952404149506257e-05,2.444427988254713e-05,5.287587702320309e-06,1
0.43739165875957325,0.5625457660913387,2.252437905602124e-05,2.494156161993656e-07,1.9362341775909578e-05,1.694202627955812e-05,3.496986360514279e-06,1
0.44057243515151495,0.5575498016779656,1.9346431646076566e-05,2.1524475787898757e-07,0.0018364551277881896,1.8440444919601097e-05,3.305921407466094e-06,0
0.17863989665501304,0.8196289689319894,1.359461989901006e-05,1.3515011801903624e-07,0.0016787057964279452,2.012130956406923e-05,1.85775369884361e-05,1
0.17892207741363966,0.7948399953966588,0.0013120046840092014,1.829966738194473e-07,0.024233285091059372,0.0006896100857090574,2.8443322500777757e-06,0
0.08856341596902559,0.901965209947773,0.0007670376778776561,1.2574433006346272e-07,0.008339286294858047,0.00035428504810187006,1.0639318033650472e-05,1
0.07436745443400959,0.9190987326287788,9.949128261771454e-05,1.2008998671006294e-07,0.0063081404922677164,0.0001159001723560471,1.0160899983485378e-05,1
0.04040409072540811,0.9567162493810307,1.3178448034773629e-05,8.793232548749156e-08,0.0028518682482136523,7.085247804598828e-06,7.440017182705018e-06,1
0.039855140604146855,0.9514788579394065,1.989122811084349e-05,1.0542966139967074e-50,0.008631773300220467,9.454275411554282e-06,4.88265270379245e-06,1
0.028110429894182654,0.971851463075925,1.2772992592740867e-05,6.879114661919258e-08,1.1283188481399305e-05,6.61482721772509e-06,7.367230453894981e-06,1
0.04040895221643867,0.9595461629836316,1.4502070736156849e-05,8.22356949714059e-08,1.1393014205145938e-05,1.0100396606587719e-05,8.807082686735304e-06,1
0.12161054011509777,0.8783159587486153,2.5913758959288426e-05,1.6908874006674122e-07,2.5996630711235483e-05,1.647637812757043e-05,4.945279748788531e-06,1
0.3591573596143059,0.6407712335522684,3.0113009054140936e-05,2.0144607033897372e-07,1.8275026103827477e-05,1.8149980110009335e-05,4.667372087394424e-06,1
0.18772349931073484,0.8122152198198804,3.0472200568960744e-05,1.7198987870086092e-07,1.3389298188531694e-05,1.3838520088000865e-05,3.4088606603569826e-06,1
0.21394129698582418,0.7859988617542483,2.6037388892581398e-05,1.8934020417945735e-07,1.4747736592881446e-05,1.5112080705160523e-05,3.7547135326212167e-06,1
0.3930302268761822,0.6068980124639044,3.0365720432418134e-05,2.3172073921265024e-07,1.8281313166590672e-05,1.8286764257309718e-05,4.595141317615237e-06,1
0.25062798864283425,0.7492985229743655,3.1832434051963e-05,3.212922006250905e-07,2.0546702587103367e-05,1.576352474845971e-05,5.024429212038066e-06,1
0.2024130334471169,0.7975551558411748,1.4078470662188419e-05,1.0286557757284158e-07,6.0833650254919615e-06,7.206661853710565e-06,4.339348589458801e-06,1
0.12065484539962502,0.8793173244750994,1.2722398428461442e-05,1.1621328803180244e-07,5.3745814260840015e-06,6.367000957646559e-06,3.249931175414685e-06,1
0.6591285390358499,0.34078922869968326,2.752767003120843e-05,2.2415248897494236e-07,1.4731645332893482e-05,1.3466915925913931e-05,2.6281880687913887e-05,0
0.6459956240811034,0.35301250051566413,2.5036936166433046e-05,2.1190285119082324e-07,1.805986306903189e-05,1.175253946246504e-05,0.000936814161683332,1
0.42805060329335093,0.5702608941924672,2.770834849061214e-05,2.2472512884863708e-07,1.7759806135510786e-05,1.3577333392931733e-05,0.0016292323010341902,1
0.8617933212461739,0.12567191616319598,2.0750806575116836e-05,2.2181912217809262e-07,1.574133989837144e-05,1.0630251813544549e-05,0.012487418373220784,0
0.6934664867760529,0.29311713923969973,2.5349908343896364e-05,3.283317808510578e-07,2.013200704094657e-05,1.609877815294915e-05,0.013354464958928688,1
0.7016861273927186,0.2852950220520535,2.259144723874823e-05,2.720223229858235e-07,1.794133409500708e-05,1.4279003241834288e-05,0.012963766748329539,1
0.5471863902230214,0.44840948503307926,2.812994149572561e-05,3.0392977783686435e-07,2.0636960958332348e-05,1.8988224104571487e-05,0.0043360656875628695,1
0.9220146725272127,0.0733719702088586,1.9810832675594625e-05,2.6236928367389743e-07,1.8120453352621857e-05,1.267253227917084e-05,0.004562491076337895,0
0.9219502341265386,0.07495029020595675,1.910786749148758e-05,2.5249156598583525e-07,1.3447346045267535e-05,1.187093454203695e-05,0.0030547970278595824,0
0.9025897833869919,0.09393296326221466,2.6000577956204947e-05,2.602116564691415e-07,1.3858507217421774e-05,1.3731188642780273e-05,0.0034234028653204146,0
0.863981357444917,0.13034161332089633,2.47742463917519e-05,2.4793863052701754e-07,1.3204863099758272e-05,1.3350547711145942e-05,0.005625451638353521,0
0.007107635571206543,3.822327114831485e-05,2.6898487209288633e-07,3.831899872519608e-09,2.0772389328134128e-07,1.57151748655366e-07,0.9928535034652313,6
0.007155379387183076,4.280091243210979e-05,2.785914146546131e-07,3.968752584462915e-09,2.2533931673380093e-07,1.710830154551455e-07,0.9928011407178854,6
0.009943174214559335,3.7469852159462315e-05,4.927498610619104e-07,5.750351727913339e-09,2.9776133216846654e-07,2.834120588648625e-07,0.9900182762596774,6
0.012327753926841458,8.4289405669972e-05,7.849335867002009e-07,5.986323162920161e-09,3.0501563732170027e-07,3.199782449188614e-07,0.9875865407536963,6
0.6528578063832096,0.006663353845805346,5.30562979175101e-06,7.469654823770504e-08,2.5595762465362668e-06,3.755110576547187e-06,0.340467144757822,6
0.6581312644513714,0.006264828703330467,7.395251478205465e-06,1.0147766589832847e-07,3.5462337265391286e-06,5.067198829111432e-06,0.33558779668359845,6
0.7440392787807596,0.23330332890028818,1.7917010858156213e-05,2.265507173725151e-07,1.2809408040550234e-05,1.2750270072077517e-05,0.022613689079263866,0
0.7792386039218522,0.21894638633334865,1.667592628622632e-05,2.1085788767471511e-07,1.6911373492464408e-05,9.113584753143263e-06,0.0017720980023797365,1
0.7919789254011721,0.20794792216684366,1.3451418536335166e-05,2.0028518224016896e-07,1.2068756830538637e-05,7.725928053206593e-06,3.970604338197693e-05,1
0.5864268025976915,0.41352443927962046,1.3986106964534204e-05,1.7851283989962157e-07,1.0967305181281723e-05,9.828872801129125e-06,1.379732490111387e-05,1
0.5102849473395017,0.4896653726728941,1.5123027043842769e-05,2.002373813235756e-07,1.083213746396961e-05,8.56704520183638e-06,1.4957540513334087e-05,1
0.46250276434489596,0.5374050565290022,1.4155089279279752e-05,2.0557903481526324e-07,1.0983355348022796e-05,1.0017092769809576e-05,5.681800967003027e-05,1
0.7485278909874515,0.25142728047124774,2.1452943837832618e-05,1.633129913169341e-07,6.6860398241476875e-06,1.3767547597563987e-05,2.75869704995663e-06,0
0.5413879436576035,0.45853829161178905,3.814508433161771e-05,2.673505028510384e-07,9.32203313325351e-06,2.1176894751404666e-05,4.853367888342497e-06,0
0.3435137681974035,0.6564364915642742,2.529725657998625e-05,1.6821939170424206e-07,7.446329486956129e-06,1.2850069277626983e-05,3.978363586075312e-06,1
0.17236024747017095,0.8276013181885583,1.595790423484353e-05,1.1421006962982503e-07,7.952945994196725e-06,1.163008171855793e-05,2.779199253219392e-06,1
0.2801035040135014,0.7198537020641097,1.8764459877379886e-05,1.2417684055238691e-07,7.985100823863499e-06,1.1645773488445903e-05,4.274411358583639e-06,1
0.4973921787336294,0.5025516082286213,2.554542022549908e-05,1.6905093964412323e-07,1.0116215272496594e-05,1.4563285104450491e-05,5.819066207351559e-06,1
0.5540943871315953,0.44584546295371424,2.2395945006664452e-05,2.1939468747084774e-07,1.61311008812575e-05,1.7007473995144036e-05,4.396000119949639e-06,1
0.6193252984313719,0.38061165590774154,2.352082978141513e-05,1.8799437270345748e-07,1.607747042434699e-05,1.8905455329936173e-05,4.353910978089322e-06,1
0.6299425068218442,0.3699921256414799,2.341894566509936e-05,1.9952265025292844e-07,1.706338047409963e-05,2.0064784373185882e-05,4.620903513340773e-06,1
0.6568179881555938,0.3431164435697574,2.196033604969877e-05,2.0741510672161367e-07,1.7738351398101123e-05,2.085848091349435e-05,4.803691180699865e-06,1
0.7413924843330738,0.25854337146641854,2.054504057628482e-05,2.1252561454150428e-07,1.649847852437344e-05,2.2654742662078197e-05,4.233413130528783e-06,0
0.7102984682171597,0.2896190888596629,2.3946496345699778e-05,2.1358796836730108e-07,1.2381226891739452e-05,2.1834855829181718e-05,2.4066756142357617e-05,0
0.1612224381379061,0.8385715099096654,4.741257671846243e-05,2.8423574218962926e-07,0.00013009526619062596,2.267186893930538e-05,5.588004837783809e-06,1
0.3864856246629959,0.6125517099393242,1.4567378090830689e-05,2.1009394414050745e-07,0.0009094207554031802,1.683025186172644e-05,2.1636918380203036e-05,1
0.23197475842045717,0.7670716497332631,1.705978410579538e-05,1.5570731097564153e-07,0.0008988445032425631,1.612855304056476e-05,2.140329857952817e-05,1
0.2393199066217805,0.7473245529358152,0.00026282916100046395,2.129390880781495e-07,0.011734959601229594,0.0013527278447592265,4.8108963267762095e-06,1
0.30084800490386604,0.6870640120051114,0.00029946187194539707,2.1550260645422769e-07,0.00991477729092498,0.0018704690864293088,3.0593391164627905e-06,1
0.39705438793360875,0.584505464848124,0.0004065500098235359,2.667649526188049e-07,0.015799990992320326,0.0022295523765369233,3.787074633927437e-06,1
0.47636235718930303,0.5007196916793032,0.0004792000227000835,2.3363860682916748e-07,0.02055813705418101,0.0018770636127322467,3.3168031735159567e-06,1
0.08338656576295894,0.9121597324896846,0.000719464048801275,1.1573823160990577e-07,0.0033779252883682,0.0003464039770948832,9.792694860504761e-06,1
0.042992804019016874,0.9556252879016424,2.0422272511646043e-05,1.067330670926448e-07,0.0013402454663233774,1.0263250896863655e-05,1.0870356541829761e-05,1
0.027307573932291315,0.9726453582880359,1.2935074690824137e-05,6.966406761187583e-08,1.9903558788141483e-05,6.698765657845734e-06,7.460716468261645e-06,1
0.11983100749489159,0.8801007700423483,2.2846148817383378e-05,1.3457104224599143e-07,1.8643604780660895e-05,1.1863569132274523e-05,1.4734568987696541e-05,1
0.10875813882917887,0.891175068323525,2.553055370386571e-05,1.5038303604291943e-07,1.9296145991365145e-05,1.3257529366200994e-05,8.558235198660515e-06,1
0.21870834543445317,0.7812412704365431,2.193404692264123e-05,1.4702593655730823e-07,1.2716748782309606e-05,1.217981374721174e-05,3.406493615169024e-06,1
0.29932685882917387,0.7006024542389443,3.0590613835879706e-05,1.9498960922455025e-07,1.7978814958918034e-05,1.7520037156906527e-05,4.402476320745181e-06,1
0.14934829300627814,0.8505959380489948,2.1517415859743645e-05,1.78046320493975e-07,1.5292518904758784e-05,1.2044867171959174e-05,6.736096469907748e-06,1
0.12832146720322038,0.8716446975805532,1.53446256391108e-05,1.0554338594852574e-50,7.235656274737558e-06,7.335156330637155e-06,3.9197779821178326e-06,1
0.3166164539598904,0.6833239720148961,2.8308318079912104e-05,1.9084342885641257e-07,1.261252282381393e-05,1.265645828837565e-05,5.805882592513195e-06,0
0.6715008501431314,0.3284236376911049,3.13471383782702e-05,2.8247818245141837e-07,1.616121848318981e-05,1.4481702941758865e-05,1.3239627777950288e-05,0
0.7563943897898032,0.24354856762396018,2.4799636962377622e-05,2.4432622708248956e-07,1.3038182675471666e-05,1.2525780967518996e-05,6.434659404114871e-06,0
0.6072236938529193,0.39178831013796206,2.1495467167561688e-05,1.8192924047119878e-07,1.2191410336146364e-05,1.1005711419771872e-05,0.0009431214909546846,1
0.4550568117085994,0.5432705471377932,2.945650029421324e-05,2.389032975491043e-07,1.8880292877545162e-05,1.5850933302800084e-05,0.0016082145238353644,1
0.35209456044338056,0.644457504295329,2.6568982353600816e-05,3.1779344714950137e-07,1.670160250983741e-05,9.996176544326805e-06,0.0033943507064355723,1
0.43787773019770926,0.5572717154213757,3.169318746017962e-05,2.0516254611644023e-07,1.643707169864052e-05,1.3428192129170245e-05,0.004788790767080915,1
0.4589594169551901,0.5365021384299817,3.093540472983796e-05,2.4169252138504924e-07,2.0091469572305374e-05,1.2280173269458585e-05,0.004474895874735276,1
0.8325125824794699,0.15723125391953344,2.5873008325786093e-05,2.190558610474474e-07,1.723320903841922e-05,1.0347135174863376e-05,0.010202491192596603,1
0.8128606528616993,0.17576017069783442,2.3846980612474558e-05,3.239485748038447e-07,1.9450827214348305e-05,1.2146839739114062e-05,0.011323407844325752,0
0.9273537064866934,0.06772905802285158,1.8929882471045824e-05,2.5070221859366066e-07,2.0478283335034606e-05,1.2109008772294732e-05,0.004865467613658087,0
0.8823168702698378,0.11434086411756463,2.585059320416154e-05,2.587106213444583e-07,1.3778564195685956e-05,1.3930578249535959e-05,0.0032884471663268836,0
0.6595759500860299,0.028145894138256713,1.647380915664305e-05,2.1181326400679918e-07,1.0967989897985268e-05,1.0439436766216248e-05,0.3122400627266286,0
0.01638363457493845,0.000569368848483988,5.131981061184826e-07,6.5984839878534964e-09,3.4334859632228466e-07,3.1655975438804186e-07,0.9830458168716368,6
0.010438087867540602,0.00016675414264432945,3.1143299266991283e-07,4.115278905608511e-09,2.141363437899376e-07,1.9348054783518895e-07,0.9893944348246518,6
0.009490080172200948,0.00015825248247505318,4.262817500650427e-07,5.060126702498714e-09,2.924115535034546e-07,2.211685591619797e-07,0.9903507224233346,6
0.007449999517661552,4.976040385861931e-05,3.8027453397403837e-07,4.534637585004911e-09,2.4581868136281724e-07,1.9105571402043643e-07,0.992499418394913,6
0.008789447736101371,5.2996014883905224e-05,3.422131163610118e-07,4.875093482972788e-09,2.767998788251898e-07,2.101531088024684e-07,0.9911567222078173,6
0.006063951220526677,5.615777532172518e-05,3.3251984030796796e-07,4.393920736477872e-09,2.2752342010408866e-07,2.1222797724424913e-07,0.9938791143389933,6
0.005800044462742468,4.299376513765278e-05,3.801297488809482e-07,4.436083966818581e-09,2.297066917070825e-07,2.186370068861308e-07,0.9941561288625883,6
0.006261447285485408,6.3223592895136e-05,4.2775554906534284e-07,6.01062449242506e-09,3.112386234291008e-07,2.883574191501204e-07,0.9936742957594035,6
0.1554882993941626,0.01541751196760323,3.312711580971109e-05,1.9396790545561188e-07,3.314798613922586e-05,1.7650705604011806e-05,0.8290100688627758,6
0.8557833930052074,0.1180447834145566,1.3391795812350954e-05,1.6933186970823567e-07,9.268950957270637e-06,9.529994411978754e-06,0.02613946350718467,0
0.8507897602690038,0.12941818904142774,1.3804258633701417e-05,1.7454723452584984e-07,9.865935760309613e-06,9.823515044886976e-06,0.019758382432895263,0
0.8389161621277541,0.14272299723117976,1.448965662436671e-05,1.8321371397938085e-07,1.0186693875994733e-05,1.0311264343976313e-05,0.018325669812507578,0
0.8310002008147085,0.15898021777112598,1.8792297584084628e-05,2.3761823512062504e-07,1.847623320050542e-05,1.0361798460291863e-05,0.009971713466685458,1
0.8123958826329423,0.17840576155941937,1.837157821087872e-05,2.3229847075999096e-07,1.8062589833240624e-05,1.0108690255134028e-05,0.009151580650868468,1
0.783389343933365,0.21054207217312895,1.760705547680899e-05,2.2263150257973513e-07,1.7310925474023407e-05,9.622457522718283e-06,0.006023820823530195,1
0.778030021345004,0.2214180933683172,1.456977768417076e-05,2.2718588585222334e-07,1.3551643248036102e-05,8.76361291018292e-06,0.0005147730669506224,1
0.77630914017947,0.22363672113435604,1.0717930089278651e-05,1.4736695332749154e-07,7.275027916944293e-06,8.11398799190196e-06,2.7884373222600272e-05,1
0.5011346866678594,0.4988176096258928,1.4643351514067501e-05,1.845473887689247e-07,1.1318732400935944e-05,1.004627349639496e-05,1.1510801447704556e-05,1
0.5240627763074346,0.4758321567474251,1.1657761760494317e-05,1.6930952278321837e-07,1.0690488387026244e-05,7.52826873882221e-06,7.502111673121463e-05,1
0.4759564453099665,0.5239713886778353,3.7324868685177106e-05,2.5538952286433897e-07,1.0015017214740623e-05,1.9508886748067448e-05,5.06185002716996e-06,1
0.24640473515861397,0.7535356324160957,2.5821917844584264e-05,2.0493637330045262e-07,1.294807890816308e-05,1.623305721080452e-05,4.4244349534000126e-06,1
0.17236025100557367,0.8276013351640733,1.595790456216737e-05,1.1421007197246841e-07,7.932434451256064e-06,1.1630081957110746e-05,2.77919931022551e-06,1
0.3830909322921348,0.6168652219185068,2.010245833664626e-05,1.3088178161828825e-07,7.832126108767943e-06,1.127511449920427e-05,4.505208632239766e-06,1
0.5288964629757356,0.47104192748567003,2.7609546445697098e-05,1.7975844386645192e-07,1.2083222239748546e-05,1.554937187914956e-05,6.187639585981656e-06,1
0.6095097022751736,0.3904269656706548,2.2748702469507866e-05,1.9302907898958546e-07,1.6508043639100497e-05,1.941176524455199e-05,4.470513739413491e-06,1
0.687723521631601,0.3122084018647175,2.4389475599942546e-05,2.0779128486692365e-07,1.7770522536622625e-05,2.0896310870955227e-05,4.812403389118815e-06,1
0.7752331772851175,0.22470406534985357,2.1149129009066837e-05,2.1732965769881306e-07,1.3655868014993227e-05,2.340593087206164e-05,4.3291074750700444e-06,0
0.7175324859590734,0.28240212237174117,2.3113463876637545e-05,2.2044867087552704e-07,1.2778926795158151e-05,2.3132132999847543e-05,6.146696843009814e-06,1
0.3160807257516622,0.683845558121305,2.3618905181213892e-05,2.1866614040020635e-07,3.230406062808832e-05,1.4216025024310792e-05,3.358470058738644e-06,1
0.24266030356640078,0.7561838096442346,1.443097622811752e-05,1.6111023414069553e-07,0.0011106859298916595,1.7975106764342992e-05,1.2633666246324007e-05,1
0.23659375585217235,0.762243948830492,1.3556360554666615e-05,1.3932873712136758e-07,0.0011189437304409274,1.3072200923225534e-05,1.6583696679795227e-05,1
0.179053104476703,0.8195688550184081,1.3859910498398067e-05,1.195877876878892e-07,0.001331637577808964,1.3831344317834473e-05,1.859208447600347e-05,1
0.27064360499014656,0.7265504091892638,1.6537381333180345e-05,1.5093925937160782e-07,0.0027583092907274096,1.8901013234963e-05,1.2087196034764749e-05,1
0.16129776701908483,0.8277778393901492,0.00016304186959091463,2.0571317967845039e-07,0.009112841902183977,0.0016455376762032948,2.766429608133487e-06,1
0.13287244869968864,0.8613080761095724,0.0010091679934075212,5.714763952767277e-180,0.004224688705817493,0.0005710402244336402,1.45782670803545e-05,1
0.06255617753349381,0.9350528835651646,2.212569029861525e-05,1.488729768399612e-135,0.0023437409865308444,1.1250540250673607e-05,1.3821684261451757e-05,1
0.03716592379971657,0.9583387873986365,1.9757960089039182e-05,1.37497433396012e-07,0.004454947187994192,9.929399457792439e-06,1.0516756672628855e-05,1
0.09404848716346768,0.9058719042283614,2.5156446480251013e-05,1.4817942617431533e-07,2.2131568947633135e-05,1.59478233820648e-05,1.6224589934672763e-05,1
0.19302308963580728,0.8069225619165991,2.2671149589763828e-05,1.5822918458770302e-07,1.193252280691397e-05,1.5763832814065575e-05,3.822713198308835e-06,1
0.18668743737806823,0.8132368530850773,3.2267892246281126e-05,2.3596619735436538e-07,2.18495169163938e-05,1.5963157768833607e-05,5.393003725769321e-06,1
0.11821015442218237,0.8817493714199827,1.88796861593892e-05,1.3794607864585127e-07,8.446623188917486e-06,9.494545205541755e-06,3.515357202291184e-06,1
0.1755448247313657,0.8244205521264394,1.5375023124209756e-05,1.2012974777471495e-07,7.929948166475156e-06,8.416172749050698e-06,2.781868407466797e-06,1
0.13764694083249499,0.8623187597750828,1.7051451841114617e-05,1.076464013982243e-07,7.105903402014556e-06,7.541601699523405e-06,2.492789078262263e-06,1
0.1621914287207245,0.83776911215831,1.8655777968240732e-05,1.5117887722609354e-07,8.780058349576028e-06,7.890606953758158e-06,3.9814988168174764e-06,0
0.6572173013548633,0.34270531301060686,3.364391008642074e-05,3.3146007855631154e-07,1.7687978509095157e-05,1.6992839422315744e-05,8.729446433316942e-06,0
0.6640186474030462,0.3359069915605481,3.232894629560586e-05,3.1850504448676906e-07,1.6996648303645595e-05,1.632867855379364e-05,8.388258208042767e-06,0
0.6010012260520688,0.3984597246919174,2.1861494353148826e-05,1.8502715164226506e-07,1.2399007015897137e-05,1.1193117887608142e-05,0.0004934106096054729,1
0.3237153859545438,0.6757674701529127,2.7792540697185346e-05,1.9227014180510698e-07,1.5194920397201398e-05,1.13862368750761e-05,0.00046257792443229936,1
0.3775500208025768,0.6206293413543651,3.2001961367095476e-05,2.0636106021465947e-07,1.8381919206604864e-05,1.2643830754542272e-05,0.0017574037706696002,1
0.44004421138782107,0.557700774162663,2.7899311236181953e-05,2.1091236243300601e-07,1.8145752211136644e-05,1.3745144348366718e-05,0.002195013329357699,1
0.55559359840375,0.44228548379504434,3.079981278016009e-05,2.1517790188628573e-07,1.852244082243475e-05,1.4068068342084069e-05,0.0020573123013590744,1
0.4949262566750433,0.5026899899698158,2.91975766034e-05,2.2738286645073472e-07,1.9573040033149187e-05,1.5982298498225995e-05,0.0023187730571394612,1
0.43506999406939173,0.5615984377255524,3.618647880111808e-05,2.6637365133075475e-07,2.3022645436355178e-05,1.4326258673825068e-05,0.003257766448493311,1
0.4680577838747629,0.5270315275798305,3.207131809456419e-05,2.51130709754216e-07,2.1957809434534315e-05,1.275971888327798e-05,0.004843648568284415,1
0.8234223970924865,0.1664337227113659,2.1865307130595128e-05,2.3704551093900507e-07,1.7576266601760236e-05,1.125018499030557e-05,0.010092951391913872,0
0.5697834564976961,0.42648745656274517,2.651244130049644e-05,2.864535070432764e-07,1.945031475133218e-05,1.7896381940560355e-05,0.0036649413480593744,1
0.9231423418554412,0.07125137324371576,1.938281007146037e-05,2.7612328851063675e-07,1.4515487934638022e-05,1.1725233321579465e-05,0.005560385246226792,0
0.9285750726585692,0.06741465181838063,2.5602383573052908e-05,2.633295992716316e-07,1.786557192822219e-05,1.3895720322026808e-05,0.003952648517627524,0
0.9032625220626608,0.09256360783453924,2.5490866589517686e-05,2.5511050682276645e-07,1.3856303878631887e-05,1.3371214273882445e-05,0.004120896607551269,0
0.737181924822431,0.03840253598486946,1.663980892605392e-05,2.1394761876646407e-07,1.1078509801224047e-05,1.026405546687554e-05,0.22437734287088648,0
0.15215258522983144,0.009968813884886884,6.24702143476733e-06,8.032155695362801e-08,4.179489392596072e-06,3.853396081298519e-06,0.837864240656816,6
0.01011552601610798,0.00035798970925530067,4.7204250906875904e-07,6.069322744065791e-09,3.1581397312442404e-07,2.9117344540048325e-07,0.9895253991753865,6
0.006088270201686661,6.58849129714063e-05,3.336961413811592e-07,4.314656822445041e-09,2.3389371934237482e-07,1.859940835636416e-07,0.9938450869867408,6
0.005187003310371718,4.6051268467955376e-05,2.7206561740858896e-07,3.6031630936807954e-09,1.8657687278269667e-07,1.740340941302409e-07,0.994766309141413,6
0.006369592868869202,4.263700882184437e-05,3.3758497669506807e-07,4.460851503026283e-09,2.3098918970454115e-07,2.1546075772707656e-07,0.9935869816265332,6
0.8468960493103329,0.13711320619386555,1.4818259933683948e-05,1.8736872153316114e-07,1.0369011307518405e-05,1.054510809020957e-05,0.01595482474774856,0
0.7898309930255306,0.1685306382376831,1.7508299436973246e-05,2.2138278694034756e-07,1.6901591489000448e-05,1.0289000174127552e-05,0.041593448462899286,0
0.7884913584832384,0.20967893107687363,1.6993645239528004e-05,2.1487526855164722e-07,1.7233578315914463e-05,9.287221800878746e-06,0.001785981119263184,1
0.8049653077667184,0.19496027600554705,1.3133724635611259e-05,2.047935754793458e-07,1.2830557137690653e-05,7.89983768252543e-06,4.0347314703388625e-05,1
0.7614979111667778,0.2383379141867618,1.1883070903077136e-05,1.6298684978101052e-07,8.046131479807536e-06,8.974015626299431e-06,0.0001351084416016414,1
0.7189172762409384,0.281009867178237,1.4370938029269856e-05,1.8342466321269636e-07,8.02185342090422e-06,1.0099316577571084e-05,4.0181048133487105e-05,1
0.6304895986434265,0.3694392128417049,1.3963237054635937e-05,1.7822093790183614e-07,1.0933652386856973e-05,9.81280074934707e-06,3.630060373996517e-05,1
0.5086469210485985,0.49119427375161295,1.5187765051319553e-05,2.0977495386311487e-07,1.160468118474977e-05,1.0221544115710243e-05,0.00012158143448276907,1
0.8551738561056069,0.144791208030183,1.559830055004358e-05,1.2266323630683094e-07,5.647513096974557e-06,1.1216814971693836e-05,2.3505723549849014e-06,0
0.8680063673076631,0.13195507592395694,2.0350264683010813e-05,1.17121063931547e-07,4.9534625951796735e-06,1.071001665178573e-05,2.425903386225979e-06,0
0.797485231239436,0.2024747641103971,1.935099970369414e-05,1.4036592339527273e-07,5.606269553893537e-06,1.2418613104800428e-05,2.488401880871463e-06,0
0.7473140126230207,0.25264006038259085,2.3640874775740977e-05,1.6410074479682445e-07,5.765001070727494e-06,1.3585013947790215e-05,2.7720038492721184e-06,0
0.5067575424466069,0.493159104981656,4.750538327336528e-05,2.6815536399617533e-07,9.023514629982754e-06,2.124064798761817e-05,5.314870482180398e-06,0
0.3829364220539421,0.6170089129237659,2.368418840183099e-05,1.879098624764425e-07,1.3038824404227894e-05,1.4354199752529205e-05,3.3998998709382444e-06,1
0.26213097999430085,0.7378129303891208,2.485320726747945e-05,2.0048759368938627e-07,1.1392535913055515e-05,1.5314996934139885e-05,4.328388869953819e-06,1
0.18357617957090935,0.8163816943520016,1.7579156435131422e-05,1.2581329404993082e-07,8.738334383867065e-06,1.3560321545481305e-05,2.122451430415217e-06,1
0.2807681998405652,0.7191899664500534,1.9321343292801843e-05,1.2579613702538978e-07,7.527795592251331e-06,1.1797638305346996e-05,3.061136053973934e-06,1
0.572834783974788,0.42710812338082726,2.2942226889720626e-05,1.8000939208717383e-07,1.4813848709134152e-05,1.4987578923345195e-05,4.168980470515526e-06,0
0.5876072562391269,0.4123354538992372,2.156135372908623e-05,1.8517860666924215e-07,1.583666324227039e-05,1.5417967641523506e-05,4.28869841628866e-06,0
0.6067862238284406,0.39315156392347184,2.234647115454907e-05,1.8961603420730225e-07,1.6216156569530136e-05,1.906853600453474e-05,4.391468324741777e-06,1
0.6864266472698695,0.3135084858338707,2.3300013594078304e-05,1.9770710749495534e-07,1.6908113406390678e-05,1.9882206235250916e-05,4.578855916748097e-06,1
0.742169034348364,0.25776229647115073,2.2618429437603356e-05,2.166366481792304e-07,1.8526987025432298e-05,2.1785835480511775e-05,5.521291893500452e-06,0
0.7777070253373871,0.22222933529892058,2.2489371059824737e-05,2.1493614410559502e-07,1.3505472040200065e-05,2.314815467024275e-05,4.281429777981681e-06,0
0.6560321817178842,0.3438575907241445,2.612097629264624e-05,2.2125535351480681e-07,1.3052590241191743e-05,2.3858135872682704e-05,4.697460021115258e-05,0
0.17912200215320181,0.8174155610516598,1.4982223727442229e-05,1.2927146899086406e-07,0.0034284111307830733,1.3892488273940618e-05,5.021680884852816e-06,1
0.1099701149937048,0.8841921934707411,0.00010299350750315434,1.1827900782395308e-07,0.0049494713897026655,0.0007756551552359929,9.453204104736756e-06,1
0.3677189405522787,0.6202731558513623,0.00035778947433647566,8.26823257631554e-180,0.010390433252461709,0.0012519920072823923,7.68886227828549e-06,0
0.3603871291886697,0.6272065921211617,0.0003717361009901671,9.451717409174702e-180,0.010883284303977522,0.001140348453823783,1.090983137715902e-05,0
0.09644664186659895,0.8972540589819603,0.001049441463257315,1.7208471231096547e-07,0.00460862779145857,0.0006264976009708517,1.4560211041576011e-05,1
0.064208689084945,0.9329129904235038,0.00031011094182908586,1.1878928263034471e-07,0.0021662046451375247,0.00039183526882463767,1.0050846477575375e-05,1
0.03304778278943985,0.9626351394737043,1.8974676242120123e-05,1.3204649017684475e-07,0.004278335424658903,9.53575870895773e-06,1.0099830755857807e-05,1
0.031003062105650545,0.968943099155466,1.807698702341444e-05,9.735672010548787e-08,1.5968540675183065e-05,9.269376226027627e-06,1.0426478238878056e-05,1
0.04519061473138849,0.9547434469142199,2.2204041423051698e-05,1.1958368080005356e-07,1.8017820769542196e-05,1.2503348676868801e-05,1.3093559841278245e-05,1
0.07310423977795408,0.9268093960761566,2.729120711692276e-05,1.6075384150001992e-07,2.400964033002349e-05,1.7301145904121002e-05,1.760139869682725e-05,1
0.06326148704083173,0.9366699989592666,2.160322540146709e-05,1.2724983021814476e-07,1.9005596551133316e-05,1.3844979612491448e-05,1.3932948506072651e-05,1
0.1435329077604906,0.8564162993465746,2.0977108861683193e-05,1.591886572891615e-07,1.3761527726442055e-05,1.2208704363527264e-05,3.6863633258454844e-06,1
0.15089489904607323,0.8490463543906199,2.6939169933826516e-05,1.6572464952253204e-07,1.5619318809314405e-05,1.2184631319093828e-05,3.837718594979654e-06,1
0.22641180666430097,0.7735134296919691,3.355546119493738e-05,2.4118248721667935e-07,1.8775896951543626e-05,1.7410836380031013e-05,4.780266715984802e-06,1
0.19268253848629416,0.8072503395362505,2.991223180715793e-05,1.7294038790933274e-07,1.7047675705708594e-05,1.5982215257592845e-05,4.006914296977574e-06,1
0.28114193103235896,0.7187880705418783,2.786190648374308e-05,2.2083887315603988e-07,1.9767567415513852e-05,1.709819812599892e-05,5.049914864134132e-06,1
0.28216386340897376,0.7177569007797487,3.458563709293126e-05,2.7512003140985563e-07,1.945659320029086e-05,1.862730072273586e-05,6.291160230001751e-06,1
0.2669435766584402,0.732986571750276,3.465961529842423e-05,2.0675728382075105e-07,1.3878108393065445e-05,1.638269840935925e-05,4.724411899314672e-06,0
0.2720603016119587,0.72786670624299,3.5848851980268825e-05,2.138515156534214e-07,1.5098106537347783e-05,1.694481964839368e-05,4.88651536995139e-06,0
0.16352073220320798,0.8364410123736435,1.9155878062722743e-05,1.4423963214868903e-07,8.377045853389136e-06,6.77951512414803e-06,3.7987444759185626e-06,0
0.5576747341916638,0.44224564302198854,3.3491713693374014e-05,3.0710405610039515e-07,1.6476486117171717e-05,1.581646493998053e-05,1.353101754096723e-05,0
0.587433802033047,0.41248292186593816,3.4644410497748e-05,3.023602843152088e-07,1.5838133526923107e-05,1.636082611420183e-05,1.6130370591716755e-05,0
0.5031564397545216,0.4967945998002186,2.0093526433429996e-05,1.7536694312353744e-07,9.776287766427831e-06,9.55975703168579e-06,9.355507084952449e-06,1
0.3835031622680283,0.6151414678401945,2.6921498268304477e-05,2.183434775693276e-07,1.725547050502013e-05,1.317021286161627e-05,0.0012978043666647505,1
0.3698114199925219,0.6286718139197476,3.0381050719591138e-05,1.8899521357215576e-07,1.745086850562545e-05,1.1731929477804126e-05,0.0014570132438141046,1
0.34900748114517344,0.6493403061337686,2.979164677860507e-05,1.921080943837027e-07,1.7112315018263257e-05,1.1504325583080058e-05,0.0015936123255835947,1
0.37334936985036,0.6244216566207499,3.302157170937153e-05,2.129359032008228e-07,1.8967583151353205e-05,1.3877018362898614e-05,0.0021628944197630757,1
0.618390043470237,0.37920875598378073,3.091224036144294e-05,2.4086240567222005e-07,2.0722490990515842e-05,1.7312442185098138e-05,0.002332012510039592,1
0.5988160759564051,0.39800162307416326,3.437439885997723e-05,2.6769856455800225e-07,2.3043401654212097e-05,1.8816010340161623e-05,0.0031057994600127213,1
0.48076879104521597,0.5158427728861099,3.322508612551044e-05,2.588836680643484e-07,2.227294236343291e-05,1.2691853869893707e-05,0.0033199873026471417,1
0.5159770994515502,0.47910531629069847,3.656729950990052e-05,2.870392003332908e-07,2.4290056610391386e-05,1.458419604801926e-05,0.0048418556663826495,1
0.8298946355278625,0.1613406221881444,2.2410174241450814e-05,2.2583825614109138e-07,1.86874260044397e-05,1.0667502584836778e-05,0.008712751342906225,1
0.8672554264868358,0.12288655636421707,1.8653817102294083e-05,1.994030121153624e-07,1.623556627913519e-05,9.777137159108212e-06,0.00981315122539437,1
0.5214060716823924,0.47352889651376795,2.4843224168958802e-05,3.454367972618023e-07,1.751147066181276e-05,1.3866574207619725e-05,0.005008465098003904,1
0.5384122615773568,0.45682499669843957,2.518773388583054e-05,2.7333437056033887e-07,1.8559519813987362e-05,1.698625249701872e-05,0.004701734883636247,1
0.9265497619065212,0.06794406182281082,1.79512287995576e-05,2.37741195351588e-07,1.3443398768869667e-05,1.1620714362070451e-05,0.005462923187542406,0
0.9206067494423945,0.06839786969502466,1.911681148968402e-05,2.531778557120533e-07,1.4316285693571307e-05,1.1914089685037555e-05,0.010949780497856648,0
0.9297439093809364,0.06533552374599848,1.9021355053159853e-05,2.5134838969782965e-07,2.0168456073364127e-05,1.1817187911602234e-05,0.0048693085256371164,0
0.9251200564307981,0.06929301219291195,2.0173512234300205e-05,2.6657300704759683e-07,2.1390095195944935e-05,1.2532975923296789e-05,0.005532568219929464,0
0.9147970726187035,0.07862170000513713,2.5455434703022906e-05,2.6181817800306087e-07,1.3944068297101556e-05,1.3815963669926495e-05,0.0065277500913115205,0
0.9119570609890312,0.07947582154203553,3.956702702039879e-05,2.575661254031007e-07,1.5917424994321413e-05,1.3868951516994001e-05,0.008497506499276122,0
0.8270570546892686,0.03820639742246447,2.5040954217319757e-05,2.42577981753688e-07,1.457537139136913e-05,1.2714341767224493e-05,0.13468397464290935,0
0.20846148788170824,0.013920430063202864,8.68896754113219e-06,1.1171906619994962e-07,5.81324204662764e-06,5.506190240936297e-06,0.7775979619361941,6
0.14298605180267265,0.005901618599562248,5.9598594233054276e-06,7.662934937928122e-08,3.967975914172029e-06,3.776757093246152e-06,0.8510985483759851,6
0.009121289875488357,0.00020874884264427147,4.1710771896743793e-07,5.281722740646773e-09,2.784122323538939e-07,2.483211060084408e-07,0.9906690121590873,6
0.00576695344080508,7.212908481982532e-05,3.282671372627432e-07,4.676422103749786e-09,2.5350469436433674e-07,2.0158888165080187e-07,0.9941601294372396,6
0.008919818032341936,3.918187597900665e-05,5.966329649225059e-07,7.155676151137707e-09,3.7668176834760413e-07,3.456217730018029e-07,0.9910396739994966,6
0.8424917183628094,0.1324417203232247,1.6487461972302114e-05,1.8199645788030244e-07,1.3073353529048285e-05,9.541037318862966e-06,0.025027277464687626,0
0.7917623357113909,0.1784434397777283,1.792310299815474e-05,2.2192412556862137e-07,1.7639481814899242e-05,1.008995214445219e-05,0.02974835004979768,0
0.8046457307756043,0.17809909120707784,1.7836699900995223e-05,2.255352296272803e-07,1.6670424844145433e-05,1.025413378557457e-05,0.017210191223557252,0
0.8159789204161578,0.1742428378369621,1.833952201537229e-05,2.3189313785341904e-07,1.8031072785309274e-05,1.0181046607686057e-05,0.009731458212333876,1
0.7891227988469982,0.20336975288952286,1.5104144576173539e-05,2.150473451588002e-07,1.6721212058016408e-05,9.294659202251851e-06,0.007466113200297654,1
0.7720628830312781,0.22761160324956692,1.4094965672777291e-05,2.197821635882319e-07,1.3054647269591402e-05,8.478017016878487e-06,0.00028966630703195883,1
0.8708619586116849,0.1290943475685012,8.320146193092967e-06,1.2723508723499316e-07,6.408901784361396e-06,4.9603366078533595e-06,2.3877200141540248e-05,1
0.8727589705334581,0.12691409643295604,1.3425786079441658e-05,1.9752399604345102e-07,6.5245348854284015e-06,8.081083445268574e-06,0.000298704105179907,1
0.8677734649303557,0.13191202532463542,9.991515995404985e-06,1.0638155102700029e-07,7.770928705928738e-06,7.545526018023375e-06,0.0002890953927384619,1
0.8521106925600884,0.14766638233844448,1.145646384964759e-05,1.312010656327237e-07,7.218679530991136e-06,8.051141480217503e-06,0.00019606761554072507,1
0.6828856375686091,0.3168457863485066,1.4220278807843751e-05,1.8150171170502958e-07,1.1134924138348827e-05,9.993439343293571e-06,0.00023304593888318493,1
0.4789885324679628,0.5209451983370785,1.5097471311569875e-05,1.778720900939103e-07,1.0918567949563011e-05,9.617357219527709e-06,3.045792638782851e-05,1
0.5026453024043368,0.49728988586173717,1.5558464555993858e-05,1.8667413507495218e-50,1.1098988739279566e-05,8.620133461783792e-06,2.953414716919335e-05,1
0.5026450344750795,0.4972896207871227,1.5346937028124382e-05,1.93784559202349e-07,1.1098982823092158e-05,9.842884724525716e-06,2.8862148662909015e-05,1
0.6620896126925603,0.3378006169526537,1.3670968590657435e-05,1.7262223838899034e-07,6.108979090786171e-06,7.688753919487847e-06,8.212903094670528e-05,1
0.45371658752522204,0.5461156746291812,1.4320238940664741e-05,1.9636155423597734e-07,1.0490898202736698e-05,9.567959626687289e-06,0.00013316238727235897,1
0.7422904177766223,0.25765685099220753,2.7016092656731297e-05,1.8934984896233535e-07,6.6520239342087155e-06,1.567525084880098e-05,3.19851388141198e-06,0
0.711701474910674,0.2882432532874775,2.8344451028797208e-05,1.9866002050765924e-07,6.92691905822622e-06,1.6445989643778055e-05,3.3557820973056657e-06,0
0.48836678561199726,0.5115618381963959,3.712812889885365e-05,2.594272507708067e-07,8.729810800204495e-06,2.0549292133857313e-05,4.70953252312957e-06,0
0.37006967389373047,0.6298745500114468,2.4121433698651043e-05,1.9778556046320914e-07,1.3724086424122037e-05,1.4154205808864702e-05,3.5785833304870607e-06,1
0.3085319890080809,0.6914025462334006,3.4432501996992354e-05,2.078262001031905e-07,1.0462022085927753e-05,1.5875583914411577e-05,4.48682432093586e-06,1
0.19821668325781847,0.8017405621209025,1.8276127327736454e-05,1.3080149773719928e-07,9.486700910014899e-06,1.1678054819877027e-05,3.182936723613301e-06,1
0.17349775044918883,0.8264641423240089,1.6063219490956503e-05,1.1496380662164646e-07,7.984784919082462e-06,1.1146717821065739e-05,2.79754076453782e-06,1
0.1848814566206836,0.8150760068355852,1.783928288432081e-05,1.256120734094183e-07,8.724358648989345e-06,1.2790633093057678e-05,3.0566570311327055e-06,1
0.3056814540789626,0.6942833390757077,1.6211147288524013e-05,1.055464764919157e-07,6.5243366511460645e-06,9.797436168502611e-06,2.5683787451605523e-06,1
0.45817579316260226,0.5417738429169896,1.8689160226884447e-05,1.5937277970924387e-07,1.3544256023513866e-05,1.4280090602565732e-05,3.6910407753493694e-06,0
0.48347856780287596,0.516472136467817,1.910023117307991e-05,1.5192981556302206e-07,1.2911717567736307e-05,1.3613187493053545e-05,3.518663257662297e-06,0
0.567250806658379,0.4326873892737405,2.4312082501374148e-05,1.9431859936216724e-07,1.661832473610162e-05,1.6178963277671614e-05,4.500378765828456e-06,0
0.7455364765328111,0.25439575115141705,2.2323017855671636e-05,2.1380723090604797e-07,1.8285012375481033e-05,2.1501298123894847e-05,5.4491801857859406e-06,1
0.7451417768721726,0.25478949559278613,2.2387827490306573e-05,2.3065213083833232e-07,1.8667799496996485e-05,2.284677087051e-05,4.594485052458221e-06,0
0.7239012675750862,0.27602313602805295,2.2441860607186586e-05,2.1404313820001267e-07,1.2407612090382224e-05,1.858805646403165e-05,2.1944824561152513e-05,0
0.6918742589946799,0.308043156261046,2.5290724968261113e-05,2.142227851978759e-07,1.2637715612732442e-05,2.2478837994868406e-05,2.1963242913098754e-05,1
0.6295198272605006,0.3703788392858664,2.400746423320586e-05,2.0335304187720783e-07,1.1996473250286661e-05,2.3471399863025808e-05,4.165476324466246e-05,1
0.11467172036857978,0.8808113619153984,0.0001151530841290021,1.197638297757737e-07,0.0038976458181791394,0.0004954285809157,8.570468967987446e-06,1
0.13960998192848448,0.8540530879483397,0.001052429758713222,1.766172364163754e-07,0.004757765156325955,0.000511614879740444,1.494371115985813e-05,1
0.09142348678833002,0.9040559291543546,2.6522888659927713e-05,1.769722255882711e-07,0.004463250821128674,1.5659628252826106e-05,1.497374704852519e-05,1
0.06680225180303201,0.9306064302385679,2.5407223409828553e-05,1.930159016133459e-07,0.002536372913548899,1.5000917834999512e-05,1.4343887704770741e-05,1
0.038140534880356944,0.9617749723296475,2.1569914541150346e-05,1.1616848150424886e-07,3.794082248224258e-05,1.2146264605607935e-05,1.2719619885171037e-05,1
0.051292959081415554,0.9486419339828172,2.0171998841255556e-05,1.1881945311444388e-07,1.9300293666752606e-05,1.2505941443825309e-05,1.3009882362320034e-05,1
0.04687280900268233,0.9530620244544725,2.0543218955131857e-05,1.210060569935624e-07,1.9655472014183643e-05,1.1597545932676083e-05,1.3249299886089687e-05,1
0.1262210068489248,0.8737319381400869,1.950883438096462e-05,2.619088360419316e-07,1.1739576894922225e-05,9.948154615148388e-06,5.596536261082175e-06,1
0.17556958099477873,0.8243675729584584,2.8006706450029683e-05,1.6192341343021778e-07,1.596167254329818e-05,1.4964086064399796e-05,3.7516582918103713e-06,1
0.2542960373590432,0.7456187675071918,3.711186441184641e-05,3.668555457300844e-07,2.2599982434868726e-05,1.942396346770292e-05,5.692467904806157e-06,1
0.12048856659921635,0.879481015775835,1.3010427793018853e-05,1.9605530574391533e-07,6.219139330372533e-06,6.802641655027618e-06,4.189360864471592e-06,1
0.5537926188616094,0.4461242466392859,3.919326072183955e-05,3.235368765669622e-07,1.8510279640682542e-05,1.65866436001763e-05,8.520778265350448e-06,0
0.5232308644079323,0.476694245293319,3.1155760422561456e-05,2.719129707816665e-07,1.424325270991205e-05,1.471331078825526e-05,1.4506061857087328e-05,0
0.4697056628269849,0.5301990926724789,1.9568779403185224e-05,1.6562250757417546e-07,1.109866641287901e-05,1.0019244395564455e-05,5.4392187817148454e-05,1
0.37090001499535713,0.6285193979968374,3.014115400582655e-05,1.7846942089372815e-07,1.5210429143530712e-05,1.1016735632499248e-05,0.0005240402196027016,1
0.2787790513417577,0.7206897134780301,2.8548407022837138e-05,1.9749926163269775e-07,1.56081725994503e-05,1.1722568311975913e-05,0.00047515853301637474,1
0.3176401748645634,0.6818536106639774,2.760113708320825e-05,1.6342967327317165e-07,1.5090274956188764e-05,1.1282793671495268e-05,0.0004520768360750516,1
0.4500973908283609,0.546331352860948,3.522068958868869e-05,2.7443303767614993e-07,2.3610725529674536e-05,1.6069022767278797e-05,0.0034960814397677117,1
0.530349178331477,0.4660055530711766,3.286455637575213e-05,2.5607448756407303e-07,2.2031255756321174e-05,1.7989546089516295e-05,0.0035721271646372826,1
0.4137326947294455,0.5820045039857406,3.2721037922881795e-05,2.549562185737794e-07,2.1935045976253352e-05,1.2499309413967274e-05,0.0041953909352822364,1
0.45089755173218893,0.5444469165531041,3.231214515487206e-05,2.786515882188456e-07,2.3973666667666037e-05,1.3660982420135983e-05,0.004585306268876284,1
0.4871586591634039,0.5076351173708487,3.508584725303639e-05,3.042912661442816e-07,2.5736482813058667e-05,1.4917975755922189e-05,0.005130178868659285,1
0.7900367201704245,0.2000007427961142,2.3575504644937184e-05,2.3277387120468728e-07,1.6608284612055567e-05,1.1047452877671804e-05,0.009911073017455512,0
0.8186196780755676,0.1715547363603743,2.3727411584607184e-05,2.2956473155426398e-07,1.6299545298956845e-05,1.0895147041615381e-05,0.00977443389540135,0
0.6224559728409038,0.37285932931996896,2.3677553913436735e-05,2.851000712830833e-07,1.8803881877248384e-05,1.462699960716947e-05,0.004627304303658211,1
0.6083780673461089,0.38737905440862297,2.6585359153069613e-05,2.892316598336068e-07,1.8739465283432464e-05,1.483896989477241e-05,0.004182425219276977,1
0.7463644770056322,0.24213691256407216,2.999302950108311e-05,2.896274291756472e-07,1.9518608641121808e-05,1.7555797043226057e-05,0.011431253367681167,1
0.9257203533187439,0.06682656149508977,1.9726746282246748e-05,2.6066943696509635e-07,1.4479578815273946e-05,1.2255418557211846e-05,0.0074063627730747575,0
0.9095513429170128,0.08546024067567491,2.5640858825778226e-05,2.637253308976782e-07,2.3760728810242516e-05,1.3546305009641171e-05,0.0049252047893358596,0
0.9177708959652773,0.07624131509639462,2.5270958932220654e-05,2.599207792447744e-07,1.7135588877048115e-05,1.3715839253387541e-05,0.005931406630486119,0
0.9273268894059559,0.06732200447411917,2.5608195062718286e-05,2.633893725048694e-07,1.8224047629803764e-05,1.3898874514089199e-05,0.005293111613345934,0
0.9046763543997136,0.08950751414462925,2.63841229435943e-05,2.640501433161311e-07,1.4341859418304836e-05,1.4218091101752676e-05,0.0057609233320499885,0
0.8355487833736702,0.023905108120129036,2.5298059803937228e-05,2.4506862782723605e-07,1.5145087483054319e-05,1.2844885047250791e-05,0.14049257540523877,0
0.8401827551342621,0.02247750976293061,3.842342352876329e-05,2.5012170658977524e-07,1.5457364581089773e-05,1.310973418936651e-05,0.1372724944588013,0
0.8675681246764304,0.03060465571317981,3.7078428208353195e-05,2.617892776653023e-07,1.61784131551985e-05,1.3721271498627592e-05,0.10175997970824992,0
0.009625374906466628,0.00038552304452421063,5.063454647195191e-07,6.510375625787322e-09,3.387639246771983e-07,3.123327892993129e-07,0.9899879380964548,6
0.012584149104323128,0.000296008601504801,6.429438438523351e-07,7.90404269362238e-09,4.0928249145960903e-07,3.716099310767497e-07,0.987118410553863,6
0.009372725661033596,0.0002226292727074955,4.705171371800141e-07,5.944662646235987e-09,3.078230258930048e-07,2.94080586941709e-07,0.9904035667008462,6
0.007461777645620556,0.00022162071388778784,4.482415203226017e-07,6.1054192579016e-09,3.263183288636709e-07,2.8078803508026223e-07,0.9923155401871881,6
0.005182809762073201,0.00015520319098383077,3.5050009158595493e-07,4.993147926187226e-09,2.835028181002338e-07,2.0951490354324363e-07,0.9946611385359818,6
0.007255874260573032,4.5280349818797966e-05,4.523896677918003e-07,5.991325807633912e-09,3.1581710641982485e-07,2.893832259215165e-07,0.9926977818082822,6
0.005333911876227883,3.879039137169673e-05,3.0712880028529934e-07,4.0584032612709275e-09,2.1014985147550175e-07,1.9602236058345735e-07,0.9946265803729849,6
0.004964148423682971,4.3499803821354284e-05,4.534146102971099e-07,4.537736315379283e-09,2.3497039385221532e-07,2.3945319822771575e-07,0.9949914193965571,6
0.8536168035809005,0.12098518990523696,1.6705178556897556e-05,1.8439971723487947e-07,1.3687777887584653e-05,9.667026513685682e-06,0.02535776213118681,0
0.8510083944392248,0.1325498881746485,1.555894358771428e-05,1.9265106889306448e-07,1.0496107774133565e-05,1.0842398499325991e-05,0.016404627285196496,0
0.8095716588787738,0.17260094311082685,1.7901686316410083e-05,2.2635694699678237e-07,1.6457962601274405e-05,1.0236951612573717e-05,0.017782575052922026,0
0.8188246317265739,0.16766693734170926,1.764739100212265e-05,2.2314152304396042e-07,1.7638599386388734e-05,9.796815322998647e-06,0.013463124984482195,1
0.8095203052662411,0.18185419956684812,1.7102507280752425e-05,2.2060595987596065e-07,1.6842284196498954e-05,9.5349106194199e-06,0.008581794858854267,1
0.7956859618305859,0.19882995290280306,1.519245404233846e-05,2.1683590174026922e-07,1.6773308796955258e-05,9.371963220473621e-06,0.005442530704649661,1
0.8764780133108172,0.12340510682017562,1.0493068660001253e-05,1.2649824724028606e-07,6.257632287546895e-06,4.843257637392074e-06,9.515941217507044e-05,1
0.8455170656433585,0.1541773976368516,1.3258658892484734e-05,1.59838572013685e-07,6.147058934885452e-06,6.119763724351286e-06,0.0002798513996659801,1
0.8696130705640363,0.12999189562643162,1.0580963844281555e-05,2.0231415893946747e-07,6.198833193772446e-06,6.0377652229158725e-06,0.00037201393311226246,1
0.8522397795166442,0.14737155018229903,1.2289096275673228e-05,1.91426909009908e-07,6.625555080645998e-06,7.477246020567591e-06,0.0003620869767707676,1
0.8672446657452038,0.13244572517942071,9.960963563501555e-06,1.6135491274686397e-07,6.679313845015488e-06,7.5409279654542136e-06,0.0002852665150886188,1
0.6798601669526848,0.31973025815580375,1.4092053207892775e-05,1.798650935915599e-07,1.103451947347961e-05,9.970806704167392e-06,0.00037429764703229254,1
0.5282483826844149,0.47168693042513976,1.3475106292402955e-05,1.719906403051183e-07,1.0055928469883396e-05,8.897837886891823e-06,3.2086027155944794e-05,1
0.5026442584668226,0.49728885304681825,1.5346913334764188e-05,1.8081091164270995e-07,1.1098965687933701e-05,9.776256216128745e-06,3.0485540208664135e-05,1
0.5027533003545154,0.49718128045694343,1.5878872961737537e-05,2.0050127213537348e-07,8.331201065149353e-06,1.0184046225729005e-05,3.082456701627888e-05,1
0.5456963992339814,0.4542484091940519,1.4018635096369788e-05,1.7701219584013674e-07,6.311524721300386e-06,8.172587552222932e-06,2.6511812400750368e-05,1
0.6116561506776458,0.3882579273710247,1.4762625095379581e-05,1.8640649867365064e-07,6.596794326220603e-06,8.41923644257537e-06,5.5956888966438396e-05,1
0.4996672441360384,0.5001779192520984,1.405444978811978e-05,2.0264021767837007e-07,7.2365282383125766e-06,8.778475397425933e-06,0.00012456451822149246,1
0.8207846250032268,0.17917535936695053,2.020553187440774e-05,1.4798714235212658e-07,5.456176129005962e-06,1.1582424108826017e-05,2.6235105677096745e-06,0
0.729467998922054,0.2704767077562015,2.836029304126742e-05,1.893989569057656e-07,6.930790586307293e-06,1.645518148075373e-05,3.357657679294494e-06,0
0.5401313133026518,0.4598090768117148,2.7301488809086196e-05,2.2295593507271265e-07,1.073024439177056e-05,1.7660390838563594e-05,3.6948056590162152e-06,1
0.3733985305522664,0.6265413799179178,2.6680737848865132e-05,2.2910627722867059e-07,1.153326640818585e-05,1.750114243370783e-05,4.145276847714958e-06,1
0.1860253090516802,0.8139389055782786,1.5817890707664703e-05,1.1320799852744961e-07,7.352185530435095e-06,9.747271049778405e-06,2.7548147548260276e-06,1
0.18706828588238172,0.8128894782700525,1.779142709996688e-05,1.252751055875439e-07,9.556860576789607e-06,1.1713827561579497e-05,3.0484572217191566e-06,1
0.18700682783996558,0.8129568619625555,1.5464293920196954e-05,1.0888901957129075e-07,7.812289407846372e-06,1.1087783677128036e-05,1.836941454325778e-06,1
0.30568137247101174,0.6942831537224917,1.6211142960624846e-05,1.0554645791193953e-07,6.524334909340216e-06,8.999665264035305e-06,3.6331169044902257e-06,1
0.6145482774953576,0.38539091447808155,2.5011257132742014e-05,1.855324018360208e-07,1.58669201656472e-05,1.544742462109169e-05,4.296892239531774e-06,0
0.5675835040282847,0.43235601053209305,2.2941161719236885e-05,2.2473572801292427e-07,1.662807152335524e-05,1.6188452375733883e-05,4.50301827583249e-06,0
0.5675827626723002,0.4323554458051171,2.427759683821468e-05,1.9443231489490487e-07,1.6628049804400673e-05,1.618843123099313e-05,4.503012394161293e-06,0
0.5809795277133368,0.4189558484338721,2.3962974509685125e-05,1.9152829228060332e-07,1.6379694829612595e-05,1.9653899331415436e-05,4.4357558281311396e-06,1
0.7376847607335226,0.26224537577097495,2.3011815957643158e-05,2.2040445784857165e-07,1.8849213949846448e-05,2.2164741276313413e-05,5.617319860875461e-06,1
0.7476694183621564,0.2522616740845178,2.2165713027849124e-05,2.2836378132884981e-07,1.84825922341509e-05,2.2620103131847592e-05,5.410781150474452e-06,0
0.8071876302802554,0.19273949255840586,2.202457954616382e-05,2.1049402362594574e-07,2.377939503328583e-05,2.2669747967849044e-05,4.192944767802986e-06,0
0.7875849910725081,0.21235115957800021,2.148971024149437e-05,2.0538215341666883e-07,1.5943927769575933e-05,2.2119210678036986e-05,4.091118649044555e-06,0
0.7884892982508519,0.2114645124120114,1.832229262879527e-05,1.6507337234953456e-07,9.492017842446873e-06,1.4335396087652237e-05,3.8745572055630844e-06,0
0.7363025430954558,0.26362562170455095,2.291419833039189e-05,2.0326038826876166e-07,1.1786209144921959e-05,1.7651654735645784e-05,1.9279877393893023e-05,0
0.5995224331119736,0.4003704766642475,2.6760028682330475e-05,2.1350942945142365e-07,1.2568557857679073e-05,2.2403984107396084e-05,4.514414370187417e-05,1
0.6038928457172462,0.3959988185473648,2.5801034049457792e-05,2.1854531184837382e-07,1.2865002747411385e-05,2.293240961758488e-05,4.6518743662891335e-05,1
0.1324338531079643,0.8599474674824076,1.9208515821170746e-05,1.2861870771790144e-07,0.007581810038009704,1.4903520807175824e-05,2.6287162824333945e-06,1
0.12225507021162813,0.8715185123066991,0.00017682736428787635,1.557829949842822e-07,0.00560356061716218,0.000435557633143087,1.0316084084642629e-05,1
0.14980694290878716,0.8319740010359818,0.00014392579832177044,1.6843266490575907e-07,0.01692426339980736,0.0011480790893707528,2.6193350662013817e-06,1
0.3308993223350844,0.6481863788953931,0.0003773887252614025,0.0,0.01914103755054589,0.0013877624453711625,8.110048344194191e-06,0
0.14164701603649532,0.853290807283749,0.0009313366312384327,1.7764774412688697e-07,0.0035219729272671484,0.0005952355448830321,1.3453928622990673e-05,1
0.04507228781889287,0.9526138189588208,1.8938086062073328e-05,1.4387057165357876e-07,0.0022729381768928237,1.1181413584115389e-05,1.0691675175831298e-05,1
0.03975103819468775,0.9583971992454968,2.2527840588061176e-05,1.5677328260882967e-07,0.0018037537007940365,1.2432838526135657e-05,1.289140662471634e-05,1
0.036090088152047735,0.9619889148982694,2.084109659373088e-05,1.3586308102271296e-07,0.0018776200796761433,1.0473731715471576e-05,1.1926178616389892e-05,1
0.09743765208449766,0.9025178961853167,1.8692931737507687e-05,1.0407766077446519e-50,1.0864220957868989e-05,9.532100765414668e-06,5.362476724748475e-06,1
0.22025901138981174,0.7796801736450601,2.4616753539009364e-05,1.7994041730896703e-07,1.6968025614411336e-05,1.4881145213217404e-05,4.169100343971773e-06,1
0.3174417501845831,0.6824654183089829,3.8583557432148075e-05,2.9826317295979065e-07,2.403662586312824e-05,2.309268631955119e-05,6.8203736463064e-06,1
0.16698410065612235,0.832943795909139,3.4101328159207156e-05,2.3547368910591492e-07,1.6106551665809505e-05,1.620717027898664e-05,5.4529109454376155e-06,1
0.20832932119777892,0.7916148802317129,2.7012297323870953e-05,1.787355149517657e-07,1.163600638896895e-05,1.2889557743916207e-05,4.08197353664959e-06,0
0.27729738393543296,0.7226335339570834,3.330277566722834e-05,2.21451614375304e-07,1.4864431624011042e-05,1.563327065962025e-05,5.060177918491917e-06,0
0.42216571795305696,0.5777681919770491,3.068260528267756e-05,2.1914998970181305e-07,1.4709940347531739e-05,1.5470788568085053e-05,5.007585706047183e-06,0
0.5413338715038332,0.4585798780138316,4.098370088885186e-05,3.3147022134607087e-07,1.9250889661079324e-05,1.6954708006880795e-05,8.7297135573105e-06,0
0.5545286697366519,0.445385018993131,4.128893588254018e-05,3.29398974671755e-07,1.9130597283000197e-05,1.6887173583172978e-05,8.675164493747917e-06,0
0.6177417723322851,0.3822024188468414,2.4162582788873648e-05,2.9333717849481477e-07,1.2126163928000022e-05,1.241910366056255e-05,6.8076333176711155e-06,0
0.45690938203247405,0.5430329655352694,2.333069580229132e-05,2.036194501422099e-07,1.2237466829968306e-05,1.1017923285761762e-05,1.08627268885996e-05,1
0.3414496272710011,0.658095032799176,3.331554172431573e-05,1.9726535477540408e-07,1.6812351865429156e-05,1.2176989492815528e-05,0.00039283778138563,1
0.2864214864056449,0.7130217134396776,2.993720188346828e-05,2.0710701170136262e-07,1.6367463647550475e-05,1.201480357086959e-05,0.0004982735785637601,1
0.3173884775764031,0.6812795142239237,3.174096124942844e-05,1.9745497960848607e-07,1.823200079939115e-05,1.3631819422462086e-05,0.0012682059632221122,1
0.30469847593697014,0.6928083720909483,2.2751639954089666e-05,1.917267009366351e-07,1.649512227411494e-05,1.1251867275586204e-05,0.0024424616158767887,1
0.36943576318563914,0.6264976046973161,2.5647171553695136e-05,2.217177772877641e-07,1.9418347999859906e-05,1.0869784296298237e-05,0.004010475095417599,1
0.6968261544325098,0.2998174248758755,1.9813481463210275e-05,2.3857299610335413e-07,1.5735171224753378e-05,1.2523180257347657e-05,0.003308110285673202,1
0.5492140128780935,0.4466427840114751,2.3967521427890807e-05,2.6075126406129414e-07,1.6894206060632615e-05,1.3377789138489774e-05,0.004088702842540465,1
0.8500932448551615,0.014700843202403165,2.647977731304178e-05,2.5651622067349064e-07,1.5852541540572995e-05,1.3444892545075157e-05,0.1351498782148161,0
0.8018879443286181,0.018268407470819942,1.7186986053026765e-05,2.415036334350628e-07,1.256651280798737e-05,1.1586044767972951e-05,0.1798020671532994,0
0.2208129607860212,0.007675599184181532,9.913544218712479e-06,1.2961879854336541e-07,6.7446450758643115e-06,6.388397145246531e-06,0.7714882638245589,6
0.05357470850204565,0.0019109582292804865,2.826534915455346e-06,3.695671817256265e-08,1.9136710511497725e-06,1.8214502489181143e-06,0.9445077346557401,6
0.007964356360746208,0.00010948269750530837,6.17324814821442e-07,7.563159479134236e-09,3.037233240932649e-07,3.325459599294109e-07,0.9919248997844902,6
0.0072206849344698615,7.844027224032561e-05,4.2850520210024617e-07,6.104391732241759e-09,3.449118560769721e-07,2.6314508723972535e-07,0.9926998321267526,6
0.00493183943425772,5.8740148216490584e-05,3.2883170063706374e-07,4.35495767180449e-09,2.295602300141433e-07,2.1034604698223545e-07,0.9950086473245906,6
0.003687881777259365,3.1125831556860436e-05,2.4589049435409157e-07,3.2565068779456094e-09,1.6862652444126667e-07,1.5729047223149955e-07,0.9962804173271859,6
0.005800777216245514,3.966788480787396e-05,3.876381754239498e-07,5.122255007906444e-09,2.652375971120432e-07,2.474067887097591e-07,0.9941586494941305,6
0.005098025759918931,4.4672943172830264e-05,3.5266460026994865e-07,4.660113810690647e-09,2.413072733607272e-07,2.2508520000377715e-07,0.9948564775797207,6
0.803562875567801,0.1779874216873972,1.898793677518212e-05,2.351089130949254e-07,1.709430061803033e-05,1.0632757681926864e-05,0.018402752640813695,0
0.8710442007647946,0.12832565069104793,1.2386963967751314e-05,1.7154493961506128e-07,8.486008117262055e-06,6.5465547557841065e-06,0.0006025574723771649,1
0.8452085087758723,0.1542066592997627,1.70816495460584e-05,1.7879133492740594e-07,7.259620125556647e-06,8.61974916017573e-06,0.0005516921141984059,1
0.848379474140154,0.15122484372774594,1.2489452624301033e-05,1.7296428744273093e-07,7.650640933269026e-06,8.686125728068645e-06,0.00036668294852687224,1
0.8247899750158246,0.1748025633947899,1.2339087896034984e-05,1.6143950061558642e-07,8.131389886001052e-06,9.044376192863472e-06,0.0003777852959100422,1
0.8063973859345739,0.1932524009886438,1.245968694316899e-05,1.5903025095728683e-07,9.756325510526271e-06,8.756166273920384e-06,0.0003190818678037751,1
0.5720883974405788,0.4275404390915784,1.4424490223376152e-05,1.8410818109776702e-07,1.129179474480635e-05,9.589631443209546e-06,0.00033567344325048215,1
0.5511286324682323,0.44851448533272387,1.393568067351871e-05,1.7786921973872858e-07,1.053579520902904e-05,9.264663048731554e-06,0.00032296819089263186,1
0.85389098400989,0.14608118702860753,1.2175872876731701e-05,1.172455192824931e-07,4.306576399382428e-06,9.283777626939425e-06,1.9454890799911096e-06,0
0.8218399763992155,0.17812106386546747,1.919033669221286e-05,1.475955376823493e-07,5.453460259934424e-06,1.1551774612550421e-05,2.6165682146565926e-06,0
0.7635721361629785,0.23637140216750244,2.826946603562287e-05,1.9825374975363162e-07,7.25481937673102e-06,1.7224495238688586e-05,3.5146351182937594e-06,0
0.3533888356650601,0.6465488903631944,3.065192217615819e-05,2.168533978216249e-07,1.0916453441827077e-05,1.6565160275908984e-05,3.923582453575006e-06,1
0.20452614558281088,0.7954343849350735,1.7207905280740663e-05,1.2315627612337876e-07,8.537700190171781e-06,1.0603823232197275e-05,2.9968971364850033e-06,1
0.21983284205130202,0.7801278572431813,1.671655993346546e-05,1.196397375166322e-07,9.357356915889397e-06,1.0195823595165264e-05,2.9113253344410706e-06,1
0.33623236287847763,0.6637285157625041,1.7831347911553207e-05,1.1609518319782678e-07,7.176402425326166e-06,1.0001288698676198e-05,3.996224799488994e-06,1
0.5759073494491934,0.42403575918736913,2.3438625294688097e-05,1.7386668825075763e-07,1.4776017234090722e-05,1.4476137506408242e-05,4.026716713978987e-06,0
0.5716088450332004,0.42832508591106944,2.4498865820620482e-05,1.9581149792312402e-07,1.6745998943127988e-05,2.0093425479283556e-05,4.5349539892261075e-06,1
0.5791957207460526,0.4207400371902498,2.3821404455881043e-05,1.9039676870316891e-07,1.6282925779619013e-05,1.9537786718405566e-05,4.409549974972281e-06,1
0.7802587426923168,0.21969235965996495,1.9039869259717556e-05,1.84517349567984e-07,9.863764453093878e-06,1.5783195792325147e-05,4.026300863532728e-06,0
0.6713944993324661,0.32850304300279715,2.387669317104572e-05,2.0224535749115777e-07,1.1934822735464818e-05,2.368141984341832e-05,4.2762483629300244e-05,1
0.5941790253512172,0.40552096209888244,2.6378527725274318e-05,2.2032016135060889e-07,1.2969481967438477e-05,2.3590434265202272e-05,0.00023685378578112387,1
0.15730001736168575,0.838880196364466,2.1860726995254917e-05,1.3277378037568004e-07,0.003781259696602347,1.3851744925041973e-05,2.681331545118582e-06,1
0.1422746325119731,0.8532947880298942,2.2474081773566185e-05,1.3301530419515533e-07,0.004390975409734859,1.4240388630238395e-05,2.7565626898006508e-06,1
0.18653056370862617,0.8063499444316872,1.724375447973706e-05,1.9032499682759906e-07,0.007083586401627923,1.5254705847257796e-05,3.2166727348677938e-06,1
0.09372025662269363,0.8962316819529053,0.00017116180255341963,1.1686340027802423e-07,0.009049947680414188,0.0008246447875446568,2.1902904885606526e-06,1
0.09862870703186725,0.8832586996131563,0.00021157781622691848,1.267461021214608e-07,0.016987329400761534,0.0009111838767006474,2.375515185064973e-06,1
0.44591084348991095,0.5227642460294872,0.00041619276699437466,2.96074775710163e-07,0.029037604810308894,0.0018666158651621872,4.200963360784126e-06,0
0.3984054851785714,0.5668774260796897,0.00036695901931359427,2.874800098812492e-07,0.03259185071524516,0.0017507322976873998,7.259229483024385e-06,0
0.2565203849831338,0.7374982465670923,0.00037724432635431276,7.997044890925669e-180,0.004575172524634817,0.001012147710734114,1.680388805072799e-05,1
0.03401757642158652,0.9643790429567871,2.0812581126552085e-05,1.448366366948337e-07,0.0015598588861593635,1.1486207896714809e-05,1.107810980743509e-05,1
0.046529930232494035,0.9530947513723442,1.2725566569205569e-05,3.2595837808033294e-94,0.0003426408680950023,9.974752317259579e-06,9.9772081804047e-06,1
0.047886924402867924,0.9520648480990227,1.2711815467706347e-05,6.932699763632016e-51,1.9055750418772555e-05,1.0030139873486829e-05,6.429792349547734e-06,1
0.0599756853791472,0.9399934030996396,1.3497534261171536e-05,8.893672123624266e-202,6.24756527420902e-06,7.50352852163753e-06,3.6628931560896015e-06,1
0.13897545078753912,0.8609738457629023,2.1968263475508108e-05,1.8139761524504219e-07,1.3369698200894993e-05,1.2047277167307326e-05,3.1368130996855376e-06,1
0.3208400233957537,0.6790730334140251,3.375004604848021e-05,2.825127800558819e-07,2.2923659717595617e-05,2.3526761717690772e-05,6.460209957256956e-06,1
0.07781592375857646,0.9221567990360235,1.262841658956141e-05,9.227063063068275e-08,5.854336056457734e-06,6.350797951393664e-06,2.3513841722189087e-06,1
0.0627621685237552,0.9372042020232848,1.4830856022132099e-05,1.3538815324157567e-07,7.130535410357202e-06,8.849263438046186e-06,2.6834099363852844e-06,1
0.14770555740076194,0.8522481830296715,2.1268579040663095e-05,1.621588963044201e-07,9.161802072374862e-06,9.947207358851901e-06,5.719822198519163e-06,1
0.5764329489577618,0.42348239665754633,3.977590057802104e-05,3.283465166877533e-07,1.906947338342134e-05,1.683321761478375e-05,8.647446598927294e-06,0
0.5316672041270589,0.4682460411290045,3.7184526149390246e-05,3.4090776754952766e-07,2.3325831975042283e-05,1.6023261648775422e-05,9.880216395817335e-06,0
0.44767289676776656,0.5522706080583835,2.2859062615345894e-05,1.7892491156314826e-07,1.1990084774582284e-05,1.0823966160535673e-05,1.0643135387994426e-05,1
0.43138838782957206,0.5685397464471581,2.0291366060300547e-05,1.6722251578516897e-07,1.1205885882332647e-05,1.011603603056415e-05,3.0085212781091812e-05,1
0.443312335094599,0.5565972407089975,1.8620473261278217e-05,1.575964146874078e-07,1.0560823284829999e-05,9.533710229032095e-06,5.1551593213634344e-05,1
0.29752353997663605,0.7023838498570796,1.886336810090708e-05,1.4596270972562432e-07,9.781227489500892e-06,8.82993551299118e-06,5.4989672471525654e-05,1
0.33730790562179136,0.6621651672355591,3.291143028475267e-05,1.9487256203158911e-07,1.6608421106295783e-05,1.2029284833104278e-05,0.00046518313386329716,1
0.31266416117454465,0.6855937032178229,2.3119775327994945e-05,1.9482895558198633e-07,1.7354679787407253e-05,1.1433929332430853e-05,0.0016900323942290185,1
0.5249775184430159,0.4700653293204725,4.130612468804613e-05,2.9464964517094707e-07,2.5255338281178376e-05,2.0644330697716614e-05,0.004869651793199606,1
0.7819348458071109,0.21135687212087054,2.3754323371663665e-05,2.3453944644436533e-07,1.6734257411033447e-05,1.113124711609462e-05,0.006656427704673186,0
0.7866562089766739,0.20345093729456754,2.340781180221887e-05,2.4282347052317137e-07,1.765878313408042e-05,1.0968872214998642e-05,0.009840575438136769,0
0.7931834761963008,0.19742511769336238,2.3452779556781966e-05,2.3839971858820538e-07,1.848470224360818e-05,1.0828258607686688e-05,0.00933840197021011,1
0.6862356034248767,0.31023848081729655,2.23915887417454e-05,2.696158382640338e-07,1.7782613494748076e-05,1.4152681979789738e-05,0.003471319257772331,1
0.547142731581023,0.44932696754660234,2.411155874069982e-05,2.6231829766132404e-07,1.6995734958826636e-05,1.3458185470026641e-05,0.00347547307490764,1
0.5410878842944995,0.4558906623089248,2.513669566765135e-05,2.7347113006173493e-07,1.771833260149022e-05,1.4030379206792348e-05,0.0029642945179696937,1
0.5467269914025112,0.45018001449187894,2.4447207779581238e-05,2.659699439707935e-07,1.7232326967056454e-05,1.3645532421199785e-05,0.0030374030684980706,1
0.5493273333466507,0.4457186707668,3.203253556363684e-05,2.657076157682153e-07,1.7215330590353063e-05,1.516273227355342e-05,0.004889319580505977,1
0.5764580810995352,0.4185034139313377,3.359270599661194e-05,3.175412790008215e-07,2.181212138896158e-05,2.1559291731168755e-05,0.0049612233087311785,1
0.9226173884042684,0.06592627650114372,2.003510245499258e-05,2.516835553153922e-07,1.3726845213978012e-05,1.488443640305597e-05,0.011407437026960498,0
0.9071747114539164,0.012957816822858834,3.3126477807722195e-05,2.660766985237236e-07,1.4984596355904828e-05,1.4674065535977827e-05,0.07980442050682665,0
0.012599597971854705,0.00046964469120720266,6.75795016606968e-07,9.495961157142477e-09,4.917142773450475e-07,4.555651172476786e-07,0.9869291247665658,6
0.008764874842486899,0.0002971060238121029,5.438088294655085e-07,6.6853244593028355e-09,3.5192199676438723e-07,3.2072589290767036e-07,0.9909367959916574,6
0.7963659191368361,0.1763933115585055,1.8817874969392075e-05,2.3300320530836286e-07,1.8520094614856225e-05,1.0537527431619739e-05,0.027192660804437312,0
0.7770018593302579,0.22174528792801967,1.4858918340662964e-05,2.2688566106434703e-07,1.7140514115926326e-05,8.752031848194318e-06,0.0012118743917564603,1
0.8883305031283321,0.11125884654807425,8.233567726554837e-06,1.4355777304480414e-07,5.8592941469527695e-06,4.643059687305801e-06,0.0003917708442595802,1
0.834733137178245,0.1649244345045963,1.0197599306420695e-05,1.4550353783575824e-07,7.197788555787764e-06,5.55275416307567e-06,0.00031933467159540765,1
0.809544428581397,0.19011563038403542,1.257088736164827e-05,1.6044956675053077e-07,9.686190340129353e-06,8.834313450360311e-06,0.00030868919384889935,1
0.7160418279219006,0.2836161238867887,1.3592634508285651e-05,1.7349072146699967e-07,1.0276441953970158e-05,9.552356202691706e-06,0.0003084532679242072,1
0.5460357075216467,0.45358178522985354,1.4865342482172788e-05,1.8973503558225735e-07,1.1636903177896662e-05,9.8827170647669e-06,0.000345932550739439,1
0.5119335366311705,0.4879997928434845,1.4390046505480647e-05,1.8366855583865672e-07,1.124865940284804e-05,9.930766038463548e-06,3.091738484224602e-05,1
0.49116890666364554,0.5087711448455668,1.422444177586177e-05,1.7743805367126133e-50,7.653718790974369e-06,8.193634877329446e-06,2.9876695343494264e-05,1
0.48962709176399843,0.5102106456601904,1.320332586994518e-05,1.6484222765497282e-07,5.833650006053156e-06,7.496210149068592e-06,0.00013556454755856632,1
0.3868969328319003,0.6129475309177232,1.3263327477388683e-05,1.6559134183508868e-07,1.0452084008503439e-05,8.284336683651584e-06,0.00012337091086517558,1
0.8811958712632466,0.11878333302455335,8.0676800907286e-06,9.533611990599267e-08,3.5018164148908954e-06,7.548939545313845e-06,1.5819400292726293e-06,0
0.6842690817959922,0.3156724482646776,3.0096926395465508e-05,1.94451944398989e-07,7.702653989380557e-06,1.6638169862107923e-05,3.837737138736354e-06,0
0.41562278710836487,0.5843194947338689,2.6577453283925074e-05,2.1704314333204995e-07,1.013480468540643e-05,1.719203724639266e-05,3.5968194072626567e-06,1
0.34707923174562383,0.6528573135085989,2.7537494239995522e-05,2.0229074735476906e-07,1.5894905485009845e-05,1.545273759105008e-05,4.367317713940801e-06,1
0.22455901869624506,0.7753971735163382,1.8220611797487e-05,1.4698330784882603e-07,1.1039052721080887e-05,1.1227871349296757e-05,3.173268240964152e-06,1
0.18107375355746214,0.8188890858702745,1.5649719234842093e-05,1.1019466829859172e-07,9.328265369170651e-06,9.390904915216815e-06,2.6814880757609593e-06,1
0.18289233140900335,0.8170660928002075,1.7394266302585106e-05,1.2247856989944678e-07,9.648686465120421e-06,1.2344164318032321e-05,2.0661951333626494e-06,1
0.5488718388560783,0.45106424117297095,2.98016810077015e-05,1.8342179254775455e-07,1.2177046789300992e-05,1.5444082100548954e-05,6.313739260801506e-06,0
0.614540667009234,0.38538614184700576,2.4606827938263783e-05,1.855301042268315e-07,1.5866723671766792e-05,1.503620797851294e-05,1.7495854067451294e-05,0
0.747670380152306,0.25226199858995735,2.2165741541472827e-05,2.1230085692725316e-07,1.8482616009866093e-05,2.1349811217362773e-05,5.410788110818001e-06,0
0.7875891717570775,0.21235228678741405,2.148982431388151e-05,2.0538324363297482e-07,1.5666943700331067e-05,1.63130168874853e-05,4.8662873631100214e-06,0
0.6692404586925561,0.33065502567824046,2.3713182191520962e-05,2.008603526133543e-07,1.1823950678061872e-05,2.1381751302856046e-05,4.73958846782377e-05,1
0.6331635557575288,0.36620236941514994,2.5607155432447086e-05,2.1301307810931105e-07,1.2539339379707832e-05,2.280803983603388e-05,0.0005729072795950051,1
0.4708399158757602,0.5281165871178961,3.3587830853191865e-05,2.0947679847063064e-07,0.0009841944366837936,2.1368822930356406e-05,4.136439077912368e-06,1
0.13033223768626426,0.8639332585348446,0.00027703863670039587,1.7031592489199088e-07,0.0049243819725934765,0.0005222079546321071,1.0704899040174898e-05,1
0.2699816566910032,0.7218971750565741,0.00045625886934172607,9.102869526354681e-265,0.006548022159350488,0.001100438805893462,1.644841783726722e-05,1
0.08040102267577351,0.9158670669262221,2.5716076604106697e-05,1.989402833046985e-07,0.0036757498734734328,1.5461352246010812e-05,1.4784155397694783e-05,1
0.048698882499793206,0.9512275790880684,1.2483754656714403e-05,7.023380594312951e-51,4.576035168270227e-05,1.0161335720210973e-05,5.132970078566106e-06,1
0.14632731302094734,0.8536192858595966,2.4761309055285896e-05,1.9478766421922516e-07,1.3168339962594793e-05,1.2215815944143078e-05,3.060866829826112e-06,1
0.23192853604376748,0.7679998613274569,2.6616807103059113e-05,2.2598893927064822e-07,2.108864265508288e-05,1.934678754863368e-05,4.324402529711981e-06,1
0.11863625266986179,0.881314827950367,2.074158559945863e-05,1.7151067663897354e-07,1.264761970201456e-05,1.2391265534437814e-05,2.9673982587328986e-06,1
0.22381779529967769,0.7761109290314825,3.0476388136519172e-05,3.100094109324714e-07,1.926475885091292e-05,1.64141214237684e-05,4.8103910175569645e-06,1
0.07226366870205916,0.9277066057136827,1.3848272921688304e-05,3.0049166775481546e-94,6.904068270588187e-06,6.635854516212801e-06,2.3373885498194715e-06,1
0.06043333263490969,0.939537762803664,1.270366573680563e-05,7.678616164685765e-51,6.789284810761539e-06,7.113082539235197e-06,2.2985283395503437e-06,1
0.42185023912847275,0.5780720728679322,3.195950035059654e-05,1.9146427794377619e-93,1.8974089960847912e-05,1.2449786124653574e-05,1.4304627158934829e-05,0
0.42746663283917924,0.5724709406295171,2.8299087004928874e-05,3.158267732401503e-07,1.3921936585096021e-05,1.336424649824555e-05,6.525434442135066e-06,0
0.3070109907562589,0.6924640930090243,2.1219240486190194e-05,1.7881326282446913e-07,1.592805806914194e-05,1.1446228881640061e-05,0.0004761438940170665,1
0.2498816692854981,0.7486330136741086,1.8930837965463298e-05,1.5952903247450779e-07,1.4210286490115305e-05,1.0211803029187455e-05,0.0014418045838760643,1
0.3102592361911393,0.6880268271819915,2.2732010713991304e-05,1.9156128651140917e-07,1.706360729152654e-05,1.2262257819339852e-05,0.0016616871897577458,1
0.7816530088888672,0.2128003528756297,2.424618570342177e-05,2.361412546741005e-07,1.6848545526085593e-05,1.1207268968742786e-05,0.005494100094050076,0
0.5459624124270345,0.4508669942321536,3.19798063007216e-05,2.5321142073008606e-07,2.1118644907061178e-05,1.2657491119729045e-05,0.0031045841870637803,1
0.5841773764486138,0.4112835239011711,3.72640287851772e-05,3.2621202678691076e-07,2.2149935122689387e-05,2.027231278381616e-05,0.004459087161496497,1
0.892451946825498,0.011842098804088423,2.247817418720815e-05,3.158529786693458e-07,1.4904348756285619e-05,1.5944012211374908e-05,0.09565231198228012,0
0.32814626164090166,0.007622268823009947,1.4244608042927909e-05,2.0015868917398554e-07,9.014527910715597e-06,1.0103854641002775e-05,0.6641979063868045,6
0.02555033403586131,0.0006238529260023112,1.1808350403964928e-06,1.6592551588937307e-08,7.472771730556653e-07,8.375790732334145e-07,0.9738230307542981,6
0.015390744812240184,0.0005125077944543346,8.255016286404897e-07,1.1599569703969765e-08,5.05015984157221e-07,5.855372388316106e-07,0.984094819738884,6
0.007063719354384296,0.00031151359950708256,5.609536503113238e-07,6.896094649010022e-09,2.7961989567354795e-07,3.481094835889358e-07,0.9926235714669844,6
0.0063930469407000486,6.460451846252583e-05,3.739809112996568e-07,5.3276505670514284e-09,2.2517817856781983e-07,2.1116305783508636e-07,0.9935415328910391,6
0.005762027556028595,4.571117459652091e-05,3.4217614976606556e-07,4.874566864916696e-09,2.0866978592863257e-07,2.012517894028005e-07,0.9941915042970828,6
0.006770805711351416,5.371398852594615e-05,4.020821154699831e-07,5.325066257507935e-09,2.452023293213579e-07,2.364856384073515e-07,0.9931745912049731,6
0.05501594664172521,0.0002765399677045098,2.7343106615708585e-06,2.8274265006547142e-08,1.1041284205343564e-06,1.579781253533233e-06,0.9447020668959696,6
0.8586453786606709,0.12477768470143337,1.415562151180536e-05,1.7899002427033914e-07,1.1348527998959637e-05,1.007355516734905e-05,0.016541179943193204,0
0.7931579012537328,0.2052956862468217,1.4805487845017146e-05,2.308613037520061e-07,1.668006278238609e-05,8.905390818770975e-06,0.001505790696695554,1
0.7876446459121144,0.21106713100264127,1.4854044308462903e-05,2.3161844249501936e-07,1.6492008463558837e-05,8.934597170381158e-06,0.001247710816859599,1
0.8114250444069182,0.18764837598007264,1.6978727635939104e-05,1.9126517863707407e-07,1.113247509743897e-05,1.0963932914661893e-05,0.0008873132121826629,1
0.7590329403824404,0.2406032525515017,1.4039811556523983e-05,1.7919830292775773e-07,1.0632637176922806e-05,9.866614225876026e-06,0.0003290888047956335,1
0.6035940692320392,0.39599912029538387,1.5653927530415057e-05,1.9980020645654542e-07,7.357478868026605e-06,9.459712214596505e-06,0.0003741395537575615,1
0.6723612377506745,0.32674181220092696,1.4084653268027622e-05,1.7977064384340874e-07,6.5825935167271e-06,8.256075842126128e-06,0.0008678469551276274,1
0.6394096542207127,0.3592663043590738,1.5577845011010678e-05,1.7850582740335998e-07,6.536280212618521e-06,8.832886577825554e-06,0.0012929159025847632,1
0.7174942094620333,0.28245028909099895,3.191203059528423e-05,1.540951016575709e-07,6.406081947956124e-06,1.3837500652064048e-05,3.1917386707690925e-06,0
0.5544800206508465,0.44544886618187307,3.577364527534246e-05,2.139383985550018e-07,1.2677772002365844e-05,1.830551721242635e-05,4.142294391800941e-06,1
0.21451197803684482,0.7854381954271739,2.2433575771237003e-05,1.6930572054321505e-07,1.1339170146859182e-05,1.2800943298351756e-05,3.0835410442880094e-06,1
0.23130426829701628,0.7686500147856801,1.902658706012975e-05,1.7499622095144807e-07,1.252284147130783e-05,1.0723906444780992e-05,3.268586106440118e-06,1
0.2561331486706907,0.7438296909486004,1.7368028294612676e-05,1.1307862161032565e-07,6.989934860495639e-06,1.0781719518902616e-05,1.907619413342502e-06,1
0.33242370351913314,0.6675379205251707,1.7443727028785674e-05,1.1357148630068736e-07,7.020400565175275e-06,9.888902432599294e-06,3.909354183078004e-06,1
0.4154427469217031,0.5845100754383151,2.168701554956131e-05,1.4119841392411753e-07,8.449486021186447e-06,1.2039612567481643e-05,4.860327429869054e-06,1
0.5462377751086382,0.4536887632828964,2.4672500499223484e-05,1.8602526098211365e-07,1.5809310511991987e-05,1.6224688061071883e-05,1.6569084132098928e-05,0
0.614540667009234,0.38538614184700576,2.4606827938263783e-05,1.855301042268315e-07,1.5866723671766792e-05,1.503620797851294e-05,1.7495854067451294e-05,0
0.5859030439585468,0.41401881471185553,2.409726605730195e-05,1.9260164111600666e-07,1.6471488716355286e-05,1.9764042275349812e-05,1.761593090751042e-05,1
0.747670380152306,0.25226199858995735,2.2165741541472827e-05,2.1230085692725316e-07,1.8482616009866093e-05,2.1349811217362773e-05,5.410788110818001e-06,1
0.807191423543919,0.1927403983102859,2.2024683047548336e-05,2.1049501281272372e-07,2.377950678117658e-05,1.7176056904725696e-05,4.987404048787653e-06,0
0.6719074845778854,0.327429840778503,2.666390702426211e-05,2.12742506492718e-07,1.252341176926677e-05,2.2646616448641563e-05,0.0006006279658629705,1
0.6308239211866321,0.36832961516029433,2.5947688912398523e-05,2.070280387601874e-07,1.218702091989451e-05,2.2167201174357947e-05,0.0007859547140283771,1
0.6130757338261107,0.38598852687110696,2.719170494788421e-05,2.169536317824532e-07,1.1846479052775797e-05,2.322996841408548e-05,0.0008732541967358734,1
0.30853508189113965,0.6770020012687127,0.00029622604093812834,2.488785213141088e-07,0.01220471556834224,0.0019581931988125133,3.5331535336459704e-06,1
0.41622633353329186,0.5690457138298396,0.0005402158307295021,3.0033911411474434e-07,0.012263617193006292,0.0019195578045596829,4.261469458788124e-06,0
0.37277909258309383,0.6205627655972105,0.0004022318593468345,7.672984767728721e-180,0.005117609757925234,0.001131023333211757,7.2768692118744116e-06,1
0.2203173100734852,0.7713831641279802,0.0006046268859290299,9.132773711217206e-137,0.006484963668021907,0.001201483639306078,8.45160527738627e-06,1
0.08799764590742465,0.908424646223516,0.00019206098978377708,1.597364671826598e-07,0.00306838901846643,0.00030358270718471904,1.351541715694349e-05,1
0.07769002240914374,0.9181226725472974,0.00011986745936955963,1.838092960820012e-07,0.003901976033126259,0.00015161803870593674,1.3659703061019097e-05,1
0.07463658227032934,0.9253237182333153,1.9621602562802162e-05,1.150368169356775e-07,8.279810781701598e-06,9.257523686214798e-06,2.4255225076515537e-06,1
0.09582805897311777,0.9041305992998443,1.9182984626888764e-05,1.3900749514361024e-07,9.265531458105399e-06,9.302207691705146e-06,3.4519957661202107e-06,1
0.1122981464665541,0.8876432275335454,2.4446888944460048e-05,3.275885302067856e-199,1.2618816244173075e-05,1.3688390618280431e-05,7.871904093496377e-06,1
0.42074302839915795,0.5791911299150332,2.6644710077020787e-05,2.3254262372015252e-07,1.397574073764404e-05,1.2582966838526383e-05,1.2405725531947847e-05,1
0.25357455867572654,0.7463874942216153,1.597478522115272e-05,1.203609354430503e-07,8.06560588406869e-06,7.28116996624141e-06,6.505180651247611e-06,1
0.24350609693497063,0.7564339959985148,1.853638144970354e-05,1.43432522253352e-07,9.611675010625281e-06,8.676873184551682e-06,2.293870434743428e-05,1
0.26089104193696094,0.7390013757068881,2.7379517159431886e-05,1.621174348815283e-07,1.0863785096695819e-05,1.0007344185714637e-05,5.916959227435872e-05,1
0.2803245097427884,0.7195546730743274,2.9418985288757245e-05,1.7419337251489e-07,1.4845993989570324e-05,1.0752779519986907e-05,6.562523071344884e-05,1
0.2713912661410169,0.7280907921172436,2.643169597008653e-05,2.0013079393944887e-07,1.4450910429688355e-05,1.0607926430856658e-05,0.00046625107811488234,1
0.22858988863187413,0.7709295254063762,2.3581190761271227e-05,1.4669870608820914e-07,1.2892463499208806e-05,9.446738747344702e-06,0.0004345188700358904,1
0.2534009785479268,0.7452209004860151,1.9594304893959864e-05,1.7348277797118564e-07,1.4708312787094511e-05,1.0569694930356717e-05,0.001333075170668635,1
0.32256720004477496,0.6753053460932141,2.0159301213250365e-05,1.8801935589559592e-07,1.6176162476311477e-05,1.2035531077312419e-05,0.0020788948478880553,1
0.3324286873188199,0.6649575170075003,2.2414022906668637e-05,2.0358110350771799e-07,1.6970420927987868e-05,1.2403479946691603e-05,0.0025618041687947577,1
0.6197531581871315,0.37676740685782084,3.647310574897766e-05,2.735789517268598e-07,2.3549583387528418e-05,1.4368242057736958e-05,0.0034047704449016955,1
0.5158915919589527,0.48113101204493874,2.6528386795181703e-05,2.884606194051907e-07,1.8699306656399863e-05,1.4807170019560444e-05,0.0029170726720178846,1
0.5203167076185028,0.47566513268142097,3.2990848554024485e-05,2.8880429527011426e-07,1.8079672711609722e-05,1.4791092442244865e-05,0.003952009282072963,1
0.4694969383245297,0.5260236790905879,3.0182391398699448e-05,2.642188564260135e-07,1.794057253398056e-05,1.6457204522528896e-05,0.004414538197570765,1
0.5687982648283754,0.41564115108328586,2.138034723080917e-05,2.554645457999646e-07,1.5376016821474467e-05,1.2707007651763379e-05,0.015510865252088871,1
0.8813658883787713,0.10268414299199105,1.304890373072972e-05,2.0296680150525323e-07,1.1780932719151405e-05,1.1234241296304123e-05,0.015913701584689886,0
0.7456704654168425,0.023903364580951686,1.687070975680949e-05,2.234310948180011e-07,1.391407183130815e-05,1.0921241178437306e-05,0.23038424054834455,0
0.9004241492405798,0.020942774237097127,2.2428257168330708e-05,2.69596695042933e-07,1.678901400615804e-05,1.317780110181991e-05,0.07858041185335156,0
0.929226728513333,0.05963939329014283,2.1101033846796737e-05,2.5307378830716253e-07,1.4500011339658398e-05,1.3699154099487426e-05,0.01108432492344978,0
0.9176954954443521,0.06985841409731326,2.1245632489300352e-05,2.548080221133425e-07,1.4334559559816809e-05,1.5069215767322631e-05,0.012395186242496276,0
0.9301547071012819,0.006148712209460409,2.8262406265536113e-05,2.515301014634031e-07,1.6195654528900944e-05,1.387182422821606e-05,0.06363799927413376,0
0.9500212682474111,0.007599669273128768,2.8866044367804923e-05,2.5690236706896827e-07,1.6541566836330636e-05,1.4168103376334378e-05,0.042319229862512825,0
0.87676993696931,0.008554671336098635,2.353843041274231e-05,3.103028652517911e-07,1.8144663908616232e-05,1.566384681139416e-05,0.11461773445059327,0
0.018967768050726794,0.0004510324485095767,8.53718716955992e-07,1.1996063267886502e-08,5.222783130628257e-07,6.055519249411184e-07,0.9805792059557454,6
0.008075295957621987,4.8397942410643254e-05,4.795488484100635e-07,6.351014614291787e-09,2.9244398128993766e-07,2.8204789817922223e-07,0.9918752457082248,6
0.008244324203177092,6.353756933399664e-05,4.895865363078319e-07,6.483951024719606e-09,2.9856527930056105e-07,2.879515903339029e-07,0.9916910556401319,6
0.008155304829520342,5.979192028283497e-05,4.462628925812261e-07,5.910184461908962e-09,2.721451577688302e-07,2.624706769815558e-07,0.991783916461285,6
0.0012050680266924658,0.00010461906058585538,2.1983809335438777e-07,1.981216776132511e-09,1.5101345700072148e-07,9.764623322904804e-08,0.9986898424337212,6
0.0013273453957530874,0.0001074319303503978,2.1981055181706314e-07,1.7138565851010448e-09,1.7285198636695592e-07,1.0273115970194922e-07,0.9985647255663421,6
0.8534488744030457,0.12628963523831852,1.4588427588332568e-05,1.8446261832615996e-07,1.1900985783089523e-05,1.0381552656899381e-05,0.020224434929989276,0
0.907290415745769,0.09236024905028303,9.897923077350524e-06,1.305619774512959e-07,6.263689199588828e-06,5.0363807895858786e-06,0.0003280066489039252,1
0.8053018156643282,0.19366243720735107,1.3373969885480365e-05,1.9933680234876833e-07,1.1820085919761117e-05,1.142662424989617e-05,0.0009989271114632494,1
0.745821868686054,0.25333407169510636,1.3754361517331476e-05,2.029159360527955e-07,6.503041701378699e-06,9.177632034495956e-06,0.0008144216676504905,1
0.756564485535512,0.24221955164168044,1.2856785446245697e-05,1.9046602073966914e-07,6.214957814267532e-06,7.751241807007556e-06,0.0011889493717191532,1
0.6549745367590616,0.34385423472143944,1.5004209387881761e-05,1.719325625222232e-07,6.248520467302952e-06,7.724463065553475e-06,0.0011420793940155292,1
0.5670133092268254,0.4327607983701704,1.6331982979892006e-05,2.6049186164157695e-07,8.147689607947857e-06,1.0305730629808326e-05,0.00019084650792498668,1
0.4375446642633245,0.5622729466415968,1.386641293157815e-05,1.8203533923542152e-07,7.50735560221566e-06,9.045117269331104e-06,0.00015178817393611996,1
0.4765658753854143,0.5232715401769066,1.3404663293301863e-05,1.6735590562545874e-07,6.901958163388777e-06,8.315713852350864e-06,0.0001337947464644473,1
0.8821703564181111,0.11780589358165225,1.0167776509893977e-05,8.902992891762093e-73,3.938482314588721e-06,7.693462882071757e-06,1.9502785301159317e-06,0
0.8885075197910324,0.11147164674669098,8.632714693404487e-06,9.382536618460814e-08,3.13019919132511e-06,7.459586214338508e-06,1.5171368116036915e-06,0
0.7392925998430054,0.26066216730384834,2.600782992839957e-05,1.2558521416376988e-07,5.220861433820945e-06,1.1277357061890675e-05,2.6012195080285935e-06,0
0.5195927571607801,0.4803421731776484,3.286648064317313e-05,1.9655257888370485e-07,1.1647506003575153e-05,1.681790945526514e-05,3.541212890654686e-06,1
0.44971140522419323,0.5502238842025514,3.29018201007257e-05,2.2989267070410021e-07,1.166002990439908e-05,1.610906996295398e-05,3.809760616629663e-06,1
0.5759000478150849,0.4240303830553133,2.3059618585031323e-05,1.7386448388413077e-07,1.4775829896541497e-05,1.5164053532442084e-05,1.6395763103924165e-05,0
0.6412867900262367,0.35863683339502733,2.567776967153907e-05,1.9360477081506172e-07,1.6557277390965145e-05,1.569061588004324e-05,1.82573110226971e-05,0
0.5954357653144836,0.4044862699930281,2.4066922467881344e-05,2.3576388188373895e-07,1.7444038494676896e-05,1.698284650838235e-05,1.9235121135495594e-05,0
0.5954352752819922,0.40448593710839775,2.5468950974633016e-05,2.3576368785447643e-07,1.7444024138559676e-05,1.6982832531817503e-05,1.865603827714045e-05,0
0.5997092757126886,0.40020737520381755,2.570323605859055e-05,2.0543763907095024e-07,1.756923634847783e-05,2.108122319217807e-05,1.878995025538834e-05,1
0.6381893222529487,0.36173419978676746,2.2702104159458182e-05,1.9263367934499393e-07,1.647422865836304e-05,1.9372002297338193e-05,1.7736991489314317e-05,1
0.670175962317332,0.32974476845851985,2.3530677028654212e-05,1.9966435100774253e-07,1.7075498867123153e-05,2.0079034359777673e-05,1.838434954150103e-05,1
0.7320432151226268,0.26788774502995183,2.2678804841392173e-05,2.1809635330947842e-07,1.8651822496421897e-05,2.1932629183631356e-05,5.558494546746229e-06,1
0.7476723985718143,0.2522626795993335,2.2165801380362174e-05,2.283646915866856e-07,1.8482665905747634e-05,1.8634194156480035e-05,5.4108027178434605e-06,0
0.7749239346743804,0.22501979892185525,2.1144246023116528e-05,2.0208047162098567e-07,1.408135783026967e-05,1.605068693955939e-05,4.788032499563813e-06,0
0.6909184771274375,0.3089889750222811,2.284338233732087e-05,1.9349279207227498e-07,1.040735003297203e-05,1.680341156772654e-05,4.230021355111537e-05,1
0.614199558466437,0.38554148446380276,2.1322619324905155e-05,1.8061130731632395e-07,9.88635783126492e-06,1.5684750310945513e-05,0.00021188273098571859,1
0.6492072987484693,0.35018843635655766,2.3132494952131453e-05,1.9594169417604185e-07,1.0725517308259605e-05,1.701608052297783e-05,0.0005531948604954903,1
0.4141870735631381,0.5830743388952245,0.0003537779348658195,2.143442755377642e-07,0.0018744298862215002,0.000504105654151226,6.059722123414202e-06,1
0.07626566277107853,0.9159619052515579,0.0001260566285059646,1.3299377891682613e-07,0.007201704326062365,0.00044193264065814873,2.6053883580680934e-06,1
0.33817971851373013,0.6511701587414039,0.0004185647655508551,3.0219771966044745e-07,0.008626821296710295,0.0016007229053866077,3.7115794984479717e-06,1
0.050697903493789075,0.9487756803170112,1.275429560631389e-05,9.262087004796747e-51,0.0004938174375643199,1.0063658432119243e-05,9.780797596768096e-06,1
0.04693506178650552,0.9529776135807705,1.2418509315635509e-05,6.986673459720527e-51,5.497378034589e-05,1.010822831517833e-05,9.824114747092e-06,1
0.05216366508953406,0.947796896321749,1.4844471428067277e-05,1.476295270749703e-287,1.2166580942668828e-05,7.808760600317508e-06,4.618775745855482e-06,1
0.06342433874788676,0.9365347599368586,1.6377788760121334e-05,7.859607831948581e-51,7.790033242431385e-06,8.351538162572206e-06,8.381955089537033e-06,1
0.08051771800714358,0.9194175430075942,2.8677558948822543e-05,1.8379965297607138e-07,1.4387368738295003e-05,1.0680276944072356e-05,1.0809980978135286e-05,1
0.09665399421747731,0.9032899850323988,2.0722770235697135e-05,1.6387877612229482e-07,1.3956632656928635e-05,1.0969265416126643e-05,1.020820303901981e-05,1
0.17588631011998257,0.8240646226311198,2.1521898231368614e-05,1.5874178025671385e-07,1.064266037421297e-05,1.02920732050383e-05,6.451875306691737e-06,0
0.24152743926410913,0.758387088196766,4.127942865029889e-05,2.696161811653832e-07,1.8742529425616426e-05,1.902345265276454e-05,6.1575122149989e-06,0
0.34433394893774216,0.6555706184544868,4.312177420187068e-05,3.099625267007273e-07,2.185977746573234e-05,2.223800405045464e-05,7.903089526183381e-06,0
0.31812614168224923,0.6818284455348796,1.840093967745275e-05,1.440298125898125e-07,9.651700525835177e-06,8.648670893432228e-06,8.567441961595267e-06,1
0.22126120001955138,0.7786407803995381,2.4332796138655642e-05,2.5605652198262234e-07,1.0751994963045373e-05,7.969460994181855e-06,5.470927229263829e-05,1
0.2838091455070618,0.7156222830213874,2.125811968519398e-05,2.1034513655595708e-07,1.518846084531289e-05,1.112909271286674e-05,0.0005207854531709486,1
0.29149730489238884,0.7079445977673442,2.100541314140285e-05,2.2635290389162143e-07,1.576755023349345e-05,1.1330884662266035e-05,0.0005097671393261754,1
0.7660621906949301,0.22733968737320662,2.107925425585246e-05,2.1749245746519078e-07,1.9048288676114545e-05,1.3922168908805774e-05,0.006543854727565064,1
0.7652370302596543,0.22897570933926492,2.0770507936511027e-05,2.9477935353666894e-07,1.876928976338637e-05,1.3718251903219575e-05,0.005733707572124016,1
0.8319305508179555,0.15942935721236454,2.6940497354089404e-05,2.664072714495353e-07,2.0537919173584638e-05,1.7474973816647962e-05,0.008574872172064154,0
0.8205107947219611,0.1738267494041133,2.5364239239044638e-05,2.50820082467461e-07,1.7504945056257915e-05,1.6452532807981692e-05,0.005602883336739885,0
0.8371940537207148,0.15647801483217472,1.965197326611954e-05,1.8038622043368575e-07,1.5806755305857464e-05,9.165256871226629e-06,0.006283127075446846,1
0.4904501743790402,0.504874328793976,3.131732516908633e-05,2.960328200437103e-07,1.8532191473396655e-05,1.6623787281611624e-05,0.00460872749023988,1
0.4305380333353624,0.564175344508994,2.7667391280579468e-05,2.6153114353864387e-07,1.7964747977991477e-05,1.6289796937454944e-05,0.005224438688303962,1
0.4251659605655442,0.5689236142622124,2.5040942770835474e-05,2.6010342290338497e-07,1.6588916502563177e-05,1.4776573518348408e-05,0.005853758636028668,1
0.8701401992177152,0.01879551021841898,1.971614518906241e-05,2.605293540060499e-07,1.593780343317464e-05,1.4102731823166762e-05,0.11101427335406623,0
0.90690643202029,0.06600274841602208,2.757490486656809e-05,2.574198768664911e-07,1.4481492875377594e-05,1.5223679518116929e-05,0.027033282066550923,0
0.8714054203877797,0.07379955469474757,1.909776575227276e-05,2.3990861009621545e-07,1.3401592817652134e-05,1.535328264144609e-05,0.05474693236765121,0
0.9455317796865865,0.004902331223631652,3.376138292934587e-05,1.410106194638799e-07,1.9346820267331097e-05,1.657084557122356e-05,0.04949606903039458,0
0.20157981308975598,0.004857698692423989,9.06595125963856e-06,1.1951479358521865e-07,5.446904236965058e-06,6.033013639417086e-06,0.7935418228338905,0
0.007128563886907474,0.000212536322994986,4.977508870929044e-07,6.838605804037991e-09,2.6008642086165245e-07,3.771474552260522e-07,0.9926577579667285,6
0.006817574292826228,5.291590526487147e-05,4.341045404909288e-07,5.828785635674913e-09,2.462300456638072e-07,2.3090465383430818e-07,0.9931285927338833,6
0.001153011416334195,0.0001317543498346267,2.898895677338907e-07,1.2524572953010037e-09,2.1095017708342952e-07,1.3548344805386924e-07,0.998714596658181,6
0.8605623994436373,0.11808441353253123,1.645979346171764e-05,1.8554193354750233e-07,1.3684903934620843e-05,9.675356381212594e-06,0.021313181428120217,1
0.8283723776067491,0.15856555814767223,1.6925071792176402e-05,2.275611188054155e-07,1.7602956361331188e-05,1.044889740133912e-05,0.013016859758905064,1
0.9149375993329428,0.0847615107452887,8.996919879138448e-06,1.2974217994815183e-07,5.773626017281888e-06,5.0047573990951405e-06,0.00028098487629284365,1
0.6656517172865771,0.3331224270708969,1.4898507056819421e-05,2.390190142814953e-07,1.1456458841566308e-05,9.501427368421284e-06,0.0011897602302450073,1
0.6834648147333113,0.31427171686593836,1.4019809583877816e-05,1.8091956016165976e-07,9.890027390139805e-06,1.01811359866783e-05,0.002229196508229511,1
0.7386333101503435,0.2582228573839182,1.54100002954716e-05,1.9250348429733559e-07,1.0900118068944528e-05,1.104174870268566e-05,0.0031062880951867396,1
0.5744242927954679,0.4243022138113004,1.6308342484389095e-05,1.868765651921434e-07,1.1228878158104192e-05,9.522235914335779e-06,0.001236247060109691,1
0.5746542340552214,0.42447206140790045,1.6314870691608713e-05,1.8695137162592004e-07,1.123337306269245e-05,9.955911174687934e-06,0.0008360134305776419,1
0.48617541709277484,0.5136311842599998,1.4784498870843807e-05,2.3580979964561302e-07,1.0526297628241367e-05,9.329244528800576e-06,0.0001585227963979864,1
0.8885052184542408,0.11147149890611029,1.013402042454866e-05,1.1878541530620991e-07,3.826675330303336e-06,7.436985537268416e-06,1.7661729414106332e-06,0
0.5952207957077711,0.4047298246271717,2.4998952102257105e-05,1.5241965527838575e-07,7.38420961800574e-06,1.3687048170998218e-05,3.157035510566579e-06,0
0.4102840996308163,0.5896521250556684,3.1999359022428835e-05,1.970752587559442e-07,1.3777809339966028e-05,1.3546350981608738e-05,4.2547189122538525e-06,1
0.3497646565315218,0.6501724038877372,2.9005370866798247e-05,2.2001484720130003e-07,1.4583947677583186e-05,1.5123148182921932e-05,4.0070991666509955e-06,1
0.6035986388535537,0.39632844600762446,2.4168698098243905e-05,1.8222670099713802e-07,1.5486490836944294e-05,1.5893386545825383e-05,1.7184336639735073e-05,0
0.641287101860896,0.3586370077871971,2.6471723852522817e-05,2.1978844443625903e-07,1.6557285442172554e-05,1.4933865361430934e-05,1.7707688806271988e-05,0
0.7385818694538674,0.2613485371899292,2.281218064029755e-05,2.184923743359981e-07,1.9021640865632202e-05,2.1972454619461785e-05,5.56858770366015e-06,1
0.7937504116282307,0.20619183574342995,1.8444546233336823e-05,1.7874801231749317e-07,9.962073636709928e-06,1.4431047536941505e-05,1.4736212920099526e-05,0
0.6541713484804658,0.3455443600790115,2.1628436236919123e-05,1.8320170164999615e-07,1.0028151640784893e-05,1.5909706815243317e-05,0.0002365419441281069,1
0.6375984629141596,0.36160457863071127,2.5734451170398765e-05,2.05326685253719e-07,1.1211604322314919e-05,2.1985031427339904e-05,0.0007378220415239566,1
0.09739491972586146,0.8932458556103656,0.00014883898581869622,1.496259028573084e-07,0.008685356161316599,0.0005218036275865083,3.076263148354349e-06,1
0.08979171126381696,0.900356506397518,0.00011030681411286165,1.1502313086782062e-07,0.009227262086654517,0.0005119976360034097,2.1007787634592337e-06,1
0.40963088219108396,0.5798186435645661,0.00046326880820805774,2.474961537931331e-07,0.008919340634637056,0.0011636996816198285,3.917623731032593e-06,1
0.29064868204501654,0.6976794317620584,0.0002913485748669702,2.4464226682577175e-07,0.009636637522652716,0.001740104108273199,3.551344865417594e-06,1
0.42458667478641976,0.5618468334981301,0.0005838247657587076,2.847698554373984e-07,0.011356964257490455,0.001621377362908996,4.040559436645176e-06,1
0.06338686092956503,0.9357568766493104,1.428413998035112e-05,1.361939290984491e-07,0.0008279766825091572,1.1166024192501065e-05,2.6993805134931306e-06,1
0.10671988902698543,0.8924325853479077,1.794485443503699e-05,1.5074745953310127e-07,0.0008120995711132328,1.4342618812929859e-05,2.987833286079135e-06,1
0.05538130152945781,0.9445331095711577,1.5260642123815176e-05,9.572064275580917e-202,5.8747618920321655e-05,7.781870736587456e-06,3.798767603857864e-06,1
0.09257023560546904,0.9073560888106627,2.4019081931383547e-05,1.3185383357089816e-07,2.621388673322931e-05,1.2375635925335217e-05,1.0935125445074768e-05,1
0.19210342201848185,0.8077805170473322,3.890948187320402e-05,2.633558967261574e-07,3.5101504952795473e-05,2.1931437678676044e-05,1.9855153784410586e-05,1
0.22216898729476336,0.7777074351900919,4.208387761346794e-05,3.1363264278339715e-07,2.985916565183156e-05,2.428265000837111e-05,2.7038189228225162e-05,1
0.22159121637436222,0.7782996092249981,3.9252689864600113e-05,3.073488163606515e-07,2.618423952600764e-05,1.82109240971324e-05,2.5219198335854942e-05,1
0.3483402148527732,0.6515658515449748,4.405622596665829e-05,3.531010731598896e-07,2.23334803225557e-05,1.9116444878474704e-05,8.074350010978003e-06,0
0.35440064673002497,0.6454948995780492,5.1450758221905594e-05,3.9530070458885663e-07,2.230817931554445e-05,2.0358766387752692e-05,9.940687296022529e-06,0
0.3283053801326906,0.671581519844848,5.684373496857927e-05,4.156825578063869e-07,2.256220056766643e-05,2.0621563453324682e-05,1.2656840913943568e-05,0
0.2419991115989748,0.7579299449104225,3.1808336773951294e-05,2.9166824159912746e-07,1.6684177338142707e-05,1.3706596682011084e-05,8.452711566955699e-06,1
0.389854116352118,0.6100845624302511,2.711419500741722e-05,2.1223114112086138e-07,1.4221995984876426e-05,1.1683834271662234e-05,8.088961225818596e-06,1
0.3217897078677759,0.6781572635232777,2.2581346460632206e-05,2.2253485968961155e-07,1.166177196582623e-05,9.580526608749022e-06,8.98242905155913e-06,1
0.17544150138710968,0.8245166954084203,1.8434353334129702e-05,1.319395702835437e-07,8.841511330094025e-06,7.263590370978445e-06,7.131809864614453e-06,1
0.18035901876826757,0.8196003445904135,1.740713177672546e-05,1.311528533887819e-07,8.788791995601237e-06,7.220279715583726e-06,7.089284977663076e-06,1
0.1709299786442077,0.8290314074002061,1.6519197244929488e-05,1.2446277090068452e-07,8.340477361934781e-06,6.9029445257477845e-06,6.726873682756401e-06,1
0.1983841800032806,0.8015735842546963,2.0872770151782205e-05,1.20340518449106e-07,8.064237704053423e-06,6.67431648068296e-06,6.50407716834866e-06,1
0.8521078670216506,0.14388301055143057,1.5156256203286676e-05,1.65866831106142e-07,1.453446059432581e-05,9.165823512676643e-06,0.003970100019777472,1
0.5627146734504168,0.43510529827761596,2.2571934480515306e-05,2.0185947127456173e-07,1.7375994831973665e-05,1.1269517535675727e-05,0.0021286089656479515,1
0.4394713022134356,0.5576140728546461,3.126645624276473e-05,2.646299378818076e-07,1.71544953661946e-05,1.4806981981927473e-05,0.0028511323683893634,1
0.3725731942066246,0.6241581254357561,2.575402278730406e-05,2.4344467326096436e-07,1.5240078101423113e-05,1.3670688481547981e-05,0.0032137721235757826,1
0.38316574120910063,0.6135034082397007,2.6243863459060765e-05,2.480749829904614e-07,1.552994388885675e-05,1.3930704529700244e-05,0.0032748979643380796,1
0.4326454943776743,0.5637702107134207,2.8240489295319946e-05,2.6694845873236116e-07,1.6711457702648578e-05,1.5024722394069067e-05,0.0035240512910542565,1
0.45438875441716065,0.5419814312759772,2.6561892447164257e-05,2.5108121093922813e-07,1.7246935166119758e-05,1.5638909713274625e-05,0.0035701154883248246,1
0.8732831825992995,0.02141419617691155,1.9787360743445297e-05,2.614703971055321e-07,1.5995371456551172e-05,1.4153671489895183e-05,0.1052524233497019,0
0.8550477551274198,0.07657466945160837,2.6243873380610793e-05,2.4499430503302457e-07,1.4815765471602953e-05,1.490082420972587e-05,0.06832136996360495,0
0.6524110150361236,0.007205786738335488,1.8920118097665668e-05,2.494204903921602e-07,1.1577375568105996e-05,1.2590551975584939e-05,0.34033986075940914,0
0.009306668127888284,0.0002647362957284344,6.390344959580163e-07,8.928114510206452e-09,4.0385038709774615e-07,4.6795302029902767e-07,0.9904270758103655,6
0.005405920545290758,0.00017782964859132722,3.9716875923221917e-07,5.456706662907612e-09,2.4682625828497934e-07,2.860046609924584e-07,0.9944153143497327,6
0.0007556371047963658,0.00013007036237669295,1.451779938840552e-07,2.030837424513208e-09,1.4358658762120995e-07,1.0529747245503024e-07,0.9991138964399355,6
0.0010417804875860815,0.0001317690225812131,2.8992185111710155e-07,1.2525967744796974e-09,2.058881191831086e-07,1.3549853608931129e-07,0.9988258179287296,6
0.0010078931938484006,0.00013177349186265633,2.899316845538517e-07,1.2526392594842179e-09,2.1098082513571514e-07,1.3550313186668797e-07,0.9988596956460082,6
0.8613338589132524,0.11763374678154216,1.5646748131870546e-05,1.959723064268231e-07,1.4599408775108388e-05,1.0970865224418197e-05,0.020990981310767924,0
0.8443436004354969,0.1440844843421893,2.0433464587515074e-05,2.3009581010810644e-07,1.847164066293902e-05,9.908524444289268e-06,0.011522871496809086,1
0.7995570271991491,0.19471731378451013,1.57799365110594e-05,2.3179173968166186e-07,1.6008111961155096e-05,9.02102288223082e-06,0.005684618153246603,1
0.8889686932186935,0.10974675968452427,1.2649138947993723e-05,1.8901811916650038e-07,9.086338527873505e-06,7.291305193419986e-06,0.0012553312959934309,1
0.9149820299739483,0.08476562688201514,1.1159610758683643e-05,1.297484804086693e-07,5.773906392582959e-06,5.005000437067874e-06,0.00023027487796793087,1
0.7355592074314675,0.26129244937473495,1.6181588644942194e-05,1.94318120520765e-07,1.0622464108544308e-05,1.0935131657018627e-05,0.003110409691266434,1
0.524948130245817,0.47123426011684943,1.6338242617525447e-05,2.0853451900656396e-07,1.1298297674394797e-05,1.0861924595289908e-05,0.0037789026379275274,1
0.5009190215789253,0.49889935262318524,1.4609829255150242e-05,2.3302385421447614e-07,1.0401935999385152e-05,9.219025334305559e-06,0.0001471619834465265,1
0.4571597409108303,0.5426385381323968,1.6313878652129073e-05,2.6020310123516815e-07,1.1233803659400063e-05,1.0294306522558873e-05,0.00016361876483763483,1
0.7382550823835841,0.2617114478117738,1.5702806180654887e-05,1.1613447018672218e-07,4.499960166293345e-06,1.0745435542606683e-05,2.405468282359447e-06,0
0.5645134896296403,0.4354302165593746,2.868330789128221e-05,2.0041694458141596e-07,1.0165037275918358e-05,1.4154553704339019e-05,3.0904951690446438e-06,1
0.5459078775282702,0.4540205170568789,3.3801644328073986e-05,2.3617995189875937e-07,1.6511673599846564e-05,1.7141964097247654e-05,3.9139528738587726e-06,1
0.2803850294159566,0.7195755803331984,1.744260578703465e-05,1.2521886520233965e-07,9.073889950788144e-06,9.701447579671619e-06,3.047088662438173e-06,1
0.20752610758939474,0.7924346405347192,1.7063504249239795e-05,1.221227927263622e-07,7.885790968253205e-06,1.2120264650088727e-05,2.0601932257294e-06,1
0.345020322928794,0.6549410271291447,1.7595268304652123e-05,1.1455812099126274e-07,6.855298887918695e-06,1.0141500297434065e-05,3.9433164504157045e-06,1
0.6412868641435232,0.35863687484479573,2.61118276475804e-05,1.936047931911039e-07,1.6557279304587085e-05,1.5690617693500014e-05,1.7707682242245908e-05,0
0.6266465274550874,0.3732800735477049,2.373113869659547e-05,1.8967530373143132e-07,1.622122535966224e-05,1.579236256243573e-05,1.7464595284982987e-05,1
0.73720369680754,0.26271385553904764,2.2931354403986817e-05,2.196338065821126e-07,1.912101236234473e-05,1.7920990418581337e-05,2.225466242112474e-05,1
0.7993120343684234,0.20062211523771029,1.9504807571371166e-05,1.89023115012521e-07,1.609710970856098e-05,1.3319470387734415e-05,1.673998308338426e-05,0
0.12244602060310747,0.8717471679183463,0.000220809815730266,1.576218309429347e-07,0.004478023878106702,0.0011052655074157273,2.5546554627716473e-06,1
0.4538621826595035,0.5317883961195787,0.0006318293059288414,3.1752137281121833e-07,0.011429675181013687,0.002283093946490897,4.5052661113947625e-06,0
0.051431900113046214,0.9479017215001984,1.3976185128361096e-05,1.3325769483197272e-07,0.000638082574836373,1.1545185108370171e-05,2.641183987301073e-06,1
0.09401070288112642,0.9058612129186993,2.4806839110113264e-05,1.4543663293195191e-07,8.742990082794848e-05,1.263552858038163e-05,3.0664950231607254e-06,1
0.10467809100766216,0.8952230765853267,2.69740288142699e-05,1.3752567306339802e-07,5.704463383643954e-05,1.1775004187198528e-05,2.9012144999973864e-06,1
0.10680127975143629,0.8931186691945275,2.0259664441570513e-05,1.3498606864347428e-07,4.6284002989523606e-05,1.052476103112818e-05,2.8476395055747543e-06,1
0.09136914355360774,0.9085661784912177,1.6794448785412887e-05,1.2048163459663595e-07,2.648200970094104e-05,1.1289028074987769e-05,9.991986978774198e-06,1
0.09234551932353557,0.9076136897333978,1.70339033920659e-05,1.248659689694839e-07,9.023672069656494e-06,8.532421559905242e-06,6.076080076049459e-06,0
0.09363696929555326,0.906325035137372,1.6196691896836613e-05,3.3576884987031897e-94,7.648472805177478e-06,7.338158716187922e-06,6.812243656813544e-06,0
0.3473097257079387,0.6525717362387269,5.0778249751531705e-05,3.812839728252479e-07,2.5052527645804365e-05,2.6809538114662178e-05,1.5516453849513803e-05,0
0.39671989403407076,0.603181650321226,4.622461634260019e-05,4.954671746314397e-07,2.308571429804377e-05,2.0965750894490826e-05,7.684095993652076e-06,0
0.15261536084593183,0.8473469829053035,1.5811036569352132e-05,1.5233363990220699e-07,9.547141670042903e-06,6.558237628595749e-06,5.587499256575525e-06,1
0.20432466950488823,0.7956360454338761,1.6738949949302493e-05,2.241396159808147e-07,9.411781443349445e-06,6.9947734872389704e-06,5.91541673990417e-06,1
0.24128486589961246,0.7586504086073145,2.0030315752480402e-05,2.7545480918674924e-07,1.2531185441922117e-05,1.0295288109552605e-05,2.159324895994237e-05,1
0.29638660780208,0.7035126539522152,2.1895229259064525e-05,3.011009048576229e-07,1.3697895805998974e-05,1.1727888620058687e-05,5.311613111488509e-05,1
0.30639871138956015,0.6933656474821523,2.1160621169800754e-05,2.077566781535097e-07,1.323831692030116e-05,1.1078050097939053e-05,0.00018995638342139093,1
0.7689354797039686,0.23017075405929605,1.6875631695226987e-05,2.395024626671479e-07,1.5249681047574238e-05,1.140373503620108e-05,0.0008499976864935574,1
0.8223053233912514,0.17454895699476025,1.8046926100896968e-05,2.561257156352461e-07,1.5295629389165763e-05,1.2253298202732153e-05,0.0030998676345798558,0
0.7972590596920978,0.20132383368128728,2.3336741145664573e-05,5.68347263785812e-07,1.4279975446882327e-05,1.545822775264549e-05,0.0013634633350058073,0
0.8218294195937815,0.17548666195665835,1.8867878942012835e-05,1.895304003277472e-07,1.5439819328897838e-05,8.884826813134773e-06,0.002640536394075833,0
0.33806548169330985,0.6603440756637756,1.5877753242016406e-05,1.7264926700279803e-07,1.1191897162063312e-05,8.862378010330637e-06,0.0015543379652332037,1
0.2854522287734739,0.7124996285688474,1.9707153282882175e-05,1.862855186343961e-07,1.1661811347619793e-05,9.540600233094973e-06,0.0020070468072964,1
0.43264550916278793,0.563770229979556,2.8240490260403018e-05,2.6694846785498774e-07,1.6711458273741546e-05,1.4990549169913705e-05,0.0035240514114842606,1
0.44245227511273233,0.5512793979957512,2.6557301880660592e-05,2.706392571864094e-07,1.759346153471296e-05,1.567137177221625e-05,0.0062082341170715625,1
0.8710082867424781,0.034436771889447514,2.6759250281679746e-05,2.96577487358766e-07,1.8143036949759935e-05,1.3328948958198959e-05,0.0944964135543976,0
0.8919116732021896,0.023250233545900372,2.128751126677838e-05,2.81293402211653e-07,1.72080377222835e-05,1.2642043176465775e-05,0.08478667436634232,0
0.7142411001744494,0.01311167069306345,1.7128684997196534e-05,2.263386272773204e-07,1.3846196197902313e-05,1.2251951316171553e-05,0.2726037759613485,0
0.8280001512267459,0.13003671607740186,2.580542865771615e-05,2.359738601506081e-07,1.4270263828985635e-05,1.4645078293666854e-05,0.04190817595121176,0
0.7967535534005422,0.029726015346558502,3.5617889057324195e-05,2.281212148848501e-07,1.3847723208201653e-05,1.2283455614686467e-05,0.17345845406380447,0
0.8464119900888227,0.00792872325480805,2.343373516554069e-05,2.2779967385940383e-07,2.0653442054431712e-05,1.4833729207962717e-05,0.14560013795026736,0
0.29775912695703843,0.004563966167815724,1.1932085335696785e-05,1.5639978120711138e-07,8.098601512847846e-06,8.197447502079881e-06,0.697648522341014,0
0.0006866437809466198,0.00012866228584760363,1.5970879131687275e-07,2.0487526237660835e-09,1.5517544408183565e-07,1.000800307605092e-07,0.999184276920187,6
0.0012549100969244669,0.000169677888804659,2.910071945891386e-07,1.2572859613313882e-09,2.8436232847539466e-07,1.3292967933897707e-07,0.9985747024577826,6
0.8621844095447215,0.12361853317670299,1.8556045983107462e-05,2.3241066442839332e-07,1.842947742577283e-05,1.1878791926207605e-05,0.014147960552575735,1
0.8057223809332495,0.1889739081652778,1.5482980827975434e-05,2.248371046921218e-07,1.552780763402755e-05,9.21388617845148e-06,0.00526326138972756,1
0.9092110030866428,0.09055408227242577,9.444467415988637e-06,1.2458051372691415e-07,5.543927931436771e-06,5.00579967164176e-06,0.00021479586539883234,1
0.6371713222156622,0.3594399686911035,1.6892808450321618e-05,2.468907672899234e-07,1.1012748662433252e-05,9.232113340401423e-06,0.00335132453201386,1
0.6632006480618268,0.3332913353240202,1.514000177743152e-05,2.2232610702069648e-07,1.146263460896266e-05,9.506549248242282e-06,0.003471685102411199,1
0.8089599824312712,0.18833980399020842,1.2835764867865626e-05,1.966358600491277e-07,1.1873847974745319e-05,1.0164241221116828e-05,0.002665143088596458,1
0.8020851124765916,0.19472836956371797,1.3234997546833374e-05,2.0275185407026113e-07,1.2243162011377527e-05,1.3022454210635986e-05,0.003147814594067361,1
0.7869334036972097,0.20997201535850946,1.1917595712142473e-05,2.1331178101876826e-07,1.1553304175295457e-05,1.130825284144041e-05,0.0030595884797709185,1
0.4908148129449834,0.5049178918519509,1.3147493764657457e-05,1.628744696292038e-07,8.844636520432435e-06,8.483632427083027e-06,0.004236656565883807,1
0.443019832783063,0.552775197316612,1.494667275974922e-05,1.9077310134686283e-07,1.424707546315456e-05,9.936786732051777e-06,0.004165648592268549,1
0.6452214223089631,0.35373834404616056,1.2405149432052348e-05,1.5833415689657527e-07,9.697070871136132e-06,8.247141438560915e-06,0.001009725948977569,1
0.8988370376513972,0.1011395488490579,9.37234017706897e-06,9.926424838373257e-08,3.2796857391006794e-06,8.098701516727952e-06,2.5635078634730268e-06,0
0.5105464149173614,0.4893906567532807,3.0469462372891123e-05,2.0683705901380742e-07,1.44602705662848e-05,1.4364074261762646e-05,3.4276850979062324e-06,1
0.41310375484828765,0.5868473605580993,2.133665523692254e-05,1.56584610785783e-07,1.2171680123227379e-05,1.1839119892890205e-05,3.3805537492822645e-06,1
0.3418720767851887,0.6580905888821084,1.7394216324805325e-05,1.1510902231125948e-07,6.888265500618415e-06,1.018985346345627e-05,2.746888391811425e-06,1
0.5786898532101935,0.4212327636994666,2.4943887874042444e-05,1.9668194963735702e-07,1.2798699972909711e-05,1.7623060009587218e-05,2.1820760533586084e-05,1
0.6412867900262367,0.35863683339502733,2.567776967153907e-05,1.9360477081506172e-07,1.6557277390965145e-05,1.569061588004324e-05,1.82573110226971e-05,0
0.7445544267587998,0.2553646145323866,2.3216885516275557e-05,2.218237966857214e-07,1.8970597254294594e-05,1.8124693507319596e-05,2.0424708738992776e-05,1
0.7535853317199883,0.24633526599916944,2.2341098612128573e-05,2.3017070336047148e-07,1.8628835228180128e-05,1.7459701992086795e-05,2.0742474306291016e-05,0
0.7800278133182047,0.21990064964591427,1.812567131338361e-05,1.6330192680675376e-07,9.789846280542586e-06,1.4181559202017542e-05,2.9276657158240723e-05,0
0.4377771152745614,0.560272507432438,0.00020442244808170962,2.1014533811825487e-07,0.0015737250686217708,0.00016670119881359943,5.318432145502206e-06,1
0.5780255238762105,0.419745575000231,0.00031644753079908906,1.937194427287729e-07,0.0014828058457949718,0.00042093042314687515,8.5236043748466e-06,1
0.08632066961469584,0.9050623369696619,0.00015583207958887543,1.4025372197376858e-07,0.00797065318686369,0.00048800669156105617,2.361203906485945e-06,1
0.25168652639475375,0.7334489968119688,0.000465300500538785,2.2465531099299478e-07,0.012622018944644998,0.0017737434191494304,3.1892736331611964e-06,1
0.4879941015075811,0.49652111382245423,0.0012312200025818482,3.0692622249514774e-07,0.011779719647158493,0.0024691808780320772,4.357215969668594e-06,0
0.32081760321585784,0.6751411862496284,0.00028114944011926434,1.709903434036051e-07,0.002913670469153785,0.0008432389152842912,2.9807196129479634e-06,1
0.07448312403891362,0.9212363228005526,0.00038435546070897245,3.049267568120517e-94,0.003540025739308587,0.00035112780149797065,5.044159018315446e-06,1
0.06038295866764795,0.9355990834337493,1.728858539499167e-05,1.1439546130830876e-07,0.003979157504812957,1.1315359427801486e-05,1.008205350548734e-05,1
0.07435137551799353,0.9240015250727863,1.7623240987030065e-05,1.4582650321610518e-07,0.001603236609928713,1.3241555752135734e-05,1.2852176049016978e-05,1
0.05747406009196945,0.9404025157397468,1.4913950009355077e-05,1.4219893202852741e-07,0.002083491028492137,1.344003416422881e-05,1.1436956685997458e-05,1
0.07636016700497839,0.9235241910927203,2.1107989378222537e-05,1.3316778136537295e-07,7.513015063363136e-05,1.5756096605938577e-05,3.5144979021574395e-06,1
0.1439746763472784,0.8559316170130031,2.1676133050626042e-05,1.793596293048448e-07,5.188735167361273e-05,1.1124308212450622e-05,8.839487152226517e-06,1
0.309143768764172,0.6907277524859616,4.760998836776363e-05,3.4306908662281447e-07,2.6827292018040024e-05,2.4122502935606332e-05,2.9575897458059664e-05,0
0.14429906813426346,0.8556634310790528,1.5745761436441638e-05,1.5170473751824628e-07,9.507726737397986e-06,6.531162247991356e-06,5.564431524424603e-06,1
0.18703981872023082,0.8129158897217611,1.8637983513899975e-05,1.640699734160388e-07,9.410244170158521e-06,8.489583991726669e-06,7.589676358988024e-06,1
0.18406089137348375,0.8158944593814561,1.8788498999923576e-05,1.6539495966104634e-07,9.486238843821359e-06,8.55814365429424e-06,7.65096860259812e-06,1
0.20606017211127803,0.7938999467481505,1.7106130117239085e-05,2.352417138898223e-07,9.877966408577504e-06,7.34123905856084e-06,5.320563273506124e-06,1
0.2053971112219288,0.7945657358149976,1.6238824649496096e-05,2.2331461972535892e-07,9.377139265464227e-06,6.969027650611733e-06,4.344656888457548e-06,1
0.26771996362407136,0.7322113889578694,2.1166108513392875e-05,2.910741125516547e-07,1.3241749862696384e-05,1.1130819774109176e-05,2.281766579671871e-05,1
0.3290867215761669,0.670821377995854,2.063859194803987e-05,2.838197598670662e-07,1.2911729707956398e-05,1.1054787541959409e-05,4.701149902123846e-05,1
0.4004352614898439,0.5988680815646872,2.166786435105724e-05,2.2666752568586897e-07,1.608177153843849e-05,1.135258232157635e-05,0.0006473280597323628,1
0.4088289920414945,0.5903264977161577,2.105626818013227e-05,2.2962418595679246e-07,1.641886986635456e-05,1.1590549669202565e-05,0.0007952149304460554,1
0.4345309045733051,0.5645434140236644,1.9711495296162325e-05,1.9146286120308636e-07,1.5370267578768855e-05,1.090196750434674e-05,0.0008795062097900802,1
0.8358511640334885,0.1595409347727145,1.9305834157375178e-05,1.9392971980336782e-07,1.65175089665857e-05,1.1870164706845125e-05,0.004560013756246164,0
0.8553104683568084,0.14046425868076776,1.573507437879656e-05,1.7220129360603323e-07,1.5089532364714832e-05,9.51586676686118e-06,0.004184760287619927,1
0.3961300682403606,0.6020703053028432,2.5276221019200652e-05,1.8959290436195345e-07,1.6320092912020498e-05,1.0584693137537122e-05,0.0017472558568229495,1
0.33805945812667304,0.6603323098173395,2.301691242608706e-05,1.7264619078111642e-07,1.4861325554015085e-05,9.638583031008848e-06,0.0015605425887855024,1
0.28858859587594315,0.7098371360033757,2.126393088159764e-05,1.5325270186345597e-07,9.934525114643844e-06,9.326235416845382e-06,0.001533590176566456,1
0.8517540181026064,0.13791494701352128,1.4328488798725612e-05,1.952867557462443e-07,1.2186412880996633e-05,1.1129888348162819e-05,0.010293194807088556,0
0.8872793342144503,0.0344181065686576,2.6744746309234027e-05,2.965721257640546e-07,1.813320311266693e-05,1.4786574458869656e-05,0.07824259812088558,0
0.6785909730079398,0.016340385103853935,1.7929925544596694e-05,2.150413204671146e-07,1.2097431589835716e-05,1.1640416048384919e-05,0.3050267590737031,0
0.302637605832844,0.010103246309321181,1.0629481980873997e-05,9.719969885786658e-08,5.574005570645355e-06,6.032435961278775e-06,0.6872368147346233,0
0.4060907767755963,0.014800009464791914,2.03990490397966e-05,1.3368486076417935e-07,7.666280527269112e-06,8.296788683796566e-06,0.5790727179565003,0
0.6737864214736768,0.025711309730724392,3.360567039168098e-05,2.2023425496130736e-07,1.291212181530767e-05,1.3668242341745758e-05,0.30044186252679517,0
0.8272305285601662,0.007194123371697894,2.290267783788708e-05,2.226372580010036e-07,1.9486306132393523e-05,1.449756595713355e-05,0.16551823888095052,0
0.6679535400407479,0.009904440137329034,1.834557660764895e-05,2.353380042483089e-07,1.5814509100923668e-05,1.3499976094685272e-05,0.3220941244221155,0
0.3282650857820299,0.005672197820833153,1.3154548968187114e-05,1.7242322046991592e-07,1.0851732780766033e-05,9.037290762382558e-06,0.6660295004014051,0
0.12714363321009803,0.004174842957914498,9.49861373935304e-06,9.069184469860872e-08,4.696151778540456e-06,4.883409241581159e-06,0.8686623549653832,6
0.00069418068779433,0.00012705323905570553,1.5771147783364486e-07,1.782246152242512e-09,1.5323482450682683e-07,9.88284328165787e-08,0.9991783545161687,6
0.0005295877740499846,0.00010860406421063515,2.389536684571048e-07,1.8631149179776106e-09,1.696930437667014e-07,1.1167793025724928e-07,0.999361285973982,6
0.7859031024757747,0.20492675233129595,1.568931944413486e-05,2.2783346421480744e-07,1.6694601385686394e-05,9.33667781299752e-06,0.009128196760822346,1
0.8941004804125623,0.10497775573186766,7.274736360803832e-06,1.2394671977281457e-07,5.664737862837262e-06,4.823839696719235e-06,0.000903876594930103,1
0.9204306699232749,0.07894282616463173,9.561012175672678e-06,1.2611783768538723e-07,5.672724022502829e-06,4.8649497146268115e-06,0.000606279108342967,1
0.6273632593126809,0.36883427068428654,1.6084631861810504e-05,2.0925328685150367e-07,1.0788629369918986e-05,8.947562225003138e-06,0.00376643992628909,1
0.7714609132007932,0.22508160621704196,1.1487687778122898e-05,2.0561690452733138e-07,1.1136537467557552e-05,1.0900325963078412e-05,0.003423750414051303,1
0.7955425793358185,0.20207215107977447,1.6906464235483833e-05,1.8066310966863881e-07,1.0958707274576355e-05,1.0547527073877425e-05,0.002346676222713669,1
0.5084282581221776,0.48578816942983816,1.5824085764275723e-05,2.0197203523175764e-07,1.5083420079028254e-05,1.0291420786752503e-05,0.005742171549318919,1
0.5105338080556202,0.4890522543170147,1.4863960644628083e-05,1.7612542635497693e-07,1.0220690006913889e-05,9.379386121342998e-06,0.0003792974651657574,1
0.514896153251606,0.484687011000371,1.4948300132901655e-05,2.384223970102578e-07,1.076678578194165e-05,9.43260562620493e-06,0.00038144963408495486,1
0.4061012132280805,0.5936511104420841,1.4859771828828495e-05,2.3701038826861374e-07,1.2262769282955373e-05,9.722822307140735e-06,0.0002105939560280697,1
0.8813406026136201,0.11863717937955653,1.0412129577105369e-05,1.0748087782388721e-07,3.344510497447507e-06,6.75438466258313e-06,1.5995012084941351e-06,0
0.6777894853920275,0.3221734716118779,1.702397499874527e-05,1.4854500376752027e-07,4.926357417644694e-06,1.2310718359920765e-05,2.633400314179138e-06,0
0.47549760356304976,0.5244426652791534,2.667237006254716e-05,1.9574214602066687e-07,1.3684609548113527e-05,1.4952498112341684e-05,4.225937927757086e-06,1
0.4757116363203513,0.5242270740709601,2.6684375929381145e-05,1.9583025420653156e-07,1.5222333795707979e-05,1.4959228586639665e-05,4.2278401227210275e-06,1
0.40097737704974246,0.5989750547340096,2.0710332335415026e-05,1.5198817677727613e-07,1.1814388789306914e-05,1.161018703718784e-05,3.281319909233679e-06,1
0.4243315368216054,0.5756357992738222,1.5659263405761917e-05,9.41893519356577e-08,6.428551230956428e-06,8.741285747220986e-06,1.7406148364263442e-06,1
0.3539949497713854,0.6459550535112285,1.847001367679369e-05,1.2222829531631944e-07,7.314290890149209e-06,1.0529639860445524e-05,1.3560544663318035e-05,1
0.574440323694084,0.4254792076735251,2.8136792007346635e-05,1.9562984473673383e-07,1.6625553672268072e-05,1.7062377386448687e-05,1.8448279480118217e-05,0
0.6035986388535537,0.39632844600762446,2.4168698098243905e-05,1.8222670099713802e-07,1.5486490836944294e-05,1.5893386545825383e-05,1.7184336639735073e-05,0
0.6512383646281974,0.34868187073707735,2.56669894573495e-05,2.2919480546004812e-07,1.3740082298036527e-05,1.7684810885594913e-05,2.2443557278838268e-05,1
0.7445532636811687,0.25536421562418027,2.3066367957823742e-05,2.2182345017203925e-07,1.9311639674249302e-05,1.8099654087921843e-05,2.1821209481046865e-05,1
0.7458973361372714,0.254020800966549,2.303812952200147e-05,2.206564860629956e-07,1.9210045409219368e-05,1.800443581099788e-05,2.138962895117854e-05,1
0.7873880683722695,0.21253001597128615,1.9011517558008415e-05,1.8424259028346618e-07,1.0268300204435013e-05,1.2982611810611401e-05,3.9468984280856265e-05,0
0.7420662760090416,0.257650596605843,2.0668192447164574e-05,1.8333719386779487e-07,1.0990947752843761e-05,1.5921473307811396e-05,0.00023536343441358645,0
0.37858285019859345,0.60895732726228,0.00033578543576421785,2.6768703212218245e-07,0.009455270963141716,0.002664698288439696,3.8001647488897853e-06,1
0.372956155044292,0.6142613514570372,0.0006501245174347029,2.6076442366856164e-07,0.009750765175386868,0.0023776411520859088,3.7018893397029527e-06,1
0.39715008790424994,0.5981069143110254,0.0003898587162153177,2.242767392897149e-07,0.003205505743342915,0.0011439027038029962,3.5063446240792178e-06,1
0.0645203848227846,0.9318978800232489,0.0001568852119171056,7.891398817998172e-51,0.00320052282120255,0.00021922458528743003,5.10253555936483e-06,1
0.04494021341393936,0.9527607538448741,1.0418326277121595e-05,5.85271469219605e-51,0.0022754267116859754,6.415206066365833e-06,6.772497156827258e-06,1
0.06163125185348842,0.9375895482345089,1.13029253191457e-05,7.123448130465056e-51,0.0007520546197963028,7.599434376992899e-06,8.242932510397052e-06,1
0.12161582549369601,0.8768804308500959,2.160264822747737e-05,1.439340994479491e-07,0.0014650032609365168,1.395740754430692e-05,3.036405400248095e-06,1
0.16685559907498135,0.8312324528512626,2.723746975622339e-05,0.0,0.0018621916677025118,1.3351962986985236e-05,9.166973310337312e-06,1
0.15910738743475003,0.8406969965596772,2.18691122243976e-05,1.4147717576658588e-07,0.0001602314742267048,9.768599817615067e-06,3.6053421284102654e-06,1
0.1375053444668286,0.8623550714731051,1.853408422513844e-05,1.3542090787766006e-07,0.00010889097962869729,8.572568443754716e-06,3.451006860954075e-06,1
0.25654864936316246,0.7433405517464327,3.504754438850759e-05,2.9000166011558327e-07,3.0598523583889163e-05,1.987495168115456e-05,2.4987869091254333e-05,0
0.2624262782759515,0.7374738551701715,4.078145620726027e-05,4.321349247041455e-180,2.626501791531473e-05,1.909477692866041e-05,1.3725302825649835e-05,0
0.1621869863609507,0.8377715928867739,1.8296701307433674e-05,3.8363938622414074e-137,8.83252820912856e-06,6.667247675711596e-06,7.624275083133974e-06,1
0.1623415708462546,0.8376177754042721,2.0906549317965287e-05,1.495434389719325e-07,8.80945170992177e-06,7.027613267701577e-06,3.7605917387320435e-06,1
0.1260500373467117,0.8739191354634619,1.371165134645108e-05,1.3603485808077e-07,8.526457806095643e-06,5.687436583682872e-06,2.765609232081425e-06,1
0.16320769044836794,0.836748806674272,1.786833791016051e-05,1.5729479123760573e-07,1.0789397183937503e-05,7.411582759224516e-06,7.276264715547947e-06,1
0.2886678956454638,0.7112858658838944,1.9468747810734784e-05,2.677321855321631e-07,1.2179862372270485e-05,9.113313527461188e-06,5.208814745602689e-06,1
0.6041057619612953,0.3953773618380867,1.7198738942639486e-05,2.0533171308525722e-07,1.4293503669838196e-05,1.1955057121795187e-05,0.00047322356917069635,1
0.8463123364413073,0.14606523943398989,2.194338020050885e-05,2.2159122656506864e-07,1.8125054014474283e-05,1.4535267228833877e-05,0.0075675988320325314,1
0.3706409821981878,0.6262119784979827,2.4694410891185105e-05,2.339534616239898e-07,1.4645911037970583e-05,1.2009225696298947e-05,0.003095455802742403,1
0.3596927878437669,0.6367995414499263,2.3805140030632692e-05,2.2552855944412671e-07,1.4372333498925508e-05,1.2811509305010578e-05,0.003456456194912858,1
0.41208439913269945,0.5839902445526044,2.4321664541285752e-05,2.4785639951564524e-07,1.6112415014527797e-05,1.4303956947101877e-05,0.0038703704217936913,1
0.8472163828254242,0.14433499180203155,1.561809801123775e-05,1.8942298340210444e-07,1.1826694470849058e-05,1.0801356418314588e-05,0.00841018980066043,0
0.8447015771257381,0.14570495668557268,1.5959885401890887e-05,1.9356832729610186e-07,1.1872062609093732e-05,1.1037733947964736e-05,0.009554402938402809,0
0.5936508002289098,0.017765707231271417,1.5858368487589694e-05,1.901962443482124e-07,1.1168274076551648e-05,1.029552557733686e-05,0.388545980175433,6
0.44372372390847603,0.01620766795396987,2.3202412971657372e-05,1.520566640855496e-07,9.936767444345404e-06,9.436984881229593e-06,0.5400258799155927,6
0.012963037084175712,0.0003482945661983548,1.03136235268811e-06,9.847347927251608e-09,5.099095804716688e-07,5.161331879452128e-07,0.9866866010971569,6
0.0005142531263117225,0.00014423706748271773,2.7584593479741354e-07,2.023293230793653e-09,1.739596871938309e-07,1.1219488333647437e-07,0.9993409457824071,6
0.00042826937639364884,0.00012708703769104832,2.3426019580226924e-07,1.7827202644197254e-09,1.5327558795366072e-07,9.88547231039188e-08,0.999444155412688,6
0.0007392434460214229,0.00021887255945317305,2.391765887485034e-07,1.8648530211132784e-09,1.720444823104997e-07,9.559006282103156e-08,0.9990413753185385,6
0.0009370520518305361,0.00013944043551958134,2.391482487123381e-07,1.86463205466193e-09,1.7202409675823378e-07,9.557873635362284e-08,0.998922998896936,6
0.8579247997037158,0.1284629049031344,1.722646223939139e-05,2.3466731335699965e-07,1.3601827042613002e-05,1.077519170931776e-05,0.013570457244844994,1
0.8121416611924954,0.1781463511558735,1.528242841043146e-05,2.2662840703378492e-07,1.5651519412889923e-05,9.28729423941134e-06,0.00967153978116139,1
0.9203322613369539,0.07893438592879769,9.559989952356192e-06,1.2610435369520522e-07,5.663974484695e-06,4.907811908205696e-06,0.0007130948535494706,1
0.6082920278408415,0.38777851113626266,1.6733698497278e-05,2.1158838541016728e-07,1.0398033233759431e-05,9.145157928315599e-06,0.003892972544851034,1
0.5607055413609838,0.4344478100630304,1.3106986512442683e-05,1.6373397299835568e-07,8.288331763199416e-06,7.583611155452921e-06,0.004817505912581911,1
0.5185243644606491,0.4763268347074897,1.6400926553825552e-05,1.8793748189194647e-07,1.3873842564757236e-05,9.576294587185401e-06,0.005108761830673758,1
0.46821142745410443,0.528957106317604,1.4809528268404757e-05,1.6970172030447791e-07,1.2527649762948562e-05,8.83924301079476e-06,0.0027951201055290706,1
0.5759771737045827,0.4237218883867831,1.276260164208016e-05,1.5122609036390787e-07,8.841869213241862e-06,8.17663598136396e-06,0.00027100557570723015,1
0.465129108679037,0.5345635987414418,1.0565359581318337e-05,1.8559009392091138e-07,9.561764682310798e-06,7.613419472202681e-06,0.00027936644569176075,1
0.35263279047349844,0.6471143323615293,1.456552935370226e-05,2.323172796476932e-07,1.1963759307240883e-05,9.530297998300712e-06,0.00021658526103332423,1
0.8929656825465686,0.10700702499020759,1.3163772858362858e-05,1.282693604980675e-07,4.2991940621258455e-06,7.794041004873755e-06,1.9071859381030368e-06,0
0.5343160931497831,0.46564229484428127,1.779512771852417e-05,1.5063369116452529e-07,1.052209451027366e-05,1.082132897977368e-05,2.3228210359738996e-06,0
0.621290399709934,0.37865097104609213,2.5851384675412072e-05,2.0573338581586767e-07,1.4383111216141939e-05,1.4779619571325427e-05,3.4093951251538922e-06,0
0.40553514102565663,0.5944258414476893,1.9578165270638607e-05,1.0680468144322017e-07,7.289563945583798e-06,9.195941920657486e-06,2.8470508357884364e-06,1
0.36809242340285514,0.6318747728150342,1.569950940612198e-05,9.443143734294243e-08,6.445073302809473e-06,8.04754588209201e-06,2.5172220822067155e-06,1
0.424331279387647,0.575635450046415,1.565925390558148e-05,9.418929479275032e-08,6.428547330875367e-06,9.347961626224136e-06,1.7406137804280774e-06,1
0.36497511791620074,0.6349749938090643,1.8388540920925098e-05,1.2168912514441576e-07,7.282026948905152e-06,1.05952897592112e-05,1.3500727980767994e-05,1
0.6034862043020184,0.39641208693280217,2.8127235240665028e-05,2.0490121030911534e-07,1.2512604807576186e-05,1.59742402870341e-05,4.4889783633861824e-05,1
0.5588019455608538,0.4410929911623614,2.6811773588835617e-05,2.595083573205918e-07,1.3459620198157056e-05,1.7652965483688318e-05,4.687940915683369e-05,1
0.5868799082012356,0.41301310272609487,2.6485229097696666e-05,2.3650132169564696e-07,1.41781032827947e-05,1.8248586131721154e-05,4.78406528357503e-05,1
0.6556303238267344,0.34426587804983144,2.5695307104486525e-05,2.2944766946022396e-07,1.375524133345032e-05,1.7704322025971364e-05,4.6413805301032284e-05,1
0.7126808364424468,0.28724332890411075,2.1134702799615973e-05,2.1232775373187418e-07,1.81584859791362e-05,1.7348794480062973e-05,1.8980342429849024e-05,1
0.7890324395341171,0.21089800911709009,2.1529204706703916e-05,2.0575961119630486e-07,1.665312673432375e-05,1.2620657026307905e-05,1.8542600714165185e-05,0
0.6923028605804302,0.3075405270180211,3.3538946871919965e-05,2.7277387406618535e-07,3.373361546332368e-05,2.4995858349666403e-05,6.407120698974219e-05,0
0.6826584954302656,0.3171992403402179,3.182825662047441e-05,2.588607476643322e-07,2.095086014370026e-05,2.3720917566087757e-05,6.550533443863345e-05,0
0.7460237230723575,0.25331795266792495,2.0778416129534266e-05,1.843149330036721e-07,1.0249414663813807e-05,1.6006382688311117e-05,0.0006111057313028412,0
0.7037010181508053,0.295426021467777,2.3889091369576904e-05,1.8819567913711256e-07,1.0037952766597724e-05,1.634339666062336e-05,0.0008225017449416724,0
0.1443400386955916,0.8524748267094291,0.0007918350699108771,1.4760574193277464e-07,0.001689543914966269,0.000701423980867569,2.1840234928738596e-06,1
0.06029395934247124,0.9390520483520264,1.1067517074981686e-05,1.0552463346616381e-07,0.0006269577214545732,7.790287002421584e-06,8.071255337077312e-06,1
0.03932412485398326,0.9600479340685472,1.060472615805108e-05,1.011120952654356e-07,0.0006007413319226726,8.760153460605452e-06,7.733753833088601e-06,1
0.045690733029436506,0.9537699036885919,1.0535378794623914e-05,1.0045089410731508e-07,0.000512341403407031,8.702868290139345e-06,7.683180585865969e-06,1
0.1806005484647014,0.8192264804476512,2.3455899036035313e-05,1.6445462112891016e-07,0.00013193574073859906,1.394569096959919e-05,3.469302282133343e-06,1
0.1997430902608977,0.7971316785626169,2.422783977964159e-05,1.9272636277474487e-07,0.0030816466641726465,1.4756879107504114e-05,4.407067062867202e-06,1
0.2245487911560402,0.7695502596679873,3.430782996517051e-05,2.508836993310104e-07,0.005842806076289997,1.7850443019394092e-05,5.733942998602543e-06,1
0.1407393718060642,0.8577557380926589,2.46269824933861e-05,1.8009033149497326e-07,0.0014647618608264945,1.120520593404993e-05,4.115961691194559e-06,1
0.09870140070849891,0.9011501454695426,2.0718055552052234e-05,1.5534298528199446e-07,0.00010884286495688627,1.0419056405344887e-05,8.318502059090511e-06,1
0.30033252162573193,0.6995667173105394,3.6554627314250244e-05,2.7715474314678596e-07,3.518648778634035e-05,1.746981660536668e-05,1.1272977279637417e-05,0
0.3841679080242863,0.6157008975920497,4.28657887713082e-05,3.5469389147616274e-07,5.25347070112327e-05,2.1012393516043374e-05,1.4426800474128309e-05,0
0.13517616607074645,0.8647933984800116,1.3433578772090289e-05,1.0348652719055548e-07,7.555323418429086e-06,5.133855022173511e-06,4.20920550203198e-06,1
0.13005667782477467,0.8699063932212545,1.5176077183777908e-05,1.1434312392361766e-07,9.16373561173607e-06,6.2948637177938e-06,6.1799343334538214e-06,1
0.3541970373272677,0.6457486267800843,1.6305650797464202e-05,2.6846298883665705e-07,1.153842755656565e-05,1.02715408415452e-05,1.595181046372775e-05,1
0.5513609968436517,0.44854884832503034,1.6180225013755215e-05,1.9317191401414533e-07,1.2473278738477789e-05,1.1467955706734641e-05,4.9840199945057964e-05,1
0.8589089114134902,0.14004716618352928,1.420564914263442e-05,1.8400035164258774e-07,1.622590753920158e-05,1.2249029739744549e-05,0.0010010578162072765,0
0.5239743755708461,0.4748742984772469,2.900637704528034e-05,2.940299662041275e-07,2.0388744158328517e-05,1.6273145369920628e-05,0.0010853636553673101,1
0.36362208132088897,0.6349344194917108,2.091612761052366e-05,1.6288917110252241e-07,1.4021444608918802e-05,8.276247992260787e-06,0.0014001224780173054,1
0.911731890151749,0.02927061150809396,2.0981124175902956e-05,2.772447999064798e-07,1.6960365716320407e-05,1.3551638046229159e-05,0.05894572796741863,0
0.36645602821211887,0.011111006931030485,1.3239334117579508e-05,1.2305335870758037e-07,7.245553310679804e-06,7.220793473743894e-06,0.62240513612259,6
0.37956437907827645,0.009535304237609269,1.5133296388132208e-05,9.917583004009901e-08,5.813724299475969e-06,5.8196557479464035e-06,0.6108734508318486,6
0.7902011960149619,0.012345086666383743,2.6767662177265172e-05,1.4418710503833814e-07,1.647489626362655e-05,1.5182913118611208e-05,0.19739514765998992,0
0.00046178502138023833,0.0001295208796668647,2.477019863966003e-07,1.8168611137896722e-09,1.562109664675294e-07,1.0074788844138538e-07,0.9994081876212505,6
0.00032757345528813364,9.720596977852787e-05,1.2066199383789563e-07,1.3391329281526945e-09,1.6051807357371128e-07,7.56117177730165e-08,0.9995748624440153,6
0.00042466572615615,7.900268863246239e-05,1.8048626205334965e-07,1.407246222637407e-09,1.4192862285261201e-07,7.835401821788152e-08,0.9994959294090621,6
0.8121416611924954,0.1781463511558735,1.528242841043146e-05,2.2662840703378492e-07,1.5651519412889923e-05,9.28729423941134e-06,0.00967153978116139,1
0.8971745608560256,0.10097963781509064,7.20599819146133e-06,1.4124780175310892e-07,5.684214264274223e-06,5.349081464980987e-06,0.0018274207871612825,1
0.9156348236501594,0.08282398714685002,7.44994784227434e-06,1.2465790339261628e-07,5.373358742633602e-06,5.201706810286149e-06,0.001523039531691969,1
0.717027409086577,0.2781770132135275,1.4958808450951396e-05,2.294497565290674e-07,1.270338896442554e-05,8.466065413848303e-06,0.004759219987309717,1
0.495112522848507,0.5001238080918068,1.4363117396940914e-05,1.7467876399420245e-07,9.590174804077737e-06,8.008808265224909e-06,0.004731532280455913,1
0.5273017376616738,0.4662471581120626,1.641149520529763e-05,2.0946948450528122e-07,1.5526377652325492e-05,1.0673450928760155e-05,0.006408283432992775,1
0.5417849543872828,0.452457735370428,1.713665905384451e-05,1.9636820761624269e-07,1.4387831108912771e-05,1.0005879533769077e-05,0.005715583504385046,1
0.5381409183536862,0.4585946585122731,1.706998382631949e-05,1.9560417917403845e-07,1.4755501196467443e-05,1.0648176027463405e-05,0.0032217538688111866,1
0.5759771737045827,0.4237218883867831,1.276260164208016e-05,1.5122609036390787e-07,8.841869213241862e-06,8.17663598136396e-06,0.00027100557570723015,1
0.3895339879695913,0.6100666346506881,1.1759702907529262e-05,1.8756490908089468e-07,8.26291577805131e-06,7.694431857483464e-06,0.0003714727642681621,1
0.8815416586272564,0.11843073161605845,1.3316865885446137e-05,1.2964665445997977e-07,4.3491931497788335e-06,7.884684724078413e-06,1.9293662713263777e-06,0
0.8345361855527599,0.1654345479248504,1.4678793680483042e-05,9.35183970000059e-08,4.347609604454277e-06,8.259011520608642e-06,1.8875891872638042e-06,0
0.5837874180156019,0.4161672926412995,2.2522002918534574e-05,1.4199991625810638e-07,8.116055317140506e-06,1.1991915700960939e-05,2.5173692457051324e-06,0
0.5802572387338404,0.419704911702753,1.8258925695369046e-05,1.233936339273965e-07,7.046633423094864e-06,1.0233092891204687e-05,2.1875177630387687e-06,0
0.5295747078580536,0.47037262147559894,2.195357065433939e-05,1.858344280643694e-07,1.2980943374880542e-05,1.468468991967194e-05,2.8656279706020572e-06,0
0.5871880218345267,0.4127548527266369,2.4792466107227274e-05,1.9730618142928186e-07,1.3793953469805593e-05,1.5071972824203084e-05,3.269740253678554e-06,0
0.36614594175737236,0.6338180945112533,1.7005022379636444e-05,1.0724602102504043e-07,6.056134312999182e-06,1.072974077742074e-05,2.065587883278919e-06,1
0.3452426586398172,0.6547162416911007,1.756570921323067e-05,1.107821193965496e-07,6.255816189092629e-06,1.0290317167623677e-05,6.877044392900071e-06,1
0.36934132586019075,0.6306141868050613,1.7744018289154033e-05,1.1190667610249535e-07,6.319318823132771e-06,1.022434032420345e-05,1.0087750635254438e-05,1
0.5788107446905434,0.4210981652822774,2.5486732114322853e-05,1.7720447466327542e-07,1.505967818174705e-05,1.56148633102796e-05,3.4751549098213574e-05,0
0.6631190919611939,0.33679139248098316,2.4273050870834393e-05,1.7997127805033196e-07,1.5391327189619255e-05,1.6297557091785846e-05,3.337365139259983e-05,0
0.6131699142958009,0.3867296632576034,2.7237408651486114e-05,2.107251400151387e-07,1.2632837643338218e-05,1.753529054923166e-05,4.2806184611709346e-05,0
0.7511179246224201,0.24878430234470952,2.1510958901623627e-05,2.16107774379652e-07,1.848175719887602e-05,1.7657650954056968e-05,3.9906558041618185e-05,1
0.7674630997558515,0.23164923996443032,2.550002454803276e-05,2.00886436557468e-07,1.090440903616334e-05,1.744549466518757e-05,0.0008336094650323807,0
0.160530217405202,0.835411662287477,9.7436947402403e-05,1.2009938183560735e-07,0.00361300845262695,0.0003447190676570468,2.8357402526955006e-06,1
0.10063191209316043,0.8960398953829215,8.41499061148542e-05,1.3705442409195676e-07,0.0029849219238294276,0.0002545810220122563,4.402617537445527e-06,1
0.11646977852586236,0.8800357441969637,9.219068288241179e-05,1.1822639074979219e-07,0.0030004735776619448,0.00039737080776779013,4.323982471031306e-06,1
0.11044885367920466,0.8849529527136453,0.00011228241868019812,1.1888698188978262e-07,0.003984777074465871,0.0004957466922566534,5.2685347653070675e-06,1
0.0968621760694018,0.900015596252711,8.868948613231854e-05,1.196480128445946e-07,0.002137070191315041,0.0008938147001959136,2.5336522308994085e-06,1
0.32423344781985025,0.6706931120765652,0.00048387987601241966,2.617075104045267e-07,0.0034797039312541855,0.0011056996245597946,3.894964247807727e-06,1
0.07914907666901169,0.9173886325338537,0.00032383336880447344,3.1846747838735346e-94,0.002714103340943216,0.00042000626024924154,4.347827137589728e-06,1
0.09205368172508446,0.9063090868672777,1.174586438986021e-05,1.0610089813660878e-07,0.0016074307960289762,8.597620329401698e-06,9.351025991411918e-06,1
0.06473138957584382,0.9345561127466722,1.2249060926174812e-05,8.895188846738403e-51,0.0006870095081244384,9.119573447021785e-06,4.1195349863285655e-06,1
0.060081181589668964,0.9390580983871797,1.2224693790923294e-05,8.877493590667444e-51,0.0008352825575701268,9.101431821230301e-06,4.111339969029669e-06,1
0.11038355244446785,0.8887466962772735,2.4286608923931004e-05,1.4238664634188023e-07,0.0008299495499963313,1.237054587312477e-05,3.0021868188891255e-06,1
0.13509564176524458,0.8647108902252512,1.9471420711179084e-05,1.4995872380445353e-07,0.00015830647105986737,1.2376659320927368e-05,3.163499688541965e-06,1
0.1821754765979219,0.8140841639759655,2.1341636040608976e-05,1.892042335824846e-07,0.003701881349266948,1.3673712588750457e-05,3.273523982762812e-06,1
0.18324368537996596,0.8132101825540675,2.24545775171586e-05,2.2663930168889092e-07,0.0035050316749294964,1.4874945239731253e-05,3.5442289784380327e-06,1
0.26057265200492175,0.7350250517405694,3.156548777650177e-05,2.604244872214737e-07,0.004344160410889335,2.0641880498304867e-05,5.668050857648858e-06,1
0.20986451235978987,0.781055913300297,3.802221578951027e-05,2.7843894567349525e-07,0.009013348813340274,2.155781811001993e-05,6.367053727524256e-06,1
0.23076484813709047,0.7649511590370849,3.086081906570452e-05,2.423372347230386e-07,0.004230945398525192,1.6402753845292735e-05,5.541517153532735e-06,1
0.1339639070237605,0.864699271509098,2.3153764438316453e-05,1.6921002041453656e-07,0.0012938125781265571,1.0624843014002115e-05,9.061071542315849e-06,1
0.29437182089590946,0.7043941736793666,3.462302826267905e-05,2.902162141935067e-07,0.0011689077348863192,1.8380206502410136e-05,1.1804238858192984e-05,0
0.37573960868822986,0.6229649898127769,4.477282562974308e-05,3.704737089925376e-07,0.0012112509078642576,2.3938663857804117e-05,1.506862793238947e-05,0
0.18668522351584874,0.8132710434065296,1.9789527654885646e-05,1.3475018081658183e-07,8.375963510932743e-06,7.418321234209796e-06,8.014515040789792e-06,1
0.1909818187999837,0.8089786854449561,1.724478835510417e-05,1.2150333440113116e-07,7.552550128194696e-06,7.350278775943038e-06,7.226634466557588e-06,1
0.2942196294463456,0.705730061289584,1.98040663589143e-05,1.565870507531637e-07,1.2063113387419379e-05,9.209890486837566e-06,9.075606786404575e-06,1
0.3401193066620032,0.6598215583032517,2.2447342348971007e-05,1.7739394590589988e-07,1.4740628113837868e-05,1.1482729823029094e-05,1.0286940513475265e-05,1
0.637485441047664,0.36241242733644247,1.7311678743766362e-05,2.3225166292159e-07,1.4209583778927841e-05,1.2328303504890765e-05,5.804979820296693e-05,1
0.8489229379491641,0.15044399049443338,1.2822225757090292e-05,2.0057685321894807e-07,1.2367570224449487e-05,1.0523493732603774e-05,0.0005971576898351069,1
0.8611488596494671,0.13786180100891754,1.3826773745538782e-05,1.79092923224896e-07,1.2692849402560049e-05,1.1605105131761766e-05,0.0009510355204122855,0
0.7349195174751272,0.2609768890127807,2.0796240722667252e-05,2.1194943179260443e-07,1.7266153229674155e-05,1.3669109644127002e-05,0.004051650059063859,1
0.34081649860002683,0.6582523362089749,1.8274771733598797e-05,1.8199013246336774e-07,1.2250771480011796e-05,7.231096773052944e-06,0.0008932265608792991,1
0.292972113129209,0.705740910532785,2.365267546638297e-05,1.8105421347586208e-07,1.5585085296218616e-05,9.199196979318139e-06,0.0012383583260505292,1
0.3346662202817907,0.6630076148941583,2.427141954412624e-05,2.299460653626463e-07,1.4653849367474163e-05,1.1803519288610368e-05,0.0022752060897854144,1
0.35346891722107443,0.6437555909486848,2.5454260563024435e-05,2.411522347319614e-07,1.5367988649072104e-05,1.2378750859081231e-05,0.002722049677934768,1
0.0015443326550731934,0.00012729865454840267,2.510262398291189e-07,1.9572444116438128e-09,1.8266966334280154e-07,1.0032593139884828e-07,0.9983278327112993,6
0.8389771060864726,0.1470619543740451,1.6122031550710557e-05,2.3681677918810314e-07,1.221013585962809e-05,9.704816522942515e-06,0.013922665738769907,1
0.8298376793779345,0.164064834586586,1.691308581070222e-05,2.230979076107175e-07,1.3362146285116002e-05,9.5233964622991e-06,0.00605746430901374,1
0.80848575037242,0.1841309080527144,1.6896258593868265e-05,2.0350389319090008e-07,1.2687164118138276e-05,8.795734409760387e-06,0.0073447589138505,1
0.5557572422950886,0.4394304677163409,1.5288502404437205e-05,2.2344360918112922e-07,9.486374712526004e-06,9.251010289143544e-06,0.004778040657555286,1
0.5221811051405939,0.4740757594635516,1.2570250126164989e-05,1.7447587779656785e-07,8.215002918085636e-06,7.788257258778002e-06,0.0037143874096736964,1
0.518464855168313,0.4772992283209626,1.3571452829285633e-05,1.713661074133391e-07,8.991557715920393e-06,7.500738556736145e-06,0.004205681395515052,1
0.7388099374391399,0.2579937384159571,1.903266404590858e-05,2.0338376043143935e-07,1.2310383709941314e-05,1.1954917785390698e-05,0.003152822795601283,1
0.5223631596876438,0.4710387204761436,1.3178844614708458e-05,1.6463163262171215e-07,8.85384447141084e-06,7.625187753203676e-06,0.0065682973277406175,1
0.4440384692792354,0.5470888851338076,1.4981039677983493e-05,1.912117463671072e-07,1.4173070567620232e-05,9.743133691630372e-06,0.008833557131273494,1
0.5802799854376823,0.4193686297443113,1.2917455909058971e-05,1.530609831254403e-07,8.949151506784945e-06,8.332236551071665e-06,0.0003210329130561491,1
0.500788195356871,0.4989430508012993,1.4789121373657081e-05,2.3588352764084517e-07,9.87958389044989e-06,9.676595364394708e-06,0.00023417265767350132,1
0.8368166456170958,0.16315207838125115,1.4943030529373211e-05,1.454782177947626e-07,4.880286891400849e-06,9.142238721039643e-06,2.1649672935642953e-06,0
0.5250495687908411,0.47489071808747674,2.4684122273267387e-05,2.119208839216119e-07,1.4803139670051922e-05,1.6746049159490127e-05,3.267889695391269e-06,0
0.5398042833512899,0.46013725546926965,2.9227480412083887e-05,1.9488769660796137e-07,1.0613674773531821e-05,1.488722778865155e-05,3.537908769437129e-06,0
0.39201841324518233,0.6079421560118194,1.9833257285751343e-05,1.0819628382455692e-07,7.384542690040542e-06,9.220600499681439e-06,2.8841462389986005e-06,1
0.3297752449567205,0.6701899621279168,1.6651485495205423e-05,1.0015750610616172e-07,6.8358852395361155e-06,8.535527452558545e-06,2.669859669228332e-06,1
0.36923018586568623,0.6307360994500586,1.5748036111241346e-05,9.472332203789677e-08,6.464994827969754e-06,8.881927254850732e-06,2.525002738948484e-06,1
0.35348787872405246,0.6464669241234837,1.798522034481963e-05,1.1342787157686684e-07,6.405220035908098e-06,1.0536505236326041e-05,1.0156778974992597e-05,1
0.3583311657562989,0.6416236385941548,1.8053798687354343e-05,1.1386037644924792e-07,6.429643388261367e-06,1.0402839927019078e-05,1.0195507167043747e-05,1
0.5972442859186959,0.4026684669311425,2.487561688444667e-05,1.859639471778235e-07,1.135321642272396e-05,1.6386728502988334e-05,3.4445624404046866e-05,0
0.612638091126115,0.38726312071117897,2.6794144623734332e-05,2.0729578021418086e-07,1.2427249712145104e-05,1.724991966038882e-05,4.210955292965551e-05,0
0.6426435594754182,0.35724813230623953,2.5309960343463766e-05,2.3924901139170037e-07,1.4342825526291712e-05,1.8460599543410245e-05,4.995558391790082e-05,1
0.7089068203213362,0.29099570403258473,2.2207962509359313e-05,2.0975393561937512e-07,1.7938370430004176e-05,1.7138493939139824e-05,3.998106526497251e-05,1
0.6422048909635085,0.3568847084407579,1.9175172851218936e-05,1.7009336406458175e-07,9.458579353557924e-06,1.3581551442820564e-05,0.0008680151987220466,0
0.15202192570770812,0.843796489037327,0.0001357398764140588,2.06236307688181e-07,0.003738318683106856,0.0003046372837090004,2.6831754270854782e-06,1
0.12649777548173408,0.8714450040450527,0.0004934258897398565,1.0268457786995438e-07,0.0010742143896359639,0.0004879581542027837,1.5193550568375231e-06,1
0.0892550457224884,0.9065436241466986,2.212582995823675e-05,1.864401863460623e-07,0.0041616998528158375,1.3622740307954654e-05,3.6952675444938e-06,1
0.21169530055345873,0.7848311237522179,2.322764764077773e-05,1.5855293825102355e-07,0.0034314942772961533,1.465260497842873e-05,4.042611469763595e-06,1
0.17468384326504088,0.8214114771387094,2.495863613460417e-05,2.3372133461019637e-07,0.0038606398042617465,1.5220799426371763e-05,3.6266350922656862e-06,1
0.2839197737126421,0.7134050957708404,3.709708388056087e-05,2.500740417390433e-07,0.002612038784742097,1.556774344810628e-05,1.017683040504741e-05,1
0.11940742629246015,0.8776363680719135,2.4349073563882843e-05,1.9334725888447728e-07,0.002902797186927687,1.2206343954634473e-05,1.665968392123203e-05,1
0.1450935797971454,0.8548630909569545,1.9593236869423707e-05,1.1748252413114188e-07,1.4156958285444234e-05,6.467695242627597e-06,2.9938729784993287e-06,1
0.08710946148874285,0.912853095718791,1.533452212618264e-05,2.1369459158169115e-267,9.8376264486079e-06,6.2677595966142115e-06,6.00288429492578e-06,1
0.11161392272938714,0.8883496288411075,1.5073451608713217e-05,3.353068625958424e-94,9.058477232257519e-06,6.29118291738077e-06,6.025317746974664e-06,1
0.16472390320265912,0.835234923059579,1.62550635571624e-05,1.1241693124281417e-07,6.987746572173631e-06,6.750387462751365e-06,1.1068123238485814e-05,1
0.5908005851453693,0.40912973551726134,1.733761811342094e-05,2.30795870514225e-07,1.4230875050082701e-05,1.212186276003212e-05,2.5758185575475274e-05,1
0.8522283518808059,0.14610019020565623,1.336659158676349e-05,2.0364920552443262e-07,1.1686074084105896e-05,1.06018292813225e-05,0.001635599769380152,1
0.8719126907383572,0.12665543770609003,1.2821015785577359e-05,1.5806507671719398e-07,1.2929455862237633e-05,1.0242514332403432e-05,0.001395720504496022,1
0.8597848193628624,0.1391224260547542,1.3969340783436565e-05,1.7710506229258946e-07,1.2995764708357855e-05,1.1476293034157159e-05,0.0010541360787951204,1
0.8750965882866786,0.12406076282948988,1.387306991996661e-05,1.7969257990294678e-07,1.3578364280652324e-05,1.1643962495114996e-05,0.0008033737945560042,0
0.7363467819043906,0.2599709365108109,1.981885576917098e-05,2.0519535946587925e-07,1.342421803897063e-05,1.3635452822565656e-05,0.003635197862808352,1
0.5344557042473589,0.4589442505270754,2.858105112402406e-05,2.457101817444488e-07,1.915383746999889e-05,1.7778741924662868e-05,0.006534285884865311,1
0.3205498577431723,0.6769713254557538,3.212033893863762e-05,2.0659736235155528e-07,1.7174071401207973e-05,1.0580869934804015e-05,0.002418734923437029,1
0.3544732954825404,0.6420754091176385,3.4266087795409364e-05,2.2039877506157664e-07,1.9270738760477892e-05,1.240475568586465e-05,0.0033851334188042714,1
0.3103453640210362,0.6889428087596043,2.3608933864144457e-05,2.236697132443058e-07,1.4253874189058567e-05,1.1481343550686316e-05,0.0006622593980423766,1
0.19585495807583786,0.007200582981881667,6.801017918689053e-06,6.611279221366007e-08,4.669625598354484e-06,3.6662111597720588e-06,0.7969292559748113,6
0.0014556987310748455,0.00011720547630885207,2.311230241165278e-07,1.8020596080402995e-09,1.8174775270537568e-07,1.0033682029962712e-07,0.9984265807829596,6
0.8376769938486682,0.152177922294937,1.3773631762803597e-05,2.2520546996777285e-07,1.326812716859837e-05,9.61336212854048e-06,0.010108203529864624,1
0.7374451919857956,0.25756006354008415,1.5963391708183938e-05,2.426231717392778e-07,1.3796336692382358e-05,9.096177836965898e-06,0.004955645944710852,1
0.7237196479077163,0.2727675197934014,1.844759917615139e-05,1.9713173533287586e-07,1.069878829737355e-05,1.0887603230801762e-05,0.0034726011764426067,1
0.6631195077292819,0.336449424298168,1.415955195136437e-05,1.6777877606469504e-07,9.809669688292619e-06,9.133434412051431e-06,0.0003977975377223723,1
0.5489410817728422,0.4506869360430221,1.3433496372146744e-05,2.142615800325194e-07,8.831550638640183e-06,8.984915669867189e-06,0.0003405179598750244,1
0.5157212306987277,0.4839858131117737,1.3792523248233868e-05,2.1998798688993784e-07,1.0036945827956075e-05,9.213783283799122e-06,0.0002596929491519368,1
0.540089275604991,0.4597452297328601,1.1066961668754502e-05,5.648880104963309e-85,9.581233628474274e-06,8.829805514675186e-06,0.00013601666133698795,1
0.762435611080655,0.23752693356088064,1.8097605173121183e-05,2.1829786223873668e-07,7.197581692525398e-06,9.737425941393305e-06,2.2044477952548573e-06,0
0.8291416198241994,0.17083146272145713,1.120183802785935e-05,1.5516048939012053e-07,7.316773288520479e-06,7.1516687858585545e-06,1.0920137516829679e-06,0
0.8680972354962844,0.1318776841521979,1.087556923963232e-05,1.1326988810743708e-07,5.434545013616873e-06,7.1181814891666884e-06,1.5387858872965328e-06,0
0.7519335088430736,0.2480317371998133,1.6440095115433814e-05,1.192511584372279e-07,6.830524364161879e-06,9.25000636386093e-06,2.1140801112792915e-06,0
0.7279147804777298,0.2720442591531723,1.887381137686535e-05,1.3690455286380728e-07,7.841683855785442e-06,1.168093047972221e-05,2.427038832543582e-06,0
0.6718403833210076,0.3280996611757053,2.5726317124200415e-05,1.9730375501284792e-07,1.4476346607879512e-05,1.636249447048411e-05,3.193041329434368e-06,0
0.6679082355506398,0.33203282519354893,2.5928243966915066e-05,2.0585508586678782e-07,1.439161943837555e-05,1.5239184224541876e-05,3.174353095359834e-06,0
0.6656471099474064,0.3342929513659473,2.577910824503931e-05,2.0515818743009544e-07,1.4342898285600313e-05,1.62116589389419e-05,3.3998629893526407e-06,0
0.4142883026094175,0.5856436042038718,2.1615875085995687e-05,1.363254192202394e-07,7.698234079983678e-06,1.2323075873510839e-05,2.6319676251887574e-05,1
0.5569078868116858,0.44300220675599244,2.86020701646737e-05,1.8038544311777678e-07,1.039215093578136e-05,1.593724223764359e-05,3.479458354078815e-05,0
0.5626175480044067,0.43709450585162607,2.6539779501332725e-05,2.6901147350716124e-07,1.3952507347884446e-05,1.769064142281346e-05,0.00022949420422171282,1
0.7101904774280733,0.2892300474103603,3.1535357969926564e-05,2.5647858879918357e-07,3.171839722094602e-05,2.3502626478777796e-05,0.0004924623013078901,0
0.7630313162769259,0.23628550395533757,1.71771612549858e-05,1.6646565292218098e-07,9.277547038946686e-06,1.1921020617495328e-05,0.0006446375731719351,0
0.1092846045918292,0.8839670048300949,8.354686009619377e-05,1.1508197824498875e-07,0.006573257570650135,8.950137079475172e-05,1.969694556724595e-06,1
0.09907874817206395,0.8945732296504474,7.283144287791736e-05,1.2064655712190854e-07,0.006178861328945346,9.38290461178124e-05,2.3797129904740765e-06,1
0.126100157839066,0.8697011298876336,8.167635035575212e-05,1.330257593473952e-07,0.00386958361401067,0.0002445736381098376,2.7456450648108244e-06,1
0.11051231285856875,0.885019792740389,0.00010824385345139654,1.490598660249262e-07,0.0037979613869713945,0.0005494424971667992,1.2097603586682462e-05,1
0.11699976075202403,0.8798788388029644,0.0009954057955530002,1.275441853620852e-07,0.001687124083090572,0.0004358301596239809,2.912862558636216e-06,1
0.0688176880549218,0.9299816796475506,1.4335817764517124e-05,1.49213981566177e-07,0.0011704210576367919,1.0462991241389475e-05,5.263216903557479e-06,1
0.25904528237652014,0.7349029695720942,3.291059701394515e-05,2.617955095019561e-07,0.005993952604141563,1.863658587163226e-05,5.986468849002723e-06,1
0.26539925256284574,0.7287541127111351,3.6278520438238614e-05,2.703678673771969e-07,0.005778150220545285,2.0932924069272628e-05,1.1002693098963507e-05,1
0.27047681198550494,0.7216783871866851,3.637064992281476e-05,2.7105446793219516e-07,0.007776441544884384,1.835203732909029e-05,1.3365541205657187e-05,1
0.292691941367381,0.702935748916314,3.0106598528686377e-05,2.4640849398454084e-07,0.004315756726551324,1.4056086553024675e-05,1.2143896177850759e-05,1
0.2389039704779899,0.7584612096588228,2.706624441629647e-05,2.2152461089492925e-07,0.002579950978731705,1.4029774679990826e-05,1.3551340748566095e-05,0
0.10539173621253532,0.8945692713570178,1.5367573360765608e-05,2.1900370359166734e-267,1.0975320345481737e-05,5.879485036001459e-06,6.770051704774607e-06,1
0.3254167685638532,0.6745342558781487,1.7541051253528667e-05,1.661860071600815e-07,1.3001753494235537e-05,9.858068797487944e-06,8.408498445586961e-06,1
0.4603033113534392,0.5396469732729812,1.6532663344340466e-05,1.6889055764586393e-07,1.3213347113516528e-05,1.1255132221105624e-05,8.545340343074799e-06,1
0.5690611447104482,0.4308773792704536,2.044362245153714e-05,2.0884322896005543e-07,1.6339090325837403e-05,1.3917641034478658e-05,1.056682205734948e-05,1
0.8656718180966955,0.13299377044942756,1.3623079709795359e-05,1.6439412132505779e-07,1.2063050556105302e-05,1.0652632313255392e-05,0.001297908297176501,1
0.42186765504561924,0.5681246391874618,2.614172171641746e-05,7.10691985481639e-46,1.22519434953717e-05,1.8298445644083928e-05,0.009951013656062985,1
0.5474367803789584,0.4494682169260153,2.5883944364490934e-05,2.19628044548358e-07,1.3425660926547723e-05,1.539637562396967e-05,0.0030400770860667062,1
0.2411369647976407,0.7584662225021818,2.0365068104774823e-05,1.5859766801978006e-07,1.3652033478906954e-05,8.058200693401537e-06,0.000354578800232596,1
0.2478197360278773,0.7507287085832917,2.1941733314966464e-05,1.6466772105990648e-07,1.4167114857834576e-05,8.362230794942506e-06,0.001406919642142196,1
0.3235390508031276,0.6742137949955981,3.561852594706701e-05,2.3017677880993372e-07,1.9134186367080195e-05,1.1815362198907198e-05,0.0021803559499825233,1
0.3500797729627261,0.6490120086083287,3.5343387519482016e-05,2.28398758094465e-07,2.0329268394232296e-05,1.275116690448054e-05,0.0008395662073689493,1
0.31028442106271975,0.6888075200852944,2.3604297744391492e-05,2.4054588213273907e-07,1.4251075135612765e-05,1.1479088943005504e-05,0.0008584838442805667,1
0.44049851630031217,0.009987100850631384,1.3713181304686193e-05,1.0410981851560714e-07,6.102956551747496e-06,6.109183089236941e-06,0.5494883534182922,0
0.12199760684146992,0.006283949986031307,5.276612579296154e-06,5.129402616163582e-08,3.6229584258513623e-06,2.844453015018392e-06,0.8717066478544525,6
0.0010476535085462955,0.00015870435419635274,3.8785609448982084e-07,2.642718282225806e-09,2.824867886474463e-07,1.273030895562017e-07,0.9987928418485663,6
0.0008869479053575974,0.0002486228053176507,3.640368372917973e-07,2.141666944336459e-09,2.1599904489276783e-07,1.1924580650760185e-07,0.998863727865969,6
0.8583742181291607,0.12715564435341895,1.6149777224494424e-05,2.4659620556592065e-07,1.3533337685775077e-05,1.1172642785318259e-05,0.014429035163519302,1
0.8558159587649261,0.13051526150473403,1.6707673396236177e-05,2.4360609107913845e-07,1.2560188845177241e-05,1.1037168352646617e-05,0.01362823109365476,1
0.8382403672971065,0.14751165541170436,1.5768414842184078e-05,2.3383526761315142e-07,1.1644815692600149e-05,1.0594477354813337e-05,0.01420973574803202,1
0.8426447840551903,0.14824158457523395,1.3445201965421969e-05,2.290789105810172e-07,1.5395937141974737e-05,9.387716546463406e-06,0.00907517343501135,1
0.8312187836185917,0.16378192077100173,2.0171402341096397e-05,2.1576460360562484e-07,1.3451540871808835e-05,9.389203203685872e-06,0.004956067699386377,1
0.8065039065780225,0.18753387133313612,1.5245854268307747e-05,2.0310373014532575e-07,1.2846800732413948e-05,9.166204546359656e-06,0.005924760125564189,1
0.5170188083286905,0.4796677304561243,1.2798668561302638e-05,1.665044924114369e-07,8.156818871526891e-06,8.8799392693902e-06,0.003283459283990506,1
0.5635493030835516,0.43193926126345067,1.739168294867542e-05,1.7001806375738668e-07,8.301264950275926e-06,8.390191090293562e-06,0.004477182495944629,1
0.5405402228155656,0.4520303276163667,1.776249031426488e-05,1.7364301198755775e-07,1.0364637102953824e-05,7.890527137464847e-06,0.0073932582705010215,1
0.5212635865103178,0.47004718511819976,1.3151103178931965e-05,1.6428508343650835e-07,8.854537973084471e-06,7.609136751577697e-06,0.008659449308495347,1
0.6188393466946054,0.3799239593442253,1.4809694874188673e-05,1.6970362943268447e-07,9.904011530814652e-06,9.37095446934561e-06,0.0012024395966654142,1
0.6536547469174052,0.3457640684625978,1.5127742393518493e-05,1.792510181201015e-07,1.046120319469038e-05,9.89815677485917e-06,0.0005455182666157058,1
0.45942261645076016,0.5401669002326831,1.174396356981154e-05,1.732079768874623e-07,8.20521232485104e-06,7.684133530858782e-06,0.0003826767991543303,1
0.8410365659878265,0.1589281320203183,1.6593246861720703e-05,1.9708344129870157e-07,6.548899168551327e-06,9.956990590977353e-06,2.005771792552447e-06,0
0.8780770012378304,0.12189931873692027,1.0351697426348713e-05,1.0781372297568158e-07,4.980549373746163e-06,6.775301538531789e-06,1.4646631875765397e-06,0
0.8637031038312607,0.13627169068217979,1.0929831430152999e-05,1.1383503298521906e-07,5.46165994529764e-06,7.153696698680356e-06,1.5464634525942403e-06,0
0.8422942337979542,0.15767293582125283,1.443675487601147e-05,1.2498439206047712e-07,6.551253227771116e-06,9.694718584652232e-06,2.0226697122786386e-06,0
0.6804273899044244,0.3195138120843486,2.546454871685092e-05,1.9214062787145444e-07,1.4097523518199868e-05,1.5934313875056737e-05,3.109484489117161e-06,0
0.5880563836701779,0.41189138762413535,2.617967433737545e-05,1.7456504486949327e-07,9.506893689645585e-06,1.3198592664671572e-05,3.168979950147026e-06,0
0.5386001925739355,0.46134908881591424,2.6002194429663883e-05,1.39254634945059e-07,8.70735343448788e-06,1.2088576449982258e-05,3.7812312011856496e-06,0
0.4429348477390884,0.5570322901438822,1.7067712209442397e-05,9.018854341563574e-08,3.6789805846413565e-06,8.308666661096031e-06,3.7165690307479375e-06,1
0.35256565257218403,0.6473890350455987,1.7783165143406876e-05,1.1215356461827098e-07,6.95625827935384e-06,1.0418132725625857e-05,1.0042672504115355e-05,1
0.3525658722199378,0.6473894383677782,1.7783176222286088e-05,1.1215363448973568e-07,6.333264450322956e-06,1.0418139216103403e-05,1.0042678760681875e-05,1
0.554323367350857,0.445586461927311,2.8469332581473366e-05,1.7954830344130861e-07,1.1025453369881219e-05,1.5863280073180546e-05,3.463310750422592e-05,1
0.5569073808198001,0.44300180425581737,2.860204417758363e-05,1.803852792242988e-07,1.130071524095917e-05,1.5937227757483687e-05,3.4794551927342994e-05,0
0.635337528921219,0.3641002272091768,2.7826519454180673e-05,2.1528285906876346e-07,1.2906069991525311e-05,1.7294690828449805e-05,0.000504001306471011,0
0.5945475994982103,0.4048499629932636,2.5790936776601256e-05,2.3942326659216147e-07,1.4353272014336634e-05,1.8198778335582337e-05,0.0005438550981331997,1
0.7574753077818043,0.24241857092588528,2.1693025396617915e-05,2.1793688786558542e-07,1.8638184849076255e-05,1.7807103455627926e-05,4.77650417214226e-05,1
0.7322541223083361,0.26660361306062375,1.77199592786994e-05,1.596466935275483e-07,8.877659205388653e-06,1.229772468027796e-05,0.001103209641182321,0
0.7471524708230012,0.2517408296544073,2.3014616762086322e-05,2.041511499319563e-07,1.1352470229340325e-05,1.57259419506369e-05,0.0010564023424995811,0
0.8059734260518968,0.18851131649590327,3.201330421259226e-05,2.4708599668640507e-07,1.2388323055038121e-05,2.3757598579417274e-05,0.005446851140356176,0
0.13589354860467498,0.8550257268775265,0.00011843513002450761,1.5959030274836742e-07,0.008844640119674854,0.00011434181244764358,3.147865348699748e-06,1
0.16886643893648354,0.8262315375622077,8.750270908800574e-05,1.4699460808015435e-50,0.00470943148276543,0.00010219402863414648,2.8952808212948283e-06,1
0.1102344986793279,0.8877906505971448,5.551687043311916e-05,1.2375818957587405e-07,0.0017916694944137969,0.0001249862376058277,2.5543628850976718e-06,1
0.1002310545550882,0.895529842072048,0.00010576927867365254,1.3245383510582752e-07,0.0035359576897839294,0.0005888783376314789,8.365612939921643e-06,1
0.043482538102583755,0.953894577817507,8.787694941926393e-05,2.1624430828639888e-94,0.0023715803532686976,0.00016009943938164936,3.3273378394486404e-06,1
0.06653123171487887,0.930791964381611,1.280037211906902e-05,3.4837388253817515e-94,0.0026489142776525503,9.394991725426757e-06,5.694262012933686e-06,1
0.05532196142661264,0.9438993294627064,1.3266041689304181e-05,6.119346555564307e-237,0.0007502933534288412,9.248299842148504e-06,5.9014157206309025e-06,1
0.07414971184565695,0.9213920184097505,1.9872801428811368e-05,1.4906823307119078e-07,0.0044216979484331,1.3184263225230691e-05,3.3656632724233047e-06,1
0.187216333834711,0.807055363880629,1.9612911568854185e-05,2.0363036767880263e-07,0.005691793247553179,1.3169376899745572e-05,3.5231182706319664e-06,1
0.4132184232559411,0.5840744696360581,3.5767146242216286e-05,2.587108124264456e-07,0.0026487835383216334,1.638488107915905e-05,5.91283154517817e-06,0
0.3438150277383001,0.6526973700381178,2.8425769947319053e-05,2.951957651778857e-07,0.0034404848473299303,1.3782501120843943e-05,4.6139094189406335e-06,1
0.16430927371431273,0.8356393139902331,1.8564463622396076e-05,1.415424296563295e-07,2.043070953407712e-05,7.593375212990157e-06,4.682204654925049e-06,1
0.1399779083395686,0.8599879045840761,1.4025125385046101e-05,1.2307042752229398e-07,9.613846357752265e-06,5.339813454989641e-06,5.085220729940393e-06,1
0.2092353181770109,0.7907165441619668,1.5491208558313792e-05,1.5293660626773948e-07,1.0442551891838713e-05,8.279794160507628e-06,1.3771169805255903e-05,1
0.5322913468252648,0.46764823034672554,2.0430093110616e-05,2.0870501904885356e-07,1.5314533000368867e-05,1.3908430508759948e-05,1.0561066370861971e-05,1
0.6352027985455351,0.3647233899416615,1.8640644276019065e-05,2.500809248550872e-07,1.4350481787308761e-05,1.3274710301808111e-05,2.7295595513371067e-05,1
0.6445203627348679,0.3553978696242364,1.9487288908804525e-05,1.9758306707926712e-07,1.6769189697772754e-05,1.3411555700798402e-05,3.190202352145564e-05,1
0.6444594151005306,0.35536426221529405,1.9485446136679222e-05,1.9756438307606128e-07,1.6767603956652807e-05,1.341028746686817e-05,0.00012646178223221793,1
0.3215942810265251,0.6777124190008352,2.6130053912372033e-05,2.14612768875885e-07,1.8796081587254054e-05,1.1010663280137126e-05,0.0006371485610908328,1
0.8312207789741638,0.16401707583052083,1.199360719765708e-05,1.7343021592444453e-07,1.063693844196957e-05,1.0755758694249333e-05,0.004728585460765608,0
0.8732875530432815,0.11952178902590514,1.3752989553306285e-05,1.984250288201714e-07,1.2169937087697007e-05,1.2305881749112335e-05,0.007152230697394342,0
0.7816046154177106,0.02316106902247377,3.07693961126816e-05,2.0801633698964468e-07,1.5144670475356898e-05,1.2206436495052027e-05,0.1951759870403956,0
0.8408753912948517,0.041405653799197036,4.143268011713842e-05,2.6368678849323845e-07,2.0261951850248104e-05,1.6764742740834606e-05,0.11764023184445462,0
0.0009902104011645476,0.00016494438151705502,3.673470804846114e-07,2.376273620175672e-09,2.797341600228493e-07,1.287879547197328e-07,0.9988440669718497,6
0.0008949345632838446,0.00024862081788960686,3.6403392727307026e-07,2.1416498243906825e-09,2.1599731825084244e-07,1.1924485328667883e-07,0.9988557432010778,6
0.8916988838534736,0.0988391451780683,1.1524771795905033e-05,1.9340819224760792e-07,9.088341798723036e-06,1.0419015591168876e-05,0.009430745431079898,1
0.8905269898905773,0.10166070083254534,1.1853768824043125e-05,1.9892940530014169e-07,9.268305138644309e-06,1.0716446657598927e-05,0.007780271826851975,1
0.8604826958732525,0.13274037480843145,1.8275074457656654e-05,2.3133667433426084e-07,1.3382130462423726e-05,9.875085291248617e-06,0.006735165691430556,0
0.8523046447274378,0.14207881898682304,1.6012917438761715e-05,2.1329951724799815e-07,1.3772970269645895e-05,1.0227777323002722e-05,0.005576309321190609,0
0.5258079366046365,0.46935921614304915,1.4390254141986941e-05,2.1031558470933346e-07,9.27018287219802e-06,9.564371337144966e-06,0.0047994121283783326,1
0.4797736832744614,0.49824927632703064,1.6370807629604684e-05,2.0660003622839088e-07,1.5335703624264578e-05,1.0527239104883575e-05,0.021934600048112807,1
0.5367580974886511,0.46211813425070003,1.727649887679609e-05,1.9797062587642354e-07,1.3787631318667564e-05,1.0931844696295675e-05,0.0010815743151312623,1
0.4443201595860865,0.5551894433040507,1.2416694551940847e-05,2.0168539948297164e-07,9.706565768280381e-06,8.947495194512212e-06,0.00045912466894860483,1
0.36304198803694643,0.6365726948770322,1.8211734837539978e-05,2.904735277641662e-07,1.3212669997243588e-05,1.1916028305807804e-05,0.0003416861793530146,1
0.4088735461112618,0.5908063118942495,1.5137918947008775e-05,2.414467791658016e-07,1.0634435355704885e-05,1.0112544458702692e-05,0.00028401564894834166,1
0.4994212769648182,0.5004227986406975,1.1308168561738597e-05,5.771998704244718e-85,9.621027078021435e-06,9.022253091308778e-06,0.0001259729457532059,1
0.5501787574578139,0.44976427297270044,1.2640889683351666e-05,2.593505291146173e-07,9.89130275911002e-06,9.275707902259018e-06,2.490231861197451e-05,1
0.878773259761463,0.12120204501368036,1.0879275468985915e-05,1.1330848877053177e-07,5.0427233589845244e-06,7.120607257657336e-06,1.5393102822315227e-06,0
0.7042399902249659,0.2957064474101952,2.30367076474394e-05,1.8333330774601738e-07,1.2817090160049109e-05,1.4487050673223654e-05,3.0381830504993375e-06,0
0.5139349371806176,0.48601213737788557,2.713219481501441e-05,1.4801414657679417e-07,9.085756602073213e-06,1.2613920419844873e-05,3.945555513350808e-06,0
0.4083212824149197,0.5916369190930676,1.7415310412344387e-05,1.0475185889375007e-07,7.09600309702673e-06,1.039668360042327e-05,6.785743044043314e-06,1
0.3877777458391258,0.6121825586423936,1.653910806423545e-05,9.948156381669987e-08,6.73898766470943e-06,9.873603714532784e-06,6.444337473423098e-06,1
0.5511785492177607,0.44873179162195737,2.8307818781744443e-05,1.7852968002817814e-07,1.0962903155105114e-05,1.5773283631098486e-05,3.443662503406545e-05,1
0.7574711518403539,0.24241724087937822,2.2662098448721767e-05,2.1793569213955108e-07,1.8973176891320574e-05,1.71908612112952e-05,5.256320802469528e-05,1
0.756778634902847,0.23870235916712942,3.488586693733396e-05,2.4737604078225877e-07,1.8975549300488044e-05,2.0736963689088418e-05,0.004444160174055708,0
0.11622054284767326,0.8797230639886785,1.3154907717096657e-05,1.3455867145720618e-07,0.00402926889016409,1.1057522801180361e-05,2.777284294609167e-06,1
0.10546713518356075,0.888313399127081,6.196328871461624e-05,1.1791768806134095e-07,0.006039683727551054,0.0001148963514359717,2.8044039687906563e-06,1
0.06800717125633868,0.9281771055787411,1.723603324265225e-05,1.575697251403099e-07,0.0037788931780981675,1.310838896761924e-05,6.3279948868728925e-06,1
0.09306816256988844,0.9021940418901202,1.8632753616496854e-05,1.5394716018978217e-07,0.004701577200852437,1.3608643460875993e-05,3.822994901334901e-06,1
0.10787702962056578,0.8847968500729699,1.9759116868663908e-05,1.5157110638174988e-07,0.007289038026780573,1.3405628568241474e-05,3.7659631404787855e-06,1
0.15485690754816367,0.8290802149331015,3.011912440420534e-05,1.9272362911922577e-07,0.016004796632027966,1.5973362102276448e-05,1.1795676571554528e-05,1
0.26028570076095836,0.738109022647942,2.6183504287734977e-05,5.843126560351883e-137,0.001557327345363132,1.015473733336508e-05,1.1611004115250934e-05,1
0.24339324689324576,0.7565459544165947,2.2498976957789786e-05,2.094708546581398e-07,1.219322105501482e-05,9.387835777200594e-06,1.6509185515062683e-05,1
0.23843003519766467,0.7615015229241192,1.7598597050707573e-05,1.7374175151519812e-07,1.5230479906150014e-05,9.406158373316488e-06,2.6032901134517674e-05,1
0.64447355480301,0.35537205905218067,1.94858736553167e-05,1.9756871771922387e-07,1.6767971844724088e-05,1.3410581694046022e-05,0.00010452414889762354,1
0.6325243756179688,0.3673462801855925,1.8214011911844614e-05,1.8467321720337427e-07,1.3551107165675506e-05,1.2535260108980198e-05,8.485914403476721e-05,1
0.6527359953359757,0.344971506190528,1.931213886885373e-05,1.85455582724716e-07,1.6825556807497644e-05,1.2836156130140199e-05,0.0022433391661071207,1
0.7027791673740056,0.2951052187069982,1.856686321756242e-05,1.7239310169386278e-07,1.376494271939397e-05,1.2258218134760716e-05,0.0020708515018229494,1
0.23205378254030196,0.7673658904926244,2.7248657034130116e-05,1.6572603976045524e-07,1.4215595620842754e-05,8.229362017824267e-06,0.0005304676263610169,1
0.2401647052276724,0.7592400897257694,2.3925486266488164e-05,1.8198306967396816e-07,1.5938327635430815e-05,9.3366033780805e-06,0.0005458226462085416,1
0.8341183985139339,0.16144094398178319,1.268131870179447e-05,1.829632036822436e-07,1.1221622047460386e-05,1.0433004163034661e-05,0.0044061385961669235,0
0.6105186642079733,0.019670810520474185,3.0797089506289604e-05,1.985671813042734e-07,1.4910883486759745e-05,1.1651958320527272e-05,0.3697529667730575,0
0.7063623557567541,0.04019911958248209,3.550198040208091e-05,2.3613292203908882e-07,1.7811634748832783e-05,1.2740231863318144e-05,0.25337223468082765,0
0.7658437914390711,0.04953479394798351,4.393920265937111e-05,2.616336081249362e-07,2.5704347520249414e-05,1.6667396189938998e-05,0.18453484203296777,0
0.8954079219702494,0.09319830001890189,1.1397627066501017e-05,1.9127445522414864e-07,8.988076493761386e-06,1.0304069894936862e-05,0.011362896962938617,1
0.8524226680296301,0.14209849342071487,1.6235863509483677e-05,2.4657981114396064e-07,1.377487748843471e-05,1.073544600646578e-05,0.005437845782839561,0
0.5349332766788137,0.45685288659176043,1.3796696507339593e-05,1.9149903221100967e-07,1.0368766073851937e-05,7.490843897945439e-06,0.008181988923914559,1
0.5360906801808799,0.4563545235238024,1.3638573892481218e-05,1.6605212778934087e-07,9.8874823755677e-06,7.825575011006214e-06,0.007523278611910783,1
0.5345264183448135,0.4566574937723087,1.6142384104725e-05,1.9572902733170317e-07,1.1682936823006705e-05,9.784773623245565e-06,0.00877828205929931,1
0.4831165722031197,0.4946143829050051,1.6551844909251326e-05,2.0732642687371927e-07,1.6245019236710777e-05,1.3066255080306258e-05,0.02222297444622196,1
0.599996295831825,0.3971100641491031,1.2393354893138895e-05,1.4201489794894987e-07,8.680738885660237e-06,7.363823013819386e-06,0.0028650600873812507,1
0.39997939181025605,0.5970460548591409,1.9231946167928548e-05,2.2037800869481328e-07,1.6173876849284214e-05,1.2169169819336832e-05,0.0029267579597577406,1
0.4624575468779281,0.5372249211188278,1.4997328900529249e-05,2.392043960466901e-07,1.1104726423188018e-05,9.812826580466276e-06,0.00028137791694393997,1
0.8366368601506013,0.1633268192991674,1.7865516663461904e-05,1.7570618666257184e-07,5.6101932475507584e-06,1.0509571892309668e-05,2.1595622412882946e-06,0
0.8621801055102852,0.13779285382630427,1.2011066630927634e-05,1.0832217900136825e-07,5.360449811546751e-06,7.861377209190317e-06,1.699447579782464e-06,0
0.8682623636030169,0.13171019663813482,1.2095798819424447e-05,1.0908633888587806e-07,5.606601967766394e-06,7.916835372565955e-06,1.7114363495641414e-06,0
0.7177658731712708,0.2821823986911381,2.1595862889301718e-05,1.5546601394177426e-07,1.3327194740335231e-05,1.3710040534062498e-05,2.9395734133740843e-06,0
0.6979204626042339,0.30202302167368067,2.7280443664890443e-05,1.60305218141356e-07,1.3094091834425191e-05,1.3092723358754932e-05,2.8881580091465513e-06,0
0.5279106190567109,0.47202996391925944,3.359238570791298e-05,1.563153928158975e-07,9.595323454747235e-06,1.1906160869786534e-05,4.166838604351731e-06,1
0.3776937485135394,0.6222594426499186,2.2502294755252607e-05,1.1545159237592701e-07,6.51713803959414e-06,1.0136711479774572e-05,7.537240674976997e-06,1
0.4155510394979922,0.584407020297094,1.9350943997838858e-05,1.0729482483500448e-07,6.056695884340185e-06,9.420542932694728e-06,7.004727274160599e-06,1
0.4307618389684755,0.569201040328165,1.6598646811945783e-05,8.770993419619654e-08,4.368987756452067e-06,7.502353278462151e-06,8.563005578575107e-06,1
0.39778345797294457,0.6021530217485406,2.0063919649688594e-05,1.2653766024106373e-07,7.145523806498819e-06,1.1754295493580676e-05,2.443000190474892e-05,1
0.5058896041055342,0.49402644803005374,2.639525765215381e-05,1.6646767945043159e-07,1.0222216541149459e-05,1.5053939165014756e-05,3.210998337430905e-05,1
0.6351940260061322,0.364017988333603,2.9842101382031818e-05,2.152342333911696e-07,1.290315491319011e-05,1.731467786335981e-05,0.0007277104918729213,1
0.5953169291184734,0.40374323608449736,2.52908719621703e-05,2.3906857348142493e-07,1.4332008388739689e-05,1.7808398884688923e-05,0.000882164449220085,1
0.7572733213838511,0.2423539282194693,2.265617973713714e-05,2.1787877338118061e-07,1.8968221623735008e-05,1.7186371435132974e-05,0.0003137217451104224,1
0.7131363992488882,0.2854129100955617,3.2157234015643686e-05,2.3939047894851503e-07,1.9331811192424564e-05,1.9527138145900272e-05,0.0013794350817173083,0
0.7421531063433913,0.2518549024027361,3.627554389562737e-05,2.758304376156255e-07,2.115820938438217e-05,2.249955421712003e-05,0.005911782115937878,0
0.10681417061968178,0.8876443038115287,0.00012172259375522586,1.3128752022115227e-07,0.005059978584060046,0.00035383873551277784,5.8543679411807076e-06,1
0.13482693814770907,0.8618234178872783,0.0008569212244408645,4.6299397245927675e-180,0.0019003840895007618,0.0005880247911374933,4.313859933684989e-06,1
0.06722998383575313,0.9312292075449466,1.3302963123814679e-05,3.620523582905439e-94,0.0015117591038937759,9.82871201438453e-06,5.9178402682956495e-06,1
0.062356252150098546,0.9363422348401811,1.2729720479501573e-05,3.464510332838768e-94,0.0012742460482934401,8.874408407451941e-06,5.662832540134136e-06,1
0.0605099195651915,0.9374198706231729,1.4548016333712584e-05,1.329962006204098e-07,0.0020384392310223366,1.0617864287866309e-05,6.471703791266296e-06,1
0.08651033768367973,0.9086521746158697,1.815882349931879e-05,1.5761599643270716e-07,0.004800638676500784,1.2673335447318936e-05,5.859249006473047e-06,1
0.29647701675871946,0.7012115129841737,3.841841381821412e-05,3.137720411340776e-07,0.0022413688032804466,1.9570894961564642e-05,1.1798373005386133e-05,1
0.3652038574485531,0.6307957057929419,3.960394930288475e-05,3.0751294787021637e-07,0.003931870993841137,2.162241448438026e-05,7.031887928835134e-06,1
0.4286857111085233,0.5711038004048602,3.171190971020422e-05,2.2937848798899985e-07,0.00015915125155733617,1.2411754291163006e-05,6.984192569633672e-06,1
0.3097470713701838,0.6901914547581381,2.2594917863374245e-05,2.2759128863629713e-07,1.9195969688318965e-05,1.0199937578552253e-05,9.255455259117951e-06,1
0.2647917238878955,0.735118258413815,1.913189933865817e-05,1.888792436881942e-07,1.9350603175298573e-05,1.1487887313598614e-05,3.985842921815083e-05,1
0.5781151898989315,0.42182590778385437,1.795152352421737e-05,1.7722601014598535e-07,1.300463972200437e-05,1.1810619877249965e-05,1.59583080806416e-05,1
0.6293744103816417,0.370090865656873,1.8885337158853075e-05,1.8375354637851e-07,1.4376170139304239e-05,1.2232599743863422e-05,0.000489046100896829,1
0.7168021143783644,0.28104638827631895,1.8310101276704653e-05,1.7583295796906105e-07,1.595253903642394e-05,1.2502813238388965e-05,0.0021045560588071844,1
0.6945904343246521,0.3034978870359582,1.979619927774321e-05,1.8963829624730766e-07,1.632400023011832e-05,1.3515198688651227e-05,0.0018618536028968092,1
0.5156870301243601,0.48281511910477726,1.993418368529196e-05,1.8508865579362224e-07,1.593236872275621e-05,1.182717924950049e-05,0.0014499719505493324,1
0.3894665246107684,0.6075866495337992,2.9324053740071792e-05,2.284875520282562e-07,1.96578259074353e-05,1.642297611146054e-05,0.0028811925121212914,1
0.7176252815882482,0.25774746704794593,3.339899730919586e-05,2.41005352523583e-07,1.1940226703360244e-05,2.177176317650549e-05,0.02455989937126431,1
0.40563860188712597,0.5883006274845042,2.565234800284735e-05,2.0829504388233643e-07,1.3256425803542419e-05,1.674323437621955e-05,0.006004910325143368,1
0.25381306081718646,0.7442199284324242,1.9121783646678265e-05,3.855960234146283e-46,9.918217252208835e-06,1.2642307669648542e-05,0.0019253284418205932,1
0.19988449187302157,0.799670749630922,1.8763555371879808e-05,1.4914376786000293e-07,1.2361038835592293e-05,9.674987704914169e-06,0.000403809770376143,1
0.2497665807641699,0.7496840719135155,2.2569505545245664e-05,1.879239311489333e-07,1.6458636457533554e-05,9.641398035161735e-06,0.0005004898583456923,1
0.32715272185437533,0.672049035524249,3.411072160295725e-05,2.408250367395464e-07,1.7856507947970072e-05,1.1547123555271264e-05,0.0007344874432326473,1
0.7909301594769661,0.025244781123953404,2.76770202941683e-05,2.572448339144969e-07,1.5199122391257129e-05,1.5965203649737496e-05,0.18376596080791144,0
0.7313362897981098,0.050581364915895266,4.175717149395372e-05,2.777378278417587e-07,2.0949915423621863e-05,1.4984968183862976e-05,0.2180043754930655,0
0.7248731985133019,0.04609334141026108,4.543719831195987e-05,2.4763691039883105e-07,2.6074554998815444e-05,1.577573510700805e-05,0.22894592495110896,0
0.760286707120321,0.05643152060570625,4.362037281860429e-05,2.597351530650119e-07,2.5517832687687963e-05,1.654645491309263e-05,0.1831958278784004,0
0.7821164473358378,0.06069646532683551,4.97201745034169e-05,2.671928014273282e-07,2.6250513731849766e-05,1.731321527838591e-05,0.15709353624101172,0
0.45789609589427444,0.005803802820870574,2.2292818363944654e-05,1.189981215825603e-07,9.266024218845817e-06,6.233236470198652e-06,0.5362621902076803,0
0.244306665007079,0.0064314325059344835,1.56134239627974e-05,8.33437584392405e-08,1.0916910171155053e-05,4.365628521290362e-06,0.7492309231805728,6
0.16770099875806174,0.004390103346171212,9.369288702049657e-06,5.962823648686734e-08,4.211613670527747e-06,3.123386019015329e-06,0.827892133979139,6
0.0009342704477912103,0.0002587573269684355,2.31210943621892e-07,2.0837107588568783e-09,2.5497514293819797e-07,1.0037498855934196e-07,0.9988063835804545,6
0.000863302253955108,0.00025877570715226756,2.3122736711682272e-07,1.8028731674289928e-09,2.5499325446398435e-07,1.0270504567209185e-07,0.9988773313103522,6
0.0008869675869348403,0.00028013515584893417,1.526276364833728e-07,2.1547209831735537e-09,2.1942771735381607e-07,1.1070069174064731e-07,0.9988324123464497,6
0.005406058251739054,0.00035352346978517773,7.656946637546669e-07,3.308155843927825e-09,5.730846075776382e-07,3.578568004805171e-07,0.9942387183342483,6
0.007695944997645173,0.00042243264665947253,9.14944695296947e-07,3.952985157001376e-09,6.847908787666495e-07,4.2761063485809284e-07,0.9918795910565013,6
0.8574295498411835,0.13519074637400966,1.3382874550895671e-05,2.280169781343544e-07,1.5636137006630647e-05,1.0330865553411155e-05,0.007340125890717524,1
0.8717624007862792,0.12173575830515496,1.812108415895081e-05,2.1325217685314295e-07,9.942769620340865e-06,1.0825813537538909e-05,0.006462737989072113,0
0.8290476459713171,0.16333256981007177,1.5553034799106886e-05,2.1488415131298023e-07,1.3642741110531931e-05,1.0155449765623442e-05,0.007580218108784586,0
0.6639127684879896,0.32715813093994217,1.678936467131841e-05,2.122922534695259e-07,1.3845354037748832e-05,1.1158921631738463e-05,0.008887094639473767,0
0.6103543748807847,0.3818899945626841,1.54349527001053e-05,1.9516646133123678e-07,1.1276948142636943e-05,1.0258722169773433e-05,0.0077184647670572775,0
0.5155495932276749,0.4772282929480975,1.4373573428840367e-05,1.8174590601578768e-07,1.029805699710419e-05,9.553284629910468e-06,0.007187707163265752,1
0.4949837333938143,0.5003905632640914,1.7453920029516805e-05,1.7062648262114997e-07,1.12368645052778e-05,8.200082828391596e-06,0.004588641848248439,1
0.4195450156808054,0.5720949344935169,1.2338664550051782e-05,1.712614551500948e-07,1.0143079506624545e-05,7.370053327812993e-06,0.00833002676683808,1
0.3995590966555772,0.5878054631297105,1.3657926339382039e-05,1.7768302082667137e-07,1.2541444036648499e-05,8.8826279841314e-06,0.01260018053333131,1
0.39277703491100263,0.6048204510242468,1.888563997564764e-05,2.1640970156733083e-07,1.8703206611682993e-05,1.3788704285571603e-05,0.0023509201041762465,1
0.3707202728562343,0.6269167778964473,1.782509918489274e-05,2.042570122052973e-07,1.4225445649180045e-05,1.1278975987839205e-05,0.0023194154694842757,1
0.755853141716639,0.24408799194074002,2.897646632610334e-05,2.2349476515681163e-07,1.1112182413412866e-05,1.541294684889424e-05,3.1412522673824765e-06,0
0.7754697865940196,0.22448238663490216,2.2389777215355868e-05,1.5966604629357932e-07,7.617178303410618e-06,1.4600499322038893e-05,3.0596501914284385e-06,0
0.81673363935435,0.18322891165358632,1.623450220307967e-05,1.508222796387529e-07,7.751662567851691e-06,1.0945780843046412e-05,2.36622417008538e-06,0
0.8087955445220836,0.1911668500230902,1.6882401287612967e-05,1.4935638978078466e-07,7.391075759689043e-06,1.0839395306613756e-05,2.343226082396244e-06,0
0.7490890583327073,0.2508644036350537,2.39288974920137e-05,1.4061087786765687e-07,8.332457673325825e-06,1.160273360783782e-05,2.5333325876422743e-06,0
0.7369020615339252,0.2630482211937204,2.3941554704688114e-05,1.406852541228145e-07,1.1491488914660202e-05,1.16088708846149e-05,2.5346725962802614e-06,0
0.7135458472133578,0.2864041178332932,2.444777437034238e-05,1.519820916010443e-07,9.670600175094089e-06,1.2541047668222684e-05,3.2235490435892273e-06,0
0.5815291168689436,0.4184139130607159,2.4783035529256335e-05,1.5790591560835086e-07,9.692956710057621e-06,1.2027307097889068e-05,1.0308865087519679e-05,0
0.6525294374366486,0.3472133461916547,2.6668536690057467e-05,1.6963172021643752e-07,1.1889851858757767e-05,1.514181102595243e-05,0.000203346540401694,0
0.6842154521603978,0.3153382163310494,2.5961169907063128e-05,1.7201082942877158e-07,1.2132688013095048e-05,1.535417709791881e-05,0.00039271146270518055,0
0.6018571640648136,0.39726791669510253,2.5353117288923758e-05,2.3535888642538314e-07,1.410961501753015e-05,1.753206148965071e-05,0.0008176890874012794,1
0.7307375517643605,0.2686999714435182,2.1915973064149262e-05,2.1024403863989214e-07,1.7980284540006154e-05,1.6584140272196608e-05,0.0005057861502063881,1
0.7397272002684349,0.2543223180300176,3.793336119927776e-05,2.8843607831031303e-07,2.1196952897093166e-05,2.4178932056757974e-05,0.005866884019316014,0
0.09811398250764942,0.8991824424746854,1.5609433141957166e-05,1.260859712572437e-07,0.002673998301764142,1.1604776764542066e-05,2.2364200234130922e-06,1
0.1162231102381251,0.8756175593574629,1.404505317016586e-05,1.2228885272871188e-07,0.00813004863033551,1.2732930402355537e-05,2.381501651344678e-06,1
0.15832702220547193,0.8360230086519453,0.00012624227290378197,1.8000715776534447e-07,0.004861532068724027,0.0006555679459556129,6.446847841781931e-06,1
0.18791478546951473,0.8063475928774458,0.00014150255445719045,2.1056236343271938e-07,0.004694736578655084,0.0008936307934503879,7.541164113186574e-06,1
0.08556328912275214,0.9111681531705521,0.0001718119625843072,3.571692474330306e-94,0.0024392870909794766,0.0006530010584637933,4.457594668320426e-06,1
0.06564139233966368,0.9309633662831592,1.3080213320162787e-05,2.8179089594547325e-209,0.003368473290370588,8.182671322991613e-06,5.505202163377418e-06,1
0.12556696862317032,0.8659775864153406,2.546917570268317e-05,1.9539434897098312e-07,0.008405918332022222,1.576199249179068e-05,8.10006692358147e-06,1
0.10656130676526855,0.8915828136755958,2.1514992601213027e-05,1.5119813958450644e-07,0.0018180882145721472,1.2667711201188086e-05,3.457442621425294e-06,1
0.30811281498585996,0.689848780815132,3.8819078349106434e-05,2.804033665013884e-07,0.0019762138693609488,1.701202590783438e-05,6.078822023521859e-06,1
0.41854805756096436,0.5813538236021232,2.434648673080055e-05,2.2569007795970995e-07,5.445259609754058e-05,1.2218574971540315e-05,6.875489034495508e-06,1
0.3140458885524354,0.6858958918239567,2.1484795790293745e-05,2.2742667197465528e-07,2.23189712217576e-05,9.698799405868356e-06,4.48963051795265e-06,1
0.37002503929836933,0.6298834148798625,1.9003115547733014e-05,2.0297146721645432e-07,2.9582152591596533e-05,1.2344995128779971e-05,3.0412587032724466e-05,1
0.7028507993075851,0.2954743427545712,2.123661787351623e-05,1.9718174156848414e-07,1.697333744520374e-05,1.5073665016060031e-05,0.0016213771357673858,1
0.3395890635640416,0.6583971506515298,2.6124212775323683e-05,2.0765059971136247e-07,1.726162515026776e-05,1.3268889190005019e-05,0.0019569234067133012,1
0.24139216601579,0.758123606969449,2.0428660687977033e-05,1.6237900370974168e-07,1.3457975480577767e-05,1.0533560248408305e-05,0.0004396444393404802,1
0.6954330386525099,0.30319739665267725,2.0544554263709092e-05,2.1961435454662476e-07,1.788119131835583e-05,1.0474724518520794e-05,0.0013204446103576963,1
0.8433944060535254,0.1520745097866698,1.293689016062749e-05,1.8665053100027853e-07,1.144777568215584e-05,1.1575653417090277e-05,0.004494937190013757,0
0.8756835653290529,0.11090628785325052,1.9479093962551913e-05,1.9767910501886916e-07,1.1104194685876362e-05,1.1279126570534779e-05,0.013368086723372656,0
0.9016461770890232,0.02894789740343545,3.1551306069747756e-05,2.93254490672462e-07,1.73267265573077e-05,1.8200045433534578e-05,0.06933855417499021,0
0.7164372344339425,0.026176567961620486,2.507028925289516e-05,2.3301649984367336e-07,1.7118208380947816e-05,1.4461537738751157e-05,0.2573293145525647,0
0.7558258723576735,0.06227410253182902,4.737740355425139e-05,2.582112074415741e-07,2.5368111754710183e-05,1.7397452773352942e-05,0.18180962393120778,0
0.37608761935619955,0.00817036874209649,2.0251545685778163e-05,1.0810189435933573e-07,8.417567923891638e-06,5.662481570775696e-06,0.6157075722046291,0
0.3662774897979204,0.012401532513838813,2.353857670588142e-05,1.2564786914471435e-07,1.0985504791075836e-05,6.5815596926483255e-06,0.621279746399182,0
0.08824447791666488,0.002571673071616157,4.962240079830691e-06,3.1580799182762574e-08,2.2305896233172634e-06,1.6541658860520928e-06,0.9091749704353305,6
0.059709561260197705,0.0013351138529719118,5.6672430041276185e-06,1.427192202834475e-08,2.210955871958793e-06,1.4672518650130923e-06,0.9389459651641672,6
0.015702346427685383,0.0010848943482456022,1.6075128642780874e-06,1.1790892981969251e-08,1.577357895423464e-06,6.716968359758976e-07,0.9832088908655803,6
0.0023367539095452933,0.0004450506228737794,4.807485660176634e-07,3.5262267687637294e-09,3.1066834065864305e-07,1.9111247525168446e-07,0.9972172094119723,6
0.0015510478096389538,0.00029948901710457395,2.7828941051749326e-07,2.330400327046815e-09,2.090588153513349e-07,1.2860579095466618e-07,0.9981488448888393,6
0.001163659407663236,0.00021041434216668834,1.9551996868568787e-07,1.63728759251753e-09,1.4688008772935535e-07,9.035557685610833e-08,0.9986254918572492,6
0.00102455732317658,0.00024590434997519576,1.5261184262106126e-07,2.154498013288727e-09,2.1940501103905506e-07,1.1068923646607562e-07,0.9987290534662602,6
0.0008113972516960033,0.0002815708744370074,1.5198226807088672e-07,1.1889269796738296e-09,2.1849989247971797e-07,1.102326065934491e-07,0.9989065499701728,6
0.00680266348062359,0.0004815313915067439,9.145032580532964e-07,4.566870577788567e-09,6.654762561404263e-07,4.2740432374335806e-07,0.9927137931771612,6
0.008738120890388218,0.0006516768531892446,1.2376360419092998e-06,5.347161340554657e-09,8.995135658075327e-07,5.784243969329004e-07,0.9906074813352564,6
0.5100957381183213,0.4794860064619105,1.2049289931503062e-05,1.658874279413083e-07,1.024426335174646e-05,8.654715146551651e-06,0.01038714126391039,1
0.4779574467966991,0.5155345060772789,1.662517275007753e-05,1.5131310358083818e-07,9.964952782776204e-06,7.868603712168408e-06,0.006473437083673203,1
0.4314580355509321,0.5538052651480546,1.1552041169247458e-05,1.7354013084617948e-07,1.0278035669030987e-05,7.272871861509875e-06,0.014707422812182774,1
0.48266362326889173,0.5125002195702119,1.6001986089192185e-05,2.019454983867002e-07,1.475849723877042e-05,1.0471372581570797e-05,0.004794723359488486,1
0.28974957687295355,0.7092080249522645,1.2917426410357551e-05,4.944188407564665e-08,1.4169859589185321e-05,1.23669253835845e-05,0.0010028945215149443,1
0.5329887068090751,0.46692581454205384,1.3425861341559336e-05,2.754556308911371e-07,9.380756651360435e-06,9.851709117005454e-06,5.254486613021234e-05,1
0.8407769958922828,0.15918753388517942,1.6048071156823587e-05,1.5329715726418496e-07,5.508864907220548e-06,1.1125392689295007e-05,2.634596627295679e-06,0
0.8131490823706433,0.18681274553877042,1.654797244378712e-05,1.5373449066382745e-07,7.90133857889479e-06,1.1157131737128634e-05,2.4119133357207597e-06,0
0.8146892000040603,0.18526656314680948,1.917710424454282e-05,1.7815973307042818e-07,9.156698448321548e-06,1.292977004402398e-05,2.7951166600646443e-06,0
0.8091725387880583,0.1907831059465484,1.9673718142210815e-05,1.4300353182841042e-07,8.75780006071189e-06,1.3076812622207678e-05,2.703931036263837e-06,0
0.7394123645930335,0.2605442196373571,1.918692379017384e-05,1.4636634437432578e-07,8.69220480772306e-06,1.2753248033088217e-05,2.637026633789623e-06,0
0.6968660413935813,0.3030864029224817,2.0108932006485444e-05,1.4980584915835796e-07,1.2236479691408966e-05,1.2361471509454045e-05,2.6989948803924308e-06,0
0.6198585523397924,0.37937632841267366,2.3935200861023432e-05,1.9239200352859782e-07,1.0177629353663474e-05,1.7467865359160388e-05,0.0007133461599565956,1
0.6102480906654524,0.3889886727053267,2.9943046814697793e-05,3.5546885694409003e-07,1.008371974980691e-05,1.6090322162819158e-05,0.0007067640716365882,1
0.5873544371279074,0.4117292197622272,2.547890390308047e-05,2.3652659282999465e-07,1.417961827116891e-05,1.797859955154641e-05,0.0008584694615469509,1
0.6565239048227542,0.3425087992947729,2.55624204217332e-05,2.4163545622694217e-07,1.4485891370956602e-05,1.799960792214925e-05,0.0009090063273018182,1
0.7978438944436955,0.20146346124835415,2.1769630330553064e-05,2.0805741474078163e-07,1.683909915823275e-05,1.6125155058865164e-05,0.0006377023659880163,0
0.8050249277128132,0.19364312525787253,1.812251044305459e-05,1.7562713004260143e-07,1.4956314628018873e-05,1.51981245811557e-05,0.0012834944525319635,0
0.697549045639998,0.3008629895136216,2.8531994689895943e-05,2.157294556589504e-07,1.74210817563061e-05,1.759710286430471e-05,0.001524198937614305,0
0.7375540464399929,0.25687806183129086,3.349453669046025e-05,2.493458602996514e-07,2.013575107121207e-05,2.033920096390636e-05,0.005493672894130454,0
0.7335291890639799,0.2601658720327759,3.49717687625135e-05,2.4798517150694603e-07,1.9672183188060276e-05,2.0228209256360425e-05,0.006229818756865578,0
0.11359715737116488,0.8801828929281537,6.52666300444636e-05,1.2292644775946176e-07,0.0060322106747460105,0.00011977677458533203,2.5726948578570163e-06,1
0.1184907983793168,0.8757685831602321,8.504609908000428e-05,1.2953103520969782e-07,0.005429558617274047,0.00022111722186413061,4.766991197836756e-06,1
0.14765181724714269,0.8476796677959284,0.0001184396513289256,1.6310024076384028e-07,0.003942711536943916,0.0005999795798162063,7.221088599140272e-06,1
0.15296873295821653,0.8423379946478142,0.00011611855459395525,1.709167339926343e-07,0.0038393578092383186,0.0007253739658017766,1.2251147601049039e-05,1
0.358284472201793,0.6305968720030423,0.0003341124405470698,2.665359026625071e-07,0.008353958013872457,0.00242368367835893,6.63512648373691e-06,1
0.18951833468748153,0.8048337926181018,0.0011391321949058644,7.064974039329723e-180,0.003636759769143577,0.0008653980726537763,6.582657713425879e-06,1
0.11376208148770775,0.882765673256543,0.0006017175648882296,6.0304289658962974e-173,0.0023872467454579744,0.0004805361965807732,2.7447488222582197e-06,1
0.09176508350510189,0.9047440060572965,0.00016970651105785203,3.5083268946633667e-137,0.0026160913855884827,0.0007003318511152913,4.7806898398153055e-06,1
0.07852057196804521,0.9189522869061727,9.741731566331383e-05,3.2991684489142794e-137,0.0021540238585628646,0.0002702526544759184,5.447297079987989e-06,1
0.08975447949874023,0.9044966899941386,1.63463333540584e-05,1.3617818514297673e-07,0.00570902966503973,1.0235086112267591e-05,1.30832444296699e-05,1
0.10002498163359826,0.8921655011085798,1.7908213052130353e-05,1.6634839630682697e-07,0.007764816911112299,1.2292446794154348e-05,1.4333338467091512e-05,1
0.21551558462199838,0.7534934755734203,2.6572058063028932e-05,2.462106983193199e-07,0.030930703781636825,1.834839408912874e-05,1.506936009405793e-05,1
0.084322374125877,0.9126217850415808,1.6092967926860734e-05,1.145113697024667e-07,0.003027225234086564,9.562948943253414e-06,2.8451702158793074e-06,1
0.18595699688634543,0.8126162051686026,2.801847973331967e-05,1.7874921702273609e-07,0.0013805677939557404,1.3591686749721802e-05,4.441235396155426e-06,1
0.1979462232411681,0.8005459641432937,2.6446045594164844e-05,1.7132453845525075e-07,0.0014634586771317246,1.33683203445068e-05,4.368247929373706e-06,1
0.2270972722656632,0.7717773729492167,3.068298884050833e-05,2.1269062797608297e-07,0.0010742592193898899,1.533629703762089e-05,4.863589223802687e-06,1
0.2592133329133091,0.7404248140252364,4.05743911078982e-05,2.97128677191507e-07,0.00029443434843515236,1.7495377663542344e-05,9.051815570860231e-06,1
0.36161129501218964,0.6383178177430183,2.2779304766985862e-05,1.9030933460067885e-07,2.5361426122987848e-05,1.1574867348725958e-05,1.0981337218709688e-05,1
0.47764161690564017,0.5223071397895146,1.5184288129961653e-05,1.3476097032690066e-07,1.1548767290557207e-05,9.869452546239589e-06,1.4506035908119914e-05,1
0.5150116711740174,0.4849086881586819,1.5941794130375942e-05,1.4530449207234855e-07,1.1929923864639832e-05,1.0641625581833792e-05,4.098201923190861e-05,1
0.5920394852504086,0.4073853549306985,1.6127998423215682e-05,1.5764201433521287e-07,1.3032167798023267e-05,1.1209324386747832e-05,0.0005346326862703985,1
0.5842811433704648,0.41507021718328696,1.9277288791247676e-05,1.879629052502634e-07,1.5538777091598077e-05,1.4701435198524804e-05,0.0005989339822617453,1
0.5251728281673612,0.47265747953353177,1.6585369000572375e-05,1.58523539844181e-07,1.4128123141870001e-05,1.2398848301248664e-05,0.002126421435123479,1
0.614097534929781,0.3845739356811602,1.7550871194615092e-05,1.6775184374997247e-07,1.4440021821363527e-05,1.2823880539848546e-05,0.0012835468636592838,1
0.5110327761011405,0.48695816567659017,2.7722012984118002e-05,2.1703457624077704e-07,1.8682262721226994e-05,1.659132571369328e-05,0.0019458455862740376,1
0.7537421076123958,0.24558606689729506,2.3680272646340065e-05,1.896274382148874e-07,1.6046801983056176e-05,1.0478837874019593e-05,0.0006214299503678087,1
0.8620966112139095,0.13429536131078382,1.5808099956281928e-05,1.9004540209716305e-07,1.1655992195544222e-05,1.1472584631925156e-05,0.0035689007531209383,0
0.8527193251211423,0.14331525100153278,1.3363849625654611e-05,1.8435207577894867e-07,1.1306805283366967e-05,1.1128892191581418e-05,0.003929439978148223,0
0.8561718515497571,0.1378043158158599,1.3705542253206794e-05,1.882400150958484e-07,1.1545262987865196e-05,1.136359775332985e-05,0.0059870299913734795,0
0.8649974347648517,0.12091062863256746,1.3428073618683724e-05,1.8442909692958422e-07,1.0924998035333877e-05,1.1644753399155519e-05,0.014055754348430592,0
0.9023911376420997,0.08561604611936062,1.0402847684362243e-05,1.596787994067154e-07,9.168951376530263e-06,9.110914322317786e-06,0.011963973846357065,0
0.9029969870973003,0.08668540685068521,1.6445320687593477e-05,1.9761071264621784e-07,1.1397573217663986e-05,1.1595832565680221e-05,0.010277969714830859,0
0.7534830346054735,0.0488079832025816,4.04863572209391e-05,2.6928531098897114e-07,1.917913155346399e-05,1.5801711034844555e-05,0.1976332457068246,0
0.07260760926076573,0.0016235159480201995,7.004620363346507e-06,1.7354844285632558e-08,2.5614564698485457e-06,1.7841975029385386e-06,0.9257575071620336,6
0.046251202294808426,0.0008552163319648086,4.4619581435321486e-06,1.1055072905195208e-08,2.7171167838429322e-06,1.1365376230187144e-06,0.9528852547056036,6
0.018812900864654605,0.0005261781632884372,1.673484930899086e-06,1.2274789313136013e-08,1.7933272887990436e-06,6.99263164928429e-07,0.9806567426218831,6
0.004435168153099951,0.0004099878410271192,1.0554646855366538e-06,6.717211932955881e-09,7.907480105855672e-07,3.7400743217614564e-07,0.9951526170685326,6
0.0013881788507780532,0.0002680409443224395,2.89540769058937e-07,2.1237430180219197e-09,1.8710643491188782e-07,1.1510144173596287e-07,0.9983431863325107,6
0.0012477482755854426,0.00024743416729882436,2.6025032372628557e-07,1.9089014985628448e-09,1.6817842411400816e-07,1.0585167669842396e-07,0.9985042813677897,6
0.001332282980614856,0.00024741322439300297,2.6022829605694916e-07,1.908739928539015e-09,1.6816418943924248e-07,1.0584271737918226e-07,0.9984197676510495,6
0.001024554532347116,0.00024861235502312304,1.6787440762045272e-07,2.153501571451966e-09,2.1940441339365688e-07,1.1068893495558373e-07,0.9987263329913721,6
0.010379781841132857,0.00036349384145477245,1.1125417790603543e-06,4.806696144341436e-09,8.032620622060515e-07,5.199600575811302e-07,0.9892542837468172,6
0.8575719294360052,0.13526872966075515,1.6638058062829764e-05,2.194700589867599e-07,9.4005575431754e-06,9.943626527036341e-06,0.007123139191047462,0
0.8645541749555106,0.12977852246832663,2.0263015708745044e-05,2.16744551435797e-07,9.927119928873549e-06,1.0020046726230353e-05,0.005626875649247354,0
0.8601293239632359,0.13031190539515153,1.6374162880755713e-05,2.486802126920315e-07,1.389221383428949e-05,1.0591539042165119e-05,0.009517664045642495,0
0.6457130259712921,0.34451503914067705,1.6329120301063523e-05,2.0647271732739978e-07,1.2818207938458756e-05,1.0853023763673405e-05,0.009731728063310205,0
0.43101011174831644,0.5532303249688622,1.1540048266619293e-05,1.7335996788962271e-07,8.99451152557588e-06,7.265321434465483e-06,0.01573159004162698,1
0.4774878125743753,0.4998201469208414,2.3564819619268665e-05,2.8798934179778234e-07,2.2505720893669323e-05,1.7498426321905232e-05,0.022628183548606705,1
0.4844649895218202,0.515070912215703,1.2837005027179483e-05,1.549046458164875e-07,1.0574997826890783e-05,9.250371772628004e-06,0.0004312809832042339,1
0.5072933622227019,0.4925223563041611,1.320820772563638e-05,2.1066827118518284e-07,9.879732767119158e-06,8.642195734326452e-06,0.00015234066863861173,1
0.4811391955801619,0.5186448364958869,1.2998709250837604e-05,2.3093144044464735e-07,1.0531155778753293e-05,9.473447037395937e-06,0.0001827336804437826,1
0.485600578042431,0.514225927734307,1.3119240303008262e-05,2.3307276147575548e-07,1.0265604799753787e-05,9.626714891003084e-06,0.0001402495905067438,1
0.8591892524994785,0.14077946444496262,1.4153638339271564e-05,1.3520082888174108e-07,4.858557816373567e-06,9.812069186875701e-06,2.3235893876724538e-06,0
0.8157037248970406,0.18425357674710527,1.7113929002940622e-05,1.8188990667821684e-07,9.348414467972893e-06,1.3200483780185275e-05,2.853638696533693e-06,0
0.7998204434955773,0.20013802825989613,1.682381895204581e-05,1.4691095786598503e-07,8.345578190731423e-06,1.3434123224786427e-05,2.7778132012692504e-06,0
0.7339492441266945,0.26600766353558525,1.852586494620827e-05,1.4840594723173223e-07,8.813329960084956e-06,1.2930963485644552e-05,2.6737733810034424e-06,0
0.6087567624651983,0.3911846123187833,2.5838546266446447e-05,1.6529919340480074e-07,1.0146788482922685e-05,1.2590434971694988e-05,9.884147103723068e-06,0
0.5786161925625966,0.42132290947815704,2.600422920135179e-05,1.6265568427775676e-07,1.017058090521499e-05,1.3743655049322566e-05,1.0816838406466156e-05,1
0.5244267165316863,0.47551032501127083,3.026586137095636e-05,1.5528380229266725e-07,8.76563028735992e-06,1.3634000787080838e-05,1.0137680795205923e-05,1
0.40083471553949346,0.5991005909465338,2.0217822949131238e-05,1.2750828630789778e-07,7.908625778721218e-06,1.1844458576899937e-05,2.4595098381559268e-05,1
0.41099353270056455,0.58894086042522,2.0730226587769892e-05,1.3073987608020578e-07,7.382821013207339e-06,1.2144646370995204e-05,2.5218440367246616e-05,1
0.5146978034454618,0.4852200353734909,2.596099753575811e-05,1.6372891952594308e-07,9.245697210270471e-06,1.5209053947151186e-05,3.1581703434732346e-05,1
0.5125275614602341,0.4873890981215053,2.6077050106861807e-05,1.644608313890695e-07,1.0098982796820502e-05,1.527704246770748e-05,3.1722882057718104e-05,1
0.6124775723308421,0.38727988884478154,2.3677375113473836e-05,1.6193316359410762e-07,9.94376727612909e-06,1.463787658106515e-05,0.0001941178722419895,0
0.7039394505088525,0.29561688347289505,2.0493266809028313e-05,1.7696941565312077e-07,1.1086719388937069e-05,1.7014450306813915e-05,0.00039489461233207227,0
0.6257247682146261,0.3735311016909143,2.5179488616300124e-05,1.8640420707876034e-07,9.86087204673845e-06,1.6924214790189245e-05,0.0006919791147993949,1
0.571983047270075,0.42719591883875424,3.0347959358846283e-05,2.727268667370543e-07,1.414520935670409e-05,1.9727898397072443e-05,0.0007565400971915016,1
0.6466898998463566,0.35229876034695895,2.672635518886912e-05,2.5263785364609144e-07,1.51454780736804e-05,1.8819184828786486e-05,0.0009503961507394141,1
0.65649253902855,0.3424924357466478,2.556119916289948e-05,2.4162391195880997e-07,1.4485199299450491e-05,1.7998747980883295e-05,0.0009567384544471521,1
0.824574525263139,0.17418583658861905,1.9976482938401478e-05,1.9359416996010264e-07,1.5567274459547007e-05,1.2740166673834306e-05,0.0011911606300002457,0
0.19650147547284189,0.7939417156000582,1.936190933613835e-05,1.4918546043121245e-07,0.00951966875916989,1.4768760698575889e-05,2.8603124350112116e-06,1
0.13267051264140162,0.8586960878751334,2.0675579385809096e-05,1.6395366905592408e-07,0.008595901947534084,1.3749913540192967e-05,2.9080893356535635e-06,1
0.11497786088354486,0.8624463019127108,2.0766868003985553e-05,1.2513419297373107e-07,0.022540090721742217,1.2261242510864356e-05,2.593237294436569e-06,1
0.11873411921260751,0.8749819389767757,1.403485771217465e-05,1.222000819105681e-07,0.006254878625508005,1.2348634374039596e-05,2.5574929406257603e-06,1
0.14573412680962894,0.8486505027992243,0.00012158612092815959,1.6328703706059615e-07,0.004788818793886511,0.0006999757894417034,4.826399853494789e-06,1
0.1951537573942671,0.7901597670862702,0.00017602253287983836,2.144886834531902e-07,0.009844288139194456,0.004662614795913869,3.3355627911406355e-06,1
0.09561308586949359,0.9023194636749623,2.0262534018831258e-05,1.3445782426330448e-07,0.0020324806147571026,1.1232085508196225e-05,3.3407634358044656e-06,1
0.2265884090734959,0.7733309469806595,2.728673179224833e-05,1.998697915964239e-07,3.4594182980694115e-05,1.4154290596581675e-05,4.40887068346743e-06,1
0.38227330756186156,0.6175839448106607,2.0895270656378358e-05,2.1040232065665825e-07,0.00010297862965861949,1.3852062262391146e-05,4.8112625795804775e-06,1
0.3008764319115982,0.6990436234871329,1.7329247727879114e-05,1.5779294790569872e-07,1.472081468080282e-05,1.1556239226452639e-05,3.618050668574886e-05,1
0.511729844435317,0.48821139713011663,1.5866246540840816e-05,1.444714654202866e-07,1.2162273209126106e-05,1.1638342532142042e-05,1.8947100818808353e-05,1
0.49148235520666256,0.508126764231053,1.6144780688460648e-05,1.5584155474598422e-07,1.3013767186214878e-05,1.2312491121342838e-05,0.0003492536817336943,1
0.5251373833686422,0.47425586414633436,1.759765208945196e-05,1.6819897718706165e-07,1.3904905385797546e-05,1.3155608338152527e-05,0.0005619261202326785,1
0.5011159578072534,0.49822390526263216,1.7721412134099646e-05,1.6938188004367875e-07,1.4002695233137445e-05,1.21810260771373e-05,0.0006160624147900589,1
0.7676820370083314,0.2316440645107793,2.3753340701705663e-05,1.902125542885599e-07,1.6096316134909486e-05,1.051117146736039e-05,0.0006233474400309327,1
0.8792533257937492,0.11758336222364767,1.3441169597844836e-05,1.8541869189419399e-07,1.1822899915900516e-05,1.119328124554901e-05,0.0031266692131520033,0
0.8491371308228928,0.1349250928111624,1.2997501202889822e-05,1.7851536097142205e-07,9.479198644242123e-06,1.020546357416909e-05,0.015904915687162315,0
0.665618168812937,0.026005881107446303,3.578181352515748e-05,2.1831901853770583e-07,1.4389187848167401e-05,1.3549378382167247e-05,0.3083120113808426,0
0.7891734741518107,0.03963250356089502,4.09046406432867e-05,2.8323767275873623e-07,1.8098407768502045e-05,1.7578378768818874e-05,0.1711171576224411,0
0.8303470982272618,0.08652191577848242,3.919530401353041e-05,1.3599594337274008e-07,1.7639386675822317e-05,1.5603789303606977e-05,0.08305841151831933,0
0.7985390967755452,0.03481544320947297,3.188888508436122e-05,2.029479549175226e-07,1.5054624284823586e-05,1.1863765150137775e-05,0.16658644979250756,0
0.02960148711974302,0.0008359153798013459,4.3612584287759606e-06,1.0805576461626894e-08,2.6557955261594973e-06,1.110887670516683e-06,0.9695544587532536,6
0.020424603656792956,0.000576769682347238,3.0092060744200167e-06,7.455693547392849e-09,1.965753964856693e-06,7.664966386904356e-07,0.9789928777484884,6
0.020642634591551662,0.001115435526337708,2.846583592755429e-06,1.8413815866362834e-08,2.6902293507172773e-06,1.0489877123465313e-06,0.978235325667639,6
0.0016850385865259225,0.0002989717333455512,2.3726976392210664e-07,2.306502760073611e-09,2.3262365538951167e-07,1.2789930996813905e-07,0.9980153895808964,6
0.0013001273191722298,0.0002474747323515106,1.6710623287678496e-07,1.0276618624768378e-09,2.1840044303624953e-07,1.1018243461737451e-07,0.9984519012317039,6
0.001195125064906334,0.000357323993435486,1.919946845669613e-07,1.2022588672084243e-09,2.5092854675832176e-07,1.2659277523646212e-07,0.9984469802233926,6
0.00712371169609889,0.0004906325715374983,9.317878192201418e-07,4.6531866768814065e-09,6.805862678044849e-07,4.3548247558334387e-07,0.9923836032226144,6
0.011304744118559267,0.0003958854751681247,1.211682511827372e-06,5.23503006124017e-09,8.737701986660327e-07,5.662946960535048e-07,0.9882967134238361,6
0.8476338290141833,0.1404030176461519,1.7995709675920958e-05,2.2780031010862692e-07,1.273221413243011e-06,1.0750912898937983e-05,0.01193290569536667,0
0.8562509312026808,0.13256478338116207,1.9331642646930315e-05,2.1094558419478805e-07,1.2458256690625867e-06,1.0708718638931598e-05,0.011152788283617843,0
0.8301813489791969,0.15914985545484941,1.5759930534406358e-05,2.417379857420773e-07,1.3994416313125805e-05,1.029112891164898e-05,0.010628508352208493,0
0.8291754680317837,0.16335775232607777,2.0092187936497257e-05,2.1491728202038396e-07,1.3397342895613934e-05,9.719594852018408e-06,0.007423355599172349,0
0.4044193191368323,0.5836023384209642,9.216501641544372e-06,1.2143519693970142e-07,7.282506054348185e-06,6.57133670181658e-06,0.011955150662608851,1
0.3672670246021231,0.6124364831862333,1.0493839597443232e-05,1.5764333507285717e-07,8.179078546817792e-06,6.6066550152724886e-06,0.020271054995148932,1
0.405704893610571,0.5710872811003789,1.1592116341126298e-05,1.7414215870165935e-07,9.16043338906395e-06,6.900599866493613e-06,0.02317999799729474,1
0.4504197580666496,0.5440495661743788,1.65221848225986e-05,1.8932697495607266e-07,1.3185645687670718e-05,9.817070993632633e-06,0.005490961530492744,1
0.8458823920630377,0.15408291191154852,1.4019147780987935e-05,1.470001796363143e-07,7.5552218988043015e-06,1.0668395637842615e-05,2.3062599166082714e-06,0
0.7414124128321345,0.25854102014458785,1.611987942440764e-05,1.4650115336600007e-07,8.700210660233516e-06,1.2764994261466481e-05,8.835437778158684e-06,0
0.6323315850612187,0.36761742649539403,2.3337102579679448e-05,1.552354719326249e-07,7.041966483310801e-06,1.1283429510953476e-05,9.170709341622831e-06,0
0.5858504032432342,0.4140896016338795,2.6584357552134803e-05,1.9035877577732404e-07,1.0297739678091599e-05,1.197058979765971e-05,1.0952077082701998e-05,0
0.6382686008676521,0.36166131617967673,2.6672551402598262e-05,1.4094207527103352e-07,7.634376688430424e-06,1.2984891881282181e-05,2.265019062349444e-05,1
0.6206364240493084,0.3516704185128225,2.5935721889306112e-05,1.3704854895790307e-07,6.826631873844971e-06,1.1722578975864643e-05,0.027648535456581164,1
0.518405949124306,0.4815044649303574,2.6376138431452238e-05,1.6634709974838682e-07,1.0214812149925662e-05,1.5452261099325676e-05,3.7376386556076376e-05,0
0.5605159684388527,0.43922921227443645,2.4832122166550434e-05,1.69830654027887e-07,1.0428725423033444e-05,1.551655776705221e-05,0.00020387205070016484,0
0.6955241367909296,0.3040302514128909,2.059333801805989e-05,1.7783357965152327e-07,1.0920157987946942e-05,1.709753401567679e-05,0.00039682293257815025,0
0.7038167924201923,0.29556537364221824,2.0406886827765795e-05,1.769385795772912e-07,1.1084787581011293e-05,1.7011485620074552e-05,0.0005691538389809857,0
0.6257332203253213,0.37353614724189776,2.7322160026315604e-05,1.864067249733241e-07,9.86100524456971e-06,1.6924443397628336e-05,0.0006763384173875443,1
0.6199684844973127,0.37929584303792896,3.439857982440163e-05,1.8586699677775845e-07,9.832453363901906e-06,1.6875439804559142e-05,0.0006743801247687532,1
0.6404592627992867,0.3588271928562563,3.3410477414884725e-05,3.366548337440502e-07,9.550015225178453e-06,1.5238704113716738e-05,0.0006550084928695318,1
0.5858756267475232,0.41363752344960264,2.2463989741992392e-05,1.7458258665145243e-07,1.493048080711567e-05,1.4441074295170953e-05,0.0004348396754429384,0
0.6593566093017305,0.3395798273719316,2.713438467258196e-05,2.4229799239387483e-07,1.4525609991284001e-05,1.804896074240685e-05,0.001003612072939377,1
0.6905578536440613,0.30822580147775264,2.523838819052855e-05,2.9331388866078887e-07,1.5212972641731107e-05,1.8903050966580625e-05,0.0011566971524984663,0
0.7547816853629382,0.24397001299835774,2.3184899064918522e-05,2.058934521191137e-07,1.2573197566512713e-05,1.5439530434755654e-05,0.0011968981181857009,0
0.7576442992975089,0.2409420880288549,2.2499925218278117e-05,2.180491110586601e-07,1.2152422131146287e-05,1.3948363520467669e-05,0.001364793913655395,0
0.10204857486335046,0.8944261940330857,1.4942599486040665e-05,1.0362296867554561e-07,0.003497883964317736,1.0153470593711234e-05,2.1474461979074604e-06,1
0.17254314337555907,0.814367775612049,0.00014037508088302896,1.8508051340409927e-07,0.009324176654341418,0.0036214659670713717,2.878229582730637e-06,1
0.3381864698109917,0.6484368179436873,0.0006850518975027089,3.002289583477145e-07,0.011602956266294125,0.0010790319906714436,9.371861894207632e-06,1
0.3756269884308578,0.6056830189837042,0.0008714647177669147,3.011875127420265e-07,0.016976478625189435,0.0008314688718670383,1.02791831019516e-05,1
0.09675266484853565,0.8986711099440271,1.4727465289820804e-05,1.232195663998123e-07,0.004546275086020862,1.0942004761401734e-05,4.1574317986997895e-06,1
0.08739586130605106,0.9061535971844841,2.0178056610781156e-05,1.4433330292717924e-07,0.006414853599289629,1.2065055622258534e-05,3.3004646393324644e-06,1
0.09046528482152207,0.9030617587376436,2.0835039836828277e-05,1.3439814822362063e-07,0.006436317871373398,1.2555215356440747e-05,3.1139161193906127e-06,1
0.07337871525535401,0.9223152138945655,1.5868340520981822e-05,1.1238363181035344e-07,0.004278146072705141,9.406655051186373e-06,2.53739817137975e-06,1
0.06389833455230437,0.9338239091949027,1.948738540149192e-05,1.2870783475282586e-07,0.002244485684764131,1.0748508689888263e-05,2.9059661027432704e-06,1
0.06835511172073991,0.930684306153358,2.2887866405175227e-05,1.511669044579227e-07,0.0009204000432570849,1.3730002250582578e-05,3.413047084934425e-06,1
0.10914528048149974,0.8905968784499245,2.5006113948842374e-05,1.6515723970294835e-07,0.00021483257713405786,1.4108299312817359e-05,3.7289209403693705e-06,1
0.22469894835242576,0.7752211633142819,2.6887392716976172e-05,1.7830252358126487e-07,3.367723100145253e-05,1.3088822388466024e-05,6.056584661619265e-06,1
0.4647319035599448,0.5352147085530822,1.5094501327236956e-05,1.3440139284376298e-07,1.1314528129811568e-05,1.082711691310257e-05,1.6017339210135152e-05,1
0.39698192143823163,0.6018409428161884,2.2629086110584906e-05,1.6773892993544018e-07,1.4438910204587971e-05,1.1790042450634957e-05,0.0011281099678841092,1
0.8487385695780245,0.14296851444833752,1.2328876604807278e-05,1.8924243380478358e-07,1.004880819327676e-05,1.1819705043809288e-05,0.008258529341362284,0
0.7932809538626125,0.02663784811997657,3.792423176280929e-05,2.485358818888442e-07,1.632175683907774e-05,1.542470613789415e-05,0.18001127878678916,0
0.6728232101318296,0.031240364003523674,3.582336783264237e-05,2.1857255782854522e-07,1.44058983688871e-05,1.3565113611325654e-05,0.295872412912276,0
0.7418425085653697,0.020085357344644995,4.07763384810334e-05,2.5286881548114156e-07,1.6103578883509455e-05,1.569361792185172e-05,0.23799930768588345,0
0.020835886475107045,0.0008798633432506059,1.866401929498108e-06,1.2073273221228496e-08,1.0730673765594045e-06,6.877833116603592e-07,0.9782806108557514,6
0.0015547564718844875,0.00035048956366046146,2.1892477952149537e-07,2.128170904998271e-09,2.1463789412439434e-07,1.1801052006322421e-07,0.9980942002630905,6
0.011304744118559267,0.0003958854751681247,1.211682511827372e-06,5.23503006124017e-09,8.737701986660327e-07,5.662946960535048e-07,0.9882967134238361,6
0.8386007331652132,0.15015313359377616,1.579071806522754e-05,2.420988674149738e-07,1.0307668143366034e-05,1.0311232962733497e-05,0.011209481522971859,0
0.7779700007654753,0.20969067513384632,1.7746281721002666e-05,2.090018186289998e-07,1.328835584854758e-05,9.644959019424972e-06,0.012298435502270898,0
0.7825777140641849,0.20859484253044114,1.78513883166401e-05,2.1023968186049173e-07,1.3569441634921789e-05,1.0138716192774484e-05,0.008785673619547851,0
0.6858373483350854,0.3037443648450563,1.7343804627574482e-05,2.19302840828333e-07,1.5207831247456767e-05,1.1527425868943776e-05,0.010373988455273458,0
0.625264877437809,0.36476450276879596,1.4941576377837783e-05,1.9993423254823378e-07,1.4280995846769387e-05,1.0354032122195841e-05,0.009930843254815728,1
0.5809967598100313,0.4074181628344862,1.3883727961101249e-05,1.8577909215312177e-07,1.0131020095874434e-05,9.76528486683473e-06,0.011551111543466592,1
0.37737673147382056,0.6127349689078614,9.663118111770478e-06,1.3303603934897721e-07,7.207407288919421e-06,6.9407853209840674e-06,0.009864355271557244,1
0.31018923136806936,0.6772265287286372,9.78003258708116e-06,1.556307562592591e-07,9.644585364652354e-06,7.0018605183182285e-06,0.012557657794067208,1
0.3500759677370393,0.6330893317272742,9.910217135827124e-06,1.1415430789703575e-50,1.047449566992146e-05,6.829447499292156e-06,0.016807486375381438,1
0.4775780606583417,0.499914615951044,2.356927351267421e-05,2.8804377352486635e-07,2.3597880223468947e-05,1.7501733630293827e-05,0.022442366459474384,1
0.4537562171746376,0.517475375932149,2.056921922363966e-05,2.943924140937645e-07,2.2976358387366728e-05,1.788748130604333e-05,0.02870667944188221,1
0.3476692883397698,0.6399222279915852,1.508639705652557e-05,1.8897040259115862e-07,1.6317343380787952e-05,1.4634151723365543e-05,0.012362256806081655,1
0.199125075177815,0.7948995783083032,1.3624161120478664e-05,4.579004051357442e-08,1.3178909580257206e-05,1.0755101043501585e-05,0.005937742552097292,1
0.3018988817401066,0.6918828940071126,1.5520095956998454e-05,5.744747266350572e-08,1.6464231422693678e-05,1.349318249689334e-05,0.0061726892954317054,1
0.2665667286485096,0.7294866770676128,1.4361896476669529e-05,5.31604094153512e-08,1.5235575083801627e-05,1.2486243042447616e-05,0.0039044574088653657,1
0.3789339481193655,0.6206901561601161,1.2089507583747573e-05,2.449418784460643e-07,9.959216823209453e-06,8.711723603822745e-06,0.00034489033062924754,1
0.30188046978637134,0.6978172712006036,1.5704186744090295e-05,2.2213879851710907e-07,1.715764534059355e-05,1.1685231297960527e-05,0.00025748981084390023,1
0.3202859047818224,0.6794791280458173,1.6661659708404016e-05,2.356824412011407e-07,1.766426472610853e-05,1.2397671440953608e-05,0.00018800789404361032,1
0.7102468119191774,0.2897049543290581,2.409457420568684e-05,1.581308686128352e-07,6.308277022384668e-06,1.4481032776014017e-05,3.1917368917925606e-06,0
0.7365054262557378,0.26345155347287963,2.022173886029493e-05,1.479517761490215e-07,6.056787659482893e-06,1.3529299794812456e-05,3.0644932918969477e-06,0
0.8339821632932919,0.1659843124492756,1.3024879290758015e-05,1.3657460677312378e-07,7.019389108678252e-06,1.1200719485385259e-05,2.1426949409630613e-06,0
0.8397407434735752,0.16022481241640424,1.391735977830286e-05,1.4593286406811553e-07,7.500366143024e-06,1.0590936244390551e-05,2.289514990721795e-06,0
0.5957629296924075,0.4041652892548149,2.4498012035803935e-05,1.8579652657459974e-07,1.0050938056026155e-05,1.272402743524469e-05,2.4322278724052995e-05,0
0.5858413536482748,0.4140832052174037,2.62242474532905e-05,1.9044339567749217e-07,1.029758060954344e-05,1.3036265616413374e-05,2.569259724628617e-05,1
0.585840778871853,0.4140827989550913,2.6583920823357976e-05,1.9044320883104842e-07,1.0297570506455804e-05,1.3657666477860081e-05,2.569257203895142e-05,1
0.5146973506062248,0.48521960846925866,2.5960974694863437e-05,1.6372877547465998e-07,1.1329847677645397e-05,1.4004697720023774e-05,3.1581675648652066e-05,0
0.5146974982271735,0.4852197476356618,2.5960982140760936e-05,1.6372882243390148e-07,1.1043039758185175e-05,1.4004701736727498e-05,3.1581684706629375e-05,0
0.5389696051315332,0.46094439431211237,2.5249886634668366e-05,1.592441373314925e-07,9.778643278293374e-06,1.4792455007060985e-05,3.602032729693589e-05,0
0.5771356336340799,0.42261458523454043,1.9582805653820892e-05,1.6910713678302187e-07,1.0384296678831061e-05,1.6641412553586225e-05,0.00020300350935660151,0
0.6955228302051784,0.30402968027297866,2.225509400302663e-05,1.7783324557998073e-07,1.0920137473744669e-05,1.7314269999264348e-05,0.0003968221871213615,0
0.7002810274588198,0.2990921001232911,2.231678581068508e-05,1.7904983491965084e-07,1.1217052783180551e-05,1.7214468994207312e-05,0.0005759450604661124,0
0.6271726228305016,0.37211720781758073,3.320888821990426e-05,1.7943869634359995e-07,9.432870150546988e-06,1.629179451570792e-05,0.0006510563603350787,0
0.6618548526290539,0.3374732078942815,2.5127324063007428e-05,1.714323531308384e-07,9.068853784937447e-06,1.5564873839719648e-05,0.0006220069926239322,0
0.6298712196082837,0.3693776738708036,2.7391689817178743e-05,1.8763944024114696e-07,9.926216474061573e-06,1.7036365431442543e-05,0.0006965646097497208,1
0.660346386335081,0.3389132555449144,2.6999712307323473e-05,1.8495430321501745e-07,9.784171436250624e-06,1.679257353165938e-05,0.0006865967084261675,1
0.6145815918548926,0.3845800534626687,2.8509311332784742e-05,3.925959456018272e-07,1.1136917940977117e-05,1.6791202821215212e-05,0.0007815246543980688,1
0.6578089671818598,0.34112263741389925,2.7257664083728e-05,2.433988227309035e-07,1.4591604067356489e-05,1.813096242694736e-05,0.001008171774840264,0
0.7548210065792738,0.24398272289559894,2.3873811024321692e-05,2.3799764947442242e-07,1.2573852581639778e-05,1.544033477477624e-05,0.0011441445290969509,0
0.804774141885447,0.1940060592420919,1.9704276439039953e-05,1.909561885164153e-07,1.2407613831483957e-05,1.2566564734881364e-05,0.001174929461267017,0
0.6647667306035789,0.3302394638421944,3.918945842338142e-05,2.0919470363746913e-07,2.6906596152306102e-05,1.8179786288719254e-05,0.004909320518658871,0
0.15076926676620683,0.8416495614388548,2.033117207088478e-05,1.5423685483193928e-07,0.007542844467714961,1.472714561373705e-05,3.1147726841142654e-06,1
0.1025877260910031,0.8938476732227002,1.4932934513322292e-05,1.2099145310263305e-07,0.003537253799853517,1.0146903261408932e-05,2.1460572154257747e-06,1
0.10391417508250336,0.8934572083075774,2.012130070949961e-05,1.085279743069393e-07,0.0025955035990743113,1.0634086340170707e-05,2.2490958208480243e-06,1
0.587903822105343,0.40272334842013197,0.0006796686067880674,2.489448134231556e-07,0.006380740180242006,0.0023086376480453436,3.534094636148889e-06,1
0.07680124644948486,0.8694832287656661,1.2745794386117729e-05,1.0561440586663542e-07,0.05369082093974114,9.562837641028665e-06,2.289598674914984e-06,1
0.09317075199913,0.9030302968116172,1.8402471432225205e-05,1.288723994068928e-07,0.003765778415630398,1.1731748146702359e-05,2.9096816442823425e-06,1
0.3601793348998405,0.6397496984872957,1.506985841746008e-05,1.228607165037219e-07,9.242575266148249e-06,8.835476328410615e-06,3.7695842135474965e-05,1
0.3827482254096402,0.6167236805559894,1.927228314171375e-05,1.545010287921731e-07,1.1622815070150909e-05,1.1110875969594224e-05,0.00048593355916020666,1
0.5112645149929578,0.485565452096702,3.112568553288102e-05,2.39421440556339e-07,1.9599124979021523e-05,1.7171887673628422e-05,0.0031018967907140652,1
0.6548756362961882,0.3450277432435157,2.3342627470379015e-05,1.9299019656804807e-07,1.6860715035961943e-05,1.2519314791064558e-05,4.370481280237139e-05,1
0.017524649961832204,0.0007921042349835574,1.3844273106555088e-06,1.0154590127392437e-08,8.562426589699963e-07,5.784808724523265e-07,0.9816804164977521,6
0.005226645261860098,0.0005139072690455765,5.446251213251489e-07,6.044367495248576e-09,7.118009049595908e-07,3.591016372539174e-07,0.9942578258970632,6
0.011302007613690443,0.0006378565890300198,1.2113892035438488e-06,5.2337628335080985e-09,8.735586877837159e-07,5.661576148266599e-07,0.9880574794580105,6
0.014603701155156523,0.00044995630101866475,1.2075716064233467e-06,5.217269044506067e-09,8.708057367739854e-07,5.643734139490314e-07,0.9849436945757987,6
0.01690062072624029,0.0004883849301431499,1.655588019241553e-06,6.458205595116332e-09,1.0779284015293821e-06,6.986106157470756e-07,0.9826075557583746,6
0.8469036516144939,0.14545677743710156,1.4960769640188065e-05,2.1086317913487453e-07,9.999442397010547e-06,1.0777473727388076e-05,0.007603622399460798,0
0.8476938704825118,0.1436201654007822,1.937692560895486e-05,2.0726643603721706e-07,9.06857878441923e-06,1.160312993590696e-05,0.008645708215940805,0
0.8412274789034503,0.15089886444435055,2.0103556871139835e-05,2.1503889050526243e-07,1.0044340782264072e-05,1.2038245243710377e-05,0.007831255470411745,0
0.6655987751575521,0.32334118919984584,1.6724668290902802e-05,2.2379390465956465e-07,1.5519269715873105e-05,1.1763493970896648e-05,0.011015804416719933,0
0.30258238159399736,0.6931602976185357,1.547825232757968e-05,5.72925889073849e-08,2.0376022979173725e-05,1.3456803615625833e-05,0.004207952415955625,1
0.31441917785950413,0.6850911544610518,1.53549206373843e-05,1.9858304738804457e-07,1.5696925289034717e-05,1.106478685131522e-05,0.0004473524636188259,1
0.8265649467386806,0.17339657634711056,1.369899202021743e-05,1.5075107626665106e-07,7.382683036058166e-06,1.0213601440779032e-05,7.030886635331919e-06,0
0.5663126038931162,0.4336142747351814,2.3778922029440813e-05,1.8409505342826736e-07,9.95431553691751e-06,1.3567784581579681e-05,2.5636254501002947e-05,1
0.520573564411832,0.4793362527496966,2.6257366812929128e-05,1.655980395959658e-07,1.1169113097811689e-05,1.538267964541504e-05,3.7208080875646776e-05,0
0.5411271096626363,0.45878729224165427,2.513172361238072e-05,1.5849891542927442e-07,9.732881724574183e-06,1.472323009464936e-05,3.5851761362411965e-05,0
0.5860915285356,0.41349041940409625,2.0824498754085008e-05,1.658300964198837e-07,1.0183064726077975e-05,1.631892716547568e-05,0.00037055973956167326,0
0.6954094174927492,0.3039801048612146,2.2251465063088735e-05,1.7780424789670502e-07,1.0918356824199878e-05,1.7094713959550568e-05,0.000560035305941519,0
0.6602573170418732,0.3390675689653268,2.5246035789948843e-05,1.72242269484954e-07,9.111698748909319e-06,1.5638408651803306e-05,0.0006249456073398838,0
0.6922600297370943,0.3069919261837759,2.7280007315349023e-05,1.8687438915200543e-07,9.88574490414655e-06,1.6966904075601854e-05,0.0006937245484456502,1
0.6922608816770098,0.30699230398787325,2.6049376283629717e-05,1.8687461913170158e-07,9.88575707018289e-06,1.6966924956170145e-05,0.000693725402187897,1
0.6347662765680001,0.3642955685287415,2.5245666168129563e-05,2.3864125390499516e-07,1.430639085288009e-05,1.777656752619007e-05,0.0008805876374572817,0
0.7452486288501786,0.25350839534553093,2.4805902039825986e-05,2.4728965025972866e-07,1.306476603528495e-05,1.604316258912418e-05,0.0011888146839760035,0
0.8025663252867358,0.19617767128759703,1.9650219746207118e-05,1.9043231949442426e-07,1.2373574795757273e-05,1.2198631444408655e-05,0.0012115905673611856,0
0.8341993977279245,0.1644492648783442,1.8486057700522165e-05,1.79150304255386e-07,1.1640511942887903e-05,1.1789635691777909e-05,0.0013092420380918723,0
0.8352223266248567,0.16198649366489032,1.8508726048957473e-05,1.793699855733253e-07,9.99673776133056e-06,1.1771488274406255e-05,0.002750723388182328,0
0.7968645353326346,0.1988302904196713,2.0907910519967086e-05,1.8546361294867766e-07,1.111842521950274e-05,1.428642460333139e-05,0.004258676023738398,0
0.1004404866575677,0.8929380392557877,1.6004148667149556e-05,1.5018126468564685e-07,0.006592118525336601,1.0896611760523575e-05,2.304619615454767e-06,1
0.12254985483319152,0.8690659482769404,1.701092523356485e-05,1.424506223161025e-07,0.008350986343568087,1.3649619988526705e-05,2.407550455835397e-06,1
0.14052856782018208,0.8473456647629746,1.869449833866569e-05,1.6394490269126215e-07,0.012088222023781509,1.570920213901207e-05,2.9777476818635784e-06,1
0.15299701220253292,0.8371318984694958,0.00012381505647618402,1.6986037780152865e-07,0.008631193242881802,0.0011108904751218481,5.0206931137566824e-06,1
0.2756480304536983,0.7151469009201297,0.0003030599209521469,2.985111220940772e-07,0.007914033783727988,0.000983662034587832,4.0143757818970386e-06,1
0.08693156694384639,0.9055590498141534,1.691869388065183e-05,1.3435801094195458e-07,0.007477315749555446,1.171134962297363e-05,3.3030909300170157e-06,1
0.08871504708593822,0.9087858074850854,2.2219313639939475e-05,1.6480830293432108e-07,0.0024603456280933413,1.314744561368285e-05,3.2682333263426916e-06,1
0.11394816309732818,0.8857884036131739,2.325735800883786e-05,1.7250783558330247e-07,0.00022162284952759436,1.5137398526800891e-05,3.2431755991433445e-06,1
0.14293852630161666,0.856984158546093,2.2223168083340642e-05,1.5039581858521977e-07,3.740733002251794e-05,1.4049686814909293e-05,3.4845715508091676e-06,1
0.16344780243927282,0.8364688914739208,2.5332424188570043e-05,1.6082203073776976e-07,3.9988922984390276e-05,1.4097777618768435e-05,3.726139983969363e-06,1
0.14713078519847336,0.8528025631116488,2.4901906919635315e-05,1.6222936209099697e-07,2.4066548350861893e-05,1.3858189939622443e-05,3.662815305777263e-06,1
0.18059394510354324,0.819342479244446,2.6438196423288262e-05,1.7526973355180935e-07,1.9566929757012644e-05,1.2245975822372363e-05,5.14928027440626e-06,1
0.16202833035644137,0.8379139880158595,2.2918034473985264e-05,2.56134010509726e-07,1.6237911617854596e-05,1.3249786878773752e-05,5.019760717991716e-06,1
0.33927491668641185,0.6602131802324975,2.2113249837698273e-05,1.5129118923646462e-07,1.2263431335972708e-05,1.0874341138713967e-05,0.0004665007675890841,1
0.3286315524943858,0.6708891322701191,2.053414955852843e-05,1.4775466376875398e-07,1.1567763537155344e-05,1.0620146663968134e-05,0.0004364454210717961,1
0.8371420869458964,0.14439021014961764,1.725645733612536e-05,5.599210456400481e-46,1.1228456283947737e-05,1.4269449615411674e-05,0.018424948541250402,1
0.6119038798535817,0.38790700745940715,1.7784200259259314e-05,1.8687655261497247e-07,1.1808830316700215e-05,1.4557009197120558e-05,0.00014477577068543337,1
0.6548747073715504,0.34502725383033,1.822975866175225e-05,2.077008515400114e-07,1.6860691119461252e-05,1.2519297032731046e-05,5.022135045423738e-05,1
0.6331738798946678,0.36672493307592313,1.9143435499764644e-05,2.124637656854048e-07,1.729898416832533e-05,1.3159139287196186e-05,5.137300668821852e-05,1
0.6812909749742645,0.3186165810668531,2.1052742078423864e-05,2.0722685733143165e-07,1.471351250414406e-05,9.936151813669267e-06,4.65343256289848e-05,1
0.860841474069015,0.13814530214179124,1.1834553010748287e-05,1.678150496244162e-07,1.0878521584528818e-05,9.58567105035675e-06,0.0009807572284984834,0
0.9181822334523368,0.08002464387853678,1.3604596157380232e-05,1.523832205110467e-07,9.691423470328308e-06,1.0301381592775873e-05,0.0017593728846852794,0
0.9238659592366825,0.07378428126789428,1.37874306817927e-05,1.424627878004374e-07,8.88797022112718e-06,9.827278515261438e-06,0.0023171143532169105,0
0.700073094478197,0.029825362328091076,4.0786925576789283e-05,2.4885718983568195e-07,1.670493628940313e-05,1.544464724507786e-05,0.27002835782741064,0
0.02090006419167499,0.0009750124573040992,2.102202871820516e-06,1.3378886484399131e-08,1.8865617090533144e-06,7.621607400045038e-07,0.9781201590468135,6
0.05009588149880203,0.0015447096229792802,8.059282106797377e-06,1.9967903863762072e-08,5.264699513272446e-06,1.8874872298311048e-06,0.948344177441465,6
0.03348581560401579,0.0010657750082373842,5.560515274834015e-06,1.3776888929997848e-08,3.6323883037016315e-06,1.3022749958929896e-06,0.9654379004322835,6
0.0015720667232350185,0.00028099803284370586,2.1877589095178546e-07,2.428022197719292e-09,2.1781641480680358e-07,1.370938801526034e-07,0.9981463591297133,6
0.0012682250970501591,0.00023377731958114885,1.800283401126678e-07,2.0344417595201805e-09,2.2961738840510885e-07,1.1870269871001466e-07,0.9984974672004997,6
0.00556719349608118,0.000547391503053944,5.273676924854377e-07,7.445114522034676e-09,7.399031165460949e-07,3.8249932780795374e-07,0.9938837577856136,6
0.010268339032344599,0.0004519359298506819,1.2128844413884066e-06,5.24022295403353e-09,8.848161478872462e-07,5.668564325882817e-07,0.9892770552405599,6
0.8024497214161459,0.18787580923034708,1.432567360116173e-05,2.0191187695819214e-07,9.574958469275022e-06,1.0319961778498222e-05,0.00964004684778121,0
0.8129933485780955,0.17536912647979064,1.8668221771127105e-05,2.1199349688662127e-07,1.3705439864286052e-05,1.0146025898764155e-05,0.011594793261082854,0
0.7873811105662059,0.20137871654791364,1.7943299596947278e-05,2.113221409941133e-07,1.3416593280101358e-05,9.75203662415673e-06,0.011198849634238417,0
0.3399138253056524,0.6449396801792474,1.1908645838321628e-05,1.7921635220572875e-07,1.50566232252192e-05,1.1327284305373975e-05,0.015108022745379064,1
0.3539213297544426,0.6218779022909796,1.445438332204501e-05,2.3746724684846222e-07,1.7894364118294142e-05,1.2090299074281561e-05,0.024156091440816343,1
0.4512450087936447,0.5193507668486091,1.989216762855947e-05,2.847022624465586e-07,2.041347820929389e-05,1.729870116720825e-05,0.02934633530847848,1
0.3646234590948704,0.6123619796587415,1.5112871255143945e-05,1.8930201523216547e-07,2.5012321724521102e-05,1.1930309394402784e-05,0.022962316441998903,1
0.41349986031743674,0.5859770840981534,1.4392166445716895e-05,5.0394362318897195e-08,1.471272739083688e-05,1.0371024234589329e-05,0.0004835292719762672,1
0.7239725352336628,0.2759756189098675,2.5893853698361647e-05,1.801543365929024e-07,6.779352102757306e-06,1.556241421418378e-05,3.430082117833557e-06,0
0.7307452448023486,0.2691883294729273,2.1125181000989853e-05,1.6674580349203292e-07,7.312363430602329e-06,1.4404134318918988e-05,2.3417300170325986e-05,0
0.6667115632160174,0.3332164956035833,2.4693831291183942e-05,1.907017489019663e-07,1.0338516131075679e-05,1.3116190309886322e-05,2.3601940918138254e-05,0
0.6408934594849578,0.3590358085863581,2.3898149160165648e-05,1.8464186944859092e-07,9.983882758336977e-06,1.3823813328184677e-05,2.284144156813999e-05,0
0.5309100546731529,0.4690072816493348,2.7661470048156964e-05,2.0515477139449628e-07,1.088600182676754e-05,1.5851574692182055e-05,2.8059476173918086e-05,1
0.6571909814352841,0.3144578014832248,1.9584462722958685e-05,1.2582447661143696e-07,7.601821262481932e-06,1.1131044025328846e-05,0.02831277392900383,0
0.6821625826342145,0.2915508229047166,1.798363689835188e-05,1.3011777522856473e-07,7.048059339591274e-06,1.1129748602804852e-05,0.02625030289845307,0
0.5661480245425947,0.4337614177474371,2.6293777233542026e-05,1.6582767017230338e-07,1.1184601021968812e-05,1.54040104147962e-05,3.7509493627765944e-05,0
0.5410429493045146,0.4587159380216803,2.512781492841042e-05,1.58474264427234e-07,9.731367990006335e-06,1.585566638885013e-05,0.00019023935023341029,0
0.5623723862371971,0.43722788554010283,1.9898749890360892e-05,1.584581531551339e-07,9.730378651338886e-06,1.5854054423926724e-05,0.0003540865815811556,0
0.6954101350728333,0.3039804185326486,2.2251488023962964e-05,1.7780443136961172e-07,1.0918368090649843e-05,1.7094731599268945e-05,0.0005590040023727312,0
0.7233135794708401,0.2759802056277452,2.411976109737917e-05,1.6615559263528485e-07,8.789710621360928e-06,1.5085780425345156e-05,0.0006580534936781509,0
0.7181748753164755,0.28108885768002245,2.519614139357843e-05,1.8075363015399555e-07,9.561953814588167e-06,1.6082973554468656e-05,0.0006852451811093727,1
0.7181748753164755,0.28108885768002245,2.519614139357843e-05,1.8075363015399555e-07,9.561953814588167e-06,1.6082973554468656e-05,0.0006852451811093727,1
0.7220472240064274,0.27721576401599873,2.515065542537703e-05,1.8707095416177004e-07,9.586864123353736e-06,1.5057040568385167e-05,0.0006870303465026123,1
0.5810895239093892,0.4184153841367517,2.596173468510226e-05,1.763662127992222e-07,1.508301833377927e-05,1.4588611791371425e-05,0.00043928222283603157,0
0.8293903231494982,0.16582010902055078,1.8379487460379294e-05,1.7811752099486284e-07,9.926934778929548e-06,1.339284487550235e-05,0.004747690445314915,0
0.8309496922897863,0.1646308673567395,2.145660181959887e-05,1.9033077892999525e-07,1.141020871349281e-05,1.5945734310777976e-05,0.0043704374778513804,0
0.7657928032851168,0.23041910195378248,2.2526158724222372e-05,1.9981828307806594e-07,1.1489913129102253e-05,1.674058851811132e-05,0.003737138282446237,0
0.7170155725564431,0.2747405988393721,3.840776204156611e-05,2.679286553556701e-07,2.4434986361602815e-05,2.115398645886579e-05,0.00815956394066741,0
0.12930525283255442,0.862728229306877,7.511625917758256e-05,1.513896472365161e-07,0.007729649729714304,0.00015885077670934632,2.7497053199977727e-06,1
0.35228168940296917,0.6297941180614258,0.0005613203051886023,2.721524487620435e-07,0.01500486643890904,0.002353782943154346,3.950695904114683e-06,1
0.19037933832042883,0.803592725782551,0.00019788701863512602,2.3836613606062566e-07,0.004919853514007533,0.0009067514518713805,3.2055463699760623e-06,1
0.15474570237798563,0.839723778108279,0.00016515256074244982,1.7925627242946027e-07,0.004387123936817251,0.0009747966992670688,3.2670606363442807e-06,1
0.14431018111847363,0.8417715202370473,2.136427475671527e-05,1.4809447143103243e-07,0.013880677970801057,1.3409187640720453e-05,2.6991168092203505e-06,1
0.04593469276562628,0.9483799886392629,1.550613313354924e-05,1.0344988008886436e-07,0.0056584949110818,9.02196171022452e-06,2.1921393051379634e-06,1
0.061070156739988384,0.9348553535892484,2.0102762486549856e-05,1.5116760919084463e-07,0.004038228684279726,1.3009325026741932e-05,2.9977313607673872e-06,1
0.601901834514159,0.3975154913358642,2.2173126976848286e-05,2.0513713178462813e-07,2.0782200559720197e-05,1.3426528723559097e-05,0.0005260871565848237,1
0.5691123518266884,0.42977697559369504,2.584990228456649e-05,2.110803903180861e-07,2.1384305062917934e-05,1.3815523786114566e-05,0.0010494117680927778,1
0.8001066641435637,0.19360925023175554,2.6427232736556037e-05,2.321831397469606e-07,1.6409075836190963e-05,1.6344698423069258e-05,0.006224672434544981,1
0.6624433604933742,0.3374619715922716,1.990171309557792e-05,2.1643975243789552e-07,1.5359594236915476e-05,1.0612483351276803e-05,4.857768391798997e-05,1
0.8266601350223748,0.17276257853297383,1.576692229097981e-05,1.8187463966831833e-07,1.4816153884185744e-05,9.401027913658354e-06,0.0005371204659227945,0
0.8266666078230371,0.17276393127479042,1.5767045746969428e-05,1.6908283045301109e-07,1.4816269895599154e-05,9.401101524296062e-06,0.0005293074021749502,0
0.8338787532268944,0.16522291330200678,1.5075122043452584e-05,1.6166277091074427e-07,1.4166070200425533e-05,8.988541994234505e-06,0.0008599420740898671,0
0.8319906378858268,0.16719839057533903,1.5077928357935846e-05,1.612967249398464e-07,1.388436738327196e-05,8.968189630095871e-06,0.0007728797567378823,0
0.8995918959542581,0.09841348312875013,1.4779946233075911e-05,1.6554815592629234e-07,1.0528700459492736e-05,1.1419738874228379e-05,0.0019577269832689423,0
0.8936737703632329,0.10421969863890806,1.3379069170214012e-05,1.4985712357887874e-07,8.640998848944521e-06,1.0337349939891263e-05,0.002074023722776288,0
0.8874112875651043,0.11009675747264705,1.7631087099841077e-05,1.4880698907822275e-07,1.0118149408479599e-05,1.0264910221591718e-05,0.002453792008529576,0
0.8089644320476976,0.1862781322651942,2.7145675099407968e-05,1.811532482206763e-07,1.2317537251994812e-05,1.1242785542647035e-05,0.004706548535965902,0
0.7171480294919789,0.032276591047731645,3.7864573069351943e-05,2.3101788454902814e-07,1.4712034460469882e-05,1.4337499095444147e-05,0.2505082343357797,0
0.7179612563714954,0.02213252988691153,3.396767788065087e-05,2.390573607126711e-07,1.522401668467963e-05,1.483644740175856e-05,0.2598419465422653,0
0.8049591556708823,0.050360768257782365,4.032681006047073e-05,2.838115932708144e-07,1.7887035677016436e-05,1.7613997590447517e-05,0.1446039644164141,0
0.7765134284638802,0.0473333885832953,3.5209318244581297e-05,2.2407992982113779e-07,1.5819667042014535e-05,1.3099080812801051e-05,0.17608883080679527,0
0.1584458430494798,0.008593560409720025,1.7081284493401833e-05,4.232107055120288e-08,9.165473380304668e-06,4.000443950611371e-06,0.8329303070179053,6
0.017536958597018718,0.0006576391863968942,1.9880389259385586e-06,1.0612062825298696e-08,1.4196567732242335e-06,5.558476276886665e-07,0.9818014280611949,6
0.020713389528875092,0.0005775001390148414,2.074920637474982e-06,1.3205256279035753e-08,1.8303108093634023e-06,6.91676113924275e-07,0.9787045002192931,6
0.0015047166239306744,0.00031564957624451547,3.008025200974689e-07,2.2063464635281117e-09,1.9438398029706304e-07,1.2568988124010022e-07,0.9981790107170967,6
0.001587931144512706,0.0003156232638911539,3.0077744538552077e-07,2.2061625438521304e-09,2.1714030015104593e-07,1.223352826281626e-07,0.9980958031324054,6
0.0014382303050633918,0.0002622266265856194,2.37337177647968e-07,2.307158089864461e-09,2.270807296249067e-07,1.2793564906536544e-07,0.9982989484076364,6
0.005398170226116638,0.000554008678756226,5.926384843380001e-07,6.5772301917513124e-09,7.558815515206639e-07,3.9075951823089137e-07,0.9940460752383428,6
0.007478783571347651,0.0006503083340256269,6.891793065609503e-07,8.840827739786864e-09,8.790146730027751e-07,4.5441425240427884e-07,0.991868876645567,6
0.8191336487338771,0.1722389122322459,1.9633690742552992e-05,2.1001293954419803e-07,1.0316950614704434e-05,1.1756883904326633e-05,0.008585521495676034,0
0.8123517035867001,0.17781802440490654,2.3844961761690627e-05,2.1741734591837618e-07,9.85450253160807e-06,1.123360630898309e-05,0.00978512152044517,0
0.7994901663398607,0.18425679646351473,1.8714144502525035e-05,2.4468876586118244e-07,1.3681192938203481e-05,1.0629324082098335e-05,0.01620976784633604,0
0.775509373142887,0.21036148490091688,1.9979622115559046e-05,2.1907200326578854e-07,1.5180450866907166e-05,1.0109675158150444e-05,0.014083653136052284,0
0.5106288369897114,0.47603574402441484,1.6223372962466565e-05,2.3729857377604883e-07,1.8077832400287827e-05,1.5160385403020401e-05,0.013285720096534176,1
0.4358040153741589,0.5448251361809754,1.4082043940266791e-05,2.059774468976335e-07,1.6207610540194162e-05,1.3159360503554257e-05,0.019327193452434954,1
0.34507892307468446,0.6321907367192433,1.4387789326417165e-05,2.1652563644872102e-07,1.7262444748254492e-05,1.3914096002463938e-05,0.022684559350358537,1
0.3338999653424281,0.6602577582047808,1.6055767399405223e-05,1.8769917827579766e-07,1.9541950838371348e-05,9.548678209967322e-06,0.0057969423571648665,1
0.3393075005274034,0.6550763997409994,1.3674115840204223e-05,1.7256771271739786e-07,1.7678954478359684e-05,8.948061877334492e-06,0.005575626031688658,1
0.32057947671924164,0.6762135503483842,1.7845435676893596e-05,6.307481604559907e-08,1.8077007049576946e-05,1.5776938079984334e-05,0.0031552104767517126,1
0.29231686940884144,0.7066798087713986,1.4711109096155829e-05,5.6307264887773876e-08,2.1102911526694517e-05,1.4084166824132465e-05,0.000953367325048272,1
0.732344601762171,0.2676001820213751,2.6645925030671473e-05,1.8538681042708454e-07,6.976254287635284e-06,1.7615347107651825e-05,3.7933032174024638e-06,0
0.7854207330676267,0.21453938083870688,1.8742849957598398e-05,1.491818571044429e-07,5.613832871198781e-06,1.2539853166803196e-05,2.840375813519608e-06,0
0.8087648006957868,0.19119296365322472,1.6336898248970783e-05,1.6713421878690824e-07,8.995186733991596e-06,1.4048883714250076e-05,2.6875480722448052e-06,0
0.8355078192302443,0.16444079220446045,1.4982975615246881e-05,1.648807223438039e-07,8.074649561158048e-06,1.1170905210047251e-05,1.699515418621994e-05,0
0.8184764157251367,0.18147026112369413,1.5643050730620408e-05,1.7214454393830786e-07,8.117112251852389e-06,1.1663039532006978e-05,1.7727804110692686e-05,0
0.5513580480380547,0.44855686540891176,2.726174449836367e-05,1.769168618301361e-07,1.0850733947669157e-05,1.737973886047905e-05,2.9417418865234865e-05,0
0.6586830810632673,0.30749335279746054,1.9675963888602985e-05,1.7847811120619722e-07,8.35693053088966e-06,1.3072887098641992e-05,0.033782281879642787,0
0.6586830810632673,0.30749335279746054,1.9675963888602985e-05,1.7847811120619722e-07,8.35693053088966e-06,1.3072887098641992e-05,0.033782281879642787,0
0.7114589744117813,0.25881430560422625,1.8680166164053004e-05,1.204174254258186e-07,7.350747749862707e-06,1.087448842765222e-05,0.029689694164225587,0
0.5830734046707025,0.4165115743263344,1.912578051043305e-05,1.651605003917707e-07,1.0141947101220936e-05,1.6524637639380868e-05,0.00036906347721155753,0
0.7795664401713042,0.21974801456965642,2.2133860057438465e-05,1.5525963966228486e-07,8.213309477964874e-06,1.3814586609615948e-05,0.0006412282432545974,0
0.6724261873824733,0.32621604537989424,2.727271617630794e-05,2.717171711912452e-07,1.251443867308286e-05,1.4912582025933743e-05,0.0013027957835858171,0
0.6114673095088093,0.3873965868468778,2.1929005544136598e-05,3.028815751380684e-07,1.1511562313182176e-05,1.371752435138887e-05,0.0010886426705288843,0
0.6352026492872211,0.3639500663961495,2.5602139188790542e-05,2.420109082475385e-07,1.450839947994972e-05,1.8027575627178256e-05,0.000788904191425052,0
0.8274698949726738,0.1712992940709795,1.9256082637994494e-05,1.8661269586246757e-07,1.212539004000187e-05,1.1953955640079352e-05,0.001187288915332609,0
0.7894599008358062,0.2067673624774316,2.145321331424464e-05,1.9030072119443668e-07,1.094263608538433e-05,1.5943216101858247e-05,0.003724207320539535,0
0.7328352424642727,0.26285876192011626,3.3398855494999935e-05,4.682732993046253e-07,1.3325953220875409e-05,1.643619561184327e-05,0.004242366337984067,0
0.11844642624896613,0.8642206593461456,1.8081676815855773e-05,1.4650357908760783e-07,0.017299801183763314,1.2286468228389088e-05,2.598572501811033e-06,1
0.12672309607712126,0.8646539019603781,7.39305890344877e-05,1.517275600273619e-07,0.008364416705154589,0.00018174709788754018,2.7558428638499778e-06,1
0.15302761384419064,0.8381406317949184,0.00012522916784564407,1.648321088877157e-07,0.008301396452859534,0.0004009720657121741,3.991842364649861e-06,1
0.16307309805686337,0.8317948423474758,0.0001605891661875333,1.6596937463709313e-07,0.00441351503279567,0.0005543225838531693,3.466843449836919e-06,1
0.08515969249411151,0.9090190859920586,9.275945920546842e-05,1.3396240069365274e-07,0.00561320579148852,0.00011232403345000197,2.7982672850622537e-06,1
0.0905072613141519,0.8918943591330762,1.9334760087122933e-05,1.2728431546281424e-07,0.017563823958637613,1.2434777314914892e-05,2.658772416863776e-06,1
0.08921965073040289,0.8971837604744263,1.9156688928486383e-05,1.280391782131474e-07,0.013561904675825841,1.2508522066336831e-05,2.8908691722229582e-06,1
0.07891401082478315,0.9101305344696982,2.301759643690082e-05,1.520237290725033e-07,0.010914674668417758,1.4178024460028243e-05,3.4323924751412367e-06,1
0.058692298480504605,0.9369145993891136,2.117385690103052e-05,1.4126235977499358e-07,0.004355091137778056,1.3702474308171772e-05,2.9933990347141717e-06,1
0.08154932113029963,0.9145361983062396,2.144214462339525e-05,1.444408782393834e-07,0.0038758224338305267,1.401079117096328e-05,3.060752957714472e-06,1
0.07962083397852743,0.917725518515574,2.1669425581985165e-05,1.7277573707558926e-07,0.0026140838314530077,1.4473260935288864e-05,3.2482121911324607e-06,1
0.09137531491667504,0.9085091118861977,2.0244669547936484e-05,1.5849690764822206e-07,7.634067300563404e-05,1.41917747934647e-05,4.637582872520919e-06,1
0.0892706435601381,0.9106579094820427,2.999193373576063e-05,1.7541359208589876e-07,2.4640074623166012e-05,1.3160994208703236e-05,3.478541659257809e-06,1
0.2922928816766792,0.7076365631684326,2.4921017306040218e-05,2.0798943891666586e-07,2.327431118279573e-05,1.5731800399777566e-05,6.420036560504101e-06,1
0.14235700067135734,0.8575829602630155,2.084668337057185e-05,2.234134963600266e-07,1.3786480861265873e-05,1.1423145174263052e-05,1.3759342724464109e-05,1
0.5509680685630935,0.44789366313376755,2.2088131143141966e-05,3.86935850697794e-07,1.6148135652119012e-05,1.2775647699630285e-05,0.0010868694527931535,1
0.4500379386872442,0.5487493697471276,2.0162876793630956e-05,3.5320959632570486e-07,1.474062551922175e-05,1.1662091684314325e-05,0.0011657727620347437,1
0.7607674806810565,0.23585367256812345,2.4274477620407856e-05,2.3040685528893298e-07,1.9143276868570943e-05,1.618636351473187e-05,0.003319012225961072,1
0.7787892721878948,0.2172475280845957,2.6617398261225555e-05,2.329432349429808e-07,1.8414998565119397e-05,1.637312596201145e-05,0.003901561261486335,1
0.6053444349802317,0.39452289706548327,1.772216441547407e-05,2.0031490817073393e-07,1.1585123377403666e-05,1.4506230622016358e-05,8.86541209619784e-05,1
0.8374769614274921,0.16226682209876642,1.496839552662221e-05,1.726634718289149e-07,1.304721385669587e-05,9.212526096610126e-06,0.00021881567479004253,1
0.8391071673375798,0.15997098148271263,1.5206899185664556e-05,1.626763953847237e-07,1.4003128947287987e-05,9.04490009139825e-06,0.000883433575087948,0
0.8784001841278781,0.12014312055482425,1.625294620513306e-05,1.7860558776173582e-07,1.157801249609027e-05,1.230670862472517e-05,0.0014163790443838778,0
0.9113286653042652,0.08708079615521908,1.3441114879452248e-05,1.5055208908048133e-07,9.57496530607688e-06,1.0385289613459311e-05,0.0015569866186276322,0
0.9146949999371967,0.08178505849159884,2.1052884745856674e-05,1.533821022707845e-07,1.042923478914483e-05,1.0580507805187603e-05,0.003477725561761839,0
0.9025205443241638,0.09044794142835835,2.2311845211719905e-05,1.5134060909977388e-07,1.0290423211485545e-05,9.392544868583433e-06,0.006989368093576984,0
0.9090096959187095,0.08391095350670995,2.24722680927761e-05,1.5242875292213387e-07,1.036441168367192e-05,9.460077566752039e-06,0.007036901388484583,0
0.9022713389150441,0.09264962354962077,2.230568442950927e-05,1.512988206899207e-07,1.0287581803450501e-05,9.389951384145465e-06,0.005036903018897529,0
0.6886780566063693,0.03842494460569566,3.018143551798803e-05,2.4480655980115986e-07,1.6433031279532556e-05,1.5193255866573507e-05,0.27283494625871113,0
0.8216201131298155,0.0441050932007939,4.149937975196587e-05,2.473570144029698e-07,1.7462990154831115e-05,1.8126154135675285e-05,0.13419745778833375,0
0.8491713085686249,0.08692410268845406,4.2072831538150904e-05,2.677608544691525e-07,1.986242760541548e-05,1.56519046740648e-05,0.06382673381824883,0
0.8893265152260328,0.06541876915438966,5.2399863033637506e-05,1.2982737341425112e-07,1.737989361474743e-05,1.3695628928522609e-05,0.04517111040662694,0
0.708920816562691,0.005533829211298806,2.754591243312169e-05,1.7530831133951477e-07,9.449858381352201e-06,9.182447425760739e-06,0.2854990006994586,0
0.5529019102589383,0.00689566213376234,2.7324411846167583e-05,1.7389863235524033e-07,9.373870730437219e-06,9.108610064249504e-06,0.44015644681602617,0
0.06387860654996816,0.003040720310048858,6.694000083717215e-06,3.573227290176177e-08,4.412883972269755e-06,1.87161529773635e-06,0.9330676589083564,6
0.04944718719448859,0.0019250458194910833,6.321673079011887e-06,1.5662754898898092e-08,3.159628528679375e-06,1.4805384710057784e-06,0.9486167894831867,6
0.006809781452738989,0.000611827711841541,8.690990049741182e-07,8.448523826272782e-09,8.315411774995162e-07,4.684843158805426e-07,0.9925762132623972,6
0.7877618061711756,0.20613036828731826,1.865881592270858e-05,1.9958513311250099e-07,9.494728164359992e-06,1.1173117447553376e-05,0.006068299294838238,0
0.7791740530837957,0.21096534926537008,2.6124172547579475e-05,2.603774311171128e-07,1.2867841660549365e-05,1.4604298229333365e-05,0.009806740960965763,0
0.7793294634970412,0.2099997562110833,1.9777915897750702e-05,2.4548028590503774e-07,1.3207486527806314e-05,1.428117066426613e-05,0.01062326823849975,0
0.7698013206770056,0.22138442384647808,1.852859822129521e-05,2.960116411257279e-07,2.0829911263031017e-05,1.4364252765293981e-05,0.008760236702625317,0
0.7058931097061345,0.28272888302646987,1.7612543490581333e-05,2.4540179042333526e-07,1.998864684696623e-05,1.376433018014827e-05,0.01132639634508753,0
0.30668410762903836,0.6708320479479832,1.5306872120833794e-05,2.3035715583611851e-07,1.696254913876248e-05,1.4243267401203143e-05,0.022437101377161633,1
0.3179315144091532,0.6818517729731282,1.7969100993095692e-05,2.3394996261782892e-07,1.806992075602078e-05,1.2306537370273911e-05,0.00016813310863659164,1
0.7272501059959052,0.2726976376043396,2.634171447297383e-05,1.8754539132143134e-07,7.057483417068511e-06,1.4832185325467976e-05,3.837471148404059e-06,0
0.7482011998911215,0.2517439018108305,2.7673091738470957e-05,1.8334487623597272e-07,6.899414667152059e-06,1.6390924705908447e-05,3.751522059837778e-06,0
0.7768369374520511,0.2231077355258485,2.0387661727547086e-05,1.6929470258210885e-07,9.111464270181656e-06,1.3767792221936343e-05,1.1890809178051212e-05,0
0.827073138004695,0.17286347879274547,1.804826724146088e-05,1.7361009384875827e-07,8.502150210049488e-06,1.1379886995604806e-05,2.527928801861833e-05,0
0.5474453598190971,0.45234382655759775,2.6230398638316036e-05,2.030389668905171e-07,1.0773732189854682e-05,1.7256404305501698e-05,0.0001563500492043955,1
0.5870112744344791,0.4124194539723369,2.069919820261304e-05,1.6540058634546204e-07,1.0156689966714244e-05,1.6548658718135432e-05,0.0005217016457098788,0
0.8349022874680957,0.16236085328506808,2.1736357601410553e-05,1.6011245643478313e-07,8.47002581505727e-06,1.4246377239493079e-05,0.0026922463737241507,0
0.8127928893879403,0.18642713063502106,2.195203047972732e-05,1.8283339069102196e-07,1.2909159800831516e-05,1.252884418984228e-05,0.0007324071091773356,0
0.834931156187631,0.16428831989030715,2.360760268383836e-05,1.8285754802923154e-07,1.387932578071712e-05,1.2909481453721904e-05,0.0007299446545955006,0
0.7951312908621775,0.2035363130214844,2.33739773830949e-05,2.3048918593252388e-07,1.5535295586958443e-05,1.589750568405511e-05,0.0012773588484980645,0
0.7731933654174608,0.22586106412745752,2.4128283439534626e-05,2.1489844207994843e-07,1.288302443840957e-05,1.8222672448000087e-05,0.0008901215763137774,0
0.8495362149958338,0.1444258153686925,1.9561415287617813e-05,1.8957170626724283e-07,2.5340990462482804e-05,1.2475453857859306e-05,0.005980402204159702,0
0.7622853075620519,0.23188080753876192,3.305818629996999e-05,2.46097504768886e-07,1.9062060348929858e-05,2.1077365729334985e-05,0.005760441189303209,0
0.7401637902829235,0.2551328559902379,3.2211186995202424e-05,2.5363078221542965e-07,1.625256171184235e-05,2.1902413049725182e-05,0.004632733934299535,0
0.7552731371863703,0.24000314380364285,3.491794904980902e-05,2.3578578997481093e-07,1.4184795655374802e-05,1.8616184975432743e-05,0.0046557642945161655,0
0.7478264610485542,0.2506116611597963,2.5867688409675993e-05,1.8343271763559092e-07,1.7919710893498936e-05,1.4632176368518431e-05,0.001503274783260154,0
0.7626298341258623,0.2357361003760705,2.6620354141023106e-05,1.8877001404900127e-07,1.3571762772287022e-05,1.763943808425829e-05,0.0015760451730555958,0
0.6223650823645679,0.37657161068201034,2.9221236651949807e-05,1.4672209883087595e-07,8.019029843050354e-06,1.1866428050391354e-05,0.001014053536777544,0
0.10776108367625147,0.889672391362719,1.9647253902888067e-05,1.2993995676649603e-07,0.0025343549581164676,1.0196700695993414e-05,2.1961083571134844e-06,1
0.13998686082904996,0.8526962959661653,1.637112012623813e-05,1.4976420301077276e-07,0.007285261207788974,1.2340930452832407e-05,2.7201822137849454e-06,1
0.14984648639510015,0.8452947474859612,0.000160811210162471,1.5701076998224578e-07,0.004175284718296398,0.0005192334676507754,3.2797120592701505e-06,1
0.13517973074128942,0.8596257810028781,0.00015906654108805034,1.6522846871588075e-07,0.0042172066279674405,0.0008147778166666703,3.2720416418412434e-06,1
0.07324951128062171,0.9213831337139057,9.340515255231514e-05,1.2530612780633935e-07,0.005166141124768344,0.00010506597088683231,2.6174511373542635e-06,1
0.1429776429324851,0.849369070323795,1.984196743659406e-05,1.6993714357123183e-07,0.007614463044467285,1.4974953039697166e-05,3.836841632550063e-06,1
0.05413431917466648,0.9343387524751628,2.052918394512891e-05,1.369613945111096e-07,0.011490209968041863,1.2990917302922358e-05,3.061319486038323e-06,1
0.032149063470237965,0.9630736612842556,1.2878327061935671e-05,9.721865922199994e-08,0.004751412159093106,9.221281418476987e-06,3.6662592738898716e-06,1
0.13077121743619774,0.8691584553306485,2.5800332783796664e-05,1.9130557066083457e-07,2.4933724378323492e-05,1.5608182661407518e-05,3.793687759759965e-06,1
0.11669321914418747,0.8832462740071191,2.3958415774424858e-05,1.8760050386027926e-07,1.850398355353695e-05,1.432992862365977e-05,3.5269202378511865e-06,1
0.1702637828761914,0.8296729659417024,2.8991297504932728e-05,2.0810056152814703e-07,1.577928474536256e-05,1.2715874428146932e-05,5.556624866199894e-06,1
0.14120309666386288,0.8587460230877502,2.0429314813565174e-05,2.0161153741826742e-07,1.4251398372282303e-05,1.135081688248061e-05,4.647106781297151e-06,1
0.2268021864636114,0.7731148390363308,2.5007466088251283e-05,2.2649486585847224e-07,1.9379101311390977e-05,1.3510390281380269e-05,2.4851047511207774e-05,1
0.32625150599007163,0.6735937341270153,2.5145346405948093e-05,6.665232388082891e-132,3.415279770592177e-05,1.2497355524170886e-05,8.296438327708238e-05,1
0.4813987803567332,0.5173043996292123,2.156792452931955e-05,1.2622116818279186e-255,1.576782430243101e-05,1.2474763193551265e-05,0.0012470095020291948,1
0.6534731030417182,0.34647462997017076,1.8060837479138294e-05,2.0218057572884495e-07,1.5744031703466465e-05,1.2462339909358381e-05,5.7975984433528245e-06,1
0.8343401105508972,0.16459967975078982,1.5018257522313215e-05,1.6105296649075976e-07,1.3090676104867035e-05,9.199417822893144e-06,0.0010227402938963726,1
0.8466300918013784,0.1530922836742667,1.1449641444236085e-05,1.1199668744321318e-07,9.640636874375302e-06,6.227079510187787e-06,0.0002501951698385606,0
0.9286458313707635,0.07008129033350735,1.3574559193867607e-05,1.408095757918753e-07,8.441067327848174e-06,9.713237683239586e-06,0.0012410086219482072,0
0.9314279166195067,0.0669635469946636,1.81654188600145e-05,1.3234528982669375e-07,7.631238807634976e-06,8.886442458700953e-06,0.0015737209404134477,0
0.9278664186997646,0.024956222326811234,5.310500633008922e-05,1.3157445626445295e-07,1.761377429240523e-05,1.3879930573041e-05,0.04709262868777247,0
0.934707902813452,0.008375034083058078,4.987604168856101e-05,1.2357428271461008e-07,1.267109050639076e-05,1.1680989759904623e-05,0.05684271140725246,0
0.6087614308845303,0.007864115876087367,3.116195904554192e-05,1.9832163598023795e-07,1.0690373774360258e-05,1.0387858863420134e-05,0.38332201472606303,0
0.36338113590792315,0.013957832277475818,2.989437382489732e-05,7.406714080643159e-08,1.0970898719329667e-05,7.001274814626556e-06,0.6226130912001013,6
0.001496793570299445,0.000247356005028731,3.4196186761574274e-07,2.1763213580153183e-09,2.14203198318941e-07,1.2397942823169543e-07,0.9982551681038563,6
0.4352683258775317,0.46721396846782803,3.024702509295333e-05,1.0706763032909022e-07,1.548100836750412e-05,1.807208625325555e-05,0.09745379846729603,1
0.7826880983540923,0.20975438820256623,1.898686035915274e-05,2.030940799173644e-07,9.486405667166798e-06,1.1369554297114995e-05,0.007517467528938277,0
0.8079217883247232,0.18255795245751358,2.2533924393808924e-05,2.0546336302784363e-07,9.312684885182663e-06,1.1736917910685003e-05,0.009476470227210316,0
0.7921777003933385,0.19773183151245388,2.5967322826444143e-05,2.5881412313534713e-07,1.2790583046046079e-05,1.604944399025971e-05,0.010035401930221819,0
0.5351666740558368,0.4531721961582047,1.712526932144547e-05,2.5049057276261253e-07,2.0403142083066267e-05,1.4682049867389643e-05,0.0116086688341138,1
0.5911553763221697,0.395977622195382,1.8916901072358895e-05,2.7669669279740725e-07,2.5534094326140923e-05,1.6218073985735554e-05,0.012806055716371115,1
0.37474090404830873,0.6116259005403067,1.1769128094638661e-05,2.047211207834131e-07,1.410030767410456e-05,1.1231192781546926e-05,0.013595890061713531,1
0.25135520474927947,0.7282667641806699,1.0869274347513949e-05,1.384633259170292e-07,1.3040936562302511e-05,1.0511422103654638e-05,0.02034347097371108,1
0.32050016519061747,0.6745101986296083,1.422490323182486e-05,1.5363168829598636e-07,1.1678358220627622e-05,8.380746185752528e-06,0.00495519854044776,1
0.2504271346491096,0.7443712093206463,1.662179072118642e-05,6.15253842965635e-08,2.1881410285993906e-05,1.538937787297522e-05,0.005147701925979644,1
0.3047257745856128,0.6950454102870237,1.681052018887249e-05,2.1886573909758167e-07,1.4602152704044791e-05,1.1513057609147673e-05,0.00018567053112229345,1
0.33812956743972383,0.6617325656917725,1.739956683986572e-05,2.6184127220213936e-07,1.7497191100782753e-05,1.1916479273151244e-05,9.079179001758215e-05,1
0.7447094211026103,0.25523705234895844,2.7734182081844776e-05,1.8374962325704787e-07,6.914645622011675e-06,1.4934167289011314e-05,3.7598038150162693e-06,0
0.793820263049015,0.20588257519448042,2.2892027165343912e-05,2.0066513650060089e-07,1.3267467455395147e-05,1.7499765924074394e-05,0.00024330183082347742,0
0.7183965316315684,0.2813973591654248,2.722005850368656e-05,2.008201502708347e-07,1.0692889536891633e-05,1.7326418942122282e-05,0.0001506690158736736,0
0.5534369572543069,0.4463513163684683,2.634738930882128e-05,1.764448495366108e-07,1.0821784305650355e-05,1.733336990324375e-05,0.00015704738885760345,0
0.6839851712843342,0.3158149826531325,2.535181625288943e-05,1.488003308559172e-07,8.98993224075164e-06,1.3163599629789052e-05,0.0001521919140788616,1
0.6600987702979775,0.3391686915909044,2.5396790199736257e-05,1.675554319487669e-07,8.703660659889535e-06,1.8884227988328707e-05,0.0006793858768382678,0
0.7513733924764653,0.2478828033243797,2.104444639869872e-05,1.4497044348574478e-07,7.62091676396096e-06,1.316231517642232e-05,0.0007018315503724028,0
0.8267668048509176,0.17059789841430786,2.1330745684503464e-05,1.5157977214456473e-07,8.31197065834256e-06,1.3980532313353417e-05,0.002591521906346124,0
0.8264452886568714,0.170845580233394,2.151618291371993e-05,1.528975194642082e-07,8.38423014851741e-06,1.4102071016852324e-05,0.0026649757281362045,0
0.8556382201791857,0.14032412750234077,1.6923092468951333e-05,2.077235045925715e-07,7.935932213416052e-06,1.4390095565346941e-05,0.00399819547472113,0
0.8401515573095667,0.15851279792528308,2.1817944134557306e-05,2.2233540670193636e-07,1.5533908195029206e-05,1.630998469697887e-05,0.0012817605927169476,1
0.8697088108796421,0.1289090635587844,2.9154394429744592e-05,4.608478491188624e-179,1.599943524187223e-05,1.6798769548460685e-05,0.0013201729623534704,1
0.7863812198711174,0.21138591041118096,2.9205249853499654e-05,2.469170337309309e-07,1.3159231291411368e-05,1.615916324761024e-05,0.0021740991562754024,0
0.7608332972278344,0.229859050202752,3.351751095968767e-05,2.7259953475714046e-07,2.57221206560444e-05,1.8996554280344895e-05,0.00922914378398292,0
0.7582799598475221,0.23409830935397286,3.214903073649285e-05,2.614696190358947e-07,1.8828157683943776e-05,2.081873408486773e-05,0.0075496734063808715,0
0.7786161276518783,0.21542538780963644,3.1437110034098285e-05,2.668071852399166e-07,1.709690048423033e-05,2.2243045999362475e-05,0.005887440674782474,0
0.7528892496280168,0.24267909973784266,3.401693074747638e-05,2.3729866126109396e-07,1.570750694551622e-05,1.873563191798375e-05,0.004362953265867969,0
0.7462335558206228,0.2503152288734765,3.0313099732899456e-05,2.1437557529134099e-07,2.0578488952099775e-05,1.6925767088274304e-05,0.0033831835745520523,0
0.7215366427351171,0.2769786745199328,3.234958424888159e-05,1.6242977509254204e-07,1.1678011392951838e-05,1.3112700447151307e-05,0.00142738001908596,0
0.11359650783438131,0.8769060240561471,8.403063899648641e-05,1.7245586690144408e-07,0.009246207816361656,0.00016288072656146042,4.176471684886071e-06,1
0.12915383669087738,0.8610639865520439,0.00011756442801563697,1.7261267635321915e-07,0.009202302711830123,0.0004587140064953985,3.4229980611572387e-06,1
0.16403054904151612,0.8267847642320367,0.00022674940316456935,2.0630988729551313e-07,0.00801956080778965,0.0009344418373035562,3.7283683020922742e-06,1
0.11165778571111387,0.8841574295111291,0.00010882073864029637,1.552596032418707e-07,0.00377354638550511,0.00029918776715339617,3.074626854871549e-06,1
0.10488503183263259,0.8893220380929706,2.0581041307262117e-05,1.340800611463569e-07,0.005756089019172317,1.309867360061503e-05,3.0272602557048578e-06,1
0.09383000159915017,0.9003604871193353,1.942624309971437e-05,1.265568551059963e-07,0.005772142721054605,1.3599687161882732e-05,4.216073343392276e-06,1
0.03910660060967455,0.9572024618106623,1.3658523316624237e-05,1.0410925569195582e-07,0.003662535358510165,1.0862032892416476e-05,3.7775556882473394e-06,1
0.03606890378388543,0.9604208083940062,1.3731727190231567e-05,1.0366098793859489e-07,0.0034824880904459356,1.0055134476379787e-05,3.909209007939681e-06,1
0.033590399482703696,0.9663698756286303,1.4818142148333914e-05,1.0035120573444288e-07,1.2747187933383733e-05,9.932730071525928e-06,2.1264773068803014e-06,1
0.07740411867491201,0.9225324940025561,2.9920883313611896e-05,1.7217047368243333e-07,1.6982041880853133e-05,1.2897997908773248e-05,3.4142289549900825e-06,1
0.09004911129149161,0.9098833256331909,3.3274155142244477e-05,1.9146583983424026e-07,1.5924396599410148e-05,1.437619175615131e-05,3.7968659798155326e-06,1
0.08340541836637391,0.9165495482604005,1.9632112719966845e-05,1.2635440412925236e-07,1.227839854601717e-05,9.096766971584337e-06,3.899740583838275e-06,1
0.10261516326925457,0.8973302559219336,2.389129798222461e-05,1.537669818566271e-07,1.4719645032393093e-05,1.1070309828240807e-05,4.745788987198325e-06,1
0.26173074314252387,0.7382124286136554,2.1318147345725527e-05,1.7792008451057837e-07,1.7031748015780044e-05,1.2809189830072765e-05,5.491238544689608e-06,1
0.2668288548234121,0.7331110245665465,2.284132477154941e-05,2.002873031250072e-07,1.8248663054373138e-05,1.372440391860714e-05,5.105930993560233e-06,1
0.139867925550258,0.8600803067213403,2.2007375970676373e-05,2.149727880099363e-07,1.2809797456013092e-05,1.2197652926297078e-05,4.537929260492911e-06,1
0.3273314395653924,0.6726085228260503,1.747580875429612e-05,1.7487799010233254e-07,1.7134877432589255e-05,9.808423837271967e-06,1.544362054316815e-05,1
0.5849216608613955,0.4149481133736373,2.0871785726651576e-05,1.9746940726072013e-07,1.7113772499670298e-05,1.1830097369157234e-05,8.021263996449402e-05,1
0.5808283235850817,0.41902923936044706,2.1581248634718014e-05,1.9966130396851456e-07,1.5996326965604708e-05,1.3068127692898777e-05,9.159168987393968e-05,1
0.5741558386060013,0.42563039699482463,2.1921227831401042e-05,2.0280665903488919e-07,1.5451892409877998e-05,1.327399583474649e-05,0.0001629144764390374,1
0.5847407434942846,0.4133389502843266,2.125871164063375e-05,1.966773173648223e-07,1.575725798015336e-05,1.2581670838234731e-05,0.0018705119036122471,1
0.6310897227016421,0.3670982907001461,2.2022795674224065e-05,2.037463251442306e-07,1.5523485816582926e-05,1.4313428649679923e-05,0.0017599231417461509,1
0.6361876934889117,0.3626264197324826,2.0991827268829126e-05,2.0126435424089877e-07,1.6022127446466876e-05,1.4139067156728957e-05,0.0011345324923795813,1
0.650930810613746,0.3477283339219964,1.9141120872385524e-05,1.937159573808003e-07,1.6096756849045658e-05,1.2371978803654544e-05,0.0012930518917750257,1
0.6511083185618315,0.34762640393409855,2.3212501876269588e-05,2.0444017777381058e-07,1.7905152061905343e-05,1.2399740265038236e-05,0.0012115556696890254,1
0.8449276987427198,0.1544763245774144,1.5208835829641633e-05,1.6309669238229063e-07,1.3256793837909202e-05,9.316156364264473e-06,0.00055803179714163,1
0.7836933218931796,0.21595804257067425,1.440277840873231e-05,1.4088331757923225e-07,1.1249004615277824e-05,8.047318412859306e-06,0.00031479555139176085,1
0.8692366193595935,0.13049343845829414,1.441731351198575e-05,1.1751031437600053e-07,1.0115248010947805e-05,6.533640303045061e-06,0.000238758469971968,0
0.8407597098346855,0.1589750388023303,1.3632052211287422e-05,1.2749455715181737e-07,1.0179962301193075e-05,7.2659822459759304e-06,0.00023404587166842266,0
0.9039358668242569,0.09533010467066504,1.0367895338527028e-05,1.399542328313792e-07,9.072458913010478e-06,7.763835828208955e-06,0.0007066843607652458,0
0.9189176422251202,0.07994861005661631,9.189314774770549e-06,1.3863020152267415e-07,7.333574848347465e-06,8.825402433362116e-06,0.0011082607960055339,0
0.9306112857344611,0.06811358655254447,1.2155688238914237e-05,1.3179162259744159e-07,6.840016195146255e-06,8.231441939463235e-06,0.0012477687749985053,0
0.9369139802746762,0.05756545352255807,1.4412253626991984e-05,1.2956008534620563e-07,7.626989262142514e-06,7.28040123354872e-06,0.005491116998557654,0
0.93662657446007,0.0590469114920782,1.0200507801892721e-05,1.328943389518449e-07,7.448825444045237e-06,7.467763753406549e-06,0.0043012640565132845,0
0.8139963546725985,0.06759895474418974,3.284926371376347e-05,1.3441237658058107e-07,1.7433989762641424e-05,1.709459032684707e-05,0.11833717832703214,0
0.8775853376308498,0.05077353399971575,4.004148475542943e-05,2.590180485753963e-07,1.8228367215934414e-05,1.6467239312658723e-05,0.07156613226010196,0
0.9206307858332502,0.024670281881156747,4.719141297966237e-05,1.3475534386100157e-07,1.7423158451545937e-05,1.385377731239375e-05,0.05462032918150564,0
0.559785435040855,0.0116172475752527,3.259642342381712e-05,2.0745088622535728e-07,1.1182478919205475e-05,1.1817943230513139e-05,0.4285415130874324,0
0.08972980121204976,0.00608198644949296,7.938651644510497e-06,5.0523344161886564e-08,4.5458614077431565e-06,2.87818492359793e-06,0.9041727991171372,6
0.015398650514928823,0.0006594224938353942,1.7697271454799893e-06,7.646041530143368e-09,1.292624745816676e-06,8.271037059334966e-07,0.983938029889597,6
0.012466487776300331,0.0004466614747372912,1.4327412525613217e-06,6.190106281080007e-09,1.0464871955788652e-06,6.696092121680508e-07,0.9870836957211958,6
0.34438445402009193,0.4987718428336096,4.734276595288003e-05,2.2020882498972672e-07,1.821876552200474e-05,1.8760367198531706e-05,0.1567591610388,1
0.42608037909888047,0.42681279450420906,4.360851639795278e-05,2.39015320275586e-07,1.9105429381385717e-05,2.123275731503928e-05,0.14702264067849585,1
0.21867098264630583,0.5656098567228007,2.195644712138047e-05,1.283968569699673e-07,9.948563394528472e-06,1.427080708582875e-05,0.21567285641643463,1
0.21218187331183583,0.5822764433192994,7.67402479940329e-05,3.544074258342538e-07,5.2009526949729893e-05,3.704780626309209e-05,0.20537553138023215,1
0.7834834007550154,0.20833719527953445,2.4602148361079257e-05,2.4520754403045903e-07,1.2118146480740658e-05,1.5205680031023457e-05,0.008127232783033202,0
0.6257796002852521,0.36685260378786294,1.9881869397703936e-05,2.461671779361544e-07,2.368737090110074e-05,1.6311298942773185e-05,0.007307669220465363,1
0.52695540771906,0.46572028530091414,1.6742090330059435e-05,2.448858302490049e-07,2.3608785161392335e-05,1.564511538032794e-05,0.007268066103323805,1
0.319472282170709,0.6692877884858128,1.0033359505021974e-05,1.5099467355661485e-07,1.2020725315255804e-05,9.574761523651149e-06,0.011208149502460706,1
0.2267958291518014,0.7660176461498187,8.339947200798879e-06,1.255100651415632e-07,9.876939063987065e-06,7.93280397434096e-06,0.0071602494980757955,1
0.33947136992500376,0.6549397370165999,1.5066910758957569e-05,1.62725531385331e-07,1.2369629392463855e-05,8.876823470524828e-06,0.005552416969243124,1
0.30536751196054185,0.69347114781046,1.9827874331058652e-05,6.643185671990381e-08,2.4897419501876364e-05,1.6616636491664318e-05,0.0010999318668166258,1
0.7481911528091448,0.2517644927789727,2.1468482145853145e-05,1.5371488904661325e-07,5.886747731008057e-06,1.3742021180332123e-05,3.10344593627214e-06,0
0.7351476560678102,0.26480359633007655,2.1996446786599726e-05,1.530384516883126e-07,5.848244544039091e-06,1.210317492405553e-05,8.646697406946683e-06,0
0.7727579276019296,0.22718443055712947,2.2048986601658128e-05,1.7435228649209383e-07,9.383664134598109e-06,1.3788797511625707e-05,1.2246040406544294e-05,0
0.8276698742236684,0.17216886029510106,1.951664797800176e-05,1.770566877138565e-07,9.347859139205823e-06,1.3335402140447615e-05,0.00011888851528482897,0
0.8278318483020836,0.1718750422573687,2.0132996395767882e-05,1.7897595186475977e-07,1.1426681710808203e-05,1.3479955614233384e-05,0.00024789083087511845,0
0.6560120205332485,0.3433971441516598,2.2863410160747052e-05,2.3071269939518193e-07,1.571538386049526e-05,2.0868776751841623e-05,0.0005311570316192779,0
0.606287966553011,0.3934178880722749,2.5972661017237923e-05,1.7323238572740632e-07,1.0624756222800565e-05,1.579989335476351e-05,0.00024157483173363692,0
0.7562217583632758,0.2435635237596029,1.859439925044549e-05,1.1475811760225399e-07,6.745298897742977e-06,1.104745403950496e-05,0.00017821596681580622,0
0.6694405379428796,0.32999303570211663,2.1221760347958246e-05,1.6810031757581982e-07,1.0322471320372381e-05,1.6818772215003995e-05,0.0005178952508030269,0
0.6420311551838996,0.35739294230368845,2.4669617128064075e-05,1.626240621975943e-07,9.986193020010032e-06,1.6270861936630944e-05,0.0005248132162650267,0
0.6071552965389291,0.39216462602940816,2.5026269327481016e-05,1.6511091890957952e-07,8.576680521291176e-06,1.7908575380400198e-05,0.0006284007955147417,0
0.8933791478858432,0.10124319192402846,1.759637228547921e-05,2.159877177272103e-07,9.81220994180977e-06,1.5673495858088412e-05,0.005334362124325493,0
0.8281272004692453,0.1693998061043951,3.580067057741492e-05,3.3649708735620287e-07,2.018223508745798e-05,1.898069286582051e-05,0.002397693330741656,0
0.831907302312465,0.16661785153193695,2.4495315372359404e-05,1.4611695632992726e-07,1.5812062081621047e-05,1.5788246466603093e-05,0.0014186044147209002,0
0.8233790898738822,0.17524519560872012,2.7639985919151465e-05,1.9944560615474304e-07,1.6565933626602615e-05,1.699875487421315e-05,0.0013143103973714536,0
0.713328195974958,0.2849845407936506,2.7260772012890674e-05,1.9278937933248912e-07,1.1712388792172426e-05,1.3784364408182819e-05,0.0016343129167987638,0
0.6806083533876791,0.3182028510133496,2.6736693659767744e-05,1.7543788321138256e-07,9.588478029443278e-06,1.4694223136262035e-05,0.0011376007662624833,0
0.8034368892658298,0.18808400226946687,3.989894232142261e-05,2.6024104652386504e-07,2.2338795068537227e-05,1.8278247204881758e-05,0.008398332239062039,1
0.8331628015617788,0.15523354051262428,3.506056520228458e-05,2.286827080892759e-07,1.9629863236259267e-05,1.6786507160386114e-05,0.011531952307289582,1
0.32126419268829143,0.6778289141631787,3.56639971738636e-05,2.733892735838646e-07,0.0008448817110438697,2.1453513342621828e-05,4.620537696050058e-06,1
0.20799831082834253,0.7841118701726927,0.00018347760880697532,2.2654037579482774e-07,0.006739244639793317,0.000960174182819545,6.696027169266704e-06,1
0.11415166424808117,0.8841477038703556,1.7595669200145717e-05,1.6225525351559677e-07,0.0016481518471965766,1.4513491578140439e-05,2.0208618335174994e-05,1
0.12007051833546689,0.8771546023949581,1.8392492610085684e-05,1.8207372553146537e-07,0.0027310981396440706,1.744140534696581e-05,7.765158248360494e-06,1
0.08995966155388822,0.9043383716614123,2.1139547893404967e-05,1.3771858439222654e-07,0.005662942548838541,1.4799116670076666e-05,2.9478527130536655e-06,1
0.14736212136981458,0.8397400446086914,2.2037233716864502e-05,1.6595146456030985e-07,0.012854527486308191,1.7356497051430046e-05,3.746852952961152e-06,1
0.13398653252445553,0.841489008210542,2.17323196125181e-05,1.6365530784520195e-07,0.024481751932672834,1.7116347093362586e-05,3.695010315770463e-06,1
0.0584820619370326,0.941238710077775,2.410136850534943e-05,1.4616771649577272e-07,0.00023724571899950224,1.4467633572493603e-05,3.267096398481385e-06,1
0.058026747078583095,0.9419177371909907,2.4171527379786207e-05,1.442245999177576e-07,1.3868503984209976e-05,1.4275304518490944e-05,3.0561699440920503e-06,1
0.10013396633387357,0.8998134279544671,2.5450252988225816e-05,1.3939512851704765e-07,1.3060752300853307e-05,1.0841226147696052e-05,3.114085094046465e-06,1
0.5779416203464226,0.4219899034967153,2.0622716629471426e-05,1.951129473185158e-07,1.5912971414614136e-05,1.1688925372190688e-05,2.005643049853638e-05,1
0.5824893303919872,0.41735864745735096,2.140539403916386e-05,1.9803436576621265e-07,1.5088290137216485e-05,1.2961642180916498e-05,0.00010236878993882502,1
0.5960302468806744,0.403776478088861,1.9676985851582768e-05,1.8204380663020707e-07,1.4584860436348356e-05,1.090597266564929e-05,0.00014792516770435337,1
0.6550459752707067,0.3436522882112183,2.014434602725666e-05,1.931389174872516e-07,1.547377089351387e-05,1.3568245282329574e-05,0.001252357016954375,1
0.6050615981124082,0.3926775658969411,2.2918261033766183e-05,2.355600392927147e-07,1.786038327134302e-05,1.2878341024990501e-05,0.002206943445281274,1
0.8487308490873209,0.1511712351936886,1.622699587601659e-05,1.6395506433280232e-07,1.2871176078148353e-05,9.365186955828657e-06,5.928840501610627e-05,1
0.7126708601165206,0.28687693562792627,2.0062848003823908e-05,1.8215304678995535e-07,1.4544237736840295e-05,1.0404663891924929e-05,0.000407010352873646,1
0.8469245277829214,0.152822471356625,1.3295420433535079e-05,1.243461889705228e-07,9.928576907872401e-06,6.897993561893418e-06,0.00022275452336129872,1
0.8684486943075755,0.1312865895276329,1.2104816180761407e-05,1.1321099379977937e-07,9.039473328967353e-06,5.84181202926839e-06,0.00023761685225866014,1
0.9320208315251297,0.06621685649750167,1.1734951537042112e-05,1.446046199762609e-07,6.949519014281159e-06,9.205742695289704e-06,0.001734277159502103,0
0.9185180035343185,0.07134148433942195,1.6133283397902452e-05,1.6069832182486887e-07,1.0826691909110709e-05,1.00368967298553e-05,0.010103354555901034,0
0.9253337119196591,0.06716662892468239,1.2623365607695607e-05,1.644598347810571e-07,1.1080115475868058e-05,9.241531300398242e-06,0.007466549683439787,0
0.9320033817121821,0.06035536311164755,1.0941887932484513e-05,1.4255319361678097e-07,9.103522309897563e-06,8.010526111345422e-06,0.007613056686623279,0
0.8445408589524078,0.06832029742875385,5.1752989259385965e-05,1.4778095045572786e-07,1.8768596521976896e-05,1.5192899368349626e-05,0.0870529813527383,0
0.0037371829935252667,0.000604377022113071,7.249637144698436e-07,5.317512390150369e-09,5.233731483982377e-07,3.0292499925057415e-07,0.9956568834049871,6
0.004673775824612826,0.0004762633737947194,8.429496844289725e-07,6.182923781919642e-09,6.085507749908815e-07,3.5222525959199517e-07,0.9948481508929498,6
0.014988832776194828,0.0006596969633305206,1.7704637538314972e-06,7.649224019636996e-09,1.2931627712323825e-06,8.274479688888961e-07,0.9843475715367566,6
0.012466487776300331,0.0004466614747372912,1.4327412525613217e-06,6.190106281080007e-09,1.0464871955788652e-06,6.696092121680508e-07,0.9870836957211958,6
0.45127426035847107,0.3576068396238632,5.2731956995941105e-05,3.1115862617858715e-08,2.4367762748318664e-05,2.123909984846957e-05,0.19102053008221037,1
0.2270582171720123,0.5213637628086194,2.7532818500679035e-05,1.356651145687287e-07,1.0511729216460971e-05,1.5078645412169515e-05,0.2515247611611244,1
0.7992433264438322,0.19163031255691618,2.60826604131513e-05,2.5996368316383653e-07,1.2847394254154376e-05,1.6120729896404152e-05,0.009071050251004681,0
0.8602643802802868,0.13187443679328362,2.8199181658026087e-05,2.810588724427158e-07,1.3889917618315858e-05,1.7428873573780855e-05,0.007801383894706909,0
0.698893638888273,0.2929470680892812,2.201752861523257e-05,3.4003801309290777e-07,2.6231807291463384e-05,1.806341667577779e-05,0.00809264023185022,0
0.6451864320594058,0.34719182201842813,1.9820832289255923e-05,2.454114475550985e-07,2.3614650947176e-05,1.6261223444207997e-05,0.007561803804037866,1
0.2567458315973699,0.7172704581600806,1.189284149355559e-05,1.514644719276424e-07,1.3247195824418347e-05,1.1275765868305276e-05,0.025947142974891063,1
0.3385679342372332,0.6536485727051059,1.5026813165787637e-05,1.7550941405323523e-07,1.2773188222716279e-05,8.928193408025074e-06,0.007746589353450255,1
0.3201883101913867,0.6738538826575099,1.421106203088888e-05,1.4046560523214632e-07,1.2079778204637435e-05,8.372249261422396e-06,0.0059230035960013295,1
0.34640071929678495,0.6480661109206602,1.4908782758586535e-05,1.444132068228538e-07,1.5188857164391873e-05,8.783660753396087e-06,0.005494144068671876,1
0.8020629814268044,0.19785613320621975,1.9607523175939654e-05,1.787134781954928e-07,1.006066932172103e-05,1.6699714461183074e-05,3.4338746538705165e-05,0
0.7358356150467569,0.26366410371045085,2.1142390488215607e-05,1.7327573699923e-07,1.3938482966745751e-05,1.6050832324511573e-05,0.00044897626127578494,0
0.5874296069422085,0.41228712848883187,2.5011899761929125e-05,1.6682430284898512e-07,1.0231733185261478e-05,1.5215435514144375e-05,0.00023263867619557408,0
0.7228135685334991,0.27693769016009845,2.2538458102839672e-05,1.5550217471595056e-07,8.024727610621081e-06,1.1750288942722627e-05,0.00020627232957151975,0
0.7228137197395305,0.2769377480929471,2.2232049486950094e-05,1.3145835956311583e-07,8.024729289321188e-06,1.1871557664782466e-05,0.000206272372721817,0
0.722813866847822,0.2769378044557939,2.122911556062586e-05,1.304025904478713e-07,8.024730922527896e-06,1.2672032607782942e-05,0.0002062724147027251,0
0.7661821883982928,0.23359582577660695,1.8456204572464648e-05,1.3285819208013553e-07,6.298614403670718e-06,1.211509837225345e-05,0.0001849830495596506,0
0.6675072235026961,0.33191043948956,2.284576095601276e-05,1.6907705390270774e-07,1.0382449391010583e-05,1.5981871296048895e-05,0.0005329578490468963,0
0.8589793075995008,0.1375709529753244,2.1273701588703218e-05,2.0127169119553384e-07,8.524757184784943e-06,1.4605603742190136e-05,0.00340513409096788,0
0.9004799825418318,0.09256610519436465,2.2894721225566277e-05,2.183011579269585e-07,9.84040037613451e-06,1.5718525740066764e-05,0.006905240315303577,0
0.8711405258610418,0.1271034836003675,2.79263591263633e-05,0.0,1.6519842664379693e-05,1.4251258780944776e-05,0.0016972930780190772,0
0.8705170048398082,0.12791472385064961,2.8104599611402827e-05,2.2372693881583838e-07,1.6625280854727107e-05,1.4342217694208247e-05,0.0015089754844428947,0
0.8726615513126242,0.12599654286350975,3.1369281196195334e-05,1.9403467828471324e-07,1.637188741291632e-05,1.6740989249043348e-05,0.001277229631329603,0
0.8425569685549138,0.1560735046198717,2.9737363038631367e-05,1.9488616006002262e-07,1.7276549404355037e-05,1.6260238352562737e-05,0.0013060577882589716,0
0.8355031742314445,0.16293842653546187,2.456076439503977e-05,1.8414196474263826e-07,1.6324082481338743e-05,1.536380129046786e-05,0.001501966442962193,0
0.8217643990240177,0.1766976236336997,2.551923601829042e-05,1.9832693500183677e-07,1.6473016903961645e-05,1.788372972122515e-05,0.0014779030327040196,0
0.82050933869741,0.17792800644728204,2.8566731654106726e-05,2.0613285141601518e-07,1.7121375600376137e-05,1.91020253044831e-05,0.0014976585898974553,0
0.7921404389378129,0.20318672306274424,2.6818853595967814e-05,2.3338204797502537e-07,1.425029725574125e-05,2.0156641044924156e-05,0.00461137882549814,0
0.8269140008742832,0.1648675713321957,2.2166522335584332e-05,2.25879727096774e-07,1.1865045244054504e-05,1.4469306202500096e-05,0.00816970104001184,0
0.8257866248604274,0.16575188808480498,2.3895605108265904e-05,2.3251449734227857e-07,1.2794771427614821e-05,1.489431345525064e-05,0.008409669850279243,0
0.7544547266836216,0.23838726312946423,3.246702507376318e-05,2.6405588233269955e-07,2.0498801112981778e-05,1.6919008489445175e-05,0.007087861296355785,0
0.7904450085720955,0.20217214185289129,3.23861665061931e-05,2.6328809587263997e-07,1.742782522502701e-05,2.2549677998967892e-05,0.00731022261718705,0
0.7677732159292222,0.22446093882964,4.11563549885379e-05,2.3264061895392974e-07,1.5399177216627497e-05,1.8367861760067008e-05,0.007690689206553751,0
0.7646848824648967,0.22858953005570273,4.1991056108513735e-05,2.369196619947682e-07,1.9767302050601476e-05,2.0344397034921217e-05,0.006643247804544237,0
0.7240897747702729,0.2743784133489611,2.4186605491199942e-05,1.7151183767820414e-07,1.2357535875023013e-05,1.4735849503832483e-05,0.0014803603780581829,0
0.6355356216111513,0.36326707520108803,2.301966705461794e-05,1.5104790860397115e-07,8.273238481730122e-06,1.3001509450358138e-05,0.0011528577248655254,1
0.7029160449899042,0.28948894036486345,3.402792145492511e-05,1.991524442686279e-07,1.258960551320232e-05,1.634830655669015e-05,0.007531849659263235,1
0.7535672761689957,0.2389409602596528,3.5233695658770226e-05,2.298119523388607e-07,2.325896609376959e-05,1.6697081091427633e-05,0.007416344016554864,1
0.7820431011558766,0.2111435240782448,3.341354452851295e-05,2.179400076854451e-07,2.2057422155994995e-05,1.5834520112446294e-05,0.006741851339073777,1
0.312917018371956,0.6863352110456432,3.3702388498614955e-05,2.705576528104105e-07,0.000687993646371246,2.123130925521125e-05,4.572680622679367e-06,1
0.15479522601461757,0.8371661823070342,0.00012733850379732147,1.6760850914054034e-07,0.007393305472568295,0.0005144563306193163,3.323762854168996e-06,1
0.12005146759481534,0.8727513896803067,0.0001347593401103418,1.403435544309249e-07,0.006535201988424367,0.0005238723753521493,3.168677436754242e-06,1
0.16779708058012005,0.8253909349751987,0.00014861987275083371,1.6786076075173496e-07,0.005995432798196146,0.000663822953661431,3.940959312095656e-06,1
0.4044573603996349,0.5830739773508588,0.0004653463115396871,2.833644724158156e-07,0.010322333110634964,0.0016765860078246178,4.113455034621431e-06,1
0.16086563099970003,0.8349907975127802,2.0048834276596617e-05,1.755963917513207e-07,0.004100236584826425,1.9442535082512923e-05,3.66793694251836e-06,1
0.1664467234142249,0.817054641122021,2.1757346117372615e-05,1.6755323317016107e-07,0.0164570142522293,1.619638437028514e-05,3.4999278040609523e-06,1
0.0856606522675762,0.897298019576168,1.8569098402649254e-05,1.500246348357203e-07,0.017006217084349236,1.3006466700897582e-05,3.3854821681799082e-06,1
0.14975546544045204,0.8336496533181397,2.42900056994854e-05,1.8476797614066983e-07,0.016547514283867186,1.87623061887782e-05,4.129877676657382e-06,1
0.15396721189399706,0.8384982460156559,1.862090263665669e-05,1.602741595218377e-07,0.007496818025496472,1.554662230342106e-05,3.3962657509507543e-06,1
0.058757915714307364,0.9412004484659967,1.594455779041309e-05,1.0975285531978141e-07,1.1098584573184212e-05,1.0863302323994538e-05,3.6196221530120374e-06,1
0.08881165285536793,0.9111354514365066,2.137144564161469e-05,1.471083245023593e-07,1.369914242780397e-05,1.4560734650494245e-05,3.1172770812068336e-06,1
0.12314867517647946,0.8767888514586913,2.8269366353656873e-05,1.548358657883114e-07,1.854802766012268e-05,1.2042104014991516e-05,3.4590309346154165e-06,1
0.1672808819741054,0.8326529205790189,2.001899834956623e-05,1.766644202873682e-93,1.8942641848202557e-05,1.0732266251412732e-05,1.650354042663689e-05,1
0.6174192633877773,0.38243411621594003,2.0431770500208803e-05,1.8902678012311503e-07,1.5144317501711011e-05,1.238002318488564e-05,9.847525831591462e-05,1
0.7830969679786556,0.21684610043214633,1.640653746606197e-05,1.8544428145832637e-07,9.541500818690205e-06,1.3603174861525392e-05,1.719493177029759e-05,1
0.6280165156157944,0.37175022629075527,1.733511676327656e-05,1.6051606450574545e-07,1.2601199835042365e-05,9.147895415675387e-06,0.00019401336537171838,1
0.5781069389200766,0.42152506262078376,2.405999678460179e-05,1.6964788145697388e-07,1.3082869586888158e-05,1.0562873965987403e-05,0.00032012307092073945,1
0.900328675330251,0.09886005461052974,1.5512003386243868e-05,1.257103516150044e-07,1.0821104435653888e-05,7.618900751694071e-06,0.0007771923402940251,1
0.8973194287036464,0.1015746246989318,1.4621339229690053e-05,1.3537184130035718e-07,1.0439577142132879e-05,8.000261131609212e-06,0.0010727500480769035,0
0.9141039994597521,0.08401165287603518,1.2871415344115181e-05,1.3691341632681157e-07,7.734124079276072e-06,8.716109363895953e-06,0.0018548891020093434,0
0.927773724521894,0.06534574895972901,1.4224710534255339e-05,1.4168765619009475e-07,7.385495872166862e-06,8.849528463807184e-06,0.006849925095850364,0
0.9127145953025321,0.07289589338552065,1.6031349598764207e-05,1.596829928273705e-07,9.00577110357562e-06,9.973481305356812e-06,0.014354341026946993,0
0.9222720680712544,0.0669443952660397,1.2581598784374335e-05,9.595271161944385e-08,1.1043454791242261e-05,9.210953923727283e-06,0.01075060470249493,0
0.8847767039480283,0.03103401520541584,3.5890575247302074e-05,1.5134550176702468e-07,1.8564485048810023e-05,1.555935978966134e-05,0.08411911508096838,0
0.010479963554894247,0.0008779697701399459,1.823907109687418e-06,1.160775037732887e-08,1.6088889559641713e-06,6.612636730036404e-07,0.9886379610074769,6
0.00719596428725651,0.0004892582669950222,5.978406997462011e-07,7.669131374045917e-09,8.475078311511679e-07,3.7463132196507396e-07,0.9923129497967641,6
0.007195964146515641,0.0004892582574259595,5.978406880534499e-07,7.669131224050703e-09,8.475078145753507e-07,3.941896205129929e-07,0.9923129303888041,6
0.009049776449354245,0.0004361164100835964,7.518554107626544e-07,9.644840041626312e-09,9.863113736890694e-07,4.957400942618242e-07,0.9905118635888435,6
0.015155380485310252,0.0005935400520405931,1.7417687490815305e-06,8.698090885345358e-09,1.2722036797047032e-06,8.140370061700983e-07,0.9842472427551234,6
0.011202776077455817,0.00042737315711470085,1.254144866381801e-06,5.418487114051983e-09,9.160387765224541e-07,5.861399987061376e-07,0.9883670890233007,6
0.4339283791348368,0.27104265523159593,4.508735827106835e-05,2.8583167055298002e-08,2.2384333095727976e-05,1.9510329716024992e-05,0.29494195502931747,1
0.13197976940188225,0.6081996162626662,1.7555782773353244e-05,8.650430326382828e-08,6.584605259101177e-06,9.775283445322738e-06,0.25978661215967064,1
0.1149823559313231,0.8570770614251528,3.455452538226007e-05,1.1654352820982548e-07,4.034131750543013e-05,2.078773142295108e-05,0.02784478252568532,1
0.9095780349089487,0.07718072503811824,2.2448611929214046e-05,3.302555049882231e-07,1.7840159646826167e-05,1.754375265815276e-05,0.013183077273193913,0
0.7634770837367238,0.22808944816601828,2.4256705811557515e-05,3.003341736239459e-07,2.8899575583350532e-05,1.9900461669107988e-05,0.00836011102002015,0
0.6020655590931898,0.3890097559045422,1.9266025611231843e-05,2.3848223818216933e-07,2.295365115395325e-05,1.580605409369698e-05,0.008866420789171062,1
0.5277583923830943,0.46552046916614326,1.6767602245454906e-05,2.0760790864043404e-07,2.3956787397600222e-05,1.3756320761804989e-05,0.006666450132449013,1
0.27071457051484193,0.7139664934035328,8.660654443508324e-06,1.2262886096132538e-07,9.806947022081422e-06,7.702218450342198e-06,0.015292643632848367,1
0.2029123966789512,0.7888374723287144,7.108895515155364e-06,1.3012271590790808e-08,8.516995751997565e-06,6.761573914511697e-06,0.008227730514881255,1
0.1913802897203194,0.7967799978872779,7.957949533484958e-06,1.4566397890467541e-08,9.547934085951088e-06,7.695633091799081e-06,0.01181449630929361,1
0.25249417690123954,0.7315667776593135,1.0918526563342065e-05,1.9985500238480535e-08,1.438866869764255e-05,1.0559052774622847e-05,0.01590315920591107,1
0.20780678151241352,0.7721923016255341,1.0598638927389944e-05,1.349818081035344e-07,1.2651479055408288e-05,9.604356797741342e-06,0.019967927405463586,1
0.18555327381254108,0.8010234762890579,8.955055561112788e-06,1.1404951141252725e-07,1.068470121916279e-05,8.332809599680177e-06,0.013395163282509663,1
0.3389495340712049,0.6543852998478641,1.5043749883147204e-05,1.7570723066990355e-07,1.6635542045114206e-05,8.938621750030807e-06,0.006624372460021951,1
0.37068537306653787,0.6287801870552021,1.6390137087968954e-05,2.5057772552654164e-07,2.350078891650418e-05,1.5691639801493743e-05,0.0004786067347285845,1
0.28577988648080566,0.7139834276397322,1.5937814519613093e-05,2.2544350917806632e-07,1.741289590399126e-05,1.1859069946156636e-05,0.0001912506555834335,1
0.3236506137273292,0.6762608721291452,1.6358015139401385e-05,2.6745000388601514e-07,1.788010017392958e-05,1.2171734429442935e-05,4.183684377900521e-05,1
0.778124532360057,0.22183003984650623,2.1743582425747657e-05,1.6348677646185988e-07,6.1521384538427414e-06,1.3569640999951714e-05,3.798944780927846e-06,0
0.7090207743665965,0.2909227310590672,2.2247488583544816e-05,1.5838274510827333e-07,8.06929357173033e-06,1.2352049208937113e-05,1.3667360226878928e-05,0
0.7032920235065325,0.29665359598361885,1.9082388306648986e-05,1.6150271485175445e-07,9.23274595209124e-06,1.1858496335690996e-05,1.4045376539355365e-05,0
0.8019491224774125,0.19782804602107432,2.000699772490943e-05,1.7868810845603252e-07,1.005924113308039e-05,1.6697343809516402e-05,0.00017588923073731736,0
0.8186824456352403,0.18088224092662245,2.0424460066304117e-05,1.9621868026928204e-07,1.0359532911868468e-05,1.4778628486982646e-05,0.00038955459799166814,0
0.8037365016638447,0.19582176294939788,2.0051589196256178e-05,1.9263649352876836e-07,1.0170408301592408e-05,1.4508828450939213e-05,0.0003968119243151453,0
0.8018277441666513,0.19755892128093983,2.0429880834840942e-05,1.824649961255696e-07,1.2604791382257882e-05,1.5668350591501024e-05,0.0005644490646040161,0
0.7267107346797383,0.2727912050247848,2.072930535335609e-05,1.7544130418892636e-07,1.3854503290551538e-05,1.702987641592829e-05,0.0004462711691125431,0
0.5874465382395054,0.41229901171000705,2.496253321350665e-05,1.9283015172783538e-07,1.090487446062091e-05,1.5215874063817644e-05,0.00020317393859777124,0
0.7228166410792273,0.27693886737059076,2.2322355161917932e-05,1.314588908680894e-07,8.024761722242132e-06,1.1750338891010356e-05,0.00020226263551603016,0
0.7352149201634126,0.26454766689624454,2.123739671675436e-05,1.255769665056925e-07,7.665706194199915e-06,1.1340429046849806e-05,0.00019704383141872964,0
0.7566093321376348,0.2431738754457512,1.8640886943216637e-05,1.3008649952771524e-07,5.770443476534111e-06,1.1127073405759561e-05,0.00018112392628873313,0
0.7280681708702877,0.27119852206817663,2.0144364321173946e-05,1.6109956714812306e-07,8.368311003734488e-06,1.815662386747596e-05,0.0006864766627761202,0
0.8744461151561029,0.12398052855876876,2.8231450748893032e-05,2.1390328811770951e-07,1.6700319667472214e-05,1.5496061670936904e-05,0.0015127145497529383,0
0.8241990193955212,0.17086073869501356,3.101045098020593e-05,2.515772163714034e-07,2.0361368508343134e-05,1.7904634475896514e-05,0.004870713878284445,0
0.8708412546452422,0.12705981852803963,2.7112600688106858e-05,1.829961075333628e-07,1.651416744522478e-05,1.5256701912467664e-05,0.0020398603605646685,0
0.8761024670649488,0.12289496065027819,3.2147533163980985e-05,1.8668999113604102e-07,1.6549963600119395e-05,1.4533934088811011e-05,0.0009391541639289948,0
0.8074840054479107,0.18563332172701943,2.525563948355722e-05,2.2385021720463305e-07,1.341967764344097e-05,1.898175317630335e-05,0.006824791904549471,0
0.7978814418794519,0.1950607955650231,3.0961336540697366e-05,2.7074934613207427e-07,1.6661087747490343e-05,1.729996578042478e-05,0.006992569416110231,0
0.7883688172372331,0.2042988225001573,4.156719460245287e-05,2.562242226064934e-07,1.576725601323091e-05,1.70030125014169e-05,0.007257766575269821,0
0.7719097417473344,0.22170342578939536,3.4690863674650015e-05,2.144167982520963e-07,1.4184962017432973e-05,1.7293605886594875e-05,0.006320448614893241,0
0.7198860951271148,0.27869292024893577,2.4667320680760466e-05,1.6185930017371375e-07,8.865403057873717e-06,1.2809909364266953e-05,0.0013744801315465067,1
0.10539088301102818,0.874803564975286,1.7916380230887048e-05,1.4802835448773456e-07,0.019771563743797033,1.2833398098529921e-05,3.090463205032161e-06,1
0.09676517212263507,0.8952402941435487,1.4178349385091888e-05,1.309291057661372e-07,0.00796307158743979,1.2217924878208884e-05,4.934943007282039e-06,1
0.1461014896002542,0.8507231203595222,2.383347581057041e-05,1.6556677020625496e-07,0.0031329238849728625,1.4766414515835263e-05,3.7006981542651e-06,1
0.1726786730384962,0.827263939272446,2.0533848817016466e-05,1.6190107901693662e-07,1.456149353803803e-05,1.602491673512676e-05,6.105528888679629e-06,1
0.6060138002324754,0.3939209950025301,1.9691163548804313e-05,2.1741387303522173e-07,1.603564437826097e-05,1.1918343558186315e-05,1.734219963613084e-05,1
0.5746780534010724,0.42524934233543554,2.083304598658893e-05,1.966199945562753e-07,1.575266543082168e-05,1.2869069493023327e-05,2.2952862587079004e-05,1
0.6200183516252082,0.37991340174575,1.8538439630286434e-05,1.8982250728925765e-07,1.5208069023272941e-05,1.2150954750221742e-05,2.215934313078271e-05,1
0.6150715017583586,0.38477526124115835,1.911817734249933e-05,2.0617233971191043e-07,1.6814950485904547e-05,1.292557920169558e-05,0.00010417212111344335,1
0.6232906126916774,0.37656395681819704,1.7813040763216682e-05,2.109002329265077e-07,1.599065360743231e-05,1.2350465286230838e-05,9.906543023560673e-05,1
0.5318178324605194,0.46812812159206,1.4346025549409884e-05,1.7302846969633262e-07,9.920029008062504e-06,1.318491122538111e-05,1.6421953167997555e-05,1
0.5285570931000235,0.4712666771903041,1.9412579495551988e-05,1.7975251652945684e-07,1.2493318830838421e-05,9.708010681052582e-06,0.00013443604814853457,1
0.8621550504254131,0.13687897043578215,1.89378111420142e-05,1.4418752781521423e-07,1.151283341227862e-05,8.977622771939438e-06,0.0009264066839508788,1
0.9106405064450859,0.08848501387086442,1.3662722635799277e-05,1.2649647828623865e-07,1.0100269446437637e-05,7.666545364961374e-06,0.0008429236501243201,1
0.8945827539206487,0.10459884501053869,1.4576746580647163e-05,1.349589797344933e-07,1.0407738170863407e-05,7.763637173338655e-06,0.0007855179879079698,1
0.8678772609537236,0.1303289743502776,1.7379720035595682e-05,1.6091034244837575e-07,9.67085308382425e-06,9.509546047374858e-06,0.0017570436664896372,1
0.9098248896603846,0.08829070927456929,1.3305797778473834e-05,1.3846814995138858e-07,9.022425752886577e-06,8.183248062379771e-06,0.0018537511253023794,0
0.925037559888595,0.07300011185276278,1.208288397063368e-05,1.2852579761216998e-07,6.149099960401609e-06,8.182141225631333e-06,0.0019357856076878345,0
0.9157784724711633,0.07886766862411436,1.4264517414868195e-05,1.377334723911169e-07,7.599145176635173e-06,8.602558028829898e-06,0.005323254950629598,0
0.9086692029574726,0.07636410756371209,1.3203035536626319e-05,8.072522100505202e-08,1.1588918749895467e-05,9.665906063721821e-06,0.014932150893243944,0
0.9082085847574854,0.076325397439439,1.3196342717673665e-05,8.068430016623423e-08,1.1583044151221937e-05,9.661006269343596e-06,0.015431496725637091,0
0.9069975939388967,0.08280250081512854,1.4193872316581108e-05,8.678333679364458e-08,1.1250164366824702e-05,1.0391294949706053e-05,0.01016398313100465,0
0.9005734275334091,0.0921618201740488,1.4438648665768048e-05,8.827993390800595e-08,1.1495133455923232e-05,1.0570495042843597e-05,0.007228159735443681,0
0.7348212346455049,0.0607783095943094,2.28687968944754e-05,1.3966363901474463e-07,1.5767994227662262e-05,1.8916863015249897e-05,0.20434276244240945,0
0.6317836763627209,0.07268628769844279,2.7505905746420626e-05,1.6416901015245355e-07,2.013745436018769e-05,1.6877704757995904e-05,0.2954653507049615,0
0.1954208415889066,0.022623642999864864,1.3384828498401004e-05,9.817593620162591e-08,5.292097599213584e-06,5.592830485057122e-06,0.7819311474787097,6
0.19247755972020314,0.02280797714813495,1.2879536211727118e-05,5.431119053008033e-08,5.28332975148349e-06,5.583564388740134e-06,0.7846906623901194,6
0.13942117289654865,0.01433025857199854,1.6467582285524827e-05,4.702327337394144e-08,6.6078775033250075e-06,4.834316318426397e-06,0.8462206117320722,6
0.00719596428725651,0.0004892582669950222,5.978406997462011e-07,7.669131374045917e-09,8.475078311511679e-07,3.7463132196507396e-07,0.9923129497967641,6
0.010915663535731672,0.0004274972515098257,1.2545090267086764e-06,5.420060455450984e-09,9.163047625255315e-07,5.863101935051957e-07,0.9886540766687152,6
0.00793015801213984,0.00035310114694818347,1.0683960691168044e-06,8.330253590718503e-09,8.603108456827232e-07,4.880344868285298e-07,0.9917143157692568,6
0.09050509826603875,0.002286737623658737,9.584209841645984e-06,7.481028259712213e-09,1.12423952799343e-05,5.067467034825567e-06,0.907182262557118,6
0.25767968919944584,0.32396142559389757,2.2987688689754258e-05,8.270758530754234e-08,1.1436566261054977e-05,1.4578741377039693e-05,0.41830979950274344,1
0.14039282236921247,0.6987739253010589,1.8443851451247337e-05,5.975711380792797e-08,9.036792993396498e-06,1.1155731743663617e-05,0.16079455619642652,1
0.10978823935824424,0.84327807471428,3.0534023837763275e-05,1.0090995244205205e-07,2.1051339255701743e-05,1.596033255615188e-05,0.04686603932187389,1
0.11274037297790443,0.8388191973151053,3.610335182133137e-05,1.2127519874321062e-07,6.946111274868898e-05,2.1632598164973187e-05,0.04831311136905646,1
0.8947839804710515,0.10169610761403594,1.7596792399386818e-05,1.753857502092636e-07,1.0761698772388123e-05,1.0875928023453462e-05,0.003480502109967188,0
0.9216585727231433,0.06476512381046609,2.221279015894384e-05,2.5867661308362934e-07,1.7429776048349543e-05,1.714018741607168e-05,0.013519262036153811,0
0.6108374061514414,0.3834673156159735,1.9407135558268863e-05,2.4028926539247666e-07,2.3121770337639602e-05,1.5921822208046712e-05,0.005636587215215699,1
0.3955168528011512,0.5946432211986206,1.2791334233345158e-05,1.7475468676694866e-07,1.7115156221381054e-05,1.070064331465624e-05,0.009799144111772129,1
0.36340213556639367,0.632145186317985,1.1742537150877721e-05,1.4539011269110563e-07,1.3693324379098536e-05,1.097314283709381e-05,0.004416123721141635,1
0.20348142393299873,0.7910822969596989,7.517240774258493e-06,1.3759715325606429e-08,8.902613801866512e-06,7.150260793545972e-06,0.0054126952322172085,1
0.17163304098101304,0.812136872107861,9.829713190438457e-06,3.041706412540264e-08,1.483077424868508e-05,7.458564483725095e-06,0.016197937442139,1
0.31751114697778,0.6788836744671932,1.712488536262089e-05,1.6587937806428244e-07,1.74465911765753e-05,1.0175180653633942e-05,0.0035602660184559406,1
0.25738720069277654,0.7413470789620256,1.6603341230449435e-05,6.354984702882182e-08,2.3655796440064913e-05,1.5895757838459144e-05,0.0012095018998418397,1
0.2434317354009888,0.7553638844530833,1.7374265964051272e-05,2.0809189431096416e-07,2.2476737722858458e-05,1.5103477101113292e-05,0.0011492175732456338,1
0.32734627003051286,0.6725638237836837,1.747298979450406e-05,2.8567959795954965e-07,1.7937714996964516e-05,1.3001369032530003e-05,4.1208432381526304e-05,1
0.7774345165151892,0.22252003855777644,2.1751783259546027e-05,1.6354843731680747e-07,6.154458801243489e-06,1.3574758940885513e-05,3.800377595178394e-06,0
0.7169537050060353,0.2830026761564574,2.238010126423159e-05,1.4640227655476382e-07,5.226472509189666e-06,1.215160257861746e-05,3.714258878648784e-06,0
0.6904211991981315,0.30953098211254415,2.001610606959966e-05,1.4193802997315833e-07,5.0562097927862794e-06,1.247696639721174e-05,1.0127469034572493e-05,0
0.6826987490777847,0.3172527983490245,2.1706080596922516e-05,1.4035043480962476e-07,4.999655434420473e-06,1.1592294736739531e-05,1.0014191987813679e-05,0
0.7991571739312209,0.20063171015479866,2.02845107458349e-05,1.812205170344797e-07,1.0201802989928014e-05,1.5722085471907522e-05,0.00016472629425593968,0
0.7741299056745953,0.22534593075083628,2.0962316434373018e-05,1.774133803027776e-07,1.3310407264909698e-05,1.52345660879209e-05,0.00047447887140066844,0
0.7440591549598861,0.2557053327477568,2.1013792159740205e-05,1.4081828735308457e-07,6.246489609478575e-06,1.2045027162232808e-05,0.00019606616513815646,0
0.7681667384494084,0.23162248196663554,1.9486988241552047e-05,1.1522678143388705e-07,7.033890662866324e-06,1.1074586231631214e-05,0.00017306889203853615,0
0.60202388226844,0.39730809085728336,2.3212313121881323e-05,1.702783103653693e-07,8.845100477629918e-06,1.7108322218869953e-05,0.0006186908601479461,0
0.8250091320742281,0.16955567003955718,3.196445088526886e-05,2.5931669235282367e-07,2.0987761966352164e-05,1.8455449412483365e-05,0.005363530907258266,0
0.8166022405707921,0.1817079903909636,2.9834104060883008e-05,2.426476980976576e-07,1.726995263491966e-05,2.1943807466107026e-05,0.001620478526384324,0
0.814836410114196,0.18008040405663567,2.5273707855503447e-05,2.2588844628461513e-07,1.354186817583542e-05,1.9154588216608966e-05,0.00502498977647384,0
0.7987338895179675,0.19446534408871846,2.681724932656976e-05,2.3968413414602705e-07,1.3328394173850591e-05,2.0324416618621455e-05,0.006740056649060691,0
0.756217868590504,0.2335379180559917,3.574323829388447e-05,3.117219526257373e-07,1.7433990563974688e-05,1.9973144760987445e-05,0.010170751257932872,0
0.7692733829158795,0.22200461162042878,3.317202835280106e-05,2.8929805871732327e-07,1.617986665157821e-05,1.8271900597882394e-05,0.008654092370030664,0
0.7298146894445308,0.26139717727250544,3.3645726409181105e-05,2.643898466987216e-07,1.69419983722863e-05,2.351699118782002e-05,0.008713764177147811,0
0.7613415048317831,0.23457932640183526,2.78661381193693e-05,2.3193349580200805e-07,1.2971580420377547e-05,1.9794829384423462e-05,0.004018304284961756,0
0.7834353430115668,0.21331969736121797,3.848519604919568e-05,2.3722648434353967e-07,1.5796179206771888e-05,1.539699260535291e-05,0.0031750440328695484,0
0.6507897570803106,0.3480412751840364,2.4666273965518092e-05,1.7491325841649413e-07,9.413855721031651e-06,1.4650281920956685e-05,0.0011200624107871634,1
0.628409713490204,0.37012476814983575,2.3552683041857623e-05,1.6701657255008514e-07,9.147878629229198e-06,1.4376018618501178e-05,0.0014182747630980357,1
0.694631379713754,0.3036774505488017,2.641009855789359e-05,1.7329486754650151e-07,1.1061293414223243e-05,1.6641529772350783e-05,0.001636883520832534,1
0.7222721868934808,0.2750343222276202,3.136946437755922e-05,1.841565704307875e-07,1.3726112227916749e-05,1.3275553526359242e-05,0.00263493559219657,1
0.11375972571734418,0.8828251867156295,1.9088955306821984e-05,1.7462715781142954e-07,0.0033787127545020627,1.2882174863585174e-05,4.2290551960657005e-06,1
0.10734384652187044,0.8768423267895791,1.56850284381452e-05,1.4812171033384434e-07,0.015779936679544124,1.1576320708570642e-05,6.480538149431639e-06,1
0.07597307528929394,0.9153374410140569,1.1590120796071461e-05,1.0702826614970685e-07,0.00865946477933315,9.094731638542356e-06,9.227036615647312e-06,1
0.12184405881700211,0.8779534750845118,2.0671019653475877e-05,1.540619683410656e-07,0.00016418588467773291,1.4013390109321846e-05,3.4417420771752232e-06,1
0.1185715436984749,0.8813813793831079,1.7649404233135124e-05,1.3154174306765313e-07,1.4545054084431387e-05,1.1964963067240376e-05,2.7859552894465837e-06,1
0.158655298371584,0.8412936903862881,2.053601588718991e-05,1.6160494983960682e-07,1.297248970151381e-05,1.3921867752180896e-05,3.4192638370693737e-06,1
0.12080186027999422,0.8791382049360059,2.4887716755885205e-05,1.5933023932558687e-07,1.536083244532424e-05,1.5677590601726554e-05,3.849313957767569e-06,1
0.1210613482488255,0.8788858526373177,2.5066799041691544e-05,1.7420406103059443e-07,1.5927455461189914e-05,8.96920003912131e-06,2.661455253697619e-06,1
0.08904126113506391,0.9109246556400237,1.4442278033145723e-05,2.1926140512563408e-07,8.994028056914203e-06,7.241481895572587e-06,3.1861755214565394e-06,1
0.10767266674371447,0.8922884616420375,1.6159749508637638e-05,2.453359072308626e-07,1.0063595240295698e-05,8.83785901013385e-06,3.5650745816638904e-06,1
0.12500490859915353,0.8749523246915207,1.729855804830174e-05,2.659025608116015e-07,1.0912950178405395e-05,1.0423336090013443e-05,3.865962448113557e-06,1
0.13446216765472188,0.8654940313074924,1.57846521122367e-05,2.6587898210143803e-07,1.072320759595797e-05,9.577892547784428e-06,7.449406547482846e-06,1
0.5463091467347485,0.45363419175057074,1.825285268173213e-05,2.0153320984009027e-07,1.5848289482263753e-05,1.1249883097388186e-05,1.1108956209603498e-05,1
0.6443486039821149,0.35558978756115545,1.931899308599914e-05,2.1802553720301306e-07,1.4386352091546386e-05,1.2767728092912882e-05,1.4917357922007687e-05,1
0.44823377096818984,0.5516580832760495,1.787695331836472e-05,1.6553324856142768e-07,1.148329083724393e-05,8.94006145855725e-06,6.967991689808863e-05,1
0.5500502395464257,0.44972464617969066,1.9424591542481918e-05,1.3934370001268784e-07,1.0745878105662117e-05,8.676029011076539e-06,0.0001861284315243752,1
0.9136815173209164,0.07660123019215129,1.27978162374899e-05,1.274748321011375e-07,6.615973753571926e-06,7.961823813251291e-06,0.009689749398295682,0
0.8679196932651623,0.12818489087524648,1.0028355127337704e-05,6.131477732720985e-08,6.954053209173285e-06,7.341731253058339e-06,0.0038710304052243733,0
0.6033199590145446,0.3928115507417686,7.967892080206705e-06,4.8716815715202185e-08,5.525247639033072e-06,5.912627161167814e-06,0.003849035759990754,0
0.22469028100197286,0.028427911350586296,2.0916354899011977e-05,5.972676846844584e-08,7.5854676498485274e-06,6.140323094008387e-06,0.7468471057750294,0
0.16320746793663113,0.01921536905840721,1.1493615942181814e-05,8.430414372514628e-08,4.544349398363209e-06,4.802590158899107e-06,0.8175562381453185,6
0.12726900887357812,0.010074399955042827,1.011061051211779e-05,7.415998290271288e-08,5.7746164771589755e-06,4.224703417116376e-06,0.8626364070809898,6
0.009604363487758899,0.00037614195234930687,1.1038046978769513e-06,8.606333656340112e-09,8.062289549372685e-07,5.158766754370007e-07,0.9900170600432298,6
0.010576411121518928,0.00011813364835147283,9.10527915882283e-07,1.0396401284132753e-08,8.257602008087886e-07,5.75686243229583e-07,0.9893031328593686,6
0.01029350496003548,0.0001266997370030396,9.05576824416271e-07,1.0399286991708753e-08,5.717994664518293e-07,5.758460352680089e-07,0.9895777316813482,6
0.09413511397105485,0.0022776039769396546,8.146055701467113e-06,7.451147669778e-09,1.5269802947522777e-05,5.047432968376486e-06,0.9035588113092405,6
0.12304518325310813,0.8359573855251011,3.9403307116766326e-05,1.3236011784651472e-07,4.581619950177751e-05,2.3608917828107534e-05,0.04088847043722623,1
0.9095053460303849,0.08462277078366309,2.935479975475823e-05,2.9257682084209744e-07,1.795256233718419e-05,1.814311847463546e-05,0.005806140128564597,0
0.9239896855824422,0.06851510931736315,2.8104475198033054e-05,2.801149411194071e-07,1.7869533268348365e-05,1.7370339005726497e-05,0.007431580637781413,0
0.9241324531757719,0.06857943563724818,2.7881676691675953e-05,2.77894327140674e-07,1.4702366835873055e-05,1.7232635470680123e-05,0.007228016613654654,0
0.9217061704312267,0.06570567228050266,2.1105017848885813e-05,2.903493253064599e-07,1.656053705861822e-05,1.8004988204135992e-05,0.012532196395833878,0
0.92172895402461,0.06358729817886889,2.2000129653978413e-05,2.85951301045755e-07,1.3410137523746853e-05,1.4248309969982846e-05,0.014633803268072405,0
0.8800472130736777,0.09451604071236162,2.6750948974616034e-05,2.881658039610448e-07,1.6554587926207448e-05,1.5709914071980025e-05,0.025377442597183875,0
0.4869376066985161,0.5089144559208761,1.5470670339521114e-05,1.9154995851146094e-07,1.8675078320728314e-05,1.2692303912939172e-05,0.004100907778075944,1
0.27627725350922727,0.7163572907577236,9.955778509728944e-06,1.561104464718525e-07,1.0764916284990816e-05,8.454592100880738e-06,0.007336124335707121,1
0.20295412840667115,0.793751821057797,6.855741096177397e-06,2.534216218973998e-08,8.225506309284475e-06,5.843239197777385e-06,0.003273100706766393,1
0.27308578242845116,0.7054517570649912,1.010036711226388e-05,2.859238423461412e-08,1.41446387228787e-05,5.768478700973958e-06,0.021432418429637338,1
0.2190549762014634,0.766786189318241,8.460731744945058e-06,2.395086141609005e-08,1.184847961794682e-05,4.8320571245484765e-06,0.014133669260946554,1
0.4078841876262692,0.585175296078346,1.8103307670136038e-05,2.1144211853060163e-07,1.924437491247405e-05,1.0756534836374489e-05,0.0068922006358473455,1
0.41848000893694365,0.5810963773668136,1.668196377419107e-05,2.908477104789288e-07,1.7583946092180016e-05,1.4501657703779396e-05,0.0003745552809618929,1
0.7807927952741605,0.2191620623295964,2.3377892170238657e-05,1.529294525688662e-07,5.364582827492282e-06,1.2693367711992196e-05,3.5536240805517524e-06,0
0.6857144054941039,0.3142343479099459,2.363355065295076e-05,1.409703988711359e-07,5.021740201692366e-06,1.2391907440516947e-05,1.0058427256097232e-05,0
0.7723191701261145,0.22746283772091094,2.0693067737464834e-05,1.751346091750662e-07,9.859197009034701e-06,1.5194092476933074e-05,0.00017207066114198824,0
0.7920817434844775,0.20724772283056567,2.0175562807705373e-05,1.9388513952975962e-07,1.237855563710749e-05,1.57234884073937e-05,0.0006220621929649419,0
0.792673894727167,0.20682689745097907,2.0334067144123746e-05,1.8166325071599656e-07,1.3604379858289167e-05,1.559950435562534e-05,0.0004494882072450658,0
0.7420897632456729,0.25767482719298135,2.6557485358044266e-05,1.3959227441048946e-07,6.192105500347887e-06,1.1940158970235985e-05,0.00019058021924268475,0
0.7681696561130134,0.23162336171897563,1.9566138827624146e-05,1.2985669336942627e-07,5.7602496174343545e-06,1.182136550890021e-05,0.00016970455736360274,0
0.817642580237784,0.18216383694985977,1.851859459746073e-05,1.3807230654110224e-07,5.164786717321281e-06,1.159302198853293e-05,0.00015816833674642538,0
0.8291856191231725,0.17062484706379732,1.893988819971826e-05,1.205971882655948e-07,5.051224818014987e-06,1.0731527641563096e-05,0.000154690575182564,0
0.680077845151072,0.31926016021308373,2.163987612454343e-05,1.5874340155827188e-07,8.245920070095024e-06,1.6604624733829643e-05,0.0006153454715143043,0
0.7113691310718003,0.28800697334513636,2.039446001691361e-05,1.496074162992624e-07,7.7713516567446e-06,1.5648996938843998e-05,0.0005799311670344468,0
0.7744542606333406,0.22307764720209733,2.105983675136131e-05,1.984253681842904e-07,8.637585260389265e-06,1.7411517971185623e-05,0.0024207847992110025,0
0.7963054992099768,0.20115704628643596,2.165404036109118e-05,1.5324161334051915e-07,8.881294858030902e-06,1.767864813441456e-05,0.0024890872786201743,0
0.8260204407105793,0.17093871459311652,2.204956313918321e-05,1.932181046578213e-07,8.76720777724329e-06,1.430731485144063e-05,0.002995527392431826,0
0.8784790651718245,0.12006120448442364,2.81556853188179e-05,2.466361055639469e-07,1.8713413070963887e-05,1.9525801547553923e-05,0.0013930888077089653,0
0.8263545386644615,0.17139419578686196,3.6115443220851936e-05,2.937352884951024e-07,2.06654976930597e-05,2.6563905890192134e-05,0.0021676269665838192,0
0.8294662493996044,0.16423228751611404,2.784907903625831e-05,2.489063033379961e-07,1.3033582740750329e-05,2.1747470796415277e-05,0.00623858404540482,0
0.7854151018501203,0.20730669979873081,2.6591159336373875e-05,2.3140061530766556e-07,1.2341397523055471e-05,2.0592509945899152e-05,0.007218441883728265,0
0.8340948728062443,0.1609285874705809,1.7704209208294045e-05,1.844778145048827e-07,2.157282548398737e-05,1.4881385252445377e-05,0.004922196825415518,0
0.7546532841466249,0.23955236279661182,2.0725759597070802e-05,2.1537924162751783e-07,1.0963179340321438e-05,1.5746772037953913e-05,0.005746701966546291,0
0.7985352879087858,0.19754310984184298,4.210322755503146e-05,2.5952838176083305e-07,1.3975545393350364e-05,1.7269977941217715e-05,0.0038479939700998386,0
0.6830136148755431,0.31525161614478986,2.1180274376641928e-05,1.617958330871619e-07,9.829461086661245e-06,1.1568338104105914e-05,0.0016920291102666273,1
0.6519623175768906,0.346504597173683,2.966794171158229e-05,1.7463920958767122e-07,1.5332076154928055e-05,1.6599317563984215e-05,0.001471311274786133,1
0.7240403326563155,0.27511336580181117,3.214242650370759e-05,2.1029210528574595e-07,2.1283387991136716e-05,1.3913008898316537e-05,0.0007787524263747602,1
0.7050480784329229,0.2936580849575155,5.062709094014512e-05,7.631992197401658e-08,4.0051581875777826e-05,2.2778516741767378e-05,0.0011803031000819143,0
0.12959858019291934,0.8689929199655616,2.212738267098519e-05,2.210608999679248e-07,0.001360168326959107,1.765100397910562e-05,8.332067010034012e-06,1
0.1871708649390488,0.8111249771607726,2.1043802666884146e-05,2.102355269694309e-07,0.0016603671840095403,1.2935312905327175e-05,9.601365070068534e-06,1
0.10231217041268836,0.895567443874961,1.9749407363951538e-05,1.806690214835619e-07,0.0020615713514223477,1.4788016190203746e-05,2.409626835275111e-05,1
0.11698953199871505,0.8718740051369601,8.71530061007916e-05,1.5514161288793476e-07,0.010923177824097383,0.0001224741044428991,3.502788070695584e-06,1
0.1578884818786136,0.8360111949494624,9.42637690570213e-05,1.6989163885131171e-07,0.005760158217271899,0.00024174265460310282,3.98863935311546e-06,1
0.07539877093336193,0.9186267785179681,1.1334273792708578e-05,1.0703531881938956e-07,0.005944686263983987,9.095330939459834e-06,9.227644634853281e-06,1
0.06699548620846106,0.9305892259317035,1.424105019382678e-05,9.83358097958027e-51,0.002385622049910104,1.0196335561121492e-05,5.228424170547085e-06,1
0.09828078828514153,0.9016586133987714,2.1974909795380848e-05,1.6937795105930536e-07,2.020354194718645e-05,1.4464601882548283e-05,3.7858845109892425e-06,1
0.09484922046887138,0.9050886310339586,2.120763478126024e-05,1.6346395773688154e-07,2.316414524276777e-05,1.3959556459517055e-05,3.653696728710434e-06,1
0.1332186535223813,0.8667320120484536,2.4534137182446618e-05,2.388175112919009e-07,1.231251405345361e-05,8.778607264956888e-06,3.4703531528379593e-06,1
0.08868619892518452,0.9112714410942389,2.048613053324861e-05,2.3799492043448032e-07,9.429085425757433e-06,8.748369942584773e-06,3.458399754780578e-06,1
0.12012888543050962,0.8798272716655937,1.7192582906597584e-05,2.608795347048801e-07,1.0341165798832022e-05,9.402721475808112e-06,6.6455541807742345e-06,1
0.5326327366869489,0.46730917043237696,1.880309200637742e-05,1.9300524324928742e-07,1.632604231649505e-05,1.13269011041448e-05,1.144384000387219e-05,1
0.5837156170851572,0.4162317650717503,1.7212802641287216e-05,1.900498199996103e-07,1.4945251781559155e-05,1.0740554218484072e-05,9.529184631239239e-06,1
0.5962335591121928,0.40371286497748604,1.8015747119226124e-05,2.1956789647819337e-07,1.5413859343382697e-05,1.1866814140545207e-05,8.059921821625978e-06,1
0.6265528323516943,0.37338833735055205,1.8936240191681634e-05,2.196613783295945e-07,1.505554445084821e-05,1.3604930064812452e-05,1.1013921667800009e-05,1
0.6118574942620125,0.38808718656515007,2.107575919632224e-05,2.7314975321181916e-07,1.5962165368427967e-05,1.3340347003139069e-05,4.6677515163729e-06,1
0.5199052212417129,0.47914433642047083,2.7035351155886834e-05,1.860035772207032e-07,1.3998792397178784e-05,1.0865702045687316e-05,0.0008983564886404193,1
0.48984613106380837,0.5088237079328867,3.358086436247732e-05,1.6290189211791693e-07,1.2260139309904142e-05,1.0349831630546132e-05,0.001273807266109723,1
0.6758437103294134,0.3217564532266548,2.687212531182845e-05,1.928256915646356e-07,1.1379381767498339e-05,1.3557676683092915e-05,0.0023478344344778305,1
0.7936931598552331,0.20195500171216776,2.714230989741887e-05,1.8482263248081058e-07,1.0700901652566463e-05,1.2749318705295994e-05,0.004301061079711386,0
0.9256327006233859,0.06962842230645484,2.0385008421513736e-05,1.1710548764188679e-07,8.288883937069295e-06,9.5381184253704e-06,0.004700547953887513,0
0.9278845087698405,0.06105561340215617,1.2537934721068915e-05,1.0964021929489298e-07,8.802403886997185e-06,8.69246552204964e-06,0.011029735383654026,0
0.9260122473183334,0.06196676182453768,1.117432495978559e-05,6.16605647072575e-08,8.933764395358223e-06,8.822185392274403e-06,0.011991998921816413,0
0.5517394787327261,0.4440959880448695,1.9112084051579162e-05,1.561328033172124e-07,1.0987829183999769e-05,9.979276331568352e-06,0.0041242979000339535,1
0.06102117319755291,0.005486019607112476,6.801209342141096e-06,4.328440844833416e-08,4.023675163637947e-06,2.465801381311387e-06,0.9334794732250392,6
0.017494416265391083,0.000841718217641227,1.6896188195864183e-06,1.6424808649987843e-08,1.6627197733404027e-06,9.107822149864339e-07,0.9816595859713512,6
0.01549962231087288,0.0001556389810355442,1.2285345442829051e-06,1.659033117697213e-08,7.892091842194332e-07,9.013749885404443e-07,0.9843418029990433,6
0.09447225007440184,0.0021925962299021184,9.697920172346658e-06,7.477833258023237e-09,1.123759387153692e-05,5.065509877311734e-06,0.9033091451939417,6
0.10281858088447476,0.0031997072160006483,1.0448748630394984e-05,8.056779043808729e-09,1.5935924056984128e-05,5.457689736788781e-06,0.8939498614803214,6
0.05198633224875427,0.0014106620917248298,5.104752565319207e-06,3.936152064415959e-09,4.907254504359267e-06,2.8679296242193684e-06,0.9465901217866749,6
0.28532529117958316,0.5492697890520891,3.4910768235218546e-05,9.756601764853477e-08,1.349114741429856e-05,1.781594309767175e-05,0.16533860434356273,1
0.21896047731563265,0.7537796251722452,3.7335746058934724e-05,2.6144619252083797e-07,2.0637564289185222e-05,2.453152351992502e-05,0.02717713123206188,1
0.16856184507880062,0.7984370307304144,3.954768904318515e-05,2.769354791254929e-07,1.8072292434011067e-05,2.8261255953743656e-05,0.03291496601787501,1
0.09298882076562325,0.8582790052333542,3.096790787339558e-05,1.0938122517243132e-07,6.046694969843725e-05,1.951099742955584e-05,0.048621118764796016,1
0.059318533403747827,0.9357838058529371,2.1510104405293065e-05,6.813558487552761e-08,2.41295938113175e-05,1.2153760567885544e-05,0.004839799148945952,1
0.9280442689924845,0.06625106956638528,2.822780118387894e-05,2.813441208504035e-07,1.7654878984158707e-05,1.7446562246589878e-05,0.005641050854594741,0
0.952204122262729,0.03184821239746251,2.7073718949875822e-05,2.7902032952804605e-07,1.5914369707523717e-05,1.7302460532891188e-05,0.01588709577028861,0
0.3746176498327143,0.6211561904473983,1.210128089037737e-05,1.4249440961069432e-07,1.5880316146180595e-05,9.441831085364382e-06,0.004188593797355728,1
0.38566532199294273,0.6100838066997978,1.2175878795390527e-05,1.7883510372067726e-07,1.3503328215660572e-05,1.082088944834864e-05,0.004214192375696366,1
0.2752167321265437,0.7219548392952148,7.316289153995894e-06,1.0114428748032863e-07,6.511344948911091e-06,4.997763943370188e-06,0.002809502035907588,1
0.26176043037699503,0.719055567731312,1.0122967805078266e-05,2.8656362868829628e-08,9.252296568862288e-06,5.781386312516982e-06,0.01915881658464357,1
0.3438754618078092,0.6412333166988483,1.1975909275150213e-05,1.466180666574896e-07,1.4642284308769649e-05,7.26379183707833e-06,0.01485719288985483,1
0.3839970555046626,0.6101487066501947,1.6259363301952095e-05,1.9905932465274553e-07,1.86158720664444e-05,1.012659433708117e-05,0.005809036956112589,1
0.34127170554560565,0.6583522609138542,1.5196636663613488e-05,2.3497393099048177e-07,2.3298054798070276e-05,1.502310181594845e-05,0.00032228077333130235,1
0.6586747678376558,0.34124037416415903,2.7622818543547536e-05,1.732887392117192e-07,9.820044149210237e-06,1.482241838008346e-05,3.24194283731018e-05,0
0.6745363509752265,0.32538630813558267,2.085572699785475e-05,1.6821778631889395e-07,9.532679941284016e-06,1.5313526669869064e-05,3.1470737795513454e-05,0
0.8078732939399299,0.1916885637356034,2.0577798335371304e-05,1.931516169213549e-07,1.376744668036383e-05,1.594940633797711e-05,0.0003876545214959625,0
0.7936999709475142,0.20563393365132415,2.0216781596152668e-05,1.8061542915843913e-07,1.3525910699356184e-05,1.550952745117927e-05,0.0006166625659857167,0
0.7420947972165454,0.25767657513189507,2.655766551092382e-05,1.3959322133561656e-07,7.561313630285139e-06,1.194023996638422e-05,0.00018242883923069126,0
0.7799178744326379,0.21987135150436793,1.939057794176162e-05,1.310416687661498e-07,5.812813362117329e-06,1.1929238479636279e-05,0.00017351039154195683,0
0.827252908803003,0.17255173108902364,1.799901479902344e-05,1.2163747478257881e-07,6.423919765120571e-06,1.096002719730146e-05,0.00015985550873721873,0
0.8700047368061614,0.12678786432252268,2.2517264690068442e-05,1.9923190041226033e-07,9.696406491828026e-06,1.475262130687549e-05,0.003160233346926884,0
0.8818613014109108,0.11473349407633496,2.9185707355136578e-05,2.1964436854461822e-07,2.618616052069509e-05,1.5801727178818025e-05,0.0033338112733310747,0
0.859779080661884,0.13743192502458865,2.6040136334994666e-05,1.9023308977520607e-07,1.716725639968863e-05,1.5860061635785794e-05,0.002729736626067099,0
0.8700911682570517,0.12595066277310552,3.0243725872749032e-05,2.2046609446991769e-07,1.225971430914236e-05,1.9205826119710922e-05,0.003896239237446501,0
0.8098984473471588,0.18554318278942425,2.5220142092680723e-05,2.0901984803574167e-07,1.2530606477618448e-05,1.7724187244079947e-05,0.004502685907754635,0
0.7690510053416115,0.21701348451463784,2.1163240027047443e-05,2.460957275816612e-07,1.2447728698313675e-05,1.668710385933138e-05,0.01388496597543803,0
0.6916920222146318,0.2978499421030979,2.3032814886123398e-05,2.6783598968825075e-07,1.4189926742249965e-05,2.2261899015156528e-05,0.010398283205637343,0
0.6160111133440204,0.38240646049086796,2.7005939836247797e-05,1.9834399172468636e-07,1.53457950166945e-05,1.7120651799805862e-05,0.001522755434467187,1
0.7165018516954775,0.2825612298777014,3.3249788259694645e-05,1.9519513944380765e-07,2.2434816178220263e-05,1.598503027115489e-05,0.0008650535969725686,1
0.7292863128999266,0.2700278288724601,3.1528174082257256e-05,1.8508828652767381e-07,2.1273181785274497e-05,1.5313782277322686e-05,0.0006175580011819703,1
0.21573068967465867,0.7824368042126095,2.1086115497016913e-05,2.1065824810407304e-07,0.0017706692444414542,1.2444089843625425e-05,2.8096004701602992e-05,1
0.13778334272826198,0.857118530810933,7.399455627395885e-05,1.5786926350793196e-07,0.004909612528205766,0.00011033432320544665,4.0271838562161874e-06,1
0.1568925353392373,0.8394129812714489,9.199281799465263e-05,1.6579870259810976e-07,0.0032513335029293535,0.00033459330946265055,1.6397960224522276e-05,1
0.07616916720417623,0.9156130886241738,1.2095965069148146e-05,1.1422835739483887e-07,0.008183831685878943,1.0659459418474823e-05,1.1042832926068968e-05,1
0.07628960870715266,0.9235610822505388,1.4133496673816182e-05,9.759314248245976e-51,0.00011876891227063075,1.0119329177049956e-05,6.28730418701995e-06,1
0.0639780072732876,0.9359669189188367,1.563608029599248e-05,1.0166158482911556e-173,2.1273547984866625e-05,1.0255258188542416e-05,7.908921406190524e-06,1
0.07015784250230926,0.9297772472814353,1.7328891039042352e-05,1.465878255919671e-07,2.6527974277497477e-05,1.2141597247709777e-05,8.76516586572862e-06,1
0.08340106681079025,0.9165423810486997,1.9620114279590984e-05,1.541737805461063e-07,1.7750407970812397e-05,1.2897891671329604e-05,6.12955280776454e-06,1
0.11359430346597592,0.8863632133697866,1.76001843971416e-05,2.4357906252406754e-07,9.655381644002657e-06,8.779171140592397e-06,6.204847992913892e-06,1
0.1185867762223524,0.881367900245996,1.8626544403999556e-05,2.613363499004895e-07,1.0359273779906759e-05,9.41918618644588e-06,6.657190931569797e-06,1
0.13555874052093925,0.86439323622159,1.8377357166721594e-05,2.6242501461588435e-07,1.0226369677958104e-05,9.457049222646258e-06,9.700056388658214e-06,1
0.5731478593373249,0.4267923783845519,2.1240470826093628e-05,2.8692606797104356e-07,1.7755159291354164e-05,1.3416350680882434e-05,7.063371256966256e-06,1
0.5680043121831022,0.4319375209717754,1.9927681764469475e-05,2.81356920633613e-07,1.7410537072842187e-05,1.2061499413099612e-05,8.485769951259272e-06,1
0.5556399726587329,0.4442981472678225,2.0537116964977797e-05,2.2675420521832536e-07,1.7316274706018788e-05,1.2430368326209188e-05,1.1369559242096438e-05,1
0.636095186106382,0.36385504459299745,1.877416591066902e-05,3.0532465249282264e-07,1.4901823599021238e-05,1.1781083343033353e-05,4.006903115237694e-06,1
0.7189128999939374,0.2810349784978321,1.652179535503581e-05,2.823049782353509e-07,1.7301080734266568e-05,1.1447408785324058e-05,6.568918377475846e-06,1
0.7558792747134755,0.24407899997655172,1.3879856417036208e-05,1.3989634752300162e-07,1.0788497059950622e-05,9.593335189178125e-06,7.323724959127341e-06,1
0.3859338656237303,0.6139909861899054,1.5081692071159024e-05,2.3505823831931356e-07,8.836835287060522e-06,6.9021674979410535e-06,4.409243326964664e-05,1
0.3492776736492935,0.6505708160216309,1.7910756926271424e-05,1.6506871083517262e-07,1.1270126214769026e-05,8.894695759482849e-06,0.00011326968146439365,1
0.5260590559968743,0.4724706531862682,3.584481602090667e-05,1.7456170355987634e-07,1.313766694784073e-05,1.109062772382197e-05,0.0014100431444612114,1
0.880672603868592,0.11330175209467558,2.5920118628214818e-05,1.75815424672805e-07,1.0539551934528282e-05,1.2127989155728972e-05,0.00597688056158916,0
0.8235952310359158,0.1728416739416931,2.648932132398095e-05,2.0857607155769257e-07,1.67454136339871e-05,1.5284312964374873e-05,0.003504367398397343,1
0.425703319963016,0.5700146524390176,1.1659168997829622e-05,6.74194163411627e-08,8.831890818850593e-06,7.98910010103796e-06,0.004253480018632379,1
0.46048644177365344,0.5349038099849561,1.2017662663336527e-05,1.254102406236947e-07,9.103451932133701e-06,8.015634251116786e-06,0.004580486082303228,1
0.4174036676056231,0.5766645294981614,1.1318877662708725e-05,1.1811807429085882e-07,8.312546731221554e-06,7.54924459090692e-06,0.00590450410915672,1
0.13128318261895117,0.010884680705815386,1.2020172817051417e-05,7.649905239779403e-08,7.117750800164593e-06,4.357954187976247e-06,0.8578085642983759,6
0.011272797538567591,0.0006692764231507454,1.2940228660312972e-06,9.491485554268446e-09,1.190660781614784e-06,5.144142498605681e-07,0.9880549174488985,6
0.009733170978261225,0.000387034094977115,1.179300121693656e-06,9.194969316383113e-09,1.185759376892462e-06,4.7132277162830025e-07,0.9898769493495221,6
0.0096965728060176,0.00010830277275412289,7.785341312909535e-07,8.889297188051143e-09,7.060546847356936e-07,5.036231284599094e-07,0.9901931273199867,6
0.010911456485433712,0.00010956705492205921,8.849603016603199e-07,1.1679295990940207e-08,5.55589129773448e-07,5.724687688977297e-07,0.9889769517621478,6
0.01396120251135903,0.00014019098590386427,1.106595968658019e-06,1.2928664322634684e-08,7.108759828929954e-07,8.44237844108806e-07,0.9858959318642772,6
0.42413965035479145,0.15435565120843928,3.4203737302115565e-05,1.1709080171662485e-07,1.768103021949598e-05,2.0435834401960923e-05,0.42143226074404394,6
0.271434683174109,0.09974249199553388,2.2464024055604866e-05,1.6675777477946425e-08,1.82020932986133e-05,1.2599035932680797e-05,0.6287695430012927,6
0.24026596805027875,0.7350904737793478,4.593238041012824e-05,2.902867351724897e-07,1.987500773887453e-05,3.0442196228118218e-05,0.02454701829926128,1
0.19149112172080374,0.7679909254370888,4.6997077567703194e-05,3.291003471656104e-07,2.7593154820475672e-05,3.308972979373808e-05,0.040409943779578524,1
0.07980447645116225,0.8790062236571011,2.6391010432646326e-05,9.321524290445234e-08,2.730666998706284e-05,1.662737240177291e-05,0.04111888162367232,1
0.046931743647169996,0.9487711337661309,2.0029160751970984e-05,6.344453549308155e-08,1.7695665605829834e-05,1.1316989428244903e-05,0.004248017326377508,1
0.04981840404454448,0.9458925764178873,2.0662241523723723e-05,6.544988738929136e-08,1.778953620185321e-05,1.1674696298236739e-05,0.004238827613657019,1
0.0494465370548173,0.9466474098822487,1.8815806537976978e-05,5.960110463500899e-08,1.6511974536452507e-05,1.0631413183561992e-05,0.0038600342675711523,1
0.8899243487605452,0.08018322417044675,2.951493133096886e-05,3.235814109120796e-07,1.65508059610609e-05,1.4932546846564517e-05,0.0298311052034586,0
0.8609920863029866,0.10522787981268208,2.8597242603303336e-05,3.1713577957176654e-07,1.622111955135846e-05,1.4635095606477485e-05,0.0337202632907906,0
0.6737564126991378,0.31400656940768307,2.1160512157561994e-05,1.9676935314935943e-07,1.5765309691886084e-05,1.0727260443412682e-05,0.012189168041533381,1
0.24267047774546474,0.7439196921144859,1.0695056512536836e-05,2.87931944547153e-08,7.925074248436751e-06,6.4281181253532796e-06,0.013384753097968289,1
0.3562883699021279,0.629519383598586,1.2032201776987618e-05,1.4468137496035132e-07,1.6457067614973328e-05,7.1678437342195355e-06,0.01415644470478498,1
0.2583414417850911,0.7404131116283011,1.6582423931683477e-05,2.1873182693228102e-07,2.9331727423599232e-05,1.587573197070136e-05,0.0011834379714550406,1
0.35416823426507255,0.6452706302882162,1.7329317791624846e-05,2.438535070001602e-07,2.0885016398881396e-05,1.5270556822786076e-05,0.0005074067021911019,1
0.7070964566807609,0.2928622347885431,2.0361801448280994e-05,1.443894219097437e-07,5.154614818757801e-06,1.1984532706000695e-05,3.6631923009108424e-06,0
0.6878788455271169,0.31206095572460757,2.3441212089999312e-05,1.6688101695332005e-07,8.502264034031464e-06,1.3783597728883194e-05,1.4304793405598955e-05,0
0.7891933482596966,0.21039422922393683,2.1370212638543997e-05,1.7236751629850607e-07,1.1356248033480467e-05,1.5691292910325216e-05,0.0003638323952676922,0
0.817111611840402,0.1826671998190987,2.047665518945387e-05,1.5327591817613375e-07,8.94167504264973e-06,1.3161871450484438e-05,0.0001784548628982757,0
0.7401350537302338,0.2596661972053259,1.904437600994832e-05,1.3504730658005587e-07,6.788719127864328e-06,1.2040500011358462e-05,0.00016074042198444273,0
0.7832770460701969,0.2165200019547051,1.855780483319814e-05,1.254137819554786e-07,6.793259227435108e-06,1.1416909809427532e-05,0.00016605858744584155,0
0.8317886250035722,0.16504329181904584,2.135031508884275e-05,2.0116224937405508e-07,1.0412789850780524e-05,1.7430682760374836e-05,0.0031186882274325824,0
0.8467368705387973,0.15004069108810172,2.173400602017891e-05,2.0637782172238682e-07,1.0599920252323944e-05,1.5163249964140793e-05,0.003174734819042654,0
0.858034489501596,0.1410735617588496,2.9183718093358046e-05,2.157666373199869e-07,2.255216067667954e-05,1.678728450283366e-05,0.0008232098096442366,0
0.8558122391152685,0.14265817175224588,2.7945267972301942e-05,1.8570766400410902e-07,1.6758867172441227e-05,1.6653206541281943e-05,0.0014680460831355813,0
0.8209600942986537,0.17690519398405616,3.231707657935169e-05,2.3028929868825151e-07,2.078205974237906e-05,2.065103384864916e-05,0.002060731257820855,0
0.9194138188822649,0.07886272822558428,1.6462309911811067e-05,1.6736527320519307e-07,1.3060895433759215e-05,1.2250669934371619e-05,0.0016815116515976494,0
0.7879519976264378,0.2107074317791285,3.223198963790712e-05,2.2148610900934722e-07,1.816838490473316e-05,2.043170290971233e-05,0.0012695170308723034,0
0.7528474782535283,0.24350855621129824,2.6066935042092684e-05,2.6172985753001664e-07,1.4532521175555392e-05,1.8335684374884688e-05,0.0035847686647235504,0
0.725358354545253,0.2711693080536677,2.4447063572133307e-05,2.45465239984272e-07,1.4210486927145592e-05,1.7196254213529163e-05,0.0034162381311267126,0
0.05600623645176486,0.9423773072200027,1.0957369579414298e-05,2.9574322496495773e-94,0.0015877471343307104,7.84527935638927e-06,9.906544966105017e-06,1
0.07648366572293161,0.9203254806990049,1.740781559839498e-05,1.4163194382382553e-07,0.0031582143949034683,1.1496499816916247e-05,3.5932358009945666e-06,1
0.07802236118229243,0.9218679407704338,1.8204587576714884e-05,1.5399548087969546e-07,7.501623201493575e-05,1.2882975452928168e-05,3.4402567482788955e-06,1
0.12386053130275052,0.8760850789884549,1.9252502841313213e-05,1.4348970360182104e-07,2.1355760769243617e-05,9.367882211881912e-06,4.270073268580331e-06,1
0.1226344180440736,0.8773183569828927,1.854096266522162e-05,2.601356108506011e-07,1.0311676939433724e-05,9.374545639173142e-06,8.737652179140194e-06,1
0.15257647838019747,0.8473749793982271,1.8016051939594744e-05,2.0895970973939903e-07,1.1804273026998102e-05,1.0541959696303398e-05,7.970977202728235e-06,1
0.6131732323336412,0.38677183636422574,2.023433570957389e-05,2.1375184351608667e-07,1.6323338469858582e-05,1.2137570949167626e-05,6.022305160924691e-06,1
0.6113231006064503,0.38862429460556136,1.8795533835857164e-05,2.086025727661448e-07,1.4803430693185528e-05,1.2919992742488361e-05,5.877228144033187e-06,1
0.40983051064423914,0.5892078332230514,3.116673711595249e-05,1.5119088039328304e-07,1.1378758293776947e-05,8.83206163518725e-06,0.0009101273847842865,1
0.6085220643055913,0.3897461710410628,4.079375412032061e-05,2.0192532946260657e-07,1.5197077438596324e-05,1.419747705177229e-05,0.0016613744194057425,1
0.7831984997730574,0.21325196320774445,3.306190383464986e-05,2.3592143191597477e-07,1.4142707835641372e-05,1.627418398133056e-05,0.003485822302114496,0
0.769239891146695,0.227804817200701,3.8351531099959305e-05,1.1756204552337087e-07,1.5400536030289347e-05,1.554691317687926e-05,0.0028858751102512144,1
0.7076199900125902,0.2895738173587858,1.9380307042275483e-05,1.1206707695428088e-07,1.4680699444792415e-05,1.3279781172947393e-05,0.0027587397738871506,1
0.5958499094463682,0.40152789968309355,1.5550345374176807e-05,8.992023438597215e-08,1.1779480387128262e-05,1.0371890482349504e-05,0.0025843992340603564,1
0.29596458032559536,0.700826852040437,7.724011314967813e-06,8.060386988107693e-08,5.850985145687586e-06,5.151821230691828e-06,0.0031897602124062474,1
0.3072507776957947,0.6893261373144455,8.331824165466346e-06,8.694669693244231e-08,6.1188644135575615e-06,5.556997821503266e-06,0.0034029903566624386,1
0.2770310992900855,0.7184324511625988,8.828070268944276e-06,5.104852198829847e-08,6.483305928720977e-06,6.195366743420155e-06,0.004514891755852828,1
0.0672208124508891,0.006750165129505074,6.500734813315902e-06,4.7682024941300797e-08,4.432473178818748e-06,2.7163222781321908e-06,0.9260153252073107,6
0.0388232920821473,0.0036816856261673507,4.91082452212298e-06,3.176685860641123e-08,3.315713985042242e-06,1.809676200729661e-06,0.9574849543101188,6
0.013198718640462839,0.000519717503115951,1.9358389254579177e-06,1.138874369708311e-08,1.1529077593643695e-06,6.341135025025122e-07,0.9862778296074901,6
0.00947268257851842,0.0003871358879024985,1.1796102866399755e-06,9.19738766359767e-09,1.1860712406722719e-06,5.121010587612959e-07,0.9901372945536053,6
0.010473702274248563,0.00010517135946533289,8.49456783014515e-07,1.121073700337177e-08,5.438768682477496e-07,5.495020261268174e-07,0.9894191723198718,6
0.011611280668451667,0.00011659431794591604,9.203359358344152e-07,1.0752537254306707e-08,6.029488714635252e-07,7.021374090734871e-07,0.9882698888388489,6
0.07575943221457976,0.0011485303452020183,7.960093423669928e-06,6.137836802392223e-09,1.0482361512386528e-05,4.1577916857782586e-06,0.9230694310557597,6
0.04221652830532278,0.00115631645677658,4.145415185943054e-06,3.196430058699759e-09,3.98866183616622e-06,2.328958919032646e-06,0.9566166890055295,6
0.05669386962431545,0.9408498948955566,1.986118171301805e-05,6.291244369797763e-08,1.4025797704958799e-05,1.1222076963786798e-05,0.002411063511302686,1
0.0627901160108522,0.9338672843095785,2.1857823989476773e-05,7.631521475783699e-08,1.6653176706242982e-05,1.361281112575659e-05,0.0032903995525328513,1
0.6638194643584341,0.3266553757530352,4.285014195978712e-05,3.1396255017110523e-07,0.009451247950314516,2.5118795634531995e-05,5.629038071667857e-06,0
0.9580696716244071,0.03344497602432578,2.137086536410601e-05,2.70550740888605e-07,1.8302973491931962e-05,1.677724889898756e-05,0.008428630712771397,0
0.9558422511794488,0.03149825040206097,2.182205267492865e-05,2.527312726036056e-07,1.4577169326534832e-05,1.4437056593926639e-05,0.012608409408622165,0
0.9462232319820104,0.037744269086594576,2.7623695975849712e-05,3.0284720700308576e-07,1.4727141499084844e-05,1.7299886245869316e-05,0.0159725453604672,0
0.916575140000256,0.05166400592844264,2.79547060448824e-05,3.100102208182577e-07,1.5856655659687295e-05,1.7709067249737062e-05,0.031699023632126185,0
0.8634799439888124,0.10508242097303372,2.8925757450097763e-05,3.207789214468163e-07,1.6407461943811115e-05,1.4803218325778695e-05,0.03137717782151292,0
0.8530990484241293,0.12889753020935,2.908258326133276e-05,2.729379924114155e-07,2.1411256642818178e-05,1.4883476439220808e-05,0.01793777111218478,0
0.8504728887435281,0.13686226847473604,2.6618616002633185e-05,2.509351769353666e-07,2.0586833448953196e-05,1.368021469967557e-05,0.012603706182407807,0
0.41920709920473,0.569020857523895,1.3888914290007462e-05,1.3034648088256298e-07,1.2561630020271471e-05,7.107873696918978e-06,0.011738354506886888,1
0.32562845302209853,0.6639647649445137,1.114561023150958e-05,1.2360183947121353e-07,8.975442810429401e-06,6.686588218281474e-06,0.01037985079028806,1
0.21253249395654913,0.7775376484482378,8.540154807023875e-06,2.5217280170582695e-08,6.940835203603844e-06,5.629790608734897e-06,0.009908721597313323,1
0.2522817386645906,0.7293627745316381,8.841620521144664e-06,2.5029091357507545e-08,7.261587218043618e-06,5.505203149816144e-06,0.01833385336379078,1
0.23661522032365287,0.7444644970319141,9.15053606107742e-06,2.590357757326856e-08,8.813434838519134e-06,5.226015231340255e-06,0.01889706675472435,1
0.4918692251394596,0.5036166859919319,1.2140434778698249e-05,1.1843836491115121e-07,1.327966695336052e-05,6.933593468741504e-06,0.004481616735042855,1
0.5029950921813544,0.4918049134815528,1.585759223804534e-05,1.7455720982967153e-07,1.7149144307335427e-05,8.647960410131134e-06,0.005158165082927494,1
0.5309195689951686,0.464100554985711,1.3699019844407512e-05,1.6472405162691917e-07,1.6190445000385806e-05,8.160803432043917e-06,0.004941661026791902,1
0.4136305271173133,0.5801322979620992,1.7514116102634212e-05,2.144209498573399e-07,2.4463534924995466e-05,1.0622900579577147e-05,0.006184359948030544,1
0.4350812107975068,0.5612664002584539,1.842238988763278e-05,2.2554071899491125e-07,2.5929154665504696e-05,1.1473762265291513e-05,0.003596338096502075,1
0.2580109966113832,0.7394660473957991,1.8843092315514593e-05,1.8908935635484854e-06,2.929420913889558e-05,1.585542528288329e-05,0.002457072372516896,1
0.35829069570968175,0.6412173608800268,1.7211748993164777e-05,2.4219911043573576e-07,2.8009489101873276e-05,1.5166955455492846e-05,0.00043131301763030716,1
0.37067045776496016,0.6287548867687666,1.7806454241283217e-05,2.5056764300746636e-07,2.1032117624333126e-05,1.56910084155344e-05,0.0005198753183490411,1
0.861568381306396,0.13838847138901045,1.9329395483887363e-05,1.435151152826539e-07,5.400588833825763e-06,1.2338905453890625e-05,5.93489970665554e-06,0
0.6348986795315804,0.3650167928139615,2.532950259326627e-05,1.8032400097132335e-07,1.0231643274666027e-05,1.5949202156897995e-05,3.2836982432410043e-05,0
0.6482701597907696,0.3516435994510967,2.7650713130012176e-05,1.734637328573412e-07,1.112702788070348e-05,1.483738662926725e-05,3.245216676098434e-05,0
0.806560696915784,0.19272126681939664,2.054436443297461e-05,1.97429286241088e-07,1.3156703306477954e-05,1.6010907803562124e-05,0.0006681268599900459,0
0.7937458879510707,0.2060383017469721,2.003978203522992e-05,1.421059207660821e-07,8.589908835368747e-06,1.2328634025050119e-05,0.0001747098711409615,0
0.7653740823215851,0.2344179265290785,1.9442626636450677e-05,1.378713778137297e-07,6.945612621063315e-06,1.1961259252475766e-05,0.00016950377944852487,0
0.8520009024699513,0.14779167136577817,1.729978545708439e-05,1.1691207773184886e-07,5.5520918738846414e-06,1.0534249859465226e-05,0.00017392312500237543,0
0.8711144055592909,0.12869248787569,1.71080247738788e-05,1.1561615762021164e-07,4.911921659715468e-06,1.122048730256193e-05,0.0001597505151255145,0
0.8800242317848204,0.11935837169857241,1.8079321486090713e-05,1.5113340494880392e-07,4.822685548769222e-06,1.0052323066283967e-05,0.0005842910531012986,0
0.8088783348122127,0.1882388289112534,2.3787888038868235e-05,2.3753052492976134e-07,1.104379769304246e-05,1.9705262846035178e-05,0.0028280617974311994,0
0.8513410339154559,0.14782863522812364,3.695991047087277e-05,2.1641621921049766e-07,2.262005567355866e-05,1.6837823901043403e-05,0.0007536966501558302,0
0.895069264998115,0.1042246584453432,2.432331836336955e-05,1.504518775529191e-07,1.2694541110553237e-05,1.284130141112851e-05,0.0006560669437792147,0
0.9026943699041288,0.0963262991201811,2.4447844686603132e-05,1.4393246134114644e-07,1.275953242900818e-05,1.2907044087615869e-05,0.0009290726220257408,0
0.8851096007532874,0.1107784764007906,2.4536312865419983e-05,2.0894060306650946e-07,2.310620245812295e-05,1.3144988822447007e-05,0.004050926401173044,0
0.7915201356052463,0.2018397102565613,2.9275346237100914e-05,2.394099037590719e-07,1.7281866166413654e-05,1.6727322575734984e-05,0.00657663019330945,0
0.7569030580224423,0.23991116775009225,2.609845806501966e-05,1.9377342768029177e-07,8.39483840022038e-06,1.5485467848231508e-05,0.0031356016897243,1
0.7151260653467015,0.28058829594339724,2.4637699644431316e-05,1.9447090291030288e-07,9.92794420195874e-06,1.791362043722752e-05,0.004232964974714592,1
0.5901825267083539,0.408955618099204,2.7196121251270175e-05,1.91507743800799e-07,1.4816877259160925e-05,1.5494499071335447e-05,0.0008041561871166303,1
0.6361173904465369,0.3610564627640674,5.3061063541730816e-05,7.729793629747817e-08,3.062834280876735e-05,2.2665619206759225e-05,0.002719714465902452,0
0.1271760163655725,0.8686540148669858,1.8178741094314352e-05,1.1981305701731988e-07,0.004131632611877367,1.2273880028613672e-05,7.763721384512615e-06,1
0.29590607465583485,0.6826245452657714,0.00019229326681210847,2.8363222133473605e-07,0.020229278479355146,0.0010385583750214013,8.966324983807643e-06,1
0.4538315696843444,0.5182047687029161,0.00042252775944661553,2.712208082898118e-07,0.0265371290340844,0.000997944270359962,5.78932804013236e-06,1
0.4605472602835871,0.45975806551547777,0.0005237793565678801,2.579452043272163e-07,0.07789754465531802,0.001267707731868342,5.3845119765745925e-06,1
0.0564642387538117,0.9419070285325053,1.0824122304027406e-05,2.980291590561411e-94,0.0016000195551206513,7.905919093910726e-06,9.983117164391347e-06,1
0.07554824485456296,0.9197465559275511,1.591662087950275e-05,1.469810682450197e-07,0.004674433649497654,1.0973022092012713e-05,3.728944348482396e-06,1
0.08294996763559637,0.9167593721332302,1.738850520243157e-05,1.470921112133621e-07,0.00025818900299920796,1.1203869325893565e-05,3.7317615347648415e-06,1
0.09206581987099328,0.9076164253515424,2.0446014907537048e-05,1.5767616721327057e-07,0.0002796925714245511,1.3458233434220344e-05,4.000281530408684e-06,1
0.14170474905436015,0.8582482360489802,2.0443153406432408e-05,2.556670907439971e-07,1.2019342119055658e-05,9.39797491429499e-06,4.898759129517542e-06,1
0.28862408198088035,0.7113117796631778,2.4636589460852267e-05,3.482707128478405e-07,1.380531895118243e-05,1.3650169215800902e-05,1.1698007601094307e-05,1
0.7100845665372992,0.2898578092926987,2.1221171550823954e-05,2.554175259678833e-07,1.6860462253519853e-05,1.2996109354805436e-05,6.291009316959023e-06,1
0.626817692491604,0.3731260177396302,1.9042654921268162e-05,2.1134525060927964e-07,1.799140444082146e-05,1.3089863024328127e-05,5.954501128713769e-06,1
0.6712990987844073,0.3286543519334796,1.7348445199586907e-05,1.742674825213246e-07,1.3315058592176575e-05,1.079907541845021e-05,4.9124354203490546e-06,1
0.7810600167625146,0.21889328935570176,1.5986591343098457e-05,0.0,1.5075863668128497e-05,1.161879150017289e-05,4.012635272260024e-06,1
0.3906174870519186,0.6090808414247925,2.1235621433172024e-05,1.4667044651742874e-07,1.066134352443612e-05,8.567993124537137e-06,0.00026105989476033305,1
0.7784317053202491,0.21522489745303042,2.9558351488783697e-05,2.188009767638859e-07,1.3788285910329346e-05,1.4545654991281944e-05,0.006285286133353539,1
0.7886574287101715,0.20481398027378114,2.6988619986291188e-05,2.1250753330580466e-07,1.706104884883544e-05,1.7308514398168234e-05,0.006467020325280654,1
0.7573467234043949,0.23963667719374937,2.6695802166073333e-05,2.102018951251905e-07,1.5258425777663627e-05,1.540345221196407e-05,0.0029590315198050154,1
0.6961488545980594,0.30010031071135956,3.728804855398246e-05,1.1430206658908598e-07,1.497348133919469e-05,1.5115799468163573e-05,0.0036833430591530643,1
0.46735345279021095,0.5301447302621601,1.654970235972025e-05,1.3031182873358566e-07,9.459255186537793e-06,8.556597688596423e-06,0.0024671210805652733,1
0.4283571247099388,0.5660671267331919,1.4280257462056524e-05,1.166600473096078e-07,8.468280802284058e-06,7.4563629437381115e-06,0.005545426995613946,1
0.20193099409066254,0.7956166544096567,6.731828231259882e-06,3.0473584086462084e-08,3.9920156850478964e-06,3.610926574621481e-06,0.0024379862556058373,1
0.22674499261629197,0.7701047179151982,7.225617387641488e-06,4.178230087153117e-08,5.306469774347141e-06,4.819201567954883e-06,0.0031328963974789708,1
0.2847304487021141,0.7106362942085384,8.732271392784396e-06,5.049456275517982e-08,6.412951547429172e-06,5.824080314561241e-06,0.004612237291530306,1
0.02049033290063512,0.0009034712850363382,3.005290521387276e-06,1.7680439747979943e-08,1.7898300915878046e-06,9.84428649250195e-07,0.9786003985846264,6
0.01295255670048829,0.0005100245418300316,2.1850898761154575e-06,1.2918219434095181e-08,1.1314055197615947e-06,6.222870052346987e-07,0.9865334670570611,6
0.05644810506564822,0.0007802107543588944,5.888556090551282e-06,4.540524132300079e-09,7.75442830150426e-06,3.0757666086845003e-06,0.942754960888468,6
0.04984655105236548,0.0009750239796871251,4.780305267164143e-06,3.6859785474656068e-09,8.259027936816763e-06,2.572730247574226e-06,0.9491628092185174,6
0.3518524726636576,0.17662820527840742,2.7141348380991613e-05,9.879004098462528e-08,1.252197145042538e-05,1.6811727561719664e-05,0.47146274822050094,6
0.372651706249748,0.2299518024590344,3.0378592972749942e-05,2.0409196753369954e-07,1.2809001091855754e-05,1.7805527735681133e-05,0.3973352940774498,6
0.2691566855852082,0.7060788138858229,5.816032961417628e-05,2.5563984558417247e-07,1.831162147954257e-05,2.393142417326796e-05,0.02466384151385608,1
0.05104817555805385,0.9456388178401937,2.1201995438197057e-05,6.71596163593863e-08,1.4027537870062952e-05,1.1979671100705555e-05,0.0032657302377273245,1
0.08055259432463346,0.9173324289768425,2.674367755645475e-05,9.818197847832019e-08,1.688631642549746e-05,1.8809307960543083e-05,0.002052439214603167,1
0.6425333654619462,0.3412109707672253,4.396066836270097e-05,3.189747634027645e-07,0.016178841203628315,2.6824021975282165e-05,5.718902098727616e-06,0
0.3484943260025872,0.6365596816896802,0.00043313389489851964,1.844919475872832e-07,0.013626913568784767,0.0008744911732360934,1.1269178865418045e-05,0
0.8795723351555561,0.09412530948520699,2.6175637210245844e-05,3.1705992359271643e-07,2.173715498180193e-05,1.6381978829481225e-05,0.02623774352829184,0
0.8210419857787615,0.15464263916997978,2.7700673643311772e-05,3.071930693597712e-07,2.0393863475823757e-05,1.4176262122798853e-05,0.02425279705894728,0
0.5622046139290893,0.41984675085611756,1.917577730707992e-05,2.2447602342092197e-07,1.476797740996575e-05,9.813510278267834e-06,0.017904653473774387,1
0.2631623597163137,0.7271670143093197,9.128953535088771e-06,1.0123765553852347e-07,1.0343018561637457e-05,5.281793091039036e-06,0.009645770971523146,1
0.3879126092751761,0.6095561902521692,1.860592253718499e-05,2.3776380747188616e-07,3.372384406207698e-05,1.5655859965434477e-05,0.002462977082282328,1
0.37069481771071444,0.6287962076634146,1.7807624456633017e-05,2.5058410996366307e-07,2.8979185284795504e-05,1.569203960673355e-05,0.00044624519241291737,1
0.49397928230859167,0.5059158472015353,1.4242747072810104e-05,2.54547595859627e-07,2.1845553391816538e-05,1.408010496993416e-05,5.4447536842556326e-05,1
0.8688948284826875,0.13106213237556247,1.898333988302731e-05,1.4473551279715346e-07,5.077149191587245e-06,1.2848549344367804e-05,5.985367818230698e-06,0
0.8077296869638739,0.19165448931429366,2.0574140440729904e-05,2.3322141764395862e-07,1.034746808012293e-05,1.594657118297042e-05,0.0005687223207107719,0
0.7952996720129245,0.2039912502757412,2.02575284882307e-05,1.9467282151696223e-07,1.347368349678151e-05,1.6353208339398343e-05,0.0006587986181882975,0
0.8055553265968548,0.19423713689124325,1.8750154074693527e-05,1.4035236981588675e-07,8.187752500802638e-06,1.2612924694332106e-05,0.000167845328262315,0
0.8062960003326081,0.19350319719184192,1.882058754108138e-05,1.3346037981761597e-07,6.189103897896371e-06,1.1578575830939573e-05,0.0001640807479002996,0
0.8462635168574143,0.15353065544974887,1.665216995965294e-05,1.344446213738747e-07,5.523795484746657e-06,1.0480561764946785e-05,0.0001730367210060168,0
0.8770636943211203,0.12222835882786968,1.6608408442614604e-05,1.4956257283929213e-07,5.6751438512601425e-06,1.0406099280022993e-05,0.0006751076368631097,0
0.8440882778617083,0.1550141691423164,3.8756427700056117e-05,1.8645511368711289e-07,2.3719552918679427e-05,1.7656263133032848e-05,0.0008172342971097042,0
0.8948985448969291,0.10439361148548966,2.9595232751833046e-05,1.4238109172615017e-07,1.2013559761973178e-05,1.2152447306335099e-05,0.0006539399966690921,0
0.8861127077784379,0.11100246389874259,2.7405016399977797e-05,2.0624333167202282e-07,1.6692276586616354e-05,1.4505131576766702e-05,0.0028260196549244727,0
0.8490064359485492,0.14929410210051872,2.978902142103965e-05,2.3573806836188305e-07,1.9355123115180746e-05,2.060830554302709e-05,0.0016294737627845185,0
0.7495226450382703,0.2472294811313399,2.8844805740607414e-05,2.3816089850678824e-07,1.526125759073546e-05,1.9901217888201193e-05,0.0031836283882716336,0
0.6508197630960884,0.34750387029024,2.0221367392605042e-05,1.7372148047668089e-07,7.71991895370212e-06,1.3509143759949727e-05,0.0016347424620848912,1
0.6193858113575806,0.37413341854081616,2.9195023650577845e-05,2.167488316922179e-07,1.3701789176112154e-05,2.2165825695671956e-05,0.006415490714249159,1
0.7427276680190517,0.2569094171454661,3.6875340385151063e-05,2.4051958809952963e-07,2.1026843368565497e-05,1.7475048733118162e-05,0.0002872970834072168,0
0.620438348550258,0.37413538933915264,5.1788555436105177e-05,3.140670609247788e-07,3.2719855287803556e-05,2.258877196635567e-05,0.005318850860838154,0
0.1558302436057768,0.8402377460167574,1.7309978679195112e-05,1.140871885296642e-07,0.0038985130889033024,1.2423780650982245e-05,3.649442043850491e-06,1
0.1542688550886663,0.8344949721665599,2.0028423121373166e-05,1.8890837643645337e-07,0.011200438219211383,1.2375246951805926e-05,3.1419471126568674e-06,1
0.261820726344369,0.7202128789023657,0.00010107473552290831,2.292346491276449e-07,0.017696313552450518,0.00016040112243911116,8.376108203593747e-06,1
0.08611726129649204,0.9076283132803714,1.8245857758487365e-05,1.5651525387084652e-07,0.006216124439582352,1.2831912046632431e-05,7.066698494946975e-06,1
0.07917877716727917,0.9131718588212805,1.6387490090966017e-05,1.5132928136315003e-07,0.007613585901590389,1.2406739793773756e-05,6.832550683736086e-06,1
0.1044601889705532,0.8898978894878852,2.1561538842275506e-05,1.606990448555224e-07,0.005604600968861679,1.1521362163827972e-05,4.0769726487603205e-06,1
0.10577673758294757,0.8941642898278244,1.717003075368422e-05,1.4498830323961465e-07,2.729192810144054e-05,9.465719928019206e-06,4.8999221416543686e-06,1
0.12740846376800904,0.8725371414809816,1.9051406681007163e-05,1.419909255636815e-07,2.1132695668227556e-05,9.270032848682944e-06,4.798624885854823e-06,1
0.09313669540595891,0.9068151205796918,2.1983948645954155e-05,2.3602308937199646e-07,9.35586573438758e-06,8.680436212189718e-06,7.927740667397596e-06,1
0.10444500455431971,0.8955144743540018,1.590895663253106e-05,2.2320772800875077e-07,8.84786967107357e-06,8.043770041295537e-06,7.497287605719923e-06,1
0.1563468149024352,0.8436000990026266,1.9716125955305816e-05,1.9749364693266816e-07,1.303899355992673e-05,1.0842019729155908e-05,9.29146204693688e-06,1
0.7181745570232245,0.28177159336937857,1.980644355327105e-05,2.00017534658774e-07,1.5518978588266443e-05,1.2328106743311777e-05,5.996060977546968e-06,1
0.6771435628615319,0.3228022687253399,2.0708047596764524e-05,1.9799347405337405e-07,1.5127863613721927e-05,1.2553259774321469e-05,5.581248669376621e-06,1
0.6671562194054851,0.33279025356584835,2.046285267236337e-05,1.9564912002020948e-07,1.4948741204533673e-05,1.2404622121883694e-05,5.5151635476790224e-06,1
0.6912056011476678,0.30875172985369503,1.3833127271324032e-05,1.656710354430629e-07,1.3496150753910693e-05,1.0503939864386387e-05,4.670109712159396e-06,1
0.7451116739482524,0.25484220115182804,1.4816421806771362e-05,2.1779503171491024e-07,1.4660999071245537e-05,1.2364727243991389e-05,4.064956765600853e-06,1
0.3474328679242038,0.6522654770956935,1.7807049444186522e-05,2.8081795147946493e-07,9.964785064745124e-06,8.467972408142762e-06,0.00026513435523405765,1
0.7311504566328948,0.26657120332472356,4.024687860052128e-05,2.0551120024951172e-07,1.4938425265643877e-05,1.4449601529385855e-05,0.0022084996257858837,1
0.7717415733769193,0.22331542437523988,2.853508453687232e-05,1.9815289838428063e-07,1.4383796543912002e-05,1.6139344527554237e-05,0.004883745869334183,1
0.7324465834061535,0.26242230105240416,2.8421083045891667e-05,1.9736125097111956e-07,1.432633134699452e-05,1.607486568091847e-05,0.005072095900117693,1
0.42685586614842547,0.5674548413185134,1.5115620721493025e-05,1.1901991563637605e-07,8.639582187019945e-06,7.81514268450044e-06,0.005657603167552438,1
0.011399343934155915,0.000121896977531589,7.903398121913225e-07,1.0450500433052776e-08,1.0331042384256896e-06,5.680478809043656e-07,0.9884763571458806,6
0.020211404339622988,0.0002664456018340646,1.6677457968006704e-06,1.9673579529178566e-08,1.191377763744111e-06,1.0311174471008893e-06,0.9795182401439557,6
0.018714064940394737,0.0002467062759231429,1.5091301283042645e-06,1.821608428254006e-08,9.88838201126914e-07,1.1135153271753202e-06,0.9810355990839412,6
0.020186723120558584,0.00015086345922302841,1.1212786677844435e-06,1.287759851450361e-08,7.138043419067423e-07,7.084688015372408e-07,0.9796598569908086,6
0.04011740791692015,0.0004874668832794405,3.679103458187905e-06,2.8368682882949235e-09,4.844879379872494e-06,1.9217043011185126e-06,0.9593846766757929,6
0.03785730573939531,0.0006628414395703933,3.471833094299746e-06,2.6770470902503057e-09,4.5719324721617175e-06,1.8134408738175452e-06,0.961469992937547,6
0.025539507767804233,0.0006291517079696428,2.507829695906513e-06,8.585137555839292e-09,4.667291582191205e-06,1.349698179056065e-06,0.9738228071196314,6
0.02522079884164711,0.0006552680569275322,2.4386437540019964e-06,1.8803796117177346e-09,2.519505016071321e-06,1.4116798485106102e-06,0.9741175613924271,6
0.3691133791642765,0.07159237936937676,3.356269360693769e-05,1.0069925062212729e-07,1.6305415050426727e-05,1.757502024023781e-05,0.5592266976381985,6
0.17585109595532447,0.7793775350433563,4.0140731732932214e-05,2.5494728620317546e-07,2.11900389065339e-05,2.318934949411971e-05,0.04468659393389959,1
0.14295340628709252,0.7959117894651194,2.8328306276043143e-05,2.1201132136183257e-07,1.762140015368769e-05,2.102187713978677e-05,0.06106762065289709,1
0.11554810113507169,0.8525021226535999,3.48684178834375e-05,2.48178548380731e-07,2.0627452734538248e-05,2.4608020549460983e-05,0.03186942414161275,1
0.06877052211929707,0.9230895119316282,2.3828732479699527e-05,8.036818695180146e-08,1.4515238873214256e-05,1.433576453877461e-05,0.008087205844996129,1
0.07988529421689132,0.9185418279420989,2.546707754606243e-05,8.891669605894576e-08,1.9234354672284352e-05,1.703430247513317e-05,0.0015110531896202367,1
0.6707865854442656,0.32911525055910645,3.9232681372391485e-05,3.5297292909038895e-07,2.310636216374423e-05,3.005070638118245e-05,5.421273781691678e-06,0
0.71693986395842,0.2830163705731008,1.9618684546280213e-05,1.7504003249163883e-07,6.381112867441438e-06,1.490220973861675e-05,2.6884212943434464e-06,0
0.6307235112958789,0.36911529299026347,1.8901874015053536e-05,1.6936426869803705e-07,0.00012661512402032987,1.2505292989608901e-05,3.0040585640906086e-06,0
0.6960211419017026,0.29795499004132614,0.003040731165857888,1.8598852146828933e-07,0.0008595686026136113,0.00211057736084652,1.2804939131901578e-05,0
0.5396742183518882,0.4572076947153997,0.00013828968437529219,1.426371482337659e-07,0.0024499128422614254,0.0005147719686056763,1.496980032152671e-05,0
0.9357048862927273,0.05256564503075297,2.3893912435035815e-05,2.8581661549340744e-07,2.250582274574788e-05,1.6327028352501653e-05,0.011666456096371,0
0.91276478225459,0.07476782637930235,2.717877562713408e-05,3.014053598063205e-07,2.366965184694027e-05,1.7217521964769277e-05,0.01239902401130912,0
0.8786090698939093,0.10130157913502852,2.2944889725575688e-05,2.7792656678427446e-07,1.9054230466258403e-05,1.2825679530579272e-05,0.020034248244773113,0
0.8119620797234357,0.16313723507185102,2.4705879465734198e-05,2.992570607843849e-07,1.4855501701565809e-05,1.3810033359865087e-05,0.024847014533125288,0
0.28170869521403863,0.7074838840091306,9.642324823100519e-06,1.0693080595487031e-07,7.95090832966894e-06,5.307166098350698e-06,0.010784413446773408,1
0.3083034001814773,0.6703161679300157,1.058845699439688e-05,3.1265485536897625e-08,1.2975227451313642e-05,6.876911630538723e-06,0.021349960026945215,1
0.49148674177456103,0.5032250676616274,1.0948311532271542e-05,1.1834626582865331e-07,1.3269340526250523e-05,6.928201823919629e-06,0.005256926363663197,1
0.39111933181914726,0.6051164400640294,1.6560937692885623e-05,2.0275142461243975e-07,2.395057056675751e-05,1.0044765809770763e-05,0.003713469091329151,1
0.41679010852632287,0.5802149419828347,1.7195196658476e-05,2.1051649874238503e-07,2.4867841339383915e-05,1.0709446481573747e-05,0.0029419664898642337,1
0.37134030757271075,0.6277737061065561,1.781104514891171e-05,2.2760612386703124e-07,3.2283102758493394e-05,1.4885587186296436e-05,0.0008207789795155499,1
0.34718760894309403,0.6523368378995664,1.659583385144297e-05,2.456824666597212e-07,2.7007181407484596e-05,1.4624212383735992e-05,0.0004170802472302125,1
0.35627845080861387,0.643263673221768,1.5892382557874552e-05,2.429678930186036e-07,2.9705819118723727e-05,1.5215098040196552e-05,0.00039681970200848186,1
0.38459130809361103,0.6151210430464779,1.5736057391845094e-05,2.3233810644376822e-07,2.841909191094525e-05,1.4549441179641311e-05,0.0002287119313222671,1
0.8717198351660472,0.12823769179842504,1.8574241431145165e-05,1.4161640548608312e-07,5.329138862121807e-06,1.2571658045044244e-05,5.856380784153905e-06,0
0.8424508889468733,0.15751041892888992,1.8173190253982335e-05,1.3855865336542166e-07,4.8604723286371186e-06,1.2300213406158516e-05,3.2196895947591118e-06,0
0.7198550881049821,0.28008232264356403,2.399138308400598e-05,1.5173528764308519e-07,5.40521414477357e-06,1.2656423685180954e-05,2.0384495252194117e-05,0
0.6889511345560477,0.3109716710041546,2.319899543646265e-05,1.6675983975638096e-07,8.496090290953377e-06,1.3909639731228486e-05,3.1422954499138316e-05,0
0.8065690286357402,0.19272325761764764,2.0131510179551865e-05,1.9743132567287583e-07,1.1328905156576967e-05,2.1054067132001816e-05,0.0006550018328181774,0
0.7941853892937597,0.20495064069325789,1.9943590916015357e-05,1.9558838647017419e-07,1.1656292997246761e-05,2.0857536183523213e-05,0.0008113170044990733,0
0.862052571061202,0.13773985372755615,1.763638320738339e-05,1.2340208173847986e-07,4.994779213047005e-06,9.924054606725739e-06,0.00017489659213282296,0
0.8832667685005291,0.11584859120170034,1.6534779443763948e-05,1.6201667748587563e-07,5.7152815727461875e-06,9.522465777251471e-06,0.0008527057542991062,0
0.8160473855817454,0.178922047259254,2.0655259662020724e-05,2.471649642423571e-07,1.1204406510636318e-05,2.034551400613339e-05,0.0049781148138573535,0
0.8718571887002975,0.1243028589069789,1.938843627096447e-05,1.5265584142625694e-07,1.0228869507266585e-05,1.4055754020516086e-05,0.003796126677083152,0
0.8373564784438833,0.15799969820614493,2.2640951873446296e-05,1.7678256009504138e-07,1.1845506346026173e-05,1.6609388311344047e-05,0.004592550720880802,0
0.8516099639798962,0.1469836204753271,3.536711542249026e-05,1.7457697387707715e-07,0.00012943286236173645,1.7191311074009073e-05,0.00122424967894481,0
0.850800991131901,0.1479610965074507,3.3906414940582176e-05,1.6736675424717366e-07,1.4836969426188551e-05,1.5314778998092272e-05,0.0011736868305290368,0
0.9046479066692134,0.09437226648756326,2.4500752697348154e-05,1.4424394811263135e-07,1.2787145557589014e-05,1.1311456590082279e-05,0.0009310832444302581,0
0.8974495364181302,0.10067820247604922,2.7552171729502363e-05,1.859629859411229e-07,1.6781908259364444e-05,1.4583019047652435e-05,0.0018131580437982118,0
0.8640187931132468,0.13291265435345473,3.179231180689809e-05,2.585742565422452e-07,1.8835405846800016e-05,2.2791086321788082e-05,0.002994875155066433,0
0.7173378869137234,0.28057651284184243,2.962762103810366e-05,2.3446081208788782e-07,1.4003416228487159e-05,2.4934419242830368e-05,0.002016800327112912,0
0.7446355384648524,0.25179004165220675,2.6372414763999178e-05,2.423751181024771e-07,1.5531303140600984e-05,2.0253366804872084e-05,0.003512020423113269,0
0.7142927771352752,0.2732939978113207,3.1704399682797485e-05,3.038057787642246e-07,1.7890176682346518e-05,2.306905387376539e-05,0.0123402576173865,0
0.8209190489239305,0.17253104855361492,3.816747847228181e-05,2.3590500969172085e-07,1.583774992366483e-05,1.5311223364627026e-05,0.006480350165684158,0
0.7779741464669893,0.21912429448466947,2.2326644860724192e-05,1.7849053973135607e-07,7.93224757041522e-06,1.3880001220376296e-05,0.002857241664149925,1
0.821793250773118,0.17564127670070598,1.7815990625534112e-05,1.5268723212244366e-07,6.905574248324996e-06,1.2673263061500364e-05,0.0025279250110084835,1
0.769243251767375,0.22585034834527737,2.380114772300078e-05,1.8944287696732998e-07,9.342013817438416e-06,1.572403521604945e-05,0.004857343247714253,1
0.6136656325322689,0.3773633844472232,2.8925400496433457e-05,2.147471034402591e-07,1.8712049463948477e-05,2.1961118896670492e-05,0.0089011697045475,1
0.7424660421775983,0.2572046518096876,3.3772502979468223e-05,2.2028131593824632e-07,1.2354569686563227e-05,1.6169801023403454e-05,0.00026678885770898273,0
0.6957543039355555,0.30379285317672733,4.31839363837187e-05,2.68943212184098e-07,3.194317861824849e-05,2.125196992860784e-05,0.0003561948595743168,0
0.20378095075023314,0.7923725525192701,8.19994728959006e-05,1.8789320114427927e-07,0.003610987835368563,0.00012963659324310262,2.3684935788036482e-05,1
0.12654232394001852,0.8686216865503739,2.4308989084070633e-05,1.8438218481679633e-07,0.0047865125754618775,1.5877308431079183e-05,9.106254445632504e-06,1
0.07769561552915957,0.9130665387505066,1.60805227757644e-05,1.4849461034558862e-07,0.00920240693416847,1.1086017126713696e-05,8.12375165258067e-06,1
0.08123830921399061,0.9099340869386731,1.7158590279481863e-05,1.5844995919357755e-07,0.008788364617566507,1.3253806787412771e-05,8.668382743686597e-06,1
0.07009414087718853,0.9232134940394612,1.4378089251927092e-05,0.0,0.00666106328972999,9.660008532451264e-06,7.263695835643798e-06,1
0.08677416988841802,0.913129918424773,1.72112149941057e-05,1.453360739119323e-07,6.41550360710062e-05,9.48842451666383e-06,4.9116751533072535e-06,1
0.09548507223026949,0.9044660668030949,2.2292750771396325e-05,2.3946390371148367e-07,9.487284856159506e-06,8.802367772131869e-06,8.039099332188564e-06,1
0.12156382241470338,0.8783863994390224,1.9543362173009708e-05,2.741995951745606e-07,1.0869167943282555e-05,9.881371530801234e-06,9.210045031752031e-06,1
0.14605613460153177,0.8538850773111865,1.978167147656247e-05,1.9164998896762326e-07,1.709423794157548e-05,1.3349646481654407e-05,8.37088139297536e-06,1
0.6502213548139238,0.3497225890921488,2.002007323122276e-05,2.4791806334631315e-07,1.7132943478670052e-05,1.4098032236296805e-05,4.5571269178950174e-06,1
0.6424875348477483,0.3574585846930051,2.0884552939387032e-05,2.3554005399646238e-07,1.583049647571913e-05,1.2600270288845198e-05,4.329599488724335e-06,1
0.6861977015732325,0.31375351529606715,1.6976103905756074e-05,2.4746005832172034e-07,1.5152275979938296e-05,1.221133422492864e-05,4.195956531479969e-06,1
0.7297659777538352,0.2701818802112515,1.6923472495083753e-05,1.9291749606946483e-07,1.6284534531693734e-05,1.3302948736761669e-05,5.43816165348416e-06,1
0.7312677527155431,0.2686809605405997,1.682945888934621e-05,1.9184579701830283e-07,1.5628439764010553e-05,1.3229047935490069e-05,5.4079514713967566e-06,1
0.7447853342613708,0.2551669248136045,1.516953034980233e-05,1.8167633037299268e-07,1.479999890490129e-05,1.246843560937542e-05,5.121283830183963e-06,1
0.7387526907577614,0.26119999149877204,1.555364373196614e-05,1.6969298757732923e-07,1.3792952629466108e-05,1.2656038863572498e-05,5.145415253835982e-06,1
0.7647247048595857,0.23523033715876923,1.477797498756887e-05,1.6123030520685618e-07,1.3105090516124737e-05,1.202487526335614e-05,4.888810572764185e-06,1
0.4092147894603267,0.5907267167239896,2.0245206785713834e-05,2.0192666848891053e-07,1.6123087281089624e-05,1.50600905816617e-05,6.863504366856379e-06,1
0.4788737164455273,0.5210619194836781,2.2446426248388038e-05,2.23379371201399e-07,1.7836005147942436e-05,1.6660075608351123e-05,7.198184418702408e-06,1
0.6608700212138328,0.33906787385000603,2.280802934249933e-05,2.0259806350877165e-07,1.7439572601020286e-05,1.476841101422827e-05,6.886325139789378e-06,1
0.7658692966069328,0.23408490210400906,1.4824690389241829e-05,1.4908413494325612e-07,1.1903809129836999e-05,1.1118989845848012e-05,7.804715558526733e-06,1
0.38982853798138967,0.6098559327969152,2.2128382719165515e-05,1.5283658094689243e-07,1.1502615161167e-05,9.710340740816307e-06,0.00027203504649304813,1
0.443152105673761,0.5564786479939557,2.120610444787869e-05,3.344211981091013e-07,1.1461380057722418e-05,1.0967787481916703e-05,0.0003252766390975761,1
0.5335093983318238,0.4653522209412484,3.421052788099942e-05,1.6933896530055867e-07,1.2848105509754482e-05,1.0758805539735724e-05,0.0010803939490318928,1
0.7391084980643234,0.2553734087102779,2.8558376157817612e-05,1.983146397028463e-07,1.439553724635927e-05,1.4851474633574658e-05,0.005460089522721073,1
0.6777208071447182,0.3179455956159725,2.4695677579754454e-05,1.7149134721044012e-07,1.2448451006417496e-05,1.396778931164645e-05,0.004282313830064252,1
0.658850743933288,0.3383336758250868,2.8061135725497404e-05,1.948617102842986e-07,1.4144891231883316e-05,1.2795102915970712e-05,0.0027603842500416734,1
0.023439654160282833,0.0005863369553691704,2.355829336200083e-06,8.06478962362251e-09,4.384405547104434e-06,1.267892540879555e-06,0.9759659926921341,6
0.028128864364977336,0.0006412009812207028,2.2421169452247242e-06,1.8747944491322516e-09,2.117848850173209e-06,1.3659986839929711e-06,0.9712242068145283,6
0.027177746498577716,0.0007085504389160995,2.3989603552414032e-06,2.005942449734318e-09,2.207518002165994e-06,1.4615547575207413e-06,0.9721076330234488,6
0.3414320550792351,0.20586447476964329,3.0853438174194354e-05,1.847904982007549e-07,1.000004738420666e-05,1.5473243159957365e-05,0.45264695863190496,6
0.2006207170277053,0.7631382356237129,4.82945253285065e-05,2.3520623971642313e-07,1.5813759575372915e-05,2.1042120697153253e-05,0.036155661736741014,1
0.09793972906981602,0.8728683302878951,2.6927073055867628e-05,2.015243793028666e-07,1.6985688231145455e-05,1.9982049614918876e-05,0.029127844307007763,1
0.09937684635744128,0.874549601929902,2.63543167925143e-05,1.941939758430437e-07,1.797792879796075e-05,1.9255207105152758e-05,0.026009770065985306,1
0.06877443068442432,0.9074419326998714,2.2935965064609674e-05,8.101173542415355e-08,1.3928902414831835e-05,1.4250568308913154e-05,0.02373244016818025,1
0.0796040592985453,0.9129446215814331,2.7456003843434695e-05,9.260204048697934e-08,1.6214995622010618e-05,1.651799174003458e-05,0.00739103752677564,1
0.07292600179920518,0.9243877881017503,2.654390954708204e-05,8.546157040353864e-08,1.8486945971343046e-05,1.5195554459190113e-05,0.0026258982274964615,1
0.24432333684795376,0.7555145773956948,3.462240144382406e-05,2.577173700256837e-07,1.482456349816043e-05,2.476851527721765e-05,8.761255876225611e-05,1
0.5646770644746124,0.43517887352223167,5.4776692444998935e-05,3.6045245738043727e-07,5.2510482316805314e-05,3.0174377916277634e-05,6.239998020437868e-06,0
0.37649743572463734,0.6234487064046391,1.8141830764903696e-05,2.0279721445273093e-07,1.852642560281951e-05,1.3872107774727274e-05,3.1147093666589835e-06,0
0.43440752601275523,0.5655258414692743,1.4893556668637406e-05,1.5601155996376295e-07,3.6455285913084457e-05,1.174825305587345e-05,3.379410772910566e-06,0
0.6750877387811919,0.3219556438497395,8.278188152748703e-06,7.37128397348146e-08,0.0029392508366717944,6.0919746971670555e-06,2.922656707091194e-06,0
0.6665212187207556,0.3189802168627549,1.4375110571685888e-05,1.1443416121007883e-07,0.014469824986887148,9.011458395651799e-06,5.238426473825468e-06,0
0.6479923965014058,0.3457487001678122,0.002119838066389784,1.8971330375663422e-07,0.0008173642269428495,0.003308449941174665,1.3061382971044487e-05,0
0.6759932375421214,0.3206534038553702,0.0018433930620564555,2.1109196114518045e-07,0.0004248116587116645,0.0010684382015189878,1.6504588260286626e-05,0
0.5940933968965112,0.4042322616273761,8.938973592637533e-05,5.978732436654585e-08,0.0014715444112680205,9.997722421264153e-05,1.3370317381425299e-05,0
0.2508652637764244,0.7425917936027151,2.3876414774952336e-05,1.3999942453935692e-07,0.006500131001596022,1.5542711532062187e-05,3.2524935329171986e-06,0
0.23026866540653454,0.76194452040883,2.519407428765001e-05,1.3433522477192046e-07,0.007742579641437868,1.4993038209562323e-05,3.913095475524451e-06,0
0.20876288785698077,0.7849566606719216,2.623575377803848e-05,1.3839239816436992e-07,0.006233430810687745,1.544585582161525e-05,5.200658411997775e-06,0
0.1821373552985847,0.8132416230474382,2.2460999036740513e-05,1.1848073999170319e-07,0.004581223795301075,1.2765982197786388e-05,4.452396701484517e-06,0
0.32928783466617545,0.6690622604545158,3.032594137726871e-05,2.488673054886353e-07,0.0015915500320413292,1.950952688197672e-05,8.270511702593796e-06,0
0.20983830174586846,0.7876445909631481,2.3887739903146435e-05,1.411908949798853e-07,0.002477786113051229,1.240174570857684e-05,2.8905014254279144e-06,0
0.877037237573507,0.10605740806660574,2.30528353780701e-05,2.7459240158007394e-07,2.1564004533270595e-05,1.5685854785733396e-05,0.0168447770727887,0
0.8596026171912191,0.11047079511579377,2.4485091666964967e-05,2.916526324625594e-07,1.4478008192880625e-05,1.6660405802782263e-05,0.029870672534692017,0
0.3222237901412212,0.6662410388767903,1.1349769941239506e-05,1.2586591610267406e-07,1.223833707628445e-05,6.786871322150329e-06,0.01150467013773254,1
0.28064557258771466,0.7078666880380862,1.029369030536635e-05,2.8032198509267107e-08,1.1633408065544678e-05,6.165743107697719e-06,0.011459618500521964,1
0.5318060738460116,0.4632793243795668,1.163243909266486e-05,1.061650190111183e-07,8.543316065200661e-06,7.5549492933872764e-06,0.004886764904951234,1
0.5128796062878768,0.4817304747639649,1.142485693085909e-05,1.4593123328153293e-07,1.3184157099514564e-05,7.229764552559829e-06,0.005357934238342042,1
0.4629888037389318,0.5310671745164668,1.395549858508405e-05,1.6087686329269422e-07,1.52650524265558e-05,7.970204989062615e-06,0.00590667011173733,1
0.4167892306994005,0.5802137199569602,1.719516044262957e-05,2.1051605536082097e-07,2.4867788963715242e-05,1.2815584567367426e-05,0.0029419602936102034,1
0.3581845833505827,0.6405457405246072,1.6430360269208916e-05,2.0115279782187777e-07,2.3299611435242062e-05,1.1139737586496855e-05,0.0012186052627214056,1
0.43874853534213787,0.55907867215613,1.5146473181257726e-05,2.0269999885051664e-07,3.013998689817161e-05,1.3347038940620325e-05,0.002113956302713139,1
0.34988434364854304,0.6496548417659571,1.60502818761858e-05,2.581487856884145e-07,2.8377568737394514e-05,1.5366268174683118e-05,0.00040076231792597784,1
0.5007040851794511,0.49918903045097346,1.405337101330664e-05,2.511630507003572e-07,2.4963358849171042e-05,1.3892891451153672e-05,5.372358521130134e-05,1
0.792195761162173,0.20775925890916655,2.174813502830544e-05,1.54220178029345e-07,5.803428926462137e-06,1.3690527839455012e-05,3.5836166882587167e-06,0
0.7080182739627384,0.2919214865599281,2.4119081111614665e-05,1.438665114116098e-07,5.124907426085466e-06,1.277140582259696e-05,1.808021646189627e-05,0
0.5910486103042809,0.40885280849008726,2.752072434340876e-05,1.9782544438424854e-07,1.0078822573780018e-05,1.650085935003894e-05,4.428297392025512e-05,0
0.63790808523537,0.3618430665519209,2.319402891714564e-05,1.7507954929390805e-07,9.497351585612997e-06,1.4603596756520237e-05,0.00020137815590044365,0
0.7339572226419668,0.26542662365603437,2.1093206074406006e-05,2.287120322774906e-07,1.0326917240296092e-05,1.6198737317600783e-05,0.0005683061293343472,0
0.7879914334836673,0.211341367759212,2.2344129473352763e-05,2.3994651149946057e-07,1.064584416714197e-05,1.699442950748933e-05,0.0006169744074609913,0
0.7955647141232685,0.20376144622568373,2.1542739996513676e-05,2.3314869433418255e-07,1.0264022736247074e-05,1.6384911155546928e-05,0.0006254148284650712,0
0.8152393054966156,0.18395653041945795,2.034791542285693e-05,1.995536291507181e-07,1.0535604388086853e-05,1.671691147341126e-05,0.0007563640990130434,0
0.7873878701220158,0.21234528580681228,1.9892938453042583e-05,1.5343700262069434e-07,7.5953978750397015e-06,1.3788790042644489e-05,0.00022541350779848937,0
0.8041907052776552,0.19555690667033399,2.0260363754584457e-05,1.8804015850708342e-07,9.104941822708789e-06,1.272595620002966e-05,0.00021010875007524055,0
0.8791585165659912,0.11964022944759507,1.5521773809327815e-05,1.625234620200269e-07,6.000250987053846e-06,9.104150391590497e-06,0.0011704652877639657,0
0.8477799486228492,0.1473491673997649,1.4862638145619502e-05,1.5911076172792522e-07,9.223302496530176e-06,1.6748127618167132e-05,0.0048298907983641256,0
0.8502520760767576,0.14468819075645048,2.0342986104604046e-05,1.8503387408302824e-07,1.217896249707166e-05,1.703695446748134e-05,0.005009989229848761,0
0.7864142061026139,0.20719531819442485,3.0268774550835452e-05,2.7388086619139893e-07,1.4632361587962719e-05,2.184547931543572e-05,0.006323455206640939,0
0.8643097344905752,0.1342986339110929,2.6265734481481498e-05,1.7213456780287695e-07,2.3006836541478148e-05,1.6950797324353922e-05,0.0013252360954165625,0
0.9170637805800619,0.08199855891367462,2.58732202723305e-05,1.5025324769597535e-07,1.3319866614359993e-05,1.178269945512587e-05,0.000886534466674117,0
0.8112610430695768,0.18742975075657947,3.211643826191652e-05,2.0781698526054136e-07,1.734869803382646e-05,2.109418061717259e-05,0.0012384390399453585,0
0.7150100233795175,0.28268688871716485,2.953147519124674e-05,2.336999533843166e-07,1.5240334797184482e-05,2.192872773616239e-05,0.002236153665640013,0
0.708472070788017,0.2889542471399515,2.9261443473586524e-05,2.315630333889286e-07,1.3671234619119614e-05,2.2388144401460797e-05,0.0025081296865040502,0
0.5925060705985536,0.39922975251186227,3.007162860151436e-05,2.2325689625983616e-07,1.7295462564864412e-05,2.3617897070193364e-05,0.008192968644451211,1
0.411280912933392,0.5848565402065918,2.730594361517697e-05,1.4590019806263923e-07,1.8056612067671026e-05,1.3663849374965646e-05,0.0038033745547603162,0
0.20586028852188265,0.7913240407477186,1.9879029729016114e-05,1.729399437619525e-07,0.0027548114063151523,1.5597885901562805e-05,2.520946850915853e-05,1
0.22437909508804255,0.7622817174336325,2.107697415836356e-05,1.920727174854771e-07,0.013286005503027835,1.6163574036401872e-05,1.5749354385132626e-05,1
0.26736857591682783,0.7139775115737252,0.0001413723411951978,2.404555393261447e-07,0.01805383522585473,0.00043874789434904677,1.9716592508782457e-05,1
0.32025275259110053,0.6302543920361785,0.00015887340294647238,2.9456012316964967e-07,0.04915310119066328,0.00015684423793937437,2.3741981048635628e-05,1
0.09161033516419084,0.8926100102624831,1.5047899572313838e-05,1.6583834315349662e-07,0.01573571915252659,1.2494044865921577e-05,1.622763801808043e-05,1
0.13112553340828148,0.8688069084994852,2.0358886577840707e-05,1.549405462335562e-07,3.069949897978802e-05,1.1108505023306536e-05,5.236261106353796e-06,1
0.11507803272745516,0.8848586549894925,2.2665569200770136e-05,1.724050894958313e-07,2.2277663952202903e-05,1.23671099772668e-05,5.829534832643624e-06,1
0.4560341633690322,0.5439009970533184,2.2612255249162887e-05,2.2502964628350488e-07,1.7967773424939794e-05,1.6783156390137702e-05,7.251362938807907e-06,1
0.6944451880115072,0.30550333431982674,1.6211920662903635e-05,2.1037804459297694e-07,1.5951898308440688e-05,1.2804581140442302e-05,6.298890509641968e-06,1
0.7190459574686738,0.2809057708492284,1.793371101226882e-05,1.593007036272714e-07,1.3712550545583738e-05,1.1051475583629908e-05,5.414644252644206e-06,1
0.6548008854860224,0.34299157386155704,3.7032186868774104e-05,1.8909613455507583e-07,1.4677741267553995e-05,1.2570908841925917e-05,0.002143070719307701,1
0.223803816916131,0.7724190314203445,9.710803402620112e-06,7.646255638697454e-08,5.550369756210882e-06,5.020515757677129e-06,0.003756793512051331,1
0.23363577730478002,0.743864623851667,9.262526220036497e-06,5.35607736465457e-08,7.843287453018836e-06,6.1777393526497604e-06,0.022476261729754005,1
0.031531676417323594,0.0006042405665343504,4.134364852844512e-06,1.1918476702554254e-08,4.584716681760352e-06,1.9849456514439867e-06,0.9678533670704792,6
0.024671428916458904,0.000474964091474839,3.0898651417856374e-06,2.100467416960468e-09,3.5872343169806877e-06,1.553087279423224e-06,0.9748453747048607,6
0.029143781676385642,0.0005666505913505219,3.082926489708961e-06,1.8336200592855165e-08,5.765416643875829e-06,1.5502762533886356e-06,0.9702791507766761,6
0.1754131048628329,0.7947261242843484,4.7307628348964e-05,2.3133474784426438e-07,1.5553465283273595e-05,2.069576764397648e-05,0.02977698265679481,1
0.06979984213721517,0.9281474340737473,2.3089298680391267e-05,8.06148310211587e-08,1.759142040547573e-05,1.4333776564322338e-05,0.0019976286785562455,1
0.06816426590391038,0.9302699126516195,2.253609528398783e-05,7.741201393468685e-08,1.6892515487655064e-05,1.3764297426149436e-05,0.0015125511242583562,1
0.04851596732601003,0.9513771686517417,1.7213398237432708e-05,1.2671153855843177e-07,1.2692211323711337e-05,1.2444772499318143e-05,6.438692864919147e-05,1
0.21832364864940645,0.781510045235877,3.2401891688787244e-05,2.7320883088943583e-07,1.571565316297332e-05,2.503638765211332e-05,9.287897338189706e-05,1
0.26347794410951425,0.7364203676692402,3.328544093694016e-05,2.77922050720579e-07,1.8507803228864214e-05,2.8674811535894265e-05,2.0942243493001702e-05,1
0.3682724087821348,0.6316245423261229,3.977359136198318e-05,2.567605206928342e-07,2.0063161969283703e-05,2.3186288637362324e-05,1.9769089253045845e-05,1
0.5778551894711451,0.4219988710124126,6.227255586875818e-05,3.495356491850098e-07,4.793920468506279e-05,2.9327209310457058e-05,6.051010928980563e-06,0
0.3942190892017623,0.6057269916770369,1.686987874487294e-05,1.7671373990400535e-07,2.0430906135536975e-05,1.3307204513077561e-05,3.1344180672346286e-06,0
0.6122928683092029,0.386282476578711,1.1195979791371668e-05,1.1727905640248006e-07,0.001400556509409986,8.831550899756534e-06,3.9537929287357836e-06,0
0.48901819128558616,0.5058274626165745,1.2176355397274618e-05,1.1378911558567939e-07,0.0051287963663578726,8.960662359344934e-06,4.298924609240037e-06,0
0.5166871788943577,0.4678933065974268,0.0001934437717151508,2.1177429994015017e-08,0.01493326398257061,0.0002866696355780417,6.115940921723145e-06,0
0.4461175227100382,0.5332943134251622,0.0007545981356754685,1.9561877459682053e-07,0.019148825423287174,0.0006783099680101261,6.23471905225617e-06,0
0.28942431352393494,0.5035991865481223,0.0005245348042524728,1.4761802422795523e-07,0.20552246494057064,0.0009248869813683819,4.4655837270223905e-06,0
0.688112291521162,0.3080753464173152,0.0018883775415332834,2.2178619136243627e-07,0.00041279156336143966,0.0014811437869570792,2.9827383479503798e-05,0
0.4854155659214777,0.5128213113599913,0.00014719364639026258,1.2585659747646208e-07,0.0011359462699226592,0.0004629308557981128,1.6926089822343154e-05,0
0.2738946395905748,0.7207944696047178,2.576136447157674e-05,1.3589001632544103e-07,0.005266276359310259,1.475880539303116e-05,3.958385516195427e-06,0
0.16068635109592352,0.8356252662230779,1.8921713265002546e-05,1.1094751843472115e-07,0.0036527362222863826,1.2444492730873879e-05,4.169305198053599e-06,0
0.5096363308750742,0.4879182593745623,2.0128780877162422e-05,1.8802491232349476e-07,0.0024030221959982596,1.6893431722991157e-05,5.177316852640884e-06,0
0.514110665318035,0.48395758082053353,2.3043450245795196e-05,1.8779658380782614e-07,0.0018867123220329034,1.6094081814155154e-05,5.716210754895074e-06,0
0.23916986951510416,0.7568894152188244,2.0490476114002443e-05,1.7003382303571966e-07,0.0038993491878401903,1.746647925796437e-05,3.2390890364179524e-06,0
0.48470132890975953,0.5139806324085846,1.4962299151441964e-05,8.193807588756356e-08,0.0012934426124234072,8.130630157492372e-06,1.4212018477121204e-06,0
0.545070161297322,0.45345126502265126,1.3201064704847916e-05,9.214334184080919e-08,0.0014545389734504212,9.143288097355992e-06,1.5982104322076668e-06,0
0.5172919349718575,0.48124413714094527,1.345510793736853e-05,9.121021544939348e-08,0.0014398090029896751,8.990540539215385e-06,1.5820255152778535e-06,0
0.4021566414288604,0.5977860364418102,2.3723799206052584e-05,1.8959713899650363e-07,1.4806283185128128e-05,1.4364632141337206e-05,4.237817657880466e-06,0
0.8748488275202659,0.10446069285457431,2.3152993851976476e-05,2.7578543295506523e-07,1.797595524494289e-05,1.5754005677000792e-05,0.020633320884953035,0
0.8711298314302731,0.1077152170148878,2.3874336740059237e-05,2.8437766348779087e-07,1.8536004954079173e-05,1.6244829456706064e-05,0.021096012006024775,0
0.8201082599909982,0.15069841189460306,2.1417140151762112e-05,2.594212612877369e-07,1.7729137299899964e-05,1.2237723124657538e-05,0.029141684692561322,0
0.8105577234815944,0.16671400021200516,2.2756044650122277e-05,2.7563912656980346e-07,2.088733687525267e-05,1.2720119362382268e-05,0.022671637166386042,0
0.280841399626464,0.7083606186426905,1.0300872969506446e-05,9.667296619142416e-08,1.1641525549212894e-05,6.262591613697669e-06,0.010769680067746945,1
0.34895105520742786,0.6475410942469522,1.6857169930975735e-05,1.9706793611228084e-07,2.125855562084746e-05,9.763192888269728e-06,0.0034597745592438306,1
0.5783974433848466,0.4213405557499056,1.3483968377596372e-05,1.872080849535948e-07,2.425933371111396e-05,1.224352940602043e-05,0.0002118268256680082,1
0.526738273867777,0.47306208250924753,1.5063110890257e-05,2.0387693355073313e-07,2.4937783137619998e-05,1.3034909522708244e-05,0.00014640394249127396,1
0.5571168525258323,0.4427813597116678,1.53275880457749e-05,2.074565919529086e-07,2.5375639168635876e-05,1.3263775645922467e-05,4.7613303047770424e-05,1
0.6739524908897555,0.3254410535104038,2.0136580247902164e-05,2.2329742336195694e-07,1.0060761815664615e-05,1.4860084588560445e-05,0.0005611748757652894,0
0.7215006415315043,0.2778552289780278,2.1203407389638757e-05,2.412926823048077e-07,1.0810475282833902e-05,1.695724341643133e-05,0.0005949170716967818,0
0.7621382519737194,0.23721145944483266,2.141239899179599e-05,2.4367098609990107e-07,1.0727250901556708e-05,1.7124382659886224e-05,0.0006007808779086713,0
0.8096527638250961,0.1896910017574804,2.0988458514362234e-05,1.91300063215849e-07,1.0769230707566883e-05,1.719139687151445e-05,0.0006070940312668203,0
0.7869168803744919,0.21213810363982682,1.999057802902743e-05,1.9789342985500324e-07,1.0447952747475387e-05,2.1103345899894046e-05,0.0008932762155751364,0
0.8148504255004745,0.18417142102453748,2.0694040172820737e-05,2.0491814261800754e-07,1.0416809515936363e-05,2.185246093314047e-05,0.0009249852462237867,0
0.8148504255004745,0.18417142102453748,2.0694040172820737e-05,2.0491814261800754e-07,1.0416809515936363e-05,2.185246093314047e-05,0.0009249852462237867,0
0.8120978101892328,0.18689341691670996,2.1484026003736023e-05,1.8124561016009364e-07,8.97979868662348e-06,1.5344327762194858e-05,0.0009627834959944813,0
0.791996102856646,0.20773305232988976,2.1755490500899775e-05,2.0349479079403194e-07,9.606889533359233e-06,1.3665076430918718e-05,0.00022561386220834776,0
0.8693173190832498,0.13014119838916957,1.6213343531352245e-05,1.536123343954392e-07,5.3839735091921875e-06,1.1312899377100835e-05,0.0005084186988282642,0
0.9202025098217593,0.07869708759826939,1.5764891863648926e-05,1.2908648078873367e-07,6.2766431567230456e-06,8.804335237653393e-06,0.0010694276232326204,0
0.8746355561176722,0.12421257427179226,2.8935602016434005e-05,1.850480746119037e-07,1.6404408615925812e-05,1.4511272676871209e-05,0.001091833279152014,0
0.8697853322694153,0.12913131413066983,2.9330846821684307e-05,1.730579035509779e-07,2.2313983813482464e-05,1.7924479656488336e-05,0.0010136112317196307,0
0.7945629543552296,0.20243151032810733,2.469861593170746e-05,1.9745328130439656e-07,8.77496540295443e-06,1.5354605289430183e-05,0.0029565096767577436,1
0.7309940518549624,0.26278994592631455,2.9703916168342813e-05,1.771791709073243e-07,1.0519611482764206e-05,1.5000019317254099e-05,0.006160601492583981,1
0.5311457767618358,0.4613969385826937,3.081713182020764e-05,1.903838989105297e-07,1.6575332112860836e-05,1.870269691693809e-05,0.007390999110721626,1
0.7395846652326327,0.2600870796756628,3.3641437979952e-05,2.1942644383757814e-07,1.2533680124541621e-05,1.610704893882748e-05,0.000265753498217629,0
0.6303963851415271,0.36724556090504246,4.088334128361389e-05,2.968864919772949e-07,3.4148886802447975e-05,2.0723667196367434e-05,0.0022620011716560115,0
0.4143047590266686,0.5812015631843451,2.7917445335635082e-05,1.8789268236253993e-07,8.855148564084556e-05,1.2925713713452974e-05,0.0043640952516140925,0
0.3007901503071662,0.684300943008589,2.7969172152773864e-05,2.3867209314563676e-07,0.014855608681243805,2.05018059408696e-05,4.588352814157729e-06,1
0.29681348028214244,0.6833068590126309,3.478469995191035e-05,2.76548051162097e-07,0.019815235312868686,2.404764500196823e-05,5.316499353048225e-06,1
0.19576632439894084,0.8022968924347673,1.911102108219023e-05,1.773223004838099e-07,0.00188454831108433,1.5917362220634777e-05,1.7029149604298807e-05,1
0.21934423424715563,0.7747135527937009,1.846105135673331e-05,1.8460276094577868e-07,0.005883636335527594,1.716923388630344e-05,2.2761735611941604e-05,1
0.15313683491469096,0.8401921172245311,1.9894194095527116e-05,1.715495958125004e-07,0.0066289128634475425,1.5420052089288213e-05,6.649201549870561e-06,1
0.11314303660740276,0.8551528957865802,1.4561458427764806e-05,1.6047742264322653e-07,0.03166248007132153,1.1162538411790413e-05,1.5703060433487433e-05,1
0.1655499898575508,0.8308795848522758,2.320528852380136e-05,1.7597710219816202e-07,0.0035287228232494354,1.2370885968177686e-05,5.9503153300858755e-06,1
0.1794501345892946,0.8202988751719708,2.3949085947734322e-05,1.8545376278017023e-07,0.00020673158897047554,1.4179174656485586e-05,5.94493539718353e-06,1
0.1047691239039291,0.8951577232406268,2.2044916119100405e-05,1.6768410723664772e-07,3.324189057786942e-05,1.2028460422484019e-05,5.669904217302255e-06,1
0.1098487458753194,0.8900895521842414,2.0864334566118105e-05,1.5878723927823338e-07,1.9892358419752067e-05,1.1384294737804526e-05,9.402165476317437e-06,1
0.6560944369945226,0.3438524549563535,1.7595016102084134e-05,2.1111511812789843e-07,1.6553727501612445e-05,1.3034569885028222e-05,5.713620516943136e-06,1
0.7026886533517486,0.29726896340080383,1.3086856407771291e-05,1.825225800647097e-07,1.431110740636807e-05,1.0973409778998252e-05,3.829351274563586e-06,1
0.6578406211611011,0.3421051904889752,2.026063861265123e-05,1.8008967506299911e-07,1.6063114706821043e-05,1.2223844268294495e-05,5.460662661179516e-06,1
0.6849079163972379,0.3150424358452613,1.6568518088870932e-05,1.7558595162407614e-07,1.566140469106411e-05,1.1918147598423755e-05,5.324101170851974e-06,1
0.7531071500196456,0.24684346797502715,1.5916039606188898e-05,1.81049115670182e-07,1.4456092976519076e-05,1.3503001372364192e-05,5.325822256541744e-06,1
0.6559880421920877,0.3439454500035422,1.71153893186835e-05,2.0181598626881595e-07,1.3723704206691387e-05,1.1405123475442986e-05,2.4061771382912267e-05,1
0.45545529162620624,0.5444617582449542,2.2772618329066807e-05,2.1346905546103625e-07,1.704470359842076e-05,1.6245845966844625e-05,2.6673491889588774e-05,1
0.3068094335786085,0.6931160580021742,1.647937487327144e-05,1.6064283336511447e-07,1.2826727855263549e-05,9.341950071578122e-06,3.5699723583858594e-05,1
0.6924893839399084,0.30470872174810565,2.7835447430411972e-05,1.0752568777875822e-07,1.5123337118855913e-05,1.4531907760422634e-05,0.002744296093988413,1
0.6717320278078714,0.3202167102546331,3.4170715071282894e-05,1.9902384735002752e-07,1.4748948227814803e-05,1.4904579236281064e-05,0.007987238671112576,1
0.5187973683034339,0.47753654668520423,2.5350230408843453e-05,1.4764976549541813e-07,1.471104853355716e-05,9.948177807195959e-06,0.0036159279048466894,1
0.33641182734729363,0.6621336481190793,1.3577724566088276e-05,9.428622763522178e-08,7.214211368475672e-06,5.69216027270468e-06,0.0014279461511923842,1
0.15533319140573726,0.8424250748938076,6.679657603313966e-06,4.638477634790052e-08,3.5490822917197826e-06,3.045614894071673e-06,0.0022284129608896334,1
0.18515666380686616,0.7970434662947168,1.5211273060484933e-05,4.6628343764013434e-08,7.1972863255615066e-06,5.525163208579103e-06,0.017771889547478634,1
0.02517355307601548,0.0006121957234168596,2.2445837524379093e-06,1.8768571231958004e-09,2.391739901826078e-06,1.409035368623657e-06,0.9742082039646877,6
0.049136330130190066,0.001777369179061242,4.471390803035502e-06,1.4548234260626487e-08,2.413515134401664e-06,2.7348205279311277e-06,0.949076666416049,6
0.12429257921530744,0.8505189143689551,2.982514112528766e-05,2.0087252533399356e-07,1.156688622382553e-05,1.7474941598237304e-05,0.025129438574264775,1
0.06533862902073412,0.9339754046875742,2.005682223240849e-05,7.48391949803308e-08,1.964315035696504e-05,1.330683554767063e-05,0.000632884644359707,1
0.2029315798017335,0.7965650060055287,2.370828231964376e-05,8.846410177089591e-08,1.665067079298492e-05,1.5914201352692126e-05,0.00044705257417068206,1
0.17876224899902496,0.8208146161403524,2.494855873552079e-05,1.1611769702802945e-07,1.752173492216313e-05,1.6746737778112883e-05,0.0003638017114899933,1
0.6397948148917403,0.36003147743600133,4.258145560335001e-05,3.0471615619882105e-07,0.00010235607254671182,2.3190312822301154e-05,5.275115129730491e-06,0
0.6661891152219833,0.3337156148856783,3.9192304694586436e-05,2.777668185510732e-07,2.7685676517558557e-05,2.330556452865645e-05,4.8085797791431295e-06,0
0.6462926831329263,0.3536033908813029,4.8740651998080137e-05,3.1712552160137046e-07,2.2830895905768917e-05,2.6547371615216398e-05,5.489940730059444e-06,0
0.6278780313152688,0.37201790236203897,4.70481664548863e-05,3.061135564616907e-07,2.2038108783015627e-05,2.937462757528231e-05,5.299306322481501e-06,0
0.39829550307702327,0.6016438401981767,1.691991130519369e-05,1.7723783619331267e-07,2.7069190636938006e-05,1.3346670920783867e-05,3.143714100916378e-06,0
0.4586793349403752,0.5412568326557897,1.3562971836178142e-05,1.420735450224948e-07,3.635119450457155e-05,1.0698668482367505e-05,3.077495467041882e-06,0
0.4954368482519087,0.5012422852724356,1.2065980312827912e-05,1.1275765068242136e-07,0.003294646619870515,8.879436587564941e-06,5.161681234127285e-06,0
0.4461119448686242,0.5332876456056845,0.000775728690594961,1.9561632876036096e-07,0.019148586004062332,0.0006699816372344118,5.917577470778143e-06,0
0.2185538475869259,0.7727871244426846,2.8936596869057277e-05,1.3301600408674186e-07,0.008610513075674653,1.4446663349964748e-05,4.9986184917644245e-06,0
0.7042546506793089,0.2944293287038637,1.8158385996108006e-05,1.3703472797170264e-07,0.0012758890712226436,1.684729162526196e-05,4.988833255338734e-06,0
0.7015582157816527,0.29708821835086197,1.867643346820001e-05,1.409442436318374e-07,0.0013122893938151026,1.732793438943353e-05,5.131161568943847e-06,0
0.6848977473299994,0.3130634028342801,2.169966540429235e-05,1.7536699211476998e-07,0.0019933676469153744,1.8025792883439895e-05,5.58136352518875e-06,0
0.5372174421465202,0.46172748210954706,2.445083156928468e-05,1.5782562802522173e-07,0.0010111417302449716,1.3871714056373585e-05,5.453642434095813e-06,0
0.22775104687627853,0.7653291102452137,2.214199016908288e-05,1.6785279745272274e-07,0.006876388154774713,1.724243655030554e-05,3.90244421611683e-06,0
0.47281418692349914,0.5248335843170164,1.8644061873064628e-05,9.80176559974208e-08,0.0023220603903641767,9.726190189197522e-06,1.7000994019324862e-06,0
0.5150481003228854,0.48348087658522243,1.3748332253872906e-05,9.163414474197387e-08,0.0014465009859992667,9.092760998164902e-06,1.5893784960183494e-06,0
0.5710855748026933,0.42812899248211506,1.4944073141392604e-05,1.0032978087146567e-07,0.0007594080304073654,9.110121723629371e-06,1.8701601384288826e-06,0
0.3918643108043762,0.6080552400809687,3.1929701805538765e-05,1.745989065278839e-07,1.8827195582786113e-05,1.672305704603894e-05,1.2794561314090275e-05,0
0.1839811943337374,0.8159421777124153,3.6781795819275305e-05,1.84089014965733e-07,2.172038761798024e-05,1.382697965263617e-05,4.114701742719816e-06,0
0.1705987758429599,0.8293167801422326,3.7334180181532474e-05,1.868536405329574e-07,2.8711853685812183e-05,1.4034631486029297e-05,4.176495813602011e-06,0
0.2079065170673627,0.7919960535965194,4.603615728589017e-05,2.1112082541087057e-07,2.9216640981354395e-05,1.7246508466819742e-05,4.7189085584724205e-06,0
0.22377842850698024,0.7755581713099491,4.442465677547498e-05,2.2247345668613586e-07,0.0005890084467946566,2.4771946919753157e-05,4.972659124205444e-06,0
0.2717833821113006,0.7281227329169973,3.928150337698512e-05,2.0668647975478134e-07,2.4713681829555867e-05,2.506330660451572e-05,4.619793411366393e-06,0
0.8511236419206174,0.13069751798029328,2.077946619952229e-05,2.4751330730911907e-07,1.6133151367140772e-05,1.413898481402546e-05,0.018127540983401275,0
0.8717226088060074,0.12549308464020145,1.4023969394754476e-05,1.6704563116146577e-07,8.539636423522371e-06,7.76362314279966e-06,0.0027538122791987262,0
0.7220346833142106,0.2619013041309635,2.1838072012106175e-05,2.4217838369856234e-07,3.867527232030693e-06,1.1175982110995414e-05,0.016026888795086968,0
0.721355031054683,0.259709597209149,1.912161936571191e-05,2.1295203247574915e-07,3.400789831603511e-06,9.82725241246713e-06,0.01890280912252571,0
0.47286201022251917,0.5106544474980504,1.574862034249525e-05,1.7464799172351292e-07,1.4981693554395851e-05,8.059607969193176e-06,0.0164445777095725,1
0.41336870512704416,0.5771930023908967,1.264083124190125e-05,1.401834409682709e-07,1.1910823742765256e-05,6.4691472648905865e-06,0.009407131496368772,1
0.296888891356835,0.6942417868738121,1.1245577487512638e-05,1.3164329534306051e-07,1.6406514123135762e-05,6.836940856660069e-06,0.008834701093590481,1
0.5815184150461189,0.41420486292277037,1.356177398157328e-05,1.5039644988449105e-07,1.0485935581788112e-05,7.450981518864008e-06,0.004245072943578402,1
0.36417425672221493,0.6325341300797961,1.6368007159496808e-05,2.0038942427035625e-07,2.161685866164351e-05,9.927746951214384e-06,0.003243500195792246,1
0.5690842418089568,0.43066009576230857,1.2731361363614656e-05,2.047680845439798e-07,2.116739434662011e-05,1.2106300125698584e-05,0.00020945260481425743,1
0.4865571559025611,0.5131096035263654,1.454159181845514e-05,2.3388338590367833e-07,2.4166146227185957e-05,1.3827655176197022e-05,0.00028047129446573214,1
0.687452984663279,0.3119867202766926,2.615196485617109e-05,2.602596955274967e-07,1.1726112946118457e-05,1.731986438671324e-05,0.0005048368581439171,0
0.8042709177671661,0.19499953070905976,2.0218390032679584e-05,1.8607008536269693e-07,1.0474809277959149e-05,1.672139898760722e-05,0.0006819508553903402,0
0.8119599692986439,0.1868616946848436,2.177643286108537e-05,1.8552959623546747e-07,8.97827450636743e-06,1.4372610580359963e-05,0.0011330231689683698,0
0.8349752210616971,0.16449504760210348,1.9529322291984935e-05,1.5465080680903847e-07,7.039750474914294e-06,1.1891867741374027e-05,0.0004911157448845077,0
0.8021908405264235,0.19264988876316655,2.1682181781886283e-05,1.9721480774972802e-07,1.2755061374781804e-05,2.1518369726312936e-05,0.005103117882719187,0
0.8233696898544213,0.17155596749209298,2.1324333249023704e-05,1.9395992176445446e-07,1.2766476542799217e-05,2.1163224791471157e-05,0.0050188946589806264,0
0.8947159446678288,0.10394374291282696,2.1021516883584004e-05,1.671216594491481e-07,1.7505255494931404e-05,1.6956992839566198e-05,0.0012846615324666852,0
0.8317052179810666,0.16626094061512192,3.5646132149032545e-05,2.1469356665420626e-07,0.00015355836777544861,2.2611400502462196e-05,0.001821810809817893,0
0.6648246798465193,0.33088180673896367,3.216674544931199e-05,2.6190385103615177e-07,1.6356219666671396e-05,2.2041732830894436e-05,0.00422268681271899,0
0.7666269028213103,0.22987307479314678,2.6188940328097733e-05,2.185641053527562e-07,1.3756670218549337e-05,1.542844756835044e-05,0.0034444297633226427,0
0.7248597391796461,0.27215833048542426,3.3365775858186335e-05,2.1780914061080683e-07,1.5074993008411736e-05,1.810984270999642e-05,0.0029151619142123836,0
0.766513256628097,0.22898127338996666,2.6528304168156493e-05,1.7959822183705373e-07,8.837506154801791e-06,1.400661462492236e-05,0.004455917958766408,1
0.6232725094655232,0.37389357986699756,5.124787599488825e-05,2.66221968825015e-07,0.0001441069702488449,2.3398809121587837e-05,0.002614890790145201,0
0.2881082766788832,0.7023771475233895,2.9254223206931875e-05,2.794088753929705e-07,0.009455653347321602,2.4296412206177346e-05,5.092406117062459e-06,1
0.1831109892385777,0.8148485975874636,1.9089406148687917e-05,1.823240858660263e-07,0.001998430719822375,1.644426513957663e-05,6.266458762021433e-06,1
0.18082920182154144,0.817132828704277,1.871902740137321e-05,1.6861913702242933e-07,0.0019840187186092816,1.76445388281704e-05,1.7418570205885304e-05,1
0.21775874430469544,0.773214116165386,2.1379253329289837e-05,1.948273625005932e-07,0.00896113951466982,1.8790154923417944e-05,2.5635779633541287e-05,1
0.14906897801414845,0.23833754420179634,9.324643772501922e-05,1.2895754919195298e-07,0.6123561650527523,0.00014088185440590636,3.055481622827254e-06,1
0.182410235898389,0.338692782346442,9.937081053474382e-05,1.6232943875364619e-07,0.47863445264069837,0.00015551231668068315,7.4836578164870155e-06,1
0.06872856353285199,0.9284853760411983,1.4998623255702642e-05,1.385038749755432e-07,0.002742535007136293,8.86153808127157e-06,1.9526753601619678e-05,1
0.11363335147315191,0.8861584906154567,1.509251574814842e-05,1.420641330497906e-07,0.00017415098063281348,9.089324939290299e-06,9.683025938339298e-06,1
0.13788358247901367,0.8620515323304374,2.2606652347735475e-05,1.7792769273240506e-07,2.2202969256915043e-05,1.3881370586512504e-05,6.016270665260999e-06,1
0.07173003580544698,0.9282297244730254,1.5721803699204164e-05,1.5955092107721154e-50,1.0049626500392792e-05,7.29181278630905e-06,7.176478541531309e-06,1
0.10544795510937564,0.8945069996603889,1.493996920481972e-05,1.8324148978813993e-07,1.2881334478692255e-05,1.0661285313710256e-05,6.379399748447856e-06,1
0.6717184768720093,0.3282273806923583,1.8481619313660283e-05,1.9102349181441226e-07,1.6443237394781975e-05,1.309935833515292e-05,5.927197097018097e-06,1
0.5709367969059217,0.4290091231006545,1.8756024326355595e-05,1.8665371823099574e-07,1.4903599474497011e-05,1.3889340395841224e-05,6.344375508967393e-06,1
0.723583229084574,0.27634721262204864,1.9634953727958383e-05,1.712844576419333e-07,1.4574487024048753e-05,1.170248155125923e-05,2.347508661642924e-05,1
0.3522886401988495,0.6476274608950832,1.855631268341854e-05,1.8088906097453177e-07,1.444331320925491e-05,1.0519339958838768e-05,4.019905115503828e-05,1
0.33906257285623165,0.6602248071309658,1.882642336610287e-05,1.3222859451021482e-07,1.0557957432260036e-05,8.548208293526433e-06,0.0006745551951161834,1
0.6640815705616756,0.33346443160688966,3.413419705353854e-05,1.988111518774887e-07,1.5494599137886447e-05,1.488865081078903e-05,0.002389281573280773,1
0.24428491956445933,0.7502114869728909,1.2226580511516056e-05,8.490363371992371e-08,6.1631023478538715e-06,5.5747551627444515e-06,0.005479544120993974,1
0.22241434741266483,0.26647778274021156,2.7205386518474844e-05,8.15012970787798e-08,2.0312309824168733e-05,8.378894580724871e-06,0.5110518917549032,1
0.03918629680711012,0.0009119539290910236,4.510967757542893e-06,1.3874118214569622e-08,1.4135331881485175e-05,2.3106451692545417e-06,0.9598807784448724,6
0.38793699663703424,0.24392067427294056,4.725162078916735e-05,3.4528708592972597e-07,2.0291228693956695e-05,3.0091032494971852e-05,0.3680443499209612,1
0.316772902100136,0.34672520780940264,4.7085253159781835e-05,3.44071369029773e-07,1.9802366413255675e-05,2.9985085362189083e-05,0.33640467331415713,1
0.1612131084318043,0.8386491571210614,3.1384835492323766e-05,2.3103054596085055e-07,2.035774463067611e-05,2.2534778308291017e-05,6.322605815702738e-05,1
0.1646067589113228,0.8352621676912024,3.400796155537384e-05,2.5445129128007396e-07,1.7826815003193288e-05,2.4819243773187082e-05,5.416492585193059e-05,1
0.3326146204808947,0.6672794897758033,3.378450529297471e-05,2.820890674512103e-07,1.7643253629687192e-05,2.9638084926844277e-05,2.4541810385169713e-05,1
0.4808038620884234,0.5191093857200637,2.688398349070384e-05,2.4617794351471106e-07,1.4039152528692675e-05,2.7553521106248798e-05,1.8029356443805268e-05,1
0.5035317755648514,0.4963865892822633,2.6195101779388448e-05,2.772545261888687e-07,1.4174500431345934e-05,2.3420928305463413e-05,1.756736784285189e-05,1
0.7441209619343784,0.2558041450962749,2.8752214423080178e-05,2.4718127182008144e-07,1.9205092874925422e-05,2.0028679410693072e-05,6.659801366176804e-06,0
0.3663843983762385,0.6177336701016309,1.7456416453366834e-05,1.623600770877965e-07,0.015847008396986488,1.0943065086158705e-05,6.361283527624017e-06,0
0.23881054866486662,0.7304550648123972,0.0008590465521115028,1.8443973798838618e-07,0.029213992464381337,0.0006559492742097206,5.213792295696906e-06,0
0.7853387299061761,0.21211845871340396,0.0010173191730978863,1.5264273826884357e-07,0.0004041918107517015,0.0011058542694926529,1.5293484339333794e-05,0
0.7832848690595134,0.21434746485404493,0.0010972106226853585,1.6381401385332064e-07,0.0003101431650724474,0.000942856340328704,1.7292144341308772e-05,0
0.7344636143318795,0.2650066462649919,8.39203151996792e-06,4.190427211307014e-08,0.0005054496364506895,6.9265734797782275e-06,8.929257405964247e-06,0
0.21109916288611802,0.7872115922510776,2.2101407615579396e-05,1.33797895051129e-07,0.001647704320523631,1.3345202516193455e-05,5.960134253967419e-06,0
0.6866784412743684,0.31117021662610067,1.938583707947395e-05,1.4201326696532518e-07,0.002109120290326939,1.7459362007235623e-05,5.234596850336682e-06,0
0.6703138170542934,0.3281489975844981,1.744442742842154e-05,1.550305079959997e-07,0.0014982323664014534,1.6419417785816823e-05,4.934119084702478e-06,0
0.663635733925674,0.3344425346394008,2.1080291253091928e-05,1.8734282194587245e-07,0.0018746596419939626,1.9841643444673128e-05,5.962515411282787e-06,0
0.5738794099421513,0.42375932020203966,2.611945870094997e-05,1.6859630976047295e-07,0.0023138027774335505,1.4818377909976209e-05,6.3606454547198514e-06,0
0.5198786954213303,0.47805909238978284,2.27625960344634e-05,1.2988978598750613e-50,0.002017905124734693,1.589792669819769e-05,5.646541419520033e-06,0
0.4936611213136042,0.5048670510993865,1.6595580382905445e-05,9.428871630516859e-08,0.0014440239926223934,9.356171376955705e-06,1.7575539107721343e-06,0
0.45504234869655846,0.5437597082152407,2.454775105545792e-05,1.305232301276022e-07,0.0011603435463278446,1.0488297635738084e-05,2.432969951726911e-06,0
0.5075325351392235,0.4918324528091964,2.4836956352350225e-05,1.494301286827371e-07,0.000593423107583554,1.381716052057793e-05,2.7853969949438297e-06,0
0.4351713046998126,0.5647377472535805,2.8579802970151462e-05,2.000076852558873e-07,2.9556773397115525e-05,1.7954952710306805e-05,1.4656509844103972e-05,0
0.37148927232188267,0.6284264452781037,2.9011884368939656e-05,2.065071295085065e-07,3.238497971889634e-05,1.8063244167108874e-05,4.61578462914198e-06,0
0.9046447949895715,0.09252352656017448,1.3908292006299986e-05,1.656677472099564e-07,7.109805253218948e-06,7.699584522575641e-06,0.0028027951007247444,0
0.8992979895133864,0.0985111260939581,1.3727860161221725e-05,1.6351854461300842e-07,7.017569968008923e-06,7.599698049016196e-06,0.0021623757459326813,0
0.8624986241399609,0.13484083035146222,1.3427466547623431e-05,1.5994042494033073e-07,9.702220594472755e-06,7.544896771929939e-06,0.0026297109842378426,0
0.8458616112806407,0.15114189342236445,1.5050728422418487e-05,1.7927580686985125e-07,1.0822056003605698e-05,8.457008020593288e-06,0.0029619862287411656,0
0.7888846573287475,0.19044146240791238,1.757669945534345e-05,2.1025073911733172e-07,3.357650863270207e-06,8.835232910477054e-06,0.020643900429372124,0
0.3510046679787953,0.6404378620852452,1.2345291457663276e-05,1.3690598372636343e-07,1.163235136925828e-05,6.502259770858241e-06,0.008526853127377948,1
0.35818037896402316,0.6338636442592945,1.2218564666553098e-05,1.3550061747309003e-07,1.1512943045271152e-05,6.414532196728464e-06,0.007925695236156213,1
0.32010528873789534,0.6718189434329984,1.1862740406902209e-05,1.315546215062657e-07,1.1744705917285269e-05,6.6167584779498136e-06,0.008045412069682435,1
0.3025748666378217,0.6898841572146911,1.2181729538694657e-05,1.350921257471198e-07,2.05749089107005e-05,7.406090481379621e-06,0.0075006783264305954,1
0.5219550219942624,0.47578602660793584,1.3688978367901751e-05,1.6119661148026035e-07,1.2896798985686679e-05,7.986046040085262e-06,0.002224218377796711,1
0.36330041326641355,0.6346552565593959,1.614507735290529e-05,1.999085858151985e-07,2.1564988574376807e-05,9.90392512266929e-06,0.001996516274554805,1
0.6099626156891053,0.3898001098108694,1.402892568862139e-05,1.9975855149040806e-07,2.4531537935093798e-05,1.1810126477489645e-05,0.00018670415137251432,1
0.48910574547366914,0.5105544666000558,1.4685417744589903e-05,2.3619664672168858e-07,2.765655168396896e-05,1.396441979844867e-05,0.0002832453404013053,1
0.8056914742709443,0.19228201325010483,2.02434927196252e-05,1.94480119062675e-07,1.1955153287639128e-05,2.0527501099349418e-05,0.0019735918517251637,0
0.7893593760411749,0.2094642185454574,2.2355635825815665e-05,1.9454458250505427e-07,1.0513094586246856e-05,1.5900333979659107e-05,0.001127441804393547,0
0.8354850939550855,0.16393195971281413,2.1437770448982483e-05,1.5679664580885726e-07,9.189146541942861e-06,1.3053967108416486e-05,0.0005391086513553059,0
0.8766809606804041,0.12224573955336088,1.7077942405922762e-05,1.6864672302998686e-07,5.028585181188381e-06,8.963044993861468e-06,0.0010420615469306802,0
0.8021907774846931,0.19264987362339964,2.1501910039334088e-05,2.3041945460868867e-07,1.2980712697057824e-05,2.151836803524992e-05,0.005103117481680724,0
0.8750481280342006,0.12366485486128537,2.292704860070972e-05,2.321356329817583e-07,1.1637356805746418e-05,1.7621148532865504e-05,0.0012345994149419958,0
0.8857039412491375,0.11265946353709023,2.0906094354562554e-05,1.6620404704778302e-07,2.132670471647579e-05,1.9060068877346677e-05,0.0015751361417767487,0
0.7054130828648784,0.29107360438197305,3.319286016416643e-05,2.6136519699228677e-07,1.6748179997477267e-05,2.1348017346718577e-05,0.0034417623304431834,0
0.6373317313229053,0.3558852836566251,2.901755081145414e-05,1.7378747215068754e-07,1.0986135397678617e-05,1.601410252799945e-05,0.006726793444260466,1
0.7913049796427984,0.20846257015115255,2.6997137691745297e-05,1.7912185632094337e-07,8.620633012547999e-06,1.3634130825607953e-05,0.0001830191826627595,0
0.6712496853313873,0.32789290415754696,4.4042409175057094e-05,2.751308712174317e-07,3.83598876443818e-05,1.9989745619056624e-05,0.0007547433377560585,0
0.48411331689770964,0.5130735509146194,3.6665795028604055e-05,2.3366491882313499e-07,2.8977137742792426e-05,1.9984236962662793e-05,0.0027272713530180456,1
0.3201355851357197,0.6776529290944412,2.1097389015919502e-05,1.7679097255953084e-07,0.0021697216001150647,1.5475206431849262e-05,5.014783303826751e-06,1
0.18379431686671904,0.8151904636198509,1.7753727741908433e-05,1.5397839937210244e-07,0.0009764437289676067,1.460499624598287e-05,6.2630820752582795e-06,1
0.17778550738570034,0.8194440768718281,2.1420659842702455e-05,1.5151023880122014e-07,0.002727542776862901,1.614794813063379e-05,5.152847396446172e-06,1
0.26941998107429993,0.7227732982815346,2.182472075050613e-05,1.7262131059641608e-07,0.007763749244762448,1.7067529976410465e-05,3.906527365538945e-06,1
0.2620356315439215,0.7338695163641837,2.0666086264619632e-05,1.634571611100455e-07,0.004051949601705245,1.5097119457434585e-05,6.975827306427517e-06,1
0.21249029668481778,0.7827858012361767,2.1195787376738387e-05,1.6764680006321278e-07,0.0046798999371220765,1.5484080049004534e-05,7.154627657633303e-06,1
0.17878260370396704,0.8146881346304753,2.1442096555353372e-05,1.9540004760780477e-07,0.006484340343421322,1.5287875902798108e-05,7.99594963086099e-06,1
0.18587551737331368,0.36889092785024685,0.00010554012198567694,1.7240745723751742e-07,0.44495280938319365,0.00016516710273804187,9.865761064768167e-06,1
0.1252905822276605,0.8565521294965166,1.6956902019208436e-05,1.8687688088081156e-07,0.018106752623016063,1.5105569791342498e-05,1.8286304115296545e-05,1
0.12393509287683295,0.8587806908390662,1.6141560883805926e-05,1.65378313020655e-07,0.017236123057227517,1.4379246527185902e-05,1.740704114952649e-05,1
0.09619461841729923,0.9037214002709295,1.750111895532771e-05,1.56145354418004e-07,2.8810361155035467e-05,1.2799965305576684e-05,2.471372100110555e-05,1
0.10818589206003285,0.8917666537043784,1.6071767727664254e-05,1.971232083260297e-07,1.2853718363614146e-05,1.1468946079556323e-05,6.862680209936277e-06,1
0.6081133673357655,0.39182674811336926,2.2757338339621096e-05,2.5881796759500774e-07,1.743405305662391e-05,1.4603726954609665e-05,4.830614546853152e-06,1
0.6369274644592164,0.3630199437549973,1.8428207711746993e-05,2.485611418598439e-07,1.6082116708435833e-05,1.3193720499473008e-05,4.63917972468365e-06,1
0.5617875973130886,0.4381519058597918,2.397288523551306e-05,1.8569524710194237e-07,1.482706914897943e-05,1.519938049320165e-05,6.31179699504947e-06,1
0.7158080759676613,0.28158605530754816,3.597249376008242e-05,2.1033422904240304e-07,1.4868525447268658e-05,1.5751595723858632e-05,0.0025390657756302363,0
0.6329716363619581,0.3630012139265539,2.460618400751726e-05,1.7086988731244542e-07,1.2442718394812265e-05,1.2796179852707674e-05,0.003977133759345759,0
0.4509241740465589,0.547522385846346,2.752653873274908e-05,7.441554147009859e-08,1.0275426319645283e-05,8.107521459292573e-06,0.0015074562050419835,1
0.13800726108989234,0.8598389023618783,8.447058404558945e-06,2.283586872682066e-08,3.153216141574711e-06,2.7059057118547637e-06,0.0021395075321028237,1
0.05565894129927612,0.0012704429166728714,3.892251582945182e-06,1.4458431738494387e-08,3.6891585253255916e-136,2.214003974810673e-06,0.9430644950700615,6
0.05495988117484497,0.0012595672104926126,4.421005512597938e-06,2.6112193347400542e-08,3.563357669119985e-136,2.2156693970665387e-06,0.9437738888275594,6
0.4184131835785409,0.08084129714432942,3.009893887591709e-05,2.1939919814475544e-07,1.502631186533617e-05,2.077434818983835e-05,0.5006794002790005,6
0.07349327500129943,0.9236491693124987,2.2412791354462806e-05,2.1440128543586954e-07,1.5132961640291868e-05,1.259795273160449e-05,0.0028071975791898692,1
0.07668189852947481,0.9221154214867583,2.2561422227196795e-05,1.7132557054241042e-07,1.551457497340447e-05,1.540086767389759e-05,0.001149031793321716,1
0.21692530900381615,0.7829487879581415,3.1120000772516105e-05,2.290810404449935e-07,2.0185959833636166e-05,2.1126944095631866e-05,5.324105230007477e-05,1
0.2982198045673466,0.7016749517493743,3.4172989153177746e-05,2.7514374735981123e-07,2.164428428431629e-05,2.5213700071587717e-05,2.393756602260892e-05,1
0.4211699825456794,0.578741396141837,2.704407956503231e-05,2.5008255637655467e-07,1.3294637630357358e-05,2.627527578995103e-05,2.1757236941816077e-05,1
0.5094653299265779,0.4904451340613832,2.6346274633918768e-05,2.816243839012848e-07,2.742264956180524e-05,3.133544189109735e-05,4.150021568160588e-06,0
0.7414681385462831,0.2584630699253639,2.7300648270051707e-05,2.3275087218484012e-07,1.7465950020503068e-05,1.7442920742223682e-05,6.349258447923164e-06,0
0.41349216078972967,0.5864461247933871,2.328012127110557e-05,2.2196644657284006e-07,1.218079277551153e-05,1.8694763547354603e-05,7.336772842807418e-06,0
0.5916750864209301,0.4082660476656462,2.2590339758308356e-05,1.6093164081704136e-07,8.555133334610673e-06,1.2600679049709611e-05,1.4958829640100988e-05,0
0.7929792729580453,0.20697824451998817,1.4156398356408145e-05,1.0084896641355478e-07,4.944976070092712e-06,9.051559978815915e-06,1.4228738594715389e-05,0
0.5046617396676601,0.4952706972699549,2.098869580983668e-05,1.79874278397386e-07,1.519097008213136e-05,1.526729501584291e-05,1.593622719870706e-05,0
0.3401830577732125,0.6492145156338596,2.0811183108752358e-05,1.615357309522379e-07,0.010555887074873201,1.2612526442881212e-05,1.2954272772020234e-05,0
0.7498395716106376,0.24588188693692767,0.0016379770308607132,1.7693926657968474e-07,0.0006501258583232553,0.001974651264876584,1.5610359107444998e-05,0
0.6994372059129493,0.2994655028296566,8.136689168061869e-05,1.0033797955471779e-07,0.0007822984599506541,0.00022003140308645038,1.3494164696874228e-05,0
0.49902412432586546,0.49955952180296276,1.5614599057502507e-05,6.370382209434919e-08,0.0013804551155789473,1.0529933642293262e-05,9.69051907098445e-06,0
0.26862611525391955,0.7286857261891886,1.691652329632384e-05,1.2212492751347983e-07,0.0026560613944638534,1.1648629910799368e-05,3.4098842934033095e-06,0
0.28528522626111197,0.7112276936919661,2.5776891126969015e-05,1.3744281389057116e-07,0.003440919231277806,1.5081507790708511e-05,5.164973912654345e-06,0
0.18204177136417984,0.8164744498490052,1.6272587804947148e-05,6.28366636861496e-08,0.0014483508199855184,1.2377480149877921e-05,6.715062210946404e-06,0
0.7204885305164419,0.27840931911639033,1.7688417553485438e-05,1.52998431632562e-07,0.00106322080079898,1.637076140635963e-05,4.717388977240953e-06,0
0.5496423855043857,0.44922201459214456,1.928415222571633e-05,1.7138034069000729e-07,0.0010929974770184391,1.8151042981407644e-05,4.995850903479019e-06,0
0.5867822500396567,0.4114281880229269,1.7823627287827607e-05,1.4784878701322585e-07,0.0017525369587362107,1.4497218490405419e-05,4.556284114844823e-06,0
0.4793783031125634,0.5196887295006049,2.3596420042258245e-05,1.254648931547829e-07,0.0008968249890443729,1.0081830958036951e-05,2.3386818939723866e-06,0
0.47893936557045336,0.5209979530585119,2.0001765885633573e-05,1.4722686575756894e-07,2.3164039382032683e-05,1.3231958655007134e-05,6.1363802463281075e-06,0
0.9192556211091781,0.07487455497785227,1.292829958716216e-05,1.5399462902349225e-07,8.837979079072706e-06,7.87085291642114e-06,0.005840032786757726,0
0.8823543433867232,0.11471947052698234,1.3270764283798651e-05,1.580738757609784e-07,6.7839062896036065e-06,7.346651280833184e-06,0.002898626690564442,0
0.8814030204502782,0.11606240786292506,1.2165783862256674e-05,1.4354745882029786e-07,8.534403437049349e-06,6.624389044776764e-06,0.0025071035629942165,0
0.7733860108165873,0.21187219235956134,1.7231382748803265e-05,2.06120094853652e-07,3.2233086655841204e-06,9.511974015271157e-06,0.014711624038327006,0
0.5222705956911396,0.4754322288004919,1.2488428685829398e-05,1.6129407085600226e-07,1.1840439393402588e-05,7.990874398786887e-06,0.002264694471819559,1
0.3326632446763078,0.6664216052559279,1.508803526535019e-05,1.8682027510281531e-07,1.8131587812091072e-05,1.1625775694756279e-05,0.000870117848716936,1
0.32299571946836836,0.6762328299446635,1.5981971311398207e-05,1.9788900440453846e-07,1.9205848286185802e-05,1.0600257323083108e-05,0.0007254646210429924,1
0.5730293041752544,0.42670402878983676,1.4001787012498538e-05,2.1867048407845835e-07,2.482471371311639e-05,1.2928237888151117e-05,0.00021469362581073782,1
0.5374522949461142,0.4622586045900872,1.6358001061039428e-05,2.3292236838078963e-07,2.624544777456522e-05,1.377083789149147e-05,0.0002324932547029623,1
0.4806931425153417,0.5190221620390034,1.6037258849122484e-05,2.401140373214788e-07,2.8115243697988324e-05,1.4196023792871273e-05,0.000226106805277694,1
0.8353582753177764,0.16390707641101424,2.143451640069969e-05,1.9285760615759955e-07,9.18775171748589e-06,1.4203147821144263e-05,0.0006896299976637537,0
0.9082664220030557,0.09047080729606911,1.6337709556192414e-05,1.2616781552289558e-07,5.268811019700294e-06,8.605267858250669e-06,0.0012324327446254569,0
0.7805900355565568,0.21256568902492842,2.0363855272175935e-05,1.7819293744836926e-07,1.0690241018992185e-05,1.797295800642065e-05,0.0067950701712797094,0
0.8085639855852501,0.18647847811935192,2.2210832006107153e-05,1.8273552626097236e-07,1.0682968137514188e-05,1.796073048103956e-05,0.004906499029246966,0
0.877128006101138,0.12143929595425883,2.098934962373962e-05,1.9496081339237425e-07,1.1296996004709562e-05,1.9960530589064603e-05,0.0013802561075723326,0
0.8799525394602831,0.11860772475223957,2.0770338665930057e-05,1.929265171782552e-07,1.7097111913085077e-05,1.9220331326923992e-05,0.0013824550790540893,0
0.8155762010943408,0.18171499213651873,3.485181077541223e-05,2.3659659236893003e-07,2.275729670165678e-05,2.2107538859591568e-05,0.002628853526211659,0
0.6941947184850166,0.301909080943714,3.7356700069989364e-05,2.538769253480205e-07,1.8626650297580048e-05,2.233588958560642e-05,0.003817627454391148,0
0.7993487931125944,0.20039322919386163,2.5207424461677816e-05,1.8506206229214604e-07,9.417654065434419e-06,1.607838749468379e-05,0.0002070891654599341,0
0.7775808969649406,0.22214332044793747,3.085744330191135e-05,2.0473439031452003e-07,9.853292502657463e-06,1.558366756230894e-05,0.00021928344936447743,0
0.5387841913717176,0.4587604792109099,4.811381179949427e-05,2.3094626933048066e-07,3.018074064882387e-05,1.975172394379259e-05,0.002357052194711116,1
0.2470684076464643,0.7512142016018472,2.6608749402930946e-05,1.158497991911395e-07,1.2825004675129399e-05,1.18307606228002e-05,0.0016660103871883978,1
0.2759073418105566,0.7232092561898513,1.7727707194687293e-05,1.0432038939548677e-07,2.09103145632225e-05,1.3178378310269575e-05,0.0008314812791345158,1
0.0017417154047931114,0.004585181877532454,1.448384600552801e-07,1.1455910517860503e-09,0.9936728079745928,1.231531272374271e-07,2.5605903199089354e-08,1
0.25076374128341217,0.7434785167504661,2.4661326693127245e-05,1.9505727397292265e-07,0.005706729572541839,1.9285833592314796e-05,6.870176020339077e-06,1
0.15203874469499323,0.83799904425567,2.023212944281064e-05,1.714047984045382e-07,0.009923085924527123,1.393364537911676e-05,4.787945189148585e-06,1
0.27812489628077924,0.7018484729375479,9.402612953013633e-05,2.3637068443997156e-07,0.01978009071314895,0.00014260506254420898,9.672505765135025e-06,1
0.06930386024894025,0.9275161058236789,1.4600917132195334e-05,1.3743677122693345e-07,0.0031358652536825774,1.0054010157075118e-05,1.93763096377223e-05,1
0.07576830553150554,0.9241719586734025,2.0569160541691864e-05,1.344550390063194e-07,2.085590326656716e-05,1.0214877509997836e-05,7.961398734611198e-06,1
0.6501425974754056,0.3498020775612803,2.1025307708756146e-05,2.3726532323422773e-07,1.6107170559929434e-05,1.3492256797920279e-05,4.4629629244977945e-06,1
0.6860360087902588,0.31390359002504753,1.5210683379044996e-05,1.7263725354064607e-07,1.183995010559076e-05,1.2146275984674796e-05,2.103163797074462e-05,1
0.5166618176060639,0.48324606874394405,2.9145081584111235e-05,2.0585381921199121e-07,1.771982694784935e-05,1.7193232127563515e-05,2.7849655513362955e-05,1
0.7024124965353357,0.2974802972816672,3.045980631640395e-05,1.8140264309046415e-07,1.4718342650966625e-05,1.4808353903185745e-05,4.703827748336375e-05,1
0.5311834193291859,0.46871010317908346,2.7936595632601924e-05,1.973181955300236e-07,1.5755117996474e-05,1.2536441872023597e-05,5.0052018033770814e-05,1
0.5179913269946862,0.48170913545602617,2.0657025442884465e-05,1.689179841716257e-07,1.2278497130606102e-05,1.0920074576684026e-05,0.0002555130341533207,1
0.4301225514109293,0.5687520146406053,2.73488845876321e-05,1.5782958345315815e-07,1.124971646065773e-05,1.1043783761200321e-05,0.0010756337340724067,0
0.6564047105448197,0.3400749631258762,2.5887024764614233e-05,1.7976428214276477e-07,1.3321696595951638e-05,1.346226723486673e-05,0.0034674755764263045,0
0.6348621851102821,0.3621311096931193,2.467967733281666e-05,1.7138023853993721e-07,1.2440385696629906e-05,1.2834399261626074e-05,0.0029565793540689642,0
0.8975189569594882,0.09704472303535495,2.010520669759397e-05,1.3107628002843483e-07,1.0029163465708434e-05,9.604788215877265e-06,0.005396449770497269,0
0.8754306999682033,0.1195247578953443,2.080566158298641e-05,1.3564290906567682e-07,1.037857427513799e-05,9.93941401357056e-06,0.005003282843671838,0
0.28031022282793777,0.6902588291574792,1.0238656066482527e-05,4.900625593434125e-08,1.3859283696385657e-05,5.49047977467172e-06,0.029401310588789704,1
0.1139698302494693,0.5134321024039055,1.8827800451714203e-05,5.501199685295608e-08,1.369886289804081e-05,6.26895177812943e-06,0.37255921671950065,6
0.13899503764204613,0.005301371025771957,1.0266795564342814e-05,6.30045627201525e-08,1.0666343497711338e-05,5.839994076339672e-06,0.8556767551944808,6
0.1059027673425174,0.003985478717006332,7.718398696228779e-06,2.8671307160331522e-08,8.01877189725978e-06,4.390406177108808e-06,0.8900915976923984,6
0.012206675768043263,0.0002693612329015254,1.2396480142744167e-06,4.284268329253385e-09,1.4676695088951384e-06,7.008730132589696e-07,0.9875205505242505,6
0.026023770671206054,0.000484291352211258,2.0526565387117893e-06,7.957501872124128e-09,1.5647298908630286e-06,1.3017854827270965e-06,0.9734870108471686,6
0.02966780275834674,0.002117506960293476,2.4421454507013185e-06,1.4225416028228258e-08,2.2842532546645146e-06,1.5145741804830853e-06,0.9682084350830579,6
0.516702578786767,0.2545581581573917,5.2821030971494535e-05,3.7416601070940137e-07,2.276535652894832e-05,3.526927063977182e-05,0.22862803323169056,6
0.31178346844397264,0.5719758089329717,2.6792944358345324e-05,1.7882432845097706e-07,9.972001890552995e-06,1.9482096819749715e-05,0.1161842967556586,1
0.17786106889198902,0.8220095002300962,2.4465687963589478e-05,1.6767329404616685e-07,1.7180815158611088e-05,1.48294376178162e-05,7.278726388067396e-05,1
0.2200050970307113,0.7798726396994938,3.297785888723356e-05,1.9391536474779395e-07,1.6919885512511538e-05,1.891455407763882e-05,5.325705595248408e-05,1
0.19508275533558744,0.804830267988682,3.143836652971379e-05,1.963272111076482e-07,1.4235620445697754e-05,1.9149806185999352e-05,2.1956555358134393e-05,1
0.20270772094432157,0.7971937300343237,3.349665470059104e-05,2.5062563741875707e-07,2.492848877390405e-05,2.2845514158672204e-05,1.7027738084225308e-05,1
0.27720565491517096,0.7226950422109596,3.261515623560247e-05,2.4403016940422967e-07,2.0574105666912042e-05,2.3967035486711168e-05,2.1902546310722448e-05,1
0.41447005608502063,0.5854362938516953,2.680157490144427e-05,2.478400623749564e-07,1.8420220343110067e-05,2.6618288502440184e-05,2.1562139474642432e-05,1
0.4928006169270735,0.5071045113792367,2.9298456138395135e-05,2.576614731552695e-07,1.522585317034237e-05,2.767311855350689e-05,2.2416604354345702e-05,1
0.5445941820900706,0.4553151328995136,2.2712737860896784e-05,3.011835747914367e-07,3.239052868116782e-05,3.115450213600129e-05,4.126058163119228e-06,0
0.5318868551575849,0.46802463820948176,2.2526692566067647e-05,2.987165103929066e-07,3.054254934523067e-05,3.104641384626254e-05,4.092260665338863e-06,0
0.6850858689149488,0.31480708815772623,3.302331223034893e-05,3.0578854962628506e-07,4.210212819076718e-05,2.5599970618854713e-05,6.011727735178975e-06,0
0.7266489986381964,0.2732668752617923,3.351830214315595e-05,2.618679601618174e-07,2.419310715313893e-05,2.091108884285493e-05,5.24173391194685e-06,0
0.5369420309172269,0.4629863462177236,2.6651292939830053e-05,1.8986152260614156e-07,1.0093047164381736e-05,1.7040759272549377e-05,1.7647904150211768e-05,0
0.4855964032144963,0.5143380496549046,2.0036200778511417e-05,1.6014216743597157e-07,7.383258861443449e-06,1.4952088244890773e-05,2.3015440546806926e-05,0
0.42754999339173644,0.5723738073222036,2.414905420968974e-05,2.0695872384369457e-07,1.0160007696771224e-05,1.861221508165116e-05,2.307105034814225e-05,0
0.3921180860279872,0.6078018283647401,2.1254922113961997e-05,1.82155852477968e-07,1.4625774627870469e-05,1.6942804794060714e-05,2.707994988430258e-05,0
0.4462619094027235,0.5533922322115974,2.1971115751307563e-05,1.897356287104458e-07,0.00029474758548673585,1.4034592886562419e-05,1.4915355925890068e-05,0
0.4608567171316325,0.5289667026776068,1.8326727461556475e-05,1.3113072741889395e-07,0.010135073022172196,9.540372638175649e-06,1.3508937761250873e-05,0
0.2535318612027108,0.7136279211975959,0.0003846196354849641,1.8344879144339242e-07,0.031645982647053136,0.0008038386052527422,5.593263110889947e-06,0
0.4398955888971944,0.5591561565772603,1.319835282185304e-05,6.061186109491765e-08,0.0009076847851267058,1.076024384720528e-05,1.655053188862499e-05,0
0.45880970682789685,0.5397823699282897,1.843938636032856e-05,6.353354897330251e-08,0.0013721817480505992,1.165355397751296e-05,5.585021876127886e-06,0
0.25898030248974085,0.7380922599400891,2.0719028559229156e-05,1.254292240995083e-07,0.00288916883731784,1.37632646399786e-05,3.661010429079323e-06,1
0.12726990057356613,0.8724994215889313,1.190357953497479e-05,5.024914595918683e-08,0.0002039928823774434,7.767060805720704e-06,6.9640656383866545e-06,1
0.7215930887807223,0.27679961062833847,1.9272116060721246e-05,7.823087022927109e-08,0.0015603679594133283,1.7356942058791023e-05,1.0225342536251497e-05,0
0.6856610163932944,0.31286496018147403,1.9829850364392972e-05,8.049486862962763e-08,0.0014267908636415748,1.7859251299900275e-05,9.462965057016818e-06,0
0.693842453456487,0.305667334707587,2.320513164309354e-05,1.6471515669311802e-07,0.0004316517650560156,1.532419389482147e-05,1.9866030175375754e-05,0
0.6433686887784783,0.3562192778110454,1.9275521786368566e-05,1.72747575361613e-07,0.00036976886975001824,1.2910157655630646e-05,9.906113709094905e-06,0
0.683974245538898,0.3155411950313246,1.277794981796391e-05,6.657356124799892e-08,0.0004558422949774425,1.135824923951359e-05,4.514362181120295e-06,0
0.6098218844809538,0.38923940022502895,1.2901076006873252e-05,9.924820623472324e-08,0.0009158898020614571,7.975168295982596e-06,1.849999446809684e-06,0
0.3532710685151856,0.64666293787968,2.8721818474921266e-05,1.953640960437921e-07,1.7136410198674717e-05,1.6346797349971675e-05,3.593215014862182e-06,0
0.24778498874996874,0.7521278854899783,3.498255658091178e-05,2.0965358560550622e-07,2.4660517447070487e-05,2.2586919179497433e-05,4.686113260038973e-06,0
0.18945356950044853,0.810449066026184,4.0075002195393144e-05,1.9861363762815324e-07,2.840598672330226e-05,2.4245519114693257e-05,4.439351696398654e-06,0
0.8761726543016991,0.12077831068227028,1.4000703292640277e-05,1.6676849844654508e-07,1.006704731294811e-05,7.813757374250275e-06,0.0030169867395522967,0
0.6827348039937494,0.3142327253518754,1.2490577169266252e-05,1.487807259185483e-07,1.103145516544578e-05,7.066242851392419e-06,0.003001733598463188,1
0.5263399424566416,0.47133320235735177,1.3709778709494722e-05,1.6330316853573443e-07,1.1987925281668947e-05,8.090409658380942e-06,0.002292903769188566,1
0.3665475826386718,0.6316430085514724,1.708288329955203e-05,2.019783421211569e-07,1.9991527656494546e-05,1.2295834252612048e-05,0.001759836586305173,1
0.516489767658138,0.4832111677773875,1.5306000570937746e-05,2.390388134860558e-07,2.1576020570957594e-05,1.4132454401757791e-05,0.00024781105011734546,1
0.5161516332224881,0.483554862170654,1.5366776119732587e-05,2.399879650952925e-07,2.1661692493216536e-05,1.4188570149833465e-05,0.00024204758012990896,1
0.5357180529340025,0.46401200057554987,1.4685734135608986e-05,2.2935190983940792e-07,2.07016653593461e-05,1.3559745216651083e-05,0.00022076999382603368,1
0.8609231730892556,0.13903564175789865,1.8344190674038532e-05,1.3986241938540904e-07,5.083286095997363e-06,1.1833966915535615e-05,5.783846740796406e-06,0
0.8408317758230269,0.15911553780427926,2.350635674183862e-05,1.5376981988967567e-07,5.394061910966867e-06,1.3842117702953403e-05,9.790066518112652e-06,0
0.8373842861451164,0.16141375419375673,1.858315780823915e-05,1.6597139478653272e-07,1.1398159508797575e-05,1.4915207392663827e-05,0.0011568971650226761,0
0.8121756518390694,0.1857849700367671,2.0400346513035474e-05,1.8225538634368818e-07,1.2590311412793071e-05,1.5650351306050864e-05,0.001990554859545221,0
0.816304228099788,0.18292133937476823,2.440880537317651e-05,1.8185377351192618e-07,1.0115886900021063e-05,1.486310077139151e-05,0.0007248628786257017,0
0.8216284341130391,0.17766175703964823,2.5245050701763473e-05,1.7901747476363537e-07,1.0821109914827577e-05,1.5530956898569163e-05,0.0006580327123229013,0
0.6783342242716571,0.31042873688332506,3.711261134805413e-05,3.415063801864234e-07,1.7115327351284945e-05,3.0892191552195216e-05,0.011151577208386228,0
0.6924180504407412,0.29786698651230775,3.443882021301678e-05,2.8994842486234865e-07,1.6950780440488655e-05,2.8498484224229484e-05,0.009634785013648258,0
0.7709923365106873,0.2232996744488285,2.7715925482475132e-05,2.171453881461927e-07,1.2694615602337687e-05,2.1342810954694195e-05,0.005646018543056475,0
0.5830224200933115,0.38910847370943813,3.4255217448363436e-05,2.1162390756854985e-07,1.6712212092962705e-05,2.0172422792884625e-05,0.027797754721008698,1
0.7802767238766396,0.21943351951309367,3.392587254849899e-05,2.2509294642938936e-07,1.7532529441801582e-05,1.7786909324874817e-05,0.0002202862060051334,0
0.6787469072859419,0.32093919732342924,3.670035605639131e-05,2.4350121777800235e-07,1.3759742350240036e-05,1.8534463228382494e-05,0.0002446573277760144,0
0.0027110032665683347,0.00950955555017589,2.5863612176268795e-07,2.1040917345277827e-09,0.9877788967171307,2.1952624170828954e-07,6.419966971137583e-08,1
0.24498834460623461,0.7549309048067946,2.7438324210497208e-05,1.7743274881301135e-07,3.074209743698712e-05,1.8353338901129547e-05,4.039393673365376e-06,1
0.26666729085527674,0.7332595233403554,2.2039791217986566e-05,1.743223974690257e-07,2.9790945756947954e-05,1.723572097838138e-05,3.945024016943389e-06,1
0.22377073000034284,0.7710914954989544,2.2510778601998836e-05,1.7804764373595433e-07,0.005090112297208441,1.634419537116697e-05,8.629181877462318e-06,1
0.22871643073667886,0.7560084894870216,8.415732948983716e-05,1.9049204735846953e-07,0.015078757328543727,0.0001041795164711675,7.795109747440356e-06,1
0.1233844546143741,0.8145027860066363,1.3686121860924457e-05,4.2231462041422445e-137,0.0620811410117233,8.402040769546244e-06,9.530204635712191e-06,1
0.09358320765881521,0.8965356952366564,1.6448077722167463e-05,1.5111256382825093e-07,0.00984937624991974,1.0014771002063935e-05,5.1068933206323496e-06,1
0.11005228309705688,0.8844536953196686,1.76338078908214e-05,1.5880857811452744e-07,0.005459303942742384,1.1558041687521878e-05,5.36698237582664e-06,1
0.15642909974617192,0.8434474395686649,2.4948723015743862e-05,1.898713250898732e-07,7.297858221894611e-05,1.4100781380522318e-05,1.1242727223026711e-05,1
0.07612704415051252,0.9238321611649314,1.7126499279847326e-05,2.2881657489513065e-07,9.065449916227838e-06,8.711181372454472e-06,5.6627374129339535e-06,1
0.06271567299550618,0.9372512537808119,1.391694587043945e-05,2.2457564194323886e-86,7.699449163086365e-06,6.6290184760202255e-06,4.827810172592236e-06,1
0.5268243099690125,0.4731102398350751,2.5444501904543858e-05,2.82068927550539e-07,1.9674841567580927e-05,1.4784209815213654e-05,5.264573697499292e-06,1
0.2532864065364373,0.7466648714278081,2.3169963580362763e-05,1.25128618008924e-07,9.644586491398564e-06,8.745550003321929e-06,7.0368070614023985e-06,1
0.39566079558205663,0.6042672946155606,2.6842849831746944e-05,1.565326571382734e-07,1.2693829148380817e-05,1.2014488519869665e-05,2.0202102225512574e-05,1
0.48034520532328684,0.5194121696954347,1.8390215990900853e-05,1.6520475441760777e-07,1.2433454746813242e-05,1.0496142006443301e-05,0.0002011399637798746,1
0.43783692012261943,0.5618218482910197,1.8018091561915513e-05,1.590969792735711e-07,1.2703297202797988e-05,1.028517411637679e-05,0.0003000659265005531,1
0.43767707932546074,0.561992697257784,2.538780136642533e-05,1.741256626697346e-07,1.3104850127922624e-05,1.125673640608973e-05,0.00028029990319237996,1
0.4358792899016084,0.5630186047656871,3.4231000397013014e-05,4.314661083488998e-07,1.788373320077616e-05,1.5944595594212423e-05,0.0010336145374041472,0
0.5516803701475089,0.44328675915666127,2.9565273396991968e-05,1.7287066690062932e-07,1.2810829205512531e-05,1.2946009168025584e-05,0.004977375713392306,0
0.8764863780023869,0.11850411907956324,2.0661146164044393e-05,1.3470073802478237e-07,1.0306485050606006e-05,9.87037518130464e-06,0.004968530210915871,0
0.0906430172202513,0.9082210147424198,5.05016627181628e-06,1.2817756511724663e-08,1.769897927468592e-06,1.5188229085195104e-06,0.0011276163324645577,1
0.20434515832877917,0.7865522373727969,9.878449391108115e-06,2.8896285275275776e-08,4.460266483489742e-06,3.4240266623147584e-06,0.009084812659601534,1
0.18291195233280927,0.8044297104405439,1.0102975753820544e-05,2.9553066271147295e-08,7.237197462394034e-06,3.5018510476896448e-06,0.012637465649316592,1
0.03575114211881445,0.011413922019306822,2.933416992193139e-06,1.580118955378312e-08,2.6989204413079414e-06,1.5812466070202062e-06,0.9528277064766486,6
0.01856046710559467,0.00045719932666963767,2.3717049357424137e-06,1.8725447157592387e-09,2.3853156699307874e-06,1.1495568786068661e-06,0.9809764251177068,6
0.059601965497463286,0.0006667175652683392,3.1978898260284638e-06,1.8953575520087602e-08,3.838289944911949e-06,1.7568373461207086e-06,0.9397225049665758,6
0.017637391980015793,0.0003804280596334482,1.946245217300015e-06,5.8762234449602856e-09,2.4264691000537304e-06,9.755381724222533e-07,0.9819768258316375,6
0.015305785031187229,0.0003191314932894067,1.7544490764804617e-06,5.297140722331791e-09,1.8146510267362262e-06,8.794020560533644e-07,0.9843706296762234,6
0.018232367185796336,0.0003646066446563836,1.6506760518014287e-06,6.3991503326336994e-09,1.2556577268276694e-06,1.078646273148245e-06,0.9813990347903451,6
0.02231754787088241,0.0007902761594867081,1.8316207059670565e-06,6.743813434061837e-09,1.3233034157043935e-06,1.2214443732880734e-06,0.9768877928573225,6
0.141884201393399,0.01223442015322609,1.0528973453939466e-05,7.439842059679598e-08,4.401071248817054e-06,7.324656142229377e-06,0.8458590493541094,6
0.256814101894626,0.17078738952794972,3.203726027549016e-05,2.3186491288846156e-07,1.50455708188862e-05,1.709233569449634e-05,0.5723341015457224,6
0.21541238332747878,0.7844912516509659,3.231225971299623e-05,2.0407987559172648e-07,2.1806189576835825e-05,1.990600305477561e-05,2.2136489335044798e-05,1
0.2771067495677106,0.7228072834508893,3.087443851573775e-05,2.3100592886418783e-07,1.810967961913755e-05,2.1057100434566546e-05,1.569475690162648e-05,1
0.2560081716494268,0.7438964786691261,3.2735311909954405e-05,2.4492918731342413e-07,1.641824857827278e-05,2.2326260291127474e-05,2.3624931480385157e-05,1
0.4862584382645806,0.5136606317338491,2.631436650881859e-05,2.409619331254748e-07,1.3741691414182399e-05,2.298563069792894e-05,1.7647351016432313e-05,1
0.5519622724153695,0.4479590966553925,2.4063962644531024e-05,2.570010652498237e-07,2.4647354222377978e-05,2.587209574401923e-05,3.7905155616059974e-06,0
0.5497431726097053,0.45019967663046223,2.1478629654527512e-05,2.1873089521187157e-07,1.013905338074728e-05,1.710384795009216e-05,8.210497951929833e-06,0
0.4694631287612415,0.530469092948096,2.3985678905053115e-05,2.2869365039776408e-07,9.578714980987395e-06,2.0499217094608422e-05,1.3485986031380873e-05,0
0.23320056687995255,0.7404575894552922,0.0007199560733522971,1.869653731892753e-07,0.025183797371466053,0.00043213287474844946,5.770379815173487e-06,0
0.6610546259026375,0.33809005309487217,1.2012774702598438e-05,5.516723499260192e-08,0.0008217039620831743,9.793675531046306e-06,1.1755422938622382e-05,0
0.4890552117540544,0.5099521299892718,1.1635135884789458e-05,5.8098196965617346e-08,0.0009543127890397571,9.603350924199902e-06,1.7048882628266535e-05,0
0.4279455047628055,0.5706038956594428,1.5150630119346872e-05,6.181094001747186e-08,0.001407031702350422,1.0217049391287364e-05,1.8138384950643964e-05,0
0.18062606498310246,0.8170374824162743,2.9688680484988085e-05,1.2904089343228592e-07,0.0022763289478623786,1.4159570693659342e-05,1.614636068876251e-05,1
0.2422919604951068,0.755057241880823,2.0474399774078093e-05,1.0836054585657051e-50,0.0026046391386352584,1.2971753952971719e-05,1.2712331708003246e-05,1
0.2229358705688036,0.7746266518365349,3.1625405937007597e-05,1.769764373262631e-07,0.0023736657359153253,1.584733271628256e-05,1.6162143655571683e-05,1
0.7146327756232513,0.2852419001101819,2.2411484995452215e-05,8.21388549722374e-08,7.123553425376625e-05,1.8223999584183646e-05,1.3371108878275925e-05,0
0.6709640727628109,0.3287538906425931,2.2266549329490936e-05,8.160766082561508e-08,0.00023115785081450347,1.582242300417786e-05,1.2708163787109036e-05,0
0.804283033868655,0.19502237011642273,1.5322927381823712e-05,1.19665508924326e-07,0.0006451310102409412,8.961661080230545e-06,2.5060750710315394e-05,0
0.7982117368464056,0.20114964460389603,1.5377661611239934e-05,1.2009295984512344e-07,0.0005913977124748604,8.993672562194337e-06,2.2729410090261735e-05,0
0.8427023197530625,0.157212943919628,1.2546681247624642e-05,8.192455724520838e-51,3.6115425549859405e-05,6.827893992823178e-06,2.9246326519152212e-05,0
0.8011816341016705,0.19875228836637457,1.1598024242472978e-05,6.042610812076936e-08,2.7294616319087986e-05,8.050082623008384e-06,1.9074382662070126e-05,0
0.7590221349457634,0.24071111012287613,1.3978257868995966e-05,7.282720777895587e-08,0.0002187302257586109,1.0984649820385057e-05,2.2988970704675018e-05,0
0.5156661486298898,0.4833562764940383,2.0307977878374738e-05,1.1669339768883257e-07,0.0009430710929328878,1.09476800474374e-05,3.131431815659871e-06,0
0.4736498152632344,0.5262519304962359,1.7035636263176852e-05,1.2585839551783814e-07,6.776784833288476e-05,1.0763511056445955e-05,2.5613864816282597e-06,0
0.3712569513991818,0.6286793914984943,2.5391399952864164e-05,2.0057381261277501e-07,1.7593381781236703e-05,1.6782712560230496e-05,3.6890342169465286e-06,0
0.23651837269571868,0.7633858426508062,4.5118736510447306e-05,2.597321561694135e-07,2.1260671793290376e-05,2.2870404832008376e-05,6.275108183215992e-06,0
0.13717415263540897,0.8627528349034758,3.405023897670923e-05,1.8550438901579952e-07,1.683993738910865e-05,1.7228023137413116e-05,4.708757223119303e-06,0
0.09792411878474759,0.9020103116667912,2.5702432061686574e-05,1.6646712146266921e-07,2.1335714832348403e-05,1.4139410377177256e-05,4.2255240685030945e-06,0
0.8837886532108741,0.11261768139233598,1.5381100493718392e-05,1.8321101305969479e-07,1.1059606303982474e-05,8.412478758698186e-06,0.0035586290002205057,0
0.895350950721954,0.10152318072834515,1.338029177857009e-05,1.5937850563991075e-07,9.146967705506939e-06,7.467507265108685e-06,0.003095714404445738,0
0.8753423522737932,0.12143047237433933,1.527078577249188e-05,1.8189700618225703e-07,1.098028575167238e-05,8.522587219109808e-06,0.003192219796118284,0
0.8842175301479522,0.11337782609403367,1.3307035496698993e-05,1.5850591803669788e-07,9.423736670800437e-06,7.314687947830899e-06,0.002374439791980945,0
0.8485287296540025,0.1480935062055938,1.3278198803225139e-05,1.5816243157246246e-07,1.1309813764078839e-05,7.2988368280032845e-06,0.003345719128577046,0
0.7255805966536375,0.27186530670004844,1.1860324769333895e-05,1.412735140176789e-07,8.610143534361546e-06,6.950670515765446e-06,0.002526534233980695,1
0.4153502550300107,0.5824827570932292,1.533896670999236e-05,1.9811014224605437e-07,1.851167258812513e-05,1.2060349873342786e-05,0.0021208787774463253,1
0.42657674317498606,0.571233245055821,1.5753563127932336e-05,2.0346485465176594e-07,1.51160108081626e-05,1.2386328666512303e-05,0.002146552401735536,1
0.37301654953050056,0.6248487362130148,1.6899131148587174e-05,1.9980576070370667e-07,1.852245534979498e-05,1.2163574027437763e-05,0.00208692929019822,1
0.3429557221321882,0.6556569297029153,1.6037834520685292e-05,1.8962227692478705e-07,1.840353228951334e-05,1.1800143517845148e-05,0.0013409170322914693,1
0.31937568779138675,0.6797716547648076,1.5111196803982702e-05,1.8710706161564035e-07,1.815942148719806e-05,1.0022704424937043e-05,0.0008091770140280343,1
0.5327392989287278,0.46698097634649527,1.4771969139707473e-05,2.306986700832176e-07,2.082322606449193e-05,1.3639368385199196e-05,0.0002302594625171613,1
0.5528812540251457,0.44685173491445374,1.5553947633140566e-05,2.2147341272709716e-07,2.4955391479108574e-05,1.3093952655307872e-05,0.00021318629522042295,1
0.8442477173924754,0.15483094398731315,1.7825295496572784e-05,1.5920271390778317e-07,1.0997818972993053e-05,1.4160788951599602e-05,0.0008781955140764961,0
0.8439937899540946,0.1547843749244909,1.7819934117998017e-05,1.7119688568354143e-07,1.0930028879330253e-05,1.4156529759907575e-05,0.0011787574317717105,0
0.8368742795607798,0.1613154455930302,1.857183978735343e-05,1.784204763022876e-07,1.1391217491261557e-05,2.004603454402264e-05,0.0017600873338911838,0
0.8468009394218348,0.15249171478707146,2.2870059417849618e-05,1.500662297381813e-07,7.42853876835882e-06,1.4022799019962958e-05,0.0006628743276579147,0
0.8298210911531096,0.1669088320658269,2.8283012146458362e-05,2.5077759320651413e-07,1.4256730746334198e-05,2.3787509183674687e-05,0.003203498751393738,0
0.6382946968625154,0.35866550257151913,3.576486366458233e-05,2.545417268274942e-07,1.6958768758159645e-05,2.2393280819884877e-05,0.002964429110995955,0
0.6031547132554554,0.3938485329806539,5.176302210593206e-05,2.5644202040646687e-07,3.351260070918361e-05,2.193225294065597e-05,0.0028892894461145153,1
0.3495577985974371,0.6477095695890365,2.52217467955301e-05,1.65542897645786e-07,1.1743471257308966e-05,1.5095557589680967e-05,0.002680405494986359,1
0.2170864533343953,0.7828468880889201,2.478581105699752e-05,1.7612197787927691e-07,2.239561761046225e-05,1.5364401089451617e-05,3.936624949870137e-06,1
0.3070093066762858,0.6929242064149347,2.2983040591679947e-05,1.8178297141943577e-07,2.284953999944747e-05,1.5858250729133805e-05,4.614294487870335e-06,1
0.19130901136846118,0.8058024341203475,2.121212484800963e-05,1.835113073723791e-07,0.0028414191515990705,1.68457419462427e-05,8.893981490906826e-06,1
0.12524090355971434,0.8615239800612209,2.1509576037334637e-05,1.6755246248121196e-07,0.013195596670867654,1.3589505836570924e-05,4.2530738606547815e-06,1
0.1733773339896845,0.8127000888279753,2.0240884165466484e-05,1.580570062973181e-07,0.013884454043995418,1.3309103255165417e-05,4.415093917770013e-06,1
0.22371215988923998,0.7595660130285301,7.635675651098654e-05,1.8393358195272966e-07,0.01653985755925862,0.00010059271185523988,4.836121023182532e-06,1
0.22625357909394,0.7557753624409461,0.00010304168801462489,2.5903474325251837e-07,0.01768028175301926,0.00017463230990002074,1.2843679436667473e-05,1
0.10231439475114662,0.8894579733032558,1.5281376783402833e-05,1.467380907350855e-07,0.008194269911448924,9.724858997576112e-06,8.209060276939732e-06,1
0.09395342502385541,0.9002236058567891,1.5656506754569934e-05,1.4100117180180575e-07,0.005793061782735099,9.344652825973456e-06,4.765175867801375e-06,1
0.1290570406308259,0.8655059608116917,1.946492114637868e-05,1.6171380815646745e-07,0.0053960269845557875,1.1769483476972115e-05,9.575454494982093e-06,1
0.15997163579904244,0.8357820646951339,1.681185522735807e-05,1.6643815951372322e-07,0.004207341181215282,1.2119670463487796e-05,9.860360757918508e-06,1
0.15409380383510013,0.8414310847421155,2.5704821158310474e-05,1.9562558177613809e-07,0.004423099404892351,1.4528120872159738e-05,1.158345027988815e-05,1
0.07396692006975411,0.9259835558657419,1.9225121292593143e-05,1.2566941796469717e-07,1.3184679886339023e-05,9.547412434291638e-06,7.441181472688729e-06,1
0.06664140302882243,0.9333195836827173,1.4312844686323174e-05,2.2787025903558963e-07,9.032690632385402e-06,8.8805579489878e-06,6.559324933600699e-06,1
0.4396889744421077,0.5602419516947871,2.1870357993695786e-05,1.9304140456152297e-07,1.4345999647444648e-05,1.1703144221921851e-05,2.0961319837594196e-05,1
0.23211606741001423,0.7677759271343082,2.0937785807192983e-05,1.13073816155731e-07,7.3057456367538535e-06,8.205896397125129e-06,7.144295402029401e-05,1
0.3630448325495062,0.6366995538189548,3.308812187714615e-05,1.535699641423751e-07,1.246010154337686e-05,1.152653561191401e-05,0.00019838530254236963,1
0.26030262473967886,0.7393482826860451,2.5800277388046543e-05,3.2057173445212724e-07,1.4831418761796932e-05,1.0732381978006418e-05,0.0002974079244136664,0
0.3986148606829795,0.6004568823710719,3.26767760381047e-05,4.1187582095263216e-07,1.7071740169708063e-05,1.5220647167989107e-05,0.0008628759067518058,0
0.4858744283894097,0.5126960968426864,2.3726894202312002e-05,1.537197081856555e-07,1.054061287007843e-05,1.27069137138159e-05,0.0013823466274094196,0
0.8790052588005725,0.11722741709516461,2.8480512527450847e-05,7.228599124414519e-08,1.2553379413612717e-05,7.87550844407456e-06,0.0037183424178863322,0
0.15634358719386549,0.8417748579873133,6.581690944671191e-06,1.88134128314781e-08,2.8714837506206097e-06,2.107785234239773e-06,0.00186997504547903,1
0.03935438833619268,0.01257591998250645,3.5585098482348683e-06,1.9168324445725794e-08,3.2740435456522927e-06,1.9182003917426323e-06,0.9480609217591909,6
0.015988317950740006,0.00036662651451956215,1.8408926949491773e-06,1.5078523551635966e-09,1.4198603636262604e-06,8.239659127769294e-07,0.9836409693079167,6
0.038433078393910594,0.00037209433593576885,1.9178769780573433e-06,6.298724281751711e-09,1.926468128186798e-06,1.0502843677787859e-06,0.9611899263419553,6
0.022806339997510857,0.00036407592562846315,2.3146931084625478e-06,7.348532303173733e-09,1.4449833063827392e-06,1.2021627924630532e-06,0.9768246148891211,6
0.016574234908857313,0.000523215806568735,1.370866789782952e-06,5.047371348843965e-09,9.924930638250238e-07,8.872363868368781e-07,0.9828992936409621,6
0.022792656535015565,0.0012183364214433262,1.907333691363734e-06,7.022579800039043e-09,1.4799138734142104e-06,1.2719347393864335e-06,0.9759843408386571,6
0.02309598742590308,0.0017294434849848502,2.111571516173471e-06,7.116038207741631e-09,1.5853296991606965e-06,1.2888619938754466e-06,0.9751695762098647,6
0.24122993467581114,0.03822474774889728,1.7535564483433423e-05,1.1897141417211174e-07,7.73392125473805e-06,1.0084066255231657e-05,0.7205098450518841,6
0.31192296478105935,0.08240227488665049,2.607913346982284e-05,1.782977665417892e-07,1.1028632143540477e-49,1.2566318321941974e-05,0.6056359365827318,6
0.41771595251526206,0.2645542840817008,5.706175397842831e-05,4.3065128997922565e-07,2.3430445282480055e-05,2.8249736900506446e-05,0.31762059081558586,6
0.44327558979344434,0.3007012409535241,6.960848245653867e-05,5.405948042495341e-07,3.0746288543545014e-05,3.6054379549341985e-05,0.2558862195076779,6
0.17251480129632055,0.8274045777538936,2.8584500312116832e-05,1.6808167634871438e-07,1.7923362904673083e-05,1.5147332320522504e-05,1.879767257232132e-05,1
0.18337234501455538,0.8165505961243676,2.6263506040127566e-05,1.658767629648637e-07,1.7688242315620074e-05,1.4948627997191845e-05,1.799260796125418e-05,1
0.24126885482104063,0.7586323184404393,4.034106273932877e-05,2.547887129592783e-07,2.6911292786213724e-05,2.485215596973519e-05,6.467438311737681e-06,1
0.28969107427465984,0.710215732538451,3.199494738108069e-05,2.393896988591356e-07,1.6046922075961732e-05,2.1821314096405982e-05,2.309061363691197e-05,1
0.49729504205267067,0.5026180149556585,2.9259000366845496e-05,2.5835864120405266e-07,1.5501167820031248e-05,2.2456381764880867e-05,1.9468083077927927e-05,1
0.5338266888769628,0.4660896229439226,2.2263670906435906e-05,2.742200909290491e-07,2.9500287127851784e-05,2.7605521559039078e-05,4.04447943031351e-06,0
0.5484713191294183,0.4514401463616783,2.251943975352249e-05,2.9835692029807013e-07,3.370311063284231e-05,2.792265849715013e-05,4.090943099548652e-06,0
0.756811871443089,0.2431381492174555,1.5634363934515956e-05,1.4163092448362314e-07,5.637818204083613e-06,8.915280007856662e-06,1.9650246384664383e-05,0
0.2742316122687508,0.7257096915806301,2.354232378753254e-05,2.0175901072878443e-07,1.2696510238147769e-05,1.814459440318833e-05,4.110963179458253e-06,0
0.425195688834041,0.5747248449059236,2.455913126863876e-05,2.1047310681127312e-07,1.8950749179291917e-05,1.951952085084825e-05,1.6226385629767207e-05,0
0.12029635229801422,0.8623305995421103,0.0002688571793484915,1.6603835202562934e-07,0.015816886231136005,0.0012810046956169645,6.13401542179774e-06,0
0.4448419347612843,0.5535515503712097,1.5616827399378857e-05,5.91718430879235e-08,0.0015738005906619796,9.780819434746197e-06,7.25745816673386e-06,0
0.18488959419188247,0.8149803501905726,2.130379504597726e-05,9.4382932937881e-08,7.891325685339907e-05,1.1305544197451848e-05,1.8438638515287215e-05,1
0.6738961883778072,0.32600216367318924,2.5998848771313298e-05,9.528666525691531e-08,2.359783390835035e-05,1.7275955051482055e-05,3.468002460741231e-05,0
0.6565465583253259,0.34338479729221466,2.4250474799133254e-05,2.061953749036076e-07,1.7353992999073323e-05,1.500183177124808e-05,1.1831887514836628e-05,0
0.767325549096577,0.23260890990232877,1.82761056214772e-05,1.4272856784161755e-07,1.4893011787937655e-05,1.2945318060669486e-05,1.9283837056297456e-05,0
0.8096028328974773,0.1903438732596157,1.4955337409708463e-05,1.1679478846781395e-07,1.1848592759925121e-05,1.0593153896297998e-05,1.5779964052727855e-05,0
0.8095871982731082,0.19034019743878303,1.4955048600093166e-05,1.1679253298824823e-07,2.4326858438892108e-05,8.746506046317901e-06,2.4459082490475162e-05,0
0.8465981336363463,0.1533460876997291,1.0986241695117377e-05,9.869115804980096e-08,8.637810230626602e-06,7.528945647376375e-06,2.8526975193554016e-05,0
0.804306143519568,0.1956495042238245,1.1416963858211542e-05,5.948277724586894e-08,5.706701397689527e-06,8.392502066652279e-06,1.877660650794754e-05,0
0.8161244974749206,0.18381943912101142,9.891566729086561e-06,5.588611529619312e-08,2.6740128154103826e-05,7.445256025990762e-06,1.1930567043435567e-05,0
0.3286985445535957,0.6703577507917662,2.0481479751440305e-05,1.0241413322613478e-07,0.0009010616622367207,1.7480443021290123e-05,4.578655495584681e-06,0
0.5110712953737577,0.48848203395738476,1.5602674367948074e-05,1.1527174749451025e-07,0.0004170451336258487,1.0814306850880732e-05,3.0932822653218916e-06,0
0.4736441856143129,0.5262456756355403,1.7035433783099324e-05,1.258568996055465e-07,7.960703670708825e-05,9.993091156073557e-06,3.3773316010219716e-06,0
0.44173357091464266,0.5581991473868979,2.5135623328933153e-05,2.6500066983073264e-07,2.076075369971103e-05,1.6654456995527822e-05,4.4658637655287184e-06,0
0.2661266445179191,0.7337910583044416,3.273033733418206e-05,2.119848046848954e-07,2.2299309381792806e-05,2.1674622327181676e-05,5.380923791331535e-06,0
0.24997789702074338,0.7499459539406421,2.927482194787317e-05,2.0370238486868925e-07,2.2162610593023414e-05,1.9337216993897397e-05,5.170686694832726e-06,0
0.10717180699212742,0.8927474824143817,3.1748034191830514e-05,1.7825702938921625e-07,2.7792293670044253e-05,1.646721498584194e-05,4.52479361357198e-06,0
0.9176980619556098,0.07848029873263926,1.5107856277153711e-05,1.799562817256161e-07,1.0738160132572041e-05,8.26303163892114e-06,0.003787350307420658,0
0.9000987228177909,0.09695351397183251,1.319872969836087e-05,1.5721584031814515e-07,9.490397272689786e-06,7.218861438074978e-06,0.0029176980061271147,0
0.8992132116466787,0.09784372072578007,1.2895355746535851e-05,1.536022205337556e-07,8.815458176592325e-06,7.196865682529113e-06,0.0029140063457150154,0
0.873258098576304,0.12306807186738138,1.366517624471084e-05,1.627718890761566e-07,1.145857489978097e-05,7.361328973850832e-06,0.003641181704307103,0
0.866661745469161,0.12976334430622646,1.3113083062501738e-05,1.5619566579114593e-07,9.409202868312202e-06,7.063920476098423e-06,0.0035451678225396294,0
0.7288114700400335,0.26909384016417104,1.2997600793462925e-05,1.5482010599230883e-07,9.924707129056709e-06,7.4919662209820605e-06,0.0020641207015457044,1
0.7690680617140558,0.22906443282366576,1.107587846803618e-05,1.3192963113944275e-07,1.0976612125989397e-05,6.259908173634285e-06,0.0018390611338797583,1
0.5815484846489256,0.41576832373149647,1.5910738553978423e-05,1.8951976356911641e-07,1.3912459785304033e-05,9.389239286549011e-06,0.002643789662188609,1
0.5169603608050821,0.4805484564364127,1.6877654624531812e-05,2.1798303768842584e-07,2.036862210941877e-05,1.1711382879416818e-05,0.002442007115854162,1
0.3728124391654314,0.6264124192816793,1.557440895773235e-05,1.9284256133263868e-07,1.871607261463991e-05,1.0519230027750176e-05,0.0007301389987278553,1
0.557957862457988,0.441941881047275,1.569676546453479e-05,2.235070027367335e-07,2.518453426502398e-05,1.3214182578071994e-05,4.593750542660492e-05,1
0.844012321087798,0.15478777344469458,1.8065934102719684e-05,1.9788501290557266e-07,1.1937272358410277e-05,1.415556338965919e-05,0.0011555488126440618,0
0.83836474457548,0.16002865109753683,1.8861338401237e-05,2.065974652472178e-07,1.246284483600622e-05,1.4819736378933374e-05,0.0015602538099018157,0
0.8278101643862349,0.1711516044232991,2.3290808253705273e-05,1.7428915726932195e-07,9.379069583029783e-06,1.51207438995092e-05,0.000990266279572407,0
0.8526730175903551,0.1466260017260151,2.192942151655199e-05,1.4389405585714625e-07,7.123005451234008e-06,1.3446045982314022e-05,0.0006583383166238894,0
0.59833179010981,0.3952582277958688,3.4990089459074035e-05,2.947115783303167e-07,1.790439182340243e-05,2.8676301160203934e-05,0.006328116600300472,0
0.8614718407485409,0.1374586239559573,2.705686113561068e-05,2.0011037742064847e-07,1.2461834222466171e-05,1.6869626376255104e-05,0.001012946863390299,0
0.9100141546465386,0.08885210498318627,2.4709562880855275e-05,1.7318388927902651e-07,1.0761809970016213e-05,1.611601313075494e-05,0.0010819798004041501,0
0.8894640599661472,0.10914522389260448,2.111997801027764e-05,1.821438164271719e-07,1.132364404376815e-05,2.0113345702530986e-05,0.0013379770296755656,0
0.778867832312684,0.21570368821504465,3.067204495898955e-05,2.366000891237341e-07,1.5291905839710255e-05,2.2865358386853836e-05,0.005359413562996611,0
0.7754298011197082,0.21955572439511195,3.4558594778928823e-05,2.5656889793645866e-07,1.4862593009197658e-05,2.543669823518001e-05,0.00493936003025857,0
0.7499472098983985,0.24676349045234067,2.8317612344245297e-05,2.102347806047012e-07,1.3218327226676876e-05,1.8415549270186306e-05,0.0032291379256392722,0
0.6688218651949189,0.3282405630633662,3.0740841970107445e-05,2.5029404696075984e-07,1.5854230089515916e-05,2.201959164414825e-05,0.002868706783964188,0
0.5312155411079011,0.46375703716016947,2.9499818190512656e-05,2.3322887833831725e-07,3.046520883667937e-05,1.994694451663452e-05,0.004947276531507135,1
0.43528302130946356,0.5624368525609381,3.963204569683633e-05,1.9355842816732028e-07,3.0224527282375613e-05,1.4592275389170134e-05,0.0021954837228017107,1
0.41444828923497407,0.582773645754487,3.7963528088802324e-05,1.8767686279586937e-07,2.0776528397769837e-05,1.9165851418634702e-05,0.002699971425771117,1
0.27654857211452505,0.7221520500328359,1.7991584467703166e-05,5.962542562009295e-08,1.5689832701230216e-05,1.0299500789866745e-05,0.0012553373092547128,1
0.269291795943059,0.7306225007025589,2.467597070911448e-05,1.9167280913849075e-07,4.1391124057212125e-05,1.4579253273053814e-05,4.865333533588609e-06,1
0.19363313084900108,0.8035896672453205,2.0405382015119772e-05,1.76531976775482e-07,0.0027333538562921,1.6205062067295142e-05,7.061073326949504e-06,1
0.1759619366937365,0.8108854675074907,1.9922048052116306e-05,1.6357792747102294e-07,0.013114198199484454,1.3742660441322574e-05,4.569312867410624e-06,1
0.18328603110222566,0.8014190692424132,1.9051440808907033e-05,1.6559506610550406e-07,0.015257113119333733,1.3943841434009827e-05,4.625658718347747e-06,1
0.18882348980222258,0.7883310121432041,1.9947068800035524e-05,1.5963628679214812e-07,0.02280749005495137,1.3442085700341073e-05,4.459208834726371e-06,1
0.17062240465004255,0.8245540314054448,1.9097347844596673e-05,1.8906464419676868e-07,0.004779309418975477,1.3767282639126246e-05,1.1200830409290432e-05,1
0.1509553001060432,0.8474479403991761,1.757731202333393e-05,1.5940661131316543e-07,0.0015574621301673575,1.2116857971687604e-05,9.4437880071337e-06,1
0.06906895161740503,0.9308760631227485,1.8949105052758092e-05,1.238002755015879e-07,1.9167666890679823e-05,9.4103396512303e-06,7.334347976100435e-06,1
0.08901497378920412,0.9109373511672342,1.9068734985635854e-05,1.246471629747876e-07,1.163126083260941e-05,9.469749227445074e-06,7.380651353153873e-06,1
0.07135408986551628,0.9286001663928859,2.1194561484534517e-05,2.3409638964965737e-07,9.279492088230123e-06,9.217042106651509e-06,5.818549528819591e-06,1
0.5356252077945746,0.4643083219431454,2.6794147573221348e-05,2.754104650626675e-07,1.920033594778548e-05,1.5062762318154674e-05,5.137605975969737e-06,1
0.19762466323570194,0.802277673430658,2.1536515675932553e-05,1.1630723690653194e-07,7.514658277585035e-06,8.440549445827795e-06,6.005530300350688e-05,1
0.3595967626471472,0.6403069183519623,3.1384214588945297e-05,1.5950512139686695e-07,1.3145544235329907e-05,1.3020804144719623e-05,3.860893280024864e-05,1
0.4085040464115827,0.59134211183837,2.1998586600944985e-05,1.4244169663536006e-07,1.1551139511402632e-05,9.203631985292064e-06,0.00011094595025290988,1
0.23513257083230227,0.7645155523174667,2.638485407684047e-05,3.216377379212149e-07,1.3304301366728908e-05,1.0975553794542057e-05,0.0003008905032551862,0
0.26790840972342156,0.7317512339694481,2.9898509700914238e-05,3.00632308800689e-45,1.5197946273354185e-05,1.1386710580534594e-05,0.00028387314057544053,0
0.8394546240385363,0.156602209701375,1.9405537243907854e-05,1.2651477162824122e-07,9.680144456427582e-06,7.637831897980845e-06,0.003906316231718942,0
0.13129135900370928,0.8670275079350517,7.314884404281709e-06,1.8565805987170935e-08,2.868321947434557e-06,2.1999303405904424e-06,0.001668731358740618,1
0.13128300466688975,0.8669723372072288,6.346480279351123e-06,1.8564624607088346e-08,2.9644029295708908e-06,2.199790354538167e-06,0.0017331288876933403,1
0.214386449259321,0.767446617729909,1.0302380901710374e-05,3.339181988583143e-08,1.0027031287176252e-05,3.741096074923042e-06,0.018142829110686327,1
0.036653219693089,0.005618291232418596,3.9188895926909496e-06,2.110955157730966e-08,3.601196083011202e-06,2.1702072685013047e-06,0.9577187776719965,6
0.031113963694544586,0.0004267095463803281,3.104462394466159e-06,2.775073148696495e-09,1.7967152465421662e-06,1.5471722287552523e-06,0.9684528756341322,6
0.025770014904370267,0.00030455515196934615,2.4047594368141364e-06,2.0084682253121884e-09,1.6667669870298415e-06,1.332828588626799e-06,0.9739200235801797,6
0.020499409848885312,0.00037611738521064336,2.0911198030627377e-06,1.5679429654345826e-09,1.7321374664513373e-06,9.359651662391271e-07,0.9791197119755254,6
0.0460156427889705,0.0004680367162789657,3.4176373699958355e-06,2.5211739762056516e-09,2.0561371612818533e-06,1.6853813312470335e-06,0.9535091588177141,6
0.06830172620516492,0.00532128220611649,5.6799297567430745e-06,4.096942578347633e-08,5.360183308396907e-06,3.847703463818102e-06,0.9263620628027639,6
0.7136842462937297,0.28589154610585726,1.985726794977155e-05,1.2086193402783542e-07,7.659922771135922e-06,1.3609859871409784e-05,0.00038295968788672945,1
0.15848394315161318,0.8414478367896977,2.831524596156307e-05,1.7883527566661463e-07,1.907007126273525e-05,1.6116434640587654e-05,4.539471548417013e-06,1
0.33088971561147523,0.6690220426075723,3.0638071231242754e-05,2.2923740296597462e-07,1.5366386940715483e-05,2.089589233206065e-05,2.111219304540341e-05,1
0.4496139798089087,0.5502985732459827,3.0589482711815535e-05,2.639304297685702e-07,1.8641749346328325e-05,2.458669303083228e-05,1.3365089589868495e-05,1
0.6611668919029697,0.33872689832638586,3.794283919446761e-05,3.2967870539973977e-07,3.290159396580958e-05,2.8559973714038926e-05,6.4756850650122956e-06,0
0.6974568313043925,0.30246068921269276,3.3598753903747826e-05,2.9438125211382403e-07,2.1220380860722368e-05,2.1583608964508627e-05,5.7823579336787034e-06,0
0.7628640990266506,0.23705791924977143,3.12275206827015e-05,2.684613492567001e-07,1.8666959047786743e-05,1.7865755994156696e-05,9.95302650403229e-06,0
0.6106970396509039,0.3892336566752403,2.5251528690750642e-05,2.5186256524922443e-07,9.980798005019814e-06,1.5854060833681447e-05,1.796542376119146e-05,0
0.8049410735939847,0.19501883019645297,1.1989257668968109e-05,0.0,4.107399730867564e-06,8.214718218520603e-06,1.5784833943996233e-05,0
0.877662492630209,0.12230833278951196,9.079885602331426e-06,0.0,3.571928616369527e-06,5.427318712925392e-06,1.1095447347516741e-05,0
0.6600923610557813,0.3398408049412821,3.076068023867594e-05,1.8919265431180679e-07,1.1260891784143563e-05,1.823898611337571e-05,6.384252146032669e-06,0
0.5197204491084064,0.48022874833288615,1.5773333114217857e-05,1.4186741114673122e-07,1.1929213440701764e-05,1.2536595909787488e-05,1.0421548831611506e-05,0
0.42069886237901943,0.5792349290939294,1.8994183896367062e-05,8.75809328363999e-08,1.5676242759119322e-05,1.768323071509991e-05,1.3767288747793376e-05,0
0.3786672268590953,0.620584107568784,2.3219776437213855e-05,9.12027749736441e-08,0.0006940719832449178,1.694598527499952e-05,1.433662438841174e-05,0
0.41204891947745664,0.5845279080445402,1.5939645056647577e-05,1.433632424047436e-07,0.003382861655095737,1.2674504540780736e-05,1.1553310067413686e-05,0
0.20371516696577216,0.7876715506930219,1.8460904581838128e-05,1.6603977875110455e-07,0.00857247506935063,1.2999191239599122e-05,9.181136255199512e-06,0
0.35198820253637597,0.6465506748484209,1.855723564684349e-05,7.031299045312622e-08,0.0014253134134262393,1.1622397201945827e-05,5.559255937606801e-06,0
0.21549772249302182,0.7843953029075432,2.5709482801551143e-05,7.105529555362533e-08,5.439755671352887e-05,1.2295941405589837e-05,1.4500563218658764e-05,1
0.6999817037952231,0.2999190305373444,2.476752321520659e-05,1.0053825373635573e-07,2.2714250292339178e-05,1.848390443211608e-05,3.319945123910703e-05,0
0.8808278615710591,0.11913315064136677,1.0183425371748364e-05,0.0,4.28241580918208e-06,5.8920382188738526e-06,1.862990817436393e-05,0
0.42252409272571934,0.5768712636058213,2.3144116298628504e-05,2.105585244054531e-07,0.0005549925379248389,2.0646181784705153e-05,5.65027392672045e-06,0
0.49532209077840716,0.5046450696723194,1.3015404036365876e-05,1.0845716571920421e-07,6.264777935891397e-06,9.120225488209092e-06,4.3306846472610765e-06,0
0.5080131679004742,0.49194998017988334,1.3373483416961208e-05,1.1375228951956093e-07,7.528460356282528e-06,1.0052469630309037e-05,5.783753949303947e-06,0
0.4861064335951086,0.5138196881877112,2.5785782660373517e-05,3.161367748949557e-07,2.5241588220690487e-05,1.709681346755694e-05,5.4378960566964925e-06,0
0.31903516853476044,0.6808741749251599,4.3177798896125554e-05,2.2310746488869607e-07,2.2272387928036336e-05,1.974378101555387e-05,5.239464775016354e-06,0
0.24671301571555646,0.753213673358453,2.882186878206435e-05,2.005506102729847e-07,2.0159800179561176e-05,1.9038022905854303e-05,5.090683512849234e-06,0
0.9110549631581376,0.08526055853875766,1.3826235310975342e-05,1.6469033403429334e-07,8.934293516068732e-06,7.4480902969221794e-06,0.003654104993646666,0
0.7335541337241585,0.26429648302437453,1.3021910582371564e-05,1.551096705169693e-07,9.943269596016668e-06,7.505978662219241e-06,0.0021187569829558173,1
0.7336437330203803,0.2644121968232842,1.1962168664674499e-05,1.4248662118429015e-07,1.593730236963214e-05,6.857965675844177e-06,0.0019091702330040845,1
0.6457315021483354,0.35199377841124385,1.5410109947881118e-05,1.8355655735203146e-07,1.3631528194923802e-05,9.047645544102301e-06,0.0022364466001763704,1
0.5275441014121495,0.470507734425707,1.716574278278122e-05,2.2170383499434968e-07,1.394907014085748e-05,1.0062192963128204e-05,0.0019067654524217677,1
0.7276253931046364,0.2723194536631405,2.358284914501829e-05,1.4066797238001887e-07,5.01096696645532e-06,1.2434844053883839e-05,1.3983904085346248e-05,0
0.6139160664791755,0.3859774288814064,2.6908219175882407e-05,2.053079151559519e-07,9.759767679272232e-06,2.0581829630368888e-05,4.904951501741891e-05,0
0.8493129228473774,0.14947963598821423,1.8179392543669814e-05,1.9912777870578017e-07,1.2012241319510296e-05,1.424446375560925e-05,0.0011628059390112297,0
0.8505718797891635,0.14824304469199837,1.7958822731727716e-05,1.7253119466414613e-07,1.1015217553374931e-05,1.5269651106767002e-05,0.001140659296251777,0
0.8365901186357088,0.16277592753102618,2.357189939613134e-05,1.5467148578478617e-07,6.902861057332523e-06,1.4453132880483603e-05,0.0005888712684453035,0
0.8418998996222107,0.15734897901168401,2.231628493657936e-05,1.4643253351504926e-07,6.220117859821726e-06,1.2308751913687094e-05,0.0007101297788617648,0
0.8599775667624417,0.1389938469373559,2.700992940571768e-05,1.9976327410608357e-07,1.074856624049596e-05,1.530986557074428e-05,0.0009753181757116019,0
0.8610318545987697,0.13779867295382736,2.8029441796089498e-05,1.91419839697668e-07,1.1895009102135646e-05,1.6532165021155175e-05,0.0011128244116438012,0
0.8943836615019404,0.10436017040852218,2.646090746204507e-05,1.9475297290386169e-07,1.2102133138436796e-05,1.8123172320696353e-05,0.0011992871236434137,0
0.8943004588308916,0.09998242251143093,3.0979617852364346e-05,3.1370706320323556e-07,3.445298066655559e-05,2.7243364220508994e-05,0.00562412898787475,0
0.6284859082599531,0.37123416394724135,3.0872091288500215e-05,2.2771100666033742e-07,1.2895189112626213e-05,1.7021481348085484e-05,0.0002189113200494963,1
0.38402256038023347,0.6135642543807945,3.1853740401478525e-05,1.9346050935028532e-07,2.1774126535052295e-05,1.9756486347567852e-05,0.002339607425178582,1
0.3452001729738623,0.6525736421936328,3.2741977431239086e-05,1.6186355471636482e-07,1.842988883317562e-05,1.6529756484474736e-05,0.0021583213462013306,1
0.33359707281653517,0.6619447056079224,3.187268871034547e-05,1.648208441399497e-07,1.95391296458254e-05,1.5627178237604873e-05,0.004391017758104429,1
0.10854317563591842,0.8913941315927024,2.1169174530608936e-05,1.4970927791220796e-07,2.6432690740316934e-05,1.1143037159630819e-05,3.798159670846074e-06,1
0.1416401694305706,0.8582872591641908,2.594311818703079e-05,1.6802597497372585e-07,2.968224126037927e-05,1.2512926534605517e-05,4.2650932817649314e-06,1
0.17361617060002435,0.8262954844018858,2.7039401847718797e-05,1.8814770766533458e-07,4.110274914347015e-05,1.5238845395650277e-05,4.775853995600218e-06,1
0.14414575173637995,0.8524584621309536,2.058168768021242e-05,1.780572404315341e-07,0.003354082601539604,1.6367662850293386e-05,4.576123355911789e-06,1
0.15049491160972595,0.8461559689866195,2.0659891359999083e-05,1.7873379969289106e-07,0.0033047017802029996,1.6429854614364853e-05,7.149143677470512e-06,1
0.1328122359762321,0.8041546079521561,1.439708311233502e-05,4.409805123789345e-137,0.06300003415543746,8.773402729815316e-06,9.951430332225277e-06,1
0.11120074797736544,0.8818407854818117,1.6052249351719355e-05,1.5109799623239374e-07,0.006916455974162924,1.0996867802037665e-05,1.4810351509708241e-05,1
0.073968203176321,0.9259832085725591,1.844197765373437e-05,1.205502198186728e-07,1.3634964618563462e-05,9.252696904006456e-06,7.138061723937114e-06,1
0.09372448752463707,0.9062156782845613,3.052345534427696e-05,1.4215919470339973e-07,1.2052062875241484e-05,1.091126953303536e-05,6.205243854610745e-06,1
0.08390188250172127,0.9160489721621745,2.4927847845507818e-05,2.3105334378832962e-07,9.154068130991192e-06,9.092462239126175e-06,5.739904544766971e-06,1
0.09459366915458199,0.9053590994653027,2.4636951257908902e-05,1.6294867984755283e-07,9.047244341049245e-06,8.986357361776708e-06,4.397878474760148e-06,1
0.12053568438452197,0.8793978489775148,2.970810428384142e-05,2.3426598633110112e-07,1.6468205592525018e-05,1.3733376089227912e-05,6.322686011435505e-06,1
0.19463570872934308,0.8053067452238728,2.362913098200341e-05,2.2555494653593045e-07,1.4381071360753557e-05,1.3222708759715433e-05,6.087580735076092e-06,1
0.5091507287434731,0.49077829831625364,2.8289029090527282e-05,2.883698699442211e-07,2.006619306290629e-05,1.6905108329078673e-05,5.424239920777645e-06,1
0.43606813406993455,0.5638646969406915,2.619766339699769e-05,2.0488829115987246e-07,1.63509901796149e-05,1.3107402920178557e-05,1.1308044585951795e-05,1
0.47513956080519326,0.5247910592379361,3.134725497588053e-05,1.8472504941993509e-07,1.4741874471672058e-05,1.291089266608011e-05,1.0195209707483193e-05,1
0.3770073442129657,0.6229247188290287,3.093831314516696e-05,1.9686474321215923e-07,1.693717147837446e-05,1.3759366027124834e-05,6.105242611784961e-06,1
0.3074621232140445,0.692467156667731,2.47202962327187e-05,1.4651507787214295e-07,1.188769404302366e-05,1.0997015413833851e-05,2.2968597457151323e-05,1
0.29039675571314644,0.7095252637439761,2.204952995867459e-05,1.4277155684133322e-07,1.1577889131411795e-05,9.016300521680259e-06,3.519405170920458e-05,1
0.2961863528949141,0.7036527407334049,2.386429374969086e-05,1.4249273409569018e-07,1.1555278333380373e-05,8.998692324903421e-06,0.00011634561453896935,1
0.29896270485619386,0.7005911536160585,2.7969138668737604e-05,3.525382044143813e-07,1.2942398631101975e-05,1.3027857790284852e-05,0.00039184959445326336,0
0.8133338934131088,0.18451585040546378,3.1114449062795806e-05,2.235764818301287e-07,1.7503010546672888e-05,1.3400571676372577e-05,0.002088014573659763,0
0.7372027883400701,0.2604741047571015,1.587471621034246e-05,2.297096114041776e-07,7.893942816921143e-06,9.295144741015394e-06,0.0022898133894487817,0
0.8786826073012883,0.11904242161608188,2.5492917862205853e-05,1.550609726385879e-07,1.4340694553424977e-05,1.0979005549077586e-05,0.0022240034036925408,0
0.8008187244712324,0.19587813041105984,2.634973719849346e-05,6.687790012837632e-08,1.1614195783269474e-05,7.2863006803640225e-06,0.003257828006145658,0
0.1888549193688185,0.8006756376534695,9.075458459344664e-06,2.9415149483113245e-08,8.30296623005661e-06,3.2955646218385107e-06,0.010448739573251256,1
0.02827889504326911,0.0002812502703296853,2.573395735638562e-06,2.468796816011027e-09,1.7166290036003093e-06,1.530134065376242e-06,0.9714340320587996,6
0.03670498273454184,0.0005282708924087197,2.4855608029339884e-06,1.238105586301282e-08,1.5046979651425212e-06,1.2106806565288563e-06,0.962761533052569,6
0.032780675395325434,0.00047887461347619813,2.179783921664516e-06,1.0326194255978315e-08,1.2659693481650029e-06,1.0785803637454296e-06,0.9667359153313706,6
0.0270658896987167,0.0004267601060773229,1.5684070033300502e-06,9.539933292565524e-09,1.1594087701559812e-06,1.0480092088370662e-06,0.9725035648302904,6
0.03190158736751704,0.0007137355306756159,1.8539014186187595e-06,1.1276470856776531e-08,1.3704539441532232e-06,1.2387765132796354e-06,0.9673802026934604,6
0.027940499973557773,0.0011301170739011124,1.8899175165721645e-06,1.1495541015991885e-08,1.4235455523612277e-06,1.3921457373062259e-06,0.9709246658481939,6
0.11028706901111526,0.00806997829204693,8.250651107219392e-06,5.951208072622516e-08,6.421456751846624e-06,5.983192519203873e-06,0.8816222378843788,6
0.3295212988569999,0.02923009628911678,2.16114828596739e-05,1.6747465054702853e-07,1.4855809539548084e-05,1.6400792701715218e-05,0.6411955692941319,6
0.3645084927221084,0.09135485120900633,2.5353002957965547e-05,2.0261749747796727e-07,1.4000304526131635e-05,1.7192005630634296e-05,0.544079908138273,1
0.7064572763611487,0.29343685384599666,2.024365608320609e-05,1.4483033429635896e-07,8.696309064653757e-06,1.410654348903195e-05,6.267845388338338e-05,1
0.4038369032468148,0.596080338331973,2.6851907960468845e-05,2.2033629187681168e-07,1.3954428384158574e-05,2.047895361346015e-05,2.1252794962205472e-05,1
0.4461924742948674,0.5537177051693957,3.176483187232247e-05,2.606498308105958e-07,1.9047161731740978e-05,2.568055768719821e-05,1.3067334614932835e-05,1
0.5608861831272918,0.43902345326224335,3.548328621808721e-05,3.1188647801436404e-07,1.960146198364879e-05,2.8671451944177876e-05,6.2955238409585976e-06,0
0.5672553837153835,0.4326649005338661,2.1594878778660013e-05,2.4752910366405903e-07,2.7267016099047566e-05,2.5946112519579678e-05,4.660214249353504e-06,0
0.5836938755316907,0.4162271979424669,2.2084763833765383e-05,3.655027033547875e-07,2.3290751116502606e-05,2.9195222617073156e-05,3.990285571760973e-06,0
0.7780717141080005,0.22187656868452882,1.535516858947834e-05,1.2313357770472233e-07,6.326426813023094e-06,1.0260760009742745e-05,1.9651718480634395e-05,0
0.681691156029486,0.3182405717585167,2.7276387934146603e-05,2.118298406311753e-50,1.0714762521744002e-05,1.9093279262144837e-05,1.118778227933431e-05,0
0.6937293985145753,0.30619943929662047,2.775807200641938e-05,1.6597114349190734e-50,1.4483011286664232e-05,2.2958100647501102e-05,5.963004863632309e-06,0
0.23645839277601083,0.7634752936087357,2.5054164298602092e-05,1.9275145247644036e-07,1.6515300699699804e-05,2.085527274349544e-05,3.6961260593430075e-06,0
0.3961111837940209,0.6038181151040671,2.1094208668280742e-05,1.8972405846551585e-07,1.6890636259989766e-05,1.6765611186680706e-05,1.576092173844764e-05,0
0.17021072429700534,0.8297440867496985,1.4197401374189191e-05,6.546328407624303e-08,1.3882546027285796e-05,1.2322268546553117e-05,4.721274064251772e-06,0
0.47148927915416566,0.5277257789094039,2.264721241057046e-05,8.89538546095242e-08,0.0007315532075262362,1.6669457390312185e-05,1.3983105248789572e-05,0
0.4781309851740091,0.5173612468902905,1.7901671765664366e-05,7.031429204801727e-08,0.004465566384202384,1.317650708189654e-05,1.1053058358375868e-05,0
0.1568545389755078,0.8366515835853159,0.0003221532674708719,1.687732821434722e-07,0.005591091673736997,0.0005550922147139382,2.5371509972438534e-05,0
0.6187846008707505,0.38069405974721565,1.3048256337076117e-05,5.323375882259205e-08,0.0004872480646038624,8.799282829553499e-06,1.2190544504630217e-05,0
0.31171669568293625,0.6881880482663498,1.9186967216283277e-05,1.1930498372428854e-07,6.090425372332386e-05,1.0985563397116492e-05,4.05996139345254e-06,1
0.23855312208161744,0.7613539138088032,2.3668038621017698e-05,7.19334706311532e-08,3.479832434654698e-05,1.157883912053332e-05,2.2846974020715633e-05,1
0.17891167850587006,0.8210005887413353,2.7898609392307676e-05,8.04869950558639e-08,2.1574426025510148e-05,1.2615549540173065e-05,2.5563680841646976e-05,1
0.8896145009912846,0.1103592663302928,7.076425438536021e-06,3.998091897616495e-08,3.2854871066691964e-06,6.386601734964275e-06,9.444183223465152e-06,0
0.6065804718452922,0.3933646816244204,1.6159613172119035e-05,8.396851801402147e-08,1.4143449327589376e-05,1.6926964541630306e-05,7.532534728116156e-06,0
0.6350515082666862,0.36489670145114256,1.5259140761948515e-05,7.928948683987255e-08,1.3355324898589264e-05,1.5983732522687493e-05,7.11279450110239e-06,0
0.4496852837273333,0.5502495391335948,2.1348520686517587e-05,1.1604426534113472e-07,2.001197738612008e-05,1.9011952408819313e-05,4.688644325110431e-06,0
0.551517288581365,0.44844118304195474,1.4413201569020758e-05,1.1952135109681997e-07,1.2433783960354076e-05,1.005061920464137e-05,4.511250595285935e-06,0
0.5655334210861532,0.4343895967062204,2.55247465953138e-05,2.4472097271122976e-07,2.6936664764319168e-05,1.8933286867265934e-05,5.342788426784522e-06,0
0.26999495915087796,0.7299284667900836,3.198826339277056e-05,2.2904540346974296e-07,1.926290812586107e-05,1.9279860011806113e-05,5.81398210431867e-06,0
0.20500770631253232,0.7949313930204265,2.595490008039879e-05,1.899011777884845e-07,1.2680952217258711e-05,1.7254550299299453e-05,4.8203632665221196e-06,0
0.9365605549465639,0.060139830125342957,1.171981620961517e-05,1.3959985512830753e-07,8.011841756359883e-06,6.409990296825597e-06,0.003273333679975399,0
0.8786736102129017,0.11943162727722333,1.2972301473266824e-05,1.5451875472783055e-07,9.430207326579347e-06,7.351810794271149e-06,0.001864853671526511,1
0.795581451612517,0.20265550624634188,1.1312154503638588e-05,1.3474401830648118e-07,1.1210770563621113e-05,6.265584771710002e-06,0.0017341188872837714,1
0.5184644264911229,0.47942446562371016,2.052767379897155e-05,2.4270759501289284e-07,1.5251573764919924e-05,1.1015464187612005e-05,0.002064070465820348,1
0.5553236472302053,0.4441615011752926,2.1486047225727673e-05,2.5301216159515575e-07,1.6975529028364524e-05,1.140543042762474e-05,0.00046473157565875734,1
0.8353487921139028,0.16375634840967576,2.3175927460988056e-05,1.7342948437471855e-07,9.332807772923772e-06,1.4892467167874207e-05,0.0008472848445350541,0
0.8441280810449435,0.15523629338839148,2.3638532772949475e-05,1.5510871331669266e-07,6.802037948013224e-06,1.449398919983417e-05,0.0005905358980310779,0
0.8478617500999257,0.15152736267214414,2.2850371663390493e-05,1.4993704480561455e-07,6.207000764572517e-06,1.2603332353011734e-05,0.0005690765861045998,0
0.853663911185287,0.14528317320339848,2.7378974810754027e-05,1.9004838868435697e-07,1.1809785844649704e-05,1.560495828944064e-05,0.000997931843981124,0
0.8887822842777183,0.10525636793892779,2.9520397455834228e-05,3.4552028420008513e-07,0.0001842327996709373,2.695390900408414e-05,0.005720295156938744,0
0.8479147497953652,0.14742186894685433,2.8899703108653204e-05,2.5624562024870447e-07,1.4848141520357273e-05,2.5414869898658116e-05,0.004593962297632508,0
0.8087018148001449,0.18509881846936058,3.174537082031834e-05,2.861094708499598e-07,1.5827024969481726e-05,2.4320443641919256e-05,0.006127187781592078,0
0.6758064185604233,0.3208958033289017,3.380489996325867e-05,2.3122613344086393e-07,1.5232153989848133e-05,1.7665487041968453e-05,0.0032308443435462887,0
0.757038912330951,0.2390480514652988,3.062923692428787e-05,2.267990988320667e-07,9.548649000163341e-06,1.843673305297712e-05,0.0038541947856738693,0
0.6291913634241575,0.37008619894059985,2.8903595590927947e-05,2.131914805060566e-07,1.207295377876527e-05,1.4487820364485484e-05,0.0006667600740280999,1
0.5807608454983971,0.418683038205403,3.528776256551906e-05,1.9916974023235743e-07,1.1254663670963583e-05,1.3534947136152825e-05,0.0004958397530871125,1
0.6875788436166858,0.3117595340161216,3.480043714817572e-05,2.0429832902358478e-07,1.991519140701478e-05,1.4703474110007418e-05,0.0005919989661981785,1
0.7343299882748991,0.26486863460081056,3.401884953130081e-05,1.6812319660255033e-07,1.503507124724912e-05,1.2910920600624244e-05,0.0007392441597145283,1
0.3885613348129148,0.6093867900903378,2.9521302875110047e-05,1.0445036029168226e-07,2.7076930088220423e-05,1.8042413234590346e-05,0.001977130000189015,1
0.31134655317311893,0.686848219691255,1.8733765911132207e-05,1.1024064820935599e-07,1.5369690807923964e-05,1.1745943697839759e-05,0.0017592674945609216,1
0.09968296832584765,0.9002355463116104,1.7666548329882523e-05,1.3081474256302755e-07,5.142215024258091e-05,8.94704837147822e-06,3.318800855123801e-06,1
0.14999033526009306,0.8444280785829482,1.9603681972863142e-05,1.6959627260019705e-07,0.005541864304501324,1.558990021331849e-05,4.3586739985435455e-06,1
0.16890170241377184,0.821630867382007,1.8947010967648163e-05,1.6391525028187695e-07,0.009430387529529164,1.3770999917927697e-05,4.16074855608111e-06,1
0.17623136467529807,0.8097239595689991,1.9820967310608457e-05,1.7186170048851638e-07,0.01400584894920111,1.4471519934442718e-05,4.362457556106358e-06,1
0.12466739397706263,0.8245374182071205,1.351416772176917e-05,4.1393694540907823e-137,0.050764097133978635,8.235365112240566e-06,9.341149004409804e-06,1
0.09164254308720964,0.9083047934704654,2.5892268849105097e-05,1.2052683699393365e-07,1.2131144787136625e-05,9.255751717748169e-06,5.2637501339756834e-06,1
0.5229570032027657,0.47697664596846434,2.4078176234617413e-05,2.926347139417475e-07,1.9320429845514605e-05,1.7155126300091907e-05,5.504461675816568e-06,0
0.501818626969234,0.4981114478623621,2.6752066183089707e-05,2.259211819639221e-07,2.0140501956737098e-05,1.580032738842e-05,7.0063516936828995e-06,1
0.410959265281006,0.5889728570973979,2.8007450958800655e-05,2.1904238861814798e-07,1.884521543331974e-05,1.4012888818405558e-05,6.793023996874215e-06,1
0.8270295805787167,0.17148699367234654,2.126117837714518e-05,1.7622477903991515e-07,1.5223394893431595e-05,1.0562438246396407e-05,0.0014362025126406993,0
0.8514491097786971,0.14504799663879692,2.49420690984496e-05,7.129557537190433e-08,1.0598044790553054e-05,7.987692737177986e-06,0.0034592944803045157,0
0.08049783308807755,0.41984189508349035,9.40433433075119e-06,6.89795410815228e-08,6.528674243434582e-06,3.9295869755057315e-06,0.49964034025334125,1
0.05603817498630659,0.1725557866864711,1.0763989315403755e-05,3.405693207722209e-08,6.1010143590263095e-06,3.310483134720014e-06,0.771385828783481,6
0.02442372649722128,0.003265373993002739,7.221808782601971e-06,2.28495815052317e-08,3.181898250007397e-06,2.3490943274308377e-06,0.9722981238588345,6
0.02683314796296034,0.00030127735886889177,2.413004793765098e-06,2.0994174798154404e-09,1.3592634113494767e-06,1.2536968791134151e-06,0.972860546613669,6
0.041646313723268165,0.0014734113872206709,2.711231566981746e-06,1.284379775230899e-08,1.574622156564618e-06,1.3795152556076649e-06,0.9568745966767344,6
0.030834178022476916,0.0012709976142886719,2.1731325735827886e-06,1.0522303155907962e-08,1.2787983088631077e-06,1.1498013243865282e-06,0.9678902121087245,6
0.03356179057611539,0.0017329747494095732,2.3029922312858284e-06,1.8723451279954924e-08,1.8315171481608424e-06,1.670079816847066e-06,0.9646994113618276,6
0.33711122458125997,0.6627552437545907,4.754742839817685e-05,3.0416866153428897e-07,3.944214656336669e-05,3.918974141523176e-05,7.048179110981777e-06,1
0.3461187692603414,0.6537741270499968,3.249939411520737e-05,2.902199356306365e-07,2.8042672261397436e-05,3.4303306455851425e-05,1.196809689344966e-05,1
0.41708807756355404,0.5828379326965857,2.6567199121399458e-05,2.180000821014224e-07,1.5010257733883593e-05,2.026181674865234e-05,1.193246617428616e-05,1
0.4631286683575548,0.5367903968643657,3.079377189475547e-05,2.526816910805594e-07,1.911818017156325e-05,2.4895495708218645e-05,5.874648613787244e-06,1
0.4964022917688098,0.5035189526988324,2.471638712973244e-05,2.424532248077931e-07,2.0964304473659922e-05,2.840254566059406e-05,4.429841869003582e-06,0
0.5141777558896914,0.4857439337866831,2.43287039400199e-05,2.285121187677728e-07,2.4767697197168926e-05,2.4977253168070697e-05,4.008157201342394e-06,0
0.5773953816519508,0.42253082180274726,2.1289766424225038e-05,2.4173136175876523e-07,2.3157552529423045e-05,2.5165714177837925e-05,3.941780808738945e-06,0
0.6606727129219823,0.3392649568813124,1.8326512994404203e-05,2.7458222601719693e-07,2.022725785501034e-05,2.08918963456598e-05,2.609947284343214e-06,0
0.7342883730435827,0.2656555193886396,1.9407801156689105e-05,1.7973179245989595e-07,7.122761257616495e-06,1.2968844257564709e-05,1.642842931332442e-05,0
0.6720211707794862,0.32792149839450896,1.99375977621831e-05,1.8463813361497244e-07,7.0088260539048236e-06,1.3322869404945716e-05,1.6876894650202502e-05,0
0.8576415295608741,0.14231152586338525,1.5885438583749608e-05,1.2563132665467655e-50,5.454555095996613e-06,9.11139365077966e-06,1.649318841011444e-05,0
0.29016547858641445,0.7097599787490337,3.091168991696671e-05,2.1625932914942644e-07,1.782515126429786e-05,2.062509482876654e-05,4.964469212728914e-06,0
0.307947879378297,0.691987746567429,2.2136907018889123e-05,1.0207182248023717e-07,1.6291912398723587e-05,1.921315780877587e-05,6.630005225103905e-06,0
0.18036377422162356,0.8195338723802384,2.812504207413356e-05,8.114024934127738e-08,2.9813339262209787e-05,1.2717940762435071e-05,3.161593579009777e-05,1
0.11940721542708259,0.8805260537931339,1.5566292935355656e-05,6.394884066834973e-08,1.9960591060535112e-05,1.002294581892379e-05,2.1117001128084854e-05,1
0.6751510344900726,0.32474203145801156,2.3953626768460936e-05,9.723442207070931e-08,3.0298596513405837e-05,2.047612470571601e-05,3.210846950618896e-05,0
0.7035392652488819,0.29633393197559993,3.3365106376333154e-05,1.3543823101151792e-07,4.220304113005663e-05,2.8521279286225355e-05,2.257791049466914e-05,0
0.7076130928573966,0.292260569089885,3.355830624197086e-05,2.4583538403359303e-07,4.1445943301028435e-05,2.8659206360763656e-05,2.242876143069607e-05,0
0.7029429387719858,0.29692445580502325,3.535877340759767e-05,1.7768147738117033e-07,4.1753453999552184e-05,2.495297634350308e-05,3.0362537762895552e-05,0
0.7389033395272097,0.26104421921039556,1.948194019981015e-05,1.9434302419348182e-07,8.823627855778168e-06,1.4739526266545518e-05,9.201825048593729e-06,0
0.6811527130755056,0.31879553577586095,1.9572193033227852e-05,1.7923612243779705e-07,8.133997684971327e-06,1.3587525957494261e-05,1.0278195835335721e-05,0
0.7070603542206451,0.2928962243690924,1.2550470574026912e-05,6.521470552883505e-08,6.199658533326178e-06,9.201227250445487e-06,1.5404839199564654e-05,0
0.720002583011741,0.2799543924555733,1.221119222306572e-05,6.345174870424933e-08,6.8090009598807645e-06,8.952489389188648e-06,1.4988398364966234e-05,0
0.6311857207714114,0.3687546235678477,1.809775908179465e-05,0.0,1.070727077045949e-05,1.1667626370331005e-05,1.91830045181308e-05,0
0.2924367408225409,0.7074848347671822,3.636903688008018e-05,2.2697981233617612e-07,1.9621727845701326e-05,1.7251205235825515e-05,4.9554605027434005e-06,0
0.260139532938804,0.7397948640249281,2.650949475160272e-05,2.148352554241798e-07,1.6864714675142325e-05,1.7211995931434146e-05,4.801995654195088e-06,0
0.26675607653091366,0.7331725944456006,3.057628433182275e-05,2.7996295913437057e-07,1.6444922568067107e-05,1.842883667551498e-05,5.59901695125358e-06,0
0.3365926738237567,0.6631835084316356,1.8004246530005532e-05,1.7630410801773053e-07,0.0001852019777762576,1.3470173317161167e-05,6.965042876135055e-06,0
0.9315866894141104,0.06459790256609638,1.3559405718180835e-05,1.6151201008860736e-07,7.141668803643828e-06,7.416128165299499e-06,0.00378712930509597,0
0.9078751835541056,0.09004055493938452,1.2555780926004761e-05,1.4955739637410115e-07,8.232888805679616e-06,6.914001251679663e-06,0.0020564092781302267,0
0.7186007749605233,0.2794273457836311,1.5548293554944338e-05,1.85202522713784e-07,1.0091086281654095e-05,8.723538780909421e-06,0.0019373311347054489,1
0.7183507087081389,0.28135548176141045,1.6524245516270047e-05,2.3528953122043e-07,1.8328017208800284e-05,1.1400458709127695e-05,0.0002473215194851236,1
0.8443327363052321,0.15561127278211007,1.8318830061182393e-05,1.4969044432455373e-07,4.9861008087308285e-06,1.2572789563347716e-05,1.9963501780406236e-05,0
0.8007967848476173,0.1991381443987007,2.3313589144894428e-05,1.4903969606866782e-07,4.953753651910013e-06,1.3086318664072851e-05,2.356805252502412e-05,0
0.8439857830253474,0.154973953348716,1.781976506113473e-05,1.711952615468692e-07,1.0523777976764379e-05,1.188170418070661e-05,0.0009998671834565889,0
0.8499737617089048,0.14849979266738644,1.8862542333355867e-05,1.8121326836348994e-07,1.1569522708444844e-05,1.2542258717397697e-05,0.0014832900866813704,0
0.8658096120095037,0.1335352292281513,2.1252100373826363e-05,1.394496847974252e-07,7.025123750056878e-06,1.1721791144431473e-05,0.0006150202973921504,0
0.8906231836069453,0.10781155180216447,2.0341562165210552e-05,1.795578594321794e-07,1.0302225544967047e-05,1.3761321756357547e-05,0.0015206799235643834,0
0.8561866525134239,0.14264242353273177,2.838746197670603e-05,1.9386484613342616e-07,1.2694916828535818e-05,1.5918329319410608e-05,0.0011137293808736047,0
0.8769573488242305,0.12195579622686477,2.315723874610938e-05,1.581463862487378e-07,9.827365370641409e-06,1.2985470585262869e-05,0.0010407267278166208,0
0.8622968270924221,0.13058727680975757,3.3740481680211876e-05,2.991674559122784e-07,1.7335245454573627e-05,2.9671929465735075e-05,0.0070348492737638,0
0.8015658795585696,0.19190210859807863,3.669607064799182e-05,3.269422914737777e-07,2.8445620889347527e-05,2.6243177270968584e-05,0.0064403000322518405,0
0.8004998044769467,0.19415551533202954,3.052804699428081e-05,2.499854600387934e-07,1.2122814248452136e-05,1.838486854058931e-05,0.0052833944757803624,0
0.7699454714142389,0.2269902912388197,3.3041482851181e-05,2.5123942181357666e-07,1.1347156347538952e-05,1.898844374891305e-05,0.0030006090245721794,0
0.6077874151861928,0.3915463169066476,3.154612063570452e-05,2.3268261353128743e-07,1.9816437987046697e-05,1.5650855104941354e-05,0.0005990218108183793,1
0.6588735545696125,0.34004066520671766,3.526745978145057e-05,1.7708065477176376e-07,1.5546417616842417e-05,1.3350024098616939e-05,0.0010214392415182876,1
0.4670398104044371,0.5295832251722853,2.654532341050574e-05,2.122576397659151e-07,2.533075351230279e-05,2.3753655241883353e-05,0.0033011224334730843,1
0.4542077928242782,0.5425757061068728,3.4256857287563785e-05,2.695917229410841e-07,5.352097422368722e-05,2.0870375801980455e-05,0.0031075832698129915,1
0.3511092607693078,0.6435602953542093,2.4350195636969602e-05,1.0626387103952339e-07,1.6557289301045784e-05,1.8355673143187583e-05,0.005271074454530617,1
0.36392362778160653,0.6339283055149134,1.8952032779875735e-05,8.270637317590637e-08,1.3729080813123937e-05,1.4286428096627371e-05,0.0021010164554172393,1
0.5515340685431408,0.44836313264219585,2.3233992480945873e-05,1.147026385056468e-07,3.556907234575832e-06,8.30365204793082e-06,6.758956026152278e-05,1
0.15237462104642396,0.8393502344602695,1.9553092036002853e-05,1.6915860661814015e-07,0.008236916889556868,1.4211509629819524e-05,4.293843477191925e-06,1
0.15795286269989472,0.8342957854858137,1.98869980941556e-05,1.7204731002292504e-07,0.00771247140184779,1.4454198057417335e-05,4.3671689822912775e-06,0
0.17513329956658263,0.8129769944164362,1.9183116750516785e-05,1.6595785945954568e-07,0.011851678949284003,1.4465395888621186e-05,4.2125971984253e-06,1
0.21736408117520684,0.7514639150887099,1.983670629667423e-05,1.8837110829960162e-07,0.031132695108420164,1.2767323938285067e-05,6.516226319957605e-06,1
0.10414466733896559,0.8916797653380575,1.515935397211464e-05,1.4269327364508955e-07,0.004128567719363231,1.0545911598798507e-05,2.1151644769088037e-05,1
0.11137933711167584,0.8823727347719774,1.4484522056791994e-05,1.3634115762914947e-07,0.006205959516441961,1.1065663314547593e-05,1.628207337549814e-05,1
0.1807883561943651,0.8191385540679278,2.0432450778758634e-05,1.8529953471504608e-07,2.8119266640052942e-05,1.3945329071099511e-05,1.0407391682638253e-05,1
0.09131342394518073,0.9086283776181105,2.7839047846239617e-05,1.5450354344314654e-07,1.2048919957389928e-05,1.2904376985172658e-05,5.251588376376635e-06,1
0.09771993576644496,0.9021839979303926,6.498827626842315e-05,1.534077384676784e-07,1.2897423637766447e-05,1.2812853644085842e-05,5.214341873521756e-06,1
0.6553319116632339,0.3446261186177269,1.4737221489775227e-05,1.1302285478594977e-07,1.177355922623288e-05,1.030326340321938e-05,5.042652065172272e-06,1
0.5670296659999323,0.432918016025923,1.7501756356914594e-05,2.218874036566882e-07,1.559802786156674e-05,1.300770637514896e-05,5.9885961474196034e-06,1
0.5789364748955032,0.42099611512687407,2.5491336882414956e-05,3.2542933658678763e-07,1.9792043517243807e-05,1.6505233412925735e-05,5.295934473613877e-06,0
0.3884603715211542,0.6114660908879541,2.8380414910901947e-05,2.4372399209982483e-07,2.1727593212460196e-05,1.5627399715613518e-05,7.558459060790762e-06,1
0.16855231570459678,0.8313844844721979,2.2970585470538395e-05,1.2797039990427294e-07,9.926650780283216e-06,9.286958548094527e-06,2.0887658006350418e-05,1
0.2219771383401974,0.7779458902223036,2.2921178175217825e-05,2.399930664650945e-07,1.027835759005348e-05,8.18951416686671e-06,3.5342394500166246e-05,1
0.5915966691864831,0.4079243126450449,2.5390460275559795e-05,1.841391203177173e-07,1.4417483941811352e-05,1.1679042238085702e-05,0.0004273470428962538,0
0.7900052713772465,0.20969111038576058,3.255190597910548e-05,1.7352746709492602e-07,1.369697162893098e-05,1.1970162703670375e-05,0.000245225669213965,0
0.8831014726084324,0.11485267433029159,1.3851117122052039e-05,2.0797687574845415e-07,1.1357834362302281e-05,9.01636230827778e-06,0.0020114197706076514,0
0.3261405405264584,0.6695273867585523,1.261839230736898e-05,4.089841825848964e-08,6.286907916364548e-06,4.846203352075409e-06,0.0043082803129952186,0
0.1183098897948573,0.8798843397279955,5.960184299011846e-06,1.743463766211051e-08,2.782909809208594e-06,2.065894063343185e-06,0.0017949440543377421,1
0.0273842689086061,0.003764409622265929,9.22484717326139e-06,2.6341602728313144e-08,4.390818900952837e-06,2.7080981562112695e-06,0.9688349713632949,6
0.011572314702546773,0.0016845435238234693,2.778700688096469e-06,2.0381399844649652e-08,1.5746316776263656e-06,1.1610759091229063e-06,0.986737606983955,6
0.007815374395534687,0.0012226276812719223,3.1750416546007753e-06,2.328850810130509e-08,1.7992298301629997e-06,1.2913854550294476e-06,0.9909557089777455,6
0.025857122923706625,0.001293755210487395,2.9478267572850397e-06,1.7010672122039687e-08,1.113816877572602e-06,1.228525714787999e-06,0.9728438146857843,6
0.594962269153039,0.0718873497391251,6.708604774717157e-05,3.7667086763914143e-07,3.907055871948204e-05,3.2080487487725884e-05,0.33301176734301385,6
0.6021418259491348,0.23776308250189698,1.9562338664870263e-05,1.3374375710437087e-07,5.549584194940408e-06,1.0774053237241174e-05,0.16005907182911416,1
0.34440718486130134,0.6554854650099109,3.398736421848314e-05,2.777228740309186e-07,3.382347940019517e-05,3.2826183483850035e-05,6.435378810929479e-06,1
0.3662608316116588,0.6336413332966322,3.106560090179876e-05,2.7741614696220783e-07,2.6113697732533834e-05,2.8938282988527122e-05,1.1440093939227965e-05,1
0.6311619997711517,0.3687773617841784,1.871862839499208e-05,2.5784009482055804e-07,1.3838241459727064e-05,2.362394997921378e-05,4.19978474125647e-06,0
0.7660241131045761,0.23393817891617916,1.4820434954496642e-05,1.8348043667610897e-07,5.855070089400634e-06,1.4093072960849365e-05,2.7559208031818816e-06,0
0.7373432775689056,0.2626164516836187,1.638333071600199e-05,2.354894142503456e-07,5.941655839816691e-06,1.2936675265325469e-05,4.773596240253974e-06,0
0.805411451269933,0.19454915070160028,1.1516904051051783e-05,1.0665576135969133e-07,5.507835102904433e-06,7.468933143219982e-06,1.4797700408318958e-05,0
0.7187869851859074,0.2811484210743813,1.9457130736508435e-05,1.801886239026051e-07,6.954769811966449e-06,1.3001807684632154e-05,2.499984285430005e-05,0
0.821771612946922,0.17802893667062022,1.8924235233956e-05,7.151328935873412e-51,7.04483882262342e-06,1.0854352925006107e-05,0.00016262695547614403,0
0.6627767393224182,0.337045198562792,2.4098221336872365e-05,1.0738938645052307e-07,1.3907916469686083e-05,2.467454128512429e-05,0.00011527404631152485,0
0.356834797937422,0.6431025563171354,1.9248610723324854e-05,1.4311642665482995e-07,1.551889252172978e-05,1.3934659710569228e-05,1.3800466060312117e-05,0
0.3518744403610446,0.6480588889688431,1.7136850517770368e-05,6.493117993345076e-08,2.820247521551554e-05,1.0732809956087206e-05,1.0533603243212926e-05,0
0.1491266374979716,0.850783712858364,2.0557526226016646e-05,6.814716128096452e-08,2.4735642805603105e-05,1.0681401244579535e-05,3.360692622699217e-05,1
0.6946768312040906,0.30527433236692153,1.742170136128658e-05,1.8523539819934552e-07,8.410120333419846e-06,1.4048778074663943e-05,8.770593820439992e-06,0
0.7429632315869147,0.2569907753265199,1.3373580686048558e-05,7.076079152610366e-08,6.488686058133673e-06,1.0954046330972388e-05,1.5106012698761551e-05,0
0.6806291197425374,0.31931580076601274,1.853260837425129e-05,9.165093995654099e-08,8.08725857753277e-06,1.2418645252319502e-05,1.5949328305955283e-05,0
0.257453425343006,0.7424887719655539,2.1632698210254494e-05,2.458248425061201e-07,1.3758373823507745e-05,1.751469623746887e-05,4.651098326423973e-06,0
0.33527667957282287,0.6646333551229443,3.919151025433408e-05,2.569827931152599e-07,2.1845872355297264e-05,2.3330902421117398e-05,5.340036409228864e-06,0
0.34479117940997656,0.6540694741714264,1.6899948469138195e-05,1.782745843198568e-07,0.0011021316153491027,1.3620723736010909e-05,6.51585645855985e-06,0
0.34410359989470096,0.6543856239012321,1.6451631245864034e-05,1.7354536477409394e-07,0.0014751772352547862,1.2630786605612927e-05,6.343005595725029e-06,0
0.2526703564409304,0.7367097120340608,2.158251643306459e-05,2.2001225622673206e-07,0.01057067629998088,2.264935266401403e-05,4.8033436746183485e-06,0
0.9396017058948308,0.05790110565899297,1.1325293369082356e-05,1.6635741535366575e-07,6.36482594471245e-06,6.817372479996023e-06,0.0024725145969667637,0
0.9396882119020668,0.057906436421414624,1.132633605121457e-05,1.66372731328175e-07,6.365411933090052e-06,6.818000132829542e-06,0.002380675555669801,0
0.9399213417727508,0.05816693445465859,1.0249179396360012e-05,1.491327561103016e-07,5.705811389768058e-06,6.366040709050258e-06,0.001889253608339175,0
0.9415355633715929,0.05581020635721523,1.0098378449241275e-05,1.3848551382300188e-07,5.6993424318736265e-06,6.358823216832597e-06,0.0026319352415796796,0
0.9340773593783896,0.061997230020811714,1.1016858855137175e-05,1.4812396411548615e-07,8.653893483171567e-06,6.801390816881146e-06,0.003898790333679136,0
0.904917217354989,0.09298457714850633,1.1555965290886611e-05,1.5499170713042588e-07,1.048340798135692e-05,7.116736173410307e-06,0.002068894395351945,0
0.8066829548234401,0.19025737913778118,1.6459251484459267e-05,1.9605334091039827e-07,1.0217217598972289e-05,9.264846240133485e-06,0.0030235286701142906,1
0.8069235972193953,0.19084556349484977,1.6501498851542858e-05,1.9655656777154844e-07,1.0243443004355045e-05,9.25834495379655e-06,0.0021946394423774363,1
0.711637063186012,0.2864628806105844,1.5939774784165947e-05,1.898656268023918e-07,1.1645043855779686e-05,9.09263272920625e-06,0.0018631888864075348,1
0.6830161070888908,0.315001705887227,1.3861983742333187e-05,1.7743562279905682e-07,1.0605403837720769e-05,7.766402804827787e-06,0.0019497757978745442,1
0.5050020435714621,0.4937375461962417,1.5509436545043187e-05,2.2683002626100994e-07,1.267823460362526e-05,1.0225176794291202e-05,0.0012217705543270123,1
0.6147166833800055,0.38475618767668684,1.8372817055334343e-05,2.555487892571477e-07,1.4540028813991938e-05,1.1519778015255454e-05,0.00048244077063380844,1
0.6670111389844878,0.3328430841445813,1.799663082359581e-05,2.57294753847267e-07,1.783444958480444e-05,1.2466675427913163e-05,9.722182034074787e-05,1
0.8570229667657281,0.14205486770533765,1.964435177117568e-05,1.5768987798426386e-07,8.485808075074185e-06,1.368064599027471e-05,0.0008801970332199477,0
0.796289964241911,0.20312839472188213,2.3308110416920183e-05,1.5294058439824206e-07,6.8256123536387905e-06,1.4291390413112826e-05,0.0005370629824388228,0
0.6545056401401128,0.3399678567877132,2.788160479118592e-05,2.270139414441693e-07,1.3934334477941835e-05,1.6709296296095635e-05,0.005467750822667453,0
0.8113287514482946,0.18248181866029745,3.719510846601862e-05,3.327331920943786e-07,2.894945831863499e-05,2.670800435363182e-05,0.006096244587077686,0
0.8204417025213802,0.17505125648449427,3.114157514418441e-05,2.689749444310395e-07,2.0631764497521315e-05,2.1813040601761363e-05,0.004433185638937797,0
0.8030449453006666,0.19202204073009702,3.411121912524668e-05,2.5937343699079397e-07,1.2521687601399995e-05,1.907529558421748e-05,0.004867046393488481,0
0.5946242352898129,0.4043780628355428,3.1207580600207656e-05,2.1772783464988646e-07,1.8794908334192144e-05,1.6846075911911445e-05,0.0009306355819634795,1
0.6048639854488013,0.39420817641328215,3.378900017708543e-05,2.2111428185816862e-07,2.1385643561260458e-05,1.6763606277275984e-05,0.0008556787736190407,1
0.4744746616219032,0.5227630661632178,4.272917700817786e-05,2.0765658116622136e-07,3.0787500766249636e-05,2.4597763153397296e-05,0.00266395011736992,1
0.4643549073736871,0.5331145169049328,4.0157496165939804e-05,2.7356621279295053e-07,2.4555388918928246e-05,1.8591549925478665e-05,0.0024469977201568172,1
0.3373299980734276,0.6620790619865567,1.5406514864426393e-05,7.515493153123107e-08,9.965395920208397e-06,9.96607012990119e-06,0.0005555268041695875,1
0.2547833876332533,0.7450213641280563,1.717761239050006e-05,9.649470524997974e-08,8.54916592651847e-06,8.462260785939873e-06,0.00016096270488237497,1
0.18349693058869618,0.812816594545939,2.2149231303492375e-05,1.5975920148051346e-07,0.0036477788121531273,1.1924420427924882e-05,4.462642278809107e-06,1
0.11428651859306856,0.8827152625866036,1.9207397057349508e-05,1.3583550647528001e-07,0.002966138966421521,9.290442523425978e-06,3.446178819097013e-06,1
0.13871463725440344,0.8610601057543549,2.110262429444225e-05,1.4713258300365245e-07,0.00018929051910848937,1.0981970128312812e-05,3.7347451273276437e-06,1
0.20998978335667853,0.7861041120233202,2.0904126081148622e-05,1.590987648371044e-07,0.0038689380333666963,1.2064872661206564e-05,4.0384891273503434e-06,1
0.16769603237031522,0.8294054598213416,2.2676286059056838e-05,3.234462844158999e-07,0.0028564618048914393,1.439192755240324e-05,4.654343555605653e-06,1
0.15745972666245825,0.8396785790121347,2.1686489789549134e-05,3.27452530326482e-07,0.002820398202496116,1.4570187757204576e-05,4.711992833815054e-06,1
0.16301526036369152,0.8306428314005828,2.0338452118125772e-05,1.7595294978088935e-07,0.00630162580722178,1.53017155088655e-05,4.466307927298395e-06,0
0.14463592981212078,0.849124236414333,2.035442458779465e-05,1.7609113154306092e-07,0.006200211256613193,1.4566407433247689e-05,4.5255937802371195e-06,1
0.19900556591579402,0.7975887964451737,1.7306203003903936e-05,1.9411871555255828e-07,0.0033498883278812526,1.4609045680565211e-05,2.3639943750797734e-05,1
0.19975683995924323,0.8001849953059473,2.441036713400609e-05,1.5772804584150034e-07,1.4595621177876828e-05,1.2112585608697321e-05,6.888432843149346e-06,1
0.4330134579443629,0.5668768111282696,7.078351574287566e-05,1.6475601786438675e-07,1.6355002756345325e-05,1.5815434929334894e-05,6.612217921124587e-06,1
0.3905293563602375,0.6093967143791617,2.853157228108008e-05,2.450220942526927e-07,2.1843316885303128e-05,1.571063305279871e-05,7.59871628739633e-06,1
0.34696509304296713,0.6529639044613114,2.6224857987641425e-05,2.085679867264832e-07,1.79440548797444e-05,1.3070754667218506e-05,1.3554260200307226e-05,1
0.4913648828675129,0.5085514124835656,2.4738656311224462e-05,1.504808314890063e-07,1.2116372865190848e-05,9.544261881722824e-06,3.7154877031899155e-05,1
0.11677361799153761,0.8814164142584704,5.38847640246659e-06,1.7464995247879606e-08,4.422865791587771e-06,2.069491244852388e-06,0.0017980694515577088,1
0.07627087190442819,0.8034627207962688,1.2725720356558652e-05,4.1199263061927775e-08,8.043771711629103e-06,4.4390559423625005e-06,0.12024115755202959,1
0.050412589959475035,0.14508312245537142,1.2782372311035738e-05,4.0443033974377245e-08,7.860674575224985e-06,3.931240241649073e-06,0.8044796728549918,6
0.024582676363917318,0.022824334491148134,8.418601216478947e-06,2.663619606204414e-08,4.656630266892614e-06,2.589155054734607e-06,0.9525772981222004,6
0.017436852838012894,0.0030329543352908004,9.709591731417634e-06,2.7725793526907115e-08,3.865668074534479e-06,2.850402502236795e-06,0.9795137394385947,6
0.0351225567361298,0.001590086456403247,2.4912264696108155e-06,2.0253805808562965e-08,1.848588809974591e-06,1.6621150084602052e-06,0.9632813346233732,6
0.05044602670643819,0.002359157683935662,3.415819398504552e-06,2.439140063026552e-08,2.5346734205004235e-06,2.451274765022043e-06,0.9471863894506414,6
0.09594671233204667,0.005921607517213431,6.5927629401866975e-06,4.8142892402620735e-08,5.366808499039983e-06,4.664038101688556e-06,0.8981150083983066,6
0.18644362791731167,0.0217245622342878,1.576954098171094e-05,1.1422193397002119e-07,1.2352081258242808e-05,9.329414609809696e-06,0.7917942445896169,6
0.7034914179797449,0.29371196807352984,3.22692514561491e-05,2.0467875366766473e-07,8.962513420309527e-06,1.6765655398005903e-05,0.002738411847697019,1
0.47030962343345334,0.5295972748642734,3.27653910290651e-05,2.700214294120622e-07,1.8410231161687694e-05,2.117187124666875e-05,2.0484187406421462e-05,1
0.5599971578859206,0.43992369832970046,2.5888671901456815e-05,2.3581165994517154e-07,2.0390025504708527e-05,2.7624509610886122e-05,5.004765702061358e-06,0
0.5545713499099495,0.44534823386257943,2.497078314161489e-05,2.4442123295674694e-07,2.138044058436854e-05,2.8633090918778997e-05,5.187491593256663e-06,0
0.8229452986019178,0.17701024468920137,1.2975024149490632e-05,0.0,5.742699436286445e-06,8.656309513697178e-06,1.708267578143377e-05,0
0.5820391277023508,0.41782437467765976,2.790484142453564e-05,2.0407316349247214e-07,2.3008008511342504e-05,2.8139938481582732e-05,5.724075840838643e-05,0
0.30535470696565353,0.6945860189743825,2.0400606713889098e-05,1.5050541700219632e-07,1.7007737694945428e-05,1.5911280461374486e-05,5.803929676763525e-06,0
0.2567585869810478,0.7431881999659626,2.037176619785467e-05,9.39328742349601e-08,1.6684864022344175e-05,1.606248989506751e-05,3.7337049361586175e-155,0
0.3976850006358772,0.6022296690220649,3.062725727081075e-05,1.2029792192369725e-07,1.8334074253503636e-05,2.057090418061376e-05,1.567780843108023e-05,0
0.42650081789466154,0.5734376763776597,1.8452150123137766e-05,0.0,1.4749650174150211e-05,1.1626027479680935e-05,1.6677899901692477e-05,0
0.30611516586070725,0.6899012302085894,1.5167380242858798e-05,1.4793398933163541e-07,0.003947740990766865,1.7199787736802938e-05,3.34783796751789e-06,0
0.20861959010801834,0.7660355006719826,0.0002128750126341758,1.7680733531798996e-07,0.024523446733812244,0.000604458722366248,3.9519438511526685e-06,0
0.12788323907019494,0.8446844127433091,0.00032878464790327263,1.8754903947489706e-07,0.0264301923712499,0.0006665778922652236,6.605726038275969e-06,0
0.17045135075803022,0.8159323310516483,0.00025100079256781246,1.8116508681420858e-07,0.012600301224576792,0.0007541943933691882,1.0640614720791244e-05,0
0.15363873977126988,0.7799309434947839,0.0009447686471732764,3.3510319392382926e-07,0.05404925056339857,0.011431205195541073,4.757224639139278e-06,0
0.3001698177050769,0.6813478243840518,0.0007458293353228342,2.573154270189176e-07,0.01324800588657403,0.0044815792477104445,6.686125836968657e-06,0
0.3303408956301709,0.6581431504845517,0.0007746696845545865,2.485520313499252e-07,0.007092157846782975,0.003635446881482037,1.3430920426555974e-05,0
0.34940817943132524,0.6461438641796688,0.00023017191874937358,2.168515638267315e-07,0.002739616061931363,0.0014572493188239432,2.0702237937555674e-05,0
0.5176354071716159,0.4790685910191889,0.00020158689414531767,1.6077963268237872e-07,0.002023831277500913,0.0010550736570501557,1.534920086609539e-05,0
0.7558942613555268,0.2436656104703453,8.908918927238409e-06,4.091314755804835e-08,0.00041513893807887376,6.741119577787999e-06,9.29828439659427e-06,0
0.11009575444983309,0.889839435213374,1.613081665497589e-05,5.347284260248816e-08,1.9409247715573558e-05,8.381345265000284e-06,2.0835454314708818e-05,1
0.11838398484412821,0.881576045365146,1.703822067116048e-05,5.648084109209565e-08,1.1878168020114171e-05,8.85245774836229e-06,2.1444634448966262e-06,1
0.7879946149548798,0.2119267547378199,3.030278209317924e-05,1.3905049967535343e-07,1.1878525168048972e-05,2.18030192859809e-05,1.4506930253302403e-05,0
0.7801509434717858,0.21979057277620048,1.4447656906715146e-05,1.3695256828654007e-07,7.877451042710628e-06,1.0418727396160943e-05,2.5602964099894377e-05,0
0.7682868739837421,0.23166563581158264,1.3504031697112194e-05,1.2891284469698408e-07,6.834065911328262e-06,8.7771464509828e-06,1.82460477712769e-05,0
0.7209686461390006,0.2789763995617221,1.723575697219222e-05,1.9811783888592245e-221,8.446193361106539e-06,1.1003037126029694e-05,1.8269311817923743e-05,0
0.7249503819521652,0.2749980058513809,1.823604201089047e-05,1.3743233309282912e-07,8.804056425698436e-06,1.5947334914482295e-05,8.487330769516542e-06,0
0.45144399632904014,0.5484779094274783,3.0954869235816994e-05,2.6098861563108943e-07,1.954699513687941e-05,2.1633444217272264e-05,5.6979462759887606e-06,0
0.25043275983487506,0.7495056433228795,2.5443309521257488e-05,2.4901470421881703e-07,1.4741351342586045e-05,1.6519746757362356e-05,4.643419919863449e-06,0
0.2085058199278883,0.7914330677546352,2.619753336363766e-05,2.3801000985702633e-07,1.4089887540422856e-05,1.57896904156324e-05,4.7971961469294185e-06,0
0.22887507891062736,0.7710621855402496,2.816086364946327e-05,1.9216591990736483e-07,1.2252783238089798e-05,1.6973022333432353e-05,5.156713982123222e-06,0
0.16074290087545706,0.8391925531236046,2.7154819078574772e-05,1.7587380661101882e-07,1.7946859664309557e-05,1.4804149394999028e-05,4.464298993845308e-06,0
0.3562855372940481,0.6421899901514028,1.6593004519441294e-05,1.7503668657468693e-07,0.0014878538283377414,1.337333844078967e-05,6.477346564714199e-06,0
0.8311052365669612,0.16306133347223037,1.5498943796256737e-05,1.4809935249813586e-07,0.00579138643365327,2.3163154644366165e-05,3.2333293619056143e-06,0
0.9039985728086382,0.08720912816960495,1.1595838880600682e-05,1.864913770363002e-07,1.224150806368414e-05,9.086903437294251e-06,0.008759188279998708,0
0.9270654198498379,0.06982426687259095,1.1607350471623203e-05,1.8223516535429464e-07,8.337983813006411e-06,7.108049290762595e-06,0.0030830776588307005,0
0.9134056371803728,0.08221216909012635,1.1700301440135375e-05,1.573129921557304e-07,8.630629764711944e-06,7.22332234769174e-06,0.004354482162956301,0
0.882355512952163,0.1143047571445386,1.3808040434653093e-05,1.6819732971232875e-07,8.89444304230822e-06,7.723097208210362e-06,0.0033091361252835824,0
0.8643172578980949,0.1323426071145811,1.580138263775556e-05,2.0707346193395864e-07,1.0895598081141336e-05,9.508168045781925e-06,0.0033037227650972757,0
0.8623376509780852,0.13438737557284663,1.6045522975618902e-05,2.1027286455068243e-07,1.106394126083228e-05,9.655074643285112e-06,0.003237998637323815,0
0.7825618617480178,0.21545670962261368,1.5336696153821835e-05,1.8268209355227603e-07,9.051356684862107e-06,8.748614537807527e-06,0.0019481092798986303,1
0.6998726452225837,0.2984689764368325,1.3239421664137463e-05,1.6988293366920188e-07,1.0120379698970661e-05,8.135664937507796e-06,0.0016267129913493026,1
0.7240873755265379,0.27577999893057775,1.4985464934650404e-05,2.520370531703332e-07,1.7477941396732383e-05,1.2211924614473092e-05,8.769817488520395e-05,1
0.8337447607396187,0.16619423998910857,1.924486226985244e-05,1.5725742170857348e-07,5.059157209724782e-06,1.3216330329729523e-05,2.332166404164896e-05,0
0.8321307459019727,0.16779264887272963,2.054325432269056e-05,1.5306600881315407e-07,4.91372960381018e-06,1.2632583441503916e-05,3.8362591921099405e-05,0
0.6811460834141733,0.3184687160877644,2.4789422922152044e-05,2.118036698720838e-07,1.557271023640184e-05,2.2881954080202083e-05,0.00032174460715344395,1
0.7055276637705907,0.2940757929448732,2.4689277031477406e-05,2.1094801190722888e-07,1.550979860906223e-05,2.2789514103727676e-05,0.0003333437467799635,1
0.8559414998645611,0.14374957847989975,1.807219593082136e-05,1.736203759414893e-07,1.067285549927659e-05,1.2050017786941328e-05,0.0002679529659463709,0
0.8617664270206269,0.1373699662912466,1.819518240228447e-05,1.748019123465216e-07,1.116019104250164e-05,1.2132021610624765e-05,0.0008219444911587956,0
0.8227217268882585,0.17667732529219593,2.4081791450137038e-05,1.5801723914379896e-07,7.052179274922441e-06,1.4765773685851056e-05,0.000554890057895534,0
0.886958113734945,0.11144887580967691,2.1739304559793312e-05,1.7214896878288312e-07,9.855905520574552e-06,1.2396685268762111e-05,0.0015488464110602735,0
0.8969243760951617,0.10159304042778725,1.8356023506847905e-05,1.496163388532123e-07,9.797376965519246e-06,1.2411849845645625e-05,0.0014418686103943206,0
0.9361775377257013,0.05592309761400765,2.8339263453214943e-05,2.941284092660337e-07,2.447606807637931e-05,2.0863888505989326e-05,0.007825391311846154,0
0.8718300130993574,0.10986893590533692,3.799586092004099e-05,2.77925498397133e-07,1.668694377712176e-05,2.5598790595872255e-05,0.018220491474514156,0
0.715471030775446,0.2746387639302622,3.79633346383155e-05,3.1767921933638934e-07,2.169192040163346e-05,2.1432927366031854e-05,0.009808799432666439,0
0.8146994527450475,0.1813154461815542,3.092361608340437e-05,2.6709239590900357e-07,1.8898637763945012e-05,2.166037170751615e-05,0.003913351355447528,0
0.8172300907553115,0.1795992134449029,2.844500750369108e-05,2.1628893808725535e-07,1.0488732504761947e-05,1.6346918428388333e-05,0.0031151988524107024,0
0.7277990894995537,0.2665845780937147,3.3558979346991185e-05,2.266092560245018e-07,3.587991215333555e-05,2.0949800818483926e-05,0.005525717105156858,0
0.6063083207251249,0.3930013727750592,2.508891774602648e-05,2.0401739372774333e-07,1.077127265363152e-05,1.4658750036388746e-05,0.0006395835419860319,1
0.5836267619945128,0.41521840374817404,3.0999764793823295e-05,2.1799730061544392e-07,2.1084176603613627e-05,1.6082218768789955e-05,0.0010864500998463077,1
0.5624331238625099,0.4368334284736322,2.6197733942360476e-05,1.7190139686937774e-07,9.415431599067555e-06,1.3285722800326421e-05,0.0006843768741191526,1
0.4966358586885778,0.5026691481957187,2.1681128120910546e-05,1.4226483167927983e-07,7.792169325109958e-06,1.156960385159781e-05,0.0006538079495741656,1
0.5727422088338702,0.4258285345194281,4.143005939724058e-05,1.9808984724058713e-07,2.8247205112694047e-05,1.721473357681077e-05,0.001342166558767796,1
0.4532611103183345,0.5442950447790873,4.267774811005823e-05,2.200454806490115e-07,3.262429905204091e-05,2.6065278478447295e-05,0.0023422575314569973,1
0.4180133053854632,0.5815858040578619,2.682298853604787e-05,1.2854969336165977e-07,7.647507973826761e-06,1.099562121754475e-05,0.0003552958892542911,1
0.31770864450297953,0.664153292216234,3.671416355477151e-05,2.866057540177392e-07,0.018071976494084686,2.2828793548809138e-05,6.257223844164466e-06,1
0.1287258580552676,0.8672507192772455,1.953917307445994e-05,1.529354500870649e-07,0.003988441435568049,1.1409114974886784e-05,3.880008419411497e-06,1
0.11025679447831903,0.8867305339689655,1.9294767147120072e-05,1.3645339136407257e-07,0.0029796312593644136,1.0147218108393938e-05,3.46185470437657e-06,1
0.10590384321640482,0.8902658070428336,1.9530759340265055e-05,1.5107648138301437e-07,0.0037955646246703133,1.1270434324539499e-05,3.8328459451844136e-06,1
0.1297756824405503,0.8653935563451289,2.224222251429562e-05,1.754567205090724e-07,0.004786859552427008,1.6974693428757527e-05,4.50928923040333e-06,0
0.12094372079814387,0.8746881713852976,1.8503069819379684e-05,1.6007460625875883e-07,0.004331251628587745,1.4079079167086315e-05,4.113964378049293e-06,0
0.19161315591904052,0.8083142441097054,1.9105019872053402e-05,1.891405976303647e-07,2.8448283946527386e-05,1.4234400959052642e-05,1.0623125879158776e-05,1
0.2622115606719733,0.7377151314171936,2.7575083540979347e-05,4.152541714561509e-07,1.8223186812548224e-05,1.2842264998853014e-05,1.4252121309323359e-05,1
0.2771220938689847,0.722820160344761,2.0215726950614487e-05,1.1394020774267085e-07,8.505401598017722e-06,7.22288274145372e-06,2.168783475656132e-05,1
0.9327708635368539,0.06235608041248841,1.0206790126589976e-05,6.240575407340715e-08,8.480020234020212e-06,6.991710018048433e-06,0.004847315124524744,0
0.8863646175523131,0.10645400778946754,1.320112208043354e-05,8.071352186407681e-08,1.2683029271857343e-05,8.896313728681523e-06,0.007146513479616704,0
0.036079165639410486,0.8959387408095165,8.336782767761075e-06,2.4358823462147687e-08,4.155507487564887e-06,2.775836151964115e-06,0.06796680106584216,1
0.023717244056612765,0.0007820537134650759,2.047063748694887e-06,1.3399080738396136e-08,9.802913050280157e-07,9.873055559980051e-07,0.9754966741702318,6
0.026560228235126812,0.0010239795385420664,2.411050566034273e-06,1.5497720260566966e-08,1.1338300526584328e-06,1.1419429151370361e-06,0.972411089905077,6
0.024429492871670087,0.0014482691151252792,2.8329794813196713e-06,1.7928740212088458e-08,1.2607791731941624e-06,1.2879671477986711e-06,0.974116838358662,6
0.027787858023098588,0.0016727436495619142,2.933666661230527e-06,1.856594718912895e-08,1.6604758856144613e-06,1.3103063728993449e-06,0.9705334753124727,6
0.11739928056384684,0.006514510187540825,7.760211837128729e-06,5.652921935257765e-08,6.301688156339225e-06,5.6810451759555484e-06,0.8760664097742236,6
0.09388254515727573,0.013165303339484914,8.403425213490805e-06,6.182098524030221e-08,6.80558365603504e-06,5.049411989864219e-06,0.8929318312613946,1
0.19972185989288618,0.03417275464822029,2.4553855070725075e-05,1.4792650529902474e-07,1.6284538378743312e-05,1.2082335255127329e-05,0.7660523168036836,1
0.24574334405256523,0.05505097009604164,1.1950423759432713e-05,6.741461264402351e-08,5.020775187191371e-06,6.095255716625351e-06,0.6991825519821172,1
0.789362227863675,0.20841814307560053,4.095973141653846e-05,2.299783351238517e-07,1.0622020813495808e-05,2.079336670323376e-05,0.0021470239634561374,1
0.6923614495239412,0.30741823521657213,2.5955801953029247e-05,1.6681757681216929e-07,6.338769893080032e-06,1.3255599571034908e-05,0.00017459827049264517,1
0.49677070905781956,0.5031492832864977,2.4807387095871245e-05,2.429516363950074e-07,2.0852387974594434e-05,2.534316507352487e-05,8.761763902472646e-06,1
0.5131116769007963,0.48681106596218326,2.505525682782172e-05,2.4537915351954094e-07,2.3000472219432712e-05,2.327011688080821e-05,5.685911939063632e-06,1
0.551677049370937,0.44824178016393335,2.5133024982285644e-05,2.460093029227157e-07,2.1271789368498738e-05,2.8819127750239596e-05,5.700513725578558e-06,0
0.8046166554317065,0.19534622954627012,1.5530615006848357e-05,1.4537308238762824e-07,4.763714128526936e-06,1.1593438442218975e-05,5.0818813635055786e-06,0
0.7458680365528787,0.25406439485419813,2.0095045615750333e-05,0.0,7.654297753387821e-06,1.3362485765919876e-05,2.6456763788024342e-05,0
0.7435022637630315,0.2564305420829931,1.998368666312043e-05,0.0,7.6118806025520635e-06,1.3288436049990963e-05,2.631015065950763e-05,0
0.7474696435659999,0.2523547330203248,2.7186529068397234e-05,9.357863846798698e-08,1.041309860365475e-05,2.0451089196149518e-05,0.00011747911816873758,0
0.3443690076002708,0.6555697793229116,2.1210057103330445e-05,2.389173542524453e-07,1.967713717744909e-05,1.4599708692473914e-05,5.48725649006712e-06,0
0.3320891942147273,0.6678520957823884,1.9219799640938758e-05,1.4179401623819158e-07,1.838812260705103e-05,1.4990319983483589e-05,5.969966636346696e-06,0
0.3910940799591386,0.608817186266299,3.174638610474432e-05,1.2469364276466875e-07,1.9004006626459855e-05,1.7802942504007345e-05,2.005574568427098e-05,0
0.26511525761815324,0.7277438334487333,1.7887842097907996e-05,1.6045824489374176e-07,0.007105564184759051,1.3665178369514195e-05,3.631269641842043e-06,0
0.18985516487391085,0.8024097675313536,1.9723120361460342e-05,1.769211322252262e-07,0.0076960965035259956,1.5067214718664894e-05,4.003834996919144e-06,0
0.1894236195526472,0.7960516312173767,1.9180176102092286e-05,1.7205079166338055e-07,0.01448524444133997,1.6258945574075476e-05,3.893616168093155e-06,0
0.20759128402536758,0.770050435153938,0.00017677376850733443,1.7534618121900737e-07,0.02172991254355146,0.00044749987787587217,3.919284578579641e-06,0
0.2070613875233289,0.7678075446636603,0.00014564379149928415,1.7252393845059257e-07,0.02460777516617858,0.00037362012872904036,3.856202665518526e-06,0
0.19067708886147205,0.7855329224281152,0.0002476133741820552,1.9993669833976134e-07,0.022254648559212338,0.001275783687083064,1.1743153236595966e-05,0
0.4303986995057549,0.5632430903447957,0.000418835607072098,2.510338149130502e-07,0.003536567982731881,0.0023828149597090956,1.97405661216231e-05,0
0.4559188229257328,0.5426604352668062,0.00019042041352110783,1.2767750642300637e-07,0.0008298710431194712,0.00038670493178096643,1.3617741532984287e-05,0
0.6742365433572153,0.3252306928538854,1.232066704260402e-05,5.658119384008083e-08,0.0004982047072052383,9.32269004697866e-06,1.285914341050019e-05,0
0.7866569512149917,0.21303150264147352,8.559896915174859e-06,3.9310305597403266e-08,0.0002875359031997277,6.477024782693723e-06,8.934008331749171e-06,0
0.558680627830562,0.4408416800220942,9.965958012453943e-06,4.818894277233862e-08,0.00044876075516994576,7.96539913937134e-06,1.0951846079128344e-05,0
0.2405536558980417,0.7593570368523997,2.151747916296254e-05,7.518227297952376e-08,2.599288516431825e-05,1.242726604973027e-05,2.929443690857662e-05,1
0.21887952157540208,0.7810261399565326,2.4287590265706267e-05,8.051213520371971e-08,2.6540982902862203e-05,1.2444841355783674e-05,3.098454140582964e-05,1
0.12678622375523765,0.8731488384529064,1.8247499112731664e-05,6.04895380571543e-08,1.3579181168539177e-05,9.481143674112327e-06,2.3569478362630273e-05,1
0.14926581822579835,0.8506880405407888,1.9715163829370216e-05,6.535477247551389e-08,1.3636023240937874e-05,1.0243302875924846e-05,2.48138869417243e-06,1
0.1665594208142169,0.8333750564776518,1.9313925889122417e-05,6.4024688966171e-08,1.3324053040367495e-05,1.0034833812069151e-05,2.2785870700807257e-05,1
0.7186439073652686,0.28106281782064607,4.0834095292279224e-05,1.496583484680136e-07,2.7658152798286744e-05,3.0968403153423e-05,0.000193664504492942,0
0.8217791412373872,0.178147248350733,2.574899416557449e-05,2.2253689438674083e-07,1.0252123674258966e-05,2.3247401967985254e-05,1.4139355177626123e-05,0
0.8400041984990253,0.15994719779468114,1.796273617828354e-05,1.589690458889041e-07,6.206664468408474e-06,1.0931209016833564e-05,1.3344127584029755e-05,0
0.7749183519665627,0.22502830604286023,1.7612598621623002e-05,1.7638259372453656e-07,7.764278358039278e-06,1.2976070658053904e-05,1.481266034554807e-05,0
0.7982394537751696,0.20170609372392226,1.5500884982871996e-05,1.4138695606216485e-07,8.042546794228577e-06,1.0756075413661711e-05,2.0011606761215482e-05,0
0.715847568649919,0.28409723055616676,1.6816098279324257e-05,1.730431329022415e-07,8.046342966545768e-06,1.0667585143333447e-05,1.9497724392404385e-05,0
0.7114999319958879,0.28845133849760557,1.823504291801445e-05,1.7866711710815046e-07,8.066703390656991e-06,1.3688721859224874e-05,8.560371221611672e-06,0
0.17534446742251866,0.8245965858550189,2.6298761663238076e-05,1.7071243374178882e-07,1.4142627901282204e-05,1.4001335361371518e-05,4.333285102971121e-06,0
0.3594957295171439,0.6385022294336336,2.2160756296741848e-05,2.1224296501511327e-07,0.0019504776343111574,2.1888693252054264e-05,7.301722397530142e-06,0
0.8358417339324263,0.1624693770993057,1.5639531362890473e-05,1.4978642711732526e-07,0.0016464024707735093,2.3427017852690193e-05,3.2701618517844574e-06,0
0.7392010969474894,0.2571621731028615,1.563609518337913e-05,2.0225215629070802e-07,0.003592675319141304,2.473732630354868e-05,3.478956864531336e-06,0
0.8829081317924725,0.1069305200958256,1.176011436995865e-05,1.8379727266287125e-07,1.1925868150901867e-05,8.955631596845696e-06,0.010128522700311485,0
0.9295414024146024,0.06780686677196213,9.950009082458667e-06,1.46155842481054e-07,7.204890370250101e-06,5.989506486396689e-06,0.002628440251653797,0
0.9294054108514522,0.06725510314038687,1.0425196157953573e-05,1.5313587302972005e-07,7.548977572173997e-06,6.2755500515172685e-06,0.0033150831485063157,0
0.8967503827301622,0.0988147017827026,1.3483972186763301e-05,1.8413422337063034e-07,9.918876674576702e-06,8.454869699072639e-06,0.004402873634351443,0
0.8845288705189664,0.11152716408326653,1.3370083987758372e-05,1.8257899062582847e-07,9.32503585122608e-06,8.383458258177355e-06,0.003912704240679437,0
0.845291828661113,0.15062049738952973,1.6352734604861352e-05,2.3051318955721434e-07,1.1146054104167198e-05,9.839933137216917e-06,0.0040501047143214185,0
0.8057464642667289,0.19079411663641896,1.4201618337572588e-05,1.8610892107626708e-07,1.123859955720761e-05,8.766232590638424e-06,0.0034250265374456464,1
0.8115569300593221,0.18614173049120988,1.454521827111659e-05,1.8663839051591577e-07,1.127057274245622e-05,8.619934045944468e-06,0.002266717086017948,1
0.7075902432639435,0.290326410958827,1.4300237364048925e-05,1.8349489405199313e-07,8.569315709689447e-06,8.787539416157069e-06,0.0020515051898454635,1
0.7174949956211922,0.282429779021974,1.4849031292459619e-05,2.6863854772807514e-07,1.3856638611742027e-05,1.2100742388190654e-05,3.415030599366563e-05,1
0.7609575987586849,0.23896646171389074,1.6026675544818194e-05,2.1599305487174326e-07,1.4978408562006995e-05,1.0465488586556593e-05,3.425296167620409e-05,1
0.6777605918663303,0.3217823310800737,2.53564997310511e-05,2.4359735337184483e-07,1.5495309396602414e-05,2.2535650045954182e-05,0.0003934459970689699,1
0.7080235077223548,0.2915628727553594,2.5767591709226324e-05,2.2016125606952286e-07,1.6187195661546138e-05,2.3541896926174137e-05,0.0003479026767328485,1
0.8622188406495812,0.13744208333248945,1.8204734582831304e-05,1.7489368056240146e-07,1.1166049964793168e-05,1.2263662285098588e-05,0.00029726667741609124,0
0.835316583723619,0.16418783170455353,2.5249988950213457e-05,1.6568258846463251e-07,7.265737881278679e-06,1.5482055111268314e-05,0.0004474211072963493,0
0.8143644625746759,0.18504069407537316,2.3837166943799302e-05,1.5641208907851245e-07,6.980542749155448e-06,1.461578193353167e-05,0.0005492534462354144,0
0.8021097800898336,0.19716167250551528,2.840157068711773e-05,1.449485276092302e-07,6.455028358437806e-06,1.1764987708471089e-05,0.000681780869369555,0
0.8241567741049268,0.17474541230920615,2.8472320135704575e-05,1.4530960018915199e-07,6.47110809226672e-06,1.1794294763428542e-05,0.0010509305532756597,0
0.9086891959574522,0.08994173022078786,1.6683707186361458e-05,1.382189175083615e-07,9.663079498807243e-06,1.0558370515236295e-05,0.0013320304456421307,0
0.9130101385317513,0.08526771547234169,1.5905217686128845e-05,1.4365291407099364e-07,8.926727360766842e-06,1.2357305743460538e-05,0.0016848130922022552,0
0.7787995838245634,0.20669641526615684,3.7913983855429995e-05,3.1726624933967867e-07,2.311145841542773e-05,2.513637712711491e-05,0.014417521823632441,0
0.6957827001480235,0.29766092433049907,3.652673572349982e-05,2.599640382702895e-07,1.6855473508991125e-05,1.962183469763775e-05,0.006483111513509377,0
0.7331046590040295,0.26248999791415945,3.669718386695689e-05,2.611771329203068e-07,1.6099861381760902e-05,1.971339791097143e-05,0.0043325714615186335,0
0.7015643289037736,0.2940969128518019,2.9416754511533693e-05,2.3951323591925753e-07,1.6663740777323962e-05,1.8078227874801774e-05,0.004274360008024923,0
0.7727686128614861,0.2217789893302766,3.6668705788420155e-05,3.266984852641145e-07,2.5245870821255623e-05,2.622360730480999e-05,0.00536393292583758,0
0.7387842556360764,0.2577384889296348,3.0413954326156495e-05,2.316356049423282e-07,1.4528123032241574e-05,1.9139505279740467e-05,0.0034129422160455876,0
0.7512079483846292,0.24680246082479124,2.849653721751467e-05,2.0152876524157083e-07,2.621470074576825e-05,1.863113433702557e-05,0.001916046889514135,0
0.5373555306225286,0.4616363019941138,2.5624889238616932e-05,1.6814256776685314e-07,9.209551955551353e-06,1.2572682514268346e-05,0.0009605921170812631,1
0.5728418443002774,0.4255308850880257,3.9868878451523144e-05,1.9976339494273275e-07,2.2929005511731134e-05,1.9622011595311475e-05,0.0015446509527433428,1
0.4922655672310214,0.5058240697171494,3.9676744585838194e-05,2.8641461368328246e-07,1.912313665040598e-05,1.9616853959480288e-05,0.001831659902019713,1
0.45977214908788705,0.5383729207256737,3.7207939444346965e-05,2.706922411820685e-07,1.7933238170155848e-05,1.7079690496917907e-05,0.0017824386260868756,1
0.36434076534310267,0.6308789440965756,2.4598784854001367e-05,1.0229675462041185e-07,1.6387935037859634e-05,1.7299366559437824e-05,0.004721902177115611,1
0.2663438115110293,0.7330803367755844,2.2441934419853736e-05,1.0409518528097282e-07,1.4791564588206922e-05,8.103070880228143e-06,0.0005304110483126489,1
0.2125094450766787,0.787214320040315,1.6015250500808873e-05,9.120511879912521e-08,8.304282081672477e-06,7.43002958482882e-06,0.00024439411572006335,1
0.24452046744453054,0.7550994994259316,1.549206622414577e-05,1.3327252468134253e-08,1.006273039794928e-05,8.133716177490545e-06,0.00034633128948581386,1
0.3248745427638195,0.6673852944615678,3.133752742124009e-05,2.617975596981293e-07,0.0076829413136732215,1.9906528683128463e-05,5.7156072755811275e-06,1
0.2021326061817421,0.7918338753414468,2.264630660039324e-05,1.9218238698403723e-07,0.005992290285082876,1.339897658466922e-05,4.990726155974092e-06,1
0.3050182626318427,0.693194119803868,1.985604353356313e-05,2.3652974903894883e-07,0.0017425110699117808,2.0108002539779332e-05,4.905918555149023e-06,1
0.24194916138077402,0.7550043365704013,1.998149661228896e-05,1.7923882932380658e-07,0.003006070695564133,1.5664127281693395e-05,4.606490537352485e-06,1
0.1613214753909062,0.8346844183164979,2.221392486493827e-05,1.992642475554e-07,0.003944051386439881,1.9671379379591776e-05,7.970337664193168e-06,1
0.16730820974435676,0.8282301309805009,2.3038296615764647e-05,2.0665906038713062e-07,0.004409746802127668,2.040139577961659e-05,8.266121558973465e-06,0
0.27477705649446793,0.7188061222466745,2.045824814811762e-05,2.0127824417503838e-07,0.006370886564710856,1.3618779850231057e-05,1.1656387904219664e-05,0
0.15481335365811352,0.8204281253997583,1.567860064365311e-05,1.761280976420891e-07,0.024714034243104182,1.0970235746120867e-05,1.7661734536869957e-05,1
0.11400778516842874,0.8827288964391782,1.4543640780019954e-05,1.3965404496242246e-07,0.0032049523895733975,1.1595147468453285e-05,3.208756052623212e-05,1
0.2959096647483768,0.7040304490967279,2.912470486090599e-05,1.6218402131949838e-07,1.264125325549105e-05,1.2448252638605298e-05,5.509760119092946e-06,1
0.3452830419636749,0.6546198511336908,4.662208764244904e-05,2.5531684059268575e-07,2.1465210867923344e-05,2.0842155706928052e-05,7.922131576628541e-06,0
0.29486539884197976,0.7050608462778926,2.8086875542636498e-05,2.412031485217194e-07,2.1502864151749244e-05,1.5115968796412335e-05,8.807968488248207e-06,0
0.16272787709165773,0.8372239835184371,1.960418826109375e-05,1.1049344347359987e-07,7.675711265578524e-06,7.0043859118783525e-06,1.3744611023131008e-05,1
0.3436230902361724,0.6562857482920043,2.5066895494175137e-05,1.4128244247893937e-07,1.0186055978694552e-05,8.956158108437362e-06,4.681107979951347e-05,1
0.43982464419894635,0.5600869313831458,2.6785383588078437e-05,1.6301612028990626e-07,1.2168817290098408e-05,1.0333896568627644e-05,3.89733043407549e-05,1
0.7145302164687626,0.28505246621295066,3.431213874578834e-05,1.8291090331202603e-07,1.4321318613520111e-05,1.1600668239546343e-05,0.0003569002817843923,0
0.8883414354387856,0.11070135152088341,2.2591076484398656e-05,1.7109932737278503e-07,1.126515748752219e-05,1.0618382127329178e-05,0.0009125673249042286,0
0.9112622120367379,0.08517774301591757,2.157512960089118e-05,2.0867044186704973e-07,1.4603316796212061e-05,1.2244318965791117e-05,0.0035114135115396007,0
0.04716671656420377,0.6910890344073365,1.4206809488733073e-05,4.494990951908686e-08,8.547192898306433e-06,4.369328306869185e-06,0.26171708074785627,1
0.016682957210357025,0.002841399128789881,6.290499696555597e-06,4.003413871158943e-08,3.0929682692185225e-06,2.0969420739147996e-06,0.9804641232166746,6
0.040396699684153645,0.0021545918454725296,3.886134059302103e-06,2.5025738635928062e-08,1.8309102292670026e-06,1.871669718353983e-06,0.9574410947306283,6
0.03496520457373174,0.002507991490778292,4.21737623200327e-06,2.3442131533570844e-08,2.0134302630473477e-06,1.8836683208549018e-06,0.9625186660185424,6
0.10244771663693902,0.008062761915067105,1.0279810288468571e-05,5.740910345818453e-08,6.1226051602700906e-06,5.17003218459952e-06,0.889467891591257,6
0.3350933412772602,0.079395984462224,1.5304030030276342e-05,1.0955570314386431e-07,5.834603552577865e-06,8.764764006872779e-06,0.5854806613072231,1
0.7484139729835367,0.24979493892605276,3.871730883312034e-05,2.4146409857112036e-07,1.1549480486731204e-05,2.183184578908782e-05,0.0017187479912030553,1
0.7440957330028402,0.25584189676705854,2.428569650820683e-05,1.7508143928053092e-07,7.289665334202871e-06,1.4495222952628711e-05,1.6124563866684044e-05,1
0.5125967233839025,0.48732250908896907,3.349372783979702e-05,3.631835973554802e-07,1.7715151264077346e-05,2.409376214774958e-05,5.101702279354494e-06,0
0.5174083797660589,0.48249591433551875,3.3161995469446854e-05,3.595865132626228e-07,2.72388021712349e-05,2.989434084623651e-05,5.051173422189178e-06,0
0.559846901954897,0.44007792886393077,2.5556224600692066e-05,2.3278350345510395e-07,2.1860171613862726e-05,2.2125955209828684e-05,5.394046244466449e-06,1
0.5717708791491666,0.4281594650067189,2.3051566808004188e-05,2.0616630708029986e-07,1.782666836981807e-05,2.4151660408585568e-05,4.41978222081893e-06,0
0.8327000479959876,0.16727415111404026,1.0587921790814567e-05,9.910739697887866e-08,3.362541983125059e-06,9.552692769181203e-06,2.19862603196831e-06,0
0.7458566881939892,0.2539160768357211,2.2588236194075025e-05,9.437042560287701e-08,1.0872743074947482e-05,2.0624129855696404e-05,0.00017305549073938533,0
0.27775007812307856,0.7221173947182549,3.476945305447948e-05,2.3794229795037813e-07,2.455566287939216e-05,2.402924475289845e-05,4.8934855681806596e-05,0
0.47847890062860443,0.5214422897475098,2.507352616972487e-05,1.0679813261993994e-07,1.627663106958289e-05,2.0175239577513494e-05,1.7177428936156323e-05,0
0.5328500816410576,0.4670897938084178,1.6988406833985223e-05,8.494538851907125e-08,1.3806147750529405e-05,1.558242051369077e-05,1.3662630038047159e-05,0
0.5735210709061451,0.42627916206097904,1.4951129804943424e-05,7.475860111492606e-08,0.00015900320734441568,1.3713751622037856e-05,1.2024185503205489e-05,0
0.23603920965195438,0.7556931005033329,1.8942772900382946e-05,1.699212278585385e-07,0.00823026064908208,1.4471078684622685e-05,3.8454228178542214e-06,0
0.2061125867275665,0.7755270926913672,1.7584493266682603e-05,1.7219373191538455e-07,0.018318082113350717,1.7133104593223216e-05,7.348676123662213e-06,0
0.15648847981789304,0.8208490093554445,0.0002256322572957892,1.822567587799422e-07,0.02148506917597743,0.0009366621662153417,1.4964970415030538e-05,0
0.19556554149312536,0.7854674958778883,0.0002405342962607831,1.9992004573607964e-07,0.017827743814813377,0.0008867424227096116,1.1742175156641428e-05,0
0.23644050984551482,0.5878755324265227,0.0007496587126738243,3.0768546857957096e-07,0.16732484922758964,0.007604774107777677,4.367994452970097e-06,1
0.48393361878136915,0.5041711777520494,0.0007973529624038842,2.712601121286691e-07,0.007384293575027965,0.003704048940998108,9.23672803932071e-06,0
0.5201662184329056,0.47647929365896463,0.00017915092165530252,1.599106417147249e-07,0.002085306301122408,0.0010746045340843278,1.5266240626102237e-05,0
0.8045055350128519,0.19534738123360673,5.944638909201047e-06,2.8744438200494733e-08,0.00012644314465332215,4.7513165911446515e-06,9.915908949523617e-06,0
0.7647530396317466,0.23493869435974393,6.502745145794947e-06,3.144307986269114e-08,0.0002856875775393824,5.197389003961108e-06,1.0846853740410872e-05,0
0.7585861852609453,0.24133281680329965,8.84768491961659e-06,3.609643411210727e-08,5.107339596690287e-05,5.966565952054803e-06,1.507419248269446e-05,0
0.420349546057113,0.5795662895625061,1.6833183914095985e-05,6.867535627370425e-08,1.206972307173501e-05,1.1351704193697042e-05,4.384109384510595e-05,1
0.2685731842947866,0.7313138683300129,2.1500172575193896e-05,8.650665081136465e-08,2.8648557683689536e-05,1.3371419635606318e-05,4.9340718655285765e-05,1
0.14926230949801472,0.8506680437806562,1.9714700393441552e-05,6.535323620881396e-08,1.4158590266564783e-05,1.0243480806193416e-05,2.546459662654553e-05,1
0.16509909103385276,0.8348593984857808,1.594089745528383e-05,6.413872469912366e-08,1.3017519302215749e-05,1.0052707067641263e-05,2.435217816520935e-06,1
0.16442415385686066,0.8355091470020997,1.925229445366049e-05,6.4188642135865e-08,1.3358173014465196e-05,1.0060530817980583e-05,2.396395411154713e-05,1
0.1433446722104904,0.8565903279557819,1.6355830219911734e-05,6.580822031151116e-08,1.3695220267076341e-05,1.031437348556231e-05,2.4568601534982215e-05,1
0.18837992783996885,0.8115139047473167,1.5876178736378286e-05,5.888744446252952e-08,1.1887087029386815e-05,1.0969722221041916e-05,6.737553728301274e-05,0
0.8332599666226477,0.16668487304755247,1.6116813961133053e-05,1.3649120490433613e-07,8.184004823639255e-06,1.140434717601143e-05,1.931867263419348e-05,0
0.8298961967874506,0.17004629331024396,1.6051752329933275e-05,1.3594020639700613e-07,9.221833374609326e-06,1.2859690908015742e-05,1.9240685486285324e-05,0
0.754603073706431,0.24533387834315648,1.801420525550773e-05,1.7196808305326128e-07,9.782100086103681e-06,1.3082548217888248e-05,2.1997128770085557e-05,0
0.7578809350489082,0.24205574313161282,1.8092455754452094e-05,1.7271508177513435e-07,9.82459178649259e-06,1.3139376477086665e-05,2.2092680379339943e-05,0
0.7528620165372057,0.24708596820789025,1.8869332459851202e-05,1.4227954191491677e-50,7.853094402228682e-06,1.5561375326154937e-05,9.731452715648778e-06,0
0.7278453244403538,0.2721129297362464,1.428198509046795e-05,1.6298858792853688e-07,8.096819752027168e-06,1.56012315937111e-05,3.6027983755485874e-06,0
0.3350476174802253,0.6648877022846664,2.7937461944331078e-05,1.995744097956796e-07,1.3329277309957465e-05,1.82591657922162e-05,4.954755651834191e-06,0
0.25531660101248,0.744616677826208,2.8916878959564653e-05,2.688361042359602e-07,1.3643008465845554e-05,1.8473928182033424e-05,5.418509600377599e-06,0
0.8449464901103715,0.1494166268131576,1.290324982249127e-05,1.2954085987450095e-07,0.005601874567181867,1.9283892824067165e-05,2.691825782679504e-06,0
0.32651287406316293,0.6663940985319009,2.477760991558509e-05,2.487522863042688e-07,0.00703607299761958,2.6759036521965366e-05,5.169008592524474e-06,0
0.9009001310623902,0.0903643252466278,1.1026308421432109e-05,1.7431587845923955e-07,1.1394179750527188e-05,8.493645016294292e-06,0.008704455241915461,0
0.8249195651992073,0.17076783941411702,1.4459468567669354e-05,2.1239536495114678e-07,1.0034498558315584e-05,8.704020273567867e-06,0.004279185003911299,0
0.7706101055351099,0.22573499608379596,1.3571982415981178e-05,1.9026074318957543e-07,1.0681153525676167e-05,7.713599775357825e-06,0.003622741384634047,1
0.7288577173300324,0.26776575434624833,1.3857945805524294e-05,1.8060456441193277e-07,1.2526817722728304e-05,8.649122018937717e-06,0.00334131383360791,1
0.6782872692683332,0.3189011765654003,1.0608767028247677e-05,1.4602457630360502e-07,6.247094775863561e-06,6.9930922417490915e-06,0.0027875591876443365,1
0.642313816945271,0.357358578385091,2.3760081594000687e-05,2.2001029256729528e-07,1.547730592126377e-05,2.1577449569631034e-05,0.00026656982226068324,1
0.7000011826908119,0.29958118355930385,2.589401750024603e-05,2.5159095631554976e-07,1.6003785162417588e-05,2.3515359345726245e-05,0.0003519689969193374,1
0.8622188406495812,0.13744208333248945,1.8204734582831304e-05,1.7489368056240146e-07,1.1166049964793168e-05,1.2263662285098588e-05,0.00029726667741609124,0
0.8872983397652109,0.11230011559943325,1.555379714942656e-05,1.274158297802081e-07,5.587612009732898e-06,1.1054170902168363e-05,0.00036922163946496344,0
0.8268030531811243,0.1720940335758455,2.4764650708961888e-05,1.4577617374242865e-07,5.5707222814588925e-06,1.3015005010235834e-05,0.0010594170888560172,0
0.8778971145451813,0.12029457250897536,2.7396408634333775e-05,1.825367110510783e-07,1.4442841005269154e-05,1.2547015645371182e-05,0.001753744143847398,0
0.829015316995381,0.16837023874621962,2.9564312145567064e-05,2.3348142362335619e-07,2.136951686915272e-05,1.623125172951938e-05,0.0025470456962317545,0
0.927712972788554,0.05427408226842418,2.7827068668360264e-05,2.3285840232967047e-07,1.447650385450245e-05,2.1447810705043597e-05,0.017948960701392045,0
0.7312125053004803,0.2601784977435199,3.150260793459154e-05,2.891064560923552e-07,1.7900367591145173e-05,1.9360100539602042e-05,0.00853994477347851,0
0.8434936542892395,0.15274936950917498,4.193222037758289e-05,2.7364885408539997e-07,2.010981720939146e-05,1.8992434161163452e-05,0.003675668080983075,0
0.821345340405714,0.1766950475634818,2.6974799061121032e-05,2.0510982967010585e-07,1.1234333209186965e-05,1.6973473263298225e-05,0.0019042243154405807,0
0.5124598111709966,0.4860849554013181,2.6775164723124847e-05,1.752159367948069e-07,1.0374037050854898e-05,1.3493549167578597e-05,0.0014044154608071862,1
0.45677725952829573,0.5385526520624543,2.8059960026080378e-05,1.1669043257555824e-07,1.8693801535385294e-05,1.9733476145890845e-05,0.004603484481110042,1
0.4014207577310206,0.5971428859187562,2.4372353292780616e-05,1.1207081386387185e-07,2.2765563303295874e-05,1.770281605646844e-05,0.001371403546756803,1
0.21051744907872333,0.7891609080386801,1.586512863261449e-05,9.035019100250261e-08,5.374993810249632e-06,7.360382848928079e-06,0.0002929520271136357,1
0.22094803496666118,0.7787733364184601,1.2126112359836749e-05,6.924386329875552e-08,7.276716029616753e-06,6.072453691029457e-06,0.0002530840889349681,1
0.2612799599156812,0.73498444311516,2.280005222441929e-05,2.043628215535336e-07,0.0036935238677240283,1.4790239846865775e-05,4.278446541998088e-06,1
0.33984639471480854,0.6544051427569317,2.9369595329083688e-05,2.505574945590723e-07,0.00569432030502995,1.905185807676807e-05,5.470212329345273e-06,1
0.3510733026762137,0.6428405833755254,3.078625891539444e-05,2.6264331579160357e-07,0.006028273703196068,1.997083817460382e-05,6.8205046590549075e-06,1
0.1922328345149869,0.802578939761008,2.7772547597382065e-05,2.1979194838107524e-07,0.005135703293373341,1.882238059858656e-05,5.707710487272959e-06,1
0.18735834228704476,0.809581727926144,1.666465390262614e-05,1.9861694358518586e-07,0.0030222350830672253,1.5826549426908375e-05,5.0048834710192895e-06,1
0.24189239291958936,0.7559386048334146,2.636232042149072e-05,2.0419669214251693e-07,0.0020865679582082043,2.0543033639197303e-05,3.5324738035034145e-05,0
0.3925316813032614,0.6036070531275727,1.8363813465422115e-05,1.838964025586226e-07,0.003807112440984935,1.2920207169574969e-05,2.268521114342413e-05,0
0.42672126544085215,0.408704567956726,2.7591166385980915e-05,2.56867779019985e-07,0.16451602106634855,1.608374717691383e-05,1.4213754731482029e-05,1
0.12658581705971325,0.8733532397216667,2.6587323140803796e-05,1.5738009878999558e-07,1.5692129688634653e-05,1.1837953892650985e-05,6.668431798862617e-06,1
0.14094400419675693,0.8590058579976052,2.0477255097222233e-05,9.406997969770639e-51,9.073071682958024e-06,9.085146973844586e-06,1.1502331883838892e-05,1
0.32598517355520196,0.6738366071133147,0.0001269334491881554,2.3532785231235004e-07,2.147173221130391e-05,2.09331213721219e-05,8.645700859375258e-06,0
0.32334679777022,0.6765698712723438,4.0909360434240096e-05,2.09987180420906e-07,1.7932346416277845e-05,1.714178156298514e-05,7.1374818422357e-06,0
0.2917496227997391,0.7081594933016705,3.34330503428983e-05,2.7802658464844486e-07,2.3603187567621368e-05,2.0028307426047393e-05,1.3541326669290283e-05,0
0.2849705847850468,0.714937894028819,3.110992525128949e-05,2.281577605793226e-07,1.758580323674754e-05,1.6189629206382946e-05,2.640767067906638e-05,0
0.4970940773881004,0.5028050260901233,3.158060874092674e-05,1.7799513860528394e-07,1.3929128529236231e-05,1.1283444537843282e-05,4.392534482971938e-05,1
0.9103674872123761,0.0850941110599857,2.155394601203195e-05,9.783293324590037e-08,1.4979609405134516e-05,1.2232296854052706e-05,0.0044895380424334955,0
0.9251243042392259,0.06976847656640693,2.061632595726317e-05,6.682112121851683e-08,9.822691471926347e-06,7.486391432610177e-06,0.005069226964384257,0
0.02495230944582414,0.9213109135153141,5.883932839959607e-06,1.7191965450504457e-08,2.9328732262682625e-06,1.9591290726740506e-06,0.05372598391175747,1
0.0686079986583097,0.5146768037238296,2.2897333647558937e-05,6.538346437108443e-08,1.1154129680326451e-05,6.7218703864105305e-06,0.416674358900682,1
0.0857333278790202,0.12554150942685963,3.663253590956595e-05,9.07618005716767e-08,1.5483561529421276e-05,9.330938110245829e-06,0.7886636248967703,6
0.02633561375247629,0.003980869984973607,1.7416053931828567e-05,6.531474947787492e-08,5.046102183056412e-06,3.421109774138682e-06,0.9696575676819116,6
0.03598689406391904,0.0022389106835290977,3.5327021331283565e-06,2.4194523171756655e-08,2.3040283077801866e-06,1.7202223450875827e-06,0.9617666141052426,6
0.035665467947053366,0.0016412141881678856,3.0277749477657922e-06,2.173472031575533e-08,1.3673900162559994e-06,1.4647118855930272e-06,0.9626874362532089,6
0.12644138070971472,0.011349924354488925,1.1506360593103704e-05,6.35996470498074e-08,6.061852380821998e-06,5.464444508552569e-06,0.8621855986786667,6
0.3704979902291874,0.0839336738777903,1.6050538474349647e-05,1.32038560127144e-07,6.1192070727750115e-06,9.236059207118767e-06,0.545536798049708,1
0.7577517204581357,0.24218177451958753,2.6645638753311952e-05,1.8398443928982264e-07,7.660349347338915e-06,1.5070541775610853e-05,1.6944507961528352e-05,0
0.6142790511762339,0.38564998630629105,2.6203356657690462e-05,3.0734481849002334e-07,1.7343123373105887e-05,2.0389392604627632e-05,6.7193000210162505e-06,0
0.6291032034032071,0.37082409444784104,1.908285357315342e-05,1.9966171638951107e-07,2.574962610420921e-05,2.3389670403111056e-05,4.280337154862274e-06,0
0.6084039043419468,0.3915322140262298,2.2485410396795238e-05,2.316808308101022e-07,1.2527689871345131e-05,2.470158263936847e-05,3.9352680850418845e-06,0
0.6454209337713055,0.35451976678991015,1.9878893111977333e-05,2.1807662000523416e-07,1.2247163377140484e-05,2.325111504451045e-05,3.704190630703592e-06,0
0.6334582264055729,0.3664814829654831,2.015212692665347e-05,2.229275305721582e-07,1.1612990929830667e-05,2.38043999081695e-05,4.49818364892134e-06,0
0.6551372534087484,0.3448026504081427,2.008713345722421e-05,2.2220855764707116e-07,1.1575537385908117e-05,2.372762734002598e-05,4.483676368248813e-06,0
0.8248267373556546,0.175145222138644,1.1600240865516818e-05,1.0939942293156678e-07,3.99922877974427e-06,9.904689437653762e-06,2.426947195383549e-06,0
0.8155040472489447,0.18446323655938862,1.46418100112467e-05,1.2555673613300798e-07,4.1143545147766664e-06,9.090304944073847e-06,4.7441654604223415e-06,0
0.7457506327443748,0.2538799717982261,2.258502430956225e-05,1.0613132246657898e-07,1.0499712668649257e-05,2.0621197252960013e-05,0.00031558339184547553,0
0.319894348846871,0.679808727478025,2.8298260135921693e-05,1.9910454338418923e-07,1.4497505686582642e-05,2.330658614335725e-05,0.00023062221859461446,0
0.27524870822244285,0.7244277700997248,3.693771499974425e-05,3.287197817481658e-07,2.182610866975017e-05,2.568246825472535e-05,0.00023874666612624747,0
0.26069607021370894,0.7391445634045024,3.80467145526697e-05,2.515389500222491e-07,3.2628390118861233e-05,2.5766768229447345e-05,6.267296993769987e-05,0
0.176690868558161,0.8231421664770647,4.0886909893719344e-05,2.564997738862953e-07,3.455080202206581e-05,2.590332151479125e-05,6.536743156944789e-05,0
0.31921624041742497,0.6806940477276436,3.23583384086364e-05,2.1353347333955002e-07,2.527658750190185e-05,2.2501379270906128e-05,9.362016276588263e-06,0
0.26219575203040824,0.7377218167194348,2.887127850911011e-05,2.051174153478177e-07,2.6807242383288576e-05,2.1778794866174587e-05,4.768816983073406e-06,0
0.5118270370417247,0.4881119715298814,1.7781392381275598e-05,8.660927654587793e-08,1.697886157257464e-05,1.2666198382910665e-05,1.3478366780551994e-05,0
0.2772226870811224,0.7200226486592549,1.748408855800427e-05,1.5683647855501921e-07,0.002717767691994791,1.5224899045897418e-05,4.030743545363157e-06,0
0.25581344834882064,0.735644224131399,1.922193921913603e-05,1.5025849654025855e-07,0.008504228241217084,1.4912988983524018e-05,3.8140918642023525e-06,0
0.2504443460941921,0.7411543855638684,1.9792807590109085e-05,1.4774117697120216e-07,0.008361754699525529,1.6270827737854108e-05,3.3022659090660076e-06,0
0.17709990218035784,0.8185440322974749,2.010884019173264e-05,1.8038113185220427e-07,0.004311390364279599,2.0354112298565983e-05,4.0318242656912275e-06,0
0.08892623767646816,0.736352607937996,0.00018792501417883248,1.4083212360793473e-07,0.1741264556206593,0.00040348508172723845,3.147836847018647e-06,0
0.12195826688558639,0.8292606071971287,0.00018227892048092696,1.774388595287157e-07,0.04762639064917826,0.0009661063039048286,6.172604861316385e-06,0
0.15976630277663526,0.8170805271164071,0.0002417059398542246,2.3586959945916048e-07,0.020756045480442017,0.0021423036390960056,1.2879177965881217e-05,1
0.6366997310631216,0.36253801612259323,6.642233527912339e-05,1.3113034223782814e-07,0.0005597484244709186,0.00012196491242180879,1.3986011771018958e-05,0
0.7068542111575035,0.293034762838916,8.675982999959567e-06,3.539593142850916e-08,8.635724282066875e-05,5.850776246947129e-06,1.0106605581685244e-05,0
0.46025521000392283,0.5396707973983115,1.7054355974227258e-05,6.601199113633881e-08,2.7112353302844012e-05,1.0911462819794563e-05,1.884841367783096e-05,0
0.46544357686643206,0.5344704180657891,1.7134894910610815e-05,6.632373175924572e-08,1.5500997418003205e-05,1.096299203680065e-05,4.233985968163202e-05,0
0.16796038569314173,0.8319410840693627,1.4954889730611158e-05,5.5470227003473195e-08,1.0927371486388055e-05,9.126747235020759e-06,6.346575881634295e-05,1
0.7750275080399163,0.22486224162452048,2.637922631080704e-05,1.2634657250320731e-07,2.1664819024217795e-05,2.1289678764792198e-05,4.079026489090412e-05,0
0.8168121780160513,0.18312535561266016,2.302701122694218e-05,1.1133461113155343e-07,7.400020151123191e-06,1.9361741790735733e-05,1.2566263508394952e-05,0
0.8218156698647693,0.17812060902267332,2.2701684620472115e-05,1.528834482151169e-07,8.151244954421458e-06,1.5048129080373625e-05,1.766717045397943e-05,0
0.824702586608132,0.1752297807372324,1.904577202372184e-05,1.4873933324117252e-07,7.3968069957938885e-06,1.152959594155283e-05,2.9511740341306343e-05,0
0.8154765008937246,0.18447024502525716,2.0239254900412935e-05,1.663057328483127e-07,6.427945226745846e-06,1.2460593800454868e-05,1.3959981357844656e-05,0
0.8163389517951044,0.18360034921543825,1.8454617580510924e-05,1.3381962229886985e-07,7.343255409640262e-06,9.750029710416376e-06,2.50172671344939e-05,0
0.7120322955807658,0.28789207380493353,2.3438357517636926e-05,2.0774593844300323e-07,1.0242299269869253e-05,1.5168593504156868e-05,2.6573618070614096e-05,0
0.7301036919211124,0.2698248537734021,2.017517130849342e-05,1.9611437425367608e-07,9.62773515157365e-06,1.6369506711812153e-05,2.5085777939309608e-05,0
0.40502631072509,0.5948972553935055,2.677130619114316e-05,1.9527236713863583e-07,1.7384921981350913e-05,2.6442640374187405e-05,5.639740490583702e-06,0
0.26461450479683607,0.7353218937172402,2.690407596135224e-05,1.8762708718985745e-07,1.5827381985107952e-05,1.5919762082698048e-05,4.762638807337486e-06,0
0.783753380230027,0.2151286597920533,2.0420047491680396e-05,1.9557145827287833e-07,0.00107231895648691,2.0702372624343286e-05,4.32302985825076e-06,0
0.46695848927556527,0.5300408325872041,2.5551017942377744e-05,1.8782806453894094e-07,0.0029420449017383884,2.751171934455888e-05,5.382670140799176e-06,0
0.8912274954615205,0.10050927501116225,1.19263070748667e-05,2.0014673890197283e-07,1.2346923668830862e-05,9.7522690785728e-06,0.008229003880755991,0
0.7297900396451551,0.2635573795614453,1.178471190560694e-05,1.7780295718424255e-07,1.227763672091812e-05,9.035808841299187e-06,0.0066193048329747355,1
0.7645835621726855,0.2333555157891905,1.8333128249946133e-05,2.71439880975799e-07,1.421988184974268e-05,1.1601640733714346e-05,0.002016495947409392,1
0.8656307753892584,0.13405664867651762,1.705443684820245e-05,1.672045112195879e-07,8.827705061592806e-06,1.1692108090717615e-05,0.0002748344797121933,0
0.7717589436661715,0.22673405272420027,3.382420293174056e-05,1.9910488305382075e-07,8.224703208865998e-06,1.777623176669834e-05,0.0014469793668380757,0
0.8780319051611867,0.12031304230374054,2.305462795335322e-05,1.8256473738277315e-07,1.2763358321786038e-05,1.254894208975726e-05,0.0016065030419706442,0
0.8884762684808136,0.10960729590081243,1.9831838980937536e-05,1.791174139969783e-07,9.606936293596725e-06,1.4187931512779848e-05,0.0018726297941730199,0
0.7981521768404416,0.1563638147103616,4.621838258739051e-05,3.867579030987959e-07,2.640878325704432e-05,3.1572724914263296e-05,0.04537942180053499,0
0.7487255298302828,0.23168315548851415,4.3988990764480636e-05,3.681022328147071e-07,2.5134928090543606e-05,2.4834826891329002e-05,0.01949698783322387,0
0.8025645777905644,0.18938916473474132,3.295292094990894e-05,2.935928369406241e-07,2.639135665468738e-05,2.7153143622401114e-05,0.007959466460630256,0
0.8232289540516619,0.17158684892721388,4.083771125896654e-05,2.693244461502105e-07,2.0812248856977756e-05,2.1618277500487536e-05,0.005100659459061587,0
0.6258214801315745,0.37227879928312535,2.5426599634052447e-05,1.7606401196172218e-07,1.3550687176638518e-05,1.6452137557497525e-05,0.0018441150969201589,1
0.5699141969820135,0.4285008620090531,2.5598135044715253e-05,1.6796701505248741e-07,1.0534846146163382e-05,1.569552122535167e-05,0.001532944539502139,1
0.5004819120257051,0.49793334034213504,2.542693673651087e-05,2.1361215711758417e-07,1.7834485205763262e-05,1.6573626981805638e-05,0.0015246989710786258,1
0.5008360273768927,0.49750598759898496,2.5444927533811874e-05,2.1376329813231028e-07,1.784710397347522e-05,1.6585353630857468e-05,0.0015978938756859,1
0.4488140794297239,0.547607154851637,2.4550666378136682e-05,1.6299001224999857e-07,2.006006770533583e-05,2.4251215690196835e-05,0.0035097407788531303,1
0.43145948258413497,0.5678312489402291,2.8134452517575463e-05,1.8872496504051821e-07,1.4108221246310441e-05,1.6550544062007857e-05,0.0006502865328449576,1
0.27360306720790295,0.7260106507248761,1.9035287410043522e-05,1.0840390223810903e-07,6.449021270144331e-06,9.199860755848548e-06,0.0003514894938827828,1
0.18107135727109058,0.8186859551480203,1.2342032249158386e-05,7.028653828738239e-08,9.669869135747315e-06,5.667407159868659e-06,0.00021493798580610198,1
0.33901731055772694,0.6590233148223064,2.591139449371257e-05,1.8739500887488336e-07,0.0019067390236829967,1.8008327936917843e-05,8.528478844100815e-06,1
0.27538825331273387,0.7005496819509472,3.9786300775227575e-05,3.148687939268149e-07,0.023987539813984576,2.6247020494291117e-05,8.17673227089793e-06,1
0.18764140317736272,0.8103537477895125,1.7768414166697472e-05,2.0396334994533764e-07,0.001965831267127722,1.5748726068172398e-05,5.296662412236781e-06,1
0.2852763470497038,0.7135403735986535,2.0543526412275142e-05,2.1172149035933697e-07,0.0011410248530649473,1.6360132704993752e-05,5.139117970234645e-06,1
0.18569219416413227,0.812301749655153,2.5495799828825105e-05,2.0116496678938454e-07,0.0019499435496508938,2.1172656484053594e-05,9.243009784106321e-06,1
0.33839384908279235,0.6603189870893795,2.581486692103202e-05,2.0368244501867402e-07,0.0012043033249558527,2.0116426440134078e-05,3.6725527066022484e-05,0
0.4886032570870894,0.5101460918436593,2.0754339562869195e-05,1.8617141642681483e-07,0.0011895043629441661,1.3855892022211927e-05,2.6350303305729616e-05,0
0.24202589959725937,0.7538739399597048,2.1274853608435563e-05,2.083310780260614e-07,0.004052208676181561,1.550513487732345e-05,1.096344729054563e-05,0
0.4877196397992383,0.5085794188705426,1.5787025536689716e-05,1.7005394423794784e-07,0.0036418718561716037,1.1107259443114421e-05,3.200513512348707e-05,0
0.38415191083661687,0.6000552720303437,2.2887229304659112e-05,2.422131128334401e-07,0.01574434938545792,1.5931969609345295e-05,9.406335554617239e-06,0
0.37841384039820364,0.4559377364613275,2.769282765716528e-05,2.848498990090983e-07,0.16558686507929612,1.782649941994771e-05,1.5753884196820765e-05,1
0.0773596339793576,0.9225779412959499,1.7555037994693475e-05,3.4411475286400255e-94,1.6425606085466374e-05,8.502475445286528e-06,1.9941605167001564e-05,1
0.37557401932545215,0.6243322044005762,4.495021257387494e-05,2.4616114032358483e-07,2.069546518070766e-05,2.0094752871409683e-05,7.789682205299202e-06,0
0.3118529049968728,0.6880339251273312,5.503093307503823e-05,2.403035768589857e-07,2.0203003208171934e-05,2.1708840549845773e-05,1.598679538610845e-05,0
0.4735980490955412,0.5262969712250146,4.722290247080585e-05,2.458535312120806e-07,2.1110917917628174e-05,2.0893808333458428e-05,1.5506197190974636e-05,0
0.29866515375752817,0.7012689278536218,3.048573663348353e-05,1.7182420269590558e-07,1.2358518497459026e-05,1.089225737607217e-05,1.2010052140322784e-05,0
0.4860515260462201,0.5138549130806209,3.810154168748068e-05,2.1474852652061677e-07,1.4918058777619014e-05,1.3613310495812689e-05,2.6713213671557295e-05,1
0.574247400896432,0.4256756490516002,3.0903308219234375e-05,1.741777264323568e-07,1.3164624281114943e-05,1.1041451644841695e-05,2.1666490096112055e-05,1
0.6728797368898497,0.32702764488729985,3.449872885143514e-05,1.7801956355121233e-07,1.8789486306023204e-05,1.1284531592488203e-05,2.7867456536934436e-05,0
0.7517725953084922,0.24787978951904838,2.9987275295758184e-05,1.7359286754557784e-07,1.4192186568196485e-05,1.1009695041046563e-05,0.0002922524226869949,0
0.8471570459181564,0.15117944174701264,2.39535373141231e-05,2.010158405913685e-07,1.4067627283230236e-05,1.179516393100613e-05,0.00161349499046204,0
0.5651464646854927,0.41239159651293344,1.946772992812293e-05,1.7214320900345976e-07,1.289791034008358e-05,1.0100981911832702e-05,0.02241930003618496,0
0.01977286485707332,0.9301511323459335,6.412015880677719e-06,1.873494454934228e-08,3.196098632386106e-06,2.134960929698454e-06,0.05006424098660592,1
0.05078099169749207,0.6142319236144725,1.7012679037494103e-05,4.85798001997178e-08,8.287498933929845e-06,4.994337994800994e-06,0.334956741592269,1
0.03525418810125843,0.011169279312736664,1.396799123601728e-05,8.889540189806764e-08,6.867904898140236e-06,4.656238760637057e-06,0.9535509515557081,6
0.030198396753659984,0.0015595224063545575,3.0340498162292088e-06,1.9135740257165595e-08,1.6293173906593726e-06,1.3605446053425237e-06,0.9682360377924331,6
0.05221087574116932,0.003088494673081943,5.090448395185497e-06,2.8449340006055496e-08,1.983751570931565e-06,2.012018393537475e-06,0.944691514918049,6
0.023334711149064373,0.001352470211471147,2.4730279022295685e-06,1.7752498357806165e-08,1.1040089736794267e-06,1.3011527734129676e-06,0.9753079226973168,6
0.05328806814692001,0.003517791041167043,6.128238347385909e-06,3.263802115453197e-08,2.876678835062699e-06,2.4961305390950727e-06,0.9431826071261703,6
0.09284549037514822,0.006963258914850148,9.323663212627927e-06,5.514360648800537e-08,5.254745087420992e-06,3.7158673025956654e-06,0.9001729012907925,6
0.8252959700468497,0.1670062404826566,3.247957109942866e-05,2.2954863320873288e-07,1.306755385351199e-05,1.751322963756461e-05,0.007634499567269739,0
0.785301040675272,0.21452674932413474,3.8076601521149615e-05,2.346681122162462e-07,9.773503758233256e-06,1.9724950842429667e-05,0.00010440027635928535,0
0.6523739536740675,0.34755586527726307,2.7313645141515257e-05,3.100486944864318e-07,1.795919402176511e-05,2.0568768946535247e-05,4.0293918652786e-06,0
0.6374140351114941,0.36251889366953305,2.1287239943315072e-05,2.1090687587332876e-07,1.8291247014807932e-05,2.3078452622390324e-05,4.203372516392745e-06,0
0.7943716721860682,0.2055958144582157,1.2963371838851706e-05,1.1982215955345466e-07,5.061022242662038e-06,1.1520245402106588e-05,2.8488940730965575e-06,0
0.7809681829979082,0.21899668626643828,1.4812267874668022e-05,1.2763224753696562e-07,5.522603067242918e-06,1.1633645582023446e-05,3.0345868819184593e-06,0
0.780412780859101,0.2195528188363317,1.5203049716275239e-05,1.3186690487529923e-07,4.92506537390749e-06,1.121495051446192e-05,2.9253720575035333e-06,0
0.8018026194293283,0.19816124887712375,1.5878328341014814e-05,1.3742750652068864e-07,5.132746949869999e-06,1.1687865779612441e-05,3.2953249708404407e-06,0
0.8103647761988317,0.18960197547298363,1.5004278174008497e-05,1.2866498022533956e-07,4.140927915367182e-06,9.112846548110911e-06,4.861610567069429e-06,0
0.7688400275754766,0.23112142799198238,1.7542467901072768e-05,1.5043051451186083e-07,4.513096345562342e-06,1.065441577419977e-05,5.684022005674882e-06,0
0.5732592872576651,0.4263212759658789,3.0763854087926336e-05,1.7673147515641384e-283,1.2300536400955707e-05,1.8080596220287496e-05,0.0003582917897468614,0
0.47913866145134926,0.5203472734895059,3.6220280169844155e-05,2.0807742510738871e-283,1.4417294814714455e-05,2.7997550390738343e-05,0.0004354299337694792,0
0.5386453711653286,0.46080570539422755,4.790126496910286e-05,1.5312935629028032e-07,1.568527902562086e-05,3.5462893183078206e-05,0.00044972087390976565,0
0.24569898244524344,0.753930141137555,3.342832455461734e-05,2.334278136044061e-07,2.9244422627557323e-05,2.3911526906347335e-05,0.00028405871529946187,0
0.21589927843787726,0.7839603218395026,3.787856180966048e-05,2.5653004530550963e-07,3.061636871943164e-05,2.989239702360483e-05,4.1755865022184066e-05,0
0.26258850651114735,0.7351832430489731,1.7852228609425425e-05,1.6013878333850333e-07,0.0021905769885006646,1.554547023833013e-05,4.115613747840835e-06,0
0.12495448695799406,0.8618163004222791,2.451885024996e-05,1.7199001127344472e-07,0.013178269851622269,1.9457317007363973e-05,6.794610836101573e-06,0
0.09782164507970849,0.8882254568273202,0.0001325493378836076,1.7726248382799934e-07,0.013264376537927032,0.0005392657988579323,1.652915581885626e-05,1
0.6493890780722426,0.3499405354862594,1.357138216772206e-05,6.232495387257898e-08,0.0006313210968933198,1.1267116278931287e-05,1.4164521204085574e-05,0
0.8290639324832233,0.17077690217860064,6.313189904296516e-06,3.152390777151654e-08,0.00013893684124620956,5.210749466306944e-06,8.673033651356642e-06,0
0.36219126650739764,0.6377354411730953,2.0237289749022433e-05,7.274907782300111e-08,2.2120276423741666e-05,1.2025070660276466e-05,1.883693359610389e-05,0
0.28145880036159554,0.7184407885204314,2.4874739687082218e-05,8.245850588444364e-08,2.859549279494902e-05,1.5124838211591627e-05,3.173358877360082e-05,1
0.17864271814512658,0.8212233659348729,2.1346227093709043e-05,7.619218150808597e-08,1.5296046368616365e-05,1.1942379507670405e-05,8.525507484922576e-05,1
0.16489685977193766,0.8349823735938936,1.9433258030547997e-05,6.936412306760037e-08,1.2777030117226509e-05,1.0872148106195494e-05,7.761483379172699e-05,1
0.19300641404612204,0.8068757748921114,1.8779109150037073e-05,6.70292359693605e-08,1.345652901841981e-05,1.0506177382128685e-05,7.500221698006888e-05,1
0.19321785242270872,0.8067356119073009,1.734484878381097e-05,6.190985699556721e-08,1.2675331082018934e-05,9.70336812737566e-06,6.7502121401106985e-06,1
0.21952451281346516,0.780394642420957,1.7381579666179513e-05,7.033889997685276e-08,1.3928473146790273e-05,1.1024484198032097e-05,3.8439889666805025e-05,1
0.24811807070797487,0.7518040463612814,1.6744786823044196e-05,6.776195881503051e-08,1.3418188570473163e-05,1.0620590376446645e-05,3.703160301502494e-05,1
0.16787337367553593,0.8320495968810432,1.6561287522947464e-05,6.701938310193576e-08,1.3271144105991877e-05,1.0504203651354987e-05,3.662578875733816e-05,1
0.17013792315165843,0.8298134829579106,1.2140779025090305e-05,4.913069225511904e-08,9.97802961704471e-06,8.083677206981456e-06,1.8342273889797223e-05,1
0.15911531076436508,0.8408178483035486,1.3457375625444553e-05,5.0203717750082016e-08,9.941314617959186e-06,8.260226556034016e-06,3.5131811569201903e-05,1
0.8569040457296483,0.14291847116633935,2.0612019564743063e-05,1.4826586203010788e-07,6.472840193287133e-06,1.0340829177751934e-05,0.00013990914921450633,0
0.6658972505006228,0.33401139009830066,2.679288094532533e-05,2.3747876494288798e-07,1.1590680852417344e-05,1.9126125053380563e-05,3.361223546029734e-05,0
0.7356252757199664,0.2643079595376052,1.8693129204535836e-05,1.8170806486522075e-07,8.950723765298344e-06,1.4556891546236069e-05,2.4382289847341035e-05,0
0.7085001184176479,0.29144044253296664,1.9495535909090578e-05,2.0364729088546272e-07,1.0510224555178295e-05,2.108398734108476e-05,8.145654289056727e-06,0
0.3944623562704547,0.6054664770981547,2.6058839956412824e-05,2.953466497669582e-07,1.595597293987224e-05,2.3736483419947926e-05,5.119988424381088e-06,0
0.31985873072460863,0.6800749980091185,2.6325063985155393e-05,1.9336686016925831e-07,1.7326454058757403e-05,1.7885346163868145e-05,4.5410352047959344e-06,0
0.27569659228133053,0.7242355578650402,2.6689428055918204e-05,1.895095744593567e-07,1.8991896501409602e-05,1.7528568947161287e-05,4.450450550381589e-06,0
0.3054549621663365,0.694456346844643,2.9057157187628304e-05,2.2837581764312314e-07,3.5115283232986406e-05,1.9304234462649078e-05,4.985938319642598e-06,0
0.8341742855976527,0.16574477171740123,1.3755268082943778e-05,1.1522924577323657e-07,4.701877955972629e-05,1.7537704258783894e-05,2.5157037989989444e-06,0
0.8536258976578237,0.14565432264542938,1.4099396737446947e-05,1.3503590438924334e-07,0.000681588659659711,2.1008478425964914e-05,2.948126019515956e-06,0
0.3873114481962933,0.6107354209830398,2.2409118237854568e-05,1.6473164850546134e-07,0.001902407006779742,2.3429177850796192e-05,4.720786149990594e-06,0
0.38678069851229974,0.6105557395826001,2.2723666976054836e-05,1.6704392744607187e-07,0.002616630113425062,1.9254030643174822e-05,4.787050128386874e-06,0
0.26998524546363106,0.7253791603487137,2.532860228101633e-05,1.5697869710566414e-07,0.004587261078859408,1.7510489163843973e-05,5.337038653846731e-06,0
0.8933290602031547,0.0988984102250174,1.1771715583046346e-05,1.975523915691728e-07,1.4244928085043046e-05,1.0026767793021178e-05,0.007736288607975244,0
0.8669957383316219,0.12600110597362918,1.1618896713669043e-05,1.861914501279997e-07,1.229487212353489e-05,9.072289320023606e-06,0.006969983445141645,0
0.8643113538991892,0.12926760736750453,1.2032323527253306e-05,1.9203729772747476e-07,1.2631841009637677e-05,9.357131726625754e-06,0.006386825399744932,0
0.8563843307748806,0.13512175891082465,1.1060616343967394e-05,1.7652873687154838e-07,1.1746857615466037e-05,8.601467860613473e-06,0.00846232484373793,0
0.7486936603919048,0.24622633471874458,1.163437489505599e-05,1.7553473329686183e-07,1.3786558900903138e-05,8.920539456693828e-06,0.0050454878813647125,1
0.7786659364325934,0.21867820276932212,1.2367401954210642e-05,1.8982274810919436e-07,1.559741834594088e-05,9.646645324731264e-06,0.0026180595097115415,1
0.8317939742618653,0.16577067841454537,1.4123299883757571e-05,2.127717033732214e-07,1.1276165164263497e-05,9.094097934181741e-06,0.002400640988903872,0
0.8691579077883892,0.13078868827277493,1.837372849155026e-05,1.5919374167638882e-07,5.032421340096637e-06,1.2684009203607437e-05,1.7154586058727778e-05,0
0.6539651318359981,0.3456580050777793,2.501748190948607e-05,2.3545785079778915e-07,1.201688810844734e-05,2.554597196000619e-05,0.0003140472863937652,1
0.6716948211406191,0.3279038492828135,2.4729598042099576e-05,2.3274836480957398e-07,1.1878606076901279e-05,2.2826732538235855e-05,0.00034166189154532514,1
0.6926016805270523,0.30698378453694897,2.520633443140353e-05,3.158520471038849e-07,1.325200021901381e-05,2.3266785548048617e-05,0.0003524939637530575,1
0.652155467954955,0.34739147329871856,2.6622307946672018e-05,2.5812272629523527e-07,2.1466637777022344e-05,2.476076781081411e-05,0.0003799509100655958,1
0.8656252103869584,0.1340557868476878,1.705432720794591e-05,1.6720343628843254e-07,8.82764830968383e-06,1.1692032924018061e-05,0.00028126155347595223,0
0.8308151620673303,0.16882982779776237,2.3543512666360147e-05,1.5448522087687627e-07,9.50340721879356e-06,1.4835236836548907e-05,0.00030697349296492316,0
0.7813533554396102,0.21794679407662776,2.9978460495195388e-05,1.7646706658764455e-07,1.0832321452904675e-05,1.3813046508103917e-05,0.0006450501882391643,0
0.8276943647670868,0.169738546236871,3.0143609507423698e-05,2.3537887523505887e-07,2.1958554030855124e-05,1.7796632186121076e-05,0.0024969548214423256,0
0.7669710054133237,0.21319924388598357,4.060689192648376e-05,3.726584999618447e-07,2.5446041245791044e-05,2.500897834661425e-05,0.019738316130673693,0
0.7111005509256483,0.27678708412471736,3.507043536505229e-05,3.2184920382013876e-07,1.9918631272388964e-05,2.155272846123592e-05,0.012035501305331934,0
0.6069433045743263,0.3851445585061352,2.9951893774519945e-05,2.6270940463924376e-07,2.274983997410357e-05,2.0431300810072592e-05,0.007838741175575002,0
0.5882257457624194,0.4034171111841543,2.8885339376847783e-05,2.7177475478630385e-07,1.5849652615816714e-05,2.6247906865517395e-05,0.00828588837981324,0
0.5887734020142005,0.40999426127842953,2.1653593678423717e-05,1.656758411137984e-07,1.2751166298241777e-05,1.4888647127082127e-05,0.0011828776244250491,0
0.7373968588918071,0.2622335158901042,2.726451117717349e-05,1.9281582286684554e-07,1.0560962414983788e-05,1.5956106147789578e-05,0.00031565082252588687,1
0.3692444667540163,0.629928877200615,2.724690187775782e-05,2.7567393392128746e-07,1.7577585606394385e-05,1.941545702594173e-05,0.0007621404269247592,1
0.6002861181388112,0.3977580798326961,2.338181712679002e-05,2.437938252010671e-07,9.336660207409192e-06,1.4055194446993944e-05,0.0019087845628862703,1
0.6197555592191305,0.37855800539557216,2.2778200142797007e-05,1.7357606858115923e-07,1.0886644479495003e-05,1.4538282360449689e-05,0.0016380586822458557,1
0.6300130507039068,0.3684527392450352,2.2359253051356207e-05,1.7648661165816207e-07,1.2715971472003811e-05,1.3724169297052278e-05,0.0014852341706258604,1
0.5582894401719682,0.43967124808456565,2.5010174111227717e-05,2.1014752176253738e-07,1.06444547515931e-05,1.305602514428835e-05,0.001990390941937156,1
0.4989419854670613,0.4978654409937894,2.433490829075344e-05,1.7419194414676345e-07,1.292245909709984e-05,1.6176636315685627e-05,0.003138965343501489,1
0.5158988519850842,0.4809747561424734,2.549892035639987e-05,1.0604006719298401e-07,1.8420194322985566e-05,1.793239677217301e-05,0.0030644343209236397,1
0.3255057190121473,0.6737736409462887,2.1362631349384583e-05,1.4573651645556182e-07,1.3679091961585822e-05,1.105727723348061e-05,0.0006743953045029624,1
0.3712053594989247,0.6286369208670741,1.899511437356784e-05,1.6340795427472635e-08,5.640804031052662e-06,1.0804060815166042e-05,0.00012226331398608453,1
0.17373986041421108,0.8261587424147108,1.6466542200504243e-05,1.9060390134545248e-07,5.966516637726823e-05,1.5338892676635832e-05,9.735965922136283e-06,1
0.5306712696951057,0.4692723750883107,1.6253275898844388e-05,1.5915796892339915e-07,1.7734581347681566e-05,1.449451848911608e-05,7.713682878748295e-06,1
0.4970127777432034,0.5028912931860398,1.754207614157803e-05,1.7436594225419418e-07,5.033807349351624e-05,1.5142905400601831e-05,1.2731649778940388e-05,1
0.3197701549487894,0.6794757723052637,2.4469273267530084e-05,0.0,0.000676829227143734,1.7796088803927967e-05,3.497815673168384e-05,1
0.30788584525996215,0.691821204251877,2.5491257580671087e-05,2.0675411050461072e-07,0.00020948127718234508,1.9797121894606063e-05,3.79740773925935e-05,1
0.4517197717444932,0.547064477534839,1.7484977276268256e-05,1.7121923526570455e-07,0.0011643611986911885,1.2611952508489388e-05,2.1121372956602176e-05,0
0.3363844819105909,0.6610087273232049,2.0338685712697484e-05,1.991637826583898e-07,0.002558812912948024,1.4670338670773402e-05,1.2769665090123338e-05,0
0.2817032953901253,0.7115249259085805,2.1425387230474718e-05,2.145551980545117e-07,0.0067249882931971,1.716689921687459e-05,7.98356645185223e-06,0
0.4589532381922817,0.5343814759987005,1.8804405441317257e-05,1.9900502224602366e-07,0.006620200908102001,1.3027862660115895e-05,1.3053627792173378e-05,0
0.0770110115312356,0.9229312398747099,1.9979105015183466e-05,4.159462447411911e-132,2.0902021924332207e-05,8.76644910108169e-06,8.101018013810208e-06,1
0.3372545387694846,0.6626708186314793,3.108280716834202e-05,2.0025130732336776e-07,1.683569531996062e-05,1.85091799148204e-05,8.014665325762904e-06,0
0.5251238954729321,0.4747799982471534,4.385456001271199e-05,2.465308276005324e-07,2.072654583851483e-05,2.227140559851946e-05,9.007237637221111e-06,0
0.508213375231544,0.4917008553025992,4.254599675211947e-05,1.7511892214734342e-07,1.6438144620112432e-05,1.3114383456648453e-05,1.3495822105766714e-05,0
0.4782554517319989,0.5216482274069023,4.991299580263609e-05,1.8900861053564525e-07,1.6457167478995436e-05,1.4154554087749241e-05,1.5607135118780088e-05,0
0.7517824255168886,0.2478830308050482,2.0686019521116194e-05,1.735951374528274e-07,1.1522306874871403e-05,9.905512338372191e-06,0.0002922562441913132,0
0.9169061013345206,0.07949404277356234,2.0379784058795464e-05,9.25034354394781e-08,1.3191185535363888e-05,1.1565936385361479e-05,0.0035546264825023536,0
0.5457729183888511,0.43729511604236404,2.667456146592682e-05,8.6358354898934e-08,1.3570037804782073e-05,1.0797601563230913e-05,0.01688083700959602,0
0.5633150337885956,0.4174045401840709,2.5714575277970573e-05,8.325041897190863e-08,1.3081668056725476e-05,9.327069225827293e-06,0.01923221946435404,0
0.16259588909711326,0.8292724657142837,1.1734405151544717e-05,3.798990007387438e-08,8.802441502038067e-06,4.256247983458807e-06,0.008106814104065769,1
0.01787963223894092,0.018197684115959938,7.17313183956225e-06,5.26139676672619e-08,4.85969241271653e-06,2.997282365659766e-06,0.9639076009245134,6
0.025160907932620262,0.0016451939652701163,2.5655628958312174e-06,1.7008577120916535e-08,1.5573504262381912e-06,1.2903521924963513e-06,0.973188467828018,6
0.03045350831593818,0.0017630570386882702,2.6116751164284973e-06,1.7082964692322505e-08,1.5178639678090234e-06,1.2702515235312012e-06,0.9677780177718011,6
0.05529696897786852,0.004339928752593755,6.07467683947225e-06,3.759047710909685e-08,2.971434909031724e-06,2.5906265988027542e-06,0.9403514279407132,6
0.5929747597749045,0.08609210762248855,4.856832674217055e-05,2.9932917053420047e-07,2.1726082602442283e-05,2.026640679726202e-05,0.3208422724572947,0
0.844286517852012,0.11953071696283683,5.430721621678076e-05,3.3469825037386055e-07,2.725049322089104e-05,2.591363067349967e-05,0.036074959146789556,0
0.8064337189253251,0.16645718903615084,5.013070504244344e-05,3.645837471539908e-07,2.6958149624457828e-05,2.7915839866705075e-05,0.027003722760243536,0
0.7381362966962515,0.13494109203148028,2.1444137836090205e-05,1.7409456862402584e-07,1.1949074274709533e-05,1.47031285916138e-05,0.1268743408369973,0
0.8084141457121405,0.19145968110439718,3.5104565394877395e-05,2.88785094408902e-07,1.641667524839282e-05,2.0200434081723087e-05,5.416272364269902e-05,0
0.7815189337150222,0.21833676479616354,4.112841347004208e-05,2.5347659092167337e-07,1.1734215190473725e-05,2.140732442569102e-05,6.977805913716138e-05,0
0.7728573001433793,0.22706109585887058,3.911159977531901e-05,2.4104686128391533e-07,9.490513116887044e-06,2.035757362262244e-05,1.2403264374162285e-05,0
0.7027118186088169,0.29722781936183007,2.474780666396103e-05,2.7527458544372966e-07,1.3499641437941732e-05,1.8261839012817166e-05,3.577467652757503e-06,0
0.637920281713498,0.3620117978886326,2.6481296540295547e-05,2.3329901717645376e-07,1.2153274041366587e-05,2.479383794599141e-05,4.258690324568494e-06,0
0.7618979203215591,0.23806173887335677,1.846365327789217e-05,1.387526856486367e-07,5.554071263290086e-06,1.2618504351185043e-05,3.5658235059125e-06,0
0.7366334069781095,0.2633276576833318,1.780102078534418e-05,1.5137851867669718e-07,4.541537610592806e-06,1.0721559269391651e-05,5.719842374646475e-06,0
0.48795576948776254,0.5110430713575709,3.4762233332971424e-05,1.7277376402062177e-283,1.3489612278389775e-05,2.0430531974715956e-05,0.0009324767770805037,0
0.2928123231261093,0.7068571060659545,3.342086714919889e-05,3.412995954180529e-07,2.188582283744008e-05,2.7039529666778177e-05,0.000247883288687271,0
0.18895643388681332,0.810892115303142,4.136174674182012e-05,2.5947861343389923e-07,3.15510142385885e-05,2.6580079515551214e-05,5.1698490935215365e-05,0
0.25632157715829124,0.7435859574621342,3.054170491801455e-05,2.2969875699715676e-07,2.6477326657620282e-05,2.6905214150730732e-05,8.311435091299834e-06,0
0.2959386273849611,0.7039685718923574,3.032512651125982e-05,2.280699091329813e-07,2.721970607188231e-05,2.6775323437265693e-05,8.25249675191272e-06,0
0.3029056932260912,0.6970044493157941,3.149093256171488e-05,3.005915977942086e-07,2.5412451981927583e-05,2.6641910097363524e-05,6.011571876000912e-06,0
0.3092512008340952,0.6894330581126343,1.8001617319144752e-05,8.27838023109113e-08,0.0012778821925704955,1.5675555831097984e-05,4.098903747593323e-06,0
0.2849775861271325,0.7132157565569887,1.8119827861650286e-05,1.8768772361208456e-08,0.0017685629218371754,1.577849191322985e-05,4.177305494314835e-06,0
0.09785807106531413,0.888556206608502,0.0001266767214649068,1.7732849131212083e-07,0.013269315812751582,0.00017301715267167684,1.6535310804201684e-05,1
0.10052274041401453,0.8436618324386987,0.0004747665362241139,1.7360894672653416e-07,0.053651836819591014,0.0016738606079268698,1.4789574598071931e-05,1
0.12321736720300584,0.850555969346781,0.00028764743560797155,1.8178455641477373e-07,0.024993766300513226,0.0009315249436001366,1.354298593546735e-05,1
0.14665114996400253,0.8324359409507998,0.00022164807942948365,2.056432179761832e-07,0.01921923382363643,0.0014575787251101598,1.4242813803488163e-05,1
0.17062627350527046,0.8051395714801167,0.0002837072883645785,2.284672221732766e-07,0.021860759458999166,0.002073438738747145,1.6021061279873697e-05,1
0.4350925190863575,0.5493555896864843,0.0007166668817701924,2.438831296964115e-07,0.011612659156690214,0.003215630844201535,6.690461366608451e-06,0
0.6463130496021001,0.35292083067736874,1.2112412555033132e-05,6.072282051403674e-08,0.0007291686966484823,1.0977482324577232e-05,1.3800406182432468e-05,0
0.7079536839794816,0.291372874454392,1.0814031700123106e-05,4.9662150734342314e-08,0.0006431085489552044,8.18266294753645e-06,1.12866603729101e-05,0
0.2809027145973757,0.7189916995513771,3.3535293228234896e-05,1.003297604421227e-07,2.317820858345649e-05,1.6906027248709613e-05,3.186599242624438e-05,1
0.22114409542514604,0.7788096550008712,1.7610563179582975e-05,6.285828499565798e-08,1.187051164225296e-05,9.85201886691543e-06,6.853622009086697e-06,1
0.23877145726696405,0.7611773471319676,1.92210834873125e-05,6.86067976049496e-08,1.3672506506963825e-05,1.0753005183792403e-05,7.480399092509733e-06,1
0.2706677823869301,0.729222241200626,1.6044261045536276e-05,6.57266048439107e-08,1.3098518860821698e-05,1.0301581581890626e-05,7.046632435072823e-05,1
0.18492463310560375,0.8149655298594065,1.602392751936524e-05,6.564330691975366e-08,1.3081918590151556e-05,1.0288525980382777e-05,7.037701959270319e-05,1
0.16435859991211618,0.8355798726091224,1.3228373737088879e-05,5.353191568428018e-08,1.0600362677694795e-05,8.390261416455827e-06,2.9254949014465833e-05,1
0.12880571477393826,0.8711087176247335,1.269798088078207e-05,4.737074046810396e-08,9.952549583125302e-06,8.609884639170159e-06,5.4259815484704066e-05,1
0.8436125446999112,0.1563177407168739,2.0504300063323065e-05,9.124121919669099e-08,6.5716440809957555e-06,1.3439001538610816e-05,2.9108396312809304e-05,0
0.8589531749505228,0.14099213690205767,2.0297271518138924e-05,9.587924302369576e-08,6.699455654828432e-06,1.7552225688544612e-05,1.004331531506394e-05,0
0.8558167852322263,0.14403942360845406,2.0594478762870406e-05,1.6083407046054903e-07,8.430177322907696e-06,1.772254551565145e-05,9.688312364778167e-05,0
0.7816107538089913,0.2181532196638909,1.7826646117785107e-05,1.5097155144233212e-07,7.368503331163984e-06,1.1702627333800764e-05,0.0001989777787835711,0
0.7114234328453077,0.2883859620311813,2.2558458642709636e-05,1.9994695264081282e-07,9.758857033092686e-06,1.526993942637153e-05,0.00014281792145611795,0
0.7150253492438822,0.2847832930041088,2.2672671470626713e-05,2.009592783167911e-07,9.808265845841876e-06,1.5134850925515986e-05,0.0001435410044887441,0
0.7680917198185736,0.2318516971332754,1.8775588435826353e-05,1.8250961645051863e-07,9.752569718111379e-06,2.0572208433497945e-05,7.3001719471456515e-06,0
0.7664040080531644,0.23354729169349453,1.5629542541202674e-05,1.7836715642980364e-07,9.052629647929177e-06,1.7703409496445175e-05,6.13630449892424e-06,0
0.3280559453611914,0.6718823094576986,2.5513509684060285e-05,1.8213364564758008e-07,1.3850881284085814e-05,1.7676895860233993e-05,4.521760635972324e-06,0
0.3099302370146236,0.6900100578758604,2.410384026038485e-05,1.805538419381197e-07,1.4480367551694052e-05,1.6700214097973948e-05,4.240133763792226e-06,0
0.35598103687417576,0.6439463811887562,2.769097491284692e-05,2.336589735505721e-07,1.94640886277453e-05,2.009193350762274e-05,5.101281046203774e-06,0
0.8800642105446945,0.11980505917221172,1.4916479152965873e-05,1.1392899120560133e-07,9.648995338319402e-05,1.6722605138170174e-05,2.4873164279499062e-06,0
0.8518591145129114,0.14756135156726782,1.3308308174766339e-05,1.6298833564953853e-07,0.0005436517096033637,1.9607337223479142e-05,2.803576483661699e-06,0
0.31428925267477104,0.681868065722767,2.5455350053598236e-05,2.6489332548772726e-07,0.0037919806566348666,1.9683065130855337e-05,5.297637316970467e-06,0
0.1703147055319417,0.8215656832628109,2.8687218459779768e-05,1.3354065913551982e-07,0.008055157031016825,2.62256423935986e-05,9.407772718332391e-06,0
0.8931345686939743,0.1004526138257814,1.1665262453358272e-05,1.819956502152789e-07,1.3401406689949078e-05,9.936094449387226e-06,0.0063776327210012035,0
0.8944627118270443,0.10031565313091001,1.1649357616334916e-05,1.9549898577790505e-07,1.3383134731633558e-05,9.525804538978747e-06,0.005186881246173148,0
0.8493472906618624,0.14595931769980697,1.1511735807222142e-05,1.9318942288280245e-07,1.1380360770417241e-05,9.413269711129469e-06,0.004660893082618854,0
0.7934982862064464,0.20161150874995284,1.3117697653324234e-05,2.02258179443168e-07,1.2795925084572078e-05,9.912742134114513e-06,0.004854176420549434,0
0.7375410049458678,0.26212275052602274,1.9650474578859568e-05,5.146695396975821e-85,1.0582943922724193e-05,1.5615514024988846e-05,0.0002903955955828381,1
0.7922883153005565,0.20721503306928898,2.186152526443359e-05,2.5572580764016496e-07,1.616906045223766e-05,1.6115137101343974e-05,0.0004422501815288849,0
0.8383481534494166,0.1613523024590502,2.2195612058013894e-05,1.818252032402067e-07,7.973645747546807e-06,1.5774546023095084e-05,0.0002534184625012632,0
0.8393171005479323,0.15973038197935205,2.3670830529476456e-05,1.6630134240599626e-07,1.310449652162086e-05,1.3017319443417181e-05,0.0009025585248785953,0
0.8676607210978043,0.13061725178337635,2.387491536172443e-05,1.6773515697052016e-07,1.3217480684596416e-05,1.4442089435689101e-05,0.0016703248981802302,0
0.8388474400800728,0.15906548088587538,2.890872141596254e-05,2.2573614913957548e-07,1.1449213415155634e-05,1.5854766925373716e-05,0.0020306405961463413,0
0.8713160426453452,0.1273252046872699,2.2523213423604803e-05,1.7635054457483653e-07,8.551190550477061e-06,1.3968767150196911e-05,0.0013135331457163008,0
0.8827938333862874,0.11559491178545327,1.7663777957050444e-05,1.753801648336702e-07,9.599482482322416e-06,1.389190314796601e-05,0.001569924284507105,0
0.8297634107464618,0.15961066199987634,3.680015655288262e-05,3.330911834581937e-07,2.0606208039330326e-05,2.5184508467573426e-05,0.010543003289418582,0
0.8886823868383217,0.056849027321563106,3.997946860611462e-05,3.3455033645689575e-07,1.9936580806382017e-05,3.0814315549058766e-05,0.054377520924817055,0
0.8091048819375345,0.14499652979957345,4.292601521082868e-05,3.9394161135917163e-07,2.5980116788779313e-05,2.9080167192356713e-05,0.04580020802208861,0
0.7777523464564373,0.19322772091236934,4.0901025284078894e-05,3.7535782735751413e-07,2.1040468249856063e-05,2.5190129240517466e-05,0.028932425650591443,0
0.8018217539893091,0.19145680263214596,3.557912510203189e-05,2.9332109837503977e-07,2.636692980055872e-05,2.712801168670424e-05,0.00663207599085732,0
0.8063311374247638,0.18868498890121166,2.8700611020988993e-05,2.9038201780142286e-07,2.3305502198335995e-05,2.330853783128726e-05,0.0049082686409559935,0
0.6284844771130536,0.36999544033069753,2.3648512973149396e-05,1.7696592371830327e-07,1.362010240771379e-05,1.5352971196880897e-05,0.0014672840037473656,0
0.663535152800839,0.336160557808733,2.447895755346227e-05,1.635076969186919e-07,1.0414151361386365e-05,1.5307323577707493e-05,0.0002539254502385438,1
0.6333157051136883,0.3663419953513256,2.574578602484875e-05,1.8430847283054773e-07,1.50976950206416e-05,1.5436822560413144e-05,0.00028583492290727464,1
0.6260923307308076,0.3714352315337242,3.157011353346897e-05,3.459977670448607e-07,1.964939382874012e-05,3.1675358234012744e-05,0.002389196872104927,1
0.6294817031319572,0.36704484643066554,2.4294672149710346e-05,1.9815253579044879e-07,9.704059173312016e-06,1.5471173114162977e-05,0.003423782380404185,1
0.6462194815907154,0.35127091868171073,2.3078335218088136e-05,2.0342136763830064e-07,9.96208794807297e-06,1.5839584479787057e-05,0.0024605162985602796,1
0.6812516361079178,0.31599608412925756,2.0391378090654795e-05,1.8755292170206838e-07,1.0651228340953366e-05,1.7525708023873938e-05,0.0027035238954473484,1
0.6584877445961406,0.3399202872454192,2.6220100814227517e-05,2.119202794918717e-07,1.613844358615814e-05,1.5172188500344338e-05,0.0015342255052601043,1
0.6734722976466547,0.32507575201917455,2.6767897037900123e-05,1.898162689022898e-07,1.6700411455236797e-05,1.6467824132035646e-05,0.0013918243852766893,1
0.6990682725386347,0.29949059459871646,2.7973193367512684e-05,1.983632553123447e-07,1.7452392255279336e-05,1.7209332064277934e-05,0.001378299581706432,1
0.6497508488154566,0.34996580002791106,2.3177459271680916e-05,1.4483232058038457e-07,7.845098703448813e-06,1.2832387921983486e-05,0.00023935137841471553,1
0.28379003934948105,0.7156741685768508,1.5267332911308175e-05,1.0607851124706178e-07,1.1508518174168976e-05,9.302728306505513e-06,0.0004996074157648667,1
0.37239203158494744,0.6274815488782809,3.611040713222946e-05,3.08518753699122e-07,5.061715386326221e-05,3.264782497410435e-05,6.735632048401114e-06,1
0.3757562109357253,0.6241616318146765,2.7702203677996103e-05,3.040620049510376e-07,1.980920221014748e-05,2.859855665968521e-05,5.743225045430425e-06,1
0.35602879861947945,0.6438852985503939,2.9215483924596735e-05,2.7743280583370634e-07,2.0657867527062962e-05,2.969508733487168e-05,6.0569585344356785e-06,1
0.26699121617741867,0.7309716325039194,2.1212153516299038e-05,2.0143247611406432e-07,0.001990464362209716,1.7030568307274685e-05,8.242802152538139e-06,1
0.2417253065141774,0.756399401993257,1.950946985545477e-05,1.852636422623159e-07,0.0018306912800272225,2.0034387064739857e-05,4.87109197605042e-06,1
0.48543919154282544,0.5145066133848404,1.7150499146136994e-05,1.6832159958360273e-07,1.4814533316854894e-05,1.5329050463419405e-05,6.732667808285277e-06,1
0.3552119558312103,0.6447154379555907,2.2377528815588503e-05,2.045538242961708e-07,2.5998392569687018e-05,1.679001059089341e-05,7.235727398422547e-06,1
0.4629904219241864,0.5369269484075337,2.3076526880410375e-05,2.1644151611820098e-07,1.7783904453466002e-05,1.5969748666891298e-05,2.558304676299478e-05,1
0.26990774348872026,0.7236374207332956,2.1183088055902614e-05,2.128301255027374e-07,0.00641076219103199,1.548124183393711e-05,7.196426936596437e-06,0
0.3779506793150417,0.621950848848888,4.5560016441550525e-05,2.495006131946875e-07,2.222726662485092e-05,2.253969374792385e-05,7.895358642956717e-06,0
0.5656872772693771,0.4342285620401492,3.7665943018892425e-05,1.8483900969954562e-07,1.7350554329720037e-05,1.4714437789283324e-05,1.4244916326131e-05,0
0.5706642627144416,0.429267984836761,3.1109273275674465e-05,1.5266330281081848e-07,1.3292551542861764e-05,1.1432717083165779e-05,1.1765243593037138e-05,0
0.7037580223943428,0.2958447546612702,2.445612420004644e-05,2.0523350264349936e-07,1.3622290538556876e-05,1.2042646990869045e-05,0.0003468966491548855,0
0.5404396802566273,0.4378884174893584,2.4670346089816605e-05,7.986974803035946e-08,1.255044172041975e-05,8.948311349398926e-06,0.021625653285106714,0
0.05699839039956099,0.0028626078803663454,4.3627009160987455e-06,2.8839297247033648e-08,2.1250767817463933e-06,2.318654322511685e-06,0.940130166448755,6
0.8693180909861178,0.0969767022553901,4.269176252054667e-05,3.017230648109046e-07,2.3196195230677398e-05,2.0428488010912996e-05,0.033618588589665134,0
0.8985740136474076,0.0840268938444946,3.086789396012548e-05,2.5802016071308096e-07,1.6506055824335044e-05,1.858979452547932e-05,0.017332870743627046,0
0.7996973438737575,0.20022909067448197,3.364168975370087e-05,2.2921887116372323e-07,1.2493646179802541e-05,1.935864263303428e-05,7.842254322917993e-06,0
0.6881726556476198,0.3117711193600107,2.0800791848047406e-05,2.8059662393170786e-07,1.4365562754932998e-05,1.7387913872038094e-05,3.3901272706118237e-06,0
0.7126671233156303,0.28727541009798985,2.2673423938499754e-05,2.8618782392354876e-07,1.2404821960944392e-05,1.864447332719058e-05,3.457679329158323e-06,0
0.7265870199977916,0.2733606619470461,1.907028986337189e-05,2.0454284666005908e-07,1.2272797523533115e-05,1.7480225082030246e-05,3.290199846540749e-06,0
0.6719738473729346,0.3279577092531542,2.3150860865589202e-05,2.345661271852246e-07,1.9432245351797137e-05,2.185255844155385e-05,3.7731431251229705e-06,0
0.80519347162999,0.194766626336983,1.8562401871554812e-05,1.1828138668694683e-07,4.491197198247544e-06,1.0997836081392995e-05,5.732316489307867e-06,0
0.6758249698437846,0.32413517692881855,1.8784716035149828e-05,1.45658941598032e-07,4.5148283054223146e-06,1.2915320509602524e-05,3.4927036051689177e-06,0
0.697902872041397,0.30205566405084816,1.923709455261888e-05,1.5041733912742843e-07,5.132353152236163e-06,1.333723919533521e-05,3.606803515709352e-06,0
0.4087171903832841,0.5907498001340415,4.2547315186457227e-05,3.019086294208478e-50,2.3171380653297642e-05,3.8765834588135945e-05,0.00042852495224661663,0
0.18896108865076136,0.8109120908673839,4.0897545458124785e-05,2.594850054453817e-07,3.1789465520097544e-05,2.7552699064475726e-05,2.6321286806538464e-05,0
0.17482941044748462,0.8250566742505078,3.7344146411580356e-05,2.598742769283887e-07,3.955288905983573e-05,3.0716521737544866e-05,6.041870521713391e-06,0
0.2661020847987422,0.7338093626639252,3.1447766301004163e-05,2.26704847609631e-07,2.450842994547215e-05,2.6615065716558838e-05,5.754570521817095e-06,0
0.5404315846170682,0.4595095800585839,1.6991063529369015e-05,1.1896226651748929e-07,1.7623356302942612e-05,1.608646356450343e-05,8.015478684726957e-06,0
0.32208030691861883,0.6765494360744478,1.874840393681159e-05,1.9419860294078616e-08,0.001330894391610607,1.6325847141685045e-05,4.268944384028347e-06,0
0.20678570027958074,0.7896759478696608,2.0744522151886476e-05,1.8608335188962443e-07,0.0034946337530254983,1.8064038881412828e-05,4.723453347715086e-06,0
0.20597985893858126,0.7897659105096833,2.043191260713853e-05,1.832791691037559e-07,0.004211342782989972,1.3499326572628952e-05,8.77325039664804e-06,0
0.3929061223024015,0.5209331687098381,0.0010127922564937498,2.9051492273036447e-07,0.07822559413639393,0.00691734842210382,4.683657846247817e-06,0
0.5548785576108138,0.4442849154812745,1.5248071863478993e-05,1.6288663431990416e-07,0.0007899235653315006,1.3819331087403356e-05,1.737305299492042e-05,0
0.7493841888908196,0.25057197817826715,8.732809323253785e-06,3.3801929109087105e-08,7.900489764042373e-06,5.587295374099083e-06,2.157853452279111e-05,0
0.23338154284539517,0.7665343533936702,2.8243085467641513e-05,1.4410245799399016e-07,3.0001705251534302e-05,1.5933147918609898e-05,9.781719838791258e-06,0
0.1936786833398045,0.8062145991995832,3.3601878086896386e-05,9.723189169047437e-08,2.2462538100705784e-05,1.9673742143062163e-05,3.0882070390125586e-05,1
0.3283413194181283,0.6714401615524263,1.7341181994103536e-05,7.103954574273656e-08,1.4157323841467989e-05,1.1134299082497838e-05,0.0001758151849815995,1
0.22812711840276484,0.7714945092363724,1.7806318591654975e-05,7.294501519744928e-08,1.4537060900008367e-05,1.1432950581173907e-05,0.00033452308577465196,1
0.1700187132310761,0.8298766911372717,1.0831319945212425e-05,5.545623919761557e-08,1.0080152039920376e-05,8.299694273522166e-06,7.532900915447172e-05,1
0.17936407362052983,0.8204937944856133,1.4418082696484837e-05,5.378770529545614e-08,1.1166501035323978e-05,9.776202208858908e-06,0.00010671732021078131,1
0.9251212749286829,0.07482373294404739,1.3656229627640598e-05,7.064457640098359e-08,4.2790112906967355e-06,9.259931917975683e-06,2.7726309856740674e-05,0
0.8970033152996032,0.10290807052085743,1.998284542154867e-05,1.5010062705008773e-07,6.5010714494533816e-06,1.645228027638843e-05,4.55278817648297e-05,0
0.879334905307135,0.12057267493299491,1.527653783658605e-05,1.3213654204542473e-07,6.4552776452209595e-06,1.4639229369121513e-05,5.5916578477167255e-05,0
0.7837670648937669,0.21570325382297936,2.0483304749112278e-05,1.7717319776004843e-07,9.657679652134259e-06,1.952297826240849e-05,0.00047984014739217495,0
0.7385552988127994,0.2611462526963073,1.8270405308227806e-05,1.6193978155831497e-07,7.90383226813569e-06,1.2367333547500946e-05,0.0002597449799877256,0
0.7640527608365164,0.2358980356120199,1.6078868500066062e-05,1.5629593357009622e-07,8.748951368936077e-06,1.6644462978704526e-05,7.574972682504395e-06,0
0.7737842363942038,0.2261648743792241,1.7684530856754624e-05,1.7190390356101747e-07,9.23806253231714e-06,1.9376748487924024e-05,4.417980791746914e-06,0
0.7898312701074844,0.2101198794512215,1.5808023253358916e-05,1.651281157292953e-07,9.014817246758882e-06,1.725754050218384e-05,6.604932176046972e-06,1
0.7875072936384178,0.21244749183313394,1.54827401203031e-05,1.5083968763444027e-07,8.234770993280549e-06,1.5764256784444694e-05,5.5819208626564585e-06,1
0.43701238086779665,0.5629088446107626,2.585371622989277e-05,2.3843339071872907e-07,1.6658164982976776e-05,2.608515070565067e-05,9.93905613145998e-06,0
0.38838241116497524,0.6115617953234523,2.2315986942926814e-05,1.853160901962237e-07,1.240965785881902e-05,1.653058008488081e-05,4.351970595476306e-06,0
0.4188467281409547,0.5810822869577708,2.517195178241693e-05,2.1853886356534523e-07,1.7307709344018025e-05,2.3515524960202534e-05,4.771176324300338e-06,0
0.9090922650012033,0.09086998360932799,9.950812594299997e-06,8.639136506804655e-08,1.2963931532006206e-05,1.2864143521254638e-05,1.8861104561084283e-06,0
0.34112276726963864,0.6562200219044407,2.3360904361114987e-05,1.568019493102464e-07,0.00261014368837236,1.8259743460565154e-05,5.289687777259757e-06,0
0.3448250788834159,0.6518552212365475,2.574075722207218e-05,2.6578606877259186e-07,0.0032684325489118,1.9903753036307714e-05,5.3570347977772455e-06,0
0.15379480274435875,0.8347380527677877,2.229706371747234e-05,1.8144903678890862e-07,0.01142347768608395,1.691710028578238e-05,4.271188729612232e-06,0
0.153734309174681,0.8343996541132277,0.0001794091841003779,1.8137547825193167e-07,0.011483759507765678,0.00019604184468473388,6.644800062138592e-06,0
0.23595133920275502,0.6858397321732247,0.0007039869665665288,3.4019304202975203e-07,0.06554091622997789,0.01195651507547085,7.1701589631854315e-06,1
0.41851919404815585,0.44249154041184285,0.0026080124959737697,2.6627181910380134e-07,0.11793331197270596,0.018443894725538673,3.7800739638338736e-06,0
0.8839916887103817,0.10455118001430444,1.362012542578592e-05,1.8825400597706408e-07,1.3795706287133873e-05,9.760721019197424e-06,0.011419766468575657,0
0.8914834836337698,0.09998152715999739,1.1610556563831308e-05,1.8114215600759403e-07,1.3493795914634644e-05,9.391981012194109e-06,0.008500311730586142,0
0.7671392206831473,0.22859839957634315,1.2600046322078685e-05,2.0762954298615715e-07,1.2373343199882848e-05,1.0175994487402882e-05,0.004227022726957127,0
0.8478791264875463,0.1520500438175115,1.8254093857062694e-05,1.583165319144754e-07,5.088104229283919e-06,1.313224212767016e-05,3.4196938196269625e-05,0
0.7555197746603631,0.24416051162332705,2.059720825226734e-05,2.058030650541214e-07,1.3420714501414777e-05,2.2737745991797706e-05,0.0002627522444992609,1
0.8697690195205277,0.12988758895217434,1.6906200171455363e-05,1.6008243423503807e-07,8.869906886784714e-06,1.1780542808963663e-05,0.00030567479499650133,0
0.8552764638889105,0.14415454591095983,2.2587076309502167e-05,1.7689013623778982e-07,1.0134193747536549e-05,1.6986783915261968e-05,0.0005191052560214562,0
0.8393486877708821,0.15993085350100653,2.2913137860218276e-05,1.6362186450038828e-07,1.2893354456344703e-05,1.484451747577705e-05,0.0006696440964546068,0
0.8169896610941575,0.1807529331660946,2.941910740170783e-05,2.323346825746827e-07,1.6242845397146813e-05,1.5969976014365522e-05,0.002195541476252149,0
0.8768871158689963,0.12185953304586866,2.266722370813241e-05,1.774781053550494e-07,8.605865669922201e-06,1.4058081498641147e-05,0.0012078424361530642,0
0.7794710800812563,0.20670242700357364,4.3116365282912315e-05,3.613400879651787e-07,2.935409688275272e-05,3.099342794913387e-05,0.013722667684967077,0
0.8243909939584029,0.16539192401150057,3.96485081377751e-05,3.309345389944961e-07,2.215846161170263e-05,2.502144792002713e-05,0.010129922677887973,0
0.6887336241236209,0.06323559421354973,4.478548950412627e-05,3.2758908970604883e-07,1.9668798845193414e-05,2.6898486834471616e-05,0.24793910129855576,0
0.5861152503313927,0.4079441300344595,2.5184639697768692e-05,2.5488449484861114e-07,2.0659845511019627e-05,2.4289140004783616e-05,0.005870231124439305,0
0.8220251223759262,0.17079686635409333,3.39410083734901e-05,3.0239616549154414e-07,2.4269734582707434e-05,2.607169746708459e-05,0.007093426433391682,0
0.6555032768124113,0.34336910406184784,2.307541375936662e-05,1.8366646939304746e-07,9.884954744484828e-06,1.3485891901482766e-05,0.0010809891988662198,0
0.6417875003551134,0.35788064376368117,2.6808802028001912e-05,1.8758540192408075e-07,9.566024172532138e-06,1.5897527096190927e-05,0.0002793959425067521,1
0.46726144321546886,0.5265439966510316,3.403782787129253e-05,4.104775490693708e-07,2.4394773863763063e-05,4.2531300408762106e-05,0.006093185753806592,1
0.6149505613504707,0.3814964198186628,2.300757384018052e-05,2.027976495003192e-07,9.931542804180181e-06,1.583385006933642e-05,0.0035040430665033376,1
0.6463777651919309,0.351356958220281,2.3083987975568278e-05,2.0347119322782745e-07,1.1247973929884588e-05,1.4790362792397361e-05,0.002215950791896901,1
0.6610976894391329,0.3361588106624694,2.3609678326663184e-05,2.0810483119016064e-07,1.2402223517831388e-05,1.6784519510769297e-05,0.0026904953722112724,1
0.3966547366324058,0.5980611048150025,3.71080635419215e-05,3.242298252543563e-07,2.7994244424040845e-05,3.2228951214654803e-05,0.005186503063585784,1
0.395960506104686,0.5985761618415639,2.3948166814694306e-05,1.5553996275253456e-07,1.8237109514366534e-05,1.7236507064530015e-05,0.0054037547303935505,1
0.4851494437274756,0.5110875658638294,2.5131636991923368e-05,1.0451267889169156e-07,1.7260465219930397e-05,1.7674100698160677e-05,0.003702819693106047,1
0.539625195143214,0.4579926622060481,2.4452533890853753e-05,1.0168855389103003e-07,1.714806187144444e-05,1.5214261878102766e-05,0.0023252261045435645,1
0.6432914211496481,0.3564101898079852,2.6578880159324406e-05,1.474993124021517e-07,5.33026145020098e-06,1.3614352621972795e-05,0.0002527180488227303,1
0.29879165310811656,0.7008364588005919,1.4113545140172014e-05,8.540529050748077e-08,8.975092041998056e-06,7.843753546814016e-06,0.0003408702952720349,1
0.4198956941838716,0.5799474550311775,1.7338421090968764e-05,1.0063376456994698e-07,3.373309989555504e-06,9.256392864676626e-06,0.00012678202724106737,1
0.33884132983929294,0.6610724953088095,3.0508429834013292e-05,2.6132926658981907e-07,2.1579791519484353e-05,2.8119917853818296e-05,5.7053834236092125e-06,1
0.27242852603240514,0.7275101290366013,2.2940664189095593e-05,2.178465655436672e-07,1.6409812458690428e-05,1.7020545819722132e-05,4.756061960308037e-06,1
0.2607665977576627,0.7390202366117751,2.0572151269402144e-05,1.8161361444839076e-07,0.00016620888040830503,1.6516730710624643e-05,9.686254559596636e-06,1
0.08642575028804282,0.9135342635298802,1.4230396372125146e-05,1.1256939197925755e-07,9.669690450272279e-06,1.0668230402657631e-05,5.305295460005135e-06,1
0.4740232633082442,0.5259187292015997,1.899296082123902e-05,1.8640422759822296e-07,1.4939943649609022e-05,1.6432229603828718e-05,7.455951853971658e-06,1
0.6200310488727584,0.3799039973602081,1.5652510194000317e-05,1.110781610767744e-07,1.4184678248232092e-05,1.5297802713304202e-05,1.9707697716968334e-05,1
0.2334682331107213,0.7664534117819708,2.4199703880790246e-05,3.5023154670903765e-07,3.0215194018323097e-05,1.855019839649132e-05,5.0397794655107735e-06,1
0.38119721742569557,0.6187454762073862,2.0954447304584783e-05,1.8226630547019854e-07,1.4556220837341982e-05,1.4753303876309607e-05,6.860128594455319e-06,1
0.5457745854051652,0.4540388128424508,1.836574529400119e-05,1.6569576882210766e-07,0.0001354252099154951,1.2205095788444031e-05,2.0440005617310857e-05,1
0.3309561780129988,0.6632378027430007,2.1360706349749218e-05,2.1037874837245592e-07,0.005761838191049074,1.549642935357924e-05,7.113538499771807e-06,0
0.41478022159545713,0.5787577995865448,1.7934433708646045e-05,1.774658680893831e-07,0.006419800205029816,1.2496834253080483e-05,1.1569879138324451e-05,0
0.4669779532131359,0.5269872816527218,1.7127671764760762e-05,1.8230624183358388e-07,0.005994471058944657,1.1934677094498614e-05,1.1049420096472883e-05,0
0.4426238435078591,0.529577072899456,2.7969719083096452e-05,2.796170733705733e-07,0.027734845722131942,1.9039205115933616e-05,1.6949329280627003e-05,0
0.10000999830552672,0.8984693949786724,1.917554985734607e-05,1.2769056017771964e-282,0.0014699868882974301,9.497609708740422e-06,2.1946667937362347e-05,1
0.08110798269176106,0.9187635133517748,1.792240304933032e-05,3.6078833344429584e-94,8.83776740748322e-05,8.914450544549354e-06,1.3289428795300403e-05,1
0.07888871276858295,0.9210497580120774,1.941489510226822e-05,1.0277682081523154e-173,2.085941119295387e-05,9.65680337287418e-06,1.1598109671275982e-05,1
0.11944070599513615,0.8805097164803042,2.0780633991379433e-05,9.518283091503538e-51,1.033064886705698e-05,9.404383173231188e-06,9.061858528124501e-06,1
0.5317856116410278,0.46811520846599525,4.411248781917022e-05,1.10284122994298e-07,1.9105743849388065e-05,2.1310100600204783e-05,1.4541276585297327e-05,0
0.6235988452835108,0.37630497114740435,4.01640607253568e-05,1.8062897807937797e-07,1.702329323525637e-05,1.2120493689884071e-05,2.6695092456144165e-05,0
0.6057826004263754,0.39411450337431375,4.296710172898733e-05,1.9323503490870466e-07,1.8211345142695215e-05,1.2966380290576843e-05,2.8558137113454908e-05,0
0.6651709330413605,0.3343400916726272,5.611362751523973e-05,1.0885745572078462e-07,2.8490738526797e-05,1.2195986972723695e-05,0.00039206607554159685,0
0.5541493756813216,0.425534390317738,2.886712333470824e-05,9.345672973984601e-08,1.4685450610600576e-05,1.1685129161091355e-05,0.020260902841104315,0
0.22053687110756476,0.7720385587379367,1.556218969832453e-05,5.038227536333171e-08,7.67536635051906e-06,5.644643905360456e-06,0.007395637572269244,1
0.0694065961308276,0.9255883121386189,7.097822390729582e-06,1.9938170403305286e-08,3.6234038529139345e-06,2.172249790976562e-06,0.004992178316348586,1
0.278975331521301,0.6738399176455614,5.062839947211064e-05,3.2597108332296896e-07,2.787470662373543e-05,1.690428881824085e-05,0.047089017467140226,1
0.06845204215722059,0.6378037778467147,3.270275202392974e-05,8.102525756525156e-08,1.350590683647672e-05,7.658998159828604e-06,0.29369023131378685,1
0.07082883016480927,0.12570926183628375,2.488320307692614e-05,1.583622369643822e-07,1.46271379171332e-05,9.021489184042724e-06,0.803413217806492,6
0.01665752971732951,0.0011733065697547874,8.17609354788096e-06,4.716685200927585e-08,2.160143908727987e-06,2.282274825546411e-06,0.9821564980337815,6
0.1567861444499273,0.00858714028303841,7.665097737345488e-06,5.026774778725163e-08,3.4212560042030984e-06,3.2846165101415424e-06,0.8346122940290348,6
0.15142979967434642,0.007837957943418933,7.380810350974445e-06,4.6685433575683104e-08,3.177441340830027e-06,3.642828033212179e-06,0.8407179946170761,6
0.7241920778545003,0.03041291898014054,1.8458078697711276e-05,1.6992452999382976e-07,8.886025328718929e-06,1.2066383366175181e-05,0.24535542275343644,6
0.9169022118272465,0.06747670473737963,2.2725275849387058e-05,2.092082215559112e-07,8.597749835256963e-05,1.6689665405544994e-05,0.015495481787544585,0
0.8784362873237974,0.09830449610727815,2.9740618317542037e-05,2.582032964716837e-07,2.145278203336151e-05,2.150234559162236e-05,0.023186262619685368,0
0.12543163996015375,0.014932840764165893,2.2472486829329683e-06,1.8032543816635076e-08,1.4430782861971446e-06,1.58350538391756e-06,0.8596302274107835,6
0.7195159601421011,0.2804295374100348,1.879518998396391e-05,2.6839729978454224e-07,1.4662231086331825e-05,1.7533892669105863e-05,3.2427368248721594e-06,0
0.6962198337327119,0.30371456338133984,1.9455275745138273e-05,2.77823394230865e-07,1.7766031029488446e-05,2.474713426348177e-05,3.3566215159638773e-06,0
0.6259475948990004,0.373987064291363,2.3848440874338606e-05,2.1725350519766056e-07,1.2173717259821207e-05,2.483554406104593e-05,4.265853936311255e-06,0
0.795721290888343,0.204232509528586,1.8012770556820377e-05,1.2358766297845887e-07,4.282671503088784e-06,9.013745665314928e-06,1.4766807682619085e-05,0
0.7308608518376846,0.26909793601287224,2.221791001340699e-05,1.3157917562897733e-07,4.720751124040977e-06,1.0824362334890036e-05,3.31754679499428e-06,0
0.7177939968273437,0.28216561694809456,2.1773959270025504e-05,1.2651231843279345e-07,4.626422675974875e-06,1.0608073597456804e-05,3.25125669997851e-06,0
0.28134018929306953,0.7178865541911175,4.162093292102269e-05,4.631811345399203e-07,3.09856448397598e-05,4.225252249057566e-05,0.0006579342344271434,0
0.25105484605768086,0.7484491594067307,3.014376787587097e-05,2.3129177638750424e-07,2.481528692917898e-05,2.1934697571270282e-05,0.00041886949143566033,0
0.2660854002639912,0.7337909882007657,3.846591097845887e-05,2.4504723315740674e-07,3.002069640163606e-05,3.0023112917899468e-05,2.485676771193023e-05,0
0.20068572140408356,0.7992081083098753,3.919880425340018e-05,2.4870690456376295e-07,3.0469042146268052e-05,3.0471494752126753e-05,5.782237984425285e-06,0
0.22011872403285887,0.7797886835463657,3.543624839385254e-05,2.2483440031523928e-07,2.7544425560487876e-05,2.4159691198238016e-05,5.227221222460891e-06,0
0.5654421468517177,0.434499574174451,1.872011022154661e-05,1.1684627708975832e-07,1.3945667113949029e-05,1.1838469408538196e-05,1.3657880810196725e-05,0
0.43891808824274847,0.5610204915107834,1.8749626260595275e-05,7.686776822434486e-08,1.5211696132852252e-05,1.3400730521289994e-05,1.398132578504178e-05,0
0.1021120385504403,0.8891856512724912,0.00013218345839899605,1.8503710060735982e-07,0.008400969365301936,0.0001519308608236994,1.7041455443308066e-05,1
0.115248083129151,0.8642330743463342,0.0003532083244927009,1.860355029556745e-07,0.01962608844622476,0.0005253270826127819,1.403263568157207e-05,1
0.13928922990011153,0.810233790370992,0.0003380441631648798,2.3021549070835243e-07,0.04842290640820476,0.0017062820723427697,9.51686969350895e-06,1
0.4560680615572397,0.5356073852075567,0.000405460070572499,2.52138424548955e-07,0.005523125244656887,0.0023772830212737523,1.843276027580782e-05,0
0.33827697268036044,0.654914038463422,0.000420124115101567,2.4733253624203365e-07,0.004054113130110082,0.002315054770094021,1.9449508375617593e-05,0
0.536622962179048,0.46090841288932904,0.0001677844032732414,1.5613634742764238e-07,0.001286688335298863,0.0009990901378430968,1.4905918860380633e-05,0
0.73664574490492,0.26308644806345455,7.297802722308506e-06,3.3514288553514436e-08,0.00024339232547654577,5.522034851588668e-06,1.1561354286583069e-05,0
0.15230274275243913,0.8476110462872668,3.255754475744127e-05,1.3373239868415924e-07,2.7024066780683187e-05,1.300345645797357e-05,1.3492159899179718e-05,0
0.3105005541220966,0.6893521296629369,2.227595752154828e-05,7.951071593576448e-08,1.3410355454090856e-05,1.2462527333342004e-05,9.908786394167679e-05,1
0.2556519436720178,0.7440261002872791,2.0842994139122187e-05,7.034786967761322e-08,1.2931215237970185e-05,1.1025890053459585e-05,0.00027708559340303954,1
0.9047089569318089,0.09458462173039667,1.2816215484516538e-05,1.3633047287941252e-07,5.47153901163719e-06,1.1389758529428188e-05,0.0006766074942963257,0
0.8380292753860121,0.16115977272704227,1.4691051373419918e-05,1.5442885112086888e-07,6.76261061861151e-06,1.252014308294238e-05,0.0007768236530192209,0
0.827921042555858,0.17128468385827536,1.436267183093343e-05,1.4059303923693733e-07,5.895915855698134e-06,1.2673748990480843e-05,0.0007612006561502897,0
0.7848656859484309,0.21351340154741363,1.6042723791467197e-05,1.3586374487696056e-07,6.7504617643011674e-06,1.053153895074718e-05,0.0015874519159042712,0
0.8130972806906979,0.18683582235879656,1.2734775900167443e-05,1.2378941267629965e-07,6.095313934126607e-06,1.3160515695719522e-05,3.47825555626826e-05,0
0.7756400787184895,0.22430991282304533,1.653395441392019e-05,1.6071963277257053e-07,8.774145523383341e-06,1.811104089956136e-05,6.4285979957662465e-06,1
0.46442741152805855,0.5354983692619139,2.4594786550282512e-05,2.2682303383553358e-07,1.584700661338556e-05,2.4095513489155915e-05,9.455080340902647e-06,0
0.4625433359586435,0.5373787870834899,2.8238361930263306e-05,1.9210340867271056e-07,1.710279247936593e-05,2.679548353355077e-05,5.5482165149432145e-06,0
0.36225981136346985,0.636142199810643,2.208805845481397e-05,1.4825841365792886e-07,0.0015534861957921073,1.7264840208764084e-05,5.001473017727467e-06,0
0.16463023009915428,0.8249503573321455,2.1909199072489524e-05,1.7932146167322795e-07,0.01037368210359749,1.7072394642872128e-05,6.569549925673913e-06,0
0.24742691943580353,0.6855942431905857,0.0007632769776434943,3.733274409184547e-07,0.06148741560506965,0.004723801078057122,3.970385399389426e-06,1
0.2447905685516864,0.7020024029300134,0.0005878502456654889,3.8372418408036827e-07,0.04317422107824306,0.00944049251410608,4.080956101477944e-06,1
0.3756486384430834,0.573810192873447,0.002911513456900376,3.146840815594254e-07,0.02763234628318607,0.019992426153749958,4.568105551730394e-06,0
0.8786523110597354,0.11173724838074778,1.3213585064333505e-05,1.8263490562062482e-07,1.3383925099726844e-05,9.469378103685927e-06,0.009574191036343441,0
0.8787381613046165,0.1137544380383823,1.3124230954536049e-05,1.8139987520834686e-07,1.3274334735655296e-05,9.405343411611763e-06,0.007471415348024231,0
0.882806994376814,0.10983470405378946,1.1680912434822676e-05,1.8223981347897395e-07,1.3182379705632796e-05,9.44889309912246e-06,0.00732380714434337,0
0.8441538712405606,0.15230314890873795,1.1359640589583509e-05,1.772274891867475e-07,1.0037675487556036e-05,9.189010719354513e-06,0.003512216296415631,0
0.8075889594203417,0.1878818826782025,1.0562630052857131e-05,1.6955079926680574e-07,9.478786674995902e-06,8.725468182292831e-06,0.0045002214657463265,0
0.7793324756343689,0.21463335038412615,1.2365665333741342e-05,2.037673018285312e-07,1.0713628722592896e-05,9.879311718430453e-06,0.006001011608428337,0
0.7665995750882824,0.22940426713786646,1.199810072460742e-05,1.97710397761549e-07,1.1251723368186937e-05,9.689853807836437e-06,0.0039630203855529475,0
0.7666002388450947,0.22940446576652485,1.1998111113109254e-05,1.9771056894821237e-07,1.0385887584323211e-05,9.689862197753004e-06,0.003963023816916418,0
0.8571395966778614,0.14278340971653458,2.400489866775621e-05,1.941726748674309e-07,5.008879574261307e-06,1.3258898279752566e-05,3.4526756407267525e-05,0
0.8388158746981758,0.16111428559881438,1.8181131799346208e-05,1.822594010362234e-07,5.0677669527611035e-06,1.3079752236056327e-05,3.332879262057418e-05,0
0.7814057990901473,0.2182445104483339,2.198645236226133e-05,2.1968410623423744e-07,1.5487650297423694e-05,2.427136546618289e-05,0.00028772530928669664,1
0.7143929911687216,0.28516100472685313,2.4781941528257227e-05,3.8711044726124826e-07,1.9298415911883188e-05,2.3579889507946672e-05,0.0003779567470299188,0
0.8656226844810369,0.13405539567111188,1.6825605474952845e-05,1.4811271303311252e-07,8.827622550488198e-06,1.1413469714096832e-05,0.00028470503739851544,0
0.8580302291700296,0.141680573818177,2.0541799359878754e-05,1.6565708845518363e-07,9.787125301022165e-06,1.2765427918304373e-05,0.0002459370021256774,0
0.7401965404021636,0.2580919775266478,2.380214882316234e-05,2.10907497630456e-07,1.5477203359228363e-05,1.6098933987844683e-05,0.0016558928775206503,0
0.76071083628621,0.2363250285375295,3.444025896883275e-05,2.536900683405093e-07,1.9290198558407268e-05,1.9654871266458813e-05,0.0028904961573984985,0
0.7036683287313296,0.08401828380047079,4.1516769274346034e-05,3.8100864722791625e-07,2.2112849476725034e-05,2.9717662152325223e-05,0.21221965917864896,0
0.49617458351772986,0.49883060246234645,3.2465828540727666e-05,2.8957515367881355e-07,2.4160593008295158e-05,2.9081283871112738e-05,0.0049088167393498555,1
0.41778055184395224,0.5764666953795979,4.1256348151648155e-05,3.6047525187430226e-07,3.474977665865003e-05,3.583180325139195e-05,0.005640554373136212,1
0.2910882300670778,0.7032963685294005,4.736637869624241e-05,3.2189232716773624e-07,2.1629244023515505e-05,3.10558489578079e-05,0.005515028039517027,1
0.4628393591949587,0.5351351164973451,3.241412663548451e-05,2.2332979209207152e-07,4.270264799959482e-05,1.8351290157143335e-05,0.0019318329131118334,1
0.5598538837371024,0.43974540538363593,2.397234908144992e-05,1.57342477604399e-07,8.080792417076998e-06,1.3798405567901436e-05,0.0003547019897176388,1
0.2084638659653292,0.7914705674538852,2.692218747090014e-05,2.4292327034495037e-07,1.735484767186052e-05,1.6458252733354512e-05,4.588369639108632e-06,1
0.22883731817374095,0.7710996323562811,2.6324435371996773e-05,2.3860323076528394e-07,1.7038379409556614e-05,1.4943351938149912e-05,4.50470002736948e-06,1
0.2984671234351358,0.7014618262896104,2.5003303148868033e-05,2.1732863563038267e-07,1.8085175385521133e-05,1.8178291900230503e-05,9.566176183599476e-06,1
0.2775159071512743,0.7222421406338623,1.8873316657989645e-05,2.0715530684161313e-07,0.00019877836691576073,1.938111767890235e-05,4.7122583040608755e-06,1
0.09185292455440797,0.9081028235440035,1.4564602527866357e-05,1.2393044168552008e-07,1.020564611066691e-05,1.0372904050936004e-05,8.984818457413355e-06,1
0.5094018968713651,0.49053775118889614,1.92931123224458e-05,1.8981506846621137e-07,1.757797973729341e-05,1.7988823148897417e-05,5.302209461754739e-06,1
0.5730460657985413,0.42689764416971865,1.6932575686466884e-05,1.6830758745615973e-07,1.2283096326493603e-05,1.461676427232934e-05,1.228928786738835e-05,1
0.3711190316568773,0.6288232188259292,2.217272589787846e-05,1.928631556283263e-07,1.2603371509107548e-05,1.561105182983983e-05,7.169504800960439e-06,1
0.45300763957008694,0.5469230139771138,2.8787313689818255e-05,2.0056767779064543e-07,1.2936945862309953e-05,1.5844941343575303e-05,1.1576684225766124e-05,1
0.5072991234526826,0.48864103467823927,1.5141912990238054e-05,1.498331520805722e-07,0.004024230770451429,1.0550987000071651e-05,9.768365484304171e-06,0
0.3613687432757736,0.6015091633703793,4.0367255298732494e-05,8.430963856320796e-137,0.03700906835177376,1.733574166277347e-05,5.532200511180632e-05,1
0.15091224264050063,0.845005277848452,1.902018057901138e-05,4.1508808360394475e-137,0.004000264072618643,9.421095181492747e-06,5.377416266812969e-05,1
0.11937793786266132,0.8786354503262002,2.205673956266156e-05,1.5127520390709238e-07,0.001937051320855719,1.1437224716572435e-05,1.5915250799564513e-05,1
0.08191770088064615,0.9172537845576021,1.669015240847764e-05,3.8922229923329174e-94,0.0007868449023487405,1.0642729577474998e-05,1.4336777416896515e-05,1
0.08349036741076205,0.9164474664560388,2.118937839989266e-05,1.0084569404588667e-50,1.951465602652876e-05,9.764624763709763e-06,1.1697474009172769e-05,1
0.21260014449841028,0.7873422588282776,2.4064486002359507e-05,1.4740671241410848e-07,1.148945233954472e-05,1.1401472882720889e-05,1.0493855374955199e-05,1
0.6872501536787935,0.31268122568594403,3.260631882092992e-05,8.151794317245495e-08,1.3445630304406549e-05,1.1982136907753141e-05,1.050503128598411e-05,0
0.5557596959448985,0.4441329382292893,5.072780251150241e-05,2.2813706986754847e-07,2.1500671041170192e-05,1.6650111946761412e-05,1.8259103242808965e-05,0
0.6691218828855743,0.3307042336298313,5.338325928994602e-05,1.0356068644480748e-07,1.8852512023811684e-05,1.2271284982711488e-05,8.927286761147847e-05,0
0.7479690937855589,0.2517245680983536,4.5632440310994635e-05,8.852450947385919e-08,2.3169094261231434e-05,9.917958831218587e-06,0.00022753009817468373,0
0.6107077769109437,0.37790124674558806,4.039229228046264e-05,1.3076923181636513e-07,1.922305095648435e-05,1.635040481648081e-05,0.011314879826182895,0
0.4048787094976769,0.5831852764825358,2.188063129077245e-05,7.083810261829149e-08,1.1131241808325754e-05,7.936439180804694e-06,0.0118949948694046,0
0.42184628882111047,0.5637651428221844,2.5114564043777173e-05,8.130789469940994e-08,1.1587616147366797e-05,9.109435986425114e-06,0.014342675432632974,0
0.21056706347665516,0.7794276059590913,1.4988366814547786e-05,4.8524535347263636e-08,7.2316369037104346e-06,5.436509580663495e-06,0.00997762552641951,1
0.13132799582139165,0.8647684039611273,1.077377957263158e-05,3.026413471367484e-08,4.223664715023741e-06,3.5861081514228967e-06,0.0038849864009073503,1
0.15003349402563743,0.006807591010788556,7.128415057632478e-06,4.539225756191729e-08,3.089426930072803e-06,3.541922515708812e-06,0.843145109806813,6
0.8780633556281457,0.0979394733359345,3.0681735312140224e-05,2.663739238532754e-07,2.2131637379859082e-05,2.4118779675087095e-05,0.023919972509628445,0
0.7398371414829696,0.09506584223138116,1.6611155289612624e-05,1.3273958916769675e-07,9.509472077782566e-06,1.0385403544707412e-05,0.16506037751514782,6
0.7578425281108384,0.2420953729992418,2.144157627738403e-05,2.1874961216397853e-07,1.8125147837960542e-05,1.8474463060123045e-05,3.838953132042657e-06,0
0.7048793641901807,0.29505689057845863,1.9364478327963975e-05,2.179381807035492e-07,1.7343265588205907e-05,2.24760428925928e-05,4.34350637099253e-06,0
0.7159049383836134,0.28403133553899657,1.8640875089290708e-05,2.0979436341517357e-07,1.6982992141605753e-05,2.371121564487449e-05,4.181200151118307e-06,0
0.6979500542525622,0.3019867620849608,1.8355096326612336e-05,2.065780565998284e-07,1.715718420105774e-05,2.3347704713325728e-05,4.117099179464692e-06,0
0.6498238345405178,0.3501171337299878,2.1477600374814972e-05,1.9565572396323564e-07,1.1201184362988658e-05,2.236657286087877e-05,3.7907161718362975e-06,0
0.7646786497847414,0.23528052139934447,1.7794734159160822e-05,1.437800291800885e-07,5.755308623909045e-06,1.3792221627120598e-05,3.3427714746606028e-06,0
0.6646368924619958,0.3353208960451045,2.0191148722058052e-05,1.473077468563453e-07,5.735582431659681e-06,1.2351772850939942e-05,3.7856811483527865e-06,0
0.2530495008887697,0.7462114088857912,4.0885650415876945e-05,4.5315962066041524e-07,2.927773756883121e-05,3.8831905426505155e-05,0.0006296417724074621,0
0.18195135760540562,0.8177543152223296,4.0982438932924216e-05,2.6002363395043864e-07,3.222619339612219e-05,2.7609891845545713e-05,0.00019324862445631685,0
0.26725921269902186,0.7326649769728408,2.934305921436138e-05,2.1153215474574937e-07,2.1994576663257266e-05,1.8891726169425426e-05,5.369433935583072e-06,0
0.5971928539743057,0.40274585956217135,2.0150806782540377e-05,9.524709449473503e-08,1.3469411614381259e-05,1.2869304825430236e-05,1.4701693206296863e-05,0
0.2802755295736211,0.7193909860232398,1.954839384222631e-05,8.989694329351418e-08,0.0002884297685804949,1.7022467128896227e-05,8.393876644236633e-06,0
0.14584055995390266,0.8500779197439312,2.670868041852243e-05,1.8262307107949957e-07,0.0040288876365667916,1.6999517967505656e-05,8.741844142027319e-06,0
0.1728671916403361,0.8251331583121112,2.2360391697769807e-05,1.816925408952672e-07,0.0019458619185259056,1.4512614952180133e-05,1.673342983588109e-05,1
0.11102472627902629,0.8818131906367449,2.30460386948894e-05,2.0118777117791843e-07,0.007105106880978657,1.4968864961019826e-05,1.876011182306891e-05,1
0.13023233223161565,0.8509012243685082,0.0003494573333828803,1.8405984873319815e-07,0.017941090362205963,0.0005619991487687835,1.3712495669821187e-05,1
0.1251501811789781,0.843057989487657,0.00037091231615957735,1.8424434494449676e-07,0.030267931767133816,0.0011456667091658997,7.134296560337053e-06,1
0.1281298440003878,0.8202705179589211,0.0005652773433695926,1.72827194961005e-07,0.04984804210391883,0.001182862587831318,3.2831783764427336e-06,1
0.21036893723273048,0.7107506672209575,0.00047221201657527605,2.8240596580925446e-07,0.07637403314608608,0.002028880508478218,4.987469206617416e-06,1
0.4770308465646788,0.5038882572091314,0.0005682592711885196,2.637277552464101e-07,0.015352589174084441,0.003153166738194782,6.61731496673116e-06,0
0.3743249346674972,0.6229464965905636,0.00015282172112132783,1.408654532394139e-07,0.0018113579479383118,0.0007508001599294067,1.3448047497015482e-05,0
0.5828048827042052,0.41608938266340845,9.010588719254423e-05,1.526292896855879e-07,0.0006423800464890902,0.0003541262200958833,1.896984931918947e-05,0
0.5531624450155563,0.4467309313265737,2.116268467369205e-05,8.191402567250513e-08,1.954664823311261e-05,1.3539992206858458e-05,5.229241873061507e-05,0
0.1603222353711373,0.839589796589765,3.2156654307439354e-05,1.3208571304223672e-07,2.950993089520163e-05,1.284334114369374e-05,1.3326027038309003e-05,0
0.15028341586887747,0.8496195320507706,3.0613167917941304e-05,8.568931523829121e-08,1.92430202334075e-05,1.41332593560005e-05,3.297694352931976e-05,0
0.1932909261775002,0.806619472876488,2.3047732287317083e-05,7.759961555912943e-08,1.588374917630212e-05,1.7331403608826154e-05,3.3260461323530134e-05,1
0.3638268489348254,0.6361153548120345,2.2242497837158198e-05,7.939128657079706e-08,1.33902123800785e-05,1.2443299291703704e-05,9.640852344680285e-06,1
0.17363743915424662,0.8259370235912118,1.5144990947132645e-05,5.6499489350642076e-08,1.1865986305108611e-05,1.0269083418879534e-05,0.0003882006943812868,1
0.5362957727002973,0.4634025764288987,1.9165856602287255e-05,8.93167964846829e-08,7.924025305179173e-06,1.475967641489357e-05,0.00025971199568511864,0
0.5443254559422362,0.45529647117187,1.8830596379617553e-05,8.775441554346133e-08,7.788369553756173e-06,1.4501491638492841e-05,0.0003368646739064707,0
0.9450615397213583,0.05486999710834254,1.1452940900955652e-05,5.125803193067043e-08,3.659530595939992e-06,7.765939493928352e-06,4.553350127635666e-05,0
0.9047058725137356,0.09432864622826932,1.818373117528179e-05,1.307631259078543e-07,5.91396114055544e-06,1.303057046108197e-05,0.0009282222320921266,0
0.903564600210623,0.09548202970556209,1.3994526336971744e-05,1.5069078111141218e-07,6.116873467376146e-06,1.2991572227316643e-05,0.000920116421002231,0
0.8608167515775206,0.1383302795494066,1.3410565097671775e-05,1.1717961840904933e-07,5.719880152502833e-06,1.2209460342675954e-05,0.0008215117878616562,0
0.4849312988035413,0.5128288135220703,3.500075892750788e-05,2.839530161260771e-07,3.404972245307779e-05,2.499010092346895e-05,0.0021455631390683424,0
0.844679907919055,0.15524502248669256,1.1227797526843749e-05,1.091407082772554e-07,5.2812878343670815e-06,1.1479927701650256e-05,4.6971440481280467e-05,0
0.47627163144156476,0.5236564455625151,2.8858852205933074e-05,1.908153668511925e-07,1.6988119282620633e-05,2.0374193008270805e-05,5.5110160563180414e-06,0
0.4321865434094517,0.5677507915187289,2.5071993715427826e-05,2.1767104359839113e-07,1.3550998630018338e-05,1.907217849410852e-05,4.75222993640147e-06,0
0.5178629299988375,0.48206831832211644,2.718525937996701e-05,2.3601807845417275e-07,1.5497883834489832e-05,2.0679732341521986e-05,5.152785411509649e-06,0
0.3370559321101955,0.6582217592557559,2.5371589131027238e-05,2.619742253684289e-07,0.004671776567336981,1.9618297932961218e-05,5.280205421978582e-06,0
0.37634679483493977,0.6191757523130932,2.38665352013659e-05,2.4835980900078253e-07,0.004429916443873029,1.8454531791046135e-05,4.96698129247187e-06,0
0.34737929353881924,0.6501049691859718,2.354084670599733e-05,1.6841961175567283e-07,0.002472139219607012,1.5017412178450195e-05,4.871377105704585e-06,0
0.21062008130502552,0.778421070345028,0.00024102768749693804,1.684469841794244e-07,0.010529413130611518,0.0001820679279711994,6.1711568825626336e-06,0
0.3512995224771333,0.6175597771690203,0.000565478653998806,2.462018278236697e-07,0.027316396976010352,0.0032547497808245837,3.828741184747253e-06,1
0.25836830297934343,0.7217055201855885,0.00034112826138222224,1.249930494302221e-07,0.009825312364393712,0.009750044405696316,9.566810546225734e-06,1
0.3670354829614793,0.582808005853315,0.002718799913205472,3.0746876744757127e-07,0.026760834130816816,0.02067210630783577,4.46336458012324e-06,0
0.34006629854909926,0.5318795412593823,0.005354114589719621,2.9184174199829616e-07,0.11656611288041026,0.006129499978205921,4.140901440663229e-06,0
0.8780030251473848,0.11444428402012649,1.3203820798621201e-05,1.8249994635422292e-07,1.3201196506802566e-05,9.378738450779396e-06,0.007516724576786258,0
0.8787383685552983,0.11375446486740359,1.31242340498902e-05,1.8139991799156659e-07,1.3121625576133378e-05,9.322207594152358e-06,0.007471417110159978,0
0.8782959206148913,0.11317419824753248,1.3215955753007423e-05,1.8266767269330862e-07,1.3213329049336795e-05,9.387357968193052e-06,0.008493881827133036,0
0.841102502502283,0.153929822191261,1.1480967193652696e-05,1.7912036680388388e-07,1.2427749281656209e-05,9.205060631637949e-06,0.004934382408982265,0
0.7896078226369436,0.20762658182358898,1.0400810435200642e-05,1.6695327901158435e-07,9.455772600467425e-06,8.488084422684874e-06,0.0027370839187298747,0
0.7351990208682294,0.2614740880295796,1.0398630220240904e-05,1.5930048717306606e-07,9.022339607643601e-06,8.09900824772655e-06,0.0032992118236279725,0
0.7721108632956556,0.2211377003062989,1.2740400267558429e-05,1.9517493423810784e-07,1.0911311382485302e-05,1.0178699023767164e-05,0.006717410812437346,0
0.7787378826769301,0.21622725457656233,1.2188078180645132e-05,1.8671370659002108e-07,1.0458265802167762e-05,9.737431860349636e-06,0.005002292256957942,0
0.7794216027664668,0.21553279558045185,1.2142578312483046e-05,2.1500818310964867e-07,1.0419223575152976e-05,9.701080611258802e-06,0.005013123762399422,0
0.8612580415554819,0.13869698330225014,1.911916118797726e-05,1.9181880253872045e-07,5.145547942813463e-06,1.3389218718850243e-05,7.129395615701896e-06,0
0.8166529435140901,0.1829864385832714,2.1629966659604917e-05,2.877423255209781e-07,1.0487899925674058e-05,2.3877832456396637e-05,0.0003043344612713426,0
0.7972673445153806,0.20235763320565395,2.1485605425774172e-05,2.3667272190045784e-07,1.0395508850112148e-05,2.1440479929622636e-05,0.0003214640120378032,0
0.7228014536364,0.27671539191715727,2.404797482400652e-05,2.6591007070785127e-07,1.81061753509848e-05,2.288152397556861e-05,0.000417852862221244,0
0.7829542020509781,0.21657314913657796,2.2891730502837862e-05,2.1494286777648592e-07,1.5562980184847074e-05,1.9370566162959277e-05,0.00041460859272547754,0
0.9168871903159543,0.0812618724764484,2.2393400253594676e-05,1.8282523626361712e-07,9.932173253492481e-06,1.448162896634804e-05,0.0018039471798875072,0
0.7976431437903294,0.03199669144585839,3.4219272579222125e-05,2.39009514290252e-07,1.7960249086883343e-05,1.962517823538825e-05,0.17028812105439642,0
0.7562653525333303,0.052255819303657934,4.1475792293899804e-05,3.8063259234310316e-07,2.1959091937126316e-05,2.8813215127346696e-05,0.1913861994310611,0
0.8312292153585813,0.14463975765127196,4.08284975857023e-05,3.2909636687228157e-07,2.1582028141293082e-05,2.7659206897579504e-05,0.0240406281611554,0
0.7683565484461723,0.2171788715803116,3.803212830448278e-05,3.065563513120502e-07,2.0515156529358705e-05,2.342323256270026e-05,0.014382302899768258,0
0.661454473226298,0.3307254568976595,2.95214937058636e-05,2.987762025065683e-07,1.958353817808422e-05,2.2235752933656883e-05,0.007748430315022401,0
0.6788535035376215,0.31798369118270886,1.974303462034916e-05,1.815357085290203e-07,9.562950402921243e-06,1.3329438680733544e-05,0.0031199883202570693,0
0.46160094637241145,0.5259559276235366,3.6219437357558664e-05,4.367865638024842e-07,2.1465995455382396e-05,4.201840600435645e-05,0.012342985378670733,1
0.5873768236619435,0.4023562338433005,3.14347509997971e-05,3.674999695420391e-07,1.6774708392288645e-05,3.1862273006227984e-05,0.010186503262388008,1
0.45807879567019194,0.5360523707156993,4.360890546794444e-05,3.683878892533668e-07,2.3870230212193994e-05,3.661833176976335e-05,0.005764367758769372,1
0.3602018308285581,0.6338085114457354,3.2355256362238103e-05,2.919285091827248e-07,1.660410523278893e-05,3.067160369069162e-05,0.005909734831911823,1
0.5056242849785813,0.4924758816664849,3.0381979039977686e-05,2.1825091589070792e-07,1.526830053941316e-05,1.980918268166702e-05,0.0018341556417567884,1
0.3957184369971507,0.598210224342609,2.3933526184433047e-05,1.5423941103789262e-07,1.822596031954507e-05,1.7225969584610152e-05,0.006011798964740722,1
0.35269965408000375,0.6440308510959242,2.1329135551212865e-05,1.0324225998597829e-07,1.5593362382072762e-05,1.894788543572913e-05,0.0032135211984430363,1
0.40716016007788597,0.5926250323777832,1.9293142153662583e-05,1.1197915263869414e-07,5.577880673835315e-06,1.0284338013018647e-05,0.00017954020433793693,1
0.45538761965163416,0.5444550887273515,1.735800805994903e-05,1.0074744910988618e-07,3.6407647214327027e-06,9.266849680724542e-06,0.000126925251103367,1
0.25872565345130877,0.7412148711534003,2.2031123299380695e-05,1.837284811266169e-07,1.631968293775769e-05,1.662617345321995e-05,4.314687119547559e-06,1
0.27313419035913195,0.7268009973283738,2.1737391566729127e-05,1.8805551890055415e-07,1.8262278353350673e-05,1.7102585473898417e-05,7.522001581521834e-06,1
0.2690361117289469,0.7308946583232983,2.186624124282345e-05,1.934530895183758e-07,1.9346775623830663e-05,1.9308233904262453e-05,8.515243894236769e-06,1
0.09495819149571408,0.9049992115677128,1.543967202832917e-05,1.3137642241107657e-07,1.057661172769786e-05,1.0693145660555926e-05,5.756130734089343e-06,1
0.4657504843433586,0.5341812564977527,2.449578788257515e-05,2.0231818068218222e-07,1.8735840675107015e-05,1.9173746328502387e-05,5.651465821792892e-06,1
0.6132386756665398,0.3867020314803935,1.8978019589047954e-05,1.346776645217246e-07,1.472334018433255e-05,1.6382459693386648e-05,9.074355935577163e-06,1
0.5980388676341188,0.4018972739226773,2.1683165711028225e-05,9.180710905887134e-08,1.505417746433195e-05,1.4486487313244507e-05,1.2542805606029754e-05,1
0.5736910444986736,0.42623083195611233,1.700097728166704e-05,1.5338283071654706e-07,2.7544711045149876e-05,1.1358324932155339e-05,2.2066149124498176e-05,0
0.11072550903895659,0.8874779660792628,1.4484114489608444e-05,3.755997783577054e-137,0.0017570151129208767,1.0263929734979725e-05,1.4761724635349256e-05,1
0.09874983405357816,0.899728493449462,1.61406165220636e-05,3.849288044239426e-94,0.0014811508595372423,1.0525330075215695e-05,1.3855690825450835e-05,1
0.07845518417310895,0.9210122890871664,1.6787613563963915e-05,3.9149513977397587e-94,0.0004906137528162415,1.0704877165871003e-05,1.4420496178643143e-05,1
0.13974122188678068,0.8602018815320771,2.2134743410812695e-05,1.3558609795355003e-07,1.2111592817677798e-05,1.1575900558177736e-05,1.0938758257607772e-05,1
0.6252247604173152,0.3747084530454738,2.958711924845786e-05,1.4519359887005236e-07,1.4306251131132889e-05,1.1558394418192963e-05,1.1189578814318917e-05,0
0.593695015961828,0.4062312085617856,3.157113187436988e-05,1.57474214463678e-07,1.7084757403601765e-05,1.2826108637111323e-05,1.2136004256918586e-05,0
0.3570704519977764,0.6428404651636929,4.1384419783263565e-05,1.861172729763241e-07,1.664084347715304e-05,1.5159055535329202e-05,1.5712402461878492e-05,0
0.7216262127816636,0.2780630903805297,4.6281719973677634e-05,8.978407751928142e-08,2.3498754950076484e-05,1.0059076179327755e-05,0.00023076750262612819,0
0.36120945880148747,0.6249323413659473,2.634784266804184e-05,8.530060937850831e-08,1.0821477148828725e-05,9.556764980931354e-06,0.01381138844715812,0
0.023759218946965515,0.9719766397799169,5.5007183671984335e-06,2.1108419740976747e-08,2.4363755176406747e-06,1.2255379939539118e-06,0.004254957532818967,1
0.016614970172482372,0.9802295078015254,3.6192478684836867e-06,8.333612081412266e-09,1.9842097329909143e-06,7.448151062067646e-07,0.003149165419672342,1
0.1254895773902845,0.7461660595224509,2.457252719129397e-05,8.646761179524565e-08,1.327336181827826e-05,8.624478116951974e-06,0.12829780625252632,1
0.07514366900574786,0.14554951088993817,3.429437297577402e-05,1.8306182832980796e-07,1.414304002911679e-05,9.58856771511899e-06,0.7792486110617656,6
0.16309246632348512,0.008269872514727834,7.01964190444051e-06,5.4705108560943136e-08,3.3392186261062444e-06,3.828300168407355e-06,0.8286234192959795,6
0.6220193022065694,0.02614561229332464,1.5967544029572542e-05,1.4699674103769706e-07,8.183922910294308e-06,1.025485395355229e-05,0.35180053218247154,0
0.7540056052299412,0.03300061280058817,1.7981036987151063e-05,1.6553289802703965e-07,1.2613183900464633e-05,1.1547981824578212e-05,0.21295147423386043,0
0.3906186959763178,0.02628954083437066,1.9708211817150776e-05,1.5345457305758546e-07,1.607601232684337e-05,1.4612160769266115e-05,0.5830412133498253,0
0.39510792939530065,0.030715108245301076,1.9577329233471082e-05,1.5008487671762313e-07,1.2158211606118046e-05,1.4291293533562038e-05,0.5741307854401484,0
0.727873720004866,0.27207336728995374,1.8345124451980498e-05,2.064658277972415e-07,1.2850920441673308e-05,1.734398310483219e-05,4.166211353902901e-06,0
0.6818773748616281,0.3180560320770242,1.959947290973326e-05,1.6930721332936728e-07,2.0693983974492963e-05,2.2748797376856193e-05,3.3814998734624326e-06,0
0.7089016598243424,0.29103588588234663,1.8643108017386344e-05,2.683062472715276e-07,1.661232501299629e-05,2.3714055932111092e-05,3.216498101356152e-06,0
0.6647927601691812,0.335139048993499,1.9882249906435037e-05,2.86139620858032e-07,1.9301914450494687e-05,2.5290245912736545e-05,3.430287429279317e-06,0
0.7711566616844557,0.22880218053891926,1.8046597364454577e-05,1.4581506374046038e-07,5.632900022403059e-06,1.39874340487313e-05,3.3450301256339716e-06,0
0.8469299458918524,0.15302821830583782,1.9665090906689588e-05,1.253078258871508e-07,4.675282875269566e-06,1.0843762925676672e-05,6.526357776064178e-06,0
0.2750941987962183,0.7238468674671036,4.26546750421727e-05,5.262380247944378e-07,3.1375664461696524e-05,4.0275347850372235e-05,0.0009441018112988719,0
0.31922139477665684,0.679791255696386,4.6045184496438753e-05,5.680673200943265e-07,3.295689948832784e-05,4.347673075917483e-05,0.0008643026448929803,0
0.2573135968044447,0.7419022940735172,3.798315283847513e-05,4.686046560059847e-07,3.0275610439608774e-05,4.015541291592824e-05,0.000675226341188135,0
0.24853721908914603,0.7506167421827316,3.182149029176095e-05,2.3612429760154993e-07,2.533376796811127e-05,2.239299268661087e-05,0.0007662543528783823,0
0.2771703772382943,0.7226121825051278,3.282800376347348e-05,2.4359290715929125e-07,2.454620191718632e-05,2.6655702473406045e-05,0.00013316675551671686,0
0.26536613121031855,0.7345077035449364,3.568958359209604e-05,2.6482662440097593e-07,3.1606549516360186e-05,3.174116233227813e-05,2.686312267986807e-05,0
0.20897862524298277,0.7879061037168301,1.9943981052767678e-05,1.7890230573398263e-07,0.003073638332176012,1.4442137778322271e-05,7.067686874042082e-06,0
0.19803082241588527,0.7987000670318555,2.2355184424859697e-05,1.9515673770461066e-07,0.0032124741494420424,1.611261287523834e-05,1.7973448779396842e-05,1
0.12441687950895208,0.8716382571570575,2.4473922516855232e-05,1.9886633596874025e-07,0.003886850755200251,1.4796144472301778e-05,1.8543645465003446e-05,1
0.11780138543257838,0.8744899907437892,0.000126439629481913,1.9015708888855008e-07,0.007432327741273608,0.00013193475956896746,1.7731536219185448e-05,1
0.11576171884966543,0.8680847737914074,0.0003527868850371312,1.8686462285951554e-07,0.015320395636238401,0.00046271344866493817,1.742452436395832e-05,1
0.12146385737213557,0.8623818091170108,0.00031205275787697445,1.8563699812142938e-07,0.01521974685428863,0.0006085182680741145,1.382999361576447e-05,1
0.13480987255020654,0.8268902600742303,0.00043721873671434254,1.8110643139848076e-07,0.03649291899363742,0.0013661080806998808,3.4404580803175216e-06,1
0.2885180085085415,0.6337665297802377,0.0008615613227710722,3.049956434656984e-07,0.07361714003803957,0.003231538239923924,4.917114842721345e-06,1
0.34272806010562873,0.5624712850800688,0.0009790974351750032,3.0602222937869866e-07,0.090112376650733,0.0037039410407881945,4.9336653769282715e-06,1
0.4269372729657495,0.5682173180189259,0.00034829850502141334,2.1063435589248764e-07,0.0027064851592114142,0.001773851046094751,1.656367064103038e-05,0
0.46843114704140454,0.5293329488595451,0.00013157410260021424,1.2536132660677565e-07,0.0016769314775112953,0.0004091072505116724,1.8165907100564587e-05,0
0.4797826013511978,0.5189473841326658,0.0001362034720233615,1.2376099754204368e-07,0.0006049605750490549,0.000508690604485383,2.0036103581004938e-05,0
0.20852928960764378,0.791375735061547,3.1897024865579996e-05,1.503479153106178e-07,3.152484502347606e-05,1.4619064561206394e-05,1.6784048443513287e-05,0
0.17910327327704353,0.8208115601336174,3.533256600716268e-05,1.4513099310795822e-07,1.9375435929049013e-05,1.4111797650761342e-05,1.620165875893018e-05,0
0.35015948876656744,0.6495604975635946,1.9108531082812436e-05,6.334381555572317e-08,1.2864595198244331e-05,1.0422221517908408e-05,0.00023755497822338886,1
0.26952753618665115,0.7296581014359602,1.467587808144152e-05,6.20540187631757e-08,1.0694086025479174e-05,9.282861514309822e-06,0.000779647497748528,1
0.9593894747168732,0.038354134313651624,1.0120522454915493e-05,4.5294747230018313e-08,3.454681499268263e-06,6.671504206919686e-06,0.0022360989665666424,0
0.9101739948708716,0.08860536660113202,1.7451156301979222e-05,9.225925631811299e-08,5.727322497482804e-06,1.0219395846942744e-05,0.0011871483940938084,0
0.9094482120367251,0.08892996969694202,2.301575564494437e-05,9.259724532901327e-08,5.785125802337673e-06,1.012098824366049e-05,0.0015828037993964284,0
0.9040990920225235,0.09492970581499768,1.4862253193103635e-05,1.315963450153064e-07,5.8030061887095715e-06,1.2949423587843569e-05,0.0009374558831641456,0
0.8009055220705045,0.19808222190619262,1.4753469449749925e-05,1.3838543556585202e-07,7.543365599948746e-06,1.4838975168335484e-05,0.0009749818276493049,0
0.6152019560316012,0.38470465486165506,3.099581914470314e-05,3.0129735123907103e-07,1.6448686199541466e-05,3.359176115413486e-05,1.2051542894240224e-05,1
0.43917812656836847,0.5607532896342587,2.4994885193485926e-05,2.2404433401922528e-07,1.3553600788187339e-05,1.8218958141599533e-05,1.1592308915664484e-05,0
0.45161925640622536,0.5483196899430419,2.4427271892078755e-05,2.12073671737505e-07,1.3202537129744023e-05,1.8581740843496234e-05,4.630027195592491e-06,0
0.8960713757718514,0.10390237080028779,9.978148612088019e-06,8.66286920069121e-08,6.3199491898031455e-06,7.977409550353685e-06,1.891291816775183e-06,0
0.8537098649204757,0.1462539827138216,1.3158055739121708e-05,1.14236137619084e-07,9.866344755606787e-06,1.051970697151105e-05,2.4940220988415464e-06,0
0.8221487521869417,0.177816431977407,1.2671610756346173e-05,1.100128999996203e-07,9.501592242024639e-06,1.0130800070824676e-05,2.4018196822409187e-06,0
0.43787382025556687,0.5620691896933964,2.2698472664921314e-05,1.9706451306354225e-07,1.319366557225065e-05,1.6598503505560863e-05,4.302344780919983e-06,0
0.42738786389766803,0.5725520401900988,2.1971351678437863e-05,1.796406758017316e-07,1.7115956051799507e-05,1.66102748940019e-05,4.218688933124053e-06,0
0.385156747928902,0.6147527347897559,2.1969850243158474e-05,1.787862390998982e-07,4.785026797309799e-05,1.598015005986021e-05,4.538226826990485e-06,0
0.4060653622818698,0.5910677319287341,2.4314845470937928e-05,2.484871891682268e-07,0.002818908931095878,1.8463996854492218e-05,4.969528785608031e-06,0
0.39307423540384734,0.6039409488031919,2.4251243092137893e-05,2.4783720040513457e-07,0.0029380566961937703,1.7303486901937927e-05,4.956529572733833e-06,0
0.1668239532766552,0.8268589139425693,2.399933087001668e-05,1.7910927408872128e-07,0.006270718525087975,1.5674039238068076e-05,6.561776305511454e-06,0
0.160072115982527,0.821516077417182,0.0015820532912603834,2.5675821546115694e-07,0.01575353688106551,0.001071660932540887,4.298737208667658e-06,0
0.2576025466317269,0.698353763326398,0.0015071984738975648,2.92490241757133e-07,0.038586123175623134,0.003944910338170721,5.165563942034755e-06,1
0.26892242171815195,0.697423792226368,0.0004264430127069059,2.2320234109351298e-07,0.03040860657548734,0.0028133390364602816,5.17422848425817e-06,1
0.21780953519183593,0.7569460822924378,0.0003678913714841211,1.3884720023924185e-07,0.017012928461486054,0.00785928620704557,4.137628510311372e-06,1
0.3229496072249695,0.6513319537936878,0.0005310219252350766,1.9760960785922483e-07,0.013742929187169583,0.011441178838405404,3.111420924795199e-06,0
0.37933310109219187,0.5531885104925177,0.0035200928225812052,3.478830573245824e-07,0.03979057266327439,0.024163102361511146,4.272684866299195e-06,0
0.37228267625020695,0.535317602156049,0.004760639634941797,2.912487986193525e-07,0.06212686091573501,0.02550779513967265,4.1346545960604515e-06,0
0.37764026018093455,0.5339112788113605,0.004748133043289845,2.904836640843378e-07,0.06196364854519812,0.021732265143034557,4.12379251856245e-06,0
0.37932075629070006,0.5306400829421136,0.003914289229353726,2.8870391340337847e-07,0.07579017391890369,0.010330310388367165,4.098526648393188e-06,0
0.2518789911657238,0.6303265353135304,0.0021545738883509374,2.688100286826661e-07,0.11227399900755282,0.0033575579455483646,8.073869264814793e-06,0
0.20858594426441673,0.6572406191898318,0.00236766576154316,3.001084381418272e-07,0.1288630453177333,0.0029334114224084146,9.013935628440775e-06,0
0.8745267562406358,0.11674719701230449,1.346951559258913e-05,1.8617231410180755e-07,1.346683849327752e-05,9.632653400255575e-06,0.008689291567259732,0
0.8324315132908452,0.16169246113273505,1.2825710653386756e-05,1.7727380141680606e-07,9.910543353153418e-06,9.11016496649594e-06,0.005844001883645204,0
0.693189276827177,0.30371924432133485,1.1128572725753132e-05,1.5825734156971969e-07,8.963258721824425e-06,8.180429522496176e-06,0.0030630483331764826,0
0.6842102116173914,0.31238937432108477,1.1446254841878332e-05,1.6277503924768629e-07,9.219128640483209e-06,8.413952385271355e-06,0.0033711719506170673,0
0.7079113743374127,0.2878661526447354,1.1485511172312006e-05,1.7595082106291194e-07,9.836581752240882e-06,9.095017500318525e-06,0.00419187995660596,0
0.8446914951196024,0.15500254360053808,1.945473088330785e-05,1.712564208607704e-07,1.2415908986821969e-05,1.5592839485052558e-05,0.00025832654408366746,0
0.8594653811105835,0.14027360079072057,2.033780697859534e-05,1.640120142648256e-07,9.861359828054378e-06,1.6084329357078747e-05,0.00021457059051801475,0
0.8594762727559357,0.13881059501600598,2.278792884795447e-05,1.7842319328456752e-07,1.2473817131692726e-05,1.3629524938915235e-05,0.0016640625339463353,0
0.82370954869402,0.17409371610586857,2.455299213113561e-05,1.9172407571358202e-07,9.724139744720311e-06,1.39632741446444e-05,0.002148303070014986,0
0.7356353446438758,0.0660441351560976,4.135541327306829e-05,3.7952784723207203e-07,2.3488252128297443e-05,2.8729587873177325e-05,0.1982265674189046,0
0.8695126938477458,0.09727967135520477,4.270891381769537e-05,3.919492234745938e-07,2.2576020044890104e-05,2.8933092166198273e-05,0.03311302482179734,0
0.8263552757702074,0.1467764805387759,4.5881417274601153e-05,3.296964914789486e-07,2.2451362553578023e-05,2.519131494736765e-05,0.02677438989974963,0
0.6698324312782373,0.3219196556990866,2.989541186033906e-05,3.0256049090862337e-07,1.749218211489772e-05,2.510341461283118e-05,0.008175119453597128,0
0.6208719878382383,0.3757780835888644,2.2274228916658677e-05,2.2542929554270638e-07,1.3243187126242548e-05,2.0026148936052487e-05,0.003294159578622954,0
0.5978504823319315,0.39872930175658533,2.2712497526832885e-05,2.2979653138145255e-07,1.4743476050761488e-05,2.041411499492272e-05,0.0033621160263792135,0
0.6643070788854089,0.3345879172100134,2.0867108316720165e-05,1.7848179073792346e-07,9.605914623334999e-06,1.310520175091806e-05,0.0010612471980959433,0
0.5872586339400336,0.4114671603351625,2.2113885364058865e-05,1.6627102942043245e-07,1.042847438207494e-05,1.3253005803229487e-05,0.0012282440882249665,1
0.5348820605577794,0.46451362273162233,2.967340751953768e-05,2.8966546952499663e-07,1.8876445662445207e-05,2.2619337312304815e-05,0.0005328578546344486,1
0.5429603322851645,0.4546061034674542,3.694080563850288e-05,3.3727380093107526e-07,1.6645236591597287e-05,3.0088088409817702e-05,0.002349552842940411,1
0.48784914826139447,0.5005648380606483,3.445287265911358e-05,3.862575421273573e-07,2.0419014260889984e-05,3.996900275163761e-05,0.01149078653074342,1
0.533982987384384,0.4551801762978299,2.8818505202123863e-05,3.209340457153062e-07,1.8415676200490325e-05,2.8918179826473316e-05,0.010760363022511498,1
0.44213420746296644,0.549754384341168,3.579021986454672e-05,4.323532244969709e-07,2.39228543512325e-05,3.7565387708688766e-05,0.008013697380716767,1
0.43004263825758327,0.5620099511901971,3.6871069335816405e-05,3.5859621280149023e-07,2.2569176673623983e-05,3.564502383169921e-05,0.007851966686165796,1
0.5093336582431714,0.48632840646398706,3.564208777815766e-05,3.3791820772420883e-07,1.756813429598982e-05,2.7731761068624618e-05,0.004256655391491096,1
0.6137442247925845,0.38510705319233146,2.0826540039812836e-05,1.54876151199722e-07,9.821576093383557e-06,1.760464537735097e-05,0.0011003143774220927,1
0.5050321918620835,0.49456177681672403,2.652303480231401e-05,1.4869397076314743e-07,1.0603998644075078e-05,1.35167865283003e-05,0.0003552388072469841,1
0.4043002282730733,0.5955332917583468,1.8641597168009317e-05,1.0644929308651132e-07,3.846815322024766e-06,9.776468075557781e-06,0.00013410863872140993,1
0.2955539196125965,0.7042698812307854,1.871645705561263e-05,1.0687676622865086e-07,5.323722219640259e-06,9.71506448312852e-06,0.00014233703609351783,1
0.32945832088182136,0.6702838958519656,2.0390267200743746e-05,1.1763108084285532e-07,1.0421791714729099e-05,1.0692628303924959e-05,0.0002161609479129243,1
0.5544560306077239,0.4454701498976943,2.6528329811414792e-05,3.019462859071918e-07,1.715011668800325e-05,2.4604705232930332e-05,5.23439656366347e-06,1
0.26398180180665143,0.7359549650386181,2.2074591485536357e-05,2.2827069040398795e-07,1.5715545173768784e-05,1.7097806269265676e-05,8.116941111431224e-06,1
0.2637454822339265,0.7361913135688005,2.245535043162999e-05,1.9817828414272557e-07,1.9245311223850557e-05,1.6212117246382254e-05,5.0932400867391994e-06,1
0.27066160491686125,0.7292705271725141,2.220700433049056e-05,1.930232147268114e-07,2.072110346550265e-05,1.625045756118147e-05,8.496322052754329e-06,1
0.2736939957095727,0.7261795407762855,3.79064874805629e-05,2.9999195105965416e-07,5.431506089028491e-05,2.6556345796030652e-05,7.385628023616574e-06,1
0.1528216887657632,0.8470999656578202,2.4971618744276578e-05,2.1248391328630191e-07,2.5041871261539893e-05,1.8809825588296338e-05,9.30977690913082e-06,1
0.47275271492945403,0.5271804075677939,2.41806915673514e-05,1.9971570414452915e-07,1.84948362057817e-05,1.842348987186933e-05,5.578769402939322e-06,1
0.6472290358982176,0.3527123271879221,1.5397022709249075e-05,1.389119512734276e-07,1.2829931978862682e-05,1.0286725523009307e-05,1.9984321697903024e-05,0
0.5682212939424226,0.43038428665381684,1.685099698442384e-05,1.659632222064949e-07,0.0013512460100205744,1.2224796316698888e-05,1.3931637216770405e-05,0
0.4998108053568832,0.49741497776231075,1.7455119003535682e-05,1.7191313941260276e-07,0.0027254409756699875,1.2663065259533646e-05,1.848580773354143e-05,0
0.4891510724547336,0.5079543526420001,1.6948294951231588e-05,1.6692149690682753e-07,0.0028472152475349745,1.2295382515684805e-05,1.7949056767608166e-05,0
0.5275433499439965,0.4694567098799358,1.7591230353904173e-05,1.5631939761150124e-07,0.00295268884981593,1.1006136725453814e-05,1.8497639774790992e-05,0
0.5220979406370755,0.4739563198543689,2.7555346570543646e-05,1.8224280348118091e-07,0.0038892780709438783,1.1542614331665873e-05,1.718123390594494e-05,0
0.14308191477564655,0.856855500283412,1.9679703136031908e-05,1.34131616428501e-07,1.1333970850610603e-05,1.1010542948496285e-05,2.0426592389740513e-05,1
0.2892258167153938,0.710713459373628,2.8889381941841182e-05,1.5981865670223347e-07,1.2221401008300607e-05,1.3318412910922143e-05,6.13489646049481e-06,1
0.7261375549565064,0.2738010446310259,2.699321843557942e-05,1.3246448553626926e-07,1.3807463579436992e-05,1.078909260054847e-05,9.678173366572001e-06,0
0.29681209853970314,0.700897341354454,4.185227606012622e-05,6.802101161637146e-08,4.111798373507785e-05,7.006985162679361e-06,0.0022005148398734713,0
0.17508370730843953,0.8230305045858399,1.9182480708845126e-05,5.3884635043926006e-08,7.574708825295672e-06,6.037035338317344e-06,0.0018529399962130347,1
0.013648505470044639,0.983340170658277,3.0452567973950945e-06,8.36005798755762e-09,1.5272074109055089e-06,7.471787043922764e-07,0.003005995868707748,1
0.17958008298174716,0.6057760708086039,3.568987518658994e-05,1.3721013617070153e-07,1.9616621680672233e-05,1.4884567392683176e-05,0.21457351793525287,1
0.11594418339904944,0.22668756265382814,7.53170082490147e-05,2.8245844578014183e-07,2.1822240631217818e-05,1.4794841247516427e-05,0.6572560373985488,6
0.14790844541309492,0.00888818900220489,5.9092958742199435e-06,5.539715446087459e-08,3.4973297707669017e-06,3.895186343548041e-06,0.8431900083755571,6
0.14808682078362106,0.009476516251199364,6.168153635382486e-06,5.782383670589108e-08,3.4586320639712636e-06,4.189302739861903e-06,0.8424227890529037,6
0.8000315020899947,0.19991541865359785,1.868136662296817e-05,2.4182607598698454e-07,1.5188609697148131e-05,1.675164187100383e-05,2.2158121404470577e-06,0
0.7952167887979027,0.20472792766825154,1.9600525278142775e-05,1.9996698224684331e-07,1.3201135538012642e-05,1.8296565532369767e-05,3.985340515248091e-06,0
0.90598383680505,0.09399278762485581,9.70946548415582e-06,8.67298089210557e-08,3.3301001216448708e-06,7.265538618840483e-06,2.9837360606382832e-06,0
0.8021711948719831,0.19778103604850983,1.8772732649930456e-05,1.2546679308924658e-07,6.707198669971923e-06,1.4026024522963701e-05,8.137656871131232e-06,0
0.6434683962445786,0.3564689520002653,2.359104107333873e-05,1.995567558261815e-07,1.1424516326999893e-05,2.2812523082154083e-05,4.624117917916495e-06,0
0.617009743871925,0.3829277540322695,2.356110723324858e-05,2.0123820760892193e-07,1.1520778532032497e-05,2.3004739865026153e-05,4.21423196782271e-06,0
0.6883648691504523,0.31159267637961907,2.0077553410825552e-05,1.4647899413992238e-07,4.866013408552044e-06,1.3318919277358903e-05,4.045504837801367e-06,0
0.24688047484720257,0.7522973823845693,4.3339517519540446e-05,3.10583474765162e-07,2.920387738607303e-05,3.010174194268781e-05,0.0007191870479049444,0
0.24920678451807357,0.750206113649006,3.841833757667136e-05,2.36443097694654e-07,2.6305310556668777e-05,2.4560306787375108e-05,0.0004975814349018296,0
0.26260693407103175,0.7361394601575094,3.273027239353902e-05,2.428677132457496e-07,2.6096761905747734e-05,2.522765775031005e-05,0.001169308211695977,0
0.24879646154180723,0.7510066263987526,3.346109795969607e-05,2.482906419614033e-07,2.5019580014893535e-05,2.7169762684125474e-05,0.0001110133281395593,0
0.28289463977760804,0.717016331365913,2.9543907459895003e-05,2.4042239908826464e-07,2.9454108737255155e-05,2.3687647407556965e-05,6.102770475204859e-06,0
0.3319394614475542,0.6679770891350925,2.917107101103609e-05,2.3738833077404818e-07,2.2101198602032397e-05,2.2444502849209443e-05,9.49525656017297e-06,0
0.3636584777235663,0.6362652104204695,2.2655093924453402e-05,1.811706172323266e-07,2.310247526939028e-05,1.3479539478853562e-05,1.689357667433566e-05,0
0.3439503672515958,0.584489866095747,0.0011739697360386601,2.812815988734327e-07,0.06754481088111504,0.0028361699549509997,4.534798953482424e-06,1
0.576785360652392,0.42143252524519703,0.00013603866069920664,1.4814360755811425e-07,0.000787845642688913,0.0008439387820208528,1.4142873394477647e-05,0
0.23088642312204663,0.7690196114653409,2.473799598014469e-05,1.0162767525692894e-07,2.2690351245622795e-05,1.592914446571829e-05,3.0506293245551528e-05,0
0.5241177884375114,0.47574041884740403,5.0135734179700474e-05,1.2665330529782802e-07,2.844219386858813e-05,2.088969910765518e-05,4.219843462334659e-05,0
0.3758243715910431,0.6230504947105566,4.6047555233154146e-05,3.2554674445229505e-07,4.3135187320086417e-05,3.147592343760956e-05,0.0010041494856648655,0
0.3998671961493992,0.6000610624873806,2.7818296253975362e-05,2.281463200360191e-07,1.8723978160589324e-05,1.9990014595276766e-05,4.980927890231397e-06,0
0.40093983032784275,0.599000438010792,2.2140236417839093e-05,1.8017280764855057e-07,1.7166656959393334e-05,1.5671172341691766e-05,4.573422838812398e-06,0
0.39131242244650305,0.6077453612285056,2.6123318377249874e-05,1.6316946357188592e-07,0.000891491938830742,1.900124685009878e-05,5.4366514696134365e-06,0
0.3875063709592902,0.6095170759112605,2.3770564599558662e-05,2.4432660670072504e-07,0.002930593533083862,1.7058384423040582e-05,4.88632073610513e-06,0
0.3803090802644178,0.6165795458936595,2.0371840552839034e-05,1.6374821891484946e-07,0.0030736109475404515,1.3070796900946558e-05,4.156508709465346e-06,0
0.24685981817489103,0.7497094501524295,2.1436454322910265e-05,1.5998228423981976e-07,0.0033868937833579004,1.812986103935492e-05,4.1115916750572214e-06,0
0.20583864259083665,0.789241812620761,2.2566803796505433e-05,1.6841818917311666e-07,0.00487375926206618,1.9085853041273182e-05,3.964451309238849e-06,0
0.27862353054160166,0.681523096715582,0.0016400209850422703,3.9614534465564427e-07,0.033392821349044415,0.004814622126244658,5.512137140229319e-06,1
0.21608516139314846,0.7609693117360516,0.00031539736786244794,2.7289536529874443e-07,0.020550850465565797,0.002075179281216022,3.826860790366756e-06,1
0.19904021722541035,0.7799694319467387,0.00037216806029924566,1.833291382453105e-07,0.017355573465813595,0.0032569380355427506,5.4879370570985e-06,1
0.2593231346676172,0.7175355203413991,0.0005155258761413294,1.8786424774479815e-07,0.013251134952095844,0.009371538321112104,2.957977386759878e-06,0
0.28196617309418637,0.6626886532456572,0.0006785959160264348,1.835691423601473e-07,0.035857188289862105,0.018806351159221083,2.8547259044169337e-06,0
0.3733711586074596,0.5158960725678986,0.0038428082974196758,2.825088490299104e-07,0.0983610009737873,0.00852466646491429,4.0105796714234155e-06,0
0.3738823249198081,0.47609616742216104,0.004182678453732017,2.859385348164028e-07,0.1381952316996102,0.007639252297642549,4.05926851123112e-06,0
0.3366015652426751,0.5086593780748478,0.0036326256446612415,2.896928817332985e-07,0.14402439480149506,0.00707685733356949,4.889209869580908e-06,0
0.31377182618572375,0.5426330322259727,0.003022847543686208,2.8694067658838203e-07,0.13473637714626063,0.005830787197376143,4.842760303830014e-06,0
0.3047697039321404,0.5753886060605544,0.002720367582382235,2.757735456892997e-07,0.11215492997498576,0.004957833653746985,8.28302264428653e-06,0
0.29996656109111,0.5690424845091674,0.0026268517413765625,2.869574443612439e-07,0.12321616275084028,0.00514280990676414,4.8430432971851714e-06,0
0.28721317793221274,0.5619524895990786,0.0022111776475917284,2.9249799430833924e-07,0.14284939969165406,0.005764677280052138,8.785351416534993e-06,0
0.8647111917073592,0.12384606343204016,1.329872483108129e-05,1.8381168642529189e-07,1.414925617393331e-05,1.1508394339849085e-05,0.01140360467356933,0
0.8674020501784525,0.12423145479980961,1.3340108574820973e-05,1.843836822988816e-07,1.3757147669233651e-05,1.1544206829261786e-05,0.008327669174982127,0
0.8667598325063716,0.12419108482412282,1.343220565570453e-05,1.856566253792955e-07,1.3852123893341142e-05,1.0563724923678852e-05,0.009011048958407587,0
0.827918736659311,0.16584159603622645,1.3154826824674185e-05,1.818227637603828e-07,1.0164854414108674e-05,9.343937791612518e-06,0.006206821862668354,0
0.7555520651353246,0.2418834643639508,1.1584785818465365e-05,1.6474506223446038e-07,1.0026602498575714e-05,8.40321189218649e-06,0.0025342911554533864,0
0.7729861737877529,0.2244442789695325,1.185210083750123e-05,1.685464988891696e-07,9.54600817388162e-06,8.56908543629123e-06,0.0025394115017679966,0
0.8499946535840825,0.1496509921819854,2.266535110262258e-05,2.374269833188286e-07,1.5115904314208823e-05,2.030121490099064e-05,0.0002960343366308362,0
0.7269927968595628,0.2725052918890484,2.6254071815898768e-05,2.618643687741593e-07,1.8441934114032658e-05,2.043473557136342e-05,0.0004365186455187391,0
0.8519888775729964,0.1477544514210999,2.016088805996973e-05,1.6258527104536833e-07,9.77557569612739e-06,1.3867919467546219e-05,0.00021270403740915406,0
0.764149052203827,0.23447081707130685,3.113929377188634e-05,2.083246875990566e-07,2.8045299093334382e-05,1.7243675559451035e-05,0.001303494131753985,0
0.8538683057445421,0.14462057822273006,2.3648497334496805e-05,1.9135442409999508e-07,1.039553035360495e-05,1.5157227894346224e-05,0.0014617234227214547,0
0.8581098111008981,0.10863171675416558,4.797357905436074e-05,3.4473042982188937e-07,2.2624942663809427e-05,2.8617809381276486e-05,0.03315891108340701,0
0.6837634133192392,0.30755776969254045,3.359649995344572e-05,2.690252656026497e-07,2.4722370072394012e-05,1.766964380602299e-05,0.00860255944912302,0
0.6433008168836293,0.3552722871031913,2.2250919144656127e-05,1.699239547453262e-07,9.14533070849687e-06,1.2476834191568907e-05,0.001382853005179903,1
0.663769305073934,0.3351674111768552,2.3008442786362996e-05,1.753305800280417e-07,9.436316027791375e-06,1.2873820992455736e-05,0.001017789838824176,1
0.6146899539773253,0.3848757072398643,2.4690243258532698e-05,1.5964588178032375e-07,1.0168184179788433e-05,1.592587809319811e-05,0.0003833948313971703,1
0.49448958937782017,0.49651422831740977,2.7085621460347727e-05,3.193096134428152e-07,1.5637445017273516e-05,2.6721433388375047e-05,0.008926418495290538,1
0.4612866839429284,0.5335410339456602,3.5428077980627876e-05,3.1080716399698557e-07,1.7708043083133446e-05,3.2002027669726214e-05,0.005086833155513879,1
0.5468845524168058,0.4510042859968724,3.4328897964519996e-05,2.3652956431760794e-07,1.4871588663591194e-05,2.1468213913608085e-05,0.0020402563562157685,1
0.6182420484452281,0.3799055839539057,3.0880804647953996e-05,2.1277185410108027e-07,1.385190416786324e-05,1.931188471857748e-05,0.0017881102354776596,1
0.40161893921074904,0.5931257265098264,2.4402821524135972e-05,1.572637809631938e-07,1.6919028757959517e-05,1.9146583889686868e-05,0.00519470858147166,1
0.5339707040891006,0.46548150893540774,2.6082182713112285e-05,1.8322406150113003e-07,1.1026106230425858e-05,2.0826929145248073e-05,0.0004896685333414577,1
0.2535647073445502,0.7461599326162126,1.816992854887788e-05,1.0482198751981032e-07,1.0311768428835098e-05,8.76080697666415e-06,0.00023801271329523723,1
0.4719102720089247,0.5279994264225555,3.36248731270776e-05,3.5470287323564654e-07,2.0571003470747402e-05,2.731718503436044e-05,8.433804014313488e-06,1
0.6238138450173963,0.37611269497774225,2.6023856835204284e-05,2.952920469372169e-07,1.870091002627476e-05,2.1993081536657682e-05,6.446864416313584e-06,1
0.5319350735586975,0.4680061255212149,2.2789925716162056e-05,1.6482008843153633e-07,1.2770773531035415e-05,1.8315164882366786e-05,4.760235869568687e-06,1
0.3526329922952058,0.6472888452295321,2.7394309160751652e-05,2.3752789065723934e-07,1.8818395310681872e-05,2.020031650524424e-05,1.1511926394774283e-05,1
0.3859453701849076,0.6139555429887799,3.0387141994479948e-05,2.6288663651913116e-07,2.0550177471032e-05,2.1554656684602228e-05,2.6331963526038336e-05,1
0.22982643240489148,0.7701130188751053,2.1734183038016034e-05,1.880277611297933e-07,1.5603252256056385e-05,1.819088828295327e-05,4.832368665158003e-06,1
0.24838190734270071,0.7515557705832966,2.2919978668194375e-05,1.9828637067172712e-07,1.6265251851890154e-05,1.7842539169695537e-05,5.096017942268268e-06,1
0.2514223457945708,0.748520188642653,1.8788626033574824e-05,1.6586842279114842e-07,1.658809981690269e-05,1.4621921629394798e-05,7.301046873613498e-06,1
0.28373288871638647,0.7161538543920696,2.6461417288007364e-05,3.062968113651546e-07,4.763844765306984e-05,2.7114474272068475e-05,1.1736255519470519e-05,1
0.5737059769645079,0.4262282500848498,2.1026083503018995e-05,2.068648859240082e-07,1.915689203450681e-05,1.9604638760627356e-05,5.778471458109437e-06,1
0.5677268920818437,0.4322195751959756,1.8687774415719735e-05,1.9633707965555608e-07,1.2006439204069084e-05,1.5225052869162618e-05,7.417118612168797e-06,1
0.41195037778286414,0.5879742518603446,2.969732672581578e-05,2.310199460537923e-07,2.0900529233742845e-05,1.672908610368076e-05,7.812394782034783e-06,1
0.5665738366595844,0.4333638007829683,1.9668359247909194e-05,9.097053597638587e-08,1.3559830572202932e-05,1.3247422277077118e-05,1.5795974814011884e-05,1
0.6913202596586032,0.3086136858414726,1.705481930268533e-05,1.5386859347350282e-07,1.0902974571327886e-05,1.1487099168474653e-05,2.645573828848033e-05,1
0.6744388327089756,0.32548917504319197,1.6242233139377942e-05,1.4653744045422392e-07,2.124224452824823e-05,1.3279883538747195e-05,2.1081349185429676e-05,0
0.6593770183846169,0.3404448808395453,1.6375502661798793e-05,1.47739798192752e-07,0.0001269343625089451,1.3388846618012608e-05,2.1254324250731378e-05,0
0.6489385910099221,0.3501756655384886,1.5639563920725045e-05,1.540319795076338e-07,0.0008172392876218031,1.3885093073987736e-05,3.8825474993291256e-05,0
0.4594880180464354,0.5377243345874291,1.7376580056880547e-05,1.7113961980022382e-07,0.0027428482282921838,1.5427248011541744e-05,1.1824170155031096e-05,0
0.4999754500040174,0.49716597622603037,1.658833231956647e-05,1.6337627294884488e-07,0.0028172184186931993,1.3315848215990808e-05,1.128779445050175e-05,0
0.5713776076017335,0.4251115861217577,2.4715562586733526e-05,1.6346132333664347e-07,0.0034655129123465525,1.1896984799578854e-05,8.5173554526626e-06,0
0.5309106551669224,0.4644983687032166,3.88286995054354e-05,2.2379923442402136e-07,0.0045239724499145035,1.6288477517195657e-05,1.166270368946166e-05,0
0.530632915790241,0.4642553720970313,3.880838674905533e-05,2.2368215660826128e-07,0.005044156960065606,1.6855036109460837e-05,1.166804764691626e-05,0
0.1338633828507579,0.8644059344911514,1.346552421147881e-05,4.22163373243586e-137,0.0016826436108647968,1.0553395468767897e-05,2.402012754557059e-05,1
0.12351830211215788,0.8730349539533135,1.2912421766901434e-05,3.6948718473773075e-137,0.0034129851152845028,9.147276274025195e-06,1.1699121203172704e-05,1
0.10502950155286822,0.8917061746836717,1.3497274524819284e-05,3.82158442895433e-94,0.0032330652805208386,8.665066015213963e-06,9.096142399279325e-06,1
0.07231574062792177,0.9262675863914271,1.5147029060272639e-05,3.4955796800441664e-94,0.001382682060116247,9.377476193070366e-06,9.466415281483227e-06,1
0.07489225165849497,0.9249645375850637,1.5130303703077028e-05,8.933066770314982e-51,0.00011013834953132705,8.486140745883655e-06,9.45596246091262e-06,1
0.2596587471434875,0.74027950212238,2.8154016504407672e-05,1.5575054902750126e-07,1.1503318679349256e-05,1.1819108930033997e-05,1.0118539469741646e-05,1
0.28237968736596175,0.7175284782932217,4.4669327705502303e-05,2.1387606558058222e-07,1.959684086843583e-05,1.8956145372623074e-05,8.398150804201505e-06,0
0.2869548167378695,0.7129762223804261,3.092534367153911e-05,1.3907989190488022e-07,1.482713753183303e-05,1.1327910470200475e-05,1.1741410138982763e-05,0
0.6281837686792149,0.3717086664124505,4.045936137108273e-05,1.8195702740756704e-07,1.71484546206832e-05,1.0985389140811728e-05,3.878974617452854e-05,0
0.7085890060723397,0.2910695483786053,5.040841088271724e-05,8.825586820091103e-08,2.628190589717081e-05,9.61541542548471e-06,0.00025505156098163024,0
0.27216735486406335,0.7246483267757156,3.844261852682096e-05,6.247941683314842e-08,4.205399509137125e-05,6.436134016821374e-06,0.0030973231331692047,0
0.24149368753839986,0.7530183427914664,2.814480696203147e-05,6.631137523112557e-08,9.63954304479369e-06,7.429281376340172e-06,0.005442689727375323,1
0.10730834314541317,0.8861598045811346,1.556175034792861e-05,3.6664705782729164e-08,5.39044027142555e-06,3.7769072130611236e-06,0.006507086510914,1
0.03911554798954327,0.9538754828579374,1.433086345784705e-05,5.499315924311328e-08,5.0732195821541076e-06,3.3199942368866947e-06,0.006986190082083012,1
0.010154488902646506,0.9868230185127991,3.0560426540291993e-06,8.389668096952575e-09,2.035658286755707e-06,7.498251026837193e-07,0.003016642668843069,1
0.11050981475600373,0.026744317161841724,4.451600188456236e-05,2.569418220485346e-07,1.6143241713932555e-05,1.2713749886151508e-05,0.8626722381468479,6
0.04844754093176728,0.00021112804601140152,4.120833562882753e-06,2.9815867197851135e-08,2.187586549370015e-06,1.5906188452251519e-06,0.9513334021673966,6
0.03610666978264038,0.002044178204269262,1.6089988994887087e-06,1.9366512866692308e-306,9.140386065551795e-07,8.703108790468959e-07,0.9618457586647053,6
0.09431739717888711,0.005319386444286343,4.883360957781019e-06,3.5701028153816404e-08,2.1792030272558453e-06,1.9328084468841833e-06,0.9003541853033664,6
0.2483077200952655,0.013836885583742367,1.108283932505951e-05,8.63702075824329e-08,4.800910593268364e-06,6.0730204707917065e-06,0.7378333511803955,0
0.7066408555795751,0.024225300680620985,1.8035686259563986e-05,1.6907694567939212e-07,7.825333033848934e-06,1.2249524627444803e-05,0.26909556411893737,0
0.20588541094948476,0.00824813848580552,8.027234724400494e-06,6.509414662681768e-08,6.144701746418122e-06,5.47923301329963e-06,0.785846734301079,0
0.3074009494031594,0.010679368023989909,1.0941427935254228e-05,9.084529508987787e-08,6.83204551816184e-06,8.521171698572198e-06,0.6818932970824036,0
0.3496759666654898,0.019835536661502205,1.740782032386878e-05,1.3282718579813417e-07,1.1442194429343902e-05,1.2647991876287566e-05,0.6304468658391927,6
0.08899319532523392,0.008721385796173575,4.957192910561138e-06,4.746806382374061e-08,4.3919094234430925e-06,3.756501925093341e-06,0.9022722658062695,6
0.7893782615214827,0.2105660985031403,1.939313641112983e-05,2.2868713919704556e-07,1.1701610993488804e-05,1.8102973577963444e-05,6.213567255389975e-06,0
0.9037400770643528,0.09623355058154838,1.1141946540256384e-05,1.1180879488753438e-07,3.5505652705554914e-06,8.240174830920868e-06,3.32785866221696e-06,0
0.7125602216503558,0.287388051685296,2.006649605921157e-05,1.2009947504344768e-07,1.1394759743076301e-05,1.8389709803400514e-05,1.7555992674203189e-06,0
0.6664358587588097,0.3334996308519097,2.190648686195579e-05,2.5705777397522526e-07,1.6117703280829825e-05,2.2888419336142516e-05,3.34072202780304e-06,0
0.6648612117140921,0.33507501049503297,2.101704867438625e-05,2.1386028200900976e-07,1.6193839801813867e-05,2.2996539245580885e-05,3.3565028712855106e-06,0
0.6386178104995316,0.36131795812267586,2.0393178702874502e-05,2.3240494123527613e-07,1.5996264157752307e-05,2.2950401198602395e-05,4.659128791997335e-06,0
0.6333481935332247,0.36658646099165954,2.3078206848118056e-05,2.0527111230110771e-07,1.3875273435283049e-05,2.3430193055474118e-05,4.7565306646344475e-06,0
0.7560910132636568,0.24386904611693366,1.7470605602334438e-05,1.411610963575037e-07,5.5495873683705415e-06,1.3540998267926622e-05,3.238267074544701e-06,0
0.7538726530588866,0.24608921708729486,1.690916234567362e-05,1.3662467973539334e-07,5.371243327176837e-06,1.257862280164334e-05,3.1342006641606875e-06,0
0.7700156927429882,0.2299427401174112,1.8526839534484688e-05,1.3649651866846554e-07,4.820966514714831e-06,1.2293648082915721e-05,5.78918894994868e-06,0
0.7364136618839939,0.26354420362107295,2.1980557243050873e-05,1.3894477995990117e-07,5.081064742768958e-06,1.1147505141646955e-05,3.786423025770103e-06,0
0.7491202375271065,0.2508043868430591,3.2367272462316045e-05,1.471699088135883e-07,4.9325093383441135e-06,1.0298250558136209e-05,2.7630427566800248e-05,0
0.7450988286928546,0.25480150016097486,3.219351926636679e-05,1.4637987492878405e-07,4.996546666833697e-06,1.024296774277864e-05,5.2091732619620826e-05,0
0.14365171179146724,0.85579390006924,3.571589485650445e-05,2.672302352101683e-07,3.2337716682669366e-05,2.8895072760125782e-05,0.0004571722247581397,0
0.20459693554824285,0.7948801837812829,4.072170558999436e-05,2.8335299730849874e-07,3.471352929428057e-05,2.7853891936444024e-05,0.0004193081906564087,1
0.16407378615062157,0.8353833787970515,3.868155413571711e-05,2.53531466588471e-07,3.1060098449775e-05,2.4922404703398665e-05,0.00044791746357140906,0
0.18878319381908096,0.8102061672584605,3.5054395124858376e-05,2.5144745693557926e-07,2.797460999228214e-05,2.6597493475108e-05,0.0009207609764094254,0
0.12916157891446925,0.8652185555587397,2.261234071191965e-05,1.9740166582101854e-07,0.00556396154531202,1.4687169411216704e-05,1.8407069690072918e-05,1
0.12012304807333894,0.8646803053075088,0.00021869136765078945,1.8358779748951362e-07,0.014549979247854148,0.0004106734448998197,1.711897094982192e-05,1
0.16330622480478638,0.8176608853640788,0.00023668631923824695,1.8282989637239962e-07,0.01819977133070413,0.0005825710114385599,1.3678339857609654e-05,1
0.4580991100191811,0.5140056384840324,0.0004142205402169452,2.4569590263554554e-07,0.023818519646787925,0.0036583045246126084,3.961089266446954e-06,0
0.5565695887864115,0.44088257775346856,0.00015116198306398235,1.5498076599550252e-07,0.001054124230854422,0.0013275966668392107,1.4795598596407364e-05,0
0.5841970558605869,0.415637757401546,2.7812411924004385e-05,1.076530061986565e-07,1.359303803282145e-192,1.6873556180164125e-05,0.00012039311675675391,0
0.38896159558343874,0.6109121908331943,3.6952848087468445e-05,1.0694212241125318e-07,2.4015706271436005e-05,1.7638613961568813e-05,4.7499472924137345e-05,0
0.330610472763132,0.669332533148421,1.8870440758989413e-05,7.42425283907705e-08,1.3352560513811382e-05,1.740614271493719e-05,7.2907019310150304e-06,0
0.3311488971645581,0.6683259954987166,2.3399590275349755e-05,7.756846007982588e-08,1.5107676753369295e-05,1.673014037991676e-05,0.00046979236085662124,1
0.37399648682458364,0.6244831546689706,2.726867209178215e-05,9.039427091206408e-08,1.65103486650833e-05,1.642964067911939e-05,0.0014600594507388227,1
0.5012858581410489,0.49707896461803464,1.8371943434771123e-05,9.908257237449682e-08,8.924790399675424e-06,1.5580294892652137e-05,0.0015922011296168803,1
0.5243113146027527,0.47397639889326465,1.922176192248634e-05,1.0366576751186405e-07,1.0809600318345397e-05,1.6300981993112707e-05,0.0016658504939812734,1
0.9169271930904428,0.08054245621918812,1.8754492369707126e-05,1.7823809986348429e-07,6.9651600543423605e-06,1.2548501803549667e-05,0.0024919042980415533,0
0.919151736496521,0.0778588678976493,2.7584419193066603e-05,1.403001344845468e-07,6.315095796835976e-06,1.1113225989268403e-05,0.002944242564716002,0
0.8993221200110377,0.09797678418204245,1.4970116015692457e-05,1.1428517908480636e-07,5.476559303602549e-06,1.0007774121220184e-05,0.0026705270723001127,0
0.8819338229369851,0.11480033517016411,1.537585258378635e-05,1.6295813106046788e-07,6.884964802654829e-06,1.2511544606031639e-05,0.003230906572727157,0
0.3062943036190772,0.6921812282439627,4.609389966849548e-05,3.6345546110252884e-07,4.691524761586024e-05,3.3684694089463975e-05,0.0013974108401251153,1
0.4705033286077382,0.5294230135236001,2.8743155079850568e-05,2.4954348001018993e-07,1.8924584439337532e-05,2.029251146527366e-05,5.448074197348093e-06,0
0.5009672183108129,0.49896018082091764,2.7221056845466877e-05,3.0220505275303484e-07,1.917238772517309e-05,2.0706963349131486e-05,5.198255297016714e-06,0
0.4309765062758871,0.5689556051567256,2.5412717135382013e-05,2.2062914989187682e-07,1.810704368807128e-05,1.9331365615653253e-05,4.816811798327474e-06,0
0.3644544154609682,0.6354854480902813,2.426493572852974e-05,1.928260796875948e-07,1.3062842096651461e-05,1.8087509351674975e-05,4.5283354939812125e-06,0
0.3707480229378322,0.629149330428999,2.3627199192478378e-05,1.922734127604172e-07,5.5677113691522934e-05,1.826946789519819e-05,4.880578976879641e-06,0
0.41620962540402057,0.5835505382160658,2.508332843251785e-05,2.041231007459382e-07,0.00019151190778262327,1.785565464647534e-05,5.1813659511909575e-06,0
0.25029243693434805,0.7462312953460694,2.1376054981063054e-05,1.5953151824420585e-07,0.003432823198114247,1.774247012225731e-05,4.166464846688013e-06,0
0.2265846953468601,0.7673150858045057,2.1754761474083355e-05,1.6235784058731306e-07,0.0060521815219385725,2.218799944985152e-05,3.932207931108133e-06,0
0.1776797996192886,0.8041233838283826,0.0017871514303100843,2.5536263430620633e-07,0.015667910256984375,0.0007372768248127903,4.222677587261685e-06,0
0.22983745714243745,0.7425125579432506,0.0014087333060494127,2.1109315625265527e-07,0.022330231588627084,0.0039061723496881936,4.636576790989328e-06,1
0.2317838634588855,0.7435872565844633,0.0003104036377174886,1.758973231519623e-07,0.022636209471828116,0.0016785553912485483,3.5355585339067745e-06,1
0.22554273102541592,0.7546305871900016,0.0002996058716791669,1.8722200396849648e-07,0.0177523502139802,0.0017709818420088934,3.5566349101617615e-06,1
0.19594290112750173,0.7910315518410593,0.00034867810550872946,1.7917698953637237e-07,0.010109578716217494,0.002546596367929107,2.0514664794139623e-05,1
0.2482941231349888,0.7313074833070348,0.0004221233449137134,1.6564885810105298e-07,0.005104856159029566,0.014854547922905663,1.6700482269351837e-05,0
0.1954433665305207,0.7842825179997182,0.0006477155832524662,1.8434291432022285e-07,0.005921583564384167,0.013686046788781579,1.8585190428583803e-05,0
0.3467222748468405,0.621316511611983,0.0005950921503488905,2.2742310701999895e-07,0.020981410545895543,0.010381423599432706,3.059822392415545e-06,0
0.3229086038245693,0.6116520309159796,0.0008225357855904323,0.0,0.048383724580831476,0.01623036976964452,2.735123384638115e-06,0
0.39112281987377984,0.40552441961325614,0.0028814642387990615,2.502895554418108e-07,0.19077261995071784,0.009694199628124713,4.226405766932812e-06,0
0.3505726350269946,0.5061697459777232,0.003451617033546299,3.0400042142100223e-07,0.131332219930787,0.00846834465957253,5.133370954995504e-06,0
0.3412147018150514,0.5134343883482093,0.00424464515288279,3.083634920305163e-07,0.13321712438645783,0.007882918591300166,5.91334260656129e-06,0
0.31529114974876876,0.5199178825298103,0.0036250974395873755,3.124211054873675e-07,0.1534317364992979,0.0077278333469215305,5.988014508665074e-06,0
0.8480872481076155,0.13861653402884042,1.3075268038847139e-05,1.8072312189407092e-07,1.3931508433440565e-05,1.154592771272563e-05,0.01325748443623708,0
0.8501743944302408,0.13649596600180527,1.3107446329070833e-05,1.8116788226526652e-07,1.3965793934915043e-05,1.1574342289905849e-05,0.013290810817517667,0
0.8319719562293918,0.15627835995741848,1.308521138249113e-05,1.8086055633136651e-07,1.3494281869027693e-05,1.1323624973278409e-05,0.011711599834408394,0
0.8313759790692925,0.15702925423925176,1.2911917192321931e-05,1.7846532688288141e-07,1.4005559497966634e-05,1.1173660378732403e-05,0.011556497089059915,0
0.8555034109191739,0.14442746505676668,2.866307420617668e-05,1.7397863718172605e-07,4.5369086573841024e-06,1.3812034267812877e-05,2.193802829097158e-05,0
0.7581383645884344,0.24146408562720476,2.464965943042541e-05,2.5747694718369745e-07,1.7822189620262813e-05,2.2155854889049278e-05,0.00033266460347402296,0
0.8552987666598376,0.14295655323255985,2.368811497917911e-05,1.916749946409115e-07,1.0412945685412626e-05,1.5182620360539454e-05,0.0016952047515828212,0
0.8652345273834332,0.13314915659705745,2.1382305834263076e-05,1.9577317680158832e-07,1.027215060550391e-05,1.55072383109949e-05,0.0015689585515820156,0
0.8284445854508312,0.04768540369866636,5.670644001105552e-05,4.1175134219933006e-07,2.549407052729705e-05,3.1168849542629106e-05,0.12375622973907911,0
0.6947356131134804,0.2919766147115313,3.5108602107235e-05,2.8274301642644296e-07,2.8761665192107805e-05,2.2121845918068232e-05,0.013201497318754514,0
0.7040956495377217,0.29025593130661653,3.268956607264371e-05,2.5389109529103465e-07,2.360313714120459e-05,1.667562787927766e-05,0.005575196933473568,0
0.5647691707058993,0.4320203856367416,2.6115917856471556e-05,2.2899580584410889e-07,1.7601769206889986e-05,2.1179719148006826e-05,0.003145317255341907,1
0.6256070116490844,0.37327189111348574,2.3512487615319214e-05,1.6673153910566994e-07,1.0457357426054015e-05,1.446507024468583e-05,0.0010724955906044476,1
0.5715192030015368,0.4280414405800225,2.4453021066302922e-05,1.5211944505609136e-07,1.0168244340124986e-05,1.5925972319086334e-05,0.0003886570612699821,1
0.4259364205473616,0.5719306109322511,2.8715075134991946e-05,2.7300810532863877e-07,1.4921134317663432e-05,2.552436538546669e-05,0.0020635349374439095,1
0.36118809901328053,0.6335185594030557,3.422241230424215e-05,3.3283622271598617e-07,2.7784862512213707e-05,3.30844405691804e-05,0.005197917032055433,1
0.4496870838322382,0.5459850822103103,3.080956468055446e-05,2.8157880816595607e-07,1.766054734687905e-05,2.8278231569019036e-05,0.004250804035046858,1
0.5690780286134702,0.42368142753650934,2.7941272776575598e-05,2.7174787113647277e-07,1.4264755878580057e-05,2.7832577115151025e-05,0.007170233496379138,1
0.5699430876147648,0.42692483842266016,2.2639742440819992e-05,2.0426932134412134e-07,1.2029995950099521e-05,2.1032438215594567e-05,0.0030761675166472457,1
0.4531014572785928,0.5407016490365905,3.738346908706742e-05,2.5663065192200227e-07,1.9576521599690188e-05,2.3795433258641923e-05,0.006115881630219496,1
0.5607358896694712,0.4388706741763798,2.21753576736269e-05,1.4209811456615465e-07,8.326541715046279e-06,1.2917200817268805e-05,0.00034987495582849043,1
0.4329110460556421,0.5668705294344651,1.9246927326926648e-05,1.099059257574561e-07,5.474609557017295e-06,9.99082161189378e-06,0.00018360224547120897,1
0.2578015070338433,0.741870999488786,1.951521826431402e-05,1.1258293943454335e-07,1.0491403280382335e-05,1.2796688664521706e-05,0.00028457758422205544,1
0.3789727923027765,0.6209504092138539,1.8753969947195232e-05,1.5458047156730523e-07,6.847945159017343e-06,1.1030585531722476e-05,4.001140226012629e-05,1
0.283561890331305,0.7162739239629871,3.5753412387958845e-05,2.8812854652830524e-07,3.445178046169802e-05,3.557129524567744e-05,5.812108906597085e-05,1
0.3134818774667355,0.6863655261871678,3.4695080389470694e-05,2.795996917952257e-07,3.3431977896508926e-05,2.7695055396397364e-05,5.6494632722399314e-05,1
0.44238507098413726,0.5574936341462283,3.5090621226146924e-05,3.4362008233742927e-07,2.4375718307378635e-05,2.7336146751395534e-05,3.414876326702135e-05,1
0.5525229623945457,0.4474003942272384,2.853060267529032e-05,3.2373602874044423e-07,1.7454433937574857e-05,2.3178548495253804e-05,7.156057079063825e-06,1
0.5894177472139842,0.41051257287972837,2.615528682764694e-05,2.967833797455353e-07,1.618749086852649e-05,2.0560921772605394e-05,6.479423438862786e-06,1
0.644211469613165,0.35572186229046193,2.465099266933581e-05,2.6087883288077486e-07,1.5663663481082855e-05,2.039701190871992e-05,5.695549480972205e-06,1
0.6504611892702071,0.3494736298996691,2.4185267012814135e-05,2.559501078048414e-07,1.3799712887614877e-05,2.1351955369056045e-05,5.5879447464749574e-06,1
0.5595508862499757,0.4403914130605276,2.075196654256898e-05,1.832010469567948e-07,1.3836190616053941e-05,1.614985725401304e-05,6.779474037011671e-06,1
0.31064116569929395,0.6892783108689877,2.470222322526838e-05,2.137050065259586e-07,1.6705587886499142e-05,2.128057450582648e-05,1.7621341094214627e-05,1
0.41993050464468396,0.5799918836577101,2.578543872658614e-05,2.238054671723575e-07,2.024783049779673e-05,1.6649676970004745e-05,1.4704945944278146e-05,1
0.6919448251423667,0.3079896579447919,1.6059670563480245e-05,1.448903607475597e-07,1.2644450203118681e-05,1.3267126564481331e-05,2.3400775149737542e-05,0
0.5139187670769252,0.4832565588001885,2.4100567280379002e-05,1.4818209755208507e-07,0.0027805739697358417,1.154598497352513e-05,8.30541879908417e-06,0
0.5405772608265723,0.45660421545969804,2.4047995562266254e-05,1.590462351163212e-07,0.0027745085709745577,1.1520799165228561e-05,8.287301792507762e-06,0
0.5823624146921546,0.4140217877954837,2.51907224171757e-05,1.6660388804290605e-07,0.0035732456153852567,1.1947789766870402e-05,5.246780904260844e-06,0
0.19433053884594914,0.8055942159756172,2.6520492886142362e-05,1.4671374959412798e-07,1.0905124649572453e-05,1.349558585645143e-05,2.41772612918862e-05,1
0.22360805165527947,0.7763210067915097,3.3043469709709985e-05,1.8199476837237645e-07,1.4439343000555918e-05,1.613045983877894e-05,7.14628589327157e-06,0
0.676250436047896,0.3236756404741381,3.253558222985328e-05,2.0023808884685523e-07,1.7314574649306734e-05,1.6695494937418427e-05,7.177588060409386e-06,0
0.15167033225382198,0.8482748001750802,2.6808723364808657e-05,1.0919139877729151e-07,1.4820844247745298e-05,8.17717010632535e-06,4.951641980143723e-06,0
0.25172207925287005,0.7482137040879185,2.9962770647618534e-05,1.45500498583842e-07,1.551163057365881e-05,1.1850862110638862e-05,6.745895381089406e-06,0
0.31781344872532524,0.6821099811061269,3.4912951725318245e-05,1.570132769941147e-07,1.6738993828868828e-05,1.1505826374126186e-05,1.3255383342650686e-05,0
0.3089480157303478,0.690977550032423,3.3939051988163965e-05,1.5263337837089377e-07,1.6272058182223392e-05,1.1184870375628407e-05,1.2885623304746902e-05,0
0.3877228691382215,0.6121987172101547,3.666368801898711e-05,1.6488682617964906e-07,1.630545445341872e-05,1.208279471470987e-05,1.31968276104416e-05,0
0.5394276909693206,0.46047856961428674,4.4989454926944334e-05,2.0233012103459314e-07,1.906850726456069e-05,1.3285497278358979e-05,1.6193626801841285e-05,0
0.22028462477690355,0.7777002571992709,3.4987183045380864e-05,6.779589485719939e-08,2.5295670098484457e-05,7.59560146806442e-06,0.0019471717733186918,1
0.11994551292528696,0.44771625541789106,7.515293862687692e-05,2.818431418594715e-07,2.1748019233476566e-05,1.4762612351686644e-05,0.4322262862434681,6
0.00905124175115221,9.650441631898311e-05,6.944628555771952e-07,6.027760003398011e-09,5.84115607627898e-07,3.9075368056055824e-07,0.9908505784726251,6
0.014951661704439368,0.00012196454654436753,8.076148306669967e-07,6.189889773668245e-09,6.957021640650173e-07,3.6617670651587285e-07,0.9849244980654251,6
0.04935241041121456,0.002761599605017833,2.1436105527787577e-06,2.6205393993475677e-306,1.2368123252183622e-06,1.1776430604322033e-06,0.9478814319178293,6
0.10325738606904318,0.004596974202820029,4.796259961160828e-06,3.45875514981222e-08,2.0797909956440237e-06,2.0365663847614747e-06,0.8921366925232437,6
0.16921870058938585,0.008100147458044504,8.50626009553857e-06,6.218713582304994e-08,3.3246408746753683e-06,3.661670887246694e-06,0.8226655971935765,0
0.3927368251968549,0.011715174069849562,9.555278620313277e-06,9.411344919826599e-08,4.874994309753748e-06,6.298481508264978e-06,0.595527177865408,6
0.19433792303826128,0.04047122759879495,4.100110112221159e-06,3.031400429798274e-08,2.9434662173482877e-06,3.520122835287767e-06,0.7651802553497746,6
0.8045240849164045,0.19541074554162802,1.9276632050434583e-05,1.9666258349242717e-07,1.3623358142579813e-05,1.6549826909749753e-05,1.552306228107378e-05,0
0.8378058541571727,0.16212733305168284,2.2358865352662287e-05,2.1657357010076817e-07,1.3085149767805231e-05,1.5582609614952256e-05,1.5569592838975904e-05,0
0.9209955497133353,0.07896056516109351,1.1020258276714402e-05,1.1058766013792604e-07,3.3294439973141883e-06,8.150178656299659e-06,2.1274656980735967e-05,0
0.9157278128045423,0.08424841618057174,8.566797664373175e-06,7.231650752808441e-08,2.683342381722544e-06,6.4856009519445035e-06,5.962957380410856e-06,0
0.7037686049312737,0.29617623360097894,1.723834282471173e-05,2.2828931810014915e-07,1.3951360831962929e-05,2.05366555688291e-05,3.206819203797503e-06,0
0.6542198215340219,0.3457212021106955,1.9610160837603832e-05,1.8619228650807827e-07,1.1826785121879954e-05,2.1284750877511086e-05,6.06846615909731e-06,0
0.8057654330456808,0.19419608263352833,1.60614750785066e-05,1.2777269026717346e-07,5.476477698416521e-06,1.2256704022858395e-05,4.561891300971494e-06,0
0.745758505117589,0.25411757091385434,3.2222021935907305e-05,1.4650947297514723e-07,5.000970380728104e-06,1.0727073919733076e-05,7.58273928474145e-05,0
0.76448065420368,0.23535164160256775,3.324014575559183e-05,1.3569012505127818e-07,4.515988764732183e-06,9.058047635191002e-06,0.00012075432147163818,0
0.3109918904559935,0.6873964705162706,4.431482078910411e-05,3.4383118130100525e-07,2.0697214423522464e-05,3.680449349742216e-05,0.001509478667844534,0
0.31904136366726454,0.6795341716405184,4.047561212733346e-05,3.527306412805698e-07,1.964248656076993e-05,3.331505865239804e-05,0.0013306788042351894,0
0.17028700517959344,0.8291987114160126,3.4668093509250176e-05,2.8447286433099233e-07,2.8259555875206178e-05,3.075948388347877e-05,0.00042031179826163164,1
0.20221135850997357,0.7967783507706991,3.6655424795815196e-05,2.7534815283063434e-07,2.6037521540227355e-05,2.9125650295091806e-05,0.0009181967745434237,1
0.2567126905907768,0.743110279691299,3.3047548177219075e-05,2.559625277394767e-07,2.5077980525252518e-05,2.7676718007156352e-05,9.097150868680247e-05,1
0.20061142132040535,0.7992950759303336,3.325683571661712e-05,2.538098720679719e-07,2.6105556163655147e-05,2.7443955639504692e-05,6.442591869334472e-06,1
0.20146857889231012,0.7984403871992267,3.326609654189393e-05,2.5388054893268563e-07,2.611282561636092e-05,2.4956719857941007e-05,6.4443858980310115e-06,0
0.2111646815905675,0.7887429863801302,3.359269701071196e-05,2.563731018596805e-07,2.6773563104299273e-05,2.5201740381930008e-05,6.507655703458606e-06,0
0.2607161553336072,0.739193756701976,3.461869634413063e-05,2.418640487714717e-07,2.525835325731072e-05,2.3829686125706887e-05,6.139364640954926e-06,0
0.34884995494705406,0.6510598000196891,3.0912314601299925e-05,2.2426232937208794e-07,1.8835967474238338e-05,1.936074877909757e-05,2.091174007291774e-05,0
0.19447468490873787,0.8020557567712839,2.1039969267908654e-05,1.851857795490444e-07,0.003416308598440363,1.4897450570389382e-05,1.7127115919814435e-05,1
0.45775521921330514,0.5036433020756352,0.0004529463380419473,2.4551146097191904e-07,0.03452236630251053,0.003621962443333131,3.958115713016718e-06,0
0.507314091950579,0.4903608590940789,8.134433967166105e-05,1.7204750162395636e-07,0.002073426189293498,0.0001489278724802313,2.117850639517329e-05,0
0.47056568911403424,0.5274896778490208,1.6697401299191766e-05,1.7836901110286327e-07,0.001890667743609372,1.5132858693133338e-05,2.1956664332152814e-05,0
0.8493328895002712,0.1506274947448563,6.92900930555129e-06,6.046374602712367e-08,1.1439610148901833e-05,5.634281993956931e-06,1.5552389678177444e-05,0
0.8436565442300571,0.1563019485802457,7.757365436558535e-06,6.769212637943564e-08,5.4990651584040386e-06,6.307854770050442e-06,2.187521220590206e-05,0
0.4652715616310899,0.534563822895245,2.604546221547111e-05,1.0476278209816076e-07,2.1651012807620107e-05,1.6436140453259462e-05,0.00010037809540663041,0
0.5894392009327835,0.4104601197989983,3.9670312273730804e-05,1.002154701406433e-07,2.2739678248933623e-05,1.9028382624324322e-05,1.914067960119033e-05,0
0.6740470185375425,0.3258791126718176,2.8074836577271012e-05,9.525696964286666e-08,1.9255453647249958e-05,1.6999807290735777e-05,9.44343615507718e-06,0
0.4787394873444278,0.519837927684678,3.2987998515978486e-05,1.4780191220182504e-07,1.8364262256718497e-05,1.5802704368007418e-05,0.001355282203841251,1
0.677233672969279,0.31817444470178924,2.776841527634233e-05,2.0587052545967449e-07,2.398780063217706e-05,2.105420994741781e-05,0.0045188660325503885,1
0.7333875843115653,0.2648768229010786,2.372137473815896e-05,1.43964408823872e-07,1.3495164240784371e-05,1.6550714054488517e-05,0.0016816815699137592,0
0.8728607363274528,0.12255860900950373,1.8068793425143143e-05,1.3794116827646626e-07,6.697835408396023e-06,1.2241422862934227e-05,0.0045435086701788715,0
0.33739041465752223,0.6603260819756002,5.3706416746247616e-05,4.2348099429768077e-07,5.126247405239058e-05,3.592716009994963e-05,0.0021421838349846645,1
0.3308251617970728,0.6670723051499419,4.978552207961567e-05,3.925643092429517e-07,4.589617548682751e-05,3.33042591700907e-05,0.0019731545319394946,1
0.3286589509983829,0.6701360705136377,5.113340838407522e-05,3.948243425441862e-07,4.141742846945255e-05,3.6591931119513146e-05,0.001075440895663882,1
0.3132836243802089,0.6864732275215454,4.60544285475029e-05,3.8819860657262145e-07,4.2212495250969034e-05,3.5787191291730416e-05,0.00011870578454909893,1
0.7153305771144199,0.28460635527292444,2.3264755032932195e-05,2.1523893440419175e-07,1.2530081930223756e-05,1.6754428795183892e-05,1.0303107962949507e-05,1
0.6718717749457161,0.3280684057636591,2.2898802613209387e-05,2.069533882850607e-07,1.2047740889107092e-05,1.7101739795517507e-05,7.564053938606543e-06,0
0.4348521879847733,0.5650575377073951,3.432544699098829e-05,2.9800804648064584e-07,2.4055076304529856e-05,2.5089615925472293e-05,6.506160563950702e-06,0
0.486973450062441,0.512951123984896,2.8255978989767572e-05,1.8828932490482167e-07,2.0932556670672112e-05,2.0653238998973675e-05,5.395888678745862e-06,0
0.8822205051150369,0.11774952115883731,1.1375516233626264e-05,1.2628967725213492e-07,7.205012412543596e-06,9.094588121527674e-06,2.172319680806028e-06,0
0.8796451283740969,0.12032091597161713,1.365129457710659e-05,1.1195842452247437e-07,8.167866072547768e-06,9.580240519264232e-06,2.4442946928195817e-06,0
0.44771031080785995,0.5522265459956137,2.4153456768658264e-05,2.096964525843554e-07,1.7209796756408972e-05,1.6992119191435224e-05,4.578127357018519e-06,0
0.4446769449698739,0.5537312422927603,2.408152044829779e-05,1.4741874975387258e-07,0.0015467239567778714,1.59096000007945e-05,4.95024138911879e-06,0
0.45311230198893715,0.5449495039055087,2.190218262618283e-05,2.2512237511153524e-07,0.0018958469636171185,1.5717584215395714e-05,4.5022527203357085e-06,0
0.2590719000685365,0.7372870930143961,2.2389059279649188e-05,1.6709166504793172e-07,0.0035955035738457213,1.858328001525698e-05,4.363912261720488e-06,0
0.21342854293623456,0.7686027060318189,0.000341727057916917,2.006857241332294e-07,0.016440471824025565,0.0011827216067898147,3.6298574899832795e-06,1
0.4209719523749241,0.5639476040982037,0.0003622100529379892,1.3255394896282448e-07,0.0045127763255772245,0.010191960693806627,1.3363900601329571e-05,0
0.33599281871307773,0.6467460152950317,0.0006044112799600606,1.5201543136337052e-07,0.005519787503664311,0.011124753668817683,1.2061524017073233e-05,0
0.3642435561832268,0.6113071394960855,0.0005000307633658555,1.6005166663779237e-07,0.013503974224742313,0.010439240474657427,5.8988062554280046e-06,0
0.31605135107797955,0.6495765203095091,0.000571447799420517,1.821142640722117e-07,0.023929969908160077,0.0098660660266017,4.462764064887125e-06,0
0.3266267903208658,0.632631949013803,0.0005988789944124469,1.8820801538316064e-07,0.03120283752898028,0.008935831071281547,3.524862641743419e-06,0
0.38151742585328163,0.5482968969973154,0.0011240726588146075,2.3793775602172252e-07,0.05350802474289178,0.015548979672374253,4.3621375662048806e-06,0
0.3235673498278715,0.45121006040464884,0.0031572360517934167,2.454886360705008e-07,0.21506027578942488,0.007000124816753761,4.707620871535117e-06,0
0.8523965166124782,0.13097002357290063,1.3354307377259086e-05,1.8457993463544168e-07,1.4228820800942173e-05,1.1792329394185556e-05,0.016593899777114184,0
0.7643214182287139,0.22786996897581435,1.1705849019251214e-05,1.6179535080232705e-07,8.991252094169994e-06,1.006140196140017e-05,0.00777769249704607,0
0.7311915591972422,0.2635480357779977,1.1356706428028182e-05,1.6150158808131037e-07,9.172867974799835e-06,9.968285853226928e-06,0.005229745662915978,0
0.8463165523488985,0.1533597810853289,2.0523285188429346e-05,2.1517794963660476e-07,9.951294173943365e-06,1.6901910461028438e-05,0.000276074897999605,0
0.8526383699930303,0.1470087625653566,2.226517292083137e-05,2.0735966177957129e-07,1.4849018746136153e-05,1.9739065153504118e-05,0.0002958068251309874,0
0.7508598662929412,0.248771704730957,2.282236347773176e-05,2.523578941884827e-07,1.808685142158449e-05,2.1715361102821447e-05,0.00030555204220558007,0
0.8418044319208556,0.1579033641008056,2.2418751061197875e-05,1.8079355963593244e-07,1.0870364309324235e-05,1.512363945344559e-05,0.0002436104299551042,0
0.8400017671268077,0.15974596432969737,2.001169482887861e-05,1.613821185928111e-07,9.703235146467927e-06,1.4693787586634371e-05,0.00020769844381420587,0
0.7024905557415753,0.29656107969518025,2.6928940469031567e-05,2.1450748810506295e-07,1.6310816047626528e-05,2.002186907920021e-05,0.0008848884301605283,0
0.852774689604171,0.14584133166109206,2.183319086399178e-05,1.7094785838312506e-07,8.289215747840994e-06,1.3540819135749044e-05,0.001340144561131059,0
0.7194441175588243,0.27566516986699074,3.0428922091470823e-05,2.5086184173002643e-07,2.3321520776699965e-05,1.8368939274529937e-05,0.004818342330200564,0
0.7244333382967962,0.27070213603018206,2.9155634866366334e-05,2.403646188122761e-07,1.8050544939945177e-05,1.9943029131724985e-05,0.0047971360994647225,0
0.6240203409420682,0.3747692692592101,2.2667045967388446e-05,1.8041610641587135e-07,9.881801662260564e-06,1.324723078987304e-05,0.0011644133041958445,1
0.5955140243816939,0.4040754989988259,2.2715654530714474e-05,1.7079564267432601e-07,1.0878336055092184e-05,1.3990408551114056e-05,0.0003627214247006291,1
0.3544670905919597,0.6418936302012126,3.082483762850332e-05,2.997924994560619e-07,2.4552540737748694e-05,3.102180780648369e-05,0.00355258022815564,1
0.3812048297109534,0.6133448856734608,3.3149980043049783e-05,3.224060899783888e-07,1.915602466258936e-05,3.669692714182113e-05,0.005360959277648364,1
0.4925536103465559,0.5017073226570732,2.8576383841641433e-05,2.6011351449693846e-07,1.5802481560109018e-05,2.341459827370341e-05,0.005671013419180957,1
0.5059889270180087,0.488002479053997,3.0259753690984487e-05,2.9204742892521664e-07,1.7742538749643876e-05,2.7231429882503673e-05,0.005933068158242171,1
0.4076196792189945,0.5839028548662465,3.3911984880135875e-05,3.2981710500013246e-07,1.7819845854808643e-05,3.715699370660397e-05,0.008388247273212522,1
0.3780701781131824,0.6179316707217123,2.869775162962062e-05,2.662001595706081e-07,1.7189910984928837e-05,2.0164463554914915e-05,0.003931832838776204,0
0.520761529447134,0.477693422701902,2.6119108517204363e-05,1.715904042374853e-07,1.462837668925808e-05,1.9504540843488184e-05,0.0014846242345096746,1
0.319086026186112,0.6807719275290472,3.412966066854553e-05,2.892059384455506e-07,2.5151346804325834e-05,2.5958394980705428e-05,5.651767644881358e-05,1
0.32914151648060624,0.6707165956598741,3.1485193128903916e-05,2.912493691533436e-07,2.537228693763272e-05,2.782211897355025e-05,5.691701111050608e-05,1
0.4164374880330205,0.5834369508249347,3.60382052986504e-05,3.170409356481238e-07,2.8100711101900547e-05,3.0285904675878073e-05,3.081928003266404e-05,1
0.4407617106261733,0.559115869465868,3.635215319883169e-05,3.703872037345573e-07,2.5371967635314735e-05,3.0611039459366624e-05,2.971436046139584e-05,1
0.6315038091036954,0.36842824384333306,2.5168747219946484e-05,2.4762243628286066e-07,1.4528005296121615e-05,2.2114935757360666e-05,5.887742261870686e-06,1
0.6338018096350252,0.366147017996284,1.9963736739336067e-05,2.005693228671572e-07,9.28981206632161e-06,1.5296854580641668e-05,6.421395981790115e-06,1
0.4842289888777855,0.5157122682605075,2.1081288439422734e-05,1.8237940943364238e-07,1.4106803205638576e-05,1.6077426834351835e-05,7.294963818223967e-06,1
0.38645288034400066,0.6134515050507535,3.178368200617024e-05,2.1776398173789638e-07,1.6299934217925805e-05,2.0507163711944e-05,2.680606132807838e-05,1
0.5679530204283144,0.4319613919330858,2.3651043220315437e-05,2.0461098985507716e-07,1.4911551738629241e-05,1.9364939884007055e-05,2.7455492766918616e-05,1
0.38044978068127633,0.6194500532934943,3.095246408051089e-05,2.4416704921240594e-07,1.8209861673785114e-05,2.6302610920771904e-05,2.44569215052268e-05,1
0.3219948694287833,0.6779136711028171,2.4582807269844236e-05,2.1267190973541891e-07,1.6435015645444468e-05,2.0127847238119257e-05,3.0101126336652198e-05,1
0.3160056411082732,0.6839060201558147,2.5367466302374368e-05,2.484887409583789e-07,1.6959276672605817e-05,1.9916898789108457e-05,2.5846605406769295e-05,1
0.2925812474501497,0.7073049075139303,2.9492711856179487e-05,3.3854638082634276e-07,4.605028346895371e-05,2.9171885865740358e-05,8.791608348275602e-06,1
0.6474960645664526,0.3524395495723147,2.070301399240297e-05,2.3679026979471737e-07,1.830874686117778e-05,1.9414795108246896e-05,5.7225150010597475e-06,1
0.737748926839356,0.2621885900195851,1.7307122699634262e-05,1.5614487492381446e-07,9.425857184357937e-06,1.429766485031161e-05,2.129635144985296e-05,0
0.6164809158762279,0.38208814357097515,1.6198436977528824e-05,1.4326788684872457e-07,0.0013841523487795868,1.1676930811738476e-05,1.876956834120397e-05,0
0.5048031864795698,0.4927430973722847,2.5716977461299684e-05,1.5812057942791938e-07,0.0024066582249264246,1.2320367063491843e-05,8.862458114693115e-06,0
0.5300610583498112,0.4670255439480841,2.485757091948415e-05,1.5283652687701165e-07,0.002867912354322529,1.190864667108308e-05,8.566293664893557e-06,0
0.5603122352294021,0.43674484907817873,2.485497539901887e-05,1.643833578930601e-07,0.00290098679269015,1.1732690219771961e-05,5.176850752423411e-06,0
0.5912889833381167,0.4057605734409254,2.4898125409006596e-05,1.678416380594356e-07,0.002906023112665097,1.128312522266364e-05,8.07101602291597e-06,0
0.22815547295697908,0.7651314912192629,1.4976607570764638e-05,1.8188895494073715e-07,0.006672590124882389,1.3511554349184344e-05,1.1775648000702798e-05,1
0.12945431463271065,0.8679357592899304,1.7150880342598878e-05,1.3541918565286635e-07,0.0025762657317610323,1.1059403364917048e-05,5.314642705029488e-06,1
0.11602695176670486,0.8828202143392399,1.629285417017321e-05,1.2864441938911183e-07,0.0011166629455268459,9.566930114143338e-06,1.0182519824962248e-05,1
0.13633561609284592,0.8635856729531501,2.1423059335913e-05,1.4987709861375025e-07,2.080273126848766e-05,1.3510850992597646e-05,2.2824435308076254e-05,1
0.13013410255688254,0.8698165767070076,2.4928003575498366e-05,6.04408384263575e-08,1.1369478121225675e-05,8.168473107390311e-06,4.794340467530358e-06,1
0.3317241450602877,0.6682020136978052,3.659796223449956e-05,1.6388574896024025e-07,1.747165967746685e-05,1.2009436455496911e-05,7.598297790713109e-06,0
0.7095205227483128,0.2903582599279995,3.9440722781025096e-05,2.0442856100453057e-07,1.827806539143078e-05,1.3423286048349568e-05,4.9870820905939974e-05,0
0.7573558024061091,0.2422806606244057,3.419026483154788e-05,1.5376315256108674e-07,2.017435353265082e-05,1.0096057035761828e-05,0.0002989225309326791,0
0.5690033668471632,0.43050077291105,2.4572303072579794e-05,4.7614615710760936e-08,1.3568569210099178e-05,5.642030183340239e-06,0.0004520297247050905,0
0.4218007009093712,0.5748238296334671,4.0217873483492227e-05,8.981738788799324e-08,1.8326769733555588e-05,1.006280814991421e-05,0.003306772188406777,1
0.21774091986415667,0.776261891447722,1.8799300823539487e-05,5.280826183707861e-08,7.263031949616417e-06,5.916442462785041e-06,0.005965157104623745,1
0.08356592860141408,0.9096306415324619,1.751942318629434e-05,6.722891694316068e-08,6.2019906224203e-06,3.903257231817896e-06,0.006775737966166599,1
0.07236339240834967,0.9202521877750696,1.9402306950513657e-05,4.031986551669404e-08,6.712586047336326e-06,3.8112779283448146e-06,0.007354453325788975,1
0.05842060487385801,0.9372588540905099,1.3882043454330913e-05,3.439454103422624e-08,5.7261182122567184e-06,3.251180365297125e-06,0.004297647299059031,1
0.013542519864034092,0.9821315597673846,4.7161426682526486e-06,1.2947094057195028e-08,2.4557911038399537e-06,1.2585143142897553e-06,0.004317476973401095,1
0.07118346306345609,0.00022904942792002236,4.159799950056529e-06,3.0620860006633587e-08,2.585869586629057e-06,1.501984328180606e-06,0.928579209233899,6
0.033117926710677,0.0001857363132317022,2.6341140655919524e-06,2.191593502121021e-08,1.6963360091040364e-06,1.464829925499098e-06,0.9666905197801561,6
0.00012658942732647824,1.0046875871710095e-05,8.97316172988088e-09,2.046857878775215e-271,5.473838564533364e-09,4.298365764227826e-09,0.9998633449514357,6
0.2463473560591985,0.006710006690430919,7.595283592763891e-06,5.0159021640755314e-08,2.755949467595176e-06,3.5101619582845867e-06,0.7469287256963303,6
0.1461545431062445,0.004291473652623577,6.508173831151116e-06,3.8097218815639197e-08,2.2614455194708954e-06,2.9701997045546598e-06,0.8495422053248578,6
0.3340900266493638,0.010589866809177449,1.3073327684400788e-05,1.235851177381484e-07,9.007072183478608e-06,9.342927180737006e-06,0.6552885596292924,6
0.1688252143120092,0.009419759209116238,9.938190596667172e-06,7.583154377293155e-08,6.367640491908004e-06,6.713287889189864e-06,0.8217319315283531,6
0.45158483321088383,0.054186482635640985,2.1025430791688352e-05,1.8846370378283618e-07,1.7752246529630656e-05,1.481539765077152e-05,0.49417490261479924,6
0.9251854152552853,0.07473745998285702,1.1018276059506211e-05,9.565891232064552e-08,4.4749334530656944e-06,8.752592744883179e-06,5.27833006877606e-05,0
0.9250270539036204,0.07483134472996483,8.89263245956507e-06,7.252920878178024e-08,2.6142299753227245e-06,6.4872232051347245e-06,0.00012353475156589428,0
0.8713884080793876,0.12857949769215363,1.2249811024065562e-05,5.4261171459488755e-08,5.043076218947166e-06,9.518368161453863e-06,5.228711882974837e-06,0
0.7058114965837023,0.29413773188383396,1.9126396716056367e-05,2.073057437239304e-07,1.1050540271145509e-05,1.7135710785146982e-05,3.2515789474301215e-06,0
0.780778456268971,0.21917904871539787,2.1551576356940507e-05,1.2522021635960955e-07,4.422694995623292e-06,9.960403995626247e-06,6.435120066620155e-06,0
0.7769396744029093,0.223018230112097,2.192907781752285e-05,1.2741359719576202e-07,4.500163752103389e-06,1.0134872303376192e-05,5.403957523272193e-06,0
0.40754040487108395,0.5904070469968646,3.3856936397464304e-05,2.3839202358068342e-07,2.132445343740504e-05,2.5765709466623126e-05,0.00197136264072643,0
0.36967041988841426,0.6289000810257963,4.62788441502588e-05,2.7144333219166346e-07,2.428093277313923e-05,2.6045690680573768e-05,0.0013326221748531921,0
0.2425471774174218,0.7550284906945987,4.526328730458883e-05,3.3780419028776465e-07,3.758216763146644e-05,3.508909597455305e-05,0.0023060595328786874,0
0.21499382776410683,0.7840256578706741,3.93820879327613e-05,3.2315406541113614e-07,3.3747634599480557e-05,3.1838795340226827e-05,0.0008752226932811189,1
0.25226263245236336,0.7476320712984246,3.545821865748592e-05,2.789385327034744e-07,2.8378321773157173e-05,3.016106763417215e-05,1.1019702614589754e-05,1
0.24466334377674112,0.7552354372352921,3.716000694715657e-05,2.835981357237235e-07,2.8635117226245664e-05,2.7941542343555925e-05,7.1987233139724535e-06,1
0.26222216982678026,0.7376790576470585,3.626184999550967e-05,2.7674357196014336e-07,2.794300676365748e-05,2.726619557811294e-05,7.024730252113735e-06,1
0.29906219662027494,0.6988349752791065,2.165405180372554e-05,1.9059069966345521e-07,0.0020480242074174078,1.5332254638160758e-05,1.7626996059435707e-05,1
0.2119548792670568,0.7842583331494154,2.1740065327464763e-05,1.9134775787217142e-07,0.0037317660000760785,1.5393156923804514e-05,1.7697013442683517e-05,1
0.13667002214734755,0.841501461202733,0.00017673480747333202,1.8662577509886367e-07,0.02097667297628362,0.000657734471986224,1.7187768401477097e-05,1
0.42161988713547044,0.5675285064981527,0.0004973777689623319,2.536181671798982e-07,0.0077229720002826505,0.0026217135585875203,9.28942037723895e-06,0
0.5455875860040901,0.4522250971888426,0.00017270667212052345,1.5789641576713656e-07,0.00113217172700616,0.0008672065636546672,1.5073947870213742e-05,0
0.5402759120927957,0.45748632771002284,0.00019603804096541915,1.6772662219993629e-07,0.0013572481221287356,0.0006636596877386231,2.064661972637182e-05,0
0.6871000888043187,0.3127916968605986,1.9235254962419996e-05,1.5780640909870984e-07,1.5101037248573328e-192,1.3705962423646857e-05,7.511531128743335e-05,0
0.7640584607478879,0.23587789901519274,1.7357902043638406e-05,6.316660369597558e-08,1.0316448612284687e-192,9.900747538878375e-06,3.631842073315357e-05,0
0.45795990083611404,0.5419554680753771,2.3486508075996993e-05,8.73001415328571e-08,1.903550003204769e-05,1.581628346663478e-05,2.620549679254731e-05,0
0.3198499056285717,0.6799794295871903,1.1804206996071653e-05,4.1404078745809125e-08,8.423243555013489e-06,7.546260806037066e-06,0.00014284966880215197,0
0.38699855310063885,0.6116721147993255,2.2916948136341458e-05,1.2412748870863706e-07,1.47476323072044e-05,1.2536053973671383e-05,0.0012790073381295963,1
0.6486442151836707,0.34915369617183456,2.6280445658825418e-05,2.1300007774454816e-07,1.4114176980511063e-05,2.1391883405359714e-05,0.002140089138372675,1
0.6551921705395752,0.3426271511089344,3.173887323477586e-05,3.140846635248027e-07,1.8038875707028836e-05,2.444218948516564e-05,0.0021061443283998393,0
0.9375819864716037,0.05705939112323858,2.526365458437212e-05,1.4980702960913793e-07,8.894730217973e-06,1.3053053775566916e-05,0.0053112611595500445,0
0.9167005634255,0.07638128280628564,2.1326369887089645e-05,1.4863468184426256e-07,7.271382463997496e-06,1.24479102041789e-05,0.0068769594709771524,0
0.8826365775054751,0.11224174386255917,1.6068623997800272e-05,1.358670619394726e-07,7.265869857922806e-06,1.2057358793801918e-05,0.005086150912254154,0
0.8656647769538127,0.13018292515726754,1.4839330321843691e-05,1.3606550063190345e-07,7.4472542602005955e-06,1.1653852281705978e-05,0.004118221386555575,0
0.8300018378888211,0.16602220027108086,1.5638062139481327e-05,1.4338927079405942e-07,8.703548122445643e-06,1.3679996493295883e-05,0.003937796844072096,0
0.5087383137378753,0.48404671945354105,4.902761202510501e-05,3.8881880734065656e-07,6.283171136034584e-05,3.224676571719379e-05,0.007070471900673861,1
0.7306100127481981,0.2693279075587691,2.3220142743167646e-05,2.1482619411543046e-07,1.2405518952030609e-05,1.7752314680458088e-05,8.486890463042464e-06,1
0.7136453531589351,0.2862891415326356,2.5945908259495137e-05,2.1902475948921395e-07,1.219363263179514e-05,1.6662414049543994e-05,1.04843287290149e-05,0
0.42293061594474296,0.5770097496173777,2.2816620707105706e-05,1.84156509609516e-07,1.6257275668586408e-05,1.6051646036189557e-05,4.324738957839803e-06,0
0.32657688254313105,0.6733549352005257,2.6744338028022833e-05,2.0027388497325524e-07,1.7367855355148972e-05,1.878612982859433e-05,5.083659246410933e-06,0
0.29097802553967483,0.7089605620240028,2.4699138634401985e-05,1.9535634523865188e-07,1.323425282807122e-05,1.8324853811984045e-05,4.9588347025381875e-06,0
0.19838127819701695,0.7896923256893865,2.275471986944552e-05,1.8290172853374185e-07,0.01188122721563328,1.785610524642945e-05,4.37517111893311e-06,0
0.24164734884846617,0.7492521769234665,0.0001903317360554056,1.8403456537078584e-07,0.008326311615897308,0.0005796279234667007,4.018918082249333e-06,0
0.3011463272372989,0.6910193507101948,0.00023586967827815268,2.4177153067006507e-07,0.006632457450912906,0.000962237313417938,3.5158383666493112e-06,0
0.36439157636585184,0.6287696199749679,0.00017254138727915987,2.0911199965106332e-07,0.005787461527772748,0.000875555205887818,3.0364262410186534e-06,0
0.26457019463769976,0.7091106175377846,0.0012322152504921087,2.7433183324706747e-07,0.02158131645493002,0.0035007704599138174,4.6113273463247254e-06,1
0.23471334916870965,0.7395474537721524,0.0018968937190172272,2.97952767796049e-07,0.02058705661640361,0.0032504892427064804,4.459528242976037e-06,1
0.2617456925072459,0.7139479524312737,0.0019669339534676374,2.862062789164745e-07,0.01959255262703288,0.0027419520726990735,4.63020200176436e-06,1
0.1743762175718166,0.8168630755882729,0.0003025267919906504,1.850281021113269e-07,0.007260834985924026,0.001188155969912482,9.004063981404476e-06,1
0.18601363232148949,0.7978579751998895,0.0005187019439209308,2.0206213714288516e-07,0.007794928821068495,0.007791424777860231,2.313487363416321e-05,0
0.2726183514612758,0.712939674505633,0.0004600552635505904,1.6148835568145274e-07,0.006190755629518418,0.007772512226804982,1.8489424861607533e-05,0
0.21847835013413092,0.7589191928785357,0.0006092431683097497,2.0241296094627542e-07,0.010335133591792021,0.011637454245111475,2.042356915939697e-05,0
0.23102606151593644,0.7323792979508494,0.0004264315081295956,1.721432405715142e-07,0.028419095870083292,0.007742811569337241,6.12944242338438e-06,0
0.2662094408678252,0.6957739495719698,0.00041951951909991906,2.1055812481099852e-07,0.030201246763151248,0.007391758229303126,3.874490525872498e-06,0
0.31428669786304564,0.6309649020377808,0.0005778898371482073,1.810974403171978e-07,0.047532916751539596,0.006633608136819261,3.804276226246123e-06,0
0.3594994598262134,0.4714279770314325,0.0037950129645836976,2.831348669612375e-07,0.1555290498479411,0.00974278764991085,5.4295450514591345e-06,0
0.18933273566385733,0.7522284491868181,0.0004534703244753246,1.7680871545032901e-07,0.05139804248078959,0.006580907564377644,6.217970966624495e-06,0
0.8368057481153406,0.14296087267688845,1.3215456858898046e-05,1.826607771022834e-07,1.3918886602759919e-05,1.1497268730434722e-05,0.020194564934801745,0
0.7694764038338632,0.21741302069850943,1.2106020947245717e-05,1.6732642824614464e-07,1.6186521150680343e-05,1.0532074492229229e-05,0.013071583524609073,0
0.8727379113254217,0.12692600580357558,2.1213542253506103e-05,2.2241500250712353e-07,1.0285984797162604e-05,1.900083868764078e-05,0.0002853600902621969,0
0.7447082746482606,0.25492597013414436,2.4279595389380185e-05,2.3686613580664704e-07,1.636760374456265e-05,2.0382297485132657e-05,0.0003044888548400116,0
0.8231563562285282,0.17658671474130985,2.49947714800968e-05,1.567748820601325e-07,9.40595936734231e-06,1.4274300250844885e-05,0.00020809722418140198,0
0.8033060969232607,0.19637437896279916,2.9057456288300803e-05,1.8024813479033323e-50,1.3757412345375325e-05,1.5266372057356995e-05,0.00026144287324897066,0
0.6540273816958394,0.34464433213643964,2.2003269135373238e-05,2.0998604773846301e-07,1.984834574839943e-05,1.9496241406838565e-05,0.0012667283253826706,0
0.7638981714636248,0.234559987908584,2.8019885784487216e-05,2.1979533374561524e-07,1.671289561274198e-05,1.657026288980832e-05,0.0014803177881702653,0
0.8335099972615477,0.16510855126474716,2.135292013551972e-05,1.6718747113657714e-07,8.106875580044295e-06,1.324295799804608e-05,0.0013385815325202802,0
0.8669140813487074,0.13146557726377933,2.3395764452156266e-05,1.9427802117096975e-07,9.350056756435808e-06,1.5388806689999514e-05,0.0015720124815935077,0
0.8800474740859425,0.11830713798638415,2.4448299271951788e-05,1.9722125350176965e-07,1.0714252031519743e-05,1.5621940799094528e-05,0.001594406214317355,0
0.8809914527758493,0.11668591969365051,2.598226152542994e-05,2.062089454088427e-07,1.2455725613030926e-05,1.6333857939868285e-05,0.002267649476476612,0
0.7196341483729339,0.2746380491072806,2.858734637874034e-05,2.3567954005032453e-07,1.713048717066704e-05,1.8645193348989595e-05,0.005663203813346955,0
0.5679729322711359,0.427466206171065,2.8415472271263724e-05,2.313607271392181e-07,1.7794506653416855e-05,2.047045135969057e-05,0.004493949766787639,1
0.663194819606781,0.33580259458388406,2.4862745541911945e-05,1.8693930204552732e-07,1.0239091965753748e-05,1.4106076056200604e-05,0.0009531909564690597,1
0.5630664702417378,0.43622807703080535,2.6649430307293434e-05,2.0458715077709896e-07,1.7946079183391585e-05,1.7912270254006783e-05,0.000642740360561213,1
0.5963382114164169,0.4027011182142743,2.9899870904847645e-05,1.9649381561931248e-07,1.808904623158053e-05,2.0361559646315964e-05,0.0008921233987102343,1
0.49822265152081807,0.5002824917106862,3.38750695616662e-05,2.5740871103493165e-07,1.6394905738230665e-05,2.358813911592524e-05,0.001420741245368993,1
0.49600741546349864,0.4989949052803463,3.028433197279624e-05,2.756599318965319e-07,1.6746961414444785e-05,2.570340760910562e-05,0.004924668895226952,1
0.4327911103447336,0.5605069354325618,4.959362856588184e-05,3.334188024892652e-07,2.781867120129811e-05,3.4330218150865826e-05,0.006589878285983998,1
0.4646548616546922,0.5286409021715673,4.009892474231164e-05,3.38737193438808e-07,1.968662789661402e-05,3.2399459796066604e-05,0.006611712424111938,1
0.6325348693443267,0.3651387703133586,2.916305223047046e-05,2.3318912107734732e-07,1.7788334446389162e-05,2.1040635412307336e-05,0.002258135131104586,0
0.42326420543601245,0.5734299200414907,2.8120185571762548e-05,2.0739727671937474e-07,1.5696417136125304e-05,2.0916346682585072e-05,0.0032409341758296226,0
0.40249481997899367,0.5971849201739154,2.515368890902e-05,1.4532308794283905e-07,1.0577645650245667e-05,1.3210361841003456e-05,0.0002711728276025947,0
0.33899190371262733,0.6607980941776214,1.9290188198069782e-05,1.12983282733779e-07,8.223725122256621e-06,1.0270563803906329e-05,0.00017210464934448776,0
0.38987045166514833,0.6098049459239273,2.1467895347711803e-05,1.2378039391765568e-07,1.0698325138162008e-05,1.1252057850004904e-05,0.0002810603521944666,1
0.32391987647644965,0.6757520438439132,2.206246447340862e-05,1.3208955723052e-07,1.010657973343053e-05,1.5013899514466363e-05,0.0002807646463583814,1
0.4006285990484203,0.599112687122541,2.020438316733348e-05,1.2096509118033843e-07,5.999909438493185e-06,1.0996138277516176e-05,0.0002213924330641911,1
0.25086277484861796,0.7490283343451837,1.84408046926253e-05,1.41639211064276e-07,1.0465495619324888e-05,9.293017967000951e-06,7.054984870809732e-05,1
0.37087027258913935,0.6290604709637613,2.3241582826661187e-05,1.3243731148462434e-07,1.6579665764097052e-05,1.2496515969976453e-05,1.6806245227153164e-05,1
0.24429342537865698,0.7555420210913577,2.4953898447997782e-05,1.9744005852053923e-07,1.832234197362113e-05,1.8787749410732555e-05,0.0001022921000942636,1
0.3146537859911501,0.6851511944446005,2.89967513472415e-05,2.1362521415859963e-07,1.100803717924082e-05,1.8468718303560048e-05,0.00013633243220507828,1
0.2915239246414326,0.7082506938986082,3.0800346478904456e-05,2.778807507189116e-07,2.2731145875677917e-05,2.147190149317364e-05,0.00015010018536068984,1
0.31430793728009765,0.6855553231917926,3.253223986560846e-05,2.9182201423324527e-07,2.3596940094162553e-05,2.1452393345014604e-05,5.8866132790473924e-05,1
0.34366880660148047,0.6561933736223949,3.258986693291372e-05,2.9233894288386523e-07,2.3095436266285577e-05,2.287172670581033e-05,5.897040727665533e-05,1
0.38495487734724904,0.6149018247697039,3.152370556624053e-05,3.086915512963649e-07,2.6582396881379443e-05,2.4557463259283455e-05,6.032562578909489e-05,1
0.4573279494688159,0.542556780783822,3.574867779496077e-05,3.5006401078489746e-07,2.053825121426033e-05,2.6171822361796204e-05,3.246093198044474e-05,1
0.5489089860619166,0.45101435379299787,2.8545325343216365e-05,3.011196169698426e-07,1.746344096198387e-05,2.319050933871678e-05,7.1597498244724645e-06,1
0.5539390348681421,0.4460032094522739,2.140300798185689e-05,1.8516268429471198e-07,1.3579319388549553e-05,1.5181897960345577e-05,7.406291568822165e-06,1
0.4590414759089288,0.5409041772474901,1.911878423260612e-05,1.9943506630621042e-07,1.364454552673925e-05,1.4354003211907116e-05,7.030075543635957e-06,1
0.4317767143485562,0.5681549845175732,2.8357014506774972e-05,1.8657480978056316e-07,1.4754281611151077e-05,1.6270881232653454e-05,8.732381710379593e-06,1
0.520360180929957,0.4795565143102611,2.3606232437151697e-05,1.862166482839313e-07,1.3095633877420248e-05,2.0059971493211657e-05,2.6356705325851588e-05,1
0.35768949479657214,0.6422073781083174,2.7100610486922053e-05,2.3445404440523662e-07,1.7485470423835997e-05,2.512243715755633e-05,3.318412299753636e-05,1
0.29713675561547015,0.702763834672818,2.6746633240993988e-05,2.3139170022021132e-07,1.686326483326697e-05,2.451939003452167e-05,3.104903190303085e-05,1
0.30702597650590663,0.6928756780377061,2.7171223660308625e-05,2.3506493632948896e-07,1.6655711427720224e-05,2.2741535453679942e-05,3.1541920909143805e-05,1
0.3444025666462453,0.6554981615792203,3.1175753621435255e-05,2.971009663137162e-07,1.9568803630230205e-05,2.3813271592887754e-05,2.4416844723640518e-05,1
0.6008338007110791,0.399073433459066,2.92170436188864e-05,2.7522517510230504e-07,3.241070168836191e-05,2.3715620222746492e-05,7.1472391498587885e-06,1
0.5746075594141936,0.4253178347172372,2.63341751557486e-05,2.460060008746714e-07,2.043937156411182e-05,2.1197860577585973e-05,6.388455270845321e-06,1
0.6920719650790095,0.3078708946037535,1.9389990292712233e-05,1.8409839444750742e-07,1.5193278939613107e-05,1.8107031972494345e-05,4.265917637816647e-06,1
0.5678830869487936,0.43205176117860455,2.2162313513923507e-05,2.1205740722171805e-07,1.696479520793036e-05,1.4380822945556392e-05,1.1431883527128817e-05,1
0.8662123712898161,0.13374178187094793,1.0111070688198869e-05,9.63678789735264e-08,5.342559556970314e-06,8.497992271904988e-06,2.1798848839885046e-05,0
0.8326414679958736,0.16731397030413156,9.818318717278508e-06,9.069102500592894e-08,5.233051983119505e-06,8.251944740126793e-06,2.1167693529189832e-05,0
0.8103853878989153,0.1895653611652337,1.0861939303919374e-05,9.804774293816765e-08,6.5723769452695205e-06,8.300896293587904e-06,2.3417675565308796e-05,0
0.778113839564424,0.2218214758010706,1.3920992709671451e-05,1.1278791152295082e-07,1.2667579706400323e-05,9.553825615326644e-06,2.8429448562419144e-05,0
0.46453377686687364,0.5321374646976341,3.235859251674639e-05,1.7672902719969126e-07,0.0032763623219836386,1.3987208133216647e-05,5.873583831372852e-06,0
0.6232205017548625,0.3739888300388019,1.7087758010394295e-05,1.6270133765797331e-07,0.002754493470886291,1.1100442168490723e-05,7.823833932807244e-06,0
0.26000258780282226,0.7362678491016503,1.7850274048171306e-05,2.1979168634667405e-07,0.0036734805085649634,1.6783844841900443e-05,2.1228676386002746e-05,1
0.18510620360980043,0.8102608319400725,1.816579860385487e-05,1.6682214471435188e-07,0.004594450158567208,1.3631159771074155e-05,6.550511040065864e-06,1
0.3652443113558728,0.6346775229049656,3.7159088788781294e-05,1.8044612793906155e-07,1.923714146879721e-05,1.322296978763155e-05,8.36609298832164e-06,1
0.5371466187699621,0.462712596999309,5.105969052520597e-05,1.0303046498528392e-07,1.605646594690562e-05,1.2208956156764683e-05,6.135608763507396e-05,0
0.6302213530774371,0.369641886080648,5.570529825530615e-05,1.1240457437858641e-07,1.8137116453292396e-05,1.3319774113452474e-05,4.948624851820374e-05,0
0.8465285268079027,0.15313253482281577,4.914421633021035e-05,9.916533781847733e-08,2.3480257157071135e-05,1.1750944362616204e-05,0.00025446378609405283,0
0.2687152016848287,0.7207955713121292,3.55868391958617e-05,6.895786966596694e-08,1.636740087475237e-05,7.72578483066947e-06,0.010429478020271154,1
0.14016837853305794,0.8531890491722866,1.2438852836630091e-05,3.4941416370503886e-08,6.627650892098438e-06,3.7647979708011297e-06,0.006619706051539372,1
0.04522116984864518,0.9441756800788107,1.0701576080522674e-05,2.9378736357458587e-08,5.5976588955730215e-06,2.85574199725994e-06,0.010583965716834615,1
0.03530153917884232,0.00014093387357021553,2.5645845518684607e-06,2.0813325106427053e-08,1.7223198994046822e-06,1.4615890508642415e-06,0.9645517576407602,6
0.046073580961300944,0.00022771306831183486,2.8677616013977656e-06,2.3889711764230604e-08,2.1263704162306605e-06,1.664071092928561e-06,0.953692023877565,6
0.014132669813021682,0.00014865189138252947,8.6833348429428e-07,8.814503017605611e-09,6.31468649508637e-07,5.847790998112416e-07,0.9857165848998591,6
0.024416436769858326,0.00021519965032322435,1.3765847053152241e-06,9.777282074990773e-09,9.798186986422252e-07,5.30002159714239e-07,0.9753654673969727,6
0.00010699491247623299,9.554459672310724e-06,7.58422464024268e-09,6.091423604662717e-11,4.626554448428049e-09,3.6330306444019837e-09,0.9998834347231275,6
0.00954330954005637,0.0008304768266242085,5.987916587170069e-07,5.6134190458365096e-09,3.2704849335713534e-07,3.4056520587041096e-07,0.9896249416145425,6
0.0764344199467896,0.00230988752691941,3.49455198812353e-06,2.0378314842119497e-08,1.2484456377853893e-06,1.6945379865106097e-06,0.9212492346123637,6
0.09439756820312215,0.0025163133989017216,4.156503463076306e-06,2.460604189966453e-08,1.4606111662688219e-06,2.054427383316668e-06,0.9030784222499216,6
0.0506076542982623,0.0032923151865269676,2.258691696136169e-06,1.8753632054862048e-08,1.1179097300401554e-06,1.43683180186619e-06,0.9460951983283505,6
0.22984997455997394,0.006692089642905169,8.401285165105613e-06,7.94192451490537e-08,5.788195916360714e-06,5.2504367862236955e-06,0.7634384164600081,6
0.9248772242891117,0.07473212614776244,1.362719635654943e-05,1.1463061043248967e-07,4.884338567577002e-06,8.24774718107131e-06,0.00036377565041004195,0
0.9472913556737116,0.05213293293052541,8.132706523261578e-06,7.603381849382821e-08,2.239168626662415e-06,5.9688470864982335e-06,0.000559294639708078,0
0.8804386746749465,0.119475381015211,9.62501757214542e-06,7.832646440228627e-08,3.072512518896628e-06,6.59570808903313e-06,6.657274519813933e-05,0
0.8922958458146103,0.10767836663416551,9.726497632569219e-06,5.736152420714943e-08,2.919900339086957e-06,7.217283438507069e-06,5.866508289929181e-06,0
0.8284406512429986,0.17152856012478537,1.3379455737070783e-05,1.293196197742274e-07,4.1569929632309005e-06,9.003137060919187e-06,4.119726835119863e-06,0
0.7848608228771682,0.21509332619908283,2.2611272784777223e-05,1.3137732588011502e-07,4.639295310857419e-06,9.428975353255701e-06,9.040002974212464e-06,0
0.779142429240588,0.22081217067616984,2.2870820845269885e-05,1.3288536704389475e-07,4.997227785211209e-06,1.0570113831005974e-05,6.829035413647309e-06,0
0.7468164599292632,0.2531167257353984,2.3842592213262116e-05,1.3853160929256782e-07,5.39387426285768e-06,1.1114356561759282e-05,2.6324980691447596e-05,0
0.7395500923135421,0.26033107292320723,2.693256679588009e-05,1.404900477474764e-07,4.887904202565532e-06,9.854794187715533e-06,7.701900801700429e-05,0
0.2515939167297082,0.7465466596451619,4.771561605534799e-05,2.753202737238087e-07,4.000169894305009e-05,2.6417693260698395e-05,0.0017450132965969567,0
0.22432841184029795,0.7712165290332684,4.624466137191729e-05,3.284813356664241e-07,4.352313820540728e-05,3.2681933221429374e-05,0.004332280912299417,1
0.21924072798324282,0.7796186280893616,4.1689508111227274e-05,3.4208785613741894e-07,3.3613667572768717e-05,3.3627589148977333e-05,0.0010313710747064154,1
0.20643708987914694,0.7924883346155243,3.980717335741101e-05,3.266421507396009e-07,3.294624984131046e-05,3.210926037490556e-05,0.0009693861796042647,1
0.22564874442459615,0.7741289127148293,3.796770758540824e-05,3.1154821149945126e-07,3.169592708506037e-05,3.3687087213330265e-05,0.00011868059047923516,1
0.27856414692097103,0.7212986956003827,3.647556340228747e-05,2.8414363449207495e-07,2.699467195039609e-05,2.7995287678994577e-05,4.540781198008355e-05,1
0.2573949380546236,0.7425064440433614,3.4412539807560924e-05,2.707125096509724e-07,2.6628604119840277e-05,2.6611318960046814e-05,1.0694726617689048e-05,1
0.2900878097683692,0.70980891678247,3.6365085390293274e-05,2.98970796283514e-07,3.0132214963151455e-05,2.9456135677776374e-05,7.021042333422288e-06,1
0.26749034447795433,0.7271735180276415,2.065427079071108e-05,1.8857509787164665e-07,0.00528394717476741,1.592509506110486e-05,1.5422378687051527e-05,1
0.17110532239445944,0.8112081556113852,1.995586829517615e-05,1.8219862879734113e-07,0.017633624323493684,1.5386604680834035e-05,1.737299905696361e-05,1
0.45111258947742566,0.4696956044299732,0.0005301474306294244,2.9537397091879313e-07,0.05704116027767344,0.021616083118338594,4.119891988693576e-06,1
0.8518189392199886,0.14814728940188762,7.820612787990469e-06,6.41604607495651e-08,3.714027512819823e-06,5.669324535995637e-06,1.6503252826264106e-05,0
0.46598227132111675,0.5338751543658825,2.3018834601041386e-05,9.701460443457063e-08,1.4598377114148897e-05,2.24311849725486e-05,8.242890170872089e-05,0
0.6789713425582548,0.32097767100793456,1.6765379083989446e-05,1.1246191511247871e-07,1.3588115059842736e-05,1.2073452848489574e-05,8.447024903424018e-06,0
0.5754996868171816,0.42441605711537866,2.3131603110334036e-05,8.598094782245814e-08,1.8747854313774422e-05,1.648112391896516e-05,2.5809505148781213e-05,0
0.6616734886431918,0.33822683584049296,4.1637341971455786e-05,1.7102830259959122e-07,2.1504132723151875e-05,1.8262330008038578e-05,1.8100683310003502e-05,0
0.26455412584485344,0.7352498674008824,1.3288443148173958e-05,8.388841477524314e-08,9.456761136378228e-06,7.71480621862284e-06,0.00016546285534622886,0
0.3298961348867893,0.6686722281225841,2.0153868597869427e-05,1.6162285391394134e-07,1.2359361815976034e-05,1.4916734629231649e-05,0.0013840454027295673,0
0.7472964301872206,0.2506590649924596,2.453218983900892e-05,1.7781322562799804e-07,1.189737577035375e-05,1.756224406973108e-05,0.0019903351974148963,0
0.923261411572056,0.06933625771242989,2.566807170757102e-05,1.5220512002583389e-07,8.979595996488574e-06,1.3440010722984871e-05,0.0073540908319669,0
0.5889912926669727,0.4043798565009623,3.628450127455627e-05,3.045219044750443e-07,3.526453017716964e-05,3.0444649000757326e-05,0.006526552629707959,0
0.33983865677897984,0.6549977454188918,5.28681933531135e-05,4.1927695510209357e-07,6.846634404643677e-05,3.798676717856681e-05,0.005003857220595341,1
0.5178394305520806,0.4820904909712116,2.7067764576328356e-05,2.349980073415322e-07,1.851218789403862e-05,1.9133011178470802e-05,5.130515051618819e-06,0
0.9026417789169822,0.09733045573172862,1.0953444729658263e-05,9.509605707323092e-08,6.503323740182015e-06,8.137334042355602e-06,2.0761527201153686e-06,0
0.38342169733393366,0.6165230273721793,2.2330775087267617e-05,1.794940735984984e-07,1.2683387709039942e-05,1.552544284802327e-05,4.556194169034197e-06,0
0.42542745502801926,0.5744836062147602,2.040600115804255e-05,1.6402280079392022e-07,4.9780925996421395e-05,1.4424328696912463e-05,4.163478568309505e-06,0
0.4980125057182721,0.5002262886575781,2.0095473225031244e-05,1.3955440861925446e-07,0.0017228281883016085,1.3644602616599674e-05,4.497805597937072e-06,0
0.2534601478221153,0.7427112722644927,2.464532124549431e-05,1.6512994264679287e-07,0.003781866076479509,1.7590707522886445e-05,4.312678201434083e-06,0
0.3604218602359654,0.6345993735101466,2.450194560241432e-05,1.511647179323507e-07,0.004924918587912314,2.4012379660592854e-05,5.182175994770557e-06,0
0.2751363215858313,0.7179398479636014,0.00011067194664617301,1.7634349549023152e-07,0.0065037034944444546,0.0003054277042812035,3.850961699965781e-06,0
0.26170385037930777,0.7306260233036918,0.00025484458064108106,1.6754190766544564e-07,0.006935030390608179,0.00047642504984322963,3.6587540003400634e-06,0
0.29744142979606464,0.6642046747158797,0.001294080392965624,3.0087778289116345e-07,0.033778602565232005,0.0032755979588149305,5.313693260072847e-06,1
0.20750524341592913,0.7722478286025234,0.0019166879680330795,1.991936873076258e-07,0.016388214302337858,0.0019382236468767108,3.602870612515341e-06,1
0.18215068564403916,0.8015868111199227,0.0003543995182985599,1.8436417932810659e-07,0.014715523592460776,0.001188610130542515,3.7856305570891515e-06,1
0.17575366653433125,0.8105429626919839,0.000312836419189234,1.8359652988181033e-07,0.01226135124021769,0.0011231322567880012,5.867260960065397e-06,1
0.17434756755208117,0.8154072406869779,0.00031654341927732664,2.1348437754579457e-07,0.008968683137374919,0.0009525105963437027,7.241123567493036e-06,1
0.1462478351280433,0.8451422471493119,0.00030456665641223504,1.958496869886092e-07,0.007027945487131927,0.0012547861431650138,2.2423586248461257e-05,1
0.2136644687397767,0.7524621252322816,0.0005041456316882048,1.7686364020287536e-07,0.027770812722588255,0.005590640264109418,7.630545915657152e-06,0
0.19276671609453352,0.752589651530582,0.0004420840653558759,1.9083686021313043e-07,0.04707304722606602,0.0071219931543221775,6.317092280408651e-06,0
0.2012671489211937,0.7008588211695445,0.00042987159743000045,1.9034732666992537e-07,0.0652357437287956,0.03220011317115949,8.111064550033873e-06,1
0.17675737388709153,0.7939115871334307,0.0003204608991371526,1.8660619397463445e-07,0.02635805057728874,0.0026345261033643664,1.7814793493356097e-05,0
0.20294180443325724,0.7698057479496597,0.0003107306230906984,1.8094019920197965e-07,0.024546718334613096,0.002382554024016626,1.2263695163150828e-05,0
0.1807917775953124,0.6991869405846137,0.00024057890548492817,1.641888329824637e-07,0.1183527425569351,0.0014218410113134667,5.9551575076137265e-06,0
0.8386859461934285,0.1608760048462978,2.3088754284782877e-05,5.538887338113722e-85,1.4660627976493995e-05,2.0680454514437658e-05,0.00037961912349797876,0
0.7902005490148731,0.2094744786929287,2.4732662821215102e-05,2.1696774883789823e-07,1.553705355299877e-05,1.833407599982886e-05,0.00026615153207541694,0
0.7473661903146589,0.25229986872873017,2.4380962386266965e-05,1.8461304227885032e-07,1.4547453047509548e-05,1.7231557720771016e-05,0.00027759637041404125,0
0.7368846557174478,0.26088955136549785,2.2355717139896304e-05,2.0453980145915686e-07,1.0878030175111238e-05,1.3250611280198523e-05,0.002179104018657517,0
0.5681515843176329,0.4243433282578241,2.6895722602345455e-05,2.1898682094072433e-07,1.6359731992358404e-05,2.0869147441205197e-05,0.0074407438356861675,1
0.6808955244288556,0.3187411703273772,2.459505119184428e-05,1.7440820412924498e-07,9.532201385677817e-06,1.2806094631161745e-05,0.0003161974883541739,1
0.452838826077199,0.5446081424402343,3.199002781543937e-05,2.4308472078422593e-07,1.5482580475377436e-05,2.6135375853053653e-05,0.00247918041370231,1
0.4508319333727045,0.5436645703336938,3.98210733783831e-05,3.363900334634437e-07,1.9550216348240105e-05,3.2174959160382826e-05,0.005411613654681257,1
0.7033140494686413,0.293244575412936,3.198980924930631e-05,2.5579200158218125e-07,1.490182245460832e-05,2.2958225673296158e-05,0.0033712694690439,0
0.491811306033687,0.5049732209214235,2.6907393527480034e-05,1.7475972250469128e-07,1.499236826689137e-05,2.058544033136899e-05,0.0031528130830411794,0
0.4557080627705396,0.5404588703824075,2.8261398767169194e-05,1.8213035001045586e-07,1.5452771910026045e-05,2.1621318966046713e-05,0.0037675492270596573,0
0.41626013795801275,0.583470981022621,1.906623903793482e-05,1.1312445257275603e-07,9.474940995780675e-06,1.0662939036872543e-05,0.00022956377584325578,0
0.4875761153510279,0.5123385929851775,2.311503945287142e-05,1.79016890718508e-07,2.6595308296157516e-05,1.576081746974368e-05,1.9641481685067396e-05,1
0.3704883829797485,0.6279442407741285,3.502315795531383e-05,2.61596750158215e-07,1.299493236722833e-05,1.9751349846911682e-05,0.0014993452092035818,1
0.38588667491246825,0.6123960454922116,3.046995490645134e-05,2.468010932216698e-07,1.2259951672312084e-05,2.1097371928409557e-05,0.0016532055157196322,1
0.367678157224451,0.6319598621633801,3.3584272538511015e-05,3.029973338690155e-07,1.703898667866819e-05,2.290372468397332e-05,0.0002881506309339051,1
0.3295756112597317,0.6702496755035589,3.396141411737639e-05,3.0639990549703943e-07,2.4775718973318743e-05,2.2524041960536147e-05,9.314566175276053e-05,1
0.4331841680557395,0.5666463391354406,3.326883396262735e-05,3.257804811101524e-07,2.311021283612085e-05,2.6184415836353258e-05,8.660356570362493e-05,1
0.5821843420939419,0.4177371572882449,2.3971862088754443e-05,2.347411626495099e-07,1.3772261130224059e-05,1.848291270616539e-05,2.2038840725392805e-05,1
0.583878794106235,0.4160516615534617,2.566975086796552e-05,2.3745443504220045e-07,1.533595494323738e-05,2.227374700238128e-05,6.0274330548127585e-06,1
0.5948769573031277,0.4050491520750649,2.759469481421242e-05,2.4705757345808005e-07,1.911473824668187e-05,2.140748813925275e-05,5.526643033803384e-06,1
0.5465497876755986,0.4533764057035578,2.578291444932735e-05,2.3127894231962152e-07,1.9512933691059597e-05,2.2335557040775e-05,5.943936720092842e-06,1
0.7087634866310915,0.2911588535816945,2.0970624684073398e-05,1.8811154597151352e-07,1.3228904434829489e-05,1.664724146579196e-05,2.6624905083684694e-05,1
0.48744119567867705,0.5124649722250564,2.5245950539951752e-05,2.1840892520862567e-07,1.591711173839479e-05,2.3143672046639816e-05,2.930695301627316e-05,1
0.5397789057584438,0.46015923396193725,2.12527243221968e-05,2.029822747468432e-07,1.5384155392922302e-05,1.6714196291416175e-05,8.306221337729688e-06,1
0.7280729639211458,0.2718506962036032,2.3197383815582918e-05,2.0912852397803963e-07,2.6549697151966994e-05,2.1426039484310188e-05,4.95762627517856e-06,1
0.8683265137184245,0.13162678890893953,1.013574852039001e-05,7.893935247262148e-08,5.464034404623325e-06,7.968987944330494e-06,2.3049662414259193e-05,0
0.8489630547816124,0.15098948978182955,1.1234332029211167e-05,9.291749012675314e-08,5.44422782023277e-06,7.717849551055004e-06,2.296610966733733e-05,0
0.5478842883655777,0.4499807158186082,2.609624187630449e-05,1.6277738929095517e-07,0.002080297074772376,1.3016235007364472e-05,1.5423486768946834e-05,0
0.43038300921270056,0.5670512776348331,1.5895617935450496e-05,1.680925142316111e-07,0.002530875053706867,1.2324327634425338e-05,6.4500606753506175e-06,0
0.6270302442517189,0.37095794553161165,1.701765177647694e-05,1.6203382012702645e-07,0.001974082483121181,1.1054900196584466e-05,9.493147754952688e-06,0
0.581743497034817,0.41817947906961755,3.9734484549170355e-05,2.0190871194193952e-07,1.606884104283786e-05,1.378498132937212e-05,7.233679932018484e-06,0
0.3684180958525997,0.6314953898824908,4.401397506350097e-05,1.9574334347066387e-07,1.935681731203543e-05,1.4343939359655705e-05,8.603789830853778e-06,1
0.32420820988325716,0.6757128604753967,4.615834784146588e-05,8.178992813754387e-08,1.538543843380745e-05,1.0816253713829803e-05,6.48781142875781e-06,1
0.4852101472563969,0.5146641754553777,2.1413472315449616e-05,9.031435641478763e-08,1.7413786561253647e-05,1.0118900289552586e-05,7.664081470270205e-05,0
0.05615244787305752,0.937747755855066,1.3288459697800427e-05,3.6480435322880505e-08,6.950776603012586e-06,3.5460582770581306e-06,0.006075974496863445,1
0.033915064618241376,0.00015137412457479538,2.579742611980227e-06,2.052513882514373e-08,1.8058800006566325e-06,1.1038946481987482e-06,0.9659280512147842,6
0.04390563973219011,0.0002532830699003725,3.2382032967053776e-06,3.4067084329824264e-08,2.320571872922281e-06,1.8854493736998979e-06,0.955833598906282,6
0.050461679360904343,0.0002517564231838181,2.686175611837903e-06,2.4897469765320693e-08,2.069682393773381e-06,1.7342678778388018e-06,0.9492800491925586,6
0.015075403768411964,0.00016541557301398893,8.318437322574975e-07,8.160497414186984e-09,5.846158621947113e-07,5.315283579234126e-07,0.9847572245101242,6
0.020744107830734083,0.00033736642985712426,1.7103727434218674e-06,1.749522274701379e-08,8.638967853116773e-07,8.548462607448176e-07,0.9789150791283965,6
0.02752849891768416,0.0004282500593675489,2.0897178690468308e-06,1.602736210090109e-08,1.0277504178046006e-06,1.1161049016854177e-06,0.9720390014223976,6
0.012046474482253003,0.0008530957136104437,2.412587545596007e-07,7.332565555728639e-09,5.840640755357501e-07,5.177899717371466e-07,0.9870990793587692,6
8.807165511008036e-05,8.42634905678995e-06,6.3876664141728425e-09,5.346100928507624e-11,4.060467673703003e-09,3.2036871266144055e-09,0.9999034882905509,6
0.1094702937431719,0.0036550347983203887,2.945817750791457e-06,2.7615797960991875e-08,1.4805379285886434e-06,1.6260591854492513e-06,0.886868591427845,6
0.07140633569079426,0.003449356018268279,2.9798430906948724e-06,2.4741261058209315e-08,1.9076974541033235e-06,2.061018735212528e-06,0.9251373349903965,6
0.09914013099737483,0.004896913722147934,6.351680173308834e-06,5.662534430888223e-08,4.552018820838134e-06,4.290585612010838e-06,0.8959477043705268,6
0.2859235168681518,0.012264946343458311,1.4154289533574518e-05,1.0800171478900317e-07,9.82862668778369e-06,9.279444221299614e-06,0.7017781664262324,6
0.9350562259728821,0.06406021827409397,1.1950934606204207e-05,9.176319777506001e-08,3.5584308360339645e-06,7.332934265267614e-06,0.0008606216901190266,0
0.9458653263775927,0.053400453900926376,8.558724692745007e-06,7.824523112414867e-08,2.304293933802161e-06,6.756497992958157e-06,0.0007165219596302734,0
0.8187967021063653,0.18117097975293783,1.1742649062538678e-05,9.555932515357072e-08,3.2280267111550937e-06,8.065195615810473e-06,9.186709981979832e-06,0
0.8002465997623124,0.1997108312798878,1.5657646877440552e-05,1.2229385722685137e-07,4.773394477836525e-06,8.972086686164977e-06,1.3043535901065029e-05,0
0.7636796857001336,0.2362709269616473,2.3860225003723524e-05,1.386340603522969e-07,5.345950772224758e-06,1.09129768917708e-05,9.12955149096446e-06,0
0.7564991877226469,0.24340903107640838,2.4151719479031718e-05,1.4032771842450416e-07,5.5646145118592335e-06,1.125845795073552e-05,5.0666081284726894e-05,0
0.7635152615120296,0.23636899610650847,2.6123386307455612e-05,1.3626906850265852e-07,5.219019912330927e-06,9.558709999580959e-06,7.470499617411147e-05,0
0.8020627046238936,0.19685670698820595,4.148425027178183e-05,7.75618200670588e-08,8.768596791372137e-06,1.2427314015610001e-05,0.0010178306650014419,0
0.793198393997495,0.2049795981922703,4.157146387923082e-05,8.368978074163632e-08,1.0174555957633716e-05,1.0794310635596278e-05,0.0017593837899814474,0
0.7434030777871968,0.253606489868253,3.0407605203207443e-05,2.3454884655143554e-07,1.2376506542122732e-05,1.9546624274519552e-05,0.002927867059683568,0
0.5899746298943386,0.40760082146643334,2.859208537567876e-05,1.8616828901627494e-07,1.0171158798224725e-05,1.6506169053773273e-05,0.0023690930577114767,0
0.2744555213071309,0.7231188717216545,5.777649664559692e-05,3.649085626412189e-07,5.5289837387521715e-05,3.194053381233275e-05,0.002280235194806437,1
0.2217723424008965,0.7738642154327491,4.172169635995843e-05,2.897448280093281e-07,2.7640581853422563e-05,2.4965604051104115e-05,0.00426882453926221,1
0.2630242546656065,0.735335716505334,4.017866960612922e-05,3.0603776425541383e-07,2.7162594410689684e-05,2.996862125799532e-05,0.0015424129060201968,1
0.22924759136834838,0.7698235624837723,4.070063812906733e-05,3.3397357445068824e-07,2.9988785090578873e-05,3.2904788842594695e-05,0.0008249179622426405,1
0.1838484466841242,0.815693976267555,3.062838615183049e-05,2.517324317506181e-07,2.628884934233979e-05,2.2804235305999878e-05,0.0003776038450888295,1
0.2607548261731037,0.7385038412448311,4.072225190683963e-05,3.598571570589664e-07,3.3456219518523455e-05,3.5454972106692984e-05,0.0006313392813760676,1
0.3028824176037841,0.6970285643794292,2.9935333849460765e-05,2.6400282070641e-07,2.6607915700435716e-05,2.60109114425652e-05,6.199852973481913e-06,1
0.2771749271043127,0.7227393775084492,3.521444797616363e-05,2.300001540127738e-07,2.4755711093793382e-05,2.0093895047646525e-05,5.401332966601787e-06,1
0.32577972234432584,0.6741360072215486,3.141545581410883e-05,2.6232316733200487e-07,2.05868238380036e-05,2.5845423380509817e-05,6.160407925357576e-06,1
0.3578264766493598,0.6420906820029791,2.9971118714718826e-05,2.539836714602192e-07,1.634450752384156e-05,2.5023773490496392e-05,1.1247964260383418e-05,1
0.4977969909221077,0.5021072860618115,1.7821505734281507e-05,8.8566942923869e-08,5.371957959394066e-05,1.20047169334045e-05,1.2088646876099586e-05,1
0.27469088380532053,0.716775587135983,2.103519023039238e-05,1.920529219665752e-07,0.008477557644239178,1.6431545934131986e-05,1.8312625370653215e-05,1
0.4074794462293675,0.5041931162544268,0.0006697383997872095,2.8287529060922095e-07,0.08387123213935016,0.0037816236094564415,4.56049232142605e-06,1
0.4485340131148802,0.46366034626145913,0.0005765436937574946,2.601345614692944e-07,0.06653913587684392,0.020685507050353352,4.1938681443800114e-06,1
0.5251595780151658,0.4740035569562512,1.7610701184609662e-05,1.7686827990670684e-07,0.000782575190021422,1.4730340055693163e-05,2.1771929041403265e-05,0
0.8441483900081119,0.15581677848056008,7.6239199599968655e-06,6.254678892968114e-08,4.938400768061964e-06,6.118457113045997e-06,1.6088186698137153e-05,0
0.5410164855952645,0.4588593875496812,2.872172637843839e-05,9.986267598774195e-08,3.517308262823836e-05,2.308970046304185e-05,3.7042482908692854e-05,0
0.5909419326472602,0.4089748336340984,2.8960595583416014e-05,8.380166982858143e-08,1.9254785148742126e-05,1.6148659382100555e-05,1.8785876857404974e-05,0
0.6807325077539637,0.31917096001354384,2.5721410858345328e-05,9.350289699524808e-08,2.038798984168549e-05,1.7058533512902807e-05,3.327079538277477e-05,0
0.37653204132455054,0.6231999873417945,1.8476510233778866e-05,1.1664008618671449e-07,1.3858051276619466e-05,1.1616847189366557e-05,0.0002239032848691313,0
0.21701886867886305,0.7820193866573957,1.6249484537727727e-05,1.2119944643656483e-07,8.054308948743671e-06,1.0255360511675189e-05,0.00092706431029666,0
0.37084033378149517,0.6280457263214259,2.1283808911617952e-05,1.5866560457976143e-07,1.0616219985036644e-05,1.3614474826811774e-05,0.0010682667277510894,0
0.5131177441667373,0.48588067687861175,2.1682063634396404e-05,1.507349333350995e-07,1.0085583551353812e-05,1.4062792948787544e-05,0.0009555977795830663,0
0.8011178260634475,0.19643685604662553,3.8701815633883595e-05,2.540934585309168e-07,1.814007274042074e-05,2.2247314037644897e-05,0.002365974594056556,0
0.7959640408055946,0.20143473777692814,3.912158918596548e-05,2.60558279235844e-07,1.860160495978281e-05,2.2813345517759074e-05,0.0025204243195342943,0
0.8968700314007013,0.09618996818048839,1.6672176292703043e-05,1.4097035373636143e-07,7.2923712717909055e-06,1.1387660455430158e-05,0.006904507240436787,0
0.6217879546846874,0.36961477105681007,3.7585968154178294e-05,2.9088738969865473e-07,3.2266517358638154e-05,2.702320346003295e-05,0.008500107682139997,0
0.3283538572861923,0.6694304368457675,5.210036855953926e-05,4.131876371004081e-07,6.457058611182344e-05,3.426779949752841e-05,0.0020643539262343103,1
0.3288978307484506,0.6690013699723462,4.551180728445919e-05,3.9401612960030375e-07,5.9470481849752154e-05,3.250462296681721e-05,0.0019629183509727506,1
0.4749796498971355,0.5249545464645298,2.4925063576491933e-05,2.1764407085562496e-07,1.7353095686889457e-05,1.5912584674450594e-05,7.395250325990882e-06,0
0.4393211809877299,0.5606196197235861,2.2010652523646554e-05,1.7867650395545746e-07,1.6444897947039953e-05,1.5573991940649945e-05,4.991069768702404e-06,0
0.3671336927446155,0.6328091768505466,2.1754402173283044e-05,1.7344718201476953e-07,1.5681664593903e-05,1.5118188206211309e-05,4.402702682534233e-06,0
0.3790745527481244,0.6208702837401954,2.3180847090520272e-05,1.863269258447625e-07,1.1121409365219983e-05,1.59452921828743e-05,4.729636115824808e-06,0
0.3727815917517274,0.6271627221873982,2.2540774994936208e-05,1.81182046305914e-07,1.280266302471593e-05,1.5505009024008796e-05,4.65643178431259e-06,0
0.370279051933203,0.6296627929609658,2.2279916373054916e-05,1.7908527284006772e-07,1.5033796186237863e-05,1.5985160172475157e-05,4.677147826710249e-06,0
0.48903133690604333,0.5106771320784392,2.2064089462592666e-05,1.6801429146861924e-07,0.0002489345260999052,1.5425960776032692e-05,4.938424887383031e-06,0
0.3266246277558155,0.667117272612951,9.169172692146578e-05,1.7409219252063643e-07,0.006028385228055489,0.00013376286990882173,4.085714155245892e-06,0
0.36695208069955576,0.6255551296253269,0.00016602399236693389,2.5710037974344e-07,0.006457696224770744,0.0008653365924691344,3.4757651307793615e-06,0
0.2578073929489085,0.7216187808887238,0.0018111584179571966,2.1540864345010923e-07,0.01627536906218792,0.0024824381511295225,4.6451224496702735e-06,1
0.13774812184330645,0.8488399730898154,0.00036120986619214766,1.8632764909545105e-07,0.012227391538651764,0.0008170884880351594,6.02884634973494e-06,1
0.19495939429682058,0.7971950383786416,0.0004263142191430377,1.956532161525941e-07,0.006382312467473562,0.001014343893160632,2.240109154446437e-05,0
0.19954606062716623,0.791591171073874,0.00043567284005109874,1.9778167589489815e-07,0.006710913930038555,0.0016933389600822825,2.264478711192631e-05,0
0.24364385780538406,0.7462763294098418,0.0005731432941756009,1.8899878763751345e-07,0.006303958026654524,0.0031808832648053307,2.1639200351088046e-05,0
0.2616665528036323,0.7302587500906393,0.00041209084505200314,1.654113089665043e-07,0.005420197464328193,0.0022233048061213877,1.893857891790763e-05,0
0.21859942537065363,0.766337605867836,0.00045847482804516797,2.006372995177183e-07,0.011873304050699526,0.0027111149951069263,1.9874250359460966e-05,0
0.17571272871225613,0.8055382602131171,0.0005922476034051742,1.7912489988555266e-07,0.01407090118404664,0.004071920006702025,1.3763155573061591e-05,0
0.13490905263882927,0.8268172296314288,0.00051393949368832,1.8728282298899976e-07,0.03312146159447611,0.004632069606650089,6.059752104567564e-06,0
0.35038356404568083,0.4943444242570893,0.0036822460776249322,2.9689825299809956e-07,0.140574593956532,0.011009181285745205,5.693479074667929e-06,0
0.17267084634527638,0.7470811315007421,0.00021360367659493503,2.065569555489071e-07,0.07889600582680543,0.0011311999395639803,7.0061540617132924e-06,0
0.7949166831244103,0.2046640225262667,2.4939443056618418e-05,2.482437219232036e-07,1.7791982807609892e-05,2.136133716127983e-05,0.0003549533425753782,0
0.7907305939258029,0.20888769661430664,2.2734796879069563e-05,2.2584582189626323e-07,1.5859155034027105e-05,1.9434001031796065e-05,0.00032345566112370987,0
0.7993838343952745,0.2002650601785299,2.520976950465639e-05,2.1699236129808852e-07,1.553881605048559e-05,1.8672161999507372e-05,0.00029146768627960124,0
0.7704174042486791,0.2292145220596505,2.9986066893537866e-05,1.8454321507039916e-07,2.036509379556582e-05,1.6331686756553335e-05,0.0003012063010095724,0
0.7110541669562953,0.2875652699572214,2.536062979646603e-05,2.4178073564323794e-07,1.6469301779517744e-05,1.7649389448339625e-05,0.0013208419847233858,0
0.6397563331063583,0.3535305261217197,2.3038198856140564e-05,1.87848622666565e-07,9.199449013911503e-06,1.4202111317995788e-05,0.006666513164111442,1
0.5144747176653008,0.4822379780397266,2.2113403355255517e-05,1.8004884912536448e-07,1.3911907327625363e-05,1.6371328973765597e-05,0.0032347276064668405,1
0.36359723610726224,0.6310845126839897,3.3826875825916915e-05,3.2898936159404723e-07,2.791838515345736e-05,3.387414407500714e-05,0.005222302814331781,1
0.6345914549303551,0.362805413260709,3.322839293993336e-05,2.289469738638204e-07,4.2801633209876784e-05,2.1355079742263697e-05,0.00250551775606996,1
0.6554668198413969,0.34223762475490893,3.524112126964871e-05,2.3600495164971642e-07,1.483860410275162e-05,2.165159530345732e-05,0.002223588078066968,0
0.7061141085429928,0.29135666133745547,3.090868981857943e-05,2.4714732036574004e-07,1.431681729723722e-05,2.0970240309623303e-05,0.002462787224805926,0
0.5493246528253805,0.4502506373541409,2.18298050032063e-05,1.1208680802090344e-07,1.730324009216563e-05,1.5623024223054358e-05,0.0003698416643520761,0
0.7136671279877753,0.2859931214488842,2.0866533744869997e-05,1.337112639316501e-07,5.809574678538853e-06,1.2154807634212897e-05,0.00030078593601890597,0
0.5000504861892584,0.4996765824067503,1.7839212499322026e-05,1.2466332199030201e-07,6.402456872197468e-06,1.133231900798295e-05,0.00023723275228969864,1
0.18965108912335268,0.8102205299635317,2.696915115444248e-05,1.4232564534195565e-07,7.214088555730426e-06,9.505709981615348e-06,8.454963777856875e-05,1
0.4252377153506325,0.5742310166519989,3.837652346693979e-05,2.554872123137679e-07,1.554163583028047e-05,1.8287924868112067e-05,0.00045880642599083145,1
0.36962629331540225,0.6290051015830321,3.2781688431129726e-05,2.6552571434039066e-07,1.2889098905443065e-05,1.8606970439818257e-05,0.0013040618180750138,1
0.44476035502860406,0.5540576401741867,3.400369830723973e-05,3.067813934920142e-07,1.7354190941917703e-05,2.2494131596122598e-05,0.0011078459949705717,1
0.7375736347736108,0.262282232669838,1.926000129612131e-05,1.8860091386073454e-07,1.0360220646643477e-05,1.6404236929456046e-05,9.791949676513748e-05,1
0.5578071949159523,0.4421227974891985,2.3722719625544156e-05,2.3230146934313214e-07,1.990783283850005e-05,2.0248108348107053e-05,5.896632567639879e-06,1
0.6770173965749404,0.32291996330731887,2.1746030747027904e-05,1.9506712480884e-07,1.3982192127133404e-05,1.726278688508728e-05,9.454040856532876e-06,1
0.739597409796534,0.2603441948192441,1.9523067265651005e-05,2.0032604157526376e-07,1.4309899053257876e-05,1.9613138306747894e-05,4.748953554610891e-06,1
0.7356793058350329,0.26426315885406115,1.672823044804618e-05,2.3503559628673395e-07,1.5923245418230412e-05,1.9828359838369277e-05,4.82043960482399e-06,1
0.7290788027226882,0.27085648322607825,2.277748572824235e-05,1.8931198250795143e-07,1.7435111639835202e-05,1.948472668595972e-05,4.827415197063193e-06,1
0.7124986047902132,0.2874464537545215,1.882263318124097e-05,1.7871161850159617e-07,1.6168159809163775e-05,1.5511217194618133e-05,4.260733461820933e-06,1
0.6949052593557744,0.3050436401110846,1.5986246426023178e-05,1.8381306768423913e-07,1.5425461489261053e-05,1.4445273283056197e-05,5.059738874838093e-06,1
0.6797855299940467,0.32012014858870497,2.5889156426144054e-05,2.441108457565956e-07,1.5788450418597167e-05,1.8523411158168806e-05,3.387628839958243e-05,1
0.8718606485649035,0.12809146230682084,1.1321094201845264e-05,4.391996781533003e-08,5.857304736684984e-06,7.52333360960609e-06,2.3143475759643492e-05,0
0.5514208678988499,0.44669363990592226,2.561450078962725e-05,1.5977249085480478e-07,0.0018345164531436422,1.277595308375969e-05,1.2425515719787281e-05,0
0.1579805109370927,0.8404235658595295,1.1653771743192159e-05,1.434937153806795e-07,0.0015537647326589325,1.0045981608962674e-05,2.0315223651226538e-05,1
0.12126225919243368,0.877426194463413,1.2355638710476918e-05,1.281732032698903e-07,0.0012699129434092403,9.630389344386366e-06,1.9519199486252428e-05,1
0.21140933646996007,0.7884707598819305,2.04764345979704e-05,1.8432997810834852e-07,7.73192341618739e-05,1.5061737675749565e-05,6.861911695796483e-06,1
0.3293312054638952,0.6705796663007751,3.0247342034504232e-05,2.1333222447150424e-07,1.9458953097456842e-05,2.0926767892560203e-05,1.8281840080627993e-05,1
0.5794956848432083,0.42041975776156165,3.834779601400668e-05,1.948623264363448e-07,2.0558678300206163e-05,1.3303901084245732e-05,1.21521575051861e-05,0
0.563157458225702,0.43674615714571063,3.726662319780483e-05,1.999458717389331e-07,2.1714992758735772e-05,1.2224251926459676e-05,2.4978814832583118e-05,0
0.18744587572865345,0.8124802719054959,2.685262496961e-05,1.0919540498462889e-07,1.6487868041807186e-05,9.14471201836971e-06,2.125796541584764e-05,1
0.8344966353214845,0.16520687558649003,4.601081909768996e-05,8.055649275573407e-08,2.2076287627369835e-05,9.545433829662616e-06,0.00021877599497810093,0
0.26815950916306436,0.7193049942767116,3.55132470049831e-05,6.881526748994593e-08,1.7466484155714118e-05,7.414570052317238e-06,0.012475033443743566,1
0.12783260754860354,0.8387546613859541,4.4624157894008745e-05,1.6735224321863912e-07,1.2929338726638233e-05,8.765713710549612e-06,0.03334624450286783,1
0.03436182266529273,0.00018343943324824254,2.2902794507472793e-06,2.0996600257699846e-08,1.7583088089375602e-06,1.0748154270278918e-06,0.9654495935011721,6
0.014427857313745643,6.38720180963188e-05,8.450788670129149e-07,8.251928380368943e-09,6.424296619178825e-07,5.151922197996643e-07,0.9855062597154809,6
0.021306007866149366,0.00013131979116065256,8.199276360138473e-07,7.364086055063305e-09,4.130251631085248e-07,3.925637213258715e-07,0.9785610394620834,6
0.012114840968437117,0.00038414462936873356,1.166768644489452e-06,1.2636647354883952e-08,6.58017553456842e-07,6.174480254340999e-07,0.9874985595313234,6
0.02644595673534738,0.00062978811813995,1.9236804559966154e-06,1.5050984122033934e-08,1.0186466957048732e-06,1.0481124122632128e-06,0.9729202496559645,6
0.011943178507929348,0.0011128154003538294,8.833405832319433e-07,7.094728775706998e-09,5.388584197709107e-07,4.22179487806874e-07,0.9869421546184973,6
0.07746614444209422,0.0025864683828459045,2.084594236298281e-06,1.9542191041789597e-08,9.880518871795424e-07,1.1856215010782575e-06,0.9199431093652443,6
0.16231302065084263,0.004237329064431842,5.774168802601239e-06,3.400340977677956e-08,2.314294452867627e-06,2.221865233083779e-06,0.8334393059528272,6
0.06008843806530712,0.0019330884852415441,2.5103335529891063e-06,2.3730749752288754e-08,1.695167285026682e-06,1.5969098785800123e-06,0.937972647307985,6
0.15463999961202,0.0052783261468692605,6.497727902409268e-06,6.142448864093544e-08,4.47671057120647e-06,4.6542238357141415e-06,0.8400659841543127,6
0.9298768107984918,0.06976702508117669,1.078905282559298e-05,8.533536168175891e-08,4.260866157884992e-06,8.5171817506679e-06,0.00033251168423531214,0
0.8315832658581964,0.16836617559540687,1.0596000563129772e-05,8.622812942351808e-08,2.907852872835738e-06,7.277643812034689e-06,2.9690821019492205e-05,0
0.8826978278077201,0.11727553949905566,9.869262919558422e-06,8.031408409920315e-08,3.497610618607528e-06,7.277187420717236e-06,5.908318181051367e-06,0
0.8232272209429271,0.17673863265138506,1.4145300980918078e-05,1.1304717987759214e-07,4.299117940091223e-06,1.0110042728452386e-05,5.478896858329784e-06,0
0.7570466594659097,0.2428853150202547,2.409975491872368e-05,1.4002579092848093e-07,6.154284103028367e-06,1.1022530947814976e-05,2.6608918075238885e-05,0
0.8026758187143822,0.19642056808639682,3.767855899587996e-05,7.758438096410847e-08,8.884397736024903e-06,1.4657642299089505e-05,0.0008423150158090505,0
0.1798757786002394,0.8164275972109429,3.9937967693868376e-05,2.988202463784801e-07,4.094740034124252e-05,2.791796757317754e-05,0.003587522032963057,1
0.27824594135515757,0.718578599932639,4.1576890392197685e-05,2.8873919343825094e-07,2.8149092511561665e-05,2.6337600044496345e-05,0.003079106390061754,1
0.24971092288029514,0.7494325767618175,4.192955679041078e-05,3.4461591416382647e-07,3.203922847629343e-05,3.2521624114594026e-05,0.0007496653325919003,1
0.25485410228010014,0.7449528620811603,3.472966140882482e-05,3.0814680260458073e-07,2.695559454857792e-05,3.0291148573819245e-05,0.00010075108740556804,1
0.2596767649659,0.7402070510582516,3.295506403493169e-05,3.137535730220921e-07,2.4791220874482143e-05,2.9228015860032633e-05,2.889592150592754e-05,1
0.3185307461661878,0.6813720903745035,4.046861130933544e-05,2.8431618359113595e-07,2.4968783391659413e-05,2.5234510857066392e-05,6.2072375669686895e-06,0
0.4622097840049231,0.5364141142217115,1.9615154301562393e-05,9.74807784129919e-08,0.001329213311007366,1.3870516419058635e-05,1.330531085909691e-05,1
0.21381752825939462,0.7823536952976362,2.0186155401745396e-05,1.843011679816053e-07,0.0037756951325347227,1.5665552244450957e-05,1.704530162016123e-05,1
0.8441479468314903,0.15581669667698822,7.623915957450476e-06,6.254675609271203e-08,4.938398175409068e-06,6.643452380799433e-06,1.6088178251863593e-05,0
0.846725559784554,0.15323582820692463,8.61901368150792e-06,7.071055734424729e-08,4.093189985783235e-06,7.641035924091171e-06,1.8188058372789488e-05,0
0.7937279879686587,0.2062086927870904,1.6691439325833196e-05,6.07412998621421e-08,1.5092932959839458e-192,1.1643101354199085e-05,3.4923962271102194e-05,0
0.59129132418611,0.4086226970987682,2.515277660605263e-05,9.183654330089057e-08,1.3755470354339505e-05,1.9534183231740995e-05,2.744444838639393e-05,0
0.7279109944495529,0.27200291766791257,1.900946303380178e-05,1.284407426073926e-07,1.4316953600375295e-05,1.1865550765812061e-05,4.076747439183783e-05,0
0.7731586720981035,0.2267781058987303,1.9954020401918916e-05,1.5130866555899502e-07,1.543522851792497e-05,1.3067899724552286e-05,1.4613545856065723e-05,0
0.7554784637361625,0.24444728675618926,2.863227006883807e-05,1.3495936168346866e-07,1.6969027826158776e-05,1.4229902966523493e-05,1.4283347425085922e-05,0
0.7936987226252171,0.20620081986658673,3.389037486878163e-05,1.392070918514713e-07,1.7503113424369487e-05,1.4677776958847334e-05,3.424703585219291e-05,0
0.9146804594774421,0.06960783532225245,1.8947552955731317e-05,1.3017575514027077e-07,6.456809930054734e-06,1.1144257277122509e-05,0.015675026404387466,0
0.6317582507337262,0.35579042984693166,3.818865469219098e-05,2.9555173446502835e-07,3.278390713454691e-05,2.7456517319942905e-05,0.012352594788461062,0
0.4876035183411669,0.5070426613330181,6.21293549846372e-05,4.0765676908614454e-07,5.213973834327715e-05,3.542027743135605e-05,0.005203723298286645,1
0.8940602585365109,0.10591071079940738,1.165726165449953e-05,9.560475321313036e-08,6.614203835122662e-06,8.180862980818643e-06,2.482730857827512e-06,0
0.4722969168807192,0.5276401175965194,2.3595436054290654e-05,2.0603384784594335e-07,1.7118291244660846e-05,1.669533106984706e-05,5.350430544637492e-06,0
0.34744617718422216,0.6524879042316797,2.6005151038208198e-05,1.9430154124164666e-07,1.656116058797918e-05,1.82259108827344e-05,4.932060047953327e-06,0
0.32645042724911966,0.6734817799259678,2.6508544210679773e-05,1.9806272182921724e-07,1.747996799746755e-05,1.8578717874201738e-05,5.027532108496707e-06,0
0.300620394586507,0.6954266285861336,1.8756818216676214e-05,1.3979825226645301e-07,0.003909277358167457,2.0462630465959744e-05,4.34022225719809e-06,0
0.3756575427332242,0.618533806637813,0.0001071092394616065,1.5816457487040238e-07,0.0052000388848779415,0.000498148833690118,3.195506358341884e-06,0
0.49582186282935564,0.49570937071852295,0.00017602238702864857,1.9505265086015904e-07,0.007195023893750675,0.0010938615335621355,3.663585129358586e-06,0
0.26800079357351403,0.7120438426983899,0.0002951383849004892,2.925703411328197e-07,0.0188212765329113,0.0008328058731608634,5.850366782196246e-06,1
0.18821939712144609,0.804919687717311,0.0002576855300010247,1.8232279879111985e-07,0.006039607118317699,0.0005460343208966718,1.7405869228735376e-05,1
0.13235650855735678,0.8501931733986158,0.0003726659188866106,1.8926196614369655e-07,0.016281702412678747,0.0007918257561055648,3.934694390229232e-06,1
0.19615971683064992,0.7951095705839903,0.000488401986315986,1.9514138597106658e-07,0.006726328378087905,0.0014934445894376033,2.234249013234817e-05,0
0.19759865383708267,0.7936731622847475,0.0004922301890019446,1.9830186829462685e-07,0.006669272887505214,0.0015437781538480124,2.2704345946665674e-05,0
0.11795520382868764,0.8554668476630366,0.0005668541872848652,1.8994311148793187e-07,0.023742766174230157,0.0022554687646959806,1.2669438953124039e-05,0
0.1071521820620934,0.862218954033976,0.000709551958087928,2.257130478983693e-07,0.01799035484757241,0.01190950311373853,1.9228271483666053e-05,1
0.1392646959533959,0.8059683009793313,0.0007313656608192468,2.3316528892782737e-07,0.02041523931124032,0.033602794069105206,1.737086081935239e-05,1
0.12420307344454969,0.8202600623379115,0.0004014710351619264,1.9241795620838032e-07,0.048687673641656305,0.006437979398163538,9.547724600951303e-06,0
0.12907098407774678,0.8252775610710992,0.0002797795104301545,1.9359496932391146e-07,0.03914626180468888,0.0062156138134066,9.60612765906626e-06,0
0.1456160408164649,0.813136298433364,0.00018802313972360866,1.9412095249102503e-07,0.035492295433400975,0.005555192091733279,1.1955964360833066e-05,0
0.1841640789691444,0.7898683385229984,0.00016519869621367195,1.8511649976327035e-07,0.02359328508062447,0.002199737376943222,9.176237576121604e-06,0
0.25259947162963114,0.7223221187397515,0.00017400373896115664,1.9931642368959897e-07,0.02329859992311538,0.001585863241920294,1.9743410196814707e-05,0
0.2878720819857946,0.6814378194651186,0.0001997982853357273,1.7775137276535514e-07,0.02904802979633167,0.0014289630822287686,1.3129633817971803e-05,0
0.2881208916373047,0.6813980527412554,0.00021803270719755182,1.7809326764165368e-07,0.029103902065554813,0.0011388427480990215,2.010000732098577e-05,0
0.824873721718053,0.1746413650234291,2.4136840744095424e-05,6.289876464742799e-85,1.7690202617399006e-05,2.1372234630996694e-05,0.00042171398052535995,0
0.7914901033635066,0.20810069313197124,2.488176413974167e-05,2.471736388171728e-07,1.71090092076753e-05,2.1269256661352483e-05,0.000345696300874661,0
0.7918788008476465,0.2077547743394354,2.298725268309928e-05,2.2835369952793298e-07,1.603526110423498e-05,1.9649803547300975e-05,0.0003075241418839668,0
0.7480792858081174,0.2515370226393162,3.1675658558657684e-05,2.0140231289627e-07,2.0749093921279517e-05,1.7841516471842802e-05,0.00031322388130167384,0
0.7263105693635197,0.27189688002277457,2.9547862431424764e-05,2.1520422819001565e-07,1.6363795080941696e-05,2.008690195467876e-05,0.001726336850010438,0
0.8460922098287865,0.15232465108688284,2.591626838990939e-05,1.8961177790304057e-07,9.12548354361685e-06,1.5019192488733377e-05,0.0015328885281304498,0
0.7144614687894332,0.27383259434004154,2.182391608003206e-05,1.7794761658340422e-07,9.394896490254904e-06,1.4223165196717512e-05,0.011660316945141615,0
0.7000426420431145,0.289875559861261,2.2314977232230823e-05,1.8195162582308519e-07,9.606291579860928e-06,1.2327483383081213e-05,0.01003736739180347,1
0.556007818817277,0.44335951612485686,2.655982428683926e-05,1.4412045938334082e-07,1.265274770749186e-05,1.2618214818479103e-05,0.000580690150593901,1
0.4085622536673305,0.5896908440220744,3.427134352163112e-05,2.5599725871534873e-07,1.3886807344308119e-05,2.4086839755248675e-05,0.0016744013227152333,1
0.5111164264547954,0.4835601113148951,3.446931437235936e-05,2.919691917876919e-07,1.6018264925153072e-05,3.0418754486467432e-05,0.005242263927333777,1
0.6798222639449055,0.31730125731527425,2.967311997354662e-05,2.372676464579507e-07,1.4231558634210017e-05,2.0131958366204034e-05,0.002812204835199837,0
0.6930435477419117,0.3043543446214782,2.8666546487749838e-05,2.425724874335242e-07,1.4051805128952359e-05,2.058206961927159e-05,0.0025385646428869152,0
0.7050356059347238,0.292165227771661,2.7518477169881302e-05,2.3285767821154526e-07,1.3565724324597052e-05,1.9757776304476327e-05,0.0027380914581380806,0
0.7426086035967684,0.25517838800962184,1.9372144203388034e-05,1.3732847004692457e-07,1.0605380838781214e-05,1.3091218777404095e-05,0.0021698023213203035,0
0.7150895355113529,0.28311740867401186,2.051355339373402e-05,9.509874658147614e-08,1.19960968802452e-05,1.2783361122357103e-05,0.0017476677044921869,0
0.7162803603777145,0.2826579478133619,1.9016699402985033e-05,8.81594837632074e-08,1.1355299389288743e-05,1.185057172483466e-05,0.001019381078922875,0
0.5700450913638531,0.42965139151324777,2.2801029252300964e-05,1.2303378793999125e-07,1.1054997657417975e-05,1.573726876176205e-05,0.00025380079343990643,0
0.6024133846928227,0.3973339281075277,1.8235390885905126e-05,1.281013333096745e-07,6.353868884126363e-06,1.1644845903642094e-05,0.00021632499264269756,0
0.49285030617848763,0.5069484789994935,2.1797599967650263e-05,1.2651525368413515e-07,4.571949310084417e-06,1.1619355942874386e-05,0.00016309940154460057,0
0.5440731870695268,0.45565893381794287,2.761465730500429e-05,1.9273853189576665e-07,5.231456781384013e-06,1.3295457652732043e-05,0.00022154480225929527,0
0.18599443307660862,0.8137882305098302,2.7045070831996795e-05,1.386278500360271e-07,7.868359342037695e-06,9.258739945645494e-06,0.00017302561559161126,1
0.31940822167645794,0.6799816244960747,3.481582469368114e-05,2.6127538391282194e-07,1.1891684376045686e-05,1.870224559425956e-05,0.0005444827974195364,1
0.4433999004053346,0.5553801755739536,3.14325797900776e-05,2.835847601610985e-07,2.2628589240228006e-05,2.3541815233276722e-05,0.0011420374516879562,1
0.43494870298178967,0.5638889535130799,3.3253558479525e-05,3.0001363136270516e-07,1.6971348179178364e-05,2.1997898984962318e-05,0.001089820685855453,1
0.6844001051078415,0.31518889020901125,2.0748141028879423e-05,2.3483876027887965e-07,1.0664531917290528e-05,1.7539882001236667e-05,0.0003618172894395536,1
0.7120450835429512,0.28783393795137446,1.7100963219417312e-05,1.7144798161905959e-07,6.8206001235096005e-06,1.827030355813493e-05,7.861519079154798e-05,1
0.7294694934372749,0.2703755284206897,1.8582313646344773e-05,2.1751729332175394e-07,6.4787204347980945e-06,1.7144888788117936e-05,0.00011255470187297102,1
0.6544507755557585,0.34545157192408893,2.4875348645607713e-05,2.11777008821672e-07,1.5157946008308873e-05,1.851082629762011e-05,3.889662219212221e-05,1
0.6708292625866265,0.3290709018530767,2.4849837608118433e-05,2.170770055853342e-07,1.5537293441889125e-05,1.9361291181271077e-05,3.987006106012147e-05,1
0.6822699854197063,0.31763766195375087,2.422468924794637e-05,2.1730128757545145e-07,1.6019289830610436e-05,2.113498762167983e-05,3.0756358555125615e-05,1
0.59311699450419,0.40681257389491204,2.6301943233179016e-05,2.075255364617661e-07,1.611083186074324e-05,1.9941810896375933e-05,7.869489371225687e-06,1
0.5665624797850538,0.4333464695976497,2.6537108530448646e-05,2.3804424457931246e-07,1.7771013634137384e-05,2.092604238065278e-05,2.5578408506764458e-05,1
0.6006502144372852,0.39928579520148655,2.3730356230193887e-05,2.1286700153986153e-07,1.6140167479271745e-05,1.843622608095081e-05,5.470744436388311e-06,1
0.5473515613938106,0.4525774594051544,2.561208575698498e-05,2.2974656787217735e-07,1.695423975917688e-05,2.2278574704130496e-05,5.904554246895141e-06,1
0.7719503385337021,0.2279931548452718,1.5620868777164012e-05,2.255002718277353e-07,1.702232005551794e-05,1.901518250642896e-05,4.622749415187378e-06,1
0.5811406496832492,0.418763113399416,2.2105220455668778e-05,2.1151111922266734e-07,1.71433239861823e-05,2.322555117575914e-05,3.3551310597882955e-05,1
0.6127269027860833,0.38715622345667333,3.4049230500597686e-05,2.1699340909137192e-07,1.500545484009186e-05,2.4877209364179126e-05,4.272486912924799e-05,1
0.7772729390138916,0.22253203975884567,2.3343988654706774e-05,2.3259540960337913e-07,1.2865137835578444e-05,1.8702563733805528e-05,0.00013987694162918943,1
0.73454622361427,0.2653912317684074,1.9645341466857098e-05,8.97206911202163e-08,1.4071706144884087e-05,1.4866178687976357e-05,1.387167033173431e-05,0
0.70535953383157,0.2939900498710125,1.2896681461355574e-05,1.3341554346133498e-07,0.0006109549077091725,9.168680561424104e-06,1.726261214198234e-05,0
0.7031463362088611,0.29597085139214513,1.7397836559178402e-05,1.32029241842499e-07,0.0008379867821931158,1.091411608553093e-05,1.6381634913991988e-05,0
0.6860925610336364,0.3127567251423368,1.7608688799427158e-05,1.6766138777989768e-07,0.0011021591772535913,1.1438845959902564e-05,1.933945062616236e-05,0
0.261678183516868,0.7382210578574652,2.742943630729994e-05,2.2411312565959204e-07,3.834094213640594e-05,1.991668531194586e-05,1.4847448785658564e-05,1
0.5638264631716027,0.43608829332658106,3.731089421805358e-05,1.8959336401222937e-07,2.1800529724504575e-05,1.2944171442354498e-05,1.2998313067612478e-05,0
0.38945950490260267,0.6104335739373506,2.8232470410190886e-05,1.0649481810480086e-07,1.3255866714580208e-05,6.429465775816124e-06,5.8896862327851154e-05,0
0.6616449821938034,0.33804044134210043,3.0101516184459998e-05,1.3537491002761557e-07,1.952072177030105e-05,8.172727916969985e-06,0.0002566461233142889,0
0.2250188553446454,0.7641522612576271,2.6992276201252907e-05,5.23038827368019e-08,1.283282731529837e-05,5.635534332797074e-06,0.01078337045599546,1
0.14153827302441718,0.8496761158376173,2.298857818193721e-05,6.310989825780603e-08,1.2024604431014964e-05,5.64043599754648e-06,0.008744894409456652,1
0.1980505898772566,0.783615820326521,4.792491410984646e-05,1.1035100599334977e-07,1.9689539650419218e-05,9.86260164812369e-06,0.018256002389807745,1
0.0269967701076241,0.0001231180458470409,1.5440767867809365e-06,1.2671913171521761e-08,1.1557079791605022e-06,9.224209104793567e-07,0.9728764769689393,6
0.055219589066068935,0.0005577316280223035,2.3780312068346987e-06,2.2976546611997152e-08,1.5831543119733737e-06,1.4965614804550888e-06,0.9442171985823629,6
0.015367212422800843,0.0002591921887998565,1.1602236606657503e-06,1.764371871619651e-08,9.465290230392059e-07,6.15492382400618e-07,0.9843708554996146,6
0.016040975738203317,0.0004590669612442354,1.1996420886114093e-06,9.52248601675716e-09,6.028437203672821e-07,5.956783424323566e-07,0.983497549613915,6
0.0483308446064276,0.003269891292010553,1.3387444947083483e-06,1.2550164543384592e-08,6.179146362927405e-07,7.614164088810466e-07,0.9483965334758574,6
0.1451456361109434,0.004007917237985337,5.4442906532742595e-06,3.249980998514925e-08,1.9994146949821627e-06,2.0694169457725343e-06,0.8508369010289674,6
0.06130103432510348,0.0018418308936406127,2.3918252715990975e-06,1.9352176710718294e-08,1.5915745767589814e-06,1.6580855017725494e-06,0.9368514739437291,6
0.14068336199933384,0.005681395277757032,7.221561888620444e-06,5.6229439114450865e-08,5.822869010201937e-06,4.977933902457719e-06,0.8536171641286686,6
0.1452475435564123,0.010155301139789956,7.1554458882146396e-06,6.212243795119814e-08,4.638075631641309e-06,5.2278149561865656e-06,0.8445800718448838,6
0.934422006503515,0.0646255560650984,1.0961701854028506e-05,1.002136329737907e-07,4.832129159215582e-06,8.653475749597391e-06,0.0009278899109908429,0
0.8569398582525611,0.1420749468009865,1.284762746216917e-05,9.97950952150062e-08,4.040053356905563e-06,8.155527776113549e-06,0.0009600519427619723,0
0.8029847805562341,0.19697586771739942,2.0326177106853768e-05,1.181003307103471e-07,4.696514430434519e-06,9.994377187184799e-06,4.216557311134623e-06,0
0.7642200523729985,0.23550554922450986,3.1451429045748454e-05,1.3900683829536652e-07,5.459223296482372e-06,1.0373857593527182e-05,0.0002269748857174807,0
0.7725406597358235,0.22656014109132241,4.2546697988420224e-05,1.4887120972534303e-07,1.1040438701057265e-05,1.558493288482228e-05,0.0008298782320700683,0
0.29751838778455103,0.6982304879491471,3.965061624320712e-05,3.088772086927881e-07,3.731596689469085e-05,3.1989979064408175e-05,0.004141858826890939,1
0.3152099179050412,0.684590220825337,4.648615230471079e-05,4.3456520033664764e-07,3.5055175926778105e-05,3.806553882870785e-05,7.981983736128372e-05,1
0.27547687625179285,0.7244398076817039,2.848755646836342e-05,2.702437740330236e-07,2.579075993729785e-05,2.286749991085569e-05,5.9000064126827266e-06,0
0.5971983466129335,0.4027228361481895,2.5469407171277824e-05,3.2071243066533193e-07,1.7714686846425564e-05,2.286198160861472e-05,1.2450450820176936e-05,0
0.6253831876938124,0.37454865952217176,2.1332532048849227e-05,1.9363562179737408e-07,1.2846493187122725e-05,1.502931380982693e-05,1.8750809348108137e-05,1
0.6391364615495343,0.36079776211244147,2.012301370917183e-05,1.5789690547118937e-07,1.4752331537792773e-05,1.4177177240003607e-05,1.6565918631823186e-05,1
0.5442406255572638,0.4556478439568707,1.8566831342566143e-05,1.033160091893989e-07,6.38437058075543e-05,1.37318139549861e-05,1.528481875115681e-05,1
0.49293279284206043,0.5057894087895286,1.9038767146421698e-05,1.4104999427999763e-07,0.0012310946231013713,1.4080852223157584e-05,1.3443075945706387e-05,1
0.2931490903519836,0.70429413084205,2.020600572512571e-05,1.496975602480775e-07,0.0025037805377197196,1.65082740345328e-05,1.6134290926794135e-05,1
0.46358517879632527,0.49417366597516355,0.0005467915551502432,2.688637286442744e-07,0.0382660721411323,0.0034236880694356766,4.3345990643136825e-06,0
0.862227175146147,0.13771738224455657,8.730805862357443e-06,7.162770258924873e-08,4.937641969387437e-06,7.60799218095958e-06,3.409454158119559e-05,0
0.6060172747536174,0.3938505277289381,2.4467702993857447e-05,8.582217355421525e-08,1.904520100713922e-05,1.653801232115616e-05,7.206077894865174e-05,0
0.7730152986886827,0.2268974452020354,1.8122643692446435e-05,6.54721752121861e-08,1.4111750368273136e-05,1.2601526416578344e-05,4.235471662930204e-05,0
0.8102622421367569,0.18966329381359265,2.841520144126919e-05,1.3393619993807543e-07,1.6840381247576408e-05,1.4122599679388913e-05,1.4951931082359229e-05,0
0.8212519239211997,0.17865960626769833,2.7188373059069454e-05,1.2815349479598337e-07,1.6113296566361207e-05,1.3512303059381566e-05,3.152768492243647e-05,0
0.8245752622491662,0.17532485476667062,2.836152665993554e-05,1.2506748493041828e-07,1.572527911705381e-05,1.3547392756505132e-05,4.212371814474619e-05,0
0.8666261281684547,0.13324899154310535,2.5467543187271277e-05,1.1230571654269569e-07,1.8193689035407883e-05,1.216502955705152e-05,6.894172094376695e-05,0
0.7917363626056738,0.20744325544406605,1.9006889133077115e-05,1.1349423329337085e-07,7.593830754098946e-06,1.0588427435980532e-05,0.000783079308703739,0
0.7625130734895358,0.23608505378318412,3.0207301468485145e-05,3.006165943250231e-07,1.7742760716766632e-05,2.2910620938684126e-05,0.0013307114275620945,0
0.6170614576145671,0.34736529783061326,3.9120253621848544e-05,2.8271641614819747e-07,2.510841761978524e-05,3.66369474182926e-05,0.03547209621974334,0
0.6287888930692299,0.3432003977240956,3.8756767300634264e-05,2.9994850277619913e-07,3.3271616145175625e-05,2.7864973543371766e-05,0.027910515901182358,0
0.426391990112094,0.5628617881003353,7.124273561651945e-05,5.196499824159452e-07,6.646379054122969e-05,5.097946057109067e-05,0.010557016150859449,1
0.36059062642053463,0.6338493233853296,6.652582087289126e-05,4.614813196720833e-07,5.902390078686261e-05,4.009695805816329e-05,0.005393942033098217,1
0.4453178761256531,0.554619172426532,2.4196543785067414e-05,1.9248541452461934e-07,1.689883935738621e-05,1.6777618926584794e-05,4.885960331163478e-06,0
0.44011729027738505,0.559821842417045,2.3209606598263794e-05,1.8463425135027808e-07,1.669310719602751e-05,1.6093287471160778e-05,4.686670052894551e-06,0
0.39327077434290275,0.6066710629785829,2.2178292178143875e-05,1.764300637842626e-07,1.595135217769133e-05,1.537818532731895e-05,4.4784187674868925e-06,0
0.4076510704041233,0.5922878204582637,2.2989261180828724e-05,1.828813861729066e-07,1.6140143627791655e-05,1.7154675280485608e-05,4.642176137635215e-06,0
0.35428014843419053,0.6456494715349672,2.5212015334183845e-05,1.9696660574481705e-07,2.097395603694705e-05,1.8852940488220202e-05,5.144152377156002e-06,0
0.35584815335731146,0.6440957374369157,2.174965031168798e-05,1.8500754972261608e-07,1.3072980267193933e-05,1.6269748447731098e-05,4.8318191964499835e-06,0
0.4265604951108109,0.5733773605632078,1.924553339439883e-05,1.637069527728961e-07,2.46700751064963e-05,1.378949637589985e-05,4.275514151646077e-06,0
0.3717228664962342,0.6262538165835763,1.9913753280775248e-05,1.6939098548527424e-07,0.0019816837979860953,1.7126014609054162e-05,4.423963327985614e-06,0
0.3238483789703823,0.6728444204582976,1.8147738329059425e-05,1.4386981375136268e-07,0.0032669605216074492,1.7363653146961185e-05,4.584788422727747e-06,0
0.3083220486921123,0.6845048927391416,1.725778320187586e-05,1.719746880185496e-07,0.007134335315076482,1.7257476662423644e-05,4.036019117273713e-06,0
0.3470417291894313,0.6471943275677986,8.895342391006806e-05,1.6889306288216424e-07,0.005552380676135158,0.00011847655222220932,3.9636974395546e-06,0
0.27117559139514846,0.7261538739670658,1.8855400143940448e-05,1.9784598245025473e-07,0.0026277486215438763,1.9028780061619053e-05,4.70399005400204e-06,0
0.23466585910847312,0.7485649408043575,0.0007949448816264749,2.2552224107349594e-07,0.014879842869528833,0.0010896771706468877,4.509643126211022e-06,1
0.23900638968235968,0.745596275276609,0.0015248107595357673,1.9285275095673547e-07,0.012151855126873456,0.0017160528176783,4.423484192774208e-06,1
0.1825721763129593,0.8098957019093127,0.0003608558089311588,1.876818017882565e-07,0.006620960535227887,0.0005409845502038582,9.13320156324126e-06,1
0.1609212579010693,0.8303808316121036,0.000376490019037089,2.1329079900145185e-07,0.007805347288267393,0.0005076268117182646,8.233077005645508e-06,1
0.11512870758502831,0.8766044747321575,0.0004023152986018162,2.125236078479527e-07,0.006811961663582732,0.0010449737265245996,7.354470497274335e-06,1
0.16240958534228375,0.8324658591081754,0.0003660932173340737,8.527942232338762e-08,0.004098942798190223,0.0006386288733762806,2.0805381218050418e-05,0
0.18705103713984336,0.8069338601140262,0.0004190805724654099,9.242440864979741e-08,0.004881554549893142,0.0006918266758929241,2.2548523470527255e-05,0
0.2629830105198322,0.7281456741786344,0.0004735440928467714,1.787066352926584e-07,0.007212083680791712,0.0011650480091375884,2.0460812122157237e-05,0
0.26647213906006306,0.7247357461995613,0.0004798268417062638,1.8107762656048098e-07,0.007110869254968905,0.0011805052900143484,2.073227605965876e-05,0
0.24153355550427782,0.7426689256142462,0.0004196203581604964,1.855582908331113e-07,0.013909387480369873,0.001447080200056184,2.1245284598567315e-05,0
0.23946828569972622,0.7423451736042992,0.00038025112247986264,1.6814901136838566e-07,0.015935429242760243,0.00185827182787864,1.2420353844666243e-05,0
0.18590655203564546,0.5777684109744272,0.0011764265526001563,2.1551262118816314e-07,0.23168106059432708,0.0034628333739627542,4.5009564160207185e-06,4
0.1550596803791451,0.7547175642253287,0.002849344303630858,3.669283181153468e-07,0.07154946869593362,0.015804833651712254,1.874181593153532e-05,0
0.2243391030365278,0.6581040103730543,0.0008698797494393737,1.861566775695462e-07,0.10697689160241199,0.009706018527318902,3.910554569928598e-06,0
0.8004697992880244,0.19919262644265356,2.6729172495415932e-05,1.7397067857312477e-07,1.3708837939863392e-05,1.6405795237393334e-05,0.00028055649297061876,0
0.7020156371713069,0.2708004180101603,2.95153881690898e-05,2.818189454300525e-07,1.6347800983437367e-05,1.9289105472954234e-05,0.027118510704962115,0
0.7039499423590373,0.28842408272541165,2.265881581817575e-05,1.810405499640536e-07,9.558190551284577e-06,1.2511852698557787e-05,0.007581065015933035,1
0.4968905521996461,0.49956713734159713,1.9127890695419674e-05,1.5963818499618623e-07,1.2162577868432454e-05,1.2656597618417437e-05,0.00349820375438948,1
0.558645786083678,0.4337159263727103,2.4498428657802696e-05,1.994678889701036e-07,1.5148232756630314e-05,1.8137046950843735e-05,0.0075803043673574174,1
0.3010094347073596,0.6933159254317627,3.111765184763047e-05,2.6068203682532815e-07,2.2866638773674195e-05,2.7741064650094554e-05,0.005592653823569682,1
0.40465642244982336,0.5895760036118824,3.217677130851946e-05,2.485192408722968e-07,2.181821560012349e-05,2.429131263112597e-05,0.005689039119513559,1
0.2978279754167902,0.6962182519384854,3.352622661526171e-05,2.808594004434642e-07,2.3793417358539907e-05,2.7171953338696066e-05,0.005869000188011194,1
0.32656547181235296,0.665655398021214,3.5053395402311436e-05,2.792723465600876e-07,2.7950368647879162e-05,2.9816368671028978e-05,0.0076860307613651315,1
0.5254861438226334,0.46862844838348877,2.765900015315425e-05,2.5521604091144585e-07,1.3003707599887806e-05,2.3198763361687027e-05,0.005821291106722129,1
0.6788426456373586,0.31821915499021275,2.79992301510876e-05,2.3692574572508857e-07,1.4211051074922242e-05,2.010294837928795e-05,0.002875649217077654,0
0.6733518495742702,0.32346259537814787,2.9718747101108418e-05,2.2705230417306856e-07,1.320853643666187e-05,2.202494927169956e-05,0.0031203757624683076,0
0.7307546189981047,0.26776224822194666,1.9400979973123626e-05,1.1974626738488717e-07,1.1995282548884473e-05,1.3675156683134817e-05,0.0014379416144760983,0
0.648309761419058,0.35129565200542273,2.3868956621871374e-05,1.1065405458427053e-07,1.0890761930211304e-05,1.3888741328360645e-05,0.00034582746158416384,0
0.5936763566763583,0.40607102834036246,1.4431206765752807e-05,6.478693704208014e-08,5.107348082445167e-06,9.032872920537099e-06,0.0002239787685735267,0
0.5919381615842239,0.4078203283765236,1.5742969598628064e-05,9.409702145568237e-08,5.571594038993126e-06,9.569876850093666e-06,0.00021053150174352067,0
0.6846812299040528,0.31448837213302117,2.127096580231201e-05,9.319061574440179e-08,1.1259703321852925e-05,1.1076325056419133e-05,0.0007866977781297723,0
0.5886244998976464,0.4112673164123024,2.784990731897164e-05,1.2333675049433966e-07,7.949041661256022e-06,1.5304072801505653e-05,5.695733151901375e-05,0
0.23133011766247474,0.7684940134859697,2.781879267528354e-05,2.349319462857235e-07,1.776609834179933e-05,2.0321496744625343e-05,0.0001097275318475433,1
0.2587780991376235,0.741037368082859,3.079188348352965e-05,2.6003993778695187e-07,1.5131149177261789e-05,2.2493325547063946e-05,0.00011585638137201101,1
0.19446794555487545,0.8052497672406651,2.88619447831103e-05,1.4808983478464384e-07,7.003979516851299e-06,9.880737334074422e-06,0.0002363924529905962,1
0.20528455227383183,0.7944222335649221,3.26137700455784e-05,1.6717193499227033e-07,9.663551111433809e-06,1.1165155283743757e-05,0.00023960451287022703,1
0.2860812687049231,0.7134321470742008,4.525624314437745e-05,2.3883302720170956e-07,1.0142508949434059e-05,1.5951288927277072e-05,0.00041499534682789375,1
0.2301801232728275,0.7685109724752017,3.474475482974318e-05,2.5951728739314694e-07,2.1202665586047907e-05,1.907780169141315e-05,0.0012336195125761805,1
0.23047217649839521,0.7678153276341625,3.2080542979687164e-05,2.59846563699876e-07,2.109699695947063e-05,1.827724575487259e-05,0.001640781235184655,1
0.7249117087506263,0.2730306959935237,2.1821462385316525e-05,1.6242969791887844e-50,8.289894377554762e-06,1.8282861218738883e-05,0.002009201037868384,1
0.6922376910495992,0.3035717466957602,2.5180525098616606e-05,2.652466113949977e-07,9.414021938063816e-06,2.1097213269389272e-05,0.004134605247723085,1
0.7551495521744416,0.24480555712267185,1.5915227732032738e-05,1.3848103109271354e-07,1.1090293623170452e-05,1.2207620653299529e-05,5.53907984716473e-06,1
0.76144045299438,0.23850238726941073,2.0231489595139285e-05,1.854313446544167e-07,1.3905318946735106e-05,1.831464018629851e-05,4.522856136610448e-06,1
0.7303883673032066,0.26955560150644503,1.8449437349137007e-05,1.759934268842735e-07,1.5922243193169336e-05,1.6866067337999937e-05,4.617449041236663e-06,1
0.7470415768687643,0.252814391915738,1.997952803475708e-05,9.12469282632898e-08,1.7406359201974374e-05,1.5119066999533787e-05,9.143501433310593e-05,0
0.8566751350094046,0.1432606051496917,1.3144482229776002e-05,5.420080832948842e-08,8.792998303281356e-06,8.888342643471209e-06,3.3379816918942364e-05,0
0.8164383752704124,0.18350811000096703,1.727528479193044e-05,9.880976783212187e-08,7.256547023078656e-06,7.94326309858431e-06,2.0940823939173206e-05,0
0.6120708174229263,0.3878508846454272,1.8624127194379263e-05,1.9275431430146663e-07,2.131155989359598e-05,1.3240512568467103e-05,2.4928977675604455e-05,0
0.2557588363001753,0.7398375802383454,2.0307013255212023e-05,2.171332070691466e-07,0.004333876524682959,1.5917869261029724e-05,3.32649210729424e-05,1
0.16109532108094804,0.8356970536192819,1.644289359321208e-05,1.5933094889830746e-07,0.0031544742528563136,1.2139237531372387e-05,2.4409584840200777e-05,1
0.1425341111699998,0.8542762444249421,2.1337362992415615e-05,1.4961365338734998e-07,0.0031300151835886893,1.3487102406379161e-05,2.4655142417029674e-05,1
0.25974686524744356,0.7401337832737677,3.338466824899519e-05,2.3545954988960654e-07,2.6128550383404557e-05,2.078059507447099e-05,3.8822205531946065e-05,1
0.22835645439917157,0.7715571210457693,3.2171032161045454e-05,8.651553792742754e-08,1.0798864189897235e-05,5.223246539876856e-06,3.814489663048296e-05,1
0.40875320946289184,0.5911089149286648,2.897666988705243e-05,1.0930198966189741e-07,1.8104649618971634e-05,6.598944570882333e-06,8.408604237688096e-05,0
0.2711606300728441,0.7232994451119209,2.888029976362925e-05,5.596237238304624e-08,1.823386741186856e-05,5.544043465055169e-06,0.005487210642222228,1
0.14929073821857994,0.83796168425597,1.9971969860227708e-05,5.4828488126216396e-08,9.782853189383115e-06,4.900286431374627e-06,0.012712867587480909,1
0.024974796233020038,0.0001366171114370142,1.679287695923929e-06,1.8981019269368993e-08,1.1234932706076748e-06,7.515256329964932e-07,0.9748850133679241,6
0.03810046880348074,0.00022040544241838878,2.399953064081429e-06,1.9466270937794262e-08,1.7326497299323673e-06,1.3559501711192783e-06,0.9616736177348647,6
0.04236048005312822,0.0002426412976463304,2.481206582027434e-06,2.1430147953040627e-08,1.8134788082742816e-06,1.4927467554979717e-06,0.9573910697869318,6
0.11800280925234284,0.0004764860223056973,5.5823395985501155e-06,4.701739230883379e-08,4.190339863730962e-06,3.011264082785256e-06,0.8815078737644141,6
0.0558976815437754,0.0002701519819605905,3.1008730185822814e-06,2.665663433503114e-08,2.3757242161214808e-06,1.856804932159496e-06,0.9438248064154628,6
0.04872180347568923,0.0005849705543949896,2.9503133599813006e-06,2.6839830643916888e-08,1.9185715763403153e-06,1.663922008481861e-06,0.9506866663231404,6
0.016233828135693785,0.00041223504627831706,1.0685171018331832e-06,8.404041189893964e-09,5.320378993594868e-07,5.269125796174607e-07,0.9833518009464058,6
0.013852601589827825,0.0005111359722956773,1.0396690850745634e-06,7.902665970371033e-09,5.00297143625607e-07,4.95477594435238e-07,0.9856342190913873,6
0.036108918458012965,0.0036849057300693197,1.7928633737011426e-06,1.552145943306736e-08,9.544845691886952e-07,8.999005599801882e-07,0.9602025130419554,6
0.05933549775380971,0.00310700908761497,1.6556983355306245e-06,1.3920465519106273e-08,8.42327617208644e-07,9.372232694214723e-07,0.9375540439888878,6
0.17969174672072516,0.0048203585418520245,6.552095196101356e-06,3.902510795335472e-08,2.4008563234941135e-06,2.4792616594402056e-06,0.8154764234991358,6
0.09810159416116572,0.002230558107869606,4.232639872005376e-06,2.8702969276498056e-08,1.5509481925451904e-06,1.9706503434459197e-06,0.8996600647895875,6
0.06131782478270205,0.0016973623630155428,2.738807878461017e-06,2.3607759324787694e-08,2.1247771147823067e-06,1.9387281031798015e-06,0.9369779869334267,6
0.05759685796001375,0.0019243075778077278,2.349022106959179e-06,1.8393219127360484e-08,1.8835711146488642e-06,1.5831648032888165e-06,0.9404730003109345,6
0.07267011614614477,0.0025001962980287897,2.9422175350175117e-06,2.3287844774291677e-08,2.43981043352222e-06,2.0616487349475722e-06,0.9248222205912782,6
0.10850028247152177,0.0035061111738098356,4.446676485093669e-06,3.4623275205081655e-08,3.7039005172145643e-06,3.0651626296091837e-06,0.8879823559917612,6
0.9377626974445229,0.057576284363677115,1.3560850208876054e-05,1.1603202481878469e-07,5.985043980352876e-06,8.421634299203229e-06,0.0046329346312867885,0
0.937655332901812,0.060056606255230155,1.1261447671888954e-05,9.108834623346582e-08,4.510974342899662e-06,9.792163334418102e-06,0.002262405169262423,0
0.9377321402157804,0.06041711266844114,1.1030640724138272e-05,1.0084388315928274e-07,5.402854548673519e-06,8.707898032619098e-06,0.001825504878590025,0
0.9020532396047111,0.09788540369018986,1.0085485069136179e-05,8.060172394362206e-08,3.3798004438323893e-06,8.224391379798515e-06,3.958642648243773e-05,0
0.8690312627169059,0.13089815800896037,1.043089537688466e-05,8.336219268474651e-08,3.1684300686038848e-06,7.625660343750167e-06,4.927092615170079e-05,0
0.8480783937781795,0.1518918905206419,1.219530290123098e-05,9.74630799724207e-08,3.949849557835713e-06,8.749481182961632e-06,4.72360445649548e-06,0
0.722101869851768,0.2778230728158793,2.8802722613309948e-05,1.3188655278700868e-07,5.796555833309761e-06,1.1161052187938023e-05,2.9165115165058485e-05,0
0.6409872675716588,0.35799052625666294,4.4496845253109356e-05,2.6029118261751773e-07,1.4844905178203004e-05,2.2050543375888183e-05,0.0009405535866884438,0
0.7959541266187544,0.20309561966344028,3.258775149418268e-05,8.073951627263403e-08,9.663432385541422e-06,1.446216069044546e-05,0.0008934596337188082,0
0.7568811687377351,0.2406024119827701,3.191256076309092e-05,1.684269734642585e-07,1.309438920441562e-05,1.7632174026643644e-05,0.002453611728527129,0
0.13873012573923763,0.8585849603826348,3.825262599488169e-05,2.4625363706064823e-07,4.099543548961682e-05,2.5502016249776773e-05,0.0025799175467561878,1
0.20635614511951642,0.7904785561478279,3.3450529261272205e-05,2.797708287223632e-07,2.6563350268791662e-05,2.8427716252379338e-05,0.0030765773660442882,1
0.312020303132208,0.6866156737050719,3.9904406095495836e-05,3.3404735519927656e-07,3.0255145123405054e-05,3.152426244918173e-05,0.0012620053016969,1
0.37873157845187916,0.6210986735828667,5.0839329739651984e-05,4.524844372954166e-07,3.834930217033688e-05,3.988661579228439e-05,4.022023311469321e-05,1
0.38108523733976046,0.6187901487208312,3.9423833655075404e-05,4.1678208650066693e-07,3.429306855721594e-05,3.650783515226423e-05,1.3972419957421482e-05,1
0.5459880276922193,0.4539255541598349,3.427964636229767e-05,3.0509856393390594e-07,1.935559701391972e-05,2.5816844101312127e-05,6.660961904307801e-06,0
0.6662519061004651,0.33365707438775,4.570713384562513e-05,2.7776715860988415e-07,1.6302856732307206e-05,2.2667495869423388e-05,6.064258179101336e-06,0
0.5668958536054942,0.43303359874657715,1.988284254035409e-05,1.501388025997889e-07,1.94413440296864e-05,1.4705120632753597e-05,1.6368201923091278e-05,1
0.42924028999480734,0.5361139886553723,0.0006018751594324177,2.6110968582957815e-07,0.028304445008588024,0.005732092735961575,7.047336152592744e-06,0
0.18708192639436494,0.8039722844723792,0.0003067019691687186,2.649563191826506e-07,0.00619473016610649,0.0024243527427079583,1.9739298953517766e-05,0
0.508101633354926,0.4885461589226956,0.00015414825862443418,1.6627055063158477e-07,0.002115843341355476,0.0010660776423352825,1.597220951256253e-05,0
0.8441661143229139,0.1557105122935905,8.630088655976824e-06,6.724368231409246e-08,8.91530590807694e-05,8.226677847694894e-06,1.7296314228946305e-05,0
0.787464766688417,0.21247408372527377,1.6076713575661243e-05,5.850427042475926e-08,1.3074811899909028e-192,1.1376613959295207e-05,3.363775450393538e-05,0
0.8466935854808127,0.1532108386657289,1.98499644086971e-05,1.2941676846521326e-07,1.5259746600112003e-05,1.3945060541039636e-05,4.639166514003247e-05,0
0.8212245947801997,0.1786536609378568,3.105516992163616e-05,1.2814923017896766e-07,2.0760361233407625e-05,1.3511853404866563e-05,5.628874815338549e-05,0
0.9166235069077349,0.08311345937747051,2.0962298318605116e-05,9.243867442342532e-08,1.4975199385026283e-05,1.0013018403636815e-05,0.00021699076001301432,0
0.9062189723806364,0.09270013076669494,1.9252283637467996e-05,1.1684752437959336e-07,7.252047022883546e-06,1.1438015247049452e-05,0.001042837659236798,0
0.8186021008052495,0.17903101097941623,3.8866983217353316e-05,2.5517785216552117e-07,1.9109755289793534e-05,2.4675774343377345e-05,0.002283980524631646,0
0.6603580392617794,0.30877557573823466,3.593583321169959e-05,2.999288916652176e-07,2.9348308103991407e-05,3.259751620195573e-05,0.03076820341357673,0
0.3955668218841331,0.5943953950519171,6.120140665846782e-05,5.006501181938174e-07,6.691927639513978e-05,4.350023703082163e-05,0.009865661493747117,1
0.36794883727609684,0.6238667844395602,6.0726040072639015e-05,4.7624298609288665e-07,6.148165542346579e-05,4.672108410146618e-05,0.008014973261759328,1
0.4753201165567562,0.5243602641998781,5.622499007148242e-05,4.92144982955182e-07,5.99219018772993e-05,3.547798595770055e-05,0.00016750222047630693,0
0.41783697615136045,0.582010982896207,4.8321493686038204e-05,4.5919414773376514e-07,5.315258891278457e-05,3.077415966548992e-05,1.9333516020463392e-05,0
0.8055673072070947,0.1943819101492455,1.974443779627315e-05,1.7240717583523086e-07,1.1506443646419633e-05,1.4752817564139908e-05,4.606537477259536e-06,0
0.5596837667331974,0.44025623715520473,2.3194527903886222e-05,1.8828688301318462e-07,1.535011544008842e-05,1.585170988921412e-05,5.411471481693021e-06,0
0.48912815702420054,0.510804833631987,2.5663065356864423e-05,2.0461083382358205e-07,1.7963364237778713e-05,1.7834507651507032e-05,5.343795732404998e-06,0
0.4220473183259696,0.577893462796836,2.2710936592641907e-05,1.806672921185898e-07,1.58612929410063e-05,1.5747515141080895e-05,4.718465227705925e-06,0
0.4174139225179645,0.5825241026788797,2.3579459182446006e-05,1.8757645783281092e-07,1.6959117255626854e-05,1.6349739209538797e-05,4.8989110504817016e-06,0
0.37225908892549475,0.6276870156871929,2.2127980022258058e-05,1.8822570963492617e-07,1.1234743236482622e-05,1.5428570864840566e-05,4.915867479154442e-06,0
0.35887480700588836,0.6410709102962745,2.22187231328257e-05,1.8899759149508216e-07,1.1280815021918155e-05,1.5658135469076937e-05,4.936026621821241e-06,0
0.3652334899150145,0.6347118943832976,2.1432779242476868e-05,1.8231217121065763e-07,1.2882519768947878e-05,1.5356666174584256e-05,4.761424330644204e-06,0
0.4057344401854943,0.594212818546251,1.9623273910996286e-05,1.669201008651712e-07,1.4012558017734438e-05,1.4579084683743674e-05,4.359431541269197e-06,0
0.42202384090293277,0.5778809744781773,1.9830198616152694e-05,1.6868025020685922e-07,5.6355658012919826e-05,1.442468086764894e-05,4.40540114299917e-06,0
0.4038674009464131,0.5958281659170206,2.2897286327244098e-05,1.7960687700026889e-07,0.00026130640220155764,1.535907066290683e-05,4.690770497774143e-06,0
0.353325285207693,0.6436197934799226,1.81272891725804e-05,1.5716599436138758e-07,0.0030137594927206386,1.8800021625698536e-05,4.0773428711125394e-06,0
0.4034171346376011,0.5941209124082549,1.4495740977827916e-05,1.4186017432446401e-07,0.0024245644589199035,1.9070628675959034e-05,3.6802653960031154e-06,0
0.31274597774781565,0.6823388616837207,1.7849226432245605e-05,1.7786844991332553e-07,0.004875110226257983,1.7848909387348877e-05,4.174337935897819e-06,0
0.25257299577069003,0.7345682578281779,0.0002470488341778016,2.466800056985561e-07,0.012019179528469433,0.0005870910084740564,5.180350004911479e-06,1
0.28865940791443606,0.69245355540323,0.0006151251561053153,2.252598498817144e-07,0.017059910707398707,0.0012064855475084064,5.290011471689275e-06,1
0.14900473975632408,0.837746694666671,0.00129232085893297,1.7462175407243034e-07,0.010805079859096374,0.0011446778851317183,6.312352090038243e-06,1
0.12460743049927224,0.8654566384979495,0.0004128945930956435,2.1811213466293592e-07,0.009001039155066969,0.0005169892161811601,4.789926299762931e-06,1
0.11019207219976103,0.8797745700500463,0.0004037594676272304,1.0009806054604504e-07,0.008925559668318097,0.000696557449461317,7.381066725289352e-06,0
0.12075047314265874,0.8687269133140582,0.00042826715591684614,6.92396215804096e-51,0.009548233244877281,0.0005377408435085946,8.372298980255862e-06,0
0.12293312462835054,0.8716652097394547,0.0004217777540243543,1.8595620982807777e-07,0.004166503020554131,0.0007945726517060567,1.8626249700132378e-05,0
0.12792718628575775,0.8649454691318547,0.00048151458499998866,2.1109925834364424e-07,0.005726507940441995,0.000902006432752993,1.7104524934275766e-05,0
0.19500700154261003,0.795967810801198,0.0004996415052520457,1.942645178478094e-07,0.00735479317823653,0.0011483166140676844,2.2242094117972477e-05,0
0.25781252139855626,0.7268067338325254,0.0004983286183189188,1.7738501205770638e-07,0.013795324696698733,0.001066604574509454,2.03094943791851e-05,0
0.2436541358176035,0.7409221607655125,0.0004601019485798435,1.6557195349248874e-07,0.013827586786911868,0.0011168921377094664,1.8956971729451746e-05,0
0.09998366906384434,0.8578546388529716,0.004897955490472754,1.7148556919756e-07,0.034892822152165014,0.0023550276998775895,1.5715255099488338e-05,1
0.17741604797847912,0.7673711075986266,0.003882639724694309,1.7368359484320615e-07,0.04830795318805115,0.00301810425953251,3.9735670214896605e-06,4
0.06448540072776249,0.36295104543395706,0.00010739526153189285,8.54836143022543e-08,0.013684383133790999,0.5587664249993638,5.264959979424195e-06,0
0.22822193580845485,0.7506274541371241,0.00020609849950109147,1.7919814506344138e-07,0.020011340549217046,0.000912474720585706,2.0517086972051455e-05,0
0.2663254550595223,0.7084636060356723,0.00020772227438124922,1.8480098246672172e-07,0.023671457888898493,0.0013131329840981038,1.8440956445042876e-05,0
0.27668668694468457,0.6999517031209618,0.0002073535044777128,1.8447290479339237e-07,0.021993900355991063,0.0011482956276508715,1.1875973329522146e-05,0
0.8278072899848009,0.17175712279376984,2.585603638180464e-05,2.7011913406937085e-07,1.8803486252458233e-05,1.9000517457022233e-05,0.00037165706220380294,0
0.7737257920600025,0.22588677210417404,2.6793350564951795e-05,1.7711313930103157e-07,1.0125158709838288e-05,1.7057020955339456e-05,0.00033328319245406476,0
0.7125187839646451,0.2861383849592584,2.652315782493275e-05,2.422787513981139e-07,1.650322496093328e-05,1.9564753467109933e-05,0.0012799976610921686,0
0.8060770059892409,0.19285864531335414,2.2959355603713232e-05,1.751893248675609e-07,1.3804866906890834e-05,1.6520716106457625e-05,0.0010108885694628971,0
0.8033226145327739,0.1952436702975825,2.8994230444617734e-05,1.8573052806236226e-07,1.0075123749768487e-05,1.658215942446453e-05,0.0013778779254967604,0
0.6827461420995065,0.3106758999160942,1.9986679859806877e-05,1.9768096423127156e-07,9.68096505394356e-06,1.494547588163373e-05,0.0065331471826395975,1
0.5795089919581643,0.4176802159413434,1.9561620657589577e-05,1.5569878136322514e-07,8.379729912776224e-06,1.2654347836788913e-05,0.0027700407033037096,1
0.4344037718194747,0.5649090106541403,3.070377735435391e-05,2.545515551334058e-07,1.3808383820477577e-05,2.4995516503516843e-05,0.0006174552971514723,1
0.3057368890867141,0.6861533054931959,3.396015861593128e-05,2.7787465069920486e-07,3.962435411636995e-05,2.9570655283909128e-05,0.008006372377423234,1
0.4941530532003253,0.5003915667350506,3.397747197934002e-05,2.6671475255370937e-07,1.574116883161043e-05,2.6069818235702552e-05,0.005379324890824911,1
0.5000811593238861,0.4947671446178297,3.212666654032544e-05,2.9012777914703614e-07,1.4112992997595019e-05,2.8413577593199794e-05,0.005076752693373982,1
0.6792238872725329,0.3176874888057589,3.191971877924582e-05,2.3697743273479907e-07,1.4899747997055897e-05,2.2296460779186197e-05,0.0030192710167199262,0
0.6874246422210016,0.31166200458079274,2.2254646521353784e-05,1.3748535462970396e-07,1.439325144173043e-05,1.1588552263077257e-05,0.000864979262624717,0
0.6788004159771912,0.3209420257327694,2.2286414151672605e-05,1.4033451036566499e-07,1.4413797240579582e-05,1.1605094464449477e-05,0.00020911264967226725,0
0.46892946305659533,0.530949042746519,2.1963432339266553e-05,2.408421841539535e-07,1.1370830695622067e-05,1.5811299849931893e-05,7.210779181671393e-05,0
0.31345268168519436,0.6860205414614512,3.4676755606058325e-05,3.1285371698359094e-07,2.510844142087305e-05,2.3648773765275107e-05,0.0004430300288452662,1
0.41322990989774644,0.5857115257997879,3.46054189938309e-05,3.122101180106677e-07,2.272929736959894e-05,2.3118704714683138e-05,0.0009777986712696096,1
0.31952242042056017,0.6794681511910741,3.292547406105635e-05,2.9705365347525874e-07,1.7920528125918656e-05,2.199639058103064e-05,0.0009362889419444029,1
0.36225420847582135,0.637101974168306,2.9672853033129854e-05,2.6770850394379537e-07,1.5957086599456186e-05,2.197645071511728e-05,0.0005759432570207815,1
0.7687794535587331,0.2300738827319182,2.2893014434893692e-05,2.0654079465450918e-07,1.5640734657323633e-05,2.2249366483266555e-05,0.0010856740529783565,1
0.7379176727837459,0.2620212036054398,1.5110028524224408e-05,9.910300271162109e-08,9.872129407431478e-06,1.1614419246606918e-05,2.44279306334391e-05,1
0.7712877007084424,0.22866920997362788,1.5981503148790645e-05,1.3905770446511282e-07,1.113647667780333e-05,1.22584565671829e-05,3.573823831482814e-06,1
0.615965701264102,0.3839422864657424,2.7092149718641213e-05,2.3614481006132897e-07,1.9817103970798002e-05,2.5240552020561768e-05,1.962631963568761e-05,1
0.6602261090228537,0.3395305773174638,2.1370935594502605e-05,2.044852036420023e-07,1.3413815007802694e-05,2.2974364538118144e-05,0.0001853500593386042,1
0.6696991630238183,0.3301274563231366,3.319468216442611e-05,2.1154743119486777e-07,1.378875733873172e-05,2.4252855228764e-05,0.00010193281088230423,1
0.6988284308961225,0.30103942476379203,3.909997072807607e-05,1.7766774619590054e-07,1.2506123461389441e-05,1.5007829106653483e-05,6.535274904290219e-05,1
0.8099506278067705,0.1899114630642012,1.9270817608408714e-05,1.6932132535246198e-07,1.1738346747453662e-05,1.4476633898199865e-05,9.225400944880952e-05,0
0.8648551987644798,0.1350846898245648,1.4417639358143722e-05,5.342922193513969e-08,9.152903461728376e-06,8.326025738566551e-06,2.816141317507169e-05,0
0.8462591430987066,0.15368067213999323,1.3863637502905812e-05,5.377021569729489e-08,8.71325139967733e-06,9.21295840467491e-06,2.8341143777134914e-05,0
0.8267378844109211,0.17321776214489376,1.5219321130164968e-05,8.705023422459375e-08,6.179811573364353e-06,6.997920634872195e-06,1.5869340612285156e-05,0
0.544100685657602,0.4558280838828849,2.268883605376722e-05,1.807263113390288e-07,1.2303290780884996e-05,1.2673462844051006e-05,2.3384143522984243e-05,0
0.8047564968679932,0.19520146499234914,1.3160169753438016e-05,9.806602167617973e-08,6.74881402962351e-06,7.890865018833393e-06,1.4140224834167599e-05,0
0.22725508369831546,0.7726490226369025,2.8917897222819825e-05,1.7106672431092e-07,2.471797971188287e-05,1.3881504838760093e-05,2.8205216284448696e-05,1
0.43695110997345254,0.5629712851113907,3.329178086392862e-05,1.8515142758161933e-07,1.8111041676108406e-05,1.7432694589959153e-05,8.584246599026153e-06,1
0.5799199214663904,0.41998008740521314,3.751055433526473e-05,1.9662879722101566e-07,2.240843726654631e-05,1.3939004149135223e-05,2.5936503848266904e-05,0
0.6229229548866667,0.3769632039632366,4.367429409252157e-05,1.9379318002369486e-07,2.4996034355495265e-05,1.4778634526749797e-05,3.0198393942050812e-05,1
0.13109464054721925,0.8688357902118735,2.6675619308231547e-05,1.0847561669947362e-07,1.3991515291828393e-05,8.272331844027258e-06,2.052129884637936e-05,1
0.5377313655597763,0.4609801510814242,2.7876173723171118e-05,4.530615094671841e-08,2.9564606268616744e-05,4.488359935202673e-06,0.001226508912721749,0
0.6725246498503127,0.3256368446815414,3.565284381779119e-05,5.7945295496059054e-08,2.0960691819587402e-05,6.243374011741271e-06,0.0017755906132013173,0
0.04834847221857319,0.00022123205405713043,2.227394437056871e-06,1.9539277511241455e-08,1.6534680849274792e-06,1.3610355455124967e-06,0.9514250342900247,6
0.06116596914278924,0.0002815301816061674,3.497572834152291e-06,2.9614355618918197e-08,2.4617887281378297e-06,2.0628291210668496e-06,0.9385444488705657,6
0.03488879028367058,0.00014402184388628272,1.9119419144244923e-06,1.5286377140286324e-08,1.3695303766640663e-06,1.1037448106942604e-06,0.9649627873689641,6
0.03872215810824953,0.0023399463165187343,2.011757197125282e-06,1.7313803381142898e-08,1.0087783865564216e-06,1.003816775430524e-06,0.9589338539090693,6
0.04387130192133305,0.002379545374097499,1.2660048598224414e-06,1.1868261170297186e-08,6.550494665616286e-07,7.166336936891333e-07,0.9537465031482882,6
0.19562380655114822,0.005295085463475056,7.208935446294328e-06,4.888624094853792e-08,2.6415394975022673e-06,2.72780488110303e-06,0.7990684808193109,6
0.053283508433357996,0.0017066019276554857,2.4444837738477254e-06,2.1070767708895816e-08,1.831635351951398e-06,1.69577800227722e-06,0.9450038966710907,6
0.12258960801670216,0.004030671892595751,5.123344724677322e-06,4.448006032518244e-08,3.4622042506955377e-06,3.548413721624968e-06,0.8733675416479447,6
0.12865002304499823,0.007244459289114044,6.620120913027787e-06,5.7474832047344545e-08,3.954011580506358e-06,4.4967650245284326e-06,0.8640903892935375,6
0.942194021746512,0.05590130164992397,1.1083126300784757e-05,8.766131807220071e-08,5.428562206425773e-06,8.749331623019759e-06,0.0018793279221158044,0
0.9236209420494074,0.07505083158039891,1.1509295306479202e-05,9.103207608278528e-08,4.9237752632472344e-06,8.110127877846353e-06,0.0013035921396699704,0
0.9080051100135774,0.0918630228347387,1.0445138211949729e-05,8.113354512066687e-08,3.4021008285173716e-06,8.398481084909882e-06,0.00010954029801348341,0
0.8207058439323142,0.17926446842139238,1.2528188542974486e-05,1.0012345341174242e-07,4.05766551087102e-06,8.996847341376931e-06,4.004821444824584e-06,0
0.8271015652296082,0.17173515667868555,2.4433409541619328e-05,1.5389576752483836e-07,8.778566831438554e-06,9.651247408282957e-06,0.0011202609721571715,0
0.8080211671566003,0.19091316560965804,2.7646519754346678e-05,7.589645048447995e-08,9.999568863395026e-06,1.2778103073316941e-05,0.0010151671456002515,0
0.7117851172237207,0.2848202633307662,3.777744323175591e-05,1.993804406978657e-07,1.4786254090201301e-05,2.087261057766195e-05,0.003320983757172669,0
0.558124077965286,0.439502734171541,3.282115041826644e-05,1.7042342110334806e-07,1.7245851416624305e-05,1.986737105602112e-05,0.002303083066860933,0
0.26123452843887635,0.7376881329241959,4.3090778106106846e-05,3.2992619330331186e-07,3.2931115607191924e-05,3.0477280752468863e-05,0.0009705095362687623,0
0.46224794482954373,0.5375866339657263,4.734601876136289e-05,5.524230408273568e-07,4.075398205504624e-05,3.808117828734069e-05,3.868760258544512e-05,0
0.3802541958145828,0.6196253768358885,3.74275125574404e-05,3.8077606950175826e-07,3.0869271993275164e-05,3.827162375183367e-05,1.3478165156765966e-05,0
0.7391004291818866,0.2608334542061122,2.4857956317853184e-05,2.375289105822898e-07,1.382553923405738e-05,2.1859998436343048e-05,5.335589102360391e-06,0
0.8299323164179795,0.17002462882993574,1.7387664447852365e-05,1.5483353153855698e-07,8.389637711300456e-06,1.3742265330440585e-05,3.3803510635703605e-06,0
0.6490478256998456,0.35088976605723204,1.9716287153674918e-05,1.4888111390302422e-07,1.2909191056354022e-05,1.3890627991027662e-05,1.5743255607318997e-05,0
0.6636626233810446,0.33627549988088334,1.9874178209864105e-05,1.500733767331174e-07,1.3817669181895835e-05,1.4001866273749955e-05,1.403295102981079e-05,0
0.30708116834671073,0.6676549813003515,0.0001277135151272077,2.7473613784914645e-07,0.024937464729582984,0.00017477538897552267,2.362198311416307e-05,0
0.3287307698233988,0.6525011111685162,0.0001453479004121791,2.6976686643646615e-07,0.01820047178024199,0.00039864407383222226,2.338548673211189e-05,0
0.31116106359735807,0.6684623351550057,0.00022845047909665826,2.054369363098948e-07,0.018439570289442864,0.001700905126713423,7.469915446836414e-06,0
0.6975917332285041,0.30226101867279953,1.0617751317318631e-05,8.273109639231144e-08,0.00011240670259799023,1.0121427836552348e-05,1.401948584827145e-05,0
0.8342126766029281,0.1657502689444169,9.543553432060504e-06,4.338516356268596e-08,5.254759186475068e-06,8.436585121565322e-06,1.3776169751506722e-05,0
0.8573296799828588,0.14254419357668505,1.863553019671866e-05,1.2516462735737984e-07,1.4758369563867284e-05,1.3486879071350727e-05,7.91204969968314e-05,0
0.8370447884631456,0.16284772642949227,2.185429684268013e-05,1.281718177000822e-07,2.0764020444602655e-05,1.3514234997589772e-05,5.122438325972674e-05,0
0.9112377228283649,0.08845321206859638,2.274015849885553e-05,1.0027860856970547e-07,1.624528009246086e-05,1.0862245260032634e-05,0.00025911714057874505,0
0.9166034624322106,0.08311164187476665,2.0961839920721568e-05,9.243665299943497e-08,1.4974871911406764e-05,1.0012799441652092e-05,0.00023885374509593292,0
0.8289027663233806,0.1688823326867259,2.926183730051039e-05,2.295084653073302e-07,1.6600107623789113e-05,2.2193536985118236e-05,0.0021466159995189313,0
0.8009000895600541,0.1963081329429438,3.4774417527472926e-05,2.4634697693105403e-07,1.84484288333897e-05,2.3768614896986495e-05,0.0027145396887673767,0
0.7922705564449072,0.20419715710979588,3.74225608270138e-05,2.4614640647939344e-07,2.2287426110483373e-05,2.612343366007253e-05,0.003446206878292896,0
0.39601584003253487,0.5563372949983565,5.504726375021599e-05,4.593400769201679e-07,5.831814758999869e-05,3.653416581043335e-05,0.047496506051881104,1
0.44786830404154665,0.5345956393542998,7.690023502939474e-05,5.194839206725866e-07,6.953502909597291e-05,4.131777880336092e-05,0.017347784077304047,1
0.38217038969011186,0.6101635958358483,6.810560766688448e-05,4.724401035687222e-07,6.482151645750395e-05,4.104913939149276e-05,0.0074915657704203295,1
0.377825848193037,0.6153191975881808,5.9329829611316196e-05,4.6075606026304434e-07,5.948233603138255e-05,4.003394208142519e-05,0.006695647354997814,1
0.3078499138591887,0.690793965344822,4.8362990935483845e-05,4.0168550909008365e-07,5.5113576602702995e-05,3.91978924733538e-05,0.0012130446504686598,0
0.5463521425022082,0.4535876732194403,2.249797319443536e-05,1.9645087191094754e-07,1.632209113113147e-05,1.5918803535454936e-05,5.248959618496152e-06,0
0.5211069807539017,0.47883484624946515,2.3420822864526066e-05,1.8631449340992824e-07,1.4749393750057008e-05,1.4950513042801633e-05,4.865952482396973e-06,0
0.4568544993938892,0.5430799365268784,2.514437484700614e-05,2.0002548539082207e-07,1.7560803520364237e-05,1.743483462256374e-05,5.224040756929458e-06,0
0.3884677532904006,0.6114802549293955,2.019351343345582e-05,1.7177068996859877e-07,1.2137638943970472e-05,1.5002743361987798e-05,4.486113774395207e-06,0
0.4060186606480881,0.5939267575650522,2.135184014169182e-05,1.674843591179312e-07,1.4059926198455654e-05,1.4628367956446306e-05,4.3741682039704155e-06,0
0.42154506298590755,0.5765562992762346,1.4067188343137011e-05,1.3766621476369035e-07,0.0018623545975210059,1.850682388827727e-05,3.571461890598921e-06,0
0.38386231879776966,0.6137653260473521,1.6398666294284138e-05,2.052171004202886e-07,0.002336476695977097,1.513166722691022e-05,4.142908279309886e-06,0
0.38861877017703494,0.6070365358220734,1.7331996677378464e-05,2.1521501571943843e-07,0.004306775200885464,1.5992886335605088e-05,4.378701977532814e-06,0
0.49637926033442303,0.49997230041873203,5.298826874323596e-05,1.4790278297319112e-07,0.0034997200973287314,9.25975286458304e-05,2.985449344185891e-06,0
0.2101337629531061,0.7721641558729447,0.0012306763004330662,1.9152494773974858e-07,0.015286467307306519,0.001179884460973289,4.861580288541192e-06,1
0.12170593434239073,0.8703764633071068,0.00017098032996584896,2.1519358078064687e-07,0.007385676786326393,0.0003560042082327914,4.7258323967819934e-06,1
0.1158656494997947,0.8751455973852488,0.00018553922713793292,2.0829055118630697e-07,0.008433383491613627,0.00036496267543407535,4.659430219475517e-06,1
0.11698625927240985,0.8509519036659935,0.00044382598795706367,1.857513894424696e-07,0.029533120962082073,0.0020786941593651546,6.010200802913293e-06,0
0.0790133899060961,0.8675708731548655,0.001966223598772341,1.7342784926956029e-07,0.04891859254496694,0.002523443671320847,7.303696128954623e-06,1
0.13242132150278002,0.6992723924998449,0.000433755422054365,1.6233877393343688e-07,0.16494247368490667,0.002926180533635155,3.714018004943445e-06,4
0.20334256097720868,0.7499944802836739,0.00040706616028491217,1.7809579610183283e-07,0.014656147697402238,0.0315843949807721,1.5171804862107913e-05,1
0.2158611880270318,0.7472228301697232,0.000278087937020154,2.0572458667499498e-07,0.03505645041519857,0.0015724800510375906,8.757675401948237e-06,0
0.8293804773630683,0.17018271026452098,2.4622651084876286e-05,2.572339043512292e-07,1.7313031419145946e-05,1.8280890983410092e-05,0.00037633856501877947,0
0.7062019338162954,0.29339337020611456,2.131569475476914e-05,2.004331975008748e-07,1.5994786387408397e-05,1.955960866543682e-05,0.0003476254545847544,0
0.7428284133951536,0.2568491298209859,2.90984140466363e-05,1.790803342326021e-07,1.4809760604282836e-05,1.584823328145676e-05,0.00026252129559397556,0
0.2971670466686883,0.693133559758811,3.103063234253684e-05,2.570292732803742e-07,2.2546223813267562e-05,2.7352347610416154e-05,0.009618207339461378,1
0.29810217563458086,0.6946737142521499,3.0951629445976436e-05,3.172632447055307e-07,1.7467644861785827e-05,2.6829193616009652e-05,0.007148544382100864,1
0.38315116715961,0.6108687744396908,2.9205477412833017e-05,2.8116480461271623e-07,2.1743606383056972e-05,2.1383972318917074e-05,0.005907444179779983,1
0.310602630485817,0.6828044228363002,3.121674590054447e-05,2.768348532434619e-07,2.4283539695230324e-05,2.6782595501446628e-05,0.006510386961932146,1
0.6117595023029111,0.38236030777770835,2.4747467741495193e-05,2.3100527059310403e-07,1.1311046874090573e-05,1.7479136484993388e-05,0.0058264212630096315,1
0.6561167368076604,0.341325424276449,2.937199176377534e-05,2.180626731277111e-07,1.419634783705071e-05,2.2810111870988933e-05,0.0024912424017459107,0
0.6514185884818438,0.3425018310339293,3.5272762134732776e-05,2.4896767563574865e-07,1.5653623991009997e-05,2.57662981876918e-05,0.006002638832237827,0
0.6800838770207215,0.31707010197197555,3.145126020190822e-05,2.334253359035498e-07,1.5196490141742118e-05,2.4157781905199973e-05,0.0027749820497182257,0
0.810360784943351,0.18859138512887968,2.375790843715311e-05,2.0234352733101024e-07,1.0720044144502116e-05,1.5200427859990681e-05,0.0009979492038004467,0
0.7300940249416851,0.2650171609595671,1.8855285903339257e-05,1.6151505543938083e-07,1.2315783998439026e-05,1.048536318893372e-05,0.00484699615060154,0
0.6483096128478218,0.35070379174305316,2.1183969349873624e-05,1.8146264137872512e-07,1.2952647536294713e-05,1.1780336482584311e-05,0.0009404969931150414,0
0.6155036057334663,0.38381240817262446,2.939391085392559e-05,2.3658628246668576e-07,1.3553491136865481e-05,1.464527706502247e-05,0.0006261568285710015,0
0.7043333843137385,0.2950108811473195,2.1576180582253725e-05,1.3586226644471206e-07,1.3954451802888857e-05,1.1538512561847792e-05,0.0006085295317286482,0
0.18176238892356272,0.8180174320890383,3.2377803269352034e-05,1.474276801244047e-07,7.687419386537218e-06,8.868689508130456e-06,0.00017109764755482475,1
0.20651869877445056,0.7931716148952859,4.273288619969021e-05,1.9457806402214875e-07,8.346577857169805e-06,1.1705077590920512e-05,0.0002467072105519231,1
0.19638835841134172,0.8033052185365003,3.8768951789282194e-05,8.415723742260091e-284,7.222880936366323e-06,1.061930585946461e-05,0.0002498119135729018,1
0.24277340299645048,0.7554499816244099,3.664565926179549e-05,2.7371561932028786e-07,2.1721291592457056e-05,2.0121558597073557e-05,0.0016978531540689473,1
0.2502670474026245,0.7474774326707092,3.3110485018571956e-05,2.6818890690097806e-07,2.21661468951034e-05,1.886403456857475e-05,0.002181111071277175,1
0.27561415414555346,0.7218514936464703,3.836407436338906e-05,3.1074202513234284e-07,2.5387747030629385e-05,2.1404389771678072e-05,0.002448885254785435,1
0.27178827682516105,0.7259571738477916,3.7783934411783335e-05,3.060429970334354e-07,2.3721246960452433e-05,2.2008751757142038e-05,0.002170729350920923,1
0.32281783239467465,0.676663853618221,3.3943971213571436e-05,3.062425356048741e-07,2.4863895641040132e-05,2.267681392530338e-05,0.00043652306378872465,1
0.5728020160726536,0.42688433488630495,2.6573458324834927e-05,2.172486321422011e-07,1.3117886068325418e-05,2.2233519647937865e-05,0.00025150692836816454,1
0.6257545716577713,0.37392483876255306,3.4137092754224225e-05,2.1755334920351492e-07,1.3401773232524487e-05,2.2586960824339603e-05,0.0002502461995154538,1
0.6449654126234502,0.3546435612138242,3.0363380273625425e-05,2.3657055613579895e-07,1.9102398982734876e-05,2.2650662951529195e-05,0.0003186731499616921,1
0.6915588480772876,0.3073799274631164,2.445381589572412e-05,2.2062234669015888e-07,1.4063266121905229e-05,2.0991547827403398e-05,0.0010014952074042524,1
0.7521917091302275,0.247674266162067,1.7870629151520836e-05,1.5270660483355614e-07,1.1675766415211762e-05,1.3533381500848098e-05,9.079222403305758e-05,1
0.5894787225570222,0.4103692397585226,2.6824959640836152e-05,2.5667137082458374e-07,1.7783760773791195e-05,2.8837595751652917e-05,7.833469691822436e-05,1
0.583813731176999,0.4158922503878108,2.58307939990719e-05,2.4715881753410726e-07,1.614124530512426e-05,2.7768839366881466e-05,0.00022403039770157846,1
0.6801687456794405,0.3196586039307172,3.3147599933267174e-05,2.112473793670702e-07,1.3769199824754003e-05,2.373410992512673e-05,0.00010178823277967716,1
0.6819069937713109,0.3177749423111676,5.938105752068593e-05,2.0716150051988124e-07,1.5296419133618946e-05,1.8812636330917228e-05,0.00022436664303573508,1
0.7991989766496015,0.2005311227129207,1.5847662618113386e-05,7.23766112763129e-08,1.739325912389648e-05,1.1275819623402219e-05,0.00022531151950112594,0
0.8492126848495996,0.1507257010782874,1.4525941475818662e-05,5.38305704317666e-08,9.4380450346544e-06,9.223299550809497e-06,2.8372955481535094e-05,0
0.7886399223036967,0.21129762002470256,2.1368821948112864e-05,1.222236484648446e-07,8.859646339535144e-06,9.825492134286016e-06,2.228148753006844e-05,0
0.681939086996359,0.3179792950486153,2.7796177517934386e-05,1.589863136988915e-07,1.239518851287315e-05,1.3212528753506989e-05,2.8055073927827654e-05,0
0.613441658913215,0.3864889885859296,2.2852317150966212e-05,1.5615139274320688e-07,1.2315852665607169e-05,1.2821103853084759e-05,2.1207075793228734e-05,0
0.6141776084419195,0.38575814571927614,2.118406952214048e-05,1.446049179096703e-07,1.1405167974559714e-05,1.1873058815655903e-05,1.9638937574044834e-05,0
0.6997603220975431,0.3001733191984906,2.088834647200228e-05,1.5565430205547206e-07,1.0346078423031475e-05,1.2524695772570459e-05,2.2443928996504112e-05,0
0.7774201208874965,0.2225215660971209,1.55635205621913e-05,1.195106149221493e-07,1.8245131827768993e-05,9.556476218701535e-06,1.482837615879683e-05,0
0.6794835628306425,0.31526542845407074,2.4028351165117128e-05,2.2055462070090984e-07,0.005192640321206616,1.3163899054335319e-05,2.0955589239972467e-05,0
0.5976165062640364,0.396388228409495,3.5246159685992505e-05,2.8194554492672227e-07,0.005934362399295109,1.742248378019016e-05,7.9523381623623e-06,0
0.18150631758163505,0.8181155260510251,2.5763955384443236e-05,1.8065210270572678e-07,0.00030779008118174986,1.465164619528051e-05,2.977003247567349e-05,1
0.40450188739708937,0.5954043880565976,3.0497377857078207e-05,1.8050487581842304e-07,1.866118745186843e-05,1.463970547479678e-05,2.9745770653360436e-05,1
0.50811938656773,0.4917882493103777,3.440036645205264e-05,1.5264256806534708e-07,2.0550441528994418e-05,1.2783251519589938e-05,2.4477419823568165e-05,1
0.22478218385493015,0.768067752584909,3.146844815356861e-05,4.9983253835639517e-08,1.3695682528144507e-05,4.467244473400372e-06,0.007100382201751979,1
0.027835645831169195,0.000144279707434653,1.5274388300546843e-06,1.5062614719540757e-08,1.0630131829837455e-06,7.144125558528207e-07,0.9720167545342125,6
0.04065946857698588,0.00017456757809217446,1.708798308940766e-06,1.7346109672229494e-08,1.4130756803939584e-06,1.1232773902046729e-06,0.9591617013474327,6
0.03181717485564467,0.0003352779868062451,1.7832398548655782e-06,1.5176780224216636e-08,1.2243948224607346e-06,1.1219051545230395e-06,0.9678434024409369,6
0.06389369610209217,0.0008286993127060434,3.824477767355487e-06,3.311518247822649e-08,2.441854892865518e-06,2.222444992113164e-06,0.935269082692367,6
0.05977986408842615,0.002209917728990087,2.1419211883857845e-06,1.9272461565829897e-08,1.0916742673833586e-06,1.0268355305227315e-06,0.9380059384791359,6
0.0579983085337862,0.0020971584895560507,2.0869557250026282e-06,1.8743753566768217e-08,1.0512698814617379e-06,9.991895255931193e-07,0.939900376817772,6
0.07896427739433579,0.004891547433602829,2.2311012026837877e-06,2.0378041020420186e-08,1.0732218899157856e-06,1.1814746290227788e-06,0.9161396689962987,6
0.09259608334108649,0.0047415036572166815,2.1529133507898914e-06,2.0182653902116636e-08,1.0055040199030856e-06,1.1701465075962789e-06,0.9026580642551647,6
0.18177376965788744,0.00479267247492593,6.65961780535852e-06,4.37040782009961e-08,2.535090726141974e-06,2.3770980874878148e-06,0.8134219423564893,6
0.04125681921559811,0.0011634934253936919,1.7276845761351589e-06,1.6039286043031683e-08,1.3404697435487907e-06,1.1974766295284058e-06,0.957575405688773,6
0.10314978845032992,0.003845571046617493,4.735613665383973e-06,4.111384121752688e-08,2.923835158255949e-06,3.004861177371151e-06,0.8929939350792103,6
0.10078555623501442,0.004849627431145127,1.4430858782199044e-06,1.0520400406527187e-08,6.609258695320347e-07,8.454499017780925e-07,0.8943618563517906,6
0.9440788829698568,0.05132604711587772,1.2082954658582589e-05,9.358830589544743e-08,3.069154310209076e-05,9.167400870883626e-06,0.004543034427328028,0
0.9477038655929926,0.049415539558660286,1.1580031296665894e-05,9.366521346790078e-08,5.177639903096508e-06,9.154065926555606e-06,0.0028545894460074075,0
0.9497040410216872,0.04789554615709077,1.1632971785617849e-05,9.386289848882732e-08,5.453958601274731e-06,8.437039895630113e-06,0.0023747949880410213,0
0.9496639731413833,0.04783240068215375,1.098300039002757e-05,8.686937822851812e-08,5.047596017218785e-06,7.974326757417189e-06,0.0024795343839200605,0
0.8404261477815658,0.15950740463944124,1.3416462609000042e-05,9.955387949469553e-08,4.034582603117241e-06,8.588510227414819e-06,4.030846967408695e-05,0
0.8322311415475238,0.1677348917945452,1.1722425353683277e-05,9.368391166417378e-08,3.93102125531564e-06,8.544472948016543e-06,9.675054462299396e-06,0
0.8335192272323092,0.16645427819571793,1.1622711710685633e-05,1.0736385891864644e-07,3.94294399262106e-06,8.463751583734124e-06,2.357800826960827e-06,0
0.7613814498338415,0.2384983681332893,2.9645312652267826e-05,1.5650817260976902e-07,7.909915129554073e-06,1.5070653217712171e-05,6.73996436972288e-05,0
0.79598755898187,0.20150906019236897,3.6498749049819724e-05,8.33895252000176e-08,1.0986802339246485e-05,1.605794145272314e-05,0.0024397539433940497,0
0.780707332066138,0.2167925120999721,4.00448210440501e-05,1.6829221582797168e-07,1.2480720054211537e-05,1.7618066606403542e-05,0.0024298439339694154,0
0.7516616690683964,0.2442010180494348,3.9533153498173755e-05,2.086466656381999e-07,2.1113819748920633e-05,2.4995317551317192e-05,0.0040514619447048076,0
0.24575954236199435,0.7520934020446233,3.2007615623503415e-05,1.9451524236228298e-07,2.0445192552923152e-05,1.7062730887465913e-05,0.0020773455390762693,1
0.14613246226367854,0.8519365899807695,3.4396563602775846e-05,1.9231260494264942e-07,3.0568906950812204e-05,1.6869517188233684e-05,0.0018489204552052897,1
0.3474215006922914,0.6507953125793082,3.326391056754033e-05,2.3212830501454164e-07,2.358303727665716e-05,2.6145119172301487e-05,0.001699962533078946,0
0.38520890526650337,0.6139829867415263,3.8429046242164755e-05,2.736583880802097e-07,2.410367059345845e-05,2.780662673787142e-05,0.0007174949900087965,0
0.5287557218841569,0.47057275338904253,3.440199133682937e-05,3.091679537046937e-07,1.7399430328257455e-05,2.8624823604980788e-05,0.0005907893135767418,0
0.7460485455060827,0.2538813701540477,2.4039791967555973e-05,2.4457349344275883e-07,1.2560945824372302e-05,2.4581966857740263e-05,8.657061726337031e-06,0
0.8227634624059174,0.17718718278671247,1.6777690347760926e-05,1.7069109191088884e-07,7.929553010571861e-06,1.7156081410134503e-05,7.320791509867425e-06,0
0.8574419090661184,0.14252642868681167,1.1566287298917135e-05,1.1767187064998411e-07,5.725469134246269e-06,1.0087638666970989e-05,4.165180099162623e-06,0
0.8558065258217159,0.14416128022258795,1.2356013726823773e-05,1.1902162760539417e-07,5.302614404473722e-06,1.0203349077447151e-05,4.212956859898441e-06,0
0.863868572034596,0.13610027701069755,1.298183527438196e-05,1.1508934803412987e-07,5.326614143591579e-06,1.0214766411877517e-05,2.5126495286062117e-06,0
0.7524729060503164,0.24746787592113687,2.3922377484225816e-05,2.767637242261834e-07,1.0339693846996753e-05,1.9918556690777126e-05,4.7606368006578035e-06,0
0.6735765890836638,0.32637054661292847,1.656047812021489e-05,9.268329766972608e-08,1.1176863240926069e-05,1.1734602789071552e-05,1.3299675959793972e-05,0
0.6114500340829855,0.38848483843410686,1.8771554443998156e-05,1.7137278777113615e-07,1.7546595433462398e-05,1.3963334189774456e-05,1.4674626052642789e-05,0
0.5011877646104713,0.49652871213301525,2.1213236413164112e-05,2.3178343360546237e-07,0.0022242609908248814,2.0049570243755987e-05,1.776767559806713e-05,0
0.4405060208677075,0.5565308889541641,2.212822417138552e-05,1.7521820534292984e-07,0.0029042885677797725,1.966127127233011e-05,1.683689669948477e-05,0
0.25949456821118055,0.7217481282059931,0.00017157183269407515,1.1591224210681549e-07,0.017560923032440456,0.0010174583106081524,7.234494841566172e-06,0
0.35453965981359187,0.6219667249629655,0.0005631424232538512,1.5622927503310285e-07,0.02028766945612821,0.0026392603005781366,3.386814207351167e-06,0
0.45650502056953135,0.4836929795793519,0.0005426638135539301,2.403426430607812e-07,0.05538526078422639,0.0038699601262403185,3.8747844529981196e-06,0
0.42058674478330504,0.519506717840481,0.0005262033333789702,2.3067658206392448e-07,0.05503675322293107,0.004339631194314558,3.718949007421864e-06,0
0.5219704979051806,0.47160384354233753,0.000169259786798836,1.60198800151195e-07,0.004551009950510735,0.0016898396687205228,1.5388947651623184e-05,0
0.6513981104643074,0.3481594741234952,1.674807637205071e-05,1.3325224918541616e-07,0.00039556005457170565,1.3571096181300452e-05,1.640293282324308e-05,0
0.6660176005329113,0.33383384349605794,1.3116996684830357e-05,8.838739750028121e-08,0.00010974378876336156,1.0628804148319955e-05,1.497799403678512e-05,0
0.8055039460343454,0.19445655997086303,1.1866062709503334e-05,4.6650626036356724e-08,6.512818736270875e-06,9.07157989531087e-06,1.199688282444417e-05,0
0.9196595013215533,0.07931847423753526,1.8203683702360065e-05,1.1048327643949401e-07,6.857055125777075e-06,1.081502930565819e-05,0.000986038189501392,0
0.9018171345309521,0.09685602274937156,2.0504929523157493e-05,1.244501845846531e-07,7.723899974829593e-06,1.2182227362841583e-05,0.0012863072126309855,0
0.7813173879666095,0.2173766810766089,3.0952242920724996e-05,3.104375108167313e-07,1.7559067067628655e-05,2.2647479777610793e-05,0.0012344617295047548,0
0.8294776070446894,0.16868029717534697,2.9282130266518037e-05,2.2966762850125815e-07,1.6611619731394434e-05,2.1425473260688623e-05,0.0017745468890764634,0
0.827709431058911,0.1702507384083848,2.9219710305918788e-05,2.291780519509358e-07,1.65762091707663e-05,2.137980113285571e-05,0.00197242563404271,0
0.8287714773449006,0.16885558360366987,2.9257202550955058e-05,2.2947211371919838e-07,1.6597478351380903e-05,2.219002177571369e-05,0.002304664876637701,0
0.8124509782791872,0.18390171428889202,3.3051212606631416e-05,2.509409770272765e-07,2.2721552443448502e-05,2.6632279787170657e-05,0.00356465144610612,0
0.7143527339428145,0.2692108066745912,3.833949279692173e-05,2.362583325227551e-07,3.215521822245523e-05,3.0347743602649663e-05,0.01633538066963983,0
0.41882807048284326,0.5307762435555609,6.448069478864775e-05,4.858000581393643e-07,5.9569916459280885e-05,3.863869225995342e-05,0.05023251085802968,1
0.4434028639236677,0.5208176944567542,6.826410823924345e-05,5.14304441975319e-07,6.765313797778925e-05,4.090582273193266e-05,0.03560210424618729,1
0.4541083471553523,0.5134945718574846,7.797166780933241e-05,5.267217672285354e-07,6.296437359602067e-05,4.189344963957115e-05,0.03221372477435085,1
0.456684971766054,0.5247844277238255,7.841408143038446e-05,5.297104025992234e-07,4.9292555607065254e-05,3.9244795940926015e-05,0.018363119366739615,1
0.39985947190377846,0.5862497710226429,6.560015030950681e-05,4.637983181845697e-07,4.570702966867643e-05,3.436154975546029e-05,0.01374462454552706,1
0.3749546599935913,0.6187012759246404,6.703132947220996e-05,4.6498796975859495e-07,6.379904056951783e-05,3.6729827964634035e-05,0.0061760388957921766,1
0.40694901644459724,0.5837178619778706,5.225745354303444e-05,4.370927210532026e-07,5.642746423284162e-05,3.4605065813624365e-05,0.009189394501221545,1
0.32064245418535575,0.6785096055356443,3.8728037484357346e-05,3.0438835847693367e-07,4.176384443115987e-05,2.761766102280071e-05,0.0007395263477032547,0
0.7622788493135662,0.23753867755562913,2.4309840463680172e-05,2.3565104768437642e-07,1.3441522080309222e-05,2.1102544154314208e-05,0.0001233835730585509,0
0.4349258556923363,0.5650023813377355,2.4940107371766455e-05,1.948423492059228e-07,2.352604475519434e-05,1.8013302019060113e-05,5.0886734329820875e-06,0
0.42448355901435436,0.575446082673612,2.396264559929365e-05,1.8720601688510898e-07,2.5518639761485913e-05,1.5800584365828413e-05,4.889236290262775e-06,0
0.41275950806205447,0.5871750858624125,2.3697887289564986e-05,1.8513761636580246e-07,1.9714348083310505e-05,1.6973486412925476e-05,4.835216130814597e-06,0
0.33165132303222866,0.6682937838697895,2.2443102255201633e-05,1.9090621214161155e-07,1.1394736031652676e-05,1.5816261508705396e-05,5.04809197418844e-06,0
0.3712125777675439,0.6287157436460512,2.8397991353137286e-05,1.7291697195978575e-07,1.779064706861024e-05,1.9455759502738475e-05,5.86127150862715e-06,0
0.4200424750392074,0.579854131864228,1.9859918906768542e-05,1.7218812328763026e-07,6.396949816596557e-05,1.4979487679480705e-05,4.412003689185604e-06,0
0.315333546947455,0.6807405822872189,2.209752021119974e-05,1.91588422507616e-07,0.003880168698173072,1.8503857875263468e-05,4.909100643932602e-06,0
0.4153152671095442,0.5828405656452895,1.4194686308735855e-05,1.3891395254084375e-07,0.0018075996700970013,1.867456049191794e-05,3.5594143160835856e-06,0
0.3818200166569757,0.6151551379746191,1.758568581945181e-05,2.240906729909119e-07,0.0029883590783209737,1.4152586967054288e-05,4.52392662477356e-06,0
0.43082045965301724,0.5679949516256397,1.5214021211601691e-05,1.8845707767970735e-07,0.001139868765392433,1.2093200687611658e-05,1.722427697378155e-05,0
0.10764804624682457,0.8883893732212016,2.7025364852983817e-05,1.766971638522833e-07,0.0039166260747434505,1.3872315066967279e-05,4.880080146559175e-06,0
0.13061137387423574,0.8457702815168824,2.5163339204399994e-05,1.6407864467518235e-07,0.023573744699157333,1.4740914124903036e-05,4.5315777508635305e-06,0
0.22308666855656056,0.7677702778441253,2.004949608853992e-05,1.884856236292917e-07,0.009102376744902116,1.6012468652181565e-05,4.426404047463585e-06,1
0.2338870004247995,0.7556731828848371,2.1494336023130166e-05,1.8837293232280916e-07,0.010397707328649702,1.6002895158046148e-05,4.423757600241121e-06,1
0.21925955874496372,0.7693467697211657,0.0001888132678082427,1.9706701647200223e-07,0.011004194512036223,0.00019546442942348566,5.002257586326316e-06,1
0.2202105840797372,0.773366492651984,0.00011292646039582038,1.7506175992473335e-07,0.006180645471710896,0.00012150848435116528,7.667790061131942e-06,1
0.2135260844098625,0.7799927416800846,0.00011389402086754278,1.7656169925179291e-07,0.006233601601099848,0.00012576823825479323,7.733488131740127e-06,1
0.11564725457285016,0.8725956820114361,0.0001425230131197208,1.8633655407331418e-07,0.011424786872540803,0.00018473775569657807,4.829437802430182e-06,0
0.0862163301309338,0.8392247625822209,0.0034331169654155894,1.8521704068545482e-07,0.06852505082778593,0.0025967511338696506,3.8031427334083495e-06,1
0.10749163552108335,0.838191095704193,0.0004889539727155846,2.791773516952951e-07,0.04814697958512156,0.005663744408740288,1.7311630794639596e-05,0
0.2142763266735288,0.6285449964758282,0.0008420691650465024,1.778065817123999e-07,0.14950519068818008,0.006827504044990162,3.7351458446557364e-06,0
0.06430936714566993,0.5226870634466169,0.00046887135096333976,1.16271213111169e-07,0.05070810292692671,0.3618240914107941,2.387447815880377e-06,1
0.22615782374195728,0.756842980946493,0.000353492029715525,1.947683016455667e-07,0.015666244090783047,0.000957282433532243,2.1981989217296078e-05,0
0.25772314727830703,0.7272949984783786,0.0002670145463064832,1.8971310469146352e-07,0.013844037885958276,0.000849200649642186,2.1411448302796434e-05,0
0.2665866599359132,0.7159494837930513,0.00026284922485830304,1.8675365519740788e-07,0.01645971809233736,0.0007314161252223493,9.686074962214755e-06,0
0.2388085339956628,0.7297370624739339,0.0002708653242719537,2.009104239022995e-07,0.029717395622103907,0.0014573889366367397,8.552736966650681e-06,0
0.24906128940496627,0.7231480464513151,0.0002684195995672921,1.9909634309117084e-07,0.02612564820951179,0.0013868822802306229,9.514958065549316e-06,0
0.8852762896892088,0.11439885199143308,2.009278351454179e-05,1.8225567758614945e-07,9.1523371668419e-06,1.629320018601521e-05,0.0002791377428129391,0
0.7819510798637093,0.21695876287179675,2.5951233378053237e-05,1.796524777357878e-07,1.0270326960885993e-05,1.7830614070014483e-05,0.001035925437607302,0
0.7782537444340292,0.21987570309212903,2.9812171259509444e-05,1.9097007321131097e-07,1.043738283744309e-05,1.604151612389727e-05,0.0018140704335478177,0
0.508834963675781,0.4883378149375961,1.8033100589765245e-05,1.2787615948471402e-07,8.020358434736401e-06,1.2279965040901793e-05,0.0027887600863980176,1
0.4331139179549206,0.5635272359728265,3.943902603279545e-05,2.762078830474406e-07,1.498315129664716e-05,2.595100411128587e-05,0.0032781966829290416,1
0.31599670584882866,0.6738071971636351,3.1905864032310835e-05,2.8294605770669274e-07,2.3133361417808398e-05,2.9359789769521006e-05,0.010111415026258768,1
0.5242229687444648,0.4686538875283985,3.131750147252417e-05,2.6006862544250993e-07,1.2650793731489532e-05,2.4445157837103915e-05,0.007054470205470161,1
0.7901740670970353,0.20899809754411533,2.783374032546389e-05,2.544066237488054e-07,1.1527419080728341e-05,1.8957728381760727e-05,0.0007692620644375598,0
0.8020335152876698,0.19390511353226011,1.9305433287633873e-05,1.653710340812831e-07,6.7825942036891014e-06,1.368632893074463e-05,0.004021431452613722,0
0.7360777188223175,0.26280608821605084,2.2164923376842144e-05,1.8986552876327785e-07,1.3982080825059334e-05,1.1970520408646927e-05,0.0010678855714924581,0
0.7181723839837926,0.28117704331546356,3.951084420500539e-05,2.096493287485556e-07,1.0314868411000396e-05,1.3579151768084995e-05,0.0005869581870309334,0
0.7238855767047866,0.2755908686128413,2.1017670977781304e-05,1.86983614984847e-07,1.474079908312728e-05,1.2188719255680618e-05,0.0004754205094405656,0
0.47896728036671654,0.520908410211596,2.2302665666399827e-05,2.756655295874048e-07,1.5915573156939362e-05,1.2593994032104707e-05,7.322152330241093e-05,0
0.20416367319748724,0.7955384233336953,3.914652985812391e-05,8.748915087096786e-284,6.884987422353768e-06,1.103974038285299e-05,0.00024083221115424696,1
0.31796125220151245,0.6801746093094596,3.3523344627299446e-05,1.1751008622023109e-07,2.0219681451941815e-05,1.8407144444289824e-05,0.0017918708084181442,1
0.2672376640364666,0.7303896736735785,3.806385865911837e-05,3.083103325274866e-07,2.4328329930780235e-05,2.12368910360401e-05,0.002288724899996423,1
0.2889578368247976,0.7097343157691918,3.340012410197833e-05,3.0133594652642625e-07,2.6932033464373717e-05,2.3215626230730822e-05,0.001223998286267085,1
0.4382534997547537,0.5613661218999344,2.7490655339297642e-05,2.480207145939419e-07,1.4008608770826965e-05,2.005938474555273e-05,0.0003185716757417518,1
0.551862796970224,0.4478250062468903,2.4159131640794477e-05,2.1899235191461787e-07,1.1601690015247007e-05,2.0847250561680804e-05,0.0002553697183161018,1
0.6111520393211918,0.3885075742612226,2.563275927972626e-05,2.4907239484326216e-07,1.904378075746655e-05,2.235377648328676e-05,0.00027310702867033566,1
0.7942032322472395,0.20573513101316887,2.0128014807615e-05,2.065334036046693e-07,1.5203312313213224e-05,2.0998459501015018e-05,5.100419566101632e-06,1
0.7976179463947565,0.20231118438120418,1.9345604410080374e-05,1.9850509659262493e-07,1.2621965355702374e-05,1.6566596271968775e-05,2.2136552905130693e-05,1
0.7935558553525747,0.20639263925085943,1.4821600850043203e-05,2.0803636978455928e-07,1.3882958295237477e-05,1.3521962385802685e-05,9.070838665062278e-06,1
0.6742751857706276,0.32551849182586473,2.163545270250008e-05,2.110050692230678e-07,1.4852754668104188e-05,2.2639851660946503e-05,0.0001469833394071144,1
0.6768572227770416,0.3229736890078495,3.269869746825116e-05,2.1240182494372366e-07,1.514743221279773e-05,1.9419486388330773e-05,0.00010161019721471853,1
0.6786938633211551,0.32081551841658074,6.200272936437838e-05,2.1630767432826875e-07,1.5971755562882727e-05,1.9643213640140963e-05,0.0003927842560226295,1
0.6519401895979581,0.3473819492055268,5.555055270512649e-05,2.2655600171717227e-07,1.7536958971276296e-05,2.057387911458378e-05,0.0005839732497224882,1
0.7388239157896321,0.26069189993317055,2.2757007395784498e-05,2.2146108198690684e-07,1.6094988835094477e-05,1.8739656941220215e-05,0.00042637116294323994,1
0.8610928096579952,0.13854914046486277,1.5855060064644732e-05,5.875604888884823e-08,1.6960885958381487e-05,9.230693469322325e-06,0.0003159444816008961,0
0.8156160608877121,0.18432298633166697,2.0591433721066034e-05,1.1777720655924992e-07,9.304627651962211e-06,9.468045105681346e-06,2.1470896935555314e-05,0
0.643100758958996,0.3568375330390743,2.6327594693341423e-05,1.5058643319399493e-07,1.1191624331978552e-05,1.2702166021020394e-05,1.1336030450328751e-05,0
0.5141030241856133,0.485834630281629,2.4484875388003196e-05,1.6713660195507875e-07,1.2853716559177032e-05,1.5156357335702452e-05,9.683446872954483e-06,0
0.7384769564863894,0.2614740040825139,2.1358377972237762e-05,1.332245854514068e-07,9.843017928287707e-06,1.06530920574887e-05,7.051718553239653e-06,0
0.14624120889450457,0.8536970342950165,2.5408145102269618e-05,6.8259828435768e-08,1.194901770871337e-05,1.1866801375785156e-05,1.2464586463908425e-05,1
0.8013649222294815,0.19825373044027209,4.962315993823805e-05,1.0013177106805731e-07,2.6033340072988727e-05,1.1411091037279367e-05,0.0002941796074270068,0
0.8825088883300279,0.11716222885169612,2.5674346145791733e-05,1.330748847189358e-07,3.0416383510241605e-05,8.403070698439433e-06,0.0002642559430369401,0
0.3566567801541652,0.6407569743073978,5.35999137377559e-05,8.513600927660674e-08,2.0023441691538333e-05,7.609015775141527e-06,0.0025049280312235624,1
0.21770241773463148,0.7704351994063083,4.214297182227798e-05,1.2080089627121573e-07,1.910961321703483e-05,5.982594281325863e-06,0.011795026878843286,1
0.031376599037554076,0.00016263342898132317,1.7217432645787988e-06,1.6978719494375007e-08,1.2713338148311954e-06,1.0514676919767472e-06,0.9684567060099738,6
0.04834894949950007,0.0002115194576065147,2.070511004484645e-06,1.9539470396849896e-08,1.6534844074449017e-06,1.3610489812277708e-06,0.9514344264590298,6
0.04629725575412322,0.0005281271718545671,3.587584547024099e-06,2.6408703662514843e-08,2.7278394852299317e-06,1.8545173307618657e-06,0.9531664207239555,6
0.07296372180084308,0.0006204722109682778,3.968822237585299e-06,3.2641605157145005e-08,2.752393910363265e-06,2.310156836837194e-06,0.9264067419735986,6
0.06283508049510254,0.0005020413167953631,2.7166990991174665e-06,2.4032505848309616e-08,1.7753327661794374e-06,1.5653406553538407e-06,0.9366567967830756,6
0.04736090835298256,0.002608731684598074,1.2508453159699411e-06,1.1515245215501834e-08,6.312871889139498e-07,6.986280242830563e-07,0.9500277676866449,6
0.0646722492479671,0.003262886185900424,1.6584081908379798e-06,1.1718298815211622e-08,8.725951320504428e-07,9.218731088344563e-07,0.932061399971402,6
0.1281115695210519,0.00903125559959223,4.222984445333611e-06,3.4244864903691527e-08,2.0814528144175886e-06,2.3056042344189585e-06,0.8628485305929967,6
0.1353016922459134,0.007752565162590873,4.138510307075037e-06,3.348454577039416e-08,2.689625442677824e-06,2.2544142233568478e-06,0.8569366265569769,6
0.08098682036563642,0.0018277127631741164,3.494214828184977e-06,2.3695458128205658e-08,1.30268813844884e-06,1.3623410019864237e-06,0.9171792839317626,6
0.03866628449284133,0.0010346160174413003,1.6249028359911369e-06,1.4830867863270735e-08,1.1269001379979928e-06,8.412935780776882e-07,0.9602954915622973,6
0.043070319555911424,0.0020722497517078314,2.384966355212854e-06,2.1377901701712166e-08,1.610404453978393e-06,1.5624331119357188e-06,0.954851851510558,6
0.11559155969854404,0.004347800503732325,1.5877587666993572e-06,1.3087642437124205e-08,6.577705316881523e-07,8.754814001224124e-07,0.8800575056993826,6
0.9440938417058408,0.052010099072946646,1.5103566381222674e-05,1.0133896517095476e-07,6.332467975574131e-06,8.860688623337038e-06,0.003865661159267319,0
0.9454971230178538,0.05171781102842598,1.4046329739287116e-05,9.757018668398208e-08,6.096964593084208e-06,8.531161154736354e-06,0.0027562939280463255,0
0.9444747140880716,0.053280944493893805,1.3015318186720005e-05,9.746467961503637e-08,5.982806717675157e-06,8.521936023179979e-06,0.0022167238924273684,0
0.9449056975964409,0.053124117736060704,1.3006193477551306e-05,9.717780276154837e-08,5.965196966399386e-06,7.870824101701652e-06,0.001943245275149934,0
0.9254015931051514,0.07307212895383133,1.2886453948134989e-05,9.293778376373058e-08,5.256856837867913e-06,8.2799090544967e-06,0.0014997617833931054,0
0.9142492886513885,0.08538991221870428,1.1986957703615498e-05,8.260150613108352e-08,3.4136903953968494e-06,8.288245640640689e-06,0.00033702763466131753,0
0.7629459443463807,0.23226966723240397,2.5950721940764403e-05,1.662137324848386e-07,1.1884636105492736e-05,1.7400475686945627e-05,0.004728986373749617,0
0.7960052256147876,0.19972299808978333,5.584278376368471e-05,1.9602967473845873e-07,1.5496129388423507e-05,2.0521827758831838e-05,0.0041797195248431535,0
0.45610501986400587,0.54325525866543,2.846650598708179e-05,2.3748078869661846e-07,1.4609938394930844e-05,2.413059469884284e-05,0.0005722769506945712,0
0.6351448950447268,0.36417742427265487,2.7317256529965804e-05,2.278932169865913e-07,1.3903608339814631e-05,2.109986840112061e-05,0.000615132056130472,0
0.8746947231334231,0.1252790699306625,1.0789337977315081e-05,1.0393032860241396e-07,4.369621980138908e-06,8.580335723404523e-06,2.363709905034187e-06,0
0.6818388219698116,0.3181052270212341,1.7899368900491324e-05,1.630248203283268e-07,9.985767056028255e-06,1.2701308633540036e-05,1.5201539543824934e-05,0
0.4609601279892426,0.5389496787523144,1.6775802288310854e-05,1.8435610999960985e-07,4.774726032092123e-05,1.5947044703783672e-05,9.538795020017393e-06,0
0.243135124472344,0.7413959446666886,0.0001643676405651478,1.1290638103412422e-07,0.014227430269997565,0.0010606851880468186,1.633485597672521e-05,0
0.3383940729479509,0.6078573554584543,0.0005939536914074155,3.364491758670262e-07,0.049923308848963184,0.0032277098708847147,3.2627331635675034e-06,0
0.44365640254508254,0.49356796718416807,0.0005251960749709717,2.3111847602893425e-07,0.059988622913258724,0.0022578540908579,3.7260731858185394e-06,0
0.2535931881661153,0.7063811051062687,0.000256030302914983,1.924587456382349e-07,0.038167248515588,0.0015957288304500091,6.506619917246474e-06,0
0.7007675611550113,0.2989316916546664,1.4974129764004796e-05,5.5911606328241994e-08,0.0002589179518446616,1.2133653486182448e-05,1.4665543621199808e-05,0
0.7158098708589768,0.28414887503261177,1.2670335502450422e-05,4.981257033191012e-08,5.630263052747562e-06,9.686444747912826e-06,1.3217252537826324e-05,0
0.6276103030428668,0.37207535044323775,2.6936836489480954e-05,7.817328545930965e-08,1.8865570506047965e-05,1.641002881243353e-05,0.0002520559048023515,0
0.9020353877768457,0.09714594168801972,1.8067295715584983e-05,1.0965549938665806e-07,6.80567981300512e-06,1.0733999548273373e-05,0.000782953904558443,0
0.8074508385431701,0.19089877515261464,2.8504543627488766e-05,2.235688072162399e-07,1.6170498356747148e-05,2.085652005985405e-05,0.0015846311733638727,0
0.8022469526732118,0.19553205712202576,2.8320836601956005e-05,2.2212794357315408e-07,1.6066282194112792e-05,2.075073822198368e-05,0.002155630219800875,0
0.804987644071297,0.19235882394216852,3.160835729749069e-05,2.2320443077084838e-07,1.671533017239221e-05,2.0804725581340788e-05,0.002584180369052611,0
0.7996292213763938,0.19753442585484193,3.10977978137015e-05,2.1959908241689036e-07,1.9883687896561378e-05,2.3305975266434337e-05,0.0027618457087052743,0
0.4273551913483786,0.5524244496273363,3.918920925157483e-05,2.7960041617449336e-07,3.880926971929238e-05,2.6575050497982707e-05,0.020115505894400084,1
0.44547366821241696,0.523250045718074,7.125446692687156e-05,5.167063746889259e-07,2.991978415131791e-238,3.828136305524819e-05,0.031166233533152295,1
0.7550880946457392,0.2445987688701572,2.119706670879355e-05,1.6474761133067296e-07,1.5038123495497918e-05,1.511136135965127e-05,0.000261625184928179,0
0.7879475818293998,0.21174479328415313,2.074320436229392e-05,1.6187432257932097e-07,1.4775850369156019e-05,1.488165926406553e-05,0.00025706229812907624,0
0.7662559153402803,0.2336814442222319,2.14374900670295e-05,2.3029018423993223e-07,1.1711861926146902e-05,1.751246954825496e-05,1.174832576214219e-05,0
0.5573403656555267,0.4425921367932989,2.4646817335618796e-05,1.9699093856144963e-07,1.760532813965773e-05,1.938678380087594e-05,5.661630959723203e-06,0
0.5069394482857845,0.49299644721328917,2.3768714799294326e-05,1.8908200119403442e-07,1.6600044067974893e-05,1.8608428918380077e-05,4.93823113944431e-06,0
0.46988129032105663,0.5300614269237498,2.232187295766997e-05,1.7757226021158471e-07,1.405732392050548e-05,1.608835339119389e-05,4.637632663822376e-06,0
0.46881202167874547,0.5311225642068538,2.4387621217512207e-05,1.9052610073938627e-07,1.672682565448234e-05,1.9133194920196863e-05,4.975946507899691e-06,0
0.4377389548752014,0.5621926708295439,2.549123272490059e-05,1.9914796653590918e-07,1.7483763656336753e-05,1.999902820088894e-05,5.201122705991689e-06,0
0.3422451039442051,0.6577013636646477,2.1791701525364277e-05,1.8893693405856946e-07,1.145607610017909e-05,1.5194103163115012e-05,4.901573424351583e-06,0
0.3249498162212161,0.6749822146164778,2.7209221295221805e-05,1.6567848399016057e-07,1.3767035745198475e-05,1.7977791513751108e-05,8.849435267777995e-06,0
0.4106899868058708,0.5892452341427378,2.492134944547485e-05,1.6584440586372148e-07,1.6188069277055445e-05,1.7856239721624187e-05,5.647548541328018e-06,0
0.4478900400661583,0.5520495675393529,1.8408252348594986e-05,1.5960198225328156e-07,2.5356680796004477e-05,1.2327319882073714e-05,4.140539479930423e-06,0
0.5250025102999335,0.4740901315607868,1.3778819045588882e-05,1.3484413627301005e-07,0.000873363700588356,1.4636250873570424e-05,5.444524635896768e-06,0
0.41845833604836363,0.5782745707014673,1.2896283002376031e-05,1.593498583187212e-07,0.0032372346963321255,1.3291126977016153e-05,3.5117939990020912e-06,0
0.3496861068694157,0.6481990503203293,1.8096674975967897e-05,1.8000953779391662e-07,0.0020746901185450073,1.7363425714673098e-05,4.512581481408193e-06,0
0.17578606264977778,0.7652653024932827,2.623579652780956e-05,1.6840799630808816e-07,0.058901746887169516,1.6455297021223427e-05,4.028468224719992e-06,0
0.14954768966701898,0.8405539270338108,2.5267310120211074e-05,1.8472714075776514e-07,0.009848538247735033,1.997417758049602e-05,4.418836593867212e-06,0
0.20593054074911699,0.7893300150901917,2.2687113822748073e-05,1.8568850455836416e-07,0.004694254276459967,1.7603651177283743e-05,4.713430726509381e-06,1
0.20090221133369007,0.7938067797857453,2.246072245493077e-05,1.9684218886180438e-07,0.005247006279823965,1.6722386131557562e-05,4.62264996508772e-06,1
0.2143431678902974,0.774585480979018,2.4432752686496334e-05,1.9882884568304724e-07,0.011024781411002072,1.6891159109890168e-05,5.0469790404516095e-06,1
0.1610914426278708,0.8341553294747938,1.970151756597435e-05,1.7672734995515092e-07,0.004712192718512249,1.4088045880844432e-05,7.06888802643319e-06,1
0.11786888966084616,0.8695345954461167,1.9246894695748686e-05,1.547397794916944e-07,0.012554224142806452,1.8251361622631534e-05,4.637754132997646e-06,0
0.07748890999274397,0.8960693081346046,0.0026393207044685682,1.738530346372064e-07,0.022294073389679668,0.0015046441248552965,3.5698006129163094e-06,1
0.06184743461901261,0.4806558802944446,0.00024281795410777045,1.0941867762344677e-07,0.45524704663985255,0.002001990350964293,4.720722940444288e-06,4
0.11508212737139985,0.8272333447404807,0.0006162838882956048,2.8537003284885733e-07,0.05126088603320118,0.005789376961114668,1.7695635475206954e-05,0
0.2663725248832926,0.5377632821659257,0.0009576831241967371,2.0554847515851182e-07,0.1846515171597011,0.010250469204384003,4.3179140247208105e-06,0
0.15278168122658606,0.835308236872616,0.0003437964457700923,1.3872054075155996e-07,0.007262399193457735,0.004291930075256725,1.1817465772439405e-05,1
0.22946305007625356,0.7510969910794363,0.0004182664026192208,1.9529282749683576e-07,0.018051507717370473,0.0009598604679408766,1.012896355210659e-05,0
0.23545619240169813,0.7402423190734557,0.00030057793201926505,1.950915330895037e-07,0.023164588616306058,0.0008260083616741865,1.0118523313510822e-05,0
0.251616879935087,0.7243633206906164,0.0003441876869548909,2.2468570143194795e-07,0.022653496938309984,0.0010123252151396506,9.5648481905018e-06,0
0.26164074260558257,0.7113521777197509,0.00024695818835670624,1.9584871718723216e-07,0.02569949105079619,0.0010458269669641712,1.4607619832302945e-05,0
0.2596015671321569,0.7151891960531419,0.0002482902755084504,1.9690512095171824e-07,0.02382984659935936,0.001116216621693217,1.4686413019221162e-05,0
0.31731300841194043,0.6592444130031692,0.00023603878511467904,1.815024633977946e-07,0.021965786563955484,0.0012270341466825423,1.3537586674140901e-05,0
0.33773617733150635,0.6399136059962337,0.00022842844742759427,1.765295011874044e-07,0.021265305322737897,0.0008394085668578067,1.689780573553219e-05,0
0.7126291806564371,0.28711672448562336,3.249284715315517e-05,1.7158474208748985e-07,8.297171585061437e-06,1.5010724067801753e-05,0.00019812253039134094,0
0.7001113194375833,0.29951504655971556,2.2629353397962254e-05,2.3233603053668296e-07,1.66090814605553e-05,1.7972375613251135e-05,0.00031619085619870145,0
0.7778687198316947,0.22105988196579043,2.8585771369969735e-05,1.8304840513218817e-07,1.0464464470905508e-05,1.5594893764443233e-05,0.0010165700245042461,0
0.6908805097749542,0.30735677056428984,3.0592454861058617e-05,1.95439260266163e-07,1.1787787385145216e-05,1.5094587414511125e-05,0.001705049391835081,0
0.7466179653801089,0.25119882953635203,3.3136923330164824e-05,2.1104728493517215e-07,1.2729174883490322e-05,1.7262898262366312e-05,0.0021198650397781437,0
0.4425639762752748,0.5547857374792092,3.929361132362018e-05,2.7681764989305e-07,1.5016228661429963e-05,2.718192050620257e-05,0.002568517667374737,1
0.4330584175471019,0.5629292543386064,4.4587494271612705e-05,2.721201545794908e-07,1.4761408696764944e-05,2.592574503921746e-05,0.003926781346129648,1
0.29826523008090433,0.6875883284650957,3.5763013527456095e-05,2.625677751574691e-07,2.3032052922603954e-05,2.8963471728806625e-05,0.014058420348046148,1
0.6837220723273392,0.3130491348333583,3.019216012703336e-05,2.473351431192159e-07,1.418398668874994e-05,2.1420302466983614e-05,0.003162749054876782,0
0.793522416036621,0.20501728556170926,2.4954894062073987e-05,2.8435184770178994e-07,1.336260738919956e-05,2.2896271901093453e-05,0.0013988002764695224,0
0.8015555216238605,0.19554352253984866,2.0780118630528457e-05,1.652724767205722e-07,9.563712966391271e-06,1.3087347569898993e-05,0.0028573593846471677,0
0.7924448437252619,0.20561791199654422,2.0465547697449322e-05,1.7530861573228225e-07,1.3795893448938945e-05,1.1380824537388685e-05,0.0018914267038943721,0
0.6442725687494263,0.35519309957728423,3.489894310715461e-05,2.0974757924321226e-07,1.1648895261503866e-05,1.3585515529830364e-05,0.0004739885718116039,0
0.7454847598980605,0.2538594387053887,3.173438141376754e-05,1.9661552014799285e-07,1.0832367925360582e-05,1.2352926882610216e-05,0.0006006851048090114,0
0.7529766667029808,0.2461284806061303,2.413607444603395e-05,2.1472647736439294e-07,1.6407737859843023e-05,1.2999714014922481e-05,0.0008410944380906015,0
0.17605085303155074,0.823676777000323,3.2649720603230974e-05,8.036291266541052e-284,7.14008079066396e-06,1.2142533804744957e-05,0.00022043763292755634,1
0.16554124281658825,0.8340871410457593,2.9186790568309728e-05,1.386434189685858e-07,8.298108375457653e-06,1.307874271053519e-05,0.00032091385257922384,1
0.17853708350349418,0.8211153654258357,3.822367996652467e-05,7.275542702826244e-08,6.577007790025901e-06,1.0343767213684258e-05,0.000292333860273049,1
0.31826966557391895,0.6791178570675261,3.738306069544604e-05,3.027959928373468e-07,2.389320122707337e-05,2.0857054816555724e-05,0.002530041245822829,1
0.380779171478532,0.6176063075976365,3.297915123248692e-05,3.4835302134278367e-07,2.7448409294899146e-05,2.5075635915222796e-05,0.0015286693743675707,1
0.3929454570608686,0.6062532037218508,2.9446163369267207e-05,2.656633096140006e-07,1.500509090637267e-05,2.1486280083697097e-05,0.000735136019611781,1
0.4305857899817517,0.5690335233902835,2.7638376159456325e-05,2.493534519522902e-07,1.4083883919831891e-05,2.0469666696222548e-05,0.0003182453477376133,1
0.6240151748841818,0.3754993110298949,3.22276201633157e-05,2.346024913346692e-07,1.2118279448936252e-05,2.2053673115328687e-05,0.0004188799107045526,1
0.6668513990912054,0.3309506997041952,3.397375462466874e-05,2.928643540094973e-07,1.958732158018636e-05,2.8283113103954605e-05,0.002115764150936644,1
0.6453611621886484,0.3528322568247578,2.718904830932285e-05,2.5958985977451796e-07,1.8501931074753315e-05,2.506965857785585e-05,0.0017355607587719844,1
0.6165730891189967,0.38218244346625774,2.5429262796081466e-05,2.4278815088723343e-07,1.7304411032789316e-05,2.102767083274219e-05,0.00118046328193299,1
0.6226206872124104,0.3770360445533997,2.588841170607025e-05,2.515565582289556e-07,1.9914214186035498e-05,2.024715178538139e-05,0.0002769668999544255,1
0.8016577702814496,0.19826049433779325,2.078256579475723e-05,2.0029075214878838e-07,1.714871131472665e-05,2.1788467066788805e-05,2.1815345828704622e-05,1
0.8181354622215319,0.18165455858806306,1.5471754041242506e-05,1.8041240920159073e-07,1.2939353696035841e-05,1.7937235919743154e-05,0.00016345043433893473,1
0.7558770960806047,0.24382515040879243,1.9742745445301612e-05,2.3976053127946226e-07,1.5221674721832649e-05,2.5725177514945345e-05,0.00023682415238941926,1
0.7522966597348137,0.24725784840990464,1.9667598592397726e-05,2.4085040937932554e-07,1.6445024030528448e-05,1.9938072582504586e-05,0.0003892003096668352,1
0.665845607722518,0.3333695925345672,3.5333643646751025e-05,2.5547022179691957e-07,1.8863445084909723e-05,2.383379938053132e-05,0.0007065133845808488,1
0.8215429485722512,0.17744151859155768,2.430662226529535e-05,8.308451756004473e-08,2.1040997082948475e-05,1.2944043897383492e-05,0.0009571580884277313,0
0.4246806707528519,0.575248547470974,2.9284647066309825e-05,1.9286932255216493e-07,1.5357490626941728e-05,1.573556703913542e-05,1.0211202119388622e-05,0
0.42874574853771025,0.5711819942657738,2.9339692842606022e-05,1.9323185523215817e-07,1.658753491066388e-05,1.5345660431052792e-05,1.0791076476414215e-05,0
0.832642574173223,0.1673165188606286,1.5075312155090385e-05,9.403346148396895e-08,7.305313190267044e-06,6.76502959119354e-06,1.166727775023441e-05,0
0.7843446417370682,0.21550538007306133,1.5045306832346392e-05,1.1581504868590019e-07,0.00011170546248786546,8.741759711147381e-06,1.436984579054002e-05,0
0.13879968592956904,0.8609924700804497,2.839365108201434e-05,1.989867304280502e-07,0.00013029560659962779,1.614712196315612e-05,3.2808623606175957e-05,1
0.49585837818775735,0.5040330655064168,4.397945929155616e-05,2.663055195381506e-07,2.496937972040791e-05,2.0542961916793943e-05,1.879819937742622e-05,0
0.3763317436526056,0.6234585498162436,4.250080885995868e-05,8.702575990466327e-08,1.6735860637746597e-05,1.2817867882102305e-05,0.00013756496801123653,1
0.62491319604638,0.3744723418685698,4.969700937540832e-05,1.0176088695475924e-07,2.5869781979793597e-05,1.49881782817016e-05,0.0005238053545264629,1
0.8766044443218064,0.12263051595310934,2.9589059799441163e-05,1.3218454444461818e-07,3.0212882065957396e-05,7.530521214267771e-06,0.0006975750774601894,0
0.09312637838067722,0.001046987218745015,5.673778472071401e-06,4.493049347833331e-08,4.64101440825484e-06,3.1551862560192573e-06,0.905813119490948,6
0.03886543953207286,0.00038567892209449443,2.1822251408071603e-06,1.7572043192093726e-08,1.5478477210703262e-06,1.2936975793703247e-06,0.9607438402033482,6
0.028404424935079407,0.00033793340079787005,1.6294696367366698e-06,1.3789690049460694e-08,1.2576518324105643e-06,1.015231321835191e-06,0.9712537255216416,6
0.08732349663668267,0.000427606571190201,1.9041318884717984e-06,1.997706692733933e-08,1.761659898873936e-06,1.158227020609599e-06,0.9122440527962522,6
0.20161407207881327,0.01176445836703002,6.229771418686616e-06,4.5122746415837364e-08,2.9615118921590964e-06,3.3936088719023286e-06,0.7866088395392277,6
0.19284237804624088,0.013325968030169548,6.24519092247234e-06,5.052962679128176e-08,2.9688420236781498e-06,3.402008500288469e-06,0.7938189873525162,6
0.05933004842416263,0.0013775832633063183,2.402995521155873e-06,1.720006633471823e-08,1.4319072893311622e-06,1.1099526735029242e-06,0.9392874062569807,6
0.01895950313372736,0.0010409084254674585,1.2172513487634686e-06,1.047070132179277e-08,9.468811300308984e-07,8.313463042861725e-07,0.9799965824913208,6
0.9446891231201279,0.052042893106723435,1.534978810120835e-05,1.0140286263521568e-07,6.336460799513769e-06,8.243127039254334e-06,0.0032379529943461216,0
0.8505604979551075,0.14618707024308492,1.951990930387565e-05,1.4077861274115535e-07,7.571705181790373e-06,1.2991872863388483e-05,0.0032122075358458125,0
0.9018869995289633,0.09768957046601573,1.2046142106981953e-05,9.193856565265662e-08,3.7995650834377734e-06,9.225127381674213e-06,0.0003982672318833636,0
0.8656794166178287,0.13427046940371062,1.1307307738870413e-05,8.879126267772982e-08,3.5982160864986e-06,8.520820840382014e-06,2.659884253203442e-05,0
0.8391447141752908,0.16080743323537014,1.1680387055394942e-05,9.172088875302269e-08,3.893443320622275e-06,8.114330723296924e-06,2.4072707350865753e-05,0
0.823032721729095,0.17485969844128724,2.5890379059966603e-05,1.533146990787569e-07,6.743504230078082e-06,1.1170431102569702e-05,0.002063622200526204,0
0.8213638714013642,0.1739799383017665,1.5955443292001965e-05,1.4123848048016294e-07,6.355124340621753e-06,1.0290563949284754e-05,0.004623447926806905,0
0.7661896710339404,0.23090042557238552,3.782251888234314e-05,8.641397235730393e-08,1.0433312919276367e-05,1.680966614749105e-05,0.0028447514817526135,0
0.8138720247994423,0.18044092116200805,2.3813267597961484e-05,1.7413178877436582e-07,1.1505814183110296e-05,1.8258514027797094e-05,0.005633302310951911,0
0.29077071111716574,0.7051738272944383,4.614358389731627e-05,2.822565145525475e-07,2.6660001382670514e-05,2.4759329348978934e-05,0.003957616417252417,0
0.609996283503289,0.38804142565105665,2.1708723973906567e-05,1.5609844296983148e-07,9.956118551346599e-06,1.3692838113868719e-05,0.0019167770665720967,0
0.5907664348563753,0.40773900561534143,2.4139558373569648e-05,1.6402224017148286e-07,9.598814982634291e-06,1.4774154175561128e-05,0.001445882978511317,0
0.5128532533342468,0.4865365052725488,2.797082607602023e-05,1.9984125899057018e-07,1.3913159309134361e-05,2.300871780705255e-05,0.0005451488487531411,0
0.5516538505566766,0.4477617954242212,2.346266074173427e-05,1.9573639210926714e-07,1.1582781447370056e-05,1.9888916369721315e-05,0.0005292239241513189,0
0.8617900953131863,0.13818072258796507,1.1747956813284244e-05,1.0520437654175533e-07,5.507085408892379e-06,9.248129752650327e-06,2.5737224973263853e-06,0
0.8896666088737929,0.11030853172294308,1.0266171989572958e-05,9.193481392544539e-08,4.170549560099207e-06,8.08165131448531e-06,2.2490955858050495e-06,0
0.8699864482566368,0.12998822285442602,1.063165050303417e-05,9.52077182916426e-08,3.932213553291273e-06,8.36936029809964e-06,2.3004568643568614e-06,0
0.761101275499305,0.23884397809988975,2.1188015724745065e-05,1.4338911253256773e-07,8.470703502559853e-06,1.7778011396155793e-05,7.166281069379777e-06,0
0.6820384923881724,0.3179055627846751,1.7888134052639654e-05,1.629224949858739e-07,9.979499316971064e-06,1.2722273252985426e-05,1.5191998035136252e-05,0
0.5956464946710712,0.40429732022735054,1.8102939849357984e-05,1.6487891460101057e-07,1.0099335980500297e-05,1.4222628499048253e-05,1.3595318334647324e-05,0
0.30639401224848123,0.6900337837390621,1.7799513989333547e-05,9.898266172665122e-08,0.003524853061546645,1.5831033584024282e-05,1.3621420675239942e-05,0
0.2553824618276596,0.7351732882579448,1.8178538919457198e-05,1.0051044176537158e-07,0.00939425377900621,1.607538281327391e-05,1.5641703214913487e-05,0
0.23333308293082206,0.7499477472404762,0.0001922945668530401,1.0121655949913517e-07,0.015478581681014807,0.0010324407731329927,1.5751591141305257e-05,0
0.36452752704149044,0.5536464316037067,0.0006610463475484394,2.664384149759588e-07,0.07749387234249273,0.0036657468613537896,5.109364993006616e-06,0
0.4435909071607653,0.4228173420124658,0.00047453251762168857,2.45398268393267e-07,0.13076202537327847,0.0023502416496674478,4.7058879328123e-06,0
0.4542243271289919,0.43491629874576787,0.0005342669775150825,2.3662373327442962e-07,0.10754869944079046,0.002771633460428659,4.5376227726621015e-06,0
0.4895319290520078,0.5070601488462726,1.4796403014436287e-05,1.7790659707881673e-07,0.00335810124162246,1.7756564126534034e-05,1.7089986359076405e-05,0
0.5755437956976126,0.42329452000384943,1.2960048585144025e-05,1.5582693574306843e-07,0.0011180466139750589,1.555282953300079e-05,1.4968979509207903e-05,0
0.7210750385179411,0.2786657265183553,1.4201334742784132e-05,5.302608231583617e-08,0.00021956447686933254,1.1507451686737727e-05,1.3908674322444205e-05,0
0.7159487612088855,0.28366541549359164,3.055950209380721e-05,8.868660882306877e-08,2.1523648303846683e-05,1.806820327165081e-05,0.0003155832572445288,0
0.9331156166934874,0.06658303614356352,2.047800407022421e-05,8.723369917379524e-08,1.413198584217192e-05,9.115046112167788e-06,0.0002575348932252636,0
0.9211078653204119,0.0786132352140851,1.7736708318011748e-05,9.158636325082262e-08,1.4837123738361919e-05,9.577427091525811e-06,0.0002366566199915228,0
0.9176156854863281,0.08092563595740178,2.7156489918604267e-05,2.2115479839286087e-07,1.2951604235286428e-05,1.6134000079909053e-05,0.0014022153072382059,0
0.738142791502433,0.26009821510344616,2.6220338807476056e-05,2.0565317405537956e-07,1.487467931922118e-05,1.921248428019887e-05,0.0016984802385398656,0
0.3855939291148014,0.5839709769358069,5.4876505103535964e-05,4.209602213551549e-07,5.775817867789968e-05,3.657618113735725e-05,0.03028546212425155,1
0.8605119877801137,0.1391864876519245,1.7589275437077887e-05,1.530471972950638e-07,1.2629378364293525e-05,1.147225289273995e-05,0.00025968061407033303,0
0.7910750438880347,0.20855763795064367,2.0214503875234526e-05,1.767182615361548e-07,1.48448853572685e-05,1.569200266795699e-05,0.0003163900511598294,0
0.7701383075037747,0.2297522372665091,2.1553882533286263e-05,2.242621456189277e-07,1.2312860636789657e-05,1.697325966986332e-05,5.839096473082154e-05,0
0.7801229797905715,0.21981766783816062,2.0820125058114425e-05,2.1662760342023852e-07,1.0790798201324195e-05,1.6473495475846495e-05,1.105132492925335e-05,0
0.48776793458505135,0.5121682636511391,2.3656465704698768e-05,1.8818905079189585e-07,1.652164942473857e-05,1.852054956454997e-05,4.914910064704388e-06,0
0.32737027624679427,0.6725685093878322,2.506740671204817e-05,2.0041808270463172e-07,1.1736969503336735e-05,1.611740467548766e-05,8.092166399844934e-06,0
0.6894054556967822,0.31049259400100654,1.0275485609800443e-05,1.005593423685219e-07,7.537789784159771e-05,8.72886076033007e-06,7.467498657262035e-06,0
0.6480709469296172,0.35135286821817935,1.1215203458606782e-05,1.0975573585067527e-07,0.0005471823376062315,9.527136050444259e-06,8.150419352267787e-06,0
0.19545887989157934,0.7800831483124957,2.5111869204671215e-05,1.6936253344339933e-07,0.024411718778232512,1.654856570456194e-05,4.423220249541975e-06,0
0.17042710183785376,0.8072662226752829,2.7994908174365748e-05,1.7215931261672704e-07,0.022257622897812877,1.6389258179558124e-05,4.496263383825832e-06,0
0.19477564053417995,0.7957972332317852,2.5917553338307882e-05,1.7277419185241993e-07,0.009379594941302341,1.6928643093670548e-05,4.512322108450712e-06,0
0.1913248822099493,0.8038599191741417,2.4351199816160614e-05,1.87196837522007e-07,0.004768161857468806,1.774664423662427e-05,4.751717549668144e-06,0
0.22569173492059935,0.7690209042020958,2.2103384455375167e-05,1.809108217671053e-07,0.00524333370873421,1.715071704712278e-05,4.5921562463072076e-06,1
0.23274560671051,0.763215508667298,2.146410164106955e-05,1.7567844753450254e-07,0.003997861044753337,1.4924457260160943e-05,4.459340089813286e-06,1
0.21826613672001158,0.7755078960754866,2.4708462241545345e-05,2.0107251479710816e-07,0.006176848195978969,1.9105542471802332e-05,5.1039312948062184e-06,1
0.18114944676598266,0.8064912201724489,2.3807382739329275e-05,1.9373971036065611e-07,0.012313955319863666,1.6458820461204846e-05,4.917798793903913e-06,1
0.13516703544149294,0.8604117344525865,2.0835276496231977e-05,1.893538003064298e-07,0.004372983640288183,1.4192502408724423e-05,1.3029332926981475e-05,1
0.13131038824207752,0.8653682885336812,2.034522202584797e-05,1.8490011924579462e-07,0.003276566322510873,1.3976695343036406e-05,1.0250084242110922e-05,1
0.20306411481274525,0.7915664973789853,1.956681092997612e-05,1.6770431651278706e-07,0.0053281368481068216,1.3388558365821339e-05,8.127886550245393e-06,1
0.12700221768162617,0.8684409718440647,1.9382161147042e-05,1.8399123775078045e-07,0.004514352170548412,1.5532716303664596e-05,7.359435072359645e-06,1
0.12100532994428691,0.8748276262935395,1.9220492393770047e-05,1.8245654645425948e-07,0.00412715608483486,1.5795541586172092e-05,4.689186812312697e-06,1
0.12030523147605862,0.8735696902395447,1.9951272260095283e-05,2.1891153342044222e-07,0.006082888514112068,1.7212104720899575e-05,4.807481770202457e-06,1
0.10250780362987676,0.8879567898870466,1.9742878686002318e-05,1.587273553836231e-07,0.009492025918858544,1.8721691164526636e-05,4.757267012195116e-06,0
0.0807641235495405,0.8806572123031252,0.002516950889372175,1.8730392798140127e-07,0.03414726945440695,0.0019104105059217107,3.845993705574024e-06,1
0.10037869257698726,0.8279801902887849,0.0017639013472244467,1.770270987295397e-07,0.06738243454527452,0.0024909692395669314,3.6349750630827502e-06,1
0.06433699031604684,0.8732211471106852,0.0003292356205328224,2.0885313078795072e-07,0.0593953863955452,0.002704080838709609,1.2950865349750045e-05,4
0.08802556802199439,0.841073552342516,0.00046462023931331125,2.2511240658690037e-07,0.06462726896812655,0.005794806221732351,1.3959093910950981e-05,0
0.15459676815433868,0.8291118354689324,0.0001716866406830706,2.0659502877624003e-07,0.01571284300839746,0.0003957880451237811,1.0872087496200272e-05,0
0.15599411852430137,0.8215441249658576,0.00045140732827626123,2.0798875377896416e-07,0.021390132827220985,0.0006066728751068993,1.333549048335277e-05,0
0.2555212538309288,0.7222140207902508,0.0003336791582502479,2.2401902361722806e-07,0.020605428764990965,0.0013086846994283749,1.6708737127319297e-05,0
0.43072040243945203,0.5537873656287199,0.00019220562246915587,1.5277032165323275e-07,0.01452600071034027,0.0007576825622267044,1.619026647020223e-05,0
0.8768595087767342,0.12299978566695816,2.4897666764927758e-05,1.4865170610855023e-07,4.756834972310534e-06,8.362723459769223e-06,0.00010253967940444365,0
0.8240782648112864,0.1756705376590966,3.4365301748163044e-05,1.5284765786944241e-07,7.535687707218549e-06,1.6037015992690054e-05,0.00019310667651111453,0
0.6431898773425788,0.35638911397747747,3.7410736301242385e-05,5.962193284341344e-08,1.1546074093333127e-05,2.211109136485883e-05,0.00034988115625165237,0
0.8406807548108888,0.15900529301276894,2.0272954515278783e-05,1.838899552757951e-07,9.829914280499847e-06,1.6868648446442638e-05,0.0002667967691446201,0
0.7695527202008867,0.23011668914215572,2.1499335456312527e-05,1.7192243012388404e-07,1.031476069910069e-05,1.5371794491286585e-05,0.00028323284388079105,0
0.6920209792733698,0.3068656397862167,2.0937610947039625e-05,2.5112316179763845e-07,1.1566730247230104e-05,1.752222325451961e-05,0.0010631032528025672,0
0.7867503644392757,0.21197247569630673,2.7493882067339226e-05,1.934575946995822e-07,1.0573337197478991e-05,1.371629471287813e-05,0.0012251828928451264,0
0.7749796261984437,0.22309082767980853,2.736865851785078e-05,1.9271146030770464e-07,1.6758159216064738e-05,1.6592562914733892e-05,0.0018686340296387605,0
0.16433292997438556,0.6438621963594995,5.7361225838139964e-06,5.029683508426182e-08,2.3455593088894687e-06,4.919523205921967e-06,0.19179182216418125,1
0.46975093562203274,0.5271101978217372,3.646213961865038e-05,2.527199178404276e-07,1.3709024966637189e-05,2.374420148520644e-05,0.003064698470241861,1
0.4420974410507285,0.5535615190979345,3.5485085160097646e-05,2.4998714929437477e-07,1.5803168294239063e-05,2.6877493921312264e-05,0.004262624116812003,1
0.33391433275628724,0.6538384901586038,3.3077741486013406e-05,2.9324525455536064e-07,2.2946805222793486e-05,3.1644296946702827e-05,0.012159214996198863,1
0.8182093973836243,0.1805626924538469,2.2746347704698067e-05,1.9865987660037577e-07,1.0321998379867207e-05,1.711083291581389e-05,0.001177532323651698,0
0.8028380329534518,0.19458167916465874,2.0963069997244284e-05,1.6672756107471623e-07,8.483238584467847e-06,1.3202570594712743e-05,0.0025374722751519995,0
0.8041010752033496,0.18737234879654963,2.169684232922148e-05,1.7256354174504492e-07,9.64387730310585e-06,1.4169041966680371e-05,0.008480893674960027,0
0.7168193488218099,0.28238654486460857,3.84298023061983e-05,2.3809808898117323e-07,1.3059664506294958e-05,1.4959186751177128e-05,0.0007274195619289286,0
0.7215154815163537,0.27782767839783956,3.1731501592372724e-05,2.1286673166442135e-07,1.0473166498098624e-05,1.5585577136904494e-05,0.0005988369738478661,0
0.7144730159054901,0.28472943897314845,2.62748430022055e-05,2.1703596987241369e-07,1.700900042567516e-05,1.4900029561386951e-05,0.0007391442124023941,0
0.7635511787942139,0.23570145408391893,2.0977489277646006e-05,1.8662613867096438e-07,1.4712617541550236e-05,1.2502095165640206e-05,0.000698988293743887,0
0.7493641253816908,0.2494055955083571,2.010773375722651e-05,1.7888836260943083e-07,1.333864816798923e-05,1.1661021903611424e-05,0.001184992817760745,0
0.15000957893984943,0.8497637866806491,3.007294736537625e-05,7.545472507655593e-284,6.361774466838908e-06,1.0501436726191352e-05,0.00017969822094303546,1
0.17891677673842935,0.8198334050938718,2.7006760854569712e-05,2.1733857031459742e-08,1.5639279423131423e-05,1.4828990172347948e-05,0.0011923214033918556,1
0.19098516452752515,0.8068903489633499,2.8828434980729556e-05,1.0300004603610746e-07,1.669418825986006e-05,1.582924295569771e-05,0.0020630316428827135,1
0.22130052450975624,0.7761341886172758,3.340441545715659e-05,1.193493969477117e-07,2.038473586894313e-05,1.7880474911058645e-05,0.0024934978973337693,1
0.41536332869475023,0.5816049864366043,3.828040567923305e-05,3.2998902842283046e-07,2.529077851150489e-05,2.2730153032025333e-05,0.0029450535423942324,1
0.2842606049881719,0.7133232953857979,3.444698766273746e-05,3.2888568203243864e-07,2.5491772596894234e-05,2.2654152831591997e-05,0.0023331778272571726,1
0.36229198297979676,0.6357394750828387,2.8727720457536906e-05,3.198065695983378e-07,2.0645658687188977e-05,1.918019536185501e-05,0.001899668556288346,1
0.6271964274621651,0.37140955037502627,0.00013875251770060915,2.357255878271847e-07,1.2488176754680214e-05,2.2159249159223194e-05,0.0012203864936062095,1
0.6640852301131249,0.33399457836482427,4.284395263118156e-05,2.6079442102005995e-07,2.494918925722354e-05,2.6355905362765617e-05,0.0018257816803787404,1
0.7942417385358312,0.20564452175762962,2.0329838092653556e-05,1.9393100213410588e-07,1.5352346768459462e-05,2.1918589745330803e-05,5.594500093089024e-05,1
0.816403602158722,0.1835159844385109,2.058052129121205e-05,1.983435601618971e-07,1.600561308120429e-05,2.1679365465521283e-05,2.1949559368878544e-05,1
0.8054480844751178,0.194287112114628,1.9662080966850316e-05,1.8767293182938626e-07,1.3942630199894813e-05,1.8306368635538216e-05,0.00021270465751980125,1
0.6815109057400308,0.3182373436172569,1.726757045356909e-05,2.0970142563624698e-07,1.5283240766101262e-05,1.7359498187131082e-05,0.00020163063187991848,1
0.7862481507057151,0.21325155540411414,2.8122291727151726e-05,9.612717947113922e-08,3.961843398329313e-05,1.4976008374928086e-05,0.0004174810289060841,1
0.8588925215418977,0.14104891197753425,1.4215987894174661e-05,5.269516412244099e-08,9.144137998787898e-06,7.386124283103704e-06,2.7767535227848434e-05,0
0.8501231777176597,0.14981677043344027,2.0094173587193747e-05,1.0987333017143383e-07,8.068825025666355e-06,8.353453243450293e-06,2.342552371381966e-05,0
0.7961179645984239,0.20383486650960245,1.6693173435357714e-05,1.041250002076333e-07,9.961156918454218e-06,7.491043044371627e-06,1.2919393575368752e-05,0
0.588013642500059,0.40065978269992275,2.540785854120632e-05,2.892812735621061e-07,0.011275352344836965,1.610489970362862e-05,9.420415662827728e-06,0
0.09972787099372199,0.9001948790108882,3.8276968071707836e-05,3.375146975804451e-07,1.4561461008157369e-05,1.1624340002704448e-05,1.2449711609648596e-05,1
0.567260155444553,0.43264091740104027,4.191625156432772e-05,2.5381233261485927e-07,2.0699412710342873e-05,2.0707704690258552e-05,1.534997310930218e-05,0
0.58703323261519,0.4128729679128215,4.2069726019838514e-05,1.1130319823060924e-07,1.9483844556472527e-05,1.7791209088085214e-05,1.4343389125619288e-05,0
0.43095916087353353,0.5688850165171908,3.956895272545372e-05,8.102241514769268e-08,1.4576238268752209e-05,1.1933646014578717e-05,8.966274985167932e-05,1
0.3939672153847844,0.605805548171131,4.891507488652237e-05,1.0015977758963667e-07,2.0450466139516718e-05,1.4752353758831355e-05,0.0001430183895222046,1
0.8429490078227737,0.15631513153751053,2.88492029278776e-05,1.267969541696626e-07,2.8981462535929587e-05,7.060212222640698e-06,0.0006708429650749976,0
0.8861668647280128,0.11273498121639088,3.5401938658335136e-05,1.718722268931801e-07,4.123049065519244e-05,9.569668321366684e-06,0.0010117800857344817,0
0.05599287814095408,0.00039706539156166015,2.2466513733877286e-06,1.8090825842169364e-08,1.5326708341114933e-06,1.2010244160550219e-06,0.9436050580300349,6
0.019450001982853345,0.0005553330346000294,7.121372414839148e-07,5.879685637891611e-09,3.454578811732138e-07,3.897863498248841e-07,0.9799932117213885,6
0.12206784224823647,0.0027033379342397395,5.070062510665629e-06,2.9427215077283036e-08,1.9570599233562416e-06,1.9812462943028645e-06,0.8752197820215804,6
0.07276409896387087,0.0033363237695486414,3.60312117938705e-06,3.128172239633399e-08,2.227654617536284e-06,2.4474461284718407e-06,0.9238912677629326,6
0.9122180394100731,0.08605719016484245,1.2798880727293987e-05,9.230620108825062e-08,4.762761432120627e-06,8.518555522676619e-06,0.0016985979212012245,0
0.9107225521109992,0.08872366612427612,1.2704481683280587e-05,8.754592679819146e-08,3.6113930116668796e-06,8.22225286933671e-06,0.0005291560912336866,0
0.8508553583407962,0.14902316187734127,1.1082046821783152e-05,8.702238880235397e-08,3.6939975509772184e-06,8.468287113577593e-06,9.814842798742975e-05,0
0.839210025235704,0.1606702101019812,1.0977786982116984e-05,8.620368261478719e-08,3.6592444409619214e-06,8.388617511841818e-06,9.665280969724242e-05,0
0.2831596369890505,0.7128443332579888,2.997237092705536e-05,2.2798765940644158e-07,1.431400284617406e-05,1.836105008887189e-05,0.003933154341439046,0
0.3295738931056932,0.6651881450845963,3.901489025723708e-05,2.896213072041776e-07,2.3342029425257954e-05,2.6087375960043804e-05,0.005149227892760866,0
0.31374203249630045,0.6821397293444484,4.562301354784541e-05,2.790722284609422e-07,2.6359235705961174e-05,2.4480006165921804e-05,0.0040214968316028814,0
0.6118605351429721,0.3863874581552325,2.1915125399675435e-05,1.565755061686221e-07,8.984819511509535e-06,1.4103396379864431e-05,0.0017068467849981053,0
0.5647657987343392,0.43470006333313005,2.2706770898865386e-05,1.727280491320116e-07,1.2025509030860654e-05,1.7551021998882783e-05,0.00048168190255307484,0
0.7751934441360961,0.22436864634849388,1.70071072595664e-05,1.4188117246572745e-07,8.229627897509088e-06,1.1326772417617997e-05,0.0004012041266626522,0
0.8235794414646432,0.17635785420691533,1.3944405050388193e-05,1.3442844764252994e-07,7.123508067853127e-06,1.1593718238997391e-05,2.990826863676697e-05,0
0.8925903370027691,0.10738437643822893,1.0537965917986392e-05,9.291356625485622e-08,4.214949879440489e-06,8.167689831471425e-06,2.2730398072559117e-06,0
0.8758993388746305,0.12407685995503032,1.0439850624598299e-05,8.544763628551977e-08,3.884897217133788e-06,7.159349557492747e-06,2.231625303479057e-06,0
0.6454133639008144,0.35453248586376085,1.6320153953487653e-05,1.60735019983121e-07,9.845509806819281e-06,1.4187306294143638e-05,1.3636530350443412e-05,0
0.33862601918940105,0.6570757639719057,1.739160213369835e-05,9.671427387938614e-08,0.004251304262233563,1.3906946927484451e-05,1.5517313124666052e-05,0
0.22011563406241458,0.7698206711471995,2.1352120510848555e-05,1.0524731648026344e-07,0.010010178776957916,1.567977729964644e-05,1.6378868301000028e-05,0
0.2744697909576285,0.6788409345812051,0.0004992764558931687,2.482951641401902e-07,0.04444427361612986,0.001738774621066751,6.701472912426503e-06,0
0.453502534836431,0.47218400057793475,0.000570925745585617,2.568998709209532e-07,0.0711318035484191,0.002605551942968126,4.926448790463922e-06,0
0.4682726822297278,0.45020909418290733,0.0005566524530330042,2.465381300294201e-07,0.0762719773948475,0.00468461945482741,4.727746526818563e-06,0
0.529810456978594,0.46840058132349094,1.4341065155312991e-05,1.7243177938435797e-07,0.0017387865108593,1.909762332456935e-05,1.65640667964911e-05,0
0.6639645373110746,0.33569483688508894,1.649686592602637e-05,1.312535505762149e-07,0.0002980217243091385,1.3367538408514501e-05,1.2608421642363843e-05,0
0.7110286281103358,0.28891510756475464,1.4108990576871691e-05,5.268128026506083e-08,1.9886640797338462e-05,1.143262449288333e-05,1.0783387762198158e-05,0
0.7476816874251495,0.2522488596169425,1.9535191575769766e-05,6.147912465780271e-08,2.251235821971667e-145,1.4508103436682146e-05,3.534818377088605e-05,0
0.5552562825728846,0.44460562343321824,3.077283874150197e-05,9.684507990235627e-08,3.1811696556606595e-05,1.973033598596549e-05,5.568227753321078e-05,0
0.578191685029839,0.421278717143563,2.4945145924688148e-05,1.0557049645848302e-07,2.981325337606125e-05,2.107351303228122e-05,0.00045366034376842376,0
0.8916931346280248,0.10789021817105167,1.8211220083061617e-05,6.777714943726498e-08,1.9140360205419646e-05,1.352882013626774e-05,0.00036569902334929877,0
0.92609893171015,0.07356710902664189,1.9443261709286885e-05,8.69766591789533e-08,1.4090344990042758e-05,9.088188012283863e-06,0.0002912504918375152,0
0.9407415748547643,0.05896350175510941,1.9250503339723187e-05,8.611438209478376e-08,1.395065485124401e-05,9.244057807937633e-06,0.00025239205974516817,0
0.9253105600724313,0.07372404243483874,1.9387032412041237e-05,1.0415934546137135e-07,6.464565468282672e-06,9.843195995033246e-06,0.000929598539509524,0
0.9288758605132535,0.06993563811677159,1.715022895802397e-05,1.1159048357308972e-07,6.92577304033745e-06,1.0923412021877049e-05,0.0011533903654711475,0
0.9454127040685503,0.05338242333775104,2.036806497091601e-05,1.3628377882907934e-07,9.714035846774971e-06,1.2117636187378348e-05,0.001162536572914982,0
0.7476875973588982,0.2504705860342173,2.6559389796375774e-05,2.083124422115165e-07,1.5067021407924863e-05,1.946091782799744e-05,0.0017805209654098565,0
0.712396666936803,0.27624019005321065,3.908158631281696e-05,2.408313136409464e-07,3.277760984019191e-05,2.2856447163198108e-05,0.011268186535356474,0
0.5719237453311851,0.41499456719943584,3.723932338569551e-05,2.4607228045076964e-07,3.6105473371205685e-05,2.147923929859955e-05,0.01298661736104303,0
0.48492758488361115,0.5022502106112763,5.840090128871635e-05,4.959691597457187e-07,6.754952438814437e-05,3.594415958512381e-05,0.012659813950690851,1
0.8741400987272945,0.12475087589891468,1.8286858243034167e-05,1.5911698076708676e-07,1.2681574279093285e-05,1.19272373173222e-05,0.0010659705869707585,0
0.8207582203551522,0.17896171689961082,1.6740774863593715e-05,1.3681236851893252e-07,1.2011145069951556e-05,1.1924985532659934e-05,0.00023924902740198284,0
0.7806183378643512,0.2193233569186449,2.0773306186532704e-05,2.2030514154332798e-07,1.0580641473250686e-05,1.570449073600664e-05,1.1026473466487092e-05,0
0.5764127162739104,0.4235170298021867,2.577203252418348e-05,2.0598427806896582e-07,1.8083942795517165e-05,2.0271859682808986e-05,5.920104622313385e-06,0
0.5072857830758357,0.49264784684662205,2.4608746991435368e-05,1.9576452354741614e-07,1.718672161978228e-05,1.926608666170373e-05,5.112757745716253e-06,0
0.4588217508041256,0.5411141200551631,2.390721697503849e-05,1.9037179757021894e-07,1.6397329065378305e-05,1.875629600374417e-05,4.87792686951853e-06,0
0.4588217508041256,0.5411141200551631,2.390721697503849e-05,1.9037179757021894e-07,1.6397329065378305e-05,1.875629600374417e-05,4.87792686951853e-06,0
0.4544091710118803,0.5455273165900758,2.367729652700395e-05,1.8854095422964166e-07,1.623963269907946e-05,1.8575912984459576e-05,4.831014879198184e-06,0
0.457120152383868,0.5428150407925255,2.2115727958700644e-05,1.8636557033250857e-07,2.2077134073603618e-05,1.5592731230983803e-05,4.834864772775314e-06,0
0.7594776082465359,0.24047994187375674,1.6417111999509438e-05,1.6525187960598703e-07,8.904137005705803e-06,1.2676264577727437e-05,4.287114244956253e-06,0
0.6720007535041939,0.3279442827190985,1.9113811710771502e-05,1.401081997092059e-07,9.730174919429647e-06,1.666919702938047e-05,9.310484848303371e-06,0
0.81096622405471,0.1889825223378621,1.3207259936491801e-05,1.2349600309095143e-07,6.568334924052162e-06,1.1398418527046114e-05,1.9956098037398115e-05,0
0.8042565588156726,0.195698650262461,1.1541926072504926e-05,1.0792410725462108e-07,5.740118425578576e-06,9.961165647927915e-06,1.7439787613091524e-05,0
0.711474019604915,0.2884844709239004,1.3374176580206369e-05,1.2505677636619756e-07,6.988208625272702e-06,1.173536038028441e-05,9.286668822611793e-06,0
0.6516528620149444,0.3482981577972192,1.4817998702345844e-05,1.1130461498613419e-07,9.593325938077324e-06,1.3608141699820183e-05,1.0849416881283152e-05,0
0.6883960104653195,0.31155554197036994,1.2216230728956302e-05,8.663921347907551e-08,7.491539172671488e-06,1.110336926904408e-05,1.7549785926484534e-05,0
0.7095393093085053,0.29041626732600573,1.0428290135931555e-05,1.0205473861957834e-07,1.2394787500238963e-05,6.917265187102144e-06,1.458096792684074e-05,0
0.5521754812318763,0.44693553293446237,1.2937755234142638e-05,9.895597041527439e-08,0.0008632702208002139,9.30912476546903e-06,3.3697768909595275e-06,0
0.5441108626740846,0.45497060939307876,1.1792353053774817e-05,1.1751139840527604e-07,0.0008951220835098543,8.484971609785148e-06,3.011013264947308e-06,0
0.4251758085043488,0.5734156939026803,1.880562792712297e-05,2.3236727553431632e-07,0.0013649167954196012,1.9357927339548987e-05,5.184875009058194e-06,0
0.17551996419614566,0.8212207947777403,2.300508028639838e-05,1.785891111119933e-07,0.003215480726772807,1.5293299283397744e-05,5.283330660343866e-06,0
0.18534169376727666,0.8090942892145153,2.6063502904897055e-05,1.8828370809291175e-07,0.005514145514101642,1.8049584568824647e-05,5.5701329247710836e-06,0
0.17756662128163203,0.8075164486299397,2.8198007529021125e-05,1.8436413287176228e-07,0.014864974060837375,1.8014385498151352e-05,5.5592704308598765e-06,0
0.18901163844608937,0.8043149414221016,2.5247383332376896e-05,1.6830663738587563e-07,0.0066278132605624585,1.579553773376126e-05,4.395643543359723e-06,0
0.2341817884433082,0.7586998773302036,2.266708822553833e-05,1.7425043791218462e-07,0.007072771307487867,1.8170703293419714e-05,4.550877043430118e-06,0
0.2408103482313739,0.7540930412705632,2.1674324215699162e-05,1.773990681393254e-07,0.005053437963656385,1.6817795598748644e-05,4.503015523824272e-06,1
0.24095438701663674,0.7550499399958459,2.1234459300301046e-05,1.7379888087063589e-07,0.003955088317353104,1.4764781940073704e-05,4.4116300428878605e-06,1
0.24280708570852616,0.7510574109962106,2.3929445173600553e-05,1.9473302999266118e-07,0.006087932928077308,1.8503176224466523e-05,4.943012757934013e-06,1
0.20604572109764518,0.7851928143733073,2.4458892685776294e-05,1.954718987447248e-07,0.008715447629745353,1.640076685838268e-05,4.96176785904874e-06,1
0.18207412930490138,0.8093307844517575,0.00010555132680099472,1.7985120731722355e-07,0.00835240640246084,0.00013032611864907467,6.622544222756718e-06,1
0.14263594177593783,0.8534261817617458,1.9193162461113234e-05,1.878164654511665e-07,0.0038843862056189412,1.4077275629008191e-05,2.003200214201391e-05,1
0.1435712917704021,0.85379202987085,2.085088141280923e-05,1.894956198910128e-07,0.00258870450324237,1.3894387016754413e-05,1.3039091456148083e-05,1
0.13693031048225118,0.8607695747817601,1.8854913808784002e-05,2.0869497385581531e-07,0.0022603580884752797,1.3336551935580262e-05,7.3564867952102245e-06,1
0.1673931210449304,0.8282374826155776,1.960644174631037e-05,1.8612029161375338e-07,0.004327091872174068,1.5067310534462892e-05,7.444594745513912e-06,1
0.08378742353882765,0.9062983680252346,2.8830381055296536e-05,1.5388788213616306e-07,0.009862461063943163,1.8150881405119007e-05,4.612221651986728e-06,0
0.07723617460082884,0.9153216411142633,2.637304138890395e-05,2.1406544887874846e-08,0.007392575142959332,1.8509029391164875e-05,4.705664623571386e-06,1
0.08655458729171811,0.8847477227558707,0.002082546695744212,1.900936943459237e-07,0.024896648178702747,0.0017144017070681709,3.903277201940639e-06,1
0.09610505211984127,0.6721715061873519,0.00025580039527119065,1.551427483209489e-07,0.22970477589323282,0.0017595246474570332,3.185614097570195e-06,1
0.15547380983448827,0.8308452545590331,0.00033748019589370965,1.6621296953141013e-07,0.010669959027277898,0.002659170651727358,1.4159518610086332e-05,1
0.25157663205595543,0.7314148851202648,0.00029607182926897913,2.179351219104513e-07,0.0158151712612168,0.000883048582354289,1.3973215817782778e-05,0
0.33729303988743464,0.646571940647133,0.00029705048420906427,2.0055608264649508e-07,0.014822592098112907,0.0009889014151666807,2.627491186110876e-05,0
0.8135813353031716,0.18605649666711824,2.2469499625564924e-05,3.383141176485258e-49,1.5078507987109802e-05,1.8772209855346383e-05,0.0003058478122423548,0
0.6974788069142135,0.3019631893615041,1.9924635082643566e-05,2.137909932717491e-07,1.1381941485436604e-05,1.9286603122173733e-05,0.0005071967535987201,0
0.7505286454276884,0.24647264929381857,2.6877290337760585e-05,1.5977030325493738e-50,1.583868156400047e-05,1.577465867245458e-05,0.0029402146479188527,0
0.7683144332909916,0.22902036640837134,2.8598890570832414e-05,1.9798140137299808e-07,1.7346120821863907e-05,1.964977052036139e-05,0.0025994075373228006,0
0.7235691746924665,0.2746313984052395,2.621913610249239e-05,1.8448798874840143e-07,1.1638937597238829e-05,1.8310541381810434e-05,0.0017430737992236915,0
0.35405491679561274,0.6247405656816399,3.233052279907045e-05,2.866209106849134e-07,1.611467729613053e-05,3.4828979410617914e-05,0.021120956722330907,1
0.5646832704676596,0.4244686864375992,2.2781633083656032e-05,2.1380056377215645e-07,1.1120063172096806e-05,2.2839061165670544e-05,0.010791088536755724,0
0.767479603819575,0.23129814889528433,2.094208886992404e-05,1.66560689896632e-07,8.960033136294744e-06,1.3189356651590932e-05,0.0011789892457928386,0
0.7514307108091839,0.24798200182299218,3.5879508616054424e-05,2.111104697025076e-07,1.1538147083597574e-05,1.6617136919969913e-05,0.0005230414647346196,0
0.5601498355700233,0.42760523745007084,2.4554285607537717e-05,2.184470910750012e-07,1.8157898044760615e-05,1.4239698304843764e-05,0.012187756650857782,0
0.23903981311850142,0.7608012110940661,2.4698190546073718e-05,2.192094078586169e-07,1.1824844792080634e-05,1.915500686586869e-05,0.00010307853582059282,1
0.1857710337156388,0.8137464826675815,3.09363313844666e-05,1.480439677666461e-07,7.974203904783763e-06,8.252316890785329e-06,0.0004351727206319542,1
0.1671556799086177,0.8325647200998021,3.0063270788536908e-05,6.52594847341343e-284,6.359727437702888e-06,8.019098747635005e-06,0.00023515789460613475,1
0.13529183173206472,0.8643746864712653,2.2566144765838562e-05,5.393360107410212e-08,5.292005918412578e-06,9.774975219437333e-06,0.0002957947371656528,1
0.1826875211470634,0.8168662837794712,2.8584189797114853e-05,1.3578093804605925e-07,8.126782703496352e-06,1.203209517684433e-05,0.0003973162248498767,1
0.24820864158363137,0.7495058764938506,3.007817426819289e-05,2.8717404712824864e-07,2.2659274042943128e-05,1.978099111127762e-05,0.0022126763090484893,1
0.6388958479431979,0.35916251583006753,5.121150781965348e-05,2.482602442509686e-07,2.3750093252131082e-05,2.378579355833716e-05,0.0018426405718602798,1
0.669171874599622,0.3299744371151609,2.737180559848401e-05,2.4694845213667826e-07,2.1430886335520667e-05,2.4742888431932627e-05,0.0007798957563988497,1
0.6081773708809101,0.3914577099550831,2.528510720353941e-05,2.4569427490528977e-07,2.0809685109355847e-05,2.2378927935689047e-05,0.0002961997494831701,1
0.7868380247574206,0.21241438839530286,1.9841573375204793e-05,1.883859530894415e-07,1.4913378708453595e-05,2.0293982881546196e-05,0.0006923495263582216,1
0.6491774368870901,0.3502894757503422,4.0158792729421525e-05,2.3148150803582168e-07,1.772410985913499e-05,2.1021171487374317e-05,0.00045395180698381974,1
0.5288387460702454,0.47052031280959805,2.797566053929051e-05,2.0227034251943186e-07,1.5657085537277168e-05,1.887057806710536e-05,0.0005782355256702561,1
0.7178037838817014,0.2814472373399231,2.6487698472543843e-05,2.3769949805365932e-07,2.1461871912667273e-05,2.2175900226709797e-05,0.0006786156082653669,1
0.7199687056411421,0.27940127005640575,2.6682514611226082e-05,2.394477699326043e-07,1.949479216439045e-05,1.9537797221875405e-05,0.000564069750684708,1
0.6960131172956561,0.3033601267149482,2.8951554436455376e-05,2.335540290726219e-07,2.058555019712951e-05,1.6892051911262212e-05,0.0005600932788217868,1
0.8395913310504792,0.16035399954039828,1.9038636308754978e-05,6.374516250550839e-08,7.57321865272683e-06,8.142029685091419e-06,1.9851779313482243e-05,0
0.8379748821548018,0.16196343703168922,2.0633954692868943e-05,1.179003750342252e-07,8.5828682028408e-06,8.815305489248838e-06,2.3530784749251336e-05,0
0.7116743529438693,0.2881002032114235,2.3928881001552298e-05,1.5482833444824807e-07,0.00017036800634282308,1.1781678268721053e-05,1.9210450759827234e-05,0
0.03469347184878187,0.0004197008697457626,2.415199484555916e-06,2.789009139704207e-08,1.7515287287713303e-06,1.4418380880173468e-06,0.9648811908250795,6
0.05581111390296912,0.0014040405413454765,1.4352379917196554e-06,1.3177612383073288e-08,8.726127308586964e-07,7.87213904318932e-07,0.9427817373134462,6
0.05884922514455481,0.0028142902718638445,1.6244653234751433e-06,1.4914999802123788e-08,1.0628316300718277e-06,9.116218015871718e-07,0.9383328707498263,6
0.06827803529924889,0.001505189301446088,1.2815933713845772e-06,1.6702938217607162e-08,9.551697562757564e-07,8.247458896960498e-07,0.9302136971873494,6
0.03910300906745426,0.00047404949189141864,9.67351401726125e-07,1.0043825100917217e-08,5.410694839482205e-07,6.138900472543634e-07,0.9604208090858962,6
0.04137695857994387,0.0022411539882540832,1.8069876143877069e-06,1.4620275169319123e-08,8.590066872985837e-07,9.843393581359622e-07,0.9563782224778671,6
0.08653727233630558,0.0021119832124578,3.509983472765764e-06,2.512362092805574e-08,1.2916226388117343e-06,1.430481972506603e-06,0.9113444872395317,6
0.732523359903618,0.0424068881557157,3.92131106838315e-05,2.929868713914886e-07,2.572214671795133e-05,2.3817158006690928e-05,0.22498070653838648,0
0.9254240390982078,0.07295411699060794,1.1331893524191672e-05,8.802149630684314e-08,5.055701178145858e-06,7.384884454375217e-06,0.0015979834105313447,0
0.9173382825609903,0.08109558454125851,1.303938872781305e-05,9.404075743987776e-08,5.318031049796577e-06,8.678630516711096e-06,0.001539002806699647,0
0.9191835572968188,0.07940244737908314,1.2767148583642451e-05,9.207734719897157e-08,5.096581700095285e-06,8.624890929912628e-06,0.0013874146255372843,0
0.9198230870073307,0.07880889183919225,1.2038357534048104e-05,9.187915223519878e-08,4.740726814912176e-06,8.60632599513336e-06,0.0013425438639807735,0
0.8283988025382059,0.16732970295217023,2.789159934910484e-05,1.5230725046046783e-07,6.822791477427917e-06,1.2007595531892752e-05,0.004224620216014859,0
0.7688118336821962,0.22712915369750258,3.163998977102423e-05,1.66964121458298e-07,1.0024060655147643e-05,1.8982152337379567e-05,0.00399819945341609,0
0.3213958821301009,0.6722500772990351,3.9168760586659364e-05,2.2915104258886888e-07,1.535212271310783e-05,2.2060123896091387e-05,0.006277230412625391,0
0.3145395445440692,0.6813091708643303,4.078104442336856e-05,2.6229948731519076e-07,1.9041190236886495e-05,2.5658154052429657e-05,0.004065541903400632,0
0.3357555473891004,0.6597408607502933,4.6647086264070644e-05,3.0002926567525467e-07,2.1780120056014404e-05,2.6318341721756677e-05,0.004408546283298744,0
0.6556730580669635,0.3418092926580866,2.2613412554441677e-05,1.3888569483144867e-07,8.858271847690945e-06,1.200618471513885e-05,0.002474032520137859,0
0.645031722718577,0.3532507777012531,1.8924665786890738e-05,1.3663163049921532e-07,8.714505316218144e-06,1.1985223952690288e-05,0.0016777385534836049,0
0.7017874180651114,0.2977863332417007,1.7891395567333573e-05,1.3609798884917918e-07,7.71990603607202e-06,1.2531305864432178e-05,0.0003879699877312003,0
0.7964217626321057,0.2031811185878234,1.5602556901031184e-05,1.3016376229039964e-07,6.835712497559366e-06,1.067544850052385e-05,0.00036387489840935286,0
0.8011262888423543,0.1985657924275832,1.5745123712933943e-05,1.3135312072265665e-07,6.657369551251906e-06,1.0797553388480556e-05,0.0002745873302892845,0
0.8342559869127998,0.16568460370744284,1.4071973907492653e-05,1.2646370772460978e-07,6.167903036611699e-06,1.0906802990962887e-05,2.8136236114896403e-05,0
0.8793571956002573,0.12060482633418784,1.219529696630953e-05,8.391536964916323e-08,5.228799902236343e-06,8.987169374373742e-06,1.1482883942366151e-05,0
0.8851349393029098,0.11483976487327774,1.1250459599928987e-05,9.208227344504313e-08,3.80312825635961e-06,7.715241899013366e-06,2.434911783793269e-06,0
0.8967615335361682,0.10321661434440178,9.71885274993873e-06,7.954644417349991e-08,3.285380760171219e-06,6.664909933736559e-06,2.103429542196374e-06,0
0.830314493433336,0.16964883117511392,1.2913376691970583e-05,1.0569284508664759e-07,4.451229898063363e-06,1.0238261551159634e-05,8.966830563744818e-06,0
0.3240268757293337,0.6681253454485658,1.7829787790046378e-05,9.839214793141098e-08,0.007797409640685981,1.6662744599196724e-05,1.5778256877382484e-05,0
0.19067006182330923,0.7783905771729844,0.0002585034081847597,1.9696321175669253e-07,0.03016907756637886,0.0004935643972361287,1.8018668695080427e-05,0
0.3166502117999566,0.6089707777115749,0.0008131519421353038,2.3842386038962347e-07,0.07141756648912682,0.00214313555051076,4.918082835258583e-06,0
0.40747422451311166,0.4976314143077861,0.0007667476780857577,2.707449764189568e-07,0.09057727272046823,0.003544878085662118,5.191949909596334e-06,0
0.5803130375524509,0.41901509633351214,1.9289682378260852e-05,1.5347395759820123e-07,0.0006223620262938299,1.5317982663892514e-05,1.4742948743293302e-05,0
0.6398252739995071,0.3600748343294414,2.7310252995540825e-05,7.925697600830325e-08,2.1152242648137677e-05,1.61470956237745e-05,3.5202822808005716e-05,0
0.6286044187428782,0.37074779432430677,2.9871795962040747e-05,1.107995667546868e-07,3.0220727590932584e-05,2.2116412717947437e-05,0.0005654671969771678,0
0.9096359011260877,0.08996812839682906,1.4273096579721641e-05,1.1080546200347298e-07,1.5175901340035377e-05,1.0603252035498396e-05,0.0003558074216658655,0
0.9266641833307796,0.07280559072472764,1.454028734933995e-05,1.1287972784377305e-07,1.5459992513667348e-05,1.0801743726211595e-05,0.0004893110411756999,0
0.9283845536202857,0.07128288233388799,1.744131454197104e-05,8.427607179456702e-08,1.3652845915222348e-05,8.806003732908312e-06,0.00029257960556425586,0
0.9460825196969022,0.0528258459251253,1.8980534770675385e-05,1.6571092790890348e-07,9.704615822649411e-06,1.2105885311940953e-05,0.0010506776311393485,0
0.41831888143556495,0.5508411328670527,7.15143095961688e-05,5.10227971101939e-07,7.00062305804067e-05,4.433243272320003e-05,0.030653622496511393,1
0.42535600753362857,0.5386715492512454,6.141422599860609e-05,5.275090453324806e-07,6.809996221459813e-05,4.166842530336713e-05,0.03580073309256424,1
0.9027679520296702,0.09577780000970668,1.82017378182499e-05,1.546436376159252e-07,1.3420413011635571e-05,1.3551030490892474e-05,0.0014089201356647007,0
0.8670446216873634,0.1329215769038172,1.275441930168459e-05,1.3526321348800066e-07,6.679309537917295e-06,1.068664789827725e-05,3.5457688678403264e-06,0
0.6023336147634776,0.3975894997908838,3.1826440876873925e-05,2.3471440404456847e-07,1.8032529383308646e-05,1.968796293180932e-05,7.103798042593348e-06,0
0.5710233855402951,0.4289062886524461,2.905582493074469e-05,2.1044261276273016e-07,1.7466993806907636e-05,1.710716122248773e-05,6.485384685880495e-06,0
0.6007308127097455,0.3992040744669973,2.4490841984876976e-05,1.9032645939890842e-07,1.6688161502599163e-05,1.837681050410008e-05,5.366682806163995e-06,0
0.48385135228306725,0.5160842552676802,2.3874123637721028e-05,1.935799968463553e-07,1.6673661483885375e-05,1.8690953063829055e-05,4.960131070201477e-06,0
0.765591789690713,0.23436987250308533,1.4269320982671327e-05,1.357257025351212e-07,8.194911987896463e-06,1.226012625012403e-05,3.477721278731663e-06,0
0.8028312553865322,0.19713006941341296,1.4896633932754085e-05,1.3827369441183805e-07,7.450492679803061e-06,1.0606801802699664e-05,5.582997945105294e-06,0
0.8194950445589588,0.1804605639560446,1.2931292942642702e-05,9.280805624838643e-08,6.785089073529609e-06,8.888531287606976e-06,1.569376363670824e-05,0
0.7072714976365868,0.29199167325341774,1.0333296710401292e-05,1.011251011539246e-07,0.0007046811152262465,8.548484433043638e-06,1.3165088524559243e-05,0
0.5634246606009851,0.4357301395061298,1.2101473817137096e-05,9.25595718389855e-08,0.0008215489462187765,8.343802980673737e-06,3.1131102967727884e-06,0
0.21765633386316097,0.773018831591297,2.6398952954821137e-05,1.6300350115828572e-07,0.009279050148876469,1.4965298016148073e-05,4.25714219320252e-06,0
0.25745223776590415,0.7338922228600449,2.5877697159774835e-05,1.5978494473534716e-07,0.008610659004985725,1.466980340585568e-05,4.173083554879227e-06,0
0.28858604999454623,0.7064604776714216,2.0453952856268842e-05,1.6741062560278484e-07,0.0049143794181973005,1.4222078813708037e-05,4.249473539231974e-06,1
0.15278200289941612,0.8434020991258143,1.9006118277115523e-05,2.003124429075222e-07,0.0037616773796851173,1.3649374670543455e-05,2.1364789693792e-05,1
0.14052875587167,0.8570802909382768,2.75496043687795e-05,1.9045417528577972e-07,0.002340693889777409,1.563456795356408e-05,6.884673778520415e-06,1
0.11604651405645826,0.8799300621201627,1.9497079110406177e-05,1.8508213252555638e-07,0.003981355325856821,1.4983266687172451e-05,7.403069591937226e-06,1
0.1226545514798226,0.8731120188136245,2.180823955465125e-05,1.909050091583683e-07,0.004188887523605203,1.6467150088034696e-05,6.075888295985663e-06,1
0.07332590698411283,0.912483065307839,0.00047239793307149653,6.060209585652704e-08,0.01312605951606053,0.0005878654066313179,4.644250188920685e-06,1
0.10018558897574391,0.8644272787269155,0.0019572317254283648,1.8839119886085588e-07,0.03071025369254792,0.002715590169049814,3.868319115423685e-06,1
0.15493593879196932,0.8323627047022508,0.00032436274101119926,1.4067653293589063e-07,0.007103361732987084,0.0052615072604351035,1.1984094813562333e-05,1
0.10443687926987949,0.8827280895356289,0.00032615480966563396,1.7659227906209406e-07,0.011393603031886492,0.001100053038929187,1.5043721731382428e-05,1
0.33314252530582733,0.6578845676271683,0.00014912301346567508,2.013234865377332e-07,0.008351416954163108,0.0004495495744023516,2.2616201486608656e-05,0
0.4508964189910659,0.535016307673529,0.00019894083149643325,1.7737169022316668e-07,0.013104977538204722,0.0007580890609073257,2.50885331062893e-05,0
0.765910397918779,0.23357353102752043,3.298685620388108e-05,1.541948281395583e-07,1.3483562554916632e-05,1.3070682792613383e-05,0.00045637575732113085,0
0.8119699158684099,0.1876579592785809,2.030241481866716e-05,2.0123583124122716e-07,9.594420922952931e-06,1.80477356423072e-05,0.0003239790457939645,0
0.7057859468585945,0.28974273308234516,2.5329619422637495e-05,2.820726207722889e-07,1.2051434585469186e-05,1.96102456328956e-05,0.004414046686798703,0
0.7709131990354698,0.22680253446833343,2.793468654508346e-05,1.9655926560179747e-07,1.2493898327700561e-05,1.811246917410788e-05,0.002225528882884307,0
0.7747940729070111,0.22371520085334204,3.282060091530663e-05,1.9051760826181624e-07,1.157750048197425e-05,1.694882998709864e-05,0.0014291887906542594,0
0.7490342155902913,0.24939000964000652,2.9602823951785112e-05,1.910238174669131e-07,1.1127767686797507e-05,1.6993863377100578e-05,0.0015178592908690596,0
0.786678096665913,0.21137031981229787,2.678428493149475e-05,1.8032374782255222e-07,1.0540892645152821e-05,1.6033358213128387e-05,0.0018980446622513276,0
0.14080346855667455,0.7763024912523233,7.1685327144450836e-06,5.836668577958242e-08,4.48635698228753e-06,4.683068865044888e-06,0.08287764386575444,1
0.2549258347672481,0.5695775720877958,1.3751963457840195e-05,1.1196943111923736e-07,9.5563056839408e-06,1.0054608163215321e-05,0.17546311829822,1
0.5726689074563769,0.4191050257384935,2.408046260383291e-05,2.2598979018266152e-07,1.2757588316067576e-05,2.5771923424002704e-05,0.008163230840995635,0
0.7938624219045167,0.20352328446941473,2.298777559090569e-05,1.8283084296853605e-07,9.96070725048999e-06,1.5012081118804009e-05,0.002566150231265116,0
0.7770695397854988,0.22016051275239829,2.2996461210502133e-05,1.828999231257806e-07,1.031491075314839e-05,1.501775323028923e-05,0.002721435436985724,0
0.8009001830169895,0.19857162600678,1.9190916019863644e-05,1.969311358144126e-07,9.683263939215907e-06,1.0887760904425989e-05,0.0004882321042311595,0
0.7579802055650809,0.24134229904756413,2.8168714249512452e-05,2.034682071483342e-07,1.005715728058534e-05,1.4450556201499385e-05,0.0006246154914162755,0
0.7513448396016341,0.24795366319690088,3.951046329426878e-05,2.1515363538175462e-07,1.0385570425356679e-05,1.545522158981591e-05,0.0006359307925201061,0
0.6517794039986343,0.3472913851891713,2.7754215759424672e-05,2.553572194789312e-07,2.0096029412164434e-05,1.7612686103145645e-05,0.0008634925237002453,0
0.7685863475524367,0.23072624183587995,1.985582883060979e-05,1.8268681358479206e-07,1.3909172990024956e-05,1.2494022927010904e-05,0.0006409689001221897,0
0.7497152045832298,0.24952244273170904,1.806088190171449e-05,1.7897217231072597e-07,1.3989855385863348e-05,1.1666485125188735e-05,0.0007184564904761071,0
0.6083468347963855,0.38185822570918704,2.4052055877391015e-05,2.3834100196995366e-07,1.981153235943352e-05,1.55365033474447e-05,0.009735301061841025,0
0.17868466046245882,0.8211164626599893,2.9756242180624578e-05,1.354907779695467e-07,8.503781392418294e-06,7.82235951882535e-06,0.0001526590036820986,1
0.19518193713166068,0.8043893329541444,2.1987091524486735e-05,1.2978696060851666e-07,9.528244581330548e-06,1.4536515822613795e-05,0.0003825482753058654,1
0.1347874986000518,0.8635128219332746,2.0345625531802777e-05,7.269213080106162e-08,1.2351317182286354e-05,1.1171464904141751e-05,0.0016557383669246045,1
0.22098077555800835,0.7750127810030109,3.335615065141409e-05,1.1917695341351623e-07,2.0592181859396505e-05,1.7854640073467406e-05,0.003934521289443073,1
0.34456855484603466,0.6525509731919534,3.428842937211342e-05,1.3038020091995022e-07,2.0889836106827338e-05,1.8774794587921115e-05,0.0028063885217440208,1
0.2564847676492294,0.7409137946820936,3.099261870362391e-05,3.4861305523419944e-07,2.0028361822301682e-05,2.1205578380400642e-05,0.0025288624967155526,1
0.35405815582577915,0.6441272472731691,2.298207707019751e-05,2.8017566163899816e-07,1.3787126515558938e-05,1.6966531943391265e-05,0.0017605809898609528,1
0.6168483035922765,0.3813046548678328,3.543378899275601e-05,2.4637208718449077e-07,1.3293014951002438e-05,2.195688059578818e-05,0.0017761114832636111,1
0.7081710428863639,0.2897318452684196,4.568818163751263e-05,2.7810746081682986e-07,2.660546052567307e-05,2.9186346504014695e-05,0.001995353749088602,1
0.6513872193601793,0.3463736239216249,3.0316795221582898e-05,2.669185652256967e-07,1.9697362153978858e-05,2.6493248624205833e-05,0.0021623823936308536,1
0.6806660396504841,0.31896770665282576,2.409833810900638e-05,2.3734131850412987e-07,1.900754847325596e-05,2.150353327640549e-05,0.00030140693551291377,1
0.6926992404318395,0.3069387160898675,2.4372137862032445e-05,2.4003793576028105e-07,2.10736097906928e-05,2.362323667563763e-05,0.0002927344560290019,1
0.7940362274408612,0.205832109469353,2.0268524966687142e-05,1.9334612212136548e-07,2.4277048001061437e-05,2.1852485074553946e-05,6.507168562152372e-05,1
0.8363796377327106,0.1622044722515856,2.44587201856121e-05,1.6687969883221883e-07,1.3072826067048894e-05,1.5257486798052013e-05,0.001362934102954228,1
0.726438538328162,0.2730515632499213,2.3552304235486292e-05,2.2144119428689688e-07,1.6138846350478355e-05,1.8331339422782982e-05,0.00045165449071367,1
0.6976423603660755,0.30186298827727276,1.606918421009758e-05,2.3933092106614794e-07,1.622343790696214e-05,1.6913334161453278e-05,0.00044520606945202586,1
0.696568530189379,0.30271858599420765,3.4728496678238384e-05,2.2468474714995878e-07,1.8817715689956117e-05,2.0403947773252445e-05,0.0006387089715245711,1
0.8394305232981013,0.16051409701906127,1.84925083007397e-05,6.321080378312309e-08,1.065148741432472e-05,8.860070189594515e-06,1.7312406128924805e-05,0
0.8396963035052858,0.16023826326525115,1.4747997817349484e-05,5.4667193813599645e-08,9.62465548657216e-06,8.42502238005413e-06,3.25808865853011e-05,0
0.8095849633480052,0.19035359509580102,2.01753529059538e-05,1.2584537228085765e-07,9.806001166073035e-06,9.127406096331788e-06,2.2206950653004986e-05,0
0.12909855283387567,0.8708131563655409,2.1321986811093985e-05,1.5058076039448732e-07,3.1673904971873724e-05,1.2212733713430486e-05,2.2931594326643785e-05,1
0.21716990915385287,0.7827433928869492,4.0547991616468554e-05,2.411734230955084e-07,1.6828296851557592e-05,1.967653806711908e-05,9.40395923991776e-06,1
0.21560740129437808,0.784308645309626,3.873956071551079e-05,2.34614400392913e-07,1.8207724700809593e-05,1.7637181854038973e-05,9.134314325142904e-06,1
0.5428017155320866,0.4570834286098698,5.3363037710962354e-05,2.136996886932312e-07,2.5860236722353416e-05,1.8928051498540135e-05,1.649083242316189e-05,1
0.3963378934702173,0.6035196274286818,4.025758341076442e-05,7.152394055311063e-08,1.2867426841347355e-05,1.0131221215344233e-05,7.915134569279212e-05,1
0.3436109850413392,0.6560605230941075,3.4426815205605994e-05,6.526973896819692e-08,1.659379036607716e-05,7.668956348600672e-06,0.00026973703289429106,1
0.029830334628683616,0.0003680629844185639,1.8574386287983334e-06,2.7303853799316898e-08,1.0000002337081944e-06,1.0590581849316633e-06,0.9697976585859966,6
0.10783652674008466,0.001618463351624865,6.715505073694116e-06,6.132960724304031e-08,4.774636549249999e-06,3.828988212034242e-06,0.8905296294488484,6
0.21553489294172037,0.003107163934825539,7.84731592875121e-06,7.404718364956127e-08,5.82532048417874e-06,4.429814055689061e-06,0.781339766625802,6
0.07339408896723802,0.0012553231589588752,2.0196881603410173e-06,1.8543731329023332e-08,1.3846753896152174e-06,1.1077790661768752e-06,0.9253460571874557,6
0.0587631537688774,0.0010897028955255742,1.6661374533232896e-06,1.529761172954219e-08,1.2084441871382153e-06,9.350074790400292e-07,0.9401433184488658,6
0.07428385776949921,0.001330115763324782,2.191291614912146e-06,2.011930542961223e-08,1.6668906200094823e-06,1.2297148981399234e-06,0.9243809184507376,6
0.020350548249381494,0.0003243992710098774,5.902963740028545e-07,6.061809833234149e-09,4.6862888375968676e-07,3.705047317710909e-07,0.9793236169878092,6
0.052282742238469286,0.0009894823661411175,1.7701285437666064e-06,1.502990103724641e-08,9.013515998151833e-07,9.911675401296997e-07,0.946724097717805,6
0.03248193767103234,0.0011457880524705785,1.356357979192496e-06,1.2821958157875452e-08,6.606171088894531e-07,7.388631399630998e-07,0.966369505616311,6
0.6402631516846992,0.037496722416492226,3.290767001490663e-05,2.6028122841002806e-07,2.2850825749613564e-05,2.3703815166017413e-05,0.32216040330664963,0
0.6522445560616118,0.03938220187969852,3.5142618319889325e-05,2.7795841704083356e-07,2.3099311923678588e-05,2.3281752442192964e-05,0.3082914404175868,0
0.8776708369147764,0.05624406509037773,4.832139653477616e-05,3.7534076873800324e-07,3.083327998100152e-05,3.1562371317059376e-05,0.06597400560624435,0
0.9260100302923276,0.07240880570877911,1.1048912108596898e-05,8.582341285552023e-08,4.750419605964194e-06,7.2004682266334355e-06,0.0015580783755392868,0
0.898825105213584,0.09960190543488702,1.3749220291322356e-05,9.912859782482338e-08,5.796185057491572e-06,1.0045683223841766e-05,0.0015432991343582315,0
0.9019722792041157,0.09372072811622882,1.9244140020741208e-05,1.050861952141663e-07,4.250495612712515e-06,9.070942049233791e-06,0.004274322015777454,0
0.8790156824183721,0.11606237378492927,2.4107720940510288e-05,1.3164468072840036e-07,5.897186135308625e-06,1.1363445669943014e-05,0.004880443799271909,0
0.35707358908816517,0.6364482431930685,3.7082760873138896e-05,2.169472096864792e-07,1.4534519013071905e-05,2.088527405560024e-05,0.006405448217614676,0
0.41561042028768175,0.5798555947676335,3.910922248294078e-05,2.903215686258977e-07,1.8674073066065975e-05,2.8399275990940548e-05,0.00444751205157627,0
0.31932993136775634,0.6764578942598966,4.140213319026779e-05,2.6629426644452416e-07,1.6997566629208703e-05,2.6048923624093744e-05,0.004127459454637083,0
0.7241674407421738,0.2739809807071514,2.1456580190352375e-05,1.3178073151362816e-07,6.807393111447291e-06,1.1391985375951592e-05,0.0018117908112657123,0
0.639142392044002,0.35779059050507644,1.8805372640601438e-05,1.3116539375600453e-07,7.729442816334819e-06,1.1338791569424618e-05,0.0030290126785016743,0
0.7254817934150134,0.2741335736490672,1.7562542380177943e-05,1.3359643679137097e-07,7.937866222514218e-06,1.2300973923179662e-05,0.0003466979569566305,0
0.895959006710451,0.10401193437720126,9.930661990217695e-06,7.416441247933931e-08,3.607349591270844e-06,6.810162624142983e-06,8.636573729573598e-06,0
0.6650128252030526,0.3349371575461589,1.5166440780964442e-05,1.4937225279545739e-07,8.22839951049791e-06,1.4156343098434674e-05,1.2316695145840135e-05,0
0.31760742513345314,0.6734507513185078,1.8138604255872564e-05,9.673229648049917e-08,0.008892644967814528,1.5431162126089438e-05,1.5512081546104633e-05,0
0.20876165885167552,0.7501511230104042,2.1698352679005992e-05,1.0310621420306853e-07,0.04103527241034663,1.3601401255410818e-05,1.6542867424959462e-05,0
0.19612060363643627,0.7674862749721921,0.0001224955794264736,1.9326054632340927e-07,0.03612770888636406,0.00012708962558534136,1.5634039449423593e-05,0
0.3782804561365861,0.5456810517864233,0.0008101406971957277,2.6260513248364503e-07,0.07233868864871697,0.0028843642700197487,5.0358559257187765e-06,0
0.39079454285463383,0.5311796609168027,0.0006232025884845022,2.2020373744982262e-07,0.07170651332682385,0.00569131786185987,4.542247657772147e-06,0
0.21963770132306243,0.7328414138619914,0.000286152457712843,1.6668900610931359e-07,0.046023914290521176,0.0012068848364776073,3.766541228490893e-06,0
0.5021172658776109,0.49569701116825876,1.5176802544462164e-05,1.8248038341399947e-07,0.0021346212535650684,1.8213066199505262e-05,1.7529351438062053e-05,0
0.8709021868917857,0.1290317134480886,1.3422903753444212e-05,7.623458448424419e-08,6.041628827676049e-06,1.0271491344833944e-05,3.628740161510313e-05,0
0.6906207714960835,0.30927159341514937,2.3952969069278558e-05,7.538229485096014e-08,2.444060592867149e-05,1.5824147893790465e-05,4.3341983580513955e-05,0
0.8324834412216681,0.1673063110833443,2.1628329882866107e-05,6.645181335012675e-08,1.3478142777145694e-05,1.244059237967635e-05,0.00016263417813443989,0
0.7777539521889556,0.22117543750173957,2.6467462829945843e-05,8.882324279340284e-08,1.758137633923291e-05,2.2176498387402195e-05,0.0010042961485056826,0
0.7003864100089531,0.29710091304264086,3.717524278549845e-05,1.3788929195511707e-07,3.603111706832867e-05,2.9707938054032443e-05,0.0024096247612063245,0
0.9459054338469752,0.053725791467260295,1.314729348899717e-05,4.893060824234099e-08,1.3978888726990015e-05,9.766911172349312e-06,0.0003318326617677782,0
0.9469951320353015,0.05272569773832798,1.575930571333869e-05,7.614863985933078e-08,1.233619014881783e-05,7.956768660168928e-06,0.0002430418132083317,0
0.9302424502111205,0.06855749380746075,1.6599399661835654e-05,5.5520229107215664e-08,5.947573935810648e-06,9.304499343920214e-06,0.0011681489882480905,0
0.9569583187249496,0.04201704184225873,1.899870621210812e-05,1.2099343572490098e-07,9.76832228084266e-06,1.130295932568687e-05,0.0009844484515369846,0
0.56402508654222,0.4257067626877804,3.693041643471243e-05,2.44158992903824e-07,3.580597191202546e-05,2.3160124347101926e-05,0.010172010098312811,0
0.4665546972140018,0.513710270512668,6.590007323848865e-05,5.02708046153858e-07,6.71943488358616e-05,3.9799896416200705e-05,0.019561635246793503,1
0.8425367768708816,0.15710745822959957,1.526811110679192e-05,1.355666239632118e-07,1.2115759826756814e-05,1.1816402617495333e-05,0.00031642905934385656,0
0.786266706272905,0.21226356106626978,2.196040884983398e-05,2.2849193873665282e-07,1.2355882902249686e-05,1.7375721559102035e-05,0.001417812155575509,0
0.9051030720494552,0.09482067515732051,9.529867920304602e-06,7.32424894782752e-08,4.889078684103419e-06,7.712430119163202e-06,5.4048174011095194e-05,0
0.8715289457692924,0.1284408868085642,1.1572021075459253e-05,9.41958515640516e-08,5.854455124752481e-06,9.365124955384548e-06,3.2816251363954862e-06,0
0.5477588305508884,0.4521813339610961,2.2707853560650137e-05,1.841234588277337e-07,1.5859139754880823e-05,1.636654654974591e-05,4.717824691407929e-06,0
0.4971597146865981,0.5027777725580541,2.4419805893152082e-05,1.9445351372554323e-07,1.527847478872481e-05,1.7637507819959983e-05,4.982513332229532e-06,0
0.8227786653200765,0.17718721865614168,1.3226517369609068e-05,1.2580685263603222e-07,6.929153752746203e-06,1.057075025209744e-05,3.2637955546104754e-06,0
0.8236163791140277,0.17634947012689056,1.3239983975530536e-05,1.2593494314234818e-07,6.936208684921464e-06,1.0581512883254326e-05,3.2671185947815166e-06,0
0.8218776368317419,0.17808886273260233,1.2987858635837218e-05,1.235367989770905e-07,6.80412438828624e-06,1.0380012070633225e-05,3.204903762267367e-06,0
0.8160024118306142,0.18396432721292788,1.2895014411406756e-05,1.2265369125231116e-07,6.755484834263399e-06,1.0305810141177542e-05,3.181993380153957e-06,0
0.8160029910798964,0.1839644578022533,1.2185161346641743e-05,1.226537783195325e-07,6.755489629726849e-06,1.030581745688279e-05,3.1819956389308365e-06,0
0.8176933796816805,0.18227041357168478,1.3773726331191212e-05,1.2785062949313605e-07,7.335756309133071e-06,9.80726155580308e-06,5.162151808966834e-06,0
0.8105415059434864,0.18942180561765748,1.2686992260979518e-05,1.2770512363783128e-07,6.88694406017526e-06,1.1830520609033973e-05,5.156276802194051e-06,0
0.8374102636122106,0.1625433755718975,1.1956755110425516e-05,1.1180301388594356e-07,6.016078398261124e-06,1.0209587332561006e-05,1.8066592036515464e-05,0
0.8075592586325095,0.19239684397711843,1.0946424670493278e-05,1.0712537664414552e-07,5.4804488694363094e-06,1.0052673172315637e-05,1.73107182831604e-05,0
0.802127923450208,0.19784699544713027,8.294572385273777e-06,5.8826265118093e-08,4.679765488378116e-06,5.910167296469172e-06,6.137771226332356e-06,0
0.7013733178172235,0.2984870714892172,1.0920139489443512e-05,1.088197458415146e-07,0.00010120699789646622,9.790219827283654e-06,1.758451660025527e-05,0
0.6183479212325256,0.38088100132577934,8.97539928167158e-06,1.1090238975252099e-07,0.000752413405161542,7.133638890505076e-06,2.4440959717008917e-06,0
0.587497412923135,0.4115964450191441,2.1927062101324414e-05,2.0334905169524544e-07,0.0008641583541680957,1.467913490125166e-05,5.174157498516192e-06,0
0.1739559697094443,0.8175350989875559,2.8168209668799245e-05,1.809822458809473e-07,0.008457033366295516,1.7995349041745542e-05,5.553395747584333e-06,0
0.25407369608692093,0.7110599701398883,3.0418360924353317e-05,1.878218177308606e-07,0.03481357841183776,1.7243859526351624e-05,4.905319084463086e-06,0
0.25283533602569536,0.7422435279967472,2.424264096223379e-05,1.699304645044293e-07,0.00487633741977524,1.5947933521132457e-05,4.438052834520583e-06,0
0.17133409650791837,0.8252173681054368,1.944052503651146e-05,1.902874400199805e-07,0.003408628205377368,1.3397722278028474e-05,6.878646512850444e-06,1
0.13804033956857648,0.8588024545787158,2.519553772071091e-05,1.8244687346873473e-07,0.0031086364178875233,1.73847570018466e-05,5.806693224211139e-06,1
0.09685540849948455,0.894461576885491,3.108823729085303e-05,1.5302130885415722e-07,0.008629623348458617,1.6399608611520732e-05,5.750399354754224e-06,1
0.07564063720212312,0.9076629232151996,0.0017350673707303506,1.7789901257236636e-07,0.013589707050150534,0.0013669715569029734,4.51570588103215e-06,1
0.10448485414745863,0.6809067357589244,0.0002591246587316683,1.5715891162223954e-07,0.212665642086352,0.0016802591767586667,3.2270128629337438e-06,1
0.05690144338669026,0.48150393661561675,0.00014923132833845416,1.0691046200598423e-07,0.46034552681256896,0.0010955635071074458,4.191439216012417e-06,4
0.09801119200143545,0.8862427679798307,0.0002782175661514119,1.7794137176154918e-07,0.01392900827594529,0.0015234775856602409,1.5158649605173026e-05,1
0.3264225000100249,0.6657412230703187,0.00010404609598111546,2.2800667591302343e-07,0.00751374269821299,0.00019375947159197104,2.4500647194577125e-05,0
0.2454571201338375,0.7485115774839783,7.851162334912685e-05,2.2226236964461102e-07,0.005673636634265868,0.00022441704755280588,5.451481464689228e-05,0
0.43178797788920276,0.5608802337661954,0.00010478320176144229,1.835871038359197e-07,0.006757806137522086,0.00042514460119811665,4.387081701622368e-05,0
0.742001349123754,0.2576782409715949,2.771390349936303e-05,1.9853888973781556e-07,9.796317341395724e-06,1.413443193341446e-05,0.00026856671298712776,0
0.8587158144344335,0.14093722388963967,2.2219519111283122e-05,2.331642233055359e-07,1.0586473651150887e-05,2.325436742005798e-05,0.00029066815152091366,0
0.8203480752984205,0.17920415640080148,2.544729562128292e-05,2.6631441091200177e-07,1.7892867307621996e-05,2.4421178827913966e-05,0.00037974064461039414,0
0.7417401781784798,0.2578429543910627,2.3227750013935902e-05,3.631475781434959e-07,1.3354756382490085e-05,2.358550031489286e-05,0.0003563362761681094,0
0.7973017437576276,0.20234861083291755,2.009718930036401e-05,1.771149910473247e-07,9.680139598447521e-06,1.35946450928991e-05,0.00030609632047212817,0
0.7953586544210313,0.20359249739501092,8.396514937915718e-05,1.782970304969345e-07,9.744743429074358e-06,1.4532606722401882e-05,0.0009404273873967289,0
0.793574162467657,0.20486351097407263,2.3314639966850327e-05,1.7941012626307332e-07,9.805579173914191e-06,1.3991945313664993e-05,0.0015150349836898435,0
0.23670266539225418,0.6719932701763572,9.040168680635975e-06,5.9318780301961614e-08,4.958288714570792e-06,4.8911787086454875e-06,0.09128511547650442,1
0.14409169290773818,0.7404480113502299,8.735733156364591e-06,5.9128290907079244e-08,5.105180643791903e-06,4.744176485126463e-06,0.1154416515234556,1
0.5691016121867263,0.42325886508040206,2.572838991632421e-05,2.2394282504053482e-07,1.3090019226912829e-05,2.553848708667148e-05,0.007574941893816626,0
0.7007632939853145,0.29489881034751936,4.415008996940568e-05,2.47194098596746e-07,3.8466086620518525e-05,1.9342940274116965e-05,0.00423568935620358,0
0.6873022980155196,0.3043530986516627,4.072859855502932e-05,2.2742161909397913e-07,4.157970243047479e-05,1.896595067252209e-05,0.008243101659540624,0
0.7476160149518829,0.23269755274924245,2.590516736305524e-05,1.9084138351512583e-07,1.8366812290995765e-05,1.8452556063909947e-05,0.019623516921773356,0
0.7646106371485936,0.23344233813012957,2.4609079798326307e-05,1.957257145831874e-07,1.07121020672404e-05,1.6070867784952146e-05,0.001895436945911583,0
0.7186925299250044,0.279273696236724,2.214169437436473e-05,1.9096843570633697e-07,1.230926883175266e-05,1.3776077609695188e-05,0.0019853558290201696,0
0.7328734697719392,0.266402864472314,2.3110512430644738e-05,2.1226211993745385e-07,1.2008227897078968e-05,1.3983995859125301e-05,0.0006743507574400365,0
0.7521763708764823,0.24710236783503356,2.558540030616386e-05,2.1233841394327137e-07,9.993699104764362e-06,1.4473824080456113e-05,0.0006709960265788324,0
0.7215241275138208,0.27783100763673363,3.0316756307851804e-05,2.169709275222784e-07,1.076276758468066e-05,1.5246963407192165e-05,0.0005883213912183762,0
0.7085423760918981,0.2907685361320382,3.698873610327202e-05,2.1082356542383638e-07,1.1220125125972303e-05,1.592693823035017e-05,0.0006247411530388859,0
0.6724803292401252,0.32672620116933376,2.1875919965447232e-05,2.254590479991015e-07,1.7287879655151528e-05,1.3494862565784625e-05,0.0007405854693065787,0
0.7000823235863571,0.29970125084034904,1.824887868011193e-05,1.8083510414319724e-07,1.3712656476233944e-05,1.1478112762445798e-05,0.0001728050902710834,0
0.5590779671107822,0.44062462733798097,2.9009033716773808e-05,1.8785081463835616e-07,9.205123231716638e-06,1.4810629979374064e-05,0.000244192913494225,0
0.4972755803296826,0.5024008062275823,2.309051384287971e-05,2.7192269177876885e-07,1.0955523247668946e-05,1.44171846630386e-05,0.00027487829828970397,0
0.17435705259976805,0.8254393663215441,1.3611852707604588e-05,1.218217841584584e-07,8.176947702874567e-06,1.1122411788906957e-05,0.00017054804470427836,1
0.18345699982626182,0.8080962109274826,2.70371725767722e-05,9.080016621847832e-08,1.0087032404001332e-05,1.3174806008338486e-05,0.008396399435099903,1
0.22092131132526352,0.7748042310046075,3.334717476696985e-05,1.191448838089196e-07,1.9310934286456407e-05,1.7849835526690777e-05,0.004203830580664934,1
0.2209998842229983,0.7750797979621002,3.335903502679264e-05,1.1918725889131877e-07,1.9317802415455602e-05,1.7163007016347364e-05,0.003850358783184002,1
0.3459127452746949,0.6500568996511884,3.4571097778737857e-05,1.314220386124201e-07,2.1062048622684505e-05,1.892957103490486e-05,0.00395566093464163,1
0.2663026587929262,0.7311946262824677,2.9991964018886366e-05,3.3735743046055034e-07,1.7290125285598382e-05,2.2285625818896065e-05,0.002432809852052285,1
0.4231839688849958,0.5751780387328237,2.2959931116614145e-05,2.5559761413969375e-07,1.2583454184129213e-05,1.625595779520534e-05,0.0015859374414702403,1
0.5736129956278709,0.42487143304941394,2.238324890190865e-05,2.5996864897460086e-07,1.2361298689751405e-05,1.9679533632450683e-05,0.0014608872728420108,1
0.6666639342414322,0.3322862634189539,2.7846069541526943e-05,2.5122726181247027e-07,1.9888145776550367e-05,2.5113208417052268e-05,0.000976703688616888,1
0.6616979386952538,0.337962372789542,2.5266605405086568e-05,2.455144937432515e-07,1.943590041381161e-05,2.264634821548362e-05,0.00027209414667600724,1
0.8137864790145822,0.18610737374148734,1.960281441319246e-05,2.0502005064597913e-07,1.6231624862429317e-05,2.1006420638128487e-05,4.910136396606771e-05,1
0.8166700450597921,0.18320537769626966,2.6052753589406877e-05,2.0176638795404395e-07,2.4022007662563995e-05,1.4602499228044153e-05,5.9698217070374164e-05,1
0.8252289393071088,0.17322096201415588,2.792986091530425e-05,1.831827222260947e-07,1.434995318728325e-05,1.5260642168840777e-05,0.0014923750397417331,1
0.6510625342074322,0.34802755263256774,2.9032126024929583e-05,2.2914695816501802e-07,1.7545357704231326e-05,2.039300425537554e-05,0.0008427135250574438,1
0.6759024418632678,0.3232047207298715,3.203885129173359e-05,2.316481291158978e-07,1.7736867726288945e-05,2.103630258932459e-05,0.0008217937371242615,1
0.7007478660453912,0.2987623254327637,3.801003643032846e-05,2.0734991287645033e-07,1.6312620801389908e-05,1.7290796651883244e-05,0.00041798771804871465,1
0.8221886048532806,0.17670693626080639,2.1265590474811828e-05,8.086144537848952e-08,3.3254326103642276e-05,1.1930331178887485e-05,0.0010379277767104218,1
0.8405990387115044,0.1593456056603495,1.3508388709124121e-05,5.240553490359607e-08,8.555775321322672e-06,8.07646732164377e-06,2.5162591259018427e-05,0
0.6644274553193784,0.3354812678262919,3.22729652085615e-05,1.7946211902286275e-07,1.3983873355920095e-05,1.2124438415186553e-05,3.271611523098758e-05,0
0.6044577286496021,0.3952882422942034,2.7101092412011437e-05,1.7535366570662384e-07,0.00020235821043670108,1.3343555492982852e-05,1.1050844187081544e-05,0
0.588272485304116,0.40806330565395926,4.457433384418638e-05,2.896703691351239e-07,0.0035954716187246395,1.5703200402160848e-05,8.170218584505442e-06,0
0.2889713208573828,0.7060296470440616,2.3658912519235894e-05,2.4078581346293917e-07,0.004945213850811421,1.2603923377679468e-05,1.7314626033795496e-05,1
0.13829159598288984,0.8604974853202372,2.105852477822164e-05,1.5208719135025766e-07,0.0011542121680979869,1.2334911607022563e-05,2.3161005198712196e-05,1
0.1293805013723628,0.8704929308435027,2.1277234932011084e-05,1.5026471236195223e-07,7.006971949703668e-05,1.2187100887218871e-05,2.2883464105685663e-05,1
0.1689540955098691,0.8309670934700729,2.3655313136526033e-05,1.4420799925096081e-07,2.1354521640430865e-05,1.1695875951115486e-05,2.1961101330718534e-05,1
0.4634463143643291,0.5364534365594171,4.9314043762914485e-05,2.0072052678867327e-07,2.4738326304028983e-05,1.709764145853724e-05,8.898344201479537e-06,0
0.5575973123741476,0.4423065946840171,3.7757182295260685e-05,9.283598960451371e-08,1.6701544898706107e-05,1.4675432218384841e-05,2.686594643357192e-05,1
0.33821089761342454,0.661691111961773,4.176855333932152e-05,8.144424052181751e-08,1.4652126245552718e-05,1.2874634465011967e-05,2.8613666512059132e-05,1
0.385873549838822,0.6139911630320255,3.672956794026116e-05,6.963552386585919e-08,1.2527693552307667e-05,8.89868631818082e-06,7.706154581783018e-05,1
0.41406497224706507,0.5855332198107066,4.0495368322557754e-05,1.162106061272289e-07,2.3960870645412977e-05,7.566139699343913e-06,0.0003296693529547416,1
0.08026256332119742,0.0007413977375688608,2.3931286162866436e-06,2.2448191199980646e-08,1.5467490086476031e-06,1.4621474159323928e-06,0.9189906144680016,6
0.05884822705556872,0.0008596369960610583,1.9973084431632416e-06,1.691730370278492e-08,1.3640083246131838e-06,1.115634910380512e-06,0.9402876420793883,6
0.04481178206319455,0.0008239206886297587,1.8740377954493948e-06,1.555989926951234e-08,1.1977535769988754e-06,1.0261190040712337e-06,0.9543601837778999,6
0.03009816468811888,0.0025467989046947777,1.780541947914501e-06,1.5324103770262267e-08,1.2807876709212312e-06,1.3577632699479906e-06,0.9673506019901937,6
0.37848743331134743,0.02033312504250562,1.776098489637282e-05,1.4114115641078881e-07,1.1594383437451393e-05,1.1821960629737246e-05,0.6011381231760269,6
0.5796725658399369,0.03402447237436618,3.0333967829741465e-05,2.3562180774090417e-07,1.9580992333211515e-05,2.0064861844072803e-05,0.38623274634188215,0
0.8760216259199433,0.07427505835581094,5.001950914575281e-05,3.8853101029795004e-07,3.1424022377001445e-05,3.25972261138324e-05,0.04958888643559906,0
0.8825767354253526,0.07510424793602812,5.1475129223115563e-05,3.9286848067443907e-07,3.110102605225014e-05,3.296113401018289e-05,0.04220308648085291,0
0.8619896233620308,0.09461400910806517,5.1126935720926915e-05,3.9021099823097314e-07,3.1934514301372793e-05,3.6745107683011e-05,0.04327617076120051,0
0.9098576848456945,0.08860341157436692,1.3226651637410147e-05,9.308965720312225e-08,5.141167854552964e-06,8.998590472394896e-06,0.0015114440803171258,0
0.8525443341957605,0.14179687933684218,1.7507117400685975e-05,1.2788993203796784e-07,7.826100760923728e-06,1.4916440748584869e-05,0.005618408918555002,0
0.4226220898550065,0.5733944619319777,3.3889078352835423e-05,2.5157059542599527e-07,1.4699585497983022e-05,2.265411227073289e-05,0.003911953866298909,0
0.6965729412129538,0.3020614824186717,1.6075529125126846e-05,1.2228488132087242e-07,5.766533812004832e-06,1.0571102191546796e-05,0.0013330409183644947,0
0.7551692689464556,0.24378878456650194,1.6328159363936605e-05,1.2420661332300153e-07,6.015975262435218e-06,1.1137413854311307e-05,0.0010083407319483881,0
0.7560852303103237,0.24288067323409104,1.620514290748953e-05,1.2327083990863648e-07,5.9706508665640855e-06,1.105350450753166e-05,0.001000743886463803,0
0.8535049496541277,0.14613742182180092,1.3250952569111255e-05,1.1054558885878283e-07,4.384854699221717e-06,9.9728107400944e-06,0.0003299093604742053,0
0.8774568084018868,0.12248155892506743,1.1812754435094256e-05,9.854747334283732e-08,3.8409907738481015e-06,8.100847538794809e-06,3.7779532824594584e-05,0
0.8577458311436837,0.1422237648730874,1.0785936583053999e-05,8.828026561758787e-08,3.674547421717016e-06,8.365646856892074e-06,7.489572101747704e-06,0
0.7236983553536256,0.2762499914836457,1.5841839945437733e-05,1.560241691013693e-07,8.324782316553022e-06,1.446532821710292e-05,1.2865188080386356e-05,0
0.28177764824361884,0.6621823732128901,0.00043115870941717963,2.4220207219688104e-07,0.05411952731476355,0.0014812747294187687,7.775587819425033e-06,0
0.2970568555690729,0.6392814898198849,0.0005915405055216771,2.578953228384487e-07,0.06086736320519627,0.0021975474668947757,4.94553810676965e-06,0
0.6724145664154456,0.32752208458736787,1.533498363380982e-05,5.725899144033429e-08,2.4176573863272433e-05,1.2059776325430938e-05,1.1720404372613798e-05,0
0.7657954664873455,0.2341273219144843,1.8891629236705197e-05,5.9453772148974975e-08,1.98458917241218e-145,1.4456276358596316e-05,4.380423880265838e-05,0
0.6884556062956569,0.3113897571144393,2.9385986375004194e-05,8.528095354826322e-08,2.1845910625703344e-05,1.737436603291821e-05,8.594504591651014e-05,0
0.8643727302859991,0.13543435721301703,2.3885894266297592e-05,6.60890499247176e-08,1.3404564992048532e-05,1.237267862867014e-05,0.00014318327404705435,0
0.7554249565199981,0.24383680081925943,2.472533559515528e-05,8.62731640724209e-08,1.7076622264980815e-05,2.3200162410828335e-05,0.0006731542673076462,0
0.8039804349636281,0.1949024383728193,3.176593775983115e-05,9.748378156600604e-08,2.850013211093875e-05,2.261844326959266e-05,0.0010341446666308279,0
0.9560773670061694,0.043564175152896886,1.4305883048061352e-05,4.926279749097198e-08,1.2690450982051728e-05,8.32469583660278e-06,0.0003230875482692358,0
0.9242313064831312,0.07423934777333217,2.1681067165589166e-05,1.3584508397240658e-07,1.0173164677122013e-05,1.2690888688444655e-05,0.001484664777921433,0
0.4729257371525718,0.49047934473966476,6.171632970254321e-05,5.034847090115825e-07,6.908101599496937e-05,3.9814656129904134e-05,0.0364238026212271,0
0.9114328823411655,0.08674694538311456,1.8371251561469634e-05,1.59851301001208e-07,1.2470108296587886e-05,1.2827015852541404e-05,0.0017763440487083729,0
0.6040069046565613,0.39591243321730846,2.505631306929779e-05,2.031656147274173e-07,1.5962996312474844e-05,1.8246931661829588e-05,2.1192719471900307e-05,0
0.5554081553704666,0.4445303074050993,2.381670156464222e-05,1.9311439798734862e-07,1.5173258659413472e-05,1.734420082708504e-05,5.00994898509898e-06,0
0.849724144178801,0.1502428444202639,1.2934072600572181e-05,1.2302520158350807e-07,6.775946773749673e-06,1.002606203761187e-05,3.1522943213832755e-06,0
0.8530791772883931,0.1468860058508301,1.2510801941295432e-05,1.259316216054979e-07,6.514224294466892e-06,1.0581233795623074e-05,5.084669124072233e-06,0
0.8174927913543805,0.18246999320054916,1.3624742171283869e-05,1.3714435602430523e-07,7.395987578280299e-06,1.0520171670369046e-05,5.537399294373182e-06,0
0.7820672547416295,0.21789674514374147,1.1102816262368664e-05,1.0865587712151038e-07,5.891279307516078e-06,7.911137370873819e-06,1.0986225811111064e-05,0
0.6471689783008328,0.352124174928051,9.254758387035646e-06,9.222413838902037e-08,0.0006760265676378476,6.57043947802294e-06,1.490278147504444e-05,0
0.5885013993789308,0.4099512244169389,2.36936849941365e-05,2.0637956350152959e-07,0.001503970699423279,1.425417215914721e-05,5.251267990333617e-06,0
0.5432980093475076,0.4552632868893067,2.193757751905726e-05,1.9108330653439607e-07,0.0013983873355446633,1.3793708948293097e-05,4.394057867040444e-06,0
0.29041166437904414,0.6992575824437381,3.088612859342831e-05,1.907101053049308e-07,0.010277186554124762,1.750903226187664e-05,4.980752132282942e-06,0
0.29993269506327,0.6929359455452198,2.795073235114656e-05,1.8708407405744507e-07,0.007080777727878621,1.755779568208611e-05,4.8860515245791076e-06,0
0.2641119380166048,0.7296095063064512,2.3502265381966527e-05,1.6474075079054194e-07,0.006235125276957009,1.5460880128180498e-05,4.3025137260656196e-06,0
0.2914522448097889,0.7051728363295497,2.2906103141253493e-05,1.7095041224490774e-07,0.003331333461051776,1.6043655373053578e-05,4.464690682971679e-06,0
0.29566095098134076,0.7014598979632939,2.317782377751456e-05,1.7297828902944124e-07,0.002837633293650749,1.3776159127172498e-05,4.390800520848202e-06,1
0.07192347952421155,0.9038771364159238,0.0008781453604787355,1.6224653671863937e-07,0.022329396463392513,0.000987228532436379,4.451457020224201e-06,1
0.09075928281288052,0.8753741521649242,0.001541039011045617,1.8821386989592734e-07,0.03042879216637306,0.0018926809529647725,3.864677942009539e-06,1
0.16232178476585213,0.7791917901649288,0.0005219538513854713,2.8497842136613464e-07,0.05148372800233449,0.006460363257800225,2.009497927744955e-05,0
0.1369870043346393,0.8479372179130522,0.00045578908242324673,1.7368397148410377e-07,0.009926331400523156,0.004678687619507598,1.4795965883024117e-05,1
0.09660222046121845,0.8880083910877686,0.00039612815939398866,1.7141840920993495e-07,0.013510607876205671,0.001467878032131983,1.4602964871888577e-05,1
0.10208685918058898,0.8945699983816552,5.4025103344867066e-05,1.922340177486743e-07,0.003265123771267579,1.4210614126765068e-05,9.590714999085872e-06,0
0.2416787590048835,0.7538393171080865,2.5007563274134495e-05,2.2561825598379928e-07,0.004409997978145502,1.71344127323556e-05,2.9558314622052177e-05,0
0.32741632749723226,0.6689846452930593,2.6511594964075834e-05,2.1479699684513837e-07,0.0035027773226840764,1.8194618756964345e-05,5.132887630630908e-05,0
0.25082341467460895,0.7460850296680298,1.788179539465725e-05,2.2255160959125717e-07,0.003003421820261378,1.5443732886039428e-05,5.458575720952718e-05,0
0.27036535393582384,0.7269629665251621,1.904483723582202e-05,2.39100594817295e-07,0.0025742242163297366,1.6448201796113347e-05,6.172318305759986e-05,0
0.40718981060618925,0.5854962392578472,1.867448462668003e-05,1.8746639660973751e-07,0.007233231674920613,1.5496794393287644e-05,4.6359715626403135e-05,0
0.5147657867285428,0.47484225998689145,0.0002047715856075827,1.8257027466755107e-07,0.009627503991924807,0.0005143462131731821,4.514892358571286e-05,0
0.4942496953320056,0.5051744583455969,2.5410596878280998e-05,3.0672001439006236e-07,2.4535080646727206e-05,1.718489104591238e-05,0.0005084090338121297,0
0.8141152277002781,0.18552724328927958,2.2617503255874636e-05,2.496890315770838e-07,1.5116486922309866e-05,2.367088721417849e-05,0.00029587444401823007,0
0.827070094970145,0.17247058941555013,2.5048387630512546e-05,2.621397061358584e-07,1.1902062214284025e-05,2.4038356090147697e-05,0.0003980646686639244,0
0.8689986379433705,0.13068844044127043,1.8380861480511222e-05,2.4002632073816513e-07,9.28177341778627e-06,2.4432664482090603e-05,0.00026058628965761624,0
0.8155300953095932,0.18406237779724977,1.9515627134710464e-05,1.6911058246107954e-50,1.1372629525490461e-05,2.3328754745883522e-05,0.0003533098817509783,0
0.7960081213926063,0.20165574473506842,2.7006333981825782e-05,1.8898104129978042e-07,9.946357628082035e-06,1.4738367617604383e-05,0.0022842538320563964,0
0.7136345033472935,0.2742518853831126,2.784433192841709e-05,2.473817960865679e-07,1.7330840073988104e-05,2.3248067994782183e-05,0.012044940647800505,0
0.9063695004975193,0.09306734965445344,1.6472814710052047e-05,9.292075371915198e-08,4.117451491121304e-06,8.26198370031884e-06,0.000534204677372173,0
0.8773304083085248,0.12184437285271979,1.9363126878900728e-05,1.092245846029638e-07,4.76695170984025e-06,1.0011550692714765e-05,0.0007909679848894632,0
0.7906517347280062,0.1920128306720363,2.7874505433797627e-05,4.111280609460857e-08,1.420115593983333e-05,1.4965750183963999e-05,0.017278352075593674,0
0.8115739724943294,0.1806162001344886,1.6491132746198123e-05,1.3682071734216673e-07,9.953441844724441e-06,1.032850032706785e-05,0.007772917475546746,0
0.6641988416717235,0.33326868418846006,2.3012264831904635e-05,2.1982690767600795e-07,1.4793771536640732e-05,1.7288693896192768e-05,0.0024771595826440207,0
0.684068347855705,0.31353992879915105,2.6875527880718625e-05,2.567311053185777e-07,2.0001733530962277e-05,1.8199402865987315e-05,0.002326389949760879,0
0.659952545430357,0.33879057717987315,2.8756297874392836e-05,3.0581251982566425e-07,1.5281499480688985e-05,1.8592336315883838e-05,0.0011939414435790479,0
0.7481129146309685,0.25072215826030253,1.9271904208140195e-05,1.7731431921234752e-07,1.3069651526656064e-05,1.1862990196177629e-05,0.0011205452484789183,0
0.5506660170707974,0.4489720065696903,2.8039679259326487e-05,3.362361055734833e-07,1.8781844097899764e-05,1.5732352679567063e-05,0.00029908624736998626,0
0.31835186299219687,0.6813300594389141,4.571042434414134e-05,2.241683425501544e-07,1.0952204115856693e-05,1.1209978414331124e-05,0.00024998079367206255,1
0.289353065605236,0.7103401471610611,4.637351563180997e-05,2.111551476156518e-07,1.1470498957231152e-05,1.2117072234278847e-05,0.00023661499173204263,1
0.2198503754166446,0.77992131513509,1.8529374834965518e-05,1.8617355729892223e-07,1.1387273984291839e-05,1.4705810870615915e-05,0.0001835008150181838,1
0.11509164400067616,0.8847282698401008,1.2080130270666507e-05,1.0811335194782392e-07,6.795658464506126e-06,9.075753375185562e-06,0.00015202650376103843,1
0.16578807000198242,0.8333145296913916,3.225633982795433e-05,6.371170288396463e-08,6.366890112396766e-06,9.243981038967201e-06,0.0008494693839437292,1
0.16218922391435275,0.8332917313101328,2.2184175037926488e-05,1.498731277386863e-42,6.800692218800471e-06,8.44988198430531e-06,0.004481610026273474,1
0.1515668715975506,0.8410904708834875,2.2337330645248174e-05,7.501647332784005e-08,7.709390650256145e-06,1.0884643990033385e-05,0.0073016511372030425,1
0.18804218604362646,0.807668662004763,2.3343435123451467e-05,8.340289349607789e-08,9.929640226829093e-06,1.2159167817892066e-05,0.004243636305548958,1
0.26109155903415493,0.7350544657090304,3.420601287760908e-05,1.2221339463833283e-07,1.8581690511949513e-05,1.7598771623584296e-05,0.0037834665684068286,1
0.29514644260316014,0.7030053474484714,2.438010896913034e-05,1.3115513686392819e-07,1.3026326135460667e-05,1.6597444258425044e-05,0.001794074913868511,1
0.47016014373008846,0.5283794032271006,2.228453311167519e-05,1.4946498064991899e-07,1.1906657039831428e-05,1.895573139573821e-05,0.0014071566562828747,1
0.6143106650558651,0.38361748794745953,2.9859943699752626e-05,1.255093447805225e-07,1.2159856796643831e-05,1.9606117599506994e-05,0.0020100955692349417,1
0.7043200432473625,0.293791249301471,2.9931041297823673e-05,2.6352226680076693e-07,1.9673056176978477e-05,2.6156145888404826e-05,0.0018126836855364402,1
0.6983593031514688,0.30033979612596057,2.870943688358639e-05,2.79387480299875e-07,2.1699309855601054e-05,2.7400205983628214e-05,0.0012228123823673676,1
0.6866430072497796,0.3122381933629725,2.9658902401800037e-05,2.727385238781725e-07,2.1429433601637723e-05,2.714932928049727e-05,0.001040288983440423,1
0.8026636514082851,0.1955293751093497,2.0488748115252426e-05,1.992128250989572e-07,2.4680332360737226e-05,2.2089918389262525e-05,0.001739515270674934,1
0.7040972267479946,0.2950675022689111,2.797449382266566e-05,2.393485990097172e-07,1.9443044430357458e-05,2.188317761284191e-05,0.0007657309186293213,1
0.7116784966297734,0.28786449876055487,4.986151611246431e-05,2.184216838529716e-07,1.6567073566047425e-05,1.845036803043843e-05,0.0003719072302786028,1
0.7186230495209879,0.2803973189976313,8.319333714835192e-05,2.2077507445360572e-07,1.8490274196156568e-05,2.0596955667623532e-05,0.000857130139294219,1
0.6671430809852188,0.32877220547198893,3.169867001558614e-05,9.885293023849292e-08,1.6756058643480903e-05,1.6445853812932593e-05,0.004019714107390045,1
0.6903448186625223,0.30548132221942625,3.0627465799878734e-05,1.871527735580292e-07,1.8200484297610765e-05,1.7253116103833452e-05,0.004107590899076577,1
0.8497553321589708,0.15017713950735365,1.5328127121011515e-05,5.68175901909935e-08,9.524465831913283e-06,8.75643023807051e-06,3.386249289427329e-05,0
0.8288625838908634,0.17108754987118754,1.5605830497845588e-05,5.784696817925306e-08,9.444148670018255e-06,8.915072597109316e-06,1.5843339215907958e-05,0
0.4652681083237146,0.5346326077385003,3.2099583904172774e-05,2.0022371382109288e-07,3.409817983841788e-05,1.4521973379221503e-05,1.8363976949696363e-05,0
0.5674139111001326,0.4300639890288249,3.455077399987862e-05,2.3291145052483533e-07,0.0024634898854402803,1.2626266174443784e-05,1.1200033977509594e-05,0
0.1264594418164911,0.8733653847033641,2.1347445583289332e-05,1.5076055608190847e-07,0.00011660381522799715,1.2227315900740108e-05,2.4844142876764488e-05,1
0.27342907137799416,0.7265035039883608,2.505900030499307e-05,6.633218716297449e-08,1.1015704358742685e-05,1.0903262023609475e-05,2.0380334770455184e-05,1
0.3167367638942157,0.683168081401305,4.041200559948917e-05,8.408773298090019e-08,1.3124204299376383e-05,1.1992006625432445e-05,2.9542400221977784e-05,1
0.3559600792187394,0.6438428342276444,3.481273588022477e-05,9.990300879259969e-08,1.8408408814353962e-05,6.504398747236935e-06,0.00013726110716567316,1
0.18102677425831962,0.009961710432131076,8.701554146608288e-06,6.914860983155291e-08,5.7172466851520965e-06,5.791876471880692e-06,0.8089912354836359,6
0.6295941458215945,0.03712847554386891,3.294633848588808e-05,2.5591363042448496e-07,2.24673819602874e-05,2.0803441952665362e-05,0.33320090555850723,0
0.8469015572911315,0.05119230615116736,4.5558315444802074e-05,3.538782892823458e-07,2.90701924262768e-05,2.9689909702874695e-05,0.1018014642618377,0
0.8971738717867822,0.05695456347703707,4.6542442593714956e-05,3.825835472508217e-07,3.0286829958421343e-05,3.2098242010601524e-05,0.045762254638070744,0
0.9114962479598747,0.07425583030466934,1.918163206792147e-05,1.315230486310314e-07,6.261503605152379e-06,1.1210811910987792e-05,0.014211136264823124,0
0.9125893443296851,0.08130830813758005,2.3816126565695262e-05,1.3005237557149868e-07,6.1914883130791385e-06,1.1085454118383458e-05,0.006061124411362091,0
0.8857081694069223,0.10831821171247952,1.699746126284588e-05,7.242090606041972e-08,6.517930329443246e-06,1.4316063248533503e-05,0.005935715004851562,0
0.8283675219886362,0.1704596242876451,1.2297552775162926e-05,9.128907672614514e-08,4.074200647682645e-06,8.696445831545218e-06,0.0011476942353872556,0
0.89227356552094,0.10744390904169204,9.938795936411242e-06,8.291404286654586e-08,3.0851792953891046e-06,6.800238246166026e-06,0.00026261830984722475,0
0.8923462520001815,0.10745740610916846,9.94004444459178e-06,8.292445850053873e-08,3.1949077883134627e-06,6.816596841737345e-06,0.00017630741711656254,0
0.8555523284285146,0.14440479056051614,1.0557865881856102e-05,8.807861132357178e-08,3.6321424031690903e-06,7.240281029618917e-06,2.136264304330327e-05,0
0.86196046580506,0.13799712815677953,1.0667306865066975e-05,8.899161873728286e-08,3.5441993997743375e-06,7.195095577076745e-06,2.0910444699626977e-05,0
0.8676310149577714,0.13234745061085607,9.79253131427047e-06,7.871206125046026e-08,3.1897621055445e-06,6.417712764652364e-06,2.055713126909379e-06,0
0.7236097633604288,0.27633901941053174,2.1721450328335238e-05,1.5756018490281284e-07,8.189121868191197e-06,1.329223714838318e-05,7.856859509881573e-06,0
0.4437145544224547,0.5542214384540738,1.827612738422241e-05,1.7906018327582515e-07,0.002013067798349351,1.5278982561878446e-05,1.7205154992704993e-05,0
0.27828170083346043,0.6539668360078783,0.0004586792046545774,2.3919712942619107e-07,0.06664096815689932,0.0006367147791687413,1.486182080930251e-05,0
0.29706734105073285,0.6469756341671173,0.0005039919342051383,2.609992510328255e-07,0.05382981907136025,0.0016179477166459756,5.005060687470282e-06,0
0.47323615827838067,0.4222833500102369,0.0005864565503948409,2.6063316247475086e-07,0.09441874146285488,0.009470035024592007,4.998040378243718e-06,0
0.4625111682267409,0.44584104964711685,0.0006249701315423337,2.425675329223741e-07,0.08541003704622738,0.0056078807765984565,4.6516042413230415e-06,0
0.38164799781629377,0.5300553715491231,0.0006001764357962706,2.3530268957619176e-07,0.0828520255437933,0.004839681062569234,4.512289734906951e-06,0
0.1917764245553256,0.7866287828638758,0.00025124730781261217,1.7784041099789445e-07,0.02006893169843865,0.0012675494102556543,6.8863238806782335e-06,0
0.8959965374167644,0.10393455449945738,1.1703867972821686e-05,6.647142288698694e-08,9.156811990420172e-30,9.111615560493341e-06,4.802612882176817e-05,0
0.7426851914557369,0.25713972313512806,2.8710721284867883e-05,9.035539815627683e-08,5.774239719864405e-05,2.1970054363668564e-05,6.657188088973215e-05,0
0.7175071587033516,0.2823595213600914,3.350696902193127e-05,9.724044080865084e-08,2.339355201481689e-05,2.041257989897703e-05,5.5909595180449674e-05,0
0.8643698672407474,0.13543390861638763,2.2601972294304354e-05,6.608883101922238e-08,1.3404520592364451e-05,1.3326350893647947e-05,0.00014682521025376804,0
0.8355950301779096,0.16415145472225562,2.4625405607245096e-05,7.204938997950187e-08,1.5130506884092553e-05,1.4528255950855845e-05,0.00019915888200248733,0
0.8082476473365043,0.19100737093919,2.4735493044907608e-05,8.772605765155798e-08,1.7978556199632422e-05,1.7689346425888812e-05,0.0006844906025777768,0
0.8521772777901088,0.14444777467029388,3.517538467872766e-05,1.0208234321446815e-07,2.93708078856098e-05,2.5664430739654082e-05,0.003284634833950127,0
0.790679137911841,0.20509436692132108,3.5313717191373244e-05,1.3098457723378158e-07,3.614200510748239e-05,2.6891826355937705e-05,0.004128016633605783,0
0.8494679259876533,0.14714587176318356,2.870264135981183e-05,1.0646297368338886e-07,2.903791612587893e-05,2.1857411476166377e-05,0.0033064978172275567,0
0.8345557020835495,0.16246213259679296,2.9700575590230033e-05,1.25695977871995e-07,3.468274487103508e-05,2.5806048940712302e-05,0.0028918502542778085,0
0.7665223462099905,0.23073859592736112,2.7279371321018334e-05,1.154491852695471e-07,3.185539192312273e-05,2.370232823412465e-05,0.0026561053219849276,0
0.7665215132779944,0.23073834519812897,2.7279341678227985e-05,1.1544905981812247e-07,3.294199489938852e-05,2.3702302478283785e-05,0.0026561024357610375,0
0.96321278134621,0.035764716522689595,1.5803519479455743e-05,1.0202732799444512e-07,7.272304378437397e-06,8.524808035094054e-06,0.0009907994718793835,0
0.9579325822464789,0.04069045060958003,2.173088852300488e-05,1.225081291102901e-07,9.89061001535069e-06,1.0754924568636255e-05,0.0013344682127051837,0
0.8954561900256464,0.10291891888523132,1.8092296945997775e-05,1.1335925391087614e-07,9.151981833419569e-06,9.715060249102635e-06,0.0015878183908399322,0
0.8983689478420983,0.09957818686369858,2.2243067043985737e-05,1.7232765945156908e-07,1.5913097960784495e-05,1.4806879117776404e-05,0.0019997299224208,0
0.9253674121996515,0.07340118806793404,1.882118166877911e-05,1.5105574256594423e-07,1.3261611192395493e-05,1.3166481687471213e-05,0.0011859994021232634,0
0.8880239300844489,0.11056186356063295,1.9298167258071248e-05,1.6791654791835143e-07,1.4426490531336576e-05,1.3474198887104741e-05,0.0013668395816935383,0
0.8810662500757559,0.11787642182367683,1.6400520485036854e-05,1.4562136585493503e-07,1.173522589339185e-05,1.2259736888001389e-05,0.0010167869959348136,0
0.8874186740293004,0.11253674189582727,1.2816200778995086e-05,1.2413022586230644e-07,6.576197185796445e-06,1.0221286495492026e-05,1.4846260186059475e-05,0
0.8400409220768097,0.15992007796004137,1.4723347465133374e-05,1.4713949986883964e-07,6.780825159311945e-06,1.0278098212620315e-05,7.070552811772672e-06,0
0.8822498237998787,0.11771222171144624,1.4786873484259809e-05,1.247750864683216e-07,6.454398738407591e-06,1.0484057498492145e-05,6.104383867322563e-06,0
0.8396613370813526,0.16030512825076867,1.2747576261458177e-05,1.1585279537467876e-07,6.2477659332063225e-06,8.7555951489352e-06,5.667877739751841e-06,0
0.8503706506365734,0.14960217004512802,8.364409380880984e-06,8.335176522440498e-08,4.5193002230549705e-06,5.784536876164245e-06,8.427720053154347e-06,0
0.7903547590362843,0.20961540817970592,9.914131954784493e-06,9.879482955339658e-08,5.365759327610042e-06,6.230932191585797e-06,8.22316570623808e-06,0
0.20096802970588407,0.7968862231551429,2.0181128584116427e-05,1.7539238882587863e-07,0.002104576505805869,1.562535247825067e-05,5.188759716115118e-06,0
0.23391663885929967,0.7599562985654305,3.321210318176098e-05,2.1889853054900242e-07,0.006068305615523791,1.971708614486424e-05,5.608871889068825e-06,0
0.25520449686454977,0.7391192085610395,2.3715017734084796e-05,1.6623205308207808e-07,0.005632810152430613,1.5261710310097777e-05,4.341461882780077e-06,0
0.319282854622882,0.677716776228823,2.175079953485458e-05,1.6232827226046713e-07,0.0029605957721160797,1.3620741047704139e-05,4.23950732394789e-06,1
0.16230224987606098,0.8361519287100466,1.800385878615914e-05,1.709072707230704e-07,0.0015092651457786848,1.4043271302534735e-05,4.338230754380275e-06,1
0.09680984404165037,0.901515561021119,2.310598259078733e-05,1.6731590842956683e-07,0.0016297094046537229,1.628711047715971e-05,5.325123600691291e-06,1
0.07822969953474875,0.9116469643291716,2.8967388830333242e-05,2.1681907257970202e-08,0.010069360829468738,1.901021336090826e-05,5.976022512662495e-06,1
0.08065766624249432,0.8961745915425186,0.0006444257622609254,1.6394040852862026e-07,0.02155299736789045,0.0009658003082156048,4.3548362115618975e-06,1
0.07579358869625998,0.9042601068013357,0.0007033949676981035,1.6764875880080937e-07,0.018296839269373144,0.000941449273483396,4.453343090954389e-06,1
0.06537793634793372,0.4730887044213034,0.00014662321616504026,1.0504199054943646e-07,0.46030803081273275,0.0010764163712382634,2.1837886363263114e-06,4
0.09104460664428243,0.8164407794188758,0.00036096167410781647,2.070278199778408e-07,0.08939010595361788,0.0027505016024447185,1.2837678851496507e-05,4
0.26650061802740393,0.7295947864644312,1.6510513300016813e-05,1.7795262271301988e-07,0.003852069316612528,1.48926676703365e-05,2.0945057959381286e-05,0
0.44615999237688814,0.5514122640873309,2.2375090307425527e-05,1.8146759978592825e-07,0.002365810878642998,1.560197516992364e-05,2.3774124060981455e-05,0
0.3519444779046686,0.645896445918853,1.902693125416826e-05,2.1882087203035606e-07,0.0020715721670587456,1.5053119642412734e-05,5.3205137650980766e-05,0
0.5532403871943562,0.44499442354800167,1.884265982016534e-05,1.6986601619351418e-07,0.0016901276524896808,1.4041869769534078e-05,4.200720954654687e-05,0
0.4202989016861194,0.5691520946327235,0.00013622922844712997,2.1839825311400294e-07,0.009979005118956209,0.0004054794082944494,2.8071527206198456e-05,0
0.6574285062372593,0.34235750232095447,2.868402745155522e-05,2.5568527378618034e-07,9.927393385339945e-06,1.8202812071124703e-05,0.00015692152360427834,0
0.7474461365117372,0.25219006140805894,2.2541150874463794e-05,1.951588059477023e-07,9.957487331155524e-06,1.2559396700667996e-05,0.0003185488864917117,0
0.8490485255266644,0.1506031071858719,2.1645335906650365e-05,2.271389362472171e-07,1.0033957447497813e-05,2.268783522079695e-05,0.00029377301995235796,0
0.874416491987624,0.12526631996217905,2.0753871370083886e-05,2.177842047054619e-07,9.453465128851085e-06,2.000125234725343e-05,0.00026676167714606303,0
0.8146946326734612,0.18488741235565145,2.6254327652677464e-05,2.7476026949071073e-07,1.7195581543942997e-05,2.7402901562640525e-05,0.000346827399858495,0
0.8362948186164912,0.1633135847303054,2.104829750541922e-05,2.2067898102595393e-07,1.2885714856763351e-05,2.4743387661757167e-05,0.00033269857419811877,0
0.7002106837316425,0.29921993140618014,2.4604976272012807e-05,3.034652900134099e-07,1.5794037700891435e-05,2.2142603655363817e-05,0.0005065397792590112,0
0.8309725048701735,0.1680976053051351,2.0809030983208305e-05,1.6624936458473585e-07,9.086283706518296e-06,1.403630090403553e-05,0.0008857919597330147,0
0.8122769280623081,0.18519953389721228,2.7558289187557933e-05,1.928434340851282e-07,1.046096989551238e-05,1.5039590239527275e-05,0.0024702863477228183,0
0.889910292382338,0.10966263875153986,1.7592595566100082e-05,1.0859552051954623e-07,4.579637019492438e-06,8.969486148438327e-06,0.00039581855186742034,0
0.16563850364693095,0.7479778615980716,8.471469034230618e-06,5.7339604644558e-08,4.865899490662158e-06,5.148970135614626e-06,0.08636509107673232,1
0.17018142875649764,0.7828830775815905,8.585292701459597e-06,5.8110026403963655e-08,4.931278295938649e-06,5.523311656118477e-06,0.04691639566923184,1
0.5762241989585677,0.4179905510893818,2.7189622818878092e-05,1.6363323662675557e-07,9.56346342281546e-06,1.8853353187495604e-05,0.005729479879384444,1
0.6311929967412946,0.35428375014529895,2.9359336917032818e-05,2.8708639726684187e-07,1.4622502497851089e-05,2.3683782730037374e-05,0.014455300404864506,0
0.6326322986491957,0.36183104240906727,3.175056012449261e-05,1.7728976804582914e-07,3.0309886866358964e-05,1.478517745540533e-05,0.005459636027522744,0
0.5587257509954107,0.43696953942697925,2.640129752030949e-05,1.4742038865241576e-07,2.5203345636361497e-05,1.2294204176562272e-05,0.004240663309888319,0
0.5686577947434479,0.4304911689219385,2.6233696074960073e-05,2.0913062787097305e-07,1.5585462057159892e-05,1.8971306198429772e-05,0.0007900367396552249,0
0.5267425812855839,0.47194699431948606,2.329393521700606e-05,2.1431967594750457e-07,2.4248850507028214e-05,1.8484262867392954e-05,0.0012441830266627602,0
0.7667575599799085,0.2330997212192015,1.1930743327167323e-05,1.1643478446842507e-07,2.1571954729416812e-05,8.019280144906409e-06,0.00010108038790401158,0
0.8062211224304184,0.193641631390176,1.3056946251547922e-05,1.2167718944628764e-07,2.1113746278198878e-05,7.620544730976947e-06,9.533326495522729e-05,0
0.29881928508730854,0.7008533902083051,4.6407131263728875e-05,2.1130821157087106e-07,9.829762596607024e-06,1.7101145300057255e-05,0.0002537753570143084,1
0.17772569830537188,0.8220931664342759,1.396136448982294e-05,1.2494980426041368e-07,7.524452798304451e-06,1.140800215271801e-05,0.00014811649110722024,1
0.17771967156277238,0.8220652889581757,1.3960891054912173e-05,1.249455671674366e-07,7.85367751370509e-06,1.1407615303246016e-05,0.0001816923496130341,1
0.15211253230165456,0.8475216109311867,1.534259062384836e-05,1.1209841211096198e-07,7.102305325545638e-06,1.0321537151551639e-05,0.00033297823564557114,1
0.18125534729724366,0.8181369621581922,3.644993826038052e-05,1.413817507383463e-07,8.957632336575512e-06,1.0605069681239317e-05,0.000551536522535293,1
0.15206955980469086,0.830189335678843,2.4177834596884918e-05,8.119752144815831e-08,1.3796491185082431e-05,1.3559048391350108e-05,0.017689489944771514,1
0.3044205920449873,0.6927285516035078,2.7020844908277713e-05,1.1379776356980191e-07,1.383797141368476e-05,1.8514868278379022e-05,0.0027913688691411777,1
0.5900160224294586,0.40626158560920145,2.3797022385055922e-05,1.280183666044256e-07,1.3164636660844749e-05,1.998886342468817e-05,0.0036653134205028347,1
0.6975428697216457,0.3004781201222994,3.1757159411601955e-05,2.8498742008757344e-07,2.288220909540593e-05,3.0145092234770803e-05,0.0018939407078930205,1
0.6926239708091034,0.30513446937601724,2.901380328871944e-05,2.82349438883837e-07,2.088508399037033e-05,2.7088757204305485e-05,0.002164289820956894,1
0.698332743223028,0.29940722149001164,2.925294199430623e-05,2.8467663048522524e-07,2.105722384745244e-05,2.7312029219674503e-05,0.0021821284152682965,1
0.6666942208013308,0.33226885742268686,2.908924393853981e-05,2.6750003574130635e-07,2.0776042490181545e-05,2.6234375542070348e-05,0.0009605546139755702,1
0.8032652155926429,0.1942728048180921,2.085263914293144e-05,2.018003831025832e-07,1.567331878014689e-05,2.1279591275433814e-05,0.0024039722396833716,1
0.8033462322829764,0.1948527418793757,2.0417846401340645e-05,2.1354422967283248e-07,1.569602232592449e-05,2.113328996556996e-05,0.0017435651347253583,1
0.8324198772942768,0.16470921048077375,2.165433396405423e-05,1.876615466740815e-07,1.4064771872632079e-05,1.3952950267141235e-05,0.0028210525072990197,1
0.8298657887976849,0.16776264962629675,2.1669069076893052e-05,1.7769558828131525e-07,1.4434775187014368e-05,1.476984773061479e-05,0.002320510188435804,1
0.6888536333834266,0.3105345860975987,3.430938775435188e-05,2.3402670349697185e-07,1.7983827171447535e-05,2.0827278697055108e-05,0.0005384259986481499,1
0.7220917553696661,0.27359223645500336,3.4783916269768645e-05,1.9575938158360158e-07,1.881845802774541e-05,1.786085102274606e-05,0.004244349190628706,1
0.8391547182051061,0.1607947963589876,1.579961087434076e-05,5.8565264284957104e-08,9.561418345938748e-06,9.025772641210662e-06,1.6040068780452642e-05,0
0.8127370924191841,0.18721199841946076,1.5489336096553627e-05,6.009058229818308e-08,9.641059532964426e-06,9.260846686568587e-06,1.6457828456651908e-05,0
0.8351962630057524,0.1647527622897237,1.4159329677610894e-05,5.491705987946286e-08,9.620674313406964e-06,8.465655371640552e-06,1.8674128101163257e-05,0
0.8206648044888653,0.17927282263081412,1.4315868415789856e-05,1.1822208002055121e-07,1.0082743162796338e-05,8.620183010600998e-06,2.9235863651469714e-05,0
0.4473780197002803,0.5509323196485342,3.6012930307881424e-05,2.2971928210109443e-07,0.0016173904538828337,1.6997201381937723e-05,1.9030346330751017e-05,0
0.22726368038699865,0.7726687414068704,3.317202042004424e-05,1.584569955032586e-07,1.3054966788597083e-05,1.3497583854066264e-05,7.695178072777964e-06,1
0.4799911080847685,0.519911461897522,4.490290435991203e-05,2.7455588216292317e-07,2.2509409303456383e-05,1.9434665910657776e-05,1.0308482253206046e-05,0
0.24308209529559655,0.7568120593798593,3.509943934201678e-05,6.654496589653886e-08,1.1971690509667104e-05,8.503745569689962e-06,5.0203904156856034e-05,1
0.8876238133796944,0.05910895314308599,4.807686355922862e-05,3.951966415202128e-07,3.4296284229842555e-05,3.340845071684643e-05,0.05315105668207199,0
0.6698143732733933,0.09892632764642759,5.0390956469843686e-05,1.3920082541105996e-07,1.5080497397883054e-05,2.71570485371663e-05,0.23116653137694892,0
0.6251970741641566,0.10172149383736807,5.0613615380329164e-05,1.3981590212910664e-07,1.5436233496653876e-05,2.727704544262105e-05,0.2729879652882536,0
0.827983596555108,0.17064844639310728,1.2256867370494218e-05,9.098705460057758e-08,4.430814254703925e-06,8.541913911320787e-06,0.0013426364691936812,0
0.8111593824014761,0.18771627890829526,1.3222327230811214e-05,1.0058087068986169e-07,5.1300802321417235e-06,9.442586556187239e-06,0.001096443115338972,0
0.875283516053057,0.12445561586761497,1.0340248824123765e-05,8.626314895079007e-08,3.3178779770920827e-06,7.0749169193698e-06,0.00024004877245841833,0
0.8557067312591398,0.14419563076587547,1.0752611722958825e-05,8.80945070045886e-08,3.6266083437389334e-06,7.122562851505064e-06,7.604809755965056e-05,0
0.8589016495179895,0.14105593662359545,1.082063553470943e-05,8.865181571387152e-08,3.5446874061864764e-06,7.129282796218478e-06,2.083060086230133e-05,0
0.7603982206695195,0.2395568129320295,2.0286859703490636e-05,1.5848926966183796e-07,7.927915541778353e-06,1.2453889366113216e-05,4.139244569919262e-06,0
0.8572786727128208,0.14265813385630813,1.4081828778043075e-05,7.997691001821661e-08,1.1017268726993456e-29,1.0962889406491348e-05,3.806873577655277e-05,0
0.8614861161671062,0.13779109298930592,2.094472685825574e-05,7.428185532941097e-08,1.5223304755779856e-05,1.4978416986419423e-05,0.0006715701131321323,0
0.8648772831201185,0.13437853347383966,2.1027173997250385e-05,7.457425954611767e-08,1.528323000243748e-05,1.5037378253164817e-05,0.0006927610495295166,0
0.8470850487083667,0.1483836527202745,3.327189829385165e-05,1.234111240164254e-07,3.366054642477588e-05,2.5336956361797402e-05,0.0044389057591542125,0
0.8390270387658354,0.15751393191547527,2.985970370209848e-05,1.2636942487531865e-07,3.6057989179292984e-05,2.5944311171699875e-05,0.0033670409452115635,0
0.8416537967963285,0.15533816804050135,2.995318604874967e-05,1.2676505205568737e-07,3.617087661707981e-05,2.533820704809163e-05,0.002916446128404354,0
0.9724578614060458,0.024830175966403356,1.3736404058983641e-05,1.1732590912227665e-07,9.252437712651283e-06,1.0902474472786691e-05,0.0026779539853971483,0
0.9548645369541997,0.04386367453463492,2.101420285041324e-05,1.1846780554890396e-07,9.564417255966315e-06,1.0684524203764732e-05,0.0012304068990496655,0
0.8144810212899873,0.18174262952538625,2.4010773398148694e-05,1.5912732783331293e-07,1.3970238509065571e-05,1.3641570858819016e-05,0.003724567474532538,0
0.48339039310312065,0.49746888124962113,4.940554156764152e-05,3.090199891986558e-07,4.077965376755835e-05,2.66706323815388e-05,0.019023560799552246,0
0.9302321505081839,0.06851749581518367,1.749066548185988e-05,1.5018022572407543e-07,1.2549175422547612e-05,1.245915643255947e-05,0.0012077044990697408,0
0.9042616282786827,0.09340556368066982,1.822330537754963e-05,1.5765429528829261e-07,1.236863305152713e-05,1.2650720589811718e-05,0.0022894077273330265,0
0.8886027617973167,0.11071252025474738,1.2280252017535656e-05,1.2777260254344615e-07,6.285064968923511e-06,1.0401496610199783e-05,0.0006556233617366877,0
0.8855140370591718,0.11440203238229436,1.3272395674472425e-05,1.2854866283823475e-07,6.7595577762200945e-06,1.0476202045426813e-05,5.329385437502593e-05,0
0.8897650262855875,0.11017204574613602,1.254689832607874e-05,1.215219197907781e-07,6.438013798727548e-06,1.0006510090794299e-05,3.3815024141124376e-05,0
0.8876160084389451,0.11232004883751602,1.5182552376602203e-05,1.2811391722644404e-07,6.627110660658618e-06,1.1840715549034421e-05,3.016423103552612e-05,0
0.8851169243843792,0.11484027752527738,1.6417935032201462e-05,1.2775321232177286e-07,6.608452021762478e-06,1.1807377998627591e-05,7.836572078582474e-06,0
0.8092768924157466,0.190688859750717,1.2201883828079061e-05,1.194117202829273e-07,5.908654309798761e-06,1.0175892303937487e-05,5.841991374210755e-06,0
0.8136693496809477,0.18629912187244183,1.0072131105788292e-05,1.0036929913522103e-07,5.45127215133678e-06,5.756306436998255e-06,1.0148367617237683e-05,0
0.72438446740924,0.2749321042527079,9.869262280908463e-06,1.154624153883124e-07,0.0006631963841479418,7.70263819451492e-06,2.5445910134412996e-06,0
0.25897413474079534,0.7357742182896957,2.695812586935039e-05,2.2489718253941361e-07,0.005197141880186393,2.155948996677084e-05,5.762576303789837e-06,0
0.23935541965347512,0.7566483050478944,2.8881584141914794e-05,2.1969921249015022e-07,0.0039417554205433145,1.9789206842836282e-05,5.6293878898867624e-06,0
0.1741164620184239,0.8197089851055557,2.652622583666861e-05,1.5540513433017552e-07,0.006130277595114483,1.282508157102772e-05,4.768568363935984e-06,0
0.2673974285982105,0.7296922568916265,2.3754117169442483e-05,1.7727922106997968e-07,0.002864203818831171,1.754931554446147e-05,4.62997939695926e-06,1
0.16942638633194876,0.8290035886939541,3.0457737381947325e-05,1.8421517384423105e-07,0.0015173611698734047,1.5122402274581662e-05,6.8994493936152935e-06,1
0.17449011177292692,0.8240461875956946,3.059171407131842e-05,1.8769721050280134e-07,0.0014089950668114335,1.54082460407975e-05,8.517907244286255e-06,1
0.11606516063118728,0.8824698362419376,1.9447354786421272e-05,1.6087673092903015e-07,0.0014235971094925823,1.7714165672753382e-05,4.083620192562517e-06,1
0.13239380509619003,0.8657196349696629,1.9132644175194543e-05,1.6748337720411316e-07,0.0018462399168599323,1.5689436145195858e-05,5.330453589525502e-06,1
0.11007022673880412,0.8864916150518087,2.6656850346686833e-05,1.9302858530695985e-07,0.003385189784519925,1.9975071086422096e-05,6.1434748487102074e-06,1
0.07944877716230575,0.9189136257578264,1.959291647209292e-05,1.3789566157755605e-07,0.0015995164535753512,1.3961041753487099e-05,4.388772405396814e-06,1
0.06827904207399564,0.924679984022747,2.3701584059826662e-05,1.8323416046478367e-08,0.006997732606888096,1.4631711029962936e-05,4.889677863507217e-06,1
0.07554032028784217,0.9122508115562326,2.813536204488056e-05,2.1751117691768868e-08,0.012158767180812586,1.6139488005235843e-05,5.804373945022294e-06,1
0.088563770171079,0.9013596820360554,0.00038626851198121014,6.131706062019579e-08,0.009175230772170489,0.0005104376425745121,4.549549078687377e-06,1
0.06591754062461745,0.5003305284951323,0.0001909011355154488,1.110906139897548e-07,0.43229500286263234,0.0012636347191867265,2.2810723018866722e-06,4
0.007731122709196498,0.07794159585313692,2.9170519096570714e-05,1.730571941054472e-08,0.9140731405275353,0.0002243931387704459,5.599465447253733e-07,4
0.05682212291519101,0.5308077125932982,0.000300624906540444,1.2083546746313793e-07,0.41028851535072075,0.001775690113667807,5.213285114225415e-06,4
0.10601526338047451,0.8080193958466438,0.00040285381824664487,2.1607333011455907e-07,0.08258271159805392,0.0029661606973959273,1.33985858551812e-05,0
0.3185639785857989,0.5241476263908241,0.002055720454912216,3.14797754262937e-07,0.12194469178634672,0.03328163125491684,6.036729447040435e-06,0
0.05562449373169172,0.9069435025116999,0.00025751695071690305,1.4384536322729896e-07,0.036624703812830846,0.0005415919170746156,8.047230622776845e-06,1
0.04120315117947809,0.8793412580047303,0.00019640526261901207,1.45642820165504e-07,0.0789739077198834,0.00028021014873632494,4.922041732722018e-06,1
0.037975116237342094,0.9072737854235164,2.1339436845284617e-05,1.199645293092558e-07,0.05471524672994215,9.602708553476599e-06,4.78949927111983e-06,1
0.09235075556153169,0.8849404391475362,2.9311993699982916e-05,1.9139642595135875e-07,0.022651289350487512,1.4249221242758712e-05,1.3763329075580106e-05,1
0.2725117924615394,0.7248413890256944,2.015784919470891e-05,1.7447964356870262e-07,0.0025975930884231686,1.5697995493725433e-05,1.3195100011072562e-05,0
0.3955909829144498,0.6022871622879882,2.3311859376070334e-05,2.1853163738990866e-07,0.0020690065787375977,1.6255176902213336e-05,1.3062650908594923e-05,0
0.41936549572551424,0.5674658193679674,0.00013552083260544976,2.1775118605483706e-07,0.012587119997140248,0.0004228541916169462,2.2972133969770522e-05,0
0.7723293782203305,0.22762114208002826,2.2545663463884758e-05,2.0854025714042448e-07,5.515849926139666e-06,1.1917337284121329e-05,9.292308710001029e-06,0
0.6942021501104871,0.3056608617486913,3.0242863527866345e-05,2.695805132058377e-07,6.992135676219829e-06,1.585500737724356e-05,8.362855372714108e-05,0
0.8197213156092858,0.17994697184253075,2.6745322060133044e-05,2.5232827378841516e-07,1.1146706961935747e-05,2.5203879140425622e-05,0.00026836431174708864,0
0.8267901560102814,0.17286429876924855,2.2053677744211153e-05,2.31423939307867e-07,1.0507458652942094e-05,2.5019341928515855e-05,0.00028773331820531705,0
0.8789947342263802,0.12071960315954842,1.8586283871415084e-05,2.0951728779499041e-07,8.791597963626803e-06,2.1345930344527314e-05,0.00023672928460384245,0
0.8745662267452191,0.12510513050177216,2.1173538441651473e-05,2.0478778161221426e-07,8.293795106719915e-06,1.8449244185122713e-05,0.0002805213874937043,0
0.8363202711615498,0.16331855516212146,2.1048938108145363e-05,2.2068569736758732e-07,1.3114077729473366e-05,2.4491382864885168e-05,0.00030229859192868505,0
0.7570085502483926,0.24247777864722891,2.6513241428481355e-05,2.118131363286189e-07,2.036074715332827e-05,2.0773511189282655e-05,0.0004458117914709053,0
0.29645245224013494,0.6067289884897358,1.684907733201147e-05,1.1245309059898876e-07,1.1842404700298529e-05,1.0926321476612093e-05,0.09677882901352969,1
0.6249675071789726,0.3656935684801075,3.1122580056128074e-05,1.8730265368828995e-07,1.2171412996923704e-05,1.786016597695753e-05,0.009277582879236131,0
0.7108451606278576,0.2765821494976853,3.53322519813826e-05,2.2628156395764602e-07,1.5153560892388369e-05,2.117570709705613e-05,0.012500802072922349,0
0.6579124490787065,0.3301963139577824,3.587436275648546e-05,2.1589994568406715e-07,1.4313284022720189e-05,2.0376755000572714e-05,0.011820456661785727,0
0.677213025113776,0.31737631842581454,3.269852624433447e-05,1.8258305083652935e-07,3.226965458576642e-05,1.5210463160548392e-05,0.0053302952333679566,0
0.7585107360397089,0.24131118278777522,1.8229876575225994e-05,1.6166696935490409e-07,2.7939828765108198e-05,9.142815239613623e-06,0.00012260698496664238,0
0.17082368325726008,0.8289107651195349,1.395548915123195e-05,1.2489722183500375e-07,7.787392660710868e-06,1.0942270439606215e-05,0.00023274157373200764,1
0.15644888270261195,0.842866863313364,4.047368187750659e-05,5.841898815024245e-08,8.33554088243707e-06,8.212236821417769e-06,0.0006271741054545805,1
0.2769740550308575,0.7170416745718671,3.064791111816455e-05,1.1653729501570278e-07,1.527041816942181e-05,1.693544692946491e-05,0.0059213000837631145,1
0.24828315630979325,0.7474360671025211,3.1889907013861925e-05,1.2125992820095083e-07,1.6296234657844284e-05,1.816670347202324e-05,0.0042143024826137585,1
0.2891557748184391,0.706813303149591,3.713965501540347e-05,1.4122185739263212e-07,1.6930818755728528e-05,2.115732414725431e-05,0.0039555530121941716,1
0.47244254021911947,0.5253535879930812,5.051018232773194e-05,1.0495496482970108e-07,1.0828344968229428e-05,1.980224087585711e-05,0.0021226260646626752,1
0.7089337153034944,0.28923950218928335,3.4699271304200915e-05,2.5658834612424304e-07,2.060199073227559e-05,2.714112559040592e-05,0.0017440835312493171,1
0.8007925411425847,0.19550047534943862,2.2869687910734148e-05,2.0180613668090685e-07,1.4610837390778976e-05,2.3532255418650224e-05,0.003645768921120085,1
0.8082424117613426,0.18881457329612655,2.0248971527181522e-05,1.9595841963263787e-07,1.668434661020138e-05,2.2729262642799584e-05,0.0028831564033310747,1
0.7228238631778754,0.2765914666052475,2.3858721607201152e-05,2.2432216202849712e-07,1.6902834472424884e-05,1.9963620034300546e-05,0.0005237207186011751,1
0.768648612582712,0.22965918076252417,2.5773560712592614e-05,2.739485082332584e-07,1.952085663955303e-05,1.8504760672368963e-05,0.0016281335282312878,1
0.657396956086969,0.3399463666231043,5.039211255351289e-05,2.0265771094311472e-07,2.1605091224079303e-05,2.0084718058212384e-05,0.002564392710379776,1
0.8355365759862288,0.16332989454497457,2.1549320512831634e-05,8.194031600748774e-08,1.7791694016845423e-05,1.2089508198824178e-05,0.0010820170057520197,0
0.8665336214640642,0.13330677549696368,1.5237379203854845e-05,5.793944483522464e-08,9.71252495570637e-06,8.63728087819459e-06,0.00012595791448943752,0
0.8369918842164362,0.162946306046466,1.418977137595696e-05,5.503512822090043e-08,1.0004124181842772e-05,8.552953988703183e-06,2.900785242302955e-05,0
0.27626533448759527,0.7225108045393683,1.8897070236480215e-05,1.8969553073348206e-07,0.001173131751232983,1.3407443395434938e-05,1.823501264072575e-05,1
0.17188839677308815,0.8272978373594088,2.2215496040031668e-05,1.8695652965015746e-07,0.0007457868557811543,1.475145639857086e-05,3.082510275340572e-05,1
0.4008321975968867,0.5990951274011559,2.977775143777222e-05,1.010754280220627e-07,1.7223739346016756e-05,1.3628524097817715e-05,1.194391164793643e-05,1
0.31804239803936485,0.6818647996351982,3.860022178625052e-05,8.031784353228905e-08,1.4449483176043578e-05,1.1454371257677183e-05,2.821793137336727e-05,1
0.01627782747790307,0.002406731015186093,1.1482639799944526e-06,9.533592796875691e-09,9.17680433932225e-51,7.011294082471889e-07,0.9813135825799298,6
0.009095754623927772,0.00038305508790905903,5.487831016652509e-07,4.564864532799296e-09,4.013649680590213e-07,3.3539141409441663e-07,0.9905199001838147,6
0.08948646318628296,0.004311241960378115,3.914631817846387e-06,2.4251031957346945e-08,2.612342714638332e-06,2.6464427964420042e-06,0.906193097184978,6
0.09220278869488038,0.005120240280397569,4.572105136347111e-06,3.252564200148589e-08,3.0040441620576764e-06,3.04325729863964e-06,0.9026663190924831,6
0.8162037062499956,0.058402708206644866,5.0167541085477445e-05,3.8968086162755785e-07,3.556997806314303e-05,3.184627351485708e-05,0.1252756120698343,0
0.8769753606921653,0.06394874458312853,5.1907605543720774e-05,4.266857249321679e-07,3.8947773345356935e-05,3.36949704060168e-05,0.058950917689686,0
0.9019890190422061,0.07110690857296133,4.9355753613420025e-05,3.404237245838876e-07,2.7722529063691077e-05,3.075081439204283e-05,0.02679590286403903,0
0.7111410409642734,0.0975706428044095,7.050464865733664e-05,4.2460011525452977e-07,1.9658648485388117e-05,3.346353846074608e-05,0.19116426479559834,0
0.9203547772061691,0.06298684193947163,2.9731106611507868e-05,1.8494875088103006e-07,1.0389899236791392e-05,1.6058509859764794e-05,0.01660201638990036,0
0.2346361506210943,0.025452556692292235,1.7651965266761033e-05,4.876208564786772e-08,5.188691507247347e-06,9.512732363851382e-06,0.7398788905353899,0
0.5299576987062271,0.4591547947606854,3.3114715002502783e-05,1.0131668671297364e-07,1.2342027177390446e-05,1.976532611120663e-05,0.01082218314810983,0
0.8794439758833432,0.11845997644583159,1.163488368667935e-05,8.63698500825483e-08,3.7750066483479974e-06,7.5685870905455115e-06,0.0020729828235495043,0
0.7976430264366869,0.2005096090843591,1.1465068775862443e-05,8.510925403500625e-08,3.932998222490116e-06,7.2348881373529455e-06,0.0018246464145641713,0
0.7789333463372601,0.21930268986062176,1.1530763116845876e-05,8.559692632592128e-08,3.5932761515067052e-06,7.3979383972061096e-06,0.0017413562275263655,0
0.8584029756451529,0.14126967032923943,1.170002840498765e-05,8.90009015453455e-08,3.4231782026308524e-06,7.896481040172617e-06,0.0003042453370581391,0
0.8543784719311263,0.1453464990019603,1.1645174438836495e-05,8.858363311899624e-08,3.40712910473495e-06,7.902052493067922e-06,0.0002519861272436017,0
0.7970853129176549,0.20287544847139513,1.744752220077276e-05,1.22023040005969e-07,7.326849544717192e-06,1.0710849997342884e-05,3.631366167095543e-06,0
0.2731834490782662,0.7205489664888102,1.9198221713081144e-05,1.880943936450078e-07,0.006214397377528733,1.572752425663868e-05,1.8073215031485678e-05,0
0.16271449553306755,0.8298745877196464,0.00018561065420880118,1.8797534684207052e-07,0.00684532215243827,0.0003566567912406725,2.3139174051658404e-05,0
0.8439125843773576,0.15602239124705275,1.8509697531212246e-05,5.8251796379159825e-08,2.915673818252819e-94,1.696422912537122e-05,2.9492197136871763e-05,0
0.7497750515279505,0.24996247597534907,3.5215151208124364e-05,1.0219774950040928e-07,2.6293256158465635e-05,2.5694495225867704e-05,0.00017516739635854765,0
0.8539407140970857,0.14577931678788605,2.471428175923225e-05,1.2073518630181143e-07,1.4049518000396643e-05,1.2828173570899208e-05,0.0002282564065114519,0
0.8633817782583576,0.13589012372608852,2.544429504204904e-05,7.444530926624548e-08,1.5256802964500262e-05,1.4274598778584542e-05,0.0006730478734595373,0
0.8723664353564152,0.12686874705748083,2.6057192834177484e-05,7.623853504075412e-08,1.5090401272794389e-05,1.5372339385909144e-05,0.0007082214140760463,0
0.9409093594784672,0.05188125829620362,2.235845226236825e-05,6.186282377930473e-08,1.0297395774207645e-05,1.2308489017141691e-05,0.007164356025451817,0
0.8971549796609711,0.09657134433671344,2.527128485200492e-05,1.0695075090057844e-07,2.9170958003546077e-05,2.304229891629906e-05,0.006196084509792772,0
0.8857437960357093,0.10751816111192089,3.3930315676201286e-05,1.2585330595958e-07,3.432665476250048e-05,2.5155964300711156e-05,0.0066445040643246765,0
0.8565847337649679,0.13827637945884597,3.048455551991008e-05,1.290138638703245e-07,3.6812547908679465e-05,2.5787706799383007e-05,0.005045672952094502,0
0.8892025585720867,0.10570159737407074,4.3116549270459884e-05,1.251283652204772e-07,3.814367813928723e-05,2.5602143792208985e-05,0.004988856554275481,0
0.8961712982098249,0.10123752855888486,3.53525063576963e-05,2.1078108746322158e-07,2.093921354592188e-05,2.1297438184050123e-05,0.0025133732921149904,0
0.9084787891318351,0.08799846375106203,2.3759295525252192e-05,2.1209638425009152e-07,1.4811476818297622e-05,1.592539749405221e-05,0.0034680388508808602,0
0.961635399143525,0.03678918530965466,2.055795699047718e-05,1.2072328027864327e-07,9.746511465659508e-06,1.0597800407208925e-05,0.0015343925546768228,0
0.9088596395069122,0.08848284715315607,2.0986129284447817e-05,1.1639793009359183e-07,1.0218903738975482e-05,9.633222817372924e-06,0.0026165586861609104,0
0.9059822251049658,0.09114644532809302,2.3519292811974116e-05,1.61463892118563e-07,1.4175372101146632e-05,1.3841878421934846e-05,0.002819631559713973,0
0.9116644496790538,0.08624038421488722,1.749025365369666e-05,1.5131248459371417e-07,1.1803989443258554e-05,1.2141831980187227e-05,0.0020535787184972902,0
0.9120028280413103,0.08567219283287844,1.7835531346888195e-05,1.550263847253965e-07,1.2311146319981762e-05,1.3051537295184822e-05,0.0022816258844649286,0
0.8841097858070562,0.11464883572042724,1.7560272061906753e-05,1.6771609673478472e-07,1.2344620538236434e-05,1.3189169276025326e-05,0.0011981166945438328,0
0.8960395113468412,0.10374753133107087,1.2961873673675474e-05,1.0937531251254071e-07,5.776281453739467e-06,9.742950073071257e-06,0.0001843668415749789,0
0.7976763765404941,0.20228567669601116,1.3710095588728042e-05,1.3040651043336623e-07,6.452691478460271e-06,1.1273679339498465e-05,6.379890577638486e-06,0
0.8188930544183844,0.18107439955541077,1.1891024960252644e-05,1.1849466897567441e-07,5.704525175131593e-06,1.0047589862973135e-05,4.784391537458513e-06,0
0.8871244948128313,0.11261917542444302,2.150414422105548e-05,1.7939753941630846e-07,1.0583526483158197e-05,1.0246001370428298e-05,0.0002138166931115927,0
0.8591413062959803,0.14057356794839515,2.238954925300568e-05,2.007201311287943e-07,1.1841449054520669e-05,1.1463806835419824e-05,0.0002392302303505428,0
0.7150559842028708,0.2846184822163654,9.828592178959816e-06,1.1498660797014666e-07,0.00030535337762524733,7.670896502813154e-06,2.565727849026395e-06,0
0.6857036264714738,0.3137690612692295,1.2632057742274399e-05,1.477848958446545e-07,0.0005014165841507358,9.858910187155777e-06,3.2569223207739325e-06,0
0.673337096621346,0.32574037903899267,1.4881389485436569e-05,1.6877928516901937e-07,0.0008915224255265775,1.165720552403035e-05,4.2945398400985165e-06,0
0.2923246782074054,0.7066833249920362,1.8882508163390426e-05,1.8411219367844942e-07,0.0009530221197556079,1.486892441121174e-05,5.039136034498158e-06,0
0.18772341828044412,0.8101883250754428,2.408832445918225e-05,1.8297552286424857e-07,0.002045453380566245,1.3118866517587281e-05,5.4130970473048835e-06,0
0.1919787584075863,0.8051949405937782,2.4604125404704396e-05,1.802068229784344e-07,0.0027776732236448067,1.8314435595811186e-05,5.529007167161256e-06,0
0.2655765771739405,0.7312558980840151,2.9636490889556843e-05,2.2544170975572655e-07,0.003111579823570171,2.030645706369452e-05,5.776528811322667e-06,0
0.269633190218252,0.7256235359684691,2.721355226154838e-05,2.0701066712767032e-07,0.004691902685423809,1.864629765410133e-05,5.304267272501639e-06,0
0.14985347213276679,0.8458866441280076,2.750042248860718e-05,1.9650702068904806e-07,0.004212948743087201,1.4023796920908047e-05,5.2142697080675306e-06,0
0.29754738931532715,0.6989932546332508,2.872346596493064e-05,2.1436594070704788e-07,0.0034067011951881003,1.811845568122663e-05,5.598568647205618e-06,1
0.23507953965537204,0.7623475285380854,2.4817164147896528e-05,1.8521284112231993e-07,0.0025274378465888767,1.565440219841086e-05,4.83718076643695e-06,1
0.2111411358838698,0.7869284522585813,2.3451547715657445e-05,1.7502111664521984e-07,0.0018850926655834806,1.7121618368873627e-05,4.571004764175344e-06,1
0.1598423988825653,0.8381702712491335,2.003769616932125e-05,1.8625212765662357e-07,0.001943426233721391,1.5289617788499044e-05,8.390068494398668e-06,1
0.17449667917050693,0.8240900584940408,3.3555666771622093e-05,1.8581066185082036e-07,0.0013573082750471342,1.5253377432362727e-05,6.959205539267505e-06,1
0.16163200761021398,0.8381909638170199,2.9803682072604847e-05,1.6503447626871384e-07,0.00012733094528832514,1.3547840208976081e-05,6.181070719943051e-06,1
0.014326137226886816,0.1338285819248843,7.57943111584631e-05,3.046534342505406e-08,0.8514590740941506,0.0003092972090557264,1.0847685207536473e-06,4
0.25957346692101774,0.5923269399791455,0.002070378147437131,3.557455592784437e-07,0.12032644718097012,0.025695590059498903,6.821966371323928e-06,0
0.04174675432687103,0.8560051086927006,0.00036344780393560036,1.417777193679829e-07,0.10141206986792084,0.00046768611133225064,4.791419520072212e-06,1
0.10695760279411026,0.874754847875422,2.5296717300896607e-05,1.7741719811392658e-07,0.018206129631643756,1.616445799833928e-05,3.978110632672152e-05,1
0.44822680948217447,0.5497584051361684,2.2268709673379193e-05,1.84084787561835e-07,0.001964326661746918,1.552779678726027e-05,1.2478128662134979e-05,0
0.4677506375520427,0.5303058460235013,2.1502627885618514e-05,1.7757116234331302e-07,0.00189482125692322,1.4978363832581121e-05,1.2036604652410153e-05,0
0.5215934404330931,0.47548758682742237,2.1683738691855618e-05,1.9547825747110242e-07,0.0028603120295619907,1.6159089944498727e-05,2.0622403028714565e-05,0
0.5800442538024405,0.4178777663964909,1.9755565226299026e-05,1.7809583119741795e-07,0.0020207656266734153,1.4389204000503982e-05,2.2891309337346982e-05,0
0.4006730350766426,0.5860409074972154,0.00012811103785227994,2.248789236791434e-07,0.012999139285809846,0.00014333887737726016,1.5243346178880815e-05,0
0.7650714749516376,0.23488072040071087,2.1541892478582905e-05,1.9925569296158538e-07,5.178658298980289e-06,1.138675731662474e-05,9.498083864607519e-06,0
0.7000513678068608,0.2998504194805746,2.8197544896117486e-05,2.8018070348444733e-07,7.524186048808216e-06,1.7849127132874535e-05,4.436167378325086e-05,0
0.5772457102635987,0.4225549000310774,2.6504327800694845e-05,2.3625574622269094e-07,8.533261360781114e-06,1.4290159637789286e-05,0.000149825700778253,0
0.5486839904527735,0.4508869402344321,2.605021453601091e-05,2.0035474407184448e-07,1.2064098653949207e-05,1.3702904483774804e-05,0.00037705174037660604,0
0.6205174776315349,0.3791026525234741,2.7060511562169238e-05,2.2161703977538434e-07,1.4023856137851354e-05,1.5397203375920812e-05,0.00032316665687544195,0
0.7557937527734521,0.24378890603255,2.6235084409557654e-05,2.725712906884163e-07,1.1430940536386169e-05,2.543612680961842e-05,0.0003539664709517103,0
0.7904897092137807,0.20916127865897194,2.2002994743023315e-05,2.1751498743222453e-07,1.0027809023429233e-05,2.1300581308418393e-05,0.0002954632271851478,0
0.7168575693999029,0.28276767053337887,2.253488026123411e-05,3.546608328779952e-07,1.7347345054840127e-05,2.8942616303665733e-05,0.00030558056426572427,0
0.7304521839634684,0.2691837837637491,2.2743031582722083e-05,3.579367819927804e-07,1.812798295344575e-05,3.7600484682767756e-05,0.00028520283678159754,0
0.880921116313979,0.11864800893619827,2.209402102920853e-05,1.12511167070076e-07,4.744765744989236e-06,9.292900386236797e-06,0.0003946305514951579,0
0.8449440690904939,0.15445196012958762,1.7520832056485914e-05,1.0641725272124658e-07,4.535003294099329e-06,8.525907241616307e-06,0.0005732826200735655,0
0.8999873561092363,0.09932309278119514,1.707577721324241e-05,1.0371409835188964e-07,4.419807556039787e-06,8.309336687278875e-06,0.0006596424740135939,0
0.9550498338637057,0.043522007353327494,1.6238564943743854e-05,9.862906662975996e-08,4.0915896102021945e-06,7.901613276345732e-06,0.0013998283860698984,0
0.18393129774080805,0.6828722901482139,1.1627352044401984e-05,5.559394371617842e-08,7.927582120183995e-06,4.191200271450984e-06,0.13317261038259826,1
0.3441263190584286,0.5500956961057357,1.7755027430777402e-05,1.0957979556464839e-07,1.2577658370275904e-05,1.0228045369895548e-05,0.10573731452486922,1
0.7419889882318408,0.24388968628024155,4.041400430080657e-05,2.828697059318894e-07,1.684569761436198e-05,2.6697397614415075e-05,0.014037085518682171,0
0.7161266629617803,0.26033755289449795,3.2751806712991024e-05,2.770757565679464e-07,1.6500651407818363e-05,2.5047876420097678e-05,0.023461206733424105,0
0.6730420212544604,0.32164074682817084,3.551851699383654e-05,1.9832940315000986e-07,3.505265852733567e-05,1.6522245994058215e-05,0.005229940166450296,0
0.8146629847485373,0.18153133978377506,2.1537518187883933e-05,1.2489389461935276e-07,1.219825643204652e-05,1.1684374702068959e-05,0.003760130424471018,0
0.7778964539877316,0.2176178613751488,1.5939655843682545e-05,1.4036341198211406e-07,1.4595594886246924e-05,1.1990428254013139e-05,0.004443018594723698,0
0.7411089405592263,0.2567250568248215,2.772847536757481e-05,1.9012649559937366e-07,2.3480395484560755e-05,1.599238288851601e-05,0.0020986112357161534,0
0.7763704484027611,0.22184259568385506,2.07755691690027e-05,1.3558128225589945e-07,2.088194903457151e-05,1.1605279772953915e-05,0.00173355753412488,0
0.7888425099267015,0.20952167798455604,1.8539633496749104e-05,1.4486286844078728e-07,3.086047203523016e-05,1.3446911171401872e-05,0.0015728202091705847,0
0.7879995523693167,0.21086705572065875,1.199271032630523e-05,1.092169332436707e-07,1.766115584756948e-05,1.0138073445238115e-05,0.0010934907534720642,0
0.8168665383746571,0.1821074310873175,1.2348509510939498e-05,1.124571762528859e-07,1.818512621617588e-05,9.23873821322489e-06,0.0009861457069090338,0
0.7838973107158045,0.21567345381800404,1.2365002622538875e-05,1.0795619236362726e-07,2.135945243362089e-05,7.728106624517815e-06,0.0003876749483184658,0
0.7971476812740285,0.20273987033233207,9.787588469571672e-06,8.434859824121392e-08,1.3615987014022782e-05,5.9981299587569856e-06,8.296233959878716e-05,0
0.8155967412105491,0.1842802045206301,9.970946004796833e-06,1.0044813039007702e-07,1.3702856034735395e-05,6.24706894528181e-06,9.30329497057496e-05,0
0.8492276822668786,0.1506646615277518,1.0123142896612518e-05,1.0198137439989431e-07,1.391833240018499e-05,5.767392484318952e-06,7.774535621396303e-05,0
0.22532168533122576,0.7744146881041932,1.7590602426609004e-05,1.5743033796085843e-07,8.473964838573545e-06,1.437349698137615e-05,0.00022303106999662994,1
0.16466549851907714,0.8343932781707203,2.0853599985988377e-05,1.0664248175376835e-07,8.397042760423292e-06,9.94097325761461e-06,0.0009019250517166844,1
0.1573554322533033,0.8409635832772233,2.05090025148742e-05,1.0488025702756375e-07,9.623858961844602e-06,1.1187818087509367e-05,0.0016395589096519893,1
0.13838869816900298,0.8444781205458763,2.7158511427433846e-05,1.333511325841863e-07,1.3863129720826443e-05,1.2016135248911014e-05,0.017080010157590957,1
0.11166437928228881,0.884508197879189,1.4632198275056231e-05,6.162321886911881e-08,1.0758675454472156e-05,8.635188890211223e-06,0.003793335152683418,1
0.1116619703231568,0.8844891161978657,1.4631882611566382e-05,6.162188945846168e-08,8.912893247892583e-06,8.983751807319085e-06,0.003816323329421231,1
0.17589250914427523,0.8193210159346197,2.3048478713071513e-05,9.706822048448311e-08,1.3196910068334198e-05,1.4542393387997644e-05,0.004735590070715213,1
0.23242585164656057,0.763505472779092,2.420998492474938e-05,1.0195988133780018e-07,1.2770532075012633e-05,1.658884773680629e-05,0.004015004249729561,1
0.3826009654520622,0.61571691433805,2.307553545086583e-05,8.590084102668752e-08,9.29082968237776e-06,1.4671607093709145e-05,0.0016349963368197616,1
0.48672558749278666,0.5108718559248097,4.9586312746822955e-05,9.299007905258428e-08,1.0057584725625588e-05,1.7544781682811534e-05,0.0023252749131695625,1
0.543216126139501,0.4524525843070915,2.5819241475329724e-05,1.962338310076854e-07,1.7063208253309223e-05,2.237493693216926e-05,0.004265835932915626,1
0.8003187012123543,0.19471169238443106,2.0736366653580472e-05,1.9364114843824877e-07,1.5547834520825408e-05,2.4895199467530168e-05,0.004908233361424395,1
0.7904013091989932,0.20530439778407933,2.2801821392044216e-05,2.0120727061853393e-07,1.4737018716360487e-05,2.4061921246905234e-05,0.00423249104830178,1
0.7961618304770014,0.199685418358736,2.2968003274307706e-05,2.026736886902128e-07,1.484442353578827e-05,2.4237286858929617e-05,0.004090498776904854,1
0.8087502592749142,0.18805196852724218,2.0635846856482e-05,1.9970238648166086e-07,1.4919134045479246e-05,2.3163526227885182e-05,0.0031388539883275353,1
0.8319849358893897,0.16547328623736476,1.973507856516317e-05,1.9098524593034523e-07,1.4433956953856879e-05,2.2152423069079905e-05,0.0024852654294116234,1
0.8262415372169081,0.17029907688772322,2.001820276065956e-05,1.9811115160327863e-07,1.4800257917523678e-05,2.191779252016959e-05,0.0034024515310184878,1
0.8175642041662656,0.1809119355409873,1.9906935092385016e-05,2.4064975039515296e-07,1.5855113299545916e-05,1.751066033476096e-05,0.001470346934270144,1
0.8325480980128104,0.16473458125085383,2.16576694613627e-05,1.7448823317260085e-07,1.4066938321565736e-05,1.4536319019398185e-05,0.0026668853213004167,1
0.8243676993634729,0.1723510509979376,2.7834252924034203e-05,1.8255566102587873e-07,1.4717320344251956e-05,1.4803732305571569e-05,0.0032237117773548396,1
0.8431508601759509,0.15671044534395334,1.547203186193884e-05,6.379837704957478e-08,1.0694671496935751e-05,9.412839002744765e-06,0.00010305113935699979,0
0.8247960797060889,0.1751395529421287,1.5052000556664824e-05,5.8379290170998134e-08,9.487112270839924e-06,8.999370186849593e-06,3.077048947799878e-05,0
0.7880139422663524,0.21191153670231247,1.55689391975497e-05,1.4035352243723777e-07,1.392319083158293e-05,1.0179663924997162e-05,3.4708883858795825e-05,0
0.6992116522664642,0.3006720330908896,2.526660924892967e-05,1.5760248963318906e-07,4.605891412435579e-05,1.1430709755974461e-05,3.3400807027410975e-05,0
0.5024099945864423,0.4962931427288539,4.1194687244586196e-05,2.7769897021951544e-07,0.0012193439728481535,1.5586005294808916e-05,2.0460320346169544e-05,0
0.4549621229160731,0.5425114455964025,3.369782977814795e-05,2.838303513188912e-07,0.0024624634427801956,1.6167093940041675e-05,1.3819290674652338e-05,1
0.4537699414140065,0.5450760444690058,3.426874051969567e-05,2.6197739703441977e-07,0.0010811491533056028,1.4922340645889755e-05,2.3411905119308838e-05,1
0.2598200621625728,0.7395858521457337,2.8305630544837695e-05,2.3820861108329352e-07,0.0005187830843397472,2.0218155172304946e-05,2.6540613025493005e-05,1
0.027561487987520897,0.00017616767951102223,1.263805621066493e-06,9.41821949079878e-09,8.857302544560561e-07,6.933927730559524e-07,0.9722594919861,6
0.0539778273567596,0.0003952070880157763,1.9524419313039225e-06,1.8002947345201153e-08,1.6631731275837368e-06,1.3313901350997834e-06,0.9456220005470833,6
0.015902935976408048,0.002422548808289704,1.1558107319784822e-06,9.596250566873058e-09,8.683213500381757e-07,7.057374512102507e-07,0.9816717757495185,6
0.7834131834942857,0.055309307859429405,5.4312518135762185e-05,3.805481928507628e-07,3.340940296495115e-05,3.156639162933113e-05,0.16115783978536208,0
0.916425285450002,0.05596371126102186,4.6256973435645485e-05,3.8023696213326985e-07,3.338207913934604e-05,3.262594914974287e-05,0.02749835805028926,0
0.12660261745797263,0.023708349907992372,1.1897344213389735e-05,3.3449024926149304e-08,4.939501438587775e-06,6.700095822300049e-06,0.8496654622435357,6
0.16355926533742074,0.03172785607785173,1.5830354804525816e-05,4.476337884837679e-08,8.330400256518462e-06,8.966447550450933e-06,0.8046797066187372,6
0.17119006925707933,0.023093478808585116,1.601588754898138e-05,4.424255705174237e-08,5.718738790364044e-06,8.157709501480298e-06,0.8056865153559376,6
0.19563438637121194,0.02086618378285693,1.4471204438821006e-05,3.997549845638648e-08,5.107739055735981e-06,6.9879972930502935e-06,0.783472822929645,6
0.5471710879708968,0.4442133441927842,3.2496876744815815e-05,1.8288821895804258e-07,1.3487978571496962e-05,2.085239366500152e-05,0.008548547699118917,0
0.8691774928579149,0.1290630337224935,1.0729224503600782e-05,7.964682216281605e-08,3.746805534699602e-06,7.5813080303681394e-06,0.0017373364347006768,0
0.7685469630299459,0.22934635841373902,1.1287942685043428e-05,8.379438451660608e-08,3.872236563404875e-06,7.123114934912144e-06,0.002084311467747064,0
0.8101723838116075,0.1881541738305539,1.1645161799006582e-05,8.644614813973034e-08,3.581660485569289e-06,7.424930570551149e-06,0.0016507041588352137,0
0.7978437451373002,0.20056379713307523,1.089124110618207e-05,8.767498861519444e-08,3.5907838290345463e-06,7.5775403696304925e-06,0.0015703104893312395,0
0.8005817209707075,0.1983102082394878,1.1565277391248853e-05,8.797586457177833e-08,4.44257098061136e-06,7.603544361684282e-06,0.0010843714212068938,0
0.8187703914762426,0.18117287217528133,1.4520697291259446e-05,1.1344164362098657e-07,4.862863316708786e-06,9.433223491443455e-06,2.7806122733040773e-05,0
0.36278129216440097,0.5956096375101928,0.00038215515032175636,2.3746918313629816e-07,0.03963053601315308,0.0015912433024965831,4.898390251617339e-06,0
0.1798789955196872,0.8088808041115005,0.00029841198818643226,1.897485910745316e-07,0.009926304493704454,0.001003534724230913,1.1759414099405376e-05,0
0.2564885276891109,0.7377064812181126,0.00018451751350203458,1.7089049841034016e-07,0.004988305898057168,0.0006109607077807546,2.103608293811918e-05,0
0.233081504669995,0.7634639763056829,2.061758081248896e-05,1.7077223624146823e-07,0.003395641097672434,1.7068048363973735e-05,2.1021525237041744e-05,0
0.395756680490619,0.6041745593355743,1.7981876226790245e-05,7.055007843969033e-08,2.1387124153327522e-05,1.4879652121987416e-05,1.4440971226229548e-05,0
0.9032476700295616,0.09372580402131624,2.3793305226175678e-05,7.310357694909088e-08,1.6444138055768237e-05,1.3704235611114692e-05,0.0029725111666521987,0
0.9428064409539516,0.052460212238906984,2.207901992823377e-05,6.108967217462505e-08,1.1556110889756817e-05,1.1300393452402266e-05,0.0046883501931987955,0
0.9564356418061778,0.03589343196973628,1.6616361486394273e-05,5.576352822829169e-08,1.1569913991895857e-05,1.0453613369421561e-05,0.007632230571710209,0
0.9393144534910837,0.058164474636627224,2.924643141144724e-05,1.498588917613823e-07,2.758974343795973e-05,1.568038837993112e-05,0.0024484054501681053,0
0.945066255721218,0.05120167061393527,2.8233240888165272e-05,9.944962365487901e-08,3.362653063671789e-05,1.9349382206268076e-05,0.003650765061491911,0
0.9688720652028825,0.02996158195960882,1.607560395237751e-05,9.878099166145292e-08,7.397509470018804e-06,8.671577107894773e-06,0.0011341093659867725,0
0.9615033518403078,0.03715715479133286,1.9936320626457733e-05,1.225042323384011e-07,9.174095173558986e-06,1.0754142865934014e-05,0.001299506305461394,0
0.9549569190501377,0.043249624016406064,2.1663385019731137e-05,1.2212757734933923e-07,9.859886429205388e-06,1.0721516128615074e-05,0.0017510900183015958,0
0.9294778414633394,0.06894060638725447,1.473235543929547e-05,1.3245923628394568e-07,1.162897126981101e-05,1.1381271619026263e-05,0.001543677091841836,0
0.9267596257039045,0.07186962925609923,1.6630691357285848e-05,1.4129588247226461e-07,1.2404765450181809e-05,1.2140541212389307e-05,0.0013294277460938302,0
0.8934039025828183,0.10433354039717556,1.8405443165810354e-05,1.7578822671773843e-07,1.4292880731164104e-05,1.285238339560876e-05,0.002216830524486734,0
0.8916789292248989,0.10643880926713319,1.675519609514145e-05,1.6002691069912154e-07,1.3011369368164814e-05,1.2584492812682743e-05,0.001839750422781539,0
0.8996571206948921,0.09837929013134991,1.2160652625637402e-05,1.2652820417575532e-07,5.717125762444839e-06,9.122595462659424e-06,0.0019364622717031336,0
0.8872436703619285,0.11202837355520544,1.2377619022910808e-05,1.2878567912044777e-07,6.721341862891306e-06,9.722620453940207e-06,0.0006990057158472352,0
0.8529538922049851,0.1469341336467125,1.81615531992072e-05,1.6128377412853183e-07,7.117452177587616e-06,1.2386669972208343e-05,7.414718917932981e-05,0
0.8588021600741557,0.13989491127237094,3.0132022179034168e-05,1.4327197806236853e-07,7.731828130656605e-06,1.2116867900794639e-05,0.001252804663284881,0
0.891350827727289,0.10855266472338074,1.5308346303834394e-05,1.2829476944529412e-07,6.63646583216139e-06,1.0497973691127407e-05,6.393646873378217e-05,0
0.8587647209061249,0.14109737245279436,1.532071024346315e-05,1.2464671574110662e-07,7.349020382139767e-06,9.967208753466908e-06,0.00010514505498585759,0
0.8634607783612362,0.13647433075495036,1.196056762552892e-05,1.0870028664781687e-07,5.954530647729315e-06,7.666210036054252e-06,3.920087521741659e-05,0
0.8432231524592699,0.1567419151484116,1.2364246008976572e-05,1.0919406967508064e-07,5.6384811046316455e-06,8.711760900352795e-06,8.108710234911855e-06,0
0.8225918141099163,0.17736845085190683,1.424240748155869e-05,1.2578093591417765e-07,6.36915998120496e-06,9.657245141959748e-06,9.340444636224089e-06,0
0.8120509796767574,0.1879101233583798,1.4756095129062453e-05,1.3031753642601083e-07,6.484945582254994e-06,1.1150068921759577e-05,6.375537693497233e-06,0
0.8940126672596229,0.10581227220439172,2.4668083483066507e-05,2.057925873955565e-07,1.1142707488802804e-05,1.1560327857466839e-05,0.0001274836245684195,0
0.8276743754321185,0.1720932156273695,1.820893997827273e-05,1.6364229201428024e-07,9.191975940016226e-06,9.805733245861584e-06,0.00019503864905581983,0
0.790691211157367,0.20928059120469342,9.44275841305323e-06,8.164954094927977e-08,5.025213527483061e-06,6.1702691296447456e-06,7.477747328662571e-06,0
0.7114820419894654,0.288199873394226,1.2223424279359185e-05,1.4300421363217024e-07,0.00029333989139891463,9.187404016920112e-06,3.19089239974309e-06,0
0.27341582570656525,0.7249237413686169,2.6585798864611673e-05,1.8663360223988533e-07,0.0016107290230282978,1.6920376259739142e-05,6.011093062788893e-06,0
0.17037855013147346,0.8261125665214877,2.1643390597350555e-05,1.8997428704652976e-07,0.0034684514711233677,1.3557585944731121e-05,5.040925086467681e-06,0
0.24246935677501574,0.7555623001944977,2.2118043297161352e-05,1.7468535643115983e-07,0.0019240710795355746,1.741698654102228e-05,4.562235756369275e-06,1
0.16265249604949825,0.8357519555868306,2.014739226952622e-05,1.8571474706356342e-07,0.0015517070016792627,1.5245503694457688e-05,8.262751281082313e-06,1
0.16385249774575059,0.8351353076705741,2.96950316477695e-05,1.644328369841653e-07,0.0009616649829032298,1.4511598889212914e-05,6.158537398119825e-06,1
0.16051920763649374,0.8393821775668255,1.9486758151759684e-05,1.7156752515400868e-07,5.61169360927522e-05,1.7379096116872678e-05,5.460438794404325e-06,1
0.08006208807294027,0.9175169756765553,1.9026623740324893e-05,1.339100726528577e-07,0.0023839562659626755,1.3557526713540361e-05,4.261924015158419e-06,1
0.08079367396362519,0.7245922174811501,0.00031884412627537827,1.5454625158755163e-07,0.19297518509646278,0.001314985895565204,4.938890669926127e-06,4
0.0627038444074304,0.5161816073427793,0.00021142154159402085,1.137855657997311e-07,0.41952476262200755,0.0013759138916935444,2.3364089294187086e-06,4
0.2120637048076847,0.41577590731570596,0.000697274895770385,1.7947959485572464e-07,0.07995711193150629,0.2915020512792544,3.7702904834546056e-06,0
0.17580597905886178,0.630805519678299,0.000514889236532994,1.7844605208566914e-07,0.18862927735170337,0.004240407649485075,3.7485790656562974e-06,0
0.13937119241699522,0.7242609907893808,0.0003662990707900235,1.679985180685886e-07,0.13341131454430086,0.0025824251454924538,7.610034522544242e-06,0
0.14685844702943066,0.8356966653194047,0.0003926714062308174,1.994012432984918e-07,0.015608857797614444,0.0014204063342876676,2.2752711788511275e-05,1
0.04420047227803037,0.8495533973670433,0.0006293845771814312,1.4070914056105353e-07,0.10515142574287423,0.00045451197186165083,1.0667353868187057e-05,1
0.10237054167358167,0.8773595884880295,2.9502826437293298e-05,1.959361498869846e-07,0.020196302854690196,1.7842363923214676e-05,2.60258571880465e-05,1
0.1261326436597892,0.8667274176629176,2.6520589942190104e-05,1.9196766086451094e-07,0.007069970498482438,1.77435244756269e-05,2.5512096732035856e-05,1
0.46899291886899297,0.5291865193019517,2.1608620451875197e-05,1.786281452195227e-07,0.0017715988068135065,1.5067521744686622e-05,1.210825189984274e-05,0
0.46350073436285333,0.5346899449532366,3.1973439700098875e-05,1.82879077920433e-07,0.001751618693229523,1.4922061464755571e-05,1.0623610437710943e-05,0
0.4155401845548157,0.5734856005469672,2.214241466557253e-05,2.2227969192055013e-07,0.010919597321922582,1.7185723854714137e-05,1.5067158082428034e-05,0
0.775554588857297,0.22439728404696757,2.1687274865754863e-05,2.0042348391493727e-07,5.21360813946446e-06,1.146360450925113e-05,9.562184737229037e-06,0
0.5634215992516163,0.4363877708449897,2.603023858235874e-05,2.3202978347063083e-07,9.224756223103494e-06,1.4291728305937007e-05,0.00014085115049900347,0
0.6044339470420158,0.39504141366410056,3.120818554575374e-05,2.0593973403597618e-07,1.2588758539567413e-05,1.4984948877801286e-05,0.00046565146118659583,0
0.518546245767787,0.4808147085258829,2.5747819779020355e-05,3.465317432528692e-07,1.858597426124166e-05,1.973704287470364e-05,0.0005746283376718643,0
0.7752040627054164,0.22439667313409076,3.44957272808407e-05,2.454182917447601e-07,1.0816805909293321e-05,2.235999575509957e-05,0.0003313462132558727,0
0.7696686143519658,0.22999413516858855,2.0495025418347883e-05,3.905656793011758e-49,1.0902378036616667e-05,2.4235320233994986e-05,0.00028161775575688287,0
0.8873968804764322,0.11231355013688062,1.9190274244511555e-05,2.0119870335342218e-07,8.876762046743187e-06,1.8125905650593558e-05,0.00024317524604213986,0
0.8455234271359797,0.15419369980534908,2.1999534284768846e-05,1.9088102060554607e-07,7.850430990594287e-06,1.8702856723278472e-05,0.0002341293556521443,0
0.7892165106749979,0.2104499437509192,2.44893760016419e-05,1.886660999695063e-07,9.38107090760423e-06,2.4450913912341846e-05,0.0002750355471614645,0
0.6972182350934008,0.3020162225955085,2.5055097093300752e-05,3.0901685178136794e-07,1.596272774981232e-05,2.644753230790967e-05,0.0006977679370880428,0
0.7333830257949722,0.2660793520359813,2.5596648139820314e-05,2.41283414323522e-07,1.631254638055302e-05,2.0611564631260302e-05,0.0004748601264804731,0
0.7985098515775281,0.2004471318261657,2.3177876686376928e-05,1.768567305910469e-07,1.3936257984000773e-05,1.7642789779133143e-05,0.0009880828151263954,0
0.7423184604147817,0.24907341906368197,3.038507540612372e-05,2.217579484145636e-07,1.5277629995396274e-05,1.728902304140564e-05,0.008544947035145302,0
0.9367747609823395,0.06165672778815193,1.783204682133354e-05,1.0830748530915532e-07,4.7007132212001295e-06,8.677349148527918e-06,0.0015371928128320891,0
0.24003045631265188,0.287176217443037,1.1374124754391511e-05,8.773849067421806e-08,7.616157720199973e-06,6.4500793170406946e-06,0.47276779814402875,1
0.7532518677264836,0.22355852393582334,5.1326632067729823e-05,2.529688577882843e-07,1.66308308181635e-05,2.2260097476046258e-05,0.02309913780847332,0
0.6728455600069159,0.3208661652787459,3.59884610918957e-05,2.0095349166412536e-07,3.621163380999828e-05,1.6740851179430584e-05,0.006199132814765081,0
0.8264433639686366,0.16986593774994302,1.6745445517029074e-05,1.1159022747622077e-07,1.069286697172357e-05,1.0242403497008163e-05,0.0036529059752072337,0
0.7555540382278486,0.24025556438441517,2.4056377278971558e-05,1.7455718705734014e-07,2.1523753826395735e-05,1.6533952632651917e-05,0.004128108746811082,0
0.7310659547140271,0.26678423139129487,2.9199380077376543e-05,1.9409305498845884e-07,2.302906452737673e-05,1.772999488828818e-05,0.0020796613621298075,0
0.7849225021623861,0.2136097397205476,1.5129021541492052e-05,1.3777914172702742e-07,3.147671962591401e-05,1.1759213342788194e-05,0.0014092553834144778,0
0.8090262873089712,0.19011927461874048,1.2155039878664566e-05,1.1069525927682911e-07,1.7900211694403033e-05,8.26948976322649e-06,0.0008160026356925842,0
0.784599320150139,0.21445969780199853,1.3772802114800542e-05,1.2593710320576183e-07,2.117410830966534e-05,8.766366924609468e-06,0.0008971428334101649,0
0.8022094934125719,0.19707586483274672,1.1466408824907133e-05,1.0980105214295494e-07,1.6807225326306445e-05,7.431828843597446e-06,0.0006788264906344777,0
0.8198930783935618,0.17962816539845852,1.0456043946588533e-05,9.522259961558436e-08,1.559250383109947e-05,5.859345513226683e-06,0.00044675309208933397,0
0.7306697610788022,0.26920796231313354,2.249791203190167e-05,1.9440971695455725e-07,2.6389310023521755e-05,1.0994528628783122e-05,6.220044766332327e-05,0
0.7339151475235761,0.26596706353111615,2.3538792519129164e-05,2.679202768142122e-07,1.1496152056118852e-05,1.0655385492777582e-05,7.18306949628366e-05,0
0.7993888116835944,0.2004751475332669,1.890730495252854e-05,2.0902465324251807e-07,9.119007629478907e-06,9.42802188303989e-06,9.837742402037148e-05,0
0.2831003795856693,0.7162777815393045,2.7549044478838395e-05,2.7870991104961366e-07,1.3238549892524405e-05,1.7814560560985877e-05,0.0005629580101826765,1
0.2930842011708989,0.7066396179625379,2.0979885254562774e-05,2.3534885214507175e-07,1.0871622478066278e-05,1.859015726226342e-05,0.00022550385271629007,1
0.07439581377951335,0.9252679272546862,1.3296268374542473e-05,6.121763985468326e-08,5.617357819628859e-06,5.247136184372509e-06,0.0003120369857819709,1
0.11325043353677604,0.8803284949440933,2.59923647070855e-05,1.1579113585934213e-07,2.5168577779099884e-05,1.1928119521357548e-05,0.006357866665987314,1
0.14060464285319027,0.8432150823303322,2.9852071237768263e-05,1.3298540842007023e-07,1.865514606003075e-05,1.3211749163245717e-05,0.016118422864607986,1
0.14845602522048254,0.8386269911000143,2.4652968651784455e-05,1.663483766876903e-08,1.8481433304704408e-05,1.3931897772227383e-05,0.012859900744936727,1
0.1218168673686592,0.8742014273542389,1.5215242972680312e-05,1.1564032278387033e-07,1.3142859780194243e-05,8.744523945458403e-06,0.003944487010080906,1
0.29244119759735504,0.7046067323577446,1.982142891002113e-05,8.347756291022629e-08,1.0098328148464626e-05,1.4257718428841975e-05,0.002907809091850162,1
0.6010726198696834,0.38186477453746814,3.679136238263947e-05,3.1682002972144787e-07,2.3224769010879203e-05,3.732789751325619e-05,0.016964944743911848,1
0.7040136793019229,0.28800662664948223,2.7748451483898172e-05,2.389491623719011e-07,1.8347186048952278e-05,2.8575388500285334e-05,0.007904784073399436,1
0.8106317553397367,0.18327131582044395,2.2098085277052537e-05,2.0635720243671297e-07,1.5127194971030119e-05,2.4677789915343606e-05,0.006034819412453585,1
0.8192659461254795,0.17689725730582945,2.2572107123688965e-05,1.9918023163058623e-07,1.460108085723287e-05,2.3819512250736922e-05,0.0037756046882277097,1
0.8175413612094241,0.1784740246881261,2.3584768752214687e-05,2.0811613542671336e-07,1.4160974653979764e-05,2.4888136723159574e-05,0.0039217721061850395,1
0.844269873344224,0.15240381366822464,2.0026483127170175e-05,1.9380529915467714e-07,1.6056745727313908e-05,2.2479521698078224e-05,0.0032675564316995954,1
0.8201596336380446,0.17855624152823374,2.116933812576571e-05,1.8515712176433636e-07,1.4927045590983406e-05,1.542512604857176e-05,0.0012324181668347028,1
0.8329323677076962,0.16448249182174493,2.604301556527917e-05,1.8750394986330539e-07,1.4849267642246835e-05,1.558510717770619e-05,0.0025284755762239987,1
0.7397445838765786,0.25930355059020793,3.2931769111023214e-05,2.4658742385021505e-07,1.95283494381501e-05,1.995068968940735e-05,0.000879208137551153,1
0.7328759594673233,0.26604489291159433,5.17344543875664e-05,2.580100502720429e-07,1.890108433977219e-05,1.960838750356799e-05,0.0009886456848011563,1
0.7408998742757519,0.25744363408735427,3.3981815477869244e-05,2.4061401508448893e-07,1.849003040101152e-05,2.01962105375068e-05,0.0015835829664624464,1
0.6487565327674149,0.34587749622516645,3.494110475299117e-05,2.2527149018495037e-07,2.0339747906550774e-05,1.890841829091128e-05,0.005291556464978091,0
0.6497739447096312,0.34682518649127814,4.045418893145577e-05,2.7212672216153327e-07,2.0640608679976497e-05,1.898027108474866e-05,0.0033205216036722726,0
0.6566629784371151,0.3401384978647562,4.314392832120009e-05,2.426615006895953e-07,2.1344545289955026e-05,1.9627582793963557e-05,0.0031141649802229813,0
0.6899604664128862,0.3055236013217895,3.1861234786074634e-05,1.9469186573121688e-07,1.9439726504543006e-05,1.9295250169565216e-05,0.00444514136199834,0
0.8631420394206191,0.13495199737154875,2.238944445009669e-05,8.513484925803559e-08,3.516844178547698e-05,1.4356299910181741e-05,0.001833963886837313,0
0.8493828379747469,0.15044379215626222,1.7206146411704227e-05,6.542559304394891e-08,1.1361425129768212e-05,9.652919125250595e-06,0.0001350839527311984,0
0.8414426595654227,0.15849324302091086,1.4787975641318609e-05,5.735526767728749e-08,1.0107809353289424e-05,8.913524530815891e-06,3.0230748873485383e-05,0
0.7880157139820092,0.21191201314945038,1.5568974201668097e-05,1.4035383799832095e-07,1.1674891792842518e-05,1.0179686812244442e-05,3.4708961895832564e-05,0
0.17499722833255632,0.8238734462344047,2.1395704795820936e-05,1.4332227663167497e-07,0.0010859621545244698,8.313908642728201e-06,1.3510342799069666e-05,1
0.22633196597286942,0.7725431352310164,2.4710478480031897e-05,1.7875276367931052e-07,0.0010675851227927133,1.1489208818838893e-05,2.0935233258944507e-05,1
0.36402289980086716,0.6358611899366214,2.3158034848077594e-05,1.9488855080761127e-07,4.9533226073496195e-05,1.492296364078736e-05,2.810114939835573e-05,1
0.16967142206874705,0.8302535094396336,3.251087705665176e-05,8.411684266110771e-08,1.83699244482869e-05,1.1665621121541364e-05,1.2437952150122384e-05,1
0.07532289328840859,0.003351846089620521,5.938137516932724e-06,4.545181836169779e-08,4.267339797713555e-06,3.05744976508665e-06,0.9213119522430728,6
0.06024455659478683,0.005269657861200969,4.10283568496267e-06,3.268975523660989e-08,3.3502165687997525e-06,2.4041040175641795e-06,0.9344758956979857,6
0.019764075644911432,0.0035888295536810775,1.2443575760959004e-06,1.0135934425451113e-08,9.545493941961002e-07,7.598041096614733e-07,0.9766441259543932,6
0.015398809549217624,0.0006794077435098132,1.2004831423622936e-06,8.484387422352282e-09,6.615059704289607e-07,6.626520732616894e-07,0.9839192495816992,6
0.04034301162833857,0.0026394169204964134,2.02371106434193e-06,1.7834193887222505e-08,1.4944223579813454e-06,1.3928951820298746e-06,0.9570126425883667,6
0.08111864550805968,0.004841209722770756,3.9246528792965485e-06,2.364119735679939e-08,1.9913153845146756e-06,2.60005660151989e-06,0.9140316051031069,6
0.2502035715597001,0.013929777074606221,1.1600277909687185e-05,9.639859877558069e-08,7.962472260650524e-06,7.4585754169356536e-06,0.7358395336415078,6
0.20252149536808406,0.011299870845985629,9.964160128052683e-06,7.881092271281952e-08,6.839435161639066e-06,6.406608562320921e-06,0.7861553447711556,0
0.8513437476370328,0.05723965531745908,5.300140976289994e-05,3.889061708211793e-07,3.375037936029798e-05,3.225968412368533e-05,0.09129719666609035,0
0.14441844766372694,0.021385012481498957,1.3918689686554523e-05,3.5427251073227276e-08,5.254925999587044e-06,7.096349667452948e-06,0.8341702344621693,6
0.19737833998230261,0.021993954540935414,1.4418127523328157e-05,3.9828877892609344e-08,7.053084069795789e-06,6.9623669909316595e-06,0.7805992320692999,6
0.5299109772155797,0.4530315553884592,3.4969413708456846e-05,1.0699126152733949e-07,1.9431810378432918e-05,1.851038428761645e-05,0.01698444879632505,6
0.8803719018269961,0.11800108347954495,1.0867409544057217e-05,8.067261851362422e-08,3.795061815870818e-06,7.678950069318627e-06,0.0016045925994111782,0
0.7981119657907167,0.20021240976863638,1.0578733772865314e-05,8.515929030096274e-08,3.5283430391492477e-06,7.314401295243536e-06,0.0016541178032492443,0
0.8198018609540171,0.1792114165835722,1.1615857918555312e-05,8.836062539244375e-08,4.0940487190394e-06,7.589366592122868e-06,0.0009633348285554025,0
0.9017130054856124,0.09726995188088904,1.132348930997231e-05,8.613660773652482e-08,3.729323913486868e-06,7.436908382709419e-06,0.0009944667752846052,0
0.8983809521717476,0.10136225948936914,1.1127138790099991e-05,8.46429897141886e-08,3.2687473106130477e-06,7.470340492513804e-06,0.00023483746930032297,0
0.39069102520096105,0.6076364657992753,1.7462370994890946e-05,1.4463812083468587e-07,0.0016138054269079576,1.4071389605128485e-05,2.702517413461743e-05,0
0.6215510593829416,0.37772385575073003,1.9796222339731185e-05,1.5750412725284025e-07,0.0006574563244113988,1.8245668822681363e-05,2.9429146627215963e-05,0
0.8758149666550226,0.12333164512583092,2.3038964548210697e-05,7.078590812278679e-08,1.5922794672340723e-05,1.3270300273563353e-05,0.0008010853737443429,0
0.900113355256888,0.0973143915349711,2.154376108283803e-05,6.619198052229664e-08,1.488942280692196e-05,1.240856514142361e-05,0.0025233452671289463,0
0.960815424398982,0.031272331023659436,1.4585930661398066e-05,4.8949522242806817e-08,1.101085247969696e-05,9.176237523015862e-06,0.007877422607172228,0
0.9148874923183532,0.071408860404405,2.762941346216255e-05,1.1693060064124117e-07,3.74807860415447e-05,2.149636140758209e-05,0.013616923785729866,0
0.9170404810926337,0.0705551159684185,2.8533601674216637e-05,1.2075722080721044e-07,3.8707366003645476e-05,2.4137342380619796e-05,0.012312903871668335,0
0.9346825355043227,0.05896154939020703,2.7644947940414463e-05,1.1699634419656968e-07,3.7938314073079625e-05,2.3385606245956448e-05,0.0062668292408666875,0
0.9566077406958582,0.03928481344113803,2.2542916504359295e-05,8.932064169353054e-08,2.6357670055610936e-05,1.4162352533901677e-05,0.004044293603268287,0
0.9146666714061531,0.08090873887758716,4.084876710133104e-05,2.7206165920904937e-07,2.057853331602889e-05,2.4608554862641675e-05,0.004338281799320498,0
0.9612802163511363,0.037148531753363495,1.9931694016839833e-05,1.224758028568438e-07,9.888000177387965e-06,1.0751647158639372e-05,0.001530558078344724,0
0.9266498934740636,0.07057635013874573,2.2214005557958276e-05,1.3499810608918885e-07,1.1851865836103642e-05,1.1172594176157956e-05,0.0027283829235145527,0
0.9331831632544814,0.06515990887651331,1.6718440688877183e-05,1.420414088594233e-07,1.2470217321869863e-05,1.2204598944786432e-05,0.0016153925706409752,0
0.9057979842971461,0.09021344362221775,1.814078029815415e-05,1.6014915677594457e-07,1.3453028859248514e-05,1.348281904500367e-05,0.003943335303276961,0
0.9000716092260143,0.0953928300159553,1.880969522560623e-05,1.786185208085283e-07,1.3949089760460717e-05,1.3121487139414058e-05,0.004489501867384242,0
0.8916761727786982,0.10487298263671864,1.243945527834504e-05,1.2942906813861212e-07,6.754920422024951e-06,9.771192836138035e-06,0.003421749586978648,0
0.8924278403711463,0.10496138874734258,1.244994152400898e-05,1.2042640884834783e-07,6.682838397783193e-06,9.295358884119656e-06,0.0025822223162963974,0
0.8945091684587685,0.10476775612329192,1.3368411116157805e-05,1.270309326736804e-07,7.049344098991868e-06,1.055198920482499e-05,0.0006919786425868872,0
0.8720028894365783,0.12750949096765105,1.3089819446265532e-05,1.2678033626195693e-07,6.9827710047358715e-06,1.0439505204523924e-05,0.0004569807197787107,0
0.8719791686650485,0.12756232871671577,1.44965295274391e-05,1.4797848149223753e-07,6.076405736569801e-06,1.183251591075722e-05,0.00042594918857916683,0
0.9020714140636306,0.09732496656531624,1.5631007045015775e-05,1.3471346402053895e-07,7.573368005649962e-06,1.0405943175215061e-05,0.0005698743393633511,0
0.9001643467511121,0.09910336798031215,1.527572501126623e-05,1.3165151968561366e-07,7.752273979883953e-06,1.0429266590885578e-05,0.0006986963514740248,0
0.856860145406879,0.14297372299655375,3.072804182848924e-05,2.5634756902880384e-07,1.3215682976327928e-05,1.5777958429572548e-05,0.0001061535657635733,0
0.7586620862323165,0.2413024275645407,1.087187315215467e-05,1.2719215461234804e-07,6.279604493638752e-06,8.798315360328879e-06,9.409217982175265e-06,0
0.7169951002047558,0.28271852522195884,1.0691745645565713e-05,1.250848079438065e-07,0.00026473053158649766,8.03615947929022e-06,2.791051765914032e-06,0
0.39282130907167745,0.6069779134541162,2.220838658172594e-05,0.0,0.00016169721392908436,1.1609030936965483e-05,5.262842758703888e-06,0
0.3151360148339355,0.6846311998453181,2.7687230627463078e-05,0.0,0.0001857462589741381,1.3168564235514351e-05,6.183266909274281e-06,0
0.36265920951818836,0.637086872629689,2.9007515822692528e-05,2.7117709948078525e-07,0.0002024385155710297,1.6333132103695805e-05,5.867511525853277e-06,0
0.4359858278464157,0.5626350660461019,2.6968042801235704e-05,1.456063010476474e-07,0.001329223371823737,1.706532954477164e-05,5.7037570117182e-06,0
0.21116680134525095,0.7875078550219888,2.1860103267814738e-05,1.9713773968445327e-07,0.0012838238332426464,1.4226282273897369e-05,5.2362762361758296e-06,1
0.20803101204733987,0.7908054898573287,2.0234144674426383e-05,1.942102794474337e-07,0.0011238961973865855,1.4015024522113703e-05,5.158518468961944e-06,1
0.16756620463213082,0.8310272181262328,1.909914191719978e-05,2.1261802055752749e-07,0.001368734045904392,1.2881382176557832e-05,5.650053617575523e-06,1
0.16020018983852732,0.8396068951380438,2.9854028555387563e-05,1.6531326415129078e-07,0.00014196989932233796,1.3570726176628084e-05,7.355056110210052e-06,1
0.11477110795280435,0.885156912280209,2.921549251841009e-05,1.6230349506101254e-07,1.9906492745314212e-05,1.805570335495837e-05,4.639774872811277e-06,1
0.19541837733952946,0.8045113106665711,2.6550605048368895e-05,1.933686178032785e-07,1.782626465855784e-05,1.9587458592605775e-05,6.154296982051526e-06,1
0.1687695774380455,0.8311501754639512,2.6992665694420942e-05,1.9658815483290866e-07,2.6457655668235313e-05,2.034342406484143e-05,6.256764420926294e-06,1
0.16393311278625494,0.8359832309949126,2.621913129639481e-05,1.9095448746084275e-07,3.111183939130732e-05,2.0056830627101987e-05,6.0774630301439505e-06,1
0.08123605664121136,0.9165226409174522,1.8896964317801673e-05,1.3376495115280635e-07,0.0022044715726974302,1.3542834102486706e-05,4.257305267711482e-06,1
0.07050620472614409,0.9242513279336488,1.9869219408083636e-05,1.0907810568717295e-07,0.005207370040994897,1.1019947303524358e-05,4.099054394830395e-06,1
0.07383595565079511,0.9175933743961979,2.8847013611455896e-05,2.15918071682747e-08,0.008519655382108216,1.6194776583606796e-05,5.951188896412471e-06,1
0.07487793479225735,0.9080210697235838,0.0018753009113965731,1.812093721637802e-07,0.014146782280273528,0.0010741313486057318,4.599734510866157e-06,1
0.08126266340708041,0.7328781684948023,0.00032069494604869604,1.5544335846441877e-07,0.18423887879623,0.0012944093630342793,5.029549445926166e-06,4
0.006252647101792262,0.06328494265373123,2.0441389697480695e-05,1.4051437470455734e-08,0.9302633555289865,0.00017831075002635986,2.885243286035407e-07,4
0.09363834000414566,0.7868866549703828,0.00037228290651340697,2.1042220129382415e-07,0.11751258088839517,0.001575175138163091,1.4755670198578695e-05,4
0.1553357280292585,0.8096036281500736,0.0004088475244357798,1.7328399288192168e-07,0.03010189968788183,0.004534961432256378,1.4761892101193491e-05,1
0.24845896961544037,0.7379221546577026,0.0004373454941329295,1.8070482816597673e-07,0.011378552368437697,0.0017874030937328957,1.539406572520847e-05,1
0.13691382708712632,0.8565694220562436,2.0815091105899517e-05,1.6472976136536179e-07,0.00646113226209894,1.3884008681249888e-05,2.0754764982630235e-05,1
0.14207299292351908,0.8551934395261801,2.915171572839804e-05,1.8215618604595262e-07,0.002657634993670146,1.8555515496100675e-05,2.8043169220174764e-05,0
0.20803271262667328,0.7888474912499303,2.926271419359326e-05,1.9272487217538943e-07,0.00306259482915167,1.6626974410044388e-05,1.1118880768789088e-05,0
0.43678609358774256,0.5607913401822798,3.6002631482622234e-05,2.0592492112228841e-07,0.0023578163278761516,1.825142392648559e-05,1.028992177111951e-05,0
0.6248668750595581,0.37333570121528653,1.9008544884191673e-05,1.569747394363124e-07,0.0017302671638333691,1.2619113297511444e-05,3.537192840097597e-05,0
0.46304990965254933,0.5306040333038432,2.0486747212891438e-05,2.0565904521768438e-07,0.006295523418624359,1.5900685882714824e-05,1.394053284221592e-05,0
0.4580525006570874,0.5354068856316532,2.061604651198258e-05,2.079318915511631e-07,0.0064795367413192405,1.6113061894906792e-05,2.413992964169659e-05,0
0.5905852434495679,0.40901876915825025,2.736403117083232e-05,2.1045943611816513e-07,1.3537850508963578e-05,1.3812174431761747e-05,0.00034106287663416245,0
0.6197849412957877,0.37975211027929595,2.7490490939221123e-05,2.1143205054695986e-07,1.2924494849528725e-05,1.4762727099791959e-05,0.0004075592799773172,0
0.48484774209710485,0.5148407355211393,2.8427612384972332e-05,1.875910063805547e-07,1.2216360375686606e-05,1.6988333705368315e-05,0.0002537024842834295,0
0.46937748722504263,0.5299805291290868,3.0109976852481103e-05,2.478580515662961e-07,2.992150033228678e-05,2.0432735056840418e-05,0.0005612715755774256,0
0.7871895310504938,0.21245332622656327,2.3110204948296087e-05,2.405033055714168e-07,1.0600177999833308e-05,2.191219266270975e-05,0.00030127964402631215,0
0.7745565697909961,0.2250227358713044,2.8526377609559402e-05,2.4543241140657026e-07,1.0447781210039027e-05,2.3811033004057847e-05,0.00035766371346459766,0
0.6972393769574375,0.3022963472940015,2.3325994212439458e-05,3.344475730706497e-07,1.559310226764471e-05,2.3839487150594407e-05,0.0004011827173571035,0
0.8344371349095209,0.1652776888735699,1.8819814189280636e-05,1.9344423908936977e-07,7.955849380318097e-06,1.8612927365936817e-05,0.00023959418173432413,0
0.792008167799875,0.20769372909858033,1.956029065634836e-05,1.7394531583049565e-07,7.986317501409434e-06,1.8183293018169084e-05,0.00025219925505306026,0
0.7859917128518648,0.21355707108301542,2.6669472599159353e-05,2.0348629472104914e-07,1.0772913086363588e-05,2.4850247788029195e-05,0.000388719945351896,0
0.9034514146260292,0.09591004195290115,1.6969964713071624e-05,1.008957871757286e-07,3.4610028811952853e-06,8.32905352740156e-06,0.0006096825041604589,0
0.9559896624550813,0.04255148135307231,1.734658145730247e-05,9.678101092651012e-08,4.331601490136001e-06,7.993336447206286e-06,0.0014290878914407232,0
0.15061495772217284,0.005680342844862734,1.0433569292497507e-05,7.817104879260468e-08,6.941111568395219e-06,5.373238986109644e-06,0.8436818733420686,1
0.19565889900815545,0.7120262073858101,1.0415243820944015e-05,8.205195271493977e-08,6.38562817718515e-06,5.488116625106853e-06,0.09229252256545842,1
0.7953651381099252,0.19896482843497523,3.0600058634751634e-05,1.68205117938659e-07,1.558973684653272e-05,1.492391402128574e-05,0.005608751540479381,0
0.8146746065501823,0.1829555937918658,1.4255031640274502e-05,1.226771249466484e-07,1.1547777081399363e-05,1.064640438006438e-05,0.002333227767725264,0
0.7713322585461491,0.22521973370646967,2.3933606670430522e-05,1.594915232302266e-07,2.4146108227496964e-05,1.389011684974165e-05,0.0033858784241103286,0
0.7462048836803092,0.25214385946244267,2.5757373816901567e-05,1.7075118276278236e-07,2.1016271188362507e-05,1.3059357901868176e-05,0.0015912531031583843,0
0.8213268926137652,0.17699100062363313,1.363326418147591e-05,1.1373367919624504e-07,1.8013573477182034e-05,9.73520197418239e-06,0.0016406109892892348,0
0.8103552416662505,0.18807746897524508,1.3041624372781585e-05,1.0879800338845156e-07,1.618423838553329e-05,9.312725525627125e-06,0.0015286419722171,0
0.7535457671211613,0.24538583329839153,1.491958948397792e-05,1.358718558490025e-07,2.2308374528573523e-05,1.0150307505437166e-05,0.0010208854370734055,0
0.8491660194846176,0.15065372170276467,1.0122407850912447e-05,9.218419460139786e-08,1.3435238887575338e-05,5.122091586139517e-06,0.00015148689009857616,0
0.6657303881711523,0.3341587875173307,2.3219750683912813e-05,2.315280867881726e-07,1.6275965695186363e-05,1.3077101625942825e-05,5.801996542482381e-05,0
0.74951292464237,0.2502781320298059,3.702805684305753e-05,2.355337062876025e-07,9.773133583975937e-06,1.0429356077826283e-05,0.000151477247612737,0
0.8256858441327659,0.17419200480738273,1.882453757239624e-05,1.6376817058587892e-07,6.7652020408620905e-06,7.251601446668313e-06,8.914595062076993e-05,0
0.153783012393617,0.8457202553538791,2.3462528547338468e-05,2.2606495648207923e-07,9.382503210094182e-06,1.4238790433240811e-05,0.00044942236535682644,1
0.05119173980658568,0.9486607299592323,6.8279716768958295e-06,5.161450456172296e-08,5.0428098177052275e-06,4.611528777814752e-06,0.00013099630940491787,1
0.06677600686987388,0.9329088333156007,1.2688573138803796e-05,5.84197638011939e-08,5.3606210053386275e-06,5.730049081315614e-06,0.00029132215153624265,1
0.1304933894290462,0.8624627229515756,2.9882526835322386e-05,1.3312108242564102e-07,2.317351653528216e-05,1.3225228017436332e-05,0.00697747322690763,1
0.10668295822346657,0.8858575559808718,2.5811141557500748e-05,1.1545041350071518e-07,1.6838586206866357e-05,1.1893020314607922e-05,0.007404827597169166,1
0.1264724076643619,0.8706836136171261,1.5751770410474414e-05,1.197180891527884e-07,1.5689297218831698e-05,1.0125424843407435e-05,0.002802292507950012,1
0.13762706805049618,0.8589210259076552,1.7141050907731146e-05,1.302770296461194e-07,1.7073067682327852e-05,1.1018470824577312e-05,0.003406543175404487,1
0.12402893546927214,0.8720276253521083,1.4995777098265251e-05,1.1397231757337378e-07,8.127781152278026e-06,8.96647058568978e-06,0.003911235177465917,1
0.4452389386918243,0.5440401108384605,3.450719712719885e-05,2.0737449422681097e-07,1.8519494568017013e-05,2.5751714312634214e-05,0.010641964689213143,1
0.7145538736905197,0.2657729828609972,3.313082704779624e-05,2.7933574613340296e-07,1.8196991696705982e-05,3.291148009999298e-05,0.019588624813892504,1
0.8713768985653879,0.12313073625815625,1.6105770520569897e-05,1.5586279697910664e-07,1.0343876249885387e-05,1.807856205117822e-05,0.005447681104837054,1
0.8372295179866369,0.15814998801207036,2.0309585676468106e-05,1.9654501006196568e-07,1.6096397127442543e-05,2.2797301403047494e-05,0.004561094172075768,1
0.838849250457773,0.15879607387622705,2.5768164518362053e-05,1.8883591741496957e-07,1.4954752047667995e-05,1.3731032731446042e-05,0.002300032880785235,1
0.7839656389047395,0.21485741493315602,3.43715233920734e-05,2.573680563131897e-07,1.9430440592246025e-05,1.9168423741653247e-05,0.0011037184063222385,1
0.761755656955025,0.23684000372133818,3.3450312423885624e-05,2.504701870034007e-07,1.9284722523918083e-05,1.865467979169047e-05,0.0013326991387103604,1
0.7256063690570496,0.27217838508777553,8.772717197525051e-05,2.266563764635311e-07,2.050129554900297e-05,2.1865437225013107e-05,0.002084925294048983,0
0.8968262633725749,0.10158916175343148,2.3263195265806194e-05,8.845724719204028e-08,2.406994052833197e-05,1.3051018927921455e-05,0.0015241022620244812,0
0.8454464801454944,0.15330630326879696,2.1937214697263735e-05,8.341526608913433e-08,3.32580537190594e-05,1.2307122945431882e-05,0.0011796307790808737,0
0.8378833382553239,0.1611297343513475,2.0092523368889707e-05,7.64009107968999e-08,1.9199978529300954e-05,1.1272222057239228e-05,0.0009362862684621879,0
0.7748031040787682,0.22509824545695797,1.7278812678396088e-05,7.88928963141971e-08,1.3288538498197717e-05,1.1642813061056007e-05,5.6361407139895126e-05,0
0.8485423497546408,0.15140795020336564,1.4045037006286863e-05,5.789967727897275e-08,1.043806552411281e-05,8.544687168916145e-06,1.6614352616974177e-05,0
0.8315651750042335,0.16836118324171717,1.54341082320848e-05,6.659087004135562e-08,1.2149202429287585e-05,1.0893212915859252e-05,3.509863960210061e-05,0
0.8215954434566063,0.17833184473799574,1.54251264193328e-05,6.655211777159631e-08,1.1799114995888524e-05,1.0342797764847375e-05,3.507821410008807e-05,0
0.22243571171601995,0.7761771512251532,2.6731190608657857e-05,1.9261115736460315e-07,0.0013122290270005997,9.971843293891385e-06,3.801238676641303e-05,1
0.23331174716774888,0.7657377376568785,2.4929894213750564e-05,1.771781155220269e-07,0.000884854858524367,1.1340391526735393e-05,2.921285299230343e-05,1
0.28111194204763534,0.7183251838557182,3.0458252013649985e-05,2.154535755708366e-07,0.00048017907531866305,1.6497664235264348e-05,3.5523651503306075e-05,1
0.4063067396144614,0.5936085784033299,2.53046517379885e-05,1.7899837761802882e-07,1.968217580503326e-05,1.3706224762226765e-05,2.5809931525803505e-05,1
0.029675169702830007,0.0016998548634903077,1.4907112909151e-06,9.856615911657776e-09,1.0843864168403132e-06,1.0415124346988737e-06,0.9686213489669213,6
0.08893532471933097,0.005039755378871581,4.085609091795014e-06,3.66661754521527e-08,2.096645192521085e-06,2.733467136333908e-06,0.9060159675142013,6
0.13302885503411133,0.007357999192948802,6.112130657633262e-06,6.181918755394743e-08,4.1953883513631165e-06,3.929887527095592e-06,0.8595988465472162,6
0.30330330243742365,0.02313465439069106,1.9974375040343642e-05,1.465651148948072e-07,1.3378429466246204e-05,1.19778854860405e-05,0.6735165659167778,0
0.8476330569276225,0.0597698191489668,7.022246680800747e-05,3.880987750291775e-07,3.407228994577978e-05,3.2192710814525e-05,0.09246024835706741,0
0.10480861768801686,0.01023899124656268,7.656078248023908e-06,2.114927927939554e-08,3.7692037382410623e-06,4.049589856060132e-06,0.884936895044299,6
0.8371149040698554,0.16092135506293653,1.033344030980786e-05,7.670877633412646e-08,4.38957906523481e-06,7.007871255848819e-06,0.001941933267800722,0
0.8526745335318751,0.1453851724266208,1.052551012185733e-05,7.813457837210373e-08,4.061687935171998e-06,6.639769502494386e-06,0.0019189889393662414,0
0.8352678060074207,0.1627434044141007,1.1427561604814895e-05,9.199239313808539e-08,3.8114540273449788e-06,7.817387629723336e-06,0.0019656411828234987,0
0.8345300267983979,0.16355106176034964,1.1173609846660467e-05,8.994806987979668e-08,3.9790669397312226e-06,7.643663837947279e-06,0.0018960251525582319,0
0.8649786362768518,0.13394281908219016,1.1468104561724094e-05,8.723668094469135e-08,4.4052439734029335e-06,7.522397206086887e-06,0.0010550616585358063,0
0.8594391051726277,0.13916457240044075,1.374488741752497e-05,9.639483468981374e-08,4.681170501516576e-06,8.425927918116458e-06,0.0013693740462598883,0
0.8748541394196503,0.12406119789573115,1.1599036469046948e-05,8.823266637219833e-08,4.336223750119341e-06,7.812526741224425e-06,0.001060826664991615,0
0.9173765202880388,0.08166828528474004,1.0080013932162004e-05,7.667761961754057e-08,3.511991403066698e-06,6.620233221212515e-06,0.0009349055110451412,0
0.9124389610598823,0.08672243787454362,1.1031153091619495e-05,8.155810444150297e-08,3.6710312748745126e-06,7.14352629516018e-06,0.0008166737968077997,0
0.4557524246796917,0.5393230692172158,0.00011961326438369826,1.920643329175836e-07,0.004398599207760166,0.00038765156597740874,1.845000063810137e-05,0
0.4931264077480162,0.5017709975528338,0.00010582674198341002,1.8232395387941957e-07,0.004785977297892488,0.00018816482996968615,2.244350535044854e-05,0
0.7197664873110078,0.2801873157798646,1.0574478182128621e-05,7.125492434733683e-08,7.571415117645442e-06,9.651681306450189e-06,1.8328079597345945e-05,0
0.8934621353079584,0.10576239784626341,1.9632190096978534e-05,5.740510062404698e-08,1.3157509113561321e-05,1.0263831163537039e-05,0.0007323559103032366,0
0.9074604456397856,0.09185748253146661,1.9144226337755184e-05,5.597828025603251e-08,1.3284423197522985e-05,1.0008720673375061e-05,0.0006395784802588514,0
0.9120430543733258,0.08725239084904665,1.9227537366587616e-05,5.622188415196009e-08,1.2646719399162575e-05,1.0259517949625456e-05,0.0006623647810282275,0
0.9184525336917444,0.06717076288494099,2.716491591013857e-05,1.1496479786265772e-07,1.8008523996059292e-05,2.49825326607803e-05,0.01430643248595007,0
0.9313009534815925,0.05874823277426891,2.7544931458428762e-05,1.1657306386423011e-07,3.7847437939779586e-05,2.330099960929847e-05,0.009862003802067445,0
0.9444976785364644,0.04830580223509066,2.7699786489028564e-05,1.1076476955398016e-07,3.2387195008573946e-05,1.740210239857688e-05,0.007118919379779213,0
0.9331410150367873,0.05259357385558389,3.593486582193501e-05,1.0428643040310631e-07,3.526198207761608e-05,2.133773730722081e-05,0.014172772235991768,0
0.9598163162512751,0.036771922335564915,1.6343811222198586e-05,1.3692289037701822e-07,9.47888782526377e-06,9.868844679605814e-06,0.0033759329465426658,0
0.9293807207677369,0.06770193814866377,1.900410645720457e-05,1.353959440593854e-07,1.1886793157559265e-05,1.1205519691319894e-05,0.0028751092683493777,0
0.9313171077845855,0.06717447789641051,1.671247532342766e-05,1.4199072656622506e-07,1.2465767779897363e-05,1.2200244179038515e-05,0.0014668938409950242,0
0.9313414074936178,0.06700325021199541,1.7403914070572017e-05,1.3968098335956798e-07,1.2262988886221136e-05,1.2001784520485048e-05,0.0016135339259259018,0
0.9319583639640037,0.0662485461501322,1.7562585421848438e-05,1.4420461775934664e-07,1.2887748205307754e-05,1.2569316642486133e-05,0.0017499260309766067,0
0.9345895576748912,0.06311711974749706,1.670415120128231e-05,1.3930421463381413e-07,1.2449793009644317e-05,1.2142182480503622e-05,0.002251887146705617,0
0.9345523469673656,0.06295302451032518,1.592741300789123e-05,1.5124811527531562e-07,1.2566426898093128e-05,1.225593456906117e-05,0.0024537274997190636,0
0.9201332177798421,0.07816653041327802,1.559170259524683e-05,1.4891452088587223e-07,1.1661180131283044e-05,1.2124286605567607e-05,0.0016607257230269812,0
0.8659084102966451,0.13352812069448644,1.4226484414315788e-05,1.3518462052934816e-07,7.501817761592018e-06,1.1229285863376135e-05,0.00053037623620864,0
0.8566631863925298,0.1426631915438499,1.719599429076832e-05,1.5955948665232315e-07,7.353191919664121e-06,1.2259880618455958e-05,0.0006366534373047625,0
0.8997452419085835,0.09953236700728217,1.5590699356758965e-05,1.34366078321326e-07,7.821096635441262e-06,1.037910936263237e-05,0.0006884658127010045,0
0.8694021944693986,0.09758892324455436,3.880098827483651e-05,2.9521368266987846e-07,2.3989552878882823e-05,2.0459310877001423e-05,0.032925337220333556,0
0.8901653119436105,0.10780189583846896,3.795883101850263e-05,3.022639942658945e-07,2.3620635004643097e-05,2.094792141638459e-05,0.0019499625664869524,0
0.878054376298986,0.11812261412684416,4.113910623852353e-05,3.275883434377591e-07,2.4037134515912285e-05,2.2469388083159116e-05,0.0037350363569887707,0
0.8763960415479827,0.12333450334272603,3.7510811033379465e-05,3.041511718601026e-07,1.6936462958557624e-05,2.52780085697397e-05,0.00018942567555750348,0
0.8473218229044273,0.1525495395543203,3.114927934741848e-05,2.5986172767789547e-07,1.3644343653245688e-05,1.4442611369912894e-05,6.914144515409583e-05,0
0.8363808308613531,0.1635886423064418,1.185360872441461e-05,1.1838746290265357e-07,5.521195904040306e-06,8.611277717551178e-06,4.4223623960698995e-06,0
0.8333323905855529,0.16663319828090503,1.1604702340041849e-05,1.2545789946221057e-07,5.8916678206949935e-06,7.081371811605074e-06,9.707933670441393e-06,0
0.6961015323465914,0.3038355918125911,9.460217350419161e-06,1.1067691933679883e-07,4.23509073985084e-05,7.1105147706396115e-06,3.8435243784154526e-06,0
0.3734306733059869,0.626460103383507,2.8523663164136955e-05,3.27777396667644e-07,5.92121778567833e-05,1.539005213050198e-05,5.769639958076053e-06,0
0.41569620658804246,0.5841087405344506,2.5865656372289003e-05,2.2273604072414737e-07,0.00014463017830384852,1.876380211937072e-05,5.570504670694778e-06,0
0.2491412181481886,0.7497555917494508,2.2177461071445327e-05,1.785295750958264e-07,0.0010600151027895062,1.624451720628474e-05,4.574491718199183e-06,1
0.24909166213554976,0.7496064598721287,2.217304981204264e-05,1.78494064256048e-07,0.0012587115805741279,1.6241286052861112e-05,4.573581818299487e-06,1
0.18069947306921524,0.8179774647516476,2.1245041213855422e-05,2.039130122574393e-07,0.001281481772971001,1.4715214227059536e-05,5.416237712980457e-06,1
0.1602011739562045,0.8396120528846621,2.3775872382989952e-05,1.6531427967883595e-07,0.00014197077145044028,1.3506099727410892e-05,7.355101292682945e-06,1
0.12103768573340659,0.8787605089169497,2.255524739623105e-05,1.596606478932747e-07,0.00015937801004003172,1.4630950114191006e-05,5.081481445358463e-06,1
0.077008982042025,0.917990735602666,2.0406241354301224e-05,1.1267266770662803e-07,0.004963820148874071,1.1382633563075438e-05,4.560658849973679e-06,1
0.07033692241615808,0.9258086962976656,1.9788514874045716e-05,1.0926190287076356e-07,0.003820215350196049,1.0162197880416748e-05,4.105961323112732e-06,1
0.0976008447537072,0.8956403807462339,2.4742173962998637e-05,1.9238256150468252e-08,0.0067161731802272496,1.270610095826165e-05,5.133806654436891e-06,1
0.07194388843742489,0.9175264992687487,2.8844911212108182e-05,2.159023353566517e-08,0.010479667884790132,1.512715242268397e-05,5.950755167783836e-06,1
0.08129185873873489,0.8860481333926145,0.002049350482604776,1.8537980505384587e-07,0.028911314078756214,0.0016953514426390189,3.8064848455736953e-06,1
0.05330665835277482,0.4261826889507435,0.00015699119583532825,9.576190870780604e-08,0.5191936305700093,0.0011579688474552595,1.9663212730944295e-06,4
0.03532602206928924,0.3838909944283092,0.00014071793419811226,8.523702602047662e-08,0.5797929159069022,0.0008475142150346387,1.7502092406153597e-06,4
0.10584818944881857,0.6854538805110262,0.00041026288367901283,1.9794566860190733e-07,0.20556221777843878,0.0027173120445519302,7.93938781695555e-06,0
0.21236022978035227,0.6196813629246226,0.000425154216328267,1.9123763667552393e-07,0.1631387950569529,0.00438560405878191,8.662725325448086e-06,0
0.06434414727291105,0.8947473531372666,0.00036114978879481983,1.4458903363874541e-07,0.0397702058805378,0.0007400087437652204,3.699058769103639e-05,1
0.04669112293660375,0.8651844498067361,0.0004127509887784022,1.3023491900739274e-07,0.08704441922771843,0.0006572535165473767,9.87328869686145e-06,1
0.12016051851197564,0.8664106717857765,3.464836358621763e-05,2.607126030184282e-07,0.013226043144670525,2.244726841369036e-05,0.00014541021297441358,1
0.06811404397693462,0.9245770237405737,1.717128893374818e-05,1.3169544161246223e-07,0.007250871037160696,1.088422205282805e-05,2.9874038902694663e-05,1
0.49038510878165037,0.507541557964408,3.4459295072120244e-05,1.9709747114127305e-07,0.002010977882804264,1.6249408881224265e-05,1.1449569712801523e-05,0
0.5230500308408987,0.4743525594745095,2.3297288870609762e-05,1.9239167818036716e-07,0.0025396381361316514,1.3985090263910886e-05,2.029677764747217e-05,0
0.49334389213957913,0.5016616944743629,1.9534071861170338e-05,1.9609548194424806e-07,0.004939258808146864,1.4736892103891126e-05,2.0687518464103976e-05,0
0.5464938917558514,0.4480400032084738,1.7251951353740016e-05,1.7400188129410844e-07,0.005422215776969582,1.3483756927360625e-05,1.2979548542844074e-05,0
0.8001436232174591,0.1998121936798824,1.5805060806414176e-05,1.9493366714578557e-07,1.1065469526483726e-05,1.3950149709286523e-05,3.167488949407738e-06,0
0.7665107242127217,0.2334344862097559,2.1434376125661563e-05,1.980863139901334e-07,6.004870347555513e-06,1.0241767540126468e-05,1.6910477195199353e-05,0
0.8314672439193446,0.16843416262534358,2.6131238880940468e-05,2.2463834431887459e-07,6.86636266088715e-06,1.4867076249582152e-05,5.050413917634311e-05,1
0.752223358613491,0.247662280527739,2.5804183800860405e-05,2.2182680093874614e-07,6.6645822229307365e-06,1.6607178867102704e-05,6.506308707803612e-05,1
0.6415792860547789,0.35818456985634867,3.181733297098152e-05,2.4471021517452093e-07,1.0269365191886738e-05,1.5558868799443933e-05,0.00017825381169510053,0
0.4241537802954082,0.5755528826065655,2.6954004012715232e-05,1.7544868787953114e-07,1.6797085750939873e-05,1.4608924134185029e-05,0.00023480163544068087,0
0.5239733320173975,0.4753567007892474,2.9973672061036558e-05,2.126036753151241e-07,2.9665668408016007e-05,2.0258033057620617e-05,0.0005898572161530373,0
0.6111302200874046,0.38813753837249304,3.2714536587657186e-05,2.9143751586446235e-07,2.7480410389936655e-05,2.1323463988880465e-05,0.000650431691620146,0
0.778238785868635,0.22132711366619368,2.3181064564737668e-05,2.3428483897797173e-07,1.485054232124317e-05,1.9733497164267812e-05,0.00037610107628198875,0
0.7970207076458985,0.2025782571564495,2.3714248961411566e-05,2.3464947049563186e-07,1.0293100023833044e-05,2.034612642664141e-05,0.0003464470727693486,0
0.7973101356958695,0.20230392150866186,2.3339553560028983e-05,2.2312575999309185e-07,9.844170190690836e-06,2.1468840756235728e-05,0.0003310671052012799,0
0.8506502478344523,0.14903683593405131,2.0510715073490304e-05,2.1082459320082475e-07,9.301450338662541e-06,2.0285240122282684e-05,0.00026260800136880086,0
0.7956908457489449,0.20381910311960483,2.3573143255627578e-05,1.7986150862868375e-07,9.103564308431766e-06,1.919467665565778e-05,0.000437999885721841,0
0.7402541041773615,0.2568856234781807,3.4314902020987184e-05,2.1854976794883314e-07,1.240058589743196e-05,1.918037492723026e-05,0.0027941579318443988,0
0.724330213751793,0.26829320854170113,3.3545604521994025e-05,2.136501534960294e-07,1.8553636794606517e-05,1.7916683313184074e-05,0.007306348131722489,0
0.8133069959556618,0.1827098419664965,2.725880378034694e-05,1.7693881532061162e-07,1.1162677006872672e-05,1.6304491311491953e-05,0.003928259166927562,0
0.9509353665565343,0.047484339018302624,1.858776044999274e-05,1.0485085526460795e-07,4.692781327228353e-06,8.660194959871833e-06,0.0015482488375703734,0
0.18424994048622098,0.02067794969534541,1.2039610736700444e-05,9.020393423939131e-08,8.225681430918025e-06,7.033942658597488e-06,0.7950447203796731,1
0.534067191515946,0.3388242933601346,4.493504596437859e-05,2.1484826525315988e-07,3.222447227272262e-05,1.8374939060005243e-05,0.12701276581835716,0
0.42507438188834956,0.5694174929520546,3.69688971927782e-05,2.6044038446247336e-07,2.311255811217057e-05,2.8818809215135537e-05,0.005418964454691099,1
0.8348339726232283,0.1621209333351253,1.883331228366783e-05,1.323384630621409e-07,1.6802684896452448e-05,1.1478352358215507e-05,0.002997847353645045,0
0.7539865232726656,0.24411459672941427,1.9285642871830066e-05,1.6088789084409975e-07,2.8363573923832354e-05,1.2776590121708782e-05,0.0018382933031121241,0
0.7622365320866924,0.23646500650994864,1.6081980442677726e-05,1.341617664090321e-07,2.1833738595002683e-05,1.1774917524695116e-05,0.0012486366050302638,0
0.7951149876257346,0.20381951482126154,1.607019211309683e-05,1.463503287809163e-07,2.3561491209337427e-05,1.0933101865473911e-05,0.0010147864174869803,0
0.8059504187221119,0.19305123473481323,1.3204242293435216e-05,1.2025028620362454e-07,2.130893647567354e-05,8.852958187762452e-06,0.0009548601558319603,0
0.8222833669676731,0.17671810880421165,1.2536473920216098e-05,1.2268721241577522e-07,2.2732149292710446e-05,8.304022103404109e-06,0.0009548288955865106,0
0.8241001322676336,0.17544326155872203,1.176911380806138e-05,1.1542605919039676e-07,2.309618366498472e-05,6.413494733634187e-06,0.0004152119553783265,0
0.7517877870458103,0.24759788395389887,1.625060619872161e-05,1.5903527477312412e-07,2.950894078372645e-05,9.345890468266589e-06,0.0005590645275654401,0
0.630940884477547,0.368953338916928,2.333185765629496e-05,4.912140710769683e-126,1.642091260599071e-05,1.4077103827219065e-05,5.194673143534043e-05,0
0.73427953577602,0.2655939907267022,3.444258148016873e-05,2.1430324746927892e-07,1.0186426684016483e-05,1.3493162646855737e-05,6.813702321922472e-05,0
0.8203787569708054,0.17950310395866118,1.5572789019913478e-05,1.354788747879161e-07,5.146534866087934e-06,7.417581658092158e-06,8.986668611458131e-05,0
0.17385324030914429,0.8258723277412898,1.732332648642432e-05,1.6812691001949875e-07,8.83024006027483e-06,1.3543198263543148e-05,0.0002345670578458371,1
0.13448907218942246,0.8652335803629773,1.341225842666965e-05,1.2003547836059046e-07,7.939986106839288e-06,9.08300074719987e-06,0.00024679216684125806,1
0.06980612497238915,0.9299794024878647,9.970339373300718e-06,5.845752659035221e-08,5.3640861340486755e-06,5.777586490210841e-06,0.0001933020702222583,1
0.1317366905099042,0.8528467353283424,2.4064806023778e-05,1.1816071537145969e-07,1.4880549945272845e-05,1.0492858426311565e-05,0.015367017786642578,1
0.10236168818965509,0.8944166076453451,1.341319879255424e-05,1.0194425686926442e-07,1.1996835697434966e-05,7.596691498577632e-06,0.0031885954947541723,1
0.10235058144440802,0.894319559056351,1.341174339469424e-05,1.0193319541736308e-07,1.2135140576913283e-05,7.902647980307632e-06,0.00329630803409337,1
0.14073245052845595,0.8549485470981298,1.2724699411291002e-05,1.128074756285737e-07,8.330752759131319e-06,6.905752556798388e-06,0.004290928361211492,1
0.33071243648782506,0.667994216337001,2.1109354531737776e-05,1.1685538094856344e-07,8.84217826060432e-06,1.1461109072545403e-05,0.0012518176779282785,1
0.8379401798905803,0.1607902166655926,2.0550389875571533e-05,1.889780991842825e-07,1.4230722228466583e-05,2.0299639070399193e-05,0.001214333714553619,1
0.8463298266326036,0.1519276778950476,2.0383113821424916e-05,2.0461870708492978e-07,1.988324798781522e-05,1.759537982422474e-05,0.0016844291120083528,1
0.7652920737810956,0.23328648748256006,3.206222513013256e-05,2.455118172773872e-07,1.8778766503253137e-05,1.6251920820174902e-05,0.0013541003120734567,1
0.7874367109090584,0.21089027212641612,3.3736885104984365e-05,2.5261599395776606e-07,1.932215246551809e-05,1.7596191573410983e-05,0.0016021091193874134,1
0.7074426487907637,0.28980308511097524,3.3482711471414426e-05,2.2448480521338692e-07,1.9876993377241736e-05,1.6814725150733452e-05,0.0026838671834564488,0
0.7457621147488938,0.25124185392185666,3.8356215017558917e-05,2.3895406905214874e-07,2.0824809899596087e-05,1.898341184700147e-05,0.0029176279384163593,0
0.7905584618416721,0.20476181285146514,3.2756041722326124e-05,2.363362048205454e-07,1.9597000994042104e-05,1.9288678701003366e-05,0.004607847249240337,0
0.8357215170250151,0.16232963074539705,2.990594479601879e-05,2.6837469756772754e-07,1.9710956530266743e-05,2.304702633560773e-05,0.001875919927228273,0
0.8540393221400499,0.1444554717725696,2.502041090364357e-05,9.513898012983535e-08,3.737590600328003e-05,1.4036844576024245e-05,0.0014286777869176631,0
0.8307390698699432,0.1680936886819117,2.0229039224777146e-05,7.692000616070908e-08,2.055212059925559e-05,1.1348809602449199e-05,0.0011150345587124081,0
0.8323373227530286,0.16745890752472925,1.7226765664769102e-05,7.101612990440329e-08,1.4046210327518528e-05,1.0565738845482393e-05,0.00016185999127456155,0
0.7217196825875117,0.27815349803885814,2.1162224830740307e-05,8.723978353752027e-08,1.6656721961297072e-05,1.2979484675307556e-05,7.593370237904282e-05,0
0.8394842038477475,0.16044901228978714,1.4062345618510926e-05,6.067236379826775e-08,1.0756685459432133e-05,9.925038921289739e-06,3.197912010220648e-05,0
0.035106840235913865,0.0008077652265290277,3.183400719212904e-06,2.5653953865573e-08,2.308176916691503e-06,1.6211628142110908e-06,0.9640782561431532,6
0.008734731976351466,0.00036310051866852186,6.03205317814255e-07,5.017557123990767e-09,4.7252733808373486e-07,3.1593569954197993e-07,0.9909007708190676,6
0.8545874310985954,0.05438887229349897,4.985893601155198e-05,3.5315908618890607e-07,3.1004835768189156e-05,3.034442593362744e-05,0.09091213525110596,0
0.19229209775947653,0.017239543160838866,1.3710385910691782e-05,8.256805116719123e-08,4.540839463604158e-06,6.5073443378738624e-06,0.7904435179419214,6
0.15061802687814388,0.013222154270364467,9.254086172119524e-06,6.795402765804642e-08,4.603732061953716e-06,5.355585494211387e-06,0.8361405374937356,6
0.14614492606201904,0.016762827880951625,9.643682673013196e-06,3.7181812658376755e-08,5.271761022699934e-06,5.495038177326854e-06,0.8370717983933437,6
0.8829584767326512,0.11502726886746531,1.1214022403966004e-05,8.090963853912456e-08,4.629968987643104e-06,7.498327850085533e-06,0.001990831171003543,0
0.8829584767326512,0.11502726886746531,1.1214022403966004e-05,8.090963853912456e-08,4.629968987643104e-06,7.498327850085533e-06,0.001990831171003543,0
0.8520633706940328,0.1463610287606554,1.0821638820343788e-05,7.807857464644571e-08,4.467964333292795e-06,7.2362538466560145e-06,0.0015529966097369413,0
0.8719693022218997,0.12639168133961726,1.0763686911663096e-05,7.990264878712802e-08,4.099499146136359e-06,6.720153499357349e-06,0.0016173531962770484,0
0.8537180405668463,0.1446681198744601,1.1851801935413952e-05,8.798011084044675e-08,4.5139228141019625e-06,7.3995025035205334e-06,0.0015899863513299554,0
0.853479688248558,0.14462772951123012,1.0926092929672399e-05,8.795554738695788e-08,4.512662557300313e-06,7.47434200430304e-06,0.001869581187173416,0
0.7445651109982575,0.25537212392181957,1.7800113624563167e-05,1.0109468792046711e-07,6.623561316026488e-06,1.5342772128721505e-05,2.28975381658008e-05,0
0.8576609540763733,0.14227157353905906,1.7088638791512097e-05,9.705390887109578e-08,8.543327498217882e-06,1.5132159579933798e-05,2.6611204789134482e-05,0
0.951887637122294,0.04559647066874349,1.6919848070537283e-05,4.9474132851956544e-08,1.1128859964999421e-05,9.274582743481389e-06,0.0024785194440508015,0
0.9593701896811495,0.028719933804587445,1.378118837468453e-05,4.887589358617813e-08,4.815083080666152e-06,9.162434854250802e-06,0.011882068932059852,0
0.9225268392133238,0.024921439061814828,1.3730062023515192e-05,1.007081502571215e-07,6.5036923124023425e-06,1.0480041609962368e-05,0.05252090722076495,0
0.9194990939198042,0.06598792583643152,2.7195869845750102e-05,2.0770888288656198e-07,1.802904438692215e-05,2.501099980972907e-05,0.014442536620838766,0
0.9355876155048237,0.05334626278706543,3.449003345668381e-05,1.05778917718832e-07,1.5173901462401573e-05,2.2374756661128874e-05,0.01099397723761301,0
0.9343588127778181,0.05639195477074173,2.358235348458217e-05,2.458079955307598e-07,1.6770852538209713e-05,2.1687787221412194e-05,0.009186945650200659,0
0.96611787908319,0.026653990931736676,1.3691905489701606e-05,1.2550484584235444e-07,8.562875499261277e-06,1.0066989367864309e-05,0.007195682709870749,0
0.9543232907238773,0.03846673398896658,1.9986996994976666e-05,1.426589588066822e-07,9.83325933707667e-06,1.068727877807682e-05,0.007169325093087351,0
0.9586299425123862,0.03769500478493715,1.680724136156616e-05,1.5406111572309542e-07,1.110432108044507e-05,1.1993283351684049e-05,0.003634993795767383,0
0.9356262221686209,0.06114640735417479,1.795993630976364e-05,1.279566885916391e-07,1.1576327309589816e-05,1.0804461843095667e-05,0.003186901795053539,0
0.9292281843681321,0.06807477650007564,1.5228646335967205e-05,1.2671998216178112e-07,1.1464441650657209e-05,1.0700036294266758e-05,0.0026595192875291853,0
0.9290537979123309,0.06930144146982298,1.809797822914373e-05,1.3869880751527386e-07,1.2176760888871717e-05,1.2158921872048468e-05,0.001602188258048449,0
0.9277432419020741,0.06956033771876298,1.7206734388293475e-05,1.4885968972133853e-07,1.3068813497396237e-05,1.2975066988022782e-05,0.002653020904599707,0
0.9101748388682249,0.0855985094073436,1.8228437323834686e-05,1.7309884463209757e-07,1.2811731198636429e-05,1.3612467782072087e-05,0.004181825989282417,0
0.9158693051096805,0.07935768401911843,1.0481985185517842e-05,1.3183561231917007e-07,1.191734039299251e-05,1.0415196014719436e-05,0.004740064513995395,0
0.8959665109692928,0.09804389555830655,1.0567164070808418e-05,1.6486865930624696e-07,7.055700988001644e-06,9.97163294295993e-06,0.005961834105739438,0
0.8987183385253593,0.09520069656704903,1.2537698013255517e-05,1.3045125643756336e-07,6.808268566418186e-06,9.848362510057033e-06,0.006051640127245686,0
0.9049313926459972,0.09445220555614792,1.1645776680240322e-05,1.1066190742834593e-07,5.9648464688862544e-06,9.192274889210396e-06,0.0005894882379087994,0
0.8619583684539639,0.13733623788046107,1.8847706337506236e-05,1.453468987602608e-07,7.583594099632494e-06,1.432204316494695e-05,0.000664494975073966,0
0.8627458356265181,0.13491523506871977,2.4366896674072663e-05,1.454796846529386e-07,7.955721700614757e-06,1.433512748461836e-05,0.0022921260792181843,0
0.8654238385615723,0.11192670432106283,5.001379598547676e-05,3.8052527921686776e-07,2.9924060749864957e-05,2.676725059250314e-05,0.02254237148475765,0
0.8876526777657866,0.11113266043937199,4.238051372642637e-05,3.133375392469501e-07,2.0544548525638416e-05,2.61997895863413e-05,0.0011252236054639388,0
0.8634861924372909,0.1362934971415848,4.1552442916470154e-05,3.3692217946042635e-07,1.7956568966449478e-05,2.094496335418701e-05,0.00013951952370783012,0
0.7744672527412728,0.22549487324623757,9.777243909421097e-06,1.1438587459634408e-07,6.747364244881966e-06,6.0418084860045934e-06,1.5193209974564091e-05,0
0.6437476491057504,0.35619610112593997,2.3426591451625644e-05,1.638213417860568e-07,1.715901925690562e-05,1.1331949847078683e-05,4.168386412195541e-06,0
0.3151853574036086,0.6847383962972899,2.6964289912012164e-05,0.0,3.047710806228388e-05,1.2620666070075637e-05,6.184235057197453e-06,0
0.3864394609004537,0.6134961032810768,2.411431956099593e-05,0.0,1.9919375992011553e-05,1.4547132880518927e-05,5.854990035899141e-06,0
0.13728017467266032,0.8626612460757266,2.0554722049299054e-05,1.599624053959045e-07,1.5175245597099491e-05,1.5520293079482104e-05,7.169028481747475e-06,1
0.1475450977120976,0.8523804249202429,3.076214756983975e-05,1.8015994211613983e-07,1.912188433449306e-05,1.8513613344360002e-05,5.899562468758146e-06,1
0.10869155245233944,0.8898237783238941,1.9958981487224892e-05,1.4128259644239985e-07,0.0014456385375360952,1.4303946950963754e-05,4.6264751957067546e-06,1
0.0718012703766185,0.9159024438819875,0.00021349237483427042,2.0294205279172182e-08,0.011864649850008797,0.00021366207626395683,4.46114608153266e-06,1
0.08086935237207472,0.8993906298822373,0.0017511978416830244,1.7473451333508114e-07,0.01662271157914496,0.0013614982106438644,4.435379702658801e-06,1
0.3158389846499558,0.5316530029598633,0.0018355529221884088,3.1930540739322036e-07,0.1333081762549511,0.017357840737029173,6.123170604958916e-06,0
0.1503074337124827,0.7873319395058497,0.000466575783897899,1.786109286398668e-07,0.06045454145450812,0.0014155684908225485,2.3762441510243032e-05,1
0.06957498620796297,0.8424732894186466,0.0003298674982344098,1.3767072994016884e-07,0.08677690124932212,0.0008265118041205072,1.830615098329946e-05,1
0.10098093071463807,0.8961749063626823,3.911052481999171e-05,1.4368428345387953e-07,0.002773565452063741,1.5036638134860625e-05,1.630662337762428e-05,1
0.14238566194542207,0.8548607994816142,4.283445729117202e-05,1.876200756224538e-07,0.002673486275328271,1.9634542596828815e-05,1.7395677671902316e-05,0
0.48154485378877193,0.5161840909067767,2.410494379206147e-05,1.9906138496864287e-07,0.002210644001044499,1.5106885388984421e-05,2.1000412840718705e-05,0
0.46968573669045,0.5274689120743052,2.2871214194164357e-05,2.0618331370147103e-07,0.0027834780647326154,1.704401683470806e-05,2.1751756169487e-05,0
0.5379849710399124,0.45777312068579323,1.5631705209453713e-05,1.5766020078014014e-07,0.00420275151927338,1.1606837287577396e-05,1.1760552323233186e-05,0
0.39139812516800115,0.6062456168592684,1.7660772046123003e-05,2.2230390141348532e-07,0.002261205574136661,1.6631391845997585e-05,6.053793080029375e-05,0
0.626469704308367,0.3734768496909804,2.6237831160597805e-05,3.045816730875496e-07,8.29849221914923e-06,1.3441946387067465e-05,5.163149212588447e-06,0
0.5841519045488146,0.4157860024526973,2.328826808463541e-05,2.5200619354441656e-07,7.385547146178216e-06,1.1980115284157373e-05,1.918706177960409e-05,0
0.7353375753219246,0.26457672767793,2.920890716255872e-05,2.33537107300156e-07,7.021804125701407e-06,1.5456016611348133e-05,3.377673513850175e-05,1
0.833688182498972,0.16620392540723386,2.4751544205865353e-05,2.1277773836419482e-07,6.618888359656244e-06,1.3899938940392739e-05,6.240894454985168e-05,1
0.7487354806682623,0.2510884679605572,2.568453603594715e-05,2.2079824366543707e-07,6.756230343080828e-06,1.4267330354642887e-05,0.00012912247620295846,1
0.7093301906945186,0.29046325544428614,2.7142628015063593e-05,2.3333279549230258e-07,7.519639477476987e-06,1.5593936185127008e-05,0.00015606432472206483,1
0.5170129513140366,0.48262656184764136,3.2870078079990026e-05,2.1352908079040096e-07,2.0065823693622622e-05,1.8555661964569613e-05,0.0002887817455032177,0
0.6923173172300578,0.307022705639424,3.1588813472455e-05,1.9987160405355567e-07,1.234651563241843e-05,1.732126129368616e-05,0.0005985206685155977,0
0.7872661748207264,0.21228364044691236,2.3693409088172078e-05,2.0036394949498356e-07,1.5428048679051084e-05,2.0500891366286087e-05,0.0003903620192784667,0
0.7743205578409744,0.22532210400720026,2.1928847823092707e-05,1.872184982459284e-07,8.805061314534758e-06,1.7252152632054853e-05,0.00030916487155717307,0
0.685389684284386,0.31421694264307004,2.3946001467163814e-05,3.43337222949675e-07,1.737427633582063e-05,2.97920114681651e-05,0.00032191744604989105,0
0.7818008879417166,0.2178619499313642,2.2331460960753434e-05,1.6763448413965425e-07,8.48470202608294e-06,1.7889818360422164e-05,0.00028828851108782873,0
0.7565365436691767,0.24172985720073453,2.26230851483835e-05,2.150696578134388e-07,1.0754299627491925e-05,1.6671568334670087e-05,0.001683335107320391,0
0.7822199717403916,0.2147430217902328,3.123022608391899e-05,1.9944214650458453e-07,1.1316413156189373e-05,1.8378119797722536e-05,0.002975882268191182,0
0.7809703701100105,0.21589255499193158,2.5190854460147867e-05,1.6351561062654157e-07,1.0315836825844363e-05,1.5067574901091705e-05,0.0030863371162603115,0
0.3614690660315845,0.06084744106040764,3.078458350886805e-05,1.7385680472554743e-07,1.7704533269212556e-05,1.1241978216161715e-05,0.5776235879562089,1
0.9428230450518922,0.03537682742323186,4.635636206513451e-05,3.5267586220676374e-07,0.00018353668748944662,2.660550899495332e-05,0.021543276290463948,0
0.588231539334249,0.4012953685358685,3.6722834521724184e-05,2.204094795091528e-07,1.4490293903423127e-05,1.932339603693992e-05,0.010402335195941113,1
0.6135955293784139,0.3713537586453875,3.824928969730782e-05,2.2957122301632706e-07,1.5938094175094683e-05,1.8327396842988042e-05,0.014977967624260203,1
0.671777737972031,0.30670097969974075,4.670110203830899e-05,2.3726856110432198e-07,1.4327617536454285e-05,2.2602296824962604e-05,0.02143741404326749,0
0.8494609914399766,0.1484693933254209,1.6872584742880497e-05,1.31368199160631e-07,1.2604151018771112e-05,1.102040181605577e-05,0.0020289867288257415,0
0.8459884227702972,0.15133170471308569,1.6803610169892377e-05,1.3335207425581935e-07,1.4259944273813154e-05,1.0975350774913973e-05,0.002637700259324208,0
0.7825750318015162,0.21657295880295457,1.1830127406678718e-05,1.0773629980916997e-07,1.6879651550004323e-05,7.6098377706735945e-06,0.0008155820425021248,0
0.7855383119906465,0.21329856884877732,1.681757010291389e-05,1.5315665777583885e-07,2.714010581102011e-05,1.0963808148769535e-05,0.0011080445198559657,0
0.7911991114995933,0.20772402051143682,1.2033012813524694e-05,1.180493457063195e-07,2.1872820301831175e-05,7.2639468665636475e-06,0.0010355801596423427,0
0.8093170693323599,0.18976592864017425,1.2604096124956524e-05,1.326026237360955e-07,2.6755484606305334e-05,7.792545389758694e-06,0.0008697172987210079,0
0.7199915403393835,0.2798874288650078,3.819131784118653e-05,2.3762804896636886e-07,1.0527728682967115e-05,1.1075025574378634e-05,6.099909546108661e-05,0
0.822447346911486,0.17745019739928286,2.1847939566193225e-05,1.3897370317281089e-07,5.854816017672157e-06,7.608926433922018e-06,6.70050335101818e-05,0
0.13663261973332066,0.8630681374535413,1.6650433576521587e-05,1.622543331453059e-07,6.734134406666449e-06,1.0384191469756727e-05,0.0002653117993520372,1
0.14858609525064995,0.8492737321491501,3.331258447137588e-05,1.0414877670170575e-07,8.20068810316389e-06,9.289333861782172e-06,0.0020892658449869553,1
0.13919663438168461,0.8551538841848748,1.824864710936741e-05,5.698184096094677e-08,7.234034073955658e-06,8.531612979152014e-06,0.005615410157437124,1
0.08946511772548445,0.908185742580209,1.1723267076523921e-05,4.9372311619731103e-08,7.4116167614129045e-06,6.907741235307971e-06,0.0023230476969217056,1
0.10909359593675191,0.8884528412851956,1.3323762636005644e-05,5.611276758588118e-08,8.784459251391001e-06,7.850806773352283e-06,0.0024235476366240185,1
0.1545711724468174,0.8425598505143007,1.371997751505221e-05,5.7781418854249404e-08,8.635608625723548e-06,8.001088744445383e-06,0.002838562582577696,1
0.15373932513614685,0.8436654984955451,1.331136099449663e-05,1.2623976973604583e-08,8.378417799743575e-06,7.877085271971063e-06,0.002565596880265099,1
0.27028117730373113,0.7286749808951399,1.7252030965488e-05,9.550233511770725e-08,9.08033291209922e-06,1.0181447799241233e-05,0.0010072324871171266,1
0.2780715472998503,0.7114829004728358,2.130347612898786e-05,1.3172172425447008e-07,1.2293253461933112e-05,1.570162561174268e-05,0.0103961221503869,1
0.826457027149906,0.17164775806554575,2.323661448115892e-05,2.1368019111633815e-07,1.5813058142781574e-05,2.235301543851959e-05,0.0018335984162945343,1
0.8184593000973673,0.17778971673398308,2.0825019278286495e-05,2.178027306254777e-07,2.399277745142183e-05,1.5175606456975433e-05,0.0036907719627323836,1
0.8404537009615715,0.15777077373116072,2.6216348069363467e-05,2.3618191026596666e-07,2.061809662535785e-05,1.446485001354888e-05,0.0017139898306492043,0
0.7497121437409636,0.24652864417055306,3.7936984879203065e-05,2.361321044685424e-07,1.9584607860017645e-05,2.0400518982679868e-05,0.0036810538446570605,0
0.6873117528287549,0.3078753337618127,3.706635825409894e-05,2.2718732314867402e-07,1.9799339826838146e-05,1.854198887759598e-05,0.004737278535150734,0
0.8473075298756872,0.15112022867011435,2.532282015935378e-05,9.62647084584267e-08,4.095214594311156e-05,1.4206500931273683e-05,0.0014916637224559564,0
0.8484690912767078,0.14980404630206615,2.5357534840180947e-05,9.639667632804096e-08,4.100828663623565e-05,1.4225976413956755e-05,0.0016461742266591108,0
0.8209005388326865,0.1782227623468968,1.9914916544667517e-05,8.209784285066593e-08,2.29618863516271e-05,1.221446970575912e-05,0.0008215254499717278,0
0.8100406431530014,0.18987465670475712,1.9524897465469435e-05,7.509996274272184e-08,1.4511235934118847e-05,1.1005306430427931e-05,3.958360244881869e-05,0
0.5789723654526977,0.4203342809485909,2.0083059485947225e-05,1.8780455044288324e-07,0.0006128523028866986,1.1272228636066949e-05,4.8958203152221446e-05,0
0.5208126878321359,0.4784467533368542,2.294940199736705e-05,2.235901240812563e-07,0.000669577293916163,1.1977295088108265e-05,3.5831249884178206e-05,0
0.6340326709875068,0.3649931215972072,3.893813034618511e-05,2.646532264736778e-07,0.0008899467594624932,1.455918045324635e-05,3.049869179758784e-05,0
0.44950410418768505,0.5498404847166719,3.0091471970200478e-05,2.3004304739931923e-07,0.0005466919457941365,1.4292236631618774e-05,6.410539819953645e-05,1
0.030425412563276265,0.0002829097043886852,2.4968566895930024e-06,1.980712099475334e-08,1.9325793313011228e-06,1.2715368169493915e-06,0.9692859569523763,6
0.059532863853341736,0.004184922352422271,3.1703424002988205e-06,2.6749173625806787e-08,1.701560952110288e-06,2.121110112944105e-06,0.9362751940315971,6
0.06987652749032379,0.004020564909378435,3.2593757658901433e-06,2.7500376068315132e-08,1.6537628437842097e-06,2.1806776764121413e-06,0.9260957862836356,6
0.32355217595542674,0.02300263239093538,1.703245435106483e-05,1.411308581103023e-07,8.92683022840039e-06,1.1250778986298295e-05,0.6534078404592141,0
0.11032970971508528,0.011538062465016211,9.866641891817516e-06,5.887734611544149e-08,3.881324384667839e-06,4.682801212184484e-06,0.8781137381750637,6
0.3339294384812305,0.030276138104820504,3.19966243327589e-05,7.350112992861084e-08,1.0195880598829353e-05,1.3191969836440135e-05,0.635738965438051,6
0.8842139763093718,0.11381230938038793,1.1487520979392834e-05,8.988006651035405e-08,4.755363100528764e-06,7.748434613940705e-06,0.0019496331114798853,0
0.9278293124217198,0.07047750571965783,1.181031786785724e-05,8.343108771313152e-08,3.936831744093711e-06,7.307577499426079e-06,0.0016700437004230858,0
0.7580651344388128,0.2417343187640527,1.1962922952702351e-05,9.52301106239976e-08,0.00015676095929406284,1.0993100969062494e-05,2.0734583808078688e-05,0
0.7299773888563702,0.26997634679746607,1.0603832483820392e-05,7.145272498679058e-08,7.5316294249728945e-06,9.678473963262436e-06,1.8378957566798897e-05,0
0.774109213614185,0.22581843422719203,1.850641637194035e-05,1.0510609241649975e-07,9.178038743775668e-06,1.5951568360895217e-05,2.8611029053973993e-05,0
0.8398686175257314,0.15881367253908124,2.7110626498814754e-05,1.419864461443102e-07,1.5114441891635105e-05,1.9112113748573622e-05,0.0012562307666022985,0
0.9018646942708571,0.09694027236902704,1.8306476352913427e-05,5.065155259187583e-08,1.1609565310376979e-05,9.52375865939858e-06,0.001155542908240663,0
0.9420082737232713,0.055519356435173965,1.6933873373540808e-05,4.951514324999276e-08,1.1349095141175689e-05,8.853134387563193e-06,0.0024351842235091465,0
0.9604575727015724,0.035840567140493176,1.707217908348546e-05,4.991955320919925e-08,6.015637479158632e-06,9.358082700342486e-06,0.003669364339118456,0
0.9581483652327891,0.030158612420962627,1.3763637075858739e-05,4.8813646747198384e-08,4.808950738539908e-06,9.330476900158067e-06,0.011665070467887138,0
0.9466784520549187,0.021230902159575453,1.368212095286423e-05,1.0035650897987652e-07,6.846691348422346e-06,1.0988822855968747e-05,0.03205902779383976,0
0.940410529322906,0.02461998456456124,1.1482773178769454e-05,9.944719634259779e-08,5.329038772249851e-06,9.319491018460319e-06,0.03494325536236681,0
0.9443288439460122,0.0247225661951704,1.1530617302859152e-05,9.986155304268352e-08,5.351242745830879e-06,9.358321610844085e-06,0.030922249815604614,0
0.9503725654512536,0.029390372650449227,1.2222506135337432e-05,1.2235145223946805e-07,5.088021296811833e-06,9.919862944080218e-06,0.020209709156468848,0
0.9650607114639649,0.02850116938372247,1.3338826587979433e-05,1.0578184108077737e-07,1.0301833037170005e-05,1.0787814421421604e-05,0.0064035848964248444,0
0.9549238455223711,0.03786774402747444,1.7437886634710647e-05,1.3828890724465105e-07,1.3467616169009633e-05,1.4102941040298992e-05,0.007163263717403217,0
0.9593041454133227,0.037390069369038936,1.7565477873707116e-05,1.315905236956232e-07,1.0962931347069808e-05,1.1979290223744034e-05,0.0032651459276701543,0
0.9402794316732765,0.05649816141252602,1.7997884697454148e-05,1.2822705425121156e-07,1.0682717517293262e-05,1.1909675709010154e-05,0.003181688409219462,0
0.9288603659377196,0.06766403222945329,1.899346616914587e-05,1.3532013666217808e-07,1.2242503387838975e-05,1.2568478266592087e-05,0.003431662064866854,0
0.9023156246911973,0.09225672811437932,9.871256910305959e-06,1.5501698458283163e-07,7.66949488503953e-06,9.37578116234433e-06,0.005400575644480956,0
0.9036896619068394,0.09336592198729947,1.350561329919911e-05,1.283346718484531e-07,7.121692666894753e-06,9.733014053008541e-06,0.0029139274511701665,0
0.9127498895620851,0.05283488732541316,3.551669022317774e-05,2.825380724155276e-07,2.0695927083690497e-05,2.5864564254299434e-05,0.03433286339286802,0
0.8889411770894582,0.09365690920658515,4.7093506224799294e-05,3.679137883572688e-07,2.515828317659911e-05,3.4367484961246655e-05,0.01729492651580584,0
0.8663134590660726,0.13101240247001056,2.4053494132040842e-05,1.4603609914912538e-07,7.619553697305635e-06,1.4389954883757665e-05,0.0026279294251044306,0
0.9007270244306204,0.09650246404614493,1.4516145600083029e-05,1.3566680162651812e-07,7.89680832393417e-06,1.2033062349546361e-05,0.0027359298401595645,0
0.9234012801444301,0.07424386381513388,1.1577604036433249e-05,1.0820341386712055e-07,6.1175970509134655e-06,9.358065865400886e-06,0.0023276945700691984,0
0.9147829805895171,0.0830708939447643,1.413179188938144e-05,1.0996400011269729e-07,6.326365732214254e-06,8.494170533077579e-06,0.0021170631735638085,0
0.8986863231472291,0.10054625189809697,1.769110873397243e-05,1.3977761654467035e-07,7.823573779843663e-06,9.739597406440123e-06,0.0007320308971373488,0
0.8822396242662003,0.09916763841551729,4.277364022994866e-05,3.6044636973009066e-07,2.69883961711341e-05,2.766389804449511e-05,0.018494950937466937,0
0.8251463155707262,0.1726481233067981,5.272565307340025e-05,4.198513513357522e-07,3.004275856315326e-05,2.6065483175131522e-05,0.002096307376312718,0
0.8379475308374882,0.16202332853429305,1.2068539282449269e-05,1.1715168951756631e-07,5.533043327468085e-06,8.644727251839163e-06,2.7771666672662887e-06,0
0.8093763247754777,0.1905884954521201,1.1528842937432092e-05,1.2987843330114052e-07,6.433288849266201e-06,7.037767553685815e-06,1.0049994628581379e-05,0
0.6444251351513419,0.355532570607766,1.4060437193971397e-05,1.7856075257435375e-07,1.5112368283748228e-05,8.94041295893702e-06,4.002461703018663e-06,0
0.6437147912816547,0.35623858032796374,1.865456190647322e-05,1.6380063462425433e-07,1.2311650837495139e-05,1.1330517478643271e-05,4.167859524483895e-06,0
0.5857999251133386,0.4141597165588212,1.368181479196018e-05,1.747083651960886e-07,1.1806310910167825e-05,1.0717529241989286e-05,3.9779645309620504e-06,0
0.43436835161691967,0.5655769341916939,2.3166827742783524e-05,0.0,1.2584433100099844e-05,1.3337992827707482e-05,5.624937716127175e-06,0
0.4435979959995866,0.5563394648262784,2.42101810559313e-05,1.2289215998258364e-07,1.6211140767700547e-05,1.681059480656113e-05,5.184365344911677e-06,0
0.37168054113287724,0.6282600179749972,2.224073564802646e-05,1.1947200284831197e-07,1.5759975707543812e-05,1.634274660723614e-05,4.977962159922038e-06,0
0.3708689886780592,0.6290740130405447,2.1567885745159095e-05,1.1585761136486346e-07,1.4578605449862815e-05,1.5848328812731188e-05,4.887603777078763e-06,1
0.3422651981624299,0.6576653738702812,2.4451698501713332e-05,1.2112333002870327e-07,2.3176766480262797e-05,1.65686340204491e-05,5.1097449564732386e-06,1
0.15544642330676095,0.8444965894013597,1.6790950848165256e-05,1.8895376519427273e-07,2.055559565661252e-05,1.199980639769111e-05,7.451985211540705e-06,1
0.12011854393739275,0.8798084976228546,2.5260055332439926e-05,1.5492573589763103e-07,2.65497284242401e-05,1.5920493411627386e-05,5.073236848384397e-06,1
0.10502335605033672,0.8935013580055441,1.8742177060771296e-05,1.3266926670701204e-07,0.0014386347736873861,1.3431903155701426e-05,4.344420948569092e-06,1
0.12172260943695594,0.876164820032372,1.9652607458662986e-05,1.391138826598128e-07,0.002074138972637824,1.4084378740305932e-05,4.555457952434213e-06,1
0.07655418229193228,0.9119406814765803,0.0003612635074880675,6.177579731461833e-08,0.010643566350987666,0.0004955104002479811,4.7341969661968764e-06,1
0.07151745777038543,0.9130568943773897,0.0007511405919217273,1.8673488692492487e-07,0.01365056886790132,0.0010190116659045294,4.739991610339832e-06,1
0.09822818224623563,0.8726297438130936,0.0003469865516570221,1.8136872839340952e-07,0.027478949535625116,0.0013113527051248392,4.603779535360172e-06,1
0.06396236564705342,0.5497979260436019,0.00021259609071361585,1.235378633776782e-07,0.384110050667405,0.0019144013562297343,2.536657132987583e-06,4
0.31208659884602125,0.5086040924272518,0.0018437729201399846,2.1955109674378774e-07,0.16073947755050227,0.016720359915699066,5.4787892887758196e-06,0
0.2942359489041867,0.6841518899960217,0.0007005630513308451,2.2219917361271667e-07,0.01757905875248698,0.003309830937906144,2.2486158893972023e-05,1
0.15245315181031524,0.7563705115939641,0.0004411430901869031,1.6887498177270508e-07,0.08972785540628915,0.0009968073841067704,1.0361840155883975e-05,1
0.048294969357653025,0.8212359211766865,0.0002842203124637158,9.657720477494761e-94,0.12923413515699825,0.0009349810571232117,1.5772939075022192e-05,1
0.06880269397825423,0.9289160838624608,1.6243098066707526e-05,1.2457666872318146e-07,0.0022286049616646927,9.375480042607887e-06,2.6874042841896304e-05,1
0.20549032515835136,0.7926535691978673,3.580035078086689e-05,2.0191355691885075e-07,0.0017904733257858483,1.77987494477551e-05,1.183130420969671e-05,0
0.5242026832489458,0.47369860767464095,2.227566375141943e-05,1.8395498100740973e-07,0.0020428822761900493,1.3960451522275423e-05,1.9406729968600953e-05,0
0.642770250238275,0.35292561348616136,1.6817596703866614e-05,2.0690464822997742e-07,0.004261621834964743,1.283717850577351e-05,1.2652760740859013e-05,0
0.5372219619268844,0.45773193252566236,1.8492865406359372e-05,2.3277782632671742e-07,0.004973624686828984,1.7497894880124188e-05,3.625732251128963e-05,0
0.36488773548347714,0.63257557017621,1.4170052293005306e-05,2.0630093721988443e-07,0.002498807294095126,1.2645535977288175e-05,1.086515701001974e-05,0
0.8186907581302494,0.18108140159612615,2.1470711466014828e-05,1.7020321308526073e-07,0.00015978135512070138,1.1542451189100752e-05,3.487555263549253e-05,0
0.8386255146301959,0.16115563161585753,1.9130422149340358e-05,1.7571720518895236e-07,0.00015808755846431362,1.0309591854908139e-05,3.115046427277167e-05,0
0.8011807499890514,0.19877407564504956,1.5825546943169305e-05,1.8129678888080511e-07,7.916748882542147e-06,1.8079178712614142e-05,3.1715945718145553e-06,0
0.8248590448597845,0.17509495710174178,1.6089276379372433e-05,1.8431806202154858e-07,8.119531047185087e-06,1.8380464451806323e-05,3.2244485332790963e-06,0
0.7996157895647809,0.20033602792117786,1.719098148722246e-05,2.1269968719834065e-07,1.2084622991582599e-05,1.5234988403283202e-05,3.4592214719839494e-06,0
0.6339004394860233,0.36604198573258223,2.826474151275552e-05,3.281110472374138e-07,8.939562728496564e-06,1.4480356159518917e-05,5.562009946338669e-06,0
0.6177422302988044,0.38219816482693497,2.5992054330548664e-05,3.017285745351456e-07,7.625456391337057e-06,1.2801730437466044e-05,1.288390452662427e-05,0
0.5594846226060443,0.44044837029774564,2.4946643436851707e-05,2.3292112674385081e-07,7.890115809781258e-06,1.2779175821769015e-05,2.1158240014801165e-05,0
0.5383158158454856,0.4616176050379285,2.5747876039359485e-05,2.241082619692562e-07,7.852538364846385e-06,1.2295659577354348e-05,2.045893434222484e-05,1
0.5342843666235201,0.4653640888841813,3.292577618287483e-05,2.1727394500677478e-07,1.0265117992914409e-05,1.7360267412519042e-05,0.0002907760567652045,0
0.6243014863235242,0.37531435878989955,3.016652726278492e-05,1.9087238582087677e-07,1.0329189800727271e-05,1.8163735118218287e-05,0.0003253045620087068,0
0.7619112066621554,0.23766231165832977,2.3098426347247167e-05,1.858444903530886e-07,1.5171931453380876e-05,2.061696632325403e-05,0.0003674085109007127,0
0.6961818062026562,0.3032061403561756,2.4498000796115796e-05,3.512517767398909e-07,1.6842112632352683e-05,3.0478772068305693e-05,0.0005398833038946295,0
0.8176458965465231,0.18203679973690182,2.1296356971087046e-05,1.8938376757568464e-07,9.585526776924804e-06,2.106224543320302e-05,0.00026517020362620494,0
0.8302849350410386,0.16940405184366666,1.9828286907499302e-05,1.7632854690649756e-07,8.924745924874514e-06,1.961031391109327e-05,0.0002624734400045838,0
0.7745952059451153,0.22063890234486788,2.6486035788038833e-05,2.0744452377777263e-07,1.125301946899697e-05,1.617830884340269e-05,0.004711766901392862,0
0.9402495276852707,0.05861391644194238,1.6783935975082475e-05,1.0634565441588041e-07,4.7596836479327984e-06,8.783658445631688e-06,0.001106122249064068,0
0.9357275128920582,0.0572316122793805,2.5664019141231216e-05,1.529669534515166e-07,1.1976730956955883e-05,1.607553931346007e-05,0.006987005572195898,0
0.19859454970101664,0.011719026410693726,1.490931691997201e-05,1.1089633997579059e-07,1.0361179455868906e-05,8.64749972399105e-06,0.7896523949958497,0
0.3942530544458191,0.0199460754241111,3.449390549091053e-05,1.9261426809288283e-07,2.063107887679668e-05,1.4615241331727285e-05,0.5857309372901023,0
0.33129565278504075,0.6383068554935902,4.193374162369372e-05,2.8100723984141515e-07,2.4053146620601265e-05,3.109461710316456e-05,0.030300129208781713,1
0.8091346257100986,0.18592564828259414,1.9385294600803284e-05,1.2931735716859968e-07,1.8012163643147413e-05,1.2679828203954741e-05,0.004889519403502286,0
0.6807965211944297,0.31176269282214925,3.335258993195507e-05,2.743031757889882e-07,1.9543305995511386e-05,2.8694990532085547e-05,0.007358920793785661,0
0.6970646725977134,0.2973376666210619,3.257221210608943e-05,2.8332327152196434e-07,2.00276198315001e-05,2.8023420826871335e-05,0.00551675420518879,0
0.7218611057330424,0.2764372442708811,2.422587526335375e-05,2.328993270420522e-07,1.6244430433857792e-05,1.5324495544526018e-05,0.0016456222955075256,0
0.229189730881809,0.770301882498164,2.3532193819128574e-05,1.6830658766915178e-07,8.83967695993425e-06,1.3326455820775086e-05,0.00046251998683949575,1
0.23005867273073094,0.7693703898334637,2.620358630450759e-05,1.874128791180043e-07,9.84316379101547e-06,1.4239463710125274e-05,0.0005204638091205418,1
0.14614873245861612,0.8518894737832023,3.6086144109783e-05,5.676432208185442e-08,7.790533952643968e-06,8.499044938864464e-06,0.001909361270858115,1
0.09490351532240572,0.8800017149082406,2.302331213244381e-05,6.264161511022074e-08,1.3750055926641806e-05,1.0038740992626871e-05,0.02504789501868655,1
0.12225303885875553,0.8622489350065332,1.8933272590715103e-05,6.137790983908366e-08,1.1161508133306247e-05,9.302010656351195e-06,0.015458567965421076,1
0.10863127887799981,0.8893503748480731,1.395278452918425e-05,5.305483172079422e-08,8.507786419049427e-06,7.422967181135434e-06,0.0019884096809660097,1
0.09533958394440067,0.9020422984730031,1.164396475689726e-05,8.849755770508134e-08,8.215442330612705e-06,6.861013655038334e-06,0.00259130866429592,1
0.3047535010366061,0.6743219361949891,2.4180148959552198e-05,8.317784262737941e-08,1.1459761774084721e-05,1.8342214756867012e-05,0.020870497465071695,1
0.4710755159814965,0.5247709866400948,2.9253348112912244e-05,1.0563438676105095e-07,2.2855254998977318e-05,2.099407692371862e-05,0.004080289063986243,1
0.5997665616705389,0.395162000001013,4.148885139195035e-05,1.526698741292741e-07,2.2057005417514394e-05,2.5440200550423975e-05,0.004982299601213964,1
0.6458079873752758,0.34881892543853066,2.7503140171011013e-05,1.2952893742351306e-07,1.9789973403349796e-05,2.157417831759194e-05,0.005304090365364173,1
0.649763732923485,0.3453538072144394,2.551738177576841e-05,1.3026241815014708e-07,1.991119224969396e-05,2.1706325893193994e-05,0.004815194699738684,1
0.7862141271597152,0.20938636030455823,2.417429279077223e-05,9.968184270396383e-08,1.7899173301434532e-05,1.9845519067546433e-05,0.004337493868724186,1
0.7795525443546838,0.21789227043181852,2.7307543866584883e-05,2.511158067824785e-07,2.102336196295557e-05,2.2077797982567247e-05,0.0024845253938786697,1
0.8314771241440513,0.16623382538100648,2.1158160593052497e-05,2.1239912129103063e-07,1.842203996145115e-05,1.8574907244380843e-05,0.0022306829680219424,1
0.8344645983043215,0.16055703729603307,2.1165181150315402e-05,2.0578980750643002e-07,2.564825361510308e-05,1.606586605817175e-05,0.004915279309014476,0
0.826369540514658,0.1701705646582734,2.1468138488643925e-05,2.2452892464536023e-07,2.4519624530622693e-05,1.4094442532193067e-05,0.0033995880925922124,0
0.8385418183229097,0.1602225820866822,2.0845298005112416e-05,2.0476625658135307e-07,1.4447278057309087e-05,1.3307928151314669e-05,0.001186794319937963,0
0.8089866030985643,0.18908130322877406,2.9232782538210105e-05,2.4494088974440587e-07,2.138273387053305e-05,1.6801817287089914e-05,0.0018644313980761091,0
0.7608545361968543,0.23524064463193517,4.755651963907499e-05,2.3717567216627324e-07,1.8965318861542576e-05,2.0841749109087803e-05,0.0038172184079287384,0
0.7525464340874338,0.2406435927917226,3.280590786135861e-05,2.366959910898356e-07,1.881703630468044e-05,2.0904557542534068e-05,0.00673720892314374,0
0.8200738987877907,0.17742360778519584,3.083374198449196e-05,2.767007107252795e-07,2.2001065257834067e-05,2.1065436776455284e-05,0.002428316482283815,0
0.8276589108372495,0.17214020610039693,1.7828783076536564e-05,7.34979043448732e-08,2.1771174293118125e-05,1.051623360719603e-05,0.0001506933734722512,0
0.7992017327528981,0.2007167908693254,1.7173395857160067e-05,7.409507271146237e-08,1.3518310195155569e-05,1.165663049067567e-05,3.905394616072671e-05,0
0.8107826166273528,0.18914411883353435,1.5656740867104245e-05,6.75514244603487e-08,1.1308134986347215e-05,1.062718430845486e-05,3.560492752639865e-05,0
0.838038151285655,0.16190024695677327,1.256826896731629e-05,1.2333268103287482e-07,1.0197716175302192e-05,8.212744210336775e-06,3.0499695537589316e-05,0
0.8073990832942363,0.19253826866416685,1.2156810950565978e-05,1.2203782801654555e-07,1.2106258101973016e-05,8.083451327206467e-06,3.0179483389169025e-05,0
0.7221732503040207,0.27774812951506256,1.4502616933206769e-05,1.45586525798703e-07,1.880766497017934e-05,9.161327114672756e-06,3.600298537297055e-05,0
0.01613182971706524,0.0004844230900225659,1.0990862031107038e-06,8.77347429869934e-09,6.669445381727127e-07,5.52430928333614e-07,0.9833814199577684,6
0.04513328104477068,0.00182381736517992,1.9749632050523796e-06,1.5694433177902043e-08,1.4287855128334221e-06,1.3412053338379493e-06,0.9530381409415646,6
0.05555823639162481,0.003928253949913104,2.975899911104061e-06,2.5108601332033632e-08,1.5896754348465919e-06,2.0479153996678672e-06,0.9405068710591151,6
0.235540617522336,0.015816652287342428,1.1732461065213151e-05,1.6196279754747994e-07,6.570196127582557e-06,7.447747208669746e-06,0.7486168178231225,6
0.14488379304440827,0.011472884817226536,1.267425188106253e-05,4.368747752521826e-08,4.928423854935517e-06,7.777607882713521e-06,0.8436178981672691,6
0.15484049318089455,0.013252964365539495,1.384718314326725e-05,3.984680200457977e-08,5.447183568859039e-06,6.572003597536844e-06,0.8318806362364543,6
0.13668832141515883,0.011966313222428774,1.1523354688116403e-05,3.1523886855157656e-08,4.2162258667175055e-06,6.0096833388994e-06,0.8513235845746319,6
0.909180229964744,0.08882748031395579,1.2541441024455663e-05,1.2044046875238923e-07,4.393749770023733e-06,8.994093138098297e-06,0.0019662399968988515,0
0.9282585326794813,0.06943597341830558,1.0797790084803846e-05,9.765063120244552e-08,4.417786382749349e-06,7.5888316433514736e-06,0.0022825918434710947,0
0.8197561011404215,0.18019097255718008,1.5713067293104987e-05,6.052398478106214e-08,8.233724869277418e-06,1.4939793716288927e-05,1.3979192534966607e-05,0
0.6985214508133178,0.30140737534627204,2.4149840314329613e-05,7.600186757278811e-08,1.3317027767645352e-05,1.607685957924805e-05,1.7554110881170492e-05,0
0.8901887417506866,0.10891568064705068,1.8766808445339915e-05,5.4874699250327366e-08,9.844310655331868e-06,9.522195862083532e-06,0.0008573894126006808,0
0.9079178135029338,0.08960720358042519,2.0139453766923828e-05,9.369072814105155e-08,7.548625061189214e-06,9.255041121347533e-06,0.0024379461059633213,0
0.921324776051599,0.06951994569643967,1.6509281266856896e-05,5.760520119016587e-08,5.875850337052154e-06,1.4684406915165458e-05,0.009118151108240954,0
0.9557230889065198,0.016539671590719177,1.229604841940217e-05,7.875416533494049e-08,4.798803669139355e-06,8.623412480488654e-06,0.02771144248402665,0
0.931015681613135,0.018293297743826063,1.7269491870709155e-05,1.2127940269903947e-07,6.366348349499704e-06,9.525849987392407e-06,0.05065773767342855,0
0.9592370414633921,0.02342425538256511,1.007580049397503e-05,8.726203108198613e-08,5.893973661982471e-06,8.177583127829511e-06,0.017314468534727803,0
0.9702343426064873,0.021544033483679767,1.2662108658244383e-05,1.0041521696076252e-07,9.779190728312618e-06,1.0240516846670224e-05,0.00818884167838274,0
0.962259122955686,0.029585763875043476,1.6453818479609426e-05,1.3048488186738287e-07,1.2707601353299793e-05,1.3307073085554796e-05,0.008112514191470301,0
0.9312037250027025,0.06579518430362871,1.5703666711792144e-05,1.27574519519784e-07,1.1541752217720128e-05,1.077219208682175e-05,0.002962945508133044,0
0.931375446589251,0.06570920906472386,1.7606329102729817e-05,1.438860270862751e-07,1.3017465231091204e-05,1.236139439926545e-05,0.002872215271264819,0
0.9378212988203308,0.05963905835665858,1.5914281847716045e-05,1.5112342062296426e-07,1.1332600580556005e-05,1.255349690953249e-05,0.002499691320252065,0
0.9082410392128447,0.08588423766429211,1.2743657761684063e-05,1.523803235812247e-07,7.090272904622286e-06,9.339331193152267e-06,0.0058453974806802,0
0.9010420941720286,0.06480865908707764,4.501211517996663e-05,3.580749269816283e-07,2.8541412945724144e-05,2.9620261011096625e-05,0.03404571487682993,0
0.9108220767083577,0.05412411776288247,3.474948464461167e-05,2.714772282622986e-07,2.0623535571544113e-05,2.4795488377572445e-05,0.034973365542937986,0
0.8601213424806087,0.1366282143048041,2.019485349034484e-05,1.4499228233876137e-07,7.565091695902838e-06,1.4287100336864382e-05,0.003208251176781579,0
0.8788107398049454,0.11732513597165178,1.7016012795290673e-05,1.3694042788680572e-07,8.106841597226628e-06,1.3994390727781105e-05,0.0038248700378544415,0
0.89914710572939,0.09754215655072522,1.5148170096406108e-05,1.3055220699359312e-07,7.339429022191318e-06,1.1290920575018325e-05,0.003276828647984064,0
0.8987151752191773,0.09896071834566351,1.683258404302135e-05,1.4422202743708745e-07,7.685967693431415e-06,1.0049280557941753e-05,0.002289394380837055,0
0.8290399690562489,0.16091253499319116,5.057571844976989e-05,4.0273154523760614e-07,2.937341529963424e-05,2.580431463707749e-05,0.00994133977062815,0
0.8250097455661719,0.1741000427233494,5.283768494041308e-05,4.284269881208612e-07,3.930098542328844e-05,2.1863943714386666e-05,0.0007757806694124135,0
0.7910825539451211,0.2088820595147494,9.915385592120686e-06,1.0058051602872601e-07,5.1108627642156636e-06,5.8893713973617595e-06,1.4370339859932751e-05,0
0.6897611378158234,0.3102085952366167,1.1289776805832232e-05,1.1275621322195353e-07,6.4507360342088885e-06,8.201671381639975e-06,4.2120071251635044e-06,0
0.4473528580488603,0.5525976072326126,1.9619195604342246e-05,1.7907757804757595e-07,1.4564186109326961e-05,1.0927093991451221e-05,4.245165243937291e-06,0
0.4582054276840285,0.5417453896990395,2.055485314717147e-05,1.2173659278896855e-07,1.2634114473589417e-05,1.1460042767049729e-05,4.4118699514341705e-06,0
0.3922763350051411,0.6076764897733121,1.994349969710941e-05,1.233988033437875e-07,9.185971092024421e-06,1.034691843343369e-05,7.5754335208866605e-06,0
0.3774416824092871,0.6225014651303814,2.215892040255551e-05,1.1247985237537232e-07,1.2062589616455883e-05,1.5133386935734012e-05,7.385083524393194e-06,0
0.39651762872563534,0.60342844319332,2.0297527606962472e-05,1.0903354612228812e-07,1.1693000066454994e-05,1.4669710242303519e-05,7.158809582952301e-06,0
0.27528132598838256,0.7246640985111993,1.8797483766876472e-05,1.2206766457745879e-07,1.293199365088815e-05,1.4709365349273022e-05,8.014589986513232e-06,1
0.22507717624780102,0.7748633782978024,2.0339517898492364e-05,1.217988943490361e-07,1.2744129003315344e-05,1.6213162096349658e-05,1.0026846504418774e-05,1
0.11966490565903727,0.8787135031957475,1.972974652834275e-05,1.3965992295042007e-07,0.0015841528610829958,1.313834830195514e-05,4.4305293789419386e-06,1
0.10924937341075565,0.8888283054094639,2.1062695207580806e-05,1.4909539692226375e-07,0.0018823535518821223,1.4025979777164554e-05,4.729857516559027e-06,1
0.07400985849698746,0.9182192891993424,2.764426505936819e-05,2.081095252378565e-08,0.00772279853063354,1.4581150795266109e-05,5.80754622954079e-06,1
0.08524350355696896,0.7795495195964309,0.00033153848472750367,1.653423455964944e-07,0.13346628932917495,0.0014036338477413507,5.349842610826857e-06,1
0.08301874965359084,0.5812480234670597,0.0003034966432968783,1.5818157776846443e-07,0.3338522490051011,0.0015719356400296436,5.387409344194886e-06,4
0.19929596762470334,0.5999652244824943,0.0012579553154044405,2.2674946641547475e-07,0.1945490891153134,0.004926574663105847,4.9620495123191215e-06,0
0.24893448734464,0.6892214169844995,0.001147285732766281,2.007868101583332e-07,0.05658472846899664,0.004098469609356371,1.3411072930939587e-05,0
0.233624498335903,0.7327647260747107,0.0005855860947047868,1.8187468687471566e-07,0.030035598856022982,0.002956357559752064,3.305120421965419e-05,1
0.10738329587656999,0.7656821103428861,0.0004034527901989891,1.401508898706289e-07,0.12522187121380293,0.0013005347454963113,8.594880155655345e-06,1
0.050954502505125766,0.8462278318647888,0.00024029675184693576,9.885272076604572e-94,0.10182669533675183,0.000737422483570812,1.3251057915863524e-05,1
0.0701797737526336,0.923545351799535,1.5451104524824375e-05,1.293632069263072e-07,0.006184856977021966,9.02106320063859e-06,6.541593987713833e-05,1
0.059575751473951645,0.9349250543168179,1.4363254548989737e-05,8.992144014569952e-51,0.005437589398549473,8.010104943894959e-06,3.923145118804659e-05,1
0.05176575682319518,0.9447255731438896,1.3895987503982227e-05,8.699610553741835e-51,0.003453703759769337,8.196172931509335e-06,3.287411271036162e-05,1
0.24137880326818567,0.7583171146936807,4.599019135048535e-05,2.0384601311210307e-07,0.00023177323521185315,1.6254965084818766e-05,9.859800473309463e-06,0
0.5124599147689686,0.48554554390198756,2.3581110615987683e-05,1.9473551064089972e-07,0.00194113919893387,1.64261994515953e-05,1.3200084531957725e-05,0
0.5211816673819504,0.476910614314359,2.1506122542500754e-05,1.9387705318304037e-07,0.0018495380962109574,1.6026727376686615e-05,2.0453480507167105e-05,0
0.5072386236544203,0.48988184122178696,1.3848499264610149e-05,2.0115972490214762e-07,0.002839731978298559,1.155728679157674e-05,1.4196199713129253e-05,0
0.8060867994795056,0.1938616896818117,1.796866776633913e-05,2.0540502018318906e-07,8.969491263703113e-06,2.0483286501017365e-05,3.883988131528336e-06,0
0.8158025409718389,0.1841484161869015,1.8092172274854235e-05,2.2294520441820723e-07,1.2666726400321514e-05,1.443514889695638e-05,3.6258484831722394e-06,0
0.7918121796893579,0.2079932814476971,2.6798499349901472e-05,2.3037447828710233e-07,6.8010702336367535e-06,1.2998287097587044e-05,0.00014771063178557777,1
0.5877695246521384,0.41192017914668355,2.83880105295839e-05,1.8783685611671545e-07,1.333175241017984e-05,1.700797525552186e-05,0.0002513806261265638,0
0.6869889515200545,0.31243338466239245,2.708830718953691e-05,2.9797448450563693e-07,1.6706496200197297e-05,2.988553595360237e-05,0.0005036855037253094,0
0.7080448401272632,0.2913689715893106,2.755394563895423e-05,3.0686054603826456e-07,1.6604071320539686e-05,2.639508438184469e-05,0.0005153283215388196,0
0.7813340020225221,0.21797779138016024,2.4725246940757733e-05,1.835162550826102e-07,9.715664972179494e-06,2.241145733271979e-05,0.0006311707118168074,0
0.8993619954198909,0.09984607507882336,1.7412487143086695e-05,1.1659514623967937e-07,5.459551311978166e-06,9.630218993084588e-06,0.0007593106486913489,0
0.9514883561463361,0.046820063964631634,2.28319080581532e-05,1.614235129771991e-07,6.842585139300074e-06,1.250483881226608e-05,0.0016492391335098252,0
0.9170248457063488,0.0724622246386441,3.169160404037885e-05,1.8838353534068103e-07,1.4925228472089297e-05,1.9492609943152218e-05,0.010446631829016147,0
0.932787259198188,0.06101683339625419,2.6613867993687946e-05,1.5862840049144246e-07,1.0580235146680463e-05,1.664586230145617e-05,0.006141908811715474,0
0.9319589424051067,0.04426740095398527,7.307530405029959e-05,4.065217682427298e-07,0.00018559071174421016,2.5869519419994736e-05,0.02348871458392558,0
0.3042914909881281,0.6684252778187196,3.9879891995744116e-05,2.6724394105976453e-07,3.0507578113945307e-05,2.6951134493849244e-05,0.02718562534460772,1
0.706196783027595,0.28500260510736464,3.753865020018391e-05,2.845373239812926e-07,1.9011188290877422e-05,2.740257970831424e-05,0.008716374909516936,0
0.7610374476208117,0.23810417459293268,1.5881583369683197e-05,1.324899806863734e-07,1.802799425511452e-05,1.123689557626153e-05,0.0008130988230740328,0
0.7340636485812194,0.2635759179594798,3.0356238377164313e-05,2.2405552994303563e-07,1.264338376670157e-05,1.4742584334382846e-05,0.0023024671972925945,0
0.7699436292837476,0.2282397508520233,2.050448401029612e-05,2.00783102211515e-07,1.1330127918621178e-05,1.3761526858695334e-05,0.0017708229423393641,0
0.7414299968429899,0.2578320891303549,3.2450963278310764e-05,1.932337699462564e-07,8.637331626427634e-06,1.2779980509849434e-05,0.0006838525174705972,0
0.7528322250796496,0.24694785534105662,2.537686168758552e-05,1.7001347200221371e-07,7.5230376542085685e-06,9.64993453978232e-06,0.0001771997319401263,0
0.7542801104324627,0.24552274443518546,2.4922836759106343e-05,1.5295352881154077e-07,6.753592803407638e-06,9.91454026781794e-06,0.0001554012089929355,0
0.5606595152866019,0.4391439665889988,2.144292520023381e-05,1.800359860062921e-07,1.0358362036105755e-05,1.2706631530616135e-05,0.00015183016964625227,0
0.09955111516412485,0.9001162142121104,1.8129779818449278e-05,1.7667019426218716e-07,6.965817783862298e-06,9.71031610816405e-06,0.0002976880398597452,1
0.10762670364268594,0.8919404945742084,2.107413417041123e-05,1.9100168399926083e-07,7.963295541345928e-06,1.1037157607510187e-05,0.00039253619410232744,1
0.2580881712129548,0.7411483782402585,3.2269406331241785e-05,2.530319696244076e-07,1.4692732120803907e-05,1.690045819670098e-05,0.0006993349181682882,1
0.17302297341957815,0.8267271256204779,1.724059587770373e-05,1.673239902327519e-07,9.006508073651545e-06,1.3478520325547545e-05,0.00021000801167676041,1
0.09453915772352332,0.9051716311255066,1.579107269976271e-05,1.3120617005765377e-07,1.1111098458189217e-05,9.923077274108737e-06,0.0002522546963681164,1
0.12327775114855735,0.8713809401043071,2.5095491167520904e-05,1.3148718182626006e-08,8.943866684112138e-06,1.0852448445907745e-05,0.005296403792119865,1
0.18460829113467248,0.8026550842424047,1.6118112548754967e-05,1.0479186337870185e-07,9.77995804833181e-06,1.244240678898463e-05,0.01269817935367352,1
0.3607490811942332,0.6352605189513334,1.6429492247896095e-05,6.776711855927337e-08,9.073886387455577e-06,1.2116821521158583e-05,0.003952711887158412,1
0.36390754745091075,0.6340745637010783,3.718335535878997e-05,6.764060547109547e-08,1.3129897016701007e-05,1.2094200867630258e-05,0.0019554137541623255,1
0.6007854263383543,0.3958332888416961,4.155933135447738e-05,1.5299956970743425e-07,2.2094475168137244e-05,2.2927338632013604e-05,0.0032945506752252492,1
0.659644209061095,0.3373824601513917,3.2404327306606775e-05,1.232159880833531e-07,1.97588593316759e-05,2.2634290724682183e-05,0.0028984100941619965,1
0.7323763496394091,0.26246795161940795,2.540708526235648e-05,1.1603469723010986e-07,1.9941844369616186e-05,2.0784053571173735e-05,0.005089449723282597,1
0.7790340826203149,0.21850724227338236,2.7770424470047734e-05,2.787772466976113e-07,2.899186179927383e-05,2.0147468447269845e-05,0.002381486574339235,0
0.8397488800827053,0.15901223028949876,2.1267190478056682e-05,1.8430647024976404e-07,2.2081049564091977e-05,1.197822973792466e-05,0.001183378851545777,0
0.8097499876348251,0.1882987201598356,2.544662545512849e-05,2.2924751357105187e-07,1.6500604923257358e-05,1.2909257893119059e-05,0.0018962064695541394,0
0.7553252575462667,0.23842343519927658,3.203761761236441e-05,2.737849253540188e-07,1.8940717816894986e-05,2.2862920211484763e-05,0.006177192213890482,0
0.8031955603320808,0.19440014478520307,3.5352601676870215e-05,2.8633000485506675e-07,2.569441461058905e-05,2.3871128126341485e-05,0.002319090408297586,0
0.8032770342424899,0.1949020750094139,2.6478446868656282e-05,1.1148547410169204e-07,4.3526810692280237e-05,1.5951574400830858e-05,0.00173482243066018,0
0.751804735791228,0.2466485420909783,2.519548786797538e-05,9.578065471442232e-08,5.4830293079411334e-05,1.3704496053394009e-05,0.0014528960601381728,0
0.8279496603514006,0.1718450617252337,1.648708747357696e-05,7.252846610448643e-08,1.404918739516629e-05,9.362211492862051e-06,0.00016530690853799388,0
0.8055568141242057,0.1943826661554346,1.5585427359981527e-05,7.175681576142579e-08,1.3091705812301902e-05,1.0184308487443548e-05,2.158652188423161e-05,0
0.8213433345055026,0.17858485134752336,1.466743056431926e-05,6.75302696799846e-08,1.1900966016619363e-05,9.58444283464054e-06,3.559377728896532e-05,0
0.8186797390213446,0.18125785878132628,1.2121740855128065e-05,1.2168577201329115e-07,1.2071333841921704e-05,7.99501556041109e-06,3.0092421299692695e-05,0
0.6245140633476655,0.37505928265744615,2.1865199576536302e-05,2.130270186098999e-07,0.00037528586524279006,1.141144974141814e-05,1.787845330902037e-05,0
0.23578641261183847,0.762826399972483,3.611556116566747e-05,2.6125582211647686e-07,0.00122536477225737,2.00048238761696e-05,0.00010544100255732516,1
0.5576419555486931,0.44227038643005917,2.7295949743333615e-05,1.9308429020048458e-07,1.3548740610788462e-05,1.4784808190777185e-05,3.183543841253224e-05,1
0.02623105229427959,0.00030539322605179734,2.5598422219956434e-06,1.832578285441972e-08,1.9649175062531695e-06,1.4509892169690517e-06,0.9734575604049405,6
0.02059682329148826,0.0008449655738008372,1.3431948817595517e-06,9.733539146315234e-09,7.503798194855666e-07,6.334050677702124e-07,0.9785554744214027,6
0.048165365511330084,0.003360611984329235,2.545875351475647e-06,2.0439771616154036e-08,1.8977794515524096e-06,1.7519867917827651e-06,0.9484678064229742,6
0.2495308618593111,0.016786025721427556,1.2429325999605253e-05,1.7158279062988063e-07,6.960441555881183e-06,7.89011593600584e-06,0.7336556609529793,6
0.2353898554009452,0.01579880639656887,1.136854087486139e-05,9.419969054729496e-08,5.521371244209192e-06,7.509483844397764e-06,0.7487868446068319,6
0.4433308457572309,0.028928624323468943,2.153949883958976e-05,1.784762132244973e-07,1.0582859785678676e-05,1.7537456638568438e-05,0.527690691627823,0
0.14189158220612869,0.005785781090534418,1.0664374853628686e-05,2.9459448403335037e-08,3.8413050677494664e-06,6.062012005099041e-06,0.8523020395519622,6
0.16786119769455596,0.005718384287625558,9.51647242257553e-06,2.911628425543956e-08,4.245049693321965e-06,5.368636094894201e-06,0.8264012587433234,6
0.31952717208382697,0.037002157283807215,1.5446686408604876e-05,8.528858081541701e-08,8.303438942890736e-06,8.61618600408384e-06,0.6434382190324294,6
0.5806808247128218,0.4181239964589131,1.9251312831479745e-05,1.0680605982508697e-07,1.0617284384950427e-05,9.700787056759086e-06,0.0011555026379320237,0
0.9144424422417272,0.08155185745438669,1.8420170607041223e-05,1.0219489242452516e-07,6.824087027484279e-06,1.1190121906921611e-05,0.003969163729452248,0
0.8493088464749156,0.13969118673197572,1.8074338706092263e-05,6.306609601678138e-08,6.432872967728306e-06,1.1716858403320425e-05,0.010963679656935423,0
0.9611189258862306,0.016633051537941736,1.2365469649814879e-05,7.9198796884134e-08,4.825896833045167e-06,8.672098683106985e-06,0.022222079911864877,0
0.9707725994572963,0.014081651739812007,1.4927784920498589e-05,7.877215048714495e-08,4.452317519037932e-06,8.625381816146316e-06,0.01511766454648561,0
0.8968026998919376,0.018059446409951455,1.0950304859284762e-05,1.2355251626110025e-07,6.40552663482134e-06,8.887336377434479e-06,0.08511148697772311,0
0.965567330424267,0.031160040894172895,1.6928871563047463e-05,1.3425222897589552e-07,1.1525833416945312e-05,1.2469291442835938e-05,0.003231570432908393,0
0.9516818606103384,0.045092573181466276,1.668542366701179e-05,1.3232159688618062e-07,1.1360084631802547e-05,1.228997513368275e-05,0.003185098403166027,0
0.937459716441942,0.05892082915387522,1.580916672416952e-05,1.284315877214587e-07,1.1619291751904951e-05,1.001983691688182e-05,0.003581877677202336,0
0.9328489354949803,0.0643776451130477,1.7963792581893122e-05,1.4018454932812578e-07,1.2682590059428601e-05,1.2043396694032007e-05,0.0027305894280873623,0
0.9301090301118687,0.0649723964017409,1.6243412618063327e-05,1.433989492839662e-07,1.3206647866021952e-05,1.275241001783262e-05,0.004876227616938761,0
0.9156992305261917,0.07905975444439979,1.021072247192539e-05,1.28757578754432e-07,1.0759564724106216e-05,9.545127652551082e-06,0.00521037085698078,0
0.9080464178594174,0.08586583406232892,1.2740927002101405e-05,1.3180525091738426e-07,7.088753573905781e-06,9.337329925648993e-06,0.006058449262501196,0
0.9084855494861056,0.08423870657252194,1.2747088519717584e-05,1.225932756308114e-07,7.092181698092912e-06,9.29758152908248e-06,0.007246484496350128,0
0.9149385093094721,0.0809548068161228,1.3643044606710915e-05,1.299321418660298e-07,7.516744730040209e-06,9.85416758000469e-06,0.004075539985346333,0
0.914059115405408,0.08087699703667378,1.366058445243792e-05,1.298072574805368e-07,7.423128049694513e-06,9.74340167355177e-06,0.005032930636485071,0
0.8878469417313399,0.06992844384067515,4.9335485261103274e-05,3.5786322103314116e-07,2.5217426157541455e-05,3.6144666021913386e-05,0.042113558987323094,0
0.9057561194002883,0.07184896669528244,5.028820186645243e-05,3.7180251111875263e-07,2.6171616611580125e-05,3.739526812198769e-05,0.02228068701531825,0
0.7990283628693992,0.17287321284100812,4.727464205627298e-05,2.9922673706206854e-07,2.2035852651187748e-05,3.328067562060499e-05,0.027995533892527756,0
0.8788113476434418,0.11732521712079007,1.7016024564591122e-05,1.4202182438370484e-07,7.410105606668628e-06,1.3994400407145539e-05,0.0038248726833651843,0
0.8940177990788148,0.10205165943415591,1.7549041671889356e-05,1.3929507537451e-07,8.247123474892641e-06,1.3549923232254445e-05,0.0038910561035748145,0
0.9066454381892691,0.0906969172736894,1.4484507013754427e-05,1.213904135022678e-07,6.769527009612238e-06,8.689607247122169e-06,0.0026275795053575636,0
0.9021911026833421,0.09513000770070919,1.6769660812583267e-05,1.366439656653603e-07,7.553135041440285e-06,9.875603977404588e-06,0.0026445545721516476,0
0.8311174799322272,0.1536257925675016,5.0193483629236036e-05,3.9968783128483047e-07,2.8986639916726027e-05,2.7414714757582323e-05,0.015149732974136503,0
0.8255363766707792,0.17442748414241907,1.600168257336354e-05,1.549829396605547e-07,7.913014251985658e-06,8.04879895232571e-06,4.0207080847017935e-06,0
0.7361899607129421,0.2637625655277926,2.0174838293423708e-05,2.0532496667731963e-07,9.363406184044155e-06,1.0599782508999529e-05,7.130407312116319e-06,0
0.8386381802376617,0.16132812773124916,9.632214967296077e-06,1.0510090487409691e-07,4.933302274490145e-06,6.649631063854736e-06,1.2371781878556117e-05,0
0.7367251774069531,0.2632451478292696,1.109890479023521e-05,1.1084988628042834e-07,5.356771166588958e-06,7.685118009743145e-06,5.423119924477738e-06,0
0.6405650851565022,0.35939940216013555,1.3989345866354877e-05,1.673467982910166e-07,8.838569079870862e-06,8.768046755836066e-06,3.749374861887846e-06,0
0.668703157378336,0.3312542756277186,1.6530459585487027e-05,1.9579268048029234e-07,1.0418532951942846e-05,1.1033491195529334e-05,4.388717532019934e-06,0
0.4088531630439244,0.5910999177655697,1.93143778864288e-05,1.4123694919050262e-07,7.204822412636524e-06,1.087534706075611e-05,9.38340619685626e-06,0
0.38210082928105993,0.6178431676007089,2.0445269585567362e-05,1.1406639389495947e-07,9.950407998453125e-06,1.5956858316788623e-05,9.536515936407592e-06,0
0.24047202032340967,0.7594708629090937,2.0907526402399092e-05,1.1913518591903441e-07,1.1203900569290515e-05,1.6665936542229098e-05,8.220268796587476e-06,1
0.15628139408519004,0.8436646861209846,2.3354933974132232e-05,1.6850682100330597e-07,9.846373486680231e-06,1.513632540493851e-05,5.413654138506605e-06,1
0.11389867865475012,0.8845312747446846,1.8895301415645685e-05,1.3375318005444758e-07,0.0015323543810737757,1.4420019251530355e-05,4.243145644355795e-06,1
0.0928865417842249,0.8999908588678144,2.3614993364916892e-05,1.303897299900685e-07,0.0070798116482295274,1.317248048772338e-05,5.8698361484033354e-06,1
0.0770473944793386,0.9180519636538573,2.4783618964280488e-05,1.8657421947213167e-08,0.00485859338141119,1.1889211254012114e-05,5.356997752719005e-06,1
0.07544362549298884,0.9154467092100227,2.8649874399499173e-05,2.2276685274324505e-08,0.00905869986841937,1.617691116053521e-05,6.116366323823366e-06,1
0.08453084380685237,0.90456917556336,2.7181479307838715e-05,1.6933572123636393e-07,0.010851080366877297,1.692133963535849e-05,4.628108245883808e-06,1
0.09493329077794131,0.853425902670808,0.00034680043877804274,1.7393201937771458e-07,0.04981273581398439,0.001476553805522768,4.542560946115903e-06,1
0.07521986941630011,0.671653528683434,0.00032695821708869237,1.4245762080409313e-07,0.250826536555157,0.001968222122655663,4.742547743680586e-06,1
0.06138159999729782,0.5470322892524012,0.0003491247506080137,1.2924206112443342e-07,0.38965288030333156,0.0015809717014381797,3.004752862220598e-06,4
0.3894270688203392,0.4330495212971363,0.004392614123864821,2.7222365348641047e-07,0.1566889434264968,0.01643537877339641,6.2013351128686625e-06,0
0.07182465641585746,0.8169011626167637,0.0002718531667763536,1.2904754523922418e-07,0.11019653614851914,0.0007977486470402418,7.913957497783145e-06,1
0.07253727833130366,0.802424521949923,0.0003072458075935153,1.3434818657289816e-07,0.1239362044168305,0.0007863761220382962,8.239024124567287e-06,1
0.05426803468392155,0.9424839500558824,1.3026648557116701e-05,8.15535918083562e-51,0.003172572478891873,7.264706035379833e-06,5.515142671152455e-05,1
0.06694341517657705,0.9290722172912701,1.6420902204721544e-05,1.0280338412884993e-50,0.003884047466913152,9.157614625893213e-06,7.474154840916756e-05,1
0.05595591749561569,0.9390470932375456,2.309995042644879e-05,8.196578720183835e-51,0.004958511051260273,7.722251038980194e-06,7.656014112727111e-06,1
0.09933231618954612,0.8934857492404608,2.8166861997804656e-05,1.336598220272078e-07,0.007135092767046939,9.857894819615744e-06,8.68338630679332e-06,1
0.15876868477612624,0.8395116125724249,5.257999499980696e-05,2.2453004705698988e-07,0.0016337229544498375,1.7904338768681012e-05,1.527083318358885e-05,0
0.5212636583551289,0.4767237672788917,1.8536533109984092e-05,1.6710629303313192e-07,0.0019627401782448596,1.3501307268424109e-05,1.7629241063155914e-05,0
0.7710651773091269,0.22888333843902556,1.867252383641915e-05,2.1345100178632618e-07,9.320837894047841e-06,1.924131012042272e-05,4.036128994615369e-06,0
0.6405582522870025,0.35937385742424033,2.8561604152593052e-05,2.8685035752961135e-07,9.033454342165739e-06,1.404597247435861e-05,1.596240743049962e-05,0
0.5163357148606855,0.483609317479873,2.020608517360511e-05,2.181917272656634e-07,6.373686764227722e-06,1.021866976398284e-05,1.7951026012309167e-05,1
0.7429699556754679,0.25681798754004775,2.8003650341408255e-05,2.1703583738778937e-07,1.0187084863342623e-05,1.1776951022622302e-05,0.00016187206241966207,1
0.5699225201598148,0.42973361509790853,3.128048816535732e-05,2.2375798725305047e-07,3.892052935550954e-06,1.6794343236980954e-05,0.0002916740999515084,0
0.6664918256197258,0.3331848532112734,3.114899341427924e-05,2.0610563702733154e-07,1.0305879310003488e-05,1.63082996874345e-05,0.0002653518909520074,0
0.7724478351319689,0.22709802715297941,2.519733746145058e-05,1.9675061504922116e-07,9.62805383611257e-06,1.8921778127254068e-05,0.0004001937950118662,0
0.7289739280331686,0.27056900229697517,2.528804995984257e-05,2.0015369907090478e-07,2.3724069919157837e-05,2.4193578558009857e-05,0.00038366381772017403,0
0.7814236937124356,0.21789308659562784,2.2881048889845585e-05,1.7261730817158875e-07,9.138656048967824e-06,1.980229914358424e-05,0.000631225070545974,0
0.7958813108058752,0.2034806714746408,2.1367594836959322e-05,1.5040774078535404e-07,8.534184807206615e-06,1.8492487253421105e-05,0.0005894730448455619,0
0.7885260681360265,0.2091854515271089,2.0431444855324183e-05,1.2251794474853842e-07,8.299496777988439e-06,1.1174414373752201e-05,0.0022484524629126012,0
0.9402667943205761,0.05859376883740382,1.5625486583952113e-05,1.0634760733537364e-07,4.759771054221553e-06,9.460511385119124e-06,0.001109484725389459,0
0.9635454658649119,0.03078393010070417,2.8375786928798788e-05,1.6913008264221086e-07,1.0923897622531898e-05,1.899908944791514e-05,0.005612136130302017,0
0.9791269627798449,0.015402414697157838,2.1301789422720496e-05,1.3860005572337492e-07,7.954374994109743e-06,1.5874958864607825e-05,0.005425352799660313,0
0.932714026836948,0.044303266938823804,7.313451054742065e-05,4.0685113710699817e-07,0.00018574107958849607,2.589047921820521e-05,0.02269753330373726,0
0.374443557715398,0.5951437708534348,4.649112967837785e-05,3.11547301103428e-07,2.6667259238311394e-05,2.990642765642472e-05,0.030309295067292904,1
0.75364189052632,0.22676014612883794,3.938890901579045e-05,2.91715183763905e-07,1.5261317069497016e-05,2.0878153498602977e-05,0.01952214325007425,0
0.6852113020597911,0.28033504381798025,5.122981497985973e-05,3.1418442003614424e-07,1.838634906465161e-05,2.573952410993829e-05,0.0343579842496541,0
0.8573797069962947,0.13965364520637488,2.1985444356380878e-05,1.3702797318980855e-07,1.9789411016562805e-05,1.2299100189779867e-05,0.0029124368137943392,0
0.6892570809006819,0.3024017444662902,4.5415960120269284e-05,2.865569531255005e-07,3.111439895479694e-05,3.0554469670037893e-05,0.008233803247329896,0
0.7075740413690021,0.2847803276413691,3.7611859849896155e-05,2.79702823370051e-07,1.8197360153088015e-05,2.9823640082958684e-05,0.007559718426719356,0
0.7664720683618612,0.22788625563960047,2.4417477185650674e-05,2.2813585512113207e-07,1.5782053837267837e-05,2.1970794083563768e-05,0.005579277537576795,0
0.8092426630741771,0.18995635888257745,1.270562876688947e-05,1.1570944107675694e-07,1.304086391135121e-05,7.530333658207651e-06,0.0007675855074675808,0
0.80906080644291,0.18998252639626595,1.3255201151620393e-05,1.2071436563697635e-07,2.352446240232929e-05,7.0939182568075164e-06,0.0009126728646478308,0
0.742583290024707,0.25703610320226883,3.4618620877430346e-05,2.153985722937965e-07,9.795574032626796e-06,1.1117523506311042e-05,0.00032485965603545517,0
0.7154951248895955,0.2842145025364975,3.148619954290459e-05,1.794609264492904e-07,8.90913041320234e-06,1.267358534869339e-05,0.0002371241976757476,0
0.6637162438400471,0.33599970600119455,1.8093369106142536e-05,1.5004623160303943e-07,1.633356994265153e-05,9.73700844099979e-06,0.0002397361650368019,0
0.12495096754511162,0.8747288323550578,1.981281251475468e-05,2.060289181640776e-07,7.845796726639851e-06,1.0102165280844818e-05,0.0002822332963900204,1
0.19936499168313462,0.7999504567993188,3.086080532230462e-05,2.227468962991908e-07,1.292740093408349e-05,1.4842051780743716e-05,0.0006256985126131696,1
0.13426043795031328,0.8655343096850087,1.3155218309513366e-05,9.131796335176713e-08,6.572780924333393e-06,8.313414981372456e-06,0.0001771196324996251,1
0.12330177651096952,0.8757464644907116,1.5713419487648895e-05,6.750365137114382e-08,5.315246210764139e-06,5.536110569946717e-06,0.0009251267183989766,1
0.0666920377375646,0.9216078657984696,2.1843245665309626e-05,1.0414774566734731e-07,1.357358020106906e-05,1.082000920137668e-05,0.011653755481152276,1
0.04988594692969293,0.945222592279895,1.7038514965252686e-05,7.340267400135292e-08,1.211287577628851e-05,7.561510319226589e-06,0.004854674486677194,1
0.18846495884474654,0.7990076824612105,1.585285656917296e-05,1.030673023738906e-07,9.959870817453908e-06,1.2237641945012565e-05,0.012489205257408948,1
0.3575593916710968,0.6403736800950285,3.287581874696857e-05,6.83125706802543e-08,1.0758750285304215e-05,1.094475778144238e-05,0.002012280594490364,1
0.697128714305525,0.29852459364103134,2.9499724701084285e-05,3.0338207781961335e-08,2.5616264587041706e-05,2.4132003029510293e-05,0.004267413722918167,1
0.7527930829502149,0.24466780115356315,2.8918732276397793e-05,2.9030469342284645e-07,2.5315467416025184e-05,2.538797109969731e-05,0.0024592034207367814,0
0.7647248542677954,0.23291732282192587,2.960182396654571e-05,2.971620038261083e-07,3.090381244874972e-05,2.147615046326985e-05,0.00227554396139637,0
0.764157707820877,0.23318253001067102,2.92912230558879e-05,2.9404399362830425e-07,2.998484065147452e-05,1.8865519628157038e-05,0.0025813265411227205,0
0.8221142569671225,0.1725942129164553,2.232063435541077e-05,2.334449273221189e-07,2.7202210087975995e-05,1.4654130276402156e-05,0.005227119696775151,0
0.8368948428733051,0.16175771950080534,2.1275873977259194e-05,2.089958641393141e-07,1.4576058617962815e-05,1.3582813840145143e-05,0.0012977938835900598,0
0.8319746694382787,0.16614910967069874,2.7772238943776933e-05,2.337991569268054e-07,1.6828219681624544e-05,1.4318919405944609e-05,0.0018170677138343273,0
0.8481795573408795,0.15027620502399863,2.87469653329156e-05,2.408702372718799e-07,1.7337176578635872e-05,1.633686216252558e-05,0.0014815757608105465,0
0.8246574036148815,0.17380795901439153,2.8807513542421977e-05,2.4137756948664725e-07,1.737369295480203e-05,2.241042347174869e-05,0.001465804363188627,0
0.7964999581389693,0.20113237233961653,2.9709738905361762e-05,2.2803765933362365e-07,1.8045843125623196e-05,2.3662639083763406e-05,0.0022960232626399427,0
0.7421510287348551,0.25221292443137006,4.4582180040780815e-05,3.090930274746532e-07,2.8056851769774142e-05,2.4782076292698007e-05,0.0055383166326442215,0
0.8408365342661854,0.1574896608756987,3.276659390119326e-05,2.9173086958784115e-08,4.962748688201061e-05,1.8160484463218324e-05,0.0015732211197825672,0
0.8001356507175884,0.19888448979633624,1.8764045891084378e-05,7.611895387064878e-08,3.337194e-317,9.825683390653472e-06,0.00095119363783952,0
0.7023827652495158,0.296914462176741,2.1307974826583924e-05,8.64387543238925e-08,3.101270876460888e-05,1.1157796967524295e-05,0.0006392076544301979,0
0.8235591220356003,0.17638308881758966,1.5152532369933043e-05,6.976372533615368e-08,1.1678475021866437e-05,9.90143295124601e-06,2.098694274145818e-05,0
0.813700627883504,0.18622770525711096,1.4637348323174e-05,6.739176813070439e-08,1.1876557669976535e-05,9.564785572972909e-06,3.552077605081505e-05,0
0.8226107362949409,0.17732211341860193,1.3270852737809078e-05,1.3022714997608398e-07,1.2918645924123422e-05,8.625889573925976e-06,3.220467107124527e-05,0
0.2710017432430195,0.7287487270524138,3.8922305277644165e-05,2.3615641628434183e-07,9.843379763338738e-05,1.662638540668612e-05,9.531105983262835e-05,1
0.029850219321063586,0.0003081635076175947,2.596945425645269e-06,2.0854239139842327e-08,2.194448660622996e-06,1.6074315880518103e-06,0.9698351974914053,6
0.011464488648458662,0.0004542614169169186,7.548911343179424e-07,6.36738520259471e-09,4.908756503770623e-07,4.177290940972246e-07,0.9880795800713605,6
0.033783759888185036,0.0009243808246752431,1.585531165835686e-06,1.3374656366299974e-08,9.54274199120154e-07,8.703489033900433e-07,0.9652884357582151,6
0.03859498341627848,0.0010364257822597605,1.620204777108198e-06,1.4066359009145205e-08,1.0800121703850556e-06,9.153610981099955e-07,0.9603649611570572,6
0.18854100588066772,0.013554340641867451,1.0054325716739025e-05,1.3879668651660163e-07,5.802176249062883e-06,6.5118225221130885e-06,0.7978821463562904,6
0.32274430222056555,0.01974989942156313,1.4773260525905102e-05,1.2241118585341728e-07,7.174945030220311e-06,1.1062869912624313e-05,0.6574726648712169,6
0.839352882826553,0.14891940253624958,2.039473858731362e-05,1.2133162846221994e-07,6.857838503324885e-06,1.238343993228612e-05,0.01168795728854614,0
0.9488984216603246,0.01398486723483476,1.4065802329080942e-05,9.878067737748945e-08,6.162694183561798e-06,8.127322056480372e-06,0.03708825650559429,0
0.9631489452834942,0.026774047245500608,1.5550147755556412e-05,1.2331843793090712e-07,1.2718361317205118e-05,1.1801157122448278e-05,0.010036814486371934,0
0.9653645072960166,0.03100766038301528,1.6925315553456027e-05,1.3422402850121342e-07,1.1523412347470755e-05,1.2466672194423308e-05,0.003586782696844437,0
0.9516818606103384,0.045092573181466276,1.668542366701179e-05,1.3232159688618062e-07,1.1360084631802547e-05,1.228997513368275e-05,0.003185098403166027,0
0.9308586356151696,0.06548665372184502,1.6628394367618654e-05,1.4453395373891272e-07,1.3076083589272365e-05,1.2417058434594238e-05,0.0036124445926401737,0
0.9106530217864199,0.07635419723765897,9.669750075911454e-06,1.2193589732344076e-07,1.0189514218388258e-05,8.822411499870992e-06,0.012963977364229481,0
0.9142148032236421,0.058005506233735946,4.988947995787052e-05,4.182825493072503e-07,2.579737737549665e-05,3.206413998200379e-05,0.02767152126275715,0
0.8905342877407629,0.05814573467010379,4.992094041173154e-05,3.621099182099389e-07,2.5516676726404522e-05,3.6573588141119774e-05,0.05120760427393569,0
0.9001603856828946,0.09680595419493604,1.5205445553645739e-05,1.1407825397302996e-07,7.024712120372608e-06,8.98731258978528e-06,0.0030023285736515207,0
0.9035315987748992,0.0932109321633775,1.6794577556618035e-05,1.368469943821859e-07,7.564357661539219e-06,9.413269689970047e-06,0.003223560009820699,0
0.8940958865467542,0.10265642114031998,1.7780432837387232e-05,1.414476569750089e-07,7.538114261330358e-06,9.855964546230187e-06,0.0032123763536240683,0
0.9175638915187323,0.06328785844127154,5.259251065697049e-05,3.888392665188134e-07,2.911431228884663e-05,2.9535962036542888e-05,0.01903661841574742,0
0.8507067083627712,0.14925806342821782,1.446715837358427e-05,1.06714634761704e-07,6.914628803725028e-06,8.039725947971943e-06,5.699981251061879e-06,0
0.8374655379024083,0.16250193037859392,1.421002095045167e-05,1.0587468134471108e-07,6.695853203551272e-06,7.91458836449552e-06,3.605381797943959e-06,0
0.8569423232685651,0.14302753163226287,1.0711227723256804e-05,1.1359475080595129e-07,4.897199786401073e-06,7.325871447110048e-06,7.097205463993177e-06,0
0.8656089860537439,0.13435505871339892,1.0239184171319393e-05,1.009504660179103e-07,4.918982049697537e-06,7.913782074515985e-06,1.2782334095699945e-05,0
0.6938346534601598,0.30613542929168924,1.2137069496132232e-05,1.2121851649791512e-07,5.9323242176311675e-06,8.817203143642242e-06,2.9094327771744755e-06,0
0.7558790360261757,0.24408462661971797,1.4506748990323476e-05,1.2360979760330752e-50,7.93139020804601e-06,9.94389766217358e-06,3.955317245757729e-06,0
0.7020788693453529,0.29788761723817064,1.3170376485291055e-05,2.124058800282576e-07,7.2811188894642705e-06,9.658713071938193e-06,3.1908021497388534e-06,0
0.699529555985263,0.3004386414454811,1.234979303801012e-05,1.9917188102671145e-07,6.827467040934983e-06,9.434138834944244e-06,2.9919984609795896e-06,0
0.39261131340592725,0.6073406846328626,2.1513329803586075e-05,1.9323464653190382e-07,1.0921711220382809e-05,1.0553317988513102e-05,4.820367551363674e-06,0
0.3995989914102387,0.6003413227380678,2.3811428669398924e-05,1.6341075313500528e-07,1.1081008852698683e-05,1.5014360603296717e-05,9.615642814919258e-06,0
0.4116300387484491,0.5883171377312397,1.928448178118214e-05,1.0759023184831478e-07,9.38546987401699e-06,1.505090173583424e-05,8.995076688126821e-06,1
0.2975367517386797,0.7023982379623704,2.4967675583014797e-05,1.284531495438814e-07,1.1205414697557246e-05,1.79694354982809e-05,1.0739320021241632e-05,1
0.13039113077281927,0.8695669457349007,1.4455383845693306e-05,1.3329605590700001e-07,6.924166597499167e-06,1.1654882175674001e-05,8.755763605317365e-06,1
0.13039150885010906,0.8695694670989856,1.445542575998851e-05,1.2851349209898744e-07,6.924186674555986e-06,1.1654915969738365e-05,5.861009009030967e-06,1
0.1498874621889237,0.8500657067597743,1.9569813977507757e-05,1.411970226346324e-07,9.843975943999782e-06,1.2683190318831865e-05,4.592874038776487e-06,0
0.092952974947956,0.9070050806285107,1.3564466130663691e-05,1.1942581038617704e-07,1.3687941481231874e-05,1.0661842691384275e-05,3.910747419651829e-06,1
0.1289364322590311,0.8708328933682808,1.963348148205428e-05,1.389784966113562e-07,0.00019150963659148536,1.4983364102959609e-05,4.4089120147688315e-06,1
0.09094232196407243,0.8903629797292125,0.00015283539466683088,1.8145996103330867e-07,0.018067726949735397,0.0004692153350883625,4.739167263294799e-06,1
0.09478582233691725,0.8521001992598642,0.00034626172238431014,1.7366183508797162e-07,0.0512887473730718,0.0014742601413507558,4.5355045765800834e-06,1
0.0895352208693908,0.7859076250670056,0.0003211700766259036,1.601714921523483e-07,0.12297518477165807,0.0012553067847006754,5.3322591267595174e-06,1
0.05820505814984054,0.5662820864067808,0.0002713049952950706,1.201083524292926e-07,0.37337497162636196,0.0018639212253099523,2.5374880592860767e-06,1
0.03580205383660408,0.35968911293234357,0.0001361009569299321,8.301922501590547e-08,0.6027704726495043,0.001600422686636455,1.7539187567580628e-06,4
0.03719640435224282,0.40102668667318003,0.0001739164613150351,9.256027925584186e-08,0.5591773993514347,0.0024235451122034783,1.95548934462448e-06,4
0.09139295095423078,0.7751891063287925,0.00027633992107329523,1.3544878236740262e-07,0.1323154043822861,0.0008170947788493044,8.968185985537383e-06,1
0.059624036736460426,0.9351654726069982,8.865934762060235e-05,1.191473853183769e-07,0.0049386592209893065,0.00012280290207156768,6.0250038474580876e-05,1
0.06348972852775978,0.9292389726954963,2.3051235805868e-05,4.6736759860290354e-179,0.00718398066459733,9.159258289001706e-06,5.5107618051763495e-05,1
0.21240460777824652,0.7848338790423135,4.8392704149842696e-05,2.1449486325207155e-07,0.002679306674131754,1.901099030623054e-05,1.4588315988851597e-05,0
0.36798514112349123,0.6300862622110198,3.2045964471320065e-05,2.1244471575174314e-07,0.0018693239106952416,1.6015893560459886e-05,1.0998452046087935e-05,0
0.5710789482350318,0.4271535032024247,2.7020274435029513e-05,1.6854111604678642e-07,0.0017111895655099092,1.3932347713652144e-05,1.5237833769039143e-05,0
0.548182588329365,0.44949087933418713,1.2459871905425442e-05,1.8098888239944883e-07,0.0022907203625427315,1.0398405650012171e-05,1.2772707467404218e-05,0
0.3478544688598983,0.6520753540364164,1.5740701372533465e-05,1.6892531579715093e-07,3.2180962764670965e-05,1.2598784382859341e-05,9.487729849499487e-06,0
0.8798738558244658,0.12005677238119997,1.365353412283644e-05,1.0850049174834055e-07,9.354706347614424e-06,7.76958468489576e-06,3.848546868728684e-05,0
0.649325835348842,0.3506059866096792,2.8952538522563582e-05,2.907765958178231e-07,8.493992706949473e-06,1.4259842216880537e-05,1.6180891436464976e-05,1
0.5581049908866303,0.44164919594592933,2.8898887058950887e-05,2.0831215966866415e-07,1.3693979147284886e-05,1.6006017672546466e-05,0.00018700597140185892,1
0.5306288767370185,0.4690524536077916,2.9061875094793085e-05,1.8792986298022863e-07,2.3626253645132953e-06,1.3835904045517584e-05,0.00027322132082208865,0
0.7172315875035189,0.2822602502759673,2.7124550715580838e-05,2.112271672064323e-07,1.9181742357008688e-05,2.1373613504203515e-05,0.0004402710867697752,0
0.783307121827382,0.2161875845673648,2.449221788730889e-05,1.970586083422168e-07,1.0511207436334634e-05,2.281506945672725e-05,0.00044727805186447307,0
0.7908510813062803,0.20822937700423994,2.468648949631507e-05,1.727475670777554e-07,9.80175391731196e-06,2.123914743725721e-05,0.0008636415510618293,0
0.709823750943504,0.28915572773516185,2.2633423597555336e-05,2.3700601950996393e-07,1.6023362801649643e-05,2.0455115518741907e-05,0.0009611724133967253,0
0.6938560108319457,0.30322460893621705,2.6614824920796165e-05,2.1502497933988553e-07,1.680298003234927e-05,2.123124746161193e-05,0.002854516154443055,0
0.8029650446687682,0.19482793987984157,2.7482982908898308e-05,1.7839397783416567e-07,1.0122133125463038e-05,1.7027762849482152e-05,0.002152204178528695,0
0.7764975860596445,0.2138969574139165,2.666456790173965e-05,1.9372913842354146e-07,1.1947653073731339e-05,1.458789611809539e-05,0.009552062680207007,0
0.6758037430936696,0.32004913537681146,2.6705467317774436e-05,1.7008568702003377e-07,1.6422792215273298e-05,1.4263370938789996e-05,0.004089559813360004,0
0.8160496703506799,0.18297191734935894,2.232249303008968e-05,1.3169485509049718e-07,7.305751696126374e-06,1.2135367905004128e-05,0.0009365169924747128,0
0.9263162615366429,0.07256099051907965,1.5393654656917143e-05,1.0476975114435817e-07,4.905828851056807e-06,9.320147846782918e-06,0.0010930235431714876,0
0.8893943140126276,0.062352897939385574,9.909130001962376e-05,5.744080738063791e-07,7.301324841687358e-05,3.982289054709999e-05,0.048040286200929365,0
0.9307522868925628,0.04968126228645856,6.587194644588615e-05,2.7523854332787807e-07,0.00023753864573009082,2.331944587793636e-05,0.019239445544381374,0
0.35636100659403247,0.5939024774293267,4.690973843875645e-05,3.543181710013255e-07,2.6907372748343742e-05,3.017570682204652e-05,0.04963216884046071,1
0.6079594183492733,0.3680468582469607,3.495961016024303e-05,2.2626589071685613e-07,1.3772618660989933e-05,2.1459674475404742e-05,0.023923305234578675,0
0.6853268204577398,0.28180192354321054,3.943486376063536e-05,2.935010575195882e-07,1.717594046763595e-05,2.3689713357782194e-05,0.03279066198040612,0
0.7536402629109427,0.24295433156665422,2.7107073987737144e-05,2.351787704300651e-07,1.7469374843747172e-05,2.7782122951989115e-05,0.0033328117718494084,0
0.7595454062697512,0.23858281502700845,2.872940529495576e-05,2.1487069112471553e-07,1.6246843763777743e-05,1.4138232989378219e-05,0.001812449350501104,0
0.8102564318202897,0.18848175271273035,1.8081348272309275e-05,1.8060810347885626e-07,8.591406015380987e-06,1.2261424414121443e-05,0.0012227006801746345,0
0.6164951883419939,0.38290158652670525,2.28272504192154e-05,1.4570615304611993e-07,7.178203117265239e-06,8.379805939488104e-06,0.0005646941656718136,0
0.5640572179147213,0.4356518276226955,2.0232509156128187e-05,1.4947909833084302e-07,2.2415926977058547e-05,9.453380363452885e-06,0.00023870316698822335,0
0.19885630939376644,0.8009247541992041,1.306122647943677e-05,1.233870007182709e-07,8.300085935829345e-06,1.1375454879250934e-05,0.00018607625273448766,1
0.152890427519562,0.8452942440424437,2.00664233808956e-05,8.620382401389209e-08,6.787700215266947e-06,7.069749437245106e-06,0.0017813183611365918,1
0.08704072167300105,0.905030934883178,1.909930996040001e-05,8.22806697375368e-08,1.4845335293756295e-05,8.400211721530845e-06,0.007885916306175442,1
0.03716667464400688,0.9609775574980242,1.4229250429744223e-05,6.130023847196463e-08,1.2630943873688966e-05,6.314788828650399e-06,0.0018225315745983976,1
0.0475944423699642,0.9497196455492622,1.9000444334503447e-05,1.038414544665673e-08,1.1059966534512489e-05,8.570675981447124e-06,0.0026472706097774752,1
0.05381206587964133,0.942932796810651,2.0629610865113632e-05,1.0279507491137485e-08,8.396715684806581e-06,8.484311820166485e-06,0.0032176163918299426,1
0.20215296509002414,0.7960637902778605,2.8668666848147916e-05,5.3762852062685046e-08,7.147924346188207e-06,8.722869005428081e-06,0.0017386514090636028,1
0.23262169943922525,0.7646774489789107,2.9773394829788314e-05,6.186605280784287e-08,9.489383573236995e-06,1.0037590154192392e-05,0.0026514893472542097,1
0.5393746128852583,0.4581031922975936,4.915022125080214e-05,1.0132212455886282e-07,1.608070736109715e-05,1.6234075684459575e-05,0.0024406284907272906,1
0.6661715898556466,0.32915990118143557,2.7191050541657388e-05,2.7963913206020346e-08,2.257589498517105e-05,2.224341144521682e-05,0.004596470642032766,1
0.7059274550797239,0.28992792025869263,2.8650215134615948e-05,2.9464552247835854e-08,2.6005663800816596e-05,2.189359955692408e-05,0.004068045718538896,1
0.7152581819915165,0.2794479234634706,2.656487129144969e-05,1.2129187782773468e-07,2.3730043224235726e-05,2.0300044924742043e-05,0.0052231782936947415,1
0.8177008209590719,0.17881829002945404,2.318900769352921e-05,2.132424067098619e-07,1.8495180742779208e-05,1.6744824173103975e-05,0.0034222467564578515,1
0.782413365071835,0.2156364664050955,2.8209787833660692e-05,2.831878565872775e-07,2.8877796990255447e-05,2.1909068404097202e-05,0.0018708886819846218,0
0.7593890043561184,0.23808578553761078,2.8770270522137888e-05,2.8881433957041927e-07,2.8000609745452872e-05,1.9836330538323682e-05,0.0024483140811252233,0
0.8418118440169765,0.15710699614677187,2.1492471159522473e-05,2.0078450281316195e-07,1.3268053140701851e-05,1.3049150685007562e-05,0.001033149376763686,0
0.8387182876643104,0.15834066317730605,2.0547906953572233e-05,1.7807299020249021e-07,1.8534485371918475e-05,1.064092659166899e-05,0.002891147766476258,0
0.7452581233681667,0.24419890252581963,3.170429549531872e-05,2.3440362233898297e-07,1.787927371677705e-05,2.5593049231540662e-05,0.010467563083947692,0
0.7388218848293434,0.2563971228583712,3.845420157691947e-05,2.8027679215546313e-07,2.166159069424718e-05,2.5428872413423737e-05,0.00469516737080877,0
0.7398154815349312,0.25877147627658625,2.477133014513066e-05,1.004883353822817e-07,5.010052079795815e-05,1.2971362817176422e-05,0.0013250984863871346,0
0.7404925080407998,0.25825043747507687,2.4072255627354214e-05,9.7652442671315e-08,4.830856e-317,1.2605296515803288e-05,0.0012202792795377602,0
0.7346745498229357,0.26514799690031604,1.8934805370411896e-05,8.329623966051641e-08,1.939163582191268e-05,1.0752150902218533e-05,0.00012829138841417002,0
0.8107743679446553,0.18912675577729043,1.8145120580070464e-05,7.982233157084925e-08,1.4775557962752588e-05,1.0303727490156116e-05,5.5572049689829294e-05,0
0.8226219698698828,0.17732453492997066,1.3271033964618062e-05,1.3022892835847578e-07,1.0832683085597086e-05,8.626007369102594e-06,2.0635246798610396e-05,0
0.7339816199737494,0.26593341997797226,1.5576614729449315e-05,1.5636800121038527e-07,2.0200475028079307e-05,1.0357387930120674e-05,3.866920258927077e-05,0
0.6192254566970141,0.38048942690934784,1.869448638576292e-05,1.8213557508416308e-07,0.000232771674410786,9.677831747475999e-06,2.3790265519005848e-05,0
0.1822694975350499,0.8174387331034001,4.365921851323232e-05,2.648970688738195e-07,0.00012228481611514797,1.864984585002624e-05,0.00010691058400260163,1
0.5384269280772782,0.46146319789004,2.509990561304254e-05,1.775500579743375e-07,1.2458702250851039e-05,1.359532434609927e-05,5.8542550413853814e-05,1
0.4511647780514974,0.5486791119237601,4.128040999617521e-05,2.449189094840245e-07,1.65857038536143e-05,1.724330105671858e-05,8.075569092659489e-05,1
0.03566667007776082,0.00018427905588629925,3.189750192409305e-06,2.0519214787613608e-08,1.8978207404032645e-06,1.6656707110994094e-06,0.9641422771054942,6
0.04889541925991924,0.00046492198332862906,4.1036400308236215e-06,2.6907266710914223e-08,2.6629990362051815e-06,1.6145876124095327e-06,0.950631250622806,6
0.05888976694536568,0.001532181498699515,5.591179320717954e-06,4.0026974026438085e-08,4.211956089699506e-06,3.0852538897620275e-06,0.9395651231396606,6
0.04892494192146252,0.0010079772015112209,3.2459063777224804e-06,2.506037846227003e-08,2.2049076822057786e-06,1.7600888005066948e-06,0.9500598449137873,6
0.03299466469460905,0.0006853852101569232,2.110709560101065e-06,1.7944513906325693e-08,1.4298909874220931e-06,1.1716627296419796e-06,0.966315219887443,6
0.03194146132074337,0.0009754162415024542,1.5072351427528939e-06,1.0905463539808252e-08,8.332414280996081e-07,6.907843689758362e-07,0.9670800802713507,6
0.0455613242469018,0.0010405847117029524,2.0026479322714134e-06,1.642432562742493e-08,1.3379838793560645e-06,1.0688045664312536e-06,0.9533936651806916,6
0.07754642398900768,0.00293908548727427,4.0697121547701774e-06,3.047587355142906e-08,2.75717268991648e-06,2.1231480081616128e-06,0.9195055100149916,6
0.12234150732058799,0.011242749834143207,7.793248271779965e-06,6.457482834786975e-08,4.2330086477299235e-06,5.266871844262959e-06,0.8663983851416767,6
0.3207299099930051,0.022097120856917108,1.5446090308366316e-05,1.2798625111434265e-07,7.58902559375818e-06,1.2576204350701862e-05,0.6571372298435737,6
0.5143677223811636,0.030582152001639842,3.032415384080066e-05,9.277877808376763e-08,1.3371195850790807e-05,1.557203546686541e-05,0.45499076545326,6
0.6050139920295082,0.024006463458345395,3.302250345904724e-05,1.0292458818428473e-07,1.35080049363425e-05,1.5310731441277993e-05,0.3709176003477213,6
0.9632100845059942,0.017767510938004716,1.5764153138056377e-05,7.701166412827397e-08,4.7986511658689636e-06,8.43261232929755e-06,0.01899333212770397,0
0.9549681292029807,0.013808211499962425,1.6461053069876056e-05,7.657844477480822e-08,5.144169105240269e-06,8.385175737676319e-06,0.031193592320699553,0
0.9325014634655286,0.020198314717720274,1.2514633925071391e-05,1.221632077005656e-07,7.114485112190199e-06,9.431703285036356e-06,0.047271038831221204,0
0.967579687413259,0.027779236186174776,1.6544795639197236e-05,1.3120636447861725e-07,1.1575952591784867e-05,1.2556518258871817e-05,0.004600267927711859,0
0.9507098239252407,0.04483564524798725,1.6668381371070232e-05,1.3218644515982367e-07,1.363295707428193e-05,1.0625999340189143e-05,0.004413471302541407,0
0.9264633326418529,0.0687232883776189,1.7180535075351426e-05,1.355278385051132e-07,1.4333017247524037e-05,1.0894602096238978e-05,0.004770835298270674,0
0.9266296767627207,0.06873562746820733,1.7183619796464997e-05,1.3555217218174668e-07,1.1186854556816726e-05,1.0896558194169737e-05,0.004595293184352376,0
0.9367628618541095,0.05945114962566577,1.5914549624065983e-05,1.376806816234154e-07,1.1362516260819766e-05,9.860575136292e-06,0.0037487131985219097,0
0.9371641997551884,0.057671458242397826,1.540317851674571e-05,1.3325668444589525e-07,1.2055821483936145e-05,9.543732162700385e-06,0.005127206013566032,0
0.926842564974042,0.06736230158224953,1.663464230639592e-05,1.4391038046360723e-07,1.301966849744792e-05,1.0306740951029916e-05,0.005755028481572799,0
0.8952937176965803,0.09481688382108636,1.2569409074479287e-05,0.0,6.807211492680043e-06,7.26278382954509e-06,0.009862759077936701,0
0.9120098701567492,0.08200082295009081,1.290640576891423e-05,8.887757858980664e-08,6.356268543277536e-06,7.625242818062175e-06,0.005962330098451191,0
0.7961381181259674,0.05152818237884799,4.423945000701656e-05,3.2089827418252756e-07,2.2612629791679463e-05,3.163306862195851e-05,0.15223489344848964,0
0.7450549777027126,0.060017796283221465,4.587612171608736e-05,3.327701470643308e-07,2.2102571351723213e-05,3.6813021233955994e-05,0.19482210152961726,0
0.8262588882492993,0.12374202209822589,5.870722261918974e-05,3.5578718468349485e-07,2.291203298253477e-05,3.258416227322598e-05,0.049884530447415365,0
0.9159624650876456,0.08116580439828898,1.542141659303748e-05,1.29242378442145e-07,6.685484001468216e-06,9.251682039333265e-06,0.002840242689052992,0
0.9114044895861215,0.08560710346163546,1.3542286594992313e-05,1.575595582258924e-07,7.0513059637324695e-06,9.757923394055017e-06,0.0029578978767319164,0
0.9202748058409418,0.06016282082336194,5.012038935734371e-05,3.705618003761125e-07,2.850804755526689e-05,3.0961484588315625e-05,0.019452412852395018,0
0.8784508631001282,0.08846044634908143,4.6066401404224755e-05,3.6682411223648523e-07,2.705202734439236e-05,2.6028716663710732e-05,0.03298917658126586,0
0.8763034285169948,0.10353545556267718,4.9347008292784144e-05,3.929473967303838e-07,2.8094161343677584e-05,2.5177412549267856e-05,0.02005810439074573,0
0.8512248717543641,0.13401621626375296,5.180105236650826e-05,4.1248880893738333e-07,2.916725826737771e-05,2.6429494128188474e-05,0.014651101688311975,0
0.8279304719166257,0.15716238777670397,4.94647185345852e-05,4.010777611456192e-07,2.8360378248253848e-05,2.736425451069545e-05,0.01480154987761575,0
0.7209013120451412,0.2790656413980878,1.2974628929274484e-05,1.2594728030909799e-07,6.1637456282126145e-06,9.293761710707791e-06,4.488473222498249e-06,0
0.710915093901267,0.28905253775595124,1.3775963722504793e-05,1.3033998056966435e-07,6.452957308363426e-06,8.919276997228672e-06,3.089804773117942e-06,0
0.7218601236875242,0.2781052272847072,1.3853861691298628e-05,1.1804664441550068e-50,7.521495933696714e-06,9.496364966132133e-06,3.7773051773686155e-06,0
0.3517438032047172,0.6481935772259988,3.427413078832222e-05,1.5299922733187016e-07,9.555419098902722e-06,9.59757052808942e-06,9.0394496412031e-06,1
0.39548066210116284,0.6044594987190415,2.0037010494996634e-05,1.117886718017711e-07,9.639527496960404e-06,1.5864570913353626e-05,1.4186282218549677e-05,1
0.22967607879686133,0.7702681694035913,1.9724611831518913e-05,1.7179540028153825e-07,8.694379378965983e-06,1.465171277466734e-05,1.2509300161573424e-05,1
0.1814453116350077,0.8185123507496864,1.5204266224227224e-05,8.902743017636185e-08,6.6577387503271055e-06,1.0997320233421128e-05,9.389262667683781e-06,1
0.18001268673822687,0.8199298945627987,2.164337270867541e-05,1.5615783521238205e-07,1.4036038278327928e-05,1.367758127379036e-05,7.905548878392672e-06,0
0.11249002680730559,0.8874679048771379,1.4577675762192446e-05,1.3081945247352993e-07,1.1646270843037027e-05,1.1458238332812034e-05,4.2553111660674516e-06,0
0.09482875496979272,0.9038002813398958,2.273644168912355e-05,1.609432584401497e-07,0.0013256091901768055,1.7351399676375865e-05,5.105715510919116e-06,1
0.09196524692655213,0.9009698551729974,2.8024695638771407e-05,2.1790578064962114e-08,0.0070130019610413945,1.786655420084199e-05,5.982898991116604e-06,1
0.0900920694611038,0.8820386557432421,0.00015140648154859086,1.7976342654062095e-07,0.027138409255170012,0.0005745844364260313,4.694859082674611e-06,1
0.05282554857619835,0.5077980516473591,0.0002234796995830809,1.1410062380425864e-07,0.43650685109918835,0.002643544312214756,2.410564832540216e-06,4
0.10669769235242507,0.6500966049306508,0.000564990637100977,1.497654805562173e-07,0.2403579121013527,0.0022791683104850485,3.4819025048654418e-06,4
0.3948241855945282,0.4752549965079823,0.0049553653758430205,3.297921927741627e-07,0.11094600224769015,0.014001183492381969,1.7936989381734254e-05,0
0.11098786407183117,0.7463661310633708,0.0004071576189535157,1.420315599310835e-07,0.14124041469229257,0.0009888864843696956,9.404037622301308e-06,1
0.10626162892821497,0.7521058603199241,0.00045698340449000475,1.4093460964450165e-07,0.1401495746462574,0.0010164803589491464,9.331407554942932e-06,1
0.09629470665872607,0.8062646560047453,0.0001857817050850857,1.5646051723389128e-220,0.09682066501327462,0.0004039467960188838,3.024382215017195e-05,1
0.06568177550325613,0.914049917483459,0.00018832087292686787,3.5859709294332823e-137,0.01980375076066908,0.0002266819259998119,4.9553453689277585e-05,1
0.07441035272326785,0.9081733675006923,0.0002687125039852643,1.478542168706479e-07,0.01679913368799775,0.0002735193198908654,7.476640994917062e-05,1
0.08412221288106246,0.9080993632098384,0.0002125048076409059,1.5352241179782372e-07,0.007256634893872035,0.00023149800198287476,7.763268319160235e-05,1
0.07535312120641617,0.9210201663428279,2.8945981790782968e-05,1.4994572654277805e-07,0.0035380663333122175,1.0456372472109717e-05,4.9093817454091314e-05,1
0.5817917512791275,0.4179985096015556,2.644116074945313e-05,1.6492884826173107e-07,0.00015667276197132583,1.3633741818564536e-05,1.2826525929203298e-05,0
0.8823771181670816,0.11756741446637925,1.3971246668650706e-05,1.1050473168378877e-07,9.588537668142764e-06,7.913105803154222e-06,2.3883971667318107e-05,0
0.8836096890089892,0.11632139073629363,1.2373242064876808e-05,1.074225106916787e-07,3.8973012951759505e-05,7.333473229362957e-06,1.0133103960485322e-05,0
0.6907974551350377,0.3091428143541002,2.0428573054354913e-05,2.143973044542206e-07,1.3653507813131336e-05,2.13800101295726e-05,4.054022560837157e-06,0
0.6858104199433875,0.31412505765383403,2.2853095809902654e-05,2.398426031539525e-07,1.5273946024743424e-05,2.162035253408827e-05,4.5351658068240945e-06,0
0.8244459173994583,0.17550841061202985,2.033062420074349e-05,1.6883059160406013e-07,6.638106607201815e-06,1.4794773510617792e-05,3.7396536017575012e-06,0
0.6737672981112032,0.3261581441967909,2.686094720035781e-05,2.705006716653233e-07,7.901704488588545e-06,1.3265499881993201e-05,2.6259039763384727e-05,1
0.609888185261504,0.3899989213491562,2.575484625806114e-05,2.4803877664470467e-07,7.741140018066563e-06,1.2448831508221222e-05,6.67005327786765e-05,1
0.6699688628133093,0.32965199699104086,2.788842561072422e-05,2.0102843949934964e-07,8.484427380190791e-06,1.4045926039900102e-05,0.00032852038817936247,1
0.7251308026733063,0.2744059943206741,2.7423286390667276e-05,2.135535132187098e-07,1.64479263686407e-05,2.029881170185557e-05,0.00039881942804523605,0
0.7243292973183086,0.275154888431801,2.349412855844914e-05,2.1413633200463263e-07,2.6419375773401174e-05,2.2137313459606143e-05,0.00044354929576702015,0
0.7245747080460537,0.2748062350992618,3.179718063106277e-05,2.4370846593269497e-07,1.9895817910525463e-05,2.1558876534153754e-05,0.0005455612711427393,0
0.7380306152250723,0.2613710628166601,3.211094561128706e-05,2.382441063979228e-07,1.2708063067632311e-05,2.758344779176054e-05,0.0005256812576906402,0
0.741113196606428,0.25823618436110174,3.0720751406342364e-05,2.512312397038316e-07,1.8471593530945895e-05,3.06809781331586e-05,0.0005704944781603459,0
0.7831815850543916,0.2163823703344399,2.1338272657376835e-05,1.8762226253515018e-07,9.496369432819358e-06,2.0022898118796336e-05,0.00038499944869697483,0
0.7920205939899884,0.20727146655231884,2.3027825200079267e-05,1.709176152432796e-07,9.048671393169346e-06,1.9607313900359638e-05,0.0006560847295838793,0
0.8159482741243007,0.1831610688830781,2.4045365301965934e-05,1.6925672257560893e-07,9.181486981272758e-06,1.8185199766416635e-05,0.0008390756838490563,0
0.7606664920397612,0.23484049056911388,2.3781532163031776e-05,1.8626224980386927e-07,1.196767450106923e-05,1.5046976980258004e-05,0.00444203494523064,0
0.752910424256012,0.24444452240513617,2.2026192562104417e-05,1.576405616412415e-07,1.0413213241675133e-05,1.302037899269201e-05,0.0025994359134937253,0
0.978861054265308,0.01542588350433249,2.0151361682038706e-05,1.3856241511461514e-07,8.926488595790805e-06,1.5870647588450094e-05,0.0056679751700783095,0
0.14161226961722212,0.0018405033272081111,1.1407187443459992e-05,6.878778875223251e-08,6.358692813778802e-06,5.648196134323748e-06,0.8565237441913894,6
0.8797159705784539,0.11494478365880667,5.974727357547711e-05,2.9067882555972126e-07,0.0002465327165618394,2.462761595285428e-05,0.00500804747782374,0
0.7644736042418512,0.23112555403386564,2.6676786976372547e-05,2.3453452049582644e-07,1.6709904606013234e-05,2.4534771884128997e-05,0.004332685726296251,0
0.6683934034739181,0.32997648154267745,2.247093146740202e-05,1.8246802943343747e-07,1.3129539913012432e-05,1.961117030308044e-05,0.0015747208736913766,0
0.6926925159671575,0.30514302327901055,2.3093396416360987e-05,2.1451597204406137e-07,1.348738632780924e-05,1.6398928508705738e-05,0.0021112665266071005,0
0.6989994327951179,0.2991712689395313,2.2320087266379046e-05,2.0965612443642638e-07,1.3925429343228743e-05,1.5456923326334084e-05,0.0017773861692902094,0
0.7678219077745213,0.23144763681993166,3.067012362337518e-05,2.8562255243593337e-07,1.6888822434318902e-05,1.4696891898781787e-05,0.0006679139450382617,0
0.7839778036307196,0.2156418796549667,2.031083861086353e-05,2.1198830379363633e-07,9.901226424448573e-06,1.3363141435032256e-05,0.0003365295195396394,0
0.1955910600321322,0.8037600040871643,3.070450626601182e-05,2.5636056299096907e-07,1.3385814999818854e-05,1.662086218579454e-05,0.0005879683366888459,1
0.1368349144725951,0.862475152198134,2.7177342159601793e-05,2.126399126498849e-07,1.1323162387401675e-05,1.2535606660378989e-05,0.0006386845781509723,1
0.2098648287821068,0.7896405367001632,2.050902846562995e-05,1.7096235199833788e-07,9.202349295051016e-06,9.520377639419614e-06,0.0004552317999775702,1
0.3275789039710355,0.6720876657201674,2.2793296337576904e-05,2.148619722884037e-07,1.3007341605333806e-05,1.7135946950862824e-05,0.0002802788619309479,1
0.1619952833315255,0.8367682824770448,2.135062366505206e-05,9.8567013986178e-08,7.947136594890904e-06,9.188571836774678e-06,0.0011978492923190062,1
0.1396529117809346,0.8587381573855847,1.9292881316322053e-05,8.288074631658148e-08,6.526040649007485e-06,7.392678241988168e-06,0.0015756363525270657,1
0.11741552044778719,0.8814552324681258,1.6220812525891053e-05,6.968337315535292e-08,6.394177266904078e-06,5.944465482070486e-06,0.0011006179454390252,1
0.07502945951537801,0.9218282288768928,1.699081721088734e-05,7.171132604980534e-08,1.4362544300141538e-05,6.729774032095544e-06,0.003104156760860258,1
0.0468189673145614,0.9500920949180337,1.6243072449874716e-05,6.997587255990244e-08,1.2066617245415257e-05,7.2698605247860584e-06,0.0030532882413123155,1
0.4245536527726182,0.5692920917461152,3.7880694683320996e-05,1.403022887805136e-07,1.2943049865374003e-05,1.3391331563878605e-05,0.006089900102865302,1
0.5860648636477684,0.34987709063006844,3.385169471338527e-05,1.9051295924400096e-07,1.8678606666243523e-05,1.719779902397405e-05,0.0639881271088001,1
0.7369597773740821,0.2596312954983978,2.5126673916444313e-05,1.0358294607589119e-07,1.8192119118931544e-05,1.6878786929336134e-05,0.003348625964609245,1
0.8439406592215912,0.1530500117494571,2.1649417844677843e-05,1.876189424283292e-07,2.105257322106305e-05,1.2193510040898115e-05,0.0029542459089027273,0
0.8676203622522161,0.12858333183521176,2.1973054021627433e-05,1.9042364958888487e-07,1.2971162593865919e-05,1.1378952385136544e-05,0.00374979231992189,0
0.8704555100697208,0.12549083260600638,2.2044855997311378e-05,1.910459023828739e-07,1.30135488320393e-05,1.2933357797006e-05,0.004005474515744091,0
0.8187330705086739,0.17949423213135068,2.6791402883852983e-05,2.2554203929369454e-07,1.652576447278606e-05,1.2700597296030843e-05,0.0017164540532833912,0
0.8184424229421767,0.17981017944985972,2.6904476120697615e-05,2.2593904036542675e-07,1.626247012992935e-05,1.4089842007549832e-05,0.0016899148806650728,0
0.8275436995118256,0.17092253296312127,2.898522789210424e-05,2.428666344045908e-07,1.694758130741384e-05,1.8841495166655727e-05,0.0014687503540525152,0
0.7720022120603015,0.2229865753663526,3.674449666533248e-05,2.899374533164355e-07,2.1754970299872058e-05,2.5011681985748685e-05,0.0049274114869417044,0
0.7488925949178238,0.23782574849214969,2.9802891318188964e-05,2.3318223824660752e-07,1.778611192907516e-05,2.335787742630751e-05,0.013210476527114531,0
0.7315926033020264,0.25933353833670025,3.577696980452819e-05,2.774067158744255e-07,1.9373518526069432e-05,2.547320060104278e-05,0.008992957265626041,0
0.7435637966614698,0.2424811115104121,2.9890884667402773e-05,2.3387071125083473e-07,1.751505364514483e-05,2.3426841804405014e-05,0.013884025177289993,0
0.7457788784625918,0.2485773138823772,3.522012530206026e-05,2.711696206959227e-07,2.307038670311133e-05,1.930778878338914e-05,0.005565938184621745,0
0.8155848855794091,0.18263421234879798,2.9983267546169973e-05,2.8712717377035854e-07,2.536821264690945e-05,1.911984734511943e-05,0.0017061436170805603,0
0.8114612933043763,0.18696167675417014,2.6724104590300844e-05,2.7045075022101848e-08,6.936934721977433e-05,1.549923241875638e-05,0.0014654102121498059,0
0.8140166123664222,0.18581401856050156,1.5147148692801897e-05,6.66339316938889e-08,1.180177350931393e-05,8.531836962401839e-06,0.0001338216799800133,0
0.8314422016561361,0.1685041740698679,1.3748283541982009e-05,6.664742632987277e-08,1.1156805344248747e-05,8.603067654240875e-06,2.0049470029171845e-05,0
0.7947743994746467,0.20515943210183746,1.2922489942279227e-05,1.297242024684106e-07,1.2443339566201105e-05,8.592575709163764e-06,3.208029409567836e-05,0
0.7606534303876867,0.2392508013015618,1.3923238117111456e-05,1.3977035142512868e-07,3.7957423243609874e-05,9.183211118601235e-06,3.456466792051639e-05,0
0.7274049143378628,0.2722454111660624,1.526842963994625e-05,1.656479738921986e-07,0.0002990773678298,8.801757810895605e-06,2.636129282041048e-05,0
0.6309600873929517,0.36871308493421484,2.205676615866266e-05,2.1489340257373342e-07,0.00025884635249735137,1.1511428358874532e-05,3.419823241609435e-05,0
0.23844111545077737,0.7609167042169526,3.233403767213811e-05,2.2639757907503997e-07,0.0004697313758496652,1.5939323030334674e-05,0.0001239491981386702,1
0.3770861896449959,0.6227595838570891,3.14748229351466e-05,2.2264452795246475e-07,1.562298493837701e-05,1.704828827392121e-05,8.985775723973701e-05,1
0.05451570025260124,0.0005008927494304256,4.351973217065493e-06,2.853556919972684e-08,2.824151337735669e-06,1.7122949364546783e-06,0.9449744900429078,6
0.03729104555356876,0.0010883613512940235,2.3360425557478056e-06,2.0281148231422205e-08,1.616083401426624e-06,1.3305344986056694e-06,0.9616152901535331,6
0.036166002781583335,0.0006418658149301839,1.591504671410756e-06,1.1758408764216765e-08,1.001494883778808e-06,7.651724196319754e-07,0.963188761473103,6
0.05676736381001285,0.0013452821719535297,2.4457479797631375e-06,1.9740013962603963e-08,1.651237506600323e-06,1.3752180476486982e-06,0.9418818620744857,6
0.04038850867095672,0.0023683252207571228,2.9955984585411807e-06,2.0844210468652906e-08,1.96068905493233e-06,1.4639707639098917e-06,0.9572367250057984,6
0.21005325929532304,0.013218869297300507,1.4358715048175364e-05,1.135693894291423e-07,1.040708371750524e-05,7.97642424736591e-06,0.776695015614974,6
0.9488650962167507,0.012357540126241975,1.4028630545812546e-05,6.853322054869123e-08,4.400606820303278e-06,7.041756449666593e-06,0.03875182412997075,0
0.9293557852859203,0.0159091200126782,1.1371110494719914e-05,9.692615957370167e-08,6.23143941040339e-06,7.4832578062127065e-06,0.054709911967530576,0
0.9116691196205094,0.019747078710298162,1.2235053498406176e-05,1.1943404742818306e-07,6.9555455223405414e-06,9.501056742155395e-06,0.06855499057938212,0
0.9575277726712504,0.02772372715808294,1.6101714084909964e-05,1.4392695105962953e-07,1.316948371021366e-05,1.221974612999179e-05,0.014706865299790779,0
0.9664940303677355,0.02686703542404171,1.5604154529451127e-05,1.237467316744186e-07,1.0917811075276344e-05,1.1842143384085588e-05,0.006600446352502377,0
0.9474235953696196,0.04653709866692401,1.730092439158632e-05,1.3720274586900947e-07,1.4150309758646313e-05,1.1029241956794431e-05,0.005996688284603345,0
0.9341180991797,0.06092076370876078,1.7057952415060307e-05,1.352758879974843e-07,1.3951584612365363e-05,1.0874348688829558e-05,0.0049191179499349,0
0.9241583145114288,0.06951754932892305,1.7678522482546495e-05,1.5294124452074935e-07,1.2621940546243482e-05,1.0953523873158797e-05,0.006282729231501663,0
0.9381887429255803,0.05680423934789538,1.2062403713721676e-05,1.3962501534589457e-07,1.040042756608615e-05,9.255483686300327e-06,0.004975159786542695,0
0.9012298721188066,0.08268467935904251,1.0356891931222175e-05,0.0,7.735298219534094e-06,7.059250005170559e-06,0.016060297081994954,0
0.8995829924893725,0.08430371009281519,1.2137053878465207e-05,1.351631831033965e-221,6.573061005430594e-06,7.012962830990236e-06,0.016087574340097596,0
0.494133402516125,0.038205820663697855,2.536400757249493e-05,2.3248728618940762e-07,1.1645547971815543e-05,1.3712186250653914e-05,0.467609822591096,0
0.8803558054856483,0.06942251786527107,6.12371063046488e-05,4.2964536346141966e-07,3.4691473684767765e-05,3.3050023831271046e-05,0.05009226839989627,0
0.8779589221597844,0.12175099936206026,1.715657797309806e-05,1.391117161125502e-07,7.030828304414402e-06,7.843465109737328e-06,0.000257908495052103,0
0.8985591662613521,0.10126444010790779,1.2210531072209993e-05,9.900738566654942e-08,4.569398944415343e-06,5.63206740144273e-06,0.00015388262593637414,0
0.8615998982900639,0.1383670546235197,1.1900229994371226e-05,1.262043619714103e-07,5.085644505982508e-06,8.049975182400692e-06,7.885032371727687e-06,0
0.7326682281885069,0.26730199943728983,1.2766595989234684e-05,1.3539234973863713e-07,6.859836575384034e-06,7.0267371519784406e-06,2.9838121372655008e-06,0
0.4160772253183198,0.5838729109693873,2.0759299186290904e-05,1.4466742710019226e-264,9.208315122163815e-06,1.0884811129049887e-05,9.011286855363751e-06,0
0.6551580315692076,0.3447908453381873,1.748248915964939e-05,1.5474445806986719e-264,9.92943688369461e-06,1.292326866139103e-05,1.07878979006152e-05,0
0.43895974792904713,0.5609702023861244,2.002534310186621e-05,1.1172357814013105e-07,9.69562563399468e-06,1.5621028973711764e-05,2.459596354068489e-05,1
0.2713814710357389,0.7284869540444932,2.286756423785713e-05,1.2725665597389406e-07,8.464888658299329e-05,1.4867660506442684e-05,9.063551784561816e-06,1
0.10297861375789115,0.8969758247360642,1.56115419604891e-05,1.400973244881368e-07,1.1807418419850634e-05,1.3642060551008854e-05,4.3603877888754415e-06,1
0.07809549556104378,0.9218421965755251,1.7616124996633258e-05,1.5509788467319352e-07,2.4388690946373234e-05,1.5166271382057946e-05,4.981678221224195e-06,1
0.08606002637535128,0.9081391444879234,2.5923142585190974e-05,1.614965100560398e-07,0.005740588783454641,1.632654926371356e-05,1.782916491193993e-05,1
0.11308405624998148,0.8808714910434063,2.510707501096574e-05,1.952198464744126e-08,0.00599824503505991,1.4557266459535112e-05,6.523808097270983e-06,1
0.07830612237144573,0.9173760960125275,2.4864909203649337e-05,1.8718618267987802e-08,0.004273105973228609,1.4417446277481793e-05,5.374568698683132e-06,1
0.07605324016762009,0.9091703379074287,0.0001120592576331703,9.309103464868134e-08,0.01441718091919047,0.00023961566456158186,7.472992531461823e-06,1
0.09451774563423099,0.8806936621892905,0.00035839169205088226,1.7948931083337945e-07,0.02344625520667787,0.0009763790105453057,7.386777893620514e-06,1
0.06575996540701526,0.6397844379238773,0.00029751160904255167,1.356981910491488e-07,0.29162255533633813,0.002530876505545193,4.517519990500831e-06,1
0.05091264687605085,0.5340800665321002,0.00021586001575108827,1.2000610982070417e-07,0.41178815189507945,0.003000619346893904,2.5353280146830498e-06,4
0.05733933601229528,0.5519311762505996,0.00022307492802076028,1.24017197984338e-07,0.3869992391361202,0.0035044295868644796,2.6200689016747052e-06,4
0.049494259797070915,0.5298460770206808,0.0002246870262387356,1.1972507611463268e-07,0.4183894788493076,0.002042848190914208,2.5293907117479095e-06,4
0.19503240391721993,0.6571939882732917,0.00043607184530779556,1.777329362833739e-07,0.14558919314531976,0.001737224983709511,1.0940102215074782e-05,1
0.15719036351182775,0.6859753482165829,0.00045357350983480017,1.6797087519350122e-07,0.15528591843794395,0.0010842891407319734,1.033921220342981e-05,1
0.1576382446262249,0.6853493876360186,0.0005198399419347928,1.6781759979253038e-07,0.1552904246944964,0.0011916055061749334,1.0329777550580751e-05,1
0.1522063287797945,0.733534913953392,0.000233212142803733,1.5771844550829358e-07,0.11340838865508895,0.0005999872384589763,1.701151201626204e-05,1
0.13552426443038956,0.7541104057198049,0.00022834032700227026,1.5811146343157683e-07,0.10957242297390878,0.0005340619595429547,3.034647788807651e-05,1
0.11268647357402407,0.7881188803034695,0.00023740166200144144,4.269763917520769e-180,0.09855589843941055,0.00037374234132277586,2.7603679771748697e-05,1
0.1065392670151594,0.8559608985263202,0.00023446595368706234,4.018564963986252e-180,0.03688333361581685,0.0003473551524342633,3.467973658250266e-05,1
0.0784516566221151,0.9132088729259337,0.00022007067232389626,1.235024093532198e-07,0.007821899217817287,0.0002349247874069768,6.245227199364525e-05,1
0.06369843037308094,0.9324055454214342,2.2932694834158472e-05,1.187957490385297e-07,0.0038474283680893845,7.453218054895063e-06,1.8091128757383255e-05,1
0.0750084343488529,0.9214285440714437,2.976551096082234e-05,1.5419104451861128e-07,0.0035123324852261027,1.0000069159954562e-05,1.0769323311985614e-05,1
0.11419937004139105,0.8831533501762403,3.384074962922956e-05,1.6363287978331373e-07,0.0025937819654508914,1.3068154435160121e-05,6.42527997331371e-06,1
0.19422346593545267,0.805678381806138,3.709554038436211e-05,1.9500057307689148e-07,3.275925476958207e-05,1.721261175963436e-05,1.088985092281584e-05,0
0.6010989284779735,0.39882299091681744,2.5228182807305416e-05,1.543879959171517e-07,2.7451621126423388e-05,1.3008299227312272e-05,1.2238114052208411e-05,0
0.6358326117247881,0.3615686256441932,2.439191117039301e-05,1.9272200091435446e-07,0.0025510976418626494,1.3068912914278824e-05,1.0011443070683922e-05,0
0.6080413401260993,0.3916350805375674,1.7917807618002132e-05,2.0632147141071256e-07,0.000279607462865366,1.3991123636220176e-05,1.1856620742363564e-05,0
0.5516914460337893,0.4482593961010453,1.1965807658110631e-05,1.7480605984664105e-07,1.1958294887644624e-05,1.0861287552740333e-05,1.4197669007142625e-05,0
0.910077225828301,0.08988038811107449,1.1152872328145242e-05,8.82129700630549e-08,5.130738233980237e-06,6.948301673984128e-06,1.906593541808554e-05,0
0.8736531051071984,0.12630133670746693,1.4975472546132664e-05,1.1871397689156248e-07,8.410446118427558e-06,8.717506974687975e-06,1.333604571840638e-05,0
0.8536938693888096,0.14625678025546582,1.581509468905071e-05,1.256777575220278e-07,1.1428607432669044e-05,9.228877310396045e-06,1.2752098535025392e-05,0
0.8745087541527942,0.1254474535298335,1.32482371028387e-05,1.3641026784375554e-07,1.3299698785233971e-05,8.83929677886067e-06,8.268674437766495e-06,0
0.8039601313237059,0.19599304566778328,1.8891651325323678e-05,1.9745384590559458e-50,7.5145448920203885e-06,1.0420120201548398e-05,9.996692091869102e-06,0
0.63696073597949,0.3627938034633286,2.526534876787473e-05,2.2620899983189153e-07,7.230538870871829e-06,1.2212228590154063e-05,0.00020052623195273366,1
0.7627602510732444,0.23678449584126754,2.638554247351802e-05,2.1975263741855474e-07,7.426582941169436e-06,1.2349097627001953e-05,0.00040887210980908767,1
0.6776198818803011,0.32175965316731214,3.092288496584902e-05,2.563220736843271e-07,2.092556483400974e-05,2.267469830557626e-05,0.0005456854822074458,0
0.7499238713345773,0.24946162652938803,3.2628408833265934e-05,2.420833755495237e-07,1.2816308675843036e-05,2.7771302142859688e-05,0.000541044033007237,0
0.799195130102979,0.20021603057067264,3.1185236641366964e-05,2.2104096521025005e-50,1.5616580895377994e-05,2.1425312101925053e-05,0.0005206121967098163,0
0.7138831168426205,0.2771574395950492,3.228282171437923e-05,2.161563993087606e-07,1.7195358254391275e-05,2.0421443231573554e-05,0.008889327782730872,0
0.7432104515941937,0.25306283714178834,2.6445359115881436e-05,1.6396600709937737e-07,1.1369243105557943e-05,1.3542831439607074e-05,0.003675189864349864,0
0.17776081679790917,0.002741392869076946,1.3662518671554806e-05,8.798484958512015e-08,5.840054313835153e-06,7.48447626440839e-06,0.8194707152989146,6
0.14482619411871114,0.001890787220500214,1.2417124786373051e-05,7.996467436734845e-08,5.416297530807632e-06,7.432132386877711e-06,0.8532576731414101,6
0.7747843036714663,0.22117848428146866,6.334133737968334e-05,2.443922883969354e-07,0.00021441540314920784,2.0677914372440938e-05,0.003738532999875314,0
0.734511190869333,0.2624052317562692,6.229877655394611e-05,3.4651226023870663e-07,4.4908357823334694e-05,2.6223075332670182e-05,0.0029498006524276556,0
0.7155739795761217,0.2820796542495414,6.0692585784389116e-05,3.375784604962382e-07,0.0001458684922004009,2.554699044178536e-05,0.0021139205274500056,0
0.6631753590027069,0.33555045006484535,5.0077781524253e-05,3.114175721473144e-07,3.2486859164213454e-05,2.3567207834754903e-05,0.0011677476663525187,0
0.732585704217053,0.26041771528448554,2.6705684542644458e-05,1.3574336617833083e-07,2.088241956122909e-05,1.2939453220465219e-05,0.006935917197771025,0
0.7719532079200775,0.22535210646149348,2.8509111738694036e-05,2.2388390251720823e-07,1.675565153830228e-05,2.377189760947803e-05,0.002625425073640059,0
0.7185337185995454,0.2794815149657045,2.3554664194476584e-05,1.962851307593778e-07,1.7562720456906524e-05,2.3026130677701315e-05,0.0019204266342902397,0
0.6768995568499534,0.32125253694725836,2.3705643825254883e-05,1.976300930362885e-07,1.422053059151858e-05,2.359703347156884e-05,0.0017861853648068833,0
0.658891057435956,0.33951930806547514,1.9782848506667287e-05,1.8602238544221535e-07,1.3385294629206857e-05,1.9560352098239368e-05,0.0015367199809492658,0
0.7251810240383477,0.27313452299788077,2.2493123737146542e-05,2.0015466088708772e-07,1.2103706997278822e-05,1.4756426768149265e-05,0.001634899551607838,0
0.7594275874839959,0.23925754305795816,1.9671522617516875e-05,1.9854623167413184e-07,8.594045606096678e-06,1.3083937385552138e-05,0.001273321406205015,0
0.7671793887745324,0.23214851415714144,2.6905417322418187e-05,2.286726308249891e-07,1.0680492528854902e-05,1.441487409140248e-05,0.0006198676117526776,0
0.7355569365395506,0.2641177416874065,2.1387933139342113e-05,1.927889282411757e-07,1.0032795690620519e-05,1.5082332735323242e-05,0.00027862592254947356,0
0.5375729680091771,0.46200167392167635,1.9337004651305635e-05,1.5675548677209948e-07,1.3773806373001695e-05,9.558035181767875e-06,0.0003825324674538673,0
0.49756746460572543,0.5020171062733848,1.7030510638809765e-05,1.38057886074087e-07,1.6187531698832995e-05,8.41796455989501e-06,0.0003736550561062205,0
0.17686132301367047,0.8227935847526167,2.015395209184553e-05,2.0361464712069518e-07,7.914114566344627e-06,1.0168789229341111e-05,0.0003066517631781874,1
0.39373499090073794,0.6059926619113166,3.244317603476497e-05,1.9857501087248237e-07,1.2021963954602017e-05,1.2683791483551271e-05,0.0002149996814617374,1
0.1900230443801081,0.8089209253020102,1.6743681096501927e-05,1.2819288182841718e-07,1.4099535182254104e-05,7.633376545161257e-06,0.0010174255321758253,1
0.07842622497296886,0.918809266994084,1.9525347382818627e-05,7.75769091079349e-08,1.554122058209789e-05,7.550827782709907e-06,0.002721813060290395,1
0.06587053673125683,0.9128087250870573,1.4173820989546606e-05,8.292184405571499e-08,1.0040378815042144e-05,8.463545653492339e-06,0.021287977514383816,1
0.1448110319715957,0.8539515393488991,9.982259488908692e-06,4.0934330460604586e-08,6.606525787153599e-06,6.762634800691244e-06,0.0012140363250981447,1
0.16133858671911203,0.8376830803667936,1.658550923375245e-05,4.3273498971811045e-08,6.815272281118472e-06,7.021001462078723e-06,0.0009478678576185301,1
0.16884046786710938,0.8304223078012104,2.156447537464743e-05,4.4808762317107025e-08,5.957452605296427e-06,8.011846853212638e-06,0.000701645748084629,1
0.3756081012085589,0.6219974901421713,2.302140241897858e-05,9.782983697192287e-08,8.057288893521999e-06,9.337112347058095e-06,0.002353895015773274,1
0.3765075648907696,0.6189611061265595,2.5178596415712626e-05,1.1304190391235346e-07,1.1242356542825175e-05,1.1083912797888313e-05,0.004483711075010612,1
0.3015415677521437,0.6959115547864113,1.899312887231887e-05,8.389381646371404e-08,8.343491782964731e-06,8.226239341494278e-06,0.0025112307076316036,1
0.4801698935102705,0.47580912521322144,2.8241469406097393e-05,1.5893933687837162e-07,1.6399322252824116e-05,1.558485572658843e-05,0.04396059668978587,1
0.8316242966831165,0.16506237728066073,2.2412385087493585e-05,2.061007094106483e-07,1.527013986807187e-05,1.7324975455275363e-05,0.0032581124351022733,1
0.8278694234119534,0.16885558623165292,2.29274319511554e-05,2.1083699801027897e-07,1.5621054668795883e-05,1.7723111317943398e-05,0.003218507921457896,1
0.7594401153190745,0.2381652302641999,3.0127858167646616e-05,3.0386730712616535e-07,2.7435964873523413e-05,1.9906413988520533e-05,0.00231688031238868,0
0.784159157332224,0.2139150646694667,2.596074227319568e-05,2.816494203858122e-07,1.995374068853119e-05,1.4869698757192098e-05,0.0018647121671699091,0
0.862704708386393,0.13397837112650215,2.324008898921579e-05,2.0140407235794698e-07,2.157675370755815e-05,1.2741129271985244e-05,0.003259161111063483,0
0.7734875540150967,0.224761881662176,3.2816994383771036e-05,2.5433255751651687e-07,1.809969175587685e-05,2.639116509681026e-05,0.0016730021389332102,0
0.7441103681186424,0.24991584030336877,6.844172123252897e-05,2.39523415904201e-07,2.0028103443467312e-05,2.3482758163216036e-05,0.005861599471733745,0
0.7500620757959205,0.23706051963915498,2.9849431919264665e-05,2.3354637880640452e-07,1.760895022759969e-05,2.0518247846789505e-05,0.012809194388551864,0
0.7752692496469686,0.22290119172567815,2.5694632641827138e-05,1.1544615843688896e-07,4.2211956288993264e-05,1.4781775240939035e-05,0.0017467548170230017,0
0.8611117701234885,0.13883228834189004,1.5079594721110404e-05,6.942791334282468e-08,1.0132426470308606e-05,9.774164717955941e-06,2.0885920798579817e-05,0
0.8695298294907308,0.13042397628236882,1.2912049726384444e-05,1.2670620866930999e-07,6.902474374595773e-06,8.369223656617363e-06,1.7883772934232512e-05,0
0.056955432781177456,0.0005271471162800789,4.553713241828695e-06,2.923865806776355e-08,2.8937356993902437e-06,1.7544842301109775e-06,0.9425081889307131,6
0.021271366042363148,0.0005803768196566584,1.2257655447351127e-06,1.0052876556676201e-08,7.749982388230334e-07,6.595138951826444e-07,0.9781455868074249,6
0.06045451715333573,0.0013719899180679614,2.8722405172239963e-06,2.2493449221572807e-08,1.8323962354548912e-06,1.4568140700314596e-06,0.9381673089843244,6
0.9485234803228637,0.021887628631343605,1.0374362787990657e-05,1.0127067588380071e-07,6.894266418960007e-06,8.056148632717035e-06,0.02956346499727715,0
0.9470969303816168,0.04504408333686727,1.7294959154614773e-05,1.3715543932782525e-07,1.414543083142713e-05,1.1025439151788195e-05,0.007816383296938598,0
0.9339273670178005,0.06090832465102607,1.7054469450599433e-05,1.3524826679777383e-07,1.3985711525983893e-05,1.0872128318582487e-05,0.005122260773611392,0
0.9331181830987644,0.06157142155472971,1.7212479411585456e-05,1.3650134438086994e-07,1.4115289390542137e-05,1.0972858779675422e-05,0.005267958217579767,0
0.929770767098041,0.06531070275870567,1.7213532877293617e-05,1.3578814010532715e-07,1.0539763502921991e-05,1.0915526818352346e-05,0.004879725531914733,0
0.943303380726144,0.05154285780734724,1.393777024488286e-05,1.6206489705327203e-07,1.15755086050566e-05,8.228450021540957e-06,0.005119857672740452,0
0.9388626860377416,0.056774020777723734,1.2324617854862588e-05,1.6130196039659754e-07,1.1261243449234865e-05,8.189713772894934e-06,0.00433135630749732,0
0.89945229152667,0.08530290761541713,1.2270424164133976e-05,1.5135043105714165e-07,6.572106001380402e-06,7.045326381251247e-06,0.015218761650935159,0
0.7186852293044477,0.0466015438194909,4.1106888378396206e-05,2.884098394564945e-07,2.26802108246699e-05,2.6431585224011e-05,0.23462271978179483,0
0.852261053530361,0.05903208360780461,4.314754853869139e-05,4.2026543878856434e-07,2.6830995590840664e-05,2.557648277886513e-05,0.08861088756948735,0
0.8748425539766918,0.07699974297745663,4.928100080613746e-05,3.924217829000856e-07,2.805690029213518e-05,2.5143734768584914e-05,0.04805482898820187,0
0.8749864516396963,0.10311424611824532,5.0032604040389035e-05,3.984067563461148e-07,2.8900122166027797e-05,2.5527211403882438e-05,0.02179444389769167,0
0.8893584443362987,0.11061046077846722,1.058462808706888e-05,1.1225213588855332e-07,4.522338389486589e-06,7.72085735497466e-06,8.154809266748906e-06,0
0.8788117831064444,0.12115438628939064,1.022143796540403e-05,1.4883017973644872e-07,5.455310424112408e-06,6.880799452138099e-06,1.1124226143436704e-05,0
0.8829263432262221,0.1170366147618589,1.1422655930350462e-05,1.2113959178862035e-07,5.012257154336366e-06,6.2262094500363826e-06,1.4259749792463558e-05,0
0.8494130707890718,0.15055495214822961,1.0647682227893834e-05,1.0312722332071344e-07,5.061670002664853e-06,7.580811705131602e-06,8.583771539704948e-06,0
0.7749982531221721,0.22497365179114195,1.184666696818186e-05,1.2563631517326568e-07,6.365533884933368e-06,6.988443430501309e-06,2.768806087042341e-06,0
0.7817686260243153,0.21820234531574287,1.2090296970370754e-05,1.2822006094943018e-07,6.85223284208675e-06,7.132162713979344e-06,2.8257473545615946e-06,0
0.2931051873322541,0.706835409588957,2.6450982847704453e-05,2.0744381477270946e-07,1.0984816239826143e-05,1.2704798871118475e-05,9.055037015462094e-06,1
0.4388256120105478,0.5611171273718509,2.870604691744291e-05,1.7973898564791336e-07,9.568340402652367e-06,1.0960785363343767e-05,7.845705932214562e-06,0
0.45508695910393104,0.5448645475921833,2.1258542033721108e-05,1.727556179088012e-221,9.18210883747855e-06,1.0636767391048265e-05,7.415885623379869e-06,0
0.628849566358325,0.37108668767765657,1.9144267426230352e-05,2.1026511837332262e-221,1.1993939509597958e-05,1.4557755031041103e-05,1.8050002051636782e-05,0
0.2281041544974489,0.7718357675490153,2.1035884531510466e-05,1.537665104682405e-07,1.277405643204096e-05,1.535882375666334e-05,1.0755422304908733e-05,1
0.2740732660219822,0.725859929632039,2.1849171602436617e-05,8.30804862055591e-08,1.2833121783366805e-05,1.698371395883178e-05,1.505525814785753e-05,0
0.10166650078390986,0.8982893512462338,1.581480444344235e-05,1.4192139350724048e-07,1.0103504350632285e-05,1.3615458342243952e-05,4.472281326561511e-06,0
0.0883190368087611,0.9116238929509518,1.8704033515759862e-05,1.678492143393823e-07,1.6806143053138777e-05,1.610288575344099e-05,5.28932875035322e-06,1
0.09002854481103917,0.9056638844608171,2.7330404172655133e-05,2.1250732330783578e-08,0.00425480323145617,1.9508354504642144e-05,5.907487277981001e-06,1
0.09556264554652327,0.8191614840511705,0.0003342796200637602,1.7374403779434511e-07,0.08314597729263704,0.001789655643672969,5.784101894785055e-06,1
0.39672845285086916,0.38266926814117763,0.0015248646172875933,2.799925107011203e-07,0.2124152980526417,0.00664609330092605,1.5743044587067316e-05,1
0.3725046181561075,0.37266491122602363,0.0012774723668683016,2.3699256964188848e-07,0.2509540885782358,0.0025853473788100155,1.332530138514515e-05,1
0.233017872611828,0.5807245677091105,0.0007694372073238569,2.2104116948629983e-07,0.18358492800043985,0.0018893588226446439,1.3614607483589567e-05,1
0.22098057446860225,0.6142810164037648,0.0003523656609902707,2.2211132454275574e-07,0.163481130514859,0.0008807367190462122,2.3954121413026952e-05,1
0.09001889216756333,0.895042469638799,0.00048345574335732154,3.5746796625955326e-137,0.014115250939254339,0.0002901523491065149,4.9779161919410645e-05,1
0.07339911482907377,0.9159069305853312,2.2209533898473694e-05,1.1765438896573333e-07,0.01064632847423982,7.381609385640885e-06,1.7917313682327005e-05,1
0.11412980830427448,0.8836258761018562,2.5715959713390085e-05,1.6070787080282814e-07,0.0021989969430226807,1.3131557966320948e-05,6.310425295886017e-06,1
0.5345943363597537,0.4653223099604286,2.4992265912093625e-05,2.0652564460128101e-07,3.492243010451279e-05,1.4004969080094303e-05,9.227489076289982e-06,0
0.4208687308100014,0.5790725214064726,2.1213104724427974e-05,2.067761548587312e-07,1.599909661599523e-05,1.2154314118010307e-05,9.174491912585822e-06,0
0.39398129372339874,0.6059672314678486,1.5712455680260504e-05,1.6673724611507261e-07,1.3795185606600138e-05,1.2435593815423732e-05,9.364836404325359e-06,0
0.4686213104117206,0.5313226054432112,1.529594517850194e-05,1.6529026129051506e-07,1.300514759576729e-05,1.3169217880198491e-05,1.4448544152481002e-05,0
0.9174999647265344,0.08246052811679917,1.0455193664793458e-05,8.269472281399702e-08,4.431645589994038e-06,6.664375212244385e-06,1.7873247476659648e-05,0
0.7255459849662311,0.2743996154918296,2.49050940508559e-05,1.9130835497703987e-07,7.958324734331817e-06,1.6764519721709656e-05,4.5802950773967695e-06,0
0.7851539073660531,0.2147977625069354,2.2584659118296183e-05,1.7348394568660417e-07,6.1928081322647856e-06,1.522563185461735e-05,4.153543960644519e-06,0
0.7973266624368588,0.20262032053978687,2.2072477710883514e-05,1.6954962677570716e-07,5.947153561573234e-06,1.4880340588045713e-05,9.94750186721851e-06,0
0.8211100675349704,0.1788395663956449,2.1629288837523773e-05,2.0784903197594235e-50,7.910156798328348e-06,1.0303644240742252e-05,1.0522979508082107e-05,0
0.8035061389875826,0.19642659100877038,2.3838042667171734e-05,2.1410269569865006e-07,7.4585336464423554e-06,1.2767920897914067e-05,2.299140373975526e-05,1
0.7063423128478832,0.2928538368240894,2.2698644722382525e-05,1.8835767133371454e-07,9.799407084914921e-06,1.5760036736507304e-05,0.0007554038818121923,0
0.7519875396187089,0.24748577385755732,2.6406694755579518e-05,2.0478606934752947e-07,1.1707157706597147e-05,2.1116427400849025e-05,0.00046725145780153807,0
0.8234563692756987,0.17607040962400136,2.882217960100798e-05,1.8406390498484467e-07,9.984716244199063e-06,1.9776105970862573e-05,0.000414454034578804,0
0.7029404022922225,0.296343534590517,3.0213648647087272e-05,2.1003952768772587e-07,1.585167144975597e-05,2.556036808988385e-05,0.0006442273895462494,0
0.8037802951164844,0.19545329249874688,2.6831432267039218e-05,1.7135061496996857e-07,1.3401427129120976e-05,2.1067393517465585e-05,0.0007049407812403133,0
0.7825291672512599,0.21476781147954246,2.6957012959270727e-05,1.7215259708661684e-07,1.3712563177768435e-05,2.116599644835299e-05,0.002641013544015027,0
0.7235219776877082,0.25074160577185806,3.146609760125756e-05,2.2153683193077505e-07,1.6723689678845015e-05,2.020556551224967e-05,0.025667799650809495,0
0.9828480553137041,0.015537216350181335,1.941737751433762e-05,8.13109409094192e-08,3.6720146832990185e-06,8.545095510567859e-06,0.001583012537465284,0
0.9661773090444412,0.024255784119180578,2.823951323666974e-05,1.4821101232696506e-07,9.54807196607327e-06,1.697577761922679e-05,0.009511995262544202,0
0.9771411726308693,0.017195978247126445,1.8529062124163485e-05,1.1225375937122591e-07,7.231628447245519e-06,1.2857309494683399e-05,0.0056241188681789575,0
0.9843171353201611,0.012004893149970112,1.9148672578571403e-05,1.1600751670588877e-07,7.473453562746843e-06,1.3287256964505684e-05,0.00363794613924632,0
0.903469249356196,0.06358491255709282,8.646241748809699e-05,3.737008831080497e-07,5.72369616406593e-05,3.012782650034856e-05,0.032771637180198925,0
0.7256350415023232,0.2706010748612591,6.232856818325804e-05,3.574266722851476e-07,3.7286495697706584e-05,2.7049047403928095e-05,0.0036368620984607077,0
0.4416173237455932,0.5370405219347387,5.4557297611662703e-05,3.919712745983531e-07,3.086152692294151e-05,3.338245462127186e-05,0.02122296106923775,1
0.7315044268182285,0.26107581188486406,3.414730638853587e-05,2.886439321381973e-07,2.496577442860548e-05,3.203068832681121e-05,0.007328328883831273,0
0.7274403043213705,0.2703055849005636,2.553443501888669e-05,2.1278290682336696e-07,2.0025428630145594e-05,2.259319860508236e-05,0.0021857449329048565,0
0.7434602188154756,0.25389982545763506,2.7782811218760612e-05,2.353212695647658e-07,1.694029679615572e-05,2.7798956650343636e-05,0.0025671983409544935,0
0.7106979042701888,0.2878155108256412,2.1143055034755626e-05,2.1062879679027287e-07,1.2374790821630173e-05,1.6733841026848767e-05,0.0014361225884898046,0
0.7568648728618573,0.24145900207909296,2.0511945115103774e-05,2.6148442539642e-07,1.2509043371636516e-05,1.2371095782433436e-05,0.0016304714903553254,0
0.7617484918588039,0.23774685207892168,3.404642766492178e-05,2.2820291055298468e-07,1.0658553550684687e-05,1.197985037671261e-05,0.00044774302777148906,0
0.7317000691127813,0.2678557625775893,3.3016603436855616e-05,2.2075813416494678e-07,9.777508014387762e-06,1.4753573742869579e-05,0.0003863998663012492,0
0.4478578834184081,0.5515692817826318,1.6700899151124822e-05,1.233873330865806e-07,1.8996458231429105e-05,7.803280891605597e-06,0.000529210773352851,0
0.26659994718501906,0.7332006435110429,2.136526111894557e-05,2.158524582945582e-07,8.243930025622111e-06,1.2967385084331145e-05,0.00015661687525110038,1
0.2267490070972091,0.772896275837722,2.2952193381504203e-05,2.3188517739465276e-07,8.856258536614873e-06,1.2592624505880346e-05,0.0003100841034674239,1
0.38412076706536225,0.615297698911747,2.66387378994485e-05,2.691302029705384e-07,1.2190320983380832e-05,1.672808862060697e-05,0.0005257077451843456,1
0.3937118298326882,0.6059570149975179,3.0400905540201048e-05,1.9856332989556622e-07,1.2021256774565497e-05,9.285068587185673e-06,0.0002792493755621154,1
0.08819765411827184,0.9078516727187798,1.921110132828433e-05,7.667098239923024e-08,1.076763984537949e-05,7.195214686271942e-06,0.003913422536106101,1
0.08411365957183886,0.9105355754571863,1.2892542665112905e-05,6.935061597242355e-51,1.0848687099939313e-05,7.863025764449382e-06,0.0053191607154454935,1
0.06543864413882979,0.911177355731885,1.383741707589919e-05,8.008740602744348e-08,6.94955915997594e-06,8.172457162629847e-06,0.02335496060848063,1
0.37479338070023094,0.6068942147464808,1.546198252925935e-05,5.652442813690766e-08,8.01762028027836e-06,8.776572116116142e-06,0.018280091853934456,1
0.29865669698314173,0.6755994204035544,1.8534674138633818e-05,1.1389474189985153e-07,1.0594363844336753e-05,9.114616419039296e-06,0.025705525064159792,1
0.36712009588190997,0.5815468354069149,2.1438183656291205e-05,1.2065132466060742e-07,1.1918036473300447e-05,1.089131805900867e-05,0.05128870052166188,1
0.8447790837878856,0.1500828819757843,2.0833641078010632e-05,2.1789290348427457e-07,1.442831469593913e-05,1.3677876964771988e-05,0.005088876510687861,0
0.8422290781316436,0.15600985720883445,2.791624352401302e-05,2.3501145203635546e-07,1.6694281079488623e-05,1.4393165849764348e-05,0.0017018259576165584,0
0.8324544784791975,0.1661296144137864,2.6836554324642884e-05,2.4176932075285955e-07,1.6564988663411958e-05,1.854998510775658e-05,0.001353713809599413,0
0.7892841502426209,0.20891960263498618,3.521837950537465e-05,2.5828852800917736e-07,1.8047806187505725e-05,2.4097301894152285e-05,0.0017186253462780374,0
0.8417886360554904,0.15795235420294093,1.7214548364061585e-05,7.574765777568496e-08,1.142927745832021e-05,9.69632787016542e-06,0.00022059384021853173,0
0.8485894043825334,0.15127976158802603,1.4961667845331889e-05,7.254774812937643e-08,1.0310123569433368e-05,9.286712919728335e-06,9.620297735789829e-05,0
0.8584968457074499,0.14145237313720152,1.4214863989784766e-05,6.546304105632209e-08,7.59892786250351e-06,9.213670834600903e-06,1.96882296204952e-05,0
0.8478294621861043,0.15212179269036943,1.2977899354815522e-05,1.3028043751928858e-07,8.688987730203428e-06,8.559703471907207e-06,1.8388252531872642e-05,0
0.7515002462036581,0.24824328945248897,1.3453839384366878e-05,1.5069853298070622e-07,0.00019971674047162717,8.49728739465849e-06,3.4645778069182743e-05,0
0.38383207291490185,0.6159581720797673,3.25723451618475e-05,2.2806616866761488e-07,3.4628435716092934e-05,1.7463432965234898e-05,0.00012486272531889522,1
0.05366570254124787,0.0007928243128526869,4.545232432099485e-06,3.59502413966123e-08,2.7698651922300477e-06,2.5956964110691227e-06,0.9455315264016225,6
0.07630997300150193,0.0013733455120255593,4.315789538848423e-06,3.29053989829887e-08,2.8951425100331836e-06,2.3110754018882676e-06,0.9223071265736227,6
0.08984579448109212,0.002120446630874696,4.066959235943375e-06,3.231889070261027e-08,2.7034512032749873e-06,2.2515445965952384e-06,0.9080247046141067,6
0.8927549872441202,0.013621205722166813,1.1161677011241143e-05,9.514097040953309e-08,6.116668556368185e-06,7.282242229850593e-06,0.09359915130494514,6
0.9361234031639027,0.05848181840882225,1.6348771392571605e-05,1.2965181951412857e-07,1.3406995812040807e-05,1.0422249777166862e-05,0.00535447075847362,0
0.9354186493969241,0.059536954456382525,1.3317520055750494e-05,1.644273881864436e-07,1.0111796971819333e-05,8.421452611885535e-06,0.005012380949665607,0
0.9359515158667975,0.05957087001576189,1.2508184636163713e-05,1.435812569536101e-07,1.0225832637060797e-05,8.853241421470693e-06,0.004445883277488974,0
0.6278492891738271,0.04600157046996143,2.616647534391192e-05,1.661208622456054e-07,1.4769287583683715e-05,1.4286917487938034e-05,0.3260937515549339,0
0.5786248592114632,0.027794345507758896,2.451719330938049e-05,1.7201496063609724e-07,1.3978220646206003e-05,1.5125461709214862e-05,0.3935270023901524,0
0.7814316687612609,0.03753620579291005,3.053278677947406e-05,2.3230584652887153e-07,1.8757405169572406e-05,1.7869886229116088e-05,0.18096473306180438,0
0.8139313821857942,0.07359646436028014,4.8820097164345414e-05,3.523169218331627e-07,2.6136753365856964e-05,2.281675757017001e-05,0.11237402752890338,0
0.9315665684544739,0.06811750029874895,1.0575152907826882e-05,8.750033857349056e-08,4.359137464775487e-06,5.438670555587498e-06,0.00029547078551024066,0
0.8816393200862833,0.11833293758530115,9.74883019524285e-06,9.442146817893824e-08,4.451236280195862e-06,5.58869052885661e-06,7.859149943085265e-06,0
0.7780744468300904,0.22189538432804873,1.2065024418967166e-05,1.1711757004496777e-07,5.775719108306448e-06,8.037178234952518e-06,4.173802528651568e-06,0
0.7916281773317544,0.20834269832545635,1.1847009820741134e-05,1.1208936528494732e-07,5.52775035091354e-06,7.692118327693476e-06,3.945374924504644e-06,0
0.8125403584359949,0.18743245919102136,1.0639452175009073e-05,1.5173346111187577e-07,6.82009675277649e-06,6.16996600024249e-06,3.401124594352659e-06,0
0.7941458216711692,0.20582690492089908,1.007570142857864e-05,1.2603021334140007e-07,6.858071320581215e-06,6.948302949314337e-06,3.2653020200205855e-06,0
0.3346318311449016,0.6653030507049555,3.539555365150954e-05,2.0913168084098336e-07,1.1278778114465894e-05,1.2808171434635498e-05,5.426515261417776e-06,1
0.18559431157939166,0.8143479704254721,2.0580692123153463e-05,1.8469027017735665e-07,1.3148256948034938e-05,1.7984325240665362e-05,5.82003055423531e-06,0
0.16117699541199468,0.8387638888234034,2.1079099300437155e-05,1.8916295533682708e-07,1.3466671197296184e-05,1.8419855626374203e-05,5.960975522600969e-06,1
0.12784845721809654,0.8720821629415593,2.216391837393805e-05,1.9889807632204544e-07,1.6858446139314413e-05,1.9081608527026674e-05,1.107696922783868e-05,1
0.09672442954829609,0.8963763321313825,2.271179811490797e-05,6.887801799669618e-07,0.006839233478227057,1.7783675548048842e-05,1.882058825140069e-05,1
0.10316889789215011,0.8738888233660801,0.0002268412115606282,1.8292610255408547e-07,0.021617934953106172,0.0010881979005446917,9.121750455828388e-06,1
0.09983288218731473,0.534865206501155,0.0006115478512239772,1.3653576429682056e-07,0.3622018745559417,0.002480518371758171,7.833996842135166e-06,4
0.28359095610799934,0.4702996690037701,0.0017446610513582852,3.013363460754893e-07,0.23810701154494324,0.006241323353881725,1.607760170131213e-05,0
0.35596136118837896,0.4817087220105185,0.003951240862993114,3.4071145726826685e-07,0.14324530770438065,0.015118582000414228,1.4445521857285922e-05,0
0.37588864433033026,0.414022016347547,0.0013925848634368325,2.7173175354676794e-07,0.2056342787748906,0.0030450516011931972,1.7152350848603982e-05,1
0.24465202953543191,0.6968264028008082,0.00041958868376632235,2.519580308838969e-07,0.05724856181062368,0.0008259890173552343,2.7176193983916402e-05,1
0.1501264016113606,0.8282547922572787,0.0004393264734869378,4.73207313070227e-180,0.02077668472865411,0.0003722024576263072,3.059247159319446e-05,1
0.14258373315865416,0.8395451963172237,0.0005690401082793526,4.796578664731515e-180,0.01693399802256431,0.00033565459497476266,3.237779830389953e-05,1
0.07225492041265863,0.9180076643097498,0.00013078797918126677,2.869266531749855e-137,0.009548314355154512,4.1989879025309e-05,1.6323064230629532e-05,1
0.0785215905607879,0.9166299625885173,2.1699463028235704e-05,3.9971600208119006e-94,0.0047963880600514295,7.969056424370673e-06,2.239027119097873e-05,1
0.08294050142370515,0.9125255465849936,2.1602298821351775e-05,3.979261841363636e-94,0.004481900721982127,8.158956762129347e-06,2.2290013735789322e-05,1
0.08478615938963198,0.9131630941424712,1.8686233763704622e-05,1.1516048329681265e-07,0.002015970019493075,8.49350174568544e-06,7.48155241101314e-06,1
0.1635621648501301,0.8363596200658964,3.438167515815954e-05,1.7781430970358452e-07,2.0548822239825157e-05,1.6124638084918887e-05,6.982134181223089e-06,1
0.18181953366635195,0.8181039872595741,3.491926606101223e-05,1.835605256795863e-07,1.7855659228632706e-05,1.631282065651385e-05,7.2077676020968835e-06,0
0.44252451968761,0.5574124986518636,2.3809638314882195e-05,1.820556669384335e-07,1.7873232747403093e-05,1.3578071958079253e-05,7.538661839143406e-06,0
0.46434133167908803,0.53559827165132,2.4225238894387226e-05,2.350300403443374e-07,1.4393562367183404e-05,1.3815079110380748e-05,7.727759179678923e-06,0
0.8138777711301189,0.18608122536447363,1.4809660859095806e-05,1.2724256793440777e-07,6.589108913804651e-06,9.423047376811134e-06,1.0054445689866912e-05,0
0.840043786387988,0.15991711248376403,1.4713721475935328e-05,1.4273348646199594e-07,7.3290154515578185e-06,9.501866191682599e-06,7.4137916423748375e-06,0
0.7535736676240247,0.24638047438452018,2.1752369635334742e-05,1.8947792332691018e-07,5.84502911982233e-06,1.4142382871572221e-05,3.9287319053267135e-06,0
0.7569683525625683,0.24298462273324,2.162049290316802e-05,1.7127296880092144e-07,6.100741610249085e-06,1.5031587846872209e-05,4.1006088625044195e-06,0
0.7289791961967282,0.2709717855940264,2.1318211696869586e-05,1.8308850701735485e-07,7.064847306359988e-06,1.6068565846972352e-05,4.383495888196623e-06,0
0.7605952098269585,0.23934554502137959,2.7635934892359554e-05,1.7115350900506382e-07,6.109619182555039e-06,1.5021103586406736e-05,1.0307340491691489e-05,0
0.8177702838953337,0.1821698992254256,2.807890901110785e-05,1.7389691447035733e-07,6.099639815822698e-06,1.526187561564085e-05,1.020255788404523e-05,0
0.7354163654234523,0.2645184951122021,2.183065087100276e-05,1.8593069399490158e-07,7.310451006318062e-06,1.6293270551214486e-05,1.9519161223038704e-05,0
0.7565658024368018,0.24337747073037708,1.7767374293236336e-05,2.46128742933529e-07,8.017272696518578e-06,1.534938958796961e-05,1.5346667500531074e-05,0
0.8211022151155597,0.17883785612154393,2.1335031812597185e-05,1.8776904431874842e-07,7.910081152113253e-06,1.168547011488389e-05,1.8810410772513475e-05,0
0.816493399036762,0.18343170936446326,3.187770855539809e-05,2.1204176925799273e-07,7.386738711071149e-06,1.2645018448298165e-05,2.277009129097702e-05,0
0.7358749374340265,0.2636757197194072,2.7656341424037128e-05,2.6707274607044993e-07,8.630080908442324e-06,1.360985257897154e-05,0.00039917949890868373,1
0.5663083820319247,0.43268467212304307,2.8712985161168764e-05,2.3966269263326294e-07,1.3306655199755217e-05,1.713707158514427e-05,0.0009475494703937026,1
0.4853146558831705,0.5135374095323181,2.7789071269618714e-05,2.1149947429638755e-07,1.4640461157077737e-05,2.034203554077531e-05,0.0010849515170697586,1
0.7190066489774651,0.27991403049749625,2.5216324959769773e-05,2.0460248291595202e-07,2.1644861104783834e-05,2.1271503694332388e-05,0.0010109832327968203,0
0.7838211505265819,0.2156928495658495,2.3014394527278e-05,1.7847850468520796e-07,1.0203213569383228e-05,1.8431675120879604e-05,0.00043417214584647924,0
0.6865938745081999,0.31276686228092737,3.367288366371831e-05,2.3247769608604244e-07,1.329022555106967e-05,2.628063001355905e-05,0.0005657869939483993,0
0.7349455750564126,0.2643275357708114,2.8683929810955345e-05,1.8268640837764405e-07,1.7639467364395135e-05,2.06519334452707e-05,0.0006597311557471552,0
0.8527155175881475,0.12579919741418297,2.8797707749477086e-05,2.0489175293562188e-07,1.3579510313493833e-05,1.6922417949487205e-05,0.021425780469904402,0
0.9831348472310388,0.011690756118960356,2.0256319053986407e-05,1.2073508037765422e-07,8.661773394519256e-06,1.3535739233130779e-05,0.005131822083238733,0
0.05969219588280621,0.0007258854713099128,3.973319230504804e-06,3.0874450619451765e-08,1.714712421497783e-06,2.827034163669539e-06,0.9395733727056177,6
0.3018827262547236,0.01680235182266886,2.481825994991567e-05,2.0617575592686738e-07,2.0716703392755262e-05,1.719910532956326e-05,0.6812519816781794,6
0.7297406141351124,0.2628542873294174,3.872058858245502e-05,2.8794795025518345e-07,2.3477818442008297e-05,3.1953455527871755e-05,0.007310658724967614,0
0.7263218517085457,0.272022058460949,2.430759415438816e-05,2.1630069357230694e-07,1.2855922864180113e-05,1.7638532318347062e-05,0.001601071480475062,0
0.7153511338714208,0.2822869139622011,1.919037724783194e-05,2.0594444885558326e-07,1.2948464010933769e-05,1.574366822836776e-05,0.0023138637124419186,0
0.7698024753012269,0.22880128223137908,2.4732328982494458e-05,2.0125866260777434e-07,9.833500748390258e-06,1.3380963331773666e-05,0.0013480944156687492,0
0.7968273947065591,0.2013748056178444,1.8605095697750162e-05,1.8589487993521042e-07,9.932236962919273e-06,1.4581923031404758e-05,0.0017544945250245207,0
0.7261615441957289,0.27349109031059493,2.047373565549379e-05,1.9842375503353516e-07,9.267674166065598e-06,1.5868096314354212e-05,0.0003015575637851948,0
0.43719275600715723,0.5622499230426705,1.686859638811054e-05,1.2322457965289948e-07,2.203356412599143e-05,7.79298801366329e-06,0.0005105025770649354,0
0.4850086420918092,0.5143744715407875,1.6399034770931085e-05,1.1866644465162075e-07,2.1218532253872255e-05,7.50472173164649e-06,0.0005716454122021504,0
0.31412610997459,0.6853800130401068,2.50246371908327e-05,2.528230020451652e-07,6.133735426605099e-06,1.262377333453166e-05,0.00044984201634928656,1
0.2620831226795371,0.73730971299289,2.9692533810515417e-05,2.9917260904293005e-07,1.3551099406215875e-05,1.7097595949080668e-05,0.0005465239257977892,1
0.18006911321078603,0.8194119527956859,2.528062695288351e-05,2.5485315645809897e-07,1.1537590260103104e-05,1.3232100565124168e-05,0.0004686288225937111,1
0.11829771699127567,0.880172457621404,1.9705999024056113e-05,1.2909829340297745e-07,1.544198893404965e-05,8.459966935227506e-06,0.0014860883341336888,1
0.08044613439189828,0.9176197791615991,1.6947290127136524e-05,8.671029121907644e-08,2.2585949521959917e-05,6.0784344176888605e-06,0.0018883880621448005,1
0.0945346746350298,0.8980170640307572,1.7057581079689377e-05,8.980173995961783e-08,2.106649088997726e-05,8.56380084251145e-06,0.007401483659660877,1
0.07446626044415751,0.9191181748586403,1.3436490685892776e-05,7.073806285353696e-08,1.3422583310911057e-05,7.325934795770635e-06,0.0063813089503466725,1
0.05039403291948702,0.9327234651794349,1.4223338141433356e-05,7.44647750695787e-08,1.0446197228562612e-05,7.711888970877887e-06,0.016850046011961745,1
0.06829445387971776,0.9132643652120247,1.4023736994956387e-05,8.871821403317507e-08,1.2305632134149355e-05,9.190342601730897e-06,0.018405572478312756,1
0.3401413058222179,0.5965956241299095,2.0688017189933165e-05,1.1642948481945538e-07,1.4151300687682426e-05,1.0510208273156526e-05,0.06321760409223681,1
0.7939043769245941,0.20233550486102167,2.325135121090111e-05,1.0034375955640713e-07,1.7265523139877004e-05,1.8160360354761797e-05,0.003701340635919122,1
0.841007894004701,0.1553517051775708,2.2600762981134e-05,2.0783300239798578e-07,1.5398486617992162e-05,1.7470593263058695e-05,0.0035847231418635822,1
0.8337359346254557,0.16144060533400192,2.0923918575063743e-05,2.100476503977344e-07,2.0082042595417806e-05,1.75631820456367e-05,0.0047646808496760095,0
0.7683010208060336,0.22943184509523024,2.8459346258190248e-05,2.870388217418674e-07,2.175850240830986e-05,1.586154061404593e-05,0.002200767670633776,0
0.8059298402322439,0.1923362932922685,2.7619023353728633e-05,2.569218556566651e-07,1.822598279723186e-05,1.7425552405071833e-05,0.0016703389950758112,0
0.8258023135618351,0.1725450266309331,2.666398721241151e-05,2.40214671336852e-07,1.8019230852521864e-05,2.2411082285478113e-05,0.0015853252922099854,0
0.7790197011482977,0.21858727055958757,3.2698513005863915e-05,2.315273740085245e-07,1.6476750532930736e-05,2.2426332416478853e-05,0.002321195168785591,0
0.7772381354126792,0.21333292304836704,3.379429600326121e-05,2.601917611109128e-07,2.1063438947910563e-05,1.7117300869898693e-05,0.00935670631137174,0
0.7538318331000297,0.24103279671724548,3.3487819396775264e-05,2.578321117791682e-07,2.0872417028440585e-05,1.7100215985698807e-05,0.005063651898202146,0
0.854183006053594,0.14411570249291794,3.001022299825473e-05,3.037066142572926e-08,3.663553790322485e-05,2.088530358436783e-05,0.001613730018340722,0
0.8585694514664993,0.13986055925584565,2.8513287065872205e-05,2.8855746512199896e-08,3.4808125521361225e-05,1.9683213805214907e-05,0.0014869557955159568,0
0.8306103444980104,0.16783192326653276,2.029206517959552e-05,8.928938339124891e-08,3.3095243200505416e-05,1.1429780961020943e-05,0.0014928258567325416,0
0.8463217478315034,0.15354975547281685,1.5539078503988972e-05,7.534755918416759e-08,1.0708018730761914e-05,9.645111935076923e-06,9.25291389509972e-05,0
0.6964617338877197,0.30312402251148585,1.7103854532943103e-05,1.915829164294147e-07,0.00034210042102301075,1.0802594216467915e-05,4.404514810578868e-05,0
0.6720089025239341,0.3275449857535506,2.039050295423296e-05,2.2839717304134195e-07,0.00036749856232181635,1.2878402868781091e-05,4.511585719717956e-05,0
0.2960987215158928,0.7036714681783064,2.904667256904522e-05,2.0337999282668492e-07,7.363966164047527e-05,1.5573168488549723e-05,0.00011134742310985836,1
0.05158873418645905,0.0006408658993345688,5.338555804850772e-06,3.416893164135041e-08,2.280443851666588e-06,2.4928186777769693e-06,0.9477602539269404,6
0.1257879185889148,0.003384483207439988,1.0311239768398886e-05,7.270669635051519e-08,6.151304351872437e-06,5.77355728567322e-06,0.8708052893955429,6
0.05230556540408949,0.0007759437927342767,4.448457035244114e-06,3.5184802240270574e-08,3.0186604744052913e-06,2.540060488588254e-06,0.9469084484403758,6
0.1068752330177727,0.002283515448800555,4.888011786696986e-06,3.8843546129295584e-08,3.90859547284054e-06,2.7882842030571345e-06,0.890829627798418,6
0.0591513801184159,0.0014477609743852036,2.7441133859419763e-06,2.1704399085861776e-08,1.6213013921158074e-06,1.5579945483482448e-06,0.9393949137934734,6
0.25883127000565576,0.011192775161781427,1.2190716068941815e-05,6.862347137196617e-08,6.672662659123776e-06,6.833471883214603e-06,0.7299501893584803,6
0.9341469782956745,0.0584996083447336,1.560005165822576e-05,1.3415836517582716e-07,1.387300731145196e-05,1.078451499407199e-05,0.007313021627263082,0
0.9246448284209887,0.06903848474763193,1.7916100363557088e-05,1.4133031049755583e-07,1.262395907679244e-05,1.1361042233036763e-05,0.006274644399395315,0
0.4736921876907631,0.023586465421401748,2.3163436288176405e-05,1.6705592101906776e-07,1.4750166127929045e-05,1.3429032790593816e-05,0.5026698371967074,0
0.33766863025793037,0.016875324374822084,1.449906417118846e-05,1.1467947234074225e-07,8.067406911838382e-06,9.034311241846239e-06,0.6454243299054504,0
0.9220806152848624,0.06765154067685743,1.61198159766129e-05,1.4261382047849285e-07,1.126858706317912e-05,1.0213882410520223e-05,0.010230099139009362,0
0.9250776602857984,0.061362898403035715,1.5574888385605948e-05,1.709514464792406e-07,1.0358821034904409e-05,9.368857025329443e-06,0.013523967793273478,0
0.5455635308431137,0.038853170371427534,2.1494992645880235e-05,1.7881810050154494e-07,1.3123593707886171e-05,1.1804005069077657e-05,0.4155366973759354,0
0.5660871560138014,0.027383728145655036,2.227453507984264e-05,1.6947371247614047e-07,1.3771714611118805e-05,1.3006937777380649e-05,0.40647989317936284,0
0.4960305089633146,0.03640580258120685,2.9471983932306405e-05,2.242348274898501e-07,1.690217973255077e-05,1.746793305326591e-05,0.467499622123933,0
0.52932690529543,0.035514476849495984,2.875041935246129e-05,2.1874487101267532e-07,1.720183957916274e-05,1.7040264464571888e-05,0.4350954065868069,0
0.9238733327579833,0.07572450479252256,1.05286101107591e-05,8.577189311255819e-08,4.080969743997793e-06,5.33123730917306e-06,0.00038213586043710674,0
0.8784616987172043,0.12146072496038494,1.2535277906820985e-05,1.3293917437838954e-07,5.454705886826215e-06,7.36785952884922e-06,5.2085539913815066e-05,0
0.8877281440435081,0.11217806412822567,1.1457902779591555e-05,1.2151339180106367e-07,5.308883383278531e-06,6.2454216426443895e-06,7.065810706925067e-05,0
0.9067485035561963,0.09322377414603053,9.438056441797406e-06,9.459048403651761e-08,4.717738537501155e-06,5.598694369515912e-06,7.873217940470742e-06,0
0.8014832690795838,0.1984871351682332,1.169078783188286e-05,1.1348478173230323e-07,5.596566101069082e-06,8.20042201024284e-06,3.994491457965635e-06,0
0.8064017040631709,0.1935721157682409,1.1581148467506545e-05,1.419625352873661e-07,5.63091035697734e-06,6.119398194352916e-06,2.7067490339600934e-06,0
0.8249014276907255,0.17507115343678714,1.0610158749646114e-05,1.5131569591635334e-07,6.396336253890522e-06,6.869301452894976e-06,3.3917603350077263e-06,0
0.4227143133085963,0.5772197982556011,3.214059439923394e-05,1.9297641020407075e-07,1.3312588689785752e-05,1.1818749482598284e-05,8.423526820616201e-06,1
0.6497464236714378,0.3501649470962882,2.2014730320535814e-05,2.180379833394448e-07,1.605226448747736e-05,1.511077279275212e-05,3.5233426689882476e-05,0
0.5763889639450646,0.42341653710671506,0.00013039727735759696,2.2742202481134432e-07,1.8646836972926127e-05,1.5571856437204826e-05,2.9655555427902923e-05,1
0.6003694281378308,0.3995221616071662,3.0836132352771674e-05,2.77356123245934e-07,2.0397315521299553e-05,1.799481513991044e-05,3.890463586575941e-05,1
0.406281436616295,0.5936077541097595,2.6404386893459483e-05,2.3041818740922733e-07,1.7460222279104294e-05,2.0564819807034163e-05,4.6149426778562165e-05,1
0.4710423924134497,0.5288720704741259,2.7858753540052306e-05,1.4332710398644054e-07,1.4981147816785141e-05,2.1724024729482412e-05,2.0829859234181255e-05,0
0.2204707649655906,0.7794731029731942,1.9921422078109142e-05,8.389868219570035e-08,1.3342171877784505e-05,1.715097353196954e-05,5.633595045522101e-06,0
0.09772739174239731,0.8966229689865066,2.2092255205228635e-05,2.095143547839374e-08,0.005591691855325251,1.729856423990458e-05,1.853564489032428e-05,1
0.11099206771037932,0.8884435836424889,1.7313318115065992e-05,1.31586311101371e-07,0.0005160972450626063,1.4725612201373506e-05,1.608088544167022e-05,1
0.11181848007037241,0.8841386942868675,2.560271310506928e-05,2.029095023708854e-08,0.003995115609634297,1.66211910688842e-05,5.465838001617709e-06,1
0.09960568388590776,0.885358954107946,0.00010535785837678498,9.684053707191412e-08,0.014670379061292618,0.00025190121811023144,7.627027829473332e-06,1
0.12533120754983768,0.8534396729612133,0.0003829791966787509,1.853087419653533e-07,0.019698826758414643,0.0011380623472454375,9.065877868290118e-06,1
0.056703773953137325,0.5039020824480954,0.00033558579427583207,1.319651401136895e-07,0.4353511198367413,0.0037045707246156864,2.735277994419835e-06,4
0.29314109557712925,0.47026467608398276,0.0021634211577634043,2.5754459434673167e-07,0.2285976383335592,0.0058203705468161445,1.2540756155021129e-05,4
0.30012757356078085,0.4384552180707528,0.0018356194738413313,2.8093256712479914e-07,0.2533881896257311,0.006181208721895911,1.190961443095612e-05,0
0.4037744939434562,0.3774192989986881,0.0014788977034843182,2.4021248521534883e-07,0.2144107291887154,0.0029011771730728317,1.5162780097835079e-05,0
0.3880449451737467,0.3874090524584194,0.001518042027818465,2.465705689477313e-07,0.22029328394741754,0.0027101391445071197,2.429067752193932e-05,0
0.8117522265541963,0.1778785320768271,0.001976368564307818,1.7776113447280067e-07,0.007063299045102692,0.0013102126308274762,1.9183367604050406e-05,0
0.7045474913137016,0.2853715763709064,0.0028832813002599863,2.3447344541822637e-07,0.005676891046283456,0.0014952219310992985,2.5303564303783878e-05,0
0.5965115301211452,0.3983987603870708,0.0022290032913489673,6.899674238310414e-180,0.0025504627940104775,0.0002833794124558475,2.686399396852946e-05,1
0.4807549947588671,0.5167734876988689,0.0003488227818054847,7.35018814684996e-137,0.0020070391698552375,7.749073324418303e-05,3.8164857359022274e-05,1
0.08224547208263074,0.9122514524316804,1.8662533548010415e-05,3.643410033377262e-137,0.005454870305183157,7.259328445456801e-06,2.2283318512334905e-05,1
0.09819898849394244,0.8962625973143977,1.7871175694783052e-05,3.9083437901346044e-94,0.005503873063938295,7.543163218765439e-06,9.126788808202502e-06,1
0.14826316153743796,0.8516700477544047,2.981888488307697e-05,1.6401211199803053e-07,1.5083948609860143e-05,1.515959985359344e-05,6.564262698735277e-06,0
0.751388233041021,0.24855836089290223,1.8704849961451806e-05,1.1705896218313028e-07,1.0602994234119861e-05,8.102486495358944e-06,1.587867642372503e-05,0
0.6633969547089416,0.33654252643049487,2.2703616485326285e-05,1.7938268004006123e-07,1.7425251338671382e-05,1.2164343524096787e-05,8.046266535430849e-06,0
0.585069976161437,0.4148749533550292,1.959128022358886e-05,2.1915176289622366e-07,1.5922883388457593e-05,1.162166056750382e-05,7.715507591295662e-06,0
0.5340613143647092,0.4658884231631675,1.918234092126336e-05,1.5561715194465921e-07,1.2875152640853217e-05,1.1606235183717138e-05,6.443126225525589e-06,0
0.9085728110931179,0.09139182924612241,1.1073230114934212e-05,8.735007092173063e-08,3.965174008612102e-06,7.039550138500953e-06,1.3194356426804937e-05,0
0.9196389351830434,0.08032836379518012,1.019464910787879e-05,8.471103388112408e-08,4.221826616765738e-06,5.652218879137972e-06,1.2547616139030237e-05,0
0.879140528790972,0.12083342559927882,9.642556834730047e-06,1.168720539880257e-07,5.4695771341634955e-06,6.301029349362192e-06,4.515574376978006e-06,0
0.8290487604603972,0.17091284708759802,1.4477862270281492e-05,1.415655323316432e-07,8.070206762780814e-06,9.602787155241303e-06,6.100030284314125e-06,0
0.772705968858704,0.22724728855902612,2.1602874020232512e-05,1.9760617451346835e-07,6.095770019049377e-06,1.4749064844533716e-05,4.09726721123697e-06,0
0.7413041664806865,0.25864415676859853,2.119987822832573e-05,1.6777193321183727e-07,5.982055072426641e-06,1.4473925015391512e-05,9.85312046544523e-06,0
0.6729087577228928,0.3270318077348828,2.6391345033261607e-05,1.80510590329849e-07,6.429785606133612e-06,1.584231776228362e-05,1.059058323221366e-05,0
0.6439189988779516,0.3560128182763994,2.195996017110451e-05,2.63331524522522e-07,1.0440115130992745e-05,1.6422211044980485e-05,1.9097227777532337e-05,0
0.8433819505146775,0.1565671707044829,1.8678179442714048e-05,1.7271173931382848e-07,5.7265962207364416e-06,1.023027805139718e-05,1.6071015385509967e-05,0
0.7948980169196138,0.20495324670739884,2.358266094550995e-05,2.118089706725073e-07,6.844309578317828e-06,1.1631362513579708e-05,0.00010646623097948777,0
0.7473352828947469,0.25232644495765605,2.808705486565031e-05,2.7123207502352357e-07,8.76448378525396e-06,1.3821809263851126e-05,0.0002873275676073094,1
0.8041802179195724,0.1949287542641383,2.5565921302487882e-05,2.3038400086550007e-07,8.359815704043865e-06,1.38985383455716e-05,0.0008429731569364417,1
0.5149229847124487,0.4834648957673903,2.6463193121156898e-05,2.208840384756547e-07,1.5344553107443792e-05,1.741085118881936e-05,0.0015526800387051273,1
0.7688273403026905,0.23009455882058547,2.4626945657087092e-05,1.677549175716746e-07,1.0570460090802957e-06,1.2482756522873348e-05,0.0010397663736173366,1
0.6976824917738667,0.300752853041938,2.4197229954147564e-05,2.1980057801287961e-07,1.4531603450777238e-05,2.195797538182141e-05,0.0015037485748304012,1
0.7351580810931422,0.26334306564848814,2.902676411365759e-05,2.1790743954083458e-07,1.2457276846385792e-05,2.6791510377681983e-05,0.0014303597995926432,0
0.7380466773278468,0.26046064402730285,3.3176406436573696e-05,2.3344203536901335e-07,1.8395163239422098e-05,2.840829255984064e-05,0.0014124653405790872,0
0.6947044949933517,0.3037986942176407,3.4673614518588005e-05,2.393867450960919e-07,2.0945230514137638e-05,2.7061669071651978e-05,0.0014138908881578755,0
0.7433632476501435,0.25466156561496767,2.41565947265909e-05,1.568021578476151e-07,9.892299995690632e-06,1.9278674688984498e-05,0.0019217023633195586,0
0.7326290859011744,0.24688808584343486,3.257789812805969e-05,2.5212898621994073e-07,1.646667181674822e-05,1.9895036475288147e-05,0.02041363651998456,0
0.9662551139502851,0.03276642312422871,1.7919631679484374e-05,1.0157052478020042e-07,4.320199522537797e-06,1.0674207254251187e-05,0.00094544731650519,0
0.9829588841759919,0.01586168889067178,1.6916173580133257e-05,9.880654554564513e-08,4.607854456654272e-06,1.0368383886743479e-05,0.0011474357148671174,0
0.9709755513698354,0.026127948379880243,2.173907122006479e-05,1.2957282634100008e-07,8.622659801063015e-06,1.3645594922220659e-05,0.0028523633515147207,0
0.9792802999299054,0.015002347869230957,2.0568586439213834e-05,1.225963083605998e-07,8.795301570202625e-06,1.3541748212873656e-05,0.005674323968333143,0
0.8748952714094755,0.11656999247897852,6.618109924875518e-05,4.2235412826079113e-07,3.913244227405585e-05,3.826967226399789e-05,0.008390730543630872,0
0.5920113353592725,0.3957796890241661,5.094969523758639e-05,3.7779729650439737e-07,2.9206689485384955e-05,2.3824435206224958e-05,0.012104616999335715,1
0.44722127640544684,0.512055116840693,5.5249608571006854e-05,3.969452381381917e-07,3.687987770883974e-05,3.108307394819083e-05,0.04059999724839388,1
0.7363009322420915,0.2571841713114306,3.788533407023887e-05,2.817365306063868e-07,2.2971370722368914e-05,3.126417706161811e-05,0.0064224938280931666,0
0.7669691777681145,0.23081559063068022,2.811292652782636e-05,2.3312042828927025e-07,1.6781862735022695e-05,2.2170498551336004e-05,0.002147933192962871,0
0.715353281891691,0.2829280852022028,2.4370799395919728e-05,2.1686312428815037e-07,1.311409738481671e-05,1.7684396491015186e-05,0.0016632467497102877,0
0.7296235113564304,0.2686432861177156,1.9658496929754148e-05,2.2693052826088834e-07,1.3258303136153078e-05,1.4954598844492238e-05,0.0016851041964154705,0
0.7699171986374815,0.2286963391138882,1.9328358577723556e-05,1.9320716585294326e-07,9.534058649945854e-06,1.271279908743286e-05,0.00134469382514913,0
0.7632732183896987,0.23466016958121624,1.9161565014935614e-05,1.7806689909621747e-07,1.008924871441439e-05,1.3245083021454606e-05,0.0020239380654350735,0
0.49980679118010896,0.49897510553723073,2.5248539501490834e-05,1.734936900285344e-07,2.604411824301961e-05,1.3127581440716854e-05,0.0011535095497852011,0
0.198505093827591,0.8009711694034463,2.454571284920107e-05,2.474445119099193e-07,9.813270553107437e-06,1.2330025301931623e-05,0.0004768003157465492,1
0.07765721163908387,0.9221334612336913,1.1031784609343411e-05,9.924869177114435e-08,4.3685438153985425e-06,5.729121805561938e-06,0.00018809842830263632,1
0.05951000435969851,0.9393042395487364,1.047658393339806e-05,5.360312103180678e-08,9.122708529441933e-06,3.7508887260535964e-06,0.0011623523072548875,1
0.06709997518309356,0.9269729174686396,1.6772707397188344e-05,7.337709513942885e-08,2.7257282665474523e-05,5.902715567022006e-06,0.005877101265542165,1
0.07318159241985353,0.9255936079777675,1.4036176585109793e-05,5.601799863108372e-08,5.732164115375875e-06,6.209248729460762e-06,0.001198765994950271,1
0.171591348256614,0.8257625025900975,1.8785592992763763e-05,9.642037640296867e-08,7.733132797084519e-06,8.098814815616739e-06,0.002611435192306587,1
0.428074310154563,0.482790539745274,2.7149971043565473e-05,1.9065877892475557e-08,1.5420364945874544e-05,1.3793098084667816e-05,0.08907876760021105,1
0.4703969319090757,0.4435238192666648,2.9108389519995922e-05,2.044629577760422e-08,1.5042901481586246e-05,1.4788040513626054e-05,0.08602028904644868,1
0.5958125132900979,0.3515256515342507,3.775384119011435e-05,1.152755302741972e-07,1.8756514473501142e-05,2.0089788382944282e-05,0.052585119756074605,1
0.7909855638274516,0.20499666381471193,2.6119774023303668e-05,2.40193265234081e-07,1.97170262111431e-05,1.8861135812356256e-05,0.003952834228524472,1
0.7802718980123852,0.21741628931678073,2.844262612653924e-05,2.8552523599191943e-07,2.034660224393198e-05,1.5038434715628535e-05,0.0022476994825122395,0
0.7758418793714247,0.22179811773471148,2.8680174356671455e-05,3.111526781135523e-07,2.30323204285164e-05,1.7007610513050638e-05,0.0022909716358873546,0
0.8477408704036379,0.15063053341647029,2.8628200829234083e-05,2.398751119134307e-07,1.6738828586908665e-05,1.856878788123293e-05,0.001564420487482651,0
0.7533031762610563,0.2426694604307158,3.0425853572001343e-05,3.0057383541338764e-07,2.181773297404586e-05,2.3120213385988582e-05,0.003951698934460648,0
0.8062029236645796,0.1898664438462438,3.5436436719535675e-05,2.7283506295445936e-07,1.5185056362469614e-05,1.809525769617477e-05,0.0038616429033353655,0
0.8576200893831986,0.1402966841923565,3.0251516030843485e-05,3.061485251346521e-08,2.9576190481196523e-05,2.088314323744435e-05,0.0020024849598428538,0
0.8530452354889041,0.14512714570912233,3.212280166206615e-05,3.250861326092781e-08,3.14057021069061e-05,2.21749239810987e-05,0.0017418828656099539,0
0.7811105871139278,0.21540487320901858,2.8192368223550752e-05,1.2670030397821e-07,3.5515732040678897e-05,1.7341917743613057e-05,0.0034033629587417427,0
0.8293711089786533,0.16841849723526978,2.0103148381325094e-05,8.845810947799665e-08,3.037203968494803e-05,1.1323371011862113e-05,0.002148506768889496,0
0.8330678674865912,0.16528368302612037,1.714832623277343e-05,8.31506530713272e-08,1.525986786856951e-05,1.0643972612137663e-05,0.001605314169921672,0
0.8451683083849603,0.15478146520996056,1.4045007123567758e-05,1.1672691083714707e-07,7.5081264257636635e-06,9.103574441456023e-06,1.9452970177485305e-05,0
0.8333274099849322,0.16661945791644586,1.3276482956093032e-05,1.3327781029488225e-07,1.2154388004707816e-05,8.756637275956268e-06,1.8811312575109117e-05,0
0.7946889713862757,0.2052502329375539,1.4993576456643054e-05,1.505150908745145e-07,1.4437632684966997e-05,9.969707187260348e-06,2.124424475047193e-05,0
0.7074670021633629,0.2921115408748087,1.8851717029216624e-05,2.1116099421934887e-07,0.00034194138783751716,1.19065236995595e-05,4.854617226783608e-05,0
0.4526443022334704,0.5466636006926177,3.231558472156073e-05,2.391211146763548e-07,0.0005229796078865508,1.4856243617041502e-05,0.000121706516572037,1
0.024244664693675273,0.00015975419686217916,2.3261581813885773e-06,1.6035194534084842e-08,1.2860610103207736e-06,1.0659634850869603e-06,0.9755908868915912,6
0.09025532976855309,0.0008726730470760371,4.157017992522675e-06,3.303456030779736e-08,2.7145121882468705e-06,2.370956340836936e-06,0.9088627216632891,6
0.05180382965256159,0.0009544043083131986,2.0924544536039007e-06,1.816635524752046e-08,1.269913324635795e-06,1.2180710355868785e-06,0.9472371674339561,6
0.13149450070773988,0.0014915441631183576,6.157002334950139e-06,4.8927828870360636e-08,4.9233169850673646e-06,3.512158541730536e-06,0.8669993137234512,6
0.07965605107617153,0.0017713623657579665,3.1668341896430362e-06,2.50478837510461e-08,1.8527601603914757e-06,1.7979980084871786e-06,0.9185657439178283,6
0.8788364069264548,0.030561294091814118,1.5526960503205675e-05,1.515684207998735e-07,1.0047794815470671e-05,9.947746867403518e-06,0.09056662491112416,0
0.9539103240943785,0.03314983730320712,1.534105359346485e-05,1.2166024369025175e-07,1.2360462766356556e-05,9.779835350113367e-06,0.012902235590460507,0
0.9278803619726366,0.05686619986350124,2.2578843700478652e-05,1.361751235136175e-07,9.469599334160017e-06,8.845176528915257e-06,0.01521240836917515,0
0.6602693412909875,0.03627818880802517,3.228701510697985e-05,2.3285565140463445e-07,1.575217785563898e-05,1.8718439664470198e-05,0.3033854794127088,0
0.17554207300006194,0.0077686763657359515,7.2481561892602014e-06,5.732885360141916e-08,3.950032734850831e-06,4.516298305197679e-06,0.8166734788181191,6
0.4280245475476605,0.02060982454511301,1.9670691428454896e-05,1.281408849029845e-07,9.715789928935496e-06,1.3544135407796373e-05,0.5513225691495763,0
0.9180471465742955,0.08155720292981379,1.2726560983150847e-05,1.0342361348889679e-07,5.0328022564156035e-06,6.194938332312935e-06,0.00037159277070551174,0
0.9272274232094871,0.07184864941225683,1.0574290705341187e-05,9.411316106454231e-08,3.981528240879636e-06,5.216013667768271e-06,0.0009040614324807826,0
0.8848215679741896,0.11508985026501757,1.2007006200918717e-05,1.2733674538143074e-07,5.628050865629588e-06,6.54472444330308e-06,6.427464253747405e-05,0
0.8882695446023839,0.11165221372663525,1.1914080545394368e-05,1.2635124988497623e-07,5.722690250970294e-06,6.494072948755368e-06,5.39844759858333e-05,0
0.8843738669206521,0.11554752734448204,1.0743496230154605e-05,1.3546730708433865e-07,5.526940588088615e-06,7.151519053115457e-06,5.5048311687312325e-05,0
0.8983497556300426,0.10162258818946529,9.628983815484698e-06,9.326070623047231e-08,4.6514153331556555e-06,5.519986457285133e-06,7.762534179984286e-06,0
0.8335720142426071,0.1663975958867167,1.1971355227376691e-05,1.1802833788796843e-07,5.617329551347914e-06,8.52873984577061e-06,4.154417713940675e-06,0
0.8335726179160048,0.16639771639196443,1.1971363897039972e-05,1.4674582356315669e-07,5.6173336194216476e-06,7.775827968453182e-06,4.154420722572699e-06,0
0.8126049721383165,0.1873623200783625,1.4445681688819494e-05,1.6802401078800873e-07,6.408720462460761e-06,8.033741833420334e-06,3.651615325300769e-06,0
0.3940749579910395,0.6058655951895987,2.622466950781666e-05,1.9128210128595057e-07,1.2966316121841529e-05,1.1714982329772613e-05,8.349569301149951e-06,1
0.5670979911951459,0.432833960353897,2.3470458082326825e-05,2.495241391397709e-07,1.7758209077247314e-05,1.4585289998675615e-05,1.1984969659681995e-05,1
0.5623186076915916,0.43760147269889926,2.4885408618839428e-05,2.1716280593931536e-07,1.6943368415815908e-05,1.9405435044382373e-05,1.8468234624153453e-05,0
0.38155979562055126,0.6183680796764396,2.385757350622109e-05,1.4286602511478285e-07,1.4580973212614598e-05,2.0605142688869445e-05,1.293814757648812e-05,0
0.30230091816531746,0.6976379679543164,2.57899295411062e-05,2.3143774885215397e-07,1.0412240062647622e-33,2.2203354620798994e-05,1.2889158455432577e-05,0
0.11996621289996441,0.8740457629562192,2.222118535344778e-05,9.356060030708349e-08,0.00592966606069844,1.7399518462581736e-05,1.8643818701501386e-05,1
0.1022914150980764,0.8939565517882081,2.58870166770513e-05,1.8183541188878463e-08,0.0037037956205270544,1.6805759945318777e-05,5.526533024889571e-06,1
0.09574345988489497,0.8882272633135042,1.947376290951636e-05,8.891476438011514e-08,0.015983046225102947,1.901616161091354e-05,7.65173721320162e-06,1
0.09138702995671653,0.7389661220796067,0.0003207698913760012,1.6258051632832978e-07,0.16709133045809654,0.0022281508711324443,6.4341625555775096e-06,1
0.07482348460717404,0.5506453851055483,0.0003760854278927564,1.4789114149984364e-07,0.3704726299934364,0.0036792015941727314,3.0653806343527606e-06,4
0.14314557179817974,0.6338259670709145,0.0005615237787838612,1.8474786556393044e-07,0.21891814559260236,0.0035369921281289134,1.1614883524999913e-05,4
0.3208720850301169,0.4226112977780463,0.0018528753520638589,2.7078085032978434e-07,0.24869616642018505,0.005957845937588717,9.458701148781756e-06,0
0.49511738519713333,0.37690246621104107,0.0010414485322805572,2.4144469492902463e-07,0.12436211753524326,0.002552555372947302,2.378570665969142e-05,0
0.8261056225506657,0.1680152532288698,0.0019569808070358297,1.518435422719044e-07,0.0025877694579035733,0.0013178356814037482,1.6386430579114073e-05,0
0.7935980978189497,0.19862770933077634,0.0032023595470616244,1.910170347373984e-07,0.0030746532340499982,0.0014763751535558699,2.0613898571646792e-05,0
0.7253682879393194,0.2671335141224049,0.0033324793294962356,2.194882764412007e-07,0.0034797363983887137,0.0006683016474223876,1.7461074691675345e-05,0
0.5484009441897647,0.4491507381610676,0.00022454519328533583,5.78109809325439e-137,0.002150110551810744,6.020844472349427e-05,1.3453459348062801e-05,1
0.14608484078773235,0.8482738347560669,1.7281966156523847e-05,1.3907687698693137e-07,0.005606178776481023,8.232190601988782e-06,9.49244608421703e-06,1
0.11314234270508568,0.8835921799062413,1.246079024069651e-05,1.1847636737672014e-07,0.0032373784092411917,7.998049019515703e-06,7.521663804077928e-06,1
0.17728907381897008,0.8224389490807438,3.988021961963833e-05,1.9487824727739276e-07,0.00020833853625630428,1.5915301316413693e-05,7.648164846572504e-06,1
0.34059531058700676,0.6593450911102076,2.2743261923825252e-05,1.739018318186482e-07,1.4387955319895078e-05,1.5333104396923513e-05,6.960079313304591e-06,0
0.7678964976877054,0.23205974659264303,1.9103957711024807e-05,1.1955666406582604e-07,9.126277273704155e-06,9.102644002013474e-06,6.303284000471041e-06,0
0.7029720694471561,0.29697476192710154,2.3013876275093985e-05,1.5220688009148916e-07,1.3047308357779248e-05,9.640245222103338e-06,7.314989007432803e-06,0
0.6845174532325408,0.3154289631026541,2.4366141388297832e-05,1.6115035625678294e-07,1.3637247104604894e-05,1.044288488451639e-05,4.976241071239922e-06,0
0.672431612314274,0.32751442633922984,2.0785379324797537e-05,1.8182565341065787e-07,1.591028763987537e-05,1.1469170142167053e-05,5.614683735885735e-06,0
0.5939174329941262,0.40602544823188474,2.0317571449351396e-05,2.1029889856078364e-07,1.3606517112868218e-05,1.2265519644569848e-05,1.0718866883787952e-05,0
0.9218916882969205,0.07807714853940949,9.720809760619013e-06,7.509207526584125e-08,4.02559940510171e-06,5.377249711418411e-06,1.1964412717503017e-05,0
0.8860028077752332,0.11396354760443517,1.2905208183552031e-05,1.3252481518141804e-07,6.804825148288296e-06,8.587521969343002e-06,5.214540215086299e-06,0
0.8724516250447963,0.12751071587755167,1.415213804490895e-05,1.665410800644504e-07,8.409422998945809e-06,9.034839352882678e-06,5.896136175200663e-06,0
0.8230301877936761,0.1769311316483044,1.4685390654902278e-05,1.672949151407979e-07,7.899967888657724e-06,9.740435301699719e-06,6.187469258895347e-06,0
0.6953317570727953,0.30461375799660717,2.2351906378936393e-05,1.768888718970871e-07,6.307127498207413e-06,1.5260456375995266e-05,1.0388551472420754e-05,0
0.8561439437591947,0.14373259690712148,1.7881018179758243e-05,1.6059935153128183e-07,5.189542616949502e-06,9.591812710371557e-06,9.063636082512244e-05,0
0.6868631031239937,0.3116190562145655,2.3322742858469953e-05,2.118569923438185e-07,1.4006431779421082e-05,2.2058192978896458e-05,0.0014582414368317033,1
0.6976927717731156,0.30075728448337424,2.41975864881135e-05,2.1980381666341698e-07,1.4531817566616924e-05,2.1503431932835643e-05,0.0014894911037058316,1
0.6657680267747289,0.3327373591942702,3.037799308940132e-05,2.830271605605186e-07,1.1604881183523206e-05,2.1624510569688062e-05,0.0014307236189978945,0
0.7256956116791644,0.2730844179856525,2.6097915673794388e-05,2.8547125526749536e-07,1.1970579758413476e-05,2.1642105529350304e-05,0.00115997426296635,0
0.7585025922987948,0.24033180498797294,2.502430764931944e-05,1.9406554470678883e-07,1.0606564429707262e-05,1.763146499503134e-05,0.0011121463106135683,0
0.7155651342316173,0.27984863375612007,3.031336607573888e-05,1.930642004324794e-07,2.1979349066746046e-05,2.066944887915409e-05,0.004513076784040717,0
0.6700153167605116,0.3233558820019752,2.8371816433071397e-05,1.806985750372328e-07,2.2022273213762314e-05,1.5696484697092158e-05,0.006562529964594305,0
0.8014312789111632,0.19500944908763224,2.5117191897313493e-05,1.6040315086758866e-07,9.4179183149258e-06,1.2618018253274887e-05,0.0035119584695881057,0
0.816796803012899,0.17241042581983118,3.0199213569044123e-05,1.8724056627417762e-07,1.2409651264116669e-05,1.5464571287971126e-05,0.010734510490582546,0
0.980476222088457,0.0185934792841122,1.55157688054485e-05,7.98478622214461e-08,3.7152605422120463e-06,8.969644269489878e-06,0.0009020181059514388,0
0.9831682620722522,0.01070482345897405,2.1166178091966555e-05,1.2615817347715044e-07,9.050836816503044e-06,1.598416799948295e-05,0.006080587127692364,0
0.05314887988380432,0.0004984381367060147,3.960922072678125e-06,3.077811921114136e-08,1.6853129066356713e-06,2.7482307134309857e-06,0.9463442567356777,6
0.8752245551164055,0.08973552787648116,6.66913047604757e-05,4.3231202212401877e-07,4.005507255206113e-05,3.91719609101505e-05,0.034893566356868744,0
0.5221181644065166,0.47621493512295976,4.183490557398067e-05,3.1391026521171016e-07,3.6598832741093954e-05,2.375584784986965e-05,0.001564396974093386,0
0.46974416864880825,0.5174574022292302,6.175739163577055e-05,4.4370092682464354e-07,3.808678226763433e-05,2.5726662133425777e-05,0.012672414584997942,1
0.681310630507148,0.31660344426342846,2.3692829233048377e-05,2.039578098012424e-07,1.6492434018198304e-05,1.9999683323285738e-05,0.0020255363250392257,0
0.7500828335660682,0.24775966365307664,2.7499079502696258e-05,2.1937662382689376e-07,1.5377539838653098e-05,2.33961172304362e-05,0.0020910106676595387,0
0.705932547234524,0.2925033102301587,2.3115537313291565e-05,2.0569319700686593e-07,1.2637118560587513e-05,2.0620690551507994e-05,0.0015075634956948079,0
0.7211509099178207,0.2763920614837001,1.8850834420091007e-05,2.0230059341601013e-07,1.1922601775940004e-05,1.4937452794252821e-05,0.0024111154088956093,0
0.5086277423713563,0.49033464481406525,2.39128707982701e-05,1.7237140481236978e-07,1.0005139833562022e-05,1.0341386759201267e-05,0.000993181045782683,0
0.579465891745214,0.4195744977848994,2.1233033533065967e-05,3.115957415798532e-07,9.115517883938135e-06,9.268007250556844e-06,0.0009196823154773954,0
0.4254160842364025,0.5741214931834975,2.4400980542503607e-05,2.4652222154339045e-07,6.969857730244244e-06,1.3387495497256172e-05,0.0004174177241083384,1
0.4077521725246955,0.5917166939253946,2.606961695650938e-05,2.633803947226349e-07,8.783694493890282e-06,1.4877599485827235e-05,0.00048113925857875043,1
0.03680738880161578,0.9591664944026499,1.4954939027462658e-05,6.542476789557371e-08,1.749194511780443e-05,5.262999545086354e-06,0.003988341487275841,1
0.03847096001943656,0.9579335628322065,1.2321643600499009e-05,5.4647585584626115e-08,1.4845273501783073e-05,4.774085577838927e-06,0.00356348149809115,1
0.16752008469696228,0.8292888276906341,1.7108646390978885e-05,8.781315156774195e-08,7.592629921167836e-06,8.022003942664738e-06,0.003158276518997186,1
0.20497154037815288,0.7906382186507909,2.0213383851778428e-05,1.0374876534996341e-07,1.1113232660151355e-05,9.477771721266176e-06,0.004349332834057544,1
0.3144367034375097,0.6525688903482655,2.6311688251408464e-05,1.219877805390472e-07,1.945461787614963e-05,1.1964560329679336e-05,0.032936553359987075,1
0.5171730112647502,0.4532170966785335,4.755909224451476e-05,2.5458102533055424e-08,3.252969959244761e-05,1.810762578651422e-05,0.029511670180990195,1
0.46922912603883765,0.5026951008800249,4.244687376959666e-05,2.2721562032309095e-08,2.5007118310330624e-05,1.616120219611447e-05,0.027992135165299335,1
0.6000206374180828,0.36397189918042533,3.613864928462014e-05,2.7520579774179478e-08,2.121970379714225e-05,2.044913318492808e-05,0.035929628394645315,1
0.7379445036367182,0.25850143303249223,3.063298066044923e-05,2.816959917846612e-07,2.2285404146637655e-05,2.2120130444411022e-05,0.0034787431195464078,1
0.7376540974625474,0.2578220482644793,3.1688192132618353e-05,2.9139954774906705e-07,2.3181415231412795e-05,2.2882100546816247e-05,0.004445811165514745,1
0.789517673868218,0.20799000586229244,2.7209469876373667e-05,2.731460264288861e-07,2.483295561937601e-05,1.7524730430172025e-05,0.0024224799675371567,0
0.7376874932805844,0.2542426397626271,3.4794691685531855e-05,2.660038879002605e-07,1.7942359846509028e-05,2.2421172721604286e-05,0.007994442728647,0
0.7514235641171324,0.23824899476290182,2.6919187418218732e-05,2.2475549012495103e-07,1.661656644572841e-05,1.781402793017817e-05,0.010265866582681736,0
0.7540739041267795,0.23444528412477786,2.929471476063398e-05,2.2554822340656683e-07,1.6675174603599823e-05,1.632154539839237e-05,0.011418294765456728,0
0.853323151703817,0.14439243721095793,3.1960179464470735e-05,3.235215850351933e-08,3.054125131317643e-05,2.206266307349623e-05,0.0021998146392152524,0
0.8495854280231109,0.1487268869665278,3.159295155488397e-05,1.4198298397042275e-07,3.0232686038330224e-05,2.180915931425095e-05,0.0016039082304700266,0
0.8230928733853745,0.17685269933441222,1.5212093118743804e-05,1.2642646753367596e-07,8.211532773151796e-06,9.807790781096546e-06,2.1069437072729803e-05,0
0.7901044253328974,0.20983703145200577,1.5328643137120704e-05,1.538787040862757e-07,1.1149192251573628e-05,1.0192503709639734e-05,2.1718997294561676e-05,0
0.6603339851993011,0.3392866833532952,1.838804405612505e-05,2.05967321630326e-07,0.0003017716221937023,1.1613673279918471e-05,4.73521405521702e-05,0
0.02360178876111875,0.00018094201421685536,2.3276408565524496e-06,1.574181122706808e-08,1.1382509401354944e-06,1.0666429219359151e-06,0.9762127209481346,6
0.06461584728687772,0.0008324479704441404,6.814780937619823e-06,4.279206576781202e-08,3.541078901697348e-06,3.3154770548640374e-06,0.9345379906137182,6
0.07145858884464276,0.0009210245660772928,7.539907452275158e-06,4.734535394965541e-08,3.5629303080293315e-06,3.779672768097473e-06,0.9276054567333977,6
0.053465068907714734,0.0007356277912330024,4.2636066751817715e-06,3.363303585258364e-08,2.786924932262492e-06,2.4335705599205536e-06,0.9457897855658489,6
0.052210592193879135,0.0007340879370871382,4.190221271738213e-06,3.314230206586531e-08,2.843425311696715e-06,2.3980627544000894e-06,0.9470458550173939,6
0.06144545745572287,0.0010824743289936135,2.3621280868241997e-06,2.050761864445211e-08,1.5745707689690006e-06,1.3345227652587459e-06,0.9374667764860438,6
0.05502664783788262,0.000661758190873998,1.8940433157534662e-06,1.7890443190805476e-08,1.4134331020261163e-06,1.16421141492004e-06,0.9443071043929676,6
0.9338030630452467,0.04818146260075156,2.1774846157442533e-05,1.2110245574041032e-07,8.421448093122936e-06,7.86614009571257e-06,0.017977290817199624,0
0.7271303671974826,0.030482111376580544,3.55215446865389e-05,2.5618324888430847e-07,1.733023903743973e-05,2.0593662461539212e-05,0.24231381979650257,0
0.928759161820906,0.05620464936689664,1.504787458448898e-05,1.3284458476250268e-07,1.0618836454872047e-05,9.53590735310367e-06,0.01500085334921978,0
0.9352384532121151,0.05705355683362659,1.2663845049853375e-05,1.2681362298939075e-07,7.966684622732376e-06,8.033093997251464e-06,0.0076791995169654985,0
0.5276692897125116,0.03371134402592783,1.9164138422424745e-05,1.5652846690439426e-07,1.0029481359714226e-05,1.0332638651300615e-05,0.43857968347466025,0
0.9173492691166405,0.08155488996020908,1.2597754097457228e-05,1.0214712948054937e-07,4.80139648050652e-06,5.810672751585643e-06,0.001072528952691635,0
0.9322215445243051,0.06712511847113573,1.0442794321336343e-05,9.294281870190972e-08,4.171878591971577e-06,5.365691604875715e-06,0.0006332636972222681,0
0.9335638042944188,0.06573927195636364,1.0464410779759099e-05,9.313520921677956e-08,3.98601162171591e-06,5.161812850936175e-06,0.0006772183787558796,0
0.8862446697762218,0.11270758556264898,1.2026317656222254e-05,1.2754154729672775e-07,5.545055732889816e-06,6.555250643710234e-06,0.0010234904955491164,0
0.8837554612403857,0.11591674297390937,1.1992539159622547e-05,1.271833194630022e-07,5.964180883648086e-06,6.53683881409552e-06,0.000303175043528202,0
0.9307754750104216,0.068585959334282,1.0019873515081411e-05,9.704663526942041e-08,4.942268730594531e-06,5.744070939034518e-06,0.0006177623954765407,0
0.7653467138112541,0.23456675016753803,1.7635995123356906e-05,1.770413761073306e-07,1.2212206595311221e-05,1.047886122668322e-05,4.60319168864721e-05,0
0.7317868111318484,0.26815794331986165,1.7637733283993406e-05,1.7705882487326801e-07,1.221341020058783e-05,1.0479893997670745e-05,1.4737451982724888e-05,0
0.7468835452798659,0.25305871571789795,1.8093457579257756e-05,1.8163367623803679e-07,1.2777331484250735e-05,1.1568340775740066e-05,1.5118238720492072e-05,0
0.8607799452813473,0.13919054486072316,1.1920734643784992e-05,1.1545726454307911e-07,5.756953548186117e-06,6.833773433990402e-06,4.8829390388146405e-06,0
0.8424811868488705,0.15749021145564815,1.1300224883121543e-05,1.096935102089226e-07,5.442865314039977e-06,7.839685770416208e-06,3.909226003501256e-06,0
0.8466507770621339,0.15332110273432914,1.1385156972542758e-05,1.3956005770943976e-07,5.24943143405042e-06,7.39506565615446e-06,3.950989416349604e-06,0
0.4472308573820704,0.5527016557986733,2.9497617778680885e-05,2.1515490633558222e-07,1.5205355105664537e-05,1.3177061047218629e-05,9.391630418393554e-06,1
0.6230252398364405,0.3768856883243547,4.376044880093536e-05,2.182420927931933e-07,1.5223593379008386e-05,1.8326671437050267e-05,1.1542883495086275e-05,0
0.6121821200175752,0.38769962827719395,4.563877157744752e-05,2.2760966339448871e-07,1.5877033253773566e-05,1.8984400590231627e-05,3.7523890145955304e-05,0
0.5207852395212127,0.47914746437068173,2.7015783921744147e-05,2.0985905305094745e-07,1.5036470010263499e-05,1.4949554715604914e-05,1.0084440404840343e-05,1
0.5222264292853367,0.47765990538397296,2.847750146351862e-05,1.8965753795540685e-07,1.5143489698069925e-05,1.62687074196555e-05,5.358597457098159e-05,1
0.4950573922409028,0.5048701874253,2.3478100011125308e-05,1.7417183010046562e-07,1.73990210596766e-05,1.974728157714279e-05,1.1621759319218585e-05,0
0.11608099348662565,0.8837597894192726,1.8381445669326258e-05,1.743224805991472e-08,0.00010763045763177103,1.611477923725022e-05,1.7072979315472715e-05,1
0.09754442073129686,0.8808608292648252,1.9653871455851888e-05,8.973711746280756e-08,0.02155085244575219,1.9192037903571356e-05,4.961911649012407e-06,1
0.39693519076257683,0.4497916047866783,0.002184139684003323,3.356134068158263e-07,0.13633780514985405,0.014734579886208597,1.634411727210546e-05,0
0.8536099952669437,0.14299782581058543,0.0011711607599734666,1.292340784005026e-07,0.001685475930780443,0.0005251331705850058,1.0279827053477754e-05,0
0.8097856248725541,0.18674576388547476,0.001215136402512277,1.6054558003796224e-07,0.0019056188103284929,0.00034306264338302133,4.6328401673801014e-06,0
0.65933772060158,0.3406126066937704,1.9865396077454695e-05,1.737778544043917e-07,1.2761905713258434e-05,1.178426767502528e-05,5.087357329456386e-06,0
0.6732362219505451,0.32671857447263525,1.7770450491315026e-05,1.8480110018696922e-07,1.2171759158980737e-05,1.049158550683766e-05,4.584980562334996e-06,0
0.6168632522416553,0.3830890920959286,1.4457245304316531e-05,2.140233278602408e-07,1.3468267535933066e-05,1.2452222281896467e-05,7.063903966097813e-06,0
0.6292006623535605,0.3707522687287164,1.4525477743396781e-05,1.7567205374988975e-07,1.3350594038541984e-05,1.2014987902405384e-05,7.002185984723611e-06,0
0.8497707673496602,0.15017851408405553,1.5477362373690778e-05,1.3297936745595638e-07,5.840578754463512e-06,9.769235065196589e-06,1.9498410723608565e-05,0
0.8588976237615751,0.14106641880514464,1.3287958633101807e-05,1.394096913918276e-07,7.99003927354203e-06,9.03365747711309e-06,5.506368205465713e-06,0
0.8758884956876504,0.12407603579318834,1.3053626673625629e-05,1.2476702255078815e-07,8.056187811860655e-06,8.655333747147314e-06,5.578603906011757e-06,0
0.8628720702806769,0.1370918577643604,1.315808833966137e-05,1.2245859434567437e-07,7.907132951125938e-06,8.495193542323118e-06,6.389081535125355e-06,0
0.8306351931288586,0.1693233770552026,1.824363808300483e-05,1.629091595265853e-07,7.633207025901233e-06,9.411526759117443e-06,5.97853491118085e-06,0
0.37507700837904945,0.6248401077309796,2.5138716200200056e-05,1.627276133994489e-07,1.338028560482067e-05,1.0667203103031614e-05,3.353495744947905e-05,0
0.6963028308570056,0.3036470202931614,2.237478110852466e-05,1.9845876717532186e-07,7.134404639602048e-06,1.632626001529451e-05,4.1149453023520595e-06,0
0.7327274922902527,0.2672085373073535,2.489224515633255e-05,1.6720365985215805e-07,5.955792862046232e-06,1.4410382092569459e-05,1.8544778622929617e-05,0
0.6719929362122383,0.3279131028199927,2.112367243408387e-05,1.7092721800577311e-07,7.4841339068448646e-06,1.480971586689155e-05,5.037251834307591e-05,0
0.7683937691167085,0.22984355665011963,2.801046051045787e-05,1.917854765541349e-07,1.3882417689143534e-05,1.5836488065941803e-05,0.0017047530814297814,1
0.8230814383150177,0.175581472500136,2.8562702415913003e-05,1.831332047015319e-07,8.083054326266627e-06,1.6562632608354262e-05,0.0012836976622912968,1
0.6849827787359164,0.3124981571842711,2.3170641976609788e-05,2.3082777925748886e-07,1.5047927013354886e-05,3.178087448938614e-05,0.0024488338085538754,1
0.6072469791856726,0.3905546264932303,2.4908916521155776e-05,2.1815663904492742e-07,1.694614021091472e-05,3.363217457038156e-05,0.0021226889331556744,1
0.7305280262218536,0.26798587101704563,2.7694138438224564e-05,2.207806764779041e-07,1.2621533321730355e-05,2.178275613797278e-05,0.0014237835525261506,0
0.7442232264652882,0.25390441778627676,2.2322364373032768e-05,1.425548393024539e-07,8.756734232077548e-06,1.2196379281741191e-05,0.0018289377157090817,0
0.8548970412157576,0.13092953419650677,2.8069738461744487e-05,1.6730592168923718e-07,1.673141640978523e-05,1.8026014416774577e-05,0.01411043011252565,0
0.18777156156675967,0.020680529123779285,1.6648372773412474e-05,2.840023766636302e-08,9.068326220941716e-06,1.002022975150334e-05,0.7915121439804776,6
0.7497322917570982,0.2483596337012889,2.705499674908791e-05,2.2979611974630253e-07,1.3634758667843561e-05,2.450733748608613e-05,0.0018426476525899738,0
0.7318382771953619,0.26644818243271556,1.944473723182635e-05,2.244629641665947e-07,1.2298227945059863e-05,1.4791987707788713e-05,0.0016667809560736609,0
0.7404183513624558,0.258193881797134,1.985743767293622e-05,2.292270277391669e-07,1.3236214945163266e-05,1.563954508943616e-05,0.0013388044156751528,0
0.7387085151019851,0.25968345207405386,2.8433776886600983e-05,2.099284809489387e-07,1.2354991366086235e-05,1.2700436746044861e-05,0.0015543336904811542,0
0.5153938250131792,0.48386750397745704,2.1481265085478894e-05,1.6648559381139383e-07,7.775955235436287e-06,9.157343859453251e-06,0.0007000899595895408,0
0.531332593724746,0.4676653992303296,2.2565811100136323e-05,3.311543135439373e-07,9.68769037775641e-06,9.015593002889529e-06,0.0009604067961299622,0
0.45043790975851694,0.5490191066263265,1.8570240026451284e-05,1.37198145495488e-07,2.0766817904457982e-05,8.79977798561451e-06,0.000494709581094674,0
0.39792342110362505,0.6014426397407561,1.847720520181573e-05,1.2696490867078303e-07,1.4402915102826498e-05,8.510899110554014e-06,0.0005924211712949373,0
0.4044836131993286,0.5953256293929862,1.6425509316445694e-05,1.1885801935305103e-07,1.9700822886811135e-05,6.985536461489597e-06,0.00014752668100103246,0
0.07464139060215,0.9246075290067441,1.2628542440634687e-05,1.0155143878331878e-07,1.836971252783404e-05,5.673551149938351e-06,0.0007143070335486483,1
0.06584199125441269,0.9332277916979841,1.1790508451497862e-05,8.863636819866714e-08,1.0682988653063339e-05,4.185194454455515e-06,0.0009034697196760298,1
0.08001213989229473,0.9164750328228781,1.7660750915955637e-05,7.143893434482507e-08,9.636324154748983e-06,7.2648496561056835e-06,0.003478193921166179,1
0.1630544366176875,0.8339108407664614,2.252742773948979e-05,1.1537425288516691e-07,1.1499138387806346e-05,8.981547175183812e-06,0.0029915991282956616,1
0.40160112343854987,0.5937164140496674,3.113158975238357e-05,1.5944048074838571e-07,1.5927943844634297e-05,1.3385162061418027e-05,0.0046218583756435245,1
0.45414778724298044,0.5392921745670688,3.8666059204175964e-05,1.9802827665385597e-07,2.0115064808172358e-05,1.5138484361727079e-05,0.006485920553300023,1
0.3649497702707769,0.6283502379125989,2.6820243420251218e-05,1.2646525685644294e-07,1.789107269301686e-05,1.1226879560660911e-05,0.006643927155693202,1
0.7786439653732448,0.2187515284112703,2.9184172693655932e-05,2.92969353761953e-07,2.232379569459005e-05,1.72406850801303e-05,0.002535464592662919,0
0.8656335437516741,0.12937231398695712,2.1814170314899657e-05,1.757491055611274e-07,1.2484519125699023e-05,1.2364148987478678e-05,0.004947303673835202,0
0.7133051647973022,0.2853241387467562,2.3316781343551567e-05,2.0533876048446678e-07,1.540308303214229e-05,1.7943680654693196e-05,0.0013138275721508313,0
0.7483584445050887,0.24094322835632917,2.7656655388064888e-05,2.3091280729946748e-07,1.7787581686894254e-05,1.8302054363084535e-05,0.010634349934336746,0
0.7855848483638405,0.2074730387278578,3.494515840178955e-05,2.6905257342789437e-07,1.5976780372915323e-05,1.796039202717516e-05,0.006872961524926525,0
0.8593490243597093,0.13706991617016845,3.390825336261776e-05,2.6106915077512327e-07,1.3444996097053084e-05,1.7432634818899442e-05,0.003516012516692985,0
0.8572854463636559,0.14075598858766125,3.1879286864295546e-05,1.432698134575545e-07,3.0463950081683922e-05,2.20068215165116e-05,0.001874071720407003,0
0.8491009413810175,0.1486420736120626,3.1574935281878617e-05,1.4190201641039967e-07,3.0173110720894608e-05,2.17967223702845e-05,0.00217329833653051,0
0.7551451656802762,0.2411261444653574,2.8819571562071963e-05,2.9165709644915495e-08,2.8176212300807077e-05,1.989464727516156e-05,0.0036517702575185737,0
0.8290399700928273,0.16915843793422936,2.009512189705946e-05,8.842279124771625e-08,8.229140583532366e-08,1.210273949099824e-05,0.001769223397358454,0
0.8419176019886189,0.15482577045195337,1.7330494025143173e-05,8.40339679032527e-08,1.6550331239430015e-05,1.2294676492081579e-05,0.0032103680237031483,0
0.8424782834538428,0.1549288778577451,1.7342035400166242e-05,8.40899309667892e-08,1.260507157375149e-05,1.2302864225909395e-05,0.0025505046272811154,0
0.8550890151835074,0.14485094070585244,1.3886818457146353e-05,1.2151845692407372e-07,7.8927522934157e-06,8.769275505809478e-06,2.937374592677566e-05,0
0.7110991736838175,0.28843951353080965,2.1009153048732628e-05,1.9503524740378582e-07,0.0003999553434038249,1.2625272878776394e-05,2.752798079409348e-05,0
0.6147230341450096,0.3848793805367506,2.3686507718593296e-05,2.569761334133322e-07,0.000337585062338523,1.4489856112008404e-05,2.156691593743846e-05,0
0.043733468333869215,0.0005980753785534794,3.931607268162405e-06,2.7648837620661578e-08,2.028387987886108e-06,1.9960242924217437e-06,0.9556604726191912,6
0.07710688881466024,0.0006516844189913702,3.042151014635871e-06,2.64114690541033e-08,2.077800452563633e-06,1.7184629408566529e-06,0.9222345619404714,6
0.3436519086850796,0.008165078668363863,1.6363110107250648e-05,5.567717206665845e-08,1.0798575772232433e-05,9.694096851085675e-06,0.6481461011866538,6
0.5228225340566236,0.01855230127720186,2.2105824568491485e-05,1.5833028963528012e-07,1.3943572663419379e-05,1.1308440081258738e-05,0.45857764849857174,6
0.1836441326350503,0.009040744564263141,1.4435347029372705e-05,7.404162056918173e-08,5.284648810423998e-06,4.767611622546937e-06,0.8072905611516037,0
0.25336686142974957,0.012473173209336892,2.008257164971973e-05,8.837738801839495e-08,7.0420438229891825e-06,7.0441773540399995e-06,0.7341257081906987,0
0.3443753805758429,0.014040286380099829,2.6925068531407654e-05,1.223607379002726e-07,9.806524761654576e-06,9.574422019723619e-06,0.6415379046680066,0
0.2784968798443089,0.009155952718392419,2.316504861211542e-05,9.151471615647402e-08,7.030753656189869e-06,6.811196336997874e-06,0.7123100689239773,0
0.38350009869561075,0.009974183710667994,1.8734626564438947e-05,1.3511511231466907e-07,9.246619290911742e-06,1.086142450210642e-05,0.6064867398082515,0
0.9403673670965831,0.05239383099148758,1.3125388455215347e-05,1.314354413368515e-07,9.204446110256267e-06,8.104328644153421e-06,0.007208236313278507,0
0.7815244961100808,0.03454745675663403,2.878784586078271e-05,2.4124114859144985e-07,1.7381039605263535e-05,1.5924628059780716e-05,0.1838657123786107,0
0.8249527324768969,0.03711299693902208,3.053068520846784e-05,2.5464658588046356e-07,1.802284698570598e-05,1.6809537636992968e-05,0.13786865286766392,0
0.8021462552892907,0.1974989383561697,1.847439645608429e-05,1.8545778383697975e-07,1.2792765288678684e-05,1.0977018044966815e-05,0.0003123767169660203,0
0.4440984449787781,0.5558362994435312,3.325255855885325e-05,1.9646997281478118e-07,1.3709955864900602e-05,1.2032711081604581e-05,6.063882212561207e-06,1
0.5222117044806364,0.4776464371862228,2.7207297310010973e-05,2.1134673219528302e-07,1.4418269111278802e-05,1.5483631715260638e-05,8.453778827203222e-05,1
0.49815687866445996,0.5016278828976211,3.508765152662987e-05,1.8091617318630545e-07,1.4122392001364047e-05,1.5181531953990664e-05,0.00015066594626383586,1
0.5222005720095769,0.47763625475428384,2.8476091441798157e-05,1.8964814734056273e-07,1.5443076083155073e-05,1.5914273213710787e-05,0.00010315014725313804,1
0.5471980140028441,0.45248552162611544,3.294615448016448e-05,2.669426839177033e-07,2.075927807100866e-05,2.3012754799952073e-05,0.00023947924100564872,1
0.47905528822646315,0.5208693735586032,2.45606244986175e-05,2.373836602927865e-07,1.781528246553686e-05,2.0657786083833316e-05,1.206713822529485e-05,0
0.4817548002201778,0.5181745854136071,2.4409985754836735e-05,1.737420619898914e-07,1.382276378858725e-05,1.9034704241954074e-05,1.3173170367709326e-05,0
0.10103552152754966,0.8939817963125175,2.252238412448226e-05,2.1364715706746813e-08,0.004923606521734618,1.7635361577796478e-05,1.8896527780290944e-05,1
0.08467507665336164,0.909374829184135,1.908935593448458e-05,1.810814789016201e-08,0.005898432524583083,1.673539514788266e-05,1.5818778689809705e-05,1
0.4372051856812189,0.43689476253499315,0.0015804113849763148,3.3772893834230836e-07,0.1198881748965958,0.004419705410269857,1.142236300744882e-05,0
0.49029672126899476,0.39500317196784673,0.0012150835793305502,2.8519713128659943e-07,0.10739733355599886,0.006059308492176517,2.809593852108731e-05,0
0.47315534846320595,0.4034370269480452,0.0013319841273784973,2.7035956179224007e-07,0.11792725465110779,0.004119469365565928,2.864608513490704e-05,1
0.3150728405358269,0.6324892616750333,0.00040064563279513626,1.9898532601248632e-07,0.05024479089886588,0.0017691637005714353,2.3098571581390666e-05,1
0.8542541200416349,0.14280565415133814,0.0010572225609549923,1.2205099565268192e-07,0.0012866040565744008,0.000590636412624761,5.640725877275667e-06,0
0.8187559972970331,0.1786223723678979,0.000589470484325634,1.7850448383859242e-07,0.0018504577906219499,0.0001754866249419318,6.036930695629102e-06,0
0.2125399904580049,0.7821987381766892,1.535486287410891e-05,1.4827953394286642e-07,0.005229535389242938,1.0943170579022514e-05,5.2896630758558086e-06,1
0.24854619351336166,0.7513779926204467,2.284276485538912e-05,2.0675806781742172e-07,2.314784226397339e-05,1.565488923194338e-05,1.3961611772600336e-05,0
0.25979055824606245,0.7401364810285553,2.7907455145213723e-05,2.127634113901516e-07,1.7495136352742446e-05,1.927237613731836e-05,8.072994335689476e-06,0
0.20699874569690313,0.792940857915766,2.3735282979711897e-05,1.7313153043065485e-07,1.4236281097641251e-05,1.5682470749496577e-05,6.5692209734921705e-06,0
0.8133785176329043,0.18657855248680835,1.8762331279510972e-05,1.1536000674260107e-07,8.964250154837236e-06,7.822083071072122e-06,7.265855774998577e-06,0
0.6400250758608861,0.35993140691229486,1.393796239634032e-05,1.7114862530939266e-07,9.772325633179088e-06,1.1529014916727175e-05,8.106775247445307e-06,0
0.937416414571638,0.06256204163399323,8.535359783899442e-06,6.733033403329876e-08,3.2980861715895037e-06,5.3034318234503605e-06,4.339586255738792e-06,0
0.9258045289030423,0.07416485934125651,9.393437073621756e-06,7.444823046266673e-08,3.965680998879137e-06,5.3311447892969675e-06,1.1847044608735399e-05,0
0.8900646603530955,0.10990980959202662,1.0142541522904056e-05,1.0415472743057736e-07,5.7021069600410996e-06,6.749158705081732e-06,2.8320929623065747e-06,0
0.885215286499004,0.11475709456154101,1.1043752785500479e-05,1.1340935194467242e-07,6.029187561909194e-06,7.34885236414489e-06,3.0837373917217343e-06,0
0.8738615750561349,0.12610199560340263,1.3280212082621049e-05,1.463849141624681e-07,8.513972967830423e-06,8.985612368545018e-06,5.5031581293022435e-06,0
0.8656212922890052,0.1343438360747428,1.3265979318865091e-05,1.5060365035734797e-07,7.056624964334672e-06,8.871488126766233e-06,5.5269401918787986e-06,0
0.8611310394235081,0.13883138893077063,1.6152344039323005e-05,1.1279365286703815e-07,6.7582017054257845e-06,8.44892091608646e-06,6.099385407375037e-06,0
0.8567995691800184,0.1431624738897133,1.7024440079733903e-05,2.112816737773992e-07,6.23711675447669e-06,8.905094364269954e-06,5.578997396073737e-06,0
0.5196562810791865,0.4802663976230241,2.4721438250368896e-05,2.72209700069311e-07,1.1665203642440478e-05,1.2057175777348413e-05,2.8605270419244764e-05,0
0.700793239357429,0.299152935782086,2.0032388542840192e-05,2.1002777493104991e-07,9.692390242639711e-06,2.0543547920318156e-05,3.346506004214708e-06,0
0.7065433608242605,0.29338983651507405,2.5994405511262074e-05,1.7443125556988065e-07,6.219499037744478e-06,1.504843429485447e-05,1.9365890566057732e-05,0
0.6530554630983253,0.34683341743840057,2.067948227789246e-05,1.6433195028626407e-07,7.179890263850058e-06,1.4003288939518402e-05,6.909246984274122e-05,0
0.7635364988119604,0.2362244153670521,2.003479517612023e-05,2.2329442414534592e-07,6.167839420124296e-06,1.4902758547236048e-05,0.0001977571334198035,0
0.7611539728602651,0.23681199723858803,2.133461323302667e-05,1.97725538948782e-07,1.0504252841096075e-05,1.4443418628058846e-05,0.0019875498909057467,1
0.661762528862551,0.3360549040574137,2.372133880911405e-05,2.1154961814288546e-07,1.652633130046452e-05,2.8782667599148038e-05,0.0021133251927082817,1
0.682131342778182,0.3157690582057912,2.8919959399698797e-05,3.231760077522429e-07,1.8853797808552895e-05,2.446343188820097e-05,0.0020270386509225564,0
0.7319364571039669,0.26581937090514407,2.8690129581817358e-05,2.293610930420255e-07,1.968866388448641e-05,2.04132572770197e-05,0.0021751505790525427,0
0.7940612893607649,0.20449220230098886,2.321459306378711e-05,1.771368916496191e-07,9.681336565944435e-06,1.821012408172212e-05,0.0013952251476430481,0
0.6596131112357106,0.335031066485864,3.8377919471860936e-05,2.831589129886128e-07,2.229394042993433e-05,3.775246422619583e-05,0.005257114795384334,0
0.6846840785985362,0.3129099768508096,2.9837949816012028e-05,2.060013005845266e-07,1.309406248032716e-05,2.228210302150701e-05,0.002340524434035887,0
0.7681000575925211,0.22811295610797716,2.7297469064919478e-05,1.9207555680028582e-07,1.1584907875529606e-05,1.9745856946150103e-05,0.003728165990058344,0
0.653143780280084,0.32699866744439315,3.0820026103199924e-05,3.379762896268942e-08,1.7442546088666234e-05,2.2222237679883575e-05,0.01978703366802217,0
0.7382196931706992,0.25702101671336003,2.685114632046765e-05,1.7429266618581655e-07,1.1198608889940275e-05,1.663561281025423e-05,0.004704430455254009,0
0.8141532313265554,0.18091144757896357,2.571472206256461e-05,1.6421907688975356e-07,9.641967655713815e-06,1.4049304019926205e-05,0.0048857508816658995,0
0.8540603685995035,0.12367800788633361,3.2780523085019325e-05,1.948563670429768e-07,1.649430637851589e-05,2.0994377521444166e-05,0.022191159450810793,0
0.9642410454292989,0.007999241903517798,1.7376344804432162e-05,1.2702072117368332e-07,8.209309907195945e-06,1.491637755587176e-05,0.02771908361419437,0
0.9624167036265464,0.018210771165272664,4.1181310286238175e-05,2.567965927601148e-07,1.7806454884918766e-05,3.0274100391645973e-05,0.01928300654602514,0
0.06977636278242368,0.00506582076790332,6.076476389724415e-06,3.964112262898716e-08,6.2756377908494535e-06,4.228452362236129e-06,0.9251411962420075,6
0.406537658196387,0.06378933798459271,3.932566159151961e-05,5.846069511349606e-08,1.8666768236946423e-05,2.0626221630659875e-05,0.529594326706866,6
0.3895244938530166,0.03806528344980374,3.1551249676580114e-05,5.918782530420924e-08,1.771508586348335e-05,2.2914237458888396e-05,0.5723379829363555,0
0.7898716509392811,0.0745837473528668,7.176220920238386e-05,1.203942875365177e-07,3.842500521635134e-05,4.523606791142877e-05,0.1353890580312343,0
0.8385690056431193,0.12955171854615938,9.377721135314413e-05,5.737673279415849e-07,5.573364737519896e-05,5.015149227461775e-05,0.0316790396923905,0
0.42612314158097614,0.5728227504025705,3.402523293470263e-05,2.561956995665517e-07,2.5580098497500157e-05,2.0818539592579812e-05,0.0009734279497290963,0
0.7366311217710096,0.261375782098294,2.302108554406354e-05,2.0485271962093487e-07,1.238780693339058e-05,1.6527579209763945e-05,0.0019409548062896014,0
0.20131620569233294,0.7981882725583604,2.446043114436855e-05,2.465847898901607e-07,8.391562735311176e-06,1.2305840479771726e-05,0.0004501173301570592,1
0.04304583348578498,0.9558126661859634,9.081400154099255e-06,6.071347666641309e-51,9.900553192161141e-06,3.0284859941477256e-06,0.0011194898889112178,1
0.2832706220010186,0.7103161520836573,2.8643792795071477e-05,1.4669922512883157e-07,2.1579878768310847e-05,1.1298819051973763e-05,0.006351556725483599,1
0.3766077744415226,0.6147047336695867,3.240554672285911e-05,1.6596505316633705e-07,2.311088012504164e-05,1.2968223685393501e-05,0.008618841273304173,1
0.4899699836290761,0.4999905667916593,2.836130078268306e-05,9.365996345457888e-08,1.6691835506335378e-05,1.5606434647030945e-05,0.009978696348365065,1
0.6891923134058499,0.2896530225366328,3.6793534652747454e-05,2.720305771352765e-07,2.0338201532846933e-05,1.9597692281513604e-05,0.021077662598473244,1
0.6764436105054461,0.3042338552052956,3.7509241282422085e-05,2.7732210700234233e-07,1.9635743829833815e-05,1.9978905949202234e-05,0.019245133076089854,1
0.7905992880924104,0.20721053408588558,2.710749856418633e-05,2.721223733088415e-07,2.5196933764514577e-05,1.6013880227511604e-05,0.0021215873867744847,0
0.7834021854202833,0.21410607950348595,2.9888104587521256e-05,3.014491705841929e-07,2.296994415973308e-05,1.7696681780908603e-05,0.0024208788965320387,0
0.7837639533794105,0.21224320761376647,2.962805727825191e-05,3.2143630839836097e-07,2.1952965035529324e-05,1.802856912931764e-05,0.003922907979071414,0
0.8528054320942471,0.14089782747453491,2.112256421655018e-05,2.20914665321509e-07,1.4152924816936828e-05,1.5085814695030646e-05,0.006246158212824151,0
0.7157219240661618,0.2829141411539687,2.491432475166486e-05,2.040648272353443e-07,1.5307521436429213e-05,1.7832357048065215e-05,0.001305676511806315,0
0.6353144327151794,0.35815519531088796,3.6469142958170325e-05,2.1511402659523471e-07,1.7987076380512554e-05,1.8797899570753774e-05,0.006456902740996506,0
0.7787695231614137,0.20945482098510257,3.0522239734002225e-05,2.3499928238401937e-07,1.2203560602341375e-05,1.7005460730703887e-05,0.0117156895931345,0
0.851158740339789,0.14507152314867663,3.2152943557428e-05,2.475545283825306e-07,1.2748996417343442e-05,1.6530209250095556e-05,0.0037080568077811366,0
0.7964766026282522,0.20064965870967963,3.0091817995093343e-05,3.0453236421028795e-08,2.937883715785231e-05,2.077290092919413e-05,0.002793464652749661,0
0.7622156387996044,0.23399565562880337,2.6212029861416266e-05,2.8773515890969083e-08,2.7201033952371228e-05,1.9622195733038413e-05,0.0037156415385294944,0
0.826153101147727,0.17167034690911603,1.7320452824564358e-05,8.396419815609723e-08,1.9597715130674505e-05,1.0838373168315735e-05,0.0021287114378350266,0
0.8220488935201606,0.1778921833967652,1.4592588029766537e-05,1.2403504997651176e-07,9.623944618152215e-06,9.871620055772585e-06,2.471089532038437e-05,0
0.7908728724320809,0.20907468558138909,1.3689711236037508e-05,1.37498025450193e-07,9.957125433332994e-06,9.260840347150215e-06,1.9396811488083112e-05,0
0.6360079506198315,0.3634907507856226,1.971897569513267e-05,2.0533883821594113e-07,0.0004394190277331078,1.297298538190261e-05,2.8982266897568866e-05,0
0.6663792936939127,0.3329907038407837,2.5823376735265424e-05,2.631341176181147e-07,0.000561404788039416,1.523709052553243e-05,2.7274075886006395e-05,0
0.02691129994841038,0.00017385581131186583,2.4996458325255365e-06,2.0019500076217718e-08,1.5972723081800265e-06,1.4485420294305082e-06,0.9729092787606075,6
0.023753538529748076,0.00025150751453265524,1.9035873619642867e-06,2.070725314654339e-08,1.3168794895366772e-06,1.137159427257666e-06,0.9759905756221873,6
0.05691477435657611,0.0007391039734302072,4.597043560767008e-06,3.4256162242521935e-08,2.9607563412514748e-06,2.40559504078655e-06,0.9423361240188886,6
0.047041713311476746,0.0005576588202230371,3.280763233069076e-06,2.6007356324647622e-08,2.247812951498858e-06,1.8263332289126596e-06,0.9523932469515304,6
0.06568481749908854,0.0006701347108576242,3.410070220570643e-06,2.715922256556352e-08,2.1366265095821017e-06,1.7671155430919788e-06,0.9336377068185582,6
0.9407812212436178,0.01873788530583694,1.8357962916950678e-05,1.0303999706578626e-07,8.088752232235007e-06,6.611507725984878e-06,0.04044773218767295,0
0.12138153747730361,0.0032851180139898415,8.620885907114026e-06,3.6971684392552007e-08,3.2415461486664132e-06,2.751703899475813e-06,0.8753186934010669,6
0.7101571693697092,0.036377969009339074,2.316540415855945e-05,2.1032037944947215e-07,1.4728771622335158e-05,1.296838553045334e-05,0.25341378873926074,0
0.6479448273060431,0.030647543625719868,1.9959801587808344e-05,1.8273578424991174e-07,1.1479826284345692e-05,1.157552080712821e-05,0.3213644311837735,0
0.787330203920682,0.025657928005940807,2.3739306546415375e-05,2.639496408557612e-07,1.833503825986294e-05,1.710853135614263e-05,0.186952421247574,0
0.9136057840786981,0.05664587471536158,4.375539773397028e-05,3.547845308956243e-07,2.724032573966565e-05,1.8686278245961198e-05,0.02965830441969,0
0.9352185363287836,0.06394309013924532,1.0170783304558737e-05,9.052186987927238e-08,3.8038927497006284e-06,4.6525509402470495e-06,0.000819655783106718,0
0.9156008954166535,0.08276551896981478,9.908602584698623e-06,1.329623024708046e-07,4.575863144755382e-06,7.019276162875691e-06,0.0016119489093370317,0
0.9110859543772132,0.08667196645141408,1.0376278448934803e-05,1.2046204358397245e-07,4.791839185025147e-06,7.003946886827576e-06,0.0022197866448084975,0
0.8177662740055701,0.1815601985869923,2.3639507110641367e-05,2.3730846147854638e-07,1.5035436288795516e-05,1.5032406554102964e-05,0.0006195827490224712,0
0.7571028870182073,0.24284103876447255,1.7571725982584136e-05,1.763962014492486e-07,1.2409033111840803e-05,1.1234763355429279e-05,1.4682298669123576e-05,0
0.6937537891921222,0.30618454113742144,2.2339320482377053e-05,2.242563581946547e-07,1.5021422686650242e-05,1.4600381391634265e-05,9.484289537472146e-06,0
0.6108893856652434,0.38905077112599856,2.3073105682386346e-05,2.321434671600437e-07,1.593074425761221e-05,1.336877556919692e-05,7.23843978165068e-06,0
0.5410124429388704,0.4588279142261892,4.955342292341486e-05,1.9725200852312038e-07,1.4719601378939296e-05,1.8281143218859064e-05,7.689141541070561e-05,1
0.5714441414302082,0.4277891621784219,3.440598554556659e-05,2.7877080859002274e-07,2.1429709910022536e-05,2.4032440857020665e-05,0.0006865494842488574,1
0.4765932025795658,0.5233335707739403,2.4720761946637986e-05,2.3893142279219646e-07,1.793143968580444e-05,1.8189696403052255e-05,1.214581703577941e-05,0
0.3422814500360226,0.657577545132251,2.6333133884092425e-05,1.1087364490122598e-07,5.0176552956796544e-05,2.0619235288580693e-05,4.3765035951937735e-05,0
0.10877088729887231,0.8853642909570698,2.4246717077993062e-05,2.3000416578018514e-08,0.0057989519765290175,2.1256787957214282e-05,2.0343262077086315e-05,1
0.12586902354452587,0.8684722888995354,2.254604238641596e-05,9.492838598255701e-08,0.00560733880633765,1.846488648340673e-05,1.0242892345162356e-05,1
0.3285202598553526,0.4855192963885259,0.0013906755367888058,3.075371027558364e-07,0.17845775289933566,0.0061027192052671535,8.988577627111182e-06,4
0.3684011882345225,0.48272583666347024,0.0018707187135198926,3.2310891632976557e-07,0.1403542742713588,0.0066382141970023085,9.444811209891349e-06,4
0.8410965091707986,0.15728380848869156,0.00026984067353811035,1.3430994873076578e-07,0.001171965845928616,0.00017319921705886323,4.542294035338023e-06,0
0.6600163286091986,0.3392504063711909,3.591940355109131e-05,3.3212920528260606e-07,0.0006502816539646957,2.4728340897768203e-05,2.2003491991562944e-05,0
0.6537527943764855,0.34603136939445506,3.412903533944755e-05,3.0125301541820707e-07,0.000147812954325189,2.237846983069965e-05,1.1214516548562041e-05,0
0.6678960751859576,0.3320119864560815,3.133050169156578e-05,2.8904781739850595e-07,2.803788536789787e-05,2.152076014605284e-05,1.0760162938257423e-05,0
0.8194377925631013,0.18052558319874182,1.2260059850513142e-05,1.268007480114785e-07,8.595748039950613e-06,8.216957414878228e-06,7.424672103543095e-06,0
0.8318484890482567,0.16810637185472344,1.7995817789866126e-05,1.5461758979145648e-07,7.125287034210879e-06,1.1683994594400868e-05,8.179380011498818e-06,0
0.8391829273945605,0.16077550279873506,1.4967816406789443e-05,1.4103684610901538e-07,6.92622903689006e-06,1.044459338046647e-05,9.090131034026045e-06,0
0.9138634707818791,0.08611507355594222,9.304503203661715e-06,7.339764515822562e-08,3.801631398652636e-06,5.781337827700955e-06,2.4947921036399576e-06,0
0.8874214815876794,0.11254475024687069,1.4423783779588795e-05,1.1431653510321247e-07,5.821512076332654e-06,8.204725936718298e-06,5.203827122267994e-06,0
0.8839935780231584,0.11597287243904485,1.2974576783427865e-05,1.5370377986377313e-07,7.20188340405909e-06,8.643442432305847e-06,4.5759313971218524e-06,0
0.9063359613855609,0.09363888784761283,9.189967601152171e-06,8.38609239959677e-08,5.0246536499373625e-06,6.316922809675596e-06,4.535361841310448e-06,0
0.7245484362786758,0.2753967131312488,1.9827847799587568e-05,2.0788328591536305e-07,9.614091724511671e-06,2.1888430767379298e-05,3.3123364979704763e-06,0
0.6574885084659042,0.34239858391820466,2.1500052213052256e-05,1.6902822060947607e-07,6.0204374811016074e-06,1.709896442923242e-05,6.811913354711455e-05,0
0.759683241061779,0.24009188092769024,2.173323366305925e-05,2.115992987597593e-07,6.422312094732068e-06,1.3272867650441267e-05,0.00018323799782388715,0
0.7264800190271926,0.2732693952958568,2.0953962180896922e-05,1.8835437651622882e-07,7.2559342906272465e-06,1.5180283715662207e-05,0.0002070071423867807,0
0.8111427208769417,0.1870550084598327,2.2444256806562883e-05,1.7603698420391037e-07,9.621221622783088e-06,1.5993513580742046e-05,0.0017540356342310422,0
0.6722311329467248,0.321475381975357,3.27489420963973e-05,3.3355133704813296e-07,1.6483242663731463e-05,3.394817680723953e-05,0.006209971165013803,0
0.7591328497467911,0.2358534454491057,3.108122558461566e-05,2.1458488045167063e-07,1.2942542575050024e-05,2.0283007120167264e-05,0.004949183443942913,0
0.7228301639057104,0.27152530879934855,2.5897917572472996e-05,1.792833886664771e-07,1.1310590933680627e-05,1.7112657400925135e-05,0.005590026845645338,0
0.856293891873402,0.13445977579329013,2.8826580368626673e-05,1.7181697664532582e-07,1.4544055689970119e-05,1.8512048269326177e-05,0.009184277832003271,0
0.9552230021422997,0.0436563389667808,1.881964140769328e-05,1.066718830020954e-07,4.70936165384101e-06,1.119374254792231e-05,0.0010858294734271859,0
0.9861941558612359,0.010273539159789059,1.8998041351421416e-05,1.1509495451504606e-07,7.41466434503027e-06,1.4033805398770067e-05,0.003491743372925267,0
0.8880536618559738,0.011072925891150102,2.450101494316791e-05,1.9775678829125658e-07,1.1915225592579536e-05,1.9397401794559145e-05,0.1008174008537575,0
0.23928513187906722,0.0012894717683874983,1.1843341192799777e-05,7.487523011690301e-08,5.48049793213669e-06,6.434770258338206e-06,0.7594015628679318,6
0.1007795213546402,0.008593627270712945,6.836961271204892e-06,2.6766766719097174e-09,3.3446468887138992e-06,3.2870998054471625e-06,0.8906133799900048,6
0.20043156690157682,0.016276632853738853,1.5638376223267114e-05,1.0110028646707896e-07,8.78048192703667e-06,1.0664475159558108e-05,0.7832566158110879,6
0.23158010157559583,0.03933294530284569,2.2247473870808277e-05,1.0883431949536214e-07,1.0083843929530364e-05,1.1142346502583537e-05,0.7290433706229361,6
0.7402800458208854,0.25788543416281184,2.4721360967566868e-05,2.248192418442204e-07,1.3756057836208955e-05,2.3497054296720934e-05,0.0017723207239603853,0
0.7461398477344687,0.2533664405906711,2.7594549756614717e-05,2.0373241078661797e-07,1.2463021545552286e-05,1.2325581477169976e-05,0.00044112478967007655,0
0.7578608594534303,0.24097247761879584,2.19690691970008e-05,1.8900490687173682e-07,1.439324892550981e-05,1.3611028297152054e-05,0.001116500576447115,0
0.45185620061664444,0.5471614268899957,1.9549884306482626e-05,1.4504773568037006e-07,9.627481379354636e-06,7.478134432382262e-06,0.0009455719455059352,0
0.0730866070130234,0.9266549245551554,1.781507175282334e-05,1.5112179545584337e-07,1.2467498767299722e-05,7.825172515894676e-06,0.00022020956698972028,1
0.08477355407888726,0.9148263055787631,1.6413033004602086e-05,1.370370311444085e-07,1.1511349669842291e-05,8.525520926486213e-06,0.0003635534017174459,1
0.06350666736529025,0.9360831494740255,1.1331605672278428e-05,9.237811542810436e-08,1.621650838220658e-05,4.9705505065656504e-06,0.00037757211800788467,1
0.061207610725797605,0.9383316348407845,1.0806378983161749e-05,8.809633461818426e-08,1.5341082246130697e-05,4.740162522624644e-06,0.0004297787133311718,1
0.04100212496703499,0.9581205308098003,7.463952637969095e-06,1.0624560088291884e-07,7.691436959090687e-06,2.6091492305625207e-06,0.0008594734387362778,1
0.06060291238555438,0.9384423178540483,1.030838700858693e-05,1.3204118886835394e-07,5.024293509854836e-06,3.4705553122293024e-06,0.000935834483377825,1
0.0804018317897944,0.9138605777440489,1.5233246744128421e-05,9.311458069889076e-08,9.28055803269055e-06,8.243448462258208e-06,0.005704740098336949,1
0.13439758232548576,0.8560049937496764,2.24537685651845e-05,1.3725066495512302e-07,1.6128898248021332e-05,1.242698546165941e-05,0.009546277021898041,1
0.20198407418630265,0.7817312325587603,2.0755197494044935e-05,1.2507764214224312e-07,2.0160585724971956e-05,1.1330749186743957e-05,0.01623232164488922,1
0.21897595589013158,0.7633127232849538,2.3859797299029756e-05,1.4515376984402806e-07,1.545886447511571e-05,1.533264030783473e-05,0.01765652436906286,1
0.38941324341377853,0.6023366292061135,2.899808862557059e-05,1.9088375565585204e-07,2.134372214691444e-05,1.3684735901126555e-05,0.00818590994967863,1
0.39709823488231916,0.5973941291355227,2.074461492452219e-05,7.590711147544811e-08,1.5223647059977667e-05,1.2648300626990673e-05,0.005458943512435195,1
0.6821097355262706,0.2998828472727059,3.697280194941256e-05,2.733559780958947e-07,2.1252232673288492e-05,1.884507339896354e-05,0.017930073737023617,1
0.7638975312258274,0.231124208048376,2.891435954063124e-05,2.9026079711010373e-07,2.3090825346799874e-05,1.9142218650348136e-05,0.0049068230614618905,1
0.7765563943185199,0.22142749280209265,2.8967375957422277e-05,2.907930097422412e-07,2.1978118633593833e-05,2.0985470553406922e-05,0.0019438911212334021,1
0.7789598613128805,0.21854980591876738,2.8590913952717505e-05,2.870138438432448e-07,2.095122604712187e-05,2.0712741938781257e-05,0.002419790872569362,1
0.7855029613714585,0.21222291908429183,2.856905984594209e-05,2.8743944128867923e-07,2.1369919027551812e-05,1.761630663173316e-05,0.002206276819303192,0
0.845034257142491,0.14751680337151518,2.093008521046152e-05,2.1890158420240052e-07,1.4052903510448728e-05,1.4438320444215802e-05,0.007399299275244623,0
0.8727944795881126,0.12306970092785713,2.2389598338062604e-05,1.8038512696032865e-07,1.2813843691196439e-05,1.3789400332969357e-05,0.00408664625654106,0
0.8413876238001459,0.1570737768381819,2.5373675608464517e-05,2.2859031165669215e-07,1.566201993440529e-05,1.4696711710465506e-05,0.0014826383641070406,0
0.8397739523515626,0.15846476469450296,2.5745217100367724e-05,2.319375123830707e-07,1.589135565787081e-05,1.491191262495801e-05,0.0017045025310388653,0
0.8151024716963724,0.18210322123424083,2.8983232667232266e-05,2.5524024877337025e-07,1.748795841511797e-05,1.8050599807519203e-05,0.0027295300382482175,0
0.7827432007844136,0.20621359996570085,3.0049921529437712e-05,2.3136277208540194e-07,1.1759935696559374e-05,1.8337718387397252e-05,0.010982820311500162,0
0.7611588842314876,0.2300438264733364,3.229628333646061e-05,2.486581415348846e-07,1.3659199659752286e-05,1.7993868825230265e-05,0.008733091285213103,0
0.8342296407024876,0.16058769235762646,3.0473943685830818e-05,2.346274375665625e-07,1.3400328432011287e-05,1.7018031249285042e-05,0.005121540009081016,0
0.7474898441231206,0.2511145988825075,2.3749503647360856e-05,1.018019030877173e-07,1.0141600129999005e-07,1.5262661627527702e-05,0.0013563416111925272,0
0.660237819478554,0.33943933839929735,1.974117313995655e-05,2.141729968308913e-07,0.00028145089786185207,1.2579329837031219e-05,8.85654831303457e-06,0
0.026542022828574423,0.00027509572080944376,2.476267651761618e-06,2.3106493986421493e-08,1.521449520912791e-06,1.2689161271937202e-06,0.9731775917108222,6
0.05396053061164666,0.0007203888488996382,1.9247800223017224e-06,1.9101563128750197e-08,1.3891176173612865e-06,1.1829323467408156e-06,0.9453145646079042,6
0.15921471777614754,0.002946556688666034,5.2990648856954515e-06,2.1093222873209598e-08,3.868623901940227e-06,3.2840215712967044e-06,0.8378262527316046,6
0.2916860208208711,0.00541734945829966,1.2975702411674713e-05,5.790507180772966e-08,9.888692786886597e-06,9.654645276098279e-06,0.7028640527752829,0
0.2195552343248139,0.0029035828161027228,8.950645621199088e-06,6.455252706732193e-08,4.677782698510424e-06,5.112465345279969e-06,0.7775223774128913,0
0.9432862288370567,0.0554485799677245,1.0694861867232601e-05,7.780488529157917e-08,4.122274040105147e-06,4.900361114570837e-06,0.0012453958933116866,0
0.9366377581232959,0.061390062800673925,1.01862177690955e-05,9.065923949463198e-08,3.8096652694750485e-06,4.659611323930629e-06,0.0019534329224283223,0
0.904912950513532,0.09296675804666352,9.975260028537942e-06,1.4301992834065838e-07,5.500486603020313e-06,6.887568932887005e-06,0.002097785104311655,0
0.7804052456753656,0.2195379281085245,1.780742116694273e-05,1.7876226015412163e-07,1.2575336810722732e-05,1.1385458831952621e-05,1.4879237040178126e-05,0
0.8327345074033915,0.16722744408828638,1.7776971237060717e-05,1.2717174920240542e-07,5.965152262106628e-06,8.464268918729435e-06,5.714944155254273e-06,0
0.4908275128245724,0.5091116038618552,2.860212519674831e-05,1.921692503413534e-07,1.340984529607863e-05,1.3033750413750565e-05,5.645423415727253e-06,1
0.5649991605175517,0.43457291781982843,3.109420025808237e-05,2.228654822904126e-07,1.4220452620790861e-05,1.596524722937251e-05,0.0003664188970293308,1
0.5532651932477682,0.4463088078006337,3.031997924765358e-05,1.9574512715717238e-07,1.517663790750086e-05,1.6425899633165153e-05,0.0003638806896823852,1
0.5828414869940693,0.4165439200978064,3.21791370425748e-05,2.0964649818083807e-07,1.4713578952941772e-05,1.5156675269572218e-05,0.0005523338703609841,1
0.6101174267173118,0.38924940720631723,3.0138478235370093e-05,2.4419378820641086e-07,1.9583980825598897e-05,2.1051604371364002e-05,0.0005621478191503675,1
0.69273343096787,0.30710000728961206,2.1637199146422914e-05,1.7531308596532562e-07,1.410906035622539e-05,1.4736945447801175e-05,0.00011590322448155631,0
0.5327478203851614,0.4671859953135602,2.2907022721697024e-05,2.2140124736618792e-07,1.661582669668985e-05,1.5185360833518382e-05,1.125468977909122e-05,0
0.4662532511769718,0.5336700215845683,2.593843878151961e-05,2.5070052842443333e-07,1.8708341639184517e-05,1.908567088763074e-05,1.2744086622983236e-05,0
0.5524144572476765,0.44751513221636063,2.3803011985148282e-05,2.3006117419146347e-07,1.7168145084238137e-05,1.7514410050251107e-05,1.1694907668952088e-05,0
0.2309197698551008,0.7631597451874418,2.312271862642612e-05,8.790102181873042e-08,0.005859079010942882,2.0124681993404772e-05,1.8070644873052552e-05,1
0.11911343054248699,0.6506496689931628,0.00030771349890319066,1.8352023073535264e-07,0.2270012472407589,0.002917271763181247,1.0484441276099977e-05,1
0.4312664886394437,0.4184127450758494,0.001662444103505098,2.616369595938525e-07,0.14507066834756874,0.0035616172672467386,2.577492942664281e-05,0
0.3931979333902328,0.6008252856683526,0.00042358405921147894,1.8900972983245963e-07,0.004767427196222207,0.0007767596920902678,8.820984160751495e-06,0
0.41685556975532556,0.5796979063273279,0.0003451769430992753,1.8780254464449018e-07,0.0028001185238181797,0.0002919679651149553,9.072682769608487e-06,0
0.8386850145547698,0.15984779478463432,0.00026681594976139486,1.3497257286672745e-07,0.0009414591370263221,0.0002539657273493888,4.814873885887952e-06,0
0.8576122832346005,0.1411326930737609,0.00022848308898738756,1.1897869460784828e-07,0.0008241518551072803,0.00019824597001718588,4.023798832154109e-06,0
0.8901097361029165,0.10860363309053249,1.285486529654582e-05,1.3085341831005585e-07,0.0012609466480173763,8.273043881171436e-06,4.425395937607169e-06,0
0.9209607081662776,0.07842357978928396,1.2979227525308009e-05,1.3211933766173994e-07,0.0005885841589838192,9.548329906354468e-06,4.468208685096934e-06,0
0.8453686394265358,0.1539656492142323,2.131508878515738e-05,2.1697249755465276e-07,0.0006218232442660882,1.5018154362808835e-05,7.337899320105518e-06,0
0.32073078372800323,0.6791928136466865,2.6805489192329198e-05,2.0436214247646776e-07,1.6230088215119704e-05,1.8511378682552176e-05,1.4651307077683584e-05,0
0.671832958869753,0.32811059872536646,2.0968382978291417e-05,1.8237669863788842e-07,1.456209549823351e-05,1.453055045035175e-05,6.198999254933683e-06,0
0.7745932635932098,0.22536930496494564,1.1141692688134777e-05,1.755871809035756e-07,1.2182431626317215e-05,9.199790533357062e-06,4.731939815690318e-06,0
0.72627427201529,0.27368138895483946,1.3238235500336469e-05,1.929426103560388e-07,1.2359975100148886e-05,1.103940759895673e-05,7.508469060737148e-06,0
0.6765291410502352,0.3234240069929075,1.34506871882338e-05,1.1372955445831756e-07,1.210237774486687e-05,1.1524088426760682e-05,9.661073943087812e-06,0
0.8381396358353495,0.16182534265399812,1.2387845785891937e-05,1.3595264414652866e-07,6.588067317467985e-06,9.091333754749735e-06,6.818311150014659e-06,0
0.8954419203147859,0.104525335996755,1.2406395894102057e-05,1.492746660957454e-07,7.120106186529672e-06,8.623839927116938e-06,4.4440717852729724e-06,0
0.88106845778026,0.11890212360381494,1.106242362037674e-05,9.644996311880493e-08,5.778944902211304e-06,7.26520699970876e-06,5.215590440023906e-06,0
0.8929117171227072,0.10706105731709661,1.0416354937118228e-05,1.16534241797618e-07,5.5029572617640664e-06,6.879648275653092e-06,4.310065480021259e-06,0
0.9122497352679908,0.08772019876357846,1.3123892705192247e-05,1.734058226341198e-07,5.119006974616156e-06,7.308703998140504e-06,4.340958929932688e-06,0
0.8996941358150468,0.10027293344383803,1.7149328116866625e-05,1.814869655594446e-07,5.357565440354019e-06,7.649307795121915e-06,2.593052797369382e-06,0
0.8785148874045817,0.12143671545918862,2.03750593808242e-05,2.0838229328080328e-07,6.151525920451142e-06,8.782891352250497e-06,1.2879277282732736e-05,0
0.6816474873561564,0.3179416586190992,2.9797082172944223e-05,1.7176337210295212e-07,1.5146138493521203e-05,1.182977488024706e-05,0.000353909265825687,0
0.7047468696840613,0.295198676648921,2.045721274214958e-05,2.1448180601810698e-07,9.919257083210314e-06,2.0445240474129614e-05,3.417474911925551e-06,0
0.7079069052354693,0.2920306933190498,2.168554424383618e-05,2.0932587274076358e-07,9.235327721186326e-06,2.0141035388162513e-05,1.1130212255101987e-05,0
0.8183306099106817,0.18095234630925455,1.9107173537116303e-05,2.0535628785972704e-07,8.692186952119087e-06,1.2719870669647573e-05,0.0006763191926170406,0
0.7418921922593089,0.25607954239556985,2.4744532986730264e-05,2.465070067483014e-07,1.757343034321477e-05,2.27049456610192e-05,0.001962995929123582,0
0.7141445411332933,0.283747177491222,2.3386221145101827e-05,2.64456175850989e-07,1.1950580477211973e-05,2.0600724661179675e-05,0.0020520793930256086,0
0.7799142382003307,0.2173525898216059,2.512772512647264e-05,1.881275422418008e-07,1.0282025595037694e-05,1.7782204742283396e-05,0.0026797918950574318,0
0.7807535414372738,0.2154818798582942,2.6869626411768552e-05,2.0127550805394665e-07,1.615601164312959e-05,2.3873020975641644e-05,0.0036974787698934486,0
0.786951285345421,0.21005806451408443,2.8426732594621836e-05,1.9678960418410743e-07,1.075544666637729e-05,2.023047303592721e-05,0.0029310406985931414,0
0.7777073253639551,0.2173895751166645,2.9024321832064865e-05,2.04226361183386e-07,1.7893272355530374e-05,2.402529206212252e-05,0.004831952406769436,0
0.7228301639057104,0.27152530879934855,2.5897917572472996e-05,1.792833886664771e-07,1.1310590933680627e-05,1.7112657400925135e-05,0.005590026845645338,0
0.7204883555552539,0.26857664685607624,3.131903679078633e-05,2.2238300147606123e-07,1.9338393672179338e-05,2.100970532356155e-05,0.010863108069881779,0
0.7567468885675462,0.23550637440389455,2.5547512371098943e-05,1.9500062652412372e-07,1.708496208308332e-05,1.7784569733276535e-05,0.007686124983745056,0
0.8367308652859505,0.1546546357430535,2.533843307158118e-05,1.9658105139680744e-07,1.338380943330958e-05,1.623602055731177e-05,0.008559344126882277,0
0.8997690749928395,0.07165809405952556,2.3417869570024195e-05,1.418713952214636e-07,9.853172187214208e-06,1.787970175693794e-05,0.028521538332725506,0
0.9399707820071471,0.011175010960401412,3.484806975016415e-05,1.741666740472307e-07,1.4748411901476804e-05,2.0532746631535118e-05,0.0487839036374943,0
0.8694700152873993,0.015953506621082244,5.278587117463119e-05,2.9742042121317576e-07,3.250191634622816e-05,3.50632989073359e-05,0.11445582958466896,0
0.03791840567593058,0.001646976209450929,3.698434309148667e-06,2.1365749560187156e-08,2.427627914874974e-06,1.961353952797547e-06,0.9604265093326921,6
0.04226123592458718,0.0022619736712613603,3.189862609183338e-06,2.334973459573416e-08,2.928443973492081e-06,2.447449984438063e-06,0.9554682012978498,6
0.10490855093550858,0.008402370576181626,7.453545230142461e-06,4.818630446053458e-08,4.40087055268765e-06,5.751464781209692e-06,0.8866714244214413,6
0.20098591904742943,0.024072185461051894,1.568162872860362e-05,1.0137990889190822e-07,8.804766919032287e-06,1.0121018782561894e-05,0.7749071866971796,6
0.8111956511746127,0.1401871916419177,5.460217937176341e-05,1.0443191149733044e-07,3.081050597822789e-05,3.8264098581687794e-05,0.048493375967626665,0
0.5046944037664223,0.4933674429692916,4.764180291574397e-05,3.5872274702819713e-07,3.387889933618022e-05,2.647300410488158e-05,0.0018298008351824023,0
0.3153536315620636,0.6837672715090037,3.1712801691360016e-05,2.1287426045161583e-07,2.125462901659793e-05,1.7090577109807338e-05,0.0008088260468544103,1
0.35656075159277517,0.6426924173465209,2.570117725007401e-05,2.412881578645677e-07,2.2245229880063628e-05,1.6978048531252895e-05,0.0006816653168846442,0
0.7849057858978021,0.2063888441465084,5.7836260079266974e-05,4.6992467452852365e-07,2.261615777023301e-05,3.072867819791915e-05,0.008593718934967699,0
0.7309180885539668,0.24514201040330663,6.466823174764477e-05,4.501968461426334e-07,2.5249478307544682e-05,2.943866274890702e-05,0.023820094473076515,0
0.9230798596945543,0.07581920247066345,3.4389957526457563e-05,2.49634685940009e-07,1.3604687606086497e-05,2.180604741029704e-05,0.0010308875075533662,0
0.8500165852978293,0.14739025876375234,3.916184551843159e-05,2.673104832546115e-07,3.1095787201943814e-05,2.5555710087432632e-05,0.002497075285127316,0
0.8084251324353997,0.19073095375721957,3.850368011466352e-05,4.111943084043864e-07,2.7331290358022588e-05,1.8451774567213164e-05,0.0007592158680325136,0
0.7821542004051307,0.21728802792507743,2.958457103565258e-05,2.0570260143911478e-07,1.5409480591242256e-05,1.5165449361513783e-05,0.000497406466202056,0
0.763361409959104,0.23616606025202647,2.8431994215566353e-05,1.9514979388154548e-07,1.4342419752345901e-05,1.3228571077874672e-05,0.00041633165402973205,0
0.7347276026359003,0.2641667456817695,2.142980475085987e-05,1.843654919967534e-07,1.428832805766675e-05,1.2039153259114995e-05,0.0010577100307704974,0
0.3908274649610971,0.6086993657258103,1.737618019523478e-05,1.283763535197132e-07,1.97540788759973e-05,8.299203877452023e-06,0.00042761147379046183,0
0.10600286470246739,0.8937389312805198,2.06415099659913e-05,1.7912371705926471e-07,2.2617224465162536e-05,8.64520420054313e-06,0.0002061209546638759,1
0.08715991603652933,0.91243239180541,1.637008344627324e-05,1.36678433196016e-07,9.73765650220296e-06,7.81400990420536e-06,0.00037363372977455546,1
0.12042262516247358,0.8783192189421574,2.024690843360842e-05,1.39389235287621e-07,1.1203298375942483e-05,8.815278971797366e-06,0.0012177510203523697,1
0.11955809493628902,0.8797927138962358,1.3727844368684954e-05,7.985246266588156e-08,5.225080299061606e-06,4.594858625017354e-06,0.0006255635317196556,1
0.13687009985796725,0.8182970494839764,1.8920676585964516e-05,1.6497875124687597e-07,9.21749873285604e-06,9.346797279978157e-06,0.0447952007067065,1
0.04048308252739854,0.9180986890994577,9.375545420250357e-06,8.864125086490059e-08,5.321935892031632e-06,6.900536800879774e-06,0.04139654171377974,1
0.19731626466495106,0.757484712827483,2.29939416028816e-05,1.6787034954594972e-07,1.1094872060692287e-05,1.6171991274005698e-05,0.045148593832278844,1
0.3910871940991421,0.6047683622687785,2.8335399571379543e-05,1.5662504840002852e-07,2.3898585450550947e-05,1.1093157864042062e-05,0.004080959864145027,1
0.3980226761406193,0.5980775817200618,2.2652902620460385e-05,1.594026136765548e-07,2.3881219307028816e-05,1.1468624493187374e-05,0.0038415799902846146,1
0.530140207236668,0.4640475950074059,3.1351837591488516e-05,2.1694750476552775e-07,1.69916460503334e-05,1.5858243802330663e-05,0.005747779080977213,1
0.6453800765944675,0.3408279043848575,4.422765029599185e-05,2.9096823735242704e-07,2.2854875817916615e-05,1.7629487797025026e-05,0.013707016038526717,1
0.6370469550334102,0.34951835543395954,4.3656584656312963e-05,2.872112671883358e-07,2.2559518704010857e-05,1.7309631333335646e-05,0.013350876586669336,1
0.8256989973870782,0.16185027336107777,2.390476920731368e-05,2.3133722072057022e-07,1.762752583369684e-05,2.014185565167008e-05,0.012388823763930495,1
0.8270965861827937,0.16425504664771667,2.380002969455884e-05,2.303236092704786e-07,1.755029026405453e-05,1.6655361605663187e-05,0.008590131164316124,1
0.8559105231440337,0.1346907930988672,2.2285099369303477e-05,2.0351143681540995e-07,1.5405943902971374e-05,1.5557273051689366e-05,0.009345231929338308,0
0.8869235658523776,0.10725819364829561,2.2752048575477054e-05,1.9717459944810353e-07,1.989656418949761e-05,1.3452347437122911e-05,0.0057619423645249804,0
0.8435757521897371,0.15490687411221293,2.5023634449777163e-05,2.2543680647314206e-07,1.5445955392167867e-05,1.4493964025210588e-05,0.0014621847073765517,0
0.7825516159245356,0.20992643248805018,3.8502458567576704e-05,2.3445556292719738e-07,1.3690956658580425e-05,1.8038237048197683e-05,0.007451485479577007,0
0.7836462985610009,0.2034169193244162,2.945814419038244e-05,2.3241432394079668e-07,1.3571759169112903e-05,1.8369985814995357e-05,0.012875149811084336,0
0.7723067496731316,0.2149960554598878,2.886327491941898e-05,2.409871962455575e-07,1.2689242634316093e-05,1.910054629743218e-05,0.012636300815933223,0
0.7999382941337694,0.19105556752916977,2.627026563088955e-05,2.1933746869295115e-07,1.1369821422117478e-05,1.764535415486071e-05,0.008950633558384073,0
0.765202561410951,0.22386560289315374,3.138212799516362e-05,2.4161980322601564e-07,1.2868968824858876e-05,1.9150686467144797e-05,0.010868192292804559,0
0.8633146330746274,0.1296643056493301,3.697890973491451e-05,2.5534592190851954e-07,1.4583627783848363e-05,1.8520787353285965e-05,0.006950722605248352,0
0.8595006194857322,0.13803141541595038,2.7999349418426404e-05,1.258012665192793e-07,3.296646816721986e-05,1.8055542367868298e-05,0.0023888179370972844,0
0.8394022953553145,0.15919975372846967,3.586549940211744e-05,3.1448568962723533e-08,3.9375009026077555e-05,2.3301701089687078e-05,0.0012993772581289848,0
0.782219087408786,0.21529456823136506,2.7935764597290872e-05,1.1151142647256837e-07,4.246297962085686e-05,1.8761904080506655e-05,0.002397072200123826,0
0.7422843465940255,0.2558414709351879,2.6230909050965987e-05,1.1354561754113433e-07,4.1759148526483296e-46,1.910415867196098e-05,0.0018287338574462019,0
0.8216510603928922,0.17729734364562877,2.031542543350272e-05,8.949008013513368e-08,1.8878952149518688e-05,1.1287783972258938e-05,0.0010010243098437243,0
0.8335702220027091,0.16635135199495873,1.7640623497256365e-05,1.544051624027362e-07,1.1181513030221216e-05,9.68711530092041e-06,3.9762345341239244e-05,0
0.7214667678028278,0.27845698924075774,1.9472582462502478e-05,1.7426740737844228e-07,2.124717607285741e-05,1.075219779295813e-05,2.459673267888041e-05,0
0.6789110798001897,0.3205701349431189,2.0148413373233647e-05,1.8704470275061497e-07,0.00046104202414341296,1.1007608073976818e-05,2.64001663981067e-05,0
0.0450259503664136,0.00047812369301070346,4.087479641566063e-06,2.982683160708707e-08,2.5779297807769096e-06,2.0897869230576156e-06,0.9544871409173986,6
0.03371921515156167,0.00039427190723526724,2.40313892318139e-06,1.8273805726191567e-08,1.6077991275941057e-06,1.2832545607416847e-06,0.9658812004747859,6
0.10543749631605473,0.000965051244310454,3.278636537398424e-06,1.560875722457131e-08,2.476705604362719e-06,2.0960098403458766e-06,0.8935895854788954,6
0.2476529324384381,0.0026078671603281447,1.7118593793152104e-05,5.098668130707013e-08,7.387746451453296e-06,8.733510455008917e-06,0.7497059095638527,0
0.7100038898419453,0.01763177398548486,3.405305015944695e-05,2.455923891050093e-07,1.7796790936521143e-05,1.9450556553028868e-05,0.27229279018253166,0
0.4719278134660023,0.012796952926387939,2.0640572719309568e-05,1.4494126644516644e-07,1.1781088014741823e-05,1.0567047836706974e-05,0.5152320999577725,0
0.5432280570305503,0.00815654019183476,2.3681375199930856e-05,1.729940912954979e-07,1.3812929485454654e-05,1.2612259317319785e-05,0.44856512321952086,0
0.9080817712697645,0.0610361729549379,4.8196288633083794e-05,3.907928744599983e-07,2.8681732169481028e-05,2.2033875805838233e-05,0.030782753085814858,0
0.9428784095279927,0.05526722318109008,1.0395874369756131e-05,9.25252223748123e-08,3.9599053332174754e-06,5.591433563078914e-06,0.0018343275524284838,0
0.8354018791911306,0.16262163520774203,2.177446047153409e-05,2.185859328555596e-07,1.5260425635097524e-05,1.39218487035534e-05,0.0019253102803843806,0
0.8114670910732323,0.18694008586979674,1.948416556175134e-05,1.9119851609384544e-07,1.0902978765916983e-05,1.2514448606655157e-05,0.0015497302655205873,0
0.8257022925722544,0.1736262841524212,2.0288628891244554e-05,1.9909273123811422e-07,1.252090356694138e-05,1.2747877195938091e-05,0.0006256667729391256,0
0.6184699076417913,0.38146168953467435,2.5138438415136784e-05,2.5235569068121084e-07,1.740273511274933e-05,1.4936622842385993e-05,1.0672671473474476e-05,0
0.8561101859798642,0.14385833760985822,1.2405128227188254e-05,1.3155891052747226e-07,6.27019138917676e-06,7.548924435957881e-06,5.1206073146549435e-06,0
0.8573798275308668,0.14258627664187856,1.2423525469156268e-05,1.3175401702421266e-07,5.995339041470691e-06,9.382341371948554e-06,5.962867355092904e-06,0
0.5622883244861221,0.43764259463548444,3.0321031735567828e-05,2.0666450699619263e-07,1.4421345049150828e-05,1.4141887907469761e-05,9.989949194267062e-06,0
0.6723436403481837,0.3275084320845735,2.444686293465111e-05,2.202406976227008e-07,1.5382210456231756e-05,2.0003500073736972e-05,8.787475308054723e-05,1
0.6718235093913391,0.32793621059957956,2.9532647078586166e-05,2.437212608432879e-07,1.8282270763738997e-05,2.2587872784244995e-05,0.0001696334971939838,1
0.6991483832945505,0.3003084023572237,2.362918217225506e-05,1.9145291483531657e-07,1.4910667400620805e-05,1.6093671195250207e-05,0.0004883893745427334,1
0.706384717108247,0.2932439148426324,2.2063590574380203e-05,1.7876787678915143e-07,1.4698797172191751e-05,1.5027357675866998e-05,0.00031939953582136286,0
0.7154672857460561,0.28444259783740544,2.1152540454494143e-05,1.84587888758447e-07,1.4473866383246685e-05,1.4020595365745475e-05,4.0284826446081596e-05,0
0.6648148090796502,0.3350949959711259,2.602772273598518e-05,1.6460159725258385e-07,1.853525917093528e-05,1.72913547616996e-05,2.817601095835689e-05,0
0.12421494356496934,0.8756545260726356,2.3438238921307805e-05,9.870968803208755e-08,4.8028812856293195e-05,2.0010810865810904e-05,3.8953790063734214e-05,1
0.18941932934700118,0.8104591492201205,2.4036221987904738e-05,1.0122808210386197e-07,3.691500977094038e-05,2.052134948122498e-05,3.994762355592157e-05,1
0.2056696539956303,0.7935905639307672,2.2972899555950284e-05,9.674992033206072e-08,0.0006839857650196578,1.961432091559424e-05,1.3112338190791255e-05,1
0.18113673329600144,0.8146591905966682,2.4976828768256187e-05,1.0518942929215052e-07,0.004143932164522654,2.13252808476034e-05,1.3736643762457306e-05,1
0.2653159505434241,0.7308061564461641,2.302811619825976e-05,8.756336967650407e-08,0.0037924430509098214,1.7751911602521754e-05,4.458236833175837e-05,0
0.12994386983583317,0.4088567069385811,0.00027623973497753376,1.3513635501399485e-07,0.45952971295172823,0.001386092033864846,7.2433686601860815e-06,4
0.5193012645793644,0.3550270974073358,0.001425713334761328,2.5997538033663355e-07,0.12156631364655617,0.0026537398161592734,2.56112404426473e-05,0
0.44789893966553923,0.42320310386726107,0.0015168813376849014,2.9210751192637236e-07,0.12339784208396061,0.003967980540134964,1.4960397907252186e-05,0
0.34114660063411223,0.6155723705997976,0.000667643808845681,2.095339156555579e-07,0.041207072174212274,0.001365866130735017,4.0237118381332265e-05,1
0.20379355756151019,0.7664740244818146,0.0005712959705928095,1.7653408613362816e-07,0.028553321664123724,0.0005916670454988253,1.595674237387191e-05,1
0.31657813874549146,0.6794379220330177,0.0004540516872139208,1.905088257980915e-07,0.0031815180038623847,0.00033957283572514757,8.606185863560205e-06,0
0.4082991775735543,0.5891483925200932,0.00018922629459176824,1.9086418301812747e-07,0.0020791628057566626,0.00027690661615964,6.94332566141171e-06,0
0.4292861576705405,0.567850710765241,7.934170447433566e-05,1.8756245251333282e-07,0.002566444345307332,0.0002099607891322172,7.197162852009118e-06,0
0.897363905549756,0.1022236383039739,1.3829123426701313e-05,1.4077067560574028e-07,0.00038329097629877164,1.0173566380307813e-05,5.021709488653958e-06,0
0.7500182384711056,0.2499368548577848,1.575479216458723e-05,1.5148368682054277e-07,1.0660151237163556e-05,1.0509170569218176e-05,7.831073451569203e-06,0
0.7665030357618694,0.2334519718612592,1.547684926937053e-05,1.600706756855635e-07,1.1289618414258372e-05,1.0372919293504432e-05,7.69291921855582e-06,0
0.726142151803161,0.27380959313791553,1.4142527147221358e-05,1.6500559892372287e-07,1.0737973444610453e-05,1.211683322507206e-05,1.109271950746873e-05,0
0.8574895026267025,0.14244901678847355,1.3144660183688627e-05,1.551963458908343e-07,6.299939334561339e-06,9.389799324959967e-06,3.249098963473789e-05,0
0.8297634533864576,0.17018295605952732,1.734478723658861e-05,1.4902402487522065e-07,6.973448303496523e-06,1.0643620857576189e-05,1.847967359235716e-05,0
0.9285077907414487,0.071470258517813,9.845308588256981e-06,7.766373447533835e-08,4.141868985062999e-06,5.561403015121621e-06,2.324496415288989e-06,0
0.9191945421479294,0.08078168657269723,1.0521787191064106e-05,8.33910347767361e-08,4.74189205214192e-06,5.985141041098937e-06,2.43906805450772e-06,0
0.8988904579251765,0.10108019692044742,1.1673200742601681e-05,1.8087628145980074e-07,5.339537809459755e-06,7.623568697940126e-06,4.527970844858165e-06,0
0.8865483711103156,0.11341828245177396,1.2876266087228779e-05,2.0951665203154596e-07,6.185012629654793e-06,8.830702274692079e-06,5.2449402666539e-06,0
0.9147983530273237,0.08516288952886104,1.5297661670888703e-05,1.6514655343462161e-07,4.875190152347901e-06,6.9605925396950854e-06,1.1458852898727007e-05,0
0.8694021277048186,0.1305275449573343,1.9486509646712103e-05,2.0622076159639027e-07,6.087716668833851e-06,7.736797736331633e-06,3.681009303361487e-05,0
0.9037459399968064,0.09592691254113503,2.101707348781883e-05,1.440661176400554e-07,6.389374375699373e-06,7.570537112971108e-06,0.00029202641096438614,0
0.71174355470563,0.28819561540532357,2.2850307442247512e-05,1.678999683301637e-07,5.986620276596199e-06,1.570472127319227e-05,1.6120340085779255e-05,0
0.7235959051801959,0.27633684692285776,2.4882277401970443e-05,1.828305198226371e-07,6.4702429604533035e-06,1.605329658492307e-05,1.965924947925098e-05,0
0.7943597635907494,0.205509958559045,2.4868996028042792e-05,1.4457108193715437e-07,4.84915808988692e-06,1.0348979452450561e-05,9.006614555333333e-05,0
0.7538544512210733,0.2459516465037407,2.048013577849173e-05,1.609672508286062e-07,5.56307445729459e-06,1.2259019564930126e-05,0.00015543907813441983,0
0.7476276053729267,0.25199830912445786,2.48995208096969e-05,1.7471545959785696e-07,6.116197450522891e-06,1.1423602427671503e-05,0.00033147146646781664,0
0.7737958256146891,0.22498016246055721,1.971948860001999e-05,1.6051890606738322e-50,1.0772504258633763e-05,1.967538415155052e-05,0.0011738445477437734,0
0.7079102035911518,0.2902328810092857,2.4594060568520114e-05,2.4500798854371236e-07,1.2116148354205037e-05,2.412806664048041e-05,0.0017958321160108932,0
0.7353173879689382,0.26390144053137327,2.1807839177694253e-05,2.517417523072322e-07,1.411872471446383e-05,1.7327200983243877e-05,0.0007276659930608627,0
0.7756769815074007,0.22199467890557573,2.206925268444863e-05,2.19855651481997e-07,1.4702914677938316e-05,2.0250177412862177e-05,0.0022710973865967326,0
0.7849103781177812,0.21247187055896416,2.6270949218992024e-05,1.9668669105749285e-07,1.0749821996064233e-05,1.6901609973378064e-05,0.0025636322553753877,0
0.7397093339087796,0.25659874433627633,3.223590364301051e-05,2.2255678144528747e-07,1.272306923685816e-05,2.407282438619421e-05,0.0036226674008967416,0
0.7925841710145846,0.20250496061019632,2.816760873242009e-05,1.9819819625567698e-07,1.0832432627923687e-05,2.037527989216667e-05,0.004851294855770359,0
0.8152128453674814,0.18087390931932987,2.8244335028610532e-05,1.9873807216970232e-07,1.207704708936612e-05,1.657698273635855e-05,0.003856148210262302,0
0.8494203713490697,0.13898702843276584,2.912314189433123e-05,2.0843311954871756e-07,1.4190732686637642e-05,1.721490647125799e-05,0.011531863003992726,0
0.8394094398730538,0.10434501418220306,2.3995655577266054e-05,1.9203253122496806e-07,1.3434526116621576e-05,2.048609543846762e-05,0.05618743763507949,0
0.08064890896811577,0.0007556654277287893,6.536280151081458e-06,4.5070910314268095e-08,5.330525890261463e-06,4.188841046612785e-06,0.9185793248861571,6
0.1707373055814482,0.011275356187540449,1.046983116101494e-05,4.608672228007253e-09,5.477956201230746e-06,6.998077385647179e-06,0.8179643877575913,6
0.74342137327518,0.21241961824317718,5.864610566440637e-05,1.0199920655675327e-07,3.2568814747257295e-05,3.832443489740842e-05,0.0440293671271273,0
0.6506785416541974,0.34210496582734046,4.6432722395842186e-05,4.1042497994141036e-07,4.0133230062643934e-05,3.969710637634991e-05,0.0070898190346474444,0
0.3220700504397331,0.677017663539286,3.139975807556118e-05,2.1077293465735678e-07,2.1044820183415227e-05,1.692187249308467e-05,0.0008427087972941916,1
0.8431014050384839,0.15359405135757517,3.277949555538541e-05,2.763722787175842e-07,3.302592175626617e-05,2.4990237933824464e-05,0.0032134715764165927,0
0.707203410101036,0.2921961694393663,2.1743264504365257e-05,2.5099632579862445e-07,1.3751979260832474e-05,1.6540521861583458e-05,0.0005481336976451652,0
0.7663267489162141,0.23317100741443314,2.8071420283550484e-05,2.0725317785629702e-07,1.2678399136564248e-05,1.2538583920973171e-05,0.0004487480128336998,0
0.7350126237036463,0.26391080020449115,2.2871138654071248e-05,1.9676561590299221e-07,1.4984248486177882e-05,1.416990918537185e-05,0.001024354029921114,0
0.41321377416165755,0.586270686566947,2.01825520529161e-05,1.3868308817017445e-07,1.940793967398852e-05,8.086616637318542e-06,0.000467723479942992,0
0.3738229576339688,0.6256934612367107,1.8971593300550303e-05,1.3036206419934688e-07,1.9188801677738062e-05,7.944431839386284e-06,0.00043734594043860867,0
0.37152351110787335,0.6283225018991633,1.6875681477704105e-05,1.288183226074482e-07,1.762651658422777e-05,6.844095409259144e-06,0.00011251188116939287,0
0.4340391541493192,0.5657699091454929,1.9706769850277162e-05,1.487371443639372e-07,1.4773659442101268e-05,9.25341969458129e-06,0.00014705411905667075,0
0.1345227855445828,0.8651060284421357,2.1127353127752584e-05,1.7630579288940498e-07,1.2567492904603e-05,1.0159758075593337e-05,0.00032715510338043164,1
0.10371461949908528,0.8959572000747148,1.6821674651187333e-05,1.4044889524254948e-07,6.537907929343387e-06,7.2206176845210025e-06,0.0002974597770395675,1
0.08157274838211423,0.9181099596931159,1.5320720334303727e-05,1.279170052858644e-07,1.0745251588331217e-05,7.958134354712212e-06,0.0002831399014870351,1
0.15653475993450489,0.8424933276609515,1.8815444303722908e-05,1.0305514704108206e-07,7.757642086239589e-06,5.929741670347032e-06,0.0009393065213364064,1
0.10681904764301141,0.8925143403536289,1.28396264340568e-05,5.955989999775903e-08,5.293801453135232e-06,4.046445391813114e-06,0.0006443725701802695,1
0.038105975178404174,0.9613089326563893,9.295040661388407e-06,4.012253748699786e-08,3.9540391686868475e-06,2.5063253945749457e-06,0.000569296637444334,1
0.08197494730349969,0.9062463672840054,1.6586922103070536e-05,9.084918052945924e-08,1.282814586404347e-05,6.496331383954488e-06,0.011742683163963577,1
0.10289840578094679,0.8791188682849457,2.1027838846129823e-05,1.1706426952456225e-07,1.1225711536872218e-05,8.370887702234373e-06,0.01794198443175281,1
0.12739158891536762,0.829160532663838,1.4639041382773781e-05,1.3231450069850124e-07,1.3158914563188222e-05,1.1926272777720525e-05,0.04340802187756999,1
0.15047295736139082,0.7904542509424887,1.72037764968671e-05,1.6265339240836998e-07,1.3311968597351863e-05,1.2662227903491067e-05,0.059029451069730614,1
0.31684552854435355,0.6256716686895034,2.1596106579783107e-05,1.9133900033414596e-07,1.3657819612362597e-05,1.6269996422063098e-05,0.05743108750452857,1
0.5361572967071827,0.4541101710436143,2.1886494974632343e-05,1.9298995157188262e-07,1.583612859817525e-05,1.5217198449496255e-05,0.00967939943722907,1
0.590772437798137,0.3973635978298369,4.0354658415985063e-05,2.7794599874333363e-07,2.272215003005221e-05,1.5485865560288518e-05,0.01178512375202105,1
0.8153302350824516,0.17401789858001207,2.674850189182637e-05,2.2734035862113884e-07,1.7781889391637863e-05,1.785727523377833e-05,0.01058925133066053,1
0.8369117853453173,0.15389243054896592,2.523596615287124e-05,2.1903099779678162e-07,1.713195580311844e-05,1.7204586269279068e-05,0.00913599256649358,1
0.8574181716736597,0.1366596566786355,2.123681406102069e-05,2.0648629683956985e-07,1.581306126794243e-05,1.5784683905893045e-05,0.0058691306021731665,0
0.8571563322148571,0.13189746443072337,2.1822932613072298e-05,2.1436969707557037e-07,1.5262021995518085e-05,1.5234633502143273e-05,0.010893669396612021,0
0.8696775465822073,0.12263019309202623,2.2309640364357497e-05,1.9334058592924738e-07,1.2768082755182671e-05,1.3190769718295828e-05,0.007643798492342662,0
0.8950537022646616,0.10308134368174476,2.516531748378754e-05,2.267132226061714e-07,1.6213608136862142e-05,1.4576028395278439e-05,0.0018087723863550553,0
0.8879614762661566,0.1101451704586993,2.269052756600261e-05,2.0441795063530338e-07,9.175182641540258e-06,1.4142193443434498e-05,0.001847140953542198,0
0.857573413461953,0.14083625086506074,2.138719842266357e-05,1.8834592775214309e-07,9.282194194169002e-06,1.3030286901300793e-05,0.001546447647540259,0
0.744981766896976,0.24861513810365468,3.66773866747789e-05,2.1762086729443962e-07,1.2707900059748309e-05,1.5362849603571133e-05,0.0063381292421638424,0
0.7721432203742262,0.21700033132163346,3.491675828946751e-05,2.6454519389643286e-07,1.3855931686366171e-05,1.711197088048536e-05,0.010790299098089998,0
0.7821340204152707,0.20528350348399088,2.7024053245528694e-05,2.256310429434012e-07,1.1880660443159918e-05,1.6175436373016267e-05,0.012527170319633935,0
0.7837172713972346,0.20437055791347106,2.7078757244742165e-05,2.2608778125292005e-07,1.1904710116006299e-05,1.791962477834225e-05,0.011855041509374263,0
0.7682453225861682,0.2247557849172362,3.150691628714647e-05,2.425805832775933e-07,1.2836054902791005e-05,1.755407310656061e-05,0.006936752871715712,0
0.7857799477382723,0.21200149785988984,2.9404508116049353e-05,1.1622968266852758e-07,3.8260872498865206e-05,1.8003276389707298e-05,0.002132769515150701,0
0.7330079438459303,0.2653071849659789,2.4240068466247413e-05,1.0263660141406474e-07,4.588562015539653e-05,1.5897790138748887e-05,0.0015987450727291549,0
0.7355325066643299,0.2639803129317511,2.1737577071157554e-05,9.20406242526303e-08,8.89270115361024e-213,1.327983775444243e-05,0.00045207094846906436,0
0.7982219222613983,0.2016943190928981,1.8853392905485074e-05,7.887657313760843e-08,1.2099874982955843e-05,1.0230547531712869e-05,4.2495953710398096e-05,0
0.8185178253616552,0.18140887818211476,1.6845463156573365e-05,1.4744526886164514e-07,1.0811180244916913e-05,7.5223307541200215e-06,3.797003680561337e-05,0
0.03405335350633686,0.00034020640847812596,2.8824539288465604e-06,2.668810865966727e-08,1.8179329260326195e-06,1.4770585375148284e-06,0.9656002359516839,6
0.7115419213124912,0.015502874120176405,3.412681688602779e-05,2.4612439861759687e-07,1.8251861791430957e-05,1.9940868928528077e-05,0.2728826388953277,0
0.2831345219793906,0.004894241710800641,1.1564817650181992e-05,9.147122670683811e-08,6.953183196474752e-06,7.205993495397913e-06,0.71194542084424,6
0.4558606784724434,0.005583530642302289,2.247184887857936e-05,1.6452759955811573e-07,1.3136911868425858e-05,1.1995003615115417e-05,0.5385080225932927,0
0.940713089145594,0.05657900305169701,1.025177918745499e-05,9.12427483556632e-08,3.905017859534143e-06,6.1636349518487e-06,0.002687496127961906,0
0.9421556742638878,0.05488446129255517,9.541586413686477e-06,1.1626193371173728e-07,4.448636558051545e-06,7.051621718449569e-06,0.0029387063369331824,0
0.9021251781645143,0.09444067860876465,1.0409225218476869e-05,1.498612177041763e-07,5.729549589516029e-06,8.142638805941608e-06,0.003409711951889507,0
0.8711614657917471,0.12880857842588478,1.1867932565879713e-05,1.1700867013903027e-07,5.805835102994725e-06,7.266143139981013e-06,4.898862889098053e-06,0
0.5640298250448179,0.43590168240076094,3.098497302516911e-05,2.0584240975720584e-07,1.4622228052250271e-05,1.3246292056629913e-05,9.433218877381556e-06,0
0.5728146698876705,0.42578713101910703,2.974432142174301e-05,1.9765200290057087e-07,1.5894821909606134e-05,1.720320079885322e-05,0.0013351590970893576,1
0.7748278873355972,0.22500045527892382,2.4201380434402687e-05,1.9608908989856088e-07,1.547418693464046e-05,1.6849666417040205e-05,0.00011493606260286531,0
0.7796941989637117,0.2202295202649555,1.817936412106046e-05,1.5864243112059137e-07,1.2439436661836673e-05,1.088088973630901e-05,3.4622438382404564e-05,0
0.6195711540081893,0.3801655587279636,3.027637343893088e-05,1.1512453980483811e-07,3.3862399695105317e-05,2.0997558018707812e-05,0.00017803580815473007,0
0.23926669786411225,0.7599835471670161,2.3300515287110226e-05,9.812966762134201e-08,0.0006937400625111063,1.98940400721734e-05,1.2722221333487438e-05,0
0.21881115389050734,0.7620822324250605,0.0001298286934624658,2.0540544062890713e-07,0.01874153627379928,0.0001821196985403211,5.292361318950234e-05,1
0.2732409329798132,0.44721932756812866,0.0012986547916689992,2.746258602880018e-07,0.2755207994555138,0.002707518229181218,1.2492349833751023e-05,4
0.5256116126013115,0.3473916467173697,0.0014925882507240008,2.631345005602114e-07,0.1230435404495302,0.002434426388237861,2.59224583261581e-05,0
0.48844267872840563,0.4262120310818333,0.0015564647713068103,2.7818956166521545e-07,0.08112891789059011,0.0026453834227503914,1.4245915552095756e-05,0
0.21715943588486114,0.7520728652717557,0.0005880713908845289,1.787326826019209e-07,0.029703120778607,0.00045854949844841047,1.7778442760779407e-05,1
0.3503732718153131,0.646516908606724,0.00033399114250294115,1.880299127934167e-07,0.0025270716368883694,0.00024156912231268666,6.999646346175634e-06,0
0.3514442225331197,0.6457555675132611,0.0001704227819337226,2.311934609870607e-07,0.0022712790337559305,0.0003496704815903012,8.606462878253486e-06,0
0.4242315245489641,0.5734643127717158,8.825728018975881e-05,1.5336460694860495e-07,0.002090619392483595,0.00011373492180580941,1.1397720233931007e-05,0
0.5913842095824848,0.4085473724922836,1.587850282895904e-05,1.8077078001143997e-07,9.216612296093987e-06,1.2762535513289172e-05,3.0379503813287393e-05,0
0.3750317340056453,0.6249009912220671,2.2330892588816e-05,2.021249281131878e-07,1.6052412516322664e-05,1.5040589363318687e-05,1.3648752891099005e-05,0
0.6615695410388078,0.3383723321491259,2.0557159282869493e-05,1.7879999841973773e-07,1.3788660614983926e-05,1.4634996051748818e-05,8.967196118186199e-06,0
0.7333165193610152,0.26663462043224423,1.6807337321996274e-05,1.7383136546606396e-07,1.2260145564677878e-05,1.126464117763312e-05,8.35425131089323e-06,0
0.7666833644166448,0.23326870532867622,1.616117592737186e-05,1.6714838437351352e-07,1.0983178948671585e-05,1.0831569828267324e-05,9.7871815905848e-06,0
0.7465384586931421,0.2534134754994507,1.7110379171646226e-05,1.7696560246677382e-07,1.0805835025633914e-05,1.1467746382979679e-05,8.504881224554826e-06,0
0.7376874328908891,0.26226797828342346,1.4324156859103377e-05,1.7698613677065377e-07,1.0859856897712842e-05,1.1163903868080328e-05,8.063921925680807e-06,0
0.7372700622187405,0.26268507119890583,1.3777782947870893e-05,1.7023526069937888e-07,1.2424155507160065e-05,1.0738073162578802e-05,7.756335475340622e-06,0
0.7449646115436948,0.2549826559672748,1.4824606354820516e-05,1.729636453882425e-07,1.3338573971293906e-05,1.2768635357990626e-05,1.1627709700735609e-05,0
0.9325573791668704,0.06742272680407557,8.72941194302428e-06,7.026903076142574e-08,3.9957311882676935e-06,5.043348617203874e-06,2.055268274464764e-06,0
0.9315287015002586,0.06845109543380795,7.685842564157834e-06,1.0021525325902637e-07,4.816841712964766e-06,5.2437332929171134e-06,2.3564331100847283e-06,0
0.9295962096884055,0.07038212329269412,8.796727929173805e-06,1.029949825374512e-07,4.952726397945068e-06,5.391660729417863e-06,2.422908861193421e-06,0
0.9231331871010787,0.0768433875271749,8.82780059054378e-06,9.065352724888962e-08,4.958962719823515e-06,6.15338575387418e-06,3.3945691549409996e-06,0
0.8018225087091871,0.1977452285519566,2.982676760930465e-05,2.3735725548816933e-07,1.4681715361565934e-05,1.2376171104428689e-05,0.0003751407275255934,0
0.7453228294997166,0.2546192611320184,1.963145496047824e-05,2.0600594123088506e-07,1.3120751164207519e-05,2.1671628061129806e-05,3.2795281379559614e-06,0
0.7272726701210342,0.2726698548792842,1.948426380837423e-05,2.0428101047915408e-07,1.3022375446044105e-05,2.1509140262405305e-05,3.254939154309306e-06,0
0.708783192369024,0.2911529268814343,2.0514419815850452e-05,2.1716941001671935e-07,1.0021963387161002e-05,2.1274346299898157e-05,1.1852850628734057e-05,0
0.8004800429791655,0.1993068379092047,3.385207044425063e-05,1.502673478856977e-07,4.845606066130539e-06,1.0586588388624048e-05,0.0001636845793828048,0
0.8203721884991863,0.179459337843775,2.3852811590761167e-05,1.4930526484166409e-07,5.160032869447854e-06,1.045554030645963e-05,0.00012885596700703042,0
0.746020927699242,0.2533979370825946,2.2459246896522103e-05,1.9938764138857243e-07,6.2523149039673495e-06,1.2582667652883846e-05,0.0005396416010687764,0
0.7488550584492849,0.24891309491159472,2.2209335654598578e-05,2.563764813978821e-07,1.4378659602329167e-05,2.1926388676922803e-05,0.0021730758787053502,0
0.8705869292914189,0.12847913363958915,2.580798115917653e-05,1.701603279739773e-07,7.362074684883972e-06,1.0738881444371065e-05,0.0008898579713755926,0
0.8164394962999584,0.18141956079524882,2.0185995747033897e-05,1.8712727290018192e-07,1.122165867412448e-05,2.0036421485222733e-05,0.0020893117016135623,0
0.7210816492549283,0.27459053197211447,2.5045847578952154e-05,2.4950872669419956e-07,2.0777641662793308e-05,3.0128659624452072e-05,0.004251617115364367,0
0.7468665587643866,0.2505058379808654,2.319714628732813e-05,1.9674797064053919e-07,1.0209373009216405e-05,1.651779833376774e-05,0.0025774821891469154,0
0.7462316351356431,0.2521016430208996,2.6514516296366575e-05,1.9813544822911167e-07,1.082900316295809e-05,2.0651042582773834e-05,0.0016085291459671314,0
0.7905773470128551,0.2075090849135274,2.3492321026856768e-05,1.7635970388531943e-07,9.638859720770917e-06,1.648250147903286e-05,0.0018637780316867482,0
0.7300299118137964,0.2662912738060184,3.1814082660537436e-05,2.1964452803849795e-07,1.2556582277938114e-05,2.375782088742653e-05,0.003610466249831394,0
0.7931010264389485,0.2027616313301081,2.8185977231182913e-05,1.9832744412180932e-07,1.0839496611494836e-05,2.038856690232954e-05,0.0040777298627541515,0
0.7994445698802185,0.183497090019218,3.355605724108215e-05,2.1037237114375906e-07,1.4981369406721307e-05,1.7998554157158095e-05,0.01699159374738758,0
0.8030678945271055,0.18367145281473446,2.6673237233094785e-05,2.0693676998245653e-07,1.4736707953072233e-05,1.906873153916801e-05,0.01319996704466491,0
0.8370376932620048,0.1474052070154109,3.0382665189906878e-05,2.139340238593712e-07,1.7749810343132964e-05,1.9511345340096878e-05,0.015489241967687228,0
0.963899908252931,0.013513804420396321,2.7395875201902417e-05,2.1742811012400828e-07,1.34309126657621e-05,2.0928367736878194e-05,0.022524314742957907,0
0.10382026972576568,0.007298450292010583,8.787015901890992e-06,4.008883711478784e-08,4.202511959104091e-06,4.250328515970108e-06,0.8888640000370097,6
0.11715482908512766,0.010815722748782244,9.140832065167916e-06,5.909441793330046e-08,5.1323046331926874e-06,7.0537336466202765e-06,0.8720080622013273,6
0.7129268783208588,0.2578142320397981,7.480670647828126e-05,1.0826503385424525e-07,4.289866883805549e-05,4.067871095942388e-05,0.029100397288033437,0
0.5480050444853433,0.44710270414530834,6.142657029491419e-05,3.8491738759807316e-07,3.6991485018220585e-05,3.72299621815629e-05,0.004756218434466266,0
0.3482970340610274,0.6506048369934325,3.621561940462549e-05,2.4309971955764524e-07,2.4698961644407557e-05,1.951722342409171e-05,0.0010174540413472966,1
0.9616658158206441,0.037397374709651106,2.9054171437715088e-05,1.8378901017652613e-07,9.008444256948512e-06,1.605430693378887e-05,0.0008825087580661025,0
0.8406295108210521,0.15646956540443846,3.872936553287842e-05,2.6435846624913723e-07,3.074507355680751e-05,2.3073238635707848e-05,0.0028081117383178746,0
0.8624248232820628,0.13511254683199428,3.502131037278977e-05,2.390480651774732e-07,2.043578718731241e-05,2.0864143794986523e-05,0.0023860695965226006,0
0.7105542891338227,0.28726843727190055,2.4002883722725696e-05,2.0650227654097604e-07,1.312761002287112e-05,2.0701800568500364e-05,0.002119234797686053,0
0.7108787775927781,0.2871358137879628,1.998073939198162e-05,1.990497158615441e-07,1.2514967490224353e-05,1.6128065913825463e-05,0.001936585796747222,0
0.8052282171003053,0.19396480127871424,3.628471804182718e-05,3.347803422840834e-07,2.333184594627818e-05,1.921037948293352e-05,0.0007278198971672409,0
0.7679523561439792,0.23134807622793402,2.189165040997256e-05,2.1823908655527922e-07,1.1495612882728127e-05,1.320321902859911e-05,0.0006527589066788449,0
0.758843950862316,0.2406156386163655,2.9156708215817402e-05,2.0012404179042525e-07,1.664592529521399e-05,1.3565759197384177e-05,0.0004808420045682998,0
0.35259735786017227,0.6467311893850597,2.0784780740954607e-05,1.4342633735271535e-07,1.2357504634282316e-05,8.065511586393038e-06,0.0006301015314690806,0
0.47126988328064306,0.528592065686997,1.69495053110134e-05,1.5376773891812528e-07,1.8885107305672773e-05,9.713728082732906e-06,9.234892392161122e-05,0
0.38324925339693766,0.6165817532710225,1.8071856921487528e-05,1.37949172488443e-07,1.1294027246660009e-05,7.8022847784825e-06,0.00013168721392072856,0
0.38342545317734783,0.6162081592188199,3.4016827284781994e-05,3.436707724714188e-07,9.504332137541993e-06,1.866318942850296e-05,0.00030385958420898893,1
0.38798122730869417,0.6114764984279261,2.477934178630083e-05,2.0052556045832577e-07,8.249702672063283e-06,1.3208315603437325e-05,0.0004958363777575501,1
0.09437437402046779,0.9053040655226868,1.6052195855919226e-05,1.3395407843476084e-07,1.1258275019276939e-05,7.580300263979153e-06,0.00028653573162793785,1
0.06802354620507983,0.9316999715793081,1.0824278614611998e-05,8.09560841328541e-08,5.010005016820704e-06,4.476421106855643e-06,0.00025609055478943444,1
0.17847084419909154,0.8211281126143438,1.9003418064404876e-05,1.4212885370088047e-07,4.566016148115227e-06,8.547406447013065e-06,0.00036878421705127955,1
0.4786078865459784,0.5068277271904968,2.8931343039250402e-05,1.8709492751615387e-07,1.2376526671351155e-05,1.2319663431991428e-05,0.01451057163545456,1
0.4685184617063645,0.5195985383946248,2.8786572818433025e-05,1.8315082157450265e-07,1.4157717073437121e-05,1.205995538759741e-05,0.011827812502909657,1
0.14019232824154262,0.8587518683128196,2.044106350590529e-05,9.482111528028997e-08,8.883543805933924e-06,5.92316897319677e-06,0.0010204608482378154,1
0.09108316062478232,0.9061905474385383,1.8382908426796648e-05,1.0068608003008623e-07,7.484577550711733e-06,6.2916361380345755e-06,0.002694032128483982,1
0.149923404359306,0.8415831615552974,2.9076658281224077e-05,1.6187292411808105e-07,1.556271200830328e-05,1.0521424209774387e-05,0.00843811141797304,1
0.2758654373589882,0.6330842003978061,2.5945224340546492e-05,1.957512231877942e-07,1.3860552313186376e-05,1.2110122431262883e-05,0.09099825059289758,1
0.24971509550193335,0.7317789042123964,2.974777921055358e-05,1.6560912744023385e-07,1.5880851604571838e-05,1.1842657736550449e-05,0.018448363387991048,1
0.29606057823182247,0.676878331091809,3.0705857566907004e-05,1.6818081016317014e-07,1.3267191161423947e-05,1.2026557976624628e-05,0.02700492288885346,1
0.4327260434113533,0.5269721048184761,2.741087614883579e-05,2.1713724958881837e-07,1.5162401314895171e-05,1.4210726520396916e-05,0.04024485062893694,1
0.4301069527198211,0.5567201848351012,2.2988654344148568e-05,1.9193841902283132e-07,1.429199132072767e-05,1.2083001852847177e-05,0.01312330685914094,1
0.6314156650171898,0.3567604672750674,1.9433740422767974e-05,1.5929566934333156e-07,1.5708724745696978e-05,1.366791422858618e-05,0.011774898032676513,1
0.874195119274388,0.1198916596901195,2.2425528629471936e-05,1.9434490086725715e-07,1.9611023964700256e-05,1.325928966721529e-05,0.005857730848330043,0
0.9128545736331327,0.08571077124546318,2.482678599028485e-05,2.236634074828327e-07,1.0039003950026985e-05,1.3221679685457521e-05,0.0013863439883712264,0
0.7715590854777131,0.2176125640149514,2.876581575991982e-05,2.401734836761515e-07,1.3589893224314366e-05,1.72179805270136e-05,0.010768536644340524,0
0.7540415359900288,0.23860689345865121,3.119595447215234e-05,2.40186401067857e-07,1.3455515263870875e-05,1.7783371839932792e-05,0.007288895523343237,0
0.7845210829136201,0.21296310075367283,3.016152669986057e-05,2.888342274435135e-07,1.6306474496836868e-05,2.304407600805824e-05,0.0024460154212748693,0
0.8144660047927146,0.1830692939156467,3.398559415044918e-05,2.918870919309934e-07,1.733273130249473e-05,1.9484692273934756e-05,0.002393606386819928,0
0.8294369876266141,0.16948702233722251,2.8569099271192016e-05,1.1292749157071931e-07,3.7773457766926076e-05,1.6207842456337563e-05,0.000993326709177297,0
0.7993924814298217,0.1985172359459668,2.7534247325963228e-05,1.0883694488555982e-07,4.990314112212711e-05,1.562074948799832e-05,0.0019971156493307093,0
0.8094670606421122,0.19006212520605645,2.3996497023983933e-05,1.193974055197766e-08,2.1792799872918416e-05,1.3578238248138297e-05,0.00041143467694586256,0
0.8002222351108966,0.19972593009784054,1.6643632449402375e-05,7.662889439523638e-08,1.0644474181452851e-05,1.087579334857202e-05,1.3594262389035748e-05,0
0.04008898984128317,0.0004050083650060077,3.4515521661483058e-06,3.195728415043106e-08,2.176857109827628e-06,1.8320741174359397e-06,0.9594985093530333,6
0.055387085738758265,0.0007283711715595672,4.745969730384764e-06,3.4631913152791394e-08,2.9932324511681365e-06,2.5191472956572284e-06,0.9438742501082918,6
0.033162599071537596,0.0004460705993303637,2.7744286069689247e-06,2.0771820167196986e-08,1.7804173656275912e-06,1.510955354075055e-06,0.9663852437559852,6
0.13311925243649703,0.0009853676878248787,8.72413259932061e-06,2.7695920063313535e-08,3.5380060512362183e-06,4.172156862649556e-06,0.8658789178842448,6
0.12983953115901578,0.0010286966933958442,5.222311480627179e-06,2.229942504372922e-08,3.6252156663759783e-06,2.9944609716995267e-06,0.8691199078600447,6
0.1066818211739333,0.0009975868975803332,3.770812722937108e-06,1.8558967563875885e-08,2.9448275935946372e-06,2.557299810623914e-06,0.8923113004293917,6
0.1399403369275494,0.0013713468490427106,5.36358761675035e-06,2.2072060666762793e-08,3.7460928870697076e-06,3.764739066641702e-06,0.8586754197317767,6
0.38846928117094937,0.007394072602330966,1.863167808850099e-05,1.3437264249061695e-07,9.221157771190396e-06,1.0886800603821898e-05,0.6040977722176136,0
0.8068273310752179,0.00802230062750814,2.2778995481490515e-05,2.234192531107893e-07,1.5834388552620828e-05,1.5214891639098892e-05,0.18509631660234752,0
0.9539013419466721,0.044081626314903956,9.244027133576585e-06,7.495390283302544e-08,3.762181740473457e-06,4.226087766998934e-06,0.001999724487879913,0
0.9053237747895853,0.09032557290660424,1.1183775491739902e-05,1.3669470838034092e-07,5.932520445918227e-06,8.881777793976298e-06,0.004324517535370358,0
0.9113687459253302,0.08507808762204065,1.0457322325506026e-05,1.2408745400418053e-07,5.829945615680633e-06,8.98791752312861e-06,0.0035277671797108697,0
0.7698670580553477,0.2300570551576483,1.9863952065119978e-05,1.994070299940921e-07,1.3356933593074805e-05,1.2982546909816863e-05,2.9483947405993157e-05,0
0.8690876020570325,0.1308790380743642,1.2428948657330119e-05,1.3181153103895482e-07,6.28223146270334e-06,9.386437005100184e-06,5.1304399473040215e-06,0
0.6090314986938582,0.38963004217174685,3.118534686195625e-05,2.1790257324092913e-07,1.6379159479084978e-05,1.760778409212484e-05,0.001273068941388447,1
0.7982849088048632,0.20120286914852484,2.4934049340251942e-05,2.0202546114541453e-07,1.661110111240724e-05,1.6982407123651365e-05,0.00045349246357458486,0
0.7687269733691683,0.23119761572066536,1.7872636687932432e-05,1.55965770630226e-07,1.2646724760902535e-05,1.0697304251319425e-05,3.4038278695467794e-05,0
0.7412117270532592,0.25871557882994545,1.8735353039978103e-05,1.3335193645614434e-07,1.0197744944791721e-05,1.1213665628857646e-05,3.241400124527686e-05,0
0.6392885147186369,0.36048118088951353,2.8708710191518207e-05,1.0916357125319264e-07,3.2314735915714946e-05,1.9910337316474795e-05,0.00014926144485475395,0
0.2542308189787025,0.7451745841572028,2.3829618553126923e-05,1.0035797575066084e-07,0.0005387605227672814,1.830503351395573e-05,1.3601331284505712e-05,0
0.36308880000070604,0.6304084498920675,2.1778215488459366e-05,8.281067879337192e-08,0.006444067164698284,1.5104452230007383e-05,2.1717464130937587e-05,0
0.21344082197884845,0.7681887520373187,2.178856157981066e-05,2.00364128186536e-07,0.01828155848685766,1.5253874352254945e-05,5.1624696915178845e-05,1
0.4449989283877027,0.47109127091154057,0.0019342623865940289,4.6909275768758844e-07,0.07745752320241221,0.004496716499921334,2.08295190712507e-05,0
0.22090535263914726,0.7526177443482065,0.0005984361133110003,2.013656164396223e-07,0.02539644506684518,0.0004658113834955145,1.6009083378062896e-05,1
0.1911536144356242,0.7851193851771792,0.0006240903889339827,1.65267619864585e-07,0.022716534053298,0.00037206992332373067,1.414075402108018e-05,1
0.22614450228938873,0.7516689120197922,0.0003831453572234036,1.562162736285146e-07,0.02147239914551414,0.0003199650798808833,1.0919891927015116e-05,1
0.3737124771823298,0.6237933461531342,9.201331839484562e-05,2.2560898607131075e-07,0.0022710266086404746,0.00012251255463063409,8.398573884110916e-06,0
0.8987620030266678,0.10113422020240406,1.4726875517465014e-05,1.5372148251522376e-07,6.814228259157876e-05,1.1323590142128228e-05,9.430301194528219e-06,0
0.6862474917547875,0.3137038374741546,1.5004419472364911e-05,1.7081966989302483e-07,9.56851501221874e-06,1.1680465716521606e-05,1.2246551186942252e-05,0
0.7613836434097121,0.23857186356617865,1.3033965806265633e-05,2.0730114591260588e-07,1.2321767501682918e-05,1.0762256561274463e-05,8.167733094033625e-06,0
0.7525665176914776,0.24732169850896088,1.3226090498540851e-05,1.543132257348984e-07,1.1900294837066556e-05,1.1305887801453846e-05,7.51972131987097e-05,0
0.8529389666517546,0.14697729494700168,1.618230836239861e-05,1.3903616637334364e-07,7.069553719074263e-06,1.0268920920869892e-05,5.007858207511632e-05,0
0.8042695476640255,0.19567648926777145,1.7912098209239827e-05,1.5389828267655124e-07,8.100644188886113e-06,1.0991750979835906e-05,1.6804676542246928e-05,0
0.9244968960642609,0.07548089348800546,9.855506249158206e-06,7.791901953139928e-08,4.352481716430586e-06,5.592403583048827e-06,2.3321371655271706e-06,0
0.9268159875024746,0.07315877255765917,8.594725788267673e-06,6.962654163176586e-08,4.442543214767235e-06,5.9266265844287046e-06,6.2064177370316365e-06,0
0.908575185423424,0.09137908181767643,1.1046999590570685e-05,1.0560610748283611e-07,4.951375592345639e-06,6.8686098060181544e-06,2.2760167803151527e-05,0
0.7115901233918667,0.2883497344727993,2.179837347279205e-05,2.104149889075653e-07,9.283378851202694e-06,1.7661845609388764e-05,1.1188122411874525e-05,0
0.6983491899863974,0.3015876831714488,2.38469740063621e-05,1.7522329581595414e-07,6.247739925721892e-06,1.6033440647758588e-05,1.682346427814557e-05,0
0.7633248571915112,0.23403091890227032,2.2638476933000396e-05,2.429482544655722e-07,1.5705811542516313e-05,2.328092620365747e-05,0.0025823557432848006,0
0.7555511543279149,0.24137999463276463,2.240792660923782e-05,2.5866894304462715e-07,1.6978100815376425e-05,2.1263656186432247e-05,0.0030079426867663716,0
0.7593460825747084,0.23839455635927856,2.24167217859422e-05,2.5877047136099877e-07,1.698476476958246e-05,1.7119560317219926e-05,0.00220258124866922,0
0.8331764658463925,0.1659418946038501,3.158598622082627e-05,1.7056432279785008e-07,6.070479282449485e-06,1.1051420228688303e-05,0.0008327610997025239,0
0.8333334798053692,0.1651314859569163,2.4771328799159256e-05,1.633253452417919e-07,7.804968925847267e-06,1.0756685323990487e-05,0.0014915379293205032,0
0.7823719975194198,0.21404691029663253,2.2490609751759466e-05,2.2462410214572173e-07,1.804141990186451e-05,2.3314921250824037e-05,0.003517020608941065,0
0.7850814677669954,0.21313379368757462,2.3144218368194892e-05,1.7860877351043212e-07,1.1019113451925723e-05,1.852644442134993e-05,0.001731870160414961,0
0.7466986355492066,0.2504495150069131,2.319193071120967e-05,1.967248996736788e-07,1.152176419027848e-05,1.7419018442795387e-05,0.0027995200056359993,0
0.7315476131341935,0.2608501601574244,2.6096837714091125e-05,2.1095872620710582e-07,2.795181804075124e-05,2.3155572248062464e-05,0.007524811521653057,0
0.8239314018652603,0.17267813152643693,2.0533773517844664e-05,1.7325758641948757e-07,1.068897660310987e-05,1.7811321613564888e-05,0.0033412592789818065,0
0.8373175812447032,0.14889847870794948,3.0557723867628794e-05,2.1756471246655212e-07,1.7015857459861854e-05,2.0766622131942382e-05,0.013715382279175332,0
0.8619330836193938,0.12630620251127195,2.726187410318373e-05,2.115035234859071e-07,1.4033749505645186e-05,1.7469211323696828e-05,0.011701737530878142,0
0.8631167662597156,0.1068625689658264,2.866771094100807e-05,2.22410310140439e-07,1.5971676086963544e-05,2.2256118238552153e-05,0.029953546858881446,0
0.9519878993988711,0.018831149213349992,4.007102466782086e-05,3.1716608027973564e-07,1.5631871912016782e-05,2.8069568780748823e-05,0.029096861756338153,0
0.07821857862408785,0.003533458238210102,7.434675180517414e-06,3.447613364374994e-08,4.010093240216126e-06,3.5925219558750808e-06,0.9182328913711917,6
0.05902831436651399,0.0034390481608743344,5.908903295429789e-06,2.7400812376453313e-08,3.1871268867518598e-06,2.855251145282286e-06,0.9375206587904718,6
0.15569755192899584,0.017092403615384073,1.615255474856139e-05,7.265024082892996e-08,1.1622081709159487e-05,8.415847224646416e-06,0.8271737813216969,6
0.4823665719140579,0.06851323540224175,3.787637708811553e-05,6.461280786319023e-08,2.56020189394807e-05,2.427714324536226e-05,0.44903237253161943,0
0.5449403160204606,0.08890748211038274,3.90912886536876e-05,7.333238421514294e-08,2.3404742065853096e-05,2.7553373007477684e-05,0.36606207913304556,0
0.9665860286358006,0.03264355321134512,2.3285008378245504e-05,1.5920037853149014e-07,7.803229008679887e-06,1.3906444887346986e-05,0.000725264270201678,0
0.9245360823822443,0.06742176914225576,3.8386566359106153e-05,2.708017342203542e-07,2.6906256106483476e-05,2.6085844441318908e-05,0.007950499006859135,0
0.8624200796664072,0.1353138993495251,3.4921438483455864e-05,2.3836636076216847e-07,2.1099612130866905e-05,2.0804644551869688e-05,0.002188956922540887,0
0.6541774258660541,0.3454504987398941,2.133961546088846e-05,1.750096235391086e-07,2.0823967195902606e-05,1.4044711451698931e-05,0.00031569209031980303,0
0.5103181359193992,0.48954969568918977,1.6826876472276905e-05,1.5330197340729615e-07,1.3667269689191028e-05,9.451746064571485e-06,9.206919721152561e-05,0
0.2100559468127168,0.7886424656560308,1.668820469800047e-05,1.3640112756074904e-07,5.5343612514003205e-06,8.202949976267735e-06,0.0012710256141990795,1
0.210769951699875,0.7858320664372934,2.3278118489821124e-05,1.4810399810391303e-07,4.833067810666907e-06,7.835738983142188e-06,0.0033618868335497138,1
0.2480692830099072,0.7414230958671862,2.758689974117463e-05,1.7513590352184655e-07,1.112062825884246e-05,1.0597751916486779e-05,0.010458140707086377,1
0.4390482834819712,0.5479477474326755,3.243010934135648e-05,2.0633234831681882e-07,1.1571193404010516e-05,1.249204356674087e-05,0.012947269406692672,1
0.15811271966162144,0.840815919602778,2.1231202913770805e-05,9.848637955869093e-08,9.844920702092006e-06,6.152126200584526e-06,0.001034033999404517,1
0.06344387010318724,0.9344620396838698,1.6409748265779143e-05,8.968307911440204e-08,7.715507726776285e-06,5.426643846602751e-06,0.0020644486300246965,1
0.1668823796745614,0.8039830627609945,3.0037448543707382e-05,1.6184497947831872e-07,2.6297092502233272e-05,1.1573011593423674e-05,0.029066488166825454,1
0.6001902690009656,0.39073084203835057,2.5323682918027095e-05,1.9979488887850262e-07,1.9375183744870725e-05,1.4104432481880236e-05,0.00901988586665029,1
0.6881735035229227,0.2958982361785787,1.9234760091900593e-05,1.8112241475098141e-07,1.2926401384788133e-05,1.5311041823707644e-05,0.01588060697278343,1
0.770753994597722,0.20767075710617447,2.311663557433708e-05,1.9522468873049096e-07,1.4686578574162609e-05,1.5228351465346327e-05,0.02152202150580106,1
0.8531323342949876,0.13789030397918187,2.087478563699354e-05,2.0201470470262035e-07,1.502254974443966e-05,1.5442856532754264e-05,0.008925819519211595,1
0.8780726325099014,0.11442441005361133,2.2746374999320234e-05,1.9712543090389762e-07,1.5452554575637786e-05,1.344899288566706e-05,0.007451112388595857,0
0.8819143244926153,0.1112344287789999,2.3646579115470937e-05,2.0492681131299455e-07,1.0474679037349158e-05,1.3981246431742895e-05,0.00680293929698889,0
0.9166118460575392,0.08161465872344607,2.6056240386703865e-05,2.1935311184043345e-07,1.1228118393679244e-05,1.296688007842837e-05,0.001723024627043865,0
0.7588255908588086,0.23597775005972704,2.601963392068929e-05,3.65536243718182e-07,9.88696839655896e-06,1.0893264754632359e-05,0.0051494936781488,0
0.752383787854498,0.2452052376606468,2.9068127950828034e-05,2.674862514998632e-07,1.5575204383671655e-05,1.945788074927564e-05,0.002346605785519995,1
0.7582063183144324,0.23923039745825256,3.095622949868126e-05,2.6754992507231626e-07,1.588755066420478e-05,1.9645524055542162e-05,0.0024965273731714123,1
0.7401807663385279,0.2597350805919169,1.6131943711192476e-05,1.619427479957188e-07,1.5407279515739676e-05,1.0726643881600198e-05,4.172525969871667e-05,0
0.6616878173892654,0.3382119166147079,1.869386617542317e-05,1.8766096096726738e-07,2.0602650918966165e-05,1.2430147837357734e-05,4.835167013392269e-05,0
0.7553563123841621,0.24440946772267208,1.3098393363537766e-05,1.32109408405661e-07,0.00019887938003058556,8.279035208774134e-06,1.3830975154402173e-05,0
0.682675874675093,0.31705374211862625,1.6918125259435212e-05,1.706349364631686e-07,0.00023501105733440058,1.0693353818432319e-05,7.590034931758279e-06,0
0.7564064603852769,0.24332730399280822,1.5463512310172333e-05,1.6776443575674335e-07,0.00023395230115051286,9.714596942918023e-06,6.93744707537414e-06,0
0.7696196161776659,0.2297363661525053,2.9935512842409917e-05,2.3480073094046474e-07,0.0005791255685663028,1.3596412449993716e-05,2.1125375239036748e-05,0
0.03627600572600119,0.000477049775010268,3.093819685758978e-06,2.268231778358234e-08,1.9956768333148023e-06,1.6499261606384489e-06,0.9632401823939911,6
0.028562863667111117,0.0004148700134341249,1.263993858818724e-06,1.270750029320341e-08,9.286465871852389e-07,7.934727392148231e-07,0.9710192674987691,6
0.030686121212881806,0.00024379421818753174,1.4865452041036135e-06,1.4877715137572455e-08,9.183826730778418e-07,8.875839351807341e-07,0.9690667771794031,6
0.7337159445595233,0.00685108419165608,2.3111894167209906e-05,2.3996638900006e-07,1.813291927087582e-05,1.590692751688037e-05,0.25937557954147666,0
0.9482025333869784,0.04883681256993875,1.0152287011003836e-05,9.035724941413326e-08,3.867120171842906e-06,6.103817680622234e-06,0.0029404404609700216,0
0.9395968633650864,0.05779135149570173,9.527740847076368e-06,1.0184052156519579e-07,6.703897994268787e-06,6.623170406602038e-06,0.002588828489442522,0
0.8186656355298657,0.17940739023840616,2.6251696650351772e-05,2.524092518776354e-07,1.6696047395487228e-05,2.0213016903807975e-05,0.0018635610615266162,0
0.820996427427196,0.1770179876238403,2.084010175926932e-05,2.5818294711522596e-07,1.677633652492436e-05,2.067537634018644e-05,0.001927034951392211,0
0.772460362981308,0.22745934051937855,2.1018228288887147e-05,2.1099439150300218e-07,1.4133092879926674e-05,1.3736950926339696e-05,3.1197232826838436e-05,0
0.8704096743769635,0.12955881716874934,1.2303573669145242e-05,1.3048190376296692e-07,5.672892040551402e-06,8.322819200831e-06,5.0786874728582354e-06,0
0.5984366756691358,0.40145834050179463,3.5660203732175154e-05,1.9945898493588316e-07,1.3918533408190606e-05,1.3285647229858542e-05,4.191998571434616e-05,0
0.555703858720268,0.44421095992716747,2.961075761730687e-05,2.008771454744264e-07,1.4017494680054279e-05,1.4986359821307703e-05,2.636586330054697e-05,1
0.6250340940150443,0.37100089907100503,3.066190372396427e-05,2.399032786088237e-07,1.8874571376986258e-05,2.06817255498618e-05,0.0038945488100212795,1
0.6582127831902841,0.33998919905178454,2.6745436162107678e-05,2.400124252980682e-07,1.8767806746901242e-05,2.0175618944450406e-05,0.0017320888836524953,0
0.7871202416506491,0.21167225855316452,2.2761801503863002e-05,1.844250559773637e-07,1.5163946341873688e-05,1.735752316267132e-05,0.0011520321001219744,0
0.7204332476752452,0.2794281112815196,2.8193027579510032e-05,2.2843098287453505e-07,1.7143397649066075e-05,1.9627958549795216e-05,7.344822847390087e-05,0
0.8171211706246048,0.1828297307595889,1.658469151699995e-05,1.6029457139226167e-07,1.2029863654150098e-05,1.2175367191926109e-05,8.14839887197406e-06,0
0.811567738588057,0.18837688615688614,1.8361683912716847e-05,1.602334468897437e-07,1.2236548240212254e-05,1.0990013550351647e-05,1.3626775906660343e-05,0
0.7911035817324008,0.2088369549001395,1.7271811308066587e-05,1.229349390492458e-07,9.091022536819243e-06,1.0337692404306435e-05,2.263990627154205e-05,0
0.7679466264932865,0.23200499161850976,1.6801057921088838e-05,1.1958427490041348e-07,8.843241364713687e-06,1.0055932510913635e-05,1.2562072132138522e-05,0
0.7412177991613091,0.25871769826342383,1.873550652255786e-05,1.3335302889348345e-07,9.861438907438113e-06,1.1213757492743294e-05,2.4558519315369734e-05,0
0.32742432833896984,0.6724289145019126,2.469001755704803e-05,9.388267438178683e-08,6.404186548350801e-05,1.712395540149269e-05,4.080743800113222e-05,0
0.2157645489090298,0.7514714226728139,0.0001280210308401143,2.0254548935349927e-07,0.03242047311089594,0.00015630759110010054,5.9024139830706316e-05,1
0.20440994964562426,0.7029339383148151,0.00035639054761575276,2.140094513798684e-07,0.09086758769154633,0.0014190338040850267,1.2885986861929258e-05,1
0.20402856760577304,0.5843431312984595,0.0003779367185759645,1.902332177181903e-07,0.2099795278090162,0.001261380583247324,9.265751710209121e-06,1
0.15207678970944474,0.4935968720969756,0.00026762574397639727,1.5912434735196996e-07,0.35280736313632693,0.0012434396671678102,7.750521761118493e-06,4
0.45441438184958743,0.40103772221357126,0.0014698639264805078,2.9631866414594067e-07,0.13897741130620642,0.004085148311812086,1.5176073678262928e-05,0
0.5394909118621444,0.3976376098804681,0.0025500812733327636,2.870992277469625e-07,0.05797159566850926,0.0023212308944769553,2.828332184072468e-05,0
0.4242366243556265,0.5311824343693636,0.0006284939752944943,2.6234559099951704e-07,0.0430654848373862,0.0008658295899212333,2.0870526816959402e-05,1
0.19555429822339346,0.7868527530191395,0.0006069847754401755,1.9029526768300445e-07,0.01673054190503902,0.00024814780473291235,7.0839769871897455e-06,1
0.3111107006338972,0.6870040463597663,2.5241420008640224e-05,2.661376859344018e-07,0.0018330129461638825,1.682519755393028e-05,9.907304924281175e-06,0
0.3963100027562334,0.6019517331196793,2.653630224003122e-05,2.6598773762065154e-07,0.0016830633566076517,1.8496754589476896e-05,9.901722912616857e-06,0
0.5467782424829061,0.45202886827859334,1.798562580651855e-05,1.904931383877579e-07,0.0011516335006277036,1.2042956918293051e-05,1.1036662009773303e-05,0
0.9075876604324079,0.0923692174028796,1.2852567185757096e-05,1.3415715231503394e-07,9.146481687332494e-06,1.034302562031947e-05,1.0645933066725425e-05,0
0.9166513173367588,0.08329814752057507,1.2718083438506752e-05,1.3275338944781823e-07,7.31247298231463e-06,9.631198966873169e-06,2.0740633888922057e-05,0
0.7284455749906326,0.2715116405269296,1.3459241603038643e-05,1.5322840126377482e-07,8.583134826972143e-06,1.0477593645273874e-05,1.0111283961221836e-05,0
0.7237154072582502,0.27623846966975074,1.3558403323895135e-05,2.0211738467888084e-07,1.3744199622860194e-05,1.2564008452087128e-05,6.054343215560678e-06,0
0.7068220767331864,0.29311720221550464,2.0887328563976528e-05,2.1602903396616704e-07,1.5236303273122535e-05,1.3999139597477674e-05,1.0382250840428342e-05,0
0.8218602699050204,0.17802571688729785,1.4178350148917094e-05,1.6542355787748825e-07,1.1273003960942328e-05,1.3449124401098956e-05,7.49473056129114e-05,0
0.7503990446796382,0.24948876295607975,1.3294708382854496e-05,1.551138135633808e-07,1.1962034400584452e-05,1.2500636304370326e-05,7.427987138049457e-05,0
0.8655545271423871,0.13413782400498495,1.319159914550137e-05,1.5045478803095416e-07,6.6525396064789964e-06,9.107109415700964e-06,0.0002785471496721837,0
0.8290291873902671,0.17086246365981042,1.7339695609165725e-05,1.4898027831313408e-07,7.332646932035176e-06,1.0784313422100714e-05,7.27433136808456e-05,0
0.8174792365372874,0.18246830031249298,1.6703029206527963e-05,1.435101282023411e-07,7.505770547896987e-06,1.0387381408501664e-05,1.7723458928664144e-05,0
0.9284163929090476,0.07156236772930859,9.265383011616196e-06,7.458342991590882e-08,4.241062297483273e-06,5.47687464873648e-06,2.181458256160863e-06,0
0.9209849316826876,0.07899359616135938,8.218147281244094e-06,8.439293919865943e-08,3.881322622605213e-06,5.9024131737701705e-06,3.3858799362256844e-06,0
0.9192754191199014,0.08067425240882935,1.0349778909755551e-05,6.721628235664677e-08,5.297819564139465e-06,6.4194633666507614e-06,2.819419314634694e-05,0
0.9281747731838177,0.0715342212471255,1.851894333384404e-05,1.1614884067634789e-07,7.223503822225444e-06,7.744325925035786e-06,0.0002574026471350501,0
0.9442178792763126,0.054791901929951446,2.2601810867752906e-05,1.737234530507472e-07,8.503758977994175e-06,9.913968579572888e-06,0.0009490255318577586,0
0.963573335199672,0.03560682676879252,2.3574410882838443e-05,1.6021078683742732e-07,9.625329519426072e-06,1.0033952330482716e-05,0.0007764441280158055,0
0.9652628121582392,0.03378528278153387,2.272001724195534e-05,1.656998941003954e-07,1.2661124933578817e-05,1.037773343099886e-05,0.0009059804847261923,0
0.7738737007575149,0.22607685137141792,1.919115973409908e-05,4.6038720991099913e-85,9.143614037843835e-06,1.790712257379229e-05,3.205974721419841e-06,0
0.728771255305647,0.2711608250661126,2.4854373576805554e-05,1.8262548751078236e-07,6.511671547223868e-06,1.6710762693606978e-05,1.9660194935295158e-05,0
0.7232732237946985,0.276652360261741,2.1984318286758937e-05,1.710016963295934e-07,6.051629251918441e-06,1.564715202963861e-05,3.0561842296097854e-05,0
0.7788461380957635,0.22107041781377512,2.0907751831829532e-05,1.6262778690910684e-07,5.755282512151265e-06,1.4279410782916329e-05,4.2339017547629225e-05,0
0.7989238083308944,0.20087181171193022,2.629207564898424e-05,1.457050596268033e-07,4.6633596714569e-06,1.0042025138647487e-05,0.00016323679165654883,0
0.8574520695313799,0.14236555277193738,3.37893938990963e-05,1.4998913039142388e-07,4.867368782643779e-06,1.0337284249238804e-05,0.00013323366062145662,0
0.8358480342532877,0.16393151743666753,3.25816039197223e-05,1.4959733890789475e-07,5.226147848230593e-06,1.105005405461211e-05,0.00017144090688332616,0
0.8149125862141764,0.1848400572527864,3.9946864673731595e-05,1.7034199939720673e-07,6.460817868784858e-06,1.5057984859614826e-05,0.0001857205236355422,0
0.7532731229739028,0.24625078023029526,0.00011355119849364906,1.6360897758160918e-07,6.20544439770275e-06,1.4462795529223608e-05,0.0003417137484037659,0
0.7618814062385302,0.23595135190099348,2.4642903879321476e-05,2.454945694927962e-07,1.3221473496285057e-05,2.3238671700636986e-05,0.0021058933168306717,0
0.7771663402696527,0.22048161817068465,2.2663125888045044e-05,2.432127784713267e-07,1.5815670245110142e-05,2.302148824114936e-05,0.002290298062509888,0
0.7524819312418943,0.2451218476094499,1.7988536803057515e-05,2.0257683642593599e-07,1.0843847325180988e-05,1.2026695218065228e-05,0.0023551594924732574,0
0.775638492483641,0.2214309970617146,1.8739434430742978e-05,2.008601634140602e-07,1.2815753787434931e-05,1.67235535401914e-05,0.002882030852722567,0
0.7764942007199156,0.2212063706853709,2.2628560810791507e-05,1.718077273550365e-07,1.0599528804961499e-05,1.766227240524476e-05,0.0022483664249653805,0
0.8209673083234216,0.174806789919785,2.1787888532612368e-05,1.709839461859815e-07,1.0469838899397352e-05,1.7577585600791e-05,0.004175895459814071,0
0.8320466821479573,0.1531442624284886,2.9874729022236824e-05,2.161951465191621e-07,1.38469894970887e-05,2.0635896619556743e-05,0.014744481613268547,0
0.8601343871217478,0.12927252396979447,3.083085554152438e-05,2.19357341417408e-07,1.475986698116111e-05,1.9675958821600557e-05,0.010527602869772088,0
0.904934044724603,0.07552979733796032,3.612508598046958e-05,2.312116231071568e-07,1.530186005883211e-05,2.0738420701147808e-05,0.01946376135907346,0
0.970072184309168,0.013763674163761602,1.9261670488264147e-05,1.378549773975394e-07,9.123406272585944e-06,1.4458771086897674e-05,0.016121159824245373,0
0.16338483302934095,0.0016366182591011837,1.3865464717152345e-05,8.531390883180499e-08,6.273789793910111e-06,6.672444742573344e-06,0.8349516516983952,6
0.08882550687347011,0.0025383754838025348,1.0001886004571162e-05,4.8887746255829466e-08,8.050844632692096e-06,5.184597932717768e-06,0.9086128314264111,6
0.7288404880239583,0.14635086510402476,6.040863459362928e-05,3.0314995660416654e-07,3.884524365388385e-05,3.68517675038787e-05,0.12467223807630906,0
0.7624655864915826,0.22225472236604296,5.548248267575987e-05,3.8859331914933766e-07,2.5021960180992353e-05,2.6799060783666524e-05,0.015171999045414965,0
0.8091912252239224,0.17640273691083927,4.9124011223990656e-05,3.818777572547828e-07,1.837870636540215e-05,2.4971233369259988e-05,0.014313182036522428,0
0.9712820572583536,0.02791967565358812,1.9448545278610788e-05,1.6118177929857166e-07,7.75722737683592e-06,1.4079523876362807e-05,0.00075682060974724,0
0.9732256490179654,0.025912892636850454,1.948746294630316e-05,1.6150431339225046e-07,7.91615670084638e-06,1.4107697820667514e-05,0.0008197855234029053,0
0.9707401364812271,0.028327718317350994,2.206166736769417e-05,1.6109184892824994e-07,8.391489791693489e-06,1.4071668293668132e-05,0.0008874592841197385,0
0.9760734803247119,0.02277393162998869,2.357734462166952e-05,1.4255576344520373e-07,1.116157334224745e-05,1.6581139319151982e-05,0.0011011254322532105,0
0.9103096622509531,0.07950105582951547,4.4549032287406286e-05,7.588493476898662e-08,2.5094524961158393e-05,3.2793409542241885e-05,0.010086769067805744,0
0.8273043275045335,0.1698427406803698,3.393723904249116e-05,2.45292481135795e-07,2.2418776388783634e-05,2.0681651441112074e-05,0.0027756488557430263,0
0.7415667054727952,0.25665231372316377,2.2626633592352462e-05,2.0134269595532032e-07,1.217554958293058e-05,1.6873152058050917e-05,0.0017291041261116987,0
0.7059136535665315,0.2922618137414754,2.106024984399816e-05,1.9705429271214905e-07,1.238950810066516e-05,1.668245413704291e-05,0.0017742034256186105,0
0.7204986009318809,0.277501526360544,1.9087658622172224e-05,2.0484210831920415e-07,1.2873311986997892e-05,1.734176419268441e-05,0.001950365130665048,0
0.8049638520010215,0.19423817737655205,2.978904382074814e-05,3.413091489119931e-07,2.63039648900775e-05,1.3580881959850037e-05,0.0007279554226068591,0
0.7583108085792304,0.24117675790791065,1.9621417186915046e-05,1.9560700466154406e-07,1.1965962137026358e-05,1.1834003554722537e-05,0.00046881652297549943,0
0.7352924987573278,0.2642407148316163,2.0422742938980242e-05,1.8927448134710947e-07,1.5743480136653412e-05,1.2830302712222736e-05,0.00041760061078660636,0
0.7471365040396694,0.2522878436113364,2.4196431045063236e-05,2.0816740824526666e-07,1.5852526659985828e-05,1.4826878826118559e-05,0.0005205683450547731,0
0.5441384497658078,0.4557099188202014,2.020465527601688e-05,1.657016322564024e-07,1.4997973380784053e-05,1.200661816791539e-05,0.0001042564655338232,0
0.5622100075546618,0.43764974191065903,1.849417907791494e-05,1.6849200467260868e-07,1.0007647969529845e-05,1.0388278811290859e-05,0.00010119193681579436,0
0.39980854459433335,0.6000848125966854,1.8939956992134493e-05,1.4457570162173424e-07,7.733766470789595e-06,7.4968239095747705e-06,7.232768590695602e-05,0
0.40023767019706086,0.5996475750621981,1.9073780772293327e-05,1.455972280654411e-07,1.4461780023755167e-05,8.234852125839365e-06,7.283873059107169e-05,0
0.24588061372429484,0.7537195859088449,1.895846245959247e-05,1.5863493272133525e-07,7.256458604226871e-06,1.073940154011992e-05,0.00036268740932355524,1
0.1611870050775513,0.837989418976348,1.3487391193484332e-05,1.0845804855355401e-07,4.2536376787339734e-06,6.522497010973646e-06,0.0007992039621688861,1
0.11305311545652152,0.8856743949781533,1.8391811058643112e-05,1.0046284690709099e-07,6.300619255279019e-06,5.3149710887263105e-06,0.00124238170107548,1
0.1325972095603439,0.8659939406754124,2.1263067316235095e-05,1.161467062571974e-07,7.2842468276666134e-06,6.144723196812167e-06,0.0013740415801968638,1
0.05039975332052638,0.9478214498877153,1.5201098441283929e-05,6.47388577030424e-08,5.308152700567269e-06,4.627720128124897e-06,0.0017535950816305855,1
0.169344091579453,0.8196827488649744,3.5473535139364974e-05,1.91235391875094e-07,3.941101547053583e-05,1.1571484529961836e-05,0.010886512285040796,1
0.1268209811538778,0.8630540511221252,2.5558586537625704e-05,1.3902143874690977e-07,1.9319831978224306e-05,8.416474176043359e-06,0.010071533809866284,1
0.1894998136197963,0.7950754709095086,3.4103495677738216e-05,1.8375327551776237e-07,2.5536222617538113e-05,1.2081735883308642e-05,0.015352810263240986,1
0.560465340141982,0.4299248683449492,2.3968101899908946e-05,1.8909983477608682e-07,1.867819738631301e-05,1.2377084363305347e-05,0.009554579029584615,1
0.6594563055379942,0.3294303767430762,2.7718945429955953e-05,2.1869266172437085e-07,2.2366673031742936e-05,1.3208302952990207e-05,0.011049805104853297,1
0.8621494044476229,0.12814187157160178,2.107850491042596e-05,2.0398618788718297e-07,1.5345698312700673e-05,1.5593565027072816e-05,0.009656502226337417,1
0.7812109643773819,0.21165056168051397,2.7376619025744276e-05,2.4365701942268965e-07,1.2998244536001669e-05,1.4563482746529291e-05,0.00708329193877634,1
0.8874489276422446,0.1064135114476513,2.251873930385463e-05,1.951526864749894e-07,1.5241964215762531e-05,1.3314401292548055e-05,0.006086290652605591,0
0.8872206764363599,0.10654594773360758,2.3392481910754878e-05,2.027247452267445e-07,1.0775100068251304e-05,1.3831009240164183e-05,0.006185174514068097,0
0.7759613451759381,0.2218653068557159,2.3203113674821744e-05,4.151060046539117e-07,1.1227723706651799e-05,1.2370482237101875e-05,0.0021261315427226024,0
0.6385853757478351,0.3548008108537253,4.484073010512829e-05,2.644940140065262e-07,1.6058485028825454e-05,1.7442188057863668e-05,0.006535207501233684,1
0.6951857968756752,0.298860333154215,4.180909347318447e-05,2.967869738036294e-07,1.7739143330589965e-05,1.928253907516758e-05,0.005874742407257158,1
0.7511783589165704,0.2461820521527845,3.0011089322311762e-05,2.7888286841323005e-07,1.5922995696062433e-05,1.852191796521244e-05,0.0025748540447930704,1
0.7410570209890911,0.25668805293998936,3.447888802085871e-05,2.8667041596243286e-07,1.994551944572595e-05,1.903912548562133e-05,0.0021811758675513494,1
0.731911966952069,0.2660051496437608,3.405339944824342e-05,2.8313274427113305e-07,1.9699380689919837e-05,1.8804172133244665e-05,0.002010043319154645,1
0.8127290774092409,0.18576689176505204,2.878964080286995e-05,1.1379924470942139e-07,2.799017107476082e-05,1.633296024064656e-05,0.0014308042543438133,0
0.7216977191206707,0.27692167389772177,2.5888866552553672e-05,1.0108418911809846e-07,3.810116428088594e-05,1.45080404183668e-05,0.0013020078261667194,0
0.787987600551827,0.2119657234869119,1.4717922398505761e-05,1.4442727422224447e-07,1.0174802720636668e-05,9.617436759258386e-06,1.2021372108222564e-05,0
0.6716404921976951,0.32823668070318157,1.814250853236657e-05,1.8212608101457582e-07,4.5513347929788715e-05,1.2063532555631748e-05,4.692558402456888e-05,0
0.7419129448890928,0.2578271675887824,1.6903130718790034e-05,1.8338292948458117e-07,0.00022496100793110662,1.025669266447113e-05,7.58330788100429e-06,0
0.7998987852385823,0.1998389746288494,1.9757607634897904e-05,2.0663898726828104e-07,0.0002229179718326784,1.1557414808811435e-05,7.800499304876475e-06,0
0.05276067284986936,0.000710816416535816,4.324227977300829e-06,3.170304772488148e-08,2.78935506034636e-06,2.3060997695355486e-06,0.9465190593477399,6
0.039122665721695565,0.0004933791454130726,3.1570217225531322e-06,2.3508186524246996e-08,2.068339915140426e-06,1.7100003758697668e-06,0.9603769962626912,6
0.028008495811825393,0.0003086774974160398,1.777293553136242e-06,1.538913386602819e-08,1.2587541794026352e-06,1.0456296788835327e-06,0.9716787296242132,6
0.6480212744441656,0.005018338316637371,2.2584855234034266e-05,2.7523724767404297e-07,1.749506681910583e-05,1.5692201582107233e-05,0.34690433987831415,0
0.4610726601738526,0.03799994456946378,3.0463515743468968e-05,2.4700916234814914e-07,1.8015729818696755e-05,1.4040422290128416e-05,0.500864628579669,0
0.9538250374636174,0.04367292928534812,9.258648048293434e-06,8.240369584021524e-08,3.5267230519332257e-06,4.389307314267524e-06,0.002484776168924075,0
0.9440664928773681,0.05391500493676957,1.441620731168168e-05,9.500958328270099e-08,6.040518832266847e-06,6.178922207686614e-06,0.0019917715279276446,0
0.8248597477793039,0.17334361632724862,1.9477696928470002e-05,8.967720150824054e-08,1.5211272181311329e-05,1.3702425986771946e-05,0.001748154821149253,0
0.8055237641602072,0.19320580772534932,1.9646903979152152e-05,1.9279547152002896e-07,1.5343415858891656e-05,1.3821461984555805e-05,0.001221423537149087,0
0.7886703300943861,0.2106736368474023,1.9296629300703768e-05,1.9371188196265265e-07,1.849576074029835e-05,1.2337607811874583e-05,0.0006057093484765755,0
0.7220419757819968,0.27783684575418743,2.2413828030463213e-05,2.2500431252052582e-07,1.50715231081931e-05,1.6237740305293048e-05,6.723036805940642e-05,0
0.6687475394211999,0.3311533058619709,2.641373188806456e-05,2.8656392788047476e-07,1.86107513777133e-05,1.6072663382380598e-05,3.7771006252809544e-05,0
0.8385097398592605,0.1614165327670418,2.266075933198496e-05,1.446252039784851e-07,7.297110290382392e-06,8.773934977051052e-06,3.4850943894267224e-05,0
0.5316649968851979,0.467649437070928,3.201853580037063e-05,2.1090337690332224e-07,1.5193578319667708e-05,1.848115464612739e-05,0.0006196618717311533,1
0.5509108171871024,0.44763595951444557,3.316732007031925e-05,2.1847032135625305e-07,1.659719166702079e-05,2.024763785011443e-05,0.001382992678543289,1
0.6696071319641269,0.328418361501914,2.9638633493683082e-05,2.6597585712278924e-07,2.1533864092856345e-05,2.5032835567021993e-05,0.0018980352249483366,0
0.7339650501466146,0.265876509018789,2.872257349026147e-05,2.3272157183412786e-07,1.7711120298389736e-05,2.190214845655639e-05,8.987227077932977e-05,0
0.7916471944432247,0.20826946844011346,1.956127195542817e-05,1.7070166580937303e-07,1.3385022814555764e-05,1.2965850580283026e-05,3.725426964597063e-05,0
0.3705695872327554,0.6292612814796825,3.800803958021008e-05,1.4452385040043527e-07,4.148458279942179e-05,2.6633737795207406e-05,6.286040353689875e-05,0
0.34713944459868323,0.6527051286985573,2.9686309024272033e-05,1.2502331392936118e-07,5.3237378095287825e-05,2.3040059839648993e-05,4.9337932486358785e-05,0
0.3551092431253824,0.6447122703075122,3.585815119718331e-05,1.3634899711997366e-07,5.806007603262415e-05,2.5127225906803902e-05,5.93047649717695e-05,0
0.40707726758647084,0.5927474432513673,2.3165018579745086e-05,8.808393478640649e-08,5.584684736037094e-05,1.6066280395214576e-05,8.012293189180438e-05,0
0.31332951795786235,0.6812999966720547,2.0216439941318118e-05,9.230573476421608e-08,0.0053134522720300935,1.5099757992604348e-05,2.1624594384220992e-05,0
0.3276140629103049,0.44982818566632876,0.0010129313544730962,2.65315494035669e-07,0.21996723743970373,0.0015561716461096572,2.1145667585913316e-05,4
0.4478372168417466,0.42147915729402025,0.0013897241237106825,2.909175921464805e-07,0.12547423481704495,0.0038044765501744583,1.4899455710772899e-05,0
0.5571689762353094,0.3618851404325514,0.001918135530438856,2.789329169569352e-07,0.0763888026833696,0.002611190579675408,2.747560573840006e-05,0
0.5082646073529923,0.4243662834458149,0.0008997882518834752,2.548767041023883e-07,0.06513049088069116,0.0013134691846695746,2.5106007244391515e-05,0
0.47297574013490773,0.4810930826704939,0.0010756401790735536,2.851945706656024e-07,0.042568057640143125,0.0022591017861671395,2.8092394643942855e-05,0
0.5130237695404924,0.4495618024889336,0.0016790180421316972,2.8395897581859397e-07,0.034138674801222055,0.0015819098045584171,1.4541363685814762e-05,0
0.5464691098600402,0.41885685288961844,0.0015107233471564224,3.024197812608355e-07,0.031218036000653947,0.0019270928788809071,1.788260386877572e-05,0
0.8755872875208642,0.11939157232597189,0.0026261894148800397,1.3253090873740168e-07,0.0014888690734116163,0.0008996206601416675,6.328473821782498e-06,0
0.42335623979836623,0.5508102780056916,0.00044175368459200117,2.618011660401394e-07,0.024562582329013607,0.0008080596053636604,2.0824775806819847e-05,1
0.3613487949290064,0.6090525095657283,0.0004026685494740938,2.3182363288685497e-07,0.028604811780351645,0.0005754026115437854,1.558074026283628e-05,1
0.17241950791839256,0.8067855445748853,0.0004696524491468315,1.6385013307416836e-07,0.020100698642044775,0.0002153860863500873,9.046479047146004e-06,1
0.12013904043337244,0.8683783916867966,0.0004285860295000477,1.3654355640118422e-07,0.010846402306985846,0.00019877431126793293,8.668688520784832e-06,1
0.11242537474021633,0.8794537164159792,0.00042684419707863115,1.4463318903000333e-07,0.007505622432239572,0.00017890129575601218,9.396285541030636e-06,1
0.13891950648315474,0.8484075032709442,0.00018427222256068592,1.774780148441978e-07,0.012291401075212002,0.00019053263123533666,6.606838878320167e-06,1
0.4445809130244796,0.5532717648093192,2.124646552643717e-05,2.353549643423494e-07,0.0021017931175530613,1.5285848163522536e-05,8.76137999395437e-06,0
0.9058407613419027,0.09402236645971838,1.2207053285564063e-05,1.1880794812103952e-07,0.00011194200367460104,8.586309197682608e-06,4.018024272965339e-06,0
0.7332462059689993,0.2667085887249174,1.3590084971677266e-05,1.6221040332448043e-07,7.791422062372492e-06,1.0789512377820112e-05,1.287207626816506e-05,0
0.7956016446695232,0.2042564424344845,1.8481945732637268e-05,1.5879433417280267e-07,8.106130901711257e-06,1.1649013310504993e-05,0.00010351701171311062,0
0.9447284975153624,0.055251377840222625,8.006901079599398e-06,8.22236317816415e-08,4.218578961038213e-06,5.58118078569464e-06,2.2357599568323584e-06,0
0.9426665822133045,0.057311920889663595,8.186945150407225e-06,7.526223581127324e-08,3.981661727128766e-06,5.880003272633251e-06,3.3730246459573824e-06,0
0.9493118235242661,0.05064822880413142,8.181135790070115e-06,7.400348717286838e-08,3.838864858173456e-06,5.639076263508164e-06,2.221459120387987e-05,0
0.9360752157880563,0.06388287934642807,1.0256513111501733e-05,1.556847936673499e-179,4.801902717914285e-06,7.0537246390980585e-06,1.9792725047165488e-05,0
0.9255082909791505,0.07444691095147286,1.0266197647843894e-05,8.236048103477041e-08,5.255036191817023e-06,6.240275658313237e-06,2.2954199397477897e-05,0
0.8103525072596041,0.18954951901446657,1.1640280881744096e-05,1.326636171085936e-07,9.348787888754877e-06,9.135147868636699e-06,6.771684567308293e-05,0
0.9403701840153463,0.059381312028003695,2.6281370187132434e-05,1.1530577263819793e-07,6.926026112573222e-06,7.688113623420078e-06,0.00020749314095420987,0
0.9642118682403696,0.03485652327459058,2.501410197701529e-05,1.5804264899826523e-07,9.495069618969755e-06,9.898162524106297e-06,0.0008870431082707199,0
0.6742285518294534,0.2905975230523525,0.0001293053073749001,7.696112826893475e-07,6.622044274614999e-05,8.708878847476099e-05,0.034890540968315654,0
0.7287713106894814,0.27116084567330057,2.4854375465643104e-05,1.8262550138962253e-07,6.511672042086058e-06,1.7082091350137256e-05,1.9212872858714664e-05,0
0.7241556066341647,0.275281347546907,3.348576355366244e-05,1.9973729356130254e-07,1.2169082365253811e-05,1.93325438516707e-05,0.0004978586918643454,0
0.8934000971906016,0.08203520523583711,3.616870177968508e-05,3.018943662218635e-07,1.875545293261028e-05,2.690607676945819e-05,0.02448256544771328,0
0.7690344157326854,0.22856487867823477,2.2481066589133652e-05,2.406679076264716e-07,1.565018207318266e-05,2.278060157969056e-05,0.002339553070930411,0
0.7345729198503754,0.2619715894566138,2.1785759948686244e-05,2.5148687772957323e-07,1.650669583128227e-05,2.2333620605083858e-05,0.003394613129748038,0
0.8178245012217326,0.1792644322822989,2.102050675926452e-05,2.0955460680941468e-07,1.308276121500905e-05,1.6917945381813656e-05,0.0028598357280055285,0
0.8245484450616549,0.17345465356903078,2.205543475174941e-05,1.8666492539626862e-07,1.6367497895325034e-05,2.037203158391474e-05,0.0019379197401579523,0
0.7651240753656585,0.2321515649375534,2.3123748546734744e-05,1.7845080361718229e-07,1.40618704662813e-05,2.0778601551766448e-05,0.002666217025419528,0
0.7600258569634419,0.23755924158136452,2.376818409847483e-05,1.8046033627413188e-07,1.0802004798233833e-05,1.8551782662424896e-05,0.0023615990232980968,0
0.7181195546790812,0.2776491942103911,2.465713457142697e-05,2.3121143759685474e-07,1.8203961733357308e-05,2.4727833477596472e-05,0.004163430969307708,0
0.8410924697550556,0.14858285923344094,2.3759178793321498e-05,1.8645396235342815e-07,1.1503115576870084e-05,1.9167942704452286e-05,0.010270054320466357,0
0.8361900589310717,0.1516080200098769,3.3908132071361715e-05,2.250352179889863e-07,1.3779553762741618e-05,1.8770459444180978e-05,0.012135237878555109,0
0.8308218169543315,0.10806948868235756,2.8537294810278103e-05,2.572966530008858e-07,1.3605348997162537e-05,2.0276088873205884e-05,0.06104601833397723,0
0.8539707554183631,0.11108059634984525,2.8933642801286255e-05,2.3306677975471358e-07,1.5548846660016575e-05,2.2246299465584834e-05,0.034881686376085075,0
0.9142476891473724,0.06906660592446541,3.405078125887253e-05,2.422666746977556e-07,1.6074954502263814e-05,2.1730884794635115e-05,0.016613606040931646,0
0.9238768432352535,0.0635657577533929,2.893576502985933e-05,2.3504827101840825e-07,1.5235821175324302e-05,2.3268759757301907e-05,0.012489723617119829,0
0.9627082194303122,0.014255470710993479,2.7901566582768613e-05,2.2375444215852555e-07,1.3164186847599141e-05,2.1184909421003583e-05,0.02297383544140072,0
0.3620246376914918,0.03264060246103537,3.531062137273079e-05,1.5625239624134202e-07,2.5287085601788374e-05,1.5996306886739298e-05,0.6052580095812152,6
0.7434196367895493,0.12728131181586133,7.454690840726066e-05,3.184018068535138e-07,4.0156354176856225e-05,3.471439008005386e-05,0.12914931534011834,0
0.7958554363305129,0.18967365271599673,5.1691682481878944e-05,3.6798881782456063e-07,2.3695213203390194e-05,2.7626526843907865e-05,0.014367529542143273,0
0.966706796014149,0.032150108292181824,2.234345767387592e-05,1.2252594203117094e-07,8.498673008551567e-06,1.310348987371207e-05,0.0010990275471710069,0
0.9815125586493216,0.017292760424457407,2.0574971891249845e-05,1.2440250897147195e-07,9.740242655137613e-06,1.4469673361897535e-05,0.0011497716358037906,0
0.9231311051403805,0.06655652025104379,4.526541742169269e-05,7.67936061719782e-08,2.6294919365462313e-05,3.318608871562907e-05,0.01020755138946679,0
0.920556131332638,0.0033419334303218225,4.189953575517857e-05,1.738301757860544e-07,1.7065427218820894e-05,2.1941478549943734e-05,0.07602085496534063,0
0.7469320954875843,0.25104525587023624,2.6224726805906917e-05,2.1364450767743457e-07,1.34717093877638e-05,2.21712084521924e-05,0.001960567353025808,0
0.7593829406718682,0.24001601592327973,2.963135954881066e-05,2.178473855720463e-07,1.6471918153240278e-05,1.433409590308814e-05,0.0005403881838613609,0
0.6348225338035164,0.364891020288604,1.9987833018088157e-05,1.6928239772387865e-07,1.679722364668816e-05,1.3585095389639055e-05,0.00023590647342732027,0
0.08843199100036445,0.9113089982877065,1.1058152629713752e-05,8.892347212450535e-08,5.594420592871861e-06,4.916973341494455e-06,0.000237352241892903,1
0.2507638997061255,0.7377863599111137,3.520316599496571e-05,2.23487899735099e-07,2.5608018949801383e-05,1.3523608067227666e-05,0.011375182101848947,1
0.34515312070250215,0.6366679740155679,4.445693088711269e-05,2.418156608582346e-07,3.1499086186470786e-05,1.7930387388834714e-05,0.01808477706180668,1
0.5669713311689728,0.4215203907842606,2.507280519799945e-05,1.9781555252536365e-07,1.9363890251797463e-05,1.2947551143444485e-05,0.0114506959846207,1
0.6433362987721417,0.34584478672693586,2.6631642196409145e-05,2.1011422432144963e-07,2.275126559286658e-05,1.485928569385372e-05,0.010754462193214905,1
0.5399737977375267,0.4479923289487858,2.7272577562966842e-05,2.2113588581277296e-07,1.5670431662523235e-05,1.2868531794235636e-05,0.011977840636781752,1
0.6868182631028023,0.3056230182979705,3.3789452777117283e-05,2.7397705822800294e-07,1.3472541231512442e-05,1.514842166322089e-05,0.007496034206497057,1
0.7898564236892833,0.20359774068392233,2.8034132875703658e-05,2.4950901541823553e-07,1.310918115470364e-05,1.4913259013660112e-05,0.006489529544734868,1
0.7979061680056986,0.19625156146142625,2.7375208513509608e-05,2.4364446560051626e-07,1.2065060142666094e-05,1.3980456760270614e-05,0.005788606162992778,0
0.894145728084762,0.10345852928244881,2.7348537240567815e-05,2.643359842136504e-07,1.211228962580943e-05,1.5617818624250987e-05,0.002340399651314346,0
0.8117676029723124,0.18559402472991698,2.9387852118303397e-05,2.6418413275241077e-07,1.3050366587819298e-05,1.5634395345692073e-05,0.0025800354995860267,0
0.6893271556388857,0.306168583514852,2.745199184522623e-05,1.9835324325500843e-231,1.8218550812262538e-05,1.1492929382618147e-05,0.004447097374222313,0
0.7314219540881877,0.2662364632763902,3.5083490053618164e-05,2.916973041880053e-07,2.029527265105072e-05,1.937298468559336e-05,0.00226653919072753,1
0.7960531514470177,0.20200315252430343,4.554490698169573e-05,3.379891312855802e-08,4.2317744603452194e-05,2.3393938753565484e-05,0.0018324056394269435,0
0.7198088665664604,0.27974334417831637,2.383783997957258e-05,9.307586795160016e-08,2.1837223999624995e-05,1.2443465176815522e-05,0.0003895776501990248,0
0.7357501573001249,0.26408182637440897,2.246890177675208e-05,9.697203891854628e-08,1.5823864103185487e-05,1.3726615856910748e-05,0.00011589997169058864,0
0.7293078678767134,0.27053072136567813,2.286209533921253e-05,9.866899686603651e-08,1.5164814307185219e-05,1.3966824169846151e-05,0.00010931835479517914,0
0.7886818746575829,0.21127068037123817,1.4730889953331055e-05,1.4455452510358724e-07,1.024500788207405e-05,1.0292555011215354e-05,1.2031963807082482e-05,0
0.6997149596006756,0.3001961089665584,1.7325623841347877e-05,1.7392567106847506e-07,1.5098810967630189e-05,1.1520359871064973e-05,4.4812712414868645e-05,0
0.6525316770860388,0.3473631961922542,1.919968157503674e-05,1.9273865881065515e-07,2.3307859577713142e-05,1.2766480628905952e-05,4.965996126649361e-05,0
0.6445607427710038,0.3551288907708257,1.7731284560469704e-05,1.9236761285937783e-07,0.00027288474541143536,1.160321528580645e-05,7.954845299650187e-06,0
0.7949848646477953,0.20458777469406605,1.9986346711731368e-05,1.9632865876489528e-07,0.0003883980503861142,1.136864186763722e-05,7.4112905142851255e-06,0
0.8127299086251155,0.18692303672824076,1.7914134041667036e-05,1.8735864101379817e-07,0.00030798578684064503,1.0849222441048615e-05,1.0118144679495495e-05,0
0.02067693461711364,0.0001806206852298148,1.4966633954488617e-06,1.286158159744924e-08,9.214002815206476e-07,8.738926799098759e-07,0.9791391398797181,6
0.01996935457418216,0.00019487764253349528,1.7447414437383458e-06,1.7870373177830614e-08,1.0773555120607967e-06,9.495381019479039e-07,0.9798319782778533,6
0.03118139736748925,0.0003928850312079475,2.6505278850269468e-06,2.6937288360884774e-08,1.7365077286704362e-06,1.435658059388946e-06,0.9684198679703414,6
0.23357851751592024,0.0024443320088072557,1.2907856462558355e-05,9.309213982362764e-08,6.429255124451675e-06,7.54227605603359e-06,0.7639501779954896,0
0.6958127329518797,0.005517648399860245,2.3440965146174602e-05,2.433830702108501e-07,1.724928378906253e-05,1.6504354117872266e-05,0.29861218066213674,0
0.3510777173358419,0.0033306241815363666,1.3560102423288936e-05,1.1723816156644019e-07,9.529329596573389e-06,8.547332943505329e-06,0.6455599044794968,0
0.8100625782819695,0.18957789636804395,1.952118500270509e-05,1.9596611543328964e-07,1.8164175088203136e-05,1.5489795573396573e-05,0.0003061542282068127,0
0.7447187971974222,0.2552054876213164,1.8483867575941276e-05,1.531321360614705e-07,1.0589478809278318e-05,1.2253194234350727e-05,3.423550850588502e-05,0
0.7898868924093103,0.21006129009619295,1.7994103965045087e-05,1.280759750516423e-07,9.471201471480474e-06,1.0770006026806794e-05,1.345410705824451e-05,0
0.6155740331154386,0.38433356797831825,3.0638224755358503e-05,2.673648224460356e-07,2.0417850399535432e-05,1.833788811640032e-05,2.273757814935554e-05,0
0.4694284765389831,0.5305068429659964,2.3294999887174174e-05,8.855594908332402e-08,6.700623331110291e-174,1.3175303026055532e-05,2.8121636158166778e-05,0
0.3738214482786039,0.6220804456378474,2.126259987026348e-05,8.765357257863523e-08,0.004037398378548397,1.4338737853129236e-05,2.5018713704129098e-05,0
0.2001115895975389,0.7605250501865176,2.4061014080654247e-05,2.2126123800762385e-07,0.03930283384527138,1.684478730868687e-05,1.9399308044653803e-05,0
0.8446910593696692,0.15137563884016522,0.001970824694323571,1.2905738149420322e-07,0.0011465448978296268,0.0008096412529529783,6.161887678200411e-06,0
0.2122498003491915,0.7731585222336353,0.00039807684002650346,2.001535622580891e-07,0.013911488354341339,0.0002761392935860245,5.772775657050787e-06,1
0.1272214027253871,0.8639393834992595,0.00021970162706203542,1.3703589841876368e-07,0.008442954273768486,0.00016273366784503462,1.36871707793822e-05,1
0.10729881125467322,0.8803352086039397,0.00015798241107716813,1.4709329846493665e-07,0.012068804666346775,0.0001294898608753701,9.556109789308961e-06,1
0.11244341122135527,0.8739527975238979,0.00014538673699231015,1.4372851897505208e-07,0.013371991716518768,8.102225707587759e-05,5.24681564079908e-06,1
0.16340862018513935,0.8275160792918052,2.5932636279221817e-05,2.0982749729690743e-07,0.009024708638484842,1.6638332372379306e-05,7.811088421846575e-06,1
0.6837474569292719,0.3158628239617769,1.3401142311456235e-05,1.422562011860464e-07,0.0003585589231479941,9.562566008692644e-06,8.054221281860517e-06,0
0.9044838397283123,0.09547084822743136,1.2265127079889743e-05,1.280253585169715e-07,6.094216233649458e-06,9.332401625741734e-06,1.749227395853895e-05,0
0.7640796661448478,0.2358851917905398,1.2460811712668043e-05,1.4828431735125892e-07,7.995135024326271e-06,9.426304523669062e-06,5.111529034610697e-06,0
0.5852421164153703,0.41467753652763417,2.9046051217205034e-05,2.1499561161854392e-07,1.4651156174237306e-05,1.6638659913339325e-05,1.9796194078993123e-05,0
0.7376209938083694,0.2623170151961611,2.0476759531022256e-05,2.2250231440451902e-07,1.6248077091684193e-05,1.4350302966399374e-05,1.0693353566008896e-05,0
0.79032340306474,0.20958755104715437,1.3893769606065952e-05,1.7030830632907425e-07,1.3133800093060248e-05,1.254401477260958e-05,4.930399532741955e-05,0
0.6491589028498975,0.3503026569085814,1.6743525224000975e-05,1.6457243513035945e-07,1.1549067817716897e-05,1.2871959960988182e-05,0.0004971111160833835,0
0.6269350486045485,0.3725568758060324,2.04927391077473e-05,1.8366372043458858e-07,1.3344833728510371e-05,1.4407633082845299e-05,0.00045964671977967783,0
0.8199054010907944,0.1791655727886811,1.9844816952835024e-05,1.7913419096238287e-07,9.214418376134029e-06,1.3536641734616566e-05,0.0008862511092697344,0
0.7538627767133962,0.24596125097404767,2.0433808989248626e-05,1.8445087451643118e-07,9.253274967377973e-06,1.3531154644585577e-05,0.0001325696230802083,0
0.89280061938076,0.10717279522551003,1.123284623007027e-05,9.309424365776849e-08,5.140330912312733e-06,7.3327866478499525e-06,2.786335696170235e-06,0
0.9491085062882524,0.050871599544535795,7.961156213418647e-06,8.175387338256097e-08,4.194477460579153e-06,5.549294495901117e-06,2.107485168540808e-06,0
0.9189529483567624,0.08098144766302506,1.0186316125421e-05,9.218004301728894e-08,5.451509072826853e-06,6.252372571437893e-06,4.362160239982392e-05,0
0.9598466741000409,0.03955143045217479,2.5252593597716677e-05,1.294460176451012e-07,7.1164604981824696e-06,7.6115278155673965e-06,0.0005617854198554927,0
0.9618149139966038,0.037409673913229795,2.388513591426757e-05,1.2243636334025834e-07,6.731095781107156e-06,7.182979685563189e-06,0.0007374904424220817,0
0.9740069155428296,0.024919954503112577,1.931348763546559e-05,1.3140493153861331e-07,7.777113231137757e-06,8.229850468100755e-06,0.0010376780977913657,0
0.9761154895969982,0.022941027705195356,2.4751241653377377e-05,1.5638186013994639e-07,9.255356091768377e-06,9.794147828439908e-06,0.0008995255703725359,0
0.7771371471482447,0.22280292912729371,2.0253886404256338e-05,2.1235341752682228e-07,9.649949383611157e-06,1.8141280874554095e-05,1.1666254381510661e-05,0
0.8375398456951919,0.16226815401984607,2.2864748896498417e-05,1.2671154783646362e-07,4.0374855438791826e-06,8.732988078724402e-06,0.00015623835089521903,0
0.8493236136373413,0.15050687415266964,2.4263498284405966e-05,1.3446311776532532e-07,4.363526744370809e-06,9.267228003466823e-06,0.00013148349383875578,0
0.7864507279943589,0.21333338610072564,3.544056419856243e-05,1.5348173907827522e-07,5.821333352186521e-06,1.3567562383008632e-05,0.0001609029632425764,0
0.795267404078253,0.20412360432897547,2.8371997192921424e-05,1.7087726297448938e-07,6.481119617601094e-06,1.3702252152072002e-05,0.0005602653465457024,0
0.867519602379951,0.11862989943551311,3.7706229822036545e-05,2.3847585643352004e-07,1.2936342721714538e-05,1.9122826876746318e-05,0.013780494309259211,0
0.7159407694203415,0.2809171019482361,2.1293780466757988e-05,1.522953564850832e-07,1.350249923790849e-05,2.2738441833870524e-05,0.0030844416145274505,0
0.8256136639027628,0.17240674409551857,2.1922188980919802e-05,1.8553720734621726e-07,1.179011796062445e-05,1.9482171645006802e-05,0.0019262119859245978,0
0.8246983022378364,0.17327749396668224,2.203290821833076e-05,1.8647427335393265e-07,1.1186031940603902e-05,1.852973784021673e-05,0.001972268643209062,0
0.8014252595394505,0.19589256732798313,2.4205305341648832e-05,1.8377918664187236e-07,1.4481745470311317e-05,2.1399032200107726e-05,0.0026219032703675704,0
0.7651240753656585,0.2321515649375534,2.3123748546734744e-05,1.7845080361718229e-07,1.40618704662813e-05,2.0778601551766448e-05,0.002666217025419528,0
0.7549379511791281,0.24214668679512796,2.531044869438178e-05,1.953260259812711e-07,1.2604590481196696e-05,2.2978252143071195e-05,0.0028542734083991774,0
0.7624869756627187,0.23499238219453672,2.437639608896482e-05,1.8811774667826353e-07,1.2139432762290315e-05,2.2130266532807096e-05,0.0024618079296137756,0
0.7653237192458551,0.22949878753250197,2.2320811234132563e-05,1.9173682845195177e-07,1.1829037421283647e-05,1.7919640875556243e-05,0.005125231995283522,0
0.8542178356141779,0.13244927754945682,2.714212632609531e-05,1.9649461921343725e-07,1.203193079615439e-05,1.638985361449567e-05,0.013277126431009301,0
0.8598180541497485,0.07335176018251291,2.9204312816599155e-05,2.5371884573030717e-07,1.3012976138639129e-05,2.0738569616459564e-05,0.0667669760903212,0
0.9480810108593956,0.03397657755238348,4.378262415538384e-05,2.983937812408237e-07,1.525909521882401e-05,3.224725546565025e-05,0.017850824219599885,0
0.961953417226205,0.02590299056404765,3.653943464783062e-05,2.490289305244262e-07,1.2734702939560627e-05,2.6912422596628077e-05,0.012067156620632671,0
0.09701225989497995,0.002515567906378422,9.9120179803596e-06,4.8448484584364735e-08,8.226554197127929e-06,5.138013761259329e-06,0.9004488471642184,6
0.05369615055174044,0.002160378872447889,6.0462675148911055e-06,2.9553265446913425e-08,5.753651043902069e-06,3.134155502675824e-06,0.9441285069484847,6
0.04521259126088263,0.0009086855533978619,4.568841981445631e-06,2.2884976333320854e-08,3.3092493016932016e-06,2.43419737540243e-06,0.9538683880120847,6
0.08800933383107891,0.006515291726071434,1.0021042075897092e-05,4.786867883100167e-08,5.6155134316530226e-06,5.002290729690141e-06,0.9054546877279336,6
0.193483825606007,0.015596149732340645,1.918056939293793e-05,8.487559302013273e-08,1.3735830219765793e-05,8.68912135623814e-06,0.7908783342650905,6
0.4238264434793806,0.5747151129915672,4.173024625695524e-05,2.7286977120586246e-07,2.845266375441796e-05,2.5614532422431815e-05,0.0013623732168471928,1
0.2693845544673447,0.7299274098284593,2.317165294992729e-05,2.0079384791680146e-07,1.8511912664685745e-05,1.4314560647286004e-05,0.0006318367840862269,1
0.9635500821212901,0.03550166531103569,2.256495187853724e-05,1.8700931311141617e-07,9.00023420577796e-06,1.6335606298135245e-05,0.0009001647659787576,0
0.9718665171242372,0.02732915399890253,2.1876116797367302e-05,1.597369792375113e-07,8.705407637897372e-06,1.3953317942635098e-05,0.0007596342975032002,0
0.929224599239392,0.003679709331909222,4.240226565578034e-05,1.7591587018384284e-07,1.7270186063395542e-05,2.0907154966751974e-05,0.06701493590614271,0
0.897128487614632,0.00350651703642362,4.053339988168939e-05,1.9944440793444232e-07,3.13934580764726e-05,2.3703461999078144e-05,0.099269165584579,0
0.7338819480681986,0.26419883703427866,2.6920622430640737e-05,2.1931374798035547e-07,1.5971691586848302e-05,2.2759540489781708e-05,0.0018533437292673459,0
0.7376434431840021,0.2606427158367032,2.0819686335886814e-05,1.9339534001291745e-07,1.4147263911832924e-05,1.782733679195281e-05,0.001660853296914811,0
0.7195698428624479,0.27801764863655126,2.0289048602960925e-05,2.1773500741435357e-07,1.2832230208758428e-05,1.6077097649535602e-05,0.002363092389532287,0
0.653852697703781,0.3459936782919422,2.038289850031886e-05,1.7332882343285424e-07,1.288705217467456e-05,1.3909825426445282e-05,0.00010627089935174796,0
0.8388258673480814,0.16100321348819574,2.51957053939856e-05,1.9777780448858204e-07,1.8352187262955786e-05,1.2067388205194893e-05,0.00011510610505612448,0
0.7640983989556503,0.2357233427802972,3.089609276711404e-05,2.4532052517704325e-07,2.468410081423645e-05,1.376255150886939e-05,0.0001086701984370802,0
0.5639145564865317,0.43587914245624176,2.9205318517688908e-05,3.2196281756586354e-07,7.81113555403689e-06,2.078888911208894e-05,0.00014817375122518948,1
0.07292922964128107,0.926801099127408,1.5171454037581457e-05,1.2667073897134447e-07,9.024658215200554e-06,7.164389101545797e-06,0.00023818405921738713,1
0.2576717394629391,0.732947881177688,3.622757880793408e-05,2.2999140195034766e-07,1.4564621870081307e-05,1.3917145324178124e-05,0.009315440021968572,1
0.24430270235719911,0.7486041981135181,3.571933459693309e-05,2.2676480490832656e-07,2.2037573457935336e-05,1.3721898808197213e-05,0.00702139395761495,1
0.06033385760899643,0.9384608922485416,1.3968755137845635e-05,8.107688499910617e-08,4.405805112915256e-06,4.287112424860872e-06,0.001182507392901083,1
0.5182148060145794,0.4554356070437425,2.212284983452382e-05,1.7958078125118923e-07,8.098679444313579e-06,1.1334476492661583e-05,0.02630785135512536,1
0.5993931308936411,0.38796589220772565,2.5576596924858742e-05,2.0179029081329682e-07,9.10027715040294e-06,1.292060152383948e-05,0.012593177632743363,1
0.5644735199107546,0.4266792088679471,3.153875676303387e-05,2.4018726895040815e-07,1.702047666511329e-05,1.3977186451211543e-05,0.008784494614149983,1
0.5675156925452548,0.4219727885523273,2.9703948072767753e-05,2.4085031398453394e-07,1.3190070488547556e-05,1.4015770944503065e-05,0.01045436826259808,1
0.6972471531997225,0.2988008098577787,2.4951985437073385e-05,2.023196886937145e-07,1.0939011922053786e-05,1.3007699742534562e-05,0.0039029359257082923,1
0.788365540511276,0.20703061157706176,2.5904206596966617e-05,2.1004064096514877e-07,1.1356468025768382e-05,1.3504101400335143e-05,0.004552873094998103,1
0.8883143365632132,0.10259135477662555,2.1809206141640376e-05,1.8900370535838203e-07,9.69624291796332e-06,1.1856234097067382e-05,0.009050757973299134,0
0.8227282443741231,0.17456254764813126,2.91964383642595e-05,2.0885916473493953e-50,1.3940169114209248e-05,1.4601000133947921e-05,0.0026514703701334403,0
0.7126144825190823,0.2822336381394724,3.2339041213517994e-05,2.399350745709664e-07,1.1852493364396797e-05,1.4489106281557599e-05,0.005092958765511354,0
0.7299481876214948,0.26588575294844247,2.7953612449881755e-05,3.9270569772154945e-07,9.60961022760946e-06,1.1962984826936455e-05,0.0041161405168607095,0
0.714196656864541,0.2813638153840013,2.948043285679826e-05,2.0686979093807862e-07,1.62268795774049e-05,1.3420541807660993e-05,0.004380193027424905,0
0.7081292121448853,0.2897270841330659,3.527727970434972e-05,3.1536102275968367e-07,1.8147475618217585e-05,1.9041099041958116e-05,0.002070922506661357,1
0.7502906434908181,0.24751749860084543,3.737765994684972e-05,3.3413735888906383e-07,1.922796140281324e-05,2.0174790430817763e-05,0.0021147433591968455,1
0.7903289070671413,0.2079727290788536,3.8796176154563754e-05,1.489774654132682e-07,4.057778725962417e-05,2.3225718048465764e-05,0.0015956151950769527,1
0.8011366241853783,0.19689439322617924,3.932671235714783e-05,1.5101472646848327e-07,4.113268692489577e-05,2.3543328840999293e-05,0.001864828845592805,1
0.7851365056970465,0.21318749050456282,3.993696035896164e-05,1.533580811388388e-07,6.371251681941264e-05,2.390865989768128e-05,0.0015482923032334754,1
0.7679372707518732,0.23201065572564766,1.7794255073856167e-05,1.974990488511113e-08,1.1032677805032496e-05,1.0269818912854841e-05,1.295702078254328e-05,0
0.5730123337374982,0.4268641137471814,2.4313870163893658e-05,2.7606502595054715e-08,2.972159892866492e-05,1.3425417076441085e-05,5.606402264888059e-05,0
0.8166653256177316,0.1827834598888702,2.3903419654906987e-05,1.889266727080553e-07,0.0004925728335311786,1.0940021160304683e-05,2.3609292379052983e-05,0
0.05097916888220825,0.0004955946155738,2.8126425205697182e-06,2.1727322008313556e-08,1.4829327556052533e-06,1.5954994189250098e-06,0.9485193237002009,6
0.8219089536787229,0.17544304269113023,2.8644448810429192e-05,2.693180629313638e-07,1.919405721086778e-05,2.3622252357923815e-05,0.0025762735537047665,0
0.7906531029029404,0.2091142124538952,2.1211340585502432e-05,2.1293297600004242e-07,1.4262945595712561e-05,1.766566295031118e-05,0.00017933176105687062,0
0.6436030747034439,0.3538714508918755,3.525158038639177e-05,2.3219916710191617e-07,1.6727737046817287e-05,2.4094463619470102e-05,0.0024491684244608777,1
0.6485434312981762,0.3487418243562612,6.095023739025322e-05,1.174573244741288e-07,2.0722784497375843e-05,2.597083705500003e-05,0.0026069830292956655,1
0.8023679322798408,0.19696892677856273,2.2723073102249937e-05,1.8411126325607177e-07,1.433888751958048e-05,1.732728164638185e-05,0.0006085675880648724,0
0.7690096981651889,0.23091082418107844,1.9438567968085546e-05,1.5749891259817668e-07,1.2349771329991111e-05,1.3158940886844603e-05,3.437287463516631e-05,0
0.543648494863689,0.45605383378413084,3.2016251429279584e-05,1.2174034712269547e-07,3.697482255371938e-05,2.2435971765286652e-05,0.0002061225660847632,0
0.5022930010399952,0.49727539562024103,2.183577919580296e-05,8.30087211858236e-08,0.0003538489392872147,1.2349989659074522e-05,4.3485622900507895e-05,0
0.22783080838183817,0.7624380339342717,2.570319619171164e-05,2.3636248210766687e-07,0.009672991755895031,1.7994456574087176e-05,1.4231912747097e-05,0
0.26295382267420214,0.6935824790580801,2.6168201788306527e-05,2.406385992172023e-07,0.04340448003938449,1.8320000640755912e-05,1.448938730505817e-05,0
0.29826112027425844,0.6847576200042661,0.00544354362507555,2.3371431686017178e-07,0.009691358825085377,0.0018349647890713956,1.1158767926377026e-05,0
0.8500316111505565,0.14669559877681732,0.001684345800762164,1.3257593537431597e-07,0.0007319127972103718,0.0008502717507554371,6.127147962790896e-06,0
0.14370699947046778,0.8439493331130438,0.00023559258199342333,1.5806609607148644e-07,0.011929589861266639,0.00016010893904903087,1.8217968083236528e-05,1
0.16339338399375816,0.8322250408955393,3.806214962941923e-05,2.3810047889428448e-07,0.004315531028757172,1.8880246664049485e-05,8.863585172993823e-06,1
0.530274097829664,0.46901660988308785,1.9181435848728366e-05,1.9677627960162738e-07,0.0006679798611218322,1.460897331661221e-05,7.325240681469872e-06,0
0.6757569561913523,0.32418593149289066,1.3754267592548222e-05,1.460047070867678e-07,2.332597417112943e-05,9.814543320126278e-06,1.0071525966117697e-05,0
0.6898710493309734,0.3100897563825041,1.266171950595058e-05,1.4684096810122113e-07,9.480277221379676e-06,9.176444470252554e-06,7.729004356878048e-06,0
0.7117341098987492,0.2882066215241246,1.6157547753394276e-05,1.543740271723422e-07,1.0037809839114623e-05,1.0886086688706086e-05,2.2032758817743045e-05,0
0.7609795095591573,0.23895663997849495,1.4953582671371187e-05,1.6967338195390364e-07,1.3547783296740139e-05,1.2625793798304315e-05,2.255362919935049e-05,0
0.6649555060116156,0.3345747081384149,1.7150961403849404e-05,1.6857713326774753e-07,1.1830102307736712e-05,1.3185185648142118e-05,0.0004274510234767156,0
0.7630131674745041,0.23692503469029152,1.8438492703531588e-05,1.6643965428671138e-07,8.172764101857522e-06,1.2047039412699982e-05,2.2973099332026364e-05,0
0.901849396990607,0.09812498539886738,1.0823938992148328e-05,8.970535100662301e-08,4.953208390352826e-06,7.065852562487292e-06,2.6849052296519415e-06,0
0.9403262545860853,0.05965024230033206,1.03690521797237e-05,8.115747529620113e-08,4.579278718717968e-06,6.019966173381127e-06,2.4536590356979006e-06,0
0.8744643020826268,0.12516349237561922,1.1619567940438253e-05,1.304623404537481e-07,8.379925781351843e-06,9.029560389895239e-06,0.00034304602530168616,0
0.9723705295038679,0.026941730055126345,2.5823417238034768e-05,1.229048556145061e-07,6.9899570064215294e-06,7.931281799794685e-06,0.000646872880105904,0
0.9799909480838306,0.018786140937111732,2.266441447470217e-05,1.5420393709430617e-07,9.378928477045831e-06,9.657745177589755e-06,0.001181055686991173,0
0.9526214817150864,0.03750623183409531,2.8433762476176005e-05,1.8952535721319218e-07,1.3774448096234582e-05,1.700489768404743e-05,0.009812883817204777,0
0.7815253216426901,0.21841644834003013,1.971473610944411e-05,1.8376907654652969e-07,9.393071619450118e-06,1.7658367287671735e-05,1.128007318669663e-05,0
0.7041064529010022,0.2958128183167703,2.5216618477486067e-05,1.764446433423111e-07,6.291288140404584e-06,1.592175446718975e-05,3.312267649917276e-05,0
0.8462916857670487,0.15351430764847235,2.3103673201597263e-05,1.2803561523173085e-07,4.079675092178386e-06,8.824243098300202e-06,0.00015787095747167465,0
0.8376802306851995,0.16209169585706137,2.8324551055994044e-05,1.6160928708915825e-07,5.243506456572629e-06,1.4199519252372534e-05,0.00018014427168698655,0
0.7035805060131576,0.29570800988196144,2.9287032206577377e-05,2.269329654158927e-07,8.081565730048363e-06,1.6048826694769863e-05,0.0006578397472838947,0
0.6755984414878713,0.3233492481016885,2.812225913803068e-05,1.885251618367384e-07,7.760154190372581e-06,2.068032488005131e-05,0.0009955591470697275,0
0.8668457604384745,0.12047927453649446,4.1548411018755295e-05,2.415336239137986e-07,1.3102214138132845e-05,1.936802217252676e-05,0.01260070484407799,0
0.7469252539888394,0.2506842246776151,2.4210521007960052e-05,2.366277056712727e-07,1.850653058664997e-05,2.5111998199107614e-05,0.0023224556560461317,0
0.7750267932314746,0.22277834288821333,2.491446383628942e-05,2.4819987139446337e-07,1.769411429184668e-05,2.5842152293332595e-05,0.0021261649500191673,0
0.7624185058214534,0.23435433113665757,2.277423318430954e-05,1.861370576011404e-07,1.6818596993972687e-05,2.4319334811441774e-05,0.0031630647398414513,0
0.8758622578956381,0.12236028277667312,1.9662504289379785e-05,1.8272208791645498e-07,1.1496155689130822e-05,1.7333930208217638e-05,0.001728784015414006,0
0.8700927455037272,0.12848932946559835,1.958095518394632e-05,1.8151845419322243e-07,1.1446413408084248e-05,1.7219747499423777e-05,0.001369496396128715,0
0.7823256624850349,0.2153993854208504,2.1992620565524808e-05,1.7995735600670424e-07,1.1102313079993464e-05,1.8500075008557778e-05,0.002223177128104682,0
0.8455929557270714,0.14767345229413176,2.409633922753123e-05,1.890998828818295e-07,1.092924396078288e-05,1.9439950080690266e-05,0.006678937345644988,0
0.9006400357127734,0.06645505766195486,3.869557413150799e-05,2.3650855692225352e-07,1.5176583525819026e-05,2.4516153991386232e-05,0.03282628180506612,0
0.8796700321856116,0.061995950743582315,2.9533857276641307e-05,2.249383314250272e-07,1.3241445659622965e-05,2.126164052805545e-05,0.05826975518901009,0
0.05300029572289216,0.0012918634112286719,4.79829926736428e-06,2.9602255252576597e-08,6.266379156627013e-06,3.1783354675025533e-06,0.9456935682497325,6
0.32754306788102316,0.6597161241746908,3.747886015904909e-05,2.1352164891515903e-07,2.2274426227740477e-05,2.0043470461600695e-05,0.012660797665788781,1
0.4174365956270988,0.5789573661368376,4.5317614142000316e-05,2.896377950870301e-07,3.0201098339929354e-05,2.718856200242602e-05,0.0035030413237842916,1
0.4056669459767354,0.5928318474267897,3.75117746324872e-05,2.8147144022167114e-07,2.9349576575328995e-05,2.8744489939959847e-05,0.0014053192838869204,1
0.39098351041897683,0.6075335857206067,3.6907798477011606e-05,2.7790020625062156e-07,3.2400415960983365e-05,2.83797875784228e-05,0.0013849379581938632,1
0.2882680967952047,0.7107750984273717,2.9973863280735426e-05,2.3235815789116793e-07,2.044209961547822e-05,2.0036913663861378e-05,0.0008861195427056407,1
0.9649197905144234,0.03432296387282645,1.9698928651595763e-05,1.5859520811494606e-07,9.325521615627834e-06,1.3853582142152833e-05,0.0007142089851326668,0
0.9705980639065064,0.028376987254728217,2.0151671640270446e-05,1.622402220028271e-07,9.53985126785832e-06,1.303046439702022e-05,0.0009820646112383828,0
0.9729838399643074,0.026069050896526516,2.020120540456678e-05,1.2214260363801192e-07,9.563300674565598e-06,1.4206816187437532e-05,0.0009030156742958173,0
0.974178636744869,0.024658496235350307,2.3531574112597552e-05,1.4227900815259164e-07,1.1139905469884535e-05,1.65489504870418e-05,0.0011115043107033085,0
0.9880074555137486,0.010497973953401492,2.8312620738479426e-05,1.6103276411949764e-07,9.382463550974753e-06,1.8719450257237522e-05,0.0014379949655390612,0
0.8819066992176464,0.11518356293731902,3.261897806467271e-05,2.698199235236132e-07,3.286419754425587e-05,2.7020310385579816e-05,0.002816964539116536,0
0.8155984559776848,0.1836720568476655,3.139453651062135e-05,3.257234880125569e-07,3.12999313472841e-05,1.8690678695573628e-05,0.0006477763046081587,0
0.7514014421273785,0.24777537156042448,2.065040611068427e-05,1.9138442460374573e-07,1.1616900805007396e-05,1.3089028666220669e-05,0.0007776385921904016,0
0.7344260312065245,0.26516212565041597,2.0708694949687158e-05,1.7741000794336976e-07,1.3612290933378874e-05,1.2624610998868362e-05,0.000364720136169706,0
0.44842921636304767,0.5514765527259351,1.8390564073618552e-05,1.4664302585570808e-07,5.377506320802446e-06,8.445987376182619e-06,6.187021022075297e-05,0
0.0996712710113444,0.8939181320670802,2.8213362554674307e-05,1.5419256804510284e-07,3.056880474120867e-05,9.330056002052043e-06,0.006342330505709447,1
0.05709655940780065,0.9386017884160711,1.103625125997632e-05,7.812144002783559e-08,1.628030395219715e-05,4.0219565037678685e-06,0.004270235542972404,1
0.15775975065692116,0.8371875302905684,3.0445778646327554e-05,1.6639323960455142e-07,3.138912565388229e-05,1.0068719425595173e-05,0.0049806490355449725,1
0.3827334035848775,0.5877821616039165,4.499013086944157e-05,2.6537525763829175e-07,3.0067829542436728e-05,1.9677307730932904e-05,0.029389434167805734,1
0.5007464296700505,0.4559144404932446,3.151015322033896e-05,2.1162189073753878e-07,3.1601537378317874e-05,1.5269728494366657e-05,0.04326053679572136,1
0.5555295286891387,0.42675093117239693,2.184704356314237e-05,1.7734194194887815e-07,7.997712950513854e-06,1.160628976559253e-05,0.017677911750243035,1
0.5282697476931661,0.45827552218063894,2.966085784630901e-05,2.4050092290201383e-07,1.2940838183931159e-05,1.3864329353951002e-05,0.013398023599887676,1
0.5325101818523494,0.457859853355682,3.0766216114583514e-05,2.4428598865903375e-07,1.0490500356798469e-05,1.5636820679145966e-05,0.009572826968829244,1
0.6442147572531611,0.34744033277922565,2.737263846468536e-05,2.084596842607828e-07,1.1718647556591555e-05,1.3402457263528113e-05,0.0082922077646441,1
0.8499574356344571,0.14168361735606783,2.476300771027089e-05,2.7442192311959764e-07,1.742901583030176e-05,1.4641344589329263e-05,0.008301839219421974,0
0.864540943011236,0.12992235432513743,2.0470239263079254e-05,1.9022759668539616e-07,9.723339794139855e-06,1.1933009005024529e-05,0.005494385847967912,0
0.8469973322690965,0.14212233719211897,2.615589413011146e-05,2.1915943457685167e-07,1.123739721901051e-05,1.4312994997972569e-05,0.010828405093002728,0
0.6751348265831328,0.3229942737618991,2.5478281381230964e-05,2.297195629320569e-07,1.7678042671080075e-05,1.5242047043038492e-05,0.001812271564309811,1
0.6946231137622373,0.30279671653912255,2.9735209923530035e-05,2.882585261585374e-07,1.7174759119951542e-05,1.9144599324653932e-05,0.002513826871745859,1
0.6936955757879816,0.3043611543156867,3.241210938886452e-05,2.897478505240509e-07,1.6673563545686165e-05,1.7494608150187187e-05,0.0018763998673964912,1
0.7021759525015404,0.29632387678458066,2.5267349575437706e-05,1.1066545442071073e-07,2.9115188723701876e-05,1.7252841796916838e-05,0.0014284246683282358,1
0.7158686081971007,0.2836220540814223,2.6715994202550274e-05,1.043137444803365e-07,2.7951700331030917e-05,1.795089184422897e-05,0.0004366148213545869,0
0.4761619710366159,0.5234292829323245,2.3822983114384e-05,2.1320076632663433e-07,0.00034224658404789527,1.283840276835686e-05,2.9624860362660113e-05,1
0.7733651118756231,0.2258504974060514,2.868133100426102e-05,2.0561737215506665e-07,0.0007221716074590911,1.1906515739991443e-05,2.1425646750123484e-05,1
0.5129548469871236,0.03300559264521433,2.6523380236702133e-05,1.9252403434183786e-07,1.7968453277597414e-05,1.1834583123208302e-05,0.45398304142699025,0
0.7930177623689182,0.2041131551676704,2.6935318407630573e-05,2.7039391899470774e-07,1.858043807463147e-05,2.4364927598541753e-05,0.0027989313854116004,0
0.8057685152708809,0.19362544528476192,1.993796856621376e-05,2.001500548768183e-07,1.437685463226442e-05,1.5622876090608778e-05,0.000555901595013098,0
0.7068707008146384,0.29270800830766613,2.6568544854975753e-05,2.727504373359911e-07,1.8493058073524258e-05,1.78679410184326e-05,0.00035808858331108385,0
0.878619593120964,0.12132535000004398,1.2392209437768724e-05,1.3142190413541883e-07,5.648026986319594e-06,7.06084323102762e-06,2.9824377432828445e-05,0
0.8644074524286057,0.1355195979071588,1.8186823135585194e-05,1.274177066478842e-07,6.4289005842682706e-06,7.730012766099966e-06,4.047651004304858e-05,0
0.5854124763890703,0.41406965510213267,3.453011263660268e-05,2.0732339600765526e-07,1.492256729672261e-05,1.7422907948116756e-05,0.0004507855975194228,1
0.6299562790742695,0.3687651773819182,3.790270076782069e-05,3.158323515076264e-07,2.3407353315723444e-05,3.617505046195667e-05,0.0011807426069151215,1
0.6830996169928473,0.31237456400649705,3.6019599258819584e-05,2.1982708960640429e-07,2.1803508840204467e-05,2.5053022198249378e-05,0.004442723043268849,1
0.662431003360615,0.3354849449240982,2.870174957093497e-05,2.7226456865314792e-08,2.0295593516073197e-05,2.424154196070446e-05,0.0020107856037820415,0
0.8150532052264196,0.18352667363883027,2.4353062887669704e-05,1.9731808071151587e-07,1.5429316219209083e-05,1.857097528431475e-05,0.0013615704622784773,0
0.7272950909212205,0.27219714102664216,2.7960760788177702e-05,2.5091869765270634e-07,1.9096000444728254e-05,2.3860240407851868e-05,0.00043660013179888874,0
0.7976254182215016,0.2019276857929762,2.0071978548257986e-05,1.428655869043351e-07,1.0564891318349634e-05,1.3334693371667958e-05,0.0004027815566969307,0
0.7870848545551821,0.21278666299797647,1.980672876688986e-05,1.4097762824593504e-07,1.0425277024440704e-05,1.315847633890549e-05,8.495098708290618e-05,0
0.548096108997878,0.45179061462012665,3.838487229805934e-05,1.4595673975600183e-07,4.166579883755481e-05,2.6897799396666016e-05,6.18195472330019e-06,0
0.5149273783524041,0.48494604618409415,2.3235092667616087e-05,8.832821177014077e-08,6.621040561336835e-174,1.3141420399957698e-05,9.011062222242077e-05,0
0.5106934372821326,0.48442376626946915,2.1271453385032158e-05,8.086343644630576e-08,0.00480510386235044,1.1933620363859025e-05,4.4406648862519305e-05,0
0.5483739339560801,0.44788760357531315,1.615526392981125e-05,6.659893936014565e-08,0.003683272497187098,9.908551784117808e-06,2.9059556766325322e-05,0
0.6206156610552489,0.3708726134416821,0.0009276234119575583,2.6140562839479854e-07,0.006098404268376146,0.0014707723609773077,1.4664056129799988e-05,0
0.33184082171916707,0.6533627834895079,0.00768212251238144,2.2115055291075689e-07,0.006115503369791969,0.0009468065414673222,5.174121713125738e-05,0
0.21480314165539138,0.7685825740118016,0.0002521651637380287,1.907260899179269e-07,0.016055861658377916,0.00029153103832412207,1.4535746277427657e-05,1
0.28363865017816325,0.7120317581035781,2.1046075864629928e-05,2.1240660961788405e-07,0.004283368131140022,1.705800557252793e-05,7.907099071778295e-06,1
0.6708604380507205,0.32910439357246823,1.208502827099966e-05,1.302945301926809e-07,8.797276409070576e-06,9.41587648010486e-06,4.739901120905968e-06,0
0.7144673377957894,0.28549238639288266,1.2872256924963285e-05,1.4646056356199506e-07,9.37033821006591e-06,1.0029234397115966e-05,7.857521232336404e-06,0
0.9135799181096854,0.08638908386263464,1.1219370314594788e-05,1.0713085937401916e-07,5.66462295942115e-06,8.259397312118938e-06,5.747506234423876e-06,0
0.913322450591133,0.08664550320829342,1.1731848228050377e-05,1.1202437814906857e-07,5.555617684639845e-06,8.636669706400213e-06,6.010040576369868e-06,0
0.8347039294357386,0.16525619261787525,1.3894083837598172e-05,1.5312065026143056e-07,6.657213355065298e-06,9.780086407377028e-06,9.393442136002706e-06,0
0.7883819954496256,0.2115841704903238,1.2153157211604466e-05,1.4462321254346575e-07,7.3136129874047195e-06,9.237340050297757e-06,4.985326588808841e-06,0
0.8220316008319788,0.17793267248408282,1.36831462945615e-05,1.5079599941493708e-07,7.84657267561702e-06,9.63160685150477e-06,4.414562117282613e-06,0
0.8517905022044663,0.14816896244270497,1.1334946435785053e-05,1.1433999242846519e-07,5.472625270936768e-06,7.2944688092018e-06,1.63189723203016e-05,0
0.623095723970089,0.37684015823255534,1.7788272651474287e-05,1.6184403416881e-07,1.2922639235097766e-05,1.204319368995816e-05,2.1201847744861796e-05,0
0.7408684821110422,0.2590459503069933,1.5778059138270446e-05,1.790284451220117e-07,1.5410707843305332e-05,1.296745153411094e-05,4.123233500400915e-05,0
0.8323874918551261,0.16673818859479056,1.8682393240473745e-05,1.6864128332991513e-07,8.674677523825207e-06,1.2455493039550108e-05,0.0008343383449963186,0
0.7837214623272923,0.21343020355812994,1.8704864306917326e-05,1.6884412401708293e-07,8.310323768920503e-06,1.2222208023085276e-05,0.002808927874354888,0
0.7402526084423372,0.25959012788955615,2.0188232879725412e-05,1.8223412049931507e-07,9.14206793456129e-06,1.3260533211389215e-05,0.00011449059996050117,0
0.9023190207599837,0.09764636226195941,1.1161351200025948e-05,9.250171567234585e-08,5.107613637858308e-06,7.28611479007154e-06,1.096939671319675e-05,0
0.8941088947255779,0.10568257912897838,1.1497253744431329e-05,1.300180207282228e-07,1.134201454856877e-05,8.558889777811318e-06,0.00017699796935233736,0
0.8788728333121212,0.12066656523665635,1.139953723226974e-05,1.297294051934876e-07,8.332847497594576e-06,8.799264441529778e-06,0.0004319400726458522,0
0.8819923438954702,0.11762027087321504,1.1621428285171714e-05,1.304832280572478e-07,8.38126744490371e-06,8.850394612907688e-06,0.00035840165774366606,0
0.906013523098342,0.0936163850902334,1.155482887245177e-05,1.2973546227965375e-07,8.333236559544156e-06,8.979251692793421e-06,0.0003410947588375786,0
0.7729615349377887,0.22697975555204747,2.0633580550417805e-05,1.9233399942808736e-07,9.830854382216345e-06,1.6167782725669815e-05,1.188495850613532e-05,0
0.7527022999061238,0.24722577789633007,1.995320266061023e-05,1.8582785634924624e-07,9.674873567511816e-06,1.836656748290116e-05,2.3741725978864185e-05,0
0.7004759500444921,0.299464114874221,2.25822129968804e-05,1.807254754418737e-07,6.502542463929621e-06,1.4121315547739994e-05,1.6548284802852046e-05,0
0.7291911105713095,0.27070522037897854,2.6114991499781635e-05,1.8273070059653097e-07,6.515423011853493e-06,1.6488986536537505e-05,5.436691796324422e-05,0
0.8567645303622093,0.14301771792066484,2.8924893425561688e-05,1.6029557261041954e-07,5.1075933347265414e-06,1.1047606540848045e-05,0.00017251132825213923,0
0.7600222716222924,0.23907177932006832,2.7600539975191608e-05,2.1976355651875406e-07,6.612664401812044e-06,1.3459762036286672e-05,0.0008580563276695084,0
0.8591060585153931,0.1402833132535246,2.5386502021806877e-05,1.4757950259647938e-07,5.038899738286144e-06,1.1611051860727932e-05,0.000568444197958642,0
0.7464930053048253,0.25088160072642995,2.4308501622547792e-05,2.421632275995641e-07,1.6092993044898032e-05,2.5213627115571895e-05,0.0025595366837340293,0
0.8657536900921057,0.1318185821010542,2.1182391681069704e-05,1.9684628051777475e-07,1.185781345038842e-05,1.867382168817184e-05,0.0023758169337401314,0
0.8656715514125993,0.13238063849883697,2.1330833757963563e-05,1.9822574092757368e-07,1.1940910698446987e-05,1.8804684194949823e-05,0.001895535434171518,0
0.8292212387296294,0.168761777944992,2.045814470155326e-05,1.7314635133903236e-07,1.169037361101653e-05,1.561557583329846e-05,0.0019690460848813115,0
0.8856967063676746,0.11335183941754882,1.47833993139834e-05,1.0135356082807643e-07,4.623390512814089e-06,1.0027983008306398e-05,0.0009219180883805118,0
0.8118572154300496,0.1836531264507393,2.209213658237237e-05,1.8330794585235052e-07,1.1093233954960125e-05,2.0465070974010304e-05,0.004435824369753782,0
0.9068958160905414,0.06235054792105761,3.237556065273892e-05,2.1111863880364997e-07,1.399412809681617e-05,2.166072507002791e-05,0.030685394455942653,0
0.9138071233083912,0.06307049728334449,3.212305038720104e-05,2.261886509935387e-07,1.4514362605172924e-05,2.26351318093299e-05,0.023052880674811618,0
0.04115399592822436,0.000944614219776644,3.2929882404656193e-06,2.091091550840076e-08,2.4366975459649376e-06,2.22422321554679e-06,0.9578934150320816,6
0.053190489708827754,0.003041948529876173,5.641269695480882e-06,2.56276611204075e-08,3.0077664322096174e-06,3.030359855199881e-06,0.9437558567376519,6
0.3064972670931234,0.04159244123550212,3.264364849387493e-05,3.763271332851408e-08,1.6692302455831348e-05,1.4139840109138368e-05,0.6518467782476023,6
0.8147554002914258,0.16954495708680464,6.212869877800014e-05,3.767278112113128e-07,2.0815857008416144e-05,2.8282601223599868e-05,0.015588038736948301,0
0.7157005168385822,0.2820363406110166,2.125782739230125e-05,1.9746525908911564e-07,1.2415347026508638e-05,1.5095466486245306e-05,0.0022141764442370443,0
0.828364949093395,0.15186458684859902,3.9961945718687036e-05,2.6589492503147334e-07,2.3993523318277125e-05,1.4714506579708313e-05,0.01969152818746435,0
0.7728797021475582,0.22613411724335153,3.195527522386206e-05,2.6609936793639393e-07,2.9648176574128503e-05,1.5925806489017852e-05,0.000908385251435424,0
0.22510174898211596,0.7747578012019769,2.091816781371422e-05,1.9099163066662406e-07,6.453352799870304e-06,1.3976478601456104e-05,9.891082506155579e-05,1
0.06335717445998015,0.9365141023754118,9.0765988159937e-06,7.509422340257525e-08,2.138452026732777e-06,4.084737292590614e-06,0.00011334828224937067,1
0.05836478920410911,0.9414216167685213,1.0131921321649677e-05,8.382531591950464e-08,2.56604949644303e-06,4.190094145951455e-06,0.00019662213708956553,1
0.08560077347980304,0.9140718301865189,1.4526109320764453e-05,9.221925277642205e-08,4.919321382870539e-06,5.301290300524263e-06,0.0003025573934210781,1
0.22356168870829968,0.7719453289029403,3.7826985709144116e-05,2.4001944021692845e-07,2.940093751305122e-05,1.4531571653761007e-05,0.004410982874443919,1
0.25008240970089907,0.7442913685640933,3.9889576747796274e-05,2.5323965832964885e-07,2.4544450769103397e-05,1.5323934272898634e-05,0.005546210533559478,1
0.03225507423803447,0.9624854784540997,1.0174062406103656e-05,6.473100146313525e-08,2.0349744865170494e-05,3.6595825905757815e-06,0.005225199187002745,1
0.048053860272350445,0.9463966819264404,1.493682279983364e-05,1.0523089014344296e-07,2.3451047040534865e-05,6.0572489093833464e-06,0.005504907451569451,1
0.04077872163036772,0.9483600067795518,1.6387443762351075e-05,1.2792207019562841e-07,2.3617695346379205e-05,7.48410501864182e-06,0.01081365442388285,1
0.06045924840462623,0.9355685823761541,1.3707572345166022e-05,8.941225689428061e-08,6.763966662021487e-06,5.988151814323476e-06,0.003945620116141259,1
0.16318330327485417,0.8335610625229596,2.9157327974287006e-05,1.5926806594307988e-07,3.1506837080967e-05,9.642616074414808e-06,0.003185168152990747,1
0.3716169555210974,0.6049877080675793,4.334376316790573e-05,2.5566412222883254e-07,2.899754148212593e-05,1.7430280448749494e-05,0.02330530916210231,1
0.31718807451839914,0.6605542548458295,3.928719862935369e-05,2.5299493644274677e-07,1.5457083036621512e-05,1.875931939946391e-05,0.02218391403976947,1
0.3689172924658303,0.6162140438957354,3.334250689067177e-05,2.122656503744373e-07,1.2933882426608866e-05,1.5480588461237882e-05,0.014806694395005541,1
0.8499702017872462,0.1451386609897742,2.2897038738393032e-05,1.8447339597062145e-07,1.3550503082431747e-05,1.4101924868676772e-05,0.004840403282894003,0
0.8568440927220886,0.13771334912745523,2.2696559774461153e-05,1.8200090416294625e-07,1.3691765098664357e-05,1.2792267676070066e-05,0.00539319555700295,0
0.7154940644174351,0.27911308337061885,3.5070794584034936e-05,2.2927445269915816e-07,1.5999099416672865e-05,1.6545185576749143e-05,0.005325007857915846,0
0.7007843031628861,0.29679298537658555,2.4680482898566445e-05,2.225263807859267e-07,1.712449216237677e-05,1.605822289610473e-05,0.002364625736190521,1
0.7184491391479622,0.2789010246531852,3.545631175976944e-05,2.9261908342429695e-07,1.7149880738357704e-05,1.7667969555308508e-05,0.0025792694177158653,1
0.723645875732881,0.2745000423559239,3.386304615473302e-05,2.926730938535381e-07,1.7153046192945532e-05,1.7671230636603458e-05,0.0017851019151168995,1
0.7088049139707825,0.28909870737399646,3.7251067353921004e-05,3.0618862417935356e-07,1.7619649198387768e-05,1.848728123564832e-05,0.0020227144688089293,1
0.8068461682963874,0.1915776121569259,3.3871819488565265e-05,1.4470321903426116e-07,6.11730520332542e-05,2.011654227757425e-05,0.001460913429668063,1
0.6426440818264844,0.35590707468035837,2.9219153052200304e-05,1.2432215555382047e-07,3.142122256749807e-05,1.9381933529749647e-05,0.0013686968618523724,1
0.797456651598905,0.20249503576568784,1.4631192058730423e-05,1.435761876200082e-07,1.0114861018968515e-05,1.1472474038073334e-05,1.1950532103819647e-05,0
0.6143924658576256,0.38547638311421484,1.765828182432909e-05,1.7726510423729488e-07,8.600614083699172e-05,1.2554718794229563e-05,1.4754621599797342e-05,1
0.5325324326394747,0.46709928638681686,2.1589208885983793e-05,2.1721366308570366e-07,0.0003032120381291411,1.3080049108322806e-05,3.0182463921903738e-05,1
0.748953855268247,0.25043841598837224,2.3199518038886215e-05,2.176113572084778e-07,0.0005497328978342254,1.3125865569545145e-05,2.145285058103234e-05,1
0.052321781733637746,0.00035119811129237575,2.734934600940556e-06,2.15742587193468e-08,1.4913086654072547e-06,1.7386714670434286e-06,0.9473210336660779,6
0.0464234885196927,0.00046609826936105356,2.5918668093192436e-06,2.090857799188092e-08,1.5021839730632484e-06,1.531884488438197e-06,0.9531047663670974,6
0.22831229029798955,0.0028152352019116147,1.1299198245399683e-05,9.723278957246548e-08,7.763673637525381e-06,7.23531963257139e-06,0.7688460790757937,0
0.8191921477477389,0.17784861798096233,2.1774093045174493e-05,2.1565466701114356e-07,1.605299415432413e-05,1.3265132522558913e-05,0.0029079263969097736,0
0.830276663112288,0.16907995787174043,1.8885077710213477e-05,1.895804644038519e-07,1.3352801784318177e-05,1.078434650436436e-05,0.0006001672095084735,0
0.7444185376511299,0.25516482683749125,2.4408949427009844e-05,1.784111578932329e-07,1.6397183637907353e-05,1.5864749486945074e-05,0.00035978621766904274,0
0.883428118710887,0.11634438744903482,1.0784243978521894e-05,1.3735367352813045e-07,6.945718696550552e-06,7.4369208707943615e-06,0.00020218960285878988,0
0.678131248560449,0.31620993467605263,3.507580978678357e-05,1.186190492576926e-07,2.098794867709095e-05,2.3788743670333695e-05,0.005578845642314955,1
0.7004602765957372,0.29738792700444605,2.963340389393183e-05,1.2480050500038358e-07,2.0954385322137332e-05,2.5028418639005313e-05,0.002076055391456601,0
0.777448578689521,0.22103376295553662,3.05790418945197e-05,2.7441504277253593e-07,2.1745986148325918e-05,2.5827105952969663e-05,0.0014392318059038144,0
0.7354353683655694,0.2630809493559313,3.103408748783376e-05,2.7849860289137377e-07,2.1194950772583487e-05,2.6482855524128277e-05,0.0014046918861120403,0
0.7315731962079807,0.2679083973867483,3.087111057131959e-05,2.770360548602601e-07,2.1083644528314523e-05,2.63437796084757e-05,0.0004398308345080319,0
0.7904933765314802,0.2089905526735332,2.177205068090509e-05,1.5496612808548402e-07,1.14597247435443e-05,1.653381061151171e-05,0.0004661502428226545,0
0.7568855818471766,0.24297067535506642,2.196972595284293e-05,1.563731141319256e-07,1.1364115218590885e-05,1.6683926260087974e-05,9.356865721122718e-05,0
0.794702191238673,0.20520751357496395,2.103985732787819e-05,1.7047318793247288e-07,1.4048033758737266e-05,1.7832415906837607e-05,3.720440618158193e-05,0
0.5149273783524041,0.48494604618409415,2.3235092667616087e-05,8.832821177014077e-08,6.316407440857405e-174,1.3141420399957698e-05,9.011062222242077e-05,0
0.6082165276141561,0.38907561837628607,1.7492960583839404e-05,7.213160527328984e-08,0.0026540514870120593,1.1701324666063208e-05,2.4536105690694325e-05,0
0.2919759838626184,0.7004248813660405,2.6343464430179758e-05,2.42250286446484e-07,0.007536334815543544,1.8442699622420483e-05,1.777154145851e-05,0
0.24992177998577386,0.7112685791404184,2.6835481383418756e-05,2.4677479567246587e-07,0.038748759587615846,1.894016861962042e-05,1.4858861393211369e-05,0
0.25914016341242285,0.6972776134893112,0.0001522270680050148,2.4192062695045507e-07,0.043196902774280926,0.0002164528227486669,1.639851260440592e-05,0
0.26641328460208846,0.6484525433605479,0.0004524104414343118,2.3551867709040753e-07,0.08382889516932605,0.0008366663494529176,1.5964558473267426e-05,0
0.27057599570199925,0.6175805389672347,0.00036682277904971216,2.2430593113345378e-07,0.11005868869910018,0.0014054302043371224,1.2299342347862031e-05,4
0.7895039003431096,0.20270574599376212,0.0009745001826215282,1.5948806382823643e-07,0.004605387501901775,0.0021930950896015206,1.7211400939520067e-05,0
0.7898600105376741,0.20776872523059883,0.0009597808850810293,1.9095800613493638e-07,0.0010749733952663781,0.0003281370340247418,8.181959348863252e-06,0
0.6037852121539341,0.3961754690802144,1.3058466729716288e-05,1.4497878703974132e-07,9.78873373390488e-06,1.0763447889279377e-05,5.5631387115584595e-06,0
0.7181460953803175,0.2818137989199575,1.3495613712511014e-05,1.4872928445593653e-07,8.019126584235143e-06,1.0462993398732261e-05,7.979236745105439e-06,0
0.7311232081641492,0.2688361796957861,1.3646519088610428e-05,1.5800919118366954e-07,8.108794926776764e-06,1.0630357811180792e-05,8.068459047081224e-06,0
0.8124446682068016,0.1875205227402612,1.35235667826624e-05,1.490373430748717e-07,6.479683759359023e-06,9.519278364541354e-06,5.1374866875763695e-06,0
0.8093141657364666,0.19065213554180002,1.2475833221133288e-05,1.4846307409517882e-07,7.2455610619123415e-06,9.482598790408907e-06,4.3462655856835516e-06,0
0.8489275158188574,0.1510369113654016,1.2512679946740486e-05,1.3789679926742613e-07,6.930178394242458e-06,8.807712152694936e-06,7.184348448144137e-06,0
0.6080344662207015,0.3918706690653148,2.355410472757745e-05,1.668069504920459e-07,1.4358685730156953e-05,1.3653350578474425e-05,4.3131765996947245e-05,0
0.7292224700635774,0.27013389466916454,1.7217694074327507e-05,1.6709031895274635e-07,1.1725763331755107e-05,1.3068895126482403e-05,0.0006014558244063102,0
0.6946269885125442,0.30409514752768807,1.963655962177305e-05,1.7599031431122868e-07,1.2787291233970518e-05,1.4045909006437737e-05,0.0012312182095910772,0
0.8961707690177686,0.10356713148103139,1.1523767172567745e-05,1.303178508898983e-07,1.0493055529765244e-05,8.578627144150772e-06,0.00023137373350274343,0
0.8878959664199428,0.1116285470770521,1.174373077647684e-05,1.3218269682674873e-07,8.490428618209444e-06,8.965665896936599e-06,0.000446154495016755,0
0.948944455788908,0.04971039399139794,1.26649462627214e-05,1.542591091763668e-07,1.0855854222501343e-05,9.954630831677705e-06,0.001311520529268068,0
0.9480963192377154,0.03953530769039863,3.0489414575184633e-05,2.941040885461635e-07,1.7847808015603628e-05,0.00032927175563716727,0.011990469989569477,0
0.8022668035186029,0.19768328650169276,1.9147232497842073e-05,1.78479144484443e-07,8.721635183364956e-06,1.1515196100370406e-05,1.0347436778380251e-05,0
0.767639059892669,0.2322488682662272,2.020375071320561e-05,1.5961506129614667e-07,5.648664280644057e-06,1.4403111180271675e-05,7.165669986832721e-05,0
0.8852464229061799,0.11435009777248094,2.949658183060857e-05,1.1837156951676442e-07,5.4227998594471584e-06,1.151690493922044e-05,0.0003569246631406131,0
0.9011516175452622,0.09847936139038056,2.2301375784673522e-05,1.1788409461534676e-07,4.0257227295615185e-06,8.707545382746436e-06,0.0003338685363657067,0
0.8515846445641234,0.09548671804345646,3.868598202874215e-05,2.8886859964182526e-07,1.9196421160751138e-05,2.465640038392792e-05,0.05284580972024691,0
0.8561160148017063,0.09230302592201398,3.739612456250141e-05,2.792372215438442e-07,2.4331414105231616e-05,2.383431340414796e-05,0.05149511818698631,0
0.7893575494588756,0.20822881675816088,2.349377443542415e-05,2.3404685052661578e-07,1.3167843402444883e-05,2.2197167482389422e-05,0.0023545409507924942,0
0.7989693326280396,0.19857737166158068,2.2074585948134335e-05,2.368967726946241e-07,1.2820128455019761e-05,2.3572220506922963e-05,0.0023945918786969626,0
0.773042666797025,0.22458623826940846,2.630889807001218e-05,2.7376452817937394e-07,1.2933265941543079e-05,1.650295540806854e-05,0.002315076049618638,0
0.7952191792415411,0.20139788065306877,1.9858454385577472e-05,1.9850602805348318e-07,1.3522439795739227e-05,1.8279015846883134e-05,0.0033310816893335937,0
0.8107265559885094,0.18717054526667073,2.31275757979996e-05,1.7559650701208998e-07,1.1803460094074785e-05,2.1985043497419493e-05,0.0020458070689234782,0
0.8894690009418295,0.10945674573263237,1.4593483333835261e-05,1.1105595173779843e-07,4.453002995088256e-06,9.289250612223396e-06,0.0010458065326454673,0
0.8242114842972774,0.1638273941413981,2.282883412137765e-05,1.9125936958457907e-07,1.2551202534218332e-05,2.135279272697544e-05,0.011904197472572172,0
0.8778803136495947,0.11036763795041106,2.4315341924429166e-05,2.0371329271453666e-07,1.3841461196164638e-05,2.274318755996725e-05,0.011690944696021005,0
0.9015126967161573,0.060244875907991886,2.6975717859527506e-05,2.1169626803982197e-07,1.358439684305659e-05,2.19441460140156e-05,0.03817971141886627,0
0.8998233773554017,0.06576323052732085,3.2590102702036394e-05,2.3584555439806142e-07,1.5134039132004396e-05,2.4447428055245517e-05,0.034340984701833645,0
0.04641764907808544,0.0023281536612453175,5.534966294538379e-06,2.5246771439876247e-08,2.9630636717784306e-06,2.985321301282725e-06,0.9512426886626302,6
0.05415170885685069,0.0037851332819559096,6.165897744184502e-06,2.9453361894475754e-08,3.455197706828055e-06,3.0778848040302528e-06,0.9420504294275764,6
0.37709156914688846,0.6122424458400693,4.6935135234164027e-05,2.1006425279860964e-07,9.076928597841773e-05,1.9718921558535385e-05,0.01050835160601834,1
0.2794493289514733,0.7200087889325394,2.2186959532717043e-05,2.0829592909988542e-07,1.9882986873899874e-05,1.484938279044556e-05,0.00048475449086126385,1
0.9720821794961131,0.027039239195521692,2.1336498727869482e-05,1.608433358738833e-07,9.44966265887045e-06,1.4049960222831776e-05,0.0008335843434197828,0
0.7496895959892346,0.24652062596582272,3.6770262128814154e-05,3.1081552746357727e-07,2.52681166232394e-05,3.692263366063693e-05,0.0036905062170024803,0
0.7361031479033909,0.2615605581642065,2.8931867065533963e-05,2.2342703483390616e-07,1.4468716755863247e-05,2.1567339825271996e-05,0.002271102581721053,0
0.7407247069321873,0.25715407349431163,2.2274508283124835e-05,2.1792079773784036e-07,1.56805541258844e-05,2.2773514759538618e-05,0.0020602730755349117,0
0.71675685806752,0.28246256636444655,2.024413253017567e-05,2.0218749707103722e-07,1.2712251016394058e-05,1.5456463582772558e-05,0.0007319605334070791,0
0.8013277442658823,0.18071894032467356,4.118874874911907e-05,2.733177247769931e-07,2.275077558049727e-05,1.3906978751192286e-05,0.017875195588638516,0
0.8120964966844707,0.18609016029796105,4.8893138907969275e-05,3.2297728560020987e-07,3.0335181143803208e-05,1.8698379290824137e-05,0.0017150933409399432,0
0.7749405885133998,0.22393595526857524,3.2470017981001195e-05,2.908438244988987e-07,2.644006474822194e-05,1.6182342960207432e-05,0.0010480729485110622,0
0.8366566419400815,0.16311744775554146,3.217166024878741e-05,2.5304341770734875e-07,1.7897732192339177e-05,1.5850928984785364e-05,0.000159736939533539,0
0.7951389570013978,0.20476125615416582,2.169475065389478e-05,1.7345836607688142e-07,6.873481838007677e-06,1.086563036261781e-05,6.017952321577281e-05,0
0.3094474147280363,0.6902911249434477,3.7092650133607746e-05,4.0838358698428716e-07,2.149226587994005e-05,2.6742721529568273e-05,0.00017572430738602794,1
0.3094711975881675,0.6903193255830907,2.9719592621209316e-05,3.267475948111809e-07,1.1842880499054503e-05,2.4561792742216883e-05,0.00014302581528448526,1
0.18788588633416697,0.8119287128174172,2.5241369130943244e-05,2.6205208529923126e-07,1.8342934753604806e-05,1.9018115625399022e-05,0.00012253637682059696,1
0.06695520330031304,0.9328369177791549,1.379255884007057e-05,1.0498339524131038e-07,5.155358860514441e-06,5.586418651408851e-06,0.00018323960078497445,1
0.23955222853293057,0.753905673766029,4.032335748835104e-05,2.559935227595125e-07,3.0820657579754645e-05,1.410579891043625e-05,0.00645659189353918,1
0.07075051543279812,0.9286693301320786,9.249227099287173e-06,2.942787277807232e-08,2.573398094688964e-06,3.6080636856838873e-06,0.0005646943183710175,1
0.02740789359556141,0.9695389084005323,7.417461710571864e-06,5.500345115757681e-08,1.7291655813451414e-05,3.109633216357532e-06,0.003025324249714896,1
0.04295159052477557,0.9515696058663792,1.3734958849943991e-05,1.0276450534159835e-07,1.8478195945468105e-05,7.905389437701249e-06,0.005438582300106993,1
0.1573794317356679,0.837602464277233,2.7539836162635918e-05,1.5043272984000417e-07,9.361282908874381e-06,9.905563049669168e-06,0.0049711468722479155,1
0.20142354268300391,0.7883334653503971,2.867306659867283e-05,1.972248439716177e-07,3.363670725508132e-05,1.2960694136601518e-05,0.010167524273764638,1
0.26295938294678944,0.7273504330929059,3.2309329457671666e-05,1.9057727691060816e-07,3.2607469888650716e-05,1.2530412415813358e-05,0.00961254617126564,1
0.6202638813640814,0.37630470224911927,3.3060671988674516e-05,2.603439248775877e-07,1.6533633442181103e-05,1.556086611870208e-05,0.0033660008713250157,1
0.5479242637141811,0.44831146897971197,3.305617764315541e-05,2.4618531203303275e-07,1.6964665565457482e-05,1.5208657275040415e-05,0.003698791620311361,1
0.6300225805129137,0.3677115468348548,3.225363405620342e-05,2.3650429564460798e-07,1.5674970341499584e-05,1.398075830302176e-05,0.0022037267852351846,0
0.7721921626998877,0.22389449908584902,2.1531045913410678e-05,1.8601145599033175e-07,1.2080805446434708e-05,1.3074156674043036e-05,0.0038664661947734632,0
0.8230121730039337,0.16727595503629106,2.403415410989892e-05,2.0265102221628548e-07,1.4881532961477589e-05,1.5079296139830974e-05,0.009657674325541859,0
0.6986211506227633,0.29729915318626954,3.45627572133666e-05,2.2595317094628546e-07,1.5767335622977472e-05,1.630551115028326e-05,0.004012834633809662,0
0.7002396219124636,0.2968752463890818,3.02386052450771e-05,2.7062572036917187e-07,2.30699705418938e-05,1.797352207568062e-05,0.002813578974871724,1
0.7127870950018149,0.2842397428770475,2.9122716519312666e-05,2.840519790280443e-07,2.4214515825045376e-05,1.886522282042081e-05,0.0029006756139937006,1
0.706533289152166,0.29198058326167303,3.161244554082729e-05,2.9089917908588896e-07,1.682825533306912e-05,1.756412391020075e-05,0.0014198318621976892,1
0.7278882617411891,0.2707511539550588,3.216199753002362e-05,3.277894829421968e-07,1.7440987409095825e-05,2.0793056093896007e-05,0.0012898604732360232,1
0.7211338468546462,0.2769430985953808,3.673284825548667e-05,1.41054278357504e-07,5.05924292178089e-05,1.7765010910968496e-05,0.00181782320731036,1
0.6515944892096023,0.34787631687697057,2.8963297022516287e-05,1.1561303629551253e-07,2.5478651811625757e-05,1.8024174168071626e-05,0.0004566121773886299,1
0.6970185827916786,0.3027943626688852,2.4745221070877117e-05,1.0477550405812488e-07,1.774366330865091e-05,1.4007608683365023e-05,0.00013045327086929503,0
0.659388663275301,0.34055377774934686,2.1577558291867896e-05,8.856549485482376e-08,1.3200991297225564e-05,1.3018688268368295e-05,9.673171999595937e-06,0
0.6931605790177078,0.30678241543309476,1.64551345749156e-05,1.651871441785619e-07,1.1707302783596306e-05,1.3129347553402669e-05,1.554857714144676e-05,0
0.7609976843982864,0.23895192050188704,1.5021081649297045e-05,1.5079120555494504e-07,1.0687019921035478e-05,1.198513453073181e-05,1.2551072519959527e-05,0
0.4871143126779178,0.5124166219327266,2.1564823771605507e-05,2.1648146585053067e-07,0.00041844793134445865,1.3035958070691981e-05,1.580019470307479e-05,1
0.4939695840423222,0.5055664413989195,2.0173564521763328e-05,2.0346905154204037e-07,0.00040095756619639615,1.2854855195725741e-05,2.978510379267418e-05,1
0.7107155703947549,0.2888488212788987,2.4201014750950228e-05,2.3530732535138753e-07,0.0003691595742392177,1.4866347343544897e-05,2.7146082687436156e-05,1
0.0492785635785495,0.00038047130846564713,2.8738820804494708e-06,2.2670332047862712e-08,1.7291684636926194e-06,1.7856819241585959e-06,0.9503345537101845,6
0.8139062399152147,0.18236420108961382,3.418268160372879e-05,2.611076305386472e-07,1.6407894738298016e-05,2.2902104203591324e-05,0.003655805206995382,0
0.8182522639146933,0.17819543052200548,3.3806170274779155e-05,2.531347893942676e-07,1.710753796781865e-05,2.220279549970327e-05,0.0034789359247694063,0
0.8416932863203028,0.1540924026457749,2.0318805941207283e-05,1.8684849035531344e-07,1.4580938292263413e-05,1.4987416410247129e-05,0.004164237024787932,0
0.8218666247558281,0.17744758130265076,1.943897683850423e-05,1.4141823547590478e-07,1.2826491405782475e-05,1.1002527675828855e-05,0.0006423845273653094,0
0.8035269395174187,0.1956291358890908,1.87137927415349e-05,1.4487087541199322e-07,1.3096236850494942e-05,1.1165248370124212e-05,0.000800804444652913,0
0.9097887178166201,0.08877145103624957,1.0286278441763893e-05,1.0468632995077092e-07,4.796353175450154e-06,5.624433530139471e-06,0.001419019395652891,0
0.8855989381882766,0.11382174433747326,1.2271726492404302e-05,1.301441579695594e-07,5.402170234888567e-06,6.733775172471247e-06,0.0005547796581924527,0
0.8783085049736629,0.12067508515191724,9.930135485382092e-06,1.5366985855113e-07,5.973208081371333e-06,6.545905490929992e-06,0.000993806955503652,0
0.8812368474027423,0.11795492274800697,1.0905759763079649e-05,1.5553137959429702e-07,5.898255260380938e-06,6.5677300009709244e-06,0.0007847025728465827,0
0.7059532631774206,0.29370570409995744,3.123705454239234e-05,2.3389769259917715e-07,1.7169218127372787e-05,1.9656141303424822e-05,0.0002727364109562909,1
0.7323200836718367,0.2666842207524754,3.457883528101237e-05,2.5359816636769146e-07,2.0234331673655998e-05,2.578868606345813e-05,0.0009148401245033878,1
0.6823731830398979,0.3106805122975149,3.446245471373985e-05,1.1654481074220034e-07,2.062094176058277e-05,2.3372760498448852e-05,0.006867731960803647,1
0.6535277361369335,0.33980277426015637,3.948556426391605e-05,1.2313651417202044e-07,2.1162370053552168e-05,2.4694709580186927e-05,0.006584023822498191,0
0.7269515628248747,0.27108380571426144,2.859286505144657e-05,1.2041829587316052e-07,2.0333535939238935e-05,2.414957792758775e-05,0.0018914350636497388,0
0.7416287277324152,0.2564891307723738,2.62446163609596e-05,1.378326088880588e-07,1.8416371489461495e-05,2.4637470885128356e-05,0.0018127052038665182,0
0.7753766284218431,0.2229060981973543,3.270942104070873e-05,2.9353297611196966e-07,2.312949989155281e-05,3.070638935910131e-05,0.0016304345375351649,0
0.8011441159368627,0.19800855023137623,2.0627976412045825e-05,1.46822992545071e-07,1.0927090183066414e-05,1.5664994551689987e-05,0.0007999669476216906,0
0.7782437876414152,0.22161076993802686,2.0038335394269412e-05,1.42626126258822e-07,1.0868891298792684e-05,1.5217218039519521e-05,9.917534969931106e-05,0
0.794702938673973,0.20520770657724977,2.1039877116337626e-05,1.7047334826634357e-07,1.3107524460735594e-05,1.7832432678626185e-05,3.720444117316343e-05,0
0.46382245003946504,0.5358491203357951,2.6890823204074814e-05,1.02225472504932e-07,1.7974352399790395e-253,1.6904643733199348e-05,0.00028453193233001184,0
0.6061463801229044,0.3937530883853465,1.9005949523275536e-05,7.225112283387885e-08,2.1344402956913026e-05,1.1851372539468538e-05,4.825751560660671e-05,0
0.6875294034101517,0.30972404031084194,1.575017811726513e-05,6.494530331178648e-08,0.002701626580353195,9.582056979023842e-06,1.953251825369746e-05,0
0.2450854034551867,0.7105091321340016,0.00015511572418666888,2.465113053604672e-07,0.04401660587874542,0.00020749005139876134,2.6006245175525964e-05,0
0.2793377484095461,0.6657880969510028,0.0004985039658396135,2.432918821280319e-07,0.0534713683715714,0.0008875475474583502,1.6491462699636762e-05,0
0.3243585921930017,0.6225283179745332,0.0004809254571865043,2.057596374387205e-07,0.05185377472364205,0.0007546409504224563,2.3542941576476312e-05,0
0.28403748183978805,0.7047464248381758,0.004475984007961501,2.2932146054348233e-07,0.005751341142703921,0.000981420657878663,7.118192031318115e-06,0
0.830405439835034,0.16689088518924705,0.0019666902909476203,1.550979630907262e-07,0.00028425320196875085,0.0004486999283301516,3.876456509259928e-06,0
0.12609494396673254,0.8621195019732387,0.00015245769851724984,1.4667753094975287e-07,0.011489328467619304,0.00012128403578280203,2.2337180578459937e-05,1
0.09755995013212955,0.8975100586006376,2.634276146464503e-05,1.607927118408474e-07,0.004865911897101469,1.107845344623942e-05,2.6497362508706024e-05,1
0.06842587085184558,0.929142100127413,1.787743684582228e-05,1.0696772042420831e-07,0.0023999973824028373,7.097934987389891e-06,6.949298784876367e-06,1
0.6575962924397525,0.34236761150451095,1.2573719370759294e-05,1.3695802636304088e-07,7.94317455624712e-06,1.0363894630417357e-05,5.078309152716218e-06,0
0.41258659196370645,0.5873169798609278,2.9055936520141966e-05,1.598331892272613e-07,1.2126882170961462e-05,1.2028775051621812e-05,4.305674843369562e-05,0
0.4521459409860719,0.5477364027476508,2.6394291825778195e-05,2.066398982233011e-07,1.778749236256484e-05,1.636287473877475e-05,5.690496745195259e-05,0
0.8189022991156986,0.17750080165545223,1.7825544980485076e-05,1.6090672875098425e-07,8.294697178119195e-06,1.1553540183469191e-05,0.003559064539778356,0
0.8149353927692686,0.18423798484035578,1.60383474265251e-05,1.4477414417338586e-07,6.905021885311764e-06,1.0534703060554727e-05,0.0007929995438587934,0
0.7461271076876256,0.2530545150822466,1.9695788921428846e-05,1.7778895225848803e-07,8.479667507764741e-06,1.2937074020946768e-05,0.0007770869107252809,0
0.8616446439264824,0.13828898311574261,1.567763129304198e-05,1.1847497682308595e-07,6.221111394680107e-06,9.381680096666955e-06,3.49740600136091e-05,0
0.9375805248704296,0.0623852513632404,1.1170310231683031e-05,1.0593178315401124e-07,5.1712046510268355e-06,6.798117997833535e-06,1.0978201666168073e-05,0
0.9538049945685254,0.046145605851029836,7.999790306437952e-06,8.215061057302428e-08,4.2148325230895765e-06,5.4746458116546425e-06,3.1628161192736394e-05,0
0.9502379005176206,0.04858288482802667,1.1915947494235355e-05,1.4513630040923143e-07,8.254324004200442e-06,9.435589256216928e-06,0.0011494636572976723,0
0.9766436492268781,0.022220166997967583,2.6212920942228306e-05,1.247586728720731e-07,8.114288421827942e-06,8.050912118723688e-06,0.0010936808949987837,0
0.9818469057973677,0.0164911679655151,1.9509209189745423e-05,1.3273658006974373e-07,8.073249712168089e-06,8.313251206253786e-06,0.0016258977904287945,0
0.9403038745377121,0.03733236590216224,2.494535551973617e-05,2.402668997356164e-07,1.6369803608282032e-05,1.950239917456882e-05,0.022302701734923238,0
0.701410306473914,0.29852234457330923,2.1991767296152674e-05,1.5647450554032627e-07,5.433972593375492e-06,1.3177315296160899e-05,2.658942308542996e-05,0
0.7100449574328616,0.28985666140544786,2.5067700483364438e-05,1.7836020113097772e-07,6.194008674754318e-06,1.567556326878704e-05,5.1265529062403856e-05,0
0.8401302401970158,0.1596686186606305,2.3075619514170322e-05,1.4500130709414556e-07,5.0475838210740724e-06,1.1241416833847674e-05,0.00016163152087741805,0
0.8585515697908748,0.13993009992474306,2.0034914014915984e-05,1.343094588705818e-07,4.4674975485679974e-06,1.0250027490335402e-05,0.0014834435358697605,0
0.8619917272379074,0.1370112948942385,1.8983339450857367e-05,1.3741654847885827e-07,4.6918996065434805e-06,1.0811465297270357e-05,0.0009623537469508411,0
0.8452572683910767,0.09477724026171483,3.839854053659915e-05,2.867222712572281e-07,2.326683557574791e-05,2.447320036817116e-05,0.059879066048456664,0
0.8711740620435202,0.12719888498299406,2.0479517688235655e-05,1.8625935132580172e-07,1.1436260412297153e-05,1.8009955090981824e-05,0.0015769409809428887,0
0.8218727610056705,0.17592061882567175,2.2368991838277955e-05,1.8931869807511728e-07,1.253156991753559e-05,1.8569868554577284e-05,0.002152960419649349,0
0.8211574605442018,0.17662063685347218,2.250035961364316e-05,1.9043052181670433e-07,1.1899220888982587e-05,2.1708346538178374e-05,0.0021656042447633053,0
0.8989487789441223,0.10003817755623493,1.8116245130933175e-05,1.1524604476000555e-07,5.416492611402995e-06,1.2135430505876153e-05,0.0009772600853499565,0
0.904106394291535,0.09439782478608356,1.4186079211462521e-05,9.17264808209931e-08,4.173445511722466e-06,9.85592497084837e-06,0.0014674737462068031,0
0.8366239446866722,0.15418550133098172,2.2259253766791385e-05,1.9583329182963095e-07,1.1331377264742513e-05,2.186343967650805e-05,0.009134904078346112,0
0.9199822723732979,0.06178121560208345,2.8896991703499887e-05,2.0572141678753332e-07,1.3977904778530259e-05,1.8635111601835328e-05,0.01817479629511823,0
0.9111880484213702,0.06245599887633019,3.29463282209812e-05,2.507957795814107e-07,1.5207154824687573e-05,2.2696781478232153e-05,0.026284851641995975,0
0.044221494696470354,0.0010778832496879398,4.00352418245428e-06,2.4699031501629278e-08,3.844534754196903e-06,2.5737170494621093e-06,0.954690175578824,6
0.044443743096489144,0.0010040378593026554,4.491148010078906e-06,2.296286880183998e-08,3.972580525692382e-06,2.3928034156302357e-06,0.9545413395493881,6
0.45135551798930335,0.531831672044903,5.0426718262484525e-05,2.2726094633146575e-07,2.4600040636252736e-05,2.333760565876935e-05,0.016714218340289952,1
0.2872239880864557,0.7122084727468572,2.3063634864824187e-05,2.140910042000204e-07,2.0436158520831074e-05,1.893180524910611e-05,0.000504893477048011,1
0.7027060650572425,0.279412188448522,7.198899323839675e-05,4.885282461677871e-07,4.814483074030657e-05,3.369100166788301e-05,0.017727433140342724,0
0.739931019925317,0.0760120975455958,6.904991435107884e-05,3.3973678338150795e-07,4.192804543530241e-05,2.8248705280631654e-05,0.1839173161272368,0
0.7187694866669809,0.2765912888735966,3.627549215907445e-05,3.0663328398162837e-07,2.4441728439825053e-05,3.642581342381115e-05,0.0045417747921157195,0
0.707187001124213,0.29086433406858103,2.2668042801411216e-05,2.1056483629389682e-07,1.288387080469633e-05,1.73461891865044e-05,0.0018955561395770381,0
0.7279954369120404,0.27122264000283897,2.324131427367623e-05,2.1588999006949892e-07,1.373175026586716e-05,1.650396695015193e-05,0.0007282301636410316,0
0.7847562832925914,0.2144761585443449,3.2787706917450314e-05,2.93689460905134e-07,2.6698756198729402e-05,1.568730743842461e-05,0.0006920907030480342,0
0.7989866964997167,0.20082834932014212,2.9434957678198906e-05,2.636578664693003e-07,2.3968640464816718e-05,1.4669735644942148e-05,0.00011661718848676428,0
0.795247345084694,0.2044606192593755,2.9398117594640997e-05,2.6966067974840154e-07,1.711420504818142e-05,1.4589565457262848e-05,0.00023066410715055535,0
0.7969029098133981,0.20286228809371848,3.8867522505458746e-05,2.4614297030632145e-07,1.7799261520276016e-05,1.3317176907214519e-05,0.00016457198898032084,0
0.17145891234566696,0.8284194700421491,1.8106487668897183e-05,1.6531981368179681e-07,6.607141414427741e-06,1.1142538770078958e-05,8.559612451722521e-05,1
0.2929031070463058,0.7035788485426996,4.799073009220206e-05,3.0451033716777396e-07,7.578168023413887e-05,1.8436064094912992e-05,0.0033755314262362062,1
0.2729570821608284,0.7238874819163548,3.8744256258041154e-05,2.4596857166614957e-07,2.8183932337045052e-05,1.4883949260839536e-05,0.003073377816389315,1
0.03155266563455206,0.9681037930983141,7.763769407519144e-06,4.13697747568909e-08,3.5383556713422336e-06,2.584235092168902e-06,0.0003296135371882804,1
0.02930564092978152,0.9684127479955411,8.30188004448577e-06,5.3547496978907496e-08,1.6572380695690737e-05,3.027320499969717e-06,0.0022536559459400743,1
0.03295234997238763,0.9640267612013077,9.555125487598373e-06,7.152860842959895e-08,2.2486735863834735e-05,4.04388692002779e-06,0.002984731549424803,1
0.7729322030137518,0.2205350972085619,2.1973457016662366e-05,2.0333538052051674e-07,1.2913197989672198e-05,1.3329886158011776e-05,0.006484279901141443,1
0.7584824302158267,0.23645043034595553,2.2366584803022345e-05,2.6715783399032863e-07,1.3645717127242191e-05,1.4378017468715744e-05,0.005016481960984678,1
0.77822097752234,0.21790978664789512,1.873349630001275e-05,1.744821203133118e-07,9.410076522321574e-06,1.3338149594088893e-05,0.003827579625228133,0
0.7659821426740755,0.2271296206477978,1.5922033014303626e-05,1.8546700008192977e-07,1.0002507191008896e-05,1.2361515834513581e-05,0.006849765155086874,0
0.7353075492331045,0.2552678007190023,1.495610448343147e-05,1.7382450969027598e-07,1.0677726910564983e-05,1.1585535044043984e-05,0.009387256856945577,0
0.757214826213311,0.23862889595832548,3.0491263677857255e-05,2.93288765994688e-07,2.1578450434402504e-05,1.8979960611439906e-05,0.004084934864873671,1
0.7360885749766554,0.2610662826980038,2.806212746368639e-05,2.9141651152657454e-07,2.361845198001607e-05,2.057242071608318e-05,0.0027725979086693974,1
0.7338200018329619,0.26455260915373385,3.4770561219228466e-05,2.8936110768832034e-07,2.3515613513325166e-05,1.6084260998894694e-05,0.001552729216464915,1
0.683749336817639,0.31496757640217,3.519202043507475e-05,1.3513749361024705e-07,5.418754695509321e-05,1.701982439967059e-05,0.0011765522509075434,1
0.5673596058184478,0.43257021337192586,2.155516176400243e-05,1.929051867398226e-07,1.621692581932195e-05,1.4282016206301575e-05,1.7933800649995612e-05,0
0.26175536662472093,0.7370317484953005,2.0052768378234138e-05,1.5611003214894923e-07,0.0011657402965311939,9.113360404388075e-06,1.7822344632519042e-05,1
0.8113246767158001,0.18178577486883357,3.3990779899197975e-05,2.602794444196231e-07,1.6326107200749758e-05,2.3103674349456062e-05,0.0068158675744724095,0
0.8274588822664687,0.16538196912323538,3.545159230371044e-05,2.654554265848383e-07,1.6681108430760107e-05,2.328345528820121e-05,0.007083466998846606,0
0.8798026287937708,0.11671019563536263,1.858808767619089e-05,1.8240528543273891e-07,1.283161165223062e-05,1.4457368082552594e-05,0.003441116098170311,0
0.8532200197000575,0.14250490937269972,1.9714070981976954e-05,1.8128744437041563e-07,1.3450019358811415e-05,1.512037315463774e-05,0.004226605176303048,0
0.8812125598719701,0.11795167182423497,9.962968662373864e-06,1.5552709303594546e-07,5.996000057254663e-06,6.567548989537991e-06,0.0008130862589926829,1
0.8749325450690884,0.12434196974086363,1.835245844825358e-05,1.342725832066033e-07,6.887225523858862e-06,7.577159717651784e-06,0.0006925340737751884,1
0.7418571257817441,0.2578056611767235,3.252535351932936e-05,2.4354425379061435e-07,1.9087677812526357e-05,2.0466812703231918e-05,0.0002648896532435039,1
0.6454042593439279,0.35115458009903233,3.2904587463218366e-05,1.1575196864385936e-07,2.144850301719921e-05,2.559376803365963e-05,0.0033610979465572262,1
0.6555593519353746,0.3403052036152339,6.589493676215792e-05,2.1338455820177837e-07,2.1521296983841412e-05,2.2803246582649337e-05,0.004025011584504746,1
0.6585177800220163,0.33308094794932963,3.9787058274971935e-05,1.2407672921661306e-07,2.132395639402458e-05,2.7657405014288556e-05,0.008312379532241546,0
0.6548715574999634,0.3389341810293029,3.9566756754846565e-05,1.2338971456301151e-07,2.1205885337445717e-05,2.7504265560618427e-05,0.006105861173366221,0
0.8010801063745813,0.19799272980609173,2.0626328284431054e-05,1.468112617274831e-07,1.092621713382881e-05,1.6084897048615274e-05,0.0008793795655985079,0
0.8099221192321452,0.18989671263644203,2.1442807158712443e-05,1.737380457292103e-07,1.335854376836701e-05,1.8662583846079917e-05,0.00012753045859370695,0
0.5670027237651244,0.4327989656770361,2.3181284526661157e-05,8.812366010610334e-08,0.0,1.4454949411100577e-05,0.00016058620024148442,0
0.6710969934149327,0.32879174448531173,1.834124482715863e-05,6.974175339835772e-08,6.0439157950065125e-05,1.143688848684237e-05,2.0975066738214264e-05,0
0.24697150152234323,0.7261198362911296,0.00021664748197339326,2.5192744272637505e-07,0.026180536896324456,0.0004846482484447871,2.6577632341871783e-05,0
0.3497668259229928,0.6231967955473636,0.0005678830836067252,2.0598058434033132e-07,0.025716453076029985,0.0007282681671831947,2.356822223919947e-05,0
0.17218216463875438,0.8146855013879606,0.003961721390873227,1.5987127437298784e-07,0.008833059342160663,0.0003323152661173527,5.078102859553867e-06,0
0.8406114961661927,0.1578848464992058,0.0008955342485402492,1.4351829801720347e-07,0.00023234493514902505,0.0003703085661792648,5.3260664351422575e-06,0
0.6738704653434648,0.3217745677261272,0.0014074150377070124,8.163750431528488e-180,0.0026533920338522024,0.00028004538643532003,1.4114472413393575e-05,1
0.08865715717207485,0.6882246271649564,2.015054868855354e-05,1.23298344232541e-07,0.22306936297600014,8.26025157152392e-06,2.03185883641705e-05,1
0.07778572577054263,0.9201389900188123,1.8414893021591676e-05,1.1242499387359991e-07,0.002041161305373827,8.291749516741777e-06,7.303837739246869e-06,1
0.19007789825087043,0.8098508364948311,1.8007990244116403e-05,1.8061725819258508e-07,3.7457774118270426e-05,1.0424044393800465e-05,5.19482828411545e-06,1
0.6995979686709098,0.299856671546031,2.1710243769344863e-05,1.7022140798643204e-07,1.194549125620796e-05,1.3585488592837812e-05,0.0004979483380328201,0
0.6575464694165462,0.34137746853751455,2.130450394918301e-05,1.6639204041429227e-07,1.2089889651707918e-05,1.3279864111848706e-05,0.0010292213961861974,0
0.817168601895426,0.182014631405844,1.5844799310670718e-05,1.430270338206791e-07,6.941543445449474e-06,1.0407572011810663e-05,0.000783429756928414,0
0.8977324311572129,0.10221945409404826,1.216964104120655e-05,9.19652920363117e-08,5.137093029936603e-06,7.243862123082131e-06,2.347218725269392e-05,0
0.9554314992447412,0.04453438750633836,6.816549805751485e-06,7.828634378614624e-08,4.261310949724191e-06,4.770293674466607e-06,1.8186808146715575e-05,0
0.9444465800014333,0.054898911618193526,9.721034927756341e-06,9.982623595448505e-08,5.121701019915972e-06,6.652577269351771e-06,0.000632913240919962,0
0.87902047355569,0.120242416524989,1.3827162143746568e-05,1.5975151877502486e-07,1.2863023338889402e-05,1.051620101102336e-05,0.0006997437813086899,0
0.8951153487826959,0.10438735842324678,1.1967213516994816e-05,1.3761445907834586e-07,8.558488964309953e-06,9.058951832121063e-06,0.0004675705252845287,0
0.9490556820600484,0.04991591246188079,1.1190988882441857e-05,1.363063008715176e-07,7.255532664177732e-06,8.600324756310862e-06,0.001001222325467166,0
0.9782288010067857,0.02081594680647534,2.066348277471283e-05,1.176660209708512e-07,6.830870698697019e-06,7.042669029036509e-06,0.0009205974982152493,0
0.9355130859457628,0.03583976242918009,2.4619026223649706e-05,2.7910033803228965e-07,1.6451548422656323e-05,2.4719260595764767e-05,0.02858108268947705,0
0.9379349039294643,0.03593254293913398,2.468275895101116e-05,2.420918039121005e-07,1.649413751780452e-05,1.9650526152293558e-05,0.026071483616976657,0
0.7132894236303319,0.28664551810907646,2.2130697975230404e-05,1.574630167872997e-07,5.468301144251871e-06,1.3403054058994642e-05,2.3898744396345072e-05,0
0.8384001598200859,0.1614734495717552,1.9231845880865423e-05,1.4959200582344406e-07,5.136743401475885e-06,1.2175011030084441e-05,8.969741584070766e-05,0
0.9075578936763025,0.09207952380090868,2.5066106240160763e-05,1.1215777556470905e-07,4.748213862895559e-06,9.787031067605424e-06,0.0003228690138427807,0
0.9096636503695127,0.08987459866951683,2.1677564324752092e-05,1.1458665458861739e-07,4.235431050294499e-06,7.855597425659506e-06,0.0004278677815150649,0
0.8186998701541471,0.17930753986077158,2.5240509434351758e-05,1.5513872933789046e-07,6.500802811223744e-06,1.3967502044708696e-05,0.0019467260320616088,0
0.8758390420530661,0.12301353944509802,1.8982865946887556e-05,1.5114712020694064e-07,4.631912701255013e-06,9.257241294608492e-06,0.0011143953347731378,0
0.8640396493534496,0.1348979532396591,2.119487120005852e-05,1.3774302306066553e-07,4.703046633440053e-06,1.0837151203740297e-05,0.001025524594831054,0
0.7607563651592478,0.2367236207661242,2.3533507329188377e-05,2.3444267277618177e-07,1.3346865161241892e-05,2.285005391665041e-05,0.0024600492055480367,0
0.8592024276442214,0.13716993929013116,2.193059411236098e-05,2.2970235933935822e-07,1.3499217121462101e-05,1.997018339283746e-05,0.003572003368661178,0
0.8607664205261563,0.13523408417069144,2.16210915121231e-05,2.264606105234319e-07,1.383612317527927e-05,1.9688347722739185e-05,0.003944123280131586,0
0.9203215158455353,0.06094695816630276,2.850678361249035e-05,2.0294347498140688e-07,1.378915531990468e-05,2.2657242706500605e-05,0.01866636986304806,0
0.8864417135006036,0.06539427556737397,3.2188574446104844e-05,2.485509058604244e-07,1.821452667705655e-05,2.5501267288655722e-05,0.048087858012704786,0
0.09573395887516058,0.006795705025233812,7.872917678940098e-06,4.986226388531184e-08,4.420408513393537e-06,5.081436776406103e-06,0.897452911474373,6
0.46154126409194685,0.521035772595594,3.835655483203051e-05,2.2253119956569413e-07,2.5395455145950602e-05,2.285190423638583e-05,0.0173361368670452,1
0.33624902907862925,0.651283211621152,3.4425013900750915e-05,1.9039856736657603e-07,1.60058170247133e-05,1.7872885865823423e-05,0.012399265184860026,1
0.27890065487032767,0.7205585269513696,2.2143397396852565e-05,2.078869584362807e-07,1.9843948384902985e-05,1.4820227338583531e-05,0.0004838027182237966,1
0.9703480799024156,0.02855057477139947,2.058433512309548e-05,1.35785247098275e-07,8.838272708615348e-06,1.361760233452586e-05,0.0010581693307712922,0
0.9844005782506533,0.007804685145581221,2.2120991300769157e-05,1.31511531068832e-07,1.0282376771379345e-05,1.6611306350120792e-05,0.007745590417812133,0
0.7347258012793471,0.26113294714769136,3.403653108223059e-05,3.119963392887765e-07,3.3891990028304215e-05,3.326697391909646e-05,0.004039744081592461,0
0.6416931595616399,0.35752611837704135,2.346447362035953e-05,2.0199202892460213e-07,1.4540992944535621e-05,2.1012967396988777e-05,0.0007215016353278718,0
0.8031422764563184,0.19555984741991372,3.699399282551124e-05,3.3567752036854706e-07,3.0101367395116193e-05,2.0239063745932466e-05,0.0012102060222808385,0
0.8224031740111284,0.17739652980023898,4.1508834221597755e-05,3.241931547136705e-07,1.8205822164743505e-05,1.6879772262581336e-05,0.0001233775668291892,0
0.12530596774849564,0.8744962593744537,1.669137186824104e-05,1.520673961162809e-07,6.1947893872854926e-06,1.0243957044152092e-05,0.00016449069135461705,1
0.08148790526748069,0.918267898305104,1.6519348491704155e-05,1.2580453341642097e-07,9.140713543285065e-06,7.656574978297698e-06,0.00021075398586848493,1
0.07231929624759623,0.9274405543069552,1.6245579107967673e-05,1.2371961889318993e-07,8.989227695346598e-06,7.529685239613793e-06,0.00020726123378687645,1
0.2685417800336601,0.7294354499912671,4.5694690922824724e-05,2.899415306446343e-07,4.7831967309931085e-05,1.8346146620952613e-05,0.0019106072286885311,1
0.07954353124466973,0.9200403268504453,1.5569756582049333e-05,9.036935298885756e-08,8.43178332820752e-06,5.7149211856543094e-06,0.00038633507443580715,1
0.028759895083945688,0.9708712187425579,9.173609859766415e-06,4.1940547630397875e-08,3.153363237290189e-06,2.6566235307522907e-06,0.00035386063632104745,1
0.04882937148336711,0.9493888193676799,1.124077279757761e-05,7.826295642079374e-08,2.422155247866288e-05,4.424614888240848e-06,0.0017418439458320543,1
0.03488210760854452,0.9629325375509614,1.1490789531387822e-05,7.996175957623637e-08,1.6520187514319235e-05,6.151237214374112e-06,0.002151112664474283,1
0.17849425977563413,0.8033293637343063,3.4046600396057854e-05,1.9853525151111726e-07,2.0641467334056478e-05,1.3072975897711352e-05,0.018108416911180383,1
0.17417618062488113,0.814847453544597,2.7436205496091724e-05,1.6183305008094166e-07,2.40636878534965e-05,1.0640486068936482e-05,0.010914063618053294,1
0.12467269989143383,0.8622763312303349,2.1148346838595897e-05,1.7354126124607522e-07,2.5478689667638305e-05,1.184515324074763e-05,0.012992323147223017,1
0.7099978275644835,0.28422877744438757,1.9521751626701046e-05,2.610848314102744e-07,1.3005294317816732e-05,1.3384747376512682e-05,0.005727222112976307,1
0.7462601806394649,0.2494617489127558,2.035762365795837e-05,2.2375861973448925e-07,1.1688090510541698e-05,1.3480950849852712e-05,0.004232320024141211,0
0.5446402399803937,0.45006158851303074,1.8894229933327487e-05,1.7738788934426335e-07,1.0886745400483342e-05,1.208432692890176e-05,0.00525612881642338,0
0.6449935615241227,0.3517729308425989,3.190964924447353e-05,2.0860854318023415e-07,1.6179977634930247e-05,1.4726628538622214e-05,0.00317048276931724,1
0.6862126996076996,0.3112026384672437,3.0218147542287098e-05,2.5962869452704743e-07,2.1709235947769733e-05,1.8328373728030143e-05,0.0025141465391442202,1
0.6826451648476017,0.31544115231982833,2.9365310582400345e-05,2.8120946529360013e-07,2.3353522023284657e-05,1.6979071266749007e-05,0.0018437037192324051,1
0.6786066639421865,0.3197865026106744,2.91915866047299e-05,2.7954584158588214e-07,2.39673410180062e-05,1.55386752322848e-05,0.001537856298442517,1
0.5594973001927256,0.4401094992819763,3.4932625230855475e-05,2.592353006681229e-08,2.2357306297222526e-05,1.4495239672777197e-05,0.0003213894305672613,1
0.56281686804283,0.43679730958834195,3.423050271350261e-05,2.540248436615577e-08,2.243285171032943e-05,1.4203895002818246e-05,0.0003149297169170782,1
0.7006495952895615,0.2991709374017789,2.3741515395269352e-05,1.0052564232576912e-07,1.7023951994779228e-05,1.3439437710193446e-05,0.0001251618779171743,0
0.6878243393883984,0.3120535840024254,2.330693152842234e-05,1.0058883579190088e-07,1.6712331832218616e-05,1.4506284658653404e-05,6.745047232114e-05,0
0.6361997603906621,0.36372122545420776,2.520276374045538e-05,2.2047973907775734e-07,1.7887655980528103e-05,1.5205933878161764e-05,2.0497321792163564e-05,0
0.5688645071291935,0.4310616800193725,2.3014481177362085e-05,2.0596518076952736e-07,1.73148380007407e-05,1.412961903299807e-05,1.9147948042179274e-05,0
0.5628132519366055,0.4371174780548698,2.1314463387335708e-05,1.9443000281282614e-07,1.6912427545981688e-05,1.2893852132195247e-05,1.7954835456368774e-05,1
0.33777284629422316,0.6606116914567285,2.3990459894642204e-05,1.8676480946569796e-07,0.0015590817991409745,1.0814835926911931e-05,2.1388389276369954e-05,1
0.8910673030656133,0.09904082300361544,2.46806244394031e-05,2.477598617700475e-07,1.739055368126403e-05,2.232539517270014e-05,0.009827229597616043,0
0.8406474875419336,0.1574561346191761,1.9746800798810886e-05,1.982309908052056e-07,1.3936607681970565e-05,1.1176757094933291e-05,0.0018513194423236856,0
0.9171820810705393,0.08157245750694328,1.0025936891344343e-05,1.0632710200863585e-07,4.591438533625636e-06,5.712586523772078e-06,0.0012250251334665128,0
0.9003277275857605,0.09903940257090055,1.1735649016775874e-05,1.244589471954037e-07,5.014118175672534e-06,6.439617280495564e-06,0.0006095559999186159,0
0.8949579988593678,0.10435499938465598,1.2365519319923833e-05,1.3113885000157858e-07,5.344721002227239e-06,6.785241428152369e-06,0.0006623751353755888,0
0.8810723522015741,0.11808233871341652,1.1691654129992982e-05,1.2809733024877513e-07,6.343833138630422e-06,7.4969097432335495e-06,0.0008196485906674251,1
0.7569867443331423,0.24221598959295734,3.318868366053178e-05,2.4851115581552115e-07,1.9476956656523697e-05,2.0328523449390182e-05,0.0007240233989781092,1
0.7380300368400573,0.2605793479612201,3.1150066736323185e-05,1.206426265311776e-07,1.997113540107049e-05,2.9444389486234868e-05,0.0013099289644727236,1
0.6576105954513568,0.3383699898172025,3.2859410860670645e-05,1.1205353002982455e-07,2.3807751913034875e-05,2.3425832670436372e-05,0.003939209682466559,1
0.8474320711418429,0.1515408272456196,2.250304532362647e-05,1.4231122871902694e-07,1.4996424127720163e-05,1.754840523817636e-05,0.0009719114266192409,0
0.8013589268335606,0.19806164229481765,2.0633507394576916e-05,1.468623602169506e-07,1.1263405341139717e-05,1.5867478696397817e-05,0.0005315196178293191,0
0.8099012773864456,0.18989182599624582,2.1442255367783962e-05,1.7373357490237983e-07,1.368130068166279e-05,1.6802316028892376e-05,0.00015479701165528625,0
0.8099028554365124,0.1898921959904872,2.1442297146891442e-05,1.7373391341311829e-07,1.3681327338958016e-05,1.48539013319665e-05,0.00015479731326912662,0
0.7001048908005257,0.299769312808143,2.3130722152412112e-05,1.8741419597352472e-07,1.5088694310747828e-05,1.5987831015533813e-05,7.140172965646854e-05,0
0.6872906069893455,0.3126053873497315,1.608074391350213e-05,6.629173583386145e-08,5.442948079966793e-05,1.0873852569205139e-05,2.2555291904743937e-05,0
0.31161037727697927,0.6640879877826276,0.00014498123175303858,2.304054787456649e-07,0.023943954148607158,0.0001881620285127829,2.430712604147009e-05,0
0.3769892869880291,0.6098535233416374,0.00029250306936727614,2.3865197683367265e-07,0.012109318224685035,0.0007389527761065523,1.6176948197868454e-05,0
0.37166269347360875,0.6159477789596113,0.00037809475436345814,2.289117063945586e-07,0.011256830931565737,0.0007388562620741422,1.551670707010862e-05,0
0.7704917348131852,0.22437912847817396,0.002051224762423112,2.0795699864225067e-07,0.002671794274760328,0.00039990872996469815,6.0009844940596765e-06,0
0.9018781740641881,0.09658185317672492,0.0004916681208753785,1.4181226362490449e-07,0.0006916390935114664,0.0003524314768230905,4.092255613597101e-06,0
0.7905493212903257,0.2055477513395257,0.0009918732286432932,2.5745826041123933e-07,0.002578627241585551,0.00032474389918266756,7.4255424766919385e-06,0
0.08215210392114766,0.9164112766245593,1.9089039431171364e-05,1.1654073355658585e-07,0.0013978371235504013,8.126895953202806e-06,1.1449854624558222e-05,1
0.15878104260550102,0.8410822532384795,1.6906271364189397e-05,1.5150432276048633e-07,0.00010198327710746278,9.449783857310217e-06,8.21331936778402e-06,1
0.3157511689536751,0.6841991484788751,1.5905533647059093e-05,1.8862706363904404e-07,1.7035633332853516e-05,1.0977151683640713e-05,5.575621722676437e-06,1
0.2555004530841426,0.7444160100676745,2.576008230357699e-05,1.3726601752138482e-07,1.1815812238074372e-05,1.0330407939548865e-05,3.549327968409533e-05,0
0.4970195947254068,0.5029052647088614,1.4682473588574455e-05,1.3632659070156477e-07,1.173494669600621e-05,1.104489073220552e-05,3.754192812428243e-05,0
0.725613371851804,0.2731534488180174,2.1882088398412398e-05,1.709030797348078e-07,1.2417657539304922e-05,1.363989328770649e-05,0.0011850687878737093,0
0.8620378342309952,0.13383352502954318,1.636268444994962e-05,1.6102223076219986e-07,9.239983071033867e-06,1.1542205549845757e-05,0.004091334844160209,0
0.861668996426503,0.1346845471928838,1.6893509926774826e-05,1.4570397097496697e-07,7.2914932011812445e-06,1.0461940881014974e-05,0.003611663732633386,0
0.9429264477664075,0.05404599893235296,9.98189067541332e-06,1.0250498853681932e-07,5.259137533492417e-06,6.831093551860705e-06,0.0030053786744900575,0
0.9195095845835323,0.07544244871482961,1.1342131283885489e-05,1.1899517944563085e-07,5.635212628414909e-06,7.058733076211883e-06,0.005023811629469873,0
0.9023427645570818,0.09703103496352167,1.2266237869440759e-05,1.4171744779785538e-07,1.1410939016603853e-05,9.329045377717255e-06,0.0005930525396849479,0
0.9072177168431543,0.0924159033044339,1.1989343800265078e-05,1.385183641658885e-07,8.614704435913218e-06,9.118454537750244e-06,0.000336518831273706,0
0.9192629728260462,0.07954186817361163,1.2205752826309085e-05,1.4403354956397448e-07,8.729083066556152e-06,9.239521528657072e-06,0.001164840609370991,0
0.973375031963455,0.02495994955037997,1.0929932746870899e-05,9.773239534304913e-08,6.557994504800799e-06,7.2408394927452694e-06,0.0016401919870251515,0
0.9753645805136073,0.02346241620241022,8.72066881326304e-06,1.1319645594468022e-07,6.571398843345022e-06,6.77515197591139e-06,0.001150822867893759,0
0.9206762805058963,0.043268721763601484,2.97395012169259e-05,2.2316651990512644e-07,1.782675601884523e-05,0.000365861509207765,0.03564134679753861,0
0.8060385788540946,0.19391041280689864,1.9568601952480272e-05,1.8240690061234183e-07,8.913570527607633e-06,1.1768608801209123e-05,1.0575150824924616e-05,0
0.7409412781302606,0.25899436411422,2.2558120356604965e-05,1.6050418691618488e-07,5.573913461575316e-06,1.1006287800348992e-05,2.5058929714035572e-05,0
0.8979419524895419,0.10181759955034003,2.765200996274283e-05,1.3574939260344281e-07,4.742363018974357e-06,1.3187869905486565e-05,0.0001947299678384199,0
0.818205215090504,0.1249018033799758,3.1222591205459046e-05,2.8578571752092584e-07,1.4132538993800734e-05,1.749534478424749e-05,0.05682984526881891,0
0.8538562060180901,0.08541039148747251,3.478879135471797e-05,2.597682394207472e-07,1.6480895469663655e-05,2.217253701554144e-05,0.06065970050235805,0
0.742545392848248,0.2544798351188426,2.3941781591866826e-05,2.1336888797123455e-07,1.4057023934321182e-05,2.3440026465708872e-05,0.002913119832029543,0
0.7923154927675845,0.2059730144493204,2.047648405119259e-05,2.0398836360725376e-07,1.1476705718780194e-05,1.98818118374079e-05,0.0016594537931237368,0
0.7700210613584012,0.22677450374899483,2.0939486950210203e-05,2.532768257337227e-07,1.426117491645451e-05,2.1887932256532438e-05,0.0031470930216550346,0
0.8492874776023371,0.14815656854725606,2.4088388675007225e-05,2.3012204380951463e-07,1.4129414716001432e-05,2.100826822418577e-05,0.0024964976567479567,0
0.8248356530326005,0.17281446020875219,2.197403167264144e-05,1.8597597503733222e-07,1.2310305098535307e-05,1.8148922118294526e-05,0.0022972675237829298,0
0.8254353493539315,0.17222227956946082,2.1958022474739082e-05,1.8533869403863883e-07,1.2268121566356808e-05,1.8564081200387763e-05,0.002289395512672206,0
0.8261036373390693,0.17150952936031785,2.2364712430680416e-05,1.887713977531701e-07,1.3050656254390996e-05,1.943118828961895e-05,0.0023317979722403213,0
0.8225278900755736,0.1736006106689096,2.2637387845919735e-05,1.9107293949788043e-07,1.149488526148574e-05,1.9668097543511112e-05,0.003817507811926382,0
0.9023300919694358,0.096461880459744,1.797608862789896e-05,1.274718767773749e-07,6.0040048413436825e-06,9.804823117467213e-06,0.0011741151823568671,0
0.92706817432522,0.07228341287781856,1.2280034343019776e-05,8.708006825054842e-08,3.804515800397351e-06,8.01299603803185e-06,0.000624228170711552,0
0.9586743254892046,0.039065320854708305,1.5292442232685427e-05,9.121700386506711e-08,4.0700298166560056e-06,9.066299619035143e-06,0.0022318336674147683,0
0.49415216026418074,0.39221221038779425,4.216438278286822e-05,2.446228739965814e-07,2.2496332195452857e-05,2.5120515691774246e-05,0.11354560349448077,1
0.4003580368388042,0.5872727932111651,3.681293476440589e-05,2.0360572866897847e-07,1.6227193686122207e-05,1.9112654052287186e-05,0.012296813561799144,1
0.3279706138043204,0.6703702083761955,2.574482874813233e-05,2.275619493612422e-07,2.576108434788117e-05,2.20102365901129e-05,0.0015854341078484163,1
0.3475648979557001,0.6515652309532617,3.3908319428713306e-05,2.2172299936874124e-07,2.4442085041274028e-05,2.2642846179325476e-05,0.000788656117389519,1
0.2924478403734345,0.7070625131418272,2.6248284142756877e-05,2.0108250257736613e-07,1.9194425818084355e-05,1.433513879092757e-05,0.00042966755348374604,1
0.5365252546545017,0.4629986432772267,2.0875214788037192e-05,2.1512160687006633e-07,1.4307448540261216e-05,1.230532379878853e-05,0.00042839895953770274,1
0.7464821258277117,0.24854685406536683,4.1843822474277804e-05,2.930696154352032e-07,1.8871081632930063e-05,2.297385961514597e-05,0.00488703827358347,0
0.9589523723840568,0.04023331897860229,2.596743611213376e-05,1.5463960495362445e-07,8.544513595114014e-06,1.3573995742309331e-05,0.0007660680522860558,0
0.9842247776952839,0.014368382331903873,2.0487100793146167e-05,1.1652382165502677e-07,8.103526204002624e-06,1.3146714030020358e-05,0.0013649861079631884,0
0.9840873544717367,0.008501382652541144,2.3788179955521442e-05,1.4142313627611921e-07,1.066396351729196e-05,1.7863247599542694e-05,0.0073588060615134634,0
0.992452373743524,0.005695402196794647,1.8155897922017283e-05,1.0326470496884524e-07,5.467440356373271e-06,1.3000117638320987e-05,0.001815497339059696,0
0.8139734338145181,0.05994291420996659,7.408179520483309e-05,3.696899691139765e-07,4.820761186439425e-05,3.5757824387213384e-05,0.12592523505408965,0
0.7192628232757519,0.2764033304985345,3.6133151309752306e-05,3.054300903245724e-07,2.4345821915117693e-05,3.6282882731175505e-05,0.0042367789396672816,0
0.7516679981330273,0.245694661385703,2.6684666097704057e-05,2.4931851364231643e-07,1.52846268781918e-05,2.6527682864924527e-05,0.0025685941869151413,0
0.6615770380502215,0.3366284776007161,2.149336728307788e-05,1.9750013143370407e-07,1.4211179166758915e-05,2.086103211508793e-05,0.0017377212703661216,0
0.6477649261666946,0.3507048563891586,2.14336543211431e-05,1.9695143575121326e-07,1.4178130953591036e-05,2.0597763749588563e-05,0.0014738109436867816,0
0.800663568517745,0.18086370887958633,3.40726834736824e-05,3.094186072945232e-07,2.8128663296417448e-05,1.7123087747464617e-05,0.01839308874954383,0
0.7797388164078382,0.2201237938295557,3.561324737966789e-05,5.93959362721921e-07,2.2689952765504474e-05,1.9422081091356227e-05,5.907052200684753e-05,0
0.2180460930058559,0.7818275563490586,1.9023240577143212e-05,2.007604818324996e-07,5.1736010417920704e-06,1.2177008094391584e-05,8.977603489039773e-05,1
0.05321841671236748,0.9465461104670828,1.3911328543279497e-05,8.831630652501764e-08,1.4522941369880824e-05,5.086017770631284e-06,0.00020186421655925716,1
0.07003197875951649,0.9294879488353667,1.5055655982201636e-05,8.738543102870419e-08,4.772418333616865e-06,4.397494087128178e-06,0.0004557594512828698,1
0.06641333931863333,0.9331346719280804,1.2368403277680644e-05,8.366998383481397e-08,6.057688943448284e-06,4.210521763780576e-06,0.0004292684693178009,1
0.036236151702711814,0.9632120551834031,9.869984932269922e-06,5.651861257986552e-08,4.6055178462289885e-06,3.3599960667923726e-06,0.0005339010964272322,1
0.027931331882280776,0.9718272851161943,6.9497502230207806e-06,3.703221801829553e-08,3.0176349557006207e-06,2.0498526880554548e-06,0.00022932873143982757,1
0.051844503324948395,0.9463460042486577,1.0866543539692202e-05,7.561777539934005e-08,2.2959788430547888e-05,4.277310038665742e-06,0.0017713131666099661,1
0.09593951766107538,0.9024367841864959,8.93699501849524e-06,6.725720240348001e-08,2.565062811883315e-06,4.703808918616175e-06,0.0016074250284774374,1
0.13924481407132835,0.8583796687276428,1.1584893453636192e-05,8.718450913550489e-08,3.3250526956829463e-06,5.60634136940549e-06,0.0023549137290011218,1
0.14977231935650126,0.8480633880584734,2.0419471591235425e-05,1.218922507444844e-07,7.3607314902813845e-06,6.445575012853469e-06,0.0021299449146803344,1
0.12237402061094353,0.8619632815878504,2.492702674834446e-05,2.0925165676704214e-07,2.189622675914665e-05,1.343268169470472e-05,0.015602232614347074,1
0.723527910035027,0.27154672085619114,2.005828637115137e-05,1.8882442130065923e-07,1.2333705425808029e-05,1.1675991024165266e-05,0.00488111230153961,1
0.7525138711867846,0.2426618454055967,1.854827047080688e-05,1.5992313610416333e-07,1.038645863703424e-05,1.2236383081393068e-05,0.004782952372293658,0
0.6131790335563101,0.38381814679901394,2.5958320147774943e-05,2.6956912345094286e-07,2.2979899059608423e-05,1.7903348523776612e-05,0.0029357085078213063,1
0.7359587812110941,0.2624033788573548,2.6217323550005123e-05,1.1779461222644843e-07,6.378287500527523e-05,1.3657826735433613e-05,0.0015340641116481444,1
0.6775962951157067,0.3223276906370419,2.4728290824777205e-05,1.0345526927628665e-07,1.590043476173989e-05,1.4919663536659502e-05,2.0362402858879657e-05,0
0.49899787931482303,0.5009245983392777,2.3980775346827724e-05,2.170876585563967e-07,1.8249869350830786e-05,1.4892643022025147e-05,2.0181970520966996e-05,0
0.45900465762061704,0.5409156034648349,2.376090449878131e-05,2.1674637754560046e-07,2.000210306361316e-05,1.5743496933282414e-05,2.0015663674816937e-05,1
0.2963452104066168,0.7026558706903492,2.4164641559681453e-05,2.0338668257052966e-07,0.0009409838686651483,1.1300915606868862e-05,2.2266090519874887e-05,1
0.8715521179741872,0.12328693795384975,3.094948194679623e-05,2.504529751527016e-07,1.7996520652927844e-05,1.5499445836497903e-05,0.005096248170551388,0
0.8975148649018763,0.09566086084239678,1.889399194763362e-05,1.7374612870538737e-07,1.2222607099505029e-05,1.5002483621514615e-05,0.006777981426929438,0
0.8720313008578127,0.12147771247709123,1.83755926093871e-05,1.6897901128555334e-07,9.709518438816484e-06,1.4590856602565794e-05,0.006448141718433967,0
0.8622633573485966,0.12806941272558608,1.859455388026629e-05,1.709925441195417e-07,1.2678521978436983e-05,1.4693154676304369e-05,0.009621092702738228,0
0.8378430896957689,0.16063134445824967,1.9636763660904667e-05,1.4317840815539646e-07,1.3045470450042815e-05,1.1139471462145894e-05,0.0014816009620002137,0
0.7998506451149386,0.19677281190599283,2.296799490381402e-05,2.491809511457086e-07,1.5269367866890252e-05,1.2669318903045435e-05,0.0033253871164437864,0
0.8837907400048516,0.11395157740829912,1.0861840778929776e-05,1.6279202768885384e-07,6.363405876995199e-06,7.1573488541702575e-06,0.0022331371993116614,1
0.7835773588119762,0.2150690269594306,3.173578506911987e-05,2.619028876861441e-07,2.034665498599426e-05,2.9998035771043093e-05,0.0012712718498794212,1
0.7943635055747227,0.20335817100494907,2.6814670666548702e-05,1.1292946475479062e-07,1.8742785783443004e-05,2.5848381087517768e-05,0.002206804653326031,0
0.7601129684223468,0.2376569388458015,3.206552043390049e-05,1.3504331657526408e-07,2.3205980365779706e-05,3.091001199500197e-05,0.0021437761757404166,0
0.7830574830390836,0.21433886619069734,2.9950762419130978e-05,2.894804898797729e-07,2.26268720601115e-05,2.652970596760746e-05,0.0025242539492823907,0
0.7717468632049325,0.2261255433949591,2.7759437327343115e-05,2.6830086673096773e-07,2.0632453390211146e-05,2.4225317681495865e-05,0.0020547078908426776,0
0.7905797473454206,0.2083339191561103,2.0355963497293794e-05,1.4488689617977368e-07,1.1111899862440488e-05,1.3838756538763434e-05,0.0010408819916745415,0
0.7834347023839724,0.216216307733775,2.2898742713965304e-05,1.8553460744825405e-07,1.46106171635513e-05,1.5862837016445224e-05,0.000295432150751382,0
0.6312482685721992,0.36855053354969425,2.703018435660704e-05,2.425677436838594e-07,1.9071738526531235e-05,2.052566645506639e-05,0.00013432772102460065,0
0.6743958968025126,0.32551667748553176,2.309498973964167e-05,2.0725347180909738e-07,1.8023077188261127e-05,1.753743333471549e-05,2.856295822110351e-05,0
0.6936278858483249,0.3062839017843475,2.0173866436732028e-05,1.634565895956315e-07,1.3159870311181011e-05,1.3944068213485769e-05,4.077110577640548e-05,0
0.6535996202230631,0.34631230990356693,2.215748129719112e-05,1.795286163029909e-07,1.4453827242681429e-05,1.3810766393367629e-05,3.7468269820294553e-05,0
0.5616054226685141,0.4354818414674785,2.004409975217291e-05,8.648080093919492e-08,0.002831299009552559,1.5724072276021933e-05,4.558220162584938e-05,0
0.8095101353391742,0.18508268422007845,0.0026899442831327005,1.7633757036179993e-07,0.0021663932817840613,0.0005409255001294743,9.741038130839898e-06,0
0.18218073536528026,0.8055373937623008,0.002003518480301123,1.691549551032879e-07,0.010026171674864396,0.000246638575408939,5.372986889524966e-06,0
0.8838439972014847,0.11324353224248057,0.0008523770016107002,1.9245483338596556e-07,0.0018278164281811695,0.00022653103061608378,5.553640793512456e-06,0
0.11455140691195147,0.873923566039123,7.763940234971308e-05,1.362007136052676e-07,0.011393383887107618,4.171075193922826e-05,1.2156806815561989e-05,1
0.0646599455499398,0.9335029487182469,1.760324055265598e-05,1.074697642265639e-07,0.001801342030883519,7.494337518996725e-06,1.0558653093874977e-05,1
0.07627608575660967,0.9221621673034295,1.8057502779586404e-05,1.102430862339076e-07,0.0015191027970819686,7.687733413381295e-06,1.6788663599587772e-05,1
0.08813601182949739,0.9109126376554005,2.1515831667827484e-05,1.3135657321520703e-07,0.0009005392699928,9.160069365540108e-06,2.0003987502904692e-05,1
0.15083215175848827,0.8491205419938957,1.578714535987572e-05,1.768300751896054e-07,1.6238481941344227e-05,6.998940879060943e-06,8.104849360656617e-06,1
0.4808380098885684,0.5191054606454583,1.713274300438238e-05,1.6964272752266496e-07,2.194995853200024e-05,1.1510951198738823e-05,5.7661705106632885e-06,0
0.4349791513845976,0.5649242565246406,2.365764971039048e-05,1.800751311614016e-07,2.160123429636767e-05,1.2461651374065373e-05,3.8691480249997e-05,0
0.6521567303969026,0.34740388040660836,2.199245564958531e-05,1.7243411937352658e-07,1.252890144399179e-05,1.3762086622804825e-05,0.00039093331865329515,0
0.6542903897571752,0.3446464838072522,2.1048397191042754e-05,1.6439180017624243e-07,1.1944554071383781e-05,1.312022355160186e-05,0.0010168488689584062,0
0.9053262523486704,0.09434212972975806,1.227258271382945e-05,1.0453426586189101e-07,5.7792505896816465e-06,7.0898054064226345e-06,0.00030637174859571905,0
0.9257987815426565,0.07383171270497209,1.1188321076189125e-05,1.2080295615130833e-07,5.778129983435526e-06,6.593338865652531e-06,0.0003458251594900291,0
0.8855024474179481,0.11386441599171053,1.341844358205493e-05,1.5502940657998474e-07,9.64155564934455e-06,1.0205351502859496e-05,0.0005997162102004625,0
0.946971179293838,0.048612343492007846,1.0866321908693002e-05,1.1892144077921079e-07,6.525841218300216e-06,8.61460004351377e-06,0.004390351529543043,0
0.846628333330491,0.15321708832888878,1.9324599126791913e-05,1.2980008274745193e-07,4.330305137275654e-06,1.1440473432169548e-05,0.0001193531628412348,0
0.9210527496524121,0.07852754706628592,1.8017633056653404e-05,7.880016238800731e-08,3.953029369671599e-06,1.0083509540156924e-05,0.0003875703091729007,0
0.9061263533741644,0.09341531978964601,1.9608899819105626e-05,8.771735030172829e-08,4.581145436545143e-06,9.18561165002683e-06,0.0004248634619335658,0
0.8926325844759357,0.10691285543083116,2.7102281945603087e-05,1.2159987710966327e-07,4.991991331764509e-06,1.0285134801012755e-05,0.00041205908527760593,0
0.871054240769054,0.1278532522880678,2.8665782459832205e-05,1.4072620987290642e-07,4.893553568749102e-06,1.1071858166277485e-05,0.0010477350224734141,0
0.8325279632503552,0.08168650517991365,3.268115217889476e-05,2.440304774371439e-07,1.54824192481033e-05,2.1970633684583554e-05,0.0857151533341421,0
0.8572947747605788,0.07740021813608908,3.135832406000949e-05,2.3415290715896627e-07,1.6760528165695585e-05,1.9986138462715243e-05,0.06523666795973668,0
0.7419097965876811,0.25426200812382105,2.392128815537437e-05,2.1318625069596218e-07,1.1919951462557249e-05,2.3419962516335962e-05,0.0037687209001129925,0
0.7923176336192121,0.20574997542453938,2.162594713928864e-05,2.154394063634928e-07,1.2052444704717021e-05,2.295355943398532e-05,0.0018755435655640636,0
0.7565036687286817,0.2412435520264763,2.0865042630025663e-05,2.340493015985598e-07,1.2594436302308401e-05,2.1600687955641723e-05,0.0021974850286524406,0
0.8441173065536449,0.1525265239137127,2.2722839972572214e-05,2.552035698639445e-07,1.4926991844756392e-05,2.0994320132657172e-05,0.003297270177122724,0
0.8370567076446711,0.1602824296472656,2.0288903381983548e-05,1.9330132081367177e-07,1.3363831181446138e-05,1.8160842272178905e-05,0.002608855829906857,0
0.9345001670936921,0.06441772518886026,1.8652455465990966e-05,1.322681231703612e-07,5.678319213647462e-06,1.210904883356447e-05,0.001045535625811264,0
0.970484733029635,0.027213724482352382,1.5345902288268582e-05,9.15358846574583e-08,4.084258022779843e-06,9.362994778581449e-06,0.0022726577970382644,0
0.042636786708370594,0.0010392565545085082,3.67386893745222e-06,2.3813924546570035e-08,4.250060560978626e-06,2.556853873496854e-06,0.9563134521398243,6
0.3957852568322594,0.589038454492436,4.190356432394584e-05,2.432294035014137e-07,1.9482948799557375e-05,2.1755622951737938e-05,0.015092903309825845,1
0.29562443890660006,0.7032847011071508,2.7336211239541877e-05,2.0511860137733812e-07,2.1838992502750565e-05,1.9254668782860088e-05,0.0010222249951226034,1
0.31886966635904096,0.6803287669172503,2.5604733098266033e-05,2.0580894962947903e-07,2.2687767454981497e-05,2.1017668000416858e-05,0.0007320507462054613,1
0.3040325842767957,0.6955310126123405,2.414793238640684e-05,1.9816666123737446e-07,1.9067236152298026e-05,1.1676393225463906e-05,0.0003813133824384134,1
0.7489264075418666,0.24740924097523184,4.1057904096703003e-05,2.917282191335134e-07,1.878470761877746e-05,2.286870695277415e-05,0.003581348436014244,0
0.727005577317197,0.26370980658984944,4.921881873737176e-05,3.447232931074486e-07,3.059638768604522e-05,2.5856249793973003e-05,0.009178599913443235,0
0.7662621806537492,0.22576224687022245,3.632087404030666e-05,2.9347008264602565e-07,1.6215503859313416e-05,2.2032080116003914e-05,0.007900710547930184,0
0.9583637127760846,0.04055751697436872,2.1210853560175294e-05,1.341082197662593e-07,8.383883625963622e-06,1.3449416969771232e-05,0.0010355919871709103,0
0.9899200098473789,0.008422704814654852,2.5062431626726685e-05,1.4254677013783463e-07,8.133456571289566e-06,1.7416412225997004e-05,0.0016065304907721082,0
0.99311166076113,0.005387435970182262,1.891434260697206e-05,1.0757848592109801e-07,9.746148188414852e-06,1.3798126247276126e-05,0.0014583370731590059,0
0.8677234638640785,0.008959360263155334,3.5588617169995074e-05,2.0314672134269966e-07,4.255046558304244e-05,2.3152854957197826e-05,0.12321568078833481,0
0.6403868653858509,0.041372213167066935,7.632460326936968e-05,3.509170521297457e-07,8.667012204319025e-05,2.9937152033187995e-05,0.3180476386526844,0
0.8691365912137036,0.0758424918876344,6.663347572062393e-05,3.096405416647419e-07,4.0021554564096605e-05,3.5023243377432424e-05,0.054878928984458286,0
0.9793429567051588,0.011389834096151318,2.047427906125866e-05,2.1640959579807994e-08,1.4561936209147941e-05,1.4203525548730727e-05,0.009217947816911305,0
0.7319367876788465,0.26344845081437274,3.725673068454902e-05,3.149275998827372e-07,2.5651168406397574e-05,3.091373499077427e-05,0.004520624945099265,0
0.6661198176160771,0.33248887010211176,2.2358830746944572e-05,1.867215669954833e-07,1.3441703629242906e-05,1.972254184033211e-05,0.0013356024840278033,0
0.6605924840492695,0.33796409795023563,2.1630805765804602e-05,1.8979638608084097e-07,1.3663053565000018e-05,1.9849467489829047e-05,0.001388084877288176,0
0.6002584239644329,0.3992124266395344,2.1910604699208714e-05,1.9147445707645142e-07,1.378385446312214e-05,1.9087095952200587e-05,0.0004741763664613847,0
0.7151398903061392,0.28416042782336076,2.3212221252557458e-05,2.156197432165687e-07,1.8795742639398106e-05,1.648330760819862e-05,0.0006409749792567076,0
0.8106238131039654,0.1884467735904075,3.731148703439973e-05,3.223915875368375e-07,3.0280170288117308e-05,1.8664471009879594e-05,0.0008428347857071548,0
0.7881749332076218,0.21164589128119804,4.927852345830943e-05,4.234639726837941e-07,3.0104691795007705e-05,1.925570119095689e-05,8.011313076314482e-05,0
0.8611536464237125,0.13871419314533953,2.8665906674801343e-05,2.6506537299298077e-07,2.1000265886122163e-05,1.4669800367968585e-05,6.755939264622599e-05,0
0.8211257243672395,0.17862495505523704,3.341002935130694e-05,2.8868086635865353e-07,2.5055900812677767e-05,1.6770604098857872e-05,0.00017379536239416519,0
0.8813658432519414,0.11845601300939348,2.4276693059703847e-05,2.2488621483737172e-07,1.3277444848526623e-05,1.2412262030546414e-05,0.000127952452511403,0
0.19166730487943784,0.8081239318695519,2.6886488683103288e-05,2.955994593227557e-07,1.0690894772675531e-05,1.9384376073702395e-05,0.00015150589202147786,1
0.2646856578833503,0.735057621987935,2.252478647007477e-05,2.3771380940951526e-07,6.702688442216147e-06,1.5075831829000358e-05,0.00021217910816393354,1
0.0788417086121164,0.9208966252063756,1.576562024654706e-05,1.194952912363536e-07,1.609214252158355e-05,7.276401387505473e-06,0.0002224125220609893,1
0.051374225795449105,0.9484146693584626,1.3429255845017111e-05,9.430985953020188e-08,1.1809565205886419e-05,4.909770742716532e-06,0.00018086194443485702,1
0.04787273439407003,0.9519571607594748,1.3941553935110713e-05,8.091900487562963e-08,1.09974457704079e-05,4.659826595127608e-06,0.00014042510114962268,1
0.07572092196072878,0.9239513901469623,1.2741767523153646e-05,8.619572460198288e-08,5.818422809784572e-06,4.337624530895102e-06,0.00030470388172052485,1
0.028722999766769085,0.9710278693876753,7.0306372697410976e-06,7.225326153157842e-08,3.0527567330039386e-06,2.301913416911241e-06,0.00023667328487446537,1
0.017850154361999798,0.9819086150434186,4.784950209574515e-06,7.442938329076706e-138,6.148890152411529e-06,1.5754162049512852e-06,0.00022872133801461568,1
0.014447362565068638,0.9851210921435455,5.7319041738451076e-06,4.2885916406880056e-08,9.758962794890866e-06,3.033361475740107e-06,0.0004129781770248899,1
0.051781741992645944,0.9470679485318241,1.0048621548719598e-05,6.992604452082922e-08,1.5128199183961188e-05,3.955357991075486e-06,0.0011211073707616819,1
0.12260292440112702,0.8738508055601103,2.595353652475752e-05,1.4124370418869507e-07,2.333584235743568e-05,8.546881060117495e-06,0.0034882925351160587,1
0.7027706625312908,0.2935404124752588,1.833608351002473e-05,2.01539079731221e-07,9.923912821242403e-06,1.1979985109672602e-05,0.00364848347292961,0
0.4987550233880901,0.4958807498849485,2.634327070005558e-05,1.707215381427574e-07,1.1259678865166477e-05,1.2166509070217746e-05,0.00531428654678764,1
0.5282807781108514,0.46725008205055474,2.7499013332793706e-05,1.8113828108882517e-07,1.6554433996305776e-05,1.4489104121469789e-05,0.0044104161488621564,1
0.6261881326742436,0.37268810847721845,2.3073531041507125e-05,1.0366953119929442e-07,3.227382703440548e-05,1.2020078576613203e-05,0.001056287742354047,1
0.5381563677364599,0.46176643038565934,2.4449329540796577e-05,2.138885184694245e-07,1.7980927813525106e-05,1.467317568053945e-05,1.9884556327285676e-05,0
0.5380037802527352,0.461468487951104,2.56741779718289e-05,2.685186502880842e-07,0.00046914221324400365,2.0543958723349847e-05,1.2102927571315076e-05,1
0.19230415487765906,0.8068215828998236,1.7250930573881203e-05,1.4121325014240412e-07,0.0008433586865981734,9.031455991561051e-06,4.47993610350166e-06,1
0.2170270469263464,0.7820277497313788,1.967482763569379e-05,1.71475265233531e-07,0.0009092134345743311,1.070361789462894e-05,5.4399869049295445e-06,1
0.21947415902566492,0.7795536623267947,2.241835204220942e-05,1.9731036838592385e-07,0.0008996302526052396,1.1518545437924351e-05,3.84141870869036e-05,1
0.20397493963145952,0.7944496777797634,2.706151474473938e-05,3.628350576955932e-07,0.0014961943121336574,1.1486670238447357e-05,4.027725660251069e-05,1
0.21215819027342528,0.7839295116012418,0.00017646480832570724,3.3767946290310785e-07,0.0036183606583217007,9.393454353718471e-05,2.3200435685485978e-05,1
0.9523795610494207,0.033874411425691975,2.0641225567102727e-05,1.8981340967851602e-07,1.4050242270725433e-05,1.7340101137101234e-05,0.013693806142502738,0
0.8650628968051283,0.1299955070644219,1.863704563269686e-05,1.870905600908174e-07,1.753931316710943e-05,1.0548631858198706e-05,0.004894684049231771,0
0.8629475193155911,0.13158291596360447,1.8864627437329175e-05,1.8937517151122615e-07,1.3758060627836362e-05,1.0677443941508683e-05,0.005426075213626264,0
0.7783020716649305,0.22040407210162163,2.173971089212256e-05,2.6401214804689937e-07,2.0026410560511198e-05,1.8340981544504323e-05,0.0012334851183024864,1
0.7605121241481325,0.23814696641583522,3.470040759218433e-05,2.598306846456363e-07,2.03641199376767e-05,2.5719419477755353e-05,0.0012598656583398672,1
0.7579078428212642,0.2408881608808739,3.786058501544029e-05,2.543546448243852e-07,1.99349376343797e-05,2.874926884676555e-05,0.001117197151720471,1
0.6739104179266446,0.31784248581897495,4.0403434737474467e-05,2.2470935412687917e-07,2.443276548218706e-05,2.7407148770274932e-05,0.008154628196036332,1
0.6796767701424127,0.30442848347679846,3.488752727092077e-05,1.0879744474484634e-07,1.7281504448545713e-05,2.2648859685736543e-05,0.01581981969193882,0
0.8567916501226835,0.14205490325928286,2.060825273335423e-05,1.798381556690101e-07,1.3016425630508723e-05,1.5684992815979033e-05,0.0011039571086979005,0
0.8034812788338764,0.1952721709075353,1.9331966135324383e-05,1.3759842764367378e-07,1.0066411830529998e-05,1.3142604269158772e-05,0.001203871677925469,0
0.6025921061640706,0.3973058292591009,2.424597910934725e-05,2.1158281693416812e-07,1.713518221116303e-05,1.6313735572600247e-05,4.415809711833292e-05,0
0.6656671934787791,0.334219294152826,1.7192585597414033e-05,7.087522498059682e-08,4.7171704418439994e-05,1.1720370651742722e-05,3.735683250221608e-05,0
0.46298029568018545,0.5335994464572057,2.389955492249811e-05,1.9756620636128927e-07,0.0033548845944422387,1.5882239083723e-05,2.5393907954022736e-05,0
0.369177032130441,0.6136218296598237,0.0006396144797650475,2.2286812355815287e-07,0.015915620734893936,0.0005997279129111185,4.5952214041614195e-05,0
0.6345545521038644,0.35763179178339155,0.0003471494782861771,2.2497123414676448e-07,0.006190340397251788,0.0012694493041887757,6.491961783150648e-06,0
0.8706168067418123,0.1263638405627091,0.0010950801245717848,1.31808860349721e-07,0.0015795950984678904,0.0003407420747007509,3.8035888780020553e-06,0
0.6784612684565436,0.3160690181600167,0.0020973646342633346,2.504414433199493e-07,0.002895795944909519,0.000468528601562995,7.773761260402619e-06,0
0.1757108962064207,0.8090510453814037,0.0023686466962199574,2.102204647342092e-07,0.012460211217034516,0.00040231289912553704,6.677379330904372e-06,0
0.16386512490898097,0.8239638538851983,0.0023119606497821006,1.6225450170361768e-07,0.00961716721870024,0.00023657727986408652,5.153802972473485e-06,0
0.19256704877964836,0.7942485158730446,0.002001151087779243,1.798587443515182e-07,0.010901122314540868,0.00027626910742514294,5.712978817422453e-06,0
0.9310739583251407,0.06720293624572844,0.00041012535651157054,1.3816141690713228e-07,0.000965518274638837,0.00034333673289604715,3.986903667345803e-06,0
0.11402411541981755,0.8798953038456434,1.4298518273897834e-05,1.3003879271255178e-07,0.006050705676004706,6.095564079304707e-06,9.350937388388284e-06,1
0.1211006339147056,0.8788461895076579,1.4692545154840859e-05,1.5663433459280024e-07,2.2487079593971754e-05,6.648167559699397e-06,9.192150993539625e-06,1
0.12767423055713126,0.8722802712693457,1.4638748117233142e-05,1.5602391236388127e-07,1.5057253323944085e-05,6.489820058056778e-06,9.156328111458098e-06,1
0.2322288814896963,0.7677207206159251,1.678852596104151e-05,1.5598098947378617e-07,1.5509519371208726e-05,7.442884572821486e-06,1.0500983484104322e-05,1
0.2759759016873986,0.7239574242910798,2.2855438156969288e-05,1.8991317303379408e-07,2.4559863010587225e-05,1.261702470355757e-05,6.451782477452957e-06,1
0.38361191231214015,0.6163217098432988,2.2654704541696302e-05,1.8824521298204542e-07,2.4344159856752865e-05,1.2795616869166418e-05,6.3951180804390175e-06,0
0.599928731622768,0.399991020542928,2.911422767034704e-05,2.2438728471286635e-07,2.6930888292407168e-05,1.674766759853379e-05,7.230663457812526e-06,0
0.6754892007660603,0.3240441796624323,2.368243727142101e-05,1.8568459478026806e-07,1.3491668563748884e-05,1.5350772055869814e-05,0.0004139090090215284,0
0.6561096705235292,0.3428346078508091,2.110692310670912e-05,1.64848898194017e-07,1.1977766384792219e-05,1.3156704861325136e-05,0.0010093153824107088,0
0.9604878871824439,0.03889655525710503,7.041927612711844e-06,7.812488547869589e-08,4.254478478019668e-06,4.632795070315703e-06,0.0005995502344044142,0
0.9571510805730641,0.04099558614208692,7.202855184914301e-06,6.633728612296089e-08,4.362033882521081e-06,4.905908273788546e-06,0.0018367961502215719,0
0.9296873837245953,0.06460815963716539,9.923589020461867e-06,1.0190628327477969e-07,5.2284202644108055e-06,6.791194892162634e-06,0.005682411527779059,0
0.9527190760819074,0.04576077930409099,1.2386988264408054e-05,1.4922119374571774e-07,7.553652039154338e-06,9.415197379226386e-06,0.001490639555125107,0
0.9773311331160817,0.019432509236031556,8.742405570789298e-06,1.0027123589633587e-07,6.73408682865444e-06,7.428938197166611e-06,0.003213351946054501,0
0.8594739140678306,0.058565317999609255,2.2414629475237278e-05,2.213324125897747e-07,1.0635805768422485e-05,1.9259238838619678e-05,0.08190823692606493,0
0.8894014147881476,0.03631347564220447,2.4800026460343434e-05,2.1186659700839584e-07,1.2697167205414828e-05,1.689567610328821e-05,0.0742305048332816,0
0.9378570991924913,0.06185446168642418,1.3330658048380314e-05,7.060929351384761e-08,3.3329557438681005e-06,7.580556008163568e-06,0.00026412434199051595,0
0.8853597941764791,0.11410659749465568,2.170167999762719e-05,1.1733290246968342e-07,4.816820921054071e-06,9.924226464525562e-06,0.0004970482685795319,0
0.8420832086229696,0.07312537553531931,2.925601383906732e-05,2.1845493653267923e-07,1.6012426479396495e-05,1.845438119479305e-05,0.0847274745652613,0
0.741750943180332,0.2545762601571442,2.2853584335397854e-05,2.0367088627427613e-07,1.2473471064443223e-05,2.2374634886821135e-05,0.003614891301350962,0
0.7787447719007939,0.21847803206842278,2.431182398703744e-05,2.4219632525899906e-07,1.427688712366793e-05,2.5804321690088527e-05,0.0027125608016572928,0
0.7730484053652308,0.22408141870923423,2.3552726584310114e-05,2.3463413652514529e-07,1.3434424533059247e-05,2.4478644294664975e-05,0.002808475495986552,0
0.7666134312567319,0.2312973284072119,1.8387482825491243e-05,2.4070098204042395e-07,1.2168499542232062e-05,1.8921384788670034e-05,0.002039522267917923,0
0.8106544531539169,0.1856611693171987,2.3501400211816616e-05,2.2390819337968205e-07,1.5479828507498896e-05,2.196247384931827e-05,0.003623209918122403,0
0.35648252593700575,0.04691462957317281,2.7593993352987047e-05,1.726728571786833e-07,1.4124968034037475e-05,1.8270465868772273e-05,0.5965426823897084,6
0.3318871183584216,0.6559332191262379,2.3655900758390968e-05,2.090976383311954e-07,1.647665382055733e-05,1.9140770961653923e-05,0.012120180092161684,1
0.15902785399560768,0.8389374306357988,1.1201465289699463e-05,9.901123452651522e-08,1.0825526226594188e-05,9.063475694071911e-06,0.0020035258901486444,1
0.29888691200812595,0.7002736610501653,2.316519196807469e-05,1.8831817301146552e-07,2.0759636179685008e-05,1.923147096336533e-05,0.00077608232442455,1
0.41720879050293436,0.5824338205392968,2.810102449326889e-05,2.047335752848352e-07,1.9699092692408926e-05,1.2063329505346652e-05,0.0002973207775025251,1
0.7188725431743512,0.2778756532652964,4.6989773881257484e-05,3.3266574865486564e-07,3.3151578215367135e-05,2.40645379596394e-05,0.0031472650045474963,0
0.7483910686299452,0.24723239076334297,4.102855556060713e-05,2.915196893422883e-07,1.877128015135726e-05,2.2852360208189022e-05,0.004293596891102434,0
0.9415231265037655,0.057664743476874475,1.7967756782089404e-05,1.5227379631167983e-07,8.413792334473206e-06,1.3366329171753195e-05,0.0007722298672754333,0
0.986349135738515,0.0076240437748110405,2.253055605784384e-05,1.339464349816984e-07,1.0472752468709597e-05,1.691886063453226e-05,0.005976764371077918,0
0.9883229040045295,0.01004176419915579,2.6399277075319122e-05,1.5015030213778226e-07,9.936969362957513e-06,1.834541431812858e-05,0.0015804999852559937,0
0.9695317462288868,0.006930346395269455,3.272879611034789e-05,1.8596735708550526e-07,3.6548820513474665e-05,1.680756480144335e-05,0.023451636227061135,0
0.970203154654194,0.011732721528670146,3.1283093099519574e-05,1.91945227737113e-07,2.9867306887150732e-05,1.637507618947582e-05,0.01798640639573216,0
0.875453980356287,0.12410743156030898,3.493377874873955e-05,2.3236990952085384e-07,1.5994942131224248e-05,1.349927969323779e-05,0.0003739277129210936,0
0.8450068145508518,0.15476033063145386,4.0322710697054393e-05,2.966995604733183e-07,1.6028973618321723e-05,1.558169683285947e-05,0.0001606247369856534,0
0.1776768552707723,0.8221293222776277,2.6337724237582627e-05,2.773482039986957e-07,9.584807837837108e-06,1.6164190568654078e-05,0.00014145838075202373,1
0.08597730959083881,0.913735690366834,1.7456592988550956e-05,1.3231199474173876e-07,1.4789110414087812e-05,8.354210474903582e-06,0.00024626781645499475,1
0.0721486703651302,0.9275351283074244,1.856228023111757e-05,1.303576356992634e-07,8.851371244624398e-06,6.786417761983624e-06,0.0002818709005719285,1
0.12254092290298696,0.8734088906599538,2.190889431761681e-05,1.410983088789826e-07,2.3324041193690287e-05,8.54255881876199e-06,0.003996269844420282,1
0.07167049784242221,0.9232411598207081,1.4586116943675913e-05,1.2171551406408613e-07,3.0243067526587435e-05,7.139221630414992e-06,0.005036252215254988,1
0.07275132307415752,0.919277978118062,2.3715838166770313e-05,1.9460984342558573e-07,2.183516742916842e-05,1.328320078454022e-05,0.007911669991556684,1
0.5566233296481683,0.4370176622430254,2.530899348452997e-05,2.1670677483260738e-07,1.9514381392338677e-05,1.7415993839056182e-05,0.006296552033315622,1
0.6155524721636301,0.37482227986778366,3.1987461040435765e-05,2.1851272698465548e-07,1.4191651413172825e-05,1.7561132132854307e-05,0.009561289211272696,1
0.5992507306557947,0.39165571141023137,2.3789753952534304e-05,2.3429317414226926e-07,1.3888131025919882e-05,1.6804974746589278e-05,0.009038840781074782,1
0.6670726300932612,0.32874230558624257,2.1360398683139435e-05,2.1889055462494194e-07,9.294555637098026e-06,1.1883919798709365e-05,0.004142306555822712,0
0.7031854768168402,0.29168763578256734,1.804518264641418e-05,1.6582961858600411e-07,9.861274787111238e-06,1.155333172916968e-05,0.005087261781810973,0
0.43970279368862525,0.5558828614223381,2.3774085779490915e-05,1.5365553912242295e-07,1.3022559866388278e-05,1.1750773438005928e-05,0.0043656438144136925,1
0.4320446224842256,0.5663224170211101,2.002705153729161e-05,1.6921294021147905e-07,1.6686702859844432e-05,1.2738840029836434e-05,0.0015833386872970224,1
0.3960323745119046,0.6024829646754184,1.820826572843367e-05,1.5384562097536022e-07,1.5171275673690672e-05,1.1581943747603606e-05,0.0014395454819063386,1
0.6296980067333005,0.3667490169704191,3.2692472306256264e-05,2.631215943354305e-07,2.0759594329341017e-05,1.9134083289639935e-05,0.003480127024760855,1
0.7536561113002566,0.24385281088950156,2.7546075683299007e-05,2.40381147829468e-07,1.9124938617033152e-05,1.3373912316133093e-05,0.00243079250247747,1
0.7318168834553639,0.26655697757583385,3.1790491322967864e-05,2.318542598034476e-07,2.3802817150094508e-05,1.6922071651368407e-05,0.0015533917344181189,1
0.5843387371523828,0.41528555344618995,2.2756091582414243e-05,2.0260434776275302e-08,2.489164556641556e-05,1.1328698568438934e-05,0.00031671270527522686,1
0.5154234579547352,0.4840930318163977,3.049191679871641e-05,2.690211201418899e-07,0.0004163493359529539,2.213971836776013e-05,1.4260236627463997e-05,0
0.2632376857302836,0.7357854164794128,0.00015260247634469798,1.4951754332406145e-07,0.000711284258569745,9.087754311428382e-05,2.1983994731508108e-05,1
0.6141311032332143,0.38492205911427246,3.1652405398107954e-05,1.6011302542722244e-07,0.0008507470794089212,1.2710104110330019e-05,5.1567950570355505e-05,1
0.5417337178131454,0.45719171773370965,3.168872073975291e-05,2.088435666297727e-07,0.0009993864356713947,1.1434301463136985e-05,3.1846151703938955e-05,1
0.8904318985227954,0.10219153037394202,3.659786666122401e-05,2.3170738433636035e-07,1.7909285748585053e-05,1.8597492884336354e-05,0.007303234750584195,0
0.8875226179847578,0.09779454056409509,3.7817248119123115e-05,2.8293276482255086e-07,2.1344595099560448e-05,2.4979163644542855e-05,0.014598417511518977,0
0.8792053592020427,0.11111364089783121,3.8265505046089856e-05,2.8063588134070676e-07,2.2264884813512883e-05,2.450512900564993e-05,0.009595683745379507,0
0.8594795358813824,0.13410625096318088,1.931151032787439e-05,1.9386126721195386e-07,1.834176208028448e-05,1.5058654664625535e-05,0.006361307367096857,0
0.8639900848810832,0.13117444175758283,1.880606577939717e-05,1.8878729220898718e-07,1.41336942284811e-05,1.0644297841922668e-05,0.004791700516192059,0
0.8130827955687783,0.18404341311077982,2.638755396503169e-05,2.197325727828679e-07,1.8612876328439543e-05,1.4555573425296796e-05,0.0028140155841502837,0
0.8490531462621006,0.14687452192950853,2.1648679705828456e-05,2.3486763310154446e-07,1.439227305844986e-05,1.1941574707397868e-05,0.004024114413286206,0
0.8083895962267547,0.18671884664768662,2.5931151559515666e-05,2.8132838922002054e-07,1.6990242440808624e-05,1.430381842239755e-05,0.004834050584746691,0
0.6775806433657068,0.3144372561516075,6.16593750537414e-05,2.169203554780038e-07,2.179903081012477e-05,2.6457147175678814e-05,0.007871968009290624,1
0.8335217774110545,0.16528516751878924,2.0048546744336286e-05,1.7495387488673032e-07,1.266290845099495e-05,1.362976296296528e-05,0.0011465388981229713,0
0.8166007418649174,0.18334068527057115,1.6827875276272796e-05,1.3634605500272023e-07,1.1619110491790147e-05,1.1631337080389108e-05,1.835819560802163e-05,0
0.7346969099903211,0.26524805807239643,1.775681145109541e-05,1.438726607510387e-07,1.1723352139038062e-05,1.2174257804151896e-05,1.323364322740379e-05,0
0.6407091070460518,0.3589915907434007,2.1003192035411985e-05,7.984364084497296e-08,4.710283674051457e-174,1.3096775461011901e-05,0.0002651223994102754,0
0.7019418033930594,0.29795964939260383,1.692690378900339e-05,6.434762984921146e-08,3.753633067588553e-174,1.0640926679250365e-05,7.09150362385011e-05,0
0.7268689804272875,0.27220990064424355,1.3698910162981268e-05,5.647279371034899e-08,0.0008673299597728169,1.0267970234858821e-05,2.9765615504532935e-05,0
0.3619413079623849,0.6224488393687369,0.00028924975204712265,2.2607410319474054e-07,0.014873310724715465,0.0004256451396162048,2.1420978396410186e-05,0
0.8521922923206519,0.14462340623379405,0.0010719053829503745,1.290194422847992e-07,0.0017379449247207257,0.0003705990233894261,3.723095051565166e-06,0
0.6846340996712715,0.3101657396809634,0.0020574963806126063,2.3371576264054184e-07,0.002702400803733133,0.0004327751554555176,7.254592201177328e-06,0
0.31174109555981405,0.6518868828473033,0.002049472511692053,2.568986864890553e-07,0.03366695229694212,0.000645252389774784,1.0087495787243654e-05,0
0.88043472029338,0.11789736520105669,0.0007785091943380048,1.7915823954538563e-07,0.0005326936881493068,0.0003509969753030332,5.535489533439854e-06,0
0.7440251821785316,0.2539007797068861,0.00026717224150371143,2.76109216088977e-07,0.0016151904391307442,0.00018155484690397835,9.844477827721823e-06,0
0.08187606439465381,0.9131793550743686,1.2444300070959842e-05,2.934929077928406e-137,0.004916187578429986,6.831422240387007e-06,9.117230236078604e-06,1
0.05957102063475361,0.9372273440861774,1.2010073244275435e-05,3.045002586981625e-94,0.003166339440154788,7.420240088261828e-06,1.5865525581509353e-05,1
0.08233729631386899,0.9167033739194791,1.929138484056606e-05,1.1777607504810995e-07,0.000915123839461564,6.860921301524121e-06,1.7935844973236607e-05,1
0.1931507396389831,0.8067772169144274,2.0853999382098803e-05,3.881095676333676e-07,1.8574986729443367e-05,7.898934364798992e-06,2.4327416545644327e-05,1
0.19983282399249458,0.8000970081692531,2.025656763897959e-05,1.1536865622558905e-50,1.8042844836808924e-05,7.672643280778103e-06,2.4195782495802154e-05,1
0.7370117483865143,0.26290665796030926,3.207883643400326e-05,2.0974090713044567e-07,2.51730348602694e-05,1.737334288412726e-05,6.758698090835289e-06,0
0.666875265214669,0.3327027287828109,2.08083647583861e-05,1.9261110834587735e-07,2.1984007369351425e-05,1.6031080904996962e-05,0.0003629899383791489,0
0.6655867756273313,0.33393138088798724,2.4179475272184913e-05,1.8884608795784979e-07,1.3721379693899238e-05,1.5612136555077056e-05,0.00042814164707236394,0
0.5821624116558678,0.41649431841250717,1.7894371471157713e-05,1.499004558736511e-07,1.089162658106023e-05,1.1000017507268633e-05,0.00130333401560952,0
0.839917330868664,0.1567527827512434,2.0767401631291795e-05,1.508334145517206e-07,1.0219662102608454e-05,1.2765980168086753e-05,0.003285982502776128,0
0.9024404084460899,0.09706413565016508,1.2357512457611292e-05,9.338502575043155e-08,5.1563868586412495e-06,7.505799566487493e-06,0.00047034281983682544,0
0.9540567658144224,0.045532040710307725,7.0470926068395675e-06,7.807224952964588e-08,4.003718391861013e-06,5.021969073506778e-06,0.00039504262294789874,0
0.9577502280594921,0.041658544205986366,7.168142642566123e-06,6.796944057830133e-08,4.390421392534672e-06,5.119878115945942e-06,0.0005744813229299581,0
0.9466133831449218,0.05047804406167579,9.445788639690585e-06,9.699970553851144e-08,5.720349644090932e-06,6.433583828947583e-06,0.0028868760715840894,0
0.9508275516551292,0.039388745788198114,1.0456874067865312e-05,1.0304970627816209e-07,4.01882664437672e-06,6.083891582086329e-06,0.00976303991467221,0
0.9277651367909159,0.07028146728787377,1.0977116071234426e-05,1.2738718933112662e-07,7.72023851840589e-06,8.153097680997756e-06,0.0019264180817505023,0
0.9459732890298658,0.047250082669139964,1.1139180402962444e-05,1.2190761453147271e-07,6.529396651824268e-06,8.830916734327634e-06,0.006750006899590759,0
0.9786972814822553,0.019051077675829572,1.0625961404171855e-05,1.004113986113588e-07,6.306137381418264e-06,7.273743348372766e-06,0.0022273345883824514,0
0.9791889341646549,0.017678116895066414,1.0283341125817313e-05,1.004618406984115e-07,6.7468876012355505e-06,7.443059807237989e-06,0.0031083751899036666,0
0.8608138121455917,0.05254470136122237,2.244957331524919e-05,2.2167746421882492e-07,1.1493777497767657e-05,1.928926350449566e-05,0.0865880322014042,0
0.7990215392431292,0.20086540089888047,1.886967701361573e-05,1.3049157167906624e-07,5.016765759865141e-06,1.163259955791507e-05,7.741032408743796e-05,0
0.8433787671655399,0.15644852599672063,1.7196241238673744e-05,1.2930187835185286e-07,4.186546609873776e-06,1.1396562103062532e-05,0.00013979818590940729,0
0.9269449959198677,0.07266932203204281,1.4192821883410015e-05,7.517596824691025e-08,3.5485155381174723e-06,8.070830472930132e-06,0.0003597947042267008,0
0.8667438696632428,0.13283331666051945,1.9408371224743143e-05,2.8255640547234684e-08,4.72249861933518e-06,9.468298020273717e-06,0.0003891862527328095,0
0.8591711300660232,0.060674022326284195,2.471333834911874e-05,1.8453473498696824e-07,1.1670535464675006e-05,1.6679310592955178e-05,0.08010159988855085,0
0.7679731858987303,0.22895514184104082,2.3046916893154814e-05,2.2959522013024547e-07,1.2696012633642044e-05,2.3952949935404128e-05,0.0030117467855465814,0
0.8310744566986227,0.16518951619858802,2.3942946002550325e-05,2.45374750353093e-07,1.4628640608682528e-05,2.303546354179353e-05,0.003674174677885976,0
0.8248235815559765,0.17173929186303094,2.216842498658596e-05,2.2780400138422153e-07,1.464136172539746e-05,2.1385944401409237e-05,0.0033787030458778435,0
0.8024903712600722,0.1936190788098708,2.5060373834938978e-05,2.568264979943714e-07,1.5804318200929398e-05,2.341936225260525e-05,0.0038260090492704675,0
0.0453665248229358,0.0012472330461276585,3.5087906299129926e-06,2.274389117658795e-08,2.5963838595441855e-06,2.3699852558362004e-06,0.9533777442273002,6
0.07108049934539319,0.003390725355576102,5.534208148380585e-06,3.587259576057279e-08,4.095122857806301e-06,4.155502886540462e-06,0.9255149545925422,6
0.374071764057188,0.6140043892269708,3.26669012764777e-05,2.1849525490139112e-07,2.2793269259297405e-05,2.051034735759307e-05,0.011847657702692938,1
0.35465637195744115,0.6442375518463334,2.366143546482233e-05,1.923523147878483e-07,1.4676628346823035e-05,1.9155653889408083e-05,0.0010483901262095347,1
0.9489181877199743,0.05041472238219842,1.7935765062050625e-05,1.5200267172334497e-07,8.398811516773293e-06,1.3342530326633301e-05,0.0006272607882500215,0
0.9683102894317307,0.030879420405200843,1.8372398185183413e-05,1.32622935046074e-07,7.463197410817799e-06,1.3300461047789574e-05,0.0007710214834897724,0
0.9854697689717286,0.01318576342608713,1.7896695227686753e-05,1.228163879650889e-07,9.607870018918838e-06,1.4285186304003311e-05,0.0013025550342457626,0
0.9851733650192794,0.007333464244406286,1.9066704325805303e-05,1.3084558422435037e-07,9.86636680042883e-06,1.5218468354443006e-05,0.0074488883512493715,0
0.9888862254626682,0.0035487015694122266,2.0684566252895387e-05,1.1268086234511483e-07,1.3071892376144237e-05,1.2089335253293262e-05,0.00751911449317488,0
0.9747532684331972,0.01449595578884072,2.720548086586533e-05,4.331732797280108e-08,1.7662969047560875e-05,1.4212589341677431e-05,0.01069165142137908,0
0.6793394142217336,0.318470907458687,2.0350945530147996e-05,1.991017816545501e-07,1.4142212207446235e-05,1.9896482929021697e-05,0.002135089577131278,0
0.6032548875828292,0.3961031946012525,2.17229369270914e-05,1.99609621038972e-07,1.3820566108565925e-05,2.0304110996453274e-05,0.0005858705922651803,0
0.6570881468705517,0.34229061699053265,2.464486638078047e-05,2.201918098977802e-07,1.638819693662576e-05,1.785222924688211e-05,0.0005621306545413446,0
0.8322697139695309,0.16723473606595268,3.7999824877805275e-05,2.6964959078775756e-07,2.70578603757679e-05,1.7336974329043727e-05,0.0004128856553431632,0
0.8040608726809192,0.19509545017881696,3.918200437752961e-05,3.0827712211224907e-07,3.09339216973716e-05,1.9285481513957192e-05,0.0007539674555528464,0
0.7863645283250471,0.21345597378216402,3.946383667968781e-05,3.262199867042347e-07,3.115642635238489e-05,2.0229228409502435e-05,8.832218136050337e-05,0
0.8531553152124084,0.1466913065642941,4.261023397358041e-05,2.5807653194237996e-07,2.4648221410271097e-05,1.5988957680139916e-05,6.987273370153912e-05,0
0.8280638081430858,0.1717687969449642,4.407051085971828e-05,2.9112006899942287e-07,2.6465177615901985e-05,1.6912306949903114e-05,7.965579645553388e-05,0
0.11519820379305366,0.8846615349677146,2.106394988696562e-05,2.218129637006423e-07,8.018068028025138e-06,1.3194246970474185e-05,9.776316138256106e-05,1
0.10012674227370637,0.8996883343195239,1.66234850927949e-05,1.7505285168514334e-07,1.3853475697955159e-05,1.1674835903779328e-05,0.000142596557223595,1
0.03896982327575515,0.9609031988869442,9.935402408752707e-06,7.434886948631837e-08,5.2871355791032255e-06,3.5181462968127044e-06,0.00010816280414646258,1
0.03781327575237906,0.9620115055290598,9.473346992535724e-06,1.0462384658275825e-07,4.078667956675998e-06,3.467115944420591e-06,0.00015809496382089943,1
0.020748508658304066,0.9790911628603428,5.731168318554006e-06,3.647048485622018e-08,7.425381776541355e-06,2.1918148918507805e-06,0.00014494364588134382,1
0.014443489398310836,0.9852027961386195,4.569110521551822e-06,3.38817856043061e-08,7.836965393945577e-06,1.8200095100520992e-06,0.00033945449585834374,1
0.04155247497815396,0.957003138407878,7.694507917870068e-06,6.212477338633946e-08,7.519779531248424e-06,4.16064404802693e-06,0.001424949557697704,1
0.0836447229534066,0.9112314622657861,1.71180166301691e-05,1.22511868380061e-07,3.044094039052191e-05,6.930151840831221e-06,0.005069203160077399,1
0.06085131890384773,0.9315225112378864,2.417690759940675e-05,1.8591557769912428e-07,2.7740146119032247e-05,1.585363955856003e-05,0.00755821324941112,1
0.5215059198074807,0.46858338901030183,2.6585596667950816e-05,2.637768240691653e-07,1.4823962744943537e-05,1.8923444745301813e-05,0.009850094401235184,1
0.5559735236550224,0.43754669667492413,2.5805658755911394e-05,2.5603844046324445e-07,1.4389074233850641e-05,1.763385341137428e-05,0.006421695045211784,1
0.708676038462089,0.2874691695747481,1.9440945677334554e-05,1.67167188916751e-07,1.2440664653253141e-05,1.1250767069133503e-05,0.0038114924185743775,0
0.4286031330889209,0.5675755572537027,2.3362385124041826e-05,1.5640431484972972e-07,1.0315408222609521e-05,1.089148727890651e-05,0.0037765839724360362,1
0.4383112197679112,0.5600333053421743,2.0299451139803178e-05,1.7151450405214685e-07,1.642249413179727e-05,1.3706830365588206e-05,0.001604874599773096,1
0.38365419673518575,0.6146984226343297,2.025809717734949e-05,1.7116509537543008e-07,1.2252803968426278e-05,1.3093408726933988e-05,0.0016016051555164596,1
0.3603158610335736,0.6381574966646513,1.87407051025777e-05,1.5834431774135732e-07,1.379867176767498e-05,1.230444195356845e-05,0.0014816401386336482,1
0.3786900694719923,0.6197875727545331,2.023095196971739e-05,1.576284660707991e-07,1.4778518995224377e-05,1.2248815357973552e-05,0.0014749418586856473,1
0.6106825896178235,0.38675548517119673,2.4807121165685813e-05,2.3976610301454804e-07,2.0709013491018728e-05,1.6224374019016824e-05,0.0024999449362008855,1
0.6929814773229523,0.30517040375508575,2.7095410903188584e-05,2.3644841641702436e-07,1.8487244888338704e-05,1.3155109778796695e-05,0.0017891447079750608,1
0.711027216713869,0.28750550027193705,2.7600140214147754e-05,1.1196379565360035e-07,5.7725831562694104e-05,1.2981766252081786e-05,0.0013688633123692712,1
0.59124785810514,0.4086364027307786,2.123265727624367e-05,9.101347760466022e-08,1.6436773267982987e-05,1.0552658429946555e-05,6.742606162971587e-05,0
0.20170871542198385,0.797208860162395,2.103674722879809e-05,1.635708032909139e-07,0.0010408151785917387,1.1721566434120982e-05,8.687352563211342e-06,0
0.3204139976506601,0.6790502253267202,2.2068244212813335e-05,1.3520979004956443e-07,0.0004647653608191822,9.23063712475247e-06,3.957757067290343e-05,1
0.3717661608926782,0.6271426537575754,2.2346828053179972e-05,1.86804518460262e-07,0.0010488865699814886,1.0817135322939808e-05,8.94801187020593e-06,1
0.8517548762933466,0.13959622463806015,3.3822438957731135e-05,2.609403031801631e-07,1.784478976299794e-05,1.7133321409280037e-05,0.0085798375781601,0
0.8878746705548413,0.09559716829214336,4.725003295374697e-05,2.925252369273586e-07,2.3829569664512965e-05,2.554330769845662e-05,0.016431245717461667,0
0.933691070165466,0.0571016774165044,3.4348394783965884e-05,2.571948732730912e-07,2.099223712776474e-05,2.2458259859854494e-05,0.009129196331384643,0
0.3753228134173253,0.01954646170181007,1.4880100508276254e-05,1.1001504387388478e-07,8.1434605830566e-06,8.464804655620017e-06,0.6050991265000738,0
0.7803083375077482,0.21762442054352768,4.03054442258354e-05,2.7077967618224897e-07,2.151953101660311e-05,3.206872400135583e-05,0.001973077469803944,1
0.665812046036152,0.3304392451917843,3.634796869789636e-05,2.417450707029015e-07,1.92120790616524e-05,2.8630124905835958e-05,0.003664276854327724,1
0.6638386351442012,0.32945985106776443,3.6592024496607716e-05,1.1311475659395874e-07,2.233525008154062e-05,2.6989682131265923e-05,0.00661548371656843,1
0.5513469870534384,0.42612762605039534,3.5806594805953056e-05,1.247497089759521e-07,2.4633886366027765e-05,2.9765833323719515e-05,0.02243505583196161,1
0.5892514907236035,0.4065569697327075,3.0574113488545976e-05,9.613491423192238e-08,1.774286408978357e-05,2.1738613044912615e-05,0.004121387818151487,1
0.7117974405295363,0.2810335872082858,5.5646067597412526e-05,2.235010285129284e-07,2.314542490889042e-05,2.7259772796572545e-05,0.0070626974958464695,1
0.7625244372319772,0.2352819272393817,3.0591537418652344e-05,2.745271770833869e-07,2.197217650301909e-05,2.667133510148303e-05,0.0021141259524408824,0
0.758988542374661,0.23882990146536648,3.0449681689767554e-05,2.7325416970651333e-07,2.2124820647260725e-05,2.438584448741773e-05,0.002104322558978385,0
0.7542875471110919,0.24371625401731556,2.885035595542071e-05,2.7884482733055356e-07,2.2577484543899454e-05,2.4884767916650923e-05,0.0019196074183493112,0
0.7542897237705319,0.24371695731314355,2.885043920934672e-05,2.7884563199745813e-07,2.257754969610176e-05,2.1999123996628456e-05,0.0019196129577906348,0
0.8333793288455081,0.16525692034438155,2.004512045506297e-05,1.7492397533378548e-07,1.2613508442948792e-05,1.3627433641482115e-05,0.0013172898235953817,0
0.7057579934657582,0.2941824187521856,1.6410605973777993e-05,6.23849235492169e-08,2.3931271933555337e-174,1.0233017022143088e-05,3.288177413658534e-05,0
0.3831918806937658,0.6052822722924449,0.0002446726595375263,2.1983918714824115e-07,0.011084631452868985,0.00017549285470170375,2.0830207494090393e-05,0
0.40605888326522294,0.5812533259841997,0.0002866315538964859,2.111118474156129e-07,0.011970710211829941,0.0003867096346701801,4.3528238333426576e-05,0
0.40125322135039676,0.5803173766869997,0.00046991920950880745,2.253143367874176e-07,0.017419110697018875,0.0005095081543895748,3.063858734954039e-05,0
0.6261807952076146,0.366699942726365,0.00035595183853825486,2.3067562943806863e-07,0.0057054317686327264,0.001050991210541818,6.656572678261673e-06,0
0.8067037157591421,0.18962119469128355,0.001044972234245327,1.6626288427709925e-07,0.002216820527543778,0.00040796968589712886,5.16083900373035e-06,0
0.6051015308967553,0.3880351314802836,0.002647080258388431,2.8557089824206143e-07,0.0036050855582198107,0.0006018154477181724,9.070787736295172e-06,0
0.21838839075088795,0.7660064836372561,0.0024028488215699275,1.9708725181908322e-07,0.012908453860328696,0.00028736562278202347,6.2602199236187594e-06,0
0.920342064251672,0.07815731502798516,0.0003696435996675171,1.365689186119862e-07,0.0008272586477797538,0.00029871008368141536,4.871820295654357e-06,0
0.7843463911861984,0.21319125255033405,0.0004940594605613332,2.3501689237467248e-07,0.0017291672048557257,0.0002305108282679801,8.383752889964348e-06,0
0.1425937497672843,0.8496580249083424,6.540978840500019e-05,1.626210297692047e-07,0.007619973448564155,5.688132915671298e-05,5.798137217441976e-06,0
0.0667359538021396,0.9319476690003109,1.3582787136489465e-05,1.0653638192000208e-07,0.0012769729408119268,8.158583184558381e-06,1.7556350034660707e-05,1
0.11491743171836927,0.8842250292498987,2.0870089310421382e-05,1.2741424346666146e-07,0.0008204137127509609,7.850181354058753e-06,8.27763407303972e-06,1
0.12426700678485121,0.8756845820425585,1.5823134931121697e-05,2.0244532795700912e-07,1.6001271340918116e-05,6.653934747255104e-06,9.730386242817086e-06,1
0.11435868868303367,0.8856006351404208,1.4069623521988866e-05,1.8001044423494458e-07,1.19762486432553e-05,5.798223928831762e-06,8.652070007360492e-06,1
0.8432701062292899,0.15669884853341642,1.4109604508145228e-05,9.916107077646283e-08,5.360526820413979e-06,5.7892948493321225e-06,5.6866500447696156e-06,0
0.7524291719625821,0.2474267021535367,4.012541281673596e-05,2.2646593409673528e-07,2.5848087407032696e-05,1.426959642050395e-05,6.365632130272343e-05,0
0.6619701915112682,0.337474981066493,2.239057120064717e-05,1.9119439410888117e-07,2.1822308200005175e-05,1.5913167349815278e-05,0.0004945101810940161,0
0.8220672842489349,0.17153525068776315,2.1075828641888922e-05,1.9024622507728576e-07,9.544008055049827e-06,1.3956296487171548e-05,0.006352698683892938,0
0.8997539730071344,0.09986087549356175,1.2734002800508584e-05,9.62301420703101e-08,5.375323463378032e-06,7.734475124145111e-06,0.0003592114677736284,0
0.9619287192531936,0.03752634640604312,7.243773074526436e-06,6.868658006719908e-08,4.436744336003096e-06,5.173897492066298e-06,0.0005280112392804098,0
0.9585417137808917,0.04033676894548221,7.391562378548695e-06,7.041808579231073e-08,4.630368441648058e-06,5.207699770420296e-06,0.0011042172249496837,0
0.953839734653464,0.04313471815646307,9.267602253761238e-06,9.5169892526023e-08,5.206018600803425e-06,5.618679847997143e-06,0.0030053597194777213,0
0.9483326192882741,0.04061799193088141,9.214094570115934e-06,9.462041701311206e-08,4.777518821737391e-06,5.612834657395361e-06,0.011029689712378369,0
0.9516311998126123,0.04646597490012933,1.2577877705214801e-05,1.3149801040370772e-07,7.66352852130564e-06,9.560290094617893e-06,0.0018728920929267066,0
0.9594753213506241,0.038548154553181065,1.0679878637517853e-05,1.1330204470913996e-07,6.57915944580479e-06,8.207534258634584e-06,0.0019509442218081767,0
0.860401769086246,0.03473446198875385,2.2438827448094984e-05,2.4859385340972208e-08,1.1488275807185097e-05,1.9280030372969685e-05,0.10481053693198647,0
0.7894054388279632,0.21053752951683435,2.1400592488446554e-05,1.6699215986069608e-07,5.710688172996696e-06,1.1936251583202749e-05,1.7817130797865037e-05,0
0.7793637245589718,0.2205592178143095,2.12410083863973e-05,1.657469002308507e-07,5.768379156995568e-06,1.1847243019922655e-05,3.803524925522088e-05,0
0.8642120293712813,0.1356025267142539,2.0409214351048166e-05,1.4113810509218205e-07,5.426073147314961e-06,1.2073112575511338e-05,0.00014739437628579093,0
0.8229798637214296,0.17683007304308976,2.475308760336256e-05,1.367759847795613e-07,5.5448633316795476e-06,1.169997188775874e-05,0.0001479285366729621,0
0.9344764620216095,0.06534152550812367,1.3282605825766155e-05,7.035477243332464e-08,3.3209416384288755e-06,7.553230833103089e-06,0.00015778533719689846,0
0.8111836462233553,0.06144605327450839,2.5027796848950044e-05,1.8688279962764994e-07,1.1819034183164835e-05,1.6891542178716153e-05,0.1273163752461259,0
0.7809408556782605,0.2166770229855023,2.4930566176929464e-05,2.413908866573523e-07,1.3605591715080018e-05,2.3226178981556224e-05,0.0023201176084767577,0
0.7928775512832121,0.20372302873874995,2.218353905617318e-05,2.6079482687171557e-07,1.350810019607534e-05,2.2863836768157894e-05,0.003340603707190781,0
0.9402978534719909,0.055271186182240556,1.6750861021565617e-05,1.2771432607166274e-07,5.398860864474267e-06,1.1290764838882493e-05,0.004397392144717595,0
0.271957980008638,0.001259393408612509,1.9794910703442567e-05,8.877369683934391e-08,7.213442687613527e-06,8.867514190927465e-06,0.7267466619414706,6
0.016440256538624253,0.0003504650714987931,1.3272552614932025e-06,5.643805681497832e-09,1.4504162730543875e-06,1.0141062284776204e-06,0.9832054809683083,6
0.35842502532865,0.04717027082561729,3.050986377532867e-05,1.9932427408075197e-07,1.980396448437768e-05,1.7828534254512974e-05,0.5943363621589445,6
0.41936505275137137,0.2741722849203879,4.663679860891503e-05,2.41306418354074e-07,2.3986005428792846e-05,2.1583621790673257e-05,0.30637021459599406,6
0.08421604515169971,0.914554904378594,1.9104724250191235e-05,2.1424414790758598e-07,2.0450776926195523e-05,1.5640006677533634e-05,0.0011736407177043717,1
0.3563648251591908,0.6431666810879156,2.2054954382414314e-05,2.0705663647000842e-07,1.991357351026074e-05,1.4546935882028822e-05,0.0004117712324824444,1
0.7290907863223008,0.2685184157519505,4.498483459687169e-05,3.237019914451345e-07,1.8086232937693103e-05,2.549072774873211e-05,0.002301912428473964,0
0.7697696675920955,0.22711515015203512,4.114676876785325e-05,2.9608402722931886e-07,1.6419446946384853e-05,2.331588166991549e-05,0.003034004074458146,0
0.9217107748951864,0.07792575767579936,1.8995435344393717e-05,1.4388953138292509e-07,7.950525077095858e-06,1.2630372969075098e-05,0.0003237472060922347,0
0.9726084343611074,0.02651784185665116,1.863206825014101e-05,1.3449738855024716e-07,7.5686800449804585e-06,1.3488445847021213e-05,0.0008339000907105844,0
0.9922025665532652,0.005641238165799694,1.9586401193072248e-05,1.0669851858091697e-07,1.035889647075569e-05,1.1181046724427774e-05,0.0021149622380285038,0
0.9642695679113288,0.013978676209977921,3.6952621704907066e-05,2.0996743579178965e-07,3.706641122169064e-05,1.851189230765584e-05,0.021659014986023156,0
0.9620033180903209,0.018601389109327342,4.960658248758198e-05,2.446682011384596e-07,4.265653750345742e-05,2.0872935899565548e-05,0.019281912076259917,0
0.9717827357129224,0.014862159793843895,4.041422489127088e-05,1.9932991165089206e-07,3.475205936992758e-05,1.7005767509402123e-05,0.013262733111551335,0
0.963438936350027,0.02262829000600233,2.9665813354173785e-05,4.723473821243837e-08,1.926032278675634e-05,1.3841984957187812e-05,0.01386995828813444,0
0.65846858653899,0.3409658731647244,2.3649833425300046e-05,2.2128423133169784e-07,1.4897263002197132e-05,1.9741345291748132e-05,0.0005070305703351158,0
0.6854403218723675,0.31403189666172837,2.4681938257858922e-05,2.3094131941428016e-07,1.554739600144354e-05,1.7654583715580263e-05,0.0004696666066098742,0
0.8605003164933342,0.13924038451471246,4.073037818690173e-05,2.996023154210474e-07,2.351006888470437e-05,1.5250654000457471e-05,0.0001795082885656558,0
0.7995071786578521,0.200253067826996,4.037976945169992e-05,2.963171535612755e-07,2.435154952099834e-05,1.430816630911452e-05,0.00016041771271648906,0
0.1196599115305536,0.8801253737391791,1.8132252170924206e-05,1.632510163477603e-07,1.0444877109394738e-05,1.2591229255516982e-05,0.0001733831207152593,1
0.26658954135412033,0.7329835014849078,2.9603079268011745e-05,2.368669867392093e-07,1.3698593171594298e-05,1.6486607755542047e-05,0.0003669320137900886,1
0.12045401561493738,0.8791718527155097,2.0172565499744934e-05,1.5348716820488735e-07,1.0534643408535996e-05,1.0165028261328909e-05,0.0003331059452150957,1
0.10312507739199463,0.8964905188861418,2.2670561390943513e-05,1.5920893048173068e-07,1.3732678365268572e-05,9.689596076899755e-06,0.0003381516770999856,1
0.05586907690295979,0.9440137275129735,9.320258142757925e-06,6.974560543458634e-08,4.805674300652241e-06,3.484336341194324e-06,9.951556967644793e-05,1
0.03229901400997876,0.9675340737900052,6.567024072877212e-06,4.6227439772880624e-08,1.2308643116693566e-05,2.6562299396691886e-06,0.00014533407544706014,1
0.01596408364537352,0.9838828964149622,4.456538210456953e-06,2.835933273665305e-08,8.837048633503881e-06,1.8716653248071055e-06,0.0001378263281627802,1
0.04582286698990792,0.952395660879424,8.431342819228537e-06,6.338349271437805e-08,1.2409350180845917e-05,3.263197025852098e-06,0.0017573048571490626,1
0.516635235194915,0.4755249665346969,2.59230808166371e-05,3.347584095952482e-07,1.5205408121212782e-05,1.7952038797298358e-05,0.007780382984243216,1
0.6382183196583427,0.3568129588712631,2.2395847878274306e-05,2.2375255078655131e-07,1.780875510575812e-05,1.4730372127789012e-05,0.004913562742731674,1
0.6310259218900163,0.35953498595484906,3.055339618188812e-05,2.0960058792421963e-07,1.794461315832485e-05,1.4215597048809425e-05,0.009376168948157673,1
0.5688563377455456,0.4232326656242413,2.2396812865894953e-05,2.019362365427078e-07,1.1740930181187276e-05,1.544535401109251e-05,0.007861211596918266,0
0.5240933410715779,0.46965058170917656,1.9814331145582845e-05,1.5797642059885552e-07,1.1932699313244447e-05,1.3005409851252105e-05,0.006211166802514837,1
0.35605392789356965,0.6367226132471856,2.272778876692384e-05,1.4874605735096495e-07,1.4506386086581469e-05,1.3506863489075988e-05,0.0071725690748447495,1
0.35785040210769076,0.6405744012067093,2.1110869966698438e-05,1.7837035925310994e-07,1.4756627834818379e-05,1.4872364151881635e-05,0.0015242784532872218,1
0.5712781595152336,0.4270350307230366,2.646138080269065e-05,1.1141361873703764e-07,6.246214554786128e-05,1.488906302492983e-05,0.001582885758735417,1
0.6285199971901013,0.3709795027638117,2.7835717765139554e-05,1.0581748946325059e-07,2.7569163407906713e-05,1.3599687828292727e-05,0.0004313896595960736,1
0.6159926883810328,0.3839476055635315,1.7903104768076953e-05,1.7568353411288101e-07,1.4065636499481429e-05,1.2938650672324508e-05,1.46229799615873e-05,0
0.5065232518983149,0.4933811028712807,2.6659849184690532e-05,2.579993708255064e-07,3.4583255148240214e-05,2.0626660500138834e-05,1.3517466200365492e-05,0
0.3499068126623273,0.648757739311174,3.071570673263786e-05,2.179106222093199e-07,0.0012762018145235662,1.2408090993291751e-05,1.5904503626895537e-05,0
0.24577834672379878,0.7530869180596588,1.686584848591349e-05,1.3408285176530828e-07,0.0011049621811153889,8.506143656801505e-06,4.266960432734075e-06,0
0.24833836203907025,0.7510373957017848,1.6293961187704023e-05,1.4501929598580208e-07,0.000591349693060772,9.203929750004847e-06,7.249655850538256e-06,1
0.24904069560325343,0.7499260798916455,1.991186518617913e-05,1.4354696663816777e-07,0.000991717323017531,9.065756896385888e-06,1.2386013034442806e-05,1
0.30531382874258073,0.6932455920585359,2.7735943054841776e-05,1.7173685670328336e-07,0.001387168073387618,9.680014626408748e-06,1.5823430957682468e-05,1
0.07006561634280375,0.0008049003746216549,4.333369680147093e-06,3.203848355849377e-08,2.6320182225165107e-06,2.7186371725446827e-06,0.9291197672190158,6
0.0885762733966082,0.0011381396973469825,5.595630542479788e-06,4.537138867184005e-08,3.7273400143029875e-06,3.850005684196498e-06,0.9102723685584151,6
0.4363141812393957,0.02215144045638108,2.8537724116992037e-05,2.319145410009913e-07,1.8502415645748546e-05,1.7931477826978344e-05,0.5414691747720926,0
0.904117513804974,0.06566956925287645,1.9534713379978435e-05,1.5914060169250266e-07,9.164486750391074e-06,1.129366549485188e-05,0.03017276493592274,0
0.8965083011124808,0.09113460813664113,3.466985705659331e-05,2.6366468416731285e-07,1.7246198922160296e-05,2.1162476550743737e-05,0.012283748553664346,0
0.9602672951878427,0.024548527835996512,2.6022425802314566e-05,2.3929806656033903e-07,1.8641717097387963e-05,1.8217944864115844e-05,0.015121055590330409,0
0.916940864029887,0.06846184549695564,2.126285345848496e-05,9.173914618655641e-08,1.5232096418199341e-05,1.5007073064350553e-05,0.014545696711070158,0
0.8670013911874086,0.12827600569573322,1.8817897925265557e-05,1.8890607084167507e-07,1.4142586674872192e-05,1.2974436336800392e-05,0.0046764792898505644,0
0.8130226629861769,0.18122802422991122,2.567579863911282e-05,2.7855805232947856e-07,1.960142595087211e-05,1.6375055590727813e-05,0.005687381945678765,1
0.7950281570316312,0.20177359864498695,2.764286412971159e-05,2.781207874501254e-07,2.092029666799741e-05,2.0102835823163646e-05,0.0031293002059735037,1
0.5773399919744292,0.4188635667042995,2.9956069206420003e-05,9.419158285533254e-08,1.716946029654375e-05,2.1299175103439985e-05,0.0037279224250821087,1
0.714295693694845,0.274779060639928,3.877304349789745e-05,2.7228099494631182e-08,2.1307692379878563e-05,2.7341925002973135e-05,0.010837795776246785,0
0.7121049179049901,0.27341847229164523,3.577312848749566e-05,2.581046114472979e-07,2.104308222103394e-05,2.4906476327391004e-05,0.014394629011717307,0
0.7696223696094122,0.22846934810203567,2.7045475666872623e-05,2.6140027540924703e-07,2.020662688481448e-05,2.6063638336108202e-05,0.0018347051473888427,0
0.7650494946221518,0.23320285860996165,2.7605813604213018e-05,2.66816060768217e-07,2.074252380915367e-05,2.6664282132067275e-05,0.001672367332280381,0
0.7546235456542673,0.24382481779595885,2.886320739067009e-05,2.73695374218179e-07,2.0518071096308652e-05,2.8168624994632283e-05,0.0014738129509182193,0
0.8418546115445991,0.15704038499854384,2.1344893641162603e-05,1.8274525701589142e-07,1.3777709858030284e-05,1.8614552119848286e-05,0.0010510835559809136,0
0.8347429102816865,0.16473204117965135,2.0326535355242733e-05,1.646935731374466e-07,1.211839960850913e-05,1.4643124927130727e-05,0.00047779578519821704,0
0.8440914542280521,0.15580486867881865,1.5084933800516172e-05,1.3254242948379305e-07,9.06628346568739e-06,1.1784523925878115e-05,6.760880950784163e-05,0
0.6634210465137977,0.3364907898311658,1.81738629706079e-05,1.719832467552102e-07,1.3918536859212731e-05,1.3368479475112464e-05,4.253079248477389e-05,0
0.6689075929376361,0.33100708574987986,1.7730117129888628e-05,1.4004079242899298e-07,2.1561805050089206e-05,1.1257802575628593e-05,3.4631546935953844e-05,0
0.6293973737267857,0.3694749671949168,2.62987354939016e-05,1.5042136669403182e-07,0.001072548375799885,1.2092291253323793e-05,1.6569254383645933e-05,0
0.3567674879381539,0.6336006854806369,3.689323039137782e-05,2.3012446597037108e-07,0.009555195296501543,1.8401536866158824e-05,2.1106392984085605e-05,0
0.1990466895611115,0.7991711989989086,1.5234931814770193e-05,1.4995271561797493e-07,0.0017469759197144739,1.0230645053675038e-05,9.519990681352855e-06,0
0.12481170083986588,0.8726622094739364,2.7216127338542985e-05,1.6615751966146044e-07,0.00246164662964889,9.679331439666799e-06,2.7381440250693666e-05,1
0.14836417927611775,0.8515879464737289,1.610007786525968e-05,2.0598860831017525e-07,1.628133209085054e-05,7.1606151301248045e-06,8.126236458790822e-06,1
0.1546309091531205,0.8453302310010543,1.4852336630685468e-05,2.156355436172367e-07,1.1911710183657011e-05,6.990185154770762e-06,4.889978312385616e-06,1
0.6690084406758163,0.33095661162465906,1.4193981013799703e-05,1.5110439799228744e-07,8.457525651955408e-06,7.275895225291954e-06,4.86919323559578e-06,0
0.6801444028661969,0.31931366378423554,2.5029515637815375e-05,1.9898454349701912e-07,2.2711450591780616e-05,1.2598225480020477e-05,0.00048139517331447564,0
0.6800211617064155,0.31815933238528665,2.5183392710506993e-05,2.1096030412885732e-07,1.6524813048454242e-05,1.6836888139902055e-05,0.0017607498540949966,0
0.9582301913938286,0.041354435587975205,6.9275037232104955e-06,8.75036558900828e-08,4.185347694230297e-06,4.685257158368698e-06,0.0003994874059648349,0
0.9660773820164619,0.03327076795270262,7.354174804911285e-06,6.973342640206068e-08,4.504364379719326e-06,5.157066463517616e-06,0.0006347646917609182,0
0.9572401968500186,0.038055301313312084,9.770340040921752e-06,8.859588902305895e-08,5.825656917202392e-06,6.552021199303137e-06,0.004682265222622639,0
0.9523301733074645,0.0407892109879846,9.641993467654708e-06,8.521823560198984e-08,4.797657736269223e-06,5.609787639373475e-06,0.006860481047472036,0
0.9532812374193291,0.040221682992042034,1.0290986814647464e-05,9.576106738789847e-08,4.05781836352321e-06,6.142919107500577e-06,0.006476492103275895,0
0.9553891576962621,0.04221327601961542,1.0210637757197476e-05,1.32576684856704e-07,6.705385972056819e-06,8.197710462617158e-06,0.0023723199732455765,0
0.9608525438550761,0.035990748370197286,3.876708919670323e-05,1.109698962521435e-07,6.443737560089875e-06,8.038594780038592e-06,0.0031033473832934562,0
0.7582307970823046,0.24170592072012512,2.531211108293925e-05,1.8276589248970362e-07,6.3606798279722385e-06,1.3063725119823088e-05,1.8362915647029618e-05,0
0.7750709046216306,0.2213491209847402,2.646788579282373e-05,2.404265532486852e-07,1.3664207795958087e-05,2.5082948982302813e-05,0.0035145189245049885,0
0.7810197445194721,0.21621074646894095,2.4818215756409502e-05,2.4030305064780603e-07,1.3625317823399557e-05,2.3121509438268254e-05,0.0027077036655180475,0
0.7662418753671881,0.22991872193548624,2.5036005891812766e-05,2.9432908813968594e-07,1.7202376998192405e-05,2.671528263491282e-05,0.003770154702712597,0
0.8117133479724279,0.18317180009066739,2.454065302836151e-05,2.4808105926528443e-07,1.5944603711312927e-05,2.431480546969318e-05,0.005049803793635977,0
0.9184610419974438,0.0797121366696781,2.0153127650643387e-05,1.8134765183223102e-07,6.241372380081148e-06,1.4254920485925137e-05,0.0017859905647098612,0
0.4538417973524672,0.5325761607857475,3.985187682206817e-05,2.611446468893708e-07,2.595793746686674e-05,2.3358049609971908e-05,0.01349261285323953,1
0.20983545324643604,0.7856964939926915,4.859026258558604e-05,3.540658889580245e-07,0.00016174499657887434,2.7437810440107797e-05,0.004229925625378933,1
0.1355527096882483,0.8624097682177718,3.481196853204664e-05,2.457724035839232e-07,2.7093219946958175e-05,1.9045767556966812e-05,0.001956325365540189,1
0.4039969669356941,0.595628614900913,2.45036093413308e-05,2.105813189815952e-07,1.7221765710329957e-05,1.3740656849452243e-05,0.00031874155017271033,1
0.7701772955074748,0.22911487911041106,3.8508587860909905e-05,3.1929330035139294e-07,1.4432479063291832e-05,2.1820952281968542e-05,0.0006327440696075404,0
0.9711001753695847,0.027734712053971114,1.944490335181656e-05,1.6115159646317914e-07,7.89886823081779e-06,1.4076887350364554e-05,0.0011235307659146997,0
0.9872215812830071,0.011095844521866184,2.897425390833484e-05,1.517671997540905e-07,1.0399336103976497e-05,1.7632854852160728e-05,0.0016254159830625373,0
0.9879019938008692,0.005461170989163088,1.5238530416737966e-05,8.043719198220436e-08,5.577571005541526e-06,8.822591199690807e-06,0.006607116080153651,0
0.9829693279067518,0.007089450775867867,2.4371692792445493e-05,1.3276678500708548e-07,1.2889751413000901e-05,1.3912766984580958e-05,0.009889914339405335,0
0.9842657277537497,0.005658228444183283,2.099746915754396e-05,1.1438542644837018e-07,1.2139961874412663e-05,1.2272214994148178e-05,0.01003051977061458,0
0.9697243157315353,0.005732967896256196,2.7074135502348683e-05,1.5383717163842587e-07,2.918122167384214e-05,1.2783762717226089e-05,0.02447352341514329,0
0.957016425237271,0.010332841628614807,3.6674667648981885e-05,2.0838808099372976e-07,3.1110302484039286e-05,1.7593604523536538e-05,0.03256514617137659,0
0.9663314060959154,0.013604947150651815,3.613381812650432e-05,2.053149353779547e-07,3.6212110779456915e-05,1.8556181768408288e-05,0.019972539327823273,0
0.9674764898316297,0.01604543213873195,4.26425656011703e-05,2.462773801524966e-07,3.596621161415374e-05,2.1010216879499318e-05,0.01637821275816317,0
0.9735634669211437,0.01682123097521728,2.168786996602832e-05,3.684341289103397e-08,1.270854189767893e-05,1.3205364693045199e-05,0.009567663483669163,0
0.9463022182642976,0.04527109700824517,3.889663246566201e-05,2.410618286800365e-07,2.5982815606210143e-05,2.795379906551263e-05,0.00833361041849131,0
0.9433990550163601,0.04778282136560207,3.705215947556397e-05,2.779445840057569e-07,2.742439036678965e-05,2.908793215162491e-05,0.008724281191459576,0
0.612815262966034,0.38652727544905385,2.099516166718272e-05,2.054044166089906e-07,1.3232370793621772e-05,2.0149855989413584e-05,0.0006028787920452885,0
0.6037542712596906,0.39568821616830435,2.1360054459385188e-05,2.0897431486913725e-07,1.4044566738805828e-05,1.7517196729163425e-05,0.0005043817797628844,0
0.8164059796087374,0.18343949366083817,4.271109321718762e-05,2.8034647202771524e-07,2.609258977938112e-05,1.7368676815714693e-05,6.807402414034615e-05,0
0.1712288794222138,0.8286243485475876,2.2831309454353884e-05,2.402980932265755e-07,8.690819782437024e-06,1.3522569079922348e-05,0.0001014870337885098,1
0.12351593235787067,0.8763643090879835,1.8691497425930806e-05,1.9682996125119896e-07,7.1149854946962905e-06,1.3127221158831418e-05,8.062802010509309e-05,1
0.10687840878901628,0.8929357427750948,1.527679338004802e-05,1.3754232085006667e-07,5.759131095778122e-06,1.153770011960629e-05,0.00015313726897262571,1
0.2054586479008587,0.7942699643672646,1.7657666644819653e-05,1.460887266998941e-07,6.815095496926188e-06,1.008260071834731e-05,0.00023668628028994713,1
0.0943188976724318,0.9052392162623547,2.3706871019042787e-05,1.8037866823421135e-07,3.359137181495121e-05,1.0983759930922746e-05,0.0003734236837802605,1
0.016072445889208024,0.9838184413955745,4.590686162284464e-06,3.8014899283125e-08,9.064652844689267e-06,1.919871341037532e-06,9.349948997038979e-05,1
0.03621961656047385,0.9635371331697894,9.022310981451666e-06,6.775142869227779e-08,6.7827292216448e-06,4.734285458548308e-06,0.00022264319264649388,1
0.057420642842153,0.9421186991118486,9.784777237068158e-06,7.34770325041913e-08,6.2388390828851846e-06,5.134375071289426e-06,0.0004394265775745418,1
0.0495909818428905,0.9497900826721198,1.036720204896254e-05,7.244861256457251e-08,1.506137931981412e-05,3.725604797019433e-06,0.0005897088502113855,1
0.07362491307546815,0.9196373071952363,2.170273621189066e-05,1.7240206063999482e-07,2.9307220813741826e-05,1.3513143335118657e-05,0.006673084226874312,1
0.30245318348374833,0.6909536382142585,2.9497814814416675e-05,2.525733122081312e-07,2.6169497765054733e-05,1.97192948480458e-05,0.006517539121253388,1
0.4806225580060606,0.514170701312748,3.0734625802182984e-05,2.8279830897795816e-07,1.9616056903918023e-05,2.163019411812751e-05,0.005134477006058192,1
0.539979934567855,0.4552272824447525,3.346863399826454e-05,2.3022114902081636e-07,1.9710008931545742e-05,1.698198629837474e-05,0.004722392137015403,1
0.5652105177620189,0.43022930068364135,2.76357879854282e-05,2.3662981650931855e-07,2.1308445440752084e-05,1.8098937308823827e-05,0.0044929017537882416,0
0.5562410317688765,0.43989353439341494,2.7712708336924853e-05,3.0251306383976066e-07,2.3790665610416082e-05,1.6161632675415475e-05,0.00379746631802191,1
0.4120284015533371,0.584163165840745,2.42246571546931e-05,1.9313922834008952e-07,1.4588710952165002e-05,1.454669820525196e-05,0.003754879400377544,1
0.3541054097316727,0.6427753334875445,2.9663816305479416e-05,1.9815815815701316e-07,1.3883928300598889e-05,1.3970687906289247e-05,0.003061540190112342,1
0.3095288749504863,0.6859448946038452,2.2812982933881574e-05,1.474437849770082e-07,9.724430130880939e-06,1.2302472848004433e-05,0.004481243115970648,1
0.35260976149811774,0.6427439335816517,2.2733844662378182e-05,1.4974971992077613e-07,9.636345523930049e-06,1.3743966442516555e-05,0.004600041013881837,1
0.44740317096010906,0.5431303232610486,2.576153308674215e-05,1.8524051474374117e-07,1.1517358974606217e-05,1.6820737233971792e-05,0.009412220909032086,1
0.3548595495045264,0.643321895769002,1.987939173269406e-05,1.6000529431339567e-07,1.532048861663221e-05,1.2320645830494815e-05,0.0017708741949975545,1
0.5560289818508085,0.4415285511610153,2.758483540246836e-05,2.56195135319553e-07,2.0414446754530906e-05,1.506009648826316e-05,0.002379151414395554,1
0.6093381275287145,0.3889137147750919,2.82243036278824e-05,1.1883627037314438e-07,6.662352861845211e-05,1.659571832498627e-05,0.001636595309351857,1
0.6217663706430445,0.37701954906282625,2.7536615042401254e-05,1.0468045037272541e-07,3.512043264945791e-05,1.3989257693497923e-05,0.0011373293082934971,0
0.5911124216854604,0.40859065639747305,2.4001719420777924e-05,1.0105740273039695e-07,1.9377092894429085e-05,1.2987920398061907e-05,0.0002404541269505865,0
0.7386772740866466,0.2612661684712924,1.6959678917040247e-05,7.808400291594164e-08,1.4521985167686037e-05,1.114528970215254e-05,1.385240427129964e-05,0
0.4776802634576717,0.5222162703176823,2.8216480158070492e-05,2.434342086911191e-07,3.800324153810306e-05,1.812886429063941e-05,1.8874204450620783e-05,0
0.4317053215470461,0.5673506930185532,3.066962836206017e-05,2.6459844280163986e-07,0.0008779120288745045,1.9231689318567557e-05,1.5907489402599066e-05,0
0.5210324165597543,0.4784833850037812,2.592914689769918e-05,2.7118529503578414e-07,0.0004238507153968783,1.975747584548524e-05,1.438991302952809e-05,1
0.6407686373743796,0.3584621858775904,3.148939892065571e-05,2.9417665652504025e-07,0.0006989278661533022,1.7034645246861448e-05,2.1430661052733318e-05,1
0.452978145079197,0.021829297115124074,2.80538071249967e-05,2.28541860778626e-07,1.7858931503070798e-05,1.853960411409557e-05,0.525127876921076,6
0.9165360780639187,0.05512691754345585,1.4909516736458499e-05,1.2336348928266497e-07,7.104177381442291e-06,8.75468590302433e-06,0.028306112649115166,0
0.943582867689182,0.036582105407829614,9.914686056143492e-06,7.914122508783739e-08,3.7551785073719734e-06,4.637731722618043e-06,0.019816640165477017,0
0.9351862934557053,0.05006705763664822,1.5081067509816051e-05,9.337973923384237e-08,4.430782937789182e-06,5.326514681221723e-06,0.014721717162778323,0
0.9645591366445955,0.027585076748223834,3.4375294407623404e-05,2.5739629302912927e-07,1.8133603723792893e-05,2.2475847835712824e-05,0.007780544464920445,0
0.9190764623431703,0.06637976812644693,2.108891156807954e-05,1.9393025855623873e-07,1.640495028061465e-05,1.4884306914296325e-05,0.014491197431361132,0
0.88816791509025,0.10513667888815731,2.029395726006608e-05,1.8661998585696895e-07,1.578655962274587e-05,1.4323237469573345e-05,0.006644815647254287,0
0.845831106579689,0.1487077710513698,2.1884827822661876e-05,2.3742961609615268e-07,1.7264559265378013e-05,1.178202965493152e-05,0.00540995352258253,1
0.7929698230993215,0.20424546589457412,2.7824157693608144e-05,2.793166550936375e-07,2.1010250051587692e-05,1.9659776326868102e-05,0.002715937505377211,1
0.7779511675046977,0.21923620404856495,2.799840378081977e-05,3.2487118008424644e-07,2.2323987438011375e-05,2.7038693662233015e-05,0.002734942490676102,1
0.7730099132330925,0.22527460207293964,4.2727941300645115e-05,2.675702776278166e-07,1.9714264530512124e-05,2.5566814020497237e-05,0.0016272081038382932,1
0.7325704135321248,0.25414312037251086,4.0956293610580726e-05,2.7764937054317713e-07,2.4151614619085474e-05,2.9102899656062735e-05,0.013191977638107989,0
0.666908963227287,0.31469974687084823,3.7231330845327354e-05,2.913034499479882e-07,2.515302935128147e-05,2.4850360496001947e-05,0.01830376387772222,0
0.7697690809260114,0.2266255832415914,2.7262204638748005e-05,2.653036592923897e-07,2.3548459199647368e-05,2.4751198578134612e-05,0.0035295086663212306,0
0.7750035035611359,0.22139237020587466,2.72515772031345e-05,2.652002378121932e-07,2.353927946758762e-05,2.493739357403893e-05,0.003528132782507145,0
0.759189545462052,0.23889315083591117,2.6077872285407226e-05,2.6815953727446313e-07,2.0814322235605574e-05,2.7252779141207935e-05,0.0018428905688373757,0
0.7831937934437488,0.21534470766659555,2.2973422755623818e-05,2.3623639031340945e-07,1.7810565903570983e-05,2.4008462409219118e-05,0.0013964702021966968,0
0.777184573738343,0.22275398574320324,1.5967417906597685e-05,1.37644119176039e-07,1.1519689471824156e-05,1.1432627387620554e-05,2.2383139568611675e-05,0
0.7208955120646191,0.2790267374916979,1.6148796405309696e-05,1.5281959820351447e-07,1.2367490004829872e-05,1.1285213341415253e-05,3.7796124333301686e-05,0
0.5733763743179545,0.42492336263621494,2.816189963693795e-05,1.7566209426258656e-07,0.0016216599370318528,1.4046539944935003e-05,3.621900712259708e-05,0
0.48001021922231885,0.5168862807400071,3.0400623953613983e-05,1.8962631567569323e-07,0.0030403546084243156,1.516316669757925e-05,1.739201228299976e-05,0
0.46590501886379226,0.5203916545079629,0.00041665322990730225,2.2763366656764479e-07,0.012772961107694287,0.0004922445282666208,2.124012871018884e-05,0
0.4332117578177247,0.547350957561138,0.0002708108463913718,2.5461836633341693e-07,0.01836672002100234,0.0007845208609681914,1.4978274408947133e-05,0
0.6262040153892221,0.3667135407787658,0.00023383798081757115,2.3068418340530776e-07,0.0054673432680574586,0.001374375079435006,6.656819518834965e-06,0
0.7444136993066637,0.24936495825911761,0.0020332336972388996,2.9080486258575594e-07,0.0036088599947996817,0.0005697208995189992,9.23703779844523e-06,0
0.3156311600886732,0.6645847452257007,0.0009928650634508217,2.6989505587423563e-07,0.01838731358104779,0.000393598968398469,1.0047177673142595e-05,0
0.9045448981531864,0.09432191968617291,0.00013714365047304186,1.7488625118190592e-07,0.0007770894999205938,0.0002132807518531159,5.49337214300854e-06,0
0.3698408144336116,0.6275896423997761,1.7516229125689585e-05,2.0025137818330071e-07,0.002532356535360596,1.270129955319478e-05,6.768851194484785e-06,0
0.2906084188426244,0.7088108424159077,1.607127679043965e-05,1.6818977312618562e-07,0.000528564761642773,8.203644227993257e-06,2.7730869033502627e-05,0
0.3260615150192788,0.673872158331717,2.8726259168513313e-05,1.8173499422343168e-07,1.4350691944348375e-05,1.0796067238462104e-05,1.2271895658668564e-05,0
0.4520294957292512,0.547939527421379,1.2401019785821428e-05,2.3061502779001908e-07,6.328909239803996e-06,7.055759473309986e-06,4.960545843186271e-06,0
0.8630280586606964,0.13688949444856394,1.5941241124039093e-05,1.0733168448934064e-07,5.517817169535315e-06,6.266317651863957e-06,5.461418310966731e-05,0
0.7040648623963683,0.294182531010078,2.106613737834901e-05,1.958538123904968e-07,1.4230554380917518e-05,1.1890542560021905e-05,0.0017052235054219945,0
0.6981794539784264,0.3004949819860742,1.8616771833191922e-05,1.730818361453414e-07,1.2575963937349673e-05,1.0508025929817335e-05,0.0012836901919629,0
0.7389901025598985,0.2588010731405119,2.5911086564734808e-05,2.221439638129212e-07,1.740084461391789e-05,1.3486652232753125e-05,0.002151803572214716,0
0.8752747949246417,0.12281567809557835,1.6735657595718725e-05,1.5106858837537668e-07,7.952955420401073e-06,1.099272753017127e-05,0.0018736945706454068,0
0.9698744420963467,0.027859169704169455,7.413781303423335e-06,7.029862446810308e-08,4.212048033673168e-06,5.198865126540818e-06,0.002249493206395912,0
0.9581329554170559,0.03816726626755943,9.35214786476029e-06,8.867851691435509e-08,5.313306990347162e-06,6.558131863143139e-06,0.0036784660501494363,0
0.9584492193969554,0.038771670626659746,9.54881678031512e-06,8.86372368487146e-08,4.776898840029264e-06,5.685936787530322e-06,0.0027590096867403913,0
0.9502010220401346,0.04783737551612713,1.1053186164227875e-05,1.2766859274660709e-07,7.737292835239556e-06,8.987959038523333e-06,0.0019336963371074432,0
0.9583373560506101,0.03944775280142515,1.0060475104895362e-05,1.3230207946921285e-07,7.0423894786223785e-06,8.180730588210429e-06,0.0021894752507136198,0
0.98418460396783,0.014197643477781376,9.193560569054949e-06,9.877587120387406e-08,4.985022618518359e-06,6.213546990246703e-06,0.0015972616483392486,0
0.8272549039295652,0.17263862635070923,2.4530462275067574e-05,1.7712200362100832e-07,6.164259316522326e-06,1.499600018284291e-05,6.0601875947852573e-05,0
0.8890950415124704,0.11066030506249054,2.4774520867656142e-05,1.368944167052172e-07,5.360024542389462e-06,1.171010268815488e-05,0.000202671882524211,0
0.9280675787731058,0.071759849170552,1.6580028129421647e-05,8.374626763936661e-08,3.3465723807379063e-06,8.719980899123562e-06,0.0001438417286654361,0
0.9311836052595676,0.061011205667122856,3.8444713063827216e-05,1.7009840621364133e-07,1.195514669522593e-05,1.87153912286238e-05,0.007735903723915552,0
0.9114387460426443,0.08816766557028069,1.869846761961601e-05,2.7222128726104328e-08,4.549762908736243e-06,8.995729873122789e-06,0.0003613172045448271,0
0.7793734128503637,0.2167385938570067,2.5726463850658798e-05,2.4909718758074796e-07,1.566163102010064e-05,2.6034471487991907e-05,0.0038203216290831595,0
0.7665587827210963,0.23001381323253606,2.5046360447775665e-05,2.944508186995772e-07,2.2426258924378376e-05,2.6726331717194682e-05,0.003352910644459467,0
0.11720003971880828,0.8821278723879773,2.5015277604137272e-05,2.387504921334247e-07,2.2972138636036166e-05,1.2220096523340929e-05,0.0006116416299587138,1
0.4149169171352988,0.5845866696435607,2.5527361854138455e-05,2.2994642678137254e-07,1.8843575499495128e-05,1.3488274170049882e-05,0.00043832406319000843,1
0.9236587061551051,0.07621799572615946,1.5438279876252074e-05,1.342625509691157e-07,6.510355042554658e-06,1.0728378752955488e-05,9.04868425129155e-05,0
0.9843470675310237,0.014219487612680073,1.88917207275679e-05,1.2267646877116535e-07,1.001716746627353e-05,1.4268911832934578e-05,0.001390144379800523,0
0.989231196966898,0.009562018321259571,1.7965004913655788e-05,1.105717090030181e-07,9.652758830289806e-06,1.4339711263948207e-05,0.0011647166651254568,0
0.9864629923918345,0.00672869719433775,2.4091212914438542e-05,1.215506901374369e-07,9.006267182131229e-06,1.5290677262917966e-05,0.006759800705778457,0
0.9853274769705647,0.007140392785549311,2.636443443842954e-05,1.49952128815031e-07,9.373707635450392e-06,1.6918239609638096e-05,0.007479323910073558,0
0.9919140356076,0.006732016572635827,2.2641233917911966e-05,1.3689574228129427e-07,1.1082036437147453e-05,1.590503585383445e-05,0.0013041826178128795,0
0.9913260143430185,0.005531703479466108,1.6840247806002177e-05,9.468214449614091e-08,1.0048811811613078e-05,1.0791028002157686e-05,0.003104507407751199,0
0.987191066316771,0.005576527570133028,2.033151895367555e-05,1.1075760837699566e-07,1.1754934039650244e-05,1.1882992654258058e-05,0.007188325909840166,0
0.9702740673195676,0.006375297317346526,2.5404406941544707e-05,1.443496546990318e-07,1.9631359991444544e-05,1.2919988111536847e-05,0.02329253525838652,0
0.9637822783435418,0.014044601776847639,3.7423006251878786e-05,2.126401943839254e-07,3.7538244240457664e-05,1.7952598190638774e-05,0.022079993390733132,0
0.9704842742906359,0.01421790004465914,4.009952850036744e-05,2.141188620799114e-07,3.1269799521902306e-05,1.7635404476384907e-05,0.015208606813344119,0
0.9161969454538479,0.07489184166593982,3.733067861850792e-05,2.8003387889217905e-07,2.6062912572771065e-05,3.187394872745821e-05,0.008815665306414665,0
0.6678865053008181,0.3309085167018917,2.861586902384397e-05,2.7862300763198964e-07,1.996753360637615e-05,2.4930685089317606e-05,0.0011311852865632064,0
0.691699665048989,0.30568090557466454,2.108879984321584e-05,2.0272434190923958e-07,1.4797517173749568e-05,2.228369418328553e-05,0.0025610566408040807,0
0.6144029728788393,0.3850063627801158,2.2265610629535798e-05,2.0459618857614737e-07,1.3750325377367118e-05,1.7150201868443572e-05,0.0005372936069811045,0
0.5700576125764694,0.4295438955463195,2.2420816165938597e-05,2.0602235477128452e-07,2.1223797439672817e-05,1.90581597901878e-05,0.0003355830814604622,0
0.10143057947061739,0.8983798079192027,1.5369933182130068e-05,1.3838089110648004e-07,9.029275667488935e-06,1.0673045494508652e-05,0.00015440197494475023,1
0.08483144224221977,0.914792090542226,1.7644928754031255e-05,1.2216664847418403e-07,1.2492114339725966e-05,8.431571453109147e-06,0.0003377764343586158,1
0.10367066704711844,0.8958613629416975,2.6407922839949324e-05,1.8457621975850516e-07,2.356697006303296e-05,1.2675135295557311e-05,0.00040513540676562253,1
0.010156093722992612,0.9897279032100696,4.7666569017537796e-06,4.257265342114436e-08,5.971755010107903e-06,2.796904362627662e-06,0.00010242517800985276,1
0.05959182810314047,0.9362447862244627,1.83271447581388e-05,1.3274318055363816e-07,3.4210782734240514e-05,7.846072860162549e-06,0.004102868928863565,1
0.08967300258120027,0.9048648540796831,2.0430598111384438e-05,1.6512642195217595e-07,3.948113205223307e-05,8.97572108498094e-06,0.005393090761446106,1
0.18037578426279144,0.8156116026181849,2.3796066063655628e-05,2.030194628281156e-07,1.925797572537598e-05,2.129118234092575e-05,0.003948064875430822,1
0.35341858915708796,0.6416828103879557,3.2683774096554766e-05,3.0609968785233516e-07,2.5381178878905672e-05,2.341243019335134e-05,0.0048168169720995725,1
0.492434384602496,0.5021978656962605,3.1200549650947843e-05,2.9276974986084777e-07,2.1877231687035755e-05,1.9856322128291266e-05,0.00529452282802744,1
0.4914586025433885,0.5024879594990856,3.227732442183983e-05,2.7637270047732867e-07,2.3661198886428213e-05,1.874423628380971e-05,0.005978478825233219,1
0.29306394336761743,0.7039191311096129,2.6403224859383806e-05,1.7637698243750634e-07,1.2357832757498612e-05,1.2435055908901786e-05,0.0029655530322613343,1
0.3548261040824836,0.6435786859697843,1.8508374542798238e-05,1.4727202053270708e-07,1.2623813155624831e-05,1.2606354316343612e-05,0.0015513241336969463,1
0.2944019461512175,0.7044942582005423,1.7106387518877202e-05,1.376859315617506e-07,1.2944270451671693e-05,1.153079759229378e-05,0.001062076506745786,1
0.4979602409909164,0.5004972357451287,2.4622570594312192e-05,1.0367144908180867e-07,3.89580750445796e-05,1.578004593423847e-05,0.001463058900932492,1
0.6549446972931103,0.3445561197393752,2.6854887800638622e-05,1.020888640579521e-07,2.8823762697863912e-05,1.4256910173162635e-05,0.0004291453179785726,0
0.6321761665864234,0.367762488001301,1.8373458574685408e-05,1.8029912565964803e-07,1.4435171602783658e-05,1.3349325273059254e-05,1.5007157699359126e-05,0
0.6118833721138989,0.38804017909647737,2.2724777412534634e-05,2.199179085360483e-07,2.0844186357366024e-05,1.7582105036766227e-05,1.5077802908578014e-05,0
0.5267970109161813,0.4728462838937013,2.0345615106284473e-05,2.3757692635362226e-07,0.00030279155637181625,2.05651700135771e-05,1.2765271699266659e-05,0
0.5395305682607794,0.46014037118767964,1.9882785191811967e-05,2.577579172911633e-07,0.000279497949389577,2.1003001112382042e-05,8.419057929993458e-06,1
0.5284197640951763,0.4710349553874112,2.5592416557540115e-05,2.488359744996593e-07,0.0004912777588340231,2.031309202253105e-05,7.848414023908016e-06,1
0.5416059956472137,0.4574130292286178,3.7774718914683604e-05,3.0433763770259555e-07,0.0008961408944513701,1.9220545738083822e-05,2.7534627426597786e-05,1
0.8466135106429189,0.1488453275486414,2.152101293522681e-05,2.2093290099391065e-07,1.7280529192724062e-05,1.643719807589798e-05,0.004485702135335029,0
0.8135594732718655,0.18039506859597731,2.6548141959013498e-05,2.6776255920348217e-07,2.0810065227112647e-05,2.074946107303961e-05,0.005977082701338742,1
0.8036540395257806,0.1891611988544842,2.679974508776499e-05,2.7030020939994836e-07,2.0459469488121253e-05,2.0946108707888932e-05,0.007116285996242201,1
0.5907898536751035,0.4043808595722552,3.40406816606581e-05,9.638589431891107e-08,1.7569444482073652e-05,1.916089160551491e-05,0.004758419348998718,1
0.740979692534505,0.24843951152717195,3.863549896605833e-05,2.643143467343764e-07,1.986343832531322e-05,2.6597325302503426e-05,0.010495435361382564,0
0.8563178819551125,0.143519130052404,1.574327458816871e-05,1.357119339088392e-07,1.0031915802260277e-05,1.2298827327276357e-05,0.0001247782628319715,0
0.7005167648500435,0.29883994286587956,2.0292484918472552e-05,1.30327400800384e-07,0.0005886337141136428,1.047694834452954e-05,2.375880929945597e-05,0
0.39164346689967805,0.6029134490933756,0.00024736513616195794,2.172605555290559e-07,0.0050305923949455975,0.0001379524362225206,2.6956779060609898e-05,0
0.7837402418203353,0.21242368640444673,0.0012549940381407954,2.04564775273979e-07,0.002041838343792663,0.0005326850898069962,6.3497387021373756e-06,0
0.7596689071436634,0.23505691763134792,0.0018319370407396478,2.7411908677475996e-07,0.0026646017516515023,0.0007686552776542867,8.7070358566204e-06,0
0.7830921823264881,0.2105649224385134,0.002201438011978509,2.8467546920309156e-07,0.0036915179893433005,0.0004390571613451747,1.0597396862288092e-05,0
0.852366087006697,0.14622153035562352,0.00032283610000470033,2.168341705598289e-07,0.0008366802064130746,0.000245443020042607,7.206477048336173e-06,0
0.8942779057697292,0.10459434034929196,0.00012856388410605515,1.3487791502759536e-07,0.0008022931578516322,0.0001918626905170801,4.899270589080592e-06,0
0.8910513313751843,0.10784701613952873,8.26810542173517e-05,1.5560289575564718e-07,0.0009041233005061155,0.00010914170868722558,5.55081898069901e-06,0
0.8797370152603915,0.11916346742024558,8.31410133878485e-05,1.5646852306937887e-07,0.0009262006742881472,8.44374646772536e-05,5.5816984865073e-06,0
0.34251610880777483,0.656842077301081,1.7739508521235416e-05,1.8564821902211793e-07,0.0005834308758072376,9.848468071245603e-06,3.0609390525444723e-05,0
0.3325352794360716,0.6665920056188699,2.3765795544540733e-05,1.86528863535995e-07,0.0008227043694745559,1.007336721378524e-05,1.598488396225318e-05,0
0.35764596065888365,0.6417053498813284,1.7731702405189195e-05,1.787966996638628e-07,0.0006139107108515398,1.0212321277801839e-05,6.6559285536946735e-06,0
0.4246403487917264,0.5752838709637962,2.3024415935382265e-05,1.7729388654950843e-07,3.0284924569121726e-05,1.0321606092491987e-05,1.1972003993795847e-05,0
0.5631092390133591,0.43683655576773534,2.23481456869047e-05,1.713349280032429e-07,9.046223681377836e-06,1.1069897166497767e-05,1.1569617442836948e-05,0
0.6957766356695537,0.3041764471681549,1.6043227139391197e-05,1.907875917874392e-07,8.332650277146633e-06,8.444326417508704e-06,1.3906170865479799e-05,0
0.7340679517316714,0.2658933439752228,1.6093995983004e-05,1.5851985914972785e-07,8.872579441212638e-06,8.471048515474479e-06,5.1081493069371e-06,0
0.7194328186690974,0.27811565858606047,2.2820438247634907e-05,2.1216370855982162e-07,1.5415616144851588e-05,1.2538002668524606e-05,0.0024005365240728584,0
0.875879152183153,0.11971495498686799,1.7485703336367513e-05,1.5081154966861106e-07,7.192976736041906e-06,1.0974023731462557e-05,0.00437008931462564,0
0.8785949605869806,0.11849831340478754,1.6230213870347463e-05,1.597186116462078e-07,8.408333008807561e-06,1.1622159167604811e-05,0.002870305583573481,0
0.8713565643178999,0.12720900990605657,1.666073922014601e-05,1.5039231896818937e-07,8.422328256798145e-06,1.110766263824912e-05,0.0013980846536094864,0
0.9671119409784928,0.03141843685689452,7.421046099849521e-06,8.848125880525e-08,3.7919361776228224e-06,5.3151120840675775e-06,0.0014530055889925768,0
0.9600206009716413,0.03849281519090584,9.81693458927414e-06,1.2909935630596842e-07,6.871909740146149e-06,7.982694280298726e-06,0.0014617831994866606,0
0.9608220684903549,0.03684801625754011,1.0086559225988057e-05,1.3264510337471518e-07,7.060648510927216e-06,8.201941034542706e-06,0.0023044334582302743,0
0.9529072119894159,0.04402911015610125,1.0531273068169367e-05,1.2686611994376168e-07,5.9184731753915435e-06,8.004691089943806e-06,0.0030390965510292555,0
0.9683001790010347,0.029455199003545963,9.160673666507144e-06,1.034623073333229e-07,6.0077911067202465e-06,7.494749402762789e-06,0.0022218553189360855,0
0.9849408075585713,0.012781149405027347,1.5648102191217402e-05,9.649371195538837e-08,6.074370080547108e-06,7.571356605568649e-06,0.0022486527138119937,0
0.9837712970588262,0.01338594654394355,1.4883626178189327e-05,9.637913612664294e-08,6.067157424178298e-06,7.562366439886027e-06,0.0028141468680519194,0
0.8127238365880257,0.1871695870013143,2.686400243835915e-05,1.740107839110259e-07,6.042964171442036e-06,1.4732589367777882e-05,5.876284389882698e-05,0
0.8178695403935843,0.18203376714662053,2.1649926813127606e-05,1.6128726663703711e-07,5.221259625794501e-06,1.3409626640068638e-05,5.625035944941773e-05,0
0.8569698561598462,0.14287062327110045,2.039436840182147e-05,1.315610245869285e-07,4.570192294527108e-06,1.172793535058838e-05,0.00012269651198169252,0
0.9215208857468957,0.06963316604540423,5.2439517261821216e-05,6.298159080025135e-08,1.5055030726361702e-05,2.164872370546899e-05,0.00875674195441583,0
0.925436968857123,0.06328705975430177,4.3444941922286045e-05,6.324923654523978e-08,1.5119008388141634e-05,2.0901122478956327e-05,0.0111964430665494,0
0.6786674859323283,0.28020744308771844,2.8756841635123997e-05,2.051672340486237e-07,1.4242587701295194e-05,1.974517177789894e-05,0.04106212121160498,0
0.7292589024505339,0.24998299192410975,3.236009942469626e-05,2.4163317343572116e-07,1.6097445537528185e-05,2.2274058906626153e-05,0.020687132388313857,0
0.7154246009879933,0.26912160907201826,3.10401840991038e-05,2.3177735301305744e-07,1.5113631012515656e-05,2.0386207732290704e-05,0.015387018139791438,0
0.7931707605735069,0.20322526553406892,2.566036956760967e-05,2.4845722788328325e-07,2.740499595317997e-05,2.3906089098839117e-05,0.0035267539805766066,0
0.6380326254983149,0.36003448098393903,1.9812487261172812e-05,1.9183494802808522e-07,1.3898966399456251e-05,1.987820478955068e-05,0.0018791120243479716,0
0.7590633631934475,0.2383914374423471,2.138832544384085e-05,2.3375929372730738e-07,1.8420879862457774e-05,2.604051971714907e-05,0.0024791158798881693,0
0.730792629892078,0.2661381844738884,2.387774562556215e-05,3.016397214026274e-07,2.1379892980692768e-05,2.9071415964571283e-05,0.0029945549397412292,0
0.7822283013047995,0.21452994358621827,1.929960420269186e-05,2.695786311026282e-07,1.8279378838819024e-05,2.258171331211504e-05,0.0031813248339974507,0
0.7703890038259655,0.22612267845049944,2.517150818667012e-05,2.90327937106574e-07,2.109471002651183e-05,2.7573712618667474e-05,0.00341418746476626,0
0.8635608844792696,0.1326880395549779,2.5741472166244142e-05,2.6451409893597566e-07,1.9047387542600715e-05,2.848759244337103e-05,0.003677534999501037,0
0.02174666454032972,0.00018174801534727572,1.6774734759793478e-06,1.0210535560421256e-08,7.978996845513907e-07,1.5374779284763178e-06,0.9780675643826985,6
0.05639557691320888,0.0005523810742727887,4.0765859714836474e-06,2.8845442414234034e-51,2.482583778952122e-06,1.4603070100000454e-06,0.9430440225357578,6
0.06293406377349392,0.0013380379542664612,5.468763265399448e-06,2.796133485021431e-08,3.809754601662423e-06,3.239057704580643e-06,0.9357153527353331,6
0.06733724047650119,0.0019407510833773774,5.504550245313638e-06,2.681934969415512e-08,2.389973153823224e-06,2.843577282545267e-06,0.9307112435200899,6
0.31327238526648865,0.6483346848260407,6.461560427063169e-05,6.510917217293543e-07,7.489076837166116e-05,4.807640437562247e-05,0.03820469603873088,1
0.23346268199231057,0.7590759756902711,3.304014950000039e-05,3.172277786520018e-07,3.087305075135687e-05,2.4583095769561662e-05,0.007372528793618737,1
0.1616817644951438,0.8356657250356462,2.173045311658471e-05,2.1101353554116807e-07,2.053613217502073e-05,1.635218067889593e-05,0.0025936806897037348,1
0.09232658373650021,0.9063274173329676,2.094463020758967e-05,2.033828032482581e-07,2.242031628238681e-05,1.5760848407978143e-05,0.0012866697528304903,1
0.947305741677909,0.05259239914715151,1.2801453961120105e-05,1.215342482562651e-07,5.8931630619789985e-06,9.889269183877211e-06,7.315375448408008e-05,0
0.9402915019597602,0.05945497003153417,1.5093536153293104e-05,1.5748639073673125e-07,7.579378680508688e-06,1.2584102090003098e-05,0.00021811350539118228,0
0.9382066854026019,0.06147454898210027,1.511743327739657e-05,1.5947725332262962e-07,7.668660021116349e-06,1.2743183886918452e-05,0.0002830768608591866,0
0.9196490451973267,0.0796741854101284,1.705521014069449e-05,1.7991930363899866e-07,8.651641171999661e-06,1.3755890208453312e-05,0.0006371267317201157,0
0.9869459554887062,0.005610605599288632,2.6340817278161107e-05,1.3290092658745753e-07,9.225085514850022e-06,1.6718499698305515e-05,0.007391021608587376,0
0.9932819198199748,0.005665696649134144,2.016864534979016e-05,1.384076733300662e-07,1.1204430857117917e-05,2.2552443676096012e-05,0.0009983196033345576,0
0.9652373482530165,0.012133077422179743,3.228643618186809e-05,1.6793754492910654e-07,2.1934103950834493e-05,1.6420000379991742e-05,0.022558765846746123,0
0.9498761208007853,0.04064453877563464,3.6895791001575036e-05,2.767715951416899e-07,2.7201702340989508e-05,2.9060826632447337e-05,0.009385905332009701,0
0.9279565476497788,0.059199249594277435,3.574248316441446e-05,2.6812012457783293e-07,2.5380988845959425e-05,3.191855846620208e-05,0.012750892605342798,0
0.8269072222547225,0.1693239343678572,3.3016178895257444e-05,2.4766891426541616e-07,2.1915085806846067e-05,3.099525590474445e-05,0.0036826691878992443,0
0.7890074987527859,0.20895007168258176,2.97306982503345e-05,2.80779627042312e-07,3.787104392104166e-05,2.9403588252701002e-05,0.0019451434545813,0
0.7218173468131789,0.276372593748924,3.1442867381295195e-05,2.7641488873472715e-07,1.8250339155760272e-05,2.4733106585893603e-05,0.001735356709885384,0
0.6536537457453314,0.34491355821628666,2.232611281792427e-05,1.8115161998018102e-07,1.4212767800011904e-05,2.173726034471253e-05,0.0013742387457992347,0
0.7685664000285076,0.23098610113885937,3.452558427306746e-05,2.4246840529552435e-07,3.95335437280925e-05,1.886424703163263e-05,0.00035433298919491506,0
0.6350275425094285,0.36462191106269415,2.963178892719408e-05,2.112617183411649e-07,1.855310345116491e-05,1.4542697885845615e-05,0.00028760757589493493,0
0.6285760522493175,0.37112256016829376,3.116419006240719e-05,2.32350633507055e-07,1.773135204429367e-05,1.512418960525491e-05,0.00023713550004343835,0
0.6172358925671666,0.3825853523015906,3.134423853508084e-05,2.41650796612358e-07,1.7829866942878568e-05,1.5729556709451458e-05,0.00011360981825877834,0
0.6229678416661169,0.37691977612148997,3.0765440426740957e-05,3.1690418103944125e-07,1.6968172238681316e-05,1.6257445939110756e-05,4.807424960753614e-05,0
0.10960848248336119,0.8902561629128383,1.569372532350699e-05,1.6331768895630863e-07,6.023833979857834e-06,1.0897890210144646e-05,0.00010257583659787827,1
0.0754978622593143,0.9242432806108689,1.738412995622197e-05,1.325834887814316e-07,1.5194374281970797e-05,1.1532213689652582e-05,0.00021461382840025792,1
0.06812553172391414,0.9317320201542636,1.6434369504157874e-05,1.2593695129365238e-07,1.1677264996190268e-05,9.708179682024734e-06,0.00010450237068865997,1
0.03461152583956712,0.9652546052284725,9.915766006804722e-06,7.420192583717885e-08,9.299865681122596e-06,4.112288501830035e-06,0.00011046680984468098,1
0.01820876767234865,0.9816805507568696,5.626010834748172e-06,5.0009641920362837e-08,5.793377290875421e-06,3.837684087233095e-06,9.537448892713889e-05,1
0.013410578420495617,0.9864194322266179,5.181390918001465e-06,8.762455972844024e-08,2.770364424340569e-06,2.7508457077031867e-06,0.00015919912727677175,1
0.07750616898818645,0.9187284673286904,2.388057351160938e-05,1.8756870828059142e-07,4.719562235962818e-05,1.2755673993869507e-05,0.0036813442445499393,1
0.1717972331202255,0.8238894670255564,2.0919091870655676e-05,1.8411174799033566e-07,1.868878850968007e-05,1.9308280806986464e-05,0.004254199581282744,1
0.19340893425541095,0.803235994436656,2.567691777289038e-05,2.072725870840548e-07,1.9890241446118017e-05,2.1737218611490024e-05,0.0032875596575151116,1
0.3668423299856421,0.6283589682194771,3.620046775235402e-05,4.000971616380662e-07,3.267153173396797e-05,2.1386227166965114e-05,0.0047080434710659,1
0.41669246445488684,0.5783518869579165,3.743762044574252e-05,4.0867060433864323e-07,2.848184849000873e-05,2.1833054443095793e-05,0.004867487393213499,1
0.4327454555899318,0.5595041973155706,3.6716749048503954e-05,3.982337205944262e-07,2.5417702436106417e-05,2.1121545337017863e-05,0.007666692863955275,1
0.48987257627048314,0.5054405455510824,2.6573563029873976e-05,2.2911718609493777e-07,1.5692039435728075e-05,1.8585606188991757e-05,0.004625797852593554,1
0.31095474723198396,0.6705983928003365,2.8986610672245027e-05,2.0028608493712299e-07,1.528438594675511e-05,1.93791483980703e-05,0.018383009536577566,1
0.30248857400828644,0.6961359676716703,1.648475121850926e-05,1.3268250386468077e-07,1.2704334558477903e-05,9.890639719006089e-06,0.0013362459120430717,1
0.3379438223152886,0.6610097938956856,1.8799279165529358e-05,1.5131168177611888e-07,1.4225268400271868e-05,1.0370806261040618e-05,0.0010028371235172424,1
0.2824863508255744,0.716413694437402,1.7012140536875552e-05,1.3692735623429115e-07,1.2872954493060505e-05,9.52074959631084e-06,0.0010604119650412208,1
0.6005658280473873,0.39795351975075993,3.01918620530381e-05,1.1477437268294049e-07,3.9502038701343415e-05,1.747075906540638e-05,0.0013933727676602662,0
0.6071116614645855,0.3928137545109284,2.3451269660853393e-05,9.66762098624435e-08,1.7979745316103443e-05,1.3661221538463654e-05,1.9395111760791187e-05,0
0.6224446691594641,0.37748135680928907,2.241401928178831e-05,2.1105962732033318e-07,2.0004583681551856e-05,1.6873898816469314e-05,1.4470469839759663e-05,0
0.6612669326371823,0.3383250449792083,2.5900404867038843e-05,3.131032445456949e-07,0.00034384695500746203,1.6339202510072727e-05,2.162271798007403e-05,1
0.10582798194797313,0.0008991969964356719,5.703610941232152e-06,4.1531003093210305e-08,2.9392374676751338e-06,3.3480086358075126e-06,0.8932607886675433,6
0.9371201762103899,0.030052913167289006,9.402568817015632e-06,9.084920205017021e-08,3.7294589219789393e-06,4.6059674438132696e-06,0.032809081777936136,0
0.9162424130128873,0.06846677148527547,2.15463486566041e-05,9.296229375112094e-08,1.6898413085952885e-05,1.5207160656539116e-05,0.015237070617144572,0
0.8416137113749006,0.15397141231994185,2.2262175177180136e-05,2.2854160996661282e-07,1.6288349482874762e-05,1.9436293497326e-05,0.004356660945390116,0
0.8416126411857371,0.15397121653114382,2.2262146868778893e-05,2.2854131935495678e-07,1.7559920653205682e-05,1.9436268782292963e-05,0.004356655405495423,1
0.7862465973943145,0.2077160774866776,2.8296955676216943e-05,2.840629030301078e-07,2.1367263692319723e-05,2.415809513113258e-05,0.0059632187416051256,1
0.7709732715369233,0.22546953321162128,3.0134581544297655e-05,2.771127932090754e-07,2.1581961712787076e-05,2.3567023884456895e-05,0.0034816345715208414,1
0.7700252102130293,0.22744999881765174,5.2620002621900155e-05,2.6242645607284865e-07,2.0365524541351786e-05,2.3831327101418305e-05,0.002427711688598524,1
0.58566881697398,0.4080541652256862,3.5760508009228186e-05,1.9860912687439186e-07,1.698114244069978e-05,1.702761915478432e-05,0.006207049921602359,1
0.7160143737837591,0.27475303642611193,4.289258224759138e-05,2.767433138813506e-07,2.502602511121363e-05,3.438637787117094e-05,0.009130008061585022,0
0.7060354414368555,0.28020337049379157,3.559721752124593e-05,2.440790472828038e-07,1.9803675352394217e-05,3.0082709315990395e-05,0.013675460388116192,0
0.6818260286816882,0.30318862238213073,3.921788450333207e-05,2.5303413206085645e-07,2.1754702595549024e-05,3.1186422294540634e-05,0.014892936892655582,0
0.7014108545625625,0.297973146978277,2.3192070352760185e-05,2.214283568244435e-07,1.8551834486747365e-05,2.006683603651006e-05,0.0005539662899277141,0
0.7955385660964088,0.2044002978278148,1.5202611271851708e-05,1.4247078306493745e-07,1.192364184928727e-05,1.0699319406524064e-05,2.3168032465763492e-05,0
0.7115592651957547,0.2883889388279923,1.3541765366457235e-05,1.4055738012905096e-07,1.2503539534762789e-05,1.0494217877847323e-05,1.5115896093732555e-05,0
0.374303516201662,0.6191888742822924,3.563519054386744e-05,2.3057230295453587e-07,0.00642363381450774,1.9501493807489997e-05,2.8608444883637377e-05,0
0.4024410702143535,0.5886372481992249,0.00027382150876691856,2.489815039662725e-07,0.008169558578255161,0.00044933293274504314,2.8719585150426066e-05,0
0.5381873645807034,0.4571418568203106,0.0004676306512482323,2.954713783980891e-07,0.0031939835669149118,0.0009812989537256467,2.7569955718686973e-05,0
0.7510566145235152,0.243882217439697,0.0003191844072016233,1.7305637597530404e-07,0.003981549972213133,0.0007559352990926156,4.325301904358232e-06,0
0.7598580445109775,0.23511544055646924,0.0015834197224843867,2.741873351417993e-07,0.002665265166667582,0.0007688466523890174,8.709203677132132e-06,0
0.7483290202403047,0.24585680120727033,0.0019274420130518917,3.190202821547157e-07,0.003101068271616915,0.0007752159836127939,1.0133263861311067e-05,0
0.6573209103361667,0.3323474399379849,0.0035997326195596493,4.432840627129699e-07,0.005493162213480964,0.0012218098105800704,1.6501798164932073e-05,0
0.8837282963986649,0.11530168436704911,8.748101218508067e-05,1.4581125980001856e-07,0.000781881050269817,9.521494998748329e-05,5.296410583963014e-06,0
0.8910149051182035,0.10784260734400125,8.267767420856621e-05,1.555965346955509e-07,0.0009882678267119258,6.583584827747872e-05,5.550592062729724e-06,0
0.527032002788459,0.4722138119151515,1.8835238946319804e-05,2.0303748305835115e-07,0.000694011945396944,1.0013319599595914e-05,3.112175496359768e-05,0
0.41046572710579354,0.5886679905311272,1.845124541379008e-05,1.8647059397613383e-07,0.0008224473657026121,9.217390908117354e-06,1.5979890460790428e-05,0
0.4541971243203403,0.5457367365479645,2.4148620409248884e-05,1.8595054828666342e-07,1.5326557297736115e-05,1.0235631314456556e-05,1.624237212538899e-05,0
0.6618601991999846,0.3380858917810583,2.73450051844048e-05,1.4781802623593705e-07,7.804567025847494e-06,8.630021148675183e-06,9.981607571998732e-06,0
0.8991673851336932,0.09894583780758416,1.7098298262827893e-05,1.3019245182456426e-07,6.929870516990001e-06,7.5236055425764375e-06,0.0018550950919482808,0
0.8964636277624356,0.10007552712848417,1.1252541430678566e-05,1.3223516493276113e-07,7.038599841499811e-06,7.180943768573209e-06,0.0034352407888747333,0
0.7916651693441001,0.20686939290388637,2.289164886709762e-05,1.96257366700773e-07,1.4259876258740295e-05,1.1915042873000508e-05,0.0014161749266479574,0
0.9690320171336542,0.02918768560494818,7.005595280648554e-06,7.65573630812533e-08,3.7940576256084366e-06,4.7380725797836225e-06,0.0017646829785486677,0
0.9598797155255031,0.036579122637436796,9.408158432043947e-06,1.0422966373509692e-07,4.933664111540133e-06,5.859177215179794e-06,0.003520856607637718,0
0.951200619321089,0.046017044481960846,1.0691920629058525e-05,1.2880137815960238e-07,6.5144407195464005e-06,8.126797324484199e-06,0.002756874236899152,0
0.9658301149776941,0.031008975982139777,1.0513631966212336e-05,1.0891999754507014e-07,6.330093511935737e-06,7.890101309261216e-06,0.0031360662933811218,0
0.9806408364942404,0.017101416267835737,7.0093578468828285e-06,1.0266274212767338e-08,4.596906217747494e-06,5.734663459167419e-06,0.0022403960441259177,0
0.8068605029389764,0.19304607953131825,2.069625110334825e-05,1.541825891101283e-07,5.354380003994898e-06,1.2818934795508258e-05,5.439378121339138e-05,0
0.8452929197264777,0.1545452010104427,2.162004921912121e-05,1.3946770847943366e-07,5.361854528254714e-06,1.3391120924830546e-05,0.00012136677069879927,0
0.8824874527646545,0.11734573822688069,1.9806338845847116e-05,1.275569958276035e-07,4.431099569760123e-06,1.0911369182793371e-05,0.00013153264387069712,0
0.9473898108067438,0.05246721359292682,1.2122487537224127e-05,5.491679045687312e-08,2.446846390201443e-06,6.37561401882526e-06,0.00012197573559264272,0
0.9230547324642989,0.07674815602188825,1.559947296686165e-05,8.262666114313048e-08,3.7635902499120804e-06,8.870895359022341e-06,0.00016879492857602886,0
0.9217976653120794,0.06886344070140162,4.4269451963484385e-05,6.337086160821598e-08,1.5148081471830641e-05,2.028168037056301e-05,0.009259131401851401,0
0.7465721630332071,0.2288702737395263,3.545204254671887e-05,2.647207424463064e-07,1.7261788395983934e-05,2.4143140318994426e-05,0.024480441535262642,0
0.7309109243833987,0.26618126465815073,2.388161075180607e-05,2.6100914150903063e-07,2.229353111154676e-05,2.7046131167412352e-05,0.002834328676278277,0
0.7878777444452074,0.20861742945136091,1.943899064063282e-05,2.5242637735618644e-07,2.0384516077964018e-05,2.5951372617290287e-05,0.0034387987977184155,0
0.7877175485264665,0.20868417829553368,1.9868089018002164e-05,3.1378340224866166e-07,2.1074393000649983e-05,2.5195193587595747e-05,0.003531821718991417,0
0.028635878221958386,0.0003565924353193301,2.562544502284529e-06,1.862132328102812e-51,1.6026446901466799e-06,9.427086793213444e-07,0.9710024214448506,6
0.0698064973503556,0.0022443447343785993,7.008848062325526e-06,3.101472763873817e-08,4.732594481619842e-06,3.5927645461802745e-06,0.9279337926934481,6
0.11100372492799603,0.003146429911033315,9.251482317452258e-06,1.0874486036341105e-08,6.298890313747169e-06,4.3405967635888884e-06,0.8858299433170899,6
0.3758340702414663,0.590816286555797,5.1581628416318304e-05,5.715647635594897e-07,5.3002728466770756e-05,4.348598509082612e-05,0.03320100129599908,1
0.1451110615955995,0.8491662382962092,2.9213481957801518e-05,2.836774769633825e-07,3.1271762676734544e-05,2.19831649469404e-05,0.005639948021132991,1
0.15645215885246783,0.8426261406715811,1.9154401522049635e-05,2.069054910685494e-07,1.5452360781697415e-05,1.8400253505627128e-05,0.0008684865546507605,1
0.9875214007870535,0.01095441251089402,2.0555721550404734e-05,1.169141137203299e-07,7.2737925124189786e-06,1.3591378209482611e-05,0.0014826488956663558,0
0.9834254036887836,0.007432313887459901,2.0668043413303747e-05,1.0543062580160411e-07,7.280751591356041e-06,1.3665645070712013e-05,0.009100562553055,0
0.983891912385164,0.007188566754733317,2.2054052786290542e-05,1.1453222937586218e-07,9.707401570734273e-06,1.2066509962709011e-05,0.008875578363553403,0
0.9823984440553498,0.008568166301162567,2.544665647084942e-05,1.4458971954212638e-07,1.6456552304261963e-05,1.2941475069197026e-05,0.00897840036992383,0
0.9799791416644835,0.009780167875365526,2.5918615954215985e-05,1.4727142703534423e-07,1.4749377568970323e-05,1.318150078317074e-05,0.010186693694417744,0
0.7768239337650346,0.22020547091332812,3.1746178905227896e-05,2.879394515636971e-07,2.403514506955003e-05,3.0190616223298772e-05,0.0028843354419876726,0
0.6485301973751819,0.3500662661505462,2.1531376666995416e-05,1.754121467712271e-07,1.21451819710829e-05,2.1048553153475796e-05,0.001348635950333538,0
0.5860773598279784,0.4132239088880258,2.1033225210293587e-05,2.0577680811474308e-07,1.4596114586390293e-05,1.7249166876333776e-05,0.0006456470005148279,0
0.5960054986051784,0.4033370615123813,2.190822575969807e-05,2.1433730315793703e-07,1.5203325708534882e-05,1.7966747292207187e-05,0.0006021472463766206,0
0.5923660357471798,0.4070320567429209,2.210892834177206e-05,2.1630086016389544e-07,1.4369724980196708e-05,1.8800538272742388e-05,0.0005464120174444826,0
0.5995560004957863,0.40026039444084194,2.8031691484101854e-05,2.541970444430012e-07,1.643708803229428e-05,1.5748606645579175e-05,0.00012313348016533616,0
0.17585622887631552,0.8239899807449131,1.8782103530321656e-05,1.9598626372726383e-07,6.7765912946615704e-06,1.1428305600491837e-05,0.00011660739208225996,1
0.06809265744385035,0.9316422368755403,1.7278043514193767e-05,1.658701912552435e-07,1.6599819542681434e-05,1.1068214012744961e-05,0.000219993733348582,1
0.023770515373172946,0.9761127988329646,6.48142837303901e-06,5.788786763692584e-08,7.304656884584583e-06,3.980047650935098e-06,9.88617730861419e-05,1
0.02753328873638679,0.9723460597262342,7.70623666337216e-06,5.905306869770215e-08,3.651837281042682e-06,3.977591233196861e-06,0.00010525681913285642,1
0.01987280061558203,0.9799483529406625,7.75545282619411e-06,1.3115554300852949e-07,4.146653079136309e-06,4.383200284399319e-06,0.00016242998202285676,1
0.05281279510904198,0.9465193367547688,1.0319154201775813e-05,7.501470457505997e-08,9.30724043454304e-06,5.075862430805322e-06,0.0006430908644172542,1
0.06270298186949254,0.9344947268105317,2.077207955661682e-05,1.517442736254283e-07,3.70461720223652e-05,1.2233361246456966e-05,0.002732087962876494,1
0.17202828202188958,0.824997510228532,2.185470787228215e-05,1.8435935859723556e-07,2.7322077238514375e-05,1.9334248379295116e-05,0.002905512356729741,1
0.18811413579727967,0.8093307505517914,2.496329885448822e-05,2.5768308037319077e-07,2.326957420495928e-05,2.113309273579865e-05,0.002485490002053508,1
0.2934906832108045,0.7017025157799456,3.3494079438123277e-05,3.60463096685464e-07,3.102337185414092e-05,2.3315261609048368e-05,0.004718607833252003,1
0.4315545638052565,0.5618087266366629,3.1142711624235234e-05,2.850102131970753e-07,2.1615716325522975e-05,2.0009999542071962e-05,0.00656365612037557,1
0.4380881495829789,0.5543627221770816,3.542389941815303e-05,3.9457421494001303e-07,2.4587228312218544e-05,2.2760773682405758e-05,0.007465961764311781,1
0.2468089547009362,0.7468645254423115,2.3577544910902907e-05,1.5496117384084794e-07,1.7312366807708153e-05,1.3295228565343761e-05,0.006272179755294546,1
0.21445087671671326,0.783679179165526,2.0408869779436468e-05,1.572019719366882e-07,1.1642720617139158e-05,1.3727881430762592e-05,0.0018240074439613823,1
0.29170137290643355,0.7075322423707947,1.6503062345317037e-05,1.328298865046269e-07,1.3134831582907876e-05,1.0044940822041786e-05,0.0007265690581349976,1
0.39866050707577505,0.6003750303425507,2.2406595677461823e-05,8.299801682558049e-08,3.15726246402985e-05,1.329637933760924e-05,0.0008971039840021421,1
0.410023208065905,0.5887106524076967,2.304523291985451e-05,8.536364279360145e-08,4.785767073282433e-05,1.2589705702713376e-05,0.0011825615534000417,1
0.5492677641257198,0.4494115166560338,2.7159566535779402e-05,1.1435327633291336e-07,6.411021445268561e-05,1.7406660497906744e-05,0.0012119284234836122,1
0.6006057006726049,0.3981030455959889,3.387936302544837e-05,1.1481749765667303e-07,8.057454063139652e-85,1.6279971530705444e-05,0.0012409795793524522,0
0.6959807064355935,0.30393932485332925,2.5507258205804673e-05,1.051518780425032e-07,1.9556041650828413e-05,1.6145909281956664e-05,1.8654350060654598e-05,0
0.5803975795733186,0.41953955739503596,2.2414196895389267e-05,9.24009503235541e-08,1.668734686539053e-05,1.3577004381413227e-05,1.0092082552815735e-05,0
0.7112964594435895,0.288645843607028,1.8127230167195346e-05,9.75552322149163e-08,1.454549538165563e-05,1.1051838126846281e-05,1.3874830474373879e-05,0
0.6124971804402487,0.38743750851765074,2.0000032754195e-05,1.839171031009964e-07,1.4724835376968848e-05,1.509395761774957e-05,1.5308299248528548e-05,0
0.5385657260403734,0.46105480622740835,2.2601982138484238e-05,2.187295633497769e-07,0.00033426943685649813,1.7018597287226716e-05,5.35898637260301e-06,1
0.5125377154753783,0.48662341401917425,2.6125977330836687e-05,2.5283285238642854e-07,0.0007849287205748734,2.136844026196772e-05,6.19453442751364e-06,1
0.561966135396428,0.43713129822252755,2.7430283294892797e-05,3.1880330534479825e-07,0.0008261614956994436,2.0134129837138237e-05,2.852166890761252e-05,1
0.9412102978009745,0.02432012873850478,8.090776432444297e-06,6.763347316387117e-08,3.209146238537565e-06,3.96336932685575e-06,0.034454242535050014,0
0.9283570421728724,0.03010727959500434,4.296803711695153e-05,3.0224383234546886e-07,2.1293118945939813e-05,2.8002857039347616e-05,0.04144311197518838,0
0.9441914817817088,0.04227360869627218,2.270916453006093e-05,9.797929373239728e-08,1.8438379274386327e-05,1.6027862487900775e-05,0.013477636136432903,0
0.8508525056227859,0.14556045312091223,2.0017990363024714e-05,2.0095336475113496e-07,1.5234487516348353e-05,1.5217654150895346e-05,0.0035363701709070173,0
0.724448072286866,0.26625636665323865,3.884689058025736e-05,2.3332706301183916e-07,1.9264675480891694e-05,2.0917394633580906e-05,0.00921629877213779,1
0.5733163474580869,0.4202025419513646,4.548465372731219e-05,2.876167197698788e-07,2.4858681509033036e-05,2.332370600294444e-05,0.0063871559325894365,0
0.8776565858008356,0.11408292836262518,3.265179417557084e-05,2.0986054512530626e-07,1.7518414772209214e-05,1.7018223627738166e-05,0.008193087543418668,0
0.8846113633945767,0.11080051352193356,3.291053543063759e-05,2.1152353431795956e-07,1.76572352180496e-05,1.715308042968818e-05,0.004520190708877239,0
0.8278932188269941,0.17196964342804943,1.583277247787162e-05,1.4284328603660501e-07,1.012186390162044e-05,1.1799681824126787e-05,9.924058346684701e-05,0
0.761903227378757,0.23802633882430624,1.691538124880816e-05,1.6590875474626788e-07,1.3885208803506525e-05,1.2487875867294358e-05,2.6979422262064447e-05,0
0.6786906394956838,0.321249994561961,1.615295490174118e-05,1.5843075564195908e-07,1.4093498433684512e-05,1.1925010304876246e-05,1.703604795935824e-05,0
0.6567000226395413,0.3432523208210875,1.452304448465448e-05,1.0848449810104993e-07,1.2473368587696374e-05,1.0635100631609105e-05,9.916541169117019e-06,0
0.574592538254823,0.42431344451041164,2.5561228593832317e-05,1.594402012862762e-07,0.0010357645120272476,1.2749382076979794e-05,1.97826718659868e-05,0
0.42390149568064417,0.5735139637982419,3.208358200142839e-05,2.0012390067693347e-07,0.0025233484052974353,1.60025893838695e-05,1.290582053052985e-05,0
0.3905028677159407,0.6041365889990759,3.2496846379227184e-05,2.027016701819793e-07,0.005298430947414753,1.63407308207497e-05,1.3072058698428147e-05,0
0.7884881747195972,0.20590832171459683,0.0017502127127772846,2.845182372930244e-07,0.0027656877249512156,0.0010782812585083145,9.03735133193541e-06,0
0.7344682040866622,0.2585277800246234,0.002873317874971659,3.216626280096702e-07,0.0030577670434848506,0.0010599787626888342,1.263054494091198e-05,0
0.1738560851302869,0.8185255858584103,2.382114212806132e-05,2.2090932432724246e-07,0.007572199298621315,1.341333942169207e-05,8.674321807436871e-06,0
0.8820973696954293,0.11698907892111617,1.6440596870497056e-05,1.555819052201057e-07,0.0008813198568469506,9.665345341265888e-06,5.97000249085222e-06,0
0.8547634268869441,0.14429260380700626,1.9716056549336867e-05,1.9559760098468237e-07,0.0009108204039288945,8.008717245261514e-06,5.2285307252397454e-06,0
0.4307210409586011,0.5686375624897275,1.7714405913641255e-05,1.7862229139025954e-07,0.000607515748003509,9.338339473123023e-06,6.64943598973539e-06,0
0.7077195935594267,0.2922345868903659,2.596310004036314e-05,1.3754444890698214e-07,7.256447169345571e-06,8.03022157159305e-06,4.4322369772838165e-06,0
0.7930712116994204,0.20501543257571989,2.648006051841588e-05,2.270219579897091e-07,1.6495202617723893e-05,1.3782801675333237e-05,0.0018563706380901037,0
0.9687564801463907,0.029326195540066435,7.722739257006948e-06,7.801376866811929e-08,4.000719363367843e-06,5.419316540975699e-06,0.0019001035246128358,0
0.9597282205410401,0.037090172935891154,8.945028753037538e-06,9.909881362694305e-08,5.4787477806265594e-06,6.623371544438682e-06,0.003160460276176922,0
0.9636143084001504,0.03301656091285759,8.949625762339099e-06,9.914974226905204e-08,4.693208320661191e-06,6.1307980392127e-06,0.00334925790512763,0
0.968813857890313,0.02858168974861353,9.387588892754087e-06,9.899122519804287e-08,4.6857049866171405e-06,6.120996338009216e-06,0.0025841590796306917,0
0.9762236563913521,0.02099968530234759,8.027555161254729e-06,8.464979984060053e-08,2.996063838965695e-06,5.234212565820166e-06,0.002760315824934204,0
0.9621494256138057,0.03562016509297278,1.0740094604134514e-05,1.2938171116023746e-07,6.54936743101113e-06,8.163413770241675e-06,0.002204827035704927,0
0.955243464836074,0.04242938834893175,1.0432887054331759e-05,1.2568090218789162e-07,6.356615112204766e-06,7.92990909129624e-06,0.002302301722834301,0
0.8212268921367069,0.1787207372202205,2.120134495927744e-05,1.5321929420958366e-07,5.235070815628567e-06,1.1316808467480775e-05,1.4464199536003442e-05,0
0.8406194358636627,0.15928852471186383,2.067226909602852e-05,1.5400392834871066e-07,5.348175557604717e-06,1.3858378380920494e-05,5.200659751058106e-05,0
0.8358881004883892,0.16401777216507715,2.077282330383841e-05,1.5475303542267437e-07,5.374190193633545e-06,1.3230552121755767e-05,5.459502787877494e-05,0
0.8357996545574978,0.16410321659381893,2.1377240063367336e-05,1.5925580939948634e-07,5.30163693309174e-06,1.3240728724822024e-05,5.7049987152622e-05,0
0.9257492504784586,0.07413044733188207,1.5097288657938694e-05,8.192087204968382e-08,2.9192059271002992e-06,7.0076037218575225e-06,9.519617048019473e-05,0
0.5989386553985879,0.39915909101088115,1.9032282959352706e-05,1.8428059860602844e-07,1.3919942201489253e-05,1.9095412569430895e-05,0.001850021672202059,0
0.7289512118245897,0.2687995000165778,1.551004046536363e-05,2.0528749917745302e-07,1.7224507961820785e-05,2.226029334554071e-05,0.002194088029560697,0
0.7879114852780188,0.2087355565233194,1.9602804805888653e-05,2.5243718750567424e-07,2.197682887769355e-05,2.790038917586314e-05,0.0032832257386148675,0
0.7772315520795575,0.21967420444051278,2.5395079990690683e-05,2.7230344676481514e-07,2.3706357654701577e-05,3.091878711835254e-05,0.0030139509517192794,0
0.8031791320030428,0.1926433219574151,2.57416354606843e-05,2.4601879057325917e-07,2.6648311400293538e-05,2.6495688008518697e-05,0.004098414385881921,0
0.03313835872407504,0.0003332678011815685,2.7173307533116614e-06,2.0481184317919357e-08,1.7905747890456684e-06,1.8464216068616687e-06,0.96652199866641,6
0.029403671860758734,0.00028502877751710685,2.351716907479837e-06,1.772546363263325e-08,1.908317112120354e-06,1.719704821168631e-06,0.9703053018974198,6
0.05663397575055494,0.0010758743885901847,4.795670397815121e-06,2.861607042300337e-08,2.9539070409620985e-06,2.8418671535755335e-06,0.942279529800192,6
0.025044773320649385,0.00036583596946276973,2.2689899404792336e-06,9.705817736431513e-09,1.4463978115581568e-06,8.244875536210164e-07,0.9745848411287644,6
0.4066410147180056,0.5564911457030727,6.208563441069596e-05,6.255987707522219e-07,5.011116519701834e-05,4.6194013033509844e-05,0.03670882316750978,1
0.09755926856069363,0.9015925442913744,2.344184519739991e-05,1.989761281911366e-07,2.210979883974574e-05,1.352351589499664e-05,0.0007889130118717719,1
0.48111769421512535,0.5182043835033529,2.6553363447781776e-05,2.689074768985644e-07,1.533592781415838e-05,1.6083378130281557e-05,0.00061968070465279,1
0.9626443841649844,0.03524358447346671,2.2351997714106092e-05,2.0947577138829873e-07,8.908138070228844e-06,1.8288276923780265e-05,0.0020622734730694437,0
0.9785869037784961,0.007150296746968303,2.1902487613847816e-05,1.2831010247591768e-07,1.2989408281952177e-05,1.3705812111651309e-05,0.014214073456425697,0
0.9792146792244751,0.010552631322752627,2.5898397352052322e-05,1.3471023077315342e-07,1.473787186983286e-05,1.3171218153854202e-05,0.01017874725516596,0
0.9790119386079061,0.011306346598340618,2.774817463512699e-05,1.576671101327219e-07,1.5790515406616098e-05,1.4111964401594102e-05,0.009623906472199743,0
0.9764837735528733,0.011794801295731341,3.100728287141274e-05,1.6556913193021676e-07,1.6941102258066878e-05,1.3997840478105336e-05,0.011659313356655774,0
0.9742763644899632,0.014653519040326524,3.836050070779716e-05,1.7669080620979533e-07,1.736554907105908e-05,1.6225990132421112e-05,0.010997987738992708,0
0.8729382626502376,0.11849606263945003,3.4399086993605076e-05,2.580427176159852e-07,2.3863323381135877e-05,2.979041041143796e-05,0.008477363846808538,0
0.7989321516163844,0.19699691202122813,2.893541800627493e-05,2.3538169065262565e-07,2.107024470090372e-05,3.347625170212595e-05,0.003987219066287145,0
0.7875472323941141,0.20983554073571403,2.9590712942447997e-05,2.683892660424762e-07,2.2403234115398575e-05,3.0124654331111095e-05,0.002534839879516914,0
0.7825538285900256,0.2144532269877601,3.1980340416370686e-05,3.136857882981248e-07,2.4626637930820617e-05,3.0413303821018303e-05,0.0029056104542578053,0
0.6438872940817673,0.35443106230504684,2.4400355848148698e-05,2.393359407476219e-07,1.8681601306574112e-05,2.3204738476480643e-05,0.0016151175816141198,0
0.6340665807380752,0.3644152859202084,2.0283082960947904e-05,1.8424560857369415e-07,1.0932057561658234e-05,2.1321580304283398e-05,0.001465412375280742,0
0.6043493404761563,0.39399297256555443,2.0768340516554483e-05,2.031853307615976e-07,1.3433125064254984e-05,1.7364376949715387e-05,0.0016059179304281064,0
0.55103461716889,0.4485203616085454,2.1599102120421895e-05,2.1131301776342065e-07,1.723045540898185e-05,2.214932967804001e-05,0.00038383102233933986,0
0.5366225340800179,0.4631224233049994,2.8717013374764312e-05,2.7378663034377237e-07,1.6058979009874933e-05,1.4738438080372674e-05,0.0001952543978871941,0
0.611072111093094,0.3886631711174757,2.5580914904812703e-05,1.8489441874952672e-07,1.4378041870281058e-05,1.2046174981390108e-05,0.00021252776325517066,0
0.5834975962111856,0.4161509204639838,2.9378190993928425e-05,2.5419964021625535e-07,1.707992012403003e-05,1.4315287576874427e-05,0.00029045572649566794,0
0.07101335382178893,0.9288363739233058,1.731332689575599e-05,1.5334996902244214e-07,1.2376635429797987e-05,1.0227401078885712e-05,0.0001102015415318019,1
0.07892479004554771,0.9209203150187966,1.885064481645518e-05,1.6696651175488803e-07,1.1107322120080362e-05,1.1135531968772817e-05,0.00011363447023881454,1
0.07547510991861574,0.9243752882724922,1.8602495937891322e-05,1.6244336681202042e-07,1.700247277172473e-05,1.0839548295085462e-05,0.0001029948485204818,1
0.02335338810955813,0.9764964251355135,9.44957725691176e-06,7.241232774084946e-08,8.080705659570975e-06,5.356240112133407e-06,0.00012722781957207467,1
0.01968046354192938,0.9801870583206199,7.958492487049801e-06,6.098611087324738e-08,6.805620350340817e-06,4.511058593660269e-06,0.00011314197990875166,1
0.022870924998883595,0.976986366701984,6.298829556623521e-06,8.823407050262053e-46,3.1560153249842286e-06,3.473631525020618e-06,0.00012977982272560222,1
0.04692245315470337,0.9528740787919326,8.74994477257856e-06,8.745323189053889e-08,6.846631218414021e-06,4.385340437171317e-06,0.00018339868370403887,1
0.06700864786244702,0.9323560081451133,1.1802638554385749e-05,8.579883845626614e-08,1.0645251794839125e-05,6.340610357707418e-06,0.0006064696928943667,1
0.09828276527015165,0.8999149751500616,1.8216145134913104e-05,1.305528566220353e-07,1.9726697378195e-05,1.0067350413038218e-05,0.0017541188340037973,1
0.14493485621878263,0.8529937318979451,2.1843584999420343e-05,2.237313264921514e-07,2.478032433538378e-05,1.4099121096957465e-05,0.002010465121513866,1
0.15208280941043884,0.845668590044403,2.0745517603258525e-05,2.1248445125955634e-07,2.1593882700205757e-05,1.3390364489856704e-05,0.0021926582959136145,1
0.2375558311916622,0.7572322186153986,2.9599981331486357e-05,2.627227998344568e-07,2.134210296559268e-05,2.0888558761263492e-05,0.005139856827081137,1
0.2829143625265961,0.7128774254676904,2.888796005501536e-05,3.1534215992449047e-07,1.457545316579794e-05,2.038608890811486e-05,0.004144047161424681,1
0.215271785451476,0.7805130628756343,2.5125158751557223e-05,2.0031878024981228e-07,1.8740506956242045e-05,1.4154748885373385e-05,0.004156930939516328,1
0.14848254850269782,0.8494488354111784,1.5849974901003886e-05,1.5000457488570653e-07,1.635890941903229e-05,1.3295839592563827e-05,0.0020229613576361843,1
0.16077736573967322,0.838421825748328,1.1750776446014279e-05,1.0255203050425639e-07,9.641226254258436e-06,7.288273579161453e-06,0.0007720256836885646,1
0.18115723338551012,0.8180869084030113,1.2101918892323405e-05,1.0561654041393532e-07,1.380612433767764e-05,7.23889038663215e-06,0.0007226056613215953,1
0.2970222780016763,0.7022766778081263,1.9453352562201017e-05,1.6977438167888608e-07,1.0682532753115158e-05,1.1448475848989636e-05,0.0006592900546515017,1
0.5277157005637333,0.4718209124594146,2.3588688041452746e-05,9.931836571771434e-08,2.7404809025275138e-05,1.5118072071867756e-05,0.0003971760893477798,0
0.652865205353515,0.3470014534036988,2.519141852192678e-05,1.0384985115854144e-07,1.9313891986483268e-05,1.7380855847085526e-05,7.135122657939464e-05,0
0.5269307460688867,0.47247634163338714,2.2635864557374062e-05,2.1905745878140753e-07,0.0005461764791614852,1.851387656994303e-05,5.367019978681844e-06,1
0.43362416706709384,0.5656925654506829,3.3259162779318834e-05,2.6670111055111863e-07,0.0006196567667752958,2.2540531006238554e-05,7.544320551949548e-06,1
0.5403079706334583,0.45872644911256594,2.3650574488618093e-05,2.2887726391300177e-07,0.0009154044347190267,1.6635382979023958e-05,9.660984525129532e-06,1
0.5082329162426831,0.4907607467437263,2.223596094678113e-05,2.8408042391631716e-07,0.0009545964613266422,2.2009453672398397e-05,7.211057221078305e-06,1
0.4980715273651706,0.5008183281069364,2.7916059197204432e-05,2.537391283758123e-07,0.0010543129557626077,2.1445035151267963e-05,6.21673865360245e-06,1
0.5814643729284046,0.41757040352772334,3.384489985927724e-05,3.045373904822331e-07,0.0009032263292816352,1.9233161191980076e-05,8.614616148783634e-06,1
0.9226317440630551,0.03583638181363552,1.1484670030953074e-05,8.9284990809875e-08,4.576925580994034e-06,5.185852052227526e-06,0.041510537390654405,0
0.9237573727956854,0.06222241167098795,4.2017460136408144e-05,2.6828637281076257e-07,1.754850168201965e-05,2.3686083915533593e-05,0.01393669520121988,0
0.9216805585029516,0.031553625828224074,5.6455897007858366e-05,3.302134309520008e-07,2.2612959507096494e-05,3.0594237201346786e-05,0.046655822361677216,0
0.24699999375680065,0.010083169230594399,1.8034414223985354e-05,1.4110392945830814e-07,1.2812896017545815e-05,1.0829842689358456e-05,0.7428750187557446,0
0.8806500118059872,0.11614766723129799,1.834037915318998e-05,1.8411243260725648e-07,1.3593775021615261e-05,1.3942335963207266e-05,0.0031562603601440996,0
0.8154944569068011,0.1747873351907424,2.3270333579217708e-05,2.3360246192657967e-07,1.566592052882619e-05,1.966227961785437e-05,0.009659375766268812,1
0.7799387085171917,0.21543745888355573,2.785683520629995e-05,2.7964469282410054e-07,2.1543302758248824e-05,2.378234898009521e-05,0.004550370467615081,1
0.7718611359195187,0.22411542969452553,2.872222016137164e-05,2.641249437754296e-07,1.91791728085193e-05,2.268503057050125e-05,0.003952583837471487,1
0.7758038466377812,0.22047328210511763,3.527895792183484e-05,2.626615706675744e-07,2.0908519703017817e-05,2.3852678198777443e-05,0.0036425684397069303,1
0.5736077322858659,0.42093172726080225,4.041890975451675e-05,2.4613671044260826e-07,2.254504985269618e-05,3.058339446233275e-05,0.005366746962551714,0
0.6140116912679158,0.38103787547710355,3.348262859922479e-05,2.1691047064938285e-07,1.866179680982407e-05,1.9916668214632332e-05,0.004878155250886504,0
0.5866631648251202,0.40650938359971733,4.0449093814095305e-05,2.406484982079682e-07,2.0004681781872722e-05,1.964759834836716e-05,0.006747109552720135,0
0.5420762205460751,0.4545501342687297,4.248880083232618e-05,2.5278356439702745e-07,2.1848055714881766e-05,2.0806450395893026e-05,0.003288249094687707,0
0.8773359351280776,0.11404124831564383,3.3191606542763844e-05,2.097838728527244e-07,1.7512014442543557e-05,1.7012006042245543e-05,0.008554891145378234,0
0.8758247873597331,0.11987359354729711,3.3867106189888256e-05,2.1405329355406442e-07,1.6842271886552476e-05,1.735822622485736e-05,0.004233337435375154,0
0.859947322234376,0.13619043181897222,3.2757499218789115e-05,2.0358032572209738e-07,1.56048301757989e-05,1.650894172259848e-05,0.003797171095208818,0
0.6186568936300924,0.3812840346356573,2.457091539012825e-05,1.2798651552053031e-07,1.3178940256182626e-05,1.2636384166128797e-05,8.557507922334633e-06,0
0.7603167324905569,0.23962426367762188,2.0192684301739818e-05,1.1331311259811258e-07,8.044404180790719e-06,9.5983133571185e-06,2.1055116868880947e-05,0
0.7960590581615637,0.2038865116098036,1.8479302956550723e-05,1.0359284256683434e-07,8.726647807961512e-06,8.48823448270469e-06,1.863245054280936e-05,0
0.34626216372884916,0.6505931153269369,2.7553407967981217e-05,2.120993158088054e-07,0.003072699969342544,1.7939073517576255e-05,2.631639406997578e-05,0
0.6924823296690318,0.3010856211309205,0.0011871465690402997,3.695805979017214e-07,0.004331060445805947,0.0008997145091849719,1.3758095418373077e-05,0
0.17255950908073522,0.8197762822246344,2.9928142970331597e-05,2.340205827274547e-07,0.007611489724282895,1.459786374825676e-05,7.95894304623122e-06,0
0.8633245232320753,0.13567312433303874,1.6312477401465662e-05,1.6968924222969814e-07,0.0009710239111679611,9.003408516568118e-06,5.8429485578093115e-06,0
0.661212497698618,0.3387359265722457,2.0436023969170397e-05,1.5414388677905984e-07,9.012511657992784e-06,8.508919545790577e-06,1.3464130076452632e-05,0
0.6582951161575054,0.341658551663664,2.5640435925259457e-05,1.2695716015689296e-07,6.469015864573844e-06,6.815080645987419e-06,7.280689234563867e-06,0
0.6255533054503045,0.37429007708784573,4.0240293644080827e-05,2.0539050053648423e-07,1.9081915603453938e-05,1.125076751153586e-05,8.58390945902672e-05,0
0.7017658906170982,0.29704662554499656,2.415156522664107e-05,1.4734080811951607e-07,1.2640564660809115e-05,1.0940561001775791e-05,0.001139603806207889,0
0.8568602007466652,0.13866239553675205,1.5882833511313167e-05,1.7066535548953016e-07,8.38026068218616e-06,9.446810866409629e-06,0.004443523146167469,0
0.9716656835070456,0.02695566479007947,7.623509487769524e-06,9.089523322126943e-08,3.895389010952278e-06,5.460120696766627e-06,0.0013615817884464788,0
0.9740570873457096,0.02405956125767177,7.67891192022446e-06,7.757103253534261e-08,3.978014870949371e-06,5.498526616994388e-06,0.0018661183721778915,0
0.9647203322779521,0.0322141891828669,1.0295450746296086e-05,1.1857905019055608e-07,4.715973904984886e-06,6.1032798159547686e-06,0.0030442452556637164,0
0.965710604627456,0.031714586680141856,9.650190524488351e-06,1.103886769790371e-07,6.4099876460388245e-06,7.99649159374532e-06,0.0025506416339608822,0
0.9801685545095703,0.017785385699228454,6.271976346909251e-06,9.304069224816845e-09,4.166061882189375e-06,5.197182999336526e-06,0.002030415265903417,0
0.9806762636639533,0.01701700014884984,7.015048467186671e-06,1.0406368414688566e-08,4.659635879408117e-06,5.8129190253006295e-06,0.0022892381774567904,0
0.8320383660969091,0.1678987855834218,2.1209223639995808e-05,1.5314102703153255e-07,5.329665334188634e-06,1.1634323422710995e-05,2.4521966245431107e-05,0
0.8450075390249857,0.15492305807896264,1.721590934763966e-05,1.406567066902739e-07,4.895181834675392e-06,1.1041843543975512e-05,3.6109304618629376e-05,0
0.8426414907715128,0.15718442061288254,2.0686775967494356e-05,1.4149534436573764e-07,5.439807258511511e-06,1.3585806258382338e-05,0.00013423473077580592,0
0.7614807077740295,0.23338365340948936,2.7060663669410327e-05,2.3439686268976853e-07,1.632653206652341e-05,2.580185107079134e-05,0.005066215372811884,0
0.7670370092669122,0.22707255682660832,2.6801383004604326e-05,2.3215099854064402e-07,1.5984073975482967e-05,2.5554631668466685e-05,0.005821861666832456,0
0.7665327615803934,0.22688656809253932,2.5788411528923177e-05,2.276808437952898e-07,1.9862151144060135e-05,2.6925565014097657e-05,0.006507866518536416,0
0.7795488007681834,0.21512960282171242,2.5588682470574787e-05,2.951396213474132e-07,2.2357090701668706e-05,2.9566717264876983e-05,0.005243788780045929,0
0.08696371552992274,0.0009434945323538696,9.865062985300955e-06,4.219873799016437e-08,4.038907797962724e-06,3.5351101937065986e-06,0.9120753086580083,6
0.29674090042571866,0.7025629936358723,2.665732545876311e-05,2.725416000516843e-07,2.1437550808968733e-05,1.5170027847670808e-05,0.0006325684926935382,1
0.3451740446338676,0.6540361075209216,3.319253481366837e-05,3.0726893004472986e-07,3.1582439105361017e-05,2.4068906096368452e-05,0.0007006966962655313,1
0.14142415301806088,0.8569504945597449,2.9726435334872497e-05,2.8335534828720635e-07,2.4450323922775184e-05,2.1316034366444292e-05,0.001549576273221914,1
0.5104828852536344,0.4887619910935096,3.060988752650922e-05,2.8532034120548144e-07,1.6271961669138928e-05,1.5973186210389e-05,0.000691983297108684,1
0.9296528480593942,0.07019726658663356,1.4306002659788043e-05,1.5091728657539232e-07,6.077116536267398e-06,1.2059191480143826e-05,0.00011729212600960076,0
0.9601878564072346,0.03775805794890701,2.3749172185676296e-05,2.2256964353072045e-07,9.820647069808624e-06,2.0032355230591383e-05,0.0020002608997286534,0
0.9889529663529956,0.008916846840552235,2.5945654862967862e-05,1.3235247160717427e-07,1.1159366374859165e-05,1.768571003124447e-05,0.0020752637227115503,0
0.9793271957012055,0.007359306322497171,2.198804999789166e-05,1.1606480091098751e-07,1.1611348759747405e-05,1.222797359436911e-05,0.0132675545391443,0
0.9814596512205087,0.005724163753137551,1.7426157501536114e-05,9.797634699798661e-08,1.0398432336016618e-05,1.0257689921843653e-05,0.012778004770247198,0
0.9855608278713396,0.004829178511353762,1.4728133306734824e-05,8.280705022699663e-08,7.559508098653761e-06,9.341206623919742e-06,0.009578281962227318,0
0.9863802193399062,0.005725122454590265,1.7429076090736626e-05,9.799275639335858e-08,8.585375788459542e-06,1.1054259058963139e-05,0.007857491501809212,0
0.9836899500476138,0.007477548738300468,2.1995830430582e-05,1.1982408094092674e-07,1.0498069461942117e-05,1.3981926888366046e-05,0.008785905563223924,0
0.9850246436216117,0.007220663761942575,2.0267705939548918e-05,1.151625527274564e-07,1.0776486294661911e-05,1.1210585845235912e-05,0.007712322675813852,0
0.9780800905488718,0.011746588204397234,2.977389494272487e-05,1.6917739760337248e-07,1.4652195106208189e-05,1.6468701795753474e-05,0.010112257277488606,0
0.9778087525709057,0.011500998698239102,2.8225892208535722e-05,1.6038153550481903e-07,1.3206083049487643e-05,1.4354918523031181e-05,0.010634301455538411,0
0.9764963007499441,0.014058953780260168,3.1969757209017004e-05,1.531046008693035e-07,1.667600862898433e-05,1.4432927147334877e-05,0.009381513672209496,0
0.7728870828207862,0.22485666031293922,3.1585293061001156e-05,3.098108845456699e-07,2.4322429530923987e-05,3.0037613785011278e-05,0.002170001719013173,0
0.6379537184648381,0.3605490717209565,2.728460877740324e-05,2.594318700677458e-07,2.0768898830967187e-05,2.5729015891553885e-05,0.0014231678588354267,0
0.6360866315787044,0.36251429169578414,1.996148624175787e-05,1.9529153912377843e-07,1.29112454093383e-05,1.7762531578216324e-05,0.0013482461707430722,0
0.5875210618812989,0.4123050584689894,2.5411432040528497e-05,2.3423273715759572e-07,1.5541145505028855e-05,1.0972797098333257e-05,0.00012172004233043575,0
0.11325816598269334,0.8865607423648261,1.7387624742542656e-05,1.8027645395505937e-07,2.1948876076882203e-05,1.2023214686191672e-05,0.00012955166052121622,1
0.08166433863748364,0.9181827019909928,1.9053644415372323e-05,1.663829498582317e-07,1.7144230986069387e-05,1.1102429455024258e-05,0.0001054926837170887,1
0.059583061080071956,0.9403139759989038,1.2106017418357235e-05,1.0722707468460614e-07,5.484608222448997e-06,6.249324294630832e-06,7.901574401424824e-05,1
0.0540123471360588,0.9458126571877858,9.756122881054894e-06,9.069106717908722e-08,7.1001182958773745e-06,5.241181749795812e-06,0.0001528075621613664,1
0.11454706573953877,0.8830709895241982,2.2305373255746048e-05,1.7248627153072025e-07,2.526481816516065e-05,1.2659796582623775e-05,0.002321542261987979,1
0.18555158501742733,0.8106731443445966,2.3370999018164843e-05,2.366834179062932e-07,2.585364167787335e-05,1.6221975318578998e-05,0.003709587338543494,1
0.14935311649106117,0.8475772333330902,1.938403679551288e-05,1.5969949823222495e-07,2.170797782460225e-05,1.6225309235532497e-05,0.003012173152494662,1
0.2258318092143245,0.7707503223287974,2.8756478376884286e-05,2.9937331795313555e-07,2.8820194618949136e-05,2.4744078955055542e-05,0.0033352483316092087,1
0.23645036567043304,0.7596593276654687,2.896480735309913e-05,2.3093167038333634e-07,2.3067142188358507e-05,1.779855298013377e-05,0.0038202452299062706,1
0.2652193119162333,0.7300872329221568,2.4743770582184125e-05,1.9727803477051082e-07,1.284371354361026e-05,1.5227856882161135e-05,0.004640442542566992,1
0.24072902221239786,0.7572893212376575,2.5730565016095674e-05,1.7225858450117995e-07,1.1220710553776105e-05,1.1188870230107754e-05,0.0019333441455601495,1
0.11703537459161659,0.8811679172693827,1.7013582530149055e-05,1.5964553368254317e-07,1.2624200616683594e-05,1.2588793291823036e-05,0.0017543219170283071,1
0.1848578390861196,0.8145668157895913,1.141644010059249e-05,9.963419173403566e-08,9.366911415061005e-06,7.080905601046481e-06,0.0005473812329803976,1
0.3403077756184561,0.6585243072475896,2.7508866561801762e-05,1.891232930832402e-08,2.4497093892016567e-05,1.3451253212762917e-05,0.0011024410079585345,1
0.36141537813300145,0.637612523964357,2.8477116901111013e-05,1.957800083749344e-08,5.0635974612079096e-05,1.392470712472734e-05,0.0008790405260026254,1
0.5664173611377171,0.43350354206000563,2.405768211093966e-05,9.917610253928245e-08,1.8444672868715476e-05,1.6598632761441994e-05,1.9896638433446843e-05,0
0.4488482121417706,0.5509186152031303,3.3098604489759505e-05,2.654136134960128e-07,0.00016986901977005556,2.243171680883576e-05,7.507900416790238e-06,1
0.45541508591257757,0.5439366646266622,2.538573127023882e-05,2.4566915777708387e-07,0.0005958360471805573,2.0762992912582922e-05,6.019020239120292e-06,1
0.47015745825445954,0.528552163657818,3.085385535822667e-05,2.6779044971183223e-07,0.001230062841012427,2.2632597676218426e-05,6.5610032258147615e-06,1
0.43976952617426246,0.5589879073927086,3.5434908950753945e-05,2.84148149854222e-07,0.0011790967064426816,1.971281496643782e-05,8.037854519292536e-06,1
0.5481408881370049,0.4509858282360549,3.5701284046243235e-05,3.113224174896368e-07,0.0007901765498933414,2.0363652260313965e-05,2.673081832280003e-05,1
0.05490199534880926,0.0005901213165674525,7.772713164510763e-06,3.570755847529483e-08,3.002315709589529e-06,2.893890347594369e-06,0.944494178707843,6
0.05233935940642452,0.0008051999801192038,4.827308606540995e-06,3.5150183056985434e-08,2.7713371700920826e-06,2.833620853338878e-06,0.9468449731966433,6
0.9210318328214303,0.03170760417751923,1.2148651765255103e-05,9.444696785277676e-08,4.841538754628901e-06,5.485670073136397e-06,0.047237992693489696,0
0.9508502580210779,0.034145701738345774,4.364920926322478e-05,2.787052808825389e-07,1.8264523371468854e-05,2.5305597431977735e-05,0.014916542205228764,0
0.7942500831173315,0.1969263369405096,2.4136601117129987e-05,2.422986084108789e-07,2.4196655683331282e-05,2.0560336524012137e-05,0.008754444050226207,1
0.7850563939418757,0.2060228194884556,2.6727812344162735e-05,2.6831084067845754e-07,2.1518890127415566e-05,2.4531139126405454e-05,0.008847740417229947,1
0.5717102599755879,0.42053323214837623,4.6770753277087165e-05,2.7825868208360886e-07,2.638903353538502e-05,2.802889719902684e-05,0.0076550409333422265,0
0.5604395327307354,0.4333300831809382,4.5214658092384783e-05,2.8115678324550465e-07,2.6663878827461936e-05,2.7902307477920778e-05,0.006130322087145352,0
0.5815703876978867,0.41337790705150734,4.552036209325385e-05,2.8305773212217225e-07,2.6844157851569295e-05,2.80909597289685e-05,0.004950966713200045,0
0.6260765452510066,0.37063187839683087,3.699672614918024e-05,2.396758443777265e-07,2.0620405712133715e-05,1.7982592925708225e-05,0.0032157369515309554,0
0.634487744560767,0.3606406579318056,3.4620484289764836e-05,2.2428183973513722e-07,1.929598930259186e-05,1.682759910602286e-05,0.004800629152889374,0
0.868283260853572,0.1232266937640034,3.4103189643659204e-05,2.0289407247457958e-07,1.7536112405953556e-05,1.51823289996321e-05,0.008423020857302859,0
0.8773353915462877,0.11404117765770837,3.319158597783293e-05,2.0978374287435634e-07,1.8131585862111787e-05,1.701199550190823e-05,0.00855488584491936,0
0.8811132041180737,0.11370658023438987,3.3437200929817494e-05,2.1831655565343373e-07,1.8224292571494707e-05,1.6094962805741948e-05,0.005112240874673735,0
0.8297830956734359,0.16847021585427346,3.320008676164318e-05,2.0983747113688255e-07,1.6653527508863557e-05,1.7016352488526436e-05,0.0016796086680604073,0
0.8626267017963236,0.13567288847474843,3.232044604766871e-05,2.04277799433172e-07,1.6212290082791087e-05,1.6565501966366305e-05,0.001635107213031763,0
0.9036510944222577,0.09572359229164061,3.197710348160052e-05,2.085106400198204e-07,1.6548224969770353e-05,1.6906297608120887e-05,0.0005596731494022668,0
0.7174873090170254,0.2824656894974502,1.9368225205708453e-05,1.3144048564573422e-07,1.0509310059283635e-05,1.029718338877057e-05,6.695326384971536e-06,0
0.8388255511817985,0.16113668120722005,1.3965719217465461e-05,8.546550570030671e-08,5.9421033510497626e-06,6.965795467524953e-06,1.0808527439807362e-05,0
0.6070028438033459,0.3921105091029515,2.5422803351561904e-05,1.5557900820771444e-07,0.0008286095558909821,1.2783615413902999e-05,1.9675540037962456e-05,0
0.37963421616640003,0.6130430247111952,0.00011688519449673192,2.2358717060454466e-07,0.0070679872930036625,0.00011187265494372964,2.5790392789939546e-05,0
0.42709805445907983,0.5637133414296508,0.0002736463026835515,2.661088776462182e-07,0.008484034202491934,0.0003999622991830995,3.0695198033184615e-05,0
0.6011117499158268,0.3923696546589142,0.00044644798289894414,3.033317764684726e-07,0.005149100130452981,0.000908368179143104,1.4375800987381449e-05,0
0.7820029025571575,0.2129755549327268,0.0014624480403483424,2.821780903343474e-07,0.0027429400945013288,0.0008047920692995973,1.10801278760974e-05,0
0.7406211442285465,0.2524177764090462,0.002893492921801898,3.3443634475348864e-07,0.002920726514428088,0.0011333933665629286,1.3132123269714381e-05,0
0.6833961623337047,0.3121137735693639,0.0007905970255752281,3.709593700097774e-07,0.0030624724442863223,0.000622814245782396,1.3809421917465618e-05,0
0.6741529885650711,0.3237552725495718,4.217838890261691e-05,3.911483061390507e-07,0.002008846465972062,2.496388231427707e-05,1.5358999862123717e-05,0
0.16450776713003318,0.8309280431855481,3.3251675492641705e-05,2.1665373210894795e-07,0.00450983850668765,1.3514544853351931e-05,7.368303653088282e-06,0
0.9117597213135882,0.0878084612732706,1.2527709480581798e-05,1.3094118155297845e-07,0.0004088338236471593,6.211930323638906e-06,4.113008508413706e-06,0
0.8772959103179646,0.12226552745928776,2.0880157063328702e-05,1.9347448407064221e-07,0.0003946890936126571,1.1154855416442494e-05,1.1644642171101013e-05,0
0.5055146888267171,0.4944332669441321,1.6140758865564586e-05,1.596777720550151e-07,9.64205975293726e-06,8.789448694441897e-06,1.7312284065655594e-05,0
0.5780850819886999,0.42186081002156656,2.0354520184958773e-05,1.5673500698430835e-07,7.9760409797271e-06,8.627464454081495e-06,1.6993229107743158e-05,0
0.6433614328313016,0.35659272891591476,1.955320849713864e-05,1.4748502748368243e-07,8.261418023105158e-06,7.91701984460618e-06,9.95912139117485e-06,0
0.5482605467211652,0.4508876163231735,4.435973845926879e-05,2.1812024326387994e-07,2.039438635589542e-05,1.1948070334857784e-05,0.0007749166402680285,0
0.535038975689354,0.46433506896664994,4.068150907225154e-05,2.0089520699665119e-07,2.112110632811632e-05,1.1004526802346944e-05,0.0005529473065863051,0
0.7306603674835397,0.2678887482835871,2.4796869087587843e-05,2.0915643488829813e-07,1.4860225013033635e-05,1.2698162269025266e-05,0.001398319820068805,0
0.7528662230245251,0.24602762981353385,1.9451992751814268e-05,1.6407351432439488e-07,1.08130102076831e-05,9.961118863271326e-06,0.001065756966603878,0
0.6401681800888277,0.3529720177032956,3.0882697464389154e-05,2.5618233739249417e-07,2.006711759924843e-05,1.5201393544787897e-05,0.006793394816930882,0
0.9107882887268033,0.08616284317446722,1.493459883836299e-05,1.469686974559466e-07,7.73711803116358e-06,1.0694392950723616e-05,0.0030153550202118486,0
0.9244592264533145,0.07332420939780676,1.5979954985784036e-05,1.8792586922470795e-07,9.0117543464286e-06,1.0786777691669834e-05,0.0021805977359857266,0
0.9700188754525992,0.028003919354629588,8.513500433786634e-06,8.600190052962772e-08,4.410368510705252e-06,6.281290333084687e-06,0.0019579140315930392,0
0.977271319025605,0.019155360414140312,6.852625925637477e-06,6.922403514359114e-08,2.2981309787156717e-06,4.50038729408943e-06,0.003559600192021319,0
0.9817664715506432,0.01450370730171706,6.552003442938731e-06,6.299845892029504e-08,2.091451469937613e-06,4.095650643364137e-06,0.003717019043624564,0
0.9659892888898438,0.03082415607628825,1.0225108414232413e-05,1.231778743292495e-07,6.230018434145219e-06,7.771979103314933e-06,0.003162204750041608,0
0.9694912773613797,0.02756609596044309,8.38787781526323e-06,9.594906259509488e-08,5.571516234408346e-06,6.950494321216678e-06,0.002921620840743607,0
0.9817344328948189,0.016015733670754727,1.2269723374533514e-05,8.987285072241911e-08,6.0545955863084135e-06,7.5467088238907776e-06,0.0022238725337908063,0
0.8621133252626229,0.13770825506954454,1.969289642029475e-05,1.346973141163626e-07,4.9909045638013165e-06,1.2933087101291853e-05,0.00014066808243305698,0
0.8986716687541578,0.10118233357952015,1.59625483216027e-05,1.0721775284495616e-07,4.075209770623963e-06,9.8784912364443e-06,0.00011597419924078961,0
0.9348699168406871,0.06498662829183438,1.485862362416437e-05,7.12143953180886e-08,3.2437690227886726e-06,7.645661099974598e-06,0.00011763559933622797,0
0.8237800934766493,0.1612392646138834,3.0197901631728973e-05,1.5995103108027883e-07,9.520440212955891e-06,1.778482236541552e-05,0.014922978794226167,0
0.6837278375681374,0.3137884383442457,2.2750834870037097e-05,1.9193097312978928e-07,1.5489976772534285e-05,2.3526069467632786e-05,0.0024217652755337414,0
0.06930168591281538,0.0010714747624176464,7.637165038361266e-06,3.307397030180224e-08,4.788930571852726e-06,3.7020310779431215e-06,0.9296106781241086,6
0.37007766627523614,0.019453428541917294,3.8654406847585616e-05,1.7020483300241096e-07,1.5201047085891734e-05,1.8496807139122805e-05,0.610396382716941,6
0.11278927724976955,0.8863761382705564,2.896662675860014e-05,2.3477909153255897e-07,2.608814701920791e-05,1.3627937227744633e-05,0.0007656669895769978,1
0.1612910604804248,0.8380901067566521,2.311487932240215e-05,2.2061273519169344e-07,1.8042155194775235e-05,1.2279598181613933e-05,0.0005651755174891492,1
0.15454718147128158,0.8446041256694258,2.8772535244180973e-05,2.3394015128406074e-07,2.1122151192897952e-05,1.8200972455251164e-05,0.0007803632602493319,1
0.9453557071093653,0.05292460126528195,2.167451405308179e-05,2.0312661126797212e-07,8.962744101594548e-06,1.8282387342479704e-05,0.0016705688532442466,0
0.978782341884043,0.007956395803456591,2.28688697566341e-05,1.2071424321927347e-07,9.930319867692592e-06,1.4138721482460077e-05,0.013214203687150466,0
0.9835230585385931,0.007394441178486684,2.0741941308427818e-05,1.1661891836265432e-07,1.2070806375676064e-05,1.2286352478526737e-05,0.009037284563839246,0
0.9738106088704233,0.007991323827082186,2.396076445678337e-05,1.3337430166169623e-07,1.555927627355194e-05,1.5563063117004634e-05,0.0181428508243456,0
0.9753274946328674,0.007839418714528245,1.2482115388763582e-05,7.084341159178808e-08,5.061022518824348e-06,1.1279130317417346e-05,0.016804193540968015,0
0.977381692015277,0.008863795113280323,1.3027633712204236e-05,7.393955178234889e-08,6.182279244085782e-06,1.1772073385878727e-05,0.01372345694554885,0
0.9760836100599107,0.008398913167688173,1.2497884103766224e-05,7.093290840642348e-08,5.986713965606055e-06,1.038372680920606e-05,0.015488537514614119,0
0.9330328314396166,0.0582425063053489,5.027435366244455e-05,2.689038421820057e-07,2.6428442809092076e-05,2.715142921572165e-05,0.008620539125504988,0
0.930011154596017,0.06197851842056331,5.096745501191843e-05,2.7261105276389503e-07,2.6964419729270252e-05,2.8623972551824837e-05,0.007903498525073686,0
0.7794015592431287,0.2183656141096358,2.789879348990614e-05,2.736510904670649e-07,2.0987835854804585e-05,2.9705757301830597e-05,0.002153960609498675,0
0.7411529085148657,0.2570799585048065,2.7265942246237107e-05,2.6744363805532796e-07,2.064314194482034e-05,2.8174283884664086e-05,0.0016907821686139564,0
0.7493707562283323,0.24893925801166172,3.204979816109308e-05,3.0474100398728593e-07,2.439613560125275e-05,2.6767248115907322e-05,0.0016064678371237808,0
0.7138252999481968,0.2851371559328822,3.146788542290729e-05,2.992079684537579e-07,3.139212924202454e-05,2.6248828252907685e-05,0.0009481360680346056,0
0.7138202800728982,0.2851351507462267,3.1467664129460914e-05,2.9920586431610674e-07,3.1391908481322774e-05,2.624864366174151e-05,0.0009551617587381179,0
0.7043849101444751,0.29462971653907954,3.105172042467501e-05,3.009399273594269e-07,2.3758193208321475e-05,2.590168565286763e-05,0.000904360777231996,0
0.5864596168947085,0.4128045435922676,2.4002768011331586e-05,2.163576077787745e-07,1.4254692360164907e-05,2.134411653753837e-05,0.0006760215785072191,0
0.5879910025155811,0.41136745978328804,2.3262754832301677e-05,2.096872320511046e-07,1.4820276754908535e-05,2.248606027283767e-05,0.0005807589220387903,0
0.5380643428788532,0.46080142952253594,2.2321391301493386e-05,2.002579499734084e-07,1.8709512909814996e-05,1.7386003382857443e-05,0.0010756104330666995,0
0.6176859732967854,0.38169915734235843,2.2261917990125063e-05,2.2177499858917468e-07,1.5363376185935862e-05,1.8644219995726324e-05,0.0005583780716858123,0
0.6218508625196345,0.3777808913393952,3.0393239208659034e-05,2.2752219180121844e-07,1.736287962646857e-05,1.4107724290766549e-05,0.0003061547756525729,0
0.08289834190217714,0.9169384394780592,1.8401075186295428e-05,1.7583936812700388e-07,2.141987842733517e-05,1.1733438923336383e-05,0.00011148838785849311,1
0.043096012069262224,0.9567637306467359,9.88532349278842e-06,8.75576404536968e-08,4.34524170486093e-06,5.1029657507423724e-06,0.00012083619541285748,1
0.01847139376331524,0.9813534798511901,7.511316822947723e-06,6.286683716111271e-08,6.064044423783385e-06,4.790996765133115e-06,0.00015669716064524187,1
0.0481677643999199,0.951662696352022,9.01549303795697e-06,8.315640125826817e-08,6.561117346057053e-06,5.278900703103631e-06,0.0001486005805695557,1
0.23712157787510443,0.7584761403019513,2.8063662956382637e-05,2.983063697429884e-07,2.9534591126654867e-05,1.9717783386473642e-05,0.004324667479104865,1
0.19040875378278108,0.8061885310528821,2.7391435503558752e-05,2.2823720726972509e-07,3.0331634117992058e-05,1.7050714280868628e-05,0.0033277131432271545,1
0.1863547450208557,0.8109490711420843,2.5811516838710363e-05,2.630169405843396e-07,2.326435516637763e-05,1.586089092017546e-05,0.002630984057194008,1
0.24578495733339623,0.7522306662034328,2.2657992623574147e-05,1.5168861369867036e-07,9.880808167239285e-06,9.852770002575649e-06,0.0019418332037639417,1
0.14151486196420238,0.854366141666962,2.5315953226178493e-05,1.7197255348017024e-07,2.974642665120759e-05,1.1147514352636848e-05,0.004052614502052092,1
0.18831408912761072,0.8110511086800934,1.4601827569951725e-05,1.2743388262479432e-07,1.260124984127287e-05,1.0199478744119592e-05,0.0005972722022579417,1
0.21741921953036963,0.7819916131565582,1.4310133352122429e-05,1.1963334885714225e-07,1.0298050842998232e-05,9.56713894146819e-06,0.0005548723565866858,1
0.4087159523716617,0.590006375506282,1.9249800285458506e-05,1.825576180005814e-08,3.621306800012083e-05,1.2984274467787827e-05,0.0012092067235411896,1
0.5689238138853661,0.4305413001049293,2.5163249191552294e-05,9.565809937629552e-08,2.6158154643959502e-05,1.4560912578234125e-05,0.0004689080351915709,0
0.56892789367222,0.4309024605375243,2.7313294373463703e-05,1.0383149678253561e-07,1.9681545178397805e-05,1.5805053177675298e-05,0.00010674206602945824,0
0.5222981455519426,0.47761947604576804,2.596982058324467e-05,1.0304479856854124e-07,1.9568157750429178e-05,1.6064605705816142e-05,2.0672773451180427e-05,0
0.5664163466708564,0.43350276564493145,2.6985793468798837e-05,9.917592491254233e-08,1.8444660774178116e-05,1.5461451246079863e-05,1.9896602798097862e-05,0
0.6863734407889062,0.31356008266485313,2.019052732393986e-05,1.7740227298725867e-07,1.5479781876724876e-05,1.3930483691840916e-05,1.6698351075242867e-05,0
0.4411959448824186,0.5587144210771403,2.819466777725615e-05,2.487946928413971e-07,2.7640934720439704e-05,2.304793750501824e-05,1.0501705745611858e-05,1
0.5056832096462252,0.49371556193872196,2.419905892990686e-05,2.3418519494365976e-07,0.0005528363666790466,1.822114698324292e-05,5.737657265659842e-06,1
0.5226568094341614,0.47676195981216335,2.4015895763928608e-05,2.261435553335674e-07,0.0005338526268006345,1.759545458045455e-05,5.5406329749152245e-06,1
0.054902018602267434,0.0005899737017642711,7.772716456603506e-06,3.570757359904784e-08,2.7266368630026553e-06,2.893891573286764e-06,0.9444945787435018,6
0.04636970916869132,0.000676097836200806,5.92341349641449e-06,2.984326899838396e-08,2.4559970335526107e-06,2.405805660486217e-06,0.9529433779356484,6
0.9395865902379371,0.027878524184049527,1.2393393888609735e-05,9.634966058801543e-08,4.9390745551446825e-06,5.3165108358158675e-06,0.03251214024907347,0
0.925369277120048,0.022951654528352114,3.0287183759778705e-05,1.248567849693222e-07,2.43843945889851e-05,1.8576120451061265e-05,0.05160569579601505,0
0.945712258829103,0.03571791014363349,3.45783731579098e-05,1.5788052449179167e-07,3.03015280161641e-05,2.5618105933924404e-05,0.018479175139630686,0
0.6525453657873207,0.3362349431419096,4.74550388414942e-05,3.074502664446971e-07,2.9157456403226802e-05,3.0511701583304293e-05,0.011112259423675205,0
0.6595227668060554,0.3337197871690194,5.297588977305895e-05,3.2035177107323786e-07,2.76879683988326e-05,2.5978289899185726e-05,0.006650483525083319,0
0.9008057638443726,0.09088376891889824,3.1944118275362456e-05,1.9863703314008937e-07,1.7168176963701843e-05,1.4863779665231495e-05,0.008246292524792009,0
0.912317200026181,0.0817972973563885,3.559975699411743e-05,2.3243621215088873e-07,1.890219677123435e-05,1.7174971455969828e-05,0.005813593255997224,0
0.9185092466183685,0.07696607501326007,3.631071397086287e-05,2.3707815806934721e-07,1.9279689479191452e-05,1.751797002711297e-05,0.004451332916736178,0
0.8878591330255009,0.10825145980159165,3.738941590879994e-05,2.4412116660829167e-07,2.0378370068399976e-05,1.8038385798395627e-05,0.0038133568799654403,0
0.8179979786177364,0.1806842666136328,3.574998845059872e-05,2.2230294727203003e-07,1.811022863815653e-05,1.8294950613488515e-05,0.0012453772979811163,0
0.8880967233961032,0.11169149373469006,3.565668167294158e-05,2.3226730113852128e-07,1.8433647088687105e-05,1.7337453886168715e-05,0.00014012281925777543,0
0.8816064081608522,0.11828524669576906,4.7208360498694704e-05,2.1277366953366463e-07,1.683282069125314e-05,1.443892982972611e-05,2.965225868959731e-05,0
0.7026510022176515,0.29723616602274083,5.27938489130237e-05,2.515998418091495e-07,2.2441470438461303e-05,1.7207258466499657e-05,2.0137581947941713e-05,0
0.7061879314790935,0.2936963085902634,5.416393673025257e-05,2.581292744073928e-07,2.3023863764227193e-05,1.7653815322615593e-05,2.0660185551645194e-05,0
0.7571050238829116,0.24283377829821065,2.1420427887607035e-05,1.3108581614914732e-07,1.229727568128725e-05,1.0771058892668795e-05,1.6577970600044253e-05,0
0.33218788835184015,0.6653040443041481,2.9745446684045103e-05,2.1656284516704178e-07,0.002446075744017397,1.779453512044441e-05,1.4235055344667776e-05,0
0.8902472248124804,0.1074291282647048,0.00046400353539149356,1.4626003963941762e-07,0.0013454931972530439,0.0005087863986689808,5.217531461774255e-06,0
0.8612998398796841,0.13571421133038059,0.0006714673713369711,1.7289004789402898e-07,0.0017108102802697828,0.0005968640962236465,6.634152057147637e-06,0
0.6819604760712836,0.3131731680421503,0.0008179122306615157,3.8441798136041234e-07,0.0033417707108865367,0.0006911938030406021,1.5094723996103715e-05,0
0.20205991445060242,0.7932611339167953,2.286254517245787e-05,2.3316783902144262e-07,0.004635557748838519,1.2086099025414188e-05,8.212071726791206e-06,0
0.9007132085177456,0.09889475637406883,1.4041348576900735e-05,1.3010642895704493e-07,0.00036626211071590325,7.201409325386949e-06,4.4001331382784e-06,0
0.9004952802929331,0.09918379334854754,1.4838250638287413e-05,1.374904833352757e-07,0.00029006536458441436,7.610117784183491e-06,8.275135029105123e-06,0
0.48591978417857196,0.5140182753655568,1.7704037421906786e-05,1.7514301994436062e-07,1.9938642152387886e-05,8.824275023647333e-06,1.529835825337418e-05,0
0.6478393285052351,0.35211717240500834,1.828194176140575e-05,1.407756234793531e-07,8.164584290934104e-06,7.405728062008572e-06,9.506060018901358e-06,0
0.5354361650702004,0.4643520672808126,5.3519773202191604e-05,2.2912003202817881e-07,2.123339243106522e-05,1.255061069451355e-05,0.0001242347526272091,0
0.5745361341778703,0.42493307976361877,3.301486238501405e-05,2.2264339496336002e-07,2.4530578236032017e-05,1.2953931051313618e-05,0.00046006404344355,0
0.5796785979370492,0.4191483985960178,3.34084069294721e-05,1.7161358936958256e-07,1.335405760146742e-05,1.1716485481641241e-05,0.0011143529033310088,0
0.78712133528198,0.21092832173348347,2.107763033246133e-05,1.7778542930799952e-07,1.1716672674444532e-05,9.924191726646805e-06,0.0019074467043734323,0
0.6807042816818442,0.3140486537067002,3.82621559195703e-05,2.7659297679661586e-07,2.1665911276311528e-05,1.641252373136063e-05,0.0051704474275515964,0
0.8984969790086684,0.09591853282048847,1.6434761756242773e-05,1.617315305523507e-07,8.514302452870007e-06,8.95229834948392e-06,0.0055504250767541554,0
0.9104446202363136,0.08613033127832562,1.4928963553958944e-05,1.4691324163703774e-07,7.734198578083845e-06,1.0690357626677874e-05,0.003391548052360565,0
0.9695275270153382,0.029068965782632263,7.763852416542501e-06,7.842908665445583e-08,4.123472526193831e-06,5.662498763478259e-06,0.0013858789492365588,0
0.9726525997885274,0.0255494601023047,7.89622784314793e-06,9.09457216397794e-08,3.708214238774366e-06,5.465666515772033e-06,0.0017807790548484534,0
0.9740982216361513,0.019409562910061434,6.943564157873769e-06,7.014267734769404e-08,2.32862848009977e-06,4.560109985703453e-06,0.006478313008486089,0
0.9682507537309797,0.02888905450533719,1.0474203240801587e-05,1.3755794365716802e-07,6.96325244106058e-06,8.679297880566003e-06,0.0028339374521770657,0
0.9830511035345482,0.014721308436059396,7.694721172654798e-06,1.1414618693727068e-08,5.115452197838828e-06,6.376120037962727e-06,0.002208390321365169,0
0.84641470076629,0.153500300637575,1.8793932709429444e-05,1.4001072900746593e-07,4.862226351685243e-06,1.2372447403226113e-05,4.882997894166342e-05,0
0.8667172403696819,0.13319357603900916,1.844680284023492e-05,1.3742468665019996e-07,4.296749243056564e-06,1.214392439449239e-05,5.41586901442249e-05,0
0.942849378425388,0.05703576066153663,1.2588886856258209e-05,7.511878819168813e-08,2.9078468028508167e-06,6.921058044529008e-06,9.236800258377788e-05,0
0.9375927559755738,0.06224756842514613,1.4787363537963432e-05,8.823725578005033e-08,3.4156624233288507e-06,8.376642304171358e-06,0.0001330076937587857,0
0.9389427432050594,0.06088813493375763,1.3503471683290534e-05,7.152464582626039e-08,3.2579007300539946e-06,7.912195840498722e-06,0.00014437676828339568,0
0.9445883598885297,0.05521503007550728,1.4895655877562189e-05,7.889871108559784e-08,3.5937845686152806e-06,8.727929323670662e-06,0.00016931376748205142,0
0.7901266317901489,0.07612896799194899,3.2860934972624185e-05,2.2786910976369635e-07,1.3004627602248153e-05,1.9213623886012148e-05,0.1336790931623317,0
0.7677486687664766,0.225348108859347,2.7019200372315003e-05,2.3403771160335581e-07,1.9065327919746212e-05,2.798388166691334e-05,0.006828919926505588,0
0.7831972756329867,0.21003905887917826,2.7444159350772232e-05,2.377186653500602e-07,1.936518809936237e-05,2.8424013188297094e-05,0.006688194408531304,0
0.6224037106552078,0.3741044759486351,2.936981471698126e-05,1.752967326228405e-07,1.414749413474166e-05,2.14871161328672e-05,0.0034266336744397377,0
0.7404017894988318,0.2550966909572105,2.124318160513219e-05,1.983794172004087e-07,1.543955959306773e-05,2.2106541138756853e-05,0.004442531882203538,0
0.7305891544507811,0.26288751126177407,1.5176851174232115e-05,1.970800661623592e-07,1.4986414762715799e-05,2.026134624276127e-05,0.006472712595198997,0
0.07801556579863038,0.0006732049844147142,6.797227955977619e-06,3.710688035239779e-08,3.1734182402710066e-06,2.9537639529233583e-06,0.9212982676999254,6
0.06337788409804777,0.0012846525707160875,6.16025171160389e-06,3.6021611552445206e-08,2.9455100395220235e-06,2.9730410036756442e-06,0.9353253485068698,6
0.07434766676420039,0.001572854240667392,6.815441083841242e-06,2.951536268607545e-08,4.063119888192255e-06,2.5073664465658133e-06,0.9240660635523509,6
0.18872759477256332,0.005133165780337331,1.852322865832747e-05,2.492460779756569e-08,9.498793875390208e-06,8.960640131607292e-06,0.8061022318598262,6
0.14951170069103573,0.8440663623572215,2.9744764292697546e-05,2.888364933564377e-07,2.8839148987397156e-05,1.759667979324893e-05,0.006345467522176063,1
0.1569429360586344,0.8420044145343116,3.63049757739793e-05,3.0815933868468067e-07,3.424200204741379e-05,1.980868165675554e-05,0.000961985588236974,1
0.13226564419114947,0.8669052065738989,2.3251075928028684e-05,2.499572437378681e-07,2.044200838930843e-05,1.9579582702221263e-05,0.0007656266106885366,1
0.9657047664112447,0.031226344311401064,2.4518820885552778e-05,2.297825449083401e-07,1.1262823849142923e-05,2.007192650116782e-05,0.0030128059235733514,0
0.987739178247082,0.011138759263348856,2.0997515252985907e-05,3.683942504439853e-08,9.940275729174383e-06,1.4766833642741424e-05,0.001076321025519117,0
0.9821874224771034,0.016689870616743548,2.7265293633430397e-05,4.783602864531515e-08,1.2907457539037174e-05,1.9174747604867654e-05,0.0010633115713469233,0
0.981534651346169,0.00868763696381073,2.1857080754383182e-05,1.2288864760723588e-07,1.0792982993902698e-05,1.1904058853163868e-05,0.009733034678771475,0
0.9875281361105075,0.005876633039063407,1.7356446933115667e-05,9.455066080474065e-08,9.179513638467885e-06,9.80685088324946e-06,0.006558793488313636,0
0.9734063951536541,0.003978848127424659,1.0832683759098802e-05,5.814328995622581e-08,5.376804185520677e-06,9.099408843483864e-06,0.022589389678843202,0
0.9736814529985891,0.008313812406496559,1.2776897349061881e-05,7.251647413710345e-08,5.764581556609094e-06,1.1545502165607544e-05,0.017974575097369057,0
0.9753172188127476,0.013614932365062666,3.4322280124331725e-05,5.317982218764186e-08,1.745899434645381e-05,1.7225471649809708e-05,0.010998788896247181,0
0.9331727321723621,0.05730554567433582,4.9465578540639544e-05,2.645779240573328e-07,2.7606706312921114e-05,2.6714637912176182e-05,0.00941767065261237,0
0.9105720692582661,0.07767936425863176,4.826756360952897e-05,2.581700680731455e-07,2.5972889193536308e-05,2.606763173045922e-05,0.011648000228500497,0
0.9072697967054151,0.08605648453110583,4.8092516893423815e-05,2.5723379080465855e-07,2.5281485283670654e-05,2.9697021758873475e-05,0.00657039050575222,0
0.9033893700418822,0.08984078063059124,4.921290605145546e-05,2.632264476442994e-07,2.4342705349861907e-05,3.0388859561378276e-05,0.006665641630116122,0
0.8705452542536315,0.12067872133410447,4.079576785315921e-05,2.7062838706998706e-07,2.502722330795298e-05,3.1243395645051035e-05,0.008678687397070886,0
0.7997140771580268,0.1976588159083555,2.840492164619776e-05,2.786155532469839e-07,2.230465453843244e-05,3.0244666634230995e-05,0.0025458740752456895,0
0.7676431651490377,0.23086215750756955,2.8345864388536958e-05,2.695226699785119e-07,2.15767209478702e-05,2.367380853177744e-05,0.0014208114268543619,0
0.7347744426955566,0.26270975170622585,2.693203742270482e-05,2.244293717577892e-07,1.6796474895485522e-05,2.3477667289808315e-05,0.0024483749892377886,0
0.6275665403505519,0.37176623567283734,2.5881592655928367e-05,2.3329307144483416e-07,1.6488690560674882e-05,2.519545624558617e-05,0.000599424944076953,0
0.6122485992881692,0.3872217532983739,2.2993334799007963e-05,2.072587173954788e-07,1.7513101667233473e-05,1.899137491258235e-05,0.00046994234336075914,0
0.5830149184624229,0.41591483239245597,2.220334265766043e-05,2.0013783826248488e-07,1.691139631180448e-05,1.8338879871498868e-05,0.0010125953884417825,0
0.582577933759737,0.4163595270912419,2.0116831411573663e-05,1.9794922936676548e-07,1.823138939610913e-05,1.3058171554257102e-05,0.0010109348074298257,0
0.6243766049293784,0.374281803055101,2.3834519242701938e-05,2.3453120523273895e-07,2.2166574086544474e-05,1.682673483289987e-05,0.0012785296561532503,0
0.6687828657109146,0.33070065456476777,2.9950110874496524e-05,2.2329883181177982e-07,1.7040582752764345e-05,1.3845850941885883e-05,0.00045541988091677777,0
0.6103225860340413,0.38904652074749485,3.150382887415417e-05,2.3583600768476025e-07,1.740083085306048e-05,1.4623230146967499e-05,0.0005671294925820396,0
0.09564550022594402,0.904164540214135,1.7759369613387196e-05,1.988133912632837e-07,1.604591691744875e-05,1.308264212975224e-05,0.00014287281786912371,1
0.2903500929121564,0.7093749856029054,3.314430236859425e-05,2.9868766069220995e-07,1.8617322804708207e-05,2.046172078906902e-05,0.00020239945131534566,1
0.04048212176378767,0.9593345985830426,1.209090518103865e-05,1.0035769628543382e-07,9.689122077758131e-06,6.617038808258023e-06,0.0001547822294065183,1
0.025963898315952205,0.9738507489001862,1.1081479614996843e-05,7.957682086614812e-08,8.88021262132412e-06,6.79964953307048e-06,0.00015851186527150417,1
0.025963891286154544,0.9738504852273883,1.1081476614655426e-05,7.957679932050261e-08,8.880210216981861e-06,7.07040047246131e-06,0.00015851182235397592,1
0.020125142558868065,0.9797210299209242,8.009014619569307e-06,6.703237658291744e-08,7.480341009981179e-06,5.438397139378982e-06,0.00013283273506220275,1
0.10803347451531978,0.8909185674855683,1.7556452369563144e-05,1.6395667095335415e-07,1.7584609656601427e-05,1.1237378152848495e-05,0.0010014156022620456,1
0.10876328076630098,0.8894667492334486,1.6264148225978806e-05,1.339956345658919e-07,1.8962689570159263e-05,1.1289060039516265e-05,0.0017233201067800448,1
0.17740384312952967,0.819872016892394,2.860768835576676e-05,2.3211109095006753e-07,3.262913009931495e-05,1.7340117067473794e-05,0.0026453309314628955,1
0.21590251368587324,0.7807384274222607,2.7707410318965685e-05,2.2435643051944303e-07,2.6852666995297017e-05,1.890190842851727e-05,0.0032853725496926564,1
0.29347167808791674,0.7038734434635934,2.26809883978948e-05,1.812263929010418e-07,1.1804862470779017e-05,1.399616673232718e-05,0.002606215204495926,1
0.1081452048178408,0.8911893331326388,1.2321970368188328e-05,1.0089303628756245e-07,1.7385470180958922e-05,7.160498419139503e-06,0.0006284932175159394,1
0.4657200032786985,0.5327835087969393,2.2028695053502366e-05,9.275013463076052e-08,4.887907528933928e-05,1.3679648544848551e-05,0.00141180775533992,1
0.5539551472810251,0.4458792365962247,3.0621559104540975e-05,1.0377676782436431e-07,1.99076461875111e-05,1.4714506588370064e-05,0.00010026863410191912,0
0.4895861782195817,0.5103381808121398,2.5235446495491382e-05,9.274319651430773e-08,1.724811135521261e-05,1.44585937824738e-05,1.860607344875643e-05,0
0.5845304880824229,0.4153941172930075,2.5118352662329538e-05,1.967526016907096e-07,1.716827391414346e-05,1.4391505127298931e-05,1.8519740264178342e-05,0
0.4886317710821453,0.5112860414585462,2.85639398907674e-05,2.520532147286468e-07,2.0662006157847293e-05,2.20702110197393e-05,1.0639249025312552e-05,1
0.46567507143014386,0.5342347284130942,3.05910801626144e-05,2.699410559780989e-07,2.4308333835276526e-05,2.3636501025157494e-05,1.139430068288837e-05,1
0.4536547477259676,0.5462505696311513,2.711955903439587e-05,2.393077447573056e-07,3.666931515526923e-05,2.479129858587363e-05,5.863162360736594e-06,1
0.47331902349047494,0.5264957321042119,2.5401137309505037e-05,2.391875596543612e-07,0.00013342096301779103,2.032289966220186e-05,5.8602177641351685e-06,1
0.4480020625576326,0.550924280134919,2.994662722181242e-05,2.648535001724098e-07,0.0010145724020398194,2.2384378229286572e-05,6.489046457293176e-06,1
0.5363502636344717,0.46200832190248636,3.288778114976957e-05,2.996011744987438e-07,0.0015655730742535204,1.9438642969842837e-05,2.321536349434408e-05,1
0.6535466429236384,0.3460806715243941,2.6783532172897476e-05,2.8012105847771363e-07,0.0003069420771994651,1.6319832739141977e-05,2.235998879777407e-05,1
0.6225107196691184,0.3770748582494357,2.7617871186246583e-05,2.8884716398313693e-07,0.00035229098421753267,1.6155356424427865e-05,1.8069022453564123e-05,1
0.6421526229557774,0.3571782218922633,3.173175686006421e-05,2.976437124837577e-07,0.0006012710459138802,1.723540919939737e-05,1.8619296273738662e-05,1
0.07906338517630188,0.0011704735415200178,5.737881936076895e-06,4.0914463540100583e-08,3.3228913279561117e-06,2.7584532990473034e-06,0.9197542811411517,6
0.9384991660657297,0.02784625916303052,1.2379050478188405e-05,9.799376929918542e-08,4.933358350682635e-06,5.310357808032442e-06,0.033631854010833725,0
0.9263073908333961,0.027484516345292948,1.2218237760951302e-05,8.991738414933739e-08,4.869270498155052e-06,5.4596717326386035e-06,0.046185455723935245,0
0.8987627717479539,0.038727178087205195,5.482584980010312e-05,4.099787526324016e-07,2.979192342045798e-05,3.7984485274831835e-05,0.06238703792759274,0
0.9507043784710338,0.025606020371166563,3.844644128101957e-05,3.737199425553001e-08,3.0501002521448943e-05,2.6915828401239345e-05,0.0235937005136018,0
0.8826409200166473,0.10729573632472651,2.9547198402352415e-05,2.7171131176128773e-07,1.8759632583672366e-05,2.2991745203143643e-05,0.009991773371125274,0
0.8844842710561537,0.10543136849960169,2.9608906235803476e-05,2.722787671303085e-07,1.879881113005476e-05,2.3039762303256655e-05,0.010012640685808382,0
0.839264729910419,0.14675966632471493,2.688907726463073e-05,2.472676548258382e-07,1.949526241924258e-05,2.1093778197684172e-05,0.013907878379329745,0
0.6778151421900729,0.3110968194318598,4.030768889459003e-05,2.444279168242559e-07,1.9457075132454705e-05,2.2803620287383162e-05,0.011005225565835986,0
0.7397625723925338,0.24224661369828365,4.199892780461606e-05,2.8322257126670836e-07,2.5345368127443803e-05,2.7763470460630168e-05,0.01789542292021847,0
0.7331841397617085,0.2554910381597333,4.436162377860459e-05,2.874087427513724e-07,2.725679175232313e-05,2.85227587950064e-05,0.011224393495489435,0
0.6442406248362447,0.34732029473248666,4.2009080084151845e-05,2.4992950595661e-07,2.2796953964302108e-05,2.2702404009037725e-05,0.008351322063705332,0
0.6804492711818722,0.31007729820925656,3.7504465619502704e-05,2.23129679218688e-07,1.9183656260552878e-05,2.049845460978508e-05,0.009396020902702307,0
0.9086543327089053,0.08484081114317796,2.6900809903130594e-05,1.8816299322767228e-07,1.563533531737153e-05,1.21628322170566e-05,0.006449969007485968,0
0.9098125623621319,0.08305858756364787,2.9023328687702056e-05,1.8653360061926168e-07,1.4944570661763137e-05,1.203008367643466e-05,0.007072665557593688,0
0.876925214339207,0.12114071026552946,3.9166737626780806e-05,2.4754902706400947e-07,1.9477803634030653e-05,2.0071577756161935e-05,0.0018551117272193527,0
0.8599480358155894,0.13780013164193944,3.939015899350949e-05,2.4896113706627776e-07,1.8722853731430986e-05,1.9086025420363232e-05,0.002174384543188709,0
0.8489395231784953,0.1507548354382241,3.558574837762795e-05,2.2128165876638396e-07,1.6787172788023978e-05,1.696404271784398e-05,0.0002360831377384209,0
0.8462637260000615,0.15335907402396118,4.2678197769142887e-05,2.6538439757678155e-07,1.914109737499092e-05,2.048340780362097e-05,0.00029463188863186515,0
0.7161993269550648,0.28359261764602306,8.189040907389754e-05,3.9163945077056434e-07,3.051879045480907e-05,2.986500594927121e-05,6.538955398328262e-05,0
0.8857916807780863,0.11176065807753796,0.00048585341273517043,1.4237496087020543e-07,0.001464684526777452,0.0004915176054364847,5.463224465773363e-06,0
0.784809650746559,0.2103310483103361,0.0014442888974888484,2.786742993531788e-07,0.0027088811469990165,0.0006949096778252299,1.0942546492381658e-05,0
0.7459405295023009,0.24995230629995777,0.000587315361333633,3.3116976494634254e-07,0.002828259470603083,0.0006782543397163739,1.3003856323341008e-05,0
0.7465632360497935,0.25196451823045896,3.555118737911465e-05,3.105501047596135e-07,0.0014017415111890134,2.244827531501238e-05,1.2194195759829771e-05,0
0.7712862724336574,0.22729617903364574,3.3121698173545206e-05,2.893278001638132e-07,0.0013518624251993463,2.09142100254375e-05,1.1360871498302814e-05,0
0.18888128419569247,0.8065383114966954,2.2074049108216136e-05,2.0470736656736695e-07,0.0045373702148368035,1.2717207627555267e-05,8.038128672775566e-06,0
0.27206780894421073,0.7234688383184112,2.5697540899564096e-05,2.3831042048597153e-07,0.004416720695656511,1.133858956833631e-05,9.357600833085293e-06,0
0.8888938941616834,0.11065868089073842,1.557811386464698e-05,1.3379951296123985e-07,0.00042024579768429375,6.141989065291911e-06,5.325247450829339e-06,0
0.8876098464478869,0.11210019110525729,1.2814432030442548e-05,1.2821367149538178e-07,0.00026558703517761713,7.096644931003203e-06,4.336121045282309e-06,0
0.9012196405193148,0.09847927497203955,1.3580393970844455e-05,1.3587743625462754e-07,0.00027525209617448415,7.520835399123924e-06,4.595305664762264e-06,0
0.3296701589005073,0.6702288734367775,2.147442097391945e-05,1.9398931396138616e-07,5.117804974438777e-05,1.2161420165350535e-05,1.5959782517441677e-05,0
0.3546180530729096,0.6453144350574117,2.8687567560260354e-05,1.8241646141764486e-07,2.1882092753080127e-05,1.0562690772552482e-05,6.1971021313192905e-06,0
0.47922798659528,0.5201499434004155,4.659692485900082e-05,2.2924077106323117e-07,2.6363477756410806e-05,1.255064513319049e-05,0.0005363297157849738,0
0.45079014727886485,0.5486069338199854,3.0531493959264106e-05,2.2813799976614347e-07,2.513596710468872e-05,1.3273620444215603e-05,0.0005337496816418334,0
0.7543251097032816,0.24430942292349697,2.019940903663001e-05,1.70377815280993e-07,1.1372253736889087e-05,1.0343861266498875e-05,0.0013233814713662537,0
0.7163378908729034,0.28184107578810835,2.273358989872546e-05,1.9175310393561392e-07,1.3798183653109067e-05,1.1641583155995556e-05,0.0017726682291766768,0
0.8972773206785775,0.09655316044129729,1.5030982871576474e-05,1.6151198923714877e-07,8.502744773596545e-06,9.07424183497227e-06,0.006136749398655898,0
0.9103874631229948,0.08612492407288376,1.4928026323464503e-05,1.469040185205366e-07,7.823719639690391e-06,1.0850024051257347e-05,0.003453864130088636,0
0.9734826439326799,0.024148443114895203,7.361770733653907e-06,7.43673274326746e-08,3.251069126452552e-06,5.532318779326065e-06,0.002352693426457952,0
0.9743826435949728,0.02336948267737614,6.985919442790772e-06,7.05705430685766e-08,3.0850875206581e-06,5.1542357465051344e-06,0.002232577914398187,0
0.9400399404524671,0.056740665113526864,1.1293467929813487e-05,1.429342094910835e-07,8.6314070505763e-06,9.29242710209075e-06,0.003190034197714077,0
0.9548229304736,0.0413301304657533,1.32592740759818e-05,1.67814162155891e-07,7.967972244146253e-06,1.0909920543754307e-05,0.00381463407962072,0
0.9818481953926731,0.015765062449240762,6.8980081250831714e-06,1.0232746674937614e-08,4.585797202056697e-06,5.715935229034148e-06,0.00236953218478318,0
0.984756292440025,0.013053270163810585,1.2251041330797973e-05,8.973600912651803e-08,6.045376778671788e-06,7.535218104825346e-06,0.002164516023940923,0
0.9124709554425765,0.08737934675238218,1.6207656505410137e-05,1.0886410329867265e-07,4.965563213492314e-06,1.0660714505302923e-05,0.00011775500671411527,0
0.9449794715542841,0.05487644602620718,1.216116209991255e-05,6.14264299237063e-08,2.80904870581163e-06,6.685905572388176e-06,0.00012236487670069985,0
0.9547524202386051,0.04509381154296957,1.1624513928160015e-05,6.157225794333444e-08,2.6140330925870346e-06,7.3362706120299935e-06,0.00013213182853459321,0
0.9547528881652529,0.045093833643564056,1.1624519625364568e-05,6.157228812005843e-08,2.6140343737314616e-06,6.846171602969042e-06,0.00013213189329274654,0
0.6834301484146187,0.3133096874649144,2.2564930631166973e-05,2.3293715157434017e-07,1.6264523890284756e-05,2.3071308286121427e-05,0.003198030420507746,0
0.7796435227159119,0.21427659371340943,2.5473888149059358e-05,3.396080179599356e-07,2.377992522720306e-05,3.1643298655782236e-05,0.005998646850628737,0
0.08617785654346827,0.0016187537652424483,9.731050261084232e-06,4.506502534101776e-08,4.722256939565093e-06,3.775227365799654e-06,0.9121851160916976,6
0.0621095283540884,0.0008148099923713513,3.938470730555582e-06,2.6885656228778063e-08,2.1917788366557333e-06,2.2046275373154625e-06,0.9370672998907794,6
0.11517967123666355,0.8825022612366801,2.3187751578545517e-05,2.2516463028122044e-07,2.248177245165126e-05,1.449417848355924e-05,0.0022576786595122173,1
0.967225494668582,0.025133776229047174,2.090179418328678e-05,1.9977923162994962e-07,1.0514158564908785e-05,1.59116607311175e-05,0.007593201709659805,0
0.9759940241421742,0.022065642028964907,3.2633576581756e-05,5.725449815988492e-08,1.8003402268398246e-05,2.295007722315746e-05,0.0018666895182893428,0
0.9657063436687348,0.01859219493400987,3.472894383277426e-05,5.070725546361694e-08,1.5944653212899002e-05,1.6946625523043478e-05,0.015633790467431248,0
0.9731326351618121,0.011464003840677842,2.9006725972675343e-05,1.580165064351774e-07,1.2251413918509668e-05,1.641019733437691e-05,0.015345534643777905,0
0.9839944277098631,0.008265456846108066,2.3216404052920526e-05,1.264732553369116e-07,9.095706368555805e-06,1.2251295007279164e-05,0.007695425565344415,0
0.9756685915723003,0.0039925915455232405,9.534441315061027e-06,5.411361210365508e-08,4.580914061612513e-06,7.494692978885334e-06,0.020317152720208835,0
0.9887089910792698,0.005830350799903388,1.2612354746346548e-05,6.862850004905104e-08,4.131235771017657e-06,1.0740341331416226e-05,0.005433105560478165,0
0.9722312216405485,0.0040581207180991966,1.14057833095793e-05,5.925941945670204e-08,5.353973319817707e-06,1.0086526411289397e-05,0.023683752098892088,0
0.9700620128482096,0.008023083858114595,1.2774551549991964e-05,7.250316033540845e-08,6.062178799672186e-06,1.0783182598781158e-05,0.02188521087756717,0
0.9334299315267687,0.05812601549812933,4.759239540980627e-05,8.703694731292479e-08,2.8574325910816555e-05,2.8192130149189735e-05,0.008339607086685087,0
0.911290829640467,0.07701618233020986,4.801372571493829e-05,2.5785447736005437e-07,2.5776028227545913e-05,2.6035766291728026e-05,0.01159290465461134,0
0.8024962649080212,0.1926142802112825,3.270561510499906e-05,2.4533923835145095e-07,2.3682415748105953e-05,2.6044840237043913e-05,0.004806776670368098,0
0.7452175801819941,0.2530434475168837,3.2137558883118937e-05,2.62181342376237e-07,2.1731608905037644e-05,2.617068161201131e-05,0.0016586702703794397,0
0.7771989176975236,0.22005753112630544,2.603038876797186e-05,2.325735924115679e-07,2.3728403950079485e-05,2.4798430810641645e-05,0.0026687613790498236,0
0.7667276976288833,0.2307062979415978,2.7649151559030397e-05,2.3418916811651246e-07,2.514693327233166e-05,2.449864440136784e-05,0.0024884755111180047,0
0.7318597352802002,0.2660647835135485,2.5687848572675736e-05,2.1406132876210153e-07,2.0145743497892906e-05,2.2274383908774126e-05,0.00200715916894323,0
0.6166647141475361,0.3822974238778163,2.147401500585876e-05,2.1130388950689982e-07,1.517603906726307e-05,1.3939142112801502e-05,0.000987061474572171,0
0.7020340481416515,0.2972448836976071,2.2905298745213495e-05,2.1276872126994653e-07,1.717128888107733e-05,1.6265357846071793e-05,0.0006645134465477845,0
0.6817648100341966,0.3176641091697513,3.149554996776001e-05,2.260719404913045e-07,1.7404996303934615e-05,1.4017800114708752e-05,0.0005079363777252036,0
0.6469808226140941,0.3519314541430211,3.3741454978957e-05,2.654718359114404e-07,1.803555250031333e-05,1.6607629359152282e-05,0.0010190731342106971,0
0.7514597834271203,0.24791223975248478,2.683311459960171e-05,2.0466587886709857e-07,1.3922536784501268e-05,1.3481917489543495e-05,0.000573534585642566,0
0.04222359900210403,0.9575928955104787,1.2068953750604472e-05,8.666793641473081e-08,9.671531162431816e-06,7.177117318170252e-06,0.00015450121724982778,1
0.02167231500700656,0.9781537268351288,8.479422701507241e-06,7.096951157316511e-08,5.437078019830382e-06,5.358790797785612e-06,0.00015461189683374233,1
0.1581742138802846,0.8403881480674086,2.2538876589212906e-05,2.1844388161730058e-07,1.3116194919648692e-05,1.509050289434721e-05,0.0013866740340219231,1
0.16634812439223967,0.8317446547037656,2.009108323111195e-05,2.2727909355006034e-07,1.1272176074423033e-05,1.5022944158903613e-05,0.0018606074214369754,1
0.13358231081545616,0.8645770910945926,2.1096546544781904e-05,1.7352789042522607e-07,2.1841860580616798e-05,1.2963593950331691e-05,0.001784522560985237,1
0.19528348925938782,0.802555310939032,2.486658303711582e-05,2.1060189476228927e-07,2.8044784888727696e-05,2.1396941793381915e-05,0.002086680889966187,1
0.13318451544004434,0.8652424094913845,1.979671335913571e-05,1.6495471986568067e-07,2.3188590398514002e-05,1.2323125713620344e-05,0.001517601684379914,1
0.127442756539969,0.8708561462683716,2.018438172229763e-05,1.6602495448119367e-07,2.3339039152873077e-05,1.2403078780260535e-05,0.0016450046670494025,1
0.1728295860700594,0.8244597450159058,2.4976967144944394e-05,2.0544596759863618e-07,1.7780876621832486e-05,1.534806938616796e-05,0.0026523575549143564,1
0.15211687492537004,0.8453846565186709,2.4008930534726995e-05,2.4287877878194776e-07,1.7674157624136915e-05,1.6375478341055024e-05,0.002440167110680409,1
0.144026003422781,0.8534214862425543,2.419247156804679e-05,2.466482517765214e-07,1.1636226385986871e-05,1.5127972363920423e-05,0.0025013070160949027,1
0.2014928174835058,0.7954083471367502,2.0797788532319356e-05,1.8520708640037502e-07,1.0167057898076917e-05,1.3846737899219293e-05,0.0030538385883279876,1
0.23777781401159626,0.7581735120551195,2.6255521768094058e-05,2.1286949373660025e-07,1.4496062900797682e-05,1.7392662370209597e-05,0.003990316816751579,1
0.2034998655070258,0.7949869509221563,2.4169076798325998e-05,2.0907803135513285e-07,1.5862793307107344e-05,1.5158000099104006e-05,0.0014577846225820054,1
0.19660668052660307,0.8003940284034263,3.2533769631715605e-05,2.2100354617957703e-07,2.680530605619769e-05,1.59010305242842e-05,0.002923829960211956,1
0.0751578163359514,0.9242916997135665,1.429946135041483e-05,1.5973052321323086e-07,1.6546813963904105e-05,1.2418765342312609e-05,0.0005070591793022425,1
0.0856259463161147,0.9137551753270878,1.3073055067168226e-05,1.3335587541401154e-07,1.2599798478567732e-05,8.210862648138809e-06,0.0005848612847280909,1
0.11681578627029678,0.8828479260441074,9.758358103683522e-06,1.0138219415706126e-07,8.063024633601191e-06,6.17576972500781e-06,0.0003121891509393396,1
0.4258998069112631,0.5729103701773224,2.3937572453736613e-05,8.866902718636647e-08,3.7250771892330846e-05,1.4205462494226184e-05,0.0011143404355471837,1
0.5389847364167021,0.46094200445416766,2.4406972973762505e-05,1.9118034914703866e-07,1.6681813495244358e-05,1.398392169326177e-05,1.799524061889581e-05,0
0.4540987731940983,0.5450365775470185,2.6295652748490257e-05,2.4761068505685897e-07,0.0008085505260849165,2.3488880712500202e-05,6.0665886522557095e-06,1
0.4724159908261577,0.5266581651735227,2.5572726038195993e-05,2.474787903877708e-07,0.0008709535742611965,2.3006864064589925e-05,6.063357165284139e-06,1
0.4962339031467141,0.5030739693399839,2.4394542108551463e-05,2.3607697372859907e-07,0.0006417605882362626,1.995229916813008e-05,5.784006815182131e-06,1
0.5178468051513914,0.48140083637055553,2.96327186273445e-05,2.867691677001089e-07,0.0006955183502958627,1.989464842143732e-05,7.0259915406591114e-06,1
0.5439140861097217,0.45544376151837934,2.8296665257116374e-05,3.165186631823632e-07,0.000573625273706743,1.869475404061628e-05,2.121916023132947e-05,1
0.4279412921358656,0.5717802510604117,2.0953237509817333e-05,2.1133277454553613e-07,0.00022417108237359772,1.3243806798815746e-05,1.987734426571911e-05,1
0.48962261565494636,0.5100281593062934,2.0595446160171842e-05,2.2344104850918627e-07,0.00028498050443557794,1.301765943105111e-05,3.0407987684842315e-05,1
0.32800557534213165,0.6701000546417921,3.309056302600701e-05,2.04891871510974e-07,0.0018221188776322483,1.186450477200889e-05,2.709117877449946e-05,1
0.10207227124453268,0.0008586608651608271,1.4802227483064461e-05,7.498835519940226e-08,5.938998286584011e-06,6.194471972878036e-06,0.8970420572042087,6
0.05413693220098629,0.0005680276685142785,7.207988448146834e-06,3.311323389323262e-08,2.829091816373727e-06,2.915053669235403e-06,0.9452820548833318,6
0.062487277078344894,0.0009692107061521323,8.208027411938591e-06,4.22898379752832e-08,3.3739331584504007e-06,3.2517461916057654e-06,0.9365286362189029,6
0.9747097682259482,0.015315647010518034,1.2766522707785807e-05,9.206990096670332e-08,4.404511075929307e-06,5.876088778466684e-06,0.00995144557107052,0
0.9485298597385378,0.03570563779227834,4.693241913063587e-05,3.5095296695543364e-07,3.0158028475402207e-05,3.251575287714958e-05,0.015654545315733737,0
0.2309621988489418,0.005443796730974064,1.942996164945186e-05,1.5202289932520013e-07,1.4732180837757768e-05,1.2674040604884077e-05,0.7635470162140927,0
0.8881717366315692,0.018875104432406347,3.4324265641122074e-05,3.015871079371745e-07,3.0051145123403763e-05,2.3147058686719367e-05,0.0928653348794652,0
0.9450165053983636,0.032221652506782446,5.1126212307601754e-05,3.650078474835603e-07,4.2882333653934966e-05,3.618377157126786e-05,0.022631284769473913,0
0.9474934953395637,0.027370183228318294,4.4033963930521974e-05,3.143738146246122e-07,3.511412726474696e-05,3.463873484396079e-05,0.025022220232263807,0
0.9537188554998846,0.022201639758453413,3.899923362803716e-05,3.789982243171212e-08,3.3436833498469194e-05,3.0346716141531493e-05,0.023976684058571555,0
0.9144592757713895,0.07497316650534251,3.154598692197158e-05,2.900918513712931e-07,2.4146225010745715e-05,2.4747002086025372e-05,0.010486828417397906,0
0.8811734144604619,0.10679929458767799,2.437990816921356e-05,1.9986708945558213e-07,1.707015011187432e-05,1.5882068692749102e-05,0.01196975895779665,0
0.690996803940039,0.30279658049589303,3.275067722006955e-05,2.162568163603074e-07,1.825383816129724e-05,1.948127728573092e-05,0.006135913514584566,0
0.6826500427388243,0.30448099647601556,4.51257642414793e-05,2.9235943280763205e-07,2.7726297051994885e-05,2.9014070704977372e-05,0.012766802293728825,0
0.632656639419724,0.3569830718811523,4.2725385430414955e-05,2.54191104662104e-07,2.1130454577587397e-05,2.335200247395357e-05,0.010272826665536987,0
0.9364742585012464,0.05860560953417468,3.353239865181094e-05,2.223823516135418e-07,1.9444174323056e-05,1.4907035278610831e-05,0.004852025973974153,0
0.9352558769600857,0.0599490373371085,3.281804389191467e-05,2.27599315872167e-07,1.8910013390766947e-05,1.5248752151991767e-05,0.004727881294055274,0
0.9353334926780472,0.05797348491100571,3.43537211151212e-05,2.3812469621309137e-07,2.0581091347306335e-05,1.750204947445106e-05,0.006620347424313892,0
0.942567499527704,0.053077560132857526,3.430117754827308e-05,2.337873042549834e-07,1.9012070394502138e-05,1.718325327293083e-05,0.004284210050918175,0
0.939919515105921,0.05536677330479212,3.874314335037966e-05,2.5295985836839265e-07,2.0571222417783007e-05,1.8592426684932565e-05,0.004635551836975365,0
0.8940662052335739,0.1056245878616733,3.528807520893857e-05,2.446012227005754e-07,1.9686840127816874e-05,1.8652403267287856e-05,0.00023533498492578402,0
0.8605936057549808,0.13918145378214378,3.8072850462185096e-05,2.6390404462716954e-07,1.989322235486609e-05,1.9961784952347378e-05,0.00014674870106136818,0
0.7730024549426695,0.21989391268233185,5.5832847331257036e-05,3.772279354235508e-07,0.006978792808652862,2.5117674839570323e-05,4.3511816239402874e-05,0
0.786291687328362,0.20963979421527448,0.0006152250578588922,2.6706587104676736e-07,0.002786878139060937,0.0006556614686854273,1.0486724887227467e-05,0
0.9078899351216563,0.09185452084001924,1.4408794820959403e-05,1.4416592802787273e-07,0.0002281358547457127,7.979604596216771e-06,4.875618233558113e-06,0
0.48163348666159433,0.5183050596625486,1.8789572504100136e-05,2.2235045279565585e-07,2.2449945932822043e-05,1.1555046463043594e-05,8.436760504209551e-06,0
0.4773001391944497,0.5226020659260727,4.11357674079117e-05,2.422394468444835e-07,2.806530333715857e-05,1.402669665910395e-05,1.432487262679696e-05,0
0.46525496721940096,0.5342578691989855,5.497153044719509e-05,2.3545842393275654e-07,2.594252252830501e-05,1.2891053841313585e-05,0.00039312301637292054,0
0.49240412605146916,0.5058061161342344,1.9047275782711235e-05,1.385620486773513e-07,1.8201659796815315e-05,9.194409484466468e-06,0.0017431759071836765,0
0.7715285869107218,0.22658244957075857,2.1428285604282905e-05,1.807431336161494e-07,1.206411042008825e-05,1.0089294259171882e-05,0.0018452010851025473,0
0.9137447278520102,0.08152296217254555,1.4983076879716296e-05,1.4744576113003802e-07,7.584237801457113e-06,8.4756555413713e-06,0.00470111955946081,0
0.9482979202463664,0.043031873495335535,9.465221776192407e-06,1.1421309061820714e-07,5.584301276595084e-06,6.4481270902469965e-06,0.008648594395064517,0
0.9467106806966489,0.050308646479785016,1.320899354442264e-05,1.6717779358639004e-07,1.00954109684384e-05,1.086854900251723e-05,0.0029463326922570866,0
0.9524269032900643,0.0432314563696443,1.351465162826791e-05,1.7104631270385698e-07,1.0329020286352432e-05,1.1120048850035177e-05,0.004306505573214049,0
0.9525527441936459,0.04310724969421279,1.3516437272884433e-05,1.7106891246712555e-07,8.122510811144264e-06,1.1121518103990863e-05,0.0043070745770407365,0
0.9649166027541523,0.032185799406935896,1.2338050549609006e-05,1.5332659625664002e-07,7.280089162721715e-06,9.96805609797288e-06,0.00286785831650522,0
0.9811159659734551,0.015541691407784601,7.885653553853612e-06,1.1069104444961389e-08,4.813466578611098e-06,6.370912218096156e-06,0.0033232615173052317,0
0.9861158558235318,0.011471048218569684,8.985104343795509e-06,1.1353064800497238e-08,4.941154467073992e-06,6.53434788785008e-06,0.0023926239981349354,0
0.9398174897572423,0.060035537201593075,1.629992719326889e-05,8.844662642896425e-08,4.1087031848728936e-06,8.1490163791722e-06,0.00011832694778088835,0
0.9547524202386051,0.04509381154296957,1.1624513928160015e-05,6.157225794333444e-08,2.6140330925870346e-06,7.3362706120299935e-06,0.00013213182853459321,0
0.6946193686770271,0.29882462379332053,2.4445577919307544e-05,2.1582522837783535e-07,1.5617631744549414e-05,2.515380121053845e-05,0.006490574693549671,0
0.600617864830148,0.395583906363511,2.1508761359142935e-05,1.7835680163187872e-07,1.439445999491213e-05,2.291816630778019e-05,0.0037392290618775918,0
0.682842570039974,0.3130553912499332,4.0033301721821675e-05,1.9029390291644201e-07,1.4810276669518308e-05,2.3801409816575015e-05,0.004023203427981944,0
0.7645932737086945,0.22611433819561177,1.7134452703778146e-05,2.3960781001841096e-07,1.805033433320116e-05,2.281692665822746e-05,0.009234146774188445,0
0.7818837096159705,0.2059702501578919,1.8487572929856245e-05,2.109170281048395e-07,1.8037839285198747e-05,2.6351449088035513e-05,0.012082952447806357,0
0.7925369934812447,0.19919176858979837,1.826206679273064e-05,3.157032043880064e-07,2.210584591089341e-05,2.5349343826913823e-05,0.008205204969222042,0
0.7976538181128061,0.1842633582762091,1.9590318640823427e-05,3.178876217819441e-07,1.9155194899465153e-05,2.742792522535513e-05,0.018016332284597366,0
0.04332061660293656,0.00050908491726441,4.418272258890415e-06,2.4645794787471796e-08,2.1077334979868586e-06,2.133707241742914e-06,0.9561616141210056,6
0.04098121069946267,0.0004508877473815308,4.3383612008625384e-06,2.3314869183386387e-08,1.993911383372593e-06,2.0184824894414894e-06,0.9585595274832128,6
0.08188933405012179,0.0013345495182585587,7.63561057461595e-06,3.7152968629640543e-08,3.7472698479881077e-06,3.1124115171338966e-06,0.9167615839867113,6
0.05733700382703916,0.0009803855537341972,4.75237510831227e-06,2.9315951683679858e-08,2.899580383741286e-06,2.7271040556806288e-06,0.9416722022437272,6
0.06618326315648093,0.001347952983072902,6.279180249132716e-06,2.9079226749000048e-08,3.4753706523666603e-06,2.38450062401916e-06,0.9324566157296938,6
0.13209965732321838,0.8670007207213215,2.499081543697564e-05,2.507990121639245e-07,2.0561207849708607e-05,1.7138154535921865e-05,0.0008366809786253843,1
0.12237783492229266,0.8766333529926992,2.4920955554678083e-05,2.1966379990138301e-07,1.982415872463971e-05,1.7090246156873717e-05,0.000926757060772017,1
0.20743966019634513,0.7911034071832844,3.7222919638046444e-05,3.080556639923205e-07,2.7314347710996375e-05,2.4595014852489912e-05,0.0013674922825049082,1
0.9426266424163805,0.05714611101277547,1.629374754713469e-05,1.6033955039299878e-07,6.625484635388911e-06,1.4637973210037031e-05,0.00018952902590102882,0
0.9728489209915528,0.02394535593916181,3.0093701052764893e-05,5.716113503324499e-08,1.451279911799366e-05,2.2912653247137258e-05,0.0031381467547323748,0
0.9759298298953786,0.013066554963099445,3.14508326492419e-05,1.6659569731699557e-07,1.0963034450582528e-05,2.3540105148613102e-05,0.010937494573576186,0
0.992829083996648,0.003946810133558814,1.19463523481478e-05,6.632660967272848e-08,4.9581770139388765e-06,7.819334432312509e-06,0.0031993156793891707,0
0.9895161621254583,0.005156501696709254,1.5631319069080666e-05,5.7591760231661595e-09,8.219700781930498e-06,9.997752839160035e-06,0.005293481645966071,0
0.9837047567227141,0.007648665340306756,1.933801465765388e-05,7.461468282931656e-09,1.4844992291997365e-05,1.2036101548520486e-05,0.008600351367012647,0
0.9159678829790229,0.07304509563016609,4.8260148425282206e-05,2.5917787391466936e-07,2.704325190192024e-05,2.6169390666840667e-05,0.010885289421943105,0
0.7387776875925942,0.2594983676568045,3.185983807674416e-05,2.599156689289797e-07,2.154381244013257e-05,2.5944524335190793e-05,0.0016443366600801953,0
0.7505368473981344,0.24786585644724649,3.381453763803042e-05,2.7586229875186483e-07,2.2865591936428868e-05,2.7129380051712314e-05,0.0015132107826941789,0
0.8041169463318774,0.19328867143892428,2.6580767675093283e-05,2.1731487520008142e-07,1.822234948583374e-05,2.5208161724813764e-05,0.0025241536354374773,0
0.7325815012197432,0.26530229804157973,2.410142992518901e-05,2.2387965697375107e-07,1.369856727750865e-05,2.4173029212269973e-05,0.0020540038326052556,0
0.7361921064953478,0.2630748365727259,2.1740645936939612e-05,2.0195019008655957e-07,1.3268742500957984e-05,1.6636520442580296e-05,0.0006812090728557142,0
0.7532029764467506,0.24611395202932607,2.079016660178724e-05,1.931211293970045e-07,1.2063535216745307e-05,1.3574222717925144e-05,0.0006364504782576535,0
0.7279417374112074,0.2714901245999225,2.3743496254458787e-05,2.2704496148109568e-07,1.7683798365653857e-05,1.735672200122038e-05,0.0005091269272870407,0
0.03257989825259186,0.967199215625355,1.2181238459634223e-05,1.0195228782294674e-07,6.30472173199557e-06,8.195137509062781e-06,0.00019410307206473268,1
0.17227512399106307,0.8257361271355661,2.120733393040354e-05,2.2532770074017544e-07,1.4008961106255451e-05,1.5566049710439303e-05,0.0019377412009230074,1
0.1632758085636082,0.8348193920725365,1.9720017111485874e-05,1.8148143068382506e-07,1.1813057733309651e-05,1.5410873344402693e-05,0.0018576739342354108,1
0.15477450069460844,0.8431096535468302,2.409833273263312e-05,2.3355792919781286e-07,1.4778132792851152e-05,1.6134608946072662e-05,0.0020606011261605885,1
0.2291866712509205,0.7677817891904426,2.070939242727375e-05,1.9411668455389312e-07,1.2635516443711684e-05,1.577210495447547e-05,0.0029822284281268946,1
0.20072668027792784,0.7961848766370682,2.510266023063932e-05,2.1463194659298514e-07,2.4550441558627438e-05,2.180639102717462e-05,0.0030167689602408686,1
0.1638285630556476,0.8330425146654606,2.4498452183613597e-05,2.0183569410551816e-07,2.784990525665023e-05,1.7004548515751623e-05,0.0030593675372415354,1
0.15065189056479747,0.8475081268872184,2.17718933807744e-05,1.7908289970157205e-07,1.689220219919024e-05,1.4849689701294496e-05,0.0017862896798030957,1
0.16101422259008882,0.8356986271143875,2.1633523984387734e-05,2.3447473155694565e-07,1.0260869053871972e-05,1.5030787266534698e-05,0.0032399906404874186,1
0.15662281503633338,0.8422066084814807,2.1542909988977534e-05,1.9482458582425245e-07,1.3094757414732486e-05,1.3513900390702103e-05,0.0011222300898056702,1
0.12930245694631567,0.8694273367440544,2.319928731317623e-05,1.8995716324531434e-07,3.2874484072440204e-05,1.491012454649948e-05,0.0011990324565344717,1
0.0808751406102227,0.9184949540188452,1.654415740751319e-05,1.848046478161549e-07,1.5168813892352918e-05,1.4994346458800416e-05,0.0005830132485257755,1
0.10028225005797804,0.8989977800610004,1.3680192293500855e-05,1.421271792313205e-07,1.3540579003840244e-05,9.14923980439667e-06,0.0006834577427405003,1
0.08719115079421655,0.9122014188501315,1.3045417510497184e-05,1.3553233411365726e-07,1.2912282418931095e-05,8.724705807587024e-06,0.0005726124175805584,1
0.13166341774661683,0.8678337473674976,1.4124458962616858e-05,8.533310056478723e-08,1.8125101095918976e-05,7.865186209160286e-06,0.0004626348065172633,1
0.13322133788547477,0.8662952997529775,1.341489665972488e-05,8.104627078179022e-08,1.6894081747224195e-05,7.3084459047348534e-06,0.00044566389096524126,1
0.6679095996932882,0.331886908326124,2.6544985319386004e-05,1.0091076968218382e-07,1.929302916632484e-05,1.5360465084765305e-05,0.0001421925902475713,1
0.5191910961057801,0.4807190395885239,2.7855811897085278e-05,9.440362307921477e-08,1.810956183007948e-05,1.5799885564375932e-05,2.8004642781413113e-05,1
0.5994214478570936,0.4005082961662829,2.118321252303135e-05,1.8612441321936808e-07,1.6751911069629145e-05,1.4615388288695072e-05,1.751934032904867e-05,0
0.41071212761648257,0.5892008004606091,2.8351936326856273e-05,2.5018245810256246e-07,2.6681209881539093e-05,2.5936653969137798e-05,5.851940272713875e-06,1
0.49538998970650466,0.5044250698946384,2.4833970406403987e-05,2.3384688274621748e-07,0.00013195999622253544,2.218321690178519e-05,5.729368443481381e-06,1
0.46620589903609533,0.5331474736585896,2.5887824747453222e-05,2.505281425492593e-07,0.0005910605375019991,2.329034706753536e-05,6.1380678556381094e-06,1
0.45049665094185615,0.5491786955956575,2.559392347673813e-05,2.2779069628028602e-07,0.0002613562856538512,1.2844206070478236e-05,2.463125658891409e-05,1
0.07127245610424908,0.0004078168020798695,8.30078448808838e-06,3.8211338720657053e-08,2.974419737733518e-06,3.0968072031269064e-06,0.9283053168709035,6
0.05365409113363003,0.0005984366153990526,6.853943517363818e-06,3.453145390107081e-08,2.6908435963554924e-06,2.5307479276013198e-06,0.9457353621844756,6
0.059753778619057285,0.0008776872120121268,8.56219748227064e-06,3.845717648370443e-08,2.879415726945161e-06,2.625367699822548e-06,0.9393544287308452,6
0.08618647065081107,0.0012101337970950592,1.0611604502129621e-05,5.371509037378571e-08,4.3338098795811695e-06,3.6214716124768418e-06,0.9125847749510092,6
0.9358120274835159,0.021454901530864528,1.1648734628743553e-05,9.22125179025511e-08,4.6423093884990745e-06,4.997067343609287e-06,0.042711690661740694,0
0.9549195568883351,0.020462403427319416,1.0615198873610963e-05,9.206609021921536e-08,4.404328774445954e-06,5.719499031265647e-06,0.024597208591576013,0
0.9224310763934668,0.021413031447734373,5.018638894414484e-05,3.341546963409909e-07,3.329632819032597e-05,2.388962464209764e-05,0.05604818566232604,0
0.934919540812764,0.020616033336859938,6.273148039767613e-05,3.60463460625483e-07,3.493166431445837e-05,3.0051581418478393e-05,0.04433635066078504,0
0.9472473414071229,0.03169768379462547,3.242484041697892e-05,2.981736475782535e-07,2.6512500017864075e-05,2.7629903391737704e-05,0.020968109380777568,0
0.8445355727429855,0.14357030487393804,4.0863487470182985e-05,3.1618181557814735e-07,2.6672224195795536e-05,2.929860867854098e-05,0.011796971880916246,0
0.8272565670306362,0.1626818574214602,2.8782951242929657e-05,2.4051424601092834e-07,1.977857328113988e-05,1.8750390922206784e-05,0.009994023118211131,0
0.6734878380208392,0.31328110282058325,4.619527330770417e-05,3.0636083085701734e-07,2.905413832508941e-05,3.0242453860411787e-05,0.013125260932253493,0
0.9325184146569407,0.045677597663303884,3.197041522779e-05,2.1202348791810524e-07,1.8538438998191404e-05,1.7102501527409544e-05,0.021736164300514126,0
0.9484900132336473,0.03695557811674632,3.3091088993568054e-05,2.1945564539699972e-07,1.8967527335156793e-05,1.7702003431103523e-05,0.01448442857420101,0
0.9388672936366665,0.03394633033994614,3.455524133444058e-05,2.291657065251833e-07,1.9806766852288775e-05,1.6805257383666642e-05,0.02711497959211032,0
0.9494714933363934,0.03242680467157227,2.9437509659660632e-05,2.186127015833638e-07,1.8407034864146677e-05,1.6031380842942197e-05,0.018037607453965963,0
0.9605974101500133,0.033797541029521136,3.4622966041908904e-05,2.399909821441959e-07,2.0742394235411154e-05,1.76392205836183e-05,0.005531804248622733,0
0.9444061369981572,0.05358413519803468,3.58949622787057e-05,2.488078936064628e-07,2.0233575997756674e-05,1.8284600739930887e-05,0.0019350658568981392,0
0.9034861015469133,0.09476315515623876,3.4777138870328996e-05,2.4105963953385165e-07,2.083475817625918e-05,1.7715190621563336e-05,0.0016771751495401662,0
0.9065574745102037,0.09333239654586789,5.0300156271599444e-05,2.484166675648497e-07,2.0237620338983235e-05,2.00351802339451e-05,1.9307570416362426e-05,0
0.8815494311218179,0.11835210450009735,4.521974371546452e-05,1.577242948943319e-07,1.4853978558647286e-05,1.3715713033341956e-05,2.4517218482273972e-05,0
0.6571558438800471,0.33612293287634504,0.00016247530537323276,2.329377348673434e-07,0.006142865698478502,0.00040831349927670596,7.335802744705468e-06,0
0.6754907503157359,0.3223593640878061,6.233457551003475e-05,4.1027803659986017e-07,0.002033825567247088,3.720501946886049e-05,1.6110156195664347e-05,0
0.7519619527532069,0.24686319008722135,3.4831410348696767e-05,3.0426264015776576e-07,0.00110263328401463,2.514089313363064e-05,1.1947309434522364e-05,0
0.2401106466680037,0.7569100088634899,2.2904858030113736e-05,2.1241201131507788e-07,0.0029377801686592494,1.0106367194414199e-05,8.340662611336804e-06,0
0.8917585679685596,0.10793172302491459,1.2357750579872515e-05,1.2364438544803145e-07,0.00028620228714221934,6.843734299180291e-06,4.181590119205956e-06,0
0.8845935567683884,0.11534540594290722,2.22594267629718e-05,1.8812188666253618e-07,1.4284187886405555e-05,1.1891705912017552e-05,1.2413846256160006e-05,0
0.881168825954176,0.11878755759615554,1.376012977627644e-05,1.655766919140371e-07,8.298054690944664e-06,1.0466561658817243e-05,1.0926126850469031e-05,0
0.4011684849754716,0.5987693412596327,1.6148624587737638e-05,2.1099979517691606e-07,2.0575924689655218e-05,1.09901758049576e-05,1.4248040018248155e-05,0
0.4647488134178446,0.5351526340757385,4.145445040767642e-05,2.441161006289197e-07,2.8282728114192685e-05,1.4135362913553192e-05,1.4435848880981953e-05,0
0.5063930091674512,0.49348972336782837,4.0249267835025893e-05,2.445059391239812e-07,2.8508905183573555e-05,1.3386393967660004e-05,3.487839179496254e-05,0
0.3936588862440757,0.6058884217356835,3.7181442728122015e-05,2.258695390307874e-07,2.4886030862236183e-05,1.236607440127136e-05,0.00037803260271018627,0
0.4980072376520573,0.49945803060936134,3.782715354595028e-05,5.656002960480992e-07,3.023351495512258e-05,1.6778203804567584e-05,0.0024493272659796045,0
0.36888806027966686,0.6293899299765107,2.4034463512146942e-05,1.897919269026253e-07,1.9889293871201583e-05,1.066046713375864e-05,0.001667235727378279,0
0.6482356713157101,0.3502436182136648,2.8823757835029744e-05,2.0391753217860667e-07,1.4673512456069353e-05,1.1382916438327627e-05,0.0014656263663635589,0
0.7641856834717732,0.23397012445677348,2.0920401071177053e-05,1.7645923318081179e-07,1.177817176866299e-05,9.850161899317444e-06,0.001801466877480899,0
0.7712051333043695,0.2259492602436957,2.134746212338718e-05,1.8006140435993963e-07,1.2018606854564229e-05,1.0931764696468388e-05,0.002801128556855912,0
0.7090353426268668,0.27920034051330306,2.6375208574058263e-05,2.5289076286955227e-07,1.7744175903668694e-05,1.3686536540117254e-05,0.011706258048049556,0
0.8982248053798063,0.09086586086615599,1.6317136984477655e-05,1.8688146357925937e-07,8.61078455125365e-06,9.294031203918734e-06,0.010874924919834383,0
0.9459416552372338,0.04851217122360544,1.0499102542544857e-05,1.1549497766741156e-07,5.019098905792351e-06,5.744954974303337e-06,0.005524794887760433,0
0.9365164485250632,0.05672327936711083,1.4165343975580894e-05,1.591689122919958e-07,5.7922864848868444e-06,9.110047700004744e-06,0.006731045260753018,0
0.9530942038988134,0.039000891901524753,8.589948818945677e-06,1.1299924979838597e-07,5.524952100392771e-06,6.191547448339562e-06,0.007884484752044472,0
0.9138282271938665,0.08598744159625644,1.9326338218448227e-05,1.298117639336651e-07,5.921038249854533e-06,1.3247533091583339e-05,0.00014570648855330488,0
0.9261847843060945,0.07366685656021381,1.5600138331014835e-05,1.0478350588034045e-07,4.779436989920241e-06,1.0261114611768081e-05,0.00011761366025294031,0
0.807705204331952,0.05615090937262868,3.790651487623097e-05,2.4239361230086617e-07,1.4082487357967813e-05,2.0438310852885397e-05,0.1360712165887198,0
0.7301377006664709,0.1353836166148492,3.18462545828021e-05,2.4458772117158647e-07,1.8940453937698894e-05,2.182433173650014e-05,0.13440582709070167,0
0.7976570162685674,0.15479750305706236,3.374352091506356e-05,2.5915923216220715e-07,2.185991598127783e-05,2.5709601677097418e-05,0.04746390847656455,0
0.7268561078044665,0.257312100935843,3.661561370426103e-05,2.5941326502832124e-07,1.8787119884134258e-05,2.118858340947158e-05,0.015754940529427545,0
0.776140026293905,0.21257385587757996,2.5804441861651515e-05,2.2659001981223983e-07,1.7158495744483246e-05,2.3803262308267286e-05,0.011219125038580802,0
0.7707441576178551,0.21140444407183218,2.5775806145494095e-05,1.710015630241911e-07,1.345305503228545e-05,2.1052765579333738e-05,0.017790945681992618,0
0.035754526700274444,0.0003923062673363901,2.241629936343112e-06,1.8992312344602413e-08,1.6242419154320206e-06,1.6442575594162199e-06,0.9638476379106656,6
0.03578003981215485,0.0004200847073317881,2.7460465391709855e-06,2.0337120859695584e-08,1.7392513107500689e-06,1.7606842233625758e-06,0.9637936091613193,6
0.0973124906499676,0.0015026282187865358,7.927977197020702e-06,4.1832167567252946e-08,4.219216552070981e-06,3.504401530356338e-06,0.901169187703799,6
0.08509365530684368,0.0014221184326971834,8.548987648975714e-06,3.9590828811340804e-08,4.200072018000001e-06,3.3166381075397264e-06,0.9134681209718559,6
0.1794184098031436,0.00881712491023453,1.5448788472421334e-05,2.853152025715706e-08,9.110245354662938e-06,8.366129867295783e-06,0.8117315115914073,6
0.1454777320781309,0.8532509057534022,3.08822992765594e-05,2.599296015389778e-07,2.3458055812812188e-05,2.0222999309643024e-05,0.0011965388844665512,1
0.9181081632931567,0.0817402900886017,1.7302701059716997e-05,1.622400329102156e-07,8.256260016713054e-06,1.3605446087533675e-05,0.00011221997104470167,0
0.9050262985238402,0.0947851827619759,1.7122332496843656e-05,1.7023129378481148e-07,7.659721492118107e-06,1.4275593073147887e-05,0.00014929083582789786,0
0.9726223003180917,0.02651120960382319,1.5141111768621764e-05,1.4732115601570048e-07,6.974216443938724e-06,1.2868773025356508e-05,0.0008313586556911928,0
0.9787259470610428,0.01961251466366894,1.9475125346435118e-05,1.2763308089502045e-07,8.97052617499033e-06,1.6552349097840005e-05,0.0016164126415882953,0
0.9579964610863193,0.009628688218344077,2.3329889576781012e-05,1.2203297165846093e-07,8.367680167662138e-06,1.8085919924544313e-05,0.03232494517269596,0
0.9687206005564036,0.007602892237520422,2.178878158067396e-05,9.402348043779569e-08,6.447097057964363e-06,1.4507247944551424e-05,0.02363367005601239,0
0.9874546422869216,0.004245506721626254,1.0550414635760938e-05,7.067904912198665e-08,5.985092928702844e-06,8.300026737779148e-06,0.008274944778100653,0
0.9671991656953365,0.020261018397279715,3.386361024300644e-05,5.675048069395699e-08,1.863124547687143e-05,1.7711012367453345e-05,0.012469553288816,0
0.921476995198496,0.0664492890923586,4.87741166045789e-05,2.619381053751289e-07,2.6859369360434997e-05,2.6448093375249534e-05,0.01197137219169973,0
0.8934902663488954,0.09479708828091293,4.515928453132114e-05,2.539826265420054e-07,2.4042694376187362e-05,2.564482251581524e-05,0.011617544586141946,0
0.8584163080420016,0.1327156037409739,4.588722421216296e-05,2.7365859665050544e-07,2.3691976178256353e-05,2.4782093241174653e-05,0.008773453264796087,0
0.7899949876539448,0.20664744099781857,2.8296711394894078e-05,2.775541505996013e-07,2.4495545559391244e-05,2.8679576465861975e-05,0.003275821960665786,0
0.7933716754297162,0.20455955503104184,2.931530970430917e-05,2.7874050459183044e-07,2.2314657557102555e-05,2.7412434098795858e-05,0.0019894483973771685,0
0.7618095564635311,0.2366195686984861,3.432241602707401e-05,2.800056202246502e-07,2.3209022330820567e-05,2.7536850530353987e-05,0.0014855265434744833,0
0.7570161473074638,0.24162067438808127,3.435050018813704e-05,2.802347335519503e-07,2.3227991225216944e-05,2.7559382433261198e-05,0.0012777601958746682,0
0.8025559914840609,0.19520261596411878,2.744708596517272e-05,2.2439758452561258e-07,1.8816250867492836e-05,2.6029744149686673e-05,0.002168875073253438,0
0.7092898844962114,0.2885532498952536,2.486078032381327e-05,2.0325287213237564e-07,1.6847147641374542e-05,2.1583843776831096e-05,0.0020933705839208633,0
0.7093658939963109,0.28833889842911264,2.554477445458622e-05,2.1227483793945992e-07,1.7594956950895097e-05,2.5451749144049113e-05,0.0022264038191890188,0
0.7539649177915816,0.24408300166269917,2.280973894496234e-05,2.1188106043956777e-07,1.6302690501901253e-05,2.2634534225561646e-05,0.0018901217009864113,0
0.7670521065903037,0.23137906604765887,2.0817342098578524e-05,1.9337356424915263e-07,1.2079303852411074e-05,1.6205313721970224e-05,0.001519532028800327,0
0.7224040170236983,0.2769544373903895,1.874976003390649e-05,1.8716248399167152e-07,1.4254038102822182e-05,1.3155397599815692e-05,0.0005951992276917964,0
0.6736354260269124,0.32578746068997977,2.7682660764260345e-05,2.3370708676573635e-07,1.5877527718099736e-05,1.4491224433042789e-05,0.0005188281631056701,0
0.6714380551296626,0.3279207658002202,2.9299839253476907e-05,2.4735989552980445e-07,1.6376658971672264e-05,1.5337779489115357e-05,0.0005799174325074329,0
0.10449096602054284,0.8953219110735975,2.3968932920582666e-05,1.9884421503789585e-07,1.6290727020829096e-05,1.7419385798312835e-05,0.00012924501590460074,1
0.07847083470344089,0.9211645485201241,2.0070331388644735e-05,1.441263460410988e-07,1.169567599204816e-05,1.2231123233846357e-05,0.0003204755194743655,1
0.03239363202286178,0.967384393916871,1.1327611479194524e-05,7.34965089638839e-08,5.126653371400193e-06,7.420597091016402e-06,0.00019802570181674093,1
0.06419930534973949,0.9355520633413451,1.1312788948988323e-05,1.0429134810873784e-07,6.9827125110526035e-06,6.624322206052077e-06,0.00022360719390118687,1
0.20657826635055299,0.790351209928866,2.5157911272967808e-05,1.682024336787529e-07,1.6678133647881948e-05,1.767428341990709e-05,0.003010845189806712,1
0.14822662245238086,0.8495884431848837,2.3675597848653758e-05,1.9265228098470974e-07,2.4236331907847387e-05,1.6662261802167944e-05,0.002120167518895808,1
0.17033514678835743,0.8266827166542061,2.5086073601052787e-05,2.0667693777965682e-07,2.851791483863542e-05,1.945136508390874e-05,0.002908874526975143,1
0.13864213167974834,0.8585533967265978,2.3510571387479174e-05,1.9130943319808346e-07,1.803602924812511e-05,1.654612052801919e-05,0.0027461875630569645,1
0.1412455778604279,0.8553631464516862,2.476332372117364e-05,2.476927899329363e-07,1.1776833419491697e-05,1.597795662219467e-05,0.003338509881333233,1
0.103413538331677,0.8957027086909038,1.7038128683310266e-05,1.970362976441506e-07,1.0356547097077323e-05,1.0688044186603754e-05,0.0008454732211545252,1
0.12572079197535907,0.873414315611068,1.7937086180786067e-05,3.071524279712176e-07,1.090297422143627e-05,1.1282588993506585e-05,0.0008244626117488135,1
0.12905762880457916,0.8696665252093405,2.3760441287153564e-05,1.9455192581718126e-07,3.3669665714473956e-05,1.5270776816925612e-05,0.001202950550335879,1
0.08534190040649835,0.9138452494844679,1.6937326068830977e-05,1.8919649408535116e-07,1.7835173258633732e-05,1.5350684166386807e-05,0.0007625377290455883,1
0.06545699649600056,0.9340070758889533,1.1814025706054363e-05,9.985081575143901e-08,7.591329417406781e-06,8.245459548314366e-06,0.0005081769495584685,1
0.11453328405313878,0.8847953216782724,1.5746465066914007e-05,1.33087350684123e-07,1.0118193954950791e-05,1.1453719515671309e-05,0.000633942802700632,1
0.32911693529969194,0.6700230834572358,2.5861988220939476e-05,1.0090872325681038e-07,2.5557431751021785e-05,1.616569544927796e-05,0.000792295218927792,1
0.3964129359626155,0.6032014251718544,2.1969093007529147e-05,9.016816155682233e-08,2.4276074865452897e-05,1.4445635390547195e-05,0.00032485789410493387,1
0.41343447759451624,0.5865075967232812,2.2029775475081917e-05,1.0178596042667858e-07,1.52008587915726e-05,1.3657373544239638e-05,6.935888431244108e-06,1
0.5272436138501854,0.4726925110010407,2.1169669711182527e-05,1.8600542050728715e-07,1.6618137068890796e-05,1.4606044405963592e-05,1.1295292167330388e-05,1
0.3920327980955994,0.6077532770534043,3.2864628348490375e-05,3.000146295779096e-07,0.0001471080643911588,2.729276779028304e-05,6.359375836900962e-06,1
0.30447405751873785,0.6954200743677155,2.2996440570224544e-05,2.1621490675827404e-07,5.989509246772745e-05,1.606043065038553e-05,6.6999349514593284e-06,1
0.34543735480471066,0.6533181523877162,2.231296471641052e-05,1.773872179045005e-07,0.0011914791797998873,1.0271815459544007e-05,2.0251460379441346e-05,1
0.8957540519114948,0.017909432397106264,1.1150103799582314e-05,8.205669150229175e-08,4.443592647721199e-06,5.097676749808012e-06,0.08631574226151043,0
0.8945111717638468,0.018812426832406543,1.2406168373168888e-05,8.715976371380934e-08,4.636576796269437e-06,5.414699189891622e-06,0.08665385679962354,0
0.9731059243730888,0.007679719438490963,1.3489628980377043e-05,8.56142867259751e-08,4.12906727868668e-06,5.72135329827868e-06,0.01919093052457608,0
0.905209519611623,0.0230491058279377,3.8994210277310314e-05,2.9159233733112496e-07,2.059653380227958e-05,2.3790049715817815e-05,0.07165770217430671,0
0.8618933168829244,0.12718474926996728,3.102367265540226e-05,3.0868813109614485e-07,2.4831880867394143e-05,3.1573735494174906e-05,0.010834195869960202,0
0.8419989230948896,0.14935048542388127,2.929913301168571e-05,2.6474756438002217e-07,2.143360539370959e-05,2.522416073032103e-05,0.008574369834529031,0
0.64945574478684,0.33338196446702206,4.798195624818942e-05,3.3258955316723454e-07,2.8745678561492813e-05,2.984779605885343e-05,0.0170553827257162,0
0.7008079372231059,0.2885944962136219,4.5556312188274115e-05,3.02123326770181e-07,2.511497497771668e-05,2.025234043068777e-05,0.01050634081234862,0
0.9561252196546298,0.03434123105547279,3.370068138095246e-05,2.335981155904886e-07,1.899668517836014e-05,1.716934799801121e-05,0.009463448977224405,0
0.9484227583012318,0.047843023017419564,3.0277835609183296e-05,2.3258937669965991e-07,1.9356304660129436e-05,1.4839669282842488e-05,0.0036695122824194743,0
0.9592479147633065,0.03650611300205714,3.318287257210149e-05,2.3000889552053157e-07,1.9200327677698945e-05,1.6903084384763893e-05,0.004176455941106211,0
0.9353850266190145,0.06450172948894527,3.799116565076187e-05,2.2440863386907166e-07,1.7904627749490715e-05,1.5557349614611005e-05,4.156634039141099e-05,0
0.8490839540329255,0.15079194351496647,5.667240065820026e-05,2.798871804372318e-07,2.1180992031493712e-05,1.9465504876450794e-05,2.6503667361414767e-05,0
0.9003670403286037,0.09951773864647229,5.155866978186204e-05,2.546320703683058e-07,2.003511597029261e-05,1.9260449902706065e-05,2.4112157198651735e-05,0
0.8978227967741998,0.10208668819594695,4.365861218449342e-05,1.3916128482679893e-07,1.3622348741993802e-05,1.18724941584589e-05,2.12224134833429e-05,0
0.8180407225079891,0.17772904668594816,5.8109855444360045e-05,3.154197829542503e-07,0.004110215550848334,2.2454710328082543e-05,3.913526965909357e-05,0
0.8607753250787501,0.13724799260049136,0.000316138334752753,1.577832275046748e-07,0.0012832702790053722,0.00037214692794215065,4.968995830823422e-06,0
0.8971122357402818,0.10106696399646493,0.00021020606283101055,1.39549027771384e-07,0.001237884818121643,0.00036749578313644514,5.074050136713096e-06,0
0.8871308847836507,0.1110354313766285,0.00015026080112138376,1.4487278154982423e-07,0.0014092827981929872,0.00026832918230241864,5.666185322634208e-06,0
0.6705348973156913,0.3272804288746689,6.293385379068612e-05,4.1422240799167315e-07,0.002067497991090431,3.7562704748923245e-05,1.62650376018016e-05,0
0.6485132689894624,0.3498349547829671,7.292238914548044e-05,4.427685391030561e-07,0.001520873789468325,4.015133799032548e-05,1.7385942427215908e-05,0
0.6851034006337751,0.31342667576705324,7.469541079521782e-05,3.9149716385053073e-07,0.0013447608006603943,3.5501923826520583e-05,1.4573966725683877e-05,0
0.7700789620136625,0.2287688707633012,3.29683603733542e-05,3.002543883828247e-07,0.0010881075709153524,1.900111768593925e-05,1.1789919673420366e-05,0
0.4898918072383612,0.5092870536874057,1.8748451237333585e-05,1.985725353418124e-07,0.0007851853537224989,9.614588212233338e-06,7.392108525749507e-06,0
0.9043120879767841,0.09545795757320132,1.1827459045744808e-05,1.2724992876499146e-07,0.000207211093421392,6.409036210050584e-06,4.379611408579965e-06,0
0.9092912062150871,0.0904554496718831,1.2201324214787437e-05,1.2207927522398178e-07,0.00023008846817638992,6.577309825703937e-06,4.354931537568531e-06,0
0.9217137664074386,0.07825505994461243,1.0526127200894946e-05,1.3624523507941134e-07,7.808110683790028e-06,8.006636650089322e-06,4.696528178944734e-06,0
0.34270397568456956,0.657249164804294,1.4214338131110888e-05,1.682084315091993e-07,1.6983415798558256e-05,8.761336628844821e-06,6.7322121465142976e-06,0
0.3363205831835033,0.6636288904227757,1.586870029341443e-05,1.878300972906209e-07,1.8302148122246993e-05,9.78335447650734e-06,6.384360731688268e-06,0
0.34763238799209817,0.6523178393365253,1.557042508709096e-05,1.843961726360363e-07,1.7958132739362016e-05,9.795359952687614e-06,6.264357424594613e-06,0
0.3816367824734957,0.6178170699141082,2.930476600487641e-05,2.189716202190233e-07,2.3113522282711014e-05,1.2046010792587116e-05,0.00048146434169561524,0
0.5340754353496802,0.4643378954058179,3.109008734749069e-05,2.3231193172121368e-07,2.3513278746382936e-05,1.3516469897565668e-05,0.0015183170965787024,0
0.546917437611515,0.4511152091263342,2.473578363703379e-05,1.9457212335786141e-07,2.198205399795488e-05,1.0928520371192813e-05,0.0019095123320213314,0
0.9211890153693552,0.06960147296090693,9.75296877173285e-06,1.0845246949024748e-07,5.174555782542038e-06,6.068314348261718e-06,0.009188407378365607,0
0.9503144844691203,0.04706248668045959,1.0496312204987136e-05,1.4482565309940592e-07,1.0101520715673063e-05,1.0265787141970271e-05,0.0025920204047043876,0
0.9560693188081313,0.04104020782242789,9.884091375877944e-06,1.3637837374212165e-07,8.235518011084048e-06,8.866219646175107e-06,0.002863351162033787,0
0.9851360066692766,0.012806832246292534,8.12394547731268e-06,1.1403595197204769e-08,4.911241323424906e-06,6.563431064666218e-06,0.002037551062969858,0
0.9896163548580444,0.00679053978956578,9.112958863856183e-06,1.1514614471568964e-08,4.5272719503856e-06,6.095976655082304e-06,0.003573357630306086,0
0.9051367068272683,0.09477438077167281,1.800847564921129e-05,1.658379613483675e-07,5.120540605094407e-06,1.1177817323094995e-05,5.4439729520445516e-05,0
0.8895530407155802,0.11028585648502365,1.7726894848423858e-05,1.5782841315711756e-07,4.219518464516207e-06,1.2373796507316561e-05,0.00012662476116262933,0
0.8091628723066494,0.1669348558210785,3.423025654948817e-05,2.679630988540609e-07,1.9616123490714324e-05,2.6080451515636936e-05,0.02382207707761747,0
0.7600958218139117,0.21364461007014726,2.1730113167327123e-05,3.629318020134478e-07,1.3727323266196071e-05,2.257054610648694e-05,0.02620117720159893,0
0.7383678118349855,0.22574390832241667,2.2779070996052624e-05,2.0165971492832287e-07,1.990230473742167e-05,2.484220213299628e-05,0.03582055460501671,0
0.7994420335932078,0.13379720508532433,1.8693318183509097e-05,2.589390514882018e-07,1.7252823603836074e-05,2.524996399543801e-05,0.06669930627663363,0
0.04004071523399449,0.0004380847760509647,2.7289572178293746e-06,2.1208539329912762e-08,1.8137759067827736e-06,1.8869420807245487e-06,0.9595147491062098,6
0.09877344628929173,0.001319913909349317,8.415367190987038e-06,4.440389291301498e-08,3.8262680121692386e-06,4.172700113699448e-06,0.8998901810621491,6
0.10017951035805636,0.0014016666531082738,8.42742521614357e-06,4.2322667968217035e-08,4.268688705461501e-06,3.6911511010275805e-06,0.8984023934011447,6
0.06413423403016086,0.0011821531837230758,4.743169515105419e-06,3.064147156537842e-08,2.602060870488457e-06,2.363660145799136e-06,0.9346738732541132,6
0.2196162576436642,0.7765550774189198,4.013950857281746e-05,4.0906200263804556e-07,4.296759927019548e-05,3.42517099270209e-05,0.003710897057643266,1
0.17347255990995092,0.8247995986877312,3.0431099423582117e-05,2.9970516931012944e-07,3.014975683599326e-05,2.632370379610422e-05,0.00164063713709293,1
0.26435878641975474,0.7342364257894893,4.773644475739335e-05,3.376623973529491e-07,3.6130236752112355e-05,3.1133450277924886e-05,0.0012894499965710661,1
0.2113715905004669,0.7873166128542859,4.236568246422202e-05,3.2685314314798884e-07,2.89810623400802e-05,2.609579647432874e-05,0.0012140272508254788,1
0.345705825923367,0.6538069048569314,2.6425021585626937e-05,2.427884814711577e-07,1.7423466950639067e-05,1.3876917482076887e-05,0.00042930102520180575,1
0.8815782103844887,0.11826126428155949,2.021037762857949e-05,1.6270961460053522e-07,8.280156637447296e-06,1.3644825199191473e-05,0.00011822726487212272,0
0.9132194699830659,0.08661443636842685,1.8191224408435864e-05,1.6571598904546983e-07,8.4331485265621e-06,1.3896939703212395e-05,0.00012540661988005934,0
0.9169741956201546,0.08273867076438454,1.9258156379897036e-05,2.0315868621135166e-07,1.033417641793584e-05,1.6233590952175363e-05,0.00024110453302475448,0
0.9822749943002222,0.015073990911025478,3.152659524890007e-05,1.8400029636499086e-07,1.4971655528885557e-05,2.45871939349403e-05,0.002579745343743258,0
0.9713617553906656,0.006876881059404403,1.4755837282854797e-05,9.885190148033644e-08,7.389571517711368e-06,1.0414513543875807e-05,0.02172870477568403,0
0.9833000172672436,0.005248549027483586,1.2977234275849601e-05,8.693673286937609e-08,9.614148571729038e-06,9.908274931898874e-06,0.0114188471107607,0
0.9862270141645916,0.007288332665180096,2.0448194294457318e-05,1.2044132194161883e-07,1.1381682523187361e-05,1.083367405246881e-05,0.006441869178036187,0
0.9707363884617365,0.01384324104324101,2.622980902615769e-05,5.468406960805634e-08,1.6023000458928308e-05,1.7712712302913477e-05,0.015360350289164748,0
0.7931449213217481,0.20273310372450368,2.8997380589659892e-05,2.5908276032206667e-07,2.073152006958122e-05,2.7659121334707046e-05,0.004044327848994102,0
0.7912825181112736,0.20534032012048756,2.8966110818217555e-05,2.5880337444185344e-07,2.0718564989235068e-05,2.7629294695719503e-05,0.003299588994361261,0
0.739367180784713,0.2584756204334908,2.3984506448970946e-05,2.185818310716505e-07,1.9435799005261435e-05,2.3211657699142037e-05,0.002090348236811903,0
0.728692527376951,0.26892588356998515,2.333354250684369e-05,2.126492974698219e-07,1.8908291617699544e-05,2.5496646834815878e-05,0.002313637922807055,0
0.7585788617158847,0.2406965492615013,2.1814634575573293e-05,2.0263747507706345e-07,1.331389921786853e-05,1.6952260536236102e-05,0.0006723055908090285,0
0.744354539387841,0.25493427124390927,2.3380330162045896e-05,2.1331102383296905e-07,1.341162692456692e-05,1.630681481021462e-05,0.0006578772853289591,0
0.7453913357366758,0.2539168731625115,2.8653535601339486e-05,2.2841542582727713e-07,1.8768514252279473e-05,1.623324084216838e-05,0.0006279073946911939,0
0.1040426881864607,0.895744891663683,2.4632316242387367e-05,2.2151488207940521e-07,1.5287145482713578e-05,2.146717664608897e-05,0.00015081199660284383,1
0.1938124637295674,0.8057765862574129,3.0112058874613937e-05,2.1670847763202662e-07,1.35118618607456e-05,1.8400366539342897e-05,0.00034870901726740127,1
0.04937705388000886,0.9502095202219132,1.9038450492691324e-05,1.3671634267824812e-07,1.0474038854856242e-05,1.2471885233970841e-05,0.00037130480715384407,1
0.0900043370666097,0.909658157044552,1.6017349001320115e-05,1.4958325090251843e-07,1.781341016230732e-05,9.501149122877171e-06,0.00029402439730082087,1
0.13504461297998252,0.8645066422318839,2.1524819304727092e-05,2.1740557239245659e-07,2.4924506997647746e-05,1.545232352261842e-05,0.00038662573273628,1
0.15622842533613132,0.8416737043654557,2.6729946964877743e-05,2.175060282026556e-07,2.0505758763316024e-05,1.881183221365549e-05,0.002031605254442964,1
0.14568943312690744,0.8526972502331251,2.4679464276615737e-05,2.008209092232505e-07,2.232273075122098e-05,1.7368756537550553e-05,0.0015487448674927128,1
0.14854967539436753,0.8498853747775582,2.393958037737613e-05,1.9480035076624509e-07,2.1653501108114884e-05,1.684804574869754e-05,0.0015023139004893657,1
0.13389432411675067,0.8643942348308596,2.2705450553779703e-05,1.847580309453486e-07,2.0537222916035233e-05,1.5979497703994358e-05,0.0016520341231847635,1
0.2158352963151824,0.7817151967315007,2.722350032613092e-05,2.2428658117355207e-07,3.094774719458623e-05,2.247536135336874e-05,0.0023686360578616173,1
0.24114658372760828,0.7552849130677991,2.9129209256030525e-05,2.4503538344463926e-07,2.961331201321836e-05,2.3680553751643603e-05,0.0034858350941881634,1
0.1443682214637294,0.8528568972479315,2.1101121813214965e-05,1.7170334090985717e-07,1.0576678548664322e-05,1.5249076012120493e-05,0.0027277827086240906,1
0.08350882758782535,0.9156936435760201,1.6596779103428167e-05,1.8539245254633953e-07,1.8094902660071187e-05,1.5445845516327016e-05,0.000747205916422018,1
0.09972608531318575,0.8994914312673451,1.7698871362092258e-05,1.0692795906887135e-07,9.626195257952963e-06,1.2383438456123552e-05,0.0007426679864338759,1
0.1398853511279049,0.8592975250523617,1.9386939265261773e-05,1.1712644302656522e-07,2.653190809337065e-05,1.2762991193109782e-05,0.0007583248547385842,1
0.21656331610536428,0.7828747653033763,2.1436800017876957e-05,1.2951070313944347e-07,1.9118662832738622e-05,1.2982783213032097e-05,0.0005082508344926263,1
0.3629712021983211,0.6369434478836693,2.8386207387150962e-05,2.3773714584588623e-07,2.4385419925548362e-05,2.677971771709278e-05,5.560835834162526e-06,1
0.3679415961942337,0.6319719582325245,2.7554338215351237e-05,2.4167256177000175e-07,2.577365492408436e-05,2.7223019613278097e-05,5.652887927306362e-06,1
0.2366847886685202,0.7632365654008627,2.4509044207979622e-05,1.9824279405569663e-07,3.0730433128544104e-05,1.7065184343190987e-05,6.143026143214281e-06,1
0.3128803222507075,0.6858340197086761,2.0796735830595676e-05,1.7384678546478879e-07,0.001237341400269239,1.0066802555585612e-05,1.7279255175597725e-05,1
0.08025604895010967,0.0005267527364174014,9.030473679587673e-06,4.842229727882239e-08,3.768780991594426e-06,3.999961894862647e-06,0.9192003506746096,6
0.044192855809717164,0.0005088828604791464,5.821667633800954e-06,2.9330654245203778e-08,2.28557428768373e-06,2.1544910989682184e-06,0.955287970266129,6
0.058736001811136106,0.0009282790774699546,7.872249566812456e-06,3.9751067994122814e-08,3.0975790091757536e-06,2.919925394498242e-06,0.9403217896063556,6
0.866110787785669,0.023438483691158137,4.261582850590823e-05,3.1867420709301507e-07,2.4175779794588458e-05,2.5999569464963496e-05,0.11035761867120052,0
0.908761058905576,0.024817672032505667,8.138663957323732e-05,3.8618630262530553e-07,3.800733866117178e-05,2.892021050837613e-05,0.06627256868687305,0
0.8929421271372556,0.05850056910799309,6.426928254314107e-05,4.140338281728312e-07,3.649831492437382e-05,3.836594805154398e-05,0.04841775617540425,0
0.7694385279097278,0.181150652194363,4.3416952255626625e-05,3.4646945974618457e-07,2.804966605452477e-05,3.0355592758034304e-05,0.04930865121538131,0
0.7155438285971467,0.2545226912073851,4.0375846953501424e-05,3.2220128668661594e-07,2.6084949884236656e-05,2.822935981699114e-05,0.029838467837526753,0
0.671035189210954,0.29919269607870347,3.627227413443597e-05,2.829990971943618e-07,2.4256039273638062e-05,2.0335878694209402e-05,0.02969096751914322,0
0.6619479514498422,0.3234265042190371,4.176120794042722e-05,2.9560742326001244e-07,2.5228432581392588e-05,2.4665108498987425e-05,0.014533593974676622,0
0.6756716971718145,0.307905721550651,4.323005382854984e-05,3.002199240251518e-07,2.678914179942791e-05,2.6942827818170916e-05,0.01632531903416427,0
0.7047744155880554,0.2814978556557607,4.057771115920823e-05,2.814140699522166e-07,2.3383999538130574e-05,2.307370231775148e-05,0.01364041192909895,0
0.6834137205741091,0.30148166903555523,4.465376208998617e-05,3.0951999338928386e-07,2.504138082700538e-05,2.400774910215164e-05,0.015010597978323208,0
0.9433675564324812,0.039359542348812476,3.277144276617615e-05,2.2715704732566862e-07,1.986165356586696e-05,1.5227099154673252e-05,0.01720481386617216,0
0.9545666099163526,0.035399992483812856,3.250868242110965e-05,2.1559320344874129e-07,1.792187967696949e-05,1.4451935894734028e-05,0.009968299508638262,0
0.9531262394558078,0.03698778757979743,3.170343046955555e-05,2.1975406169763765e-07,1.8344290482988198e-05,1.615181676327184e-05,0.009819553672617193,0
0.9502257979669687,0.04431763675228135,3.215836198227942e-05,2.2290744435164805e-07,1.8607523694526173e-05,1.5363377572002592e-05,0.005390213110056899,0
0.9420646505839274,0.055514381598012,3.347226536149687e-05,2.320148374628937e-07,1.9199420057878645e-05,1.6121325131606378e-05,0.0023519427926723493,0
0.9349119281895423,0.06387824239520912,3.570434785892147e-05,2.4748663933380773e-07,2.0126128849072508e-05,1.818750331066027e-05,0.0011355639485905226,0
0.9446466949395961,0.055006353016578774,2.8956965304319092e-05,2.2038193146482268e-07,1.65735854056919e-05,1.6805527842915392e-05,0.00028439558334064424,0
0.9455806957150344,0.05421570368421686,4.54333962234652e-05,2.170610881894088e-07,1.764651352863489e-05,1.533957458791896e-05,0.00012496405532053115,0
0.9065349822388898,0.09334137996307593,5.5581457318798846e-05,2.74499354057273e-07,2.2715049010625502e-05,1.9073320411592097e-05,2.5993471939272147e-05,0
0.8778138403288926,0.12207182382104224,5.2835712541134126e-05,2.609389833107475e-07,2.178226182128136e-05,1.9176100316443402e-05,2.0280836402940115e-05,0
0.92543169853179,0.07448370184140825,3.41218197528319e-05,1.8861192844160941e-07,1.4429681925462143e-05,1.2470755065741208e-05,2.3388758129062756e-05,0
0.8923142535304374,0.10759882678954788,3.893460110109465e-05,1.9586084956395974e-07,1.3295120347394536e-05,1.2757866091605398e-05,2.173623162508804e-05,0
0.6961848205677732,0.2991125146445926,3.847224807933051e-05,3.2220685764141375e-07,0.004620246139706618,2.0418613557746923e-05,2.3205579432909326e-05,0
0.7268515722236326,0.26936347539535277,7.351333418816329e-05,4.12220905635907e-07,0.003628475039369303,3.143447314872914e-05,5.111731340282755e-05,0
0.7795209622366085,0.21542679852429863,5.753712005985419e-05,3.434146854043139e-07,0.004929119232607872,2.2654450308534016e-05,4.258502143132607e-05,0
0.8663512704428648,0.13154787700444784,0.00019487983261753011,1.716362661209053e-07,0.001581188404109812,0.0003178997355402038,6.71294415363693e-06,0
0.7165615307242862,0.28064007409962605,5.151184763010558e-05,3.7182896509290164e-07,0.002698867072902593,3.304402839336717e-05,1.4600398196701599e-05,0
0.7120497921525721,0.2854036545815107,5.667996305934845e-05,3.7306011580681294e-07,0.0024425802204687294,3.2271281176001966e-05,1.464874109720363e-05,0
0.5288135916512835,0.47058248341667314,1.8663526852374174e-05,1.942964796326928e-07,0.0005641453814224792,9.66470987831537e-06,1.1257017410411053e-05,0
0.6355794766279351,0.36391609422070514,1.6504848197118177e-05,2.0786089577322162e-07,0.0004719988361075317,8.396834167558359e-06,7.3207719917487864e-06,0
0.8662196295806227,0.13374049110983524,1.357550536686797e-05,1.7639152549300137e-07,8.284298697235054e-06,1.1150197267039467e-05,6.692916685554425e-06,0
0.7362391981015398,0.2637199213639106,1.4901614832404217e-05,1.9318768555888432e-07,9.073137087080866e-06,1.0146129339128912e-05,6.566465605453686e-06,0
0.39247593888568527,0.6074768606826267,1.304266020239374e-05,1.8406042502836912e-07,1.793483158932039e-05,9.782650215250991e-06,6.256229255904506e-06,0
0.43855949817044987,0.5613072237146293,2.749965071179247e-05,2.387251180342629e-07,2.2109579711748326e-05,1.3823202039117632e-05,6.960695734019617e-05,0
0.6069309686325842,0.3914865651699951,2.488222061671891e-05,2.695283580418849e-07,2.2147799795382856e-05,1.4827225129143777e-05,0.0015203394235214827,0
0.7219618772302977,0.2762974302879341,2.886031838050199e-05,2.2701578856272552e-07,2.3790178042942647e-05,1.2751302925855697e-05,0.0016750636666303506,0
0.8537130651716269,0.14209713878954627,1.9295256467847746e-05,1.7962548921850403e-07,1.1699089595772771e-05,1.0937530660333738e-05,0.00414768453661367,0
0.9347719957444948,0.056770793383895214,1.5394016296666716e-05,1.49651115540773e-07,6.750840737419873e-06,1.0230156694864566e-05,0.008424686206765853,0
0.9493833109127369,0.04134250839971749,9.068495934125987e-06,1.1929445203396738e-07,5.8327478678507745e-06,7.703572123591262e-06,0.009251456577167895,0
0.9583421950761989,0.03852633201806258,9.907588957358386e-06,1.3670258785825138e-07,9.209118173625637e-06,9.984298467054006e-06,0.003102235197552219,0
0.9713958090383225,0.025856008540474998,8.765517855944885e-06,1.2926961295736168e-08,6.910954276151347e-06,7.440216692448894e-06,0.00272505280541682,0
0.9883859691498031,0.007006342935784523,9.326580666447729e-06,1.1151125762792409e-08,4.968191307206216e-06,6.208250181028608e-06,0.0045871737411319665,0
0.9128967080996144,0.0870213927840119,1.6243222330436305e-05,1.4958194849355902e-07,4.460782999543768e-06,1.1942170907831343e-05,4.910335818724009e-05,0
0.7541544033753083,0.09353835903135833,3.788419142814519e-05,2.6830952137675815e-07,2.191228224000556e-05,2.322587033778687e-05,0.1522239469398061,0
0.8118021291394624,0.15754257783007433,3.4341905812670065e-05,2.6883711750197077e-07,1.9680105650212806e-05,2.616551845607783e-05,0.030574836663426894,0
0.7620495336527681,0.20984220293719008,3.3696879256070096e-05,2.9173592366506557e-07,1.4943110869899327e-05,2.0763401249577446e-05,0.02803856828274277,0
0.8109957235926458,0.1573420892524023,1.7400388275975746e-05,1.7065403453958059e-07,1.7112833113759696e-05,2.303666758484443e-05,0.031604466611942786,0
0.029954535577748888,0.0003261978848948571,2.04153810924495e-06,1.5866148798725664e-08,1.3178408538394367e-06,1.4153295878690053e-06,0.9697144759626565,6
0.024111967256140218,0.00035266316866558467,2.0871470567000028e-06,1.6220606226484752e-08,1.3870047337599143e-06,1.3316843216163987e-06,0.9755305475184759,6
0.10989435800100508,0.0011275901169933119,6.988150166823074e-06,4.895549288177191e-08,4.21847779879226e-06,4.532437477737733e-06,0.8889622638610655,6
0.09657243028707797,0.001363091515760672,7.191771270693925e-06,3.7947558806561774e-08,3.827412671598419e-06,3.379298130312787e-06,0.9020500417675299,6
0.17608471268590867,0.8223876882656456,3.0889331439504506e-05,3.042181348787975e-07,3.060375239041679e-05,2.67200865783735e-05,0.0014390816599025103,1
0.6669988547087294,0.33238088709810265,3.2421011078983075e-05,2.643092942357441e-07,1.5748962797347134e-05,2.7978025690133257e-05,0.0005438458843073614,0
0.8983102005582942,0.10145415180242212,2.2168663246864444e-05,2.102758885522035e-07,1.1225495225448357e-05,1.7633732032022444e-05,0.00018440947289101358,0
0.9492820185118795,0.04976191479205377,1.6647098780111388e-05,1.909468739225683e-07,9.22012012567861e-06,1.7961677687807123e-05,0.0009120468525991667,0
0.9599038686697235,0.007859588004515744,1.6487381869835388e-05,1.1045181761114764e-07,8.433481235465623e-06,1.2570260653097052e-05,0.03219894175018499,0
0.9652634644813791,0.009252975592265966,2.242847103702326e-05,1.2452373751217712e-07,8.634562827643716e-06,1.3119162418060073e-05,0.02543925320633469,0
0.9662143546836719,0.006460966936246101,1.6821248101198366e-05,8.857216477381008e-09,1.1194265846120018e-05,1.324812472462714e-05,0.02728340588419369,0
0.9694493694299303,0.009709770988105928,2.5027297374978533e-05,9.183747198184819e-09,1.9454256511092732e-05,1.594270330607178e-05,0.020780426141024412,0
0.9676595752395307,0.013038109758027211,3.372879224913056e-05,2.0592545543038498e-07,2.1134945022599567e-05,2.0045969294246482e-05,0.01922719937042078,0
0.9750668089698185,0.010743498365192495,2.7809571230270558e-05,1.6978664930004467e-07,1.4442379428340457e-05,1.652800986322106e-05,0.01413074291781762,0
0.9738371203533839,0.012104313650368438,2.7647109765377856e-05,4.8979468756343765e-08,1.5244171566523126e-05,1.534997366523029e-05,0.014000275761781688,0
0.9336945465564453,0.05143474832985222,3.5894782200045626e-05,2.5415711575205436e-07,2.6061499672950744e-05,2.5662440826498744e-05,0.014782832233887332,0
0.7896038457572094,0.20682379850666127,2.917608732319405e-05,2.77416728136663e-07,2.219860500667037e-05,2.72822487319725e-05,0.0034934213783392345,0
0.7512963789699861,0.2472162869621809,3.362726068841061e-05,2.743344751164101e-07,2.3003594967714795e-05,2.73837952708588e-05,0.0014030450824306362,0
0.754591681548377,0.2441967863371739,3.2912875902654856e-05,2.6850645430176794e-07,2.2514901630041686e-05,2.6802048012317038e-05,0.0011290337824495515,0
0.7877800701544114,0.21121298837458405,3.443124718128019e-05,2.808934754038784e-07,2.3282592772149855e-05,2.803850817552498e-05,0.0009209082294000272,0
0.8125094909565793,0.18474288047132773,2.705385039450716e-05,2.650914124076809e-07,2.2765859183187805e-05,2.8150606542280174e-05,0.0026693931645607703,0
0.8267634685470702,0.17068759652869397,2.518672905642754e-05,2.4679613001976107e-07,2.1944550262130917e-05,2.6207792584617175e-05,0.002475349056202559,0
0.8360419352006452,0.1612560807140898,2.4689844518938366e-05,2.4192732865042675e-07,2.1511627524010454e-05,2.3355915998185843e-05,0.002632184769895452,0
0.8379370493426113,0.1593644785233936,2.6468144725440973e-05,2.4121636821943277e-07,2.1698031738409004e-05,2.5615266113789355e-05,0.002624449475049268,0
0.774528950833906,0.22295338939527107,2.4237259750830537e-05,2.2088528808242612e-07,1.9869198872110307e-05,2.4077189116715638e-05,0.002449255237794979,0
0.7827912314454522,0.2146509671363292,2.4623699390545218e-05,2.2440709013523123e-07,2.0185994010359982e-05,2.4461076585153033e-05,0.0024883062411424324,0
0.8198383543018614,0.17776814235336946,2.4688343617449735e-05,2.2499622268690843e-07,2.0238987996210864e-05,2.6254294063566435e-05,0.0023220967228694215,0
0.7907203058597386,0.20688935604908387,2.4278522858723525e-05,2.3246527919422205e-07,1.944275208920431e-05,2.1398811305663304e-05,0.0023249855396447103,0
0.7862287151263156,0.21184284699204647,2.398491935465326e-05,2.2279738315654087e-07,1.4638466572991662e-05,2.177211395904945e-05,0.001867819584367952,0
0.7753331507068884,0.22393133637126714,2.0231971233330285e-05,2.1213552157379115e-07,1.3937949797732745e-05,2.2051442925256974e-05,0.0006790794223664181,0
0.7461510975265154,0.25305569730287136,2.1217675553179772e-05,2.123176988413431e-07,1.3349173029952603e-05,1.6230878900322376e-05,0.0007421951254306551,0
0.6918731951141093,0.3071700715759244,3.5805626711556884e-05,2.365943883044719e-07,1.788942010680382e-05,1.203841841390374e-05,0.00089076325034561,0
0.09115136700994117,0.9086482600432688,2.275379643565727e-05,2.047288906383642e-07,1.664979388117208e-05,1.7925505138066618e-05,0.00014283912244454457,1
0.12360950024930027,0.8761621104137167,2.8354487786434515e-05,2.3522640266782965e-07,1.6233402492882893e-05,2.0606581173303454e-05,0.00016295963912782164,1
0.33254639601533936,0.6668000069736191,4.562392129787537e-05,2.6196977731565265e-07,1.4349407963031498e-05,2.909481963427179e-05,0.0005642668923690889,1
0.11929508742701189,0.8786273854593518,2.2291065761241695e-05,1.95247685210227e-07,3.85903326889697e-05,1.991372768982888e-05,0.0019965367398109826,1
0.12855223013135425,0.8699807931363692,2.665069809257477e-05,2.09357409981326e-07,4.2843103109175674e-05,2.135280860168484e-05,0.0013759207650631872,1
0.12890910985630313,0.869318370956315,3.1080559971559025e-05,2.5292607533401117e-07,5.313023109141857e-05,2.5796469671000342e-05,0.0016622590005724786,1
0.13337006587951183,0.8652413785195312,2.2818989438006737e-05,1.8568191574718652e-07,2.0639919551342494e-05,1.6490521572270992e-05,0.0013284204884797823,1
0.15252368767277136,0.8458637114886729,2.458001386272008e-05,1.999068688597974e-07,2.755384584963573e-05,1.776315511040055e-05,0.001542503916864102,1
0.12959962734513197,0.8689662813978343,2.0885678056651077e-05,1.6986119404315337e-07,2.3412547968937524e-05,1.5093382004509862e-05,0.00137452978780941,1
0.3288661378300505,0.6686810081588188,2.8730829635890482e-05,2.3814556362864577e-07,1.606438042221567e-05,2.301471216501971e-05,0.00238480594334399,1
0.3758126316854399,0.6216938591033832,3.2540955239728026e-05,2.697271267411963e-07,1.8194750757223657e-05,2.6066797510141484e-05,0.002416436980542925,1
0.1644293284114794,0.8335971382376683,2.6263586052128067e-05,2.1359919819547907e-07,2.0147992083642083e-05,1.8979816504777048e-05,0.0019079283570136965,1
0.14376230823008807,0.8552630717312104,2.3806279723367955e-05,2.3416700163278376e-07,1.5973923992675562e-05,1.4345379226364292e-05,0.0009202602887572725,1
0.13880134612116846,0.8599036263614602,2.75850278880554e-05,2.7147834798872105e-07,3.914778518398575e-05,1.662240764295305e-05,0.0012114008183083723,1
0.07947753196168038,0.9196700800743232,1.8366187307533724e-05,1.8552895437343632e-07,2.3317965705082297e-05,1.5457218072788056e-05,0.0007950610639568666,1
0.041373281337818826,0.9582692674877533,8.769749583297387e-06,7.764138645737156e-08,7.05530491484498e-06,5.843637157224116e-06,0.0003357048413861723,1
0.046027054871266765,0.9535567798060477,9.927236184147726e-06,9.02595094993553e-08,1.169686856254254e-05,6.79305570954265e-06,0.00038765790271992796,1
0.04442641191028809,0.955075037317548,1.0153824305890021e-05,8.360888520152573e-08,1.0835003937950047e-05,6.292520512653318e-06,0.00047118581452197173,1
0.05272196307759358,0.9465575729541021,1.8320424319484623e-05,1.106830792585991e-07,9.793218342045413e-06,1.184652356007534e-05,0.0006803931190035174,1
0.23549583528600582,0.7642812157170431,2.0618187149955033e-05,1.2456504296464352e-07,1.489782014523923e-05,1.2487006166515551e-05,0.0001748214184463358,1
0.36862737227556536,0.6310350501371345,2.3990858238775484e-05,9.36079180776157e-08,1.9329132737976742e-05,1.4996097923393034e-05,0.00027916789048209673,1
0.42745614685787325,0.5723611868883939,2.390046608994696e-05,8.745109860733295e-08,2.367638740263124e-05,1.4405334497569647e-05,0.00012059661464420914,1
0.3534237105204624,0.6465142623952216,2.2913296314435685e-05,1.0586816350189054e-07,1.5757570073487993e-05,1.4205112859641341e-05,9.045236904751268e-06,1
0.3314298498308127,0.668507542622781,2.3436765353398117e-05,1.8503239611119742e-07,1.72585999637848e-05,1.5782573921435677e-05,5.944574771519337e-06,1
0.2811163582896017,0.7188174992325399,2.5200548965137992e-05,1.9895740252658027e-07,1.7380700022990962e-05,1.6970325081374022e-05,6.3919463862736705e-06,1
0.28317165557970597,0.7167653618596904,2.212489808455465e-05,1.9854790987742372e-07,1.73449271952086e-05,1.6935396884250565e-05,6.378790529664454e-06,1
0.3141104843601537,0.6857932616930301,3.3412682091579004e-05,2.6225438049733726e-07,2.8848735064275414e-05,2.7595964415028834e-05,6.134310864828287e-06,1
0.3031956571764548,0.6967450345662803,2.2188041013087666e-05,1.7990863139177072e-07,1.7927843929883414e-05,1.4183912820498023e-05,4.828550870008443e-06,1
0.27605489227575924,0.7228529690311096,1.6561654032055384e-05,1.4740181226781992e-07,0.0010539356713002177,8.604993676350585e-06,1.288897231035859e-05,1
0.3227896075191279,0.6756637072097547,2.3800365558626737e-05,1.892119978323554e-07,0.001490070507934203,1.0956543247168685e-05,2.1668642379555792e-05,1
0.0825565800519394,0.0005158814177858577,1.0104363841215498e-05,4.923230798268982e-08,3.988433967025589e-06,3.968846885707124e-06,0.9169094276532729,6
0.05250714990580394,0.0007556562603641461,6.503158973425425e-06,3.291846882368615e-08,2.703659494412946e-06,2.5369340251854404e-06,0.9467254171628702,6
0.9325814177508273,0.02634370489915219,7.081792207901625e-05,3.895566442636723e-07,3.6461009848907384e-05,3.085400525880569e-05,0.04093635485618946,0
0.695860509326635,0.2815371097433291,4.068783637334621e-05,2.8256497651378404e-07,2.6142805524491227e-05,2.3398492647908056e-05,0.022511869230513827,0
0.6716311314745482,0.31956267940888416,5.0711741268177756e-05,3.363134380792595e-07,3.1894733811782846e-05,3.025079648121224e-05,0.008692995531568238,0
0.7146348461339288,0.27662491955949364,4.2971023414579024e-05,2.9785599825627997e-07,2.476023954568615e-05,1.9966287080497946e-05,0.008652238900538366,0
0.949097552051755,0.03786799662602486,3.2954354319178405e-05,2.1854883945228873e-07,1.910898819793355e-05,1.6063233513817825e-05,0.012966106197349595,0
0.9601503732707718,0.028362449381718974,3.19049965124271e-05,2.1158963980860975e-07,1.8500505150430772e-05,1.4183563589150539e-05,0.011422376692617553,0
0.9627064741703089,0.030038800864677504,3.041208675578163e-05,2.0168886337215613e-07,1.676603660838467e-05,1.351988132051288e-05,0.007193825271465455,0
0.9643586575193455,0.02819305398310823,3.0606799676523186e-05,2.0298017323798672e-07,1.7747729727322406e-05,1.4918944111386045e-05,0.007384812043857702,0
0.961967169633947,0.027132941718117785,3.2653768385879576e-05,2.2740754704728966e-07,1.965480932166255e-05,1.6714344217886317e-05,0.010830638318462763,0
0.9473861274345,0.04921822697567288,2.9396706313771848e-05,2.3713714653320543e-07,1.9734774303375104e-05,1.5127626597126839e-05,0.0033311493454663437,0
0.9442820908836493,0.052615394263685965,3.427636265329703e-05,2.387076266535981e-07,1.9926466933126877e-05,1.7542343949268314e-05,0.00303053097150224,0
0.9452435570432621,0.05162690740172871,3.119818094911737e-05,2.3895067828751626e-07,2.0652480887305008e-05,1.7560205529224493e-05,0.003059885736965291,0
0.9483119480552811,0.05033255572686774,3.4105886751987065e-05,2.261856474547912e-07,1.9549200674049018e-05,1.6622118361546216e-05,0.001284992826416064,0
0.9378313680990509,0.062062455177113215,3.7420721819551895e-05,2.2208029003950771e-07,1.7718858918664493e-05,1.543103277444891e-05,3.5384030033114815e-05,0
0.916930545700294,0.0829567036119069,4.923059552762534e-05,2.442797118378944e-07,1.986533482735835e-05,1.7951829964390042e-05,2.5458647767881546e-05,0
0.8961798771565511,0.1037041482131386,5.02524099581769e-05,2.537997391529182e-07,2.1186303013291765e-05,1.860902290382898e-05,2.5673094695822547e-05,0
0.7066928974235707,0.28854732302466796,3.5227345188342896e-05,3.6178858513479297e-07,0.004680426466719028,2.2021027666829475e-05,2.174292360207181e-05,0
0.678458651423928,0.3165906012303518,6.130821582202388e-05,3.978152888191887e-07,0.004812131428030219,2.757893679709504e-05,4.933094978197899e-05,0
0.7500071177031922,0.23830808483178487,4.716358076432524e-05,3.7184943644209535e-07,0.01159135429356346,2.4134524769395794e-05,2.1773216489384765e-05,0
0.7454097055197624,0.2516101791800311,0.00010438394973057318,1.4583268802252844e-07,0.002666301020616549,0.00020488046876818456,4.404028403225316e-06,0
0.697102328496791,0.30158532915233727,6.194263882530727e-05,3.7610193552701714e-07,0.001201916903092502,3.410584673145906e-05,1.4000860287020491e-05,0
0.4136961733365873,0.5851745460304317,1.997869325578627e-05,2.203449104292782e-07,0.0010879851833771324,1.2444252152185131e-05,8.652159285332194e-06,0
0.4094561565332424,0.5894966036705872,2.012625446536425e-05,2.2197236228966845e-07,0.0010056393413084156,1.2536164514838679e-05,8.716063519370882e-06,0
0.4193294591079538,0.5796276306000876,2.00517195474938e-05,2.2115031704417867e-07,0.0010019150891957987,1.248973848986061e-05,8.232594408287512e-06,0
0.5519476505853629,0.44746035337448165,1.8979980886910042e-05,1.9672803811955443e-07,0.0005516357751960926,9.785660640635403e-06,1.1397895393752694e-05,0
0.8853253461342127,0.11438647977845387,1.764747566638359e-05,1.4803473842280038e-07,0.0002572620845675762,8.019178294345304e-06,5.097314066629731e-06,0
0.9017877413048168,0.09796496429160727,1.575493792156043e-05,1.2211077528272552e-07,0.00021936017519740025,7.37153431991384e-06,4.6856453619489354e-06,0
0.8884352578925522,0.11153528019478616,9.548448671354692e-06,1.360251190404834e-07,7.648128987682121e-06,7.529009662300518e-06,4.6003002213357305e-06,0
0.9083260979999994,0.0916433877444626,1.0917191166349727e-05,1.4130698294618074e-07,6.280647853035733e-06,8.304097151808634e-06,4.871012383674095e-06,0
0.6119300421701503,0.38799724414445597,1.9720997974996957e-05,2.577377841372839e-07,2.4255767412361838e-05,1.3698537255253532e-05,1.4780644967087237e-05,0
0.5142733219824006,0.4852046648106435,2.15294060483017e-05,2.2989055755259515e-07,2.162372229067278e-05,1.3375588493763511e-05,0.0004652545995655585,0
0.6186663236184384,0.37993181587269836,2.5531027001605433e-05,2.765563368665744e-07,2.2725305884561143e-05,1.52138465035831e-05,0.0013381137731367208,0
0.5579163097845662,0.44061551379675495,3.1375519293184934e-05,2.477617302010722e-07,2.507701856611938e-05,1.391658657413194e-05,0.0013975595325151152,0
0.6505354394789095,0.34765851005584114,3.351425274838807e-05,2.646505758118329e-07,2.7734125267640386e-05,1.4865220093475528e-05,0.001729672216564031,0
0.6725171024169716,0.32514539783766977,2.0374289043932433e-05,1.7185289178082914e-07,1.1470711063682443e-05,9.593030505649508e-06,0.002295889861853597,0
0.8731059534982231,0.12281546580115042,1.9943885404768307e-05,1.806304626841627e-07,1.2862891725867641e-05,1.0380739763729929e-05,0.004035212553269395,0
0.9029519225386438,0.0784068654458803,1.0304531065656642e-05,1.2104788702753739e-07,7.3430945392285336e-06,6.711787300926449e-06,0.018616731554683526,0
0.880345377351596,0.10543140747296843,1.6460387376613668e-05,1.5779943429252956e-07,7.955229491702439e-06,8.586459304623132e-06,0.014190055299828247,0
0.9179021318214665,0.06903719513054295,1.7162610325795507e-05,1.7554680094359237e-07,7.919008761487373e-06,1.2000386862775217e-05,0.013023415495239365,0
0.9582889597478613,0.038897438918883066,1.046978066872911e-05,1.544032556932358e-08,8.254637851641294e-06,9.983743845323016e-06,0.002784877730564393,0
0.9899250639118053,0.005892929484549784,1.0408588656578881e-05,1.3151698297355903e-08,6.239142335191152e-06,6.962668701876486e-06,0.004158383052252957,0
0.9113767833423727,0.08851839370348742,1.7567699425822187e-05,1.6177890428426289e-07,4.74064878287809e-06,1.2499551161562357e-05,6.985327586515578e-05,0
0.9128809725876971,0.08701989280471406,1.6242942347590173e-05,1.4957937016403691e-07,4.460706109460336e-06,1.1941965061790961e-05,6.633941469983665e-05,0
0.7611788095482114,0.08309521159885852,3.873468677710667e-05,2.7433303650036396e-07,2.1867076832455816e-05,2.374728821561954e-05,0.15564135546806843,0
0.71712291909876,0.22169466365722773,5.49559913039839e-05,3.366366854549568e-07,1.3938180230307525e-05,2.1937015728942315e-05,0.06109124942006346,0
0.8096920856757092,0.13341411592762786,3.5803573443353196e-05,2.1350382283327265e-07,1.491500643245365e-05,2.1561145490379133e-05,0.05682130516747391,0
0.7770456011131851,0.1836203402995937,2.833611233131161e-05,3.4610392175785857e-221,2.3764158941101913e-05,2.2580479123539655e-05,0.03925937783682527,0
0.03154802692781687,0.0003677531530655765,2.31053532551071e-06,1.795670485564594e-08,1.5180087954623478e-06,1.5976235560682752e-06,0.9680787757947356,6
0.024575802560594856,0.0004744924512166009,2.1272969324941288e-06,1.6532637582017745e-08,1.4460527493746433e-06,1.3573015678656473e-06,0.9749447578043012,6
0.08576298694345881,0.001243585717910411,5.789605150663821e-06,3.857284736641948e-08,2.7395609767780932e-06,3.4349811973581366e-06,0.9129814246184587,6
0.2824040426822923,0.6619941339226199,4.839857740553011e-05,5.260118922531473e-07,4.572293079669173e-05,4.295047520392742e-05,0.05546422539978947,1
0.16936998549179497,0.8290067473549131,2.9711412978207994e-05,2.92617231245233e-07,3.047820810224308e-05,2.64949211057026e-05,0.0015362899938746266,1
0.23401183257485678,0.7643234457366299,3.4064818255828774e-05,3.6793363846464236e-07,3.473416686017806e-05,2.903583972805634e-05,0.0015665189300307215,1
0.6760824141605578,0.3232854568103734,3.315960015840671e-05,3.1584559441285436e-07,1.6107742846064067e-05,2.6310501988522457e-05,0.0005562353384813954,0
0.9679776695881098,0.031355730751552666,1.2859066461674404e-05,1.4190603135918822e-07,6.852118753306234e-06,1.3348584058323952e-05,0.0006333979850330549,0
0.9757167286002159,0.021514798960325005,2.5404387950296128e-05,1.6775387287422045e-07,9.657195158988673e-06,2.342202103498083e-05,0.0027098210814419043,0
0.9823657642069139,0.016013991087971476,2.3046207618010392e-05,1.4033469759928582e-07,8.078737850124644e-06,1.9593718957371763e-05,0.0015693857059913671,0
0.9783260088621322,0.01653068296960566,1.9346635804956197e-05,1.4298868921831125e-07,8.964007960472245e-06,2.162071376178958e-05,0.005093233822045549,0
0.9661182312081122,0.024334714925111953,4.3986933509508554e-05,1.9410236010297742e-08,2.3397511087330575e-05,3.2148568909031156e-05,0.009447501443033671,0
0.9654586458903004,0.008994696818836552,2.6014062160506243e-05,1.2512280235217128e-07,8.676102401560343e-06,1.3182276721339513e-05,0.02549865972677725,0
0.9748782482718718,0.006111568637340174,1.9769149584169924e-05,7.62781936068259e-09,1.0761640907545389e-05,1.3241660328336177e-05,0.018966403012148775,0
0.9714515726858021,0.01641043753888188,3.5974675200635676e-05,1.7582436332666243e-07,1.8029188652757786e-05,1.981866391167555e-05,0.012063991423187604,0
0.9541051734028534,0.03242830818059745,3.7816686298318866e-05,2.597130077395427e-07,2.596181337277165e-05,2.6223423543608388e-05,0.0133762567803268,0
0.8100566949316623,0.18635521174472724,4.044721086093332e-05,2.8403046085525246e-07,2.2727829185853014e-05,2.4636841381299948e-05,0.0034999974117215704,0
0.7951852320089372,0.2015849876107518,3.568745999710375e-05,2.7937767338881844e-07,2.315697326079228e-05,2.423325795420459e-05,0.0031464233114254433,0
0.7341443990462672,0.2645182768114872,3.20620728240799e-05,2.6156551973825986e-07,2.1932887840748162e-05,2.7949874999391525e-05,0.0012551177410617617,0
0.7595749587203552,0.23929351836354637,3.459759262323765e-05,2.8225053775665984e-07,2.3395076446186053e-05,2.775762452225573e-05,0.0010454903719690789,0
0.7982917304531826,0.1983012393566888,3.189522447265934e-05,2.607639783199084e-07,2.161410658662922e-05,2.7838604572165964e-05,0.0033254214905186785,0
0.8257703161581087,0.17049077385088796,2.7460441332268455e-05,2.6907545772439444e-07,2.3108006119733043e-05,2.857368057224889e-05,0.003659498787521328,0
0.7775665294790661,0.22051027604368686,2.421222082404788e-05,2.314643387582475e-07,1.9367824376562537e-05,2.2619062618701336e-05,0.001856763905088939,0
0.7886474361176384,0.20949763819218653,2.1549722199322182e-05,2.2539878233158814e-07,1.433655996839661e-05,2.2026326815994506e-05,0.0017967876824090529,0
0.7764671176691654,0.2226558017730222,2.1788292613193115e-05,2.2845380533596606e-07,1.4837429551435509e-05,2.232486851364138e-05,0.0008179015133290047,0
0.8300455760420503,0.16901651659453976,4.136345305417829e-05,2.8059841019202477e-07,3.3466985368200176e-05,1.552819089171227e-05,0.000847268135685684,0
0.7904799600900341,0.20861950816803496,4.137134474660171e-05,2.8065194528603236e-07,3.347337050133978e-05,1.4280159264307526e-05,0.0008111262154734107,0
0.8092238129171786,0.18994186530550972,3.321016633450742e-05,2.8540397749944326e-07,2.9059638147707255e-05,1.5057932824266875e-05,0.0007567086360277575,0
0.7063305348551538,0.2930466395729529,2.58699000431269e-05,2.3480908722084602e-07,1.6951029410156985e-05,1.1947578552512665e-05,0.0005678222548003981,0
0.6874865233409138,0.3119334775572169,2.6299202263380456e-05,2.507952680912041e-07,1.8647752355977905e-05,1.2594126721708949e-05,0.0005222072252599585,0
0.08022191053194377,0.9195405870547617,2.6044030362598354e-05,2.1617230885882528e-07,9.742310281865769e-06,1.688139843425125e-05,0.00018461850190698207,1
0.10299012095343026,0.8967633495833195,2.680301278118648e-05,2.2247206275732604e-07,1.0026223413490177e-05,1.947904905652543e-05,0.00018999870593618283,1
0.0745047687369725,0.9249900200882245,2.7910608773708827e-05,1.9759945502297522e-07,2.6958185380782402e-05,2.0881417057740314e-05,0.000429263364135738,1
0.11627703983057323,0.883075995622073,2.446935033461781e-05,1.9911117709942615e-07,1.2264961790885605e-05,1.848113702928652e-05,0.0005915499870218774,1
0.11897108890582873,0.8796966314623752,2.5563167094942692e-05,2.0790275874662524e-07,2.3122045511724072e-05,1.930727164896604e-05,0.0012640792447817363,1
0.1284567714521844,0.8690917038168066,2.5978087098688265e-05,2.1402598016394153e-07,3.590764045320062e-05,1.90177391351867e-05,0.002370407238341915,1
0.4065659219610794,0.5933443152052784,2.2193707912109773e-05,8.220944266710525e-08,1.3256685181656141e-05,1.3170048835412333e-05,4.106018227035412e-05,1
0.4453611457752921,0.5545278307965581,2.2802316233418384e-05,8.3433000758216e-08,2.372697115926053e-05,1.2603042591362245e-05,5.180766516497488e-05,1
0.27176731087718503,0.7281316313385325,3.522949881493226e-05,2.7651447919142847e-07,3.041738687644384e-05,2.8666519701810293e-05,6.467864410003772e-06,1
0.27923716779477464,0.720658992708401,3.412457559649304e-05,2.6784199509228655e-07,3.301121493088411e-05,3.0170855277299115e-05,6.265009024581688e-06,1
0.05938980573415359,0.0006545278486145223,5.946575292179262e-06,3.772524388715647e-08,3.109912196315438e-06,2.7648150309337254e-06,0.9399438073894685,6
0.9100077501988102,0.019180629849687325,4.270394807983235e-05,3.1869225969072397e-07,3.088371569150261e-05,2.5241342436923813e-05,0.07071247225303454,0
0.9098197640706546,0.0408863055967814,5.301131096660798e-05,3.681180650279234e-07,3.105342267389337e-05,3.240649704077359e-05,0.049177090983817916,0
0.8084991283293353,0.16193947761277133,5.312139670397301e-05,3.4537954758695184e-07,3.0236210301750206e-05,3.0243622474500586e-05,0.029447447448865745,0
0.7126389563888083,0.2778643925299149,3.9019192008568354e-05,2.9838811744164797e-07,2.5124068459952082e-05,2.4266998909299624e-05,0.009407942433781402,0
0.9591650340815402,0.02953871360281846,3.123050744248426e-05,2.0809212782009496e-07,1.729832859690768e-05,1.3947085739515455e-05,0.011233568301734624,0
0.9577848178648418,0.02821259727866583,3.2360069273048915e-05,2.1899549372745127e-07,1.9268058829003273e-05,1.6093722384001067e-05,0.013934644010512308,0
0.958836788752848,0.02714524682799482,3.2395611547445155e-05,2.192360246689621e-07,1.928922165866859e-05,1.611139872122404e-05,0.013949948951205006,0
0.8466198392122573,0.15052934435376492,2.412443207069505e-05,2.7047013252187417e-07,1.882618732311937e-05,1.5543746013189883e-05,0.002792051598437957,0
0.9405868086519772,0.05914395843741005,4.210518899136403e-05,2.6230494023183073e-07,2.1578130638469723e-05,1.834725866667684e-05,0.00018694002737575175,0
0.935146843542194,0.06475945489990152,3.6097192445344955e-05,2.1758071817234723e-07,1.755949058103463e-05,1.5118384403263925e-05,2.4708909756835856e-05,0
0.8910279708321693,0.10887028553330202,4.444605001110313e-05,3.2317304976780974e-07,2.1362558340841877e-05,1.9670611408204426e-05,1.59412417185256e-05,0
0.8784792781117166,0.12138424774738699,5.459566703144436e-05,2.959617923966187e-07,2.3359106423938853e-05,1.9209111294439913e-05,3.901429435425387e-05,0
0.749464501021067,0.24637657266507326,5.0246802652313354e-05,3.5904807722193316e-07,0.004037686339454339,2.3303665042574488e-05,4.7330458633299635e-05,0
0.6522715385148407,0.3419563020257097,2.8038621501141927e-05,2.3120642708279408e-07,0.005720878963620796,1.587113097916767e-05,7.13953692135019e-06,0
0.6877993648287666,0.31068520030603214,5.9742701505923194e-05,3.932186603416564e-07,0.0014042006163882085,3.565803335409534e-05,1.544029529256095e-05,0
0.6872202102646569,0.31271344865203254,1.770865176770883e-05,2.3143801710515482e-07,2.1780689750520695e-05,1.3347887493146611e-05,1.327241628218495e-05,0
0.6554381186798047,0.3444702743338542,1.538141571007921e-05,2.2073462953595062e-07,2.1508362843604905e-05,1.1705167929090556e-05,4.2791305229015176e-05,0
0.4303047280979228,0.5696252242808676,1.3376948480970465e-05,1.49422445490951e-07,1.4559709916629637e-05,8.656732275129653e-06,3.3304808091295585e-05,0
0.5314884559544061,0.46794442350349336,1.994049878443801e-05,2.128126769666745e-07,2.073644848359703e-05,1.2388447015335735e-05,0.0005138423351403318,0
0.5632195692251161,0.4355044469750437,2.1849114761476445e-05,2.501168230916227e-07,2.1612048417466802e-05,1.4048870337547986e-05,0.0012182236495007232,0
0.5682470394689669,0.4300670474539116,3.130133005692718e-05,2.4717588321107475e-07,2.501772250036642e-05,1.3883679997523532e-05,0.0016154631686834085,0
0.774465144635713,0.207418612224351,3.252802593387207e-05,2.1123375871606616e-07,1.7500071863357318e-05,1.2804071073491037e-05,0.018053199737306506,0
0.902562439390635,0.08433418815887647,1.6875794166881603e-05,1.7261311788486855e-07,8.15599368232459e-06,1.1799840162703092e-05,0.013066368209358564,0
0.9045627996745299,0.08402861431216802,1.873015459850431e-05,1.9407708456510667e-07,7.107686439839795e-06,1.1478191862621584e-05,0.011371075903316485,0
0.9753911557754662,0.021565565991395943,1.251118487816517e-05,1.5715882823667916e-08,8.608242138348117e-06,9.045402940890119e-06,0.0030130976872974214,0
0.986085314949483,0.005831715410549075,1.0368215532440165e-05,1.3100685122994509e-08,7.877501841070655e-06,6.47636391426786e-06,0.008058234457995202,0
0.9217836360376225,0.07808045193591123,1.640134793769381e-05,1.5103810885134622e-07,4.198747914699078e-06,1.2058426352001147e-05,0.00010310246615297792,0
0.9631121094194071,0.03651879254027113,9.898432213356567e-06,6.119319839791693e-08,2.4882138825601013e-06,7.2942370251930984e-06,0.00034935596400221733,0
0.8218127201563068,0.08091862371507141,3.770034216454159e-05,2.6700743451510463e-07,1.9922787310879804e-05,2.6488173810881033e-05,0.09718427781790107,0
0.8612121149083105,0.07458080166894147,4.118982357932014e-05,1.8844756239585806e-07,1.789071701325228e-05,2.2565974933828684e-05,0.06412524845965918,0
0.7483943572468731,0.1242591328060803,3.4280939246297156e-05,2.134602787704844e-07,2.1093565979013777e-05,2.423710004200903e-05,0.1272666848815006,0
0.8029946648278901,0.10239916528387995,1.7228720873700297e-05,2.0244159214792182e-07,1.6573123894861356e-05,2.2809394214925817e-05,0.0945493562076544,0
0.7712031689461185,0.0868097696959446,2.3682448564499375e-05,2.73153137522556e-07,2.210761281377743e-05,3.0549251005428616e-05,0.14191044889241564,0
0.04900634472933733,0.0005236914117655094,3.928579737131166e-06,2.5570881005697213e-08,2.18684781454648e-06,2.1122462696625935e-06,0.9504617106141948,6
0.04548550793337152,0.0008954416927804601,4.014543037292004e-06,3.1199680721179547e-08,2.728928391652709e-06,2.561440989054594e-06,0.9536097142617492,6
0.0958504415191355,0.0012086832248268025,6.62668488661536e-06,4.0661925070116973e-08,3.0774566418650882e-06,3.5463102091100502e-06,0.9029275841423751,6
0.19951423191750722,0.0018047347594338224,1.0056540052173339e-05,5.061063257295852e-08,4.075793485550293e-06,4.506967546965694e-06,0.7986623434113417,6
0.08535566636008086,0.0012203425598649722,6.356456260804116e-06,3.353999851762907e-08,3.452071932303314e-06,2.986796986311516e-06,0.9134111622148762,6
0.0785293075192817,0.0017689091729977448,5.353688079189026e-06,3.302526788857282e-08,2.837131128216949e-06,2.7080765444153278e-06,0.9196908513867008,6
0.12040445366871096,0.004060704498363473,6.4844007258595226e-06,4.792290850099671e-08,4.069593222517997e-06,3.6967372357720305e-06,0.875520543178833,6
0.2728880102518142,0.7252830732722932,3.3902302306743456e-05,3.5041391197136814e-07,3.068873879477446e-05,2.8612364585084863e-05,0.0017353626562939912,1
0.19430504722193281,0.8041634360798245,3.240563879817013e-05,3.191517114587784e-07,2.833155959714922e-05,2.5319279237540645e-05,0.0014451410688982333,1
0.42513448511550156,0.574253605264189,3.465276290368338e-05,2.8148255217725583e-07,2.2188322785656326e-05,2.0972968149718362e-05,0.0005338140839180401,1
0.43829710968868957,0.561034641940302,3.2987706178054524e-05,2.7573684159427883e-07,2.173540774683085e-05,1.884084746867455e-05,0.0005944086727732015,1
0.6606918987792172,0.33872455363379417,3.211444700226563e-05,2.7138726642246306e-07,1.560004497897731e-05,2.771347324933561e-05,0.0005078482344917775,0
0.8878758361257729,0.11197448170533657,1.7686382203492728e-05,1.61117044882852e-07,8.199112092225757e-06,1.2283330141230247e-05,0.00011135222740868639,0
0.8936523955872563,0.106131844329522,2.0500540833859414e-05,1.9232982346140118e-07,1.0267451631485023e-05,1.6128775353349906e-05,0.00016867098557965895,0
0.954053033880684,0.04559205538239499,1.4970589890999158e-05,1.6520771588430285e-07,8.55875280654099e-06,1.5540488740632577e-05,0.00031567569776712307,0
0.9810953086010435,0.0169255691269141,2.4666235963651888e-05,1.5019949582362369e-07,8.646631038068536e-06,2.271102927176012e-05,0.001922948176272971,0
0.9847304703869766,0.013368395979311602,2.8278246465257765e-05,5.187691396850884e-08,1.3997797962485957e-05,2.0772152792930804e-05,0.0018380335595774148,0
0.9698811486033119,0.017609391535403716,3.1614454308476654e-05,1.9013930028135462e-50,2.3918971679898103e-05,2.159431521595806e-05,0.012432332120079947,0
0.9695349269657633,0.014170164194425428,3.272491216369644e-05,5.677200797164056e-08,1.6642339570343084e-05,1.7792124933451e-05,0.016227692691135855,0
0.8030173898112339,0.1936923460279471,4.469716817493062e-05,2.8212939705814726e-07,2.2575707990394206e-05,2.447194284512188e-05,0.003198237212411485,0
0.7954191223780275,0.20204437367681108,3.569795686356281e-05,2.7945984763516276e-07,2.2372244787568218e-05,2.4240385759675585e-05,0.0024539138979029792,0
0.7258455370225141,0.2719708408399829,2.8003554692053506e-05,2.6626786631152395e-07,2.433089595556757e-05,2.5812339613693666e-05,0.0021052090793752623,0
0.7759613072109144,0.2215156089480545,3.024876011221797e-05,2.876160866797011e-07,2.6281643283098798e-05,3.114465056774368e-05,0.002435121170981242,0
0.7931078121714066,0.20416517022894612,1.938516646074066e-05,2.1388197028517014e-07,1.858180031165334e-05,2.2685970422028048e-05,0.002666150780482755,0
0.8567291505267813,0.1425389283140407,4.3783529156693585e-05,2.943158799899532e-07,2.7692443925639496e-05,1.628730955324624e-05,0.0006438635606626199,0
0.0876313141386213,0.9121316201684495,2.3404298386988893e-05,2.5852951618485356e-124,1.2560846055023918e-05,1.801359637022113e-05,0.00018308695211690683,1
0.04738063593112504,0.9522545501242261,1.8855628214651254e-05,2.988196827787672e-07,8.777323323108071e-06,1.3111195511050248e-05,0.00032377097791733947,1
0.04687105148978577,0.9526907305579725,2.0441315526080618e-05,1.4679040709382703e-07,1.4732656605334957e-05,1.4255210393349806e-05,0.00038864197930968663,1
0.04785419616219561,0.9516380146730473,2.0870082746310236e-05,1.498694121962967e-07,1.5804739814144347e-05,1.455422084237627e-05,0.0004564102519420275,1
0.07597154149786997,0.9234576196971298,2.5378864421832098e-05,1.8264493622923516e-07,1.4000030835605758e-05,1.636860846943247e-05,0.0005149086563370905,1
0.14419710339010708,0.8551493639000656,3.147455280866982e-05,2.2651398403932992e-07,1.428332778387194e-05,2.4289391863485997e-05,0.0005832589233871939,1
0.15811290933553357,0.8411843864550855,2.9948738548036386e-05,1.5532782620813707e-07,2.3588559044923752e-05,2.4743813394228027e-05,0.0006242677705675322,1
0.1104557544915306,0.8890361630782923,2.5206644968727062e-05,1.890437883713635e-07,1.1650929628033563e-05,1.7555898717456575e-05,0.0004534799130744183,1
0.11515417951169937,0.8837988154786449,2.6278852858128234e-05,1.970850902417844e-07,1.2146521908622036e-05,1.8302668989094805e-05,0.0009900798808096275,1
0.11868036341968893,0.8803907488750574,2.6177517487184255e-05,1.9632509927737663e-07,3.293792216903323e-05,1.823209103193329e-05,0.0008513438494660371,1
0.11301137870547467,0.8856061697187997,2.633259268591225e-05,1.9748812605409974e-07,2.1963775113792794e-05,1.8340097650260952e-05,0.0013156176221498078,1
0.11069073840661302,0.8870801884680288,2.6037671014725878e-05,1.9781682882346538e-07,3.1658156483384506e-05,1.9048651224586627e-05,0.002152130829806557,1
0.08448069355192071,0.9147989072962093,1.910709264064094e-05,1.52976651590985e-07,1.4419511557104943e-05,1.0555879254138447e-05,0.0006761636917667072,1
0.07862995041501208,0.9204998749268796,1.746910214378784e-05,1.5435309575675023e-07,1.5331455617929157e-05,1.5807609918115592e-05,0.0008214121373326954,1
0.048838205630033917,0.9510234630538796,1.0442992915066164e-05,8.598996491298675e-08,1.1143571717415917e-05,6.471723869934272e-06,0.00011018703761940482,1
0.15714037609990306,0.8425481434868444,2.4334398778483618e-05,1.7363168812369538e-07,1.0766862076503151e-05,1.7483214394199336e-05,0.0002587223063151826,1
0.24894518726156947,0.7508383413380861,2.0539062312373968e-05,1.7080700484168474e-07,1.531565336254605e-05,1.617524953777492e-05,0.00016427062812676495,1
0.3512389936342938,0.6487009946022482,2.497053826291903e-05,8.919237532150711e-08,1.435371470126553e-05,1.4499092117901461e-05,6.099226000470067e-06,1
0.3955311127948873,0.6043765314199047,2.1791872112993054e-05,8.072097137515627e-08,2.1562550060135784e-05,1.2080757541028306e-05,3.683988452260016e-05,1
0.3289760956032929,0.6709715819178905,1.876386464327253e-05,2.2196371954877015e-08,1.490414784467175e-05,1.3222493078597146e-05,5.409776878021798e-06,1
0.3454710977998297,0.6544669956253651,2.237999900286282e-05,2.008371748468862e-07,1.7102694975212893e-05,1.5770705424506545e-05,6.452338227628714e-06,1
0.182938176286003,0.8169682800438971,3.339273175092159e-05,2.5297917342386375e-07,2.4062110371351728e-05,2.414453350764163e-05,1.1691315296468427e-05,1
0.1934223934037506,0.8064961130134792,2.8275002739922993e-05,2.1983592620609713e-07,2.0909690898138016e-05,2.098131563412663e-05,1.1107737571725718e-05,1
0.31272687807942207,0.6871759260295213,3.242907826928435e-05,2.8442774999442833e-07,2.9507415474822885e-05,2.8322008289819546e-05,6.652961272718189e-06,1
0.16089637015050473,0.8390328129614297,2.6051490488525136e-05,1.9995870485698885e-07,1.8453024325111405e-05,2.019689176095774e-05,5.91552278633091e-06,1
0.20026199413523907,0.7996588855112402,3.319273173688574e-05,2.074015736224498e-07,1.810600402155732e-05,2.152130747339674e-05,6.0929087151405474e-06,1
0.23115807708277616,0.7687790523081705,2.531641698166292e-05,1.871752629236676e-07,1.613610445164902e-05,1.6207333045514296e-05,5.023579311578681e-06,1
0.16060168783991155,0.8393041058989897,2.612929191527895e-05,1.8531818639416771e-07,4.819773015053143e-05,1.4720183437697096e-05,4.973737408926094e-06,1
0.26082723698118687,0.7381245295123264,2.947799898037576e-05,2.2948509062260413e-07,0.0009956390759756448,1.3954803197760655e-05,8.93214324240678e-06,1
0.2831554796399572,0.7147202795373676,2.182749684134832e-05,1.7352776682600005e-07,0.0020723806235722207,1.0048329406141683e-05,1.9810845088633175e-05,1
0.9000860462055695,0.022574415926552863,4.237285964235847e-05,3.162214033170049e-07,2.864991880791928e-05,2.5627909211293975e-05,0.07724257095881268,0
0.7243751324846511,0.25277074095299606,3.7108598085385014e-05,2.772626773331722e-07,2.5615961166491285e-05,2.2548931057046397e-05,0.02276857580936652,0
0.8702317310247817,0.12395598941954507,2.5784904132434898e-05,2.0505485201845486e-07,1.735231270843958e-05,1.494749891792121e-05,0.0057539897850623035,0
0.964521161614994,0.02794207570838027,2.5967562199364767e-05,2.0355710550158365e-07,1.6395209440838077e-05,1.4123038207859535e-05,0.007480073309672204,0
0.8702022621978873,0.12316523555576268,2.6772804633007467e-05,3.1133074351976416e-07,2.0069883614559394e-05,1.6843257153223853e-05,0.006568504970205476,0
0.8696242698796463,0.12737020404621105,2.3863509404973236e-05,2.77499657876024e-07,1.8097164060254585e-05,1.4891679338522119e-05,0.002948396221681058,0
0.829229664507007,0.16939534851378082,2.354236488896448e-05,2.7376519066884037e-07,1.785362046008108e-05,1.4691273728744934e-05,0.0013186259549436779,0
0.8070543257061297,0.19140184448838052,2.3520523755412787e-05,2.8365160232467913e-07,1.8354910277667012e-05,1.5226786727082302e-05,0.0014864439331274777,0
0.9503527326748704,0.04944243349942875,3.911743748464507e-05,2.547249311317424e-07,1.9830861811443032e-05,1.6563805802193634e-05,0.000129066995671534,0
0.9467917518025569,0.053053250237931344,4.179632621139439e-05,2.371045181072354e-07,1.868230812967379e-05,1.6584582512652618e-05,7.769763813971563e-05,0
0.9322266844490992,0.06767387393433154,4.64917748292647e-05,2.4380857410842e-07,1.766876128971905e-05,1.4986372783841675e-05,2.005089909244524e-05,0
0.905510204141641,0.09439600134777498,4.851378938415991e-05,3.420544849786411e-07,1.8046249737725474e-05,1.850543761202001e-05,8.386979365143732e-06,0
0.90709223544292,0.09281836765295975,3.4653145801182984e-05,3.187254194336197e-07,2.4233204802697543e-05,2.082418729860578e-05,9.36764079829329e-06,0
0.8690412362792219,0.12811244831532762,3.7899741712910475e-05,2.3303976816270394e-07,0.0027678915626900696,2.1320842295836234e-05,1.8970218983368527e-05,0
0.8138662929005556,0.17344806446826555,4.5541796874166666e-05,4.1887476518752194e-07,0.012599911003198407,2.7367527134876467e-05,1.2403429206458257e-05,0
0.6925882078849417,0.3049427019654293,2.5734934564778438e-05,1.8484868439790464e-07,0.002424773422392761,1.2688910591379907e-05,5.708033395841792e-06,0
0.7190265371365366,0.2763094108482939,2.265592106969374e-05,1.8682068812050368e-07,0.004622616067048278,1.282427849515175e-05,5.7689278682151496e-06,0
0.7499573516145873,0.24678208997772205,1.800280512162805e-05,1.9385497115733643e-07,0.0032273230806464472,1.0322315275283606e-05,4.716351676148808e-06,0
0.8600383975570779,0.13846224904042922,0.00015843655570519827,2.2053512786902755e-07,0.0012407534033434876,9.457744766396025e-05,5.365460652183108e-06,0
0.848806901398104,0.14929233853078253,0.00014771056739037352,1.7586905067383972e-07,0.0016201826679880555,0.00012581247216663624,6.878494517557163e-06,0
0.8097643207979257,0.18861979856026154,2.5750132862965058e-05,2.3428387143479683e-07,0.0015635110554765646,1.7008417730148812e-05,9.37675187179588e-06,0
0.7651472183397031,0.23334434251043074,3.8230600414851726e-05,2.898360424411384e-07,0.0014350330111249454,2.3285583859976637e-05,1.1600118423987284e-05,0
0.3104837318587181,0.6881945362943694,3.510588545612062e-05,2.206420036981548e-07,0.001264205525272165,1.3986122365980485e-05,8.213671814523843e-06,0
0.35478255596374536,0.6443979375462796,2.4834940291586787e-05,2.0948135879759894e-07,0.0007733851973209915,1.3278668016191438e-05,7.798202987577309e-06,0
0.6011842412970961,0.3987059481783495,1.7483473010803447e-05,1.8121669170402905e-07,7.516538163620746e-05,1.0234437461506653e-05,6.746015754130354e-06,0
0.6316689800164111,0.36826569682009047,1.7322131080610753e-05,1.803318909293172e-07,3.20083066922219e-05,8.731403211598518e-06,7.08099062286435e-06,0
0.9030509109023364,0.09692014201888992,9.3319230892828e-06,1.271084903102202e-07,6.162204894617749e-06,6.635460942725431e-06,6.690381356834118e-06,0
0.913690632189551,0.08628298319612833,8.917479437110263e-06,1.270364688258717e-07,6.012303167953956e-06,7.031486596015168e-06,4.2963086507826395e-06,0
0.911032065660773,0.08894283560997247,8.781381075192724e-06,1.1409970840341382e-07,5.455083361429376e-06,6.517426620226209e-06,4.230738488968715e-06,0
0.8795689344559062,0.12040011711563577,1.1861045029289556e-05,1.394918343904133e-07,6.322464796238607e-06,8.130437205275003e-06,4.494989593018433e-06,0
0.8227159132044902,0.17721866120357557,1.4003929951042826e-05,1.6469323510045052e-07,7.464717814140444e-06,8.806052818367547e-06,3.4986198115755836e-05,0
0.6477227616294402,0.3521834296808341,1.5751096193827543e-05,2.2603981640333287e-07,2.2025299784295495e-05,1.1986492627931256e-05,4.3819761303244995e-05,0
0.5704761852770606,0.4290584834513323,1.9817685645178376e-05,2.1161284208913422e-07,1.893193485500035e-05,1.126945245890336e-05,0.0004151005858060094,0
0.6809038459530637,0.31778919648088017,2.270230516144586e-05,2.424147502994232e-07,2.168762639947318e-05,1.4104276310181652e-05,0.0012482209434346737,0
0.5631112895845823,0.43542072072058463,2.1844914242848147e-05,2.5006873783113884e-07,2.12757794087654e-05,1.404616942530492e-05,0.0014105727630183416,0
0.6116429175291301,0.3853743769320169,2.9350741858456053e-05,2.3177275625572357e-07,2.428868569775133e-05,1.3017966009290823e-05,0.0029158163725313273,0
0.6102858082962104,0.38451931083041324,2.9285618627846166e-05,2.3125850040735284e-07,2.4234794123646194e-05,1.298961279980973e-05,0.005128139589324652,0
0.658286962445438,0.33640619263829596,2.5776173072683252e-05,1.8316326256549368e-07,1.2491340829754215e-05,1.0219031651001884e-05,0.005258175207450072,0
0.7835365641453446,0.21144885279166875,2.1124127955673797e-05,1.5090357664680967e-07,1.3106824625870632e-05,9.946084668135736e-06,0.0049702551221603684,0
0.8560899501723903,0.1374807244375766,2.0053163549600267e-05,1.4560562404880884e-07,1.2646667636081748e-05,1.04376187499626e-05,0.006386042334473409,0
0.9213516078723221,0.060934033016742585,1.2383627560624116e-05,5.918547712831886e-08,6.164986649673841e-06,9.717246921299715e-06,0.017686034064326842,0
0.9305026553133683,0.054512040187248895,1.2060333058548553e-05,5.7640345117150605e-08,5.860159524044272e-06,9.21124421259441e-06,0.014958115122242535,0
0.9520259395583542,0.04570785607708774,1.2731398563800664e-05,6.382152198696465e-08,9.256319335924883e-06,1.1195248399905244e-05,0.002232957576736144,0
0.609159765890138,0.005794311474083021,1.0112729917618478e-05,1.1992717505061786e-08,5.876305403533496e-06,6.90250515396961e-06,0.38502301910258635,0
0.822837346562591,0.026299776299798728,3.250548083096421e-05,1.2185520053803203e-07,1.973431268744351e-05,1.75241112346349e-05,0.15079299137765667,0
0.8397066785811547,0.08452068914253083,3.86995125759575e-05,2.740839201085559e-07,2.021552737494737e-05,2.6788382306823262e-05,0.0756866547701368,0
0.8685236701721475,0.07483923193972462,3.2821939432355816e-05,2.0677137096686943e-07,2.0410177797538556e-05,2.4609176740261692e-05,0.056559049822786964,0
0.8391597755122896,0.11580205239881744,3.331073509533563e-05,3.346976842667375e-07,1.7480810105021665e-05,2.5218587985268498e-05,0.04496182725802316,0
0.8346360298726291,0.11470338257346896,4.0044291291132896e-05,2.9349231309412017e-07,2.1927518486924563e-05,2.3509581022212437e-05,0.050574812670788435,0
0.8080764779738051,0.1098839339455408,4.731469358944896e-05,3.2263773257869414e-07,1.7878242788763815e-05,2.3663056106935785e-05,0.08195040945043647,0
0.04996795420946698,0.0005815157034868031,3.9350026655386675e-06,2.839433399657033e-08,2.400376299248301e-06,2.58351143501148e-06,0.9494415828023124,6
0.04378189965601627,0.0008245523264829333,3.623476340166478e-06,2.8674702035781767e-08,2.5485323272148824e-06,2.3416681700061693e-06,0.9553850056659613,6
0.09903912515613991,0.0009350777237372747,6.784385935470009e-06,4.194150606511301e-08,2.4082421090428817e-06,4.100313282354951e-06,0.9000124622372899,6
0.09030285679428778,0.0011591546866284255,5.246187902255927e-06,3.371189345182327e-08,2.1597098291450063e-06,3.367584060633587e-06,0.9085271813253983,6
0.09863360872106111,0.001086403489943516,5.826080945138199e-06,3.024474868019345e-08,3.6258394821360453e-06,2.6933490817618737e-06,0.9002678122747377,6
0.21747662143860427,0.7791371707344265,3.7683675532221787e-05,3.8949815387844623e-07,3.411167963673538e-05,3.180371213371856e-05,0.0032822192615126486,1
0.3563300763012088,0.6423213155236054,3.011779500911752e-05,2.886091343243824e-07,2.461629294222879e-05,2.5034030696479322e-05,0.0012685514474035126,1
0.33741556662049477,0.6612486337403872,3.1005277763228954e-05,2.971135958666162e-07,2.450174323254378e-05,2.577170988256502e-05,0.0012542237946437415,1
0.41352160879701033,0.5857482288816044,3.380936141090262e-05,2.8399212972364543e-07,2.0754851839874444e-05,2.2218594024271927e-05,0.0006530955219804059,1
0.5272261057251137,0.4721497528373083,3.595405918245786e-05,2.6851790724335103e-07,1.7674738775457273e-05,2.6443740289984387e-05,0.0005438003814227558,0
0.9863445816076604,0.012043775841264972,1.988653876546144e-05,1.2195810119035873e-07,7.619942362080446e-06,1.5341928234150867e-05,0.0015686721836118533,0
0.9787606542825579,0.01702216055574918,2.4569935475249603e-05,1.4961309565997867e-07,8.612440277308197e-06,2.100146023929037e-05,0.0041628517126055245,0
0.9538170753979915,0.02237941244659567,4.0836264356571166e-05,3.209927949371288e-08,2.8885521944487348e-05,3.206495994413939e-05,0.023701693309888083,0
0.9668217119038212,0.016502862308327763,2.924981136162305e-05,7.290399572880951e-08,2.0930466875014324e-05,1.9979957904745616e-05,0.016605192647714002,0
0.9887070611619816,0.007918923124209387,3.46844469543573e-05,1.8197099148382255e-07,2.2722815667797275e-05,2.1142903401114064e-05,0.0032952835767945513,0
0.9832939201387922,0.00554181123157325,2.1860650679657725e-05,9.679161633853944e-09,1.591356570943184e-05,1.6802727563161407e-05,0.01110968200652086,0
0.9803958242870165,0.005670726822963515,2.276218805479416e-05,2.1967012953667726e-08,1.65698441738278e-05,1.7495675230840904e-05,0.013876599215547278,0
0.899955932974041,0.09064930370988548,4.7608928760520235e-05,2.839263619956439e-07,2.4105605620953506e-05,2.571192596441519e-05,0.009297052929365534,0
0.8135286634534982,0.18270303282925193,4.1579537535429535e-05,2.8452154094848636e-07,2.2767124916465793e-05,2.4679437736374277e-05,0.003678993095520699,0
0.7755697485903149,0.22170254991886704,2.93077316909092e-05,2.87470952435099e-07,2.3003133829962882e-05,2.4935270095851e-05,0.002650167884248928,0
0.7273604143185209,0.2707621638540482,3.177881398409763e-05,2.592546664722547e-07,2.3690047181854772e-05,2.4633231893541725e-05,0.0017970604797048467,0
0.7922553741813785,0.20272206653740726,3.0407801716426233e-05,2.5268616847351867e-07,2.2468279077830007e-05,2.697623487075378e-05,0.004942454279381024,0
0.8235566002380954,0.17260517798690905,3.036354311383155e-05,2.7128900621784833e-07,2.4122401076688016e-05,2.896223403835821e-05,0.0037545023077604307,0
0.8298464845287482,0.16751310641199263,2.432083135027352e-05,2.3831149502039162e-07,2.1190115825964558e-05,2.530679160781153e-05,0.0025693530089801434,0
0.7924031960561652,0.20449526234126475,2.255563094243961e-05,2.3202865792404846e-07,2.0631460248835194e-05,2.4610747992033068e-05,0.0030335117347286542,0
0.7950279452882876,0.2029075313182982,1.9601656278117842e-05,2.0552656635940876e-07,1.755460699534284e-05,2.1051258635561537e-05,0.002006110344938627,0
0.10203163067616507,0.897785678784118,2.197485585679802e-05,2.144122161950574e-07,9.475062279875582e-06,1.6743948704010027e-05,0.00013428226065990767,1
0.10202737749102525,0.8977482546178821,2.0437352227240038e-05,2.144032784289385e-07,1.1171148253074412e-05,1.6743250733063786e-05,0.00017580173660075444,1
0.1136737917000707,0.8860926390291823,2.189940015042737e-05,1.9876319814952182e-07,1.9267235872807455e-05,1.7941029911574648e-05,0.00017426284161387555,1
0.04486272439672608,0.9547161247061913,2.103002675795702e-05,1.5101798047468834e-07,1.515695808475162e-05,1.3551337524971896e-05,0.00037126155673452833,1
0.04109529884162179,0.9584837525447957,1.9684419770136524e-05,1.4135508978262627e-07,1.4187139598656385e-05,1.2684254725801567e-05,0.0003742514443978851,1
0.07495422560864227,0.9245173155120983,1.853366199102332e-05,1.6739772908669342e-07,1.5791928596953497e-05,1.6947494789601942e-05,0.00047701839615262064,1
0.06744769848463038,0.9320544005086032,1.8076996708634424e-05,1.6327308651677602e-07,1.9319879667388742e-05,1.714000283737722e-05,0.00044320085446662824,1
0.17868345733093374,0.8204599693783634,3.704361153904798e-05,3.956918972955701e-07,3.979976482768875e-05,3.047647432908072e-05,0.0007488577481097905,1
0.07071962552143413,0.928698408015089,1.5270890397701294e-05,1.2226295877607167e-07,1.598725101075478e-05,9.202055777923038e-06,0.0005413840033317604,1
0.06763249698001093,0.9317639977700297,1.5025813850159371e-05,1.3276474457283479e-07,1.570884739424179e-05,1.3596703602194164e-05,0.00055904112036804,1
0.0390392921815952,0.960831966170547,9.262671854569468e-06,7.415950462731204e-08,7.966725374438134e-06,5.581347041654551e-06,0.00010585674408242046,1
0.053440236817121844,0.9463474280036916,1.5729235818084496e-05,1.0258607300005568e-07,1.3273306671137655e-05,8.55617672734085e-06,0.0001746738738968475,1
0.0442118128118553,0.9556436495954941,1.3781232234100081e-05,8.988119399752771e-08,8.154651794686607e-06,6.826377857823712e-06,0.00011568544957013446,1
0.12515407136265122,0.874497491451456,2.4280309404848e-05,1.7324574765566094e-07,1.0742929994554448e-05,1.7444353515641058e-05,0.00029579634722991157,1
0.14364337789353346,0.8560155489165939,2.3767160667961104e-05,1.6958431010566093e-07,1.0515885072463412e-05,1.707567831372735e-05,0.00028954488150820706,1
0.1452895251995712,0.8544229513404439,2.2173751671421845e-05,1.5821496022119932e-07,1.1925996583607466e-05,1.5930882777263393e-05,0.0002373346139921708,1
0.17317441384087087,0.8265623102739846,1.942353570737418e-05,1.6153005951071732e-07,1.409595979782989e-05,1.6264684701572345e-05,0.00021333017487824583,1
0.22437962191011018,0.7753603625601235,1.9784105452635162e-05,1.6452863058898186e-07,1.3867010011284224e-05,1.7391103960031434e-05,0.0002088087817117395,1
0.251924500137924,0.7478407190105223,2.2212805398289666e-05,1.8472619156168921e-07,1.556932637536884e-05,1.7962996028289877e-05,0.00017885099756034798,1
0.3373577734477285,0.6625486971906661,3.136032806159163e-05,2.6158420227724266e-07,2.71375551028193e-05,2.8651259304598268e-05,6.118634933966421e-06,1
0.3117244916757689,0.688216496378465,2.2759705745987844e-05,1.8454389502997782e-07,1.345638520300041e-05,1.4806547895996137e-05,7.804763026241346e-06,1
0.9105877239910545,0.015791350572429166,5.521833614894459e-05,2.851271802359445e-07,2.3526516839305638e-05,2.3107902918999196e-05,0.07351878755342886,0
0.9146476968161384,0.019174271449323915,4.045366851376838e-05,2.685923323559609e-07,2.1731178356292147e-05,2.1767849475918458e-05,0.0660938104458593,0
0.789900123126518,0.15195710355238218,4.658061334055967e-05,3.391780429386192e-07,3.1326302292369364e-05,2.7342730304061383e-05,0.05803718449711979,0
0.7383908463002334,0.22928520067663483,3.4183656990679566e-05,2.5661160880590074e-07,2.4773643549235367e-05,2.0869442404066875e-05,0.03224386966857918,0
0.8157718074073155,0.10222811024079011,2.3190763877345014e-05,1.524829949302096e-07,1.558165229894814e-05,1.4101416511255244e-05,0.08194705603621207,0
0.903277149217562,0.09080841267049225,2.254056977852002e-05,2.170429783362094e-07,1.625176019439591e-05,1.4066117918907122e-05,0.005861362621075566,0
0.8916131447649395,0.10081188943763929,2.1993438212303505e-05,2.17922987495604e-07,1.6897006253819807e-05,1.412314953863816e-05,0.0075217342804288915,0
0.9044226164558278,0.0895479964121482,2.222770778935305e-05,2.0371308039972323e-07,1.602618656995592e-05,1.3870880900712483e-05,0.005977058643683916,0
0.8985263711655921,0.09697901560421329,2.1021684207230292e-05,2.473810924088075e-07,1.4913923779548273e-05,1.3172453684023779e-05,0.004445257787431486,0
0.8627502708820847,0.13616169986320584,1.9871422288125465e-05,2.3384492435969694e-07,1.355931950911249e-05,1.2451684990871528e-05,0.001041912982997114,0
0.8560892312132837,0.14198887630174317,1.978703047023231e-05,2.438525523113847e-07,1.4701197828855647e-05,1.2984567332027589e-05,0.0018741758367900071,0
0.7935692172302606,0.20627186113999063,3.4538426109812725e-05,2.255316640443198e-07,1.844736209164499e-05,1.5481587709995863e-05,9.022872217323829e-05,0
0.9455645624691877,0.054226856992264684,4.13980773092414e-05,3.2810251838208487e-07,2.0987048313204468e-05,1.7612969682096294e-05,0.00012825434072474186,0
0.9446374094011055,0.05522069685122493,4.208916543486893e-05,2.7407622932861904e-07,2.1337400330108137e-05,1.7724683199040867e-05,6.046842247625221e-05,0
0.9469600440404663,0.05295295440081786,4.096036288328613e-05,2.49943330364703e-07,1.895641332222925e-05,1.6163993350608225e-05,1.0670845829425928e-05,0
0.9410388321154783,0.058863429326816964,4.2996557141474096e-05,3.0245532938450586e-07,1.946525044556174e-05,1.718511500425082e-05,1.778917978385354e-05,0
0.941740216694282,0.05818308001447295,3.822467476047978e-05,2.0555613649552858e-07,1.595819330587815e-05,1.5224355877835127e-05,7.090511164299742e-06,0
0.9339203189502685,0.06601205375506893,2.8169939980101e-05,2.2578425681520794e-07,1.6760540462007774e-05,1.549892690338135e-05,6.97210306015646e-06,0
0.9184986880496341,0.0814212081646529,2.666247394088643e-05,2.335651581701034e-07,2.0746279606354462e-05,1.5486011639946233e-05,1.6975455367614238e-05,0
0.8203025950570991,0.1780986932039249,1.59264683403877e-05,1.3411312896534274e-07,0.0015693036363728407,9.206175895243359e-06,4.141345238395926e-06,0
0.34159057374755897,0.6576074123143438,1.9129441877954538e-05,2.0646600143888315e-07,0.0007622527855434026,1.273929209873574e-05,7.685952575901918e-06,0
0.5419137462334228,0.45749681342587406,1.67901689911332e-05,1.9778109253752854e-07,0.0005496420641278448,1.1351419946744005e-05,1.1458906545059475e-05,0
0.5837894309032043,0.4156625392736314,1.7601959275538073e-05,2.0506865839253812e-07,0.0005049743612822022,1.077292756079037e-05,1.4475506387570222e-05,0
0.7008381974375171,0.2991187118188344,1.2714881305030146e-05,1.6005669637259587e-07,1.4500139499091201e-05,7.394300990084703e-06,8.321365158093428e-06,0
0.7057811272749241,0.2941784840834523,1.3568513845770071e-05,1.4125489222553942e-07,9.435712810923212e-06,7.272177132928272e-06,9.970982941588024e-06,0
0.9062830728905154,0.09368738114148367,9.42745668591319e-06,1.1937734570751813e-07,5.06099543178939e-06,6.703390076205651e-06,8.234748461533962e-06,0
0.894992464180709,0.10498216572269901,9.433661646788093e-06,1.284942533868243e-07,5.022732856995837e-06,6.439597652918558e-06,4.345610181894803e-06,0
0.902732526772532,0.09724308166868358,8.704797490303682e-06,1.1856652234086629e-07,5.170283443704479e-06,6.388051951990358e-06,4.009859376085988e-06,0
0.9010927845709735,0.09887776424454248,1.0255807040663025e-05,1.7040271153181994e-07,6.0398921790779525e-06,7.611726361306283e-06,5.373356191282738e-06,0
0.9137122837276781,0.08626867031463456,6.901949112480346e-06,9.401009076669787e-08,4.0556035357498965e-06,5.111042288305729e-06,2.8833526597807176e-06,0
0.9045778614771399,0.09540180623189826,7.369849197260256e-06,9.554428331087128e-08,4.330542861914984e-06,5.4575324001623394e-06,3.0788222194623803e-06,0
0.8861001199263142,0.11387143889047706,1.0388810272842926e-05,1.319279106701607e-07,5.979630094467577e-06,7.68956547180219e-06,4.2512494590277835e-06,0
0.6704710218967709,0.3282291902909733,2.157001212411872e-05,2.4870499793619864e-07,2.225038316463723e-05,1.4470258126960392e-05,0.001241248453842367,0
0.6893495669752502,0.3089958856465139,2.932033009169031e-05,2.3153260494916054e-07,2.3434399768923463e-05,1.3004477445766668e-05,0.0015885566383248295,0
0.6613675051347163,0.33453111469590335,2.9997872733153335e-05,2.3688292714033292e-07,2.482420737201201e-05,1.3304988660063952e-05,0.004033016217687926,0
0.526106022828183,0.4706257701218341,2.622688047559205e-05,1.8564284303801497e-07,1.2384660314618583e-05,1.0357372227463504e-05,0.0032190524941223785,0
0.8591177082811609,0.13683743709512106,1.7753119981900108e-05,1.2682224362256371e-07,1.021756395400516e-05,9.091147657204966e-06,0.004007665969881391,0
0.9587436417947853,0.014002884109111114,1.8670188324891837e-05,2.2141033743681696e-08,1.070239981233074e-05,1.4316434480290279e-05,0.027209762932452215,0
0.9164103445254674,0.08348766223283559,1.6734069673887258e-05,1.586171746155485e-07,4.730228500741659e-06,1.188222955675274e-05,6.848809679105533e-05,0
0.9237449148792524,0.07611202482680303,1.7797055630084766e-05,1.4944050521897117e-07,4.14540589876161e-06,1.193087850406269e-05,0.00010903751340662344,0
0.9516301615203233,0.048254098321170925,1.2687557726852285e-05,9.047184243784811e-08,3.4881926183627986e-06,7.86028925678643e-06,9.1613647061208e-05,0
0.9643130242256279,0.035581676368928866,1.115008499962905e-05,5.295133261103887e-08,2.398270121639427e-06,6.830088791049645e-06,8.486801019805051e-05,0
0.798624795489811,0.02503021403337117,2.957302024802775e-05,1.6006110159342267e-07,1.821345979059007e-05,1.7289136901930625e-05,0.17627975479877556,0
0.8408200889673091,0.05614996446092145,3.461699307016201e-05,2.0267413559792034e-07,2.0892698600043404e-05,2.3338154719470904e-05,0.10295089605124433,0
0.7751228519774995,0.1499424751984783,4.010640885716857e-05,3.2222345121825276e-07,1.7642656547459514e-05,2.3632671678562108e-05,0.07485296886348758,0
0.8141473995527887,0.08161131405631794,4.011483124120844e-05,3.2229111844975373e-07,1.9015340806227738e-05,2.428378596434599e-05,0.1041575501417631,0
0.8785182260364685,0.03676421595099405,6.141765972877176e-05,2.6344877591754097e-07,1.7525175324654665e-05,2.2959547177759555e-05,0.08461539218153037,0
0.6699883129845411,0.06315977743664505,2.6943816818330384e-05,2.4612628322126074e-07,1.9105974950300086e-05,2.122918947341194e-05,0.2667843844712886,0
0.04745741930309007,0.0005657310911659516,4.2611706365632055e-06,2.762360063278117e-08,2.3623984899168377e-06,2.5133848224649484e-06,0.9519676850281944,6
0.03865165668977931,0.00048075859051432534,3.3723193605475524e-06,2.6687148957278967e-08,2.416818980212034e-06,2.179358208622088e-06,0.9608595895360079,6
0.0788940586479372,0.0011896007723820403,4.56815131079082e-06,3.358243126077713e-08,2.1266654098050117e-06,2.7717234415247016e-06,0.9199068404570874,6
0.08424635655126647,0.0011284258511656219,5.212559982420269e-06,3.185546315994104e-08,2.0407799697400392e-06,2.836786093286777e-06,0.9146150956160592,6
0.08851886109282023,0.0011136116041582196,5.207752723042557e-06,4.619420828580019e-08,2.268248939699427e-06,3.0897673016770003e-06,0.9103569153398489,6
0.1535342354206446,0.004194510150550845,8.16194680971053e-06,7.395154612441518e-08,5.121029062573533e-06,5.096543422031698e-06,0.8422528009579642,6
0.23867340321814054,0.385364108994422,4.09039936913722e-05,4.4455825513274343e-07,3.864267449822243e-05,3.408614037227574e-05,0.37584841042062045,6
0.5583230372793142,0.4409620112228564,3.413124735626095e-05,2.7764596808941517e-07,1.8275577999317483e-05,2.8957640585476696e-05,0.0006333093859203585,0
0.5471042540395163,0.452238142608215,3.57741266182991e-05,2.671741058292283e-07,1.5090885687181385e-05,2.6396135462447333e-05,0.0005800750303948976,0
0.8815613340054029,0.11826711540938117,1.7560598064110196e-05,1.4192707899432802e-07,7.252280058638622e-06,1.3415181241792558e-05,0.00013318059877243135,0
0.864328995581898,0.13540687968142698,1.971572330062513e-05,1.818117788603344e-07,1.0424110619483692e-05,1.637486539742331e-05,0.00021742822557862276,0
0.8772000296249506,0.12250805972344526,1.9917542937838452e-05,2.0702442327752544e-07,1.0530816835198792e-05,1.6542486404450742e-05,0.0002447127810034379,0
0.9888906199727848,0.009749800048934939,1.5984128540481378e-05,9.493328111447499e-08,5.485208261911664e-06,1.1942294703468919e-05,0.0013260734134931905,0
0.9702126123405689,0.01461872564470634,4.1346844868164565e-05,1.0591391190012375e-07,3.801141257314764e-05,3.0386532765385543e-05,0.015058811310606417,0
0.9844113041353615,0.00558170815732874,2.188549242913238e-05,9.6901607258735e-09,1.593164938033419e-05,1.699542751118218e-05,0.009952165447828508,0
0.9770926683569573,0.005835383191107365,2.2783632375646783e-05,2.198770813783975e-08,1.88038205880704e-05,1.751215795527321e-05,0.017012826853308034,0
0.9556490074200885,0.013492363652168935,3.276394642759093e-05,6.078665261969008e-08,2.7316879721911316e-05,2.0393319248900312e-05,0.030778093995691477,0
0.8009993932133855,0.19655861542195188,3.5948396238180886e-05,2.8142040100072666e-07,2.3326290257795856e-05,2.441044442923352e-05,0.0023580248133363447,0
0.7982011129913332,0.1983864757271265,3.064340361412397e-05,2.7502289941418875e-07,2.2007053262041436e-05,2.3855524258525234e-05,0.0033356302775063838,0
0.6955246759845033,0.3029209498881476,3.0375444996011387e-05,2.4780584528195266e-07,2.290741670662253e-05,2.3355195819222768e-05,0.0014774882639822695,0
0.6981591143138139,0.3002792643708473,3.0110549573105992e-05,2.4564480256494845e-07,2.224744837662424e-05,2.6780627901275212e-05,0.001482237044685143,0
0.8318096629252116,0.16363613372129368,2.9693438423434613e-05,2.653018249841506e-07,2.3579330540122226e-05,2.8323055375949838e-05,0.004472342227330338,0
0.8251049950319747,0.17169209020598217,2.944609168630128e-05,2.683557676031141e-07,2.386158417406193e-05,2.8497255186558264e-05,0.003120841475228531,0
0.8511298243050972,0.1475913937821866,3.1886885291213024e-05,3.060444729558698e-07,3.501329816236518e-05,2.5590894002720222e-05,0.0011859847907869986,0
0.8496659949333054,0.1490177259174841,3.321579182360834e-05,3.187990739650381e-07,3.364990728531597e-05,2.3384480190876813e-05,0.001225710170836505,0
0.15261118062695078,0.8470974349792328,2.6348167311727104e-05,2.5708332208413187e-07,1.8933042660738535e-05,2.2509516837418848e-05,0.0002233365836844534,1
0.16823668352742202,0.8314510220487107,3.028183034410308e-05,2.725663359753902e-07,2.366751016543261e-05,2.1285339189162773e-05,0.00023678717783260652,1
0.08820378245957078,0.9110640553518438,2.6734616959754124e-05,2.4146950393468027e-07,2.3052669881450165e-05,2.4446587072046846e-05,0.0006576868451684199,1
0.08103231359475409,0.9184073699365599,2.7717986226578203e-05,2.5446292132532135e-07,2.9992910741262574e-05,2.7291485395572054e-05,0.000475059623401117,1
0.15844559632551947,0.8412046103733761,3.4312220619245704e-05,2.8483163935184336e-07,4.8960800603436904e-05,2.6966651676343594e-05,0.00023926879656578322,1
0.11572766975030396,0.8840380001478891,2.454113231104993e-05,1.8644712757770777e-07,2.5993061773304184e-05,1.9526632489931017e-05,0.00016408282810510905,1
0.08264930893092945,0.9171666628824195,2.1490624972194065e-05,1.612590215438532e-07,1.0273763367683782e-05,1.3722598946217665e-05,0.0001383799403429981,1
0.07216523897488815,0.9272702234676822,1.58158294483235e-05,1.3974514644289408e-07,2.2196309480154125e-05,1.4311580549058095e-05,0.0005120740928055362,1
0.048568332022999115,0.9512582313513613,1.0229134457924881e-05,8.406212147256728e-08,1.1567713977886803e-05,7.915216503797533e-06,0.00014364049857839797,1
0.045491212324516236,0.9543521694034722,1.2628423005195592e-05,8.747030899673764e-08,1.1955637240980183e-05,7.295448595354589e-06,0.000124651292861311,1
0.1777320930566385,0.8219322350835301,2.4976101584370865e-05,1.7821038934718453e-07,1.5551572824294377e-05,1.7944983665640207e-05,0.0002770209913678604,1
0.24215624687389128,0.7577921989098195,1.814309294602797e-05,1.4464955505586014e-07,1.2320200904495841e-05,1.3713590802299775e-05,7.232682081548861e-06,1
0.2342295022200148,0.765693936648701,2.8717757047566586e-05,1.9364279243874652e-07,2.5803960729746626e-05,1.688403062276099e-05,4.961740091660127e-06,1
0.3286896889307758,0.671214967160032,3.327410382314508e-05,2.6116668697309633e-07,2.7094240772389925e-05,2.860552894650097e-05,6.1088689629973185e-06,1
0.2754045067415702,0.7245371782894312,2.205204078275913e-05,1.7880589252027953e-07,1.661863203620822e-05,1.1903399877298338e-05,7.562090409924786e-06,1
0.2551356635965591,0.7447906366036329,2.3917414500936018e-05,1.939310147639887e-07,3.083576067791762e-05,1.3547797313333216e-05,5.204896301062687e-06,1
0.8857685705076195,0.033629492381247704,6.095054697618507e-05,3.0708029586487006e-07,2.4775674969232838e-05,2.475518060891698e-05,0.08049114862828255,0
0.9089312953834999,0.08371845762392105,2.0802994983281484e-05,2.045574413488894e-07,1.4436222454073573e-05,1.3256955434634209e-05,0.007301546262265566,0
0.9031488706885649,0.09066630117062227,2.2056681902594998e-05,2.1688504074856443e-07,1.609935871782441e-05,1.4055882302216495e-05,0.006132399332849335,0
0.8996968712835225,0.09308430884782011,2.1413454102212738e-05,2.004100664549326e-07,1.5450050308419654e-05,1.3645977752855289e-05,0.007168109976427435,0
0.8911196449683396,0.1051472997566141,2.119425918081459e-05,1.95043861498385e-07,1.3439118400581314e-05,1.328059134912004e-05,0.00368494626225415,0
0.8561800498426736,0.14376052289215488,2.6628405874126127e-05,2.2408840020669323e-07,1.149666272991853e-05,1.449193865507101e-05,6.58616951208589e-06,0
0.8705882231396848,0.12937109577782707,1.78268438448198e-05,1.543581170665972e-07,7.500745881019951e-06,1.0432634467249456e-05,4.766500178268953e-06,0
0.8779754310190382,0.12198380283732425,1.786411846313919e-05,1.5468086852772189e-07,7.5164293885583286e-06,1.0454448338017468e-05,4.7764665792993795e-06,0
0.8432884022921041,0.15665862636184888,2.3507511488622473e-05,1.8841453033917888e-07,1.0523587564038879e-05,1.2933687558437276e-05,5.8181449056072955e-06,0
0.7903551247355094,0.2077980556621018,1.5458252782175146e-05,1.6645512335359776e-07,0.0018182096339546623,8.935527394039644e-06,4.0497331347522005e-06,0
0.849941497521725,0.14890985111671742,1.985364946884138e-05,1.9323921707991358e-07,0.0011120584075360043,1.138353872064881e-05,5.162526615148286e-06,0
0.8340288482212368,0.16450883641515715,2.339240744376143e-05,2.1331109357294967e-07,0.001415973336147205,1.5485846992985668e-05,7.250461928545381e-06,0
0.7511097795951861,0.24822940483473205,3.207239565463443e-05,2.8431769923219853e-07,0.000598212226935482,1.9458613373525737e-05,1.078801641899246e-05,0
0.37524136024801336,0.6239554495328926,2.1634406729985297e-05,2.0490525252871252e-07,0.0007564906494240399,1.2988596401704412e-05,1.1871661285685345e-05,0
0.6063110862784804,0.3936422175941535,1.4830211092106697e-05,1.7178969780751208e-07,1.188141827005049e-05,9.85967352752538e-06,9.953034778624082e-06,0
0.7281197304941402,0.27184591971621025,1.206605070137689e-05,1.5195899273228266e-07,7.663666455934147e-06,6.138597919034682e-06,8.329515580313089e-06,0
0.9000958508468737,0.09987509143919665,9.662930212287203e-06,1.3161708037086256e-07,5.739373965897669e-06,6.596100755484119e-06,6.927691915819678e-06,0
0.9079024845813364,0.09207043088195599,9.470264943573773e-06,1.2277451716843756e-07,5.564752704449247e-06,7.01293559532929e-06,4.9138089473153426e-06,0
0.8030698389903472,0.19686347517614958,1.3066345956424976e-05,1.6593004173257685e-07,7.520776051710733e-06,8.89240994919471e-06,3.7040371504070865e-05,0
0.8158913257219166,0.183798043015098,1.0000668354205951e-05,1.236467157884204e-07,5.604285090658576e-06,7.133512896565162e-06,0.0002877691499282855,0
0.6130314817899106,0.3817620321514622,2.535759496203301e-05,1.8018888261510264e-07,1.2020543100687378e-05,1.005308525744339e-05,0.005158874646424556,0
0.7385186295412517,0.2569138165403206,1.955398802686509e-05,7.770497869528638e-08,1.1297864955423812e-05,9.242661868068862e-06,0.004527381698598621,0
0.9562408277950906,0.014773342364511034,2.4145008099382923e-05,1.1154257812458035e-07,1.462694258040183e-05,2.0007458397838995e-05,0.028926938888742572,0
0.8565245143788055,0.0054495812170738366,1.782814502405307e-05,2.11424520040077e-08,9.325117637366014e-06,1.3223721367864887e-05,0.13798550627763934,0
0.9300367527128086,0.06980758606477816,1.822424520695035e-05,1.530275831895067e-07,4.244909672230437e-06,1.1997409949933467e-05,0.00012104163000126037,0
0.9605700864475432,0.03929317766367721,1.2806748793060842e-05,9.132176451065155e-08,3.7637543518376804e-06,7.934131384435726e-06,0.00011213993248578987,0
0.942280060581614,0.05755202418157054,1.5986780730368775e-05,7.623155408224397e-08,3.7624061122745872e-06,1.3180671278624227e-05,0.0001349091471401204,0
0.7916848724177584,0.029976349502740304,3.084709772260577e-05,1.9433028019558393e-07,1.6383872864706013e-05,1.9973891682810024e-05,0.1782713788869508,0
0.7708644368454539,0.049083495741284976,2.585385530031016e-05,2.77222749958417e-07,2.1816884079868804e-05,2.9279715212785906e-05,0.17997483973591824,0
0.04196824415865629,0.00044992430111869425,2.8103212827958822e-06,1.7690858171517585e-08,1.1072510931236028e-06,1.5341076645587136e-06,0.9575763621693263,6
0.10061584267872924,0.0011035193581877072,8.649516240018584e-06,4.339533428387096e-08,3.53851741931831e-06,4.181914984919208e-06,0.8982642246191045,6
0.0821452183357006,0.000901152568902601,3.515093536494644e-06,2.7147710907811114e-08,1.9821317995895386e-06,2.192899608180438e-06,0.9169459118227417,6
0.20830759398543236,0.78457513624882,3.682396961160282e-05,3.2656056642636687e-07,3.223576352609264e-05,3.060546535318585e-05,0.007017278006690221,1
0.6084117584634559,0.391146212895683,2.7772133789603593e-05,1.8953938401457908e-07,1.0705817348972578e-05,1.573163164239305e-05,0.0003876295186961846,0
0.8451531525217016,0.15469369983763157,2.2149735190920452e-05,1.526993188465895e-07,8.758685971837753e-06,1.3362095551300892e-05,0.00010872442463382471,0
0.8775495890068646,0.12218065432084523,2.0017290832397246e-05,1.8459273335852777e-07,1.0583555609784277e-05,1.6625331873631415e-05,0.000222345901240829,0
0.9238017222938856,0.0754375779985484,1.8268737506658004e-05,1.6497194524560868e-07,9.458605031705199e-06,1.697566912361509e-05,0.0007158317239587254,0
0.8889708323665346,0.015629599231952274,4.5092678463824524e-05,1.8810467675617164e-07,1.082874298297044e-05,2.3943560197934523e-05,0.09531951531519145,0
0.49644424696152545,0.00687351716768918,2.206065064555107e-05,4.177890920251426e-08,1.4895335149644195e-05,1.1857028535950089e-05,0.49663338107754507,0
0.7996040159121998,0.009344462370756614,3.437141285386878e-05,1.475181119307917e-08,2.701171590848326e-05,2.438890602408153e-05,0.19096573493044605,0
0.9641347189788527,0.007135970954064362,2.7457968987213037e-05,5.845782826160038e-08,2.797078000049231e-05,2.110585082269284e-05,0.028652717009444197,0
0.8153065917220067,0.18117257720323468,3.9853253388714964e-05,2.7872848986110733e-07,2.2695421926153374e-05,2.3340395228394724e-05,0.0034346632757255445,0
0.8090207982306554,0.18749954431194246,4.02417244282785e-05,2.825874835788435e-07,2.3009639861600302e-05,2.705633438832839e-05,0.003389067171240278,0
0.7982004914972061,0.19838632125975286,3.064337975460402e-05,2.7502268527628037e-07,2.2785654594041704e-05,2.3855505684173505e-05,0.00333562768032305,0
0.8150490336878216,0.1808246084050138,2.2349684144750944e-05,2.299100934204262e-07,2.0810628727101065e-05,2.159803321849397e-05,0.0040613696509809154,0
0.792462500540426,0.20306810229629657,2.239821656079798e-05,2.478426959368728e-07,2.0855819079011308e-05,2.1644933421967488e-05,0.004404250351519769,0
0.1641672652573776,0.8356908871553268,2.5062621361745478e-05,2.4454004271281934e-07,2.0820971577109568e-05,2.081927040772602e-05,7.490018390620644e-05,1
0.15124589565829835,0.8484533630744475,2.860740193763906e-05,2.5749482905467715e-07,2.5304817663598173e-05,2.2877479745654926e-05,0.00022369407307823775,1
0.13247482156773627,0.8672850672070079,2.3977661024034627e-05,4.120721239886554e-07,1.1176386686553293e-05,1.800333078202001e-05,0.0001865417746391601,1
0.09816783956941431,0.9013531184035404,2.303238851659034e-05,1.7936018233213878e-07,1.7519466471747713e-05,1.686901847516571e-05,0.0004214417933994932,1
0.13710242651985016,0.8622937047369384,2.8900551666478982e-05,2.653193758323581e-07,3.493838373760271e-05,3.0292555665069408e-05,0.0005094719327664258,1
0.15625306176545803,0.8434126729070669,3.311754411855978e-05,2.5664319277691735e-07,3.3795867055518364e-05,2.9301961754079147e-05,0.00023779331135408694,1
0.15847995092242892,0.8412359434173248,2.9029227908978286e-05,2.2496093634653773e-07,3.3321118337523505e-05,2.4127358425735457e-05,0.00019740299463780295,1
0.08087205713620571,0.9189385892738239,1.788225030028749e-05,1.3899567042111424e-07,2.183880241749845e-05,1.4065901291108242e-05,0.00013542764029095318,1
0.04460547189452494,0.9553232795837541,1.0182426201902919e-05,7.939686832587392e-08,7.597831052779837e-06,6.321245253203265e-06,4.706762234488534e-05,1
0.053101480638695915,0.9467299993560205,1.4494396131728948e-05,9.453244880159414e-08,1.0425681866227793e-05,7.884787655068221e-06,0.00013562060718179652,1
0.04902201418706238,0.9507844405753249,1.4556469454815131e-05,9.488754876196682e-08,1.4931881357083867e-05,7.918554841167654e-06,0.00015604344441090984,1
0.2101338300574415,0.7895107710214011,2.6072100252034478e-05,1.7030108248273667e-07,1.2099024628077556e-05,1.7148552082672593e-05,0.0002999089431122167,1
0.3203078819383618,0.6796125820605161,2.7788239728601647e-05,2.2273117972792484e-07,2.191949786381118e-05,2.4395696414572954e-05,5.209835935437897e-06,1
0.3487729859622318,0.6511306441326593,3.257979646381019e-05,2.717560878700892e-07,3.0101567796034733e-05,2.706022240662652e-05,6.356562354624405e-06,1
0.18356734831797283,0.8163686284837369,2.2728820435398696e-05,1.9286222288870936e-07,2.000812417313895e-05,1.6151652025045e-05,4.941739433840789e-06,1
0.25709650202064394,0.7419768144862237,2.24633429409206e-05,1.6602114089697828e-07,0.0008852913962937518,1.181183924609741e-05,6.9508935105367955e-06,1
0.8812695302948793,0.039522274386863114,6.957716359090412e-05,3.5054280955479286e-07,3.1773990214640206e-05,3.069575042122858e-05,0.07907579787122136,0
0.8578835690802965,0.09353240754367144,7.244646224358463e-05,3.649988747240534e-07,3.3084320538670114e-05,2.9056854211213497e-05,0.04844907074016385,0
0.8147099433078511,0.10312610703929395,3.4564950358764086e-05,1.9728299032276754e-07,1.5990779790673224e-05,1.461161172088215e-05,0.08209858502799425,0
0.9133735412449736,0.080263731454449,2.952640312802496e-05,1.9689019724237775e-07,1.3566336578483053e-05,1.3406308868865946e-05,0.006306031361804849,0
0.9126863519488616,0.07969744909667255,2.931808635932991e-05,1.9550108359045675e-07,1.347062240067395e-05,1.3311723729877607e-05,0.007559903020892264,0
0.9141976656851367,0.07982941978880428,2.936663406308547e-05,1.958248130649427e-07,1.3492928351263485e-05,1.3333766560783871e-05,0.005916525372270797,0
0.9130861338640529,0.0809571505175764,2.9781489334753044e-05,1.9859118240263357e-07,1.3683539656758343e-05,1.3522129426512475e-05,0.005899529868770405,0
0.9051413140759711,0.08818871836016469,2.95223587259199e-05,1.9686322805399606e-07,1.3564478318945713e-05,1.3404472529248986e-05,0.006613279391062154,0
0.8854160508036216,0.11053546694779759,2.8622628170745067e-05,2.0053014656462545e-07,1.4152004373272473e-05,1.2995954577735232e-05,0.003992511131312551,0
0.8601500832677892,0.13758684903843207,1.9224719075516712e-05,2.3629248414645702e-07,1.4245422170004577e-05,1.2453913247814698e-05,0.0022169073468011114,0
0.8441048655528643,0.15359632882464014,1.952743689601095e-05,2.400132118990451e-07,1.4469734584369897e-05,1.275304591578234e-05,0.002251815391887503,0
0.886143222408248,0.11380927471614159,2.1149635104600526e-05,1.7299320380528295e-07,9.084113511231965e-06,1.1754191608097108e-05,5.341942182550983e-06,0
0.8820810612121709,0.11787506785284502,1.8819910643951855e-05,1.6295683047709918e-07,8.783782979308353e-06,1.1072260453838293e-05,5.0320240767391455e-06,0
0.9250050532120672,0.07497077742326248,1.0716258198645309e-05,8.306560327010679e-08,4.262561099024734e-06,6.220708534726523e-06,2.886771234568757e-06,0
0.7506985422392557,0.24925982162687785,1.6458239314653635e-05,2.1714169826908057e-07,9.099685811143993e-06,1.0578166085744564e-05,5.282900956725965e-06,0
0.601537662001737,0.3984078551482364,2.2403299323798463e-05,1.7250074078553216e-07,1.1232024639665512e-05,1.3628376164111559e-05,7.046649158522402e-06,0
0.46629210043608177,0.5333021951279403,1.770902831654403e-05,1.407419371948493e-07,0.00036322665167382327,1.180554985396082e-05,1.2822464196570832e-05,0
0.44195213033566116,0.5572911626082564,1.8267144337013847e-05,1.4777253403487718e-07,0.0007200441770908006,1.2211459333145494e-05,6.036502787569046e-06,0
0.7390493230685425,0.2594729730967358,1.3889285220095096e-05,1.1695847818535878e-07,0.0014520573752488236,8.028597430551677e-06,3.6116183438545982e-06,0
0.700559281238448,0.29674432134225753,1.589595494316271e-05,1.3385618266125668e-07,0.002667119892202022,9.11430509948162e-06,4.133410867159048e-06,0
0.815291169352047,0.18353056367805734,2.505535704734077e-05,2.279625538427685e-07,0.0011286856779765644,1.6549506028068295e-05,7.748466289709031e-06,0
0.4074465514141856,0.591864563102312,3.0530876431116226e-05,2.067593261462316e-07,0.0006330626434185091,1.3106122983477268e-05,1.19790813430742e-05,0
0.6482157467714964,0.35172429173938674,1.4949376675480006e-05,1.7864013302598885e-07,1.7962798165035972e-05,1.025284643392006e-05,1.6617827709348378e-05,0
0.5930890796389168,0.40686033716524633,1.585241182332261e-05,1.8363063207497258e-07,1.3368816171411015e-05,1.0539270427852095e-05,1.0639066782170003e-05,0
0.725215620213731,0.2747387390062138,1.1039421393790468e-05,1.5235346267574173e-07,6.018052628786286e-06,7.739677432575149e-06,2.0691275137319316e-05,0
0.906291952242945,0.09368918106710401,6.838612532587019e-06,8.865721886272327e-08,4.018386794048164e-06,5.064140183848585e-06,2.8568932215668586e-06,0
0.9102400931128218,0.08973922476963841,7.434948886241856e-06,9.638824944383095e-08,4.368795611175711e-06,5.505740124954003e-06,3.276244668037533e-06,0
0.8313746694232804,0.16858973295492796,1.3292339985343929e-05,1.687999488033747e-07,7.6508545362535e-06,9.046212057138233e-06,5.439415263904218e-06,0
0.7075187603262767,0.2910572635064666,1.49968801353127e-05,2.0457510647027082e-07,1.7414317973958737e-05,1.1496850761085756e-05,0.0013798635432800681,0
0.8110125342671947,0.18745947132338095,2.1956748426083126e-05,2.058096709608657e-07,2.1579183864723995e-05,1.1565758870403659e-05,0.0014726869085922253,0
0.7553736297794311,0.2416359862310148,2.2046516249099525e-05,2.074560396994988e-07,2.1751805945864458e-05,1.1658278836807096e-05,0.0029347199324826385,0
0.7655412044880978,0.22788013355839512,2.221587125036612e-05,2.0823853620854417e-07,2.1833850856404182e-05,1.1702252309473848e-05,0.006522701740554321,0
0.7028612771260372,0.2921603264349737,2.511072037699315e-05,1.9829075876205517e-07,2.051676811976796e-05,1.1137840008313403e-05,0.004921432819725298,0
0.8785909641669007,0.11937516363088904,1.6845602618555844e-05,1.3147549721526782e-07,1.0592458095754905e-05,9.424712292944984e-06,0.00199687795370563,0
0.9597071127617538,0.015076215461152988,2.4439871890449302e-05,1.1290475896609235e-07,1.7100979066424778e-05,2.0019518868445892e-05,0.02515499850250879,0
0.8667725085644445,0.01011209929902677,1.6981448225490306e-05,7.423253973327478e-08,9.199171564140957e-06,1.2595698512309733e-05,0.12307654158568675,0
0.9279166396085357,0.07200855380600175,1.2399753145093553e-05,1.1753350189966775e-07,3.4441143929929567e-06,8.09629248282857e-06,5.0748891939391936e-05,0
0.9311327332655082,0.0687329625211251,1.5380004526702704e-05,1.4578240148041856e-07,4.797604566815519e-06,1.128455391971486e-05,0.00010269626795202567,0
0.3455412443767228,0.006357504870467247,2.3345820910765225e-05,1.68459615585455e-07,1.1542728097410283e-05,1.4204293408604828e-05,0.6480519894507776,0
0.8898835053397786,0.038221659243671845,4.0672510324896266e-05,2.769005029159351e-07,2.0020894175864542e-05,2.6472545668340726e-05,0.07180739256587745,0
0.05879661396787307,0.0005687861685499531,4.238590592734226e-06,3.1415871802636586e-08,2.3677351346621625e-06,2.4396974866236772e-06,0.9406255224244912,6
0.05775057518443044,0.000591507863100934,3.851475231964627e-06,2.87919940715493e-08,2.4623206880425683e-06,2.5673019283653136e-06,0.9416490070626262,6
0.04023508857806537,0.0005012355072001398,3.263686354467192e-06,2.439793391097131e-08,2.086536183120547e-06,2.175495820890725e-06,0.9592561257984421,6
0.04604854239048595,0.0004321185618136393,3.3128318748079585e-06,1.615434440704946e-08,9.631094525376719e-07,1.5792917125371854e-06,0.9535134676603162,6
0.09811205506845355,0.001237124548306691,6.769079647977622e-06,4.7465877036873965e-08,3.5618510356851502e-06,3.622513620707716e-06,0.9006368194730583,6
0.21359133811685327,0.7814279376105088,3.155858777081057e-05,3.069287183646451e-07,2.5752086856924153e-05,3.125834981130856e-05,0.004891848319480527,1
0.35711846011803006,0.6422133009948597,2.8235507643279626e-05,2.60550205191595e-07,1.904165763629678e-05,2.038457628289265e-05,0.0006003165953424727,1
0.4243155071377718,0.5751913102660065,2.445185275787627e-05,2.0117701811347022e-07,1.2978779704385514e-05,1.590185192539662e-05,0.00043964893481590004,1
0.40222007490376926,0.597001463075778,3.170260858781745e-05,2.7821745416144913e-07,2.0332824173708638e-05,2.0209040348325534e-05,0.0007059393298887786,1
0.580093397246794,0.4195396070021682,2.4835259019737498e-05,1.8071732450201488e-07,1.0207517967689299e-05,1.4999407090221589e-05,0.0003167728496356371,0
0.8924052020182714,0.10720686658548312,1.5661076703683933e-05,1.444211896742655e-07,8.280335115792789e-06,1.3007284546005731e-05,0.00035083827869020423,0
0.5477797231549859,0.006443966371932588,2.9143360633320755e-05,3.9882746557891665e-08,1.520450852596848e-05,1.4481104383645815e-05,0.44571744161679205,0
0.982329452668108,0.008969952660323102,2.876753029447934e-05,2.2074952799526622e-07,2.9797040453196836e-05,2.5647467912239774e-05,0.008616161883380937,0
0.9857072381855043,0.008775338205070574,3.919847511965899e-05,2.159600880991023e-07,2.5971138597880886e-05,2.5091013693877416e-05,0.005426947021925628,0
0.792127500766088,0.007038065465931054,4.237314918906004e-05,3.542704933399912e-08,3.1931226382360316e-05,2.8658132538507922e-05,0.20073143583282194,0
0.801406678956478,0.19533951892849924,3.992142102676673e-05,2.792052454882137e-07,2.178014685288745e-05,2.6732502052932367e-05,0.003165088839844819,0
0.7437510208555688,0.2549594007316051,3.0051989891347773e-05,2.6576361835184284e-07,2.3631096161438263e-05,2.6668684717381938e-05,0.001208960878437413,0
0.8294931061166004,0.167740801370755,2.2705706122651924e-05,2.0692753593338933e-07,1.7696653847186563e-05,1.9133301599609136e-05,0.002706349923539335,0
0.16950359009483906,0.8302566819308974,2.4605631630706277e-05,2.620312732985503e-07,3.1360378860851096e-05,2.415242498834285e-05,0.00015934750751026716,1
0.12304513023991726,0.876442127758923,2.5969146656791784e-05,1.9948026927400347e-07,2.9393354944938334e-05,2.1035247853782516e-05,0.0004361447714347496,1
0.121905232299723,0.8775701790051831,2.8116693831880818e-05,2.178892870048589e-07,2.9026518420981846e-05,2.487727605535846e-05,0.0004423503174987328,1
0.18990088366247082,0.8097641592806396,3.651613768534662e-05,2.580065479230707e-07,3.24337980898173e-05,2.8409090870935842e-05,0.00023734002369554775,1
0.029049842663549527,0.970902623860694,6.970593638489676e-06,5.435279316484604e-08,5.023520436876412e-06,4.3273411538280685e-06,3.1157667734056273e-05,1
0.04856006409327086,0.9513044895487732,9.040476012176395e-06,6.885080446445292e-08,9.451432013120295e-06,7.089492332760311e-06,0.00010979610679357725,1
0.034388235115215514,0.9654603536549864,9.582623092854703e-06,7.12418161916886e-08,1.2087293663509887e-05,6.283228012015207e-06,0.00012338684321381072,1
0.11568739370311264,0.8839857810734284,1.967891179078209e-05,1.4630246886123733e-07,2.588090456942878e-05,1.4034207910402519e-05,0.00026708489671949044,1
0.20404661159339163,0.7954050945843646,2.876454175793998e-05,1.9676440587947017e-07,1.361833374529476e-05,1.9813289575433366e-05,0.00048590089275894917,1
0.2459277346110898,0.7539967145370462,2.5148417810190515e-05,2.0809732268268496e-07,2.0112436276960264e-05,2.397880912082984e-05,6.10309133325326e-06,1
0.24360299301142366,0.756315326028238,2.8233932603739923e-05,2.3362924172751904e-07,2.2140939191383974e-05,2.4220566244794792e-05,6.851893056577e-06,1
0.2532454417802684,0.746675358613146,2.7176646013535176e-05,2.12634105792423e-07,2.8334657058862997e-05,1.8027311870883277e-05,5.44835753645877e-06,1
0.23047265258519553,0.7694551960220355,2.4878128669393243e-05,2.0462969923342255e-07,2.2666188687193816e-05,1.8348737526587526e-05,6.053708186603327e-06,1
0.278704715744201,0.7212275816258058,2.8576397796721292e-05,1.77887911565496e-07,1.6947759124768114e-05,1.654272556437782e-05,5.457859595664017e-06,1
0.12600816734187203,0.8739272591981174,2.6025542447545614e-05,1.8161620063180305e-07,1.5388862543886866e-05,1.7604555582621595e-05,5.372883235929436e-06,1
0.26847390651423464,0.731393632279924,2.2817630116488815e-05,1.6493825194072946e-07,8.931611959571023e-05,9.671312399645533e-06,1.0491205477569743e-05,1
0.3121809040696857,0.6867197827965563,2.2965191697177037e-05,1.8257239750886448e-07,0.0010569834626937087,1.2075725028829978e-05,7.1061819407721425e-06,1
0.8843583396284447,0.038684289507917254,6.760412332807479e-05,3.4060226237808477e-07,2.8569306090979715e-05,2.7457543302242857e-05,0.07683339928865439,0
0.8771432815010836,0.07675818534399972,3.018091122559889e-05,1.5222584608466047e-07,9.027106989519727e-06,1.0253270332333094e-05,0.04604891964052291,0
0.8771432281806283,0.07675818067796457,3.018090939093862e-05,1.295053860982068e-07,9.027106440773057e-06,1.0336778923106474e-05,0.04604891684126604,0
0.9088992827424106,0.08308416937840006,3.0148672830829232e-05,2.01039663196353e-07,1.543578425952376e-05,1.3688847171935219e-05,0.007957073535263981,0
0.908921576667213,0.08308620730741988,3.014941233217745e-05,2.112267971250905e-07,1.543616287596684e-05,1.3689182938653576e-05,0.007932730040423105,0
0.8889776009275354,0.10620925979147251,2.873776153072395e-05,2.450481540856744e-07,1.5075709634575927e-05,1.3048230277497735e-05,0.0047560325313950975,0
0.8885443148808274,0.10615749359370688,2.8723754798639934e-05,2.4492871806633477e-07,1.5068361761443839e-05,1.304187059407312e-05,0.0052411126095934886,0
0.882461581936273,0.11422140141902488,1.94602647887838e-05,2.3918759442085427e-07,1.4715159700492179e-05,1.2606501479008092e-05,0.003269995531139577,0
0.8354782182759719,0.16217284394029863,1.8471344176347612e-05,2.3847134906286357e-07,1.537301509959875e-05,1.266698287554802e-05,0.0023021879702287903,0
0.922398458535159,0.07757416744939889,1.1745122010675372e-05,1.290376506782216e-07,5.481779630044356e-06,6.854147124445983e-06,3.1639290261972383e-06,0
0.6959394689677822,0.30402416717163916,1.4677147653716997e-05,1.3556251374575596e-07,7.532167958760241e-06,9.307790939122325e-06,4.711191513225458e-06,0
0.6380647134589652,0.3618930380060903,1.5738244707317338e-05,1.2366696557240504e-07,8.54352648021077e-06,9.980705716165492e-06,7.862391075231811e-06,0
0.6854898107191907,0.3131726049021816,1.4961085425495246e-05,1.3336558187417058e-07,0.0013092168056201554,9.154860635772478e-06,4.118261364278704e-06,0
0.7589919553029485,0.24014340276492924,4.412503718964087e-05,2.849349988417127e-07,0.0007873820110244185,2.31649844445355e-05,9.684964464848355e-06,0
0.39216612219584085,0.6072482171532069,1.7633536631126063e-05,2.0388403750614107e-07,0.0005438559638081612,1.1927164077970392e-05,1.2040102397608474e-05,0
0.6485601016082166,0.3513896583166536,1.393842875879568e-05,1.665596380167857e-07,1.108153531215804e-05,9.559500218391444e-06,1.5494051202322517e-05,0
0.6731473631240049,0.32680818876861556,1.5243495462985916e-05,1.7657708732887206e-07,8.663191247719562e-06,1.0134440282063798e-05,1.0230403299629961e-05,0
0.7656271026710008,0.23433581385645358,1.3750274984209093e-05,1.4252198868721982e-07,6.753446652238205e-06,8.179886785319236e-06,8.257342135335761e-06,0
0.7857713933201335,0.21418295178415653,1.090347480038791e-05,1.5047728334486658e-07,5.259127428016603e-06,7.644366025984123e-06,2.1697450172468817e-05,0
0.9409193703250641,0.05906159238187799,6.632476722250389e-06,1.1020020298374083e-07,3.976252023071962e-06,4.922537807832997e-06,3.3958263017076695e-06,0
0.9152910284549409,0.08468858453397175,7.310681831002719e-06,1.211961820197559e-07,4.295775961162098e-06,5.413717688390107e-06,3.245639424592183e-06,0
0.9137144506590964,0.08562375701917829,6.991040656940606e-06,8.643614472131564e-08,3.422550179061431e-06,5.435735236131673e-06,0.0006458565595084117,0
0.8383943520040762,0.1600182032856335,2.28110285804573e-05,2.1381719165875207e-07,2.241877396092084e-05,1.2015752561706587e-05,0.0015299853379954831,0
0.6530884505155597,0.3384682091302956,2.557261785912233e-05,1.5382044914453894e-07,1.2392696335744453e-05,1.0138331650880068e-05,0.008395082887849773,0
0.9713189869499738,0.011103534134128746,2.493544712352552e-05,1.8116063663600196e-07,1.5204668811150054e-05,1.2986350424714683e-05,0.017524171288901654,0
0.8178593408077028,0.013824577665881018,2.3215886526650535e-05,1.0148570346584964e-07,1.3308151759489863e-05,1.7539491863737015e-05,0.1682619165105627,0
0.9600649450535054,0.0398234826880177,1.582997969925103e-05,5.2718066599328906e-08,3.0176638483573514e-06,6.800000264598076e-06,8.587189659784505e-05,0
0.9624806828076562,0.037375005494101145,1.611933200331195e-05,6.50709703008552e-08,3.1973390004052094e-06,9.772011339693947e-06,0.00011515794492917463,0
0.7609288065250477,0.017126686526761123,3.117111250919269e-05,2.2466989759953766e-07,1.0138777624124473e-05,1.8000039071997703e-05,0.22188497234908836,0
0.8198077314870088,0.11946232335451284,3.6813816963636004e-05,3.103866703909841e-07,2.4094297739287235e-05,2.760219974230623e-05,0.06064112445736269,0
0.8766518861061003,0.04025488196502378,4.797017675673055e-05,2.771850750117974e-07,2.004146975357807e-05,2.6499751642054456e-05,0.08299844334564827,0
0.8999138496733171,0.033654956102196,3.790336379247575e-05,2.716504205194698e-07,1.964129448945259e-05,2.597062153118893e-05,0.06634740729425309,0
0.8370198913707672,0.023204730608128738,4.1026557627078366e-05,2.597793009457662e-07,1.94475198136652e-05,2.5012598641752723e-05,0.13968963156572087,0
0.6681107295207965,0.027252604538781696,2.1877099185058913e-05,2.3458124626861037e-07,1.9114242842796043e-05,2.546168130679845e-05,0.30456997833584093,0
0.5226499473171784,0.019176230162364343,1.711545791541805e-05,2.2817666094472695e-07,1.1733757974005453e-05,2.0536723577174507e-05,0.4581242084043296,0
0.03400897752693878,0.0003905664889405829,2.231109055891001e-06,1.0099790504055829e-08,1.1904141376041052e-06,1.51834428062531e-06,0.9655955060168561,6
0.044686611530356184,0.0004584756946618156,2.5807411802075404e-06,1.6180003908646757e-08,9.662856085951949e-07,1.5501657674447802e-06,0.9548497994024218,6
0.04539116869728434,0.00042223533229707026,3.615824262403996e-06,2.4152548067692004e-08,1.5193647904603728e-06,1.6628641384964171e-06,0.9541797737646792,6
0.03782013614698298,0.0005351128868093124,3.447008818512963e-06,1.9065611776036093e-08,1.4484287540492928e-06,1.5852284108451799e-06,0.9616382512346126,6
0.15218467451121784,0.0020665898477948965,1.0593031532015987e-05,5.5766322078894e-08,3.6305072045105314e-06,4.5657382706071976e-06,0.845729890597658,6
0.1465856010548447,0.002331647563632146,8.417841669221868e-06,5.595478961035179e-08,3.518108263732987e-06,4.581168612596163e-06,0.8510661783081881,6
0.1716125037321756,0.0027715283166539306,1.0424336110620254e-05,7.01386558255215e-08,5.941899428641518e-06,5.9772896266979185e-06,0.8255935542873488,6
0.28015290417648886,0.6741022842802962,2.5658660532560842e-05,2.2754490636486867e-07,1.608114122288012e-05,2.0037696058269265e-05,0.045682806500494944,1
0.33832855084918767,0.6602493468416772,2.8780168802416414e-05,3.110334206706814e-07,2.3300059945237705e-05,3.6806532975293165e-05,0.0013329045139914542,1
0.3958649491160962,0.6036760917930561,2.281234431681533e-05,1.9697543569248969e-07,1.2108546307729865e-05,1.3670961664573958e-05,0.00041017026312293654,1
0.4039215863251508,0.5952455842304737,4.1738959843553576e-05,2.9807958232158395e-07,2.08033594570296e-05,2.3240656806049965e-05,0.00074674838868642,0
0.9090004609835826,0.09017688065085137,2.094262691749608e-05,1.7763669121618018e-07,8.273441199382404e-06,1.6965010240214514e-05,0.0007762996505175885,0
0.8599441746582194,0.007963382932557347,5.275608124912957e-05,1.8849284169451492e-07,1.9732585785688433e-05,2.3285734183117562e-05,0.13199647951516377,0
0.9897212181361169,0.00779354678611034,2.859466155274664e-05,1.8185007051542587e-07,2.2041714838152167e-05,2.1127990128626416e-05,0.0024132888611827956,0
0.7906801266061066,0.20666500906415022,3.0822533614688776e-05,2.9307173143369886e-07,2.516878878796643e-05,2.5421082439304338e-05,0.002573158853169487,0
0.8470306289478715,0.15145670480500698,3.125376228680033e-05,2.778205363429057e-07,2.8286796385972596e-05,2.3230858667901393e-05,0.0014296170092443182,0
0.15916794523470104,0.8406160431200822,2.555550082867717e-05,2.5218555849098986e-07,1.1290662493482133e-05,2.01053609583927e-05,0.0001588079353776876,1
0.1519609924398595,0.8477487493913559,2.843999909460945e-05,2.5598803838060116e-07,1.8347531023767007e-05,2.082957526593879e-05,0.0002223850753620592,1
0.14915125957542869,0.8505456121654426,2.556791672613101e-05,2.682267794638325e-07,2.266699451508061e-05,2.182543343246171e-05,0.0002327996876756981,1
0.03446506941383627,0.9654797474377517,7.421518803567208e-06,5.6521087969863794e-08,8.285984158148305e-06,5.351135771039997e-06,3.4067988591297756e-05,1
0.05064866760256465,0.9492740148679183,1.038654104824132e-05,7.910221826940261e-08,1.0858685586546168e-05,8.145069244830636e-06,4.784813141925971e-05,1
0.035114110319007165,0.9647836455827496,8.216052344240061e-06,7.119188155489569e-08,1.3505752104603948e-05,6.930654277993885e-06,7.352044763470604e-05,1
0.03786065869836452,0.9620365777966923,8.192658443621245e-06,7.10263881715442e-08,1.321978643529275e-05,6.464998906174476e-06,7.481503476988632e-05,1
0.05568594791607332,0.9441750313074784,1.3611178846758401e-05,9.249510106009412e-08,1.8158475309175395e-05,7.863508747098744e-06,9.92951184440248e-05,1
0.24452453510958228,0.7553375121661363,2.5996711790677838e-05,2.05243078603588e-07,1.4205154285107707e-05,1.7211238323822023e-05,8.033437680314548e-05,1
0.2786422642736571,0.7212906366322144,2.1174818358573457e-05,1.9311967485415205e-07,1.5660813440428245e-05,2.041408611536012e-05,9.656256539280523e-06,1
0.17946612622821836,0.820478715787189,1.5973802886827194e-05,1.471914675349799e-07,1.2405777320192877e-05,1.2675310937202694e-05,1.3955901980915663e-05,1
0.2580843079012962,0.7418245106859039,3.012494926901566e-05,2.3636561512008253e-07,2.2063912862700363e-05,2.7967291019830703e-05,1.0788894033110375e-05,1
0.22663926868533418,0.7732949907841725,2.4483559694484053e-05,1.9295571129261627e-07,1.8053712636356903e-05,1.73019542814533e-05,5.7083481697909456e-06,1
0.12260061007877689,0.8773336178563476,2.346048111226272e-05,1.7602526678755025e-07,1.7601455314217735e-05,1.5266589892623554e-05,9.267513289814315e-06,1
0.13311534655909016,0.8668196075233578,2.2647349443930604e-05,1.7469093866322018e-07,1.9525946934645232e-05,1.4731964342211636e-05,7.965965892297125e-06,1
0.31944896024180036,0.6760796531591816,2.2435699709920512e-05,1.7836295641863224e-07,0.004429646552008999,1.1053709400162874e-05,8.072274942410823e-06,1
0.8894507168657829,0.027654729074134566,7.271806824022664e-05,3.663672767146063e-07,3.0730444352009444e-05,2.6911606881865562e-05,0.08276382757333159,0
0.8814642553981499,0.08199846023391467,2.972386907869998e-05,1.6965202365237977e-07,1.2893233013360914e-05,1.2463633758704044e-05,0.03648203398006113,0
0.9090722953933144,0.07984586558859523,2.6773126662449568e-05,1.8899116002716644e-07,1.4696961036746263e-05,1.2868461204751784e-05,0.011027311478026273,0
0.9089887643778227,0.08457865787577629,3.0021770287628376e-05,2.1033253690032907e-07,1.6308468566026508e-05,1.3631227736102871e-05,0.006372405947274259,0
0.908069837001298,0.08485866204765279,3.0121159674251226e-05,2.1102885899023482e-07,1.58014345209256e-05,1.3676354967129816e-05,0.007011690973028011,0
0.9117899694028894,0.08165140210637316,2.8982720928258925e-05,2.0305295659486993e-07,1.5204214311098828e-05,1.3159452810409918e-05,0.00650107904973128,0
0.8963759681497775,0.09696551251070336,2.8976926738854824e-05,2.4708752631413863e-07,1.5201174703545171e-05,1.315682198902408e-05,0.006600937328561388,0
0.8955611458942806,0.09799249940491374,2.637520922648105e-05,2.213335368919566e-07,1.4647030636092522e-05,1.2617135148634593e-05,0.006392493992257404,0
0.8698493274667034,0.1285632580351795,1.9182136180598035e-05,2.191850044231755e-07,1.4504848744749784e-05,1.2367448778323182e-05,0.0015411408794090947,0
0.8298699062356938,0.17003280297539625,1.8526518200550922e-05,1.8850705670481167e-07,1.3821604596771374e-05,1.2637736179988243e-05,5.211642287578012e-05,0
0.8228297050751737,0.17707023166710448,1.8996866955845735e-05,1.483608580547652e-07,1.4253072235571434e-05,1.2958581328421202e-05,5.370637634380913e-05,0
0.9471749611096956,0.05280692234475365,7.8776941365032e-06,6.106286389299055e-08,3.482733369396781e-06,4.572943115079615e-06,2.1221120662119924e-06,0
0.9327728052666282,0.06720510941087077,9.64090690026898e-06,8.347816634812323e-08,4.213216488402085e-06,5.569957610136305e-06,2.57776333594574e-06,0
0.8464641087621397,0.1534975967598224,1.1969243785392074e-05,8.811891339626014e-08,5.849730256350509e-06,7.454500824062292e-06,1.293288425860928e-05,0
0.7895007720526184,0.21045530502188398,1.1954765676345345e-05,8.18178415310509e-08,5.9228184047690285e-06,7.429065985726785e-06,1.8534457589200674e-05,0
0.7681567481219607,0.23180289973853285,1.1709556975161326e-05,1.1800038161825679e-07,6.23008637666138e-06,7.661898526228104e-06,1.4632597246684303e-05,0
0.6801250196592358,0.3198234670701322,1.3153544549690575e-05,9.457880609378112e-08,8.252145029333071e-06,8.58776249988581e-06,2.1425239746970688e-05,0
0.47278313693463764,0.5271671248145304,1.7544259656264355e-05,1.8568950355954537e-07,1.1280103097722608e-05,1.1661934885360052e-05,9.066263689072955e-06,0
0.42139087807820924,0.5780406526377124,1.6576042885895537e-05,1.7908564413301406e-07,0.0005189475820555238,1.289201943930943e-05,1.9874554053397545e-05,0
0.36345380625623236,0.6354865442704273,1.5700866223926327e-05,1.6963033701793052e-07,0.001012742402455283,1.2211350680390045e-05,1.8825223643581858e-05,0
0.8156643284617083,0.18314768350788563,1.2151642766294045e-05,1.0832174686284269e-07,0.0011650074872320768,7.375658189171726e-06,3.3449204715899824e-06,0
0.7538864833412577,0.24469650422218253,1.3423174861262273e-05,1.3065022654842275e-07,0.0013922717146440918,7.696480741590129e-06,3.490416086463721e-06,0
0.4306698847395791,0.5675754499623148,1.4957018719379793e-05,1.7798931253880175e-07,0.0017230205089450881,1.1013561648818163e-05,5.4962194801853794e-06,0
0.41898867252093525,0.5795309119334873,1.4932481340464317e-05,1.626506137753437e-07,0.0014490918854511575,1.0825939732141403e-05,5.402588439997832e-06,0
0.4518519110159776,0.5469626527923563,1.5161458638494366e-05,1.7442870460973952e-07,0.001152561574756276,1.1609883294192595e-05,5.928846272525891e-06,0
0.4181916758849996,0.580562773371973,1.593031004563198e-05,1.8327414344132322e-07,0.0012110090242855847,1.2198631073695812e-05,6.229503478934811e-06,0
0.3803893122033583,0.6182707879520135,1.795901942143233e-05,1.9517794504556755e-07,0.00130212059069092,1.2990941878799288e-05,6.634114692026805e-06,0
0.6806874090177464,0.31927002178815994,1.4697006557945998e-05,1.7024668762863226e-07,8.067189724271157e-06,9.771114220375017e-06,9.863636903372158e-06,0
0.697811013212187,0.3021481663048143,1.409326436883718e-05,1.632530792722514e-07,7.735795520636242e-06,9.36972405522931e-06,9.45844597465227e-06,0
0.8113384443644489,0.18862138960050756,9.525412429286372e-06,1.3070774170312157e-07,4.408630127477193e-06,7.254421951401715e-06,1.884686279363345e-05,0
0.9106385973685903,0.08934067405223842,7.472552959301561e-06,9.645269827688853e-08,4.3717167533339225e-06,5.5094214712614424e-06,3.278435289268689e-06,0
0.8875263474764812,0.11243158079235971,1.1080512529033619e-05,1.3031238097857868e-07,5.906406241279741e-06,7.5954025212032145e-06,1.735909748658483e-05,0
0.8758165394715274,0.12413036826466126,1.0934318926240427e-05,1.2859307093638527e-07,5.8284785456329595e-06,7.495190617076065e-06,2.870568265154547e-05,0
0.9263377918690658,0.07314224696078432,6.973105025597611e-06,8.763029563674048e-08,3.97184151795304e-06,5.510832155703479e-06,0.0005034177611549494,0
0.8151835450980203,0.18422678076590707,7.666905267452708e-06,1.0162337881237349e-07,4.023908221178961e-06,6.3908192898491334e-06,0.0005714908799153266,0
0.8471962935419232,0.15199016148716382,1.5581607043451797e-05,1.314276156206379e-07,6.4099791664621e-06,7.336144166803544e-06,0.0007840858129206758,0
0.743900177159644,0.2499155721901343,2.1587852439574517e-05,2.0235185652819992e-07,2.1216631351694718e-05,1.1371442209966365e-05,0.006129872372363848,0
0.7436931555895202,0.24705317324619383,2.6569497401609388e-05,1.7760107760301013e-07,2.2476726995256915e-05,1.1784397673016312e-05,0.009192662941138529,0
0.8603245639048848,0.1369482165686228,1.6431370348723005e-05,7.133863768148525e-08,1.0017800804654728e-05,9.228767223944056e-06,0.002691470249477338,0
0.968834668831217,0.021027080981956894,2.1947339919283986e-05,9.528683836743287e-08,1.3939323313461208e-05,1.2326841097315318e-05,0.010089941395657475,0
0.9640112943940692,0.03585651541054961,1.3219216948782781e-05,6.217403166492502e-08,3.8041578533510065e-06,8.019706697248274e-06,0.00010708493985039158,0
0.7599114094900171,0.015488587019023366,3.8394013498580236e-05,2.7672990749423515e-07,1.2488740643866803e-05,2.217096816488153e-05,0.22452667303874466,0
0.29416776050267557,0.007954654929123978,2.3686172413468132e-05,1.7091553622017664e-07,1.1803595203127874e-05,1.4731606382119491e-05,0.6978271922786654,0
0.8764407909525169,0.05722136201637416,7.550462092413654e-05,3.2387427405123495e-07,2.3417265403209812e-05,3.096338367151666e-05,0.0662076378868361,0
0.7429850753162007,0.03108582153708942,4.085682754556128e-05,3.113134078931959e-07,2.6120539703407593e-05,2.9974510267291824e-05,0.22583183995578557,0
0.6747028919396688,0.02629814068150442,3.917844168511188e-05,2.6336649288955526e-07,2.209758641821477e-05,2.4683253805976636e-05,0.29891274473042456,0
0.35874739174204967,0.014644621705995526,2.0044978806295675e-05,1.3746006224208236e-07,1.1533493008624337e-05,1.323520909331167e-05,0.6265630354109843,0
0.0390031417900381,0.00046335889420432065,2.8500681305246194e-06,2.2554267436093143e-08,1.7773694879909338e-06,2.011101215763523e-06,0.9605268382226557,6
0.02736358392260398,0.0003921159364269729,2.6932294671411146e-06,2.1795644790262253e-08,1.9719676152879267e-06,1.8129635857030117e-06,0.9722378001846561,6
0.024733366946436994,0.000354899067027124,2.820483091255053e-06,1.970062408332561e-08,1.6002069640318889e-06,1.429854995910422e-06,0.9749058637408605,6
0.06236389423151754,0.000624402644707808,3.960157649836821e-06,2.6913315312925634e-08,1.659029797198743e-06,2.3040474347253395e-06,0.9370037529755776,6
0.04656604070012071,0.000656242398676706,3.7287847767108966e-06,1.9629943722197436e-08,1.2342154747893074e-06,1.766758540355632e-06,0.9527709675124669,6
0.03898526561034491,0.0007050323571802939,3.595546709998889e-06,1.892852062919768e-08,1.4059839194181206e-06,1.738394408227506e-06,0.9603029431789165,6
0.2041455829478788,0.00443755052790804,1.4056868049165052e-05,9.496342263590872e-08,9.317611791573852e-06,7.613144057226754e-06,0.7913857839368925,6
0.2795258833235271,0.5797516788804159,2.6250142358924133e-05,2.3279025721338876e-07,1.7033915994887462e-05,2.6823690464969173e-05,0.14065209725698105,1
0.26102520894223136,0.7294235065762227,3.261718671265494e-05,3.172243126682338e-07,2.547294485113693e-05,3.1675983800532234e-05,0.009461201141869024,1
0.3343955748829179,0.6600200092127482,2.974986157266758e-05,3.109253832033889e-07,2.3291966668769795e-05,3.679374822504384e-05,0.005494269402484346,1
0.3584064855308693,0.640878024865092,2.5415278864258226e-05,2.6589853596650917e-07,1.830326196574676e-05,1.9822145428225534e-05,0.0006516830192445169,1
0.5388786502572936,0.4602030396217577,2.7356140642541697e-05,2.81543804178737e-07,1.797510450136618e-05,2.261947197085422e-05,0.0008500778600296869,1
0.3464530190427492,0.6528452124031632,3.0993325440395125e-05,2.48390809769747e-07,1.9092566741837894e-05,2.1329429610164275e-05,0.0006301048414854731,0
0.8268195843760474,0.17283224472091852,1.9461769899940766e-05,1.6507596796980352e-07,8.713852375992011e-06,1.526688033954126e-05,0.00030456332445046567,0
0.9819082910956791,0.0076319246901667215,3.0058549245325015e-05,1.9003058602892342e-07,1.989356628618059e-05,2.5888645661575545e-05,0.010383753422375078,0
0.8191867955210644,0.1772433076219761,2.9941388575549507e-05,2.688742661540683e-07,2.189304336450222e-05,2.5743362591114842e-05,0.0034920501881622345,0
0.7816760556509814,0.21592182921547803,2.853393101490563e-05,2.5609049628503983e-07,2.1226752670970736e-05,2.2213324997730553e-05,0.002329885034360779,0
0.8723785664679703,0.12058363285547163,3.578557465493505e-05,3.1326786732542555e-07,3.884218853864315e-05,2.4750827251946302e-05,0.00693810881824494,0
0.8208137075638516,0.17387635423715173,3.658276615860987e-05,3.140759623223228e-07,3.412165765050997e-05,2.7596922193692752e-05,0.005211322777031487,0
0.18743654616596556,0.8123480333580323,3.043314889581214e-05,3.003189294696795e-07,3.232044398164863e-05,3.0309551057827615e-05,0.00012205701313731197,1
0.1526209156102698,0.8471514708589452,2.6053482918455705e-05,2.570997212879241e-07,2.172668211545197e-05,2.34555844291136e-05,0.00015612068160093134,1
0.1608912695282681,0.8388363563809784,2.6420280363897033e-05,2.5778694077601786e-07,3.134794697789488e-05,2.3518280470336694e-05,0.00019082979600051943,1
0.15125149412507752,0.8484847691363849,2.860846085952708e-05,2.575043603959409e-07,2.0757660498175848e-05,2.3492500248056783e-05,0.00019062061257128324,1
0.16807976291764015,0.8316741230795051,2.6334737019565612e-05,2.0218253853155682e-07,2.5607195607932996e-05,2.3200086350478303e-05,0.00017076980133800767,1
0.2946290882574755,0.7050452122264753,3.089181720966599e-05,2.4946270896477343e-07,3.430170679172021e-05,2.9964023400310972e-05,0.00023029250593862994,1
0.19864040835408475,0.8010062006193625,3.621984465378343e-05,2.680234767829293e-07,3.728276891271223e-05,3.2193435898631496e-05,0.00024742695361109506,1
0.13223505115608114,0.8675020538193313,2.535553828101673e-05,2.024651648991205e-07,2.6977160215103763e-05,2.3453327347188395e-05,0.00018690653357925522,1
0.12873075130495326,0.8710030200430258,2.5457865281528845e-05,2.0328225080763891e-07,2.8489581936802706e-05,2.441709282058709e-05,0.00018766082973125612,1
0.11378748114940893,0.8860019540215847,2.415399922705277e-05,1.9287081908017652e-07,3.172680156137591e-05,2.1300527432729527e-05,0.00013319062996627708,1
0.05533606161067811,0.944596382802477,9.84030588615691e-06,8.526599658318268e-08,1.580077328633015e-05,8.73790602432891e-06,3.309133565125544e-05,1
0.07796192925164531,0.9218468475202594,1.5223708842441368e-05,1.1318035329154267e-07,2.2231015494812465e-05,9.627118016456641e-06,0.0001440282053882635,1
0.17305902462680853,0.8268856787476999,2.0603114984218218e-05,1.7133967984229726e-07,1.4262684096890426e-05,1.475482073963123e-05,5.504665991238723e-06,1
0.2010507570873145,0.7988653596749838,2.6022788567156207e-05,2.221140620866318e-07,2.5475296382397648e-05,2.3247650856580107e-05,8.915387833376424e-06,1
0.2796105134996036,0.7203057675805096,2.8412211451786505e-05,2.2300595002894286e-07,2.194653865367078e-05,2.792090082917101e-05,5.216263002317278e-06,1
0.1618157412152909,0.8381160175652238,2.9779134217562764e-05,1.8552000740633995e-07,1.7251430124142932e-05,1.553676276478505e-05,5.488372371272267e-06,1
0.18701571880298085,0.8129142991474407,2.9762494219484074e-05,1.965538090130563e-07,1.6770237316932548e-05,1.8216434700378642e-05,5.036329532673321e-06,1
0.8718057874678835,0.07934627354865263,2.840727923550733e-05,1.6440856825458668e-07,8.308986409494373e-06,1.1073845464643352e-05,0.04879998446378592,0
0.904415110881587,0.08335766798878537,2.7269365819138303e-05,1.7232190169269726e-07,1.341861190397508e-05,1.2599793568760752e-05,0.012173761036434002,0
0.9106399953557324,0.0799835602044325,2.6819297060420365e-05,1.8491424346369029e-07,1.5422441194428846e-05,1.282957388876224e-05,0.009321188213448054,0
0.9098279857793634,0.08226845992928204,2.9201749802431448e-05,1.901967102972628e-07,1.5863015876921e-05,1.3196077827489718e-05,0.007845103251137357,0
0.8968910030945462,0.09660333163046379,2.8868693527260582e-05,2.288493017400651e-07,1.5682092575519946e-05,1.2912753884206968e-05,0.006447972885701301,0
0.896813927094936,0.09701288874019286,2.0112824090666133e-05,2.298195256133234e-07,1.5748577989649363e-05,1.2967498478106568e-05,0.006124125444787229,0
0.8965626404639121,0.09879893704551831,1.8448622470502704e-05,2.231550201316104e-07,1.5021809804990789e-05,1.2591455735607596e-05,0.00459213744753833,0
0.9332392350526905,0.06673779476701967,9.562742639671825e-06,7.579007154821604e-08,3.974012923420883e-06,5.439604736234767e-06,3.918029918936967e-06,0
0.6480347698079558,0.3519186143615978,1.3847491892059255e-05,1.088778463263217e-07,7.394226149495378e-06,9.28563913926769e-06,1.5979595419349866e-05,0
0.4276726495081147,0.5718095261363157,1.6834156498198456e-05,1.7533125024047557e-07,0.0004687352205418198,1.2621748087969396e-05,1.94578991913273e-05,0
0.6875831767529024,0.31158696003793057,1.5151143275429663e-05,1.3505978888023867e-07,0.000801210169502267,9.196258985221786e-06,4.170577615279383e-06,0
0.4145019200803427,0.584100788876753,1.4194598001720755e-05,1.5703481561756732e-07,0.0013672712003577143,1.0452155145703069e-05,5.21605458375017e-06,0
0.4203118407533303,0.5785424645204543,1.480903151571821e-05,1.6130594845766463e-07,0.0011146300250835049,1.0736439512306995e-05,5.357924155416691e-06,0
0.3700017845155543,0.6289833253717899,1.9032994325238377e-05,2.0314015850092625e-07,0.0009752283245387619,1.3520902639483644e-05,6.904750993955878e-06,0
0.4052384479985274,0.59383382852346,2.3949389504796208e-05,1.847312476879792e-07,0.0008868514551832533,1.0785116098247756e-05,5.952785978415983e-06,0
0.33939750908966493,0.6598895300604932,2.4764885226249557e-05,2.0857792288616765e-07,0.0006694128335102044,1.1853331135138923e-05,6.721222047182132e-06,0
0.4644235324986585,0.5349820298058583,2.848367872125009e-05,2.1250013227816507e-07,0.0005411163747093427,1.2076227432414211e-05,1.2548914488008357e-05,0
0.49929906588529066,0.5005759406419061,2.8256587625886913e-05,2.080205548607371e-07,6.463594130917336e-05,1.2169149285851869e-05,1.972377402753197e-05,0
0.7234895807657027,0.2764717898498204,1.3241457443298353e-05,1.5597877075017948e-07,7.242732807905383e-06,8.95222342462404e-06,9.036992030471354e-06,0
0.8339986269374111,0.16595865753306435,1.0084546074153754e-05,1.377758665476134e-07,4.980475155519124e-06,7.646710574546866e-06,1.9866021853507474e-05,0
0.8342586176169234,0.16570002566876585,1.0021057958713398e-05,1.375089913411394e-07,4.891015913893372e-06,7.631898710070412e-06,1.8675232736589474e-05,0
0.9400563793413338,0.05992511118273439,6.595023113216501e-06,8.982965498769262e-08,3.780346458063187e-06,4.839785224036779e-06,3.204491481433321e-06,0
0.9383622659321011,0.061618738289222645,6.494335103523867e-06,9.076793217516017e-08,3.8934344099940224e-06,5.216888329346011e-06,3.3003529011828667e-06,0
0.9157937194771115,0.08418376422493136,8.17941486737635e-06,1.3454645053826404e-07,4.513982536108931e-06,6.057033252413183e-06,3.6313208504125164e-06,0
0.9498780334487871,0.05008623048835806,7.230123052966209e-06,8.502987089553954e-08,3.853977314981165e-06,4.956060897112533e-06,1.9610871719004046e-05,0
0.9320290565822478,0.06740771504612701,7.063435118862752e-06,8.087689724743335e-08,3.6657438617141505e-06,5.0861292064135754e-06,0.0005473321865411145,0
0.9318396562878339,0.06735049992843156,7.288563746563438e-06,9.15946330270345e-08,3.6268071496996693e-06,5.760138606260861e-06,0.0007930766795987951,0
0.761106655466985,0.23616989987284026,1.881946494875088e-05,1.9122224868400895e-07,2.108310456320602e-05,9.858361390671975e-06,0.00267349250702355,0
0.7026756547350156,0.2923796080252815,1.73568839757235e-05,1.7636114485845595e-07,1.944460167959781e-05,9.092205082058024e-06,0.00489866718782068,0
0.9276623873557617,0.07221417879995651,1.3729585040561986e-05,1.3013857538648342e-07,3.4867296746929592e-06,8.964592670156656e-06,9.712279832068791e-05,0
0.9635251172850791,0.036342525073796456,1.3429540666956216e-05,6.214267561013096e-08,3.819361637464739e-06,8.015662141090384e-06,0.00010703093400339,0
0.9622186101575328,0.037633904625893826,1.609506660585381e-05,6.497301506567456e-08,3.975615348863238e-06,8.380742089732579e-06,0.00011896881951411612,0
0.9553983113790713,0.04433620551003231,1.84896422207424e-05,8.784824979040571e-08,5.081096016270393e-06,1.4473058309886815e-05,0.00022735146609978346,0
0.9670997118346113,0.032161162396883346,1.692602501127004e-05,8.65908395452233e-08,5.714791072066859e-06,1.3802051423375921e-05,0.0007025963101593147,0
0.9777549544226365,0.018446639521784193,2.6622058920311444e-05,1.3790871816410875e-07,5.0899876623095566e-06,1.0247923825579083e-05,0.003756308176452795,0
0.8833728987459516,0.05146985707849965,4.5599333180879115e-05,3.4712025548210116e-07,2.4421392180974045e-05,3.086885984616573e-05,0.06505600747008541,0
0.8186635729039992,0.03509491755706292,6.303636824200556e-05,3.145422796084476e-07,2.3547169434402926e-05,2.9294725435093538e-05,0.146125316733547,0
0.6534419877946634,0.025962715423252195,3.406868576885334e-05,2.8988315917504616e-07,2.181573802745403e-05,2.551171358344368e-05,0.3205136107615452,0
0.48780052514466027,0.014667923792812511,1.5505492731971142e-05,1.4178348390669903e-07,1.2110129519996608e-05,1.5799736000904305e-05,0.49748799392079046,0
0.05387510920173652,0.0005949930956426274,4.057197984159293e-06,3.347543700067726e-08,2.6397023823809487e-06,2.6749866315214294e-06,0.9455204923401859,6
0.046244819757176446,0.000949765689873254,3.8252559185779255e-06,2.5164898558605683e-08,1.5887645721001677e-06,2.2977045595165696e-06,0.9527976776630015,6
0.044830754985106955,0.00116542333329237,3.831808823227108e-06,1.897824200325838e-08,1.2349726340461373e-06,1.6921519163365884e-06,0.9539970437699851,6
0.22929439833461307,0.003798783668079556,1.3942962667614372e-05,8.605264084437448e-08,8.548001816468454e-06,7.986480296123327e-06,0.7668762544998863,6
0.22463094240246637,0.004439403491799105,1.3090623875014682e-05,8.807839202110859e-08,1.0300886504729403e-05,1.114223788688051e-05,0.7708950322790759,6
0.20605078927549636,0.6830900788850599,1.9966587170261382e-05,1.770667335622478e-07,1.4509980148352491e-05,2.2394082353680078e-05,0.11080208412303791,1
0.1976618213688658,0.7060942286574914,1.9402958586472584e-05,1.7206838950761428e-07,1.4100383881745635e-05,2.1761929005958553e-05,0.09618851263377894,1
0.20624655455014462,0.7846465369349176,2.9999953144920736e-05,3.363350359880006e-07,2.5195448396850607e-05,3.980063160462054e-05,0.009011576146755462,1
0.33188208840607714,0.6650389256973677,3.101792118816912e-05,3.0737379811009876e-07,2.3023993632678804e-05,3.055343578025886e-05,0.002994083172156157,0
0.816816218735277,0.18278546633087253,1.869334431407388e-05,1.7238374320675962e-07,8.235517925451269e-06,1.6275994099775685e-05,0.0003549376937682512,0
0.8601388216427379,0.13916093293343193,1.552362091567713e-05,1.417773694179016e-07,6.773659510931154e-06,1.3386225320329384e-05,0.0006644201407137081,0
0.9879641686177405,0.007680548423200831,2.423076688627141e-05,1.531872610932657e-07,1.3200962448218034e-05,5.6560951263973036e-05,0.004261137091199402,0
0.9850160272864599,0.007875613426574257,3.483748702146074e-05,2.673277385234734e-07,3.1596202097063816e-05,2.3123641452809382e-05,0.007018534628656058,0
0.98535168946958,0.007878297185541566,3.48493585307805e-05,2.6741883532782547e-07,3.0412005751963863e-05,2.4691227574145622e-05,0.006679793334186257,0
0.9787188308355703,0.007945295209584776,3.479898321859591e-05,3.086535434991244e-07,2.3856763365113037e-05,2.3532890517112895e-05,0.013253376664200405,0
0.737785505489075,0.2602144606764094,3.41594285106833e-05,2.6714462248126176e-07,2.24007088090345e-05,2.3519727074940893e-05,0.001919686825498412,0
0.8315072464892573,0.1657589807327193,2.2284116641756467e-05,2.089111263532801e-07,1.786629252227668e-05,1.9316711862446664e-05,0.0026740967458704135,0
0.8807578075595521,0.11321125311281155,3.1351627210885834e-05,2.860782541615026e-07,3.5470939231069646e-05,2.260261644369121e-05,0.005941228066496421,0
0.16128288517662834,0.8384847578594664,2.611217354561459e-05,2.576788892990493e-07,2.350861269154618e-05,2.6006124440858332e-05,0.0001564723743379182,1
0.1612793405538,0.8384663299139924,2.6408625882155194e-05,2.5767322611617407e-07,2.3508096026897492e-05,2.350790611523653e-05,0.00018064723095722102,1
0.15125302053554213,0.8484933319346447,2.8608749572404168e-05,2.575069590965532e-07,2.075786998179377e-05,2.349273733132281e-05,0.00018053066596850745,1
0.19137786959950215,0.808351395406922,3.011479633950683e-05,2.5402126773832213e-07,2.9691986830120262e-05,2.43932622600071e-05,0.00018628092687842393,1
0.17227005427353315,0.827461911233498,2.9028612166242574e-05,2.1476236546788263e-07,3.1773463497580434e-05,2.3837517224877052e-05,0.00018318013771452275,1
0.28505439014399836,0.7146441517044594,2.709554162444448e-05,2.3622978410138863e-07,2.648009482312035e-05,2.9569807331950344e-05,0.0002180764779786481,1
0.17357029724725245,0.8262454889297512,3.286007381920416e-05,2.43161485548968e-07,2.7319416709044153e-05,3.043747555197272e-05,9.335369543048426e-05,1
0.1051639836970395,0.8947214131630489,2.322538113014882e-05,1.854557599308021e-07,3.073684569792654e-05,2.0622149245838978e-05,3.983330807793029e-05,1
0.037541310328778825,0.9624087543851292,8.55688031431114e-06,7.390831362459074e-08,1.4354483991809299e-05,6.78403571257011e-06,2.0165977759735336e-05,1
0.07729466466593528,0.9226312796299495,1.6785651484198683e-05,1.153688115583221e-07,1.92673632668137e-05,1.4565406147745869e-05,2.3321914404670878e-05,1
0.051408466594244674,0.9485349212604607,1.4059053758155617e-05,8.954132482007606e-08,1.0459120460474743e-05,9.586295768586747e-06,2.241813398265053e-05,1
0.07553239231376603,0.9243851247232756,2.0210643619767743e-05,1.287204556089438e-07,1.5035546476963425e-05,1.3780814181765485e-05,3.3327238224417014e-05,1
0.2151150696086748,0.7846127071373974,3.255443525794281e-05,2.20665789215996e-07,3.306748394152642e-05,2.1167582397448236e-05,0.0001852130865418414,1
0.36157743289144956,0.6383438887017067,2.8351831512413215e-05,2.1692506307410425e-07,1.4600750449480418e-05,1.590001570503218e-05,1.9608884114013614e-05,1
0.12762431868432594,0.8723128717249361,2.417920008775316e-05,1.6873171666275953e-07,1.792652500056661e-05,1.554342169217722e-05,4.991712240830703e-06,1
0.13609455344733637,0.8638424451380986,2.18599703353149e-05,1.8283065026531444e-07,2.2811129742847128e-05,1.2738672659865983e-05,5.408811176576111e-06,1
0.8532449122227319,0.07772089242250488,2.728488996492874e-05,1.7639812767783163e-07,8.264044950652525e-06,1.0636310942927335e-05,0.06898783371077699,0
0.8799046176492413,0.0911749239138005,2.723849238645267e-05,1.7453784496320507e-07,9.69129131954e-06,1.1756109449608882e-05,0.02887159800595742,0
0.8997336732687836,0.09385771497824844,1.9458689823832536e-05,2.22345049318327e-07,1.4967286149204059e-05,1.2545753373023162e-05,0.006361417678572419,0
0.9663709935790872,0.032231635680011785,8.380725037809361e-06,8.453868314860833e-08,3.978961514433814e-06,4.770070089323856e-06,0.0013801564455763146,0
0.8409463035745681,0.15895561158034766,1.7949062869191848e-05,1.6978508903829175e-07,1.250624453256311e-05,1.2185814785610583e-05,5.527393780790484e-05,0
0.9495356031150815,0.05044481958708917,8.65190178727035e-06,5.2223254543360166e-08,3.6569541683421743e-06,4.921488291887038e-06,2.2947303273791915e-06,0
0.8008451324247683,0.19911241793177706,1.254160280408192e-05,1.241570142088054e-07,6.326179597438341e-06,8.061655658579224e-06,1.539604838012852e-05,0
0.6121576966760843,0.3877818080589985,1.779001050985396e-05,1.576585270250074e-07,9.18017964285506e-06,1.1528432275907727e-05,2.183898396172788e-05,0
0.45433455568422415,0.5455981359236716,1.6062489317596414e-05,1.6729417564401581e-07,2.0469472252387983e-05,1.2043175068147768e-05,1.8565961290487593e-05,0
0.3161338001117995,0.6819925583444354,1.661176109457053e-05,1.7044743004733354e-07,0.0018308903801420111,1.233298860071367e-05,1.3635966497806244e-05,0
0.7141822191051471,0.28503596532116154,1.3701376093662213e-05,1.2464167506752687e-07,0.000755824152307085,8.3165320580633e-06,3.848871557384854e-06,0
0.8375692655948398,0.16154094128561491,1.226792402088152e-05,1.0935829713563839e-07,0.0008665926714216824,7.4462371885827525e-06,3.376928617024497e-06,0
0.8183405215568029,0.18065535431645696,1.198627952822206e-05,1.0684767169791611e-07,0.0009814563097632616,7.275287996883267e-06,3.2994017799271855e-06,0
0.423519345771972,0.5754114289498582,1.3610196879415101e-05,1.5056958691036175e-07,0.0010404413726798009,1.0021832906431396e-05,5.00130611729965e-06,0
0.43413407048778846,0.5649450284394609,1.587575161908731e-05,2.0443504237397128e-07,0.0008872838927912422,1.1413225598372952e-05,6.123767699578005e-06,0
0.391352832444965,0.6076313548410628,1.980320749605057e-05,1.962442003682442e-07,0.0009758144376418676,1.3328467834135598e-05,6.670356799709459e-06,0
0.39053770093122553,0.608540665662579,2.379116585717379e-05,1.8351080522813362e-07,0.0008809923967671605,1.04287851328934e-05,6.237547632881374e-06,0
0.3537214760154658,0.6456003853640981,2.748094598915623e-05,2.1351593895848724e-07,0.0006310981684667038,1.246564519708765e-05,6.8803448442421435e-06,0
0.6869565436089644,0.3130046855079524,1.3289960617698986e-05,1.565501176395146e-07,7.269262782722982e-06,8.985015226878233e-06,9.070094338309298e-06,0
0.8552914783560054,0.14467458868557664,9.763746114717276e-06,1.291707457026651e-07,4.765428742458643e-06,7.5357402585648565e-06,1.1738872556500733e-05,0
0.857625176962284,0.1415603453304878,8.647333080089624e-06,1.0691428790676493e-07,4.608360839598185e-06,6.723550245033217e-06,0.0007943915487757023,0
0.933114220160291,0.06609787218945044,7.024115301317661e-06,8.827133653967406e-08,3.8047877279336696e-06,5.551145483364174e-06,0.0007714393304091838,0
0.9373773801984274,0.06214488472567676,6.292469766862713e-06,7.850984905628997e-08,3.108698320731879e-06,4.766436201524806e-06,0.0004634889617574168,0
0.9242459009370285,0.07513575677470083,5.641453689287906e-06,7.477640134054287e-08,3.1134787177361048e-06,4.16461067742181e-06,0.0006053479687846815,0
0.8619486971902044,0.13658464447955992,1.028443995076533e-05,9.40347609168996e-08,4.822645267937784e-06,5.2371893049498185e-06,0.00144622002095091,0
0.7023076159671462,0.29066664442647067,1.6493904454964238e-05,1.5460417830827744e-07,1.6210278041809173e-05,8.688195449330637e-06,0.006984192624258754,0
0.7227441762725182,0.27041741684347126,1.804774605358143e-05,1.691689773363892e-07,1.773740004104768e-05,9.506684457979123e-06,0.006792945884480616,0
0.9575495727226331,0.03148456945117733,4.1406145638184695e-05,2.5748236483911266e-07,2.1785790970118012e-05,1.69700122344752e-05,0.010885438394982247,0
0.8946163057584792,0.01476824287518174,3.5928630696962476e-05,2.3611146641530442e-07,1.9139476376691252e-05,1.5912426535280473e-05,0.0905442347212638,0
0.8927722441909863,0.0843782974197243,3.823472140130634e-05,2.5126635674446373e-07,2.1088576700749088e-05,1.6933770744751484e-05,0.022772950054085767,0
0.8166059019513675,0.012147463959079256,3.647303855248199e-05,2.5060870085765155e-07,1.5470121498562804e-05,2.0699115951253627e-05,0.1711737412048502,0
0.7999278490322529,0.011539914273360583,3.7408072647021975e-05,2.491628940719973e-07,1.5256960778083265e-05,1.9600250546415726e-05,0.18845972224752092,0
0.8510178447050999,0.03181462468871304,4.348481720072922e-05,3.934645349361492e-07,2.5106775236916223e-05,3.110992227422728e-05,0.11706743562694022,0
0.7820824756133764,0.038795478571719375,6.111572181528716e-05,3.056311680543864e-07,2.4666262130206325e-05,3.131036758418664e-05,0.17900464783220665,0
0.657887307563851,0.025581476754761842,2.565379007654752e-05,2.499446874167016e-07,2.0172030284475956e-05,2.342533436684805e-05,0.31646171458197214,0
0.4113011673648129,0.015295544053647163,2.6734392420312142e-05,1.6060106002620111e-07,1.2499329174253019e-05,1.5051864353139297e-05,0.5733488423945322,0
0.03795079148222491,0.0004216727091813343,2.5936611231201672e-06,2.0525167796140462e-08,1.6362924901180626e-06,1.8957679815077843e-06,0.9616213895618312,6
0.04430594230266619,0.000813472854011034,2.975156765719107e-06,2.449749578462675e-08,1.402912409882014e-06,1.935163155085453e-06,0.9548742471134963,6
0.046987064743657665,0.0014032561884765905,3.5311177335997927e-06,2.3997550949859355e-08,1.5088249441015598e-06,2.1598573428583086e-06,0.9516024552702943,6
0.23091972736346403,0.005670524941367916,1.3090044348051834e-05,8.054161995134835e-08,5.700323891131371e-06,8.592557731900269e-06,0.7633822842275771,6
0.37210359384964575,0.39931608124073364,2.9096782392768584e-05,2.580346942382148e-07,2.078125892551837e-05,3.2634307284184615e-05,0.2284975545263238,6
0.19275677000533462,0.6881962261027568,1.8678379561185345e-05,1.6564271244416402e-07,1.3109985847516766e-05,2.0949257204530242e-05,0.11899410062658279,1
0.17855026055082174,0.7493839896107437,2.5614565883658186e-05,2.491190649985172e-07,2.2140253223407176e-05,3.416747130259838e-05,0.0719835784289598,1
0.24252444168411852,0.7552416777160572,1.9331113800278027e-05,1.8475942606748362e-07,1.3307187696048094e-05,1.475616835040501e-05,0.002186301370551374,1
0.38492930100767053,0.6119686939601952,3.398168867010459e-05,3.1265116364783745e-07,2.4031940692141733e-05,3.107801416019122e-05,0.0030126007374481245,0
0.941721313482638,0.015962737916099423,4.648524100443193e-05,6.941609346327743e-08,2.6285656211501062e-05,2.5114446107269967e-05,0.04221799384184575,0
0.8812309631899196,0.005681805493955695,3.8685260275793566e-05,2.549860634656806e-07,3.5232428445372324e-05,2.2354516449496998e-05,0.11299070412489064,0
0.9032199918540909,0.005708962745303398,3.762574506676992e-05,2.2165614853606337e-07,3.411869353244736e-05,2.5213388528072752e-05,0.09097386591732992,0
0.7864025508636951,0.007494874440205665,5.731577918755262e-05,3.624048335286833e-07,3.348857662914787e-05,3.302672268490662e-05,0.20597838121276407,0
0.8135701996012612,0.1833729743633896,3.1846548405286473e-05,2.858210592089472e-07,2.4999781580394848e-05,2.3321390127164124e-05,0.002976372494176995,0
0.832226247215675,0.16321341818736232,2.8237228799011015e-05,2.396007541791556e-07,2.130475381647172e-05,2.7459286602599108e-05,0.004483093726990486,0
0.8035252389919493,0.19187843368543983,3.0101492357704302e-05,2.5011835703589423e-07,2.291831377047433e-05,2.587167250230652e-05,0.0045171857256234415,0
0.8223248443030766,0.17346981620058025,2.789349658849271e-05,2.3177174924732524e-07,2.0608616513932712e-05,2.397394122876387e-05,0.004132631670262643,0
0.8323510295845269,0.16498914213959534,2.163939739994227e-05,2.2205804037634497e-07,1.8990630013541227e-05,2.233103205493418e-05,0.0025966451583689125,0
0.8820944580326574,0.11133117095837451,3.416393121652766e-05,3.1494956344840516e-07,3.6303860946492634e-05,2.313336669923665e-05,0.00648045490054247,0
0.8732067380541255,0.12031573995436397,3.27429365449151e-05,2.8927096917244634e-07,2.9543986522138656e-05,2.4098494252566858e-05,0.006390847303221628,0
0.8333137915753545,0.16030119066954526,3.4457374775885895e-05,3.033246259302545e-07,3.0622926377472304e-05,2.6652234189885466e-05,0.006292981895131052,0
0.16127978400328596,0.838468635339236,2.6408698494627022e-05,2.4493054186579543e-07,2.0771330029492817e-05,2.3507970751964626e-05,0.0001806477276601554,1
0.15261700553973032,0.8471297672674326,2.8562774101976952e-05,2.443784655387046e-07,2.0724511206882456e-05,2.345498350892323e-05,0.00018024054555365205,1
0.16399421718104784,0.8357247589449656,2.715383215981948e-05,2.507127788894708e-07,2.9305264851278355e-05,2.4075553286688074e-05,0.00020023851090985404,1
0.1642624904183033,0.8354916055312831,2.178402006715239e-05,2.1803025681721755e-07,2.7907447120600217e-05,2.1858818237934808e-05,0.00017413573473101576,1
0.19310606023276056,0.8067499766660596,3.240877012135843e-05,2.60556037315325e-07,2.9273710610067587e-05,3.4050625086320596e-05,4.79694393244851e-05,1
0.05398713070529123,0.9459615367361014,1.1601348125444988e-05,1.0356829649230763e-07,1.5808787191016776e-05,8.868248982367291e-06,1.495060601186826e-05,1
0.040711628602869816,0.9592472992025953,9.515990752130377e-06,7.508905765918228e-08,1.3865331277222512e-05,7.076123914492906e-06,1.0539659533121898e-05,1
0.060671540480148965,0.939266950236344,1.3960886067492104e-05,9.59540257000986e-08,1.691674607603942e-05,1.113850026234259e-05,1.9397197075485238e-05,1
0.11479823311881189,0.8851048560549857,2.092843106133202e-05,1.5559199442620158e-07,2.7486669199992347e-05,1.3817281475207563e-05,3.452285247158634e-05,1
0.09196834104223937,0.9078844328836133,2.245499206723342e-05,1.4360763527143936e-07,2.398347783224614e-05,1.2215261859636873e-05,8.842873475291553e-05,1
0.11325820057555795,0.8866450184829494,2.2264989005921988e-05,1.5586273855585788e-07,2.6030165652139473e-05,1.3746998741753235e-05,3.458292535438563e-05,1
0.09773925083633758,0.9021715183256923,2.063236194869113e-05,1.44433776066242e-07,2.41214491135155e-05,1.2285533374952676e-05,3.204705975675396e-05,1
0.3630106881149337,0.636918719300072,2.6212197585764105e-05,2.0836663391667056e-07,1.4383913634613212e-05,1.6760308767324797e-05,1.3027798372808808e-05,1
0.31045375397309966,0.6894925191762706,1.952625751108467e-05,1.7792252993719763e-07,1.332640796131174e-05,1.4869967016672881e-05,5.826295610637596e-06,1
0.44033241450581095,0.5595772783613796,2.986832766341523e-05,2.573681217001132e-07,2.4080396894220244e-05,3.0081022229146684e-05,6.020017900984052e-06,1
0.1503211869444836,0.8496139630514622,2.696076258127559e-05,1.8814252482983843e-07,1.6690147757094416e-05,1.619014533189915e-05,4.820805859271326e-06,1
0.12094790239818662,0.8789942293602064,2.0631624111200552e-05,1.6049058169685424e-07,2.0023838870995286e-05,1.2304379250168868e-05,4.747908792959265e-06,1
0.4129030120319026,0.5851296421523635,2.6105368479382252e-05,2.383988045013077e-07,0.001918648652877173,1.621688923163925e-05,6.136506341204464e-06,1
0.5190903350990476,0.019116806463907357,2.9221998960831705e-05,1.3817295050338046e-07,9.509859212518527e-06,9.087233939101055e-06,0.46174490117198214,0
0.8817323791171866,0.07481701717123165,2.2351570641532836e-05,1.487357986332773e-07,7.680803868431545e-06,9.601208863605512e-06,0.043410821392409454,0
0.9661840965693699,0.027960312926281684,1.3342193872923394e-05,7.301713305011173e-08,3.894062020086225e-06,5.006835906874471e-06,0.00583327439541543,0
0.9555957482258276,0.04406566495731669,8.289790996577435e-06,5.297361631349616e-08,2.6600327248539084e-06,4.693399731466452e-06,0.00032289061978623513,0
0.9379233384077658,0.06205468296459743,9.691169512417055e-06,5.8222068413031574e-08,4.124472768366182e-06,5.486812925193535e-06,2.6179503623947126e-06,0
0.6132237288002479,0.3867185797161127,1.586049829375115e-05,1.6273898703753864e-07,1.090115465547809e-05,1.0586698885934915e-05,2.0180392817350445e-05,0
0.5376294814435699,0.4623098764615677,1.4814981366713747e-05,1.5430112020125575e-07,1.7440962639242183e-05,1.1107830841339315e-05,1.712401889490323e-05,0
0.2727951065042247,0.7246043574807508,1.529122056225169e-05,1.4891176012461526e-07,0.0025694052165817142,1.0744426231334062e-05,4.946239889018681e-06,0
0.4202920840803676,0.5790328781921767,1.3533779247300151e-05,1.4741538603556233e-07,0.0006466343037082339,1.0080105902057445e-05,4.642123211982642e-06,0
0.49837956969192204,0.501003205780788,1.3985028467256702e-05,1.9818991975921556e-07,0.0005868199894861645,1.028735132092001e-05,5.93396809583095e-06,0
0.5061931995294806,0.4937167213904034,2.737773988259592e-05,2.0155061597009723e-07,3.9238824220446776e-05,1.094554173530582e-05,1.2315423661609666e-05,0
0.5381774360134608,0.4617513959831521,2.08827200605347e-05,2.0108038756651964e-07,1.004291994472845e-05,1.0488660879191916e-05,2.955262211497742e-05,0
0.801527656494444,0.19843743373077458,1.4303899592839662e-05,1.652416467933388e-07,6.2788757585718104e-06,8.541957847761156e-06,5.619799935398372e-06,0
0.943158136991722,0.056823149251662555,6.381104868622709e-06,1.140456117492279e-07,3.825551480365605e-06,5.125930674471621e-06,3.2671239801157655e-06,0
0.9383939327316051,0.06158812727850936,6.487151236261218e-06,1.0670973255374532e-07,3.811867207648907e-06,4.803875508037555e-06,2.73038620086823e-06,0
0.9277198446000283,0.07163541774606641,6.720539844389518e-06,8.309171453870942e-08,3.5815288196951167e-06,5.225413072331003e-06,0.0006291270804545563,0
0.9394634453620062,0.05984956331808581,6.167408638097547e-06,8.309038443009652e-08,3.459649554322051e-06,4.627840352681321e-06,0.0006726533309784436,0
0.816384786849994,0.17792133420303513,1.7938094611059086e-05,1.6814116908045003e-07,1.7629634146330276e-05,1.0276685809031526e-05,0.005647866391235122,0
0.9496121314035262,0.03483893599094319,4.3250074757746035e-05,2.6894876005611915e-07,2.2755971935849604e-05,1.7725733377705783e-05,0.015464931876699305,0
0.9689655663216961,0.01692783218252273,3.9647714166944984e-05,2.60552093146251e-07,2.1120662657266395e-05,2.2152498589307848e-05,0.014023420068274643,0
0.9265376240924384,0.07333364236151238,1.4311172604498659e-05,1.3565126763534683e-07,3.705451210365989e-06,9.34433434460041e-06,0.00010123693662211265,0
0.9152529989473288,0.08461937834928407,1.6230149431483482e-05,1.538406673677989e-07,4.418448958371937e-06,1.0950330703856798e-05,9.586993362613337e-05,0
0.9227821265524426,0.07704735171422122,2.2155411421407783e-05,1.8839402181810165e-07,5.410853863988936e-06,1.4320563154839934e-05,0.00012844651087424622,0
0.9126244346905091,0.08716136817756578,2.570359099674138e-05,2.1234373927893265e-07,6.387300097030256e-06,1.6647814971215172e-05,0.00016524608212096473,0
0.9561124889660458,0.04372868763022465,1.508408830859654e-05,1.0480561315724106e-07,4.338713916704869e-06,9.489186558671875e-06,0.00012980660933241712,0
0.9516604200935673,0.04818868885032895,1.5013850338897972e-05,7.834296321363801e-08,4.3185110081579474e-06,9.063222726652134e-06,0.00012241712906700087,0
0.9471873504957065,0.05263575109741647,1.5419048362352506e-05,7.569807672720177e-08,3.7626402556389294e-06,1.308843139533633e-05,0.00014455258878700314,0
0.948603905743643,0.051091285396717145,2.1306730621531993e-05,1.0123284006855542e-07,6.075286197129495e-06,1.533479443357347e-05,0.000261990815547752,0
0.981259825055975,0.015181167327676713,2.00190133816871e-05,1.1349575752929582e-07,3.899984983120677e-06,8.18081747189128e-06,0.003526794304753923,0
0.7858740634488587,0.01765383388652851,3.816720258212009e-05,2.7065023243085135e-07,1.2123045911811754e-05,2.1683878484175753e-05,0.19639985788740236,0
0.11645923821669253,0.0033317514830954304,7.917495081681555e-06,5.132620605983946e-08,3.3414461261551173e-06,5.388763006275845e-06,0.8801923112697919,0
0.7121014845946134,0.023998022160693015,5.1389813994592364e-05,3.0871315391518725e-07,2.311079118177343e-05,3.182564001654801e-05,0.26379385828634666,0
0.04766083289409488,0.0005101641182601863,3.8817116359732625e-06,2.4832539319867097e-08,1.979681628098587e-06,2.4274303878044967e-06,0.9518206893314538,6
0.03509880735175371,0.0005561239069069635,2.3806017998253595e-06,1.918169932256447e-08,1.6653717790981664e-06,1.4114662821189696e-06,0.964339592119779,6
0.05411442854340982,0.0009455756978189625,3.36320805182075e-06,2.4185394772576754e-08,2.020885230841234e-06,2.0328694581842775e-06,0.9449325546106356,6
0.05266300503992552,0.001084302063752071,3.576222091515831e-06,2.552827260054542e-08,1.6358417626323073e-06,2.3308827657004954e-06,0.94624512442143,6
0.05299111225395693,0.0012367672860911338,4.000689636324229e-06,2.844284602898863e-08,1.8226064924324696e-06,2.5970006139399265e-06,0.9457636717203632,6
0.25024749939096325,0.6317870282702489,1.8966369426920913e-05,1.6819665040010965e-07,1.2502814459250005e-05,2.6139118266965484e-05,0.11790769583998434,1
0.2696905990233507,0.7276028610806824,2.1408629439887977e-05,1.9145647684058734e-07,1.2836964092135705e-05,1.3287921644241133e-05,0.0026588149243138848,1
0.5268403444433326,0.47044028090414436,3.435366843224655e-05,2.909896233720421e-07,1.8250791153230622e-05,2.9223335404724252e-05,0.00263725586790946,0
0.8485724995518868,0.1509610488599582,2.1860741541604994e-05,2.0241831459802136e-07,1.1086912789570901e-05,1.7695387064010383e-05,0.0004156061284451169,0
0.7736071302505939,0.2259635762846647,1.9514392068959506e-05,1.5808707078295855e-07,8.640177236492644e-06,1.467871253371242e-05,0.0003863020958314071,0
0.9902374909185463,0.006935084869274397,2.6518866695548543e-05,1.7491576077904564e-07,1.895781545870684e-05,3.5895312715843706e-05,0.0027458773015486384,0
0.9034997185155295,0.007144648915824274,5.341718634713396e-05,2.777688674880985e-07,5.610915835666998e-05,2.915978646687009e-05,0.08921666866860818,0
0.9308276673613188,0.007360751473568916,5.503288373592665e-05,2.861704787405508e-07,5.0770864171957385e-05,3.004177584283808e-05,0.06167544947088283,0
0.8225462848885872,0.007773226701347307,5.6255625098351536e-05,4.7033813719675356e-08,2.909747087210605e-05,3.885251965975463e-05,0.16955623576062134,0
0.8280735460671749,0.16691056283565645,3.080416140720535e-05,2.5425249464412455e-07,2.0338864739299844e-05,2.0434538935090085e-05,0.00494405927959228,0
0.8139638164227903,0.18313465587531733,3.186195621787118e-05,2.8595934349825257e-07,2.5415316618287367e-05,2.4804152928010965e-05,0.0028191603167845494,0
0.8293099731050715,0.16527723018527518,3.1148907570693356e-05,2.5882150600585463e-07,2.371578222200469e-05,2.6771906385808678e-05,0.005330901291968658,0
0.8846185634300635,0.11025210736281087,3.187871277896791e-05,2.8475911530985046e-07,3.5307378759892136e-05,2.457261792994855e-05,0.0050372857385416045,0
0.8729680476543937,0.11939392155858812,3.76427667905591e-05,3.2317644196069394e-07,3.511034665548788e-05,2.5150036912711103e-05,0.00753980446021729,0
0.22310110982529752,0.7765180267889283,3.510202646602121e-05,3.2409888034037385e-07,3.547331053992453e-05,3.6643626162796026e-05,0.0002733203237251335,1
0.2109845296915508,0.7886308004987098,3.3090207703396484e-05,3.366299413665702e-07,2.9294478576291478e-05,3.8060426847774884e-05,0.00028388806667044205,1
0.13568833493394603,0.8641986597340213,2.7173674958096584e-05,2.0760049438786147e-07,2.289642303700431e-05,2.282509115171406e-05,3.990254239122209e-05,1
0.05420796066945206,0.9457397549077766,1.3115194928750091e-05,1.0348976305970609e-07,1.5805080801707422e-05,8.86616981064945e-06,1.4394487466939887e-05,1
0.12859145349394896,0.8713152259750061,2.344720547016166e-05,1.7350713651666658e-07,1.849852093312225e-05,2.0438906630526415e-05,3.076239087449672e-05,1
0.104043158572924,0.8958788520919638,1.824087404889481e-05,1.25370645446026e-07,1.9906230681363655e-05,1.5264750221454538e-05,2.445210951506217e-05,1
0.09511660593169943,0.9047891813710501,2.022255273231988e-05,1.5351613230194764e-07,2.5638266022532108e-05,1.4136103523940988e-05,3.406225883930301e-05,1
0.09464711707759425,0.9052596998173911,2.0233069087166473e-05,1.5359596545374276e-07,2.5651598716317767e-05,1.3064868974792932e-05,3.407997227071655e-05,1
0.26074496347622994,0.7391634378012699,2.6161060925886497e-05,2.497750586943082e-07,1.741305010324494e-05,1.965432684053926e-05,2.8120509571655185e-05,1
0.4065452713908643,0.5933915943090384,2.1374660055486416e-05,1.9462068393448835e-07,1.5240603907061931e-05,2.1684387749516063e-05,4.640027701359238e-06,1
0.3892974449416266,0.6106331241960766,2.4914268764957283e-05,2.1892412815871737e-07,1.6263107794011367e-05,2.2913775236481867e-05,5.1207863731020325e-06,0
0.7659574609062476,0.23399498597009274,1.8971791933778485e-05,1.5015685763129476e-07,9.82319399924025e-06,1.4760487806297105e-05,3.847493062684321e-06,0
0.3068557281883837,0.6930569858575826,2.9392465814770175e-05,2.173112617334188e-07,2.8957913657822312e-05,2.315006225178796e-05,5.568201047570737e-06,1
0.34515425378753334,0.6547677523406972,2.7495960651819523e-05,2.032895756169159e-07,2.4855559194680573e-05,2.0230141195028703e-05,5.208921152456987e-06,1
0.1305030097232749,0.8694301130867037,2.562192000828309e-05,1.8773874401703117e-07,1.97164203154963e-05,1.6540651234239597e-05,4.810459719237311e-06,1
0.491643609744502,0.5082140623541892,2.307168903981794e-05,2.1521094537555627e-07,9.88618087154587e-05,1.4639553540934879e-05,5.53963906721883e-06,1
0.4797256524327671,0.5157983223655793,2.341599609769303e-05,2.1842261519725389e-07,0.0044308629782958625,1.5905495564837397e-05,5.622309080048505e-06,1
0.4746306303646439,0.5212324082497197,2.7103159451265713e-05,2.4794490530777047e-07,0.004087997105666908,1.5679876183321423e-05,5.9332994296173404e-06,1
0.5378941249744007,0.4595053624948805,2.5028586020695845e-05,2.338191901239488e-07,0.002554458750880724,1.5196102299852542e-05,5.595272327430783e-06,1
0.31025609775070345,0.6854945213241715,2.0919261562207414e-05,1.6630733102030758e-07,0.0042116783282102385,9.090361454083787e-06,7.526666567375938e-06,1
0.8414563076054389,0.08823718274569886,2.6456242660146153e-05,1.733350951131332e-07,8.951125965057573e-06,1.0775614129514437e-05,0.07026015333101238,0
0.8794271926350057,0.0673092528431464,2.092167808261594e-05,1.370739264438148e-07,7.078577949392189e-06,8.521388802492313e-06,0.053226895803087065,0
0.8938357315265761,0.06735235922424125,2.0935076802561224e-05,1.3716171171347473e-07,7.083111232199631e-06,8.623029155016927e-06,0.03877513087028127,0
0.9101242794631512,0.05446652141105206,2.081127236923838e-05,1.2178797483276657e-07,7.189492593358856e-06,8.552800155508189e-06,0.03537252377270366,0
0.9203582904740435,0.05967348680605341,2.2800816996749393e-05,1.490503986654474e-07,7.697049998591899e-06,9.370442503254244e-06,0.01992820536000584,0
0.9695693919518382,0.027513491915127725,1.2349397892304296e-05,6.758390993111674e-08,3.604303891951934e-06,4.587094060495623e-06,0.002896507753279213,0
0.9454673139720547,0.05415717833607414,9.11190182379578e-06,7.187832839010198e-08,3.83332865807107e-06,5.158851120686671e-06,0.00035733173194022,0
0.9462133675806012,0.05339250987063664,9.563601621504532e-06,7.544151717563791e-08,4.023356361714672e-06,5.414588293088845e-06,0.0003750455609688425,0
0.9489885434071121,0.05096195586873308,9.846276753926197e-06,5.961623229658457e-08,4.1904849862890215e-06,5.703631052763541e-06,2.9700715129775862e-05,0
0.9301592524277694,0.06980104553128995,1.0855348720973849e-05,6.52161594191557e-08,4.41073382686869e-06,6.2881539490381376e-06,1.8082588284087643e-05,0
0.845733013556002,0.15417984493136022,1.6559564493642346e-05,1.8948299270648864e-07,7.943968217701504e-06,1.1036870701534836e-05,5.141162623233905e-05,0
0.832303340135722,0.1676496479036779,1.3889523890111389e-05,1.375009113202687e-07,7.006091966423684e-06,8.92809002269184e-06,1.7050753809513566e-05,0
0.7560199487277152,0.24394226921558698,1.3428845750327108e-05,1.3294037601705634e-07,6.904145198279194e-06,8.747829420543394e-06,8.568295952772951e-06,0
0.592429291895003,0.40751546443813574,1.5187546388443557e-05,1.5583406454605e-07,1.0438624874913316e-05,1.013751128449527e-05,1.932415024887817e-05,0
0.32622360710067555,0.6720048532492786,1.6987813649180104e-05,1.743059728671485e-07,0.0017305309524556836,1.2612179460903985e-05,1.1234398507118127e-05,0
0.8315941631263839,0.16777552874543009,1.2098615384683957e-05,1.0396948937179011e-07,0.0006078877816255912,7.007236713176346e-06,3.2105249729844627e-06,0
0.799708956085886,0.19967679773065963,1.0787244151841465e-05,9.813176218626986e-08,0.0005937167574839469,6.613791131178671e-06,3.0302589254369754e-06,0
0.48169504703385396,0.5177000339700766,1.6095563852987427e-05,1.8331328673795697e-07,0.0005723154650717228,1.0417560301247844e-05,5.907093556766287e-06,0
0.4898225861069605,0.5101041892221091,2.7720289844583104e-05,2.040724149255669e-07,2.09789024189807e-05,1.1082492225793225e-05,1.3238914026169513e-05,0
0.5327053081494603,0.46719068412568876,2.0670386902968956e-05,1.9903582471777313e-07,9.940804660088199e-06,1.0382013350677468e-05,6.281548411247958e-05,0
0.8346720188993255,0.16528886634198472,1.387940991426789e-05,1.5942174870363754e-07,5.883988812173075e-06,8.910964925331343e-06,1.0280973289411414e-05,0
0.8368675598414936,0.16309844114981487,1.3930723117730717e-05,1.6093063391945063e-07,6.115065274023683e-06,8.319105492047446e-06,5.473184173934326e-06,0
0.9566553327331027,0.04332632010177493,7.122332611353079e-06,9.587510696200903e-08,3.5579412656718694e-06,4.555051172323425e-06,3.01596496611238e-06,0
0.9578350664638736,0.04214636412484565,7.13111577048666e-06,8.304884352520392e-08,3.56232886816526e-06,4.773233587785612e-06,3.0196842111524728e-06,0
0.9440682546032548,0.05589906866783889,7.320820870617878e-06,8.789432745558005e-08,3.983808755225351e-06,5.020563483830397e-06,1.626364146927175e-05,0
0.9458855902205108,0.05407104261211712,5.952814509183524e-06,1.0401154048812471e-07,3.5606907806635894e-06,4.740909809454328e-06,2.9008740732229624e-05,0
0.9390200592031941,0.06069033114539747,7.1429644762094555e-06,9.219850313255694e-08,4.1788954376353655e-06,5.373892625439031e-06,0.00027282170036599146,0
0.9516286998789554,0.0481352069204393,6.498044118118372e-06,7.89883275001432e-08,3.4578058064426173e-06,4.593451175420099e-06,0.0002214649111777289,0
0.9298067075960118,0.06954710444247107,6.7356573887601856e-06,8.32786255176574e-08,3.589585303564008e-06,5.2371673979960724e-06,0.0006305422728012694,0
0.957752951613515,0.04165747399184761,7.98243744937654e-06,8.472414459481785e-08,3.3547613349570415e-06,5.328072181030486e-06,0.000572824399527612,0
0.8772201745868933,0.12114357181258702,9.121770565608704e-06,8.340400822817712e-08,4.2774389139365185e-06,4.634552882461407e-06,0.0016181364341495118,0
0.8895568339334092,0.10650399981679252,1.2338315016082606e-05,8.814072086804471e-08,5.011582236486175e-06,5.809134929471757e-06,0.003915919076895383,0
0.9010131895497586,0.09883501381378974,1.731268997744421e-05,1.4425964436741005e-07,4.8087154667538045e-06,1.0393624934187698e-05,0.00011913734642872439,0
0.8851287373996961,0.11464488192948731,2.961332439095259e-05,2.5181086350871966e-07,7.232245326372829e-06,1.7599356181913528e-05,0.00017168393405367775,0
0.9020373893713286,0.09767933034817074,3.409509285047453e-05,2.4389947977261557e-07,8.47257450912989e-06,2.0304142601919877e-05,0.0002201645710594982,0
0.9402172074701054,0.059464118894897625,2.227590531680304e-05,1.058375965967914e-07,6.351631440018947e-06,1.6032324945701106e-05,0.0002739079356978376,0
0.9864987048050416,0.011470396889734384,2.0323940067171617e-05,1.3075963076682255e-07,3.490564744102702e-06,7.370650373295383e-06,0.0019995823904081504,0
0.05270230711177309,0.0006209530657975853,3.819412048667551e-06,3.022525667778606e-08,2.7548744668411384e-06,2.7916981927609834e-06,0.9466673436124644,6
0.06957345876298696,0.0020295023084231905,4.27421777240926e-06,3.12648329893652e-08,2.081787620155249e-06,3.2150461301634434e-06,0.9283874366122341,6
0.11374457816451745,0.0036187583255267407,6.455966629580104e-06,3.850882181163151e-08,2.649289262257254e-06,4.108301705426086e-06,0.8826234114435367,6
0.23996445037093908,0.6796337824183962,1.759102149999833e-05,1.5599985568225685e-07,1.1799904738058255e-05,2.2508618343064843e-05,0.08034971166622797,1
0.3863739255857372,0.47405036221946606,2.8846884337191442e-05,2.8055555916277713e-07,1.968882583597834e-05,2.8758683589899206e-05,0.13949813724547463,1
0.8536861083540175,0.1458907727931679,1.9829907578086096e-05,1.8361392100773264e-07,1.0056953261401139e-05,1.6051509019946245e-05,0.0003769968690342863,0
0.9618529578892864,0.004955313495895703,4.1156010778804136e-05,7.090003578219271e-08,5.0850133047707504e-05,2.69753129650077e-05,0.03307267625799037,0
0.833508944286399,0.006683019767754489,4.9803586007275004e-05,2.589781796477779e-07,5.428187474868725e-05,2.7187166389089636e-05,0.15967650434052177,0
0.8914776989406725,0.006127738615437012,4.32624939762051e-05,2.3791553760810093e-07,2.150953799033744e-05,2.4976039743187114e-05,0.10230457645664318,0
0.8292550893690936,0.00817751585349248,5.773414183509685e-05,3.175001746453707e-07,2.8704649293324837e-05,3.4343045042232944e-05,0.1624462954410686,0
0.7921890621055493,0.20184385187295345,3.971853417912178e-05,2.919253393724616e-07,2.3359569351474303e-05,2.5321644233668078e-05,0.005878394348393279,0
0.7984619575060009,0.19931968927612212,3.0396690671450647e-05,2.8902266362331794e-07,2.569923753775642e-05,2.493700209523401e-05,0.0021370312649090124,0
0.840991979505809,0.15266484092472377,3.238160332518337e-05,2.701560179476197e-07,2.4010758482233108e-05,2.8688427502045588e-05,0.006257828624139799,0
0.8548754870691473,0.13934131154322635,2.7228251973635453e-05,2.668003137382891e-07,2.4446879376540925e-05,2.759721606342979e-05,0.005703662239898987,0
0.8793271627902329,0.11528250265373438,3.045360125538749e-05,2.66996386155523e-07,3.113453714994488e-05,2.224285034765896e-05,0.005306236570893477,0
0.2625609373803166,0.7372370733588443,3.0685362124675917e-05,3.071213377488856e-07,3.4262465436296666e-05,3.4724092459896207e-05,0.00010201021948045362,1
0.14508586866538223,0.8547691548418627,2.5315501637135257e-05,2.3479156062346233e-07,1.991149391455566e-05,2.3526904383863566e-05,7.598780125912628e-05,1
0.1738584821509798,0.8260103688285865,2.8622356945590508e-05,2.7289704703627286e-07,3.333815949209172e-05,2.697796619019862e-05,4.193764075900851e-05,1
0.08792432745263452,0.9120032110395042,1.8787226668624647e-05,1.4352999918478782e-07,1.1061630943737279e-05,1.450962400823334e-05,2.795949624144623e-05,1
0.08820542220451709,0.9117048645098486,2.018479944915187e-05,1.472470907089325e-07,2.4404262818678555e-05,1.6373454681311618e-05,2.8603521594734666e-05,1
0.17361990917828607,0.8262584938525451,3.076593154827389e-05,2.2766502780051653e-07,2.3345356802089984e-05,2.6818633167886912e-05,4.0439382622746993e-05,1
0.07063388100150247,0.9292952320603405,1.7854177896022012e-05,1.213285055930885e-07,1.7599658591395024e-05,1.0768881497173248e-05,2.454289166697158e-05,1
0.09511824472959002,0.9048047703062033,1.8514860912300978e-05,1.5351877728608395e-07,2.56387077533515e-05,1.4136347079904842e-05,1.854152968399958e-05,1
0.09176333546537038,0.9081581849174727,2.0297851877441908e-05,1.5408775318867688e-07,2.573373070196511e-05,1.3683697966222136e-05,1.861024885812216e-05,1
0.37850358081316815,0.6214302877819686,2.3466196358332858e-05,2.2404559927212264e-07,1.5199225128408975e-05,1.8021471821936778e-05,9.220465955226687e-06,1
0.5190042894579703,0.4809453315410582,1.673678153465056e-05,1.6991708094074494e-07,1.0967184573181566e-05,1.8454058323921417e-05,4.051059458636719e-06,1
0.8259669644666107,0.1739989975289624,1.4286439179301579e-05,1.1177921728588865e-07,6.6174424108623065e-06,1.0158206943547153e-05,2.864136675767164e-06,0
0.5598192186795391,0.44009235712454203,3.680771896040184e-05,2.653423866104597e-07,1.7358579428294603e-05,2.614273967639556e-05,7.849815467129633e-06,1
0.22392734884762844,0.7751015641969952,2.5125800191422706e-05,1.9545016265254714e-07,0.0009277672583661792,1.2216303330026982e-05,5.7821433259939165e-06,1
0.8745870732185578,0.07797231485782564,1.6551752383872826e-05,1.531705590717218e-07,7.90981749826491e-06,9.742406553055858e-06,0.04740625477662223,0
0.8977120275491711,0.054161984696112525,1.4478058744082033e-05,1.3367987988725836e-07,6.9033073947524735e-06,8.310393239203824e-06,0.04809616231545845,0
0.909077166020391,0.057519286598101606,1.5375500269375795e-05,1.4196620317325456e-07,7.502428097445971e-06,8.925076055825917e-06,0.03337160241088166,0
0.9691286365723301,0.027381468910473848,8.421295414987375e-06,6.643054863999478e-08,3.5427942131740338e-06,4.7678530925109805e-06,0.003473096143926512,0
0.96997985810742,0.02800097954218793,8.62566705122062e-06,6.804271390108581e-08,3.6710047034230293e-06,4.8835614116968904e-06,0.0020019140745115133,0
0.9710354497706285,0.027684354259965398,8.55730372486511e-06,6.427669327612251e-08,3.641909899380342e-06,4.844856404816551e-06,0.00126308762268386,0
0.9633516137639299,0.03564068547844896,8.330603863611052e-06,5.043929065936795e-08,3.5046407596295827e-06,4.716506598606411e-06,0.0009910985671090933,0
0.9329331696682825,0.06665896249350345,9.897447946087597e-06,7.807503059734106e-08,4.163803735727626e-06,5.590855416663564e-06,0.0003881376560848811,0
0.9213874751607661,0.07855364937445307,1.0410302887730832e-05,8.627726701957358e-08,4.6012355547729244e-06,6.335586564395571e-06,3.744206250666968e-05,0
0.8116335912000703,0.18825000619073531,1.6164203504856016e-05,1.432503097002938e-07,8.655434460815352e-06,1.0773364489439646e-05,8.06663564295677e-05,0
0.8786913296715899,0.12123178995862492,9.982593048064469e-06,1.358020734530432e-07,5.796798193624381e-06,7.3202784013721015e-06,5.3644898068852665e-05,0
0.8161729057802553,0.18371198126213684,1.6254606865981296e-05,1.6091431750344909e-07,7.797673687865583e-06,1.0833617898163467e-05,8.006614483852154e-05,0
0.6069048514988323,0.39304226625603605,1.6782876544445358e-05,1.6989678512641953e-07,1.278542358363917e-05,1.2193831436836622e-05,1.0950216781401802e-05,0
0.514290697411701,0.4856285879157701,1.738140884975697e-05,1.7834451459883875e-07,2.8164324829800505e-05,1.2875043372290912e-05,2.2115550962561105e-05,0
0.2932757916151694,0.7039871083204173,1.769566582230076e-05,1.8536587672736407e-07,0.0027010611111105646,1.2433917571721465e-05,5.724004032031299e-06,0
0.8458976721835493,0.15357047158785603,1.1074261449684815e-05,9.516670060865058e-08,0.000511334146380539,6.4139547323556814e-06,2.938699331378155e-06,0
0.4897226357893136,0.5094860843891407,1.71669155000222e-05,1.727807487514153e-07,0.00075346024502988,1.1814562184376685e-05,8.665318082743127e-06,0
0.5918452033751229,0.40780838886020937,1.51028900145789e-05,1.737548875685208e-07,0.00030802863605291705,8.603609152066156e-06,1.4498874560500785e-05,0
0.5541834118456009,0.4457545010802198,2.6367605777649827e-05,1.9411416752923406e-07,9.633286336923402e-06,1.0261195997356827e-05,1.5630871899880306e-05,0
0.5003009105659918,0.4995680023069696,2.648935729289648e-05,1.1970294347961007e-07,1.0674565573709278e-05,1.3304678928202154e-05,8.049882230035746e-05,0
0.42866837952732245,0.5711759720316774,2.179398912095829e-05,1.9726953110158256e-07,1.4153193064650455e-05,1.2558468361797468e-05,0.00010694552092150922,1
0.8487001806954498,0.15126509342588149,1.4228550165759873e-05,1.6437119441531516e-07,6.245800184457015e-06,8.496960913478236e-06,5.590196210715679e-06,0
0.9469824012549201,0.05300036441969655,6.318671611529954e-06,8.443852642549952e-08,3.2467225010963656e-06,4.5142791899005645e-06,3.070213554300487e-06,0
0.9413873707166651,0.05855131254679821,6.64269374612385e-06,1.0529127835483452e-07,3.6045008309933407e-06,4.7032608334960336e-06,4.626098984789866e-05,0
0.9429609618191107,0.056842394857912176,6.47200269451384e-06,8.843270680029294e-08,3.871244482964095e-06,5.154398984530755e-06,0.0001810572441082436,0
0.9508522280641776,0.04828082571808954,6.683749651813604e-06,8.399399633310296e-08,3.497273408621906e-06,4.845840443522316e-06,0.0008518353602324967,0
0.943861356397457,0.0544742538596754,5.874501278854653e-06,7.914419138370794e-08,3.295341191713713e-06,4.407871181061998e-06,0.0016507328850245862,0
0.871245827718262,0.127310920109863,6.753730514433694e-06,5.6966312626231346e-08,2.7432332398736944e-06,3.4583583977377085e-06,0.0014302398834104577,0
0.8226258546087819,0.17713793003706269,2.7608299127759845e-05,2.2270031494412757e-07,7.429991480988515e-06,1.6059287610488627e-05,0.00018489507562116032,0
0.9455098988670358,0.054298228476834826,1.8222906832968088e-05,1.2661440884352654e-07,5.241548435774916e-06,1.146377288714107e-05,0.00015681781356451173,0
0.9471973754488621,0.05263630818988481,1.5419211556294505e-05,7.944471274194249e-08,3.7626800791144903e-06,1.3088569922219685e-05,0.0001339664549827691,0
0.8130770484550653,0.016275935648506316,3.7888693028978816e-05,2.4952572878004106e-07,1.2058405230357666e-05,2.0609667482267058e-05,0.17057620960495823,0
0.043925236054983094,0.0004518199984424269,3.964350851937886e-06,2.1992604879948955e-08,1.753278441405056e-06,2.1498211159522876e-06,0.9556150545035602,6
0.05358693464644349,0.0024416988527556673,3.963912226649698e-06,2.8181377558347903e-08,1.8058516946998377e-06,2.700524992307196e-06,0.9439628680305097,6
0.08496981731227314,0.0032531224506371667,5.291944481425092e-06,3.461792734245938e-08,2.3867379462358688e-06,3.360320576406653e-06,0.9117659866161582,6
0.10206527239252124,0.003439768756248396,5.595567201425775e-06,3.6604113950689446e-08,2.5182511819852996e-06,3.866496021100011e-06,0.8944829419327118,6
0.23460883349473077,0.15747826352074842,2.1329056367876734e-05,1.891493177487054e-07,1.4557780808919736e-05,2.4085834724933174e-05,0.6078527411633012,1
0.2791004935499604,0.6555169732563045,3.3034522401537606e-05,3.2128318593109444e-07,2.4187310802630347e-05,3.293351774785641e-05,0.06529205655959698,1
0.2826226421866164,0.6905435965458778,2.8041698639951505e-05,3.143806817188173e-07,2.2901442774106808e-05,3.0180393778709295e-05,0.026752323351631364,1
0.9873594695230616,0.0109948942538356,1.0938305038986958e-05,8.053425511070539e-08,3.5095275182874606e-06,7.352818095987905e-06,0.0016237550381942622,0
0.9888782623201584,0.008896534942542502,1.7895117184702223e-05,1.0338392018241248e-07,5.670291240931598e-06,1.052429391737115e-05,0.0021910096510362573,0
0.9879864581062842,0.00859736695590166,2.0316574601460576e-05,1.1737319768841646e-07,6.437560247265418e-06,1.293973671271708e-05,0.0033763636930547107,0
0.9920300681238067,0.004827982475492171,3.047155389012171e-05,1.8666213051524567e-07,2.4343182965725423e-05,2.8723204585552088e-05,0.003058224797129152,0
0.9578312367136945,0.0053496283249692715,4.201235751989264e-05,2.3657948556896617e-07,5.142799135529941e-05,3.883748435500381e-05,0.03668662054862049,0
0.9003733795146255,0.007681501433828238,5.423222666058589e-05,2.9824192217707815e-07,5.291251630104035e-05,3.130901905889475e-05,0.09180636704760348,0
0.8168062113245297,0.17369353701583434,3.306856836504978e-05,2.6458490307363183e-07,2.1165403168246605e-05,2.1264965407961267e-05,0.009424488137791601,0
0.8029652989178773,0.19322016979473836,3.5413865141308746e-05,2.833498557433465e-07,2.3071715891025107e-05,2.7129327699815204e-05,0.003728633028796482,0
0.8262555489305303,0.16502222024903532,3.001983812742513e-05,2.7358458262745135e-07,2.432651850712366e-05,2.9052513891831275e-05,0.008638558365325346,0
0.8353779049471985,0.16200795546919983,2.1664881512097615e-05,2.2286556266875303e-07,1.9994171556446538e-05,1.876996883978896e-05,0.0025534876961306116,0
0.8878137517294503,0.10591246393485633,3.311040728898379e-05,2.848349139108802e-07,3.422780170391098e-05,2.1009722551423436e-05,0.00618515156923516,0
0.8569311613799911,0.1359955946565659,3.625691458133923e-05,3.112784114957449e-07,3.42113057265559e-05,2.6143089198404197e-05,0.006976321375525179,0
0.8749865666054556,0.11657776355502433,3.5045697083513295e-05,3.3000353707773167e-07,3.585205194426118e-05,2.5681330880669855e-05,0.008338760756074488,0
0.7177460107425194,0.28102026150062537,2.4609707303838208e-05,2.0987485613194224e-07,1.3609875302849183e-05,1.886107842566506e-05,0.001176437220966672,0
0.20721254754666027,0.7926550269703501,2.6843111447036055e-05,2.7753932221151436e-07,3.390527779505309e-05,2.7374485479351025e-05,4.402506894600044e-05,1
0.11620606330702997,0.883725830673414,2.1231359645214136e-05,1.6228763141490852e-07,1.4739004201255237e-05,1.643464087710743e-05,1.553872720103971e-05,1
0.12931355744881182,0.8705793216646555,2.2872627516984177e-05,1.8263900575005531e-07,3.0270005850758093e-05,2.030893424984276e-05,3.3486679909341235e-05,1
0.1293136925971401,0.8705802315254797,2.2872651421649963e-05,1.8263919662993517e-07,3.027003748658011e-05,2.03089554751386e-05,3.244159380025918e-05,1
0.19027418070696994,0.8096229673934623,2.603614104718866e-05,1.9398146251194508e-07,3.080019032312858e-05,2.3618595583541744e-05,2.2202991151347477e-05,1
0.12326358147551829,0.8766392824365745,2.7328590116125785e-05,1.7159801171835772e-07,2.7208994557883702e-05,1.9210356792255358e-05,2.3216548429121384e-05,1
0.0936919930177701,0.9062199976445481,1.785271352600362e-05,1.4393056758962417e-07,2.5426577464302518e-05,1.2781693380860243e-05,3.180442274303824e-05,1
0.21601016565044912,0.78385728723759,3.648845544246953e-05,2.682122121435185e-07,3.612848035405677e-05,3.2392704102082944e-05,2.726925984993975e-05,1
0.11181287151487912,0.8881010564550974,2.0187836257696132e-05,1.8145302763319725e-07,2.767353786991999e-05,1.6113859627435268e-05,2.1915343240670132e-05,1
0.10846713517706819,0.8914464685658291,2.026388236913253e-05,1.821365479958416e-07,2.777778207508551e-05,1.6174559365101863e-05,2.1997896745313876e-05,1
0.4503120249919168,0.5496197232168254,2.414145637902861e-05,2.3049270444805643e-07,1.7721270719016105e-05,2.013882212278638e-05,6.019749332735735e-06,1
0.7905411097692965,0.20943179493013078,1.1757827334766808e-05,1.000147953688172e-07,4.053043449670487e-06,8.572341004915618e-06,2.6120739878811173e-06,0
0.8055485435235623,0.19441590657672836,1.5779265634594378e-05,1.211254226929574e-07,5.266427145542493e-06,1.1219663886970604e-05,3.1634176195697492e-06,0
0.4815510712249537,0.518360001431902,3.692136060441023e-05,2.5765139184494183e-07,1.626687510750361e-05,2.7859168826554183e-05,7.622287214146039e-06,1
0.2612227746440428,0.7386914951046921,3.018937549384255e-05,2.0595825351889335e-07,2.9811825853914846e-05,2.0245790552813794e-05,5.277301111097366e-06,1
0.26594339991140215,0.7339725521007223,3.016444049872691e-05,2.0578814175071294e-07,2.978720269693012e-05,1.861761422814425e-05,5.272942310185574e-06,1
0.30493670911659504,0.6949740943513664,2.6407301178360107e-05,2.1027982468856478e-07,3.522695420522167e-05,1.896629274298894e-05,8.385704087256917e-06,1
0.1942530741930378,0.8048487690888256,2.4397809330112626e-05,1.7303789906389841e-07,0.0008565914953644915,1.256059791388004e-05,4.433777629154814e-06,1
0.5356478600401875,0.45865308561565893,2.6305584220127343e-05,2.406485339929793e-07,0.00565213944928112,1.4609964202450985e-05,5.758697916000478e-06,1
0.8958499939674338,0.06081532837767031,1.5166821836166495e-05,1.4003941807177242e-07,7.090020698355907e-06,8.705742660355434e-06,0.04330357503028298,0
0.9684213080347862,0.03019880534509528,8.690117535927475e-06,6.732170942460567e-08,3.590320529535446e-06,4.831813481064399e-06,0.001362707046862235,0
0.9507667264587242,0.047839442646951606,9.990526548292024e-06,5.940478288637175e-08,4.1275842839763765e-06,5.584453194611691e-06,0.0013740689255142898,0
0.9471612964400077,0.05152515539166821,1.0214386195407855e-05,6.02648752688286e-08,4.075377001452566e-06,5.709585109875393e-06,0.0012934885551422676,0
0.9470618808812188,0.05179820664021255,1.0514369543987141e-05,6.203477692899716e-08,4.195065567777618e-06,5.877268260628875e-06,0.0011192637404195335,0
0.8096548875793819,0.1898318146362663,1.6800415252256495e-05,1.6631760930184658e-07,8.892612182849324e-06,1.1197396582647925e-05,0.0004762410427248953,0
0.7941074855393978,0.20580063547324418,1.647780519410391e-05,1.885474610526171e-07,8.823358532500707e-06,1.098237851860332e-05,5.540689765185947e-05,0
0.8644175532584146,0.13504360868198975,1.121963649231367e-05,9.641598149484657e-08,0.0005180465780551386,6.4981525767782825e-06,2.9772764900007423e-06,0
0.6392088684296382,0.36040224153662614,3.527106068541804e-05,3.377705581329273e-07,0.0002287283727767614,1.904196388337409e-05,0.00010551086583209021,0
0.5425486343635002,0.45739700737750794,2.1924294479677387e-05,1.7851797441770905e-07,1.1910639670318069e-05,9.436755430411176e-06,1.0908051437027927e-05,0
0.5132665313726363,0.48663195152699984,2.2332995446326448e-05,1.0092073061957212e-07,9.921688416782849e-06,1.1523710434586693e-05,5.7637785335406966e-05,1
0.24005583370088307,0.7596384018543476,2.261447328405022e-05,9.346999267622116e-08,1.1489955695257952e-05,1.1457368765429177e-05,0.00026010917703183967,1
0.45896187067112104,0.540942429703715,1.654202826515594e-05,1.9060745635362008e-07,1.0083185571895513e-05,1.213435088922572e-05,5.674945298127936e-05,1
0.5005979872031395,0.4993114996080656,2.1162193917933697e-05,1.9529580611936729e-07,1.0135898248865986e-05,1.2197786607442885e-05,4.6822014214337816e-05,1
0.5654776880783853,0.4344208927761518,1.7406043414536196e-05,2.0618767658334474e-07,1.07011888864705e-05,1.2878071116954081e-05,6.0227654368398644e-05,1
0.8805320545265615,0.11941388554722938,8.960188652375396e-06,1.224148064705734e-07,5.35361081161702e-06,7.759666944683286e-06,3.1864044993887493e-05,1
0.8569169160839386,0.1430494719231852,1.3666159596249401e-05,1.5787434065569608e-07,6.0687486587577e-06,8.349969374237496e-06,5.369240906486214e-06,0
0.8533687803034987,0.1465971989500545,1.4905973277663189e-05,1.5040499038366478e-07,6.0107472572780425e-06,7.954915651397683e-06,4.998705270284123e-06,0
0.8519013074944788,0.1480666268415975,1.3099532116933403e-05,1.6314451883830273e-07,6.061256613343037e-06,7.701020413386537e-06,5.040710261270067e-06,0
0.9518344495482133,0.04809678235446306,6.227115547935959e-06,7.718806307327083e-08,3.378997139575224e-06,4.168745757961486e-06,5.4916050815167606e-05,0
0.9392311941853029,0.06029788827946544,6.516581445464111e-06,8.904182576985895e-08,3.4941041148149084e-06,4.699108353013471e-06,0.00045611869949237807,0
0.9539426301236595,0.045474646005777865,8.191137852805698e-06,7.750132381982305e-08,3.5127460589649855e-06,4.923979962731089e-06,0.0005660185053640231,0
0.9335903045880038,0.06572271070122736,9.45662869694631e-06,8.361750536701933e-08,3.6041921503915366e-06,5.258478634677564e-06,0.0006685817937814542,0
0.9396727346348897,0.059544100485229824,6.389540147850115e-06,8.029669567337989e-08,3.3433282239012073e-06,4.632533185254786e-06,0.000768719181627878,0
0.9539948878841461,0.04457056698755323,5.5808919626312366e-06,7.518854122513716e-08,3.1306390615933905e-06,4.17803985522727e-06,0.0014215803688798487,0
0.9114921479804862,0.0868780163748787,6.925281834875762e-06,6.436054909479799e-08,3.300780418936787e-06,3.9072538695880375e-06,0.0016156379679625704,0
0.8158546051066629,0.18401087678802086,2.5089808591020255e-05,2.0238509620789746e-07,6.752211109719273e-06,1.4594323626773752e-05,8.787937689254638e-05,0
0.8381367169285389,0.1616522179165063,2.739319623264459e-05,2.329324565705793e-07,6.461431444345324e-06,1.6578248373024136e-05,0.0001603993464483343,0
0.9774856351985189,0.018622850424962176,2.70869130966806e-05,1.4539988414322125e-07,5.3055568784604456e-06,1.0480479081368289e-05,0.0038484960275781835,0
0.055352554667798086,0.0009688710063996526,3.2508712301162334e-06,2.8099678258382484e-08,2.0813785478768547e-06,2.0361262403389874e-06,0.9436711778501057,6
0.2838577807320013,0.691771580601552,3.3698994590267704e-05,3.3914353586564545e-07,1.789925187572506e-05,3.255761583049062e-05,0.024286143660614472,1
0.32449964690934846,0.6516997837698124,2.6464323225362805e-05,3.191452338381558e-07,2.1613212226652764e-05,2.8639076335073382e-05,0.023723533563818303,1
0.3454870387100857,0.6434468179456765,2.9859738431998613e-05,3.600920803103485e-07,2.310308571765069e-05,3.4474853854069124e-05,0.010978345574153734,1
0.7855539186753041,0.21393855168448286,1.7101656916782233e-05,1.6748198252190108e-07,8.840858480389363e-06,1.1773704528175361e-05,0.00046964593830516537,0
0.8170843132576182,0.1823229158925474,1.933537112265861e-05,1.75814641637932e-07,7.734899045709142e-06,1.3187215721733768e-05,0.0005523375493027913,0
0.9894962323181911,0.00814397489397788,1.7906300204850204e-05,1.0344852688213085e-07,5.6738347204482595e-06,1.0530870761194326e-05,0.0023255783336177402,0
0.8064433532054546,0.18917423334358635,3.3668819562838605e-05,2.693875725824408e-07,2.196449918820016e-05,2.324333601453881e-05,0.0043032674086207565,0
0.7678744336905307,0.23012044436071302,3.402617162701122e-05,2.743529588431094e-07,2.4394840771672072e-05,2.3797413520913217e-05,0.0019226291698778279,0
0.8153672794981649,0.18169694545985055,3.360956068807557e-05,2.970308442981283e-07,2.639932257810725e-05,2.652841782036249e-05,0.002848940710053619,0
0.9010623964618095,0.09079250143036363,4.585709811268328e-05,3.5015628308392955e-07,4.264920510076995e-05,3.0462010469390113e-05,0.008025783637860929,0
0.8842429193050786,0.10763226264336523,4.244128207032248e-05,3.327025904055266e-07,4.175937154581726e-05,2.8943618269151944e-05,0.00801134107708063,0
0.7995855372027804,0.19604485557807122,2.642964333850705e-05,2.488920212708167e-07,2.321597312204435e-05,2.5744823127202886e-05,0.00429396788753937,0
0.8351717720768278,0.16137988124933084,2.0451179270087576e-05,2.2629816939345685e-07,1.887406522991796e-05,1.7718444359925567e-05,0.003391076686812062,0
0.8499977591789111,0.14096806245330973,3.51619995778709e-05,3.3109868534707587e-07,3.597103040427068e-05,2.837129495764682e-05,0.008934342944153975,0
0.578373684458078,0.4203819417278499,1.9442411217776483e-05,1.7681179265731506e-07,1.4269768535586465e-05,1.7244953932570142e-05,0.001193239868593488,0
0.636791192845934,0.3617528087436018,2.1102077307961582e-05,1.7802169704599091e-07,1.436741505178947e-05,1.6900959681746307e-05,0.0014034499367257625,0
0.6492122448229153,0.34972036573034543,2.2440938824427282e-05,2.062072596139724e-07,1.1865374621317178e-05,1.8267083040486213e-05,0.0010146098429934909,0
0.1096473171025221,0.8902805719646623,2.182011091920817e-05,1.8661849078553922e-07,1.594539341701913e-05,1.869980069689764e-05,1.545900929172316e-05,1
0.13512846785953608,0.8647832888551586,2.2720349032728026e-05,1.814230548960917e-07,2.70431986322288e-05,2.0918301322004842e-05,1.7380013263585725e-05,1
0.09984710397345278,0.9000726095098786,2.2005530505838494e-05,1.6207851619715218e-07,2.8632569275598317e-05,1.4393314306683329e-05,1.5093024064297053e-05,1
0.21991325690208252,0.7799549936108364,3.7147765946650115e-05,2.730585430356152e-07,3.358866562710578e-05,3.297800840763212e-05,2.776198855665747e-05,1
0.203142574058348,0.7967312326877666,3.1286465838153796e-05,2.522349770190308e-07,3.8546615306684666e-05,3.0463090809605417e-05,2.564484695385541e-05,1
0.1221730988754909,0.8777489222001097,2.282443710017658e-05,2.0515141707034806e-07,3.152348251583534e-05,1.821838511134446e-05,5.2074682550011615e-06,1
0.19572222289083596,0.804176581488028,3.2513483134529425e-05,2.922388451319121e-07,2.4678795877134873e-05,3.607873765962248e-05,7.632365619531972e-06,1
0.6282331636899227,0.37170368965194517,2.963784323814207e-05,2.058093887038216e-07,9.91253463612458e-06,1.8116984144858063e-05,5.2734867242468314e-06,0
0.7373437789066786,0.26260455075387584,2.227405290738155e-05,1.665885733750839e-07,9.97699010718237e-06,1.4984182327221996e-05,4.268525530528488e-06,1
0.5675650839226634,0.4323548504603441,3.607650241253113e-05,2.333071232607388e-07,1.456043707573e-05,2.321730482759673e-05,5.978065553453925e-06,1
0.3138489231907387,0.6680911208719977,2.873457266773001e-05,2.081151571943205e-07,0.01800950886098621,1.6171820655101744e-05,5.332567797274706e-06,1
0.9000207837165356,0.07505032429022405,1.5615125951522004e-05,1.4449744883492452e-07,7.50435193149477e-06,9.558975508259436e-06,0.024896069042400333,0
0.9593031941311627,0.038019319544748464,9.827088277410007e-06,7.612973918552823e-08,4.107311637021328e-06,5.5754877624748785e-06,0.002657900306672619,0
0.9596844523326687,0.03858165640688538,9.972438958380426e-06,7.725576035480503e-08,4.1201113993898386e-06,5.6579537910828505e-06,0.0017140635005365044,0
0.9432495188530753,0.055940453391712504,1.1877879146929257e-05,8.543602039409362e-08,5.142096472895763e-06,6.86690012326137e-06,0.0007860554434487488,0
0.9187127072859168,0.08092107655849147,1.1897164026586259e-05,8.990619858089329e-08,4.630369692567875e-06,6.472372435830923e-06,0.00034312634323836993,0
0.9074542234154211,0.09216797408692685,1.0734873889158058e-05,8.737164424126866e-08,4.525414751160979e-06,6.28990915850591e-06,0.00035616492820916254,0
0.8030992179471229,0.19610608076522698,1.7457700194961947e-05,1.6972499175797473e-07,9.180411356093667e-06,1.1396269163401651e-05,0.0007564971819436927,0
0.7507900256078093,0.2485247234121778,1.7576610436131025e-05,1.614228621875989e-07,9.740411049571013e-06,1.0519325305092178e-05,0.0006472532103601042,0
0.6184773587581285,0.3813945036169265,2.0178272415920034e-05,2.0426913132508062e-07,1.5915953261834645e-05,1.4858958884073757e-05,7.698017125173012e-05,0
0.6765206823427403,0.32340854628475124,1.8954114733977715e-05,1.918767113427835e-07,1.3874266002679374e-05,1.3957508636566302e-05,2.3793606423920734e-05,0
0.6439917561713592,0.355933651133281,2.088477957592769e-05,1.9630044361572463e-07,1.3498394820628721e-05,1.567105067772356e-05,2.434216984201643e-05,0
0.6931284460339533,0.30681068199574285,1.6228022632114435e-05,1.665100248340275e-07,1.060704407907709e-05,1.3222374489187148e-05,2.064801907856508e-05,0
0.5439324099591475,0.45597764047312306,1.462196057485217e-05,1.5524836101267977e-07,5.154464681650241e-05,1.120768634802937e-05,1.2420025629135896e-05,0
0.7565219090616052,0.24293326431087015,1.331046139017294e-05,1.210855166847228e-07,0.0005194952149879174,8.160806435366911e-06,3.7390591944996867e-06,0
0.8470503079291107,0.1524605068325964,1.0994219760858923e-05,9.44788621039056e-08,0.0004688114839944577,6.367596447321227e-06,2.9174592280535477e-06,0
0.5719596100335328,0.42797941003252776,2.2428483042603657e-05,1.7703130015110824e-07,1.8199041611429915e-05,9.358167369436594e-06,1.0817210615967285e-05,0
0.6439145610029368,0.3560359743447574,2.0079561347262454e-05,1.6349728481489384e-07,7.413382283015077e-06,8.642736930928214e-06,1.316547445994621e-05,0
0.5992586119744334,0.40065767541412556,1.838737882393847e-05,1.7705266600960667e-07,8.20558907420633e-06,9.4877926128343e-06,4.745479826394273e-05,1
0.29113284889841307,0.7085970154252588,2.0057474829072916e-05,8.290142343041856e-08,1.0190796586332184e-05,9.105640615079455e-06,0.00023069886287409538,1
0.5896207362198294,0.40995792616675447,1.9442506103600287e-05,2.2325886918137998e-07,1.1145496670936416e-05,1.3944303764664493e-05,0.00037658204800783407,1
0.6101998720574766,0.3894376191730773,1.6435304294111763e-05,2.3105112327559516e-07,1.1534500442139826e-05,1.4430992416719393e-05,0.00031987692116981255,1
0.7980622439579264,0.20185324288067322,1.7848581063269213e-05,2.0501246252983085e-07,7.566665437374242e-06,1.145928254905314e-05,4.7433619887936613e-05,0
0.8533687803034987,0.1465971989500545,1.4905973277663189e-05,1.5040499038366478e-07,6.0107472572780425e-06,7.954915651397683e-06,4.998705270284123e-06,0
0.9616189206199339,0.038351869264248155,6.406697413763774e-06,8.561484472228889e-08,3.6723959052498604e-06,4.5771678905055035e-06,1.4468239763780184e-05,0
0.9504708821964788,0.04905896410129398,6.706789554902193e-06,8.313385084921655e-08,3.4865501006523683e-06,4.417109688613832e-06,0.0004554601190319565,0
0.9375104393593989,0.06217708396711651,6.731671812392808e-06,9.198079601631708e-08,3.6094327027305443e-06,4.85421006521426e-06,0.00029718937810834103,0
0.9595711141682114,0.04012976393409847,5.781808503235167e-06,7.900197207511279e-08,3.1001286566114603e-06,4.159780427189619e-06,0.00028600117813090686,0
0.9371089262851203,0.06217998833751684,8.215254535627073e-06,8.393265256509673e-08,3.6177760411395674e-06,5.33258890403234e-06,0.0006938358252294064,0
0.9347813351367487,0.06452833950243955,1.1878763651189912e-05,8.372418064290054e-08,3.608790209019145e-06,5.3193438197280696e-06,0.0006694347389511019,0
0.9465479202235392,0.050870868005117274,7.299332704283327e-06,6.674072764157774e-08,3.4228497121805734e-06,3.717070385470849e-06,0.0025667057778137464,0
0.8875763842953344,0.11228020649565933,1.6847899095370135e-05,1.59696129201946e-07,4.762404724709547e-06,1.1367120650265623e-05,0.0001102720884071316,0
0.9174219927096168,0.08236707655032888,2.5450390472563278e-05,1.8739374297900363e-07,6.003167789318286e-06,1.696678387242194e-05,0.00016232300417728493,0
0.9221274748130446,0.07766970219555835,2.4380963663281094e-05,1.7440939022832254e-07,5.733418894608351e-06,1.579116987730164e-05,0.00015674302957129885,0
0.9535785695870871,0.046261392311728204,1.3290906432716029e-05,6.857253213689295e-08,3.7629884892189435e-06,7.932915812648015e-06,0.00013498271791819976,0
0.038694939657248156,0.0004970461214128413,3.767139361034289e-06,2.41940130871314e-08,2.0053842597155845e-06,2.3667242660492468e-06,0.9607998507794391,6
0.04490730805651646,0.000433947283938904,3.2453045172479603e-06,2.5682005707034974e-08,1.8294902357431876e-06,2.3595446535616757e-06,0.9546512846381323,6
0.11188609956339278,0.05602139803169144,2.25645531049627e-05,1.7105019844372373e-07,1.5239396106175237e-05,2.1139097675287057e-05,0.8320333883078308,6
0.10633362742971036,0.07064092240189643,2.1444762060201892e-05,1.625616420991394e-07,1.5536775898587403e-05,2.00900464416553e-05,0.8229682160223507,6
0.25370213776136546,0.580823887184988,4.4821324788660535e-05,3.698729915900653e-07,2.5390232310603164e-05,2.9286920721053477e-05,0.16537410670283478,1
0.2135319054940947,0.7621502304507843,3.219883394058707e-05,3.8830029015955427e-07,1.9419889076913973e-05,3.484483072822592e-05,0.024231012201085245,1
0.8014396141988187,0.19792279088683948,1.7390890980618306e-05,1.858746321435666e-07,7.85336958689761e-06,1.5761368553208507e-05,0.0005964034105888627,0
0.9536775507215628,0.04581388718085876,6.568679753736399e-06,6.992722469873776e-08,2.53275727730606e-06,5.4042872244105335e-06,0.0004939864460983066,0
0.9834121552899207,0.014501842014971653,1.148305514694194e-05,9.475932701690018e-08,3.628428425626928e-06,7.323422638284937e-06,0.0020634730295700687,0
0.9828857693459191,0.014771587465036476,1.640198980424915e-05,1.0275742505257836e-07,5.6359299027184906e-06,1.0460517859425752e-05,0.002310041994052827,0
0.9753887417809086,0.008311536344130918,3.3994036969543475e-05,1.9639082373495775e-07,1.3320779131221977e-05,2.101278588690272e-05,0.01623119788214932,0
0.6147603104504242,0.006273950006621005,4.3949939736820656e-05,2.431260430734614e-07,2.5968191052096767e-05,2.4282003051838278e-05,0.37887129628307087,0
0.6026778513747558,0.008391930620579743,4.742752782939839e-05,2.630192603792013e-07,5.320895784103922e-05,2.783128992411122e-05,0.3888014872098095,0
0.805430245493476,0.19038131837807756,3.166812117761239e-05,2.8421968443650695e-07,2.317383451742449e-05,2.4523082352962715e-05,0.004108786870713843,0
0.6080388650507944,0.3902813721055802,2.3690665691708288e-05,1.670943955534786e-07,1.3987413654156083e-05,1.8468165942631198e-05,0.001623449503941251,0
0.5912460133959128,0.4073496317847164,2.200798769977634e-05,1.8249652924887197e-07,1.4728560758255216e-05,1.9978323556968657e-05,0.0013474574508265183,0
0.6307114242750621,0.36768415509784436,2.2401448804799617e-05,2.1301264412855846e-07,3.0220551338750515e-05,1.5715569960537677e-05,0.0015358700443452947,0
0.7107119994171957,0.28790140804365016,2.5559565977405134e-05,2.0768982720963495e-07,1.1945347340261679e-05,1.816807659949317e-05,0.0013307118594097788,0
0.6628057409850282,0.3361141494017776,2.1814012862974356e-05,1.8659808243718274e-07,1.0732248842833675e-05,1.8305880763713517e-05,0.001029070872642493,0
0.6072299818076264,0.3917481444985494,1.9452982821700085e-05,1.7710590908783214e-07,1.0726642201665378e-05,1.3986759297884216e-05,0.0009775302035936106,0
0.1506915037666187,0.8492282982200273,2.4982064807642548e-05,2.3057320829941391e-07,2.6780022050841955e-05,2.2742085309660757e-05,5.463267977529679e-06,1
0.11608591643883011,0.8838377382027759,2.310140949901036e-05,1.9757691387026555e-07,1.688172275169854e-05,1.979787156208408e-05,1.6366777667602368e-05,1
0.21063378123725232,0.7892980898974991,2.7147130204711243e-05,1.5701243536370077e-07,1.090383724157263e-05,1.3837636961068659e-05,1.6083248405872222e-05,1
0.2234058049854709,0.7765149205378757,2.7536460366040772e-05,1.7196047581961601e-07,1.746897988403199e-05,1.6482655501459752e-05,1.7614420425952188e-05,1
0.16389482623761434,0.835973603436797,3.0718242818462785e-05,2.715131655290884e-07,4.101536749217922e-05,3.2791369045110665e-05,2.6773833067309017e-05,1
0.6849751454836752,0.3149796654209085,1.851142004557522e-05,1.4879421690865096e-07,8.147003373384453e-06,1.4495837699054301e-05,3.886040081379854e-06,0
0.6424190874486027,0.3575210561289355,2.6981239177297313e-05,1.8381964735998218e-07,1.0064768095493403e-05,1.7825800643824354e-05,4.8007948979935776e-06,0
0.6238807584769166,0.3760464851152918,3.0279152541008243e-05,2.162429663555692e-07,1.726972642836616e-05,1.945045791079336e-05,5.540827945069707e-06,1
0.5438244348743166,0.4558414480570784,2.207431863659478e-05,2.1683909688846565e-07,0.00029034332439541925,1.629364626257216e-05,5.188940213512635e-06,1
0.8976105976357267,0.06252344237879945,1.3814652084056326e-05,1.2526686594053315e-07,6.382729937555492e-06,7.725188534478158e-06,0.03983791214805204,0
0.9064385293622624,0.0745330389751122,1.5078456964766056e-05,1.395312833556445e-07,7.3737509162131125e-06,9.23044753375773e-06,0.01899660947592731,0
0.8911353225499716,0.08823586731405166,1.6380058408015436e-05,1.515758924438638e-07,7.827467978400431e-06,1.0027237540842062e-05,0.02059442379615703,0
0.9580295799338368,0.038185227873297596,1.0012999023131251e-05,7.756997623072494e-08,4.136868782998533e-06,5.597014743124687e-06,0.0037653677403399945,0
0.9587688642507228,0.03847930751317631,1.0020725771133444e-05,7.762983478633713e-08,4.140061087574867e-06,5.685349752734304e-06,0.002731904469654496,0
0.9580875245069599,0.03954365645817597,1.0157677060458801e-05,7.869078647855194e-08,4.1966424886408886e-06,5.763050310227406e-06,0.0023486229742182272,0
0.9545907959168016,0.04417617069791241,1.0436999965603852e-05,8.085468073867772e-08,4.3120446977094835e-06,5.921526696665813e-06,0.0012122819592450605,0
0.9546468207284798,0.04417876339171859,1.0437612511796483e-05,8.08594260895454e-08,4.362485216599674e-06,5.9218742303100165e-06,0.0011536130484167495,0
0.93753179231102,0.0609458704913768,1.0596978401487373e-05,7.721090691688506e-08,4.4420315899467145e-06,6.223266562704793e-06,0.0015009977101418167,0
0.938560219259154,0.06046141319241526,1.1267944499363823e-05,8.515122204707239e-08,4.5940339342054555e-06,6.8440095228419826e-06,0.0009555764092523931,0
0.9032171440599241,0.09640119836364766,1.1533664781799288e-05,9.387304094286374e-08,5.0063242444034326e-06,6.757946529343553e-06,0.00035826576783145095,0
0.7780104315628961,0.22114328477119197,1.722295201451187e-05,1.6744275340199774e-07,9.644979656802387e-06,1.0750371354903273e-05,0.0008084979201323978,0
0.4410642152961115,0.5586072122637007,2.741349522423058e-05,2.1526029318905057e-07,1.8529533037835904e-05,1.5300245268160636e-05,0.0002671139063644717,0
0.8716997731955748,0.12786637309948157,1.1314155466672803e-05,9.722823059836834e-08,0.0004131138054912113,6.326157426006667e-06,3.002358329364363e-06,0
0.5938561066756453,0.4059425744457387,5.304720309607616e-05,4.841291903443289e-07,5.3697850844389645e-05,2.983669241518372e-05,6.425300306989027e-05,0
0.5713101196398039,0.42843028846561054,5.9165454775472916e-05,3.9096075230578146e-07,5.5418989444297074e-05,2.249037030280575e-05,0.00012212611931059563,0
0.6540792384346922,0.34562360400529213,5.431333749535646e-05,3.5889833633502463e-07,3.065010830786633e-05,2.0645950872640225e-05,0.00019118926500342136,0
0.6486810033037703,0.3512628885381818,2.0096796341516437e-05,1.6363762028914015e-07,6.887624421075035e-06,8.5355888113304e-06,2.0424510853746786e-05,0
0.3798988448501315,0.6196517840573782,3.8062045540629755e-05,1.5731779702487448e-07,2.1293781835657733e-05,1.9810841402819246e-05,0.00037004710591419113,1
0.5700224385618015,0.4296119730496888,2.386055129073296e-05,2.2019766083077257e-07,1.142831036246036e-05,1.3753106795494511e-05,0.0003163262224002547,1
0.5822393690370246,0.4173035602843253,2.3110331332715968e-05,2.2907699807569163e-07,1.143594845213731e-05,1.4307692493370908e-05,0.0004079876293737443,1
0.8125260586739564,0.18735974378088774,1.540873161478671e-05,1.769878513933852e-07,6.5323241399463295e-06,9.892831742224051e-06,8.218666980787155e-05,0
0.9623477343546224,0.03762214255646444,6.530138726469036e-06,8.72644323548922e-08,3.743153948285196e-06,5.015524622073821e-06,1.4747007183814503e-05,0
0.960693661006279,0.039271891977864154,6.332584709624446e-06,7.849540356535405e-08,3.557802704920197e-06,4.483692727359586e-06,1.9994440311605477e-05,0
0.9445292037258751,0.054767376099922334,6.4150041777095195e-06,7.899627011738999e-08,3.58050447206449e-06,4.5575081236061485e-06,0.000688788161159247,0
0.9390498527722345,0.060125942859475576,6.376724398654433e-06,8.013564146772826e-08,3.3366223804437905e-06,4.6232415332627605e-06,0.0008097876443359623,0
0.9574424728473182,0.041115357515089164,5.609042545736699e-06,7.556779982618322e-08,3.146430321425455e-06,4.587632990082329e-06,0.0014287509639358377,0
0.9512101896766035,0.02905786108494616,2.8332232919847945e-05,2.633074164029073e-07,1.93135150855519e-05,1.4631336929575634e-05,0.019669408846098885,0
0.04433829128809842,0.00045437655313108037,3.698359889877173e-06,2.2117046687118603e-08,2.015853425160699e-06,2.363341662460907e-06,0.9551992324867464,6
0.14215699079059688,0.03158124507802194,3.1253639970894665e-05,2.185396710034903e-07,1.1948856725779408e-05,2.2728443247886074e-05,0.8261956146517657,6
0.10968458075135383,0.043628232443778586,2.2806408655688622e-05,1.676845414841342e-07,1.5620995719430556e-05,1.7184944806949314e-05,0.846631406771144,6
0.21502827597128332,0.664195459852259,3.535125786751557e-05,3.134902701717174e-07,1.6763242689027737e-05,2.482247933235503e-05,0.1206990137062986,1
0.20808237971471885,0.7294230676032054,3.296723477308358e-05,3.517743816858742e-07,2.3943538981357346e-05,3.277473578100459e-05,0.06240451539815859,1
0.21887239222135968,0.7610381408350506,3.553966112409245e-05,4.048666500250002e-07,2.6537326036277434e-05,4.484149409720732e-05,0.019982143595682025,1
0.9249704726632659,0.07465636725521761,6.45240713439878e-06,6.317374984840657e-08,2.6374477947813463e-06,4.882348623082332e-06,0.000359124704214553,0
0.9894555925807257,0.009765445965767599,7.85731671794495e-06,6.483936851504062e-08,2.699872806549586e-06,5.011075048585559e-06,0.0007633283495651717,0
0.9721422795943313,0.019468686605713714,2.8032239371169396e-05,1.7171941880627638e-07,1.1354418748558638e-05,2.942255806166609e-05,0.008320052864354725,0
0.9786252226891903,0.013734046147551509,2.821917848129697e-05,1.7286456725190093e-07,1.3053665517535738e-05,2.961876881560898e-05,0.007569666685876565,0
0.9849336586706382,0.011565890793359096,3.248457399739901e-05,1.9899345511225685e-07,2.0346126160348988e-05,3.409571571830829e-05,0.003413325126671246,0
0.6701557296412157,0.009691847534512925,5.582438040680335e-05,3.0376115884278723e-07,3.0657945099265316e-05,2.925151027730015e-05,0.32003638522732913,0
0.8465821410433106,0.14726537414161642,2.516172682648033e-05,2.2582514505330097e-07,1.769187396577819e-05,1.9484676582099975e-05,0.0060899207125536346,0
0.8054298395853452,0.19038122243268002,3.166810521800825e-05,2.8421954119991816e-07,2.3547614947300065e-05,2.465324223649633e-05,0.004108784800031734,0
0.8119027239726779,0.18472802732920884,3.058079454605265e-05,3.0431157224736924e-07,2.6122199845674167e-05,2.717867417178704e-05,0.003285062717977754,0
0.8086830683276914,0.1851013624118564,3.101029483576509e-05,2.576697495044652e-07,2.29114077622638e-05,2.4875705685138856e-05,0.006136514182419434,0
0.8990878176522445,0.09105799430922057,3.730378047829021e-05,3.332189602623818e-07,4.129718412919604e-05,2.8412702569179746e-05,0.009746841152397968,0
0.897335678596907,0.09377646732318454,3.923170681922862e-05,3.431669802916643e-07,4.253008280502985e-05,2.9853972787025605e-05,0.008775895150516997,0
0.8538961693010737,0.1359383274801891,3.873048872787347e-05,3.3371609844708726e-07,4.262031419066809e-05,2.9031788877718263e-05,0.010054786910842396,0
0.8552413315101092,0.13806846861569844,3.662979383571194e-05,4.138153994353474e-07,3.888727250998663e-05,2.6172324775258996e-05,0.006588096667672204,0
0.8721957036531139,0.12037175135643081,3.703840283703929e-05,3.272197247969111e-07,3.443915406216099e-05,2.7144704830229466e-05,0.007333595509000991,0
0.5332490463962611,0.4649962252607989,2.0563262753250997e-05,1.554030037258414e-07,1.2541951300728992e-05,1.5054673343131107e-05,0.0017064130525390555,0
0.6707614220925294,0.32809810793567157,2.1360383794735984e-05,2.0897753689412908e-07,1.2215115746866606e-05,1.6582028948099697e-05,0.001090103465772192,0
0.6736175714661407,0.3252316221974994,2.6979247868190024e-05,1.9810478734326924e-07,1.151884971706845e-05,1.7830298694866598e-05,0.0010942798352925733,0
0.13813153314315021,0.8617886917046624,2.6070825404604498e-05,1.928065827908351e-07,2.8740044747896844e-05,1.9491054403237476e-05,5.280421048738245e-06,1
0.2241664390396558,0.775750213077417,2.7223000458657753e-05,1.7000297241840068e-07,1.8165029915039433e-05,2.037594202134297e-05,1.741390755966768e-05,1
0.2556446628691324,0.7442582832716774,3.4952283805441794e-05,2.4322953806003537e-07,2.588391079574781e-05,2.9800409464138623e-05,6.1740255866324346e-06,1
0.2564851399402121,0.7434111362570349,3.0564764896848755e-05,2.7015660107380625e-07,3.267880693961311e-05,3.3352544672004624e-05,6.8575296435239585e-06,1
0.23286579220763154,0.7670467862223617,2.600858883583856e-05,2.2988535924713478e-07,3.181343192895355e-05,2.3534360731281314e-05,5.835303151518032e-06,1
0.2653187521315326,0.7346022789562591,2.91478371666985e-05,2.3600428647495152e-07,2.0293657689931227e-05,2.330078990795271e-05,5.990623157338861e-06,1
0.8693965752117249,0.13057490160053215,1.1028635040979648e-05,8.230774545665183e-08,3.4135544715045495e-06,7.94370829394839e-06,6.0549821911958805e-06,0
0.5600544040024578,0.4398752033142452,2.9794413647870605e-05,2.0398634177989164e-07,1.4088600505118433e-05,2.0978196850871593e-05,5.327485951267646e-06,0
0.9550498894332858,0.042668496360482526,1.0203566506411635e-05,7.904628868359367e-08,4.215601705154625e-06,5.7890861040570915e-06,0.0022613269056272517,0
0.9286374710716118,0.07020450393086052,1.2045856494803697e-05,9.102985918985559e-08,4.67046670114669e-06,7.316503605948629e-06,0.001133901140866704,0
0.9295225531931159,0.06942282846885325,1.2057337371414732e-05,9.111661952787966e-08,4.621136336686414e-06,7.3234769477911395e-06,0.0010305252707553789,0
0.6353858392253188,0.36431088873900136,1.9378510974618855e-05,1.9617296870448898e-07,1.6955208145090278e-05,1.373750606550281e-05,0.00025300463752590883,0
0.5123561656409849,0.4875169837465955,2.7020605895474867e-05,2.3929848907871827e-07,2.014876354167332e-05,1.6893962886657576e-05,6.254798160682222e-05,0
0.5637818831539153,0.4361451153821164,2.0104150263090263e-05,1.9728126073265515e-07,1.3565855963961297e-05,1.4670380744887961e-05,2.4463795735491313e-05,0
0.6475905515117991,0.35234465672339366,1.6783661213102193e-05,1.7221123662158837e-07,1.2805795118613388e-05,1.367510132874193e-05,2.1354995910007124e-05,0
0.8681858097940756,0.13154362827376742,1.3103420774169557e-05,1.335463762254645e-07,0.0002463359121943241,6.865208610192195e-06,4.1238442019295475e-06,0
0.8515530331502047,0.14814038377482447,1.4850239884657448e-05,1.4070348448236946e-07,0.0002791749918847787,7.743545187672263e-06,4.673594529325391e-06,0
0.6663454149619913,0.33318421561770184,4.8906352903785014e-05,4.133510230383043e-07,0.00014517403983251058,2.4086410056575886e-05,0.00025178926649091217,0
0.5704984206469699,0.4293229965528284,4.828323987691708e-05,3.990645454055385e-07,4.860751775923074e-05,2.438590130924872e-05,5.690707671093123e-05,0
0.6176672123996251,0.3821396292344831,5.6731510970053835e-05,3.7487743975713666e-07,3.727254472379375e-05,2.134560657102818e-05,7.743382618723029e-05,0
0.6794460659701428,0.32028748259034406,5.020600921664037e-05,3.317574285213768e-07,2.0098035473308708e-05,1.908464564319399e-05,0.00017673099175142986,0
0.7773450856659668,0.22244936258392026,2.857724595856252e-05,2.778657458584441e-07,1.919055210956448e-05,1.4664133805550597e-05,0.00014284195249302258,0
0.5850572677599587,0.41449949252187035,2.1607538250185977e-05,2.2173312550868042e-07,1.1729741819714288e-05,1.4115856746419217e-05,0.00039556484822906343,1
0.5838444957560549,0.4156235295289056,2.4766366845894993e-05,2.2553707285413586e-07,1.1705427101692862e-05,1.4086595823059151e-05,0.00048119078819611893,0
0.584749090075135,0.4147829260009788,2.4476993732299313e-05,2.2588651445430305e-07,1.1723563202890296e-05,1.4108421248578005e-05,0.0004174490591879448,1
0.5866555376072149,0.41289536377019964,2.268475683351579e-05,2.2485856748156457e-07,1.1670212513349432e-05,1.4044217730507744e-05,0.0004004745769405755,1
0.8578905609560936,0.14205571249309604,1.5769994507503348e-05,1.5912318022237376e-07,6.116754518442064e-06,8.416020463298489e-06,2.3264658140774632e-05,0
0.8898232337156393,0.11013307274822126,9.084912871537175e-06,1.3308066809985585e-07,4.814235063077735e-06,6.201860902627451e-06,2.34594466341533e-05,0
0.9704113138216959,0.02883832744038467,5.591457613643783e-06,6.861183500508276e-08,3.0035627918672852e-06,4.272014242144368e-06,0.0007374230914367517,0
0.9614553747029176,0.0376619195977085,5.826451885673136e-06,7.915710419189617e-08,3.216115494942855e-06,4.553583895247676e-06,0.0008690303909939393,0
0.9583341254108035,0.04103187817816816,6.461558756851553e-06,1.0174940776886369e-07,3.606488691902147e-06,4.59058259507229e-06,0.0006192360315768144,0
0.9550316343135743,0.04351361772679821,5.410695524202717e-06,7.19796971504239e-08,2.997031833162406e-06,4.405982695616173e-06,0.0014418622698773608,0
0.9557457529052286,0.04287977094705187,4.956185291575265e-06,7.068453854135623e-08,2.943105076951433e-06,4.176994796008155e-06,0.0013623291780164213,0
0.9402557410069761,0.0571337638665486,7.393428042733572e-06,6.871129578103951e-08,3.5239118196423424e-06,3.8268195706023505e-06,0.002595682255746605,0
0.024753231924154823,0.0002712916142735921,2.413169321814149e-06,1.4984299981972925e-08,1.0527426548941026e-06,1.4213668510253625e-06,0.9749705741984438,6
0.15292122173343609,0.030303569237600338,1.973317034212671e-05,1.379833055746548e-07,7.304119591382439e-06,1.1552052435114023e-05,0.8167364817032894,6
0.10825164774819909,0.036645562565298384,1.6366985927488968e-05,1.4694611487375227e-07,8.689895217158474e-06,1.2302424681654259e-05,0.8550652834345613,6
0.2252236599718085,0.6554611043315143,3.7027407886543974e-05,3.283541464242337e-07,2.6051298133545827e-05,2.4626953877162412e-05,0.1192272016826334,1
0.974354847081577,0.022783683061923913,2.5381155668130147e-05,1.5901132926201728e-07,1.0785406141581923e-05,1.5709920262711092e-05,0.002809434363097315,0
0.9756261245069046,0.015660576798789683,3.217759770553058e-05,1.9711298492473524e-07,1.5655773463378315e-05,3.377351428261624e-05,0.008631494695868913,0
0.6947518188483072,0.00928174657691217,5.700825938676092e-05,2.6492218896519046e-07,2.245399471657401e-05,2.542314477441045e-05,0.295861284253714,0
0.8026463679170346,0.19344758183284913,3.2178164933351904e-05,2.8879729971377755e-07,2.392686022015447e-05,2.3564234605165573e-05,0.0038260921930579855,0
0.8123024779387289,0.18481898128143145,3.289620851716567e-05,3.044614051698724e-07,2.7059731344250567e-05,2.7192056049284652e-05,0.0027910883225237804,0
0.873174473515976,0.12027925341154026,3.590185367744437e-05,3.171787598865964e-07,3.338236465958539e-05,2.210132322078063e-05,0.0064545703521660365,0
0.5345576506897904,0.46410708250435323,1.8869320419873372e-05,1.5372235147187822e-07,1.2406312617966767e-05,1.5298939568489436e-05,0.0012885385108985577,0
0.6617038632306289,0.3368760601058556,2.063122316977355e-05,2.0760848971534136e-07,1.3019647300951655e-05,1.8507264408554534e-05,0.001367710920146437,0
0.6744025545611946,0.32409752895195254,0.00010670900494937936,1.997333930022991e-07,1.1613545378320825e-05,1.7976880338581925e-05,0.001363417322793592,0
0.18107883083200305,0.8188589869372006,2.5662084438494722e-05,1.6426461422185704e-07,1.9074048759999535e-05,1.3966101562287644e-05,3.3157314213921786e-06,1
0.3204722941961803,0.6794388969580333,3.243222897881109e-05,2.2204604605898286e-07,2.3904620307429723e-05,2.661363678648584e-05,5.636313667792873e-06,1
0.7063397139716463,0.29360376539230104,2.3182694282722946e-05,1.80335007592286e-07,1.2640615168351373e-05,1.5896238991468297e-05,4.6207526024162046e-06,1
0.6214758646403975,0.37845655203309764,2.9199795026004275e-05,2.1148461131295764e-07,1.3721569944166387e-05,1.9031573066984892e-05,5.4189038564530495e-06,1
0.8775215058153903,0.10142292082271563,1.4315416369985091e-05,1.391754869354939e-07,7.354948292772864e-06,9.206910445085452e-06,0.021024556911299206,0
0.9521895609975878,0.04367273748983356,9.68289627103922e-06,7.880954885485838e-08,4.202976181017884e-06,5.771748069904797e-06,0.004117965082508034,0
0.9493440952162201,0.04918696399502483,9.088160730620833e-06,8.063980253985892e-08,4.3005850717557886e-06,5.905789735252901e-06,0.001449565613414957,0
0.9464450367324994,0.05228865413764512,9.060407769813168e-06,8.039354883179167e-08,4.287452164836094e-06,5.887754936362456e-06,0.0012469931214357229,0
0.9311727861776602,0.06746170374618694,1.183111025494146e-05,8.940703394827653e-08,4.587204447200223e-06,7.1860694073514825e-06,0.0013418162850096884,0
0.8413732656808945,0.15659085802098238,1.8884073061261086e-05,1.704617965458366e-07,9.114192147403955e-06,1.2589952344185253e-05,0.0019951176187736484,0
0.8095545782906034,0.18971105389132276,1.831069233695786e-05,1.652860323951469e-07,8.940308395877568e-06,1.2207681211753513e-05,0.0006947438500969511,0
0.658513739226521,0.3410829944536334,1.9308404558109467e-05,1.954632658862543e-07,1.4397680115216621e-05,1.4071455297950303e-05,0.0003552933166084726,0
0.8943537046221217,0.10517875003570584,9.296916896962273e-06,1.0803117147700828e-07,0.00045072078242686873,4.5335093908270864e-06,2.886102286217193e-06,0
0.7914893232286073,0.20834203420478828,2.368347673550101e-05,2.232307049904443e-07,1.4157425742370581e-05,1.1660873509803246e-05,0.00011891755991166902,0
0.7983205406938195,0.20147841117527876,2.726401280164539e-05,2.6509675786142255e-07,1.8308673241097977e-05,1.399026107621755e-05,0.00014122008702487584,0
0.743524623943198,0.2562430464769654,3.2405760985412094e-05,3.150916277719204e-07,2.1001432674071695e-05,1.6628698785384202e-05,0.00016197859576428262,0
0.71716197623832,0.28258384541913345,2.133731423003776e-05,2.864577266546635e-07,1.3050738900677322e-05,1.5495492990178096e-05,0.0002040083386989285,1
0.5924916420754623,0.40735714763735253,1.7610587567095055e-05,2.350748343854342e-07,1.211973065122385e-05,1.3522892113897153e-05,0.00010772200201853574,1
0.40389193804872425,0.5960072847616009,1.3674091690027088e-05,1.809643517189146e-07,9.329961695136181e-06,9.528521232149563e-06,6.80636507057422e-05,1
0.44753727196605464,0.5520462266880602,1.9447140587442355e-05,2.051019092789789e-07,1.0974690349316148e-05,1.1798672532451266e-05,0.0003740757405065231,1
0.5797447367275055,0.4196997710042954,2.512917432057821e-05,2.2451497210252826e-07,1.1876902250764135e-05,1.4292953190259919e-05,0.0005039687234655647,0
0.5843757177676209,0.41218399591390176,2.501436190467953e-05,2.4795035827941554e-07,1.2868681884310012e-05,1.5486484935998784e-05,0.003386668839394136,1
0.8070198915420305,0.19228294011953492,1.6239344075215996e-05,1.8652843645821156e-07,6.845536205634198e-06,1.042610790793624e-05,0.0006634708218094393,0
0.8481753744829007,0.15174865577718116,1.4111848601543006e-05,1.633896621538412e-07,6.280759678442539e-06,8.641674570961141e-06,4.677206740519244e-05,0
0.9618242112325781,0.03799854455111437,7.353018801295816e-06,8.563312215376158e-08,3.6731799043882873e-06,4.921765042606938e-06,0.00016121061943702916,0
0.9565523338617147,0.04271417339192688,5.356024244513391e-06,7.4421202747576e-08,3.3731396287209658e-06,4.3377228375010206e-06,0.0007203514384448876,0
0.9603906278400963,0.03860226560949885,5.433313624627008e-06,7.228059081767536e-08,3.009560197893708e-06,4.170062451569985e-06,0.000994421333539951,0
0.9513685161945615,0.04708058444957143,5.095908431548857e-06,6.779201379349997e-08,2.726213867208296e-06,3.9022085151079876e-06,0.0015391072330393305,0
0.948455504006354,0.04964465869780228,5.373438707212121e-06,7.148406135059444e-08,2.9763949545903897e-06,4.375644102320721e-06,0.0018870403340184366,0
0.9489704249289641,0.04889515636137018,4.666045297417351e-06,6.286327374769935e-08,2.6174496422919075e-06,3.501118753697131e-06,0.0021235712326987716,0
0.9445793241856265,0.030094255777558115,3.063695933152428e-05,2.6368347261771263e-07,1.9341098689070855e-05,1.4652233436246217e-05,0.025261526061885885,0
0.027765093744749378,0.0002881965857016635,2.3410546274979624e-06,1.6214485040446493e-08,1.1183421189606506e-06,1.4989923957877252e-06,0.9719417350659216,6
0.044739469509472864,0.0005110804850990373,3.0328637498603444e-06,2.4000836814729478e-08,1.9133772462447718e-06,2.5133458945043886e-06,0.9547419664177007,6
0.3148770444976816,0.01918896351139067,1.76986060571657e-05,1.2624852562492908e-07,6.984974407015109e-06,9.135757478751139e-06,0.6659000464044591,6
0.26412031672243574,0.02638043730995546,1.7264595571394264e-05,1.2072190758242784e-07,7.029476739733972e-06,1.1414197204855018e-05,0.7094634169761852,6
0.09509416540860309,0.02797237836854946,1.3767268541927199e-05,1.0877652311307342e-07,5.856568917231555e-06,9.106841537665201e-06,0.8769046167673276,6
0.46237080080842385,0.5216920242013131,1.559597721345426e-05,1.5301710435574916e-07,8.458850480582467e-06,1.625622009054027e-05,0.01589671092537404,1
0.8880191167715262,0.11153441454752024,1.101292881470318e-05,1.1770668302950051e-07,6.119068237331873e-06,9.07391696529852e-06,0.0004201450602534059,0
0.9191359797492313,0.08039721268572446,7.283036834685232e-06,7.784142825366823e-08,3.838948986558101e-06,6.6006179824827946e-06,0.00044900711981206887,0
0.9701765527583133,0.027705050121184262,1.8790089763899802e-05,1.8396861909804435e-07,8.829302046933708e-06,1.42179138692738e-05,0.0020763758462033184,0
0.9897365276376147,0.007809661796167431,3.088844651848047e-05,1.9996381436617863e-07,2.3064608205119827e-05,2.379878476010515e-05,0.002375858762919896,0
0.9258585685115259,0.012341291837342,7.222391732262471e-05,3.3472439796723734e-07,2.4072716640298576e-05,2.922130494746284e-05,0.06167428698782397,0
0.9218110959858201,0.011591687530945957,6.904588156015742e-05,3.19995674481382e-07,2.4810062876642228e-05,3.065401231189658e-05,0.06647238653081068,0
0.8274134450930091,0.16506592367061865,2.9351066842908877e-05,2.6342424639526206e-07,2.063750945739491e-05,2.1493936227585728e-05,0.007448885299598168,0
0.8285800989407052,0.16612230430295874,2.975650997862197e-05,2.6706307673328627e-07,2.09225676020371e-05,2.470594484379223e-05,0.005221944670835159,0
0.8272695239060196,0.17052023815732456,2.816352773736072e-05,2.7593214931524493e-07,2.9801020421285253e-05,2.107521825150918e-05,0.0021309222380964552,0
0.8475455016607757,0.14512980628344632,2.5924057151493456e-05,2.911221274085087e-07,2.448664224253223e-05,2.7994848202235814e-05,0.007245995386054322,0
0.7820221291939162,0.21076713818870044,2.3423426251295605e-05,2.686156029208512e-07,2.3282735789444013e-05,2.736750691729077e-05,0.007136390332822507,0
0.7187471571473693,0.2792853000628485,1.8058310271020975e-05,2.3082895488336047e-07,1.632610799437614e-05,1.9884821192443565e-05,0.0019130427213693386,1
0.5439738819561921,0.4543017927652369,2.084846136724681e-05,1.5252058497283737e-07,1.2309322878100421e-05,1.625251266424358e-05,0.0016747624610763147,0
0.526158922937349,0.4725036324442555,1.9488769177744833e-05,1.5369234637759525e-07,1.4219202678121504e-05,1.529595336563873e-05,0.0012882870008277282,0
0.5682493906341815,0.43071270375738724,1.6727940504596875e-05,1.715962548262197e-07,9.575405878539234e-06,1.3297980689372144e-05,0.0009981326851040285,0
0.276149901378402,0.7237450210898733,3.422051092750688e-05,3.2788906610050306e-07,2.9443646606282846e-05,3.585827953246423e-05,5.2272055922932806e-06,1
0.15283042793492305,0.8471162571887136,2.4340218783021824e-05,1.689564562978361e-07,1.1030252205505618e-05,1.4365011231650987e-05,3.410437687067404e-06,1
0.2409985213440356,0.7589349271857537,2.5972747255251442e-05,1.7782144536182591e-07,1.8200455021076558e-05,1.8066239127094326e-05,4.134207361955027e-06,1
0.2604027062682928,0.7395225749010016,2.927611411334171e-05,2.0043782334807057e-07,2.0515296009129168e-05,1.9639162177821217e-05,5.087820581949428e-06,1
0.3330108710886766,0.6669019004297285,3.4967462316313764e-05,2.2186006636633715e-07,1.9225338113455822e-05,2.718222825315699e-05,5.631592845683245e-06,1
0.36308809942730824,0.6368286055749346,3.339063849277271e-05,2.1185550169492182e-07,1.8358390123959148e-05,2.595647201443469e-05,5.377641624309832e-06,1
0.4211146306001259,0.5788123245494577,2.8345242769969682e-05,1.940646474149451e-07,1.9862986037875506e-05,1.9716510115974495e-05,4.926046845120169e-06,1
0.30338987492128555,0.6965417030659622,2.762359135823466e-05,1.891238879403702e-07,2.0319111712020554e-05,1.5489552891938945e-05,4.8006329021561645e-06,1
0.2825722028715414,0.7173523777193188,2.9031408531899726e-05,2.1381849216162807e-07,1.4707854646032121e-05,1.976887713791647e-05,1.1697450331751622e-05,1
0.6057652964858118,0.3941662391713686,3.115262871042344e-05,2.041844445372707e-07,1.158443603465132e-05,2.0190433853889336e-05,5.332659776375913e-06,0
0.5976508884216355,0.4022799561740224,3.198993370526196e-05,2.2259489055668015e-07,1.0734161278851311e-05,2.039523135930544e-05,5.8134831083164825e-06,0
0.8721034966325075,0.10591085584693657,1.494785210583394e-05,1.4532407173507542e-07,7.547281887749235e-06,9.613659297633016e-06,0.021953393403192828,0
0.8799540642483086,0.10702348136047422,1.5301419513101013e-05,1.621774180531581e-07,8.671245874783922e-06,1.0728562889258428e-05,0.012987590985521998,0
0.9431728755123178,0.05565227643884347,1.0492054748640665e-05,8.643838191964008e-08,4.38387145663371e-06,6.947464696044341e-06,0.001152938219555523,0
0.8520380440185779,0.14527234562803001,1.709223683050718e-05,1.6820162434731628e-07,8.552525936063793e-06,1.2239438035840184e-05,0.0026515579509653834,0
0.596531461561936,0.37834134752815507,1.8918200484192193e-05,2.0878460831437417e-07,1.757951636160719e-05,1.5187424014809131e-05,0.02507529698444,0
0.571905744274226,0.4279847743127037,1.8891725746155866e-05,2.130064693328948e-07,1.793499407354543e-05,1.5037802375526659e-05,5.7403884405726136e-05,0
0.5207071320715311,0.47920204545308626,2.789446903005647e-05,2.2936946223478914e-07,1.836610806917426e-05,1.7771266132656958e-05,2.6561262688567003e-05,0
0.5615649206549241,0.4383721243937887,2.0999137989273813e-05,1.973753224378554e-07,1.5264213726615404e-05,1.529239920993326e-05,1.1201825038859642e-05,0
0.5749931725670284,0.4249427676516854,2.0253081775733328e-05,1.9874271999318343e-07,1.4828348626280769e-05,1.4779058901725914e-05,1.4000549262438476e-05,0
0.5798356874012566,0.42010935888345835,1.6338919569738117e-05,1.750277233120006e-07,1.2211080412363561e-05,1.3898755380812142e-05,1.2329932198805386e-05,0
0.6045065530692311,0.39543048364268363,1.5301560417186783e-05,1.6286300529500335e-07,1.437032424940487e-05,1.2932768754262618e-05,2.019577165924765e-05,0
0.5666172253162889,0.43331988840442615,1.3855087473949815e-05,1.4746739045634415e-07,2.2425020132487873e-05,8.172060618344936e-06,1.8286643669916447e-05,0
0.7475411659000595,0.25234776738221776,1.545976783792259e-05,1.4063779771471877e-07,7.995154631329295e-05,7.279881124015244e-06,8.234884649905103e-06,0
0.8091429614607899,0.1904408087844991,1.3886308534928035e-05,1.263240089510819e-07,0.000391830176446055,6.486124548674416e-06,3.900821172398707e-06,0
0.8903671797908065,0.10917220598110124,9.914536375816987e-06,1.152609697209668e-07,0.00044267191408326893,4.8346827516710935e-06,3.0778339118400147e-06,0
0.7430895633252391,0.25671437723903684,4.3877238530232547e-05,3.708455110167021e-07,4.325293336586649e-05,2.0967197828897165e-05,8.759122048796969e-05,0
0.8964072773626646,0.1034249863297152,2.299084935625837e-05,2.2114744048654589e-07,1.4025303852969567e-05,1.2691225982198712e-05,0.00011780778098826869,0
0.8120882846249933,0.18771427852059058,2.7701574254234277e-05,2.6110363859071484e-07,1.6633084002117946e-05,1.3748185985091398e-05,0.0001390929065362905,0
0.8126262372289118,0.18716331495843996,2.862976282850867e-05,2.7837638426142025e-07,1.855429461410376e-05,1.4691082322879933e-05,0.0001482942964984064,0
0.6836308300223846,0.3160955633723684,1.5907693038004174e-05,2.123437558296076e-07,1.0531017834474132e-05,1.254917920880082e-05,0.0002344063714100719,1
0.6091663184953251,0.3889376340332034,2.2395741038098e-05,2.2982153732472262e-07,1.2157620974513769e-05,1.4630776933645942e-05,0.0018466335109878216,0
0.6142221374745057,0.3837896487342674,2.4193203098657812e-05,2.2677961545345017e-07,1.1996702491522506e-05,1.4437123715299906e-05,0.001937359982305749,0
0.5888607465284347,0.4078048649748667,2.9848301911717272e-05,2.4531608063629956e-07,1.2731962255351025e-05,1.5321953207468748e-05,0.003276240963243534,0
0.6011373645262575,0.3956147201954857,2.2000536234644795e-05,2.6732753399177266e-07,1.2399285981471432e-05,1.4982839664008941e-05,0.003198265288842769,1
0.9735595033371787,0.02600929487408206,6.257867641276869e-06,7.513243082392832e-08,3.1509785914589694e-06,4.04849659555733e-06,0.00041766931347989944,0
0.9748728029987993,0.023826862060976933,8.124929042323919e-06,7.592857812293443e-08,3.3238617225809485e-06,4.469949072488332e-06,0.001284340271808134,0
0.9571632074307989,0.041829842724029634,5.663359559222814e-06,7.869158367255219e-08,3.566694564625848e-06,4.4645841983676725e-06,0.0009931765152655875,0
0.9628688430066793,0.034626850448006875,5.084095852711959e-06,6.861149678101289e-08,2.759168868239895e-06,3.958382509548473e-06,0.002492436286586473,0
0.948159831005168,0.04962918239430883,5.37176358303124e-06,7.146177679758462e-08,2.9754670885753566e-06,4.3744588437175725e-06,0.0021981934492311624,0
0.9569335307955072,0.040343938684375504,4.324722386098859e-06,6.167868798216583e-08,2.4422468780653292e-06,3.644807818549772e-06,0.0027120570643465168,0
0.781397179932172,0.013572353957267067,2.4214267250327034e-05,2.2503683941220962e-07,1.569729956760681e-05,1.366228251543358e-05,0.20497666722438823,0
0.03436820611748035,0.00036355497294370974,2.9471659385697345e-06,1.7696252710492576e-08,1.4107691033558402e-06,1.8909527972603165e-06,0.9652619723254839,6
0.05664533288999353,0.000621280584532583,4.469595679023302e-06,3.225186952254381e-08,2.378789458159158e-06,3.1770267568901557e-06,0.9427233288617102,6
0.2420384537055162,0.0225061821222741,1.0513653899940758e-05,9.541556741157182e-08,5.53274468661939e-06,8.15850069169328e-06,0.735431063857364,6
0.12567557093407516,0.23272984158270654,2.582353980133847e-05,1.8912917617165914e-07,1.1004335898117036e-05,1.8522989397345428e-05,0.6415390474889453,6
0.18874664266709743,0.44128853792067796,3.944022985160549e-05,3.2509051731641543e-07,1.6920784698993223e-05,2.959925715280827e-05,0.369878534050004,6
0.23156272520680019,0.7336611992702252,4.172458012763497e-05,4.28341024985552e-07,2.806323423498904e-05,4.2699306794992154e-05,0.034663160060792196,1
0.4766371012689347,0.5067008142797297,1.566957306264828e-05,1.550281118291612e-07,8.570019827333258e-06,1.2971473955971895e-05,0.016624718356377834,1
0.982449784454306,0.014367447662339414,1.1512153397900542e-05,1.1271233879497264e-07,6.014750337867759e-06,8.710911311114822e-06,0.003156417355968695,0
0.9880989589589771,0.010332834597899038,1.3033443238081404e-05,8.165369462473556e-08,5.162120594829823e-06,8.312196714476833e-06,0.0015416170288820137,0
0.9891875318068948,0.007805329863733189,3.087131304115339e-05,1.998528966650366e-07,2.351943621924657e-05,2.4638092479584358e-05,0.0029279096347351614,0
0.9156714670162515,0.009562191000662716,6.622853567937543e-05,3.0776959045716703e-07,2.4196634564860653e-05,2.9221910409770067e-05,0.07464638713284125,0
0.8276145749352383,0.16409212463445022,2.8352840258390823e-05,2.5446521648450045e-07,1.993561131470475e-05,2.3540519640640164e-05,0.00822121699388123,0
0.8193012403397575,0.17769910471332856,2.9349206396724845e-05,2.875488354039537e-07,2.6040754081847754e-05,2.4158029824515055e-05,0.002919819407775334,0
0.8607571444771784,0.13486030502001384,2.9049850431086567e-05,2.6780400807873085e-07,2.8185780971522537e-05,2.2762288769598853e-05,0.004302284778627261,0
0.8659309654408489,0.127597861133552,2.7237605046079346e-05,2.6734355303177335e-07,2.993049449497991e-05,1.8628757734785574e-05,0.006395109224770008,0
0.877206943217594,0.11835947959107074,2.571346931375048e-05,2.40319558104947e-07,2.858451821538879e-05,1.758634760862173e-05,0.0043614525366396165,0
0.7494104280334353,0.24852697212654898,1.827480339752979e-05,2.0490374668324721e-07,1.7830245641433125e-05,2.304312548614558e-05,0.0020032467617441783,1
0.6690663057955413,0.32940617265390754,2.1691985488457576e-05,2.1003324085205787e-07,1.586521096180374e-05,2.1540002620409898e-05,0.0014682143182397842,1
0.6147234451989179,0.38361271578104084,2.7860626677253328e-05,1.790980558412394e-07,1.4454283640352492e-05,1.9816764545043605e-05,0.0016015282471225664,1
0.5547626955006295,0.44378061418048637,1.8504531896169034e-05,1.595327013862587e-07,1.403240229432793e-05,1.5877204156304737e-05,0.0014081166478359624,0
0.537202935556791,0.46137315202756435,1.923809633617278e-05,1.6585696386484232e-07,1.3663607906056183e-05,1.65066149644839e-05,0.0013743382394740431,0
0.6601680013737271,0.3383985197025458,3.8766027250880705e-05,1.92241563745339e-07,1.4152909344735345e-05,1.862341058905504e-05,0.0013617443349789133,0
0.6594404361713474,0.33912656106214434,3.8723303561753766e-05,1.9202969605114431e-07,1.5240978529988056e-05,1.860288589614955e-05,0.0013602435688245304,0
0.6769209356332272,0.321666183759934,2.363501593316314e-05,1.9167610670218673e-07,1.2460952762612597e-05,1.839350620732251e-05,0.0013581994558291147,0
0.3938618047088908,0.6060680700492074,2.7837975104876738e-05,1.8844801321817386e-07,1.9143902320596784e-05,1.887810382179423e-05,4.076812641013068e-06,1
0.33751507552800164,0.6624113209072822,2.788668230556012e-05,1.9092513029857188e-07,2.169809793665694e-05,1.8981504542274476e-05,4.846354801297042e-06,1
0.28188806212730266,0.7180334061927814,2.595750331284033e-05,2.1299715590978924e-07,2.0335614295329198e-05,1.7554340974988507e-05,1.4471224176706498e-05,1
0.511116988589525,0.488806382508874,2.5902645034216832e-05,2.1340950498975308e-07,1.0977996249110008e-05,1.988036769252351e-05,1.9654483120001146e-05,0
0.5945020749054676,0.40542783038539276,3.089883226218263e-05,2.1500270207182155e-07,1.2340176948692654e-05,2.1183168530314856e-05,5.457528696448422e-06,0
0.6621405392724551,0.3378043721147982,2.4520233604778112e-05,1.9506039257428873e-07,9.416166967986028e-06,1.5862783736939762e-05,5.09436804455069e-06,1
0.629349478020184,0.3705768672842224,3.0333668102893815e-05,2.315008104243941e-07,1.612309710905539e-05,1.998581143213691e-05,6.980618139036895e-06,1
0.8812272434077446,0.10717833042768643,1.5323558678343133e-05,1.6241206769816293e-07,8.683792040524461e-06,1.0744085725320296e-05,0.011559512316057025,0
0.9471686552605588,0.04976126087332078,8.97638649729754e-06,7.96480229739599e-08,4.102050775951174e-06,5.746954949683376e-06,0.003051178825874502,0
0.9422610969008186,0.056219838735371466,9.788298097861295e-06,8.685216395362864e-08,4.631895267402718e-06,6.266765387098252e-06,0.0014982905528939346,0
0.8798351695972304,0.11672120212161162,1.650132780877981e-05,1.623865950868612e-07,8.548788106681126e-06,1.1993534826604662e-05,0.0034064222438207085,0
0.855413160057175,0.14121736589582456,1.715994305919864e-05,1.6886790915001733e-07,8.889994722591366e-06,1.2287921227298802e-05,0.0033309673200820405,0
0.8633734843804046,0.13375741228653648,1.6891485291748476e-05,1.662260646096248e-07,8.750915698398959e-06,1.2095683532342362e-05,0.002831199022471759,0
0.7859465867403286,0.2126715808911557,2.079244426107617e-05,2.1305749939757213e-07,1.569365838929187e-05,1.687138799384295e-05,0.0013282618203721145,0
0.5971110509219868,0.4027785434699795,1.8936581388500635e-05,2.0898746322701288e-07,1.7596596601786557e-05,1.4754069117304185e-05,5.890937346297345e-05,0
0.5395238830168593,0.4604242353739311,1.3336732651323188e-05,1.481988714339761e-07,1.2369366383196071e-05,7.649960583442872e-06,1.837735072011842e-05,0
0.6994752142546403,0.3002645651914521,4.69509498098791e-05,3.9682417486157754e-07,7.301338139633163e-05,2.2436002945811177e-05,0.00011742339558078024,0
0.7568136669498954,0.24298592071711703,4.029124003162425e-05,3.4053705291250256e-07,2.454170005834398e-05,1.8204358954967913e-05,0.0001170344968897794,0
0.8600804818930609,0.1397620035313835,3.2183962748004006e-05,3.0335278784697183e-07,2.3393896393733818e-05,1.764103968273171e-05,8.399232394342339e-05,0
0.4829463734497108,0.5165090705725716,1.4644525494703167e-05,1.954823706026114e-07,1.0078465799881341e-05,1.1245299883923988e-05,0.0005083922041686545,1
0.6640360743343274,0.33410116350545876,2.2911193032141535e-05,2.4793183306963167e-07,1.1955394054920418e-05,1.3895773648966687e-05,0.0018137518676447314,1
0.9670922937843195,0.03258685866117615,6.641154610104033e-06,7.973420307637602e-08,3.490457376364476e-06,4.544094406007593e-06,0.0003060921139089743,0
0.9752253269357319,0.022738161130187593,6.144764756369133e-06,7.583466176491165e-08,3.319750424894711e-06,4.420107873391458e-06,0.002022551476363959,0
0.9657265959785851,0.03152414192443225,5.203783454527873e-06,6.881513272816907e-08,2.7673579617913908e-06,4.001843846058454e-06,0.002737220296587599,0
0.9581461940881559,0.03930712052142971,5.06636940196054e-06,6.837227266842624e-08,2.7495486186469134e-06,4.299747205482605e-06,0.0025345013529157324,0
0.9588638554664861,0.039336561959975994,5.143375901789977e-06,6.842348420560662e-08,2.7516080589114776e-06,4.302967760472018e-06,0.0017873161983325808,0
0.9517818732399278,0.0450597531125431,6.119835049421558e-06,7.45372954985597e-08,2.9513999597952883e-06,4.562537036775364e-06,0.003144665338187669,0
0.8893483339205817,0.037228322338784745,1.7611358683441358e-05,2.5117115046957784e-07,1.495727344499295e-05,1.3585583379227563e-05,0.07337693835397517,0
0.9251607765611242,0.02192074335834474,3.000712842308039e-05,2.582626996453254e-07,1.894348671897218e-05,1.5678827274657484e-05,0.05285359237541481,0
0.04004797674880705,0.0004466476115768772,3.359441150649987e-06,2.0090234315736254e-08,1.6194689405182695e-06,2.1902726377323178e-06,0.9594981863666528,6
0.017017317960129456,0.0001966376986824555,1.594344546243381e-06,8.844774581667532e-09,7.12975144828275e-07,1.027603825293424e-06,0.9827827005728971,6
0.03421597176022228,0.00036361233839238613,2.8146566447808456e-06,1.7699045007537527e-08,1.4109917090375545e-06,1.891251171271714e-06,0.9654142813028151,6
0.06742278697315594,0.006262882173972175,4.463122602192248e-06,4.371057972242094e-08,2.1973552899435492e-06,2.3401876354868167e-06,0.9263052864767646,6
0.46809163972244666,0.5170571949732352,1.6887887468816733e-05,1.5819670777187817e-07,8.745181156033544e-06,1.3166705031119429e-05,0.014812207333954296,1
0.9493592760813623,0.04913280674052122,7.5225197678988474e-06,8.040103271357501e-08,3.965182422503383e-06,6.817661420728132e-06,0.0014895314134726373,0
0.9653648609711842,0.03386134973202728,7.196557018366829e-06,7.691712805168657e-08,3.793364759710288e-06,6.522241304776793e-06,0.0007562002165775927,0
0.9721357229181012,0.012042624838839144,4.2937522795573866e-05,6.335925649224814e-08,1.545241531030515e-05,2.4142645653024812e-05,0.015739056300044362,0
0.9023069707438849,0.009959481310068886,7.512637511975871e-05,8.651374232176399e-08,2.344008967140864e-05,3.353430402053764e-05,0.08760136066349233,0
0.8142017875859473,0.1819755538593028,3.005551489970111e-05,2.9446889261849554e-07,2.617162303067485e-05,2.6299604800107053e-05,0.003739837343126677,0
0.8378213356415445,0.15863321885533543,2.454407076592296e-05,2.4718523312623623e-07,2.1519601066645432e-05,2.4857921627576315e-05,0.003474276724426985,0
0.6763767665136334,0.32170999073125345,2.159429357532313e-05,2.416745044556656e-07,1.6419660252371968e-05,2.1665921311009674e-05,0.0018533212054700659,1
0.6713688487812457,0.3271862818649823,2.1592874606619376e-05,2.0532401070893783e-07,1.5331065190937127e-05,2.2081408066498314e-05,0.0013856586818972265,1
0.6033313856990483,0.39434557239246965,2.1857934350815425e-05,1.6797955351958993e-07,1.4775382424581123e-05,1.5096022416565153e-05,0.002271144589736553,0
0.548048587279805,0.4504544525164959,1.87747840994333e-05,1.6944149340121074e-07,1.4903973794066904e-05,1.6863358796680596e-05,0.001446248645515594,0
0.7208014755279442,0.27764609835084403,2.834689760347992e-05,2.3285805816980086e-07,1.6576709699483756e-05,2.1429143544444087e-05,0.0014858405123061263,0
0.18311717891086748,0.8167900926836362,3.235668083612157e-05,2.2460234151406033e-07,3.6473788087492374e-05,1.913966735111705e-05,4.533666880138901e-06,1
0.17588311996073927,0.8240624471339686,2.6368546025104182e-05,1.830359921512132e-07,7.807521020321459e-06,1.6379164834819368e-05,3.694637419607539e-06,1
0.37850389994681644,0.6214261377685099,3.0137028584593215e-05,1.9121213605319771e-07,1.563545060043018e-05,1.9861982729564058e-05,4.1366106230808955e-06,1
0.1569687513673401,0.8429640982012837,2.593955423880107e-05,1.7759419061271843e-07,2.018307456367838e-05,1.6721284513468623e-05,4.1289238695456184e-06,1
0.3413306609049609,0.6586041646687416,2.683853766538782e-05,1.8712475356865063e-07,1.7087961390328577e-05,1.6310914684313488e-05,4.7498878040872514e-06,1
0.6807552318612468,0.3191742913531725,3.263092961114494e-05,2.2812464717958637e-07,1.2411326439266122e-05,1.9694342206387157e-05,5.512062676743437e-06,1
0.6452135850984128,0.35470435097416286,3.30630052086619e-05,2.5351918093399676e-07,2.073505452593329e-05,2.1886690311312846e-05,6.125658197576367e-06,1
0.24213532763044301,0.7576908003546181,2.6153947573632452e-05,2.452350703867069e-07,0.0001255950548657955,1.7297465425288937e-05,4.580312003793236e-06,1
0.9492424250337491,0.04451530374331902,8.854399423864067e-06,7.856562425702862e-08,4.189967487407278e-06,5.668855124583716e-06,0.006223479435271754,0
0.9468770640751132,0.047650421838238685,9.06461771137557e-06,8.043090389915434e-08,4.142370889203968e-06,5.803443249581667e-06,0.0054534232238940645,0
0.9513796546814324,0.04667630970066036,8.785250695543783e-06,7.79520633877933e-08,4.157245796235692e-06,5.70894869899837e-06,0.0019253062206531213,0
0.6711915048312341,0.3282640474457931,2.330152936150122e-05,2.387677713867586e-07,1.8603969504213928e-05,1.9061301017402674e-05,0.0004832421553182677,0
0.5883944875981074,0.4115141119707768,2.0182278622073114e-05,2.0680521065114152e-07,1.655933972674732e-05,1.602301544544578e-05,3.842899211065453e-05,0
0.5953724276159009,0.404573621682564,1.4815423089990297e-05,1.5870754258120198e-07,1.2716704529158112e-05,8.930050396793151e-06,1.7329815976551785e-05,0
0.4483086591708711,0.5516328527831635,1.4863163958476378e-05,1.5322405865861997e-07,2.800564078985813e-05,8.491072444370456e-06,6.974944713919183e-06,0
0.7176603904477209,0.28220405755605815,1.6541790123417113e-05,1.5048097472135644e-07,0.00010642355235792015,7.789396770984614e-06,4.646775993814235e-06,0
0.8709491865773076,0.12866999398204748,1.1388713779490361e-05,1.0183362421651174e-07,0.00036110978451333247,5.0745381849604175e-06,3.1445705428782677e-06,0
0.8793629061859961,0.12054547794259955,1.4008766743044234e-05,1.3707092187346538e-07,6.617253058552544e-05,6.9315512656482694e-06,4.365951888437075e-06,0
0.8615547171188206,0.13828431886081993,3.662512873586948e-05,3.08199673005036e-07,2.1922705244339715e-05,1.67736571355869e-05,8.533432957060774e-05,0
0.8211676407016322,0.17862467342073288,2.9181353112026012e-05,2.7347989476620215e-07,1.6812986419403544e-05,1.573217789097568e-05,0.00014568588031780354,0
0.8382072382160727,0.16159289709547414,2.0485811189355543e-05,2.7991578804658184e-07,1.3882198440696584e-05,1.6102408463357714e-05,0.00014911435457177068,0
0.8383083210376927,0.16150404877849855,1.930362549317696e-05,2.705395619933108e-07,1.3417192048578831e-05,1.556303259317842e-05,0.0001390757941118033,0
0.5885824145802089,0.40845678591114487,2.0754074850675796e-05,2.188856689780468e-07,1.1579110605408491e-05,1.3934583477547595e-05,0.0029143128540437594,0
0.8988179268514207,0.09226479034624971,5.115231111597212e-05,3.779843132469974e-07,1.9537295066758847e-05,2.425349178448215e-05,0.008821961720049317,1
0.9058030440742145,0.09153700091098331,3.796276409690053e-05,3.149866744117312e-07,1.5543816503820007e-05,1.946218165794575e-05,0.002586671265869134,1
0.8667933645422057,0.13199103329348308,1.5196491185671755e-05,1.75553051998343e-07,6.7483249300102515e-06,9.284995912901055e-06,0.0011841967992307913,0
0.953920949602413,0.04530922341590396,9.730373477664246e-06,1.117522593095984e-07,3.647280636972287e-06,4.977836357808075e-06,0.0007513597389510651,0
0.974354338555093,0.022995746803181182,6.608042260363282e-06,7.933665370829683e-08,3.3272994712320686e-06,4.284786085166702e-06,0.002635615177255208,0
0.9767034671028002,0.020580802128390443,5.962345999921142e-06,7.358336895822262e-08,3.2211974666875986e-06,4.055164094457879e-06,0.002702418477879299,0
0.9546491716929933,0.043339987730929355,6.120718672372823e-06,8.363280197949377e-08,3.7906551923764994e-06,4.413651617875886e-06,0.0019964319177925567,0
0.9624283491862443,0.03554193122157538,5.301495949915555e-06,7.36635397717405e-08,3.3387985684498236e-06,4.179317028733968e-06,0.002016826317093346,0
0.9465116537478362,0.05101953496913045,5.362425897253169e-06,7.133755546755692e-08,2.8247021431426912e-06,4.366854763325656e-06,0.002456185962674285,0
0.9460351070624862,0.05145253362107548,6.0828840819127745e-06,7.408724657372468e-08,2.9335796945203073e-06,4.511227969178135e-06,0.0024987575374460554,0
0.9555267055225314,0.041733268374439504,6.14391383942758e-06,7.483056612945624e-08,2.9630123871371677e-06,4.580488561663865e-06,0.002726263857674895,0
0.756221597508037,0.014444170380054753,1.6911875011804087e-05,2.1100598074030472e-07,1.1949522161798946e-05,1.2809926987096073e-05,0.22929234978176702,0
0.02285625041905371,0.00026318129028258543,1.7789335744724348e-06,1.3682898483237145e-08,9.833573615040295e-07,1.2905896369487623e-06,0.9768765017271923,6
0.031562880471488974,0.00031728198988903883,2.6397654642844127e-06,1.547661253348007e-08,1.2610388788928617e-06,1.6902588735635274e-06,0.9681142309987928,6
0.3347246102803383,0.07941428860163716,1.1967697741914358e-05,1.2436666803976473e-07,6.704236937548876e-06,1.1834452942811645e-05,0.5858304703637344,6
0.327214287970135,0.09198177247872716,1.3994756506192642e-05,1.4930212243751588e-07,8.176210794365503e-06,1.2162904783746094e-05,0.580769456376931,6
0.11777077725754272,0.07773128611660665,9.638544683431081e-06,9.853353300724573e-08,5.329829613788292e-06,9.803970492390094e-06,0.804473065747528,6
0.5019827246897544,0.4755592274386962,1.7883072715655716e-05,1.6612628400049262e-07,8.578306790581044e-06,1.5362325047616406e-05,0.02241605804071158,1
0.9360046445189484,0.023780630378150525,1.5957106333894784e-05,1.3675615631016117e-07,6.7444793787906255e-06,1.0763285759079951e-05,0.040181123475273056,0
0.9835302139905494,0.0137989292055749,6.901674140301781e-06,6.757239997306336e-08,2.6529464886490916e-06,5.433297203953478e-06,0.0026558013136427985,0
0.9905842756705192,0.0070107287451715945,6.184928932612296e-06,6.055494408218693e-08,2.4212990653174666e-06,4.6799556551565e-06,0.0023916488457116926,0
0.84522042508632,0.02766406208272782,4.190647255100138e-05,2.2837179532839896e-07,1.6597230967778747e-05,2.5476600449528526e-05,0.12703130415518865,0
0.7561043591932581,0.023187712982161466,4.5851372564503586e-05,2.0943636192891973e-07,1.5054441924049128e-05,2.2273529845506003e-05,0.22062453904388432,0
0.9758979611911603,0.007959589921695872,3.597482594576504e-05,5.72442451638855e-08,1.396105161848777e-05,2.181255909837973e-05,0.016070643206236013,0
0.9674630252507999,0.011063044281398765,4.2694792905768687e-05,2.0998399651810742e-07,1.7608793093908057e-05,2.588706599593135e-05,0.021387529831809405,0
0.8725876463725342,0.10783027691173055,2.821267831038922e-05,2.532072705391886e-07,2.097098691942715e-05,2.342414734566962e-05,0.019509215695889225,0
0.8421711631620824,0.15155946137423704,2.4657097738866613e-05,2.5403144348066134e-07,2.1376598594465753e-05,2.3942890391543958e-05,0.006199144845512084,0
0.8936888958135256,0.09872208209275951,3.5911660555062284e-05,3.3815777660991416e-07,3.829911884016057e-05,2.897617673221803e-05,0.007485496979810748,0
0.8436936677517441,0.14942859909203055,3.5696833798447094e-05,3.06469920248735e-07,3.2255282915524316e-05,2.5423392583252992e-05,0.006784051177007563,0
0.8854875677765214,0.10984182635850377,3.208668588689118e-05,2.6202152563060485e-07,3.148638170195186e-05,1.7772100807731654e-05,0.004588998675052786,0
0.6359015270534375,0.3634419986547398,2.246086750672836e-05,2.255948091185733e-07,1.7715994603211337e-05,2.020468311611465e-05,0.0005958671517877255,1
0.6302467338510264,0.3683995870342338,2.3503323621210167e-05,1.7484920214994352e-07,1.3964968950037172e-05,1.863183827141059e-05,0.0012974041346949308,0
0.6559474812673403,0.34182312545880483,3.5368314795327586e-05,2.426333618827699e-07,1.9257281218261255e-05,2.3982471516568857e-05,0.002150542572962718,0
0.6629017881765241,0.3355132893086647,3.886792382960851e-05,2.523899322354564e-07,1.5820936628719612e-05,2.1068331863224603e-05,0.0015089129325573727,0
0.2508908231662354,0.74905618586472,2.6314216228770653e-05,1.8523681455932838e-07,6.78023244866072e-06,1.597222186004449e-05,3.73906169227308e-06,1
0.16729153065694105,0.8326501097127539,2.6643336093192253e-05,1.8494343417315535e-07,1.2073955428410325e-05,1.5724255629712253e-05,3.7331397195496033e-06,1
0.23147608215694798,0.7684448406720874,3.4121536910668785e-05,2.0863529452321685e-07,1.9775743606727896e-05,2.0759887994207418e-05,4.211367158648789e-06,1
0.2080790195178947,0.7918483334775522,2.821555701389449e-05,1.931767587229443e-07,2.1953989101914195e-05,1.779307547756268e-05,4.491206200950464e-06,1
0.44019772827902615,0.5597336994168289,2.587722735379175e-05,1.9749009858018423e-07,1.8071109369453944e-05,1.9413480417082352e-05,5.012996905991172e-06,1
0.6797372095748923,0.3202010825912659,2.7208791006831847e-05,1.9972834358598608e-07,9.551242593814844e-06,1.9678260420416714e-05,5.06981147730184e-06,0
0.7336960899920463,0.2662546566409617,2.2380019228804607e-05,1.5572642246747552e-07,7.42176863194287e-06,1.5342965553286806e-05,3.952887155472099e-06,0
0.585934162007757,0.41399331104706444,3.41163841922785e-05,2.411460658538473e-07,1.0980620903713933e-05,2.1067654320574722e-05,6.121139696157785e-06,0
0.2785343764399523,0.721297110838823,2.4701925052571706e-05,2.2904256924531468e-07,0.00012312855099107104,1.609289387695226e-05,4.3603087348166254e-06,1
0.764778629514544,0.022346647932224108,3.2084655573952945e-05,2.4951177798981406e-07,1.816536697222041e-05,1.7962422833653655e-05,0.2128062605960741,0
0.8838024014114754,0.10127277888880788,1.486067957621095e-05,1.575060824991892e-07,8.519491522446587e-06,1.0575824411253016e-05,0.014890706198124186,0
0.9468713743625594,0.04858658124786811,8.806509752612933e-06,7.814069629329006e-08,4.167305739735938e-06,5.638194704233248e-06,0.004523354238679535,0
0.8934939524239643,0.10054965680323018,1.7511554506192196e-05,1.5891238948631464e-07,8.463253729443777e-06,1.1736937255588093e-05,0.005918520114924641,0
0.8713306879747891,0.12720432841413626,1.901560981759616e-05,1.9485050561570045e-07,1.4633365502753872e-05,1.5429630453441894e-05,0.0014157101547954323,0
0.8096662310165674,0.18820854631682707,2.2623563910788934e-05,2.3182074669870342e-07,1.633106896941296e-05,1.8357193591566115e-05,0.0020676790193870104,0
0.6630665696726127,0.33639260904145396,2.211843938243606e-05,2.2664480068947412e-07,1.7055942392836905e-05,1.644911252597532e-05,0.00048497114683150627,0
0.5903187780831021,0.40958952256901177,2.0248282922821242e-05,2.0748154822311267e-07,1.661349553640497e-05,1.6075417255477102e-05,3.855467062298787e-05,0
0.5323148401042188,0.4676278995169306,2.0989123652651884e-05,1.972811955779451e-07,1.5256934333784831e-05,1.1627250359292526e-05,9.18978930931114e-06,0
0.5204941908726355,0.47944808908351927,1.5598265583892693e-05,1.6709360133097406e-07,1.5083868193694496e-05,8.62529823310392e-06,1.8245518233284454e-05,0
0.8710392775257458,0.128683303600992,1.1389891827580535e-05,1.0184415788245914e-07,0.0002577071783645652,5.075063094983889e-06,3.1448958171273337e-06,0
0.8152877819165696,0.1845570246150555,1.4633678903607972e-05,1.4659473569721626e-07,0.00012861119361495257,7.275230212190689e-06,4.526770908539919e-06,0
0.7797192653781884,0.22000409545726507,4.1041759774337705e-05,3.4688036180882073e-07,2.499884732904308e-05,1.8543458242764025e-05,0.00019170821883857312,0
0.8556873466465093,0.14415172958506745,1.6548116825373226e-05,2.248196730066028e-07,1.1100324376786383e-05,1.3286486128124132e-05,0.00011976402142003248,0
0.8575285586279646,0.1422728685117748,2.0458310132980162e-05,2.7794284043921913e-07,1.3784351690466297e-05,1.598891287072872e-05,0.0001480633427259263,0
0.8547070696348129,0.14464752747181112,1.9766614658666918e-05,2.770283371761683e-07,1.2950000948014043e-05,1.5936305244751338e-05,0.0005964729441871908,0
0.8369901861486373,0.161993028283837,2.0178864141477822e-05,2.8280599767580096e-07,1.4025536063372422e-05,1.6268670382055458e-05,0.000966029690941232,0
0.8129455671296005,0.18425912743962003,2.0890723283267438e-05,2.746816939707565e-07,1.3622617753501506e-05,1.5801312475408097e-05,0.002744716095573408,0
0.6067611801361591,0.39030094436356094,1.566890047180247e-05,2.091562345309302e-07,1.1245901328887006e-05,1.2031901253509904e-05,0.002898719640991362,1
0.5082407771343432,0.4894231606589642,1.8262190388166918e-05,2.1341063843674892e-07,1.1274914931803943e-05,1.227663967979759e-05,0.0022940350510542735,1
0.9240671882572623,0.06761796162922884,3.382846607674006e-05,2.892877461321068e-07,1.3676527673785501e-05,1.8287940574865772e-05,0.008248767891437407,1
0.8620130367992985,0.13709702222167386,1.4814018750472982e-05,1.7113465024467429e-07,6.280588989716423e-06,8.755564414782813e-06,0.0008599196722223756,0
0.8694921806296217,0.12933977201655053,1.4601998777243871e-05,1.6868535106565912e-07,6.4843279394234815e-06,8.92176340645851e-06,0.001137870578353498,0
0.8634769249338256,0.13521545973422044,1.4468441696241558e-05,1.9362682840790653e-07,6.439468547424369e-06,8.860041530928375e-06,0.0012776537533508087,0
0.9628507471938339,0.03651054866903387,6.403922331311011e-06,8.722670470052144e-08,3.6708051946577915e-06,4.699545118021899e-06,0.000623842637783502,0
0.9631303964387746,0.036280863845562145,6.289454902097804e-06,8.404809374547988e-08,3.605191089420987e-06,4.2933020646840595e-06,0.0005744677195131245,0
0.972592605167891,0.02632626276384647,6.269720003802277e-06,9.960288530977779e-08,3.593878808691868e-06,4.923702503337887e-06,0.0010662451640614716,0
0.9725984296360173,0.026075205800853894,6.678965995563711e-06,8.018816942166397e-08,3.5103302805560896e-06,5.068916463165415e-06,0.00131102616221984,0
0.8988349292279093,0.05033540935044511,2.2101233562066007e-05,2.691847351431653e-07,1.3665021094218701e-05,1.6390190268501865e-05,0.0507772357919857,0
0.2470101078119718,0.053131301791163724,1.588169352403033e-05,1.2001706361125672e-07,9.031771816004004e-06,7.28833605694704e-06,0.6998262685784039,0
0.25129203475466566,0.06714872852417056,1.054843484398215e-05,1.046659352271509e-07,5.642229064371183e-06,9.959775434082074e-06,0.6815329816158862,6
0.28120868020147616,0.46660296645051236,2.486727839830306e-05,2.4983229258645783e-07,1.421627710776962e-05,2.7098221096906124e-05,0.25212192173911585,6
0.48804257793943395,0.48041419577069167,2.5470153493016686e-05,2.5588915432432547e-07,1.473039566390893e-05,2.8218998186153874e-05,0.03147455085337707,1
0.48804420230673257,0.47718780859520615,1.7795121707239096e-05,1.6669519344460398e-07,8.58548335642727e-06,1.5414934253051185e-05,0.034726026863551085,1
0.758084819339503,0.14969575718323927,2.15633857727401e-05,1.9907937599516746e-07,9.959867795435479e-06,1.6687862523960462e-05,0.09217101328178974,0
0.9404282075782425,0.008773956367142675,1.2430054056907203e-05,9.23932128091432e-08,6.1090289349698845e-06,1.0530165869283255e-05,0.05076867441254078,0
0.7522781419838289,0.005608634854209027,5.426266519906701e-05,7.457105650630269e-08,1.955925715273579e-05,3.062437616114151e-05,0.24200870229239257,0
0.8194599475984754,0.17773352689701033,2.9354891646378365e-05,2.8760453663467014e-07,2.5155776195417408e-05,2.1966734919224438e-05,0.002729760497216666,0
0.8954944946686167,0.09746971201923478,3.548889606672981e-05,3.1353044177943235e-07,3.2998387228400954e-05,2.6648856023638197e-05,0.006940343642387981,0
0.850131487005557,0.14327473348231504,3.3516372886464425e-05,2.938486769653836e-07,3.0926924907274265e-05,2.4376389919432142e-05,0.006504665975738132,0
0.8770810360352741,0.11868418023305281,2.9399951821698906e-05,3.283794761849078e-07,2.9311733651482492e-05,1.8033759852869883e-05,0.004157709906870885,0
0.6189645632355534,0.38035063181147816,2.1963821154537704e-05,2.5498438302266124e-07,1.5520329468940994e-05,2.1732692707078145e-05,0.0006253331252547598,1
0.5438795326991668,0.4547297425223296,1.933727189863264e-05,1.764953267287474e-07,1.3930857310452166e-05,1.6692457002522605e-05,0.001340587696965357,1
0.543508887226491,0.4544198512500465,1.901390506936487e-05,1.7645617734116336e-07,1.392136364709075e-05,1.6051793012626634e-05,0.0020220980055559315,1
0.5291323711793868,0.4686676128300636,1.7470863139775213e-05,1.6323268254916865e-07,1.3438213665073728e-05,1.511123982990194e-05,0.002153832441232255,1
0.49945318807579536,0.4989996238830312,2.280673816427843e-05,2.0499781759264716e-07,1.6888104882142384e-05,2.0402037784309273e-05,0.0014868861625250088,0
0.6229343985445618,0.3751926096895837,3.359697092933664e-05,2.6965031121884896e-07,1.9195878229779066e-05,2.5520619698666073e-05,0.0017944086466854929,0
0.28161915744516935,0.7183043188843931,3.2325334906555416e-05,2.2755160235808136e-07,2.047758120562521e-05,1.8900004111705353e-05,4.593198611283349e-06,1
0.18578490630141908,0.8141588316804232,2.5758636609081846e-05,1.8083625827579115e-07,1.1805820152653592e-05,1.4866490018422079e-05,3.6502351193069603e-06,1
0.23038327469285033,0.7695461009209148,2.75636471468035e-05,2.0893429029259422e-07,1.995326493119833e-05,1.8681137387046217e-05,4.21740247959776e-06,1
0.4427115004953947,0.5572171102943699,2.836250726066931e-05,2.164572841715216e-07,1.5989313141468443e-05,2.1326481416442364e-05,5.494451132650183e-06,1
0.44270111060487116,0.557229092781383,2.771166939606349e-05,2.1149021284338387e-07,1.7346359258722407e-05,1.9158725576426173e-05,5.368369301820158e-06,1
0.4426179621638983,0.5573063278112885,3.0304098938919723e-05,2.312751441647003e-07,1.6517656969421804e-05,2.278641295436908e-05,5.87058080615407e-06,1
0.4816702241189403,0.5182593703826233,2.818088087708796e-05,2.1507114600811493e-07,1.5360368389837073e-05,2.1189911977831604e-05,5.459266045527384e-06,1
0.6684318153363423,0.33149862444504774,3.141911949121371e-05,2.1862300587961476e-07,1.0833191883625796e-05,2.1539859422812597e-05,5.549424806267046e-06,0
0.6714396568237593,0.32849277485952977,3.0464195819265254e-05,2.1197838034816558e-07,1.0626184944165444e-05,2.0885196848355735e-05,5.380760718952813e-06,0
0.5126872127824131,0.48724578647693234,2.9375933843816754e-05,2.2870562116358293e-07,1.1259369026235668e-05,2.0331374935107706e-05,5.80535722812621e-06,1
0.298264826476636,0.7015443584762988,2.7773657034209415e-05,2.791354598476418e-07,0.00013950235372808822,1.8319752302555248e-05,4.94014854062704e-06,1
0.8469759463633514,0.028921610756679306,3.553306861586956e-05,2.7632894818971435e-07,2.0117754718251257e-05,1.9938348213098487e-05,0.12402657737947406,0
0.9291603336402503,0.0641597713344588,1.1425162641848746e-05,9.348407206707444e-08,4.84200798101854e-06,6.745286707971131e-06,0.006656789083887766,0
0.9478123742200655,0.04680951420604928,9.656396797085536e-06,7.901150490238787e-08,4.2137466583231495e-06,5.7010273730104475e-06,0.005358461391552018,0
0.8542112851163194,0.13829565046071127,1.8600324858693976e-05,1.8179459338722694e-07,1.006380573025225e-05,1.2026302746062547e-05,0.007452192195041142,0
0.858225971807171,0.13466266856316667,1.8500148222707185e-05,1.8081549377770556e-07,1.0126098546515506e-05,1.2140946449079962e-05,0.007070411620950281,0
0.8502376956532358,0.14782684714968952,2.3975364501377825e-05,2.2654697735966408e-07,1.5869335319654323e-05,1.793957952512608e-05,0.0018774463707512022,0
0.7405966090535615,0.2576483171260365,2.85619089655733e-05,2.6988595495182837e-07,1.9314494196716083e-05,2.1545526843206408e-05,0.001685382004441458,0
0.7242517358472713,0.2743587624551203,2.651139459051318e-05,2.505103231996723e-07,1.885191995716052e-05,1.9998732034655983e-05,0.001323889140702693,0
0.5544757310312479,0.4454747494440998,1.636169364767275e-05,1.6788157604669086e-07,1.3321013158923416e-05,1.0140997219732502e-05,9.527939049802697e-06,0
0.8240245936849618,0.17588778803044672,1.6012352912911793e-05,1.4317647812803273e-07,5.9906817266790164e-05,7.134721080967337e-06,4.421216852669615e-06,0
0.7693097396705718,0.2305730589394574,2.0271159238461484e-05,2.1496724352934136e-07,7.940875082996324e-05,1.066843346944085e-05,6.638079189334198e-06,0
0.8671620782490099,0.13279952770452066,1.3458416627974882e-05,1.348213966888782e-07,1.39466514570396e-05,6.690940802039307e-06,4.16321618561043e-06,0
0.8336626566782912,0.16603586691567687,3.9158197332237485e-05,3.309607027835329e-07,2.3414282243510305e-05,1.769242842131462e-05,0.00022088053733202662,0
0.9056305376527891,0.09421038351342194,1.584555068538714e-05,2.2095304638564432e-07,1.2170186902343097e-05,1.313791813636268e-05,0.00011770422501848655,0
0.8500294679267031,0.14873303462030502,2.061531697544092e-05,2.8007590653697016e-07,1.4320965546183844e-05,1.611161942409973e-05,0.0011861694751398035,0
0.8271420815130283,0.17156590301807095,2.1269342330576862e-05,2.9808900716779457e-07,1.5242019401560468e-05,1.7147839303204343e-05,0.0012380581788584383,0
0.8308481246123122,0.1678876914377525,2.081334763763461e-05,2.9169825924619424e-07,1.478332221920391e-05,1.678020575835107e-05,0.00121151537606093,0
0.6127045696273741,0.384512960598218,1.5436537873501685e-05,2.060545436245469e-07,1.149850537232855e-05,1.1853473683381723e-05,0.0027434752029351275,1
0.6751318666405665,0.3216469227630681,1.5262820266504287e-05,2.03735675072367e-07,1.1867136791666258e-05,1.1720078676045369e-05,0.0031821568249561106,1
0.5957469053706265,0.40041246856712465,1.864696543586681e-05,2.2862036783580764e-07,1.20784756463321e-05,1.3151593097430563e-05,0.003796520407701489,1
0.7594454617007534,0.23328668286691978,2.8057934939291235e-05,2.3882625576025436e-07,1.2855071640205093e-05,1.5470106037040757e-05,0.007211233493454373,1
0.9765365856036361,0.021212732824665508,6.324791755786781e-06,7.560431311416112e-08,3.4267640840554884e-06,4.406681745271261e-06,0.0022364477298004166,0
0.9557579299718063,0.03941052335939491,5.809603418594607e-06,7.938175862906508e-08,3.225243097875821e-06,4.189306338067134e-06,0.004818243134185547,0
0.9604214506982579,0.036531727259389364,5.600426775516691e-06,7.238592175820328e-08,2.4814909524152017e-06,4.164065511564763e-06,0.003034503673191765,0
0.9601772341729842,0.03714103989216237,6.203830536538876e-06,7.236751542390319e-08,2.7675670114115465e-06,4.1206227661024425e-06,0.002668561547024181,0
0.9078371801823185,0.045147665235190974,2.3166101907992578e-05,2.8215443218996625e-07,1.3833969106718859e-05,1.71798925605313e-05,0.046960692464483006,0
0.8774664037912329,0.037558518030519204,2.3041556606305936e-05,2.806375171293794e-07,1.4246415530815816e-05,1.708753024120829e-05,0.08492042203835273,0
0.7495762745694613,0.020012756915126877,1.486467011522453e-05,2.1199819737372673e-07,1.2005712581657112e-05,1.3331447981142165e-05,0.23037055468653647,0
0.02421169332746938,0.000273535852172967,2.2787454950973913e-06,3.09531927933774e-09,1.0046298477373763e-06,1.346575861543398e-06,0.9755101377738341,6
0.04438276820772186,0.0004816168130148698,3.61297127024109e-06,5.8977189266148214e-09,1.9141884673398123e-06,2.565721086597024e-06,0.9551275162007202,6
0.04506563196566662,0.0004300686413210378,3.866136267592442e-06,2.2008721224397748e-08,1.8138971116597763e-06,2.5444648802177718e-06,0.9544960528860316,6
0.06943774506483961,0.0005245704962127571,4.6911808332737605e-06,2.5699281889142503e-08,2.2012805725956224e-06,3.352297664820274e-06,0.930027413980595,6
0.20035654633362662,0.009522200801163196,8.154966217291928e-06,7.95837111220304e-08,5.7555493301851125e-06,6.004982744529426e-06,0.7901012577832072,6
0.17985560185118127,0.025752167602225016,9.23804767184539e-06,7.9311900580035e-08,5.905550812015708e-06,6.912114923414455e-06,0.7943700955212859,6
0.2025857159476563,0.1197682654295423,9.725445987279548e-06,1.0912225040872774e-07,6.116093820267396e-06,1.1710312977338297e-05,0.677618357647766,6
0.46421713905129275,0.48903714726237063,1.8237003121504992e-05,1.708345024666189e-07,8.498011357336598e-06,1.1604823318563964e-05,0.046707203014036545,1
0.8807094893560181,0.05050092635280885,1.7485732257177304e-05,1.610378021385938e-07,8.000259829140027e-06,1.295598851846082e-05,0.0687509812727662,0
0.9275964299156414,0.031511838632262985,1.5855047795943147e-05,1.35881490623485e-07,5.693724938946437e-06,1.0694445883908219e-05,0.040859352351985984,0
0.3184861637518053,0.00488572721024622,1.8003723587168587e-05,9.981428877811383e-08,7.428570429619044e-06,1.0615236626683802e-05,0.6765919616930163,6
0.48609865819670917,0.00864118796369358,3.578719732738907e-05,4.8769808707394614e-08,1.2036434722387357e-05,1.611630117210078e-05,0.5051961651365667,0
0.5271730628192846,0.011158156476113101,4.27193808207369e-05,1.7993948275148857e-07,1.543977184940603e-05,1.923812029464927e-05,0.4615912034921547,0
0.9722403640934179,0.009998550910183751,3.7895541354636766e-05,1.835037522822112e-07,2.0857461743820836e-05,1.9777368478037895e-05,0.01768237112106982,0
0.9880815386949909,0.0036314547090742447,3.607218663481941e-05,1.9781105155612488e-07,1.4369021519201632e-05,2.3572332337381357e-05,0.008212795244391793,0
0.469921394489593,0.004904641599619688,5.015844337535037e-05,5.686592387149674e-08,1.6079782948091383e-05,2.335334277105708e-05,0.525084315475769,0
0.8681637562296093,0.043646991950788125,3.3969641308629824e-05,2.717944772773756e-07,2.1293023173476055e-05,2.0918583640674356e-05,0.08811279877700262,0
0.8318483205617418,0.1602715767143981,3.161828159772912e-05,2.761667096002989e-07,2.163579960828674e-05,2.367172437629871e-05,0.007802900751568272,0
0.7846091272324712,0.21245085531780672,2.3033915754671967e-05,2.547336972071675e-07,2.1089429622025812e-05,1.997743036112646e-05,0.002875661940286824,0
0.7855862973331712,0.21121511063311793,2.4918718688688112e-05,2.5325200953938174e-07,2.1335125222932018e-05,1.9326371295334957e-05,0.0031327585664944844,0
0.8300872348811366,0.16395118573827053,2.4721074398078697e-05,2.735457847121354e-07,2.372083143206944e-05,2.7869811261525863e-05,0.005884994117716475,0
0.7040814015678419,0.29509615483559876,1.892910370654799e-05,2.319283687047136e-07,2.0053350660840116e-05,2.3909796775453532e-05,0.0007593194170478018,1
0.4031017260811614,0.5964695462256694,1.5679262748565086e-05,1.4425963153340283e-07,1.052452933590435e-05,1.412265650959582e-05,0.00038825698494349343,1
0.5445318243190914,0.4537009282729195,1.8457118044944106e-05,1.6196792578812319e-07,1.424660319600507e-05,1.823518614800808e-05,0.0017161465326742441,1
0.5352435947512395,0.4625246811319574,1.767264317905429e-05,1.651179412700966e-07,1.4523676699382854e-05,1.807584872617476e-05,0.00218128683025729,1
0.5666707366568581,0.4316628393087762,2.948677688259834e-05,2.022848939089724e-07,1.6156220490373425e-05,2.0316461997863384e-05,0.0016002622901010897,0
0.5825044833611297,0.41623933241984035,2.6059413001537604e-05,2.39590974731366e-07,1.8390351595992194e-05,1.840406552293303e-05,0.001193090797934787,0
0.6136702823872339,0.3851616762727851,2.7453672533512156e-05,2.52409836010957e-07,2.0700161617714168e-05,2.164595645687274e-05,0.001097989139536976,0
0.5791756090960418,0.41971035124290196,2.8534159730818597e-05,2.3528573659758143e-07,1.5015682932098194e-05,2.0177441932545734e-05,0.0010500770907242447,1
0.5362178658310911,0.46264912708630795,2.4950452373070918e-05,2.293951595801435e-07,1.4190992520989312e-05,1.9381573078103543e-05,0.0010742546694691665,1
0.28277746592101644,0.7171533597565083,2.673051533161188e-05,1.8300947623369372e-07,1.955479109117579e-05,1.874684917579976e-05,3.959157400459926e-06,1
0.3010117865691283,0.6989173911531384,2.769697808900785e-05,1.896263274554596e-07,1.940871325526824e-05,1.9424656218505857e-05,4.102303843046015e-06,1
0.5379157460824866,0.4620237789676573,2.4454426135728907e-05,1.8663154913152916e-07,1.3106959811242e-05,1.8387897083294668e-05,4.33903527677814e-06,1
0.4733682804301296,0.5265612458334418,2.8208194180422584e-05,2.1527959596661922e-07,1.5375255873411236e-05,2.121044953646963e-05,5.464557242425602e-06,1
0.4519873768881556,0.5479335786257803,3.219528384047473e-05,2.457083091840866e-07,1.6158105982145582e-05,2.4208442371140657e-05,6.236945561177304e-06,1
0.4981603154326024,0.501767891750843,2.8003289471939646e-05,2.2966134210966422e-07,1.5102836034045228e-05,2.2627412901918682e-05,5.82961680458164e-06,1
0.5610266853823508,0.43889778394209006,2.9449255487291254e-05,2.421132046988741e-07,1.822067313860292e-05,2.193283738708921e-05,5.6857963413233455e-06,1
0.660530110227591,0.339394212991332,2.9135568301213625e-05,2.3953426650035146e-07,1.707630202598817e-05,2.3600144031526165e-05,5.625232451832493e-06,1
0.667090426934972,0.3328340400423901,2.9424939750820416e-05,2.419132960497706e-07,1.635052969256259e-05,2.3834538220056457e-05,5.681101678481288e-06,1
0.6786523622831825,0.32127991538336276,2.7485045218026774e-05,2.259647067105535e-07,1.2441557742313504e-05,2.2263201429691083e-05,5.306564358110959e-06,1
0.5991157305628225,0.4004862242399565,2.2961720674295067e-05,2.2603561988568163e-07,0.00034695066292890074,2.2555305715370215e-05,5.351472282615638e-06,1
0.8161651367804525,0.016532323518467743,4.004826965853923e-05,2.6665628474463656e-07,1.9413549560105206e-05,1.9196660680402216e-05,0.1672236145648958,0
0.8402263578236762,0.13145039236663153,1.8270339362096976e-05,1.7856940352450829e-07,9.547686862094335e-06,1.1812945962563659e-05,0.028283440268101992,0
0.9538637407614228,0.041993044808021886,9.648649610329385e-06,7.894811512075144e-08,4.184834335989464e-06,5.7818962002943645e-06,0.00412352010229347,0
0.87110741629734,0.12339580537732812,1.700420249227612e-05,1.6619452087217267e-07,8.571980546641307e-06,1.115921393616955e-05,0.005459876733835814,0
0.866060415582864,0.12869457752074695,1.8980582787965023e-05,1.7224340441117166e-07,9.173228339634776e-06,1.2721538180866041e-05,0.005203959303676291,0
0.8665113097653137,0.12876157935488328,1.899046458628372e-05,1.723330789276568e-07,9.178004167300147e-06,1.2728161353400377e-05,0.0046860419166172345,0
0.7969926884471349,0.20082933455368768,3.0106730418210022e-05,3.2065141976511625e-07,2.1079468479704065e-05,2.271085483706928e-05,0.0021037592940227386,0
0.7664006988880342,0.2322200637485983,2.627857132083647e-05,2.798796510407005e-07,1.777042682567411e-05,1.982310301726121e-05,0.0013150853825527854,0
0.7033646605157755,0.29613742759235,2.751732348804297e-05,2.568597027966379e-07,1.659534831490128e-05,1.819266363448624e-05,0.0004353496967342415,0
0.6024785489014233,0.39747244077387966,1.6632268208250046e-05,1.7065784631833956e-07,1.2213195691965385e-05,1.0308699654800096e-05,9.685503295725018e-06,0
0.8867591977035834,0.11321012419822815,1.1460829439313731e-05,1.5541563293622346e-07,9.249025259660893e-06,6.031677564149383e-06,3.781150292522407e-06,0
0.9026453718209642,0.09732630965122076,1.2276906097941013e-05,1.3539968725923794e-07,6.767453947302799e-06,5.779454022293074e-06,3.3593140603695274e-06,0
0.8268628398790729,0.1728468857401472,3.91701377656889e-05,3.3106162199115344e-07,2.3858828160538906e-05,1.7697823339327983e-05,0.0002092165298922032,0
0.9114706615232648,0.08598054723936942,1.3339354237415167e-05,1.532185584431726e-07,5.655039485063328e-06,8.564234248459154e-06,0.0025210793908363996,0
0.8982991298906705,0.09777342460011816,1.6195750475017525e-05,1.8709670479549301e-07,7.192067257857252e-06,9.895539380083262e-06,0.0038939750553930847,0
0.8876124705074169,0.10850684293947055,1.5967167771784734e-05,1.8487089972750643e-07,7.106506479171508e-06,9.777816613523982e-06,0.0038476501913481454,0
0.9760963738511103,0.021667428746516025,6.492019021883204e-06,8.842665429642179e-08,3.721303275779641e-06,4.764195241910531e-06,0.0022211314581795302,0
0.9583064242515655,0.03646687430478265,5.2863133620328705e-06,7.345257985082385e-08,3.215472021557968e-06,3.867581985162786e-06,0.005214258623703236,0
0.9626533250683535,0.033635994848439585,4.85733663761207e-06,6.807538443273825e-08,2.9800790448045494e-06,4.023147257694534e-06,0.0036987514448821816,0
0.9590384024848525,0.035807502813673814,5.4278815719792915e-06,7.136850575480576e-08,2.517757952895698e-06,4.217765505193682e-06,0.005141859927937823,0
0.9511881688755521,0.04445230281478873,5.1651402552495e-06,6.79138513143223e-08,2.6379398286083414e-06,4.0136009065751495e-06,0.004347643714817471,0
0.9078249192416841,0.03425272254491121,2.383874661747064e-05,2.903469924585062e-07,1.4235648516041793e-05,1.7678723304095284e-05,0.057866314747975024,0
0.5338603969330915,0.03978688425174263,3.1810547396995376e-05,2.6248435975985705e-07,1.9449410355359488e-05,1.59400185778499e-05,0.42628525635447584,0
0.027598063289957366,0.0002991476185674381,1.8653351467746281e-06,1.34556764577703e-08,1.1507431694810817e-06,1.3393335827603354e-06,0.9720984202238997,6
0.026791857569601223,0.00030898804227057984,1.926695114407088e-06,1.3898299261157274e-08,1.1885967229053667e-06,1.3559106816522237e-06,0.97289466928731,6
0.025168299657080416,0.00028656045858547384,2.4458157421987386e-06,3.4792132879608906e-09,1.1292281022711973e-06,1.5135836428904874e-06,0.9745400477776335,6
0.283057433102247,0.010689190172037762,1.1049328798518531e-05,9.619988857752712e-08,7.743182663549019e-06,7.581601233026451e-06,0.7062269064131316,6
0.16537581774762078,0.034942715114746434,8.259983025404897e-06,9.661759650186364e-08,5.3457351214299625e-06,6.636283334403264e-06,0.799661128518555,6
0.36914965535745253,0.11207257701259811,2.0174373756637507e-05,1.7320412088015038e-07,1.2896749784429229e-05,1.6056981863901263e-05,0.5187284663204235,6
0.44478075730993155,0.4956360999073586,1.7261958176848143e-05,1.8264571960172328e-07,8.612681530834783e-06,1.2338615644121184e-05,0.05954474688163832,1
0.7982407503174681,0.007408395378214502,5.0706063988153736e-05,8.121678113125233e-08,2.9895161233900035e-05,2.988674118337323e-05,0.19424028512113092,0
0.5247116585958383,0.00433421521353349,3.489013621969509e-05,5.58841356263933e-08,1.4657860980990745e-05,2.295014810093606e-05,0.4708815721611909,0
0.7846948523700783,0.21247406735826704,2.3036432403445434e-05,2.547615290032661e-07,2.1091733819356244e-05,1.9441566960276042e-05,0.002767255776942359,0
0.7739216424302033,0.218982397661463,2.307714028466972e-05,2.661715175539307e-07,2.048632124991712e-05,2.567292383745686e-05,0.007026457351444134,0
0.8129829426406465,0.18023712573901024,2.424188753456885e-05,2.1460981136556287e-07,2.21658127598567e-05,2.7515257006712167e-05,0.006705794053230666,0
0.6391630603435295,0.3602522481637282,1.7196304101734167e-05,2.089455050587286e-07,1.6391242971489793e-05,2.003658553763821e-05,0.0005308584146261906,1
0.3972810388024036,0.6020619021559279,1.4955042564344083e-05,1.4561217536570353e-07,1.1987596443568186e-05,1.4255067162213716e-05,0.0006157157233230632,1
0.4363562466602183,0.5611857940463587,2.092778689436354e-05,1.8030917840127798e-07,1.3742837284301155e-05,1.8882856185241848e-05,0.002404225503880768,1
0.5669219697917931,0.43147095003885383,2.8390684365391476e-05,1.9476549090875977e-07,1.846682974927698e-05,1.925109474593477e-05,0.0015407767950016483,0
0.5362992578833689,0.46238139626267954,3.057274775637686e-05,1.9348051065380915e-07,1.8708842075527652e-05,1.7902375510711734e-05,0.0012519684080982397,0
0.5206435672824056,0.4783121464772687,2.7144230901517293e-05,2.0647841448471084e-07,1.6933320103331274e-05,1.770700714304238e-05,0.0009822952037633445,0
0.4432980240275754,0.5558405142983263,2.0941159367165747e-05,1.9253360712645664e-07,1.2526858084481293e-05,1.6267144360596636e-05,0.0008115339786791742,1
0.4029421393929226,0.5968514064818774,7.906363100523698e-05,5.221961951127794e-07,7.844715550497195e-05,3.815489363330869e-05,1.0266248861185541e-05,1
0.20464012923496586,0.7952986082445944,2.7549604302050427e-05,1.9351098028866517e-07,1.4887524943296788e-05,1.4727848542288475e-05,3.9040316718819955e-06,1
0.6300955186758213,0.3698284933676234,2.8740155993801287e-05,2.399840637207614e-07,1.772756062988601e-05,2.3644460359798296e-05,5.635795508041364e-06,1
0.6899674802209611,0.3099708854866917,2.3818324301949076e-05,1.988861249825347e-07,1.335115135077671e-05,1.9595280725536802e-05,4.670649844035261e-06,1
0.6509730170855087,0.3489590108357654,2.9377539445561043e-05,2.236572425784228e-07,1.108264802812602e-05,2.2035858232989055e-05,5.2523757766309795e-06,1
0.6004616621908749,0.3993914363052759,2.2653962286349764e-05,2.3245213106468454e-07,9.605289061829935e-05,2.3195586974322664e-05,4.766611839227692e-06,1
0.6163339145691067,0.383318246439535,2.43410320722037e-05,2.2309728041525066e-07,0.0002964379795855493,2.226209907349391e-05,4.5747833468169685e-06,1
0.592362767944245,0.4020270651399087,2.5334613859763238e-05,2.3398610872072404e-07,0.005556451591381392,2.334865725152064e-05,4.798067244789683e-06,1
0.9456518820678936,0.04758876606296689,9.817149696637957e-06,8.032683284281516e-08,3.925813857825768e-06,5.795934065423476e-06,0.0067397326446865385,0
0.947058130729292,0.04677226445878234,9.648712497295168e-06,7.894862968057208e-08,3.995450108866118e-06,5.696490649389011e-06,0.006150185210040334,0
0.9582294236411589,0.037710459686281464,9.595509230743846e-06,7.851330476132164e-08,4.161786169240928e-06,5.7500521421912605e-06,0.004040530811712774,0
0.8544281948789841,0.1378284968914783,1.6678620534063948e-05,1.6301237001421424e-07,8.31112492545602e-06,1.0783797673060229e-05,0.007707371674034976,0
0.8653859614080675,0.12859435518807733,1.8965801448151912e-05,1.939906406049628e-07,9.23193896830724e-06,1.2711631141609267e-05,0.005978580041656594,0
0.8547758808871934,0.1425393168220018,2.4873009894920584e-05,2.649097336658664e-07,1.6749702883856595e-05,1.8611243178952823e-05,0.002624303425113385,0
0.7728603270728404,0.2257485827097134,2.6500060941353262e-05,2.822386239446127e-07,1.7920205329459023e-05,2.0218098714870352e-05,0.0013261696138366162,0
0.7031009709761379,0.29651696762086954,2.2358560159628513e-05,2.4712571984634616e-07,1.5966449208530764e-05,1.3466364709989329e-05,0.000330022903194526,0
0.873919727137768,0.12604828380135544,1.2203680114977738e-05,1.294149705189582e-07,9.237067596601263e-06,6.4226297005232265e-06,3.996268494148223e-06,0
0.9105981163929401,0.0893757452834049,1.0645516794833151e-05,1.1289129419834188e-07,6.291300109791732e-06,5.602589686040686e-06,3.4860257701203353e-06,0
0.8233022750098277,0.17641845403069742,2.757857337724857e-05,3.379024116661225e-07,1.937128540224248e-05,1.8443587180931125e-05,0.0002135396111026181,0
0.8559688358163524,0.1437582348509346,2.70546915192789e-05,3.3148362629914215e-07,1.8339556569707275e-05,1.7720382757862514e-05,0.00020948321823978616,0
0.8409153480850154,0.15876840900063507,2.7046899256406767e-05,3.313881527450603e-07,1.8252081272749067e-05,1.771527895246352e-05,0.00025289726671499463,0
0.7697810175283687,0.22161036053805777,2.2452094702916578e-05,2.2186752619521398e-07,1.1244287635440544e-05,1.2763129784431889e-05,0.008561940553924546,1
0.9325850373130972,0.05305292487318867,5.0327005899653285e-05,3.71885812150885e-07,1.9078916556414688e-05,2.3862179391220038e-05,0.014268397826054798,0
0.9696287447004872,0.027000538918891304,6.331890556170492e-06,8.470043030089589e-08,3.4911624842733087e-06,4.322269452809495e-06,0.003356486357697938,0
0.9731232103826786,0.023689970412821115,6.3547101913895e-06,8.655639476006099e-08,3.6425962049920584e-06,4.663430583842625e-06,0.0031720719111252966,0
0.9669326922496331,0.028199786717077135,5.946180434148295e-06,8.248374378387008e-08,3.7385741510567233e-06,4.669089176190239e-06,0.00485308470578496,0
0.9554145898401268,0.03777721633878934,5.507732156541454e-06,7.609190676654323e-08,2.9859343318529607e-06,4.377255645568342e-06,0.006795246807043191,0
0.9617442505380612,0.03360423094608607,4.852749647771261e-06,6.801109794816887e-08,2.556830288738954e-06,4.019348028409863e-06,0.004640021576789863,0
0.8676847345528315,0.04374373972427845,2.1439011848953265e-05,2.5008549339227244e-07,1.2261636164190906e-05,1.4386393827462753e-05,0.0885231885955562,0
0.79937081694735,0.012450807894726083,1.9655534685583204e-05,2.39397040150614e-07,1.2152864469865993e-05,1.4576469336932866e-05,0.18813175089239123,0
0.5224018188242058,0.031337622007799756,4.876318644178896e-05,2.75674836828692e-07,2.265865791925439e-05,1.6247571575051102e-05,0.4461726140772216,0
0.9099152298088423,0.0642281387147368,2.12573348985004e-05,1.7540465026894726e-07,9.22932044655229e-06,1.0651885645629547e-05,0.025815317530780115,0
0.02018788167020157,0.0002218034728699428,1.3746840562002e-06,9.976732498958457e-09,8.532203351461063e-07,9.733247147103275e-07,0.9795871036510899,6
0.027176660698699503,0.0003042382861319746,1.9914189264798056e-06,1.4369752432637456e-08,1.1369701055224785e-06,1.2715397277635295e-06,0.9725146867166564,6
0.02446244419622213,0.00031418967604833665,2.5922832779141454e-06,4.241400016016483e-09,1.3102263503950945e-06,1.4138564513160248e-06,0.97521804552025,6
0.3305830563366449,0.007051343770819959,1.0674824160134686e-05,9.535370844501783e-08,7.31906004626296e-06,8.005287610090668e-06,0.66233950536701,6
0.0935305553187526,0.0070139224768216765,4.055545127167797e-06,3.9577764425130935e-08,3.0370968963724834e-06,2.6234583309169638e-06,0.8994457665263069,6
0.24742670633077501,0.04656753078721416,9.94202507354337e-06,9.702348609895364e-08,6.026316866307149e-06,8.800008439687887e-06,0.7059808975081452,6
0.4902579764409272,0.2541740391690891,2.897080307223727e-05,2.6239001017701294e-07,1.8574992788575808e-05,1.9102328004637202e-05,0.255501073876108,6
0.7427940058948085,0.1258103530349171,2.657427326083641e-05,2.3209776716840666e-07,1.2790512803234849e-05,1.9370812775660197e-05,0.13133667337366747,0
0.8446572658765916,0.059124763430853364,2.4050318042509316e-05,2.0701748114450271e-07,1.033029616781962e-05,1.5942746562554714e-05,0.09616744031430084,0
0.868812753052436,0.015669419125646723,1.687020482807554e-05,1.3593017842460172e-07,6.9289659574110805e-06,1.0698277819014759e-05,0.11548319444313446,0
0.2174284266760789,0.004528747812896286,1.8805293122972008e-05,2.5627336499802335e-08,6.334902084895557e-06,8.643472153771594e-06,0.7780090162163267,6
0.2801846725238703,0.003880157411141964,2.3918113811320076e-05,3.267639662699101e-08,8.666160418051064e-06,1.1848142097552992e-05,0.715890704972264,6
0.7235155472056328,0.00937653641506278,6.157568292456517e-05,7.330848128833851e-08,2.6984187718366758e-05,2.7355172110438174e-05,0.2669919280280697,6
0.26736935820791435,0.002877464380457702,2.018785873847048e-05,2.7743383949257676e-08,7.276817660545684e-06,1.172059565061243e-05,0.7297139643961944,6
0.4050667194100099,0.004802363690395763,3.081609933323083e-05,4.166509056264203e-08,1.0282983592748042e-05,1.735841798271526e-05,0.5900724177335952,6
0.7966220745934598,0.19845375274736346,2.0910506407564633e-05,2.3261218510476088e-07,2.589313814249289e-05,1.4675838653795857e-05,0.004862460563787999,1
0.5426099265353564,0.4565143090622235,2.160079374054683e-05,1.7648041000444582e-07,1.3050084603067204e-05,1.9618259352494603e-05,0.0008213187843139074,1
0.4593288051063726,0.5399101032441823,1.8068020984669034e-05,1.662377939310113e-07,1.0158666230401566e-05,1.830359016494229e-05,0.0007143951342710563,1
0.4581558144022649,0.5410626749273593,2.025777176239828e-05,1.8188776411538387e-07,1.4984255311746079e-05,1.7222744803515715e-05,0.0007288640107340933,1
0.5024878090079293,0.4965313727342212,2.2320784570748707e-05,2.0041086682645097e-07,1.5274951376419464e-05,1.7090405626325406e-05,0.0009259317054091461,1
0.48050635068241176,0.5171217777305709,2.30452401803249e-05,1.9855268710202874e-07,1.5133324301058437e-05,2.079340535508956e-05,0.0023127010644936642,1
0.47746683952526797,0.5207625637127843,2.2899464240948315e-05,2.2804626246638013e-07,1.494314270446804e-05,1.9896369739310536e-05,0.0017126297390005407,0
0.507564672958439,0.4908971890293942,2.7585487577486104e-05,1.9000961194437324e-07,1.8015897673303434e-05,1.910401121420481e-05,0.001473242606089876,0
0.4689939274603298,0.5298395667536706,2.349223383310466e-05,1.6919878825991958e-07,1.6042704495549672e-05,1.4510011420754868e-05,0.0011122916374619247,0
0.5205299134820107,0.4782166397887198,2.5652416197336402e-05,1.877914093496375e-07,1.8158727247466906e-05,1.567594910857942e-05,0.0011937718453066425,1
0.41635247491995725,0.5826955380760322,2.0710523693047298e-05,1.7377317286169344e-07,1.2052604607682603e-05,1.3654699625034782e-05,0.000905395402911901,1
0.46342352275576015,0.5356131080115155,2.0732106479999118e-05,1.9061156901286962e-07,1.5632078159589625e-05,1.6346311174853194e-05,0.0009104681253407738,1
0.45656965348218065,0.5424194082880558,2.048378820882585e-05,1.883285238563843e-07,1.3800254216399642e-05,1.4868377021606384e-05,0.0009615974817928955,1
0.5170087818171418,0.4828095247063829,6.87221979135342e-05,4.897815216170478e-07,6.253837260661504e-05,4.031414008701287e-05,9.62898434647688e-06,1
0.46396165101491255,0.5358507919216994,6.946278916254427e-05,4.950596983903343e-07,6.321232327882816e-05,4.4654139243601014e-05,9.732752004677043e-06,1
0.4134013276810116,0.5865044623619623,4.1224966283067175e-05,2.722809496979005e-07,2.532586346622701e-05,2.2033869771531887e-05,5.352976555401527e-06,1
0.40821438424240364,0.5916931178051402,3.774644832579624e-05,2.6838063981822717e-07,2.7717793064036966e-05,2.1489033004785662e-05,5.276297421705762e-06,1
0.23251639733782292,0.7674211513462528,2.861971043169212e-05,1.7863166871707278e-07,1.3117121038093041e-05,1.6480177258068112e-05,4.0556755276917615e-06,1
0.45632373469347587,0.5436003811128995,3.0272600278771996e-05,2.488082540755832e-07,1.6361962490954516e-05,2.3649099716268256e-05,5.3517228845287895e-06,1
0.6531157688870627,0.3468186438406491,2.6863150713431698e-05,2.27604986366664e-07,1.331964383053448e-05,2.0207763353025205e-05,4.969109404747227e-06,1
0.6119331885050049,0.3879880144931909,3.874218934974323e-05,2.486636166399837e-07,1.4084814790041417e-05,2.0292469171919365e-05,5.428864875893505e-06,1
0.6439300662812406,0.35598549926963163,3.297376537215976e-05,2.8635321651352255e-07,1.8569277083581358e-05,2.635334305151365e-05,6.251710403939423e-06,1
0.5677969954601771,0.43212607516333584,3.065476453390472e-05,2.7533872926431475e-07,1.7518711702985937e-05,2.2469321209627874e-05,6.011240311204571e-06,1
0.6358572097723896,0.36407162685927014,3.0327346316527904e-05,2.483579096917125e-07,1.2417172684559052e-05,2.274830079803536e-05,5.4221906316425295e-06,1
0.5736764502723029,0.42624602600239136,2.680420460366729e-05,2.4057452885952806e-07,1.9792149118767196e-05,2.589214842802686e-05,4.794648626627126e-06,1
0.6087781425522404,0.3911367752909524,2.305544101329477e-05,2.3344887246662637e-07,3.514044662980111e-05,2.3148193755146726e-05,3.5046265364642715e-06,1
0.6332983405947316,0.3665780879611222,2.0294747820392513e-05,2.6629190694982264e-07,7.803106082740068e-05,2.1694765469708472e-05,3.2845781218072046e-06,1
0.6367462502493746,0.3629977610583053,2.009653130392974e-05,2.6369106388318515e-07,0.00021179896055627397,2.0577011378860707e-05,3.2524980171852458e-06,1
0.7260841902429022,0.014382707121054716,3.360146037757357e-05,2.409647948139032e-07,1.7510173345508165e-05,1.7347123119168423e-05,0.25946440291440614,0
0.8443307504272856,0.11870860420739197,1.9346951394586703e-05,1.8909192117778376e-07,8.992283792808882e-06,1.2509044678104281e-05,0.03691960799353565,0
0.9561867284927099,0.03970709815629829,9.67214740536077e-06,7.914038105454965e-08,4.146764914610524e-06,5.710326353862785e-06,0.004086564971937022,0
0.958567833573361,0.03754630795405886,9.696233076748424e-06,7.933745716719419e-08,4.205472345673495e-06,5.810410311055579e-06,0.003866067019389379,0
0.8764689725397748,0.11724052876254096,1.845299892861133e-05,1.6745573055191146e-07,8.637031216081077e-06,1.1243898488709029e-05,0.006251997313320208,0
0.8683431994677052,0.12256571453380187,1.922358716400957e-05,1.9662738739864542e-07,9.357420720407477e-06,1.288440933622005e-05,0.009049423953884849,0
0.8741204683631987,0.12253571410895406,2.1752510001325897e-05,2.316748819447103e-07,1.4648330903238724e-05,1.659597672157477e-05,0.003290589035339232,0
0.704013841151653,0.2954852036782734,2.238758936536101e-05,2.4744657518372e-07,1.5987179225829854e-05,1.3483848746029402e-05,0.0004488491061611408,0
0.5675556489533399,0.43238877465006853,1.763797307490288e-05,2.0050139965526156e-07,1.4461363076039902e-05,1.0745299250596997e-05,1.2531259790485408e-05,0
0.510397834436838,0.48955501652899347,1.6701407246645567e-05,1.692334437247231e-07,1.3196432803686892e-05,9.378249364079708e-06,7.70371131048023e-06,0
0.87900448714447,0.12096515313876546,1.162453072999892e-05,1.405503230717384e-07,9.253596404726042e-06,6.034658599702629e-06,3.3063807073347985e-06,0
0.8470130461494245,0.15274591653040698,2.7754603769196506e-05,3.4082397014690924e-07,2.0814909058733808e-05,1.860305339568493e-05,0.0001735239299749151,0
0.9219713571535595,0.0773905421849006,1.8263387894908896e-05,2.2376947242581663e-07,1.2325316835449781e-05,1.3039288572154835e-05,0.0005942488987649753,0
0.9042712136252199,0.09382937367711923,2.2010637470233038e-05,2.685043893959223e-07,1.4127041945478265e-05,1.5965331751890564e-05,0.001847041182103804,0
0.9084826273792889,0.08715022808780898,2.5373661186600122e-05,2.815755958636385e-07,1.5463739517121247e-05,1.6742548646273727e-05,0.004309283007956363,0
0.8873230657525033,0.10418901204776042,2.5880427096428478e-05,2.557456848787596e-07,1.3529015334320994e-05,1.4712001453714504e-05,0.008433545010167113,0
0.9064844709647442,0.08584471162990778,2.643930510805772e-05,2.6126841598807445e-07,1.3821169291486186e-05,1.5029701547646615e-05,0.007615265960984994,0
0.9016559977022012,0.0875014578244815,2.6298473707318327e-05,2.598767456381094e-07,1.3170601970592286e-05,1.4949644454126219e-05,0.010787865876439833,0
0.8197826943058607,0.17098782938943216,3.196559615203964e-05,2.855945379167847e-07,1.447398448307182e-05,1.81813681449022e-05,0.009164569761389204,1
0.9379021143814718,0.04790686890730143,4.753722081401936e-05,3.5091372499044475e-07,1.7316727954000978e-05,2.145892598395301e-05,0.014104352922749629,0
0.9185649474431914,0.06371225282445316,3.5736309609140895e-05,3.7793795932174146e-07,1.9786603078647405e-05,2.322801447977323e-05,0.01764367086722865,0
0.9652857086760178,0.024042404025812928,7.853080716467995e-06,9.428467930401417e-08,4.127421378246147e-06,5.385583253226662e-06,0.010654426928142082,0
0.9663872987796555,0.028205831465907057,5.370467369227424e-06,7.407196532765877e-08,2.906669496116849e-06,4.377535678472079e-06,0.005394141009928183,0
0.9679822023608271,0.02843337343544315,4.086438841654706e-06,5.7271281745725984e-08,2.020432171905496e-06,3.3846419233610794e-06,0.003574875419511117,0
0.5216161057040131,0.1381367875575901,1.5928882656874854e-05,1.5740632831357083e-07,7.325517298557787e-06,9.302464369102563e-06,0.340214392467744,0
0.6364139808588938,0.024950263607934186,1.7180629668523585e-05,2.0041158042703414e-07,9.826135250605094e-06,1.152885713000988e-05,0.33859701949954263,0
0.7739441161570749,0.01929424661187011,2.0893392734525254e-05,2.4372086117893445e-07,1.1798512726796992e-05,1.4020262612309008e-05,0.20671468134212034,0
0.7253927095258662,0.01525230987883886,1.9048224645554096e-05,2.3200023165049433e-07,1.16284795408094e-05,1.412609053431557e-05,0.2593099458003427,0
0.7023018915612441,0.013444675520078875,2.0610223106226884e-05,2.5102478703331755e-07,1.2743140907145667e-05,1.5284462617830204e-05,0.2842045440672589,0
0.019384272405083204,0.00026875105880522834,1.319962671251547e-06,9.579593522083808e-09,7.447929781864809e-07,9.714689579621395e-07,0.9803439307319107,6
0.07901966717358198,0.0005172189663269419,3.6734587308393767e-06,2.650707585017412e-08,1.9289642676115745e-06,2.3321319080187218e-06,0.9204551527981087,6
0.49332280956805197,0.010720301149503857,1.7626136845308286e-05,1.4229452614451707e-07,1.0729193849115357e-05,1.2797472912796086e-05,0.4959155941843107,6
0.1581310500425436,0.015624899797124074,7.840408851713845e-06,7.113194664936813e-08,6.172935081031733e-06,5.620029078131624e-06,0.8262243456553748,6
0.42019291206879994,0.05424709873412984,2.0112950768299092e-05,1.7237446264666359e-07,1.4965700415878765e-05,1.568965581807707e-05,0.5255090485156053,6
0.8241642432765427,0.036285028909450665,2.8219980983424465e-05,2.224239501606186e-07,1.0771986274868096e-05,1.9363042665080108e-05,0.13949215038013318,0
0.8928915920850575,0.027294034996573537,2.453489036596331e-05,1.9768770202026505e-07,9.53156907924154e-06,1.7209636848081544e-05,0.07976289913437387,0
0.3545134484810999,0.009971457767809996,1.28800693253544e-05,8.010246086077097e-08,3.980088649674554e-06,8.366169624721239e-06,0.6354897873210295,6
0.14993482407325456,0.002076140526557562,6.190780131757309e-06,3.7632225398814774e-08,2.1744868932209383e-06,3.980881285821938e-06,0.8479766516196516,6
0.1910023972475458,0.0017790485545070805,8.639259136059695e-06,5.408922802136917e-08,4.355057357099714e-06,5.902247197511389e-06,0.8071996035450284,6
0.7672591458253945,0.22486507375392692,2.1534544177073016e-05,2.4837922865388176e-07,1.746869480273987e-05,2.376326873012374e-05,0.00781276553374009,1
0.7714871688988303,0.22525153447247853,2.117333074785395e-05,2.4421299638116086e-07,1.7967552285838006e-05,2.2957183053536373e-05,0.0031989543496077984,1
0.6441542514976474,0.35481007159868305,3.840813898632902e-05,2.0641210392530558e-07,1.4804773658989204e-05,1.5108009309352116e-05,0.0009671495696109586,1
0.5753151965888704,0.4239044853408315,2.3590622160553873e-05,1.8406379238000504e-07,1.309201727619936e-05,2.0461258086513352e-05,0.0007229901089821736,1
0.4169918343783307,0.5822482785592907,1.8477268916362556e-05,1.700031467271635e-07,1.0774216316136514e-05,1.8718173833177148e-05,0.0007117474001663829,1
0.4366799891879204,0.5624812249943725,1.666408087770846e-05,1.4649427502335318e-07,1.2134109304587851e-05,1.3923628464065504e-05,0.0007959175047857056,1
0.4580966863868125,0.5409928472373068,2.0255157363968436e-05,1.8186429030540672e-07,1.4022686619370529e-05,1.754465925394567e-05,0.0008584620083530274,1
0.4581009336572112,0.5409978630843414,2.0255345160852477e-05,1.818659764708817e-07,1.5481254259525868e-05,1.684634171677153e-05,0.0008484384513337499,1
0.3813868765445551,0.6175509042589471,1.8338125083612274e-05,1.5799722559945128e-07,1.2063565186241518e-05,1.5024076746314958e-05,0.0010166354322558842,0
0.3880945337983861,0.6110735819661485,1.672033094250805e-05,1.5372717811496428e-07,1.11625755772322e-05,1.1756089590617039e-05,0.0007920915121769559,1
0.5011375438387228,0.4987948307998234,2.9332798074401334e-05,1.9809309846033507e-07,1.3100532718101455e-05,2.0496407324342016e-05,4.49753023862017e-06,1
0.23244550079352314,0.7674891392128913,2.663636165744329e-05,1.7939755941990604e-07,1.7578620536679577e-05,1.6892549427107614e-05,4.073064405054192e-06,1
0.38147895229229334,0.6184531723123867,2.8886467442079745e-05,1.7826789141587713e-07,1.9149030657654088e-05,1.5614213045964557e-05,4.047416282796469e-06,1
0.3587924870236342,0.6411173824664731,3.7578327088580144e-05,2.433838138276203e-07,2.2014354396320964e-05,2.502917173768274e-05,5.265272856348283e-06,1
0.5406889762054048,0.4592401443316557,2.926703310192587e-05,2.3053001860802015e-07,1.4511568693213647e-05,2.1911762605745728e-05,4.95856851991978e-06,1
0.4401247128256999,0.5597844256019087,4.238288447122043e-05,2.976765957013538e-07,1.6861009963728817e-05,2.5367527638962005e-05,5.9524737216540204e-06,1
0.5128422878643198,0.48706198173506854,3.353420293145096e-05,3.1802362764054475e-07,1.9575412512247866e-05,3.5943419510406324e-05,6.359342030015082e-06,1
0.5746674174530984,0.42523867620588823,3.26958455883604e-05,3.1007301542370584e-07,1.9086025874455495e-05,3.504483158977105e-05,6.769564945374761e-06,1
0.526514674136125,0.4734033211220321,3.0325750879095936e-05,2.875960798951436e-07,1.6290028973276487e-05,2.8822521109472816e-05,6.27884480119942e-06,1
0.6183849650212221,0.38154082211893076,2.2309016200810858e-05,2.3546617619573682e-07,2.3285060559005278e-05,2.3690477716327923e-05,4.692839194847776e-06,1
0.5628362468189986,0.4370802893456398,3.2171735934972665e-05,3.0519329890284304e-07,1.9418239604169865e-05,2.490563634980324e-05,6.663030173692487e-06,1
0.5977365386044213,0.4021959560399235,2.2398931293461478e-05,2.1555081839044174e-07,1.7008331964223746e-05,2.3586615321773654e-05,4.295926257295267e-06,1
0.609030019203577,0.3908998651886854,2.3017792910834626e-05,2.215062868164802e-07,1.8223398296567255e-05,2.423829154306963e-05,4.414618700112019e-06,1
0.583332199182861,0.4165886216869162,2.5093489058187775e-05,2.4246116487686963e-07,2.2915730633064138e-05,2.609520009780356e-05,4.832249268857933e-06,1
0.6127861981704315,0.3871196650229696,2.5103443408613798e-05,2.253097661384368e-07,4.0068373040364674e-05,2.424925836827375e-05,4.490422015591324e-06,1
0.8770791678172238,0.11613812730225713,1.7120772355163155e-05,1.6733384349076922e-07,8.630744525572176e-06,1.1235714321239491e-05,0.006745550315473449,0
0.5804575114978324,0.4194800897620912,2.1329879414977206e-05,2.425268579375888e-07,1.539878217732179e-05,1.321576371324682e-05,1.2211787912865337e-05,0
0.6108756353692834,0.38907374361467606,1.6424430737226676e-05,1.598009664501872e-07,1.3188229664944951e-05,9.179480929426831e-06,1.1669073742485828e-05,0
0.8881342368320192,0.11183895931284162,1.0934172304774646e-05,1.1595236626490363e-07,6.418675221413762e-06,5.754505127440578e-06,3.5805501192652887e-06,0
0.8722756227313213,0.12749842410920859,2.640974855081054e-05,3.243092723110207e-07,2.016241624480767e-05,1.7701638493669054e-05,0.00016135504690868458,0
0.9189368506388506,0.08010991417301958,1.9106472560046832e-05,2.3307692724407965e-07,1.2837975368908837e-05,1.3581644005771268e-05,0.0009074760192681259,0
0.9003975251614892,0.09502927659992885,2.424142538506263e-05,2.95717428897989e-07,1.760714885257563e-05,1.8596868860610547e-05,0.004512457078054766,0
0.9237927689377722,0.06969975639901187,3.8405787228751895e-05,2.519571066456906e-07,1.5001639564184355e-05,1.600787810380283e-05,0.006437807401212625,0
0.9106172939826614,0.07961024356780703,4.055697761745621e-05,2.650374022651461e-07,1.6338765275617265e-05,1.6838923437770715e-05,0.009698462745798369,0
0.9239408914530476,0.06631727610803664,4.302030849837523e-05,2.8113512097970056e-07,1.71778508264694e-05,1.786167815329563e-05,0.009663491466316709,0
0.8408631785265634,0.14543852769924717,2.5067630658036735e-05,1.3747611408023667e-07,1.706299847687835e-05,1.6851552999599117e-05,0.013639174115940839,0
0.8408564930247314,0.14543737135233106,3.278732188974527e-05,1.3747502104056505e-07,1.5496403191805452e-05,1.864874870243371e-05,0.013639065674132625,0
0.8757782895245323,0.09710376631033499,3.4149019387838416e-05,3.0510219068004877e-07,1.5462635965891527e-05,1.9423253998598633e-05,0.027048604153589662,0
0.8757784313285303,0.09710378203315256,3.4149024917168766e-05,1.4318454964968867e-07,1.546263846956583e-05,1.9423257143567063e-05,0.02704860853323718,1
0.934198728690932,0.042634092083438685,2.997359386262936e-05,3.151818023620625e-07,1.6594864496028285e-05,1.9171716374395876e-05,0.023101123869093652,0
0.9749115283902731,0.02123577331251756,7.305196162771962e-06,8.671546029027376e-08,3.649290239538024e-06,4.672000615675463e-06,0.0038369850947311936,0
0.9743008310375163,0.023238530917129404,6.864148320782507e-06,8.898827022030386e-08,4.03339169066592e-06,5.6251952276946006e-06,0.0024440263218447823,0
0.9696744489983553,0.02556474356526578,6.7851153114790715e-06,8.110685732149283e-08,3.6761667977887615e-06,4.622322697455398e-06,0.004745642724715119,0
0.9629095888475131,0.03174015645414525,4.937008934813765e-06,6.809350648647055e-08,2.412918018928902e-06,4.024218242329942e-06,0.005338812459639083,0
0.635311520989178,0.014129811371176013,2.0154695760571824e-05,1.1033435095414515e-07,1.1381370055945166e-05,1.3524568796692783e-05,0.3505134966706819,0
0.6951378826591126,0.012795325662503661,2.2397141996295333e-05,1.226103412696199e-07,1.3095161359450369e-05,1.4875712704380449e-05,0.2920163010519826,0
0.3958122762762292,0.012460433061261086,2.0899738914872493e-05,1.6539194125994115e-07,1.3174775246872333e-05,1.389518216646258e-05,0.5916791555742401,6
0.8532494287551544,0.05062317047960393,2.8118832612947996e-05,2.5573854629177114e-07,1.2385411322028723e-05,2.188304980810493e-05,0.09606475773295217,0
0.0596842785743748,0.0008469088015613476,2.732189901781772e-06,1.664980952977313e-08,9.821151232925923e-07,1.9058026573612888e-06,0.9394631758665719,6
0.07750542408532184,0.000656360911572232,4.033170814215631e-06,2.5878283324356245e-08,1.9133589998040606e-06,2.6542385770966456e-06,0.9218295883564315,6
0.201265640140965,0.0022128992149425594,1.3649337062497694e-05,2.8040539336088252e-08,7.3798434385673286e-06,8.510874278875377e-06,0.7964918925487732,6
0.19583768023544654,0.002378608197470336,1.457140682663064e-05,2.416235996624018e-08,8.893945769839494e-06,9.016221641137789e-06,0.8017512058304855,6
0.7358284082676813,0.2598489824694438,2.186078901105178e-05,2.0892863942892546e-07,2.7531779519543608e-05,1.7090372921659923e-05,0.004255917392783255,1
0.765040290619523,0.2309080556483637,2.1816120277583533e-05,2.0850172996541908e-07,1.8181550673250286e-05,2.1932289715418305e-05,0.003989515269717,1
0.43785523882667526,0.5613037953463764,1.6708929406417397e-05,1.468885393543592e-07,1.2089326602846926e-05,1.3961101532966568e-05,0.0007980595808669054,1
0.3983967370477418,0.6008717276846074,1.626311805066907e-05,1.4602110313392818e-07,1.127402129918026e-05,1.4086825368893569e-05,0.00068976528182895,1
0.44761656782656917,0.5512789154778819,1.9883373888175485e-05,1.7852617069678593e-07,1.4223572499453003e-05,1.7222626979309378e-05,0.0010530085960113377,1
0.42304485564463407,0.5758212786506489,2.001805952149745e-05,1.5394974486891382e-07,1.4886366159047702e-05,1.320229761911535e-05,0.0010856050316725907,1
0.3409077334491464,0.6583296983992982,1.767219432239492e-05,1.344273243761756e-07,7.75146272056317e-06,1.0768475443698418e-05,0.0007262415917443148,1
0.7309082757013908,0.26904219494342463,2.098880515728697e-05,1.7531204973542203e-07,9.873276363714533e-06,1.5045369800392738e-05,3.4465918131779477e-06,1
0.381843526376288,0.6180578373329644,3.859642948286933e-05,3.3372811512010673e-07,2.0305753265847826e-05,3.272700393105496e-05,6.6733759526816865e-06,1
0.5721720368309896,0.42775434760153547,2.3705234526555763e-05,2.346748785185952e-07,2.0611726048188113e-05,2.4386863383877657e-05,4.677068637844313e-06,1
0.6032413666606086,0.3966801208141992,2.427920954913141e-05,2.4042852274124544e-07,2.2892294080679795e-05,2.630885431391864e-05,4.791738725741852e-06,1
0.5971281411321827,0.4027838604544195,2.4263978399800906e-05,2.903236928545977e-07,3.618684216311584e-05,2.3749620850846095e-05,3.5076482912019916e-06,1
0.6377961468195257,0.36213793566927477,2.2109048958882353e-05,2.0211862694054756e-07,1.8607731531199633e-05,2.0970389304212854e-05,4.028222778489194e-06,1
0.6505254225647664,0.3493381975996764,2.6669283837747964e-05,2.2367037868099653e-07,8.150958003975361e-05,2.2681826930408194e-05,5.295474370627367e-06,1
0.4093051205982775,0.004344024507300266,2.922874355950254e-05,1.946158531138636e-07,1.3353926853494401e-05,1.553656650316125e-05,0.5862925410416531,0
0.713278031394196,0.009265252218947723,3.81880374619421e-05,2.738563296940553e-07,1.8919904348901473e-05,1.9714993934426206e-05,0.27737961959478125,0
0.8524784540921044,0.13161124456141338,1.85625927184879e-05,1.8142580955476676e-07,9.249927277176438e-06,1.2001906497888254e-05,0.015870305494179157,0
0.8739350560770819,0.11527564194297883,1.705939862364912e-05,1.879319720181642e-07,8.599805442551254e-06,1.1454508960279704e-05,0.010752000334940866,0
0.8774969081810678,0.11223098483193544,1.9426234132896007e-05,8.273179326871378e-08,9.347277099251634e-06,1.0098890390617922e-05,0.010233151853580777,0
0.8884557282366717,0.10917359675946496,2.3935805050067764e-05,1.1096273886176858e-07,1.469919297739908e-05,1.3294020763306534e-05,0.0023186350223335424,0
0.8223010292089235,0.17717059117850917,2.539937465157154e-05,2.2539315018326844e-07,1.4562338094915661e-05,1.228211440471872e-05,0.000475910392266181,0
0.7628277914755284,0.237021081533163,2.2700359996608064e-05,2.108289891222326e-07,1.3621367895656458e-05,1.1488484730458679e-05,0.00010310594969671555,0
0.5645833623816303,0.4353708654825598,1.6949660318335783e-05,1.656879738090586e-07,1.4115727341399187e-05,9.51764954619174e-06,5.0234106302455445e-06,0
0.7827566557546018,0.21721349065619625,1.3199936446814813e-05,1.1802890070233455e-07,7.2660643335668555e-06,6.060211013370556e-06,3.2093485074949156e-06,0
0.8726785025422187,0.12728952036600427,1.2900814414402836e-05,1.2793464648667414e-07,8.409240406023336e-06,6.797197558098687e-06,3.741904752061387e-06,0
0.8818422995684372,0.11812774475289246,1.2221172746499665e-05,1.2960047262745174e-07,7.649076079977832e-06,6.431835832910703e-06,3.5239935382141622e-06,0
0.8928317052070246,0.10714527791858162,8.240983976644766e-06,1.1754258705648694e-07,5.224395720894865e-06,5.992885675477042e-06,3.4410664341242555e-06,0
0.8806556878423399,0.11894566080711534,2.7792244307143947e-05,3.405203832894899e-07,1.875600620349653e-05,1.8203467833727594e-05,0.00033355911181710384,0
0.87246055090583,0.12646184306107153,2.7207401036775822e-05,3.333546771885673e-07,1.836131609190025e-05,1.9424936679779932e-05,0.0010122790246130733,0
0.9704199077813754,0.026595091977116733,7.459860187519002e-06,1.2394737913471198e-07,4.393291627364523e-06,6.1271319503416205e-06,0.0029668960103635756,0
0.9789227540329808,0.017980075939740933,6.671566837136943e-06,8.649160314593537e-08,3.920230302011139e-06,5.4673739813987635e-06,0.00308102436455476,0
0.9702936208834305,0.019360372653051145,6.7491797346936675e-06,8.103116086866673e-08,3.5472332105519407e-06,5.122204289223019e-06,0.010330506815122953,0
0.9598859656621875,0.03429459360007212,7.565463396202565e-06,7.357364905025243e-08,3.1432192974827993e-06,4.550059441750159e-06,0.005804108421955672,0
0.8892135887887215,0.07860921983337264,2.073983460166961e-05,1.72725275996139e-07,9.993713822736e-06,1.0126035873426252e-05,0.03213615906833208,0
0.03361107578861384,0.00041327644234753823,2.598493001168257e-06,1.6339770843711297e-08,1.3573202766624333e-06,1.7813905215512902e-06,0.9659698942254684,6
0.0361268771033244,0.00041414157845168367,3.1814683939982973e-06,1.9103121393280377e-08,1.5868676655659954e-06,2.0826558528592013e-06,0.9634521112231901,6
0.03629010348489379,0.0003631513667727787,2.5316514580814788e-06,1.826798179660945e-08,1.4311715747739126e-06,1.5093970661027803e-06,0.9633412546602527,6
0.5495076534412957,0.051050732767393484,2.4581940968385605e-05,2.398933406613738e-07,2.018688544433676e-05,1.5379117970912356e-05,0.3993812259535864,0
0.6245012222056832,0.0824696809923496,2.9889285040783712e-05,2.6204884682562127e-07,2.0342993859900197e-05,1.7983806212110625e-05,0.29296061866800766,0
0.685093854308717,0.07611351659285152,2.9789744165569724e-05,2.6117614038496053e-07,1.9144914648260934e-05,1.9289161908744767e-05,0.23872414410156848,0
0.8426979093296609,0.013959255049503919,2.3574039727895698e-05,1.861475789607813e-07,7.97572580225493e-06,1.7459149258666157e-05,0.14329364055846733,0
0.8402577317232157,0.013557348786623766,2.453409247833867e-05,1.933725527966607e-07,1.0031442553131832e-05,1.803073374458911e-05,0.14613212984883173,0
0.11982848167039806,0.001160311961396781,5.693618029569475e-06,3.622857642481618e-08,3.134585479445838e-06,4.068431559205061e-06,0.8789982735045604,6
0.7983836642854918,0.19767917005642394,2.2743019410918083e-05,2.4637695708265357e-07,1.799748056048355e-05,2.4898961949170325e-05,0.0038712798192066912,1
0.5633159988493316,0.4355220649185271,2.2990442281043947e-05,1.7826999475974565e-07,1.3752659321600042e-05,1.6622773076301476e-05,0.0011083920874675295,1
0.45625221880612654,0.5429435764713612,2.9502773689523286e-05,1.4721340838965983e-07,1.0704602682746282e-05,1.5527518408104187e-05,0.0007483226143235482,1
0.3943495441695078,0.6049815909911009,2.6496172667152713e-05,1.32211022890964e-07,1.0477736112895395e-05,1.26263736874679e-05,0.0006191323459008945,1
0.4068630107928829,0.5922724913927759,1.5262433114700474e-05,1.341723609383925e-07,1.1113486127847202e-05,1.2752485402961048e-05,0.0008252352373346852,1
0.37172500918849766,0.6276191666656562,1.6512229154449187e-05,1.482577885016143e-07,1.1277144340440776e-05,1.3946254214331794e-05,0.0006139402603484548,1
0.34148039691359666,0.6576103038973206,1.8242390972283742e-05,1.2319576168319946e-07,1.1912570684806649e-05,1.0283386935356348e-05,0.0008687376447287916,1
0.5564164428001054,0.4435246870799024,2.6018418905928182e-05,1.9922042315393975e-07,1.271451093984255e-05,1.602134516444153e-05,3.91662455887355e-06,1
0.34268357349498035,0.6572484184459418,2.9750336195197588e-05,2.004754111939443e-07,1.639783186276229e-05,1.711018185996659e-05,4.54923374871633e-06,1
0.41060316214648246,0.5893168709461422,3.675490946041887e-05,2.2682663506114762e-07,1.7382089579030355e-05,2.0453181688985006e-05,5.14990001186863e-06,1
0.5539825123546408,0.4459252911865939,3.7439677370309534e-05,3.510121694727266e-07,2.3041877064025914e-05,2.7509723657100627e-05,3.854168504327317e-06,1
0.6357353746600647,0.3641816741208821,3.236422276225501e-05,3.0116417572996535e-07,2.1599097602763753e-05,2.5048113096352848e-05,3.638621415922583e-06,1
0.6287412144443665,0.3711892212558037,2.2048243609066933e-05,2.8400689534845233e-07,1.9307779043231566e-05,2.4492940612414836e-05,3.4313296698712937e-06,1
0.6312070079019926,0.3687249600812343,2.1530507723808e-05,2.133170919333264e-07,1.952544823920655e-05,2.251133561313291e-05,4.25140810510085e-06,1
0.5674195624337731,0.4325129988123763,2.282106899812559e-05,2.667824223328008e-07,1.960066700321324e-05,2.1552005181937002e-05,3.198230244859864e-06,1
0.6042094526711638,0.3956472471490706,2.3893578516228473e-05,2.3027295377305145e-07,9.046469907187003e-05,2.3989703110798455e-05,4.721926113050444e-06,1
0.2903334422782232,0.0030458708370742797,2.4730152453228913e-05,1.6466255922096724e-07,1.1379018553825725e-05,1.3145336112061284e-05,0.7065712677150241,0
0.7509432258703592,0.00809707731956215,3.337324065278376e-05,2.3932817192494187e-07,1.6661381316715737e-05,1.7229302178659716e-05,0.24089219355775865,0
0.8748367056953008,0.11584119247477226,1.7076999016434716e-05,1.8812586376062606e-07,8.60867796830716e-06,8.582797142842676e-06,0.009287645229935691,0
0.8914941551889071,0.09719487587429541,1.742695598356889e-05,1.9198110534363517e-07,8.785094610945846e-06,8.96136676377237e-06,0.011275603538333939,0
0.8849445124772664,0.11245431776674211,2.4655087924175675e-05,1.1429722448113375e-07,1.6235768149099097e-05,1.3444066935101142e-05,0.002546720535758538,0
0.770584882854382,0.22938104745928428,1.4947423593680171e-05,1.1801971547673896e-07,8.569335746260821e-06,6.85672667964017e-06,3.5781805985969025e-06,0
0.880326780627344,0.11964784994716064,8.913799811679103e-06,1.3458848383322167e-07,5.98203184588837e-06,6.6793817604664905e-06,3.6596235934239277e-06,0
0.9187596931352471,0.08121876094760845,7.714321019739612e-06,1.1003070174802222e-07,4.890516210122006e-06,5.609893680930498e-06,3.221155531707866e-06,0
0.9042490785345417,0.09572856883029718,8.003159118900743e-06,1.1415044976744506e-07,5.0736259617688235e-06,5.819938223172105e-06,3.34176140726064e-06,0
0.9046215502677172,0.09535544894046666,8.645405042042891e-06,1.1419746979420199e-07,5.0757158530391865e-06,5.822335529985479e-06,3.343137921423351e-06,0
0.9001919751753901,0.09960783904173272,2.3345590698151425e-05,2.8668169696587493e-07,1.8271651754046937e-05,1.564782815575714e-05,0.00014263403057260696,0
0.839479638911272,0.1591045727897338,2.4828335926966823e-05,3.042055320490158e-07,1.683037749441099e-05,1.6298570127628537e-05,0.0013575268099130936,0
0.8503846151622968,0.1473785470637008,2.3426894567664233e-05,2.870345780392026e-07,1.8757981628301255e-05,1.6264958707546312e-05,0.0021781009045207657,0
0.8749433223394217,0.11473058429516106,4.356149813888664e-05,2.8007212085853243e-07,1.726561083017997e-05,1.636086930167824e-05,0.010248625315025659,0
0.9283798936845093,0.061478889944805305,4.0585204608992095e-05,2.6625494394890727e-07,1.626864581353585e-05,1.6916278901640825e-05,0.010067179986417195,0
0.945072204841289,0.04734853106062307,4.2612755495110114e-05,2.602714162257806e-07,1.590304173573251e-05,1.653612061320155e-05,0.007503951908827796,0
0.9381169161942188,0.05223673463318582,4.584579236506322e-05,2.789317698137431e-07,1.7043222191259226e-05,1.772169013170703e-05,0.009565459536137733,1
0.8709612927891317,0.08653019374851825,3.108460767368064e-05,1.4239697623192632e-07,1.6051213815291945e-05,1.9316421307926544e-05,0.04244191882257707,0
0.8956466319416132,0.02298194581469035,3.687583634423514e-05,2.7248989091388576e-07,1.4306065281523836e-05,1.6836419403532563e-05,0.08130313143277601,0
0.9272714806526291,0.04752749689203932,3.3860914337615e-05,3.560582044138199e-07,1.8641108123342907e-05,2.165812510951007e-05,0.025126506249556594,0
0.977798762323809,0.019090397634804725,7.635888774396023e-06,8.093679635492332e-08,3.1590711251001787e-06,4.66907624675171e-06,0.0030952950684436193,0
0.9776037985738711,0.01892566501743181,7.11425858786192e-06,8.444895856655396e-08,3.4184367663357655e-06,4.5498874721460206e-06,0.0034553693769120894,0
0.9750292942779201,0.02056105534541773,6.645032080562354e-06,8.614760095106143e-08,3.904638408934215e-06,5.44562864911923e-06,0.004393568929922675,0
0.9703078718953462,0.017121374002378714,7.259303865655864e-06,8.715574965484188e-08,3.815344200329157e-06,5.5093565231780566e-06,0.01255408294193597,0
0.956310135935741,0.035875965584559195,1.3640573188290005e-05,8.914032296321655e-08,3.808259980831677e-06,5.6634537645147644e-06,0.007790697052443155,0
0.9138967269015876,0.05637905776777132,2.1791969355975933e-05,1.775198516714873e-07,9.340616649492784e-06,1.0723203609592059e-05,0.029682182021174407,0
0.035275867113663345,0.00041450722680521095,3.184277333599131e-06,1.91199876661883e-08,1.5882687215800984e-06,2.084494643560702e-06,0.964302749498845,6
0.8410985587016239,0.041845693179103534,3.798389465885432e-05,3.275557257319103e-07,2.3586950090413384e-05,2.3790947650242116e-05,0.11697005877114733,0
0.8291752597394907,0.009080819753922317,1.975282166561624e-05,1.802851817215856e-07,6.3897519275394744e-06,1.4165411152240359e-05,0.16170343223665973,0
0.17619057099670768,0.002031423028361399,8.369099488649622e-06,5.100081525477626e-08,2.825470659484465e-06,6.3917095068077515e-06,0.8217603686944607,6
0.14882902920572616,0.00184258921722745,1.050477459041223e-05,1.8778340577091677e-08,6.919941070443157e-06,6.517951298038391e-06,0.8493044201317469,6
0.17429260261496596,0.0021023714306439936,1.374139645573342e-05,2.1889863964212804e-08,7.581636211088225e-06,8.286462110728254e-06,0.8235753945697485,6
0.6968566108115714,0.29834076054308695,2.5840029858764637e-05,2.799271201637841e-07,2.0448271474550787e-05,2.8289555955351207e-05,0.004727770860932784,1
0.6998877127723478,0.29581049261155884,1.911980190673457e-05,1.9741766985249305e-07,1.7214701886179916e-05,1.5837408275493106e-05,0.004249425286355001,1
0.6343681114076488,0.36199986059819966,1.934935707927566e-05,2.0396091979086617e-07,1.5844027235911866e-05,1.6049088596137274e-05,0.0035805815603203793,1
0.650403874008087,0.3488437007180206,2.3639717359754666e-05,2.0010438288908685e-07,1.5269907127658335e-05,1.8285562590461202e-05,0.0006950299824317486,1
0.49832679681198994,0.5007052823189098,1.9044234622350603e-05,1.4625106340423845e-07,1.0634625899888282e-05,1.3637170082451758e-05,0.0009244585874322018,1
0.43346112431399103,0.5656985112611569,1.588410630836035e-05,1.287667833897132e-07,1.0914825723639313e-05,1.2238709329394308e-05,0.0008011980167072502,1
0.2897033525254973,0.7099010584485627,1.3146372062644541e-05,1.69603382564553e-08,9.629235934624883e-06,1.0031181121724335e-05,0.0003627652764828,1
0.30599951006679554,0.6936577135857773,1.500050640750708e-05,1.2079316998719746e-07,1.0163138954410926e-05,9.447158555717492e-06,0.00030804475033961915,1
0.31072620818363356,0.6884138013206723,1.543111902904083e-05,1.7063757078809426e-08,9.610098871251033e-06,1.1288693972969435e-05,0.0008236435200638196,1
0.5250598534201185,0.4748633081430913,3.64320827685365e-05,2.248343653670417e-07,1.6022011392636316e-05,1.905484098977663e-05,5.104667274017736e-06,1
0.3890244723301377,0.6108974146078544,3.664053435584684e-05,2.26120788672578e-07,1.6948666375043634e-05,1.91638661002953e-05,5.133874388052926e-06,1
0.7031343702587779,0.2968193593725877,1.7413113829208592e-05,1.1210424059893269e-07,1.0909441083967392e-05,1.6856848463093528e-05,9.788610174813949e-07,1
0.670416529697653,0.3295245281628905,2.1316768729463986e-05,2.817754196598075e-07,1.4924269437576747e-05,1.9014956562192802e-05,3.4043693077693496e-06,1
0.661456485859655,0.338489841315692,1.7042710079269256e-05,1.9180776089228674e-07,1.3787307925069332e-05,1.8828271595203958e-05,3.822727292445879e-06,1
0.5269945268867922,0.47293821332134667,2.241263950414381e-05,1.9648686999394073e-07,1.8836688422229105e-05,2.1601702096531204e-05,4.2122749683115516e-06,1
0.8734900068406114,0.0905223399650996,1.8572602730730192e-05,1.840313997538438e-07,9.38277232229286e-06,9.463434710649741e-06,0.03595005035312585,0
0.8461404189743449,0.14123644197220497,2.0138072434122844e-05,2.2491249256677236e-07,1.0292041619648151e-05,1.0261099989143217e-05,0.012582222926914872,0
0.8891008723957878,0.09860352656620315,1.8026356585505017e-05,1.512772009992556e-07,9.581109094870189e-06,1.0704870986254819e-05,0.012257137424141378,0
0.8601269185933865,0.1299447690606698,1.7438915003621684e-05,8.109412323905344e-08,8.849161249761688e-06,1.012220829948721e-05,0.009891820967267647,0
0.8601694050822875,0.1289098717210795,1.7489556260837388e-05,8.132961428610398e-08,9.188854865484393e-06,9.880939468506785e-06,0.010884082516423857,0
0.860012757435169,0.13118547219364615,2.0986638131271368e-05,1.101115131727617e-07,1.0342966182673391e-05,1.142383502331933e-05,0.008758906820334297,0
0.7868174871988498,0.2124690181872079,2.5312083937613178e-05,2.3508530569301463e-07,1.5561447850167377e-05,1.2576902827603076e-05,0.000659809094021151,0
0.5794443434986768,0.4205057001601515,1.855617007580291e-05,1.813920847835578e-07,1.5180699457390555e-05,1.053854385419282e-05,5.49953569952044e-06,0
0.8317950010185137,0.16817843242692607,1.1448734379773731e-05,1.0237030600278276e-07,7.0304119582534806e-06,5.201465530002744e-06,2.7835723863124166e-06,0
0.8703795765516315,0.1295925658006814,1.1979808209135623e-05,1.0711896979551556e-07,7.520110501585014e-06,5.337915710485211e-06,2.9126942959897527e-06,0
0.8834082767802492,0.11656191720523605,1.1897865184028143e-05,1.2890366101655048e-07,7.876944942351031e-06,6.397254339518575e-06,3.5050463880658187e-06,0
0.7908773482601036,0.2068788704164741,3.547649036669808e-05,3.6476850768259525e-07,2.3825477715417974e-05,1.9533142879221957e-05,0.002164581443953433,0
0.9330033949793742,0.05962856339799889,4.108390328584107e-05,2.651716730927464e-07,1.620245605714061e-05,1.6847454219338015e-05,0.007293642637391535,0
0.9010894655317325,0.08298235563110955,3.2755709704603185e-05,2.64122167620023e-07,1.6138329425116902e-05,1.6334266113865945e-05,0.01586268640974696,0
0.8759133537569321,0.08925174633553934,2.607412004780453e-05,2.7499424815323705e-07,1.4547269495002164e-05,1.5819292436982808e-05,0.03477818423130054,0
0.8824654482298153,0.026965377336973233,4.1044231033319485e-05,3.0329177981239153e-07,1.5559826081612845e-05,1.8739585492289035e-05,0.09049352749882456,0
0.9452748217613475,0.048061703650786824,1.4045438482129597e-05,1.285718094989774e-07,5.827514871378364e-06,8.145579217428368e-06,0.006635327483485332,0
0.9378108315001823,0.05197024716201419,1.2780957417787023e-05,1.1699676193271112e-07,5.121669182641941e-06,7.433288659693028e-06,0.010193468425781504,0
0.47933074998175734,0.12936456538773983,2.748895606958563e-05,1.67246387754982e-07,1.0219048726851813e-05,1.0625855424859815e-05,0.39125618352389385,0
0.918062965505629,0.05771694923723956,2.2309099138888714e-05,1.8173244948024896e-07,9.562272204404763e-06,1.097766835594768e-05,0.024177054484982446,0
0.8982108638925836,0.07907299584762721,2.1626960936370876e-05,1.7617567438790447e-07,9.269889659825516e-06,9.740754524547762e-06,0.022675326478994003,0
0.03278552764374904,0.000482404270168518,2.7377662869834253e-06,2.154843526043401e-08,1.8602464229752323e-06,2.3210166861176004e-06,0.9667251275082511,6
0.04387474761100405,0.0007436854257266938,2.9089513914563915e-06,2.3020245354424594e-08,1.8034789591091273e-06,1.8516204526285095e-06,0.9553749798922206,6
0.7453150068047487,0.07887368112833086,3.168079245537411e-05,3.734686552708538e-07,2.2278630091326028e-05,2.433068101608002e-05,0.17573264849470224,0
0.879749056624869,0.011869526416419274,2.4723480971577528e-05,1.9807511107470027e-07,9.185517051222808e-06,1.8237989142130428e-05,0.10832907189643566,0
0.6369405051704801,0.007897470730290138,1.7797733309376617e-05,1.395320270543827e-07,5.6116003847522435e-06,1.3070731498592268e-05,0.35512540450200997,0
0.06868154953828172,0.0005919116957134712,2.901669164464738e-06,1.7652444456853752e-08,8.52322365320565e-07,1.9933583866309937e-06,0.9307207737636438,6
0.03667533867188188,0.00041121691035070145,1.7628174076912166e-06,1.0568997520538107e-08,5.689834359014193e-07,1.3307029710309594e-06,0.9629097713449553,6
0.10048192098417169,0.0006882684500993539,5.83150770019035e-06,2.9970868402345224e-08,1.7678786693337274e-06,3.323560181138069e-06,0.8988188576483099,6
0.08309249950224251,0.000976561734614963,6.135991329246386e-06,3.1535753376570396e-08,2.5055897458700076e-06,3.497095005640834e-06,0.9159187685513085,6
0.0707959672856967,0.0007867705739302944,4.953445269693994e-06,2.51484192268392e-08,2.8958613767797605e-06,2.7887842166878884e-06,0.9284065989010906,6
0.03352882908219359,0.00047389682248959793,2.907329807240303e-06,5.0513038852152146e-09,1.997122988607107e-06,1.8926508897386133e-06,0.9659904719403273,6
0.21074331069223987,0.00254516172722577,1.5233816168137848e-05,2.6467803757638416e-08,8.544401652784847e-06,9.129812948000525e-06,0.7866785930819616,6
0.6706344031877414,0.3256047990310289,2.649195100489332e-05,3.169621336732734e-07,2.5749064095589025e-05,2.4666430861888245e-05,0.003683573373133678,1
0.678532175369905,0.3166569840978781,2.6803935288287015e-05,3.206948600443409e-07,2.5423166221472435e-05,2.495691678174009e-05,0.0047333358190652175,1
0.6520788215570484,0.3461722163117223,1.8664554886628168e-05,1.5803354794115318e-07,1.2059493976467804e-05,1.3128674862658458e-05,0.0017049513739555795,1
0.4710707408289004,0.5279978135654392,3.0460988211296122e-05,1.5199472241806725e-07,1.3032955033034553e-05,1.417273716171937e-05,0.0008736269305317658,1
0.3733936378931371,0.6251972841764587,1.820831043431221e-05,1.3549644219631304e-07,1.3576001890080593e-05,1.5442102929417382e-05,0.0013617160187081095,1
0.3397508834586896,0.6597392517139062,1.513499908710229e-05,1.9525896787737768e-08,1.0375772100255185e-05,1.1727743650594494e-05,0.0004726067866695276,1
0.23783921194230567,0.7616613743320719,1.1834441143227901e-05,1.354594591304411e-08,7.780220075018396e-06,8.084353783801919e-06,0.000471701164674232,1
0.558100491785194,0.4418196176074954,3.432098716089078e-05,3.0226996399442477e-07,1.7450943135654492e-05,2.2192102094752598e-05,5.6243049551687814e-06,1
0.653480767236845,0.3464619741289109,2.0838874711535387e-05,2.1796996110902775e-07,1.1841761812932699e-05,2.0080105941841882e-05,4.279921816444735e-06,1
0.6420904155556145,0.35785648284845234,1.6771285033655528e-05,1.8875299847439035e-07,1.1823308963033516e-05,2.055640303846911e-05,3.7618458994693557e-06,1
0.6128302662399674,0.38708693555250334,2.3654949712515455e-05,2.1847302137122952e-07,3.213495651017874e-05,2.243566254354477e-05,4.3541657416454195e-06,1
0.8238703005947204,0.063023540699841,2.3017051106967033e-05,2.2807035690330346e-07,1.0907562753018028e-05,1.1554734490504097e-05,0.1130604512867314,0
0.8640243116540132,0.12338606478224598,1.7517933930771553e-05,8.146157560722994e-08,9.203764236914792e-06,9.146580985238013e-06,0.012553673823012536,0
0.8529126625426793,0.13514994257296825,2.0425897556758384e-05,9.498413481527029e-08,1.0731582056577491e-05,1.1539861522969645e-05,0.011894602559081096,0
0.8943775323611859,0.09645119858198466,1.6481210249723353e-05,8.647268743874462e-08,8.122530116360852e-06,7.900603858623604e-06,0.009138678239917418,0
0.9277860096995272,0.07050483213864295,2.0908034010213425e-05,2.2893580902450804e-08,1.1987297495841486e-05,9.926110574201918e-06,0.0016663138261687176,0
0.9222423176795248,0.0765897209018787,2.0783104662190712e-05,2.275678754662159e-08,1.1709939450948841e-05,9.866800238192772e-06,0.0011255788174577117,0
0.7460294444054187,0.2533730416218075,2.6540720050145217e-05,2.4649623087847007e-07,1.5925778801423105e-05,1.3187379508854814e-05,0.0005416135981824487,0
0.7507603765591842,0.2491678958050008,1.8784815121566292e-05,2.2293814667185254e-07,1.9404034644271853e-05,1.1718309717573486e-05,2.1597538184733808e-05,0
0.8605970227501796,0.13937370916763595,1.258634667077162e-05,1.1254241013926481e-07,7.90085418089415e-06,5.608174726895116e-06,3.060164195896692e-06,0
0.8672104998334765,0.13276185968903267,9.521934121110901e-06,1.3655155989961551e-07,6.639950801544268e-06,7.255016174222302e-06,4.087024833831147e-06,0
0.8836264572551211,0.11634939098321741,8.324323955435838e-06,1.1937694661259486e-07,5.804818728756525e-06,6.515902361828263e-06,3.3873396691828346e-06,0
0.8929454608746786,0.10703150824648604,7.993110702253404e-06,1.1462710421647763e-07,5.4802980457172525e-06,6.090164738551274e-06,3.3526782444140407e-06,0
0.9203445984549448,0.07963283140306178,8.145614345101454e-06,1.1618231342290211e-07,4.9835686026262625e-06,5.923532391892071e-06,3.401244340200939e-06,0
0.9219290621439609,0.07792229970466194,2.1080931452444697e-05,2.5887189065156857e-07,1.708294299041518e-05,1.4129897032644823e-05,9.608550801102901e-05,0
0.804643586610803,0.1890588392973686,3.571960614935012e-05,3.5956756184988547e-07,2.251192974950897e-05,1.9657867431650517e-05,0.006219325120935936,0
0.9178799126922567,0.074281996282462,4.3712930707435184e-05,2.821404502593274e-07,1.7239278215323313e-05,1.64816941338518e-05,0.007760374981774657,0
0.9291450966520456,0.025783254883763495,3.174892635663411e-05,3.338499840227874e-07,1.7577776398699286e-05,2.0307254915462983e-05,0.04500168065653627,0
0.9769858011033256,0.019453505846938255,6.463348571210423e-06,8.667573522379577e-08,3.416275783248448e-06,4.736390876801747e-06,0.0035459903587696405,0
0.977162428906987,0.0183030840137342,6.2520112864217285e-06,8.906479039147478e-08,3.6052825189106387e-06,4.798576334036345e-06,0.004519742144349262,0
0.9756670473732624,0.016972445027996014,7.180027272440135e-06,8.62039488982311e-08,3.907192378590413e-06,5.449190559051006e-06,0.007343884984582485,0
0.9596104336978942,0.03486002758606256,1.1416170338352824e-05,1.0668568019301971e-07,4.835526468132069e-06,7.3511114462869765e-06,0.005505829222110324,0
0.9484779002254773,0.044496233947737204,1.3758400166849443e-05,8.235537059278394e-08,3.5183927049992874e-06,5.23237765028265e-06,0.007003274300892823,0
0.913291599054862,0.05689157918242449,2.1990072187144342e-05,1.791336197816684e-07,9.759008072154914e-06,1.0820684335613406e-05,0.02977407286449867,0
0.05379975666008728,0.0006211378698166899,4.159292372104037e-06,2.6154345692530714e-08,2.0850577138125587e-06,3.15551504008033e-06,0.9455696794506244,6
0.05387970676529242,0.0006046597994273252,4.044411703267431e-06,2.78911612624869e-08,2.2235188607355005e-06,3.2977633924280593e-06,0.9455060398501625,6
0.6153948081784462,0.05904148469465991,3.0475686162288282e-05,2.809484655548035e-07,2.1040144987578504e-05,2.3405165757936027e-05,0.32548850518152056,0
0.8004063248000962,0.03405176896684916,2.6038289657795437e-05,3.071660497610518e-07,2.3060188166775126e-05,2.5191505613380547e-05,0.1654673090835671,0
0.6158572225440584,0.01071440559903731,2.404812596503242e-05,1.8886172679156637e-07,9.41933048060133e-06,1.7389656398019532e-05,0.3733773258823338,0
0.39339621088730864,0.0032045281729154123,1.3654786633145968e-05,1.0634613969104329e-07,6.094772892619189e-06,9.791940695978067e-06,0.6033696130934144,0
0.0399673992495389,0.0003937974790262576,2.1748446047958386e-06,1.1744130376374725e-08,7.861359113338862e-07,1.3035342681997144e-06,0.9596345270125203,6
0.19440913713567223,0.0023913686839797453,1.552165729196871e-05,2.4868469599662215e-08,8.028100657511574e-06,8.756767450515124e-06,0.8031671627864784,6
0.03283687210359034,0.0003327935013755807,3.7002937106949514e-06,1.5138538048307995e-08,1.6666213530635962e-06,1.8557917392847906e-06,0.966823096549693,6
0.032836872456447584,0.0003327935049517008,3.7002937504574303e-06,4.392775319691556e-09,1.666621370972714e-06,1.8557917592266886e-06,0.9668231069389448,6
0.678532175369905,0.3166569840978781,2.6803935288287015e-05,3.206948600443409e-07,2.5423166221472435e-05,2.495691678174009e-05,0.0047333358190652175,1
0.7090759797724063,0.28662693538435413,3.162392518714007e-05,3.3933909652569916e-07,2.5009916434087604e-05,2.8499799347949685e-05,0.004211611863173962,1
0.5707246751211473,0.42439014295126165,2.0389202107573747e-05,1.805025624329365e-07,1.81464268503147e-05,2.3010327678112574e-05,0.0048234554683927395,1
0.6515400132803125,0.34668028923483696,2.286100370722459e-05,2.248595841109501e-07,1.623880192340051e-05,1.6222943377081322e-05,0.0017241498762587256,1
0.5892783478297201,0.40928379543853033,2.187197438406473e-05,1.6796681913725064e-07,1.2573437340503626e-05,1.566205419274043e-05,0.001387581299013178,1
0.536642150081547,0.4621072917290295,2.7297286204302306e-05,1.708269990731423e-07,1.4647749355564825e-05,1.578709368717129e-05,0.0011926552331775369,1
0.3405118429656092,0.6584924513470786,1.2477996317389389e-05,1.0680481693548962e-07,7.547374144369007e-06,9.614300419369668e-06,0.0009659592116142635,1
0.2881855187954714,0.7111507580212669,1.0560507414181272e-05,8.561026628055291e-08,6.8862349276700145e-06,8.136874565303742e-06,0.0006380539560884081,1
0.3048451687274304,0.6947093163215144,1.1017636591990827e-05,8.931604945005605e-08,6.9651445199577375e-06,8.401746334134401e-06,0.0004190411075599323,1
0.2712259098516008,0.7280006078508154,1.3041284235678577e-05,1.6144762860307036e-08,9.16619281642543e-06,1.0680287847585188e-05,0.0007405783879213639,1
0.27570473170209986,0.7235704216000216,1.2334159950918188e-05,1.6294167682947356e-08,9.358682762088051e-06,9.724519572656102e-06,0.0006934130414253142,1
0.7172848234408907,0.28266889006994966,1.639025391318702e-05,1.3060495904267993e-07,1.1301033046778673e-05,1.5636784381004922e-05,2.8278128594945635e-06,1
0.5949197956552387,0.4050171419935864,2.0646998582900185e-05,1.9017449603348707e-07,1.5869951677427994e-05,2.2278275784344047e-05,4.076950634298492e-06,1
0.8206560060127859,0.061945018294130724,2.313769091521682e-05,2.2926574739865435e-07,1.0964732816762564e-05,1.1615296590611249e-05,0.1173530287070133,0
0.8727080618365429,0.08306232888641871,2.252199109947275e-05,2.2316492779020575e-07,1.1510400040092774e-05,1.1475795579853844e-05,0.04418387792539132,0
0.8847499586600162,0.09258711395933582,1.7938142610118345e-05,8.341562231380494e-08,9.534222874803315e-06,9.582719936483881e-06,0.022625788879604238,0
0.8843832194735802,0.09372964012363003,1.7930707040596568e-05,8.338104556456187e-08,1.1499027614826027e-05,9.496347103793497e-06,0.021848130939985014,0
0.8651064084329487,0.11557822485307039,1.753987324384922e-05,8.156359739918952e-08,9.215290953814438e-06,8.913863702046252e-06,0.019279616122483748,0
0.6618553826536567,0.33809267206253074,1.9127513858890285e-05,1.8610052606037138e-07,1.6242735885571366e-05,1.0615138678977635e-05,5.7737948631241075e-06,0
0.8367464285198566,0.16322020136432572,1.4808640025388657e-05,1.1663746971080455e-07,8.173165372063067e-06,6.652979130986412e-06,3.618693819519733e-06,0
0.9330992293798769,0.06688255841450369,6.572825434339169e-06,9.374935177794803e-08,4.0213205631094766e-06,4.77979225593637e-06,2.7445180143004223e-06,0
0.907450890721243,0.06825951166929572,4.454338451264666e-05,2.6662888813444926e-07,1.629149446159619e-05,1.694003712390125e-05,0.024211556064475087,0
0.9182084150156792,0.047994251756334684,3.8994299789070514e-05,2.521399799074417e-07,1.819068589780695e-05,1.891483283774109e-05,0.033720981269481455,0
0.8974659306103818,0.04844968927095082,4.521276804465461e-05,2.54532641561329e-07,1.8363304919278947e-05,2.1130875800777325e-05,0.053999418637261196,0
0.8181848424242353,0.026796574993110153,4.107690549896026e-05,2.669038904480896e-07,1.7062440227005698e-05,1.993748852882477e-05,0.1549402388445095,0
0.8918907465223893,0.024667316924659833,2.9933547541029396e-05,3.133861365110081e-07,1.648032802937607e-05,1.9164054948178028e-05,0.08337604523629581,0
0.9188664580257732,0.028362317657021685,3.467399640849223e-05,3.646080190854224e-07,1.9197239896284623e-05,2.2178188833713653e-05,0.0526948102840478,0
0.9797069507683204,0.017781773877061927,7.1317535829762246e-06,9.614285569505712e-08,3.4268431988244076e-06,4.75104174631608e-06,0.002495869573233947,0
0.9789598114201905,0.016163823542542675,6.059038164824307e-06,8.631573735256083e-08,3.494002709895286e-06,4.650464596552185e-06,0.004862075216058309,0
0.973108332370154,0.01932142303047101,6.61705896197455e-06,8.763453047685164e-08,3.896945653761441e-06,5.434899899470181e-06,0.0075542080603291034,0
0.9220469791340826,0.06705282513961376,1.1624836463058175e-05,1.0641364177321605e-07,4.390861502296261e-06,7.48199961387474e-06,0.01087659161508283,0
0.920788848692558,0.07221544157816433,1.646451254670597e-05,1.0626844066618123e-07,4.540008790201506e-06,6.751673993691372e-06,0.006967847265506637,0
0.8962443048655921,0.07710168506156474,2.108779505670985e-05,1.7178356803807127e-07,1.0113203003313452e-05,9.548331326446364e-06,0.026613088959888495,0
0.03269512539419525,0.0003772148018382669,2.3851678812918387e-06,3.373891398261676e-08,1.33323891725465e-06,1.499909588358786e-06,0.9669224077486656,6
0.05001477655660487,0.0006247775904243526,3.5564405197380694e-06,2.830660665509459e-08,2.475881188104434e-06,2.0589160329090917e-06,0.9493523263086234,6
0.2172950016646617,0.012186132672446233,1.2019071177266556e-05,1.1797003397458175e-07,9.40100006628125e-06,8.369376131679634e-06,0.7704889582454827,6
0.8033371404519746,0.06450372949190633,3.145228476686782e-05,3.0694051677450934e-07,2.2108578200294835e-05,2.557050332610762e-05,0.13207969174930895,0
0.846433427261588,0.010465997201107965,3.338699974418506e-05,2.579675908287602e-07,1.4586537161213092e-05,2.4401952346563964e-05,0.14302794208046096,0
0.04266954284500664,0.0003689127888473614,2.9642034175371607e-06,1.6034452866445045e-08,1.461256638509779e-06,1.7797366099827183e-06,0.9569553231350272,6
0.036749930402624365,0.00033919096733502524,2.562613830334609e-06,1.2432615739109569e-08,1.1616992902079993e-06,1.5386183094289515e-06,0.962905603265995,6
0.08670858051521695,0.000751796265029938,6.228029533067987e-06,3.273720729365746e-08,3.25695896692247e-06,4.051445616801466e-06,0.912526054048429,6
0.0022526289317420464,3.091841730609266e-05,1.7738872635954803e-07,1.14231885605945e-09,1.1166986732194522e-07,1.043076323772353e-07,0.9977160581424069,6
0.03194323420262171,0.00045501196855453005,2.95334629367726e-06,4.731788696274762e-09,1.6388727029800277e-06,1.6661730257344378e-06,0.9675954907050127,6
0.049140630726473844,0.0006999784361543743,4.54335020381509e-06,7.279259185979872e-09,3.2484188392098257e-06,2.5109100617701096e-06,0.9501490808790077,6
0.18636673889586972,0.00193523032792719,2.3800572842237186e-05,7.916049792970449e-08,9.395232779809965e-06,9.445858502100608e-06,0.811655309951581,6
0.033945348036718434,0.00041179877400235565,3.5683282836625953e-06,1.64340168375927e-08,1.9504856302648638e-06,1.9609957204525046e-06,0.965635356945628,6
0.035876199163620386,0.000381821859550464,4.221077951428087e-06,5.039935023357615e-09,1.9364872828239787e-06,1.927842174561069e-06,0.9637338885294854,6
0.7099757069223724,0.2875040580974441,2.0709220960431732e-05,1.7350238168521124e-07,1.2735224819329885e-05,1.4413751932534032e-05,0.002472203280089569,1
0.2544413892186149,0.7447427383046719,1.2782211061915369e-05,1.101286904715603e-07,9.449640976996754e-06,1.0313423441864808e-05,0.0007832170725418808,1
0.27760250180293516,0.7216816156177827,1.3859596932985207e-05,1.5863981083571665e-08,9.111601721166156e-06,9.46777997804021e-06,0.0006834277366689444,1
0.2989250295605136,0.7001094089454954,1.7442200235730567e-05,1.0784307689614867e-07,1.042802332515313e-05,9.001868837617016e-06,0.0009285815585157097,1
0.15347860767139182,0.8457828046157748,1.0230074634025367e-05,1.3514544335341382e-08,5.420824618833724e-06,8.065613013305104e-06,0.0007148576860228874,1
0.6721142527048383,0.32783251414227355,2.1784729627882364e-05,2.2634315442030313e-07,1.1379085139297057e-05,1.599839121268508e-05,3.844603753980871e-06,1
0.6524211326972603,0.3475250769546191,1.893322166528167e-05,2.3514967353807026e-07,1.448784616520588e-05,1.6856558787277638e-05,3.2775718291972667e-06,1
0.5567283222345839,0.4431995159466079,2.5815180255998315e-05,2.3719481987477815e-07,1.8870417855240095e-05,2.174276085675503e-05,5.496265020339826e-06,1
0.6289362457962815,0.3709995139525862,2.1556781383139143e-05,1.985542847393705e-07,1.5796307533015627e-05,2.2432011836844904e-05,4.2565960946115456e-06,1
0.5932145999776994,0.4067249911674968,2.0734061464485796e-05,1.9097641111873722e-07,1.3017457554958998e-05,2.2372217326440642e-05,4.094142046836209e-06,1
0.5316492576481526,0.4682828929907454,2.106759658641578e-05,2.0771713280371463e-07,1.742750346113288e-05,2.4333334207545477e-05,4.813209714095182e-06,1
0.5210344784388601,0.47889969257371134,1.9719349926599506e-05,2.063213050048897e-07,1.7310393266769883e-05,2.4169817872294085e-05,4.4231050580034715e-06,1
0.5448071940547339,0.45512453825643845,2.100744599034593e-05,2.124053641553905e-07,1.9682303876223357e-05,2.313229621993749e-05,4.233237377056357e-06,1
0.530003979834181,0.0055697706615355875,3.105500368603676e-05,2.2578014880962377e-07,1.640675164471385e-05,1.2549384471310054e-05,0.4643660125843325,0
0.8259281517756011,0.04843740743943741,2.1314741202170894e-05,2.112025824111416e-07,1.0893406222586533e-05,1.0860656670773999e-05,0.1255911607782837,0
0.8958903320537029,0.054574341166746115,2.3120256322779742e-05,2.2909299226590042e-07,1.1816157733536678e-05,1.1780634054164731e-05,0.049488380638448196,0
0.8779568592575322,0.08015370077216499,2.4673473296021206e-05,2.0705981053061455e-07,1.3114088711006303e-05,1.2634033905012981e-05,0.04183881131457999,0
0.9041458063503026,0.0708957627826991,1.8331389853033663e-05,8.52442934423568e-08,1.1755986959182536e-05,9.792796212303336e-06,0.02491846544968044,0
0.829887054095194,0.07423593976452723,1.3736642196975308e-05,0.08009991657942367,7.1786141660747796e-06,6.281012513667791e-06,0.015749893291978283,0
0.9020282871814577,0.08859483311090663,1.5247173006118248e-05,2.2280536494475584e-08,8.38088824502722e-06,6.9716953441921695e-06,0.009346257670503939,0
0.6613415456442528,0.3372162065086045,3.219629422716238e-05,3.18206068633648e-07,2.2611036393257532e-05,1.468428176178394e-05,0.0013724380286916696,0
0.6563076574083203,0.343520830026928,2.382510403038398e-05,2.8282316210638995e-07,2.0231055576410254e-05,1.2911045919012979e-05,0.00011426253606364706,0
0.6958464888117715,0.3040484267726354,2.0758073089936322e-05,2.464150361334952e-07,1.7152171886513264e-05,1.159064799374615e-05,5.533710758670702e-05,0
0.8072896135467268,0.192645035973684,1.7348815095893593e-05,2.0589570136310622e-07,1.792069855248683e-05,9.928549921654294e-06,1.9946520318066676e-05,0
0.8858097940352481,0.11416681552560898,8.199486177355894e-06,1.1298921318060844e-07,5.596594239765056e-06,6.115012436630046e-06,3.366357075833022e-06,0
0.9058843720553902,0.0940923753027792,8.482925209915933e-06,1.209934369252557e-07,5.189938774843545e-06,6.1688265771081046e-06,3.2899578315319255e-06,0
0.9291741360589655,0.07080782641489795,6.509783221321938e-06,9.285016973454011e-08,3.982750704517818e-06,4.7339476363603525e-06,2.7181944049157545e-06,0
0.9512663256944511,0.04871605039838724,6.3605072150086736e-06,9.072102010662573e-08,3.891422145778034e-06,4.625393361474915e-06,2.6558634191741917e-06,0
0.8467884799939487,0.14105982817932927,4.019317018827976e-05,4.1304877803772094e-07,2.699312899146824e-05,2.2130118507819717e-05,0.012061962360256393,0
0.8445499075942567,0.02608491693824152,4.2752402395900414e-05,3.159141220938478e-07,1.6780816651505875e-05,1.960841093316601e-05,0.1292857179233991,0
0.8999432462587624,0.02693065671596704,3.316181144179217e-05,3.487069167520257e-07,1.890215165443736e-05,2.1210964769089733e-05,0.07305247339048844,0
0.9769030195726923,0.01894968705626789,8.45997967144901e-06,7.797248451316967e-08,2.9896196731527453e-06,4.351101273999415e-06,0.004131414697936633,0
0.97104204087367,0.02108938173671786,6.715085496622362e-06,8.873321177919435e-08,3.945801981315615e-06,5.490521024473909e-06,0.00785233724789786,0
0.9650058786466469,0.030145769910585284,1.0218687570213363e-05,9.354176826011291e-08,4.094899584171367e-06,6.445438245495957e-06,0.004827498875599793,0
0.92375777467731,0.06717723710235061,1.4258234971168688e-05,1.0661108505778187e-07,4.3990084475811014e-06,7.495881955971742e-06,0.009038728483879818,0
0.9162990428704237,0.07570180403945442,1.6384230879094805e-05,1.0575027120280249e-07,4.517871513096412e-06,7.435357677098742e-06,0.007970709879781535,0
0.9004386509265809,0.07222037909272183,2.113894394750839e-05,1.7258750032308716e-07,1.0160531921277721e-05,9.542364350205205e-06,0.027299955552977942,0
0.8800462034904879,0.08186454109017702,1.950037302273611e-05,1.7436505095555887e-07,9.714698659775799e-06,9.030633007735288e-06,0.03805083534959409,0
0.8451876725333844,0.07121503870128218,1.8539965837548712e-05,1.6577744867800053e-07,9.236242869012164e-06,8.626743541513524e-06,0.08356072003563655,0
0.09733270115468205,0.0015001695085292285,5.888121238483372e-06,4.323280862813705e-08,3.57151878953288e-06,3.31115051902889e-06,0.901154315313433,6
0.19396628607371388,0.010891678459286779,1.0742362828369759e-05,1.0543883875378427e-07,8.56553868366578e-06,8.205396007836456e-06,0.7951144167306408,6
0.5466773821112278,0.03978139168061491,2.0032889710283516e-05,1.9662756338453322e-07,1.4162860957890333e-05,1.6380586754606635e-05,0.4134904532431711,0
0.07084023837920668,0.0007861932907740105,7.684794228824373e-06,3.243993415440075e-08,3.509607568440891e-06,4.014656102465961e-06,0.9283583268321854,6
0.013364170737752661,0.0001381249365140537,1.068534583552394e-06,5.963427095602701e-09,6.451705101791487e-07,6.613024545032586e-07,0.9864953233547579,6
0.036782459474825724,0.0005111725478686708,3.1360142430458705e-06,5.448628803838518e-09,2.4314876008729173e-06,2.0415228202017146e-06,0.9626987535040128,6
0.05523148023128437,0.0007867388877033215,5.106486287540191e-06,8.181503857097363e-09,3.4646630553742445e-06,3.0654917831924316e-06,0.9439701360583823,6
0.036103992186756036,0.0003974993464609708,3.1321567663365913e-06,2.0937886941620573e-08,2.176288183203523e-06,1.912754528812517e-06,0.9634912663294177,6
0.6880862032449901,0.3044489111694631,2.8862279223995785e-05,3.0785192554142567e-07,2.4536561746331218e-05,2.034426352289669e-05,0.007390834629128111,1
0.688904558936782,0.30481099879473506,2.7760053557347527e-05,3.082180604447384e-07,2.456574360591134e-05,2.466219107366702e-05,0.006207146062185602,1
0.7289405746691074,0.2679229224874328,1.4485120069974567e-05,2.2655450982739406e-07,1.7014431500004225e-05,1.4413997278718905e-05,0.0030903627401013857,1
0.6649411265136597,0.3301354783447111,2.3645653497196886e-05,2.584302953374543e-07,2.2746538824903717e-05,2.7077223077703376e-05,0.004849667295934157,1
0.606363542949928,0.39298243603781463,1.9679328555661602e-05,1.6846384125087213e-07,1.2365391595316787e-05,1.539424608770197e-05,0.0006064135821773204,1
0.5300277189070033,0.46806387649322884,4.4173766254338496e-05,1.8577983478257482e-07,1.538554933999879e-05,1.558546526938987e-05,0.0018330740390693982,1
0.17708885439463207,0.8221601538459864,7.422021231788856e-06,5.059250242155704e-08,5.241079614299621e-06,6.4288235903279716e-06,0.0007318492424429225,1
0.15403361989354908,0.8453272473853719,6.977973844169521e-06,4.963930181938266e-08,4.174806558963329e-06,5.45717530330723e-06,0.0006224731260706216,1
0.15091001876042126,0.8488088225153839,5.270404266974688e-06,3.615721079931505e-08,3.382370083230757e-06,4.01906519240708e-06,0.0002684507274415784,1
0.1951824518274398,0.8039721159857698,1.3051719900888145e-05,1.9929364813946242e-08,9.903139454823635e-06,1.0290259420834213e-05,0.0008121671386491377,1
0.13371959890235088,0.8656351759289008,8.559852683973709e-06,7.86995187303212e-08,4.483607827800152e-06,6.748773754807563e-06,0.0006253542349627289,1
0.5873770064482925,0.41256256813893316,2.084208539488457e-05,2.0243056252135084e-07,1.6134135636590428e-05,1.8556051575341118e-05,4.690709604961838e-06,1
0.7775471847667405,0.06674036722485645,3.075127051818603e-05,2.580646903935515e-07,1.9720901584025977e-05,1.5746165514996187e-05,0.15564597160609536,0
0.92804821939105,0.04404709893744398,1.8816006879182222e-05,8.749785066389686e-08,1.2066773619947238e-05,1.005168306246216e-05,0.027863659710093896,0
0.9239822699839731,0.04823523377362114,1.8733570503123914e-05,1.5721214084456697e-07,1.2013906872271619e-05,1.0007644795986353e-05,0.027741583908093455,0
0.8881672700791381,0.10078632371003472,1.8730435227414806e-05,2.7370591615532e-08,1.0222085902667871e-05,8.564399972195614e-06,0.01100886191913311,0
0.9290570663310085,0.06160644894370161,2.1077130745224765e-05,2.4536835246297352e-08,1.1537935899095764e-05,7.230246492687634e-06,0.00929661487531743,0
0.875542079625047,0.08900098490741538,8.052926854568936e-05,6.147609838289195e-07,3.9718900197055944e-05,2.8916572120176344e-05,0.035307155965690735,0
0.8098748842922543,0.17875964777427159,6.176026553908553e-05,5.77212271172971e-07,5.243721626512633e-05,2.7150389675134136e-05,0.01122354284972339,0
0.8363735047170715,0.1620370844415945,5.0981916319775095e-05,4.7647767461531313e-07,3.4981496786898364e-05,2.2021600417512436e-05,0.001480949350135304,0
0.6813273735205165,0.31860974812638115,2.092142280277099e-05,2.0355430497923675e-07,1.6554320993140198e-05,1.0335000996194284e-05,1.4864054005227707e-05,0
0.8183731300805221,0.18159660277921819,9.757029735468646e-06,1.5050993178737375e-07,8.442630858747525e-06,7.824422721293562e-06,4.092547012389613e-06,0
0.8832864271585675,0.11668844558748957,8.742194726545727e-06,1.2508820614146593e-07,5.870081911120318e-06,6.6459655197490265e-06,3.743923579455209e-06,0
0.9369433860473386,0.06303925139829528,6.266184411024892e-06,8.93756775565011e-08,3.833714507712905e-06,4.556801336242588e-06,2.6164784336335187e-06,0
0.8612660210869343,0.13867035557504892,1.1809371203091079e-05,1.5659104134669574e-07,7.225091816417246e-06,8.140360116079018e-06,3.6291923839806144e-05,0
0.821151666850852,0.1779405753460949,3.298076477225032e-05,3.3892983619141957e-07,2.197094686621436e-05,1.7619213059406898e-05,0.0008348479485190385,0
0.8604866600033327,0.12388374861650522,5.7867092308827886e-05,4.445281900381343e-07,2.7817027415262157e-05,2.543517301301431e-05,0.01551802755923494,0
0.8386917640489359,0.14158493169626485,5.948203124192175e-05,4.569339607846424e-07,2.815385680357653e-05,2.6678556352974335e-05,0.019608532876439887,0
0.8604884569979597,0.11238650025887205,4.512489818767582e-05,2.701097270133176e-07,1.6504179845065208e-05,1.5778899832051048e-05,0.02704736465557653,0
0.8548576790487119,0.08927092204183501,4.623677675760203e-05,2.692254440903487e-07,1.9423319899299227e-05,1.856975759922807e-05,0.05578689982975288,0
0.9179245391983132,0.02537187006594325,3.094449403629094e-05,3.272609582867543e-07,1.7739643141382548e-05,1.822061739715054e-05,0.05663635872021034,0
0.981778338444215,0.016347666059640133,7.751901655118252e-06,7.160707142470574e-08,3.062854584304068e-06,3.797134685151804e-06,0.0018593119981489107,0
0.9765216485069286,0.017632222253793326,6.1344628285901055e-06,8.124315844856481e-08,3.537497068640307e-06,4.904454413422387e-06,0.0058314715818090935,0
0.9727105204733768,0.019298598319871574,6.726623599701113e-06,8.888567639703606e-08,3.952581801172214e-06,5.499955036530539e-06,0.007974613160637887,0
0.9551809956317484,0.038072344921195905,8.876876597626138e-06,8.125884345355591e-08,3.3529190571423673e-06,5.7133523974220335e-06,0.006728635040160182,0
0.9160114003145512,0.053777471450714986,2.0184782883566154e-05,1.6442752855327562e-07,8.957835946103686e-06,9.932353204990787e-06,0.03017188883517061,0
0.02980390053913629,0.0004352900635484323,2.300399385005848e-06,2.633777078282028e-08,1.817639784630978e-06,1.998411726292094e-06,0.9697546666086485,6
0.02901525090512925,0.00035564135484401416,1.9616570780623714e-06,1.2740621733848307e-08,1.4297925431840615e-06,1.278745863931999e-06,0.9706244248039199,6
0.042750036107351806,0.0005376964848091442,2.63052288030152e-06,2.308574225220011e-08,1.9816872826889633e-06,1.8239700845972695e-06,0.9567058081418492,6
0.0846351680230382,0.0016352436372059607,5.860370675169706e-06,4.313473170009314e-08,3.62747888014814e-06,3.291732381815601e-06,0.9137167656230871,6
0.4847175310088198,0.021090820969137797,1.4063050334425791e-05,1.6577227307072298e-07,1.1551332381211716e-05,1.4615851911341567e-05,0.4941512520151424,0
0.5689884096829178,0.009156382123529752,2.4228852231008026e-05,1.8216851077564455e-07,1.1723803826012623e-05,1.7515708744558482e-05,0.42180155766024,6
0.3927387162558249,0.005372123302647413,1.916876030931892e-05,1.3592587624499506e-07,8.747770408782677e-06,1.3069427032251646e-05,0.601848038557901,6
0.018822373831105337,0.00022439149730625257,1.7194382714985503e-06,7.642312102475856e-09,6.507253849456431e-07,8.706455253915737e-07,0.9809499862200945,6
0.04098257895931422,0.0005854382544110783,3.5040833162358738e-06,6.088125820930307e-09,2.513595248235228e-06,1.951403571325749e-06,0.9584240076160132,6
0.031943576738585076,0.00044392571194638196,2.7234587642132128e-06,4.731839436528213e-09,2.1116154785832214e-06,1.7912495147957253e-06,0.9676058664938715,6
0.0595885961327677,0.0008281135884877754,5.5093281543700714e-06,8.826928538900732e-09,3.939076796901306e-06,3.0732375430345115e-06,0.9395707598093217,6
0.03281004744795144,0.00036171636062055305,2.5939987984779063e-06,4.774548415219891e-09,1.455722717346768e-06,1.8263282674649441e-06,0.9668223553670964,6
0.036341664118269175,0.0004499837396636765,4.339719935608376e-06,5.210873715380637e-09,1.6912630959290284e-06,2.142833450370194e-06,0.9632001731147115,6
0.5265684814270987,0.4704329746137883,1.7641566389298922e-05,2.397222748209029e-07,1.323650166567413e-05,1.391849260533431e-05,0.002953507676178029,1
0.5841752252762796,0.414286100685791,1.3328147828790814e-05,2.3178133939628134e-07,1.263972938936942e-05,1.2694883512763883e-05,0.0014997794958591926,1
0.712247594845328,0.2799683884081016,1.8851000635897137e-05,1.866577457561402e-07,1.4072917921201468e-05,1.4424019130324594e-05,0.007736482151137169,1
0.542425504684803,0.4564388532579582,1.8774415797677187e-05,1.589208039218412e-07,1.166492440481467e-05,1.4522202188094716e-05,0.0010905215940442698,1
0.2670076000887926,0.7322346264673936,2.465691392365064e-05,9.358874274062477e-08,7.75064861474079e-06,7.851358578808912e-06,0.0007174209339537903,1
0.23971356702211416,0.7591806226776135,9.374074796662444e-06,9.637033659414346e-08,7.396058716375422e-06,7.846081160014643e-06,0.0010810977152624752,1
0.22915415882177387,0.770343881045441,8.041062793527144e-06,5.516509954642125e-08,5.746011217214707e-06,5.72783761911093e-06,0.0004823900560555771,1
0.28949170335444974,0.7100785499800362,1.0095325600349033e-05,8.183919582147262e-08,7.260245796442302e-06,6.597475248929243e-06,0.0004057117796723263,1
0.279636062738338,0.7199871115808122,9.874007333217657e-06,8.004504774545554e-08,6.756207074525367e-06,6.565533074338406e-06,0.00035354988831999453,1
0.2759117741904934,0.723522446871744,9.814080902279738e-06,8.811734532189076e-08,7.70069357117281e-06,7.227646949172058e-06,0.000540948398994506,1
0.2560892281679483,0.7430741848360412,1.115404165614477e-05,1.0255056280116285e-07,8.799396381728518e-06,8.948158085618897e-06,0.0008075828493242648,1
0.13830869654468467,0.8611332404799397,8.882122079963975e-06,1.1733817878741578e-08,6.739410152884589e-06,7.0028579454979975e-06,0.000535426851379788,1
0.12484483560557698,0.8739731062785465,9.29003802245404e-06,1.2272699391056173e-08,4.554397539093464e-06,6.643352463715126e-06,0.001161558055152068,1
0.1309208944125522,0.8678190194897701,9.787264567369189e-06,1.2929565584740995e-08,4.825945519746569e-06,6.998921642678941e-06,0.001238461036382224,1
0.5304145340253512,0.46951573359472326,2.3719279860909947e-05,2.3037556337926813e-07,1.93268097573719e-05,2.1117665151540968e-05,5.338249592512255e-06,1
0.6733502962011639,0.32659566490478376,1.6930247739248663e-05,1.7670526421034438e-07,1.4058073336636016e-05,1.8779263272378955e-05,4.094604439936576e-06,1
0.18604465133983047,0.002624071458383963,1.493052394263058e-05,1.238537056721886e-07,9.896018011461896e-06,7.299323052812389e-06,0.8112990274830729,0
0.9513998807918732,0.022909181062674405,1.5950737367542437e-05,1.4193976499679722e-07,1.4548173508079608e-05,7.078411020649497e-06,0.025653218883791205,0
0.9003560744428699,0.0853855105771436,2.225943154375767e-05,2.7746213187909456e-08,1.0815276766026615e-05,8.591095451523883e-06,0.014216721430012024,0
0.9021929151932226,0.04861766482674827,6.128301906526543e-05,4.919207263421884e-07,2.9710626284732017e-05,2.2700706435572586e-05,0.04907523370751713,0
0.6988673174593402,0.3010760508143595,2.0373541761758064e-05,2.3159824668174963e-07,1.6709645558260618e-05,9.745471431359288e-06,9.5714693023332e-06,0
0.8878229718931876,0.112154757035377,7.665369019850102e-06,1.1573856449547486e-07,5.32609703038525e-06,6.016795323830331e-06,3.147071497005044e-06,0
0.859407348579768,0.14056603116857305,9.261633770256893e-06,1.3252063017342773e-07,6.218867293944128e-06,7.040851939246554e-06,3.9663780253547815e-06,0
0.9285541216777238,0.0714281250060307,6.1665995307228284e-06,9.291243716772814e-08,4.0803150484471725e-06,4.8269337740571114e-06,2.586555454916908e-06,0
0.9464865084245933,0.05349595217686475,6.330007866703606e-06,9.028600259979955e-08,3.872762338405113e-06,4.6032140794757235e-06,2.643128255022354e-06,0
0.875118873019922,0.12020460922991316,2.2620117553826198e-05,2.77149661407599e-07,1.8111992960874623e-05,1.3622433878524625e-05,0.004621886056110226,0
0.880831740037141,0.10387873741779821,5.774486355075084e-05,4.5285195001676984e-07,2.934050650179863e-05,2.59114448893991e-05,0.015176072878168688,0
0.9258664502226529,0.0552125289711827,4.0542551232252016e-05,2.616775739857637e-07,1.6118816252502808e-05,1.5286321873228634e-05,0.018848811439232498,0
0.8977235091994199,0.07668618886477278,4.1201463539851496e-05,2.4662473526284644e-07,1.5069205504098438e-05,1.4406985771477586e-05,0.025519377656256646,0
0.8704016486221383,0.09985884062800107,4.278593237538029e-05,2.5610908784455877e-07,1.564871614391657e-05,1.4961029681756001e-05,0.029665858962571772,0
0.8874767354279788,0.024892429159446925,4.5164170954144283e-05,3.337356175905364e-07,1.7727463944141715e-05,2.0408457709310674e-05,0.08754720158434916,0
0.8198119063796638,0.022796919565661794,2.7774187324495453e-05,2.9077894120054287e-07,1.5762083802880162e-05,1.7687351701669685e-05,0.15732965965290394,0
0.9808661640347982,0.016332477373916097,7.762116678108882e-06,7.154054099158333e-08,3.0600088731469096e-06,3.7936067512452635e-06,0.0027866713184421703,0
0.981172728267439,0.017008173119814403,7.74711989293439e-06,7.156290058747516e-08,3.0609652618026375e-06,4.337792736392912e-06,0.0018038811719551032,0
0.9756548750562193,0.017649339758343777,6.151766225186065e-06,8.128950488420387e-08,3.6147940889418492e-06,5.029928779614477e-06,0.006680907406838408,0
0.9258645959941908,0.06557260032971696,1.6555271362095954e-05,1.0685423376274837e-07,4.565035089552302e-06,7.5129778704274335e-06,0.008534063537536704,0
0.8738472702223002,0.08371067693818601,1.9363014881091657e-05,1.7313684576486476e-07,9.646269560856162e-06,8.919675365877181e-06,0.042403950742860144,0
0.8287689973335443,0.07275887837034646,1.8364154670042598e-05,1.6420541089467107e-07,9.148657236093558e-06,8.544937681292487e-06,0.09843590234111094,0
0.027205912363354623,0.0003833046957218078,2.0998749471399814e-06,2.5860995586054656e-08,1.7143336788790665e-06,1.932752567619109e-06,0.9724050101187344,6
0.027205908068095634,0.0003833046352058098,2.2577542312158917e-06,2.586099150313061e-08,1.7143334082207242e-06,1.9327522624768764e-06,0.9724048565958051,6
0.04256201558365346,0.0005353316219021116,2.558314358855505e-06,2.298420799063076e-08,2.079503233637554e-06,1.8159480139338674e-06,0.9568961760446301,6
0.3581567341199167,0.015179176039248279,1.4651925670398549e-05,1.2635150211534843e-07,1.4494208524962577e-05,1.1140191357004713e-05,0.6266236771637806,0
0.3630363093145498,0.011619330806179717,1.4108173760340542e-05,1.3355492786247571e-07,1.0026504457457403e-05,1.1775304829385226e-05,0.6253083163412954,0
0.616349586095714,0.006756733350985092,2.1074569482889524e-05,1.8216182062023926e-07,1.1875789363844809e-05,1.558208572817079e-05,0.3768449659469054,6
0.383176581058977,0.009687441209908026,1.9425896174423788e-05,1.4912197378240104e-07,1.0244519194353048e-05,1.2755863833155168e-05,0.6070934023299392,6
0.13340946423467498,0.0012669556194099968,8.045792065045183e-06,4.314989819022448e-08,3.7442399187331107e-06,5.8978248683640985e-06,0.8653058491391648,6
0.047697050765352675,0.0006794155164540992,4.4098824559733835e-06,7.06541999553119e-09,3.357840082229595e-06,2.6746322035197824e-06,0.9516130842980316,6
0.03610401852762921,0.00039749963646989333,2.8668586527218126e-06,6.0201140889097905e-09,1.7269245632696758e-06,1.912755924326459e-06,0.9634919692766464,6
0.036103966410649176,0.0003987937618307061,2.893760744079708e-06,6.072784468749542e-09,1.7052222228290607e-06,2.0563179110150894e-06,0.9634905784538579,6
0.03234239246226092,0.0003965214455516209,2.5570254758118e-06,4.706494829672946e-09,1.5275597627921352e-06,1.8420757472677576e-06,0.9672551547247068,6
0.6541798226551544,0.34241629845168736,1.8391678924797126e-05,2.9046596181740653e-07,2.0121939891384407e-05,2.4219793193040237e-05,0.0033408550151869726,1
0.6490480689693936,0.34424693146300916,1.5407774762182967e-05,2.1342784321636002e-07,1.3729876933387195e-05,2.039861293834609e-05,0.006655249875120065,1
0.5981229045586054,0.39717991786529083,1.3611627412598452e-05,1.4680753145475695e-07,1.1617041315319015e-05,1.3058331204343635e-05,0.004658743768640106,1
0.5405108447969782,0.45834424172513516,2.3383510466554754e-05,1.595842134121286e-07,1.1713619234960666e-05,1.4582824627156834e-05,0.0010950739393445613,1
0.5082335093940922,0.49062007587949463,2.1352333777064566e-05,1.5230723079397012e-07,1.0797463486004412e-05,1.3917853079743052e-05,0.0011001947688395763,1
0.13436904342202,0.865010058966879,5.698141785793149e-06,4.33075900169628e-08,4.4295014164359405e-06,4.7281444545335505e-06,0.0006059985158543366,1
0.15334001560589336,0.8461108139017344,6.502637274970183e-06,1.4340864875724917e-08,5.121589645454745e-06,6.0552234625257845e-06,0.0005314767011244677,1
0.15821281735360637,0.8413828726391175,5.963699774741651e-06,4.0913508597821217e-08,4.288908345790749e-06,4.248256872204039e-06,0.00038976822877462167,1
0.2056147017601732,0.7932699340873941,8.78238900954923e-06,8.074552376912257e-08,7.056460150024426e-06,6.486210111087702e-06,0.0010929583476381847,1
0.15888672456764746,0.8403785761800253,1.1618286894207794e-05,8.466603900812876e-08,8.490672157923059e-06,7.329473163381866e-06,0.0007071761540725886,1
0.12041527645216991,0.8790277974826691,8.896434033825461e-06,1.1752724831222949e-08,4.714140449180197e-06,7.014141800742521e-06,0.0005362895961522822,1
0.13129838189721757,0.8681431334504196,1.0970032356450617e-05,1.1941614465650433e-08,4.789906050678833e-06,7.126872992835535e-06,0.0005355858993482853,1
0.12485633522350091,0.874053609062256,9.29089373977097e-06,1.2273829845137095e-08,4.866523459789077e-06,7.216894211373319e-06,0.0010686691290022914,1
0.5710229765353726,0.4289027920262921,2.7493094065514624e-05,2.4943465897397194e-07,1.854012702109012e-05,2.3165868123613383e-05,4.782914465989575e-06,1
0.5922876449483769,0.40764635676689914,2.4566490222611587e-05,2.2255839412490994e-07,1.7118795419562174e-05,1.9695191279089227e-05,4.395249408532701e-06,1
0.5611491114993631,0.4387851857619733,2.4697836712766134e-05,2.1550558575044448e-07,1.7144541478538162e-05,1.9071056608563615e-05,4.573798277902127e-06,1
0.5201983663672398,0.47970124641626655,2.3972271800777025e-05,2.0917453363536753e-07,5.325554603139652e-05,1.8510793389130338e-05,4.439430738608831e-06,1
0.5474402863539136,0.4524958477189954,2.351009810444612e-05,2.0514175075221094e-07,1.659257808244965e-05,1.8804576047217696e-05,4.753533106101956e-06,1
0.6126962387176736,0.38724149121046847,2.2276505167327482e-05,2.0468079549342163e-07,1.6283712013368952e-05,1.8762322004895815e-05,4.742851876781e-06,1
0.6138824991287517,0.386056074025799,2.090420613509954e-05,2.0661236676789368e-07,1.6248280324599434e-05,1.9638401798453898e-05,4.42934482444981e-06,1
0.9080550545662084,0.021544843383432915,1.8410649141275365e-05,8.561286353328147e-08,1.419525238430353e-05,9.529998747808484e-06,0.07035788053722178,0
0.857809392442356,0.14216670462037234,9.57655352434428e-06,1.0855107613193613e-07,5.415296134099962e-06,5.511430868907237e-06,3.2911056682615404e-06,0
0.7727066429671114,0.22725935428977886,1.1718385535422064e-05,1.652110305666065e-07,9.776752851299914e-06,8.241505641931625e-06,4.100888050181681e-06,0
0.8474209105318541,0.15255456114616417,8.480809863962666e-06,1.2013184360282053e-07,5.694571000910272e-06,6.6008261139235375e-06,3.631983159349278e-06,0
0.8608551147167349,0.139120774737358,8.328250929737403e-06,1.1916526703912449e-07,5.592132944084998e-06,6.504348343469907e-06,3.5666484225962565e-06,0
0.915139269270137,0.08484240995410683,6.374106361435198e-06,9.120427483567176e-08,4.2799923385602696e-06,4.8457043594188666e-06,2.729768422118189e-06,0
0.9287449769225072,0.0712375979862966,6.412142522750539e-06,9.145750347713569e-08,3.9230131452468535e-06,4.64084866536678e-06,2.357629359380872e-06,0
0.952548880521937,0.04743438470797556,6.039615671271268e-06,8.614408823509923e-08,3.6950974789737782e-06,4.392039390481202e-06,2.5218734583541644e-06,0
0.8933575837616473,0.09944592864290354,2.051948600154058e-05,2.5141198245554595e-07,1.643001125596732e-05,1.4214557318622207e-05,0.007145072128890471,0
0.9113195504267416,0.0750727233660266,3.5349485026327434e-05,3.3034579396884267e-07,2.14144908820234e-05,1.891175260693177e-05,0.013531720132922543,0
0.9327997555674729,0.05836175990930498,2.86177769148402e-05,2.887796747917752e-07,1.8719989252611514e-05,1.6532160745740758e-05,0.008774325816634176,0
0.8037320925951205,0.022220172197307545,4.0351306333407846e-05,3.095768108449165e-07,1.6956110945692908e-05,1.9585304622466676e-05,0.1739705329088596,0
0.9784127179368968,0.018180605646863992,6.9006893952959775e-06,7.25629275928063e-08,2.7501991270705035e-06,4.413820394069033e-06,0.003392539144395056,0
0.9799880560415271,0.01640019182285597,7.794298412785854e-06,7.183714806466835e-08,2.7543787075432397e-06,3.543380922152589e-06,0.0035975882404265646,0
0.9798154506931182,0.016629721563334452,5.890125545514555e-06,7.800722187865296e-08,3.336608695009741e-06,4.709108692072742e-06,0.003540813893392877,0
0.9787997946830292,0.0171478526073035,6.1715957887292385e-06,8.155153294955768e-08,3.4882097756814303e-06,5.0461422195765895e-06,0.004037565210350329,0
0.9742193373350918,0.018752509861099956,8.397425101015716e-06,8.637049673341506e-08,3.840736408662632e-06,5.683441082836434e-06,0.007010144830718932,0
0.9712524191598718,0.021753546113286636,8.008699521657142e-06,8.201259470845689e-08,3.646948557420981e-06,5.544199884161388e-06,0.006976752866283622,0
0.9545908984521296,0.03882580079038542,9.067439309130189e-06,8.427432896157358e-08,3.5323126739119578e-06,5.813358808844014e-06,0.006564803372364078,0
0.9354037957810926,0.05644225381800143,1.5171131067070806e-05,9.792044781565202e-08,4.183365174426663e-06,6.884838640411558e-06,0.008127613145576383,0
0.9432341734294171,0.04847233940179557,1.6865854647307686e-05,1.088588604604901e-07,4.650676911073039e-06,7.65392423715766e-06,0.008264207854131478,0
0.8781562767510096,0.0857898299533153,1.945849536192774e-05,1.6175203009181764e-07,8.970510096394574e-06,8.963658955109835e-06,0.03601633887923152,0
0.047238499129556015,0.0006475239644959922,3.1748633902364067e-06,2.780113273714868e-08,2.301658707508434e-06,2.3954489971297135e-06,0.9521060771337203,6
0.030228477058501853,0.00042414764400479637,2.2620344910535867e-06,1.6918570608679513e-08,1.3711978407072538e-06,1.4657927926490853e-06,0.9693422593537983,6
0.16625680127735046,0.006269931519380797,8.162599665642706e-06,8.01178515107003e-08,5.902153898369388e-06,6.234881820706126e-06,0.8274528874500324,6
0.212834701825982,0.0024415145542828532,1.1753126220549897e-05,9.022231789901344e-08,6.197864525345276e-06,7.717599040841528e-06,0.7846980248076306,6
0.2399969087053697,0.0028503289194027072,1.1557226659838366e-05,8.871850418076291e-08,6.09486580629863e-06,7.588963115941382e-06,0.7571274326011412,6
0.15710749498271048,0.0019105909792091844,9.42300274747556e-06,6.562026501613607e-08,4.637375609768596e-06,6.328005488886613e-06,0.8409614600339691,6
0.030695948214551735,0.00028474912785060087,2.2191818222619464e-06,1.480199790158164e-08,1.0199307031835396e-06,1.484543675858806e-06,0.9690145641993986,6
0.042544910501593834,0.000606026407861909,3.62731169168894e-06,6.302227423763499e-09,2.472247728800082e-06,2.280786143592347e-06,0.9568406764427527,6
0.046142845247488164,0.0006572768028931594,4.266186702541468e-06,6.83519371179077e-09,2.8648152913769315e-06,2.686979573273086e-06,0.9531900531328579,6
0.04420690622150042,0.0004970551474540295,3.7643024724624014e-06,2.6084627353989996e-08,1.8876972711854122e-06,2.6722860972657935e-06,0.9552876882605773,6
0.037667076573405574,0.00048183089568140934,3.207423490919171e-06,2.2225750225733433e-08,1.7185098441501837e-06,2.447857174604383e-06,0.9618436965146531,6
0.03876977256849695,0.0004773513523573432,3.4664089107241305e-06,6.548957460604159e-09,1.838949007060855e-06,2.3936426451382327e-06,0.9607451705296254,6
0.05010868308416841,0.0006869975641174899,5.695664175230317e-06,8.154289054955886e-09,2.646590361896247e-06,3.168376522777782e-06,0.9491928005663651,6
0.6349140180532027,0.31983587372636835,3.708742878996994e-05,3.437375227991888e-07,2.7249879145155817e-05,3.0203195435907714e-05,0.04515522397953519,1
0.5840971675663081,0.4126572713830502,1.6421367940028625e-05,2.593481787367899e-07,1.6665247981620844e-05,2.162511302424238e-05,0.0031905899735169283,1
0.44440533084224443,0.5542366304075267,1.9618383907414665e-05,1.2533137835785725e-07,9.889124398777996e-06,1.0304039539378612e-05,0.0013181018710048697,1
0.18900250607081268,0.8090598433988673,1.1792609661339746e-05,5.17036384089837e-08,5.001222634165921e-06,5.124167886511224e-06,0.0019156808264995501,1
0.2310227293212517,0.7682493724788959,9.76812044960657e-06,5.358127130445424e-08,6.262603056859395e-06,6.694725680673779e-06,0.0007051191693938254,1
0.26993029777614735,0.7293813424795057,9.902572493564622e-06,7.726679943156879e-08,6.8139884698670245e-06,5.903467345659113e-06,0.0006656624492384422,1
0.1675307883573637,0.8318865778353886,9.225841973616186e-06,7.46238854365284e-08,6.4002300530020835e-06,6.5113862431342685e-06,0.0005604217250924327,1
0.1281056118713912,0.8713352785495356,1.0318391760649586e-05,7.817183938041817e-08,4.5053766043404254e-06,6.7035233059479895e-06,0.0005375041155627831,1
0.12499112040005039,0.8744390514915115,1.1017832761888913e-05,1.2042317444729297e-08,4.8302990653920946e-06,7.1869735214499455e-06,0.0005467809607720154,1
0.4736127141149335,0.5262972753033078,3.28274814197395e-05,2.726260393129832e-07,2.3763632782323033e-05,2.7762818853222902e-05,5.384022664040631e-06,1
0.5706401996123469,0.42929409535726254,2.3066170029316882e-05,2.0126817344362249e-07,1.6591392883348028e-05,2.1182424513732795e-05,4.663774790654695e-06,1
0.63938880616688,0.36054899607912183,2.2287986752311888e-05,1.9538730416055053e-07,1.7615254948518497e-05,1.7910422458010187e-05,4.188702535017953e-06,1
0.5649491303702736,0.4349752054247125,2.181966998551907e-05,2.3738884271838036e-07,2.28997504683129e-05,2.5976237792506355e-05,4.73115792478962e-06,1
0.9123358873183167,0.020289413171258888,2.1019075140840954e-05,1.7639209786054346e-07,1.6395053792985746e-05,1.0974620281721621e-05,0.06732613436911114,0
0.8772422127951932,0.05457674195645513,5.343528451270502e-05,4.289267136430935e-07,2.5334390566335578e-05,1.979371652255529e-05,0.06808205293003641,0
0.8406356676828389,0.14073909497659154,7.824176516527634e-05,5.972981674635029e-07,3.754599185263395e-05,2.8095171930289715e-05,0.01848075711345395,0
0.8355460753930721,0.16443043551405875,8.216201295293211e-06,1.3250842111870767e-07,5.5168954833703265e-06,6.10482551114765e-06,3.5186621580955225e-06,0
0.8553480337673678,0.14462658111757723,8.83163232752783e-06,1.4243390753973572e-07,5.9301361721063896e-06,6.6986866105297414e-06,3.7822260370966556e-06,0
0.9224206819088806,0.07756151417288877,6.149819217240731e-06,8.799504907424059e-08,4.1293912653497905e-06,4.802997265064443e-06,2.63371543382584e-06,0
0.9375583826229195,0.06242394821137243,6.501957866611934e-06,9.273855533996595e-08,3.977963073973948e-06,4.7058533681178066e-06,2.3906528442549547e-06,0
0.9525397691866304,0.04743393098786422,6.0395579010458976e-06,8.614326424833211e-08,3.695062134570137e-06,4.3919973796779935e-06,1.2087064825501124e-05,0
0.9458625945645646,0.054100814304827126,5.997221419095336e-06,8.553941164657456e-08,3.669160250039923e-06,4.3612100735807295e-06,2.247799945376545e-05,0
0.941338915859485,0.03134275927599893,2.848169552606878e-05,2.607211683739732e-07,1.6059903575789623e-05,1.6564695229179005e-05,0.027256957849016886,0
0.9172304810019093,0.05398561696616596,2.7303844035153705e-05,2.5404389284882834e-07,1.4992102032520055e-05,1.6140460270717066e-05,0.028725211581693475,0
0.8063148958578773,0.0219590584114783,3.981315424839578e-05,3.1133357498756023e-07,1.6537505840818652e-05,1.9038537584015724e-05,0.1716503451993963,0
0.8594319910905409,0.023405641381548728,4.4908058018134524e-05,3.3184309953769917e-07,1.762693662917448e-05,2.029272725499392e-05,0.11707920796290835,0
0.9799960879425991,0.016551785899089205,7.866344488864413e-06,7.250116993817573e-08,2.7798386229074367e-06,3.5761339267173035e-06,0.0034378313401035865,0
0.9787391119734565,0.017106332749314092,6.156652589333709e-06,8.135407335246244e-08,3.4797638216695627e-06,4.899979667261272e-06,0.004139937527077927,0
0.9711397974793512,0.019182647720277713,7.994983393284456e-06,8.223124097526756e-08,3.6566713529277657e-06,5.558980767651711e-06,0.00966026193361635,0
0.9698208859977904,0.02349516230422683,8.133449242148468e-06,8.329008654579957e-08,3.4910586882406395e-06,5.7454644169422005e-06,0.006666498435549192,0
0.944534541655505,0.0470059151753123,1.581663898761443e-05,9.504440336663888e-08,4.060494574296692e-06,6.682622429233837e-06,0.00843288836878866,0
0.9491392460225851,0.04177041020278739,1.7799749788005483e-05,1.0654618069490989e-07,4.551874421840723e-06,7.4913184957813485e-06,0.00906039428574105,0
0.8874588932639899,0.08256491424457606,1.9020332642487713e-05,1.5567162798532742e-07,8.633300674939724e-06,8.626707074125272e-06,0.02993975647941459,0
0.02687861841234609,0.00037869344407079195,2.1726249717723833e-06,2.5749567209054842e-08,1.5963298033903148e-06,1.730203942513441e-06,0.9727371632352981,6
0.026999118803194926,0.00037864648296200964,2.1723555483660896e-06,2.11537680585966e-08,1.5961318453355263e-06,1.9092642754784103e-06,0.9726165358084058,6
0.3206269189174338,0.013569179887348598,1.2773106313352139e-05,1.2537106765764167e-07,9.030336178783728e-06,1.0444373184177894e-05,0.6657715280084736,6
0.2341367768668213,0.0018629350355725543,1.55120983335602e-05,1.0193662628489452e-07,8.086435062481612e-06,9.933236299725068e-06,0.7639666543912841,6
0.04202501558550529,0.00038381476782473186,3.0622281991682224e-06,2.0123209950412522e-08,1.541786193823377e-06,1.960910487539324e-06,0.9575845845985795,6
0.04346477532975651,0.0006468223884075802,3.6012160583527646e-06,2.1666690224288314e-08,1.7272977302298712e-06,2.1467111886250418e-06,0.9558809053901686,6
0.0785728694728398,0.0009400531105602366,5.934420323477202e-06,4.202970728993142e-08,3.350664880173641e-06,4.529059978225312e-06,0.9204732212417109,6
0.043379446007909994,0.0005334329617167711,4.205935223844078e-06,6.331560384595302e-09,2.0549978761728694e-06,2.7777199359400678e-06,0.956078076045777,6
0.5824467799748066,0.17928325288720695,2.4975524428361215e-05,2.6588158259647395e-07,2.1599431555980013e-05,2.3362225155329163e-05,0.2381997640752641,0
0.6226170246062057,0.2973701517334415,3.325101554976254e-05,3.1959291532982574e-07,2.489996225503138e-05,2.6551358342195063e-05,0.07992780173129028,0
0.6112256756661936,0.38338146360163106,1.6950442060844e-05,2.3479680527840572e-07,2.4496029888798383e-05,2.3776221899383336e-05,0.005327403241520939,1
0.6039951131313812,0.38729095530682733,1.6749924909498777e-05,2.320192501933886e-07,1.6324948933353223e-05,2.1288843637012357e-05,0.008659335825061202,1
0.6217795780601078,0.3706748010725819,1.996235695318771e-05,2.2634363004024006e-07,1.5624550781457655e-05,2.1224100288104412e-05,0.007488583515657562,1
0.674542164681925,0.31546909017998676,2.2179083704751083e-05,2.0169944485837115e-07,1.743965051981801e-05,1.63049885360461e-05,0.009932619715882659,1
0.6141008088160409,0.3801213929711925,2.047936552875187e-05,2.5295382495236494e-07,1.6993320164568476e-05,1.7370122721457082e-05,0.005722702450526768,1
0.6394750502654203,0.34767328215412685,2.3493610733036674e-05,2.172560812563931e-07,1.7500802486019295e-05,1.7562556588884783e-05,0.012792893354563812,1
0.6461565659029253,0.34410812312980527,1.710491454721958e-05,1.7558418096227295e-07,1.3894169218312822e-05,1.4193881692193886e-05,0.009689942417630793,1
0.37889181193210386,0.6199834993632352,3.239753578242967e-05,1.1308392357129894e-07,8.465086345894245e-06,9.486850741413882e-06,0.0010742261478675459,1
0.24818339518281043,0.7509613556327714,1.5469040466585988e-05,7.718766362677195e-08,7.145777598523528e-06,7.147678694168649e-06,0.0008254094999952637,1
0.25082030559774326,0.7488208793775862,7.646267348094356e-06,6.198555604609622e-08,5.498958881579486e-06,5.705485426475749e-06,0.0003399023274581869,1
0.27478060597672793,0.7246047824923453,8.873340586522304e-06,7.676079594476978e-08,6.225019739777396e-06,5.680148382805363e-06,0.0005937562614216499,1
0.16774678208916688,0.8308718550248001,1.1624132242298644e-05,1.0687258845462187e-07,8.818682034545385e-06,8.584972039001935e-06,0.0013522282271285337,1
0.15762039669320643,0.8417515939700347,9.954570075978328e-06,1.3150586231660345e-08,7.466248348855315e-06,8.67712296262027e-06,0.0006018982447852098,1
0.10935185724755893,0.8903197771694358,1.6311393285333747e-05,5.8037397114668776e-08,5.205609999305844e-06,5.3560300156762205e-06,0.00030143451230780214,1
0.1379684800188038,0.8614401510260901,1.7211429058128028e-05,7.68958584203378e-08,4.816682892678833e-06,7.09639898162186e-06,0.0005621675483154918,1
0.10843970868791246,0.8910636582325675,9.691264819457522e-06,7.37186778129589e-08,4.2487219048937065e-06,6.3216482907351325e-06,0.00047629772582714284,1
0.5299911689713541,0.4699464014464297,2.3153319985411472e-05,2.0202861665792966e-07,1.694871010804526e-05,1.7837754649738128e-05,4.287768856381402e-06,1
0.6358654108829188,0.3640701431572084,2.1420113545600936e-05,1.9729547043648484e-07,1.7787286778217768e-05,2.0811654377432782e-05,4.229609701179958e-06,1
0.549471150849456,0.45044828357332783,2.200842965409805e-05,2.3944246861215456e-07,2.7344662927881732e-05,2.620095549171521e-05,4.7720866740544254e-06,1
0.8827443012148742,0.045235027456062935,3.9958519481922674e-05,3.957739438166331e-08,1.93722936194486e-05,1.4801598129380705e-05,0.07194649934043765,0
0.8082530839105766,0.056502588798385794,6.751361220188935e-05,5.25339610839646e-07,3.1028981076829776e-05,2.4242890461893477e-05,0.13512101646768604,0
0.8640522133994941,0.12710523797011725,3.224598888959632e-05,4.448497737957789e-07,1.803295597995463e-05,2.0813548030621143e-05,0.008771011287714788,0
0.7669303063686392,0.2329875850114624,1.4372346251495797e-05,2.2621741943510463e-07,8.6519671787368e-06,9.808163323914548e-06,4.904992572450624e-05,0
0.7790744612018392,0.2208463362310282,1.6019567281362442e-05,2.0670965749650274e-07,9.809433204137081e-06,1.0185842083524428e-05,4.2981014906071935e-05,0
0.7806696034990103,0.21928558217377456,1.5422312283919128e-05,1.9900293397574839e-07,9.777832191573408e-06,9.806084941480326e-06,9.609094864280872e-06,0
0.7450755934093547,0.25488027035234223,1.6469036106704318e-05,2.1759869125296282e-07,1.0129926845130493e-05,1.0722411006470596e-05,6.597265653253404e-06,0
0.7524328655413949,0.24752789994852573,1.4636346152494621e-05,2.031783282775596e-07,9.002658980413616e-06,9.529210942474954e-06,5.863115675705647e-06,0
0.822434126263847,0.17753871323864848,9.996643895804673e-06,1.379504030987462e-07,7.476166080453459e-06,6.125515645165647e-06,3.424221479916978e-06,0
0.9492221467886311,0.050761172539048154,6.018522587650392e-06,9.019089227250115e-08,3.682192518732347e-06,4.3767003922448955e-06,2.5130659297573763e-06,0
0.951536030341192,0.039099992699552985,2.1587214135001833e-05,2.538764579035099e-07,1.5895033560309543e-05,1.580724147413657e-05,0.00931043359362768,0
0.9128979846495175,0.03297986499649178,4.3915664808167876e-05,2.682293632813803e-07,1.6389286310688704e-05,1.7041721936055667e-05,0.05404453545157234,0
0.8258083671452625,0.044652270991144626,3.5399999350331245e-05,2.5091120201268906e-07,1.5331116168781042e-05,1.7172283274085413e-05,0.12947120755359764,0
0.8560517301154124,0.02350253882582991,3.665461883242497e-05,3.041326616361375e-07,1.615500566680709e-05,1.859819041141868e-05,0.12037401911118532,0
0.9781376254873551,0.01817549395192191,6.859332577650464e-06,7.254252565696525e-08,2.7494258756595975e-06,4.038885701301323e-06,0.003673160374042493,0
0.9718159583243571,0.020776447118189306,8.172857147253776e-06,8.369364077342041e-08,3.507973444257105e-06,5.773302141109156e-06,0.007390056731080315,0
0.88940052137681,0.0882681658961066,1.915173634121289e-05,1.560122143624081e-07,8.499378626821623e-06,8.645581026601629e-06,0.022294860018874485,0
0.026878283926894304,0.00039134916336142523,2.074587107625347e-06,2.0524289368432235e-08,1.4834086763311947e-06,1.7301824113454872e-06,0.9727250582072596,6
0.03599723816435883,0.00041524085944945967,2.297233016729912e-06,2.6404004711805097e-08,1.6905770276136385e-06,2.09378556077952e-06,0.963581412976582,6
0.10758095358426964,0.002322107084677556,5.548666348480517e-06,3.946813575356105e-08,4.028796093354465e-06,4.622095434340637e-06,0.8900827003050409,6
0.3266912587552803,0.012727765761588697,1.0446171739746755e-05,1.4039519319724586e-07,9.26539641411393e-06,1.0584648819165663e-05,0.6605505388709649,6
0.40246151440302785,0.012917007164762925,1.6313862464459535e-05,1.5443506449601962e-07,1.0917543354167704e-05,1.3152680704643018e-05,0.5845809399106214,6
0.2255502871104157,0.005642512563123714,7.443503070560847e-06,1.0003971576299371e-07,5.766702807715194e-06,7.015608316541919e-06,0.7687868744725499,6
0.0361174336058229,0.0003298607793645964,2.6317616335990924e-06,1.7294430214815626e-08,1.3719336412397064e-06,1.6852594425947296e-06,0.9635469993656649,6
0.0566738641354428,0.0008673059926383469,4.606278846213226e-06,2.9717602015629803e-08,2.369127263006229e-06,2.9443864330761694e-06,0.9424488803617745,6
0.058152233743398535,0.000902307415344828,5.023641747636961e-06,3.022470403890174e-08,2.40955411938001e-06,3.256970039595961e-06,0.940934738450646,6
0.05336068083975378,0.0006263590778338943,4.2581092194028536e-06,3.0764695713657634e-08,2.1781350383134943e-06,2.7276053102305005e-06,0.9460037654681486,6
0.05878886369510944,0.0008182609994317173,5.0059839938114684e-06,8.708463236215623e-09,2.8264554656531828e-06,3.820491391267583e-06,0.9403812136661448,6
0.045323525767252924,0.0005529748171736301,3.864212028791614e-06,6.713826957547199e-09,2.1790679233383747e-06,2.945424169341259e-06,0.9541145039976251,6
0.5959258667343914,0.18343225774617752,2.9351075931045686e-05,2.720346613717547e-07,2.2881171863763557e-05,2.390287791639217e-05,0.22056546835905846,0
0.7509471808342777,0.22741607233468275,3.108816680726346e-05,3.5269476855426496e-07,2.1785488452692727e-05,2.669787261836039e-05,0.021556822608392718,0
0.6080683695163174,0.3806714696219953,1.6463639142580744e-05,2.3244785466310638e-07,1.6045926755610065e-05,2.179648960409178e-05,0.011205622358330404,0
0.7096891818341251,0.2767941139928791,2.2107172367941918e-05,2.1405329913135876e-07,2.667939322745842e-05,1.8007383280173267e-05,0.01344969617082123,0
0.3866773160253585,0.5621866204907454,1.584023595771063e-05,1.293776158340085e-07,1.1867547477504637e-05,1.1043145461312284e-05,0.05109718317738371,1
0.28621351689860364,0.6852100828013004,1.4113821033850807e-05,1.1813590755244159e-07,8.206271554501986e-06,8.878133675606685e-06,0.02854508393792458,1
0.6625615483387268,0.33113892619967955,2.0665174111883456e-05,1.6896653474107194e-07,1.3370507599593015e-05,1.365892411782844e-05,0.0062516618892294535,1
0.2968485952924564,0.701849426596473,2.6196878728666005e-05,9.144046793724643e-08,6.53119218109512e-06,7.135564065669983e-06,0.0012620230356272123,1
0.27133362452081056,0.7277578207557093,2.3736470205750574e-05,8.28523873119775e-08,6.295110624129125e-06,6.465392522532198e-06,0.0008719748977404025,1
0.10897031600642068,0.8903453565154827,7.92443169807871e-06,8.730161968540703e-08,3.298124183780149e-06,5.129012748760986e-06,0.0006678886078460087,1
0.08516410535860391,0.9144730045142507,6.54455623765476e-06,8.592696350150565e-08,2.5914801864801635e-06,5.109608105211797e-06,0.00034855855565263643,1
0.12098537462164147,0.87866309265833,8.501833729566832e-06,8.077940957496905e-08,2.711628230480063e-06,4.966229033466417e-06,0.00033527224962536303,1
0.1185071040896954,0.8811398813198426,8.928587695592622e-06,9.372002715162505e-08,2.794734770136422e-06,4.980227914110589e-06,0.0003362173200548943,1
0.07432964546970722,0.9254423504505591,6.147545957924747e-06,1.0401418031827942e-08,2.2275519069847515e-06,3.9518907176534236e-06,0.00021566668973306997,1
0.8614275683667698,0.02327357220801029,3.265128980414226e-05,3.748465983947323e-08,1.8738670182155833e-05,1.3088367308910642e-05,0.11523434361326478,0
0.8771383127858325,0.035009086498765746,3.5271794247679685e-05,3.8168306302622796e-08,1.4671600020344375e-05,1.4274611555334738e-05,0.08778834454127202,0
0.8882208797124872,0.03931163100774834,4.0206423623914845e-05,3.9069422648509944e-08,1.9492258962273553e-05,1.4893427795042793e-05,0.07239285809996077,0
0.778435330169645,0.22120732795653983,1.7158416812373757e-05,2.23686117751869e-07,8.850310086193037e-06,9.579455136095752e-06,0.00032153000566269974,0
0.879475947634182,0.12049961281887031,8.461788956437295e-06,1.5094438070504096e-07,5.796959999430402e-06,6.48059015162217e-06,3.5492634594779703e-06,0
0.888257790940552,0.11172340916117576,6.546689025075117e-06,1.0334551036669474e-07,4.302718080519982e-06,5.102882812536654e-06,2.744262843571219e-06,0
0.9137713224205619,0.08621068254406111,6.246088779059433e-06,8.584206917843284e-08,4.175717528324258e-06,4.824124791717394e-06,2.663262208628008e-06,0
0.9096483334691549,0.09033259497938864,6.2906470069879e-06,8.810259459925597e-08,3.993158437828422e-06,4.808867377848681e-06,3.890776039187977e-06,0
0.9464516100910105,0.05353365875246557,5.267335659162466e-06,7.39366861856908e-08,3.4114298091326785e-06,3.928273353595697e-06,2.0501810158915985e-06,0
0.9503061275834079,0.0496785230020949,5.4473100135610375e-06,8.033553547762203e-08,3.527991562019397e-06,4.173545773574697e-06,2.1202316123622183e-06,0
0.9499901949580251,0.04998581193206016,5.6843111363986795e-06,8.107631788872013e-08,3.477718598837304e-06,4.114073830593743e-06,1.0635930031045382e-05,0
0.9419189594529908,0.04250024795844522,2.1775031626904506e-05,2.6143267182676237e-07,1.636812301055162e-05,1.48991862432947e-05,0.015527488815011406,0
0.9587290547112055,0.02863685468017321,2.7474902385624965e-05,2.5675673736225524e-07,1.607536591187098e-05,1.598657780682909e-05,0.012574297005779722,0
0.9489847775199711,0.02952314457928929,2.1663594698185064e-05,2.547747316090638e-07,1.595127387031714e-05,1.618689348287423e-05,0.021438021363956554,0
0.9229429856766993,0.03768530414250633,2.792509760627861e-05,2.556260763409377e-07,1.5746056076291795e-05,1.624098293831204e-05,0.03931154241809721,0
0.9137794817551472,0.0394543346551378,4.132066135069106e-05,2.7107983014633985e-07,1.5997457868158616e-05,1.7222823897102427e-05,0.04669137156676887,0
0.7544637914930783,0.01724193117879156,3.5680672148965925e-05,2.737435214962229e-07,1.4820963955440316e-05,1.7062396350030535e-05,0.22822643955215444,0
0.8321761576825213,0.021540013558302786,3.283089513230475e-05,2.8827563331112904e-07,1.531270750300214e-05,1.7628508199185264e-05,0.14621776837270792,0
0.9772167542193393,0.01707319777134825,5.428914750427877e-06,8.408139423704046e-08,2.89292250535737e-06,3.697984642957939e-06,0.005697944106019416,0
0.97860849808977,0.01707008341110711,6.901695499499204e-06,7.555797475743165e-08,3.2318468659882297e-06,4.971944287848084e-06,0.004306237454494825,0
0.971874725972739,0.021470417581042102,1.1026692284358302e-05,8.508569545713667e-08,3.566320659389622e-06,5.869327982639908e-06,0.006634309019597068,0
0.9625712893749124,0.02963146807014658,1.3683927243760028e-05,8.518951834059014e-08,3.570672339095455e-06,5.876489827551885e-06,0.007774026276012174,0
0.8093080901359622,0.051446007562871064,4.5583381185525406e-05,3.146133031455779e-07,1.9223426694695174e-05,2.2120628271248098e-05,0.13915866025171242,0
0.24506681544682019,0.03127508318303917,1.0006966967741007e-05,1.1430045765299583e-07,6.376400852475849e-06,6.596432921020751e-06,0.7236350072689417,0
0.7276804145492806,0.11688633209823744,2.222690652542866e-05,2.784148696721667e-07,6.655131343214018e-132,1.7198378545245365e-05,0.15539354965254168,0
0.028501298994068645,0.000321696744629842,1.92504980701705e-06,1.9258892864216608e-08,1.344844892126514e-06,1.5681176068632684e-06,0.9711721469901027,6
0.03386577406512316,0.0003924838745877598,2.057482693803078e-06,2.0583799247944573e-08,1.4305901128899464e-06,1.6759955125361062e-06,0.9657365574081707,6
0.055235786547669335,0.0007038079281585888,2.3313148162821386e-06,2.1028596565059884e-08,1.451017720259953e-06,1.910495039906508e-06,0.9440546916679989,6
0.0840969201404773,0.0010388474857687892,3.762509569265114e-06,3.038155659292422e-08,2.293453569198024e-06,3.0833484261663216e-06,0.9148550626806328,6
0.241436196260945,0.006859315184643896,1.0284404230344864e-05,1.009438665074983e-07,8.20317828416833e-06,8.567013197866524e-06,0.7516773330148323,6
0.2112399277298688,0.005663324113288199,8.153933088360844e-06,7.718915034012172e-08,8.854628731465674e-06,7.067339484186628e-06,0.7830725950663886,6
0.1951603408892932,0.002506212411942377,8.647357583104298e-06,1.025267926644641e-07,5.8135592472954085e-06,7.541617418320539e-06,0.8023113416377231,6
0.15252147431890747,0.0016539350429303783,8.184232992649923e-06,6.717907431672096e-08,4.760082041463015e-06,6.065752390734397e-06,0.845805513391663,6
0.16171650189070966,0.0018025769122908364,9.086534436453548e-06,6.505816469814135e-08,4.9845815043551486e-06,6.212820693506629e-06,0.8364605722022004,6
0.07708622987816552,0.0009004631580875299,5.672944936821323e-06,4.0952005947135996e-08,2.9978739956615975e-06,3.985798082421936e-06,0.9220006093947262,6
0.05250076980394542,0.0006322756560389247,3.8443080678399995e-06,8.834832997656136e-09,2.479657729764404e-06,3.1051920437845863e-06,0.9468575165473412,6
0.6018960063586526,0.12910148286266776,2.9678426640554546e-05,2.8191059562778715e-07,2.1594651014405585e-05,2.4770646933920644e-05,0.2689261851434951,0
0.5967210918607306,0.17480600248017983,2.854541506941148e-05,2.7114830115906164e-07,2.0760823304139386e-05,2.3824996076456354e-05,0.22839950327633843,0
0.6847966102197335,0.2667346026174893,2.2523525319213593e-05,3.3183616413950066e-07,1.957303560196288e-05,2.1055080805900654e-05,0.04840530368488589,0
0.6949171171542382,0.27067663351422,2.5018597843351996e-05,3.365854978493344e-07,2.0468138536799055e-05,2.2256139174231833e-05,0.03433816987048955,0
0.4203669763070809,0.5273137278094857,1.722033286560009e-05,1.6016029187556056e-07,1.2901519801001684e-05,1.2947044672306796e-05,0.0522760668258026,1
0.2798791448683098,0.6754712943502972,1.1720654775497336e-05,1.1725765941066537e-07,8.276273295508821e-06,8.459787812334015e-06,0.04462098680785027,1
0.28275509847545166,0.6800060566230041,1.2543741389310986e-05,1.1786607265006274e-07,7.730828030189261e-06,8.50368299950887e-06,0.03720994878305261,1
0.271739985785493,0.6621984728936641,1.2428678636787464e-05,1.0613785704253808e-07,8.54980749744215e-06,8.351677727412017e-06,0.06603210501912432,1
0.27390304799391324,0.7253791981453499,2.378345454369601e-05,7.02720755406676e-08,6.307571263912725e-06,6.305816287934831e-06,0.0006812867465656343,1
0.12518669489502307,0.8727855712767291,9.669125805776748e-06,3.850663739444452e-08,3.8192675922051185e-06,3.817217135437906e-06,0.0020103897110768463,1
0.12254425160653858,0.8755911508358024,8.950721621792104e-06,3.863041743655093e-08,3.7418893187425753e-06,3.829487625143715e-06,0.0018480368286758928,1
0.12098175831452589,0.878636829024365,8.939352677489155e-06,9.345379685826607e-08,2.786795772674223e-06,5.490456159157459e-06,0.00036410260270301677,1
0.6063074455257301,0.3936314635409869,2.3418247272539777e-05,1.980950920442772e-07,1.5779854360968564e-05,1.7490451143295573e-05,4.204285414217435e-06,1
0.5713475826490378,0.4285802229679206,2.5528972809414746e-05,2.2366174813522237e-07,1.8534326376886755e-05,2.2724744663618337e-05,5.182677443430947e-06,1
0.6178814030102456,0.3820618725433499,1.877979310419227e-05,1.9600943550275345e-07,1.6948429903737247e-05,1.6258294349904106e-05,4.541919610972477e-06,1
0.5964941088142329,0.40343885876901864,2.443787479533518e-05,2.1863001108229175e-07,1.890437268071958e-05,1.8784560823156556e-05,4.686978437958803e-06,1
0.5765970316332404,0.42331748422730714,2.627057860892053e-05,2.5280870076137287e-07,3.372897882382601e-05,2.019329773442416e-05,5.038475584473322e-06,1
0.4658047280647798,0.014625163232907785,3.761350336801874e-05,1.5522331478135329e-07,4.74576087144058e-05,1.6543536946033186e-05,0.5194683388299692,0
0.5996282149326293,0.012533209275296409,2.1832156565383014e-05,2.6437450081543208e-08,1.4864264858615453e-05,1.0386312270767058e-05,0.38779146662092945,0
0.8589909002145614,0.13781395318315315,2.4865222932468872e-05,3.259236226392534e-07,1.20722096461144e-05,1.5040424364647269e-05,0.0031428428217196262,0
0.7492653533425546,0.24872558387238544,2.2886577898944943e-05,3.2740204785513047e-07,1.2126832963425804e-05,1.5108649375335734e-05,0.001958613322774639,0
0.7784398271952482,0.22143105704914795,1.586068278235365e-05,2.39117589334247e-07,1.0047201847855811e-05,1.0061879435532187e-05,9.290687394863717e-05,0
0.845801147542398,0.1541691330774862,1.1238817713494511e-05,1.453470489670359e-07,6.766377889102414e-06,7.162133138891047e-06,4.406704325428282e-06,0
0.8721006927738297,0.12787129649523854,9.48013284412204e-06,1.3365514493028036e-07,9.144548815445598e-06,5.934790061767897e-06,3.317604065600895e-06,0
0.8359786255794267,0.1639933238520574,9.85448815195588e-06,1.359887005142445e-07,8.646155113101313e-06,6.038408687863569e-06,3.375527862673605e-06,0
0.8838734924998528,0.1161071274038312,6.697776061121017e-06,1.0573055825733829e-07,4.4020178821810844e-06,5.36697580562354e-06,2.807596009019888e-06,0
0.8529741439871821,0.14700167373623726,7.488104429104724e-06,1.1455644423357663e-07,4.666212409065273e-06,5.749680081812812e-06,6.163723216460246e-06,0
0.9427928367606281,0.05719105034471298,5.4642228448385884e-06,7.652825052240847e-08,3.0030569649488127e-06,4.189455331017223e-06,3.3796312674777357e-06,0
0.9521429117731482,0.04782165298243291,5.137985662607403e-06,7.75778809146151e-08,3.3276553047888037e-06,3.831806718918432e-06,2.306021885199028e-05,0
0.9581028711956178,0.040977701781286006,8.795385480043178e-06,1.1617856685732024e-07,4.98340789600878e-06,6.1065700620330836e-06,0.0008994254810916256,0
0.9281163387399891,0.029227662178925553,2.779416162198056e-05,2.5442748959327943e-07,1.4076373516180015e-05,1.528392294835499e-05,0.042598590195509205,0
0.9157559178974165,0.03813196287838356,2.7707641520307865e-05,2.536354854102668e-07,1.5623439648155964e-05,1.6114512455312226e-05,0.04605241999509087,0
0.9145933372465159,0.04040967385883128,2.963967121397266e-05,2.713212667432091e-07,1.6011705965422666e-05,1.7238163363664545e-05,0.044933828032843084,0
0.8878630710250432,0.031045622614307076,3.991981132197063e-05,2.6087355895908775e-07,1.593983371680178e-05,1.657437723395814e-05,0.08101861146481788,0
0.9716066865263661,0.02085476306374285,8.636134137744937e-06,7.165619355003716e-08,2.6613160216443865e-06,4.381888892273809e-06,0.007522799414646004,0
0.9729785496880315,0.01972079308634939,6.080499378465487e-06,7.15531285017813e-08,2.7434888343005332e-06,4.4412169292000275e-06,0.007287320467348737,0
0.9762112116390503,0.019061295760275303,6.9153618163922265e-06,7.239965524448423e-08,2.775946348250946e-06,3.972105717518975e-06,0.004713756787136727,0
0.9760292196434605,0.018241181941245348,6.02520181871538e-06,7.535882968959394e-08,3.2233288192111087e-06,5.060035794765022e-06,0.005715214490031911,0
0.9739146157973154,0.019122513450649376,6.305052958748018e-06,7.885900363142793e-08,3.3730420191829915e-06,5.29505809416293e-06,0.006947818739959707,0
0.9729665375999126,0.020454985564257334,8.186728071173703e-06,8.383568511640041e-08,3.3799800354037674e-06,5.629221808711465e-06,0.006561197070229531,0
0.973043834933996,0.020513189947198966,8.856597710334121e-06,8.366659107145147e-08,3.3731627177515104e-06,5.7714362155639004e-06,0.006424890255570377,0
0.9735696956885773,0.018845598348198038,1.2796263646620615e-05,8.523408667793578e-08,3.5725403967210805e-06,5.879564212595306e-06,0.0075623723608821075,0
0.9695340585343052,0.023254530033134515,1.4780006137910112e-05,9.201317586175346e-08,3.856682233703214e-06,6.347195083208991e-06,0.007186335535929606,0
0.7465067558523262,0.1040028252246646,2.278422795262704e-05,2.8414956443694265e-07,6.792211474450673e-132,1.782764951346001e-05,0.14944952289597885,0
0.6948161492961392,0.1831765032198159,2.687132884184611e-05,2.634081884766383e-07,1.916521174474923e-05,1.578494238729199e-05,0.12194526259288237,0
0.034830072126188244,0.00027314669703541234,1.4005790830358892e-06,1.4011898502432913e-08,9.466935952624277e-07,1.089849603515954e-06,0.964893330042596,6
0.046552966350297105,0.0008080838882322316,2.8280555397769074e-06,1.9579466309198302e-08,1.8865029477190025e-06,1.961662053660362e-06,0.9526322539614632,6
0.26481991133329186,0.008409899703455431,1.0621496555048866e-05,1.0054832257515693e-07,7.548566126498805e-06,9.206075297797089e-06,0.7267427122769509,6
0.0562429941998938,0.0006751448749747038,5.340868558632734e-06,3.2635005601541444e-08,2.4606660230358707e-06,3.094282042660891e-06,0.9430709324735016,6
0.05677280730487606,0.0006959886749997423,5.248991350467187e-06,8.57186605004325e-09,2.5546979953833547e-06,3.431888739361343e-06,0.942519959870173,6
0.03704498371333041,0.00044528498611561495,2.928817564023749e-06,5.494692596342875e-09,1.6436192127056253e-06,2.1413558403200445e-06,0.9625030120132444,6
0.7050315977587054,0.2359348904969467,3.1177191479827494e-05,3.0082550659008876e-07,2.015139730176523e-05,2.277570674463169e-05,0.058959106623314904,0
0.800567137587838,0.11191345949452189,3.266063781394313e-05,2.6496314576177573e-07,2.178284998303081e-05,2.4212364147355608e-05,0.08744048210255001,0
0.633108971706277,0.28982188612974175,2.3913069702529426e-05,2.4807390842413646e-07,1.607965976147905e-05,1.5682378601090975e-05,0.07701321898200793,1
0.531133332105353,0.4157737488552694,1.7793997845582943e-05,1.6254454901136896e-07,1.2038481897739848e-05,1.2096651296756316e-05,0.05305082736378867,1
0.3276291661574156,0.6319940892988509,1.3631530928364955e-05,1.2482708166015915e-07,9.302972325603902e-06,9.746488222417797e-06,0.04034393872517531,1
0.36349921830297055,0.5830352707038022,1.3734689322639241e-05,1.257717269368839e-07,1.013139028707021e-05,8.894428462593198e-06,0.05343262471342812,1
0.5424674534145917,0.45535172622762554,1.8092738758218555e-05,1.5093577831144976e-07,1.0700237582640472e-05,9.627978269248086e-06,0.002142248467394393,1
0.4746020911865532,0.5234142054611397,1.7003744480625696e-05,1.2579802360727697e-07,8.85013359226833e-06,8.504197127174928e-06,0.0019492194790834162,1
0.24512051918979272,0.7535460887438887,1.1179097494188003e-05,8.270580471755957e-08,6.227006993049276e-06,6.324881056451199e-06,0.0013095783749703972,1
0.34191503613703905,0.6568457139604679,1.494279178567079e-05,1.0126925082800661e-07,7.259728268130445e-06,7.902553907112085e-06,0.0012090435592810476,1
0.34847648170819034,0.6500793084362531,3.2667819186846284e-05,1.1402735050515283e-07,7.755044627644683e-06,8.898133213037733e-06,0.0013947748311783329,1
0.21775008611142074,0.7789096974520896,1.0449755116873506e-05,7.543497045330062e-08,6.793442074522927e-06,5.9504769080889144e-06,0.0033169473274197343,1
0.10023309588423884,0.8988482967230349,6.371897525253953e-06,6.818965475395829e-09,3.0148278397512464e-06,4.974806244813277e-06,0.0009042390421510493,1
0.07324111688803002,0.9257857240273843,4.887053485773281e-06,3.851367432087579e-08,1.9573928577579e-06,3.5126221625730163e-06,0.0009627635024052553,1
0.09055313437401914,0.9091751601267416,5.8535358586279455e-06,1.1042931119799385e-08,2.3649373767441405e-06,4.638647850983202e-06,0.00025883733522173144,1
0.05795052005467404,0.9418791805013895,4.70660846655339e-06,8.339625071486044e-09,1.7860014542903505e-06,3.5031083229791204e-06,0.00016029538606750137,1
0.5669152915780303,0.4330144503313498,2.4081671300723467e-05,2.3389532167717713e-07,1.860753645974632e-05,2.2715848015755085e-05,4.619139522022262e-06,1
0.6286616594281338,0.014759665857288747,1.9301598692827475e-05,3.00505807227517e-08,1.4135897272524707e-05,1.180577984418737e-05,0.35653340138818707,0
0.8589909002145614,0.13781395318315315,2.4865222932468872e-05,3.259236226392534e-07,1.20722096461144e-05,1.5040424364647269e-05,0.0031428428217196262,0
0.8042448405315006,0.19199421586578946,3.280075946975877e-05,3.8327507113371743e-07,1.4196507063180836e-05,1.7687026400728285e-05,0.00369587603470509,0
0.7838594882005593,0.2140589453114923,2.3709570816927935e-05,3.32757584857551e-07,1.2827871694360509e-05,1.56519508462281e-05,0.0020290443370061264,0
0.768989937514863,0.23016107018144544,1.6473090992951753e-05,2.4835033025821546e-07,1.0435141572115919e-05,1.0450385886668314e-05,0.0008113853349094305,0
0.8029232574275268,0.19695337582034717,1.6062553639332014e-05,2.0726433510900294e-07,1.0183748789557242e-05,1.0213174423177155e-05,8.670001093892477e-05,0
0.8720510800975446,0.12792091076501783,9.479593531671274e-06,1.3364754146259112e-07,9.14402859393458e-06,5.934452439265594e-06,3.3174153314123856e-06,0
0.8759721138379181,0.1240017202492034,9.192386895830148e-06,1.268519205982306e-07,8.06523908045013e-06,5.6327013679515245e-06,3.1487336138500347e-06,0
0.8348661894116846,0.16510189672242215,1.2937970855038564e-05,1.6706010214195456e-07,6.84817324685708e-06,7.418095535545518e-06,4.542566153550766e-06,0
0.8782218562984655,0.12175800829955571,6.9971081616227265e-06,9.658536776474662e-08,4.6983165365756125e-06,5.3468173620608384e-06,2.9965745506390474e-06,0
0.8357143847842681,0.16426082977697312,7.837238916250812e-06,1.345508708134839e-07,4.86244802767097e-06,6.679417920375152e-06,5.271783023744719e-06,0
0.8960949285570676,0.10386823963881307,6.931906264321541e-06,1.0604747048059974e-07,4.319617512722339e-06,5.3226078447904644e-06,2.01516250269404e-05,0
0.9487890650064325,0.05116586377476966,5.31991096375314e-06,7.467467670844731e-08,3.4454806031034154e-06,3.9674829619147465e-06,3.226366959233822e-05,0
0.9659129029248982,0.032809660853275635,6.370644226206694e-06,8.415007140254665e-08,3.4862213376193763e-06,4.444147878019998e-06,0.001263051058312823,0
0.9512326283113528,0.03343579809774585,2.3598080471887875e-05,2.833203337406867e-07,1.8366090364552968e-05,1.4879855008470434e-05,0.015274446244722567,0
0.9751011978676086,0.01957225543179297,6.0937645845080625e-06,7.170922867275223e-08,2.79200217728603e-06,4.450905879725089e-06,0.005313138318728095,0
0.9707357956230982,0.01899817811730986,6.0948520148578365e-06,8.495000063880173e-08,2.980777989133501e-06,4.283608791380607e-06,0.01025258207079594,0
0.9748731158127852,0.019079149218042338,5.445558484986052e-06,7.655485911932561e-08,2.9934822007336314e-06,4.781463841213457e-06,0.00603443790978626,0
0.9731790124510548,0.01672023892958281,8.054185900782597e-06,7.983566750005613e-08,3.5079935362456967e-06,5.507173852823111e-06,0.010083599430405278,0
0.9768306157094683,0.015496834714766435,1.3862892182753403e-05,8.630366756698675e-08,3.61737129809664e-06,5.9533453694404605e-06,0.0076490296632472955,0
0.9822067808495493,0.013048573594773401,1.3939189133826635e-05,8.677865551430635e-08,3.637280159631894e-06,5.986110689576135e-06,0.004720996197038767,0
0.9814649658786377,0.0067538361120378955,1.289671931227274e-05,9.22550227286444e-08,4.257697947197111e-06,6.3638780118226834e-06,0.011757587459030487,0
0.7619403670024373,0.02023312865121508,4.992923236335486e-05,2.919772166954034e-07,2.3194088866173198e-05,2.4239462038351707e-05,0.217728849585863,0
0.6740767688741821,0.16007788979408005,2.00163337698023e-05,2.562147541931291e-07,6.85246495874098e-132,1.53189478100375e-05,0.1658097498354037,0
0.040690821390535044,0.00041010276471459994,2.1353986183186265e-06,2.1363298270355046e-08,1.611721779076904e-06,1.7254118305735526e-06,0.958893581949224,6
0.09995916341045166,0.0018962397760992871,5.770361252639351e-06,5.3051896976212656e-08,3.770177663491722e-06,4.169277177207501e-06,0.8981308339454588,6
0.21519795011963438,0.005285924949507118,8.138448375198493e-06,8.141997405343905e-08,6.379821572117139e-06,6.142841391299811e-06,0.7794953823995457,6
0.22467992695943043,0.006219611360785075,8.526170773886773e-06,8.529888882757935e-08,5.9061026234041795e-06,6.8891849027878445e-06,0.7690790549225955,6
0.10751228380942929,0.001470105989239789,5.41488702032441e-06,5.125998996523746e-08,4.867640089667514e-06,4.063840497314998e-06,0.8910032125737336,6
0.15696617314765207,0.0009505053240634297,8.6940006080812e-06,6.802503840806144e-08,4.645386411273508e-06,6.02602472383431e-06,0.8420638880915029,6
0.04553567618868238,0.00046591707097233835,3.4703415949276683e-06,2.1974130068819204e-08,1.8437244344687876e-06,2.1589344690101184e-06,0.9539909117657167,6
0.03980731687831947,0.00044869611848753635,4.97141691687477e-06,2.0470128129225654e-08,1.71753217489662e-06,1.9576540546420276e-06,0.9597353199299185,6
0.6494816631336086,0.07879970308460453,2.6380634325568866e-05,2.6392138443081174e-07,1.908377874704291e-05,2.061528640597052e-05,0.27165229016092385,0
0.6749560828889296,0.15793703381467286,3.136521312838536e-05,3.1378890930563063e-07,2.2689628320112216e-05,2.6238469983502994e-05,0.16702627619605598,0
0.733722889257147,0.23960394583793354,1.9322916331732717e-05,2.1118583062136906e-07,1.5586292262840434e-05,2.2488993325610526e-05,0.026615555517168724,0
0.3364552367192153,0.6178935026384164,1.4089923273310219e-05,1.4096067634021002e-07,9.245601582405415e-06,1.0169889265355768e-05,0.04561761426757095,1
0.46961776682170087,0.5285252820355409,1.4921098710011595e-05,1.2447687866131099e-07,8.717929731923712e-06,8.997017940272444e-06,0.0018241906194973265,1
0.2286378024781765,0.7706762079816495,1.230194566400441e-05,6.005596968148918e-08,4.974129926292343e-06,5.9519384071374665e-06,0.0006627014702070341,1
0.21358583122786967,0.7854998277051377,9.17879773435826e-06,1.797289190279311e-08,6.027628578533645e-06,6.138540954695366e-06,0.0008929781268330484,1
0.10020606850042742,0.8986240435855221,6.608329241237266e-06,6.648700667741167e-09,4.321887798416353e-06,4.821051267305537e-06,0.0011541299970429628,1
0.08864658308418258,0.910881626685976,6.8203695340472015e-06,6.335183705579225e-08,2.1081355427251667e-06,4.188999054734384e-06,0.00045860937387263523,1
0.0872489965053735,0.9119765616794178,5.984070380840906e-06,4.7158996403829586e-08,2.3967768427083636e-06,4.301114833985196e-06,0.0007617126941546661,1
0.3976594494522995,0.6022601056566924,2.9927783549720393e-05,2.524757422206044e-07,2.159092613548543e-05,2.428316920717811e-05,4.390536373567764e-06,1
0.5502706319568804,0.4496453194098132,2.914968872125311e-05,2.7443756624966664e-07,2.0208746611355626e-05,2.8591215008519386e-05,5.824545398827497e-06,1
0.6296020136278497,0.3703181778000391,3.504251485666519e-05,2.1604672529984578e-07,1.7967378298848213e-05,2.1951034134283955e-05,4.631598096067623e-06,1
0.615938428946068,0.3839893124116559,2.5048086350028393e-05,2.2402257968949435e-07,1.9370654167658423e-05,2.2813295144602622e-05,4.802584034199012e-06,1
0.5971796885905877,0.4027534327504858,1.937397368777047e-05,2.027076728832361e-07,2.6142451740797938e-05,1.681388961845886e-05,4.3456362066181475e-06,1
0.8607191144539603,0.02826942355635235,2.1323843050086974e-05,3.794887908195463e-08,1.5751317602748933e-05,1.657374576866756e-05,0.11095777513438666,0
0.8453135708752929,0.03119874541440826,2.2405504130711057e-05,3.683052350048291e-08,1.528712539516026e-05,1.37953070850772e-05,0.12343615894316437,0
0.8227724095586536,0.035127441282420076,2.3136331315008154e-05,3.58483994695851e-08,1.4879478373424658e-05,1.3835259539374945e-05,0.14204826224129913,0
0.7804063723071082,0.21750411211445925,2.4091163962555244e-05,3.381131442018172e-07,1.408533747693605e-05,1.5903860811395072e-05,0.0020350971030374324,0
0.8022193597592009,0.1976834324586666,1.642122418947301e-05,2.11892466772708e-07,1.041114792314856e-05,1.0441230619676136e-05,5.9722286933629765e-05,0
0.7854134725421084,0.21454745134333567,1.4580896929066923e-05,1.9265147447018534e-07,8.968552759909718e-06,9.493109900511765e-06,5.840903491893005e-06,0
0.884463865436756,0.11551128135607067,9.769980625134969e-06,1.3482252439440518e-07,5.643563122386946e-06,5.9582600025646565e-06,3.3465808989154713e-06,0
0.8840808509798563,0.1158945289656778,9.667292843074428e-06,1.3340546672222875e-07,5.584246220727422e-06,5.923703412252403e-06,3.3114065231227806e-06,0
0.8623351856177525,0.13763811235990187,9.165705183051238e-06,1.2648372172353023e-07,8.65388734764685e-06,5.616351956011822e-06,3.1395941371445718e-06,0
0.8693538710443767,0.13062025352388393,8.936868364342135e-06,1.2336106541404886e-07,6.000798537270352e-06,6.987109455365167e-06,3.827294317083731e-06,0
0.897314413579121,0.10266894030009786,5.8254830729875675e-06,9.19606107766108e-08,3.828715744691893e-06,4.458016014950408e-06,2.44194533783731e-06,0
0.881871248571964,0.11808431579640118,7.1180011922956335e-06,1.0841889162148595e-07,4.416212294698644e-06,5.5526796406387595e-06,2.724031961574653e-05,0
0.8846365270853924,0.11529600076364403,7.590992402731759e-06,1.1613047148235535e-07,4.730433692215943e-06,5.828681775528799e-06,4.920591262155057e-05,0
0.94622607672715,0.05355205719789236,5.487534391657842e-06,7.70275779830795e-08,3.554043184959842e-06,4.0924931545215094e-06,0.00020865497664851563,0
0.9602974689603043,0.020485565309754473,2.1688818897977548e-05,2.603975953017298e-07,1.630331756841356e-05,1.3675963216217514e-05,0.01916503723266312,0
0.9005509219051558,0.024549755841695376,2.723747590299468e-05,2.545379542638504e-07,1.4082485049040653e-05,1.4984762268728806e-05,0.07484276299197384,0
0.7063654725457379,0.012291299260354167,2.722014031401103e-05,2.3449145493997005e-07,1.4327840715893422e-05,1.6114319611498626e-05,0.2812853314018116,0
0.9751011661827497,0.019572254795813697,6.093764386497773e-06,7.17092263426384e-08,2.8244960051423384e-06,4.450905735097716e-06,0.005313138146083412,0
0.9763306877441973,0.019424313613664205,5.040013076286287e-06,8.685545759704205e-08,2.943495685612666e-06,4.379691570857214e-06,0.0042325485863481,0
0.974194620775987,0.019381816091860224,5.028986274008386e-06,8.666543071751162e-08,2.9370557529299865e-06,4.3701094542517506e-06,0.006411140315240786,0
0.9818792321798987,0.007056827029438981,1.2333109891548237e-05,8.47231554483225e-08,4.616794966800978e-06,6.900611630672399e-06,0.011040005551017985,0
0.677924829950102,0.1803356771934796,2.013059979767749e-05,2.576773917860751e-07,6.656087935700525e-132,1.5606194565321986e-05,0.14170349838466367,0
0.05764109965727243,0.0008237897731227344,4.039109184127674e-06,3.605052474963809e-08,2.8563542593404747e-06,3.0475264145760925e-06,0.941525131529222,6
0.04730772994488335,0.000610958726391234,3.1812524382601543e-06,2.958771604580303e-08,2.34429316462126e-06,2.5011937224982275e-06,0.9520732550016839,6
0.053767368388879626,0.0006202255894797965,3.3600526359009e-06,2.7975794742602496e-08,2.538336975743098e-06,2.851046166470075e-06,0.9456036286100676,6
0.15458842291446281,0.0038774930238053415,5.866333104481274e-06,5.8688913062503116e-08,3.7762199201882994e-06,4.74002392514753e-06,0.841519642795869,6
0.08717350788869374,0.0012204549171792615,4.390518735694792e-06,4.236366267029682e-08,3.946797953879362e-06,3.2950581933411763e-06,0.9115943624555815,6
0.16811677441394765,0.0018058775988491875,1.355650275621212e-05,8.309486775555288e-08,6.467143520710476e-06,8.980119034823934e-06,0.8300482611270238,6
0.043172560811064686,0.0006617528455591246,3.890870790808983e-06,2.1645391048611193e-08,1.5703826656653934e-06,2.2883823718779883e-06,0.9561579150621569,6
0.02718970226183493,0.0004080950522763957,2.5193745914056456e-06,1.4252508011998916e-08,1.1147497220731327e-06,1.5067959740926325e-06,0.9723970475130932,6
0.04314799868570975,0.0006232662216598909,4.202696337048119e-06,2.176724948823813e-08,1.7847920435067039e-06,2.30126542418601e-06,0.9562204245715761,6
0.06522933623224504,0.0008705418378854889,7.149422187827834e-06,1.1165157651359219e-08,3.2245700425005897e-06,4.157678522643384e-06,0.9338855790939589,6
0.07270237499096727,0.0009892623931864214,6.721776773107238e-06,1.0976998487955004e-08,3.6643223087239864e-06,4.724683899627815e-06,0.9262932408558664,6
0.6579088194670626,0.23577555314415707,2.9689595004262203e-05,2.40860222434605e-07,2.0998414036699478e-05,1.9470669184753368e-05,0.10624522785033214,1
0.5311170152139453,0.4158632127812473,2.3553946411013133e-05,1.7947206787823233e-07,1.4875705860559436e-05,1.4508170864574473e-05,0.052966654709603295,1
0.3031030932809499,0.5993209962942837,1.3894970813183032e-05,1.1682986350863159e-07,8.729590437314745e-06,7.463011599676647e-06,0.0975457060220527,1
0.25270811376171715,0.7455769220355314,1.183735720864562e-05,8.02233152611137e-08,5.751000079514566e-06,6.085002326222761e-06,0.0016912106198216242,1
0.14275111089401207,0.8495513460787494,7.504500617867335e-06,4.1143087559571966e-08,4.113237949911298e-06,4.077548399147991e-06,0.007681806597184006,1
0.1643842625822579,0.8349266546824436,8.60671055822136e-06,7.339564935967067e-08,3.5666727665864252e-06,5.570611226129428e-06,0.0006712653450979785,1
0.1649741641380613,0.8342330752022414,7.302080767180046e-06,7.346690441767398e-09,3.3320344901660176e-06,5.248448949937424e-06,0.0007768707487993998,1
0.07817281593412606,0.9215868196250364,6.031606199678472e-06,6.203679428153601e-08,2.329741572058368e-06,3.7443221531662447e-06,0.00022819673411844454,1
0.6095143835765129,0.3904076017476342,2.736032687719903e-05,2.2776706342319293e-07,2.2349109930905303e-05,2.3194613905860665e-05,4.8828580754171095e-06,1
0.5925710393162351,0.40735076546823945,2.4351206387713033e-05,2.4640488062032363e-07,2.9542646357362814e-05,1.914411040452291e-05,4.9108474952071585e-06,1
0.905844741462039,0.021540676201019203,2.244180566030214e-05,3.9938456092700295e-08,1.6577124850538888e-05,1.7442671132499035e-05,0.07255808079684208,0
0.8796649181864432,0.037560853945032724,2.473614666328967e-05,3.832722028615798e-08,1.4721319160544153e-05,1.4791930683870204e-05,0.08271994014479615,0
0.7878866707618003,0.21178411114136936,1.6200534760260224e-05,2.1196591253416042e-07,1.0262486490218079e-05,1.0300907998223066e-05,0.0002922422016689027,0
0.8852531597309212,0.11472226905127823,9.497614176258166e-06,1.3390160455470186e-07,5.6702465097036425e-06,5.9457337940904115e-06,3.323721716009443e-06,0
0.8853975387463197,0.11457806746247871,9.553230385175043e-06,1.3183144225865279e-07,5.582582657035641e-06,5.8538108185308294e-06,3.2723358987750326e-06,0
0.882623729074147,0.11735350842614663,8.357159981968599e-06,1.1291430363080698e-07,4.923614019548291e-06,5.865629330110282e-06,3.5031820708840827e-06,0
0.9035321093286393,0.0964519814767563,5.704164934572974e-06,9.004549232770133e-08,3.360604140913379e-06,4.487525049363169e-06,2.2668549874991575e-06,0
0.8600239210968157,0.1399543582069268,7.42446109830499e-06,1.2746424050265638e-07,4.769323434460184e-06,6.014729775078678e-06,3.38471770911293e-06,0
0.8695474608197933,0.13041745469496396,7.905203802838e-06,1.3571770198614138e-07,4.614186498570289e-06,6.963971163046151e-06,1.5465406076339094e-05,0
0.8716552482998692,0.12825847986486658,7.892965696414102e-06,1.1802349769931985e-07,5.017255558749045e-06,6.157221492766285e-06,6.708636901872292e-05,0
0.8646238187103364,0.13528871527502562,8.24395553389763e-06,1.23812539702039e-07,5.1372210385498955e-06,6.330054204955693e-06,6.763097132044556e-05,0
0.9718560353724165,0.022837330118003513,6.4098419450669715e-06,8.466783549732068e-08,3.507671589591471e-06,4.471492123422923e-06,0.005292160836086284,0
0.8854292206978879,0.02226719527435388,1.9856359652581765e-05,2.3839695141079022e-07,1.3189473112914534e-05,1.284597391024979e-05,0.09225745382413089,0
0.9217222662184026,0.041495762423056075,2.9369061115273293e-05,2.688441044885211e-07,1.5865519143700916e-05,1.7080778990013397e-05,0.03671938715518774,0
0.9709259530612422,0.015552039407533986,8.13179197626844e-06,7.140217994259049e-08,2.992783547065158e-06,4.814019817978685e-06,0.013505997533702482,0
0.9775537212854298,0.019621482542672358,7.47911952837035e-06,7.188958796569374e-08,3.4177667108940613e-06,4.8468814460767e-06,0.002808980514624597,0
0.9775550605634559,0.01962150942469412,6.109099671393301e-06,7.188968645659339e-08,3.417771393337342e-06,4.846888086450189e-06,0.0028089843630124626,0
0.9773501923037994,0.019852412448099512,1.0406647455790297e-05,8.030121937919758e-08,5.686833408781229e-06,4.851070193277037e-06,0.002776370395823949,0
0.977767741614491,0.01793897227723087,8.258134806509146e-06,8.185727430491032e-08,5.797031301239822e-06,4.945072896194687e-06,0.004274204012000121,0
0.9734130712486265,0.014555067355687625,1.3496768356950208e-05,8.369833963470814e-08,3.979177055474585e-06,5.773626275006088e-06,0.012008528125658799,0
0.036421551401826166,0.0003972827921891149,2.7022098994009064e-06,1.8278276222142482e-08,1.422569634354891e-06,1.7125122980841358e-06,0.9631753102358767,6
0.0458976375267379,0.0005179151258277676,3.545121487477689e-06,2.3831121730888066e-08,1.854738910549337e-06,2.29455649802483e-06,0.9535767290994165,6
0.048416717846158315,0.0005074058030863584,3.90419915690302e-06,2.393087055476281e-08,2.0079034137753654e-06,2.586225503371983e-06,0.9510673540918106,6
0.03394835905649865,0.000381750153355801,3.3803025647079506e-06,1.7795312901462753e-08,1.4591155807445882e-06,1.8813464840762547e-06,0.9656631522302032,6
0.03405957731597758,0.00038511255580814333,5.001981552255761e-06,1.7514466343373442e-08,1.4360877424044782e-06,1.8023854975324865e-06,0.9655470521589559,6
0.6132349268712166,0.06282522095799344,2.408941679736593e-05,2.0510530803665364e-07,1.5167483605775225e-05,1.7880821129308315e-05,0.32388250934394947,0
0.8668928033678702,0.06057293605110739,2.730637170422775e-05,2.564995087203645e-07,2.212640344502933e-05,2.6768570232762338e-05,0.0724578027361319,0
0.8836072986017708,0.09240500273789395,2.710069344126972e-05,3.0329988035858966e-07,2.042564144620246e-05,2.230434778006296e-05,0.023917564677787356,0
0.8494099773958924,0.08442178412974698,3.29919138520651e-05,2.676506603680834e-07,2.2259877746188614e-05,2.4457949555515587e-05,0.06608826108254642,0
0.5143233395135314,0.36007605691253564,1.6596807343180622e-05,1.5160845741562986e-07,1.1099349243747979e-05,1.1282781576807785e-05,0.12556147302731185,1
0.4822559341943149,0.3929609600584136,1.7295296887424133e-05,1.5837703396988457e-07,1.2757871603867731e-05,1.2366065726758217e-05,0.12474052813601959,1
0.37226130266880164,0.5488004049996591,1.2008326342363717e-05,1.2700281707257337e-07,7.607925990869362e-06,6.264795524327083e-06,0.07891228428086461,1
0.3529384816235677,0.6456048260102253,1.4676643740888774e-05,9.946553078084252e-08,7.027163532596761e-06,8.952823111930843e-06,0.0014259362702907182,1
0.5233872125755795,0.47520512437009077,1.6672448166569996e-05,1.2678297835599924e-07,8.888753159014988e-06,1.06360935686577e-05,0.0013713389764569562,1
0.4454463384566844,0.5525902976369844,1.753454195996925e-05,1.3333863338982533e-07,1.0078175531122488e-05,1.118606140541121e-05,0.001924431788801255,1
0.1994826322618658,0.797430460638426,8.058578191233013e-06,8.919758796960406e-09,4.941246570704601e-06,4.159525765130564e-06,0.003069738829422244,1
0.127993993612586,0.8714333681543676,5.843286670141444e-06,7.71933339616923e-09,2.78724004062906e-06,4.872270841997529e-06,0.0005591277161601537,1
0.16660660325504828,0.832765908960426,7.571019390413142e-06,1.0001772311137746e-08,3.6113662711721323e-06,6.3128953108875875e-06,0.0006099825017810757,1
0.15976722040175206,0.8396455339223186,7.053607608078231e-06,7.096699317153499e-09,3.35437564337313e-06,5.069856199109885e-06,0.0005717607397796977,1
0.48180233946548345,0.5181195994114365,3.152156532783356e-05,2.428141076916745e-07,2.1158758687628296e-05,2.1231442475824796e-05,3.9065424809748355e-06,1
0.5467823527362426,0.4531407710329761,2.7300820200364555e-05,2.5596557794992106e-07,2.3349352289390933e-05,2.0868700589410206e-05,5.1013921240931124e-06,1
0.5618430006992876,0.4380766768778845,2.9770471094738524e-05,2.665823456985207e-07,2.4317820988667353e-05,2.065456417022255e-05,5.312984228819898e-06,1
0.8722751241691716,0.02891701360474437,2.161013684014504e-05,3.8458380506970224e-08,1.596279469926981e-05,1.618312217778515e-05,0.09875406771398612,0
0.9122787614925872,0.028682885024339293,2.6845477783796875e-05,3.221326711618885e-07,1.1756332969646374e-05,1.5152185748518554e-05,0.058984277353900424,0
0.8331169932603698,0.163542657761857,2.9712867453534282e-05,3.794525178044423e-07,1.58074610453904e-05,1.753734155803803e-05,0.0032769118551985144,0
0.816065141959446,0.1835522762446984,1.656580075794447e-05,2.1838606662870418e-07,1.073020517744459e-05,1.0761209780242898e-05,0.00034430619407339565,0
0.780172728727021,0.21972551141456848,1.6647205485672753e-05,2.1995277095949176e-07,1.0239516912411837e-05,1.0838410831699559e-05,6.381477240961847e-05,0
0.8869025501188452,0.11307060648348868,9.299782780475781e-06,1.311124892216347e-07,8.336125830957063e-06,5.821886605353711e-06,3.2544899601107813e-06,0
0.8876967594820324,0.11227617956780181,9.28891032989616e-06,1.2818391229231007e-07,8.770212653791087e-06,5.691846798323874e-06,3.181796471714053e-06,0
0.8742416854976061,0.12573349928002356,7.4077575330710055e-06,1.271774712371103e-07,4.5959854473056035e-06,6.61334335111625e-06,6.070958567817462e-06,0
0.8787149166179073,0.12063710547132266,7.951707494213184e-06,1.2111761289868727e-07,5.054595466570037e-06,6.120889488040126e-06,0.0006287296007081773,0
0.8829361808982765,0.11599991849027068,7.569802740402932e-06,1.1852518756759678e-07,5.038582720962057e-06,6.101498767869781e-06,0.0010450722020359951,0
0.954263621618905,0.045107923573186604,5.686907588048405e-06,7.982614530614832e-08,3.6831687446962385e-06,4.24118168805743e-06,0.0006147637237427637,0
0.9583027234806264,0.04101356801453063,5.266645907818868e-06,7.952050781879276e-08,3.410983086454137e-06,3.946458228670307e-06,0.0006710048971124086,0
0.9369212332591782,0.027472128254215866,2.7516791279947895e-05,2.518884441357906e-07,1.646114847819912e-05,1.4714473902207395e-05,0.03554769418450158,0
0.9128939689401931,0.03930177938367576,2.8296589118095925e-05,2.5902670608622004e-07,1.595552808098862e-05,1.6457039024855357e-05,0.04774328349320106,0
0.9646425039275998,0.015755615442368455,8.137276585281288e-06,7.145033821333735e-08,2.994802074797255e-06,4.817266705818263e-06,0.019585859834327698,0
0.9745113567695725,0.015654024920877127,8.185117778587178e-06,7.187041357963612e-08,3.157998851634718e-06,4.84558868618402e-06,0.009818357733820133,0
0.9758976381943593,0.01644643434320744,1.1048979157391232e-05,7.176779912845474e-08,3.4119766396827392e-06,4.3533341694755955e-06,0.007637041404667581,0
0.955257512516703,0.01871317998566492,1.1288731558361966e-05,9.069068302367972e-08,3.869023960611766e-06,4.805128361251748e-06,0.026009253923068916,0
0.9664849755677786,0.02035878271464911,1.4814155553012807e-05,9.186793387018193e-08,4.367574986379938e-06,6.16855431127291e-06,0.013130799564787663,0
0.9700371020758836,0.015319816098274378,1.4309557207969464e-05,8.873873712133197e-08,4.218807066258307e-06,6.121319807425664e-06,0.014618343403023207,0
0.9743974525371851,0.006200162709317762,1.3441265655906018e-05,8.01166514370518e-08,4.365774045528086e-06,6.525416738689125e-06,0.01937797218040583,0
0.6971144992464278,0.24086666889288588,2.3084200780433696e-05,2.791294082716131e-07,1.571325666669199e-05,1.6905432891087642e-05,0.06196284984093971,0
0.688674417277565,0.24666780470640395,2.2377649647690636e-05,2.842901648358968e-07,1.5635844733400205e-05,1.5820953648032908e-05,0.06460365927783725,0
0.8756642187873397,0.10991770121653986,1.6679941669328662e-05,2.3335724128754158e-07,7.957519863752647e-06,9.944127179853186e-06,0.014383265050166233,0
0.06932078352121636,0.0009123760336859205,5.446438811611542e-06,4.418485545029831e-08,3.705932485616337e-06,3.867103326118609e-06,0.929753776785619,6
0.06835360146331296,0.0008378134489467071,5.203508013059252e-06,4.43520451469892e-08,3.540634541537296e-06,3.69461658173522e-06,0.9307961019765589,6
0.07830871084169715,0.0008288614291212322,5.147908634756736e-06,3.1806372691990045e-08,3.318669744947816e-06,3.3649679702866402e-06,0.920850564376459,6
0.0783063942595,0.0008591992430651951,5.1477563457793334e-06,3.5796524901222184e-08,2.5349350510240014e-06,3.3648684254874716e-06,0.9208233231410877,6
0.06779306339231334,0.0008526797916369858,4.59960307106293e-06,3.7314804012923265e-08,2.8638720279549793e-06,3.3345346823386826e-06,0.9313434214914643,6
0.06359560203587021,0.0014683959707966325,4.274211763798391e-06,4.103534319966318e-08,3.071440126734752e-06,3.3412223967780034e-06,0.9349252740837026,6
0.04859591898692724,0.0009120057143030819,3.31242532153325e-06,2.453876614716603e-08,1.6437782538182597e-06,1.8578469225500268e-06,0.9504852367095056,6
0.01884630811187841,0.000284142808382421,1.2363135802803968e-06,9.158730201055083e-09,5.877682271265798e-07,7.222939542783843e-07,0.9808669935452472,6
0.14213369108992915,0.0016896524874119878,1.1762228086079312e-05,7.773791236758389e-08,6.158997042450036e-06,7.283352617004592e-06,0.856151374107001,6
0.0502195469035386,0.0005258580785765538,3.6894213405810673e-06,2.4801138520778828e-08,2.0016001240168975e-06,2.5567815836564514e-06,0.9492463224136982,6
0.8795294201560306,0.05427607328075352,3.416178245175021e-05,2.771413526829824e-07,2.3506346655877003e-05,2.5325210161431876e-05,0.06611123608259407,0
0.295520617524423,0.7028843440055308,1.0716789788103983e-05,8.189722801280203e-08,5.594663441320144e-06,6.0466796895541946e-06,0.0015725984398991658,1
0.43574960336402446,0.5629498475293613,1.9536973172552364e-05,1.324046178926548e-07,1.0117183682603981e-05,1.0812147195085335e-05,0.0012599503979463058,1
0.24899611065097427,0.7505900113655485,7.6233270955060955e-06,9.475752126478972e-09,5.128585924802995e-06,4.353501188121475e-06,0.00039676309351668263,1
0.2672978278323579,0.7321096922237679,7.882380546760013e-06,9.79775408977372e-09,3.603394559572736e-06,5.124247853710054e-06,0.0005758601231600298,1
0.09055179226701021,0.9085826624687076,4.761235201754334e-06,5.678995081530172e-09,1.99805591143826e-06,3.5844548651465246e-06,0.0008551958393088852,1
0.1490105997463607,0.8502075556820662,6.802753993622338e-06,8.986847480413171e-09,3.235081049579838e-06,4.962892217516151e-06,0.0007668348574648705,1
0.09951927434620804,0.90041095912404,4.9440422644046814e-06,8.36513475638306e-09,1.7914645697102848e-06,3.5138238154279056e-06,5.9508833967292814e-05,1
0.9092359088171216,0.03191947189143268,2.675593625619962e-05,3.2105821639907447e-07,1.4901918273228227e-05,1.5101646515457162e-05,0.05878753873218455,0
0.8861956936791139,0.048248647721253445,3.678271540875531e-05,4.4137468748503896e-07,1.6108107792146332e-05,2.0760984054630934e-05,0.0654815654176895,0
0.8327171047417556,0.16346415878551676,2.8446401158285747e-05,3.7927038407477797e-07,1.4133362197737372e-05,1.7839777901711047e-05,0.0037579376610856565,0
0.8357871165123748,0.16244444016699255,2.023513008502902e-05,2.7356775483061203e-07,1.1983853525497108e-05,1.2643613971755504e-05,0.0017233071552953548,0
0.7523561784863514,0.24684922861504194,1.7061981268901937e-05,2.232369784591889e-07,1.080818348650903e-05,1.0848648018057215e-05,0.0007556508488548863,0
0.8847650384034791,0.11520718136745678,9.402120301991124e-06,1.3255528928518226e-07,9.069297813011017e-06,5.885952343210094e-06,3.2903033166349285e-06,0
0.9516863293150231,0.0483021433715406,4.259981569363033e-06,7.025981378717979e-08,2.8365026796036477e-06,2.4501200922361906e-06,1.9104492812606205e-06,0
0.9619702715032186,0.03801936844499258,3.831022200136488e-06,5.666759322059585e-08,2.550880692644179e-06,2.203404947538494e-06,1.7180763553957327e-06,0
0.8882197723646668,0.11173111071467619,7.526198783362625e-06,1.2921088804847363e-07,4.669469799387967e-06,6.719082861570942e-06,3.007295832488616e-05,0
0.887565167436912,0.11132435804812764,7.896855213155376e-06,1.4291827717547008e-07,5.2562741185546265e-06,6.954038817217512e-06,0.0010902244285341096,0
0.8862107880393746,0.11298847362578791,8.200173504419033e-06,1.4847603467803773e-07,5.458167662379183e-06,6.698312822299669e-06,0.0007802332048137535,0
0.886050646694904,0.11315917963438567,8.053637033104907e-06,1.447278509450904e-07,5.015547421332787e-06,6.398640051347681e-06,0.0007705611183535777,0
0.885979196271249,0.11319709582051903,8.114591572125078e-06,1.458232342360775e-07,5.053507957640106e-06,6.44706862505701e-06,0.0008039469168426898,0
0.8932730646663847,0.10602640780010236,8.181395356295689e-06,1.4695613410715077e-07,5.275378457646988e-06,6.500144442506765e-06,0.0006804236591222228,0
0.9576051088537968,0.04209057820040487,5.404947244735085e-06,7.586831638288554e-08,3.500554994137329e-06,4.153327958706072e-06,0.0002911782472843089,0
0.9642305495233207,0.030370378133446122,6.64853431467998e-06,8.7820731693211e-08,3.767016064939871e-06,4.638003413372456e-06,0.005383930968708415,0
0.9684646580272867,0.022240408018862283,6.184203404306838e-06,8.8206368206253e-08,3.783557705072538e-06,4.6583697144647545e-06,0.009280219616659077,0
0.9575915828730505,0.026406304428826206,1.7289427712972183e-05,1.0548559488571401e-07,5.014984295796708e-06,6.546677648826539e-06,0.01597315612287102,0
0.9572094374732739,0.018733287894510158,2.118885368960857e-05,1.2927662346612637e-07,6.14605470252745e-06,8.917678812335483e-06,0.02402089276838784,0
0.960258877396691,0.0076631546182511605,1.773726021687092e-05,1.0821789342486537e-07,5.144882925843e-06,7.465018728334658e-06,0.032047512605293274,0
0.9609254735215448,0.006033124322213562,2.1555086758860773e-05,1.284790745725836e-07,6.657132415551178e-06,9.621597880110947e-06,0.033003439860112616,0
0.184593143118044,0.0028894694304388443,9.131733587779679e-06,9.135715771641843e-08,5.894393881904878e-06,7.105786706797464e-06,0.812495164180183,6
0.03118522024375197,0.000348391404769385,1.9065194929683338e-06,1.2927743100458972e-08,9.515273212312253e-07,1.0966737906245015e-06,0.9684624207031308,6
0.025005362811070447,0.0002335074964899672,1.8241068431281345e-06,1.2159048735911883e-08,9.920553065972968e-07,1.1624427169882315e-06,0.9747571389285241,6
0.025509599322676126,0.0002475710653002182,2.002070057272994e-06,1.2891357638774168e-08,1.0518043008592675e-06,1.2324537161384965e-06,0.9742385303925918,6
0.057173287401344135,0.0008672561829010341,5.84792542335054e-06,3.0288472321102684e-08,2.716996165369455e-06,3.491485392727329e-06,0.941947369720301,6
0.8710158930798874,0.0722711652769835,2.6003194718313635e-05,3.048366333768735e-07,2.064095172726605e-05,1.9583458990055648e-05,0.056646409201060115,0
0.47401236505708755,0.5245169255388703,1.7084590695490498e-05,1.4674957666988433e-07,1.0504471215211073e-05,1.083489278247314e-05,0.0014321386997722969,1
0.25369511748148876,0.7419332644617751,1.0044010586172398e-05,1.1117364584268785e-08,6.098727752694099e-06,5.107716968571472e-06,0.004350356484064043,1
0.20211993187747623,0.7975484668373556,5.804663316443181e-06,7.215163415551881e-09,3.0180586981332745e-06,3.0136375910080484e-06,0.0003197577103994542,1
0.11363983047872615,0.8862697408618538,5.12382175936432e-06,7.70273946221796e-09,1.856607337177986e-06,3.641596483445509e-06,7.979893110043709e-05,1
0.8631296768176969,0.04196749004805579,3.0437610543225487e-05,4.125835835289693e-08,1.7124972381424997e-05,1.736134089054432e-05,0.09483786795207359,0
0.832478533492517,0.1634173267361387,2.948473769504291e-05,3.791617241123337e-07,1.383762526599676e-05,1.7834666852501274e-05,0.004042603579806659,0
0.8522604779095537,0.14476455613292574,2.074211947408011e-05,3.385700914526363e-07,1.4104373282988901e-05,1.5925354283624116e-05,0.0029238555403882484,0
0.8451122956531987,0.15316152104857092,1.8913282327762267e-05,2.9570157450078957e-07,1.2953443136127246e-05,1.3666583479998361e-05,0.0016803542877120007,0
0.804161909362129,0.19388895764116712,1.8659085878393788e-05,2.441910515320722e-07,1.2030403096657256e-05,1.190304475416087e-05,0.0019062962719234163,0
0.7689899444317203,0.23016107225168225,1.647309114112277e-05,2.1553200852058756e-07,1.0435141665977205e-05,1.0474209574074788e-05,0.000811385342207623,0
0.8844028338140304,0.11556886582301339,9.580651126089764e-06,1.5612389980020752e-07,9.241508884614723e-06,5.969298272369395e-06,3.352780773185758e-06,0
0.8959819501995947,0.10386661391821511,9.59640988104347e-06,1.3457313121424872e-07,4.370603743277925e-06,6.905240741495542e-06,0.00013042905469309534,0
0.8392951377466145,0.15992631358264678,1.0699702870724016e-05,1.5478449393407398e-07,5.0047343712421235e-06,7.94232982484225e-06,0.0007547471191780099,0
0.8732186121581452,0.12425125182396887,1.3673740930065929e-05,1.7433849707177862e-07,7.1013068174097985e-06,9.172829783838767e-06,0.0025000138018575614,0
0.8622460784011988,0.13683415882704028,1.346234375196651e-05,1.9926474097836116e-07,6.782380783246208e-06,8.88922481676072e-06,0.0008904295576679446,0
0.8889618220510299,0.10813268312919683,1.3895584865635562e-05,2.0567741917816042e-07,7.248335334324676e-06,9.175295186840626e-06,0.002874969926967334,0
0.9643418900287427,0.026667345449528323,6.157877161340267e-06,8.78308724263148e-08,3.76745104542541e-06,4.638538967493252e-06,0.008976112823682164,0
0.8397366136969918,0.01628591575733517,1.961942905889649e-05,2.360820874244165e-07,1.5046686734594265e-05,1.3485114928588416e-05,0.14392908323286352,0
0.702460239157641,0.22200868300595913,2.054417046198586e-05,2.6297121368752233e-07,1.5195826907395963e-05,1.5798143904549433e-05,0.07547927672391218,0
0.026974335248945925,0.0004726142523531742,1.5421001213391068e-06,1.2797495896030769e-08,8.86978158663385e-07,1.0856247858377764e-06,0.9725495229981392,6
0.12242123065004966,0.001151203563145643,7.484265327074427e-06,5.074936805049367e-08,3.2159280355933976e-06,4.422804797398235e-06,0.8764123920392765,6
0.014142280538282202,0.00012965698445586708,9.340097380716146e-07,6.919234191551908e-09,6.56822111091959e-07,5.238599965492648e-07,0.9857259408661819,6
0.03657464933713901,0.0003631487023053592,3.1045591655379658e-06,1.90722051635358e-08,1.4277776807382536e-06,1.966178402696752e-06,0.9630556843731015,6
0.024646660610742707,0.0002666406681968673,2.8355761037942957e-06,1.2163098640759263e-08,9.105502284075829e-07,1.131888918998339e-06,0.9750818085427106,6
0.8892047269932009,0.07186471686553604,4.0505663614406264e-05,3.798216082793239e-07,2.2094823698747328e-05,2.7931673548399923e-05,0.038839644158793214,0
0.8648390227990556,0.07217859217105897,4.261344165860439e-05,3.152249559481801e-07,2.299584127066486e-05,2.734100584297189e-05,0.06288911951615754,0
0.8014004154295081,0.14071675527479516,3.047195182317626e-05,2.4720718127320883e-07,1.8098191138451538e-05,1.653974728739798e-05,0.057817472198266315,0
0.2651808288256945,0.73422255712003,9.562190614252612e-06,1.316428519283517e-08,4.848508891250131e-06,6.048145884655337e-06,0.0005761420446003197,1
0.06834592233266065,0.9305613210202889,3.1553852809335975e-06,3.763606864905977e-09,1.5383673486267155e-06,1.949936055561952e-06,0.001086109194758641,1
0.10650692190064576,0.8934013021300079,4.810591152487175e-06,4.8168500995351644e-08,1.7344839041857718e-06,3.272099962715542e-06,8.191062582589265e-05,1
0.8339950039139823,0.16439334904091568,2.3161083979561167e-05,3.055465220692337e-07,1.2838401347584361e-05,1.4121592209754005e-05,0.0015612204210428925,0
0.8021415046626509,0.19708727345704044,2.1798242208742727e-05,2.495078770000165e-07,1.2090400097402216e-05,1.2097755863569681e-05,0.0007249859742618789,0
0.8298405151536582,0.16938729365082297,1.6172663001546232e-05,2.086851393136795e-07,1.0253558740661292e-05,1.0283186088020091e-05,0.0007352731025494279,0
0.7709389058971519,0.22897232294856426,1.4318241754308059e-05,2.2170099737807556e-07,8.806996388998664e-06,9.322104340836393e-06,5.610211080239846e-05,0
0.8896484221011968,0.11032438387820316,9.343900205061105e-06,1.289427545122012e-07,8.822131865181233e-06,5.698413230886245e-06,3.200632544468108e-06,0
0.9599812702054256,0.04000817349506873,3.9035922388608694e-06,5.774103242809739e-08,2.5992013498932722e-06,2.24514346379211e-06,1.7506214206887684e-06,0
0.9610662111056935,0.03892234645192368,3.9220107918011015e-06,5.8013475397937734e-08,2.6114653172177135e-06,2.255736858597695e-06,2.595215939724474e-06,0
0.9263395534538721,0.07353339725822847,7.087911776375879e-06,1.2222004957073108e-07,4.525275626650696e-06,4.578754722228815e-06,0.00011073512572480081,0
0.9111681197226531,0.08796986989993362,9.759061268422215e-06,1.3685403696621516e-07,4.444681942452301e-06,7.022278988163927e-06,0.0008406475011773613,0
0.9280521985320415,0.07034554374893091,7.201555376963005e-06,1.2363736228235843e-07,4.46805170967387e-06,6.305422873639388e-06,0.0015841590517051908,0
0.8816864937450054,0.11567492470571902,1.3765869115079331e-05,1.7628295106876677e-07,6.935298033610098e-06,9.089643498678916e-06,0.0026086144556769233,0
0.9314614667433179,0.06574135128226478,8.453093288551724e-06,1.5051931312688257e-07,5.450569773601149e-06,6.716009307542975e-06,0.0027764117827347072,0
0.9705788566237407,0.025023759672065635,6.197703777344925e-06,8.839892637377542e-08,3.791817368781858e-06,4.66853912914649e-06,0.0043826372449920865,0
0.9524862810609248,0.017165619441427304,2.1378559084567478e-05,2.5667259258439515e-07,1.663866467778383e-05,1.3449666758183221e-05,0.030296375934534603,0
0.9339016878514779,0.020528209839728303,2.700592894477063e-05,2.523741161287651e-07,1.649288760309421e-05,1.4448002474251077e-05,0.04551190311565556,0
0.884524939262329,0.05895082642425686,5.7441389367552314e-05,3.8862973445009075e-07,2.2928580324579405e-05,2.396982551109882e-05,0.056419505888476384,1
0.030800615779360007,0.0003087009655169981,3.21434185618181e-06,1.6074473586356567e-08,1.3115143436348125e-06,1.4970874211637556e-06,0.9688846442370285,6
0.8855708047770386,0.04592168053751714,4.521665652035945e-05,3.3448175047546967e-07,2.4119922643944888e-05,2.8431045055143152e-05,0.06840941257947429,0
0.6446912602209505,0.266796112483752,2.3721405096045306e-05,2.1172220470585312e-07,1.5962633625790868e-05,1.2924320160071001e-05,0.08845980721421094,0
0.1656432167007496,0.8309506391767221,7.38775922832277e-06,4.173962783340888e-08,3.989977425403242e-06,3.589036717221641e-06,0.003391135609529438,1
0.20856787579334626,0.7857743578651625,9.66960163625027e-06,9.599043411534026e-09,3.845778404828665e-06,4.86229950824547e-06,0.00563937906289849,1
0.08723970166323379,0.9113244815893713,3.912663998581644e-06,3.5973142647579564e-08,2.0355260628170617e-06,2.835290080333663e-06,0.0014269972941105226,1
0.10391282450214259,0.8954628109323881,4.3440268566972685e-06,3.9939104875229534e-08,2.812373695435372e-06,3.419325844268485e-06,0.0006137488999680468,1
0.12508381743768113,0.874808842596548,5.522061881505022e-06,5.414488350712148e-08,2.3615615346554997e-06,3.6782273430260513e-06,9.572397012838059e-05,1
0.8063076198447158,0.1930048909413341,1.6563814310329308e-05,2.2141117362880067e-07,1.0728918491047933e-05,1.075991937600488e-05,0.0006492151505990293,0
0.8208256682003159,0.17847817572740568,1.6962564389476555e-05,2.1887768961714825e-07,1.0754360635791306e-05,1.0785435035054742e-05,0.0006574348345286972,0
0.8252351779216056,0.17392554086990653,1.5102839005462638e-05,1.9488058717266988e-07,9.575284347324626e-06,9.602951841371591e-06,0.0008048052527066205,0
0.8482284364374041,0.15148198809540603,1.2828700158942613e-05,1.6590835065741814e-07,7.72357336102783e-06,8.175313532039736e-06,0.00026068197178724407,0
0.9377729708760165,0.062197838960665226,6.057106124752877e-06,1.0715853934215553e-07,4.55564421303565e-06,4.8137685983184685e-06,1.3656485842715854e-05,0
0.868329564602734,0.12988273064183206,1.900631429334454e-05,2.578752284214356e-07,7.855651254184734e-06,9.581484070952116e-06,0.001751003430586816,0
0.9260036854600384,0.07301649197333518,6.610980311127442e-06,1.0069612781741362e-07,4.737547735941256e-06,5.617715190357353e-06,0.0009627556272611458,0
0.8726250619727194,0.12440181490243642,1.3400856126419671e-05,1.974884048791038e-07,6.618454229220427e-06,9.821538007059101e-06,0.002943084788076668,0
0.8588016854078407,0.1376142635430078,1.3500635410620128e-05,1.7213142321764024e-07,6.771969233134301e-06,9.894666620846686e-06,0.0035537116464633115,0
0.9391629705186398,0.056948977537903,8.782402697215143e-06,1.3189925372076212e-07,5.472877775844446e-06,6.743496479879398e-06,0.0038669212672504862,0
0.9738603716369698,0.023217391770218733,5.659795893498774e-06,8.072665271755372e-08,3.462719927205471e-06,4.263349708382023e-06,0.0029087700006298167,0
0.9754927092489573,0.02113745465159173,6.028590384621114e-06,8.42584613236535e-08,3.6142146768045482e-06,4.495642683320479e-06,0.003355613393244694,0
0.9807870239098667,0.01558311337080757,6.334440506079967e-06,8.199001583165698e-08,3.5169111079770473e-06,4.353880939978722e-06,0.0036155754967558454,0
0.9543759023594072,0.01808120477023268,2.0854571757006456e-05,2.7036307785226394e-07,1.752614312398104e-05,1.4167049408027725e-05,0.027490074742993094,0
0.9497644046903023,0.043158892503054776,6.1155856043060705e-06,7.781971657012052e-08,3.527177204443347e-06,4.236252339565665e-06,0.0070627459717779745,0
0.891346428631458,0.043193272430356,4.4313136214280334e-05,3.2779812818173817e-07,2.3178247922508922e-05,2.4942437527561706e-05,0.06536753731839343,0
0.297936049457145,0.6953577231586462,1.6770956706690158e-05,9.437177128280132e-08,7.2323261431989814e-06,6.505571664040132e-06,0.006675624157923744,1
0.10746916209926625,0.8924360684087265,4.702077474750915e-06,4.8996542856552994e-08,1.6969032104233128e-06,3.3284848350447963e-06,8.499302994423582e-05,1
0.10842728181286988,0.8914705702466937,4.8455199362200404e-06,5.309119340123392e-08,2.197051143997628e-06,3.6066469552311105e-06,9.144563120752408e-05,1
0.8623658086560523,0.1356023995444139,1.699674458858074e-05,2.675881194082772e-07,1.0485526959846464e-05,1.2586568368699733e-05,0.0019914553714972553,0
0.7736197321495186,0.22505507650057735,1.7692356099140358e-05,2.725071002697145e-07,1.08579589302564e-05,1.1493024591540093e-05,0.0012848755031826238,0
0.8325000909544332,0.1666863037958427,1.4617298555292631e-05,1.890395647516287e-07,8.80040661431705e-06,9.315129140160559e-06,0.0007806833758494558,0
0.881163401138737,0.11858157253234133,1.0770171674899946e-05,1.423019080074712e-07,6.624616672728011e-06,7.012080522521523e-06,0.0002304771581434067,0
0.8960516832178564,0.10390904765702903,9.555212672341442e-06,1.55709361106354e-07,8.56508770779253e-06,5.981791831224326e-06,1.5011323541936517e-05,0
0.934608834817886,0.06536500720979117,6.116328755748347e-06,1.2069326963382012e-07,4.736774885702777e-06,4.632805291384804e-06,1.0551370120327415e-05,0
0.9158361333330995,0.08279916655054993,1.450934432134466e-05,1.7031637269257657e-07,5.9969727510652566e-06,7.314466621421941e-06,0.0013367090162839355,0
0.8969806558076108,0.09898107715132963,1.3698019912019753e-05,2.0275313422199113e-07,7.145279792009282e-06,9.04484247214544e-06,0.004008176145749376,0
0.9340546184668147,0.06158559229173255,8.554909378024275e-06,1.5373596354318412e-07,5.516220971429163e-06,6.796902512102941e-06,0.004338767472627695,0
0.9417938022531047,0.05354473842981142,8.807004416454484e-06,1.3473357908538876e-07,5.488208683241262e-06,6.762386709900628e-06,0.00464026698369512,0
0.9598916000053069,0.018122893640059166,2.1260604135424656e-05,2.751872510257105e-07,1.6882239953053465e-05,1.4613151552818398e-05,0.021932475171741846,0
0.9435057935589348,0.017605712827806454,2.192666412065648e-05,2.6325318298176585e-07,1.706524796001601e-05,1.379449028229063e-05,0.0388354439577128,0
0.6667095468078452,0.2772273773598588,3.717476643079647e-05,2.7991395678516553e-07,1.6699959349763713e-05,1.5972770989616312e-05,0.05599294842156899,1
0.6896456754483323,0.3017169008476451,3.901621073647644e-05,2.894459927285757e-07,1.589179611183223e-05,1.785239091498733e-05,0.008564373860266677,1
0.10547745808895873,0.31112748548642327,1.8764042539000397e-05,2.3072628961283132e-07,1.3487716708048536e-05,1.4068917057129187e-05,0.5833485050220243,6
0.08960847759759122,0.24820631500122053,1.4218461860682271e-05,1.8743179473207602e-07,1.0956822274867263e-05,1.1428963636434226e-05,0.6621484157216215,6
0.9503068968605942,0.04297748253422117,6.119078741436397e-06,7.786416610594767e-08,3.5291918788270082e-06,4.2386720277685986e-06,0.0067016557983704044,0
0.9474787543112458,0.045825610977012675,6.100868174925052e-06,7.763243995310037e-08,3.5186888952642255e-06,4.226057609464294e-06,0.0066817114646219354,0
0.43570480011635737,0.5513176797807261,2.213605309937534e-05,1.4108127790885395e-07,1.1415901309134648e-05,1.0268752073082736e-05,0.012933558315157075,0
0.41811981856204233,0.5682360643724513,2.540499016785029e-05,2.054092890696456e-08,1.095567639771925e-05,9.854773764650826e-06,0.013597881084247237,1
0.21965726489849363,0.7744452363543939,9.986744539801887e-06,7.225605093513064e-08,4.159559129911993e-06,5.259234136738206e-06,0.00587802095325513,1
0.2149362715193391,0.779184436124283,9.365455289952408e-06,6.470405346467247e-08,3.515165883742573e-06,4.709553903966399e-06,0.005861637477246833,1
0.20486263911106947,0.7931064985264252,6.479756745194872e-06,5.595474262780306e-08,3.1584982031119924e-06,4.072725934119178e-06,0.00201709542688022,1
0.23591316798260467,0.7603452812702065,9.471021622529152e-06,8.707683868818202e-08,6.1316499549341685e-06,6.295178531719295e-06,0.003719565820240789,1
0.15890620218988302,0.8409483393544157,7.193877575307694e-06,7.496157449894653e-08,3.3029536635864108e-06,5.092368754695802e-06,0.00012979429413345365,1
0.16854070133412313,0.8313036198591988,7.2563888199853575e-06,7.950650235832598e-08,3.5032120789707393e-06,5.401119588414958e-06,0.00013943857968826053,1
0.8434772754692742,0.061197251629145945,4.0547752020658904e-05,5.56933997888156e-07,2.8523645375833197e-05,2.5424368948567806e-05,0.09523042020123691,0
0.8950997576870116,0.061513512316761276,4.216123572023555e-05,5.790956192494279e-07,2.1579769863008668e-05,2.7238976901573052e-05,0.04329517091812304,0
0.735906111941638,0.2623808682152113,2.0445728913232712e-05,3.1491601614984576e-07,1.2547728725052236e-05,1.3281626476146008e-05,0.0016664298430203116,0
0.781268511229885,0.21806079322363003,1.6553248940200053e-05,2.182205966857599e-07,1.015887856585339e-05,1.0753056069725389e-05,0.0006330121423126024,0
0.8058421150007306,0.19342785394260364,1.597376895000942e-05,2.0658224351992169e-07,9.617075370765797e-06,1.0179563621935326e-05,0.0006940540664796754,0
0.911942482493853,0.0880017305571243,9.878985500481808e-06,1.3927834773430485e-07,8.855310726946193e-06,6.184481370950483e-06,3.0728893076598705e-05,0
0.9655683465032533,0.034381953668444695,5.095294375620296e-06,7.71688164220791e-08,3.284671985433981e-06,3.012779770740506e-06,3.8229913353769294e-05,0
0.9195673706001096,0.07827548189994296,9.102524892502867e-06,1.5695892932648102e-07,5.336622864581776e-06,5.8801844817915235e-06,0.0021366712087790146,0
0.9414803927818508,0.05671200892571126,1.1905438146985038e-05,1.3975070103804697e-07,4.864121842853357e-06,6.001782576171932e-06,0.0017846871991707277,0
0.9180863489295624,0.08002716982257475,1.395640765360819e-05,1.6382578528270605e-07,5.702072152033557e-06,7.035719580181151e-06,0.0018596232226916595,0
0.9406927236090994,0.05797679480843011,8.332873297524113e-06,1.402057758597096e-07,4.30841814332809e-06,5.254948122768132e-06,0.0013124451371309862,0
0.9005281944878762,0.0955967371023592,1.5238185969448387e-05,1.5869577396338563e-07,6.147286248174984e-06,9.12234238323559e-06,0.003844401899389715,0
0.9080248865686816,0.08804532732101009,1.2552229637739476e-05,1.6003936750999902e-07,5.987627005335713e-06,9.199576452234436e-06,0.003901886637845602,0
0.9079010670464632,0.08802095164104032,1.2548754505760701e-05,1.5999506000926424e-07,6.294502209897356e-06,9.19702951489796e-06,0.004049781031205827,0
0.9486478330481702,0.047763630888833404,8.005820372843285e-06,1.4386856184991646e-07,5.162167392166109e-06,6.360649563793545e-06,0.0035688635571056115,0
0.9481334777826476,0.04775758011868558,8.06268958128108e-06,1.4489052972459474e-07,5.19883676016889e-06,6.405832329456157e-06,0.00408912984946611,0
0.9516071211240607,0.04493470673587829,8.373209944047347e-06,1.257537579342969e-07,5.039580998095082e-06,6.429301152505695e-06,0.0034382042942084864,0
0.9520287024309944,0.04454324962035574,8.300265157033878e-06,1.2698125027341985e-07,4.99567774414591e-06,6.373291091089716e-06,0.003408251733407341,0
0.9758966266075338,0.021691726900055115,5.691572228968135e-06,7.954813446086052e-08,3.4121681142087808e-06,4.201109601839086e-06,0.0023982620943315,0
0.5089716512608875,0.4868744828456905,2.2663706681036927e-05,2.1912655687047485e-07,1.152605769542664e-05,1.3575470803072464e-05,0.004105881531685492,1
0.07762609040785368,0.859602509025071,2.4901363649746147e-05,2.2798624583818175e-07,1.2868474746395892e-05,1.2782081240947384e-05,0.06272062066119245,1
0.05321749195337875,0.5089528906283184,1.147235555872692e-05,1.4472629893542406e-07,8.460359344056253e-06,8.519572014851483e-06,0.43780102040508634,6
0.0992470781946585,0.27787274027755876,1.5917898622927105e-05,2.0983425186859876e-07,1.2701932194727932e-05,1.2352267923155212e-05,0.6228389995947902,6
0.10112778836025765,0.19527662034237095,1.6392982359804168e-05,2.1609694035933652e-07,1.3081032574468929e-05,1.2720932264024103e-05,0.7035531802532328,6
0.041028422658619404,0.0004683288111860697,3.2998188677686393e-06,1.9822945654656274e-08,1.451508796086576e-06,1.216696372357654e-06,0.9584972606832127,6
0.47711599736391586,0.5083995759827248,3.062546350559199e-05,2.3451941050095257e-08,1.0115978246617743e-05,1.187983196573374e-05,0.014431781927700286,1
0.2921883522154509,0.6989598495789613,1.6675906984740793e-05,1.0293011454274854e-07,4.837864331123143e-06,6.481680694750778e-06,0.008823699823462554,1
0.22015825157944957,0.7766915145489016,9.553127919557884e-06,8.783172628812666e-08,6.184806530068414e-06,6.298454115069635e-06,0.0031281096513579017,1
0.13842761799914807,0.8607845325687473,6.07449077293095e-06,5.584903870234294e-08,2.9536801369501373e-06,4.366283938963756e-06,0.0007743991282170747,1
0.8645238607474551,0.06463164258414617,4.985316486751493e-05,5.593141727455507e-07,2.6508099496296365e-05,2.630851508060954e-05,0.07074126757478139,0
0.8495958551811513,0.14773255112014833,2.1160234477447055e-05,3.3313599086865224e-07,1.7061721678863094e-05,1.5207856539568334e-05,0.002617830750013564,0
0.6207232265237902,0.37871635172467477,1.8101679903237184e-05,2.3863347937128936e-07,1.1109164650351282e-05,1.1758922955784309e-05,0.0005192133505464771,0
0.8767244403075981,0.12299900051067104,9.565783508706154e-06,1.417432836003504e-07,5.710944827429401e-06,5.988409427795325e-06,0.00025515230068328635,0
0.8903591680866122,0.10949857463894311,9.645175524332451e-06,1.4291969376855872e-07,8.645728478874116e-06,6.038110729778113e-06,0.00011778534001806179,0
0.8845153125844358,0.11543077324632489,9.432192452711445e-06,1.3976376619656488e-07,9.09830544979935e-06,5.904778229320078e-06,2.933912934107814e-05,0
0.9371870972512053,0.06277350662220844,6.238330094576405e-06,1.2310071715191201e-07,4.83125850502094e-06,4.725215047408375e-06,2.3478222222121687e-05,0
0.9379363670791422,0.06202206206689419,6.460100358859068e-06,1.2309955453306966e-07,4.835121038168689e-06,4.838425698008135e-06,2.5314107314100604e-05,0
0.9682670523999314,0.031052366086757512,5.1532540423059765e-06,7.804662220691348e-08,3.403599102478715e-06,3.0470505504907383e-06,0.0006688995629936171,0
0.9644602633113951,0.033308767468643315,7.033447442174445e-06,9.863199438719081e-08,3.20332417018161e-06,3.7704764945638103e-06,0.0022168633398601785,0
0.9329724248598203,0.0652618439439073,1.2203871508391071e-05,1.4325382884860939e-07,4.86656543422152e-06,6.152229130639039e-06,0.0017423652763701959,0
0.9462188100546955,0.05289331175586401,6.143907842666636e-06,1.1499210227020576e-07,4.564628293535782e-06,5.803431192974549e-06,0.0008712512300089722,0
0.9092778731582268,0.08702714802457093,1.2657711908852765e-05,1.613842533541628e-07,6.573791527020862e-06,9.276884806643794e-06,0.0036663090447062855,0
0.9468624130344829,0.049423083564622966,8.034171452008245e-06,1.437475430589246e-07,5.157825100503048e-06,6.4849927662305335e-06,0.0036946826640323832,0
0.9773387159729523,0.02104332208610245,5.068209662195915e-06,7.098195475226392e-08,2.7854139111941613e-06,3.885829438317296e-06,0.0016061515059786887,0
0.9784521651096748,0.019860255661341922,4.862787060680271e-06,6.82581069744327e-08,2.8231555141448e-06,3.7367153723898e-06,0.00167608831292925,0
0.9827785474366576,0.014952834191923907,5.547289937187577e-06,7.753157617342207e-08,3.325669091504145e-06,4.02665566229365e-06,0.002255641225151047,0
0.45136481245498483,0.5389755064388159,2.267942705484092e-05,2.1939350191729327e-07,1.2082566923427503e-05,1.2648657383340737e-05,0.009612051061335617,1
0.44948625628658423,0.5453149735716472,2.122343377711293e-05,2.0520111886369135e-07,1.0793579605173308e-05,1.2873560000395272e-05,0.005153674367267087,1
0.518652403203086,0.47478294980372604,2.5701629838045508e-05,2.484990532057441e-07,1.3071051110438114e-05,1.5520562968891252e-05,0.006510105250217281,1
0.11448068044272075,0.19882502306468988,1.9724111309330977e-05,2.439340533754473e-07,1.4766101236419493e-05,1.4359613628577856e-05,0.6866452027323616,6
0.9429939713953754,0.04867318189993951,7.311687525170938e-06,8.245646464089321e-08,3.737337724409268e-06,4.488661828169875e-06,0.00831722656114283,6
0.6193539149142234,0.36130137640307264,2.28254243738381e-05,1.7583153501272362e-07,1.3163290881908147e-05,1.160796996137037e-05,0.019296936165951732,0
0.240776824054048,0.7519465449738205,1.6209882231817708e-05,7.596089983421691e-08,4.83520394186789e-06,5.381780765336437e-06,0.007250128144292899,1
0.24710823713001265,0.7462530446265585,1.3487278633637903e-05,8.561202479727347e-08,4.928421561475247e-06,6.231363013920079e-06,0.0066139855681950546,1
0.34029845176286194,0.6524779422554048,1.5815311275262212e-05,1.0926481571193362e-07,6.290040154294574e-06,7.952956760016037e-06,0.007193438408728137,1
0.1962443533826646,0.802953880111534,8.150396832058241e-06,7.493497728920631e-08,4.634224238979551e-06,5.8584246999895086e-06,0.0007830485250531229,1
0.1153182552469299,0.8838469095961499,6.908173213316519e-06,5.734536157808951e-08,2.9043098368482213e-06,4.483266624640711e-06,0.0008204820618837312,1
0.21531847907465362,0.7844186261969976,9.095341140831389e-06,8.785802407140441e-08,4.5611422819877495e-06,7.207918478565374e-06,0.00024194246842332878,1
0.2097987717206837,0.7899917157052361,1.0318745447117424e-05,1.0836364451500098e-07,4.737686695580767e-06,7.304385757539501e-06,0.00018704339253552694,1
0.9200772702826823,0.05644519553007894,4.6615341433418756e-05,5.009371397720308e-07,2.4608550101401238e-05,2.6009822813103582e-05,0.023379799535751006,0
0.8797737680337244,0.11804989769596755,1.667260930008162e-05,2.624850979542976e-07,1.1114927769880978e-05,1.2346537052812139e-05,0.002135937711087256,0
0.8648011682659901,0.13316387248031125,1.701638212494371e-05,2.6789728281293934e-07,1.049764230731036e-05,1.1533944327746641e-05,0.0019956433876557006,0
0.6907396878234614,0.30806644830947005,1.7801407789127516e-05,2.3467500812822263e-07,1.0924884938557418e-05,1.1563865001248573e-05,0.001153339034331631,0
0.7924972916961655,0.2068783620622571,1.7227540930747592e-05,2.2710975198386987e-07,1.0572697658083945e-05,1.1191078817278945e-05,0.0005851278144194006,0
0.8907963303469186,0.10872494587217912,9.719319383247569e-06,1.4401833812025924e-07,5.802608506388798e-06,6.084526560048192e-06,0.0004569733081144327,0
0.8895516080167707,0.110391267416376,9.857392836555051e-06,1.4296887505353294e-07,9.30695079597255e-06,6.040188554300939e-06,3.177706579128868e-05,0
0.9475762795545386,0.05238324651072786,6.388186169258904e-06,1.2436474583293847e-07,5.445297503458573e-06,4.7775963922796024e-06,2.3738489922711268e-05,0
0.9474427273457567,0.05094723710549714,7.539460202982394e-06,1.3000630211232977e-07,4.20356711530025e-06,4.8704526941943635e-06,0.0015932920624315496,0
0.9644236435309576,0.033770963583220695,6.661713561122301e-06,9.341906653482495e-08,3.020571384982061e-06,3.5711981360826423e-06,0.0017920459836732357,0
0.9558546446200956,0.03981272634359241,8.976324996665546e-06,1.2587750800267652e-07,4.070068485901591e-06,4.812010423871108e-06,0.004314644754897598,0
0.9224255976849027,0.07499710208397038,1.4978396449406293e-05,1.7582229048499324e-07,5.972969018120798e-06,7.271081973668961e-06,0.0025489019613953714,0
0.937250158548983,0.06111293122445964,7.939507186629171e-06,1.4516915745021075e-07,4.468979436623255e-06,6.530970675263017e-06,0.0016178256001017687,0
0.9298733738873902,0.06860920042198063,8.150526709999913e-06,1.2460490482486114e-07,4.43380558398599e-06,6.479567574539962e-06,0.001498237185855934,0
0.9377687791106606,0.060756165639205835,7.0905635294907985e-06,1.114124757340738e-07,4.440738451476077e-06,6.21556728041722e-06,0.0014571969683965594,0
0.9216503621348398,0.07169339702640566,8.986869147214984e-06,1.2189372841926668e-07,5.453750742883258e-06,6.820402196524146e-06,0.006634857922939447,0
0.9785528461015403,0.019223226514268766,4.706810362973734e-06,6.606868885171479e-08,2.639224276201717e-06,3.6168580731123194e-06,0.002212898422789985,0
0.9529360009642855,0.02041129254016458,1.9425499353623414e-05,2.5240264519445136e-07,1.665603780941319e-05,1.4417352522844897e-05,0.026601955203219063,0
0.32814732119477763,0.6626191136014985,1.433351657411181e-05,1.595015560697504e-07,8.784162743024598e-06,9.21668024937057e-06,0.009201071342601206,1
0.35911411502426155,0.6341485781480287,1.7895153878270973e-05,1.7311197797056695e-07,9.533723837749696e-06,1.0003148480840364e-05,0.006699701689534982,1
0.34933014757342834,0.6462982522678994,1.7457293247714718e-05,1.687877722513348e-07,9.300451614468338e-06,9.75839032278468e-06,0.004334915235714876,1
0.3625003341735227,0.6336708349805917,1.7116211516838526e-05,1.65489985779325e-07,8.806081882736777e-06,1.0405898459003235e-05,0.0037923371640413176,1
0.43220920321299655,0.5624826994609592,2.1235906017070144e-05,2.0532170809636852e-07,1.0799922599254604e-05,1.2823825516757885e-05,0.005263032350203101,1
0.41253289799952847,0.5842401834664814,1.4101869344921784e-05,1.5786325069563618e-07,9.074781128500847e-06,8.180280861669526e-06,0.003195403739404246,1
0.09180479111176174,0.32481334755052615,1.4940826210308608e-05,2.2920209630927692e-07,1.2227090523009053e-05,0.00016144369194469736,0.5831930205269377,6
0.943723058029269,0.0469778123828547,7.057009041768979e-06,7.95843660604854e-08,3.6071599097342307e-06,4.332314120070048e-06,0.009284053520438464,6
0.045204195415155586,0.003277529266333065,3.608065298675962e-06,2.167466918645413e-08,1.6185767883230456e-06,1.99463806373262e-06,0.9515110323636915,6
0.527993842163648,0.45853137026441626,2.2218288903715786e-05,1.7115457655079746e-07,1.111137760578934e-05,1.2273574624424745e-05,0.013429013176225416,0
0.3570837995041599,0.6330297902333887,2.04205414465356e-05,1.0882949076082737e-07,5.912360858140162e-06,7.921271166715524e-06,0.009852047259489287,1
0.21189278225808664,0.787073591527107,8.737460283020389e-06,8.033245513864539e-08,4.081076523065251e-06,6.374601561801675e-06,0.001014352743983289,1
0.14503809474232798,0.8540807223718193,6.675519826159638e-06,5.5414085074605107e-08,3.468344424703754e-06,4.332279216893113e-06,0.0008666513283000065,1
0.8412088103895463,0.1540516688376248,1.992756776592706e-05,3.137295118529924e-07,1.4561920647016085e-05,1.475692552774201e-05,0.0046899606293764814,0
0.8523279543568566,0.14573294070907272,1.8717007103976618e-05,2.822466242558957e-07,1.146389620644371e-05,1.1967213419883106e-05,0.0018966745707160951,0
0.7325495237638817,0.26690512887498324,1.761071271143712e-05,2.3216108510386845e-07,1.0933637761646904e-05,1.1439988723544223e-05,0.0005051308608535001,0
0.7338558304279358,0.26552402841272893,1.7006636060332513e-05,2.2419757487550175e-07,1.0558595854390242e-05,1.1047578138576527e-05,0.0005813041517069577,0
0.7589747999290506,0.24041983741200545,1.6100259634712545e-05,2.1272619737108788e-07,1.0018350764631758e-05,1.0482313597211637e-05,0.0005685490087500275,0
0.9097157187669539,0.08968429643232559,1.0984232784855503e-05,1.548606173507435e-07,6.557784560862985e-06,6.8438106056683165e-06,0.0005754441121516171,0
0.914069550698759,0.0854177639437408,1.0408978415056244e-05,1.4675042444189957e-07,6.214347354211672e-06,6.516269620539623e-06,0.0004893990116857976,0
0.9449213170475467,0.05106451032827616,8.296448079599637e-06,1.430593844197266e-07,5.031866461271093e-06,5.35946298722363e-06,0.003995341787264315,0
0.9629561736730579,0.03523943204015077,7.397689896107878e-06,1.037398678684823e-07,3.565227481106095e-06,3.965738863717686e-06,0.0017893618906821736,0
0.9479743276781911,0.050419155548125885,7.455931625799137e-06,1.363899746638415e-07,4.196785056467968e-06,6.080425144592152e-06,0.0015886472418813926,0
0.9177095752997416,0.07318919321164391,1.6346275243471684e-05,2.289349981621394e-07,1.2848585324344155e-05,1.2504290105044196e-05,0.009059303402943466,0
0.9228987137032953,0.0720059590600644,1.6579095463686633e-05,2.2794788861442133e-07,1.303158789955523e-05,1.268238887877252e-05,0.005052806216509515,0
0.9442188259939495,0.02887117147004744,1.6073083395773526e-05,3.0236446007505955e-07,1.3894059182298732e-05,1.257752246031728e-05,0.026867155506504595,0
0.9458325034419965,0.027581729674729112,1.7710801575700657e-05,2.6203832455732157e-07,1.4410222179751001e-05,1.2658998958080813e-05,0.02654072482223613,0
0.3008828257969612,0.6953413624701744,1.303406465600194e-05,1.4504141979372355e-07,7.987805682536818e-06,8.381111896920252e-06,0.0037462637092090336,1
0.34902362013369415,0.6457311436173907,1.744197496087036e-05,1.6863966569927788e-07,9.292290728150459e-06,9.749827608050929e-06,0.005208583515952146,1
0.0946185667822821,0.8201251558519104,2.1330038479797186e-05,2.6005347257565735e-07,1.5737403995894195e-05,1.407545098251248e-05,0.08520487441887661,1
0.09461025819899793,0.5652233058483234,1.9076220493888645e-05,2.325751726961644e-07,1.4074526349843528e-05,1.3690952834602639e-05,0.34011936167782775,6
0.1339784784940673,0.2492567122056009,2.180440845036647e-05,2.9478094921765173e-07,1.7838973047290137e-05,0.00023560840286519956,0.6164892627350197,6
0.2695681210182067,0.7222719192225845,1.7266666724172582e-05,9.202119109566626e-08,6.027343520858651e-06,6.69786105454509e-06,0.00812987586671815,1
0.31712199180792866,0.671501835646283,2.3002219931671698e-05,1.0004647228647784e-07,6.3683434270172835e-06,7.088228040560851e-06,0.011339613707916757,1
0.336101557591053,0.6549818810828002,1.807504574425476e-05,1.1473339481617887e-07,6.518824185196592e-06,8.350993153263162e-06,0.008883501729669313,1
0.3040771932404095,0.6881294546122155,1.5704855159812227e-05,1.0482160858662654e-07,6.192210534252567e-06,7.5780282102084546e-06,0.007763772231862069,1
0.14813710747777645,0.8509854209625259,6.133523936470157e-06,5.521325710702167e-08,3.4557746861480274e-06,4.316578464476805e-06,0.0008635104693535554,1
0.27039454925345024,0.7288186061595988,1.3577351809626979e-05,1.2561754521057543e-07,5.420500396378128e-06,7.121444630729661e-06,0.0007605996725689002,1
0.8650182750083758,0.1108020145721675,3.768566940715703e-05,3.999169344798752e-07,2.3534478550227957e-05,2.3923618034627864e-05,0.024094166736530236,0
0.8233514794213246,0.1737459370931886,2.592728618315562e-05,3.1935634882815593e-07,1.568838899410556e-05,1.6581725305973836e-05,0.002844066728654864,0
0.8536210235660618,0.14460404532472174,1.8993069593968022e-05,2.451364276261038e-07,1.1632980489746753e-05,1.2079362768820094e-05,0.0017319805599362763,0
0.8324440243354008,0.16558065360550572,2.0554196609239272e-05,2.3202597441991158e-07,1.1400389917068647e-05,1.1433330998369456e-05,0.0019317021155942624,0
0.8101119051553357,0.1884756582393659,1.826849586574645e-05,2.40832605295571e-07,1.1211541115062209e-05,1.186728726569516e-05,0.0013708484484466746,0
0.9427844605043743,0.056788476968618704,6.558683523967484e-06,1.276839759902494e-07,5.015188567409722e-06,4.881866353397721e-06,0.00041047910458642464,0
0.9495917569685611,0.05018794435213345,6.401773724391421e-06,1.0782327874412862e-07,4.895205307038533e-06,4.898551032669041e-06,0.00020399532596241123,0
0.9523355532201679,0.046859413419289626,5.996352810581326e-06,9.057747646915822e-08,4.585194567154681e-06,4.566587795117794e-06,0.000789794647893292,0
0.9380056742779762,0.05948546242868878,1.3649669848712176e-05,1.6022517665832332e-07,5.44310970732565e-06,6.1250435640181865e-06,0.0024834852450381774,0
0.9419424245090627,0.05689776020847741,6.674140390107423e-06,4.8795215668752126e-08,4.1700811676145e-06,6.094160468935897e-06,0.0011428281052173182,0
0.942966904526252,0.054421038362437744,7.599711255449494e-06,1.1203004376856998e-07,4.841149299154875e-06,6.250020654183081e-06,0.002593254200057647,0
0.9218737914543539,0.07643879499953074,1.5018215049405679e-05,1.864820401873717e-07,1.1000222203466964e-05,1.132156994272147e-05,0.001649887056879523,0
0.8318711299102693,0.15537446373216726,2.670646322394823e-05,3.11722447975575e-07,1.6483385622687616e-05,1.9499872862861868e-05,0.012691404913405896,0
0.9163782308298911,0.07626719350145102,1.5909543416146293e-05,2.6161570108588983e-07,1.293951685811738e-05,1.2621492594804248e-05,0.007312843500087919,0
0.9467831041227361,0.03585096455414993,1.8209363776078977e-05,2.550281700582078e-07,1.4819420825656022e-05,1.3961238095950949e-05,0.017318686272246277,0
0.9394679696070417,0.026192499170761854,1.5992211347042947e-05,2.746914293934455e-07,1.431325538457481e-05,1.2514238398119966e-05,0.034296436825637676,0
0.19941553667198444,0.7916701402025513,4.979759326344935e-06,1.0140247909474737e-07,2.503039977864403e-06,2.988477318904073e-06,0.00890375044636194,1
0.3580358120205823,0.6347174957087065,2.0474984160196145e-05,1.0911963844465972e-07,5.928123661007084e-06,7.942389876965501e-06,0.007212237653374519,1
0.3518044848395343,0.6363126810850136,2.2014612099827333e-05,1.203868271575098e-07,6.840036082875436e-06,8.76248428756222e-06,0.011845096556154852,1
0.3805575388032139,0.6089498554105311,1.51355508724674e-05,1.1293805228200583e-07,8.421039224258688e-06,8.220317222034401e-06,0.010460715940884035,1
0.19184197829327118,0.8072173751823256,5.8336529450926184e-06,5.8162710875539586e-08,3.641454350424861e-06,4.6723450772176986e-06,0.0009264409093196257,1
0.16504144889148745,0.8339855541228276,5.885916543056989e-06,5.298432463431511e-08,3.375526282002945e-06,3.8695240475293664e-06,0.0009598130344878472,1
0.33452287949698367,0.6644817483700877,1.2753296820033036e-05,1.0653654301990058e-07,5.849158639405377e-06,6.543746232924057e-06,0.0009701193946933006,1
0.24379036789287614,0.755777234976663,1.4471037487896677e-05,1.1888523055118776e-07,5.3754335678210304e-06,5.739128657347265e-06,0.0004066926455169739,1
0.5728807956814194,0.42425755368683105,2.1234615376559263e-05,2.57629102849837e-07,1.360750219611412e-05,1.2470445224181149e-05,0.0028140804398497764,0
0.5877413612222571,0.4095993667543645,2.530805508367889e-05,2.8164976857416456e-07,1.4876230216280487e-05,1.484325994334444e-05,0.0026039628283666995,0
0.9242528195439029,0.07515567184023267,1.0116580793471669e-05,1.2791628475646754e-07,6.039780714372783e-06,6.30321336806707e-06,0.0005689211247034645,0
0.9470727730223227,0.05248002818559755,6.588516095287174e-06,9.952235641212865e-08,5.038000457947236e-06,4.904071819727774e-06,0.00043056868135046963,0
0.9494220022221167,0.0499384477920955,6.539208450104018e-06,1.0780400360488095e-07,4.894330210630428e-06,4.897675338158855e-06,0.0006231109677852333,0
0.9669285898094349,0.03213750161315202,5.591151193021054e-06,9.641073387032049e-08,3.711344518174141e-06,3.611855047782525e-06,0.0009208978159202818,0
0.956717725073555,0.04038428341725071,8.306136213062165e-06,1.1647926384343802e-07,3.766000377955528e-06,4.452736955735881e-06,0.002881350156383555,0
0.9398016414279758,0.05877933022420418,7.767140698991776e-06,1.363856992346273e-07,5.413850249447459e-06,6.570930587157835e-06,0.0013991400405847826,0
0.8851184648317002,0.10918492854628617,2.2606908112688542e-05,2.446231851128716e-07,1.4940392806797415e-05,1.4456224245643678e-05,0.005644358473663315,0
0.9363998500893242,0.03519441560541959,1.756605111532949e-05,2.8634951916469536e-07,1.4286784264762678e-05,1.3903950559933875e-05,0.028359691169797176,0
0.9422783224699007,0.03600990026136563,1.8290090142738576e-05,2.5147255106507553e-07,1.437647294497728e-05,1.3991235910673385e-05,0.021664867997184274,0
0.921990836341727,0.02276577853897152,2.5765624454433036e-05,3.0194805972684837e-07,1.9573622821651888e-05,1.5644733803992218e-05,0.05518209919016192,0
0.9464567872239625,0.023436597976506147,2.7058910634206466e-05,3.108453011387288e-07,2.015038177717183e-05,1.7314564439734034e-05,0.030041780097379258,0
0.15014862301119553,0.24453450458059725,2.4056217824502025e-05,3.2522389869164804e-07,1.9681259519967372e-05,2.404694658680805e-05,0.6052487627603773,6
0.562759750639427,0.14188725927326648,1.6033387781202427e-05,2.6953904038374624e-07,1.3335146518650977e-05,0.0002523120881055036,0.29507103992586076,6
0.02706225190591529,0.004839223529283323,2.3405719928929393e-06,1.3416886742448132e-08,1.105489860856085e-06,1.3371190313560602e-06,0.9680937279670294,6
0.8743282704459011,0.08636630126717078,5.612313602206109e-05,3.1838006410618134e-07,1.4584507092497433e-05,2.3427636317749964e-05,0.03921097462743189,0
0.3957427815523114,0.5951555209945271,2.235400972761091e-05,1.191337409680292e-07,7.364005923822993e-06,8.671277065762787e-06,0.009063189026703385,1
0.44330508074604363,0.5481059796570072,1.6305020350708488e-05,1.256027800282556e-07,7.66275509477038e-06,9.142133009550522e-06,0.00855570408571415,1
0.34894037837059155,0.6495019475641145,1.0723123558548584e-05,8.942862904766554e-08,6.800350825221843e-06,6.959951894462983e-06,0.0015331012103866602,1
0.31997435731535695,0.6785463282204387,1.0415480570133973e-05,8.686295025642261e-08,6.4845559536409485e-06,8.302762078854416e-06,0.0014540248026515064,1
0.6028783080290487,0.024601467032548143,2.4761944741540087e-05,1.395755505326691e-07,1.3238031253279042e-05,1.6533506942441915e-05,0.3724655518799155,0
0.7581799427653698,0.23724340604710498,2.7620639688448567e-05,2.867565551983768e-07,1.6875169355432903e-05,1.69006997838397e-05,0.004514967922142469,0
0.5167791171144956,0.4806085031282628,2.090781944159952e-05,2.859707303790831e-07,1.4588314695420234e-05,1.4114159513290615e-05,0.002562483492860892,0
0.9225573626212344,0.07689655189448957,1.0263021260107993e-05,1.294767252898319e-07,6.113459516546274e-06,6.380105764126742e-06,0.0005231994210098976,0
0.9245040283946409,0.0749296206985472,9.947138519350604e-06,1.257738191716288e-07,5.938620628734335e-06,6.197641057702605e-06,0.0005441417327869951,0
0.9230239937179019,0.07640170366044363,1.0199452992385176e-05,1.4379644149734168e-07,9.14257091358692e-06,6.3851016910810225e-06,0.0005484316996160052,0
0.9230467115261571,0.07639400366471241,1.0170672999733962e-05,1.4339068831306266e-07,9.810644772733148e-06,6.336915932656952e-06,0.0005328231847367327,0
0.9469713114977434,0.05248729833910538,6.587810256299099e-06,9.951169441201742e-08,5.037460728348989e-06,4.9035464381334024e-06,0.000524761834034183,0
0.9478441589859548,0.05171911221996627,6.491393322020723e-06,1.093327164831264e-07,4.96373417869454e-06,4.854782953163678e-06,0.0004203095509086365,0
0.9760915782732923,0.023512895183289948,4.78684165779297e-06,7.422499372803611e-08,3.180159739768687e-06,2.7469648912923436e-06,0.00038473835213517196,0
0.9703401420031113,0.028328552186238573,6.37513322033823e-06,9.408789644876471e-08,4.2317431443215586e-06,3.658417885009978e-06,0.0013169464285040394,0
0.9724216321741258,0.025966267872916362,6.121744235749061e-06,1.1553262074615501e-07,4.063546330024252e-06,3.513008720833115e-06,0.0015982861210506673,0
0.9615796527968088,0.03501951742079221,6.764217096745073e-06,8.733496376307757e-08,4.435833233251326e-06,3.395843732052484e-06,0.0033861465533732344,0
0.9588599282599908,0.038319087294538104,5.862470244893986e-06,8.805016825715164e-08,3.3923910694473164e-06,2.990085339575735e-06,0.00280865144864892,0
0.9486383677321112,0.04881179098360466,6.345140872881034e-06,1.0017280681995764e-07,4.5762545550180004e-06,5.8182127270239115e-06,0.0025330015033224523,0
0.9351945087421454,0.037951432379445184,1.8448207434828022e-05,2.5253884455895916e-07,1.4437432041710886e-05,1.5663836798040717e-05,0.026805256863290314,0
0.14206647485142093,0.8554533776791583,1.1928039311313641e-05,2.498639118979593e-07,6.70830028449645e-06,8.537653867125122e-06,0.0024527236120460453,1
0.444022340412392,0.5535195033654681,1.2560582391771195e-05,1.9264736501313234e-07,9.036791066031397e-06,8.04973840460867e-06,0.0024283164629125037,1
0.4661129972427082,0.13302690290630628,1.3344933375393664e-05,1.9512048600895052e-07,1.180791737093501e-05,1.4427143650651268e-05,0.40082032473610246,6
0.6621507395772345,0.3209853081832182,2.6275405664767045e-05,2.0240784291456054e-07,1.1575335205038753e-05,1.3362473121377076e-05,0.01681253661771326,0
0.40652801481378953,0.5830227977758379,2.056181475044022e-05,1.4437234178920443e-07,8.528622559183669e-06,1.0437329607933829e-05,0.010409515271113168,1
0.2839613523185846,0.7145728533731716,9.649304935179043e-06,9.052751103265283e-08,5.072310515443892e-06,7.181476937260489e-06,0.001443800688344918,1
0.2284661406665269,0.7713133230043259,1.4450866177421562e-05,1.0660388975508704e-07,5.821111737026583e-06,6.769667368436547e-06,0.00019338807997454864,1
0.5663694058496317,0.429346620397371,1.8800253475690754e-05,3.002983473802173e-07,1.586121434365867e-05,1.582606104484542e-05,0.004233185925785742,0
0.8364556362804975,0.15639337174580276,2.0203939467159455e-05,3.18080567633411e-07,1.5075088742148868e-05,1.6808365758305918e-05,0.007098586499164668,0
0.8603495489192395,0.1368148537776437,1.7910179874261153e-05,2.311053152987795e-07,1.4441730778473861e-05,1.1387964523797428e-05,0.002791626322624782,0
0.9207041990778199,0.07868599266783087,1.0929389479248362e-05,1.381936175257996e-07,6.525042120874545e-06,6.809640062862491e-06,0.0005854059890687706,0
0.9293201026248943,0.07011903317382466,1.0259944454870355e-05,1.4464927713988377e-07,6.567115351730153e-06,6.3925371984670004e-06,0.0005374999549989464,0
0.93042351346933,0.06907384795592211,9.967709662306368e-06,1.4052922057569463e-07,9.614866066108466e-06,6.240024819812761e-06,0.0004766754449788368,0
0.954975950902281,0.044602116243571965,6.4441156817709765e-06,1.0623632439440855e-07,5.376564624839175e-06,4.8264536436899185e-06,0.00040517948387241455,0
0.9401944074632849,0.05597674445103367,9.767643010541102e-06,1.3097622993965968e-07,6.387581465043344e-06,5.879386535971884e-06,0.0038066824984398055,0
0.9217163359448183,0.07376141476004032,1.3027285765232579e-05,1.7468541530801043e-07,7.636682192963799e-06,7.841446339276436e-06,0.0044935691954287055,0
0.9288341338629654,0.06759181788558521,1.0177913886001586e-05,1.0394030390473437e-07,5.9663613077547035e-06,7.35416672375242e-06,0.003550445869227859,0
0.9513799322245786,0.04629062612252198,7.149410341135505e-06,1.392850926576972e-07,5.353584984289047e-06,5.924698419422176e-06,0.002310874674061787,0
0.9319717789687928,0.06670972134733556,1.165218308704714e-05,2.910874265434178e-07,8.267762063199547e-06,9.20453633893449e-06,0.0012890841149556284,0
0.929174939935987,0.06927721548444056,1.4041530893040934e-05,1.9670057371056275e-07,9.79122910116431e-06,1.0594946030379645e-05,0.0015132201729743532,0
0.9425827650791335,0.04432366921246523,1.7338425460598836e-05,2.6357378122807005e-07,1.4067548636096968e-05,1.6049205076542884e-05,0.013045846955446708,0
0.918293494996823,0.038154173433402334,1.8546759947459448e-05,2.538879370253272e-07,1.4514558516393187e-05,1.5747514872419974e-05,0.04350326884850143,0
0.8750646455309592,0.023104608742230668,2.6265572317925558e-05,3.000076792633268e-07,1.7232576745959693e-05,1.717397024769906e-05,0.10176977359981917,0
0.14503645798759707,0.8529901729958544,1.1893693544424544e-05,2.49013911344579e-07,6.688984308770677e-06,8.513070424545254e-06,0.0019460242543595308,1
0.09998099671826989,0.8993770174339095,4.640590073469299e-06,8.082170746966465e-08,2.1698863156903464e-06,2.5018836167873527e-06,0.0006325926661075057,1
0.1653025559520235,0.8338247050374229,5.548687584742568e-06,1.0155712212511579e-07,2.6862968347262403e-06,2.9914666762540717e-06,0.0008614110023357604,1
0.1580246224802687,0.8412553933670974,4.547486825260902e-06,8.493955670616714e-08,2.2467440741548745e-06,2.4765067997166785e-06,0.0007106284753780339,1
0.3095327291031082,0.6887480941595132,9.117485307923845e-06,1.3983901903053353e-07,5.180932890116601e-06,5.8429115227971474e-06,0.0016988955686387823,1
0.08023502405937478,0.017136093174619883,6.522600818152183e-06,4.0624452787905963e-08,3.2448038325890684e-06,3.440483247733084e-06,0.902615634253654,6
0.6426427085031915,0.3332277139663404,2.9874947443706323e-05,2.3013626302922668e-07,1.4367690680512894e-05,1.5193035925392925e-05,0.024069911720155567,0
0.5359798627748869,0.45797066568904565,1.951010550581728e-05,1.50826168644722e-07,8.909874623331793e-06,1.0903905943046024e-05,0.006009996823826556,1
0.5402792330111145,0.45247827607041097,1.9347918034581273e-05,1.5133558000873949e-07,8.867158121827148e-06,1.0940733594702742e-05,0.007203183773143347,1
0.3249120223543436,0.6731661146776212,1.0842911714325e-05,9.042763745120978e-08,6.7506695671388455e-06,6.635479541455105e-06,0.0018975434795747898,1
0.22487999902098024,0.773791217385862,7.22156271164902e-06,6.36780608546765e-08,3.6309646404902408e-06,5.533472090404604e-06,0.001312333915654241,1
0.24191421747831535,0.7570234232876815,7.4353909962590955e-06,6.097883916916676e-08,4.571188895851707e-06,4.832741207900442e-06,0.0010454589340637612,1
0.2795751979233736,0.720030696140149,1.544075806830178e-05,1.4155465192080065e-07,5.055198003011254e-06,6.833484324780724e-06,0.000366634941429413,1
0.8092965352012258,0.18443153204829188,2.1262986727207738e-05,2.2201706070350285e-07,1.1575799440533277e-05,1.3482540732907673e-05,0.006225389406520871,0
0.8767310431431145,0.11640580396284211,1.7926111735337028e-05,2.821528695672249e-07,1.4061579796660788e-05,1.4830816361623164e-05,0.006816052233280045,0
0.9544423176666196,0.04512837007300465,6.304027134303955e-06,1.0617696035128496e-07,4.820462017578303e-06,4.8237566584179654e-06,0.0004132578376052648,0
0.9283128410162805,0.0708607731853339,8.545715085572243e-06,1.313940113786665e-07,6.632653778895472e-06,5.969399907165624e-06,0.0008051066356025688,0
0.9308020323528968,0.06849573039389908,8.541700221016907e-06,1.679408849283048e-07,5.9471622521458915e-06,5.966595421892722e-06,0.000681613854424192,0
0.9783532457241665,0.020491047192467325,4.548859434427467e-06,6.728567535803401e-08,3.0288515959056415e-06,2.6162676329877566e-06,0.001145445819027308,0
0.9528839001813125,0.038011729557184466,6.691279363427992e-06,8.601596045861754e-08,3.7396802326483845e-06,3.4128098722577818e-06,0.009090440476074213,0
0.9611807870846766,0.03375566568218987,8.717637373447166e-06,1.2662143326723113e-07,5.342543718865401e-06,4.772540104579783e-06,0.005044587890503185,0
0.9568485900894602,0.03985629064866758,6.288926982313391e-06,2.8548403471299236e-179,4.609443790658795e-06,5.10117321777385e-06,0.0032791197178814644,0
0.8566996346278227,0.13752140909898455,1.7510853253447813e-05,2.1763160028183164e-07,1.3291878257092484e-05,1.3212700707593462e-05,0.0057347232093743,0
0.9126769147404975,0.03765139918638143,1.8302361171961484e-05,2.552112285201036e-07,1.3621219656055327e-05,1.5540002974770024e-05,0.04962396727808987,0
0.9107160151182696,0.03691073535478884,1.794232416813827e-05,2.456137719684182e-07,1.2792867602773925e-05,1.5234306018083837e-05,0.05232703441538049,0
0.8882129998643642,0.03380572940576516,1.6430912598678596e-05,2.3552310836535112e-07,1.2267292336926188e-05,1.460842801449033e-05,0.07793772857381226,0
0.05966218035345677,0.8844164663973668,1.4914089907875434e-05,1.8192625639847142e-07,1.1003686577200955e-05,1.2703132503399893e-05,0.05588255041393143,1
0.8686560468599662,0.041914824493369654,4.324029998804917e-05,3.6121421346000424e-07,2.0121154634167273e-05,2.185581784818141e-05,0.08934355015998002,0
0.8750529442053135,0.05398274890552972,4.565316067222794e-05,3.813704004999898e-07,2.2091042587728058e-05,2.3075398739642028e-05,0.07087310591675687,0
0.8836060525515089,0.060222283869885464,4.470308962669802e-05,3.734338421149401e-07,2.137584877262244e-05,2.25951851490871e-05,0.056082616021215066,0
0.8895047697701239,0.057781035089246376,5.009306116432098e-05,5.510600835174105e-07,1.758969167895045e-05,2.5361839702948694e-05,0.05262059948800001,0
0.880424720300635,0.07056193706649315,5.911790431273205e-05,5.604723136022175e-07,1.8281656324779294e-05,2.57950256254972e-05,0.048909587574295366,0
0.7072162155586686,0.2686272423287548,3.543248048679443e-05,2.7294771528726857e-07,1.7822155329922057e-05,1.801934379888121e-05,0.024084995185245855,0
0.6350580453779617,0.3479665025207081,3.953216697936729e-05,2.3443193821507e-07,1.5757114308541743e-05,1.6948145188017094e-05,0.016902980242915956,0
0.26035466245153066,0.7383466211577399,8.839935487735441e-06,7.372323066330405e-08,4.2814065327289385e-06,5.4097287354241854e-06,0.0012801115967430855,1
0.3029226295559333,0.6955938673271143,1.0285264253902698e-05,8.577697315501015e-08,4.981416168545269e-06,6.294218963810815e-06,0.0014618564405930294,1
0.30829229158202714,0.6903833182986101,9.995985581030493e-06,8.197868779054699e-08,6.463856015729489e-06,6.497037137028772e-06,0.0013013512619410954,1
0.33666519520373234,0.6620335208359645,1.1232402175353504e-05,9.211873942861752e-08,5.971734765372695e-06,7.300664199616744e-06,0.0012766870404233718,1
0.8557300944973755,0.13340842933293423,1.833941122754835e-05,3.516786054775921e-08,1.4386817145885725e-05,1.4790293376215463e-05,0.010813924480079975,0
0.8140754721665542,0.1800831920680834,2.003878808495886e-05,2.387334752659509e-07,1.2665258476788208e-05,1.4497686774082248e-05,0.005793895298551656,0
0.8003384383678002,0.19471452029761604,1.967467858391741e-05,2.34395631770005e-07,1.2010201612669414e-05,1.4234260389453302e-05,0.004900887798366125,0
0.6800819484448909,0.31740779964337096,1.774832200946078e-05,2.7412604824867304e-07,1.631455802133023e-05,1.3522473364608804e-05,0.002462392432294493,0
0.6485551995929176,0.3478901847055601,2.395608238444431e-05,3.2758645397169696e-07,1.8194341059509796e-05,1.555613378979232e-05,0.003496581557834422,0
0.8996694002928228,0.09781775357175167,1.2151232293910169e-05,1.5329811034952354e-07,9.858746669618522e-06,7.553930293505356e-06,0.0024831289280580894,0
0.891842622404642,0.10600659824511718,1.1925100433812476e-05,1.5078360702910579e-07,9.054733497613498e-06,7.430025421084452e-06,0.002122218707281526,0
0.9131369758620893,0.08620618987843465,1.1066273116179295e-05,1.63918984851373e-07,7.083224708219731e-06,6.927751835400827e-06,0.0006315930908311832,0
0.9295093725736145,0.06998504400390745,1.018875026117284e-05,1.436455496148274e-07,9.82808212328461e-06,6.378401525178586e-06,0.0004790445430186297,0
0.9311790771358676,0.0683273151464817,9.947410335343713e-06,1.4024303160220752e-07,9.595285308182084e-06,6.227316955281808e-06,0.0004676974620207243,0
0.9324554776731229,0.06711737857510239,8.787973001443497e-06,1.2118160522441715e-07,5.9421945622077755e-06,6.2950959711737866e-06,0.0004059973066346602,0
0.9785823435026638,0.01935602947978727,4.549924625957906e-06,7.071001259441812e-08,3.029560852173817e-06,2.6168802758192604e-06,0.002051359941782342,0
0.9816749079516095,0.01621636267448532,4.8142228130946475e-06,7.10510795405305e-08,3.0890583125428594e-06,2.7626777720754966e-06,0.002097992363927782,0
0.9815497127378185,0.016815192910524926,5.544436507121266e-06,8.182799479147206e-08,3.557601786544549e-06,3.1817163624509386e-06,0.0016227287690057156,0
0.9215504125096681,0.07636776026056218,1.173179064358039e-05,1.613093692919532e-07,8.865916165445753e-06,7.102725467530902e-06,0.0020539654881238157,0
0.9120385311650469,0.07947807346944945,1.726092205294836e-05,2.118909696137327e-07,1.321444188129235e-05,1.2332866165090547e-05,0.008440375244434972,0
0.9221793696533713,0.07571393758740576,1.1854043513168223e-05,2.1915421029568327e-07,1.0649243484081663e-05,9.363994151581612e-06,0.002074606323863693,0
0.9194043475657381,0.07758720016811443,1.6734967645045183e-05,2.0798859636030313e-07,1.1669375900772867e-05,1.2627261255913141e-05,0.002967212672749272,0
0.9402830249109644,0.044413257469565086,2.137163496606047e-05,2.6537282077129694e-07,1.6359442826009247e-05,1.5682442381734075e-05,0.01525003872647597,0
0.9191233382890494,0.04532617597778966,1.7730583626498937e-05,2.695352574221249e-07,1.4385726551639463e-05,1.6412203829876868e-05,0.03550168768389536,0
0.87813220417192,0.024665523497538366,1.665674265888075e-05,2.0487439019101567e-07,1.0670944580622768e-05,1.2707427317388251e-05,0.09716203234159441,0
0.07679588062085525,0.9228146520747785,3.6576034982936847e-06,6.6944782795641e-08,1.710253147448386e-06,1.9719255793356206e-06,0.0003820605773583581,1
0.06510338618441001,0.9345663932426833,3.1007180480745284e-06,5.675215925829859e-08,1.501156615994185e-06,1.6716916516943954e-06,0.00032389025443175964,1
0.17271814063865865,0.8259939546245055,8.823318341614523e-06,3.1569642423082807e-07,4.484560127424833e-06,5.236500480374581e-06,0.0012690446614621626,1
0.31913566488211065,0.050837908498763455,4.137898120359824e-05,1.6479929090186423e-07,1.120159520467409e-05,1.3457492791688283e-05,0.629960223750635,6
0.8920361942715375,0.060796841260320866,4.6964777471280145e-05,3.3748968969026395e-07,2.1579787432864472e-05,2.2810757023506764e-05,0.04707527165652417,0
0.8992975249615396,0.0658130807184327,5.199173250884353e-05,5.719468483779682e-07,1.8412950745990764e-05,2.632312649934557e-05,0.03479209456342521,0
0.6664992716338983,0.3307951316783112,2.2380893844789173e-05,1.8755467980568465e-07,1.1108089303756296e-05,1.3559176144005726e-05,0.002658360973818084,0
0.3191795813457995,0.6791694721503405,9.69486431226396e-06,8.835981735548218e-08,5.129084005589176e-06,6.3879308627032404e-06,0.0016296462648620895,0
0.2784481920427957,0.7201877628243573,9.454272994988606e-06,7.884667820601305e-08,4.578945877954179e-06,6.186370306225679e-06,0.001343746696989785,1
0.2783517181562121,0.7199382395215128,9.610756276290192e-06,7.881936021398397e-08,4.577359411538071e-06,6.184226915805693e-06,0.0016895911603112853,1
0.3880503324723541,0.6101824550642709,1.335750725301506e-05,1.0954706845845622e-07,6.0845106690459045e-06,8.681907349452519e-06,0.0017389789910347668,1
0.40614634748243356,0.5929833269509164,1.3980410086798942e-05,1.1465559492847453e-07,6.368250656316467e-06,9.086772163536926e-06,0.0008407754781484411,1
0.46566976952987754,0.5297573523736628,2.524286622595078e-05,1.734547064862216e-07,0.00033692226530738747,1.1746343926866096e-05,0.004198793166293019,1
0.27537464017694835,0.7237997639071996,1.5406988647251526e-05,1.1315443206091173e-07,6.178804489025864e-06,7.293425985765303e-06,0.0007966035422980006,1
0.8589282700185781,0.1375455234281106,1.662512991394568e-05,2.4398350053905593e-07,1.342968127555734e-05,1.1677350102074647e-05,0.003484230408519169,0
0.8129876812598982,0.1840144738659183,1.5064705721831646e-05,2.2551525898360184e-07,1.255759310473005e-05,1.0955331116766712e-05,0.0029590417289812342,0
0.9209931516336242,0.07747404987055001,1.0168012671185114e-05,1.4335318181356474e-07,8.426180308546584e-06,6.335258394520809e-06,0.0015077256912699507,0
0.9432666222853784,0.05624390183734285,7.0137449980013614e-06,1.1813053920952672e-07,5.363157652013878e-06,5.2454393017020945e-06,0.0004717354047876313,0
0.9851231456971804,0.013051764969375074,4.831133283847477e-06,7.130065403036486e-08,3.099908959111596e-06,2.7723819722087146e-06,0.0018143146085753976,0
0.9559561405627441,0.0310432090809576,6.970571898765475e-06,8.999927640991144e-08,3.912861207946731e-06,3.4994401499375792e-06,0.012986177483765017,0
0.9176813918990613,0.07446440841255637,1.5980284547533145e-05,1.961701684935057e-07,1.2234024390592778e-05,1.1629706076570931e-05,0.007814159503199102,0
0.916846867578119,0.07536056148620096,1.701786393425955e-05,2.874384452103682e-07,1.3635470181724334e-05,1.1537586829141963e-05,0.007750092576289732,0
0.8967760710472351,0.10048333493401065,1.8485049368697698e-05,2.297392832417372e-07,1.288971656252612e-05,1.3947774065527212e-05,0.002695041739474404,0
0.8996712418828928,0.09757975790716907,1.8544726893060555e-05,2.3048097840301606e-07,1.2489729483053653e-05,1.39928033543325e-05,0.0027037424692294867,0
0.9103438348698042,0.0400774355637723,2.149950945909728e-05,2.6696064570728184e-07,1.424831350794116e-05,1.625543379299588e-05,0.049526459349017726,0
0.13298526635791724,0.866055483513128,8.425152101651262e-06,3.0580297670443336e-07,4.344020808971231e-06,5.072396490756228e-06,0.0009411027565766125,1
0.13123613725513167,0.8678354659434465,9.270271944839273e-06,3.316883276023343e-07,4.711729796502397e-06,5.50176040497153e-06,0.0009085813509477109,1
0.1895635523770429,0.8093660391257042,8.064548986695663e-06,3.25089595218319e-07,4.394282363973146e-06,5.131085559345668e-06,0.0010524934907478443,1
0.30490532105153373,0.6932392617016728,1.1603857402190203e-05,1.5910051562232776e-07,6.815886177952125e-06,6.744419285596191e-06,0.0018300939834119349,1
0.2997224913391685,0.048771433095354005,2.3523310832122856e-05,1.4450193115189717e-07,1.046787467072966e-05,1.2878147954091283e-05,0.6514590617300893,6
0.8475859044097807,0.0464012459357547,4.934344441915879e-05,3.5821083376718917e-07,2.4522101040528588e-05,2.0189225773025247e-05,0.10591843667239814,0
0.7975776861785957,0.17449404344777533,3.833344549822999e-05,2.5439774378413564e-07,1.6644649372291482e-05,1.839156358124732e-05,0.027854646317433503,0
0.7524113408621181,0.22893958274829634,3.849439185204271e-05,2.797607370932466e-07,1.6561555137345868e-05,2.0225169088578687e-05,0.01857351551277051,0
0.666887237270151,0.3298714587505675,2.215603556523802e-05,1.8642377126241458e-07,1.1041110260065997e-05,1.3477417650126251e-05,0.0031944429920348363,0
0.7944676377118857,0.19644747080855277,2.4963065205167222e-05,2.5916570601440305e-07,1.5251491555573487e-05,1.527456552331006e-05,0.009029143191571474,0
0.7936326764934319,0.20200410852437664,2.0851443608815582e-05,2.1771994126913547e-07,1.1155755634160575e-05,1.3221587418669361e-05,0.004317768475588616,0
0.7917655831789226,0.20152887542006984,2.0802388684399036e-05,2.172077352337501e-07,1.1325044895338868e-05,1.3190482427395982e-05,0.006660006277265269,0
0.809052403436687,0.18710009706106753,1.7231611884419755e-05,2.253910998070272e-07,1.4663812358685735e-05,1.2464032679068207e-05,0.003802914654223659,0
0.9648868050011821,0.03400079993169819,6.357291347611783e-06,9.399454463517871e-08,4.758172695947755e-06,4.738863976684271e-06,0.0010964467445549338,0
0.9070281079190567,0.0842601723584736,1.4970614824657361e-05,2.1869900731203285e-07,1.253986671456591e-05,8.857126906252556e-06,0.008675133415016776,0
0.9837202013824319,0.01302740049039525,4.573813127775909e-06,6.765478461142613e-08,2.9413990067245388e-06,2.6306197010549573e-06,0.0032421846405524066,0
0.9844751286344643,0.013720406800351342,4.817121941414176e-06,7.125375223885148e-08,3.2074738053014374e-06,2.770558290742895e-06,0.0017935981573945438,0
0.940782057826014,0.056405716476163915,9.628939125843457e-06,1.5461446560969503e-07,9.206673431585918e-06,7.648273323643028e-06,0.0027855871974753143,0
0.950224392661966,0.0463907809197038,1.1912487258428108e-05,1.6371726235360535e-07,1.1390079271756618e-05,9.637660222735604e-06,0.003351722474314772,0
0.9283531067256269,0.06789928727674026,1.1374423653869449e-05,1.7043661725143728e-07,1.0887681988067333e-05,8.79470974222081e-06,0.003716378745631601,0
0.8976457595687636,0.09973950020854895,1.529998723431883e-05,2.229310014887404e-07,1.3744954553322318e-05,1.2416467821510788e-05,0.002573055882076625,0
0.8913987709956022,0.10572407823128727,1.837420825670342e-05,2.283617073902816e-07,1.2812426505649085e-05,1.3864139623636786e-05,0.00283187163701727,0
0.9381380705788881,0.036742626388482344,2.132288243114329e-05,2.6476745774075344e-07,1.4131257941019866e-05,1.612188893401098e-05,0.025067462235865704,0
0.20313234239391914,0.795170850061548,1.0616306709479286e-05,2.038818868679215e-07,5.473783345865087e-06,6.170432919978991e-06,0.0016743431396706652,1
0.24406935039699135,0.7543687832824717,1.2007356766910018e-05,1.6463289634324966e-07,7.509542213623854e-06,6.978942065635553e-06,0.001535205846594222,1
0.04184045310504662,0.9321610440457789,1.2786784665394191e-05,1.4444913275733129e-07,8.438355431509145e-06,1.0086265224951877e-05,0.02596704699471965,1
0.05792953219580932,0.8809081381813738,1.4994251358356796e-05,1.9781297199331305e-07,1.1964583825390782e-05,1.381243391618265e-05,0.06112136054074477,1
0.8751232388366099,0.049183194557384374,5.3410312841279126e-05,3.796870703456465e-07,2.2853280088276888e-05,2.1399654236278203e-05,0.07559552367176985,0
0.6751605791949097,0.31668904564887257,3.3143279560845506e-05,2.4988089498231287e-07,1.4792698443025402e-05,1.931611719051083e-05,0.008082873180128326,0
0.6582045722665162,0.3343608473881159,2.8721153420103687e-05,2.3055103438058548e-07,1.338295684967408e-05,1.8260264393228703e-05,0.0073739854196704915,0
0.6341868483561357,0.34372424559981607,3.1979459232859666e-05,2.370984784375972e-07,1.3769268727775602e-05,1.7072166209598295e-05,0.022025848051399503,1
0.3899510491627615,0.6080036017634624,2.100853430743005e-05,1.4435877128147883e-07,8.057221329558008e-06,1.0255868115724649e-05,0.0020058830912522275,1
0.6923960100738635,0.3009420966602443,2.2321011294615808e-05,2.402635388685456e-07,1.4139128940007901e-05,1.416052001535264e-05,0.006611032342103244,0
0.7937792078500407,0.202041405295212,1.8502121124066807e-05,2.1776013971269745e-07,1.1157815362868186e-05,1.3224028569592658e-05,0.004136285129551035,0
0.7977702202230925,0.19548237985746858,1.8595147237126453e-05,2.1885500766005117e-07,1.0932059471212017e-05,1.2379998649107488e-05,0.006705273859073555,0
0.8741851511487974,0.1220205210381175,1.4957701265470121e-05,1.9564813561391311e-07,1.2728752605694832e-05,1.0819259314047465e-05,0.0037556264517644294,0
0.8242722777409376,0.17156963340717346,1.6390773612525976e-05,2.1439285633838608e-07,1.3948273108744744e-05,1.2088670090972112e-05,0.0041154467422204015,0
0.9546739252061793,0.04412216223004758,7.098565039240186e-06,1.1955913936681388e-07,5.4280164761290645e-06,5.308874510426237e-06,0.0011859575486076774,0
0.9655005792669972,0.0334471728591675,6.456220872455616e-06,9.75239804306719e-08,4.936839075995636e-06,4.9168053265168546e-06,0.0010358404845798258,0
0.9526926440750376,0.04611190162085341,8.37099603807686e-06,1.1554998325299376e-07,5.834281257450621e-06,5.825610999759505e-06,0.001175307865830325,0
0.958245975327044,0.04080037167361112,8.800482230474904e-06,1.1890406846504932e-07,6.003633739707092e-06,5.994711809256813e-06,0.0009327352674970936,0
0.9638453903354579,0.032374313012667494,1.0535097178652734e-05,1.5906827461536077e-07,6.956998611624691e-06,7.226677485212243e-06,0.003755418810324408,0
0.9698989832316848,0.025880193356700214,1.0414203276435673e-05,1.4375362366816663e-07,1.0001176086405702e-05,7.247536241203761e-06,0.004193016742387155,0
0.9461638805125641,0.05041472818336227,1.2041797531714945e-05,1.654944163162876e-07,1.1513718796520646e-05,9.564808503497354e-06,0.003388105484825743,0
0.9127076353509073,0.07652699003460257,1.5907717801199337e-05,1.9527935639232028e-07,1.3585906076550997e-05,1.1274234751866228e-05,0.010724411476504277,0
0.9016429051802705,0.09378952692164891,1.8585368358156642e-05,2.3098608611870767e-07,1.2517101194040405e-05,1.4023469108128764e-05,0.004522210973334453,0
0.9498593474365356,0.029210352008166324,2.051798185679727e-05,2.926250723137658e-07,1.7423028549330186e-05,1.7765653034820118e-05,0.02087430126678483,0
0.9494428763209576,0.021912269356617383,2.1381238587877056e-05,2.654920694958393e-07,1.4169932163696578e-05,1.6166011086844473e-05,0.02859287164851705,0
0.03494042366596286,0.9647514905306276,1.9141572184733617e-06,3.7830558856745227e-08,1.0006596128984544e-06,1.1143369740686484e-06,0.00030401881904533554,1
0.03369515310992883,0.9659880347788338,1.916610637951743e-06,3.787904715701725e-08,1.0019421814157224e-06,1.1157652454829689e-06,0.00031273991412547483,1
0.04935402105994147,0.9500174307860401,5.756790743291628e-06,1.2367152700977752e-07,3.27124700464475e-06,3.689221077118468e-06,0.0006157072236662802,1
0.05349468369273911,0.945968248587496,5.40540751606579e-06,2.032504208441466e-07,2.844567848696598e-06,3.2080242329009566e-06,0.0005254064697462882,1
0.10211384865648361,0.8972740441592068,6.946226028628375e-06,1.3819526152990804e-07,3.6554156503628253e-06,4.122475754291675e-06,0.0005972448716150819,1
0.10366386638638436,0.8956484579342131,6.577664161742063e-06,1.4029297019898609e-07,3.7109023364760833e-06,4.185052090354914e-06,0.0006730617678437403,1
0.1594963702313541,0.8394859275226328,7.846662505062497e-06,2.1550634718733802e-07,4.907395063017702e-06,4.560654280077525e-06,0.001000172027817867,1
0.027330986521646776,0.9467591203717343,1.128618034993737e-05,2.284386092402161e-07,7.220775477903861e-06,8.42407625794686e-06,0.025882733635923902,1
0.096969989184059,0.016020629901102444,6.491153760779183e-06,4.801709457516497e-08,3.518571950907884e-06,3.796522489374937e-06,0.886995526649543,6
0.8985699618770465,0.04506284664911341,6.336145726933398e-05,6.063263099922037e-07,2.1146095730402294e-05,2.7905397508648984e-05,0.056254172197021494,0
0.9065936491101118,0.057149609021635184,6.615933827810128e-05,5.838135672461961e-07,2.0360946536947178e-05,2.6869277147410873e-05,0.03614276849272347,0
0.9066553771485668,0.057088686819776996,6.288936168614188e-05,5.838533178735746e-07,2.0362332870606197e-05,2.687110661949535e-05,0.03614522937716225,0
0.7972300294454611,0.1784585923574681,5.461975017445655e-05,2.9506559425520373e-07,1.998848695247521e-05,2.1331626439218115e-05,0.024215143267910456,0
0.7926396982444865,0.17837772254612058,3.9395057463987803e-05,2.640175599256736e-07,1.588902317444447e-05,1.908702360213937e-05,0.02890794408759239,0
0.8730908782049368,0.11841298551782664,5.885287522158788e-05,3.231427182886382e-07,1.913840900332448e-05,2.336144873307322e-05,0.00839446040156031,0
0.7956148213530172,0.1952533736509352,4.182959520703634e-05,2.937015379931398e-07,2.2103243556553498e-05,2.547863517405719e-05,0.009042099820571758,0
0.675452409931942,0.31682593100688916,3.3860372116199085e-05,2.4998890325175293e-07,1.4517867894041494e-05,2.1686560128475956e-05,0.007651344272127004,0
0.6610465497145881,0.3175127455003601,3.399691722212757e-05,2.406852640245859e-07,1.6727481002862846e-05,1.733043104580803e-05,0.021372409270516958,0
0.4967408224710825,0.49464579789400415,2.0021734631812895e-05,1.5804726243542571e-07,8.578642294505163e-06,1.1228357412578027e-05,0.008573392853312213,1
0.32772651024948096,0.6714348808178847,1.6196449529908566e-05,1.1493121355159931e-07,6.67041287853323e-06,8.16520782285584e-06,0.0008074619311893208,1
0.31749551642583884,0.6816381257185684,1.6492922074376695e-05,1.5400321705056922e-07,6.645365483514001e-06,8.55606537095631e-06,0.000834509499446801,1
0.2910251935065915,0.7081520548186384,1.565656479646962e-05,1.4619370271341898e-07,6.635267560316013e-06,8.122186673720154e-06,0.0007921914620367255,1
0.8024600975503251,0.19326351314710297,1.892747587472559e-05,2.2276633923489347e-07,1.2334708277130926e-05,1.3528042543839482e-05,0.004231376309537161,0
0.8138556848505104,0.17635387317958967,1.956930346472412e-05,2.232677876749088e-07,1.1152482188883676e-05,1.2629616929296002e-05,0.009746867299529156,0
0.8168051045723479,0.17838514414690246,1.751828398534409e-05,2.446899440146478e-07,1.3183897266725103e-05,1.4859408221407627e-05,0.004763945001332165,0
0.8485430527922774,0.1480942530432092,1.6099604353055945e-05,2.031101755774471e-07,1.3214228535897755e-05,1.1452489353469021e-05,0.0033217247320955073,0
0.8794344129342649,0.11630261012095358,1.7723688083693027e-05,2.2410223158712888e-07,1.4412226767024548e-05,1.2636139051347577e-05,0.0042179807886477665,0
0.866874716911777,0.12941385794855992,1.6970722068584387e-05,2.1458156277946876e-07,1.4048052882836119e-05,1.2099310417097018e-05,0.0036680924727319473,0
0.9278858481499415,0.07052958503979552,1.1077235916835611e-05,1.561718170235918e-07,9.241836045339138e-06,6.934614810999802e-06,0.0015571569516727325,0
0.9641564073192397,0.03478686105444061,1.0375321729859064e-05,1.432839637989524e-07,6.192063539195114e-06,6.182861585405857e-06,0.0010338380955017621,0
0.9439673933710737,0.05297405304793375,1.4269901940111385e-05,1.9185673682700545e-07,1.1952927147934808e-05,8.402558331613905e-06,0.003023736336835899,0
0.9358315364891461,0.05946084621874885,1.5129351486915056e-05,1.9121606676406725e-07,1.2672829629632569e-05,8.951040935753581e-06,0.004670672853985842,0
0.9764161241862501,0.018460991632754532,4.764922273426418e-06,7.200761485369879e-08,3.2414087843578804e-06,2.7998707164330487e-06,0.005112005971606132,0
0.9739617480233236,0.02068254608116657,5.368640192664882e-06,8.094896472515174e-08,3.6439019106228033e-06,3.1475370531299154e-06,0.005343464867388687,0
0.946437801582497,0.05027508576534116,1.1432267675519553e-05,1.578065898539728e-07,1.0978864062362273e-05,7.956035819364969e-06,0.0032565876780147078,0
0.9542148578004395,0.04250047644833594,1.161920448660604e-05,1.596865799732976e-07,1.1109658067718776e-05,9.229142541606625e-06,0.003252548059548488,0
0.9523496583037484,0.04486517137849808,1.193429780757322e-05,1.6054115742783766e-07,1.1169112427088915e-05,9.450690200966048e-06,0.002752455676160463,0
0.951271757253486,0.045880068934896906,1.220426422718323e-05,1.6417276794817654e-07,1.1421769545319149e-05,9.66447479370339e-06,0.002814719130283145,0
0.9604245431153419,0.029044523536013493,2.2310453547827826e-05,2.772828735613565e-07,1.5702862217856675e-05,1.6834207968710753e-05,0.010475808542036476,0
0.9548557597994558,0.03140262161641386,2.400780441585316e-05,2.995404301801375e-07,1.6963334386230697e-05,1.8185493506773397e-05,0.013682162411391112,0
0.051654075171589424,0.9479907880002746,5.204429014650508e-06,2.792093064662549e-08,2.650210140186417e-06,1.6865626637957757e-06,0.00034556770538690814,1
0.03306462430042804,0.9666885673490941,1.88074559172739e-06,3.7170226204905284e-08,9.831930928220123e-07,1.0948862149107816e-06,0.0002428123553522656,1
0.04722767816502629,0.9522304767640518,5.5253172788505935e-06,2.8432700644091667e-81,2.9076697434101246e-06,3.2791887886965638e-06,0.0005301328951108883,1
0.05415275032183329,0.9454288323920641,5.866325115817467e-06,1.1671061814842013e-07,2.9816319314726163e-06,3.4815715695225104e-06,0.00040597104686765205,1
0.07921148976590553,0.9199415715907855,5.899020305856064e-06,1.2581838470656964e-07,3.2143100547230897e-06,3.6233959810750014e-06,0.0008340760985825999,1
0.9044282384075418,0.05775466073664042,5.5959712846476425e-05,5.899944914231566e-07,2.0576511014678724e-05,2.7153746323968825e-05,0.03771282089114132,0
0.9015502336992015,0.05506010852839776,5.010693957795593e-05,3.21256027815339e-07,2.3242764084836616e-05,2.5886884287449356e-05,0.043290099928422705,0
0.7893071112139214,0.19547130715026645,3.1121770224258914e-05,2.456685535264781e-07,1.4025612832047221e-05,1.7912925187169745e-05,0.015158275659015234,0
0.6986284015998576,0.2868543580434909,2.7546378688129276e-05,2.174451825343257e-07,1.1449873920319078e-05,1.4297620458280019e-05,0.014463729038402073,0
0.27125792011406163,0.7285353930267451,1.0150585125506384e-05,1.1184289388797528e-07,3.8230182667996665e-06,6.734748415663844e-06,0.00018586666449153447,1
0.2691978833703934,0.7305297152217121,9.367315731143626e-06,1.1197788414299278e-07,4.869701962036374e-06,6.880480002649246e-06,0.00025117193231462547,1
0.8392163777387099,0.15390721671943453,2.128882214988856e-05,2.47570329994302e-07,1.188183247884877e-05,1.3739358128595239e-05,0.006829247958768367,0
0.8945078027420486,0.10143606645188401,1.583845776598004e-05,2.0026496254582215e-07,1.3110785232346557e-05,1.1292060306227065e-05,0.004015689237800456,0
0.8836117499899074,0.11285826109485424,1.535602516458705e-05,1.9416497804756052e-07,1.2859374781725563e-05,1.0948109013171195e-05,0.003490631241300976,0
0.8501768233627925,0.14625650603044116,1.3210642438421348e-05,1.8624953455415814e-07,1.1860614627357525e-05,9.291005476879415e-06,0.0035321220946892494,0
0.9106403224916829,0.08597954200903352,1.2859996211794577e-05,1.8130596751668616e-07,1.1545801794904981e-05,9.044397030150025e-06,0.0033465039982788405,0
0.9445570155917021,0.05285059285686117,1.4178103132102736e-05,1.6491915043854325e-07,1.1876033524628938e-05,8.348504362476448e-06,0.0025578239912668666,0
0.9492421873867078,0.047860802949882264,1.4248429060347096e-05,1.8008230986257234e-07,1.1934940775739957e-05,8.429857148844219e-06,0.0028622163541148936,0
0.9489047112869242,0.04965759360814433,9.242705391609994e-06,1.425760703552057e-07,8.358916260046526e-06,6.477415311491056e-06,0.0014134734918978182,0
0.9429163887903823,0.05233125006715209,5.629500528546173e-06,8.488224640722419e-08,4.139623381370906e-06,3.3004747698351803e-06,0.004739206661539144,0
0.9498972786001852,0.046796361338090835,1.2186630464242619e-05,1.6393555711617457e-07,1.1405266397503336e-05,9.65051073538039e-06,0.00327295371856981,0
0.9404751191870896,0.05239320294390795,1.069622612632362e-05,1.8769428881584853e-07,1.0122323314842603e-05,9.844984233164309e-06,0.007100826641039167,0
0.9112663749099545,0.07661658977618219,1.6425166010454155e-05,2.0163142741422524e-07,1.2574612235077589e-05,1.1994524137015317e-05,0.012075839380053598,0
0.8946540775184052,0.09217489599551856,1.6125736831474306e-05,1.9795570610165218e-07,1.1923519011500494e-05,1.1775865128496646e-05,0.013131003409398831,0
0.9276232445668066,0.06585539705891416,1.055005898773464e-05,1.88390876800157e-07,9.642831187616143e-06,9.270017544453569e-06,0.0064917070756826435,0
0.9630816378886575,0.026601809415259543,2.226956554886603e-05,2.7677470182822724e-07,1.567408384216456e-05,1.6803356194385695e-05,0.010261528915795935,0
0.9446015505200351,0.04082026345801942,2.3659303600283675e-05,2.951922572941205e-07,2.3100509549500293e-05,1.792151021163879e-05,0.014513209506326554,0
0.0689629026355348,0.9309117566697673,6.309449099889758e-06,3.384918695990051e-08,3.2129107605170753e-06,2.0446587418213677e-06,0.00011373982690859519,1
0.06834132646473602,0.9306103692775535,5.4954356875924296e-06,2.21526208864871e-07,3.100344534409887e-06,3.3754994138452847e-06,0.0010361114518660885,1
0.015272083785943564,0.9755420874356223,7.905073465819702e-06,5.696525728619803e-218,7.834825939499055e-06,5.12760251692948e-06,0.009164961276511901,1
0.08966378199881359,0.018510537966173655,1.0253721498429952e-05,5.1752781795551886e-08,4.018491009969544e-06,3.3942030757949598e-06,0.8918079618666467,6
0.08631732993318726,0.0149177957638959,1.016693129550292e-05,5.2155473975819206e-08,4.049759182424157e-06,3.4206136181743338e-06,0.8987471848433467,6
0.7182669299991759,0.2738098444450662,2.841823211266477e-05,2.243274057545777e-07,1.2807212382565513e-05,1.7770775642916636e-05,0.007864005008214022,0
0.703379810128412,0.2849313677179937,2.804532658056384e-05,2.2138376977201243e-07,1.2639155470041326e-05,1.581185399032197e-05,0.011632104433783538,0
0.5742552656770581,0.4160766505996332,2.6649323156565104e-05,2.0305765543508666e-07,1.15928881284711e-05,1.4426089357396017e-05,0.00961521236501085,0
0.7943323113047696,0.20554146114917046,9.51540853177666e-06,6.895316053980381e-08,2.898734003407867e-06,4.898729148087084e-06,0.00010884572121608618,0
0.8346795952237379,0.15799816540443662,1.7295121672044665e-05,2.462319710512003e-07,1.1817733632143186e-05,1.366508350600898e-05,0.007279215201044262,0
0.8380306289616312,0.15600280687251747,1.7544434703387307e-05,2.4505520911363184e-07,1.2871711957205268e-05,1.3862068728607336e-05,0.005922040895253249,0
0.8610857148321863,0.1333130911446508,1.4420902749332952e-05,1.9552686843615542e-07,1.2271946082436637e-05,1.0430980243459852e-05,0.005563874667219122,0
0.9644861282724358,0.0338473514738416,6.505056268687956e-06,9.826165999904089e-08,6.440012098540935e-06,4.841949639591133e-06,0.0016486349740555948,0
0.9732303983333974,0.025326293744504836,9.025741908203986e-06,1.2785088130830394e-07,6.290615430958782e-06,6.2669802762707925e-06,0.0014215967336009593,0
0.9279437094635692,0.07050136001728931,1.0375028116870651e-05,1.4321286495664873e-07,9.963554613248044e-06,8.111505518454915e-06,0.0015263372180282194,0
0.9571847139280449,0.03979999208683865,1.2060117784835734e-05,1.9365255529424886e-07,1.1531235636689923e-05,9.38778228577626e-06,0.002982121196853871,0
0.04777185942963897,0.9521252011188532,5.63487875774837e-06,3.034797616644557e-08,2.8805814243219114e-06,1.8331682482896462e-06,9.256047510113166e-05,1
0.0455234507521836,0.9543941848557221,4.400462201233074e-06,2.3699732992609933e-08,2.2467840711020117e-06,1.4315813936558639e-06,7.426186469531012e-05,1
0.03487462791618615,0.9648388304705902,4.227944265738601e-06,1.512749324985449e-07,2.2222073060350453e-06,2.5092183372912213e-06,0.00027743096838211674,1
0.06420247655296167,0.9351569701683982,5.835962416813277e-06,2.1182462434677245e-07,3.1116736927055336e-06,3.3919907932116556e-06,0.0006280018271133489,1
0.06384317624474467,0.935508608571751,5.838156859641315e-06,2.1190427479591867e-07,3.112843746508224e-06,3.39326625205414e-06,0.0006356590123717097,1
0.02347807750941309,0.9655190189113299,1.0359010201238016e-05,1.9750897530117354e-07,1.0266956048305247e-05,9.415812452997686e-06,0.010972664291579441,1
0.03958267992593437,0.9484125267352262,1.3037012371594567e-05,1.3567498685527003e-07,1.408337826078035e-05,8.902088146935604e-06,0.011968635185073016,1
0.8860794040911346,0.10702381444904631,3.434144813908967e-05,2.86876344106475e-07,4.260461848834574e-05,2.4685494460614273e-05,0.006794863022386843,0
0.8491786521859466,0.143661312446153,3.1255508294417744e-05,2.61097491182556e-07,1.445318724205569e-05,2.2467243482003765e-05,0.007091598331390877,0
0.8327324440179805,0.1558854551974157,4.018067784999215e-05,2.833142797519106e-07,1.649567497305778e-05,2.474464856415355e-05,0.011300396468936968,0
0.6800204060181834,0.30758397334003973,3.398907354060782e-05,2.5199793283874986e-07,1.4672313720404446e-05,2.1860843628149625e-05,0.012324846412954886,0
0.31634083311554256,0.6833090499030353,1.0619710344797108e-05,9.184749764808353e-08,5.0680554337221195e-06,7.017528943451063e-06,0.0003273198392023972,1
0.815662770313785,0.1778384062673017,2.9331136690539978e-05,2.907310116425607e-07,1.569332129335799e-05,1.7134944106940252e-05,0.006436373285810737,0
0.8315874538388872,0.1616000796727788,1.8173916884701396e-05,2.587434457586947e-07,1.2418072382000145e-05,1.4359430165913999e-05,0.006767256325455743,0
0.8155189231639808,0.18146221865387735,2.2224957789025635e-05,3.037082403007449e-07,1.8793958585654533e-05,1.6297056532383687e-05,0.0029612385009945294,0
0.8660444344082971,0.12836157192283662,1.4369332406081563e-05,1.9526580342818267e-07,1.2475903602728537e-05,1.0417052930235827e-05,0.005556536114123691,0
0.9633136409522208,0.03536512729570585,6.597477079256431e-06,9.965771591152045e-08,6.531508791825955e-06,5.024380529367318e-06,0.0013029787279568573,0
0.9550788028460424,0.0421759005104492,1.3058378947178405e-05,1.9076400978191814e-07,9.397002905990727e-06,7.689176231236868e-06,0.0027149613214144178,0
0.9100477655532158,0.08812529160175823,1.1774524972063809e-05,1.3948752116553882e-07,9.704376317170495e-06,7.9005038969953e-06,0.0017974239523186387,0
0.9472550754819837,0.04829927031890532,1.2744799744739652e-05,2.0030979779404074e-07,1.1927647818491724e-05,1.0069565792953583e-05,0.004410711875957129,0
0.8934749803283966,0.0984610154172288,1.6212812542647403e-05,2.6237600857250483e-07,1.3436257862871828e-05,1.4079478642640119e-05,0.00802001332931765,0
0.9576849682946034,0.029656987982539084,2.163041015901181e-05,2.6883103350382144e-07,1.9325899009062488e-05,1.6321085641971225e-05,0.012600497497013962,0
0.9637864334029713,0.01933099003806947,2.22007722481104e-05,2.759197123017077e-07,1.9835494529974272e-05,1.6751448655648673e-05,0.016823512923813205,0
0.05491197937345137,0.945010876901283,6.154315522951674e-06,3.314552607800117e-08,3.0386129516011275e-06,2.0021541352806693e-06,6.591549712959044e-05,1
0.0517010762698931,0.9482117996337955,5.794450316153534e-06,3.1207386645271426e-08,2.958525281157442e-06,1.8850809028070493e-06,7.645483242418187e-05,1
0.025905415760798096,0.9739673396491435,6.963703789141909e-06,3.994764191603384e-08,3.7871196929948025e-06,2.4130356618470568e-06,0.00011404078327265407,1
0.017456742538387884,0.9824527715227984,4.373867698316066e-06,7.268285568131267e-307,2.5720929758014515e-06,1.7182002027661163e-06,8.18217779367697e-05,1
0.042136268491829915,0.9575951607141866,4.758749882309288e-06,1.7272565074722352e-07,2.537315315171792e-06,3.1624542330992283e-06,0.00025793954890212156,1
0.04622910575067127,0.9533620492745489,5.094684305543411e-06,1.8491887234880714e-07,2.7164320113726302e-06,2.9611435140391947e-06,0.00039788779607648027,1
0.08348366497909095,0.915549670417308,7.781615607517339e-06,7.480305375419236e-08,4.725534834711194e-06,4.930080311239725e-06,0.0009491525697935725,1
0.8953518304647156,0.0878870416170471,4.83824490016555e-05,3.840609513844725e-07,2.2293854173468825e-05,2.9688409535137364e-05,0.016660379144575705,0
0.8927437146979951,0.09538791288037735,4.708438638752747e-05,3.3193896223454516e-07,1.9659374214056582e-05,2.5659312189804925e-05,0.01177563740987404,0
0.839808047545591,0.14748520815753144,4.372780250609335e-05,3.070295752453163e-07,2.4274507460585195e-05,2.703434699070656e-05,0.012611400610344757,0
0.8449765452426201,0.14292195360374355,4.237484585094228e-05,2.97529950673547e-07,2.352344396008716e-05,2.6197892890968916e-05,0.01200910744098373,0
0.8417883240665344,0.1487785603638114,3.7166095784197186e-05,2.983404496887941e-07,1.7032736096697436e-05,2.362936911191268e-05,0.009354989028211746,0
0.8601849858015704,0.13941890208172406,1.0730950051702887e-05,8.705605502590209e-08,3.336618711981942e-06,5.693839101668133e-06,0.0003762636527851118,0
0.6960656952411189,0.3029117883517294,1.5098700037805679e-05,1.3792355206518583e-07,6.0284836967009605e-06,9.798682459514055e-06,0.0009914526174055064,0
0.7199267954961991,0.27973610299251,1.76746983506843e-05,1.4544606507226585e-07,6.224364080985134e-06,1.0333114143952576e-05,0.0003027238886500306,1
0.3216711656221954,0.678025187020888,1.1076454374161379e-05,1.224841297893337e-07,5.5458574651372785e-06,6.88980097889926e-06,0.00028001275996850084,1
0.8357061774976697,0.16240045979917062,1.8263929475800767e-05,2.551048883931759e-07,1.4480038390661008e-05,1.4430550196017824e-05,0.001845933080208797,0
0.8186259391132552,0.18011200293764526,1.9500186192078878e-05,2.7237253783571816e-07,1.6137393811933562e-05,1.6052942497302146e-05,0.001210095054060251,0
0.8149021552149959,0.18406613386880047,2.611281611241021e-05,3.056297695670516e-07,1.842475944652517e-05,1.6400166250613986e-05,0.0009704675446243612,0
0.8604695707377504,0.13552382745932,1.534416180581182e-05,2.1632884303525586e-07,1.2849440220208131e-05,1.078002460323628e-05,0.003967411847457328,0
0.953431929249589,0.04499050052943912,6.9835556061842225e-06,1.176220677531532e-07,7.490327536294724e-06,5.839741812977589e-06,0.0015571389739488931,0
0.9650264587978633,0.033717021496591566,7.068481482215717e-06,1.0677243907301149e-07,7.58141618277437e-06,5.910757956792023e-06,0.001235852277484383,0
0.964421360863243,0.03457522574356673,9.659239345612423e-06,1.3333239432264628e-07,8.562081613174556e-06,6.722135660458053e-06,0.0009783366041761356,0
0.9620027408325028,0.03644114632651274,1.0269738686255352e-05,1.5841887449861339e-07,1.0062336691916643e-05,8.085555579993088e-06,0.0015275367911514988,0
0.9373634893868411,0.06127947434148369,1.0252626977557875e-05,1.4184156417360905e-07,1.0045570561876892e-05,8.033835723409234e-06,0.0013285623968482348,0
0.9109047256931795,0.08722910329484874,1.3854628854695427e-05,1.6412957976607707e-07,1.1624062977853842e-05,9.296217853174177e-06,0.0018312319727060464,0
0.9547713861066718,0.04055109722886677,1.4048552660590316e-05,1.9316430355707502e-07,1.1502162197288003e-05,9.53785801743616e-06,0.004642234927282412,0
0.9376188573895438,0.05798740741437246,1.204624825923445e-05,1.679749289401605e-07,1.1273885007849737e-05,9.926627516049176e-06,0.004360320460371627,0
0.025906495124120462,0.9740079205312766,6.96399393567062e-06,3.994930635639247e-08,3.7872774854090133e-06,2.4131362022982505e-06,7.237998767323601e-05,1
0.09064307677842393,0.9085477076828951,8.448953231138515e-06,9.594746510394501e-08,5.130788363796957e-06,5.35287529946633e-06,0.0007901869743214727,1
0.038104989892401624,0.9545227866579087,1.1718140843643015e-05,2.2342269632924587e-07,1.1614008932547924e-05,1.0416302539967979e-05,0.007338251574677205,1
0.11867715990878168,0.8588321387774758,2.2205443621022053e-05,2.3108990005675448e-07,2.0057516836693246e-05,1.510637973787209e-05,0.02243310088364674,1
0.10940972625772998,0.8511574743291754,2.919956601655314e-05,3.144283861776091e-07,2.5455154009180472e-05,1.9536186687486617e-05,0.03935829407799499,1
0.9065824381427193,0.050228728983194554,5.401691090672395e-05,5.695111403822953e-07,1.991326933979303e-05,2.802627665463011e-05,0.04308630690604459,0
0.8924130143883174,0.08585485718166778,5.1783841021131794e-05,3.8231669689308256e-07,2.219260421527264e-05,3.0280514619983188e-05,0.021627489153461757,0
0.8139631706412924,0.18547967090720371,1.5010720548442962e-05,1.2177618083650632e-07,5.019061594958316e-06,7.4401626851460585e-06,0.0005295667304943899,0
0.6034833531279108,0.3958996099188063,1.9240001423870403e-05,1.726311379328943e-07,7.140877409809408e-06,1.1401771856049673e-05,0.0005790816714552411,1
0.3500978068940169,0.6494004729039102,1.3636280658961101e-05,1.5160276114679453e-07,7.246273228617859e-06,1.000216098494037e-05,0.0004706838844390821,1
0.38142456308988865,0.6178221397697377,1.4207990620786525e-05,1.4841353028595344e-07,7.453112958285636e-06,1.0287665575913854e-05,0.0007211999576885096,1
0.3327653066535528,0.6669857590287327,1.1881603621496786e-05,1.0355002668630916e-07,5.7137895843433445e-06,7.911650594451082e-06,0.00022332372388751852,1
0.8058562401212676,0.19245441605243252,2.496541288633682e-05,3.02952873975818e-07,1.7195922857800843e-05,1.7855269492181796e-05,0.001629024268189358,0
0.862316555171982,0.13261719870914065,1.4307479764591014e-05,2.091359910426679e-07,1.2422201205776287e-05,1.0372212834532477e-05,0.005028935089081317,0
0.9613249117803938,0.037625631284355004,6.844084610801675e-06,1.0338282825751832e-07,7.340735624074077e-06,5.8555520286406105e-06,0.0010293131801593655,0
0.9233470618693064,0.07566882941998662,1.023399625568263e-05,1.6167483487610352e-07,9.627090201038263e-06,7.118817537839306e-06,0.0009569671318775822,0
0.9237972675938243,0.07520768050521733,1.059605417471674e-05,1.7088997193683037e-07,9.392487066049764e-06,7.374091383330636e-06,0.0009675183783622496,0
0.9712252445635473,0.027607886257647058,9.110833593773114e-06,1.260452458374781e-07,8.769175108829389e-06,6.354744067859299e-06,0.001142508380788921,0
0.9470907786240167,0.04877422992260757,1.5211715172103774e-05,2.091575152343521e-07,1.2454494027652547e-05,1.0304063498141664e-05,0.004096812023162491,0
0.9479938235187584,0.04821315013653107,1.1906476863489654e-05,1.9118550169267937e-07,1.138433245555288e-05,9.425775843103182e-06,0.0037601185740467244,0
0.9403764197728531,0.05466122521142093,1.201325225965791e-05,1.929000229502195e-07,1.1486425343481822e-05,1.0390235746967834e-05,0.004928272202352793,0
0.9196739857610494,0.06803503597468408,1.4414282503440086e-05,2.550436494971842e-07,1.5217333359517467e-05,1.3398823914054642e-05,0.012247692780839748,0
0.9272000045702943,0.03443547288277935,1.8179387421665512e-05,2.5452913209471016e-07,2.0108997693234006e-05,1.5787285288492252e-05,0.038310192347390915,0
0.9465158253130371,0.03164027918055077,2.1971527709896377e-05,3.1335537431632816e-07,2.2177160504478985e-05,1.9080443588916498e-05,0.021780353019234398,0
0.021687037190485654,0.9781053331810252,4.393793845138687e-06,4.223662716843039e-08,3.7436089258452225e-06,2.8519960717446345e-06,0.00019659799301928406,1
0.034675005656176164,0.9613351404682517,9.509174966086907e-06,1.813056814334383e-07,7.518919087012358e-06,8.643355525676993e-06,0.003964001120311909,1
0.08265110343219163,0.89821357570292,2.1927687041942935e-05,2.2819931425288734e-07,1.9806627579245244e-05,1.4645680800682088e-05,0.019078712670152227,1
0.8898487685487003,0.09838038977303153,4.182688774254525e-05,2.9492171882425177e-07,1.619435160374604e-05,2.3517417478840938e-05,0.011689008099724256,0
0.6688686095376967,0.3300034278343472,1.7246742387942933e-05,1.4129625115537997e-07,6.175900589426461e-06,9.377212650927043e-06,0.0010950214760767284,1
0.30050704898270164,0.6989474915976475,1.2329952128837539e-05,1.3321204774308308e-07,6.240326651116937e-06,8.645820791667568e-06,0.0005181101080314901,1
0.2934130873497839,0.7063874252027765,1.0333482703262363e-05,8.937197884586322e-08,4.931458718099615e-06,6.828389061696202e-06,0.00017730474497779577,1
0.7834525047597813,0.21546152195281237,2.5417099485965687e-05,3.084340472340748e-07,1.7958436850097657e-05,1.6638825824845318e-05,0.0010256504911981199,0
0.876683260554656,0.11929925178796318,1.6079748380099234e-05,2.102804340469811e-07,1.3197931156241793e-05,1.1309421472999288e-05,0.003976690275937413,0
0.884168770955195,0.11259339377075872,1.4120571472314676e-05,2.0640390603661078e-07,1.2259921583376899e-05,1.0285448551657584e-05,0.0032009629285329544,0
0.9623698049455695,0.03676347855544341,9.351042790185153e-06,1.5081080312026215e-07,8.980180533614907e-06,7.310923338371961e-06,0.0008409235415221777,0
0.9688736165395505,0.030177669005897554,9.176990257959518e-06,1.4800373627659292e-07,8.81303092294693e-06,7.158524707644878e-06,0.0009234179049272309,0
0.9449886757653155,0.053747285607652906,1.0055231892988492e-05,1.387985218909168e-07,9.656441504168447e-06,7.861479320397383e-06,0.0012363266757920161,0
0.9621174414482387,0.03641369855490873,1.0398728979128377e-05,1.4354002246867053e-07,9.986315499563321e-06,8.130035557393613e-06,0.0014402013767937736,0
0.9603760350935073,0.03807007951331303,1.1753841840004425e-05,1.813123441807031e-07,1.2837863427023605e-05,9.25401749540105e-06,0.0015198583580730424,0
0.9138361544338833,0.08271831765866414,1.4728284435917679e-05,1.7447938595072267e-07,1.1724017113182052e-05,1.0065787613468222e-05,0.003408835338904108,0
0.9256411181964087,0.028905244119819123,1.6631301680938176e-05,2.870168421151449e-07,2.2648484032129608e-05,1.494087569532751e-05,0.04539913000552182,0
0.9418849480440816,0.028598582218539247,1.860371114493308e-05,2.604700775460281e-07,2.0440973059721605e-05,1.6155775134630673e-05,0.029461008807962204,0
0.9229042378678052,0.025803782135194842,2.1423430537135448e-05,3.46700745443027e-07,2.162393365867821e-05,1.8604466800948353e-05,0.05122998146525781,0
0.9383791250290304,0.020636653919606958,2.254526299957028e-05,3.6485564133209347e-07,2.5446182120677337e-05,1.9001568790827236e-05,0.04091686318180997,0
0.07876077168813861,0.9211813410392011,9.683279811828013e-06,5.194925001317834e-08,9.17786064240977e-06,3.1379923038134112e-06,3.5836190652160285e-05,1
0.030837667424992676,0.9689262283175512,5.330202629460427e-06,1.1461381842785065e-07,3.4219207434845284e-06,3.861154065603362e-06,0.00022337636619922587,1
0.058377946322795596,0.941065923385924,6.829088361468382e-06,1.4684392843960572e-07,4.201788101800421e-06,4.32660205447145e-06,0.0005406259688343183,1
0.22493583952171173,0.773960715225422,1.0236424689978947e-05,2.0055976583446558e-07,8.210633953931022e-06,6.853718210526188e-06,0.0010779439162459659,1
0.23393247875571255,0.764596776246629,1.1631029576769815e-05,2.2788391835816793e-07,9.329246221651107e-06,7.787465021406798e-06,0.001441769372920213,1
0.0885284252781114,0.8972811043748213,1.7560139737893092e-05,1.8274675671140352e-07,1.2654203369798193e-05,1.2222620696710314e-05,0.014147850636506264,1
0.08622924589044857,0.8932517843384123,2.3100125318347847e-05,2.4040076578617827e-07,2.0865656206203736e-05,1.5428761876305044e-05,0.02045933482697234,1
0.11484020269684637,0.8058573762750731,2.7205113460696572e-05,2.7059239594304646e-07,1.3820097114448348e-05,1.681255190608519e-05,0.07924431267320352,1
0.8345208589313092,0.023822379858998266,4.667894691771522e-05,5.295619421625424e-07,1.6924781294049276e-05,2.424324774107093e-05,0.14156838467179766,0
0.9220850886828136,0.028099458832371867,5.561192237104848e-05,5.765811845127459e-07,1.8635108324582076e-05,2.6536415927659066e-05,0.049714092457006774,0
0.8918870586245663,0.029277335375631933,5.6073537006901556e-05,5.551403844317363e-07,1.794214150081558e-05,2.7319075770489062e-05,0.07873371610513931,0
0.6919554225461971,0.30740109299849944,2.7049831347576786e-05,1.9194762021159107e-07,8.38981509495367e-06,1.2738721925354756e-05,0.0005951141393152178,0
0.3659809851172585,0.6333442149922149,1.525309868432653e-05,1.568496596449995e-07,7.7523623333478e-06,1.0695544991928585e-05,0.0006409420348573941,1
0.3040478702785061,0.6956010372605042,1.0249418145503895e-05,1.1201890269996712e-07,6.42367714843061e-06,7.995066362380254e-06,0.00032631228043086824,1
0.24499895314712702,0.7547532041570992,9.608861078271267e-06,7.085706289709123e-08,5.335228620688979e-06,6.640356589418596e-06,0.00022618739242228058,1
0.28157025225778226,0.7181956887546055,1.0728898066648538e-05,9.086595770605811e-08,5.21303578137256e-06,6.48532831898009e-06,0.00021154085948729129,1
0.3885818777754002,0.6110436308948174,1.4042299117793928e-05,1.1892805298427659e-07,6.512587106546475e-06,8.488189520162524e-06,0.0003453293259849435,1
0.7263863275441695,0.2720950006511871,2.355299343631146e-05,2.858133003748259e-07,1.7686590673847256e-05,1.545367326754891e-05,0.0014616927339655853,0
0.9693314142179504,0.02978870654571571,9.241768636022179e-06,1.4839756491054174e-07,8.836481843961835e-06,7.177573091676426e-06,0.0008544750151970822,0
0.9472989868174116,0.050096882502362924,1.2563690398125911e-05,1.9380490129548505e-07,1.2309961016645852e-05,1.0075158862849614e-05,0.0025689880650467027,0
0.9187606815567954,0.07879745523164532,1.4230132632175124e-05,1.685780047541943e-07,1.1939111443144684e-05,9.725334502479246e-06,0.0024058000549766756,0
0.9256793784632704,0.028906438883461304,1.6631989115871714e-05,2.4820933009986775e-07,2.2649420180088083e-05,1.4941493258527774e-05,0.04535971154138375,0
0.931593765766759,0.028250990335824934,1.6861883634840215e-05,2.9086234843798294e-07,2.2809185818225303e-05,1.514802101545508e-05,0.040100133944599256,0
0.6815258423576177,0.015709876131971612,2.377220885191463e-05,3.280262358834435e-07,1.8809867963869288e-05,1.775289461976789e-05,0.3027036185127392,0
0.04687931580613224,0.9530601124201407,1.0817944961483504e-05,6.181690658758729e-08,5.8675620360519946e-06,3.7340476920878152e-06,4.009040213105131e-05,1
0.02329677927412118,0.9766032536596937,3.876083591436835e-06,7.18612759087773e-08,3.532324319805153e-06,2.515952173942462e-06,8.99708448241853e-05,1
0.022677257553815153,0.9772300946915679,3.6258895932603044e-06,6.722276399087024e-08,3.1656459711449932e-06,2.3535521330841435e-06,8.343544415567975e-05,1
0.01493005110846204,0.9848778515408642,3.6347820300222246e-06,3.494040431833546e-08,3.096914177288515e-06,2.3593241823898468e-06,0.00018297138987965933,1
0.05871611166847875,0.9408663881247248,6.827640382218369e-06,1.4681279295707623e-07,4.060782997172678e-06,4.325684680194484e-06,0.0004021392859438483,1
0.1969521382648118,0.8021735203625927,9.792381791321259e-06,2.225232164550784e-07,6.343303855593395e-06,6.556412755452175e-06,0.0008514267509767595,1
0.33179050319997744,0.66726286182331,9.948670631766683e-06,1.0106675823224343e-07,6.651288050338219e-06,6.661327018197538e-06,0.0009232726242538573,1
0.07475530277696543,0.9088022956056626,1.966169668181027e-05,2.1172217264018891e-07,1.3897427860931188e-05,1.3588188768520276e-05,0.016395042581887863,1
0.07495377968833113,0.9107178336593935,2.303461999282019e-05,2.502793951578544e-07,1.3881154797464838e-05,1.3088608808478544e-05,0.014278131989281352,1
0.10489018266243713,0.8687581604872896,2.6134413186786053e-05,2.839597582783239e-07,1.2383148698273502e-05,1.484995674977949e-05,0.026298005371879964,1
0.8167305250297205,0.02412411234272405,4.810687028862463e-05,5.362693341628844e-07,1.7324364491461067e-05,2.4681114269486722e-05,0.15905471400917146,0
0.8669085621231407,0.0826539379446007,5.32949504204543e-05,3.679838001705071e-07,2.5574652655447403e-05,3.192262818428452e-05,0.05032633971719812,0
0.8920986952544572,0.06597376088106394,4.549422832375734e-05,3.1412242421330393e-07,1.793375440461103e-05,2.525251625359551e-05,0.04183854924307262,0
0.9097306466484775,0.07709781893898282,4.169317985006827e-05,2.892289189701646e-07,1.588175610276234e-05,2.306346667682546e-05,0.013090606780991257,0
0.8817474949083203,0.10921690439023615,4.1610082656862755e-05,3.2846103369982974e-07,1.9098960772165777e-05,2.2191764094066012e-05,0.008952371432886666,0
0.369610589547198,0.6296987920937184,1.4737440549758135e-05,1.559468593551156e-07,7.328016170288198e-06,1.063398323182637e-05,0.0006577629722724988,1
0.39312841920515196,0.6062933736625665,1.5400760950652128e-05,1.6087294556855557e-07,7.614314998385141e-06,1.0086295582807865e-05,0.0005449448878040797,1
0.33252225951887615,0.6670665281527886,1.1517758194417006e-05,1.1010763134128793e-07,6.316942411382784e-06,7.858654194604563e-06,0.00038540886590357693,1
0.3685357528400842,0.6311332405594109,1.1406196920803401e-05,1.2064315772114412e-07,6.9213720281535875e-06,8.610600790574768e-06,0.000303947787607627,1
0.4062025503260109,0.5934720076379034,1.351721388060931e-05,1.700398310541097e-07,7.628782141012684e-06,9.49066128324418e-06,0.0002946353389500307,1
0.42440049546029174,0.5752630614703939,1.3986763967474109e-05,1.745820860345162e-07,7.591239023134145e-06,9.820340229609332e-06,0.0003048701440081857,1
0.8165954523370846,0.18029432549478733,1.6233646961614078e-05,2.035160845068373e-07,1.2773377060411707e-05,1.0945617392572655e-05,0.0030700660106289255,0
0.9360752965086668,0.06188362339866105,1.016714704086107e-05,1.5357910899221876e-07,1.0904940941299377e-05,8.65965038752073e-06,0.002011194775193687,0
0.9441493726137777,0.05408523599858268,1.0142140053613117e-05,1.5320136774340178e-07,1.0685995646393665e-05,8.838249982341462e-06,0.0017355718005897323,0
0.9596689697192164,0.03916426608447276,9.875195720838717e-06,1.5856867399552486e-07,9.442130735954025e-06,8.550129886514827e-06,0.0011387381712935005,0
0.895621066102403,0.10292004841682705,1.466217099359673e-05,1.936731501897375e-07,1.2301592544203665e-05,1.0020603541168866e-05,0.001421707440540946,0
0.9127701173718014,0.08343689793452577,1.3734293977530844e-05,2.2150255875368503e-07,1.6743100823678388e-05,1.1692257487751885e-05,0.0037505935388250184,0
0.9350999646112704,0.061092842044520757,1.3482122507286754e-05,1.929097408794903e-07,1.643568550563879e-05,1.1477579269418821e-05,0.003765605047185454,0
0.9267773467727545,0.021981493122680117,2.8171578685477746e-05,3.6108017244327986e-07,2.428331260426158e-05,1.8536799516668653e-05,0.05116980733358671,0
0.03242538176634396,0.967495426899431,4.206832858273438e-06,5.048700235589231e-08,2.8541396143618726e-06,2.752946572396635e-06,6.93269281774648e-05,1
0.33760480220354294,0.6614319739820632,1.0123011202648595e-05,1.0283785278141181e-07,6.767845266745945e-06,6.778060157545365e-06,0.0009394520599141455,1
0.08014713986297763,0.9022982358544365,2.1079825716203995e-05,2.479655590077158e-07,1.48998004573517e-05,1.4568257036753122e-05,0.017503828433816496,1
0.09747082009044276,0.8799842674779448,2.6630501119221627e-05,2.496701884205823e-07,1.275152116461222e-05,1.5847503336556848e-05,0.022489433235803782,1
0.8640954150649943,0.025176009203010587,5.3018866831362914e-05,5.528676168120042e-07,1.7653766845954878e-05,2.531017721487793e-05,0.110632040053486,0
0.8951752315687012,0.06180431424545593,4.999130775888062e-05,3.5391947535316915e-07,5.153912675272819e-05,2.8031378003680186e-05,0.042890538453852475,0
0.9020155675341084,0.055326600965824285,4.5045235687910506e-05,3.1761431583658356e-07,1.8133112113428696e-05,2.5533231806436098e-05,0.04256880230614361,0
0.3098716248173987,0.6894541034984502,1.132679881839753e-05,1.250684308814104e-07,6.400053484288026e-06,7.966744961252096e-06,0.0006484530184563384,1
0.37688077895967864,0.6225244276895888,1.4626608081549161e-05,1.5278631577331359e-07,1.172392760372251e-05,1.041846643596833e-05,0.0005578715622954289,1
0.9002762183599372,0.09641294090271958,1.5203675313820657e-05,1.9927086559087967e-07,1.3183832624633471e-05,1.06307152500339e-05,0.0032716232432890993,0
0.9031528133119747,0.09443268927291541,1.4803174060878282e-05,2.417128571689904e-07,1.3317068817272783e-05,1.0420821801448447e-05,0.0023757146375732044,0
0.8993162441706434,0.09805365763988445,1.4740290570998585e-05,2.406860673774855e-07,1.3260498262960966e-05,1.0327387791810563e-05,0.002591529326779202,0
0.9528646320372608,0.04598654928698039,1.2726746523386554e-05,2.0090340471790626e-07,1.1554202066148407e-05,9.897427959433715e-06,0.0011144393958051936,0
0.9494685720852656,0.04770005364372962,1.2747481691809105e-05,1.7223231592821918e-07,1.198248555698162e-05,9.936153218689348e-06,0.0027965359182213177,0
0.9363166114561939,0.06094630318364037,1.2245382579761778e-05,1.6941065180851792e-07,1.1998081567917908e-05,9.552321446650018e-06,0.002703120163919658,0
0.9188228355972384,0.07870383685676399,1.268058276487394e-05,1.800261662535997e-07,1.5493315724919095e-05,9.925783718814296e-06,0.0024350478376227594,0
0.9351618849631794,0.06095741439584848,1.3483015265068514e-05,1.9292251495658792e-07,1.6436773842147066e-05,1.1478339290565567e-05,0.003839109590059225,0
0.9402592800003199,0.023391350246727474,3.615158769504846e-05,3.274483953435911e-07,2.551385057615495e-05,1.9430191690385687e-05,0.03626794667459531,0
0.03926645724146562,0.960604206845025,5.24218086282265e-06,1.1272111162466818e-07,3.117820758588012e-06,3.321209111741907e-06,0.00011754198166453703,1
0.10619551983015338,0.8820981658745246,2.1716238208919312e-05,2.2599889066306606e-07,1.9615632136827903e-05,2.118505188520123e-05,0.011643571374200214,1
0.08910630026735178,0.8939400073095687,2.1375490890526444e-05,2.3017674648493977e-07,1.5108784732596734e-05,1.6413592615597264e-05,0.016900564378094198,1
0.08796211983217095,0.893688437538452,2.3135275430415408e-05,2.4912655596443394e-07,1.6352648834951365e-05,1.776487791130784e-05,0.01829194070064451,1
0.5781516948155399,0.41897826866062204,2.479952373707767e-05,3.7270486477018885e-08,1.1578463057758526e-05,1.302817589866967e-05,0.0028205930906581057,1
0.0985484509438474,0.8862192388466773,2.6079739934650354e-05,2.4545900210623123e-07,1.2108053133056011e-05,1.5236613818118693e-05,0.015178640343587513,1
0.7659998914921956,0.02623997091882146,4.961454891670997e-05,5.034127672987687e-07,1.6248321725057478e-05,2.4642209202481787e-05,0.20766912909637145,0
0.882852775935136,0.07455749452766226,5.224612829156052e-05,3.6074203430622873e-07,2.8291947440145158e-05,2.9000298553939817e-05,0.04247983042088183,0
0.8993938624263325,0.07157596513057574,5.0983576429381626e-05,3.594856037320327e-07,2.052361128139591e-05,2.866582038889228e-05,0.028929639949388446,0
0.8911010097777382,0.10203981975377294,5.511270264925199e-05,3.820789435354643e-07,2.1803603485945584e-05,2.7891787820666574e-05,0.006753980295589535,0
0.5347567420608041,0.4638443267032469,1.6266801628807195e-05,1.4135819926513793e-07,6.066535488329787e-06,8.485344215762023e-06,0.0013679711964167702,1
0.5310679466031959,0.46695543266843703,1.6115013874693086e-05,1.4038309892075439e-07,6.445977699468942e-06,7.967589235789659e-06,0.00194595176445803,1
0.3393210364067521,0.6600899939647569,1.2781443047049042e-05,1.342189873362114e-07,7.287293177805413e-06,8.549627060397184e-06,0.0005602170462184206,1
0.42286575727563497,0.5765321471256339,1.584862359556546e-05,1.5438753875295857e-07,1.1846796083113211e-05,1.0527653491009852e-05,0.000563718138022559,1
0.37543759380480973,0.6240387933125854,1.3819929552982865e-05,1.3211596238580613e-07,7.421097619628175e-06,1.0094206305833216e-05,0.0004921455331642829,1
0.8318983926378515,0.1654487910280084,1.757425421848277e-05,2.129294374848309e-07,1.3838682848359481e-05,1.044440548179394e-05,0.0026107460621539735,0
0.9281141780545988,0.06903321040712422,1.0564131772082362e-05,2.057563533016861e-07,1.1330733450364845e-05,8.630559804959287e-06,0.0028218803568962705,0
0.931843461547053,0.06660848967319268,1.0193077475278143e-05,1.539707993058879e-07,1.0932753055628397e-05,8.479753380677968e-06,0.0015182892250434632,0
0.9421945068263885,0.05598844656773807,1.0143902520801365e-05,1.528841635794529e-07,1.0663870241347328e-05,8.650072374494212e-06,0.0017874358765735913,0
0.9561357443190698,0.04240625276373095,1.2497282373868773e-05,1.9728110197037312e-07,1.0530335401810018e-05,1.0940711524453047e-05,0.001423837306797388,0
0.947388294347749,0.05031501511270792,1.2258856962324818e-05,1.9267224346328989e-07,1.1472861985471914e-05,1.090316878172193e-05,0.0022618629795702182,0
0.9470794728986109,0.05128394803187403,1.2742437107876918e-05,1.714123138817472e-07,1.192543666563047e-05,1.0090650279853063e-05,0.0016016491331480873,0
0.9268562992767146,0.0711407279009772,1.4293654982244092e-05,1.977477952604033e-07,1.4004988187472138e-05,1.1150128315595862e-05,0.001963326303027538,0
0.9445851110432152,0.05422334712270356,1.2594488993022867e-05,1.9427999407912563e-07,1.640144998465069e-05,9.90532727503296e-06,0.0011524462878345755,0
0.9219159553179308,0.07540510367145485,1.2723270603160425e-05,1.8063220526733157e-07,1.5545472330687943e-05,9.936545619015981e-06,0.00264055508985625,0
0.9089653934519963,0.0834533557273349,1.5076437885827996e-05,2.157220960103942e-07,1.661324078695262e-05,1.2834849322985721e-05,0.007536510570577267,0
0.021265259865553283,0.978529391600481,5.7697207540080245e-06,7.073056679880211e-08,5.493318882771681e-06,2.5018360423255482e-06,0.0001915129277196332,1
0.02289369349258484,0.9769709259284111,3.809018776795695e-06,7.06179169782978e-08,5.6716574081152735e-06,2.4724206395441342e-06,0.00012335686426268342,1
0.033963830024131676,0.965925054498636,4.620690661016378e-06,9.9357386059938e-08,2.8898343114635044e-06,2.927460979979453e-06,0.00010057813389395469,1
0.1671780844155246,0.8323643396615563,8.261545812476333e-06,9.381924090026034e-08,4.91360746723553e-06,5.234142420392461e-06,0.0004390728079782255,1
0.19635535357964198,0.80314189251022,8.947670206946628e-06,1.016109630928725e-07,5.940401127424951e-06,5.668839858411825e-06,0.00048209538798215,1
0.2441920776306472,0.7552113315077871,1.0060071175388674e-05,1.1424354019222588e-07,6.678929460973885e-06,6.373606887436256e-06,0.0005733640105019372,1
0.23570667035234347,0.7638424224036415,8.764385832689411e-06,9.952956074372339e-08,6.652059950966352e-06,5.552946137802831e-06,0.00042983832253274117,1
0.27191442362231144,0.7273742915878656,8.576645582391562e-06,8.712860216232509e-08,6.8793255030298564e-06,5.74266080948184e-06,0.0006899990293258114,1
0.12014776910263816,0.8640736229012086,2.2220437914065216e-05,2.3124605055049158e-07,1.62736296876957e-05,1.6795793665772318e-05,0.01572308688883496,1
0.8935238363699646,0.08099559216174622,5.28793237497384e-05,3.6511403707783793e-07,2.1087545560313715e-05,2.911463852705053e-05,0.0253771248464151,0
0.9298434924754821,0.056811928984031916,4.663705357366702e-05,3.37954196231243e-07,1.951890036154986e-05,2.4009719914733333e-05,0.013254074912439873,0
0.6194744757989673,0.37228249021851734,4.212343111781029e-05,3.1430287603363653e-07,1.7944056689256306e-05,2.0858903766132586e-05,0.008161793288066006,0
0.5162197387736525,0.47844108206033004,2.5125165695420357e-05,2.038307695755529e-07,1.1637026458157614e-05,1.2235400921938535e-05,0.00528997774217243,0
0.5372294203686365,0.4610688221970929,1.976932781440366e-05,1.839211253744363e-07,8.03143356976186e-06,1.1040279697007304e-05,0.0016627324720640993,1
0.39488323176694967,0.6046004352683062,1.4091661791268907e-05,1.4657739777686774e-07,7.360905037820238e-06,1.041136936147626e-05,0.0004843224511558088,1
0.3078765945882475,0.691484463161208,1.1982272886149385e-05,1.3230605507263602e-07,6.767348097388985e-06,8.427775020160857e-06,0.0006116325484856854,1
0.29128794541589137,0.7082614485321815,1.0697021620072644e-05,1.3212579904375726e-07,6.432352100355219e-06,8.01058488082927e-06,0.0004253339675267277,1
0.45177172049493086,0.5475851193022531,1.6494169770082065e-05,1.8446694593630839e-07,8.153440282334132e-06,1.2086603499361706e-05,0.0006062415223184356,1
0.5637871683326727,0.43418996391575354,1.6131357581675633e-05,2.068057089459408e-07,7.703631042738115e-06,1.1481918540953504e-05,0.0019873440386994155,1
0.9294438952375427,0.06854102771988942,1.0488813201017475e-05,1.6122926985270848e-07,1.1249949276993031e-05,8.528424795658365e-06,0.0019846486260242015,0
0.9389595274830503,0.05983192792039605,1.3105005349042162e-05,2.1135358119190579e-07,1.2585260977728607e-05,1.0234984578676032e-05,0.0011724079920671347,0
0.9542864277108879,0.04382711150867987,1.24357541326441e-05,1.954525332384681e-07,1.1638417128739426e-05,1.0734475390760758e-05,0.00185145668124694,0
0.9469512462050339,0.04961385102757002,1.2166148015555575e-05,1.9121513854575593e-07,1.0361202269340044e-05,1.0501752855543669e-05,0.003401682449117301,0
0.9461286850120235,0.051835447139128736,1.2309424008124005e-05,1.655873859859782e-07,1.1520186849384599e-05,9.74775011725381e-06,0.002002124900487138,0
0.9516853715335873,0.04584824171857712,1.3026568313172681e-05,2.0563636755848467e-07,1.2244823757614975e-05,1.0153690101518264e-05,0.0024307560292956957,0
0.9525410730928269,0.04582305617425616,1.2503163007562857e-05,1.9287121823087403e-07,1.8150769547982992e-05,9.833501115575644e-06,0.0015951904280275826,0
0.9026125133449722,0.09480708534161034,1.336119682863446e-05,1.9502883328167702e-07,1.6505294827910494e-05,1.0620965452068494e-05,0.0025397188274756052,0
0.1530257598012899,0.8467910369158024,2.2592870906902208e-05,7.556735768481455e-08,1.962643936148495e-05,9.126685080600548e-06,0.00013178172020105196,1
0.022428233475576813,0.977465019602902,6.17433984889302e-06,7.569076143195704e-08,5.87855446158504e-06,2.677284851402351e-06,9.194105159813368e-05,1
0.20565094922196078,0.7938579912595294,8.185611344791802e-06,9.295691872980517e-08,5.206478198342235e-06,5.186033770086691e-06,0.0004723884382779407,1
0.19239780701413645,0.8071602791571919,9.339972674947591e-06,2.0083475370539423e-07,7.262972394895516e-06,5.917626880264726e-06,0.00041919242196771623,1
0.08703771170883519,0.8982018737517373,2.5423144549372486e-05,1.370548610018107e-07,1.4706634554979748e-05,1.5789507440929487e-05,0.014704358198021105,1
0.9192411230040453,0.06931277362757249,4.6066680008894465e-05,3.3066206979282153e-07,2.478759521025073e-05,2.5840074030224337e-05,0.011349078357063261,0
0.925660921393256,0.06178557395661257,4.553655033737633e-05,3.2997942814082276e-07,1.9058309235594813e-05,2.5786727993786544e-05,0.01246279308313649,0
0.9202574292409674,0.07092938892378797,4.3917376448419386e-05,3.1824612665048087e-07,1.8169183208941817e-05,2.260957387136123e-05,0.008728167455589181,0
0.6203646117182486,0.37110747458677923,4.397425779467836e-05,3.1331085840685267e-07,1.788742080747123e-05,2.079306790591864e-05,0.008444945637605747,0
0.6016651052301142,0.3965106666463352,1.5073173241745422e-05,1.2379227988224448e-07,5.508102871108717e-06,7.954779520733225e-06,0.001795568275637073,1
0.3963209991284827,0.603192066025299,1.5011824536578218e-05,1.4623595723745204e-07,7.343758387485191e-06,1.0387116894010231e-05,0.0004540459104431066,1
0.40774419765637887,0.5918002166379532,1.4838040959801844e-05,1.5434101841288137e-07,8.020491008432112e-06,1.052448127889628e-05,0.00042204835140234056,1
0.3037528326975174,0.6957775797552568,1.1280116637130515e-05,1.3113808514127944e-07,6.287920878987892e-06,8.353376400941336e-06,0.00044353499522355796,1
0.4111949621113355,0.58830825442297,1.4757385858380403e-05,1.6789868733256657e-07,8.348066449562062e-06,1.100102162775931e-05,0.0004625090930714544,1
0.5189806609575282,0.4794872382411686,1.5155142692992694e-05,1.950789426555582e-07,6.550073283850183e-06,1.0619877207467492e-05,0.0014995806291762653,1
0.5235969987650382,0.4747929648736365,1.4013063125711389e-05,2.052483130817278e-07,6.891525419253848e-06,1.1173486242522898e-05,0.0015777530382246779,1
0.678665959477129,0.3184159981493676,2.2052547734074254e-05,2.120687257744624e-07,1.2105838594748201e-05,1.518902761737064e-05,0.0028684828908315894,1
0.8718770731745349,0.12569754558879886,1.5300288609730433e-05,1.8579500332126058e-07,1.2075165163370101e-05,9.911804062930826e-06,0.002387908183826809,0
0.9219900287303172,0.07546404201697625,1.1449564513665427e-05,1.7927723512041574e-07,1.206352859449473e-05,9.52504124760374e-06,0.0025127118411159143,0
0.9278689947559771,0.06945404364276003,1.0790077190745859e-05,1.6499949617601501e-07,1.1102782452326592e-05,8.766461652840393e-06,0.00264613728047072,0
0.9434413180566479,0.054090940074724085,1.2977292907645104e-05,2.0396388882589945e-07,1.173021427387401e-05,1.0766459402428647e-05,0.002432063938155333,0
0.9417727650779393,0.05577299626467812,1.2954341505875645e-05,2.0360316204010373e-07,1.1709468432460282e-05,1.096674235736457e-05,0.0024184045019248674,0
0.9459923220381354,0.050851576061623986,1.2153828043015349e-05,1.9102150574980874e-07,1.0350710063649401e-05,1.0491118322194319e-05,0.00312291522230617,0
0.9460030684536762,0.05181181794535177,1.2307789698221311e-05,1.9344131842949177e-07,1.1518657325709372e-05,9.746455918229135e-06,0.002151347256711719,0
0.8849308956230971,0.11217817819668688,1.4904826426328075e-05,2.1374620666989654e-07,1.8458119291703145e-05,1.1640284353610743e-05,0.002845709203937785,0
0.905181340789411,0.08947000211488397,1.606754101336701e-05,2.299033532579135e-07,1.9502734751986555e-05,1.367859367439254e-05,0.005299178322912118,0
0.8891647302791077,0.0936156376032987,2.48803192095844e-05,2.9744854500142235e-07,2.217722278487416e-05,1.660392755973407e-05,0.017155673199494362,0
0.02610291588626822,0.9738639771730453,4.4569973150250726e-06,5.0614269324594145e-08,2.7874585666868804e-06,2.5905056918082948e-06,2.3221364843470045e-05,1
0.09088584221805715,0.8956352524964153,2.43326417206683e-05,2.2133043131737632e-07,1.5575831324697594e-05,1.5721090580366915e-05,0.01342305439147054,1
0.4334777717062694,0.5642160093051202,1.989035797479303e-05,2.741980903763456e-08,1.0597060918324024e-05,1.0424461718888787e-05,0.0022652796881894068,1
0.052213185884427034,0.941196584234546,2.0935764675804365e-05,1.6543489309521678e-07,8.160607101268237e-06,1.0269199974351153e-05,0.006550698874382713,1
0.04919445154520057,0.9440487656536033,1.771519451731678e-05,2.609231475589046e-07,8.177130021408973e-06,1.0838442732211132e-05,0.006719791110777726,1
0.9706900515289402,0.011396930015101338,5.8726444275766675e-05,4.1672722751492673e-07,2.431930758731689e-05,2.913068963087983e-05,0.017800425287237045,0
0.960815907356525,0.018054620419603915,5.812906164410287e-05,4.124881558168373e-07,2.4071924451049813e-05,2.9543611231390326e-05,0.021017315138388955,0
0.9210029016024889,0.04421297029496535,5.405734596949852e-05,5.008479019419848e-07,3.1108943956143693e-05,2.827183860859984e-05,0.034670189126109655,0
0.9221513260131319,0.06577069235201059,4.8936705429899194e-05,3.512628282126643e-07,2.028755441139084e-05,2.7449950612019875e-05,0.011980956161575827,0
0.7721057560118234,0.21901255685606338,4.873233461612856e-05,3.49795874738405e-07,2.7580707012315934e-05,2.321441846487496e-05,0.008781809876145375,0
0.5770526125200341,0.41573588031006703,3.392781042181101e-05,2.7524322793030245e-07,1.5706948277370908e-05,1.826668618540877e-05,0.007143330481786219,0
0.5666862951926643,0.4307586760946313,1.6531111294781606e-05,1.3448465092711918e-07,5.983856930305758e-06,8.072743999184758e-06,0.0025243065158293615,1
0.3654177059874461,0.6340562083095324,1.1905581101176398e-05,1.224266873402129e-07,5.98137944857533e-06,7.798468307443979e-06,0.0005002778474769086,1
0.4068090976519934,0.5927360977609786,1.4118657269899932e-05,1.860263167286421e-07,6.885528228466444e-06,9.91993384553394e-06,0.0004236944413673608,1
0.3013128831805269,0.6981845018796975,1.3469092465437026e-05,1.3850448441021828e-07,7.483398960755894e-06,8.82260931483338e-06,0.0004727013345502124,1
0.290311659949228,0.7093697405747599,1.3037387298081451e-05,1.340652022703677e-07,6.550000355728629e-06,8.539831091983794e-06,0.000290338192064132,1
0.3712895435461613,0.6282278732406733,1.3607681223999718e-05,2.0298136541874644e-07,7.92064983026459e-06,1.0908665001798538e-05,0.00044994323574388867,1
0.5488329937300092,0.4495636245486651,1.5586211503374533e-05,1.5394255000356688e-07,6.533077910131501e-06,1.1914319081834119e-05,0.0015691941702803214,1
0.8002537797920818,0.1969711113557852,1.7338697034727103e-05,2.100754296840415e-07,1.3653195537312214e-05,1.1207117846241627e-05,0.0027326997662850783,0
0.8615269289709054,0.13585149678759126,1.6573447535868745e-05,2.0080367662404021e-07,1.3050606944765892e-05,1.0712487753893518e-05,0.0025810368955920377,0
0.8664693463408472,0.13115101784902883,1.504525485230745e-05,1.822881137766039e-07,1.1847245845280562e-05,9.7247182887409e-06,0.0023428363030239536,0
0.9205937383316617,0.07677573768719033,1.190706753090411e-05,1.8644081552488492e-07,1.2117137707754404e-05,9.946256894865738e-06,0.0025963670781988224,0
0.9172615940627112,0.07995068156487033,1.1705833463602991e-05,1.8287861067476378e-07,1.2305864421183548e-05,9.71638316940567e-06,0.0027538134127538163,0
0.928074645472138,0.06921155066649311,1.0818449917071297e-05,1.6543336569020646e-07,1.1131977443465389e-05,8.78951324115822e-06,0.0026828984874014967,0
0.9483890421324308,0.04981289428837808,1.1950920410420352e-05,1.666456612473507e-07,1.0802473072150436e-05,1.0117277286151837e-05,0.00176502626276112,0
0.9391707506637236,0.05817671887803475,1.2066186522533307e-05,1.8964404548383902e-07,1.4422654692004138e-05,9.943057503944614e-06,0.002615908915477679,0
0.9252997486742858,0.07324137868816556,1.3329423322243044e-05,1.805000015121437e-07,1.782203205934332e-05,9.940816732361071e-06,0.0014175998654333613,0
0.10090708752355193,0.8989620990922433,1.981736508784546e-05,5.982180002479923e-08,1.0257531338051765e-05,6.545493238116695e-06,9.413317274093893e-05,1
0.17485474357657924,0.8250899614614681,2.0629058862987196e-05,7.823743745347142e-08,1.217465843303289e-05,9.449165288129474e-06,1.2963841930959477e-05,1
0.04942457125594631,0.9504924557942328,1.5024971989785499e-05,5.025467711629211e-08,7.223745006816193e-06,5.014941617765385e-06,5.565903652904164e-05,1
0.019743147025391514,0.9801870938909314,3.899845205017964e-06,3.748840153735884e-08,5.419788840621506e-06,2.4741224644984026e-06,5.792783876534766e-05,1
0.02364076841654644,0.9763398264954317,3.7370742169569607e-06,5.123903321360502e-08,2.416936197128253e-06,2.4834938732031915e-06,1.0716344701261831e-05,1
0.026342564664124473,0.9736375815822226,3.5412665533963606e-06,5.401917260771007e-08,2.3943833978696438e-06,2.560367337492709e-06,1.1303717191595967e-05,1
0.04769477938778261,0.9522235115460339,6.235291681013973e-06,7.080882265653055e-08,3.899624788518874e-06,3.6240898183401183e-06,6.787925107277012e-05,1
0.07822853243054081,0.9214779486803342,5.300123073288249e-06,6.01889204152232e-08,3.459910559156687e-06,3.3579186802189462e-06,0.00028134074789196303,1
0.4798036342318042,0.5179119971991802,2.1886319219206366e-05,2.4464667761379335e-07,9.705606371687567e-06,1.0546615370556292e-05,0.002241985381376506,1
0.9654068478532194,0.017113041116802435,5.7440989322498604e-05,4.076055433166586e-07,2.3786985653242868e-05,2.9193904207165224e-05,0.017369281545251573,0
0.9588491020274166,0.02509892029260151,5.705080832388933e-05,5.176842140989095e-07,3.0020480026229968e-05,2.899559796573018e-05,0.015935393109452186,0
0.9325436097116581,0.050618529216955074,5.006512456305284e-05,4.638594838159006e-07,2.1217649033158998e-05,2.5972382373166534e-05,0.016740142055933768,0
0.898824088164571,0.08073506580123857,4.6711648715900714e-05,3.352915913378755e-07,1.8411088683301764e-05,2.382055700909032e-05,0.020351567448190947,0
0.9128383625292965,0.07694826601651523,4.863948390865021e-05,3.4514940461622346e-07,1.9705134616820256e-05,2.2906052616130956e-05,0.010121775633642045,0
0.5683454772620673,0.4178715771852509,3.2062188330177766e-05,2.7575901508218486e-07,1.5743525677056333e-05,1.655305582368807e-05,0.013718311023835804,0
0.5252761772103653,0.4732592720973403,1.532311442790364e-05,1.340891853204097e-07,5.546591685715869e-06,7.183641769101288e-06,0.0014363632552263335,1
0.5335808182937656,0.464793245071548,1.6416032923972793e-05,1.4365307335694704e-07,5.942201381902912e-06,7.696013780386975e-06,0.00159573873352687,1
0.21484853979213112,0.7835242835898723,1.1992943210108822e-05,1.1998173115739778e-07,5.8619266480277e-06,6.427854516468401e-06,0.0016027739118908558,1
0.22901959751052361,0.7692891157297898,1.3457221317586538e-05,1.2074507575594739e-07,5.899221242802265e-06,6.924787778879418e-06,0.0016648847842718542,1
0.4196602243051248,0.5800116103642584,1.5911448855330366e-05,1.6836983792406494e-07,8.321752132255952e-06,1.0725005090855024e-05,0.00029303875470025896,1
0.3414449137773055,0.6581636468303735,1.259855456243043e-05,1.1368218472923401e-07,6.664762817126379e-06,9.755100535542582e-06,0.00036230729222117014,1
0.37981451274273986,0.6191547040362644,1.1328544065901473e-05,1.273876949547182e-07,5.4411043557481225e-06,9.366213995554189e-06,0.0010045199708834252,1
0.5869702304164929,0.41093084496754995,1.72634402825058e-05,1.9928286668650892e-07,9.812646449137798e-06,1.3765213983891317e-05,0.0020578840323749333,1
0.7609938160826616,0.23755920101087,2.3873249121441083e-05,2.935718000493899e-07,1.7934660268909722e-05,1.6443063386352087e-05,0.0013884383618917267,1
0.7929051894742791,0.2055894302189182,2.4874345517607675e-05,2.3920459540563885e-07,1.6457621583443854e-05,1.7148256734940405e-05,0.0014466608783710985,1
0.7909263577935518,0.2064461532189393,1.8815819177722057e-05,2.27972222520549e-07,1.4816341615152499e-05,1.1182269387998524e-05,0.0025824465851053994,0
0.9117620503515415,0.0859971772773912,1.2446626711778365e-05,1.797963546846448e-07,1.1685301756123819e-05,9.813749851884604e-06,0.0022066468963931885,0
0.9123074785483253,0.08515221735975906,1.1515426636622871e-05,1.7990391125764115e-07,1.1692292059200438e-05,9.819620567696189e-06,0.0025070968487411202,0
0.9364056214543348,0.062127145225800984,1.3190414889940472e-05,1.8392938250550324e-07,1.5135083607823239e-05,1.1166594737301897e-05,0.0014275572972463689,0
0.9386064323807695,0.05978652930996823,1.2316463169419983e-05,1.7174285148004273e-07,1.4132284797501794e-05,1.0426734409598127e-05,0.0015699910840343506,0
0.9227914412331704,0.07526103166708702,1.251610008263466e-05,1.7452662245914087e-07,1.4770192235355898e-05,9.440347350165504e-06,0.0019106259334520125,0
0.922245928055821,0.07566446179080002,1.3461371254042777e-05,2.1392993127208368e-07,1.7682614458775776e-05,1.0016693932738312e-05,0.002048235543802118,0
0.9225531325999248,0.07568966598610431,1.3435639383168082e-05,1.8516351326827872e-07,1.7688504622503388e-05,1.0020030541553187e-05,0.0017158720759103889,0
0.879614790601708,0.11661915209064926,1.5022625259275456e-05,2.154355288379271e-07,1.8275427111176427e-05,1.175902811228937e-05,0.0037207847916312787,0
0.13687938214683254,0.8630696940876206,1.694876725484812e-05,8.133758025258849e-08,1.059254256811319e-05,9.823586571330188e-06,1.3477531572635959e-05,1
0.04626258880308919,0.9536890190205185,1.565268052528784e-05,4.7250051663535286e-08,6.791851910349175e-06,4.715108406341907e-06,2.118528549873009e-05,1
0.020935506594032836,0.9788034010762783,7.591866793297097e-06,4.8255707530348294e-08,3.6833852629106916e-06,3.2919454479336734e-06,0.00024647687647722725,1
0.02048800140835797,0.9794935944176768,3.6196441046274138e-06,6.951380456847981e-08,1.9299561122732547e-06,2.4054550258137843e-06,1.0379604917951872e-05,1
0.023697187657224502,0.9762820508445837,4.223827795291522e-06,5.7912912649543585e-08,2.1778118204728085e-06,2.4549823954424383e-06,1.184696326791866e-05,1
0.1329721174659502,0.866916684889578,7.789259458352675e-06,8.845589265561124e-08,4.4933434778083285e-06,4.5272903561802325e-06,9.429929528677375e-05,1
0.12948593728303506,0.8703660927457411,6.005036113039542e-06,6.819400902591471e-08,3.5715338213691774e-06,3.80467527649192e-06,0.00013452053200394711,1
0.06266506359250226,0.9316570620215338,1.9928764651666878e-05,4.9544627875581906e-43,1.3964194227526105e-05,1.4917185131143025e-05,0.005629064241953803,1
0.07702227015841139,0.9153962668766293,2.408310948858001e-05,1.2558389228238562e-07,1.3152813893526722e-05,1.4736429857588996e-05,0.0075293650278273885,1
0.971862262469967,0.011895845593396754,4.7893536126380775e-05,3.880411148223387e-07,3.05816600395416e-05,2.690628800694975e-05,0.01613612241134844,0
0.548455336004213,0.4500822291958597,1.7172622951011418e-05,1.5200666728785176e-07,6.287747329790406e-06,8.482718607104436e-06,0.001430339704371965,0
0.5745928300445904,0.4237193533116005,1.6570676809405933e-05,1.4667842901387036e-07,6.1379581120840215e-06,7.85809300557974e-06,0.001657103237452786,0
0.5652472235925426,0.4329637805602143,1.648913136164297e-05,1.4429274161769821e-07,5.968661223897036e-06,7.730283118554109e-06,0.0017586634787973494,1
0.5695471891318998,0.4284836246901315,1.5486936264574764e-05,1.389567168706545e-07,5.417458666186316e-06,7.4444130078346964e-06,0.0019406984133133061,1
0.2390363736680454,0.7594616159366087,1.0921270061529237e-05,8.386215984562708e-08,5.104426328165632e-06,6.052336740563527e-06,0.0014798485000557038,1
0.34768957914461923,0.6519817573671315,1.2785337777167895e-05,1.5791993602058095e-07,7.528598196003258e-06,1.0249429307616401e-05,0.00029794220303263285,1
0.36251880931020014,0.6371837304017729,1.0020259431758913e-05,0.0,7.178375552655186e-06,1.0399191121512068e-05,0.0002698624619212445,1
0.3453597385410495,0.6542460936830938,1.2523564843209515e-05,1.0505666779776019e-07,5.908351212617433e-06,1.0100910095588279e-05,0.0003655298930373038,1
0.3571659378643767,0.642554377249493,9.707285808918936e-06,8.313304745143005e-08,4.608775434629257e-06,7.94055346959393e-06,0.00025734513836981324,1
0.448203353838816,0.550951756771173,1.3360991274940522e-05,1.430342195378638e-07,5.61998266023526e-06,1.0191250067855615e-05,0.0008155741317883399,1
0.48699331741910473,0.5121557261180312,1.4486059264518984e-05,1.0990634557275927e-07,6.09304820542692e-06,1.0661740592214596e-05,0.0008196057084564255,1
0.4913094338196759,0.5076307350924846,1.4648648566828806e-05,1.4593100274122084e-07,6.439055931326872e-06,1.171112070245398e-05,0.0010268863316361613,1
0.7711535242275043,0.22744894204942243,2.3025093572265578e-05,2.326425267575531e-07,1.479384385059807e-05,1.6677830831546468e-05,0.0013428043122920754,1
0.7551632633806322,0.24332986020228795,2.440309678999954e-05,2.3941675539097833e-07,1.7126458401676892e-05,1.716346619983932e-05,0.0014479439789328841,1
0.7348572293964106,0.26323535072906684,1.8679714600328508e-05,2.895620190041594e-07,2.3406794902465868e-05,1.1101382234748435e-05,0.0018539424207660714,0
0.876515440553751,0.12193721634546467,1.5039725683100192e-05,1.8222112243378934e-07,1.8845672002263013e-05,8.938131394733513e-06,0.0015043373505818137,0
0.9232762079782614,0.07383794081554723,1.4062776592679714e-05,1.7461830590885752e-07,1.4868360544924764e-05,1.0632639515934128e-05,0.002846112811231731,0
0.9173436205214067,0.08042236786626211,1.2969958731660578e-05,1.8085530444197846e-07,1.534198166768267e-05,9.78267309591646e-06,0.0021957361435314617,0
0.9295933026925021,0.06781291869138369,1.2328360281079357e-05,1.9506836396935163e-07,1.6123590806876046e-05,9.298743421910552e-06,0.0025558328532407195,0
0.8913175659008717,0.1042814114746192,1.620477618163527e-05,2.3238844517108155e-07,1.9713545458877175e-05,1.2684362112777397e-05,0.004352187552310516,0
0.07679735998069996,0.9230451189036369,2.0893419236552142e-05,1.133784011117635e-07,9.023607613478701e-06,6.874409228926417e-06,0.00012061630118301754,1
0.013625764752725816,0.9863179271304027,3.299157876229882e-06,3.1714119073266176e-08,2.5939340175937226e-06,2.1414717291489126e-06,4.824183912939917e-05,1
0.015196591604471444,0.9847854448656892,3.545243777073933e-06,6.808497629700117e-08,1.8279329031302035e-06,2.356011866027186e-06,1.0166256316970885e-05,1
0.10870889935721961,0.8912156754602397,5.2796330403521e-06,5.995623280690798e-08,3.0456303084946426e-06,3.0616601983462125e-06,6.397830276070903e-05,1
0.27766184854225795,0.7218640728883801,9.653081423932408e-06,1.1584846867239562e-07,6.333131571814748e-06,6.463409482346377e-06,0.0004515130984152052,1
0.32509196213690666,0.6742778819565927,1.1815596008585026e-05,1.4180121807038715e-07,8.026165817889515e-06,7.911363421438101e-06,0.0006022609800346433,1
0.06451692620986002,0.9294436420798288,2.0597614205320382e-05,2.130732225404138e-07,1.4376860676564426e-05,1.1899755684062034e-05,0.005992344406522818,1
0.7031828058853768,0.29480915020926823,3.0797303008412486e-05,3.440738535325099e-07,1.7350419665607805e-05,1.8196591127476876e-05,0.0019413555176998605,1
0.625135699289335,0.372650159034448,2.8370534930562432e-05,3.169614974944676e-07,1.5983240059968394e-05,1.676273484266557e-05,0.0021527082048862314,1
0.40729703583063054,0.5907699073241893,2.5643388684819944e-05,2.759496269054296e-07,1.5618089742968704e-05,1.3364460667099432e-05,0.0018781549564582645,1
0.4540928590101084,0.5432441293656392,3.0369326593342333e-05,3.3797594396276747e-07,1.7851276695194262e-05,1.4577638717794823e-05,0.002599875406302276,1
0.44812187367842093,0.5493343837576398,2.8899904464740055e-05,3.230449825683876e-07,1.6876116517600655e-05,1.3926333321866275e-05,0.00248371716465237,1
0.8515213721714601,0.018920558492731446,5.096383777254931e-05,5.563426655422228e-07,1.7926691814533914e-05,2.5469264302849083e-05,0.1294631531992528,0
0.9505512627194737,0.028183356573204803,5.0533464670984354e-05,4.3462593079602714e-07,2.5383058766029546e-05,3.112918358853603e-05,0.021157900374365376,0
0.9035891006083868,0.07486679651504638,3.743964233551269e-05,3.0334198986864074e-07,2.3148420916271638e-05,1.981486514460804e-05,0.021463396606180497,0
0.5677001647725127,0.4191792127543628,3.111664094606413e-05,2.56060550176029e-07,1.5128512277782309e-05,1.5370611111462148e-05,0.013058750648238889,1
0.34359002164743657,0.6557925792029035,1.1330443225680623e-05,1.1287477707467413e-07,5.17264426046844e-06,8.592310293889372e-06,0.0005921908771027446,1
0.4831702128510565,0.5160250332533576,1.4939383253949991e-05,1.4882732483057208e-07,6.185577379230435e-06,1.0995387078901237e-05,0.0007724847205491566,1
0.4991374689985396,0.49980036897595187,1.446966480583775e-05,1.441479522709566e-07,5.66823868908633e-06,1.0649674269523425e-05,0.0010312302997918712,1
0.6190648395216398,0.378664434328088,2.039427557887518e-05,2.188642666925603e-07,1.4100288203087818e-05,2.0026702693855592e-05,0.002215986019529756,1
0.6926997371170404,0.3063893771316398,2.213961691301606e-05,2.3759466237381874e-07,1.7170438932734675e-05,2.174058715437265e-05,0.000849597513657323,1
0.6993658175251795,0.2992343414929198,2.5007282801188977e-05,2.5890104734298657e-07,1.9398023306162433e-05,1.85433054492015e-05,0.0013366334692966754,1
0.7252882826028405,0.23812676041873468,2.5170962871295277e-05,3.094379217374775e-07,1.7438004514491958e-05,1.665723332319757e-05,0.03652538133979397,1
0.9031870473058256,0.09542566615744368,1.856223557680605e-05,2.455810283824101e-07,2.007377789923175e-05,1.340444741018642e-05,0.0013350004948160658,0
0.8919118866917283,0.10582717844271629,1.720280673264278e-05,2.398788549183217e-07,1.960768259694006e-05,1.4563360798760852e-05,0.002209321136572189,0
0.8869322146969635,0.11018472111302116,1.7514675909395635e-05,2.44227611616369e-07,1.8808514258129523e-05,1.4827379537891721e-05,0.0028316693926983745,0
0.8969569521574405,0.094490901116199,1.9672841941517864e-05,2.2962480644563238e-07,1.9479105585560976e-05,1.2471596520944893e-05,0.008500293557506072,0
0.06643292112475026,0.9335046861315165,1.8003552908016643e-05,5.434652573766344e-08,7.995257086201706e-06,5.94665085100965e-06,3.0392936362162245e-05,1
0.12097833505427161,0.8789719755815999,9.955317173583415e-06,6.607691357637341e-08,8.916596572961691e-06,7.433738751316354e-06,2.331763471716192e-05,1
0.01294678437522835,0.9868562291299141,3.384809217107123e-06,3.253746761409741e-08,5.222416080544392e-06,2.1970677121037847e-06,0.00018614966438026547,1
0.012810987998352076,0.9871725133873772,3.06788059194369e-06,5.891740893398081e-08,1.6949637429104681e-06,2.0387774530245247e-06,9.638075073839311e-06,1
0.11069678176677607,0.8892671977712127,6.484411700872971e-06,7.736736278309232e-08,3.817698242384658e-06,3.7688838991470747e-06,2.187210080613473e-05,1
0.1218187743096102,0.8779524269847994,5.938394706261417e-06,6.743722012243769e-08,3.8765731030254955e-06,3.762452564090773e-06,0.000215153847996894,1
0.08174938858534762,0.9140244741273369,2.6506958347565405e-05,2.596969957342202e-07,1.5470202030940242e-05,1.5313731246707277e-05,0.004168586698694624,1
0.07129416588832596,0.9236820774789295,2.753083643103818e-05,3.145768758789623e-07,1.550733313227112e-05,1.6457519209527428e-05,0.004963946367095635,1
0.4336491689844339,0.5648766291266866,2.186162183822128e-05,2.3525386850981682e-07,1.3314807024638829e-05,1.139353260861599e-05,0.0014273966735396844,1
0.8206829785135884,0.017099924079370065,4.469392526349872e-05,5.274310714298635e-07,1.9794836844094526e-05,2.7175610930843142e-05,0.1621249056029316,0
0.8200297289270098,0.017743473905457618,5.0891218417586614e-05,5.936298787868416e-07,1.9322262649213053e-05,2.7176266026900374e-05,0.16212881379056035,0
0.8420137584753767,0.011999846314910216,4.0940566917954575e-05,3.807738908595148e-07,2.2500438829180453e-05,2.489342592513626e-05,0.14589768000414974,0
0.9431414752557177,0.031009002314654026,5.8543850566545146e-05,4.782012553776564e-07,2.7927948396932387e-05,3.425017610811991e-05,0.02572832225330107,0
0.9528240262612253,0.035347395347450114,5.120182285916231e-05,4.1653940568534564e-07,2.4326768063546927e-05,2.76438939650773e-05,0.011724989367031226,0
0.8255470548300461,0.1536395636403441,4.427088205142044e-05,3.496075707244501e-07,2.1934688968902664e-05,2.2837019268050725e-05,0.02072398933175066,0
0.7240730269434955,0.23879088440425772,4.9662115130878836e-05,4.3959345249968793e-07,2.3751239532779798e-05,2.60373508403919e-05,0.03703619835329018,0
0.6679592302012061,0.30059413244942157,4.560236259824788e-05,4.0365779757620407e-07,2.180963566447471e-05,2.3908863144313966e-05,0.03135491283016774,0
0.5666495282998525,0.4181588122732202,2.9641119475491562e-05,2.5938288075535524e-07,1.3479100269212144e-05,1.4875732127873128e-05,0.015133404092173936,1
0.584904776102833,0.39916614619285246,3.107835831037436e-05,2.7195983992296067e-07,1.4937650279799095e-05,1.5597026744602125e-05,0.01586719270913997,1
0.37680088975019066,0.6131215004268861,1.7466980029139024e-05,1.5608928783577596e-07,7.334708951493957e-06,8.95179522686194e-06,0.010043700249427905,1
0.3292646233232504,0.6609267817007901,1.3213677645728416e-05,1.3219439891568686e-07,6.019499421524438e-06,7.322740509358565e-06,0.009781906863984067,1
0.2751522974210958,0.7234224993454494,1.1769573383746203e-05,8.336745313576551e-08,5.6887097088032815e-06,6.794103623561858e-06,0.0014008674792852327,1
0.37375504039266155,0.6249648061333755,1.4622773202680115e-05,1.3600129814272087e-07,7.033404187757924e-06,8.44114167638844e-06,0.0012499201535979636,1
0.4018703334316646,0.5977665557292821,1.4130444365490183e-05,1.385072826436971e-07,5.906755442918184e-06,1.058252962486869e-05,0.0003323526023373089,1
0.5135295020329094,0.4849734695069636,1.7725093544971686e-05,1.7657879243256532e-07,9.106243227148987e-06,1.3045670040305521e-05,0.001456974874522363,1
0.5332991374352017,0.46530963024297484,1.9816772611217995e-05,1.8541945796782217e-07,9.54904219257092e-06,1.4880111916282932e-05,0.0013468009756454392,1
0.6934829507947691,0.305227793940943,2.2884052505825493e-05,3.3770026472327235e-07,1.6067237175650044e-05,1.8258141557834712e-05,0.0012317081327836877,1
0.6634786510665033,0.3250144426491713,2.980825069433332e-05,3.0108914138200245e-07,1.7693120132343074e-05,1.981130329664092e-05,0.011439292521060717,1
0.8097400183341018,0.18832063369076388,1.2795775705822535e-05,1.810592013136953e-07,1.8600486776515348e-05,9.882679285634997e-06,0.0018978879741651613,0
0.905588079001068,0.09244283953072287,1.7935476313838188e-05,2.3625266847650458e-07,1.9311278343998768e-05,1.4343210250294466e-05,0.0019172552506327802,0
0.8772179922468001,0.12020143872481016,1.833728650518642e-05,2.5569823329042053e-07,1.9064395441414134e-05,1.552377606722391e-05,0.002527387872142698,0
0.8781097304655898,0.1187080790240115,2.070043965819824e-05,2.525214873112353e-07,1.8827543036198946e-05,1.533091164040046e-05,0.0031270790945766465,0
0.8749513431585842,0.12148059967180616,2.2391608910692585e-05,2.5503753301697807e-07,1.9687454699663826e-05,1.5483664084593096e-05,0.0035102394043817877,0
0.8600862414950755,0.136395348099917,2.0190334029661236e-05,2.507045390899995e-07,1.9352972081979355e-05,1.5220602324026853e-05,0.0034633957920329104,0
0.8876707383876502,0.10702750210075479,1.536674668083759e-05,2.336008847542936e-07,1.7763510451075335e-05,1.4224132946817722e-05,0.005254171520631456,0
0.8894744228944187,0.10537222897610966,1.721675518800065e-05,2.3568140577299847e-07,2.2516856203457664e-05,1.4187347969960465e-05,0.005099191488704333,0
0.8647722616585425,0.1243579925820548,2.178025056146358e-05,2.5422284357191225e-07,2.156576063732604e-05,1.3807588041176484e-05,0.010812337937319094,0
0.07276123534907604,0.9271943493813284,1.6966674368471608e-05,6.434753681751301e-08,8.907115899772623e-06,7.040971421491475e-06,1.1436160369256884e-05,1
0.04553149973036946,0.9544184817061957,1.2597465499638593e-05,6.960858347674059e-08,7.129651238056355e-06,5.179591144394453e-06,2.504224696905072e-05,1
0.012342110227901453,0.9876402434318491,2.9841361209973513e-06,5.7309130158834946e-08,1.5943114873458738e-06,1.983124589732121e-06,1.1027458921409905e-05,1
0.10870790737431953,0.8912075430008406,5.279584863011278e-06,5.99556856984555e-08,3.045602516720428e-06,3.0617574134969988e-06,7.310272436103314e-05,1
0.15109468117191244,0.8486883042205609,6.419740966590035e-06,7.290345389747908e-08,3.521794800257805e-06,4.06742428809547e-06,0.00020293274401779642,1
0.06310137338478088,0.9307297773839928,2.0395421463716392e-05,2.0739806366863924e-07,9.771667849421294e-06,1.2228695960504359e-05,0.006126246047888951,1
0.07847623578441096,0.9151146197657053,2.7884449775339822e-05,2.824527026017108e-07,1.647861631034805e-05,1.3472031470471527e-05,0.006351026899624985,1
0.782235533656546,0.013020028881736737,4.681761432532552e-05,4.215849057259516e-07,2.322365681409126e-05,2.4598295575284128e-05,0.20464937631009683,0
0.9706317483150899,0.017330321761332715,5.054019987495451e-05,4.551061754577196e-07,3.4017818697790906e-05,2.8856551768208227e-05,0.011924060247061326,0
0.9482328738693839,0.031929888329484436,5.8859890193084075e-05,6.613172674891892e-07,2.8078712965643705e-05,3.063165717258779e-05,0.0197190062235329,0
0.9507094424021,0.035502346657273615,4.7892780546226376e-05,4.5001995625366604e-07,2.442232189436806e-05,2.6654918128387817e-05,0.0136887909001011,0
0.9160528855655456,0.06919013222240467,5.857721046807168e-05,5.125962131890503e-07,2.783092736338697e-05,3.0361342659600065e-05,0.014639700135345475,0
0.8644980272723191,0.12703508231189356,3.768892351180599e-05,4.339847373425897e-07,1.7043301007406137e-05,1.9785660401253022e-05,0.008391938546129395,0
0.5407184840730891,0.44242139348070036,2.9146532848297402e-05,2.5799595867820786e-07,1.2781570051220439e-05,1.3821774967097258e-05,0.016804114572385162,1
0.49049115955735195,0.49363916213729403,2.7432639184241984e-05,2.428251100139108e-07,1.2088770023161582e-05,1.392613606560726e-05,0.01581598793497092,1
0.3604233179448785,0.6268580015275439,2.0034721738974583e-05,1.7903526786013202e-07,8.412951330705266e-06,1.0267758143380674e-05,0.012679786061096852,1
0.3998283374934218,0.599120492060248,1.5439131730417843e-05,1.43593963226377e-07,7.122880573999987e-06,8.912392778751091e-06,0.0010195524472838586,1
0.28913407822868814,0.7106613372517607,1.0078528447462112e-05,7.646622246843577e-08,4.2391763383547284e-06,6.96145654129912e-06,0.0001832288920016452,1
0.50824409351779,0.4905057966406785,1.786909062921922e-05,1.7801330284492095e-07,1.0764767745357371e-05,1.42857599625778e-05,0.0012070122098914516,1
0.6862690884739665,0.31247249761146645,2.2993876048316146e-05,2.466889319438451e-07,1.667985994739255e-05,1.9815163880154973e-05,0.0011986783257591233,1
0.6258946114333328,0.3739360857699655,2.606099458989481e-05,4.3206960856984934e-07,1.840134035970469e-05,1.937178313354998e-05,0.0001050366090101235,1
0.7906639980644637,0.20618136240808424,1.902552868187786e-05,2.4656193590571003e-07,1.8383209717245875e-05,1.4969099435873391e-05,0.0031020151276809882,0
0.0277669248867854,0.9721862503596259,1.107258945276049e-05,3.3902600756227284e-08,8.755837535816023e-06,4.951447293588485e-06,2.2010976705662685e-05,1
0.06671335939157962,0.9332530520938295,6.1001922926083594e-06,8.363975060277384e-08,3.282997421905164e-06,3.5455670574121e-06,2.057611806831664e-05,1
0.1248847281267429,0.8749931248142042,7.396201685211233e-06,8.39922749812547e-08,4.354514715676058e-06,4.298836460751609e-06,0.00010601351391630945,1
0.16234728188290487,0.8372740368593086,8.119073597809792e-06,9.220130700110942e-08,4.683601386193887e-06,5.14408872888019e-06,0.00036064229276659964,1
0.6101620875826481,0.3877396384217443,2.9051824902155176e-05,3.2457301028943334e-07,1.6367061556216786e-05,1.697177307361556e-05,0.0020355587630653264,1
0.41234171776564127,0.5865442628039326,2.1497710996479137e-05,2.3223890441144074e-07,1.3144167258286095e-05,1.1456205709720764e-05,0.001067689107557,1
0.47409314541730824,0.524456998244459,2.611943497287079e-05,2.821004799608274e-07,1.59662133338295e-05,1.3637543708566983e-05,0.0013938510457374657,1
0.4935727949123005,0.5047378949625915,2.6016543447025902e-05,2.9059348582906314e-07,1.4824136771249051e-05,1.3799444663208179e-05,0.0016343794067408364,1
0.4928709242096776,0.5050525031224574,2.6972428908712348e-05,3.014282439369842e-07,1.6477149909795716e-05,1.4306456232972078e-05,0.002018515204569448,1
0.5609074426913122,0.4371509765607564,2.6042088240464542e-05,2.7095869428418387e-281,1.8387600426814274e-05,1.3658386680479261e-05,0.001883492672583576,1
0.6031596966077644,0.3943794851083482,2.8003796788262003e-05,5.83323133737626e-07,1.9772708740621384e-05,1.3073524189240723e-05,0.0023993849310355118,1
0.09556539808478944,0.8995789353442284,3.448710347646446e-05,3.493336128312947e-07,1.704136300648525e-05,1.6285170362494105e-05,0.004787503600524032,1
0.8764901071987896,0.009039056249904273,4.3116644775118095e-05,5.515936452528757e-07,2.2203164755385615e-05,2.5168322316652494e-05,0.11437979682581342,0
0.5953145045002384,0.3969211037673614,3.195606413453685e-05,2.8775909408616604e-07,1.4222617805616638e-05,1.6503121518735264e-05,0.007701422169847363,1
0.3168166376161893,0.6751145426681832,1.6795652671499993e-05,1.472699480261285e-07,7.39568391025245e-06,8.446001875462073e-06,0.008036035107222256,1
0.3813033263417508,0.6184750500523558,1.3166029395478272e-05,1.1357701953558064e-07,4.843584146098648e-06,8.677754346184679e-06,0.00019482266098616737,1
0.2748458234241254,0.7249426907296672,9.667062878742463e-06,7.391764131031527e-08,3.996423938383127e-06,6.677248416093695e-06,0.00019107119333287715,1
0.4485969263274911,0.5502314791428832,1.5942687715825667e-05,1.5882232372130964e-07,7.731175725231935e-06,1.1733819230268326e-05,0.0011360280246306195,1
0.5620311418659986,0.4367411288101863,1.980203267411465e-05,1.972694253169287e-07,1.3671965863847161e-05,1.5831084604325222e-05,0.0011782269712473958,1
0.6725432009685121,0.3265422628056232,2.6792614680257347e-05,2.5779664662266753e-07,1.6344404637784618e-05,2.0707385452320893e-05,0.0008504340244478493,1
0.7282833392231018,0.27151404416124897,2.3518038713570135e-05,2.743143020512232e-07,1.786996868706586e-05,1.6918968623059466e-05,0.0001440353253235025,1
0.7234598575353454,0.27406288496921066,1.981409687837323e-05,2.1093867771534082e-07,1.5727204345939946e-05,1.1774845038542253e-05,0.0024297304105034088,0
0.7597877393340902,0.23526922454997776,2.2194186596565928e-05,2.3627684887102084e-07,1.7616372325154976e-05,1.4020238092011397e-05,0.004888969042069562,0
0.08619354418448012,0.9137453019626643,1.5140539684693715e-05,5.742176773359075e-08,9.194537995164537e-06,6.935425954370252e-06,2.982592745374349e-05,1
0.03228428511862659,0.9671483699522472,1.2051417037545467e-05,3.689962335493603e-08,0.0005259106841846613,5.389160008961041e-06,2.3956768271355644e-05,1
0.03421409537908772,0.9649495625975396,1.219917539461874e-05,3.735203718366355e-08,0.0007953605305078535,4.494471310882023e-06,2.4250494121978238e-05,1
0.028289763802029758,0.9716870147202963,3.8676974176036724e-06,7.427752730791226e-08,1.8116844533904775e-06,3.175281788209465e-06,1.4292536487515545e-05,1
0.030728720772668423,0.9692411832472262,5.415403251404091e-06,1.0400063442600912e-07,2.711433655595951e-06,3.5988369550600213e-06,1.8266305608669807e-05,1
0.0652554072775976,0.9295604809604362,2.1875827033069283e-05,2.2165000345444235e-07,1.2322027999239944e-05,1.3077039795825078e-05,0.005136615217134743,1
0.08321421101852385,0.908823276403279,2.707095719284494e-05,2.810288209260259e-07,1.6224078409451555e-05,1.657014509418994e-05,0.007902366368679964,1
0.08672734628790887,0.9069282645037389,5.092302935732197e-05,3.985925234975457e-07,2.5819907127488137e-05,1.820990081207321e-05,0.006249037778531931,1
0.8729963708212772,0.011394494016943734,4.733476134434928e-05,4.735540317768066e-07,2.32723087077835e-05,2.7630548167883103e-05,0.11551042398952728,0
0.85849803364388,0.014509592660439045,4.654864658703776e-05,4.6568945609941056e-07,2.228090113179526e-05,2.6244597568563562e-05,0.1268968338609373,0
0.9461317071436831,0.033252516768997153,5.0738028703413345e-05,4.4579896434575375e-07,2.2812609024881536e-05,2.640490656298388e-05,0.02051537474406414,0
0.5841083921458844,0.41104507367852694,2.3689646290740427e-05,2.707065732797191e-07,1.0419197834023728e-05,1.2140900272269382e-05,0.004800013724618451,1
0.31074115763293736,0.688978740592514,1.680601966287406e-05,1.5249934815844965e-07,5.465107936052139e-06,7.553996271429856e-06,0.0002501241513301667,1
0.2721698671977927,0.7276157642025348,8.85739821166487e-06,8.402022101967934e-08,3.921919964470277e-06,6.183668228671652e-06,0.00019532159304669238,1
0.23378650001353932,0.7660111859118865,7.378601842406012e-06,5.954580710980797e-08,3.0451627077567634e-06,5.15126730158923e-06,0.00018667949691515885,1
0.21182888631573493,0.7875633978811379,7.542037237534122e-06,4.52954335107877e-08,3.128712537720282e-06,5.4012091346436785e-06,0.0005915985487837436,1
0.3214879987484351,0.6776354510747545,1.4320568764326874e-05,1.7613215292440745e-07,5.671521615131231e-06,1.0467212742758445e-05,0.0008459147415350904,1
0.5000736989893142,0.49881153918925936,1.8666892182377344e-05,1.5809499027865174e-07,9.303849243681892e-06,1.268729385002436e-05,0.001073945691160017,1
0.5878682284093397,0.4106776229862566,2.1121212329773145e-05,2.1041119802502624e-07,1.651806627496247e-05,1.6885726068700445e-05,0.0013994131885321733,1
0.7685110886605546,0.23141175130891714,2.0233568468673313e-05,2.647339654679029e-07,1.7032121882096594e-05,1.6309571259638652e-05,2.332003495233339e-05,1
0.14218140263778017,0.8574235506423249,9.838189329454473e-06,1.2441267786862745e-07,0.00035313651874972724,7.6356343195879e-06,2.4311964818323428e-05,1
0.0164651037817446,0.9828360572435854,6.034980343501981e-06,3.835976767460597e-08,0.000676348543536417,2.616856513828862e-06,1.3800234508490968e-05,1
0.023421668006740386,0.976556068018729,3.7698793450061787e-06,7.239897172972813e-08,1.765865077609189e-06,2.724767696175398e-06,1.3931063440173504e-05,1
0.6306041847658478,0.3673163422278923,3.0141919474347743e-05,2.987675122884703e-07,1.7246885012329826e-05,1.7608594952115177e-05,0.0020141768393088758,1
0.4437890705218283,0.5551759162337847,1.853266762779882e-05,2.2706701631953025e-07,1.5233245082890949e-05,1.2276692584780207e-05,0.0009887435720753747,1
0.05581276146922159,0.9367858348409783,2.177687285236465e-05,1.985597290839215e-07,1.1823048542055543e-05,1.497497324044087e-05,0.007352630235436267,1
0.05816012641696565,0.9387396192454335,3.3451624930137954e-05,2.626616672344347e-07,1.8094096280846377e-05,1.225113244273465e-05,0.003036194822280206,1
0.9098806443169544,0.008990913227374353,4.353775005079021e-05,3.8175367832144026e-07,1.805239375639817e-05,2.209430507796255e-05,0.08104437625310779,0
0.8882367358478648,0.009233604182482731,4.6323772985066455e-05,5.566094756732502e-07,2.24152366965728e-05,2.5397186513678838e-05,0.10243496716398154,0
0.9676064974780985,0.016981524055109647,5.689305992949027e-05,5.345902252614931e-07,3.380796672591336e-05,3.4172406587696844e-05,0.015286570443323443,0
0.9747870741693024,0.013690959158052749,4.9435636022374135e-05,4.4176916716961307e-07,5.163805415848786e-05,2.8010902794731436e-05,0.011392440310502044,0
0.9702218413386154,0.016949212494864682,4.960684350290697e-05,5.647542787555758e-07,2.277673816131181e-05,2.8451828254579937e-05,0.012727546002322381,0
0.9447548251811249,0.03610679818872277,5.0664190911053135e-05,4.4515020419079834e-07,2.1748626387944242e-05,2.6366480158610048e-05,0.01903915218249054,0
0.9207999207092017,0.06393744673484307,4.543003048407422e-05,4.2687895958165816e-07,2.085595135622257e-05,2.528426475373174e-05,0.015170635430402042,0
0.9031560652603676,0.08796978811789881,3.450248211197936e-05,3.6265719604951155e-07,1.6988698875733754e-05,1.9795967222386916e-05,0.008802496816327268,0
0.3824665984513264,0.6164253899755098,1.6994456509725364e-05,1.3786946485797615e-07,5.7022786855454385e-06,7.3822211534308825e-06,0.0010777947473502149,1
0.2829380811773994,0.7160403840708621,1.6598149351320444e-05,1.3465437787844236e-07,5.569302743595886e-06,7.210069305776405e-06,0.0009920225759599516,1
0.3879155126572987,0.6117620946137664,1.2401371148698425e-05,1.066918210336185e-07,5.723800640875579e-06,7.388163429231081e-06,0.0002967727018948911,1
0.19189687673440628,0.8078999602900994,6.800892980104294e-06,8.364583433153642e-08,3.5963608276797214e-06,5.318621334709889e-06,0.0001873634545173886,1
0.40797165269415403,0.5910042199509655,1.4934266282607846e-05,1.3596613078743612e-07,9.409737473016503e-06,1.091142895742969e-05,0.0009887359560365216,1
0.7136884839088748,0.2857282785455299,2.3393082737846936e-05,2.0816293002313445e-07,1.9866146119281682e-05,1.670530013146276e-05,0.0005230648536765234,1
0.6547415827404788,0.34485162364642147,2.5681463771653903e-05,2.2945338397593153e-07,1.5195665063634133e-05,1.7971444480495017e-05,0.00034771558639989496,1
0.7694338571736714,0.23041397528385468,1.97078487695059e-05,4.1388760792780903e-85,1.2462313654698516e-05,1.3268333711441427e-05,0.0001067290463381547,1
0.6793503255830272,0.3204747845533884,2.1777870338362986e-05,2.415991362962705e-07,1.3573454557329506e-05,1.6262046138785237e-05,0.0001230348934135787,1
0.6261818199674705,0.3737307914592235,2.390199167378218e-05,4.0166079791440943e-07,1.8780108671499855e-05,1.7367407159071945e-05,2.6937405003789853e-05,1
0.7067192321085929,0.2931982660688505,2.1220661821841315e-05,3.87132551517999e-07,1.6641784460502418e-05,1.898972617287087e-05,2.526251754996801e-05,1
0.7138114747411473,0.28609779522804685,2.0841877574078537e-05,3.8022231876737383e-07,1.7850569110537115e-05,2.5636841939652097e-05,2.602051986269083e-05,1
0.053669312219031755,0.9457824473337965,1.255363433011752e-05,4.761071201743116e-08,0.0005010714287250659,6.271321867022702e-06,2.829645153756338e-05,1
0.02627432898734544,0.9731655866171244,7.511600765763716e-06,2.645676899092411e-08,0.0005317345355554595,3.6349690117605545e-06,1.717683342801854e-05,1
0.014188067352572836,0.9852278791443075,5.104801822539401e-06,3.244733218532511e-08,0.0005652851219753672,2.2135173837809027e-06,1.141761460566702e-05,1
0.026650078477008527,0.9733206492714366,4.2479941668574074e-06,8.153826974465638e-08,6.421820398706946e-06,2.8230286246184996e-06,1.5697870095065454e-05,1
0.04919102703888938,0.9507800705795744,5.296707128440178e-06,1.0166782665728077e-07,2.5595026331748436e-06,3.0785636593969235e-06,1.786594028849518e-05,1
0.07351882652591217,0.9264447473438673,6.305809789329572e-06,1.211005327239441e-07,3.046973299970893e-06,3.6652263276769254e-06,2.328702027080692e-05,1
0.10601630645734238,0.8938748764116285,6.6906211682013275e-06,7.597960640778823e-08,3.85957858373635e-06,3.888896378653895e-06,9.430205529199129e-05,1
0.34407594193600166,0.6551833601732773,1.2942268894912109e-05,1.4697417054977855e-07,7.728821109776112e-06,8.199972416362096e-06,0.0007116798541293684,1
0.07502795085284517,0.9136946464750736,2.1679313907782807e-05,2.196588954230639e-07,1.2211337773524698e-05,1.409487274702131e-05,0.01122919748875716,1
0.6589467464832787,0.3392411113259915,2.803608680995224e-05,2.778944425766131e-07,1.565752223991367e-05,1.6378389475127172e-05,0.001751792297762229,1
0.37103822307111006,0.6282760686775996,1.6696264085188963e-05,2.2836637021762345e-07,1.2406563061638465e-05,1.1941172217377565e-05,0.0006444358855559369,1
0.3906989225829167,0.6084320283776563,1.8630415529370762e-05,2.547608436698642e-07,1.5011339994173205e-05,1.2322323789719051e-05,0.0008228301992699895,1
0.3926037497229432,0.6067083698902144,1.9181634717175294e-05,2.3501832822096683e-07,1.6050143977266917e-05,1.2942353676088136e-05,0.0006394712361435586,1
0.055527143322180804,0.9410943154658472,1.892175220723199e-05,2.154708066420566e-07,1.2830002428378546e-05,1.6250372512329782e-05,0.003330323614017397,1
0.8720593573592945,0.013433457785622242,4.7283955510462854e-05,4.0547606403444456e-07,1.989216822343589e-05,2.850545914755195e-05,0.11441109779613765,0
0.9184813665453411,0.011164731837933622,3.8203243304626195e-05,3.8219903048091947e-07,1.816284427370571e-05,2.3406950473207148e-05,0.07027374637964316,0
0.9591286074222493,0.024319392056940937,4.33178766151082e-05,5.164553539442666e-07,1.9733056864454506e-05,2.6883270042965433e-05,0.016461549861933374,0
0.9588024729819999,0.030881516853264648,3.662829321026173e-05,4.6858780122192666e-07,1.8035428339956064e-05,2.3234735542761564e-05,0.010237643119841206,0
0.8962584392593199,0.09627970341170225,3.610351800429447e-05,3.611926209553213e-07,1.886147637270571e-05,2.0714569366524555e-05,0.007385816572613143,0
0.32676980543214657,0.6713253955663395,1.7250489289323368e-05,1.399465599559616e-07,6.009373654870781e-06,8.139621910442928e-06,0.001873259570099313,1
0.16258225317540262,0.8371943496045137,7.69111921733758e-06,8.041998771703784e-08,3.4576652370003002e-06,5.113505840752715e-06,0.0002070545098006431,1
0.16567846280850637,0.8337145009065958,7.064437263947263e-06,7.068458627782369e-08,3.1444123097093215e-06,5.524725482325304e-06,0.0005912320252556784,1
0.3964944252115919,0.6023644742936745,1.3950221337458607e-05,1.352245584628721e-07,9.358415861884453e-06,1.3525530359483281e-05,0.0011041311026164838,1
0.442257129652684,0.5565989720367107,1.6303453359852023e-05,1.580352905287772e-07,1.0937066361566989e-05,1.437052675493139e-05,0.0011021292288382856,1
0.6175388359524375,0.3819383369649519,2.218712624071204e-05,2.0759812922754306e-07,1.4471142518317305e-05,1.6066970128476323e-05,0.00046989424559390263,1
0.6513785639999887,0.34823460266160927,2.3306057968914882e-05,2.3217680414904292e-07,1.590311483210627e-05,1.7269919688714362e-05,0.00033012206910814403,1
0.6480767491675564,0.3516157692514631,2.3278079242541334e-05,2.3189807785040267e-07,1.5357566137638243e-05,1.7096714052561945e-05,0.0002515173234701208,1
0.6461726411592946,0.35366218560097085,2.4602266772578216e-05,3.843478377693772e-07,1.6497143265563107e-05,1.8620765337620103e-05,0.0001050687165209328,1
0.029651108118429224,0.9695399909220547,9.063378070284143e-06,1.115418669334539e-07,0.0007737814257774051,5.778665466352219e-06,2.0165948335367897e-05,1
0.01455933482210504,0.9839275742033027,8.958574354958418e-06,5.43154948874785e-08,0.0014810247861371593,3.5128630832409553e-06,1.9540435522193145e-05,1
0.049190943677783545,0.950778459349176,5.296698152425849e-06,1.0166765436686586e-07,2.559498295738064e-06,3.078684287445497e-06,1.9560424650392154e-05,1
0.2256418215147058,0.7742408058242033,9.778197624789524e-06,1.1098436514837485e-07,4.830975946703566e-06,6.167376681610837e-06,9.648512647269763e-05,1
0.38213753612098067,0.6175306557206202,1.6410707685099175e-05,1.991423526545702e-07,1.1902148658120262e-05,1.1674739526505407e-05,0.0002916214201767665,1
0.4018373623576184,0.597802375043134,1.7902777567473282e-05,2.150200506476642e-07,1.3454734039973182e-05,1.0629506998656275e-05,0.000318060560590746,1
0.5117813683419318,0.48799586767835895,2.076440497341454e-05,2.4995028663594537e-07,1.573850202890793e-05,1.3702659352255456e-05,0.0001723084630680863,1
0.0679095211315505,0.9239934893637382,2.854041051869454e-05,1.9697535742514958e-07,1.821177262332884e-05,1.4855483133849345e-05,0.008035184863077905,1
0.906524770430142,0.008497014853195711,3.606255184063877e-05,3.607827806727337e-07,1.6864448465131e-05,2.088059729537737e-05,0.0849040463362805,0
0.904711345295164,0.010476685878933748,3.696782031515728e-05,3.6983941313001037e-07,1.8853785916074872e-05,2.3593368718206184e-05,0.08473218401153977,0
0.9628204157669,0.022287676578839535,3.787839629451742e-05,3.5229371311555383e-07,1.9561066004015904e-05,2.5028460880060236e-05,0.014809087437368593,0
0.30776846831496774,0.691274380977644,1.9650791919227863e-05,1.394434847190592e-07,7.044732819217213e-06,9.158667563579918e-06,0.0009211570716017508,1
0.25600211793890204,0.7438280032655491,9.305369534970422e-06,9.591888341766322e-08,5.132022606414375e-06,5.4892574534071245e-06,0.00014985622707064687,1
0.15582742352365847,0.8439824894406617,7.527230057925521e-06,6.588817615619617e-08,3.670133144596906e-06,5.149836830951078e-06,0.00017367394747042696,1
0.14205597150138385,0.8574193086445508,7.900982439254432e-06,7.425071134719812e-08,4.098442986895324e-06,6.541036208448966e-06,0.0005061051417194317,1
0.3458235587326447,0.6530771847227254,1.3295364923803068e-05,1.2266054490625088e-07,8.800980132628545e-06,1.2268843343983078e-05,0.0010647686956846622,1
0.3841835963661477,0.6148307435244816,1.4824573792953226e-05,1.349674567908335e-07,9.344863002438784e-06,1.2272913488930747e-05,0.0009490827916294993,1
0.5522969395752647,0.4472055172255663,2.0690740458466833e-05,1.8837483342191653e-07,1.2660134435958206e-05,1.3698684137967604e-05,0.0004503052653031267,1
0.5626237041933281,0.4363456567226413,1.8794293953727773e-05,1.8217991242117846e-07,1.2677665609090433e-05,1.409973790116003e-05,0.000984885206654149,1
0.6738532345497997,0.3256998806970876,2.1795650020866452e-05,2.1712999997448322e-07,1.4107273546143943e-05,1.5066081311162838e-05,0.00039569861823453246,1
0.6703412103285774,0.32932743419824145,2.2040670896902725e-05,2.19570917439967e-07,1.503966568338655e-05,1.4779325973108898e-05,0.0002792762397104781,1
0.014698733536930401,0.9842051263209355,9.597231549895614e-06,5.8187649120061814e-08,0.001061787953567529,3.7632952607335e-06,2.0933474106680392e-05,1
0.028192104470885104,0.9712725695165513,8.028132914773632e-06,2.9467352491907596e-08,0.0005016681471165092,3.096645299651707e-06,2.250361988025749e-05,1
0.03842938032604495,0.96123918810176,6.687156755632663e-06,7.239844284035985e-08,0.0002947489849638371,3.975787057315317e-06,2.5947244975556975e-05,1
0.030975071105438002,0.9689973766168866,5.207536308965336e-06,1.0000863366702239e-07,2.7821904301668867e-06,3.460697799127364e-06,1.6001844503680065e-05,1
0.03328261994388835,0.9666894236824779,4.752816416224294e-06,9.127592159817793e-08,2.390399857214849e-06,3.158511114548872e-06,1.7563370324205984e-05,1
0.03744309896815139,0.9625229212057088,5.779053899450617e-06,1.1092624829824283e-07,2.8936550928003086e-06,3.840503056394588e-06,2.135568784292128e-05,1
0.05651613639374482,0.9434535023574357,5.25589149995782e-06,1.0088438967637406e-07,2.5397794908447063e-06,3.054965586443245e-06,1.9409727852525724e-05,1
0.1118101003774599,0.8881396304148592,8.557896400551986e-06,1.1733733729899949e-07,5.015875037854846e-06,4.974242523127171e-06,3.160385638214879e-05,1
0.4229921265183027,0.5768826998792445,2.3933718822885288e-05,2.817332470545024e-07,1.7698504996238496e-05,1.3155021296873374e-05,7.010462408986291e-05,1
0.3555573337069016,0.6442325524442881,2.1137014611080044e-05,1.880684565365988e-07,1.8344947094909865e-05,8.921815277605519e-06,0.0001615220033702222,1
0.043247774048633024,0.9548601875071162,2.4768705906519034e-05,2.3822331301983613e-07,1.559395070418137e-05,1.2226735930421816e-05,0.001839210828396595,1
0.9205168060328064,0.008580439562347473,4.5263554258319894e-05,4.0448640447924126e-07,3.049813964049956e-05,2.5031243566775538e-05,0.07080155698097593,0
0.9780789313128472,0.014626478344465415,3.500440335124062e-05,3.2054341794422086e-07,1.628435500119474e-05,2.1995795042052353e-05,0.00722098524587514,0
0.930039062541928,0.0640579986129171,3.863070698541533e-05,3.482254596552557e-07,1.828849360916018e-05,2.129798381059723e-05,0.005824373435290206,0
0.17232764451939067,0.8274625688025095,7.650499131587747e-06,8.231771287853774e-08,3.5392581159172523e-06,5.234172716898199e-06,0.0001932804304226899,1
0.14484594624967426,0.8546138222865817,7.372552554247382e-06,7.376749309785896e-08,3.5725341237704695e-06,6.49846761875923e-06,0.0005227141419540035,1
0.16955985765908452,0.8297871803108289,8.668058256822249e-06,5.205801086284417e-08,4.046884284944201e-06,7.03382988517515e-06,0.0006331611996485476,1
0.3458379501263541,0.6531043624283808,1.2654601938919507e-05,1.2266564940578476e-07,7.025160959228936e-06,1.398960307759874e-05,0.001023895413640009,1
0.3810967917214423,0.6179139957927431,1.374682809851288e-05,1.3325299397902282e-07,8.141502762630324e-06,1.2117013286988357e-05,0.0009550738886724536,1
0.6074603698686694,0.39175319212587195,1.919126301484514e-05,1.8602787760499083e-07,8.753609694331985e-06,1.2896189095605614e-05,0.0007454109157764359,1
0.6097949455330661,0.38980288469367697,1.9857120318038383e-05,1.978182128094927e-07,1.2852556721046308e-05,1.4502589590304702e-05,0.0003547596884146445,1
0.686221152623839,0.31361652002990215,2.2072683173349924e-05,3.74351741631149e-07,1.7412082307730776e-05,2.9064317628969674e-05,9.34039114074255e-05,1
0.014857341007511907,0.9841145575781163,5.9802004778125454e-05,7.251259714075824e-08,0.0009129214315648404,3.3223236235143166e-05,2.208222919631345e-05,1
0.016946453049810774,0.9824982612435192,8.948935348379605e-06,4.132424569814271e-51,0.000523735636580755,3.509083407030411e-06,1.909205133391305e-05,1
0.017442493202117992,0.981340391725078,9.581702840036034e-06,6.346949787873928e-08,0.0011765065767195876,4.104899651047136e-06,2.6858424095216216e-05,1
0.43970143608889617,0.5601947760444647,1.7237384561108907e-05,2.4422008704058034e-07,1.5112735160167316e-05,1.3134783124412838e-05,5.8058743706362524e-05,1
0.5517317390712817,0.4481753599120399,2.356784202021434e-05,2.7645592497175745e-07,1.7863383512652118e-05,1.5412410399494798e-05,3.578092482091063e-05,1
0.07732919780343021,0.9185477216938998,3.788892068677298e-05,2.614953169591488e-07,2.3162816589522532e-05,2.0087366447524573e-05,0.0040416799036294,1
0.05915891840935445,0.9395450283711047,2.7921921710644795e-05,2.7415835448161364e-07,1.7332987679488546e-05,1.4332170315826529e-05,0.0012361919814804286,1
0.03614518812400532,0.9631761184075042,2.0533093886811775e-05,1.9738208355532504e-07,1.2485538556497033e-05,1.0534630588381938e-05,0.0006349428233749924,1
0.9444085322371415,0.010098219720810193,3.518124363023697e-05,3.2137350072544207e-07,1.7529069589466955e-05,2.2831755979012997e-05,0.0454173845993488,0
0.9866169371697786,0.009840434805179883,4.138451963551212e-05,4.2932252788737415e-07,1.852562019649828e-05,2.385217454660315e-05,0.0034584363881352814,0
0.9362941145129142,0.05305309436850201,3.7810374539419904e-05,3.453900765187832e-07,1.8839035182248804e-05,2.2194452755613e-05,0.010573601866029908,0
0.934169457980085,0.05825766354034743,4.86068398358099e-05,3.9432852664429017e-07,2.262286967427798e-05,2.3670457745398645e-05,0.007477583983785469,0
0.9606081863071065,0.03457764124338144,5.524040534276322e-05,4.0192253147822936e-07,2.2177693696112283e-05,2.5827176988464596e-05,0.0047105252509533355,0
0.3098959781513785,0.688902924647359,1.660152689679924e-05,1.3483250039735413e-07,6.808693449873753e-06,9.793017846347847e-06,0.001167759130569039,1
0.29032659867247895,0.7090061531944813,1.6581267498248066e-05,1.2648430976736348e-07,6.390030842454936e-06,8.441420011242948e-06,0.0006357089303779851,1
0.26279643696835525,0.7366461488973539,1.3561616788828715e-05,1.1014328455661835e-07,5.5619517393667236e-06,7.350838440517547e-06,0.0005308295840376024,1
0.1539884946790429,0.8457508318677396,6.856870041656542e-06,7.260456403851263e-08,2.9072429444694793e-06,5.1150186166712075e-06,0.00024572171705036186,1
0.3730977822715702,0.6250414461455981,1.4853722697312606e-05,1.292653694384147e-07,6.878134185361567e-06,1.2224815795804166e-05,0.0018266856447837873,1
0.4977252955634917,0.5015177413118469,1.627758520485568e-05,1.8237594619656552e-07,7.424609184883781e-06,1.0276057323095048e-05,0.0007228024970023706,1
0.0150278501882613,0.9831424746994085,0.0005023476537241593,7.057385022274468e-08,0.001259186553798305,4.657850750430256e-05,2.1491823453237944e-05,1
0.01711006100824232,0.9822704299648607,2.8605003128818976e-05,5.523703670757649e-08,0.0005511225020075249,2.0289395629733423e-05,1.9436889094118578e-05,1
0.025242177752704903,0.9739112295275159,9.819907690092709e-06,6.504737422053176e-08,0.0008049746807273541,4.206949048967276e-06,2.752613493859857e-05,1
0.04322977145657271,0.9563444395169965,7.757319818966947e-06,8.398455367968028e-08,0.00038360751759271484,4.240554486887434e-06,3.009964997858581e-05,1
0.0255505368570378,0.9744082243615586,6.713098810238269e-06,7.271740442975948e-08,8.793054054769797e-06,4.000147744908261e-06,2.165976338919234e-05,1
0.04931231535581649,0.9506454428651495,6.68236682902981e-06,7.584610872746573e-08,3.47760157539387e-06,4.840848343211596e-06,2.716511617792222e-05,1
0.47485004957944976,0.5250488368317503,2.0056535830475404e-05,2.346903110725928e-07,1.414820464664855e-05,1.2622247312635166e-05,5.405191069913667e-05,1
0.4685203648765621,0.5313768068476732,2.0613370729776563e-05,2.5008211364393924e-07,1.4946667314361345e-05,1.3450057961293325e-05,5.356809764571584e-05,1
0.03033346805975665,0.9690969318146668,1.7699857471572795e-05,1.7014653347566178e-07,1.131747544721098e-05,9.081021153358379e-06,0.0005313316249711232,1
0.05518867412140367,0.9438408498864242,2.5603095312155387e-05,2.556251689872532e-07,1.7604756454679166e-05,1.3370316738034437e-05,0.0009136421984981248,1
0.9481029649681614,0.011231807665331188,4.378930766334327e-05,3.5524574796443286e-07,2.02815510966207e-05,2.357610265495909e-05,0.04057722515934463,0
0.9512947093295924,0.04580869495033326,3.717827185985361e-05,2.871955135909792e-07,1.6642709643699473e-05,1.9381375422765537e-05,0.002823106167634817,0
0.7254858351907545,0.2714704148607147,2.6090416958731596e-05,2.116614804341231e-07,1.162247544461869e-05,1.3601174576371418e-05,0.0029922242200706326,0
0.22123251771932068,0.7782592064490498,1.3527378633649674e-05,1.0559565068992957e-07,5.332307960386893e-06,7.047334491318797e-06,0.00048226321489373586,1
0.14673186616303727,0.8529762797835075,1.0587388024911957e-05,8.598751241074768e-08,4.688793678289211e-06,5.834608811848239e-06,0.0002706572754278043,1
0.19087153400201304,0.8089726964653311,8.241628535791207e-06,8.635799355966561e-08,4.668157811748961e-06,5.375052246330431e-06,0.00013739833606839208,1
0.15971782368413137,0.8400205069400858,7.6244311032421075e-06,7.211263695136744e-08,3.400630282781304e-06,5.080362169902133e-06,0.00024549183958979853,1
0.13596067664423975,0.8637676054706886,7.091248626226072e-06,6.734190578825629e-08,3.3522121998030323e-06,5.932412445817815e-06,0.00025527466989409966,1
0.3778504704394719,0.6200320460203945,1.4605191138122853e-05,1.2710250936148723e-07,7.552081600307488e-06,8.817318420595618e-06,0.0020863818464651163,1
0.5880455239021878,0.41167928660086145,2.080135319913437e-05,1.953877165716521e-07,1.2673014481168835e-05,1.95783731599773e-05,0.00022194136839384936,1
0.6173837071027231,0.3823276876162686,1.9442187196077085e-05,2.782558761637555e-07,1.301250391187002e-05,1.9899240590840192e-05,0.0002359730934334794,1
0.6734336006439532,0.3263864080629124,2.1064773756548973e-05,3.0147827601425886e-07,1.0228195612835259e-05,1.7324497863089383e-05,0.00013107234762614495,1
0.699386451599393,0.30041270692790156,2.1287034244152667e-05,3.521416688351499e-07,1.435166169485934e-05,1.634578071141626e-05,0.000148504854385948,0
0.6748055491494376,0.3249996037421365,2.1045753823311694e-05,3.4815027721724394e-07,1.460796168716276e-05,2.138605877349666e-05,0.00013745918386484234,0
0.6747312543691575,0.3250856995155729,2.3257714814356108e-05,3.8508141723097525e-07,1.658137896732758e-05,2.656378415286307e-05,0.00011625815591775509,0
0.01780266369577811,0.9790064525340071,0.0011143677108221366,9.156297024929967e-08,0.0019300809263015364,0.00012379065202609434,2.2552918094649103e-05,1
0.01868971364259251,0.9795459524257834,0.0004814811304449092,6.764235272760994e-08,0.001214789946126409,4.7847115189557624e-05,2.0148097510597047e-05,1
0.038667110440287734,0.960264923254883,1.1249974784156327e-05,4.1293159444303316e-08,0.0010203206834690495,4.819604441583655e-06,3.153474897497686e-05,1
0.021621954153047487,0.9783304974308966,6.921065175742587e-06,7.497013073926971e-08,1.4097546345417215e-05,4.124069083101611e-06,2.2330765320947605e-05,1
0.029418122672250135,0.9705415344715946,6.381963933381636e-06,7.247441270186855e-08,3.3212675084550995e-06,4.623230110495456e-06,2.5943920190144987e-05,1
0.14044389225370185,0.8594826875701829,1.2791929947887163e-05,6.813806963293381e-08,6.343366750674211e-06,8.104720553746715e-06,4.6112020793383584e-05,1
0.47485073511576925,0.5250495948395624,1.9344707634460306e-05,2.3469064989267343e-07,1.3904835896418478e-05,1.2622265535248754e-05,5.356354495221661e-05,1
0.2249807364706783,0.7748917695868072,1.7618662282633706e-05,1.4919963437695969e-07,3.262541079910132e-05,7.041496579264932e-06,7.005917321910781e-05,1
0.212734621204621,0.7869864691469195,1.959756583350741e-05,9.18383385104441e-94,2.4915679921643253e-05,7.0518381977398896e-06,0.00022734456450666996,1
0.0572770730025956,0.9415720180693471,2.6275897751066054e-05,2.5786128074335695e-07,1.7151914023665768e-05,1.3487275183711753e-05,0.0010937359798181702,1
0.9680345347894034,0.02560684843635127,4.169544495519748e-05,3.55390681139643e-07,1.8664804713624413e-05,2.1736219347208775e-05,0.006276164914548323,0
0.972131060603857,0.024956459968954913,4.1605903220067605e-05,3.2327166864906104e-07,1.600678082796386e-05,1.9042802660109942e-05,0.0028355006688111696,0
0.9505419167398121,0.046710186498572705,3.315073844361688e-05,2.68939142964217e-07,1.3889293679750457e-05,1.5909830729777983e-05,0.002684677959618858,0
0.9370058943868852,0.060459521616132675,3.548596256450842e-05,2.581915867085031e-07,1.4177475137998392e-05,1.659115696332693e-05,0.0024680712107295537,0
0.4558493980603853,0.5425860295099162,2.738119705084572e-05,2.1373951284700273e-07,1.0846040657087463e-05,1.411323749168019e-05,0.0015120182149860016,0
0.22677926846616492,0.7725216444152841,1.5992204660449716e-05,1.406739354925725e-07,6.045545195938775e-06,7.399265126497775e-06,0.0006695094296323822,1
0.09990303869020686,0.8998731202383403,1.0705802380924944e-05,7.606606077266032e-08,4.149671997267675e-06,5.161397231108588e-06,0.00020374813378263977,1
0.09511334791426672,0.9047073145933819,1.1106821480151728e-05,9.770011837645171e-08,4.198720105648813e-06,5.224774431926256e-06,0.00015870947621513787,1
0.14042850038551935,0.8594403623351344,7.920237909464299e-06,6.8208109603768e-08,4.555013816917656e-06,5.218520438977991e-06,0.00011337529907104834,1
0.20451536374708085,0.7953061880890284,8.77637663903462e-06,9.351573277492413e-08,3.76726631169734e-06,5.3596539371466805e-06,0.00016045135126996804,1
0.1429138165698249,0.8567893087950198,7.398331573113547e-06,9.044309140993664e-08,4.257763905486705e-06,6.481717577641879e-06,0.00027864637900752823,1
0.15487646465934862,0.8449084594500899,7.6253635954193246e-06,6.5960464948748e-08,5.255424877817079e-06,5.810715907332119e-06,0.0001963184257159587,1
0.17536658532844937,0.8243056230378873,7.753038785202131e-06,4.927521872752653e-08,3.250635166072242e-06,5.180433075199507e-06,0.0003115582514181546,1
0.3617355095242941,0.6357921184901747,1.4734650953062185e-05,1.282291407889468e-07,7.384905047620223e-06,8.89547476926619e-06,0.002441228725620352,1
0.39911532332182315,0.5985995022449535,1.3428975492555694e-05,1.1686642558223434e-07,7.79569201138276e-06,8.107223785053243e-06,0.0022557256755089115,1
0.3958047967559163,0.6033501027344197,1.4832253209472645e-05,1.4919597874011903e-07,4.9617048118736925e-06,8.081833968151943e-06,0.0008170755216959408,1
0.42133049313616716,0.577938400230238,1.4322866164201652e-05,1.3883674001475142e-07,4.976461905416314e-06,9.947485433752833e-06,0.0007017209833513522,1
0.5561077063008276,0.44328975883899246,2.018377054350201e-05,1.8334348354534052e-07,1.1755007920235692e-05,1.551134517136974e-05,0.0005549013930612169,1
0.5764989962387519,0.42322427875284024,1.9197795357213724e-05,2.505323163720534e-07,1.1928038973222212e-05,1.7727392878427516e-05,0.00022762124888261597,1
0.6724826288469619,0.3272119014874179,1.936819586827226e-05,1.420954737252124e-50,8.751825135089273e-06,1.749668803678303e-05,0.00025985295658003,1
0.6323284255593364,0.367491100207769,1.9829501746482106e-05,2.8379910792502904e-07,1.45139532091766e-05,2.238090005673792e-05,0.00012346607877442278,0
0.6564280682777593,0.34332932681789996,2.241809460615602e-05,3.7085228295174785e-07,1.755187640849975e-05,3.4223233554245036e-05,0.0001680408474888877,0
0.05054918529869242,0.9476610329923881,0.00022071241672386152,1.4392210862765642e-07,0.0013533120030370664,0.00016403931673576142,5.1574050314223814e-05,1
0.0199779866155458,0.9759105017738197,0.002026272668686312,1.341313400228497e-07,0.001918486412547834,0.00013774089565522823,2.8877502405332406e-05,1
0.012651234773415164,0.9842513612610445,0.001115238249386132,9.163449879042839e-08,0.0018338245827837045,0.0001256789625485898,2.2570536323121963e-05,1
0.030567067741244257,0.9693758966962429,7.996986545567372e-06,8.662469022003398e-08,1.3177248344251352e-05,4.76537531325437e-06,3.100932761938378e-05,1
0.1384518733092437,0.8614492051031014,1.707107963026617e-05,1.6410065028710168e-07,9.33311020981889e-06,1.08159074133233e-05,6.153738975144708e-05,1
0.16482160628806236,0.8350448498934349,1.5280472923161786e-05,7.086509105323494e-08,7.92074620826829e-06,8.619165818340189e-06,0.0001016525684620123,1
0.4244070790025794,0.5755336895687885,1.713818184535368e-05,3.791162773734266e-07,1.0504696876747124e-05,1.2057002970349945e-05,1.915243066228413e-05,1
0.41092445042985937,0.5889970000237943,2.4206735829966933e-05,3.1083389166976046e-07,1.8855104823203836e-05,1.17957191767868e-05,2.338115262475644e-05,1
0.3044702846301554,0.695430056015692,2.642362012910821e-05,2.2172627775707358e-07,3.4728168942358547e-05,1.16065531466807e-05,2.667928565660387e-05,1
0.2047456093863361,0.7947813914365445,1.8026389916691623e-05,1.3774950528889528e-07,2.0653225089532425e-05,7.010663995974812e-06,0.0004271711486119875,1
0.9641132668748947,0.009606614116712243,4.8500988223709684e-05,3.528873447816392e-07,1.9377283438768188e-05,2.507063502730909e-05,0.026186817214358518,0
0.978809842746656,0.015056338273453696,3.66308750889062e-05,2.971721480411427e-07,1.6209025483762216e-05,1.909601244616098e-05,0.006061585894723506,0
0.8776279362987744,0.11854314947935331,3.13507277998558e-05,2.4747589533288895e-07,1.3503857591322583e-05,1.6227102839735384e-05,0.0037675850577460895,0
0.7971333001479587,0.19718598207475513,3.0266619649142897e-05,2.24399337524994e-07,9.343999399018842e-06,1.4713962837828929e-05,0.005626168796062686,0
0.3222837841711983,0.6759586147473444,1.992731560855814e-05,1.9438049257695208e-07,8.292597238610377e-06,1.0144872264210791e-05,0.0017190419158533464,0
0.09820571996522387,0.9015212675510462,1.0634899166791707e-05,8.276393920223192e-08,4.297415874097614e-06,5.3451623183938966e-06,0.00025265224243130915,1
0.08050746184237789,0.9193183225201546,1.0095116150445621e-05,7.346243355923236e-08,3.8867940202386224e-06,5.4428823515883915e-06,0.00015471738251172294,1
0.17215579114181,0.8276301783303207,8.26153065206858e-06,8.893433353310497e-08,5.427850352161265e-06,5.097080851790489e-06,0.00019515513167957493,1
0.14828226095773442,0.8514801289929853,7.955720474337052e-06,8.459289661663606e-08,5.079550142915201e-06,6.062456030593518e-06,0.00021842772973577977,1
0.1656270605224706,0.8341370306564517,8.966850806441382e-06,8.307284795647465e-08,2.892580969011502e-06,5.8525131231677055e-06,0.0002181138033310013,1
0.14194852949246684,0.8577558290518417,8.589640696589344e-06,8.542507639844987e-08,3.629107015019733e-06,6.018228494242513e-06,0.00027731905440924083,1
0.3308417132858545,0.6673349809603111,1.1680688346779284e-05,1.0165185692571115e-07,6.157638599120241e-06,9.324989616776146e-06,0.0017960407854147413,1
0.36945407962058685,0.6294020433565943,1.4158579366098507e-05,1.232158449284211e-07,5.9222672182907435e-06,1.1652703380018219e-05,0.0011120202570093615,1
0.5566200652272171,0.4430925366244823,1.9447075443658535e-05,2.5378543561415305e-07,1.2082922517454002e-05,1.679266049327138e-05,0.00023882170441056152,1
0.5537146829143283,0.446084435902691,2.704571077395747e-05,2.691399691495103e-07,2.9794019489686808e-05,2.213138417455802e-05,0.00012164092857330632,0
0.5327335790566514,0.4670860736575279,2.585544878919558e-05,2.355401262743884e-07,2.1734159954736948e-05,2.296024704302084e-05,0.00010956188990727548,0
0.019490343163353283,0.9646772376252337,0.0019175438252387212,1.3127770958435273e-07,0.01368155436753328,0.00020491180385474886,2.8277937076471405e-05,1
0.014989219343462113,0.9694555219272041,0.002812293626947352,6.722323945713877e-08,0.012647969040271755,8.893924426561136e-05,5.989594609456896e-06,1
0.019111969799500705,0.9777124612929857,0.0012595172457639258,5.395975883780402e-94,0.001839558401464817,6.930243025636731e-05,7.190830028317558e-06,1
0.017367260322341316,0.9807742994452784,0.0004920306637848551,6.912443626146065e-08,0.0013004007698772092,4.535012016379144e-05,2.05895541181034e-05,1
0.02566950771710217,0.9733947056668522,7.796894265870627e-05,8.00273279481875e-08,0.0007833876425686021,4.048479287630193e-05,3.3865210614173896e-05,1
0.027734015496091013,0.9701283704450949,1.2358337447578492e-05,8.186196670926222e-08,0.002085237826134787,5.294438360592795e-06,3.464159490439872e-05,1
0.03337053044982246,0.9661873519726718,6.683187499617743e-06,7.239340013116371e-08,0.00041080814649389864,3.653377893344117e-06,2.0900472218746907e-05,1
0.13928375064762968,0.8606384799060357,1.3425105979282754e-05,7.151077357150253e-08,7.372463381920052e-06,8.505888697779526e-06,4.839447750199056e-05,1
0.39970212050263243,0.6002229641596458,2.3501517252208575e-05,3.929596718203195e-07,1.867181769437945e-05,1.2497263275505632e-05,1.9851779827958725e-05,1
0.30861812248764114,0.6912821179035815,2.2835357110492948e-05,1.9347729329184357e-07,4.2285441114808884e-05,1.1032664845208015e-05,2.341266841348319e-05,1
0.2582240670143185,0.7416915088987777,2.2296774475644493e-05,1.7517219885925418e-07,3.0712014213885115e-05,8.732171844041759e-06,2.2507954171433278e-05,1
0.045385724767336245,0.9544663087958639,2.099503433927134e-05,2.0603697332303784e-07,1.404124892238527e-05,9.696049057044637e-06,0.00010302806750771276,1
0.032822574874408164,0.9670475269353384,1.793691462920605e-05,1.7551379310965962e-07,1.2817001643319638e-05,8.423775537478167e-06,9.05449846501979e-05,1
0.031982711247649655,0.9678827985357663,2.360089204653086e-05,1.4922614820838172e-07,1.2426981553136045e-05,8.367970125578148e-06,8.994514671038052e-05,1
0.033668701193095146,0.9661987902029967,1.7776375394324736e-05,1.4890979136466675e-07,1.2400636567969204e-05,1.2428217593799573e-05,8.975446456075455e-05,1
0.9673571638464896,0.019722711127146596,5.559069527276472e-05,3.091331007876303e-07,1.7222475898020314e-05,1.7510734405370542e-05,0.012829491987687028,0
0.9688010195887808,0.028107785253130797,3.472418440649706e-05,2.741052354689427e-07,1.512485983399072e-05,1.7973200334850135e-05,0.0030230988082778263,0
0.9066134638639356,0.08816169749071949,3.243946451252145e-05,2.5607014853392494e-07,1.3077839858150745e-05,1.5039723375051961e-05,0.0051640255474504244,0
0.8519657383319944,0.14419708305860238,2.8708053739627542e-05,2.2661519527823197e-07,9.106835592667279e-06,1.367962110758867e-05,0.0037854574837678837,0
0.22733053197481468,0.7715722717968887,1.0982464610448002e-05,7.188855048362816e-08,4.113053318921759e-06,5.896448894673816e-06,0.0010761323729220295,0
0.18647941213095584,0.8128915120880468,1.0620776125928057e-05,9.422504192598535e-08,4.1878492648851595e-06,6.1939832116419075e-06,0.0006079789473529733,1
0.13299040267028542,0.8664897319133626,1.0728461070973415e-05,9.220932452654677e-08,4.656333021125974e-06,5.760075235144485e-06,0.0004986283377001503,1
0.16530401282292714,0.8344650970402167,8.143658970003442e-06,7.131769296646414e-08,6.495101602727246e-06,6.2826551225261934e-06,0.00020989740346811389,1
0.11931195542553996,0.8804671329025108,7.832267097380809e-06,6.775020926954368e-08,5.39802343038565e-06,5.968381499941047e-06,0.00020164524971220696,1
0.26609128129541787,0.7320062460075637,1.3894328378518768e-05,1.1150291279622462e-07,9.698114930554795e-06,1.0348832243751233e-05,0.0018684199185530041,1
0.3837702292364516,0.6155779158142657,1.4464401309935645e-05,1.2587727784716237e-07,6.7994456373273654e-06,9.192798665616751e-06,0.0006212724263920103,1
0.5103204103276642,0.4894168281691502,1.670810070115748e-05,1.6747271027839685e-07,1.2953550046794815e-05,1.4000656677409635e-05,0.00021893172304993946,1
0.558025064916513,0.4416695812267818,1.9636391475300733e-05,2.562560205459725e-07,1.269425990891564e-05,1.6956135965689396e-05,0.0002558108133348159,1
0.5136520661195514,0.48603151310189685,2.5642791625274768e-05,2.803817747567396e-07,1.5233413745900638e-05,1.779817735327377e-05,0.0002574660140525724,1
0.5818084785449352,0.4178068301988119,3.4154450178242176e-05,2.45013740526973e-07,2.4935313400604453e-05,2.1291676660922806e-05,0.0003040648022726595,0
0.5302738246971564,0.46933392388476275,3.38446141510021e-05,2.4224441268603194e-07,2.9047576531841204e-05,2.1827979156543663e-05,0.00030728900382879745,0
0.5938050129070872,0.4060553668218407,2.4357594955199314e-05,2.2119317913841564e-07,2.0401567242965903e-05,2.1542699443296303e-05,7.309721625166749e-05,0
0.040452649235787244,0.9566198053998564,0.0010661039676164536,1.238518104811271e-07,0.0016174948264086409,0.00020790216441867194,3.5920554102038404e-05,1
0.016743771898093535,0.9797279171385064,0.001493961673729731,5.40709914503338e-94,0.001962347740289163,6.479589618022728e-05,7.20565320076189e-06,1
0.02900012789093184,0.9703427743018941,5.477886804773441e-06,7.02018116406694e-08,0.0006296947560212837,2.93430718324313e-06,1.8920655353279902e-05,1
0.03156949832335314,0.9679057232871594,6.180589560059266e-06,6.691409762553711e-08,0.0004911862357294088,3.378631718449538e-06,2.396601838164314e-05,1
0.06905048081886363,0.9308805932137566,1.349203969177784e-05,1.4614794037018954e-07,1.8206067862111303e-22,8.896065289523004e-06,4.63917144583708e-05,1
0.23293654648147194,0.7669923302573881,2.089989780620615e-05,9.692587189465388e-08,1.0833616677581764e-05,1.1528901689852586e-05,2.7763919094476123e-05,1
0.30878727537951484,0.6911341896568107,2.2197364800497296e-05,1.0325584538613147e-07,1.1980613242622612e-05,1.3055638123881926e-05,3.119809166218784e-05,1
0.30706558266943035,0.6928525659524609,2.318869269810706e-05,1.1783342212614936e-07,1.2406870170896162e-05,1.3546592397260522e-05,3.2591389420497436e-05,1
0.33602412427272,0.6639118289413379,1.976653568561518e-05,1.0041996822273295e-07,1.1307526566592674e-05,1.1483489724903833e-05,2.138881399646335e-05,1
0.2336597012911755,0.7662425971164591,2.3854087915036747e-05,2.584460866455747e-07,4.292889031894333e-05,1.1524854018323963e-05,1.913531402638371e-05,1
0.2892713493864277,0.7105573474479884,2.788970511668256e-05,2.1235157692633073e-07,3.3980070069551835e-05,1.0481007386976236e-05,9.874003143384383e-05,1
0.03357391984360674,0.966331807373762,1.8347510404253133e-05,1.5919760367902003e-07,1.2228512255416156e-05,8.616605057890872e-06,5.492095730981607e-05,1
0.9659538433414732,0.02758522018777367,4.8642964462936204e-05,2.6719678002340175e-07,1.404826048916143e-05,1.664831153161588e-05,0.006381329737489315,0
0.9603479087598067,0.030965240172093275,5.2151170472688967e-05,2.9000632136049313e-07,1.5247505398900578e-05,1.806951260312546e-05,0.008601092873303783,0
0.9605959669470941,0.03472049191905133,4.796808296025661e-05,3.2051421303415193e-07,1.5947823149264627e-05,1.7055864929236446e-05,0.004602248848602763,0
0.989864756724567,0.006645078097795789,4.039895445360929e-05,1.724532120756435e-93,1.2902836623225172e-05,1.3283859362749853e-05,0.0034235795271976613,0
0.9698503340393985,0.00926668558838871,4.018317283185948e-05,4.1751607066294376e-07,1.2741840945801348e-05,2.0771074924497218e-05,0.020808866767439975,0
0.9624272060642326,0.010647877335223778,4.255818090348281e-05,2.8795883544711185e-07,1.4617580739148869e-05,2.0634606045711638e-05,0.02684681827401996,0
0.8590080985836018,0.1360834066191875,3.125988839428051e-05,2.467588286233131e-07,1.06391589838311e-05,1.6180084461547132e-05,0.004850168906542457,0
0.6925301470832358,0.30474575244183955,2.6207060898487345e-05,2.1284569612027953e-07,8.637683602371665e-06,1.2938492079654326e-05,0.0026761043926480897,0
0.6534281074110059,0.34297927435784187,3.07432520723118e-05,2.6423309816605567e-07,1.3343089829389354e-05,1.7634618606798904e-05,0.0035306330375456042,0
0.18880457498703104,0.810156507512696,9.106716665344533e-06,5.961035923702472e-08,4.002467347824164e-06,4.889366032137659e-06,0.0010208593398684594,1
0.2950719390237157,0.7034312282613764,1.4902273485527646e-05,1.1959173956844557e-07,9.44409798661234e-06,1.1099574168022407e-05,0.0014612671775280927,1
0.21888659315962125,0.7795203622081542,1.3357035223639712e-05,1.0719109935966361e-07,9.162120051682325e-06,9.948643290814452e-06,0.0015604696425590347,1
0.2930258002111951,0.7048949582820198,1.4687764226912491e-05,1.1787028844783386e-07,1.0251925941646278e-05,1.0939802477612975e-05,0.0020432441438504746,1
0.29196335255353423,0.7070073307367156,1.5932853959068954e-05,1.278622166681828e-07,6.0684195361992526e-06,9.144326431378484e-06,0.0009980432476067043,1
0.5509451074031564,0.44868751976015275,3.3401666580277596e-05,2.3961349768359227e-07,3.131439466775976e-05,1.980848382747265e-05,0.0002826086781176663,0
0.46596840018162355,0.5337304927407541,2.8782394029565134e-05,2.0501984514719417e-07,2.5056970188739922e-05,1.847377554317815e-05,0.00022858891801567113,0
0.4289421528528055,0.5708620568192133,2.808275756221448e-05,2.3127293639315917e-07,2.6109891215046596e-05,1.8788879847128315e-05,0.000122577526420206,0
0.007276813959302585,0.9774386981722455,0.003612432925712497,1.0807464665124941e-07,0.011413653020667644,0.0002528858208250364,5.408026600405407e-06,1
0.019096702503356985,0.9769314310880115,0.001489697384729208,5.391665393408855e-94,0.002400301805259715,7.46821328953523e-05,7.185085746973814e-06,1
0.018466683446761667,0.979899408062108,0.0005493912489202749,6.766676053692875e-08,0.001011725224044405,5.606605258328599e-05,1.6658298821907443e-05,1
0.1501085819847144,0.849813329761452,2.06739766883522e-05,2.0164032258158955e-07,1.7288915007392295e-05,1.1331919783087653e-05,2.8591802032226393e-05,1
0.1513397654222439,0.8485840893158588,2.0669516118566215e-05,1.9493393040273296e-07,1.6705142616362107e-05,1.0949289531050039e-05,2.7626379700687487e-05,1
0.33576686975743786,0.6641660577293279,2.090886249300005e-05,2.072001977109569e-07,1.1184425274600923e-05,1.2147131465860629e-05,2.2624893803007778e-05,1
0.3730073971870405,0.6269105087447827,2.448312434376326e-05,2.2396468532019812e-07,1.980156280481971e-05,1.3129951160035448e-05,2.4455465182819083e-05,1
0.29344494434439844,0.7064773567034287,2.1928876480536293e-05,2.0514076344800362e-07,2.2157015511408823e-05,1.1007902240972761e-05,2.2400017176400536e-05,1
0.25914721036874555,0.7407468362669629,2.779406807936433e-05,2.6004957074708367e-07,3.5740063659169875e-05,1.1989203288803881e-05,3.016997969353652e-05,1
0.25927599243941485,0.740635250983289,2.627546267268678e-05,2.1309013553129257e-07,3.245454403461469e-05,1.0010465401380748e-05,1.9803015051953597e-05,1
0.044993237264158485,0.9549525952294949,1.8155907475841696e-05,1.6947327389727993e-07,1.3017821618702546e-05,9.172777952015568e-06,1.3651526026051895e-05,1
0.9517545478345026,0.04073829018095612,4.461546285540348e-05,2.450736328642316e-07,1.3098994332240554e-05,1.2727254913002907e-05,0.007436475198807721,0
0.9512535069209981,0.04289613558984232,4.8711311093193654e-05,3.34042526975347e-07,1.761224112655325e-05,1.851610880265891e-05,0.0057651837856101075,0
0.8455558876222306,0.013238493574196456,5.4112450727522586e-05,4.09814499968137e-07,2.0608161943001506e-05,2.3257054357573213e-05,0.14110723132204525,0
0.9687068508667671,0.02597939649886196,3.519023367344014e-05,2.777841280401865e-07,1.3646089504170185e-05,1.6520635005364498e-05,0.005248117892059844,0
0.9546535130259842,0.03835642685339356,3.4260962660230916e-05,2.697527175853058e-07,1.0869027486290767e-05,1.7217160609877795e-05,0.006927443217148147,0
0.8784000639660526,0.11661000947301244,3.3695922419912895e-05,2.8369501093112673e-07,1.0582376044462674e-05,1.5864113872749486e-05,0.004929500453586824,0
0.8654619933230473,0.12868690074235153,3.528123366998965e-05,2.7086138966851984e-07,1.1278681524619731e-05,1.750710472054588e-05,0.005786768053296218,0
0.7822276937870528,0.2139699316977141,3.236944840716442e-05,2.782099830698941e-07,1.4055264054215547e-05,1.8370227906490713e-05,0.003737301364882259,0
0.08054293381653437,0.9192654620934518,1.1167568515553746e-05,8.093825901182076e-08,6.066507893884374e-06,5.996771413630429e-06,0.0001682923039314681,1
0.11375073640702023,0.8859999418841413,8.625858254487715e-06,7.229314010280983e-08,4.465741991435285e-06,6.368586084297444e-06,0.00022978922936810474,1
0.16070482946482098,0.8391250548231167,9.832871002922055e-06,7.767881264613154e-08,2.3961358457404467e-06,5.472501323678732e-06,0.00015233652507751284,1
0.1288554277604018,0.8709235431295919,9.07582477954643e-06,9.559304641923044e-08,3.2328068747938917e-06,5.478710719594096e-06,0.00020314617458624357,1
0.4080271083822045,0.5917630869959551,1.3601066794772532e-05,1.3479618855967115e-07,9.953453167899562e-06,1.1268911539737422e-05,0.00017484639414922095,1
0.3678664636313412,0.6318607222608693,1.789399183581072e-05,1.6102622272228113e-07,1.1082471947393936e-05,1.2743995662323654e-05,0.00023093262212116133,1
0.6512144951763927,0.3484955883467368,2.088763437532475e-05,1.5893678880041724e-07,2.0761564168853548e-05,1.2573217742487623e-05,0.00023553512379508273,0
0.5750701824459034,0.42462384968256717,2.8483706788510312e-05,1.902420893640038e-07,2.0926203209359464e-05,1.714219252898477e-05,0.0002392255269131462,0
0.5584048119257484,0.44143232373270636,2.1665681407839686e-05,2.1137256838287074e-07,1.7565554295954173e-05,1.717215101888654e-05,0.00010624958225416713,0
0.026818555970678674,0.971407520761344,0.0005727187147101426,7.0539929784962e-08,0.0011127513471654979,7.717932022918453e-05,1.1203345942733477e-05,1
0.029759303130320526,0.9698568015997776,4.934085888755385e-06,6.449603722356267e-08,0.0003607872674831375,2.697338235652186e-06,1.5412082257247838e-05,1
0.06723607958139814,0.9323238944333649,1.0678257785966481e-05,1.1560806247000852e-07,0.0003866779258105567,5.837529719918094e-06,3.671666385782441e-05,1
0.1855702226121962,0.8143324296526189,2.5962799834726303e-05,2.4547016848356165e-07,2.1885209713830545e-05,1.4447554247664776e-05,3.4806701220483275e-05,1
0.14427829557584074,0.8556044116616469,3.8980193114879424e-05,2.507136200945857e-07,3.227408843915338e-05,1.4698110026995035e-05,3.108965731119883e-05,1
0.2853925241994053,0.7145120782568929,2.5434548433568786e-05,2.855356808225247e-07,3.729029129908827e-05,1.0908965582509597e-05,2.1478202705830237e-05,1
0.24963231167694894,0.7502528984597269,2.64488410277041e-05,2.4746322619533614e-07,4.7710859417046143e-05,1.1672940633826847e-05,2.8709759019258265e-05,1
0.17082759663103075,0.8291285964871703,1.872774997221541e-05,2.2406528558337892e-07,8.37366531870315e-22,8.265311640757333e-06,1.658975490044061e-05,1
0.2400254208276145,0.7598869556578608,2.554612526050444e-05,2.5653635188973695e-07,3.210204835115808e-05,1.0130874253840601e-05,1.958793030703175e-05,1
0.20663605875787425,0.7932978554341584,2.176467269981806e-05,2.2658575050996286e-07,2.4269177013918688e-05,9.26278377988914e-06,1.056258872339589e-05,1
0.04160542816235968,0.9583269347251322,2.341551076567785e-05,2.0614936225569187e-07,1.2070441867261711e-05,1.526502828007715e-05,1.667998223291489e-05,1
0.036222790168569635,0.9637249569162514,2.0817967613533176e-05,1.6478990481898827e-07,1.2791855110970727e-05,1.354609647421093e-05,4.93220607552922e-06,1
0.6780434412216719,0.30884277652463443,4.255254012926099e-05,2.352975269651385e-07,1.4107307207687177e-05,1.332834462058332e-05,0.01304355876420904,0
0.8420457628568201,0.1521168291102549,3.766169490644195e-05,4.1380573796330666e-07,1.03303030656582e-05,1.364881576872359e-05,0.005775353413446205,0
0.9359164413711936,0.0547000443579532,5.893852010089419e-05,3.6684275410535825e-07,1.8622744275708293e-05,1.952119503550191e-05,0.009286064968687087,0
0.977641032757717,0.010309542619607101,3.864268920508771e-05,2.528189497293274e-07,1.3357284437305487e-05,1.3820155413810127e-05,0.011983351674670035,0
0.960337561363903,0.003991364456193107,3.9850771272949566e-05,3.145734084209913e-07,1.7158163802429612e-05,2.2348648169005268e-05,0.03559140202325081,0
0.9774094055399942,0.0037857065961207424,3.779743226264912e-05,4.3757709836260923e-07,1.6463478547544014e-05,2.1629691418135534e-05,0.01872855968455799,0
0.8924293002100385,0.09892347610297705,3.090905044591517e-05,2.582033045261616e-07,9.852978747535795e-06,1.693050375863702e-05,0.008589272950727775,0
0.6985133035811573,0.2984239422081841,3.6678195252951655e-05,3.0292452423357777e-07,1.529690703559598e-05,2.0216840693242886e-05,0.0029902593431524556,0
0.45359692512420896,0.5434397049339827,3.311036577933841e-05,2.734578877650385e-07,1.3876401836958987e-05,1.855525013913389e-05,0.0028975544661650966,0
0.1098650843692751,0.8890734042837047,1.0225594681630978e-05,5.445242928886567e-08,4.499151237397879e-06,5.490087935318724e-06,0.0010412420607365885,1
0.2194699493793806,0.7799623832599546,1.5482188429973175e-05,1.2424559571162613e-07,5.9717613341646165e-06,9.483085634237408e-06,0.0005366060796707826,1
0.45770930371374635,0.5419678615693526,2.9451260291696515e-05,2.0754532455405747e-07,2.7327316682309168e-05,1.4244986470560841e-05,0.00025160360813196783,1
0.4954908180992082,0.5041724196431095,3.3951508594407495e-05,2.230974809597729e-07,2.6952688708593927e-05,2.094950551103447e-05,0.00025468545738741526,0
0.029039374456267104,0.9647605182545508,0.0019286772038704556,1.154760481263825e-07,0.004099291560417495,0.00016624465808286776,5.778390763491355e-06,1
0.020404523395668808,0.9792810594586298,4.829811540760849e-06,8.669652179601279e-08,0.0002921426152351953,2.574893281986233e-06,1.4783129122015887e-05,1
0.06818312999056818,0.9317625950456628,1.4659896387756912e-05,1.3825728700031674e-07,1.2276969519737265e-05,7.605774527739204e-06,1.9594066046719e-05,1
0.07520489203861515,0.9247330795599781,1.6754132560819424e-05,1.5800800037284497e-07,1.4030793215605395e-05,8.69229572262645e-06,2.239317190715909e-05,1
0.15702708690289738,0.8428820853192828,2.4023552930686928e-05,2.2713519431682846e-07,2.0983446577261755e-05,1.3386768880792234e-05,3.2206874236824775e-05,1
0.10009639083453396,0.8998128898109261,3.0148986889581595e-05,1.9391288347378385e-07,2.496219211530303e-05,1.1368161394160703e-05,2.4046101257490335e-05,1
0.10817188040006012,0.8917436955604132,2.3248174762560846e-05,1.8680422705141309e-07,3.054446128652426e-05,1.0046810804044068e-05,2.0397788446548753e-05,1
0.23200329837092892,0.7677470301323056,3.054495140888675e-05,2.840123257001637e-07,0.0001716266946853492,1.4248516168281221e-05,3.296732217752072e-05,1
0.1359438039156499,0.8640062442359668,1.3078196972819922e-05,1.1375640564556436e-07,1.781057092676908e-05,5.744587134015692e-06,1.3204736943929511e-05,1
0.18748480729531403,0.8124423608096295,2.1292875366346936e-05,2.018886222560753e-07,2.675728344612974e-05,8.25316972214241e-06,1.6326677899647982e-05,1
0.21162979601403273,0.7883009055343805,2.0712449931155675e-05,3.0187024089601185e-07,2.2031111530182743e-05,8.81497038389548e-06,1.7438049500748472e-05,1
0.20150261766617428,0.7984059259582895,3.0263985994493068e-05,3.4464672870985934e-07,2.6570665852551395e-05,1.436797065803273e-05,1.9909106302346203e-05,1
0.020887333858875763,0.9790734218826682,1.656879676465291e-05,1.3968806932944509e-07,9.157416168783909e-06,8.292599079139218e-06,5.085758374112617e-06,1
0.7791684604165866,0.20668883698035279,4.166071985747094e-05,2.7192775455174395e-07,1.5751397146236862e-05,1.6889076180004562e-05,0.014068129482122386,0
0.8508631084474327,0.1458170187988473,2.912236772167811e-05,2.014796004036255e-07,1.0371064125205069e-05,1.3969348079013168e-05,0.0032662084941936123,0
0.8213580864287208,0.1741157565944921,3.7171671228595465e-05,2.0194495196033671e-07,1.594631986888801e-05,1.3136537124948346e-05,0.004459700503612823,0
0.8812347221179777,0.11431844294780556,4.634161919731923e-05,2.68487190085318e-07,1.411610568058195e-05,1.7070099097927883e-05,0.004369038623050844,0
0.9318632668800303,0.062323294059642424,5.3444044886291636e-05,3.0963616910356284e-07,1.627957327948308e-05,1.7539230530973423e-05,0.005725866575461422,0
0.963306198185351,0.030229390960995074,4.659471793320856e-05,3.316141266992607e-07,1.3957741475912904e-05,1.5398632993980315e-05,0.006388128147123959,0
0.9869371359359382,0.01063232915065615,3.649790986506472e-05,2.2984321083714235e-07,1.1071497317522861e-05,1.187951293382812e-05,0.002370856150078604,0
0.9919444169417336,0.005920041738799689,3.4186600954015406e-05,2.1196808816253012e-07,1.0210456558382977e-05,1.0955632040268548e-05,0.0020799766618260587,0
0.9862804038539676,0.011934012720569195,3.134432629829856e-05,2.2593964574616787e-07,1.1937159446025167e-05,1.2350818725005669e-05,0.0017297251813481358,0
0.9896375831923447,0.007991887444184843,2.8736796904171243e-05,2.0714376345554017e-07,1.015159752781652e-05,1.1323356129048118e-05,0.0023201104691456353,0
0.8867300726236372,0.022015118288418328,4.180516693095059e-05,3.013446362460535e-07,1.6733210515994004e-05,1.7967492262294237e-05,0.09117800187359901,0
0.9730203316163272,0.023486596939610263,3.300979671566969e-05,2.75752197843695e-07,1.3856567647109289e-05,1.8081192379054407e-05,0.003427848135122968,0
0.8223132991197772,0.1680198304762645,3.686534761134863e-05,2.910071168082626e-07,1.3473003663660385e-05,2.0678835819227175e-05,0.009595562209746859,0
0.8440240351847651,0.14596393630915622,3.604224515756717e-05,2.927240406703885e-07,1.3552493546032883e-05,2.1260836563084467e-05,0.009940880206771162,0
0.8145666988912332,0.1773202898131038,3.8988843615086994e-05,2.839955900171858e-07,1.182559027006493e-05,1.8356032732050694e-05,0.008043556833456016,0
0.8473577368749811,0.14618069868790107,3.7923902790338074e-05,2.7623853774747124e-07,1.1502586233841794e-05,1.785465626575242e-05,0.006394007053290124,0
0.6973751792229061,0.29754000471484054,3.723742860827773e-05,3.0243095341971595e-07,1.5271982982734195e-05,2.018390033445244e-05,0.005011820319374327,0
0.21637853372781726,0.781825769844687,1.6774836878343035e-05,1.5624801082084782e-07,6.665801726777596e-06,8.290980732540398e-06,0.0017638085601471376,0
0.08318355235336723,0.9163872064924675,9.194506157985137e-06,4.896176819066627e-08,4.694925595949212e-06,6.891056769769185e-06,0.0004084117038734002,1
0.1908963153095967,0.8089753099476878,1.1850101336789822e-05,9.210215476661617e-08,4.291398082681247e-06,6.498482328854683e-06,0.00010564265881240642,1
0.16945550045568092,0.830421322551348,1.540334925277038e-05,9.948861799653871e-08,2.800283878354996e-06,5.710633919964719e-06,9.91632373018025e-05,1
0.09600568192250906,0.903775709796826,7.3195622414039245e-06,4.5085543785579126e-08,2.7748263696091886e-06,3.819118471019445e-06,0.00020464968803936767,1
0.24035499903403854,0.7593390493626646,1.5755829700289607e-05,3.481734317164215e-08,8.461541062247925e-06,1.1221209174520878e-05,0.0002704782060165851,1
0.5265421814465642,0.473286137355237,2.7831981296807045e-05,2.1486083519387276e-07,1.7855437418140792e-05,1.745554183412324e-05,0.00010832337681442737,0
0.5328278431477281,0.46698380840425957,2.539294247951181e-05,2.331092092718743e-07,2.4364854648039994e-05,1.928509676706808e-05,0.00011907244490843875,0
0.5949344432524146,0.4048962674738421,3.143225207090506e-05,2.8518689426966044e-07,2.6633598701145335e-05,2.1569164390545528e-05,8.93690716863927e-05,0
0.5846250572381139,0.4152430108746032,3.1152384666184996e-05,2.828971831878426e-07,2.122217208945926e-05,2.1852133936628857e-05,5.742229940753682e-05,0
0.009001670427885952,0.9782205593111177,0.0042508648883803485,1.1376021392255978e-07,0.008076838916201451,0.000446271555660476,3.6811405402866413e-06,1
0.009069661627375235,0.9781936618356947,0.004588133386415117,1.0969821900410495e-07,0.007788442142817037,0.0003564416100959178,3.5496993830210573e-06,1
0.019358373356901486,0.9782196945359635,0.0012122603715423504,5.19351978045977e-94,0.0011360484895076755,6.67022147842178e-05,6.921031300797286e-06,1
0.017649911018847005,0.9808312442292186,0.0005192883753940673,5.207384902032495e-94,0.0009405976354530109,5.2019232733446065e-05,6.9395083538269535e-06,1
0.0459639189041112,0.9536775427588482,5.518979466275689e-06,7.06914153136699e-08,0.00033309968596964605,2.9564398940818745e-06,1.689254029544498e-05,1
0.041722487009894074,0.9582099347530089,1.0695629488501445e-05,4.068844018324543e-94,1.525033370141158e-05,6.373486867058886e-06,3.52587870400872e-05,1
0.05615124375800883,0.9437970611465413,1.1488833315900175e-05,1.3258039511191184e-07,1.3977002686262432e-05,7.297302212198687e-06,1.87993768402166e-05,1
0.2518697075981729,0.7461013792038977,2.6912096774130843e-05,2.5179758479517837e-07,0.001960927930855124,1.1608757603661922e-05,2.921261511152587e-05,1
0.13855449311814258,0.8613883320301747,1.5924006421306116e-05,1.252677476438898e-07,1.848224524148116e-05,6.329214818915681e-06,1.631411745320999e-05,1
0.16306980866935666,0.8368564710949861,2.0628061488361033e-05,2.146402985500168e-07,2.6731476294547722e-05,8.779055674314995e-06,1.736700190147194e-05,1
0.0240454266274702,0.975898482538134,1.9079669082268768e-05,4.0519925522955763e-07,1.0777547030371779e-05,1.372116231865509e-05,1.2107256708941655e-05,1
0.023976744853187803,0.9759867023390054,1.5854333439792986e-05,1.5609634192676256e-07,8.082296755880145e-06,9.26667816036608e-06,3.193403109019929e-06,1
0.7966899912723034,0.10076312838943094,2.0938858938948676e-05,2.8000973115989627e-07,1.2537103371397963e-05,1.575217449371963e-05,0.10249737219173037,0
0.8065871386481249,0.17108617578277419,4.143282308794525e-05,2.7044022728340273e-07,1.5665232227881527e-05,1.8475822168187367e-05,0.022250841251389642,0
0.8199068774642722,0.16270192782584236,4.6253466693319534e-05,2.8179117261375753e-07,1.6512702470788905e-05,1.736028681306706e-05,0.01731078646273577,0
0.9229466922255418,0.07249808194424127,3.6279536088068796e-05,2.0032745127530748e-07,1.1981581873754015e-05,1.3031318561214755e-05,0.0044937330662426075,0
0.9675811397370236,0.02550098878273155,4.811675288180378e-05,3.0395962020287474e-07,1.2982390858464479e-05,1.7591910599717115e-05,0.006838876466284318,0
0.990540840668178,0.00698080864095726,3.440713579854708e-05,2.3637891106297044e-07,1.1318897250732389e-05,1.5328631692593714e-05,0.002417059647211736,0
0.9897485143861193,0.0036326318356179484,3.861573947618831e-05,2.863004345032567e-07,1.5797779034990506e-05,2.07550964780593e-05,0.006543398862839019,0
0.9865853599729509,0.0043264490198112,5.2372942091037634e-05,3.782650037797089e-07,1.8721161713958968e-05,2.5126258699888988e-05,0.008991592379729369,0
0.09376912524424078,0.9057341239407761,1.2785157136176741e-05,5.194294475530782e-08,7.501658609748371e-06,5.7782000607964064e-06,0.0004706338562317662,1
0.06979900679083957,0.9299493539348151,8.499482949880124e-06,6.722617984336021e-08,4.6669236472191275e-06,5.234405544460977e-06,0.00023317123602393508,1
0.08351264986533188,0.9162534222360301,9.188354746318459e-06,8.151693444409453e-08,5.637409477958992e-06,6.039645875379409e-06,0.00021298097160409396,1
0.10818175410330343,0.8916928414273534,9.338825773803731e-06,7.238786618229024e-08,4.880002750817029e-06,4.688980327389236e-06,0.00010642427262484938,1
0.09870579853171833,0.9011889844334543,9.835981627259536e-06,8.04783366447928e-08,3.4640730899007794e-06,5.66972883355504e-06,8.616677293987979e-05,1
0.1825850896118385,0.8172412777857075,2.3022924297034243e-05,5.083235603222589e-08,3.8006178507490137e-06,5.128291336890776e-06,0.0001416299366132844,1
0.14408496989450004,0.8557301871714775,1.5159703989431396e-05,5.166195714895201e-08,3.030830278542945e-06,4.240060719647119e-06,0.0001623606770779193,1
0.127284680558917,0.8724462956674712,8.139283991858905e-06,7.148352741245447e-08,2.006581502711679e-06,3.6964172484355657e-06,0.0002551100073415854,1
0.2850254830460989,0.7143659535246107,1.547351657490722e-05,3.359131075156627e-08,8.756446409309167e-06,1.1432923666775652e-05,0.0005728669513286156,1
0.24238512769088677,0.7569496262258297,1.6395899790556975e-05,3.559370374858969e-08,9.27842208029408e-06,1.2114445339304831e-05,0.0006274217223695889,1
0.5080146042268644,0.49168442525344486,1.583212420719559e-05,3.242638084635502e-08,1.0502545392689915e-05,7.77289169200234e-06,0.00026683053201804135,0
0.5816904669804138,0.41807437377410306,1.6377797467084294e-05,1.521519075498162e-07,2.0883533952301275e-05,1.0443029103036394e-05,0.00018730273305314244,0
0.546981750962247,0.4527860640438268,1.735399681523394e-05,1.6122092878227245e-07,2.1069496674421156e-05,1.106548631827431e-05,0.0001825347931896082,0
0.5208023619627677,0.47900109850640366,3.2412597412541204e-05,2.681520193670192e-07,2.7818529699759445e-05,2.1784979043491647e-05,0.00011425527265360401,0
0.5434024607870608,0.4564327434932997,2.8045049534845718e-05,2.140375896886455e-07,2.2204610130006118e-05,1.7707303979232243e-05,9.66247184056552e-05,0
0.5844819433014978,0.41530092114250844,3.242462310080419e-05,2.9419074201629015e-07,2.6242669471055385e-05,2.2250140536703445e-05,0.0001359239321432957,0
0.0091022320587314,0.968100834907596,0.002273692870358669,1.1586913657133456e-07,0.020059807653224033,0.00045956725827130086,3.749382682166035e-06,1
0.008131083186236683,0.9803394322547905,0.003439776141344043,1.085695587939373e-07,0.007708308619906683,0.0003777780508357775,3.5131773274394387e-06,1
0.03762323139566527,0.9620216133034417,1.6764754688390832e-05,1.0717540176764403e-07,0.00030178430080961754,1.821438748473034e-05,1.828468250875505e-05,1
0.07855189419454077,0.9209619725295909,8.446033615994621e-06,8.960290692920346e-08,0.0004446156883884337,4.52442174892408e-06,2.8457529207852374e-05,1
0.05059178745658491,0.9487628685386782,1.1465233974748496e-05,1.2419332403570195e-07,0.0005880784412624288,6.253493424402685e-06,3.942264275127231e-05,1
0.05210387600643944,0.9478457303529159,1.0571330664870364e-05,1.2205642499138234e-07,1.6066390302033597e-05,6.714536848565817e-06,1.6919326404356433e-05,1
0.06223477801837553,0.9377100080009406,1.2670403923213444e-05,1.4181275112838153e-07,1.4942470752741911e-05,7.801366811417267e-06,1.965792644516873e-05,1
0.07248472375480672,0.9274556703627459,1.6419847846080035e-05,1.5011361803489872e-07,1.3329787912789809e-05,8.431766922371136e-06,2.12743661481005e-05,1
0.06412467840165118,0.9357044444165178,2.2724265139547837e-05,1.8253881202520926e-07,0.000114633359124748,1.0701355364464422e-05,2.263566339042963e-05,1
0.23836834782899577,0.7596197689281102,2.6324981068425145e-05,2.4630435556325483e-07,0.0019412423444370298,1.1618276236621047e-05,3.245133679635099e-05,1
0.09365229640481189,0.9063089404805893,1.0301438889427443e-05,8.975513808961862e-08,1.3420681652596773e-05,4.532546616213605e-06,1.0418692302323947e-05,1
0.1974990184307076,0.802437160394429,1.9368691989314125e-05,2.0153623419512184e-07,1.718125641639991e-05,1.0762965968613022e-05,1.6306724255075353e-05,1
0.022006514363441577,0.9779582174651871,1.529673036572223e-05,2.109499042398158e-07,7.531738852415147e-06,9.147662369323158e-06,3.0810898795108696e-06,1
0.8751966807918145,0.09591379619375584,4.379604980616773e-05,3.4940357519765e-07,1.3167406375064585e-05,1.9839787883637094e-05,0.02881237036678958,0
0.861278122114032,0.09962131273036968,4.008115635110845e-05,3.813441228008039e-07,1.6955610273330744e-05,1.6892384518626277e-05,0.03902625466033252,0
0.9338336655600196,0.06184673932849333,4.698719811221631e-05,2.581016222288854e-07,1.3323923991989772e-05,1.4644004644540566e-05,0.004244381883116149,0
0.9144851364586479,0.0756508404183203,5.62410936242831e-05,3.127498869811742e-07,1.7423974905690135e-05,1.948660290548496e-05,0.009770558701709474,0
0.9507023776969575,0.045554303549302795,4.845211793734015e-05,2.932345737503372e-07,1.5417235477583845e-05,1.74839346753607e-05,0.0036616722310756403,0
0.9915433631446735,0.005175590130343352,3.456762545254582e-05,2.3748148379297646e-07,1.0863263516260763e-05,1.540013101212505e-05,0.0032199782235184547,0
0.9811291235655577,0.004459683090557051,4.685200215080761e-05,3.2294553145808945e-07,1.7819819781846817e-05,2.2788705017535193e-05,0.014323409871403734,0
0.9894604638288603,0.003653989479095405,3.43577309577025e-05,2.7121253084284217e-07,1.4965243211068306e-05,1.966131226265321e-05,0.006816291193081912,0
0.9574832345097589,0.03755338113699624,3.5464188044501626e-05,2.96255317239539e-07,1.510827795633552e-05,1.924361161551122e-05,0.004893272020311091,0
0.6620338495719842,0.32376012640037144,5.23924138703309e-05,3.996569204456184e-07,1.850325590806362e-05,2.9027477372341054e-05,0.014105701223573217,0
0.7681640826988555,0.2200810208746646,4.232248473651367e-05,3.070319994190471e-07,1.4214921265170733e-05,2.2634522178226908e-05,0.011675417466300634,0
0.6700135285678664,0.32567559962618126,3.738339563558173e-05,3.0361645276500576e-07,1.558635376038832e-05,2.0601633668185874e-05,0.0042369968064353385,0
0.4516727862695955,0.5454861594072301,3.08727124443963e-05,2.3864453675857514e-07,1.205093348775539e-05,1.61930201029631e-05,0.002781699012602667,0
0.21905244491584022,0.7781638578887385,2.4935255175642563e-05,1.816289443140976e-07,9.220799483549302e-06,1.2324276040450632e-05,0.0027370352357771652,1
0.17633487280860854,0.8212191590341836,2.092488830506733e-05,1.5961807832273727e-07,8.707729349271206e-06,1.0830747630695752e-05,0.0024053451738444203,1
0.0676570263948583,0.9320624182667531,9.512984152689057e-06,6.021521519748887e-08,5.581712690354474e-06,4.740359234651676e-06,0.00026066006709586393,1
0.07012716862917154,0.9297049551507961,1.004650922386189e-05,7.07975409142633e-08,5.306437846176728e-06,5.245438618193898e-06,0.0001472070368032459,1
0.08540204615912066,0.9144445349506034,8.246834664585786e-06,7.287658922888302e-08,5.470252198333388e-06,5.134182892793179e-06,0.00013449474393108013,1
0.1319504284881896,0.867936289418926,1.0158410005749839e-05,8.025054202223677e-08,2.475465237291546e-06,5.653680617432783e-06,9.49142864819608e-05,1
0.12608841005701038,0.8738133625767961,1.947066981459034e-05,8.674937874082477e-08,3.2095576149967858e-06,6.120804732689129e-06,6.933958465231497e-05,1
0.25449885275050443,0.7452044380320607,8.323509360740133e-06,1.8064892177588053e-08,8.18309599276587e-06,5.937597332002037e-06,0.00027424694985692387,1
0.21653890546273818,0.7830028485686127,1.6001994478000818e-05,3.0091372414362305e-08,1.0323586466928222e-05,1.0622377056930588e-05,0.0004212679192750285,1
0.351650111107194,0.6480698220743037,1.8106612577328695e-05,3.081972765273151e-08,1.3121027334831933e-05,1.087948942345246e-05,0.0002379288694388441,0
0.4961076349376323,0.5035857336056764,1.8842278855789778e-05,9.787603029601092e-08,1.120304740108644e-05,7.5907087746312054e-06,0.00026889754562969066,0
0.498021927746802,0.501674951820568,3.206066715370442e-05,2.669177717659778e-07,2.7690486832032865e-05,1.8308729340158656e-05,0.00022479363153224427,0
0.00849251498666603,0.9792808848639082,0.003122278163449619,1.2219321016382693e-07,0.008675571547523795,0.00042467422332052743,3.954021921829623e-06,1
0.007976108449889364,0.9797181993715219,0.0038875504529086564,1.1291107270878025e-07,0.008016550907201459,0.0003978242440303667,3.6536633754792695e-06,1
0.03129180822600642,0.9636126203345433,0.0017736557721497908,3.7531723715256065e-134,0.003182479871887226,0.00013024065041342418,9.195144999861167e-06,1
0.022778529592865245,0.9728906472862761,0.0014295961089398077,6.331181816540205e-94,0.0028035833132565397,8.920658676601166e-05,8.437111896285922e-06,1
0.02295517378008839,0.9749974614453447,0.0013133769081938554,5.8500123370721046e-08,0.0006327608285287571,9.019237464591601e-05,1.0976163074868628e-05,1
0.07904010482842856,0.9199718770993315,1.559809771736047e-05,1.4680433107408582e-07,0.000919692894392851,7.879798065504946e-06,4.470047773328796e-05,1
0.054854996564209765,0.9444913401187774,1.1326246899285716e-05,1.307726764891141e-07,0.0006180511318948624,6.584782868692082e-06,1.757038267333653e-05,1
0.0530546444999365,0.9468356356788301,2.1768540722057074e-05,1.7141037941607372e-07,5.342560481241174e-05,1.0048949935292425e-05,2.430531538427853e-05,1
0.05574681858569816,0.9440845724047174,2.2813020502787497e-05,1.796348478263981e-07,0.00011280968575252427,1.053111018475509e-05,2.2275558296215095e-05,1
0.07602072331384967,0.9221965876807033,2.3989664537690718e-05,1.8978980826685826e-07,0.0017247905640557205,1.0184166328619905e-05,2.3534820716755226e-05,1
0.14061776718684396,0.8557073095434239,3.147670812431624e-05,2.7205905283677074e-07,0.003598143385604344,1.3667571440171381e-05,3.136354551046274e-05,1
0.21410770106395452,0.7838221297389631,2.504449318279658e-05,2.3432372991127346e-07,0.0020029643814269567,1.1053145270934488e-05,3.087285347162715e-05,1
0.17891885392498805,0.8192705195136568,2.144277576137269e-05,2.5654879426521774e-07,0.0017571281423992104,9.463562060234898e-06,2.2335532340016265e-05,1
0.1177755638074542,0.8807988648204002,1.3612191405972326e-05,1.4543776985126662e-07,0.001389554780055795,6.083052458517201e-06,1.617591045553445e-05,1
0.09356706732446125,0.9063847616168743,1.0222585566890939e-05,8.90680990333222e-08,2.1620212235493868e-05,4.497851816382599e-06,1.1741340946679086e-05,1
0.12397065512524032,0.8759763985207971,1.5065927151112766e-05,1.1831356773178938e-07,1.6387008383388853e-05,5.974722660638536e-06,1.5400382199811525e-05,1
0.1639356620583225,0.835992470180671,2.0387982962644995e-05,1.6332949863164335e-07,2.039186348357187e-05,1.0531301866028105e-05,2.0393283195482197e-05,1
0.02088023742913906,0.9790816448941957,1.5405066259804825e-05,3.5666563398332687e-07,6.8388607344040855e-06,1.0362089408261175e-05,5.154994628970652e-06,1
0.7930770764305406,0.13676541266908468,2.6748380186842764e-05,3.659672995997531e-07,1.1631877580095245e-05,1.6914567932503016e-05,0.07010185010737549,0
0.836380590795926,0.12321196635499326,3.642307928583454e-05,2.6251985486061596e-07,1.0878329223096482e-05,1.498838398405397e-05,0.0403448905367327,0
0.8409690532601369,0.10202733939807823,4.6784193537220366e-05,2.920077611654785e-07,1.9514947196781143e-05,1.8257830546373604e-05,0.05691875836274348,0
0.8976002702353445,0.08980358379184171,4.149995810850409e-05,2.46350667393792e-07,1.4770000307984082e-05,1.5349446413366706e-05,0.012524280217316455,0
0.8960263667018618,0.09823965817684502,4.0530583670178066e-05,4.0355865290600786e-07,1.2195930645987155e-05,1.2058941831141555e-05,0.005668786106493166,0
0.9651867805906721,0.0325748053683492,5.227244070021523e-05,2.970728936856496e-07,1.561904074742013e-05,1.7712792187467282e-05,0.002152512694450045,0
0.9679732670011437,0.02793567429200038,4.038930994123522e-05,3.8546267290789996e-07,1.413618133092032e-05,1.604071911866523e-05,0.004020107033792336,0
0.9880121116554675,0.004477519377899223,4.7133395476286536e-05,3.323379471466206e-07,1.8338084128562315e-05,2.4092545190565618e-05,0.00742047260389063,0
0.9873677464215068,0.0049604475610316,4.9853701418302237e-05,3.71997027704738e-07,2.0526433554140637e-05,2.6967595117203043e-05,0.00757408629034414,0
0.9782729027626429,0.014434800180848613,3.888175855132258e-05,3.2480449573521607e-07,1.7979721569366786e-05,2.2578743594859416e-05,0.007212532028297357,0
0.9823625579560463,0.01283006341879351,4.088312761423171e-05,3.207691695550675e-07,1.7613652653746946e-05,2.313560320973203e-05,0.004725425472512533,0
0.9637382539018496,0.030300500496339335,4.42098132703082e-05,3.1998807315537617e-07,1.9038581176776456e-05,2.2577573440546486e-05,0.005875099645850174,0
0.9516018648022063,0.04323333791207062,3.828061535027128e-05,3.0217893562732194e-07,1.6197816963588075e-05,2.1321004386308026e-05,0.005088695670087364,0
0.712661393942015,0.2755021927528656,4.8188105566467894e-05,3.365594474774599e-07,1.5581978608072946e-05,2.444464551047081e-05,0.011747862015986914,0
0.2614978668037482,0.7369444211444037,1.9362293279655463e-05,1.4966956721503597e-07,7.5579270497786616e-06,1.015569995288307e-05,0.001520486461998489,0
0.08965527358174351,0.90990349803151,1.1475727876913838e-05,4.662305615711285e-08,4.328263317994683e-06,4.171741175030722e-06,0.00042120603132019154,1
0.0681516283155952,0.9315770348948188,8.723296574465001e-06,3.544060563553628e-08,3.6138989813117368e-06,3.927575065696824e-06,0.00025503657835905324,1
0.21471097697094826,0.7851007995086375,2.0848102921674687e-05,8.44584222067125e-08,3.582034080824478e-06,5.398646046916152e-06,0.00015831027894243544,1
0.31392590288348976,0.6856173399623645,1.0267100079194162e-05,2.2283155802284754e-08,1.1982750922737808e-05,7.324062891688785e-06,0.0004271609570961927,1
0.2306114405532797,0.7689898104628736,1.4502706510402714e-05,2.6041695108061877e-08,1.1086853109422454e-05,8.559425535142253e-06,0.00036457395699678334,0
0.5612287985766736,0.4385531258537356,1.740108616567717e-05,2.5059953542280812e-08,1.1975819011328178e-05,7.278350163362791e-06,0.00018139525429686573,0
0.4955776197645418,0.5041564444600897,1.5558025080806744e-05,8.90046415398838e-08,1.3688090452239913e-05,8.048567833656351e-06,0.000228552087360397,0
0.5092113559335673,0.49049779546115546,1.617392519673277e-05,1.3966277735510203e-07,1.2133431275243374e-05,9.585830845089424e-06,0.00025281575518284777,0
0.5932261153749399,0.4065774024828066,2.7018653863709143e-05,2.479688158290478e-07,2.5917998580120065e-05,1.8820868239066102e-05,0.00012447665275477034,0
0.5867532417999669,0.41308260634171706,2.4450068181692095e-05,2.2439513398915705e-07,1.9547407291035284e-05,1.5341401920170262e-05,0.00010458858578908367,0
0.6170286603470839,0.3827897655242968,3.102032152951244e-05,2.814494213234147e-07,1.9036133092271855e-05,2.1759497004285356e-05,0.00010947672757194997,0
0.007810915266615576,0.9639787728761687,0.0027123860742649507,1.2028383542265843e-07,0.025105652437939913,0.00038826082427061593,3.8922369046961355e-06,1
0.007950960862821365,0.963442928793736,0.003071781411030679,1.2021697359619807e-07,0.025091697031790934,0.00043862161030920984,3.890073338265534e-06,1
0.008591438261727825,0.9793225941067123,0.00330259450382422,1.1783835999825914e-07,0.008366382402402912,0.0004130597826436373,3.8131043291266224e-06,1
0.00830366077596211,0.9796758610201641,0.003914698513689428,1.0849607033289883e-07,0.007703091027204094,0.00039906936757859993,3.5107993312679815e-06,1
0.006542978568306681,0.9804894748280734,0.0035710007576772763,1.039883315000139e-07,0.009187905145640366,0.00020567899765300797,2.8577143177727595e-06,1
0.02667622593008637,0.9705513696618753,0.0012188638015627334,7.18352557839021e-94,0.0014414804153878536,0.0001024872217951245,9.572969292458396e-06,1
0.04044934118693786,0.958327362093945,9.591962221365711e-06,1.3019350246990013e-07,0.001180313217447412,5.1137148678413135e-06,2.814763107822497e-05,1
0.06379400930103293,0.9354051764196771,1.0777298929375763e-05,1.2436933420544357e-07,0.0007669138875649579,6.279922603659645e-06,1.6718800857679894e-05,1
0.06600600320373716,0.9333257312764022,1.0891463234769712e-05,1.2575267083251056e-07,0.0006334701620036349,6.346446043964375e-06,1.743169590773329e-05,1
0.10307077681388607,0.8941446288967184,2.250701700370707e-05,1.808488605041519e-07,0.0027297538060999434,9.726515905403475e-06,2.2426101526010813e-05,1
0.1068942315990294,0.8918728549798064,1.2794027080566603e-05,1.47038973422992e-07,0.0012006966293070934,5.717428999171284e-06,1.3558296804029602e-05,1
0.0998950688572492,0.8990802586284862,1.2670705722978715e-05,1.3329100366218893e-07,0.0009914685931557755,5.575004129633538e-06,1.4824920252647186e-05,1
0.12056599743134122,0.8793788237019681,1.4286482519035922e-05,1.2312310402812638e-07,1.5372051895399305e-05,7.93883888743762e-06,1.7458370284747913e-05,1
0.9329940859969145,0.0420425559294354,2.860356993791161e-05,3.1034288414378267e-07,1.5329951187361238e-05,1.788649808326e-05,0.024901227711557682,0
0.9312431614720587,0.0645965807760898,4.523145689657445e-05,2.4845730049493076e-07,1.489630388930498e-05,1.4096811290830335e-05,0.004085784722474365,0
0.9566428288566886,0.03826860425449252,4.742999140297677e-05,3.2546665572412614e-07,1.8438573292713864e-05,1.731940454824543e-05,0.005005053452919323,0
0.9581584029137364,0.0382879668404799,4.037026459345154e-05,3.206733639074202e-07,1.5241228507780303e-05,1.6241746564587758e-05,0.003481456332754111,0
0.9577927634088746,0.03894583550598095,3.591670342868194e-05,2.6805716143362275e-07,1.2001941248312452e-05,1.3077754272336345e-05,0.0032001366290335975,0
0.9932338815623636,0.0048345235573777606,3.0441268808861176e-05,1.9916133599912972e-07,1.1252912012325363e-05,1.0887002809231046e-05,0.0018788145352923607,0
0.98253746927299,0.009714775173612354,3.148850255961897e-05,2.2697891304761594e-07,1.610981236544199e-05,1.3533480850002703e-05,0.007686396778709675,0
0.9758576161770266,0.00917658592376255,3.475401610512298e-05,2.3880995164226717e-07,1.3338870615344064e-05,1.553571700135385e-05,0.014901930485537472,0
0.9790435875527296,0.009047498529524012,3.4703508620085234e-05,2.3621749178077418e-07,1.3194067241656654e-05,1.536706522420406e-05,0.01184541305916838,0
0.9863451698866875,0.004877555251971407,4.989413509948818e-05,3.7229873467518196e-07,2.0443176023100918e-05,2.6989467096861517e-05,0.008679575784387083,0
0.9864440001513298,0.004531643130500396,4.9807060062124077e-05,3.7164900046959226e-07,2.050722975038627e-05,2.4369187725506377e-05,0.008929301591631014,0
0.9889279974151817,0.0040676441023185135,4.470727025081332e-05,3.3359552404246296e-07,1.8407475996424813e-05,2.1874004610553487e-05,0.0069190361361179025,0
0.9883077465105996,0.00414924249292205,4.541980495401938e-05,3.575219396093788e-07,1.8776736526254707e-05,2.231280494002632e-05,0.007456144128118329,0
0.9805422060704597,0.014163785709753596,4.253924556630545e-05,3.1870626662791244e-07,1.603769424067661e-05,2.248713231652268e-05,0.005212625441396558,0
0.9586855167567931,0.03594598899580422,4.616691411241144e-05,3.341534559315114e-07,1.9828581462276505e-05,2.3577048098423347e-05,0.005278587550273626,0
0.960562640362293,0.034606997480139776,4.36459482210226e-05,3.159068505196375e-07,1.8745832517451845e-05,2.228961238350775e-05,0.004745364857594616,0
0.6547883590182428,0.33416586277683147,3.986471076596939e-05,3.0815223802876903e-07,1.426031233270461e-05,2.2381401794926467e-05,0.010968963627794186,0
0.5295984051629873,0.46778966593796395,4.196254194832545e-05,3.046567968910327e-07,1.5384382336146294e-05,2.056266801070288e-05,0.002533714649956605,0
0.1702467773566546,0.8283763158636113,2.3373696655625045e-05,1.6586149432672046e-07,8.420329628650676e-06,1.1194743982092389e-05,0.0013337521479732531,1
0.07595788408906502,0.9237903457588238,9.521262470708419e-06,7.59703137694268e-08,4.8818181510542794e-06,5.6286929254371305e-06,0.00023166240825020786,1
0.07073113535113727,0.929085039735087,8.86609352808884e-06,7.074270973100026e-08,4.471665762342951e-06,5.241376138022218e-06,0.00016517503563745096,1
0.07323929714749991,0.9265924560058446,1.031143555362895e-05,7.378926785030618e-08,5.050611296749588e-06,5.4670977295522225e-06,0.00014734391280773942,1
0.33510896773306,0.6646717585644206,1.617887955299579e-05,2.7538484043890647e-08,1.3905877535288257e-05,9.051392489861916e-06,0.0001801100144570453,0
0.32182167484365554,0.6779827388467862,1.3434359210313589e-05,2.2959757767075324e-08,9.774765457287089e-06,7.546449495576294e-06,0.0001648077756374004,0
0.5101249895775546,0.4895878722433943,2.4731803200861426e-05,3.2601750734256594e-08,1.546374188017627e-05,9.468770857146296e-06,0.000237441261362288,0
0.49046380583085847,0.5092656558797758,2.1418344846491342e-05,3.061746804425037e-08,1.4522552077650898e-05,8.892460760776921e-06,0.00022567431421278172,0
0.5056100833121905,0.4941186931758586,1.6454811457391477e-05,1.3724286076456754e-07,9.551088215728993e-06,9.419738550955035e-06,0.00023566063086597822,0
0.6508224922743542,0.3489719518625287,1.6608460784185287e-05,1.3796454058215805e-07,1.3472053004282139e-05,9.868153905294607e-06,0.00016546923088282944,0
0.5173705587045412,0.4824446576871502,2.8982688543305537e-05,2.659941162827042e-07,1.8923048335846456e-05,1.9996029769994995e-05,0.00011661584754319447,0
0.006744142803135965,0.9808799312484843,0.003740241978525325,1.1535384805175964e-07,0.008189985030375173,0.0004418508770513643,3.7327085797364915e-06,1
0.09805636688254779,0.9001771865468262,0.0009226383936396924,7.3177454280726e-08,0.000627323613854922,0.00016862212259674122,4.7789263080183804e-05,1
0.08963447983947542,0.9093724853442511,1.2776521566768979e-05,2.5528870225646417e-07,0.0009355643432228456,7.940702048304228e-06,3.649796073322983e-05,1
0.05354882935875627,0.9457039629297562,1.1242715847897843e-05,1.2583343626670186e-07,0.0007120601928569524,6.336077823616381e-06,1.744289152273978e-05,1
0.08585209182046928,0.912484098318882,2.258850015124957e-05,1.7786692414537934e-07,0.0016064536570784638,9.369008546626087e-06,2.5220827948179657e-05,1
0.09700071476468095,0.9029538502215945,1.606009329288653e-05,1.2438730111705948e-50,1.1158785639255431e-05,5.806459472230831e-06,1.2409675320226526e-05,1
0.019451651785648005,0.9803108053090717,1.1933991044630608e-05,2.2912957727193015e-92,1.148986710172535e-05,7.6284011007269125e-06,0.00020649064603326712,1
0.025639274773242227,0.9739838241661799,1.4522174878592416e-05,1.2688768855206775e-07,1.3772082264301106e-05,1.064457493613533e-05,0.00033783534081023657,1
0.9050878017626584,0.07268403964409585,4.076519954116448e-05,3.6059313718011126e-07,1.2911098857505717e-05,1.9453600457161117e-05,0.022154668101252824,0
0.8871064237058157,0.102660717612157,4.0198339970436945e-05,3.6094422228781917e-07,1.1790885963737568e-05,1.6497353322752127e-05,0.010164011158548095,0
0.9073588783217135,0.08662235919746208,3.651517793824215e-05,3.691845035950129e-07,1.2282979705096299e-05,1.8625741508992607e-05,0.0059509693971684,0
0.9174019142566858,0.06689332842548175,3.4416181549816776e-05,2.480551112774346e-07,1.1081390144946512e-05,1.2984347760936713e-05,0.015646027343265312,0
0.907515736195424,0.06593684680555172,3.6910182942876265e-05,2.6603066130136635e-07,1.3271652910593502e-05,1.484529820372993e-05,0.02648212383430554,0
0.9229006861644007,0.0724777499505696,4.020309254743929e-05,2.4345747801484943e-07,1.498737193333267e-05,1.5247132320241239e-05,0.004550882830750668,0
0.95529752900314,0.04100750764850544,3.008671589873254e-05,2.0610641697237107e-07,1.3637596731338096e-05,1.3206629285222383e-05,0.003637826300022475,0
0.915265448102217,0.08346949741461375,4.4455402603245284e-05,2.4419441868683525e-07,1.4640722013742919e-05,1.2681595235835396e-05,0.0011930325688977335,0
0.9243570616860742,0.07455274466507272,4.462184917115835e-05,2.451087130248418e-07,1.4695538701665091e-05,1.339868119422597e-05,0.0010172324710730548,0
0.9368974390287585,0.06161275888071437,4.457237304408819e-05,2.4483693966589593e-07,1.4679244479133454e-05,1.3383824910462484e-05,0.001416921811153876,0
0.9569378000382318,0.041609223920989584,3.7502313271377095e-05,2.3195690730086861e-07,1.3907019731334404e-05,1.2679747746902728e-05,0.0013886550031218987,0
0.9523720398150349,0.04501263581392836,4.3347161280026427e-05,2.46954086654175e-07,1.2977661842768912e-05,1.4724488533712668e-05,0.0025440281052933906,0
0.9845561457283217,0.005095909063235734,5.7261954946983895e-05,3.95561686184753e-07,2.1826708450153963e-05,2.59371530004768e-05,0.010242523830358705,0
0.9842687127180868,0.005191062471154716,5.738868144928343e-05,4.029478153357227e-07,2.223426786044048e-05,2.642146472368172e-05,0.010433777448909574,0
0.9843386702218979,0.005271178502640818,5.706491130190661e-05,4.091666925000948e-07,2.2577419443353576e-05,2.682923922292418e-05,0.010283270538800845,0
0.985845942517878,0.004790556990770627,5.6046280955938654e-05,4.893217699186767e-07,1.9501103239384803e-05,2.528708215007075e-05,0.009262176703236005,0
0.9799397672933685,0.014195487642227275,4.642134676127389e-05,3.194196073089013e-07,1.639238880811784e-05,2.253746388499128e-05,0.005779074445342397,0
0.9629446997322819,0.027633830318228098,4.6389624435539564e-05,3.356380102361586e-07,1.688972055890276e-05,2.368179460822022e-05,0.009334173171877198,0
0.49842066235234816,0.4919391750293508,2.8954620123662376e-05,2.3516052791997284e-07,1.1063133984880517e-05,1.707994170463422e-05,0.009582829761960017,0
0.13002472816054284,0.8687087815120244,1.8385115631078833e-05,1.3718005788507162e-07,5.919365854887034e-06,9.258903844474703e-06,0.0012327897620449777,1
0.09137527302541372,0.90766819837397,1.4738236825742812e-05,1.337360989702824e-07,6.703866617842826e-06,7.058823019846554e-06,0.0009278939380540796,1
0.0973459460529975,0.9015863745721542,1.4293275513604347e-05,6.27043457993493e-08,5.340830742216041e-06,6.608717899544312e-06,0.0010413738463470482,1
0.07403176747593328,0.925732358482322,8.922939939504638e-06,7.119628820604087e-08,4.500336580086386e-06,5.2749820799607965e-06,0.0002171045868567267,1
0.10119248139005461,0.8987023897659447,7.30498310855582e-06,6.140319136407034e-08,3.161920380901736e-06,4.325877733852161e-06,9.02746595860338e-05,1
0.5421001259247378,0.45750467207221085,2.352538250619085e-05,9.378021881095021e-08,1.3954541360896782e-05,6.977895339649721e-06,0.00035065040362573774,0
0.5959072039134495,0.4038215230926269,2.159514824095522e-05,2.8351926359520234e-08,1.595054655343742e-05,7.667096100930119e-06,0.00022603185110196193,0
0.5091031821115023,0.49061189403449934,2.183456458654004e-05,3.615833713202948e-08,1.5497161291755594e-05,9.493541963943915e-06,0.00023806242781906472,0
0.00833891030314551,0.9826512476417152,0.0025240319720681126,1.249763268378339e-07,0.006047582879127274,0.0004341345972520958,3.967630365039274e-06,1
0.007936900648200787,0.979527172698136,0.003075193355774835,1.2222394159293346e-07,0.009010711857901303,0.00044594419969266923,3.955016353060406e-06,1
0.028684017641698572,0.9677778320212177,0.0011623668390085737,3.769395444048831e-134,0.002213241206783473,0.00015735313940262144,5.189151889081628e-06,1
0.03949095795331394,0.9581011873520159,0.0007470014793792121,1.1465733946770298e-07,0.0014913356865368012,0.00014117636540460622,2.8226506010074347e-05,1
0.03851288595198904,0.9602016879853044,0.0001373421406968771,9.67117017300704e-08,0.0010506997018664714,6.229006976724759e-05,3.499743867400498e-05,1
0.04378092788678374,0.955066301907385,3.352068781976183e-05,2.4996838846999315e-07,0.0010398231872190162,4.342031850292644e-05,3.575604390123888e-05,1
0.0429007848086805,0.956479701165196,3.4896391446038025e-05,1.9024926077347604e-07,0.0005329915209225909,3.6952257640566055e-05,1.4483606853712694e-05,1
0.07456833772320474,0.9242290453627757,1.6730982847815965e-05,1.291756099423199e-07,0.001160930566918645,6.519193853043614e-06,1.8306994790294337e-05,1
0.07627970489035907,0.9209209585394174,2.0787278697483714e-05,1.850060481706821e-07,0.0027560141298249353,9.275295474066284e-06,1.3074860178781687e-05,1
0.09127557581396387,0.9059432681740669,2.238972804583204e-05,2.3007000931985163e-07,0.0027268216476179826,1.0248561934063535e-05,2.1466004362043493e-05,1
0.06850279302634822,0.9305616197611416,1.057690730954974e-05,1.112650409341525e-07,0.0009092093976934286,4.6537504081208165e-06,1.1035892058182368e-05,1
0.09428857182545654,0.9053138682879233,2.0265557666489857e-05,2.1029612887596e-07,0.0003527075413159017,8.366723896052501e-06,1.600976761283555e-05,1
0.08472751199757457,0.915211126723653,1.6925869831173467e-05,1.1856417104962127e-07,1.5417936977844062e-05,9.48303410425605e-06,1.941587368827429e-05,1
0.020030418033666907,0.9798518226823166,1.2402719399820679e-05,6.004943721524981e-08,1.2187798431960752e-05,9.06215899713051e-06,8.404655775036571e-05,1
0.02673921804772903,0.973116983945378,1.514518659518353e-05,7.332746168343241e-08,1.4882742686188611e-05,1.1065967433621631e-05,0.00010263078271613248,1
0.02603919797370488,0.9738207111240617,1.4748692777655092e-05,1.2886689158935524e-07,1.4493119525994798e-05,1.0776265643232505e-05,9.99439573951429e-05,1
0.02670909995653271,0.9732349908609887,1.7542882346263954e-05,1.429439076713411e-07,1.2460836990638708e-05,1.3323596177381421e-05,1.243892305682506e-05,1
0.9174700444042521,0.050827170361319084,3.34812881018172e-05,1.9072039543663157e-07,1.4129170871434567e-05,1.813827509772083e-05,0.03163684577996247,0
0.8841942204775249,0.10878162680638506,2.8543756035019417e-05,3.0402673023993415e-07,1.0079605601003986e-05,1.2059440098333645e-05,0.006973165887625464,0
0.9488618636795935,0.0447856603456411,2.2627325976457584e-05,2.878087064656544e-07,6.995636295018527e-06,7.234053468348152e-06,0.006315331150318931,0
0.9665343149650956,0.031982088267880245,2.3790821769937838e-05,9.672129556348399e-51,4.9506480836500695e-06,6.85134726847202e-06,0.0014480039499019715,0
0.9433369489003407,0.0525035714440628,3.972074746361635e-05,2.1818686298380979e-07,1.6426307267865948e-05,1.1975586608194594e-05,0.004091138827393774,0
0.9205311416807976,0.07442862302506878,4.47111628622024e-05,2.4559931492220683e-07,1.5216072501886295e-05,1.3153752091676598e-05,0.00496690870736269,0
0.9397344612605325,0.057388551382571096,3.942067997172486e-05,3.3881898480928506e-07,1.2730591910542737e-05,1.3027755294664173e-05,0.0028114695107347145,0
0.9798084789840913,0.014600426623427516,2.6677144942601587e-05,2.456917343702266e-07,1.2765174367596414e-05,1.617001689125681e-05,0.005535236364545339,0
0.9788618334420769,0.015958617864455616,3.233335605301416e-05,2.638144672803277e-07,1.3981177589035188e-05,1.5918342282304854e-05,0.005117052003075603,0
0.984593416605373,0.00601003800674228,5.8571360255190715e-05,4.092725846470826e-07,2.16120943618053e-05,2.683618261737793e-05,0.009289116478065549,0
0.9795470431899218,0.008975663323689983,6.848744370507044e-05,5.670485431248792e-07,2.331413491925265e-05,2.716171878933866e-05,0.01135776314043132,0
0.9635598391635871,0.026931459057638184,6.755831646636428e-05,4.374245476876381e-07,2.244831906319556e-05,3.0863602985977575e-05,0.009387394115711607,0
0.9643018040249268,0.02793534423593094,4.840247836845134e-05,3.330515315020138e-07,1.70919695366114e-05,2.349929901394158e-05,0.007673524940691486,0
0.9555743022510381,0.03661128952024831,4.924284348916181e-05,3.4033808113411715e-07,2.024989415514935e-05,2.401342008046995e-05,0.0077205617329075904,0
0.9609047692183269,0.03384881938492841,4.34734328086764e-05,3.146581939363413e-07,1.8721957592957206e-05,2.2201510238220283e-05,0.005161699837910871,0
0.8926959933742381,0.09902413713076902,4.568211433117636e-05,3.6060477501448204e-07,2.3265282277984704e-05,2.268906671955578e-05,0.008187872426889148,0
0.436092231382379,0.5538550305791039,2.830534558353321e-05,2.2988731960400587e-07,1.1806201514066827e-05,1.5037276865779659e-05,0.009997359327234173,0
0.09390453080728597,0.9056763050134456,1.172621197817347e-05,6.064166306259128e-08,5.880212909757989e-06,7.532378228631456e-06,0.00039396473448843406,1
0.07484256126955693,0.9247798749949608,8.470537679897901e-06,4.2623470505125075e-08,4.488671789027257e-06,5.998981773525741e-06,0.00035856292076942245,1
0.5517643594032715,0.4479060315291521,2.032754310685402e-05,9.724906191939792e-08,1.5756620254652855e-05,8.044874098624361e-06,0.0002853827810542398,0
0.5897744743955203,0.41004746021849836,1.679479711732721e-05,9.63843177224196e-08,1.2915122463192105e-05,7.623312067231591e-06,0.00014063577001588784,0
0.545019856105291,0.45455209818360465,1.7810390105926323e-05,1.3576906033946657e-07,1.3238084213035887e-05,7.444381915397079e-06,0.0003894170858097055,0
0.5348295124364315,0.46496135391704363,1.7051435835486336e-05,1.4059779556580697e-07,1.286062499681076e-05,1.0056502051426092e-05,0.00016902448584555496,0
0.5162743037959853,0.483559627646089,2.3154986751153405e-05,2.2679875236066747e-07,1.998928855625911e-05,1.4291979270000541e-05,0.00010840550459589453,0
0.5152574799249788,0.4845556668639106,2.8851388033466736e-05,2.6502285830816606e-07,1.8212980398491636e-05,1.8447833258712295e-05,0.00012107598656150082,0
0.007961498714268865,0.9825629262217698,0.002961079968193861,1.2260273839582472e-07,0.006047039317911222,0.0004633659013663504,3.967273751491488e-06,1
0.00968582945019091,0.9765831212647681,0.0034316168543294815,1.222779963566718e-07,0.009712458315201724,0.0005828950720146608,3.956765498700446e-06,1
0.033809926025677735,0.9652812999919093,4.7021052308420225e-05,1.5986234091392184e-07,0.0008044086929977991,3.1050183240968564e-05,2.6134191524879626e-05,1
0.034659423897176196,0.9646924519737666,8.953555228255122e-05,1.2890108852316395e-173,0.00048246938387201715,6.332796094583476e-05,1.2791231956636636e-05,1
0.07342529018488862,0.9227504746476356,2.1334582373944583e-05,2.2279036078255223e-07,0.003779163884104058,1.0992716015248127e-05,1.2521194621781484e-05,1
0.0909720374668056,0.9002818871807494,2.6936630788123586e-05,2.849224505438084e-07,0.008696699792052908,1.1281086750983868e-05,1.0872920402485608e-05,1
0.057319384650731955,0.9419242113516817,1.1007516033238037e-05,3.045734989859747e-94,0.0007292269240289017,5.81776471718478e-06,1.0351792807011367e-05,1
0.9273623978692054,0.06005487367184627,3.6854828610514834e-05,1.8493153312754466e-07,9.186955747645719e-06,1.2401835772571226e-05,0.0125240999072847,0
0.8979461953800597,0.09534510926910089,4.31603936130615e-05,4.023051927158826e-07,1.2969120636757495e-05,1.749703745359692e-05,0.006634666493943244,0
0.9432805488609359,0.05038190143138967,1.7602882769976145e-05,1.9500836974301382e-07,8.10279131015887e-06,8.48129432812982e-06,0.00630316773089624,0
0.956744805528248,0.03719195684163617,2.0780005083350988e-05,1.4333541954575057e-07,6.362481542924235e-06,6.851386660439695e-06,0.006029100421409798,0
0.9597575771620132,0.038407574597154166,2.3787179375150334e-05,1.306634536988823e-07,5.04806465115288e-06,7.875754701395599e-06,0.0017980065786513998,0
0.8980347797374363,0.10042989288239129,4.642755596372427e-05,2.5502749667561264e-07,1.5800194233521524e-05,1.3974778487984561e-05,0.0014588698239907593,0
0.9172273165250758,0.08009057637387942,4.4476273241555114e-05,2.7682742186848685e-07,1.381027826341809e-05,1.4508440147500902e-05,0.0026090352819702137,0
0.9756367588645308,0.01879059943241953,2.4837665598412133e-05,2.460582950589694e-07,1.1313897961136443e-05,1.325072666897624e-05,0.005522993354525828,0
0.9791708200666975,0.015320683255331513,2.6659783468672625e-05,2.455318383000134e-07,1.2221686834546776e-05,1.481518388114036e-05,0.005454554491948499,0
0.9788417970131094,0.016743840828834136,2.959128909085177e-05,1.7869532229800229e-50,1.367762849271062e-05,1.3915476837603672e-05,0.0043571777636354945,0
0.9744490718228082,0.023929047796372324,2.7391953922957778e-05,2.067467363901183e-231,1.352202973537754e-05,1.185254619359098e-05,0.001569113850967565,0
0.9764197315091173,0.0208841170700452,3.2492059723178964e-05,2.400534581674266e-07,1.3009636206469448e-05,1.6000739515439617e-05,0.0026344089319340546,0
0.9819114982751921,0.01070582821452897,5.101750890155096e-05,3.579996737665285e-07,1.8996957529092527e-05,2.1877315128881615e-05,0.007290423729045756,0
0.9907280278824558,0.004442963297325303,4.794956992540474e-05,3.3647135581757863e-07,1.785457508654395e-05,2.0285490886418584e-05,0.004742582712964455,0
0.9867118238048115,0.005215960310625738,5.653043230306337e-05,3.950114192173176e-07,2.204711500440077e-05,2.5901071754431107e-05,0.00796734225408178,0
0.9841347651856366,0.009269819750107657,6.57535424813515e-05,5.468924740843207e-07,1.709672227681957e-05,2.826221061393617e-05,0.006483755696409596,0
0.9521041785951333,0.03972890360758353,5.3273518873334784e-05,3.555725848183962e-07,2.204426943435935e-05,2.5088329286836128e-05,0.00806615610710381,0
0.929716884211434,0.06509087102073807,3.443575116665542e-05,2.876641183341856e-07,1.6195453377851087e-05,2.0296874486151488e-05,0.005121029024678972,0
0.8715527378659582,0.11788956138880972,5.363193091973997e-05,4.3558206374625096e-07,2.808987035966613e-05,3.09490420246783e-05,0.010444594319864234,0
0.09549158168705849,0.9038202071236736,1.1844271172155e-05,6.125220173238464e-08,4.454798438877847e-06,7.608214014654384e-06,0.0006642426534403339,1
0.08873243004523731,0.9110449728197012,8.432257804349676e-06,4.2430847414593013e-08,4.9771719966103025e-06,5.237532623000229e-06,0.00020390774179015073,1
0.08950882776617386,0.9102883779364512,8.56728054075241e-06,7.182278102212922e-08,3.430077413401755e-06,5.321399364644595e-06,0.00018540371727492538,1
0.09573803524648895,0.9041920295629025,7.348609157920752e-06,6.193713353621486e-08,3.5413719912841307e-06,4.0120259927933e-06,5.497124633318046e-05,1
0.12063757044989003,0.8792885958250267,7.957811271479061e-06,6.707174225565333e-08,3.06087958812223e-06,4.351220363569802e-06,5.8396742117786665e-05,1
0.12443597916261513,0.8754843976997668,7.450274708457079e-06,6.733289932171284e-08,3.0170607422792655e-06,4.5652763258392095e-06,6.45231929417985e-05,0
0.6049673492193766,0.39485558532936194,1.6172565592081545e-05,9.281336889777977e-08,1.4285556583030068e-05,7.454454322884117e-06,0.0001390600613945523,0
0.6350919244014679,0.36462989391617784,1.697788453812816e-05,9.743504527894667e-08,1.0691857782567583e-05,8.810917697495219e-06,0.00024160358729091586,0
0.5505627750954072,0.44905650807576697,1.804353660927735e-05,1.1294040084231746e-07,1.2393309822509568e-05,1.0213045764949188e-05,0.00033995399622843855,0
0.5647104742110471,0.4351062876437198,2.4326954752778018e-05,2.495350520824836e-07,2.1993190478604007e-05,1.7395440059436795e-05,0.00011927302489013037,0
0.5953960813076914,0.40440090413086294,3.610615052631006e-05,3.132398290470091e-07,2.2477819556109106e-05,2.5146091589754047e-05,0.00011897125994446245,0
0.014950526731813364,0.9669818596187569,0.003348030503231206,1.781582506236801e-07,0.013391987875610706,0.0013216491084346953,5.768003902346586e-06,1
0.053823998236240365,0.9428018188309517,0.000946487595560379,1.4820682090020116e-07,0.0021972688400066502,0.00020673967490561867,2.353861551435325e-05,1
0.04589030271880875,0.9526171692398091,0.00020598672166458325,2.7256829212157804e-07,0.001106533173219586,0.00014367145186352576,3.606412634244532e-05,1
0.04771627622235511,0.9513751839645179,0.0001551053628913746,2.05240432589828e-07,0.0006458561317621034,8.021725285710515e-05,2.7155825183789677e-05,1
0.04688073019905383,0.9524060008156029,8.112711287693379e-05,1.5792850455910243e-07,0.0005780482051901677,4.13952036901823e-05,1.2540535081640978e-05,1
0.06731009737894912,0.9299670683261874,1.5406120352705776e-05,1.6688215923258915e-07,0.002692632175545206,6.675647094909511e-06,7.953469711518653e-06,1
0.06550765922318719,0.9314653347101275,1.38911722884516e-05,1.2103203254996495e-07,0.0029897223725555764,7.3165252923013235e-06,1.5954964516611578e-05,1
0.056700463970484664,0.9423036625587953,1.5464107014369266e-05,1.2144056356338436e-07,0.0009562768865118751,8.002217793273742e-06,1.600881883670945e-05,1
0.05688447392362286,0.9415725750683744,1.769136576516928e-05,1.4180101385392693e-07,0.0015021237540383055,1.0029062920725545e-05,1.296502426470525e-05,1
0.04494098083915494,0.9541729014676873,1.6721747780749476e-05,1.2701123095388762e-07,0.000844132621574514,8.088300768299419e-06,1.704801180324077e-05,1
0.081497421971879,0.9184329247594955,1.6332692740071634e-05,1.291220043268674e-07,2.147944537914646e-05,1.0093892582381565e-05,2.161811591969464e-05,1
0.0867272254924488,0.9131975200667998,1.8512208956518106e-05,1.3740794388756526e-07,2.28578114224614e-05,1.07416317830376e-05,2.3005380645490707e-05,1
0.014932338736654392,0.9850176764368287,1.3572501831032936e-05,1.0503502633863497e-07,9.14764905649724e-06,9.574261667620087e-06,1.7585378935636005e-05,1
0.018468701715704843,0.9814881937167366,1.4460319789608145e-05,6.038507285109797e-166,9.252020238657412e-06,1.0479066722391424e-05,8.913160807768481e-06,1
0.9400450009018526,0.048927995024451415,1.7997213852806242e-05,1.993768508950245e-07,7.87617647035936e-06,7.908426961226222e-06,0.01099302287956053,0
0.9468773642387197,0.047660313422744405,1.9587052986985792e-05,1.3510672621557005e-07,5.869412148677196e-06,6.4580577826653296e-06,0.005430272708891158,0
0.9666835400090632,0.029139954153100178,2.0272367923904923e-05,1.3793280239844794e-07,6.444236156474742e-06,6.59314330948151e-06,0.004143058157643996,0
0.9523558422402215,0.04661843419509402,2.344182483072458e-05,1.2876641425534012e-07,4.87802507612962e-06,7.067581086474094e-06,0.0009902073672768605,0
0.9542393201606723,0.04504342235596485,2.6202556795499566e-05,1.4393117034370763e-07,5.878172215116287e-06,8.11414021610027e-06,0.0006769186829660698,0
0.9236329341718118,0.07405359639110118,3.604075548895242e-05,2.565016848944694e-07,1.1108665539270707e-05,1.2991522927512224e-05,0.0022530719914461606,0
0.9712673114082979,0.02262412752496819,2.4726428630573763e-05,2.449563082983622e-07,1.1263227993838468e-05,1.3740793780876238e-05,0.006058585660020251,0
0.9824763015803784,0.010138770460691972,5.535632020005804e-05,4.5805467325735377e-07,1.741920411340549e-05,1.979926623078445e-05,0.007291895113712192,0
0.9891715976182933,0.004198606720684656,5.1915869325617975e-05,3.3594276049527047e-07,1.633658309005298e-05,2.0253622451237137e-05,0.006540953643394498,0
0.9280377593605851,0.06431956748869502,7.066893968610818e-05,3.8622228537125746e-07,2.4923520485498622e-05,2.5055907714181153e-05,0.007521638560548891,0
0.911774351028368,0.07841522514782259,5.066893191794892e-05,3.4655008071620825e-07,1.847797232503841e-05,2.4451723531577655e-05,0.009716478645954055,0
0.3852554963992252,0.612342150118935,2.6982367529260627e-05,2.1153124031347455e-07,8.324075595647015e-06,1.4277202126607842e-05,0.002352558305347979,1
0.0880613516680415,0.911754105846005,8.438821248168335e-06,7.074585776770342e-08,4.981046094098011e-06,5.241609378231991e-06,0.00016581026337523345,1
0.07994708273712833,0.9198700143779645,8.363845016677917e-06,7.011730341716179e-08,4.93679109046268e-06,5.1950393530392e-06,0.0001643370921437647,1
0.5897890041180682,0.41005756217456313,1.67952108750481e-05,9.638669225277871e-08,1.4448677597771866e-05,7.741451509249279e-06,0.00011435198069428442,0
0.6354694955913505,0.36435508018392954,1.698797813217408e-05,9.749297180039773e-08,1.5005827087649795e-05,8.81615591349385e-06,0.00013451677061496875,0
0.5145143370927163,0.48525592470917783,1.762415654090709e-05,1.5070161620198065e-07,1.3534791012425118e-05,1.0779195409070975e-05,0.00018764935352729822,0
0.017806414795932198,0.9622595222135282,0.004924940439525274,1.6999255549733733e-07,0.014295798479429574,0.0007076504454900521,5.503633539541411e-06,1
0.01925518266745695,0.9568651951587969,0.00858378525298219,1.8167124169773223e-07,0.014614448632110092,0.0006753248778499563,5.881739562374155e-06,1
0.018957473902499446,0.9563518155809946,0.010141487219301493,1.7391120160314706e-07,0.01399019623924032,0.0005540713692638762,4.781777498656309e-06,1
0.14184200957151794,0.8516698304033509,0.0018233306926268567,2.978651842764827e-07,0.0035333234321591176,0.0011091660389444319,2.204199621635551e-05,1
0.0581226126960885,0.9334040966225637,0.004897660934152594,1.34735601635765e-07,0.003253221433352594,0.0003143087098175918,7.964868423261669e-06,1
0.13203307512768678,0.8657426598312828,0.00015077489302742095,3.573567251049917e-07,0.0018922283365610834,0.00017099149552736464,9.912959189467416e-06,1
0.10977107723940367,0.8863882622278637,1.8208219557242567e-05,3.1501835047412205e-07,0.0038057718276986417,1.0295417412651599e-05,6.070049713586646e-06,1
0.16604127767733923,0.8316968722587785,2.2715659937902355e-05,3.3808995748198857e-07,0.0022216981481602274,1.058355216540506e-05,6.514613661367168e-06,1
0.07753963549350362,0.916348538429948,2.353591136673207e-05,2.1568296877974804e-07,0.0060698191984459495,1.143652356109801e-05,6.818760205848127e-06,1
0.26547356319626975,0.7196151951129809,0.00024532133761124647,2.735716613419814e-07,0.014447623247866184,0.0002095757797941738,8.447753816492145e-06,1
0.2588899132802493,0.734375584194956,0.00012070521355493917,2.678071739273693e-07,0.006348456217704234,0.00025850680838764565,6.566477974134902e-06,1
0.19901455386201297,0.7907834364138105,2.2621584590956158e-05,2.1169215213141598e-07,0.01015188198828451,1.5154420957000382e-05,1.2140038192097002e-05,1
0.11726833294150298,0.8825402861662839,1.922738906330597e-05,1.200340455174932e-50,0.00013589178230475997,1.1718459127409855e-05,2.4543261717483804e-05,1
0.07188623789462578,0.9280416670557481,1.5572953951284468e-05,1.2764576260460467e-07,4.155981966481601e-05,9.711775119673254e-06,5.122855127631196e-06,1
0.09830987970097692,0.901622887523087,2.0251212867287175e-05,1.394485530107871e-07,2.9594228171939172e-05,1.1651345414952836e-05,5.596540929015462e-06,1
0.017768227310113526,0.9821936718588934,1.4400286227039872e-05,1.063556413953799e-07,9.990917834378015e-06,9.990128228219527e-06,3.613143062018555e-06,1
0.9153979204785614,0.04622300634824068,4.2074027052491754e-05,2.6257777348585877e-07,1.5030300267638953e-05,1.5013684195091274e-05,0.03830669258390939,0
0.9208935999264887,0.06488048615840922,3.7625114503311245e-05,3.1655032864849545e-07,9.347491366557923e-06,1.37673911661953e-05,0.014164857367737635,0
0.9623562833731012,0.03136263600732123,1.725045705851456e-05,1.6578976924032446e-07,6.2480918410537755e-06,6.941933155640414e-06,0.006250474347753249,0
0.9659200391662995,0.03320917192673453,2.0507171500053537e-05,1.126463046136318e-07,4.600493251976978e-06,5.659188724615382e-06,0.0008399094071847951,0
0.9588537030813186,0.040772767892314814,2.3601766849091493e-05,1.2964497897214815e-07,4.91130751817304e-06,6.513177735556121e-06,0.0003383731292846849,0
0.9078766048647926,0.0873277270570663,3.542593331127977e-05,2.3997225000990865e-07,1.0922829131041858e-05,1.1707570508562462e-05,0.00473737177294014,0
0.9594065543840838,0.03340067678859192,2.442447863326708e-05,2.2494508049521125e-07,1.2889657190953277e-05,1.3572996291513093e-05,0.007141656750128101,0
0.9708271253518254,0.025296717091207527,2.6043888640951017e-05,2.4840757267321874e-07,1.4105273279037239e-05,1.622644644597586e-05,0.003819533541028516,0
0.9828700170555353,0.009104606689804605,6.353356188298602e-05,5.32558158415238e-07,2.0252471605026758e-05,2.510842759048962e-05,0.007915949235422862,0
0.9837565340670222,0.009298108066748235,6.488384884488832e-05,5.438766854496141e-07,2.1754651371829676e-05,2.7888398591104195e-05,0.006830287090736368,0
0.9771770633605585,0.011872555511199314,8.45638883140748e-05,7.148949772634392e-07,2.2972091447252846e-05,3.4001225433407986e-05,0.010808129028070329,0
0.9808187453995856,0.01219554576578925,6.253131660353905e-05,4.2310595265463266e-07,1.5457903024812503e-05,2.471234082498996e-05,0.006882584168219221,0
0.9827574341588665,0.011472532340586646,6.041073895695583e-05,3.980220990963456e-07,1.4541480617233896e-05,2.3247268697199513e-05,0.005671435990176469,0
0.9804542395649283,0.011828992201337188,6.550763347953984e-05,4.432446200555858e-07,1.703278293985478e-05,2.8156513920818305e-05,0.007605628058774267,0
0.9267006951287572,0.06422689949945821,7.056712388109115e-05,3.85665838181371e-07,2.48876120890608e-05,2.501980858172377e-05,0.008951545161394656,0
0.2489878162104547,0.7476801487734702,1.6906878959691242e-05,1.3731247602834e-07,8.855024050411282e-06,9.756346610243778e-06,0.0032963794539788214,1
0.21667087350611236,0.7773386390944891,1.4712479864324369e-05,1.1949024083652446e-07,5.889044615452222e-06,7.858069570686722e-06,0.00596190831510725,1
0.10707349851107005,0.8911245035434011,1.37541171179891e-05,1.326635705854478e-07,7.649059386285998e-06,8.954065646658495e-06,0.001771508039807081,1
0.07158460669235604,0.9282275188414688,8.59129238783705e-06,7.202408149628683e-08,5.068741768170487e-06,5.336313855562961e-06,0.0001688060940821677,1
0.07400097506278931,0.9258906877381241,9.70804467996061e-06,7.269707281006912e-08,5.578754806500576e-06,4.466406657677522e-06,8.851129586957371e-05,1
0.09712354131034166,0.9028312833614162,7.710977817053637e-06,6.481584412564792e-08,5.415318211080999e-06,4.387954148153977e-06,2.7596262221759868e-05,1
0.1283628325501169,0.8715891314709349,7.51986265079499e-06,6.796181007987937e-08,6.911520539137287e-06,4.600932233142893e-06,2.8935701715063324e-05,0
0.4771133891544784,0.5227714570329217,1.7615417262729702e-05,1.204631243130532e-07,1.3810662619274621e-05,9.769971110058362e-06,7.383729848336399e-05,0
0.6207252535903348,0.37911532493559263,1.6272374027562516e-05,1.1310625327240418e-07,1.5206555231278131e-05,9.1733037237736e-06,0.00011865613483665612,0
0.5851217981585707,0.414587600744963,1.5737767492355736e-05,1.3073179327606122e-07,9.102096153885535e-06,9.350819064954488e-06,0.00025627968196191613,0
0.5394557066613495,0.4603351026763882,1.6328325311783933e-05,1.6297084730426198e-07,1.3111140942165052e-05,1.0084986552468923e-05,0.0001695032386085645,0
0.6155163108920869,0.3843786235424773,1.662075326906113e-05,1.407183280603357e-07,1.119471576590645e-05,8.867524210844095e-06,6.82418538619129e-05,0
0.0056758805156375885,0.9789124928150534,0.00351808661800181,1.1778901398711526e-07,0.011398579933136668,0.0004910308216037125,3.8115075529264047e-06,1
0.0519703794294101,0.9437243648197517,0.0014503359936866244,1.260425095731201e-07,0.0026523477087918674,0.00019499502784345863,7.450978006551736e-06,1
0.08342738345630041,0.9151144189015347,6.86511211304312e-05,2.1583166773906661e-07,0.0013355028409546789,3.668044684542303e-05,1.7147401566800832e-05,1
0.1043412786466918,0.8931067474334061,1.696094670770249e-05,2.6675605731303207e-07,0.002515715499697732,7.926828411452044e-06,1.1103889027762152e-05,1
0.1061171825704203,0.8875618858231995,2.19528050898257e-05,1.8384721172862043e-07,0.006282303805327688,1.024216663310258e-05,6.2489821179962345e-06,1
0.07259695834788557,0.914004487397836,6.894514018023637e-05,2.0020200564073418e-07,0.013257654099072848,5.914525326003017e-05,1.2609559759273537e-05,1
0.05710947389692046,0.9389314078781258,1.818600257410347e-05,1.4032757678044042e-07,0.003925744075069904,1.0280572751137262e-05,4.767246981937232e-06,1
0.05014349042276113,0.9475600563322029,1.5183090999569781e-05,0.0,0.0022662877471253244,7.773670610699087e-06,7.208736300327846e-06,1
0.12286778285277547,0.8763697113278839,1.8368873991328065e-05,1.1467444953241422e-50,0.0007180454542955415,1.0964520551096376e-05,1.512697050263605e-05,1
0.08289656389343818,0.9169979043533701,1.413607395093596e-05,8.824963901643566e-51,7.419570794284052e-05,8.924261113545256e-06,8.275710184359413e-06,1
0.11307521354569325,0.8868593054734755,2.2335017516774014e-05,1.6630020699384182e-07,2.5146706864537907e-05,1.2183359933624096e-05,5.6495963094079075e-06,1
0.09553936779760225,0.9043722916354264,3.3615574114947513e-05,2.535537727091419e-07,2.00834609277245e-05,2.576966419465778e-05,8.618313961425445e-06,1
0.9377186441339633,0.05479492825630834,2.4418955985665852e-05,2.396586853705407e-07,7.03646989455559e-06,1.042322363701025e-05,0.007444309301525803,0
0.9525917822418931,0.041741866168655786,1.7272421710971617e-05,2.058252847589469e-07,7.286158397418504e-06,7.924780027880699e-06,0.005633662404030067,0
0.8944015870467705,0.10386096228298687,3.119844844608703e-05,2.3284340524728963e-07,1.0425287109991947e-05,1.1359774241704473e-05,0.0016842343170393747,0
0.9507051873705874,0.0478395426060027,2.9718364249450442e-05,2.2290493422528514e-07,1.2439672435561796e-05,1.2184928530067427e-05,0.00140070415326062,0
0.9690196272822451,0.0282308705591846,2.3727381394845344e-05,2.2933596056083883e-07,1.3022334068199254e-05,1.3734411385566635e-05,0.002698788695761236,0
0.9901545473232412,0.006525893282153746,3.504061397453692e-05,4.4335042034295204e-07,1.0860047983769203e-05,2.0693585135360937e-05,0.0032525217970910676,0
0.9869016086498922,0.0076716786806255545,5.534947822654356e-05,4.5444631899662895e-07,1.7101112896288165e-05,2.159315541539455e-05,0.005332214476625207,0
0.9826946347371843,0.011422387308657992,5.9328988945281025e-05,3.962823933125682e-07,1.447792158874798e-05,2.3145657736648915e-05,0.0057856291034935866,0
0.9723329822570567,0.020265363048015534,6.4965023405914e-05,4.395731548667581e-07,1.689169770880405e-05,2.5674140371762694e-05,0.007293684260286581,0
0.7697955825062043,0.22050913725245674,6.240489536786422e-05,3.682897241583063e-07,2.9250011076674984e-05,2.598561944071341e-05,0.009577271425729289,1
0.40178492495606205,0.5918052059457531,3.124266407125855e-05,1.9804418050042152e-07,2.3783794377296702e-05,1.3973511530068686e-05,0.006340671084025644,1
0.2742646911562111,0.7035866542863279,1.9567038234090675e-05,1.512522355631071e-07,9.577047248660439e-06,1.0746796492281948e-05,0.022108612423250257,1
0.204526578409354,0.7901660269605688,1.4668016586293365e-05,1.165262134068049e-07,5.226650463189837e-06,7.791203914434865e-06,0.005279592232899801,1
0.10436062339966126,0.8943245242437778,1.5457014182121465e-05,1.1815724252011882e-07,4.77781683618212e-06,7.974967818854603e-06,0.0012865244004810611,1
0.07402392754493242,0.9257445399072932,8.917324222343124e-06,7.21608588606167e-08,4.8937096117054485e-06,4.71843103511301e-06,0.00021293092204645244,1
0.41896927384925026,0.5808026222031563,2.66555812937215e-05,1.3878644040202192e-07,4.141698726493145e-05,9.884196202194459e-06,0.00015000839639224092,0
0.5785172856572968,0.4213167363398255,1.6755925869765016e-05,1.0445694786270233e-07,1.3518531889220242e-05,9.445898730943443e-06,0.00012615318943993536,0
0.6453459218874839,0.3543309748830089,1.7357589655295636e-05,1.441874664681007e-07,1.2630722007476156e-05,1.0313259510869793e-05,0.00028265747086715567,0
0.5745722093220852,0.4251985291834724,1.545401977218694e-05,1.2837473416245578e-07,1.4143971823253064e-05,9.182226309172544e-06,0.00019035290180376968,0
0.6214392825655997,0.37837036621768483,1.4677617989507877e-05,1.4092781195034e-07,1.1441505613487437e-05,8.720916114123189e-06,0.00015537024918639065,0
0.5283980321292442,0.47143524974827217,2.836786143823645e-05,2.723812212045078e-07,1.9519612889603415e-05,1.9392888335341014e-05,9.916537859941205e-05,0
0.010645871447727967,0.9800716468735329,0.002003044049678608,1.3099368383656757e-07,0.00678188738240402,0.0004932605892419041,4.158663730713691e-06,1
0.005682474420402258,0.9851137763518041,0.0024856773964633152,1.2010696630830802e-07,0.0062127621245134925,0.0005013030862128761,3.886513637793674e-06,1
0.029508363216224947,0.9686482687389718,0.000912517248392492,7.889826715528932e-94,0.0007971965329819031,0.00012076916862370167,1.2885094804953138e-05,1
0.03649846737781313,0.961277999681082,0.000539795252383169,6.387293558317407e-08,0.001457600192698537,0.00019255015159515913,3.3523471492446686e-05,1
0.048050056799978876,0.9502286864095115,1.5521825885802468e-05,1.985903012027286e-07,0.0016848506281083547,5.898147028754808e-06,1.4787599185501053e-05,1
0.05698997804592331,0.941879033824031,1.4289586468151122e-05,1.8282470771484596e-07,0.0010972902435468267,5.307096986424522e-06,1.3918378336510905e-05,1
0.05791217140471937,0.9329931958705207,2.0669679507326852e-05,1.9778303239297842e-07,0.009038821169656716,1.0418074803794699e-05,2.452601775981547e-05,1
0.08232652785556291,0.9016241952814301,0.000311968935027842,2.163228382893356e-07,0.015575320696708623,0.00015137453749793789,1.0396370934033965e-05,1
0.15794789690087974,0.836232846481926,0.00016885113918851946,2.2890482222903587e-07,0.0054489080966538235,0.00017110958038088513,3.015889614893797e-05,1
0.059481080216205226,0.9374848607368954,1.7045688252581622e-05,1.3655415159147573e-07,0.0029880500579374312,9.463906729777422e-06,1.9362839827843965e-05,1
0.06150868357500026,0.9365142621180597,1.4804976694797067e-05,1.3121595629498253e-07,0.0019342224492405634,9.299508781974891e-06,1.859615626640635e-05,1
0.07443169694303199,0.9243458465261273,1.426084308512256e-05,1.2639332040587824e-07,0.0011832506349905843,8.156946840709449e-06,1.6661712603892722e-05,1
0.08130228747718306,0.9177281218126353,1.531434560312593e-05,1.148937276880129e-07,0.0009275093629865797,8.75953141334751e-06,1.7892576450979125e-05,1
0.07697138366878634,0.9223218558422855,1.731553376099377e-05,1.2364873641070343e-07,0.0006591925308019818,9.427015839814948e-06,2.0701759789010276e-05,1
0.08665254502670537,0.9132851872520314,1.7116188033901953e-05,1.4439158819705102e-07,2.5052663231646737e-05,9.31848696898526e-06,1.0635991440396858e-05,1
0.03316655509666431,0.9667682365970779,2.6314871729960775e-05,1.7848595698282252e-07,1.4360222569736461e-05,1.8287973380625542e-05,6.066752620352479e-06,1
0.9685066495664226,0.02601040522328586,1.290800493198794e-05,1.1320584782060135e-07,4.865170990922553e-06,5.7230846122790245e-06,0.0054593357439085355,0
0.9751403780964816,0.0237492390180021,1.9524443271118987e-05,9.131569544175471e-94,4.3452734658050145e-06,5.827401545188449e-06,0.0010806857672340166,0
0.8728504670998501,0.11568481881497078,3.233804275998893e-05,2.4134854040194024e-07,9.902920152531497e-06,1.2843137491457327e-05,0.011409388636234608,0
0.8937109182554884,0.10348344923938053,2.7799683461775225e-05,2.471165838736559e-07,1.0620161929649018e-05,1.3150078545422581e-05,0.002753815464610386,0
0.9308855052283984,0.06701534936734739,2.4601696972540666e-05,1.5889909084015325e-50,1.090267191964951e-05,1.1210123425450225e-05,0.0020524309119366174,0
0.973771937007424,0.021190244361980245,2.6580621709011434e-05,2.3357807802789742e-07,1.1358684062999317e-05,1.5569123692584888e-05,0.0049840766230526985,0
0.9716625718077826,0.023384662817479602,2.840168283280123e-05,2.495807118986446e-07,1.2136877221571155e-05,1.663577767075083e-05,0.004895341456300725,0
0.9842481177283587,0.01099325675279833,3.921505918541853e-05,4.614716129703971e-07,1.2186405720189593e-05,1.9482242261808034e-05,0.004687280340062558,0
0.9826167774130038,0.010254609986930837,5.629651253588185e-05,5.202236870251243e-07,1.37379130961795e-05,2.1962616152522976e-05,0.007036095334593483,0
0.9854255073772868,0.008644816424836568,5.869984048867287e-05,4.819544337271437e-07,1.4324391886246968e-05,2.290021187449839e-05,0.005833269799193238,0
0.9544367474808692,0.03720092106342225,6.591408910539489e-05,4.459948227400996e-07,1.6941299877084274e-05,2.6465439018491362e-05,0.008252564632884882,0
0.15113141144792908,0.8476798656365231,2.4065352231743936e-05,1.707695338681201e-07,6.905252159072275e-06,1.1526009815328664e-05,0.0011460555318077816,1
0.1354849707548684,0.8628209284421021,1.9295622339281706e-05,1.6300389807635798e-07,8.887890203722487e-06,9.819040170201613e-06,0.0016559352464182587,1
0.1414200878448294,0.8570109287731634,2.500127183018692e-05,1.6520198523959028e-07,9.345030822328516e-06,9.951448697899963e-06,0.0015245204286715422,1
0.0697302960808747,0.9295006779939797,9.275231440458204e-06,1.221022478085341e-07,4.195892223665658e-06,6.0382669780520185e-06,0.0007493944322555518,1
0.07786960858853151,0.921813639453102,1.1618983846516339e-05,9.52780946094399e-08,5.347355686720686e-06,6.230013412672576e-06,0.0002934603273257642,1
0.063984254223417,0.9358921021467311,8.936349076421984e-06,6.553970806963589e-08,4.194571749759388e-06,4.85588215768611e-06,0.00010559128716013069,1
0.05692552730039561,0.9429612509244837,9.490056807978295e-06,7.111980698594926e-08,5.679583046326735e-06,4.5666756946927476e-06,9.341433976505378e-05,1
0.06588699548219247,0.9340355686927866,9.344849542957138e-06,6.660205428526214e-08,5.3758689197323905e-06,4.276586163699829e-06,5.837191834046342e-05,1
0.15733957793816544,0.8425972307596143,1.2264798761090922e-05,9.132098873137818e-08,7.091286626691325e-06,5.2671573907857255e-06,3.8476738452701097e-05,1
0.5309598522493961,0.4689147897062752,1.562476121031603e-05,1.2833323941523983e-07,6.98286441606107e-06,8.808221833574413e-06,9.381386362918827e-05,0
0.5745706969849391,0.42519741001425454,1.5453979095509965e-05,1.2837439626605923e-07,1.6776044400036135e-05,9.182202140544642e-06,0.0001903524007740304,0
0.4520069227081793,0.5477414907565549,2.0130449937206977e-05,1.9016040798895877e-07,1.3838956725326473e-05,1.1767535047542825e-05,0.0002056594331477678,0
0.6169455530585425,0.38292115755453965,1.989629702526436e-05,1.9633101755116555e-07,1.179710063976211e-05,1.399063778394151e-05,8.740902045148057e-05,0
0.6070797028018807,0.3927628199083141,2.0892616819908087e-05,2.0634443573360454e-07,1.2423782808794204e-05,1.437187268291139e-05,0.00010958267305788095,0
0.012046040795648862,0.977955713098373,0.002841607446194119,1.2769663992975423e-07,0.006614656490357053,0.0005377983552956989,4.056117491562762e-06,1
0.06713066212111311,0.9299089065080306,0.0009435579714955258,1.839823879025222e-07,0.0016937162129089115,0.0003069504332445802,1.602277081960678e-05,1
0.03956513662219271,0.9577091504185523,0.0013731324054029115,6.383340205005042e-08,0.0011052059017486403,0.0002138080962360439,3.3502722465357726e-05,1
0.03852735457016323,0.9603728300258707,0.00041157211917794347,1.8832496384860325e-07,0.0005790873601785391,9.736991711233259e-05,1.1597682533502077e-05,1
0.058273836044686486,0.9395725011294854,0.0002854333547622945,1.8191622749233354e-07,0.0017943414155145942,6.250312206523461e-05,1.1203017258400749e-05,1
0.045848560246907526,0.9523877200055145,6.112292471068342e-05,1.9520798813649363e-07,0.001660181987793201,2.735851412607464e-05,1.4861112959800583e-05,1
0.043740815438947714,0.9489022041749663,2.6059902480791306e-05,1.6893429700563337e-07,0.007306441654052613,8.855947690736327e-06,1.545394756450366e-05,1
0.14245737160962713,0.8429733298367228,0.00026855836615888144,3.128696148360302e-07,0.013927940179474688,0.0003614433357678004,1.104380263412573e-05,1
0.15897292983270936,0.8250859807575119,0.00023406063091164738,2.4905880052974406e-07,0.01535945164293048,0.00033383866366361764,1.348941347266983e-05,1
0.06825060627240508,0.9269821650649878,8.527055873842226e-05,1.3894666691903171e-07,0.004591857627255578,7.026976376404563e-05,1.9691766182108984e-05,1
0.07630007268836544,0.9219563216381516,1.4434934727975176e-05,1.2793628814374025e-07,0.0017039211650588936,8.256524142534053e-06,1.686511326559525e-05,1
0.0766535735604398,0.923241866506974,1.588879203689789e-05,4.026858692529697e-217,7.053525890505133e-05,8.262593516880323e-06,9.873288127471372e-06,1
0.09967093560892508,0.9002746555008536,1.5549321239887192e-05,9.808564090695173e-51,2.111116815900062e-05,8.086059693538871e-06,9.662341128985555e-06,1
0.2807000452459306,0.016077261102224984,1.3695487314560914e-05,8.547150861919347e-08,4.36800063225161e-06,4.8870939114566835e-06,0.7031996575984775,6
0.6852134119836052,0.056817777954309215,3.279609561711966e-05,1.6694091931690008e-07,7.711814919909847e-06,1.1702949703700654e-05,0.2579164322609254,0
0.9297490081990568,0.06007928706670607,2.991964545698256e-05,2.6327175495820243e-07,7.774215452680897e-06,1.1450202086332652e-05,0.01012229739948622,0
0.959899754680586,0.03735981447784376,1.7120914080567604e-05,1.8920434038919318e-07,7.077309554390445e-06,8.162386057191058e-06,0.0027078810275377972,0
0.9602142657776205,0.032850727091990724,1.5051632426697788e-05,1.302112627658798e-07,5.368925513529564e-06,6.582787803168708e-06,0.006907873573382741,0
0.9626014796888941,0.036199795993812185,1.30329000573693e-05,7.162862756514068e-94,4.644706740295695e-06,5.03586410100502e-06,0.0011760108463950126,0
0.9584228165064833,0.04038314215265558,1.4539017174794636e-05,3.7529331018434396e-137,5.1202686550039085e-06,5.393199403613264e-06,0.0011689888556279677,0
0.9708448952110901,0.028447228170522823,1.625670935649223e-05,7.603252496722858e-94,3.371797113453703e-06,4.852090884652043e-06,0.000683396021032386,0
0.8884017361267719,0.1085708247627199,2.763453656739988e-05,2.4564856225278047e-07,1.1255896298800543e-05,1.3071959143971319e-05,0.0029752310699358245,0
0.9220194026505644,0.07664041484559539,2.7437650748288282e-05,1.5738567632139598e-50,1.111967619560629e-05,1.1872319289539289e-05,0.001289752857606649,0
0.9883327692330514,0.0074501572336762205,3.2619421779087954e-05,2.890068928357857e-07,1.3252815504428846e-05,1.926372586228989e-05,0.004151648563233611,0
0.9779826478127531,0.014532308017456473,5.603101194487804e-05,5.177702544741947e-07,1.3673123575800776e-05,2.185903802119969e-05,0.007392963225993693,0
0.9843286374797744,0.009250061929188234,5.0781670684492414e-05,3.391913860831429e-07,1.2392138470348587e-05,1.981114443130869e-05,0.0063379764460650195,0
0.9796680993454112,0.012466043068744685,6.903554980746138e-05,4.67115577519587e-07,1.795008417410293e-05,2.771874963812331e-05,0.007750686086646947,0
0.9507639202159546,0.03443876108053644,8.265893912223457e-05,5.684809290952873e-07,2.4336526136935945e-05,3.323528848085932e-05,0.014656519468839828,0
0.9540670241891113,0.03835757384074378,6.292567158813025e-05,4.257742787111181e-07,1.6361441385910655e-05,2.7046734158110154e-05,0.007468642348734226,0
0.8854098435522375,0.10748173866096665,6.129485629895001e-05,3.349907269931336e-07,3.335792785092096e-05,1.9789542158246438e-05,0.006993640469760864,0
0.3680760823724746,0.6283999103740033,2.3787689157259005e-05,1.4098056116357866e-07,1.6764990833086837e-05,9.146017886079699e-06,0.0034741675750846013,1
0.2821601805432084,0.7078433912553104,2.3011458948303017e-05,1.7280224818631304e-07,1.2707630106649475e-05,1.2409767096731829e-05,0.009948126543081253,1
0.1580480463864644,0.8410922665909257,2.1092795690455785e-05,1.692162488107279e-07,6.952870501373313e-06,1.1421171566889504e-05,0.0008200509686024534,1
0.0867728525449329,0.9120891084213595,1.3445406521888766e-05,6.617429160636998e-08,5.8802955724746085e-06,7.980628446708962e-06,0.0011106665288749375,1
0.4440248132915325,0.5557955768058915,2.4676449938460746e-05,1.4543610432280133e-07,2.2091692693480387e-05,9.521853916452824e-06,0.0001231744699232172,1
0.5659005921853985,0.4338578042621683,1.7613291419201452e-05,1.53845593023427e-07,1.6693500452974815e-05,1.1004073823609935e-05,0.0001961388411444164,0
0.4784515402559288,0.5214083886934757,1.9636287300832765e-05,1.9376531531491363e-07,1.4063478945774094e-05,1.221033996396061e-05,9.396717906965349e-05,0
0.5555558755743003,0.4443196634488631,1.7891610948167503e-05,1.7654934376094671e-07,9.649128041440411e-06,1.1125456092241019e-05,8.561823241095727e-05,0
0.5820202119131161,0.41783702506959036,1.9708834208863773e-05,1.9448118763305564e-07,1.315045213331406e-05,1.3557557601328989e-05,9.615169216238696e-05,0
0.006392366634079006,0.9843189708251654,0.0018519614617836149,1.2662485454428803e-07,0.006875322647037438,0.0005572318408147847,4.019966265375209e-06,1
0.006180594994399,0.9829694814471691,0.0032271291720860455,1.284548769076805e-07,0.00716280140111728,0.00045570788859899296,4.156641752663056e-06,1
0.007635337192826402,0.9788648876466669,0.002915478570058416,1.252044804133331e-07,0.010270074034275555,0.0003053127246532825,8.784627038803975e-06,1
0.02959222885014632,0.968197929767001,0.0008781855540937918,1.2972485369190127e-07,0.001091361024815697,0.00022529308169595935,1.4871997393655572e-05,1
0.030993507068120593,0.96676789678323,0.001066819533746132,5.607672422890416e-08,0.0010057840226406591,0.0001522306775772093,1.3705837961199254e-05,1
0.03866583371982434,0.9588220118358999,0.001108141186788777,6.429379305673068e-08,0.00120486867981897,0.00016533592691080214,3.374435696433464e-05,1
0.04935286077548461,0.9494188086362443,0.00045822293470044036,1.9808033186588167e-07,0.0006203737850942851,0.00012332733205899373,2.6208456085487313e-05,1
0.056191201513387704,0.9412582122607395,0.00048078401949676336,1.8105561425058568e-07,0.001982766254999811,7.570487798099093e-05,1.1150017780932386e-05,1
0.052703424038782996,0.945526603968458,0.00014185000689969328,2.105796291520755e-07,0.0015541318781917698,5.774817765302574e-05,1.6031350385485928e-05,1
0.062215397806810395,0.9280628291096933,0.00011244767786666882,1.6591938919692092e-07,0.00954389805622123,5.303327787544451e-05,1.2228152143688336e-05,1
0.05299771824050782,0.9345538978384225,0.00013076566661477293,1.737465503479421e-07,0.012192777480095925,0.00011186201892828908,1.2805008880391114e-05,1
0.06356699758856572,0.9280433118662477,0.0001558522141416511,1.2553286901484154e-07,0.008070960126863107,0.00014495260586235278,1.7800065450487748e-05,1
0.06893014064694972,0.92443933447475,7.941189162777703e-05,1.3261783965353132e-07,0.006428406595869474,0.0001037789393199374,1.8794833643296718e-05,1
0.09168488105883478,0.9060052115764935,1.7804733377939677e-05,1.5360070149528746e-07,0.002260814768086975,1.0885955586542864e-05,2.0248306918850205e-05,1
0.1149579837737753,0.8849819715184947,1.7375455358906356e-05,1.096049562958812e-50,2.359049338951992e-05,9.035697897483015e-06,1.0043061084084517e-05,1
0.8873807489836001,0.07419068517501592,3.51394804584087e-05,2.0190141713627421e-07,9.326810750735079e-06,1.484972798251203e-05,0.038369047920775064,0
0.9440250596523916,0.051596295099279224,2.7183280489053784e-05,2.699933491985241e-07,7.972699037895178e-06,1.1742537329079187e-05,0.004331476738123963,0
0.9656437580875662,0.03356915609984223,1.3074090218773789e-05,1.0407106370422827e-07,4.370107310593241e-06,5.077334217469047e-06,0.0007644602097809371,0
0.894464644970612,0.10298468661632088,2.621269659137883e-05,2.448106769064562e-07,1.0676762891422842e-05,1.2399386472796573e-05,0.00250113475643468,0
0.8930358118272436,0.10396586602472324,2.6154005762571546e-05,2.161345612214749e-07,1.1196270188382963e-05,1.2886892910183887e-05,0.0029478688446106754,0
0.9507639202159546,0.03443876108053644,8.265893912223457e-05,5.684809290952873e-07,2.4336526136935945e-05,3.323528848085932e-05,0.014656519468839828,0
0.9544903811604291,0.03837459460121091,6.295359417749375e-05,4.259631727289757e-07,1.6368701599392427e-05,2.7058735855230903e-05,0.007028217243555385,0
0.8413247666160911,0.1487104251955613,9.046233051412224e-05,5.00397346946504e-07,4.7006058666997845e-05,3.1484743347344655e-05,0.009795354658471983,0
0.3620039731201126,0.6378578392667072,2.0182321882594334e-05,3.101137961041832e-07,1.0609134837383742e-05,8.527393613611328e-06,9.855864905039663e-05,1
0.5549928770866323,0.44466643553487384,2.0684480369791945e-05,1.5767832409703038e-07,1.823541376422315e-05,9.009883528251937e-06,0.0002925999225076667,0
0.4828261515052223,0.516985472135787,1.6354759753669377e-05,1.6350689363484107e-07,1.2588545546624215e-05,1.0118158252345392e-05,0.00014915138854434382,0
0.4691504875111767,0.5307088267220393,1.958017709743764e-05,1.9321163573757418e-07,1.1919298255226491e-05,1.3469055349978377e-05,9.552402444540024e-05,0
0.010363174635341173,0.9804107832607503,0.0021746741917307495,1.2464099718350797e-07,0.0065238252278554615,0.0005234610586892942,3.956984635944292e-06,1
0.008184265498484911,0.9830469950633427,0.0018893271829725263,1.2104041472559844e-07,0.006266580474312402,0.0006088680637275283,3.842676745375812e-06,1
0.05142654718236609,0.9439600046293773,0.0007513099999280666,6.245300873178648e-134,0.003484376909933678,0.00036570629795547484,1.205498043946876e-05,1
0.03167040062904624,0.9647482880866824,0.0008336889677539803,4.3759073669406566e-134,0.0025154135908979722,0.000225275981120136,6.9327444990865484e-06,1
0.0322090802519919,0.9642573876927387,0.0011952299321830865,1.267063653599068e-07,0.0020892256251655644,0.00024005978890183715,8.890002653696417e-06,1
0.026864447090487895,0.9704693102711471,0.0014235151332526279,1.211866171852672e-07,0.000967447691026212,0.0002453247346350496,2.9833892834082983e-05,1
0.045450297404319266,0.9513630072712389,0.0017063180479368722,1.8655817652237014e-07,0.0013499642637433737,0.00011873757673725204,1.1488877847733814e-05,1
0.11828497180087513,0.8611604369440004,0.0003982272357513836,4.000327531831538e-07,0.01938524653806238,0.0007536469650300259,1.7070483527283125e-05,1
0.16206189477741595,0.8320488110888373,0.00018081246654625367,2.3486700324604668e-07,0.005351783098243169,0.00033143190193854683,2.5031800015397998e-05,1
0.09566596673326289,0.8950739787258194,0.00025150053767088393,1.7302065530287142e-07,0.008761180531415062,0.00022439251127085076,2.280793990565534e-05,1
0.07523771408000135,0.9162588301962028,0.00014067859294258542,1.3663288833930742e-07,0.008149205671902093,0.00019407097265326955,1.9363853409536656e-05,1
0.08168513170338215,0.9143600111876834,1.6643347753933664e-05,1.3994591493754517e-07,0.00391059396116931,9.031580031715921e-06,1.8448274064566408e-05,1
0.09666616419968935,0.8998382404414922,1.5664476195476088e-05,3.5258950619307235e-137,0.003461862221434043,8.587414524796034e-06,9.481246664287489e-06,1
0.09525448214321837,0.9027172733710678,1.5888217527453625e-05,3.9174908272817546e-94,0.001996254362437906,7.998454229685024e-06,8.103451518920573e-06,1
0.02452654350633858,0.9753062652282444,2.8798483315347025e-05,2.1310227595914174e-07,0.00010382135559408572,2.1733423034434004e-05,1.2624901197116323e-05,1
0.013184407219214992,0.9846555799655429,1.844029220387202e-05,1.40249494529216e-07,0.002114405310748086,1.2240081228979209e-05,1.4786881566735346e-05,1
0.010681305656308494,0.9838355287870949,1.7764363159356558e-05,1.173222239034387e-07,0.0054489500309573115,9.383274015653405e-06,6.95056624027263e-06,1
0.9105889198678566,0.05957944147212496,2.8219049526148182e-05,1.6213859781767633e-07,7.624634575995752e-06,1.1925196500395611e-05,0.029783707640818273,0
0.9605721260724027,0.036364508680557905,1.6867259542308834e-05,1.7676483206914677e-07,7.275998486392558e-06,8.582651411466486e-06,0.0030304625727669743,0
0.9676274993715801,0.031204087791331242,1.3582334009757813e-05,1.2066960130592198e-07,5.272243379264118e-06,6.421320294832972e-06,0.0011430162698034317,0
0.8942550740240895,0.10296055754831035,2.620655501868901e-05,2.769369391419271e-07,1.121876600317443e-05,1.291278556472573e-05,0.0027337533840745484,0
0.902935228283809,0.0957784377001588,3.0667285342531934e-05,2.2105932411329032e-07,1.444859262945414e-05,1.409334942837357e-05,0.0012269037293079364,0
0.9130064890605957,0.08581373414095415,2.497779232044662e-05,3.849446619541717e-07,1.03504819048177e-05,1.1073780275259308e-05,0.0011329897992876695,0
0.9636143665729108,0.034651069821687884,2.5665647399191404e-05,2.910067037350184e-07,1.1153085466105596e-05,1.4015560889177436e-05,0.0016834383049433143,0
0.921926860375341,0.07369805787904013,3.60023330178875e-05,3.2305686654290084e-07,1.228541880935311e-05,1.5438511243800065e-05,0.0043110324256812335,0
0.9338224760235035,0.055819710845348626,7.05266893207101e-05,4.850422065774938e-07,1.915883468520317e-05,2.8356026306794248e-05,0.010239286538628573,0
0.9182770740229592,0.07995740408213524,3.397269248841519e-05,4.475495124327732e-07,1.963297951240263e-05,1.333731905213319e-05,0.0016981313543400756,0
0.3718972039063815,0.6251809591293633,2.4145879280855693e-05,1.4310341741472915e-07,1.7045356908607168e-05,9.283736739532629e-06,0.0028712188879086845,1
0.1149481821128282,0.8837074216400886,1.905205225390532e-05,1.3519478340894027e-07,5.4667483647923275e-06,9.124908672269789e-06,0.0013106173430088787,1
0.09597511908547979,0.903114405411438,1.6144551823914454e-05,1.2046214982674902e-07,5.3477488005010255e-06,8.130536459453918e-06,0.0008807322038485264,1
0.098937343710134,0.900433805931046,1.642116310368791e-05,7.09490490821575e-08,5.183001112031195e-06,8.626837357396934e-06,0.0005985484081979528,1
0.09562822581046775,0.904201039821087,1.2970250051789053e-05,1.0414466619792978e-07,5.846907435448339e-06,6.766465928730804e-06,0.00014504660036285057,1
0.054655335372580105,0.94527082014538,7.907468237204458e-06,6.235411719206016e-08,3.9906924543683565e-06,4.003821769387823e-06,5.7880145461507776e-05,1
0.058664668149696064,0.9412795611093137,1.0052890825980127e-05,7.372849072436427e-08,5.926829807706502e-06,4.734181951082238e-06,3.498310991481278e-05,1
0.3423654029326204,0.6574335118996061,3.0632118481180515e-05,2.1237901052960222e-07,4.119473201139605e-05,1.2925569262244276e-05,0.00011612036900795538,1
0.3982672561084143,0.6015769313661202,2.4470125395790954e-05,1.9857450591485426e-07,1.2754994749581101e-05,9.816214128163377e-06,0.00010857261668610751,1
0.47344787521382037,0.526445849346823,2.3005099267618947e-05,1.6017499145970075e-07,8.468926864842939e-06,8.236095923872393e-06,6.640514230888917e-05,1
0.47583907528823416,0.5240025190138282,1.8249219714030052e-05,1.7522070719770075e-07,8.248535470336362e-06,1.0843034229942878e-05,0.00012088968781611163,0
0.5933990723089863,0.40636608394294865,2.2115872057781436e-05,1.9486528823055933e-07,1.756374631026116e-05,9.633378639636405e-06,0.00018533588576913386,0
0.010295335195500271,0.9819166008325544,0.0017195735638538285,1.2307986206526277e-07,0.005599322842684196,0.000465137062352398,3.907423192943042e-06,1
0.010232896569771166,0.980368724432766,0.002298579939267975,1.2604478727029802e-07,0.006525669996980464,0.0005700014655895149,4.001550837523543e-06,1
0.006927706664052031,0.9852424339074929,0.0015065851983367105,1.266713940343139e-07,0.005700144599517771,0.0006189815154493835,4.021443757140827e-06,1
0.033375221181567764,0.9626419568839766,0.0009283248148650883,1.2491860159667583e-07,0.0027557710188257606,0.0002914074460585068,7.193736104662498e-06,1
0.04473186470147188,0.9524126995492771,0.0010966444552622334,1.9361605810369706e-07,0.0015963278787417053,0.00015034627333570554,1.1923525853322103e-05,1
0.05974212162590351,0.9370059055542956,0.001187484783720555,2.233958914843567e-07,0.0018911707506761612,0.00015933642169838579,1.375746781402324e-05,1
0.060697293700035515,0.9365825180997227,0.00031232409979520444,1.6458445546927097e-07,0.0022939962182544934,9.614403991923851e-05,1.7559257817505134e-05,1
0.053426346736235905,0.9442876142795981,0.00018561023889970623,2.400110559480253e-07,0.001997153357320481,9.34946900750657e-05,9.540686814691266e-06,1
0.11643038327594718,0.872488994552902,0.00034075749482525127,3.652687245513154e-07,0.009861970826568568,0.0008590522910112979,1.8476290021332037e-05,1
0.1746601865795652,0.8151456927152572,0.00033753336199971015,2.3839294963773734e-07,0.009470601139451477,0.00036032690103217927,2.542090974467002e-05,1
0.22559048834981257,0.7682588079445533,1.9306464612167337e-05,1.8126042518680595e-07,0.0061141124746420155,1.1509208838545808e-05,5.5942971161601435e-06,1
0.016972096468965886,0.9829695699641211,2.6807587294033632e-05,1.261447314632366e-07,1.2042876166061372e-05,1.295245368556805e-05,6.404505035871434e-06,1
0.026438397280255852,0.9733110336226766,3.1143993663358846e-05,2.4080070713467727e-08,0.00018884702200757143,1.8199650111698233e-05,1.2354351214071822e-05,1
0.04915928339170071,0.9418481593596119,2.5413850337917012e-05,2.135520448722004e-07,0.008926812597874525,1.6127319794385102e-05,2.3989928635583022e-05,1
0.5351863144447017,0.04613684650952646,2.4790662381858057e-05,1.2633188376750573e-07,6.325181459029666e-06,9.33327644561598e-06,0.41863626359360157,0
0.9194571857245112,0.058651296584876944,2.6865238138822244e-05,2.5829612357537947e-07,8.124049318988564e-06,1.1284148636543402e-05,0.021844985958393917,0
0.9645191370985476,0.03268321640710538,1.5088600039244754e-05,1.2462247759628525e-07,6.8460129297750715e-06,7.67760726625725e-06,0.002767909651633863,0
0.9670993001147836,0.03197296018348803,1.1797945098685263e-05,1.0347039565562674e-07,4.24555733638187e-06,5.048029314377333e-06,0.0009065446995831286,0
0.9052983430504862,0.09353707553887691,2.482271657284516e-05,2.5763557327253095e-07,1.3168538794250823e-05,1.2012817509362419e-05,0.0011143197021872102,0
0.9432296212717766,0.05567173520418271,2.6304434259874057e-05,3.6953739301311263e-07,8.50000088382987e-06,1.1391850398850373e-05,0.0010520777011051557,0
0.9354652922505464,0.061296874529949336,2.3816098567627646e-05,2.250198683155502e-07,1.0744021942331362e-05,1.3750935908978476e-05,0.00318929714321694,0
0.9410228340246654,0.05742192759116473,2.3957588544629032e-05,2.8945316234916945e-07,1.1190237982355378e-05,1.5087783288644515e-05,0.0015047133211917951,0
0.9027269275491586,0.09257886571292104,3.786117253901955e-05,9.377616639859872e-81,1.389110142568882e-05,1.6673980467759087e-05,0.004625780483487833,0
0.9855423078100572,0.012630259083723106,3.018899422872576e-05,2.7133563313138485e-07,1.1719400411961785e-05,1.6554630228518977e-05,0.001768698745717292,0
0.9735075071902727,0.020986019567962397,5.241808686054899e-05,3.71327800849686e-07,1.3566222885539911e-05,2.1687250801252238e-05,0.005418430353416823,0
0.9546690590717886,0.03791933146547743,6.199624975682372e-05,4.194854890931019e-07,1.5325633117867194e-05,2.4499881206391914e-05,0.0073093682131639345,0
0.7836029591173332,0.20413982902568364,7.116128205079723e-05,4.660659680551995e-07,3.633841564263292e-05,2.9324630669391703e-05,0.012119921462652155,0
0.35318923261692003,0.6440632426612103,2.2931241441151033e-05,1.3590472219385166e-07,1.618790478389283e-05,8.690934992178165e-06,0.002699578735930143,1
0.17321906590037472,0.8206169880841652,1.4722958963851353e-05,1.0116785086228189e-07,6.051556386273215e-06,7.3743288256394604e-06,0.006135696003433526,1
0.14438859399694814,0.8509197142046184,1.4516311024126407e-05,1.0900878496996773e-07,5.146970336920766e-06,7.959270146264892e-06,0.004663960238141118,1
0.10137801418474048,0.896209957098121,1.0214448638753327e-05,7.134061714469875e-08,3.302917147526711e-06,5.324677923093251e-06,0.0023931153328119984,1
0.12135794487607496,0.8777457870732096,1.89235239983928e-05,1.342827373241211e-07,5.2842296722693245e-06,9.063350548361248e-06,0.0008628626637590294,1
0.07707879816178448,0.9216322580505313,1.5049154859567607e-05,1.0722326797109443e-07,4.762187989734024e-06,7.236984320756317e-06,0.0012617882372463578,1
0.07624582052416104,0.9225977072014457,1.2481485158764726e-05,1.0032460353081005e-07,5.978020182995959e-06,6.7713621910339235e-06,0.0011311410822570313,1
0.14224321276514035,0.8559115211783009,1.7447984312382494e-05,1.6169857471171699e-07,9.062630287544808e-06,9.740410010409308e-06,0.0018088533333736965,1
0.09564169542319671,0.8998356434041886,1.2138398779279382e-05,1.2234287260426347e-07,4.144948971905231e-06,7.389711838014413e-06,0.004498865770152861,1
0.09377502075378485,0.9058288126157632,1.6105620890030923e-05,6.724709094306452e-08,4.9125640392327594e-06,8.176708833012281e-06,0.00036690448959856724,1
0.0771347991931418,0.9227895951725332,1.1124792476493784e-05,9.600222057762138e-08,1.058418828163612e-05,6.23429863002455e-06,4.756635271617568e-05,1
0.5226499231624752,0.47710731939352236,1.9559820353593097e-05,1.9554952284480982e-07,1.5819297872227212e-05,1.2101025065849598e-05,0.0001950817511879901,0
0.4886118015217801,0.5111951794223106,1.8002874863243368e-05,1.6045437881442518e-07,1.2353529633873959e-05,9.929262069842072e-06,0.00015257293496339058,0
0.457383546974608,0.5425224653833054,1.8816481374855718e-05,1.8066729565099225e-07,1.1436678357790615e-05,1.1180080838074742e-05,5.237373422030072e-05,0
0.006564008966124908,0.9853263539708748,0.002238924919090725,1.2020069947732572e-07,0.005408966824809191,0.00045780910014221694,3.816018258914161e-06,1
0.024536739685174933,0.9709678949915418,0.0011975501237653952,1.3630180707772082e-07,0.002823046068937241,0.0004667794488208065,7.853379952669495e-06,1
0.02540927352711827,0.9708164034040815,0.0014747342983861583,1.36280541104629e-07,0.0019217750598164351,0.00036204568123774945,1.5631748818723706e-05,1
0.04565208673746154,0.9513247964561546,0.0013285540175982376,1.865506835465753e-07,0.0015380751982060604,0.0001448126234906092,1.1488416405168138e-05,1
0.06164290566633978,0.935689720315391,0.0005856205517833271,2.205033580456129e-07,0.0019378823321375446,0.00013006417648021482,1.3586454510168615e-05,1
0.05035801172763708,0.9476102602620077,0.00020083906365832784,2.1207826139442494e-07,0.0017392554253837368,7.836095283510026e-05,1.3060490216724141e-05,1
0.06046265508174436,0.9371587883523466,0.00027484950185556044,2.28983825537387e-07,0.002000169989574372,8.919910675055322e-05,1.4108983903023114e-05,1
0.05579560112066908,0.9406864556372005,0.00019028959356858676,2.2631795021359697e-07,0.003128132778256968,0.00019125629832027438,8.038254034382692e-06,1
0.08328541664144189,0.9071836355079271,0.0002170008181027237,2.6263689793373195e-07,0.008421032758145238,0.0008729458902760179,1.9705747208844286e-05,1
0.08631855612727324,0.903348935064732,0.0003149578032747156,2.8966848115444245e-07,0.009190696576932215,0.0008062399732754282,2.0324786031338983e-05,1
0.16946038076070324,0.8217260253034679,0.0002342022795997914,2.4652821725236236e-07,0.00806794668532078,0.00048492380663252315,2.627463605838636e-05,1
0.12497543499775206,0.8650214781985134,0.00018077639321232214,1.6556021901436656e-07,0.009519108586506177,0.00028538183487500395,1.7654428921944017e-05,1
0.19446520959027377,0.791869528460762,0.00010187244269542149,2.0223586794171083e-07,0.013401336607657055,0.00014926224474829582,1.2588417995627854e-05,1
0.18985351223209557,0.8057793353164182,2.0537926563265326e-05,2.057882989435998e-07,0.004319182653237262,1.1326287054523793e-05,1.5899796332045225e-05,1
0.22798292271679252,0.7673477648091593,2.4363846862579913e-05,1.6333455102945789e-07,0.004628251805346173,1.1108181248745812e-05,5.42530603950142e-06,1
0.9457657959335768,0.04198365880340604,2.5094124024469254e-05,1.6409846768851178e-07,8.862537775799928e-06,9.814311675643112e-06,0.012206610191073657,0
0.9571192623315816,0.03776782458604127,1.6378243251606393e-05,1.8606973464000326e-07,7.431150986563696e-06,8.065765681151263e-06,0.005080851852723114,0
0.9494846275801138,0.04966987948751611,1.243351863519715e-05,1.0904450578591203e-07,4.474272071717342e-06,5.80270167851085e-06,0.0008226733954788923,0
0.9842866854135678,0.015465225591708754,1.1456413165807157e-05,9.243139030911558e-08,3.0368141704655855e-06,4.844300774101742e-06,0.00022865903522271958,0
0.9857679436621398,0.013986762923768053,1.1414916382282901e-05,8.561848034509343e-08,3.0787569385944163e-06,4.826754016871544e-06,0.000225887368274004,0
0.9021004688756656,0.0967680066179172,2.8260813157757675e-05,2.604972285577379e-07,1.0478437694216556e-05,1.190701341321491e-05,0.0010806177449234101,0
0.8685775103195321,0.13047189636373635,3.152611412638385e-05,2.272500289104978e-07,1.560418470069228e-05,1.4844396184384963e-05,0.0008883913716909548,0
0.919521211419544,0.07878651770397463,2.4284020872075766e-05,2.960429129571086e-07,1.1534445986602126e-05,1.4258116459536789e-05,0.0016418982502502202,0
0.981371811231905,0.017252861169385045,2.609041645849348e-05,2.3449802980487168e-07,1.0639560319593574e-05,1.5605315318616795e-05,0.001322757808583307,0
0.9792817761988539,0.01693871174639157,4.337546225337655e-05,3.574314128911959e-07,1.7066263402727488e-05,2.1548270966656733e-05,0.0036971646267187908,0
0.9252914801645035,0.06905717894957576,6.056033473913433e-05,3.990076893464693e-07,1.4577489846793539e-05,2.3303883551632916e-05,0.0055525001700938905,0
0.8861474004665072,0.10792256490100667,5.865558297427287e-05,3.968815211971055e-07,1.395282769379191e-05,2.5210332631163235e-05,0.005831819007665395,0
0.7941727409393623,0.19503476572102038,8.597910401796138e-05,4.701763785975345e-07,3.769548419287579e-05,2.9582049020817454e-05,0.010638766526007148,0
0.8002144272260358,0.19813654119754318,5.196013237736487e-05,3.4030934658324594e-07,2.5041974522037763e-05,2.141208881553387e-05,0.0015502770713594152,0
0.11342358046042846,0.8835005862068429,1.178696698895203e-05,8.232353296738098e-08,3.811402530082379e-06,6.144414165262461e-06,0.0030540082255112663,1
0.13764169650956132,0.8615716973382075,1.7411151576325818e-05,1.2355082984716734e-07,5.72013771153209e-06,8.339005472780643e-06,0.000755012306640521,1
0.07310345624649461,0.9256498297969235,1.2214405302204044e-05,1.1328433407729548e-07,4.321736623006199e-06,6.824029609638136e-06,0.0012232405007131645,1
0.09170769863349656,0.9081596956333534,1.1659087054671273e-05,9.027369448883127e-08,4.6141158306575445e-06,5.865243994910159e-06,0.00011037701257509406,1
0.07597621923218117,0.9239172245580035,1.1018864696593716e-05,8.267976449027367e-08,5.369340926394288e-06,5.579228271646885e-06,8.450609615632221e-05,1
0.08396201275811746,0.9159775399612222,9.8313129727019e-06,7.627192195965064e-08,6.06393387095701e-06,4.897498277370909e-06,3.957826361724769e-05,1
0.0673609498848366,0.9325801592927643,1.021680656886641e-05,8.76801328324196e-08,6.256126667687716e-06,5.4180402117262815e-06,3.691216881823712e-05,1
0.0605141462966543,0.9394262614457068,9.754393761574047e-06,8.005402961895717e-08,7.920661451105989e-06,5.198637325038572e-06,3.6638511071701876e-05,1
0.27495338070903397,0.7248419387689297,2.8543933117318342e-05,2.3065616814347706e-07,2.950472131451261e-05,1.5831211816575718e-05,0.0001305699996195605,1
0.1969786985718146,0.8029307068374121,2.3341580570237995e-05,1.6251777160363243e-07,8.592796599553402e-06,9.193362448866393e-06,4.9304333382986366e-05,1
0.012144593684601801,0.978874216886628,0.0021339085640145685,1.2052662972487733e-07,0.0063084754245819495,0.0005348585479593493,3.826365584522062e-06,1
0.032134153483865564,0.960386163986597,0.00031027478033885487,5.437777019755691e-134,0.006735304226518147,0.00042360726366285695,1.0496259017539416e-05,1
0.024370605920290625,0.9702169126055221,0.000374750548824984,0.0,0.004740161935068598,0.0002910353091922612,6.533681101341844e-06,1
0.02593159381823575,0.9673686504331952,0.0005220377291818794,1.323589796935775e-07,0.005675552377710446,0.0004944110746445639,7.6222080525060595e-06,1
0.03462207886428252,0.9574663738246663,0.0016628702929958011,1.7662400735560884e-07,0.005595562665224724,0.0006290826283345773,2.385510048881812e-05,1
0.057719370172346074,0.9387111878147206,0.0011290351799816227,2.299852063396069e-07,0.0021755042897381224,0.00025050929809715346,1.4163259909997924e-05,1
0.05457002455126016,0.9432074967478407,0.00024526673472527954,2.298167765970567e-07,0.001843145830860481,0.00011968343109494052,1.4152887441880196e-05,1
0.06134840607762761,0.9331560255663143,0.00026344073472607245,1.8263775003812576e-07,0.004837807871990709,0.00038704087820723014,7.096233384178434e-06,1
0.13486578139025718,0.8549659093054648,0.00039430228043582633,1.7802886239929997e-07,0.009340310889476127,0.00041453408919834585,1.898401630533153e-05,1
0.29013700545085636,0.7046823156317441,3.309120795460438e-05,2.3474898456836223e-07,0.005101000231736483,1.4092605867492664e-05,3.226012285642209e-05,1
0.3686873950606665,0.6268330254855264,4.336937659843823e-05,2.7846145279632923e-07,0.004401530463068716,1.672554491254698e-05,1.7675607774686935e-05,1
0.05286932492548108,0.9428655780569464,2.8022956877213154e-05,2.1363836397518982e-07,0.004200098404905352,1.7063733365487833e-05,1.969828406037826e-05,1
0.055609710101902736,0.9323039750731393,2.8972653876662586e-05,2.434565954575027e-07,0.012004763091856704,1.8388366412319605e-05,3.394725621696868e-05,1
0.04651041559736352,0.9124639698406963,2.2241871214298602e-05,1.536965105363462e-07,0.04097551688081978,1.1497476750348198e-05,1.6204636645218053e-05,1
0.024738306352368535,0.9691989447779777,2.804762556802528e-05,2.0599348927540862e-07,0.0060102302914775045,1.7299699424081086e-05,6.9652596947135445e-06,1
0.7881791148342908,0.061564059207333474,2.4425583259032154e-05,1.8508372606725405e-07,7.508945728462648e-06,9.909382599351519e-06,0.1502147969630628,0
0.9496647724510104,0.03594318264229489,1.7434543507207162e-05,1.8406372545828395e-07,8.049752157960805e-06,9.854771767266889e-06,0.014356521775536767,0
0.959771066399708,0.03475779916677523,1.690043876727304e-05,1.8658526128197218e-07,6.942502961469587e-06,8.088112771098786e-06,0.00543901679375549,0
0.9371392052852274,0.05698873277085358,1.9380338562084124e-05,1.7579737199237442e-07,8.446870492667872e-06,9.274928656630567e-06,0.005834784008835636,0
0.9487219965780574,0.05035021836146684,1.663966781435018e-05,1.890397234398304e-07,7.462909826174896e-06,8.194508992261995e-06,0.000895298934119524,0
0.9546902747012849,0.04423630727030083,2.2612736492505674e-05,2.169210526275566e-07,1.1959796093499e-05,9.097545902700304e-06,0.0010295310288729442,0
0.9369608363119182,0.062410630008645426,1.219905955080278e-05,1.385909183668303e-07,4.959730077401266e-06,5.7673496039170575e-06,0.0006054689492858969,0
0.906026904362113,0.09332491241811154,3.023408193636892e-05,2.1793665932244372e-07,1.4964679658890755e-05,1.389426799979503e-05,0.0005888722535210211,0
0.8919641425984033,0.1072934502498264,2.8115565338097456e-05,2.59158390419418e-07,1.3246374616457404e-05,1.3238504090721328e-05,0.0006875475493346235,0
0.8919055635984561,0.10731671600597961,2.9279723697470622e-05,2.1227900730276546e-07,9.825312542207111e-06,1.2347010754019334e-05,0.0007260560695633933,0
0.9154333869276265,0.08374167001507726,3.1910710525869e-05,2.20201328562965e-07,1.0708185213771201e-05,1.3456475549505918e-05,0.0007686474846785028,0
0.8890569424550742,0.10997030174961464,3.452698814729602e-05,3.305287808835574e-07,1.2667803507230335e-05,1.5919036209960775e-05,0.0009093114386657985,0
0.8510889014638374,0.14734253853065243,2.4958471883129472e-05,3.0426504565132e-07,1.0952115051241113e-05,1.465411352742409e-05,0.001517691040002752,0
0.9513399102511797,0.04297222031878017,3.879567934726181e-05,3.196921430407608e-07,1.519009427851449e-05,1.767049555452635e-05,0.005615893468716654,0
0.2058853220658258,0.7929643325618517,1.3039768101369599e-05,9.111653836950384e-08,1.0164109627643058e-05,5.826787317604262e-06,0.0011212235907374375,1
0.12964312973646103,0.8672790945232668,1.3534857148325825e-05,9.453129543022987e-08,4.376595677902986e-06,7.0555697716746655e-06,0.0030527141863788553,1
0.10203471916894206,0.8973155326370632,1.6935251168872535e-05,7.377199814795858e-08,6.555433289145887e-06,8.896912875051991e-06,0.0006172868246637577,1
0.124492939572465,0.8752911351501869,1.6147064709672702e-05,6.742013464796173e-08,7.66469281097185e-06,6.56410108582737e-06,0.00018548199860699918,1
0.11039726014231468,0.8894306916760067,1.538448082337426e-05,1.0298569714465854e-07,6.419037241107698e-06,7.1550752761120404e-06,0.00014298660264059514,1
0.05859738204199513,0.9413415330529084,9.78746825524587e-06,8.032547103917828e-08,7.94751825773535e-06,5.216264488910757e-06,3.805332862368094e-05,1
0.1276322833850855,0.8722238775653035,1.880673093852906e-05,1.502915518717881e-07,1.4730829407593437e-05,1.0436462545879802e-05,9.971473516708221e-05,1
0.3817439570676511,0.6181347779607854,2.3125989178231756e-05,3.5534505566035633e-07,8.36010981991799e-06,9.588366670170786e-06,7.983516083952743e-05,0
0.3610994433445233,0.6386951386532287,3.0490692768621312e-05,2.471253017682083e-07,3.0100217720081777e-05,1.3560372258396504e-05,0.00013101959419892727,0
0.46316224202018663,0.5367338786037748,2.0721968386642116e-05,1.9896291524422653e-07,1.4127909191269244e-05,1.3620394276479985e-05,5.521014126905299e-05,0
0.3989132464304475,0.6010024722628078,2.6170676609060932e-05,2.403983999226187e-07,1.2585605179732901e-05,1.4931293604978373e-05,3.035333295123603e-05,0
0.01736746640590045,0.9729954049437272,0.0010674372982522596,1.5885816109436792e-07,0.007868894464306265,0.0006960562849416293,4.581744711127956e-06,1
0.014142018173680666,0.9791852950382881,0.0010724659602284138,1.2254667131365518e-07,0.005076903927345032,0.0005193924693427694,3.8018844434981362e-06,1
0.012391321749362428,0.9752945494190616,0.002800674244165122,1.2297523384259621e-07,0.008780009178783629,0.0007294183318384297,3.904101554967311e-06,1
0.012039131546124465,0.9784443726166082,0.0022529301591629933,1.2724916318747808e-07,0.006588023704404909,0.0006713749383100576,4.039786226423444e-06,1
0.03733174159829987,0.9541682096027901,0.0007037981564954605,1.7834955752775996e-07,0.007211630374474767,0.0005719219537728824,1.2519964609182347e-05,1
0.03770908082119044,0.9542192891113537,0.000766821887632154,1.9085663108604201e-07,0.006333972210624695,0.0009448677328014359,2.5777379766659676e-05,1
0.03949012823569372,0.9523072269860617,0.0011957056098233997,1.9047419306595097e-07,0.006034345496774833,0.0009558063684501363,1.659682900340072e-05,1
0.03381867773168392,0.9449215046961681,0.006165751572475238,1.6815405453599612e-07,0.014667917124706846,0.00040670309916337755,1.9277621748037283e-05,1
0.07076961206793615,0.9269836179498798,0.0004955597827430571,2.4172729951992865e-07,0.0015293289788417303,0.00020675310770517516,1.4886385594503897e-05,1
0.0570871130592691,0.9405615725722376,0.00023146170959417278,2.1811458073046242e-07,0.0019773975534074072,0.00012880476391577205,1.343222699500109e-05,1
0.061116206576898945,0.9363849496720472,0.00020962533071646383,2.237530766950441e-07,0.002028515402053386,0.0002466998007308215,1.3779464476571623e-05,1
0.2157427956826856,0.7802587498036839,2.6746190121704547e-05,1.8973743662533416e-07,0.003934053683104148,1.1390442934548778e-05,2.6074460033344136e-05,1
0.05774400224548041,0.9417943505040411,3.2695436921230056e-05,2.259330843541505e-07,0.00039729510084835564,1.804573784467481e-05,1.3385041780022038e-05,1
0.06697283210759823,0.9299365724453812,2.9542874917913095e-05,2.2811399699228408e-07,0.0030169787426145385,1.8219931800564004e-05,2.562578369079752e-05,1
0.11227940716828767,0.0036355344752353144,6.120651190517177e-06,4.1879256970426275e-08,2.4777151575741035e-06,2.944115387035515e-06,0.8840734739954849,6
0.616513720205102,0.04089989391207348,2.8330162958846553e-05,1.4296776792439868e-07,8.107824616084741e-06,1.0562319353258127e-05,0.34253924260812835,0
0.7145497516364953,0.059238857630141646,3.630035387608256e-05,1.9933857762781832e-07,1.1893765962537276e-05,1.472693983333802e-05,0.2261482703351135,0
0.822245858843843,0.04914376674525168,3.0114289758832193e-05,1.6536862718445233e-07,9.696551168929602e-06,1.2217273002791167e-05,0.12855818092834756,0
0.8686125073437647,0.04640496437140962,2.843600797987138e-05,1.6410220697927128e-07,9.310865450818929e-06,1.1536399343363063e-05,0.0849330809098445,0
0.9594208637878937,0.03472723004220006,1.6036809935037665e-05,1.384561934924947e-07,6.289634802250854e-06,7.674802354506618e-06,0.0058217664666211305,0
0.9385782525276175,0.05503480213088142,1.9410098519417104e-05,2.142925608989162e-07,7.97344189160439e-06,9.28917100230495e-06,0.006350058337526974,0
0.9111532219231855,0.08832739810766123,2.6693028159406085e-05,2.460459937413442e-07,1.2576160087665739e-05,1.2568687779619428e-05,0.0004672960471326748,0
0.9027483312533329,0.09653995025621798,2.7981815816466596e-05,2.4691319765769624e-07,9.389777333145014e-06,1.2870382161766212e-05,0.0006612296019403159,0
0.8621785005002577,0.13638815169890572,2.654552556204836e-05,2.775516875630756e-07,9.990559409641947e-06,1.2090846180010199e-05,0.0013844433179973333,0
0.9805878373532976,0.01774801653811945,2.6446011273306142e-05,2.3431069985729436e-07,9.595405365609793e-06,1.295116534401022e-05,0.001614919215900391,0
0.9493400198740478,0.04616178080904036,4.167524119258617e-05,3.4342090131587846e-07,1.6317560446067945e-05,2.0703626962470342e-05,0.004419159467409451,0
0.8410058490248247,0.15708390962455868,3.899144330957175e-05,4.219503851752314e-07,1.5755136292720952e-05,1.9892810625312466e-05,0.00183518001000374,1
0.8031001089280293,0.19302222921299098,3.7164835123876545e-05,2.482389929866513e-07,9.069252288767159e-06,1.4498298503997818e-05,0.0038166812340697663,1
0.22716493596544646,0.7713229337157941,1.4608525398403647e-05,1.0207836938800395e-07,1.1386909068727005e-05,6.99339039989325e-06,0.0014790394155230703,1
0.10257637221066337,0.8966118406943393,1.3999635238394856e-05,9.777743792440851e-08,6.386296896952352e-06,6.599442439801667e-06,0.0007847039429843625,1
0.08990936147874534,0.9092535044623786,1.3326027371371958e-05,1.0304210879775155e-07,6.169953385913727e-06,6.954778937982252e-06,0.0008105802570718535,1
0.10012484798585206,0.8979918654240727,1.3686746586743153e-05,1.2192869246667444e-07,4.072086427569175e-06,7.921926042208095e-06,0.0018574839023262552,1
0.1102173667565771,0.8895773979824654,1.5463312022316246e-05,6.643969271516254e-08,7.590823401680822e-06,7.19173840235021e-06,0.00017492294743880004,1
0.07307018441174483,0.9268138990891157,1.1455592338776659e-05,8.595673898776816e-08,5.67764762334584e-06,5.4842656275386216e-06,9.321303681077981e-05,1
0.0574841255012969,0.9424659860661327,9.034490761611129e-06,7.377758037883771e-08,5.440230308596075e-06,4.791050306075215e-06,3.054888361384472e-05,1
0.05686478381941194,0.9430814793299632,8.905244449309788e-06,7.308508558650398e-08,5.389166948447176e-06,4.746080311535822e-06,3.4623273829998556e-05,1
0.393247910311569,0.6064930108053809,2.417055413494467e-05,2.4164538541453526e-07,1.860449961954533e-05,1.6542305989022455e-05,0.0001995198779210317,0
0.016386652738874685,0.9764703659843591,0.0011329142480015827,1.4178390460168246e-07,0.005460700039851277,0.0005451359114494479,4.089293559466115e-06,1
0.016041388280643238,0.9750645833743576,0.0012098836355441355,1.3665860396214345e-07,0.006877201027075761,0.0008025673311349255,4.239692640398567e-06,1
0.015091157109150646,0.9758316738140179,0.0018674659289210339,1.282209021861072e-07,0.006452582527852762,0.0007530144775350033,3.977921620612293e-06,1
0.013574382492536603,0.9770084445091263,0.0016680483705484503,1.3439736440924202e-07,0.007034482524232488,0.0007102409856253415,4.266720566233914e-06,1
0.046954552654022666,0.9493900654525653,0.0008076683454349099,2.0958675982878286e-07,0.00256068408808733,0.0002739060517551514,1.2913821374812607e-05,1
0.06719224696850311,0.9304920402641728,0.0004806732880003256,2.4930645487378045e-07,0.001577279797556907,0.00024215723966777925,1.535313564425897e-05,1
0.06460435476138444,0.9327670857622385,0.00019975645627791114,2.1714375910482962e-07,0.0021267830853711825,0.0002884303504237322,1.3372440545129267e-05,1
0.0637962958352548,0.9193995099207047,0.00027581452778523656,1.4879776682903594e-07,0.015237252068893764,0.001280439244733198,1.0539604861308472e-05,1
0.11177154044035333,0.8677858195664652,0.00032914767974153705,2.852537933337498e-07,0.019000929025818722,0.0010894033711545228,2.2874662673331737e-05,1
0.13102260762002724,0.8637833071317313,0.00011882621445791938,1.6378533299443094e-07,0.004989166102685722,6.34211252330224e-05,2.2508020531784862e-05,1
0.1267148401342009,0.8708577251887725,1.925679973277422e-05,1.3660771131433002e-07,0.0023796775585001634,7.483063299089314e-06,2.0880647783409036e-05,1
0.019345292066619696,0.9798884521487132,1.2608221110946864e-05,2.4232486271350967e-137,0.0007306129319373198,8.151003937451438e-06,1.4883627681368198e-05,1
0.013870594978010076,0.9847280066840143,1.5992841862952944e-05,1.0349356166092574e-07,0.0013692675441661117,7.994892077060794e-06,8.039566307985571e-06,1
0.012724824725258892,0.9859885074004866,1.0476994242850624e-05,0.0,0.001258979424487502,7.1839863927177934e-06,1.0027469131340089e-05,1
0.06330010412632014,0.9203819676521273,3.506858644638501e-05,2.4139888012689887e-07,0.016237267113956663,1.8232946414761984e-05,2.7118175854600952e-05,1
0.06144266371236628,0.9099823564476531,3.467233828274134e-05,2.386712576975728e-07,0.028495325679053156,1.793139014649857e-05,2.6811761240479565e-05,1
0.010681927524607667,0.9836597672658929,1.6766401156261626e-05,1.180808827151879e-07,0.005626781614018481,1.0648535452042067e-05,3.99057799004683e-06,1
0.39352040754744494,0.008541835936232818,1.8957743109376515e-05,1.4843171648938093e-07,6.742791826355164e-06,8.227758242233574e-06,0.5979036797914277,6
0.456925726157992,0.03452364183479951,2.3150786839921286e-05,1.1045870727636396e-07,6.277075191937087e-06,7.642789924182045e-06,0.5085134508965452,0
0.7686695956085204,0.0952351612752473,6.415838113123109e-05,2.9894369087926006e-07,1.7951091640003757e-05,1.962325184630163e-05,0.13599321144792362,0
0.9452574428525687,0.05067041548291864,1.7353630976950496e-05,1.5703991831832663e-07,6.801504086212409e-06,9.809036441965031e-06,0.00403802045308898,0
0.9476804287006209,0.051202462388283985,2.141717865853404e-05,1.619224021096577e-07,1.0676195814779379e-05,9.371390910750993e-06,0.0010754822233090737,0
0.9446111606488772,0.05427534026462609,2.1347814492909923e-05,1.6957222238824363e-07,1.0641618645370707e-05,9.341039634253486e-06,0.001071999041501946,0
0.945352593676005,0.054364672159520025,1.1664933957116232e-05,1.2161886210524292e-07,4.6876791639529476e-06,5.670743281329175e-06,0.00026058918921044964,0
0.9034317606982027,0.09611058532130304,2.9364680106873544e-05,2.0263232832494056e-07,1.3913803631501443e-05,1.3236322018706842e-05,0.00040093654240880956,0
0.8908858614995896,0.10852915001052711,3.0113036792783736e-05,2.1832055600292424e-07,1.0104945017279703e-05,1.3850648368086977e-05,0.0005307015391490155,0
0.876661958727663,0.12284780591424216,3.0098099282876634e-05,2.0769332114797756e-07,1.0099932480107013e-05,1.3843777782478432e-05,0.00043598585522825313,0
0.8619776181176309,0.1375026602244557,3.102531262394983e-05,2.2873686347751498e-07,1.058706276304254e-05,1.4511477631101955e-05,0.0004633690680319188,0
0.843184008490828,0.15612505293293577,3.541821651255059e-05,2.6112393622730106e-07,1.208609517391109e-05,1.656617172194574e-05,0.0006266069688916417,0
0.9774468883401779,0.021229789956914647,2.799885632960758e-05,3.1475753638978747e-07,1.0986817208744515e-05,1.4955800316388529e-05,0.0012690654715164602,0
0.9791987211132847,0.01899953858263278,2.8310882540858924e-05,2.5083339159058827e-07,1.1055230320799918e-05,1.5122471470882067e-05,0.0017470008863586463,0
0.7980921831975353,0.19919549293673405,4.318246120522194e-05,2.5440084302579733e-07,6.0758841393054354e-05,1.7469904253803744e-05,0.0025906582580356367,0
0.25871537552518975,0.740084153013462,1.4804470752519193e-05,7.48269566550202e-08,1.821001804939321e-05,5.138425458103409e-06,0.0011622437201317586,1
0.7784593759610589,0.20865933367286044,7.847467755186621e-05,4.687275027791414e-07,2.2586841675314877e-05,2.9490890218640642e-05,0.012750269229132147,0
0.8023889422632066,0.19204275735123538,6.203557529152436e-05,4.2234908065477666e-07,1.980290756184984e-05,2.7164485682295274e-05,0.005458875067941818,0
0.8511409912674204,0.14761161631155206,4.9105978407384244e-05,3.1641967964693277e-07,3.52968228361882e-05,2.0906300852162118e-05,0.001141766899252052,0
0.7432242441870717,0.25516088275847115,4.748048166949176e-05,3.0594561571923535e-07,3.412843413405891e-05,2.0960338068564123e-05,0.0015119978549694977,0
0.19764061910490394,0.8009983157970052,1.5148101786275949e-05,1.0584870734698049e-07,1.1807492741395672e-05,7.110444844759401e-06,0.0013268932100111085,1
0.1400491513477528,0.8588585145445888,2.098062911666877e-05,1.4416702258584284e-07,9.478949418198827e-06,1.102560017172278e-05,0.0010507047619293395,1
0.11527325886830384,0.8839331716711569,1.6743221814409094e-05,1.1504995508261243e-07,9.715877208768261e-06,8.798786170119015e-06,0.0007581965253907662,1
0.07105742253642888,0.9278023991332056,1.2901000499130214e-05,9.882882265773188e-08,5.827875922478062e-06,6.67040516061892e-06,0.0011146802199605741,1
0.07479696710756245,0.9244354408558008,1.1613662700717656e-05,1.2560336286683044e-07,5.238430909588818e-06,6.268282489370662e-06,0.0007443460571743556,1
0.06996073790415921,0.9299795192372758,1.0968108259231807e-05,8.229891488344015e-08,5.436039617072956e-06,5.250886846035504e-06,3.800552492793132e-05,1
0.0864242460031815,0.9135108858749662,1.1613797915406452e-05,9.484075326617284e-08,6.725355801613521e-06,5.785448540023974e-06,4.064867884187684e-05,1
0.09151894383403356,0.9084024967518167,1.3454626556824983e-05,1.1042173396107252e-07,7.412855431153943e-06,7.170688975906029e-06,5.041082145195672e-05,1
0.21353155819918038,0.7863865692396104,2.0204517138220828e-05,1.9166867135251213e-07,9.953616022541083e-06,9.380405679318007e-06,4.214235369784924e-05,1
0.4407259023492966,0.5591168560224169,2.6171437425401196e-05,2.5128623831152684e-07,2.2745312168723915e-05,1.6589981784693223e-05,9.14836106695673e-05,0
0.4174311542441883,0.5822856695695549,2.6418670726069374e-05,2.6435414364991065e-07,2.0334914405683983e-05,1.8080915006497016e-05,0.00021807733197480358,0
0.015178105512991188,0.9775319400082031,0.0010692894329331307,1.280258132845554e-07,0.005599888600180684,0.0006166765506904641,3.9718691880822355e-06,1
0.046376188916759174,0.946881885048655,0.00029035399111103187,1.262771417097809e-07,0.005851670704080128,0.000595764033273981,4.011028978956296e-06,1
0.028482874864915495,0.9455406014617262,0.0016544633878641621,1.5169385845814138e-07,0.023104551283237327,0.0012086216551610235,8.73565323737128e-06,1
0.03060064901973651,0.9442735686067412,0.0037414625062096676,1.6747122530060823e-07,0.02017325560266312,0.001196304311132541,1.4592482291508136e-05,1
0.03115123408567097,0.9422603848768332,0.0035463880107586957,1.6590498384026896e-07,0.02183493631643424,0.001184495172357052,2.2395632961935596e-05,1
0.036243502064224255,0.9397171409310213,0.005198945687437356,1.8360751327774728e-07,0.01831225216316284,0.0005069262998604356,2.1049246780478042e-05,1
0.059896470533290745,0.9370486613209877,0.0004297493075908404,2.2653418879420856e-07,0.002292327791349275,0.0003186137779105309,1.3950734681843618e-05,1
0.057055000213519336,0.9382547844127503,0.00037487598764557225,2.2573291909742324e-07,0.0039364655984099155,0.00037206751443267985,6.58054032283782e-06,1
0.2916543022368984,0.7021326148511793,0.0005898414482278169,2.884638539442323e-07,0.004437536051245489,0.0011546567536864284,3.076019490869707e-05,1
0.48266835818992676,0.5132953116151622,0.00026569791080381265,1.9558715789354398e-07,0.0032080942397449824,0.0005399080780951999,2.2434379109286385e-05,1
0.11005102465225514,0.8814906681099656,0.00016518956098044742,1.481760238908447e-07,0.008110779137388053,0.00016520307545872978,1.6987287928191846e-05,1
0.1059974153652881,0.8856163335850016,0.0002247146413115373,1.4873002706400186e-07,0.007961484472435889,0.00018285240563130044,1.705080030467784e-05,1
0.060015149235857324,0.9332512766100377,3.251740307093773e-05,2.3138620776598385e-07,0.006657355303182331,1.747668557987674e-05,2.5993376063835312e-05,1
0.04984343286931251,0.8401843068647621,2.600684925483528e-05,2.1643944974211218e-07,0.10991736586710417,1.728095881858027e-05,1.1390151298240312e-05,1
0.07118296672845446,0.9053117735381754,1.7541887700813068e-05,1.4409171814155858e-07,0.023473422735560464,9.281396604795946e-06,4.869621785862344e-06,1
0.013034290743539147,0.979462574038937,1.499175794654372e-05,1.1769381435943161e-07,0.007470927719357956,1.3120549503264161e-05,3.977496901680898e-06,1
0.41343303063824716,0.008370042340892564,2.2090340687487733e-05,1.0539902995550437e-07,5.745666563196343e-06,7.2927038893099655e-06,0.5781616929106902,0
0.9567718838760294,0.03976907101828521,1.7565020331181863e-05,1.8544122354401357e-07,9.35727187870295e-06,1.0342038622444683e-05,0.0034215953336294075,0
0.9372218043261263,0.061952611208858824,1.566575056916206e-05,1.7161273621446187e-07,6.435307462588458e-06,7.891609292024541e-06,0.0007954201849547213,0
0.9641258925271001,0.03474982165428972,2.1740234581095853e-05,1.5972755294711466e-07,1.005492382246301e-05,9.244362227725431e-06,0.0010830865704261814,0
0.9558301805122896,0.0430726691877987,2.0628210351635568e-05,1.5595748742700013e-07,9.817596442740382e-06,9.026166614963894e-06,0.001057522369014952,0
0.9812199404419255,0.01863742418985802,1.4173786821669027e-05,1.0985066783412236e-07,4.466026337585816e-06,5.6776635888965474e-06,0.00011820804080047098,0
0.9099200890601917,0.08967932490342971,2.8003735396863064e-05,1.9324106663548036e-07,9.351432543615169e-06,1.2880464187120767e-05,0.0003501571631840764,0
0.8796268520459162,0.1198309575024681,2.9901102793256804e-05,2.0633393779293254e-07,1.0033826935524991e-05,1.3753168219376327e-05,0.0004882960197297913,0
0.9223884615022656,0.07578296610913525,3.2759977602855434e-05,6.527194248053843e-08,1.8391295280152123e-05,1.5447605857047368e-05,0.0017619082379164905,0
0.6657333310770633,0.3326438675467357,3.4169487394062024e-05,2.0130270846529567e-07,3.030340791852767e-05,1.3824179032252953e-05,0.0015443029991476795,1
0.28070912654887853,0.7185038586631756,1.633735929195304e-05,9.624828832557588e-08,1.4488881768288864e-05,6.6094450067125036e-06,0.0007494828535904393,1
0.2604865898048708,0.7374373529309742,1.525801975996693e-05,7.711935146524617e-08,1.2053774303370761e-05,5.2958459971639086e-06,0.002043372504743101,1
0.6881916786881213,0.3059421034090924,4.0080711035158814e-05,2.3925836863133214e-07,1.3098763366041486e-05,1.5521090651596434e-05,0.005797278079365119,0
0.7959246265978611,0.19148142892796144,7.401711133552465e-05,4.792437141180998e-07,2.668920605817658e-05,3.0152537833244936e-05,0.01246260637523629,0
0.8886700777293453,0.10856869099008296,5.412307007153233e-05,3.487478520734965e-07,1.9299080996881117e-05,2.3373250223860578e-05,0.002664087131427378,0
0.8196481986189957,0.17931587464246626,4.787225131270151e-05,3.0847002576094994e-07,2.5206280912093194e-05,1.9533694881869053e-05,0.0009430060414057804,0
0.1205585505570614,0.8785748465540344,1.664172587685978e-05,1.1435253237714085e-07,9.18122551001143e-06,7.252033451033589e-06,0.0008334135515339387,1
0.1161222993405394,0.8830844262406213,1.6727145109220447e-05,1.1493948505298896e-07,1.0173485334048663e-05,8.790337647317197e-06,0.0007574685112636838,1
0.06803057996624663,0.9310785569752582,1.1947657371655418e-05,9.584968214631615e-08,5.585445488115511e-06,6.4693294652179895e-06,0.0008667647764877504,1
0.06811773036929654,0.9318211835764713,1.0989828709447776e-05,8.246189371637147e-08,5.352762165261852e-06,5.564526357716505e-06,3.909647510598023e-05,1
0.2626114142538099,0.7372225774813037,2.440544423728271e-05,2.0126638370158983e-07,1.791074976748445e-05,1.439592841717633e-05,0.00010909487608051511,1
0.18629214299486632,0.8064873917838681,0.0003108872286300757,2.86284271115434e-07,0.004630953974336664,0.0022700807994390573,8.256934588856733e-06,1
0.014444873886101953,0.9783643547996445,0.0011280079467872208,1.3123993774308026e-07,0.005437051436892979,0.0006215091065418255,4.071584093818488e-06,1
0.03245141808474728,0.9293672535734776,0.0026762469323060468,1.883507344063184e-07,0.032915442936638825,0.0025785978090313443,1.0852313064446071e-05,1
0.028353232978034704,0.948967287553874,0.004672802015574786,1.698635858725187e-07,0.017366081560002473,0.0006209524220248834,1.9473606903214406e-05,1
0.0511767646457882,0.942895680077575,0.0009635717842113079,2.301340342046686e-07,0.004574363035826371,0.0003752104678238597,1.417985474088124e-05,1
0.058276918741593,0.9383893143049988,0.0003938804488961111,2.292844902097599e-07,0.00253752307090153,0.0003880066395725764,1.4127509547848733e-05,1
0.04296718469527469,0.9288099642660099,0.0010590785125042198,1.8885019262105685e-07,0.025516637130047287,0.0016388651108096182,8.081435161634816e-06,1
0.08479165493045292,0.887278594721156,0.00067975713157381,3.748401217631425e-07,0.023918647255521317,0.003300896722832388,3.0074398341689146e-05,1
0.3147360184072589,0.6797696794677682,0.0003514233521916438,1.9798941908090281e-07,0.004666756873196494,0.0004532139851628139,2.2709925002877546e-05,1
0.11235723203412033,0.8805641620418451,0.0003451048229485264,1.5355239149470198e-07,0.006529068557527692,0.000189058177015878,1.5220814151052856e-05,1
0.14083293353449167,0.8547984788676987,0.00016472487813822876,1.6409113298176086e-07,0.004047770556675128,0.00012573439397694573,3.0193677886704903e-05,1
0.08757164445252988,0.906091824700375,2.217143280755585e-05,1.5827028216088358e-07,0.006283720519790396,1.0149998943429746e-05,2.0330625271748562e-05,1
0.05098721305424181,0.9429577005269517,2.4921872349719497e-05,1.7221594259217234e-07,0.005994862780370237,1.3007533636445053e-05,2.2122016507832782e-05,1
0.06159535192063843,0.8454880664879002,8.13155944949974e-05,3.611778061181259e-94,0.09276117133227395,6.66625108519271e-05,7.432153840469784e-06,1
0.012130171011294441,0.9818029639931665,1.5217110188248208e-05,1.194629574442667e-07,0.006036933418890747,1.0557717892798187e-05,4.037285610007334e-06,1
0.7458346232715259,0.017956979664930893,4.334472333962156e-05,2.068094765181e-07,1.3135845873138278e-05,1.4309432206220616e-05,0.23613740025264768,0
0.6200997717242319,0.04676931640323231,5.029848309577722e-05,2.7990366188525224e-07,1.4599903027569917e-05,1.7296672498866465e-05,0.33304843691025177,0
0.9473215363431227,0.04304487264129524,2.141970744580075e-05,2.0040914763964242e-07,1.183088747903386e-05,1.2022463002496238e-05,0.0095881175485074,0
0.9763730518740038,0.02345959360394553,1.52129657917163e-05,2.2325097118679582e-07,4.638746240521511e-06,5.820828479480882e-06,0.0001414587305678253,0
0.925119507615881,0.07451013043172346,1.9459585918971894e-05,2.7337765863229697e-07,7.827117895643394e-06,1.0084626657031757e-05,0.0003327172442654292,0
0.892007363164518,0.10595688689154557,3.168094838400141e-05,6.312205294271038e-08,1.2957736092410715e-05,1.3603351111265879e-05,0.0019774447862956077,0
0.8783089704687836,0.12009470913302214,2.9980572982473596e-05,2.045739231263443e-07,1.906960714450943e-05,1.729030637353125e-05,0.0015297753377702583,0
0.28660047381342413,0.7127106741845367,1.51273438141504e-05,8.911972387983212e-08,1.3415772529373044e-05,5.572832127189824e-06,0.0006546469338444401,1
0.22360450094574622,0.7754472456839979,1.3097648890115499e-05,6.620008389131879e-08,1.0299910569817338e-05,4.546011378813865e-06,0.0009202435993330758,1
0.6852936949938631,0.3098455191485292,3.7446220689687635e-05,2.423109882985857e-07,1.3265886225302856e-05,1.571911919643407e-05,0.00479411232050798,1
0.6794751916707489,0.3157751312593212,5.9144804069504035e-05,3.829489568238835e-07,2.146520856720638e-05,2.4093968410378223e-05,0.004644590139925908,0
0.0995939405499994,0.8993476128378036,1.4491013021102506e-05,1.1512005497428226e-07,7.892551909172848e-06,7.769974266015484e-06,0.0010281779529458309,1
0.06713846337309148,0.9319043053389696,1.1790982191231049e-05,1.1420799453824358e-07,6.964072484728356e-06,6.3844941431411835e-06,0.0009319775311253041,1
0.08284506640137829,0.9162763557731533,1.4052270174251544e-05,1.4006256624172556e-07,5.9522865344015675e-06,7.403135823179933e-06,0.0008510300703705057,1
0.07411506554876528,0.9255061042303896,1.2897178523725776e-05,9.945637474975679e-08,5.105775828004836e-06,6.834296891411042e-06,0.0003538935132268979,1
0.09088206505877719,0.9088108643289665,1.6200194630146073e-05,6.764197226715468e-08,6.111988533224066e-06,6.820264934861653e-06,0.0002778705221859305,1
0.11398698855519512,0.8858120608895911,1.5880112647392903e-05,6.823051898922451e-08,5.662176312201841e-06,6.643001028139802e-06,0.00017269703470714393,1
0.1061467274646575,0.8936777099326687,1.6021121557029434e-05,1.0724745225611795e-07,6.684669902063647e-06,7.451166670123921e-06,0.00014529839709248517,1
0.12449799513699061,0.8754190725773284,1.539563455846924e-05,1.2572403869702098e-07,9.079408047702676e-06,8.164407005317732e-06,5.016711203081402e-05,1
0.11523083215414483,0.8846655338594167,1.731615339242246e-05,1.421131738626574e-07,1.4307918348069147e-05,9.228702834056424e-06,6.263909868992442e-05,1
0.2023451268079598,0.7975108935843703,2.220626408769239e-05,1.8239010294777032e-07,1.8518504506467206e-05,1.2518444125097465e-05,9.055400484776202e-05,1
0.19047401413667017,0.8093729186803842,2.8795586492882185e-05,2.3651119180326662e-07,2.4424354471078404e-05,1.6916874663525807e-05,8.269385612626526e-05,1
0.03925430123197516,0.9565022904023104,0.0002237234355940177,1.2508241917160934e-07,0.0034094275292636247,0.0005935578641135713,1.6574454323966547e-05,1
0.030237615054299855,0.9648831683708992,0.00031607462022822724,1.312407874669005e-07,0.003634598969101712,0.0009171923544127565,1.1219390270926469e-05,1
0.02466723986062539,0.8671511605757297,0.002040037262936382,1.5172271924161038e-07,0.10490587574595968,0.001224889625904196,1.0645206125617059e-05,4
0.05059377050785849,0.9447987939727468,0.00033306727313888774,2.1994468378277024e-07,0.0037705848184431514,0.000490018552253419,1.3544930875413474e-05,1
0.05842230733755318,0.9314255917717984,0.0007835816145034695,1.9247667290242142e-07,0.008429265020159173,0.000923377712899581,1.568406641334581e-05,1
0.1310915516559565,0.858211159437278,0.0006074197759738518,2.1583954132321158e-07,0.008715599379683421,0.0013510379729343377,2.3015938632607012e-05,1
0.08834398239034146,0.9061771088005415,1.8638568097273474e-05,1.531000167507682e-07,0.005412455061614406,9.839571267527452e-06,3.7822508121020206e-05,1
0.08101868410638828,0.9165704759807823,1.6022176191320543e-05,1.382740903288886e-07,0.0023573888131075593,7.754689931682601e-06,2.9535959508644543e-05,1
0.08315304241602658,0.9143097248463756,1.711289762781525e-05,1.3301964392256802e-07,0.002479127275462027,7.997781231815726e-06,3.286176363198406e-05,1
0.09406776489970442,0.9002464385028129,2.1178691327133523e-05,1.5118361908488655e-07,0.005630665815460779,9.695525609890763e-06,2.410538146574731e-05,1
0.047190322895284895,0.9437878929185981,3.346475050097814e-05,2.3124922037419423e-07,0.008945331827002644,1.8375131884391648e-05,2.43812275085296e-05,1
0.06130501685339686,0.91229220219028,3.078140994263724e-05,2.2832098580200179e-07,0.026337194293629785,1.8142453493669273e-05,1.6434478271564407e-05,1
0.0532834941333078,0.8982479238961572,2.9573331850802852e-05,2.230880658577539e-07,0.0484076344859987,1.7726644117272566e-05,1.3424420502567093e-05,1
0.07200799140114816,0.9132797222432127,1.807005567140355e-05,1.4535991706764296e-07,0.014679795373861099,9.363085249768599e-06,4.912480939732663e-06,1
0.9579272827655281,0.041397004689397096,1.6094701447744926e-05,1.7590372154450934e-07,8.838431928496613e-06,1.055239248895414e-05,0.0006400511154879334,0
0.9410628977773087,0.05847258850083978,1.4456171835785127e-05,1.1603036817771847e-07,6.3006851467252345e-06,7.5855867343698334e-06,0.0004360552477666811,0
0.9567378201879039,0.04217546127253403,2.1165251984247167e-05,1.5550310160372033e-07,1.0878400171065931e-05,8.9998686653363e-06,0.0010455195156398945,0
0.9638247873691508,0.035916103884689646,1.1587522138074692e-05,7.932987621359366e-51,5.38699459120479e-06,5.596619206428788e-06,0.00023653761022369787,0
0.957275292292045,0.04250792220760049,1.4290007742808755e-05,9.259e-320,7.027338220721877e-06,7.581152600864464e-06,0.0001878870017900463,0
0.8938543653704016,0.10561574854782799,2.6816523572446475e-05,3.767314709274419e-07,1.011709921427043e-05,1.3139908987494708e-05,0.00047943581852505764,0
0.8649285679148306,0.13371629171553606,3.689161815243518e-05,4.165281203161428e-07,1.8910109805090883e-05,1.5177271341471904e-05,0.0012837448422138003,0
0.8987116040017792,0.09957173030307342,3.067700517688026e-05,2.0932606266298853e-07,1.7850470156134538e-05,1.6110383160720915e-05,0.0016518185105910534,0
0.30056312538581953,0.6985725383304993,1.589835251138517e-05,9.883755011369302e-08,1.342124265453565e-05,7.567953594018429e-06,0.0008273498973710822,1
0.3026274272318743,0.6965926282564249,1.3850795727376827e-05,9.510483068977758e-08,1.158261380827468e-05,5.9473357667877535e-06,0.0007484686615675131,1
0.18553715983266839,0.8135413410802272,1.3741075105197704e-05,6.945218430824637e-08,1.6824936379692135e-05,4.769335650194991e-06,0.0008860942877850301,1
0.7060647222337166,0.2902738293595535,4.655207688369635e-05,3.014139544641529e-07,1.6566403233185466e-05,2.141523596825355e-05,0.003576613276690533,0
0.8094125716156954,0.18464950752516568,5.503608437054269e-05,3.56345977393757e-07,1.627657466262455e-05,2.454222602825538e-05,0.005841709628100072,0
0.7652405102884744,0.23181429387188632,6.813009430270238e-05,4.3900362670168683e-07,2.992831611397824e-05,3.0235015735371693e-05,0.0028164634098604437,0
0.3106772784158535,0.6873992806070809,3.196049651020258e-05,2.2332680949091403e-07,1.978543693587385e-05,1.363866781386387e-05,0.0018578330489961534,0
0.09089217740787259,0.9079616909815478,1.596670900532233e-05,1.276766977913282e-07,8.698218477451825e-06,7.2163519585424954e-06,0.0011141226544403306,1
0.10163943672000413,0.8980992692939919,1.4433580049648244e-05,1.0879125219594991e-07,5.288369561846931e-06,7.1136074156447414e-06,0.0002343496377247376,1
0.09640462815324795,0.9034297666058173,1.4973152787384602e-05,6.251860602411828e-08,6.3788819279092825e-06,6.086882677261692e-06,0.00013810380493605739,1
0.10400904183588348,0.8958943545076092,1.5048085340088717e-05,1.0073382243011893e-07,7.115021962057726e-06,6.998623132351999e-06,6.734119225006475e-05,1
0.0964066116974014,0.9035097501803407,1.9707172955154887e-05,1.635759940569904e-07,7.436494589125383e-06,9.978416064916774e-06,4.6352462654473197e-05,1
0.11136823594324552,0.8885467268930092,2.1405983419387677e-05,1.8370509972655043e-07,9.986325249250415e-06,1.1351734825949308e-05,4.210941515093368e-05,1
0.2212399351862901,0.778667523805852,2.825626770890986e-05,2.482550626884327e-07,1.6862668220046582e-05,1.597311917225895e-05,3.120069769390915e-05,1
0.25891651247059666,0.7409901310737961,3.595146272486102e-05,3.161426893844889e-07,1.910039626791532e-05,2.2103556653636544e-05,1.5884897271399242e-05,0
0.16844282491504284,0.8231063336858079,0.0003570421970402567,3.130091257354168e-07,0.004558285449852327,0.0035261682848712586,9.032458259646109e-06,1
0.01696439634591964,0.9694340832303839,0.0013601376612681177,1.6756409736407354e-07,0.011337098903481247,0.0008992809223611818,4.835372488582424e-06,1
0.011724548236460951,0.9765172959759608,0.0023623801939498565,1.2776673748889334e-07,0.008394401939339765,0.0009924509509434438,8.794936607286451e-06,1
0.03988978440157148,0.9549481526374964,0.0002160620453284361,1.2494464812484205e-07,0.00419879499160132,0.000738480303768981,8.60067558485809e-06,1
0.03188508747776279,0.9614743095057112,0.00026315822945392986,1.3077712374418666e-07,0.005262872090724675,0.0011054350408710204,9.006878352527222e-06,1
0.023520894896325355,0.9606306030472678,0.004946476868285752,1.6910445775838472e-07,0.010269592409829236,0.0006094361415892383,2.2827532244782905e-05,1
0.03916369795962984,0.9543373609505066,0.0012117524820763174,2.1848243510614906e-07,0.004799923430052108,0.00047120368702614995,1.5843008274255213e-05,1
0.08362859462787013,0.9020234144807059,0.0005003399196438249,2.6995356227935936e-07,0.012580348171873245,0.0012503994860805338,1.6633360263873124e-05,1
0.05499725498236778,0.9236387329749335,0.0007364377660207277,2.0097601412772334e-07,0.018763799145628035,0.001848405572255008,1.5168582780691341e-05,1
0.06048332902193231,0.9070566561890595,0.0012895648631903788,1.96129310878765e-07,0.028460947426715347,0.00268928259752815,2.0023772263393833e-05,1
0.047000416200431924,0.931170689740949,0.0007845367252041306,1.7191770381330216e-07,0.015135554179305562,0.00588854496280601,2.008627359951982e-05,1
0.12884847002987568,0.8267461671989794,0.0007679183188875289,2.931663388442055e-07,0.040479668390455845,0.0031262376329788517,3.124526248375029e-05,1
0.13116639471736843,0.848563534233137,0.0013345525002484318,3.159235292737763e-07,0.016313705045818704,0.0025878092366141653,3.368834328402042e-05,1
0.13394363473500864,0.8530342816897772,0.000995575413810401,2.3441859538560197e-07,0.01069030700000652,0.0013109696362815062,2.4997106520244104e-05,1
0.07198975947952546,0.921725046724163,0.00042254521023060335,1.2628214970013954e-07,0.005423240874696371,0.000424804112454647,1.4477316780531054e-05,1
0.05999093034199273,0.9329914946865356,1.6009683355010902e-05,1.58775701628966e-07,0.006963441837965755,8.451744764943704e-06,2.9512929684044963e-05,1
0.04960034527453937,0.9382506936844457,2.1988249292528786e-05,1.519439239847937e-07,0.012096607296642942,1.0695578869912264e-05,1.95179722856232e-05,1
0.05892888712215424,0.7603767636832082,0.0003151390951922044,1.9972289582044655e-07,0.18002541485539791,0.00033950357159593525,1.4091949556000635e-05,1
0.07377335822400943,0.876365513811202,9.586802235334912e-05,3.7745013719489973e-94,0.04963055174140722,0.00012178228624493122,1.2925914783124509e-05,1
0.061844316435072565,0.9173823312638945,1.5601432261869618e-05,3.668154439687759e-94,0.020733571212812423,7.721667748757866e-06,1.645798820973854e-05,1
0.8237612125697088,0.06111702044978273,6.85386246539475e-05,2.826168670434387e-07,1.857872239832068e-05,2.3394662311446457e-05,0.11501097235427755,0
0.9259726773276797,0.07350426651611898,1.5596022834049184e-05,1.522171898374415e-07,8.732110047855821e-06,1.0233757517887546e-05,0.000488342048611704,0
0.9603398690486485,0.03953304521057232,1.468990853010762e-05,8.426308834967025e-51,4.628651412471423e-06,6.727528770091248e-06,0.00010103965206675337,0
0.8568541101553644,0.14252441286697057,3.547601580741095e-05,2.6320952508755696e-07,2.533559790481446e-05,1.924748173072519e-05,0.0005411546726970512,0
0.8246375236773236,0.174764366061186,3.414216431786326e-05,2.5331319346432443e-07,2.4383012778362387e-05,1.852380175730476e-05,0.0005208079694434725,0
0.8046607083332898,0.1947318691876137,3.296426432095732e-05,2.445739229535281e-07,2.3541802174113613e-05,1.3660819771484463e-05,0.0005370110189068575,0
0.7565509037470174,0.2423508263848819,3.3836684148989365e-05,3.791971972683954e-07,1.1947668530634208e-05,1.3817023327260435e-05,0.0010382892948966934,0
0.6484346798772309,0.3497164430683158,2.6099155693522448e-05,3.4347018080655775e-07,1.1765598673994668e-05,1.3092015835162818e-05,0.0017975768140696816,0
0.18212301743831266,0.8172696874379447,9.727429579430538e-06,6.637559702953884e-08,1.0439940485139612e-05,4.628018418880009e-06,0.0005824333596621255,1
0.22847965148196078,0.7707550402346409,1.3400213668769666e-05,1.7745645901794711e-07,9.23636998965064e-06,5.495773911541222e-06,0.0007369984693692502,1
0.1996117231674744,0.7997528433372769,1.385563835303621e-05,8.162772522208004e-08,1.246396244117141e-05,5.104342672789337e-06,0.000603927924056528,1
0.7028546222710059,0.2940161318093468,5.675462349733801e-05,3.657045510126629e-07,2.2482213043065857e-05,2.5186768814277807e-05,0.0030244566097416374,0
0.29176566202721904,0.7065802277884518,3.635551490483711e-05,2.540373910807301e-07,2.318790717462635e-05,1.4285671369407647e-05,0.0015800270534892817,1
0.1006353100783361,0.8976722481622054,1.3905470566137658e-05,9.595534046396268e-08,7.28514535202491e-06,5.396002746588492e-06,0.0016657591854531517,1
0.06590896786647372,0.9334346062060626,1.1920187014412912e-05,6.00194533030432e-08,8.876543569161334e-06,5.366942290291504e-06,0.0006302022351366662,1
0.07456776608231087,0.9250663987546132,1.1750626750102703e-05,9.254121069549424e-08,5.756470220607099e-06,6.0510549273806075e-06,0.00034218446996712185,1
0.09025839669650959,0.9096457578923667,1.3810276174051003e-05,8.741618175850382e-08,7.063617092945388e-06,6.07336142953739e-06,6.881074024544017e-05,1
0.108487180045373,0.8914214059672416,1.7651969140643805e-05,1.3402235472295077e-07,8.413925607657004e-06,9.04382487193632e-06,5.617024541039954e-05,1
0.11251465425359287,0.8873849263817699,2.0284291343514e-05,9.116186389442256e-08,8.770957788154776e-06,8.759922958092129e-06,6.251303068355946e-05,1
0.10387270831533746,0.8960471521056698,2.0831425301708518e-05,1.8171029104723583e-07,1.0060369618838803e-05,1.1228469118084973e-05,3.7837604662842146e-05,1
0.11036278350981892,0.8895498432560464,2.1948566102421407e-05,1.8027351269749684e-07,1.1745618312949213e-05,1.2373170799650842e-05,4.112560540717965e-05,1
0.17086386498907255,0.8290295941172223,3.0041548078160245e-05,2.639402513534923e-07,1.5825757049281975e-05,1.6333190442249272e-05,4.407645788423379e-05,1
0.2885452992612297,0.7113593457009914,3.3170532781870667e-05,2.914310120503072e-07,1.782803533237769e-05,1.843511705449207e-05,2.562992159809098e-05,1
0.27108478877082126,0.7288184823266095,3.392029488328966e-05,2.9801830232539517e-07,1.7332849340246184e-05,2.0854760914703483e-05,2.4322979128714625e-05,1
0.31076792847350637,0.6891362980335177,3.358525774053928e-05,2.9507471941015323e-07,1.7161649522005818e-05,2.0648774512355115e-05,2.408273648169459e-05,1
0.2522243128099394,0.7477011665086668,2.6943655072762432e-05,2.3807747268356052e-07,1.4042308023731964e-05,1.6645518248931163e-05,1.6651122575931068e-05,0
0.07920166058679222,0.9019770164697842,0.006165108375883943,2.4074355568672625e-07,0.011538132190642161,0.0011118245851170288,6.017048224922761e-06,1
0.024473166594292654,0.960907688238333,0.0012588767439358731,1.9005108954225818e-07,0.011823136754105346,0.0015314573419320915,5.484276311297581e-06,1
0.011681279847672563,0.9782273062158738,0.0031076199881822416,1.3104755584683392e-07,0.005956706832618469,0.0010179352934507717,9.020774646554044e-06,1
0.011116522997853385,0.9795004864460496,0.002736843297353212,1.2471177708100755e-07,0.005668716900868289,0.0009687210003984946,8.584645700175661e-06,1
0.0313053964979723,0.9591585549831092,0.0010473458521406557,2.338018634052485e-177,0.007999648896719894,0.0004731660056848157,1.5887764373097866e-05,1
0.05185697668974522,0.9385605498665758,0.0007315689308928525,2.395513234978359e-07,0.00781974071019491,0.0010161641442635585,1.476010700426967e-05,1
0.1210130319215307,0.8645817990437977,0.0011798350216860208,2.792978499852672e-07,0.010211925896016747,0.0029833460363344797,2.9782782784243645e-05,1
0.06054695350162226,0.9273662636935228,0.00039602958789460973,1.2705503203457052e-07,0.010827869824380023,0.0008481904155103932,1.4565922038013625e-05,1
0.10917633912711709,0.8777821017617445,0.0012405762806196635,1.745767874741544e-07,0.011085802413519643,0.0006949814077483353,2.002443246303635e-05,1
0.08665388908832783,0.9028472810139501,0.0011255288720218933,1.7512777938397014e-07,0.00873297437348241,0.0006154890998137923,2.466242462454909e-05,1
0.10491404198294778,0.8891804145227931,0.000654975960675079,1.668874900715445e-07,0.004778481945039975,0.00045066104004664855,2.125766100740821e-05,1
0.05830722182496057,0.9305625530683258,1.6820553618019034e-05,2.2099349728121822e-07,0.01107526644159719,8.574463393060231e-06,2.9342654607972684e-05,1
0.05890803617287824,0.9353320737336683,1.690676596110023e-05,2.2224262466471083e-07,0.005704843327647768,8.424709285753374e-06,2.9493047934103505e-05,1
0.06291859595622057,0.9306128150257897,1.6497668212232804e-05,1.5482938848487493e-07,0.006414936269755271,8.220854236739617e-06,2.8779396396911724e-05,1
0.9363491719981477,0.013788587705308697,5.5300694598355866e-05,2.7876143986980476e-07,1.2426403142646798e-05,1.581026566904639e-05,0.04977842417169347,0
0.9106404558849291,0.031726782678479226,9.406887396024115e-05,3.8676292450315755e-07,2.0018509320610223e-05,2.711298746429279e-05,0.05749117430292204,0
0.9570357376866202,0.036801829968455324,1.8926159184041628e-05,1.707082665590592e-07,1.0838188850359259e-05,1.0736531200070598e-05,0.006121760757423419,0
0.9489453891039314,0.05056416906388175,1.801534338115946e-05,1.7443405341668623e-07,9.422986113147928e-06,1.0498463385600086e-05,0.0004523306052535744,0
0.9577249356000451,0.041637086510324835,2.074735452882981e-05,1.4471410781525722e-07,1.088962397370205e-05,9.384378874778034e-06,0.000596811818144948,0
0.9126287484726253,0.08699787982443481,1.124428501127613e-05,1.0846641753002129e-07,7.0549637250397375e-06,6.915135245374389e-06,0.00034804885254067683,0
0.9557445804271485,0.0440175652258979,1.7033395752625784e-05,1.3201340774000123e-07,8.192969177600774e-06,8.945003364666811e-06,0.00020355096525093646,0
0.8975976386813328,0.10203852598416123,2.291417236925234e-05,1.7000861821200905e-07,1.6364415345302417e-05,1.1754574224970267e-05,0.0003126321639483048,0
0.8954555385494698,0.10407652513172228,2.73296268443015e-05,2.0276848847851843e-07,1.9517762095235083e-05,1.4827665435963151e-05,0.000406058495943855,0
0.1622579973885125,0.8371729368169424,8.666412765925023e-06,5.913569630553605e-08,7.647223022957791e-06,4.123218531556398e-06,0.0005485698045284439,1
0.14376822244076068,0.8557952152059001,8.532637376071754e-06,5.254657146391707e-08,7.850879330283525e-06,4.023470977439819e-06,0.00041610281908394244,1
0.15474632408654915,0.8447242552495137,9.21603550188856e-06,1.4626489342768116e-158,1.024169242435068e-05,3.779734318502639e-06,0.0005061832016923888,1
0.9080429799531977,0.08687872534035558,5.317357913144606e-05,3.764445101357002e-07,1.719460333900568e-05,2.8518272958873647e-05,0.00497903180650733,0
0.7737636314150098,0.2134293623814535,8.158049474016193e-05,5.554143719010496e-07,2.604200877637587e-05,3.768716523675099e-05,0.012661141120411645,0
0.12035721063789631,0.8776694771712017,1.9640731269637223e-05,1.4220734244207702e-07,1.1754208920954094e-05,1.2400580877658253e-05,0.0019293744624914193,1
0.0669297620664541,0.9328542382397678,1.1654348859421052e-05,8.306218006255e-08,6.081641771144426e-06,5.4312431204332755e-06,0.00019274939784698464,1
0.07917506635644135,0.9206221285228465,1.2483491917370797e-05,9.871178105525722e-08,7.344114269009305e-06,6.454534197854563e-06,0.00017642426854677193,1
0.11389149016823727,0.8860200735186695,2.4068176469772613e-05,2.0758281630606766e-07,1.5427952559279518e-05,1.2827216493378913e-05,3.5905384754335945e-05,1
0.11205828295016215,0.8878564603559143,2.2046780931890438e-05,1.8314002977807876e-07,9.903917164834624e-06,1.3099409402186908e-05,4.0023446394867474e-05,1
0.0113677299198056,0.7811732723670566,0.18411619713280208,0.0,0.021812409592579896,0.0015104153276242597,1.997566013150992e-05,1
0.016094694511781082,0.949574399246276,0.0013965438029952925,1.6536083054095684e-07,0.02957277677017635,0.0033560666298903777,5.353678050365498e-06,1
0.03032288614129339,0.9494205496844629,0.002008808763053736,1.3333112331670246e-07,0.017198296925966763,0.0010399703435757146,9.354810523835557e-06,1
0.04523255821568665,0.9351904349035702,0.004266320974166959,2.749656210795033e-07,0.012621528099375957,0.002651765034842663,3.7117806736752905e-05,1
0.019023864716185196,0.9691630082494156,0.0029736484315296915,1.3012504667091557e-07,0.007850961201807732,0.0009708216024775256,1.7565673537585516e-05,1
0.04388148962398545,0.9469131287977273,0.0013599248830639145,2.28043271788676e-07,0.006446285567340151,0.0013823981142982846,1.6544970313417626e-05,1
0.11373694569758665,0.873616912506723,0.001732173687445169,3.9036612440395e-07,0.006002862911650455,0.00486911012642808,4.160470404230997e-05,1
0.09890967012147941,0.8973287308602755,0.0003976715002017076,1.822475677904229e-07,0.0029524630240526915,0.00038387913745411255,2.740310896859324e-05,1
0.06972287025167327,0.9236453200424444,0.00023903655141511572,2.3670890217345654e-07,0.006097193519640494,0.0002699189146739818,2.5424011250703107e-05,1
0.022224206184482374,0.3804915629158272,7.317906103271551e-05,9.006799415498088e-08,0.597074075418725,0.00013146647157559753,5.419880362987123e-06,1
0.07404260386010621,0.900880861279971,9.922804212886243e-05,1.377219440485344e-07,0.024803626078015874,0.00015842303362441048,1.5119984209791696e-05,1
0.04908580107799108,0.9309168047804759,6.457376794740363e-05,9.92599463550634e-08,0.019846075099406058,7.692795787020883e-05,9.718056362820626e-06,1
0.057064192945282775,0.894833619256693,1.596987210404499e-05,9.623011509851858e-51,0.048070981072912466,9.426376579158264e-06,5.810476428512984e-06,1
0.8770341695673203,0.04231123527409721,9.204487546177068e-05,4.6398263534872323e-07,2.2763013963274156e-05,2.6529620792550005e-05,0.08051279366572943,0
0.8960636700633952,0.023517851677444853,8.934666357320125e-05,3.673476192855925e-07,1.6969577397751918e-05,2.575192906487281e-05,0.08028604274150494,0
0.9731677643981587,0.016397361584931353,3.962355539512795e-05,2.886713870609866e-07,1.8691116713841982e-05,1.8155707489863574e-05,0.010358114965924233,0
0.9506322622520619,0.04872474488963665,1.6865076376764653e-05,1.632965617884172e-07,1.0367623144160517e-05,9.828143882174356e-06,0.0006057687183365636,0
0.9545934003868624,0.04491048469400206,1.6001010560552888e-05,1.54930220967057e-07,9.836448036849585e-06,9.324608471146069e-06,0.0004607979218462266,0
0.958223386501607,0.04111625907036427,2.0487831290033438e-05,1.429039168384965e-07,1.0753408511677592e-05,9.266992130540814e-06,0.0006197032921794686,0
0.9473365994117099,0.052509807772787014,1.808125082617641e-05,1.4013456696661893e-07,8.527843197555728e-06,8.669175383671934e-06,0.00011817441152886399,0
0.9364415240027611,0.06336756563054637,1.9773126114632086e-05,1.5324705642813456e-07,9.510764333472403e-06,1.0383759186602571e-05,0.00015108947000133828,0
0.8135850477670056,0.185843607346208,3.299447598252273e-05,2.447980743107692e-07,2.034317463923004e-05,1.4461420634875692e-05,0.0005033010174553723,0
0.2744110167551231,0.7246249152750364,1.6068919978718256e-05,0.0,1.2546574841200543e-05,6.59054873049314e-06,0.0009288619262900193,1
0.19650299610559244,0.8029627047202585,1.1105390503598212e-05,2.277002654365448e-43,7.610547871861634e-06,4.489625459307582e-06,0.0005110936103141725,1
0.7802637654497766,0.21338143568344592,8.021315663309091e-05,5.16862144864529e-07,4.706965804192943e-05,3.9528563821050766e-05,0.006187470626136299,0
0.13060455541516802,0.8683313679738408,1.786393653024759e-05,1.2535467896630654e-07,7.167020543895796e-06,7.049260507328878e-06,0.0010318710387307187,1
0.08516517494495085,0.914695655970436,1.2574413096058886e-05,5.1086743621699724e-08,6.261915392637921e-06,4.88435868597164e-06,0.00011539731069496375,1
0.1114966087303061,0.8884001734850985,1.9733354761174175e-05,8.017176052503942e-08,6.676118406941074e-06,7.665151605470169e-06,6.906298806131107e-05,1
0.12018615792754474,0.8797175010769062,2.05133959637933e-05,9.219150815745273e-08,8.870033611535094e-06,9.290890869348612e-06,5.757448359619369e-05,1
0.09845222165999144,0.9014645710924609,2.24148919639258e-05,1.8619788505304453e-07,1.2566541388836769e-05,1.3318127823211256e-05,3.4721488486564073e-05,1
0.1744256530698297,0.8255062342160692,2.5592294772090856e-05,2.2484982123038432e-07,1.3754989660064467e-05,1.4223375696709358e-05,1.43172041508983e-05,1
0.2169281472075556,0.7829926014605249,3.100062717737785e-05,2.7236656739608683e-07,1.6661784731604532e-05,1.722915319255836e-05,1.4087400250594633e-05,1
0.2596870836805534,0.7402322258127549,2.9922140697471607e-05,2.7485856989425976e-07,1.35754341931234e-05,1.887271044832691e-05,1.804536278277738e-05,0
0.045650604594337264,0.935592855429698,0.006712792992449592,2.349727547944477e-07,0.00996318859674631,0.0020704916460637566,9.831767950519695e-06,1
0.1270274390028813,0.8642238152392657,0.00053378283985249,3.2864519415911414e-07,0.004785990194949382,0.003419160411872577,9.483665984181908e-06,1
0.013079083983997965,0.9759368583163682,0.0013048237871515383,1.4972016240748878e-07,0.008478728934621291,0.0011957103436404702,4.644914057911412e-06,1
0.011824324129883684,0.9513510166778981,0.008154878974538638,1.425403063541334e-07,0.027526246583898725,0.0011389666088648634,4.424484609626182e-06,1
0.013439752859316357,0.9525088768437798,0.013595507963574083,1.3265218478196432e-07,0.01933930896099076,0.0011122071962329774,4.213523921100222e-06,1
0.011919276039932604,0.9629903143707564,0.011328876751814257,1.1676276717673573e-07,0.013026073063244138,0.0007316361374535433,3.7068740318921124e-06,1
0.012126856816871437,0.7850769724014988,0.16645154658448155,2.942685563076102e-07,0.03379366161719264,0.002534042505822015,1.6625805577199776e-05,1
0.02516016135237602,0.9366121601687831,0.0024043287660533005,1.7648976758696473e-07,0.033186074414483166,0.0026269298956489466,1.0168912887768472e-05,4
0.03641472561476822,0.9335424608884196,0.0020837843038293957,1.529601994023068e-07,0.025952152546631566,0.0019979104899859284,8.813196165898489e-06,4
0.043713713127784055,0.9376549160407278,0.0019919510776449717,1.322122243087884e-07,0.015596929125251943,0.0010347446595737728,7.6137567930729805e-06,4
0.034463234463402756,0.9482364460245469,0.0031293595919730842,1.650961525489556e-07,0.013437321564757645,0.0007111868109223555,2.228644824482172e-05,1
0.0417448854901399,0.9373143553726307,0.005895555668386622,2.75590098286607e-07,0.012650192979683304,0.0023575327936977736,3.7202105363591354e-05,1
0.03533342973038909,0.9504116503862564,0.0007038058261192676,2.397352494810623e-07,0.011243293405912288,0.002290187670683504,1.739324538993439e-05,1
0.04955669065112908,0.929138294941975,0.0005962226982332162,1.432154097154953e-07,0.020003988793414522,0.0006882411097270514,1.641859011133447e-05,1
0.05185144061776699,0.9265026257799206,0.0008435986232348658,2.0376583232006095e-07,0.01843870990484429,0.002340737190171854,2.268411822908386e-05,1
0.04919696190357652,0.9016266085551247,9.69903345234511e-05,1.3572050256603286e-07,0.04895980077604405,9.802170845918596e-05,2.1481001769464248e-05,1
0.04643882250596106,0.7678787641066602,0.00012063341896270543,1.5333669296773214e-07,0.18540900743344216,0.0001433920967011547,9.227101579626307e-06,1
0.1556552716275893,0.6393662988609179,0.0003095201767674417,2.426604691077314e-07,0.2041864034646219,0.0004701773722296213,1.2085837404833898e-05,1
0.010094971759065548,0.9698643564544244,1.630483237543145e-05,1.1477002306011539e-07,0.02000935873152398,1.2328147895026974e-05,2.5653046923270004e-06,1
0.011743933081260923,0.9518347648210844,1.652203793420928e-05,1.162989370909815e-07,0.03638982005694589,1.2244225323279295e-05,2.5994785143143937e-06,1
0.9525590982582145,0.030212525484367116,5.880638185586875e-05,3.4001337505555144e-07,1.7345886431116142e-05,2.396273060156698e-05,0.01712792124515469,0
0.9684231554488711,0.018258811048740095,5.3291849994847865e-05,3.3678549059296265e-07,2.1806445648427548e-05,2.1294653481807966e-05,0.01322130376777321,0
0.8971200604619888,0.10259618640696852,1.375607059170317e-05,1.1729415982359708e-07,6.384209950126572e-06,7.024481639085656e-06,0.00025647107470203463,0
0.9194790296116925,0.08032076905686045,1.7325948172914974e-05,1.3428076784281614e-07,6.934350839331973e-06,8.041771130061184e-06,0.00016776498053703009,0
0.9337447204156492,0.06604175772997864,2.3858624681482527e-05,4.071545639122023e-92,1.0063109779268673e-05,1.1967731319863782e-05,0.00016763238859170598,0
0.9258534640614474,0.07392305810390115,2.063672261613572e-05,1.33714e-319,1.014843604012643e-05,9.902590868360824e-06,0.00018279008512680066,0
0.8920009768527739,0.10751601671021362,3.475948219095442e-05,2.2127042100359374e-07,1.8677445962346798e-05,1.4354767859174002e-05,0.00041499347057903516,0
0.8451235788993882,0.15390902485249455,3.863907210946946e-05,3.1225150544375666e-07,1.954666592524206e-05,1.8139949689361745e-05,0.0008907583088875521,0
0.3484326464708727,0.6502364851286822,2.0403467689891688e-05,0.0,1.375383000152237e-05,8.368331428581767e-06,0.0012883427713252116,1
0.26929015748757124,0.7299133724991868,1.7737885047851467e-05,3.03227146802446e-08,1.269944411324091e-05,6.5348086003552545e-06,0.0007594675527661366,1
0.19722197873266997,0.8021745414076107,1.0234662059464017e-05,7.027508177082599e-08,1.3010326118743383e-05,4.708667260850564e-06,0.0005754559291983972,1
0.8328703302456374,0.1551291274033177,8.500955761248194e-05,6.474347510891368e-07,3.334277336430214e-05,4.95144907257637e-05,0.011832028094591045,0
0.7256795492550536,0.26475239532519346,8.637164352935054e-05,6.17834006044097e-07,4.869561636891568e-05,4.725068605117259e-05,0.009385119639797402,0
0.5243067815875855,0.4627705257585141,5.918039104610936e-05,4.363126712480008e-07,2.3743203392213017e-05,2.3353083051053378e-05,0.012815979663739941,1
0.13698713496630252,0.8617893906222893,1.873693820800901e-05,1.3148069967106736e-07,7.517269267002118e-06,7.393754356120567e-06,0.001189694968877465,1
0.12118292225076267,0.8776296872832833,1.6575256695725788e-05,1.1631176467508595e-07,6.617661140948338e-06,6.540736540693417e-06,0.0011575404998121186,1
0.11434673317609584,0.8844979142009886,1.6256693331803233e-05,1.1091833665286056e-07,7.440773328334195e-06,6.237439691547374e-06,0.001125306798227356,1
0.09977859826943229,0.8993456679142329,1.4149558911706058e-05,9.613421818060553e-08,8.415756693523167e-06,7.352149149431106e-06,0.0008457202173621407,1
0.08721472707186442,0.9125858526792158,1.2747161925456045e-05,9.197787460673818e-08,6.516169820354999e-06,6.814704144397492e-06,0.00017325023515468954,1
0.06597286897056266,0.9338610228991038,1.0456860006345483e-05,8.250307207364104e-08,4.907827410358869e-06,6.4239041829175795e-06,0.00014423703566171815,1
0.13658280667425632,0.8633094213211534,1.9176033040115176e-05,7.790749962784739e-08,7.398355289959852e-06,7.448667609888032e-06,7.367104115060612e-05,1
0.11854455531876514,0.8813544526873343,2.086519196355879e-05,1.4609814900919002e-07,1.5212340423124151e-05,1.0145266591282e-05,5.46230967737312e-05,1
0.18833683752700697,0.8115731637476178,3.5277390745188404e-05,3.0994153018197616e-07,1.8742273372516638e-05,1.960604106184414e-05,1.6063078665528757e-05,1
0.245463678866928,0.7544690009923383,2.567581116861109e-05,2.358526687656353e-07,1.2934382527360196e-05,1.2989596385896894e-05,1.5484497983087996e-05,0
0.05122162844701233,0.9243704005945212,0.009604738982884496,2.8680387899163215e-07,0.01216090409788888,0.0026300405795946697,1.2000494219091004e-05,1
0.017862412280647312,0.959026865934324,0.0069281629430896835,1.7363717734134434e-07,0.014947805590557982,0.0012295689917404978,5.0106224633980434e-06,1
0.01201892742727924,0.8328583896097881,0.12295609666665236,0.0,0.030171926578481705,0.001978433577068424,1.622614073008959e-05,1
0.014820013499345417,0.7801316211092748,0.1376196959810874,3.4868879980726143e-07,0.06392052683196181,0.0034967240469047853,1.1069842625952229e-05,1
0.016713433247829708,0.680132156843459,0.20769497038720572,4.3506530621262344e-07,0.08654228629001066,0.008902898883242234,1.3819282946457145e-05,1
0.03594110312028126,0.9541846361950723,0.0020492544115767366,1.264443378112773e-07,0.006740796069331382,0.0010670149473962244,1.706881200424202e-05,1
0.03302802668262367,0.9526452694699663,0.000729556861439485,2.4850674674320867e-07,0.010808659025023417,0.0027702098201080783,1.8029634092254537e-05,1
0.03141856055376682,0.9494106793577842,0.000781238903458422,3.069101393311994e-07,0.013168529261641007,0.005198418102617695,2.226691059242079e-05,1
0.08123142755730971,0.7931356030052132,0.11241121644279668,3.1210144013217635e-07,0.010272999844703794,0.0028074303409199868,0.0001410107076165641,1
0.03839310021166115,0.8883991828420866,0.048128206825210684,2.0128979165471243e-07,0.023458328428686257,0.0015232057009493222,9.777470161425251e-05,1
0.039012562796859454,0.7467236924936443,0.17039023189566735,1.6658737552783148e-07,0.03989782272350564,0.0038945627678684674,8.096073507924302e-05,1
0.03460096088345823,0.7225798494694187,0.20634895259696315,2.577879349240624e-07,0.0278285514076301,0.008476548328961893,0.00016487952563303682,1
0.03071257364292549,0.8590299170699454,0.08815521925049916,3.0668392005139634e-07,0.01604172986944241,0.005911931505027816,0.00014832197823973873,1
0.05650621185438306,0.9374107594302798,0.0010608750161031407,1.8063905899036204e-07,0.0036930743971715523,0.0012766825555140544,5.221610748929243e-05,1
0.050951316064591065,0.9423005409784582,0.0008247609667645854,1.5720650313959962e-07,0.0049919768139226155,0.0008782222534500726,5.30257163101439e-05,1
0.09426640228168115,0.7486925384011216,0.00027982078395553326,2.2605448956137865e-07,0.15616842771714773,0.000571613900394162,2.0970861210318053e-05,1
0.12637923064058124,0.7155357327996682,0.00041291673268508176,3.301809362701671e-07,0.15675644383962858,0.0008965408323652411,1.8804974135380896e-05,1
0.06003319030426215,0.9225189143600231,0.00011447978862175625,1.0214377517485761e-07,0.01716694717256433,0.00015636583280116302,1.0000397952158574e-05,1
0.052906505211939396,0.8945741594021973,8.7981494350889e-05,9.620221287052416e-51,0.0523374412164147,8.810388343552383e-05,5.808791662388589e-06,1
0.04746993923860667,0.8756138992099189,1.861551803744801e-05,1.4327332731114422e-07,0.07688343348365788,1.076855245459627e-05,3.2007239973203917e-06,1
0.9305714303886548,0.02933852190351162,6.434761974932185e-05,3.7205232964991025e-07,1.892461558273183e-05,2.6220703063900328e-05,0.039980182717107994,0
0.9545599999122667,0.043636733329733765,2.0446815813622952e-05,1.82419068367162e-07,1.1362571460416572e-05,1.0086835097146304e-05,0.0017611881165597674,0
0.9416342694522839,0.05780536522925642,2.0595285617424628e-05,1.9941441445289497e-07,1.0460700343146741e-05,1.2001927878689855e-05,0.0005171079902058654,0
0.9353108306728976,0.06451475203678735,2.2743809927127094e-05,6.127336147066367e-94,9.406340023621348e-06,1.0415969256216565e-05,0.00013185117110805987,0
0.917176771835309,0.08258887548067544,2.5154496114131527e-05,1.6012741256414893e-07,1.0348018401390195e-05,9.45951014845285e-06,0.00018923053193896364,0
0.8770226707546913,0.12258000038927007,2.9073138490620824e-05,1.8507253814585145e-07,1.0033293113988558e-05,1.0933140833017957e-05,0.0003471042110629435,0
0.8636253888619793,0.1357640709639536,4.1102967399550794e-05,3.049579351767306e-07,2.1456049205450833e-05,1.9783938343046324e-05,0.0005278922611837582,0
0.2538805856034768,0.745401647356062,1.664582759468356e-05,2.845585476557534e-08,7.654126928100115e-06,6.132484060660027e-06,0.0006873061460232314,1
0.23768389915870541,0.761675283757281,1.3883247458227863e-05,2.3733255141489763e-08,5.921548761867392e-06,5.6168386782695895e-06,0.0006153717158598528,1
0.09278397987074855,0.9069679371625515,5.552780773005938e-06,3.271309856741851e-08,2.732390198915306e-06,2.0165115149604927e-06,0.00023774857111459784,1
0.10168579088223044,0.8978933254768274,5.503228047755791e-06,4.186919508463589e-08,8.072988426728388e-06,2.934727162695653e-06,0.0004043308281099947,1
0.7466911980369095,0.2503815368477857,3.177006771632654e-05,2.882604379347238e-07,5.193318758286838e-05,1.7738050768167707e-05,0.002825535548799723,0
0.7960167073174412,0.19118895061410096,0.00010118749529888796,6.889022838691443e-07,4.9922450660779975e-05,5.2685843149775456e-05,0.01258985737706476,0
0.7315765426818978,0.25858380829812083,7.613670062340736e-05,6.034388092418666e-07,4.756103495355342e-05,4.6149770727488586e-05,0.009669198074867609,0
0.11999753820671248,0.8788500498849829,1.8540688129874292e-05,1.2596820643089496e-07,1.2075643474926596e-05,9.633791789166583e-06,0.0011120358167040231,1
0.11067158101835173,0.8890272912888879,1.2081100816602391e-05,4.9486215923583566e-08,1.1508373226633532e-05,5.439392083991729e-06,0.0002720493404173168,1
0.05272315943475206,0.9471418308217124,1.0172666133506237e-05,7.460692985225407e-08,5.496178133758966e-06,5.527678871019305e-06,0.00011373861346730159,1
0.07040175210978687,0.9294461390430868,1.024896013345762e-05,7.488253315876003e-08,4.847033005554384e-06,5.108948265452135e-06,0.00013182902318881353,1
0.1277552754412747,0.8721547833580602,1.793666012995069e-05,1.1353533573835468e-07,7.379291185151249e-06,7.746080856509286e-06,5.676563315782324e-05,1
0.1016068144614784,0.898301549437003,1.6469786625911077e-05,1.293577609631902e-07,7.320687366804919e-06,7.978304503100898e-06,5.9737965261852816e-05,1
0.09475578342988168,0.9051638936675483,1.7211213633653883e-05,1.5074079159777418e-07,5.975974147549713e-06,9.314763151478852e-06,4.7670210845786484e-05,1
0.11210007585347653,0.887803191467365,2.1017859454098966e-05,1.4716712732584065e-07,1.5323646843965972e-05,1.0219497990353583e-05,5.00245077429114e-05,1
0.11209561724614556,0.8878173761102817,2.5521121898897597e-05,2.450422044163131e-07,1.1454582148157926e-05,1.5500689819948573e-05,3.428520750154215e-05,1
0.04806780939639658,0.9230800054480143,0.012668461239045284,2.744673676060875e-07,0.014592295317803526,0.0015836031807285344,7.5509506441874775e-06,1
0.06510049350042905,0.9227225755150517,0.0022443563497769824,2.6404958096929225e-07,0.008371533912766446,0.001554495254448887,6.281417945784765e-06,1
0.1557154634428794,0.832231261548519,0.0007958764155737603,4.4340018331560187e-07,0.005886719650154197,0.005359153375700051,1.1082166990261291e-05,1
0.011461644155757093,0.9685168399016184,0.006539553299352281,1.202845256391231e-07,0.012882234015240142,0.0005958766398058798,3.7317037004658144e-06,1
0.013458550207985318,0.861427843648179,0.08228512281781208,0.0,0.04129616003691758,0.0015148791112271959,1.7444177878897827e-05,1
0.014704346849133874,0.7942838364899094,0.12765012876196394,3.389268821067999e-07,0.06048634797996167,0.002864241061664549,1.075993048443424e-05,1
0.048720474016350095,0.9206790931338517,0.002641181711883878,1.8747309341737778e-07,0.025003912812002236,0.0029445533048255827,1.0597547993165865e-05,4
0.03519062793397006,0.9469833674873459,0.0018344616087392527,2.3758741261784077e-07,0.014015048896008358,0.0019663202035372406,9.936282986789754e-06,1
0.03359016146974934,0.9532708042168764,0.0010653784339311329,2.3463621441365091e-07,0.010141614636360739,0.0019147833061080807,1.7023300759883764e-05,1
0.058895154627874514,0.927551995279809,0.0006015882152235959,2.3727695673600936e-07,0.011886809310975164,0.0010387436181474093,2.5471671013547695e-05,1
0.06504301415515538,0.9142321531310501,0.00043745716410176493,2.2758243356686347e-07,0.019764770240303556,0.0004979467625839544,2.4430964371846968e-05,1
0.04874665433078669,0.8491747578749631,0.0004017173806374544,1.5416584444067897e-07,0.10122359834249572,0.0004313716793416558,2.1746225930688605e-05,1
0.03519228925831498,0.4502399046293392,0.00022923269217779563,1.054852319635417e-07,0.514045995192025,0.0002839274193553687,8.545323555780603e-06,1
0.09966191049350691,0.7758514917485967,0.00031213279841411473,2.4757003201543754e-07,0.12343200541218476,0.0007188339479178972,2.33780293476391e-05,1
0.12547383538816095,0.6840266212475143,0.0005196492379698571,3.15586864290235e-07,0.1890319110251066,0.0009293038166654914,1.836369771849064e-05,1
0.11783809857894256,0.848312226495741,0.00014894709463379876,1.4217514116326107e-07,0.03323595129043746,0.0004525289512738098,1.2105413830362463e-05,1
0.06428798597431763,0.9168804809296173,0.00016324697080467705,1.0151947266171801e-07,0.018464125764336856,0.00019411956590725885,9.939275543443594e-06,1
0.007818205590596096,0.9659249790028704,1.5241673003767462e-05,1.0767187448413814e-07,0.026227730665130948,1.1330008452410462e-05,2.405388071636164e-06,1
0.8609811111503552,0.03718668514383357,7.459989721107466e-05,3.7604545316718096e-07,1.8448601651554857e-05,2.1501544482995243e-05,0.10171727761701226,0
0.9074474830866229,0.03149053214103937,8.522663306796895e-05,2.860376977031068e-07,1.828303464762595e-05,1.9954255176802058e-05,0.0609382348117477,0
0.9106070224633469,0.019682353024381885,6.29671108622593e-05,3.8260496946805497e-07,1.8481379754631002e-05,2.5658166116212773e-05,0.06960313525056867,0
0.9300662546760096,0.03212519508539719,5.7217499022965736e-05,3.7185035504093943e-07,1.8914342049877346e-05,2.6206468732258715e-05,0.03770584007843297,0
0.948301451106833,0.05110976570063353,1.8577285317385134e-05,1.7987507153367518e-07,1.4003579617670027e-05,1.0825935736111494e-05,0.0005451965167908531,0
0.937201184647001,0.062360621343728696,1.2329384386803384e-05,1.20630336112089e-07,6.396202421186897e-06,8.440179971101995e-06,0.0004109076121551219,0
0.8631521594926769,0.13660190875034403,1.6790089164172644e-05,1.492502417478777e-07,5.233038492506414e-06,7.9772901875926e-06,0.00021578208889296463,0
0.8529666228272528,0.14678432965686194,1.666875384690471e-05,1.481716694271638e-07,5.1952213981744496e-06,8.249488658820758e-06,0.00021878588031213266,0
0.8273016207539624,0.17239827928817633,2.127167633041269e-05,1.8608951134189018e-07,9.963286827439769e-06,1.2155714326468051e-05,0.000256523190865504,0
0.8642440072349902,0.13530400621053174,2.810761772752295e-05,3.9486938499500386e-07,1.1493236763488789e-05,1.1767410812203856e-05,0.0004002234197900329,0
0.08716627330913364,0.9125213759827655,4.95395071209356e-06,3.433905094804599e-08,5.918465677292552e-06,2.4069186272797645e-06,0.0002990370340331573,1
0.7148028428262346,0.27943673980984557,5.858799734291603e-05,4.818221411924418e-07,3.662213704156839e-05,3.7130477796852835e-05,0.005627594929597304,0
0.12463006709435923,0.8747122372989258,1.4919045503590764e-05,5.486446920586295e-08,1.3927594820828303e-05,6.030555255055507e-06,0.000622763546666393,1
0.05265610748795343,0.9472135481243908,9.449282085181753e-06,7.451204669379224e-08,7.3686954250007285e-06,4.784494882917459e-06,0.0001086674032157207,1
0.1105080081989711,0.8893927773851599,1.8291175229891698e-05,7.431254026495565e-08,1.189883565357063e-05,7.104956702810429e-06,6.18451357422096e-05,1
0.09710454876720907,0.9028109756110668,1.680704912224432e-05,1.425489718214633e-07,1.2500680105493245e-05,9.257003165040476e-06,4.57683403594228e-05,1
0.12284674466613384,0.877083837423574,2.7010618215891264e-05,2.412083578520876e-07,1.1275367671541707e-05,1.3310764986239945e-05,1.7579951060571425e-05,1
0.1600706841077284,0.8398434249524519,2.9786063045343176e-05,2.8387928051774244e-07,1.6833128951347745e-05,1.5665503555028865e-05,2.332236498754315e-05,1
0.2501839781151563,0.7497519663556841,2.753054103271542e-05,2.528898320870072e-07,1.3868716612842644e-05,1.3927918925401998e-05,8.475462756649971e-06,0
0.04258967745213339,0.930629002234727,0.010552114144047067,2.857729552469688e-07,0.0131552089813902,0.0030614753633380364,1.2236051408758616e-05,1
0.050362851365922987,0.9339539729966279,0.002614184658493375,2.54380137029143e-07,0.011422764480877116,0.0016396142424523275,6.357875489546101e-06,1
0.11898250839039302,0.8650006384336864,0.001706645176995212,2.988591440650174e-07,0.011192930545740857,0.0031083544597185933,8.624134321766179e-06,1
0.017893232478900102,0.9408659726299319,0.006397950757918092,1.9741649692058534e-07,0.033243688072537685,0.001593261825427871,5.696818787666992e-06,1
0.02141452748085005,0.8057480129912231,0.11686150942264673,4.652545337174123e-07,0.05206904191670473,0.0038920013239690126,1.4441610072573019e-05,1
0.02232770758432579,0.6808047681262954,0.1934745830784697,5.027570756581746e-07,0.09141453855496762,0.011956373154256548,2.152674460938452e-05,1
0.01845887858335243,0.9545528332756577,0.0032954876685083946,1.471339406403172e-07,0.019948936315541215,0.003733588927799335,1.0128095200241977e-05,1
0.03760606226296212,0.9444687320585066,0.001820604783784119,2.369565190396354e-07,0.013977833101411747,0.0021166209388012113,9.909898015218552e-06,1
0.03658854652424274,0.6867207820641629,0.238102091817169,3.413901993095062e-07,0.03229033625545461,0.006171050627543542,0.00012685132122794836,1
0.02976074851020665,0.8362074471825194,0.10649405897618035,2.25815811340509e-258,0.025261861470949318,0.0021666974786726375,0.00010918638147178056,1
0.02081844422682454,0.8847893723105532,0.07983680570431025,2.4756342975054803e-07,0.011563281439156092,0.002714677363603524,0.00027717139212296945,1
0.04339401722746311,0.9439239904571983,0.000729947073149853,2.1911966471072583e-07,0.010734994935188816,0.0011640643083101858,5.276687902489068e-05,1
0.05530586771093843,0.9196101962950223,0.0005787310403605301,2.2892120528572358e-07,0.023272342715147346,0.0012080586358683067,2.4574681457796387e-05,1
0.18404910628019494,0.8022980398612366,0.0009488332747748491,1.995955339902723e-07,0.011265575319336397,0.0014154707875631293,2.2774881359975053e-05,1
0.11934698285028085,0.6418994906153737,0.00043441231077571567,3.604468889721028e-07,0.23715584824864014,0.001150041364435994,1.2864163604626819e-05,1
0.10338825309230214,0.873832614283335,0.00019161843371847735,1.3128391961600963e-07,0.022255207870944756,0.00032099694822377943,1.1178087556100193e-05,1
0.04796268089498414,0.8576451574434149,0.0001244227285679735,0.0,0.09413813331414177,0.00012481384840093695,4.791770490474971e-06,1
0.8772315200776326,0.031967414693256216,7.344899728809882e-05,3.6025701915727174e-07,1.7674229448869542e-05,2.0598792665836653e-05,0.09068898295268937,0
0.8775004772502323,0.05906751907609943,7.124898962517783e-05,2.85619376860382e-07,1.457095995925722e-05,2.0129267506534278e-05,0.06332576883720066,0
0.9363025305162607,0.02059402398640173,5.6492203649887244e-05,3.8582746882084987e-07,1.898133907219125e-05,2.5874272623711502e-05,0.04300171185452284,0
0.9375615120484174,0.022087783523307973,5.6324392122969537e-05,6.408885912456227e-07,1.8924954521990515e-05,2.802200396210525e-05,0.04024679218907626,0
0.9323038418712715,0.03284867262038409,5.3467700782819145e-05,3.474808207072082e-07,1.7674774299743894e-05,2.4489005158864193e-05,0.034751506547282436,0
0.9361320031564525,0.02987271990376747,6.038238586184832e-05,4.811193471735068e-07,3.099141351936952e-05,2.765603415193956e-05,0.03387576598689983,0
0.9355095297227422,0.06314588229278584,2.129671700574909e-05,1.6290624743167413e-07,1.1813978009906108e-05,1.2873887255961952e-05,0.0012984404959530081,0
0.950306187370799,0.049252498352456875,1.5161799741425003e-05,1.314203220665643e-07,7.519795133055754e-06,8.76417625948487e-06,0.00040973708528794025,0
0.9298868383806631,0.06990428258660818,1.3861165738891295e-05,1.2436947180328704e-07,7.749034553079275e-06,7.696482518336568e-06,0.00017944798044647748,0
0.8617133617708134,0.13807116202422803,2.3326336639418357e-05,1.3649677556230008e-50,6.116743984849635e-06,9.02225190638813e-06,0.00017701087242792717,0
0.9117006196684794,0.0881131267248166,2.3590676499479014e-05,3.461942603151044e-07,5.73640642582561e-06,9.559550398647362e-06,0.0001470207791198037,0
0.8949452447462333,0.1048691430030445,2.063170978730224e-05,2.8984422066940486e-07,5.7863531977665205e-06,8.637580287980821e-06,0.0001502667632283321,0
0.3662786851483501,0.6332138304847071,2.3537661295740578e-05,2.6543499350183475e-07,8.267491515928385e-06,9.174387980070813e-06,0.0004662393911575918,1
0.23066754343168636,0.7689808193736308,1.35846516253115e-05,1.8244908883070504e-158,1.1845552037808875e-05,5.866938668594192e-06,0.0003203400523510165,1
0.24228506083363713,0.7571731724209158,1.879971710273156e-05,2.75722113331623e-08,1.4086761667578628e-05,7.282330853132637e-06,0.0005015703636123141,1
0.0998655872002299,0.8980063073733572,1.6591660657237166e-05,1.253235059743938e-07,1.0030101964773629e-05,9.584486411720235e-06,0.002091773853873084,1
0.05109998530578912,0.9487743646137561,9.92569691348406e-06,7.197688734306124e-08,5.302426934527087e-06,4.621709702813644e-06,0.00010572827001656136,1
0.08204880444686705,0.9178568501224477,1.3012758732296184e-05,4.7463775454636734e-08,8.601901122118264e-06,4.53796988172857e-06,6.814533717356648e-05,1
0.1277527164236463,0.872137313555286,1.997838939715226e-05,7.287077304663173e-08,1.09103745587888e-05,6.9671106054330575e-06,7.20412757330897e-05,1
0.16745142028071439,0.8324748335257928,3.189721895591303e-05,2.894055694563614e-07,1.6888267964003646e-05,1.626311993476065e-05,8.40818106881664e-06,1
0.2618759039792241,0.7380498860113308,3.179853054694338e-05,2.918370398689763e-07,1.4188067065014875e-05,1.814218267627441e-05,9.78939211716003e-06,1
0.20641079195728615,0.7935270277934547,2.4718521552590042e-05,2.2472277941620847e-07,1.7311351654459472e-05,1.2387544311500595e-05,7.538108960915293e-06,1
0.049006031520275786,0.9143173015875024,0.020893839237423703,2.8632558602288664e-07,0.01448344196961432,0.0012912221740982528,7.87718549962484e-06,1
0.04677941107363623,0.9351300836916021,0.0026214803776356843,2.7038770636426585e-07,0.013665628466366592,0.0017963680407727018,6.7579622805651945e-06,1
0.13950775918020678,0.8427230869797762,0.0016395863199669646,3.543142824179528e-07,0.011810193830822761,0.004308794979859904,1.0224395085023256e-05,1
0.013390943975449703,0.963922181666956,0.006970662337594309,0.0,0.01478637904630734,0.0009218682678534399,7.964705839374676e-06,1
0.017923286091150837,0.8592238739545134,0.06465440767128308,4.1969557477957584e-07,0.055561109854053325,0.002615360479726405,2.1542253698223672e-05,1
0.024883604948077193,0.7131061782852561,0.14998222191363678,5.695862389840673e-07,0.104225800448823,0.007774372732835942,2.7252085132117233e-05,1
0.033535486734302344,0.9540387941750829,0.0011357316339526587,2.393772227419326e-07,0.008763928826778691,0.0025158081169713545,1.0011135689168407e-05,1
0.025223462233356624,0.9567360715372211,0.0019499826505093075,3.349121634030273e-07,0.01006251974237288,0.0060136223657185,1.4006558658236602e-05,1
0.1279348834868231,0.6974938219350685,0.11484785806002629,1.087630255357416e-06,0.026582282760143926,0.032933405565113934,0.00020666056256870392,1
0.0363713665208837,0.5620765464561728,0.37087885402947063,1.732718713650416e-07,0.027740034546511222,0.002690231649815356,0.00024279352527495482,1
0.021306081316529262,0.36996321377845465,0.5657643980245899,1.2522710833131877e-07,0.03760849734606319,0.005246036409809773,0.00011164789744483033,1
0.02565889247455748,0.8250217333402974,0.13476570529665663,2.9123780267737127e-07,0.011697036203328851,0.0025302723373585422,0.00032606910999843594,1
0.022497710303405933,0.8587600702843102,0.10228131665287245,2.6720218793933863e-07,0.01276215039726944,0.003399326263649742,0.00029915889630417346,1
0.18868862154385047,0.7990544443829565,0.0007569487475661866,1.9162620601148522e-07,0.00994392886776426,0.0015339992917816452,2.1865539875187868e-05,1
0.05230513848671102,0.8807312438012999,0.00036349918403326984,1.4396290452996482e-07,0.06590987146254443,0.0006736847983702624,1.641830413664453e-05,1
0.05218090679871552,0.8621277419931878,0.0004744421003425547,1.5258904576972348e-07,0.08453541893022078,0.0006639355127963732,1.7402075691285054e-05,1
0.061149900827796755,0.7799653639594509,0.0004745860076670017,1.7847266856522694e-07,0.15764371006965364,0.0007531225047170533,1.3138158045935519e-05,1
0.05699594209308746,0.7875551468202591,0.00025254379030955774,1.8454547735628074e-07,0.15449057025235519,0.0006918638234116364,1.3748675099702249e-05,1
0.06074675544351081,0.886643263674658,0.0002875268838174176,4.4004065815075465e-94,0.05208897329369626,0.00022598856784749108,7.492136469771127e-06,1
0.0480086582530956,0.8640093419944251,0.00021335554792259226,0.0,0.08759164284754048,0.0001711522056264569,5.849151389837851e-06,1
0.8776593214399249,0.031495222378935914,7.34848163169181e-05,3.604327064644916e-07,1.7682848677958602e-05,2.071864143069508e-05,0.0907332094420073,0
0.903074278894815,0.03461134434886098,7.561276441095852e-05,2.687688304282197e-07,2.003452150682711e-05,2.1318604739488217e-05,0.06219714209683639,0
0.9247732516634338,0.0186114308056593,4.3002467687911096e-05,2.794683995357447e-07,1.4257165967782333e-05,1.9695772169644815e-05,0.056538082656681886,0
0.9372107373821412,0.01972330019476939,5.54279673244723e-05,4.416431559249468e-07,2.387729758817156e-05,2.538683649906498e-05,0.04296082867852194,0
0.9453215601666419,0.05138787247959214,1.9335769775533575e-05,1.9420662582892156e-07,9.947611270450682e-06,1.1688492645615673e-05,0.0032494012734483406,0
0.9260725848816439,0.0733184540184341,1.3405585638287554e-05,1.4108374322868605e-07,6.681080091319773e-06,8.809973408684598e-06,0.0005799233770406737,0
0.944802435896062,0.05477732096745629,1.110104620750982e-05,1.3050647222931716e-07,5.189089899968067e-06,7.295460603930289e-06,0.00039652703329783653,0
0.9300471261058031,0.06951608384181683,1.0877332547860145e-05,1.278764425938547e-07,5.127002416449997e-06,7.148438948491078e-06,0.00041350940202465895,0
0.9397500888613721,0.06010895220810616,1.012528070299661e-05,9.04820324653438e-08,7.80185411969993e-06,5.7371215657596664e-06,0.00011720419210074837,0
0.801357957233431,0.19839131275351263,1.9619011392228825e-05,8.063564653113736e-169,6.5744790744742356e-06,9.971752046948585e-06,0.00021456477054293245,0
0.8617124884890982,0.13807102209948444,2.379598415975974e-05,1.3649663723307883e-50,5.825717835751289e-06,9.857016380915037e-06,0.0001770106930407143,0
0.8856184829850847,0.11416005080743745,2.769709410162105e-05,4.0645612708903437e-07,7.260720975704771e-06,1.1870462159532938e-05,0.00017423147411386918,0
0.6228362802666033,0.3766516124617254,2.9700787291851778e-05,4.1725100026235806e-07,1.3953878209859797e-05,1.1756782644495111e-05,0.0004562785725247709,0
0.3140858991403654,0.68560091649331,1.789878001687296e-05,1.0438818053750154e-88,1.2782616175277779e-05,7.085066944260384e-06,0.000275417903188411,1
0.20685809210910233,0.7929196443994768,1.1788200283758077e-05,6.87504275863004e-89,9.964330862075796e-06,4.666250330136567e-06,0.0001958447099448052,1
0.17327473625815618,0.8263740746744118,9.600541970097107e-06,6.09478461611506e-08,1.2745471449197214e-05,4.742519943030439e-06,0.00032403958622342357,1
0.17040146949543566,0.8292161510175061,1.1054124471562024e-05,1.1263976160138e-07,5.415695812014688e-06,4.27894384384348e-06,0.0003615180831694211,1
0.21603831832750303,0.7834692760083766,1.4500963775897432e-05,1.637244308284248e-07,9.885767367251484e-06,5.269359623716359e-06,0.00046258584892286587,1
0.8007601774825753,0.18999578043908794,9.14715517226338e-05,5.922572413195122e-07,4.667974105159379e-05,4.529462719331846e-05,0.009060003901127905,0
0.10789445240952356,0.8906356154373426,1.704001879384447e-05,1.1410727246048509e-07,1.0754015256353908e-05,8.306020930532169e-06,0.001433717990880803,1
0.1541292986331203,0.8443250138690607,2.277320820429421e-05,1.0210531482761947e-07,1.8306265973925922e-05,7.633442369938962e-06,0.0014968724759561575,1
0.08911814620784038,0.9107636432356646,1.4133940684328955e-05,5.155326404885772e-08,9.34304268092957e-06,4.928962294247123e-06,8.975305757151444e-05,1
0.1062823778288092,0.8936278387587722,1.860482043275289e-05,1.639649704389445e-07,1.5259468688681646e-05,1.0131928117064175e-05,4.562323020965558e-05,1
0.10772897936472843,0.8921759713098203,1.974897015791863e-05,1.661966854505897e-07,1.5723916532439385e-05,1.026983303672616e-05,4.914040903876167e-05,1
0.14750803346835645,0.8524158333185665,2.7142940814730397e-05,2.682683901786187e-07,1.5647704044776564e-05,1.696991387488054e-05,1.6104385952341017e-05,1
0.17359549073725702,0.8263215460719792,3.1448213430581566e-05,3.00024340000528e-07,1.749998229546111e-05,1.8651149922785624e-05,1.5063820775072375e-05,1
0.2144394785307843,0.785482621186416,3.398865905516179e-05,3.096327242672091e-07,1.5357685244611127e-05,1.92484595126452e-05,8.995846262945665e-06,1
0.05278340287013153,0.9288937228738202,0.002776356885245215,2.984428978247952e-07,0.01265441552570241,0.002883779860632895,8.023541569872772e-06,1
0.09834035107551485,0.8705824427203589,0.007670791112867255,2.533987029236799e-07,0.021965118559127257,0.0014340833337770404,6.95979965176657e-06,1
0.02077067707478645,0.9373387325751619,0.03287316988395468,1.571998536900075e-07,0.00823304535017119,0.0007633985502213181,2.0819365850859544e-05,1
0.01841833904279037,0.9068721825846411,0.06779111989264677,2.5263476883440293e-177,0.00621035808074533,0.0006908328641481267,1.7167535028307265e-05,1
0.012065298453100405,0.891350283392712,0.08567084008918217,1.3739195476104156e-07,0.009668783519182137,0.0012368946801729831,7.762473695424965e-06,1
0.027523380900334207,0.9361000919688105,0.018323741203550358,2.8009606250709e-07,0.013403942091907315,0.004637393203090239,1.1170536245035748e-05,1
0.03445941313991802,0.916809233381388,0.02158827803217961,4.284880673831712e-07,0.018498169034648376,0.008630104602596975,1.437332120176046e-05,1
0.07958765997008074,0.7686670727535689,0.0976018261027355,1.3650795047104512e-298,0.03063869846246302,0.02337844543900021,0.00012629727215159823,1
0.032651495351373086,0.7489711810717421,0.19661028386480933,0.0,0.018610915096122713,0.0029997189083361834,0.0001564057076165858,1
0.02166775765894012,0.8566248825788262,0.10657039652804245,2.5734495538115543e-07,0.011366188971722625,0.0035707791411372226,0.00019973777637594177,1
0.07339887645417513,0.8987585591123204,0.0005765152856155518,1.470909405741943e-07,0.026364163858595174,0.0008849631561574293,1.677504219560649e-05,1
0.06933609719310894,0.8201735052837644,0.0004024360765698085,1.520658467133567e-07,0.10959630470781795,0.00048031043713839006,1.1194235753688635e-05,1
0.05101856471477092,0.7140298543778969,0.0002465501533446774,1.6728771493489322e-07,0.23393157013721214,0.0007651421344472714,8.151194613129035e-06,1
0.06914372476668842,0.7357098100237821,0.0004411524398624714,2.0003478059335563e-07,0.19359121575170798,0.0011000426087806674,1.3854374397811351e-05,1
0.06289204834648603,0.860501953783583,0.00027392727197312033,1.0172062212005815e-216,0.07610696544267358,0.00021922592205517497,5.879233228818116e-06,1
0.05558659905250061,0.8780807289155207,0.00028366271082139606,1.0098314558216785e-93,0.0658160057347415,0.00022370438159841598,9.299204817179591e-06,1
0.008811367781713151,0.9398663485717706,0.00013461349222297704,1.0112166238353504e-07,0.051020466908243266,0.00016484306795687452,2.2590564309085837e-06,1
0.8882107120543576,0.03491136677904988,5.210164550084306e-05,4.1513943697725517e-07,2.242597172418009e-05,2.3863331446364558e-05,0.07677911507848426,0
0.9496794646748752,0.019214548400116768,4.4160620368393826e-05,2.5499691326528433e-07,1.9180137513113566e-05,2.0226223386956325e-05,0.031022164946826334,0
0.9418657460191382,0.02258452902531377,6.99277415795289e-05,4.957061037664762e-07,2.396485996135587e-05,2.8494520155196688e-05,0.035426842127748236,0
0.9404054609658534,0.056833111656101304,1.848274672453345e-05,1.4248614570719998e-07,9.508759245701186e-06,1.1172839337063572e-05,0.0027221205465921775,0
0.9379843795694336,0.060860478028957915,1.9826562358268137e-05,1.51660505813344e-07,8.9203101922937e-06,1.1888350899405163e-05,0.0011143555176526664,0
0.9560508378856181,0.04375045200335758,8.982178922654124e-06,7.478561234328039e-08,3.181399695253322e-06,5.594929321045895e-06,0.00018087681747313054,0
0.9368972918630751,0.06297797320996845,9.145060106683097e-06,8.205415882780305e-08,2.991659007850498e-06,5.202742150510002e-06,0.00010731341153262504,0
0.7841924360124749,0.21543511578514965,2.1054099863719398e-05,1.2169035223990206e-93,6.395468875625578e-06,9.288574168012443e-06,0.00033571005946813785,0
0.767048174252486,0.23265327378712358,2.135707826166369e-05,8.888154218076443e-168,9.82183959302044e-06,9.66701517076598e-06,0.00025770602736515015,0
0.8840472414621888,0.11574995764922223,2.566912321780233e-05,3.7669556129603163e-07,6.28429855870094e-06,1.0401790601261039e-05,0.00016006898064972386,0
0.6351464925733843,0.3646681573069615,2.270859173628761e-05,3.1902126106653674e-07,6.539364218665523e-06,8.988986540412534e-06,0.00014679415589779454,0
0.18908950113959924,0.8106922245099385,1.1136005355457129e-05,8.523193704482959e-08,1.1439018114335934e-05,4.760679784185998e-06,0.00019085341527117815,1
0.1344423535763792,0.8652274127204589,7.985009666172546e-06,9.015546710947231e-08,4.45071938620148e-06,3.2381769928680882e-06,0.0003144696416493079,1
0.1409521639259834,0.8587000077747183,1.0719014850591235e-05,1.0307883315734014e-07,4.563538071129236e-06,3.2236264452092705e-06,0.00032921904109826727,1
0.15501541685435502,0.844711002937986,1.469965597363334e-05,2.107775140337102e-08,1.595662165029308e-05,5.240852678160291e-06,0.00023766199960536036,1
0.5324397361208008,0.4652181927841346,4.025110661955118e-05,3.316854544493157e-07,2.7208003082192715e-05,1.879399899112338e-05,0.002255486300917246,0
0.5672156272127421,0.43067323226804155,4.26494836833197e-05,3.547898068060622e-07,3.3489371904371046e-05,2.0103140435399784e-05,0.002014543733386579,0
0.34216641680146087,0.6560798556889975,3.3833559912407033e-05,2.26564024719726e-07,2.0396264798429758e-05,1.6491898288773208e-05,0.0016827792225171125,1
0.12017714767642415,0.8788406010910186,1.7367409111193922e-05,1.5349116799296016e-07,9.350877052315395e-06,9.251577645376019e-06,0.0009461278775804299,1
0.0701244304759876,0.9297137546296089,1.2694952123195499e-05,7.945261786614651e-08,1.1649312610175623e-05,5.73317948321645e-06,0.00013165799756919964,1
0.07945268817028413,0.9204667444391423,1.1204893308168827e-05,8.83984769924368e-08,1.2143275662629222e-05,5.676156804094964e-06,5.145466632148958e-05,1
0.08931310819348906,0.9105911931100032,1.3697041592760004e-05,1.1424076062343502e-07,9.188135198955622e-06,6.724658005966555e-06,6.59746209489609e-05,1
0.09585644071422665,0.9040558744755303,1.5686607460325343e-05,1.3393125777286038e-07,1.0336184385268015e-05,9.19244487467446e-06,5.2335642265039085e-05,1
0.14934728574249587,0.8505631136621692,2.4985039836040315e-05,2.6829030964872897e-07,1.5648982575507953e-05,1.697130043972967e-05,3.1726982173939544e-05,1
0.30375089807249,0.6961767795675259,3.4672786917765016e-05,3.148662247662602e-07,1.220606456497889e-05,1.9556536357103263e-05,5.57210591963849e-06,1
0.042832341302005986,0.9307052120817679,0.01130847426370515,2.9145758786493226e-07,0.012139963617089463,0.003005698904365892,8.01837347746409e-06,1
0.05441168027346788,0.9319924816321022,0.0023936998597849897,2.524565905199382e-07,0.008987287241065947,0.0022081385006919394,6.460036296301847e-06,1
0.07028392880342253,0.8913602342514286,0.008146471877945632,3.5745588198158144e-07,0.028557768462922663,0.001644200158100623,7.038990298141235e-06,1
0.04013308765478965,0.9171035164115667,0.028816496745803395,2.365627441967839e-07,0.010979250112771006,0.0029574978331413132,9.914679183871574e-06,1
0.031484619250854995,0.9179395073086308,0.01713129709045694,4.259026915091437e-07,0.022000649060632337,0.01143483057173248,8.670815000831566e-06,1
0.02374997785803039,0.9288279787419306,0.024444842340016617,3.09138923443419e-07,0.0193040762260743,0.003634753571660783,3.8062123363951984e-05,1
0.02667522394620035,0.9550439165926454,0.012355391291521998,1.0205978017143871e-220,0.0039365325388157745,0.0019574943514805345,3.144127933597042e-05,1
0.020431830410346703,0.6982179963132612,0.26098404274078324,2.883715370339435e-07,0.013937870091681898,0.00610511202618333,0.00032286004620664946,1
0.08263041249800465,0.8350621160829307,0.0003287489141117982,1.4964084694895812e-07,0.08127008396549804,0.0006914230513710473,1.7065847236790744e-05,1
0.1498999698115244,0.8155838027180364,0.0002881731347365658,1.6349063677605523e-07,0.03332459212453662,0.000890357572030121,1.2941148499064408e-05,1
0.09211491422540799,0.8833315675353408,0.00014946082008757315,1.6282817051364483e-220,0.023956498985576766,0.00043690424477472583,1.0654188812058434e-05,1
0.07316275927682492,0.8635873699530086,0.0002855594845043079,1.3717549633820335e-07,0.06264331181489739,0.00031332717872833055,7.535116540115365e-06,1
0.06068726413224825,0.8537520329566551,0.00045584198814057936,1.3065531924085445e-07,0.08483039045593845,0.0002645439770751835,9.795834623242263e-06,1
0.9608120511662788,0.022709768014516553,6.0201491485579064e-05,4.7521761219965986e-07,2.270301949958718e-05,2.731678655162732e-05,0.016367484304055564,0
0.9389887785130595,0.05796378416890211,1.8086877729269416e-05,1.3165076417066013e-07,8.866684216614443e-06,1.0845205801928725e-05,0.0030095068995265586,0
0.9344298609914582,0.0649124970294778,1.4259094368241611e-05,1.1868792832530642e-07,7.189158459020728e-06,9.761178572849152e-06,0.0006263138597356632,0
0.9443242503015049,0.05516595557696873,1.2422188100711567e-05,1.0339813545413425e-07,6.263025992918654e-06,8.50370950532676e-06,0.000482501799792028,0
0.9692765204074679,0.030471811798328693,8.401956216055257e-06,8.405620157204265e-08,2.9758905022336793e-06,4.698837510582137e-06,0.00023550705377306636,0
0.111408586691076,0.8883676303824899,8.977352910331862e-06,8.633023423674224e-08,3.850165846300571e-06,3.013021983189003e-06,0.00020785605546009376,1
0.14755113135213072,0.8521136806914401,1.3377686942607241e-05,5.7993778052215034e-282,1.0567000451260911e-05,4.457879083453094e-06,0.00030678538995192824,1
0.13574661111718736,0.863928778158286,2.0079980568425616e-05,2.4703796300129828e-08,1.3610969110111152e-05,6.142446341764702e-06,0.00028475262471019567,1
0.12172221356356246,0.8779454642493676,1.6846399999525003e-05,2.415595520525443e-08,9.02034388350777e-06,6.057354312497703e-06,0.0003003739329194181,1
0.07390026326435378,0.9258465001585863,1.1972843009170528e-05,1.1585890418243795e-07,5.3042394090042454e-06,3.4368175098141475e-06,0.00023240681822795815,1
0.7538464040253585,0.2401998590555632,7.614143769324298e-05,5.098757156027597e-07,4.537910535460622e-05,3.077667699190472e-05,0.00580092982332295,0
0.757091297480866,0.23723346800190262,7.258470822588493e-05,4.860583299936163e-07,4.619211468368502e-05,2.60156564225597e-05,0.005529955979569025,0
0.10535434869808351,0.8943480654109276,1.4206632926380168e-05,9.758919738861795e-08,9.067954421709064e-06,5.778896833465289e-06,0.00026843481760990915,1
0.0977825017623192,0.9019755181242614,1.566745244080863e-05,5.269787003950001e-08,1.089126954643398e-05,5.038397067655438e-06,0.00021033029649451714,1
0.07856373549360479,0.9212734846584539,1.546314660343364e-05,5.201068222086957e-08,1.0749245822209029e-05,4.97269564390298e-06,0.00013154274918959332,1
0.08967746436884536,0.9102186737477864,1.594906298961506e-05,1.3484424499106057e-07,1.0051034491209577e-05,9.255108250007057e-06,6.84718333920867e-05,1
0.13024240470075518,0.8696602965327747,2.3773420480682087e-05,2.3727935382700705e-07,1.2934955483489624e-05,1.4683356760465842e-05,4.5669754391867144e-05,1
0.17020775583131273,0.8297145581069574,2.7209677956258088e-05,3.002782492002582e-07,1.4886948201632113e-05,1.8666934303982614e-05,1.662222301875931e-05,1
0.20068525899737852,0.7992399519543173,3.0279346197385818e-05,3.1412507309054283e-07,1.5566760723758258e-05,1.9510502967199175e-05,9.118313342964724e-06,1
0.2194711242178628,0.7804529197534823,3.292820041694977e-05,3.2487602283662196e-07,1.309431292418118e-05,2.0178251118778992e-05,9.430388172123491e-06,1
0.04471787293884547,0.9274953760882171,0.013617807356450153,2.9045240271717765e-07,0.012833652076477485,0.0013270103680668459,7.990719539929854e-06,1
0.11841001957854967,0.8558431737462528,0.00209401313296634,4.3380137977680185e-07,0.014515337320038877,0.009127159648894864,9.862771917800961e-06,1
0.026807324927193066,0.9333040022477206,0.030051434621604534,3.5082188733096405e-177,0.008718693028783002,0.0011031650816265028,1.5380093072119034e-05,1
0.011324703880638444,0.8497576435297758,0.12568074427322465,1.6638753263210995e-07,0.011877870656246889,0.0013494656569258783,9.40561565604266e-06,1
0.04579026013267835,0.8857282282275422,0.038872325426043235,3.799120002408266e-07,0.013370175495190938,0.01619185488696952,4.6775919575390266e-05,1
0.024419404550860235,0.9332447440266665,0.029866083284735702,1.6534954649373683e-07,0.00701207109543153,0.005435632075037875,2.1899617721753626e-05,1
0.043551990222846525,0.945125565679467,0.0009997306674914299,2.0708344196166937e-07,0.0059448225047874625,0.0043649959004671375,1.2687941498350645e-05,1
0.05807135127513296,0.916871188931426,0.0005918303738346339,1.7974407877084092e-07,0.022659855247641438,0.0017901690302360568,1.542539765008977e-05,1
0.06763552946423536,0.6904607607610602,0.0004106141668600616,1.8139409258735912e-07,0.24040688434406088,0.0010792484868879355,6.78138280286181e-06,1
0.0963574723401286,0.8403638325511483,0.00021034781301875597,1.7746084292940085e-177,0.06261680989298954,0.0004409026012544038,1.0634801460205758e-05,1
0.07110301328895091,0.8767159786858798,0.00025976689172772473,1.6815870155138265e-07,0.05153466422877006,0.0003762373123590443,1.017143361106138e-05,1
0.06328083411717977,0.8505085781422123,0.0005178358863004653,1.350980113950787e-07,0.08526259355606249,0.00041989427639630214,1.0128923837501733e-05,1
0.062452767651946614,0.8965762477555976,0.000574419024079103,1.4434110530411828e-07,0.03995161737869707,0.000433981927162062,1.0821921412082975e-05,1
0.058975314075271304,0.9035933370345716,0.0006531342095975239,1.4547079664390142e-07,0.03636250271105992,0.00040853014557082064,7.036353132278054e-06,1
0.012280828471650494,0.9625786338083056,0.002198134333039846,1.2389182257657374e-07,0.022626111771790552,0.00031371088489310544,2.456838497799815e-06,1
0.8741072311421568,0.051428487707280424,8.733592631106517e-05,5.672324134932632e-07,3.601332345178573e-05,3.2433241429194805e-05,0.07430793142695707,0
0.9265128558246551,0.016307650242591426,4.8667971322023315e-05,3.5456310386271497e-07,2.251104739385403e-05,2.027322571121138e-05,0.057087687125222414,0
0.9558166393028125,0.016346532217776842,4.938505253550362e-05,3.5978728999307385e-07,1.9435830165530912e-05,2.0571934469749194e-05,0.027747075874949997,0
0.9653215471043524,0.015331347058163037,4.4153878078747146e-05,2.9216382456867875e-07,1.4132676666567267e-05,2.048136884688841e-05,0.01926804575006783,0
0.9381790888888795,0.061342717292595196,1.2953352372344361e-05,1.267352206268061e-07,6.530828703099426e-06,8.867322310812696e-06,0.000449715579918551,0
0.9754042988538103,0.024325150410001294,8.455073489737087e-06,8.458760594368475e-08,2.7967293997324047e-06,4.728543620875726e-06,0.0002544858020719463,0
0.9274577405890642,0.0722756642209047,1.9777184324694844e-05,1.6430232139024627e-07,1.2185755049878802e-05,1.1672743708798551e-05,0.00022279520462661044,0
0.6801416652628155,0.31967671960479144,2.4241561311748198e-05,3.55746024807269e-07,5.780038851325649e-06,1.0620347916394225e-05,0.00014061743828883694,0
0.522122162681162,0.4777307219873528,1.897576986818209e-05,2.665807771506263e-07,4.732199439608261e-06,7.511383441117768e-06,0.0001156293979592192,1
0.28617392943814257,0.7136647381416038,1.207528489200482e-05,1.6963943245451315e-07,7.880261624282127e-06,4.7798901238083985e-06,0.00013642734418076446,1
0.11076965476028283,0.8889031799854372,1.842234122136225e-05,2.2664452455677913e-08,7.6222581052398465e-06,6.181226451685917e-06,0.00029491676404919706,1
0.0666732014248562,0.9331304576662668,1.2844323613125928e-05,1.6044623225873986e-08,6.85388389369648e-06,3.5993499081955293e-06,0.00017302730683878222,1
0.0952868591973387,0.9043310965480779,1.7360876600591716e-05,1.5067355034613578e-07,8.630669919925578e-06,5.121352548657222e-06,0.0003507806819638929,1
0.41010933389287335,0.5887317743297531,2.9434446939893738e-05,2.477814831198911e-07,2.354769174661552e-05,1.3363031968601368e-05,0.001092298825235334,0
0.39748439922738027,0.6012901569640687,3.0215386547972313e-05,2.486239913792314e-07,2.4824421777546782e-05,1.4087560911913192e-05,0.0011560678153221238,0
0.46271657752785833,0.5352523606009242,3.336199604376353e-05,2.884187694300382e-07,2.699950840039002e-05,2.1154887991877042e-05,0.0019492570600121004,0
0.09481172053604231,0.9050862491413418,1.3404633179778624e-05,7.960913734913175e-08,9.020627043946216e-06,5.05932539187945e-06,7.446612786270803e-05,1
0.09951319545084493,0.9003765663741129,1.693118293692356e-05,1.1587429063941775e-07,8.095380467592298e-06,6.353527611804461e-06,7.874220973524923e-05,1
0.13376016238723962,0.8661413497489189,2.6660100972749976e-05,2.3631923937501484e-07,1.2888464329181906e-05,1.4623942813141294e-05,4.4079036487263924e-05,1
0.18021177942631147,0.8197052091428652,2.8870042192048324e-05,2.911687309273608e-07,1.6983447530329465e-05,2.0748816459187393e-05,1.6117955910739177e-05,1
0.03274590630287162,0.9428737431242495,0.010445924113231165,2.895330097711987e-07,0.01157547352617905,0.002350697974602322,7.965425856319114e-06,1
0.06122719128404145,0.9186809335897609,0.005571253366744793,2.8210400136957347e-07,0.009836322690337128,0.004671938008726031,1.2078956388268047e-05,1
0.06901678228052073,0.8944317319531097,0.00838135536560393,3.049314704547323e-07,0.024575844109373437,0.0035874718656268,6.509494294883669e-06,1
0.040806965677064294,0.9120505418314453,0.023134521659544695,1.4813188172220473e-220,0.021477815742667695,0.0025191688759323904,1.098621334584356e-05,4
0.019997067748300092,0.9349013937274271,0.028482288954363902,0.0,0.01536611634356076,0.0012437300003592029,9.403225988840378e-06,1
0.018478606735827893,0.8697846746595622,0.08866117528663083,1.7972206397925282e-07,0.020869998219937774,0.0021996567386340198,5.708637343371109e-06,1
0.019716617555960075,0.9353069063393227,0.02323897125481053,1.1400681919880457e-263,0.020109624869436717,0.0016030086545050452,2.4871325965011655e-05,1
0.06162635339916407,0.9160427236748256,0.0004319393909110323,1.7641196545609557e-07,0.0202269902491963,0.0016566774338178927,1.5139440119546383e-05,1
0.08873076140414747,0.837994154926499,0.00033507375473881487,1.4203277562612545e-07,0.07213674836915517,0.0007910262204787334,1.2093292205385635e-05,1
0.09172318721221334,0.6836167685708728,0.0005619574885910445,2.669384509925703e-07,0.22250136499622225,0.0015779666825807973,1.8488111068749446e-05,1
0.08927094897687239,0.8326749652288894,0.0002930704902679713,1.7278087146989858e-177,0.0772625680271368,0.0004925248986047992,5.922378228549922e-06,1
0.07316396014764708,0.8707449743528209,0.00032262103370097125,0.0,0.05533964293013418,0.0004228195009247056,5.982034772302846e-06,1
0.07158044838358146,0.8768610713514974,0.00031802085890391747,1.525221642578007e-07,0.050778638782321285,0.0004518970314627875,9.771070069131295e-06,1
0.06090281833607223,0.8962318944043379,0.000585727637882202,1.3927666692849824e-07,0.04165120220403528,0.0006177759240022502,1.0442217002990205e-05,1
0.06075693563191643,0.8940851180173255,0.0006834466700395566,1.389430525350687e-07,0.04386415582375342,0.0006034843046530326,6.7206092595107205e-06,1
0.05883724360316899,0.900839570446073,0.0006310108518981707,1.230401082061442e-07,0.0393544440800443,0.0003335061484397214,4.101830267705731e-06,1
0.9768163947229046,0.014329295818151223,5.1397608710255753e-05,3.021766684282487e-07,2.2524803016932988e-05,2.3841470503799117e-05,0.008756243400044926,0
0.931180120515029,0.06837698918246402,1.57693169687599e-05,1.3125851570880772e-07,7.989577312287317e-06,1.0795013689421811e-05,0.0004082051360208056,0
0.9751643283360392,0.02465290192486671,8.408463414696021e-06,8.412130193516683e-08,3.0276328342504853e-06,5.028147777837541e-06,0.00016622137376555345,0
0.9687168407732402,0.03118935485952458,8.333791830148792e-06,7.631445938006071e-08,2.8166383209348977e-06,5.2367233681926604e-06,7.734089925667673e-05,0
0.7898638442972767,0.20995419656486655,2.9430625557780175e-05,2.2809527989764495e-07,7.017293851462712e-06,1.349865494342726e-05,0.00013178446822414028,0
0.08630954307411548,0.9133885141383514,1.5601181845080042e-05,1.927981982302763e-08,1.0153307176137692e-05,4.7497129781103335e-06,0.00027141930571410346,1
0.09207616156235275,0.9075985688183659,1.677590060377181e-05,8.41716299727777e-08,7.695053214248651e-06,4.8465472171289715e-06,0.00029586794661623484,1
0.1766780169005945,0.8225411559410863,2.107022494447542e-05,1.771953129687963e-07,1.1396595501884816e-05,1.1224058858250291e-05,0.0007369590837015436,1
0.12522335589697106,0.8743349115155885,1.9075511486848782e-05,9.162953442734231e-08,1.099310085379612e-05,7.580001838932883e-06,0.00040399234372678574,1
0.08655491060175229,0.9133418936048057,1.5256726620253959e-05,7.674822500417094e-08,9.207740529225355e-06,6.81877752137307e-06,7.183580054625279e-05,1
0.08822475577041602,0.9116879294060244,1.7327166070502096e-05,9.169822463950311e-08,8.303830979773558e-06,7.789374741027266e-06,5.380275354353536e-05,1
0.10022734763134701,0.8996881878750417,1.5385968512978864e-05,9.63058123710429e-08,8.717118824967667e-06,8.18076975040963e-06,5.2084330710370016e-05,1
0.09091529446204466,0.9090035275804785,1.3956468877998412e-05,9.740247840486686e-08,7.907217376913816e-06,7.899673908428729e-06,5.131719483495188e-05,1
0.09181680700138432,0.9080902194584554,1.648710620189224e-05,1.2568163321717874e-07,9.78791412149945e-06,8.373730269646926e-06,5.819910793398371e-05,1
0.09437804291249899,0.9055226986562935,1.659627012330566e-05,1.419123079565021e-07,1.0577874510643875e-05,1.0150524838202047e-05,6.179184942735956e-05,1
0.14251990079434546,0.8573758645061104,2.941064330699902e-05,2.5964684885594207e-07,1.3885317073615719e-05,1.6424539096968273e-05,4.425455321726412e-05,1
0.063655791503703,0.8899778766152944,0.03802829097168926,2.674765452442922e-07,0.007289459001643928,0.0010406066609479575,7.707770176220325e-06,1
0.029951216059650274,0.9514224285936792,0.006117974281920761,2.9215809786130696e-07,0.010128040382589933,0.002372010878652353,8.037645409331696e-06,1
0.03516644001638631,0.9453804956548691,0.004236399647881321,2.9030277095103275e-07,0.011606248428721908,0.003602139346393039,7.986602977400699e-06,1
0.06862568629903326,0.8820037068691577,0.011585087756842617,2.3541240375868166e-07,0.034183112006586316,0.0035958426690197278,6.328986956594706e-06,1
0.12771815298620542,0.8466021345694364,0.001493136575120786,3.2351889516046387e-07,0.01202437495970957,0.012154123567223956,7.753823409057496e-06,1
0.022403596160003536,0.9207802927248226,0.035327081295117066,1.8502400957960771e-07,0.0197152976599191,0.0017676731686556387,5.87396747243122e-06,1
0.022457277530096447,0.859106357229034,0.0911092873602959,2.00001029666005e-07,0.024590011589822807,0.002730513517438122,6.352772282850208e-06,1
0.02845648694474761,0.8955716595340408,0.03688994086997992,4.0537249042719335e-07,0.02526059560950454,0.013812258020238874,8.653648997932244e-06,1
0.016757326426576877,0.8936663273820656,0.06941163041575668,1.790776388223196e-07,0.016610316241141433,0.0035392289984083254,1.499145841183616e-05,1
0.013107195283661026,0.8372934089530134,0.12918232187480122,1.8190228253748862e-07,0.008738398797032422,0.011661898640004501,1.6594549204785725e-05,1
0.05931112568692005,0.915825820235752,0.013891239192826647,2.5554256008869324e-07,0.0023933200763209856,0.008564682613397667,1.3556652222320643e-05,1
0.0585143223626943,0.9239993169599693,0.0004335993464582276,2.49241262631154e-07,0.01477659237093542,0.002260648779925836,1.5270938754361997e-05,1
0.05158740602270091,0.9308622841937969,0.00029651103982716257,2.3415088926671666e-07,0.01537659540587148,0.0018662596918088566,1.0709495105393612e-05,1
0.09137250672727001,0.794763572758343,0.0005145687870291339,2.26879895775609e-07,0.11155342977160179,0.0017829384710322238,1.2756604828142647e-05,1
0.08682446391681739,0.7876369839097823,0.0007480019084870728,3.0942839842688766e-07,0.11952921730283075,0.005239592576185361,2.1430957498516323e-05,1
0.06267970450079381,0.9180025433368083,0.0004960675742010076,2.22411691154835e-07,0.01807105366449389,0.0007459613920998043,4.447119912180439e-06,1
0.0580590580487993,0.9060922630925878,0.0007152187191916716,1.3130220833253436e-216,0.034592578173973904,0.0005367283538118006,4.153611635477999e-06,1
0.9780079808142648,0.013544382045731706,5.28016742133025e-05,3.2878504337763406e-07,2.3139866827247205e-05,2.5781190499997917e-05,0.00834558562341984,0
0.9305618767712079,0.06903863634943733,1.5092785004126229e-05,1.3618870041125527e-07,7.5219470550872775e-06,1.0331888251965011e-05,0.0003664040703429792,0
0.9788777687001285,0.02093333334317822,6.6985896235658755e-06,6.701510757350802e-08,2.1400133380561606e-06,3.746220925438896e-06,0.0001762461176985703,0
0.946703297691496,0.053211073595638494,1.0612518416141552e-05,8.609526488779135e-08,3.1196429948814704e-06,5.630999308901916e-06,6.61794568807216e-05,0
0.884573342852568,0.11518540649559356,2.8837820552454324e-05,2.4782730894711655e-07,1.7494490232289952e-05,1.675798503758955e-05,0.00017791252870714186,0
0.10890858872155285,0.8909541951115991,1.2185178603365063e-05,7.625069458489241e-08,4.885622011799013e-06,4.313785242581309e-06,0.00011575533029568026,1
0.07331369445836203,0.9265151672337906,1.102924146282275e-05,1.6055603293381396e-08,5.829335013538553e-06,3.911553305783731e-06,0.00015035212246169446,1
0.13225710684889008,0.8673427986237358,1.8011003686684707e-05,2.2318120187802766e-08,7.216632606919084e-06,5.979882744766535e-06,0.0003688646902154084,1
0.09776248131397651,0.9019714153633333,1.7537190659647495e-05,2.1906767927180992e-08,6.9019070923806115e-06,5.3968792699974e-06,0.0002362454389000377,1
0.07552643716799907,0.9241670553786917,1.3931339944380416e-05,6.301066037492962e-08,9.475786194150446e-06,4.38326198874061e-06,0.00027865405452162987,1
0.16215673858068705,0.8372613072939866,1.747123750039153e-05,1.103228086946099e-07,2.2009287731639342e-05,8.020247936793705e-06,0.0005343430293487152,0
0.12611479296204492,0.8737140788720388,1.9371279284880522e-05,9.305025992929944e-08,1.1163550030758412e-05,8.26714911946625e-06,0.0001322331372213896,1
0.09627458070096538,0.9036462494097778,1.3874215417157417e-05,9.682842983904944e-08,8.212890375185966e-06,7.853116607712936e-06,4.913283842669301e-05,1
0.08791894945676806,0.9119787601925867,1.7584593515535604e-05,1.2034612746115845e-07,8.486185779879722e-06,6.598723837521404e-06,6.950050138493667e-05,1
0.15147265819136987,0.8484145301646819,2.807927875190898e-05,2.676125890626985e-07,1.458852980892354e-05,1.656044259823963e-05,5.3315780200084646e-05,1
0.038163230189490756,0.9383718242017836,0.011533613930305853,2.9479773555405215e-07,0.009529484705549311,0.002393441909894433,8.110265240644617e-06,1
0.059576077254559434,0.9224545174804454,0.003834575830866585,2.832627748633328e-07,0.009480073160916877,0.004646680086815271,7.792923621427905e-06,1
0.07293894928492789,0.887939183342533,0.011023267620743502,2.785118947075625e-07,0.024245058034096777,0.0038456009850120197,7.662220791850888e-06,1
0.08733911901745442,0.8541576827712477,0.011187197560026849,2.947883273176524e-07,0.0428048065864156,0.004502789270120085,8.110006407948684e-06,1
0.08647677685875142,0.8557028791260565,0.010418747327960682,2.953216080666279e-07,0.04288224173971309,0.0045109349482624255,8.124677647922058e-06,1
0.07311768722007429,0.878386866139874,0.007250717978654945,2.479385936341692e-07,0.03664926029529814,0.0045885546779520225,6.665749553093469e-06,1
0.03175463760799806,0.7597098479983535,0.08368225035333186,6.408179973938462e-07,0.09911032095537223,0.025723810276338212,1.8491990608550483e-05,1
0.02499714665320743,0.7898534146320689,0.07435167331958152,4.74366284235119e-07,0.09398650553252522,0.016796068770229596,1.4716726102968041e-05,1
0.03620861351979929,0.9139279970075206,0.027295681419135544,3.5458226453311893e-07,0.01847622635176852,0.004083185281395516,7.94183811599987e-06,1
0.036284661684038634,0.907262765346682,0.031630341330665356,3.7547996105142426e-07,0.020090450264300338,0.004722991586592019,8.414307760478341e-06,1
0.039127104042344166,0.8756088585742825,0.055678768326853555,3.6506203113520035e-07,0.020981571165054756,0.008513446651672295,8.98861777615437e-05,1
0.030508290239199796,0.8993126129367977,0.035930283866995205,2.6736824148337006e-07,0.030925979132963546,0.0033013099943158225,2.1256461486495842e-05,1
0.010517523682947588,0.7245858915612537,0.24516244849029062,1.4830894542936767e-07,0.01739870881805138,0.002319644824013755,1.5634314497575792e-05,1
0.009144325852268508,0.879157316745561,0.09673100450022992,1.420876864417683e-07,0.004373481153212109,0.010570216680065947,2.3512980975969582e-05,1
0.07718672936515333,0.9029137550379303,0.0003132408851500449,2.6213866153897035e-07,0.018106137164178335,0.0014678795356202307,1.199587330626637e-05,1
0.1673048946260967,0.7892237246519043,0.0005682385807659468,3.420475585235205e-220,0.04089459807633865,0.0019976153477604393,1.0928717134029175e-05,1
0.09562364382403145,0.8804708762935124,0.00028321093023627966,1.9617743399194721e-07,0.022105458299701425,0.001504930727094115,1.1683747990193377e-05,1
0.9579100283154208,0.036165066118772814,2.9289744145657438e-05,2.1767465089716835e-07,1.4344412299548791e-05,1.7068634218116612e-05,0.0058639851004920526,0
0.9265679754168683,0.07091285758869634,2.3062802215854618e-05,2.2330621118585303e-07,1.7673351802232845e-05,1.3439876193850443e-05,0.002464767658011918,0
0.9114450905428199,0.08609170098491391,1.9514580301572765e-05,2.132805824681381e-07,1.058182556631794e-05,1.3358864046942019e-05,0.0024195399217689963,0
0.9651167319961765,0.034677193337257294,7.18459736964347e-06,7.187730442616595e-08,2.324468225869131e-06,4.018023273484821e-06,0.0001924757003927398,0
0.9701592621181535,0.02972680925329493,9.220724911306687e-06,8.422944552835759e-08,3.0894032271632656e-06,6.296428856910472e-06,9.523784211079595e-05,0
0.9751202405485125,0.02480539879877098,8.365355556266943e-06,6.7864900135477e-08,2.4955840741914056e-06,4.43865532279418e-06,5.899319286294859e-05,0
0.9676251109509127,0.032304388776607434,9.023202673169895e-06,7.320175982933505e-08,2.5763748265622325e-06,4.787708819371333e-06,5.403978440099306e-05,0
0.9464022323351781,0.0535221519880207,1.0674560486427664e-05,8.659858825233258e-08,3.0866430455492403e-06,5.663918814075407e-06,5.610395586677359e-05,0
0.9021915576812048,0.09773766468610047,1.3208856903582398e-05,1.0064644036403044e-07,3.877458208979699e-06,7.1503560852424175e-06,4.644031505652637e-05,0
0.19666546672438065,0.8031894488948611,1.0012938689973372e-05,7.428965111601296e-08,4.7831978783541906e-06,4.372476086116009e-06,0.00012584147845283927,1
0.09095643210981223,0.9087331887336272,1.4034168721548771e-05,7.365113944185441e-08,1.0714450821091869e-05,5.779165621852694e-06,0.0002797777202564739,0
0.09491595634442454,0.9046279915963029,1.006967303243394e-05,6.646713392991848e-08,9.8691356532349e-06,6.4681567174996924e-06,0.0004295786267353808,0
0.1091571648733873,0.8907460403873186,1.4588506128728141e-05,6.979291734207857e-08,8.716237893739441e-06,6.2008258288364316e-06,6.721937652557879e-05,1
0.0815286128057403,0.9183950039505279,1.3592884100196677e-05,1.116445125844495e-07,7.804855079938467e-06,7.662781971576586e-06,4.721107806754074e-05,1
0.10220724522958305,0.8977105258418571,1.6106919935424903e-05,1.406879946666234e-07,8.77677543536637e-06,1.0062953699111956e-05,4.714159149523744e-05,1
0.15880181066988366,0.8410846157465438,3.081092966134087e-05,2.731128238954342e-07,1.4598819249142399e-05,1.7276359307725573e-05,5.061436253045382e-05,1
0.1644177380149294,0.8355006708638235,3.108809969425532e-05,2.755697017378264e-07,1.4730147815215298e-05,1.7130916182601966e-05,1.8366387853552176e-05,1
0.07136467625523926,0.9114190125190021,0.004285677129309655,2.920020800741765e-07,0.008934879357070848,0.003987429384138942,8.033353159143584e-06,1
0.08535604913191834,0.8577363955379719,0.01127703468104404,2.971555810014812e-07,0.04208254255952119,0.0035395058013589662,8.17513260449718e-06,1
0.018135589735969227,0.7979977772837091,0.09799308284977325,4.431311572312403e-07,0.07016892422875187,0.015690114661265187,1.4068109374081962e-05,1
0.013201479280264354,0.6124331371917842,0.309367386932852,4.217725973245171e-07,0.05130957747544857,0.013674600289696368,1.339705735727203e-05,1
0.012938742130344887,0.6344689729527507,0.27784841688182743,4.6350665483749084e-07,0.05970099091027115,0.015027690932799516,1.4722685351598106e-05,1
0.011889654773850074,0.6281285964226002,0.2921477449989783,4.2155516824835177e-07,0.05545616422518476,0.012364034888960687,1.3383135257701177e-05,1
0.028694798020368423,0.8628042661682368,0.0441835097063284,4.091305073977748e-07,0.04809684214075607,0.016211508691414685,8.666142388256731e-06,1
0.015887422672192796,0.6955113467355974,0.2606848894706619,1.8111074467719952e-07,0.02274262349077466,0.005154444331536721,1.9092188491907347e-05,1
0.014222915391202986,0.7993606095346372,0.14251738824081392,1.563757453671315e-07,0.006697062953042866,0.03718760168576342,1.4265818794192983e-05,1
0.014206883039477045,0.9232647868639045,0.04849451054490126,1.7185938717237605e-07,0.011070360696965017,0.0029463253972697835,1.696159809502389e-05,1
0.04539404679214694,0.93570388436278,0.0005941351253935015,2.552206032030697e-07,0.015131085352336138,0.0031649199739014074,1.1673172838927168e-05,1
0.19961734615238866,0.7308779396868227,0.00129599189501763,2.885675588261678e-07,0.06193571963366228,0.006249860442099386,2.285362245053538e-05,1
0.09627882808774427,0.8809687600287922,0.0003501078674540259,2.164476209072625e-07,0.019589724524300498,0.002800191670215021,1.2171373873083511e-05,1
0.9147572620451734,0.0846449174716605,1.8132037045398774e-05,2.1316443017104627e-07,8.517087365653869e-06,1.1916134701270163e-05,0.0005590420596236126,0
0.9743362881965099,0.02549990067214048,6.885654958840266e-06,6.888657668434665e-08,2.253676944005365e-06,4.19500832919018e-06,0.00015040790454098234,0
0.9668906478338756,0.03302673055634856,9.733795179293981e-06,7.896652250328989e-08,2.763558679181239e-06,5.164749004744259e-06,6.488054039040696e-05,0
0.969485738193534,0.0304483941863829,8.445433024341005e-06,6.851453771960549e-08,2.453771499686426e-06,4.481144404999004e-06,5.041875661640781e-05,0
0.639190388902895,0.3606458226476083,2.1867440289336073e-05,1.9130139132112132e-07,6.309620188563404e-06,1.0362423956417209e-05,0.00012505766367114872,0
0.5631021091841603,0.436693023271741,2.6121353006561864e-05,1.882908309639933e-07,9.796653234327413e-06,1.019934776260858e-05,0.00015856189926426913,0
0.3919435439374446,0.6079204792481182,1.8384168592298744e-05,2.697885178265063e-07,5.292368504854947e-06,8.054195193658498e-06,0.0001039762936284419,1
0.181901924609724,0.8179664382572435,1.1425117210685085e-05,1.605055629478505e-07,6.337383043057964e-06,4.331827966896945e-06,0.00010938229924871523,1
0.0612298043908876,0.9386549660112554,8.68447169683839e-06,1.5163096077036733e-43,5.104209089125931e-06,3.105455291283003e-06,9.833546177972263e-05,1
0.06377387294058928,0.9360503061043991,1.0542412912219345e-05,5.288907322409887e-08,8.144231225650001e-06,3.442829784807777e-06,0.00015363859201559228,1
0.06918701644239383,0.9306041655765739,1.1297544741879916e-05,5.4048618781174693e-08,8.240097892791379e-06,4.471141671880371e-06,0.00018475514810713478,0
0.10287493592682724,0.8969002809522324,1.5671134253865616e-05,7.527655217109427e-08,9.03117903102597e-06,6.227210554451496e-06,0.0001937783205489546,1
0.1252553553676058,0.8745583383206406,1.90803860269479e-05,9.165294936120332e-08,1.0995910021506378e-05,8.14300357875055e-06,0.0001479953591773167,1
0.10416504176052205,0.8957418291039657,1.379944466140138e-05,7.171325337397786e-08,9.462025473732782e-06,6.371440122093207e-06,6.34245120015553e-05,1
0.08325568895374728,0.9166663806693254,1.35672992746987e-05,1.1762918101017043e-07,7.790164609999542e-06,7.64835891476784e-06,4.880692494680086e-05,1
0.07737611871047967,0.9225399163702931,1.5109359692335662e-05,1.2209484220032622e-07,1.055477996771023e-05,8.380046040574157e-06,4.9798638684352604e-05,1
0.07108873957949836,0.9288316384590133,1.3972930462859245e-05,1.1476600546309044e-07,8.02307269750766e-06,7.877027336629897e-06,4.963416498586599e-05,1
0.070543199437668,0.929380390125117,1.4387969407781341e-05,1.1817490826604461e-07,7.544293424519149e-06,8.110999238487369e-06,4.624900023599266e-05,1
0.09072031676113732,0.9091963658766765,1.5434599556964543e-05,1.27285781258874e-07,7.940682649372734e-06,9.104337057319724e-06,5.071045714115057e-05,1
0.1565830839453124,0.8433092534756376,2.6347398076102955e-05,2.660022485227134e-07,1.1405137092179206e-05,1.6460791262069516e-05,5.318325037104998e-05,1
0.12756019640784308,0.8723422749643645,2.8333355531155258e-05,2.5302057529688483e-07,1.3632637199460965e-05,1.6005379420594437e-05,3.9304235066023e-05,1
0.14909225293621503,0.8508333422422357,2.9671950455205314e-05,2.694532471081859e-07,1.2236961321818633e-05,1.6735908170279666e-05,1.5490548355019933e-05,1
0.06282479119082594,0.9048722760406255,0.013259124547732114,2.7351751796284757e-07,0.01767657542283059,0.0013594344614103126,7.524819057623798e-06,1
0.06826462918432076,0.882348752948686,0.013202225491509009,3.0217043071229037e-07,0.033306260538008677,0.002869516569468412,8.313097576379316e-06,1
0.07896384050643596,0.8694551771951836,0.011299777966461342,2.977548781024665e-07,0.03721489275388336,0.003057822203118346,8.191620039306695e-06,1
0.06862520177834952,0.8694373681886125,0.008701743902843676,3.2402165783155627e-07,0.04582308538572647,0.007403565504482774,8.711218327188441e-06,1
0.08646819357396024,0.8341806833364116,0.021867599842109363,3.578380902727602e-07,0.052157432518346564,0.005316789228852954,8.943662229062019e-06,1
0.1388532943796891,0.7922599294065509,0.0036172365595402993,8.706875653401785e-07,0.017595883255080012,0.04766094109266154,1.1844618912828206e-05,1
0.029335928343216962,0.7786296935563422,0.07333432372787066,1.6981620675882966e-06,0.0965718216162606,0.022108333521599466,1.8201072642788368e-05,1
0.028399390544193676,0.8330816736577498,0.08118738256756212,3.950364424611259e-07,0.04293651285558682,0.014386277734492843,8.367603972367875e-06,1
0.05001079863437198,0.8625345377406519,0.060130660010109485,3.717134698396155e-07,0.01858825318099593,0.008623350541720675,0.00011202817868016069,1
0.02967902357612503,0.8625738248938586,0.0730485187072558,2.47992603684378e-07,0.03037091347574833,0.004304550815332663,2.292053907569715e-05,1
0.015967540833891507,0.7289631747457416,0.210642808773185,1.9052645037118417e-07,0.0248857464797252,0.01952045387513759,2.008476586888343e-05,1
0.005488786560488342,0.8963030004124805,0.09209412645956894,2.0346293913866266e-177,0.003944042767528102,0.002158134632220933,1.1909167713276605e-05,1
0.012382606208582086,0.9457043246104702,0.028851965517320954,1.7488121709192677e-07,0.008857974504901663,0.004190068371684568,1.2885905823648248e-05,1
0.07194323258723435,0.8927674149340743,0.00025023538399868145,1.5759597230233848e-220,0.03357198880643592,0.0014573091997078958,9.819088548726825e-06,1
0.06692239557089967,0.910837666042155,0.0004722163271267413,2.332085306267538e-07,0.020749289988534047,0.0010133702980046307,4.828564749388017e-06,1
0.06545104656238089,0.9135843231026114,0.0006556682313138831,0.0,0.019330818377934232,0.0009736984064175662,4.445319342149013e-06,1
0.014761130342934662,0.9412719154679307,0.00489744619607025,1.6741798903647563e-07,0.03275478176364004,0.006311873184636893,2.6856267986095323e-06,1
0.9443240913602354,0.04645043408595305,2.8621776275945504e-05,3.1281580341824765e-07,1.6978827134250566e-05,2.0450606560829405e-05,0.009159110528036939,0
0.9165559315806496,0.07698516390544642,2.22333477750109e-05,2.429947910941663e-07,1.3130941050657477e-05,1.5757656379544618e-05,0.006407539573907569,0
0.9697699887543453,0.03000949673042672,7.387203322564959e-06,7.390424748329832e-08,2.287051572058171e-06,4.131331701542984e-06,0.00020663502438432693,0
0.9729693334949628,0.026875630983663874,6.875994661329805e-06,6.878993158243175e-08,2.3603319876359534e-06,4.479241550975403e-06,0.00014125116324165536,0
0.9758998638794852,0.023987235982429904,6.137013365583905e-06,6.139689606119339e-08,2.080207027088562e-06,3.822697846304983e-06,0.00010079882294997308,0
0.9726160896000415,0.027273665185721767,6.436594624972935e-06,5.2764689253095046e-08,2.148110028560404e-06,4.044577327002568e-06,9.756316756697318e-05,0
0.905026878152174,0.09479642480171475,2.4194427491745327e-05,1.8435228888196807e-07,1.3431312527283972e-05,1.1846310719808564e-05,0.00012704064308352854,0
0.5451056649614424,0.45469236298738713,2.3768581897667048e-05,1.84212915558815e-07,1.2912962073066813e-05,9.978455023695203e-06,0.00015512783926053086,0
0.48370822830502663,0.516152222076678,2.185371141961175e-05,1.5062424404652002e-50,9.795438754897067e-06,8.28583043159077e-06,9.961463768929206e-05,1
0.3118257220990598,0.6880497069731454,1.4142045743474919e-05,1.0492500522364028e-07,9.064804691987702e-06,5.9366203751641575e-06,9.532253197903185e-05,1
0.06495456516954533,0.9349200491601716,9.212769637384493e-06,5.3868247216096256e-08,8.295011319057604e-06,3.5065694039513083e-06,0.00010431745167552599,1
0.05462890669850584,0.9452040550112598,9.953163699664553e-06,8.638264912001182e-08,4.590076960442172e-06,3.0540794014521655e-06,0.00014935458752376603,1
0.06649074288167178,0.9333307043039417,1.2784974604948697e-05,1.670440601597019e-08,1.3062929072887078e-05,4.116275720034982e-06,0.0001485719305824628,1
0.0972321608747094,0.9026927492459041,1.3075639460400775e-05,1.0739614812615938e-07,7.381581380251473e-06,7.371193161467824e-06,4.7154069236193455e-05,1
0.15792065186996607,0.8419961297527433,3.407836479031497e-05,3.130367812016989e-07,1.138795307400711e-05,1.9442908483519266e-05,1.7996114161347573e-05,1
0.10887914745786344,0.8778649471782354,0.008986066181560557,1.62027953704804e-07,0.0036021923848118713,0.0006620939705528703,5.3907990221381165e-06,1
0.13439216329364964,0.8356276699768939,0.026008287037081475,1.5423219922458047e-07,0.003428877800627922,0.0005377162314840747,5.131428063807166e-06,1
0.06453287936240233,0.8920774214694567,0.0359733110407891,1.9053123796543557e-07,0.006619095535745686,0.0007907629343851774,6.339125983051785e-06,1
0.07162052299043417,0.8427862509513538,0.0237869970477437,3.5943756597387804e-07,0.05572665267610607,0.006070233257910613,8.983638885553467e-06,1
0.08870407725604997,0.8407251427013138,0.014398536807515558,3.6709102263784613e-07,0.04956581167365435,0.0065968895441207214,9.174926322939238e-06,1
0.12388033108552421,0.8297697910171462,0.003331913642535035,1.0052952550826327e-06,0.015857679019482162,0.027148505083926317,1.0774856130896396e-05,1
0.019037955658237977,0.7563389607336132,0.12187430971013205,1.0623699746710124e-06,0.08736575916738226,0.015366052657239608,1.58997034203551e-05,1
0.015439453788701457,0.6004102723600059,0.26770501406543995,6.458205964932688e-07,0.08853465628384882,0.02789366910640513,1.628857500234404e-05,1
0.013948666169519786,0.7424415620805773,0.18588800036744854,1.9404924738562855e-07,0.03137537781156047,0.026325743392362856,2.0456129283783947e-05,1
0.013714959030875095,0.6217689001845861,0.3333677377177432,1.6289774898096934e-07,0.021460955066250995,0.009669781996534402,1.7503106261429267e-05,1
0.011750425836035933,0.7167085071352176,0.2611009026685034,2.0893442677103582e-177,0.005289649410752481,0.005138811664983684,1.1703284507062018e-05,1
0.006305936747839259,0.8921702641571849,0.09308572981065706,1.4933897194708118e-07,0.005279999708593486,0.003143181282636429,1.4738954116889733e-05,1
0.01467538359806455,0.9504833724284566,0.02104159914172733,1.8728016966734695e-07,0.006621514111259687,0.007164136699018912,1.3806741303188525e-05,1
0.0839963855552638,0.8630075357007839,0.00032401616437095743,0.0,0.0511973356951327,0.0014698760590474982,4.850825401080639e-06,1
0.0724240910053315,0.9030592556092882,0.00053718339052416,2.4010055219616937e-07,0.02250220249587385,0.0014720561349023757,4.971263527655968e-06,1
0.05796050607327081,0.9232492920732516,0.0005449949390664185,7.490672440480117e-134,0.01727511583513636,0.0009659629279148746,4.1281513598056156e-06,1
0.059281026526206565,0.9207019424467466,0.0008826940289003348,9.127980643268916e-134,0.017818634162799784,0.0013100727473517896,5.6300879948911625e-06,1
0.057857738363906834,0.9251357440294978,0.0006280312499847244,7.332605389253109e-134,0.015427337803795778,0.0009478134666028212,3.335086212186361e-06,1
0.029504685929844766,0.9138771348734394,0.0010642245095466118,1.365272904933575e-07,0.0536270410910257,0.0019245881210548136,2.188947798112563e-06,1
0.011854065428548544,0.9548648762373699,0.004936135805923585,1.5669281647795142e-07,0.02642046999197056,0.0019217822638596428,2.5135795114054796e-06,1
0.9771609852239574,0.022763359107859704,6.268516307427027e-06,5.085405280621283e-08,1.870047167798448e-06,3.326073002735524e-06,6.41401776519617e-05,0
0.9598672649299751,0.04005803253597807,9.734792751142626e-06,7.68443580432675e-08,2.7045780058783567e-06,5.557840558876815e-06,5.662847837283016e-05,0
0.89964111176003,0.10030263243937067,1.1812948192758047e-05,9.583388823282064e-08,3.415817862756103e-06,5.66931582794365e-06,3.52618848274505e-05,0
0.5659305073262946,0.4339208006658427,2.367312720872215e-05,2.0659057449873482e-07,9.852592814752814e-06,1.1190609245293678e-05,0.00010376908801931748,1
0.06798323890345127,0.9318344912997961,9.744952949652552e-06,6.731369406708623e-08,8.919829477789093e-06,3.7091293065152434e-06,0.00015982857132471078,1
0.05940733467846661,0.9404428616672547,8.273428148521052e-06,9.137195138385087e-08,3.6752817061065717e-06,2.7394511438772078e-06,0.00013502412132885538,1
0.07168159838851701,0.9281304990684802,1.0080789585333341e-05,5.155453574431996e-08,1.3040349549026455e-05,4.109160658373174e-06,0.00016062068867430014,1
0.0997863219807541,0.9001240095065992,1.3571316585367814e-05,7.863693797360202e-08,1.0717616171678273e-05,6.627264862866237e-06,5.867367808869526e-05,1
0.13903741641853895,0.8608249117735995,2.496628586196211e-05,2.199805857904672e-07,1.3493891769689896e-05,1.3612871787794162e-05,8.537877785644617e-05,1
0.1482634137755943,0.8516080961224012,2.7178508512851764e-05,2.6861992500981137e-07,1.4630432099608089e-05,1.6622778713247277e-05,6.978976275370122e-05,1
0.15919762342234692,0.8406997275310331,2.7789341021125175e-05,2.6682061274850676e-07,1.1217736406272417e-05,1.6878331492466282e-05,4.649681708733502e-05,1
0.16945094420513887,0.8304657520937407,3.0938339677967856e-05,2.8394247516405876e-07,1.3003344965393369e-05,1.7651413461062436e-05,2.142666054066039e-05,1
0.1663006294735258,0.8246770101884769,0.004613374904582165,1.5522612065565477e-07,0.003653820834403574,0.0007498448762697844,5.164496621153013e-06,1
0.16639587777708975,0.8251493420519059,0.004102906809500052,1.5531502605972975e-07,0.0036559135518942133,0.0006906370400090842,5.1674545747307224e-06,1
0.10699186562665387,0.8724456805799709,0.016423254380909455,1.8633826120683875e-07,0.003271602697388405,0.0008612107545083756,6.199622307955867e-06,1
0.109208455765009,0.8622528388248825,0.021683608488258028,2.4602224435423375e-07,0.006006988706018797,0.0008407726638643906,7.089529723020892e-06,1
0.06904951368684756,0.8525987893646908,0.06519696747824141,2.432677032169264e-07,0.012073837846556579,0.0010736382028047617,7.010153155599183e-06,1
0.07124078791709532,0.879655862704096,0.03290635390460424,2.509877611963116e-07,0.014806165709143906,0.001383346158160373,7.232619138916899e-06,1
0.07089605997609459,0.8853098412669906,0.019155798015419622,2.5226062984302893e-07,0.022931478983315778,0.001699629482851007,6.940014698396193e-06,1
0.051210282934675236,0.8580704452769798,0.04717714797265716,2.8668964593421383e-07,0.040142190826082315,0.0033917590987028743,7.88720125649217e-06,1
0.11895676094996992,0.828191672887158,0.0038315363884837833,9.412192982794224e-07,0.018070291134836443,0.03093651915513144,1.2278265122031301e-05,1
0.015560536760856771,0.6898496672134177,0.15169829167179844,1.0975551509204133e-06,0.1322230073333896,0.010650973171531117,1.6426293855416706e-05,1
0.011947230350500939,0.7400188613135706,0.1745578096224295,1.4861791157976532e-112,0.06613999157782614,0.0073208345338399575,1.527260183304729e-05,1
0.051747503913899755,0.8525877993554589,0.0491486283427763,1.716025061702376e-06,0.0350809345594208,0.011385851713085524,4.756609029710467e-05,1
0.027743277803193425,0.8188825528061334,0.10997846760171849,2.2540639248703713e-07,0.035042880907846435,0.008326446671908133,2.6148802807654926e-05,1
0.008003243383189546,0.9103365424085847,0.07125648245724828,1.683409479651513e-07,0.005270097398956425,0.005121062016877339,1.2403994195685125e-05,1
0.009032915101198594,0.9313105480215899,0.04904080638634512,1.7177126217303327e-07,0.005377487135102526,0.005225414831853619,1.2656752648327037e-05,1
0.01120580077593204,0.9232480509322633,0.05225645731217176,1.7961801400796037e-07,0.005623138279018308,0.0076531381517646,1.323493083605808e-05,1
0.009848291997675123,0.946106815923706,0.035194505675678465,7.25341439947198e-113,0.005390765248686993,0.0034461078602477354,1.3513294005771859e-05,1
0.13405515426921905,0.8365589596733242,0.0010850064927777582,6.419032061357717e-07,0.022014979067739512,0.006265134809342654,2.0123784390922068e-05,1
0.07230206612066513,0.9083842076910889,0.0008493089202107084,2.8730266670707036e-07,0.01576973015862696,0.002684434077359083,9.965729382291474e-06,1
0.06674484064163604,0.9101244004852418,0.001397489057322051,1.3082560795074105e-07,0.02042940954052108,0.0012988513081769223,4.878141494249683e-06,1
0.03392026977305138,0.9022021202571329,0.0012225502571350585,1.5122282143966544e-07,0.06047210652349665,0.0021784870869822055,4.31487938034251e-06,1
0.016683915721376084,0.9499433796675505,0.02103142908327503,1.7911540013747469e-07,0.00819085351349799,0.0041473696287012505,2.8732701988677456e-06,1
0.9270913508636672,0.05950808319404722,2.809946444717099e-05,4.2242647791557563e-07,1.571059974964234e-05,1.927463422170752e-05,0.013337058817389238,0
0.9354068774972372,0.06232279159171771,1.7855556074677852e-05,2.0991405579615946e-07,9.987693540046342e-06,1.2148946957906295e-05,0.002230128800416679,0
0.9763476023249211,0.023423702958117444,6.2991578672350105e-06,6.301904816055089e-08,2.1874859897725115e-06,3.837691530855544e-06,0.0002163073625251319,0
0.9739073498773019,0.02584087844533553,6.88262364275313e-06,6.4012874785656e-08,2.3626075270552773e-06,4.392584576741691e-06,0.00023806984874129964,0
0.9134215964187555,0.0864917832300337,1.210002110445309e-05,9.816279993929192e-08,3.467455543799808e-06,5.807088971065053e-06,6.514762279145307e-05,0
0.9088094286307222,0.09101489396973193,2.7821516172888144e-05,2.0242599851296372e-07,1.4676381446231296e-05,1.3007710892525992e-05,0.00011996936503601628,0
0.5177508312429531,0.48206735747209867,2.4386608000743596e-05,1.8900278442138936e-07,1.2795994603993224e-05,1.0091845034446706e-05,0.00013434783452461542,1
0.49155874524625676,0.5082674724546055,2.424501935530025e-05,1.8790543425975846e-07,1.2721701059641975e-05,9.588316948534016e-06,0.00012703935633993655,1
0.27932869535682975,0.7205351501890095,2.3571790850134714e-05,1.748877300317104e-07,1.0644432735126029e-05,7.72345210945885e-06,9.403989073594691e-05,1
0.19066482636078394,0.8092472157997715,1.1684451939396058e-05,1.6414882243097898e-07,5.149959430646222e-06,4.243233763882236e-06,6.671604548811316e-05,1
0.18852041925616772,0.8113476844894276,1.3722084379728345e-05,9.478590555254671e-08,9.26249090637348e-06,5.222907240526004e-06,0.00010359398597243893,1
0.0650458743748206,0.9347798359979366,9.520617531076954e-06,5.451804623473816e-08,8.242795076989476e-06,3.548868262281455e-06,0.00015292282832623938,1
0.06535421345005396,0.9344910576694608,9.565748424210416e-06,5.4776479903608347e-08,1.2935483497528126e-05,3.915737447786034e-06,0.00012825713463588022,1
0.07596005791440334,0.9238840645285126,1.0248064382962355e-05,5.842139830091767e-08,8.94789853977033e-06,4.623346250170707e-06,0.00013199982651292572,1
0.10658952746999421,0.8933350362418719,1.6093940564094342e-05,1.1158272238417052e-07,1.0222025033452922e-05,7.658540967502517e-06,4.1350198846513124e-05,1
0.07348596725661677,0.92644226110692,1.4819598653207757e-05,1.422910457045353e-07,7.350434586739088e-06,8.805275950905922e-06,4.065403622685154e-05,1
0.09581877373961649,0.9040927263305203,1.8957569533211745e-05,1.82021959974824e-07,9.407112522029265e-06,1.126391038007526e-05,4.8689315467941294e-05,1
0.16399227451210324,0.8359014905806754,2.6417107436352144e-05,2.63665642374421e-07,1.3838189113734835e-05,1.6678756822150534e-05,4.9037188206565334e-05,1
0.15577444869687232,0.8441203982150658,2.7902411337489757e-05,2.679062624972047e-07,1.1263379554247302e-05,1.69470066827167e-05,4.87723842249224e-05,1
0.1777022733049069,0.8139702166605677,0.004053824244669855,1.5345701168367114e-07,0.003326787954355877,0.0009416387415310297,5.1056369571372575e-06,1
0.22360970883952516,0.7685978776602455,0.0038278559179275185,1.4490300883003671e-07,0.0032797332734125066,0.0006798583674089638,4.821038471725588e-06,1
0.09768673651807544,0.8498718406634397,0.022953150997206816,2.808788837491412e-07,0.027300515503113205,0.002179924100595487,7.551338685847123e-06,1
0.011704884875508803,0.7250078322142065,0.16614649409436796,5.177347019987227e-190,0.08965484590003378,0.007470980113546481,1.4962802336677793e-05,1
0.013052490948850156,0.5454447498794783,0.32074060862522513,1.4669151044795592e-06,0.07622884801515759,0.04449429396555345,3.754165063093022e-05,1
0.014434326168638878,0.7994598858269832,0.11757090513863935,2.1573613358151704e-06,0.03699185420319224,0.03146605158980908,7.481971140137538e-05,1
0.06346286853823943,0.7881939446570184,0.09324970187270791,8.701546432229128e-07,0.04023475407034603,0.014818998554952213,3.886215209295632e-05,1
0.025713691440926827,0.7735358183057524,0.1467585618471837,2.1411132296345017e-07,0.032220381272600865,0.021746491620360638,2.484140185265449e-05,1
0.01698767760874407,0.5748505507423811,0.3645195883105095,1.6185445695510244e-07,0.02829671410969712,0.015327642765630343,1.7664608580819093e-05,1
0.004974099666160236,0.6193735738878057,0.36700614531807674,1.4253314978314224e-07,0.005707807538191201,0.0029017664310272604,3.646462558914366e-05,2
0.01524399267344004,0.9156879657271536,0.057663396902686404,1.8552622189573665e-07,0.006406697973553803,0.004984083760858734,1.3677436085316601e-05,1
0.02453061894614418,0.944219310216903,0.019756897494647947,1.0121343483299223e-31,0.006496004857089192,0.004981829926453026,1.5338558762373282e-05,1
0.02762251620531372,0.9496374381782244,0.012646541275490926,0.0,0.00866751742252144,0.001415073569184368,1.0913349265107699e-05,1
0.023393955009587544,0.9502289639193151,0.01825864324493154,1.3639663975469327e-31,0.00644132407624224,0.001672074198888585,5.0395510349230584e-06,1
0.07686945654609773,0.9015887104682647,0.001153988010619432,1.5291079369945223e-07,0.015615352601389736,0.0047624482857023314,9.891177132519416e-06,1
0.06217829881767547,0.9192441151148504,0.0014594782260815874,1.1288229341853656e-07,0.015605670059860166,0.0015047558941155934,7.569005123445813e-06,1
0.0281588188735054,0.9403634666559644,0.001151486731350378,1.3447461976297622e-07,0.02795608359766167,0.0023610647120171314,8.944954881226984e-06,1
0.029213676266936894,0.9330971315314274,0.0015739968186888047,1.3885936901408484e-07,0.03366776909132612,0.0024380508135289527,9.236618722967467e-06,1
0.014009738396167743,0.9565154896257418,0.01733696941469819,1.672158440348938e-07,0.008096180237538431,0.0040387727259095845,2.6823841002795813e-06,1
0.01665866325225168,0.9417988684238607,0.029814474778074977,1.8405204097381334e-07,0.007279438791853484,0.004445418240857082,2.952461061220612e-06,1
0.9296945411799956,0.06530375091604583,1.8497973434936674e-05,2.1746646318363003e-07,9.392141723248957e-06,1.2586048687025275e-05,0.00496101427364994,0
0.9689425668444424,0.030907586867984737,7.02092483702599e-06,6.41347195374868e-08,2.262648419480399e-06,4.194685524957589e-06,0.0001363038940718969,0
0.9716288078834958,0.028295471012421473,8.208668749056815e-06,6.479746375053164e-08,2.280581161179236e-06,4.260611950867251e-06,6.0906444757630595e-05,0
0.9456279196318216,0.054275345852545294,9.760529669965306e-06,7.704751973920688e-08,2.9554656875476577e-06,5.040319824247928e-06,7.890115293134285e-05,0
0.8947490159202935,0.10503845122403165,2.0704188696065213e-05,2.0713217418302024e-07,1.411741055542786e-05,1.2373886048619093e-05,0.0001651302382006407,0
0.17254085379735296,0.82736480639061,1.4187131231471506e-05,1.9930766949093063e-07,4.683547157284101e-06,4.8045194069100605e-06,7.046530657190607e-05,1
0.3543671152687309,0.6455108921619233,2.0708535067155356e-05,1.5364418907340577e-07,8.68959411171058e-06,6.7852875441286006e-06,8.565550843369473e-05,1
0.1459949863184872,0.8539072044074616,1.1530633786060829e-05,4.141391740612491e-164,5.400794594296466e-06,4.378907935266968e-06,7.649893773557083e-05,1
0.06504592194217158,0.9347805195924149,8.779447988144938e-06,6.440530578640377e-08,8.242801104857198e-06,3.5488708575307903e-06,0.00015292294015706523,1
0.10021681492997732,0.8996626620520295,1.3966722740321717e-05,6.573861221096838e-08,1.0832317757731837e-05,5.4844799221675384e-06,9.017375896085642e-05,1
0.08884620262914127,0.911087010853241,1.4821520222523157e-05,1.044484071140202e-07,9.196098331243714e-06,7.1688733504729825e-06,3.5495577306110345e-05,1
0.12066367879887693,0.8792663482556695,1.5789058380866196e-05,1.0946890918375869e-07,1.0028379897459017e-05,7.513458246386743e-06,3.653258001961386e-05,1
0.08676552034931297,0.9131649653797053,1.603252758127752e-05,1.1298247026855652e-07,7.909002118868156e-06,7.754613426461146e-06,3.770514538489679e-05,1
0.14318429808027064,0.8567436145046818,2.7860416740224697e-05,2.7491869271262867e-07,1.0010086515502587e-05,1.7090445909656683e-05,1.685154718934217e-05,1
0.26353067383804385,0.7289966279269912,0.0030526649101173245,1.6147481688860194e-07,0.0036548194136460286,0.0007576102544310335,7.442181953936247e-06,1
0.3157864837634047,0.6781689440382526,0.002881420974825609,1.5093195939030172e-07,0.00253870233113088,0.0006173416862159617,6.956274210991411e-06,0
0.2856242631035968,0.7000666072280891,0.005519716371715504,1.3730929873381188e-07,0.008119264959413204,0.0006636826058773247,6.3284220092931885e-06,0
0.1797315255885289,0.7906340726831638,0.00998661087309055,2.488169771100346e-07,0.018199808856126248,0.001436265504040914,1.1467678072418839e-05,1
0.10283661764217374,0.8197287848679732,0.026576265963941147,3.5372236623387503e-07,0.045642296843709296,0.005206840164369183,8.840795467159277e-06,1
0.08672133524936548,0.8356026797200128,0.011469829558411831,1.0892391885560315e-06,0.05197914643859967,0.01421703840007901,8.881394342729049e-06,0
0.09225401347835938,0.8303250883123501,0.011481677271310298,7.471041579138901e-07,0.04812917925798976,0.017800977780979752,8.316794853094794e-06,0
0.13885553497029768,0.7723074893724187,0.0040519124275615786,1.0212690095817922e-06,0.020967210523428436,0.06380293834553986,1.389309174439823e-05,1
0.01129120816944743,0.6984886844388963,0.17673303126940146,1.0493953393598122e-06,0.10345825623693991,0.010012064968297879,1.570552167731475e-05,1
0.017221863043669666,0.8021208734530214,0.10737685181824921,2.164542073612363e-06,0.03711498091416796,0.03608819748137392,7.506874744402416e-05,1
0.016613596875566763,0.5566895055238157,0.2622235880064502,1.0621962831031406e-06,0.1020610765137089,0.062357160782843486,5.4010101331968234e-05,1
0.010249451912115553,0.5082545988496272,0.39269625945741216,1.0373592834026447e-06,0.06836472457323237,0.020392369477915333,4.155837041381744e-05,1
0.0007765624895806979,0.1169075449929455,0.8748471350188657,9.100024333969032e-08,0.0035087383371654106,0.00394955000387803,1.037815732141412e-05,2
0.007143344258086224,0.9090912721900042,0.07581157653928469,1.6558475220099497e-07,0.00405659257484401,0.003884847945703107,1.2200907325413703e-05,1
0.009876881794966643,0.9066741670165097,0.07392929603664164,1.7165153008048184e-07,0.0037387425280319634,0.005768093041982551,1.2647930337421714e-05,1
0.024145406588810474,0.8980768595778005,0.049720571896521994,1.8216444458402673e-31,0.004905510421257016,0.02312315728747035,2.849422813988806e-05,1
0.025168555037713494,0.9475873087488741,0.01641256930978129,0.0,0.009180199488753303,0.0016398085430048093,1.155887187302394e-05,1
0.019901157487744115,0.9552645600397989,0.015418634973841962,8.800364033204668e-32,0.0036304554160246335,0.005775033689282453,1.0158393308133967e-05,1
0.010325015032244594,0.965134884792207,0.01477082009548454,1.5169771415939705e-07,0.006102732380195959,0.003663962551311529,2.4334508422838863e-06,1
0.8633444203189604,0.11731208878514503,2.86474382073292e-05,3.442171164491226e-07,1.2176725190789984e-05,1.5579181201789712e-05,0.019286743334178295,0
0.9773453876565426,0.022534825974068782,6.288328268895782e-06,5.758367643754397e-08,3.490838423451678e-06,3.992780464608568e-06,0.00010595683855537195,0
0.9687864824761873,0.031064574015908685,7.945709707415875e-06,6.446047537038632e-08,2.297571843031075e-06,4.215991352546573e-06,0.00013441977452550603,0
0.970925673501254,0.029000261804750523,8.101912606137911e-06,6.395475374329326e-08,2.2181293901917235e-06,4.205201443724905e-06,5.9475495801703914e-05,0
0.9667482710148757,0.03317082947123648,8.90168208619442e-06,7.026796182574862e-08,2.4731182472083908e-06,4.620312286766202e-06,6.483413330589036e-05,0
0.9452381199241183,0.05464541932543756,1.2667029553165649e-05,9.999080403780139e-08,3.928041862420555e-06,7.16455870553893e-06,9.260112951908598e-05,0
0.9145412949049869,0.08531631746337423,1.5342738675416332e-05,1.211122757595013e-07,4.418174919837277e-06,7.401188606042233e-06,0.00011510441716166085,0
0.8766558464998113,0.12324224936816716,1.4378842945071099e-05,1.1350349039421124e-07,4.2170997821349485e-06,6.714609481934546e-06,7.648007632192804e-05,0
0.9102502871699563,0.08966992674539241,1.2138007090816549e-05,9.847096558195483e-08,3.458679445849893e-06,5.825319352695138e-06,5.826560779614221e-05,0
0.8859063952930291,0.11402176592842489,1.0757659749016702e-05,9.851037854951936e-08,3.8189528087243336e-06,6.330187493200787e-06,5.083346811639325e-05,0
0.5300711332512997,0.46980137881810696,2.411070390808875e-05,1.7379744735429272e-07,6.369805078234063e-06,9.536308414139965e-06,8.72973157454032e-05,1
0.25964916485052075,0.7402142700078916,2.3623832441119712e-05,1.752738456125108e-07,1.0472911456487208e-05,8.500394520747358e-06,9.379272932361926e-05,1
0.162597731324653,0.8373095502098487,1.07912500541215e-05,7.916371968849663e-08,7.498410066750854e-06,4.362091202671537e-06,6.998755045528318e-05,1
0.16473870059164775,0.835162591921702,1.191029156510815e-05,9.354462268294524e-219,8.840174010062397e-06,4.523087907695361e-06,7.343393316736158e-05,1
0.14394036573571156,0.8559326413407831,1.2557567254080127e-05,8.49496752542663e-08,1.2754106726041057e-05,5.140437963582762e-06,9.645586188636954e-05,1
0.09828472263972936,0.9016135939179443,1.2258011791236719e-05,6.987955602852842e-08,1.032723834284621e-05,5.889221251926468e-06,7.313909138441045e-05,1
0.09700477677926467,0.9029317871209945,1.4416880824728685e-05,9.217383185355191e-08,8.346846045616172e-06,6.326401187378267e-06,3.425379785099454e-05,1
0.1040402763344082,0.8958759400402546,1.4522382145572601e-05,1.2542094669406026e-07,7.488736604053452e-06,8.970951519152862e-06,5.267613412167784e-05,1
0.1402578957498168,0.8596746417534143,2.566585521821832e-05,2.53486983381479e-07,9.217408951072736e-06,1.5744233635196595e-05,1.6581511980783384e-05,1
0.45589721929428373,0.5388306101793754,0.0015058513322115143,1.553122036206003e-07,0.002630893679108053,0.0011225311700521707,1.273903276555203e-05,0
0.36309590396231545,0.6173310908817835,0.006507877825031475,1.9357812728276932e-07,0.012088042472188212,0.0009621304389488967,1.4760841604973033e-05,0
0.13271829589546555,0.8125214248310523,0.025008638561047156,3.3027063946171146e-07,0.025933131920066785,0.003797029317289544,2.1149204439232724e-05,1
0.10391860199470941,0.812587600225922,0.01613486838252932,7.311444437165835e-07,0.047101038887772485,0.020249020233978524,8.139130644581151e-06,1
0.10998652202501953,0.8369039360396873,0.003708253710614747,8.6589290637947e-07,0.017331451323403153,0.03205876859795753,1.0202410411446774e-05,1
0.1301006585711614,0.7974103101276838,0.006521904399705966,1.3563616024177826e-06,0.022094750528709278,0.043856482390419484,1.453762071752982e-05,1
0.07897353423778124,0.6855057690376777,0.03646776724434763,4.781972697758493e-07,0.13593563843286588,0.06310981536661492,6.997483442882358e-06,1
0.019342345093173955,0.6679060962053285,0.16633535784643982,1.2349573386703087e-06,0.07800162700156044,0.06817529338529903,0.00023804551085972953,1
0.007764256480716557,0.4191460959896848,0.4510793831310198,7.414355140939889e-07,0.05513693378357136,0.0668435553281418,2.9033851351549176e-05,1
0.01567820498051287,0.48224819364830324,0.4616229511469296,1.5804085500887046e-07,0.020571368136203114,0.019869898171330697,9.225875865529801e-06,1
0.0,0.0,0.0,1.0,0.0,0.0,0.0,1
0.017046904375766725,0.8751205687478438,0.08268804516045422,3.3925256996149493e-72,0.006058939193919968,0.019060318977800486,2.5223544214696408e-05,1
0.01198484050020521,0.8885840129388238,0.0620564845320882,2.0406540614112822e-31,0.006368150062260345,0.030986066887314465,2.044507930788223e-05,1
0.02673484374287992,0.9348401626884915,0.022544684055693875,8.276049523289698e-32,0.013696541909371118,0.0021775595584659305,6.20804509758202e-06,1
0.02550842506547139,0.9413643701594423,0.024019299490647437,9.859428047230377e-32,0.0068429372555554365,0.0022584810077845006,6.487021099019889e-06,1
0.018183543330040755,0.953558721735747,0.01740679881636078,8.784649016982549e-32,0.003628244757704305,0.0072125511069200685,1.0140253227220762e-05,1
0.040939687800985704,0.8933226251899123,0.0018889234072072942,1.6032358701360985e-07,0.061658156619313884,0.0021835665913019038,6.880067692014108e-06,1
0.04031573412547667,0.8998863713357335,0.002137010807631008,1.4807667479809458e-07,0.05608164501556008,0.0015739711803691458,5.1194585547332545e-06,1
0.006375737439483193,0.9765155403080693,0.003302034611861998,1.262582855779093e-07,0.011605807628227627,0.002198729449662269,2.024304409840156e-06,1
0.01309918529233971,0.9506929082782918,0.02362322684015378,1.5703666094176846e-07,0.009853265131658812,0.002728738325620677,2.519095274149347e-06,1
0.865462088131283,0.12320296820126762,2.7658692045442143e-05,2.123853398339145e-07,1.1730424599715135e-05,1.5468266714889125e-05,0.011279873898749588,0
0.9208154892913225,0.06795521686723448,2.288572484515374e-05,2.289570489585016e-07,9.956240984653088e-06,1.3942872089708165e-05,0.011182280046474804,0
0.9737836387471779,0.026091715947001784,7.815709035441512e-06,5.955271520314792e-08,3.5464439616180746e-06,4.2308810724489465e-06,0.00010899271903543104,0
0.8933982455332228,0.10647596685385076,1.586826187087576e-05,1.2526064271751245e-07,4.653924097659694e-06,7.654695908012863e-06,9.748547040712666e-05,0
0.9124243286614082,0.08750271707114392,1.1759611980600514e-05,9.540119213433096e-08,3.4003952279280633e-06,5.6437185065253915e-06,5.205514054063808e-05,0
0.8491107509648811,0.150677934110727,2.875970265533383e-05,2.5102688863605126e-07,1.699688487969485e-05,1.535317554175428e-05,0.00014995413442639698,0
0.6217074170790258,0.3781851283892729,3.299389686821637e-05,1.897433083288986e-07,6.954232684962948e-06,1.1355965384158283e-05,5.5960693455555876e-05,1
0.2859386475163326,0.7139394676670127,2.466855779526771e-05,1.830250447833822e-07,6.242454148633903e-06,1.0529196853353565e-05,8.02615828127046e-05,1
0.14874012066109124,0.8511411225609111,1.5937940782997702e-05,1.0145705990700822e-07,4.954913645001436e-06,5.590502192301483e-06,9.217196431747587e-05,1
0.17705790930948104,0.8228487970198722,1.4210503509294415e-05,8.944317447676725e-08,6.983148640744687e-06,4.928511268285149e-06,6.708206405374986e-05,1
0.1615586486364778,0.8383266196309123,1.375849814445179e-05,8.659818065331746e-08,8.618718932990812e-06,5.240191608444732e-06,8.70277257434439e-05,1
0.15619741305341103,0.8436904547122102,1.3339898733153486e-05,8.396344922693698e-08,1.2606037507754976e-05,5.080759881278361e-06,8.102157480757888e-05,1
0.16930374354651156,0.8305883068007438,2.381847407762627e-05,2.4047033573212984e-07,1.0562989043857643e-05,1.5211486094656162e-05,5.811623319276401e-05,1
0.16175858154327374,0.8381459053847988,2.9401386575878003e-05,2.901245461166717e-07,1.0367427562329867e-05,1.8035724721176465e-05,3.7418408521821514e-05,1
0.5167156400826481,0.4691786583146067,0.005115641247301092,1.5216577187329836e-07,0.007670247794562192,0.0013080573545813316,1.1603040528640066e-05,0
0.6833333010439969,0.3081631865874989,0.00102066528887937,1.5894484924621996e-07,0.003932184068353895,0.0035383841034042577,1.2119963017426119e-05,0
0.6725575457936446,0.31964673465817495,0.0010045700110278579,1.5643838455151726e-07,0.0029482584284599473,0.0038308058318194628,1.1928838488708473e-05,0
0.5881476330041282,0.4009964299282768,0.001300060217406372,2.024541027485512e-07,0.004001531504256655,0.005539174649955855,1.4968241873484823e-05,0
0.26365723978945793,0.7075067591567857,0.0045978158393322945,4.271299065447638e-07,0.0097091593572311,0.014513229619411924,1.5369107874349842e-05,0
0.305084476508861,0.6247660718130758,0.016298584582952358,1.0658100979401036e-06,0.03954833418856346,0.014292776737276061,8.690359173376176e-06,0
0.08548236435119075,0.8313106562741948,0.01649285581695381,8.396317989159614e-07,0.05103359214656964,0.015671002421570674,8.689357721530055e-06,1
0.10341401260506823,0.821030006931648,0.005755051847955841,1.1968791426692387e-06,0.03201997537083126,0.03776692809375613,1.2828271597951226e-05,1
0.07435449742590289,0.6226756421536377,0.03452827306857781,4.739281500898726e-07,0.12524566624324424,0.14318899997881201,6.447201675245002e-06,1
0.00932501277589286,0.5360981123299053,0.289877036148049,8.774988508116121e-07,0.05246153764601229,0.11219931412750322,3.8109473786430604e-05,1
0.0009768524671730611,0.08507887715973898,0.8997787732433913,1.4195610633839603e-07,0.005212924751712152,0.00894512671692443,7.303704953697797e-06,2
0.0007711938177590734,0.10835470258104031,0.8804224067541592,8.635250142717885e-08,0.0030486538899308444,0.007380864820080169,2.209178452885409e-05,2
0.01382944850015592,0.9242914613410226,0.0512707266684048,3.657982049001645e-111,0.008030011336708822,0.002566333193261425,1.2018960446212154e-05,1
0.02198743155600865,0.9599616331815475,0.012631387194812391,6.52939436315632e-32,0.0037202523306463214,0.0016935670798058657,5.7286571792550675e-06,1
0.01405818676136611,0.9658292214345261,0.013667426895895389,7.573594741734068e-32,0.0038365766903318476,0.0025970608487271714,1.1527369153434844e-05,1
0.01697625970673563,0.956915131013896,0.015462196166971823,8.337580624573289e-32,0.0037912989894283624,0.006845489927548324,9.624195419999047e-06,1
0.0387619435982564,0.8343336613879812,0.002311191452322691,1.4236971845476056e-07,0.1219677382407084,0.0026212606794807605,4.06227153214907e-06,1
0.9780552379509271,0.021811627412091996,6.308350689449844e-06,5.7625499717407146e-08,2.7025402896133585e-06,4.093963393828642e-06,0.00011997215710850585,0
0.9784354603540194,0.02140915847105744,7.323988580225356e-06,5.941669188442406e-08,5.8387178800217e-06,4.221217390740449e-06,0.0001379378343804938,0
0.9782871620011236,0.02160060396673919,7.315415099921127e-06,5.9347138548556205e-08,2.115316613942769e-06,3.881557209769563e-06,9.886239607504442e-05,0
0.974500935412973,0.02541462193462798,7.4631018468179356e-06,5.8912119147368056e-08,2.099811169380045e-06,3.873634311622759e-06,7.094719295212136e-05,0
0.9567935338604061,0.04310140048345281,1.0456643342116155e-05,7.886742828029746e-08,3.7294768202962585e-06,5.278869664010869e-06,8.552179888620647e-05,0
0.884739809524658,0.11517547099696991,1.2699721832249133e-05,1.0302794042606542e-07,3.672236259634526e-06,6.094899665960655e-06,6.214959267362058e-05,0
0.8742618036662927,0.1256657883949093,1.233977808804276e-05,1.0010785578762386e-07,3.5161733322559117e-06,5.922154070796728e-06,5.052972545102096e-05,0
0.8846537419513577,0.11528960702131995,1.017259988135279e-05,9.292462966089703e-08,3.5387861499009372e-06,5.971252340625528e-06,3.6875464320955317e-05,0
0.8838539406692888,0.11608379285072233,1.1092852294148002e-05,9.6901146227771e-08,3.6031984057876103e-06,6.226779685142611e-06,4.1246748457632505e-05,0
0.2582820527758664,0.7415856303548912,2.3584127345049856e-05,1.749792589955458e-07,9.882546130419796e-06,8.425625101866596e-06,9.024959140628622e-05,1
0.10058308831776198,0.8993655322266616,1.1487539297964268e-05,7.96455599706712e-08,7.296281094671291e-06,5.4665164183303455e-06,2.7049473205596552e-05,1
0.10297705302690749,0.8969458383164222,1.4883743773317022e-05,1.434868401847202e-07,7.4122066333373975e-06,8.87927428528082e-06,4.578994513836946e-05,1
0.20278756463402153,0.7970735199300402,2.619049236928558e-05,2.3076719882928604e-07,1.1520673677504045e-05,1.1408228854492016e-05,8.95652738381505e-05,1
0.13463737775451246,0.8652750307894722,2.7904407602081274e-05,2.7535278206404355e-07,1.199146880482587e-05,1.7117431272154635e-05,3.030279555409889e-05,1
0.8347759127227786,0.16258625800884163,0.0004026933280886929,1.057206622163569e-07,0.0004935542690406534,0.001733811803745228,7.66414684286795e-06,0
0.7174462489408646,0.2717034138401497,0.0007497403267733662,1.6015554311733453e-07,0.0034225253873583954,0.006671257839603013,6.653509707873808e-06,0
0.7148218208314339,0.27554932330257526,0.0011835224462249717,1.595696919684035e-07,0.0031827661014565472,0.0052557785775381545,6.629171079120097e-06,0
0.2901746391951439,0.66449519260322,0.0043225931397105535,1.134189023396288e-06,0.009826002951471263,0.03116527988307608,1.5158038354646425e-05,0
0.2207504758524365,0.7006678069822168,0.014127678173303172,7.934420106750156e-07,0.03900127862724694,0.02544415141182213,7.815510964175053e-06,1
0.12621753324333407,0.7753854969120944,0.00581293377120442,1.1912463817560014e-06,0.03256639905057525,0.06000367787731279,1.2767899097282373e-05,1
0.002244761990619248,0.12423129876202507,0.8307208642064661,2.354831413395639e-07,0.019230861691175553,0.023565295156326084,6.6827102466708015e-06,2
0.0011214382438440801,0.16530524938964475,0.8204975794824172,2.7272855878386106e-07,0.004138807819064992,0.008927192675735916,9.459660734091701e-06,2
0.001184654431088286,0.1869721402662875,0.8005666143062772,2.881024411474806e-07,0.004367998687048246,0.0068967400839975565,1.156412286001649e-05,2
0.0013570689127094702,0.20067692447267696,0.7865484543496833,1.403795357292336e-07,0.0042760734659122255,0.0071293858913580865,1.195252812420382e-05,2
0.004669747086248575,0.40518727958305756,0.5577878011500003,2.7784255615265446e-07,0.02083172043263242,0.011499517174135774,2.3656731369454943e-05,2
0.016362437342301046,0.3720038986252277,0.44574863601133724,3.3342309071365063e-07,0.06212303121595093,0.10375466290245354,7.000479638757197e-06,1
0.019989186313181036,0.701471819819079,0.22808952003945848,3.0811782727875077e-72,0.013371677185088617,0.03706469279032662,1.3103852866114564e-05,1
0.006247841639444526,0.8951364668162474,0.08530852863079576,9.944535306246074e-32,0.002796014989873118,0.0104960781995578,1.5069724081524207e-05,1
0.010932566648364263,0.8507675882291884,0.1288674435130525,9.001639748794483e-32,0.002639630902022071,0.006779129825912178,1.364088146083729e-05,1
0.012950171519013693,0.9635750762477568,0.015955804539705715,7.513855778720168e-32,0.0048390669400739435,0.0026712073960781643,8.673357371676725e-06,1
0.016281307943726172,0.955604458480163,0.02093208765771367,5.567056037693551e-74,0.00514366577349149,0.0020362909103965802,2.189234509229969e-06,1
0.016875290421643176,0.9247873933206986,0.0436453335691843,3.437630853216193e-111,0.012439299003161014,0.0022482612694092975,4.422415903449985e-06,1
0.01417904622912375,0.9368179539704564,0.033511294556316365,4.862980959658205e-75,0.012726589375067442,0.0027606823472841493,4.433521751830072e-06,1
0.012396196705818527,0.9472287708187929,0.02745028457300189,3.8709414752991295e-111,0.01025697300616435,0.0026626104549060726,5.164441316423005e-06,1
0.011382203108971208,0.9548156770299171,0.021526725611452323,1.3660920594508435e-07,0.010078358390278826,0.002194708989022631,2.1902611519998396e-06,1
0.020247355742887933,0.9219745157146453,0.0423392293882583,1.4500082456905723e-07,0.01074559963811802,0.004690506224868587,2.648290397248904e-06,1
0.9772853147966217,0.0174407931475509,2.8181639859891095e-05,2.988079684855311e-07,1.5771475885049783e-05,2.0531608811169003e-05,0.0052091085233028364,0
0.9837257009860692,0.011796215089748943,2.870893296896512e-05,2.628943395225006e-07,1.2594893789282162e-05,1.7938123316570622e-05,0.004418579079767481,0
0.988049901196669,0.01128200930232561,6.958825280297662e-06,6.37235726557301e-08,2.2684835026799045e-06,4.267757258670737e-06,0.0006545307113910354,0
0.976996106172211,0.022906347426378,7.256890313454319e-06,5.728432970104554e-08,2.065554499588279e-06,3.74664067040044e-06,8.442003159807768e-05,0
0.9751094609934129,0.024815641525425883,7.263550735429694e-06,5.7336905638107564e-08,2.043665660293379e-06,3.7700596790019372e-06,6.176286818078256e-05,0
0.9663697119245571,0.03354099181300042,8.137234168621309e-06,6.137368476640142e-08,2.9799435426346193e-06,3.6690258366191235e-06,7.444868520980227e-05,0
0.9126543552064273,0.08725180060687272,1.2415795882214852e-05,9.800761953078644e-08,3.4619740256677497e-06,6.4114944818528226e-06,7.145691469070381e-05,0
0.9258487158345988,0.07407607287401036,1.1459705919557792e-05,9.046045121501824e-08,3.2242918536557257e-06,5.460643079664775e-06,5.497619008659365e-05,0
0.862884179656253,0.13705206735239953,1.218731254991811e-05,9.887096173699646e-08,3.4727288508870502e-06,5.848982219502586e-06,4.214509676509647e-05,0
0.12204058922076894,0.8778670105829182,1.1113348289475279e-05,0.0,7.93971139073385e-06,4.268446929714659e-06,6.90786897031161e-05,1
0.12448182728194292,0.8754306438460412,1.13281697284443e-05,7.630973047481574e-08,7.481899067783014e-06,5.442489291605865e-06,6.32000041974524e-05,1
0.07191431108459677,0.9280257128580065,1.275888076938729e-05,8.594740156722197e-08,8.37080829540981e-06,6.1298580110348095e-06,3.2630562919274234e-05,1
0.09330942933626891,0.9066389506630116,1.2036797979662018e-05,8.345368755464579e-08,7.68093919346778e-06,5.26652266297957e-06,2.6552287195952755e-05,1
0.09642997709313311,0.9035160331850681,1.2299768943591365e-05,8.527692133299669e-08,6.789634263442545e-06,5.853027974731463e-06,2.8962013695453657e-05,1
0.8462323001547859,0.149503495209176,0.00039144835280329376,8.361911625509837e-08,0.0009009509999130492,0.0029656597537670863,6.061910438456987e-06,0
0.8195061158080328,0.16838632567152043,0.005489352194424448,1.1761377449249633e-07,0.005130147727472821,0.0014840612043109816,3.879780464107994e-06,0
0.6088644763523403,0.36096508654565235,0.009115930291254426,2.5497498117040305e-07,0.016488969261580107,0.0045580541214885455,7.228452703096938e-06,0
0.597316787776721,0.36932491142755147,0.009680070154612025,6.3004416817642e-07,0.015841439914934093,0.007828764820878908,7.3958611340431754e-06,0
0.29396968646116883,0.652301402312744,0.0037653832385178237,9.583141368297929e-07,0.009759721593966156,0.0401865923538763,1.6255725589959826e-05,0
0.23192566105571355,0.6990716903924912,0.00431126836271263,9.331046683849977e-07,0.011325429747903933,0.05335402300139856,1.099433511183965e-05,1
0.10598272347952967,0.7788760089215011,0.005261356049828742,9.945197416140691e-07,0.018955699459055116,0.09090968836904394,1.352920129978046e-05,1
0.09864198097761179,0.8184532165677537,0.006357098580570802,9.321265379205879e-07,0.017766475386356728,0.05876761594162511,1.2680419543937862e-05,1
0.006759525313367509,0.30377005288573833,0.5422514209930156,5.306881233971553e-07,0.08962236281244121,0.05756708481289243,2.90224944215649e-05,4
0.0023748715002399035,0.125940023929012,0.8400453714728747,2.444224466622109e-07,0.016384464960065143,0.015247953665986443,7.07004937516853e-06,2
0.0005510502757741751,0.0754203681117605,0.9119292411220971,1.3331917370633013e-07,0.004509957650332389,0.007582390189942591,6.859330919521349e-06,2
0.0014230781112663513,0.21374018826313682,0.7724364669165703,3.171631820534521e-07,0.004195525667690331,0.008191693288335963,1.2730589818440247e-05,2
0.005226136976531502,0.48527729231006417,0.4619400474120309,3.431781544068844e-07,0.027941093125014353,0.019589822493176035,2.526450502865639e-05,1
0.004265945296888112,0.7448838490602848,0.2413408696282899,3.812146065029357e-75,0.0025755081625571485,0.006923456856228819,1.0370995751074473e-05,1
0.00609542077716005,0.8532500336667492,0.1306575602655942,4.2161309945359477e-75,0.005310780194306645,0.004674735053886943,1.1470042302791292e-05,1
0.013644900283111596,0.9651791816748422,0.014128098496495371,7.526364421928248e-32,0.0038254989054376325,0.0032136328438254168,8.68779628772376e-06,1
0.01575793990060237,0.9500993259349675,0.02718090336035622,5.403480895087591e-74,0.004850821534001719,0.0021072276690859712,3.7816009864001057e-06,1
0.017784015184973474,0.9261205269955767,0.048399798031412845,5.940108457038609e-74,0.00508526976982458,0.002606232860921306,4.157157291123577e-06,1
0.016682942610115537,0.920106852254145,0.04974760824224457,4.344514409307787e-75,0.010973312405907307,0.0024846567665199482,4.627721067433412e-06,1
0.012841658036470282,0.9530101771497389,0.017386289797523123,1.1441771350350766e-07,0.014881199734736868,0.0018784722372831172,2.088626533997649e-06,1
0.014618206925195724,0.9503289517220185,0.02302584768343041,1.2989800330535024e-07,0.00962637241173379,0.0023981189066629373,2.3724529553384048e-06,1
0.9910072946297918,0.008539200177886265,6.911315983489571e-06,5.6068838421681475e-08,2.0565165694331993e-06,4.090710167117759e-06,0.00044039058076326645,0
0.9710994779947605,0.028802897974498906,8.417317689794857e-06,6.64444935658855e-08,2.3682884227002104e-06,4.368908703680725e-06,8.240307143099352e-05,0
0.9661195314834468,0.0338025756285183,8.234217658143509e-06,6.21051660031628e-08,2.4541662102452577e-06,3.693575967513142e-06,6.344882303318469e-05,0
0.9643780808850958,0.03554687685742227,8.390622927329838e-06,6.623377085846054e-08,2.428873593113759e-06,4.2387146225638525e-06,5.991781256809273e-05,0
0.8644893430333181,0.13541588170236105,1.3536043165578695e-05,1.0981269253681822e-07,3.87897074810274e-06,6.496270237889424e-06,7.075416747687291e-05,0
0.8811727536983012,0.1187610030947031,1.1027946711700385e-05,1.0073804888201187e-07,3.4440233718634367e-06,5.959434867293214e-06,4.571106399594983e-05,0
0.8970970852770009,0.10285798665176996,8.827117896289848e-06,8.08319602731658e-08,2.2174447842573925e-06,5.016967028726206e-06,2.8785709559264656e-05,0
0.8987397959061031,0.10119509085483783,9.337152256542407e-06,8.773566291410745e-08,2.4285731224069528e-06,5.0316821826133065e-06,4.822809583463275e-05,0
0.3143339044677333,0.6855345337429366,2.8071880509775344e-05,2.1756463958129358e-07,6.882855658016134e-06,1.2436272078792455e-05,8.395321644375559e-05,1
0.30789105181197507,0.6919270060623292,3.2008081056570875e-05,4.697200585040524e-07,8.325415007085828e-06,1.2294102619043059e-05,0.00012884480695464381,1
0.29332077504748016,0.7065408464542067,2.7518275445262302e-05,4.0383195510015464e-07,7.15760069952949e-06,9.993602237340833e-06,9.330518797609903e-05,1
0.16449620880673954,0.8353750206520597,1.5779958480969492e-05,1.1707727835688054e-07,9.037440477455978e-06,6.451209821403666e-06,9.73848551427925e-05,1
0.09585631574708942,0.9040484554500077,1.096477896560224e-05,8.009737431239995e-08,1.1444996076550007e-05,5.252490580983553e-06,6.748643990544402e-05,1
0.08338125562419711,0.9165606485839615,1.3861202527482833e-05,8.011325611446742e-08,8.025128660670766e-06,5.713760693501134e-06,3.0415586703531237e-05,1
0.08166248836670899,0.9182881115052997,1.2000978695752996e-05,8.320534481990672e-08,6.9933595332403425e-06,5.250850465872224e-06,2.5071733951812687e-05,1
0.10748950241465353,0.8924539564473098,1.3710425776467315e-05,9.50573060147507e-08,7.568335392738499e-06,6.5243100080310415e-06,2.8643009553488368e-05,1
0.2523002079238463,0.747612890341264,3.6140870580472935e-05,3.3198253102665545e-07,1.1929642385196029e-05,2.06196407466872e-05,1.787959864652874e-05,1
0.865782096668102,0.1314058721720743,0.00018474178064351135,1.1363468499527581e-07,0.00021960270413399149,0.002400698869908898,6.874170452395975e-06,0
0.8750989291307307,0.12073497796708016,0.0006410238238997039,8.642672933694426e-08,0.0005273695997586929,0.0029913476053797963,6.265446421737045e-06,0
0.8579876688435801,0.1374957407822498,0.0008455316013059659,1.1721321867652658e-07,0.0012093487654728085,0.0024578015191632154,3.791275009480288e-06,0
0.5243832143576554,0.45825657346034226,0.007709112021883401,5.336614359587822e-07,0.006744916682925355,0.0028983605335989385,7.28928215861889e-06,0
0.5638249674854235,0.41576635496272907,0.008192295787716875,5.671097165875623e-07,0.009249813520139132,0.00295929200921541,6.709125059395681e-06,0
0.45447218744223195,0.5023919962908662,0.0028514505121706108,8.575043039859726e-07,0.007022138829196618,0.03324990917707316,1.1460244157690287e-05,1
0.1512055576875729,0.7297568829781211,0.005602485355473479,1.1126037597237777e-06,0.012640655587503768,0.10078019649876635,1.3109288802795797e-05,1
0.0019725893366895086,0.08910685577125811,0.8795076558325156,1.616488066905551e-07,0.025503680075724084,0.003904472352258352,4.584982747900609e-06,2
0.0046151158814316876,0.5949381932909679,0.39037769373645004,3.803971890213508e-75,0.0029281220117462975,0.007130526321608169,1.0348757796169898e-05,1
0.006091530113008427,0.8944036501755654,0.09075229861845348,4.42233688777831e-75,0.005634924509589671,0.0031055655551143094,1.2031028268749099e-05,1
0.0176082078672798,0.9378485480174275,0.03190277025259493,7.808412857823561e-32,0.009291034063270816,0.003343825827684326,5.613971742703883e-06,1
0.01410257877324191,0.9491799281762238,0.021679661107607807,1.1621520407007554e-07,0.01306402190363877,0.0019715723854404304,2.1214386430407916e-06,1
0.9799799224277395,0.01746676924153059,3.761139502589107e-05,2.8370479863426316e-07,1.3536270891753376e-05,1.8843000923566215e-05,0.0024830339590901254,0
0.9799332899014674,0.019779185640549063,7.713461340921014e-06,6.088840309056028e-08,2.1702520762399894e-06,4.00358043141364e-06,0.0002735762757321731,0
0.9811480569217701,0.01869572913280606,6.998188890733984e-06,5.524219636939441e-08,2.1282353058869768e-06,3.6868090391940776e-06,0.00014334546999183266,0
0.9806287107662824,0.01927341580154147,7.025996334539709e-06,5.5461702343758926e-08,1.976827582164128e-06,3.7014586487974387e-06,8.511368790811736e-05,0
0.9717871886801701,0.028120462244295534,8.423278643794865e-06,6.649154805334774e-08,2.369965590993809e-06,4.3720026660060935e-06,7.711733708564468e-05,0
0.9737325479783716,0.026199009375226966,7.252134889356205e-06,5.469797616235747e-08,2.0013875873378183e-06,3.2530487111909685e-06,5.588137723715329e-05,0
0.9381440004186057,0.0617629686036513,1.204714274332561e-05,9.509755102467923e-08,3.3895725143208003e-06,6.221122669354529e-06,7.127804226492912e-05,0
0.8770091849397271,0.1229101360308001,1.2106565536762847e-05,9.821589239210594e-08,3.4171995549394196e-06,5.8102298003545066e-06,5.9246818688236556e-05,0
0.8890743857357887,0.1108648615410981,1.0655577419168297e-05,9.757558704363422e-08,2.676768889800012e-06,6.056187445562058e-06,4.1266613771256266e-05,0
0.8904598055787623,0.10948067493080417,8.984358374116804e-06,8.685804826915471e-08,2.4042802491582586e-06,4.910279903940754e-06,4.313371385799022e-05,0
0.26433228954031035,0.7355395911183533,2.3340064402403654e-05,1.3388142647695173e-50,6.620964391168888e-06,8.476233196208454e-06,8.968207934663628e-05,1
0.24489044645407984,0.7549811610243167,2.175671660583297e-05,1.4995571821942742e-50,7.338077122419028e-06,7.901220851638666e-06,9.139650702359007e-05,1
0.12200441899504652,0.8778917025337863,1.224459247797406e-05,8.944637279856165e-08,1.1671480219919178e-05,5.656781407153687e-06,7.42161706892619e-05,1
0.10214586984475199,0.8977696049715109,1.2984775525121255e-05,8.138345938966104e-08,1.1628762882762058e-05,5.336827300041407e-06,5.4493434569811866e-05,1
0.0878926043027351,0.9120560192572302,1.1643539972299708e-05,7.297712314350536e-08,7.038313871892581e-06,5.20480427292048e-06,2.7416804794289292e-05,1
0.1562103679332642,0.8437175463201774,1.7015332561622906e-05,1.1931287954861526e-07,9.499531671528792e-06,8.534061384914123e-06,3.6917508061056075e-05,1
0.09433028736676363,0.9055951481015082,1.633163544501201e-05,1.150725606906763e-07,8.739712576636156e-06,8.230765197929421e-06,4.114734594808872e-05,1
0.2082606069086613,0.7916455643973652,2.404838346092686e-05,2.291957075398059e-07,1.2251298417001454e-05,1.449828440411168e-05,4.2801531984253875e-05,1
0.20669919918329632,0.7931810971659188,2.6529243274144285e-05,2.6220288488229264e-07,1.3761417962888945e-05,1.6006643528206532e-05,6.314414313488432e-05,1
0.8140083754805957,0.17952866917681087,0.0025541945876348363,9.551690821558649e-08,0.0020827167080344996,0.001823391091063476,2.5574389526288327e-06,0
0.6585746268778404,0.3292657204092222,0.004668385713594297,1.745794043566786e-07,0.004678616928919443,0.0028070786680921347,5.396822927253316e-06,0
0.5733223046404303,0.410614475155266,0.0065158740225040946,5.276072117607732e-07,0.005940430551429963,0.003600422535009035,5.965488148634306e-06,0
0.591036003278835,0.3939973552110212,0.005014988613438238,5.062555233723836e-07,0.0057000278063581,0.004245394763474269,5.724071349934397e-06,0
0.08721089226075232,0.7802928156414655,0.005459988684774324,8.294251084460956e-07,0.005279440326158068,0.12174456257089658,1.1471090844768762e-05,1
0.1064154828077469,0.6765504660524441,0.0055151735108030795,9.244712021847364e-07,0.007432397588081362,0.20407392081052217,1.163475920011428e-05,1
0.09743236552076065,0.791575495575247,0.008068771786045306,1.036074930050295e-06,0.008998528171617011,0.0939112990543478,1.2503817052287698e-05,1
0.001030048882873483,0.06424637615961915,0.9058073163697953,1.23094548945496e-07,0.02016018261956665,0.008752459607798782,3.4932657975765643e-06,2
0.0005068149344463951,0.05090547088718801,0.9408993033998828,9.121004402731932e-08,0.0027310174309327353,0.004955436569118881,1.8655683871072513e-06,2
0.006383786905592324,0.3121170958669843,0.6370495175442902,7.091194059278132e-07,0.01630755441610231,0.028128699968456315,1.2636179168589374e-05,1
0.007961848286108747,0.38029966909778573,0.45788226013966343,7.167833741585338e-07,0.02114535223377304,0.1326930852901592,1.706816913553746e-05,1
0.010410665233870844,0.9553035048353137,0.026168039290737938,7.154100276088077e-32,0.0034115475700552816,0.004697984983868526,8.25808615372328e-06,1
0.016426314358953968,0.9187119635943661,0.0576510491721068,7.004069664098451e-32,0.004573561401972408,0.0026324510356378074,4.66043696296632e-06,1
0.01624237717658896,0.901228539145313,0.07274810418792958,9.235743174757894e-32,0.006960349063995966,0.0028160221754531803,4.608250719307194e-06,1
0.03852679477366709,0.8757515464053581,0.07541514251029131,8.557793099449493e-74,0.00583679769637434,0.004466548017629361,3.1705966795820985e-06,1
0.01902304734216904,0.9656426034570058,0.007504456323424283,1.3020770894681411e-07,0.005437897843147274,0.0023896658280238153,2.198998520776268e-06,1
0.9782092832177811,0.01924008338712969,4.092875339278721e-05,2.4587060282089825e-07,1.1674055171283634e-05,1.6594732906642643e-05,0.002481189983015563,0
0.9752101116740287,0.024676443124015873,8.082689104735657e-06,6.380300756210974e-08,2.274137645325956e-06,4.195223713801114e-06,9.882934848408913e-05,0
0.9012723445787567,0.098646437789834,1.0517361233865944e-05,8.302178515620835e-08,2.9591546577503324e-06,5.431146271595688e-06,6.222694746091148e-05,0
0.9058231410095224,0.0941360691292042,7.844936702097475e-06,7.391199180037864e-08,2.027610862806635e-06,4.522016935985039e-06,2.6321384780504582e-05,0
0.8940712665366675,0.10588566889495526,7.498465377938469e-06,7.175414242894768e-08,2.136476094848095e-06,4.545071365117298e-06,2.881280139688134e-05,0
0.3623873775983592,0.6374729044359609,3.199815182047224e-05,1.8354526090809196e-50,8.443003059458715e-06,1.2087372186443677e-05,8.718943861361047e-05,1
0.08944922580083126,0.910497441902462,1.2254957163843556e-05,7.680924531472656e-08,9.109417829601717e-06,4.857582227200593e-06,2.7033530241039204e-05,1
0.0855949704877807,0.914354230356762,1.1672879521885678e-05,7.316101188595001e-08,8.676744881098271e-06,4.626860081817049e-06,2.574950996041948e-05,1
0.10553911110649761,0.8943957330780108,1.5138598019036368e-05,1.0495912876752606e-07,8.356705258604701e-06,7.203927009523338e-06,3.435162607558423e-05,1
0.1089318256027948,0.8909885581881598,1.5996954457310293e-05,1.5359548062563835e-07,8.084644143903114e-06,9.50481869765093e-06,4.5876196265784636e-05,1
0.17649936705787483,0.8234095327769658,2.3637767272583983e-05,2.2695908992166843e-07,9.718144535168516e-06,1.588217072845111e-05,4.1635123533006534e-05,1
0.21096736367245206,0.788941845729193,2.6387454553930198e-05,2.6103176692288983e-07,1.3687868415277427e-05,1.6212844816797952e-05,3.4241398802069404e-05,1
0.21426118864933494,0.7856575696402288,2.60765540292329e-05,2.6510724541721003e-07,1.2233893371267003e-05,1.6465975311838923e-05,2.6200180478346027e-05,1
0.8876794869783421,0.10980940822695594,9.913883299164304e-05,1.00978316493775e-07,0.00021990955372681113,0.0021896038910506135,2.3515386163909283e-06,0
0.9039643111286837,0.09307401726090479,0.00020583913289584657,8.869583089261643e-08,0.0003015232367674234,0.002451619265217794,2.6012796997466398e-06,0
0.9004485944152709,0.09663292935309017,0.00017427717530381148,8.83508732308589e-08,0.0002994351658968914,0.0024420843768161835,2.591162748884673e-06,0
0.8110997180598533,0.18249804957929283,0.0019644337564405636,1.3308305258518002e-07,0.0025238019288140244,0.0019109016051371594,2.961987409668206e-06,0
0.5935744137642212,0.3942253356450487,0.003259828153678146,2.2084118651100206e-07,0.00565530535189525,0.0032799810515300185,4.9151924401726495e-06,0
0.42090358413999135,0.5424715160497064,0.007774477531151599,6.220085508204645e-07,0.013131791624616598,0.015708741307831772,9.267338151548402e-06,1
0.18656170443857872,0.7675236039332354,0.011122544129663764,6.602842645217999e-07,0.013563557203389212,0.021215016923208894,1.2913087659573227e-05,1
0.13229430678132278,0.8196896057510533,0.012073254616969648,7.936561069656485e-07,0.015989594807237918,0.01993913641092219,1.3307976386956304e-05,1
0.01793158739096331,0.7286240146123363,0.16816868820072656,1.3792798757034609e-06,0.014111567836122654,0.07106295454085952,9.980813911592287e-05,2
0.014482809137226115,0.3502917155424469,0.38442455946543763,7.603146098446731e-07,0.06890265196630795,0.18185882315602833,3.868041794333899e-05,2
0.00816593392219433,0.2445825127311922,0.6628285077664019,5.043298982088931e-07,0.047178283876195486,0.037218599980465956,2.565739365185535e-05,2
0.0012203984188357499,0.05597568212342339,0.9179660207505913,1.0724809327424821e-07,0.018865553390419107,0.0059691945049758,3.043563661426786e-06,2
0.0031260721422805603,0.47141831226867775,0.4743493853567116,6.751624431546126e-07,0.012351920966328868,0.038726533807524506,2.7100296033632254e-05,1
0.005355591528169516,0.6077582695080366,0.33641828720259304,1.3133418480315308e-06,0.019577310010259145,0.03086091052796653,2.8317881127152246e-05,1
0.0030353493312981553,0.33856129748827407,0.6496565050072844,3.609363182812423e-48,0.002130725727400736,0.006606696808302245,9.425637440212207e-06,1
0.0061455542840427695,0.9041050730157019,0.08078509477175025,7.241097625121592e-32,0.0034795695291813637,0.00547186611559769,1.2842283725971137e-05,1
0.009210794261925885,0.9658112163159053,0.01725979978033707,6.744782997001688e-32,0.004340548438086393,0.003369855598717912,7.785605027591945e-06,1
0.0030487627695875274,0.8785910915055599,0.10868773958113133,4.5476061359481596e-32,0.004645818873891034,0.004970624877510511,5.596239231955651e-05,1
0.011387682189753586,0.8861956786263473,0.08641144446304241,7.95375609967567e-32,0.005466644407046284,0.010529033880479778,9.516433330656514e-06,1
0.01521903059498087,0.9629580671987941,0.012131665174067134,9.177913743456979e-32,0.006667370546368793,0.00301609079814722,7.775687641875244e-06,1
0.02178105366238669,0.9559759218449135,0.011531059302467679,4.483907561253155e-108,0.006567818660062682,0.004133924230335219,1.022229983420075e-05,1
0.0334950380075735,0.9367842220621809,0.023142312709635456,2.453018211308678e-151,0.0039095928031734825,0.00266361650461846,5.217912818121776e-06,1
0.05614547299597524,0.8611936998307135,0.06864893592350917,9.44254460568295e-74,0.00854552728693979,0.005462865572538367,3.4983903239620884e-06,1
0.08512186936272856,0.8168606243989321,0.08290528371648079,1.1716147301766594e-73,0.008201796195029091,0.0069060855841517,4.3407426775561105e-06,1
0.058605682695871734,0.8926431010447244,0.0397747449755841,3.721853518411874e-153,0.0048635997584864435,0.004109881719231342,2.9898061020018673e-06,1
0.045607243280361136,0.9121720486100847,0.03669082590444411,0.0,0.0026536488769537438,0.0028714057173294763,4.8276108270386515e-06,1
0.981152725619358,0.015001384712425472,3.125152051238152e-05,2.535315210918583e-07,1.2146334478661555e-05,1.849733292520371e-05,0.003783740948779207,0
0.98635292499048,0.01345962557450726,6.307360782751095e-06,4.9788948022637465e-08,1.7523484766705513e-06,3.273760648766403e-06,0.00017606617615644843,0
0.9872830070574483,0.012520598342929123,6.949477019750867e-06,5.485767534768651e-08,1.978054360463238e-06,3.6611464900602014e-06,0.00018375106407675338,0
0.985354271049264,0.01442853151800152,7.61901963403077e-06,6.014290058999196e-08,2.143680048274432e-06,3.954561585929949e-06,0.00020342002856590428,0
0.9668570056673439,0.03304608178710568,7.719462946984162e-06,5.822271740698768e-08,2.8269511832630662e-06,3.726037041825423e-06,8.258187166086519e-05,0
0.9439935978029657,0.05588873824595739,1.2147754078233376e-05,9.589175524047597e-08,3.829546518738165e-06,5.732576247217115e-06,9.585818247725571e-05,0
0.8887488568172258,0.11116483788799063,1.0567960806090466e-05,8.342120728508723e-08,3.098061066342854e-06,5.338646532851928e-06,6.721720517095735e-05,0
0.8655861116405754,0.13434411020942183,1.0040886212865647e-05,7.926059392713736e-08,2.711300714918655e-06,5.157615803254894e-06,5.1789086677823015e-05,0
0.8723919988410661,0.1275209492197366,1.2077859894975767e-05,9.798301460226168e-08,2.703225952052789e-06,5.796453277620365e-06,6.637641705799669e-05,0
0.8783547963775952,0.12158127458186359,1.1599135435908286e-05,9.681612744839782e-08,2.65593480743185e-06,5.645707743361585e-06,4.3931446427130475e-05,0
0.8686075334890333,0.1313320730848581,9.933154481192332e-06,9.335709818596786e-08,2.5610440442900413e-06,5.443998908210914e-06,4.2361871576976386e-05,0
0.8883930107574195,0.11156699535140344,8.02453856985525e-06,7.560413187507142e-08,2.225211850671878e-06,4.8403445747390525e-06,2.4828192050102597e-05,0
0.31715062947370787,0.6827027304261227,2.747975054030409e-05,1.576271658096963e-50,6.067955791475895e-06,1.097883189719773e-05,0.0001021135619403551,1
0.2915488387671743,0.708325988266536,2.8814968961883944e-05,1.6528613983210868e-50,7.0525177144683824e-06,1.1067648346548342e-05,7.82378312668219e-05,1
0.10196781410644379,0.8979693969753727,1.502813711816311e-05,1.0537850537600364e-07,8.390095462492186e-06,7.232711151621788e-06,3.203259594577317e-05,1
0.10828371868799058,0.8916520969958941,1.4713629380030829e-05,1.0317315183730648e-07,1.2170181159085233e-05,6.7852284156312014e-06,3.0412104008534088e-05,1
0.1554157490463764,0.8445016561980321,2.0950829744481817e-05,2.0116033790663594e-07,8.93012446433775e-06,1.2448234369739783e-05,4.0064406675157215e-05,1
0.8789417472579585,0.11573466841090281,0.0017832335251171613,9.242482744739664e-08,0.002033418253979791,0.0015045428805588732,2.2972466555641317e-06,0
0.6593974749026023,0.33261051913547096,0.0019619520095497237,1.8567697142945995e-07,0.0035211989019419444,0.0025050092895580276,3.6600839055592013e-06,1
0.5573733159558533,0.4331166516726824,0.002414764291053359,2.285306256709597e-07,0.004751505718401809,0.0023390290117578038,4.5048196257521585e-06,1
0.28749391311652805,0.6856121170679578,0.004422420191694702,5.036373164473974e-07,0.014748727417657091,0.007714128305849339,8.190262996532214e-06,1
0.2862836106799131,0.6828161194263859,0.0063718192416747695,5.182764092904935e-07,0.012052298296088957,0.012465459043307165,1.017503622103779e-05,1
0.3440357729228052,0.6184698917740673,0.008150917607954264,5.845742866817531e-07,0.01375018058243998,0.015582990138134857,9.662400311693717e-06,1
0.12127934729957182,0.8372302938979115,0.0093511988118402,7.721113825702555e-07,0.015149581197808126,0.01697643255226145,1.237412922457998e-05,1
0.10045846540937312,0.8428795210158133,0.013120983406780062,6.151084031684955e-07,0.014140259206179883,0.029387216074753742,1.2939778696712904e-05,1
0.11627012049764868,0.6600570006998742,0.006473613866685644,8.222874311066358e-07,0.006621601586556035,0.2105619423911234,1.4898670681281411e-05,1
0.10969466688175782,0.5313636388468095,0.006939660760216489,1.1105618711191975e-06,0.004886387246992477,0.34709099314893616,2.354255341646931e-05,1
0.0074194710172502554,0.2587972173110151,0.6314527202487525,5.043078099712064e-07,0.07092755073455563,0.031386787032271615,1.5749348344912558e-05,2
0.002579566379923689,0.1023655464185985,0.7625066287775751,1.9612998455586862e-07,0.1183872028821537,0.014155293493754108,5.56591801015982e-06,2
0.003438840262412678,0.4632451201913409,0.477687582664236,6.722769142245965e-07,0.006976867968497472,0.048624286190630805,2.6630445968263255e-05,1
0.005414202584681092,0.6144095150505974,0.32553747641445757,1.3277149294865133e-06,0.01979156212738208,0.03481728831877464,2.8627789177887944e-05,1
0.0032351821240671243,0.3815363909593245,0.6053447225839237,3.404461212407686e-48,0.002161829273916355,0.007710725254461159,1.1149804307258217e-05,1
0.002729868396007067,0.3808111251030638,0.6082961661978522,3.3979896423692057e-48,0.0021196113174413575,0.00603210037608863,1.1128609546916467e-05,1
0.0025886218401714087,0.41584264634140106,0.5721265036401708,6.717776450963633e-32,0.0015698460115181028,0.007860513306243266,1.1868860495291182e-05,1
0.00230963345817871,0.5170782450114253,0.46990537372619046,8.016084186642084e-32,0.0019400663422837513,0.008752526184681876,1.4155277239950492e-05,1
0.0028575530677624767,0.8651906100476414,0.1239176596320036,4.65449318528665e-32,0.002384906256123546,0.005632586153675465,1.6684842793654972e-05,1
0.012941683718703117,0.9543828126600267,0.02645963368262219,7.142263829158107e-32,0.002816468130941756,0.00339115738454247,8.244423164006996e-06,1
0.012926903118256982,0.9532928191682061,0.027337201192264828,7.134106702911303e-32,0.003408515968010595,0.0030263255459918596,8.235007269804611e-06,1
0.010445876679709523,0.8775963388570661,0.09283454188816727,8.491916468893526e-32,0.004417329131471736,0.014695753117330405,1.0160326255041174e-05,1
0.013872919507955305,0.9533081331803219,0.022731157521721675,8.190278972100405e-32,0.003986938741311202,0.006091051045456424,9.800003233395152e-06,1
0.023581612581410713,0.9313856070605787,0.03142157102964422,1.2204943853716994e-07,0.010470501467218014,0.0031383567046891457,2.22910702079264e-06,1
0.9891780696098466,0.01039181552041603,7.106211443179854e-06,5.6094903140776346e-08,2.1362244545823203e-06,3.743717837886489e-06,0.0004170726210986423,0
0.9880249903027456,0.011639885637218317,7.75501865499917e-06,6.121644758046107e-08,2.218164519440317e-06,4.669517220219139e-06,0.00032042014319394674,0
0.9865725090007792,0.013208308911911161,7.412809811313589e-06,5.8515124647144406e-08,2.047829579620282e-06,4.46346354587098e-06,0.00020519946924818784,0
0.9864557709550449,0.013323141397736082,7.477256470099171e-06,5.902385269601101e-08,2.0656333244253066e-06,4.50226871145119e-06,0.00020698346486040995,0
0.9609021527588832,0.038978750189880354,9.670909546425376e-06,7.294116669217783e-08,3.5627112930691653e-06,4.360550065803635e-06,0.00010142993916461459,0
0.9591780899785163,0.04074114922519423,1.089875854918139e-05,8.603245344715898e-08,3.293662928535454e-06,6.070238858654131e-06,6.041210349996516e-05,0
0.9237011009736484,0.07622408118992478,1.0684528185253724e-05,8.434136507884577e-08,2.8851008061547647e-06,5.600229052341083e-06,5.556363701826845e-05,0
0.9316886793505952,0.06823992863836972,1.0486225035503508e-05,8.507069544694412e-08,2.4459416452098324e-06,5.535688562142081e-06,5.283908509692953e-05,0
0.8727950524228943,0.12711200102580747,1.2441498680135226e-05,1.0093307568146411e-07,2.7368923168571098e-06,6.567879451980823e-06,7.109934777347971e-05,0
0.8870848035023391,0.1128504884811038,1.1740471020353849e-05,9.799583295595784e-08,2.688297400345078e-06,5.7145007502133384e-06,4.446675155315699e-05,0
0.2839317556235949,0.7159258645738203,2.8031844145634605e-05,2.0206224487333357e-07,1.0912904255876059e-05,1.1087204762204963e-05,9.214578717615985e-05,1
0.20219206016727942,0.7977040047288129,2.0927274402129794e-05,1.5085029806835296e-07,9.58518858739253e-06,8.277192724310886e-06,6.499459789571167e-05,1
0.1488198056928595,0.8510882436480182,1.676656541247776e-05,1.1569845730236737e-07,4.0739362180328445e-06,6.810972332739379e-06,6.41834867018751e-05,1
0.1391409039556695,0.8607840855476439,1.86344658226557e-05,1.5103126795637538e-07,9.115452260864296e-06,8.593332327752787e-06,3.851621500750969e-05,1
0.2095680949410671,0.7903510562371889,2.4901914678885633e-05,2.459419792835518e-07,1.0526458471198616e-05,1.527560875469332e-05,2.9898897860098344e-05,1
0.8942494833268156,0.10327791552938849,0.00010977789159961737,9.648624190222598e-08,0.0003112627776657943,0.0020486342306794032,2.8297576091143845e-06,0
0.8836559882947772,0.11074105112324462,0.0025424485662357953,6.748674710671814e-08,0.0017042078376146045,0.001354107678064376,2.1290133162602237e-06,0
0.6469016334645239,0.34475144544221187,0.001984598561576701,1.8782021610273542e-07,0.0032618832699167124,0.003096549109785547,3.7023317690068835e-06,1
0.28629022452867736,0.6903851784602476,0.0045182083591979155,2.524920617539812e-07,0.01306941591088436,0.0057294442809335076,7.27596799765099e-06,1
0.15124383187571294,0.804827793056354,0.008382277676254362,7.36762306869702e-07,0.01885024758712877,0.01668330542976781,1.1807612475102701e-05,1
0.10164511099167466,0.8537625614356923,0.010435999348407466,4.907738031979759e-07,0.016197502149714348,0.017945318339096756,1.3016961611334579e-05,1
0.0939770584063195,0.8455475162505254,0.015009074797244908,6.275336703683009e-07,0.0173764881893804,0.028076914798811428,1.232002404790021e-05,1
0.12954175916487007,0.8169908626826532,0.002809709831253406,7.296810312536923e-07,0.0073937054561860165,0.0432495016775968,1.3731506409199013e-05,1
0.021447946384285044,0.12430443941463572,0.015519405273208754,6.931449339756381e-06,0.004599401317450443,0.8341166793409368,5.196820143372007e-06,5
0.0556577557668566,0.48795049771834337,0.23302512063779468,5.697420385255068e-07,0.004213262228743476,0.2191326397977748,2.0154108448520608e-05,2
0.001989872738161359,0.12072321939165967,0.8111288176725617,2.346624407133115e-07,0.01141416929910203,0.05473822075280003,5.465483274474679e-06,2
0.0038775693523966526,0.48794298898830074,0.49472532404440295,5.141458260311371e-48,0.00251083791523981,0.010933008595342561,1.0271104317352467e-05,1
0.002781642025202081,0.4035205240320106,0.583539087746664,2.1621908714635537e-07,0.0021375981824011156,0.00801105347766872,9.878316966424783e-06,1
0.0015708934048076098,0.4495478889060535,0.5404288156573672,7.203021061865566e-32,0.0009686742440651145,0.007471706501287972,1.202128641849078e-05,1
0.0014240099762254758,0.482627454389523,0.5069951387467097,4.0739998643387564e-32,0.0016717940769531185,0.007271484309906092,1.0118500682808143e-05,1
0.0022116660216376914,0.8767048304467834,0.11509387050225364,0.0,0.0023053061574658164,0.0036747403344911138,9.58653736828417e-06,1
0.008600211024613258,0.9445906338815613,0.03893316451534513,7.574345783507023e-32,0.0033533326862077648,0.004513594878250507,9.063014022120084e-06,1
0.017479561957792215,0.9483071793429285,0.02341025328815255,9.853518663507535e-32,0.004728233503010056,0.006062981770675501,1.1790137441182881e-05,1
0.03690385993342288,0.9451255842688956,0.01047138037267452,6.867425623602726e-282,0.004485742919737036,0.0030044651367580662,8.967368511820418e-06,1
0.04106983447327588,0.9383842945711264,0.012742469142339135,7.473271023014811e-74,0.004947528091891276,0.002852141483846322,3.7322375213440716e-06,1
0.037929733856467744,0.9112507397935776,0.043019025876829105,3.749870880676095e-117,0.003848618548801744,0.003949100899764115,2.7810245599108196e-06,1
0.021619571605477977,0.9267534949320171,0.033668712479732,1.3190840834758978e-07,0.012541377322952414,0.005414239482665085,2.472268746909211e-06,1
0.9655412265555224,0.027680735277218836,4.058930487023415e-05,2.654907799295967e-07,1.3359825011538475e-05,1.8734400941776467e-05,0.006705089145655337,0
0.9766928716434797,0.018079221950654412,3.1496323359511366e-05,2.4862519533358684e-07,1.2511127896784652e-05,1.8023863376170443e-05,0.005165626466038402,0
0.9882623389522859,0.011373813750710022,7.619755860094678e-06,6.014871220002857e-08,2.143887192132832e-06,3.954943715318078e-06,0.00035006856152415273,0
0.9879650731489659,0.01177845109688545,7.890838001697437e-06,6.228857626092611e-08,2.205257500622876e-06,4.751297910435485e-06,0.00024156607215974034,0
0.9850528211998226,0.01463773147371955,8.173217903038008e-06,6.827617933037135e-08,2.4739723472930307e-06,4.489347094424658e-06,0.0002942425129339096,0
0.984907565891132,0.014884799923101587,7.1688996688363495e-06,5.988645906638242e-08,2.3071580224178453e-06,4.3414158200936275e-06,0.00019375682579588044,0
0.98454007816368,0.015250992418745854,7.16622481615081e-06,5.986411429057847e-08,2.1337432374135973e-06,3.9952712273426126e-06,0.00019557431417881562,0
0.9220415258551734,0.07719328225679215,2.3342227278127997e-05,1.9392538171628596e-07,6.965389950515187e-06,1.0773773441057043e-05,0.0007239165719827338,0
0.9603618088597438,0.03952111177905394,1.135184350045552e-05,7.895389385580113e-08,3.856394708614008e-06,4.720001374550093e-06,9.707216772506296e-05,0
0.9608956285021951,0.03897848553507561,9.670843883656168e-06,7.294067144207015e-08,3.5626871032565867e-06,4.360520458889082e-06,0.00010821897061205901,0
0.9106961939240141,0.0892014812765236,1.456335014516813e-05,1.0797393837183264e-07,4.215655707066306e-06,7.61837620763877e-06,7.581944346413881e-05,0
0.8634080155421199,0.13650255201895478,1.1765721548845761e-05,9.820659507681786e-08,2.662961310905543e-06,5.726791071765188e-06,6.917875839880169e-05,0
0.865297281813841,0.13461804822299808,1.1719204961506713e-05,9.781832856564841e-08,2.6374400264605543e-06,5.704149810372394e-06,6.451135003382429e-05,0
0.8653014897713388,0.13463702968718563,1.153126797518726e-05,9.624964861356807e-08,2.6403947223783585e-06,5.67292259668753e-06,4.153970653265321e-05,0
0.8557632338724205,0.14416160506633569,1.5745601790152618e-05,1.2442331506659225e-07,3.7046981440096637e-06,8.098974295778596e-06,4.748736369873811e-05,0
0.3083792437875356,0.6914918559689799,3.114076503714196e-05,2.2447231290909674e-07,1.1039010847831208e-05,1.3434464896538392e-05,7.306153038995937e-05,1
0.15894837588160748,0.8409833576222154,1.76230410090491e-05,1.2160860662649094e-07,7.727140372217069e-06,7.861686299503221e-06,3.4933019889550326e-05,1
0.09971341872120978,0.9002355679318617,1.196082691631072e-05,8.218804091146871e-08,8.728150786847062e-06,5.313247253964925e-06,2.4928933930847086e-05,1
0.09959093405741477,0.9003587187836455,1.200142622724681e-05,9.122484665740576e-08,8.757777242456838e-06,5.331282309471822e-06,2.416544831370319e-05,1
0.10640252242434818,0.893540624069079,1.3211523611512875e-05,1.004229991294494e-07,9.64081923533447e-06,6.247640170229557e-06,2.765310055676997e-05,1
0.09507326716156014,0.9048748323281608,1.2165588402967584e-05,9.143260122962622e-08,8.777722118565432e-06,5.688318385855443e-06,2.517744877058186e-05,1
0.09820305546244243,0.9017360334014146,1.2969152749322753e-05,1.0599251292690097e-07,8.341897134907235e-06,7.2748538945342e-06,3.221923985114429e-05,1
0.17845861070227803,0.8214536276532978,2.405837065062228e-05,2.2726514274358442e-07,1.0789746421505968e-05,1.4063655839838296e-05,3.862260636947142e-05,1
0.14373082313507002,0.8561890760475483,2.2985221308628644e-05,2.206936403805379e-07,9.282667155581143e-06,1.4216289866923129e-05,3.3395945410282065e-05,1
0.17275266208013332,0.8271530003479146,2.6675003495632492e-05,2.6322137093290805e-07,9.410328595696222e-06,1.875727484963042e-05,3.923174363987065e-05,1
0.8930231910981326,0.10229862967024929,0.0015406783476633915,7.249258378911033e-08,0.0017407348040578369,0.0013945675179739066,2.1260693393931886e-06,0
0.7763231064288512,0.21635908766597417,0.0015901767470624351,7.487650276528619e-08,0.003232156018316866,0.0024932405755059097,2.157687786743489e-06,0
0.28527043512783884,0.6866567565313773,0.005833214479249817,4.833070375813562e-07,0.014741686166835613,0.007490574785424512,6.849602236463263e-06,1
0.30970644574304257,0.6626148813316061,0.005628976461943984,4.663850348919803e-07,0.014814312597886523,0.007228307702995389,6.6097774905902525e-06,1
0.1069442902740031,0.855923992561654,0.006616982006116364,6.921764473711924e-07,0.021097796730457172,0.00940798720606455,8.25904525745142e-06,1
0.13948774979457476,0.8124905679480035,0.01013390430528093,5.881397125194978e-07,0.01772705515622564,0.020151799327360064,8.335328842688913e-06,1
0.007107637972786237,0.270125606448887,0.6610342620020289,5.049930906137778e-07,0.020630178171626733,0.04108734133629274,1.4469075287880617e-05,2
0.007604846838472311,0.2721278851806397,0.6447576048994814,5.458979184207205e-07,0.022289553734483474,0.053203930562636316,1.5632886368429837e-05,2
0.003855955569209233,0.2048330494347284,0.7199997166213491,4.3223280530995965e-07,0.01875375122794667,0.052544545935060936,1.2548978900190038e-05,2
0.0028021734878597463,0.17960452427601567,0.7428027338596213,3.643425344995614e-07,0.015525390784461876,0.05925423532316316,1.0577926343647206e-05,2
0.0025570143953945823,0.15497481824057197,0.753132696785298,4.346987200270624e-07,0.007044448071689374,0.08228268240085707,7.905407468938212e-06,2
0.0022460370837225187,0.39898632325642386,0.2545759205426415,1.105230040075204e-06,0.007939424671789402,0.33624438918630184,6.800029080871195e-06,1
0.007228504846012566,0.4955514477683253,0.3425985386534784,1.0019883090963444e-76,0.00766047022847272,0.14693340428548876,2.7634218222234913e-05,1
0.0037041511483651597,0.35087904927308966,0.5741276782598934,5.316823758393641e-07,0.008972408066568823,0.06230281016461628,1.33714050908165e-05,1
0.004444806686661617,0.6300935973166469,0.35344816660931594,3.080207079028911e-07,0.00336436989009552,0.00863534914773959,1.3402328832572977e-05,1
0.001501762186744805,0.4625190402725419,0.5290473768976965,0.0,0.0011199179315349592,0.0058013440969404495,1.0558614541374516e-05,1
0.0011145338129285142,0.6773476731113897,0.25785534862676807,0.0,0.0007937575529031772,0.06288178676405577,6.900131954697552e-06,1
0.01642790759595198,0.9535276098314109,0.01871797801227636,9.260683676740013e-32,0.0044437602765501115,0.00687166349763898,1.1080786171588371e-05,1
0.11138575137784683,0.829844855332216,0.026573188308705413,1.3198714789248856e-73,0.017189072953841224,0.015002242004834498,4.890022555959537e-06,1
0.025153321638072195,0.9440996182523026,0.01695704859592236,1.1908123901020856e-07,0.011576920595595896,0.0022107411483289186,2.2306885390788343e-06,1
0.9737466240046416,0.019131197655261317,3.445670417485512e-05,2.7199380410977205e-07,1.468699894255395e-05,2.0747361244935637e-05,0.007052015281930576,0
0.9880578155009224,0.011703509956139724,6.668002375008266e-06,5.029225745566945e-08,1.7700627195556665e-06,3.306854632099076e-06,0.00022687933095372675,0
0.9855872005970919,0.014139065469895178,8.177651776189558e-06,6.831321834266917e-08,2.475314447760493e-06,4.06278700746264e-06,0.0002589498665629922,0
0.9137945296475114,0.08341198307355015,3.227852382947043e-05,2.9701390062842105e-07,9.998205205094551e-06,1.766428585542468e-05,0.0027332492501476293,0
0.9543010887596958,0.045611699980988664,1.2390856054476472e-05,1.0350884071227246e-07,4.066825138384118e-06,7.303329870649247e-06,6.334673941139806e-05,0
0.9131927165632595,0.08670309216089013,1.2794212836695474e-05,1.0099476149498887e-07,3.3586190558324666e-06,6.5602331918293335e-06,8.13772160045702e-05,0
0.8816392815215743,0.11827484715602217,1.1025350803061644e-05,9.202683893214899e-08,2.5368146771518376e-06,5.902898463706232e-06,6.631423162067635e-05,0
0.8732731780703556,0.12666513125927115,1.2521609544299349e-05,1.0451587122148579e-07,2.8671601273678246e-06,6.263072721142222e-06,3.993431210928888e-05,0
0.3083792437875356,0.6914918559689799,3.114076503714196e-05,2.2447231290909674e-07,1.1039010847831208e-05,1.3434464896538392e-05,7.306153038995937e-05,1
0.10347847877242315,0.8964651535198156,1.4515024637834762e-05,1.0178051942194784e-07,8.997875719565914e-06,6.423076413903525e-06,2.6329950470259187e-05,1
0.20491741623553705,0.794996085838211,3.485605844134079e-05,3.201805135602218e-07,1.1826451930842284e-05,1.9886610127601852e-05,1.9608625238501133e-05,1
0.9356735100266363,0.06289411071705618,0.0003045626271327281,4.50284851783234e-08,0.0003936796356714317,0.0007328256008440407,1.2663641739116692e-06,0
0.9295164116453106,0.06758689553516266,0.0009448596189994902,4.2792559238799955e-08,0.0010585636673129792,0.0008918767581419835,1.3499825130435133e-06,0
0.8950212910960028,0.10076502886260576,0.0012454895277277305,5.981457967962701e-08,0.001612792616698519,0.0013533602575772736,1.977824808126924e-06,0
0.8624243830613606,0.1325470608268658,0.001580405858983088,6.945888234983898e-08,0.0020858875794599117,0.0013601916441745522,2.001570273613031e-06,0
0.9234723609845124,0.07427118214019066,0.0007097431860827809,5.727173984534909e-08,0.0010815825821069063,0.0004638032233854855,1.2706119818396582e-06,0
0.9192690593570843,0.07833405747437014,0.0007724850115264471,6.434822445147765e-08,0.0007404183786368495,0.0008826469912185746,1.26843893915859e-06,0
0.9176029385846041,0.08003110808845465,0.0008720283194327487,4.307040758173494e-08,0.0009038489239184533,0.00058879186957953,1.24114360282674e-06,0
0.6560141365342196,0.3297627470029099,0.005550068174132531,1.0816428787765984e-07,0.004947541025086273,0.00372228217009636,3.1169292674768725e-06,1
0.04080258399814477,0.3079913436876122,0.03281357926907693,2.515792616620489e-07,0.01032582800167803,0.6080620121362311,4.401327995346956e-06,5
0.03143150590847604,0.26266626037623025,0.011457737800920341,4.691681682153828e-07,0.007024363436240161,0.6874150932376268,4.57007233801793e-06,5
0.0908264799707985,0.35728799964397817,0.14898479843579382,5.006726990846067e-07,0.019086641022912416,0.38378844309347354,2.5137160344383753e-05,5
0.00803933262458879,0.27817234021262693,0.508424091604903,7.857168269424013e-07,0.011107130998305816,0.19424097984649902,1.5338996249275077e-05,2
0.0024137272137216116,0.12636385668359526,0.18216088322617507,8.61292331310926e-06,0.00233635509562701,0.6867148006898186,1.7641677495094615e-06,5
0.001761051385751968,0.39183420354686205,0.5945058722296073,0.0,0.0008983120955086015,0.010990753177754449,9.807564515673703e-06,1
0.001733701592810554,0.45178474425820137,0.5378175333187556,0.0,0.0011446288121161276,0.00750860042876882,1.079158934755241e-05,1
0.003505657690058076,0.9204571854511964,0.06989037493822431,6.590188344727337e-32,0.0017702268494401417,0.004368669641621681,7.885429459364151e-06,1
0.008345874797713093,0.9384877483987378,0.04373958324013776,8.103278353886781e-32,0.003920540908171069,0.005496556751799216,9.69590344110418e-06,1
0.016796276845437125,0.9655838568919021,0.010505640118150613,6.828862259442428e-32,0.0033325858266456385,0.0037734693053200277,8.171012544372906e-06,1
0.08281787202604231,0.8388130912393197,0.043531452595338006,1.609150934541555e-73,0.020516728339183617,0.014316806171705455,4.049628411046053e-06,1
0.03993780561978483,0.9414157437982781,0.012553175745514825,0.0,0.0036227451861361596,0.002465787791763861,4.741858522127589e-06,1
0.017073339800932338,0.948742713580086,0.013175335671830752,1.1817642431427231e-07,0.018399326781314757,0.002606952250308058,2.2137391036430638e-06,1
0.015001719158106074,0.9291885633577878,0.029718461427865554,1.2635913529634243e-07,0.02277382980070254,0.0033149316338711393,2.368262531501677e-06,1
0.9399399945167783,0.05685722262501434,3.635111817799752e-05,3.0366441871786454e-07,1.620849657097616e-05,1.783506934529536e-05,0.003132084509694565,0
0.9223495043650789,0.07482937727727258,3.2580716440962684e-05,2.997945546247e-07,1.157016681619618e-05,1.7829659485922704e-05,0.002758838020350536,0
0.9495679805685566,0.049876936262688576,1.7019738616102214e-05,1.1966170254283073e-07,8.054588391694394e-06,8.453057424414313e-06,0.0005214361226201595,0
0.9447797628228138,0.054775934467594954,1.7994179478951172e-05,1.4949422274697428e-07,8.889969585041142e-06,9.567073408828497e-06,0.000407701992895564,0
0.9471097139603784,0.05278394842431076,1.2920951772681159e-05,1.0199521136833245e-07,4.68524747783413e-06,6.446085553907578e-06,8.218333529471641e-05,0
0.9444099577620422,0.05552152076828051,9.132469965336641e-06,7.41711149754232e-08,2.3402512555208784e-06,4.7829229238779046e-06,5.219165441759868e-05,0
0.9303622703887592,0.0695678603307819,9.157900851416337e-06,7.643953300568469e-08,2.415940788433797e-06,5.03852430073417e-06,5.3180474985397825e-05,0
0.8037409513633406,0.19616509469287546,1.8693948708600695e-05,1.560353985593389e-07,5.39028581699726e-06,9.350360254650506e-06,6.03633136049829e-05,0
0.8047717684919418,0.19511215584773228,2.003536086430315e-05,1.6839782845920492e-07,7.284632963301063e-06,1.0961367517222088e-05,7.762590115267264e-05,0
0.29802843238019394,0.7018308163347963,3.339491207880365e-05,2.4072090537223927e-07,1.1445718652427277e-05,1.4406928458904977e-05,8.126300491426218e-05,1
0.10861351454769971,0.8913343115979478,1.5139804880908486e-05,1.137858438505763e-07,1.0923680447835827e-05,6.435628003180046e-06,1.95609551766776e-05,1
0.18902747928024813,0.8108654332184367,3.080014859615115e-05,2.826742003236808e-07,1.5664739824829906e-05,1.8208854422687407e-05,4.2131084271006027e-05,1
0.19845814330804548,0.8014328255727532,3.2119505770320694e-05,2.947828508058506e-07,1.349978757738096e-05,1.8325310356607704e-05,4.479173264620827e-05,1
0.19785308046661096,0.802059341436926,3.578859118111241e-05,3.2874656562931256e-07,1.214285470596976e-05,2.041865293038381e-05,1.8899251080032328e-05,1
0.8889667442749284,0.10773098972593496,0.0010915010759083702,5.667038462828006e-08,0.0015280150492319765,0.0006810601546278276,1.6330489842159831e-06,0
0.9258204165614723,0.07106668492618852,0.0009072014645858534,5.594505320917404e-08,0.001237510214298097,0.0009668897098536463,1.241178548515957e-06,0
0.1755884917032531,0.6675670694941898,0.01550972891807715,4.6188479765319013e-07,0.022223576737807157,0.1191043966552138,6.274606661395216e-06,0
0.08293205709198448,0.6741960003039146,0.01770177379204449,5.68486327141932e-07,0.044499127433308194,0.18066334591106442,7.126981356647471e-06,1
0.11879187548402612,0.6541830065948279,0.04652671402934817,5.025789058235791e-07,0.04310922586063796,0.13738184802479503,6.82742745892486e-06,5
0.03390335392581261,0.1558992248672889,0.1408519156842736,2.950704709723911e-07,0.004072530742587537,0.6652665646970402,6.115012526180768e-06,5
0.03006283002341824,0.14325439375565427,0.14868095328698833,8.384076987692014e-06,0.003965400990686737,0.6740224188363242,5.619029940604032e-06,5
0.023540892699835444,0.17820245093270562,0.24328491562950993,9.17198546854298e-06,0.005132783661543426,0.549823369092167,6.41599877003838e-06,5
0.004100835477403801,0.27221144306478523,0.19562224681617787,2.696768078785679e-06,0.042556776842504765,0.48550065961952354,5.341411525971616e-06,1
0.006667333703109919,0.542817822027965,0.37956099642219715,0.0,0.01008794231781326,0.06085291719605595,1.2988332858779161e-05,1
0.0033431585799931435,0.4911614120882263,0.46315934689363975,9.71254642873609e-164,0.009062858177348797,0.033246622552520824,2.6601708271288388e-05,1
0.0020148663478747344,0.3049947970649137,0.6882148833205608,0.0,0.0008017859740998054,0.00396737012752169,6.297165029214702e-06,1
0.0019661132131462058,0.4826179887140136,0.5081441884871893,0.0,0.0010822055424940039,0.006178309184752795,1.1194858404104398e-05,1
0.0011670827861824076,0.5056611457398262,0.486049289104889,3.338947895001512e-32,0.0009771420718519292,0.0061380379383573465,7.3023588930072815e-06,1
0.001212022199229844,0.5462008031325589,0.44648288983240825,3.4675166309762505e-32,0.0009478723855849859,0.0051488289084247055,7.58354179313977e-06,1
0.0029910507976887656,0.6765581687437128,0.3124902434067703,6.289994924984167e-32,0.0016068620332257554,0.006346414810034902,7.26020856742988e-06,1
0.003902033255750873,0.8396375565227036,0.14963396689110733,7.60365536156448e-32,0.001970381779238718,0.004847284536811161,8.777014388363387e-06,1
0.0037535417140525866,0.9106909917163112,0.07809870744348098,7.530311392855015e-32,0.0020227584880699477,0.005424990313009557,9.010325075597032e-06,1
0.15492756787103582,0.7892199879794776,0.019871876513202415,1.1696278133365676e-73,0.022074386041228293,0.013901847958466522,4.333636589250449e-06,1
0.9351893163832571,0.06419274682369334,1.9184135831228485e-05,1.2097001538782714e-07,9.2820747257441e-06,9.528031274564709e-06,0.0005798215812025479,0
0.9416348628529712,0.057761017464615344,1.9710060262528175e-05,1.3857670916311977e-07,8.840246067045839e-06,9.78923795458227e-06,0.0005656415614201456,0
0.9440912729817722,0.05545629934325486,1.745466743038314e-05,1.4501199923366259e-07,7.85337657051042e-06,9.28022779968941e-06,0.00041769439117304445,0
0.9487773783298193,0.05115737160819538,7.791624462183667e-06,6.328117979292392e-08,2.0994946117985077e-06,4.080031534633069e-06,5.121563019695633e-05,0
0.9047183549539195,0.09519604010834865,1.0852026560037422e-05,9.058012921009665e-08,2.9911670137707343e-06,5.427978829464808e-06,6.624318519945628e-05,0
0.8668627010588325,0.1330192820900347,1.483683254938135e-05,1.2384066717460156e-07,4.2243886901728904e-06,7.421103563358644e-06,9.141068566281322e-05,0
0.8220116066476224,0.17788125746196745,1.764135061156724e-05,1.4724953067483722e-07,5.504291162444928e-06,8.823870556618214e-06,7.501912854883006e-05,0
0.3737413944120281,0.6261429523044302,2.734061595212781e-05,2.352175472483515e-07,9.731031910870453e-06,1.67382329133668e-05,6.160818521794379e-05,1
0.25411500903854223,0.7458054869140995,2.6095194358994356e-05,1.881022713022429e-07,1.0158959078777923e-05,1.1257750802400693e-05,3.18040408468213e-05,1
0.1950275145860248,0.8049019350683915,2.080696481124688e-05,1.636553863629993e-07,1.5711261468905994e-05,8.854316372725725e-06,2.50141475443564e-05,1
0.23446761794259274,0.7654260467336638,3.6084087446829145e-05,3.314609329543369e-07,1.2243114819663442e-05,2.058724396715753e-05,3.708941657705177e-05,1
0.9608401188289772,0.03811797254349349,0.000276139750116499,4.082626539679771e-08,0.00035709688527258186,0.0004076399424864125,9.912233883122933e-07,0
0.9464200236327589,0.05234746003886684,0.00033305583148392063,5.993163216827256e-08,0.0004063557616061129,0.0004916599654109624,1.3848382412323741e-06,0
0.9210571502516033,0.07556941091110085,0.0011516398816777647,4.5656867596031406e-08,0.0013746796527900349,0.0008457979753851922,1.2756705753083077e-06,0
0.931975962357088,0.06602236202782844,0.0006818576361238957,3.540182905336399e-08,0.0009545466811051659,0.00036421573494219703,1.0201610833277056e-06,0
0.2902194400975731,0.5314958606308173,0.016373161394395198,4.875980990730836e-07,0.024806715216646087,0.13709791256094347,6.422501525708018e-06,0
0.28059008446846473,0.5449268684475236,0.015174427211587384,5.367617235618453e-07,0.02581252254345304,0.1334884904966403,7.070070607475668e-06,0
0.13458390231743678,0.7899547874038619,0.027866316393166498,9.113796289846946e-07,0.009061544755730833,0.03852182334739651,1.0714402778414397e-05,0
0.09929187065624377,0.7551356865935017,0.03823802323779085,1.8521552073992262e-06,0.005536261837540708,0.1017810460727256,1.5259446990117928e-05,0
0.07396997868136489,0.7995629727835296,0.029280722269428076,1.5658083935874137e-06,0.005017870375069696,0.09215038453406454,1.6505548149418863e-05,0
0.07494558289916842,0.4715042064845871,0.14630684655169401,4.90596653529045e-07,0.016493800516186777,0.29070523782400987,4.383512770040549e-05,1
0.04831960921192856,0.2748944503801423,0.16345265998295602,1.0107892056995717e-05,0.01351162281546631,0.4997973350322714,1.4214685178477633e-05,1
0.031881027857221654,0.19516588005959418,0.266197555573201,9.467941269969158e-06,0.00529840506459833,0.5014409908207638,6.672683351152542e-06,5
0.0023590052151672932,0.32412035049228605,0.3873760213408483,1.1601906049120655e-06,0.006401768440307815,0.27972881202165634,1.2882299129211792e-05,1
0.0024026132214700693,0.4407722791667407,0.33970778833218285,1.3181539766917386e-06,0.00798146479011236,0.20912712973161357,7.406603903684399e-06,1
0.0018544972940439807,0.4457627642929464,0.4642501005805289,1.2350442999637445e-06,0.007420239905834782,0.08070427708139359,6.88580095234085e-06,1
0.0025602543611710354,0.37923735713263196,0.5875417514289946,1.627840070716354e-243,0.005237280556362869,0.02540298442720799,2.0372093631378185e-05,1
0.0012244230247183908,0.18629764468191984,0.7860756987685708,9.155629609295901e-121,0.009887677702223647,0.016502621703698178,1.1934118869171962e-05,1
0.0020345381521010863,0.4450389925600841,0.5457368916221894,0.0,0.002054321460480906,0.005124933033148133,1.0323171996325437e-05,1
0.0020953215251022267,0.4726314357901687,0.5176644184979006,0.0,0.0009838872151944759,0.00661430538703156,1.0631584602576931e-05,1
0.001885915767400751,0.5147985052739282,0.47184418341878376,0.0,0.0009893632012863641,0.010470474638005897,1.1557700595025414e-05,1
0.001747063026389687,0.4878563797609849,0.500198543591971,4.666081690691003e-32,0.0009763879750373834,0.009211420813375944,1.0204832240875753e-05,1
0.09424591371042218,0.8735382756217276,0.01349326729585752,0.0,0.007944834545362002,0.010771027299121112,6.681527509477501e-06,1
0.069188704001579,0.90803183203257,0.010539283357193835,0.0,0.008118068643931203,0.004113969511149325,8.142453576631777e-06,1
0.9369441257888481,0.062242400677126886,1.9611874953278455e-05,1.236672235723173e-07,9.428636298364332e-06,1.042716327144894e-05,0.000773882192278041,0
0.9357913349837892,0.06368845305019495,2.1477735490861344e-05,1.7843533112067015e-07,9.65804343906336e-06,1.1419196542794979e-05,0.00047747855521193923,0
0.9218432950896098,0.07770924423544495,1.5604287261298348e-05,1.4058355596804527e-07,7.609267076368215e-06,8.996823926078177e-06,0.0004151097131254961,0
0.9247055724648486,0.0748286737967096,1.5350953569664555e-05,1.3830119916314834e-07,7.908629198332168e-06,8.850761592053765e-06,0.00043350509288266336,0
0.8611336609166164,0.1384140432477333,1.7643645894627334e-05,1.7605552920675337e-07,9.46060061868334e-06,1.112668906981217e-05,0.00041388884453796105,0
0.9726745829042979,0.02726202941972093,6.30938754155908e-06,5.270639794054385e-08,2.205058666311254e-06,3.331038249787182e-06,5.148948512541341e-05,0
0.9721996640759086,0.027737734023008217,6.787418248719731e-06,5.3578418300975806e-08,2.3697197149209934e-06,3.3861498356418783e-06,5.000503486524552e-05,0
0.9107506309993024,0.08912422040650142,1.1035807671525836e-05,8.962943899714524e-08,3.3911277763400816e-06,5.748199918094927e-06,0.00010488382939119792,0
0.8621406668243218,0.137733523555535,1.665926226194394e-05,1.3905219636935403e-07,6.725531065308192e-06,8.107349884177702e-06,9.417842473526498e-05,0
0.7668417294715981,0.23303592101679227,2.4304396243163938e-05,2.0112915508372577e-07,8.928144246482084e-06,1.3091918152823223e-05,7.582392381178245e-05,0
0.39921020495683474,0.6006701760100072,2.8576286369177075e-05,2.458483013328459e-07,8.909581667722862e-06,1.749472425507405e-05,6.439259256469855e-05,1
0.10848027289537261,0.8914632550613656,1.7295571252530877e-05,1.5195613128252603e-07,8.099156153225887e-06,9.612323162291193e-06,2.131303656252335e-05,1
0.20593786833898606,0.7939689269497355,2.7832838026277516e-05,2.52529173459127e-07,1.1478495925577135e-05,1.7995343984931163e-05,3.564550416825781e-05,1
0.9461520467305836,0.052512626381956314,0.0003348870787914116,5.098896682862263e-08,0.00040567262735427995,0.0005934252089264505,1.2909834211305073e-06,0
0.9348830396497134,0.06213158783368229,0.0012104021876003833,4.7986504545767785e-08,0.0011803413890602572,0.0005932401919047973,1.3407615345529121e-06,0
0.9537278207110402,0.04476465143212634,0.0004932362305394043,2.7175029046372952e-08,0.0007146235303285915,0.0002988578284291755,7.830925071589042e-07,0
0.9169094183302635,0.08040725231633972,0.001037668939589185,4.623173002222828e-08,0.0009191163977452067,0.0007251655420995195,1.3322422328094048e-06,0
0.9029329745359548,0.08932935908266519,0.0036307943301382255,1.0133085412290741e-07,0.00142482732605168,0.002680507296801768,1.4360975343880934e-06,0
0.7214765403041484,0.2606468703309038,0.007253522575773828,3.476149610581557e-07,0.004789990374037268,0.0058287071817447675,4.021618430850845e-06,0
0.05059708959928827,0.6446471012407954,0.019230966257904353,1.0826773564874508e-06,0.0021680439324653776,0.28334302126717803,1.2695025011970344e-05,1
0.0399179134442897,0.41880167719247774,0.03470702247503433,3.9499526098295907e-07,0.004543385629009654,0.5020199494702434,9.65679368414487e-06,1
0.003059307155555374,0.133417611215599,0.07276326460589504,3.180204218620999e-07,0.0022973815959570756,0.7884579828812703,4.1345253013524175e-06,5
0.0021645503138657193,0.1305174414504733,0.06185191417509563,3.2643999030613033e-07,0.0024055130171278367,0.8030560435286627,4.2110747845306604e-06,5
0.0022253994101858942,0.09857284168470713,0.05457623247444054,3.8368420331032826e-07,0.0024041465997407343,0.8422192496536445,1.7464930779956234e-06,5
0.0022319781741835503,0.09827878801646844,0.05246674417732462,3.9250994452032156e-07,0.0017519451242347065,0.8452684526450083,1.6993528359464436e-06,5
0.0010769254566300793,0.07598221423035154,0.02079598075968271,0.0,0.0010759871112197344,0.9010675702205933,1.3222215227889076e-06,5
0.001965883418835183,0.13948334042195637,0.03687062554660484,2.616576040008356e-07,0.0014653776531384519,0.8202125381769512,1.9731249100617095e-06,5
0.0022003692841466014,0.1470805821055354,0.043551581291635666,4.245114083819475e-07,0.031180511048693606,0.7759843989587745,2.1327998059855527e-06,5
0.00309644195877075,0.2028660292417149,0.059059796899088295,1.578780435810269e-06,0.04378740169481806,0.6911859529025169,2.7985226552726287e-06,5
0.0036446506618282148,0.1681093537984838,0.05727470463477571,6.918156467256653e-07,0.003378273606716766,0.7675895454767988,2.7800057499704313e-06,5
0.002746491372727221,0.13051869523291884,0.10449621690052871,1.8909698180264553e-05,0.003434894194421901,0.7587823463414753,2.446259747785067e-06,5
0.0029174098527962483,0.1701748224104018,0.14283834892111638,6.66864861587153e-07,0.002821186119645069,0.681244965632276,2.600198902824744e-06,5
0.0018504966629739107,0.35573474223402785,0.4770851526212446,1.0701653318142257e-06,0.008693314058342701,0.15662905520365675,6.169054422371269e-06,1
0.002086681254266331,0.27511967901433565,0.68153514264584,5.505138637198622e-77,0.0032983947027075715,0.03794349853811711,1.6603844733345824e-05,1
0.0016249878441520111,0.4113045158443224,0.5791331171282339,0.0,0.0018211890308789463,0.006107176549510888,9.01360290202009e-06,1
0.0019592540228984064,0.5119405550820971,0.47632842322817354,0.0,0.0010904740067586636,0.008669098098315758,1.2195561756613112e-05,1
0.06011192828971744,0.8657035411471996,0.03994300051415263,2.224221478817895e-31,0.01394021326105132,0.020284417511630366,1.6899276248679827e-05,1
0.030719059189965127,0.9534215461105436,0.0073045067392043615,0.0,0.0041093972807139,0.004431632811290182,1.3857868282628486e-05,1
0.03574333896500868,0.9475929320317183,0.008576072864304573,9.59182434206599e-32,0.004508651353972688,0.0035708784251185627,8.126359877026606e-06,1
0.03334177538210123,0.9525075833220189,0.006347011415032266,9.562844879902351e-32,0.004371386330196117,0.0034241417426772243,8.101807974261736e-06,1
0.011415664366727215,0.9359683653562124,0.025124353799836248,1.6065127339804462e-07,0.023574402635643112,0.003914994052627616,2.059137680192456e-06,1
0.9716906740252227,0.028254793546257196,4.819199237020466e-06,3.9140055434646175e-08,1.757028913577399e-06,2.4281088377611174e-06,4.548895147618248e-05,0
0.9177028272057557,0.08219294312837837,1.0833397803105069e-05,8.79855282391814e-08,3.2490476910463255e-06,5.7037385420001495e-06,8.435549630146066e-05,0
0.8721793287031377,0.12765499849281067,1.6652836248003227e-05,1.3899855945924922e-07,5.972973449721006e-06,9.162112745382523e-06,0.00013374588304880574,0
0.9461625619974459,0.05372820935356656,1.1034733188510044e-05,9.210515220216479e-08,3.957894461829511e-06,5.519365236037413e-06,8.862455094892335e-05,0
0.371517856071095,0.6283780065378081,2.452927211597343e-05,2.3344197193518214e-07,1.2010613487448102e-05,1.5017096564006396e-05,5.2346966957658634e-05,1
0.31994573040132934,0.6799558358096348,2.2435063959521684e-05,2.1261091478055918e-07,1.3550449095443475e-05,1.4559848936796936e-05,4.7675816129353775e-05,1
0.16613875820406634,0.8337851214989471,2.389773710102938e-05,1.8165069394427467e-07,1.1005676778948125e-05,1.1586459824767366e-05,2.944877258802763e-05,1
0.13794188782105896,0.8620002140202198,1.8464429750289887e-05,1.3902964936452944e-07,8.892152125105512e-06,7.863395607432908e-06,2.2539151589397443e-05,1
0.12728445719206838,0.8726465254932343,2.0981853458401168e-05,1.8434321897341092e-07,1.0334498509767921e-05,1.1661040450252632e-05,2.5855579060042543e-05,1
0.2059383413284379,0.7939707505042406,2.7832901951571628e-05,2.5252975345753284e-07,1.1478522288904773e-05,1.5698627290346668e-05,3.564558603735558e-05,1
0.9631521055443872,0.03614363880144358,0.00021405147900677683,3.533736600829726e-08,0.0002586999551943938,0.00023057418014969458,8.947024523258972e-07,0
0.9265115403130932,0.07064035530237378,0.0010780886808089908,5.447060914626367e-08,0.0010434508060641614,0.0007249407681622906,1.5696588883136268e-06,0
0.9207426862273916,0.07676904247768541,0.0010543333520087314,5.380614269838649e-08,0.001030722142634342,0.00040161148292648386,1.5505112106532579e-06,0
0.9372100993083112,0.060351963087191735,0.0009529870279153126,4.058370780509758e-08,0.0008833574149052431,0.0006003830926503443,1.1694853183290355e-06,0
0.8974806284396927,0.09679419902909134,0.0017394035345914885,1.1587696598923079e-07,0.0014617938669662716,0.002522217002396471,1.6422502957259453e-06,0
0.27474662896211605,0.6968436464675687,0.005418087861029586,5.052265664446477e-07,0.012059119202809526,0.010924852026178091,7.160253731785115e-06,0
0.2132540600672056,0.754967853312824,0.0058863608951078015,5.796704474221334e-07,0.01285086180354704,0.013032646822295038,7.637428572973698e-06,0
0.1989418236014514,0.7284667324177233,0.016821742002495817,5.127206037407678e-07,0.013670257964957532,0.042090651725711754,8.279567056301224e-06,0
0.05803116100695135,0.8755569645293181,0.013871174925649899,7.202719163177423e-07,0.012036061887196671,0.04048997411954221,1.3943259425532338e-05,0
0.06348263809480048,0.8801562417858588,0.013239915166604914,7.088524823743673e-07,0.011627901315710362,0.03146493624782414,2.7658536719148433e-05,1
0.1711049960711995,0.43008622793182666,0.04812840519576089,9.404697815469598e-07,0.0035410409661803394,0.3471322513564326,6.138008818621522e-06,1
0.1927916226713194,0.17273436516980856,0.06370974510908223,1.3881284096378212e-05,0.0032127347298136323,0.5675340570886745,3.5939472053024065e-06,0
0.030145893546482262,0.2781637812779352,0.08394721619465965,3.5604643465157586e-07,0.0031250230728236523,0.6046122520820917,5.47777957285716e-06,1
0.0015421600193147695,0.11625323149245238,0.03642894182506895,2.137345564964004e-07,0.0007109831741964181,0.8450630350119315,1.434742479590048e-06,5
0.0036740341178264167,0.6397874212820734,0.06252193442937162,8.531686978845063e-07,0.00077227959629297,0.2932170764140314,2.640099170632541e-05,1
0.004102017092805929,0.6332521603265486,0.07456619210382433,1.2176056157456697e-06,0.0008516645681926041,0.28720253218693015,2.4216116082641092e-05,5
0.002792706329262438,0.34056612673240333,0.0616754952483485,4.720072528687172e-07,0.021427480242039373,0.5735318667175419,5.852723151608439e-06,5
0.0032806633788864587,0.3217375489278131,0.07332119647641226,0.0072143429830568645,0.0019339658710161522,0.5925072922763264,4.99008648891967e-06,5
0.0028591260342131918,0.14854800578795385,0.11852083807262619,7.260893696464211e-07,0.004713166643392576,0.7253553627958708,2.774576573684079e-06,5
0.0018407439685757185,0.2737712659983173,0.38105253952877133,1.0181559863660631e-06,0.007707710109286886,0.3356203664339526,6.355805110000059e-06,1
0.001640655814966568,0.44341762967157744,0.5452884195244153,2.5105587861939803e-07,0.0009813849923540775,0.008662118455170884,9.540485636888806e-06,1
0.004561763730001633,0.6930243961699065,0.29231722096341944,9.306610573780786e-32,0.002107685806673661,0.007978191201487132,1.0742128511600802e-05,1
0.00481039973190375,0.7692511584387979,0.21628671097661156,9.373733978010321e-32,0.002210383308526775,0.007430527301252748,1.0820242907584858e-05,1
0.006419825725928664,0.8752936680321513,0.10541487495601554,1.0754905208593142e-31,0.002000558862153068,0.010858657874002238,1.2414549749120233e-05,1
0.008968438084562306,0.9637137125550456,0.017104301723485305,1.0395153706958156e-31,0.003207761044652037,0.006994631343364711,1.1155248889902141e-05,1
0.015567414507907657,0.961315845936151,0.012412380724360397,7.835120246076941e-32,0.006684610352849415,0.004010373989681876,9.374489049583477e-06,1
0.013841436599860445,0.9711153304363277,0.006081908060956677,7.34778538417266e-32,0.004974194364504911,0.0039783386130974605,8.79192525290985e-06,1
0.9285431232934717,0.07101154158146025,1.694210264032942e-05,1.5263632326613187e-07,9.382927980669091e-06,9.646597964822337e-06,0.0004092108601587336,0
0.9798523819333758,0.02009826010237811,4.9538428164629435e-06,4.023358921569717e-08,1.7084769530741463e-06,2.608177481968925e-06,4.0047233405383486e-05,0
0.8940936955508382,0.10581329108836125,1.8466167841447194e-05,1.5413414810955368e-07,6.315343599416139e-06,1.1861815296710776e-05,5.621589991500231e-05,0
0.8800005569132792,0.11990329361723143,1.759807040171306e-05,1.5784775235514776e-07,6.389160183625028e-06,1.027464095685407e-05,6.172975019499829e-05,0
0.2583538330863571,0.741559596528108,1.9806336988811418e-05,1.8769919413829037e-07,1.1962736617034825e-05,1.332827855642803e-05,4.12853341786641e-05,1
0.18396305497842877,0.8159688321532836,1.594866108105465e-05,1.6566345361500544e-07,1.0747095961770247e-05,9.63848270093468e-06,3.1612965090193635e-05,1
0.1311160655885431,0.8688257312022192,1.843539495237331e-05,1.6197044056686642e-07,8.962562243487963e-06,7.925659793629657e-06,2.2717621807778982e-05,1
0.1544665685005806,0.845464936406447,2.116256491310992e-05,1.8593092100042328e-07,1.1003570350286295e-05,1.0064760093651344e-05,2.6078266694075495e-05,1
0.2349364685531936,0.7649776694026855,2.887610131605769e-05,2.6524986938932564e-07,1.2136588794897182e-05,1.6474833775137564e-05,2.8109270365417173e-05,1
0.9493234035550709,0.04987499776732877,0.00026708434355960796,4.277073217762429e-08,0.0002838487906473434,0.0002495059048781268,1.1168677830480731e-06,0
0.9466591193644375,0.05142044128264316,0.0009672251545978559,3.9650629170116264e-08,0.0006717646201507601,0.00028029619425717374,1.1137332841341525e-06,0
0.9304080036395109,0.06682796454725179,0.0009906202808925935,5.469968641262381e-08,0.00110618050135512,0.0006656148880372461,1.5614432659339459e-06,0
0.9099363182189697,0.08292815057494361,0.003561427242248375,9.283859848976574e-08,0.0014735143226642935,0.002099181060361314,1.315742214365274e-06,0
0.7995754267485298,0.18600570022512342,0.007052883481238196,2.0823457897330173e-07,0.0033050545740945653,0.004057775560625675,2.951175809444772e-06,0
0.23024503514099853,0.7385415927309086,0.007461187057609045,5.239014197169127e-07,0.012081309588326388,0.01166246995757632,7.881623161542153e-06,0
0.054136753291931,0.8348184132727112,0.055444832665986425,6.237609254812636e-07,0.024839717846511178,0.030709355924049393,5.030323788541691e-05,1
0.17555332984442246,0.4307760365675469,0.04820559759898461,5.062209990590985e-07,0.002408727800616797,0.34304965483422145,6.147133208805624e-06,0
0.019947596038826624,0.33235998876784484,0.07024463493272345,6.087667919867737e-07,0.003701982790661792,0.5737385435559796,6.645147171690464e-06,1
0.017995373174951396,0.3188103918326301,0.06462704809872423,6.089032917739894e-07,0.0026493978242950354,0.5959142261442841,2.9540218232402563e-06,1
0.003187030216370763,0.31255486215780226,0.0968302830416505,7.782690962391391e-08,0.0019328968373306663,0.5854900022551239,4.847664812196775e-06,5
0.003560422796273108,0.3014698185039174,0.10501437369610869,0.007887073275093318,0.002308953806314636,0.5797562469428538,3.1109794390249206e-06,5
0.001657248734787725,0.42227746484923406,0.5168657960568227,2.0301945005818924e-289,0.005077599913516942,0.05410655403168484,1.533641395385064e-05,1
0.0022024772455905544,0.32179566356281064,0.6196132576202413,8.191477239420714e-07,0.004432365493526757,0.0519350167297781,2.0400200328703636e-05,1
0.0020156944638458694,0.49100021603736066,0.49039119767731204,2.7477869752558745e-07,0.0010521109199679167,0.015528647758986805,1.1858363829034048e-05,1
0.001984297461711902,0.5168590375509595,0.4680424204039453,2.8925008279787555e-07,0.0011306872870535374,0.011972276125740583,1.0991920506213585e-05,1
0.0016777341468474582,0.4319489472551778,0.5554823219598112,2.7062085112705657e-07,0.0010583070496142466,0.009823125239953946,9.293727744225092e-06,1
0.004337897410343131,0.7129067549518268,0.27091430320959903,3.5136090714604844e-07,0.0022347609727951983,0.009594881782273107,1.1050312255678953e-05,1
0.012513785302465372,0.9350734179331021,0.023432318774376855,1.9701678380007335e-31,0.002876212593197734,0.026088410433989014,1.5854962869042698e-05,1
0.012786203084594997,0.9612878972290685,0.018725331547681856,7.623815920000809e-32,0.0028489561369357793,0.004342489794658446,9.12220706050706e-06,1
0.011883360416928215,0.962312742333346,0.016740793288411035,7.842783332095463e-32,0.004347221791325889,0.004706497959478383,9.384210510431729e-06,1
0.017186520840240707,0.9644452596039567,0.010452520125755172,6.956732899808589e-32,0.005130886636072285,0.002776488778988187,8.324014987062928e-06,1
0.006623392279265471,0.959431051285836,0.009169492796966326,1.0106544879225524e-07,0.023017531184944096,0.00175670761191298,1.7237756263137436e-06,1
0.009541227943618462,0.9292123842559753,0.03407178960476814,1.1873497391127365e-07,0.024299243166417576,0.0028732100849881755,2.0262092583176103e-06,1
0.9310692616143245,0.06845574670141398,1.8042062897702564e-05,1.498920344103002e-07,9.850524997063386e-06,9.333168456999108e-06,0.0004376160358754866,0
0.897885643117894,0.10142106787682861,2.6365682765823387e-05,2.1904401125267655e-07,1.3352610626707825e-05,1.3843556159777113e-05,0.000639508111713739,0
0.8947588539090443,0.10464573144246542,2.5086156958214445e-05,2.6123287485084254e-07,1.4081694909916107e-05,1.4283709395212342e-05,0.0005417018543520844,0
0.9801366287502276,0.019792148636719614,5.502436752839072e-06,4.729252153433969e-08,2.681824608817651e-06,2.9778643874948053e-06,6.001319478201759e-05,0
0.974117571637023,0.025803638720366368,6.755537119656977e-06,5.486639674969318e-08,2.372885081082272e-06,3.6880359261295136e-06,6.591831808714651e-05,0
0.9521193679374212,0.047773961175446446,1.0628234603500266e-05,8.631925577134153e-08,4.234645668771934e-06,5.802249377771481e-06,8.591943822663521e-05,0
0.9180123631545429,0.0818620960744114,1.7815987148054893e-05,1.487071939004422e-07,6.432999141366702e-06,1.1444169179729398e-05,8.96989083824854e-05,0
0.3457344941633997,0.6541629183610518,2.3882520676298846e-05,2.2632806295604484e-07,1.4424691691494664e-05,1.607126488775676e-05,4.7982670230052246e-05,1
0.9400203322985496,0.05778539710253642,0.0010534560919096163,4.273200771295276e-08,0.0008330883239698766,0.00030646363405775724,1.2198169689658184e-06,0
0.9403835988723698,0.05754342544126708,0.0007783939537624462,4.255307089821855e-08,0.000834160560500919,0.00045916390994441296,1.2147090843924652e-06,0
0.921675320653088,0.07573775553285138,0.0010143083605557018,5.6007685606948655e-08,0.0010728953762098215,0.0004980652885328963,1.5987810765827845e-06,0
0.9487916742190746,0.04921592342210424,0.0007760213812418145,3.7739341016227865e-08,0.0007556346672790987,0.00045962105068029054,1.0875202791684684e-06,0
0.9431363457540523,0.05479331606623953,0.0007355746958621981,3.762147401378222e-08,0.0008754561702271674,0.00045818556839454145,1.0841237504545887e-06,0
0.23656164291168186,0.7381347652985216,0.006445503805418967,5.382742802514697e-07,0.01195854606336677,0.006886400500581912,1.2603146148545292e-05,0
0.2582718210188568,0.6830857603595111,0.016053521053386494,0.0,0.015595450719549035,0.026985330978451214,8.115870245354717e-06,1
0.04853204634878407,0.8917692299160666,0.01559937385145657,6.818829092220995e-07,0.007463598182298074,0.036616741543994906,1.8328274490607877e-05,1
0.22761161426327883,0.25320026760631376,0.10285677549342502,1.0498501328513776e-64,0.009531158586581144,0.4067953757421822,4.808308219056453e-06,1
0.03891618016800065,0.5329189812785855,0.04675252038215148,5.676294352614264e-07,0.0033694077604565107,0.37803578680585603,6.5559755146926674e-06,1
0.025660434010640706,0.535449273528498,0.04752392452883196,5.252840404155167e-07,0.0031418292513521536,0.38821454786924325,9.465527393478949e-06,1
0.012821297086777046,0.5956071939114393,0.0575944694611303,4.5677043381826037e-07,0.0012262049343076378,0.3327295217858679,2.0856050043985135e-05,1
0.014596330127073584,0.4986847151809943,0.07005565057715715,3.147546538719504e-07,0.0010679916598573954,0.4155762168039831,1.878089628077565e-05,1
0.011978729770999248,0.3547324607393835,0.04727252168675414,3.142244114760851e-08,0.0007383854903873163,0.58525516694272,2.2703947314614237e-05,1
0.013166081815747728,0.3605695181400924,0.05176798550532969,5.9026999170379704e-08,0.0008567787531313155,0.5736347917335007,4.785025198967425e-06,1
0.0021500613997444975,0.3769503311095488,0.039984013689796025,5.168298224326667e-07,0.001146647853993344,0.5797658437132948,2.5854038002121175e-06,1
0.00395735570758661,0.2356969269089357,0.22057776701684637,9.800817721953047e-07,0.005217300270859856,0.534545641449218,4.028564781362089e-06,5
0.0016390245940563887,0.4108315484860584,0.5091005174241882,1.1044888790190423e-06,0.006002891178162062,0.07240000832228463,2.49055063711872e-05,1
0.002077343548506732,0.5013364906705622,0.48167511765110377,2.390839093655439e-07,0.0005378552210475548,0.014359376423274794,1.3577401595645165e-05,1
0.0017362740220154313,0.41804129652041105,0.5690350995201168,0.0,0.0011444393318315836,0.010033896112131404,8.994493493714611e-06,1
0.00561770374978146,0.7899237206203817,0.19369684698725803,4.1713391129094796e-07,0.0018182526315635953,0.008929940001672873,1.311887543107255e-05,1
0.0065939155046476254,0.8365469149126263,0.144272975047811,1.1046551609576519e-31,0.0017112221136285452,0.010862221219685345,1.2751201600897303e-05,1
0.010253140145872272,0.9140310763238114,0.043863172877492196,2.0026616046515238e-31,0.004209920658493677,0.027626853987093355,1.583600723718319e-05,1
0.005370719584424817,0.9752356456291404,0.013311113042322001,7.384853034480416e-32,0.0013971866393515302,0.0046764988265510865,8.836278210129855e-06,1
0.007224176877308481,0.9688530730276992,0.017095626025925795,7.336521781562422e-32,0.002343124033747251,0.004475221587426738,8.778447892446684e-06,1
0.006444873910685157,0.9648643768434525,0.021787061231571966,7.135875825723802e-32,0.002643698166933529,0.0042514514805439985,8.538366813073971e-06,1
0.012020315457479336,0.9545805703697247,0.024119995978474876,5.51740486049019e-74,0.0068888424445377044,0.0023880266709222294,2.2490788610274677e-06,1
0.9162666413191821,0.08304249378982981,2.1070061269047134e-05,1.3289551309691908e-07,1.1203749197922311e-05,1.106303899120321e-05,0.0006473951460169898,0
0.9705292976717619,0.029362326424515053,8.078573304034206e-06,6.943398336212614e-08,3.6857225639164616e-06,4.667246990941356e-06,9.187492688051239e-05,0
0.952191691959384,0.04766593777320536,1.2460066707846559e-05,1.0119683326602226e-07,5.371770906764953e-06,6.802297559256361e-06,0.00011763493540356785,0
0.9019477287077561,0.0979137691651768,1.9705232236605928e-05,1.6447642034711088e-07,7.1151680232524825e-06,1.2657733167830465e-05,9.885951721906906e-05,0
0.1936520786649587,0.8062776934062887,2.4958916570745284e-05,2.192850613441751e-07,1.2134041276209812e-05,1.1126256028514356e-05,2.1789429815742447e-05,1
0.9659964870763047,0.03297224270124675,0.00022574396487810998,5.307013317702439e-08,0.0001988117969473917,0.0006053713685202059,1.2900219698479085e-06,0
0.9342248262871563,0.06327173608001033,0.0011174152905011566,4.678912752620395e-08,0.0009461657597955922,0.00043847416293511533,1.3356304740689552e-06,0
0.950516824153405,0.04765860199372861,0.0007039066473983523,3.849657810091173e-08,0.000739406686140913,0.0003801231092711829,1.0989134779262e-06,0
0.9604030471846605,0.03831471244298365,0.0005030061613889728,2.8079336231195265e-08,0.0005588947046344633,0.00021950988144171264,8.015455543813945e-07,0
0.9585605334808144,0.03995217680461309,0.0005694570352436875,2.9964379949441105e-08,0.0005964148562312657,0.00032053250318715454,8.553555305052557e-07,0
0.9542589751415589,0.04409941500857278,0.0006533206280437147,2.88077741555018e-08,0.0008035579657817473,0.00018387230556510793,8.301427038257521e-07,0
0.8649698185874296,0.1305051764419037,0.00231996960675658,8.415375239339005e-08,0.0011789696290434796,0.001023556554342999,2.4250267713095654e-06,0
0.9261793608233698,0.07107386638520731,0.0012978332376044296,4.7077141272538456e-08,0.0006068285679150896,0.0008407073046341458,1.3566041282265542e-06,0
0.26233888718848397,0.7118677301356853,0.003848529121093246,3.993960545585941e-07,0.009715572013765493,0.01222117522619195,7.706918725439741e-06,1
0.0646396519374367,0.8711445233767637,0.022236668962891847,1.2689877684657334e-06,0.02652240113856686,0.01543342146787108,2.20641287012764e-05,1
0.047457953891355216,0.8421297436501572,0.03172148485451731,5.983514229828818e-07,0.014438939835860386,0.06423330561833925,1.7973798347677086e-05,1
0.0544276395965885,0.8063304656187453,0.0609903358246274,6.74293215779695e-07,0.05957346440505752,0.018599831899857044,7.758836190841985e-05,1
0.026066743748607273,0.7639119935791366,0.04823979396412537,7.225462721569024e-07,0.004321694242837212,0.15744266526028833,1.638665873306077e-05,1
0.008882950513411217,0.438478588894586,0.08717708126506098,3.191344237202346e-07,0.0012706230024314275,0.4641790658818202,1.1371308266375466e-05,1
0.009394460171951051,0.5423876730772826,0.04916547133573036,1.3108857604882662e-76,0.0021587126542173775,0.3968882226340033,5.460126815280906e-06,1
0.01525280751588283,0.49882140635712807,0.06151548779599208,1.2501470747502093e-76,0.003886297959200204,0.4205204238540217,3.5765177751544088e-06,1
0.00377134510025217,0.6809717680497458,0.0736523902117844,9.810963059851712e-07,0.002106011896592862,0.2394925957820188,4.907863300010313e-06,1
0.0037678855704274426,0.6105077861838598,0.10398068377299027,9.553494464729298e-07,0.0010894392871343577,0.2806484707696438,4.779066497780217e-06,1
0.0037245862398238255,0.3062006636312032,0.29348443157798926,4.6444195743634505e-07,0.004264796641426662,0.392322038129734,3.0193378655585658e-06,1
0.0015216833453090607,0.2954733190721089,0.6090192439489213,1.0709279701852427e-06,0.005010423167379542,0.08896309634302364,1.1163195287219035e-05,1
0.00272896584870942,0.512652974012652,0.4714112033955943,0.0,0.0005721863346878321,0.012627230692698888,7.439715657663673e-06,1
0.004722656591601387,0.7920109543020883,0.19191541565006226,4.02761612249908e-07,0.002886320645519233,0.008451583182970018,1.2666866146586406e-05,1
0.006970065136325692,0.8596865177378861,0.12117759090671158,1.167670167994458e-31,0.0016692961647237227,0.010483051460994899,1.3478593358078536e-05,1
0.010248412600863541,0.9273831026139333,0.049804514976673736,1.1497689346916605e-31,0.002516275994396091,0.01003442185741865,1.3271956714520976e-05,1
0.013244989588828315,0.8538018213042761,0.07952983726562605,2.396718519235468e-31,0.004332638183414415,0.0490717616533188,1.8952004536337147e-05,1
0.005549304483799261,0.9407625070230161,0.04388385163971912,1.4317052055852513e-31,0.0013501200223470515,0.008442695156448592,1.1521674669607882e-05,1
0.004147612585779153,0.9692596446419507,0.018795302286148383,7.64553575667638e-32,0.0013027230580263433,0.006485569232363541,9.14819573200107e-06,1
0.004182440250328154,0.9692368200202363,0.022485429803072814,6.694790360511864e-32,0.0011309212983233933,0.0029563780379966965,8.010590042587187e-06,1
0.0065338624750258005,0.911995040911202,0.03680918906215122,1.1327635193945528e-07,0.04112022126730578,0.0035395248694938463,2.048138469247762e-06,1
0.8922234047455198,0.10696026592978342,2.3635888227817435e-05,1.6511525358113146e-07,1.334600914229619e-05,1.374520814015963e-05,0.0007654371039328082,0
0.9052724096399385,0.09401119993100085,2.1164272774814773e-05,1.6108363567189154e-07,9.533602302576368e-06,1.217332778231423e-05,0.0006733581425652204,0
0.8922633087987139,0.10702039748387561,1.8254700352676537e-05,1.1846239438678901e-07,1.0279961280764874e-05,9.843333235229057e-06,0.0006777972601476018,0
0.8500610633824961,0.14935364337666984,2.168543134514607e-05,1.8845585470623702e-07,1.238510485936202e-05,1.4195200758992659e-05,0.0005368390480158307,0
0.9192343827189995,0.08057501241196026,1.937659093594465e-05,1.5737071784486467e-07,7.059015357161438e-06,1.4766559599548114e-05,0.00014924533243009248,0
0.8683362240058903,0.13152413087297238,1.9867850414952405e-05,1.6583376826042852e-07,7.173886217926738e-06,1.2762191592122702e-05,9.967535914416512e-05,0
0.8575069241553137,0.14238040439879407,2.2188643277055662e-05,1.9945287836784376e-07,8.167157084683521e-06,1.2982805788896295e-05,6.91333868633167e-05,0
0.2209184169703734,0.7790107886281503,2.757409782429946e-05,2.4226162685278925e-07,1.2073149846468858e-05,1.4524239897869993e-05,1.6380652280733684e-05,1
0.965234593799885,0.03382914293620036,0.00022319815086715533,6.007397131869854e-08,0.0002220337555859194,0.0004894872505912933,1.4840328987727628e-06,0
0.9706868029630983,0.028053231520013617,0.0006217844180688789,2.0661808847004904e-08,0.0004997910716873571,0.00013777955860916095,5.898067137497269e-07,0
0.9461239109281091,0.051363359014970036,0.0008885606063823785,3.785694259329966e-08,0.0008718539488036524,0.0007511969901858325,1.0806546062303154e-06,0
0.9272488686708418,0.06968420281006829,0.0011408239389909486,4.520326628415251e-08,0.0010410414446843559,0.000883715326765237,1.302605383266487e-06,0
0.9245534500283992,0.07273855369904769,0.001222871891879625,4.7215427136622977e-08,0.0006976460785171413,0.0007860704976696156,1.3605890595333698e-06,0
0.9102989647105303,0.08352027199401016,0.0007347384990881758,5.426444282860852e-08,0.0007756592728879348,0.004668747541168649,1.5637178717167774e-06,0
0.8988173204168914,0.0937888265975137,0.0008992176012602922,1.239011590102628e-07,0.0008710241394910372,0.005621731371621563,1.7559720630267611e-06,0
0.21723848774533464,0.7537666316493217,0.004226581857959124,5.646192736908754e-07,0.010046187508495116,0.01471290530842744,8.641311188386536e-06,1
0.11092879908000228,0.8363392009020103,0.01780203715653987,1.2143174404269215e-06,0.020101785729016924,0.01481263727423853,1.4325540751612485e-05,1
0.05438906357062488,0.889919711715442,0.02152626666323466,6.888042313952871e-07,0.025568503363997467,0.008580236787902401,1.5529094567084855e-05,1
0.04860014714146319,0.787666991475187,0.06356668623802016,7.348479112706849e-07,0.028077565307976452,0.07206951241616272,1.836257327918456e-05,1
0.04632769632346991,0.8233900054812866,0.04247335399512643,4.976906815843031e-07,0.008284844606317246,0.07950517167879606,1.843022432204486e-05,1
0.04446177144957306,0.36824708641075343,0.057943495705115845,4.156520644102673e-07,0.009334943653867831,0.520002773512897,9.513615728387444e-06,0
0.21810485932591098,0.372689533107524,0.0362778958110992,4.4112529032471955e-07,0.008984215213202256,0.3639372927762989,5.76264067431284e-06,0
0.033631191384038965,0.6268518872336653,0.0561622021957721,5.804937033652384e-07,0.007404042029711979,0.27594134226374406,8.754399364128655e-06,1
0.021436891398124516,0.747221373686202,0.041068503261141996,6.55745783772992e-07,0.006067761329067842,0.18419027799446944,1.4536585210314987e-05,1
0.010970297180056853,0.6485553074048463,0.21667938506589168,7.946881760482253e-07,0.0015660688010254774,0.12222122394677411,6.922913229562819e-06,1
0.0020247229693008766,0.050487603008548085,0.044480742593645824,3.056542347914694e-07,0.001216253497653934,0.9017890135959252,1.3586806910742017e-06,5
0.0014734941424868302,0.328938622269972,0.6029691317877159,9.190829682086982e-07,0.0034565385550581903,0.0631522104963924,9.08366540640718e-06,1
0.005420983026850107,0.7915490462592301,0.19180348882183376,4.0252671798860735e-07,0.0024987988434429184,0.00871462104321085,1.2659478714229397e-05,1
0.010124337477220512,0.8863431560144729,0.09011890815023228,1.1358489523208408e-31,0.002875657845580322,0.010524829236241517,1.3111276252631651e-05,1
0.003144754432563044,0.9569898306934489,0.03578978157785147,6.08778221342343e-32,0.0008188892627535176,0.0032494597533751874,7.2842800079195685e-06,1
0.0067010200581502834,0.9612650990746114,0.028556600058507985,1.2300192546673161e-238,0.001415072203359905,0.002053834483069216,8.374122301409051e-06,1
0.8935751004227187,0.10570445906836533,1.688629206137058e-05,1.2136985774784101e-07,1.0171814886685556e-05,1.0084921554291816e-05,0.0006831761105556403,0
0.8483656832027645,0.15077086451517077,2.2023864369923794e-05,1.5829604722698595e-07,1.1858746971103024e-05,1.3294400921783345e-05,0.0008161169737548318,0
0.8507851122006771,0.14838575588499367,2.1544898732241333e-05,1.8718756783575953e-07,1.2374792563613826e-05,1.4868110316335372e-05,0.0007801569251489667,0
0.9665857094984852,0.03330770195015713,7.961458135819865e-06,6.842739812297437e-08,3.4327363028420744e-06,4.599585858725223e-06,9.052634366219432e-05,0
0.8671956709233658,0.1326446725118853,2.0507358949098887e-05,1.6655446820293136e-07,6.838431884210455e-06,1.4099012708647877e-05,0.00011804520673878923,0
0.9717358638817738,0.026848386490665427,0.0005572757412181475,4.8961295586011693e-08,0.0004292929281265653,0.0004279224851830965,1.2095117372998219e-06,0
0.9743563844521498,0.024331587516843774,0.0005050360651347759,4.437160679667988e-08,0.00039183204352687785,0.00041401942003751113,1.096130700405117e-06,0
0.9637172729725543,0.03520160913195044,0.00040840114683975967,2.4142314191884282e-08,0.000480531713726027,0.00019147173228562133,6.891603296336172e-07,0
0.9632535866908404,0.03466226567821221,0.001409577478828879,2.3310664340664407e-08,0.0004916505762849108,0.0001822308449037355,6.654202655680455e-07,0
0.9571997183999863,0.04103704487919123,0.0006962987198447119,3.077803772184873e-08,0.0005218663773529403,0.0005441622635898459,8.785819972882079e-07,0
0.055503760361392436,0.8814062867346955,0.018181147128726333,6.56232286386058e-07,0.028679523025195962,0.016207356504560875,2.1270013142411094e-05,1
0.02318181031982406,0.42280076789519017,0.038871034105969794,4.1358128476226695e-07,0.006894200554495896,0.5082455363425294,6.237200705793422e-06,1
0.01511710434897282,0.615025683529513,0.030111652341530213,4.7415159760717573e-07,0.006747963485309923,0.3329839450879689,1.3177055107555407e-05,1
0.00890578018674737,0.8207427605001921,0.08713555799371323,5.330514130359445e-07,0.04274356684749339,0.04046540673449612,6.394685944879479e-06,1
0.002847874319889505,0.27953010542886175,0.0346265441637083,5.175413129637841e-07,0.0021006470699785396,0.6808913368837671,2.974592481824652e-06,5
0.001605184128355902,0.26671422863919786,0.7027802691262253,3.8201702951087195e-77,0.005578319816720302,0.023315918268730574,6.0800207701361165e-06,1
0.00576781482485903,0.8421919605732149,0.14271208087330942,4.2828017721456983e-07,0.0015909451466552705,0.007723300875917704,1.3469425866353781e-05,1
0.00955294392233367,0.8167322018473938,0.1355129518893423,2.16083437195211e-31,0.003168346839995012,0.03501616614553466,1.7389355400409808e-05,1
0.9570600329554537,0.04174066875700231,1.854570655841521e-05,1.1697361281270479e-07,9.63384453412716e-06,8.725450588269006e-06,0.0011622763122502945,0
0.8777313918961829,0.12146783321194236,2.0654698702906393e-05,1.4841793541606486e-07,1.2441794266181586e-05,1.2790791859254096e-05,0.000754739189111049,0
0.8761424205439405,0.12302890492720002,1.9023301641951913e-05,1.3669524765801836e-07,1.0667719007496451e-05,1.2105953068853542e-05,0.0007867408598935449,0
0.9214798747507824,0.07837461478648486,1.5842852888426698e-05,1.2867078321487763e-07,5.4873094122858895e-06,7.5711596273978605e-06,0.00011648047002136875,0
0.9044475593530634,0.09535044841286218,1.392962638220471e-05,1.3876804651924e-07,8.173806132996161e-06,1.3967033887847949e-05,0.00016578299962490152,0
0.8779899444248075,0.12191062365995649,1.865720555583875e-05,1.557287093426888e-07,6.59940714375315e-06,9.062965663824978e-06,6.495660816327848e-05,0
0.42474191581495196,0.5751682492601039,2.5030456867283066e-05,3.368308301635418e-07,1.3691997563199942e-05,2.0342728348556017e-05,3.04329113350797e-05,1
0.97212062859214,0.02567064942106067,0.00075672318989641,4.830813133140861e-08,0.000272631956212981,0.0011781251562163057,1.1933763425380722e-06,0
0.9277294927868138,0.06985437641237385,0.0009040646920632625,4.5270529597498134e-08,0.0006911922580898235,0.0008195240364449755,1.3045436846606732e-06,0
0.902552318285785,0.09455479933015654,0.0011667803278743803,5.380265228690148e-08,0.0007545534142220397,0.0009699444286808826,1.5504106287890682e-06,0
0.5744789516165026,0.40696520885701354,0.0037475515853166376,4.744871286269423e-07,0.003951824949694204,0.010848726635817483,7.2618685269929685e-06,0
0.4678930179460395,0.497664645823565,0.006564552229638386,7.786147671083857e-07,0.010245706046511932,0.017622291408724993,9.00793075304909e-06,1
0.06800128497812888,0.8975185356415958,0.007198348462758214,1.1033670815952704e-06,0.014965649795371433,0.012305020452336349,1.0057302727466954e-05,1
0.049387706350419135,0.8714589391390312,0.03234070252207553,6.46764157120593e-07,0.017704266586110115,0.02907923955922761,2.84990789789989e-05,1
0.051142045313870975,0.32141738038247286,0.036748016357572084,4.248819318551416e-07,0.01869461613344094,0.5719871357530018,1.038117770947639e-05,0
0.028491546859200644,0.422911809452496,0.05293265547822816,3.8818327851991995e-07,0.011966561967868182,0.48369092171363853,6.1163452899676035e-06,1
0.02430873681341112,0.3753474395271187,0.031542597506177765,3.6688042524534714e-07,0.01007992582737883,0.5587154005383391,5.532907149310262e-06,1
0.01056303676494332,0.42205292099108693,0.019804960276002596,3.3670131858109775e-07,0.0048032078915751465,0.5427676150646649,7.922310408617597e-06,1
0.008415976711736411,0.785341181928573,0.08914789287927932,5.100589939863949e-07,0.0669918598063065,0.05009645975490295,6.1188602077380225e-06,1
0.008978908077586093,0.5308259560192267,0.18579322347234972,3.5579733266368976e-07,0.002142618173699683,0.27225327223212714,5.666227677984114e-06,1
0.005005966592499075,0.5343651737552605,0.11440907611686656,1.0487941522837497e-06,0.003943439639405763,0.34226962928768345,5.6658141323419955e-06,5
0.002569623767424054,0.28521665922412376,0.03877147133058432,4.934020821873212e-07,0.0012619222061083645,0.6721772902891318,2.5397805456905197e-06,1
0.002719218228014172,0.2994590209225478,0.04390862837117921,4.775090537818884e-07,0.0007594101113111471,0.6531505003526616,2.744505232343076e-06,1
0.002485601772385541,0.31602707553830883,0.04352654298693054,4.992480530791539e-07,0.0006053376078581005,0.6373521218281096,2.8210183543219857e-06,1
0.0025504281657677845,0.27468350033399547,0.03234064940185799,5.388407373422788e-07,0.001843407943282689,0.6885792445946308,2.2307197280214237e-06,1
0.003718656364342883,0.3925170339238379,0.5225819655124325,1.1797321543810976e-06,0.00844797003407738,0.07272679469320313,6.399739951731334e-06,1
0.001567040346863187,0.26037633314266584,0.7199268216307079,1.4577292147264665e-120,0.004889088492538373,0.01323352444086814,7.191946356475263e-06,1
0.012116389772015934,0.847249056939947,0.12326885181096352,4.7611723875623487e-07,0.002464425931341358,0.01488687879562904,1.3920632864050186e-05,1
0.02118630339341713,0.7448624814824428,0.13714913158169592,6.687180403014562e-07,0.005947466073576286,0.09083134695693804,2.260179388947586e-05,1
0.004517592452727956,0.9182351482541729,0.07109313055808773,9.065307846012197e-32,0.0011392298272197747,0.005004434685833161,1.0464221958505784e-05,1
0.003121108364653977,0.9577625379923485,0.035050662691724174,7.085147126303187e-32,0.0009194154643017631,0.0031380969944814216,8.178492490017275e-06,1
0.0017950554941457309,0.965975125503931,0.028486553317368577,0.0,0.0012764355114153268,0.002440476360224071,2.6353812915225213e-05,1
0.002156044936583392,0.927843936535632,0.061424330271187134,0.0,0.004920182657169836,0.003630492155167639,2.50134442598748e-05,1
0.01108205222013175,0.9254206503299259,0.052731728940978224,3.561401828015391e-117,0.0073308263768003,0.0034319879945530784,2.75413761065757e-06,1
0.8788108004201088,0.12049644295491709,1.8090490678416492e-05,1.2999237199118926e-07,1.1348929357317652e-05,1.1323115420457166e-05,0.0006518640971458392,0
0.9682291937838513,0.03167474862852658,7.730682872389756e-06,6.644392341793003e-08,3.883841142158598e-06,4.025698874310307e-06,8.03509208097614e-05,0
0.9662159517421783,0.03366797273632129,8.282338067096828e-06,6.427167464987822e-08,3.2424213145409666e-06,5.000952328304474e-06,9.94855381159447e-05,0
0.9616901184001604,0.03818776774726426,1.0062325583783119e-05,8.172311659690304e-08,4.307588573600826e-06,4.6644483351899356e-06,0.00010299776696624983,0
0.9317680754939544,0.0680907141229474,1.5269317873998962e-05,1.2401270805459624e-07,6.256277746933281e-06,7.297072303813206e-06,0.00011226370246537784,0
0.9005560680431065,0.0992030741828398,1.3766112177990953e-05,1.3343992156029232e-07,7.607968526105072e-06,1.2619609319712755e-05,0.00020673064410835662,0
0.8579054022386818,0.14202295497836517,1.972634143274767e-05,1.8335746527217658e-07,7.508085287019361e-06,1.1935121623979302e-05,3.2289877143932115e-05,0
0.42474455500661273,0.5751718231462463,2.503061239743107e-05,2.634083783032324e-07,1.3692082640288977e-05,2.0342854750865315e-05,2.4292888974246403e-05,1
0.21886231592377403,0.7810572009012615,2.81217039572165e-05,3.0111436265725995e-07,1.5062140271432142e-05,1.553214721612695e-05,2.1466069157062368e-05,1
0.9289820235611892,0.06796669484231126,0.0011660455027213935,1.2134304191800017e-07,0.0010472146319253717,0.0008349025299666834,2.9975888440627157e-06,0
0.9582844402502472,0.03960613783561661,0.0007576751308742055,8.032006667306662e-08,0.0006893779046739356,0.0006603043777064322,1.984180815050443e-06,0
0.9663740221980818,0.032405009208650054,0.0004168914310730999,5.884279092874666e-08,0.00038393300922161787,0.00041782296066376326,2.2623495188348515e-06,0
0.9639212683394959,0.03409210632891185,0.0006411473310086851,5.628400075348221e-08,0.00027815246741965527,0.0010650847439895087,2.1845051736933134e-06,0
0.8901373017356137,0.10649717842670219,0.001362998477027762,5.922175260618943e-08,0.0008127634441344636,0.0011875889074217055,2.1097873476502876e-06,0
0.898278984810744,0.09691293861250973,0.0016169867853859823,5.674679669933176e-08,0.0009602744006736803,0.0022291731163973957,1.5855274924430521e-06,0
0.32863788048528425,0.6452123478724544,0.007890192690930695,8.508306448183801e-07,0.007655423292339127,0.010591246548548532,1.2058279798208901e-05,1
0.2544476750749247,0.7206017597319383,0.009817669650963767,1.0015340237889571e-06,0.008658317940199764,0.006463237137138037,1.03389308117384e-05,1
0.0658850095655903,0.8850557164456361,0.014747160127859408,6.359067742182621e-07,0.02058849565393683,0.013707694054595966,1.528824560718117e-05,1
0.05871100665047457,0.8656101722504801,0.017608873432155114,6.315885590714002e-07,0.027133272023171458,0.030912193653879733,2.385040128003956e-05,1
0.05319087701364091,0.8641763655061998,0.036076765905904695,6.243771567121334e-07,0.023626209669827473,0.022901644911263775,2.751261600680204e-05,1
0.05626559445903166,0.379287287443358,0.030540949364478726,4.77074702618533e-07,0.00745241016323212,0.5264469476090243,6.333886172468354e-06,1
0.03189194363097328,0.4989576369980013,0.04540055904072582,4.92289945147831e-07,0.008206235963413635,0.41553570700457426,7.4250723666284554e-06,1
0.015832064162050793,0.8391751277608495,0.04101182538525251,5.478580461905861e-07,0.030687558621328683,0.07327444225646276,1.8433956009478698e-05,1
0.0025965837215180198,0.31912007639139744,0.04452318121866331,5.513002560425429e-07,0.001607253178003219,0.6321496025012184,2.751688943457028e-06,1
0.0021435335454263998,0.3342744054173097,0.055605638880429624,5.441920534596119e-07,0.0005244430343265973,0.607441089213726,1.0345716728148211e-05,1
0.0023661274034518544,0.2979272922433041,0.059195287241003536,5.583609418617234e-07,0.000624608262759126,0.6398813301310712,4.796357468282048e-06,1
0.0026147605641300416,0.3246425241768723,0.052234952392963545,5.258933514921947e-07,0.000742932700877018,0.6197603339964115,3.970275394298568e-06,1
0.003645526258459215,0.11027525724204008,0.06231743461707824,6.304696826078796e-07,0.0020421234109135136,0.8217161397319469,2.888269879474672e-06,5
0.00312517353988615,0.09428201660044072,0.0649519985974724,5.38939775503703e-07,0.0017036272939770353,0.8359341760698871,2.4689585611784537e-06,5
0.002026442771364176,0.39113992943720466,0.5402622829756327,1.5104061761263313e-06,0.004590978408543619,0.061967500284229045,1.1355716849579812e-05,1
0.0030451928502167676,0.6649092571664696,0.32365487426302914,0.0,0.000630878436822083,0.00774466617366559,1.5131109796699496e-05,1
0.005908351805363281,0.842734706423395,0.1288449059218156,4.909175975465591e-07,0.0018788130377678659,0.020618379376414142,1.4352517646619587e-05,1
0.00530170390591525,0.8852336024713121,0.09869328180028783,3.6547339426351e-07,0.0018153515148106375,0.00894217480131438,1.352003296530176e-05,1
0.0061906009001822205,0.8621500348145686,0.11732379861151114,4.20358390037328e-07,0.001881692106190916,0.0124402337025431,1.3219506613870018e-05,1
0.00613969148949671,0.875483309603391,0.10759617510770328,4.169015046301488e-07,0.0017264298749189993,0.009040866229128645,1.3110793856882967e-05,1
0.0016265669576785823,0.9482197736640624,0.045994206614927306,0.0,0.0006665613243065807,0.0034340727920621375,5.8818646963297034e-05,1
0.0018081612490552686,0.9603716896456186,0.03337013832132189,0.0,0.0008065365052622845,0.0035867014187197467,5.6772860022369744e-05,1
0.006197534192649481,0.9316317201674694,0.04914133704271776,3.243268356922701e-117,0.009808191611249632,0.0032187088703472914,2.5081155664577003e-06,1
0.0032976652571071884,0.9343917136626061,0.035139575954690035,1.0951965902555043e-07,0.02450803448856373,0.0026609219408259724,1.979176547790374e-06,1
0.8155561353711389,0.18270634525206197,2.83400689073391e-05,2.4449186967269283e-08,1.6558591383109756e-05,1.170243462516475e-05,0.001680893832696315,0
0.8274336276505267,0.17104946292643214,2.653193877427051e-05,2.2889299733787673e-08,1.4986037603477868e-05,1.0955805365186274e-05,0.001464412751998497,0
0.843684019909088,0.15483039218494657,2.2213344824152026e-05,1.5517766999796229e-07,1.1017521196762233e-05,1.1896886897444186e-05,0.0014403049753770026,0
0.8640241478343637,0.13420256028440355,2.9733822356322915e-05,6.912579038119917e-08,1.637576002374217e-05,1.7543392540545334e-05,0.0017095697805222009,0
0.949898182507811,0.04990047565995782,1.4222505382720548e-05,9.539491421416886e-08,5.5991925994772536e-06,7.577117030539556e-06,0.0001738476223042686,0
0.13507138492893367,0.8648798483012212,1.829811025266063e-05,1.840881075419638e-07,8.278908240557923e-06,1.0147612072618774e-05,1.1858051171648017e-05,1
0.1804390596810932,0.8194867469624421,2.8584932612830972e-05,2.601028077063375e-07,1.185456928544835e-05,1.558011156453525e-05,1.791364019421058e-05,1
0.8917809039441827,0.10375813148662168,0.002014168012852308,1.8038545099367127e-07,0.0014240533625700061,0.0010156274653206727,6.9353430015667725e-06,0
0.9583482068821791,0.039359520462403624,0.0008607219445276081,8.033580533601313e-08,0.0006902643338299007,0.0007392214716403461,1.9845696139442535e-06,0
0.9743178171867276,0.023872669350109982,0.00038937037991096173,4.7779506404827125e-08,0.0010186727691122671,0.00040024221713681285,1.1803174958372889e-06,0
0.9434469556315509,0.05287367723926652,0.0018019084073430788,7.651938806045329e-08,0.0003324529276423976,0.0015425701836151865,2.359091193739303e-06,0
0.7224242760941969,0.26565392743703786,0.0050842544939463654,1.6917470470427744e-07,0.003509360313465535,0.003323513535891827,4.498950756829176e-06,0
0.7723506548132035,0.21741004572851574,0.0026011532627425505,1.6159413319222229e-07,0.003893112931643675,0.0037413143974471693,3.557272314108508e-06,0
0.39407605427830267,0.5887595759135411,0.005191142640567663,1.0857886021012382e-06,0.004308176544345415,0.0076440811358347354,1.9883698806366775e-05,1
0.15049115986760647,0.8159480436327663,0.009763458273005923,8.087551554876904e-07,0.013548573531968824,0.0102364939687599,1.1461970737074516e-05,1
0.33463109400074575,0.4431031040283044,0.13773523979616753,6.463226440618026e-07,0.042086580717865786,0.04242832068480774,1.5014449464576569e-05,0
0.059029413883180955,0.8480480943755746,0.037102699288324145,8.474130310835682e-07,0.02913365045328604,0.026662662183270864,2.2632403332237522e-05,1
0.027039947218769393,0.8157159591564729,0.04603206590661397,5.846383030208113e-07,0.05291268870611204,0.05828633751493096,1.2416858797669788e-05,1
0.006247134282931353,0.3956451107931968,0.06332465182703494,3.0983721160293565e-07,0.0073379998251883625,0.5274417684609969,3.0249734400284265e-06,1
0.008634332603035687,0.8757487982800106,0.07401890691844967,4.6017766044144654e-07,0.01580272646057673,0.02578906666001414,5.708900252721422e-06,1
0.0035317382416918466,0.6397356467542417,0.18122100676648414,4.125750255399076e-06,0.0007482640163236474,0.17473577354009223,2.3444930911037134e-05,1
0.0038211206334818164,0.7291848489746113,0.09156918878198644,1.4823526538821428e-06,0.0006266293657503909,0.17476916448304314,2.75654084730248e-05,1
0.0027591949707738445,0.07091084594254997,0.049560041265853956,4.121448092463461e-07,0.0012352249401795321,0.8755324486879489,1.8320478845369463e-06,5
0.0020517179448744324,0.3819320985328934,0.4838270379132157,1.4009990352291478e-06,0.0055940715807930065,0.12658798322633907,5.689802849062069e-06,5
0.0016944479347955632,0.3558647409357848,0.5963271455814667,1.203206913504586e-161,0.00520271068098075,0.040885419816727754,2.553505024438564e-05,1
0.004737947501987954,0.7910651323356461,0.1879417576900508,0.0,0.000777217539111251,0.015464526102992916,1.3418830210917917e-05,1
0.008704141298920361,0.7877768004599335,0.1680291100260686,6.508169756462194e-07,0.002098078695412202,0.03337472492357305,1.6493779116680266e-05,1
0.004996866682565307,0.8811440401774163,0.1019210868608448,0.0,0.0016345813977882183,0.010290953262321356,1.247161906390507e-05,1
0.0018998297592266887,0.9061222932003996,0.08591482927142773,4.484097127449166e-32,0.0018480036305136849,0.0041543246367900764,6.0719501642315793e-05,1
0.002148712368930054,0.9318923446495175,0.05867309607142266,0.0,0.0019601397912737415,0.005263336754297921,6.237036455801809e-05,1
0.0042457669738636935,0.9499163321932897,0.04065621773428654,2.4297761786282377e-151,0.0026295901521636643,0.002542499831870878,9.593114525295452e-06,1
0.0034851731515808935,0.9413168131164261,0.04885862740042612,2.4077796028325805e-151,0.0032957949390099825,0.0030340851237555247,9.506268801550143e-06,1
0.0033302948112525436,0.9007091908393124,0.06939059408521417,1.214488607196191e-07,0.024124645074901717,0.0024432055249956008,1.948215462904311e-06,1
0.003949272874593265,0.8577859678390931,0.10951589445158355,1.2801625424189905e-07,0.022968144847940884,0.005778538404576898,2.053565958044991e-06,1
0.9571154070386636,0.040525202098578794,5.056999934773971e-05,4.84983108000559e-08,1.5303526415397986e-05,2.3814175637370485e-05,0.00226965466304617,0
0.8195349722792474,0.17920666895567233,1.596536197217127e-05,1.2791251801270302e-07,1.0565972499866043e-05,8.991686405445779e-06,0.001222707831684602,0
0.9499409429128762,0.04990272196865853,1.6167005880925453e-05,9.539920849038507e-08,4.921179052199906e-06,7.5774581203525686e-06,0.00012757407620337736,0
0.9517314321609789,0.04814398904665327,1.2098903404539087e-05,1.0398804666056943e-07,7.460159302997613e-06,6.964305640725656e-06,9.795143597304746e-05,0
0.9098776223055606,0.08994705177218415,1.3548664296198227e-05,1.3133212032238988e-07,1.3017406367179963e-05,1.3136198045590331e-05,0.0001354923214261054,0
0.8807930442794005,0.1190655689258111,1.461731633774967e-05,1.4169095241354913e-07,9.060959661606278e-06,1.1752183202964572e-05,0.00010581464463343635,0
0.8728554312161971,0.12707112922290864,1.830499658114913e-05,1.9046321442839947e-07,1.0205666270562024e-05,1.312791867392821e-05,3.161051615421223e-05,0
0.12787107513139984,0.8720790564405567,1.7199903643691534e-05,1.85784326767111e-07,8.347821377691717e-06,1.023208018870624e-05,1.3902838506454812e-05,1
0.9052126729580237,0.09011210517793788,0.0020975678287063633,1.8274466260715788e-07,0.0013251163251836809,0.0012453289170440114,7.026048441848558e-06,0
0.9082764094333302,0.08748874587760756,0.0016666215849149171,1.7510270982705126e-07,0.0011577334399192761,0.0014059889247015256,4.325636816467988e-06,0
0.9440230467829548,0.048389813065474754,0.0012955442605213985,7.144558462840615e-08,0.00039838391964686163,0.005890937859881442,2.202665936053627e-06,0
0.9327029924473912,0.05991949537161895,0.0025906785647408937,8.861085019543042e-08,0.0005386938454102395,0.004245319289260664,2.731870727986506e-06,0
0.684990122862728,0.30156648685463405,0.004331895323871015,1.9400393165993357e-07,0.005294846786040892,0.0038112949215138763,5.159247280466661e-06,0
0.12049927527772945,0.8432699672705135,0.010854445814000219,8.344952782132008e-07,0.012276366290201611,0.01308728408320555,1.182676907121385e-05,1
0.11934791953064222,0.8498640371768242,0.010774258632408457,6.499580027435382e-07,0.009810713970046214,0.010193209292053515,9.211440022637632e-06,1
0.062390731589076695,0.882479575272598,0.020427507539243352,6.516850042815531e-07,0.021190070751022846,0.013490294461755759,2.1168701299181163e-05,1
0.07424769434731841,0.8449960901114656,0.024867479381523613,5.971313735821195e-07,0.02671472204893909,0.02915402034511498,1.9396634264532604e-05,1
0.11436943712126005,0.6977816296163107,0.13244359533252795,6.432369669632446e-07,0.024483477100829928,0.030893246868789047,2.7970723315274438e-05,1
0.037677547308373346,0.8336473840728091,0.03988923681500442,6.943583424895256e-07,0.04220463305406014,0.046558452340241384,2.2052051169210994e-05,1
0.037889281796411864,0.8442871582713616,0.023828839114521088,7.032203819058509e-07,0.047436942641928305,0.0465387441851448,1.8330770250570325e-05,1
0.016650178652331794,0.8384784998774893,0.05570987339883314,5.990199176723864e-07,0.014350086887617476,0.07480465579975318,6.106364057365549e-06,1
0.005788772634236655,0.665547308868983,0.24666255007525592,4.6408365230472457e-07,0.037166128680020095,0.04482931358054712,5.462077305032479e-06,1
0.006672108845690515,0.6198701358791165,0.051072694767407,4.1919013713559463e-07,0.001305393167427338,0.32106907334167084,1.0174808550669375e-05,1
0.005190432693809603,0.6670060479693117,0.0639996854323283,8.007256622055941e-07,0.0014348946554625316,0.2623585061353762,9.632388049347045e-06,5
0.014092684589904352,0.33796575606648727,0.02708867872042716,3.6848573679601973e-07,0.0017312699257149905,0.6191180341540433,3.2080576860934306e-06,1
0.008342755133143514,0.3184916585386707,0.05057809489604153,4.0794079162301115e-07,0.0016369636532667076,0.6209464254318258,3.6944062602852045e-06,1
0.011625922768244455,0.6084181478617025,0.23378303714240992,3.204795139673866e-06,0.0007663162582317031,0.14538220962168752,2.1161552584293847e-05,1
0.012083678097995666,0.643331189863706,0.18365212570075035,3.3763272273194766e-06,0.0009291638901634094,0.15997724701592264,2.3219104234610932e-05,1
0.00451078291886357,0.6464527867624958,0.12918798683309832,4.410332155049483e-06,0.0008858255882159817,0.21892842795214137,2.9779613029924733e-05,1
0.0015486564295477182,0.3568855331935534,0.5713684006038646,1.2193819945034195e-06,0.006552184772456243,0.06361849244126747,2.5513177316129134e-05,1
0.0015816571831388,0.2760740839361714,0.6235206051463521,1.3143261231023689e-06,0.005806991889688588,0.09299114029855202,2.4207219974040076e-05,1
0.005601569229426026,0.8221525410563812,0.1543027788491413,0.0,0.0015484464097707828,0.01638274985132309,1.191460395749168e-05,1
0.004870464640390354,0.8852583479104582,0.09773639457807687,0.0,0.0016181906047742299,0.01050444613256317,1.2156133736988902e-05,1
0.002473535296534082,0.8693660584626622,0.1150286563651564,0.0,0.0009438379292893816,0.01217336330100932,1.4548645348638397e-05,1
0.002358390783260638,0.8556571151854636,0.13437784744534073,0.0,0.0005854649556196892,0.007005924116106201,1.5257514209101548e-05,1
0.0019310866236284595,0.8923634947348023,0.10101027133787585,0.0,0.0007108842535428236,0.003969079499010109,1.5183551140477754e-05,1
0.0030651112936464064,0.9219796311202165,0.06974982424496745,6.071900656249584e-68,0.0017940207762143561,0.0034012686178651894,1.014394708983908e-05,1
0.006199832749868034,0.9252475995048128,0.05897436851445267,4.516535498621985e-75,0.005828938442678983,0.0037380453081547007,1.1215480032808191e-05,1
0.00646775795097268,0.9081809167956143,0.07322599748568939,4.51278224903607e-75,0.00842271618062558,0.003696787117728274,5.82446936957768e-06,1
0.006086301109034562,0.8587641990052567,0.10127430877339416,1.3381092223857698e-07,0.02783280628223204,0.0060401044983426485,2.1465208176182516e-06,1
0.9602430502050314,0.03818811014217159,3.182639536454035e-05,2.522473421826968e-07,1.3091339975476567e-05,1.6499206768843298e-05,0.0015071704633459113,0
0.9393037780632699,0.06052952594768354,2.2620719259652807e-05,1.366629001933608e-07,6.555871174797409e-06,9.978433774036398e-06,0.00012740430193787736,0
0.9165001429465979,0.08331592148401805,2.1387003342047603e-05,1.7174502545128734e-07,1.3282415496542958e-05,1.1502137869953009e-05,0.0001375922676500261,0
0.9232619532374449,0.07661224132646195,1.386360602466877e-05,1.3811034646366146e-07,9.09664603877476e-06,1.1083504583065584e-05,9.162356910029471e-05,0
0.8703379187682283,0.12958028982095848,1.4868471025530217e-05,1.6943052940358424e-07,7.933141075273967e-06,1.2291636227699117e-05,4.652873195541569e-05,0
0.8298046898574568,0.17013188719903585,1.792666854355495e-05,1.971989821959108e-07,9.836656537816519e-06,1.310838225415288e-05,2.2354037189490165e-05,0
0.9132113081812354,0.08285877291687185,0.0017864222665259903,1.680351210399208e-07,0.001163889158662884,0.000972978936069217,6.460505513621089e-06,0
0.9168745385094468,0.07944341157362078,0.0015220951201014164,1.6110887006485482e-07,0.0011238930145159205,0.0010297064639434098,6.194209501595685e-06,0
0.9283788968640375,0.06897621059774102,0.0010026867846358682,1.0077195994174839e-07,0.000727619864493738,0.0009105739369578614,3.91118017392083e-06,0
0.9522493669290502,0.04487098371146278,0.0008421836326636777,5.812586763936858e-08,0.00036288829266822317,0.0016717302862732486,2.789022014478395e-06,0
0.9453622857134225,0.051949547469939905,0.001580812388675989,6.729543839689486e-08,0.00022247366283809574,0.000881584469125011,3.2290005600844333e-06,0
0.211959475775937,0.7608362735902199,0.007406060308415016,4.3612091360161494e-07,0.0030785820720320525,0.016708296218147952,1.0875914334483921e-05,1
0.06501990023923894,0.8422386616148102,0.054722850994494227,6.992988924091342e-07,0.021016378814817122,0.016980391499451845,2.1117538294979972e-05,1
0.15343792272313217,0.6996340981063288,0.08667038513994449,7.235708016837602e-07,0.02473871415079207,0.03547314405562064,4.501225338004116e-05,0
0.035164241392988155,0.8628449880578872,0.060142118537292476,1.546296265297332e-06,0.011935107431692838,0.029829439761788243,8.255852208573951e-05,1
0.017825526753951448,0.8414394221858343,0.04462784278108035,5.680691626623784e-07,0.014169733808004025,0.08193104328417863,5.863117788475597e-06,1
0.006287932107428499,0.6976194949308246,0.2160795560360727,4.924156680222362e-07,0.029762757030280654,0.05024397194602884,5.795533696542758e-06,1
0.00845252384938725,0.8772313316424212,0.07250397451809915,4.5048793330813055e-07,0.01546997648045267,0.026336154330865134,5.588690841366853e-06,1
0.005586909126004144,0.5819254004978524,0.04794633042754589,3.6584862334736397e-07,0.002413402586354807,0.3621180395458795,9.551967739887898e-06,1
0.002258624199825018,0.2782833541496017,0.039421348962492365,4.965604685549604e-07,0.0012167438600116881,0.6788169537997674,2.4784678332801004e-06,1
0.011200364897841424,0.29452727720020816,0.02383028508593888,3.2416199581302134e-07,0.0013167923254240855,0.6691215367732278,3.4195553637919134e-06,1
0.0107875180232619,0.4572446535984954,0.2888787149584389,2.5569972199291107e-07,0.0019450784969087475,0.24113335061162786,1.0428611545362426e-05,1
0.00846817068504875,0.4610258377195075,0.29271714930967974,2.5172203241149093e-07,0.0017946944130628343,0.23597786108902255,1.603506164618398e-05,1
0.008039185907509698,0.5139978123198252,0.32731387304743675,2.8064495172811827e-07,0.0012030705716541594,0.1494279000147117,1.7877493910800302e-05,1
0.004392989946882132,0.23839964159082225,0.3170796733723599,7.267006053303163e-07,0.004264038884801106,0.4358430139866255,1.9915517903688605e-05,1
0.0014389761338559615,0.6371034876852613,0.32740987796620247,0.0,0.0004539086707368192,0.033568142258314004,2.560728562961417e-05,1
0.001549020708625311,0.773690991354689,0.18761056881963023,9.55392688399946e-07,0.00046900978086877486,0.036663255080687636,1.6198862810531134e-05,1
0.005956378596029557,0.8135934804238812,0.15967573327359783,0.0,0.0005469181076366693,0.020214820311181055,1.2669287673847842e-05,1
0.002783572654000285,0.8497566529928521,0.13420138567607273,0.0,0.0009598935053545802,0.012283208441635638,1.5286730084556974e-05,1
1.821040817260448e-13,0.9999999999881057,1.1060069831988625e-11,0.0,6.879776180614649e-14,5.821158970611797e-13,1.1398912261750038e-15,1
0.002420345131635949,0.8373215976998262,0.15082493771048683,0.0,0.0014920964007584271,0.00792530286514988,1.5720192142806625e-05,1
0.002295627164999558,0.8388442382704036,0.15073502819357806,6.195674808662993e-32,0.0013055984629057966,0.006804597761766338,1.491014634662753e-05,1
0.0022732150563251063,0.7957546958534542,0.19104335798391783,0.0,0.002388299313845309,0.008524082041367922,1.6349751089820563e-05,1
0.0019401300874815441,0.8081578741608451,0.18348713668037991,0.0,0.0015387854568068352,0.004862119526014588,1.395408847215484e-05,1
0.0050939112274917524,0.959054165564519,0.02861874049182701,2.6515573056157636e-151,0.003264317086851705,0.003961864711554665,7.000917756038707e-06,1
0.007604833070565953,0.9419604099198906,0.04338357403682584,0.0,0.004013589567944454,0.003032790138999394,4.803265773531242e-06,1
0.006213292337688635,0.8610669534444573,0.10154587326615601,1.1483516455920921e-07,0.0264880006446029,0.004683613195271912,2.152276658799489e-06,1
0.9496611499119125,0.048319761925627626,4.808023303331433e-05,3.270850568807536e-07,1.7992747927093583e-05,2.324009855803489e-05,0.001929447997884514,0
0.8833484435654175,0.11447628203891543,5.024965644578018e-05,2.523885366673538e-07,1.608349002338565e-05,1.9478602380337094e-05,0.002089210258280819,0
0.8611832466664174,0.1367368666548074,4.224131537589346e-05,2.471892942386489e-07,1.8566199504826242e-05,1.98334223434061e-05,0.0019989985522568627,0
0.892703982013476,0.10700266103099364,2.580357267943573e-05,1.9721694375743985e-07,1.8920187745229524e-05,1.320804763589637e-05,0.00023522793052601078,0
0.8902673847852417,0.10958299066833266,1.6238237686857974e-05,1.3381643337538702e-07,1.1887905706253963e-05,1.3384685835106754e-05,0.00010797990076391804,0
0.9141155056544575,0.08213493746492415,0.0015175148746388195,1.606240658227589e-07,0.0011472873031262698,0.0010784185087253312,6.175570062056474e-06,0
0.8728233204349903,0.12242201074399404,0.001537986600750809,2.0543667983492788e-07,0.0015011645667266174,0.001710189069443777,5.123147414770532e-06,0
0.9098824120283017,0.08707003320081787,0.001270012066997148,1.1279051196493552e-07,0.0008893388116113719,0.0008846137725460164,3.477329213657732e-06,0
0.9424330499526963,0.0534655860528144,0.0031027006768264125,5.792385086415879e-08,0.00021379784900644807,0.0007816400838804898,3.1674609251685144e-06,0
0.10769874807749492,0.8584077360796631,0.008146786100541346,3.748746512438788e-07,0.004409938327282085,0.02132706797563222,9.34856473501358e-06,1
0.041269383872229316,0.9036033438311197,0.024986509350010348,3.2981926971264854e-07,0.013660289081895618,0.016459057954730676,2.1086090744425857e-05,1
0.15829402820618896,0.7396749682890472,0.0433034910183353,8.391646887218616e-07,0.014894105712436224,0.03702261962224578,0.006809947987057803,1
0.01722573646910424,0.8654499655913724,0.050422404687622144,3.18684548108244e-07,0.014642461918773393,0.05224020091328884,1.8911735291053402e-05,1
0.01895824631428324,0.8820862807753759,0.027533282398564857,3.109270848056943e-07,0.017832966406698746,0.053573768750524095,1.5144427468269736e-05,1
0.015462536233879698,0.8368892485496225,0.034119158213564524,2.667342580780227e-07,0.014982270313682646,0.09853128152785062,1.5238427141996863e-05,1
0.008172233222008338,0.8567946592088128,0.0746590068022194,4.439418210315682e-07,0.01820274045532372,0.042165513003225796,5.403366589100229e-06,1
0.0025874469706287503,0.4468176970869556,0.31603344562253743,5.026611914883973e-07,0.008292086819810248,0.22625977907787742,9.041760998964704e-06,1
0.0067691230070543815,0.5094499712626956,0.2952647623556629,2.902531283269006e-07,0.0021554609345887663,0.18635406097145912,6.331215410701818e-06,1
0.009229534047835662,0.5895210783074242,0.24642403806838495,3.4561222996759276e-07,0.0015914175948017453,0.1532121907870899,2.1395582233460037e-05,1
0.010074304522265277,0.7590109145805122,0.0700146412734193,7.335669277989088e-07,0.0007404786446351081,0.1601442270095666,1.470040267384296e-05,1
0.003339554497318133,0.6859310487814144,0.06204835304389801,1.4028050737120864e-06,0.0006440830903612981,0.248016359544817,1.9198237117515098e-05,1
0.002205653338281044,0.17006362529262808,0.04393923978772561,5.962881962862603e-07,0.00023152320549519267,0.7835558123624172,3.549725256473358e-06,1
0.0028451770056407482,0.10529254924164401,0.12057399503319835,8.03811686820849e-07,0.0005548185608050764,0.7707294290250271,3.2273219978584857e-06,5
0.002879283313770634,0.11439041881968734,0.12000062437954041,6.67649065474408e-07,0.002261870910011676,0.7604647121401573,2.4227877671481356e-06,1
0.0016352434744479384,0.43521932006183994,0.5170840640105794,9.308471751047912e-07,0.00041248333871093647,0.04562177918044431,2.61790868024533e-05,1
0.0018194106169149402,0.47246717365473095,0.4731193904292249,1.116999424846081e-06,0.00031771454413889044,0.05224598903734226,2.9204718222937687e-05,1
0.0014715162388542961,0.6589774980984343,0.32366888369572777,8.967729572196876e-07,0.00042602953935443326,0.015436660608966712,1.851504570531352e-05,1
1.696206499896922e-13,0.9999999999904452,8.709543179462252e-12,0.0,9.856318889396268e-14,5.759218947167085e-13,1.0384263823927686e-15,1
0.0019784175747937596,0.9058793167056923,0.08545430132236947,0.0,0.0011871022419199819,0.005488750180620128,1.211197460439044e-05,1
0.002550819357338871,0.7906903212137942,0.1986522222990767,0.0,0.001488430684495754,0.00660814718143257,1.0059263862010532e-05,1
0.002433500341918451,0.7543243552270721,0.23463883637062596,0.0,0.002340628057443277,0.006254948569959067,7.731432981209594e-06,1
0.004842814692443935,0.8481324709625488,0.1413046530401454,7.208234621135062e-282,0.0013340565488901984,0.004375147127423869,1.0857628547873774e-05,1
0.005037718626768753,0.9291573395016117,0.060088248186391115,0.0,0.0022503298231991353,0.003460888212943952,5.475649085416806e-06,1
0.005798795429525724,0.9276129342928021,0.06121658840357213,8.73378718e-315,0.0018793938724018158,0.0034864105361575087,5.877465540882346e-06,1
0.004894705662783699,0.9354795030986932,0.030011472204407856,1.0902114467863762e-07,0.027132062385473433,0.002480105389609582,2.042237887120439e-06,1
0.9471082351537543,0.05275950196068944,2.0044254343083026e-05,1.1516690140116067e-07,5.597590404343239e-06,7.71297785476268e-06,9.879289605284917e-05,0
0.9450082497313025,0.054835755513349,2.0833059254874006e-05,1.1969908383838522e-07,8.797993064994068e-06,8.016507969290054e-06,0.00011822749597550581,0
0.9181880161867217,0.0815093104629534,2.2755153985477355e-05,1.7206131981830362e-07,1.4307389150714574e-05,1.3138970902043353e-05,0.00025229977496689187,0
0.9111784088625144,0.08857490983423465,2.6337575244132346e-05,2.0129833028001362e-07,2.1895532268206106e-05,1.348138696761708e-05,0.00018476551044070014,0
0.888541856180945,0.11130811558919393,1.649387032047766e-05,1.3592305651670416e-07,1.1936137331431689e-05,1.1782510325572809e-05,0.00010967978882705511,0
0.9009009385523048,0.09902232409534276,1.446551131309514e-05,1.5482158909094227e-07,1.0446480986921896e-05,1.12318049173251e-05,4.0438733545969194e-05,0
0.9179559533379897,0.07878124211016305,0.0012827803054658619,1.5204936759546233e-07,0.0010860409241734933,0.0008879853772227429,5.8458956176174115e-06,0
0.913349301118829,0.08320609261123058,0.0012452188741929804,1.512863260202009e-07,0.001063521344822897,0.001129843011391911,5.871753206522646e-06,0
0.8862789875914991,0.10738408141139477,0.003251391132267663,1.3910532790702739e-07,0.0008899121904609446,0.002191199954590006,4.288614459493921e-06,0
0.9148138056539118,0.08099907043526607,0.002120112285644383,9.116937813517074e-08,0.0005074207364419146,0.0015542604813262937,5.239238031325665e-06,0
0.9069478270858394,0.08030260417279841,0.009378967690542665,9.038546301490959e-08,0.0007057104548422436,0.0026584718123798747,6.328398134226173e-06,0
0.4141796632935286,0.537023980186261,0.021550401560883645,3.8654666064387864e-07,0.005006894508837435,0.022221352216883542,1.7321686945183983e-05,1
0.19410227679065634,0.7752735614963145,0.007115469014597029,3.5024177681129115e-07,0.004668225657925669,0.01883138252471953,8.73427401015821e-06,1
0.03478810071280749,0.865405878560498,0.06696898324335467,3.444679909916911e-07,0.015542499427269282,0.017273042625320895,2.1150962758593113e-05,1
0.019472502247891387,0.8382822954840777,0.04497628547823794,5.754781751627925e-07,0.015721902017418694,0.08154049970700182,5.939587197205029e-06,1
0.015006769046708194,0.8417740968385851,0.06799577108904817,6.678404396354271e-07,0.02484902010680013,0.05036778513617355,5.889942245156981e-06,1
0.005604604563282837,0.6682707604817428,0.22833249091347002,4.6598270494077637e-07,0.040955248511733225,0.056830945118677964,5.484428388189422e-06,1
0.006992183792384012,0.7606353746597208,0.09545346975307224,2.132121160547926e-07,0.045295441433315375,0.09161707469425433,6.242455137252469e-06,1
0.008510972981273231,0.8606669626204935,0.06963982242551116,4.5695166542240986e-07,0.017775037662136964,0.043401185645098726,5.561713821058509e-06,1
0.0085407067335201,0.4759965203599352,0.03506757998945113,3.083252567300091e-07,0.00433462444494495,0.47605676845006983,3.4916968218509646e-06,1
0.006972899143108447,0.6407219885365036,0.08601314244719464,4.028132424773414e-07,0.003625048437076749,0.26265804562203693,8.473000836997768e-06,1
0.025166196240208518,0.270900433140796,0.03493135872162808,4.4902160292229497e-07,0.001398109613699465,0.6676007979302306,2.655331834413417e-06,1
0.007832419662477257,0.6763876556713982,0.13992018207606444,3.6526170981886993e-07,0.0012498569232263874,0.17458690839585014,2.261200927379405e-05,1
0.008919543119525421,0.5780407895086384,0.0959403192337394,3.293319401698812e-07,0.0016896803914062688,0.31540215478345973,7.183631290586978e-06,1
0.009833988449716873,0.6554953399514135,0.09340233025719209,3.868095381760816e-07,0.0007048702077139554,0.24054117075669293,2.191356773239366e-05,1
0.009003574337880281,0.7544164573637546,0.10067003796370413,7.593754482061832e-07,0.0007359963672562923,0.13515856317399935,1.4611417957211568e-05,1
0.001939477549412866,0.09818262143985573,0.12228293303684526,7.917089408288948e-07,0.0005922278992727518,0.776999075385186,2.8729804865660806e-06,5
0.0031475269457697393,0.2520110015987386,0.30977912862316304,6.120544640730585e-07,0.0007585050135310512,0.4342934765555176,9.749208815977194e-06,1
0.0015246993093005995,0.28275772347224265,0.5085079411026637,1.9528159684837952e-06,0.00033272952438631186,0.2068601774849148,1.4776290523390656e-05,1
0.0013722331708987527,0.631492930409485,0.35451627308679384,0.0,0.00025105099132012994,0.012347827052154049,1.9685289348174383e-05,1
0.0026391397898589738,0.8329789105946421,0.15530779589088842,0.0,0.00221697000581168,0.006841221470321989,1.5962248476908734e-05,1
0.0023812980112165503,0.7876396358370655,0.20231622811190306,0.0,0.0018745666267617255,0.00578479986224566,3.4715508073289168e-06,1
0.002366872377003377,0.7854957839125486,0.2048364040133354,0.0,0.0013179908573375133,0.00597680810970438,6.140730070733557e-06,1
0.004466382387054004,0.8842944683112329,0.10552694217427992,0.0,0.0017110893127975195,0.003995703992144974,5.413822490843227e-06,1
0.005794724503629677,0.9535862372529594,0.023777238393928295,1.1598452681712319e-07,0.013318928959770823,0.0035207448112195903,2.0100939654279385e-06,1
0.9379676945946068,0.05938391218969078,3.6748909881313524e-05,2.3443945821427212e-07,1.4065857942728679e-05,1.3641519279888519e-05,0.002583702489140131,0
0.9340965599444755,0.06452349622953318,2.7480770263414352e-05,2.0929418003016436e-07,1.1357492060368976e-05,1.420147685211926e-05,0.0013266947926355134,0
0.9297750556577838,0.06915015863939059,2.7353633228992568e-05,2.0832590144423987e-07,1.1304947759565782e-05,1.4135775140191926e-05,0.0010217830207955446,0
0.894463300224071,0.10496028267900286,2.898599291593323e-05,2.3572419629870534e-07,1.1285703791067642e-05,1.5994862908935193e-05,0.0005199148131141016,0
0.9032012342341152,0.09648532361429248,2.736543232453244e-05,1.9953600589059634e-07,1.795168901809085e-05,1.8723053205767805e-05,0.00024920244103792544,0
0.9108554373983184,0.08901026406646466,1.5662598912647893e-05,1.2907269645252385e-07,1.1334570234639962e-05,1.2910204287546728e-05,9.426208908557607e-05,0
0.895035885792354,0.10479873671845875,1.831204637548232e-05,1.509063225349227e-07,1.3251898803031997e-05,1.1892468500263282e-05,0.00012177016918585644,0
0.8490425045149405,0.1508995249927416,1.7141996425844725e-05,2.3680008441233756e-07,1.2112874466279358e-05,1.4709065918153497e-05,1.3769755423182323e-05,0
0.2150051716074628,0.7366479215120144,0.019478295032544814,4.091188607120035e-07,0.005330912519120301,0.023518957031754443,1.8333178242490346e-05,1
0.09508956599837488,0.8708290937758383,0.008051578205815783,3.717241190754528e-07,0.006225773606200121,0.01979434669238946,9.26999726231692e-06,1
0.03493175131354332,0.827579452126885,0.10545716090245826,3.4738742179394765e-07,0.015181182204296135,0.01680965959023571,4.044647515967891e-05,1
0.023634589573190493,0.8312168716579373,0.08487705103668858,3.1661289945463155e-07,0.005720920089289599,0.054503420059900276,4.6830970094170505e-05,1
0.008536110139624785,0.8632089424593373,0.0648786413352676,4.583012721475167e-07,0.02223401754235277,0.04113625208180275,5.578140342601179e-06,1
0.014466871383623726,0.6008363591324205,0.041151346610769614,4.658398756010658e-07,0.0027290001484695714,0.34080843878853767,7.518096303069053e-06,1
0.007590470618603171,0.3798346092037655,0.10948101144644065,5.592549399144393e-07,0.017875269619436855,0.48520601452468753,1.206533212643983e-05,1
0.0023191190938905964,0.25462981563842085,0.10330922439188403,3.712759119657956e-07,0.2952066273877171,0.34452378889857466,1.1053313600733281e-05,1
0.0023352071527840725,0.36051387373685445,0.3986154803844054,4.5365876986666535e-07,0.012573485364268036,0.22595625648721,5.243215708253606e-06,1
0.009721173729551603,0.6740925939822191,0.11719657802652499,3.640223345143381e-07,0.001242390464938944,0.197721411960702,2.548781372872582e-05,1
0.007566435736611793,0.7042391718886037,0.08556977156735196,3.6445947877517537e-07,0.0011984287549718954,0.20140986048081147,1.596711217057888e-05,1
0.0026420577389508755,0.1729958806707711,0.030739565384329468,1.2103387494840451e-17,0.00042238917494404104,0.793197901604431,2.205426573627312e-06,1
0.003292427244299871,0.17439100652512074,0.22860908703702282,1.138096090278659e-06,0.0007799127534882269,0.5929144139319515,1.2014412026623292e-05,1
0.00127489023709316,0.3729253962982659,0.5762481535506642,1.0841480722085455e-49,0.00019952320311828741,0.049318933365038405,3.310334582008416e-05,1
0.002651403503318207,0.8621467994023192,0.12814187974222804,0.0,0.0006569102676688488,0.006388388665703685,1.4618418761961059e-05,1
0.002633659222913597,0.883250563908722,0.10603094323521361,0.0,0.0013388963672333666,0.006730385612766522,1.5551653150928925e-05,1
1.7329186707477978e-13,0.9999999999916132,7.666061118982923e-12,0.0,9.897101877776346e-14,4.4749968863208955e-13,1.0775491420107669e-15,1
1.909302218527774e-13,0.9999999999907008,8.573994595007627e-12,0.0,8.799927495004422e-14,4.452347378018576e-13,1.0975642810009653e-15,1
2.0496498666770925e-13,0.999999999988989,1.0270334766394185e-11,0.0,7.731622553611319e-14,4.574392016177273e-13,1.1478250256829197e-15,1
0.002504388435405094,0.7731621046329148,0.21715749025977438,0.0,0.001519653955675336,0.00564986520773635,6.497508494125054e-06,1
0.007710949675691026,0.9334606953516426,0.05239619617893847,0.0,0.002104209822538445,0.004322991878156984,4.957093032735072e-06,1
0.9512105142778552,0.046825743449789875,5.2743149059817874e-05,2.895961241336364e-07,1.8665509865189214e-05,2.1144844297878396e-05,0.0018708991730079934,0
0.9599440146307343,0.039953639904415084,1.2704236520182118e-05,8.521139703499023e-08,4.8939687264814666e-06,6.743450249586725e-06,7.791859795737908e-05,0
0.9351404535987998,0.06458601534987439,1.5627790233208305e-05,1.3600173634365818e-07,1.4344865782598387e-05,1.5510538757415883e-05,0.00022791185481609916,0
0.8873374478614904,0.11259261886930579,1.2602270122342897e-05,1.803632317279812e-07,8.550595523062292e-06,1.1090636078652158e-05,3.7509404247866975e-05,0
0.8847139452718394,0.1152078923889778,1.398505057592333e-05,2.0015353529684994e-07,7.717578015643008e-06,1.23075529228757e-05,4.395200413313698e-05,0
0.8050823269872822,0.1891457173595702,0.0021542233559459197,2.719185804804404e-07,0.0022697060392690665,0.001337200584503189,1.0553754849172005e-05,0
0.7892477870780283,0.20201094969330494,0.005075793172142658,2.616849632511297e-07,0.0020138321016282034,0.001638819982121322,1.2556287811367607e-05,0
0.9263780098402529,0.07088910229703839,0.0015551317491397003,6.082712021489766e-08,0.00028095685752010534,0.0008924795777681503,4.258851160775848e-06,0
0.19594865678573148,0.7550071681532283,0.016240798108551162,4.4833429688767693e-07,0.007005121997367199,0.025773329164078176,2.4477456746631574e-05,1
0.07144897161611755,0.9083380238967177,0.007598106328179122,3.7999117892817086e-07,0.005350417775712673,0.007249352103322462,1.4748288771477462e-05,1
0.06308101470218817,0.8880902218156371,0.01508766647122113,3.7172881057837276e-07,0.007070453473511703,0.026659634719454317,1.0637089177003066e-05,1
0.03514852049748331,0.8327150011828952,0.10277600558734429,3.49543136440413e-07,0.012463070552971904,0.01685635517017449,4.06974659942041e-05,1
0.04287531558148301,0.805258159234942,0.04012520829482351,5.744311091747077e-07,0.025675104317524466,0.0860003875894494,6.525055066841167e-05,1
0.017603220115921865,0.828086325898393,0.038249263127581756,2.8668563411535697e-07,0.01499272007913025,0.1010621677286461,6.016364692813471e-06,1
0.017994756189847052,0.6311119915123945,0.0751280479991263,1.9898704142632685e-07,0.014668768217809339,0.26109082322731264,5.4138664688140206e-06,1
0.01565588354309433,0.6316290152674956,0.0680467327023124,2.525282349702064e-07,0.03927533291111505,0.24538754882510763,5.234222640074575e-06,1
0.007088500936886852,0.6513443436958051,0.11844644392045091,4.094913733999862e-07,0.006803999586648769,0.21630919363568402,7.108733150862461e-06,1
0.0453574777106386,0.38909742775252193,0.049548349993384,3.592934894372818e-07,0.004876137823464701,0.5111160898472393,4.157579262006488e-06,1
0.0024438631585165585,0.3614030099274162,0.16375717730449668,4.7416743669358153e-07,0.019001303095890442,0.45338814155598767,6.030790255541229e-06,1
0.007154098462831099,0.6630200510222909,0.09919026248769489,3.580429587234364e-07,0.001958980494922588,0.22866998558857787,6.263900724055889e-06,1
0.010342763310525723,0.8259027152396032,0.07469654994673193,8.948827841805043e-07,0.0009293223060133365,0.08810672012546213,2.103418887964181e-05,1
0.003024420654390137,0.7707241585097763,0.045352881962853614,1.3673820500443955e-06,0.0008075907445174532,0.18007015191383247,1.942883258004082e-05,1
0.0032323230161520355,0.31117401347497065,0.07244594073290045,1.6593896299060783e-06,0.0007008028401424107,0.6124396540051229,5.606541081681295e-06,5
0.0028062044976557717,0.27019831537495453,0.07256213169961893,1.5327217488224297e-06,0.0008859733248842445,0.6535409749527523,4.8674283854327145e-06,5
0.0028898840447810627,0.878774516249822,0.11030286296692303,0.0,0.000531065272738212,0.0074867711101525725,1.4900355583046075e-05,1
0.002422268175652321,0.7789191689149173,0.21059592783606496,0.0,0.0016513903497705363,0.006404960271940245,6.284451654483053e-06,1
0.0057276185006883825,0.8639604969162659,0.12180600659004649,7.878701502143252e-282,0.0009897570728302245,0.007509280031739367,6.840888429778693e-06,1
0.006050578743835717,0.9173348542412493,0.06912256301992381,7.584672683051144e-32,0.0015216477497658218,0.00596427222410096,6.084021124685581e-06,1
0.9522116098005933,0.047629830021355346,1.6304815118410552e-05,1.292275359898847e-07,7.300208106763306e-06,7.967579816632099e-06,0.00012685834747358282,0
0.9329805704818751,0.06677748236523157,2.200257424016544e-05,1.479429349387505e-07,1.4575129954456755e-05,1.1297239375914375e-05,0.00019392426638784898,0
0.9351376497977423,0.06458582170373552,1.5627743376915632e-05,1.3600132857409723e-07,1.7343090088493946e-05,1.551049225267448e-05,0.00022791117147543402,0
0.9226917642763375,0.07714361572389465,1.4001098289265824e-05,1.3419126674356538e-07,1.5072803408125242e-05,1.3422177694268089e-05,0.00012198972910921015,0
0.8944810994786195,0.10544223092015406,1.697546708615946e-05,1.3989180994619844e-07,1.2427626441458335e-05,1.1024448248978959e-05,3.610216763985745e-05,0
0.8950125999447668,0.10491274409874218,1.511105479865275e-05,1.4966165152469335e-07,1.2019145014874506e-05,1.0662087634966643e-05,3.6714007390802943e-05,0
0.8764629795055475,0.1234552979030846,1.461850770142362e-05,2.092195506422748e-07,9.918605560123178e-06,1.1033435008094468e-05,4.594282354755412e-05,0
0.8667675138240954,0.13316413547903969,1.566923923044047e-05,2.2425758207725958e-07,8.220991559493844e-06,1.378972425182765e-05,3.044648424109277e-05,0
0.6003306321979532,0.39956130085015357,2.9561364336541043e-05,3.3294167022706665e-07,1.3756408785658674e-05,1.6605576674909266e-05,4.781066042594694e-05,0
0.7934305056206281,0.20022684107608293,0.002909518520834923,3.0127050886430097e-07,0.0022328559425935854,0.0011882846019633023,1.1692967388331316e-05,0
0.7793172472116892,0.21510289549433298,0.00256473327421577,2.749464943215553e-07,0.0019269226082766708,0.0010772551901829187,1.067127480800336e-05,0
0.8084583739773309,0.18564622751596993,0.0025805317903555003,2.3190552984106192e-07,0.0022663606205057018,0.001037146792915571,1.112739739248087e-05,0
0.7467465199261017,0.2451017757459722,0.003481816595622006,3.061762036853952e-07,0.0029038435244138727,0.001751046944790818,1.4691086895873208e-05,0
0.9000762392055375,0.09589026406232432,0.0015373647244963967,6.931460316588212e-08,0.0007142720239219903,0.0017750851521535931,6.705516963025825e-06,0
0.7542205022662519,0.22728280847644214,0.008551453385493422,0.0,0.0016887823820864768,0.008246886955134104,9.566534591866227e-06,0
0.06872695468436538,0.9087714383110718,0.010749559104633528,3.7160029381525515e-07,0.004924527583584081,0.006809576754861358,1.757196118988854e-05,1
0.06235379680954144,0.9085520003028172,0.010310290975731941,3.71510564731677e-07,0.005595305224850772,0.013173816038908277,1.4419137585699478e-05,1
0.1343906263702985,0.7852722803954286,0.02741869884010408,1.672196797037383e-06,0.024331337663198154,0.01590388630822982,0.012681498225943555,0
0.027993294523287065,0.861792443140676,0.05413718381091803,2.923599346172834e-07,0.01315114750845673,0.04285811360836934,6.752504835836137e-05,1
0.030069060384769683,0.7903671645876303,0.06268849840382218,2.772878809050308e-07,0.016355203693106238,0.10045575171833196,6.40439244584263e-05,1
0.013707991342098663,0.884812048196725,0.050233208216754525,3.121937183474939e-07,0.009855612047250367,0.041342646024474995,4.818197897818379e-05,1
0.013258258555861473,0.8571468602381692,0.035285442277439655,2.909825055917994e-07,0.01169427022438354,0.08260537376700443,9.503954636037045e-06,1
0.014445901618920877,0.8696941733238442,0.04293035374717067,2.952420423987125e-07,0.013363521435083823,0.0595561115550081,9.64307792972475e-06,1
0.00864134954195532,0.8686510235613022,0.05538207507622095,4.6704347216197676e-07,0.012889518594846194,0.05442988163757692,5.684544626305746e-06,1
0.008305932963300611,0.5570611599394942,0.038425135242053356,0.0006682041011600479,0.0028729272164350925,0.39266311293488165,3.5276026750347317e-06,1
0.010488281901469346,0.5812068061490803,0.03712822646393,0.0007147822955541302,0.004459247850445296,0.36599850275579277,4.152583728052349e-06,1
0.007921539789600205,0.3361447430429056,0.11028654449349916,5.559785544681156e-07,0.05078634865598204,0.4948463701405832,1.3897898875429436e-05,1
0.00889382888893922,0.6376373585244547,0.08749409047356489,3.5616317404388987e-07,0.0019486955237140637,0.2640216668371353,4.003589017540864e-06,1
0.0023846792620391384,0.14017092490373154,0.020262364033400215,5.108766401472086e-07,0.00040509009710426797,0.8367744767336722,1.9540934126306528e-06,1
0.0020976217407064597,0.1555026617706304,0.07749461817571299,6.703684070012893e-07,0.0002656840635783926,0.7646350436847552,3.7001962095349338e-06,5
0.002455072251113931,0.1634522524950558,0.07703708396180017,9.385709455950169e-07,0.00036362274544697907,0.7566870453373287,3.98463830878043e-06,5
0.0016386826311879932,0.35758763505755664,0.6189474674586938,7.616691079008764e-50,0.0002834058367746006,0.02151919897992989,2.3610035857183734e-05,1
0.0014093372594073954,0.5330018882015511,0.45627005508057394,0.0,0.00041083480380313327,0.00889008190029071,1.7802754373656526e-05,1
1.883531209937608e-13,0.9999999999881974,1.0956903976591305e-11,0.0,9.945336937458493e-14,5.566156164336744e-13,1.0713484503991319e-15,1
1.8863283401866087e-13,0.9999999999849662,1.4085991769515727e-11,0.0,1.5899043267732987e-13,5.988222497748713e-13,1.1586043953321417e-15,1
0.00230181814909902,0.8412787209453254,0.14745455453349304,0.0,0.0008274457856551426,0.008122754431465587,1.470615496161842e-05,1
0.0055602248955676815,0.9065381699098412,0.07773962420750824,9.148133436126204e-32,0.001118112872620869,0.009032493703914332,1.1374410547867251e-05,1
0.0042492476971805245,0.9384624244618743,0.050059562537500935,8.199992509385575e-32,0.0006632176006553457,0.006555352171433546,1.0195531355375848e-05,1
0.9334079036441897,0.06528544963919668,2.3629559052609297e-05,1.8728146689919947e-07,1.0468181962270383e-05,1.3185848128565745e-05,0.0012591758460033322,0
0.9589940264116346,0.04083073567790995,1.356528132218206e-05,1.0751473522050453e-07,5.036477393971764e-06,7.5697451203944555e-06,0.00014895889188357479,0
0.9697535566499815,0.030140256215229647,1.2683857882653906e-05,9.01602773461404e-08,4.16174889309747e-06,5.514281227157604e-06,8.373708650894401e-05,0
0.9737024729195922,0.02619339641587922,1.18364560268349e-05,9.381253550513147e-08,6.36065442346452e-06,7.174591588442077e-06,7.866514995425899e-05,0
0.9539838446349943,0.045874137621166544,1.8298173267293644e-05,1.2758892572654737e-07,1.1503358407461693e-05,8.544907839570496e-06,0.00010354371539920164,0
0.8025669611532229,0.18882237769564225,0.004126640933356224,3.596033761257293e-07,0.003305129732013358,0.0011615262226131865,1.700465977611883e-05,0
0.7993153114336654,0.1926486035590984,0.004340093349457991,2.898679443491422e-07,0.002635245407569339,0.0010492059733446075,1.1250408919791834e-05,0
0.7141880091465883,0.2746520737515737,0.006522685828000291,3.430898410247847e-07,0.0034147751177893856,0.0012020560455591946,2.0057020648028502e-05,0
0.6014685896779395,0.3727765784976622,0.020525007020887505,3.3067937407296045e-07,0.001197906935726401,0.004013504585467025,1.8082602943503313e-05,0
0.9041862969231865,0.09080258865285658,0.00241913194213046,9.31996962727771e-08,0.0007231328552278284,0.0018656778182643949,3.0786086380756755e-06,0
0.9121036048772669,0.08499701331627908,0.001271366254718299,6.328439304222112e-08,0.0005302018727975392,0.0010955268736962326,2.223520848941448e-06,0
0.7313339707191058,0.2502228477770437,0.005575463698359901,0.0,0.0017031973011497753,0.011150159105061305,1.4361399279509546e-05,0
0.042988124652670066,0.9346616667448909,0.013108674756335453,3.453428027949739e-07,0.004222688852462895,0.005002169334557432,1.6330316280475166e-05,1
0.05532414400752562,0.9105523878921663,0.014611955525262166,3.723285312572624e-07,0.004558168663625969,0.014932768938610003,2.020264427873154e-05,1
0.031426322855966776,0.9045740217917357,0.016107021087518478,3.6743152579244424e-07,0.0064636045092510575,0.041383273024393145,4.5389299608933585e-05,1
0.008227557535078379,0.8851815998778302,0.06607845313629238,2.974521783808778e-07,0.009282001839145997,0.031168094073518095,6.199608595655633e-05,1
0.0081874855308603,0.8789757118981358,0.04999554615300675,2.9839292059167916e-07,0.007497773370715459,0.05532525999884606,1.792465551487043e-05,1
0.0209077623089023,0.8302146369903387,0.034846448698061194,2.9226775803234165e-07,0.024049411003047094,0.08997190279885363,9.54593303905453e-06,1
0.007650135198732123,0.631897279833726,0.03443494770141551,3.3974921069372835e-07,0.01444195788575809,0.3115712044281947,4.135202963014213e-06,1
0.056360005299010155,0.4230187162572387,0.06694911689367071,4.520935456916633e-07,0.015316329447103252,0.43834988465839575,5.4953510355809675e-06,1
0.009446789457159306,0.4008675963259295,0.1337937455459109,6.630292198558961e-07,0.06056498557020583,0.39530964620739417,1.657386418047634e-05,1
0.009045133228652613,0.6184234971019176,0.08047240828000725,3.860342343318631e-07,0.0024842939350552453,0.28957042032903657,3.86109109641156e-06,1
0.0029333137068557284,0.3929924413366512,0.11912604972119158,1.9160247868589006e-06,0.0001947131717875641,0.4847171193137494,3.444672497761644e-05,1
0.0028190179618007146,0.3783932583570523,0.11699734394333196,1.34924921156528e-06,0.0002667895892811997,0.5014961384612601,2.6102438062182898e-05,5
0.00117812871888169,0.38911667688357127,0.5747658267576533,9.739148770597366e-50,0.00015229385013328242,0.03476013672843134,2.6937061329330516e-05,1
0.001792289496048786,0.4281555061995186,0.5451704939848269,7.303820993041356e-50,0.00027176440250930694,0.024587305708408485,2.2640208687917512e-05,1
0.0014056693578841345,0.6325754792161894,0.35571645376204514,0.0,0.0003747829526285855,0.009909858289827014,1.7756421425705633e-05,1
0.003545812422638719,0.8269062076026401,0.16038987464396218,0.0,0.0005338697041684443,0.008607922879146601,1.6312747443785256e-05,1
0.004551268243002518,0.8948681270116214,0.08758829855386399,9.452256762720679e-32,0.0011552837565726268,0.01182526989003236,1.1752544906971262e-05,1
0.9334875997370035,0.06511311578514661,2.3631576588055538e-05,1.8729745733715273e-07,1.6772966532899277e-05,1.4324127950621517e-05,0.0013443685093209013,0
0.8960125149721244,0.103800288671142,3.208211109545553e-05,1.959151736454135e-07,2.1238655959194496e-05,1.3120865260370983e-05,0.000120558809245036,0
0.8940684908324175,0.10561726045230953,2.9375604119350362e-05,1.975183922380378e-07,1.945923430853005e-05,1.853373455324226e-05,0.0002466826238999363,0
0.9189320504883691,0.08094819157426486,1.826304428555363e-05,1.5050250501305554e-07,1.3216437406552493e-05,1.1860644869033064e-05,7.626730830005185e-05,0
0.8245008632217774,0.17541505478155678,1.75819753592175e-05,1.7413393733186362e-07,1.3295533410304295e-05,1.2405524602591904e-05,4.062482935639237e-05,0
0.7594490099451726,0.23256532844301098,0.004539957269693489,3.5544827501901087e-07,0.002343309098516273,0.0010882440703412133,1.3795724990486811e-05,0
0.7211014988586231,0.2627852719960874,0.012580790518910352,2.254855938707297e-07,0.0005825268747397347,0.00293672826717482,1.2957998870761628e-05,0
0.8203036014806456,0.1746938424030132,0.0021511000164855985,1.21546361097398e-07,0.0009227566627072265,0.0019243073138718917,4.27057691511273e-06,0
0.709074705024827,0.2754253191816735,0.005255546945680306,2.1057315482923725e-07,0.0020641481723197522,0.008165591638201082,1.4478464143688144e-05,0
0.10740928580739388,0.8549783629536581,0.015557421007656046,3.516227204030011e-07,0.008355422249835084,0.013683060653350813,1.6095705385657082e-05,1
0.02340730813775381,0.9294372658331987,0.017399474435269933,3.972506585596958e-07,0.005394212359260623,0.024315720894238904,4.562108961926406e-05,1
0.07837366324499692,0.833842885997789,0.029470090526714524,4.522453825465174e-07,0.009305913193702034,0.04898180289411109,2.5191897303935585e-05,1
0.030469947970399466,0.8435701590391412,0.010048553487776335,3.090878322648363e-07,0.0024043894066799313,0.11343525239314729,7.138861502341546e-05,1
0.028406880538436954,0.8984430596608617,0.004710707750751492,2.7232396438525353e-07,0.0024905869344640577,0.06591133269894278,3.716009257879797e-05,1
0.014895542645620005,0.9164339614513237,0.006157415502951678,2.539767020832955e-07,0.002027909625777319,0.060431982031643586,5.2934765981632884e-05,1
0.016835042392116827,0.8871550761901299,0.006598425107723731,2.684376369806727e-07,0.001954338472932138,0.08740090063180714,5.59487676533974e-05,1
0.023121559941170586,0.8345875867863474,0.037807594303238205,2.977030835114266e-07,0.020861611254647534,0.08361162655203909,9.723459473780422e-06,1
0.010936151892708027,0.6472205568826805,0.033669235715971045,1.965754963994675e-07,0.01649702009625689,0.29167271351725027,4.125319636819178e-06,1
0.017644544228502358,0.5935668126624497,0.03595032779502967,0.0007303769007752178,0.006815051208101655,0.34528628686115975,6.600343981698844e-06,1
0.018992650392792815,0.5934430803898907,0.03490115484595442,0.0007753648294188105,0.006666840541649001,0.34521431003219055,6.598968103629005e-06,1
0.0016614893240295145,0.0691346221633436,0.0235314739313877,1.1661273656049596e-07,0.8650575687043044,0.04061309131018479,1.6379540135389092e-06,1
0.006093501414684731,0.5676359745624722,0.2513552941762772,8.820507861239379e-07,0.06760637585831798,0.10729464515385524,1.3326783606603734e-05,1
0.0011544458099735947,0.15633146978106766,0.7973723252139353,2.3342736621996317e-07,0.006858812204294492,0.0382800156985477,2.697864815135166e-06,1
0.0029458980944606994,0.2912652721127308,0.617508060560491,4.408271211263839e-07,0.03605654311398579,0.05221869037882338,5.094912387108485e-06,1
0.0210670484222705,0.6462721031785248,0.08659679860735536,4.38243582321379e-07,0.008572103300729128,0.23748712496169616,4.3832858417057705e-06,1
0.0026133754992573315,0.4302619442252051,0.020981795457735056,6.334204326164433e-07,0.0009042849832503246,0.5452252986953637,1.2667718755880867e-05,1
0.00486606424000066,0.4791779160516611,0.07218879885588307,1.140512926938074e-06,0.00041918084062758594,0.443310742812051,3.6156686849600135e-05,1
0.00423238518252083,0.2845241380586844,0.48992270911280017,9.881884907222386e-77,0.0006041109333836862,0.22070640141779746,1.0255294813370855e-05,1
0.0031301355575082336,0.8713734473113617,0.11689015461074194,0.0,0.0007093126855786108,0.007879691943921236,1.7257890888389682e-05,1
0.0028579481070861025,0.8776720230193175,0.1105154697581994,5.388603696927033e-07,0.0009412555934348524,0.007995318108691833,1.744655290072939e-05,1
0.004380700148775439,0.9044800576067792,0.08094560640589762,9.495896193799606e-32,0.0007149720472907394,0.00946685698688722,1.1806804369694799e-05,1
0.006645474364389248,0.9523074908557795,0.031248205832669705,2.192655377070135e-07,0.0018432318127810734,0.00795295081152444,2.427057318370893e-06,1
0.9233973596426177,0.07542483555293127,2.4326728402310267e-05,1.85272924484084e-07,2.009612332781081e-05,1.6155930102139086e-05,0.001117040749694538,0
0.9049199686785203,0.0946677979283512,2.373011237844949e-05,1.8072908308845077e-07,1.9603263416828503e-05,1.382179207001949e-05,0.0003548974961801123,0
0.9482225753058338,0.05156973321450831,2.7257620948479284e-05,1.5550940102651694e-07,1.5235369391196134e-05,1.3560529797896904e-05,0.00015148245011934158,0
0.9308378762870435,0.06897196163768828,2.312908022759991e-05,1.7127515370277752e-07,1.8325661751241313e-05,1.4095031928455227e-05,0.00013444102620699467,0
0.8731051851016067,0.12682776937687137,1.533753577339912e-05,1.5611580557720115e-07,1.0533807360433812e-05,1.2056720358056886e-05,2.8961342224405382e-05,0
0.8633103418309457,0.13663138288831228,1.4823124252157286e-05,1.8337516415903613e-07,1.0704736411685766e-05,1.2252361278903184e-05,2.0311683635126938e-05,0
0.7571908472491642,0.23476304833994333,0.005614801015346946,3.5439137715687993e-07,0.0014624292867624462,0.0009575938383814974,1.0925879024639274e-05,0
0.8139947862135944,0.178018028847945,0.005762707892476551,2.5352725059235544e-07,0.001473906165555127,0.0007354961585757184,1.4821194602498972e-05,0
0.54757729198139,0.41788368882321486,0.029886710078903485,4.922576583937074e-07,0.003367813194973416,0.0012216664028673106,6.233726099263283e-05,0
0.7348666164394101,0.2583774353543422,0.003534186195205843,1.7106204082317307e-07,0.0011908430744464935,0.002018770852322463,1.1977022232034363e-05,0
0.8158365997063297,0.18018370058348707,0.0013384685466239629,1.2683719154985463e-07,0.0011001134062919719,0.0015350950028399015,5.895917235846257e-06,0
0.8210272777033574,0.17431225360702765,0.0018318389543173722,1.252102586379894e-07,0.001248985559151869,0.0015715825136099256,7.936452277150108e-06,0
0.20885665477686668,0.750987357506417,0.020002661442223752,3.1898597001592837e-07,0.005902023291826246,0.01423022054696847,2.076344972782225e-05,1
0.030025732183326753,0.8556380849244363,0.00346617702676922,2.683586348640003e-07,0.0022455413039841584,0.10855990782679767,6.428837605109768e-05,1
0.027634143978335916,0.8995588245503563,0.0046548349029952845,2.6909397937927734e-07,0.004086175572824795,0.06402903255802822,3.671934348012371e-05,1
0.02094336947124995,0.9055960351229191,0.004988549459300859,2.0273664142802313e-07,0.0025470734527664922,0.06590133853173523,2.3431225386866366e-05,1
0.022306167468530334,0.8915348090031314,0.03578466647023429,2.552133654675863e-07,0.013058229028539729,0.03730577268663315,1.0100129565699552e-05,1
0.020298397422206165,0.8433896381699395,0.04553308967759213,3.008428352637999e-07,0.022305627196785183,0.06846104076396935,1.190592667241285e-05,1
0.012357270947327255,0.6593664409953212,0.025302624745172652,2.115814476960925e-07,0.016211978958018316,0.2867545621837872,6.910588925753544e-06,1
0.0146043814281345,0.5000864211692564,0.02964725018039658,0.0006153503912643503,0.005741753912179899,0.4493012699208041,3.572997964230179e-06,1
0.018012015172708656,0.5832830119428678,0.03598771514419498,3.805152893992084e-07,0.005264548210315764,0.35744120673695745,1.1122277665755298e-05,1
0.001234849695301701,0.08159214951492114,0.03406179233915511,1.3637918523805916e-07,0.8685752013743369,0.014533955101596432,1.915595503652035e-06,1
0.001072081753821056,0.13595936808231607,0.819134797576733,2.0597468342271767e-07,0.010147426022373663,0.03368374001293574,2.380577137177289e-06,1
0.0035587331934353217,0.35082794211803303,0.5401294147868939,5.309746356398067e-07,0.044215309322235184,0.061261932801655636,6.136803111045594e-06,1
0.005039540382753846,0.3859592666236208,0.3846191515664572,5.833584764322817e-07,0.04320656784855402,0.1811681479844964,6.7422356412763805e-06,1
0.010266006929474207,0.5611619602180811,0.12537312393066952,3.9157102740850093e-07,0.005218619171344227,0.2979766236861868,3.274493216719683e-06,1
0.009273360256318877,0.5857147551717874,0.11326727453621273,4.118608813674643e-07,0.005206306464866768,0.28653444754382285,3.44416611002991e-06,1
0.012566341227774808,0.6483729414642466,0.11327072159478033,9.888161678588474e-07,0.0007829406320454082,0.22499123357636697,1.4832688618037609e-05,1
0.02292548059890677,0.48359955443732694,0.02618862911361397,9.651307436752054e-07,0.001342983648877063,0.4659391253189853,3.2617515463555193e-06,1
0.003865369881675816,0.6378397347422836,0.08795595214949357,7.836374892626014e-07,0.00040190048309886377,0.26990194649751975,3.431260843904463e-05,1
0.9232346703570099,0.07541154678565783,2.2428950748162716e-05,1.852402820691886e-07,1.915528520604528e-05,1.615308366046455e-05,0.0012958602974357583,0
0.8931867867603668,0.10629337254390879,3.0673377814283523e-05,1.986030605594673e-07,2.1551791343764806e-05,1.518875745183186e-05,0.0004522281660542314,0
0.9092478249497064,0.09013489511617667,2.5605027045216123e-05,1.7216543886670572e-07,1.7194882392017962e-05,1.5012948082295446e-05,0.000559294911158748,0
0.8973467488523709,0.1024337431045344,2.812748416313083e-05,1.9824262786437085e-07,2.1563158766892543e-05,1.6314311264190458e-05,0.0001533048462725939,0
0.9056409623033697,0.09427493709444507,1.8203636564296844e-05,1.4832569328347363e-07,1.3025279817731143e-05,1.1689096954471262e-05,4.1034263155713285e-05,0
0.74434065083043,0.24696997395924505,0.006619951637528445,3.483770429607971e-07,0.0012369032701465578,0.0008214314683845033,1.0740457222429162e-05,0
0.650313074256764,0.33555287444744675,0.010720591680232563,4.3092527411555575e-07,0.002330417925926599,0.0010574188872226745,2.5191877133047116e-05,0
0.7170050984573753,0.2596542231415331,0.021615140176101215,2.540088523516771e-07,0.000917979792827893,0.000771478358243269,3.582606506687731e-05,0
0.713503445729996,0.27408534688324815,0.009132099027898605,2.3518173885389696e-07,0.0018224547865189308,0.0014232477502825335,3.3170640317116606e-05,0
0.6399529508219565,0.3500700962590079,0.004764855080911575,2.3176832378998273e-07,0.0034000563257558076,0.0017791205406105439,3.268920343392192e-05,0
0.21593108475329637,0.7497445399465379,0.018764751703401507,3.170145707033789e-07,0.005091400977704257,0.01044470571787014,2.3199886619235257e-05,1
0.023698255319346148,0.9329519122130493,0.016727561772221414,3.424508326995338e-07,0.008866509136607695,0.017743018923323046,1.2400184619996154e-05,1
0.08671837516324071,0.8606565995728166,0.0108839843031323,4.077317563597324e-07,0.006387925859127123,0.03526515950712485,8.754786280215633e-05,1
0.04431524648299472,0.44525435864397966,0.051911527882654754,4.0350044302867445e-07,0.008588866760868858,0.44992526171094865,4.335018110316373e-06,1
0.004693148417201376,0.531001631388865,0.29634255568470147,7.592014193786586e-07,0.05920850354418857,0.1087429782369659,1.0423526658164213e-05,1
0.002493801871633906,0.20938888717570978,0.7153693507245068,3.169080187966935e-07,0.03150877211123394,0.04123520850641518,3.662702481679606e-06,1
0.00516524892286426,0.2615099372352936,0.5585847547527489,4.48502868617618e-07,0.03183290491091902,0.14290237173469,4.33394061570341e-06,1
0.014864057471881739,0.6219174152561436,0.05682176714344377,1.0845783650011464e-06,0.0008504862468147578,0.30553547876221954,9.710541131529036e-06,1
0.02331577648747515,0.21374167717344453,0.015078983693367602,5.130946056547816e-07,0.0009071913665954191,0.7469541241322764,1.734052235294216e-06,1
0.01465286161318761,0.5998386043162558,0.03378232031782344,4.92670505227943e-07,0.0016909067489675135,0.3500266099073274,8.204425933217634e-06,1
0.0034340939690867913,0.6544827290370417,0.11631139434863036,7.446698151215124e-07,0.0004325588803013278,0.22531439315897267,2.408593615201518e-05,1
0.9096374131967347,0.0897483859576532,2.72359750299547e-05,1.646033670184349e-07,2.1686510395119264e-05,1.066671791103248e-05,0.0005544470389089625,0
0.914973639819628,0.08487113737355659,2.273489214463527e-05,1.6835611741455505e-07,1.3802845909938233e-05,1.3854810805932026e-05,0.0001046619018373976,0
0.8558604050714548,0.14405715648858736,1.6036375390039884e-05,1.588261347286819e-07,1.2608394308060008e-05,1.2045309512091427e-05,4.158953461279917e-05,0
0.6472116473161776,0.352716048970744,2.4236944340543632e-05,2.60792058441609e-07,1.3617651957616796e-05,1.465518625794286e-05,1.9533138463801393e-05,0
0.5940963018517114,0.38668626687443025,0.014859737082420759,5.876947079696128e-07,0.0028491399032081234,0.0014898479775038278,1.8118616017720566e-05,0
0.727322945009877,0.26611979461985474,0.0020301401734476045,1.8733041477171133e-07,0.0017952251345406238,0.0027198337934749716,1.1873938390247354e-05,0
0.7324422780808757,0.2606815880104798,0.0023825386262242084,1.8350228353027676e-07,0.0018246025216460014,0.0026510571886705268,1.7752069820287283e-05,0
0.7373274168205496,0.2571677211439819,0.0020976060696483705,1.8472618081326974e-07,0.0019979606015209095,0.001391240168082148,1.7870470036363977e-05,0
0.734860030564829,0.2563071372485643,0.004685924376807638,1.8410801467810032e-07,0.0024628958198962482,0.0016660172134420738,1.7810668445991647e-05,0
0.19793723554925366,0.7793594121356912,0.008978847745222987,2.8675206606840297e-07,0.007734983315295475,0.0059709565746403235,1.827792783041552e-05,1
0.18065049404460323,0.776086627480446,0.006358508242257071,4.2475881929980684e-07,0.009956261179666206,0.026930117032352083,1.7567261856075085e-05,0
0.040249915639325666,0.8345176790695263,0.004957780900831606,2.9444295965731495e-07,0.0014746190438987548,0.11873170474825188,6.800615520613767e-05,1
0.026044171693513748,0.9189370026700333,0.0024882461135556527,1.3655366405299654e-07,0.008452351251022611,0.04404486989818132,3.322182002919354e-05,1
0.023939997841800953,0.923009156839963,0.002680012233536342,1.3403546415079562e-07,0.009348870256285148,0.04098921961985769,3.260917309270428e-05,1
0.023981682009008843,0.9182657282392954,0.003339109877787825,2.544843503235004e-07,0.006503882904540444,0.04785630191310689,5.3040571910191724e-05,1
0.03213752298254551,0.9173490643198382,0.003492289788655379,2.0536780319726105e-07,0.0028675548693584325,0.04413953507341651,1.3827598382454953e-05,1
0.009363074932755596,0.8832606715949837,0.03586123102591959,2.3046990668504216e-07,0.017681768485005408,0.05382390259012282,9.12090130643747e-06,1
0.01958063054544359,0.5490684434395506,0.03075433780605231,1.9931208047438075e-07,0.006867342461722357,0.39372284687331904,6.19956183170252e-06,1
0.0043060416730216836,0.45709732443397766,0.1465631523424697,6.233111612345007e-07,0.08872709793473522,0.3032963427823149,9.417522319611531e-06,1
0.0026259522831549482,0.2058999356860372,0.711215002676735,3.207095897092431e-07,0.04072411515780759,0.03953096684708173,3.706639593995495e-06,1
0.0039946766571102256,0.26246167668767434,0.6179256622193169,4.0672116882903157e-07,0.034592683092829854,0.08102054565697749,4.3489649224257906e-06,1
0.007400756891299464,0.5422370280144531,0.09531219887239047,6.978132869836595e-07,0.0004381112198264976,0.35458765650820034,2.3550680543202625e-05,1
0.008000767021092614,0.5849999477416216,0.12606210276909266,7.173487297350834e-07,0.0004029409031534441,0.28051105951902894,2.246469728105773e-05,1
0.0027699852380293523,0.6015922192356802,0.11941245879445453,6.795093350747018e-07,0.00024713554104006306,0.27595624197344804,2.1279708012786678e-05,1
0.9208721084453177,0.07896806623407612,3.117701960613261e-05,1.970722341104414e-07,1.616450033062453e-05,1.5071682963807333e-05,9.721504547132036e-05,0
0.7924689374100901,0.2074298436937064,2.2925004195837618e-05,2.079781088119392e-07,1.5998941987969058e-05,1.5211543444953449e-05,4.687542846593058e-05,0
0.8488458903841777,0.15107069416712265,1.8295719660097357e-05,1.6678343452786948e-07,1.3394174561400883e-05,1.2648787895075763e-05,3.8909983148517055e-05,0
0.8760777398038949,0.12387413274402377,1.343909153575554e-05,1.6625345471005065e-07,9.705236902527016e-06,1.110836028594733e-05,1.3708509902518217e-05,0
0.6080171285886595,0.3812383678365098,0.009658439065310893,2.9439279781695604e-07,0.0005215803836764554,0.000546071301800424,1.8118431245191902e-05,0
0.815375993694523,0.18063887639076265,0.0013636426062150373,1.27157604666409e-07,0.0011447782865149521,0.0014685219795739285,8.059884805680648e-06,0
0.44623771919259486,0.5132991578471006,0.02100847172506295,0.0,0.009752533188952686,0.009660935782788958,4.118226349996196e-05,0
0.13290837034596115,0.8280695327177638,0.01706724530837038,3.1522019674245176e-07,0.012512638474480883,0.00940227183842671,3.962609479996448e-05,1
0.13809511686891915,0.8380572804053175,0.007180705556403415,2.3525473411659595e-07,0.011640379590584017,0.005014163480083964,1.2118843957968216e-05,1
0.015712791351970724,0.9437669598999263,0.01988943231315767,3.4171426462863785e-07,0.008815466203199748,0.011775765342536128,3.924317494482234e-05,1
0.028257043767600347,0.9107557892815787,0.023621091939476244,3.9514393398426785e-07,0.012255568671157693,0.025063230548112037,4.6880648140892165e-05,1
0.14847332696933985,0.8122905472968346,0.006609176765220901,3.842613931572941e-07,0.006422580205648573,0.02613327556289151,7.07089386715849e-05,1
0.05204165512844835,0.9080874938038461,0.010703423648384497,4.109288812624704e-07,0.0040284300966565,0.02505035204667362,8.823434710949911e-05,1
0.022708749353704493,0.816827272082896,0.0027011421494916674,2.625689243408077e-07,0.0016940741139814318,0.15600788711820915,6.061261279296194e-05,1
0.0315940714978537,0.731895470750461,0.004852194567779965,2.101673103069773e-07,0.002692026360629715,0.22892930258983066,3.672406613453228e-05,1
0.03292593467268447,0.9291372605167137,0.0033985219106919167,1.3806941821155413e-07,0.011565287923389539,0.022939266322805817,3.3590584296438376e-05,1
0.11017379066082078,0.8305017428519325,0.002126649686575059,1.8216637227485493e-07,0.00659693018323223,0.05055310512466255,4.759932640452163e-05,1
0.05960789000506023,0.8708341425711038,0.0028292886791535304,2.541233588028919e-07,0.006392674928411981,0.060308217415464216,2.753227744755394e-05,1
0.022533259289708542,0.9017003583406026,0.0034430934542064432,2.0480684935118587e-07,0.003373278987877204,0.06894311580106159,6.689319694407773e-06,1
0.04439787700897401,0.45492090159663073,0.03272746819778784,3.9687185186015896e-07,0.007373063203152258,0.460575950020387,4.343101216132401e-06,1
0.024271225975652178,0.6589262507884374,0.051219628252936605,4.3001218916705784e-07,0.009342697696992718,0.25623119422628926,8.573047502760749e-06,1
0.007866878163347527,0.4099098772817143,0.3538872273552406,6.196653003015823e-07,0.049322682671425276,0.1790053460979909,7.368764981170654e-06,1
0.005727041370712542,0.29216396039580156,0.5629899943528638,4.415914775045997e-07,0.03528737383451096,0.10382593725884494,5.251195788816365e-06,1
0.02296787056969778,0.32919264555181427,0.019755178200045822,3.2708299999189656e-07,0.0013650806175299632,0.6267164326016949,2.4653762173806356e-06,1
0.007342943476789049,0.7993060464188992,0.06266649103946617,4.5868371243820714e-07,0.08176188192827892,0.04891718041280566,4.998040048467984e-06,1
0.006614496118749184,0.44338401844402614,0.09385523534326976,3.326582888590362e-07,0.0011721460359296128,0.45496895968912254,4.8117106140684265e-06,1
0.007088998439546091,0.5638702779356478,0.15746409667159408,6.369017174378287e-07,0.0005655225327786599,0.27099052212300107,1.9945395714732012e-05,1
0.8649769358352021,0.13485719481349046,2.841976906691623e-05,1.9109146048764746e-07,1.2875376184708283e-05,1.3628841576954338e-05,0.0001107542730186264,0
0.7924672630415472,0.20742940542541763,2.3185733078895655e-05,2.0797766938524808e-07,1.5998908184593408e-05,1.5211511305233354e-05,4.872740279707042e-05,0
0.8488458903841777,0.15107069416712265,1.8295719660097357e-05,1.6678343452786948e-07,1.3394174561400883e-05,1.2648787895075763e-05,3.8909983148517055e-05,0
0.579237135231609,0.4060293212474227,0.012247598350506417,4.793667630435986e-07,0.001485310747347469,0.0009853761886951435,1.477886765605127e-05,0
0.5590651235840268,0.43279778195549046,0.006542100685812014,2.7211422790026955e-07,0.0010466787727250904,0.000530442997470007,1.7599890247787356e-05,0
0.8289380057072676,0.16664617097836215,0.002266959571280988,1.3196421906166511e-07,0.0013280239899633379,0.0008079415279889053,1.2766260917814922e-05,0
0.22819605532325585,0.7385705153633447,0.009890719159263445,4.0374056053088876e-07,0.018014501260657435,0.005292736839244137,3.506831367384292e-05,1
0.1730792408029986,0.7945596604175547,0.00720781673221909,3.622064914485323e-07,0.01972647398219328,0.0053949851332687985,3.146072527396576e-05,1
0.18116601148621073,0.7900369730917446,0.006294715150645712,2.8750359309865574e-07,0.017593088902812925,0.004883582819086423,2.534104590659852e-05,1
0.14295516235693378,0.8211192094816482,0.007450731992579503,3.310046282458672e-07,0.0235746932331071,0.0048711213539613454,2.8750577141807304e-05,1
0.037623652391119665,0.9352841685321219,0.009072167680188231,3.878455037661152e-07,0.0018371708559623864,0.016099218381151737,8.323431395235748e-05,1
0.0229681707844014,0.9483464567732427,0.0026157152964175886,1.4092389694591848e-07,0.013626524465196788,0.012408706713124756,3.428504371975645e-05,1
0.007359756871937044,0.500177025411574,0.0423215468274433,1.7881062656290603e-07,0.006021556856145197,0.4441143733540071,5.561868266608637e-06,1
0.04289583710673828,0.45614124677115286,0.03539996478721936,2.4364210272275773e-07,0.009512104849836292,0.4560461318040545,4.471038896091259e-06,1
0.03402010135549078,0.5310366406862445,0.03986542240226851,2.3332559548551062e-07,0.00807685100313591,0.3869940041805184,6.747046746375754e-06,1
0.02196061827927182,0.5212034158214185,0.0504169415977691,3.9078041125704365e-07,0.004463666660363818,0.4019369684498137,1.7998410951797676e-05,1
0.01385060018007839,0.8515043507381354,0.07006745134242383,5.137255279666221e-07,0.022621162896384966,0.04194943642557137,6.484691878245617e-06,1
0.01756791026643735,0.8433596116308827,0.07362523438637582,5.512600268959211e-07,0.019478079993105864,0.04596170324451025,6.909218661087012e-06,1
0.008249839835349023,0.41245672926031024,0.16562898827477654,5.884852360950104e-07,0.0835158849075177,0.33014097125032066,6.997986489742751e-06,1
0.038997382211178114,0.43495500214019917,0.11850652765570828,4.787944766594182e-07,0.01602792106114198,0.39150896587786305,3.7222594328099652e-06,1
0.02942093877329441,0.825413569773445,0.05523965925541277,4.97815000918584e-07,0.02758258022713593,0.06233773564210824,5.018513602644163e-06,1
0.012508966822152056,0.8184012857654476,0.07817653239624504,4.820714363507262e-07,0.03339468458799375,0.05751279547270139,5.2528840239296825e-06,1
0.005364208372632703,0.8323508543264208,0.10242775780946681,4.956433828018185e-07,0.021298226151970585,0.03855305692559568,5.400770530598167e-06,1
0.004739263771050429,0.8259081699461575,0.10369632943462284,4.3466235665285183e-07,0.009838974868291793,0.05581150433927006,5.3229782509678395e-06,1
0.6071913491003872,0.3835429331349533,0.007351285644276722,3.3678155858269637e-07,0.001424019055478926,0.00047883054756864485,1.1245735776622599e-05,0
0.5855326468183243,0.4069944216018923,0.005026494171507776,2.55890804924008e-07,0.0019308128917538132,0.0004988180391605648,1.6550586556360085e-05,0
0.7912942062886971,0.20419422934609469,0.0027223894378054277,1.5846138131516072e-07,0.0014048507544602254,0.0003688361066604257,1.5329604900866364e-05,0
0.19779462234350512,0.764142918146545,0.0075669542840167345,4.0647512417622025e-07,0.026079938077317,0.004379854839625578,3.530583386638804e-05,1
0.1942484539799783,0.7657000953203063,0.00870315856327337,4.0730344276694174e-07,0.027226511689087286,0.0040859953635063095,3.5377780405826886e-05,1
0.16962339353344866,0.7966049214553155,0.007177405129989142,3.1687878952797026e-07,0.022162787400651984,0.004403651974322406,2.7523627482813536e-05,1
0.039511107652515656,0.9318477629368624,0.0045882367723342156,3.2895611760792285e-07,0.002739125727402695,0.021237500218295142,7.5937736472443e-05,1
0.03685999457384437,0.9309785455938896,0.0013359060581996885,2.821408660879533e-07,0.005419575481137738,0.02534053135562283,6.516479643969908e-05,1
0.028507665291615976,0.9455407461905332,0.0023705898803829673,1.4050696949688982e-07,0.013586209996128555,0.00996046452394932,3.4183610420453064e-05,1
0.025209827868209325,0.9516288770719933,0.00241680023890674,1.2425277479113904e-07,0.013948943185145399,0.006765198217383247,3.0229165587509207e-05,1
0.021885368741988067,0.9206394444038704,0.007538938293363768,2.0835239240336683e-07,0.004436841958561901,0.045485169696372875,1.4028553450562686e-05,1
0.024258213889211074,0.8921090846955584,0.007396028948763398,2.2776521839961678e-07,0.00540817622869867,0.07082082929575521,7.4391767949572355e-06,1
0.01639060653616007,0.3173513436809087,0.016636431811624552,1.3943706623856882e-07,0.0044663965816031225,0.6451524912335762,2.590719060983201e-06,1
0.04205489914775513,0.4601716131766435,0.02805055923586947,2.457948721833752e-07,0.009642514306763012,0.4600756577940581,4.510544038614555e-06,1
0.025231442558824445,0.6109570947772147,0.04485944576482482,2.3454336551551279e-07,0.008685178934129166,0.3102586337265931,7.96969504816937e-06,1
0.02266548033626117,0.5137255286800373,0.051705337994387035,2.2169646561850695e-07,0.007674294442478855,0.40422136908389683,7.767766473223497e-06,1
0.010765471832359397,0.864641765957105,0.059526455056924756,2.780013075776456e-07,0.02104156326302641,0.04401447375184714,9.992137429881753e-06,1
0.010362566214034514,0.8860659729056539,0.05589763491582192,2.745435227147308e-07,0.015613917486791175,0.032053872382984884,5.761551191075405e-06,1
0.01414571296280544,0.8571175091900893,0.03939984931060457,6.184142165847644e-07,0.023064667174715614,0.06626566712221088,5.975825357723223e-06,1
0.04078031278347842,0.41594817446680377,0.11328081499179994,4.1521456971624203e-07,0.012664746344799421,0.4173219642804818,3.571918066884756e-06,1
0.0416617877796647,0.4748289570014986,0.046869430606826946,5.024471648357442e-07,0.00844497806987577,0.42819059837470236,3.7457202666757472e-06,1
0.03520469815968378,0.40385929537977816,0.03355333310972803,4.1713076076165e-07,0.006193242981817081,0.5211859266896895,3.086548542585186e-06,1
0.01882764918637855,0.84073347635235,0.03884809537305968,5.185121054267717e-07,0.030536418654220746,0.07104861475908528,5.227162800273856e-06,1
0.018634690069040637,0.8049493744628153,0.05571682669990936,5.035547322715645e-07,0.04601863626990502,0.07467489256729515,5.076376302276164e-06,1
0.028245299716862186,0.8222932992631019,0.06762124573848653,4.779226799268087e-07,0.03254137335240475,0.04929309632930189,5.207677163089007e-06,1
0.005408042143539265,0.8324400176777502,0.09972631978160754,4.825712438504968e-07,0.025185074667699953,0.03723480482799043,5.258330168697063e-06,1
0.854687597723758,0.14519068740494295,2.515679565557798e-05,1.9620244577291063e-07,1.6412343952701137e-05,1.3993362359710613e-05,6.595616688509465e-05,0
0.7819859803993217,0.21791368938807082,2.262174709374595e-05,2.0522692769816359e-07,1.6237567077797576e-05,1.5010321733321408e-05,4.625534977480151e-05,0
0.8203118167646369,0.17962451457419162,1.7460540704296687e-05,1.9988328417663645e-07,1.3203704222816436e-05,1.3355364793139799e-05,1.9449168167084834e-05,0
0.5965476713488346,0.39031141696923816,0.005797998294360781,2.574563351848154e-07,0.004648321800878187,0.00266630235014938,2.8031780203649065e-05,0
0.6610111060250744,0.3252179291375917,0.005424367279921804,2.609493518558784e-07,0.005783508364568901,0.0025375839194178135,2.5244324073710783e-05,0
0.12421275884541347,0.8364639669950991,0.009336938191080309,3.7502432701562903e-07,0.02587787627707528,0.004075510603309571,3.257406369529165e-05,1
0.0331614524719086,0.9494826231276812,0.0035624871324892895,3.351814854991835e-07,0.003281084759506646,0.010434642498027013,7.737482890230325e-05,1
0.11495279675243922,0.8453565932234743,0.0013668864900910226,2.499596873882627e-07,0.01163870385723521,0.026632666087858865,5.210362921402675e-05,1
0.07133274816853882,0.8531907489644457,0.0012820419170564738,1.9378866557462513e-07,0.006347571857763308,0.06782429823771875,2.239706581166377e-05,1
0.02774721378684242,0.9055475504731237,0.0035593088142791126,2.3703776330866825e-07,0.004969470015344267,0.05816340621644271,1.2813656204386872e-05,1
0.0216092364947734,0.5232485744095174,0.03293217996930434,2.0444079770950542e-07,0.0075199905786755864,0.4146830726607693,6.741446162038512e-06,1
0.010650995979352554,0.8601529438169234,0.0601801783498682,2.765580527250737e-07,0.021680951321222674,0.04732471371172958,9.940262850733544e-06,1
0.009429630269244049,0.8517076203606497,0.07818024342058899,2.638977430201928e-07,0.018892091611097478,0.041781531117762206,8.61932291467339e-06,1
0.01655397454785129,0.8524661063554211,0.058513670439004795,2.4509930229009687e-07,0.015242709704412558,0.05721700554199008,6.288312017935875e-06,1
0.016329036644518492,0.8201206182639919,0.05305376816330856,3.862472597736362e-07,0.024696223398644458,0.08579401921297912,5.94806929762612e-06,1
0.015224042646349214,0.8398461192104444,0.04433127720608017,8.778680810658419e-07,0.018794873136496255,0.08179659651198447,6.213420564216458e-06,1
0.018969024868218873,0.7913864460788061,0.04541533823779569,6.95197040977548e-07,0.02735027580029173,0.11687214992260068,6.069895245657918e-06,1
0.045931926658681274,0.5725136393865684,0.049524641648372586,5.188962445774418e-07,0.011227077404717779,0.3207980450082949,4.15099712048221e-06,1
0.013049358859844566,0.8603605454275965,0.04092054136580856,7.142042502878021e-07,0.017395586028292404,0.0682676187198235,5.6353943838932385e-06,1
0.5448740710678097,0.44975082333345967,0.004271149826449546,3.279140162349691e-07,0.0006053191484418933,0.00048819912730280044,1.0109582520346935e-05,0
0.6305406936546675,0.36252100869252957,0.004942671926000583,3.7946957331018525e-07,0.0014466231535415343,0.0005369240643802608,1.169903930727757e-05,0
0.6681397675518251,0.3227913268149205,0.004997032063003456,3.1831449156888854e-07,0.0025475199997035632,0.0014963869255968077,2.7648330459019094e-05,0
0.6672795684844308,0.32328544567086426,0.005573363331943043,3.166857279610192e-07,0.0023670687041842486,0.0014667302644119737,2.7506858437911783e-05,0
0.6259213849815494,0.35816467558781234,0.006301689351605418,2.4756132207380236e-07,0.006967631180172435,0.002617416923842142,2.6954413696272073e-05,0
0.5927538791892927,0.37799847350952387,0.010955251270623592,2.600177504653227e-07,0.0152080065099929,0.003068721173818756,1.5408328997615035e-05,0
0.03532315769495886,0.9139581542262055,0.008296523607519233,3.736905347009858e-07,0.03723639803529885,0.005155217656365204,3.0175089117594955e-05,1
0.05676418980884549,0.9270891773075095,0.0032418687244794124,3.2710497102595943e-07,0.00346797846153195,0.009360908640800565,7.55499518622568e-05,1
0.03158647753184763,0.9264360717438341,0.0011465509059099322,1.4145690214781118e-07,0.03034925516963952,0.010442867814724423,3.863537714230055e-05,1
0.026926758305032824,0.9321194089778725,0.0014021278239452351,1.4232468709650723e-07,0.03002079872707917,0.009496138002719453,3.462583866366557e-05,1
0.0737411548124543,0.9015384411013747,0.001087801052232579,2.538574426405959e-07,0.00957816474857601,0.014001274518433323,5.2909909486377144e-05,1
0.09632969582369219,0.8637711704083668,0.0008945242993240478,1.9472147507096624e-07,0.005170207345089625,0.03381170252706804,2.2504874984183466e-05,1
0.025834214839612006,0.8829462268367059,0.0033417174289108093,2.0487077310312587e-07,0.002948314381947312,0.08491552750915043,1.3794132900433441e-05,1
0.030960971970652104,0.8811173315151375,0.002625898469774402,2.3419497741148758e-07,0.0038960400522758394,0.0813837552393055,1.576855787722303e-05,1
0.024549785672764626,0.30149534795108657,0.011677833705395017,1.4962555025259926e-07,0.005678131885462451,0.6565944244566209,4.3267031201862845e-06,1
0.028261982704640237,0.7169295963309665,0.022045578495242326,2.7938523547649303e-07,0.01027668822535905,0.2224745727106929,1.1302147863436364e-05,1
0.02146846024818153,0.8036708979837004,0.06255005452579855,7.054752939397586e-07,0.018093270697897137,0.09420953696242862,7.0741066999054465e-06,1
0.004283474240383782,0.7640877443991914,0.1842872703345329,4.516182854288491e-07,0.014754419714384428,0.03258171864149065,4.921051731257886e-06,1
0.6228718053169998,0.37053938693134214,0.004276960995191443,3.750486105825626e-07,0.001871427078134785,0.00042848188860587853,1.1562741115369073e-05,0
0.5486216660112555,0.44397790850904767,0.003769977634411628,4.170872213812221e-07,0.0031237613318398434,0.0004958681710943342,1.0401255129658393e-05,0
0.11856688799938725,0.8339246531995886,0.014894979572400387,3.4316195967841116e-07,0.0297417506841191,0.0028632153108585205,8.170071686379516e-06,1
0.15807551277699486,0.7876002584683105,0.0008804974498768946,3.892895891666089e-07,0.04886688794323409,0.0045401300909940125,3.632398100031561e-05,0
0.050770523840345874,0.7911176190490729,0.009296192660665914,1.998586526704251e-07,0.007732487666553059,0.1410629874435132,1.99894811963089e-05,1
0.016224147721493252,0.8191875679898629,0.017583046966026764,2.3513312484914727e-07,0.004379205447042231,0.14261305971773802,1.273702471188772e-05,1
0.05936894968893895,0.7039458186194307,0.025890929720148403,3.4935292094801e-07,0.01148187344109835,0.1993019769832145,1.01021942479753e-05,1
0.025809580952394048,0.7578082766490548,0.03137889301633229,3.1194556918749064e-07,0.009540921566884714,0.17544939653810165,1.261933166327782e-05,1
0.02132323261645334,0.8275017151699515,0.05734136345160224,3.550884828697426e-07,0.020078848338765904,0.07374713310551237,7.352229231956024e-06,1
0.012447378565165612,0.8977534590291794,0.03602924683517729,4.901399438510855e-07,0.020928447440146374,0.03283553111375867,5.446876628671931e-06,1
0.012195518750626775,0.8488382460400321,0.08081403783017163,4.958787311512967e-07,0.021907625803708003,0.036238672361730145,5.403335000284226e-06,1
0.009852936015711652,0.7720707834404569,0.10251974290668413,7.149027348454574e-07,0.041186754229510215,0.0743628261629818,6.242341920397114e-06,1
0.009421048374693361,0.761291719866359,0.12544965248181789,8.466778566514664e-07,0.03846056453466494,0.06537004830296995,6.119761638252907e-06,1
0.00847418737481933,0.7156566062361177,0.19283466492614876,7.316787383976534e-07,0.02542016729792246,0.05760831260188447,5.329884368734088e-06,1
0.004334474440714528,0.8012919589296307,0.13762639844667038,4.413054862454103e-07,0.028299816278500027,0.02844246674611228,4.443852885994305e-06,1
0.7510479804407623,0.24885531576281095,2.4851689661200998e-05,2.605956474680486e-07,1.783818801430773e-05,1.648996675126005e-05,3.726335635258715e-05,0
0.7954912078183077,0.2044454008943267,1.848509371455908e-05,1.938353098209534e-07,1.290040950287366e-05,1.2951264449719772e-05,1.8860684388671686e-05,0
0.5840137341915729,0.41591110055325625,2.6416669158551235e-05,2.396801800037048e-07,1.499293784073447e-05,1.4899827696517811e-05,1.8616140295046267e-05,0
0.6253579617423453,0.36846589317296724,0.0034464808570664335,3.55469284151015e-07,0.002267883447558605,0.0004446161409007706,1.6809169877579554e-05,0
0.6856656349259754,0.3076550725066454,0.003973374293477936,3.0137444138719525e-07,0.0022270459866252377,0.0004608816995991436,1.7689213235320266e-05,0
0.6025092073109647,0.3882997994801677,0.005383405607126689,3.7460360460663793e-07,0.0030694019590658326,0.0007200970595302146,1.771397954010435e-05,0
0.5353962745611428,0.44737145492101366,0.008993485107613419,3.132638128102048e-07,0.0065786587597316945,0.0016456710139548351,1.4142372730796014e-05,0
0.06924887805613046,0.9119730457084457,0.0018215650629749202,3.0346661719961026e-07,0.011902333670224788,0.004983783727136954,7.009030846985495e-05,1
0.13006791607167945,0.6699594772919893,0.0010671752046919707,1.0823506267927269e-07,0.19108740416829226,0.007716869214845344,0.00010104981343919808,1
0.15184109578839894,0.6900476561862495,0.0006972227458976499,2.3281764489364244e-07,0.030400043352309128,0.1269999329841261,1.3816125373670528e-05,1
0.09510774980226135,0.7709724517674309,0.0009462974170715398,2.3287533939812503e-07,0.03144231784214878,0.10151696132366278,1.3988972085339494e-05,1
0.07604463930277981,0.7969125320974533,0.0255605233046132,3.6261573908796136e-07,0.013170963593153746,0.08829865754029063,1.232154597016926e-05,1
0.008695440636739915,0.9143569008406566,0.04477852814374006,2.3037506874833747e-07,0.013727357178424968,0.018436708190268696,4.834635101263105e-06,1
0.016093921151860594,0.8857078886488122,0.028093210776169643,2.812779319052925e-07,0.016212396114834778,0.053885045735477706,7.256294913290589e-06,1
0.014768293828095115,0.8807758197613134,0.027862479791376238,3.279983058120559e-07,0.019910428548656565,0.056673435954621015,9.214117632007578e-06,1
0.03428291076542985,0.7582540331729839,0.049374934015968694,4.0633092699263287e-07,0.04331750395805321,0.11476282837439061,7.383382246902618e-06,1
0.01278826018356251,0.8935804885868407,0.04087500694544048,4.989886290672364e-07,0.010504851901666879,0.042245327061012646,5.566332847740204e-06,1
0.012870101375511468,0.8961272270311751,0.04075541563765404,5.537299843560047e-07,0.01130769919799778,0.03893342083056865,5.5821971084736945e-06,1
0.014416535823195398,0.8205059859354691,0.07202889699460945,5.684115733154232e-07,0.058607460700744594,0.034435093796001466,5.458338406830834e-06,1
0.0165028684056095,0.83116069293779,0.0668796672190293,4.5479856716202535e-07,0.03402226031631242,0.05142859508942761,5.461233263937699e-06,1
0.009155105278998122,0.8155126505633935,0.06852622250496604,5.700243410079072e-07,0.04299684410441515,0.06380337813897749,5.2293849088174175e-06,1
0.009008179868241145,0.8031838971288824,0.07544984946057832,5.546024394265795e-07,0.05217369207891966,0.060178738956057805,5.087904881399529e-06,1
0.008188624196694924,0.8120473096355568,0.07331607799935089,5.608251666488374e-07,0.052759089168627524,0.05368319318262333,5.14499198011925e-06,1
0.00985295556703723,0.7762726982807039,0.10068066260050036,6.843941494243728e-07,0.04767528218606807,0.0655114383617006,6.278609840335049e-06,1
0.5920334143523535,0.407890388222733,2.677942302059525e-05,2.4297146969772e-07,1.5198820954630066e-05,1.5104432221344991e-05,1.8871777247148352e-05,0
0.6004683081604298,0.3923737686866501,0.003620416131228065,3.785338758863241e-07,0.002326101802466291,0.0011963349576969637,1.4691727653007997e-05,0
0.3817553283975884,0.6054166998780728,0.006306938101870862,3.508279827155113e-07,0.004999897536325304,0.0015077856516520652,1.2999606507739306e-05,0
0.19981367419846746,0.7582591162791269,0.017696750072906373,3.484595759269969e-07,0.021257016353608115,0.002964798437873484,8.29619844168315e-06,1
0.17472512783635313,0.7659948506982269,0.0018191477061342183,3.7861061817318927e-07,0.05328720496825689,0.00416382733792055,9.462842490290199e-06,0
0.16978347096551577,0.8105565312620456,0.0006990791358062701,3.1690997490931465e-07,0.013579740862265441,0.005340145081552958,4.071578283922235e-05,1
0.13997177955716406,0.8373995330184678,0.0015260236418183873,3.0282466789020547e-07,0.013960391232832721,0.007115506311582711,2.646341346660224e-05,1
0.06614156425015086,0.9226768886984078,0.0013297908492953972,3.070284099943482e-07,0.0041720938210834,0.005608442393052177,7.091295960029109e-05,1
0.14789715332544626,0.6786925502956545,0.0008359110237245516,1.0903554416597467e-07,0.16707312851023975,0.005399350654906151,0.0001017971544846083,1
0.06528135850572162,0.821021728277746,0.0008544480484816513,2.3472839270642765e-07,0.034270719633261365,0.0785225878444271,4.892296196949794e-05,1
0.05940014935959437,0.8393957838422236,0.0009895948475990683,1.9821091631182582e-07,0.043939014018537115,0.05626813547148798,7.124249641658205e-06,1
0.008009114208075931,0.9355105098177268,0.029118160750703614,2.168070290879826e-07,0.015844755634288856,0.011509450136704754,7.792645470944154e-06,1
0.019155108759479508,0.8676079717849728,0.027732065926622928,3.6495111302528426e-07,0.02530269414572455,0.060194055607759964,7.73882432716548e-06,1
0.027682993595832085,0.8392464232243824,0.033635527461805766,3.9603353185623943e-07,0.028575185189480795,0.0708457344322535,1.3740062713880491e-05,1
0.02413847565240192,0.8272277509637711,0.04365540004462984,3.592620328896388e-07,0.02080664699529177,0.0841648389818942,6.5280999781530105e-06,1
0.016112471025349025,0.8130509964000803,0.06991455760955338,4.4507748337642667e-07,0.049249170751023225,0.051667014634278835,5.344502231861858e-06,1
0.016037760884207875,0.8092810498412666,0.058658341803362025,4.430137526457718e-07,0.05613226790471184,0.05988521491590096,4.921636798241135e-06,1
0.01547841526052328,0.7810559243497572,0.08615219189949735,4.275628548824497e-07,0.05417455456637991,0.0631333521748794,5.13418610810252e-06,1
0.009410961419017315,0.8277967327191789,0.05530860459317941,4.717297009859378e-07,0.048105441764972924,0.05937264757848753,5.140195462896824e-06,1
0.010606254055188887,0.7704321430427171,0.1000478070819128,6.548542194172656e-07,0.05622331019887254,0.06268382315561336,6.007611475750217e-06,1
0.008478255355878818,0.8131322158590989,0.0903474622763094,5.876185883676069e-07,0.03258566356886747,0.05545042452729079,5.390793966301048e-06,1
0.008158922078045323,0.750049993612667,0.15400773638666984,6.204335616896449e-07,0.03574422557856784,0.05203373151644664,4.770394041525815e-06,1
0.6047519701042785,0.3882505911616163,0.005577184513945901,4.476264300590569e-07,0.0009933873813098384,0.0004002509862677594,2.6168226151730386e-05,0
0.5609379672811362,0.431587765348998,0.004948220398077126,4.975912337501611e-07,0.0020749611060765405,0.00042671262390314783,2.3875650575247738e-05,0
0.6246007750677254,0.3691512876590843,0.0039153705805116314,4.2560623681769216e-07,0.0019467380350062485,0.00036498141796687813,2.0421633468742888e-05,0
0.5459627750338109,0.4460283977505416,0.004712177186905245,4.843071902005508e-07,0.002622072095046673,0.0006511920645534666,2.2901561951990796e-05,0
0.6217562691724737,0.3708304409995457,0.004430282845091741,3.967277650298183e-07,0.0024001939871579905,0.0005479570754366728,3.4459192529218076e-05,0
0.48686141188291193,0.5062857554462855,0.004058997067228225,2.933834007165485e-07,0.0023624166868279387,0.00041788066676267814,1.3244866583028303e-05,0
0.3805550455461912,0.6073759870014206,0.005815108381753626,3.634989703383114e-07,0.005124897413521023,0.0011151290399053588,1.3469118237920781e-05,0
0.34282534878553533,0.6463291973294252,0.004451523515277685,3.3458281431861193e-07,0.005053030323055756,0.0013281678070778357,1.2397656813826485e-05,0
0.25706885399116625,0.707918338847748,0.016286812251181577,3.373136385465387e-07,0.01686969361169415,0.0018479331509376495,8.030833634069921e-06,1
0.053570882230146735,0.880738375668466,0.02975885883847051,3.32873457111698e-07,0.03239955725281728,0.003505113980494468,2.687915614791972e-05,1
0.16075324070212288,0.7931755781156905,0.0009176990437101189,3.6897180342070097e-07,0.04229644753997238,0.002839178948326012,1.7486678374702154e-05,0
0.2317526332158998,0.7494972182488681,0.0007328250487147053,2.6010593539840855e-07,0.01219361271279942,0.005808116896700208,1.5333771082274725e-05,1
0.08933708349481313,0.8988990085177251,0.0007462495062863759,2.966346388360833e-07,0.0069907273198536795,0.003984291381354336,4.234314532852454e-05,1
0.07253521665386073,0.9192517506636315,0.001474187831275107,2.953385876313005e-07,0.0025820927812869503,0.00408824371701996,6.821301433795969e-05,1
0.059961146782494625,0.8956211635048799,0.0007125582858486348,2.3587169478283964e-07,0.03791490160547313,0.0057343916834459285,5.560226616300149e-05,1
0.046015302721573365,0.7945444376637786,0.03473824615173022,2.3209387998274284e-07,0.01581511393614199,0.10887657353302982,1.0093899866131752e-05,1
0.08298991903588934,0.7500839690389429,0.01610260362835065,3.200863864759108e-07,0.007653214502461975,0.14315875857066615,1.1215137302555537e-05,1
0.0109093856814557,0.9106334992774914,0.03121305229318641,2.157447161285869e-07,0.018732712331830798,0.028506213635787023,4.921035532673864e-06,1
0.01210356206557703,0.9142661113629204,0.025005526770089874,2.1070077547395398e-07,0.016698916137859315,0.031920304382838556,5.368579939479443e-06,1
0.015605352004873257,0.8669675002093927,0.03937722829003838,2.8866455971363745e-07,0.015010605225435025,0.06303354187820832,5.48372749271904e-06,1
0.015228428961531208,0.8604844425064256,0.04641810802463429,2.8169231555546177e-07,0.01992040130556246,0.057942986232959674,5.3512765710885265e-06,1
0.012223358769433885,0.8617565764734646,0.05087613068814707,4.3283682573038325e-07,0.027600699899671545,0.0475375823959544,5.218936502904358e-06,1
0.012165204195721702,0.6632574270145868,0.27062141313658294,4.380366702722224e-07,0.029474319515233847,0.024477480280937276,3.7178202672300712e-06,1
0.012794973268702499,0.697592980141225,0.22858444657844312,4.6071298078297794e-07,0.03291176349441135,0.02811146551961128,3.910284625865836e-06,2
0.00997707399900928,0.8348408110277371,0.056870288586811014,5.658325782015344e-07,0.05260365552387106,0.04570241410018096,5.190929812106584e-06,1
0.009207623494862378,0.8044517187479092,0.08011412720143941,5.684995913770614e-07,0.05348105330760101,0.05273969335169185,5.215396904910127e-06,1
0.008263584482255117,0.7925435692775811,0.11106660112336383,5.727399853499552e-07,0.03470843746450527,0.05341260819368187,4.626718627399468e-06,1
0.5182452042625165,0.4743943121879081,0.004899417971467859,4.6957605497920146e-07,0.0020525740723115315,0.00034855696338463924,5.946496635653677e-05,0
0.343346300487242,0.6533583953315262,0.00021956356726588095,2.667683362832438e-07,0.0028184163100982546,0.00023028244377594544,2.677509175518001e-05,0
0.38843063104522896,0.6063717242248235,0.00026833780047345917,2.601486145010807e-07,0.004578359279028314,0.0003245768204800889,2.6110681351079465e-05,0
0.37898893153054003,0.6148515102697513,0.0003276648788500752,2.684215431831467e-07,0.005180954412974169,0.0006366677276380807,1.400275870326449e-05,0
0.29630515678589814,0.6881359360631027,0.00027416999200055575,2.631151813909813e-07,0.014514473593904115,0.0007587345451911292,1.1265904721958622e-05,0
0.24241257206046965,0.692335166005251,0.0005080974112644589,1.9249808974299217e-07,0.06396351691371732,0.000772212845874711,8.242265333147077e-06,0
0.0836774228232643,0.8915166442542132,0.00854985077544653,2.5355991308166097e-07,0.014074994637699824,0.0021749346388099493,5.8993106531612226e-06,1
0.14130029186355475,0.8075276201131221,0.0017634865815428882,3.011450436828281e-07,0.047820046765370536,0.0015601541751298523,2.809935623629703e-05,1
0.18278733709936573,0.8043520399617288,0.0007769952474123513,3.5817425907765447e-07,0.008889901987615986,0.003154781049508795,3.8586480109372566e-05,1
0.14536726339398023,0.8470927726949127,0.0009749534103178707,3.1385720739779617e-07,0.004048954940538103,0.0024819295443430085,3.3812158700697184e-05,1
0.06610733727176907,0.9280070564336851,0.001419919729488149,2.9815150546207e-07,0.001937433150823854,0.002459092561514564,6.886270121382883e-05,1
0.07794949944462835,0.9061592515731571,0.0010610312319512924,2.812494050505384e-07,0.003555658212009991,0.011209319389121867,6.495889972632132e-05,1
0.1384774533764424,0.8025918127932008,0.0007373001458334187,2.3313966348624848e-07,0.054711719781710744,0.003474184487763179,7.296275386052502e-06,1
0.12472701095720308,0.814212986508484,0.0006302895804165367,2.1773440444865407e-07,0.05431973747757765,0.006090398085062116,1.9359656852264877e-05,1
0.08503633824109244,0.8167632936275537,0.015523697837710237,3.085789391765295e-07,0.014137461428417257,0.06849181250664509,4.708777964197029e-05,1
0.009698437779363843,0.9175779990444195,0.027049872486178034,2.126511223995516e-07,0.023838224425255263,0.02183034261306477,4.911000595935959e-06,1
0.016607082751104122,0.8738591028027621,0.02478006394428332,3.007600236004071e-07,0.0545946877256197,0.030152384370258956,6.377645948202493e-06,1
0.021023538877841332,0.8614641084983569,0.03471315733040654,3.001717876398452e-07,0.020313347241611053,0.062474266010560026,1.1281869436553652e-05,1
0.014697067205938845,0.853991356481474,0.05869850348112644,2.8434403695459993e-07,0.014593766623569699,0.058013620212835966,5.4016510180033495e-06,1
0.014565400226013377,0.858337925042081,0.05443257616271665,2.7214074317983705e-07,0.020061941788760324,0.05259629665444379,5.587985241846181e-06,1
0.009805054815466683,0.7302048958856421,0.18629794426509502,3.6669888006523756e-07,0.02522840963776626,0.04845890721991661,4.421477233406015e-06,1
0.010353355610912053,0.7416364503464666,0.16880347139049004,5.14667355303543e-07,0.026940540921917385,0.0522612988424462,4.368220412323209e-06,1
0.012841583429727908,0.6531211999781439,0.2761815846606949,4.987966854860489e-07,0.03969457464725837,0.018156622756164774,3.935731324701485e-06,2
0.012143698866020566,0.6578713579288459,0.2696989008857875,4.4347104116264367e-07,0.03999776981966772,0.020284065084345035,3.7639442920143375e-06,2
0.011410690699659633,0.6225524771126919,0.309733848346759,4.1966258581728546e-07,0.032244748952382905,0.024054253355025344,3.5618708953751794e-06,2
0.008843145512570993,0.8323339979112944,0.05661397772513614,4.7184780483740606e-07,0.052723100128823835,0.04948016539199049,5.14148237970575e-06,1
0.007235740065242172,0.8163393525681519,0.10527625664110135,4.973226698112008e-07,0.027541425698400276,0.04360195589550024,4.771808934099188e-06,1
0.3403777703696892,0.6547847208762675,0.00024274824494004957,2.708957745112469e-07,0.0043193317638987195,0.00024154623721544776,3.361161221451379e-05,0
0.3823356208160534,0.6124435134700814,0.000256941984590033,2.533784840059183e-07,0.0047237578978297405,0.00021448127828535392,2.543117467600671e-05,0
0.27697461521830846,0.7051030244214217,0.000252181162458772,2.551823189239264e-07,0.01684408198851801,0.0008149157866995875,1.0926240274419808e-05,0
0.18824525799529032,0.72406323908746,0.00036619163822674286,2.064064998368564e-07,0.08651124979939338,0.0008050172860097285,8.83778711992898e-06,0
0.120827146691958,0.869910658298098,0.0009738445940739096,3.172023317499058e-07,0.006007830200055956,0.0022472180865513573,3.298492693090478e-05,1
0.07715969752434214,0.9111179204406917,0.002290881047490186,3.008945325827108e-07,0.0066820317732411184,0.002706217095355404,4.2951224346892974e-05,1
0.10956688973811428,0.8827798979622726,0.0013918086462641748,2.6753386117746144e-07,0.002372233397264849,0.003843351775109457,4.555094711354205e-05,1
0.30438096739679604,0.6708035866395429,0.0006068899065249736,1.8723157226672337e-07,0.02035001151348236,0.003815113284858595,4.3244027223062334e-05,1
0.09414597254788426,0.6806675362993607,0.002950960019599978,2.795304714410421e-07,0.08847664263986907,0.13374920594509707,9.403017717600681e-06,1
0.013839850478195439,0.9142558387073512,0.019898652442090443,2.052086755977015e-07,0.030934398260058567,0.021066315780144375,4.739123484417904e-06,1
0.02386935516045568,0.877211928873871,0.02991926419049794,4.643586562676919e-07,0.02925925734762007,0.039731972012390475,7.758056508712309e-06,1
0.01968442659786312,0.8924575885887711,0.029008491450188155,2.729319097722375e-07,0.021050338721654703,0.03779113845293658,7.743256676474266e-06,1
0.01635380249112802,0.8421580142834665,0.051412351877362934,2.575509407057184e-07,0.017957626972340372,0.07211173455154278,6.212273218533996e-06,1
0.01974574322282923,0.6399525392001477,0.19421592123378872,6.571242280803038e-07,0.04383299661171303,0.10224695760008687,5.1850072062042014e-06,2
0.00802448147294428,0.7144657078690452,0.2074040438359952,4.569966573699647e-07,0.03522107204348151,0.034880359039409906,3.878742466402576e-06,2
0.007260939385930688,0.6239802129347343,0.3032872899158658,3.573294021905292e-07,0.03787630989274062,0.027590996906967393,3.893634358957072e-06,1
0.29966017331618106,0.6777788543822039,0.0002721176364161304,2.760829827516776e-07,0.021572881928274043,0.0007038755018420736,1.1821152099972127e-05,0
0.19764421125123252,0.7657044667888568,0.00021039396388376685,2.128978194405532e-07,0.03578071311842628,0.0006541448866741886,5.857093106813107e-06,0
0.15445287381038048,0.732542718061811,0.0004094879542223177,2.1626959278661673e-07,0.1115772064020199,0.0010120921461972629,5.405355776479585e-06,1
0.19009228198530523,0.7637191685649931,0.0010597865239963407,3.702990565961522e-07,0.04280031736796002,0.002313671007714979,1.4404250973680323e-05,0
0.18962678790025275,0.7660597763917963,0.0015543395201823335,3.7864270919436943e-07,0.03994700936469809,0.0027969793699162172,1.4728810445061838e-05,0
0.13636751768238287,0.8572902593916251,0.0008750515653286587,2.6900597428231995e-07,0.003740105223027738,0.001695624120513037,3.1173011148351666e-05,1
0.07910309921500298,0.9142201638356926,0.0010348259676798235,2.860235699310614e-07,0.004421184226017945,0.0011860621083470216,3.437862368984639e-05,1
0.07819021360400973,0.9110230109605607,0.001973935019037825,2.831047972586317e-07,0.006171367936458207,0.0025994404075371054,4.174896759920431e-05,1
0.09551573066543534,0.8973756619400145,0.0017233439803660726,2.8167208081358185e-07,0.0030437179959102835,0.0022933055924100366,4.795815378297137e-05,1
0.3117100347264644,0.6663989410572161,0.0005190657891563763,1.8241790216168562e-07,0.015436921197124445,0.005892722576469463,4.213223566704979e-05,1
0.11032770393721736,0.8234060418079948,0.00044871551059725396,1.9453239656025628e-07,0.060279747100856686,0.005493109149984971,4.448796095224364e-05,1
0.10978701615869756,0.8077623001004154,0.0006711974097917322,2.1684487762724898e-07,0.07848313918275816,0.0032892132239311232,6.917079528230336e-06,1
0.11250506073967,0.8159766280661429,0.000476932164386265,2.295409333503604e-07,0.06798368798499228,0.003050139436098694,7.322067776477387e-06,1
0.2329972338358241,0.6819117359484852,0.008743292410403948,2.4587062869428794e-07,0.016769089677506142,0.059573200929144844,5.201328007111628e-06,1
0.25217550702397173,0.6682931702621966,0.006317158459511018,1.9844052933771858e-07,0.018450676952223313,0.05475744001454684,5.848847021130475e-06,1
0.023839994670622016,0.8971882706530624,0.02818492107550461,2.0399509515604792e-07,0.03657455888016665,0.014207248853515757,4.801872033148699e-06,1
0.022482557359490632,0.9043773840759421,0.020920716541965593,1.8786720048073705e-07,0.029044869278440286,0.02316888845029039,5.396426670569824e-06,1
0.02002133420406837,0.8858940471760555,0.02836559787695264,3.1825055379802894e-07,0.028042337612247854,0.037669400475617607,6.964404504376056e-06,1
0.032208639777393945,0.8577763753065458,0.0306364389983239,3.817460701475005e-07,0.048084514765863194,0.03128539846597483,8.250939828060594e-06,1
0.014383558393052281,0.8909103820018505,0.02955918003790687,2.305018488123966e-07,0.01558892247187927,0.04954840775790715,9.318835555089256e-06,1
0.01574735852193397,0.8712541685553603,0.05269008709233867,2.3315648912478336e-07,0.013680247599011267,0.0466214393264623,6.465748404287596e-06,1
0.009228079268969307,0.8165164259704558,0.04596463832213147,2.4330635629944287e-07,0.011740534293658412,0.11654502057883886,5.058259589841089e-06,5
0.02050955574059043,0.6162940010220166,0.19696805272391485,6.825433630030949e-07,0.044549218187446796,0.12167310420699723,5.3855756712190725e-06,2
0.006668256107012575,0.5859309803006575,0.3504154010289352,3.270044811138742e-07,0.03787420558396179,0.019107266775631,3.563199320830073e-06,1
0.006850829313905916,0.6344099553371493,0.3061616903593236,3.3595768504415934e-07,0.02740498358450268,0.025168544689663105,3.660757770350328e-06,1
0.007423163124813446,0.7945684995659021,0.10500477942384753,4.680329619796738e-07,0.04477906592843423,0.04821953314973031,4.490774310118152e-06,1
0.20059147557819232,0.7970000139167063,0.000677881184881398,3.272664754528988e-07,0.0015686879061704846,0.00012100829507027527,4.060585250390039e-05,0
0.29034511797156487,0.7057256077524215,0.00018007051366898742,3.211118666501919e-07,0.003563499570590378,0.00016777348294083033,1.760959694694313e-05,0
0.2749024394921794,0.7210962764928877,0.00023043239964506593,2.944259312416728e-07,0.003662876140063631,9.766774537439172e-05,1.0013303918720438e-05,0
0.27978485908674094,0.7135960323407425,0.000162878453018863,2.841194893902937e-07,0.006365762048804236,8.052116510196445e-05,9.662786102089105e-06,1
0.19920367086599322,0.7525539969308914,0.00018516374260426835,1.99458870478805e-07,0.04737787807161272,0.0006737285422797847,5.362387747977427e-06,1
0.18891554689427728,0.7375870094896131,0.0003211561949597672,2.2964189679174002e-07,0.07230422384218138,0.0008629011043881698,8.932832683578026e-06,1
0.18613058491848966,0.7957621815517545,0.0007867460850836321,3.781908421751975e-07,0.01503261385712032,0.0022780430459330286,9.452350776747227e-06,0
0.19576816060324312,0.7773563389531207,0.0008555805114474884,2.687098921703884e-07,0.023334324452870283,0.002676442248396568,8.884521029688034e-06,0
0.17839659028239727,0.8123131896456609,0.0006291488418159002,2.9362375216842367e-07,0.006996156376802873,0.00164855457451591,1.606665505495457e-05,1
0.16035548976997152,0.8333549232519155,0.0008796756834046571,2.704275080953165e-07,0.004128764420564857,0.0012649594476383211,1.591699899700095e-05,1
0.17858303186133195,0.8156951165167121,0.0009264802259994373,2.646968195308208e-07,0.003694439263491506,0.0010850877372609285,1.557969838444251e-05,1
0.17426856304139415,0.7786069599979104,0.0005915134942813948,2.691283284761327e-07,0.042103029446772876,0.004353269371571232,7.639551974164016e-05,1
0.1023749183014398,0.8269705438692401,0.0007176069502026634,2.5639921795946547e-07,0.06535073695135224,0.0045706631117267355,1.5274416820561763e-05,1
0.15202485643026797,0.7485103466485521,0.0036289505343300695,3.1952530158612425e-07,0.03265697184219772,0.06315816901252863,2.0386006821794277e-05,1
0.2609799865759855,0.5763227605753904,0.003034427607007075,2.460215876885709e-07,0.04716529037250718,0.11248713610566542,1.0152741856699242e-05,1
0.2447233751208378,0.6185995592413848,0.007584356210309506,2.535596157352756e-07,0.019513507632803576,0.10957147480505894,7.4734299899409085e-06,1
0.018476571197659643,0.8762352863874852,0.030649062197102846,3.100063361694719e-07,0.04570751542003864,0.02891846154695286,1.2793244424769618e-05,1
0.0286789151842796,0.859269979116945,0.034470762765142875,3.4866172416848465e-07,0.030670804565858318,0.0468973148502216,1.1874855828646782e-05,1
0.021927931663995644,0.9049468022589807,0.02712096644503527,3.379414415481143e-07,0.026380464674160675,0.0196161928560614,7.30416032454291e-06,1
0.018706993222667077,0.6580898224122728,0.0390506063402608,6.993845385650517e-07,0.052677719684305194,0.23146864049579632,5.518460159293412e-06,1
0.006890454366275641,0.7784452157191342,0.17733596124779225,4.3444549341151765e-07,0.023565315562241174,0.013758450156373666,4.168502689867767e-06,1
0.25097141765205006,0.7480786057373303,3.966532248307994e-05,3.098978021257733e-07,0.0008536103862063442,1.993800372414301e-05,3.645300040386372e-05,0
0.17588914017801657,0.8179511479733297,5.7374132538733443e-05,2.9459316679125894e-07,0.006074154522558957,1.7869608858855692e-05,1.0018991530463596e-05,1
0.2346879951632139,0.7555116375729809,0.00025198313870888157,3.036117259203316e-07,0.0093520724963634,0.00018568230801758645,1.0325708989375972e-05,1
0.1611303582128585,0.8005178161149955,0.00018030939581744392,2.0368835785344537e-07,0.03751957499923509,0.0006432148275739454,8.522761161775391e-06,1
0.1844339387054245,0.7978494986819342,0.0006772824326739412,3.74743498685284e-07,0.014692524381601174,0.002337014865616355,9.366189251187326e-06,0
0.21943348548082603,0.7653684785422202,0.0005376390667210281,2.8084656416189056e-07,0.012949581167125208,0.0016951673902144797,1.5367506328881766e-05,1
0.15504577800723562,0.8333986102466923,0.0005410761686240002,2.566244279151166e-07,0.009680294226159226,0.0013260190443054154,7.965682555386423e-06,1
0.16132113196818856,0.7915877117407618,0.0010410751760062365,2.891865669198729e-07,0.04375441451692624,0.002286400992547343,8.97641900297843e-06,1
0.10206274604883542,0.8253781327234104,0.0020454997882112,1.7956328195847267e-07,0.06874918476199916,0.0017480265658573804,1.6230548404399432e-05,1
0.084436810990559,0.7847607565878914,0.00042887219771750807,2.0130427501078461e-07,0.12705523437480254,0.003311703190951375,6.421353803044008e-06,1
0.1462894894609377,0.7640557369368827,0.0006463715157161392,3.277141436692143e-07,0.08367851793881971,0.005264826419756715,6.473001374346698e-05,1
0.14301573150972055,0.8000544671106727,0.0018439010420392495,3.431545002580914e-07,0.04544714151093168,0.009570635883112358,6.777978902326345e-05,1
0.2078981275930309,0.6917381702156382,0.006333848868873865,2.0093989438300105e-07,0.009560845336947095,0.08443755369028619,3.125335532950033e-05,1
0.027046068240767152,0.8892304348934228,0.0223993824571822,2.0355640023996453e-07,0.044452094985431886,0.01686708337745814,4.732489337627287e-06,1
0.02801191667811935,0.8829471011717125,0.0297735342215035,3.1719188634125497e-07,0.03906118702486701,0.02019514066798884,1.0803043922592353e-05,1
0.016190601882205287,0.9226271940647693,0.022615754975215594,2.6551891769961004e-07,0.021953532292136476,0.01660684080979225,5.810456963408032e-06,1
0.013772498069670184,0.8082795817570516,0.06149908584303685,2.4940569542445325e-07,0.01112794859673154,0.10531545126495852,5.1850628558552595e-06,5
0.009832931711534891,0.894479470723515,0.06900072012769456,2.719111215330415e-07,0.008383479651414458,0.018297472931413927,5.652943305707227e-06,1
0.011467491165641748,0.8963442667651716,0.035972692181549935,4.422485909026729e-07,0.011447917649147096,0.04475872601144828,8.463978450366893e-06,1
0.2149672654478019,0.7830097005965692,5.5761106400880243e-05,3.029903347883166e-07,0.001931879559279859,1.9052699961311822e-05,1.6037599652043087e-05,1
0.18167861589657677,0.8148387373781052,6.262466851722433e-05,3.215525638716565e-07,0.0033910735045851927,1.769113019800736e-05,1.0935869453861929e-05,1
0.14006304497832253,0.8538132205614999,5.900016932645109e-05,3.0294221374703543e-07,0.006036023913459696,1.8104496019773664e-05,1.0302939157791419e-05,1
0.241451226807495,0.749812169477389,0.0002264221870301715,2.9801636493955156e-07,0.008416962765696666,8.278533294337777e-05,1.0135413080998557e-05,1
0.2346034935846823,0.7552396086354567,0.00025189240985430407,3.035024077164621e-07,0.009708764425087333,0.0001856154513889721,1.0321991122561125e-05,1
0.1585751447546716,0.812986881456767,0.0002560204186441895,2.2604430534639797e-07,0.027529824893179615,0.0006422238057806266,9.678626651305533e-06,1
0.17623867827246265,0.7985552629130233,0.0002474750366090222,2.2203171269189002e-07,0.024351969733015427,0.0005968851952606805,9.506817916078874e-06,1
0.17529030836615156,0.81999138834514,0.00028914147406568187,2.5625967460130956e-07,0.0039014690035736417,0.0005140682414361216,1.3368309958529861e-05,1
0.2699284843482746,0.7156149657696169,0.0007123236410416247,3.35634844969719e-07,0.012324658953048932,0.0014108429299840848,8.388723188816071e-06,0
0.23134975370207128,0.7439607904898614,0.0012294124888141097,2.2317241487899447e-07,0.02074933209914488,0.0027017560021632193,8.732045530391523e-06,1
0.21617302517887904,0.758536180259328,0.0011736389361579327,2.2276696216586585e-07,0.021252172794110277,0.0028557554833100953,9.004581252685161e-06,1
0.050383454481190804,0.8964573266589122,0.000961383540056361,1.5110744803319484e-07,0.05096263154438026,0.0012188078995758144,1.6244768436514248e-05,1
0.060532529257030336,0.8208462052758518,0.0009792311831326108,1.995095613057407e-07,0.11446047973281243,0.0031702045659099216,1.1150475701475208e-05,1
0.08482705068057758,0.7775706591230652,0.0005311369870115466,1.9869995268987976e-07,0.13366098337193597,0.003403632858268513,6.3382791885640175e-06,1
0.10646576448533715,0.578006205982223,0.00048664142873501196,1.7920872791448908e-07,0.3130403211018166,0.0019902118292090838,1.0675963951189949e-05,1
0.15345836029750634,0.7311650436583864,0.0007799021594696777,2.9652494309319204e-07,0.11139111141104793,0.003146716417814527,5.856953083195897e-05,1
0.17695443936922883,0.7804476274356762,0.001444932943808424,2.2995800694810515e-07,0.02108505777978689,0.02002638272311928,4.132979037342596e-05,1
0.021342358935861772,0.8973928769102987,0.025576523982291297,2.0542488927151892e-07,0.04519738805418487,0.010485870762574213,4.775929899598713e-06,1
0.057016485044281175,0.8140960705476336,0.025398178381303885,3.303317309975467e-07,0.08104589867431587,0.022435808238984334,7.22878175023588e-06,1
0.036577794410121274,0.8585904474583402,0.02943444480416669,3.000339524304709e-07,0.04574652252295697,0.029643156411186495,7.334359276048874e-06,1
0.01376632182243564,0.9215506668692895,0.02244289980047133,2.0953441114681658e-07,0.02715086460209786,0.015084105108447337,4.932262847293021e-06,1
0.008997617782900997,0.8901510314483614,0.04996994201627112,1.9804865831989785e-07,0.012835652982642078,0.03803896449566974,6.5932254964840175e-06,1
0.011180979750670571,0.8717543773734043,0.0666708344660817,2.18807836024827e-07,0.014783090980058745,0.03560321430396562,7.2843179830036825e-06,1
0.017844011556461,0.8024590401165113,0.07095265507049467,2.5512673237538254e-07,0.011383209026937822,0.09735559047376707,5.238629095577865e-06,1
0.009136642485206556,0.9020547528339828,0.0551888875396274,2.7421391720583693e-07,0.00819854572948293,0.02541202468969422,8.872508088941963e-06,1
0.015349123083997312,0.8407614318920911,0.041414873627545486,7.147035559896017e-07,0.028598457553307786,0.07386975980537062,5.639334131586749e-06,1
0.011911934518935144,0.5515194925322403,0.07440584289477017,6.285627993285202e-07,0.03123978790231774,0.3309175576311401,4.755957797179643e-06,5
0.3076042449307168,0.6781852732401373,0.0006578264245710238,3.9249164392605167e-07,0.012053196626643866,0.001491337374796393,7.72891149078738e-06,1
0.18840807914787247,0.8031141955894096,0.000657968131817172,2.2205033275466477e-07,0.005944954434832995,0.001866744603218397,7.83604251630862e-06,1
0.19057998065012477,0.8021230027829237,0.0005981477049687416,2.1533966850459673e-07,0.005148469565825603,0.0015425847298767424,7.599226611896964e-06,1
0.2079848930346882,0.753365560838936,0.0035811920207074774,2.0411035554553656e-07,0.03228899791941944,0.0027707426503968003,8.40942549659552e-06,1
0.1471989878554805,0.8036530424034304,0.0005698670795319562,2.1838622952270638e-07,0.04723337970758858,0.0013027226572869227,4.17819104519651e-05,1
0.09407019042892789,0.5583111887520325,0.00042649460366263103,1.427920453485402e-07,0.34566892624289985,0.0015170665600216903,5.990620410118495e-06,1
0.08878091749702519,0.6088244220540193,0.00047603692506647665,1.7166777774730513e-07,0.2998678518297039,0.0020403732978985837,1.0226728508924046e-05,1
0.17337176344008942,0.7782422749089815,0.001304663308552996,1.8902590242573774e-07,0.029113790509188435,0.017960393780949605,6.925026335904917e-06,1
0.10810298662409938,0.8351060786083163,0.010556811825376978,2.1279062455502784e-07,0.02232463803891702,0.02390184396750076,7.428145164853134e-06,1
0.11757441979637576,0.8239550211983195,0.009077256902973821,2.0630004116579633e-07,0.021509837169140747,0.027877315148397825,5.943484751157639e-06,1
0.06664132868093585,0.8688130116471195,0.010143931477346694,2.226976281852212e-07,0.026081551849370846,0.028315882074815325,4.07157278359362e-06,1
0.022317731920734326,0.8617340784935785,0.04932190878769489,1.9726212700229895e-07,0.05373191089633891,0.012890005150074563,4.167489451762979e-06,1
0.012839897049625171,0.9009061936238493,0.03964801745926101,1.9740139853708712e-07,0.022952259235173737,0.02364921275656146,4.222474130782552e-06,1
0.012374581549534426,0.902230808047025,0.04020121562890225,1.9146596840288457e-07,0.02224869679248318,0.022938132434508467,6.374081578194016e-06,1
0.010775751807416606,0.9100741905178944,0.03231002609967653,1.931304436202515e-07,0.014784668097425234,0.03205103922999815,4.1311171455548675e-06,1
0.012017152520613101,0.8844933057819285,0.055408151402388264,2.1761820304956528e-07,0.016019988886865868,0.03205652887245979,4.654917541486093e-06,1
0.012232907555987979,0.8814337160958181,0.03769105995900937,5.27498604129198e-07,0.015341967799525751,0.05329450333462835,5.3177564262093e-06,1
0.01337338435449105,0.8694206281528439,0.04057989394002108,5.795733591956901e-07,0.019776543620379602,0.056843538612274876,5.431746630264326e-06,1
0.013278395688235146,0.8104729444608841,0.049926613819690956,6.871619642406532e-07,0.030525917210975393,0.09579001963972762,5.422018522777419e-06,1
0.008421822459956842,0.730189231911257,0.13095962963101124,4.923064471638221e-07,0.0226858941142129,0.10773803189639132,4.897680723492995e-06,1
0.26343943256336966,0.7337021255045005,4.231766837012322e-05,2.826410721067581e-07,0.002785330827438879,1.555030364472797e-05,1.4960491603929598e-05,1
0.1289726481750867,0.8635390613679219,6.179137504711823e-05,3.172739360064019e-07,0.0073977935529453975,1.759789996994576e-05,1.0790355093121967e-05,1
0.22172262978895288,0.7731753102448095,0.00022054783344911344,2.3812586227505299e-07,0.0041521894185534754,0.0007191208875900751,9.963700782900531e-06,1
0.2045822899468511,0.788584980329945,0.00020378057429457197,2.758942090766277e-07,0.005636655823275541,0.0009851218418161427,6.895589608850004e-06,0
0.2265621533611471,0.7661057848529642,0.0002703681097793191,2.756708337908191e-07,0.006121622145249281,0.0009329058533700907,6.890006656221709e-06,0
0.32239353013613936,0.6707003635226344,0.0005985839570439598,2.311788802161354e-07,0.005077178242579034,0.0012224693527082603,7.643610014913794e-06,1
0.3181883678952029,0.6768980977641812,0.0003606355255204464,1.9161482828868534e-07,0.003606936919581805,0.0009394348013406268,6.335479344583989e-06,1
0.10461750015044172,0.8115755038389241,0.0007350865767883305,2.020771328049904e-07,0.08184048628452595,0.0011925594373135846,3.866163487368649e-05,1
0.0869572629501067,0.7727412165334536,0.0007134224733914848,1.9037514050704347e-07,0.1376364073186885,0.0019413831181723086,1.0117231046820024e-05,1
0.08194700326731716,0.7736792866909495,0.0006184314912595698,1.9063905799980133e-07,0.14229009790401767,0.0014589088606363388,6.081146761687841e-06,1
0.08907886866660332,0.5564182886337001,0.00038722533188215706,1.423079227212625e-07,0.35259830722982377,0.0015111975202773166,5.970309790679639e-06,1
0.047116230227314,0.8869122041269542,0.01029642304081392,2.2733688563566562e-07,0.023815494749709495,0.03185538083423627,4.039684086687043e-06,1
0.023556981884776687,0.8749944404550885,0.020923482126744407,2.1509002598845911e-07,0.0639125049147937,0.016607374893594873,5.0006349759594075e-06,1
0.00985034800791507,0.897185950978034,0.04936654045405256,1.9651863064588525e-07,0.015099643058806707,0.028493117391095828,4.203591465250752e-06,1
0.009268018562862482,0.9068084147433844,0.05421068818110964,2.7021165066049754e-07,0.009101780767819163,0.020605209921311558,5.617611861969188e-06,1
0.009586735550477133,0.8935023858618566,0.05653650016879946,2.6624670727294494e-07,0.009008909527417758,0.03135966746275638,5.535181985420538e-06,1
0.00961736994117373,0.8622838913292921,0.06666118090188443,2.6709749799407583e-07,0.009812907248712149,0.051618899051363146,5.484430076457283e-06,1
0.013172474700904822,0.8804995824916794,0.042324384502170055,2.796311437696511e-07,0.014492532214193167,0.04950543433918136,5.3121207273636175e-06,1
0.05791391788552609,0.24233017067162377,0.35007914204235635,5.061630687192097e-07,0.026100479830542627,0.3235594215349646,1.636187191794706e-05,5
0.1839977627337818,0.8070282603863103,0.00019964063980935318,2.1169469966604862e-07,0.008252717367993044,0.000510363690497118,1.1043486908802795e-05,1
0.2560068762633624,0.7401304756022098,0.00019245771429874466,2.2794857177089284e-07,0.002977599683817945,0.0006828249267893801,9.537860950152847e-06,0
0.31581643553127703,0.6793386848193331,0.0003903619172047092,2.5939618975912406e-07,0.0035742550290742375,0.0008699130629617265,1.0090243959173114e-05,1
0.30336969681531056,0.6919206670868919,0.0004122650984174633,2.401562137651979e-07,0.0033620228548851883,0.0009245943530227206,1.0513635258343788e-05,1
0.19319389441099127,0.8035163516205314,0.00026839804745230244,2.3344582933492628e-07,0.0020883677812214246,0.0009093241265109363,2.343056746311219e-05,1
0.18941398575937576,0.8026660051762928,0.000651267815596784,2.2592111385790402e-07,0.0064195314488637864,0.0008376001201233327,1.1383758633847173e-05,1
0.13751913874976676,0.8081067591817029,0.0017266025818198445,1.919803505008059e-07,0.05077600099214052,0.001858918359968546,1.2388154251087252e-05,1
0.14167269221350373,0.8088743989030658,0.0009293043966920678,2.901247160062699e-07,0.04337259022504734,0.005143842968561176,6.881168413759873e-06,1
0.1603464637658741,0.7872460079707035,0.000681199101519015,2.9154850437187093e-07,0.04238230644361242,0.009339014542067292,4.716627719226245e-06,1
0.021248822856752093,0.8511887714650911,0.050959371039704535,1.9101972946320242e-07,0.06530029800191779,0.011298229293231621,4.316323573292505e-06,1
0.018899556724153853,0.8615095537625647,0.05522966519303714,2.600880897261127e-07,0.051846782863048176,0.012509973703229291,4.207665877366592e-06,1
0.013838722482784529,0.8668303676596381,0.059765774170628116,1.935386570978011e-07,0.03405809074522896,0.025502762578085897,4.088824977305746e-06,1
0.011474773145453133,0.8753470426522716,0.07775239707119966,3.1201841142956505e-07,0.02042974035977464,0.014990686966102151,5.047786787410511e-06,1
0.006736586399319486,0.8844232300640393,0.076279068016933,2.739552881519997e-07,0.008148106015237166,0.024407110305093186,5.625244089627053e-06,1
0.008837303656570133,0.8897889543259381,0.07046025505328686,2.756173527454481e-07,0.011155953355122587,0.019751598619738905,5.659371990913216e-06,1
0.008730162990559813,0.8653355968132113,0.045710913414406626,4.3104936392384497e-07,0.017639214959920792,0.06257859592063672,5.084851900922712e-06,1
0.015363891982497293,0.5652215924712886,0.10349446975424144,6.36541356837578e-07,0.03317980430080196,0.282734582350766,5.022599047811258e-06,5
0.16702426235607093,0.8294595666411779,3.948469888328725e-05,3.228614772338178e-07,0.0034474752390884485,1.7907818246989574e-05,1.0980385054927779e-05,1
0.18161284633481226,0.8109979810704518,0.0001389654644498166,2.0987793077209558e-07,0.007178923079545229,5.996511142084808e-05,1.1109061389280574e-05,1
0.18694038969430557,0.7942485955900996,0.0002168483434507569,2.0834241643922388e-07,0.017983382300438278,0.0006016550512777444,8.920678011578145e-06,1
0.25556237947794325,0.7407544473972909,0.00021129980009260715,2.281407452919174e-07,0.002778698695252408,0.0006834005867700723,9.545901905652563e-06,1
0.28075370469537275,0.7075234768191299,0.0003715767630922544,2.0814600775470674e-07,0.0101703642338376,0.0011698109804213317,1.0858362138423088e-05,1
0.12006432081691772,0.8722741328623554,0.0008254096677321767,2.0657043816675842e-07,0.005769942368657888,0.0010574769320476573,8.510781850923259e-06,1
0.0965564059891264,0.5989243488133491,0.0005090851562963481,1.475530289039457e-07,0.3024943146822607,0.0015116618954803501,4.035910458270193e-06,1
0.102447898034001,0.6178719261217198,0.000664524681397356,1.5985460281672223e-07,0.2773996880673471,0.0016114308544882773,4.372386443728129e-06,1
0.12236304860283426,0.5924254030746495,0.0004944058959910062,1.6449173929797269e-07,0.28302693100491194,0.0016850951371831355,4.951792690740622e-06,1
0.18949123638806414,0.7772650597426699,0.0005990882574648295,2.727882418754659e-07,0.03038030026126281,0.0022575220134541385,6.520548842314875e-06,1
0.04699466543930856,0.9209447806159563,0.011147546910826584,2.5963559927082617e-07,0.010466565596422707,0.010441824403213016,4.357398673391665e-06,1
0.01822085216212476,0.8514681687725231,0.05360182373338347,1.8320585989185274e-07,0.06938181739745262,0.007323392882380289,3.7618462760605187e-06,1
0.02194078080068874,0.8669194842946165,0.052070446858728005,2.639274519987074e-07,0.050025102414935706,0.009039651925077963,4.269778500986756e-06,1
0.02001367480245146,0.8571442462988672,0.04372272819620233,1.976414598570112e-07,0.06995657471857177,0.009158520083665677,4.058258781663162e-06,1
0.012401025154467891,0.8757075903983473,0.07734552505921402,2.5290920723696556e-07,0.020609675623311032,0.013930988093318511,4.942762133921564e-06,1
0.010369108946159977,0.8935322166123262,0.06252078074564824,2.7677685021615754e-07,0.00986238443848372,0.023709549300070767,5.683180461040017e-06,1
0.009552138776107432,0.8591506637074214,0.057788480585495676,4.827405101785968e-07,0.01961453356237144,0.053888652119859916,5.048508233823063e-06,1
0.00997117279183214,0.8265908272550699,0.05219886679640424,5.510221484511923e-07,0.02079741662942304,0.0904360013397054,5.164165416789278e-06,1
0.011158269414489812,0.5244246778032735,0.0690009760446633,5.829081641250907e-07,0.02724437647327962,0.3681665179472167,4.599408912943788e-06,1
0.051164282179916955,0.9437694981238104,0.0008755022518125076,2.600341277526365e-07,0.004122934081019176,1.4524041491808058e-05,5.299928782153077e-05,1
0.12196224800734073,0.8755501652133245,2.6195386770094354e-05,2.141964231335111e-07,0.0024420118566559172,1.1880607892567785e-05,7.284731593081612e-06,1
0.2615376350821124,0.7309322452270688,0.00012187042944856738,1.9588657167638314e-07,0.006536568813612152,0.0008511148992806936,2.0369661905843982e-05,1
0.2722000416465741,0.7122068056771299,0.0003527668256749783,1.9608401243811838e-07,0.014233188799709924,0.0009984433882050578,8.557578693617793e-06,1
0.1315920464443333,0.8608097957303943,0.0006600725888735305,1.8612493166372035e-07,0.005689044904984658,0.0012428282754445928,6.025931038288024e-06,1
0.13917743400476,0.8506225876661974,0.0010064532950551043,2.029712692579871e-07,0.008269346094833124,0.0009158813081880714,8.0946596967815e-06,1
0.24022323208692795,0.739744843102198,0.0008973180619841576,1.96125077329392e-07,0.01795472424111816,0.0011687250638738053,1.0961318820505099e-05,1
0.18611015436935613,0.769778049641334,0.0004057485419016264,1.9493913230965889e-07,0.04252763925623267,0.0011615874007217552,1.6625851321341558e-05,1
0.09474967965464624,0.6038059050963492,0.000596999572561083,1.49743102399423e-07,0.2995463223169855,0.0012964358106558578,4.5078056996350705e-06,1
0.24382246928365117,0.6843143072271368,0.0005192140331448038,2.9627136906535646e-07,0.03837466119819576,0.03296246825436892,6.5837321335620866e-06,1
0.06265137199704011,0.9069951491331957,0.00046258633937693917,2.3606660679687745e-07,0.022317287145710404,0.007568331344484769,5.037973585416541e-06,1
0.08447319297216983,0.8588608811085445,0.022711422615518808,4.4949621866126696e-07,0.016487113878803368,0.017462411915373847,4.528013370869155e-06,1
0.018763861477126657,0.8777199153386929,0.05334994197169699,1.9521571247964477e-07,0.038923640702780093,0.011238436844143882,4.008449846820159e-06,1
0.015554787470413344,0.798483253864235,0.12928494470557367,2.3543710063814717e-07,0.049080013032517196,0.007592956624265253,3.8088658948760635e-06,1
0.013499105267288194,0.8135753589227932,0.10977308438930176,1.683506231828094e-07,0.056384708942780463,0.0067641173100280935,3.4568171851411556e-06,1
0.01048529827016569,0.8206857344890346,0.13028010889192546,1.7590978851567378e-07,0.029443627394513967,0.009101443011729616,3.6120328424042353e-06,1
0.009536622523210485,0.8578596537888785,0.09238456848437757,1.8182586097115067e-07,0.029280480768935056,0.010934651235995772,3.841372741794278e-06,1
0.011702198669194292,0.8777138282649858,0.05628230794705167,2.252803962721714e-07,0.04125922477545054,0.01303758928173573,4.625781185635501e-06,1
0.0112142250384528,0.8885905383964551,0.06752758140991903,2.715482390391101e-07,0.009676073432100358,0.022985734355739293,5.575819094449696e-06,1
0.01047106557378956,0.884149210336983,0.053345844361457825,2.6661876763912936e-07,0.01798554495805799,0.03404259355084773,5.474600096105914e-06,1
0.007633981018954317,0.8616713238610202,0.07263806324207166,4.1063059883258205e-07,0.015319322711946803,0.04273156054452562,5.337990882462392e-06,1
0.0332126166241352,0.962806887969608,0.0004908156359848283,2.167225385008128e-07,0.003434412947201354,1.0901579913057295e-05,4.4148520619015466e-05,1
0.14694402868998108,0.8493897587718638,2.377292560723108e-05,1.9438825916864325e-07,0.003625150335904841,1.0483824239245142e-05,6.611064144648678e-06,1
0.08314761567036547,0.9132714097374843,4.07058038602893e-05,2.0900798208828482e-07,0.003521452335980914,1.1499169464008631e-05,7.108274863094845e-06,1
0.1880544025787743,0.804594378244031,0.00015216106779382114,2.0822074426600638e-07,0.007122238632486366,6.558991141965261e-05,1.1021344750556785e-05,1
0.22473023822437704,0.7697057153604654,0.0001949628414534825,2.0190447874338014e-07,0.0051685679681514485,0.0001872930525747479,1.302064849904549e-05,1
0.20952594946025319,0.7845401450072513,0.00023075982381877904,2.0579575527351087e-07,0.00522061802845761,0.0004690502908433143,1.3271593620356123e-05,1
0.1844234705885664,0.7962767511259243,0.0002355368257620346,2.088744297504144e-07,0.018414307614617483,0.0006407815132681178,8.943457431765913e-06,1
0.26886394418532217,0.7250040880323021,0.0002808202109687713,1.858825431451646e-07,0.005142654667788394,0.0006892908164324972,1.901620464294436e-05,1
0.2474785298894665,0.7356554798688948,0.001070163694008853,1.9504088365391304e-07,0.014584332337896995,0.0012044087323303438,6.89043651903334e-06,1
0.17121697938297667,0.641818202839374,0.00040501780044726194,1.745009306802825e-07,0.18520226460653613,0.0013489981561759323,8.362713559248536e-06,1
0.21699357718837328,0.6544642775794388,0.00044513545404925586,1.7420648957231948e-07,0.12684888685912593,0.0012396001096431602,8.348602880088471e-06,1
0.16220648494309658,0.6694479426992225,0.0003603813759493587,1.781948687564345e-07,0.16640916563638278,0.0015703753590232518,5.471791456885063e-06,1
0.07063895882945088,0.8725891890557219,0.028253975468038664,2.8822583672261674e-07,0.0207637183222431,0.007749394773142839,4.4753255659720555e-06,1
0.019258439031097786,0.8454726648877695,0.07013653184283207,1.5259353653245352e-07,0.046169654151077176,0.018958412543021618,4.144950665178489e-06,1
0.018305170848071893,0.8597973687361965,0.08978853211467996,2.416085196553992e-07,0.024597499371190032,0.007507248066547124,3.939254794743991e-06,1
0.015111378751903128,0.8084740779177297,0.11589133808014936,1.672950309419503e-07,0.056031165486048105,0.004488437326892087,3.435142246672166e-06,1
0.011026771830569547,0.8410690039095419,0.11562304830899578,1.595743278808901e-07,0.02706135565449866,0.0052163841124019195,3.276609664384878e-06,1
0.011019311271918074,0.8679971736028348,0.07125376741586478,2.68867220722219e-07,0.015522188496641571,0.034201769576950564,5.520768569442468e-06,1
0.009805894920908149,0.853471315067217,0.06070249627921457,5.090462027818132e-07,0.021405429725642782,0.054609339825351856,5.015135462801626e-06,1
0.010528639651497574,0.7962359833408617,0.05199343033774795,5.392984024366798e-07,0.007264280243709114,0.13396903130382806,8.095823953126522e-06,1
0.0483035144715811,0.2000857806307737,0.32832551194078724,1.022827413449746e-06,0.0036334266915858445,0.41963884746120644,1.1895976652192623e-05,5
0.0013700818042393398,0.12426319500004643,0.774982380933489,0.0,2.9044007862182326e-05,0.09934442681052019,1.0871443842930196e-05,2
0.1283845875071173,0.868581043612555,3.335750836918876e-05,2.1148251005644152e-07,0.0029819721442459505,1.1635312668516693e-05,7.192432533908794e-06,1
0.2120389803626174,0.7832624551150551,0.00018567211911755537,2.0270026210674199e-07,0.0043758938302528305,0.00012372390480211735,1.3071967892850976e-05,1
0.26902520074329306,0.7195601623441421,0.0005559780864172357,1.8924447054811077e-07,0.009784828696038786,0.001065381801030223,8.25908460822923e-06,1
0.1922460228220821,0.7827351343652729,0.0011897267966711285,2.020280240706925e-07,0.022714897542300574,0.0011068791662808056,7.1372793685398174e-06,1
0.24080966036908788,0.7423427958358744,0.0003983454075862995,2.0409603206956474e-07,0.015547676468053573,0.0008915368058770163,9.781017488692569e-06,1
0.21894022605010963,0.7591924302973336,0.000500686015967852,1.9966776516323914e-07,0.019981031334011676,0.0013672822289132604,1.814440589886138e-05,1
0.23698991555609997,0.7135498219330453,0.0003569293564419228,2.0098563067723705e-07,0.04750120237431739,0.0015869390315593171,1.499076290544181e-05,1
0.25369688010344765,0.6860225065342624,0.00031973086510709783,1.8924931388712966e-07,0.05876635897498513,0.0011854686134556648,8.865659428210481e-06,1
0.14716071117846177,0.5065784124073777,0.000433015333639176,2.82352251055567e-07,0.34406038959777013,0.0017609633661799491,6.225764320136367e-06,1
0.020546151358162252,0.8432191073725008,0.04821873328517719,2.4974020579002113e-07,0.08265660923267258,0.005354702869262698,4.4461420190141765e-06,1
0.019384929682990226,0.8700077275880043,0.07890559270265043,2.441482880911103e-07,0.023213263246852363,0.00848426196730489,3.980663909795829e-06,1
0.022496966831642484,0.8395867378720765,0.07209014224046653,1.824177369155917e-07,0.06109612668803361,0.004725721998975085,4.12195106886651e-06,1
0.009790498836328841,0.8324840428003057,0.10226831543583405,1.763778880107375e-07,0.05109020218927516,0.0043627788870457904,3.9854733224033145e-06,1
0.006892387811188557,0.8463196545414791,0.09507137591692139,1.7249306106421324e-07,0.04500791210316025,0.006702430935230376,6.066198959195413e-06,1
0.009092157419073883,0.8757187904295717,0.08162669426568928,1.858409564946943e-07,0.026053194484276194,0.00750244194555079,6.535614881599913e-06,1
0.013083209902780533,0.8092780980362344,0.13982281241041206,1.9373519815850505e-07,0.030173294515454863,0.007638413350122804,3.9780497969040625e-06,1
0.010560931330392568,0.8745250519175444,0.0741191275553834,2.1594755231369027e-07,0.02622502878999907,0.01456521031332086,4.434145807209336e-06,1
0.01442909324712758,0.8689019079201045,0.07206876409312009,2.9696261167005047e-07,0.016083641373663145,0.02851019873981836,6.097663554537126e-06,1
0.008694704403165453,0.8884324815557222,0.07365751250127749,2.7519717734072933e-07,0.009395073427225254,0.01981430217108729,5.650744345037333e-06,1
0.007421917315569288,0.8816605608154514,0.07208392544571625,4.460000837631385e-07,0.011464961613575677,0.02735968826297206,8.500546631514947e-06,1
0.008743450666111268,0.8431487539212388,0.06533553939314336,5.192412515643567e-07,0.02122998835014505,0.061533786762990546,7.961665119360538e-06,1
0.010144803217637091,0.8266212197650433,0.05714276691733953,6.921932085795115e-07,0.004587964250408502,0.10146621928528202,3.633437108094235e-05,1
0.013979868583691976,0.442598917696162,0.027880157422857748,1.266905865898452e-06,0.0042733279079936026,0.511262920436049,3.541047379665891e-06,5
0.0008953596479594726,0.07902247513517967,0.8083796961532126,3.6301144673230066e-07,8.353867748661244e-05,0.11158866645864253,2.9900916072465655e-05,2
0.0006645040110134581,0.030067779289331627,0.2465892783106444,2.899680785878755e-07,9.206496881079346e-05,0.7225834598587583,2.6235933628853273e-06,5
0.02908028668118764,0.9664970464539564,0.0003081969028484622,1.80048484509531e-07,0.0040387955411523326,1.0220866972184199e-05,6.527350539855678e-05,1
0.0461605585101444,0.948095359405384,0.0004232062271796738,2.3345951708164577e-07,0.005258638035335723,1.4421423047789973e-05,4.7582939391155636e-05,1
0.2174336537490083,0.7740106950235801,0.00022766275601593492,2.0303373458432836e-07,0.0076941751213786495,0.0006228635254534559,1.0746790828814886e-05,1
0.21553754020921745,0.7791047036471968,0.00019338010492088228,1.8382185601252642e-07,0.004666305187797576,0.0004838795498024018,1.4007479208815844e-05,1
0.21216679783428458,0.7836236824539916,0.00021858710834668662,1.742949344792282e-07,0.003318348890657888,0.0006482821446276198,2.4127273157017423e-05,1
0.19537087993125765,0.7853320248947799,0.001315814364368761,2.1468233288785967e-07,0.01685545658379399,0.0011204075566513868,5.201986815259252e-06,1
0.31315253237869983,0.6811713581636426,0.0004429128005206617,2.3325857914969734e-07,0.004057062359437577,0.001135118630399519,4.078240872073317e-05,1
0.20701767072086885,0.748071653479983,0.0005095215164183236,2.0319126007378562e-07,0.042623079250751934,0.0017594072443176264,1.8464596400253837e-05,1
0.20393061754856398,0.7479959139269475,0.0003639477324437948,1.9945208415025382e-07,0.0460852933799601,0.0016091515785675802,1.4876381432930535e-05,1
0.19153827070599422,0.7389633097757141,0.00030592850553401153,1.9256851225064775e-07,0.06764363689903222,0.0015342985835404778,1.4362961672812119e-05,1
0.15956422738730724,0.5858214737827385,0.00044162325321133936,2.5984972182495676e-07,0.25016160514128094,0.004002209025905394,8.601559834790384e-06,1
0.16112119410035589,0.5915376957041776,0.00046148035025283835,2.6238523604328083e-07,0.24114861902206522,0.005720224448369822,1.0523989542709079e-05,1
0.10908822446388482,0.8276501990297855,0.0007603910590593634,2.3511781762459556e-07,0.05177195346937263,0.010715886536918084,1.3110323161908115e-05,1
0.09312705978941628,0.8679778908992997,0.0062665055280245385,2.4610687207121404e-07,0.02145711311825956,0.011159308634143456,1.1875923984604786e-05,1
0.08594828154276776,0.8702094665462965,0.0077831736155599225,2.4673961411226265e-07,0.024466072926841224,0.011580852171873969,1.1906457046595768e-05,1
0.02280231984645963,0.8282933886313288,0.03686677477117715,2.215466071016852e-07,0.10761182522007778,0.004420816000897877,4.653983451815763e-06,1
0.011532563905359833,0.8608176343701447,0.0618905311412027,2.0322941756572084e-07,0.05937658505018675,0.006377890087333213,4.592216355297525e-06,1
0.009947674594270066,0.8714709440745861,0.06532093026755798,1.7764985939439717e-07,0.04635345449510743,0.006902804703553153,4.014215065904221e-06,1
0.007701872042472152,0.886253650833611,0.0795260214093466,4.22345338972967e-07,0.007862858168190177,0.018646630370047074,8.544830994020625e-06,1
0.008535692082798923,0.8787152604231198,0.0673658722985335,4.705602581212266e-07,0.015673109373610234,0.029703832669217792,5.762592461508176e-06,1
0.009769564849620256,0.8092002865213264,0.053730620881450704,5.915975668634895e-07,0.0068619609332777375,0.12042960818028685,7.367036471268424e-06,1
0.000819547861895448,0.06658216613810782,0.7759046026031736,0.0,2.1153354775985925e-05,0.1566654230607631,7.106981283920693e-06,2
0.0008570278340800198,0.08785160139842395,0.8323306790897328,0.0,2.169703165903816e-05,0.07893139624048583,7.598405618382659e-06,2
0.0006037330607388293,0.025669057039611143,0.2340145461223569,2.8395989698373893e-07,7.702013005123675e-05,0.7396323584271487,3.001260196221961e-06,5
0.00013707832290945021,0.019314922905436512,0.09094785643287931,2.1056023905083079e-07,0.00012720487894381892,0.8894720813687618,6.455308302577762e-07,5
0.09036722105419424,0.9062504968103561,3.0088601542251656e-05,1.7626649860055671e-07,0.0033342812345902462,1.1741282241574479e-05,5.994750576936503e-06,1
0.09135972391165414,0.9048249824022946,2.9685411186998738e-05,1.768148291773553e-07,0.003767496995072799,1.1921065889818587e-05,6.013399072638823e-06,1
0.1780325812961449,0.8159546249823177,2.570390517778176e-05,2.0445948933853047e-07,0.005967428755139999,1.2503019220897742e-05,6.953582509458364e-06,1
0.20275420519780094,0.7911199424844042,0.00015750538541196748,1.982364882721195e-07,0.00589118222587494,6.418236711361973e-05,1.2784102906191974e-05,1
0.19801765417417777,0.7954695227514302,0.0002654880920635846,1.875343343492628e-07,0.005691428555188061,0.0005457925016642507,9.926391141839959e-06,1
0.19776861038304655,0.7944690728344692,0.0002666540915568027,1.8729847526998833e-07,0.00688203510635325,0.0006054206546742026,8.019631424551993e-06,1
0.21164276498087664,0.7839959094727842,0.000237735678177411,1.7437772585639624e-07,0.003672065148567723,0.0004257221883725248,2.562815349556868e-05,1
0.2533728967268514,0.7355196808041757,0.00038542022352910775,2.2066456732435455e-07,0.009957128631627746,0.0007564833536954341,8.169595553325752e-06,1
0.19964220399456833,0.789776145516212,0.0007215652036390703,2.1176726887876178e-07,0.009138447035076607,0.0007162951315964684,5.131351638451829e-06,1
0.21579567614161116,0.7702269566714517,0.0005790459259585503,2.2072724929972742e-07,0.012544291280922342,0.0008460113641244807,7.79788868276133e-06,1
0.21131140518717115,0.7753320333116587,0.0004757889878694731,2.0124399286183386e-07,0.01189246998369965,0.0009809917046235597,7.109580984629858e-06,1
0.16764131323945586,0.8043374626552856,0.0004514311665215217,2.0605860250590193e-07,0.02651193422923327,0.0010389274905341606,1.87251603670855e-05,1
0.11027445561275964,0.8281455758422364,0.010278000588013286,3.5285030013918754e-07,0.036275999332958726,0.015015632446917787,9.983326813914805e-06,1
0.07272520040873318,0.8415870787014664,0.022004786948530256,4.636776137399455e-07,0.04884470686861141,0.014831122130644274,6.641264400613877e-06,1
0.11815377607430715,0.7843853426897258,0.020827011180068182,3.3795711174210006e-07,0.06360836332378406,0.01301902497408352,6.143800919760333e-06,1
0.01734166403847111,0.8803507952364285,0.052521079702543556,2.532929908016559e-07,0.042306328386204954,0.007475334707570176,4.544635790865734e-06,1
0.016694986420249275,0.8644372854019088,0.04978882080161966,1.8781703687713543e-07,0.06403544369647797,0.005039031907876068,4.243954831351045e-06,1
0.013235563734650234,0.8411531267972305,0.06689276738547763,2.2549322597083442e-07,0.07166290352305137,0.007050676177111313,4.7368892527572965e-06,1
0.010119835385092703,0.8757399926991564,0.06380306864559694,2.4122975567509797e-07,0.04040359615154011,0.009928198425602008,5.067463256082182e-06,1
0.012909973227167377,0.8178560674015117,0.13379997037739136,1.857483206502757e-07,0.02916600713294108,0.006263982060929971,3.8140517379477606e-06,1
0.0006568167814536736,0.029297278498684153,0.3176382718961169,2.8311857591153295e-07,8.610330535415427e-05,0.6523179098763856,3.3365234296517354e-06,5
0.03365672430824765,0.9612458193651864,0.00025415036588261557,1.6358488098074738e-07,0.004800532248011722,9.28627259329304e-06,3.332385519704787e-05,1
0.054001521394104086,0.9433729633989978,1.9060813148214382e-05,1.1348857411440738e-07,0.0025949960351026925,6.8909131274468686e-06,4.45395694571264e-06,1
0.09037068755206491,0.9062852606924456,3.0089755744759612e-05,1.7627326020542783e-07,0.003296049013309567,1.1741732638625695e-05,5.994980536316329e-06,1
0.09665766269108642,0.8983926182302535,3.323726197901291e-05,2.1256326017358724e-07,0.004892019477151354,1.2998577548076697e-05,1.1251198721499677e-05,1
0.1930116603016949,0.8007720709577868,0.0002518343519958905,1.8279336449711645e-07,0.005547546149390625,0.0004070299991859868,9.675446581168577e-06,1
0.19410985820150417,0.8002295428711047,0.00023245603735752023,1.803582127429872e-07,0.0049455986198148035,0.00047263341406115594,9.73049794489731e-06,1
0.19946548969477065,0.7974276898855664,9.877846284499033e-05,1.7173657107986994e-07,0.0028118664679754467,0.00018066663550610012,1.533711676538054e-05,1
0.1792212778422001,0.8063490683599337,0.00037994466478875714,2.0929472688502265e-07,0.013036377114142786,0.0009975122170410335,1.5610507166709174e-05,1
0.19795686956125624,0.7844812695060559,0.00033525595858744365,1.90174525218549e-07,0.016530159596066008,0.0006787203762003769,1.7534827308626972e-05,1
0.2025712464739474,0.62594980951566,0.0002152290472306944,1.672394569884764e-07,0.17020811554719034,0.0010475976008528618,7.834575661938612e-06,1
0.06283669731108497,0.9083456503303611,0.007836361214386568,2.575527661547701e-07,0.007613806210080965,0.013349902334155518,1.7325047164864056e-05,1
0.01675368734414812,0.8186924331548981,0.1118900135964412,2.649760508213868e-07,0.03985432693448093,0.012804594348173081,4.679645807678793e-06,1
0.014045065502607697,0.8579717317171541,0.06708153012919334,2.0459996116019064e-07,0.05529310808779907,0.005604473201317285,3.886761967372815e-06,1
0.010001228938145063,0.8781688665205427,0.08273480376573181,1.9402602429196156e-07,0.02090068913971288,0.00819023358838588,3.984021457459955e-06,1
0.006579888185034734,0.8684723258961906,0.09598269612677286,2.6901440193480766e-07,0.00595752229395377,0.02300177469294031,5.523790705834882e-06,1
0.005801198319246307,0.8716606028677699,0.09450875397032533,4.991486426972189e-07,0.005866036603184714,0.022157470125289666,5.438965541370136e-06,1
0.006665131803983608,0.8529776097870237,0.06492888395494367,4.792719879219375e-07,0.007815192344977564,0.06760091425111031,1.178858597306863e-05,1
0.0060740691784820725,0.8334990302103161,0.06674077128679935,8.430362154024892e-07,0.0020484949306915803,0.09162130342458287,1.548793291261923e-05,1
0.004644702434897075,0.49420309520345906,0.17767910078551316,1.0122730517132113e-06,0.0017262814456879738,0.3217389334328418,6.874424549057132e-06,5
0.00013076311854109875,0.008292572205006772,0.02587174745621897,2.597855413967542e-07,0.00010378445137511263,0.9656002407256415,6.322576750769108e-07,5
0.057987481712255554,0.9392457204052425,2.177834288140336e-05,1.203558498263173e-07,0.0027302914146070034,6.393093653680424e-06,8.214675510033155e-06,1
0.05543605644649902,0.9417718418379816,2.4119900324863318e-05,1.2308165706687494e-07,0.002755548442257689,7.477313290966986e-06,4.8329779887837786e-06,1
0.06798814020413349,0.9285140341027693,2.6534650484454306e-05,1.3540390745107685e-07,0.0034568922906049143,8.946519257706622e-06,5.316828842747931e-06,1
0.0977237487858482,0.8983766530257177,2.2694583713445492e-05,1.8879573858575652e-07,0.0038587487879088627,1.1545156236074288e-05,6.420864837026624e-06,1
0.19054387590903385,0.8057068653066043,0.00011564860332985892,1.703451992898732e-07,0.0032868663194180127,0.0003340890046176882,1.2484511797002059e-05,1
0.1878711181546032,0.8090982383721912,0.00010067275825038316,1.7424997763087886e-07,0.002754544167045966,0.00015969071872650183,1.556157920520513e-05,1
0.24211905735705797,0.7545428241117739,2.6086580074953136e-05,1.8644496382176593e-07,0.0032739955279827695,1.4270927265679105e-05,2.3579050881041143e-05,1
0.17863994364985566,0.8111456390528614,0.000524140599388993,2.00928016292013e-07,0.008995699000053847,0.0006807195828519173,1.3657186971743917e-05,1
0.28685816404519476,0.7086791367936185,0.00016531855029980195,2.397699857658225e-07,0.0038602101047612736,0.00038476912556513335,5.2161610574727955e-05,1
0.1641952926889665,0.8061110950444675,0.00036766647267914935,2.0182287943072994e-07,0.028326827334011803,0.0009838634268519528,1.505321014365579e-05,1
0.03484500605573542,0.9369154730869764,0.006671435129996024,2.5880051213870955e-07,0.012276559052451706,0.00927737990518355,1.3887969144717815e-05,1
0.10057227444208795,0.8361043375374587,0.014680108356832679,2.6868937234558315e-07,0.02771568872366705,0.020920910648958353,6.411601623020283e-06,1
0.03700852919399013,0.8064192222342956,0.05899991478814178,3.537980776076388e-07,0.08449352432922777,0.01307138176163067,7.073894636368008e-06,1
0.03628646709246618,0.7703784214512188,0.06813756092171468,3.528176164723649e-07,0.10893505111949733,0.016254735031270187,7.411566216483831e-06,1
0.03422321191699923,0.7646341471073399,0.07049294374068699,3.501868558929695e-07,0.11482505696852752,0.01581693377721374,7.356302376687919e-06,1
0.026327028850097526,0.8055998061196107,0.08440391831572393,4.0962062824175897e-07,0.05322247277903081,0.030438112889385336,8.251425523317284e-06,1
0.010807365200768035,0.8898049519344567,0.05622212024871202,2.1213908807356872e-07,0.03702856625269322,0.006132754242386207,4.029981895607172e-06,1
0.01708645779632243,0.8432704992279743,0.09436003769007323,2.672336202886212e-07,0.013508332485355521,0.03176891834151894,5.487225135235023e-06,1
0.005541500368016344,0.73814356359757,0.22756568696284443,2.195099072376103e-07,0.00845879247156582,0.020285729796893043,4.507293203326824e-06,1
0.006366464529363367,0.8794989168985828,0.07224221107056011,4.985854648937455e-07,0.022677775883945598,0.019208700203200278,5.432828883058887e-06,1
0.006711695334607748,0.8700353524933698,0.0796171808173024,4.982179576166315e-07,0.014703950551340567,0.028925893761075943,5.428824345641686e-06,1
0.007898187785559223,0.8657360769174951,0.07842587907484032,4.1256766222957175e-07,0.014235577540418407,0.03369850294229394,5.363171730604929e-06,1
0.0050824883480477265,0.8266679338013757,0.06676208871066651,4.64489078538921e-07,0.004068514396764131,0.09740367658210852,1.4833671958923867e-05,1
0.0025929298391618337,0.11679107391106426,0.40779753635880867,1.3807942089233808e-06,0.00026952896238765253,0.4723381261260398,0.0002094240083287783,5
0.0006414636724697854,0.012715238426983005,0.06612601269656557,5.190418078772292e-07,4.72939001841991e-05,0.9204685377654092,9.344965802968856e-07,5
0.002088050484669341,0.035028466442708614,0.3094690129823618,1.8088747965278203e-06,0.00015847730666090042,0.6532389917059814,1.5192202821574736e-05,2
0.00032191808844041187,0.0177416726910524,0.9365215931668156,1.6404288191071138e-07,1.1311404862380985e-05,0.04539132655441109,1.2014051536060662e-05,2
0.00032921572736353545,0.027005019181780308,0.9145847707994977,1.5380000370979688e-07,2.175402530430782e-05,0.05804809216688117,1.0994299169129365e-05,2
0.000498774248698734,0.03390205486546327,0.9298760467551977,1.917728325853347e-07,5.620598693265181e-05,0.035657886861903375,8.839508971640563e-06,2
0.06272803573261565,0.9342615261574521,0.0007563882348574862,1.819718399398844e-287,0.0021295592307926815,3.6039858023890184e-05,8.84507862583285e-05,1
0.06171094989647805,0.935121407712308,2.01950480492848e-05,1.20178837512221e-07,0.0031353072051335897,7.300964582682227e-06,4.718994611021559e-06,1
0.10404097686746183,0.8920663147127219,2.3804250870560885e-05,1.710763135344624e-07,0.003850788272352154,1.12272631930225e-05,6.717557087040946e-06,1
0.10304905464608158,0.8934191074546344,0.000344250360094883,1.8822221754905067e-07,0.003036909218692704,0.00014033532975899634,1.0154768519773244e-05,1
0.1885646002804025,0.8079102604524362,0.00010252235409049112,1.6857573753309799e-07,0.003252723976246097,0.0001573695322296593,1.2354828857483391e-05,1
0.18872211041597614,0.8085851169974396,2.0128057441627075e-05,1.718606021217863e-07,0.0026441278312883667,1.299664376293253e-05,1.5348193489228243e-05,1
0.2616677241580546,0.7365101705191986,1.9236328259759046e-05,1.6424669727429406e-07,0.0017756156660226553,1.2420856131991966e-05,1.4668225635251603e-05,1
0.33172308899459274,0.666495519040695,2.417674329508454e-05,1.727950546230524e-07,0.001722388902545412,1.322613175409756e-05,2.1427392062999443e-05,1
0.260943555527522,0.7359877953227387,2.9424875977584965e-05,2.0094086066965111e-07,0.0029987252530964004,1.538047662183504e-05,2.4917603182786622e-05,1
0.28973943210512976,0.7062983093339339,0.0002604005744423063,2.0689930501060104e-07,0.003566370247696556,0.0001096243614425358,2.5656478049649057e-05,1
0.18894572589615452,0.8044097970053395,0.0001959505878060645,2.114710963927948e-07,0.006067295400522603,0.0003711653813993956,9.854257681399536e-06,1
0.07641592281699863,0.9169452480888235,0.00046722498665873743,1.9629012671261215e-07,0.004245806339719589,0.0019152175909426014,1.0383886730178646e-05,1
0.21392516962280203,0.7808644686565979,0.00013154293528620692,2.6073536562938e-07,0.004796955278412573,0.00022282306552464949,5.877970601103672e-05,1
0.1372723072782466,0.6676821367248619,0.0002707984280910666,1.7399315233183152e-07,0.19325246661043763,0.001516774194954826,5.342770255562922e-06,1
0.03690026188549566,0.7798494800175912,0.07261276988304717,3.5715516827263857e-07,0.09421759393102833,0.016412034443405193,7.502684264121554e-06,1
0.036326816208832505,0.7712350517893012,0.06694209974737955,3.532099357088134e-07,0.10905618258822894,0.01643207664873726,7.41980758500735e-06,1
0.027574922976133787,0.8062712802600404,0.06697518439219895,3.53733171433969e-07,0.07996321969860747,0.019207913315018615,7.125624829351946e-06,1
0.0071543514697496625,0.8165029827827682,0.12077424944540732,4.1930187395958956e-07,0.016609471493652994,0.038953469767928364,5.05573861940069e-06,1
0.009062632041410569,0.8452885087273141,0.0757924661083307,4.245653644340549e-07,0.039785996653200394,0.030064852701145076,5.119203234555657e-06,1
0.009453423970434586,0.8400610132340851,0.07531078059941779,4.6681743674848263e-07,0.03372994803489071,0.04143928067468444,5.086669050858017e-06,1
0.009521890133771627,0.8379339467674235,0.07726250724171373,4.7615703979789477e-07,0.025398970057302163,0.0498770212048567,5.188437892462664e-06,1
0.00544371295959979,0.6814608555183879,0.11901416716074639,9.546636315997413e-07,0.0026739983804920406,0.19139510194827242,1.1209368869853796e-05,1
0.004845286037716785,0.7268771302153545,0.10531994323862087,1.9589268308442357e-06,0.002894397586298366,0.1600437245426963,1.7559452482421946e-05,1
0.003899348687762635,0.726324131512142,0.1391764246381946,2.38534048192856e-06,0.0014528372461067882,0.12912479136652744,2.0081208784620346e-05,1
0.0016076916141530145,0.08183528117316062,0.7768941279567119,6.857042873933393e-07,0.0005145728033784726,0.13914076032196965,6.8804263389266835e-06,1
0.0031046976897192136,0.15285725639687756,0.5204052198028755,1.4251732908638491e-06,0.0009120240923368621,0.322702801391436,1.6575453464102778e-05,1
0.0029188236101949597,0.14370589782001647,0.4849501996908197,1.3398500806591763e-06,0.0009628641965427694,0.36744529172901097,1.5583103334317387e-05,5
0.0017157984191927078,0.07236607296764434,0.6905435722046278,3.7516213665839765e-07,0.0001401659221415312,0.2351338502718447,0.00010016505241220878,5
0.0006211883088170491,0.015536634384716136,0.8515825841359949,5.295395776909507e-07,3.47686187357836e-05,0.1321999790102734,2.4316001885091678e-05,2
0.0006492835403223808,0.035829145469611495,0.8296086855741823,3.3086162895561597e-07,3.420154967217234e-05,0.13385412160474833,2.423139983447344e-05,2
0.00019929815307430073,0.01965499013830383,0.9555621678307583,9.195733690315232e-08,6.5699117898709556e-06,0.024568959824406187,7.92218433038867e-06,2
0.000632654129062073,0.023022599550355006,0.5716848545480732,5.585465500259696e-07,0.0001238579102476749,0.4045135337018447,2.1941613867400545e-05,5
0.0007780949121276172,0.020113180192371134,0.3762908347860982,4.20593197404525e-07,0.00016152697148348014,0.6026506953322575,5.2472124648172985e-06,5
0.00016376391568817368,0.010295369738984123,0.03431320782703023,8.539761632034942e-07,7.457307959120455e-05,0.9551515281357483,7.033267947556321e-07,5
0.07692449176581152,0.9186986558581488,0.0017567601795897842,0.0,0.002398097006980307,0.00013371413046277586,8.82810590069013e-05,1
0.06731224970691718,0.9239755634386797,0.0029607216089472836,2.354597530921631e-180,0.005573732929198582,8.615196797616517e-05,9.158034828137457e-05,1
0.05155860485857876,0.942589333363761,1.5459526165294324e-05,1.1825575107815595e-07,0.005825270668660243,6.572278167580379e-06,4.641048916114211e-06,1
0.051858132934406914,0.9425307301714766,1.4823069360406302e-05,1.1338725273699716e-07,0.005585448754473335,6.301702529061521e-06,4.449980500892649e-06,1
0.12556513173622189,0.8698285619902781,2.776678218108005e-05,1.8111441237415076e-07,0.0045587531388596204,1.2493520595862069e-05,7.111717450961709e-06,1
0.10232027764179079,0.8957855239207009,2.4368621030162094e-05,1.8214878085932945e-07,0.0018420141682786496,1.5660540832366768e-05,1.1972958586207773e-05,1
0.18704001778966986,0.8106947127469802,2.038402329658837e-05,1.7086209689671197e-07,0.002218328950468736,1.3863232531520155e-05,1.2522394956006967e-05,1
0.2525173936163322,0.7459663604743861,2.1354100802155976e-05,1.6151231947280494e-07,0.001473638225937242,1.2547954127935463e-05,8.544116094995997e-06,1
0.08028678989814904,0.9136131065345505,0.0005783153316140233,1.9957137625351659e-07,0.004061437943824882,0.0014436236804165293,1.652704006852079e-05,1
0.19429860980768096,0.7953759410040819,0.0006059040009901765,2.010457926084249e-07,0.00922954806387427,0.00047044091759481944,1.9355159985371563e-05,1
0.18604410036418173,0.8021604501377886,0.00016782424846897072,1.9897932881919746e-07,0.011240110027031106,0.00037552803326567957,1.1788209934897804e-05,1
0.1933258635756668,0.7858486274302738,0.00022273727799535856,1.9493311146504904e-07,0.02003816038083148,0.0005464428147419906,1.797358737898705e-05,1
0.15014691426706467,0.8195377386798469,0.0034290067116453,2.005937657008675e-07,0.025252821523428733,0.001628570050111487,4.748174136942887e-06,1
0.10712517072022221,0.8650400715789162,0.0029383156286474856,1.9391893112545928e-07,0.02325936986183241,0.0016322881146311975,4.590176819386231e-06,1
0.023239929913082852,0.9493421577585263,0.007680095526824064,2.3407417075774846e-07,0.011943759680740443,0.0077803115598286945,1.3511486826996685e-05,1
0.04932412892598659,0.9070274073764818,0.009446249822194825,2.5994253988375244e-07,0.02294297956528366,0.011254189841969662,4.7845255434880186e-06,1
0.04794289252671465,0.9029670395021554,0.012653452725521788,2.622859295247507e-07,0.025387389058391666,0.011044195744384575,4.768156902358853e-06,1
0.08049075416412149,0.8512730514606899,0.017925959812339725,2.5191746424684727e-07,0.031802498876560455,0.01850290410266294,4.579666161085453e-06,1
0.0337507214525359,0.6725138299314313,0.03460468384546615,2.8194979259795443e-07,0.24959774690799108,0.009526813052188736,5.922860594256355e-06,1
0.016845019000920718,0.8960513973742241,0.02671034146753096,3.2320207382682807e-07,0.04834872600136867,0.012038843702996207,5.349250885606382e-06,1
0.011003357909012357,0.8869784149751547,0.044154489130808286,2.1146521120690375e-07,0.05115726754866711,0.006702241790812154,4.0171803341543085e-06,1
0.011216630524073169,0.8851111249758008,0.06353063820455467,2.1746083993649259e-07,0.03209585118522605,0.008041406570900446,4.131078604635446e-06,1
0.007885915953350621,0.8915611445713604,0.05866533236382015,2.0784665743946973e-07,0.027655955800278686,0.014227175657952958,4.267806579668616e-06,1
0.011384198466795989,0.8038142512801396,0.06823725778038776,2.3252820504118558e-07,0.09359907643249663,0.022960208908352927,4.7746036220106775e-06,1
0.009402977554505431,0.8355781859101429,0.07490889880780986,4.1961590055975013e-07,0.03932218266922006,0.04078227591742147,5.059524999830995e-06,1
0.005031679989330776,0.8406307799827873,0.08644741580337396,4.0060370006825053e-07,0.010803197621271236,0.05707842104229692,8.104957239463299e-06,1
0.003284988172575212,0.28085232015741923,0.2947918837868705,7.74289545849586e-07,0.00018588844271094754,0.4208557142106889,2.843094018955852e-05,5
0.004809454983857139,0.3384625236758218,0.31090221895790715,7.222840535681084e-06,0.0005979186411685531,0.34520594393482207,1.4716965887670587e-05,5
0.0007184733747029808,0.013524680973327695,0.05174865955028568,1.6677835464965752e-109,4.1710447075681745e-05,0.9339655248421521,9.508124558109451e-07,5
0.0005619426225120454,0.030587926037127854,0.8312040621581227,3.003507831546955e-07,3.047087107937849e-05,0.13759330109135065,2.199686902404439e-05,2
0.0005620508453509954,0.030690164646837416,0.9266602700167117,1.7702133975642702e-07,3.912454256930002e-05,0.0420352551616955,1.2957765495350239e-05,2
0.11893316889147074,0.8758014885466251,0.0002100114330472055,1.944396494860209e-180,0.004974819883254324,6.877323972215229e-05,1.1738005880397445e-05,1
0.05539422684597332,0.9392231618470837,0.0002109185661283435,2.5125139360207155e-07,0.005104273291791833,1.5958977362300306e-05,5.120922026721122e-05,1
0.1150183295601142,0.8843198704939308,4.770297329455214e-05,1.5957366038309125e-07,0.0005856316973023134,1.174875105363366e-05,1.6556950644090013e-05,1
0.2788131648159775,0.7201985928402744,1.8389457284374903e-05,1.6197558008059072e-07,0.0009451568739313343,1.2249107047291816e-05,1.228492990505449e-05,1
0.2669583580729411,0.7313390451039405,1.86963708737804e-05,1.646788956765768e-07,0.0016612197960384348,1.2453540345825902e-05,1.0062436964637997e-05,1
0.3279367774009481,0.6703075805360582,2.3024827441822093e-05,1.5723528100694006e-07,0.0017105628986479212,1.1762946280155161e-05,1.0134155342783372e-05,1
0.4032368950920975,0.5954664390586708,2.3779116823597797e-05,1.6238628173446901e-07,0.0012501098992251192,1.2148298374538413e-05,1.0466148526560396e-05,1
0.17608208401614633,0.8169805689820927,3.0002117122032818e-05,2.0237338052679124e-07,0.006884953268282271,1.5310554829784093e-05,6.878688146421831e-06,1
0.05974917027719273,0.9358858340371996,2.842872515581136e-05,2.2442327885609938e-07,0.004056325652402953,0.00026955426306867484,1.0462621701473994e-05,1
0.169937617970969,0.7885806971318245,0.00023181345809826878,1.9743386232620678e-07,0.04065217829217029,0.0005792915467875806,1.8204166287712648e-05,1
0.07892283770159221,0.904551451655336,0.0027634788194552803,2.1812666119030916e-07,0.012788777858652808,0.0009591564660513649,1.4079372251075663e-05,1
0.07016320178277198,0.8971920416953127,0.002779177339641522,2.011265459902471e-07,0.027574718377178325,0.002283250196425174,7.409482124235582e-06,1
0.06298442778452251,0.9187105076659314,0.0030582232418838455,2.0383787583822592e-07,0.013366991676893291,0.0018682894806356274,1.1356312257418018e-05,1
0.0430198130532568,0.9370993815222033,0.00418242950750148,2.3413690955872836e-07,0.012412374606884942,0.003265547931657118,2.021924158706235e-05,1
0.061001887046132554,0.8963836441488836,0.00954688600312256,2.3062376250486867e-07,0.018514176120373364,0.014546069637875988,7.106419849529925e-06,1
0.0183264841681571,0.9031677235170041,0.027375060006337378,3.4618403173147627e-07,0.03793214545351541,0.013192466270395279,5.774400558929816e-06,1
0.017751882845892703,0.8971298961771994,0.02622014051682287,3.34170426716823e-07,0.04625632285945794,0.012635892644367978,5.530785832816792e-06,1
0.012864014117880022,0.9171980202901869,0.026547694032370985,2.3165678698724918e-07,0.02396897800281523,0.019415827332549603,5.234567410372567e-06,1
0.012872408000419718,0.9177965000786424,0.026654817132454177,2.3180794508157927e-07,0.023242308666595574,0.019428496330931213,5.2379830117226715e-06,1
0.00799026021628443,0.931790802577349,0.026097357904827857,2.0519078123162727e-07,0.021215623586617192,0.012898444369828226,7.306154311914592e-06,1
0.009210411477989311,0.47651656685921,0.49058357314148454,4.769851549373151e-175,0.0030713752271608486,0.020608779115050078,9.294179105355163e-06,2
0.009787016947400496,0.8930373474177686,0.047852940790999644,1.8833115041957204e-07,0.043445321753175954,0.005873608928799969,3.575830705021009e-06,1
0.017855471047055562,0.8542971586690741,0.06513350545867086,2.629860892286384e-07,0.013086219254777147,0.04962191518953073,5.467394802453875e-06,1
0.010572247701076,0.8709173629188667,0.08156119096794433,2.687527396117353e-07,0.010541917325252415,0.0264014939162421,5.518417878588985e-06,1
0.00807912391694214,0.7596821032114208,0.203511397519648,2.290852084554066e-07,0.010624863585672937,0.018097578774044377,4.703907063001336e-06,1
0.0035953741763997157,0.3599948880287432,0.18520852773157945,6.495636072964286e-07,0.0002589605011064759,0.4509150056910504,2.6594307513361665e-05,5
0.002897786396565895,0.1638092823093073,0.0933382266975391,2.569024285802946e-06,0.0003043928554044887,0.7396439774422661,3.7652746313563546e-06,5
0.0016373111892061724,0.02687909527979288,0.12903636821669204,1.3830532596405072e-06,0.0001258561536804993,0.8423154678712617,4.518236106984579e-06,5
0.00019693726766870098,0.01153853325523925,0.023134906647731154,3.042125868003608e-07,9.002743844862936e-05,0.9650384202756528,8.709026725782973e-07,5
0.12651134891057741,0.8621167844962324,0.004966830790956556,4.0903621516617325e-07,0.0059791507809118455,0.0003822393705501424,4.323661455635407e-05,1
0.08132682285226848,0.912420651153255,0.00021651997859722783,3.14983371021092e-07,0.005953670294494203,1.9984774694796296e-05,6.203596331927427e-05,1
0.1408414583518517,0.8586261043861215,4.4390911176309785e-05,1.514368570353574e-07,0.00045890051334037334,1.0852997418338901e-05,1.814140323490573e-05,1
0.1376405175425308,0.8618447463157255,5.601173744390542e-05,1.6173858415309042e-07,0.0004298729427056365,1.1908145469746892e-05,1.6781577540045408e-05,1
0.3063205295780511,0.6923151306383961,1.7698741138736224e-05,7.316001241537288e-08,0.0013252533472657916,1.1789025171226347e-05,9.525509964703025e-06,1
0.1348837284255514,0.8643023023306393,4.760433433258161e-05,1.4765356161555933e-07,0.0007486196235564506,9.361993452404133e-06,8.235638906061913e-06,1
0.2021755480439369,0.7940212219130649,3.0054507188315818e-05,2.0272676741534278e-07,0.003750744818936876,1.533729030912041e-05,6.890699796348579e-06,1
0.10886217564051623,0.8878571786907368,4.824739093100317e-05,1.7945697130176525e-07,0.0032056015283474164,1.2297876710950813e-05,1.4319415786201587e-05,1
0.07027139490419236,0.8665324562528092,0.006027079443078988,1.918466107007047e-07,0.0563904025757885,0.0007739338537619143,4.541123758290845e-06,1
0.042427675909486755,0.9265225217954552,0.00945517293740184,2.3250338080352068e-07,0.011091509915662661,0.01048946612265183,1.3420815960980922e-05,1
0.013496842823418575,0.6977307836438492,0.2557630978766404,7.429542139399381e-237,0.012829212436361582,0.020160197867666037,1.986535206412056e-05,1
0.0073505265527494534,0.6744543920687963,0.26207377537405424,3.387600467844672e-07,0.022474903200668212,0.03364197943935208,4.084604333066434e-06,1
0.008530218621636929,0.7481211606092866,0.19036064814548317,3.8518877255092374e-07,0.02548753097218033,0.02749575959334854,4.296869291869236e-06,1
0.0019204121247753953,0.1505210071981641,0.03863749088383208,7.692798860515705e-07,0.00010711883550120982,0.8087975262531468,1.567542469433151e-05,1
0.003882875089274008,0.4188800213155315,0.09246015141111309,1.6222949763736094e-06,0.00025026695103788757,0.48448301868586413,4.204425220317983e-05,1
0.003240314072000925,0.2797086647752551,0.18817239103191982,7.537363858840298e-07,0.00019069420067133208,0.5286665946515035,2.058753226339888e-05,5
0.0003490525428138028,0.025423315574146444,0.1267795140156889,7.110559322284527e-07,0.0001950540849278447,0.8472493793371842,2.973389306577148e-06,5
0.00014012421481620556,0.009174116112788278,0.043705347037903346,2.5658768487240255e-07,5.7101436651675166e-05,0.9469219816494449,1.072960710710825e-06,5
0.00016708046516097425,0.011178750379346198,0.0432821881136571,3.052375937221146e-07,6.0742307750140335e-05,0.945309387727896,1.545768595826728e-06,5
0.09586816346749108,0.8977747256954344,0.0033903032945697274,7.291623586696371e-180,0.00266673593828012,0.00022034680373715675,7.972480048738894e-05,1
0.08979122336717105,0.8965358685600799,0.009563344480781883,7.28156173080964e-180,0.0038352019964066385,0.00017554004867538297,9.882154688518454e-05,1
0.039227686646447775,0.9502664987639303,0.0015577945439950052,1.6986954064979343e-07,0.008843548727316635,4.701894960295054e-05,5.7282499166413924e-05,1
0.07226159984375685,0.9219909089651234,0.00019440403481400925,2.6919165765190183e-07,0.00544276185708991,1.570372081817274e-05,9.435238673989271e-05,1
0.16426971406932944,0.8349461288061161,5.733687988856947e-05,1.455080348659162e-07,0.000708716996451294,9.680644026469333e-06,8.27709615341241e-06,1
0.11386221587009493,0.8853211398238531,4.1158309994340976e-05,1.466988556266059e-07,0.0007580818722949813,9.500175298222133e-06,7.757249608705606e-06,1
0.12441879208177335,0.8747458461849833,5.2821759784650425e-05,1.2797246162826528e-07,0.0007679145353043583,1.0052809127075392e-05,4.44465656578899e-06,1
0.12267438217239557,0.8765805921870315,4.3797927643970707e-05,7.061102283146207e-08,0.0006847290572320792,9.539951058136328e-06,6.8880936160466206e-06,1
0.1058099368126307,0.8933978659905739,4.5505258593969045e-05,6.765225876900426e-08,0.0007308846140783482,9.140205193871001e-06,6.599466670383345e-06,1
0.0831621363867113,0.9160318028774186,4.5818194494593364e-05,7.0309309820798e-08,0.0007436073618560485,9.706208648042715e-06,6.858661561683173e-06,1
0.08759043728390825,0.910377860073195,6.73316676836238e-05,1.8650689082928013e-07,0.0019466151652791852,1.2083213019282799e-05,5.486090023782344e-06,1
0.1034833204676836,0.8949343351570832,4.891945892799296e-05,1.7956112235053545e-07,0.001506612614866156,1.2305014002680419e-05,1.432772631412976e-05,1
0.060334526516966774,0.8416581068332504,0.002331009421641253,1.7404275862951596e-07,0.0951200542037472,0.0005235754999293031,3.2553481706648336e-05,1
0.04988078993432914,0.7036237045153965,0.00198262012502944,1.6477677509417148e-07,0.24394006214368918,0.0005658247201736603,6.833784607059759e-06,1
0.09325742208083428,0.8398449141068284,0.006028477802362991,1.9063613807659183e-07,0.06016047731834523,0.0007035522635118523,4.96579197934995e-06,1
0.05243927433724862,0.923293917244598,0.002762826715809917,2.0800976742134923e-07,0.020321884110038674,0.0011725521142313274,9.337468306224973e-06,1
0.04300387778124916,0.9444414848999716,0.005238349903784993,2.490292998841112e-07,0.004337174870951006,0.0029596151019707717,1.9248412772690088e-05,1
0.014999598430687475,0.8487002790628057,0.0666174831632896,1.9784825696389519e-07,0.05921382936899582,0.01046454962092722,4.062505037360937e-06,1
0.014585751980839896,0.8546910160221816,0.06447026013445716,2.2237426603664372e-07,0.05758009009394272,0.008668708975828525,3.9504184841796185e-06,2
0.002778417003028132,0.32006989601347513,0.6597968034612008,1.777421092785886e-153,0.0024898128380561775,0.014856551069702404,8.519614537328783e-06,2
0.00662246580388748,0.7329145517730127,0.22762891144975644,2.2101334513891356e-07,0.010808696299669055,0.022020615496376156,4.5381639531688035e-06,1
0.007242437320224821,0.25413605135547535,0.3219619634526246,1.6167539002797186e-06,0.0021743929629188135,0.41446355455108924,1.9983603766844495e-05,1
0.0005565220189631582,0.011107625084491127,0.9026770307385316,5.992341740706907e-07,6.572204983294442e-05,0.0855743784368714,1.812243713593525e-05,2
0.0005890069309373313,0.012604061895733269,0.896318467090942,4.1599565548903514e-07,4.215845812087209e-05,0.0904271745789782,1.8715049632866288e-05,2
0.0004367411521074775,0.029314096109291213,0.10663471164206414,8.528528661562912e-07,0.00022653692002291918,0.8633851348605053,1.926463142769838e-06,5
0.1318361662539234,0.8674741477759049,5.2283614314042656e-05,1.5290641051009932e-07,0.0006200765119302384,1.0172857676742567e-05,7.000079840256695e-06,1
0.10892989194725736,0.8903499505064131,4.8833617568719774e-05,1.576472087350354e-07,0.0006541149651083934,1.0209187466808209e-05,6.842128976859708e-06,1
0.11564855589795013,0.8836052433101556,5.2939945955887056e-05,1.3081535150385667e-07,0.0006785429257483111,1.004371086514287e-05,4.543393973748419e-06,1
0.04391702321387292,0.948352372515554,0.00018341417704176505,1.311003539061777e-07,0.007534776199725902,8.426483690098965e-06,3.856309761430557e-06,1
0.1032346364853481,0.8946060003917015,2.4778312630154148e-05,2.323424950416708e-07,0.002082469490198993,2.4658743868918614e-05,2.722423375733779e-05,1
0.10901686250812488,0.8887922984220671,2.5777005620418096e-05,2.2370775170602092e-07,0.002132517476496451,1.9067674408587375e-05,1.3253205530564336e-05,1
0.08945825978839915,0.8510423514357408,0.004437223796439435,1.9317784092301404e-07,0.05433584721505717,0.0007210925869092598,5.031999613096618e-06,1
0.054161078105133285,0.9197448589476129,0.0027744903469430504,2.0935768354567623e-07,0.02216187487774983,0.0011497747447487719,7.713620128545286e-06,1
0.05219666907630958,0.9079499594811061,0.009831270387093798,2.278427455499898e-07,0.0196880977705219,0.010322041802288925,1.1733639934256056e-05,1
0.01413143623782439,0.8393917445074826,0.07799121141101677,1.9567825963728588e-07,0.058564372793533194,0.0099170214243532,4.017947530483235e-06,2
0.022484912846957448,0.676400704294925,0.24491778167071432,2.956834928184599e-195,0.011820601194902356,0.044369569244849624,6.43074765113533e-06,1
0.01201153679571959,0.5679108722071495,0.3994579605653105,3.1072035550077366e-218,0.00672184731398692,0.013888299032093446,9.484085739848392e-06,2
0.005508380834944582,0.8380025745577474,0.13501915931666159,1.953607277616805e-07,0.013830671336582109,0.007635007165827259,4.011427509210544e-06,1
0.005255946079848477,0.8905036812158338,0.07722643451211296,2.1325192052030313e-07,0.016925856868966607,0.010083489276100253,4.378795217279682e-06,1
0.006440833604573562,0.7073488420461392,0.22138580789310494,2.149516845514414e-07,0.00816540852672135,0.056654479280558695,4.413697217655072e-06,1
0.006784907083977359,0.7237695209065272,0.2083513163153907,3.772227591607341e-07,0.02006674431043683,0.04102292615432725,4.208006581546081e-06,1
0.002520185391166655,0.3003102877785857,0.06556656611525874,1.0786531750924797e-06,0.0002458136995541123,0.6313390576830428,1.7010679217020038e-05,1
0.007091174746364873,0.23005176466579524,0.2781124905182783,5.870498091664042e-06,0.0005234665777268283,0.484156975563043,5.825743070019603e-05,5
0.0057925510475048585,0.403851404396077,0.29815385709953723,5.0567204952571835e-06,0.0005435937876044108,0.29164335862290447,1.0178325876787131e-05,5
0.0031477138389991275,0.049765282744340236,0.20894100676376906,0.0,0.00028444386834844214,0.7378557338789067,5.8189056363026025e-06,5
0.0003080246107144467,0.016931325229049107,0.06147542080799076,4.0374676777232056e-77,4.167768583630266e-05,0.921241431228081,2.1204383285412297e-06,5
0.00020569604348289914,0.013051434643961102,0.039911045515690975,3.862049440520594e-07,2.7726600688517338e-05,0.9468021744113008,1.5365799316935273e-06,5
0.06764666121736936,0.9168083848163286,0.005682551963716887,1.8124363320842894e-07,0.009680974973537152,0.00012151982407985295,5.972596133479984e-05,1
0.06214818722961626,0.936844702006792,5.337821039976282e-05,2.445955793043992e-08,0.0009371742566898893,1.1399833466070695e-05,5.134003478137482e-06,1
0.050080245733307605,0.9482655730996346,6.9037130957336e-05,1.9123097777894806e-07,0.0015668375779339626,1.2490178405022947e-05,5.625048783808945e-06,1
0.050638421577445365,0.9477007302309796,6.93153787417114e-05,1.9200171658476288e-07,0.001573152572176781,1.2540518916273324e-05,5.6477200237546755e-06,1
0.03247693733278434,0.9622669476450477,0.0001455434714001306,1.3363701492982302e-07,0.005097924020576285,8.585027271507775e-06,3.928865905023089e-06,1
0.07323948017647856,0.8639159176057678,0.003995534984238131,2.2216881673147293e-07,0.05809465809747915,0.0007481470455599752,6.039921659748164e-06,1
0.044954325602885245,0.7567311570064942,0.003543609847662068,1.8491972291283975e-07,0.19305284786404472,0.0017019038699595988,1.5970889231240184e-05,1
0.016278778491686505,0.9242702706902498,0.008160553389304284,2.224349619007782e-07,0.04070163964034821,0.0105823069637987,6.228389650634666e-06,1
0.01866698628035264,0.8396088419630977,0.08289498176418149,1.852598126423751e-07,0.0513010457499754,0.007524154961591289,3.804020988759763e-06,1
0.00419498863874279,0.6639573028081592,0.31645659363975776,1.462108418443431e-07,0.01003146601586037,0.0053516728168387,7.829869799356173e-06,2
0.004500753636220323,0.7540341262624386,0.22114759755639513,1.7578544521956207e-07,0.012444828325743989,0.00786890895410965,3.6094796469676534e-06,1
0.004715973949131424,0.7136082523625951,0.2564605615984548,2.202093803586923e-07,0.00862589859346962,0.016584571631176815,4.521655791714009e-06,1
0.0031329292359279295,0.3281113598474877,0.04612087644284426,3.61734485448821e-07,0.0009667553813111188,0.621665694212276,2.023145667464211e-06,1
0.0025052255459750467,0.047161324690354736,0.20479675961334795,1.9531459607526593e-06,0.0002168891790486957,0.7453121575140956,5.69031121717623e-06,5
0.0005601878762691345,0.008181350250559478,0.02710590676731684,3.426342445894776e-07,6.250725541827563e-05,0.9640890047422939,7.004738977566306e-07,5
0.0002510251567536451,0.01657913567072073,0.046275466476513545,4.99799387779849e-07,7.675178811090299e-05,0.9368156879194294,1.4331890839109278e-06,5
0.1472273517520578,0.8505221425665527,0.0004611812432772183,1.6871476716825737e-07,0.00134325615616647,0.00044032124669036044,5.5783204883831446e-06,1
0.08715021180468327,0.8967990874345599,0.0073392957457256575,7.283699564387139e-180,0.008389176526582965,0.0002568635051446808,6.536498330362099e-05,1
0.060094824835149656,0.9308415630110367,0.0021683856349838776,2.3652838746951228e-07,0.006633289574288612,5.537443618585947e-05,0.0002063259799676982,1
0.0790603963955515,0.9072906670426959,0.00021490892631014776,2.0872811373475055e-07,3.0087472995888875e-07,1.561487275970633e-05,0.013417903159839283,1
0.039295896291563555,0.9567696497248825,5.690130321189343e-05,1.8314715152477393e-07,0.003831149923483176,1.1963214935587055e-05,3.42563947718039e-05,1
0.056768007925584466,0.9062608211526967,0.002564255829015384,2.2342542126227644e-07,0.033478106850265525,0.0009180010684081911,1.0583748608517619e-05,1
0.042739440207392766,0.9238588007390606,0.012465320584860344,1.6969370868059869e-07,0.016758984151235758,0.004166694574118272,1.059004962377563e-05,1
0.013494270051615185,0.7186107718573447,0.1746955791024665,1.484995389970049e-07,0.08806324335261709,0.005132937930250876,3.0492061667806367e-06,1
0.011438254299980853,0.7596128870333836,0.1424432364073218,1.609744611239315e-07,0.08071948663070888,0.005782669294929494,3.3053592143688856e-06,1
0.01347865009267495,0.7107605715008958,0.22043925707075182,1.6366729601250059e-07,0.049625534689402805,0.0056924623266044845,3.360652374225177e-06,1
0.011626444456387606,0.6819780477694912,0.25463665125535556,1.5725140492233962e-07,0.04755392044294352,0.004201549912348746,3.2289120684326698e-06,2
0.004799677243298519,0.5587508701923998,0.4192428267900406,1.0072477838263236e-07,0.01574700704854462,0.0014574497748853082,2.068226052864246e-06,2
0.002924086931267028,0.22363492494664483,0.7581321275324991,6.483270407119269e-114,0.0014988459707310896,0.013803084791570587,6.9298272873189915e-06,2
0.007067207785342413,0.8343178696827374,0.13165240538788592,1.8227341482369028e-07,0.02166502030313838,0.0052935738284901985,3.740738990870146e-06,2
0.007266991906150259,0.7934355674732398,0.18225149903316124,1.8020203074436519e-07,0.013231507685937434,0.003810553532145601,3.700167334682397e-06,1
0.005163134268740154,0.7547792775352582,0.22520629989630714,1.5753556668331517e-07,0.010526799176933204,0.0043210968403080766,3.234746886505387e-06,1
0.006377019749521981,0.7035914338847169,0.2673119601395754,2.09656857666431e-07,0.008863185129854092,0.013851886463258975,4.304976214890644e-06,1
0.008778986938055414,0.7611561226488368,0.16110618630048396,5.847301804163887e-07,0.013131483472370305,0.05582153052162502,5.105388448016645e-06,1
0.0694793991240438,0.28202067298186734,0.2532997304358064,5.077278837856483e-07,0.014939717408464013,0.3802418111050087,1.8161216925975898e-05,1
0.030626740920701286,0.5129206933420537,0.06583299589263004,5.369192938076906e-07,0.0009690090714416528,0.3896210047729315,2.9019080947904122e-05,1
0.0023250941415325823,0.3564289929213067,0.04702868920910611,5.05221801355516e-07,0.0005843597570887535,0.5936188633627171,1.3495386447464487e-05,1
0.002422842836514523,0.3853437928303341,0.05015550212710305,6.101891517881244e-07,0.0006526705715328423,0.561413493174361,1.1088271002703898e-05,1
0.00431213120325202,0.14602078439131538,0.1910960680237662,3.1638204386597416e-06,0.00027575439125965994,0.6582566114921306,3.548667783735811e-05,5
0.00452959584190718,0.13962645921146927,0.20514569214770292,3.563010540421254e-06,0.0002747581455043845,0.6503845731713455,3.535847153027883e-05,5
0.0016409968262764308,0.04267654792327293,0.10100224552887221,1.2336779049558287e-06,0.0002482674188287301,0.8544282805598772,2.428064967521634e-06,5
0.0015539327203725002,0.13885810431670867,0.024037001408035358,1.6426675655295135e-210,5.6829502203508875e-05,0.8354732984620358,2.0833590644298192e-05,5
0.00018704238502107633,0.015069356917691422,0.034283219219336594,3.806968967672667e-07,3.059905845956821e-05,0.9504273448669672,2.056855627383133e-06,5
0.00018535912422311867,0.013619444654425954,0.029906875198274712,2.7715508193399647e-07,2.9522405673904892e-05,0.9562565121484805,2.0093138399754523e-06,5
0.11129856115441959,0.8716165461387266,0.008383507003680672,2.610644910677939e-07,0.008357489014493758,0.00027408152150437497,6.955410268399692e-05,1
0.0587867254022692,0.9391445654906254,0.0002342675357389444,2.2484786677589737e-07,0.0017608992661701816,1.5025104631279692e-05,5.8292352698082264e-05,1
0.06513454018516872,0.9347735505655541,5.6002633154265274e-05,1.1115624365291462e-07,2.2759967204777634e-05,9.174886088748244e-06,3.860606585934788e-06,1
0.05465933354064921,0.9348901290925243,0.00023182935989924804,1.9621521677283016e-07,4.527395353764113e-08,1.5604508172267844e-05,0.010202862009584517,1
0.08846223638374913,0.9108990233777403,5.758632466114417e-05,8.433453507855258e-08,0.0005611495965124803,1.074449706052564e-05,9.175485741479055e-06,1
0.04556680317819929,0.9534814471309143,4.823222913425612e-05,8.494450167501637e-08,0.000885024832883013,1.0822208810482164e-05,7.585475556926322e-06,1
0.04547769864491168,0.9528886665049559,6.189955925161912e-05,1.721402061925736e-07,0.0015524361252770304,1.1246419325757763e-05,7.880606071690343e-06,1
0.03638949048502575,0.9563290831888281,0.000911952320443409,1.374809095171997e-07,0.006262524041298664,0.000102768490037629,4.043993456805959e-06,1
0.055540029102584626,0.9356722710812129,1.7535751979205766e-05,1.4793101556794955e-07,0.008749788443510166,9.33098141289932e-06,1.0896708284714745e-05,1
0.045677149650276645,0.8846286276488701,0.0010752591248743952,1.7808479613766622e-07,0.06820283214467542,0.000394463872246993,2.148947426031652e-05,1
0.09604812768996739,0.8191772610423113,0.004544498109809504,3.177987862675092e-07,0.079234533211727,0.0009817766660479932,1.348548135057946e-05,1
0.0887114326554413,0.8592527718279485,0.004144270335038331,2.5840897297062445e-07,0.04718190246544699,0.0007005890426671537,8.775264484902271e-06,1
0.010208708015809774,0.749178860657324,0.13518926588151037,1.5838773125872627e-07,0.10123025896001298,0.004189495852856122,3.2522447554954577e-06,1
0.01265771020359878,0.7585560043640668,0.17786991305774583,1.8800657751656415e-07,0.04325583986256372,0.007656670175823598,3.67432962377828e-06,1
0.0032739158304890153,0.5220508794474548,0.44680214682960157,2.4405760401401145e-153,0.002316835930384032,0.025541281235962318,1.4940726108385413e-05,2
0.007256168077037221,0.7922537839917874,0.18208965908065536,1.7993362863083748e-07,0.013597762843981748,0.004798751416793325,3.694656116362977e-06,1
0.004600022357942002,0.6988690011485486,0.27904242179296856,1.6314480470677048e-07,0.012004884917144132,0.005480156714760928,3.3499238310776213e-06,1
0.007419566242641537,0.6557567494801569,0.3111282080960506,1.8800033990032432e-07,0.012988385512351019,0.012703042375023108,3.860293436954621e-06,1
0.012110333801769067,0.8126050211993897,0.0761981177215849,5.202640211287276e-07,0.030601222862918963,0.06847938871762246,5.395432693716362e-06,1
0.03474963684396195,0.4483948399872407,0.06039443345139324,4.0161043997252253e-07,0.009045206242466079,0.44741202697709515,3.4548874028378655e-06,1
0.015722686144982984,0.5696842213672593,0.05717012267241273,5.839622109381073e-07,0.0007965202135813194,0.35660575475349104,2.0110886061738875e-05,1
0.0043611140633298354,0.14129785443687282,0.21845055207333852,3.507498844595058e-06,0.0003356042824963096,0.6355170287565796,3.4338888538455515e-05,5
0.0015505776466562297,0.09499243432491297,0.04124209691065407,8.290876554206531e-07,0.00012245418506060454,0.8620897311717174,1.8766733432735526e-06,5
0.0016519652732297056,0.07613967609395535,0.018774617256373156,4.490848881934547e-07,9.696275980520963e-05,0.9033343357936986,1.9937380499891968e-06,5
0.0010271862183858528,0.11960235021905777,0.018051398952046778,5.432890833735331e-210,5.205245560563779e-05,0.8612593634758168,7.648679087130216e-06,5
0.08539507126471763,0.9123182197442978,0.00029689110014643945,2.2842978988580704e-07,0.0016901211018813045,0.00029481783103393693,4.650528132988179e-06,1
0.03437102726613945,0.9655011398337375,7.269776525180784e-05,1.0387901261770662e-07,4.4359249074213504e-05,7.064148268251457e-06,3.607858515843308e-06,1
0.035299783993704925,0.9549118938912449,0.00025920892972089617,1.998780836617439e-07,9.117091445139451e-08,1.4551359799445885e-05,0.009514270776531943,1
0.06830515671878296,0.9301527148732669,0.00022580711386143484,3.455720102981286e-08,0.0012677163554068273,1.841039509008707e-05,3.0159986390531555e-05,1
0.04549336692127433,0.9532169619863567,4.4116441819746705e-05,1.7219951307054048e-07,0.0012238810714569825,1.1896646757624696e-05,9.604732821420928e-06,1
0.046371124779815406,0.945844422607107,0.0014474166713522103,1.795697580387647e-07,0.006080955685961961,0.0002506186513642947,5.28203464102152e-06,1
0.09269099976483235,0.8992387508865217,0.00011759323619866884,1.6746714476684475e-07,0.007796944502701586,0.0001317979623291123,2.37461802717479e-05,1
0.03851106786521582,0.8647578715803707,0.002986858895927878,1.657288464777587e-07,0.09323759421212732,0.000491320414691001,1.5121302820713029e-05,1
0.08399884801301266,0.854716316333395,0.0024438701649584635,2.4773684077710566e-07,0.058016564561370554,0.0008042217240397079,1.9931466382886818e-05,1
0.08392086429563562,0.8665462487734392,0.005373363099834014,3.785342718694573e-07,0.04290154156399553,0.0012439891550949324,1.361457772851347e-05,1
0.05448640675972357,0.8686745448505511,0.005003639980989492,2.3009795436232654e-07,0.07093114795746572,0.0008941127602292005,9.917593086669028e-06,1
0.003263983718331902,0.5174597309188699,0.4660613338625255,1.0819937511524191e-07,0.009899341801023748,0.0033120437331615126,3.457766712289184e-06,2
0.03184591937376997,0.6132455067494983,0.27814544425192433,2.6437119269875612e-166,0.011712276635857586,0.06504492981633472,5.923172615122473e-06,1
0.0030015341277727045,0.5620486472549722,0.40962931288030247,7.908694171242226e-113,0.0021240809090864714,0.023182727133230864,1.3697694635394797e-05,2
0.00717635439708619,0.7835394475425507,0.19108620291559758,1.7795446209341721e-07,0.013448195265039627,0.0047459679082419515,3.6540170217789225e-06,2
0.008082965211513558,0.7540359298489475,0.18091190938924695,3.676031829814307e-07,0.009642981314293832,0.04732114161870063,4.7050141143359206e-06,1
0.009629540057383805,0.8197854158751265,0.07688454252705515,4.37807914588404e-07,0.02814158086717245,0.06555359901743184,4.883847915591877e-06,1
0.028209450957305884,0.5791381587325833,0.06417961082213472,0.0012087662911824107,0.021610236463379697,0.30565020473449966,3.571998914403796e-06,1
0.026201018709442664,0.5253595011775739,0.06921596022272732,3.0411475416398804e-07,0.0025985665023149033,0.3766028350508719,2.181422231524514e-05,1
0.012645962015366387,0.42502148854296956,0.07754153505679488,5.697912509025735e-07,0.0007020352674632026,0.4840734336333468,1.4975692808522958e-05,1
0.00389150587881477,0.3566979574677306,0.5254816496808727,6.389611117176006e-07,0.0011360823825150243,0.1127817419019001,1.042372705510781e-05,1
0.003169490333368062,0.06970105291178293,0.1154418142291876,3.4172046674950774e-06,0.00017582303612485915,0.8114748733529821,3.3528931887003695e-05,5
0.0029647066623536946,0.13422093721548017,0.11158333264863726,2.4474268886199436e-06,0.00023258242664936132,0.7509880858016821,7.907818308825768e-06,5
0.0018743959782679355,0.09319164334484296,0.22998648868543126,2.102185471299608e-06,0.00017614747006761933,0.6747661280119114,3.0943240075714763e-06,5
0.002855678602869959,0.3504431407663666,0.0946424853447958,1.9064781953700736e-06,0.0002596779671503317,0.5517920483195912,5.062521030723966e-06,5
0.0032812393867701862,0.3136373823130711,0.10135518976637393,2.169399192530379e-06,0.0002676365930052882,0.5814511648641092,5.217677477797722e-06,5
0.0006716635389387812,0.02638301559509988,0.03924711916467433,4.123540022082676e-07,5.8235023730394515e-05,0.9336385982093124,9.561142420845485e-07,5
0.00024707626305831834,0.002987051004082145,0.00990481876732488,1.3138048933530473e-05,8.863652520293493e-06,0.9868387783713458,2.738927350615862e-07,5
0.00023940873641243964,0.003762732164101773,0.012273620296684433,8.726270557141609e-07,1.0355538456425979e-05,0.983712484622693,5.260145960780011e-07,5
0.00023717789119762444,0.005032493033575209,0.013285717550619424,8.868887591574423e-07,1.2361265775907234e-05,0.9814306344813363,7.288887363838294e-07,5
0.00018726155128005615,0.01451168754959472,0.033730468801030145,3.252355895999655e-07,2.4969637536310034e-05,0.951541004776635,4.282448334245627e-06,5
0.11815544302071264,0.8759593917624369,0.0010208756904805127,4.844725120107539e-220,0.004567544033115548,0.00028423333080752943,1.2512162446840693e-05,1
0.06684645813335309,0.9210450983661773,0.00543332337452575,1.7708739612880937e-07,0.006414967776062733,0.00013589298330658742,0.00012408227917825687,1
0.026692888692611882,0.9686672045903797,0.0014832422996698938,1.427755365496816e-07,0.0030279644229229677,4.881139399029567e-05,7.974582488880666e-05,1
0.030956152343073435,0.9672622098984865,0.00020392235183426364,1.8100808539107023e-07,0.0014595628072292795,1.1311418334711858e-05,0.0001066601729564621,1
0.020896342889923463,0.9778685087558231,0.00015276499903702276,1.427734535820153e-07,0.001028028043968473,9.50657665993974e-06,4.470596113442027e-05,1
0.025888166287692665,0.9659510381387606,0.00018603449825467874,1.5314223795152343e-07,2.705101250577521e-07,1.1198032637298871e-05,0.007963139390291718,1
0.06704075632383207,0.9323153652952197,4.499088525323163e-05,8.902658410946987e-08,0.0005747785161097289,1.1997274555224119e-05,1.2022678446101939e-05,1
0.06009880191051384,0.9389279948089687,4.3792892490231665e-05,1.7093660439752387e-07,0.0009055956515037174,1.1809396926878284e-05,1.183440299217106e-05,1
0.04013892464284824,0.9550557847014393,0.0008807821802895232,1.8971140199332604e-07,0.0037826964705347244,0.0001329372752705602,8.685018215587517e-06,1
0.05871326466153388,0.8569315311571413,0.002816342941117944,2.0520002468282954e-07,0.08104491123506305,0.0004632846431487655,3.046016197045573e-05,1
0.07387777907759553,0.8873251621695654,0.0022732477509351794,2.1304687669768237e-07,0.03576584759920789,0.0007255154628844422,3.2234892934936045e-05,1
0.10928460469066338,0.8140743327530554,0.0037063811821334528,3.4937786964156226e-07,0.07132659969021767,0.0015846585199031983,2.3073786157235896e-05,1
0.09330867514169375,0.847200200043587,0.00406711353712338,2.6692257390845975e-07,0.05464743525258077,0.000771215763952374,5.0933384890123465e-06,1
0.04815640792225607,0.9059407625451896,0.005948006989123546,2.400408961627318e-07,0.037411524858605896,0.002533325048582674,9.73259534618123e-06,1
0.007886451293501623,0.7525525467963736,0.19776236613603101,1.5572336212188888e-07,0.03990407287745852,0.001891209637177744,3.1975360954046785e-06,1
0.005121205016143949,0.5846167128936599,0.38103446500335164,1.0816066508313362e-07,0.02782852284751208,0.001396765168291387,2.22091037589846e-06,1
0.007121705441938847,0.3232629715490881,0.6284853926752498,3.6271526549579225e-91,0.003638451205071212,0.037476882685639076,1.4596443012848176e-05,1
0.007183415273927907,0.7843103787471148,0.19127421427488694,1.7812955301991686e-07,0.013461427060078673,0.003766728902197935,3.657612240568395e-06,2
0.011330846321668211,0.8300794201064432,0.12708234538826582,2.536675724673793e-07,0.015301326704344781,0.016200599144180365,5.20866752519284e-06,1
0.010772968113874687,0.8184671730622318,0.10068078394248396,3.990143255425003e-07,0.010466959655069828,0.059606609161475935,5.107050538228136e-06,1
0.011538337168088041,0.8161280936613068,0.08916154632806854,4.296988520592473e-07,0.018601146726824884,0.06456565302740039,4.793389459244285e-06,1
0.010357022336352979,0.8492303896582143,0.0774786379512523,4.600176634395392e-07,0.023242793619358913,0.03968546974879813,5.226668360045256e-06,1
0.03293936587503872,0.5733534614164643,0.1097672491503732,4.437433597770863e-07,0.010966617852754736,0.27296875579311736,4.106168892066719e-06,1
0.010979500883534324,0.6273506555055113,0.13692984503648292,3.9527488945254844e-07,0.000622095793414453,0.22409735302287018,2.0154483297432247e-05,1
0.002434772261711245,0.7563873337095477,0.15497114097698328,9.109159698789298e-07,0.0006114010660995635,0.08557979744701295,1.4643622675512108e-05,1
0.003530749175400125,0.3999561896327216,0.41435326280709533,6.53765803620404e-07,0.0005283031949403063,0.18161351313146265,1.732829257639125e-05,1
0.0026457188997967575,0.3187219068416871,0.5043703691489948,5.000707379130258e-07,0.000357786155118096,0.17388356717074252,2.015171292283068e-05,5
0.0014543415056576955,0.10255000054190372,0.12064648004711859,6.037843903681979e-07,0.00017177036705232388,0.7751709887647026,5.814989174759631e-06,5
0.0028454780367963457,0.08342407575419092,0.12672685533134012,2.2885232492092626e-06,0.0001831533215095191,0.7867796905294472,3.8458503466717e-05,5
0.001116657183056536,0.04266915153733882,0.10512857910188544,7.303186062574623e-07,0.00011736531092748694,0.8509658473115572,1.669236628216379e-06,5
0.0030207178283846114,0.17471789286971512,0.09062422308558248,1.3152864329752132e-06,0.00022454483545012363,0.7313991218824328,1.2184212001881503e-05,5
0.003364891471201865,0.1978653288741221,0.08969822214800119,1.915798759367559e-06,0.0001605366273419692,0.7088748265482893,3.4278532284187036e-05,5
0.0013335203646981173,0.08910045647178275,0.04181113783642659,7.596000492807089e-07,0.00014511805819133878,0.8676071445609891,1.8631078628397547e-06,5
0.0011006746941745408,0.057863503473059526,0.03570973884631481,3.5613181920764624e-07,0.00011001946419304364,0.9052141269678688,1.5804225699612202e-06,5
0.00046292231518777534,0.010504331254888945,0.031307061831944344,2.0243116956161525e-06,2.4169583702373493e-05,0.9576979692918837,1.5214106972133861e-06,5
0.08480816611692894,0.9111631550251421,0.0006410157617095541,1.65058683152342e-07,0.0028099486140592137,0.0005731118737300604,4.437549747016445e-06,1
0.02077641788865569,0.9772297857249695,0.0001564009246075288,1.4617157261412748e-07,0.001789949596107739,9.732840564523499e-06,3.756685352245102e-05,1
0.022263382477768177,0.9754600365363206,0.00018478496179253958,1.5211369862719221e-07,0.002058553884720921,1.1122818898901952e-05,2.1967206800358584e-05,1
0.048149765803737414,0.9508268577007316,5.043353275600629e-05,1.9615680852993067e-07,0.0009381447880365693,1.3551770377118663e-05,2.1050247552881318e-05,1
0.04225186797342346,0.9543684950893614,0.0008686450705488312,1.9469827378996468e-07,0.00236312653161847,0.00013419114920599676,1.3479487568104958e-05,1
0.04481525352951795,0.9494191723942831,0.0015170615795501174,1.9632619292525908e-07,0.003934098449388016,0.0003032672799473556,1.0950441120709811e-05,1
0.06063658568545694,0.9323231278069712,0.0033752177496943524,1.8745108246739054e-07,0.0031486189813797255,0.000497655277127843,1.8607048287570983e-05,1
0.050444516041936414,0.8989104554413271,0.0069986102546696705,2.571338163688282e-07,0.0415522394245779,0.0020876941520881305,6.227551584387355e-06,1
0.04456549832400512,0.9173496792241138,0.01407507879637623,2.9438226910798155e-07,0.01859301359257296,0.005410902028163149,5.5336524997985986e-06,1
0.04491166408805882,0.9291428498071902,0.009045986306763244,2.512140421903623e-07,0.011122541503762259,0.005767965321476307,8.741758706928299e-06,1
0.03381999595980248,0.8901924056255699,0.046936848286356414,2.936671502619209e-07,0.016878730718415252,0.012166205532656653,5.520210048926311e-06,1
0.010269728151299397,0.8928855370530012,0.04138699283709478,2.189519557208923e-07,0.030858089105303663,0.024593378602542,6.055298803265153e-06,1
0.0067007569972556144,0.7943231166614224,0.160930518119716,1.4319086404710873e-07,0.03684139912256642,0.0012011257073600847,2.9402008156260873e-06,1
0.005010912532667209,0.6868296352736674,0.26019218438300745,1.419320280212387e-07,0.04303518755248036,0.004929023973566353,2.9143525833758447e-06,2
0.006812178962510426,0.714747877895913,0.23316689376777988,1.5320255093867067e-07,0.03970095872665796,0.005568791669414217,3.145775173740716e-06,2
0.0031822557303754617,0.5780597806552585,0.4081748509972893,0.0,0.0031488252898892034,0.007431428685523088,2.858641664502707e-06,2
0.006563446449252863,0.8276652738816331,0.13645728045954403,2.4958580832291573e-07,0.01310831951347344,0.016200305255416266,5.124854871734747e-06,1
0.012733777264083757,0.8886097161116411,0.06289296303562691,2.664060129369094e-07,0.014018865172607812,0.021738941778517106,5.470231510490077e-06,1
0.008942505183238253,0.8264770411933201,0.09969134138651214,3.778269420541553e-07,0.011385648395381004,0.053497966049733454,5.119964873249059e-06,1
0.01630731801410671,0.6018104754721546,0.1433766824636813,3.889935445897642e-07,0.003140116875066655,0.23535250185302953,1.2516328416611463e-05,1
0.0014748786991575329,0.14940840977316738,0.06666655561325309,5.135304880109491e-07,0.00012161259100106234,0.7823103834747458,1.7646318187154064e-05,5
0.0031189253195418832,0.22475043304297013,0.10887361324774199,9.047616534000551e-07,0.00012429359731714324,0.6630977879259816,3.404210479392438e-05,5
0.0029061750898584275,0.13267220657130788,0.09662585088614958,1.5298534030902344e-06,0.00014824719657699197,0.7676148859317584,3.110447094552505e-05,5
0.002761406343090983,0.24751868261466098,0.06049329234583966,1.7400223979765884e-210,9.528769558806082e-05,0.6891006683286212,3.066267219907951e-05,5
0.0026892224277201117,0.23972481210309202,0.08742456977659305,1.853904090039734e-210,9.523541606086484e-05,0.6700363459028434,2.9814373690449406e-05,5
0.0036285227975367,0.31653894750369027,0.07207111468478518,2.555182426177766e-210,0.00019256974578702772,0.6075179712702553,5.087399794550151e-05,5
0.0032669955879765324,0.24894490689655002,0.08732809693379946,1.247704111992774e-06,0.0002501451646690439,0.6602035436028918,5.06411000107093e-06,5
0.08213022299498735,0.9136915551105854,0.000615992466488628,1.8751988514243829e-07,0.0028928835588014025,0.0006644715521792946,4.686797072575761e-06,1
0.18828182195075296,0.8052319401254787,0.0017355314840177716,2.3504495450395357e-07,0.004306180996393712,0.0004147933334411762,2.9497064961293054e-05,1
0.0240249937474561,0.9668399317944416,0.005251312551192572,1.60074480726489e-07,0.0037424122390184453,5.902400286460316e-05,8.21655905456619e-05,1
0.04554090814546615,0.9513816731842585,0.0008659265313914463,1.9408893989846071e-07,0.0020614654537217773,0.00012900425861431407,2.0828337607845486e-05,1
0.059571126422793136,0.9323400714958604,0.004038147487135079,2.099127763571796e-07,0.0034951919259140277,0.0005373752876284156,1.7877467892705075e-05,1
0.15401952373150907,0.8157876358565166,0.00020280391860865625,1.9612769485080277e-07,0.02958450221333877,0.00037926711740630427,2.607103492563686e-05,1
0.14151965830431712,0.8033614146155835,0.007569152138179261,3.149788450590068e-07,0.04566997007462532,0.0018722291145868368,7.260773862795543e-06,1
0.05189385373453217,0.9102321391579143,0.008169005375783779,3.1606072379233046e-07,0.02685729703588025,0.0028409013378468627,6.487297318959799e-06,1
0.03182440599234144,0.8860345035041673,0.03755806393488054,2.1779014338887887e-07,0.032984823924826656,0.011592829026938214,5.155826702302562e-06,1
0.010154794568986991,0.9118663682207211,0.03196862109307834,2.1650155662029651e-07,0.0213769285827843,0.024625095136872634,7.975895999949468e-06,1
0.005793684468619087,0.7326930913396822,0.22081710743081845,1.3208095626278483e-07,0.03939722566010852,0.0012960469436091384,2.712076206235832e-06,1
0.005583839315133436,0.33006789714079593,0.6298583600442139,3.113388576646776e-91,0.0028064845831044637,0.03167088997097596,1.2528945776174912e-05,2
0.004418859770962444,0.6207474222485382,0.35892347337171465,0.0,0.005078251358064266,0.01082393289535091,8.060355369643129e-06,2
0.007724455286811797,0.8497189067718129,0.10398436862659545,3.9628303092916045e-07,0.009321701609201124,0.029241813683896146,8.357738651644088e-06,1
0.0076133663140340495,0.8912442155900048,0.07424234751429287,4.156491708462537e-07,0.0053988377953798055,0.021484694537974823,1.6122599142877217e-05,1
0.0016141279963152457,0.46890423430199585,0.13650436037605398,6.488017655463666e-07,0.00035732931322333706,0.3926087950565514,1.050415409460602e-05,1
0.0017227519480883231,0.16888597483248186,0.09141682329854033,4.493719224501944e-07,0.00018909226508557542,0.7377691336445014,1.5774639380215316e-05,5
0.0020414536189805924,0.25637746175773996,0.08721519724622305,1.621145658845302e-210,0.00010074940406517145,0.6542444890003174,2.064897267385662e-05,5
0.00011825677065669447,0.004669573409144844,0.023967072348269745,3.092285963568837e-08,1.849439041910512e-05,0.9712261332970508,4.388615993758209e-07,5
0.09345730802575888,0.9024242293213491,0.0006211046066139134,1.8543422995328656e-07,0.0028854265768969707,0.000606760695364855,4.985339786443826e-06,1
0.02285597978720893,0.9585117067631987,0.014210015811301501,4.739530957607641e-137,0.004254676430580638,0.00010618476345146292,6.14364442585628e-05,1
0.02659683402942862,0.9718229958629896,0.0001951405947952325,1.2075134243832901e-50,0.0012784038058023712,1.320405334954165e-05,9.342165363471115e-05,1
0.025194751999998113,0.9720126729752201,0.00015388258106239602,1.7063372834124492e-07,0.002603347329023653,1.261689641095929e-05,2.2557584556314172e-05,1
0.07083150569141113,0.9169581793846941,0.00427957146333349,2.201617676463123e-07,0.00727412876019938,0.0006464609802518698,9.93355834234546e-06,1
0.08278609495766663,0.8661847353965754,0.006702618507970707,3.756594689884328e-07,0.04070819170292011,0.0036039470134244236,1.403676197366936e-05,1
0.10078887442296065,0.8738727184395388,0.006110793638641738,2.7127160145722426e-07,0.018063348570394665,0.0011600372690019995,3.956387860517895e-06,1
0.03830497060762079,0.9081431989818506,0.01676241711368894,2.2421968323828018e-07,0.029368935178276424,0.007415579861277532,4.674037602389245e-06,1
0.0074974702846523095,0.8219411652775409,0.11853426852740169,1.6909866041016025e-07,0.04951029433587711,0.002512811485563738,3.8209903039422e-06,1
0.002706866532244186,0.49984035494840173,0.48707969570658544,1.2111402382419957e-07,0.005749455124668207,0.004618758282286172,4.748291790539613e-06,2
0.0020896960647753112,0.19137666275117893,0.7936863562133211,1.9121645660257606e-07,0.0007491122914255624,0.012092874100557075,5.1073622853744384e-06,2
0.008124776532042507,0.351845639885398,0.610140098368549,2.7335606968071214e-07,0.002726471368029585,0.027157662522997894,5.077966913433837e-06,1
0.007301717347795589,0.8281105552964866,0.1274578628153594,1.8807728045327862e-07,0.03306365812986129,0.004062156459925759,3.861873291074898e-06,1
0.013686885917848366,0.8888733767930062,0.06412734176136768,2.7163467285220775e-07,0.015052832377285335,0.018253713921941847,5.577593877844283e-06,1
0.009269706478282956,0.8751705934159691,0.06525463415884135,4.7096019496176387e-07,0.027254682294521434,0.023044234082592183,5.6786095978625134e-06,1
0.006667589029257396,0.8622203713728778,0.10697901564590409,2.6210473897069767e-07,0.006883215404053491,0.017241065741530753,8.480701637480695e-06,1
0.007446070109642743,0.8716600043089753,0.09928467646661808,4.065156908884074e-07,0.005280203667710623,0.01631287061041015,1.5768320952354065e-05,1
0.010113713750104586,0.6837412240429641,0.08978665375667971,3.678636362473296e-07,0.0014604816810591843,0.2148747858205853,2.2773084970885966e-05,1
0.008748658524110501,0.670834072301553,0.10736147879608761,3.61948501790651e-07,0.0016199061633789475,0.21141966516108032,1.5857105287771547e-05,1
0.0022413761094496614,0.5035953045366685,0.16892932472065125,7.108617419398516e-07,0.0003997612861964349,0.32481523181297506,1.829067231727874e-05,1
0.0017342520682475323,0.30813476688423747,0.0839463525408238,5.184899645106283e-07,0.000270838181430311,0.6058964803636389,1.679147165750651e-05,5
0.0013465571658725466,0.1447653808200124,0.047069707144525505,5.178129399536645e-07,6.9053498217889e-05,0.8067326725547133,1.6111003718307385e-05,5
0.0014295649711415872,0.1430236959478718,0.0465034074090132,5.133801478797812e-07,6.284757131262738e-05,0.8089640535496798,1.5917170833039995e-05,5
0.0030322441634114384,0.17180470500053024,0.07628760434672589,1.0470236579731126e-06,0.00016542255663201463,0.7486765231347294,3.2453774313082927e-05,5
0.10763100527447396,0.8867581122864804,0.0012592272014787128,2.1647329495922793e-07,0.0035082415526453137,0.0008376825140801806,5.514697546679873e-06,1
0.01790205281986736,0.980236080697996,0.00016368291952053028,4.757052169430461e-94,0.0016069924134035865,1.107549151433978e-05,8.011565769843837e-05,1
0.018603274243600056,0.9788294450077023,0.00010970938354631442,1.3037491382395977e-07,0.0024153413228942705,8.592637193605868e-06,3.350703014981109e-05,1
0.023639720853195295,0.9730768087956557,0.0001290410381355173,1.5275300061351313e-07,0.003119878704646704,1.233832500103092e-05,2.2059530365350653e-05,1
0.041628927876097566,0.9573296686485147,3.820083049372034e-05,1.6959163764123907e-07,0.0009731171256348864,1.1716477997463462e-05,1.8199449624007852e-05,1
0.15184132894949764,0.8329540835191422,0.00361651862038051,3.117792078979277e-07,0.01080428634068298,0.0007714764037929861,1.199438729584174e-05,1
0.07731766980847064,0.7720386895976283,0.0007819358925523857,1.601283629721155e-07,0.14903852228690112,0.0008155861008597731,7.4361852249990676e-06,1
0.1072625912386723,0.8722358497272714,0.0052278993896031755,2.604556908360281e-07,0.013934059634602272,0.0013355429023244167,3.7966518355701166e-06,1
0.038431031608878126,0.9002949694483549,0.02344966123843079,2.1311414548310906e-07,0.03227663316286332,0.0055430494139670295,4.442013360391621e-06,1
0.035571258154044195,0.8919732232005207,0.027901945045947084,2.3684671152531802e-07,0.029292246186837984,0.015253406429298639,7.684136639782173e-06,1
0.007484998289806814,0.8555193324312632,0.09192954858120658,2.043266973835273e-07,0.04022757995730871,0.004830677165610383,7.659248106656789e-06,1
0.007723335005652976,0.8359087413923935,0.1115420450065584,1.4833526579039963e-07,0.043398764736009315,0.00142361370802076,3.3518160992111017e-06,1
0.002666284444365443,0.6050591339937866,0.3818271401846342,1.252384682141188e-07,0.006877094034877647,0.003567650527469838,2.5715763979870262e-06,2
0.0034223658684097327,0.6319619198257905,0.34910927987392243,1.531277942167531e-07,0.008477630712342239,0.007022647195724345,6.0033960166185856e-06,2
0.0012439147919703665,0.188434635329747,0.8005202277140028,3.384764625825416e-32,0.0011426128438971395,0.00865668518052161,1.92413986113282e-06,2
0.0008413095733202564,0.08927473653961686,0.9043749343097849,8.145487935179751e-08,0.00034382512821467506,0.005162818639790258,2.2943543939809587e-06,2
0.0022872065993259265,0.16057324307452653,0.8243099842304837,1.786566156179601e-08,0.0007961693237558136,0.012027837397908532,5.541508337830856e-06,1
0.01198930220926979,0.5043786678339418,0.45925533892583914,0.0,0.0034517007143983784,0.020911583440525166,1.3406876025528876e-05,2
0.0020998621092938744,0.36679221525525163,0.6169721783990727,1.2876799887597378e-72,0.0008059378542811263,0.013318977963862267,1.0828418238470948e-05,2
0.0066156825840828,0.8199021451521428,0.1539071693018018,1.791240116611423e-07,0.015446451948817047,0.004124695784346757,3.6761047971260467e-06,1
0.007746944893801959,0.7149399225796135,0.24696282847107595,2.1643782414187634e-07,0.011283652801594624,0.0190619906033162,4.444212773692875e-06,1
0.008866526662562286,0.8648961464183774,0.06265189097701605,4.6543115228424075e-07,0.045170444704814766,0.01840891386299427,5.611943083045644e-06,1
0.005170914400402696,0.8233108005102278,0.14472380999880316,2.502766921592099e-07,0.0073863053792461875,0.019402716264034652,5.203170593167642e-06,1
0.008994464771007083,0.6045547233501006,0.17831389258049832,3.1862522695687283e-07,0.002394028316349664,0.20573581812532404,6.754231493263418e-06,1
0.009482224861388517,0.691164760411925,0.18990771694514458,3.98056956089659e-07,0.0013838577159495553,0.10805543031140091,5.611697235400174e-06,1
0.00932155963373892,0.6795469089125487,0.20183057772849206,3.9136598040769963e-07,0.0012805709341761947,0.1080144740553593,5.5173697047235755e-06,1
0.001986523171848541,0.4813877537125594,0.1268276442311783,5.79773954691182e-07,0.00045039320142031337,0.38934191173860305,5.194170435763873e-06,5
0.003734625802935743,0.6163358663525151,0.22185658926758264,1.8830867327974252e-06,0.001913365558105307,0.15614447013609103,1.3199796037371777e-05,1
0.0016233644829459157,0.14239585298221602,0.07827019410375566,7.518514297689878e-07,0.00022067579530492368,0.7774866269097435,2.533874604290803e-06,2
0.001106367764069628,0.39503702618482717,0.5210850970494134,9.516806049918195e-07,0.00018741227465160284,0.08256433115926988,1.8813887163290633e-05,2
0.15286870102379466,0.8354171565793398,0.0023549916973103894,2.8472034879976625e-220,0.008997327435458124,0.00035058474460374734,1.1238519493040985e-05,1
0.06510806219778016,0.9137593222809078,0.014248821892137555,2.257534223751501e-220,0.0066243886471086325,0.00022622745204594393,3.317753001982154e-05,1
0.02113411998820109,0.9314417800562002,0.04453649761345146,1.4081307651040772e-07,0.0027458422938752575,7.482494434842765e-05,6.679429084719043e-05,1
0.016759661060563813,0.981620610870919,9.455007285902226e-05,3.5838158093909173e-261,0.001478612693695298,7.581934799605124e-06,3.898336716320831e-05,1
0.03153713129518303,0.967253018928619,4.7400352409054514e-05,4.56078785964169e-09,0.0011493602740252778,9.191699884015566e-06,3.892889091530012e-06,1
0.04095258775913155,0.9582484833459228,4.6802871029470004e-05,7.634279600211537e-08,0.0007349443310995014,1.0287999849849548e-05,6.817350171020895e-06,1
0.05101654466666408,0.9482229444880768,3.593848963658307e-05,1.5336638040428557e-07,0.0006973651934326102,1.0595533167494301e-05,1.6458262641987115e-05,1
0.05679078433261194,0.9357647172245982,0.005086280389230637,1.8167451280543253e-07,0.002009274434609119,0.0003292658407985007,1.94961036390431e-05,1
0.06349940459966202,0.9288520168470603,0.002857650217863896,2.1441140793709277e-07,0.004146754081723532,0.0006256992431527627,1.8260599129529647e-05,1
0.11081726272374556,0.877186084487728,0.003355151378093673,2.8443605769614167e-07,0.008115262317903051,0.0005210724029953509,4.882253476689394e-06,1
0.11152320533123591,0.8140783416480112,0.000945455894859689,1.5294168078419022e-07,0.07287988118427492,0.0005589688936419725,1.3994106295585839e-05,1
0.009649379145564721,0.8808123787200165,0.062150654996639125,2.1036752477227e-07,0.04370774654749906,0.0036717445324056857,7.885690350046163e-06,1
0.007496098808432473,0.8794436649640723,0.056907278388480705,1.8632719460785407e-07,0.05215517722931133,0.003993886874443781,3.7074080646444344e-06,1
0.008083617385928863,0.8951985447528702,0.06288775843180028,1.703389089133506e-07,0.03196348255556754,0.0018625795363790094,3.846998544960236e-06,1
0.0030861070667543007,0.5982450865415487,0.38361391938104367,1.4495802299032667e-07,0.008025326780085992,0.007023802218178209,5.6130543660631196e-06,2
0.0039243702312000564,0.6902331980085239,0.27912357310417146,1.9740362837140183e-07,0.014530926939880952,0.012183680937311765,4.0533752834552025e-06,1
0.009652545084244533,0.8541352223454937,0.08975289895684316,2.630897479860199e-07,0.02243109789581626,0.024022570490666677,5.402137187724977e-06,1
0.006195546626076203,0.8483488131208126,0.09966512141593922,2.5814031399472657e-07,0.015415808560857731,0.030369151627711637,5.3005082887380926e-06,1
0.00442164403691117,0.7272589138300855,0.21358224548547539,3.832953867127887e-07,0.0022513530108873316,0.05247163677033256,1.382357092124167e-05,1
0.009218573454939694,0.6840055147415296,0.19991497220636173,3.8698906033165806e-07,0.0015665938075918697,0.10529045339351438,3.5054070024707916e-06,1
0.002016204175454898,0.7511380472073095,0.20180665184374216,1.1058783106629968e-06,0.0021457258692840703,0.04288767616963338,4.588856265421802e-06,1
0.001984297382654553,0.2768384776093852,0.6571346451303914,8.438879592969691e-07,0.0018442482893728865,0.0621931950563432,4.292643893334089e-06,1
0.0016949852171489256,0.1912053976767337,0.7795484026169446,7.303655217568921e-07,0.0030440722527423506,0.024503122248202825,3.2896227057909788e-06,1
0.0031463455667019974,0.4417809158720556,0.42989192836739953,2.232916851400748e-06,0.0021237939223701513,0.1230463880197217,8.395334899751955e-06,1
0.0008953688920051772,0.13143705785427845,0.7416212764158032,3.4292643240856107e-50,0.00016006128521839973,0.12588366988234084,2.565670353858993e-06,2
0.0003414904519200513,0.021961711728690977,0.1512940321917885,5.761718806569623e-07,3.8164922454085376e-05,0.8263559024407615,8.122092504138296e-06,5
0.0017212521110829678,0.042177972106988,0.1073269090378861,3.140543343173795e-49,0.00025454751015389275,0.8485170570724675,2.2621614214165846e-06,5
0.0010409769809676085,0.013225831207106539,0.10081459155409186,3.357924137311605e-06,5.0519035500104506e-05,0.8848586339764362,6.089321760389852e-06,5
0.0008880430562032892,0.036572484575030074,0.06320512546709932,1.742702657086771e-211,5.4304287126486385e-05,0.8992731813934376,6.861221103327976e-06,5
0.0788351630385207,0.9167641059022612,0.000809840640521762,1.8033262537117904e-07,0.0027152219298991476,0.000867797259688641,7.690896483050547e-06,1
0.182792862413586,0.8036425436431024,0.0043379319189835,3.008761884919212e-07,0.008650033297190517,0.0005693590698721482,6.96878107708627e-06,1
0.1393450155042221,0.8446582544658757,0.003907474877409741,2.0465473668391957e-07,0.011612611556078548,0.0004704226108920936,6.0163307851027236e-06,1
0.056016535820808226,0.9169762146557178,0.021602741567517195,2.2654818796092063e-220,0.005162576755057756,0.00017638058028975273,6.555062060935265e-05,1
0.01775335143504198,0.9796436891985583,9.435965500706574e-05,3.57659823157636e-261,0.0024616920743849384,8.002779874270659e-06,3.8904857133413635e-05,1
0.03301567151209704,0.9661845982854542,4.461133452635695e-05,7.12577678453759e-08,0.0007413053376656872,9.65371129937693e-06,4.0885611893701846e-06,1
0.045541893460698306,0.9492085546450446,0.0030182095391483154,1.6777112855856274e-07,0.0018555065004592095,0.0003576639988558847,1.8004084664974286e-05,1
0.16133426536726123,0.8182255704323017,0.005784997877910374,2.997338335549462e-07,0.013795597789192964,0.00085278945163485,6.479347865137671e-06,1
0.06612769787823684,0.9095368329521365,0.00041984600168512896,1.7588267466138354e-07,0.023113516984484543,0.000775409186329014,2.652111445327473e-05,1
0.10592171664112765,0.8204682959529703,0.0004938215948130398,2.0288914775966673e-07,0.07098949908845714,0.00210110611802981,2.5357715454066245e-05,1
0.13122405673666926,0.8106478886593281,0.009878043693537774,2.9053102884396507e-07,0.04571052916803439,0.0025283410172432,1.0850194158772977e-05,1
0.006113801075727699,0.7852916111680213,0.177675145171761,1.5920254272196674e-07,0.0254402594239505,0.005475754982360016,3.2689756366500894e-06,2
0.00123057790989552,0.16722213952464168,0.8255001549524281,3.0037343269053126e-32,0.0007108260152454332,0.005334232620441302,2.0689773477970043e-06,2
0.0007001742095523619,0.09404146907527001,0.8988810485561016,7.549595148735966e-08,0.0003223094588222095,0.0060525063452202925,2.4168590818917934e-06,2
0.0037002646335142415,0.6337661465915079,0.33844817250729065,1.7631731867796672e-07,0.014321122815720953,0.009760496733809463,3.620400837971129e-06,1
0.009187397889892838,0.8713112912302032,0.0728906805928599,3.055327737781069e-07,0.021902129487560235,0.024702767559904918,5.427706805142696e-06,1
0.004944747646312998,0.7439654025369015,0.2230799817755209,2.2957716612519304e-07,0.006496692846290585,0.021508231609162324,4.714008645609872e-06,1
0.008277654632446802,0.6855441376854199,0.20057776806339386,2.262919479784785e-07,0.0038242868586608556,0.10177190535216138,4.021115969095761e-06,1
0.011498293246061352,0.6295208541845909,0.24987711015037917,3.2593433685238674e-07,0.0032658713524716053,0.10583184296631992,5.702165840332452e-06,1
0.004519214863373364,0.7829037837049385,0.17695909722994974,1.0067655600181443e-06,0.0021153082039763907,0.03349741164556927,4.177586632592897e-06,1
0.0006341236064779174,0.10775334885552251,0.7126719987555423,4.790078266357715e-50,8.976618498719588e-05,0.17884780003611694,2.962561353102085e-06,2
0.0006783860990362335,0.11245360313063713,0.6896811366498344,4.2293792075396136e-50,8.423406969702144e-05,0.1970999190579507,2.7209928443047897e-06,2
0.0005962652905661437,0.08504080257912737,0.7135425729678009,3.4551696849865765e-50,7.403726596818225e-05,0.20074373684458713,2.585051950081476e-06,2
0.0006562892379616947,0.12350572975536839,0.7072452681406592,4.880558629872209e-07,0.00027749551664836683,0.16831269534799873,2.0339455006064836e-06,2
0.0002966328817705872,0.021624514915128203,0.148971086412499,3.382424327733593e-26,3.2449448108439326e-05,0.8290673189553743,7.99738711934447e-06,5
0.0008573072402513724,0.012089770979145893,0.050566213714759986,3.882123483195977e-06,5.123634142028394e-05,0.9364305585563655,1.0310445738349563e-06,5
0.0005790690676534618,0.011174035451488748,0.08314814489910653,3.2491108884240387e-06,2.926065702694656e-05,0.9050612469571496,4.993856686400127e-06,5
0.0010711657157906626,0.032463715078759704,0.05044610638494142,4.391669067554413e-07,7.985596807252477e-05,0.9159371296642146,1.5880213143379104e-06,5
0.09055174333778003,0.907282209785726,0.0008821290203618443,1.59735968010151e-07,0.0007851483286179116,0.0004891388527471441,9.470938799225049e-06,1
0.1757712678652297,0.8165446301896773,0.0027741853957483523,2.318450916268239e-07,0.004064222816503957,0.0008407720758872133,4.689811861753574e-06,1
0.023227797788846313,0.9465672944248089,0.027280098553125163,1.4194029753541842e-07,0.0027678230022137435,8.951530570555367e-05,6.732898500244574e-05,1
0.016886959895429054,0.9815978067966294,0.00010689545538924325,1.288312511550798e-07,0.001349177318488818,8.959452693202726e-06,5.007225011875494e-05,1
0.040940769745575256,0.9564975676681621,0.0007186249375486207,1.6678815769914778e-07,0.0016254502569289816,0.00019952200487499065,1.789859875254012e-05,1
0.06926891129238592,0.9238061132851352,0.003636824863811592,2.0915266334663263e-07,0.0027755490793502317,0.0004942360499052159,1.815627674871218e-05,1
0.07303954352746334,0.9186235152400151,0.0041846605445507645,1.807199473439065e-07,0.003116921075405266,0.0010155134338915054,1.9665458726867644e-05,1
0.12233817256281505,0.8622307950789826,0.005857387860295685,2.484305580654324e-07,0.008861843540130436,0.00070682364039201,4.728886826334602e-06,1
0.07413684277087453,0.8550153624166326,0.004585681975694418,3.7081537447704894e-07,0.06359960926057039,0.0026399013583455395,2.2231402507866302e-05,1
0.15780746384612274,0.7980575888854313,0.0005878454572654696,3.8329932814744207e-07,0.0410199445222439,0.0024966890732928625,3.0084916315689255e-05,1
0.11190353787035658,0.835280926864381,0.000550062611905341,2.1938379171368072e-07,0.05090849224494064,0.001330293101273844,2.6467923350523115e-05,1
0.06754209494977188,0.8870252400179023,0.0003683971234922689,1.7152947088478643e-07,0.044306050339043064,0.0007321813396706983,2.586470064890297e-05,1
0.05317377339357378,0.8980060074615298,0.0005165361881796649,1.6077525294008507e-07,0.047456214462110825,0.0008272240575132611,2.0083661839546005e-05,1
0.06358038512604647,0.8870770595875234,0.015561310719355232,1.8568038416140967e-07,0.0314407862107456,0.0023360131763850555,4.259499559945692e-06,1
0.011363434326321137,0.8813655043028327,0.04915457591399958,2.4848853878270573e-07,0.05372654814589017,0.004382535073013309,7.153749404289846e-06,1
0.02552844560404736,0.867355842286989,0.05404539720800888,3.6858073794036143e-07,0.04256410273646576,0.010499025681926887,6.817901824494117e-06,1
0.02819588108230741,0.8619389323169115,0.05238578596958782,3.419623369602946e-07,0.043140785152625566,0.014331947994028793,6.325522201996107e-06,1
0.009040244172069743,0.92968684508483,0.030338258219277856,2.0242836599077628e-07,0.029123537927336365,0.0018071696675945955,3.7425005254160523e-06,1
0.0007169640128001845,0.11703092823319511,0.8763732694384065,2.3659830672527517e-32,0.00032341881005493536,0.005552665362875535,2.7541426676965024e-06,2
0.0007007920682226291,0.0941244546183536,0.8996742532211869,5.8805357803382223e-08,0.0003225938761728139,0.005175428418901872,2.4189918044602463e-06,2
0.006278280525320886,0.8709540526803872,0.08170732653843156,2.6422663754182025e-07,0.01602456138092852,0.02503008916685458,5.425481439619017e-06,1
0.00628966359347175,0.8725331680604578,0.08049104350115564,3.059612353634443e-07,0.01560491267183794,0.025075470893532674,5.435318308922539e-06,1
0.00431090078287044,0.77523583659508,0.18351792763102331,9.254155567169681e-07,0.0015390581099917824,0.035390525914251916,4.8255512258641265e-06,1
0.002274686395872106,0.31735198785052354,0.5978538877316409,8.158147480709153e-07,0.0020481214234133334,0.08046110526177931,9.395522022625736e-06,1
0.002897470265208812,0.42123395637353445,0.4485656474068353,1.8941599099818674e-06,0.00170487578323694,0.12558856973133362,7.586279940909871e-06,2
0.00337296005898849,0.49973217534512654,0.3458790957263633,2.514390036913271e-06,0.0016656477184806419,0.14933359953756792,1.4007223436078264e-05,2
0.0006404266887883547,0.12834007899631422,0.8373952215174404,5.016757369612393e-07,0.00016730121980146605,0.033454516229845785,1.953672072836607e-06,2
0.08253183852497052,0.9156426467742135,0.0007597631146850722,1.6357944313678312e-07,0.0005887499062329297,0.00046235605935826887,1.4482041096694196e-05,1
0.11881540582764062,0.8786846149530688,0.0008028609430140099,1.7689229919338937e-07,0.0011208429748560931,0.0005695696987803172,6.528710341019283e-06,1
0.0625576315078245,0.9065679438095353,0.026355861528140043,2.3448304895717137e-220,0.00424537152988632,0.00023041770266673308,4.277392194697505e-05,1
0.013784130684938532,0.9843143584018619,9.883507334611722e-05,1.2615498966350396e-07,0.0017172069027656133,9.341161151819239e-06,7.600162094637268e-05,1
0.015888097764670796,0.9820184239157431,9.558521881518372e-05,1.2586073042722231e-07,0.001912623521823745,9.319372691815794e-06,7.582434552511904e-05,1
0.03980272885573575,0.954219660799656,0.0036857832789591455,1.7386854128251641e-07,0.0019229423521607682,0.00035005242639374746,1.865841855342419e-05,1
0.05984134126337055,0.9313993046920871,0.005091646795825759,2.0573310046919794e-07,0.003073078058964247,0.0005765640278081415,1.7859428843603606e-05,1
0.05118614794027715,0.9410946124554516,0.0038701930813146027,2.078746585701238e-07,0.0031840021274762917,0.0006467911860425275,1.804533477916138e-05,1
0.10587877332830754,0.8776136055858846,0.005407013605687251,2.929500657615682e-07,0.010093778136967133,0.0010024661484723798,4.070244615313316e-06,1
0.06590720013534787,0.9144221112408618,0.005506213145210567,3.4030984243722667e-07,0.012170477522926717,0.0019694740851686383,2.418356064171572e-05,1
0.07571955236408903,0.8881850135776239,0.004782857934759964,3.743187632790212e-07,0.028829894319067056,0.0024712181697990614,1.1089315897773124e-05,1
0.15220233525993496,0.7470060381929957,0.0007691429833262044,3.496475769790822e-07,0.09818567000711127,0.0018230241566261924,1.3439752428490366e-05,1
0.12850105759107286,0.8029886613425544,0.013271595388940148,2.903977686939082e-07,0.05101996872593021,0.004207575651005511,1.0850902727987925e-05,1
0.021203104201125336,0.8423543724662249,0.07979009650564774,2.5919022091325084e-07,0.053491687029431446,0.0031562108884829647,4.269718866525633e-06,1
0.018125852163774433,0.8670717942032486,0.06322467870874887,4.808262350287254e-07,0.036964126966208266,0.014607031771067432,6.0353607171441756e-06,1
0.00520994265466831,0.6894814316337464,0.265604982726127,1.6050624468888221e-07,0.025648588485049553,0.014051991896694592,2.902097469359718e-06,2
0.0007096128986627812,0.10051020420871515,0.8943718166339134,5.243081857775149e-61,0.0003266543471909417,0.0040792624719989306,2.449439518569478e-06,2
0.0022984238248851905,0.47190694082690865,0.5181167854980403,0.0,0.0010293712713497858,0.00663780663203138,1.0671946784805002e-05,2
0.004159789795043217,0.7291365043312845,0.2414827595351565,2.152409128166257e-07,0.017488846934054014,0.007727466843141627,4.4173204072708575e-06,1
0.004926949862656273,0.6867965564565538,0.2733053767950811,2.0426132659281697e-07,0.015184185087264348,0.019782533349709096,4.194187408852315e-06,1
0.007233208215550826,0.679598912924449,0.21944654645972927,2.1199752549632977e-07,0.002396104796456825,0.0913190794747449,5.936131543702615e-06,1
0.006123199171754512,0.660616806940851,0.18641791990719522,3.8905923989363316e-07,0.0012215095641147356,0.14561639432892826,3.7810279165686326e-06,1
0.004369433728766089,0.3040862173743758,0.5592490719432363,3.223413961903556e-06,0.0019674774258047877,0.13031542501647692,9.151097378365484e-06,2
0.0005019117669153734,0.08715120320413894,0.8222172939757452,2.021707632010519e-50,0.00018315429645702268,0.08994492417712141,1.5125796221622484e-06,2
0.0002664365573310397,0.019261944882117642,0.09541010561555645,0.0012117777857239863,3.207670888914727e-05,0.8838116311303025,6.027320079244726e-06,5
0.014817408818482902,0.9779192708334429,0.0037137996030306803,1.2699730536923665e-07,0.0034005851050218075,0.00010904259058596664,3.9766052130634856e-05,1
0.016010244965154602,0.9818018845573528,8.379190542116404e-05,9.483972718026575e-51,0.0020200692729878417,8.992247258521434e-06,7.501705182500345e-05,1
0.11295744163419384,0.8610855001802437,0.005423563627570355,2.747707064857431e-07,0.01960353465588518,0.0009258674705797719,3.817660820836556e-06,1
0.18318036701752125,0.68611475706768,0.0010892022506438193,3.5259956044079305e-07,0.12612986415692884,0.0034741910665073788,1.12658411584315e-05,1
0.17055701737199613,0.7695554617252462,0.0011923076141975594,2.705236268262931e-07,0.05496592676742935,0.0037204902004971245,8.525797006785228e-06,1
0.008220383864843658,0.8711756760185222,0.07109073284238676,2.1502638993675654e-07,0.04057846752727284,0.008925654654190235,8.870066394345547e-06,1
0.006598525277964724,0.5985255543396656,0.35033711205034,1.718246945648489e-07,0.02745725495606463,0.01707827480603293,3.106745237462369e-06,2
0.002273425772918372,0.4300465438163597,0.5281418725701982,7.724728134086859e-32,0.0013745635191582417,0.03815820711767589,5.3872036896200595e-06,2
0.006930789210681839,0.62128508038143,0.34431020948511476,1.7506974935312042e-07,0.02068344053627336,0.00678671053280079,3.594783949834632e-06,1
0.006711748790616885,0.6229863309484313,0.3440592226009858,1.7002077470453721e-07,0.020086934473409895,0.006152102054642428,3.4911111388726424e-06,1
0.005746725614101096,0.616706093932874,0.34099138007045826,1.834156034714655e-07,0.021938333762820207,0.014613517051109996,3.7661530329751703e-06,1
0.009013000037924664,0.6585107408562274,0.25877427355916544,2.1301974526016721e-07,0.0024993132717734397,0.07119649450049843,5.964754665460783e-06,1
0.00017775120610484817,0.016281084761294258,0.0479952730007785,2.455227463291087e-06,2.29341801969142e-05,0.9355162501153069,4.251508855174684e-06,5
0.08727640002677448,0.9082073271785435,0.0028388903965472488,1.582526083474324e-07,0.0012930970685463437,0.0003701166320626414,1.401044491776497e-05,1
0.09979434246280647,0.8932676651691336,0.002628414166305829,1.7982808438647612e-07,0.0037501298382651167,0.0005527606733852801,6.507862019395705e-06,1
0.14029142707469186,0.8087341314407497,0.0030573235099927206,2.2448668374561637e-07,0.04701106763379029,0.0009002212790014125,5.604575090181732e-06,1
0.14394396103247897,0.8210144793952144,0.0028674217721825026,2.0677827734852637e-07,0.03167597232536229,0.000488771301019408,9.187395464721537e-06,1
0.041870149455825185,0.9245073086474577,0.029372256053701796,1.5946875611264792e-07,0.003967929458707594,0.00021641257008799694,6.578434546348663e-05,1
0.015549004987505234,0.9276500065118319,0.05172024504873007,1.5126293146563398e-07,0.004836469528790982,0.00021121527542096707,3.29073847893355e-05,1
0.013632982816806057,0.9092316228508036,0.07254976390401478,0.0,0.004413571012685405,0.0001420294364366697,3.0029979253441678e-05,1
0.015345868895276844,0.9753290982117708,0.001269064958835585,9.421447141251184e-51,0.007963989341968038,6.018710882071215e-05,3.1791483327891606e-05,1
0.04213313149449168,0.9506265449511541,0.004743104093995874,1.8404833847355824e-07,0.002035528349665942,0.0004417562154902744,1.975084686379232e-05,1
0.020744244292030794,0.875186786606752,0.04972814410614828,1.897890139065296e-07,0.05350938787215362,0.0008249987005695893,6.248633331673451e-06,1
0.007942970877730103,0.6112871745288412,0.3367636738392047,1.8060272656457692e-07,0.030468840385200577,0.013533894306334506,3.265459962249235e-06,1
0.0010914359705563776,0.1809520341047167,0.8141956478908582,4.151987985091423e-71,0.00037955228495940467,0.0033763648326927695,4.9649162164799645e-06,2
0.0009633525726769817,0.15483414966058995,0.8382488571943337,9.5749629151863e-08,0.0004729394448519015,0.005474732606532963,5.872771385528135e-06,2
0.002242655008228389,0.4081403075703383,0.5840741319566823,0.0,0.0009458683667299875,0.004587749190325572,9.287907695289208e-06,2
0.0047145409178591105,0.589719859049822,0.3856306879790326,1.6915350925878116e-07,0.012699562976612264,0.007231706619967534,3.4733031970884704e-06,1
0.007923114177473156,0.5954264023105224,0.371583107320913,1.5859977027898331e-07,0.017550430079291354,0.007513530913384093,3.2565986456996487e-06,1
0.0075038206684798535,0.7389133765269944,0.22140937120844606,2.1195236140758048e-07,0.02433544191107256,0.007833425621845835,4.352110800025767e-06,1
0.0075487891551956066,0.6698575329644048,0.22803077433885413,2.0895875011400588e-07,0.003812784436352733,0.09074405910348841,5.851042954300414e-06,1
0.008150617361513911,0.6792408116383672,0.2526667814848358,3.51676838079e-07,0.0020656358926171123,0.05786311869974404,1.2683246084007401e-05,1
0.009203577790687131,0.6508867890115526,0.27075789854901533,3.3699654671051334e-07,0.0019866831700201585,0.06714801618738105,1.6698294797162777e-05,1
0.005945532469233334,0.7073255893834879,0.15010980691262882,9.531797935074962e-07,0.0005618191795149666,0.13604867842194865,7.620453392898904e-06,1
0.003530844152564683,0.6214538614680403,0.1676774193231322,8.936158759112619e-07,0.0008644246551428737,0.20646591940430323,6.637380940697069e-06,1
0.002530202696361875,0.2192266791459042,0.11927487048686594,5.778206949148735e-07,0.0005124306829138282,0.6584509473723494,4.291794909817788e-06,1
0.004079220922280942,0.28328323416995843,0.11711881272757,8.26279211430628e-07,0.0007662575861564021,0.5947455110806514,6.137234171283301e-06,1
0.004207282154784755,0.6706045685943576,0.18350584193819497,1.756461902302488e-06,0.002604122736540201,0.13903714218142255,3.928593279769798e-05,1
0.00078580138464069,0.06649878211751017,0.10489027514088144,1.3259474646714692e-06,9.063410471913508e-05,0.8277146402846713,1.854102011255151e-05,5
0.07672048302798044,0.9217831130769589,0.0007789081068694296,1.6061815139525695e-07,0.0004196570057577157,0.00028345829273380394,1.421987154850578e-05,1
0.0799416477228911,0.916047208956949,0.0025680939646456733,1.5434654291123445e-07,0.001113995964295231,0.00031523441216055456,1.366463251561555e-05,1
0.11345857065099842,0.8823957486459981,0.0023269212508679237,1.537550123623508e-07,0.0014122907301377767,0.0003927027039458323,1.3612263039631214e-05,1
0.14742527411719292,0.8170999114751852,0.004750410935154125,2.1183601481757128e-07,0.029418636581262876,0.001300518624058769,5.036431131229085e-06,1
0.14532316739728465,0.792124088132973,0.006573539117946543,2.692015430528349e-07,0.05507450011463228,0.000899137981901489,5.298053719095074e-06,1
0.021012117244121643,0.9500114847486234,0.02294136205115776,1.5490920185452867e-07,0.005820491568761065,0.00018117528426133303,3.321419387289458e-05,1
0.013780502590578886,0.909485538948439,0.07060328865894344,1.181101714258086e-07,0.005924467242483866,0.00018902779646954698,1.70566529139193e-05,1
0.02148578572183455,0.9707177659349097,0.00013455939190594834,1.9893794280308428e-07,0.007624239798477342,1.3131361818726191e-05,2.4318853110926994e-05,1
0.13466665962423124,0.8321139450308332,0.007492319171394653,2.399028135160301e-07,0.023533363009116123,0.0021884466961862594,5.026565424862497e-06,1
0.09585459268674688,0.7779962782763874,0.0013948585264752249,2.1694929447724504e-07,0.11846303990714868,0.006280568996544542,1.04446574027157e-05,1
0.07369404364533527,0.860022655879357,0.015219235946766288,2.4422373615777757e-07,0.03997884046586236,0.011075854259167288,9.125579775742343e-06,1
0.04202301753291486,0.511637253476636,0.04332529424493504,2.2406918709985982e-07,0.4005442756403266,0.0024602603045135946,9.674731486795287e-06,1
0.03023250259132068,0.558033113946129,0.046546196284414004,2.465188863340665e-07,0.3631843744042389,0.0019963434823266814,7.2227726844888e-06,1
0.015975413125647903,0.8222336980112807,0.06483663279644067,1.7077981547703833e-07,0.0930758683600263,0.0038739531795800846,4.263747208735345e-06,1
0.007990792989708364,0.8654979028007593,0.09298178007527048,2.0608619666705523e-07,0.02037840563316032,0.013145250310189418,5.6621047155831905e-06,1
0.005635932510485808,0.26460882209936215,0.6880177407069907,3.360261002186125e-07,0.00044700924037453473,0.04128635927241443,3.8001442719181515e-06,1
0.004209043649083506,0.42379988722302364,0.549109799401304,4.4334199719175417e-07,0.000807140760254255,0.022059657700924384,1.4027923413011755e-05,2
0.009267870671873983,0.767429079539804,0.18959625756361506,2.2013190015022694e-07,0.026684851238962373,0.007017200788987961,4.520064856610427e-06,1
0.005373073758039924,0.6850910768469313,0.19964116171216192,3.4204986474401733e-07,0.00178503771796603,0.1081033238107737,5.984104262439229e-06,1
0.004798810651761089,0.6934881792957129,0.18264960482015064,3.4624234053871976e-07,0.0015027396024970378,0.11755297972726327,7.339660274559481e-06,1
0.003948357528444467,0.6826750390114475,0.22010451755545274,3.791392726474592e-07,0.0005849571453666275,0.09267867682741811,8.072792597938707e-06,1
0.0020027871673660297,0.19934576277635516,0.6075695144050574,2.176126734222943e-06,0.00039018335909710166,0.190682852599957,6.72356543310473e-06,2
0.0015065668635829315,0.1497300685748465,0.7544108791393191,1.520548283662714e-06,0.00026855045476045244,0.09407819389009134,4.220529115841246e-06,2
0.00020050973874437644,0.018686702700495623,0.06973682584514748,3.3541338079446607e-07,2.409942756112526e-05,0.9113466471824898,4.879692180833428e-06,5
0.0007775889648128912,0.06580380253684168,0.10599233461269002,1.3944067784941753e-06,8.96868865884233e-05,0.8273168453446026,1.8347247685859323e-05,5
0.0986635031742306,0.8991432061749406,0.0008156776825951979,1.7742456504904922e-07,0.0010735969413938286,0.0002995330484144426,4.305553860479773e-06,1
0.08167299622146357,0.9139396544363647,0.0029943953504864428,1.5925145047665137e-07,0.0011289049018581494,0.000249790963809762,1.4098874566913262e-05,1
0.11921540010856893,0.8745071546269598,0.0035944792720389467,1.733810859402246e-07,0.0021934652228894247,0.0004792475313510973,1.0079857106007627e-05,1
0.13134093701785646,0.7830395766289157,0.007994515059800122,3.1545419952182113e-07,0.07552177791149986,0.0020966695929766858,6.2083347518284e-06,1
0.03181991043425283,0.929291834010633,0.03458015627969285,1.507221964739997e-07,0.0039039956839643465,0.00034177667071490247,6.217619854548226e-05,1
0.025595853905965985,0.944050105144598,0.025896852043888863,1.446565554378243e-07,0.004166766519174264,0.00023060374070216205,5.967398911519489e-05,1
0.017236752160057614,0.9338074355475752,0.042750029717055826,1.1601691688716473e-93,0.006014698807552562,0.0001660068404971937,2.507692726161916e-05,1
0.016184760377984924,0.9693003397490558,0.006593537345604886,1.2587800947690042e-07,0.007766025413324942,0.0001370328057358833,1.81784302843995e-05,1
0.03516390120722781,0.9584847106049448,0.0037244950210902996,1.7302786373915e-07,0.0022682736486607335,0.0003398782875964839,1.856820261581471e-05,1
0.039956396678736614,0.9503756665460542,0.0055889733833248325,2.071044016063287e-07,0.0032655569920976967,0.0007973681950865117,1.5831100298816864e-05,1
0.037828621585250695,0.9537680275227993,0.003765588641163265,2.1067403898860122e-07,0.0039018295970787865,0.0007196180156018172,1.6103964066997808e-05,1
0.15601191618267618,0.8290015758757245,0.004377210892649614,2.033035179938151e-07,0.009460731867908348,0.0011430489955802435,5.3128819431789686e-06,1
0.08617366066160982,0.8150731925807355,0.0008557293751661383,1.6125323572607262e-07,0.09507536684441059,0.0028141309967277994,7.758288114531008e-06,1
0.07055342340315617,0.8383911110009395,0.0016448244052997552,1.5493404287358245e-07,0.08622173022172169,0.003181297870877606,7.458163962352683e-06,1
0.031109516007449673,0.5379870827040092,0.03640789171264065,2.678033129263858e-07,0.39232706521777766,0.0021603301683435993,7.846386466305429e-06,1
0.006221855352720651,0.8116227483018401,0.13170999665669275,1.8196695526043637e-07,0.04596377171331927,0.004477557636727571,3.888371744366432e-06,1
0.015243092381570879,0.8539641883515371,0.060355255689432244,3.2232288219051186e-07,0.031077181389605985,0.039346228865377815,1.3730999593957489e-05,1
0.02478422576082276,0.7289995201873163,0.06991942730801909,3.5288941683379e-07,0.02431683800979607,0.15196460270640932,1.5033138219435114e-05,1
0.030411273246061597,0.7000955962416876,0.17791767895332808,3.688308245734118e-07,0.04574697542457109,0.04582128477567103,6.822527856015145e-06,1
0.004961268518398095,0.46164224507958096,0.5241912481810488,3.332465888894924e-117,0.0036653874292703337,0.005537273697039498,2.577094662175121e-06,1
0.0010783441795654816,0.11070618265351058,0.8850524151115244,2.882032753478066e-71,0.00013387582691948787,0.0030258650680899187,3.3171603900094286e-06,2
0.00313939804138203,0.1677458071553261,0.8037629545328767,3.604822808552498e-23,0.00021421551522841895,0.025132354996802057,5.269758384497103e-06,2
0.0017858623686227684,0.4451580602269346,0.5441838166535837,0.0,0.0020169973805734057,0.006852741715468028,2.52165481745705e-06,1
0.005134875717119699,0.751160549869853,0.2000048030371966,2.1741045207852288e-07,0.03484067201295048,0.008849501345662852,9.380606765164087e-06,1
0.008923678699643472,0.6421406917763905,0.30982461406584005,1.9588988243772845e-07,0.026339538283215298,0.012767258992154197,4.02229287426342e-06,1
0.008594835528681954,0.7118205509893826,0.2101028443010716,2.302647823869222e-07,0.0031280248185974985,0.06634570166459244,7.81243289165315e-06,1
0.004359875915952985,0.7052256131020453,0.1974707818996853,3.916632522423079e-07,0.0006042798372662994,0.09232613109856001,1.2926483237724392e-05,1
0.006513306554172868,0.35971083128899833,0.19508652974510007,3.2015118423808643e-06,0.0006829024054090334,0.4379937010107384,9.527483738701687e-06,1
0.0014573869074912197,0.13433828217635496,0.7836455833993202,1.4846475016372119e-06,0.00012531982408155306,0.08042735566873072,4.587376519764904e-06,2
0.00042216588362982204,0.08146994749947478,0.749792958527373,3.492018649228339e-50,0.00010246785943151904,0.16820887445089783,3.5857791928820814e-06,2
0.00022822901548760232,0.0167109596872025,0.024781456243356596,3.8421285437159245e-07,2.5576996507279092e-05,0.9582487345376121,4.6593069796818704e-06,5
0.037992677398165975,0.920371225098218,0.03688867233636386,1.6123188689355762e-07,0.0041762169426615234,0.0005045353172778366,6.651167542589455e-05,1
0.025239161537303562,0.9327652274269687,0.03733164129586954,1.4566202688534013e-07,0.004271163722676665,0.0003325715871031813,6.008876805164266e-05,1
0.019242557712766055,0.9414179025636041,0.03007378677863919,1.1696244686011185e-93,0.008972016030517513,0.0002629351557501602,3.080175872297652e-05,1
0.015596979289576927,0.9161709052121747,0.0601764892775526,1.0400525737239447e-50,0.00786071888584569,0.00016464816591589996,3.0259168934166128e-05,1
0.021491543116688012,0.9584556709046081,0.0017909300113352151,1.7691428380795142e-07,0.01810417224074838,0.00013195807679573888,2.554873554071791e-05,1
0.04098970940723179,0.9450253727074616,0.010437210987634449,1.989434085617342e-07,0.0029020017019380988,0.0006302989799049645,1.520727242058323e-05,1
0.033390023899110506,0.9581101194897201,0.003454538338973103,2.1163314647169338e-07,0.004110691378622273,0.0009182379820000092,1.6177278427505892e-05,1
0.14010238721687082,0.8347672403792876,0.004135152166793287,1.8748292764524584e-07,0.020114765346469932,0.0008753679613902386,4.899446260300612e-06,1
0.11284670235068477,0.7679471274866082,0.0046900858570628305,2.4741809259352196e-07,0.10965028894172263,0.004854865068625849,1.0682877203238963e-05,1
0.03261380174005054,0.5724522480359169,0.03816837786241835,2.7857559753828654e-07,0.3542303816346273,0.0025296415188816534,5.270632507875695e-06,1
0.014180307627814475,0.8758024786079786,0.055947861556267006,2.4410718000617674e-07,0.04733690498786087,0.006725765978658143,6.437134241068653e-06,1
0.00808036493432875,0.8465990976695255,0.1017807230503193,2.2553096308761368e-07,0.023902657146224585,0.01963275986092796,4.1718077111337195e-06,1
0.0011097934100018953,0.18399556217070778,0.8078211474819122,4.221822469267313e-71,0.00038593617579268756,0.006682512337814467,5.048423770981432e-06,2
0.003600321576330439,0.24238788219214344,0.1254088846759938,3.8809847947917964e-07,0.0024087886747734388,0.6261906474348582,3.0873474213732345e-06,1
0.0004123785774968427,0.18142831301439674,0.8025498596333801,1.4178876092711975e-50,0.00017978812687589763,0.015423730920775628,5.929727074767916e-06,2
0.009040607167540416,0.7270282592060827,0.18955510583341761,2.4854956078519555e-07,0.002916176691532536,0.07145116975226994,8.432799595994529e-06,1
0.012026041706639594,0.6999835023476537,0.20660898958684534,3.6241636337975047e-07,0.003846436896612765,0.07752832663319,6.340412695387338e-06,1
0.005797865680151056,0.4755621246621758,0.1388875358585436,6.538312155471003e-07,0.00034212054142788534,0.37939280738048803,1.6892045998035788e-05,1
0.0018378415598208832,0.36537173632311154,0.08070028881444859,4.898237484360592e-07,0.00017921282740575949,0.5518975567261891,1.2873925275753159e-05,1
0.0021032515712747406,0.3937643021386889,0.08991693462902073,5.278873194047914e-07,0.00025324248373112654,0.5139460491590317,1.5692130933398646e-05,1
0.0032243776728911075,0.6958141091497348,0.14447200331302493,9.622632164829986e-07,0.0008453923134062738,0.15563193462971983,1.1220658006584732e-05,1
0.006658136236289028,0.6801452438831949,0.17489078905300356,1.5382560383274519e-06,0.0013212662800240903,0.13696924512040537,1.3781171044793801e-05,1
0.0064837010070226625,0.4634574720419365,0.16799636461863332,2.4648542002685092e-06,0.0006593905692846671,0.36138337397838377,1.72329305386967e-05,1
0.0009079677836990502,0.13698340609748377,0.8018674589258765,1.3210098623949782e-06,0.00023309406578700734,0.06000267060121605,4.081516075285424e-06,2
0.0008811451917555504,0.15377126452703713,0.7586135797877179,1.482904847968258e-06,0.00019402215400003158,0.08653035155819949,8.15387644198087e-06,2
0.0003399466245997605,0.02323216821135675,0.49156343323338564,4.043571295408983e-07,4.642289204212404e-05,0.48481491914094466,2.7055405415812007e-06,5
0.00026007329089061166,0.017791564443290057,0.030970956085038668,3.337756718571246e-07,2.604122043094919e-05,0.9509465840453453,4.447139332689977e-06,5
0.0016315184349614952,0.06859406011672471,0.027460789179416255,7.737953951280239e-211,4.613206039262304e-05,0.9022517799245207,1.5720283984269716e-05,5
0.05105929879633355,0.9341386915028334,0.0026194092785888656,2.1632672503606892e-07,0.011250359564610221,0.0009247464822164519,7.278048692570472e-06,1
0.10907171490226059,0.7814146999195954,0.005377047672409587,2.3785078216923478e-07,0.10147535838486534,0.002654999931547124,5.941338539843459e-06,1
0.022671021353651028,0.9413589324440582,0.031515256228571174,1.4320154507015098e-07,0.0041459886820478615,0.0002495843245726483,5.907376555408327e-05,1
0.018065175984793944,0.9469463000545338,0.023961415594503623,1.1764929899665358e-93,0.010792014013982977,0.00020411171272395823,3.098263946167569e-05,1
0.017932664674033757,0.949499796869469,0.02514417223123601,1.1796654730339495e-93,0.0071794356174345614,0.00021286442184148923,3.10661859850415e-05,1
0.02408555234550721,0.8654434107725274,0.10007431696640293,1.560833931520903e-07,0.010114265445830455,0.0002430624079923715,3.9235978346593544e-05,1
0.01948908680922748,0.967132313515699,0.0035457488782091985,1.570973633670012e-07,0.009671489330200466,0.00013851745615594386,2.2686913144698757e-05,1
0.04554338262008335,0.9445273688567247,0.006892653910256001,2.1129543066878583e-07,0.0024131329667462747,0.0006070988873919526,1.61514633665663e-05,1
0.039803132223617886,0.9500709306099606,0.005152849246756868,2.2426704681754602e-07,0.003742581950874296,0.0012131386855433483,1.7143016200286953e-05,1
0.12320518602174242,0.8499404850202568,0.008600355532174185,2.38518357375597e-07,0.016518860477650766,0.0017286412869465123,6.2331428719107e-06,1
0.03811191716931485,0.8948650423699319,0.004307810368514756,2.522235346866595e-07,0.06128186834141323,0.001411883994067699,2.122553322287646e-05,1
0.02437632245659357,0.9591191643764313,0.00554000607466439,2.7240033878597107e-07,0.008384185375360061,0.0025571258315057127,2.292348510620664e-05,1
0.19291048737184036,0.6357536489010623,0.007356642423212328,2.62909586757407e-07,0.15427118900199357,0.009696423579943774,1.1345812360976948e-05,1
0.13235979974513967,0.7396010801320212,0.003427325537837933,2.0942561639411916e-07,0.1213745237305449,0.003228023706874581,9.037721965544384e-06,1
0.008052599611549013,0.7922052924688099,0.15666080324692552,2.169072682839894e-07,0.03764262481022502,0.005434787790028337,3.6751651941308972e-06,1
0.0008192566916123595,0.1628580046539378,0.829296589183502,3.736816123370005e-71,0.00034772726045783145,0.006674487471391146,3.93473909896056e-06,2
0.0019098175411672478,0.4067936701708971,0.583473635740005,0.0,0.0016709481156656218,0.006149722827527859,2.2056047370903948e-06,2
0.0022437573600692495,0.4366612148390352,0.5358795366846715,0.0,0.0024397013040525425,0.02276889770659982,6.8921055717521894e-06,1
0.009691642405007781,0.7478693934391404,0.1968820682397947,2.4206442718224703e-07,0.03737569782238863,0.008175988218428408,4.9678108128887145e-06,1
0.008584381223073973,0.60960191293762,0.3465033313541578,1.8416092607023343e-07,0.02476245175164315,0.010543957115510177,3.7814570687974636e-06,1
0.007388439656739987,0.7002880810863846,0.24882800368798183,2.0650839121025452e-07,0.028987192067424047,0.014503836665706198,4.240327372214648e-06,1
0.009518135439939499,0.7062326034281192,0.20845349085827647,3.656518346163996e-07,0.002810118474049724,0.0729788891310657,6.397016714899878e-06,1
0.007170481871563826,0.6852208637971681,0.19863342623573443,4.66413323951707e-07,0.0009243191648422713,0.10802401922901238,2.6423288355040364e-05,1
0.005369845574921969,0.3954974200138385,0.09589662219189786,5.230874523874797e-07,0.0002955798329791683,0.50292626111133,1.37481875801691e-05,1
0.0008136795301761945,0.10149266401800648,0.30833282807022666,1.0732892270100144e-06,0.00016864432536668652,0.5891877946318504,3.3161351464325697e-06,2
0.05466928557418714,0.9383861038303672,0.005065954305157469,1.6131442433711614e-07,0.0016819062411026146,0.00018916583148437122,7.4229032767803225e-06,1
0.06971421398405524,0.8642952509437422,0.053288305331198174,2.1518498481054616e-07,0.011169240325628273,0.001450249734898727,8.252449549288686e-05,1
0.04777987263858863,0.9089104764767246,0.03198355154401933,1.8444766779167714e-07,0.009104083544917816,0.002151094764194477,7.073658388734265e-05,1
0.04051770615010871,0.9276566434158863,0.027096440994130583,1.7981699927256398e-07,0.004329989301499084,0.00033007962154344664,6.89606998326487e-05,1
0.018843307911681165,0.9377509371355929,0.036584166254961914,1.239570367550829e-93,0.006525642460965891,0.000255427288232368,4.0518948565851294e-05,1
0.02727826840605827,0.8802002893721975,0.0814104426077086,1.6554424145111452e-07,0.010797617678923569,0.0002650004075271913,4.821598334327715e-05,1
0.03094349156103353,0.9593726232314077,0.006144529847374132,2.0518893005055742e-07,0.0027473186032875236,0.0007761468866823148,1.5684681284620404e-05,1
0.028527341482129705,0.9593300693023432,0.00790924716886185,2.2341033027708072e-07,0.0029912888399271894,0.0012247522677847173,1.707752862312989e-05,1
0.2101494652422636,0.6342306186706511,0.007141234163748895,3.418299107567251e-07,0.13781498878749754,0.010653341256915756,1.001004901232917e-05,1
0.13599511352807833,0.8180471114828296,0.006768372677923426,2.977600144180775e-07,0.03587559929538828,0.0033047811659783592,8.724089787414726e-06,1
0.07592936440786291,0.8286039851667498,0.048527282952118556,3.451963028025984e-07,0.04183769345968043,0.0050928220052501895,8.506812035161385e-06,1
0.04070910687895631,0.8672476663275026,0.053422646672539,2.678333444947155e-07,0.034456968726681955,0.004156743235595843,6.6003253796958714e-06,1
0.006409650146547726,0.7850115495974511,0.1690353587307892,1.6101631496579458e-07,0.02335000024518678,0.01618858346082296,4.696802887211806e-06,1
0.005747980007527899,0.7260866120171873,0.22721850041650132,1.4439455167575609e-07,0.022386759024539304,0.018557297851732546,2.7062879599855435e-06,1
0.015677135446918542,0.734654665379368,0.11092260507131836,3.207203354844916e-07,0.02609246503764831,0.11264357511007322,9.233234338112272e-06,1
0.0027172081155270146,0.2812213394406643,0.7013840902611592,3.720526417732252e-74,0.0023904278187606917,0.012285331712979315,1.6026509093415707e-06,2
0.00046063723817311986,0.09182999906523485,0.8931331060767329,7.310083692029688e-34,0.00022090715622375437,0.014353494404100334,1.856059534948768e-06,2
0.00028104514299771843,0.10257387690653454,0.8757983778687494,1.887909444123174e-08,8.593511056735518e-05,0.02125761582060374,3.1302714528627527e-06,2
0.005507481101535765,0.20178205417587164,0.19485116449749812,7.078109347056885e-07,0.001860201201472242,0.595993975041369,4.416171318460401e-06,1
0.0014190305893237566,0.2867180470891475,0.7078521570967282,0.0,0.0004254839750236313,0.0035793614410565165,5.919808720508234e-06,2
0.0016524893740857728,0.3834808976609483,0.609091838978622,0.0,0.0014458051338760206,0.0043248536052663605,4.11524720175418e-06,2
0.006810346456719977,0.6591823530769118,0.24973136629723597,1.9438669731023306e-07,0.028990829336422844,0.05528091901869762,3.991427314736906e-06,1
0.009611071932651035,0.7314219738669184,0.217983759537317,2.0828087721454404e-07,0.03377643227737113,0.007202279623042627,4.2744818228303615e-06,1
0.0037590039045390586,0.41498512683880723,0.5695814066377024,1.3500501331330423e-260,0.004394351204644742,0.007277609724697992,2.5016896085840132e-06,1
0.004125566900073944,0.4381394624128769,0.5433685312864107,7.194546241888849e-239,0.00482287072255794,0.009540823033727422,2.7456443530081212e-06,1
0.0036743787866177977,0.667239739999342,0.27514277101734086,7.003308503710634e-155,0.0032820393922444848,0.050656858911240235,4.2118932143943315e-06,2
0.008809151871108721,0.7111966859174431,0.2099187026295613,3.682219876518127e-07,0.0036226805938264334,0.06644596878496731,6.441981105532941e-06,1
0.002935348029180919,0.7223951671872333,0.15928874450636019,9.574058629012829e-07,0.000596898689957096,0.11476520221743919,1.7681963966487825e-05,1
0.003419966330911498,0.7523132549087768,0.0963743075278738,1.0403976621801006e-06,0.0006294466797640363,0.14724276944713677,1.9214707875027427e-05,1
0.004151218416924722,0.6807308977377917,0.1669972282287283,1.675889491987443e-06,0.0006150565279640762,0.14747740330686177,2.651989223751252e-05,1
0.005084498478644116,0.6011732971835043,0.11601736400755062,2.2207638441854266e-06,0.00039004741993983266,0.27731256396555204,2.000818096494174e-05,1
0.0003991043187364657,0.026052770599362698,0.3056406967520408,8.274712531478975e-07,8.778216030904988e-05,0.6678167609795183,2.0577187794479524e-06,5
0.0004058913770433035,0.028768434058940008,0.1469383623596917,8.214857635435186e-07,6.867756619415222e-05,0.8238160263773202,1.7867750469658281e-06,5
0.0012738046671972995,0.07502980302509056,0.15109851853087697,1.2071939399858544e-06,0.00011472587551548561,0.7724652086899684,1.6732017411304323e-05,5
0.01798824971514596,0.39633215458491544,0.5819964710362616,9.356319252613922e-08,0.0035250117173984494,0.00014634871381031115,1.1670669275689734e-05,2
0.0001868200213313703,0.004546832697456201,0.9952590657665877,7.563843424675121e-10,6.474513532249248e-06,7.40583945309657e-07,6.566076295893338e-08,1
0.03879658861751137,0.956149820504676,0.0029031823727900525,1.666064548673783e-07,0.0017288642264775055,0.00040691477759818026,1.4462894491956021e-05,1
0.041343726675314316,0.9422086507142269,0.002853361744623689,2.2064052089275595e-07,0.012537141665875697,0.0010521289721316936,4.769587307024088e-06,1
0.014346628148688447,0.939057306641236,0.042507930875190746,1.3318677651602062e-07,0.0037569024564208073,0.00026619205515543274,6.490663653213851e-05,1
0.017394481659220803,0.9135889073100435,0.05788512321126466,1.505732788026295e-180,0.010904023325191258,0.00020650287488844656,2.096161939121441e-05,1
0.04497427245270479,0.9012585564116761,0.03970408860500667,2.880748427501726e-07,0.012444920418605801,0.0015927767743457804,2.5097262818365843e-05,1
0.09419560872047456,0.8784909191458055,0.010397095045514922,2.877532482401361e-07,0.01495236134074546,0.0019568551106689093,6.872883542274148e-06,1
0.10357576894955521,0.8755473854040814,0.006852885595995744,2.0203158935184881e-07,0.01307011559727511,0.0009488169691619288,4.825452341434719e-06,1
0.03327343271768722,0.9195814170052898,0.00423387098546094,2.537949962419563e-07,0.013703800953013502,0.02917578932708653,3.143521646549979e-05,1
0.3012902404452423,0.65117467045429,0.008165221893792022,2.84517118913616e-07,0.03084597422520107,0.00851132374656591,1.2284717789684708e-05,1
0.20696079092006472,0.7558947861165505,0.006209998322487214,2.3517405925897166e-07,0.025496437606415623,0.005427597649103338,1.0154211319453912e-05,1
0.2649104435760229,0.701933268962421,0.006409983043927751,2.427475264788646e-07,0.02328162969637887,0.003457716193672041,6.715780051024277e-06,1
0.21968834468556384,0.7445558693982816,0.007563127764598063,3.319983522260781e-07,0.02343899208693415,0.004747782269019845,5.5517972502322165e-06,1
0.007268723173946283,0.7309537758230781,0.1876317847562658,1.8259702061986673e-07,0.026388141728824175,0.047753625828472576,3.766092392524723e-06,1
0.02134748105400796,0.6560537312248509,0.12736417877848746,7.98823882204724e-22,0.03885163356889167,0.15637350918865806,9.466185104042066e-06,1
0.00578694982094808,0.5054755237647341,0.47226914214990307,3.931148009889623e-111,0.003938019052449519,0.012519791509851523,1.0573702113681856e-05,1
0.0045791465311571964,0.5184508307874082,0.4631064600973633,1.9188530658301473e-193,0.004226943259706465,0.009633928009423809,2.691314941096678e-06,1
0.00043773810229653075,0.08930510175012266,0.8966528354987062,5.706956139708835e-08,0.0002465095816547963,0.013355888491994415,1.8695056639866407e-06,2
0.0005556866948090856,0.09212875556902583,0.9045274253439185,1.7740698388089378e-60,0.0001615551725906833,0.0026243513381745743,2.2258814815171045e-06,2
0.0011573448890234885,0.20728851584406446,0.7815043430118461,0.0,0.00032586650052653023,0.009718629928043685,5.299826495638399e-06,2
0.007170878559229263,0.5492945413122249,0.3222806690001149,2.76220359180144e-07,0.0995796935863347,0.021670610790623095,3.3305311139782123e-06,1
0.0,0.0,0.0,1.0,0.0,0.0,0.0,1
0.0037191754748285523,0.4732674573680001,0.5138958508459123,4.11335265e-315,0.0034234635033433603,0.005691465662278614,2.5871456371391942e-06,2
0.0016918297576873585,0.3394407452745582,0.6515359033405947,3.224601059638879e-155,0.0015391776678896928,0.005790404636546167,1.93932272368494e-06,2
0.004178563532097932,0.691260359543393,0.22786261236734573,2.3329831956712842e-07,0.003405456083399155,0.07328624260148821,6.532573956384317e-06,1
0.003914421541559603,0.6163087875277893,0.2184820814984129,2.0318010780250693e-07,0.0021194288949609803,0.1591681838542174,6.893502952000225e-06,1
0.007383942915903963,0.7692854546327395,0.13908788041820455,4.574776246962014e-07,0.0032875528000014973,0.08092556976170234,2.9141993823416077e-05,1
0.0037043258528562197,0.5023993356738417,0.0858584424149648,4.772615060719201e-07,0.0004353198087519229,0.40759328462723216,8.814360847323878e-06,1
0.005225429475640798,0.6613622137476822,0.1528658506023793,1.8160577720991903e-06,0.0008111729065509897,0.17970477924327477,2.8737966699733e-05,1
0.0037616385353664485,0.6578480665026529,0.1275971044751866,1.969874606910383e-06,0.0003137014755556279,0.21044634711571578,3.117202091572462e-05,1
0.004294099853266136,0.29552867908023145,0.3459438448548335,3.8101318872068017e-06,0.0004890827686226234,0.3537333819582643,7.101352894740501e-06,1
0.04236600932522328,0.952590941154008,0.0027575581363669124,1.659863300091186e-07,0.0019044299408875118,0.00036648639494268176,1.4409062241554987e-05,1
0.03358130604892113,0.9308099376692074,0.031157011579639942,1.6810156509101315e-07,0.003963784231552457,0.00041844680136496207,6.93455677492608e-05,1
0.016115363854767223,0.9307870696441641,0.04810771908715069,1.4843836884232387e-07,0.004594410470957585,0.0003229492265798618,7.233927801168241e-05,1
0.020720990417144907,0.9194719686354864,0.04572793289345324,1.6961737245482348e-07,0.013743053149505906,0.0003184373215223823,1.744796551433443e-05,1
0.03490264787294231,0.9100833297202762,0.03594732243414085,2.4244211297917636e-07,0.017338510120529317,0.001705117524943843,2.2829885054565322e-05,1
0.038488275047612194,0.8627278516190312,0.004072790364812463,2.491982362242791e-07,0.09254085140841486,0.002154672282949362,1.531007894383817e-05,1
0.48258381178364457,0.472513525156807,0.007620820222022642,3.015868192904807e-07,0.02660771172369425,0.010660807783441001,1.3021743571068094e-05,1
0.04695059307541734,0.8510197718689134,0.06233870398866809,3.223581550967091e-07,0.035495974404490906,0.004186690302026168,7.944002328950969e-06,1
0.026067225347801024,0.8524468559739817,0.09298497553583844,2.326769985039875e-07,0.025990449444487727,0.002504527739334549,5.733281557997474e-06,1
0.013537586726839324,0.8235465622065054,0.13270397496789288,2.7870788328633873e-07,0.019249102565558514,0.010957772542291343,4.7222830294592535e-06,1
0.006210811003052891,0.7980650277660657,0.16534347136539718,1.643698117891781e-07,0.012989491036114792,0.0173879537890098,3.080670547937509e-06,1
0.006468301028481142,0.6668971258834013,0.25931576372353143,1.6248967913739448e-07,0.01917310845899366,0.04814249298340109,3.0454325122938695e-06,1
0.006438999802236514,0.6638761001949927,0.2575618298730296,1.61753605347715e-07,0.02466349363461687,0.04745638310473241,3.031636786544163e-06,1
0.0077051939077019274,0.7076207813518182,0.17327168308147442,1.8335218571828698e-07,0.034098181825983453,0.07730019481304448,3.7816677919622712e-06,1
0.008459078569085598,0.7271390712203916,0.14588096268281964,2.252656657961642e-07,0.017334519216229454,0.10117822314094607,7.919904861956246e-06,1
0.011896809795892969,0.4372567199208001,0.45278751072727996,3.4678923794637407e-43,0.005045739370231234,0.09300010000162694,1.3120184168783209e-05,1
0.002972254856981107,0.29255355767569086,0.694314310154613,3.6987512519722175e-74,0.002339442918471349,0.007818681063890217,1.753330353504591e-06,1
0.0001245571988340153,0.023876776389424814,0.968884715375647,7.2780454378319196e-09,2.2842709899509893e-05,0.007089648000762243,1.4530473868849e-06,2
0.0009546541330223729,0.19736284639329346,0.7955443697179037,0.0,0.00014939637379226165,0.005983852244178686,4.881137809559979e-06,2
0.011829657684385582,0.649076846243884,0.20369113366086306,3.3518397096151815e-07,0.11966495782998668,0.01573262190531698,4.447491593048385e-06,1
0.004124624701067234,0.3804635309243601,0.6056412629629325,6.743946943469502e-291,0.004391092633270522,0.005376979803137399,2.508975232376908e-06,1
0.0019638391593413975,0.4491929618465458,0.5421883374872565,0.0,0.0018168982039741773,0.00483358756149168,4.375741390423013e-06,2
0.007173574537718018,0.6801870263887153,0.20874256803206048,3.464475711126421e-07,0.002474744479162993,0.10141567907338392,6.061041388098198e-06,1
0.0069903237323764465,0.6267268854004805,0.2808581359175554,3.6051582102503574e-07,0.007260418454097431,0.0781561213207921,7.754658877143522e-06,1
0.004187885901332022,0.5959481399197867,0.09311571177164396,1.8327476825724331e-06,0.0002796884818981174,0.30643178635155777,3.495482609886255e-05,1
0.004729718743972328,0.49776728276802373,0.13424510883917654,4.525533861881341e-06,0.0005449413562888963,0.3626982192007359,1.020355794073784e-05,1
0.0035621602832290765,0.3338964668439949,0.13778412796638706,3.5378425720867447e-06,0.000585537268424903,0.5241628507359349,5.319059457016813e-06,1
0.00043495689694001473,0.030758910616977407,0.2898768789212885,9.481928015958179e-07,7.953077551810563e-05,0.6788466597630338,2.114833440537484e-06,5
0.01628578539722343,0.44814669633112847,0.5332751997481512,1.0611454142666217e-07,0.002066162290189197,0.00018774795374617282,3.8302165020024995e-05,2
0.022355576121366325,0.9694114655658698,0.004229226540706274,1.9864037231910845e-07,0.003101763856185894,0.0008845255573672711,1.7243718131935636e-05,1
0.03474231462393309,0.9529950413903739,0.0038930546661126715,2.0544961027210705e-07,0.006175653099626834,0.002182486788865853,1.124398147751778e-05,1
0.04646720059732247,0.8830208978265763,0.05604394060002382,1.8524810813955295e-07,0.011778637099327251,0.0026180950719613613,7.104355668072207e-05,1
0.03219529700680796,0.9309032236248855,0.03125913895764182,1.865429162013517e-07,0.004987898215950556,0.0005827155298846744,7.154012191344097e-05,1
0.025976621702308925,0.9348174572992386,0.029428142549351905,1.5249561681552975e-07,0.009357538754486064,0.00035717942582129213,6.290777317641985e-05,1
0.020431726783706906,0.9328111708810292,0.038714404429378506,2.1516134246097596e-300,0.007678520904798021,0.00030339998523515587,6.077701585220738e-05,1
0.019919225523928785,0.9343617986631806,0.037989598799751695,1.680619241899963e-07,0.007331413527570923,0.0003284662086321437,6.932921501164281e-05,1
0.0194624518089927,0.9505073294425019,0.023758206840437255,1.650896672556963e-07,0.005852868815605719,0.00034813348224963756,7.08445205455864e-05,1
0.020417522059111487,0.9383281627842138,0.029862531495257364,1.6206705809896676e-07,0.01108256991243255,0.0002729039818060495,3.614770012044206e-05,1
0.09950497424391398,0.8697251548408838,0.01314256351554428,2.440292620568308e-07,0.016265655757199998,0.0013535010262549206,7.906586941127964e-06,1
0.23860286065385777,0.7141990516044218,0.019854250112823275,3.7477338098569753e-07,0.012469178662118016,0.014860280540682965,1.400365271539454e-05,1
0.24907968272052705,0.6774285859865042,0.038028267685551814,3.925016855298567e-07,0.019232110144990794,0.01622259033276218,8.370627978316438e-06,1
0.34852920770392243,0.593451000371328,0.011585074015282443,3.407145410738483e-07,0.03633757310518026,0.010088407723576756,8.39636616913292e-06,1
0.18232690973213403,0.7371784532969992,0.0292789747658933,3.61674796344039e-07,0.039257429645684364,0.011948957986279976,8.912898212914622e-06,1
0.03844547264755278,0.8479541038382412,0.08932100381503803,2.924571758332642e-07,0.019262087269259667,0.0050098366084926505,7.203364239899981e-06,1
0.009414346882605966,0.8054501221241583,0.164240158334923,1.9645275588058183e-07,0.008565777974039212,0.012325716252372642,3.681979145165096e-06,1
0.006642588933949558,0.6664304204570384,0.2431346734928643,1.6237596622420574e-07,0.022955892235971644,0.06083321920294069,3.0433012692221183e-06,1
0.0077081214469070574,0.6460187962375259,0.22205575473820519,1.6137970875733817e-07,0.03001193921236761,0.0942018985033015,3.328481983964752e-06,1
0.023017548556909236,0.6329500819091455,0.14955071071287457,1.1368883212871888e-06,0.07074450169788658,0.12372475145074649,1.1268784116378975e-05,1
0.0033181156659531337,0.30989759603160233,0.677589007716867,4.129149438449616e-74,0.0027748760091609054,0.00641844722309624,1.9573533204564345e-06,1
0.00042357483093930144,0.08950251890066747,0.9032054472122597,5.329400456336008e-08,0.00016216386349727577,0.006704432881912522,1.809016718921073e-06,2
0.0004016197682921567,0.08006461460457925,0.9179628676748466,4.5977715604985476e-08,8.456160058632754e-05,0.001484403640261255,1.8867337188543494e-06,2
0.00016991052659201265,0.08543947649173134,0.9098733480216219,2.019393227265196e-61,3.7849802918541485e-05,0.004477644629381348,1.7705277546972984e-06,2
0.0007423055543352349,0.09884535068291905,0.8678371555586661,2.4645146190808247e-07,0.00014139190734424487,0.03242958185671842,3.9679885550142344e-06,2
0.001491446712118085,0.29068246476894055,0.6947668978362156,3.6545424844972774e-48,0.0004012233310483178,0.012649643718749734,8.323632927691255e-06,2
0.001505492751794641,0.3489883886724198,0.6353912861216072,0.0,0.0005886562437133545,0.01351614658932381,1.0029621141128364e-05,2
0.004351542428144472,0.36463537330346474,0.6226410564748932,9.434342436806368e-249,0.004017706607277913,0.00434906752555375,5.253660666012644e-06,2
0.0012955402310546164,0.28813212173440783,0.6974334078683607,7.0448664623049445e-115,0.0012835063031067927,0.011853605053944057,1.8188091260622319e-06,2
0.0013002146366597519,0.2743614136834311,0.7065867731838723,3.54401363496161e-74,0.001381671607069845,0.01636810396051594,1.8229284511466486e-06,1
0.008096976333908719,0.627774248074187,0.23561247246377512,3.9104323367518454e-07,0.0048780791953546305,0.12363343721781013,4.395671730881164e-06,1
0.007544185974249591,0.5954119652160638,0.30148869609604967,3.540787752093679e-07,0.0051418609224336475,0.09040656353687737,6.374175550698669e-06,1
0.007562355903799612,0.678013199864637,0.23659740035156682,3.8851527386494827e-07,0.00496820044917043,0.07284804180608805,1.041310946425546e-05,1
0.004569147393210969,0.6875499848104188,0.1359722618494563,3.6466656158374505e-07,0.0009860158311753822,0.17090960190799356,1.2623541183606029e-05,1
0.001802369836476336,0.576375971483827,0.06791613396982642,5.585747282464294e-07,0.0003070532893961766,0.35358759674199064,1.031610375511401e-05,1
0.0019813363812398897,0.4762103222084534,0.0745795694920836,6.921051903534676e-07,0.00038035362655388256,0.44683638574387435,1.1340442604506031e-05,1
0.0028941613190184875,0.5062100910490366,0.11795118585047834,1.2857622272109567e-06,0.00023442904303226417,0.3726848602954683,2.398668073894506e-05,1
0.004301915905600545,0.47563060971179244,0.1636072762103697,2.0634840905576737e-06,0.00028730398994587846,0.35613492410334263,3.590659485836744e-05,1
0.004955313009799941,0.45136856858229285,0.17838906752196756,3.9934088837804315e-06,0.0006486445498235064,0.36462649989751056,7.91302972193548e-06,1
0.004552838451597349,0.41317600373412444,0.19795672949075727,3.935328706605033e-06,0.0006392106572585303,0.38366348439501413,7.797942541629233e-06,1
0.0366474889976605,0.9557857380806593,0.003163170582080949,1.739169399155315e-07,0.004035717227077847,0.00035986417433061705,7.847021250976312e-06,1
0.039993300102539805,0.9447064940996475,0.0051107624439426435,2.508598301520879e-07,0.00701023630601021,0.003166192684978563,1.2763503050805162e-05,1
0.08356628452138695,0.8905576901425757,0.005977297895835811,3.557931703377919e-07,0.016418414246616646,0.003473897684936154,6.059715478238508e-06,1
0.04033636279250551,0.8957064304857087,0.046683749415665214,1.8790939388220172e-07,0.014287600975731465,0.002913604248199315,7.206417279605122e-05,1
0.02201341449379745,0.9241452481192767,0.04417429496936367,1.6776803802211789e-07,0.00923163858619334,0.00036602808278326626,6.920798054750115e-05,1
0.018739592965480806,0.9253605540451587,0.04965345457656767,1.7906422359621605e-07,0.00572807763463221,0.00044427381007685636,7.386790386001006e-05,1
0.016744550016621052,0.8856119037829651,0.09099813716024639,1.5352059137804122e-07,0.006221250366931805,0.00035812524101290255,6.587991163133768e-05,1
0.028142496189303517,0.6891976861236657,0.10836133829246763,2.0834830886923473e-07,0.17291598701271826,0.0013470494185066496,3.5234615029262675e-05,1
0.09973228212674255,0.8692641639687827,0.014287443341346755,2.438999162954629e-07,0.015311874381115196,0.0013960898859786902,7.902396117867252e-06,1
0.01547213654898016,0.9347692782021575,0.00789416867685078,2.689191155578628e-07,0.010948896250680391,0.03088455248414488,3.06989180708442e-05,1
0.026960954400850723,0.9497693137018697,0.006865325882765011,2.782809570485267e-07,0.009138880618945546,0.0072334794796362345,3.176763497599214e-05,1
0.20345815228374203,0.7255097382070402,0.026087703728799663,5.120343834951264e-07,0.02482486124934169,0.020110470071417943,8.562425274860443e-06,1
0.02545361173186309,0.8509811936715402,0.09791431697691193,3.9307837286878835e-07,0.01771956635997996,0.007924344981751284,6.573199580619113e-06,1
0.01851050426638139,0.8840488146494446,0.07372304314988508,2.436825992601164e-07,0.017876420578962635,0.00583682272651315,4.150946213631319e-06,1
0.022446966799064785,0.6509266610417047,0.14064051468980976,9.285802822633333e-07,0.09218499228241547,0.09379086697609655,9.069630626459533e-06,1
0.002990295008693116,0.23394804992814378,0.7561326410894262,3.117179582408463e-74,0.0027569921744974193,0.004170544153080974,1.477646158618356e-06,2
0.0003531426491158936,0.19632632249669363,0.7930948095143681,0.0,0.00020697360140715303,0.010013552878270326,5.198860144852001e-06,2
0.011754964444739564,0.8123119775399483,0.09057881795382403,2.3403928418673794e-07,0.07025931724657923,0.015089883144351656,4.805631272872306e-06,1
0.007049638074982144,0.3803141046221677,0.605088403742803,4.93034549331033e-230,0.002382559429691579,0.005155713986730952,9.580143624677443e-06,2
0.0029442325680968883,0.47304619226285244,0.5168062750392747,0.0,0.002268028210733358,0.004929568724328146,5.703194714501656e-06,2
0.008243344532739075,0.7148221944787869,0.19267963337312022,2.60513075560114e-07,0.00842957929494974,0.0758175572585138,7.4305488146012e-06,1
0.007241458353565363,0.6835236047079162,0.23132633969089614,2.4927522115925436e-07,0.005008578417951799,0.07288927181470226,1.049773974702412e-05,1
0.004018884444797532,0.49403260426544515,0.16071678189858082,2.0270279550826557e-06,0.0002741885086234286,0.34092024163133117,3.5272223266847525e-05,1
0.0023591254880039663,0.10639526344461035,0.8904728591849133,2.1997893348570236e-08,0.0007410345232920794,2.101008291000699e-05,1.0685278377097727e-05,2
0.0070163021111358855,0.3917514181322685,0.5963246208034175,6.368267649387515e-08,0.004833980157543485,6.240805188421058e-05,1.1207061073963008e-05,2
0.010139938545043527,0.36337119130016154,0.623465093353988,8.575994023396379e-08,0.0028584417809225174,0.00015676435232660378,8.484907617691534e-06,2
0.02807409755631026,0.9639024891629812,0.003353262263445972,1.753938823452525e-07,0.004310384871819805,0.0003530954201421719,6.495331418231138e-06,1
0.037889610324003814,0.9538541488977037,0.005328005208416602,1.9545255034152652e-07,0.0023567953620781037,0.0005542777678877512,1.6966987359663898e-05,1
0.044273567194388914,0.93337372328422,0.005010994463930926,2.9601425341008527e-07,0.01266452851056824,0.00467180954315484,5.080989483425147e-06,1
0.016655997277801152,0.940228863863395,0.03293882178158432,1.7068783516784115e-07,0.00967702048057056,0.00042871344816141775,7.041246065256875e-05,1
0.01664043634504324,0.9176763265025757,0.059492664601427006,1.4720550469172014e-07,0.005759221663802785,0.00036803374754424404,6.316993410256052e-05,1
0.020268785523189396,0.9412126929170512,0.022314706457172904,1.736279400998342e-07,0.01574082275832057,0.00043103318572106645,3.1785530604677486e-05,1
0.02848635245577424,0.9099499643940682,0.04369793488153479,1.3255213471692116e-07,0.016903930749542107,0.0009215970600110846,4.0087906934826106e-05,1
0.02910096297506094,0.9083755954177383,0.048940567954144434,1.377387072620941e-07,0.012463981012600676,0.0010680022513244577,5.07526504239721e-05,1
0.025312012520397713,0.698425813218936,0.08336146865278364,2.3542871998213705e-07,0.19155450982130362,0.0013106369600246282,3.532339783421058e-05,1
0.026205559631585978,0.6921382397994589,0.0664421780044245,2.4113049037117245e-07,0.21399841663252453,0.0011914175372706786,2.3947264245016052e-05,1
0.027803049898329504,0.880828667581057,0.00845892737987525,2.2407053124169666e-07,0.08122682602080283,0.0016705074467568395,1.1797602647373948e-05,1
0.07138592133245342,0.8871821461295006,0.0227545533295871,2.3953657928617576e-07,0.01688678637943241,0.0017825922691431103,7.761023304104717e-06,1
0.016686160045920325,0.9399647450294352,0.007770159837989338,2.7821675101395914e-07,0.01164052884901991,0.023906367715456917,3.1760305427139676e-05,1
0.1455534251237608,0.8236346423605164,0.012128608847324604,2.869184166771354e-07,0.008151424787191877,0.010523953454599378,7.658508190229339e-06,1
0.11918153254692888,0.7895358639796402,0.035705506870020325,4.3669950828878196e-07,0.032440667295230936,0.023126679402494212,9.313206177100729e-06,1
0.1910350490830821,0.7158357744281523,0.03382233185576462,4.52869537792157e-07,0.03608726217181345,0.023207969344557784,1.1160247091786935e-05,1
0.012048259228221316,0.8717112137873835,0.10344927906498064,2.5960727272396963e-07,0.002125204782628009,0.010662456029482088,3.3275000316582087e-06,1
0.02188378679193173,0.6061442806702069,0.21371579833609866,9.349621114686491e-07,0.10960990560161243,0.0486401623219897,5.131316049317065e-06,1
0.00042389933340642485,0.08585581823427837,0.9038913751571775,3.717340286331642e-07,5.874163333823977e-05,0.009768014752334232,1.779155436430459e-06,2
0.0025543360247437517,0.12670001371488587,0.2079266909435895,6.563308195493891e-07,0.0007514899070503507,0.6620627159554519,4.097123459079412e-06,5
0.0004400873744626959,0.06381022757870757,0.9129212586033127,1.4238517011601337e-50,0.0001599092479012491,0.022662562526199317,5.95466941640272e-06,2
0.004129155354761801,0.41137753485810663,0.5688164529680413,2.722829536962528e-91,0.0032552261204035287,0.012409844393226638,1.17863054601867e-05,2
0.010072329312963575,0.7665245915492132,0.16784506204532548,2.182767541017831e-07,0.04630774880087074,0.009245570390866159,4.479624006928912e-06,1
0.007049657663594002,0.3803151613892386,0.6050900850832852,2.3939838446903473e-208,0.002382566050035971,0.0051557283127543685,6.801501091951273e-06,2
0.0023607643205015355,0.42227877142143827,0.5679315459871738,5.6142777598658145e-208,0.0019482126144810298,0.005471375371021369,9.3302853839769e-06,2
0.006958741789384592,0.6499214022718317,0.229507805751255,2.370207849027738e-07,0.008028628097338253,0.10557897330636364,4.211763041921397e-06,1
0.004661596636645688,0.8260679256946308,0.12891365149938527,1.1589514267536223e-07,0.0009135943948968498,0.039430563602772695,1.2552276526060572e-05,1
0.004142314804586652,0.6210885223977769,0.12644021854807805,2.1833073925002022e-06,0.0002942739834928829,0.24799816034208982,3.432661658319382e-05,1
0.004200706154975895,0.255031261992041,0.7393539902784033,3.8832423602132435e-08,0.0013599005309445121,3.8082988188318865e-05,1.601922302336512e-05,2
0.0338000846710305,0.9576221135098872,0.005349052173617774,1.9622463724170824e-07,0.002738247038013554,0.0004793169724657833,1.0989410347816776e-05,1
0.03027830594720909,0.9636088817283235,0.0024576875747651604,2.055990141617545e-07,0.002382051271536589,0.0012550200901694766,1.784778898175723e-05,1
0.02626716304049141,0.9612369851461897,0.003193674000834828,2.1306972001306583e-07,0.005092885373906307,0.004190583057400909,1.849631145703565e-05,1
0.09209042593678135,0.8894893174891267,0.0056326096352513596,2.593801406452095e-07,0.009983856976711933,0.0027990807379820425,4.449844005815399e-06,1
0.03226302430415465,0.8985230683326484,0.05348214829415263,1.9842298790967853e-07,0.014948912699690505,0.0007065517587722048,7.609618759345185e-05,1
0.017848950497353078,0.8987198161316047,0.07442609768713673,1.6941341035244105e-07,0.008425400477932771,0.0005068658348371647,7.269995772553263e-05,1
0.02640546257107082,0.842646195665548,0.011783258503658337,2.354223700487366e-07,0.11669709255521252,0.0024601275598705495,7.627722269812242e-06,1
0.0157392449732532,0.9510717649399404,0.008784180848682162,2.9374088676724617e-07,0.014429970377287937,0.009941012630456391,3.353248949305179e-05,1
0.11883210909025364,0.8421272157992188,0.019241071872230845,3.064212256464475e-07,0.008705504522795643,0.011086506722327907,7.285571947531364e-06,1
0.05943477950797731,0.8704835791166905,0.04315206486829741,3.587684169912624e-07,0.00774652004308292,0.019173980232124663,8.71746341043368e-06,1
0.008011104197183764,0.6426327719655408,0.3358824113672908,2.2341454451058244e-07,0.006155081822370166,0.007315543631075748,2.863601994395236e-06,1
0.006717834760292152,0.6219372319238051,0.34871413313561034,2.292441390689045e-07,0.007610130007806104,0.015014717568735353,5.723359611771869e-06,1
0.005611605962533071,0.48599572323769263,0.47706868385558837,1.4566270242147177e-07,0.0077877183360376915,0.02353346256653275,2.660378913061904e-06,1
0.0013506342999641894,0.16924778950088956,0.8211731734598768,7.2347953397226035e-50,0.001132686661938498,0.007094776507825318,9.395695055311469e-07,2
0.00037948044727243005,0.08039280596075318,0.9107662205410408,6.948588795612132e-08,3.6637125046901716e-05,0.008423120492358592,1.6659476400851188e-06,2
0.00018274116609449663,0.06873160054850552,0.9274681250058316,2.5052364252384205e-60,4.101366169248784e-05,0.003574100702912976,2.4189149629815237e-06,2
0.002555724884731571,0.12495802523697336,0.12569127611224842,6.560861139208007e-07,0.0007362261686775025,0.7460543094499025,3.7820613527799316e-06,5
0.00039877216136949696,0.06120943451106534,0.922965820189128,1.1943861863089284e-50,0.00013953386507432384,0.01528124333848222,5.1959348806620714e-06,2
0.00023972943420161837,0.09687721691213627,0.891067495167747,1.520528435680082e-07,0.00014903236258031617,0.011661996858617341,4.377211873981825e-06,2
0.0019311776093946017,0.3517160663667375,0.6322084028719495,0.0,0.0006856606134380929,0.013448584526267363,1.010801221302958e-05,2
0.02566259962872589,0.7028016300677262,0.13503603000227232,8.063438766850001e-07,0.06921290921131279,0.06727765047636983,8.374269716472663e-06,1
0.0070211428466351,0.6679222860762324,0.23601507689312018,2.2960358391237245e-07,0.014300482108479742,0.0747367025095546,4.0799623940639125e-06,1
0.006405761172905282,0.6327752534607156,0.2601054409867626,2.1869819652194915e-07,0.01437408012055161,0.08633535938277721,3.8861780911908064e-06,1
0.003647175753219394,0.7292612848592603,0.13181124231462024,3.997439998882414e-07,0.0011059537758536582,0.13416161353944578,1.233001360085539e-05,1
0.00442026255135081,0.6045688573071039,0.18674086816999777,1.4291468384518835e-06,0.0007957208905946111,0.203459097958882,1.3763975232403387e-05,1
0.004649586234560066,0.5507210517033876,0.12523583753445822,4.566532079729908e-06,0.00047152866353298315,0.31890111178440333,1.6317547578172224e-05,1
0.004618241473551261,0.38928618266947207,0.2148637239405301,4.080971752029926e-06,0.0007338914708225326,0.390486278797882,7.600675989921198e-06,1
0.004252760069590078,0.25191971777447003,0.7422836471644179,4.188369145601189e-08,0.0014913317343530955,3.5223435810193934e-05,1.727793766750172e-05,2
0.00901040249118981,0.2899005944003016,0.6984821910761599,6.964161558145572e-08,0.002468715691358245,0.00013113650480457104,6.890194570371482e-06,2
0.028387423977644575,0.964170640551438,0.003508374103553292,2.057188730198649e-07,0.002634364353656104,0.0012811331010580975,1.7858193776818482e-05,1
0.06311954562013315,0.9166704350620886,0.005399394136888842,3.9052755673448706e-07,0.01107305712991191,0.0037323917583707675,4.785765050062988e-06,1
0.10152622294050546,0.8776277190152008,0.005383641757586381,2.974135660753121e-07,0.01170766096440809,0.003749355575258268,5.102333474553354e-06,1
0.01798969692868657,0.9139566287632148,0.04282667793376447,1.8238214277872356e-07,0.024498244392794712,0.0006623193310373539,6.625026835951355e-05,1
0.017702924977487138,0.9401904596831565,0.03462529059892068,1.9523188672975562e-07,0.006737446690234432,0.0006727648836355613,7.09179346789062e-05,1
0.020127518795506238,0.9039479320263546,0.06750108607468469,9.48225714308184e-08,0.007873410212701194,0.00047652462326526045,7.34334449165217e-05,1
0.02088393556729096,0.8865779342763509,0.06603789104851705,1.1466386929590454e-07,0.025590518939548154,0.0008553194110904687,5.428609333324624e-05,1
0.06171297319383215,0.8917758479796748,0.0202854530590593,3.2982123914711535e-07,0.012189806668588831,0.014028645092713695,6.944184892102946e-06,1
0.16552342813378523,0.7765699959114355,0.03218516959707112,3.042897792320389e-07,0.012018409926494285,0.013696117711722652,6.574429711772542e-06,1
0.17580983351336588,0.7717566821606733,0.03110785923220645,3.129225770763394e-07,0.01047450957299772,0.01084336244795989,7.440150219642693e-06,1
0.11494619348194803,0.8264629387550697,0.03932764420866583,4.175089407446867e-07,0.007457779102357408,0.011796123001584615,8.903941433721288e-06,1
0.10776302471683619,0.7180717877813917,0.15906847820808245,3.3603626233256586e-07,0.003728663692942683,0.011362333153504605,5.376410980164599e-06,2
0.008887353153129803,0.6435066997223187,0.33384794497695885,2.3166770441685826e-07,0.006954901729123504,0.006799899364407674,2.969386356910429e-06,1
0.008797251480836996,0.6538788032168692,0.3124263399385504,1.5389365709812513e-07,0.0027326856976852697,0.022159390779637713,5.374992763325382e-06,1
0.0065101224454056006,0.6181818612243376,0.3521217926838401,2.105605768938182e-07,0.01032189968815336,0.012860735701351116,3.3776963353294046e-06,1
0.007508746866636011,0.7239517952203783,0.1967669795936125,3.105894424788842e-07,0.009514906595295886,0.06224815300694692,9.108127687937738e-06,1
0.010556333320032694,0.6242307677230706,0.15300532667149702,3.338499532498585e-07,0.013033156215489663,0.1991561485614163,1.793365854052432e-05,1
0.0006646444227153935,0.08228025643743153,0.9102620309770515,4.926271220314374e-08,0.00039043476859838204,0.006400234675250078,2.349456240980269e-06,2
0.003196940434635106,0.21137378300368004,0.371034874474632,8.011006299408494e-07,0.0007165770987978864,0.41367170337212744,5.3205154975483275e-06,5
0.00035096881624057036,0.053871871846133776,0.9318507170609232,9.518100716287072e-51,0.00013666103664909616,0.013785208174802147,4.573065251260919e-06,2
0.0010977132908637887,0.18610303586322705,0.8042508316351775,0.0,0.00016302972489743928,0.008380576309393614,4.813176440526145e-06,2
0.001724100379023188,0.3496704988792051,0.6331732517380882,0.0,0.0018256965523284086,0.013597020106996776,9.432344358379794e-06,2
0.009219351008240374,0.6353217130037354,0.32120550862371056,1.865865074859264e-07,0.02342165401721565,0.010827755497994657,3.831262595876633e-06,1
0.01045413950118521,0.7346915928644374,0.19184827734814033,4.306284857626397e-07,0.018220947828081403,0.0447789730844823,5.638745187847854e-06,1
0.0023411594854169516,0.39711255063182016,0.592246388593616,7.59769593319017e-168,0.0035096409437338234,0.004781007542861679,9.252802551549947e-06,2
0.0021676385947956246,0.48783006738252455,0.5023130944886153,0.0,0.0023882737204144132,0.005293625506634793,7.300307015356669e-06,2
0.0020102784557387517,0.5240524235910775,0.439282385872538,6.465251679890783e-74,0.0017834688235116819,0.03286845571263147,2.9875445026414357e-06,1
0.006418512561400487,0.642875943326007,0.28478245175659705,1.8386612353816152e-07,0.020932137893859167,0.04498691285689555,3.85773911737865e-06,1
0.006538598577324506,0.7492086016287693,0.15194610970799802,7.366429509747956e-08,0.005697841727811762,0.08660445762086168,4.317072939493173e-06,1
0.004772779318009296,0.810426245555403,0.14392045825229158,1.2960488563095834e-07,0.0009352561376360664,0.03993228123500625,1.284989676806056e-05,1
0.004182036751184141,0.790297056705735,0.11193027446680323,2.723728062427231e-07,0.0014455816374097333,0.09213003345657822,1.4744609483467406e-05,1
0.004241703211249675,0.5423952043397948,0.13885142024894528,3.090822872705894e-06,0.0003944093691270538,0.31407993784782573,3.423416018474455e-05,1
0.00036020517086625056,0.017444360037064153,0.2745333124599359,4.578356037770616e-07,5.6789978554851415e-05,0.7076035432929865,1.3312249886007512e-06,5
0.000770877572859575,0.047770926107417656,0.951241312074976,7.883860580347926e-09,0.00020109833317491374,1.1935943034611196e-05,3.842084676455443e-06,2
0.006787194415811468,0.2299441018846182,0.7610742178608121,5.685811279367499e-08,0.00197796938248047,0.0002077044330355529,8.755165129381569e-06,2
0.021610773289466666,0.96287505576786,0.006469101847113355,2.0803154701131572e-07,0.006361080413671201,0.002665721696276438,1.8058954065243494e-05,1
0.03852925677077632,0.9444867823644435,0.003843213432754103,1.8232238984483507e-07,0.007811085550817818,0.005324265726292532,5.2138325257385264e-06,1
0.034957408234079765,0.9382821151692324,0.00498736802854717,2.835832521105052e-07,0.01747603338921649,0.004291923980329074,4.867615343011343e-06,1
0.03277667743006547,0.829131583607622,0.12014255479857555,1.8984108883129922e-07,0.01714950965681795,0.0007211710696419806,7.831359618821354e-05,1
0.01207532905112444,0.9455218858818704,0.03467674091304511,1.9623609348096426e-07,0.006775651927723078,0.0008788759095683149,7.132008057499752e-05,1
0.016242390922925985,0.8878342738863998,0.0800940557278008,9.546564777387825e-08,0.014906495291267545,0.0008276963695933372,9.49923363646498e-05,1
0.02012163652180923,0.8006982352532972,0.1550872288525983,2.8434912023652163e-07,0.022282538775055805,0.0017717687260993327,3.8307522019975374e-05,1
0.04185260692989112,0.9075122720694364,0.02418660069338212,3.350833753983404e-07,0.013814347689611593,0.012624193623217761,9.643911085690247e-06,1
0.0632632360812796,0.8796115281834463,0.029218589400278844,3.88308270747055e-07,0.014779927162402189,0.01311915014908425,7.180715238014065e-06,1
0.11960717198653877,0.5919116017063213,0.2629598896292414,4.2626640494509204e-07,0.007486169234309254,0.018027917554133115,6.823623051263071e-06,1
0.03584084922521992,0.14389262013711793,0.8161250647931301,9.900262222748135e-08,0.0014380774354200174,0.002696703159116836,6.586247372858115e-06,2
0.008685671206653934,0.5936120555787641,0.38113161457623806,2.2641043684153594e-07,0.009508985154973653,0.007058545071275893,2.9020016575537168e-06,1
0.0068847094078999605,0.6171315264138745,0.349475096582375,1.8630231363164133e-07,0.009681175316880175,0.016823903357191385,3.4026194653876184e-06,1
0.0071603555168385504,0.7049011319932701,0.23640661687052794,2.1279850311267004e-07,0.011290299455327507,0.040233317832124575,8.06553340819557e-06,1
0.004295558258863625,0.18338559279638592,0.8032585847369568,6.598247092026883e-87,0.001500037515221197,0.007556427984523029,3.7987080495610463e-06,2
0.003230894396717334,0.2223739277653543,0.7681130200900642,8.309533838318506e-51,0.002783730476867692,0.003495793575122294,2.6336958742551157e-06,2
0.0003524552590937427,0.08244774053908789,0.9090841588948156,6.665517835928991e-53,3.9719961655916584e-05,0.008074378040310796,1.547305035985892e-06,2
0.00035076444371459083,0.05384050173568815,0.9313080914028332,1.0505954196558233e-50,0.00013658145760967572,0.014359490557843052,4.5704023112684695e-06,2
0.013915828751076356,0.633365308571085,0.16951766959367687,6.962496718287697e-07,0.040572166414027735,0.14262254437726973,5.786043192504412e-06,1
0.00873993303205832,0.3791656510448641,0.5730419005410345,1.83323575504239e-150,0.003374159844553492,0.03567317320808826,5.182329401212213e-06,2
0.0014873388785864767,0.23645142200062352,0.7571300756393851,5.850036445575035e-132,0.0011120005111785974,0.003813264008946982,5.898961279396221e-06,2
0.002133318969839429,0.4512506060087252,0.535371916918132,0.0,0.0008893057783237853,0.010347667601714882,7.184723264710378e-06,2
0.0024538894479653323,0.4984443372720373,0.4806643205075942,7.367497504042697e-74,0.0023154784886610697,0.01611591551557826,6.058768163605609e-06,2
0.0047344778193462245,0.8180231908525256,0.1389842565308607,1.3081980337551321e-07,0.0009440232398312206,0.037300950385779075,1.2970351853709628e-05,1
0.0024195701527941044,0.6968007190536887,0.2877661006020842,2.204080361396132e-07,0.001482420476634296,0.011518779223581733,1.2190083181012884e-05,1
0.002785254418798136,0.5192672801223074,0.07807121291825503,2.545491727280232e-06,0.00025495234139338196,0.39958789631294456,3.085839457418156e-05,1
0.029461049419715325,0.9485411606579373,0.014556459451311446,1.9966510649870136e-07,0.0061386757100695055,0.001293446333777918,9.008762082260159e-06,1
0.029142478261581985,0.9538872472674039,0.004636744937909654,2.1835563160014504e-07,0.006884549733810621,0.005429806268941773,1.8955174720398337e-05,1
0.09373152592627385,0.8859867652600945,0.005953140981342699,2.6153215097269643e-07,0.010221837123500136,0.004091261517206472,1.5207659431550657e-05,1
0.06063701737081416,0.8240711874813502,0.09717017863131433,2.0470554534520563e-07,0.016992650714563847,0.0010502555172746488,7.850557913732945e-05,1
0.028657373938819817,0.9102625925148198,0.04316353801185979,1.7060036534797295e-07,0.01720044890008088,0.0006539054934394266,6.19705406150803e-05,1
0.01453690894842266,0.8634799277014165,0.10676493509283974,1.7846463426435845e-07,0.014394334379605462,0.0007588881787233626,6.482723435835998e-05,1
0.014704242676515484,0.9133456161121267,0.05685870496505446,1.7619149069336867e-07,0.013946100907301324,0.0010480118832539192,9.714726425747984e-05,1
0.014480670210271475,0.9044937588377595,0.06272621436577192,1.7351256550340048e-07,0.017155886165683292,0.0010320772576804223,0.00011121965026776952,1
0.01554242745472999,0.7292139560528027,0.2324648538932635,2.656982217861613e-07,0.019901438449856174,0.0028412635787054353,3.5794872420478785e-05,1
0.022995274097448108,0.9166494115655727,0.04011463230449462,2.9415685906746313e-07,0.012662412011103248,0.0075599036469880445,1.8072217534240965e-05,1
0.044501888039160095,0.8622052291998429,0.07290446469347242,3.407053468482493e-07,0.006621275478079143,0.013758701161597789,8.100722500978372e-06,1
0.010657699333956135,0.6229880013093145,0.3209980390386717,1.845684722698848e-07,0.009016993744046839,0.036332995495591006,6.086509947345373e-06,1
0.00688829138730191,0.6359089918409232,0.33621816996809417,2.2279190913630307e-07,0.007053403520319719,0.013927346586848686,3.5739046032829607e-06,1
0.007288315937781048,0.6179100074624311,0.3468327870577878,1.972240280946227e-07,0.009019127424129105,0.01894596280053567,3.6020933071383105e-06,1
0.008804166666858132,0.7041039576773455,0.20027860969856393,3.2717473443903725e-07,0.010043401609829632,0.07675779622880759,1.1740943860705617e-05,1
0.001060340207078055,0.09569101572338733,0.8973712865071577,5.878700366121973e-08,0.0010619164299321203,0.004814265954746799,1.1163906943883946e-06,2
0.00030156629995545427,0.05826592425361858,0.9355724330790014,5.124412108676683e-08,4.400423463072326e-05,0.005815223116536753,7.977721359323171e-07,2
0.0014331994699331736,0.2886387633439694,0.7029356613030462,0.0,0.0018538328454487214,0.005131974585182019,6.568452420640181e-06,2
0.0018885056772421237,0.450334965512608,0.5351500382204181,0.0,0.0009880116829821598,0.01162800360361785,1.04753031317314e-05,2
0.0007257252340132001,0.2858947120816252,0.7078624996106259,2.4943456328200044e-74,0.0006773079694590096,0.004838646921121159,1.1081831554878095e-06,2
0.0009225170716949163,0.27124863588469394,0.7114158383027823,2.0457068102450465e-74,0.0005077394337400369,0.015903629118053323,1.6401890356084391e-06,1
0.0024287063434931346,0.6676134738352315,0.30670488973402293,2.2603408219420462e-07,0.0013541576643758156,0.02188840186111651,1.0144527677983658e-05,1
0.001983004714855235,0.47991025027428946,0.07808306404933,6.864532489780443e-07,0.0004705947166854058,0.4395421484100029,1.0251381588122019e-05,1
0.0036887626530265607,0.49363819442457707,0.11727721453017546,2.299803326746879e-06,0.0003085833351516742,0.3850677299527701,1.7215300972396633e-05,1
0.0031871404659732545,0.057180755156640665,0.9394161036079777,6.697692610879359e-09,0.00018845921284927638,2.1644401609091724e-05,5.890457257533528e-06,2
0.004664013208177892,0.14788944293290238,0.8467368684202623,3.4005718672485486e-08,0.0006636793819665866,3.1933949170889334e-05,1.4028101801362782e-05,2
0.010935090489015342,0.4099225347145824,0.5668472799904075,2.3925074958547483e-07,0.011787162685638498,0.0004922097542600873,1.5483115346739996e-05,1
0.018707660543728546,0.964278547087552,0.007801771272619832,2.055358232148371e-07,0.007134667399849982,0.002067874515355537,9.273645070957829e-06,1
0.012816188975178848,0.8798827292628865,0.0965126369180194,1.711277635518794e-07,0.00921204696372749,0.001448231307717531,0.00012799544470674918,1
0.08024740479098898,0.8427848855754089,0.054450812636677205,4.084919458042027e-07,0.012225114645421503,0.010283819901631013,7.553957926775632e-06,1
0.10047165252944099,0.796141928924794,0.08680529464985877,3.1357112478093364e-07,0.005738955844362871,0.010835252431766562,6.6020486519736365e-06,1
0.03242767623763843,0.844907709320587,0.0932337336201428,4.0428155489339116e-07,0.004600711236338574,0.0248148610320999,1.4904271638443252e-05,1
0.029111808148693366,0.11122465810931678,0.853161469101904,1.061325280798702e-07,0.002703857542073773,0.003791036692757226,7.064272726621053e-06,2
0.00743881861339938,0.630862302803225,0.34286090614325004,1.985142181433182e-07,0.005354928463236914,0.0134792198053738,3.625657296700033e-06,1
0.008282725340503961,0.6558748409566637,0.22070047505527918,3.2692796795545355e-07,0.009427800022328466,0.10570329276552963,1.0538931727217838e-05,1
0.011070037687064872,0.3111904591891471,0.6366446257622107,2.9402116376645938e-49,0.0019855084586101984,0.039106696409710096,2.6724932569922164e-06,2
0.001714302894537367,0.12282514133636135,0.8677279393656986,8.116502338851825e-08,0.0003560134491355927,0.0073743666452970825,2.155143946670387e-06,2
0.001289523757168652,0.09757219376921303,0.8932877821072008,6.612123985468161e-08,0.0002597862468336236,0.007589112595940972,1.535402402951103e-06,2
0.00012950329877647478,0.04375307696855595,0.9488127061794815,7.205029508503628e-08,3.3677262803731145e-05,0.00726959634349942,1.367896587764864e-06,2
0.0001293117726058429,0.03242553796431379,0.9537180605375706,1.5195911180117225e-07,1.6936583626304482e-05,0.01370794164723357,2.05953553798213e-06,2
0.0023175076956102676,0.09288783154598103,0.14740381888679915,6.930627727404115e-07,0.0006320036632931834,0.756754438472078,3.7066734656025265e-06,5
0.0033542075041851703,0.3243155854914377,0.6524297856192417,4.3411775103930474e-129,0.00222130617756961,0.01767049671991391,8.61848765186577e-06,2
0.003990858797240917,0.28928672819267176,0.6922201622507713,3.970133147746979e-129,0.00203144913234966,0.012465716684397634,5.084942568733544e-06,2
0.0103294670805958,0.31993433632864976,0.6273308011829082,6.471267100562521e-07,0.0009821192884182737,0.04141663089842565,5.998094292125212e-06,2
0.001997589797461758,0.4437307075619189,0.5445520447073352,0.0,0.0011034039003328107,0.008605173653944075,1.1080379007292233e-05,2
0.0005855145526288848,0.16424737439867676,0.8249451732607114,1.7041425169847118e-32,0.00021990393432688357,0.009999931088522922,2.102765133037308e-06,1
0.0023966826969248913,0.48884223016725975,0.4693668414640165,1.7270183631626918e-07,0.002994175248570402,0.03639113246870886,8.765252683327543e-06,1
0.002316908389869174,0.6368819609923849,0.2993640868116403,2.1562930522053522e-07,0.0014737875122845712,0.05995136780354823,1.1672860967753579e-05,1
0.004076899748054262,0.7628775307769114,0.18959299729665197,2.4840614105302894e-07,0.0012061609877091197,0.04223271558474114,1.3447199790782661e-05,1
0.0018110599760185347,0.4330958565400944,0.09726214061776782,7.94391736970296e-07,0.0003233527886805006,0.4674889415413471,1.7854144354747186e-05,1
0.0018798872696736586,0.6703593138095986,0.09966183712670501,8.250329361278647e-07,0.0004473000823030534,0.22763702664255145,1.3810036232207584e-05,1
0.004058921300801565,0.5398539618661065,0.1574792573960497,2.7593328602755256e-06,0.00032726168215765737,0.2982402490758068,3.758934621754568e-05,1
0.00102735973246268,0.06854318946790504,0.9294585879966993,1.4843751377022242e-08,0.0009302010149713934,3.452357250776548e-05,6.123371702168091e-06,2
0.009032061199009017,0.3430735003395828,0.6378984037524638,1.9761404026199068e-07,0.008979697100315091,0.0010033513994234253,1.2788595165586389e-05,1
0.007661840482693868,0.28677181803058804,0.6950440235403395,1.7428052047288047e-07,0.009450179039299995,0.00105448241266391,1.7482213894169323e-05,1
0.027005768071531315,0.9537167018514063,0.011655342673930699,1.9438361017248875e-07,0.006556953155007991,0.0010541535594748277,1.0886305038465789e-05,1
0.02399122906572524,0.9521084249430202,0.008633409856159327,1.6845544976735864e-07,0.008742880336143947,0.006514287751888497,9.59959161305137e-06,1
0.04064086111256306,0.943033954973267,0.007960065282813759,1.6801176726258854e-263,0.006568606158978982,0.001784538421380477,1.1974050996684864e-05,1
0.02947659154194248,0.8774137165226226,0.07177549761475309,1.5861499003679736e-305,0.02062908050116599,0.0006400745324172828,6.503928709854664e-05,1
0.026294028847109834,0.8453972074894089,0.10602319422374039,1.9358081319236425e-07,0.021431231837652106,0.0007838258386513349,7.031818262386987e-05,1
0.013767939564150207,0.8643796088666033,0.10670644185610403,2.1157557576869885e-07,0.01390327664427917,0.0011549115072119315,8.760998607572927e-05,1
0.05388147913455498,0.8729855813871235,0.05199473155189634,3.6110217422609763e-07,0.013327987385595727,0.007803181826870393,6.677611784978995e-06,1
0.20051588161440004,0.7198517167152911,0.06371757421765462,2.8333082114382624e-07,0.0081968351212933,0.0077115874062702325,6.121594269416574e-06,1
0.041523305126352036,0.7964701042100953,0.14265774543145857,3.1370038099719173e-07,0.008458237343048179,0.01088368941860202,6.604770062718654e-06,1
0.019412159609521713,0.7578854672271966,0.20188958870517576,3.0560575678368717e-07,0.00537868357130084,0.015428479751182599,5.31552986586884e-06,1
0.082305211265001,0.7678831216482589,0.12130312737887984,4.395533642953521e-07,0.005002103305497862,0.023498960529846267,7.036319151757569e-06,1
0.01214859235765927,0.5963227246947483,0.34656655494327093,1.7995752066822856e-07,0.005531973451413421,0.03942616155357724,3.813041810026337e-06,1
0.01597801760233742,0.6700967996696436,0.23563369821582808,4.947428921066132e-07,0.004734122318834407,0.0735523400929218,4.527357542422737e-06,1
0.007302623588747476,0.6477803256868772,0.3216443069527437,2.3387211328153237e-07,0.0047697166162550195,0.018499041636152302,3.7516471108698188e-06,1
0.014743895229285441,0.303493568687926,0.5617975569435819,2.556366047089822e-49,0.003221440461082334,0.11673991078987137,3.6278882529817453e-06,5
0.015061117669231846,0.3183789576438192,0.5436339040655401,2.6113675688886867e-49,0.003192037319560951,0.11973027735772532,3.7059441225851724e-06,5
0.0015316935489007469,0.12306724798841308,0.8644309133605791,1.6400027029090183e-07,0.0002351055676593892,0.010731833949202916,3.0415849746024413e-06,2
0.00041743331593762403,0.12291024631848549,0.8592911830687886,1.2560730951345335e-07,0.00012603353894148568,0.01725196606492846,3.0120856088155426e-06,2
0.00043518736644346045,0.14153866926028347,0.8493752786724627,0.0,0.0001227472714482027,0.008522359178159472,5.75825120276777e-06,2
0.0014646467008565798,0.3006060160863699,0.6761346810687366,2.013668407007612e-07,0.0002588442704980511,0.02152493392104937,1.0676585648719003e-05,2
0.00479312509419079,0.6318933923646365,0.34322033144457553,2.2948115757374154e-88,0.007249211428319762,0.012829639248277114,1.4300420000358855e-05,2
0.0010643683083356652,0.34520013131951355,0.6083693406497114,1.2488010443408534e-28,0.0004898946445531897,0.04487122045405768,5.044623828455679e-06,1
0.0017862397758943089,0.36730547845537914,0.6215918866900557,0.0,0.0009249160103563756,0.00838157102125692,9.908047057488342e-06,2
0.0006815351215762109,0.20462644801502944,0.7806096333327494,2.021554328955123e-32,0.00037450290304419967,0.013705386203621975,2.4944239786874673e-06,2
0.003053376817336393,0.48018494359488995,0.2332023218914751,1.873856555702028e-06,0.00033888462501963524,0.28318791352594785,3.068568877550881e-05,1
0.00390208237544867,0.5337930734266607,0.1178724179253454,2.6155204237027467e-06,0.00027086677606996185,0.3441397801509497,1.9163825101952747e-05,1
0.0046676546687030316,0.4350396018606994,0.12735568421832397,4.952703819588857e-06,0.00042631475631721525,0.43248973000436514,1.6061787771576576e-05,1
0.0030384980053084227,0.38627257588547326,0.12209767775424887,2.1235035711688073e-06,0.0003987843059492112,0.4881855648241438,4.77572130526214e-06,1
0.00039855031057491893,0.021039066487296084,0.2771879463040462,6.75094081196763e-07,5.8210639601181005e-05,0.7013140032628943,1.547901506324774e-06,5
0.0003510085296002565,0.01904902256730074,0.2545342674612035,6.585634425999604e-07,5.807420143952939e-05,0.726005510772252,1.4579047614255634e-06,5
0.007776415180089162,0.29491963847744995,0.6881647236835212,1.7688670079472055e-07,0.008001118013200617,0.001120184117178794,1.77436418593232e-05,1
0.006217045700541908,0.3622529730598789,0.6185631604887295,2.201528627230377e-07,0.01077926224304834,0.0021652546508901327,2.2083704048478258e-05,1
0.04924955410149409,0.9306114555876264,0.007537068336913506,5.83369915370178e-07,0.008635032170232862,0.003956458794046949,9.847639770971703e-06,1
0.05804732064938472,0.7728513479197425,0.14748535922529682,1.4346018048203443e-263,0.02009446908184503,0.0014785250303177922,4.2978093413016865e-05,1
0.04392031382775228,0.8425362711853446,0.08185709465441834,0.0,0.03077156494959581,0.000866448787491093,4.830659539786002e-05,1
0.023711179650274854,0.825272227167367,0.11934060346789666,2.0600630819795928e-07,0.029285698813122898,0.0023152531544119296,7.483174061852074e-05,1
0.019716367310539006,0.8311278651560017,0.1275297334487018,2.082259765416818e-07,0.02021804647044507,0.0013321413537391157,7.563803459664965e-05,1
0.014159947031169769,0.8775936756128989,0.08941941419258703,1.8184745202613382e-07,0.017430963007664117,0.0013100855308653834,8.573277736270539e-05,1
0.01131468130222957,0.8671028890090535,0.10777208853654895,1.961853882693215e-07,0.012512634806298202,0.001203069353998235,9.444080648361527e-05,1
0.01070251982165355,0.7399236258755003,0.22015530763491636,1.6123866471228788e-07,0.022740521784277656,0.006415181654292575,6.268199069476135e-05,1
0.05573814596609421,0.6567350149714203,0.2577553195182798,3.083808910804465e-07,0.0214836763793495,0.008263823037132582,2.3711746832466564e-05,1
0.10856541091211333,0.4700354899448778,0.411640066788503,1.7559522726531733e-07,0.005080016075092624,0.004675046805593423,3.793878592610326e-06,1
0.026344847357770807,0.7093746314674997,0.2465332237993532,2.694103243211276e-07,0.005064308891948128,0.012678460881670262,4.258191433715024e-06,1
0.016820756553954184,0.6719802302937883,0.24291395555167164,2.126087495568737e-07,0.005068207126010497,0.0632120977833103,4.540082515659522e-06,1
0.014374577355317577,0.6434662664183161,0.2720439079177442,2.671593345671038e-07,0.005391322949428387,0.06471958517573123,4.073024127800176e-06,1
0.0003057254616862321,0.05975499415920849,0.9089184142791181,2.807214648852789e-07,3.8954997819853294e-05,0.03097925044442632,2.379936276125675e-06,2
0.000370576102400723,0.06468076623843773,0.9215429163981755,0.0,5.74250207964037e-05,0.013343412903254725,4.90333693462856e-06,2
0.00036568390625901965,0.12556595348373936,0.8583573002853515,1.9813506952822547e-07,8.194083522660979e-05,0.015621743011779437,7.180342574335807e-06,2
0.0023377182850205167,0.26450689195181787,0.718381666562983,2.164320724810664e-88,0.00048467781638188997,0.01428298293296333,6.062450833367655e-06,2
0.000781136902386546,0.3135719466805496,0.6445364759846042,9.556992589919003e-29,0.00038691779727189187,0.04072144232250197,2.080312685702266e-06,1
0.002116019118195123,0.35190677975088447,0.6344807660881403,0.0,0.0013776507765699078,0.010108670773061216,1.0113493148933532e-05,2
0.0006258311169455344,0.18847777869982946,0.8004808686531624,1.0728723598805266e-07,0.0005146485946291089,0.009899016761648304,1.7488865492167245e-06,2
0.005994691761286213,0.6913684851674481,0.23479390903750383,2.2810083984681924e-07,0.0031289423519264177,0.06470831874189947,5.4248390959322506e-06,1
0.0020854494925043768,0.7004066968858812,0.21092575419409418,7.981823526384345e-07,0.0005313733074856469,0.08603352220712311,1.6405730558826385e-05,1
0.002844799592012272,0.35293693887607613,0.3429951861400858,2.1138764136332877e-06,0.0003406367173728889,0.3008494804589247,3.08443391145579e-05,1
0.003878181829547275,0.5679635628374395,0.13005921061804018,4.413216150933941e-06,0.00041399895697692116,0.29767424519059393,6.387351251225352e-06,1
0.0015143397773284065,0.06898289662844874,0.9286846577779577,1.425380626712854e-08,0.0007613779065082836,5.530341442015067e-05,1.4102415305690818e-06,2
0.007385599193088513,0.28009798776459305,0.703023575601157,1.6799698118003498e-07,0.00840195953261168,0.0010738580043640213,1.6851907204518168e-05,1
0.01132460320622674,0.5316287523357722,0.43941716648770573,3.12412690165687e-07,0.01420073720227723,0.003408210564052338,2.0217791275477544e-05,1
0.07840233657013153,0.7970782483436967,0.09204235385334349,2.0953742830950307e-263,0.02795366841862722,0.004452104391568811,7.12884226322859e-05,1
0.04326499579185145,0.7316112310840162,0.18941739470390076,2.5132495617852086e-07,0.03275354367536752,0.002861289691593251,9.129372831457047e-05,1
0.01993757433795585,0.6240476431103585,0.3383064922532869,2.142621169398111e-07,0.014259299183145035,0.0033516526205189814,9.712423261765057e-05,1
0.025918729696544966,0.7563003407952493,0.1856887713688663,2.2025069439162423e-07,0.03037958757719817,0.001609499080558196,0.00010285123088882913,1
0.017730722449202454,0.7077787669267601,0.253027826146699,1.970163431788939e-07,0.01986063085769438,0.001508923693747974,9.293290955264506e-05,1
0.017357350355569175,0.8631786646534911,0.10706433364255434,1.7956388822158278e-07,0.010521447449911656,0.0017631859518484603,0.00011483838273721187,1
0.012980174798376652,0.8619573640933191,0.10569288756925489,1.7707651133115324e-07,0.01759222872406039,0.0016639201340545406,0.00011324760442324287,1
0.07118514490104594,0.8059406549227197,0.10680898179476772,3.0920369337581067e-07,0.009360960923428118,0.0066974381592956895,6.510095049291236e-06,1
0.08734935345100077,0.2945417526815619,0.6113976531797092,1.4154028747691226e-07,0.00419517855997407,0.002512555278990696,3.365308475977216e-06,2
0.0605656301826603,0.697597927406672,0.2225901985374375,3.8412110579202913e-07,0.004411929300151984,0.014829412378749882,4.5180732223329784e-06,1
0.0876660375310415,0.6592669460477552,0.216738537231123,4.4446184194464953e-07,0.006210510897564324,0.030110751911127876,6.771919546150596e-06,1
0.00829314219598372,0.4235858936943276,0.5584260739971979,1.6844522174297892e-07,0.005370880255713389,0.004320725559677404,3.1158518783870824e-06,1
0.016181708865151915,0.6464506168241069,0.26150072784461553,4.772845474405141e-07,0.004905255281669838,0.07095684630245486,4.367597453569865e-06,1
0.013950449203427936,0.37994583374630475,0.14453372889701036,2.8335390165389993e-07,0.0028562877253073245,0.4587070153478095,6.401726238430238e-06,5
0.0010919813773884288,0.2761906282519014,0.6629468746317329,5.412089965456789e-07,0.0007913252137219665,0.05897422335674558,4.425959513241487e-06,2
0.0004055258842992673,0.07223045050967515,0.9124787169630499,1.2034621764677865e-50,0.00012279032877549674,0.01475674888846624,5.767425733921627e-06,2
0.001685978317461222,0.31977173506403317,0.6673508981020273,0.0,0.0002267245426075183,0.010956038147182955,8.625826687891417e-06,2
0.0007177829209009017,0.18584676823598062,0.8046154481438474,8.710401811966864e-50,0.000739434252970249,0.008079638018357385,9.284279433749e-07,2
0.0022566007809828987,0.4973785259670682,0.43323992764519714,2.7065447479956752e-49,0.0014801184951812232,0.06564194224835962,2.8848632109961788e-06,1
0.004137702309522954,0.8188105028348558,0.13545979755949425,3.0091991969314627e-07,0.0007337672018463739,0.040843496047183646,1.4433127177304929e-05,1
0.0018007187392830005,0.8343189987638382,0.11106096757168811,6.991173090013284e-07,0.00042875303084034496,0.052375493215796855,1.436956124446302e-05,1
0.0012550483703664137,0.046255789774216606,0.9520439872211308,1.2642380315114441e-08,0.00040137334543805864,3.857338841724096e-05,5.215258050566239e-06,2
0.001685304790846322,0.06417671325851952,0.9333438963228498,1.3260713631308224e-08,0.0007083311077894472,8.442927224157375e-05,1.3119870396289393e-06,2
0.06759007112589772,0.9049618726418811,0.00939601904672416,1.7075222895676755e-263,0.014338466866643298,0.0037041673224224476,9.40299643149236e-06,1
0.020393775884467502,0.7363005785159656,0.22221567393806615,2.1310957786940063e-07,0.017925927910709617,0.0030274669831010475,0.0001363636581120108,1
0.04078913653148743,0.451201153390651,0.49013492172006196,2.517578541568706e-07,0.012529959473919933,0.0053252191869524205,1.9357939073129785e-05,1
0.08805136856957707,0.5354507072027905,0.30463186626050553,4.0035647434415313e-07,0.006691105999337756,0.0651681427514202,6.408859894574785e-06,1
0.03625639219091769,0.08223903717559364,0.864606236533948,1.215108142826997e-07,0.003095638420999016,0.01379448630299032,8.087864737197364e-06,2
0.010122474171603843,0.39227986849833496,0.5815056311898685,1.8598261203854315e-07,0.005385079043568386,0.01070332086046838,3.440253543979112e-06,1
0.0107676869139229,0.5705443813215999,0.33083674021334186,1.7901972988786133e-07,0.005104118291192931,0.08274307142319637,3.822817016307938e-06,1
0.006155160219809374,0.564365297844941,0.15917386539514197,2.744144279306932e-07,0.005061931951088974,0.26523066765182635,1.2802522764294173e-05,5
0.001308459256312241,0.2626214423025778,0.6460832613378571,7.502556134676225e-07,0.001001785567798028,0.08898070785701798,3.593422823301272e-06,2
0.0006203940675040269,0.07550134603010054,0.8377221116926505,5.358742490713602e-07,6.997212196368369e-05,0.0860810971104058,4.543103126537634e-06,2
0.00175023640675567,0.41267282793688914,0.5756558344839368,0.0,0.00028661070572696956,0.009624782125788172,9.708340903550996e-06,2
0.0018497835337500088,0.452003023106985,0.5386201216492098,0.0,0.00048641388015602304,0.00702989011335906,1.0767716540044506e-05,2
0.001307458165270246,0.35551724501971765,0.6317576446161396,1.909195369745904e-07,0.0007075586214619232,0.01070166332435947,8.239333514216792e-06,2
0.000816278259225788,0.257590998173892,0.7366162154654594,0.0,0.0006067372088384196,0.004367845629324451,1.92526326001587e-06,2
0.0035993975680264556,0.33190230199606613,0.21053961872043653,1.807677055150933e-06,0.0003152929740299712,0.45363073838190227,1.0842682483699358e-05,1
0.003957284660329933,0.3819597310105992,0.10667603100838148,1.956244023249518e-06,0.0003524140228931011,0.5070389973420006,1.3585711772439146e-05,1
0.005076557574319013,0.4997522713238968,0.1337532927361922,5.584199704727226e-06,0.000446959565964726,0.3609484950005781,1.6839599344432793e-05,1
0.0008448649958789681,0.02837386821369127,0.9707214817851654,7.222034097469624e-09,3.075547420616205e-05,2.550275390364496e-05,3.5195551204070827e-06,2
0.0013232462786014745,0.06747151533240207,0.9306991814851241,1.3135561769968565e-08,0.00046952557056558137,3.3787333400584254e-05,2.73086434451917e-06,2
0.019793308905017456,0.9612382523251495,0.009203939469790867,2.1944119731947424e-07,0.00801575629228599,0.0017294741552586236,1.904941130009893e-05,1
0.024660671239022713,0.9525792013954946,0.005063479376516349,1.9823493506298058e-07,0.012911608222578521,0.004775897297792435,8.944233660508425e-06,1
0.05116254932482017,0.7788232504740471,0.14092835219119115,4.1057140195662356e-07,0.02109671930454055,0.00785006873657369,0.00013864939742518306,1
0.012801253530347232,0.6210975898121093,0.34403796874707465,1.9382916461533068e-07,0.019285931167052222,0.002653101309208941,0.00012396160504311217,2
0.014958616129170743,0.542692539873744,0.4279220239041219,2.064613003217509e-07,0.011652665948512615,0.002699128563656696,7.48191194938187e-05,1
0.06771210177297515,0.4307977043921014,0.48957231800234685,1.8900098459517883e-07,0.006564972969954711,0.005348683632881541,4.030228755933094e-06,2
0.06165836839336093,0.6628332412825619,0.2625544497454944,4.1629695515186656e-07,0.005240920493487033,0.007708081751012151,4.522037128439778e-06,1
0.05682627281295755,0.5596171134009075,0.3669790962438782,3.7135193775254577e-07,0.005412111149828668,0.0111593770397163,5.6580007740699085e-06,1
0.05059733369838471,0.6653704982328518,0.2677086226438251,2.560164861101053e-07,0.004105616241038343,0.01221310353749653,4.569629917439563e-06,1
0.07044630595450942,0.13328449579023488,0.7056353274218424,2.1200008737003862e-07,0.005923248027884974,0.08469629989653914,1.4110908901768581e-05,2
0.009134447779101145,0.4697890445966965,0.44292772528606894,2.0425552849939997e-07,0.007064727366863496,0.07108002249458549,3.828221156014858e-06,1
0.0042155983157003436,0.5356869580488763,0.4347235724010244,2.3367668487050693e-07,0.003967103580706088,0.021402785464851533,3.7485121563713196e-06,1
0.008589926320553117,0.6812083927880022,0.2724765395612305,4.530529075993357e-07,0.009233672073233853,0.028486157279231632,4.858924841194616e-06,1
0.008434887695756912,0.3719750284541604,0.14796559469456005,2.465468195727617e-07,0.0021483682327701216,0.4694658996039777,9.974771955074096e-06,5
0.0016229575384686342,0.4047168340468958,0.5774570827626457,3.8123326869997784e-07,0.0002921507866173081,0.015901045746094553,9.547886009229126e-06,2
0.0013473315654744403,0.3599007978149005,0.6243578984923757,4.334009863047949e-07,0.00024479357858965604,0.014140254540159655,8.490607513917036e-06,2
0.001167134662452474,0.3249029340509748,0.6489252498338542,5.550849249867497e-50,0.0014928705339981067,0.023510060904670387,1.7500140499993828e-06,1
0.0024940381161396227,0.33182072147612884,0.6335955622059641,8.279520634583512e-08,0.002443753037995677,0.029644247348011653,1.5950205538865145e-06,1
0.001679276849651895,0.36469751648814497,0.6147558648274623,1.2821457441729965e-07,0.0010298454664244927,0.017833288568094265,4.079585647572331e-06,1
0.002229930768061299,0.7064460721108016,0.22772600004300167,8.657560805120676e-07,0.0005763591119959254,0.06300297757836919,1.779463168985961e-05,1
0.002185272466175221,0.2783607171606181,0.2126510169487334,1.7070199850710092e-06,0.00024134457532764737,0.5065404743069781,1.9467522182430202e-05,1
0.003671885987128723,0.5237920750248021,0.11449773783195749,4.032324831629844e-06,0.00029266111443084945,0.35770395913623737,3.7648580611766974e-05,1
0.002162517925184507,0.12616282263702655,0.1660042908322982,2.8194852266986716e-06,0.0003465345819283878,0.7053174695572284,3.5449811072728913e-06,1
0.0020850367334409783,0.054103336461798004,0.9426289660694402,1.567765701113754e-08,0.001094370191671757,8.180409965180575e-05,6.470766340380236e-06,2
0.025663905089389698,0.9525151525207359,0.007237569992347134,2.0302845748177786e-07,0.012370631750569999,0.0022033771041696524,9.16051433049723e-06,1
0.04058786968408564,0.9334897181941466,0.005343544933507658,2.0168277185270038e-07,0.015347440362085333,0.005222125345548605,9.099797854381486e-06,1
0.02689807670251402,0.9505783507330456,0.004948067517997061,2.0755952887059097e-07,0.012469036722767179,0.005096895810769602,9.36495337763649e-06,1
0.024487198239199728,0.9229324722185,0.014749458840755148,4.0316552272935814e-07,0.027500855847889725,0.01030838186753865,2.122982059396998e-05,1
0.07431827129884937,0.7078754277424668,0.18084003435352283,3.998933358759617e-07,0.022461313286078408,0.01433612215272937,0.00016843127301713703,1
0.02238418204928042,0.5076337250575842,0.4371381060963417,2.300008833650787e-07,0.026181710843738184,0.00651495098595625,0.00014709496621570153,2
0.012230334240563641,0.46291380671466187,0.5120322160315373,1.6216534435435576e-07,0.010822816135376188,0.0018969534035998385,0.00010371130891695007,2
0.01695702273857812,0.5797376248077034,0.3932362768797566,1.9021270868854838e-07,0.007467833867468123,0.0025231057391770172,7.79457546079829e-05,2
0.06433374291265401,0.42340890131676306,0.503840690610083,1.874467582188256e-07,0.003393108805662941,0.005019371821413764,3.99708666490841e-06,2
0.03705603089387609,0.5389987332240039,0.412843437787649,2.781367414482312e-07,0.0036266782049902265,0.007471164549889543,3.677202849852117e-06,1
0.009112152422834852,0.526186244461675,0.4189947094671356,2.2522855311742918e-07,0.007253050556504159,0.038448972488813175,4.645374484180452e-06,1
0.008045201379748134,0.4446814041690806,0.4808585848037149,1.996622660447254e-07,0.006408615298502333,0.060002252553896906,3.742132790949305e-06,1
0.0042108563713429735,0.5587331983349355,0.41033553998060757,2.5489769061201733e-07,0.004057791019982087,0.022658270467645833,4.088927795340858e-06,1
0.0026566308265990116,0.1735443049296667,0.30753145195307924,5.50805622543876e-07,0.00018963008074990255,0.5160704373230648,6.994081217876008e-06,5
0.0002711547243316828,0.053625482533514346,0.9324538123933142,0.0,4.8634375240484764e-05,0.013597610081951017,3.305891648285106e-06,2
0.0006004237671771668,0.10537160430939566,0.8566216506327241,0.0,0.00011534717803388449,0.03728727406752425,3.7000451448805085e-06,2
0.0010385531366927988,0.27674741731430186,0.7143878264936496,0.0,0.00019778418994983324,0.007622005071694203,6.413793711537682e-06,2
0.0009220511559309779,0.294211398152736,0.7003592569008878,0.0,0.0002790601584236909,0.004222551608032713,5.682023988809938e-06,2
0.0011291423412427342,0.3691070918189006,0.6242396434624532,0.0,0.0005753317140387407,0.004941832466058076,6.958197306573849e-06,2
0.000778505860253993,0.2301822116332132,0.7634775389444075,0.0,0.0006277157002644479,0.004931656186027222,2.3716758335654915e-06,2
0.003170457644800548,0.5998070690804087,0.2929337245668555,2.6340486796271575e-05,0.0005327895604362949,0.10350467743145897,2.4941229243728618e-05,1
0.004802619705806936,0.5245851503247377,0.23669788416412585,3.0248359087150394e-06,0.000853055857989884,0.233051175285342,7.0898260888209435e-06,1
0.0033616918995105945,0.17475160118189254,0.8037497775893294,1.182359830645927e-07,0.01669353106465227,0.001440029069762609,3.250958869457589e-06,2
0.007216316709267679,0.48648564308152276,0.35066676708674066,3.066504533485017e-07,0.15112691248839424,0.004490931541321429,1.3122442300043075e-05,1
0.028418611972259474,0.95088832974415,0.005438090771423304,2.1887972202040082e-07,0.009989353241190773,0.0052463947209112,1.9000670343352673e-05,1
0.03315926821262151,0.9464946955188924,0.006208947505898166,2.3040515008954847e-07,0.006880150676235938,0.007236706503103369,2.000117809841774e-05,1
0.028063514950122465,0.9495999638030408,0.005875755964224231,2.6660219855129933e-07,0.006926279672011366,0.009511075610555026,2.3143397847582012e-05,1
0.05350827301048533,0.8863285656205655,0.01726484893516027,8.952297738580559e-07,0.010662753814116426,0.03222853539772155,6.127992177251258e-06,1
0.07486697779062167,0.5753851979195115,0.30839228271140423,4.2844545053459644e-07,0.02323702755725877,0.017865904500507953,0.000252181075245432,1
0.03896300769658774,0.5207298889503361,0.4063084365775711,3.503082043766381e-07,0.016837327896027172,0.016954690640047787,0.00020629793122572444,1
0.01135358789325146,0.3120734290206177,0.6680926112601963,1.3492525047467055e-07,0.005348315064150633,0.0030456316714652853,8.629016506817884e-05,2
0.009973286165763446,0.26229954399831584,0.7227458995291995,1.1049059118728322e-07,0.0032863340994900275,0.0016544948751500272,4.033084148980908e-05,2
0.17545637546772555,0.6333691965125384,0.1695380428827393,4.209975454787063e-07,0.010836991262917097,0.010792233596772526,6.739279761499649e-06,2
0.03796642410179985,0.6943060344818773,0.22710971632478685,3.071296316766019e-07,0.003743568871504238,0.03686846714361302,5.481946786965909e-06,1
0.04153585024584685,0.45776806950216664,0.3951438452924043,3.5411540812334363e-07,0.008148786351435178,0.09739742585445643,5.6686382826465775e-06,1
0.006823141733465836,0.3988401066188601,0.5554876299553992,1.6865020129520155e-07,0.005597318027665946,0.033248474119457624,3.160894950103403e-06,1
0.00816908602349562,0.5535701484912839,0.3784139495209125,2.1193719824919111e-07,0.009495775165946293,0.05034685666774449,3.9721934189235525e-06,1
0.004589501597005825,0.676553447568221,0.28206813898727595,3.1909161918296386e-07,0.005573796209926542,0.031205510011006604,9.286534944854032e-06,1
0.005114466128648835,0.6761010325361132,0.24056735630199197,3.91463263893357e-07,0.005020215501178492,0.0731760635951351,2.0474473668370115e-05,5
0.002152003282382482,0.3825932246366929,0.09245572072146052,5.648048279788485e-07,0.0004020445792761387,0.5223916525720876,4.789403272416066e-06,5
0.0021394537980272527,0.3829013608234979,0.0777016658386784,6.037969481912318e-07,0.0003914902350051996,0.536862057677478,3.3678303650465975e-06,5
0.0028699265363618014,0.11112624666262504,0.5684332293848662,8.213794746834209e-07,0.0005977402552592449,0.3169681521222829,3.883659130175561e-06,5
0.005149917125765955,0.06375165387639263,0.28395442163777107,2.749470322842278e-06,0.0010704646993942857,0.6460643860927876,6.407097565635173e-06,5
0.00029756440383617517,0.05843337518496152,0.9271324618895107,1.2593621451933356e-50,5.745555721596487e-05,0.014076240810419319,2.9021540563608624e-06,2
0.0011686862584670953,0.3672268106767974,0.6238001912741704,0.0,0.0002644503728696821,0.007531682655004172,8.178762691281469e-06,2
0.000953456500937354,0.2605253966391253,0.7327783809192484,0.0,0.0003411786007457949,0.005396155520644261,5.431819298920754e-06,2
0.0006658381943809203,0.1877093618718596,0.8037814534835444,6.250885190244187e-08,0.0007152958560142351,0.007126296179674006,1.6919056748582562e-06,2
0.0010667183826550265,0.16484910393371438,0.8184673401050058,1.1504693523013864e-07,0.0011318832491124958,0.01448404580450255,7.934780745172967e-07,1
0.00282696682608773,0.47772135664502646,0.24678598685086453,1.8697029414108015e-06,0.0003771702091863569,0.2722553617478743,3.1288018019267084e-05,1
0.002528710726167958,0.32104526078014356,0.34215638825371575,1.6768608105975103e-06,0.00035065015075492757,0.33388984460950966,2.7468618897318816e-05,1
0.004536722037288036,0.39228760866327916,0.2779502670794728,2.852345175975426e-06,0.0004541796113097131,0.3247544832198196,1.3887043654551382e-05,1
0.005375756122824466,0.43937735820162943,0.3051034553817654,3.995445229128042e-06,0.000843906120274085,0.2492880149135362,7.513814741305201e-06,1
0.0029945795780280393,0.07693687864594212,0.9196480782203287,2.0068676917568314e-08,0.00014880946607644566,0.00026308097430017966,8.553046647556343e-06,2
0.001865765997688782,0.12681311096461048,0.8698397125550055,1.50617189675292e-08,0.0012320476234160176,0.00024152473506207833,7.823062498277776e-06,2
0.0030322855418397792,0.14725462888413288,0.8103613712398966,1.0587280890774692e-07,0.03766014982141261,0.001688547612841069,2.911027068341769e-06,2
0.041376575440004476,0.9366015733627893,0.006306134475529833,2.511814904224042e-07,0.007521473629423454,0.008172187164979052,2.1804745783728952e-05,1
0.03516522081786795,0.9466777211426669,0.0052330768860966775,2.741280804475307e-07,0.007141663103150969,0.005758247212051668,2.379671008515864e-05,1
0.05077884805875442,0.9018882512216975,0.018240926414285312,3.410429134498894e-07,0.015066265660249354,0.014015937710504179,9.429891595872847e-06,1
0.03199039300096784,0.9054044053712428,0.025011031795172924,4.977956686103186e-07,0.015065746414312242,0.022518621138864478,9.3044837713019e-06,1
0.09049519951811662,0.7529961678984005,0.040739072625362686,4.38140140205177e-07,0.013150820628813573,0.1026019297960116,1.6371393154898912e-05,1
0.056312755121982874,0.3195919229675175,0.5253528386747884,3.2226416039602256e-07,0.024781630627748057,0.07377082487544438,0.00018970546835846863,5
0.020511725714501616,0.3634334656592226,0.5891285534186663,2.636151930339525e-07,0.007278444990825559,0.019492383792676874,0.00015516280891409874,2
0.06392475709268057,0.7870325031972238,0.12686673577608631,5.585992616462075e-305,0.003653577232086096,0.018515569590707204,6.857111216215004e-06,1
0.038082850140285125,0.432667889796351,0.5116582410649407,2.49478167473907e-07,0.00315424244682609,0.014432533455929706,3.993617499791243e-06,1
0.05024361083166984,0.07148400482941915,0.8086524987421622,1.1482241865846219e-07,0.004929835312421888,0.06468229678692947,7.638674978697586e-06,1
0.005112854596624912,0.5512662600787902,0.21918956759831476,2.9462308663582464e-07,0.17827504783507572,0.046129754309938875,2.622095816881504e-05,5
0.010328690878411758,0.29073356153099683,0.1953830561243925,2.3446019607065456e-07,0.0018149746183503109,0.5017345491652256,4.9332224269195986e-06,5
0.007240306045365182,0.45653008036635884,0.21357932386440506,3.277046061293528e-07,0.0006080867734994963,0.32202472894033135,1.7146305433800374e-05,5
0.0020146788715782135,0.3901655116739806,0.08535410613540154,4.891465334632185e-07,0.0003422741357208617,0.5221191087428659,3.831293919513211e-06,5
0.0038471958656987352,0.41762578493479163,0.31292085602955527,9.086376316555484e-07,0.0004484412652786337,0.265141613884289,1.5199382755221795e-05,5
0.00029314490271246143,0.038709226036372314,0.9419951686722033,1.5778910693999334e-50,5.373029710707883e-05,0.018942611008637453,6.1190829673226655e-06,2
0.00030237116950171633,0.057826192966152816,0.9228730814639179,0.0,4.530613184552428e-05,0.01895039887098001,2.649397601980902e-06,2
0.0005539641938129057,0.33104270718477324,0.6572273781700585,0.0,0.00024390063058777773,0.010922510443247432,9.539377520106306e-06,2
0.0012336778981553121,0.3735504521745715,0.6122497595618648,0.0,0.0003890411175181824,0.012569385958461137,7.683289429162461e-06,2
0.0025835586752154826,0.5610852271010612,0.38375710227031,5.830051405248933e-07,0.0007211255461694698,0.051847223446605264,5.179955497922644e-06,1
0.002301587801047873,0.6722127018710079,0.24899992959497502,8.436336522332155e-07,0.000654562656279879,0.07582234497647376,8.029466563346753e-06,1
0.0028571346392917583,0.5376496364221096,0.3100657890151807,2.4157398745161675e-06,0.0003873105161295865,0.14900609176111737,3.162190629641955e-05,1
0.0026351779097004845,0.35186993573849246,0.13505990584669303,4.410548305206304e-210,0.0001521106993351171,0.5102602429668086,2.2626838970363488e-05,1
0.0042998273711047615,0.13426047668911617,0.3201964245946305,5.1379914695537877e-05,0.00025972020767675265,0.5409271683842514,5.002838524976056e-06,1
0.004669438801264009,0.11436508945197309,0.8793501467309929,5.557023614083851e-178,0.0014601854002305938,0.00014337741292516892,1.1762202614248083e-05,2
0.0023301603891121526,0.056797709089701436,0.9404273230846641,1.711101299578903e-08,0.00021304536957415161,0.00022557194885495434,6.173007080026959e-06,2
0.004829129222317922,0.30519770530336554,0.6085482777486573,1.9540982944427811e-07,0.07819233630488939,0.0032269831176661807,5.3728932744951244e-06,2
0.00614066793787021,0.3427937564422516,0.5477288619771207,2.3608720985147096e-07,0.09819062109724441,0.005139365119635216,6.491338668134906e-06,2
0.012445033182698816,0.5772306037784362,0.33554788892366544,4.4146385867977825e-07,0.062279384443538366,0.012473631548725373,2.301665907722076e-05,1
0.05897044898314805,0.9015858227525846,0.006441555882144752,3.596806828148929e-07,0.009323276495132921,0.02366357007036734,1.4966135939658085e-05,1
0.03982165243657044,0.9051212977689269,0.031112335212529613,2.8038101030997577e-07,0.010403670206027994,0.013533041779493098,7.722215441437593e-06,1
0.045307839767142366,0.8059301201124345,0.039638363651109454,5.567430439373013e-07,0.007199904763896996,0.10190107307374244,2.2141888630355024e-05,1
0.002353243598892301,0.04262111811638974,0.9539547594253566,3.009887460594527e-08,0.0006111191047389017,0.00045008002598001415,9.649629767987183e-06,2
0.05865577652601577,0.8162883945516101,0.10812568783567633,5.750776975712819e-305,0.003139216569059302,0.013786272521351917,4.65199628651259e-06,1
0.03308705611569897,0.8425264608307383,0.1049218312716764,4.353597190955297e-305,0.0030028880338745702,0.016456419469531917,5.3442784798896685e-06,1
0.03574674746128368,0.10285957436651062,0.8459527338259372,1.604646367264844e-07,0.0029279965857244056,0.0125021066311075,1.0680664800154311e-05,1
0.031913541420671855,0.6172980654774565,0.30765093358274237,2.59780445628677e-07,0.0035652720906203623,0.03956729083535485,4.636812708225543e-06,1
0.005320759259452823,0.020934133262050823,0.9670277657974375,3.35490508254222e-08,0.0018857282293011587,0.0048276058412808995,3.9740614260003e-06,2
0.004829846831319849,0.6731575057727847,0.2926824034943704,3.1632680809324153e-07,0.005212847331477399,0.02410948243647905,7.597806760491146e-06,1
0.005889612912913445,0.6822121236918636,0.26984851466431803,3.513656564556164e-07,0.011229046404461483,0.030815242636678186,5.108324108866977e-06,5
0.005713601735953546,0.39553050758641134,0.17628490521966103,2.3473775278649833e-07,0.001166765560716034,0.421299579227937,4.405931568321526e-06,5
0.0008474161315095749,0.04820022441693418,0.9150853336497182,2.1070111520454675e-07,0.00018487052263512166,0.03566733319164006,1.4611386447538703e-05,2
0.000610943859492192,0.040387126061406736,0.9086719285598738,1.827253118114997e-07,8.678305395579453e-05,0.05023508606457673,7.949675382988203e-06,2
0.0008331526064056684,0.033097972686735644,0.9090633528413953,2.565488854513767e-07,7.566524405552095e-05,0.05691189364783165,1.770642469081988e-05,2
0.00031434125178029956,0.04680649206371213,0.9349197468113506,0.0,6.391906706306751e-05,0.017892952633438198,2.548172655730106e-06,2
0.00030196541691246285,0.05774859586071,0.9216346758878392,0.0,5.480104736861262e-05,0.020257315944800607,2.6458423690572823e-06,2
0.000572185918036756,0.33323161351687625,0.6443278848506592,3.5230360408564715e-07,0.0002884667998122799,0.021570697905777793,8.798705233892939e-06,2
0.0008323833786424324,0.22854935220037736,0.7574350883750298,2.2943305309305832e-07,0.0002760731578728163,0.012905715918193065,1.1575368314362794e-06,2
0.001118617448838925,0.5635726729634877,0.3597577139056527,6.246299009267879e-07,0.00027954950042394884,0.07526198824314284,8.83330855288109e-06,1
0.0020130994824109115,0.2633498215966679,0.6010263611339933,1.836339680524341e-06,0.0003068513966193709,0.13327799246201255,2.403758861560701e-05,1
0.003855384240518061,0.3720374067626414,0.4380955807319313,4.1371534618263484e-210,0.00045873102747052627,0.18553972705414773,1.3170183290886364e-05,2
0.003751227502671338,0.4268428362357689,0.3114416365984348,3.44382222886675e-210,0.0004306973335930875,0.25750919062716676,2.4411702364922513e-05,2
0.002741299493405253,0.38807557107657326,0.18566486780720462,5.954756977077917e-210,0.0002432144910312339,0.4232461302014435,2.8916930342241236e-05,1
0.005553121799364733,0.27144074024153775,0.6381299034220176,2.012192670085435e-07,0.08165022996222866,0.003220270728850776,5.532626733689117e-06,2
0.009144488449027662,0.531018695106705,0.3755917492592162,3.4684640325466293e-07,0.0778139209858811,0.006421262633387731,9.536719379109889e-06,2
0.010096918542245061,0.5688763098945591,0.32615402157589857,4.0566968228395167e-07,0.08391431340431985,0.010940671157454193,1.7359755840954384e-05,1
0.030303251419470243,0.947366396048706,0.00847518597196281,2.696322946308649e-07,0.00857629217434526,0.005257994008751318,2.0610744469908566e-05,1
0.10142181173072566,0.6862151940165755,0.19295561607154088,4.591501555411522e-07,0.004221770737877475,0.0151797477202549,5.400572870118893e-06,2
0.005912230037206789,0.6796197016371726,0.2581711633431278,4.945786188827718e-07,0.010540682511673019,0.04575106908214893,4.6588100520627395e-06,1
0.004907896892461777,0.6720774001594267,0.2906455809928272,3.7702343626558077e-07,0.005119151196406747,0.027244483278346634,5.110457094558758e-06,5
0.003763924794167838,0.04720914795751481,0.3026177302227011,2.2774209062232544e-06,0.0009133109665932069,0.6454885330240925,5.0756140244752e-06,5
0.0010814326896957543,0.5265627690993392,0.3950803228141163,6.03866133614117e-07,0.00029362473230632293,0.07697419897116935,7.047827239567385e-06,1
0.00015215743012852217,0.015259736371288237,0.9743356728637933,2.0976676397094703e-07,2.2078416507251534e-05,0.010226972721038995,3.1724304798594437e-06,2
0.0010365257080893221,0.080627705772896,0.6337639024355133,1.4002065856656006e-06,0.00016472160629628891,0.2843840722849335,2.167198568585876e-05,2
0.0011530319098392026,0.0668131500379268,0.9082938072275335,4.8284191416699277e-08,0.023240386564604094,0.0004982483773492617,1.3275985556355804e-06,2
0.009968672301986647,0.6961241192731398,0.22169864769157463,5.009354479724157e-07,0.0519345465923348,0.020229265808927845,4.4247396588372865e-05,1
0.01957106782253783,0.9566312156147896,0.006649884019773423,2.491350246630488e-07,0.004153386232958249,0.012970444866054651,2.375230886151524e-05,1
0.023558248361779076,0.8084095114979267,0.011761771524330026,2.3186992886588033e-07,0.002604643020442116,0.15363101727939601,3.4576446196971734e-05,1
0.016563317689589983,0.2538596695867383,0.05412665856332622,4.797504111174203e-07,0.00387906738164686,0.6715666809281036,4.1261001840110275e-06,5
0.03846576790191553,0.11870308409796408,0.6482528881450831,1.439910642790214e-07,0.004421088104274442,0.1900722653329525,8.476242674617704e-05,5
0.02067241990540641,0.2365825532656209,0.7000125685987496,2.385955584587778e-07,0.009985738983445193,0.03266628499631976,8.0195654899551e-05,2
0.021944055500243895,0.05939036281937155,0.9167571779148139,4.8310273794977503e-08,0.001298250580128633,0.0006081256438420845,1.979231326147264e-06,2
0.016736259159411376,0.04184202087510127,0.9392837954829956,4.174968707247921e-08,0.0011318706256176145,0.001004350176452477,1.661930734729209e-06,2
0.0286716510111378,0.8408076688838053,0.1140039658588266,3.8883974581014654e-305,0.0027657848709917855,0.013746156154854408,4.773220384228603e-06,1
0.00998412920275738,0.6477903780909762,0.2542018181859985,3.637800252587442e-07,0.002807026428469841,0.08519555034189272,2.0733969880087266e-05,1
0.008196633379214202,0.04903087850866547,0.8966709074541802,1.1586772419255617e-07,0.0035065940989015584,0.042575029333916055,1.98413573984108e-05,2
0.010943922014647353,0.04113533751659712,0.9117777300391311,1.183414183923478e-07,0.004254334686397188,0.03187393953087681,1.4617870932161036e-05,2
0.002430529077465558,0.07603901418952898,0.9019551669862036,1.2313506721751383e-07,0.0006435254282731714,0.018921092130469667,1.05490529918998e-05,2
0.0007540863478007161,0.03041833698637729,0.9163653668629669,2.3220237274055397e-07,7.420451150788563e-05,0.052371747005607386,1.602608336702187e-05,2
0.0009797588322078248,0.012998920072208002,0.9238713409507321,6.694433759684691e-07,0.00011465542133618422,0.06202662858110372,8.026699036327762e-06,2
0.005677462590897443,0.07488598249714536,0.30459592770054716,3.354088164160647e-06,0.0015153961181107374,0.6133093065567766,1.2570448358471906e-05,2
0.0002046153277511477,0.026396068272115887,0.9559112932982584,1.916721763159384e-07,4.7606216523094794e-05,0.017439230760455515,9.944527196649866e-07,2
0.0005154260265396578,0.08647699827193711,0.8951953188028725,3.3255628992837664e-07,0.00011349323943924834,0.017690047282719105,8.383820202262661e-06,2
0.0002585213022426302,0.013576436284698111,0.9749351535264416,4.3074813295372433e-07,6.275670277430278e-05,0.01116551682344011,1.1846122703390276e-06,2
0.001136413242956701,0.1061766268148441,0.8134681424795657,2.053645853987339e-06,0.00021805287219908983,0.07898850872802272,1.020221655772265e-05,2
0.012703754108647956,0.16218831496386563,0.8226855655600163,5.515328851002173e-08,0.0020581991721634624,0.0003413591056936973,2.2751936324301956e-05,2
0.002559505315088721,0.08525760773921806,0.9110075622191788,2.4761563514520115e-08,0.0009181510283911371,0.0002469342506980542,1.0214685861753329e-05,2
0.005674887475292916,0.3121310802751893,0.5810858405044015,2.394018409431469e-07,0.09284914374439449,0.008252226122734439,6.582476146482579e-06,1
0.00823843351194055,0.6189863924004693,0.30108091749094107,4.647887295606006e-07,0.047663352100662,0.02399740516595994,3.303454129748557e-05,1
0.0012018678984171774,0.02812551549274958,0.9696238044704026,2.9240127274129253e-08,0.0002797500823695457,0.0007583596995574689,1.067311637636054e-05,2
0.0009747211375305956,0.030955681661954327,0.967474526845007,2.4881407837078497e-08,0.00021415285958861094,0.00037181050077908344,9.082113732377256e-06,2
0.02508729944626695,0.7587089811636157,0.1902334211789514,3.961402517113768e-305,0.0027323722646446264,0.023230357633921957,7.568312599458761e-06,1
0.055159828844734304,0.1808962388874688,0.7474157266085928,2.124485006525214e-07,0.004329367518508064,0.012184484936518358,1.4140755677106993e-05,2
0.0014986784825172217,0.047999338876087004,0.9402073081542723,7.772854345759118e-08,0.0003297353776267418,0.00995659586128087,8.26551967248822e-06,2
0.00036747663150216484,0.04762456271874474,0.9344623103017365,1.3253620032285897e-07,0.0001930160704326786,0.01734404748222203,8.454259161247188e-06,2
0.00047524394811794535,0.020316810100945625,0.9446121252253676,1.502633664456378e-07,4.956217592087027e-05,0.03453971939310992,6.388893171760486e-06,2
0.0001522851052747379,0.014169013645144909,0.976277586690287,1.7690786636221665e-07,2.0687349303928783e-05,0.009377075209659854,3.175092463076644e-06,2
0.00012253887233501946,0.006786793919389414,0.9821050960745451,1.4884644385654147e-07,1.6989371712862984e-05,0.01096582538837013,2.60752720348152e-06,2
0.0002555767805798384,0.013530534947232076,0.9735432405989415,5.733430541661936e-07,6.176257009424329e-05,0.012607078371820924,1.233388277339744e-06,2
0.0003129857422849671,0.017677193364409607,0.9734584979163866,5.400002041862438e-07,7.783338640355988e-05,0.00847146452091947,1.4850693918929354e-06,2
0.0008288934973870449,0.059279508115499015,0.929280357451833,3.75718381926892e-08,0.010214754848306692,0.0003953319118775722,1.1166032586900436e-06,2
0.000869706162854872,0.070460188832322,0.9105215515505185,4.264689197624646e-08,0.017489950990425843,0.0006573872188645138,1.1725981222589117e-06,2
0.0010667999757625235,0.07193206695108591,0.9025872487695905,5.153614823997291e-08,0.02369853032973907,0.0007138854249005349,1.4170127728958118e-06,2
0.026751557524952837,0.949148346352296,0.007736783907906849,2.4866711048599745e-07,0.002937925236057906,0.013387667134943736,3.747117673243628e-05,1
0.00626384680074791,0.12716367029195041,0.0420638718790596,1.7756057355280125e-07,0.0010496518453196923,0.8234539076429092,4.873979439754976e-06,5
0.0009669763538759508,0.030911364543316912,0.9675351528629529,2.4882967010613503e-08,0.0002078665774802804,0.00037183379998693565,6.780979419999688e-06,2
0.013451006666006633,0.07676524931841094,0.9077200618146891,1.0346292466808528e-07,0.0009182004603120304,0.0011401481023653255,5.230175291148711e-06,2
0.013185060321987532,0.06528408548936855,0.9196708801729188,5.650470530205908e-08,0.0009960919623095538,0.0008615774431410625,2.248105569337311e-06,2
0.022139472034967463,0.6575751034365463,0.3087967475226834,2.3357128328081775e-07,0.002864316080554399,0.008620894630167549,3.2327237975124526e-06,2
0.0073110608227665835,0.13026189325972926,0.8046313796844924,1.7515114104521614e-07,0.003643667594601532,0.05410617839395738,4.5645093311810645e-05,1
0.01043764203582652,0.03682504165813154,0.9451029755950904,3.11049112773462e-164,0.0012747424759941377,0.006346795913796003,1.2802321161396406e-05,2
0.002708168047667248,0.041945589358401474,0.949943755442244,5.3453039614952065e-08,0.0014202776988209024,0.003978907659778843,3.2483400479939627e-06,2
0.0030187348437447333,0.033567511417537325,0.47860531481856117,2.232581677209629e-06,0.0007612898252787292,0.4840297255842049,1.5190928995870008e-05,5
0.00525180430159528,0.07440133988897235,0.565837250731414,3.382444992915575e-06,0.0015821407551211027,0.352912088929943,1.1992947961433773e-05,2
0.0005334197968913458,0.018850706017584228,0.9491204988759085,2.941879503978828e-243,0.00015256551277369494,0.031339002653134135,3.807143708058995e-06,2
0.0001675871809750351,0.02009775981785888,0.965148276071396,1.611841525552078e-07,4.619896495811224e-05,0.014539243088635684,7.736920236362067e-07,2
0.0011328533765242923,0.04045600906190691,0.8041459313397471,2.5520346117116108e-06,0.000751494030984337,0.15350652099764522,4.639158580490781e-06,2
0.0003063179882911669,0.0590053320982294,0.927354846957832,8.399693143010665e-06,4.664272228866134e-05,0.013272376747456254,6.083792759311647e-06,2
0.0001456948075346817,0.015226297915358856,0.9713986693199803,2.394628203407015e-07,2.1791699739226145e-05,0.01319789832952082,9.408465045814534e-06,2
0.0001506491051238278,0.01252973400799712,0.978014213821666,1.787812238507675e-07,1.9818913175619037e-05,0.00927633721279258,9.068158020888772e-06,2
0.00031315419380014586,0.01826584720023817,0.9719911013523307,6.226807425553825e-07,6.039532692083814e-05,0.00936272728613211,6.151959835608487e-06,2
0.0003085794422866881,0.01679925720225088,0.9730681642747361,5.909633057450305e-07,6.40402484815168e-05,0.009754261849841826,5.1060190972470025e-06,2
0.00024366078863456925,0.01202843989964813,0.9786622203421654,3.6964606210401325e-07,4.643630189709189e-05,0.009015043670617154,3.829350975209004e-06,2
0.0017694455915914875,0.07066888206046695,0.92674923460063,1.7331471622870875e-08,0.0006426455455746738,0.0001626252596179216,7.149610647393299e-06,2
0.0020286435513624363,0.18270255732640053,0.809179124848371,2.701933991280302e-08,0.005644132964462621,0.000442357898883319,3.156391180258527e-06,2
0.000976646074728096,0.07431992582623545,0.9053076108701934,4.7071268040121844e-08,0.018803766614933402,0.0005907099721545845,1.293570487126796e-06,2
0.0009765975723978406,0.07122804453092658,0.9053002979399104,4.752025617145469e-08,0.021851850994225226,0.0006418548485185216,1.3065937650731161e-06,2
0.007129616972632456,0.5119549723261736,0.3839157571986396,3.8442024590706375e-07,0.07698408202398567,0.019997120103312494,1.8066955010212773e-05,1
0.0013471852582960196,0.0239130889921137,0.9729016447637878,3.4666790149519045e-08,0.00020570143266117146,0.0016196909508128313,1.26539355383741e-05,2
0.0006762163416115547,0.024357973484726608,0.9743434222823755,1.9426446031788426e-08,0.0002690831617208024,0.00034792752165869784,5.357781460789447e-06,2
0.0006850737158123813,0.025392314034703066,0.9734495721452012,0.0,0.00017005209469567333,0.00030068416717263127,2.303842414870523e-06,2
0.007633795040777901,0.03797259275829878,0.9470668440432779,3.6102461494935195e-164,0.00056188117668828,0.00675624876609857,8.638214858703226e-06,2
0.00404449561590716,0.7071714666957362,0.2625324089375503,3.815565278448325e-07,0.005911655446148974,0.020334705640241802,4.886107887576154e-06,1
0.0005020864247017972,0.007178403438489673,0.9578795541191074,4.667696596736055e-07,6.035192287570613e-05,0.034372470769102485,6.6665560632944534e-06,2
0.0006150945024677739,0.008314871104017206,0.9460466744291925,6.049679185746794e-07,9.076332903091398e-05,0.04492577050864632,6.221158726776537e-06,2
0.0003817189446809699,0.04729929990228643,0.9213795810091037,2.03058465272968e-50,9.210854603420223e-05,0.03084417749910602,3.11409878890835e-06,2
0.00030290340574537413,0.03572996280524845,0.9288584832189976,3.7685122120556984e-07,7.153840813098566e-05,0.035034287440251624,2.4478704048563703e-06,2
0.0005531044572667616,0.025219616070484563,0.8097957673083883,1.6926816732426879e-06,0.00041105949803914483,0.16401276373694568,5.996247202573786e-06,2
0.0006749850154686635,0.025664261383509662,0.8567033951538703,2.0336616246473816e-06,0.0006783088586231569,0.11627371415701011,3.301769893424562e-06,2
0.00013530086081658458,0.005743918360378256,0.9853254043890889,1.8517101828284063e-07,1.6012243188897803e-05,0.008776641289719287,2.5376857897989446e-06,2
0.0004253673679546598,0.022373705268027035,0.966113762008459,7.232570750698055e-07,7.757760010524904e-05,0.011002179463194007,6.6850351852967965e-06,2
0.002227864370225219,0.0884098033637395,0.9081837725130761,2.2448607386148972e-08,0.0009612292248871621,0.0002080475385320137,9.260540932679115e-06,2
0.0011908481554195182,0.1280451815608955,0.8660744131033693,1.9993851690060615e-08,0.004375918464558464,0.000311283046151223,2.3356757543880832e-06,2
0.0007821250561370113,0.06941436486628798,0.9160557696186529,4.125123040497504e-08,0.013052081645812166,0.0006942783411815776,1.3392206982356352e-06,2
0.005516340965809756,0.2961129927573969,0.6343411505765175,2.327133688966737e-07,0.05501481129375085,0.009008837373035958,5.634320120097008e-06,2
0.007322564979097106,0.4490294033330178,0.46974254562851886,3.392295713294688e-07,0.05422042356405811,0.019674170333235968,1.0552932500923661e-05,1
0.007461923520101027,0.5400339937208316,0.35217729120295754,4.087422040424526e-07,0.07406440853798131,0.02623896816865114,2.3006107273377474e-05,1
0.006747354774185953,0.607934766515349,0.2813930357731507,4.601351012506311e-07,0.07214032396983597,0.03175383827516736,3.0220557209842383e-05,1
0.027982487873152908,0.5060093649197684,0.02138354169475226,2.0021947999000625e-07,0.003869787182995138,0.44074024606867096,1.4372041180333673e-05,5
0.002813513094054384,0.10713015195576191,0.01988498599108278,6.5928500969377465e-19,0.00043167081289760746,0.8697345980740672,5.080072136163735e-06,5
0.0036718708995415075,0.044406728716497125,0.9505363743972394,3.854102981461685e-08,0.0008002830316915232,0.0005821065300543163,2.597883946371633e-06,2
0.002763174644015544,0.029578096749463895,0.9652262789058917,2.9720962864643404e-08,0.0006892825781146761,0.0017411606129604934,1.9767885905626338e-06,2
0.03292329429572311,0.5521232286851991,0.31988542665814157,3.367174283480623e-07,0.003278766919062799,0.09178055775196407,8.388972480958678e-06,1
0.07137587385076423,0.42032443578235534,0.38933877738291256,3.340634095494189e-07,0.006327916713566358,0.1126273145587712,5.347648220784791e-06,1
0.02297528526444492,0.06441151626953935,0.8977684412498613,8.131759645214275e-08,0.0012177284070094062,0.013621537758008536,5.409733539879864e-06,2
0.006549488979503265,0.029998013419785936,0.9587647577593129,4.982851932507181e-08,0.0013038655578059054,0.0033801263767451566,3.6980783275040876e-06,2
0.004469406469717808,0.026245488721648252,0.9635072239916406,4.347054895295986e-08,0.0009894119750865806,0.004785199156789543,3.2262145683859273e-06,2
0.037001058969721265,0.09532672055064659,0.807974877341438,0.0,0.001514885416302763,0.05816589683750299,1.6560884388314955e-05,2
0.00295306562973558,0.045670641591828716,0.9460707368423122,1.0058347301137595e-07,0.0019877899121935323,0.0033022369434706636,1.5428496986192975e-05,2
0.002401304973001648,0.04375147866055484,0.9475479290419054,3.7282869097561906e-121,0.0008022834286750922,0.0054896608464579865,7.343049404891719e-06,2
0.00023768668012584434,0.012207893801889094,0.9695104795867645,8.369201717189159e-08,3.547448674603811e-05,0.018001949950354097,6.4318021031998715e-06,2
0.001662367251507288,0.021277079955638947,0.8585125015938291,1.4450265608852436e-06,0.0004298477658692279,0.11810798307579295,8.775330801661794e-06,2
0.004465843552699382,0.06884745181093402,0.5396657473781603,3.845705549876525e-06,0.0009814138781157331,0.3860293093582753,6.388316265286247e-06,2
0.00044983446920269875,0.016142459251633733,0.9525512151588059,5.878352007878483e-50,9.597271383369175e-05,0.03075727366404553,3.24474247814931e-06,2
0.00043262281584301377,0.015945484864007316,0.9553220295164181,5.582099707856565e-50,9.48016304044848e-05,0.02820185602402098,3.2051493063360255e-06,2
0.0003115345261937839,0.012000765545153586,0.9522077640156934,9.158686584594164e-07,7.138606908704263e-05,0.035405191317480586,2.4426577331333736e-06,2
0.0018704816017823748,0.06464226871802822,0.4721271718050538,4.376082423691848e-06,0.0012046505697889895,0.46014344195341933,7.609269503570012e-06,2
0.0018498450408952032,0.06059037739203119,0.4669183094895097,4.527537176478979e-06,0.0011913599579981395,0.4694380552640743,7.5253183151340025e-06,2
0.0007096283740661713,0.02690467387425328,0.801438731706865,2.10934985120774e-06,0.0006833558699481146,0.17025803947302712,3.4613519891710115e-06,2
0.00034918560222810474,0.012919422353180679,0.9267493009734392,1.054463357473522e-06,0.00039420896525015363,0.05958497791040651,1.849732138003181e-06,2
0.00017247760488982522,0.006860399820153848,0.9753359722246553,1.8466288490062858e-07,2.041194222613539e-05,0.0176078717476542,2.681997535708192e-06,2
0.04545772424042446,0.22781513076059007,0.7200312451088149,1.086254665065662e-263,0.005618557699550247,0.00101311731749939,6.422487312101655e-05,2
0.0014184774060509186,0.11810909472138176,0.8754838252578745,2.3083697962077468e-08,0.004618489474995402,0.00036739342533083987,2.69663066863924e-06,2
0.0006728316240545783,0.04081013781030882,0.9447612113951757,3.398463850406924e-08,0.013119536950666836,0.0006353138101257439,9.344250295593749e-07,2
0.0008956320817587102,0.04794282494307781,0.9400868778420087,4.343134317932064e-08,0.009652383530541639,0.001421044004260547,1.1941670095823076e-06,2
0.004125032151601743,0.21329851296917238,0.7249421212337045,1.9373785368880233e-07,0.0472120780846063,0.010416211444855604,5.850378205887569e-06,2
0.005789826888110913,0.34144239776673907,0.5884137352030306,2.6833746783125966e-07,0.0466854591032412,0.017659965117871664,8.347583538764637e-06,1
0.004690335793582457,0.13897012637865594,0.00930745600025387,5.1694344471674965e-08,0.0008673435727721945,0.8461601120936273,4.5744667638162135e-06,5
0.01866782454449792,0.09935926903362627,0.08699250511319871,1.9484993021294775e-07,0.0024378562383571313,0.7925410209188016,1.3293015881225711e-06,5
0.0011070175560366623,0.02353427112239575,0.9737585477694913,3.2591877674899966e-08,9.115220351135357e-05,0.0014986234597892023,1.0355296897806894e-05,2
0.0010497587642663115,0.02168020187491094,0.9764253272836905,2.5745644983083704e-08,0.0002420806309844171,0.0005955896284761956,7.016072026717863e-06,2
0.021365221877101975,0.5458086723197274,0.3630926944611625,3.1900068816037176e-07,0.003411364349995513,0.0663011669637005,2.0561027623989378e-05,1
0.0026699040310146577,0.03851114596737604,0.9299377853643088,1.3047132732015156e-07,0.00048449303520983636,0.02838105828409401,1.5482846669155838e-05,2
0.003074201685486526,0.035890177031010294,0.9402606885270792,8.251110890426463e-08,0.0010067631388566561,0.019755351840895094,1.2735265563220886e-05,2
0.002247359598586489,0.04820988806352177,0.9421999900862253,1.0239002270490914e-07,0.0008809753691213385,0.006445978888913622,1.5705603608857866e-05,2
0.0029156753999952383,0.03242151839933147,0.3509257937195075,2.2828365099092252e-06,0.000684753587616071,0.6130353037455355,1.4672311504308428e-05,5
0.004070426169729464,0.05872515810904228,0.4637929486038001,3.16726165536302e-06,0.0008713470479891234,0.47253150115382087,5.451653962837265e-06,2
0.0007284212496263962,0.02341749323849685,0.9235307662227794,9.465108444635648e-50,0.00014098133254789033,0.05217965965988709,2.6782966623591896e-06,2
0.0021005710478719823,0.06715578236997531,0.6315207311963607,4.426153167448265e-06,0.00032768733953010386,0.29888341337604096,7.388517053458945e-06,2
0.00110793474900077,0.042313098742422166,0.7605530660030544,3.084051643845595e-06,0.0009350004991636304,0.19508296384053864,4.85211417660308e-06,2
0.0003270774705666275,0.014209962975833225,0.9390341609902925,1.0175034381758624e-06,0.00040670570427966474,0.04601952000314499,1.5553524448459753e-06,2
0.00015861529020936598,0.008378555863197848,0.9572255467529643,1.5183146704161148e-07,2.3871410214017044e-05,0.03421032238726254,2.9364646848627598e-06,2
0.00020327698306534854,0.010936372464568305,0.981724573253568,3.603955794818545e-07,5.198732098719439e-05,0.007081672791576481,1.7567906550746625e-06,2
0.0005590524713396453,0.029682549209248187,0.9505805823037177,1.245347415514193e-06,0.00013580474374761168,0.019038552434155448,2.2134903757948345e-06,2
0.00033594864425899335,0.020695566103844303,0.962677508971643,9.794841777047157e-07,9.16494494301173e-05,0.016195467005742183,2.8803409036387713e-06,2
0.0002534896282455046,0.015077174709790383,0.9734737834486349,7.880944268102731e-07,3.458556903269392e-05,0.011155554460660721,4.624089208911741e-06,2
0.039960766492275424,0.2062305977827033,0.7459814610288692,9.616569654698303e-264,0.006954838271420523,0.000845977987031191,2.6358437700368792e-05,2
0.0019165216383779655,0.10109768891403091,0.8955298797978966,2.486584912980789e-08,0.0012977066128160646,0.00014792046507334592,1.0257705956160536e-05,2
0.002877481524946749,0.23737251924951805,0.7503832184074265,5.276179684354623e-08,0.008825958219435276,0.0005294571419012075,1.1312694975276513e-05,2
0.0006924500526405221,0.06361900440508778,0.9265339284305398,3.3631194246525605e-08,0.008689730795610051,0.00046376084861134533,1.091836316133214e-06,2
0.0005094999537753175,0.03728644312677269,0.9559288067441397,2.6329882527479928e-08,0.0059121325323303565,0.00036236735950340865,7.239535961546084e-07,2
0.003637771571952999,0.20086243453943065,0.7509679643262034,1.8244223277825248e-07,0.03479630777717724,0.009729663833759146,5.675509243729219e-06,2
0.006536774116139082,0.4990338475924744,0.38876854656570475,3.9248768906020654e-07,0.059369201570023324,0.04627467486293586,1.6562805033713958e-05,1
0.002034005981123561,0.01529696373684701,0.9805685388336408,6.072744383909955e-08,0.000337845360082839,0.001755405203876387,7.1801569855749715e-06,2
0.0014796437099284766,0.01398117777859008,0.9827837982707592,5.748411587856564e-08,0.00025299846738273895,0.0014955276096652538,6.796679558564544e-06,2
0.0012124078330286473,0.017410514660903,0.9797644865238799,2.4710664164105564e-08,9.503888302413137e-05,0.00150967616045779,7.851228042573838e-06,2
0.0009272344023426517,0.013580606089161677,0.9844896441257264,2.274069867423331e-08,0.00016167138900284158,0.0008346240737025434,6.197179365331171e-06,2
0.0007915446154963402,0.016047983894699476,0.9821303623925258,2.1780611375406845e-08,0.0002096725016582687,0.00081447927374384,5.93554126518144e-06,2
0.003328232475604154,0.037994368559010505,0.957012461186586,3.526139629638595e-08,0.0005710912920175725,0.0010914659337404955,2.3452916449394256e-06,2
0.032947444682967994,0.058181685505025296,0.8550643461232008,8.642807729200376e-08,0.0037107403971885196,0.05008994715020721,5.749713332821481e-06,1
0.0026507393979470785,0.014085215050825781,0.9799162759835125,2.3597931550406752e-08,0.000570211392124707,0.002775783231232369,1.7513464261534806e-06,2
0.003338771009138066,0.015776177820044517,0.972636016605538,2.488191230760868e-08,0.0006722772610481793,0.007575054361125659,1.6780611933962562e-06,2
0.0038335462166068346,0.048630337037375064,0.9138175769637066,1.3975031757438623e-07,0.0006651047685268558,0.03303118564580564,2.2109617661543085e-05,2
0.0018968275953617831,0.04691320408452594,0.9466001279839852,8.592486937393521e-08,0.0007826031193979525,0.003793971277803106,1.3180014056830684e-05,2
0.0008860798561067532,0.04328238406007621,0.9472060126693157,6.860410994030824e-08,0.000524883825844677,0.00808960809902385,1.0962885522742052e-05,2
0.004283910600614163,0.053731086682318546,0.26969311211918895,3.684444698683178e-06,0.0010655622780090977,0.6712168670656133,5.776809557344637e-06,5
0.0013600614849937857,0.04897418469862969,0.8495537185474769,3.1575263506165256e-06,0.0002624820858441927,0.09984140914620916,4.986510495684057e-06,5
0.001722084892280495,0.058931028108778226,0.7061731179848781,4.311336572270072e-06,0.00035799632909991704,0.23280489595103743,6.565397353434382e-06,2
0.0007824156060915119,0.030498302722061145,0.6117394249745746,2.148565383004987e-06,0.0010019229701480098,0.3559724433099653,3.341851776355447e-06,2
0.00040316546891210113,0.015927114860062885,0.8783548214819438,1.2667900915348042e-06,0.0005101495479770289,0.10480179654699977,1.685304013043319e-06,2
0.00033358665966797544,0.014639072929550445,0.922040509524331,1.0903917165135124e-06,0.0004698178834669824,0.06251432029056359,1.6023207034372828e-06,2
0.00042448975001436296,0.04324690453382921,0.9334008324219242,1.2650315238065084e-06,0.00012098755376692817,0.022803578909875707,1.941799065965785e-06,2
0.0002849352842496189,0.017589909522047278,0.9655773019196919,9.406847042019507e-07,6.591716835117439e-05,0.01647964244227096,1.3529786848262893e-06,2
0.00037587448701866503,0.02320385920513844,0.9565195291293815,1.2409111829353433e-06,6.571989866752604e-05,0.019830410610677692,3.3657579333996143e-06,2
0.05799265538347155,0.29014964868132326,0.6121396526102827,1.3793232677767655e-263,0.014121993765713972,0.025565019008946192,3.103055026230014e-05,5
0.037238867864842574,0.2680423906184585,0.6855615487134106,1.8316781867889086e-07,0.006756062147483859,0.0023307017325009316,7.024575548482797e-05,2
0.0018216050146526068,0.12550249462340063,0.8709349521213706,3.168508503045473e-08,0.001521852252603715,0.00020599351315736024,1.3070789730190043e-05,2
0.0006599465269139268,0.03734229177195553,0.9541345807190313,3.338564096108937e-08,0.0070688088160030475,0.0007934208251694219,9.179552855384715e-07,2
0.003525441590973809,0.23779137080784649,0.7108267571696084,1.998986909384131e-07,0.03358991623384072,0.014257878663638016,8.43563540154682e-06,2
0.004616865226223578,0.35944496081889765,0.5425084372767986,2.7721055235318555e-07,0.03421206847407333,0.05920569283206026,1.1698161394330159e-05,2
0.003361194675819741,0.3552972373241854,0.18967687064402575,3.099982490263125e-07,0.01101439621526123,0.4406076486572401,4.2342485218822406e-05,5
0.02334695120056096,0.07370756879219978,0.0569141787936801,1.4112187985451817e-07,0.0018781710171299722,0.8441516396127323,1.3494618170529275e-06,5
0.0018116393523029209,0.013541809667846282,0.980826758292776,5.7448125029487245e-08,0.000630527546586536,0.0031824152682110676,6.792424152275557e-06,2
0.0007532116166849361,0.012274419256197737,0.9860795850741428,1.8472728042862007e-08,0.0001163244099803679,0.0007705718986239769,5.869271641983313e-06,2
0.003445000995745554,0.03794555841126882,0.9567723921990091,3.9606183699045815e-08,0.0008258438242510161,0.0010000890049127206,1.1075958629010714e-05,2
0.015334035482318584,0.529381413643812,0.36670183582086524,3.1020761047474003e-07,0.0023936469856906816,0.08617107729780966,1.7680561893364983e-05,1
0.011206888646921206,0.04633080919041935,0.9270607240893114,8.505573121781207e-08,0.002114936569918807,0.013279136435804847,7.420011893264889e-06,2
0.006695827423252795,0.020637604905765466,0.9696832256001273,3.235110310178669e-08,0.0004726345963349758,0.0025049146285847103,5.760494831667692e-06,2
0.0023414381309449324,0.026202926640780763,0.9513621415969955,6.547830311384501e-08,0.0003885460535237496,0.019696424340582594,8.45775886933921e-06,2
0.0061509256854398,0.07028344570353903,0.8923193029823454,2.8276758377011775e-07,0.0005862690859895609,0.030639537904716643,2.02358703855636e-05,2
0.0034153706081951713,0.49999962616449684,0.47594725718237413,3.17043303183521e-07,0.012648978528555397,0.007985464002428565,2.986470646764172e-06,2
0.0009140493588267587,0.09887484501084985,0.8261107286665706,4.101671591315676e-07,0.0003012999618355812,0.07377489675278316,2.3770081974819715e-05,5
0.0009224271705079887,0.08320064023421668,0.10105310397728595,4.139473323991148e-07,7.077779087127283e-05,0.814745438918545,7.19796124068123e-06,5
0.0011017731203598546,0.08204480748018078,0.07922449110547082,5.363773237284067e-07,0.00010223330264539171,0.8375163065462773,9.852067742328103e-06,5
0.0035594438112632825,0.04323215459045194,0.14581040804733955,3.7018812524958635e-06,0.0006328123583597915,0.8067568312772199,4.648034112902236e-06,5
0.0015773372264324666,0.05291030485227466,0.8244672545320215,3.352575023604285e-06,0.00013845559743105726,0.12089907277786831,4.2224389483229074e-06,2
0.0013684289287595485,0.05619342329646886,0.8377745537827915,3.590049270829708e-06,0.00014704685629635721,0.10450847264241256,4.484444000636017e-06,2
0.0005786414936933051,0.03295899720299683,0.8027162709066681,1.9904373101156345e-06,0.001175469651089617,0.16256621148295422,2.4188252879547048e-06,2
0.0005852145325957128,0.03503848492532695,0.7495902451365196,1.321238668571886e-06,0.0007797784042427394,0.2140023797265034,2.576036143060505e-06,2
0.0005186408693864913,0.03250545226571807,0.8774883251948725,1.4078768798389918e-06,0.0005757070917343447,0.088908249354024,2.2173473848213254e-06,2
0.00048114560290148675,0.03312804525504019,0.8760247560875829,1.5434064536944096e-06,0.0005500330665881642,0.08981221676409841,2.2598173349514297e-06,2
0.0022706781069746084,0.24045264088238785,0.3732902415656135,3.122729044690083e-210,0.0002299405455881412,0.3837391960813198,1.7302818115965084e-05,2
0.0035135076854928117,0.2662505896186555,0.3699979375716806,5.5403818343604014e-210,0.00028749026184499664,0.359926123503025,2.4351359301077065e-05,2
0.0049109103866420666,0.10499075485543241,0.8888868642900581,3.7464077224261216e-08,0.0008570364041449611,0.0003389418493938935,1.545475025120652e-05,2
0.003373673080691792,0.10288371520119179,0.8919900535556289,3.671221772549149e-08,0.00144727946881869,0.0002900973896672667,1.5144591783725101e-05,2
0.0007964169958682855,0.045125112658493824,0.9442418927314393,4.028946406264794e-08,0.007627031873933816,0.0022078052534268582,1.7001973737833593e-06,2
0.001547354500120777,0.10122872903511379,0.8697360438733291,9.267963992448882e-08,0.016878943539597506,0.010604925332822547,3.911039376393402e-06,2
0.003241299059964337,0.3115709477339942,0.6351087147415311,2.6223316610048075e-07,0.007395093913872636,0.04264786403787041,3.581827960116038e-05,2
0.02337811426752712,0.07291144190234511,0.7945350621569819,3.027260026707747e-07,0.0025147853329080742,0.10662448180416809,3.581181006717512e-05,2
0.0008855791654038188,0.013915760783847105,0.9839235297323794,2.1719079632533536e-08,0.0001367669744127119,0.0011314409019370316,6.90072294040315e-06,2
0.0007346752915382493,0.011845428273020157,0.9864747834679051,1.801811942323416e-08,0.00011346169910585618,0.0008259084197866244,5.724830524613325e-06,2
0.0005372938607614734,0.014185018307257111,0.9840503578172775,1.869016751933016e-08,0.00015543501706549807,0.001066721590397583,5.154717073326548e-06,2
0.005910322657879497,0.0663424744752676,0.9227390728157833,7.594393040090855e-08,0.0015990328565081778,0.0033981348513776894,1.0886399253474147e-05,2
0.018123812804989894,0.45523808187454534,0.32715968632148473,2.776311306081637e-07,0.0030192570048486176,0.1964486491946242,1.0235168376562092e-05,1
0.001942712411824354,0.016410003870357355,0.9798350390952434,4.256945637796718e-08,0.00036584806505708586,0.0014426191761928513,3.7348118686967025e-06,2
0.003835996931694667,0.0466583367784084,0.94215861783505,2.1508123613715814e-07,0.00041140418290180344,0.00692003720001892,1.5391990690052626e-05,2
0.002702923809316496,0.05326407272901871,0.9369264634299715,9.935939024464397e-08,0.0038123440024719663,0.0032788559348770918,1.5240734954201507e-05,2
0.0009030256466635885,0.0440195358599755,0.9446618443282556,7.607292080055063e-08,0.0009194894321450222,0.00949355704287496,2.4716171644049594e-06,2
0.002602179122964208,0.4647345516174945,0.23926953188604885,1.136916405856998e-06,0.0004990022561210439,0.29287619010285537,1.7408098110274774e-05,5
0.0009007017830758591,0.0963266975691452,0.03935757103840958,4.0419787308091806e-07,6.9110802975175e-05,0.86333848617665,7.028431871127721e-06,5
0.0015072350680024537,0.09049413303577292,0.08879259732781741,6.173324918943804e-07,0.0001258781309339058,0.8190635164678716,1.6022637109865926e-05,5
0.0032448822474570836,0.19886122133381634,0.31909291758937347,3.3873777564114566e-06,0.0008358210441034859,0.4779569969956425,4.773411850826511e-06,5
0.00044711988146181294,0.028075921129507953,0.8964421954118477,1.6407858866349017e-06,0.0005403609184971541,0.07449084668423929,1.9151885592627373e-06,2
0.0020973326843855855,0.10485861137065179,0.6479068500537786,1.6725529758284735e-210,0.0002915285757435868,0.2448362781151812,9.399200259431077e-06,2
0.0019090053961008811,0.1315957403280152,0.4905135034694927,1.981574505842205e-210,0.000243527454448702,0.37572103108273947,1.719226920306372e-05,2
0.0033627855433430182,0.20644216522085893,0.47122558028755474,4.610463611873554e-210,0.0004241840162146629,0.31852316486267157,2.212006935698212e-05,2
0.003713331872395251,0.2085522956423093,0.4760421710807514,4.657589059884605e-210,0.00034284879336274506,0.31132220738108135,2.714523009982545e-05,2
0.025108142943795927,0.18745648497625153,0.7505182271377294,1.2258363251134047e-07,0.004434033386524768,0.032435977548673105,4.7011423392716314e-05,2
0.02273855674399554,0.1915292589825891,0.7794750918935826,1.3657711173420395e-07,0.0041843834216395365,0.0020201943898771725,5.237799120447009e-05,2
0.010835674738466812,0.15996022022787493,0.8252654029164254,8.888396037858543e-08,0.0028848912277050116,0.0010170554302567953,3.6666575310697774e-05,2
0.006535569629470918,0.14426261623200845,0.8474293616063993,6.080981177342213e-08,0.0012339859542931668,0.0005133203922802479,2.5085375736213652e-05,2
0.00380987767350739,0.12860651865247344,0.8617849466572465,4.488172016652127e-08,0.005438135638172769,0.0003560383207370381,4.438176142757537e-06,2
0.001476477863452032,0.0641789523847256,0.9178319390220131,5.813963005350094e-08,0.015182029290716527,0.001328944720577615,1.5985788851280184e-06,2
0.0006274006473546167,0.03222449198163776,0.9600234326031788,2.8810104265224195e-08,0.006191833142993138,0.0009318248170808174,9.879976504197921e-07,2
0.00044543591188672856,0.026079782275395164,0.9680079022932259,2.3316465221441628e-08,0.00460763970191181,0.000858373269040672,8.432320743016969e-07,2
0.0010796324512746195,0.07549170346127768,0.9046433686886581,6.74928824050388e-08,0.012776798533891097,0.006005581202548538,2.848169467721991e-06,2
0.0009443344235762612,0.07245079628838764,0.9076729032690072,6.520340137049514e-08,0.012343386344588229,0.006585762916647684,2.7515543914776113e-06,2
0.0010184302028559663,0.07511444763786097,0.8965566239275902,6.850877627639855e-08,0.009875671011153251,0.01743186767202842,2.8910397349820007e-06,2
0.004952855118479771,0.26547469122714584,0.017822950521619616,1.1761728590474615e-07,0.0009361020427924126,0.7108053484533268,7.935019349776382e-06,5
0.003414271632769101,0.13114463413770286,0.00790585059824098,6.016308210343147e-08,0.0006587043918716913,0.8568725591726895,3.919903643890585e-06,5
0.0011892182426157675,0.013876700251681218,0.9835426896901102,4.4960932413014787e-08,0.00022990166970689497,0.0011540104230673236,7.434761886055273e-06,2
0.0006006016390737951,0.01109667675831628,0.9875236271845815,1.651785208375782e-08,0.00011077778530946218,0.0006630492104394445,5.250904427307651e-06,2
0.008225366811598342,0.25638791607243444,0.6041244891069926,2.2635941162506116e-07,0.0018477001049181535,0.12938686672382008,2.7434820824805517e-05,2
0.007849411001150412,0.04917324926550337,0.899532540249115,1.3018055021725837e-07,0.003577927465333756,0.039850661563944574,1.6080274402699238e-05,2
0.008055423738512684,0.027046610566311455,0.9524556993248244,1.2322593665549585e-07,0.0012210827294825994,0.01121197219551328,9.088219418590156e-06,2
0.0006906657139508207,0.01306936141034367,0.9799643032320862,3.26589323270102e-08,0.0002492342973856212,0.006023545435054241,2.8572522473995495e-06,2
0.0014860077845593926,0.029678784248583133,0.06828064384751982,1.396187523355167e-06,0.00018669149712545062,0.9003639836231924,2.4928114963810122e-06,5
0.001216195850977295,0.058636874261513754,0.8783104098651654,2.6478012474335287e-06,0.0001222040788458691,0.061705035692741037,6.632449509300452e-06,2
0.0005273664858707585,0.0333704774637144,0.7277254597574172,1.527961156524163e-06,0.0008351267479602922,0.23753750827784254,2.533306038308121e-06,2
0.0004315440562696033,0.024876848568268824,0.9295734809817027,1.5753862088912594e-06,0.000923142848245431,0.04419150856005629,1.89959924840318e-06,2
0.000584587112483465,0.03858067124670049,0.8458048221737859,1.4155881409848348e-06,0.0007754504138151415,0.11425006679048592,2.98667458820199e-06,2
0.001197770754743655,0.07731720539762392,0.7116557057159656,3.041764342044178e-06,0.0011486173355576199,0.20867255000739549,5.109024371829134e-06,2
0.0021430020929128395,0.14453943910404635,0.6478810469109744,2.271089988258772e-210,0.00027239396964966455,0.20514174108209401,2.2376840322927474e-05,2
0.011381650393945317,0.12482125724279058,0.859076012057411,9.125571567364819e-08,0.003348867904937478,0.0013344761690194556,3.764497618048989e-05,2
0.00479829508683213,0.19552256791045666,0.7862643508469418,8.41829881979399e-08,0.010659740269876273,0.002746632815595854,8.32888730906387e-06,2
0.0005747137517277839,0.04201836793200179,0.9469158110535091,3.7566257425107783e-08,0.007111512883869038,0.003377971533363997,1.5852792709707748e-06,2
0.0008564929143642407,0.06261975513673679,0.9192499504934302,5.598479800954506e-08,0.008335683145938409,0.00893569979128193,2.3625334504229814e-06,2
0.002215342932895168,0.1819678317415265,0.7852661357237275,1.5817888095618788e-07,0.006327366573667237,0.0242139478600295,9.21698927338359e-06,2
0.01028608342636184,0.09913146386073052,0.03824497643836004,1.298003317452122e-07,0.024960970611417,0.827374920972008,1.454890790676436e-06,5
0.0019156862954987494,0.053476775145489305,0.052227494495763256,7.379142563577041e-23,0.0002767223226020499,0.8921015196835069,1.8020571396501684e-06,5
0.01873167939804426,0.0849634625350111,0.8086926387454972,4.086084924676789e-07,0.0007727238708114796,0.0868090556545666,3.0031187576949695e-05,2
0.00396925973892939,0.025114166733245024,0.9646671306636847,8.207169945077683e-08,0.00023045913246716503,0.006009325159211053,9.576500762965922e-06,2
0.000797840913735327,0.01309459649452638,0.9850497403654143,4.008790066990736e-08,0.00013131190720580552,0.0009207875304265577,5.682700790922737e-06,2
0.0007037910568199887,0.017626403218335467,0.9792136425286486,2.8209671528096786e-08,0.00018750278321499973,0.0022618801369981233,6.7520663115394825e-06,2
0.0058867302507753395,0.2460346290259724,0.629998316122508,2.896738361272035e-07,0.0011857608478988459,0.11688427169276981,1.0002386239413996e-05,2
0.003913844115529937,0.027826216746980617,0.9603027656021338,7.580925779704798e-08,0.001415329293757307,0.006531066353961636,1.0702078379279372e-05,2
0.002448595615390087,0.020988272249765027,0.9744319703696381,5.537519747084471e-08,0.0004081187150683478,0.0017151702958921866,7.817379048712058e-06,2
0.0015069151825001718,0.014292375047903419,0.982607921949595,3.967120293295644e-08,0.000391330891178198,0.0011990023163706148,2.4149412496784077e-06,2
0.0006694298210208959,0.0355948771263683,0.9584710543966934,5.119712964302824e-08,0.0004512836416278026,0.004805038334088384,8.265483071630636e-06,2
0.0035058169537662944,0.10978829499158393,0.37475909112691086,5.135109662617949e-05,0.001113020334614325,0.5107774098880865,5.015608411978134e-06,5
0.0005837887841616599,0.038573514890540235,0.8446497677262252,1.1844140133153232e-06,0.0008161580609679505,0.11537260352818889,2.9825959028172777e-06,2
0.00043709568146427073,0.02803666814435084,0.8923573191962169,9.368312667574435e-07,0.0006092361551254011,0.07855657612972108,2.16786185477995e-06,2
0.0006903931136593989,0.04519144127462776,0.8458988141620406,1.4026190116903104e-06,0.0007307421520333761,0.10748454351693712,2.663161690041463e-06,2
0.00028214889557381955,0.01387949506564626,0.9501421658338737,2.183866755598016e-134,5.944876205926323e-05,0.03563512333745015,1.6181053969124257e-06,2
0.0003084107133318176,0.032043240888122416,0.9203491618355292,3.3261592860868833e-07,0.0002070160967957469,0.047088240083957275,3.5977663351572695e-06,2
0.010354275376377089,0.2576532426510205,0.0053570124751278056,1.786838519625929e-07,0.0021796347380433193,0.724452822075397,2.8340001823495806e-06,5
0.007777907738325722,0.10295621743009475,0.0025233328145313097,1.2328362448252465e-07,0.0017351055071055414,0.8850063233753634,9.898509547311084e-07,5
0.028530142493280716,0.22554729682282817,0.726475988588014,1.4611785206531485e-07,0.005088958370374115,0.014301430695806049,5.603691184499136e-05,2
0.013930061817415455,0.14678606027542318,0.8342385150103757,1.093516269805409e-07,0.0033356097220754127,0.0016677069386122536,4.193688447100802e-05,2
0.00406929156253049,0.1176769651883904,0.8762632989256898,5.787396108492083e-08,0.0012118585885017334,0.0007546410722879271,2.388678863855371e-05,2
0.003857204507645988,0.14156191421826292,0.8522254482326104,4.008357842769185e-08,0.0020050208531236643,0.00033383675305840156,1.6535351720166165e-05,2
0.0005313105208428452,0.04043052535216442,0.9493926947807797,3.344209650540632e-08,0.006842774150790609,0.0028011363805683074,1.5253727574323515e-06,2
0.002616411823916841,0.22254933319276823,0.7372142341104715,1.9345509667874088e-07,0.007332750844451091,0.030275804059922196,1.1272513373408002e-05,2
0.0020929552752186296,0.17724079934693612,0.693907141975011,1.547511983436784e-07,0.0065430024826009054,0.12021016840936616,5.777759668789098e-06,2
0.010467146241935465,0.22741041109718632,0.16172687997633292,2.295004755236746e-07,0.0029264989499363965,0.5974663274893651,2.5067447683332565e-06,5
0.0014863883281434574,0.07673425892200016,0.06390459259295538,1.4921394832041883e-23,0.00037836883943087867,0.8574935737048823,2.8176125877607787e-06,5
0.009075798080871526,0.030892499817715923,0.951318605962854,1.3886300354796937e-77,0.00022504620846467555,0.008475915194999876,1.2134735093809322e-05,2
0.0020227706106819465,0.016410885292526777,0.9785727542233522,4.9886134005125546e-08,0.0005499985257255713,0.0024356890165149695,7.852445064412469e-06,2
0.004572644531502995,0.15916774902731395,0.5896843668084778,9.215396468023793e-07,0.005219923971393082,0.24134042587118837,1.3968250477119518e-05,2
0.001678195499843974,0.05441048128667746,0.9402133224285046,8.444246609319236e-193,0.0014151750778367352,0.00226896270354952,1.386300358773932e-05,2
0.0017323140410662387,0.16465264945780336,0.5060124578513797,7.136789106012216e-07,0.0003642221990627745,0.3272215598063195,1.6082965457634875e-05,5
0.0018211894577744388,0.13112744803062212,0.5052586923461359,7.63576742623627e-07,0.00044048796114766345,0.361335359619602,1.6059007975173927e-05,5
0.0017152322593707058,0.07824367638620952,0.47343020785387224,6.618255375039009e-07,0.00035380550813796975,0.4462439935582425,1.2422608629568782e-05,5
0.0018195059524138966,0.06099666356688433,0.5526732627705818,2.389763795968714e-06,0.00023746817909266424,0.38422115503132653,4.955473590485964e-05,5
0.0009266933847964789,0.048228052911759856,0.9150932056364768,2.743635509773587e-06,0.00010465859578301484,0.035641079159922845,3.5666757510156493e-06,2
0.0006431769906569576,0.03350859774267325,0.9237856135447916,1.557432086738051e-06,7.419875718675017e-05,0.04197902227057677,7.833262027833775e-06,2
0.0006235444685497687,0.03248577152917334,0.9203633327378341,1.4036861423351973e-06,7.762437367649985e-05,0.046442205032742295,6.118171881854024e-06,2
0.0009278778648212631,0.039245858014591496,0.9053098465944569,1.7220259425423659e-06,0.00011048824085128189,0.05440039266302622,3.8145963104084853e-06,2
0.0011089364711269927,0.05854528786327671,0.8548068829108245,2.2774137794762287e-06,0.00013562609370612233,0.08539630676892782,4.6824783584242145e-06,2
0.0007763783196239283,0.050405861891417714,0.818530168181282,2.5717797084577694e-06,0.0012190799669473894,0.1290620013838604,3.9384771601887e-06,2
0.00044473322446507944,0.029111146966342386,0.9078381036607202,9.353767651297021e-07,0.0004969841958501173,0.06210611952090065,1.977054956388884e-06,2
0.00021021918889882295,0.02175838992585616,0.9456214827671394,3.5852581210458927e-07,0.00012214033356843423,0.03228270070559245,4.708553132626166e-06,2
0.0004575571011703892,0.03018647301596603,0.9153195411416973,1.5245257344334923e-06,0.00023099489092667097,0.05379453670124183,9.372623263115371e-06,2
0.008586858862413067,0.11991127555746313,0.001877211074133266,1.2094937328807306e-07,0.0011138286603326853,0.8685097337871601,9.711091243938796e-07,5
0.0038893555295421173,0.20786274638236094,0.7805188746709548,6.138208143230642e-08,0.007142500049253887,0.0005756597900866694,1.0802195719977149e-05,2
0.0014680725730752617,0.06118771357662499,0.9325624681777949,2.7265466977508277e-08,0.003935486058434611,0.0008418770849718757,4.355263631557016e-06,2
0.0013827837923964846,0.057481442061882174,0.9365610673859867,2.561393895516516e-08,0.0036971051969438857,0.000873371977960242,4.20397089170265e-06,2
0.0006268321968209257,0.04735476752172498,0.9403626704589076,3.916948126838595e-08,0.005654467451964279,0.005999436588839941,1.78661226098351e-06,2
0.0021207482805801793,0.1805998147033254,0.715430902602566,1.5680618773413386e-07,0.006272457010793739,0.09557070567596337,5.214920583645648e-06,2
0.001261398006135951,0.11766040879612115,0.038107575021526466,4.99007218569597e-08,0.0006403461806002178,0.8423268555557801,3.366539114186506e-06,5
0.011350453720930208,0.20857154875402495,0.20440659681107778,1.964416358164264e-07,0.003586669105389532,0.5720825343191611,2.000847780571348e-06,5
0.0013535766170955474,0.01882408828393589,0.9766296231054742,8.282858869558328e-08,0.00011743912589796595,0.0030688575942527377,6.3324447549802815e-06,2
0.0012507186367819606,0.014885651779574564,0.9826224045827135,5.5306587872192067e-08,0.00012421122408905712,0.0011105050449615325,6.453425291537287e-06,2
0.0006342582361651405,0.012532922360813062,0.9844535801879051,3.1889597121634914e-08,0.00013355555193462606,0.002238913086376246,6.738687208743403e-06,2
0.006001194555248313,0.17022232353181962,0.639006879623435,1.796224639032093e-07,0.0005587676407413556,0.18420383567503157,6.819351260238023e-06,2
0.0022612095788937486,0.01728788578835893,0.9780902719196956,4.796494958017201e-08,0.00017937111488399097,0.0021757344414282047,5.479191790015165e-06,2
0.001001005286247948,0.013470889439016653,0.9826215489891265,4.517688078184819e-08,0.0002157548230063462,0.002683826604849712,6.929680872219573e-06,2
0.0033571679764323116,0.35816900987245404,0.17317775575689556,9.35804465135129e-07,0.0005683127630707286,0.46472163664304916,5.181183633076493e-06,5
0.0013704531767238567,0.13025856810960176,0.5558952953373704,5.645994357883667e-07,0.0002881402897546809,0.3121671763092042,1.9802177909281224e-05,5
0.0010626359178335441,0.05928635852912028,0.5343812846312241,5.538437044923394e-07,0.0002956687423235979,0.4049640855466318,9.412789161954118e-06,5
0.0006476342664838052,0.041779102258342936,0.8381933034982146,1.8116146904127777e-06,0.0010640569798123643,0.11831065373748925,3.437644966494001e-06,2
0.0003572678801658944,0.024156929238069894,0.8996517434852493,6.11057724231681e-07,0.00033740566082989556,0.0754941831720151,1.8595059454632845e-06,2
0.0004108115185055773,0.02892933993999614,0.886863192578251,1.4197911851956755e-06,0.0004943008194148594,0.0832989070621064,2.0282905408448816e-06,2
0.00024255923678002727,0.01617195894691224,0.967293540632995,5.841119568825932e-07,0.0001927401576265578,0.016095962959564284,2.653954164895907e-06,2
0.0008339401402953925,0.07849171243665272,0.7390153076605523,3.458498725060748e-06,0.0005356978378410279,0.18111231057981392,7.5728461194062224e-06,2
0.009033762344639876,0.12174384750141158,0.0011095370941860635,8.557958083181698e-08,0.001097745529122542,0.8670136646233262,1.3573277328582783e-06,5
0.010602447155533365,0.11431495016446634,0.0011860613879834242,9.609390658996e-08,0.0015749558815703853,0.8723205572550783,9.320614616584213e-07,5
0.0029001139548323375,0.15297867601101955,0.8401322722499542,5.086117302945047e-08,0.003243740101887968,0.0007241654762048747,2.098134492805621e-05,2
0.0017784118877599434,0.0707815192755611,0.9212463856283988,3.1540501574860946e-08,0.003580643180973839,0.0026078317995817217,5.176687223410374e-06,2
0.0028914081009758976,0.0935552523040607,0.888974143828423,6.393429376609361e-08,0.0018008270713619923,0.012768596474859296,9.708286025546209e-06,2
0.0033040189103709407,0.08771672796592651,0.8756478613691024,8.234619244399888e-08,0.0021159406064050644,0.03120551443197665,9.854370025915137e-06,2
0.0018925750790121999,0.09241047875443338,0.11627223118948081,1.4691222942029471e-22,0.00037654516343750777,0.789044925950815,3.2438628211202813e-06,5
0.0032113361239509896,0.050737265901970856,0.4254711037053658,2.984478024184728e-07,0.0004925069608468028,0.5200762820502156,1.12068098474023e-05,5
0.0008254059446263749,0.010853130379497672,0.9859784893653829,3.0915084773919885e-08,0.00012947423557400375,0.002206936399776849,6.5327600574137246e-06,2
0.002693172370592277,0.08815672068042485,0.8073827930136602,5.117101590441567e-07,0.0013050424069581256,0.10042360166737803,3.8158150827485067e-05,2
0.0018148260143010647,0.3428960574548405,0.6053202399107032,1.0281213582021926e-76,0.004497357591973391,0.04546256386334503,8.955164836984999e-06,2
0.0006925124054334149,0.124714040781698,0.3689163055153426,6.980664524745397e-07,0.0013075283053118314,0.5043664067612216,2.5081645401306587e-06,5
0.002544967559517223,0.23910599886184875,0.16246254690260775,1.0472137062516542e-06,0.0003742694825937506,0.5955023390847601,8.830894966168406e-06,5
0.0011367133787431756,0.026908036158004196,0.5778434725992107,7.367591681654698e-07,0.000254299806241581,0.39384936810832494,7.373190307229924e-06,5
0.0013428837354578812,0.033472483303798324,0.6544648762919674,6.964758570433211e-07,0.00020307081492897697,0.310500559010592,1.5430367398431674e-05,5
0.0027335918988775805,0.0889818131887347,0.5434210828459928,2.2574852965213285e-06,0.000343478655860324,0.3644454855736835,7.229035155452746e-05,5
0.0008408161361161541,0.039678673546230406,0.9105921308038107,1.2816174261760567e-06,5.7121717378810026e-05,0.048814891174190626,1.5085004847211102e-05,2
0.0008186051175287682,0.043803776249101804,0.904357267182009,1.3322918454961624e-06,0.0001001580982410177,0.05090170491352279,1.7156147751111415e-05,2
0.0008097070234896718,0.05232574597902546,0.8322699781639863,1.8951997403778919e-06,0.00040603995233640984,0.11418268077059826,3.952910823538095e-06,2
0.0006224068319004068,0.047001391744247396,0.8310589500075459,1.741046480146753e-06,0.001022608543186295,0.12028959808898507,3.3037376549120785e-06,2
0.0006444763231499961,0.047772547993394955,0.832646725033594,1.934498457908498e-06,0.0010393865776070807,0.11789157163140716,3.357942388933416e-06,2
0.0005113466762126421,0.036270458485494324,0.8618058509922875,1.3260120500252488e-06,0.0007487481740666774,0.1006596053685599,2.6642913289694423e-06,2
0.00035468283725049896,0.021891276554161686,0.9194808083776466,6.339898072904849e-07,0.00044755025584790385,0.05782345832618288,1.5896591030113553e-06,2
0.00036053603672772666,0.02357082676422381,0.9227625231703382,1.051658076709909e-06,0.00033761019745877,0.05296536033071671,2.0918424580309456e-06,2
0.022216884713772887,0.08819032047200566,0.15311055913174754,1.7494399158206768e-07,0.008865467948577972,0.7276095372092625,7.0555806418265655e-06,5
0.01176753658760212,0.3354988841100368,0.6475520099315747,1.3868772719526398e-07,0.004255694188354099,0.0008685247776280238,5.721171707713226e-05,2
0.001519126693895841,0.05913497882304181,0.9363681341118534,1.6097443694319833e-08,0.0024186818882720733,0.0005490008217461948,1.0061563747161038e-05,2
0.0020077247569681446,0.08088170582554437,0.911759517278331,3.51466467309043e-08,0.0045623714848112285,0.0007774309689811089,1.1214538717233149e-05,2
0.002534098086873001,0.07726617743396014,0.9051311773681403,2.9696312139834906e-08,0.002614459726486569,0.01244528615380703,8.771534420684934e-06,2
0.00587516406907425,0.22481204844911457,0.1574781497546887,2.1728318751506596e-07,0.002306788217696972,0.6095254755817154,2.1566445225738353e-06,5
0.00100604706549978,0.04882899615380156,0.08703222313876904,1.5744786596498208e-07,0.0001398692359628665,0.8629920869179853,6.200401153695806e-07,5
0.0007808088504817716,0.010266730341493094,0.9865212793749971,3.5014642452128345e-08,5.7916662722522455e-05,0.0023679293248332926,5.300430829749321e-06,2
0.0007774419102983208,0.010331246874938874,0.9866167697890492,3.4754188732139964e-08,0.00010038837940704596,0.0021687845531742455,5.333738943582057e-06,2
0.001336130676230507,0.009094395102301582,0.9852819929089537,3.9395654396554594e-08,0.0002017413942331296,0.0040820992524132705,3.6012702131503873e-06,2
0.0029636113332158326,0.02770293865229534,0.9607879723795746,1.6630820850789686e-07,0.000719299866864406,0.007820239779550518,5.771680290791566e-06,2
0.0016911899866105234,0.08153525698726626,0.8710410198721237,3.4496769664407083e-07,0.000661866125700036,0.04506509320776928,5.228852833363439e-06,2
0.0015531369674289292,0.038713218306312094,0.8012359710508125,6.830909696284239e-07,0.0002387051188220528,0.15824043918946978,1.7846276185140416e-05,5
0.0019523606947110055,0.05032270931680201,0.7382232269487785,2.157396123965963e-06,0.0004983093872827176,0.20899795722191994,3.2790343819905347e-06,5
0.0007546331682930887,0.040380620333587816,0.9169908009974503,1.1303415548164178e-06,0.00010917932722422029,0.04175603079238261,7.605039507062817e-06,2
0.0005729248713411277,0.06599437158149232,0.885779902334602,7.302084833889561e-07,0.0003532286701898921,0.04729604537047201,2.796963419235306e-06,2
0.0006865988616105071,0.050894929557969606,0.82135662557911,2.0609359743354355e-06,0.0010636084170896594,0.12599259923300382,3.57741524207826e-06,2
0.0007028458747090479,0.055334590627945025,0.8037583047471039,1.6729331790882158e-06,0.0010934048682500822,0.13910564848973145,3.5324590816017697e-06,2
0.00036647546813440706,0.02316687422746369,0.9128861062776644,8.893019228871904e-07,0.0004586373419048644,0.06311932139381973,1.6959890898665292e-06,2
0.0002397300276400002,0.014002041291494604,0.9617379541844024,4.815283767176853e-07,0.00016222487406944582,0.023854771522478595,2.7965715381669078e-06,2
0.0007666633198708647,0.04504172974358781,0.7771175088744058,2.4454206431603767e-06,0.0007330481945826972,0.17633415624001744,4.448206892372212e-06,2
0.017326218964770608,0.6649166055427947,0.005231044264677082,1.7435956415351955e-07,0.013772746078174669,0.2987457494499323,7.461340086345574e-06,5
0.021980950756361663,0.2654962225479646,0.6967496129144544,1.761158333346643e-07,0.0036421626313438192,0.012063298342773431,6.757669126857873e-05,2
0.026931815566145604,0.22326534626143366,0.7401950637280102,2.0184599081829218e-07,0.007191967581612896,0.002338196090834666,7.740892597225986e-05,2
0.003319973461122209,0.11331027800282621,0.8809365202183401,5.99251857797414e-08,0.0013736096654408155,0.0010348253198666326,2.4733407218254222e-05,2
0.00301168377364511,0.06780396032795195,0.9111203473938384,6.194161462192451e-08,0.002603332184717347,0.015441029498676598,1.958487955600757e-05,2
0.000571606259514398,0.07992316237090895,0.030820450548986186,2.4723800407827553e-07,9.957602852956105e-05,0.8885816174308819,3.340123174814469e-06,5
0.0005119986636180922,0.016189376770981014,0.9769523813097193,1.0533441869635055e-07,0.00010079881387670562,0.006238085650149022,7.253457236989928e-06,2
0.0011010275582570438,0.01183561292797474,0.9833736874756811,6.648187616514367e-08,8.774221420993957e-05,0.0035961273293156682,5.736012685239192e-06,2
0.0006865204486594032,0.010157539585520748,0.9853644615530621,6.120241568348786e-08,4.978725735572018e-05,0.0037363494486898226,5.2805042964751355e-06,2
0.004610261352673889,0.08116834024027243,0.6138439588277605,6.938832822791023e-07,0.0023444102880857813,0.29801475164540303,1.7583762522025462e-05,2
0.0007397879235549239,0.030481335593539233,0.9591723570614455,1.6407512800792066e-07,0.000486351028747242,0.009115368276110801,4.636041474355835e-06,2
0.0003948719916819115,0.018749924706787987,0.97250733101021,1.032591318417939e-07,0.00021491324038608211,0.008129573584900535,3.2822069016988594e-06,2
0.003889046048134831,0.10581739955407005,0.34274201057469594,6.57588308456658e-07,0.005933844181333325,0.541607673518398,9.36853505939627e-06,2
0.003168678093958302,0.10717624323548236,0.8502068443763001,5.835013392027128e-07,0.0025771859315367376,0.03686295623567272,7.508625710403161e-06,2
0.0008707045133659994,0.17572478159050184,0.7855258919563307,5.865480003174993e-07,0.003509124881755749,0.0343661086860798,2.801823965765294e-06,2
0.00046528346188015504,0.09750799520666623,0.8814886790636167,3.2689389921252347e-07,0.002023801013375674,0.018512352034382385,1.5623261796795735e-06,2
0.0004997130565205466,0.09854933042862202,0.8524362125583188,3.7745036225792606e-07,0.0023806075820428435,0.04613212934190973,1.6295822238485547e-06,2
0.002967597472904954,0.19231257847607267,0.28033136509957973,1.1318522521368855e-06,0.0003344811726042568,0.524042662274058,1.0183652528283918e-05,5
0.001706590708759859,0.04954123507608503,0.7339603429676277,9.249885235161052e-07,0.0003466166928651393,0.21442331384887656,2.097571726225705e-05,5
0.0016763443206947713,0.04166595704954087,0.8346559674117723,7.555834740487538e-07,0.00025206270152467895,0.12173177876871243,1.7134164280692988e-05,5
0.0018706848903255683,0.053877990254616294,0.7252121676318077,1.8509537908388644e-06,0.00047182700684141076,0.21856233740461511,3.141858002911552e-06,5
0.0007538599983966289,0.04025677368083789,0.9155633798647375,1.2877575701450243e-06,8.283000857323398e-05,0.04332610175798063,1.5766931903859986e-05,2
0.0010588585400992598,0.04698937844499959,0.9116735331894928,0.0,0.00013147669769872965,0.0401391948334982,7.558294211525141e-06,2
0.0002759784559270274,0.016719289632690638,0.8428066826565304,6.894129322635482e-07,0.00029800107013542676,0.13989792082950106,1.437942283217245e-06,2
0.0005501153803719487,0.04199647042364588,0.7497758931702301,1.2028637484183737e-06,0.0006509847763459814,0.20702238144496887,2.951940688628265e-06,2
0.0007938685184968139,0.06948935907645601,0.8023376802567469,1.0781790494319006e-06,0.0007359596281505249,0.12663684281007337,5.211531027067786e-06,2
0.002485167837696266,0.08367038488846838,0.5232437301949231,3.810612103628621e-06,0.0014222419720344543,0.38916598269978725,8.681794987025825e-06,2
0.0025243176178002488,0.08982336972828628,0.40835698306553236,3.6463567664469026e-06,0.0011627921326862415,0.4981151662664433,1.372483248514737e-05,2
0.002415007752215777,0.07723124140930862,0.35003925669833325,3.2165698300522665e-06,0.0011622540593283434,0.5691365513982553,1.2472112728684674e-05,2
0.019479677615516354,0.12303454568864895,0.1552388041763756,2.130465390158413e-07,0.00363004220441886,0.6985827827908802,3.3934477621234654e-05,5
0.013230966342879532,0.12612774917528163,0.8550441196798383,1.1905171873776882e-07,0.003320098587948804,0.0022336789845867813,4.326817774627814e-05,2
0.004389386589839713,0.12284216168797317,0.8691028000084069,8.708688030343618e-08,0.0017681410131339373,0.0018567563511349779,4.066726263096476e-05,2
0.003107847138779543,0.04239902636946631,0.8349081110891629,4.9062329406414774e-08,0.0012653739395058544,0.11830608991379006,1.3502486965978065e-05,2
0.0011840434821448033,0.07069338863431315,0.030900287291085068,2.3306014551900707e-07,0.0002170170036515456,0.8970040583386476,9.721900122895378e-07,5
0.0002757703143644192,0.010624274196434306,0.9830765697691695,6.701826956681098e-08,9.660724475858608e-05,0.005921261577004832,5.449879998829621e-06,2
0.0007480273453432741,0.019822631277986426,0.9571268967869302,1.337903788261806e-07,0.0002745020279598779,0.022021779196531043,6.029574870120197e-06,2
0.0018253740709882212,0.04218209297784665,0.9329738998479794,2.429962801244861e-77,0.0003720628999082262,0.02263263769582121,1.3932507456141032e-05,2
0.0004749555568428197,0.01605942060505272,0.9734003993283442,1.0893736080742271e-07,0.0003059335736583749,0.009755853194130058,3.3288046109009455e-06,2
0.0011174262116059109,0.03753093465988997,0.937649998563749,2.0908031393605668e-07,0.0008661020789841244,0.0228320080915651,3.321313891952501e-06,2
0.0015930919929387029,0.059945832856064196,0.9007009719834853,3.323642617613528e-07,0.001585506443730187,0.036169529229349635,4.735130169983584e-06,2
0.004252105717498321,0.1262273153492006,0.5161049087928458,8.963244631148511e-07,0.0036397326632660793,0.34976227138925975,1.2769763466437152e-05,2
0.0006202877486665923,0.17013067935694615,0.20456891158603005,5.36868876348837e-07,0.0008437794361946161,0.6238317117148996,4.0932883867621715e-06,5
0.0030335537654856432,0.3958056330629674,0.27135066064163305,1.5359903136650277e-06,0.000527201698240411,0.32926052826585217,2.088657550748501e-05,5
0.002239587909843605,0.34624885898809493,0.2412088800491075,1.3141456252101263e-06,0.00028758943878907543,0.4099932193737755,2.0550094764231555e-05,2
0.0008480970913731756,0.020791759889499835,0.9356635425700952,3.3068339295038644e-07,9.731241012124617e-05,0.04258436743368427,1.4589921833367194e-05,2
0.0005889485415001208,0.03995021354526431,0.916030133307713,1.2884140678739655e-06,6.545185327209233e-05,0.04334818936830994,1.577496987251746e-05,2
0.0004067717724060343,0.026456144689472796,0.7813820757862029,9.912914772695852e-07,0.0004282645853709681,0.19132368537324365,2.066501826418128e-06,2
0.00036875293018601043,0.02227615558827836,0.7815733035903792,9.188447166440303e-07,0.00029415288410884115,0.19548480030186477,1.9158604660619593e-06,2
0.0003645383544125152,0.0220215554536527,0.7840695081595817,1.1608528131819092e-06,0.0002907909321958258,0.1932505522837591,1.8939635848586306e-06,2
0.00043548362066727606,0.02351633792151345,0.702268645869986,1.386774203666332e-06,0.0005083550262002386,0.27326752822682554,2.262560604014988e-06,2
0.0005867098346125825,0.04177456147667355,0.8581176116126866,8.962932010003421e-07,0.0006679569008287007,0.09884932906652229,2.9348154751773786e-06,2
0.0026491390980925406,0.08893709228082912,0.403094306226447,3.704101637923552e-06,0.0015117662680900338,0.5037947637465473,9.228278356238001e-06,2
0.00789555274212616,0.12349931324056997,0.0011932843742753928,8.0485370675706e-08,0.0011888646685187876,0.8662221276042441,7.768848950367244e-07,5
0.005352265696365059,0.11797865310706011,0.002003292572059701,6.363210212803374e-08,0.0008445306699446215,0.8738201136262804,1.080696188144455e-06,5
0.01418617031725776,0.07417534507239,0.1277177530739628,1.7042123197281973e-07,0.003971969947841474,0.7799446961078557,3.895059460320985e-06,5
0.010944494958566288,0.12636730058002352,0.8444635075233948,1.9897959794202011e-07,0.0037545509889241307,0.014435447951880663,3.4499017612422205e-05,2
0.008719991260232988,0.09996679879660317,0.8851334352141293,9.293665632628337e-08,0.002916108720336317,0.003229813835906468,3.375923613519063e-05,2
0.006353306901783028,0.09112680508466958,0.8958326964772972,8.471833316877118e-08,0.0016571341775993807,0.005003059967411611,2.6912672906048485e-05,2
0.0041592355722485435,0.06186857360874776,0.9298163144939487,5.751768019072466e-08,0.0011052049207604382,0.003029720591931102,2.089329468331551e-05,2
0.0017947062031116318,0.03839114151532211,0.9524568013529648,3.6618244631709154e-08,0.001232948151810853,0.006111126949421805,1.3239209124116436e-05,2
0.0017229889952586513,0.03607042114338825,0.951877130953964,3.5154964314902744e-08,0.0011738856692673054,0.009142827918347748,1.2710164809834175e-05,2
0.0014648569740407446,0.03544921609582339,0.9464461759414623,3.584235532415171e-08,0.0009734008905493593,0.015653355566940003,1.2958688828749184e-05,2
0.0020478055081910194,0.052789697642157664,0.5343987148188909,1.4168057996014837e-07,0.0014379079119190455,0.4093159941746969,9.738263564370092e-06,2
0.006122912896461808,0.08288533299942592,0.641714008935229,2.483346149839335e-07,0.007111300555643743,0.2621571946076191,9.001671005460467e-06,2
0.0045604782763520495,0.09752642717936466,0.5555369856476045,2.821988194941721e-07,0.0044452300380825715,0.3379229175768056,7.679082971258613e-06,2
0.005640826208198068,0.07735132010041929,0.36854316872101767,1.921206733567307e-07,0.00037134524442946156,0.5480714662010233,2.1681404238774064e-05,5
0.0006622800133164433,0.08177724865156119,0.030068078095155267,1.9825492767529633e-07,0.00013050595682117836,0.8873583784509189,3.3105772994846194e-06,5
0.006295505731489435,0.41959368901886623,0.16170562597646748,1.1269465138905071e-06,0.000850476810087294,0.4115484991264491,5.0763901265800805e-06,5
0.000806816262998249,0.02754489164834547,0.9633510077126434,1.7079545762904794e-07,0.00022832724257838466,0.008056552095082313,1.2234242894494777e-05,2
0.0006763531209181806,0.01987352153233796,0.9681852977973098,1.5674557271140452e-07,0.00025459882123886026,0.010998573671142596,1.1498311479792756e-05,2
0.0014920409741266676,0.07973087946352729,0.9012300155703326,3.266959181473326e-07,0.0008781113116031079,0.016646647860967645,2.197812352469743e-05,2
0.0014276210643338273,0.06768601008632176,0.9239599356100248,2.05209652712664e-77,0.001337746018594837,0.005582267818233656,6.419402491250738e-06,2
0.001227368487864543,0.23343849206688952,0.711973419359168,9.377803590647011e-07,0.0039946066845110775,0.04936112902419022,4.046597017605539e-06,2
0.0012573855025420843,0.27882950039898585,0.544948683535933,9.397454584440393e-07,0.0027078123219929566,0.17225162129274493,4.0572023427450274e-06,2
0.0070159690808328035,0.0944651078946569,0.8900702167811674,1.620988331645349e-07,0.0024071521876059664,0.006012917160124358,2.8474796779553074e-05,2
0.005071560784161802,0.060950570577131095,0.9277311773207737,1.0893258761888159e-07,0.0018408392458465288,0.004385159858555526,2.0583280943851637e-05,2
0.005012496933970975,0.0602407347843993,0.9303531734110432,1.0760759808600279e-07,0.0018194006674543258,0.0025537430293201342,2.0343566214236262e-05,2
0.0022562755002995894,0.04612963926988909,0.9417195847499005,4.186322393850266e-08,0.0012030059518672851,0.008664933901209086,2.651876361019893e-05,2
0.0016484610718936912,0.02942357807955693,0.9640479886345181,6.551395465157319e-08,0.0009789895567232354,0.003889750873407947,1.1166269945078043e-05,2
0.0008787878915235641,0.03063034912449385,0.9496676561972724,7.338653173819602e-08,0.001297535942277846,0.017520863355692595,4.734102207845264e-06,2
0.0017367064481483205,0.042312323005639,0.923505928171488,2.7468550477131665e-07,0.00039779902527761746,0.03203803976160859,8.92890233367103e-06,2
0.0012069021814332624,0.02496090603144688,0.9556124366742941,2.0866281600030487e-07,0.0002707416295759605,0.01793919510234085,9.609718092765754e-06,2
0.0011318983565485816,0.0348138018659338,0.9241494487306402,2.3817835568529978e-07,0.0002624603867679531,0.03962884502874928,1.3307453004550289e-05,2
0.0033179671352904145,0.10637137591616404,0.6888835656751925,9.028652187527014e-07,0.002504522746786062,0.19889877407360573,2.2891587742540456e-05,2
0.00040252018307007723,0.01524465527937859,0.9771787938172756,1.1458058896218072e-07,0.00023289517292934857,0.00693799287949723,3.0280872602662663e-06,2
0.0008165959316184278,0.038249557118947994,0.949347237602181,1.8808207401402865e-07,0.00046191464357794794,0.011120230586381182,4.2760352195120155e-06,2
0.0010722052067959655,0.046187454038149944,0.9421168509374548,2.127579745067273e-77,0.0005727952584656508,0.010043546814381875,7.1477447514836766e-06,2
0.0014502124741893436,0.06802663373603093,0.9178150163426727,3.329014814820922e-07,0.0012561148799760792,0.011446907483587879,4.782182061690083e-06,2
0.0004325693138500871,0.03058796766005901,0.9402815676208545,2.05040100434275e-07,8.974574052582092e-05,0.028592199059532357,1.574556507786508e-05,2
0.02880743612709379,0.0860253855276185,0.07826624939544222,1.7389782794835804e-07,0.017281835831069375,0.789612430742354,6.488478594196283e-06,5
0.023372380985528168,0.1701160350818917,0.6601260080668615,3.264060868270591e-07,0.012796606712742947,0.1335366793748129,5.196337207606032e-05,2
0.012044783740905162,0.11631499479710904,0.6725420685249662,2.1966903220395928e-07,0.00861202754951168,0.1904509347295307,3.497098894497739e-05,2
0.0041457147898515245,0.05425460435371283,0.9382268836540388,1.0728126914745497e-07,0.0018412335882203581,0.0015101435647401178,2.1312768167242572e-05,2
0.0029909746788947273,0.04230863570858834,0.9484996625366443,8.582212452249672e-08,0.0017458142171539988,0.004429198155342364,2.56288812518085e-05,2
0.0030461119688942094,0.042731794713694315,0.9405642119634529,8.740421727692845e-08,0.001597995978331759,0.012033696633113088,2.6101338296635588e-05,2
0.002909941086214746,0.04236581302352148,0.9461733400983654,8.66556331516521e-08,0.0012459050455851496,0.00727903630049275,2.5877790187561786e-05,2
0.0024976682134018615,0.04064192085438677,0.9480549237435122,8.8284611357471e-08,0.0013142056106926032,0.007476145967864862,1.504732553021288e-05,2
0.001664789454124227,0.027527311086842556,0.9656321298070213,6.56216083723014e-08,0.001205590927344514,0.003964299829954287,5.813273104604958e-06,2
0.0011181153528602881,0.027484267376314424,0.9641221970082474,6.551899764122576e-08,0.0014689540044336353,0.005801636812879699,4.7639262667013226e-06,2
0.0012334539605990634,0.03191849846329865,0.9115778552798557,9.029597281247683e-08,0.0015079869486405656,0.05375884198943682,3.273062196458212e-06,2
0.005446786736347815,0.3736141927690271,0.3121929267905451,1.3242640532925289e-06,0.0005515226991216345,0.30817489324518077,1.8353495724191024e-05,5
0.0007164729501723326,0.03511562264674334,0.9453241808636431,2.606900802209076e-07,0.00010487374269078443,0.018722528263265144,1.6060843405180404e-05,2
0.0009521341020530626,0.041370257917677365,0.9481847077074219,1.9397998074088302e-07,0.0003620563135631614,0.009115188059897323,1.546191940617384e-05,2
0.0005010921064102545,0.07359924082632545,0.8570103931314634,2.4291895579593947e-07,0.0008856667015832143,0.06800151066108796,1.8536541739660034e-06,2
0.00022159081173428227,0.055467563038522155,0.8768752788591454,1.7580393140619769e-07,0.00036751186907553175,0.06706625413641154,1.6254811798556576e-06,2
0.00021249492194323267,0.016231326976206523,0.9701107628443538,7.264903527674929e-08,7.665626316228408e-05,0.013363128062405819,5.5582828931913146e-06,2
0.00015257600656458533,0.015867324759028464,0.9727285296851718,8.527810060066233e-08,3.838871122418798e-05,0.011206874515344672,6.2210445655038245e-06,2
0.018713987783137827,0.8850969828775046,0.01077334390760615,2.3707482543465146e-07,0.01874995633693091,0.06665975210283757,5.739917157522768e-06,1
0.008049560968334157,0.08227314192235574,0.7412397828273684,1.640574233973034e-07,0.0030154920567625402,0.16539572677417116,2.6131393584663e-05,2
0.005014816951267677,0.059093328271881386,0.9308440996638044,1.2102328748751595e-07,0.002270485233790129,0.0027523806299270316,2.4768226041813675e-05,2
0.003645810714652304,0.03485740130736992,0.9500481456759671,7.957882467163855e-08,0.0018409741269949083,0.00959236165125793,1.5226944933259233e-05,2
0.0018411737958161662,0.030710866282579758,0.9603353800761836,6.878317976597391e-08,0.00134166272090242,0.005763284994498859,7.563346839351789e-06,2
0.0011808409916750997,0.02917652906629084,0.9606918292900751,7.104486426173671e-08,0.0016265945430965674,0.007321232411234723,2.9026527634770096e-06,2
0.0015033548379148173,0.03837547065628106,0.9003159573402735,1.134039006231268e-07,0.0015861076324685027,0.058214193363325936,4.8027658357736086e-06,2
0.001792534243038653,0.034349174845010204,0.8857146312435771,1.4881733274008453e-22,0.00040227527951743167,0.07773676745624712,4.616932609805317e-06,2
0.0009716942439960582,0.030533927034944095,0.9394715441379645,1.1062854383017784e-07,0.00022466011658551536,0.02879164580123955,6.4180367264404375e-06,2
0.00431322130685447,0.31361189001989404,0.3088132176326958,1.0228597233065254e-06,0.00044510000607043797,0.372811042547387,4.505627374952621e-06,5
0.0012221439531484638,0.057082310690839445,0.06737879721270329,3.6033558572606334e-07,0.00017752074003756063,0.8741371529619949,1.7141056906819004e-06,5
0.000665346728758085,0.024035826011131824,0.9549978523048215,2.2174291180132424e-07,0.0001671612457825361,0.02011920028997683,1.439167661728098e-05,2
0.0020355649108915676,0.0500588724083097,0.39777584156910245,4.969208949581348e-07,0.001406726692399205,0.5487154216706143,7.075827787795773e-06,2
0.0012244742099983,0.04855916729567168,0.9035570562850321,2.6790828502263797e-77,0.00020175879993716286,0.04643720317512061,2.0340234240087957e-05,2
0.0009320423345632957,0.03641875227390268,0.9401759990660108,2.371211163311704e-77,0.0001746241966185625,0.0222908990685517,7.683060352985673e-06,2
0.001371411304961009,0.058322362148839194,0.9273777287730419,2.980085420131052e-07,0.0005397362013719596,0.012380853962399501,7.609600844438893e-06,2
0.0013359591557272556,0.05059920867113276,0.9147031374855675,3.27470581349966e-07,0.0005559800280927935,0.03280117101517382,4.216173724403718e-06,2
0.002152974692301813,0.09522110728497418,0.8853060714421237,5.458347621940464e-07,0.001106924657401308,0.016205276496386787,7.099592050160639e-06,2
0.0002348449901192835,0.01705235897156786,0.9644950168380715,1.2334547573282657e-07,0.00014454529414074206,0.01806960588428971,3.5046763352426977e-06,2
0.00032012833166040333,0.007915175533344141,0.9808145107279642,1.2885342570632627e-07,4.415479959155789e-05,0.010896719842287003,9.181911726890012e-06,2
0.015476783010253518,0.9508182722784148,0.01237609570546957,2.571621014688773e-07,0.007748945283998019,0.013558948742002364,2.0697817760281588e-05,1
0.013453982764050746,0.39713607689260694,0.0051348107583374545,2.6903747448251213e-07,0.0012650020398715946,0.5830001635853039,9.694922354812138e-06,5
0.008093426211246152,0.0869097425447028,0.0053923359174882935,1.0679087412598364e-07,0.0007952447597374153,0.898808298402623,8.45373328331e-07,5
0.010889594871517137,0.12624618705363394,0.006951389510308566,1.8443734489500424e-07,0.0008970631489802513,0.8550144499398625,1.131038352654619e-06,5
0.01604723153607909,0.10420484068125119,0.5968713635256346,2.217494482401291e-07,0.002086458575759037,0.2807449442769922,4.493965483552543e-05,2
0.00540198042418211,0.05649443771807688,0.9243010718062309,1.1732763594398385e-07,0.0027084515857829622,0.011058922189706577,3.501894838447035e-05,2
0.003198401978999001,0.028643226413352613,0.9582660235389587,6.463574153972242e-08,0.0012714787192524733,0.008613697416052148,7.107297643797667e-06,2
0.001999890475288463,0.04252704690173992,0.9474849208987262,8.90394535292487e-08,0.002548165002876523,0.0054362517371675245,3.63594474765954e-06,2
0.0010716916735580525,0.029449829758996984,0.9395798749540792,8.156291404575178e-08,0.001402624230044446,0.02849194795505688,3.949865350555729e-06,2
0.0014065754238185375,0.03590502557431015,0.8997119227207526,1.0610345312946541e-07,0.0018078250610517408,0.061165657871296755,2.887245317250666e-06,2
0.0016613898163370653,0.05490043524115383,0.8795038475236232,2.595372475890402e-07,0.0002732583535888044,0.06365550919584369,5.3003322056487575e-06,2
0.0025188800577424153,0.09657455737533174,0.6300786861772751,6.613836381388289e-07,0.0013032474225079791,0.26950068644008757,2.3281143417051377e-05,5
0.0009486622723835222,0.03214888327850694,0.9237121008119055,2.998630894430596e-07,0.0003949719739986281,0.04277592416942463,1.915763069149935e-05,2
0.002199149307763199,0.07077243761877737,0.5342208041078524,6.839980375156048e-07,0.0020435506406220345,0.39074603198086266,1.7342346084773355e-05,5
0.0028222573419548133,0.072147906919627,0.4411308164786451,6.889677831752814e-07,0.0013618667238156482,0.4825190043697844,1.7459198389805814e-05,2
0.0011121232759430185,0.03855385801989296,0.9411469633024332,2.5674251509040597e-07,0.0005843274699344282,0.018599165637247953,3.30555203340438e-06,2
0.003225361272700608,0.1003112129894294,0.8599683272549691,6.505687567083465e-07,0.0011902382387502916,0.035290751111248096,1.3458564145673475e-05,2
0.0006385091065642353,0.0823977894591971,0.8375296578901043,2.935756018732541e-07,0.0015104523811895147,0.07792185819888679,1.439388455973884e-06,2
0.0007736873045164028,0.01908622599425009,0.9503419351227829,4.1809071217143533e-07,8.737026281164297e-05,0.029646115251706812,6.4247973220193e-05,2
0.0007637726737306096,0.018004008279676464,0.9448515717141057,6.118860660373319e-07,8.252353371216333e-05,0.03623408726298069,6.342464972826637e-05,2
0.016835092711691417,0.9432554006860046,0.015098138370449024,2.6159982706766594e-07,0.011264437026240064,0.013540335903620249,6.333702167818669e-06,1
0.013195552039323164,0.9548911279067871,0.013375277653921819,2.648268472644753e-07,0.004548246003543326,0.013963074757342025,2.64568122350799e-05,1
0.013644435063146223,0.9117601896270013,0.008558842326648348,4.759081835068181e-07,0.0055446825910483825,0.060469428645910143,2.1945838061943594e-05,1
0.009264113625870275,0.12254886542766379,0.0025528138346754495,1.105689985243793e-07,0.0004266518816444452,0.8652043654741028,3.079187044546231e-06,5
0.0025464827045736564,0.05627736880421094,0.9281995660439255,1.121810864912556e-07,0.0011668924714135613,0.011796010355507747,1.3567439282185254e-05,2
0.0013245649084025338,0.023879828137228352,0.9524737428667642,5.828617489036956e-08,0.0009438530429779037,0.021374771260616376,3.181497836035386e-06,2
0.0006571269086650427,0.02892454014307888,0.8952676190094928,1.227850063831493e-07,0.0005068850651807041,0.07464142020226054,2.285886315688407e-06,2
0.0016385228267594002,0.05309309739138337,0.87786839308287,2.8540384636312533e-07,0.00031700094544984147,0.06707747297004604,5.227379645019758e-06,2
0.001266476045351664,0.04898648978723559,0.8080876501687029,3.789937202080301e-07,0.000416514213705956,0.14123732315075305,5.167640530663822e-06,2
0.0021112364357969283,0.06159989231479726,0.44927296422549234,6.172010061462011e-07,0.001621911062720427,0.48538225099414484,1.1127766042120032e-05,5
0.0012749403397206561,0.05907589716034962,0.06702623229140924,2.388455526792399e-142,0.0002078068297144001,0.8724137962836955,1.3270951104788944e-06,5
0.0007884031894471278,0.05705347362323741,0.9231420301769448,2.5225591332383616e-07,0.00015235961581761744,0.01884473868557729,1.874245306235456e-05,2
0.003099088043894149,0.14896591860373207,0.5552342652749497,1.0848299810318145e-06,0.0007471607780803101,0.2919385153165191,1.3967152843521202e-05,2
0.004706701155337185,0.19447058411982918,0.5506792478726372,1.1712855794022155e-76,0.001150174406332138,0.24895838379980847,3.4908646055794e-05,2
0.003556991440761189,0.1293445656843574,0.8328922963399183,6.034190660764958e-77,0.0005400961699729948,0.03362865059127088,3.7399773719258596e-05,2
0.001580090799824546,0.09442936802261943,0.8987968414493859,3.1456875388870746e-07,0.0004014008210789626,0.004766193238898399,2.5791099438924357e-05,2
0.0013323012150095303,0.38213069039594977,0.5733860426135414,8.405438752592968e-77,0.001330530197833764,0.04180967884239789,1.0756735267597937e-05,2
0.00036988030989882866,0.08120330135333494,0.855598199396763,2.783216992528681e-07,0.0012172129699074706,0.061609763049164136,1.3645992323455096e-06,2
0.00031177386489321217,0.028587008243959065,0.942993886467123,1.0493086242880284e-07,0.00020887504799589827,0.027894860384102858,3.4910610636249826e-06,2
0.00018755794443356196,0.0170097592812647,0.9739802842531622,8.844993902401917e-08,4.1630659528037285e-05,0.00875718642286767,2.3492988804783185e-05,2
0.0005873121641138931,0.013896908416397537,0.9622027600179643,3.1361078354161917e-07,6.538184215878569e-05,0.023230430847407505,1.68931011743757e-05,2
0.017172754212763666,0.9107266282491745,0.04896069160203554,2.532254769497343e-07,0.016176005958173003,0.006957535805080949,6.1309472956516624e-06,1
0.01687247321416329,0.9364477522281514,0.015637818195022322,2.737870848437631e-07,0.015072067162338772,0.0159629866403069,6.628772932434527e-06,1
0.014356173129391563,0.9458445500678748,0.015002828872526106,5.243859647215678e-07,0.005654134730023602,0.019117362658029238,2.442615618984714e-05,1
0.009290480848133421,0.08304636033344368,0.001997802303306248,8.846586135266555e-08,0.00044651698124676705,0.9052174313715271,1.3196964815058183e-06,5
0.0014426159575314163,0.09785367403877201,0.0032852345911336006,1.5702206330120354e-07,0.0002461739861388028,0.8971712016805039,9.427238568860853e-07,5
0.00823413996705281,0.04826233740749812,0.005288935242906644,9.82819777775599e-08,0.00032164787112341564,0.937891843047003,9.981824383384327e-07,5
0.0009040990771909139,0.03225702896346818,0.9018892931185739,1.4148655352356736e-07,0.0008574725202703544,0.06408850388265512,3.460951287943189e-06,2
0.0016162183646026209,0.057225893624690036,0.2976462523445937,4.048044657083363e-07,0.0006881452758225993,0.6428145669284503,8.51865737505001e-06,5
0.001836387783375923,0.05278814387720159,0.09985393443992385,0.0,0.000520969619911774,0.8449984294568945,2.134822692418845e-06,5
0.0008035919914666531,0.058358738876291505,0.9130320775409944,3.757594394292316e-07,0.00016688185826785277,0.027614019863478025,2.4314110062063346e-05,2
0.0016221108550795612,0.4330333390445787,0.5336247159202356,1.1750520923262672e-06,0.0015320039258547248,0.03015988136892877,2.6773833230236818e-05,2
0.00022105542269845106,0.018249982568697587,0.9651285710618838,9.071880011817856e-08,0.00017102363034866733,0.016226618873578687,2.6577239929322447e-06,2
0.00073498334066264,0.017426714839432193,0.9595151085481829,3.3358399247473706e-07,0.0001045827858792028,0.022208090355289242,1.0186546561393784e-05,2
0.003943448376356863,0.2263342525678488,0.741350454200829,1.818004724970393e-07,0.010173783168211303,0.018193478239462137,4.401646819388435e-06,2
0.013074863142677388,0.6424979821058778,0.20463037776848172,5.894171801841877e-07,0.04045902842694598,0.09932449818411893,1.2660954718100772e-05,1
0.015505935065854931,0.9437462373889093,0.018120449528307346,2.716624934718759e-07,0.008270316712709959,0.014346449316625784,1.0340325099504398e-05,1
0.013502049817774149,0.286780751955445,0.005496076626764875,1.6578353786893935e-07,0.0022891972679376297,0.691923834018084,7.9245304564964e-06,1
0.004931369119156935,0.044880154579886554,0.0012018933777719963,1.2321428622591251e-07,0.00019004500554757655,0.9487957500153048,6.646880458287482e-07,5
0.019383367556494675,0.16303640233820116,0.01687688278644734,3.500003497123312e-07,0.0007280755329740772,0.799971704495883,3.2172896501673907e-06,5
0.0048716044676773715,0.21697024525151037,0.04108504779003839,4.082471532135859e-07,0.0009531638227544989,0.7361146922338972,4.838186968785384e-06,5
0.00571316045644237,0.1447250663492977,0.3700557835919419,4.845501768098362e-07,0.001780486964796453,0.47766702102979636,5.7997057548312484e-05,2
0.003303268333723521,0.10418186517062886,0.7467300404059675,3.161588368903582e-07,0.0015590630612923517,0.1441902643931458,3.518247640495757e-05,2
0.0010303433029180595,0.06279241211995384,0.9081795886266412,1.9356425606190633e-07,0.0006492866261545426,0.02732755353630267,2.062222377390372e-05,2
0.0032315322471034107,0.059299825981765274,0.919791197789644,1.954838609234089e-07,0.0007009165505503336,0.016956856755092557,1.9475191983601304e-05,2
0.0038157698554551166,0.03830239160170157,0.9247027053303385,1.3896984731018085e-07,0.0005734811200434003,0.03259361679724827,1.1896325366106913e-05,2
0.0012393540099839477,0.0338445553953302,0.9006410602255491,1.4817027141040222e-07,0.0009212727877698199,0.06334944510129621,4.1643097993829645e-06,2
0.0013009764863589704,0.03490574166608413,0.8838584480983885,2.3048919981536832e-07,0.0004942533994518384,0.07943612828268298,4.221577833883802e-06,2
0.0015735481989420702,0.057331278559102875,0.32061623224908864,4.0554993754576123e-07,0.0006894125368501804,0.6197805885610823,8.534344996367772e-06,5
0.0019717223260204177,0.06779626934434717,0.35262543256438145,4.795771782778438e-07,0.0011726395929345008,0.5764233644296294,1.0092165508830492e-05,5
0.001261434823908985,0.11993544230113816,0.10493664719329296,4.0223764976063916e-07,7.725135973580761e-05,0.7737803544780247,8.467606249686163e-06,5
0.003817719179531696,0.12257569631428579,0.25172746259646295,2.0490242971565793e-108,0.0009290441042051431,0.620945999810619,4.077994895374468e-06,5
0.0018947752948627705,0.06070087931971705,0.17850439275637553,6.856895194605623e-07,0.00023898811026811802,0.758657504399985,2.774429271991577e-06,5
0.0008443835239912106,0.056705654668426336,0.915978242525774,3.769719371392007e-07,0.00016742035138273638,0.026279529391840428,2.439256664805083e-05,2
0.00097881388753049,0.052313147767331064,0.9200795847063046,3.380884861326809e-07,0.0002769274763189234,0.026346508298555667,4.679775473136467e-06,2
0.0010251207031778257,0.04922921112244938,0.8739541964217652,3.760289689349713e-07,0.00020001605285191088,0.0755819498381181,9.129832668452496e-06,2
0.0018715274513688763,0.07704671976914247,0.9083522083717795,0.0,0.00016140333890548545,0.012528747711374858,3.93933574287708e-05,2
0.00034319534242758403,0.05740878110757322,0.8984641372368627,2.582422159920917e-07,0.0010916897052273273,0.0426896850570374,2.2533086556425772e-06,2
0.00018656444945905316,0.01508823626129441,0.9728450536516413,1.2297173782530692e-07,4.906312026494484e-05,0.011824183706581289,6.775839021120649e-06,2
0.00021975210708395317,0.00637047897136825,0.9867743311252078,1.5809277780324203e-07,4.60347094673251e-05,0.0065827105580629226,6.534436031706131e-06,2
0.004024412420032531,0.15796010147792922,0.8021923653524015,1.755926736671569e-07,0.016345257203460913,0.019473916141337626,3.7718121644085737e-06,2
0.010594069391646713,0.5543242645366386,0.223114501638447,5.513046079398204e-07,0.018611026293557473,0.193343744556133,1.1842278969244121e-05,2
0.01595944002679701,0.9405626679244112,0.018831815568237403,5.725940964370903e-07,0.011029013829484529,0.013604314218098075,1.2175838875537495e-05,1
0.010166534454051837,0.17644473194430849,0.004964674170800332,2.0881950767273426e-07,0.0003898848046347007,0.8080268993538234,7.066452873514558e-06,1
0.010644683343089387,0.12279203266620986,0.003982195861705126,1.5536169523405558e-07,0.00030344704671180064,0.8622723542438743,5.131476714497246e-06,5
0.013115766997542513,0.17169125429556073,0.005930671423337741,4.162112055133235e-07,0.0006570880350650114,0.808601612928092,3.190109196550224e-06,5
0.0011711078344181596,0.08678620720049852,0.8245428209991369,2.6279137540659355e-07,0.0008340530597778936,0.08664661207534809,1.8936039445036816e-05,2
0.0009729836107638401,0.046146088564094134,0.907936561733341,1.8053849904940651e-07,0.00045650370552385676,0.044474672729293736,1.3009118484417077e-05,2
0.0010014432896455485,0.037503588383622444,0.9042006300695822,1.7366194066525018e-07,0.0007059176850772709,0.05658256827140808,5.678638724026799e-06,2
0.0012587630401592513,0.03669249358311494,0.9207168528472783,1.7940083313555453e-07,0.0003975178798863878,0.04093107599575939,3.1172529685430754e-06,2
0.0015267079461550755,0.0641493249525895,0.6331526641077527,4.373340381637936e-07,0.0003336888637611914,0.30082918456837476,7.99222732860705e-06,5
0.0018842094737071377,0.12594148294105637,0.16978063954705508,3.172164373300323e-07,0.0002381700814388609,0.702136914836417,1.8265903888084503e-05,5
0.0009120002863187487,0.10876306395255225,0.7007486511836863,9.283239394022119e-07,0.00045254742169992804,0.1891189026858921,3.906145911117082e-06,5
0.0029305516428708156,0.11929919871713701,0.5512268891048066,1.6439636214396837e-06,0.0005594993163896548,0.3259614514536765,2.0765801498032716e-05,2
0.0014568434188914883,0.06917516255627358,0.902898173748376,3.712310709466546e-07,0.00031773767171409,0.026139702245443232,1.200912823068036e-05,2
0.000631125611667435,0.029073492581499258,0.9515087127701696,2.215277481758227e-07,0.00018885019507893996,0.01859440594935809,3.1913644784371623e-06,2
0.0010255214029140684,0.03526531144567618,0.9305286982143087,3.966135184293583e-07,0.00032889831789151443,0.03284456874512873,6.6052605622136894e-06,2
0.0016496637451705767,0.07021263734962782,0.9045565042543843,2.997339118001267e-228,0.00016958083403042397,0.023395947260881417,1.566655590553038e-05,2
0.0011696737924474568,0.06513660215271948,0.9228377110025998,0.0,8.788954595955588e-05,0.010734131541883667,3.3991964390225095e-05,2
0.0012326307373096256,0.059938999188290126,0.9209397421282542,0.0,7.810586801193379e-05,0.01777126746697826,3.9254611155932937e-05,2
0.0004896874465075331,0.011137676432284171,0.9793219430404794,2.9777916373680685e-07,0.00015651856955938796,0.008890938107092504,2.9386249133348408e-06,2
0.01874682728744052,0.6244437703676855,0.011253290754557879,3.9322096467134055e-07,0.15828982523769655,0.18724637732872776,1.9515802927131723e-05,1
0.018481202575500674,0.18720725250567857,0.006360700582920412,2.1492563201597032e-07,0.001231839505489369,0.7867132088311745,5.58107360443077e-06,1
0.017639599866953747,0.15345662050437905,0.007754819739937239,1.846712714321782e-07,0.0008032847646076487,0.8203416222019142,3.868250936678355e-06,5
0.00976458119654182,0.08726374680972847,0.0034065491185021803,9.67311333464573e-08,0.00039545845192792185,0.899167541495594,2.026196572274166e-06,5
0.003009903598296615,0.05399009057580547,0.19606098576647804,3.0639203898257644e-07,0.0007114464059571645,0.7462193097480654,7.957513358302967e-06,5
0.004404724684249507,0.08729463629094299,0.3523888455349227,4.4365593533656247e-07,0.0007874926972992944,0.5551123346504797,1.1522486170509986e-05,5
0.003534122457207195,0.12924033002668636,0.7632105845453863,5.325344368456085e-113,0.001708944659140075,0.10229183004282766,1.4188268752427055e-05,2
0.0011638546491881915,0.04945659588036518,0.778925220538651,2.1065102242852395e-07,0.0010387176570958395,0.16941153011744364,3.870506234020997e-06,2
0.0023096202784045764,0.06193361557073082,0.7014758244072955,2.8770701410579653e-07,0.0006723964226118919,0.23360321737119788,5.038242745243699e-06,2
0.0020904467209430146,0.08005528218542017,0.39267307095782467,4.6535543410538343e-07,0.0004701702970446038,0.5247007715985296,9.792884803839241e-06,5
0.0011207243809991951,0.14119442818145486,0.6465373400727774,1.1284830656056516e-06,0.00036199112315133346,0.21077522273491378,9.165023637850506e-06,5
0.0014466768698922496,0.062167425169131006,0.8986321161633728,4.1644539478095704e-07,0.00037019228013753186,0.03737363606614075,9.537005930977855e-06,2
0.0015582659324103946,0.05688646283140409,0.8459744917715165,5.868913706075381e-07,0.0003348418444589424,0.09523805229669573,7.298432143785222e-06,2
0.00033395885647119375,0.02128907200582027,0.953312594954293,1.555767874847828e-07,0.00027751946772143607,0.024783424924467612,3.274214439066332e-06,2
0.00013502582315715845,0.0047827457071086595,0.9883391428986565,1.1869084848433935e-07,4.055481978299157e-05,0.006699247081861666,3.1649785846798735e-06,2
0.0020290341392280114,0.07198779097718636,0.9134055345895223,8.955915159432021e-08,0.006869337065488932,0.005706289897261113,1.9237721618037595e-06,2
0.0022616590595156225,0.12422086834566425,0.8558409012416818,1.545416997567418e-07,0.00886305616324021,0.008810041020728323,3.319627470083241e-06,2
0.0063567966076612074,0.351189503967413,0.5475827339731089,4.065872713218306e-07,0.017662183818135047,0.07719964136302952,8.733683381188876e-06,1
0.010950019270859805,0.9465089437247752,0.022467983809937035,6.247750707327441e-07,0.008601623131316878,0.011464204944523469,6.600343516800611e-06,1
0.005826617724054515,0.09306766887108829,0.003834150437376944,1.0586668662236409e-07,0.00019766262688336467,0.8970684432399263,5.3512339838972525e-06,5
0.006256658301686817,0.049521408890777274,0.013016618627274525,2.3927792091747007e-07,7.292111401647187e-05,0.9311290144866037,3.1393017203108192e-06,5
0.007631887014430195,0.054282605815867226,0.01359128127643112,2.6486495298162094e-07,0.0001554346842919027,0.9243368949739514,1.6313700752862494e-06,5
0.002499348977111085,0.09652384413184195,0.030825681034134963,2.910659677603241e-07,0.00023347996993167204,0.869915588004566,1.7668164463946842e-06,5
0.001460054818796943,0.07817112356692997,0.02448170024364217,2.3552898416366165e-07,0.00025409000205684065,0.8956313239106665,1.471928923384485e-06,5
0.0019363608354497882,0.05384715987271197,0.7127106173391381,1.6137982532082573e-07,0.0005434494380109099,0.23095699367388908,5.257460974728355e-06,5
0.002163901394917189,0.15592355302519237,0.1523003985552584,3.5643111579132697e-07,0.0007119356053390165,0.6888977391542659,2.1158339113933236e-06,5
0.0019334419225047834,0.13838499326345025,0.13319338446035234,4.610242838374057e-07,0.000723548299394113,0.7257619914673483,2.179562666367362e-06,5
0.0008391444371714913,0.10993974723342927,0.47057189097461466,5.09512428962018e-07,0.002225585673570089,0.41642042758883463,2.6945799507889107e-06,2
0.0020965734415858196,0.3132276194758272,0.14962329763973434,4.831186805862346e-07,0.0003687117981094081,0.5346809339214708,2.380604591828067e-06,2
0.004301908377489765,0.45030000616520915,0.2798629643537531,1.0718550786375794e-06,0.0005169195888098816,0.26500589482229675,1.1234837362655565e-05,5
0.0012138761640845387,0.17602329121679217,0.4828934634707649,1.3855112985988104e-06,0.0003780977446462376,0.33947360070675964,1.6285185653779707e-05,5
0.002976093227212457,0.10656491732747624,0.3575489273932352,6.944336777500401e-07,0.0007472525259379205,0.5321588931003656,3.2219920949239454e-06,2
0.0017749689301335538,0.03240874774361965,0.3124189413484139,1.3867614521064489e-06,0.0004617993923178784,0.6529252237951226,8.932028940337843e-06,2
0.00018937279252598957,0.017188373335681104,0.9716421041848421,5.3188621493208196e-08,5.838262453556698e-05,0.010916893895288335,4.819978505422487e-06,2
0.00017347858665048882,0.01406660898125707,0.9804669873739582,1.0458647145214716e-07,3.850558289099745e-05,0.00523258544133971,2.1729447432141194e-05,2
0.0001812154539623895,0.012326407077705777,0.9820964329444473,8.545890125630465e-08,4.24616456395105e-05,0.005330698873334057,2.2698546009604868e-05,2
0.00019821833163754314,0.008037115022463704,0.9844712011854957,1.1174705454893181e-07,4.85595830865777e-05,0.007216650113187449,2.8144017074481725e-05,2
0.001986660410617572,0.07257026921929317,0.9158315281774163,8.493086331817905e-08,0.005432529225160435,0.0041756830195759116,3.2450170732364677e-06,2
0.002453695303221852,0.13515307588522618,0.8406153351391552,1.6814232868292304e-07,0.00964306012474622,0.012131053630027448,3.6117752946822163e-06,2
0.002571200732147675,0.13690555870060206,0.8392322217132302,1.6020282183687343e-07,0.006627158686037154,0.014660258734160105,3.441231001028487e-06,2
0.006157959224970388,0.3752858634122012,0.562296545412204,9.315399795901133e-07,0.017161495287555076,0.039087772011975115,9.433111114546215e-06,1
0.004196917775316785,0.08042176682227649,0.011196206639116408,2.0243022181702805e-07,0.0001033858120867281,0.9040787578331634,2.762687818454941e-06,5
0.0016217872867861811,0.07967907079345515,0.02236447584783978,2.702127085685669e-07,0.00034983840089848384,0.8959818241595624,2.733298749428271e-06,5
0.0015815568768353884,0.15617228415768433,0.019079815850109764,2.8117169300814272e-08,0.00035585268758674956,0.8228093298922186,1.1324183960011356e-06,5
0.001965400089425854,0.14555393054532298,0.045110284517219254,3.0855700571629563e-07,0.0005307895338743989,0.8068378968458135,1.3899113382922286e-06,5
0.002957196957127068,0.1229165889300606,0.07935701660388285,1.5594809615964714e-06,0.0003920178288678825,0.794373592537628,2.027661472083132e-06,5
0.002052657766039029,0.14923285508644862,0.1479600338506041,3.904813968424303e-07,0.0007385363473870027,0.7000132059522204,2.320515904145885e-06,5
0.0009160198846339752,0.12003217327887342,0.3917322853501066,5.696099469858381e-07,0.0029093969397297765,0.4844066135017113,2.9414349977443163e-06,2
0.0013629591507125659,0.2689028363004407,0.4577828709698653,1.061504490240184e-06,0.0007185847011603005,0.27121072671485996,2.0960658470817672e-05,5
0.0011669592913505103,0.2381776127394665,0.28123642997171533,1.0508427259602237e-06,0.0005257920086922152,0.4788842719967896,7.88314925979644e-06,5
0.0015142090731442989,0.050639086666881855,0.11700109348874875,0.0,0.00023934830265279552,0.8306030585878558,3.203880716597886e-06,5
0.0006148648770724847,0.006367238452460725,0.039018300234402316,0.0,0.00013707797727339515,0.9538617594957614,7.589630296576683e-07,5
0.012832871917059518,0.922998082688693,0.04154973916720094,6.995475490685687e-07,0.015751490587348937,0.006859725825880768,7.390266267783876e-06,1
0.012271749074954093,0.9261386391285922,0.032608730193964396,7.5169273234766e-07,0.019487954650979505,0.009484234112459206,7.941146318079217e-06,1
0.013317180246349697,0.9307509163718067,0.02851875436969985,7.395743435257889e-07,0.018227231296187064,0.00917301813150555,1.2160010107575208e-05,1
0.01140909055105768,0.938754939253609,0.02603753085666303,6.741883614376744e-07,0.0067108909563603275,0.017053487828528262,3.33863654202594e-05,1
0.04309488975197602,0.7154065304499545,0.020698225681554924,8.227209172363897e-07,0.0032943839354071646,0.2174604149375204,4.4732522669865245e-05,1
0.001969366658428351,0.42112071866979706,0.03804543008199745,4.4175656372594057e-07,0.0006298127099087525,0.538226380862181,7.849261123698221e-06,5
0.001312987174697295,0.17907277962647117,0.03205430130585239,2.8545503126457427e-08,0.0004398261338577853,0.7871189275440866,1.1496695317253068e-06,5
0.0016155789633121183,0.1079505275165002,0.33345330577046783,3.75291064452389e-07,0.0006409191489238863,0.5563376161835903,1.677126141046305e-06,5
0.0013800407921418126,0.25325786333939265,0.4867580789928233,7.770154106877616e-07,0.0014238161847101825,0.25717505652588757,4.367149633827679e-06,2
0.001131567697151192,0.2507688396936918,0.33557687316850887,1.0852115863770545e-06,0.00043983203908122884,0.412073502299112,8.299890868306492e-06,5
0.001127747699727058,0.1531034749478218,0.48624666599854605,1.1106771023409095e-06,0.0004389658934750784,0.3590722717247778,9.763058550093035e-06,5
0.003664375554340378,0.16037943290871548,0.2634611980937206,1.3141592542641642e-06,0.0014558467403086347,0.5710332138070872,4.618736573480065e-06,5
0.0018247607441182053,0.07616029927794479,0.9127920267428009,1.6583061738128194e-07,0.004739427139728763,0.004481641883762552,1.6783810275999265e-06,2
0.0008470690695668614,0.04199793757584502,0.9515668318012622,6.080941121405431e-08,0.002781529346479493,0.002805265183046269,1.3062143888899216e-06,2
0.01407740209097776,0.9091328246530598,0.05001456936465789,7.652053838352329e-07,0.0212044754214586,0.005559880720200015,1.0082544262037783e-05,1
0.013222813810825084,0.9241555527351727,0.03268591807318469,7.343336699512823e-07,0.023553936211620524,0.006371077121719742,9.967713807459309e-06,1
0.025487180083718322,0.6702410593204845,0.022207157972907815,9.709606052625815e-07,0.003451469930073249,0.2785580558711141,5.410586109696866e-05,1
0.009326966699665843,0.17624771557338684,0.013961729998744133,2.117870783770377e-07,0.0006367759745911178,0.799814798331964,1.1801634569614619e-05,1
0.002516496542077335,0.05959483330596887,0.004299695270865512,7.17917139486079e-08,0.0001899505445854893,0.93339462034412,4.332200668954204e-06,5
0.0005731557462745483,0.0799534645120716,0.008521364151577225,1.712093225303932e-07,0.00011175448841858323,0.9108373506963973,2.7391959382554146e-06,5
0.0011990706975331705,0.18446560679687787,0.034701287610919715,3.029953613273083e-08,0.0004441367421793053,0.7791887071763068,1.1606766468840379e-06,5
0.0021259528477204567,0.267347376289824,0.0864077498549155,1.6453586026979785e-10,0.0009376404438739843,0.6431776896302493,3.5907688808924447e-06,5
0.0006612444687819866,0.1268303052326453,0.7120945924982274,4.4735673667631904e-07,0.0003701873056704207,0.16003570913685283,7.514001085596766e-06,2
0.0025208102776113333,0.2022234333860922,0.15370446760321366,4.816812818940389e-07,0.00023180099639042307,0.6413117248738264,7.281181584160878e-06,5
0.001927232306498373,0.11592798644022405,0.13161118565381794,8.830621583034833e-07,0.0017321565952705717,0.7487974507098554,3.1052321753548016e-06,5
0.0010681785593603624,0.040462086533743495,0.9497652244395615,3.675799427785397e-07,4.182767041137606e-05,0.00863274540677151,2.956981020874984e-05,2
0.0001726364195041491,0.014188033529254759,0.9737835706204065,9.126059203467764e-08,5.2510267987171574e-05,0.011800484305771197,2.6735964843428515e-06,2
0.00013145981152439722,0.012144370876658848,0.9807027511043601,6.642817524460188e-08,2.9179028762125944e-05,0.0069864692401087666,5.703510410419181e-06,2
0.00032584348399225657,0.007482509181974531,0.9862495327737324,1.8824720449470965e-07,8.972116236286776e-05,0.00584891570470504,3.2894460284652467e-06,2
0.002433989936132292,0.12116973594514206,0.8630259430870759,1.706665719310558e-07,0.004055697556191149,0.009309890438495233,4.5723703914310825e-06,2
0.01437037691986282,0.9182246678934843,0.039407961547382436,8.04689377997205e-07,0.020549819486783766,0.007435446753511931,1.0922709596457306e-05,1
0.013962556664082556,0.36745704341942864,0.0151238197176918,5.260599048252983e-07,0.0015678938307875526,0.6018588461176164,2.9314190488155568e-05,1
0.007865105123736216,0.2517497578982537,0.025061547683383312,3.036260320487331e-07,0.0006517764671076318,0.7146545899281135,1.6919273373619333e-05,1
0.0019598850594487243,0.047037253915504444,0.005751855084685282,5.797274302411877e-08,8.035279955332526e-05,0.9451686435904217,1.951577643592948e-06,5
0.005755228312035107,0.20347305196024876,0.01688875476460861,4.166451624541435e-07,0.0002812144633544216,0.7735941596766603,7.17417793038392e-06,5
0.002574678710480594,0.37702486716153405,0.04530516599555065,8.432258374197884e-07,0.0004697417139302146,0.5746075718637375,1.713132892966079e-05,5
0.008615249669783269,0.33931193933300363,0.04011913851659106,3.164363442958878e-07,0.0005949033361502008,0.6113463529610245,1.2099747102989593e-05,5
0.010894161100293483,0.4403207392646307,0.1166717418429139,7.422766706706128e-07,0.0006132576710018335,0.4314836561583071,1.57016861822676e-05,5
0.011097980509460238,0.43401145163047317,0.1098219675510667,8.495639713343534e-07,0.00092295166268978,0.4441293223831845,1.5476699154332802e-05,5
0.0022847670795168697,0.3031852233768839,0.09281398696714206,3.8090603481789507e-07,0.0009002170549074816,0.6008119771624876,3.447453027362014e-06,5
0.0017567895272559166,0.21851433528497735,0.18125109580379375,3.587568409097291e-07,0.0008806354896880536,0.5975949250095587,1.860127885387566e-06,5
0.00137954302105382,0.19287411651584993,0.4140597954657445,2.7964427442373477e-07,0.00047132051436993874,0.3912125374182159,2.4074204916119274e-06,2
0.001529224327368719,0.2846821350601089,0.38098432827596346,4.0674148364987563e-07,0.0005928549591500154,0.33220918910363745,1.8615322876561371e-06,2
0.001755431835389705,0.3490222327959207,0.2433679238353067,3.6602271173266654e-07,0.00022646569386098762,0.4056257211264791,1.8586903309959201e-06,2
0.0023438397322377066,0.18610147597248816,0.190993403841095,4.905512370065957e-07,0.00021277982245647634,0.6203337432691407,1.426681134483268e-05,5
0.0016485050065731144,0.14105854298897041,0.09661502239459567,4.7463933978207283e-07,9.467150672891718e-05,0.7605746355308411,8.147932951126022e-06,5
0.0017362798622378387,0.11570701819868713,0.08876452963866031,7.648885506723816e-07,9.349181367595631e-05,0.7936806353961305,1.7280202057531176e-05,5
0.0020010622822060294,0.13135327700525568,0.06143216856255649,7.1917894955144e-07,0.00042186863622264867,0.8047857754202826,5.128914527049793e-06,5
0.0002546129162135947,0.00582982888431196,0.9881385118798356,1.2707033022907508e-07,4.401629063125378e-05,0.005726923087447631,5.979871229705563e-06,2
0.0002445043592237184,0.005614677606895919,0.9884723104496194,1.4121012128074957e-07,4.322209478553561e-05,0.005619390054386001,5.754224967960256e-06,2
0.0003376778470992899,0.007983792007552774,0.9861261880026438,1.9508418568757983e-07,8.28778107837955e-05,0.005465447842772991,3.821404961658827e-06,2
0.001299521272162832,0.027689141595106298,0.9253899382680945,1.4083934249089667e-06,0.0003476344076248704,0.04526589592131181,6.46014227465545e-06,2
0.0030610220612230193,0.12792495414401472,0.8523672166630256,1.6957863885547424e-07,0.003104335523499322,0.013537621725391578,4.680304206817368e-06,2
0.004489899938556638,0.1973958037318358,0.7700496373268985,3.0912024420874777e-07,0.005450829049921065,0.02260613970216579,7.381130377852445e-06,1
0.011926941455785293,0.46073936937925397,0.4343414840741844,6.819540681132357e-07,0.049270624040438624,0.04370207743031323,1.8821665956210504e-05,1
0.004860889789661819,0.1337965529886113,0.0080295160731176,1.751846931372683e-07,0.0005127924649494938,0.8527949996397928,5.073859173695208e-06,1
0.00171009917923973,0.05195711437198706,0.0066617223160919834,7.3378191829437e-08,8.793701943324525e-05,0.9395809901739012,2.0635611551366334e-06,5
0.0027638499506854454,0.12810652134410624,0.013994839452609301,1.3110396666802875e-07,0.00022787590977838319,0.8549025844773243,4.197761529665672e-06,5
0.005016315751304647,0.2909870709957969,0.04490895552500704,2.33218212274765e-07,0.00039162097532397915,0.6586809186881208,1.4884846234351041e-05,5
0.0014157971534662084,0.28291479683307014,0.3685510211327022,3.0829485599542666e-07,0.0006700673077185495,0.34644535520863606,2.654069550722562e-06,2
0.0015513428077335292,0.30943338098682455,0.3215066717349266,3.321771926470657e-07,0.0007155770794445102,0.3667906679731141,2.027240763994489e-06,2
0.0017073513885668998,0.3537353856428922,0.27295749148685444,4.1052509980475274e-07,0.0004783499428738683,0.3711189263369723,2.084676740484708e-06,2
0.0016499985451437333,0.14118634143291164,0.09878895015092402,5.25688430163662e-07,8.740044416162811e-05,0.7582690373192512,1.7746419177501177e-05,5
0.0017208139150948147,0.1602252219646439,0.09253485575896461,4.3079183435400894e-07,0.0003996130453820861,0.7451123848195457,6.679704534564689e-06,2
0.00168830576982606,0.1530567483953533,0.5274219419991576,5.696099390327332e-07,0.00043722403177248997,0.3173721654842053,2.3044709746292775e-05,2
0.0016112296727046344,0.1477009851138852,0.578649745600659,8.155460201253053e-07,0.000314043619941248,0.271660894441281,6.228600550870029e-05,2
0.0010084577091327793,0.0798126482629585,0.9083346322951099,3.765303088553409e-07,0.00010852165133925431,0.010708179599371068,2.7183951779505582e-05,2
0.0004889184941541322,0.030796170682986467,0.9540069068357251,2.012775880487154e-07,0.00013943648085519873,0.014565473328799157,2.892899892014978e-06,2
0.0003322597308709763,0.018723604988831112,0.9575516980999165,1.3912106426196417e-07,9.454945712754439e-05,0.02329438488545374,3.3637167357451403e-06,2
0.00036855137002239576,0.008738483274018003,0.984389768314087,2.6400553753720164e-07,6.533540991842463e-05,0.006428899421276318,8.698205140448921e-06,2
0.00045201092941087566,0.010122878231634524,0.9812337326297946,5.026012529648701e-07,0.00011761024123949264,0.008068190304382836,5.0750622847488355e-06,2
0.008752578202596735,0.42282921292096154,0.44964427798792345,5.57128869885239e-07,0.04170884102997374,0.07704915619044159,1.537653923313771e-05,2
0.0092502620345002,0.4023922578420536,0.4670551109853774,5.68632133634293e-07,0.04496158747277177,0.07632196822572741,1.8244807435939246e-05,2
0.030492750021118998,0.7422295901403697,0.06751383920474799,5.309946011165917e-07,0.007568882747447836,0.15216763084222248,2.6776049491908922e-05,1
0.01061461468789147,0.33281692865410656,0.020116066524969025,4.756656038103503e-07,0.002002506547413933,0.6344229019042728,2.6506015742429167e-05,1
0.015891826285201544,0.10012260932597668,0.01759267577095156,1.386767447851774e-07,0.00042311288295931917,0.8659654420751346,4.194983031358261e-06,5
0.004677722648206986,0.2623032043721288,0.08825825869594099,2.138619469609782e-07,0.0006762086265541709,0.6440755955023182,8.796292903955512e-06,5
0.006076293996930892,0.2584726848641141,0.10207961442678312,2.3105255470508147e-07,0.0015816477901091698,0.6317804889423284,9.03892717953567e-06,5
0.0016546209678631643,0.27382940896363167,0.1616203111865642,3.0594320098046426e-07,0.0013328291034521557,0.561560771885749,1.7519495388139845e-06,5
0.004481507057079573,0.31684974847660563,0.2563996557825418,3.9384163395190773e-07,0.0009532620901862841,0.4213134327950825,1.999956870175588e-06,2
0.0020476800371408872,0.21864911613515456,0.475626225472633,6.843741899283407e-07,0.0005152274679260261,0.3030945537582237,6.65127547320666e-05,2
0.0016490757772905822,0.1569053686214062,0.4763321744973471,6.338661498036989e-07,0.00020857353852573408,0.36482322502255793,8.094867672272309e-05,5
0.006646940159550138,0.09822941086970369,0.3128041011981487,0.0,0.0008660756856494346,0.581440000723906,1.3471363041946296e-05,2
0.0011789202573498775,0.02103571149499956,0.9644556869410481,8.212238717553052e-07,8.907253144967346e-05,0.01320818269234919,3.160485893186003e-05,2
0.0002810304546464798,0.0068004498260511035,0.9823386578728225,1.0994494117389758e-09,3.322628345506503e-05,0.01053857395604794,8.06050752755325e-06,2
0.0006112661022037474,0.019148859876914892,0.9699441595927842,6.876011938658498e-07,0.00018549528769424523,0.010105881853823922,3.6496853849004497e-06,2
0.0010117620071131716,0.0481290977555414,0.9461674222873775,1.4856014460397676e-07,0.0012936898895851141,0.0033959475878415986,1.931912396584594e-06,2
0.001974589869283196,0.06447459664664386,0.927554893479103,2.272772157371145e-07,0.001799945599080608,0.004192309384358429,3.4377443154135647e-06,2
0.0015403544367752636,0.052148422643526815,0.9421793062046379,8.229008896613742e-08,0.0010361894035361414,0.003093004708412877,2.6403130218438672e-06,2
0.007443832092977347,0.23037318775089827,0.022783428737614974,3.292518860034682e-07,0.0018585738539238844,0.7375345381131668,6.1101995327464156e-06,5
0.0035224336580539383,0.11710242429286986,0.00963754932014599,1.5168317013937832e-07,0.000655251676711965,0.8690798045056118,2.3848634361913767e-06,5
0.007332799831818253,0.3723707308102309,0.26790113689372963,2.4926642787118574e-07,0.0015112972782785616,0.35086835475159545,1.5431167919199133e-05,5
0.006313722449442057,0.320620431016011,0.27214391317669767,2.1462457419246004e-07,0.0012166408118339132,0.3996900505161148,1.5027405326441727e-05,5
0.006597651248259042,0.3498006116075653,0.24059956026276308,2.2402586225197258e-07,0.0017165779099062284,0.401281731337578,3.6436080660430996e-06,5
0.003017965492433464,0.24814558211187226,0.4255119815346445,4.026317490465121e-07,0.001686124738991365,0.32163630654494796,1.636945361390201e-06,2
0.0031840193237694736,0.27498785206261595,0.46132036229822954,2.9576906963817444e-07,0.0014185942042006343,0.25908702639283354,1.8499492814304562e-06,2
0.0028892421363250075,0.12135097966448374,0.8117039452954988,3.8735983993993816e-07,0.0004446065507418693,0.0636035733730113,7.2656200996210705e-06,2
0.0028919321136517124,0.1298840428424208,0.7964041540829601,3.052705450635795e-07,0.00047587004607824396,0.07033591912605883,7.776518285267122e-06,2
0.0016025467656647766,0.15446222333824805,0.6176062496687486,5.356020592482122e-07,0.00031239000926699137,0.22594249974614564,7.355486986684917e-05,2
0.0023786284675030066,0.17787483300680387,0.6169180553297103,6.632716903493e-07,0.0007038436165891174,0.20210003883056268,2.3937477140618206e-05,2
0.001599942673161523,0.02378875822241584,0.07220360796395812,0.0,0.00017690699058108117,0.902228962106123,1.8220437603419222e-06,5
0.0008526113568441606,0.032296505296772623,0.961505963505297,2.9339929266955063e-07,3.338650313710564e-05,0.005283721837381933,2.7518101274405606e-05,2
0.00048626528384753656,0.026211447454711854,0.9572411325331341,2.00185316478949e-07,0.0001781627314471108,0.015879914610528754,2.8772010139786237e-06,2
0.0003490250351285595,0.019671754447880663,0.9475451758671439,1.4614089469665604e-07,0.00010751066415445442,0.03232234744422611,4.040400571618871e-06,2
0.0002319407979317641,0.005495841294491165,0.9866074760290375,9.132426657161521e-08,3.236939093609379e-05,0.007626833772351373,5.447390985395154e-06,2
0.0003204978212817964,0.007795115771036003,0.9832607286158848,1.296070256954243e-07,3.2292494641468574e-05,0.008564696500505705,2.653918962452291e-05,2
0.0031785205173301503,0.11945226756834525,0.20174860243717382,2.3866259060747065e-06,0.000620023302506723,0.6749944939602858,3.7055884520594814e-06,2
0.002658938795764537,0.02947881592183361,0.9632319458035131,1.1427377101151181e-07,0.0004022939313787129,0.004201944881332892,2.5946392406185042e-05,2
0.0010990845201068102,0.05179516078727034,0.9418034432637156,1.5987618582476258e-07,0.0012155807439272288,0.004083750495929503,2.820312864735505e-06,2
0.0008687513140544726,0.027688549981049276,0.967817116692637,1.0677863890558492e-07,0.0008485033066114539,0.0027750872996220974,1.8846273869253212e-06,2
0.0008295968509225786,0.024464207888014816,0.9716630188829826,9.54874049517974e-08,0.0006082389186135272,0.0024331566333054937,1.6853387561692712e-06,2
0.0003942555284129097,0.010956908109058312,0.9874997207727847,2.2941870259125755e-08,0.00034289370406311346,0.0008053404591439006,8.584846667377009e-07,2
0.0007591903054310103,0.024310616957395368,0.9723646565010982,4.9976789223715265e-08,0.0007190333591606677,0.0018445817885646152,1.8711115608105216e-06,2
0.015708472121319622,0.4503520857155931,0.03016441042693069,6.834303060499686e-07,0.004187871158304403,0.49957023062504685,1.6246522499358484e-05,1
0.013093619533656732,0.3923483814391801,0.04007580287093661,5.791504795138379e-07,0.003548873335003725,0.550923170019734,9.573651009414048e-06,5
0.003456081307550916,0.11404239839101094,0.009647492067700186,1.4638855039921416e-07,0.0009197988950586627,0.8719321938405097,1.8891096193265972e-06,5
0.0022495827146362846,0.11715922871620847,0.009565536691976958,1.4331506679980169e-07,0.0009004873654956533,0.8701231717495753,1.8494470404113827e-06,5
0.001975918392276616,0.09818952489152433,0.009350132756063737,1.1972885647832356e-07,0.000704732927192863,0.8897779468444035,1.624459682639961e-06,5
0.002754437931837972,0.14987948655785938,0.017629556567260535,1.7105114298337613e-07,0.0006923712528363857,0.8290400634863044,3.91315275842124e-06,5
0.004954697771111711,0.32140772314573524,0.044134861824867685,2.694383567612186e-07,0.002237571518001188,0.6272610987370213,3.7775649061502438e-06,5
0.007694000750637575,0.43196847987762355,0.1823038858366407,2.8916139487589126e-07,0.003919048996977996,0.3741081657208329,6.129655892472942e-06,5
0.0037618848065642035,0.3313309333187815,0.5756628317497547,2.387945900061734e-07,0.002984725519672075,0.08625720011533006,2.1856953074294386e-06,2
0.0057863779753775145,0.43991497769109855,0.4283440752899639,3.053710033245092e-07,0.002141801602760886,0.12380932077148378,3.1412983120677933e-06,2
0.0024823576923213796,0.10951389959511688,0.8457644032083745,1.5633308866858479e-07,0.0006839892954194213,0.04154850709128713,6.686784391688365e-06,2
0.0027704909906917205,0.11053292315741801,0.8193959072959827,3.720055035403156e-07,0.00043356257444783025,0.06685965920059458,7.084775361660362e-06,2
0.0021898907657452787,0.20762764426296942,0.6481474664405278,7.070831086136036e-07,0.0006017884542201295,0.14138203230777976,5.0470685648880414e-05,2
0.0017216014202875145,0.11879366019419879,0.7811938543952197,4.429658230333951e-07,0.0003380828004997688,0.09794208639256789,1.0271831403160519e-05,2
0.00129390424543196,0.08546503432301653,0.8889428095941723,1.4594230765572548e-59,0.00014111654945693058,0.02411521416514018,4.1921122782016685e-05,2
0.00266892960607908,0.05808131577119681,0.5802470357672918,1.7728565197388689e-06,0.0002455305610124663,0.35869218209519454,6.323334270561302e-05,5
0.00021421790889819553,0.011524109448646676,0.9726160010197248,1.0755502852182234e-07,5.4036707556243524e-05,0.01558546497183308,6.062388312334007e-06,2
0.00019193031779123683,0.005598925443354396,0.9865238529339329,1.0476960534232992e-07,4.125958176446707e-05,0.007638495306303771,5.431647248097795e-06,2
0.0007255198668493012,0.0243159352115127,0.9716519178340665,1.0192006587759286e-07,0.0007013619038392752,0.0026033653319012407,1.7979317650493004e-06,2
0.0006468991978100046,0.023562101621280643,0.9731304809585692,4.4086785175813206e-08,0.0004943102144658818,0.002164514193815218,1.6497272738319843e-06,2
0.012704850823978294,0.4074096858415357,0.051236966726735625,5.218111655772437e-07,0.00392023157189575,0.524720663384245,7.079840444187849e-06,5
0.0018855787185461173,0.09508149247970986,0.008679766048570165,1.1425481166318565e-07,0.0006725122935074873,0.8936789860160317,1.5501888229264903e-06,5
0.003254031340374251,0.23352743016303742,0.04641731526102429,9.871637159501561e-08,0.01221307629260271,0.7045824439337945,5.604292795196022e-06,5
0.005251805971437493,0.3762412480183113,0.07929493172481689,1.3255581907438603e-07,0.002666792613025365,0.5365411468905241,3.942226065787024e-06,5
0.0069078862600666455,0.44590318721023403,0.1606699435339084,2.9447917572671875e-07,0.0055253887667558845,0.38098814788671803,5.151863141313143e-06,5
0.005366663340760894,0.36381011312670575,0.3375736883480847,2.2131328779875458e-07,0.0014467845498410041,0.29179004531062713,1.2484010692556057e-05,5
0.005137085685907729,0.34970227021788525,0.26012159787288014,2.316085044505791e-07,0.004254145760315948,0.3807820653701141,2.603484392446301e-06,5
0.002137958479661346,0.1054555582857353,0.8390301533545679,1.5420078368730898e-07,0.0007033010950258879,0.05266627900422222,6.595580003746277e-06,2
0.0025829895824315634,0.1095387521021262,0.8337146081703336,3.731248262714384e-07,0.00042497141503800365,0.05373119951259023,7.106092654097532e-06,2
0.0033539090272856676,0.15549660881791846,0.7686699925112902,5.202033878468854e-07,0.0005547486510931991,0.07191432451623526,9.896272789323922e-06,2
0.001540475379738523,0.14950134436872642,0.7841542216175215,5.431438094263684e-07,0.0004506579491431174,0.06434181210286792,1.0945438193201174e-05,2
0.0015155703821369529,0.127634924292091,0.7861029791411118,4.544797907758026e-07,0.0004385325429897259,0.08428990079014503,1.7638371734634858e-05,2
0.0015861629200091428,0.12566588618907343,0.7806936935685488,4.55540423084048e-07,0.00048332337676967163,0.0915595651124974,1.0913292678481659e-05,2
0.0022032536538949777,0.15039035716868157,0.7179625329855476,6.590361321542435e-07,0.0015029211837841068,0.1279257755008997,1.4500471060004026e-05,2
0.0016701241727930596,0.10979657445158938,0.7895071832304337,4.619293466617377e-07,0.0005835544484636841,0.09843193814690378,1.0163620469700469e-05,2
0.0004175229369473167,0.028679118307269137,0.9478012868864304,1.1474060487808274e-07,0.00011845929574141305,0.022979473539450346,4.0242935560885154e-06,2
0.0028113214675279307,0.061054967751681295,0.6750038750447512,1.7774358986445e-06,0.00023805658373724653,0.2608235309478189,6.647076858470184e-05,2
0.0013557562225942413,0.02560078654452724,0.9571746157951662,9.811048741186794e-07,7.35133146717638e-05,0.01575588341556977,3.846360259679256e-05,2
0.00017838211599690255,0.005082718900651126,0.9866722412481497,9.196908962823392e-08,3.8268700982035845e-05,0.008023259154529056,5.037910601322763e-06,2
0.00023713812148590369,0.005938370491617212,0.9860448808887313,1.1696180419912543e-07,3.091151381911291e-05,0.0077430125665568375,5.569455985297978e-06,2
0.0004899645859606929,0.011222629095156178,0.9664164359902095,5.379806767244548e-07,5.68472061056822e-05,0.021801884445473728,1.170069641772582e-05,2
0.003370340952010514,0.1516258742452201,0.2993239769312235,1.1232221617351023e-64,0.00038563831949201606,0.5452902473148135,3.922237240488047e-06,5
0.0005626574888017112,0.012544023042747985,0.9855892850659008,2.098106396124161e-08,0.0004035872521763934,0.0008993807536626881,1.0454156466883718e-06,2
0.000443668012162123,0.008968440965661193,0.9893763973293757,1.8025018684564176e-08,0.0003189119851739708,0.0008917415190679739,8.221635401715452e-07,2
0.001304273954999627,0.043490701581634504,0.9493693557382712,5.8069363789911555e-08,0.0007379409731492024,0.005094776282055952,2.8934005258911682e-06,2
0.0238066489718281,0.6677186709679132,0.10066806244490799,5.206750223035513e-08,0.006608507816048764,0.2011847910223613,1.3266709438460428e-05,1
0.014212304107297633,0.48488865889613825,0.06971806507295165,2.9151966116772025e-07,0.004306793378076105,0.4268654969059875,8.390119887893329e-06,1
0.008962063495768098,0.46879324804221656,0.05800916262215918,2.6556426996790114e-07,0.004345406424171292,0.4598822107440716,7.643107343245904e-06,5
0.007713750648053961,0.444148380939483,0.054197984076378,5.611340789228956e-07,0.004116964644605767,0.48981511725483023,7.2413025700055195e-06,5
0.0054319296102306475,0.3132557668439858,0.0721206777718511,2.9773066913040866e-07,0.0029554237340461897,0.6062337893833188,2.11492589813864e-06,5
0.004721773991003398,0.3232297023394999,0.31813692778168334,2.128839344474937e-07,0.0039102160316502104,0.34999744260396887,3.7243682598309288e-06,5
0.0110950627653887,0.32900002253344296,0.5095755856779632,1.4716814278020353e-07,0.005287143784844798,0.14503937036155987,2.6677086576499075e-06,2
0.001990115542911983,0.09261556881464024,0.8582887512184385,1.2299628198370858e-07,0.0010219973990189587,0.04607769522491374,5.74880379453052e-06,2
0.001924430269241588,0.08994614232958911,0.8623263883387279,1.3052978364958049e-07,0.0005167059537743394,0.04528061947087095,5.583108012461784e-06,2
0.0020743331478925236,0.0960418143085346,0.8644306493127109,1.6082320907967258e-07,0.0006118663279274188,0.036835055410822146,6.120668903203664e-06,2
0.00027342335703220633,0.020834421477978846,0.9644635164420153,9.104850642013404e-08,3.572445847473516e-05,0.014385439506350992,7.383709641634832e-06,2
0.00025309128296518914,0.006191830799419416,0.9792352931264687,1.430480290590964e-07,3.83883687571838e-05,0.01427537267265592,5.880701704223956e-06,2
0.00336240283083378,0.3520222881460909,0.0830906326720223,2.8936823046885178e-210,0.00014945617185028852,0.5613499395112955,2.5280667907089528e-05,5
0.0016923618769361288,0.04555140620932196,0.9390803206549971,1.7504778469588424e-07,0.0009487249306324103,0.012723923331259017,3.0879490686772916e-06,2
0.0009186800301273278,0.004600574008242997,0.9938618109766515,4.013664174413794e-09,0.00013720744256698575,0.00047877605756164207,2.947471185480698e-06,2
0.0009099751703835814,0.025593615623380098,0.9717040229184684,3.2743822154082964e-08,0.0004147290755587331,0.0013759929549263903,1.6315134606300818e-06,2
0.0017696838768622158,0.05087623690244491,0.9441288288266021,6.367886660227199e-08,0.0007117128043669899,0.0025103010077274102,3.1729031298114033e-06,2
0.0012816600149315243,0.03741162343542588,0.956037844838418,4.9952497711840254e-08,0.0005913944607619133,0.004674938333497025,2.488964467940766e-06,2
0.013647766047268178,0.5076542934081208,0.09604001559641608,2.893131404712426e-07,0.005094089626254351,0.37755819594177126,5.350067028813889e-06,1
0.006135639261072469,0.38488892586219753,0.12552559286564574,3.959381190059263e-07,0.05853025331134843,0.4249097913684596,9.401393157316875e-06,5
0.008123086064694206,0.5082128413301884,0.210452293659737,2.2513907848570368e-07,0.004981679336707698,0.26822635167956693,3.5227900271175808e-06,5
0.00800574399468844,0.5105503977493895,0.19344885188774327,2.218868310888026e-07,0.0049097164692926965,0.28308155278504554,3.515227009349597e-06,5
0.019986913025621153,0.4701462167403648,0.17676632406560722,2.665008360496698e-07,0.008556879879857251,0.3245372319938881,6.167793825602876e-06,5
0.01540185943300144,0.4507825877379949,0.18774254808054808,2.878027013018121e-07,0.001692134786481828,0.34437139078861695,9.191370655750944e-06,5
0.011074270854141638,0.28482768507634093,0.2042855307999368,1.2712152588632987e-07,0.004794316752884804,0.49501555261352687,2.516781642872261e-06,5
0.010163637859137039,0.3525896091655933,0.5504856444325831,2.632446736871126e-07,0.010416775076176374,0.07634128674004213,2.783481794314639e-06,2
0.0017809791124896626,0.08571793344222811,0.8726607537329241,1.1383601318501503e-07,0.0008278589847864143,0.03900408005080752,8.280840750902194e-06,2
0.001478307452291386,0.1338966409923503,0.7856342771831658,5.487348259672516e-07,0.000593362455718799,0.07838699393271753,9.869248930355077e-06,2
0.001420168877159577,0.14016447802642037,0.7792917363444608,5.443048091714015e-07,0.00047718469423776685,0.07863609817987735,9.789573035086662e-06,2
0.0019009186253283726,0.03810769255080062,0.8001512571609158,1.109393440838159e-06,0.0001610948892368017,0.15963643939484218,4.1487985435410834e-05,2
0.0014388385045620807,0.0641292199392578,0.9082341015500203,4.962302422682162e-07,0.00015835310266604902,0.02603236366411299,6.627009138362742e-06,2
0.0014407423484512215,0.0252454226693417,0.2690732190292469,1.229279174631439e-06,0.00015269015611017126,0.7040848813291769,1.8151884983980822e-06,5
0.0018551391537044257,0.010848452096493414,0.9843314665118539,5.424147061946177e-08,0.00011519187234134569,0.0028462982265246833,3.3978976119015548e-06,2
0.0015070230492561165,0.010486830598557872,0.9865579041308602,5.119376587358193e-08,0.00020527711168684529,0.0012396643044865344,3.2496113865129185e-06,2
0.0011889107571287992,0.040800321190852924,0.9537154109031638,1.4235483446233445e-07,0.0006861257417739725,0.003606577826644241,2.511225601988502e-06,2
0.0009686481393402312,0.03466083498621628,0.9605777769283778,1.2384880495903134e-07,0.0006946903952340874,0.0030940375725396125,3.888129487080229e-06,2
0.0005708345031377395,0.03172150122971454,0.9651360382921171,9.91946399293424e-78,0.0004426539814008684,0.002121352917602631,7.619076027262717e-06,2
0.001442092493868619,0.007992122358884307,0.9901210646919356,3.0117095596969394e-78,0.0001296062133125544,0.00030622837876351754,8.885863235591326e-06,2
0.002289205167131734,0.12479545804250401,0.8348669965289931,1.1087920829148313e-07,0.002844077814970444,0.03520061162252688,3.539944665513936e-06,2
0.002409623601943764,0.1488456828535074,0.7928064712282222,1.2856424421861325e-07,0.0045639423655855025,0.05137049522299734,3.656163499553192e-06,1
0.0027383925045964073,0.2591795590980941,0.43408051085866783,2.392340967186377e-07,0.006575950718996698,0.29742023549747354,5.1120880746639056e-06,1
0.0015890870536908392,0.22846959703843955,0.40693709588426624,2.0253592699628124e-07,0.006731109281400126,0.35626894046620167,3.9677400746440386e-06,5
0.0011178648618871178,0.15352173572633257,0.49084065577646074,1.4517065237862363e-07,0.006324788133595798,0.34819041878263907,4.3915484324741374e-06,5
0.007882129316295013,0.5962694833990415,0.13632610506283002,2.3876633367787226e-07,0.0035450260701165343,0.25597370277531645,3.3146100665777335e-06,5
0.01710606337183741,0.3560232530650778,0.13409794088803795,1.660733889825181e-07,0.0072578406749892665,0.48551213734768167,2.598578986874478e-06,5
0.024020739421142263,0.4722036403067379,0.16281504955034584,2.5916225224989326e-07,0.00944401551115523,0.3315124422076116,3.853840754717705e-06,5
0.012807529159126385,0.40202635529693936,0.20851546775360272,2.485186826647791e-07,0.001896364257759331,0.37474971962807324,4.315385816342757e-06,5
0.003572965477707868,0.05356916820923755,0.9107082331097602,5.9168975734995734e-08,0.001975143979643661,0.030170780428963016,3.649625711954412e-06,2
0.0030267590501979963,0.13872014530333604,0.785394774065382,4.406755621382433e-07,0.0005307517410573245,0.07231834800830877,8.781156155692467e-06,2
0.003976984761470217,0.16407589023719793,0.7408436191669103,5.151363851973811e-07,0.0009378194880414997,0.09015536053371435,9.810676280346117e-06,2
0.0015324832341187344,0.12848015548211272,0.7906643904930378,5.890277976576999e-07,0.0005700293304791223,0.07874175849584394,1.0593936609974884e-05,2
0.0006906238793837553,0.0477068309626738,0.8813943095782167,3.3879109027683336e-07,9.862981339781925e-05,0.07008796678344774,2.130019179011148e-05,2
0.0013026633494199588,0.021272446560608664,0.24313537756083953,8.471269742040402e-07,0.00010245912680116113,0.7341846958008654,1.5104744909741751e-06,5
0.0029766091822025723,0.17065458216809454,0.7052509246604007,1.3327922621700853e-07,0.021347058722837004,0.09976828217878658,2.4098084524520284e-06,5
0.024782728755829334,0.44488471735410867,0.11973917102880295,2.0093054204971048e-07,0.016608233549083636,0.3939818043867552,3.143994878352482e-06,5
0.02729939899501,0.5133480644754388,0.15081093051458946,2.047915939578591e-07,0.014642950416788973,0.2938947663317124,3.684474866419131e-06,5
0.001602568213243041,0.10075866115851065,0.4145581746481234,1.427271980823695e-07,0.44191303285970773,0.04116567650067996,1.7438925369722352e-06,2
0.0038638099100552765,0.06436325052594624,0.8816427787567643,5.7923023779213e-08,0.0009135840980940864,0.04921224781779192,4.270968324197953e-06,2
0.0017433224851645009,0.1683671855856082,0.713208921848904,7.210519414381709e-07,0.0006075618957058556,0.11605987713005055,1.2410002625402604e-05,2
0.0019631636777619685,0.056249613885733504,0.8471342886944702,2.82630760339955e-06,0.00038320978928730606,0.09424409531366423,2.280233147929439e-05,2
0.0012677771312858991,0.007213062331652048,0.9903301647796854,4.2449588470097145e-08,0.00011794388861925899,0.0010683502111193113,2.6592080495139438e-06,2
0.0011558303090161077,0.005978572073734965,0.9919286016077428,3.512804350499591e-08,9.679707976256727e-05,0.0008379632438285075,2.200557871555436e-06,2
0.0011893765603485404,0.005776384338617611,0.9920588256339643,3.4671725572051956e-08,0.00012509708259942468,0.0008480808659758675,2.200846768866697e-06,2
0.0007291277872838364,0.008667216041313756,0.9900247829902661,2.846064650438893e-08,0.00010523753201511902,0.00046806307733030135,5.544111144207512e-06,2
0.0007551555147882361,0.026589424664501208,0.9707459430638048,3.304052440282381e-08,0.0004044825757085234,0.0015020476851024538,2.913455570113821e-06,2
0.001010509180801058,0.13082516665223476,0.7245468220653015,1.1846251168400055e-07,0.0049830055112418245,0.13863184675465764,2.531373251475711e-06,2
0.002231386869857044,0.12454979622494405,0.654974699517207,1.0009949464987354e-07,0.012955739062610896,0.2052857791077108,2.499118175746014e-06,2
0.002244906986950321,0.11724369133472522,0.7391096090294402,1.0077978997315962e-07,0.019378342437468502,0.12202146058520412,1.8888464214818897e-06,2
0.00498654056130082,0.27452893150354557,0.5299775222100283,1.8714423806664377e-07,0.024011958908913653,0.16649101695725096,3.842714722513605e-06,5
0.004663020012997315,0.23961688792485628,0.5868784311992362,1.7054740855845313e-07,0.01711213264502273,0.1517258120456216,3.5456248574189724e-06,5
0.0018216587556473419,0.14387835248567798,0.7838995662696943,2.645580219367867e-07,0.005456446275971017,0.06494128376226702,2.4278927204979215e-06,2
0.001206055110421489,0.09211399306662393,0.8545984158562948,3.7413734132982995e-07,0.00041623868013591187,0.051656310039961455,8.613109220930257e-06,2
0.0006484965524975197,0.0620496593078413,0.9103625294427,2.5779340438661733e-07,0.00019238333956880124,0.026730065554399503,1.6608009588323947e-05,2
0.0011057851107912555,0.021469429775700006,0.9572887713596556,7.790118796500105e-07,0.00018859072350412562,0.01994155098821557,5.093030253947398e-06,2
0.0019458863632143687,0.05427167730810081,0.8203812812558309,1.1110272176672002e-06,0.00040380964729309264,0.12296658203150156,2.9652366841692497e-05,2
0.0007661483816807307,0.007178705341919624,0.9913230835867957,3.030327154727576e-08,5.6208275637126155e-05,0.0006706349129891461,5.189197706235408e-06,2
0.004735477850395213,0.20858128724134936,0.6763432413815675,1.7320684234087185e-07,0.033331791071205964,0.07700489751292537,3.1317357141310637e-06,5
0.004613431589271743,0.19075033240180908,0.6861377298237362,1.5569551409972148e-07,0.019601614208305806,0.09889353931708332,3.1969642797512494e-06,5
0.004053624149531644,0.19850221825004985,0.6762465161974891,2.7432722638783737e-07,0.013065917835378086,0.10812809741103639,3.351829288416032e-06,2
0.0032412548602742623,0.1507633931846193,0.7614537430145957,2.9613382851405816e-07,0.012839438277960137,0.07169915685960258,2.7176691195334628e-06,2
0.001125863138961372,0.0686843642230733,0.8886895455900067,1.3427504866012313e-07,0.010183312460919402,0.03131554804766211,1.2322643282550419e-06,2
0.0028536004926659002,0.23338014374814492,0.5808271703804228,2.5959063983378196e-07,0.01127714298772561,0.17165774459884148,3.938201559343559e-06,2
0.0048230772317803036,0.19995698479192264,0.7172523840122291,3.343775813365044e-07,0.0010951726325989853,0.0768593210887857,1.2725865101976008e-05,2
0.005752661078537319,0.19700234153412438,0.6708701065857285,7.825071994291986e-07,0.0014283633453060318,0.12493167119621784,1.4073752886649586e-05,2
0.0006299977362626975,0.05554040617862258,0.909175235190157,2.181753135249549e-07,0.00031804826441575397,0.03433156106239694,4.5333928316424334e-06,2
0.0003873031697122408,0.03523828557738381,0.9495700125876715,1.359144355516147e-07,0.00014833846053607198,0.014644571823390053,1.1352466870877506e-05,2
0.0004204623195929075,0.03884325523232081,0.9437795712696271,1.48931839897815e-07,0.0001493203051455044,0.016796473893118977,1.0768048354975093e-05,2
0.0020539777482981563,0.05996667202821206,0.8487904924082775,1.121058591916405e-06,0.00038820423641895203,0.08877643300153572,2.309951866562227e-05,2
0.0015092806002278145,0.06482836378328667,0.3326584897969937,1.3679020788315799e-06,0.0001170704764877793,0.6008789541202029,6.473320722295506e-06,5
0.0013117957820589902,0.010127540318593288,0.9864490198485873,5.745643913722584e-08,9.38611134298492e-05,0.002014553321790902,3.1721591005238676e-06,2
0.0009316067568845398,0.011583680849480785,0.9867512969781562,3.9109132612257323e-08,0.00014453631067865081,0.0005825301322497857,6.309863417492936e-06,2
0.000788144382492864,0.0073623378396449665,0.9911068916262596,3.3086538869253e-08,9.706337251467736e-05,0.0006401915137842387,5.338178764852641e-06,2
0.001036006526495412,0.012621156120810575,0.9854458493654998,1.8514971334698562e-08,0.0001727512888415705,0.0007163142912902115,7.903892091120032e-06,2
0.001194327162841186,0.06928866516073331,0.8843190112202065,6.756469854726684e-08,0.009809009335674392,0.035387232712502985,1.6868433429048107e-06,2
0.0023021441479601588,0.2058210349773319,0.6769466748177367,1.9498042278375666e-07,0.039021932718821956,0.07590489058960762,3.1277681188619887e-06,2
0.003207073487938126,0.1427815448577464,0.7776253707707877,1.1809437230379345e-07,0.025231276177289735,0.051152481359248866,2.1352526169481964e-06,2
0.0010127126693184954,0.06834083318347733,0.9024179710270617,1.4037708515031966e-07,0.010078631703370299,0.01814843276634539,1.2782733414541912e-06,2
0.002085880834457195,0.06800957824023644,0.8828834081529988,2.2166260254232119e-07,0.0006614562698664956,0.04635435822787285,5.096611965745117e-06,2
0.0005451004357809435,0.056784546223574206,0.9135554642008005,1.6722230835659065e-07,0.00014720585032622837,0.028963671182200307,3.844885009626284e-06,2
0.00036001462492804895,0.034803143301890646,0.9369856846643382,1.5085253397976434e-07,6.538615264404964e-05,0.027777663042043068,7.957361621958454e-06,2
0.0010404150574107034,0.021656199227883546,0.8838058284276813,4.7266666545921425e-06,0.00013387498144347274,0.09333004386587941,2.8911773047181235e-05,2
0.0012283336543874798,0.02441107649363434,0.8325624499359644,8.857092093216457e-07,0.00013751752656204956,0.14162714705100993,3.2589629232475046e-05,2
0.001972626042557874,0.03304787302001755,0.7682334330001807,1.561727001780311e-06,0.0002038723785980952,0.19648980849566014,5.082533598396804e-05,2
0.00035751002908322217,0.006908814568366393,0.9907776625716597,5.150201121307178e-08,3.8737865357991046e-05,0.0019146906717082413,2.5327918133038565e-06,2
0.00021137877900595143,0.004177712180472935,0.9942065597385326,3.8839697592203206e-08,2.2556952147452878e-05,0.0013801723114567185,1.5811986869944333e-06,2
0.0005834491587522725,0.004133789753797518,0.9939336014127687,3.433406808299145e-08,3.310717786755157e-05,0.0013144084023762482,1.60976036963436e-06,2
0.0001959869754083279,0.003896690268018767,0.9935357495584105,3.125841694848584e-08,1.4278853983401675e-05,0.0023538258677794615,3.4372179826769577e-06,2
0.0002488524838471958,0.002989359471710537,0.9942503000232967,2.3031388273363728e-17,2.4865432767842846e-05,0.0024829025473862643,3.720040991687076e-06,2
0.00023634456717012902,0.005547348749152468,0.9926176204291458,2.0754596073172678e-20,2.027011239835001e-05,0.0015737856018008384,4.630540332220709e-06,2
0.00034004050613530636,0.02146991367660608,0.9765597886902058,2.937151634621499e-08,0.0005912374427996288,0.0010376806452159803,1.3096675209586724e-06,2
0.00043940483556196506,0.03462201246706578,0.9612846292485209,3.696578319048558e-08,0.0008205285051675459,0.0028317396841911337,1.6482937094808118e-06,2
0.00031468564998597285,0.023375538954463,0.9723574570038127,2.3240774676560486e-08,0.0007254573840005497,0.0032260376618277278,8.001051352057369e-07,2
0.0023874587882203786,0.125811955390349,0.829808520274765,1.1605040935404062e-07,0.022632809945887664,0.01935696449721054,2.1750531577637467e-06,2
0.002674694370970989,0.2359895614964486,0.6514776019560652,2.015552043225849e-07,0.0469882591344088,0.06286603718727038,3.6442996316726556e-06,2
0.0013968790094956282,0.10829908353218869,0.834816518571375,9.028919985048628e-08,0.02109667419019265,0.03438912189749286,1.6325100553222302e-06,2
0.001716523376087285,0.12445853542232543,0.8093586242463209,1.0293944244119549e-07,0.021393181095245815,0.04307117168274281,1.8612378352316322e-06,2
0.0015416779939883244,0.08856565496980463,0.8668007294553058,7.510334876394662e-08,0.018455700566315396,0.02463466755738563,1.494353851434645e-06,2
0.002298256106445182,0.09808320728050107,0.8403134682604183,8.317419802050147e-08,0.020028056067820408,0.03927504968825258,1.8794223644565859e-06,2
0.0027244300362767,0.11583294267757266,0.813426675688298,9.539104133755299e-08,0.022969829222824263,0.04504387150716,2.1554768272536794e-06,2
0.0019454035526179322,0.08243815245618871,0.8514549727533285,9.765280000284664e-08,0.017330226448452127,0.0468294086171139,1.738519498666933e-06,2
0.0010790998770105922,0.056414711727887715,0.9194110738956349,1.1595535630873742e-07,0.01047706784288466,0.012616874812078332,1.0558891475026728e-06,2
0.0011498193945461187,0.07539277831232313,0.8912831254025797,1.5832418858277463e-07,0.007870267244668999,0.024302409622078625,1.4416996146914654e-06,2
0.00042089531139249183,0.04055760324021771,0.9378787930983483,1.142290518045985e-07,0.00010722711065672961,0.021032740581040966,2.6264292920222396e-06,2
0.00023785856572646472,0.017696054508525766,0.9697264351833577,7.143197803140016e-08,7.40434346915568e-05,0.012263226834797072,2.3100409234617395e-06,2
0.0003271594310872163,0.031626983389824795,0.9228829329370418,1.3708562313197162e-07,8.987918150191293e-05,0.04506708224316662,5.8257317543282115e-06,2
0.000480047116787097,0.0351543097790722,0.9313825271528866,1.9104708441300338e-07,8.015947653926302e-05,0.03289268783266142,1.0077594968998114e-05,2
0.0007434565895796567,0.05319095477719786,0.8719152363729836,2.0654536121076747e-06,0.00010617499175535363,0.07401918215892068,2.2929655950789234e-05,2
0.0033667910763667645,0.0499900070073623,0.3495790838352451,0.0,0.00030821294335880685,0.5967519209891126,3.984148554253354e-06,5
0.000864260083405661,0.01935419560525368,0.9442472132727814,9.203292149486766e-07,0.0002972300606447767,0.035231331817420726,4.848831278686481e-06,2
0.0010875974032399283,0.025458811036945552,0.9205460702744346,7.619616157358136e-07,0.0003800073085287851,0.05252037866642032,6.37334881503665e-06,2
0.0017807894292221399,0.045379710793979795,0.3467153923141169,2.2644647251480227e-06,0.00041208691396693586,0.6057071641436406,2.5919403483485095e-06,5
0.00021795815659713438,0.0034613006830482777,0.9927193970534376,3.4781460998242734e-08,1.6703177381757455e-05,0.003582618280430569,1.98786764364045e-06,2
0.0002933072442741714,0.0043137148952148395,0.9937200351998067,2.76054306362761e-17,2.623540309749092e-05,0.0016419764504908175,4.730807115917946e-06,2
0.0007529378022726991,0.010637616578830422,0.9878404619712818,1.846869574628163e-08,0.00028796467654492217,0.00047871262193686194,2.2878804375110427e-06,2
0.00037549391725051476,0.029462751499174548,0.9683260850480923,3.475102624835254e-08,0.000629304677941437,0.0012051337409823295,1.1963655323878782e-06,2
0.0006672771062503431,0.03578934702291212,0.9467024001389001,3.525753065233153e-08,0.003180995377060294,0.01365928428965272,6.608076938906181e-07,2
0.001034050972771792,0.07428095091876777,0.8908005842532345,6.201175706417616e-08,0.014050616412084788,0.01983261420296334,1.121228420709296e-06,2
0.0014272060451255332,0.09449622582302733,0.8706204840053011,1.851057667059193e-07,0.013474298120243092,0.019979902154301805,1.6987462342565872e-06,2
0.0013388441259476204,0.08514240139639388,0.8784735115429643,1.7500253371001398e-07,0.01360735426855185,0.021436120091030145,1.5935725783798978e-06,2
0.0012968473672771352,0.08177819892612405,0.8839996279493098,1.5929514113095183e-07,0.009031587722723953,0.023892116861569272,1.4618778547374274e-06,2
0.002152556135326148,0.029109135449387372,0.955038104627378,7.139506945184972e-08,0.0007167517458883758,0.0129812539329656,2.1267139850346836e-06,2
0.0017813030292439947,0.04900678712831812,0.9096216697334358,1.724542931475806e-07,0.000609760369423122,0.03897658034216011,3.7269431256264756e-06,2
0.00027924792939854916,0.020775314796577328,0.9696051864937812,8.93207716725529e-08,7.492803053073591e-05,0.00926115460643899,4.078822501507293e-06,2
0.001691902701839147,0.0331769378782836,0.7752215682063633,1.762843114240823e-06,0.00018689919050124927,0.18967663682331984,4.429235657854212e-05,2
0.0015556097245966267,0.021986071007460358,0.08598524989185176,0.0,0.0002167634427280924,0.8902546376695836,1.6682637795530377e-06,2
0.000888205862663712,0.018919191581941826,0.935685374595018,7.952780328790806e-07,0.000369540710935936,0.044132332300448766,4.5596709590955105e-06,2
0.0011852922093119418,0.02749423464989035,0.9209582936047968,1.2043707486879437e-06,0.00039001685945018363,0.04995664400528332,1.4314300518803333e-05,2
0.002006941997315951,0.06425642843796187,0.16169416578497822,2.5515878578674374e-05,0.00018989745851397396,0.7718246551065189,2.3953361323469353e-06,5
0.0007751420659962172,0.008242760142560267,0.9847652586910582,7.006045168899731e-08,6.785840531693156e-05,0.006142775509784101,6.135124832347653e-06,2
0.00013268084060008188,0.006541701209367245,0.9911869456885213,4.5825726805279327e-08,1.3971520899311334e-05,0.002122081003151633,2.573911733685822e-06,2
0.0001498503226432275,0.006427016289039472,0.9915991410602539,3.0651363315491e-11,2.0176448474043022e-05,0.0017991602059619126,4.65564297623965e-06,2
0.0003259288038256235,0.025076796310834735,0.9702144895060892,2.60348290134151e-08,0.001029053604513708,0.0033530877674901012,6.179724176507817e-07,2
0.0005675014431459891,0.03055314558276242,0.9564872347997591,3.009913721588051e-08,0.0030278362921159208,0.009363687655612829,5.64127466777313e-07,2
0.0010909667610031165,0.09946522152238672,0.8549274582253545,8.303627076780322e-08,0.019861540967345735,0.024653228117074072,1.5013705649111261e-06,2
0.0027617437020168397,0.11926804251049702,0.8283430908775754,1.0563330668759762e-07,0.02420592562295086,0.025419137678742737,1.953974910401451e-06,2
0.003182872953623404,0.17792095729660296,0.7275745945821788,3.657004948927305e-07,0.03275613305361523,0.05856174634580983,3.330067675058272e-06,2
0.002697709537797799,0.033082187404905664,0.9518929655101707,8.274691440257644e-08,0.001060525564040533,0.011264064373801069,2.4648623697622565e-06,2
0.0015071610969474916,0.03862441282200504,0.9310565172166464,1.459136358982804e-07,0.0006210777456928218,0.028187531837230266,3.1533678421150387e-06,2
0.0003412804998432598,0.024047629862164275,0.9437625659723006,1.2872123894097218e-07,7.791429402047969e-05,0.0317665680380778,3.912612354637948e-06,2
0.00036356200634430757,0.028491182391117715,0.9325183159854897,1.2888632538449914e-07,8.286521360822918e-05,0.038540089361488936,3.8561556255663956e-06,2
0.0008822494853636228,0.01753323260073044,0.9058956945073805,5.691199395088867e-07,0.00010323277131489972,0.07556161404490194,2.3407470369180703e-05,2
0.0030058381965008428,0.058364377903034094,0.35267815552383847,5.88009028699185e-97,0.0008607895896745646,0.585086902440925,3.936346027174844e-06,5
0.0019585817661719757,0.03512590161092427,0.15073869170561072,7.58561585304583e-109,0.000571290951691489,0.8116028849475055,2.6490180958022373e-06,5
0.0007938096236101171,0.042029568316542254,0.10145170175926574,5.74883842610758e-07,6.506531752500371e-05,0.8556516919935585,7.58810565571784e-06,5
0.0004791534528671621,0.026593799470340365,0.9434877013984216,2.4167260509738e-07,0.00023153506648980877,0.029203464009609024,4.1049296665991175e-06,2
0.00014671776191895055,0.012666075640058413,0.9715128180903251,1.3187e-320,5.2322116469075546e-05,0.015620729153207145,1.3372380212819968e-06,2
0.0001349194550456589,0.012882750116309348,0.9692455683576721,2.0474e-320,4.434890067206204e-05,0.017690903587775628,1.5095825250262578e-06,2
0.00036182240634592856,0.006453387251086375,0.9914300112776391,2.6661619025590492e-11,2.6225125165207667e-05,0.0017236385868497706,4.915326252020442e-06,2
0.0006000137334504458,0.009321989666046398,0.9894845668913099,1.5428926422649785e-08,0.00016944875144589148,0.00042054216375060724,3.4233650701724024e-06,2
0.0008867557247588157,0.02091479366946413,0.9770293458350131,2.3190227069638044e-08,0.0002461742250285645,0.0009197369506155007,3.170404892914789e-06,2
0.0006614778776724659,0.050049580864107296,0.9248277482918141,5.7855439963593285e-08,0.012339211256553271,0.012120995769438642,9.280849740568728e-07,2
0.001169952113114907,0.1066664450845044,0.8444242914897461,8.90480479539517e-08,0.02129950485668191,0.026438107338993648,1.6100689111473984e-06,2
0.0014660505800923754,0.10514721661363087,0.8401685906255891,8.766148101086001e-08,0.01766629623343994,0.035550173287234796,1.5849985319578252e-06,2
0.005437811979939546,0.20765231209458562,0.6807299130648038,1.7651415715535379e-07,0.03939381665320911,0.06678226169715364,3.707996151054461e-06,2
0.003698406628450723,0.14991420523430393,0.7419854190421337,3.2571257984182466e-07,0.028169330689643536,0.07622927838188988,3.0343109982993205e-06,2
0.0027505122367128907,0.1625214192348485,0.7365562470189683,3.247916493045189e-07,0.017013896051731238,0.0811546199994096,2.9806666804205734e-06,2
0.0051598858759362605,0.03640068851366475,0.9368457242830861,9.35907439276172e-08,0.004809083816196446,0.016781755666247962,2.7682541245137164e-06,2
0.0036161950144869555,0.033034733338294923,0.9505275421287372,8.262821978484052e-08,0.000878261234720258,0.011940724328842413,2.4613266983857114e-06,2
0.004103035415746297,0.03621154642074253,0.9379399708966653,1.49375653433958e-07,0.0004549778501776778,0.0212876744247503,2.6456162645787724e-06,2
0.0004897759459841556,0.036283261348830316,0.9520152102086086,1.115927727348177e-07,0.00013922888226941026,0.011063671600681889,8.740420853146274e-06,2
0.0004061417858593814,0.02861794723809408,0.9433979346972873,1.5318506004746475e-07,6.399613042667895e-05,0.02750734811659517,6.478846677523577e-06,2
0.0005162635534215284,0.02963312535450064,0.9295490365590094,1.7950617328923704e-07,9.458653480519812e-05,0.04020223783606807,4.570656021787101e-06,2
0.0009764221787286017,0.009200920292627092,0.056561997689953875,0.0,0.00012211822674689695,0.9331373524436255,1.189168318169395e-06,5
0.0007697437714806454,0.04075536182409464,0.07859936562272847,5.574551429119907e-07,5.318578827372096e-05,0.8798144274805134,7.358057766120831e-06,5
0.0009672100540286236,0.016448180154892165,0.9651252164976853,1.4858986187211744e-07,5.332340855259806e-05,0.01739905338698735,6.8679079920957496e-06,2
0.0003960619742677399,0.02319810405388353,0.9458643556579274,2.1860572280097118e-07,0.0002350297508465607,0.030302492419041,3.7375383113320996e-06,2
0.00014393268622801955,0.010751537622964748,0.9847073123722986,5.000300933781463e-78,1.1619212085684003e-05,0.0043791733079599484,6.4247984630494954e-06,2
0.00021011723613728663,0.005433247921795426,0.9917846328119772,4.7302777408556815e-08,2.5313117128916727e-05,0.0025411228713373276,5.518738846460316e-06,2
0.0001626595079529404,0.004963233913677321,0.9927979878708242,4.2936364172113235e-08,1.9126181530544594e-05,0.0020519402732036974,5.009316447442784e-06,2
0.0001449386305194009,0.008344754385607068,0.9892566499111655,3.015743454485012e-11,1.8285551885121826e-05,0.0022303171334323592,5.0543572331356155e-06,2
0.00047934767888232387,0.010259397449939997,0.987142544137678,4.932608042721941e-08,1.134680948282996e-05,0.0021011402452603455,6.174352675920952e-06,2
0.0007493623166647283,0.014543697243878228,0.9817844778005328,5.033544132679933e-08,3.5743087032291245e-05,0.0028800147245371657,6.654491913381961e-06,2
0.0009170714927202314,0.07419034793142079,0.8940289720080853,7.998235578324782e-08,0.018204587535801228,0.012657658016895128,1.2830327215351595e-06,2
0.001169952113114907,0.1066664450845044,0.8444242914897461,8.90480479539517e-08,0.02129950485668191,0.026438107338993648,1.6100689111473984e-06,2
0.002558907160883723,0.14474936250034406,0.7750178872438873,1.2274692553144528e-07,0.02824265470479003,0.04942862331078416,2.442332385153658e-06,2
0.004092511395961366,0.22301078472763938,0.6578811109992604,4.6932704997337e-07,0.03985435145438295,0.0751560690718498,4.7030238561940195e-06,2
0.000825704114587056,0.046411530092273084,0.931800240019737,1.618393817057919e-07,0.00020191913570975848,0.020747768849214636,1.2675949096479933e-05,2
0.0005979168798992941,0.029411177846829603,0.921936823663595,2.193244826295788e-07,9.74798726133574e-05,0.047951391451353825,4.990961226158751e-06,2
0.002185868080815639,0.026210495357715753,0.7760209442084852,1.9499269975845287e-06,0.0005209253167774179,0.19504900708416187,1.0810025046619214e-05,2
0.0028352586433937907,0.11345861980227846,0.2186373599484408,3.0079688650280527e-06,0.0002672237700043774,0.6647950549862487,3.4748807687692652e-06,5
0.0009669872652414435,0.04805901340436623,0.09258404056882198,2.9756863439823593e-07,6.826703199763358e-05,0.8583171303687979,4.263792140638e-06,5
0.0005548990513208688,0.036343152056314734,0.8988423728972516,4.13760113173374e-07,0.000163880190586074,0.06409027341290895,5.0086315046195704e-06,2
0.0001576101808109183,0.013322796754283987,0.9625178037064528,1.6697998903339782e-305,4.072078832614758e-05,0.02395978722060722,1.281349518781809e-06,2
0.000171356986763748,0.00524716772323546,0.9930966690135151,4.045449025143137e-08,1.650683909184501e-05,0.0014647352887051073,3.5236941983294405e-06,2
0.00018056194256568347,0.009820340734733536,0.9871643120702572,4.538012433166992e-08,7.004691544719162e-06,0.0028226174344312335,5.11774634328187e-06,2
0.0009255288961823255,0.017189520155429232,0.9784902762713745,5.2909689094161555e-08,2.255001583876841e-05,0.003364709329414654,7.362422071249656e-06,2
0.000570513948787539,0.011950695146823032,0.9856106131316996,4.314566715295265e-08,6.245031645974724e-05,0.0017989983843701726,6.685926192889349e-06,2
0.0005164908526757739,0.012372284285739561,0.9864190468302438,2.425168611220477e-248,0.00010344003048619794,0.000583927354835951,4.81064601863788e-06,2
0.001296151138372362,0.035524390885091066,0.9607443647659216,3.632090417766513e-08,0.00044072389563694527,0.001991542821984801,2.790172089024419e-06,2
0.0009877595448040196,0.02595303151343926,0.9701816920403931,2.9781822891991366e-08,0.0007984306328581047,0.0020767686468592074,2.287839823233298e-06,2
0.00697373112116186,0.2538735180694417,0.5922125309761973,2.2290048811845196e-07,0.04125868611956848,0.10567662838899387,4.682424148471831e-06,2
0.005761760600651725,0.19572358818471902,0.6841329701714269,3.3740554995075187e-07,0.033456017263463894,0.08092133687222006,3.9895019682545665e-06,2
0.0012110325942404992,0.051252771466946005,0.9191935780624151,2.2105768407381552e-07,0.0007730982425023706,0.027565676368398538,3.622207813465962e-06,2
0.007086566761655226,0.11884699951656713,0.2574873010971926,8.076667121177021e-06,0.0010224650761627555,0.6155396073692124,8.983512088564368e-06,5
0.0016906963666347959,0.11540706737328783,0.12407782975341652,1.5930321056346375e-06,0.0001105026066111737,0.7586991361161138,1.3174751830329494e-05,5
0.003316141622257006,0.17182361083049172,0.19843053727187274,2.959939039514394e-06,0.00020526159852217143,0.6261743474097344,4.714132808238402e-05,5
0.0008906488382848891,0.04802257077235604,0.05325812411029526,2.779810642087618e-07,4.6778755111291446e-05,0.8977754235483887,6.175994499472631e-06,5
0.0008762856400145984,0.041709794154877744,0.06507149284445259,2.691059265118598e-07,5.7708257883472434e-05,0.8922784731149479,5.976881897171085e-06,5
0.0008715162348293662,0.04156776394521377,0.0800630010149073,2.6818956689084645e-07,6.6705967721488e-05,0.8774276487055921,3.0959421689799514e-06,5
0.003150631887773228,0.06596531227317895,0.30945369019619623,4.911400426653949e-07,0.00014341002787121397,0.6212826256975137,3.838777423985474e-06,5
0.0006322806883088226,0.0353508732379972,0.8884731077334422,4.1767069314294653e-07,0.00016003928600803337,0.07537791702783765,5.364355713053358e-06,2
0.0013900268287678542,0.03555897498062186,0.9606284551714007,7.732399749871754e-178,0.0004749274223938566,0.001942290421418668,5.325175396941233e-06,2
0.0011492210909592711,0.03416123620136263,0.9617868880047147,3.465003114850266e-08,0.0006005559372217176,0.0022994023000982152,2.6618156123390368e-06,2
0.0003488863275340309,0.038873595131318675,0.9524606308781328,3.37247342221374e-08,0.0013660952100962467,0.0069499582253064055,8.005028775547326e-07,2
0.0006895936157557293,0.06416769219642433,0.9146487343399526,5.3511310685818266e-08,0.012648949778536207,0.007844009025326431,9.67532693973692e-07,2
0.0007607548665743168,0.06935926375838686,0.8984068651945257,5.7902998832618556e-08,0.016137096865138482,0.015334914474004613,1.0469383711904927e-06,2
0.0015005975824954121,0.08838381544158433,0.8665609664040582,7.310210305391549e-08,0.016768690195425356,0.02678453552246839,1.321751865099467e-06,2
0.003364076493699608,0.14381623010753672,0.7701542574380129,1.2197662639974754e-07,0.028570006210433086,0.05409288076817888,2.4270055123423376e-06,2
0.006721864455401345,0.32593146113035654,0.49126359271579984,5.083214279751268e-07,0.0703963688135324,0.10568019414267608,6.010420805789181e-06,2
0.008798445667858854,0.0661114635582353,0.889675971458349,1.6789946629110795e-07,0.00402351791978326,0.031385392233103444,5.04126320393657e-06,2
0.00813968204482048,0.06433423997990602,0.8783013616541469,1.6146461563989282e-07,0.002087077257368064,0.04713334081456191,4.136784581066719e-06,2
0.0009725104136416638,0.04831171279695263,0.9219101232568553,1.2250803630452274e-07,0.000345044301897717,0.028449249379688717,1.1237342927684383e-05,2
0.0010754960798628052,0.04850212090056205,0.8356716398403156,3.353770697174253e-07,0.00015674928182298164,0.11458570729014209,7.951230224766298e-06,2
0.0014132136880516274,0.049575697115843344,0.832902390686524,4.5334507555279625e-07,0.0002545229822809548,0.1158463873847094,7.334797515094086e-06,2
0.0011282693990391076,0.02887566342394903,0.07417572784377316,1.222686960791383e-06,4.631494350291333e-05,0.895762280468347,1.0521234427780434e-05,5
0.0007825061166450866,0.03103778571698187,0.023954760579092845,4.0662595807567454e-07,4.7498511760971983e-05,0.9441684959324266,8.546517134572953e-06,5
0.0010938503022146168,0.025627961588245048,0.9705466084284275,1.0407171113936091e-204,0.0005272759553256172,0.00220014464017444,4.15908561277039e-06,2
0.0010223220185822854,0.07646941765595217,0.8974161186902285,7.769488360101389e-08,0.018409426636802326,0.006681390965193438,1.2463383577512104e-06,2
0.003048175043163483,0.11451071309618034,0.8036872808523532,1.0878353402579121e-07,0.014924400448917845,0.06382698217204769,2.339603803275128e-06,2
0.0017846443273919822,0.10364062452441321,0.8454595320696221,1.600156601545185e-07,0.01770802106762828,0.03140512596122837,1.8920340558452123e-06,2
0.0020834655586286343,0.10678429604412737,0.8402943655415034,3.925566335981112e-07,0.000911780574684445,0.049919766196587646,5.933527834990088e-06,2
0.004623680242633317,0.0950336691324119,0.30000628047782457,2.0718772807078593e-06,0.0003772684857973195,0.5999453724834902,1.1657300561864777e-05,2
0.001874926344230619,0.036380629392188585,0.09957458339765494,1.4715779159374286e-06,0.0002585034665715819,0.8619070411516742,2.844669764073254e-06,5
0.0013154767062292033,0.023004871288725418,0.0886182354677662,1.3610704495283608e-06,0.000123536560950284,0.8869248068800449,1.1712025834432457e-05,5
0.002158807911074511,0.04026954983522948,0.19397592238169223,1.6958092722865814e-06,7.407610190094416e-05,0.7634836660265912,3.628193423931008e-05,5
0.0007878069593749909,0.04367720872044745,0.043199245239521074,3.035779116998472e-07,5.25166208993474e-05,0.912273967662981,8.951218864439145e-06,5
0.0027954214386777354,0.3297269494819492,0.32180554726284943,1.8030459930980028e-06,0.07352741585481386,0.27213468404551594,8.178870200710505e-06,5
0.00040806877887259737,0.020805665361369765,0.9176320896727949,2.9884724092982544e-07,0.00010352329426606137,0.06104873497511642,1.619070339428972e-06,2
0.00043298329352950605,0.020453794713108934,0.8776386245425175,3.1137369181102363e-07,8.485654033748206e-05,0.10138754858548885,1.8809513259779754e-06,2
0.0005091190521854822,0.02578406508043573,0.8726823567557173,3.6787475906582915e-07,8.991335867121693e-05,0.10093218483620361,1.993042027675685e-06,2
0.0004482766027269616,0.009419649495023115,0.983646751664378,7.643565682568692e-78,2.2492688441976506e-05,0.006455881453956998,6.948095473058102e-06,2
0.00023604843333623678,0.010469146188395945,0.9846919636178804,6.94998059873183e-08,2.28460411697041e-05,0.004574036024261714,5.890195150217811e-06,2
0.00018281674287845003,0.008845007194692263,0.9862912469896479,4.932030575562083e-11,1.1603062031044281e-05,0.004662782828244094,6.543133186217422e-06,2
0.0005289474723466748,0.011279066035610873,0.9867943553927073,4.792818709905383e-08,0.0001186286911739652,0.001273546445418875,5.408034555014779e-06,2
0.0005998172556281225,0.01221435128204119,0.9847356601877453,5.091266331752167e-08,0.00018492256094635346,0.0022590651836279134,6.132617348070048e-06,2
0.001375917525269275,0.10963038450781394,0.8603648784263205,8.399751383092286e-08,0.021399349321583157,0.007227812738614908,1.5734828842156417e-06,2
0.0010913846753640732,0.08581288057600771,0.8872636862082744,7.546014827743869e-08,0.020879377519046935,0.004951182004419235,1.4135567392378394e-06,2
0.0031968449564564586,0.12103969076705932,0.7885195090954022,1.1214348803696743e-07,0.021933889309302068,0.06530741970951612,2.5340187757854314e-06,2
0.0022929987707534377,0.09530204388811835,0.8344602670762343,8.314087236693102e-08,0.01800988694109358,0.04993301301492978,1.7071679982648366e-06,2
0.009254328769069073,0.38824585411757645,0.40400537402339337,5.949766217115234e-07,0.012662237468017697,0.18582409628930743,7.514356014289221e-06,2
0.00393685851292857,0.19445309037255362,0.6250040519157043,6.99806899274852e-07,0.0016406380741511189,0.1749526151797953,1.2046137967679571e-05,2
0.004747116730507352,0.19121810881054457,0.6015534199212405,8.43836533307592e-07,0.0024015649379245264,0.20006442036872604,1.4525394523724688e-05,2
0.0024483741352375786,0.10422333260109927,0.5633810664450459,3.7799116876824593e-07,0.00024304811950319835,0.3296922229684475,1.157773949781976e-05,2
0.001883424178177697,0.08507490574113066,0.07899786421066941,3.056217545349176e-07,0.0002765567994854437,0.8337644494476086,2.4940011736036936e-06,5
0.0017575873790338255,0.0940418416875848,0.09145341725139769,4.703161941189965e-07,0.0002853662027927768,0.8124589347081548,2.382454842049021e-06,5
0.0014120989490348005,0.08590829843579721,0.11062304388922106,2.928521858455232e-07,9.746101895560119e-05,0.8019551034657934,3.7013890120171056e-06,5
0.0019450140146259874,0.036281522960148894,0.13095448529085824,1.7096471215327105e-06,0.00019996905314674244,0.8305892617143209,2.8037319777629174e-05,5
0.0007778651357538203,0.05358386387237088,0.029945894524272387,3.425718267992823e-07,5.3173137734433987e-05,0.9156328898701334,5.970887908357072e-06,5
0.002628407456873356,0.3300760464081612,0.21600235352415215,1.347950745473052e-06,0.0004344620663205831,0.4508520114808869,5.371112860164324e-06,5
0.0019157449587392007,0.1736176521145558,0.3658000802589394,1.3007910794946364e-06,0.001442688999352881,0.45721675542997803,5.777447355269419e-06,5
0.002130866507552399,0.10743936888400346,0.7471791778162675,1.093140860370254e-06,9.393465500073247e-05,0.1431467911021556,8.767894159797922e-06,2
0.0022768484962324693,0.08163121118402404,0.8052424502279151,1.1546119950849226e-06,0.00010376304689146637,0.11073626673638474,8.30569655711108e-06,2
0.0003630784715369639,0.02159089294829385,0.9196094005289442,3.0170381408512583e-07,9.677819341998844e-05,0.05833800757432867,1.5405796619765313e-06,2
0.0005289983919058871,0.02393922358744327,0.9061549664760298,3.277998918110192e-07,0.0001893767702116734,0.0691849626378284,2.1443366890302064e-06,2
0.00042593883086988537,0.017951585626234782,0.9002384815667571,3.0038824771279464e-07,0.00010878375648798458,0.08127328241232136,1.627419080971311e-06,2
0.0008132892754544328,0.008619792951592204,0.9700163321863015,1.272924158250514e-07,3.967166729430757e-05,0.02050830509519725,2.4815317445246965e-06,2
0.00026782080556050014,0.009593676344383522,0.9832999551595083,8.958708326822601e-08,2.6522813635734638e-05,0.006805086141913716,6.849147914868557e-06,2
0.00023356144785566374,0.00867502323177943,0.9891608226442987,3.884625117249211e-11,2.7884771940915906e-05,0.0018971082237675206,5.599641511588404e-06,2
0.0005740969832620223,0.011407285071643689,0.9847172213043683,5.2710755144068326e-08,8.369494858030999e-05,0.003211779331783195,5.869649607430015e-06,2
0.0007730884825733079,0.02765579985946108,0.9683265107951537,8.515889242814114e-205,0.0010613073646938732,0.0021791698535545832,4.1236445631345586e-06,2
0.0008894611094679264,0.031818813733118324,0.9637535735700724,2.6703212974185823e-221,0.0017263077408785352,0.0018079282950574339,3.915551405368271e-06,2
0.0012040475268423037,0.05188611947249671,0.9290313122751988,4.6132828858119244e-08,0.010778404788437064,0.007099235681099316,8.341230968493662e-07,2
0.002699477911471859,0.10479072559765312,0.8117776799940811,9.4696137283668e-08,0.02558322496281266,0.05514685240052297,1.9444373209905388e-06,2
0.0017261380461235912,0.09983687411531854,0.8339641194928328,8.290499087144076e-08,0.017958790543565698,0.04651229257262854,1.702324540059267e-06,2
0.0009445549908530057,0.05911709106647998,0.9186080055444227,7.40141293866822e-08,0.0038960183740834216,0.017432924659850354,1.331350181380131e-06,2
0.0012111095496664594,0.06997760510934666,0.9035754197671905,8.89607031646719e-08,0.004280275633440961,0.020953367266603136,2.133713049152284e-06,2
0.004587995561911214,0.2089003061931,0.653253208803745,3.885406811846025e-07,0.03905941168436809,0.09419431654979181,4.372666402450067e-06,2
0.016252422573837463,0.13564926260407015,0.77756431342427,4.501349166434043e-07,0.001970433020904711,0.06855444067111947,8.677570881481993e-06,2
0.002238890544162422,0.09485361410677426,0.8488317242921716,3.934208966500981e-07,0.0008861985411193113,0.05318280293026492,6.376164611056916e-06,2
0.0017174714702222077,0.11085405109357965,0.07265477135938536,6.412542318612884e-07,0.00015302744360548782,0.8146156422292838,4.3951496916177475e-06,5
0.001600163018144553,0.07950946591348755,0.1196085531678081,5.290266067952669e-07,9.635760732847364e-05,0.7991690057577939,1.5925508830637537e-05,5
0.0014669624256394348,0.021821846751922856,0.1296056332193434,4.030686214538735e-07,9.250944992140047e-05,0.8469994092585537,1.323582599795358e-05,5
0.002814864730578008,0.21210106581833557,0.2385792373364874,1.1036450724451274e-06,0.0002471328454958308,0.5462069958465264,4.9599777504388905e-05,5
0.0009908595378039832,0.11688888287136244,0.0461654806676328,4.153091187011308e-07,6.555776917196655e-05,0.8358792163341492,9.587510760940537e-06,5
0.000979831066839543,0.09636547870853847,0.028853198767699973,3.8727712454426235e-07,6.514488482628593e-05,0.8737242376250965,1.1721669874615054e-05,5
0.0021799987952109672,0.12995606637474846,0.7374010672464427,1.1919764840175044e-06,8.749069183955214e-05,0.13036015907391368,1.4025841360683645e-05,2
0.001895368524727163,0.07406615313571781,0.8249885853360288,1.031720502066484e-06,9.271899416473487e-05,0.09895001714911854,6.1251397407112745e-06,2
0.0022527565923212644,0.07541254167257223,0.8231473374827182,9.952725683989744e-07,8.944347938891556e-05,0.09909101674554116,5.90875488984661e-06,2
0.0007477011331981922,0.02796274313065652,0.829759508842576,4.521865445837688e-07,0.00020089961436863053,0.14132613810326125,2.5569893949244544e-06,2
0.001681493373088245,0.018952233300065662,0.1799747510253709,2.4510463624115375e-07,0.00010176544035897833,0.7992880737643097,1.437992170320732e-06,5
0.001408766581728941,0.01933862880565628,0.17958277667316702,2.469405392244878e-07,9.476607361863457e-05,0.7995724340083326,2.380916957335042e-06,5
0.00023454784123433283,0.009865618963475688,0.9833393276861568,6.407858070339949e-08,1.29682090715455e-05,0.006540148495657651,7.324725823251152e-06,2
0.0009373644782442668,0.026845387796802612,0.965322260495822,8.127126381189772e-08,0.0002946327676709459,0.006590483767882221,9.78942231413167e-06,2
0.0008470158137401776,0.02902979984198994,0.9671373698354436,5.716770588861993e-78,0.0009540001847560532,0.0020232329577526778,8.581366317497148e-06,2
0.0011557673061518832,0.1064555404879141,0.8713670555670303,6.898958434917895e-08,0.01678624683091979,0.004234028471457288,1.292346942328447e-06,2
0.0014945766419733567,0.08385227812396877,0.8938332339465904,6.635775721248467e-08,0.015576096799276769,0.005242548951052938,1.199179380281652e-06,2
0.0015012966230081848,0.06920304861697169,0.902742396997062,5.565122068873106e-08,0.01672809791308892,0.009824097974454141,1.0062241942087666e-06,2
0.000757174050226317,0.05447239670390245,0.9280238861031778,5.992540135589234e-08,0.002150620273165867,0.014594040942191508,1.8220019347890882e-06,2
0.0017058319512350032,0.06818110254318425,0.8708614931872369,1.9621716613844524e-07,0.0007111629908421282,0.05853511095383568,5.102156499840863e-06,2
0.001541041754833553,0.0571525982731991,0.8752419079303857,1.656087038130667e-07,0.00016365843483811103,0.0658961563598743,4.47163816553277e-06,2
0.003175301257768029,0.14460391985387483,0.5110718787598008,8.743667610759351e-07,0.0004037514601842061,0.34073010345698507,1.4170844626017007e-05,5
0.0020666197394581622,0.17540874411327048,0.054606956515841056,6.765898230816453e-07,0.00026884900672146777,0.7676450571700986,3.096864787171671e-06,5
0.0012334220681559887,0.21409267982234823,0.2736926415708557,1.2516369749400531e-06,0.0007023150258412347,0.5102716159315042,6.07394431961099e-06,5
0.001606406233195982,0.08483619200219644,0.1388952891483138,5.870616715668486e-07,9.210934271721781e-05,0.7745597457253983,9.670486506755382e-06,5
0.0015280543795294925,0.07845860049997225,0.13416181404416952,5.894193744267284e-07,0.0002729730366209792,0.785573117361324,4.851259009251636e-06,5
0.001643165928926682,0.08436905184782795,0.14960852830322263,6.159601574512142e-07,0.00041704002612143176,0.7639551227069268,6.475226817096211e-06,5
0.0009665216025093419,0.06570668822589663,0.04691207300117159,3.784631546269982e-07,0.00011328317816330931,0.8862923186162744,8.736912830023947e-06,5
0.0010614888722992022,0.10323360339765693,0.06141228507405063,4.3762628911432723e-07,0.00017221962440570795,0.834109862697298,1.0102708000431542e-05,2
0.002075858624802351,0.2008868915809751,0.132108344802244,6.086888363071088e-07,0.00047897540726268373,0.6644456387116061,3.682184273480711e-06,2
0.002061561461373809,0.03827082130055637,0.6610963050108939,5.350309146399902e-07,7.750305352188435e-05,0.2984915173036591,1.7568390803469938e-06,2
0.0031929621054583375,0.0519232163253694,0.5668433830911006,7.683202078095862e-07,0.00018752902208645717,0.37784922586063624,2.915275141054203e-06,2
0.0030912786748238047,0.04164992967942731,0.3440659856160159,4.818876956509962e-07,0.00016000327436159554,0.6110294937047793,2.827162896413968e-06,5
0.00250679931552745,0.038623765393170584,0.5888674862594395,5.021157620722115e-07,0.00016450560360212608,0.3698346741116035,2.2672008947426706e-06,2
0.00019260441528409913,0.008111253962930384,0.989117102500633,3.6650761077527184e-11,1.4455816765687224e-05,0.002559300103544665,5.283164191307059e-06,2
0.0009139283695432374,0.02787149931042626,0.9647296163157394,7.14073263001103e-08,0.0004785937306001404,0.00599602111883635,1.0269747528443059e-05,2
0.0008807866947804233,0.031694808281719195,0.9636493919766781,6.332211901341766e-08,0.001033916865226728,0.0027319259203297253,9.10693914656233e-06,2
0.0007411039706852707,0.026452914572438424,0.9701802680429042,1.2562434582801142e-252,0.0008587871633272262,0.0017592013388941135,7.724911750577529e-06,2
0.0014420557922390238,0.07854780182139985,0.8998987445009976,6.420863686137394e-08,0.015116182001255475,0.004993991333762841,1.1603417082587186e-06,2
0.0019284243058921749,0.08945258529064107,0.8832498102483827,7.482857193044329e-08,0.01893076025641642,0.006436992102118161,1.3529679773897489e-06,2
0.004458039877604619,0.2790784983782977,0.6382876739014703,5.358106271582595e-07,0.012555194866789464,0.06561461045626629,5.4467089443157766e-06,2
0.0011448667533277166,0.05117597817376933,0.8496019788954924,1.8372778226686797e-07,0.00013192992420736112,0.0979399236552411,5.138870179769171e-06,2
0.0012635969755675682,0.17009145962236372,0.25140920293273417,1.1567312325701922e-06,0.0012587800399511367,0.5759693700610741,6.433637076862989e-06,2
0.0016252236830008834,0.093291653223631,0.8508894501622631,7.237649251437692e-07,0.00010549465393518027,0.0540793795842761,8.074927968562089e-06,2
0.002374994114096134,0.06145882363769738,0.8257574646608391,1.0439710298139893e-06,9.381992858298167e-05,0.11030765581882582,6.197868928704182e-06,2
0.0028092715945657906,0.04931318892308838,0.826669884403442,9.332438866451159e-07,9.272227762823205e-05,0.12111136804099158,2.631516397378788e-06,2
0.002839799844609744,0.03559875188323025,0.5085306798690986,5.698227203258717e-07,0.0001721595162425362,0.45285544623724405,2.5928268545398202e-06,2
0.0025789431250481157,0.016542952348834253,0.6040096675165146,1.558154138113592e-06,0.00017603831514249145,0.37668831865645824,2.5218838640226398e-06,2
0.00020655096234576076,0.008374847406937988,0.9785785077779267,3.930465436164261e-11,1.4685525425466417e-05,0.012819742568266086,5.665719793263866e-06,2
0.0008984168711407887,0.0226316333680701,0.9723847285241985,6.58450126818584e-08,0.0002349021606413143,0.003841498702291968,8.754528644529054e-06,2
0.0008138946650442764,0.027856684079767338,0.9663035233264126,6.129523636679338e-08,0.0002638724017429012,0.004753264453173735,8.699778622716106e-06,2
0.0008080810467087663,0.023734427657758263,0.971926453655145,5.370763119905512e-08,0.0010249517212864987,0.002498308020671413,7.724190798671253e-06,2
0.0011489369292353613,0.05842144536063988,0.9189741412591957,5.159915817352681e-08,0.0139343949119004,0.007520096980615971,9.329592543065502e-07,2
0.0013648743475255494,0.024259234464825027,0.9638414559575381,2.9630478185734312e-08,0.0007726459811087038,0.009756533544346354,5.22607417809517e-06,2
0.007169072307975954,0.06368684102395489,0.8915893221638502,1.4295031458617032e-07,0.0013591095971095556,0.03619104416109248,4.467795702263224e-06,2
0.0008785331451105062,0.045554923589299766,0.9257120470513597,1.2008540488919633e-07,0.00036302451434564635,0.027485507277119837,5.844337359856095e-06,2
0.0008666251798020029,0.038613525025878614,0.9392031476701318,1.1845772260602163e-07,0.00039978953772620276,0.020910201865108436,6.592263630583301e-06,2
0.0009717957330861971,0.039991694014300104,0.9307094637828256,1.3283333102084648e-07,0.00023620824004955653,0.028087213273741085,3.492122666435619e-06,2
0.0006105288407759367,0.0984303997347246,0.6113971033434084,6.358332610028742e-07,0.0005507049846752911,0.2890073032942486,3.323968906077796e-06,2
0.0004874818523316349,0.08271708021119843,0.6822869289702675,5.076863780158399e-07,0.0003570111108761052,0.23414833611821192,2.6540507363553635e-06,2
0.0008454707740822229,0.1340175970545744,0.49390764961832817,7.994240496350201e-07,0.0006719464092171768,0.37055178655676396,4.750162984459024e-06,5
0.001800500464436433,0.20634385558545673,0.1426680748400028,8.024783317929354e-07,0.0006783355734753385,0.6485009132347886,7.5178235081004805e-06,2
0.000956134070242293,0.06344688391257874,0.8800722695339352,5.558831021764561e-07,4.533018473703304e-05,0.055471668308830914,7.158106573589107e-06,2
0.0021227412224173875,0.04159328204315135,0.681254118286148,5.996915984188606e-07,9.808896897990459e-05,0.27492888222686956,2.2875608351796454e-06,2
0.0006914647336454388,0.03303522928906629,0.9216161136261013,3.8319117892612546e-07,2.530653463407091e-05,0.044623346201020854,8.156424353257824e-06,2
0.0010198374870418385,0.017414262738106163,0.8345829785124081,1.9592480900551315e-07,4.439937734938313e-05,0.1469373507984655,9.751618199661701e-07,2
0.0018740140599889721,0.03438851943130449,0.7349944766967621,6.273065936466967e-07,8.573771002083619e-05,0.228654231895381,2.3928999490065303e-06,2
0.0036331332753566617,0.030346544203483098,0.8150235133039418,1.580069532522678e-06,0.00012489966948620246,0.1508661732669702,4.156211229538504e-06,2
0.0003207818157882713,0.02203204551161059,0.9722538821725504,9.563151231050738e-08,0.00010589529306375401,0.0052793398561210006,7.959719353786316e-06,2
0.0014454905078996251,0.1523499742680488,0.8293633316798605,3.80895428955118e-204,0.012211386416101233,0.004627339257047082,2.4778710428005633e-06,2
0.0012074900540424607,0.06511056480133465,0.9099769737081088,5.997467805810138e-08,0.017537578129657585,0.006166101845808689,1.2314863697262712e-06,2
0.0005786682032046135,0.061228896347547725,0.9139418718635783,5.5348962299734714e-08,0.011920469991219883,0.01232890174096794,1.136504519200321e-06,2
0.0013621152029691297,0.02507502956898361,0.9626711131545109,3.852620924018189e-08,0.0008917630425727584,0.00999353075196415,6.4097527898298e-06,2
0.0024874735378054677,0.031228556277287253,0.9554102427853093,7.358182626669586e-08,0.000570927373386906,0.010297212728837771,5.5137155470535825e-06,2
0.003873579687248411,0.03353544197267392,0.9414385495294193,7.85746023879941e-08,0.0006083114169794808,0.020538778036896115,5.260782180546791e-06,2
0.0002870459808480063,0.04950263778155905,0.8914981372459586,1.852776337341435e-07,0.0001743889060142352,0.05853597130395316,1.6335040331328023e-06,2
0.0008038093062294665,0.11230517426332069,0.603861916845224,8.365076035928451e-07,0.0009183627358705317,0.28210552664545485,4.37369629710947e-06,2
0.0019947651478972573,0.2573988225128819,0.6613050561128191,7.7140149316727e-18,0.0001647502684502348,0.07912694826904494,9.657688906501065e-06,2
0.0008538566008553649,0.0625517838871991,0.877137361273919,5.199416971019133e-07,4.2399297783717476e-05,0.059407383709436504,6.6952891090523876e-06,2
0.001936859508261683,0.0462238570548951,0.6855236948202769,5.007113643942004e-07,8.949962916721349e-05,0.2662235010296443,2.0872463904474676e-06,2
0.001796991242192583,0.06362063185598206,0.8304619424074233,0.0009278241514268424,0.00011229644336050014,0.10307228614016356,8.027759451211001e-06,2
0.0009105555679014047,0.031274065912581354,0.7417069541076604,3.322081787291847e-07,4.568007934228709e-05,0.226059271995866,3.1401284696484783e-06,2
0.00241981158266746,0.025159566547461633,0.8062922771756753,1.0729276783865077e-06,9.180416805449697e-05,0.16602784674623416,7.620852228489754e-06,2
0.0004463814120858491,0.015795457342235426,0.9774879329017465,9.289138545672412e-08,0.00010646537187345776,0.006155667510809386,8.002569863978968e-06,2
0.0003513014866893352,0.029520859927702446,0.9635161315695859,9.62512457747668e-08,0.00012470125358460577,0.006478617490193116,8.29202099872248e-06,2
0.0010363597264845248,0.029716967513653162,0.9656719713347282,6.71484847452592e-08,0.0004587488468249279,0.0031069575959735167,8.927833850976826e-06,2
0.000786737872597029,0.03337744690462099,0.962416693684273,6.408704247175609e-08,0.001046552608824825,0.0023632878927832795,9.21694985838625e-06,2
0.0003670123547388415,0.026162452911453606,0.9618256448336521,6.129945556367374e-08,0.0003288430350321434,0.011311392206433459,4.593359234416366e-06,2
0.0005891147282202527,0.03061519350893184,0.9546278573899777,9.330623123427548e-08,0.0005501987025275886,0.01361129525952961,6.247104582055854e-06,2
0.0005689232184111096,0.0295658784087782,0.9556559867844193,9.010822311637862e-08,0.0002671012164303345,0.013935268173773276,6.752089964625157e-06,2
0.00057103676986882,0.029675715735480883,0.9592062516331258,9.044297543471642e-08,0.00030628034123131217,0.010234569675457076,6.0554018609362645e-06,2
0.00034682161082562986,0.020859527752333046,0.9663382360806334,9.007350452902572e-08,6.120334076220679e-05,0.012389566081292254,4.555060649065045e-06,2
0.000283218745984312,0.04151285035271711,0.9117499559801988,1.8334360255147463e-07,0.00017128044425516862,0.04628089468063405,1.6164526078019528e-06,2
0.0004665673745981992,0.08030256385679722,0.8249463201118137,5.007510302698084e-07,0.00045964958854359924,0.09382164803804628,2.7502791705499537e-06,2
0.0004955835279384344,0.06872423380004736,0.8753004625072452,5.161038723970923e-07,0.0005480628021661092,0.05492834006183884,2.801196891611036e-06,2
0.0005380068622057038,0.10370456720231437,0.8215944297463729,8.711652050698657e-07,0.0005380169807242081,0.07362076868190198,3.339361275720545e-06,2
0.0013790293137760706,0.19774270776607827,0.6026569437650661,6.14919373554325e-31,0.00012242129249212755,0.19809172150548934,7.176357098185097e-06,2
0.0018629472007295805,0.21839140597443127,0.7188493290367888,5.6088906294430746e-18,0.00018766091422686815,0.06069896224715109,9.694626672504998e-06,2
0.0014550382031185123,0.05781685825887219,0.8919974567036847,2.632780398321006e-07,6.520889487119341e-05,0.04865619295374876,8.981707664952615e-06,2
0.0010879156904746404,0.0554043108055173,0.8983645295667442,3.119445987647351e-20,5.1420631781739635e-05,0.04508645315221765,5.370153264527641e-06,2
0.0008961164175121,0.032610248796593425,0.8689801342865604,2.8658647379902655e-07,4.348749060775354e-05,0.0974632453782949,6.481043957837722e-06,2
0.002721886268131999,0.027373382631796304,0.7434279651857899,8.132570826740673e-07,0.0001117969083902433,0.2263577707410371,6.385007771657432e-06,2
0.001734651158504654,0.011035249996108751,0.10531561400017489,5.262172516432148e-07,0.000127463220287,0.8817849581453201,1.537262352750095e-06,5
0.00044229366247370547,0.023949606247125138,0.9423025604530392,1.5271658989704285e-07,3.769967705886025e-05,0.033254109805380246,1.3577438332883588e-05,2
0.0005936860364241723,0.0223341684919537,0.9618868215273205,1.2846150323924305e-07,0.00012810269908335325,0.015046025857008514,1.106692670638155e-05,2
0.00047186122152057284,0.02235769466494713,0.9720357415857562,9.489980242440941e-08,0.00020399007209416417,0.0049224419613906984,8.175594488607805e-06,2
0.0007183207157183729,0.021844043371831347,0.9724051906745401,3.8349635640347077e-08,0.0020108906308200186,0.003018077100935829,3.4391565187905715e-06,2
0.00033066891699313306,0.019533955034412312,0.9721936988887817,5.9328568063117066e-08,0.00032127211479884274,0.007613454748970913,6.890967474876641e-06,2
0.0005199729601421946,0.025452077178041422,0.9673650254056934,8.235529503933826e-08,0.00015443347159673702,0.006502894719450481,5.513909780634437e-06,2
0.00036785129417508245,0.024941762025333124,0.9603529048760568,8.743357326591289e-08,4.7790331452767374e-05,0.014285378966926464,4.22507248217797e-06,2
0.0003419945838728903,0.020569207023926783,0.9691758977873937,8.881987090148366e-08,5.462996516486182e-05,0.009853690155980003,4.491663790743391e-06,2
0.000273020957858579,0.040711025441854516,0.922345836825928,1.8019211799456012e-07,0.00011885553213024579,0.036548253772881144,2.8272772295732625e-06,2
0.0003969996559057949,0.05353184806130313,0.8926704820961735,4.0482230657937556e-07,0.0004752327727215566,0.052922808017007085,2.224574582440586e-06,2
0.00021104791960331888,0.023683659071685615,0.9415736742685127,2.7726355762449195e-07,0.0003016408631281188,0.03422852346367442,1.1771498382834813e-06,2
0.00044517865511191785,0.06204349663341054,0.8834146583697611,6.511762860157676e-07,0.000540625611225389,0.05355262636944641,2.763184758579702e-06,2
0.00048076849872704167,0.10520545689752758,0.8130284857468251,7.78482241039777e-07,0.0004807775407398716,0.08080074874615154,2.9840877877530625e-06,2
0.002581413229429418,0.051463348520071193,0.7097774846578029,0.0007531503875412806,0.0001339272816989246,0.23528718130742698,3.494616029419388e-06,2
0.002452889613053974,0.13973089025287072,0.7549382936261587,0.0006849549069416271,0.0001320039971391238,0.10205278016982491,8.187434010922678e-06,2
0.0012479323471673064,0.07612936810488065,0.7362159281625166,2.5814110954687804e-07,0.0001360393818735357,0.18626595039161223,4.523470840125018e-06,2
0.0016207402746663774,0.11062990891334162,0.5986643938268834,3.0896020668929666e-07,0.00012197171460437448,0.2889526512550784,1.0025055219204023e-05,2
0.0005530334359515295,0.021230211196126142,0.7518829128877774,1.7630471565939507e-07,3.5075539213735354e-05,0.22629666715660046,1.9234796150448162e-06,2
0.00047107180879943003,0.022294348907719055,0.9682874228894901,1.0621754302196043e-07,0.0002331330412456908,0.008704766520163061,9.150615039641441e-06,2
0.0006812158359928698,0.03543728669793355,0.960262366528374,5.881549528458988e-08,0.001049291889596888,0.00256132143266862,8.458799938741557e-06,2
0.0010297402534455312,0.024746280164723886,0.9655174605668149,2.7200591476204985e-08,0.00014526229547498246,0.008555232362330831,5.997156618460767e-06,2
0.00040476411514482906,0.028138621062699456,0.9607318446969564,1.0313680475069666e-07,5.6387422264628524e-05,0.010656300305713002,1.1979260417066827e-05,2
0.00032094272432602516,0.023769391195506008,0.9691793508971083,8.71222173009586e-08,5.890122927404564e-05,0.006664798492324882,6.528339243510946e-06,2
0.00032172311866716913,0.023909624185335217,0.9715359772471275,8.733406097341561e-08,6.223106084392106e-05,0.004165531293863135,4.825760102408043e-06,2
0.0003472242487910862,0.021455723470985916,0.9703804207613634,8.865649275779261e-08,4.8458767222620256e-05,0.007762148303130856,5.935792013135719e-06,2
0.001656516894792991,0.16796478852347027,0.7392223618871822,3.376751156671536e-07,0.00014984543790509553,0.09099856215599537,7.587425538549424e-06,2
0.0019513785566672615,0.045160575243382926,0.8764951476826526,0.0005776280654519551,7.509151921535181e-05,0.07573306628676281,7.112645867270867e-06,2
0.0014749351512163332,0.04158710605758615,0.6690078370374671,2.0372092503445576e-07,0.00013740567259698714,0.2877910536099799,1.4587502284273374e-06,2
0.001158955048605052,0.04289744467575712,0.6070295491083992,2.2042772263666995e-07,4.927133456173875e-05,0.3488629810251649,1.5783797893789054e-06,2
0.0004425501844360573,0.019999217942707714,0.9690038719474807,7.339203110134062e-08,0.00012716849398323554,0.010418763804783298,8.35423457787389e-06,2
0.0003213820213178226,0.015280421258934506,0.9784857008961902,5.7263916895129346e-08,0.00010509421302288889,0.005801527719187437,5.816627430075972e-06,2
0.00032008700949592975,0.023087341551888043,0.9695288509257257,9.02810032334672e-08,9.10893313969765e-05,0.006962060325674387,1.0480574815742593e-05,2
0.0004117577181996344,0.02045396121404868,0.973463010400274,7.693951690815109e-08,0.00020022816333365652,0.005462029099011042,8.936465616071283e-06,2
0.0002271773208109313,0.015950579478544853,0.9808624342853007,6.475972404270565e-08,5.560283264484945e-05,0.002896619530916939,7.521792057841632e-06,2
0.00034926821017709016,0.036619148253476494,0.9223239514691678,2.305148257980204e-07,0.00022799488592862197,0.04047578980834357,3.616858080759479e-06,2
0.00022421273094909197,0.02896146236262975,0.9329276789583649,3.368138702029702e-07,0.0003403684215961669,0.037544511485247754,1.4292273422876982e-06,2
0.0011638084118519576,0.08461341748901549,0.6773029303803578,2.18422907002889e-07,8.664549014313294e-05,0.23682619314407208,6.786661652465575e-06,2
0.000839385707898912,0.07500924110894759,0.8679403074083168,3.033339021539582e-11,6.561420632737122e-05,0.056141434510377626,4.017027798229531e-06,2
0.00045090315220785515,0.029189550873958123,0.9336629801614371,1.2906258758843086e-07,2.5607773762395987e-05,0.03666814959010236,2.679385944578167e-06,2
0.0009602210851486823,0.04073031169641881,0.8901504732026423,2.318779530599076e-07,5.1826446304766725e-05,0.06809954174303233,7.393948499971608e-06,2
0.0009887055914114741,0.04111682403091472,0.7135956816045158,3.2197325026687594e-07,9.044635070391496e-05,0.2442068432890193,1.1771601846354796e-06,2
0.0010536791908774114,0.04448333482120719,0.6970907400828207,3.373656457248552e-07,9.704151466732558e-05,0.257273633588757,1.2334360245205589e-06,2
0.0012176075751830556,0.06264214818236963,0.84601110153385,6.064568982771266e-07,5.8913111842805304e-05,0.09006740588449816,2.217255358193982e-06,2
0.001951157159598027,0.014157996402968363,0.25175842960377964,8.816683099700989e-07,0.00015851482807450752,0.7319705597157116,2.4606215579682446e-06,2
0.00043451489209125454,0.02232339686520351,0.9447258925568494,1.7154546029572516e-07,0.00011428931761056812,0.032390153266945935,1.158155583912407e-05,2
0.0002898006731897877,0.031527548696102935,0.9638979409285214,8.864001000320327e-08,0.0002595975248626263,0.004017036238526811,7.987298786235951e-06,2
0.0007828265891113105,0.036521807219648074,0.9573101669081666,8.73164223316418e-08,0.00035502448628873265,0.005020916352759826,9.171127602936925e-06,2
0.0001200245768097376,0.008555339358320943,0.9866519210414008,1.9050835548574264e-08,1.7832452610107005e-05,0.004651639589872429,3.2239301503717514e-06,2
0.0003741715543139782,0.015732627749532883,0.9485758726585156,5.98398494375669e-07,0.0002427628120855224,0.035071646911910226,2.319915147369759e-06,2
0.0004807250941879236,0.050278697992639836,0.8948975192802714,3.4335949754444165e-07,0.0002793928268508242,0.05406029579666159,3.025649891139548e-06,2
0.00034700019481166173,0.044713795855585874,0.917619845156673,2.478460433600317e-07,0.0003069560702665048,0.03700997088182837,2.1839947910996327e-06,2
0.0002218186227822537,0.02031801614574258,0.9240299569486171,3.0127742082120826e-07,0.00020066291187785689,0.055227889650721874,1.3544428374183248e-06,2
0.013139190811917414,0.2099071208567497,0.6792032682755806,3.283528464450359e-07,0.0004010624421461714,0.09733594950355352,1.3079757206156622e-05,2
0.00073760772469229,0.07543800274264452,0.8692414799387759,3.325332714783349e-07,6.371329960925169e-05,0.05451496311037031,3.900650636088312e-06,2
0.0008206948729891455,0.06616193308020117,0.8756381618231401,1.6207878544420122e-07,5.178937906594908e-05,0.05732049317257584,6.765593242484498e-06,2
0.0006509461051425078,0.04908129668045322,0.7177183276532408,1.3190870971293675e-07,6.364871402002064e-05,0.23248385563448126,1.793303952494821e-06,2
0.0012109220196218264,0.05938061424575809,0.8686893900344034,2.169531313585436e-07,6.163154521925941e-05,0.07065466590682849,2.5592950376375315e-06,2
0.0008980557593401671,0.04298589036337618,0.8664155001880659,2.3660251246134395e-07,5.052036967000686e-05,0.08964594626753579,3.8504494993937014e-06,2
0.004192292609054337,0.05296615835616274,0.554835810197259,3.0984404087011407e-06,0.000443006527338759,0.3875543272664278,5.3066033484611705e-06,2
0.0024165835690567604,0.029331002364173756,0.32086445680510517,1.232563277773972e-06,0.0004380620022933492,0.64694230068768,6.3620084131712135e-06,5
0.0008543309592382872,0.03351385378119275,0.8743388921116774,3.3153380058861037e-07,0.00031063718492719444,0.09096043704578023,2.1517383383349733e-05,2
0.0004456831774520292,0.021431158663462943,0.9692798022589336,9.886791767033917e-08,0.0001675345078845173,0.0086673091467417,8.413377607312747e-06,2
0.00035168728938867816,0.02261892831946283,0.9683743015063767,9.877555530640093e-08,0.0001673779972230807,0.008479200594159486,8.40551783376004e-06,2
0.00033781049990960673,0.02172643627894298,0.9692235456553263,9.487809404458525e-08,0.00016077363789314663,0.008543265194829465,8.073855004419738e-06,2
0.00025129284423310776,0.025531397839556314,0.9670480852352714,8.396566571578443e-08,0.00014498964735904513,0.007017178885117628,6.971582796588238e-06,2
0.00019625127280813588,0.012560463079301558,0.9787170445466127,1.1579096003363084e-07,4.824648407008e-05,0.008473296995240279,4.581831007188049e-06,2
0.00019242075007450896,0.013841201348214144,0.9750992954144003,9.422335613338125e-08,5.630810182746613e-05,0.01080223205873613,8.4481033913403e-06,2
0.0002984254321652565,0.01807111540999329,0.9683996963774226,1.3007353751092532e-07,0.00010032535783987683,0.013118651014722501,1.165633431892041e-05,2
0.00021814441178721279,0.013712764964889101,0.9803045378020632,1.0703839488292988e-07,8.719761444583385e-05,0.005672260015170379,4.988153249242671e-06,2
0.0005650145128212841,0.023641629129761293,0.9201705523015629,1.6605306171333942e-06,0.0005239687531366016,0.055093895729869294,3.279042231596934e-06,2
0.00023993902312062547,0.02506128983297578,0.8879887535941479,3.4508382789676e-07,0.00021019015829517785,0.08649801722013353,1.4650874989964164e-06,2
0.004405490074403197,0.08479972105914986,0.8529818474507879,1.3763968242850406e-07,9.613707321252772e-05,0.05771012523862137,6.5414641427160085e-06,2
0.0043040862522673575,0.060677295925767774,0.5166195979634566,3.7600171498707366e-06,0.0003416452048241554,0.41804759181598455,6.022820549613213e-06,2
0.0008571289994047349,0.011630714741923953,0.9233509780949893,5.164437379591052e-07,0.0002963618115443552,0.06384456709569869,1.9732812701101135e-05,2
0.0001950149912311903,0.012753195224399588,0.977706281195709,8.975003478646088e-08,3.8334552785514075e-05,0.00930342658073877,3.657705101097753e-06,2
0.00019502647112439313,0.01203858301212354,0.9750416283443252,9.830538311423562e-08,7.097411609031821e-05,0.012649910864545597,3.778886407787363e-06,2
0.00027380438235919134,0.014925489934940988,0.9656529829077174,1.1650462102777903e-07,6.302167707137034e-05,0.019074138742872417,1.0445850417579224e-05,2
0.000425811636711931,0.020191030075517518,0.9446565149036164,7.32126567912823e-07,0.0003027325594810976,0.03441783616469889,5.342533406335291e-06,2
0.00042758761431982504,0.02027524293914739,0.9485964936946493,9.255741413614418e-07,0.0002807173529325843,0.030414605220694203,4.427604115578226e-06,2
0.0003808116492944401,0.017390700076922182,0.959247524735218,7.876339586816978e-07,0.0004174175012045392,0.022560439005957923,2.319397444285834e-06,2
0.0005307442817143088,0.04968006795867113,0.7478461566196812,6.572946622889321e-07,0.0003532146795371731,0.20158607121432298,3.087951410766387e-06,2
0.006768506642132273,0.1851492888804964,0.6430154417746092,1.8638636336777763e-07,0.02417751558502536,0.1408845050077476,4.555723625723729e-06,2
0.0027699640211954753,0.1082943242190038,0.7488645818615226,1.434423310671915e-07,0.00018938467295666507,0.13987382267871248,7.779104277833355e-06,2
0.0004681834517225445,0.042787376957066754,0.9223199624713526,1.3767063896264228e-07,4.217670790896487e-05,0.03437810195294982,4.060788360306697e-06,2
0.0015305555120855927,0.08133398450261585,0.724268291147829,5.260977244856309e-07,0.00015181799874709805,0.19270168476933106,1.3139971666973145e-05,2
0.0017682508127852459,0.023040153416068913,0.24454211449270943,8.235397617456147e-07,0.000195764285126565,0.7304477288812845,5.164572263541035e-06,2
0.0006233856215294968,0.028556801654199576,0.9474369168768686,1.7090585589663817e-07,0.00016021503974777325,0.023208809565632184,1.3700336166296427e-05,2
0.0002942759562565713,0.02235262304575105,0.9677141163026296,1.0651196345569866e-07,9.149175402319543e-05,0.00953898158240081,8.404846975237496e-06,2
0.00033697991614977096,0.02104934314581684,0.9717616644840806,1.0309797959239566e-07,0.00015272301747921264,0.00668994253285198,9.243805642009827e-06,2
0.0003307707179498502,0.020318326539896816,0.9703318521125532,1.0119829430368512e-07,0.0001499089403197984,0.008859967011878642,9.07347910739441e-06,2
0.00014659680515154204,0.014454354179652995,0.9746275497946258,6.746695871363676e-08,2.1135020308035337e-05,0.010746883836882253,3.41289642065282e-06,2
0.00021363956752932034,0.01565056421988399,0.9668239421624173,9.159043866481443e-08,4.070179846270712e-05,0.017267980041155505,3.080620112624723e-06,2
0.00016034213953900717,0.011746161916679728,0.9725739425227216,6.874104393053041e-08,3.054777504031533e-05,0.015486135407821369,2.801497154153919e-06,2
0.00027518680015149087,0.016267952631337113,0.9601268284739175,1.2700540644997319e-07,5.181197449612953e-05,0.02327382132153004,4.271793161224051e-06,2
0.00024989434336382133,0.0136221176393826,0.973824299515972,1.0633082465566429e-07,9.791210348608753e-05,0.012201580537644332,4.0895293264333745e-06,2
0.000269224294590701,0.005702743280107907,0.9790841252607828,2.6033284684837296e-07,7.578993308471681e-05,0.014862427228622537,5.429669964522521e-06,2
0.0004536865090647213,0.021449865588272044,0.9390883848002172,9.791962041475854e-07,0.0003811128524266368,0.03862029543335229,5.6756204630539676e-06,2
0.0004013300280502622,0.019481886083294327,0.9467370665845329,3.732724696400252e-06,0.00032877048764271016,0.033042959736890545,4.2543548928369835e-06,2
0.0013585851040698227,0.05620625099605854,0.6184140289757704,6.925095485667209e-07,0.00035275610935173174,0.32366455675446504,3.1295507360874884e-06,2
0.00848450186355522,0.19136035968727041,0.6353142535297193,2.1581925049800255e-07,0.0022068151590682733,0.1626289780041876,4.8759369488371235e-06,2
0.006129849469120922,0.17602081402369396,0.6622856982874782,1.9901541146455903e-07,0.029733275199553835,0.12582583289342109,4.331111320575736e-06,2
0.0019236789380542372,0.10278550881012738,0.7969288473915521,1.1139536368996164e-07,0.00028096619761216,0.09807438902940088,6.498237889330441e-06,2
0.0005751718719918577,0.08121744558836778,0.8893558273884111,2.334503922046241e-52,6.943830917842205e-05,0.028778010061827078,4.106780223539036e-06,2
0.00041141226700786314,0.04188587687478777,0.9274496400091219,1.2097691506962417e-07,4.054465617485229e-05,0.030209467694454782,2.9375215377242457e-06,2
0.0013614201147818179,0.018734876531153896,0.28283275237630856,5.915894080118072e-07,0.000151765514633807,0.6969164570653188,2.1368083951764e-06,2
0.0013307510582009107,0.014128152970283369,0.241938664369175,3.3336321250094356e-06,0.00024402202161777697,0.7423533207032216,1.7552453764319885e-06,2
0.0007090335928704476,0.033272167743727966,0.918804566901682,1.9539456142341627e-07,0.00019673017951131954,0.047001887624930905,1.5418562716107693e-05,2
0.00030804918149320265,0.023974628345155288,0.9654818035371381,1.1268368293810055e-07,0.00010266755015813488,0.010123846845711711,8.891856660729368e-06,2
0.00023966581528394383,0.020906855333460483,0.969025819302393,1.1093871243567204e-07,7.068553307506477e-05,0.009746916268224088,9.94680885100305e-06,2
0.00021174627743218773,0.01397121234990375,0.9673452690734015,8.474569685535624e-08,3.4572086392684124e-05,0.018433661710654605,3.453756518551011e-06,2
0.00023720039248445503,0.01599158657993234,0.9668016583268064,9.466496787782782e-08,4.490506281590886e-05,0.016920696962946333,3.858010046746179e-06,2
0.0002818852239554825,0.006027625908617534,0.9785296528322132,2.7516388787848826e-07,0.00011117362074066212,0.015044650834504734,4.736416080711344e-06,2
0.0003083151722019836,0.014673390724827378,0.8209012521664193,4.3195456366594194e-10,0.0002700886833958658,0.16384507022328634,1.8825979145416638e-06,2
0.0026361935489474346,0.14085640274494582,0.720497282604918,1.5265527595741164e-07,0.0005448634113202407,0.1354561999036663,8.905130926216814e-06,2
0.0017580655202704325,0.17274452198482443,0.8035782192041517,2.5247493295854323e-53,0.0004103170829600839,0.021503620972246024,5.2552355473308294e-06,2
0.0017396367483206601,0.16879679058481636,0.8034523532749287,2.943391318094391e-07,0.00018356324766833393,0.025822161657145334,5.200147988688987e-06,2
0.0008497282134390715,0.13462194056550186,0.7868669222564214,4.244713565221102e-07,0.00015218984873879797,0.07750226660318948,6.528041353056195e-06,2
0.0009912402775422967,0.05034474597479828,0.4576753789012483,3.182764055956909e-07,0.0001254781584126367,0.490859751351783,3.0870598097098943e-06,2
0.0002767889653901269,0.015999833049040863,0.9726814352925722,1.0148457019956188e-07,8.242791829302885e-05,0.010950314143416018,9.099146717486649e-06,2
0.00030073909215795445,0.01807501520909045,0.9714512018663427,1.0995202966286759e-07,9.000244687436113e-05,0.010073073091021635,9.858342483202391e-06,2
0.00032625223569264836,0.020150106092814632,0.9678341629328318,1.1934231834811109e-07,9.763778729220478e-05,0.01158102693596259,1.069467308785824e-05,2
0.0028971942635620403,0.19452349383242185,0.621372551022734,1.938624563952542e-07,0.0008458099977725624,0.18034796639657805,1.2790624475135398e-05,2
0.0006828429472064375,0.08673518502368396,0.7496053938294541,3.2436024162732567e-52,6.059212986857204e-05,0.16291005335484926,5.932714937638628e-06,2
0.0011299127061022362,0.051924722816847256,0.33788120052267273,3.716054513731417e-07,0.00014927622579921312,0.6089124298339681,2.0862891591664598e-06,2
0.0015020579179727451,0.03375482115110999,0.6369699790833129,4.946567629387562e-07,0.00014584856727281487,0.327617142362213,9.656261355892934e-06,2
0.0014660487626340492,0.014655307149090649,0.8907572161131305,7.729227207578326e-07,0.00036653504725056997,0.09274886392910306,5.256076070148828e-06,2
0.0014371958680975624,0.01594449821713957,0.9009608120858998,7.497323583976445e-07,0.00038827637018374456,0.0812633693507626,5.098375558330578e-06,2
0.0008390333082350087,0.03773347880208676,0.9151961873200657,2.7761085014596016e-07,0.0003253765183036677,0.04588470554407529,2.0940896383059043e-05,2
0.0008147396924475678,0.03422099128018951,0.9287778853871664,2.2691431645232062e-07,0.00018564589719718974,0.03598017626113788,2.0334567544881214e-05,2
0.000424953808422985,0.01982038633793286,0.9631932450536919,1.5740921937951428e-07,0.00011576207579589854,0.016432716439359455,1.2778875577606021e-05,2
0.004939002866800784,0.5672123808772319,0.3833502563636485,2.18025007996761e-07,0.01462529150759166,0.02986412343543876,8.726924280350021e-06,2
0.004243266197872267,0.5917325195687302,0.3681269740178628,3.7341631415243315e-07,0.007964495243816276,0.027927603285513247,4.768269891130877e-06,2
0.004217904203781754,0.3324000828902093,0.5232780676616788,2.896281082513793e-07,0.0016503622307195447,0.13844851870936006,4.774676142278982e-06,2
0.0010256250724156248,0.05162437151761167,0.36622999451271715,3.7532330062376555e-07,0.00014841275834225772,0.5809691465943014,2.074221311221522e-06,2
0.0019234270333942098,0.030314071478439442,0.7138519119412913,4.999673955543086e-06,0.00013997986044374814,0.25374463973899875,2.0970273477257025e-05,2
0.0019150432295078931,0.02299415379915596,0.155834751374538,1.2640901240990375e-06,0.0006165320477686105,0.8186359879618493,2.267497056130681e-06,5
0.00312718728387544,0.04707167134026755,0.5550137019398305,2.012505307426326e-06,0.0008290291047527058,0.3939528268111198,3.571014846448886e-06,2
0.0007236420029624186,0.026616460816666538,0.9534512058666264,2.36521390738995e-07,0.0001512225634469729,0.01904007169352206,1.716053538479516e-05,2
0.0007064666449996448,0.025984729601014386,0.9541629803969987,2.1466551455073061e-07,0.00014878571676157324,0.018986823506539185,9.999468171711224e-06,2
0.006696586038400779,0.6296254502573643,0.30984092710069966,2.7218554241318143e-07,0.023032884579799316,0.03079384827619539,1.0031561998114815e-05,2
0.004311017040311744,0.5799911777624571,0.39163027364298003,2.1152459592545536e-07,0.006412519874752592,0.017648350874369844,6.449280532877371e-06,2
0.0035784575452608206,0.5848690280132451,0.38624226969480263,2.1408788416387113e-07,0.006215394233781477,0.019088108991099775,6.527433926168779e-06,2
0.0033044645918490012,0.5506420422437424,0.423058394243602,3.0805824610991863e-07,0.005829560695310412,0.01715910793737596,6.122229874078018e-06,2
0.0013202949401319415,0.15932026435317975,0.8213042561880805,6.173047120680864e-08,0.0005817788929054039,0.01746930447053633,4.0394246947746386e-06,2
0.0015096007685744114,0.19332292145116953,0.7813584119635927,7.0581476869817e-08,0.000709444444702176,0.023094932187141554,4.618603342690139e-06,2
0.0016392806959472915,0.2048760368608056,0.768235396674464,8.101449671727713e-08,0.00039007300595713925,0.024854280387568196,4.851360761093155e-06,2
0.0010508343218058468,0.05095246881934509,0.7439252022751665,5.032731611530664e-07,0.0001248840967476097,0.20393804101610355,8.066197670212679e-06,2
0.0014716064731226065,0.0850058066214783,0.714371867946729,6.484285139147013e-07,0.00010339516336721984,0.1990301197580819,1.655560870713667e-05,2
0.004063336337557571,0.08051922161055991,0.4862789736520246,3.452397538559274e-06,0.0003647285608370137,0.4287647434878028,5.543953679631105e-06,5
0.00175441530708149,0.02856824503213259,0.21930225461932631,1.511201861015706e-06,0.00041183881981146886,0.749959908835531,1.8261842560313913e-06,5
0.0019015835632033335,0.0319288482214812,0.11704768627866902,1.5409481304847466e-06,0.00031296958052015757,0.8488051143208846,2.257087111306074e-06,5
0.00332761543764542,0.04754054972332999,0.6709314636754058,2.354020936701164e-06,0.0007636668664740073,0.27743002264348254,4.327632725508193e-06,2
0.0008874098468275883,0.012121973923759733,0.957133678169133,6.641869025502013e-07,0.0002161957924264241,0.029635268648837757,4.809432112913524e-06,2
0.0013773408603053043,0.01458292184312517,0.951742661714527,7.202608630392096e-07,0.00025798143271155697,0.03202820537986041,1.0168508607488035e-05,2
0.007221453537887122,0.7031115367633823,0.21854781347847402,2.7013764609997773e-07,0.035053471443182334,0.036054636819950095,1.0817819477926137e-05,2
0.0036502810521739397,0.6048065802311284,0.36486731439527265,2.1375636067650516e-07,0.007604825906592178,0.019064267332533313,6.517325938660724e-06,2
0.003699506573159859,0.5501909132536532,0.4211631672803408,1.998983936787074e-07,0.007111799986315386,0.01782831820477255,6.094803364427083e-06,2
0.003197836732753278,0.5094365612491442,0.46485370501586315,1.8509129798724858e-07,0.005750745501183581,0.01675532306743295,5.643342324761361e-06,2
0.0018750502419525364,0.23434233285114112,0.7268335403692333,9.26664067032225e-08,0.00036611613851215746,0.03657731862503201,5.549107722292886e-06,2
0.0020195898284889415,0.23151762570444162,0.7004300229838851,3.452247206100701e-07,0.0001875766825996479,0.06583925897435654,5.5806015074268504e-06,2
0.00036335820985977657,0.031629596257925094,0.9092300549094604,2.1169086022561017e-07,0.00014170629901483407,0.05862313857986486,1.1934053014659726e-05,2
0.00028605548388233677,0.022285354874139712,0.9216572045793108,1.7667472724321522e-07,7.877763059828618e-05,0.05568350369586861,8.92706147294017e-06,2
0.0013232592263189794,0.09184005222627967,0.7015192997808437,5.301965662812559e-07,0.00010107663923196602,0.2052031251227346,1.2656808024941072e-05,2
0.0029086877475645446,0.07758899190524947,0.5219986588387057,2.4038843795702626e-06,0.00022199323372402313,0.39726028285304466,1.898153733212695e-05,5
0.0016417354458754126,0.03186484627291246,0.12996743292147572,1.5319197621702797e-06,0.0002523817806704458,0.8362697242385382,2.3474207657879867e-06,5
0.0019039470084498376,0.0358308649629003,0.1427971847683464,1.4188462262456004e-06,0.00041478742241554304,0.8190480047099192,3.7922817424788313e-06,5
0.004247765839243586,0.05114901750627992,0.37162089551217853,2.8172092346175617e-06,0.0011883563746027503,0.5717854194897436,5.728068716930375e-06,2
0.0029989514337042905,0.527053914337145,0.44729383282316815,1.8811628282141865e-07,0.005545620292269678,0.01710175742481073,5.735572619389309e-06,2
0.002686318427610077,0.43562807399849984,0.5417180691609248,1.55484537243814e-07,0.005827455261282163,0.014135187020343875,4.7406468019604005e-06,2
0.001370359518500144,0.2615714880186673,0.7272466811385827,1.4323044756002907e-07,0.0027106291451930507,0.007097852442352774,2.846506256536599e-06,2
0.0009097160730643207,0.19983652689514733,0.7940331450168884,5.353726402867396e-08,0.001297985802259189,0.0039148774403001425,7.695235076684017e-06,2
0.0017837566164758012,0.23246550732173746,0.7378638745424176,8.067257499868554e-08,0.0009448224555269198,0.02693667946199187,5.278929275446825e-06,2
0.0018331672650546752,0.29420048285516953,0.6620207395844069,1.0304825051296526e-07,0.0004779857109296592,0.04146135073640217,6.170799786395322e-06,2
0.0002709227053713966,0.03358247207057813,0.9118653613873905,1.8494684431533598e-07,5.768183355166835e-05,0.054209969419339095,1.3407636924801975e-05,2
0.0016091803233531515,0.10874548463144494,0.6510585506090429,3.501442846708379e-06,0.00014276114447440172,0.23841983963251326,2.0682216324581233e-05,2
0.0012983224481973195,0.1503466447187873,0.6434378715016916,6.635508051051175e-07,0.0001203075294108647,0.20477799514626316,1.819510484453471e-05,2
0.0019036717679484193,0.17964589113566617,0.466915122155711,7.627532191863344e-07,0.00012251092225915868,0.3513970519822504,1.498928294562274e-05,2
0.0015012949512906986,0.0321010801777587,0.2137241647839138,1.2556965677430514e-06,0.00011671491772518834,0.7525460159578197,9.473514924251139e-06,5
0.005267106090104114,0.6621763172151072,0.29880420911407424,1.740780751885621e-07,0.020918465778391536,0.012830228971163581,3.498753084146574e-06,2
0.003368491529731255,0.5361317188026369,0.4467006715580412,1.6527858810161372e-07,0.005364454639207044,0.008431260334259595,3.2378575357812885e-06,2
0.0035803836199251454,0.5932254372010175,0.3781037451802776,2.0966324550959586e-07,0.006862493790711661,0.01822133801594496,6.392528877357857e-06,2
0.0031965769918433644,0.5237854574050552,0.45086168757748823,1.9030461798860386e-07,0.0056101318578152745,0.01653892537024056,7.030492939373651e-06,2
0.0012619184761759657,0.2217772068490555,0.7685898297321064,7.915680470646095e-08,0.0024202531547803797,0.005948299179168965,2.4134519080611527e-06,2
0.0010492272493096827,0.23323288096802353,0.7596797238706398,6.124956549499191e-08,0.0018088617869841438,0.0042246690623590636,4.575813118346223e-06,2
0.0003366452303961083,0.03770420563294025,0.9509664224022923,4.179048806175609e-06,0.00012958778497146434,0.010846471422416664,1.2488478176827942e-05,2
0.00035422226887800776,0.03747859737664233,0.9360042835646023,2.7627991968051146e-07,9.573217793440854e-05,0.026051221287624025,1.566704439906928e-05,2
0.0012104207345763828,0.07509070768042313,0.1716616408669311,3.470261044363688e-07,7.677604219933021e-05,0.7519470735669899,1.3034082775734022e-05,5
0.004217811107963751,0.05122735931813786,0.14920159355606566,2.9993501771432803e-06,0.0009253635917206837,0.7944193654505138,5.507625420945172e-06,5
0.0024105942147156093,0.4090502897638251,0.578629300291096,1.1941787018035994e-07,0.004996270634598056,0.004911510042459134,1.915635435803588e-06,2
0.0030339215149674825,0.4321759954803803,0.552900752215862,1.3802420098497523e-07,0.006748906857983711,0.0051380717987001044,2.2141079053407896e-06,2
0.0024702645415013457,0.4341392732853827,0.5442489898947922,1.5495315392913775e-07,0.005807539374160789,0.01332905350582213,4.7244451869574575e-06,2
0.0007340746696976187,0.045047925394389454,0.9444929173112453,4.2144828614050066e-08,0.0004887016589327563,0.009225841698903753,1.049712200257885e-05,2
0.0007666917575507031,0.0868815591087183,0.550756666577105,2.388413779450891e-07,0.00015748653261517189,0.3614163099884923,2.1047194140473876e-05,2
0.0009073508137080682,0.08562497392968339,0.15421424029499906,3.4958936008814707e-07,5.839262149680909e-05,0.7591887696053337,5.923145419017662e-06,5
0.001187979209956673,0.13642008367584782,0.14390420493293052,4.0804513314386884e-07,0.0001511816755435473,0.7183181746817957,1.7967778792522942e-05,5
0.0014093935952379788,0.07866035932183728,0.12452048929812481,4.07282751968739e-07,0.00011683424246508759,0.795278026159499,1.4490100083794498e-05,5
0.005385479495136978,0.7150075677927321,0.2533420580251941,1.8227740468990904e-07,0.016406018829824898,0.009855397840056287,3.295739651110805e-06,2
0.0029435204481663697,0.49995352157578826,0.48497662055651236,1.117456963017754e-07,0.007729003524242622,0.004395201686757539,2.020462836681675e-06,2
0.0022169952822541097,0.34703528118703497,0.6388164989965008,1.2832003905049855e-07,0.003328575147434329,0.008600007238356357,2.513828380334217e-06,2
0.0016860774731068788,0.2700177595320803,0.7192257035746187,9.786899268477862e-08,0.0022204055076943167,0.006848038760336169,1.9172831709387056e-06,2
0.0013675309773122535,0.2101333232007682,0.7805035181031823,7.97520179241357e-08,0.0018093761363094914,0.006184609464254643,1.5623661552013552e-06,2
0.0005959219198517154,0.046833130866085725,0.9503927655784125,6.840649008526169e-07,9.880273481278726e-05,0.002067676976543524,1.1017859392949541e-05,2
0.002081217984644115,0.3689091052134025,0.41843349941509067,7.407694221092218e-07,0.00013512437675120803,0.21041709257681943,2.3219663869992276e-05,2
0.005369353289198242,0.5406335078581297,0.3288894355537907,9.030113154762246e-07,0.0005297931457544674,0.12455541576456204,2.1591377249498462e-05,2
0.0011139987818957438,0.1310740500349434,0.2209726055057929,3.1199719642045867e-07,9.387383029306365e-05,0.6467398736341761,5.286215702498018e-06,5
0.001225584112356139,0.14420327551133208,0.16010343498132917,3.4324885560634116e-07,0.00010327684091127002,0.6943582695879235,5.815717292297215e-06,5
0.0016902036005356498,0.0951406875054504,0.12381402041658698,6.835609317275993e-07,0.00011645872396283441,0.7792272655866518,1.0680605880733877e-05,5
0.0012773521505440397,0.25799386112788886,0.7352827626504314,6.352715626578682e-08,0.00226398671306213,0.003180825202714383,1.148628203170024e-06,2
0.0018942096760531533,0.3925899993145118,0.5970224802148778,9.754816928603278e-08,0.003038684918365117,0.005452764569261979,1.7637587607535509e-06,2
0.0014575715433789579,0.25039634840993785,0.7397722831775062,7.506214198857491e-08,0.0016819266480532535,0.0066901377159309,1.657443050591357e-06,2
0.0010045519704567666,0.17388601456034358,0.8196363632893056,5.3522069978702995e-08,0.0011212842343922716,0.004350550605532638,1.1818178990011743e-06,2
0.0003260685369164556,0.025008908499921247,0.9697082267882527,2.5459559483207944e-08,9.952338836114472e-05,0.004852076570457969,5.170756531140235e-06,2
0.0014380446024023145,0.16920155859326746,0.13163722478180373,4.0275258067480104e-07,0.00012118034342016451,0.6975938394182903,7.749508235335087e-06,5
0.0009794501877022721,0.12112923060560336,0.15399638110240205,3.889339198915262e-07,0.00017819945271027704,0.7237050667527293,1.128296493292422e-05,5
0.0032260420363552627,0.23335939704636854,0.17528630817378232,6.399731269328777e-07,0.0001925553479296547,0.5879139202979828,2.1137124454446126e-05,5
0.004916323649579407,0.3391575099312733,0.24516698808581167,1.4126191730360896e-06,0.00022902555428399077,0.410482083970719,4.665618915953679e-05,5
0.0016959531963641158,0.031131278573065933,0.09128137605289782,1.2665358028924643e-06,0.00012211066285772084,0.8757653065332707,2.708445740842943e-06,5
0.004741812606467578,0.089985373010463,0.21338686148411704,3.7524988927673893e-06,0.0004001171319138785,0.6914750471427656,7.036125380136489e-06,5
0.0010943329053494301,0.18222614342095525,0.811158290817211,5.8305557166422586e-08,0.0012406002466447458,0.004279520087293968,1.054216988443467e-06,2
0.001408995732569973,0.17511180764832537,0.5601569940637303,3.6524262280051706e-07,0.00029914200441359386,0.26301975221399454,2.9430943432677786e-06,2
0.0014068532446259417,0.33887109669915066,0.08484930821711545,4.543677633098056e-07,0.00018395354523775473,0.5746795912714534,8.74265465348619e-06,5
0.0011610668772120047,0.1148555924730454,0.09233654669289093,5.221064601574383e-07,8.959267818906546e-05,0.7915390536747299,1.762549747262004e-05,5
0.0014556422793232046,0.0990608017293673,0.08029371472285889,6.390444561209332e-07,0.00012274708936843825,0.8190626508798042,3.8042548217955165e-06,5
0.0053974548315561905,0.6725670991722714,0.3104747518302055,1.531924243083266e-07,0.007015178897027792,0.004542592219505369,2.7698570094392685e-06,2
0.003431396050326727,0.6141767090096965,0.3698542329385467,1.2881350517171918e-07,0.007828598454360467,0.0047066056693706865,2.329064193750309e-06,2
0.0030117398156477124,0.5247858288555963,0.46189031754696025,1.1206025989070927e-07,0.006215502295111703,0.004094473275994362,2.0261504296919482e-06,2
0.002565169139091047,0.41525229355994386,0.5728697814598015,8.866525395022162e-08,0.006133447951972791,0.003177616076285997,1.6031476507835732e-06,2
0.0008035563707649835,0.19542172987339945,0.8003330810214975,3.98373087911165e-08,0.001712691705137758,0.0017281808974678506,7.202944237646145e-07,2
0.0008031181509626613,0.17411773213093573,0.8220546048384176,4.2589546679844936e-08,0.0011029207078503886,0.0019208115249230797,7.700573636890833e-07,2
0.0004887049874737302,0.02645862013909527,0.9679246817727472,2.178443008165525e-08,0.0003177512463077979,0.00480848919893456,1.7308710112670921e-06,2
0.0004576167611023344,0.02188266295876078,0.9715547842350252,1.8342613366208084e-08,0.000203706306693723,0.005897161695919771,4.049699884718875e-06,2
0.0011332050497138881,0.318648122436945,0.6555709450474025,3.8738850943355606e-07,0.00018978778550729917,0.024452699627535827,4.85266438586322e-06,2
0.0064487988123369455,0.5723861491520624,0.35024580712348236,2.4281061875154063e-07,0.0008296869130823655,0.07007206166553254,1.7253522884781618e-05,2
0.006758803084698079,0.6866797398997945,0.23407961234353114,2.3462784661597882e-07,0.005218434648537252,0.06725142192255373,1.175347303871203e-05,2
0.00625085134138226,0.31228767129308993,0.13842867835126393,1.0517275003543671e-07,0.0006052547365182874,0.5424208105878946,6.628517100890745e-06,5
0.0012233207778789956,0.07693953993812205,0.09322027630546491,9.827809288793593e-08,8.15627579755511e-05,0.8285267967575367,8.405184928992052e-06,5
0.001071410816116734,0.1164250963716286,0.07474760725650381,5.526387660974477e-07,0.00011135236180697208,0.8076338196586058,1.0160896572043783e-05,5
0.001128306290364073,0.12096949968965515,0.060464979108130444,5.588029030768707e-07,0.000120371800242272,0.8172954227418576,2.0861566847248914e-05,5
0.0015995645374013252,0.0939506490470973,0.0905942884320628,6.724947774563097e-07,0.00013252886564154182,0.8137182932372219,4.003385797757905e-06,5
0.001552505034729711,0.027467602146826604,0.041494651445210355,1.321748631287514e-06,0.00011477003221498705,0.9293669160136205,2.233578766437616e-06,5
0.0022918136188819563,0.03852317847704736,0.09018153627351079,1.465597092263133e-06,0.00017769913103181617,0.8688212947027333,3.012199702437905e-06,5
0.003006254162751107,0.5226590898336346,0.46503250738612717,1.1317594365295433e-07,0.005483884609899696,0.003816104508646651,2.0463229969917017e-06,2
0.00118333033873411,0.18736015070507547,0.8072632845317302,3.930014059579748e-08,0.0027186000841419103,0.0014738844582388214,7.105819389745219e-07,2
0.000838249378009548,0.18080228659499592,0.814532961045669,3.6565133218692786e-08,0.002492338525421873,0.0013334667602282171,6.611305422194555e-07,2
0.0008844387336790581,0.19432478918303545,0.8008058410164941,4.434316927201108e-08,0.0018784713713010676,0.00210561358788171,8.017644396150202e-07,2
0.0006873634125387103,0.13352885251778226,0.8620618268456501,3.98480108846713e-08,0.0008414739668145223,0.002879722921276385,7.204879272552908e-07,2
0.000614739131933799,0.02963077462122886,0.9610820481380103,2.4640535873244557e-08,0.0003290511343832474,0.008340281176538823,3.0811573690125417e-06,2
0.00028809440404064157,0.02259355204806679,0.9713137073992159,1.8428542127516025e-08,0.0001169119842637145,0.005683198266542264,4.517469328357105e-06,2
0.0013218123926378945,0.23319898371777015,0.7373578959764312,2.958294645898561e-07,0.00014493155477020826,0.02797237478889455,3.7057400313790235e-06,2
0.0009826898397026485,0.18959739472449164,0.560223694380629,3.450819370723521e-07,0.00015962371745746072,0.24903371148855122,2.5407672310338793e-06,2
0.0043435459058645005,0.46020485875627976,0.47036212041828923,1.8640126576029655e-07,0.0011490115117674773,0.06392703179295453,1.324521357872917e-05,2
0.00392223163622367,0.07199863334903872,0.8857715845166609,6.485057790912704e-08,0.002395291564272761,0.03590523507615516,6.95900707060454e-06,2
0.007953085796141287,0.36304034848867023,0.14960872816847687,1.3381343736499508e-07,0.0007928342009562055,0.4785964359346647,8.433597653422425e-06,5
0.0020368720579927576,0.31588684874968653,0.10500488019993802,1.7186790440435014e-07,0.000987070464554888,0.5760732903378856,1.086632203780766e-05,5
0.0012034019332771721,0.15608323452413744,0.04987258199257942,9.163519864398424e-08,0.00011443997250407473,0.7927193207385556,6.9292037477815385e-06,5
0.0016846743220368407,0.1500885149524382,0.07419751836791692,3.905741699639274e-07,0.0002469202339487476,0.7737694525953789,1.25289541103467e-05,5
0.0027453721805752265,0.39468922949742813,0.1510426665982536,1.3568881295292267e-06,0.00023025139137933357,0.45126514049749034,2.598294674374475e-05,5
0.0013712108740896128,0.07508660404748659,0.033858544705777344,5.589467943117749e-07,9.837957751413203e-05,0.8895813744178016,3.327430536358991e-06,5
0.0016914620384137693,0.08705001504080864,0.052994570989927804,6.23395310476278e-07,0.0001256125005953959,0.8581340049400538,3.7110948902673827e-06,5
0.0013386207134992235,0.2594271390662116,0.7336170298353947,5.442023179727012e-08,0.0037645373400751045,0.0018516346577812923,9.839668063193224e-07,2
0.0017573504185717554,0.2593047182644876,0.7332708440613307,5.439455149092049e-08,0.0037627608964811506,0.0019032884620941162,9.835024832506836e-07,2
0.000600186366572046,0.12248052777392338,0.8736667876422076,3.655094245077581e-08,0.000823056771682263,0.0024287396518627128,6.652428096083605e-07,2
0.00390094668928836,0.12265844673732988,0.5327233603742677,5.7171753914992056e-08,0.0002895261032957727,0.34042525444972316,2.4084743412737647e-06,2
0.007683291847753679,0.11518027740046823,0.7990983707867667,1.5658828610183663e-07,0.0020087552936402468,0.07602095508713952,8.192995945556817e-06,2
0.0029337717586213207,0.3793017746244534,0.08477411061440733,1.6773819631847198e-06,0.00023286624182445142,0.532726228727403,2.9570651327137064e-05,5
0.0013280430997837194,0.08858239445442052,0.028653222078540545,7.214759995627781e-07,8.091361613952376e-05,0.8813420965146066,1.2608760509502826e-05,5
0.002723407427454301,0.17877601310265598,0.09200813873888627,1.1566853819783124e-06,0.00030206585697623007,0.7261806329133197,8.585275325482417e-06,5
0.004374515593093145,0.5638921010303773,0.4137659611149724,1.2539489734137002e-07,0.013392700277976014,0.004572329335998655,2.2672526850926837e-06,2
0.0007349668318311987,0.12106830002700739,0.8749667141942321,3.6129501948819536e-08,0.0013090469020089277,0.0019202783430065614,6.575724119440125e-07,2
0.0007205192380283847,0.10534320430967818,0.8913933133582514,3.0241758227233895e-08,0.000622173445310048,0.0019198920779615563,8.673290120993881e-07,2
0.0057092421404250976,0.20366386669155495,0.7004581133808886,6.95879287098832e-08,0.00029803629351786497,0.08986419907738151,6.4728283032751036e-06,2
0.008130243219374332,0.34754024002333095,0.5903737893101008,1.1682244480628117e-07,0.002664757086347485,0.051279734556991856,1.111898140984985e-05,2
0.013118621969255334,0.475709545653306,0.42280289653353953,1.7098373960476188e-07,0.006620384117509475,0.08173365078892622,1.4729953723991374e-05,2
0.0021783018242774255,0.05111675080873252,0.8951180112516391,4.663648742335732e-08,0.000829999283347162,0.05074192711239545,1.4963083120914398e-05,2
0.017187006569209982,0.4219092526520333,0.11421086492231086,1.8702681865131963e-07,0.0022413925049656505,0.44442926661119864,2.2029713462801088e-05,5
0.011262276233332737,0.2622175988328357,0.06148365586075458,1.3657642327612596e-07,0.0019111689001822048,0.6631124115947793,1.275200169214736e-05,5
0.0034184581461515063,0.4587900219423433,0.06051531755227759,4.859808112348147e-07,0.0009099440820228134,0.4763473464904324,1.8425805961055423e-05,5
0.00223915566303588,0.38663738151597093,0.03716578325056641,3.511724792026782e-07,0.0003234251680298549,0.5736234969604549,1.040626946287422e-05,5
0.005060919383521922,0.33688047083986267,0.09170435820237155,2.7437864592543792e-06,0.0002633701825091092,0.5660401862577948,4.795134748060999e-05,5
0.006507874797856543,0.4771810844797464,0.1361018881604424,2.1307602283659044e-06,0.0003753166266950186,0.3797670684345584,6.463674047279583e-05,5
0.005177351361177498,0.6662403689732607,0.3085487717243971,1.5367380185606737e-07,0.015530329226045383,0.004499869589742237,3.155451575520361e-06,2
0.0007172819229087431,0.10047321339391468,0.8960211794647217,3.109286237148344e-08,0.0010503316215273088,0.0017373966006508203,5.659034141357053e-07,2
0.0006707802505242207,0.09457194677181063,0.9025383668132675,2.815410483065786e-08,0.0005792234786910025,0.0016391421148335234,5.124167680430789e-07,2
0.0005727194451010173,0.015023890943551084,0.9783062321171893,1.3815228356591684e-08,9.883651055750297e-05,0.005996665966177105,1.641202195759304e-06,2
0.0009221576674431496,0.021748260005464534,0.9661940941827861,1.937351302986381e-08,0.00016759250754702493,0.010956609531822002,1.1266731424121738e-05,2
0.0015755172838178833,0.03068845103615753,0.9370807599709844,2.5904200738027472e-08,0.00040074859391364394,0.030250957328620823,3.5398823049830033e-06,2
0.001056693224707443,0.10140493098287547,0.8081479238025036,1.9424826359952917e-65,0.0013549308837438937,0.08803331423220374,2.2068739659970987e-06,2
0.0026742283715813085,0.2734538986233382,0.6232013243454747,3.4744466137402573e-07,0.012015307603782208,0.08865105718163196,3.83642953026448e-06,2
0.003149778021773568,0.03989955512266001,0.9189544562077343,9.540701912884936e-08,0.0026516971918883717,0.03533768910339059,6.728945533796565e-06,2
0.003889430944248212,0.049269047940219315,0.8998373513977821,1.1781116317818526e-07,0.0033598102122070466,0.04363593261075551,8.309083624430273e-06,2
0.003131526829081211,0.04549387017156021,0.9152536815846527,1.2877492527522274e-07,0.004951715775485154,0.031165634689136534,3.4421751589351982e-06,2
0.020222325491270458,0.4023224259304938,0.18190055375257053,1.762046642968688e-07,0.0012903831097931002,0.3942455279449581,1.8607566249631243e-05,2
0.006573480491648952,0.2445381555249218,0.020010206358943242,1.5337279126899412e-07,0.0007934513388919815,0.7280786767743761,5.87613842665955e-06,5
0.002954649494391616,0.5324743299255617,0.03843031706893468,6.545939930628189e-07,0.00033297790859459695,0.4257943125074136,1.2758501110870983e-05,5
0.006379005817141366,0.4629910523392355,0.14076369957734103,1.8654588051343853e-06,0.00039062833720515834,0.3894110338458563,6.271462441539422e-05,5
0.004463959598574918,0.6153295519830476,0.3617038427665039,1.4193080463339608e-07,0.014343577738375192,0.004156011655230937,2.914327463016689e-06,2
0.0011253729013682818,0.16118245684918114,0.833975027042522,3.5555576445813234e-08,0.0026480705319725075,0.00106830704113344,7.300782459950986e-07,2
0.0009947974390978748,0.15527608399004467,0.8410858366320078,3.4252677260531534e-08,0.0016353750015958384,0.0010071693593311254,7.033252455663595e-07,2
0.0002628797603354235,0.046755325525219577,0.9520077008427107,1.0050620942085719e-08,0.0005825284900966213,0.000391348957208829,2.0637380805068059e-07,2
0.00022596161775992538,0.03562444287673556,0.9632776005718446,8.63913815452245e-09,0.0005320106782237537,0.00033979822508511546,1.773912128910454e-07,2
0.0007530757696522964,0.1317122993708826,0.8647629079011042,2.940165203789086e-08,0.0006048896697331666,0.0021660314794879915,7.664074876493707e-07,2
0.0007521356174937391,0.014300409171629029,0.9775061112510609,1.5544300550966146e-08,0.00021536001464607043,0.00722403522464707,1.9331762226216594e-06,2
0.0010634065050266223,0.102060471489247,0.8523765935024425,0.0,0.018684912076667174,0.025813158453639604,1.4579729770576484e-06,2
0.0020839492990794573,0.19111724247950668,0.7533055938934728,2.7199353190756466e-07,0.025210471498255692,0.028279467526176702,3.003309976686618e-06,2
0.006599320834891572,0.08491620510421419,0.8495138175292855,2.5628952500280574e-07,0.012700672576161526,0.046262930130662926,6.797535259397071e-06,2
0.02345172108727267,0.4898624289584919,0.22793167920456064,6.171967181212643e-07,0.020475288796208236,0.23827374193019393,4.522826554692286e-06,2
0.006340798155151917,0.5722083648274214,0.06013097693060986,2.2482140382384955e-06,0.0004762534681812672,0.36080206784968,3.92905549171838e-05,5
0.002210531303502878,0.27533482352960437,0.7148336691616812,6.238863581202937e-08,0.005815328273011955,0.0018043042903407175,1.2810532230602289e-06,2
0.0013383891673281157,0.18288215137382963,0.81151213824336,4.143961084296145e-08,0.0025488784707633732,0.0017175504074028911,8.508977050352751e-07,2
0.0010710853237863689,0.15154976900556277,0.8441715912578732,3.4339947358197556e-08,0.002232039675494447,0.0009747752801349621,7.05117200758787e-07,2
0.00019315441465486105,0.030452155899203092,0.9686846977433365,7.384827962827608e-09,0.0004273213854137377,0.00024247304616906512,1.9012639487331063e-07,2
0.000384534637811908,0.05918281489877752,0.9392094230497253,1.4498605199120513e-08,0.00047386875465938296,0.0007489708859786696,3.732744420148614e-07,2
0.0005023054613121652,0.07900378178909177,0.9186388508148452,2.133834356946409e-08,0.00045993983483716227,0.0013945513943601166,5.493672101573106e-07,2
0.0006058383773707177,0.10327954695803579,0.8911365542259723,2.305471331679198e-08,0.0009985791542475933,0.00397886467358133,5.935560787364668e-07,2
0.0009032368564385547,0.09542567532774948,0.8986341310804522,2.6170716774522826e-08,0.0011335440117453926,0.0039027043656088703,6.821872889080037e-07,2
0.001342191247575668,0.024614775921768254,0.9599862601431324,2.9193365862347577e-08,0.000480791374274061,0.013572955729634911,2.9963902491940035e-06,2
0.0005892224695673683,0.050109227225277185,0.9269323879370246,7.358731568719484e-08,0.009022392314439995,0.013345883926761335,8.125396137583437e-07,2
0.03318194307479083,0.4973634457483632,0.14162397882515967,2.550011580113554e-07,0.010830990215798069,0.3169948558677639,4.531266966312439e-06,2
0.02517632675786641,0.5264913629756398,0.035945180171227525,1.881509452041729e-07,0.002218768810516175,0.4101476607270063,2.0512406798523147e-05,5
0.014506842746494669,0.5001434300963542,0.026327240740386622,4.980619579281895e-07,0.0018261846580373644,0.45718253919189994,1.3264504869358402e-05,5
0.0066368861700032466,0.5353793144399864,0.06711393721792973,1.5340228234355644e-06,0.0005155709501741676,0.39030982614158694,4.293105749611619e-05,5
0.002855046494042872,0.308109782158308,0.6813006457222609,6.73241612534502e-08,0.006161765366059955,0.0015713105386355006,1.382396531692228e-06,2
0.001408432170831929,0.19928157487493944,0.7948303310795979,4.5155587075905986e-08,0.002665873818200633,0.0018128157013681304,9.271994748699498e-07,2
0.001047732644426718,0.020328000095056756,0.9637078951356722,2.4545109103473704e-08,0.0004040578009195977,0.01450923721166129,3.0525671544314344e-06,2
0.0005442352855000893,0.04654420311574469,0.9292339953918619,6.796891807539406e-08,0.007016553284327669,0.016660194451500222,7.505021473444409e-07,2
0.0012139775309729997,0.11085727825500315,0.8713305311657813,1.6611584633254442e-07,0.007269282804036924,0.009321553259562063,7.210868797185535e-06,2
0.021061583304114825,0.5842005811924293,0.16979634942636035,2.3222440138611767e-07,0.016935675687431817,0.20800137518584713,4.202979415147521e-06,2
0.029183494773737776,0.5585749001626965,0.13063620171339796,2.3359164315841186e-07,0.00817778491667112,0.27342318221555634,4.202626297248398e-06,2
0.027717132209305544,0.4676401036685894,0.112798395568723,2.124553785198646e-07,0.006196295657431854,0.38564191148870974,5.948951862095585e-06,2
0.012015693554333164,0.30063923729406716,0.010881328327628928,2.696463631873002e-07,0.0013374532736085071,0.6751194943074615,6.523596537635255e-06,5
0.011656399935053137,0.2916894885349055,0.014047027866476299,2.2431080437625154e-07,0.0012768300398657984,0.6813189331123425,1.1096200552293458e-05,5
0.015091219480016502,0.34583711252319405,0.018627107398499484,2.889054143492592e-07,0.0006024197206486907,0.6198340023526091,7.849619617792859e-06,5
0.014269429428043746,0.5561365942714738,0.02645599306851655,9.601149146952013e-07,0.0006384932902594054,0.40248646035944524,1.2069467346622082e-05,5
0.0022274432977452026,0.3241908146287659,0.03540965844238926,2.00354725199447e-310,0.00039140680684089364,0.6377629709901887,1.770583406992329e-05,5
0.006965176998639228,0.7257155582356621,0.244039356387723,1.5847038680801677e-07,0.018763084588040928,0.004513411377589681,3.2539419581421294e-06,2
0.0021780718031682664,0.2604691966885983,0.7281631662022812,5.666047790811563e-08,0.007846084007740624,0.0013422612032893335,1.1634344444237557e-06,2
0.002393779642482514,0.23326803991752096,0.7563446794111537,5.0743346201576786e-08,0.006730999072068193,0.0012614092780446186,1.0419353838132332e-06,2
0.0011447176603720064,0.14702544050722074,0.8453396379041348,3.210511082943106e-08,0.005573023596904124,0.0009164889979353252,6.592283221044294e-07,2
0.0009927459406959271,0.10545157237340487,0.8845520747799538,2.9908725675341965e-08,0.0018833578902709112,0.007119449090610437,7.700163384348192e-07,2
0.0008461599876029238,0.01933146415133383,0.9690756883569328,1.662670903613548e-08,0.0006761296402262527,0.010068114043725568,2.427193469771797e-06,2
0.0002671609346899101,0.02620561773360872,0.9471980293982561,2.0688601399410885e-08,0.0073243996769035416,0.01900401731898087,7.542489592892152e-07,2
0.0016934766270733184,0.04803350591909178,0.9415612845241733,1.2745064594833155e-07,0.0016869247460942851,0.0070112877088749775,1.3393024046459059e-05,2
0.029534142788844,0.6470940588032622,0.21164927429099978,2.5692273192842096e-07,0.03337071574564968,0.07834698603595856,4.565412554048708e-06,2
0.018579583331022755,0.37715687207048315,0.01830072088568091,1.5720149470038272e-07,0.0031876200326543353,0.582769883728239,5.162750425100407e-06,5
0.0025121874409635733,0.39777223749460655,0.05772567667132382,2.05028336390834e-310,0.0007328627492417766,0.541252035597429,5.000046435350187e-06,5
0.0011847442280730717,0.1405097206880821,0.8505131988760279,2.900872348187632e-08,0.0069507467555430715,0.0008409647947078147,5.956488426078924e-07,2
0.0001933784640783133,0.03286882589930004,0.9662148045626288,7.331767121479413e-09,0.0003732543334990524,0.0003495406484119904,1.8876031477973804e-07,2
0.00015663796488908952,0.03063708982030497,0.9686212409745829,5.963498427281348e-09,0.0003786214576040418,0.00020625028562430022,1.5353349631418194e-07,2
0.0006297949463815157,0.09274501394448469,0.8987150398507405,2.0951378232515244e-08,0.0022499947256415655,0.005659596176795479,5.394045780113275e-07,2
0.00042768860594354416,0.009422395274917887,0.9855312227195566,9.420015321780116e-09,0.001570330673335311,0.0030451882923992956,3.165013832174985e-06,2
0.00042367430749084585,0.042296978446028206,0.9347221792940213,5.975353208000507e-08,0.00749210879572662,0.015064339614058841,6.597891419680179e-07,2
0.0024749200387032782,0.05148421696898852,0.9390119975734218,1.2284930240007966e-07,0.0041329718330269695,0.0028835882665759795,1.2182469981072441e-05,2
0.003945130133762716,0.05008129122598701,0.9309394795675836,5.1427132178411255e-08,0.009101271171762095,0.005928978716331467,3.7977574408875627e-06,2
0.00524431991381809,0.0582295706141202,0.9175937891394901,6.366461030825164e-08,0.009555946204563355,0.009371606536008404,4.7039273893652306e-06,2
0.02850053345802044,0.6244476437073013,0.19572017802328265,2.4793118154144963e-07,0.026718148819282174,0.12460884242457478,4.405636357100604e-06,2
0.03416920755538845,0.6282689546066209,0.14592679146246218,2.637523107349356e-07,0.011574330270945407,0.1800557655808777,4.68677139445997e-06,2
0.019389773334476786,0.3478532564810653,0.030472389776958275,9.457059397708e-311,0.0009556889574784031,0.6013141307367271,1.4760713294030897e-05,5
0.014952136379359585,0.38941662744968153,0.035241567701206934,1.0217313538528e-310,0.0006945755718242194,0.5596799693426404,1.5123555287263656e-05,5
0.000492323413329149,0.06377270777708532,0.932012237116545,1.3708712432601056e-08,0.0031507393944002326,0.0005716256517028517,3.529382250046892e-07,2
0.00014930945695125041,0.03519194054960395,0.9641830168459743,5.88618210526978e-09,0.0002726073619746037,0.00020296835636816633,1.515429457363054e-07,2
0.0004050553256591137,0.07295050254820327,0.9247295507917365,1.3241838228151473e-08,0.0007307112956895263,0.001183629585082657,5.372117906712116e-07,2
0.00041383744742209093,0.011376542835902692,0.9828934622395147,8.245720014163335e-09,0.0006464095883599154,0.0046689757519719705,7.638911088323654e-07,2
0.00020723461950664093,0.020111725949066073,0.9649399291028927,1.5768130198863412e-08,0.003667807831175162,0.011072175071740475,1.1116574888917606e-06,2
0.0009697326280059043,0.1129658799164001,0.874791777580143,1.4988180215106156e-07,0.005356619108565785,0.005909338123532441,6.502761550720581e-06,2
0.004775398974837121,0.050698324968917435,0.9314633420351729,5.329635784285526e-08,0.005300115946963226,0.007758828982948139,3.9357948031735346e-06,2
0.009323235980804945,0.08553241434370658,0.874349773746223,9.138478596024035e-08,0.00909262637090932,0.021695106111544245,6.752062025799256e-06,2
0.023871879423575892,0.5657542605580801,0.0499921244783463,2.2225269480156806e-07,0.005777287708170092,0.35459846799260464,5.7575865283355995e-06,5
0.014262005227494065,0.2630554367691804,0.04023218930329681,5.7849519038206e-311,0.00195700439870168,0.6804789048777465,1.4459423580491205e-05,5
0.005679968128341499,0.2613599495521882,0.7144427551773442,5.7071688530907e-08,0.014636328076395451,0.003879770116029666,1.1718780125003303e-06,2
0.0014514061613950815,0.1275430557118201,0.86159529399122,2.5770328056469368e-08,0.00870352505955243,0.0007061641522354257,5.291534489634431e-07,2
0.002348985172999431,0.09467682714243392,0.8971927760881656,1.9312446567163806e-08,0.005132745462968269,0.0006481496115911706,4.97209394786278e-07,2
0.00038186515351068984,0.013126981617001186,0.981256721117568,7.74422890532929e-09,0.00046036124511623976,0.004772946541391481,1.1165811836737017e-06,2
0.0003676355191155806,0.008306733519749535,0.9862678731301087,1.1133478253172197e-08,0.00046688243625611414,0.0045896322494656805,1.232011826118212e-06,2
0.0005722797645175151,0.07655875478047565,0.9072339466725791,1.2589847514562157e-07,0.0013787916333248163,0.014254489471199039,1.6117794285969002e-06,2
0.0037648365032007533,0.050859243275169434,0.9329741359462992,5.3752637219962543e-08,0.0033430944456100476,0.009054666587257275,3.969489826133817e-06,2
0.012190064135747107,0.315987648415108,0.10428509318274176,1.8430443101024143e-07,0.0013153217572406852,0.5662110476097961,1.0640594935217301e-05,5
0.0002744397573439879,0.027624468156913266,0.9492931004098752,3.2179197587773056e-08,0.001771527002620859,0.021035542637687733,8.898563614500625e-07,2
0.001740432013134553,0.044360846330469245,0.9492491114845802,7.577769906510054e-08,0.000675985608868672,0.003962952470863027,1.0596314384975044e-05,2
0.010867909000228052,0.1978880299039575,0.7655881409483061,1.912649643762987e-07,0.007968687717520117,0.01767290934987261,1.4131815151298048e-05,2
0.015623876810669556,0.3613019258769854,0.05149386010821348,1.3443945157924764e-07,0.002010630031805418,0.5695562557253445,1.3317007530081706e-05,5
0.0068414808416575506,0.11884056457144515,0.7429413525134583,2.0940704607328823e-07,0.002151835138790467,0.12921195970298052,1.2597824622138446e-05,5
0.0011057580787524194,0.07882082930910456,0.9160339905227157,1.4041542165078453e-08,0.0034670286383228677,0.0005716167812992024,7.626282630675752e-07,2
0.000493894215583847,0.010624875157705512,0.9844089086494786,1.0622191476514882e-08,0.0018665808365271762,0.0026021615876994047,3.568930814098476e-06,2
0.014487009352798763,0.6157678877347137,0.08538486222843532,2.2912553517733663e-07,0.005874064201907471,0.27848182620231565,4.121154293923181e-06,5
0.012545642463323039,0.18672327068103242,0.49742894455742603,3.2088673962684243e-07,0.005521801390964634,0.29774122285866156,3.879716185262476e-05,5
0.006759582248261688,0.11606371287677536,0.7590275936459852,1.8267430670752697e-07,0.003563194874242079,0.11457106565873633,1.4668021692750573e-05,2
0.0040324422037410984,0.06975895280115732,0.8798429338011404,8.831028361183321e-08,0.0012254187747764416,0.045133017067877645,7.1470410234890774e-06,2
0.00041954480496045863,0.039725033040976535,0.9134498721022108,1.6165011915957754e-07,0.0003536848247654969,0.04604704925372073,4.654323246735934e-06,2
0.0011641840905819254,0.07347623863527483,0.9202446540178354,1.326308292285159e-08,0.004866624748607662,0.00024788047567440527,4.047689431733788e-07,2
0.00013447449191197907,0.011639176355454332,0.9843101876906226,3.394582993108723e-09,0.00022898188602929682,0.003685795837813865,1.380343584918875e-06,2
0.00033658577746726323,0.009386752749149577,0.9822713549071349,6.458115825452206e-09,0.0002386712962049675,0.007765500565392799,1.128246534517865e-06,2
0.00021089016820318094,0.005510104630280979,0.9900089312667786,4.245801707252543e-09,0.0010736160015990528,0.003195027148135219,1.426539201168415e-06,2
6.19750267738067e-05,0.012676387766335702,0.9735397690438264,1.4898931497142512e-08,0.0006642830716403434,0.013056770627231429,7.995652609117442e-07,2
0.001646784905447957,0.04197393036820992,0.9543580407953673,6.847526892172672e-08,0.00033365976439301767,0.0016774895308818737,1.002616043078318e-05,2
0.004273519446276554,0.1047602546096617,0.8649102201276945,9.876108661319391e-08,0.010277778633801983,0.0157708313536401,7.297067838378993e-06,2
0.0037613404396856804,0.05343786469590493,0.8892402696050721,5.259859410876968e-08,0.0054722664020936205,0.048084319955627015,3.886303022548738e-06,2
0.0010262344726655907,0.019949516241589516,0.9689761243253512,2.5080006402607305e-08,0.0002629292746300327,0.009782448280497654,2.7223252596347326e-06,2
0.0009528360188769793,0.01944420241705783,0.9674023742765939,4.5512186788308104e-08,0.00023364211503421257,0.01196452887557395,2.3707846761948613e-06,2
0.00020925328199552384,0.010514552429446484,0.9763101066613181,4.4928561493103487e-08,0.00018857402920957264,0.01277525893252211,2.209736946598161e-06,2
0.0001769965659189156,0.01547187320246191,0.9783829414320252,4.4679814287773916e-09,0.001140524111575568,0.004824413481565925,3.246738470962144e-06,2
0.0001264106158339243,0.00902149157637197,0.9866099674649338,7.947721069855272e-09,0.0001453456064795018,0.004095672302192309,1.1044864673774988e-06,2
0.00021357205285741797,0.02497668094893755,0.9738393691498014,6.170713357170775e-08,9.503614429126161e-05,0.0008696546396078919,5.625357371115529e-06,2
0.0018191068519665934,0.03972304263131183,0.9470082404695302,4.1299905131584635e-08,0.007267121321691738,0.0041758673175758595,6.580108018477988e-06,2
0.001957873634386373,0.057339636429445305,0.9251888849638925,5.31172127425926e-08,0.004248342500818029,0.011248926906310793,1.6282447934296362e-05,2
0.0011979887016492156,0.02548396066385169,0.9634556503484701,4.013740948390053e-08,0.0006866866293116148,0.009170422100476609,5.2514188312923115e-06,2
0.003981881878863714,0.20296267379384975,0.7852510956510518,2.8252144524668844e-08,0.003610133168032112,0.00419290616672751,1.2810893305823734e-06,2
0.00015253654243222632,0.01331689262033631,0.9821214064092991,3.845664202264639e-09,0.0009222096985763098,0.0034825494203813583,4.401463310416722e-06,2
0.00026325596046241647,0.018708030599209845,0.9785316034025515,6.20771554618134e-09,0.001171289731844226,0.0012820424886358772,4.3771609580164684e-05,2
0.00018870997127403804,0.014120238858540302,0.9835331278952212,4.7874571327367136e-09,0.0009484027117639454,0.0012040029428023729,5.512832940919003e-06,2
0.00012030773136252746,0.007375281463962985,0.9911086311497369,2.8718252717808618e-09,0.0004407036015855589,0.0009528526587084766,2.2205228183198876e-06,2
7.725653166248385e-05,0.004926968274845802,0.9938862051193768,4.421559689828804e-09,0.00025523829950884944,0.0008528591238482434,1.4682291981055096e-06,2
7.289681816185068e-05,0.00481500036211591,0.9942373783481302,3.94150083162006e-09,0.00012108625869488605,0.0007522488967933797,1.3853746029112913e-06,2
0.00018572814950297244,0.004641909227404441,0.9927809095316951,3.789777921033665e-09,0.000893428419312009,0.0014967475617096463,1.2733205978136613e-06,2
0.00015134051095696922,0.04137435784259422,0.945442468193946,9.494811455596441e-08,0.0004509103797243569,0.01258014510046021,6.830242037944534e-07,2
0.0002142624223073443,0.02767837344560194,0.9712736876852208,5.20610491246629e-78,9.728333326999928e-05,0.0007306347411409306,5.758372459007662e-06,2
0.0017107371517256136,0.048846339597634986,0.9465560071512958,1.3256091238275152e-07,0.00028655403519552147,0.0025881449602920205,1.2084542943929767e-05,2
0.0016556869618037356,0.04179774472364873,0.9446053594447601,3.9895414280941136e-08,0.003294334183974817,0.008634605327060473,1.2229463337893163e-05,2
0.0017034384826691295,0.040272800438680624,0.9354049426324024,9.936304643589298e-08,0.0020859615798136245,0.020523626145413552,9.13135797458256e-06,2
0.0016230736907413609,0.04086662940782114,0.9488654707006368,7.54257359569633e-08,0.0020907762391553114,0.00654342190897449,1.0552626935101217e-05,2
0.001072501302991227,0.02148845024508876,0.9714734764411788,3.0002882938032406e-08,0.0003207606570355311,0.005640431340567227,4.350010255724944e-06,2
0.000222265105759208,0.011440405585036489,0.9825887743186636,4.3665721437431136e-08,0.0007582085400960367,0.004986239296918479,4.0634878047765475e-06,2
0.005968455804329217,0.23835863212502553,0.7492473011659319,3.191795882904748e-08,0.003824072932665993,0.002600040678070143,1.4653760186351921e-06,2
0.003460659970862971,0.18510892382836824,0.8071458679891761,2.5287136123810856e-08,0.0015730078665120006,0.0027103541076764505,1.160950267974946e-06,2
0.00013759882503634944,0.009172832341115468,0.9867850757124214,3.2954679183307618e-09,0.00030012432474310364,0.003598844357091125,5.52114412431338e-06,2
0.00017005184841491905,0.01168575027966376,0.9841846306886093,4.067566503353573e-09,0.000791846254527608,0.0031651676760106238,2.5491852074578957e-06,2
8.373610995984358e-05,0.004131209365973451,0.9945200968248769,1.7965547892995302e-08,5.400250215686754e-05,0.0012096105371223217,1.3266943626208377e-06,2
0.0002498870867617909,0.021726180072457427,0.975717126215402,7.366866688708108e-08,0.00012511904975551373,0.0021777426736055965,3.871233350566294e-06,2
0.00034856619805630386,0.03309949571875162,0.9627655395198969,1.0276004040650787e-07,0.00017452791195757573,0.0036073112800594346,4.456611237801463e-06,2
0.0016984076599199335,0.03724185438535617,0.956367990016612,1.0476550199468329e-07,0.00019232530923466812,0.0044897622042133645,9.555659162039322e-06,2
0.0015613063271963698,0.044233057837159036,0.9523142134214506,5.7995410746251216e-08,0.00010166196353309099,0.0017798043697568198,9.898085493554873e-06,2
0.0023581204627860434,0.06040219353132432,0.9294189858220497,1.4183342624579965e-07,0.0004472925369872907,0.0073591933912061204,1.4072422220378294e-05,2
0.0035814310146542964,0.06573442058757925,0.9220390797245926,6.786935963087945e-08,0.004305944885579286,0.00433013634536317,8.919572871875807e-06,2
0.0012202273778376502,0.026136239002170457,0.9653627450339699,4.391191771439425e-08,0.0010335709000729363,0.006241144218780964,6.029555250179461e-06,2
0.0011532317229502166,0.023105950949018492,0.9673239470728648,5.026326684062754e-08,0.0005571983376227487,0.007854944205580012,4.677448696863559e-06,2
0.005185702955834959,0.18696894816853923,0.8033038915791471,2.554122808064761e-08,0.0018650622842710503,0.002674544462034433,1.8250089451489288e-06,2
0.00010292740133887554,0.006134671087764692,0.9928430915761408,2.4600534373184885e-09,0.00019337173059507827,0.0007240098706702801,1.9258734369568358e-06,2
0.00018303803160292628,0.01060123343385939,0.9870609509653271,8.950135059095819e-09,0.0003364808733484961,0.001813744876647469,4.542869079544029e-06,2
0.00015961469637054332,0.007874759514255184,0.9894386906323164,3.424526734578507e-08,4.008933676602156e-05,0.002484282678972937,2.528896051748613e-06,2
0.0002004438051369823,0.027527821112450206,0.9348963710077324,1.988408337482199e-07,0.00016545538211345064,0.0372052023226562,4.50752907722976e-06,2
0.0016169642397901513,0.04505935108389277,0.9441969110122149,7.516096967451488e-08,0.002186532469688448,0.006929130102864155,1.1035930580227758e-05,2
0.0005613522633246048,0.03148627917617617,0.964000774256057,3.4443145280384306e-08,0.0007699954374951701,0.003172750234277702,8.814189524185417e-06,2
0.0007052383737392431,0.036136456567293355,0.9579664036546861,3.9483552487341486e-08,0.0007838355517091218,0.004399190085043547,8.836283976319659e-06,2
0.00016529534945032372,0.012147067416258324,0.9820883568287225,8.13763442704078e-08,9.952097163127833e-05,0.0054951499580545545,4.528099538612218e-06,2
0.016287095016728814,0.5819292483283527,0.38942345811137846,6.9953344998585e-08,0.0050762076442163375,0.0072789225379162065,4.998408062540956e-06,2
0.0002621348787282934,0.030087402274505633,0.968104346887974,8.091906384891636e-09,0.0002545596672411414,0.0012727341720108428,1.881402763369738e-05,2
0.00017494250541118226,0.012376131384648123,0.9861885523851338,4.922168290972804e-09,0.0002314370310579619,0.0010255521129311938,3.3796586494545516e-06,2
0.00031167402760789135,0.017357799252951354,0.9795441581415664,1.8511599003283095e-08,0.00048193642703749963,0.0022965018022715993,7.911836966490412e-06,2
0.00029081156287936175,0.013961806457285805,0.9826630680366125,1.65256210388602e-08,0.00016606805708472983,0.002912338547884282,5.890812632223361e-06,2
8.63233724071413e-05,0.008415423367786033,0.9876892804083125,4.735022159784715e-08,4.3956465390243064e-05,0.003761472383710342,3.4966521720834544e-06,2
0.0028846276801368846,0.0561666767344163,0.9356072510825633,1.6381589123115875e-07,0.0014846116972013804,0.0038394545602041643,1.721442958665328e-05,2
0.00027187111417797645,0.017709282738456126,0.9769934146622167,1.3194680626948871e-07,0.00015034269741690524,0.004867614802180456,7.342038745374001e-06,2
0.00013689095362776307,0.011391941596011389,0.9818054803290633,9.737271677261896e-08,4.694378645201606e-05,0.006616216252749888,2.4297093786299805e-06,2
0.002013919409633514,0.13280602802042346,0.8350584279570735,1.6864676282226218e-08,0.0018984586099541508,0.028209015106354415,1.4134031884818962e-05,2
0.00025320608280558684,0.018193892241331007,0.9805561891763644,0.0,0.0002533289269009183,0.0007384347599990866,4.9488125990595985e-06,2
0.00045099836249499933,0.020220284077249347,0.9734477816380627,9.744397920537337e-08,0.00016555262642726717,0.005710419351834608,4.866499951843162e-06,2
0.0002887374422711809,0.027602016375577253,0.9705232736000889,9.446334685024124e-08,0.00010943203248588286,0.0014674037377935322,9.042348436229797e-06,2
0.0002237938843055698,0.023131550034120534,0.9729993028814404,8.698405102187674e-08,0.00028991094703925127,0.0033482755462256567,7.079722817670155e-06,2
0.00019751959071601964,0.018116324729630325,0.9751739438541285,1.189600680444696e-07,5.445272334130641e-05,0.006450603105806262,7.037036309447009e-06,2
0.00019155632308792822,0.01666783751654099,0.9788198664440999,1.362570652021684e-07,9.928308610629091e-05,0.004217432588360603,3.887784739078789e-06,2
0.002298365209426502,0.16944514358567472,0.8096054754905249,2.8881625768415677e-08,0.0015865680476063017,0.016990344497895236,7.40742872464202e-05,2
0.00030582361340039156,0.025673479124721316,0.9719909491266427,8.604628640547147e-09,0.0006763924835088551,0.0013302121010963799,2.3134946001466448e-05,2
0.00023586506849216014,0.01668603676303252,0.9819364816515336,0.0,0.0004441216566226686,0.0006822513182376901,1.5243542081176948e-05,2
0.0003055390123351307,0.015128095075527538,0.9677723262459857,7.48328791774013e-08,0.0001964150409757645,0.016596519742052524,1.0300502437974126e-06,2
0.00037650234201721806,0.04668712957791035,0.8724552567657821,4.021622844380113e-07,0.0003889638090122712,0.08008587230043361,5.873042559884644e-06,2
0.0006077131052584363,0.05093840392822202,0.9402665868077371,2.639984921783808e-77,0.000135349107370961,0.00803955941967723,1.2387631734176154e-05,2
0.0002592292979810216,0.030220506113000905,0.9634956367722244,9.494394562551596e-08,0.000256985067612863,0.00575922913613321,8.318669101960026e-06,2
0.0002477187470477619,0.02806082198477672,0.9674484741378839,1.4188168481614395e-07,0.00022598422745171622,0.004008909725673754,7.949295481228116e-06,2
0.000270514415575727,0.018790659956448005,0.9766624424022595,1.1155683365042374e-07,0.0003272008359763646,0.0039410804784612685,7.990354445322076e-06,2
0.0002718939438016157,0.021351185611904733,0.9719030450959348,1.1212573420414857e-07,0.00024810139432191694,0.006217630725864488,8.031102438247782e-06,2
0.0011526882070160996,0.08121198582753111,0.9131143724816307,2.0139764504462973e-08,0.0013087910421380926,0.0031501454567278617,6.199684519178618e-05,2
0.00013908229873419928,0.011719404647182298,0.9834632158276503,6.838492005251541e-08,9.62659598317242e-05,0.004578157676032001,3.8052056493084924e-06,2
0.00018703572410759187,0.02629841561024558,0.8962935891600328,2.847139283512426e-07,0.00013574533035621658,0.07708224703388847,2.6824274411795386e-06,2
0.00017453129249335334,0.024535989103480618,0.8918371467289918,2.656791377320915e-07,0.00017342676491254107,0.08327697612660541,1.6643043784468561e-06,2
0.0005214772748688522,0.0295559667327962,0.9673000610143061,2.861916304047848e-07,0.00016541246589298268,0.002439289022426,1.7507298079365753e-05,2
0.00027495766304254436,0.018990227840787504,0.9765169387115978,1.4495698782144382e-07,0.0002508970175154958,0.00395871221262839,8.121597440533972e-06,2
0.000275446045584293,0.01484139259375186,0.982681607628164,5.951520194403105e-09,0.0002894089984966472,0.0019015560037217096,1.0582778761256255e-05,2
0.00023959161035393443,0.012909508807392828,0.9845767262670884,5.219395616997235e-09,0.0003152382596116012,0.0019556593687496595,3.270467407802295e-06,2
0.00032327688330051167,0.016678353916948246,0.9785459542782139,2.551973153991673e-08,0.00012615526776427787,0.004322477988323169,3.7561457182462002e-06,2
0.00023038772717782485,0.03232775378540472,0.9269359022818653,3.4998921271243727e-07,0.00020441917359102668,0.04029534260677753,5.844435970737917e-06,2
0.00017944954211757838,0.022067337588948542,0.9153127916966447,2.7316591159738544e-07,0.0002683321323363953,0.06217071638082785,1.0994932131002521e-06,2
0.0003264084277718538,0.06012634920527662,0.9090630544915618,4.158438784252393e-77,0.00019959570262115364,0.030282566184365128,2.0259884033847153e-06,2
0.0002895081868240149,0.020856057216623765,0.9762976092404906,1.4599850802127302e-07,0.00021454486130860216,0.002333583110831434,8.551385413687246e-06,2
0.00027860829451861686,0.02555439205453649,0.9713611961508025,1.7433312409452285e-07,9.354589634049773e-05,0.002703153468490667,8.92980218709994e-06,2
0.0002739301565735495,0.025554511634823678,0.9713657415788665,1.743339398762093e-07,9.354633408306372e-05,0.002703166117739665,8.929843973588456e-06,2
0.00030626199171737353,0.01609432565011513,0.9804661860263928,1.693395123704401e-07,0.00010144378665284426,0.0030216946971556506,9.918508453761035e-06,2
0.0003501192189973519,0.04060265885777933,0.9342332931437711,4.394111885688518e-07,0.0003132030776081842,0.024493133782959114,7.152507696560054e-06,2
0.000591978562991489,0.03756566223804482,0.959327827759498,1.0270608092733872e-08,0.0006492446310526382,0.0018472388033766345,1.803773442848262e-05,2
0.0003640330563699838,0.02876915349362986,0.9691268090220831,7.865606063867875e-09,0.00031149979619162806,0.00141468281157866,1.381395454077205e-05,2
0.00024965198879527253,0.01348140934787325,0.9841658084738728,5.394191990435633e-09,0.0002623073854506478,0.0018313438711805253,9.473538635805018e-06,2
0.00016640665705520058,0.021223837971411197,0.962322519154688,1.6279926171947317e-07,0.00014881126017971937,0.01613588469181433,2.377465589873435e-06,2
0.00017350251586002637,0.024395560224021316,0.9479653240249729,2.641130891172179e-07,0.00021398104382444253,0.027249075746745337,2.2923314868359314e-06,2
0.0001981730921263943,0.021837606813281212,0.9345788279062539,3.016677152026921e-07,0.00028582347116769697,0.04309805283643964,1.214213016321303e-06,2
0.0006305018189818087,0.07580596430890864,0.9121243976518766,6.097241010611367e-07,0.00026241608810874834,0.011165965408742864,1.0144999280322768e-05,2
0.00021234906380746056,0.017606006689659007,0.9805370755050143,1.3287284126290826e-07,0.00011503744245486055,0.00152161583383865,7.782592384336265e-06,2
0.0003285035309936569,0.020485500551125115,0.9765135995711781,1.623537226746167e-07,8.888091428791216e-05,0.0025750368930259533,8.316185666686842e-06,2
0.0002459345861158102,0.028096606810162666,0.927634926088431,3.615442472623667e-07,0.0003757214435817029,0.043644994311311906,1.455216149686725e-06,2
0.00023848596822727974,0.02724564521342885,0.9259083384709779,3.505941609398776e-07,0.00036434197268268387,0.04624159518694212,1.2425935804158737e-06,2
0.0004221987819331954,0.06998803353039704,0.8545194331067563,6.514095555202936e-07,0.0002581706088319877,0.07480920501346018,2.3075490657175033e-06,2
0.0002386877520946307,0.050454190566672635,0.9431387178332686,0.0,0.00011655162339787476,0.006046196311571579,5.655912994542271e-06,2
0.00021963869930701453,0.04578237689850444,0.9413462214517533,2.8532353689089483e-07,0.00021304538483277326,0.012433068702556468,5.363539508983265e-06,2
0.00019429844448969527,0.040500351916518025,0.9480143880404632,2.5240506144460013e-07,0.00018846581685887033,0.011097498641792864,4.744734816052474e-06,2
0.00027115648513887616,0.03933951869525336,0.9443601870331146,3.533722906856074e-07,0.00024538762048124924,0.01577764478263317,5.752011088092327e-06,2
0.00020586695046573408,0.034960463654761256,0.9565496188035437,2.932919255930953e-07,0.0002493907134014228,0.008029592531873252,4.77405402892883e-06,2
0.00017109694977478457,0.029815130552153218,0.9632227018828009,2.4304321579707934e-07,0.0002109921161269579,0.006575879324366949,3.956131561526976e-06,2
0.0005042267909622696,0.07889150288005492,0.8983760016703736,6.903879887913872e-07,0.0005175814983924368,0.021698758994192335,1.1237778035479567e-05,2
0.00023440354596660626,0.031682697047237564,0.9554424345843006,3.2094564502734646e-07,0.0002303039301879732,0.012404615759713952,5.224186948247987e-06,2
0.00031843832958885544,0.027277561195388433,0.9509113420081365,6.865928650406898e-07,0.0003249735413079724,0.021159216370332933,7.781962380285606e-06,2
0.0005510708238196066,0.08523767417094374,0.831043930583037,8.502459404568621e-07,0.0003369746578699612,0.08282648761257831,3.0119058108753963e-06,2
0.00022864973521922105,0.037223840686378455,0.9497171599079092,3.257498154856034e-07,0.00027216674477039944,0.01255255478916104,5.302386746232605e-06,2
0.0002956796862815497,0.03585335713065787,0.9444781801090585,3.861204596578893e-07,0.00032161988747529414,0.019046722284176632,4.0547818904170365e-06,2
